years
 1991 1992 1993 1994 1995 1996 1997 1998 1999 2000 2001 2002 2003 2004 2005 2006 2007 2008 2009 2010 2011 2012 2013 2014 2015 2016 2017 2018 2019
reclasobs
 0 0 0 0 0 0 0 0 0 252601 567819 844713 477998 351125 339783 2.1784e+06 2.13404e+06 4.81314e+06 1.55562e+06 2.62356e+06 3.21686e+06 3.843e+06 1.13348e+06 3.07943e+06 1.97215e+06 2.03268e+06 2.025e+06 2.42433e+06 2.27542e+06
reclaspred
 3.63272e+06 1.97977e+06 994679 1.11424e+06 1.20347e+06 2.41176e+06 1.58876e+06 1.51509e+06 1.24078e+06 989143 969262 1.07315e+06 749291 177870 694389 1.12917e+06 805301 1.68688e+06 1.83075e+06 1.65962e+06 3.02941e+06 2.61989e+06 1.96431e+06 2.90632e+06 2.25937e+06 1.9607e+06 2.35553e+06 2.19951e+06 1.62892e+06
pelacesobs
 0 0 0 0 0 0 0 0 0 0 0 0 0 0 0 552880 188675 0 991730 2.46772e+06 1.41603e+06 1.21717e+06 2.29649e+06 1.80582e+06 0 1.4828e+06 1.56532e+06 1.57751e+06 1.42118e+06
pelacespred
 2.68629e+06 1.58573e+06 771210 645233 778608 1.55256e+06 1.04362e+06 1.21283e+06 971929 742204 738285 667433 492866 73056.9 415077 571490 441615 942434 1.06419e+06 901245 1.78762e+06 1.63596e+06 1.36199e+06 2.0644e+06 1.60674e+06 1.42867e+06 1.8452e+06 1.57922e+06 1.1459e+06
mphobs
 0 0 0 0 0 0 0 0 0 0 0 0 498337 0 5186 125008 0 168611 109162 213762 579715 649985 157893 87575 83554 210694 70296 0 107559
mphpred
 961470 639174 305151 169418 205946 267109 443863 290932 277530 222884 159942 205106 189440 79367 10312.5 105476 185990 127733 225922 324017 445483 558019 114498 94005.3 134148 112421 93741.2 104159 120957
desembarqueobs
 494567 514787 250237 358949 120608 361735 552515 73892 212993 205616 52469 317467 293654 387597 252695 516296 358380 742168 942051 627588 828172 859565 418607 520667 417249 300574 415391 372974 316634
desembarquepred
 494570 513968 250639 358966 120611 361729 552491 73894.5 213014 205642 52471.7 317508 293826 388029 252652 516208 358368 741864 941371 627248 828229 859457 418610 520722 417201 300589 415390 372944 316622
Reclutas
 162745 95044.2 91400.4 155787 130271 272261 113775 53639.9 58930.2 73937.4 104498 123544 67336.7 31802.7 100218 249501 51224.1 319165 365227 281034 325705 474124 89355.3 226541 238389 85115.1 203902 185829 65375.9
log_desv_Rt
 0.202908 -0.334934 -0.374027 0.159213 -0.0196598 0.717484 -0.155056 -0.906982 -0.812922 -0.586057 -0.240109 -0.0726752 -0.679571 -1.42973 -0.28193 0.630186 -0.953065 0.876431 1.01124 0.749198 0.896717 1.27219 -0.396656 0.533651 0.584628 -0.445272 0.428362 0.335549 -0.709123
SSB
 1.87012e+06 1.24323e+06 593537 329529 400578 519542 863340 565879 539812 433523 311096 398943 350945 148956 19397.1 197927 361762 248448 456148 481104 678792 893983 906914 713623 953365 849035 666204 711721 859532
BT
 2.66339e+06 1.83237e+06 888684 904857 808737 1.83405e+06 1.4014e+06 1.17169e+06 1.08768e+06 870165 736436 889201 717733 464158 696823 1.01224e+06 684678 1.63844e+06 1.96627e+06 1.38455e+06 2.45449e+06 2.33187e+06 1.58002e+06 2.51189e+06 1.8431e+06 1.54787e+06 2.22843e+06 1.86067e+06 1.25545e+06
Ftot
 0.21942 0.407238 0.400615 0.547697 0.171865 0.267248 0.551421 0.0824843 0.289923 0.34565 0.0961199 0.493008 0.629668 2.58913 0.682079 0.805617 0.706455 0.776837 0.877877 0.650363 0.472983 0.561008 0.346451 0.316998 0.31283 0.253178 0.311427 0.299434 0.309323
BD_Bspro_t
 0.965595 0.763023 0.546822 0.445977 0.462423 0.576177 0.626778 0.47577 0.549449 0.546255 0.535449 0.678651 0.51995 0.266099 0.0522807 0.342055 0.36716 0.273053 0.347294 0.320662 0.343186 0.403313 0.432993 0.413781 0.523762 0.553013 0.550041 0.596142 0.623741
BD_Bspro
 1.9806 1.31668 0.628603 0.348997 0.424244 0.550236 0.914345 0.599311 0.571704 0.459135 0.329475 0.422512 0.371678 0.157757 0.020543 0.20962 0.383135 0.263126 0.483096 0.509527 0.718894 0.946799 0.960494 0.755783 1.00969 0.899195 0.705563 0.753768 0.910312
BD_Bo
 1.53483 1.02034 0.487125 0.27045 0.328761 0.426396 0.708557 0.464426 0.443032 0.355799 0.255321 0.327419 0.288026 0.122251 0.0159195 0.162442 0.296904 0.203905 0.374368 0.394849 0.557095 0.733706 0.744319 0.585682 0.782442 0.696816 0.546764 0.58412 0.705431
BD_Brms
 9.1885 6.1084 2.91624 1.61908 1.96817 2.55268 4.24187 2.78035 2.65227 2.13004 1.52852 1.96014 1.72431 0.731872 0.0953042 0.97248 1.77746 1.2207 2.2412 2.36382 3.33513 4.39243 4.45597 3.50626 4.6842 4.17159 3.27328 3.49692 4.22316
Sel_flota
 0.778885 0.985279 0.999214 0.999959 0.999998
 0.778885 0.985279 0.999214 0.999959 0.999998
 0.778885 0.985279 0.999214 0.999959 0.999998
 0.778885 0.985279 0.999214 0.999959 0.999998
 0.778885 0.985279 0.999214 0.999959 0.999998
 0.778885 0.985279 0.999214 0.999959 0.999998
 0.778885 0.985279 0.999214 0.999959 0.999998
 0.778885 0.985279 0.999214 0.999959 0.999998
 0.778885 0.985279 0.999214 0.999959 0.999998
 0.778885 0.985279 0.999214 0.999959 0.999998
 0.778885 0.985279 0.999214 0.999959 0.999998
 0.778885 0.985279 0.999214 0.999959 0.999998
 0.778885 0.985279 0.999214 0.999959 0.999998
 0.778885 0.985279 0.999214 0.999959 0.999998
 0.778885 0.985279 0.999214 0.999959 0.999998
 0.778885 0.985279 0.999214 0.999959 0.999998
 0.778885 0.985279 0.999214 0.999959 0.999998
 0.778885 0.985279 0.999214 0.999959 0.999998
 0.778885 0.985279 0.999214 0.999959 0.999998
 0.778885 0.985279 0.999214 0.999959 0.999998
 0.778885 0.985279 0.999214 0.999959 0.999998
 0.778885 0.985279 0.999214 0.999959 0.999998
 0.778885 0.985279 0.999214 0.999959 0.999998
 0.778885 0.985279 0.999214 0.999959 0.999998
 0.778885 0.985279 0.999214 0.999959 0.999998
 0.778885 0.985279 0.999214 0.999959 0.999998
 0.778885 0.985279 0.999214 0.999959 0.999998
 0.778885 0.985279 0.999214 0.999959 0.999998
 0.778885 0.985279 0.999214 0.999959 0.999998
Sel_reclas
 1 1 1 1 1
 1 1 1 1 1
 1 1 1 1 1
 1 1 1 1 1
 1 1 1 1 1
 1 1 1 1 1
 1 1 1 1 1
 1 1 1 1 1
 1 1 1 1 1
 1 1 1 1 1
 1 1 1 1 1
 1 1 1 1 1
 1 1 1 1 1
 1 1 1 1 1
 1 1 1 1 1
 1 1 1 1 1
 1 1 1 1 1
 1 1 1 1 1
 1 1 1 1 1
 1 1 1 1 1
 1 1 1 1 1
 1 1 1 1 1
 1 1 1 1 1
 1 1 1 1 1
 1 1 1 1 1
 1 1 1 1 1
 1 1 1 1 1
 1 1 1 1 1
 1 1 1 1 1
Sel_pelaces
 0.717516 0.927447 0.984694 0.996921 0.999387
 0.717516 0.927447 0.984694 0.996921 0.999387
 0.717516 0.927447 0.984694 0.996921 0.999387
 0.717516 0.927447 0.984694 0.996921 0.999387
 0.717516 0.927447 0.984694 0.996921 0.999387
 0.717516 0.927447 0.984694 0.996921 0.999387
 0.717516 0.927447 0.984694 0.996921 0.999387
 0.717516 0.927447 0.984694 0.996921 0.999387
 0.717516 0.927447 0.984694 0.996921 0.999387
 0.717516 0.927447 0.984694 0.996921 0.999387
 0.717516 0.927447 0.984694 0.996921 0.999387
 0.717516 0.927447 0.984694 0.996921 0.999387
 0.717516 0.927447 0.984694 0.996921 0.999387
 0.717516 0.927447 0.984694 0.996921 0.999387
 0.717516 0.927447 0.984694 0.996921 0.999387
 0.717516 0.927447 0.984694 0.996921 0.999387
 0.717516 0.927447 0.984694 0.996921 0.999387
 0.717516 0.927447 0.984694 0.996921 0.999387
 0.717516 0.927447 0.984694 0.996921 0.999387
 0.717516 0.927447 0.984694 0.996921 0.999387
 0.717516 0.927447 0.984694 0.996921 0.999387
 0.717516 0.927447 0.984694 0.996921 0.999387
 0.717516 0.927447 0.984694 0.996921 0.999387
 0.717516 0.927447 0.984694 0.996921 0.999387
 0.717516 0.927447 0.984694 0.996921 0.999387
 0.717516 0.927447 0.984694 0.996921 0.999387
 0.717516 0.927447 0.984694 0.996921 0.999387
 0.717516 0.927447 0.984694 0.996921 0.999387
 0.717516 0.927447 0.984694 0.996921 0.999387
pf_obs 
 0.8446 0.082 0.0669 0.0065 0
 0.8095 0.147 0.0364 0.0071 0
 0.9664 0.0169 0.016 0.0007 0
 0.9276 0.0648 0.0075 0.0001 0
 0.7033 0.2144 0.0806 0.0017 0
 0.9318 0.0425 0.0243 0.0014 0
 0.5671 0.3108 0.0964 0.0239 0.0018
 0.0768 0.2599 0.5324 0.112 0.0189
 0.490249 0.384438 0.106611 0.0170017 0.00170017
 0.7925 0.1577 0.0466 0.003 0.0002
 0.840416 0.127587 0.0312969 0.00059994 9.999e-05
 0.8084 0.0986 0.0794 0.0134 0.0002
 0.7335 0.1905 0.0724 0.0035 0.0001
 0.4001 0.4547 0.1325 0.0127 0
 0.49795 0.308269 0.164784 0.0264974 0.00249975
 0.9179 0.0499 0.0305 0.0017 0
 0.2467 0.6533 0.0926 0.0074 0
 0.9418 0.0223 0.034 0.0019 0
 0.707729 0.231977 0.0356964 0.0245975 0
 0.517169 0.277429 0.184464 0.0207286 0.00020938
 0.811772 0.124168 0.05621 0.00726502 0.000585176
 0.764997 0.148141 0.077277 0.00933861 0.000247198
 0.163321 0.427699 0.378323 0.0303852 0.000271297
 0.753843 0.0900009 0.118128 0.0371064 0.000921714
 0.721811 0.176058 0.0630433 0.0369309 0.00215725
 0.143369 0.312575 0.442814 0.0836902 0.0175525
 0.692698 0.0596174 0.167031 0.0765114 0.00414204
 0.394062 0.376323 0.152708 0.0712218 0.00568511
 0.125707 0.32114 0.495352 0.0537591 0.00404204
pf_pred 
 0.512478 0.139266 0.325694 0.0225609 8.52908e-07
 0.470318 0.305706 0.064683 0.148981 0.010312
 0.613095 0.209179 0.103334 0.0214976 0.052894
 0.779709 0.149257 0.0387086 0.0188019 0.0135232
 0.697762 0.249838 0.0357152 0.00909616 0.00758862
 0.796787 0.151806 0.0426052 0.00600104 0.0028012
 0.491125 0.42532 0.0626669 0.0173139 0.00357402
 0.46947 0.299489 0.193683 0.028025 0.00933209
 0.577 0.223806 0.113141 0.072148 0.0139052
 0.689984 0.198527 0.0594383 0.0295756 0.0224756
 0.749051 0.186893 0.0412649 0.0121553 0.0106352
 0.692583 0.243248 0.0479665 0.0104411 0.00576213
 0.575468 0.318737 0.0840245 0.0162778 0.00549339
 0.554008 0.290021 0.117669 0.0304264 0.00787543
 0.974049 0.0181693 0.00513268 0.0019998 0.000649524
 0.904621 0.0935674 0.00127571 0.000353406 0.000182225
 0.447731 0.513384 0.0381615 0.000509637 0.000213741
 0.928432 0.037719 0.0315091 0.00229634 4.34823e-05
 0.82 0.170608 0.00499794 0.00409053 0.000303427
 0.748738 0.217355 0.0321742 0.000922582 0.000810165
 0.77498 0.180579 0.038542 0.00559699 0.000301112
 0.795064 0.16828 0.0295192 0.00619093 0.000946516
 0.351184 0.544611 0.0858468 0.0147862 0.00357166
 0.752218 0.102721 0.122083 0.0189322 0.00404499
 0.70359 0.236933 0.0248915 0.0291118 0.00547438
 0.430328 0.430489 0.111621 0.0115403 0.0160212
 0.760736 0.118277 0.0917761 0.0234302 0.00578048
 0.673485 0.263279 0.0315163 0.0240663 0.00765328
 0.416312 0.425224 0.128177 0.0151013 0.0151857
pobs_RECLAS
 0 0 0 0 0
 0 0 0 0 0
 0 0 0 0 0
 0 0 0 0 0
 0 0 0 0 0
 0 0 0 0 0
 0 0 0 0 0
 0 0 0 0 0
 0 0 0 0 0
 0 0 0 0 0
 0.991045 0.00858322 0.000360255 1.14367e-05 0
 0.934742 0.0480273 0.0164251 0.00080598 0
 0.827803 0.169806 0.00239088 0 0
 0.941827 0.0461693 0.0120037 0 0
 0.791401 0.0380133 0.147996 0.0225897 0
 0.846168 0.0940531 0.0597789 0 0
 0.134021 0.677848 0.182769 0.00536245 0
 0.80878 0.0450904 0.141981 0.00414843 0
 0.846168 0.0940531 0.0597789 0 0
 0.905697 0.0802665 0.012482 0.00150086 5.37128e-05
 0.989698 0.0102097 9.19794e-05 0 0
 0.975433 0.0193895 0.00387452 0.00125025 5.28907e-05
 0.303575 0.632131 0.0575291 0.00676475 0
 0.966965 0.00978017 0.0227588 0.000495775 0
 0.843318 0.132988 0.00938335 0.0141283 0.000182051
 0.564624 0.303363 0.111486 0.0197234 0.00080311
 0.826376 0.0876187 0.0782897 0.00655872 0.00115652
 0.89761 0.0855135 0.0140674 0.00269457 0.000114338
 0.34875 0.467042 0.161289 0.0227151 0.000203297
ppred_RECLAS
 0.574356 0.122844 0.283196 0.0196022 7.41024e-07
 0.532915 0.271314 0.0565691 0.130191 0.00901107
 0.670693 0.179266 0.0872666 0.0181409 0.044633
 0.820162 0.122451 0.031284 0.0151835 0.0109202
 0.746031 0.210463 0.02966 0.00754828 0.00629703
 0.833494 0.124841 0.0345355 0.00486068 0.00226881
 0.553702 0.373944 0.0542769 0.0149839 0.00309293
 0.530081 0.266921 0.170196 0.024608 0.00819394
 0.636123 0.193866 0.0965977 0.0615513 0.0118624
 0.74039 0.167139 0.0493172 0.0245206 0.0186334
 0.791509 0.155843 0.0339253 0.0099858 0.00873668
 0.743106 0.203907 0.0396154 0.00861646 0.00475498
 0.636282 0.274119 0.0711735 0.0137771 0.00464927
 0.642269 0.234518 0.0929843 0.0240141 0.00621529
 0.979826 0.0141902 0.00394771 0.00153686 0.000499142
 0.924676 0.0739159 0.000992137 0.000274621 0.000141595
 0.511298 0.454782 0.0332895 0.000444211 0.000186293
 0.944106 0.0296757 0.0244071 0.00177729 3.36524e-05
 0.855416 0.137155 0.00395476 0.00323403 0.000239882
 0.793462 0.179033 0.0261009 0.000747827 0.000656677
 0.815447 0.148539 0.031237 0.0045326 0.000243839
 0.833049 0.137459 0.0237532 0.00497769 0.000760994
 0.408816 0.497402 0.0772712 0.0132988 0.00321225
 0.795902 0.0853373 0.0999615 0.0154897 0.00330934
 0.751976 0.198848 0.0205895 0.0240619 0.00452458
 0.490822 0.386139 0.09869 0.0101955 0.0141538
 0.803108 0.0980542 0.0749888 0.0191298 0.00471931
 0.724772 0.222561 0.026259 0.0200363 0.00637147
 0.476937 0.382569 0.113659 0.0133806 0.0134548
pobs_PELACES
 0 0 0 0 0
 0 0 0 0 0
 0 0 0 0 0
 0 0 0 0 0
 0 0 0 0 0
 0 0 0 0 0
 0 0 0 0 0
 0 0 0 0 0
 0 0 0 0 0
 0 0 0 0 0
 0 0 0 0 0
 0 0 0 0 0
 0 0 0 0 0
 0 0 0 0 0
 0 0 0 0 0
 0 0 0 0 0
 0.505614 0.472636 0.0217494 0 0
 0 0 0 0 0
 0.443492 0.261883 0.143347 0.151278 0
 0.227955 0.32914 0.350689 0.0885471 0.00366901
 0.970185 0.0296113 0.000203453 0 0
 0.997202 0.00247181 0.000326279 0 0
 0.445219 0.490057 0.0546422 0.010081 0
 0.90214 0.0892962 0.00764917 0.000914606 0
 0 0 0 0 0
 0.581667 0.319106 0.0959925 0.00289975 0.000334073
 0.762889 0.0836404 0.116647 0.0363945 0.000428098
 0.88444 0.0763242 0.0277011 0.0115352 0
 0.521256 0.241999 0.230069 0.00667565 0
ppred_PELACES
 0.503782 0.137209 0.335498 0.0235095 8.90928e-07
 0.468636 0.299958 0.0662777 0.154414 0.010714
 0.611194 0.205475 0.106004 0.0223074 0.0550196
 0.782012 0.145389 0.0393379 0.0193269 0.0139345
 0.694549 0.25032 0.0374248 0.00964224 0.00806376
 0.795201 0.151176 0.0443476 0.00631878 0.00295668
 0.496623 0.417546 0.0641835 0.0179364 0.00371149
 0.460672 0.29816 0.201773 0.0295353 0.00985895
 0.572301 0.221038 0.116779 0.0753293 0.0145536
 0.688138 0.196122 0.0613435 0.0308761 0.0235209
 0.744089 0.188136 0.0434637 0.012952 0.0113598
 0.695559 0.238555 0.0490963 0.0108099 0.00598013
 0.581876 0.310422 0.0853269 0.0167193 0.00565606
 0.619416 0.245083 0.10195 0.0266396 0.00691165
 0.974773 0.0174191 0.00512899 0.00202119 0.000658061
 0.909267 0.0889339 0.00126271 0.000353785 0.000182861
 0.458253 0.502105 0.0388956 0.000525371 0.000220873
 0.930593 0.0358607 0.0312029 0.00229992 4.36555e-05
 0.828867 0.161812 0.00493374 0.00408381 0.000303661
 0.755047 0.210669 0.0325115 0.000942915 0.000830027
 0.777215 0.177196 0.0394774 0.00579877 0.000312724
 0.798693 0.163962 0.0300044 0.00636489 0.000975471
 0.351657 0.540144 0.0889487 0.0154974 0.00375254
 0.74842 0.101509 0.12606 0.0197749 0.0042353
 0.702754 0.235138 0.0258128 0.0305384 0.0057566
 0.427682 0.427473 0.115863 0.0121176 0.0168635
 0.757502 0.117037 0.0948946 0.0245065 0.00606068
 0.67244 0.261519 0.0327149 0.0252704 0.00805574
 0.414677 0.420986 0.132603 0.0158035 0.0159304
pobs_pel_tallas
 0 0 0 0 0 0 0 0 0 0 0 0 0 0 0 0 0 0 0 0 0 0 0 0 0 0
 0 0 0 0 0 0 0 0 0 0 0 0 0 0 0 0 0 0 0 0 0 0 0 0 0 0
 0 0 0 0 0 0 0 0 0 0 0 0 0 0 0 0 0 0 0 0 0 0 0 0 0 0
 0 0 0 0 0 0 0 0 0 0 0 0 0 0 0 0 0 0 0 0 0 0 0 0 0 0
 0 0 0 0 0 0 0 0 0 0 0 0 0 0 0 0 0 0 0 0 0 0 0 0 0 0
 0 0 0 0 0 0 0 0 0 0 0 0 0 0 0 0 0 0 0 0 0 0 0 0 0 0
 0 0 0 0 0 0 0 0 0 0 0 0 0 0 0 0 0 0 0 0 0 0 0 0 0 0
 0 0 0 0 0 0 0 0 0 0 0 0 0 0 0 0 0 0 0 0 0 0 0 0 0 0
 0 0 0 0 0 0 0 0 0 0 0 0 0 0 0 0 0 0 0 0 0 0 0 0 0 0
 0 0 0 0 0 0 0 0 0 0 0 0 0 0 0 0 0 0 0 0 0 0 0 0 0 0
 0 0 0 0 0 0 0 0 0 0 0 0 0 0 0 0 0 0 0 0 0 0 0 0 0 0
 0 0 0 0 0 0 0 0 0 0 0 0 0 0 0 0 0 0 0 0 0 0 0 0 0 0
 0.00862536 0 0 0.000197151 0.00414017 0.0128641 0.00837892 0.0270097 0.101434 0.158115 0.152841 0.127902 0.109271 0.109419 0.0830992 0.0579132 0.0238553 0.00714673 0.00463305 0.00128148 0.00103504 0.000492878 0.000147863 0.000147863 4.92878e-05 0
 0 0 0 0 0 0 0 0 0 0 0 0 0 0 0 0 0 0 0 0 0 0 0 0 0 0
 0 0 0 0 0 0 0 0.0054083 0.00873648 0.0413646 0.0450493 0.0745869 0.0622846 0.0627006 0.0613931 0.0827291 0.12552 0.122667 0.0946155 0.0697135 0.0546179 0.0294188 0.0215738 0.0213955 0.0102223 0.00600262
 0 0 0 0 0.00359764 0.0251062 0.0480494 0.140153 0.205849 0.193036 0.1447 0.116669 0.0760912 0.0342217 0.00950174 0.001854 0.000860785 0 0 0 0.000165536 0 0.000143464 0 0 0
 0 0 0 0 0 0 0 0.000145254 0.000435761 0.0275982 0.070085 0.0708112 0.156366 0.174668 0.174014 0.160142 0.0824315 0.0480064 0.0283245 0.00493863 0.00203355 0 0 0 0 0
 0 0 0 0 0 0 0 0 0 0 0 0 0 0 0 0 0 0 0 0 0 0 0 0 0 0
 0 0 1.00437e-05 0.000401748 0.00122533 0.00171747 0.00176769 0.0269171 0.070346 0.194647 0.189555 0.159765 0.064822 0.0314167 0.0384472 0.0292271 0.0345202 0.0313363 0.0194345 0.0106764 0.0143323 0.0359363 0.0279516 0.0138201 0.00172751 0
 0 0.0021121 0.0136068 0.0755702 0.200478 0.177729 0.0527432 0.0373336 0.0318909 0.0142505 0.0149659 0.0166563 0.0217959 0.0798694 0.0677717 0.0528807 0.04013 0.0224614 0.0357745 0.0225083 0.00881397 0.00855152 0.00135912 0.000746735 0 0
 0 0 0 0 5.4009e-05 0.00500934 0.000945158 0.0243581 0.138947 0.33067 0.221406 0.137944 0.0707744 0.0437923 0.0131692 0.00525238 0.0047753 0.00276346 9.45158e-05 9.00151e-06 2.25038e-05 9.00151e-06 4.50075e-06 0 0 0
 0.000866109 0.00284123 0.00948549 0.0512746 0.133035 0.25785 0.225252 0.132002 0.0553304 0.0519788 0.0540692 0.017754 0.00435017 0.00159236 0.00146478 0.000404838 0.000125132 0.000115318 0.000107957 0.000100596 0 0 0 0 0 0
 0 0 0 0 0.00144013 0.00171154 0.00461396 0.0210425 0.0478622 0.0707936 0.0888783 0.103762 0.0637923 0.0337046 0.0602308 0.124433 0.169614 0.0934646 0.0462172 0.0250306 0.0313229 0.00938855 0.002487 0.000210481 0 0
 0 0.00764035 0.051015 0.0998891 0.058973 0.0496711 0.0374665 0.0718981 0.12319 0.153886 0.159021 0.0857701 0.0377988 0.023471 0.0147837 0.00900784 0.00315554 0.000888139 0.00291439 0.00214683 0.00393193 0.00274676 0.000635225 9.99891e-05 0 0
 0 0 0 0 0 0 0 0 0 0 0 0 0 0 0 0 0 0 0 0 0 0 0 0 0 0
 0 0 0 0 0 0 0 0 0 0 0 0 0 0 0 0 0 0 0 0 0 0 0 0 0 0
 0 0 0 0 0 0 0 0 0 0 0 0 0 0 0 0 0 0 0 0 0 0 0 0 0 0
 0 0 0 0 0 0 0 0 0 0 0 0 0 0 0 0 0 0 0 0 0 0 0 0 0 0
 0 0 0 0 0 0 0 0 0 0 0 0 0 0 0 0 0 0 0 0 0 0 0 0 0 0
ppred_pel_tallas
 1.12075e-16 4.14959e-05 0.000403355 0.00268044 0.0121849 0.0379118 0.0807755 0.117897 0.117911 0.0808428 0.038139 0.0128477 0.00436781 0.00416527 0.0074152 0.0127894 0.0198049 0.0277827 0.03595 0.0437798 0.0509966 0.0571709 0.0613517 0.0622487 0.0589469 0.0515953
 1.19288e-16 3.8601e-05 0.000375216 0.00249344 0.0113348 0.035267 0.0751412 0.109677 0.109706 0.075283 0.0357433 0.0127117 0.00595478 0.00794925 0.0144784 0.0240281 0.0349939 0.0448758 0.0512177 0.053061 0.0515674 0.0491806 0.0479618 0.0483888 0.0493718 0.0491997
 1.1466e-16 5.03432e-05 0.000489354 0.00325193 0.0147828 0.045995 0.0979979 0.143035 0.143055 0.0980953 0.0463227 0.0157313 0.00563941 0.00572392 0.0100592 0.0167293 0.0245217 0.0317544 0.0367571 0.0388092 0.038546 0.0374187 0.0366502 0.0365273 0.0364649 0.0355923
 1.05469e-16 6.44133e-05 0.00062612 0.00416079 0.0189144 0.0588496 0.125386 0.183007 0.183021 0.125455 0.0590803 0.0195811 0.00583637 0.00429031 0.0070425 0.0115921 0.0168163 0.021416 0.0241199 0.024366 0.0226314 0.0200764 0.0177938 0.0162525 0.0152671 0.0143534
 1.03476e-16 5.72091e-05 0.000556093 0.00369544 0.0167989 0.0522678 0.111363 0.162543 0.162567 0.111481 0.0526638 0.0179426 0.00656647 0.00682447 0.0119647 0.0196968 0.0283866 0.0357372 0.0394477 0.0384626 0.0335957 0.0269667 0.0207181 0.0160135 0.0128947 0.0107894
 1.02453e-16 6.54997e-05 0.00063668 0.00423096 0.0192334 0.0598422 0.127501 0.186094 0.186109 0.127572 0.060082 0.0199265 0.00597256 0.00444437 0.00731387 0.0120316 0.0174279 0.0221289 0.0247728 0.0247202 0.0224076 0.0190022 0.0156534 0.0129398 0.0108381 0.00905442
 1.04386e-16 4.09063e-05 0.000397624 0.00264235 0.0120118 0.0373733 0.0796292 0.11623 0.11627 0.0798259 0.0380337 0.0139196 0.00743163 0.0108542 0.0199045 0.0328535 0.0473512 0.0596054 0.0657712 0.0640696 0.0558332 0.0445708 0.0338404 0.0255924 0.0199411 0.0160071
 1.1053e-16 3.7945e-05 0.000368839 0.00245107 0.0111422 0.0346677 0.0738643 0.107813 0.107842 0.0740061 0.0351445 0.0125227 0.00592849 0.00800084 0.014652 0.0244748 0.0359813 0.0467679 0.0543606 0.0575524 0.0569735 0.0543596 0.051179 0.0477984 0.0437163 0.0383939
 1.13444e-16 4.71397e-05 0.000458215 0.003045 0.0138421 0.0430681 0.091762 0.133934 0.133955 0.0918669 0.043421 0.0148634 0.00561662 0.00609904 0.0108403 0.0180602 0.0265216 0.0344464 0.040063 0.0426034 0.0427177 0.0418746 0.0412423 0.0409675 0.040315 0.0383692
 1.08898e-16 5.6681e-05 0.00055096 0.00366132 0.0166439 0.0517853 0.110335 0.161041 0.16106 0.110427 0.0520968 0.0175444 0.00592524 0.00550437 0.00949781 0.0157024 0.0228321 0.0291846 0.0330759 0.0337696 0.0319093 0.0290277 0.0265318 0.0249646 0.0239876 0.0228849
 1.04524e-16 6.12896e-05 0.000595757 0.00395902 0.0179971 0.0559958 0.119306 0.174134 0.174152 0.119394 0.056294 0.0188587 0.00612311 0.00532512 0.00905848 0.0149191 0.0215824 0.0273485 0.030529 0.0303556 0.0274266 0.0232681 0.0193743 0.0164823 0.014506 0.0129534
 1.03574e-16 5.72923e-05 0.000556901 0.00370081 0.0168233 0.0523438 0.111525 0.162779 0.162802 0.111637 0.0527216 0.0179148 0.00644174 0.00654454 0.0114411 0.018856 0.0272327 0.0344048 0.0381994 0.0376109 0.0333818 0.0274615 0.0217992 0.0174216 0.014332 0.0120118
 1.05176e-16 4.79284e-05 0.000465882 0.00309595 0.0140737 0.0437888 0.0932978 0.136177 0.136207 0.0934444 0.0442811 0.0154965 0.00667038 0.00827962 0.0149191 0.0246707 0.0357266 0.0453289 0.0506845 0.0504873 0.0456522 0.0386043 0.0317318 0.0262371 0.0220621 0.018569
 1.06846e-16 5.10205e-05 0.000495937 0.00329568 0.0149817 0.0466137 0.0993164 0.14496 0.144984 0.0994324 0.0470036 0.0161093 0.00613146 0.00670455 0.0118956 0.0197249 0.0287376 0.0368286 0.0418718 0.0428725 0.0404999 0.0365 0.0324957 0.0291526 0.0262165 0.0231245
 1.00467e-16 8.02907e-05 0.000780455 0.00518639 0.0235766 0.0733556 0.156292 0.228113 0.228115 0.1563 0.0733832 0.0236565 0.00538721 0.00121963 0.00091671 0.00139462 0.00201588 0.00256611 0.00288699 0.00290807 0.00268251 0.00234538 0.00202565 0.00178179 0.00159926 0.0014319
 1.00126e-16 7.48951e-05 0.000728007 0.00483786 0.0219922 0.068426 0.145789 0.212785 0.212794 0.145831 0.0685663 0.0223971 0.00585317 0.00294143 0.00426975 0.00691707 0.00990265 0.0123383 0.0133753 0.0126251 0.0103933 0.00748836 0.00475897 0.00271398 0.00144048 0.000760153
 1.01341e-16 3.77458e-05 0.000366903 0.0024382 0.0110837 0.0344859 0.0734775 0.107253 0.107301 0.0737137 0.0352787 0.0133729 0.00818156 0.0128953 0.0238038 0.0392191 0.0563182 0.0704487 0.0768851 0.0734313 0.0617347 0.046198 0.0314065 0.0200583 0.0125778 0.00803242
 1.01148e-16 7.66517e-05 0.000745082 0.00495133 0.022508 0.0700309 0.149208 0.217775 0.217778 0.149225 0.0700884 0.0226748 0.00537186 0.00166954 0.00185115 0.00298785 0.00440997 0.00578048 0.0068034 0.0073286 0.00741067 0.00722128 0.00689453 0.0064444 0.00580912 0.00495553
 1.00645e-16 6.82727e-05 0.000663635 0.00441009 0.0200476 0.0623757 0.132899 0.193973 0.193988 0.132975 0.062631 0.0207846 0.00625865 0.00469453 0.00771037 0.012604 0.0180687 0.0225521 0.0245244 0.0232861 0.0193927 0.0143022 0.00953231 0.00597473 0.00375521 0.00252885
 1.01228e-16 6.21922e-05 0.000604531 0.00401732 0.0182622 0.0568205 0.121063 0.176699 0.176719 0.121162 0.0571537 0.0192245 0.00643295 0.00587797 0.0100776 0.0165617 0.0238499 0.0299842 0.0330053 0.0319962 0.0276129 0.0216227 0.0158407 0.0112981 0.00811995 0.00593197
 1.0182e-16 6.40182e-05 0.00062228 0.00413527 0.0187983 0.0584887 0.124617 0.181886 0.181903 0.124701 0.0587694 0.0196093 0.00617184 0.00507156 0.00852398 0.0140163 0.0202441 0.0255791 0.0283994 0.027944 0.0247435 0.020223 0.0158164 0.0122935 0.00969263 0.00768673
 1.01712e-16 6.57873e-05 0.000639476 0.00424954 0.0193178 0.060105 0.128061 0.186912 0.186927 0.128138 0.0603645 0.0200675 0.00613183 0.00475022 0.00787779 0.0129323 0.0186529 0.0235178 0.0260193 0.0254565 0.022339 0.0180196 0.0138656 0.0106198 0.00832296 0.00664741
 1.04895e-16 2.89657e-05 0.000281557 0.00187105 0.00850553 0.0264641 0.0563866 0.0823088 0.0823609 0.0566411 0.0273187 0.0109739 0.00806788 0.0138121 0.0257339 0.0425179 0.061292 0.0771692 0.0851697 0.082974 0.0722767 0.0575847 0.0434814 0.0325008 0.0248402 0.0194386
 1.06364e-16 6.16464e-05 0.000599225 0.00398206 0.0181019 0.0563217 0.12 0.175145 0.175155 0.120049 0.056486 0.0185786 0.00518734 0.00325903 0.00519719 0.00871406 0.0130595 0.0174937 0.0212752 0.0240197 0.025825 0.0269957 0.0276281 0.0274557 0.0260775 0.0233324
 1.04842e-16 5.78849e-05 0.000562662 0.00373909 0.0169974 0.0528853 0.112678 0.164462 0.164485 0.112789 0.053257 0.0180712 0.00643457 0.00644712 0.0112346 0.018486 0.0266394 0.0335435 0.0370601 0.0362381 0.0318947 0.0260661 0.0207718 0.0170465 0.0148041 0.0133477
 1.07522e-16 3.52277e-05 0.000342426 0.00227554 0.0103443 0.0321852 0.0685755 0.100097 0.100138 0.0687773 0.032863 0.0123031 0.0071967 0.0110993 0.0205054 0.0339505 0.0491525 0.0623305 0.0696323 0.0692571 0.0624734 0.0526447 0.0430982 0.0355314 0.0298921 0.0252995
 1.06252e-16 6.23944e-05 0.000606496 0.00403038 0.0183215 0.0570051 0.121456 0.177271 0.177282 0.121512 0.0571929 0.0188656 0.00540228 0.00362234 0.00585179 0.00973742 0.0144011 0.0189092 0.0223384 0.0242483 0.0248759 0.0248284 0.0245457 0.0240021 0.0228477 0.0207843
 1.04909e-16 5.53881e-05 0.000538392 0.0035778 0.0162642 0.0506041 0.107818 0.157369 0.157394 0.107941 0.0510176 0.0174587 0.0065764 0.00708493 0.0124906 0.0205686 0.0296443 0.0373297 0.0412397 0.0403022 0.0354065 0.0287996 0.0227233 0.0183476 0.0156212 0.0138257
 1.08216e-16 3.41565e-05 0.000332013 0.00220635 0.0100298 0.0312065 0.0664903 0.0970531 0.0970938 0.0666892 0.0318747 0.011961 0.00705973 0.0109455 0.0202454 0.0335574 0.0486681 0.061892 0.069469 0.0696334 0.0635956 0.0545742 0.0457136 0.0385586 0.032984 0.0281326
pSPR Fmed_Fpbrs
0.547155   0.217039 0.217039
Fs Fmed_Fpbrs
0.34   1.005 1.005
SSBpbr Bo_Bmed_Bpbrs
1.21845e+06  605758  203528 203528
Ro
132857
SPR SPRFo_SPRFmed_SPRFpbrs
944217 516633 204932
Fref
1.005
Nvult_r0
 54381.6 46742.1 13947.3 1642.35 1651.47
CTP_r0
 23877.8 23256 6988.32 823.204 827.796
YTP_r0
804081
Np
 195702 32911.2 2583.18 1979.06 665.206
Nvult_p0
 162791 28413.3 2235.05 1712.55 575.629
CTP_p0
 71477.9 8118.87 6366.35 1888.25 282.291
 71477.9 14136.7 1119.87 858.391 288.532
YTP_p0
 902946 849641
CBA_c0
833740
log_Ro
11.617
likeval ReclasPelacesDesembMPH_pf_preclas_ppelaces_ptallas_desvR_qrecl_qpela
 0.000335947 12.507 0.0392371 17.4016 207.42 108.872 94.4737 0 18.3254 1.16929e-05 5.81382e-05 0.140438 0 0 0
q_reclas_q_pelaces
1.62188 2.93972
M
1
N
 162745 35605.4 82207.6 5690.68 0.215127
 95044.2 50465.1 10551.9 24288.4 1681.11
 91400.4 25461.1 12429.1 2584.13 6357.92
 155787 24611.6 6311.87 3064.05 2203.74
 130271 37408.4 5278.18 1343.35 1120.67
 272261 41919.6 11618.1 1635.34 763.329
 113775 81337.3 11851.3 3272.4 675.484
 53639.9 27241.1 17379.7 2512.94 836.756
 58930.2 18505.1 9239.21 5887.79 1134.72
 73937.4 17297.1 5116.1 2544.06 1933.26
 104498 20780.1 4526.62 1332.44 1165.77
 123544 35669.7 6953.83 1512.75 834.819
 67336.7 30957.2 8073.21 1563.1 527.497
 31802.7 15169.2 6123.94 1583.09 409.754
 100218 1557.24 435.286 169.502 55.0516
 249501 21673.4 292.549 81.0009 41.7649
 51224.1 49007.8 3605.02 48.1175 20.1798
 319165 10869.5 8988.3 654.704 12.3968
 365227 64112.6 1859.97 1521.5 112.859
 281034 67813 9931.25 284.613 249.925
 325705 62297.1 13144 1907.58 102.622
 474124 82896.5 14380.8 3014.26 460.828
 89355.3 112675 17546.3 3020.21 729.519
 226541 25097.7 29463.6 4566.13 975.55
 238389 65106.3 6756.08 7896.41 1484.84
 85115.1 68734.1 17598.2 1818.22 2524.13
 203902 25708.1 19703.5 5026.97 1240.16
 185829 58854.7 6958.51 5310.11 1688.61
 65375.9 54141.5 16119.8 1897.93 1908.47
pred_Ctot
 16388.2 4453.51 10415.2 721.462 0.0272746
 16756.2 10891.5 2304.49 5307.82 367.391
 15884 5419.39 2677.16 556.958 1370.37
 35398.6 6776.25 1757.36 853.602 613.95
 10430.7 3734.78 533.899 135.977 113.441
 32894.5 6267.15 1758.91 247.747 115.645
 25999.2 22515.6 3317.46 916.561 189.201
 2121 1353.05 875.034 126.613 42.1611
 7669.55 2974.86 1503.88 959 184.829
 11275.5 3244.26 971.321 483.315 367.289
 4794.01 1196.14 264.1 77.7953 68.0666
 25688.8 9022.37 1779.14 387.273 213.725
 17166.1 9507.84 2506.43 485.562 163.867
 20219.2 10584.7 4294.48 1110.45 287.424
 27250.5 508.313 143.595 55.9474 18.1714
 77301 7995.45 109.011 30.199 15.5713
 14323.5 16423.9 1220.84 16.304 6.83787
 96147.8 3906.15 3263.06 237.807 4.503
 120778 25128.9 736.147 602.495 44.6918
 73546.9 21350.3 3160.41 90.6232 79.5808
 65368.8 15231.7 3250.98 472.1 25.3985
 109912 23263.4 4080.81 855.852 130.849
 13654.9 21175.9 3337.94 574.923 138.875
 31966.4 4365.25 5188.08 804.547 171.897
 33238.9 11193.1 1175.92 1375.3 258.62
 9785.23 9788.89 2538.16 262.415 364.307
 28315.1 4402.35 3415.97 872.09 215.153
 24904.4 9735.66 1165.43 889.933 283.007
 9023.09 9216.25 2778.08 327.304 329.132
F
 0.170903 0.21619 0.219248 0.219411 0.21942
 0.317192 0.401243 0.406918 0.407221 0.407237
 0.312033 0.394718 0.400301 0.400599 0.400614
 0.426593 0.539634 0.547266 0.547674 0.547695
 0.133863 0.169335 0.17173 0.171858 0.171865
 0.208155 0.263314 0.267038 0.267237 0.267247
 0.429494 0.543303 0.550988 0.551398 0.55142
 0.0642458 0.08127 0.0824195 0.0824809 0.0824841
 0.225817 0.285655 0.289695 0.289911 0.289922
 0.269222 0.340561 0.345378 0.345636 0.345649
 0.0748663 0.0947048 0.0960443 0.0961159 0.0961196
 0.383996 0.48575 0.49262 0.492987 0.493007
 0.490439 0.620399 0.629173 0.629642 0.629667
 2.01664 2.55102 2.5871 2.58903 2.58913
 0.531261 0.672038 0.681543 0.682051 0.682077
 0.627483 0.793757 0.804984 0.805584 0.805615
 0.550248 0.696055 0.7059 0.706426 0.706454
 0.605067 0.765401 0.776227 0.776805 0.776835
 0.683766 0.864954 0.877188 0.877841 0.877875
 0.506558 0.640789 0.649852 0.650336 0.650362
 0.3684 0.46602 0.472612 0.472964 0.472982
 0.436961 0.552749 0.560567 0.560985 0.561007
 0.269845 0.341351 0.346179 0.346436 0.34645
 0.246905 0.312332 0.316749 0.316985 0.316998
 0.243658 0.308224 0.312584 0.312817 0.312829
 0.197197 0.249451 0.252979 0.253167 0.253177
 0.242566 0.306842 0.311182 0.311414 0.311426
 0.233225 0.295026 0.299199 0.299422 0.299434
 0.240927 0.304769 0.30908 0.30931 0.309322
YTP_r0W_actual
 124164 476748 151647 23872.9 27648.4
YTP_p0W_proyectada
 538943 141674 153238 59139.9 9950.77
 538943 246686 26955.4 26884.8 10170.7
CTP_r0_actual
 23877.8 23256 6988.32 823.204 827.796
CTP_p0_proyectada
 71477.9 8118.87 6366.35 1888.25 282.291
 71477.9 14136.7 1119.87 858.391 288.532
Wmedp
 7.54 17.45 24.07 31.32 35.25
Frms_r0
 0.78278 0.990205 1.00421 1.00496 1.005
Zrms_r0
 1.78278 1.99021 2.00421 2.00496 2.005
nmprior
 7.29 8.9 8.7 0
nm_flota  nm_reclas  nm_pelaces    nm_pelaL
inf 11.1748 12.213 15.6857
cv_recla  cv_pelaces  cv_mph
0.579609 0.433133 0.361264
 ------------------------------------------------
Talla a la edad & desviaci?n 
 8 13.2811 15.8009 17.003 17.5766
 0.8 1.32811 1.58009 1.7003 1.75766
