years
 1991 1992 1993 1994 1995 1996 1997 1998 1999 2000 2001 2002 2003 2004 2005 2006 2007 2008 2009 2010 2011 2012 2013 2014 2015 2016 2017 2018 2019
reclasobs
 0 0 0 0 0 0 0 0 0 252601 567819 844713 477998 351125 339783 2.1784e+06 2.13404e+06 4.81314e+06 1.55562e+06 2.62356e+06 3.21686e+06 3.843e+06 1.13348e+06 3.07943e+06 1.97215e+06 2.03268e+06 2.025e+06 2.42433e+06 2.27542e+06
reclaspred
 4.24135e+06 2.27347e+06 1.11988e+06 1.35184e+06 1.59405e+06 3.53388e+06 2.37006e+06 2.1376e+06 1.65864e+06 1.23733e+06 1.27706e+06 1.63014e+06 1.2606e+06 227638 770622 1.22601e+06 835846 1.9195e+06 2.24925e+06 1.89321e+06 3.28412e+06 2.22837e+06 1.22159e+06 1.7272e+06 1.3868e+06 1.12174e+06 1.80345e+06 1.61582e+06 954562
pelacesobs
 0 0 0 0 0 0 0 0 0 0 0 0 0 0 0 552880 188675 0 991730 2.46772e+06 1.41603e+06 1.21717e+06 2.29649e+06 1.80582e+06 0 1.4828e+06 1.56532e+06 1.57751e+06 1.42118e+06
pelacespred
 6.6177e+06 3.53623e+06 1.61066e+06 1.10153e+06 1.6718e+06 3.27549e+06 2.84788e+06 3.34498e+06 2.63635e+06 1.69974e+06 1.6716e+06 1.60362e+06 1.39978e+06 119457 427126 640760 569867 1.09953e+06 1.41819e+06 1.29997e+06 2.40647e+06 1.77585e+06 1.15153e+06 1.32915e+06 1.09431e+06 1.03135e+06 1.54078e+06 1.42276e+06 953754
mphobs
 0 0 0 0 0 0 0 0 0 0 0 0 498337 0 5186 125008 0 168611 109162 213762 579715 649985 157893 87575 83554 210694 70296 0 107559
mphpred
 927467 635262 285879 165086 237486 347421 647153 376905 359040 265222 178593 272570 275815 112111 9495.61 109219 171628 104103 231876 260373 320834 365237 230904 126488 215318 186654 137131 248376 245050
desembarqueobs
 494567 514787 250237 358949 120608 361735 552515 73892 212993 205616 52469 317467 293654 387597 252695 516296 358380 742168 942051 627588 828172 859565 418607 520667 417249 300574 415391 372974 316634
desembarquepred
 494560 514328 250450 358948 120609 361716 552459 73894.7 213020 205650 52471.8 317498 293767 387875 252634 516183 358331 741691 941214 627138 828337 859520 418534 520712 417070 300554 415326 372919 316545
Reclutas
 148868 91958.9 83637.7 134126 105839 239485 92560.8 40005.4 43929.1 55599.1 83879.7 120625 73137 32501.8 75060.8 195070 50426.5 265181 324361 221468 246311 292821 52099.8 121797 147818 45481.9 136573 99573.3 40698.9
log_desv_Rt
 0.373504 -0.108212 -0.203059 0.269225 0.0323678 0.848935 -0.101688 -0.940539 -0.846977 -0.611386 -0.20017 0.163131 -0.337219 -1.14826 -0.311256 0.643806 -0.709036 0.950859 1.1523 0.770723 0.877042 1.05001 -0.676392 0.172802 0.366429 -0.81224 0.287308 -0.0286596 -0.923352
SSB
 927467 635262 285879 165086 237486 347421 647153 376905 359040 265222 178593 272570 261646 107256 9112.6 104315 171628 104103 242726 271245 345050 425752 289693 148166 228334 216512 144579 248376 260410
BT
 1.51778e+06 1.10612e+06 511203 638253 555056 1.48494e+06 1.09693e+06 822995 768284 590382 508027 728417 631863 422548 515574 735855 454207 1.23566e+06 1.55007e+06 974216 1.66855e+06 1.33648e+06 668632 1.08024e+06 726154 564209 1.13405e+06 856517 482244
Ftot
 0.402869 0.747714 0.740967 0.872589 0.262123 0.35434 0.760475 0.121896 0.442199 0.561436 0.144878 0.65072 0.76685 3.46127 1.07221 1.32079 1.30875 1.23124 1.30875 1.06198 0.830774 1.20756 1.07686 0.986019 0.971849 0.867393 0.770856 0.765021 1.04125
BD_Bspro_t
 0.937865 0.620457 0.356082 0.266129 0.315904 0.453532 0.543893 0.37228 0.442953 0.421395 0.397642 0.591186 0.444844 0.202634 0.0248623 0.214473 0.217335 0.136877 0.221071 0.209392 0.208961 0.24041 0.195533 0.129519 0.210405 0.234956 0.203983 0.330605 0.325476
BD_Bspro
 1.27357 0.872322 0.392561 0.22669 0.326108 0.477068 0.888652 0.517555 0.493023 0.364195 0.245239 0.374285 0.359284 0.147281 0.0125131 0.143243 0.235674 0.142951 0.333304 0.372465 0.473812 0.58463 0.397798 0.203457 0.313541 0.297307 0.198531 0.341062 0.357588
BD_Bo
 1.64224 1.12484 0.506199 0.292313 0.420509 0.615169 1.1459 0.667376 0.635743 0.469621 0.316231 0.482633 0.463289 0.189915 0.0161354 0.184708 0.303897 0.184332 0.429788 0.480286 0.61097 0.753868 0.512952 0.262353 0.404305 0.383371 0.256002 0.439793 0.461102
BD_Brms
 9.29543 6.36684 2.86519 1.65455 2.38017 3.48199 6.48602 3.77749 3.59844 2.65816 1.78993 2.7318 2.62232 1.07496 0.0913299 1.04549 1.72012 1.04336 2.43269 2.71852 3.45822 4.26705 2.90342 1.48497 2.28845 2.16996 1.44902 2.48932 2.60993
Sel_flota
 0.737049 0.981569 0.999013 0.999948 0.999997
 0.737049 0.981569 0.999013 0.999948 0.999997
 0.737049 0.981569 0.999013 0.999948 0.999997
 0.737049 0.981569 0.999013 0.999948 0.999997
 0.737049 0.981569 0.999013 0.999948 0.999997
 0.737049 0.981569 0.999013 0.999948 0.999997
 0.737049 0.981569 0.999013 0.999948 0.999997
 0.737049 0.981569 0.999013 0.999948 0.999997
 0.737049 0.981569 0.999013 0.999948 0.999997
 0.737049 0.981569 0.999013 0.999948 0.999997
 0.737049 0.981569 0.999013 0.999948 0.999997
 0.737049 0.981569 0.999013 0.999948 0.999997
 0.737049 0.981569 0.999013 0.999948 0.999997
 0.737049 0.981569 0.999013 0.999948 0.999997
 0.737049 0.981569 0.999013 0.999948 0.999997
 0.737049 0.981569 0.999013 0.999948 0.999997
 0.737049 0.981569 0.999013 0.999948 0.999997
 0.737049 0.981569 0.999013 0.999948 0.999997
 0.737049 0.981569 0.999013 0.999948 0.999997
 0.737049 0.981569 0.999013 0.999948 0.999997
 0.737049 0.981569 0.999013 0.999948 0.999997
 0.737049 0.981569 0.999013 0.999948 0.999997
 0.737049 0.981569 0.999013 0.999948 0.999997
 0.737049 0.981569 0.999013 0.999948 0.999997
 0.737049 0.981569 0.999013 0.999948 0.999997
 0.737049 0.981569 0.999013 0.999948 0.999997
 0.737049 0.981569 0.999013 0.999948 0.999997
 0.737049 0.981569 0.999013 0.999948 0.999997
 0.737049 0.981569 0.999013 0.999948 0.999997
Sel_reclas
 0.719003 0.92794 0.984804 0.996943 0.999391
 0.719003 0.92794 0.984804 0.996943 0.999391
 0.719003 0.92794 0.984804 0.996943 0.999391
 0.719003 0.92794 0.984804 0.996943 0.999391
 0.719003 0.92794 0.984804 0.996943 0.999391
 0.719003 0.92794 0.984804 0.996943 0.999391
 0.719003 0.92794 0.984804 0.996943 0.999391
 0.719003 0.92794 0.984804 0.996943 0.999391
 0.719003 0.92794 0.984804 0.996943 0.999391
 0.719003 0.92794 0.984804 0.996943 0.999391
 0.719003 0.92794 0.984804 0.996943 0.999391
 0.719003 0.92794 0.984804 0.996943 0.999391
 0.719003 0.92794 0.984804 0.996943 0.999391
 0.719003 0.92794 0.984804 0.996943 0.999391
 0.719003 0.92794 0.984804 0.996943 0.999391
 0.719003 0.92794 0.984804 0.996943 0.999391
 0.719003 0.92794 0.984804 0.996943 0.999391
 0.719003 0.92794 0.984804 0.996943 0.999391
 0.719003 0.92794 0.984804 0.996943 0.999391
 0.719003 0.92794 0.984804 0.996943 0.999391
 0.719003 0.92794 0.984804 0.996943 0.999391
 0.719003 0.92794 0.984804 0.996943 0.999391
 0.719003 0.92794 0.984804 0.996943 0.999391
 0.719003 0.92794 0.984804 0.996943 0.999391
 0.719003 0.92794 0.984804 0.996943 0.999391
 0.719003 0.92794 0.984804 0.996943 0.999391
 0.719003 0.92794 0.984804 0.996943 0.999391
 0.719003 0.92794 0.984804 0.996943 0.999391
 0.719003 0.92794 0.984804 0.996943 0.999391
Sel_pelaces
 0.15425 0.478586 0.82204 0.958758 0.991525
 0.15425 0.478586 0.82204 0.958758 0.991525
 0.15425 0.478586 0.82204 0.958758 0.991525
 0.15425 0.478586 0.82204 0.958758 0.991525
 0.15425 0.478586 0.82204 0.958758 0.991525
 0.15425 0.478586 0.82204 0.958758 0.991525
 0.15425 0.478586 0.82204 0.958758 0.991525
 0.15425 0.478586 0.82204 0.958758 0.991525
 0.15425 0.478586 0.82204 0.958758 0.991525
 0.15425 0.478586 0.82204 0.958758 0.991525
 0.15425 0.478586 0.82204 0.958758 0.991525
 0.15425 0.478586 0.82204 0.958758 0.991525
 0.15425 0.478586 0.82204 0.958758 0.991525
 0.15425 0.478586 0.82204 0.958758 0.991525
 0.15425 0.478586 0.82204 0.958758 0.991525
 0.15425 0.478586 0.82204 0.958758 0.991525
 0.15425 0.478586 0.82204 0.958758 0.991525
 0.15425 0.478586 0.82204 0.958758 0.991525
 0.15425 0.478586 0.82204 0.958758 0.991525
 0.15425 0.478586 0.82204 0.958758 0.991525
 0.15425 0.478586 0.82204 0.958758 0.991525
 0.15425 0.478586 0.82204 0.958758 0.991525
 0.15425 0.478586 0.82204 0.958758 0.991525
 0.15425 0.478586 0.82204 0.958758 0.991525
 0.15425 0.478586 0.82204 0.958758 0.991525
 0.15425 0.478586 0.82204 0.958758 0.991525
 0.15425 0.478586 0.82204 0.958758 0.991525
 0.15425 0.478586 0.82204 0.958758 0.991525
 0.15425 0.478586 0.82204 0.958758 0.991525
pf_obs 
 0.8446 0.082 0.0669 0.0065 0
 0.8095 0.147 0.0364 0.0071 0
 0.9664 0.0169 0.016 0.0007 0
 0.9276 0.0648 0.0075 0.0001 0
 0.7033 0.2144 0.0806 0.0017 0
 0.9318 0.0425 0.0243 0.0014 0
 0.5671 0.3108 0.0964 0.0239 0.0018
 0.0768 0.2599 0.5324 0.112 0.0189
 0.490249 0.384438 0.106611 0.0170017 0.00170017
 0.7925 0.1577 0.0466 0.003 0.0002
 0.840416 0.127587 0.0312969 0.00059994 9.999e-05
 0.8084 0.0986 0.0794 0.0134 0.0002
 0.7335 0.1905 0.0724 0.0035 0.0001
 0.4001 0.4547 0.1325 0.0127 0
 0.49795 0.308269 0.164784 0.0264974 0.00249975
 0.9179 0.0499 0.0305 0.0017 0
 0.2467 0.6533 0.0926 0.0074 0
 0.9418 0.0223 0.034 0.0019 0
 0.707729 0.231977 0.0356964 0.0245975 0
 0.517169 0.277429 0.184464 0.0207286 0.00020938
 0.811772 0.124168 0.05621 0.00726502 0.000585176
 0.764997 0.148141 0.077277 0.00933861 0.000247198
 0.163321 0.427699 0.378323 0.0303852 0.000271297
 0.753843 0.0900009 0.118128 0.0371064 0.000921714
 0.721811 0.176058 0.0630433 0.0369309 0.00215725
 0.143369 0.312575 0.442814 0.0836902 0.0175525
 0.692698 0.0596174 0.167031 0.0765114 0.00414204
 0.394062 0.376323 0.152708 0.0712218 0.00568511
 0.125707 0.32114 0.495352 0.0537591 0.00404204
pf_pred 
 0.627288 0.150756 0.204743 0.0172115 9.03289e-07
 0.561023 0.309078 0.0532109 0.0707472 0.00594089
 0.692926 0.20119 0.0751234 0.0126107 0.0181502
 0.82466 0.135098 0.0265973 0.00968408 0.00395986
 0.733771 0.233399 0.0254513 0.00487905 0.00249926
 0.820822 0.141582 0.0330395 0.00353304 0.00102314
 0.4867 0.443702 0.0552336 0.0126252 0.00173908
 0.477212 0.305085 0.188829 0.0229211 0.00595288
 0.585009 0.228769 0.109498 0.0665571 0.0101674
 0.715329 0.189702 0.0528714 0.0247649 0.0173325
 0.78727 0.166598 0.0309811 0.00843959 0.00671142
 0.74278 0.214249 0.0337885 0.00616883 0.00301378
 0.633818 0.295907 0.0587707 0.00904781 0.00245569
 0.583911 0.300378 0.0939701 0.018186 0.00355467
 0.981072 0.0148133 0.00302309 0.000886676 0.000204425
 0.927884 0.071243 0.000687958 0.000136325 4.91249e-05
 0.597467 0.384266 0.0180523 0.000168718 4.54002e-05
 0.956676 0.0306683 0.012099 0.000550218 6.51469e-06
 0.870132 0.126343 0.00251848 0.000962766 4.4227e-05
 0.785788 0.196247 0.0174921 0.000337546 0.000134731
 0.819873 0.153348 0.024593 0.00212901 5.73911e-05
 0.812025 0.164034 0.0204615 0.00319603 0.000283737
 0.45867 0.473135 0.0597441 0.00722401 0.0012265
 0.867694 0.0754939 0.0498384 0.00611082 0.00086298
 0.835456 0.149865 0.00847812 0.00544102 0.000760197
 0.551627 0.397453 0.0464946 0.00255753 0.00186786
 0.890023 0.0714946 0.0342151 0.003897 0.000370378
 0.722132 0.256649 0.0139177 0.00649262 0.000808665
 0.560098 0.349365 0.0837871 0.00442907 0.00232033
pobs_RECLAS
 0 0 0 0 0
 0 0 0 0 0
 0 0 0 0 0
 0 0 0 0 0
 0 0 0 0 0
 0 0 0 0 0
 0 0 0 0 0
 0 0 0 0 0
 0 0 0 0 0
 0 0 0 0 0
 0.991045 0.00858322 0.000360255 1.14367e-05 0
 0.934742 0.0480273 0.0164251 0.00080598 0
 0.827803 0.169806 0.00239088 0 0
 0.941827 0.0461693 0.0120037 0 0
 0.791401 0.0380133 0.147996 0.0225897 0
 0.846168 0.0940531 0.0597789 0 0
 0.134021 0.677848 0.182769 0.00536245 0
 0.80878 0.0450904 0.141981 0.00414843 0
 0.846168 0.0940531 0.0597789 0 0
 0.905697 0.0802665 0.012482 0.00150086 5.37128e-05
 0.989698 0.0102097 9.19794e-05 0 0
 0.975433 0.0193895 0.00387452 0.00125025 5.28907e-05
 0.303575 0.632131 0.0575291 0.00676475 0
 0.966965 0.00978017 0.0227588 0.000495775 0
 0.843318 0.132988 0.00938335 0.0141283 0.000182051
 0.564624 0.303363 0.111486 0.0197234 0.00080311
 0.826376 0.0876187 0.0782897 0.00655872 0.00115652
 0.89761 0.0855135 0.0140674 0.00269457 0.000114338
 0.34875 0.467042 0.161289 0.0227151 0.000203297
ppred_RECLAS
 0.63124 0.145448 0.205814 0.0174977 9.20516e-07
 0.571163 0.297717 0.0533498 0.0717322 0.00603807
 0.70132 0.192717 0.0749024 0.0127155 0.0183449
 0.83189 0.128215 0.0262623 0.00966977 0.0039635
 0.740021 0.226659 0.0257609 0.00499447 0.00256453
 0.825403 0.136713 0.0332446 0.0035953 0.00104367
 0.499214 0.430358 0.0557597 0.0128892 0.00177971
 0.481169 0.297305 0.191843 0.0235517 0.00613137
 0.590499 0.221097 0.110251 0.0677743 0.0103782
 0.721831 0.182498 0.0529732 0.0250932 0.0176045
 0.791354 0.16176 0.0313598 0.00863986 0.0068872
 0.751091 0.205817 0.033796 0.00623991 0.00305583
 0.64489 0.284622 0.058836 0.00916001 0.00249211
 0.643116 0.25572 0.08199 0.0160331 0.00314125
 0.982185 0.0138138 0.0029308 0.000869249 0.000200888
 0.933331 0.0658284 0.000660146 0.000132274 4.77791e-05
 0.617124 0.364861 0.0178016 0.000168232 4.53778e-05
 0.959418 0.0283999 0.0116402 0.00053527 6.35289e-06
 0.879232 0.117356 0.00242954 0.000939134 4.32448e-05
 0.796867 0.185475 0.0171877 0.000335392 0.000134192
 0.827556 0.145906 0.0243488 0.00213162 5.75994e-05
 0.822942 0.153709 0.0199219 0.00314655 0.000280014
 0.475115 0.4564 0.059913 0.00732569 0.00124674
 0.873209 0.0710821 0.0488017 0.00605093 0.000856572
 0.84378 0.141713 0.0083379 0.00541116 0.000757839
 0.565453 0.383388 0.046663 0.00259569 0.00190028
 0.894043 0.0678807 0.0338107 0.00389436 0.000371016
 0.732581 0.246153 0.0138933 0.00655434 0.000818312
 0.575077 0.334667 0.0834523 0.00446088 0.0023426
pobs_PELACES
 0 0 0 0 0
 0 0 0 0 0
 0 0 0 0 0
 0 0 0 0 0
 0 0 0 0 0
 0 0 0 0 0
 0 0 0 0 0
 0 0 0 0 0
 0 0 0 0 0
 0 0 0 0 0
 0 0 0 0 0
 0 0 0 0 0
 0 0 0 0 0
 0 0 0 0 0
 0 0 0 0 0
 0 0 0 0 0
 0.505614 0.472636 0.0217494 0 0
 0 0 0 0 0
 0.443492 0.261883 0.143347 0.151278 0
 0.227955 0.32914 0.350689 0.0885471 0.00366901
 0.970185 0.0296113 0.000203453 0 0
 0.997202 0.00247181 0.000326279 0 0
 0.445219 0.490057 0.0546422 0.010081 0
 0.90214 0.0892962 0.00764917 0.000914606 0
 0 0 0 0 0
 0.581667 0.319106 0.0959925 0.00289975 0.000334073
 0.762889 0.0836404 0.116647 0.0363945 0.000428098
 0.88444 0.0763242 0.0277011 0.0115352 0
 0.521256 0.241999 0.230069 0.00667565 0
ppred_PELACES
 0.347052 0.186095 0.425207 0.0416435 2.26008e-06
 0.32322 0.381316 0.110116 0.170539 0.0148092
 0.454195 0.282634 0.177032 0.0346167 0.0515219
 0.65446 0.226007 0.0745486 0.0316155 0.0133686
 0.52671 0.379719 0.0697426 0.0155771 0.00825149
 0.639567 0.247491 0.0972049 0.0121101 0.00362664
 0.287369 0.560117 0.116942 0.0311365 0.00443525
 0.233571 0.343557 0.358543 0.0507103 0.0136195
 0.318353 0.276518 0.222597 0.15763 0.0249013
 0.474213 0.275466 0.128993 0.0703859 0.0509423
 0.579359 0.281395 0.0882188 0.0280008 0.0230269
 0.542431 0.33906 0.089771 0.0190922 0.00964569
 0.415649 0.414555 0.138084 0.0247621 0.00694998
 0.456571 0.330091 0.167911 0.0377893 0.00763762
 0.95596 0.0296437 0.0101164 0.00345571 0.000823889
 0.865313 0.13189 0.00212442 0.00049022 0.000182673
 0.420075 0.537235 0.0421043 0.000458242 0.000127512
 0.901593 0.0580923 0.0382636 0.00202642 2.48113e-05
 0.767575 0.221619 0.00736981 0.00328079 0.000155849
 0.627904 0.322496 0.0480733 0.00108042 0.000445953
 0.660517 0.261813 0.0703759 0.0070964 0.00019782
 0.662669 0.269933 0.0562303 0.0102284 0.00093902
 0.27486 0.581926 0.122872 0.0173034 0.00303797
 0.707665 0.127897 0.141311 0.0201802 0.00294706
 0.694975 0.259441 0.0245674 0.0183636 0.00265318
 0.350728 0.533043 0.104479 0.00669407 0.00505565
 0.75231 0.129038 0.103562 0.0137396 0.00135038
 0.534513 0.405924 0.0369178 0.020061 0.00258384
 0.350716 0.451128 0.180978 0.011142 0.00603618
pobs_pel_tallas
 0 0 0 0 0 0 0 0 0 0 0 0 0 0 0 0 0 0 0 0 0 0 0 0 0 0
 0 0 0 0 0 0 0 0 0 0 0 0 0 0 0 0 0 0 0 0 0 0 0 0 0 0
 0 0 0 0 0 0 0 0 0 0 0 0 0 0 0 0 0 0 0 0 0 0 0 0 0 0
 0 0 0 0 0 0 0 0 0 0 0 0 0 0 0 0 0 0 0 0 0 0 0 0 0 0
 0 0 0 0 0 0 0 0 0 0 0 0 0 0 0 0 0 0 0 0 0 0 0 0 0 0
 0 0 0 0 0 0 0 0 0 0 0 0 0 0 0 0 0 0 0 0 0 0 0 0 0 0
 0 0 0 0 0 0 0 0 0 0 0 0 0 0 0 0 0 0 0 0 0 0 0 0 0 0
 0 0 0 0 0 0 0 0 0 0 0 0 0 0 0 0 0 0 0 0 0 0 0 0 0 0
 0 0 0 0 0 0 0 0 0 0 0 0 0 0 0 0 0 0 0 0 0 0 0 0 0 0
 0 0 0 0 0 0 0 0 0 0 0 0 0 0 0 0 0 0 0 0 0 0 0 0 0 0
 0 0 0 0 0 0 0 0 0 0 0 0 0 0 0 0 0 0 0 0 0 0 0 0 0 0
 0 0 0 0 0 0 0 0 0 0 0 0 0 0 0 0 0 0 0 0 0 0 0 0 0 0
 0.00862536 0 0 0.000197151 0.00414017 0.0128641 0.00837892 0.0270097 0.101434 0.158115 0.152841 0.127902 0.109271 0.109419 0.0830992 0.0579132 0.0238553 0.00714673 0.00463305 0.00128148 0.00103504 0.000492878 0.000147863 0.000147863 4.92878e-05 0
 0 0 0 0 0 0 0 0 0 0 0 0 0 0 0 0 0 0 0 0 0 0 0 0 0 0
 0 0 0 0 0 0 0 0.0054083 0.00873648 0.0413646 0.0450493 0.0745869 0.0622846 0.0627006 0.0613931 0.0827291 0.12552 0.122667 0.0946155 0.0697135 0.0546179 0.0294188 0.0215738 0.0213955 0.0102223 0.00600262
 0 0 0 0 0.00359764 0.0251062 0.0480494 0.140153 0.205849 0.193036 0.1447 0.116669 0.0760912 0.0342217 0.00950174 0.001854 0.000860785 0 0 0 0.000165536 0 0.000143464 0 0 0
 0 0 0 0 0 0 0 0.000145254 0.000435761 0.0275982 0.070085 0.0708112 0.156366 0.174668 0.174014 0.160142 0.0824315 0.0480064 0.0283245 0.00493863 0.00203355 0 0 0 0 0
 0 0 0 0 0 0 0 0 0 0 0 0 0 0 0 0 0 0 0 0 0 0 0 0 0 0
 0 0 1.00437e-05 0.000401748 0.00122533 0.00171747 0.00176769 0.0269171 0.070346 0.194647 0.189555 0.159765 0.064822 0.0314167 0.0384472 0.0292271 0.0345202 0.0313363 0.0194345 0.0106764 0.0143323 0.0359363 0.0279516 0.0138201 0.00172751 0
 0 0.0021121 0.0136068 0.0755702 0.200478 0.177729 0.0527432 0.0373336 0.0318909 0.0142505 0.0149659 0.0166563 0.0217959 0.0798694 0.0677717 0.0528807 0.04013 0.0224614 0.0357745 0.0225083 0.00881397 0.00855152 0.00135912 0.000746735 0 0
 0 0 0 0 5.4009e-05 0.00500934 0.000945158 0.0243581 0.138947 0.33067 0.221406 0.137944 0.0707744 0.0437923 0.0131692 0.00525238 0.0047753 0.00276346 9.45158e-05 9.00151e-06 2.25038e-05 9.00151e-06 4.50075e-06 0 0 0
 0.000866109 0.00284123 0.00948549 0.0512746 0.133035 0.25785 0.225252 0.132002 0.0553304 0.0519788 0.0540692 0.017754 0.00435017 0.00159236 0.00146478 0.000404838 0.000125132 0.000115318 0.000107957 0.000100596 0 0 0 0 0 0
 0 0 0 0 0.00144013 0.00171154 0.00461396 0.0210425 0.0478622 0.0707936 0.0888783 0.103762 0.0637923 0.0337046 0.0602308 0.124433 0.169614 0.0934646 0.0462172 0.0250306 0.0313229 0.00938855 0.002487 0.000210481 0 0
 0 0.00764035 0.051015 0.0998891 0.058973 0.0496711 0.0374665 0.0718981 0.12319 0.153886 0.159021 0.0857701 0.0377988 0.023471 0.0147837 0.00900784 0.00315554 0.000888139 0.00291439 0.00214683 0.00393193 0.00274676 0.000635225 9.99891e-05 0 0
 0 0 0 0 0 0 0 0 0 0 0 0 0 0 0 0 0 0 0 0 0 0 0 0 0 0
 0 0 0 0 0 0 0 0 0 0 0 0 0 0 0 0 0 0 0 0 0 0 0 0 0 0
 0 0 0 0 0 0 0 0 0 0 0 0 0 0 0 0 0 0 0 0 0 0 0 0 0 0
 0 0 0 0 0 0 0 0 0 0 0 0 0 0 0 0 0 0 0 0 0 0 0 0 0 0
 0 0 0 0 0 0 0 0 0 0 0 0 0 0 0 0 0 0 0 0 0 0 0 0 0 0
ppred_pel_tallas
 1.16495e-16 2.85863e-05 0.000277869 0.00184654 0.0083941 0.0261173 0.0556463 0.0812212 0.0812398 0.0557373 0.0264246 0.00928993 0.00412539 0.00535243 0.0099582 0.0171786 0.0265133 0.0370228 0.0476351 0.0576536 0.0667912 0.0746157 0.0800094 0.0813429 0.07738 0.0681978
 1.22885e-16 2.66233e-05 0.000258788 0.00171974 0.0078177 0.024324 0.0518261 0.0756495 0.0756864 0.0520065 0.02493 0.00957024 0.00612677 0.00990641 0.0184315 0.0306534 0.0447068 0.0574456 0.065741 0.0683243 0.0665724 0.0634623 0.061509 0.0613073 0.0615902 0.0604075
 1.17372e-16 3.74115e-05 0.000363653 0.0024166 0.0109855 0.0341802 0.0728257 0.106297 0.106324 0.07296 0.034632 0.0122934 0.00571079 0.00759276 0.0138787 0.0231802 0.0340855 0.0443424 0.0516681 0.0550272 0.0551664 0.0538805 0.0526368 0.0516997 0.0503088 0.0475064
 1.07643e-16 5.39071e-05 0.000523996 0.00348214 0.0158293 0.049251 0.104935 0.153161 0.153182 0.105042 0.0496099 0.0168672 0.0060913 0.00623269 0.010934 0.0180924 0.0262994 0.0335898 0.0379987 0.0386383 0.0362005 0.0324066 0.0288633 0.0262379 0.0242488 0.0222286
 1.05069e-16 4.33845e-05 0.000421713 0.00280243 0.0127395 0.0396374 0.084453 0.123269 0.123306 0.084632 0.0402384 0.0144758 0.00716209 0.00994325 0.0181394 0.0299533 0.0432241 0.0545231 0.0603767 0.0591776 0.0521217 0.0423517 0.03303 0.0258526 0.0208677 0.017258
 1.04697e-16 5.26803e-05 0.000512072 0.0034029 0.0154691 0.0481302 0.102547 0.149676 0.1497 0.102664 0.0485236 0.0166066 0.00626293 0.00677106 0.011985 0.0198483 0.0288616 0.0368647 0.0416688 0.0422303 0.0392057 0.03438 0.0294678 0.0252668 0.0216687 0.0182334
 1.07392e-16 2.36703e-05 0.000230084 0.00152899 0.0069506 0.0216262 0.0460788 0.0672648 0.0673188 0.046343 0.0225132 0.00951347 0.0079652 0.0142905 0.0267568 0.044275 0.0639602 0.0808148 0.0897404 0.0883669 0.0784193 0.0644491 0.0510076 0.0404932 0.0329284 0.0271409
 1.17825e-16 1.9239e-05 0.00018701 0.00124275 0.00564937 0.0175775 0.0374519 0.0546692 0.0547028 0.0376164 0.0181311 0.00725469 0.00529621 0.00911484 0.0172067 0.0290213 0.0432166 0.057295 0.0686269 0.0758714 0.0794914 0.0808579 0.0807881 0.0788691 0.0740505 0.0657921
 1.26517e-16 2.62224e-05 0.000254891 0.00169384 0.00769998 0.0239576 0.0510453 0.0745077 0.0745347 0.0511773 0.0244021 0.00898811 0.00494446 0.00740881 0.013785 0.0232058 0.0345195 0.0457568 0.0549447 0.0612778 0.06551 0.0691103 0.0728731 0.0761644 0.0773421 0.0748692
 1.19473e-16 3.90604e-05 0.000379681 0.00252311 0.0114697 0.0356867 0.0760353 0.110981 0.111008 0.076166 0.0361259 0.0127405 0.00572168 0.0073915 0.0134435 0.0223974 0.0328238 0.0424963 0.049195 0.0519868 0.0517639 0.0504985 0.0498142 0.0500192 0.0502058 0.0490869
 1.09323e-16 4.77211e-05 0.000463866 0.00308255 0.0140129 0.0435993 0.092894 0.135587 0.135614 0.093027 0.0440461 0.0153044 0.00632879 0.00756475 0.0135761 0.0224814 0.032649 0.0416311 0.0469654 0.0475366 0.0442141 0.0391753 0.0344799 0.0310283 0.0285267 0.0261632
 1.06225e-16 4.46794e-05 0.0004343 0.00288608 0.0131197 0.0408204 0.0869735 0.126947 0.12698 0.0871335 0.041358 0.0146734 0.00678932 0.00896623 0.0162811 0.0269311 0.0389923 0.049457 0.0552774 0.0550361 0.0497506 0.0420935 0.0346934 0.0288687 0.0245361 0.0209563
 1.07751e-16 3.42365e-05 0.000332791 0.00221152 0.0100533 0.0312796 0.066646 0.0972802 0.0973203 0.0668419 0.0319378 0.011956 0.00699382 0.010793 0.0199597 0.0330991 0.0480408 0.0611717 0.0688025 0.0691945 0.0635155 0.0548815 0.0463166 0.0392738 0.0335975 0.0284662
 1.10013e-16 3.76072e-05 0.000365555 0.00242925 0.011043 0.0343591 0.0732069 0.106854 0.106886 0.0733634 0.0348852 0.0125651 0.00625961 0.00875916 0.0160723 0.0267565 0.0391143 0.0503913 0.0577713 0.0599173 0.0576576 0.0531871 0.0484847 0.0442625 0.0400942 0.0352765
 1.00786e-16 7.87412e-05 0.000765392 0.0050863 0.0231216 0.0719399 0.153276 0.223711 0.223714 0.15329 0.071987 0.0232577 0.00542853 0.00151415 0.0015057 0.00237757 0.00344792 0.00440042 0.00497069 0.0050385 0.00469033 0.00414853 0.00362339 0.00320711 0.00287312 0.00254776
 1.00176e-16 7.12747e-05 0.000692816 0.004604 0.0209291 0.0651184 0.138742 0.202501 0.202513 0.138804 0.0653264 0.0215295 0.00610979 0.00397557 0.00629288 0.0102566 0.0146885 0.0183032 0.0198449 0.0187369 0.0154318 0.0111272 0.00707995 0.0040437 0.00214781 0.0011293
 1.0142e-16 3.46011e-05 0.000336335 0.00223507 0.0101603 0.0316128 0.0673564 0.0983194 0.0983711 0.0676091 0.0324611 0.0126097 0.00838043 0.0137418 0.0254646 0.0419654 0.0602642 0.0753882 0.0822823 0.0785962 0.0660908 0.0494743 0.03365 0.0215027 0.0134866 0.00860668
 1.01327e-16 7.4263e-05 0.000721863 0.00479703 0.0218066 0.0678485 0.144559 0.210989 0.210994 0.144586 0.0679414 0.0220753 0.00547374 0.0022064 0.00291494 0.00475665 0.00697272 0.00903259 0.0104385 0.0109429 0.0106601 0.00992982 0.00905471 0.00813873 0.00712728 0.0059578
 1.00625e-16 6.32242e-05 0.000614561 0.00408398 0.0185652 0.0577633 0.123072 0.179631 0.179652 0.123176 0.0581129 0.0195746 0.00661578 0.00613523 0.0105296 0.0172591 0.0247431 0.0308771 0.033564 0.0318403 0.0264613 0.0194197 0.0127964 0.00782245 0.00468766 0.00294008
 1.01654e-16 5.17197e-05 0.000502734 0.00334085 0.015187 0.0472526 0.100678 0.146949 0.14698 0.10083 0.0477626 0.01666 0.00703805 0.00857344 0.0153782 0.0253375 0.0364829 0.0458473 0.0504297 0.0488236 0.0420345 0.0327748 0.0238353 0.016809 0.0118999 0.00854199
 1.02844e-16 5.4406e-05 0.000528845 0.00351436 0.0159758 0.0497068 0.105907 0.154579 0.154604 0.10603 0.0501219 0.0171753 0.00652761 0.00711465 0.0125849 0.0207784 0.0300628 0.038084 0.0424624 0.042071 0.0376625 0.0312811 0.0249697 0.0198045 0.0158229 0.0125764
 1.02877e-16 5.45832e-05 0.000530568 0.00352581 0.0160279 0.0498687 0.106252 0.155083 0.155109 0.106379 0.0502962 0.0172628 0.00662702 0.00730492 0.0129332 0.021328 0.0307954 0.0388846 0.0431247 0.0423607 0.0374134 0.0304742 0.0237497 0.0184265 0.0145596 0.0116295
 1.05944e-16 2.264e-05 0.000220069 0.00146244 0.00664806 0.0206849 0.0440734 0.0643382 0.0643943 0.0443478 0.0216064 0.00931043 0.00814825 0.0148248 0.0277875 0.0459744 0.066391 0.0838275 0.0929586 0.0912865 0.0805717 0.065532 0.0509252 0.0393231 0.0308689 0.0244719
 1.06634e-16 5.82894e-05 0.000566594 0.00376522 0.0171161 0.0532547 0.113465 0.165608 0.165621 0.113527 0.0534611 0.0177146 0.00527701 0.0038982 0.00647751 0.0108561 0.0161919 0.0215277 0.0258919 0.0287836 0.0303536 0.0310691 0.0311793 0.0304841 0.0285758 0.0252762
 1.03066e-16 5.72442e-05 0.000556434 0.0036977 0.0168092 0.0522999 0.111431 0.162643 0.162668 0.111553 0.0527098 0.0179931 0.00666875 0.0070401 0.0123648 0.0203356 0.0292549 0.0367233 0.0403412 0.0390183 0.0336311 0.026438 0.0197325 0.014775 0.0116201 0.00963806
 1.04679e-16 2.88891e-05 0.000280812 0.0018661 0.00848304 0.0263942 0.0562375 0.082091 0.0821424 0.0564887 0.0272379 0.0109206 0.00798669 0.0136483 0.0254339 0.042047 0.0606701 0.0765003 0.084634 0.0827685 0.072526 0.0582721 0.0444416 0.0334808 0.0255965 0.0198228
 1.04629e-16 6.19668e-05 0.000602339 0.00400276 0.018196 0.0566145 0.120624 0.176056 0.176069 0.120685 0.0568213 0.0187952 0.00551343 0.00392168 0.00642902 0.0106947 0.0157825 0.0206435 0.0242248 0.0260006 0.0261997 0.0254862 0.0243862 0.0229672 0.0209809 0.0182417
 1.03619e-16 4.40272e-05 0.000427961 0.00284395 0.0129282 0.0402247 0.0857043 0.125096 0.125135 0.0858954 0.0408659 0.0147801 0.00749104 0.0105681 0.0192888 0.0317848 0.0457053 0.0573166 0.0628463 0.0605663 0.0518337 0.0401862 0.0292442 0.0210414 0.0157429 0.0124384
 1.07477e-16 2.88881e-05 0.000280803 0.00186604 0.00848276 0.0263932 0.0562352 0.0820861 0.0821297 0.0564486 0.0271104 0.0105564 0.00707962 0.0116904 0.0217802 0.0361753 0.0526043 0.067175 0.0758862 0.0768113 0.0711191 0.0620423 0.0527091 0.0446135 0.037634 0.0310614
pSPR Fmed_Fpbrs
0.555374   0.226672 0.226672
Fs Fmed_Fpbrs
0.34   1.005 1.005
SSBpbr Bo_Bmed_Bpbrs
564757  285413  99776.7 99776.7
Ro
102468
SPR SPRFo_SPRFmed_SPRFpbrs
728242 404447 165072
Fref
1.005
Nvult_r0
 33560.7 17984.1 4275.9 225.925 118.356
CTP_r0
 14281.1 8930.85 2142.22 113.241 59.3255
YTP_r0
309096
Np
 125565 22023.1 953.392 371.936 98.1697
Nvult_p0
 103542 19002 824.88 321.848 84.9501
CTP_p0
 44060.2 2977.91 1196.07 278.659 16.6174
 44060.2 9436.31 413.265 161.321 42.5809
YTP_p0
 422281 513378
CBA_c0
343051
log_Ro
11.3573
likeval ReclasPelacesDesembMPH_pf_preclas_ppelaces_ptallas_desvR_qrecl_qpela
 0.000487822 17.1028 0.0224357 25.3901 220.593 113.045 97.4544 0 17.2233 8.99726e-05 0.000485364 0.0465065 0 0 0
q_reclas_q_pelaces
3.82453 22.5481
M
1
N
 148868 27919.9 37357.6 3137.95 0.164678
 91958.9 40695.8 6916.42 9189.54 771.65
 83637.7 19496.6 7186.41 1205.53 1735.02
 134126 17820.8 3465.75 1261.06 515.637
 105839 25936.2 2783.92 533.233 273.133
 239485 32095.8 7376.85 788.199 228.246
 92560.8 67851.6 8338.76 1904.76 262.366
 40005.4 19440.5 11832.7 1435.04 372.679
 43929.1 13452.6 6345.27 3853.91 588.707
 55599.1 11665.7 3206.32 1500.72 1050.29
 83879.7 13522.6 2473.33 673.169 535.3
 120625 27732.4 4315.24 787.282 384.612
 73137 27469.4 5386.39 828.678 224.905
 32501.8 15288.9 4760.52 921.072 180.032
 75060.8 932.556 188.182 55.1612 12.7172
 195070 12528.8 119.759 23.7187 8.54679
 50426.5 27109.2 1260.59 11.7752 3.1685
 265181 7070.3 2760.03 125.446 1.48526
 324361 39367.1 776.745 296.775 13.6327
 221468 45478.9 4008.05 77.2973 30.8521
 246311 37246.1 5899.35 510.367 13.7574
 292821 49120.4 6062.27 946.38 84.0152
 52099.8 44235.6 5523.27 667.455 113.318
 121797 8666.51 5654.89 692.932 97.8539
 147818 21663.1 1211.21 776.837 108.533
 45481.9 26567.3 3069.99 168.761 123.248
 136573 8828.66 4171.5 474.8 45.1243
 99573.3 28465.8 1524.02 710.476 88.4877
 40698.9 20843.4 4942.06 261.084 136.774
pred_Ctot
 24766 5952.02 8083.47 679.529 0.0356628
 25745.6 14183.7 2441.87 3246.62 272.63
 23248.1 6750.04 2520.43 423.097 608.949
 42346.5 6937.32 1365.78 497.279 203.34
 11940.2 3797.97 414.155 79.3938 40.6689
 35542.3 6130.63 1430.64 152.983 44.3027
 26263.5 23943.2 2980.54 681.285 93.8451
 2188.93 1399.4 866.142 105.137 27.3053
 7930.59 3101.28 1484.39 902.272 137.833
 12315.3 3265.98 910.253 426.36 298.402
 5417.07 1146.34 213.176 58.0714 46.1802
 30196 8709.81 1373.59 250.78 122.518
 20889.3 9752.49 1936.96 298.197 80.9343
 22679.3 11666.8 3649.83 706.35 138.064
 27603.2 416.783 85.0566 24.9472 5.75165
 82852.3 6361.4 61.4289 12.1727 4.38645
 21287.7 13691.3 643.2 6.01139 1.6176
 107431 3443.92 1358.67 61.7872 0.731573
 136929 19882.1 396.322 151.507 6.95983
 80884.8 20200.6 1800.55 34.7452 13.8685
 74888.3 14007 2246.36 194.467 5.24219
 117061 23647 2949.71 460.737 40.9033
 19218.9 19825 2503.36 302.696 51.392
 42143.9 3666.74 2420.65 296.802 41.9149
 50604.2 9077.41 513.526 329.566 46.0457
 14294.3 10299.2 1204.81 66.2732 48.4017
 39168.4 3146.36 1505.75 171.5 16.2997
 28386.5 10088.7 547.095 255.22 31.7881
 14654.3 9140.69 2192.18 115.881 60.7084
F
 0.296934 0.395443 0.402471 0.402848 0.402868
 0.551101 0.733933 0.746976 0.747675 0.747712
 0.546129 0.72731 0.740235 0.740928 0.740965
 0.643141 0.856507 0.871728 0.872544 0.872587
 0.193197 0.257292 0.261864 0.262109 0.262122
 0.261166 0.34781 0.353991 0.354322 0.354339
 0.560507 0.746459 0.759724 0.760436 0.760473
 0.0898432 0.119649 0.121776 0.12189 0.121896
 0.325922 0.434049 0.441762 0.442176 0.442198
 0.413806 0.551088 0.560882 0.561407 0.561435
 0.106782 0.142208 0.144735 0.14487 0.144877
 0.479612 0.638726 0.650077 0.650686 0.650718
 0.565206 0.752716 0.766093 0.76681 0.766848
 2.55112 3.39747 3.45785 3.46109 3.46126
 0.790269 1.05245 1.07115 1.07215 1.0722
 0.973487 1.29645 1.31949 1.32072 1.32079
 0.964615 1.28463 1.30746 1.30869 1.30875
 0.907483 1.20855 1.23002 1.23117 1.23124
 0.964609 1.28462 1.30745 1.30868 1.30874
 0.78273 1.04241 1.06093 1.06192 1.06198
 0.612321 0.815462 0.829954 0.830731 0.830772
 0.890031 1.1853 1.20637 1.2075 1.20756
 0.793696 1.05701 1.07579 1.0768 1.07685
 0.726744 0.967846 0.985046 0.985968 0.986016
 0.7163 0.953937 0.97089 0.971799 0.971847
 0.639311 0.851406 0.866537 0.867348 0.867391
 0.568159 0.756649 0.770095 0.770816 0.770854
 0.563858 0.750921 0.764266 0.764982 0.765019
 0.767454 1.02206 1.04023 1.0412 1.04125
YTP_r0W_actual
 74261.5 183082 46486.3 3283.99 1981.47
YTP_p0W_proyectada
 332214 51964.6 28789.3 8727.59 585.764
 332214 164664 9947.29 5052.58 1500.98
CTP_r0_actual
 14281.1 8930.85 2142.22 113.241 59.3255
CTP_p0_proyectada
 44060.2 2977.91 1196.07 278.659 16.6174
 44060.2 9436.31 413.265 161.321 42.5809
Wmedp
 7.54 17.45 24.07 31.32 35.25
Frms_r0
 0.740734 0.986477 1.00401 1.00495 1.005
Zrms_r0
 1.74073 1.98648 2.00401 2.00495 2.005
nmprior
 7.29 8.9 8.7 0
nm_flota  nm_reclas  nm_pelaces    nm_pelaL
inf 10.1716 7.31047 8.91948
cv_recla  cv_pelaces  cv_mph
0.698442 0.5065 0.436378
 ------------------------------------------------
Talla a la edad & desviaci?n 
 8 13.2811 15.8009 17.003 17.5766
 0.8 1.32811 1.58009 1.7003 1.75766
