years
 1991 1992 1993 1994 1995 1996 1997 1998 1999 2000 2001 2002 2003 2004 2005 2006 2007 2008 2009 2010 2011 2012 2013 2014 2015 2016 2017 2018 2019 2020 2021 2022
reclasobs
 0 0 0 0 0 0 0 0 0 252601 567819 844713 477998 351125 339783 2.1784e+06 2.13404e+06 4.81314e+06 1.55562e+06 2.62356e+06 3.21686e+06 3.843e+06 1.13348e+06 3.07943e+06 1.97215e+06 2.03268e+06 2.025e+06 2.42433e+06 2.27542e+06 1.05018e+06 2.36338e+06 3.18982e+06
reclaspred
 4.87493e+06 2.60735e+06 1.26522e+06 1.40289e+06 1.70804e+06 3.65934e+06 2.62535e+06 2.31541e+06 1.73508e+06 1.22993e+06 1.25567e+06 1.73019e+06 1.41109e+06 251573 760786 1.24093e+06 922067 1.96497e+06 2.30083e+06 2.01427e+06 3.52533e+06 2.39874e+06 1.40301e+06 1.78471e+06 1.47902e+06 1.26705e+06 1.78583e+06 1.91147e+06 1.56022e+06 1.42628e+06 1.01413e+06 809135
pelacesobs
 0 0 0 0 0 0 0 0 0 0 0 0 0 0 0 552880 188675 0 991730 2.46772e+06 1.41603e+06 1.21717e+06 2.29649e+06 1.80582e+06 0 1.4828e+06 1.56532e+06 1.57751e+06 1.42118e+06 867257 1.10002e+06 1.06204e+06
pelacespred
 5.90494e+06 3.09846e+06 1.40313e+06 1.01864e+06 1.57337e+06 3.16229e+06 2.57498e+06 2.9637e+06 2.22886e+06 1.36341e+06 1.40807e+06 1.45663e+06 1.31554e+06 115015 467162 669797 569022 1.16894e+06 1.46519e+06 1.31852e+06 2.46682e+06 1.76412e+06 1.13752e+06 1.34774e+06 1.09196e+06 1.02938e+06 1.51665e+06 1.57705e+06 1.38186e+06 1.29766e+06 715474 619971
mphobs
 0 0 0 0 0 0 0 0 0 0 0 0 498337 0 5186 125008 0 168611 109162 213762 579715 649985 157893 87575 83554 210694 70296 0 107559 103333 445601 22526
mphpred
 873566 599443 266716 155534 223728 329135 612873 343538 324452 229192 147820 246743 263382 108646 9455.19 108977 168448 102753 232007 253464 320579 359490 226691 125501 210340 184164 135132 234782 302777 183604 148011 100600
desembarqueobs
 494567 514787 250237 358949 120608 361735 552515 73892 212993 205616 52469 317467 293654 387597 252695 516296 358380 742168 942051 627588 828172 859565 418607 520667 417249 300574 415391 372974 316634 284311 391294 218835
desembarquepred
 494556 514362 250424 358945 120609 361713 552453 73894.7 213023 205654 52471.9 317495 293770 387869 252631 516174 358315 741673 941191 627127 828332 859499 418531 520716 417065 300555 415328 372919 316482 284143 391267 218830
Reclutas
 148294 91336 84358.1 130766 102530 232573 87520.8 37170.9 40296.6 50522.6 80504.8 122876 74279.6 33009.9 75263.8 193509 50568.4 266533 319535 223993 244124 290615 53021 120449 147646 45539.5 130731 116164 56165.5 84760 61286 34566.2
log_desv_Rt
 0.42466 -0.0599903 -0.139464 0.298872 0.0556228 0.874668 -0.102659 -0.95901 -0.878267 -0.652113 -0.186218 0.236639 -0.266699 -1.07773 -0.253536 0.690788 -0.651209 1.01096 1.19233 0.83708 0.923143 1.09746 -0.603847 0.216691 0.420285 -0.755955 0.298608 0.180466 -0.546232 -0.134712 -0.458983 -1.03166
SSB
 873566 599443 266716 155534 223728 329135 612873 343538 324452 229192 147820 246743 249651 103860 9067.63 103967 168448 102753 243140 264197 345104 420205 284929 147436 223282 213912 142714 234782 319308 177341 178164 125032
BT
 1.45302e+06 1.0626e+06 489550 616852 530723 1.43332e+06 1.04583e+06 757521 702256 525864 459800 704006 621855 421527 516941 732025 451612 1.24e+06 1.53603e+06 972918 1.65967e+06 1.32684e+06 667759 1.07071e+06 720418 561835 1.09299e+06 923798 592472 683318 552325 378937
Ftot
 0.424107 0.786037 0.77964 0.920374 0.275928 0.373058 0.806491 0.133245 0.494865 0.651555 0.162314 0.68493 0.784799 3.50564 1.09266 1.35316 1.32311 1.24716 1.34341 1.0735 0.842916 1.22937 1.07865 1.01356 0.990251 0.871686 0.819645 0.69916 0.772 0.735186 1.31775 0.976522
BD_Bspro_t
 0.934394 0.606457 0.339729 0.253102 0.301835 0.43897 0.529239 0.351535 0.418818 0.386903 0.354617 0.568303 0.432426 0.196669 0.0245569 0.212495 0.213918 0.135465 0.220963 0.205364 0.209107 0.238155 0.193402 0.129191 0.206999 0.233083 0.201814 0.32062 0.372761 0.260123 0.274966 0.192012
BD_Bspro
 1.25136 0.858687 0.382063 0.222798 0.320484 0.471477 0.877924 0.492109 0.464768 0.328312 0.211749 0.353453 0.357618 0.148776 0.0129891 0.14893 0.241297 0.14719 0.348291 0.378455 0.494353 0.601933 0.408153 0.211199 0.319845 0.306423 0.204434 0.336318 0.457401 0.254036 0.255216 0.179105
BD_Bo
 1.68735 1.15787 0.51518 0.300425 0.432146 0.635747 1.18381 0.663567 0.626701 0.4427 0.285525 0.476601 0.482217 0.200612 0.0175148 0.20082 0.325368 0.198474 0.469641 0.510314 0.666593 0.811655 0.550359 0.284783 0.431284 0.413185 0.275662 0.453497 0.616766 0.342547 0.344137 0.241508
BD_Brms
 9.38814 6.44216 2.86637 1.67151 2.40438 3.53718 6.58649 3.69197 3.48685 2.46311 1.58861 2.65172 2.68297 1.11617 0.097449 1.11732 1.81029 1.10427 2.613 2.8393 3.7088 4.51591 3.0621 1.58448 2.39959 2.29889 1.53373 2.52318 3.43158 1.90587 1.91472 1.34371
Sel_flota
 0.719943 1 1 1 1
 0.719943 1 1 1 1
 0.719943 1 1 1 1
 0.719943 1 1 1 1
 0.719943 1 1 1 1
 0.719943 1 1 1 1
 0.719943 1 1 1 1
 0.719943 1 1 1 1
 0.719943 1 1 1 1
 0.719943 1 1 1 1
 0.719943 1 1 1 1
 0.719943 1 1 1 1
 0.719943 1 1 1 1
 0.719943 1 1 1 1
 0.719943 1 1 1 1
 0.719943 1 1 1 1
 0.719943 1 1 1 1
 0.719943 1 1 1 1
 0.719943 1 1 1 1
 0.719943 1 1 1 1
 0.719943 1 1 1 1
 0.719943 1 1 1 1
 0.719943 1 1 1 1
 0.719943 1 1 1 1
 0.719943 1 1 1 1
 0.719943 1 1 1 1
 0.719943 1 1 1 1
 0.719943 1 1 1 1
 0.719943 1 1 1 1
 0.719943 1 1 1 1
 0.719943 1 1 1 1
 0.719943 1 1 1 1
Sel_reclas
 0.517127 0.843497 0.964443 0.992728 0.998546
 0.517127 0.843497 0.964443 0.992728 0.998546
 0.517127 0.843497 0.964443 0.992728 0.998546
 0.517127 0.843497 0.964443 0.992728 0.998546
 0.517127 0.843497 0.964443 0.992728 0.998546
 0.517127 0.843497 0.964443 0.992728 0.998546
 0.517127 0.843497 0.964443 0.992728 0.998546
 0.517127 0.843497 0.964443 0.992728 0.998546
 0.517127 0.843497 0.964443 0.992728 0.998546
 0.517127 0.843497 0.964443 0.992728 0.998546
 0.517127 0.843497 0.964443 0.992728 0.998546
 0.517127 0.843497 0.964443 0.992728 0.998546
 0.517127 0.843497 0.964443 0.992728 0.998546
 0.517127 0.843497 0.964443 0.992728 0.998546
 0.517127 0.843497 0.964443 0.992728 0.998546
 0.517127 0.843497 0.964443 0.992728 0.998546
 0.517127 0.843497 0.964443 0.992728 0.998546
 0.517127 0.843497 0.964443 0.992728 0.998546
 0.517127 0.843497 0.964443 0.992728 0.998546
 0.517127 0.843497 0.964443 0.992728 0.998546
 0.517127 0.843497 0.964443 0.992728 0.998546
 0.517127 0.843497 0.964443 0.992728 0.998546
 0.517127 0.843497 0.964443 0.992728 0.998546
 0.517127 0.843497 0.964443 0.992728 0.998546
 0.517127 0.843497 0.964443 0.992728 0.998546
 0.517127 0.843497 0.964443 0.992728 0.998546
 0.517127 0.843497 0.964443 0.992728 0.998546
 0.517127 0.843497 0.964443 0.992728 0.998546
 0.517127 0.843497 0.964443 0.992728 0.998546
 0.517127 0.843497 0.964443 0.992728 0.998546
 0.517127 0.843497 0.964443 0.992728 0.998546
 0.517127 0.843497 0.964443 0.992728 0.998546
Sel_pelaces
 0.187428 0.537214 0.853844 0.967106 0.993287
 0.187428 0.537214 0.853844 0.967106 0.993287
 0.187428 0.537214 0.853844 0.967106 0.993287
 0.187428 0.537214 0.853844 0.967106 0.993287
 0.187428 0.537214 0.853844 0.967106 0.993287
 0.187428 0.537214 0.853844 0.967106 0.993287
 0.187428 0.537214 0.853844 0.967106 0.993287
 0.187428 0.537214 0.853844 0.967106 0.993287
 0.187428 0.537214 0.853844 0.967106 0.993287
 0.187428 0.537214 0.853844 0.967106 0.993287
 0.187428 0.537214 0.853844 0.967106 0.993287
 0.187428 0.537214 0.853844 0.967106 0.993287
 0.187428 0.537214 0.853844 0.967106 0.993287
 0.187428 0.537214 0.853844 0.967106 0.993287
 0.187428 0.537214 0.853844 0.967106 0.993287
 0.187428 0.537214 0.853844 0.967106 0.993287
 0.187428 0.537214 0.853844 0.967106 0.993287
 0.187428 0.537214 0.853844 0.967106 0.993287
 0.187428 0.537214 0.853844 0.967106 0.993287
 0.187428 0.537214 0.853844 0.967106 0.993287
 0.187428 0.537214 0.853844 0.967106 0.993287
 0.187428 0.537214 0.853844 0.967106 0.993287
 0.187428 0.537214 0.853844 0.967106 0.993287
 0.187428 0.537214 0.853844 0.967106 0.993287
 0.187428 0.537214 0.853844 0.967106 0.993287
 0.187428 0.537214 0.853844 0.967106 0.993287
 0.187428 0.537214 0.853844 0.967106 0.993287
 0.187428 0.537214 0.853844 0.967106 0.993287
 0.187428 0.537214 0.853844 0.967106 0.993287
 0.187428 0.537214 0.853844 0.967106 0.993287
 0.187428 0.537214 0.853844 0.967106 0.993287
 0.187428 0.537214 0.853844 0.967106 0.993287
pf_obs 
 0.8446 0.082 0.0669 0.0065 0
 0.8095 0.147 0.0364 0.0071 0
 0.9664 0.0169 0.016 0.0007 0
 0.9276 0.0648 0.0075 0.0001 0
 0.7033 0.2144 0.0806 0.0017 0
 0.9318 0.0425 0.0243 0.0014 0
 0.5671 0.3108 0.0964 0.0239 0.0018
 0.0768 0.2599 0.5324 0.112 0.0189
 0.490249 0.384438 0.106611 0.0170017 0.00170017
 0.7925 0.1577 0.0466 0.003 0.0002
 0.840416 0.127587 0.0312969 0.00059994 9.999e-05
 0.8084 0.0986 0.0794 0.0134 0.0002
 0.7335 0.1905 0.0724 0.0035 0.0001
 0.4001 0.4547 0.1325 0.0127 0
 0.49795 0.308269 0.164784 0.0264974 0.00249975
 0.9179 0.0499 0.0305 0.0017 0
 0.2467 0.6533 0.0926 0.0074 0
 0.9418 0.0223 0.034 0.0019 0
 0.707729 0.231977 0.0356964 0.0245975 0
 0.517169 0.277429 0.184464 0.0207286 0.00020938
 0.811772 0.124168 0.05621 0.00726502 0.000585176
 0.764997 0.148141 0.077277 0.00933861 0.000247198
 0.163321 0.427699 0.378323 0.0303852 0.000271297
 0.753843 0.0900009 0.118128 0.0371064 0.000921714
 0.721811 0.176058 0.0630433 0.0369309 0.00215725
 0.143369 0.312575 0.442814 0.0836902 0.0175525
 0.692698 0.0596174 0.167031 0.0765114 0.00414204
 0.394062 0.376323 0.152708 0.0712218 0.00568511
 0.125707 0.32114 0.495352 0.0537591 0.00404204
 0.23352 0.215282 0.420074 0.123614 0.00750983
 0.796117 0.104755 0.0508955 0.0450114 0.00322123
 0.162477 0.292055 0.404252 0.121198 0.0200186
pf_pred 
 0.63312 0.151034 0.198663 0.0171834 8.82946e-07
 0.56092 0.316335 0.0505301 0.066465 0.00574922
 0.698263 0.20248 0.0715092 0.0114226 0.0163244
 0.82107 0.140786 0.0255968 0.00903993 0.00350767
 0.730431 0.237931 0.0248932 0.00452592 0.00221861
 0.818188 0.145027 0.0324686 0.00339697 0.000920372
 0.476334 0.455302 0.0545319 0.0122086 0.00162338
 0.472213 0.313085 0.186673 0.022358 0.00567109
 0.579531 0.235278 0.109856 0.0655003 0.00983492
 0.717166 0.191146 0.0513045 0.0239552 0.0164275
 0.802041 0.157947 0.0270412 0.00725796 0.00571288
 0.754566 0.209242 0.0288773 0.0049439 0.00237144
 0.634854 0.302366 0.0535226 0.00738661 0.00187121
 0.585324 0.304848 0.0909449 0.0160984 0.00278455
 0.980371 0.0158324 0.00279071 0.000832548 0.000172863
 0.9253 0.0738284 0.000703057 0.000123925 4.46466e-05
 0.594668 0.387829 0.0172986 0.000164732 3.94978e-05
 0.956054 0.0317663 0.0116542 0.000519819 6.13705e-06
 0.86413 0.132393 0.00251372 0.000922211 4.16197e-05
 0.786476 0.19624 0.0168417 0.00031977 0.000122609
 0.812599 0.161453 0.0238468 0.00204658 5.37573e-05
 0.807833 0.168147 0.0206941 0.00305653 0.000269207
 0.458243 0.476718 0.0569093 0.00700391 0.00112559
 0.862768 0.0807674 0.0496861 0.00593139 0.0008473
 0.833667 0.151862 0.00851658 0.00523918 0.000714784
 0.545591 0.405694 0.044477 0.00249432 0.00174378
 0.883198 0.077197 0.0353591 0.00387648 0.00036938
 0.757152 0.224384 0.0122031 0.00558945 0.000671172
 0.584601 0.34496 0.0650833 0.00353953 0.00181591
 0.793463 0.142816 0.0529156 0.00998353 0.000821504
 0.700043 0.257564 0.0293138 0.0108612 0.00221779
 0.71673 0.228204 0.0472841 0.00538148 0.00240106
pobs_RECLAS
 0 0 0 0 0
 0 0 0 0 0
 0 0 0 0 0
 0 0 0 0 0
 0 0 0 0 0
 0 0 0 0 0
 0 0 0 0 0
 0 0 0 0 0
 0 0 0 0 0
 0 0 0 0 0
 0.991045 0.00858322 0.000360255 1.14367e-05 0
 0.934742 0.0480273 0.0164251 0.00080598 0
 0.827803 0.169806 0.00239088 0 0
 0.941827 0.0461693 0.0120037 0 0
 0.791401 0.0380133 0.147996 0.0225897 0
 0.846168 0.0940531 0.0597789 0 0
 0.134021 0.677848 0.182769 0.00536245 0
 0.80878 0.0450904 0.141981 0.00414843 0
 0.846168 0.0940531 0.0597789 0 0
 0.905697 0.0802665 0.012482 0.00150086 5.37128e-05
 0.989698 0.0102097 9.19794e-05 0 0
 0.975433 0.0193895 0.00387452 0.00125025 5.28907e-05
 0.303575 0.632131 0.0575291 0.00676475 0
 0.966965 0.00978017 0.0227588 0.000495775 0
 0.843318 0.132988 0.00938335 0.0141283 0.000182051
 0.564624 0.303363 0.111486 0.0197234 0.00080311
 0.826376 0.0876187 0.0782897 0.00655872 0.00115652
 0.89761 0.0855135 0.0140674 0.00269457 0.000114338
 0.34875 0.467042 0.161289 0.0227151 0.000203297
 0.318654 0.224769 0.449479 0.00709798 0
 0.937255 0.0296025 0.0250945 0.00804832 0
 0.456809 0.399803 0.12412 0.0192676 0
ppred_RECLAS
 0.578254 0.159882 0.240455 0.0214083 1.10648e-06
 0.517225 0.332618 0.0607494 0.0822505 0.00715637
 0.65882 0.217917 0.0879962 0.0144684 0.0207984
 0.79689 0.154698 0.0321591 0.0116906 0.00456277
 0.695578 0.264014 0.0315827 0.00591058 0.00291435
 0.790046 0.162621 0.041628 0.00448299 0.00122174
 0.4392 0.478203 0.0654873 0.0150913 0.00201845
 0.418973 0.325102 0.221631 0.0273235 0.00697121
 0.52724 0.247388 0.132074 0.0810565 0.012242
 0.677476 0.207261 0.0636062 0.0305701 0.0210867
 0.770607 0.177459 0.034738 0.00959725 0.00759846
 0.724092 0.230111 0.036311 0.0063989 0.00308735
 0.597852 0.324713 0.0657201 0.00933597 0.0023789
 0.60088 0.28225 0.0962766 0.017542 0.00305203
 0.977418 0.0176922 0.0035657 0.00109494 0.000228677
 0.918167 0.0807363 0.000879082 0.000159497 5.77987e-05
 0.569025 0.40982 0.0209006 0.00020487 4.94095e-05
 0.949606 0.0350208 0.0146904 0.000674463 8.00947e-06
 0.851734 0.143908 0.00312415 0.00117977 5.35556e-05
 0.7644 0.214029 0.0210022 0.000410459 0.000158304
 0.788954 0.17822 0.0300976 0.00265878 7.02474e-05
 0.787878 0.182234 0.0256437 0.00389866 0.000345392
 0.425575 0.496658 0.067791 0.00858782 0.00138823
 0.840337 0.0885919 0.062314 0.00765704 0.00110022
 0.814281 0.16727 0.0107257 0.0067917 0.000932026
 0.510121 0.430596 0.0539759 0.0031158 0.00219103
 0.863522 0.0859174 0.0449961 0.00507767 0.000486675
 0.729048 0.247435 0.0153862 0.00725412 0.000876168
 0.54617 0.367763 0.0793345 0.00444111 0.00229181
 0.762618 0.156924 0.0664795 0.0129105 0.00106858
 0.674006 0.273955 0.03565 0.0135962 0.00279254
 0.685442 0.246302 0.0583517 0.00683587 0.00306785
pobs_PELACES
 0 0 0 0 0
 0 0 0 0 0
 0 0 0 0 0
 0 0 0 0 0
 0 0 0 0 0
 0 0 0 0 0
 0 0 0 0 0
 0 0 0 0 0
 0 0 0 0 0
 0 0 0 0 0
 0 0 0 0 0
 0 0 0 0 0
 0 0 0 0 0
 0 0 0 0 0
 0 0 0 0 0
 0 0 0 0 0
 0.505614 0.472636 0.0217494 0 0
 0 0 0 0 0
 0.443492 0.261883 0.143347 0.151278 0
 0.227955 0.32914 0.350689 0.0885471 0.00366901
 0.970185 0.0296113 0.000203453 0 0
 0.997202 0.00247181 0.000326279 0 0
 0.445219 0.490057 0.0546422 0.010081 0
 0.90214 0.0892962 0.00764917 0.000914606 0
 0 0 0 0 0
 0.581667 0.319106 0.0959925 0.00289975 0.000334073
 0.762889 0.0836404 0.116647 0.0363945 0.000428098
 0.88444 0.0763242 0.0277011 0.0115352 0
 0.521256 0.241999 0.230069 0.00667565 0
 0.616807 0.101726 0.260614 0.0208532 0
 0.833518 0.0704572 0.0857862 0.0102388 0
 0.697417 0.212968 0.0787535 0.0105354 0.000325836
ppred_PELACES
 0.393768 0.183961 0.384591 0.037678 1.98844e-06
 0.363577 0.382068 0.0970006 0.144515 0.012839
 0.505063 0.273153 0.153326 0.0277404 0.040718
 0.687524 0.215407 0.0622468 0.0248995 0.00992307
 0.558107 0.36287 0.0603408 0.012426 0.00625616
 0.669961 0.234114 0.0833056 0.00987184 0.00274708
 0.311396 0.552994 0.10527 0.026694 0.00364559
 0.260321 0.350608 0.332255 0.0450732 0.0117423
 0.35363 0.278537 0.206709 0.139596 0.0215279
 0.521721 0.26408 0.112656 0.0595794 0.0419633
 0.638266 0.254436 0.0692345 0.0210478 0.0170156
 0.597929 0.313422 0.0687493 0.0133314 0.00656781
 0.45734 0.405951 0.114211 0.017853 0.00464506
 0.513639 0.306637 0.145395 0.0291508 0.00517872
 0.961437 0.0276435 0.0077445 0.00261687 0.000558053
 0.877978 0.119714 0.00181194 0.00036175 0.000133856
 0.454468 0.508965 0.0360819 0.000389181 9.584e-05
 0.914791 0.0528292 0.0308049 0.00155627 1.8871e-05
 0.785183 0.205901 0.00621359 0.00258197 0.00011968
 0.663068 0.295427 0.0402975 0.000866616 0.000341281
 0.683993 0.25116 0.0589609 0.00573135 0.000154621
 0.691229 0.25077 0.0490528 0.00820619 0.000742336
 0.306229 0.568408 0.107848 0.0150337 0.00248146
 0.735728 0.124109 0.121348 0.0164078 0.00240731
 0.723544 0.238336 0.021244 0.0148023 0.00207416
 0.379802 0.519749 0.0905652 0.00575272 0.00413062
 0.771507 0.125048 0.0910348 0.0113042 0.00110631
 0.61141 0.341824 0.0295467 0.0153287 0.00189047
 0.405976 0.447282 0.134126 0.008262 0.00435346
 0.631757 0.213428 0.125686 0.0268586 0.00226992
 0.554079 0.350367 0.0633783 0.0265976 0.00557809
 0.554737 0.32005 0.1054 0.013587 0.00622623
pobs_pel_tallas
 0 0 0 0 0 0 0 0 0 0 0 0 0 0 0 0 0 0 0 0 0 0 0 0 0 0
 0 0 0 0 0 0 0 0 0 0 0 0 0 0 0 0 0 0 0 0 0 0 0 0 0 0
 0 0 0 0 0 0 0 0 0 0 0 0 0 0 0 0 0 0 0 0 0 0 0 0 0 0
 0 0 0 0 0 0 0 0 0 0 0 0 0 0 0 0 0 0 0 0 0 0 0 0 0 0
 0 0 0 0 0 0 0 0 0 0 0 0 0 0 0 0 0 0 0 0 0 0 0 0 0 0
 0 0 0 0 0 0 0 0 0 0 0 0 0 0 0 0 0 0 0 0 0 0 0 0 0 0
 0 0 0 0 0 0 0 0 0 0 0 0 0 0 0 0 0 0 0 0 0 0 0 0 0 0
 0 0 0 0 0 0 0 0 0 0 0 0 0 0 0 0 0 0 0 0 0 0 0 0 0 0
 0 0 0 0 0 0 0 0 0 0 0 0 0 0 0 0 0 0 0 0 0 0 0 0 0 0
 0 0 0 0 0 0 0 0 0 0 0 0 0 0 0 0 0 0 0 0 0 0 0 0 0 0
 0 0 0 0 0 0 0 0 0 0 0 0 0 0 0 0 0 0 0 0 0 0 0 0 0 0
 0 0 0 0 0 0 0 0 0 0 0 0 0 0 0 0 0 0 0 0 0 0 0 0 0 0
 0.00862536 0 0 0.000197151 0.00414017 0.0128641 0.00837892 0.0270097 0.101434 0.158115 0.152841 0.127902 0.109271 0.109419 0.0830992 0.0579132 0.0238553 0.00714673 0.00463305 0.00128148 0.00103504 0.000492878 0.000147863 0.000147863 4.92878e-05 0
 0 0 0 0 0 0 0 0 0 0 0 0 0 0 0 0 0 0 0 0 0 0 0 0 0 0
 0 0 0 0 0 0 0 0.0054083 0.00873648 0.0413646 0.0450493 0.0745869 0.0622846 0.0627006 0.0613931 0.0827291 0.12552 0.122667 0.0946155 0.0697135 0.0546179 0.0294188 0.0215738 0.0213955 0.0102223 0.00600262
 0 0 0 0 0.00359764 0.0251062 0.0480494 0.140153 0.205849 0.193036 0.1447 0.116669 0.0760912 0.0342217 0.00950174 0.001854 0.000860785 0 0 0 0.000165536 0 0.000143464 0 0 0
 0 0 0 0 0 0 0 0.000145254 0.000435761 0.0275982 0.070085 0.0708112 0.156366 0.174668 0.174014 0.160142 0.0824315 0.0480064 0.0283245 0.00493863 0.00203355 0 0 0 0 0
 0 0 0 0 0 0 0 0 0 0 0 0 0 0 0 0 0 0 0 0 0 0 0 0 0 0
 0 0 1.00437e-05 0.000401748 0.00122533 0.00171747 0.00176769 0.0269171 0.070346 0.194647 0.189555 0.159765 0.064822 0.0314167 0.0384472 0.0292271 0.0345202 0.0313363 0.0194345 0.0106764 0.0143323 0.0359363 0.0279516 0.0138201 0.00172751 0
 0 0.0021121 0.0136068 0.0755702 0.200478 0.177729 0.0527432 0.0373336 0.0318909 0.0142505 0.0149659 0.0166563 0.0217959 0.0798694 0.0677717 0.0528807 0.04013 0.0224614 0.0357745 0.0225083 0.00881397 0.00855152 0.00135912 0.000746735 0 0
 0 0 0 0 5.4009e-05 0.00500934 0.000945158 0.0243581 0.138947 0.33067 0.221406 0.137944 0.0707744 0.0437923 0.0131692 0.00525238 0.0047753 0.00276346 9.45158e-05 9.00151e-06 2.25038e-05 9.00151e-06 4.50075e-06 0 0 0
 0.000866109 0.00284123 0.00948549 0.0512746 0.133035 0.25785 0.225252 0.132002 0.0553304 0.0519788 0.0540692 0.017754 0.00435017 0.00159236 0.00146478 0.000404838 0.000125132 0.000115318 0.000107957 0.000100596 0 0 0 0 0 0
 0 0 0 0 0.00144013 0.00171154 0.00461396 0.0210425 0.0478622 0.0707936 0.0888783 0.103762 0.0637923 0.0337046 0.0602308 0.124433 0.169614 0.0934646 0.0462172 0.0250306 0.0313229 0.00938855 0.002487 0.000210481 0 0
 0 0.00764035 0.051015 0.0998891 0.058973 0.0496711 0.0374665 0.0718981 0.12319 0.153886 0.159021 0.0857701 0.0377988 0.023471 0.0147837 0.00900784 0.00315554 0.000888139 0.00291439 0.00214683 0.00393193 0.00274676 0.000635225 9.99891e-05 0 0
 0 0 0 0 0 0 0 0 0 0 0 0 0 0 0 0 0 0 0 0 0 0 0 0 0 0
 0 0 0 0 0 0 0 0 0 0 0 0 0 0 0 0 0 0 0 0 0 0 0 0 0 0
 0 0 0 0 0 0 0 0 0 0 0 0 0 0 0 0 0 0 0 0 0 0 0 0 0 0
 0 0 0 0 0 0 0 0 0 0 0 0 0 0 0 0 0 0 0 0 0 0 0 0 0 0
 0 0 0 0 0 0 0 0 0 0 0 0 0 0 0 0 0 0 0 0 0 0 0 0 0 0
 0 0 0 0 0 0 0 0 0 0 0 0 0 0 0 0 0 0 0 0 0 0 0 0 0 0
 0 0 0 0 0 0 0 0 0 0 0 0 0 0 0 0 0 0 0 0 0 0 0 0 0 0
 0 0 0 0 0 0 0 0 0 0 0 0 0 0 0 0 0 0 0 0 0 0 0 0 0 0
ppred_pel_tallas
 1.14925e-16 3.24342e-05 0.000315272 0.00209509 0.00952401 0.0296328 0.0631365 0.0921534 0.0921717 0.0632262 0.0299355 0.0104054 0.00433475 0.00529415 0.00975071 0.0167522 0.0257191 0.03565 0.045426 0.0543486 0.0622121 0.068769 0.0731591 0.0739998 0.0701894 0.0617668
 1.19563e-16 2.99475e-05 0.0002911 0.00193446 0.00879381 0.027361 0.0582969 0.0850938 0.0851307 0.0584774 0.0279676 0.0105475 0.00634288 0.00993631 0.0184138 0.0305745 0.0444846 0.0569281 0.0646979 0.0664616 0.0635819 0.0591031 0.0557008 0.0542003 0.0535788 0.0520711
 1.14168e-16 4.16014e-05 0.000404381 0.00268725 0.0122159 0.0380083 0.0809816 0.118201 0.118227 0.0811113 0.0384442 0.0134775 0.00586357 0.00736966 0.0133625 0.0222689 0.0326502 0.0422764 0.0488888 0.0514528 0.0506999 0.0484369 0.0462141 0.0444505 0.0425595 0.0397065
 1.06028e-16 5.66305e-05 0.000550468 0.00365806 0.016629 0.0517391 0.110236 0.160898 0.160918 0.110338 0.0520809 0.0176171 0.00614106 0.00598045 0.0103976 0.017175 0.024915 0.0317146 0.0356733 0.0359268 0.0331396 0.0289911 0.0250842 0.022144 0.0199828 0.0180125
 1.04139e-16 4.59706e-05 0.000446851 0.00296948 0.0134989 0.0420001 0.089487 0.130616 0.130651 0.089658 0.0425742 0.0151573 0.00713313 0.00953849 0.0173196 0.0285781 0.0412056 0.0519054 0.0573413 0.0559679 0.0489348 0.0392738 0.0300548 0.0229543 0.0180638 0.0146237
 1.03919e-16 5.51839e-05 0.000536407 0.00356461 0.0162042 0.0504175 0.107421 0.156788 0.156811 0.107531 0.0507893 0.0172792 0.0062668 0.0064477 0.011318 0.0187179 0.0271773 0.0346301 0.0389887 0.0392602 0.0360819 0.0311843 0.0262505 0.0220965 0.0186587 0.0155236
 1.06474e-16 2.56494e-05 0.000249322 0.00165683 0.00753175 0.0234344 0.0499314 0.0728875 0.0729408 0.050192 0.0243098 0.0100608 0.00800715 0.0141193 0.0263882 0.0436394 0.06299 0.0794796 0.0880507 0.0863523 0.0761032 0.0618464 0.048153 0.037475 0.0298967 0.024279
 1.16186e-16 2.14424e-05 0.000208428 0.00138508 0.00629638 0.0195906 0.041741 0.0609294 0.0609637 0.0419086 0.0201544 0.00793064 0.00550901 0.00928288 0.0174662 0.0293911 0.0436189 0.0575271 0.0683669 0.0747481 0.077206 0.0773045 0.076117 0.073462 0.0684206 0.0604501
 1.2368e-16 2.91281e-05 0.000283136 0.00188154 0.00855321 0.0266124 0.0567014 0.0827631 0.0827903 0.0568343 0.0270593 0.00984818 0.00514768 0.00746537 0.0138249 0.0232225 0.0344356 0.0454175 0.0541134 0.059662 0.0628236 0.0651581 0.0676305 0.0698215 0.0702904 0.067631
 1.16395e-16 4.29735e-05 0.000417718 0.00277588 0.0126188 0.0392618 0.0836524 0.122098 0.122124 0.0837775 0.0396824 0.0138355 0.00583722 0.00712509 0.0128546 0.0213785 0.0312614 0.0403269 0.0464042 0.0485657 0.0476623 0.0456269 0.0441093 0.0435338 0.0431633 0.0418633
 1.07054e-16 5.25732e-05 0.00051103 0.00339598 0.0154376 0.0480323 0.102339 0.149372 0.149396 0.102459 0.0484359 0.0166041 0.00632685 0.00691901 0.0122517 0.020249 0.0293489 0.0373018 0.0418511 0.0419698 0.0384522 0.033313 0.0284949 0.0249091 0.0223743 0.0202029
 1.04513e-16 4.92507e-05 0.000478734 0.00318136 0.014462 0.0449969 0.0958717 0.139934 0.139964 0.0960195 0.0454933 0.0158964 0.00678386 0.00834938 0.0150157 0.0247948 0.0358271 0.0452921 0.0503391 0.0496423 0.0441629 0.0364382 0.0290033 0.0231911 0.0190097 0.0158032
 1.05977e-16 3.76706e-05 0.000366171 0.00243334 0.0110616 0.0344171 0.0733306 0.107036 0.107076 0.0735223 0.0350609 0.0129223 0.00710818 0.0105856 0.0194877 0.0322657 0.0467277 0.0592836 0.066274 0.0659765 0.059568 0.0502012 0.0409924 0.0335292 0.0277767 0.0229595
 1.08075e-16 4.23078e-05 0.000411247 0.00273288 0.0124233 0.0386537 0.0823568 0.120208 0.120238 0.0825021 0.039142 0.0138359 0.00628666 0.00819563 0.0149039 0.0247753 0.0361601 0.0464646 0.0530426 0.0546343 0.0520194 0.0472863 0.0423584 0.0379978 0.0338937 0.0294346
 1.00588e-16 7.91923e-05 0.000769777 0.00511544 0.0232541 0.072352 0.154154 0.224992 0.224995 0.154167 0.0723959 0.0233808 0.00543391 0.00146608 0.00140481 0.00220552 0.00318933 0.00405256 0.00454436 0.00455071 0.00415473 0.00357181 0.00301077 0.00257146 0.00223945 0.00194941
 1.00142e-16 7.23179e-05 0.000702956 0.00467139 0.0212355 0.0660715 0.140773 0.205464 0.205476 0.140829 0.0662603 0.0217804 0.00603812 0.00368251 0.00571919 0.00930941 0.0133305 0.0166095 0.0180055 0.0169949 0.0139886 0.010074 0.00639305 0.003631 0.00190642 0.000981296
 1.01227e-16 3.74341e-05 0.000363872 0.00241806 0.0109922 0.0342011 0.0728708 0.106367 0.106416 0.0731101 0.0350046 0.0133123 0.00823868 0.01306 0.0241191 0.0397336 0.0570422 0.0713234 0.0777817 0.0741904 0.0622263 0.0463691 0.0312893 0.0197423 0.0121692 0.0076209
 1.01062e-16 7.53501e-05 0.00073243 0.00486725 0.0221258 0.0688417 0.146675 0.214077 0.214082 0.1467 0.068926 0.0223697 0.0054812 0.00207831 0.00264786 0.00430081 0.00628677 0.00810939 0.00930917 0.00965998 0.00927475 0.00848247 0.00758543 0.00670311 0.00579854 0.00480991
 1.00512e-16 6.46746e-05 0.00062866 0.00417767 0.0189911 0.0590884 0.125895 0.183751 0.183771 0.125992 0.0594132 0.0199288 0.00652963 0.00575701 0.00978665 0.0160306 0.0229775 0.028666 0.0311453 0.0295192 0.0244899 0.0179122 0.0117246 0.00707728 0.00415184 0.00253095
 1.01384e-16 5.46161e-05 0.000530888 0.00352794 0.0160375 0.0498988 0.106316 0.155177 0.155205 0.106455 0.0503658 0.0173864 0.00691346 0.00792029 0.0140846 0.0231877 0.0333704 0.0419018 0.0460268 0.044456 0.0381191 0.0295194 0.0212386 0.0147584 0.0102773 0.00727145
 1.02367e-16 5.63397e-05 0.000547642 0.00363927 0.0165436 0.0514735 0.109671 0.160072 0.160097 0.109789 0.0518714 0.0176933 0.00652677 0.00685644 0.0120535 0.0198777 0.028721 0.0363048 0.0403312 0.0397164 0.0352004 0.0287874 0.0224963 0.0174154 0.0136115 0.0106475
 1.02429e-16 5.69356e-05 0.000553435 0.00367777 0.0167186 0.052018 0.110831 0.161766 0.16179 0.110949 0.0524149 0.0178655 0.00655755 0.00684322 0.0120117 0.0197917 0.0285603 0.0360283 0.0398925 0.0390765 0.034348 0.0277584 0.0213822 0.0163477 0.012725 0.0100368
 1.05186e-16 2.52238e-05 0.000245184 0.00162934 0.00740676 0.0230455 0.0491029 0.0716786 0.0717334 0.0493708 0.0239452 0.0100059 0.00815531 0.0144976 0.0271112 0.0448265 0.064677 0.0815467 0.0902115 0.0882257 0.0773333 0.0622026 0.0475661 0.0360187 0.0277495 0.0216898
 1.05587e-16 6.0601e-05 0.000589063 0.00391453 0.0177949 0.0553666 0.117965 0.172176 0.172188 0.118024 0.0555663 0.0183738 0.0053756 0.0038049 0.00624513 0.0104296 0.0154866 0.020451 0.02435 0.0266886 0.0276438 0.0277473 0.0273532 0.0263785 0.0244958 0.0215318
 1.0251e-16 5.95974e-05 0.000579308 0.00384971 0.0175002 0.0544498 0.116012 0.169328 0.169351 0.116124 0.0548263 0.0185876 0.00657838 0.00653353 0.0113606 0.0186689 0.0268464 0.0336778 0.036952 0.0356619 0.0306117 0.0238819 0.0175933 0.0129242 0.00994615 0.00809672
 1.04023e-16 3.12839e-05 0.000304091 0.00202079 0.00918626 0.0285821 0.0608991 0.0888945 0.0889446 0.061144 0.0294045 0.0115618 0.00798459 0.0133263 0.0247718 0.0409256 0.059001 0.0742901 0.081992 0.0798572 0.0694906 0.0552045 0.0413996 0.0305341 0.0228503 0.0173993
 1.0398e-16 6.3548e-05 0.000617709 0.0041049 0.0186603 0.0580591 0.123701 0.180548 0.180561 0.123761 0.0582593 0.0192399 0.00556534 0.00382428 0.00620732 0.0103018 0.0151607 0.0197448 0.0230159 0.0244591 0.0243141 0.0232711 0.0219064 0.0203517 0.0184074 0.0158938
 1.02798e-16 5.03611e-05 0.000489528 0.00325309 0.0147881 0.0460114 0.0980333 0.143089 0.143122 0.0981942 0.0465513 0.0163473 0.00716564 0.00902634 0.0162507 0.0267534 0.0384591 0.0482079 0.0528167 0.0508261 0.0433794 0.0334625 0.0241386 0.0171386 0.0126193 0.0098253
 1.05551e-16 3.34398e-05 0.000325047 0.00216005 0.00981931 0.0305518 0.0650954 0.0950176 0.0950609 0.0653066 0.0312613 0.01187 0.00731271 0.01159 0.0214763 0.0355775 0.0515373 0.0654058 0.073141 0.0728199 0.0656992 0.0552088 0.0447565 0.0361087 0.0292958 0.0235692
 1.0676e-16 5.20371e-05 0.000505819 0.00336134 0.0152802 0.0475425 0.101295 0.147847 0.147868 0.101396 0.0478832 0.0162663 0.00584413 0.0059506 0.0104656 0.0174101 0.0255203 0.0330245 0.0381255 0.0399588 0.0390172 0.036629 0.0339545 0.0313491 0.028491 0.0249613
 1.0553e-16 4.56388e-05 0.000443626 0.00294805 0.0134014 0.041697 0.0888411 0.129673 0.129707 0.0890063 0.0422516 0.0150037 0.00697139 0.00923129 0.016749 0.0276546 0.0399227 0.0503972 0.0558906 0.054941 0.0486692 0.0399769 0.0317572 0.0255198 0.0212325 0.0180675
 1.0554e-16 4.5693e-05 0.000444153 0.00295155 0.0134173 0.0417465 0.0889465 0.129826 0.129857 0.0890977 0.0422546 0.014886 0.00664274 0.00851707 0.0154216 0.0255372 0.0370491 0.0471439 0.0529617 0.0531501 0.0486067 0.0417445 0.03492 0.02929 0.0247736 0.0207678
pSPR Fmed_Fpbrs
0.557642   0.229733 0.229733
Fs Fmed_Fpbrs
0.34   1.005 1.005
SSBpbr Bo_Bmed_Bpbrs
517714  262813  93050 93050
Ro
96982.9
SPR SPRFo_SPRFmed_SPRFpbrs
698093 389286 160375
Fref
1.005
Nvult_r0
 28398.5 7555.03 1565.41 178.162 79.4909
CTP_r0
 11921.7 3786.94 784.657 89.3031 39.8445
YTP_r0
223255
Np
 86032.8 15351.1 847.756 162.891 38.2961
Nvult_p0
 70681.7 13283.9 733.597 140.956 33.1391
CTP_p0
 29672.2 2730.67 524.681 108.714 14.0872
 29672.2 6658.51 367.713 70.6537 16.6109
YTP_p0
 287909 351568
CBA_c0
242651
log_Ro
11.3023
likeval ReclasPelacesDesembMPH_pf_preclas_ppelaces_ptallas_desvR_qrecl_qpela
 0.000570718 19.9873 0.0243014 48.5789 263.311 144.092 120.77 0 18.8201 0.000135584 0.000454847 0.0386009 0 0 0
q_reclas_q_pelaces
5.18993 20.4118
M
1
N
 148294 26675.3 35087.4 3034.91 0.155944
 91336 40199.8 6421.36 8446.36 730.61
 84358.1 19080 6738.42 1076.37 1538.27
 130766 17703.7 3218.78 1136.76 441.087
 102530 24798.7 2594.52 471.719 231.237
 232573 30923.2 6923.09 724.316 196.246
 87520.8 65406.5 7833.8 1753.83 233.207
 37170.9 18015.8 10741.7 1286.54 326.33
 40296.6 12423.6 5800.84 3458.67 519.323
 50522.6 10381.2 2786.35 1301.01 892.181
 80504.8 11627.1 1990.6 534.286 420.547
 122876 26349.8 3636.51 622.584 298.635
 74279.6 27606.8 4886.76 674.418 170.847
 33009.9 15530.8 4633.28 820.149 141.861
 75263.8 973.307 171.561 51.1815 10.6269
 193509 12608.2 120.066 21.1635 7.62459
 50568.4 26873.1 1198.64 11.4145 2.73685
 266533 7176.16 2632.73 117.429 1.38639
 319535 39949.5 758.514 278.277 12.5587
 223993 44687.3 3835.15 72.8173 27.9202
 244124 38044.3 5619.17 482.248 12.6672
 290615 48951.3 6024.51 889.824 78.3723
 53021 44120.3 5266.97 648.213 104.174
 120449 8972.14 5519.43 658.895 94.1233
 147646 21360 1197.89 736.911 100.537
 45539.5 26626.2 2919.08 163.705 114.447
 130731 8944.3 4096.82 449.141 42.7975
 116164 26656.8 1449.72 664.025 79.735
 56165.5 25832.8 4873.85 265.063 135.987
 84760 11852.1 4391.39 828.52 68.1755
 61286 18366.5 2090.33 774.498 158.148
 34566.2 8730.71 1809.01 205.887 91.8609
pred_Ctot
 25284.5 6031.72 7933.85 686.243 0.0352616
 26112.6 14726.4 2352.34 3094.16 267.644
 23962.7 6948.64 2454.02 391.995 560.213
 42231.9 7241.36 1316.58 464.971 180.418
 11867.4 3865.71 404.443 73.5334 36.0462
 35392 6273.35 1404.48 146.941 39.8121
 25532 24404.6 2922.96 654.394 87.0146
 2166.18 1436.21 856.321 102.562 26.0149
 7858.39 3190.34 1489.64 888.179 133.361
 12419.5 3310.16 888.46 414.842 284.483
 5666.26 1115.87 191.04 51.276 40.3604
 31463.3 8724.79 1204.1 206.147 98.8824
 21209.9 10101.8 1788.14 246.78 62.5155
 22945.2 11950.3 3565.13 631.073 109.157
 27586.9 445.511 78.5286 23.4273 4.86423
 82228.8 6560.93 62.4787 11.0129 3.96761
 21169 13805.9 615.795 5.86413 1.40604
 107196 3561.75 1306.7 58.2839 0.688108
 135131 20703.3 393.09 144.214 6.5084
 81062.5 20226.5 1735.88 32.9589 12.6374
 73710 14645.3 2163.12 185.643 4.87627
 115734 24089.4 2964.72 437.891 38.5678
 19254.4 20030.7 2391.21 294.29 47.2952
 41802.5 3913.31 2407.37 287.385 41.053
 50369 9175.28 514.559 316.544 43.1862
 14110.6 10492.4 1150.3 64.5103 45.0993
 38622.8 3375.87 1546.27 169.521 16.1532
 30244.7 8963.12 487.456 223.273 26.8102
 15830.6 9341.29 1762.41 95.8482 49.1737
 22979 4136 1532.45 289.126 23.791
 25586 9413.74 1071.39 396.967 81.0583
 11670.6 3715.87 769.931 87.6271 39.0968
F
 0.305333 0.424107 0.424107 0.424107 0.424107
 0.565902 0.786037 0.786037 0.786037 0.786037
 0.561296 0.77964 0.77964 0.77964 0.77964
 0.662617 0.920374 0.920374 0.920374 0.920374
 0.198652 0.275928 0.275928 0.275928 0.275928
 0.268581 0.373058 0.373058 0.373058 0.373058
 0.580628 0.806491 0.806491 0.806491 0.806491
 0.0959287 0.133245 0.133245 0.133245 0.133245
 0.356275 0.494865 0.494865 0.494865 0.494865
 0.469083 0.651555 0.651555 0.651555 0.651555
 0.116857 0.162314 0.162314 0.162314 0.162314
 0.493111 0.68493 0.68493 0.68493 0.68493
 0.565011 0.784799 0.784799 0.784799 0.784799
 2.52386 3.50564 3.50564 3.50564 3.50564
 0.786654 1.09266 1.09266 1.09266 1.09266
 0.974196 1.35316 1.35316 1.35316 1.35316
 0.952561 1.32311 1.32311 1.32311 1.32311
 0.897883 1.24716 1.24716 1.24716 1.24716
 0.967177 1.34341 1.34341 1.34341 1.34341
 0.772862 1.0735 1.0735 1.0735 1.0735
 0.606852 0.842916 0.842916 0.842916 0.842916
 0.885078 1.22937 1.22937 1.22937 1.22937
 0.776564 1.07865 1.07865 1.07865 1.07865
 0.729708 1.01356 1.01356 1.01356 1.01356
 0.712924 0.990251 0.990251 0.990251 0.990251
 0.627564 0.871686 0.871686 0.871686 0.871686
 0.590098 0.819645 0.819645 0.819645 0.819645
 0.503355 0.69916 0.69916 0.69916 0.69916
 0.555796 0.772 0.772 0.772 0.772
 0.529292 0.735186 0.735186 0.735186 0.735186
 0.948705 1.31775 1.31775 1.31775 1.31775
 0.70304 0.976522 0.976522 0.976522 0.976522
YTP_r0W_actual
 102526 93916 21891.9 3331.01 1589.8
YTP_p0W_proyectada
 223728 47650.2 12629.1 3404.94 496.576
 223728 116191 8850.85 2212.87 585.534
CTP_r0_actual
 11921.7 3786.94 784.657 89.3031 39.8445
CTP_p0_proyectada
 29672.2 2730.67 524.681 108.714 14.0872
 29672.2 6658.51 367.713 70.6537 16.6109
Wmedp
 7.54 17.45 24.07 31.32 35.25
Frms_r0
 0.723543 1.005 1.005 1.005 1.005
Zrms_r0
 1.72354 2.005 2.005 2.005 2.005
nmprior
 7.29 8.9 8.7 0
nm_flota  nm_reclas  nm_pelaces    nm_pelaL
inf 7.85308 9.16513 22.2328
cv_recla  cv_pelaces  cv_mph
0.704469 0.489742 0.569087
 ------------------------------------------------
Talla a la edad & desviaci?n 
 8 13.2811 15.8009 17.003 17.5766
 0.8 1.32811 1.58009 1.7003 1.75766
