years
 1991 1992 1993 1994 1995 1996 1997 1998 1999 2000 2001 2002 2003 2004 2005 2006 2007 2008 2009 2010 2011 2012 2013 2014 2015 2016 2017 2018 2019 2020 2021 2022 2023
reclasobs
 0 0 0 0 0 0 0 0 0 252601 567819 844713 477998 351125 339783 2.1784e+06 2.13404e+06 4.81314e+06 1.55562e+06 2.62356e+06 3.21686e+06 3.843e+06 1.13348e+06 3.07943e+06 1.97215e+06 2.03268e+06 2.025e+06 2.42433e+06 2.27542e+06 1.05018e+06 2.36338e+06 3.18982e+06 1.53035e+06
reclaspred
 4.7762e+06 2.57622e+06 1.25703e+06 1.54334e+06 1.85073e+06 4.13201e+06 2.88975e+06 2.51196e+06 1.90886e+06 1.40863e+06 1.44075e+06 1.89575e+06 1.46734e+06 269888 876886 1.46539e+06 991354 2.20518e+06 2.51629e+06 2.30413e+06 3.90914e+06 2.66794e+06 1.51306e+06 1.95504e+06 1.66105e+06 1.38776e+06 2.04912e+06 2.24837e+06 1.7472e+06 1.54579e+06 1.13727e+06 797593 166770
pelacesobs
 0 0 0 0 0 0 0 0 0 0 0 0 0 0 0 552880 188675 0 991730 2.46772e+06 1.41603e+06 1.21717e+06 2.29649e+06 1.80582e+06 0 1.4828e+06 1.56532e+06 1.57751e+06 1.42118e+06 867257 1.10002e+06 1.06204e+06 0
pelacespred
 3.88273e+06 2.12862e+06 971851 942864 1.42457e+06 3.14609e+06 2.28359e+06 2.42788e+06 1.79653e+06 1.22246e+06 1.3124e+06 1.37403e+06 1.12591e+06 106819 572431 803275 557336 1.30934e+06 1.57094e+06 1.37656e+06 2.56374e+06 1.7365e+06 1.03884e+06 1.36704e+06 1.0981e+06 982978 1.64679e+06 1.71877e+06 1.30504e+06 1.18953e+06 694824 523709 42739.4
mphobs
 0 0 0 0 0 0 0 0 0 0 0 0 498337 0 5186 125008 0 168611 109162 213762 579715 649985 157893 87575 83554 210694 70296 0 107559 103333 445601 22526 28222
mphpred
 884401 599714 268636 155087 231631 338418 651644 377989 354310 256924 168902 263693 269880 110524 9452.31 110778 179758 100607 232609 247457 344033 369659 237835 132552 209670 194364 142680 247194 331181 201159 152097 105641 30072.9
desembarqueobs
 494567 514787 250237 358949 120608 361735 552515 73892 212993 205616 52469 317467 293654 387597 252695 516296 358380 742168 942051 627588 828172 859565 418607 520667 417249 300574 415391 372974 316634 284311 391294 218835 356480
desembarquepred
 494556 514382 250418 358938 120608 361710 552447 73894.1 213017 205647 52471.4 317490 293764 387862 252632 516154 358264 741694 941184 627114 828227 859407 418519 520708 417067 300544 415312 372895 316451 284121 391256 218826 356583
Reclutas
 145266 94556.9 83901.9 135872 103629 243611 92625.3 38814.8 42880.3 53826.9 82462.3 121292 72486.4 33790 75081.2 199241 47029.3 267545 314617 237133 239888 298424 53357.1 118218 154152 45609.2 133301 122163 56373.5 81846.6 64088.9 29137.7 45155.8
log_desv_Rt
 0.418328 -0.011035 -0.130588 0.351477 0.0805799 0.935336 -0.0316744 -0.901434 -0.801825 -0.574463 -0.147895 0.237964 -0.276837 -1.04007 -0.241665 0.734278 -0.709465 1.02905 1.19112 0.908383 0.919938 1.13828 -0.583229 0.212292 0.477705 -0.740127 0.33237 0.245118 -0.528237 -0.155389 -0.399965 -1.1882 -0.750118
SSB
 884401 599714 268636 155087 231631 338418 651644 377989 354310 256924 168902 263693 256066 105871 9084.51 106023 179758 100607 243382 257366 369335 429031 296624 154777 221978 224595 150276 247194 348462 194509 181276 131555 36881.2
BT
 1.45673e+06 1.06908e+06 489955 629396 542266 1.49077e+06 1.1006e+06 813082 754424 572082 491377 718325 621577 423567 515524 748317 450871 1.23867e+06 1.51369e+06 992592 1.66603e+06 1.3491e+06 681140 1.0622e+06 732530 573547 1.11794e+06 967333 626179 688312 565129 355830 311467
Ftot
 0.409283 0.76077 0.754777 0.840502 0.256159 0.333185 0.732334 0.119048 0.434003 0.561823 0.141872 0.630986 0.751319 3.30106 0.984465 1.19334 1.25968 1.14215 1.26354 0.963006 0.774208 1.12784 1.00808 0.937671 0.901343 0.807037 0.729017 0.610896 0.695502 0.680735 1.1938 0.99434 4.10191
BD_Bspro_t
 0.936613 0.607457 0.340236 0.251043 0.306135 0.442425 0.543166 0.370687 0.437202 0.411926 0.383146 0.58328 0.438509 0.201224 0.024629 0.217165 0.224251 0.133065 0.221366 0.201724 0.219932 0.241993 0.198808 0.13364 0.205649 0.24037 0.208561 0.33111 0.392144 0.276881 0.279432 0.198834 0.0951583
BD_Bspro
 1.28401 0.870691 0.390017 0.225162 0.336293 0.49133 0.946087 0.548782 0.514404 0.373014 0.24522 0.382842 0.371768 0.153708 0.0131893 0.153929 0.26098 0.146066 0.353353 0.373655 0.536217 0.622887 0.430653 0.224712 0.322277 0.326077 0.218177 0.358887 0.505913 0.282398 0.263185 0.190997 0.0535458
BD_Bo
 1.63345 1.10765 0.496159 0.286439 0.427813 0.625043 1.20356 0.698129 0.654396 0.474528 0.311955 0.48703 0.472943 0.195539 0.0167787 0.19582 0.332005 0.185818 0.449516 0.475343 0.682146 0.792402 0.547852 0.285867 0.409983 0.414817 0.277553 0.456556 0.643595 0.359251 0.334809 0.242976 0.068118
BD_Brms
 10.1203 6.86257 3.07402 1.77467 2.65057 3.87254 7.45682 4.32536 4.0544 2.94 1.93276 3.01746 2.93019 1.21149 0.103955 1.21323 2.05698 1.15126 2.78504 2.94505 4.22633 4.90944 3.3943 1.77113 2.54011 2.57005 1.71962 2.82866 3.98748 2.22579 2.07435 1.50539 0.422035
Sel_flota
 0.804376 1 1 1 1
 0.804376 1 1 1 1
 0.804376 1 1 1 1
 0.804376 1 1 1 1
 0.804376 1 1 1 1
 0.804376 1 1 1 1
 0.804376 1 1 1 1
 0.804376 1 1 1 1
 0.804376 1 1 1 1
 0.804376 1 1 1 1
 0.804376 1 1 1 1
 0.804376 1 1 1 1
 0.804376 1 1 1 1
 0.804376 1 1 1 1
 0.804376 1 1 1 1
 0.804376 1 1 1 1
 0.804376 1 1 1 1
 0.804376 1 1 1 1
 0.804376 1 1 1 1
 0.804376 1 1 1 1
 0.804376 1 1 1 1
 0.804376 1 1 1 1
 0.804376 1 1 1 1
 0.804376 1 1 1 1
 0.804376 1 1 1 1
 0.804376 1 1 1 1
 0.804376 1 1 1 1
 0.804376 1 1 1 1
 0.804376 1 1 1 1
 0.804376 1 1 1 1
 0.804376 1 1 1 1
 0.804376 1 1 1 1
 0.804376 1 1 1 1
Sel_reclas
 0.70209 1 1 1 1
 0.70209 1 1 1 1
 0.70209 1 1 1 1
 0.70209 1 1 1 1
 0.70209 1 1 1 1
 0.70209 1 1 1 1
 0.70209 1 1 1 1
 0.70209 1 1 1 1
 0.70209 1 1 1 1
 0.70209 1 1 1 1
 0.70209 1 1 1 1
 0.70209 1 1 1 1
 0.70209 1 1 1 1
 0.70209 1 1 1 1
 0.70209 1 1 1 1
 0.70209 1 1 1 1
 0.70209 1 1 1 1
 0.70209 1 1 1 1
 0.70209 1 1 1 1
 0.70209 1 1 1 1
 0.70209 1 1 1 1
 0.70209 1 1 1 1
 0.70209 1 1 1 1
 0.70209 1 1 1 1
 0.70209 1 1 1 1
 0.70209 1 1 1 1
 0.70209 1 1 1 1
 0.70209 1 1 1 1
 0.70209 1 1 1 1
 0.70209 1 1 1 1
 0.70209 1 1 1 1
 0.70209 1 1 1 1
 0.70209 1 1 1 1
Sel_pelaces
 0.5 1 1 1 1
 0.5 1 1 1 1
 0.5 1 1 1 1
 0.5 1 1 1 1
 0.5 1 1 1 1
 0.5 1 1 1 1
 0.5 1 1 1 1
 0.5 1 1 1 1
 0.5 1 1 1 1
 0.5 1 1 1 1
 0.5 1 1 1 1
 0.5 1 1 1 1
 0.5 1 1 1 1
 0.5 1 1 1 1
 0.5 1 1 1 1
 0.5 1 1 1 1
 0.5 1 1 1 1
 0.5 1 1 1 1
 0.5 1 1 1 1
 0.5 1 1 1 1
 0.5 1 1 1 1
 0.5 1 1 1 1
 0.5 1 1 1 1
 0.5 1 1 1 1
 0.5 1 1 1 1
 0.5 1 1 1 1
 0.5 1 1 1 1
 0.5 1 1 1 1
 0.5 1 1 1 1
 0.5 1 1 1 1
 0.5 1 1 1 1
 0.5 1 1 1 1
 0.5 1 1 1 1
pf_obs 
 0.8446 0.082 0.0669 0.0065 0
 0.8095 0.147 0.0364 0.0071 0
 0.9664 0.0169 0.016 0.0007 0
 0.9276 0.0648 0.0075 0.0001 0
 0.7033 0.2144 0.0806 0.0017 0
 0.9318 0.0425 0.0243 0.0014 0
 0.5671 0.3108 0.0964 0.0239 0.0018
 0.0768 0.2599 0.5324 0.112 0.0189
 0.490249 0.384438 0.106611 0.0170017 0.00170017
 0.7925 0.1577 0.0466 0.003 0.0002
 0.840416 0.127587 0.0312969 0.00059994 9.999e-05
 0.8084 0.0986 0.0794 0.0134 0.0002
 0.7335 0.1905 0.0724 0.0035 0.0001
 0.4001 0.4547 0.1325 0.0127 0
 0.49795 0.308269 0.164784 0.0264974 0.00249975
 0.9179 0.0499 0.0305 0.0017 0
 0.2467 0.6533 0.0926 0.0074 0
 0.9418 0.0223 0.034 0.0019 0
 0.707729 0.231977 0.0356964 0.0245975 0
 0.517169 0.277429 0.184464 0.0207286 0.00020938
 0.811772 0.124168 0.05621 0.00726502 0.000585176
 0.764997 0.148141 0.077277 0.00933861 0.000247198
 0.163321 0.427699 0.378323 0.0303852 0.000271297
 0.753843 0.0900009 0.118128 0.0371064 0.000921714
 0.721811 0.176058 0.0630433 0.0369309 0.00215725
 0.143369 0.312575 0.442814 0.0836902 0.0175525
 0.692698 0.0596174 0.167031 0.0765114 0.00414204
 0.394062 0.376323 0.152708 0.0712218 0.00568511
 0.125707 0.32114 0.495352 0.0537591 0.00404204
 0.23352 0.215282 0.420074 0.123614 0.00750983
 0.796117 0.104755 0.0508955 0.0450114 0.00322123
 0.162477 0.292055 0.404252 0.121198 0.0200186
 0 0 0 0 0
pf_pred 
 0.64685 0.148002 0.188767 0.0163804 8.25228e-07
 0.595611 0.285143 0.049975 0.0637398 0.00553135
 0.716129 0.189634 0.066448 0.0116458 0.0161425
 0.842355 0.122171 0.0236977 0.00830367 0.00347257
 0.746579 0.223178 0.0234379 0.00454629 0.00225922
 0.836689 0.129104 0.0301241 0.00316361 0.000918596
 0.49885 0.435431 0.0519537 0.0121225 0.00164275
 0.489595 0.293658 0.188323 0.0224699 0.00595343
 0.600573 0.218611 0.104031 0.0667154 0.0100693
 0.729034 0.179702 0.0499502 0.0237701 0.0175445
 0.806254 0.151454 0.0280478 0.00779624 0.00644837
 0.760317 0.20139 0.0299343 0.00554355 0.0028154
 0.649776 0.283645 0.0559417 0.00831509 0.00232193
 0.608418 0.280705 0.0897994 0.0177106 0.00336758
 0.982528 0.0132827 0.00300293 0.000960659 0.000225491
 0.93192 0.0672317 0.000645235 0.000145874 5.76197e-05
 0.582172 0.397798 0.0197801 0.000189833 5.98692e-05
 0.961269 0.0259945 0.0121255 0.000602927 7.61131e-06
 0.871922 0.124592 0.00233927 0.00109119 5.4943e-05
 0.815607 0.167597 0.0163396 0.000306784 0.000150309
 0.813737 0.160436 0.0234738 0.00228855 6.40209e-05
 0.824088 0.150708 0.0217088 0.00317627 0.00031833
 0.474653 0.457415 0.0581987 0.00838325 0.0013495
 0.867072 0.0745467 0.0508318 0.00646752 0.00108158
 0.853322 0.132197 0.00812108 0.00553759 0.000822395
 0.557338 0.394025 0.0438351 0.00269286 0.0021089
 0.890946 0.069121 0.0355449 0.00395436 0.000433167
 0.7756 0.205877 0.0117401 0.00603724 0.000745214
 0.587861 0.338932 0.0671643 0.00383002 0.00221267
 0.793618 0.135991 0.0578874 0.0114712 0.00103205
 0.728762 0.227478 0.0288351 0.0122742 0.00265115
 0.688735 0.247722 0.0532916 0.00675524 0.00349659
 0.870552 0.0980375 0.0249983 0.00537779 0.00103454
pobs_RECLAS
 0 0 0 0 0
 0 0 0 0 0
 0 0 0 0 0
 0 0 0 0 0
 0 0 0 0 0
 0 0 0 0 0
 0 0 0 0 0
 0 0 0 0 0
 0 0 0 0 0
 0 0 0 0 0
 0.991045 0.00858322 0.000360255 1.14367e-05 0
 0.934742 0.0480273 0.0164251 0.00080598 0
 0.827803 0.169806 0.00239088 0 0
 0.941827 0.0461693 0.0120037 0 0
 0.791401 0.0380133 0.147996 0.0225897 0
 0.846168 0.0940531 0.0597789 0 0
 0.134021 0.677848 0.182769 0.00536245 0
 0.80878 0.0450904 0.141981 0.00414843 0
 0.846168 0.0940531 0.0597789 0 0
 0.905697 0.0802665 0.012482 0.00150086 5.37128e-05
 0.989698 0.0102097 9.19794e-05 0 0
 0.975433 0.0193895 0.00387452 0.00125025 5.28907e-05
 0.303575 0.632131 0.0575291 0.00676475 0
 0.966965 0.00978017 0.0227588 0.000495775 0
 0.843318 0.132988 0.00938335 0.0141283 0.000182051
 0.564624 0.303363 0.111486 0.0197234 0.00080311
 0.826376 0.0876187 0.0782897 0.00655872 0.00115652
 0.89761 0.0855135 0.0140674 0.00269457 0.000114338
 0.34875 0.467042 0.161289 0.0227151 0.000203297
 0.318654 0.224769 0.449479 0.00709798 0
 0.937255 0.0296025 0.0250945 0.00804832 0
 0.456809 0.399803 0.12412 0.0192676 0
 0.883104 0.0372192 0.0704036 0.00927362 0
ppred_RECLAS
 0.617293 0.160389 0.204565 0.0177513 8.94293e-07
 0.567384 0.305046 0.0534632 0.0681888 0.00591743
 0.691919 0.205808 0.0721151 0.0126391 0.0175192
 0.826752 0.134263 0.0260431 0.00912551 0.00381626
 0.721006 0.245698 0.025803 0.00500505 0.00248719
 0.818269 0.143666 0.0335219 0.00352044 0.00102221
 0.469628 0.460821 0.0549831 0.0128293 0.00173854
 0.456231 0.312854 0.200633 0.0239387 0.00634259
 0.569887 0.235406 0.112024 0.0718408 0.0108428
 0.704126 0.19622 0.0545417 0.025955 0.0191572
 0.784553 0.168417 0.0311894 0.00866947 0.00717063
 0.737676 0.220413 0.0327619 0.0060672 0.00308134
 0.622857 0.305447 0.0602415 0.0089542 0.0025004
 0.617135 0.274456 0.0878003 0.0173164 0.00329261
 0.980586 0.014759 0.00333668 0.00106743 0.000250553
 0.925415 0.0736548 0.000706879 0.00015981 6.31245e-05
 0.558862 0.419991 0.0208836 0.000200424 6.32093e-05
 0.957346 0.0286275 0.0133537 0.000663998 8.38227e-06
 0.860937 0.135279 0.00253992 0.00118478 5.96556e-05
 0.798768 0.182901 0.0178317 0.000334799 0.000164035
 0.795588 0.176069 0.025761 0.00251154 7.02591e-05
 0.808932 0.163693 0.0235793 0.00344994 0.000345757
 0.448222 0.480429 0.0611268 0.00880503 0.0014174
 0.853965 0.0818975 0.0558441 0.00710525 0.00118823
 0.838915 0.145182 0.00891875 0.0060815 0.000903173
 0.528977 0.41927 0.0466437 0.00286539 0.00224402
 0.879032 0.076673 0.0394284 0.0043864 0.000480493
 0.753815 0.225865 0.0128798 0.00662336 0.000817562
 0.558927 0.362726 0.0718795 0.0040989 0.00236801
 0.773476 0.149263 0.0635368 0.0125908 0.00113277
 0.708915 0.244122 0.0309449 0.0131723 0.00284513
 0.665356 0.266328 0.0572943 0.00726262 0.00375921
 0.881582 0.0896836 0.0228681 0.00491954 0.000946384
pobs_PELACES
 0 0 0 0 0
 0 0 0 0 0
 0 0 0 0 0
 0 0 0 0 0
 0 0 0 0 0
 0 0 0 0 0
 0 0 0 0 0
 0 0 0 0 0
 0 0 0 0 0
 0 0 0 0 0
 0 0 0 0 0
 0 0 0 0 0
 0 0 0 0 0
 0 0 0 0 0
 0 0 0 0 0
 0 0 0 0 0
 0.505614 0.472636 0.0217494 0 0
 0 0 0 0 0
 0.443492 0.261883 0.143347 0.151278 0
 0.227955 0.32914 0.350689 0.0885471 0.00366901
 0.970185 0.0296113 0.000203453 0 0
 0.997202 0.00247181 0.000326279 0 0
 0.445219 0.490057 0.0546422 0.010081 0
 0.90214 0.0892962 0.00764917 0.000914606 0
 0 0 0 0 0
 0.581667 0.319106 0.0959925 0.00289975 0.000334073
 0.762889 0.0836404 0.116647 0.0363945 0.000428098
 0.88444 0.0763242 0.0277011 0.0115352 0
 0.521256 0.241999 0.230069 0.00667565 0
 0.616807 0.101726 0.260614 0.0208532 0
 0.833518 0.0704572 0.0857862 0.0102388 0
 0.697417 0.212968 0.0787535 0.0105354 0.000325836
 0 0 0 0 0
ppred_PELACES
 0.541168 0.192293 0.245256 0.0212823 1.07218e-06
 0.495212 0.355937 0.0623824 0.0795646 0.00690463
 0.626768 0.249331 0.0873655 0.0153119 0.0212241
 0.782039 0.168914 0.0327645 0.0114807 0.0048012
 0.651705 0.306729 0.0322125 0.00624829 0.00310501
 0.766154 0.184865 0.043135 0.00453001 0.00131535
 0.397998 0.523058 0.0624089 0.014562 0.00197334
 0.375828 0.359113 0.230299 0.0274783 0.00728042
 0.492489 0.277767 0.132182 0.0847684 0.012794
 0.637341 0.240511 0.0668531 0.0318137 0.0234814
 0.723543 0.21611 0.0400215 0.0111245 0.0092012
 0.675947 0.27228 0.0404713 0.00749492 0.00380643
 0.552492 0.362436 0.0714811 0.0106248 0.00296692
 0.586873 0.296149 0.0947401 0.018685 0.00355286
 0.974575 0.0193289 0.00436985 0.00139795 0.000328133
 0.905158 0.0936601 0.000898874 0.000203216 8.02696e-05
 0.494603 0.481169 0.0239256 0.000229619 7.24168e-05
 0.945077 0.0368623 0.0171949 0.000855 1.07935e-05
 0.827099 0.168195 0.00315794 0.00147306 7.41712e-05
 0.750509 0.226765 0.0221082 0.00041509 0.000203374
 0.744496 0.220077 0.0321999 0.00313929 8.782e-05
 0.764307 0.201925 0.0290863 0.00425569 0.00042651
 0.381725 0.538327 0.0684934 0.00986616 0.00158821
 0.815646 0.103387 0.0704974 0.00896965 0.00150002
 0.797204 0.182775 0.0112281 0.00765623 0.00113704
 0.457275 0.483093 0.053744 0.00330158 0.00258562
 0.844343 0.0986598 0.050735 0.00564425 0.00061828
 0.694034 0.280711 0.0160075 0.0082317 0.00101609
 0.485568 0.423055 0.0838346 0.00478064 0.00276186
 0.71759 0.186089 0.0792123 0.0156971 0.00141225
 0.651976 0.291876 0.0369981 0.015749 0.00340167
 0.601565 0.317096 0.0682159 0.00864704 0.0044758
 0.873564 0.095756 0.0244165 0.00525264 0.00101046
pobs_pel_tallas
 0 0 0 0 0 0 0 0 0 0 0 0 0 0 0 0 0 0 0 0 0 0 0 0 0 0
 0 0 0 0 0 0 0 0 0 0 0 0 0 0 0 0 0 0 0 0 0 0 0 0 0 0
 0 0 0 0 0 0 0 0 0 0 0 0 0 0 0 0 0 0 0 0 0 0 0 0 0 0
 0 0 0 0 0 0 0 0 0 0 0 0 0 0 0 0 0 0 0 0 0 0 0 0 0 0
 0 0 0 0 0 0 0 0 0 0 0 0 0 0 0 0 0 0 0 0 0 0 0 0 0 0
 0 0 0 0 0 0 0 0 0 0 0 0 0 0 0 0 0 0 0 0 0 0 0 0 0 0
 0 0 0 0 0 0 0 0 0 0 0 0 0 0 0 0 0 0 0 0 0 0 0 0 0 0
 0 0 0 0 0 0 0 0 0 0 0 0 0 0 0 0 0 0 0 0 0 0 0 0 0 0
 0 0 0 0 0 0 0 0 0 0 0 0 0 0 0 0 0 0 0 0 0 0 0 0 0 0
 0 0 0 0 0 0 0 0 0 0 0 0 0 0 0 0 0 0 0 0 0 0 0 0 0 0
 0 0 0 0 0 0 0 0 0 0 0 0 0 0 0 0 0 0 0 0 0 0 0 0 0 0
 0 0 0 0 0 0 0 0 0 0 0 0 0 0 0 0 0 0 0 0 0 0 0 0 0 0
 0.00862536 0 0 0.000197151 0.00414017 0.0128641 0.00837892 0.0270097 0.101434 0.158115 0.152841 0.127902 0.109271 0.109419 0.0830992 0.0579132 0.0238553 0.00714673 0.00463305 0.00128148 0.00103504 0.000492878 0.000147863 0.000147863 4.92878e-05 0
 0 0 0 0 0 0 0 0 0 0 0 0 0 0 0 0 0 0 0 0 0 0 0 0 0 0
 0 0 0 0 0 0 0 0.0054083 0.00873648 0.0413646 0.0450493 0.0745869 0.0622846 0.0627006 0.0613931 0.0827291 0.12552 0.122667 0.0946155 0.0697135 0.0546179 0.0294188 0.0215738 0.0213955 0.0102223 0.00600262
 0 0 0 0 0.00359764 0.0251062 0.0480494 0.140153 0.205849 0.193036 0.1447 0.116669 0.0760912 0.0342217 0.00950174 0.001854 0.000860785 0 0 0 0.000165536 0 0.000143464 0 0 0
 0 0 0 0 0 0 0 0.000145254 0.000435761 0.0275982 0.070085 0.0708112 0.156366 0.174668 0.174014 0.160142 0.0824315 0.0480064 0.0283245 0.00493863 0.00203355 0 0 0 0 0
 0 0 0 0 0 0 0 0 0 0 0 0 0 0 0 0 0 0 0 0 0 0 0 0 0 0
 0 0 1.00437e-05 0.000401748 0.00122533 0.00171747 0.00176769 0.0269171 0.070346 0.194647 0.189555 0.159765 0.064822 0.0314167 0.0384472 0.0292271 0.0345202 0.0313363 0.0194345 0.0106764 0.0143323 0.0359363 0.0279516 0.0138201 0.00172751 0
 0 0.0021121 0.0136068 0.0755702 0.200478 0.177729 0.0527432 0.0373336 0.0318909 0.0142505 0.0149659 0.0166563 0.0217959 0.0798694 0.0677717 0.0528807 0.04013 0.0224614 0.0357745 0.0225083 0.00881397 0.00855152 0.00135912 0.000746735 0 0
 0 0 0 0 5.4009e-05 0.00500934 0.000945158 0.0243581 0.138947 0.33067 0.221406 0.137944 0.0707744 0.0437923 0.0131692 0.00525238 0.0047753 0.00276346 9.45158e-05 9.00151e-06 2.25038e-05 9.00151e-06 4.50075e-06 0 0 0
 0.000866109 0.00284123 0.00948549 0.0512746 0.133035 0.25785 0.225252 0.132002 0.0553304 0.0519788 0.0540692 0.017754 0.00435017 0.00159236 0.00146478 0.000404838 0.000125132 0.000115318 0.000107957 0.000100596 0 0 0 0 0 0
 0 0 0 0 0.00144013 0.00171154 0.00461396 0.0210425 0.0478622 0.0707936 0.0888783 0.103762 0.0637923 0.0337046 0.0602308 0.124433 0.169614 0.0934646 0.0462172 0.0250306 0.0313229 0.00938855 0.002487 0.000210481 0 0
 0 0.00764035 0.051015 0.0998891 0.058973 0.0496711 0.0374665 0.0718981 0.12319 0.153886 0.159021 0.0857701 0.0377988 0.023471 0.0147837 0.00900784 0.00315554 0.000888139 0.00291439 0.00214683 0.00393193 0.00274676 0.000635225 9.99891e-05 0 0
 0 0 0 0 0 0 0 0 0 0 0 0 0 0 0 0 0 0 0 0 0 0 0 0 0 0
 0 0 0 0 0 0 0 0 0 0 0 0 0 0 0 0 0 0 0 0 0 0 0 0 0 0
 0 0 0 0 0 0 0 0 0 0 0 0 0 0 0 0 0 0 0 0 0 0 0 0 0 0
 0 0 0 0 0 0 0 0 0 0 0 0 0 0 0 0 0 0 0 0 0 0 0 0 0 0
 0 0 0 0 0 0 0 0 0 0 0 0 0 0 0 0 0 0 0 0 0 0 0 0 0 0
 0 0 0 0 0 0 0 0 0 0 0 0 0 0 0 0 0 0 0 0 0 0 0 0 0 0
 0 0 0 0 0 0 0 0 0 0 0 0 0 0 0 0 0 0 0 0 0 0 0 0 0 0
 0 0 0 0 0 0 0 0 0 0 0 0 0 0 0 0 0 0 0 0 0 0 0 0 0 0
 0 0 0 0 0 0 0 0 0 0 0 0 0 0 0 0 0 0 0 0 0 0 0 0 0 0
ppred_pel_tallas
 1.09262e-16 4.45753e-05 0.000433288 0.00287935 0.0130891 0.0407252 0.0867701 0.126647 0.126666 0.0868625 0.0410364 0.0139923 0.00516292 0.00547249 0.00977331 0.0164989 0.0247206 0.0330764 0.0401319 0.0451075 0.0481267 0.0497183 0.0500639 0.0487343 0.0451272 0.039139
 1.11039e-16 4.079e-05 0.000396493 0.00263484 0.0119776 0.037267 0.0794025 0.115898 0.115932 0.0795704 0.0378308 0.0136066 0.00672638 0.00933695 0.0170468 0.0281907 0.040789 0.051707 0.057804 0.0577085 0.0526531 0.0456016 0.0393721 0.0352163 0.0327028 0.0305883
 1.07713e-16 5.16261e-05 0.000501824 0.0033348 0.0151595 0.047167 0.100495 0.146681 0.146705 0.100613 0.0475631 0.0163047 0.00621357 0.00680041 0.0120557 0.0199592 0.0290072 0.0370283 0.0418374 0.0424286 0.0395373 0.0350472 0.0307468 0.0274301 0.0248788 0.0224526
 1.02953e-16 6.44156e-05 0.000626142 0.00416094 0.018915 0.0588517 0.12539 0.183014 0.183031 0.12547 0.0591192 0.0196877 0.00610139 0.00486497 0.00812304 0.0133492 0.0192767 0.0243543 0.0270473 0.0266527 0.0237088 0.0196072 0.0157314 0.0127972 0.0107798 0.00927517
 1.02161e-16 5.36802e-05 0.00052179 0.00346748 0.0157627 0.0490437 0.104494 0.152518 0.152548 0.104638 0.0495284 0.0171623 0.00697975 0.00818606 0.0146006 0.0240292 0.0345542 0.0433352 0.0475122 0.0457634 0.0390924 0.030152 0.0216724 0.0152105 0.0109395 0.00823462
 1.0197e-16 6.31071e-05 0.000613424 0.00407642 0.0185308 0.0576563 0.122844 0.179298 0.179315 0.122931 0.0579492 0.019377 0.00620175 0.00525701 0.00889368 0.014633 0.0211419 0.0267272 0.0296985 0.0292613 0.0259643 0.0212865 0.0167145 0.0130456 0.0103196 0.00820137
 1.0373e-16 3.27827e-05 0.00031866 0.00211761 0.00962636 0.0299515 0.0638166 0.0931528 0.0932032 0.0640629 0.0307782 0.012014 0.00810983 0.0133965 0.0248605 0.0410225 0.0590315 0.0741063 0.0813857 0.0786172 0.0674928 0.0524929 0.0382139 0.0272559 0.0198862 0.0150537
 1.10726e-16 3.09566e-05 0.000300909 0.00199965 0.00909013 0.0282829 0.0602611 0.0879601 0.087995 0.0604317 0.0288567 0.010751 0.00618243 0.00947707 0.0175902 0.0293755 0.0431147 0.0558863 0.0646698 0.0679832 0.0665905 0.0626373 0.057997 0.0532444 0.0478996 0.0413915
 1.14552e-16 4.05657e-05 0.000394313 0.00262035 0.0119117 0.037062 0.0789655 0.115258 0.115285 0.0790973 0.0375049 0.0131932 0.00584557 0.00746423 0.0135547 0.022576 0.03307 0.0427722 0.0494082 0.0519786 0.0513047 0.0492945 0.0475377 0.0463754 0.0450322 0.0424531
 1.09155e-16 5.2497e-05 0.000510289 0.00339105 0.0154152 0.0479627 0.10219 0.149155 0.149178 0.102304 0.0483443 0.0165185 0.00616354 0.00657365 0.0116009 0.0191838 0.0278425 0.0354745 0.0399829 0.0404391 0.0376288 0.0334636 0.0297398 0.027222 0.0255976 0.0240658
 1.03883e-16 5.95973e-05 0.000579307 0.0038497 0.0175002 0.0544497 0.116012 0.169327 0.169348 0.116114 0.0547918 0.0184885 0.00633149 0.00600005 0.0103635 0.0170623 0.0246299 0.0310953 0.0344916 0.0339192 0.0300726 0.0247474 0.0197352 0.015973 0.0134412 0.0116188
 1.02634e-16 5.56769e-05 0.000541199 0.00359646 0.016349 0.050868 0.108381 0.15819 0.158216 0.108509 0.0512986 0.0175928 0.00671873 0.00735755 0.0130023 0.0214103 0.0308435 0.0387992 0.0427609 0.0415627 0.0360733 0.02859 0.0214529 0.0159606 0.0122141 0.00965625
 1.03724e-16 4.55081e-05 0.000442355 0.0029396 0.013363 0.0415776 0.0885867 0.129302 0.129337 0.0887575 0.0421513 0.0150207 0.00710191 0.00953348 0.0173251 0.0286057 0.0412856 0.0520869 0.057685 0.0565258 0.0497202 0.0402339 0.0310637 0.0238384 0.0186547 0.014816
 1.05285e-16 4.834e-05 0.000469883 0.00312254 0.0141946 0.0441649 0.094099 0.137346 0.137375 0.0942389 0.0446349 0.0155535 0.00653752 0.00793843 0.0142724 0.0236228 0.0342679 0.0436003 0.0489767 0.0491537 0.0449726 0.0386767 0.0324495 0.0273507 0.0232811 0.0196521
 1.00327e-16 8.02745e-05 0.000780296 0.00518534 0.0235718 0.0733407 0.15626 0.228067 0.228069 0.156269 0.0733713 0.0236603 0.00540761 0.00126597 0.00100403 0.00153643 0.002214 0.002802 0.00312107 0.00309029 0.00276935 0.00231398 0.00187821 0.00154051 0.00129723 0.00110455
 1.00084e-16 7.45566e-05 0.000724717 0.004816 0.0218928 0.0681168 0.14513 0.211824 0.211833 0.145174 0.0682645 0.0223191 0.00588509 0.00305525 0.00449101 0.00728118 0.010422 0.0129804 0.0140617 0.013256 0.0108857 0.00780419 0.00490842 0.00273815 0.00138822 0.000672314
 1.00849e-16 4.07399e-05 0.000396006 0.0026316 0.0119629 0.0372213 0.0793056 0.115759 0.115805 0.0795319 0.0379806 0.0141551 0.0081307 0.0123883 0.0227802 0.0375003 0.0537915 0.0671669 0.0730776 0.0694172 0.0577949 0.0424967 0.0280055 0.016987 0.00988578 0.00578798
 1.00594e-16 7.78447e-05 0.000756679 0.0050284 0.0228584 0.0711209 0.151531 0.221164 0.221168 0.151548 0.0711795 0.0230281 0.00545523 0.00169133 0.00186127 0.00297549 0.0043287 0.00554633 0.00629947 0.00642943 0.00602476 0.00533661 0.00460487 0.00393933 0.00332726 0.00271965
 1.00295e-16 6.81271e-05 0.00066222 0.00440068 0.0200049 0.0622427 0.132615 0.193559 0.193575 0.132694 0.062508 0.0207706 0.0063212 0.00484929 0.00800416 0.0130827 0.0187413 0.0233607 0.0253429 0.0239538 0.0197708 0.0143183 0.00919417 0.0053528 0.00295254 0.00165396
 1.00773e-16 6.18185e-05 0.000600897 0.00399318 0.0181524 0.056479 0.120335 0.175637 0.175659 0.120442 0.0568372 0.0191868 0.00658868 0.00626379 0.0108074 0.0177444 0.0254964 0.031935 0.0349308 0.0334925 0.0283541 0.0214813 0.0149146 0.00984452 0.00644887 0.00431233
 1.01316e-16 6.13232e-05 0.000596084 0.00396119 0.018007 0.0560265 0.119371 0.17423 0.174252 0.119475 0.0563746 0.0190121 0.00648421 0.00610369 0.0105206 0.0172934 0.0248995 0.0312951 0.0344339 0.0333605 0.028766 0.0225042 0.0164773 0.0117635 0.00848685 0.00624424
 1.01391e-16 6.2955e-05 0.000611945 0.00406659 0.0184861 0.0575173 0.122547 0.178866 0.178885 0.122643 0.0578366 0.0194084 0.0063815 0.00566527 0.0096596 0.015868 0.0228476 0.0287191 0.0316073 0.0306391 0.0264528 0.0207523 0.0152826 0.0110266 0.00808712 0.00608006
 1.03373e-16 3.14423e-05 0.00030563 0.00203102 0.00923276 0.0287268 0.0612075 0.089345 0.0893968 0.0614609 0.0295778 0.0116904 0.0081992 0.0137681 0.025591 0.0422354 0.0607851 0.0763216 0.0838379 0.0810042 0.0695424 0.0540411 0.0392159 0.0277473 0.0199409 0.0147639
 1.03215e-16 6.71837e-05 0.000653049 0.00433974 0.0197279 0.0613807 0.130778 0.190877 0.190887 0.130828 0.0615461 0.0202065 0.00554551 0.0032993 0.00513409 0.00848867 0.0124715 0.0162032 0.0188179 0.0198898 0.0196294 0.0186322 0.0174072 0.0160912 0.0145311 0.0125673
 1.01332e-16 6.56647e-05 0.000638284 0.00424162 0.0192818 0.059993 0.127822 0.186564 0.186581 0.127908 0.0602815 0.020115 0.00633201 0.00519816 0.00871559 0.0142785 0.0205016 0.0256556 0.0280286 0.0268389 0.022708 0.0172557 0.0121514 0.00834997 0.00595047 0.00454387
 1.02444e-16 3.76653e-05 0.00036612 0.002433 0.0110601 0.0344123 0.0733207 0.107023 0.10707 0.0735481 0.0351756 0.0132645 0.0079651 0.012438 0.0229504 0.0378446 0.054423 0.0682439 0.074794 0.0719727 0.0613371 0.0470459 0.0333956 0.022864 0.0157801 0.011234
 1.02161e-16 6.95474e-05 0.000676026 0.00449243 0.0204219 0.0635403 0.13538 0.197592 0.197602 0.135426 0.0636975 0.0208768 0.00563685 0.00318343 0.00485824 0.00799094 0.0116656 0.0150041 0.0171487 0.0176839 0.0168426 0.0152746 0.0135823 0.0120116 0.0104869 0.0088554
 1.01532e-16 5.71667e-05 0.000555681 0.00369269 0.0167865 0.0522291 0.111281 0.162423 0.16245 0.111413 0.0526722 0.0180659 0.00690237 0.00755649 0.0133356 0.0219104 0.0314511 0.0393289 0.0429076 0.0409778 0.0344891 0.025934 0.0178935 0.0118632 0.00802969 0.0057951
 1.03475e-16 3.99956e-05 0.000388772 0.00258353 0.0117444 0.0365413 0.0778566 0.113643 0.113683 0.0780561 0.037211 0.0136791 0.00744141 0.0109986 0.0202043 0.0333752 0.0481571 0.060724 0.0671815 0.0656979 0.0575546 0.0462096 0.0351778 0.0264024 0.0200571 0.0153919
 1.04147e-16 5.9107e-05 0.000574541 0.00381803 0.0173562 0.0540017 0.115057 0.167933 0.167951 0.115145 0.0542977 0.0182124 0.00597121 0.00528857 0.00905184 0.0149753 0.0218099 0.0279344 0.0317209 0.0323959 0.0304464 0.0271816 0.0238336 0.020934 0.0183441 0.0157069
 1.03298e-16 5.37024e-05 0.000522007 0.00346892 0.0157692 0.0490641 0.104537 0.152581 0.152609 0.104675 0.0495255 0.017102 0.0068143 0.00782447 0.013921 0.0229259 0.0330138 0.0415046 0.0457048 0.0443791 0.0384845 0.0305151 0.0230018 0.0173338 0.0135821 0.0110874
 1.03675e-16 4.95502e-05 0.000481645 0.0032007 0.01455 0.0452705 0.0964547 0.140785 0.140815 0.0966042 0.0457727 0.0160009 0.00684439 0.00844144 0.015183 0.0250644 0.036199 0.0457226 0.0507361 0.0498832 0.0441261 0.0360342 0.0281938 0.0219943 0.0174982 0.0140943
 1.01427e-16 7.19544e-05 0.000699422 0.00464791 0.0211287 0.0657393 0.140065 0.204431 0.20444 0.14011 0.0658911 0.0215674 0.0057498 0.00310769 0.00465396 0.00760161 0.0109937 0.0139298 0.0155409 0.0154224 0.0138593 0.011608 0.00941737 0.0076713 0.00636086 0.00529176
pSPR Fmed_Fpbrs
0.542298   0.211404 0.211404
Fs Fmed_Fpbrs
0.34   1.005 1.005
SSBpbr Bo_Bmed_Bpbrs
541431  266545  87389.1 87389.1
Ro
95606.1
SPR SPRFo_SPRFmed_SPRFpbrs
688779 373523 145610
Fref
1.005
Nvult_r0
 37754 4168.58 1062.93 228.665 43.9889
CTP_r0
 16877 2089.49 532.792 114.618 22.0493
YTP_r0
180905
Np
 72272.1 11846.6 82.5492 3.94739 1.14207
Nvult_p0
 60425.5 10251.3 71.4331 3.41584 0.98828
CTP_p0
 27011.7 265.896 12.7148 3.2421 0.701707
 27011.7 5138.44 35.8056 1.71218 0.495372
YTP_p0
 208740 294267
CBA_c0
189256
log_Ro
11.288
likeval ReclasPelacesDesembMPH_pf_preclas_ppelaces_ptallas_desvR_qrecl_qpela
 0.000826672 22.4857 0.0256491 50.8453 261.944 147.647 122.51 0 20.1884 0.000111339 0.000257238 0.035536 0 0 0
q_reclas_q_pelaces
4.44704 9.66204
M
1
N
 145266 27581.9 35178.9 3052.68 0.153791
 94556.9 38449.5 6738.77 8594.85 745.862
 83901.9 18864 6609.95 1158.48 1605.78
 135872 16819.2 3262.45 1143.16 478.068
 103629 25422.5 2669.85 517.874 257.351
 243611 31024.2 7238.94 760.228 220.742
 92625.3 68550.2 8179.11 1908.45 258.619
 38814.8 18906.2 12124.6 1446.65 383.292
 42880.3 12975.2 6174.59 3959.76 597.641
 53826.9 11126.3 3092.69 1471.73 1086.27
 82462.3 12602 2333.78 648.702 536.55
 121292 27064.5 4022.83 744.99 378.357
 72486.4 26860.3 5297.51 787.413 219.88
 33790 14571.3 4661.47 919.356 174.811
 75081.2 873.603 197.502 63.1824 14.8305
 199241 12512 120.08 27.1475 10.7232
 47029.3 28067.7 1395.63 13.3942 4.22423
 267545 6280.9 2929.82 145.682 1.83908
 314617 39274.3 737.391 343.966 17.3192
 237133 41887.8 4083.8 76.6751 37.5671
 239888 40205.4 5882.54 573.511 16.0437
 298424 47343 6819.54 997.783 99.999
 53357.1 44314.3 5638.28 812.168 130.739
 118218 8724.44 5949 756.914 126.581
 154152 20456.2 1256.66 856.888 127.258
 45609.2 27465.3 3055.5 187.705 147
 133301 8766.59 4508.15 501.53 54.9383
 122163 27281.3 1555.71 800.01 98.7501
 56373.5 27493.9 5448.32 310.688 179.49
 81846.6 11852.7 5045.33 999.805 89.9512
 64088.9 17414.1 2207.41 939.626 202.953
 29137.7 9025.06 1941.53 246.108 127.388
 45155.8 4817.28 1228.34 264.249 50.8342
pred_Ctot
 26456 6053.25 7720.52 669.954 0.0337516
 28735.4 13756.8 2411.06 3075.14 266.862
 25341.9 6710.65 2351.41 412.115 571.239
 44552 6461.6 1253.37 439.179 183.664
 12404.2 3708.04 389.415 75.5354 37.5363
 37000.8 5709.36 1332.18 139.904 40.623
 27327.8 23853.6 2846.11 664.088 89.9925
 2258.14 1354.43 868.596 103.637 27.4588
 8216.85 2990.97 1423.33 912.779 137.764
 12831.5 3162.86 879.156 418.368 308.794
 5674.35 1065.92 197.399 54.8693 45.3832
 31792.5 8421.09 1251.7 231.803 117.725
 21816.1 9523.35 1878.24 279.178 77.9586
 23911.3 11031.9 3529.18 696.041 132.348
 27651 373.812 84.5106 27.0356 6.34593
 83835.3 6048.15 58.0452 13.1228 5.18345
 20508.4 14013.3 696.798 6.6873 2.10903
 109301 2955.69 1378.72 68.5554 0.865439
 137471 19643.8 368.821 172.042 8.66257
 85958.5 17663.4 1722.07 32.3326 15.8414
 73892 14568.5 2131.55 207.813 5.81347
 120873 22105.2 3184.15 465.88 46.691
 19985.7 19259.9 2450.51 352.984 56.822
 42032.8 3613.78 2464.16 313.524 52.4316
 53246.1 8248.92 506.744 345.538 51.3163
 14502.4 10252.8 1140.63 70.0704 54.8753
 39189.3 3040.37 1563.49 173.937 19.0534
 31191.9 8279.67 472.145 242.797 29.9699
 15971.7 9208.49 1824.8 104.058 60.1164
 22797.8 3906.55 1662.9 329.528 29.6472
 26973.9 8419.71 1067.28 454.309 98.1277
 10807.8 3887.29 836.261 106.004 54.8691
 34182.7 3849.5 981.571 211.162 40.6217
F
 0.329218 0.409283 0.409283 0.409283 0.409283
 0.611946 0.76077 0.76077 0.76077 0.76077
 0.607125 0.754777 0.754777 0.754777 0.754777
 0.67608 0.840502 0.840502 0.840502 0.840502
 0.206048 0.256159 0.256159 0.256159 0.256159
 0.268006 0.333185 0.333185 0.333185 0.333185
 0.589072 0.732334 0.732334 0.732334 0.732334
 0.0957593 0.119048 0.119048 0.119048 0.119048
 0.349101 0.434003 0.434003 0.434003 0.434003
 0.451917 0.561823 0.561823 0.561823 0.561823
 0.114118 0.141872 0.141872 0.141872 0.141872
 0.50755 0.630986 0.630986 0.630986 0.630986
 0.604343 0.751319 0.751319 0.751319 0.751319
 2.6553 3.30106 3.30106 3.30106 3.30106
 0.79188 0.984465 0.984465 0.984465 0.984465
 0.959895 1.19334 1.19334 1.19334 1.19334
 1.01326 1.25968 1.25968 1.25968 1.25968
 0.918719 1.14215 1.14215 1.14215 1.14215
 1.01636 1.26354 1.26354 1.26354 1.26354
 0.774619 0.963006 0.963006 0.963006 0.963006
 0.622755 0.774208 0.774208 0.774208 0.774208
 0.907208 1.12784 1.12784 1.12784 1.12784
 0.81088 1.00808 1.00808 1.00808 1.00808
 0.754241 0.937671 0.937671 0.937671 0.937671
 0.725019 0.901343 0.901343 0.901343 0.901343
 0.649161 0.807037 0.807037 0.807037 0.807037
 0.586404 0.729017 0.729017 0.729017 0.729017
 0.49139 0.610896 0.610896 0.610896 0.610896
 0.559445 0.695502 0.695502 0.695502 0.695502
 0.547567 0.680735 0.680735 0.680735 0.680735
 0.960267 1.1938 1.1938 1.1938 1.1938
 0.799824 0.99434 0.99434 0.99434 0.99434
 3.29948 4.10191 4.10191 4.10191 4.10191
YTP_r0W_actual
 127252 36461.6 12824.3 3589.83 777.237
YTP_p0W_proyectada
 203668 4639.88 306.045 101.543 24.7352
 203668 89665.8 861.841 53.6254 17.4619
CTP_r0_actual
 16877 2089.49 532.792 114.618 22.0493
CTP_p0_proyectada
 27011.7 265.896 12.7148 3.2421 0.701707
 27011.7 5138.44 35.8056 1.71218 0.495372
Wmedp
 7.54 17.45 24.07 31.32 35.25
Frms_r0
 0.808398 1.005 1.005 1.005 1.005
Zrms_r0
 1.8084 2.005 2.005 2.005 2.005
nmprior
 7.29 8.9 8.7 0
nm_flota  nm_reclas  nm_pelaces    nm_pelaL
inf 9.3681 12.8683 35.7544
cv_recla  cv_pelaces  cv_mph
0.829996 0.51945 0.571719
 ------------------------------------------------
Talla a la edad & desviaci?n 
 8 13.2811 15.8009 17.003 17.5766
 0.8 1.32811 1.58009 1.7003 1.75766
