years
 1991 1992 1993 1994 1995 1996 1997 1998 1999 2000 2001 2002 2003 2004 2005 2006 2007 2008 2009 2010 2011 2012 2013 2014 2015 2016 2017 2018 2019 2020 2021 2022 2023
reclasobs
 0 0 0 0 0 0 0 0 0 252601 567819 844713 477998 351125 339783 2.1784e+06 2.13404e+06 4.81314e+06 1.55562e+06 2.62356e+06 3.21686e+06 3.843e+06 1.13348e+06 3.07943e+06 1.97215e+06 2.03268e+06 2.025e+06 2.42433e+06 2.27542e+06 1.05018e+06 2.36338e+06 3.18982e+06 1.53035e+06
reclaspred
 4.57149e+06 2.52238e+06 1.22421e+06 1.14017e+06 1.33449e+06 2.44903e+06 1.84137e+06 1.56305e+06 1.14116e+06 818165 792966 1.11085e+06 911281 155776 557109 1.49798e+06 1.72354e+06 1.68166e+06 2.79493e+06 2.9483e+06 5.19145e+06 3.36321e+06 2.23477e+06 2.27633e+06 1.81923e+06 1.79702e+06 3.13636e+06 3.3581e+06 3.2404e+06 2.15301e+06 1.39496e+06 1.05443e+06 73176.1
pelacesobs
 0 0 0 0 0 0 0 0 0 0 0 0 0 0 0 552880 188675 0 991730 2.46772e+06 1.41603e+06 1.21717e+06 2.29649e+06 1.80582e+06 0 1.4828e+06 1.56532e+06 1.57751e+06 1.42118e+06 867257 1.10002e+06 1.06204e+06 0
pelacespred
 628675 358181 169208 129726 175170 331096 224668 241052 174001 112851 124724 133608 113371 10315.4 77210.4 178706 201121 198588 385982 384310 646734 469218 302057 329573 249237 243595 534224 541019 448342 330087 183664 133407 2880.44
mphobs
 0 0 0 0 0 0 0 0 0 0 0 0 498337 0 5186 125008 0 168611 109162 213762 579715 649985 157893 87575 83554 210694 70296 0 107559 103333 445601 22526 28222
mphpred
 1.33817e+06 900565 415722 235357 284026 382158 637595 359528 339253 239106 150871 246424 260083 106179 9513.38 158081 477608 327270 317055 718299 857481 966265 579240 379357 489830 379512 376535 853755 918300 638005 369883 254579 53714.2
desembarqueobs
 494567 514787 250237 358949 120608 361735 552515 73892 212993 205616 52469 317467 293654 387597 252695 516296 358380 742168 942051 627588 828172 859565 418607 520667 417249 300574 415391 372974 316634 284311 391294 218835 356480
desembarquepred
 494562 514176 250508 358964 120611 361722 552474 73895.2 213027 205660 52472.4 317508 293784 387893 252636 516138 358512 742016 941343 627304 828255 859708 418673 520820 417236 300520 415357 373010 316609 284218 391336 218896 356947
Reclutas
 155480 88864.1 86821.7 131636 107959 228500 88211.9 38438.8 40772.2 49430.9 80121.1 121521 74249.6 33144.5 87396.1 311417 51052.9 226783 542140 276938 347204 298502 63825.9 155717 162898 79560.9 295384 183596 76715.3 84300.9 69887.6 28359.8 26093.6
log_desv_Rt
 0.381079 -0.178331 -0.201583 0.214599 0.0163144 0.766099 -0.185698 -1.01637 -0.957438 -0.764863 -0.2819 0.134649 -0.358007 -1.16456 -0.194989 1.07569 -0.732576 0.758554 1.63008 0.958356 1.18447 1.03334 -0.509279 0.382602 0.427688 -0.288917 1.02284 0.5473 -0.325338 -0.231046 -0.418551 -1.32047 -1.40375
SSB
 1.33817e+06 900565 415722 235357 284026 382158 637595 359528 339253 239106 150871 246424 246404 101411 9154.45 152635 477608 327270 328307 740694 907077 1.08494e+06 683631 429445 513602 425679 391618 853755 954155 620967 423990 302088 68155.9
BT
 2.02056e+06 1.41286e+06 671612 719898 616140 1.4806e+06 1.07757e+06 788190 723633 533477 462190 700153 618267 420308 598006 1.1363e+06 822169 1.3808e+06 2.43988e+06 1.69464e+06 2.83715e+06 2.16008e+06 1.19547e+06 1.6715e+06 1.11741e+06 1.01291e+06 2.52102e+06 2.02155e+06 1.40055e+06 1.2179e+06 892565 557615 308443
Ftot
 0.299373 0.556026 0.549606 0.7584 0.237943 0.361887 0.783953 0.12901 0.482553 0.643799 0.164364 0.699713 0.800964 3.59395 0.922997 0.752841 0.558336 1.00418 0.743796 0.535055 0.405711 0.65487 0.506384 0.550198 0.57972 0.434989 0.309172 0.28413 0.276745 0.353445 0.70652 0.555522 4.95303
BD_Bspro_t
 0.953229 0.698929 0.453696 0.354895 0.371511 0.493617 0.548459 0.367174 0.434836 0.400045 0.361623 0.569885 0.430492 0.193262 0.0248695 0.286013 0.427293 0.318107 0.28835 0.418785 0.407651 0.44507 0.373812 0.316861 0.38997 0.395382 0.427757 0.633027 0.643241 0.550544 0.481868 0.380345 0.157485
BD_Bspro
 1.74881 1.17692 0.543294 0.307581 0.371185 0.49943 0.833251 0.469855 0.443359 0.31248 0.197168 0.322043 0.322017 0.132531 0.0119636 0.199473 0.624169 0.427698 0.429054 0.967988 1.18543 1.41787 0.893415 0.561228 0.67121 0.556306 0.511792 1.11574 1.24695 0.811521 0.554098 0.394789 0.0890707
BD_Bo
 1.4518 0.977034 0.451022 0.255342 0.308144 0.414608 0.691734 0.390056 0.36806 0.259409 0.163682 0.267348 0.267326 0.110022 0.00993177 0.165595 0.518162 0.355059 0.356184 0.803587 0.984099 1.17706 0.74168 0.46591 0.557213 0.461824 0.424871 0.926248 1.03517 0.673694 0.459991 0.327739 0.0739432
BD_Brms
 7.85474 5.28611 2.44019 1.38149 1.66717 2.24318 3.74253 2.11034 1.99133 1.4035 0.885577 1.44645 1.44633 0.595259 0.0537344 0.89593 2.80344 1.921 1.92708 4.34769 5.32433 6.36833 4.01275 2.52074 3.01472 2.49863 2.2987 5.01134 5.60066 3.64493 2.48872 1.77319 0.400059
Sel_flota
 0.699805 1 1 1 1
 0.699805 1 1 1 1
 0.699805 1 1 1 1
 0.699805 1 1 1 1
 0.699805 1 1 1 1
 0.699805 1 1 1 1
 0.699805 1 1 1 1
 0.699805 1 1 1 1
 0.699805 1 1 1 1
 0.699805 1 1 1 1
 0.699805 1 1 1 1
 0.699805 1 1 1 1
 0.699805 1 1 1 1
 0.699805 1 1 1 1
 0.699805 1 1 1 1
 0.699805 1 1 1 1
 0.699805 1 1 1 1
 0.699805 1 1 1 1
 0.699805 1 1 1 1
 0.699805 1 1 1 1
 0.699805 1 1 1 1
 0.699805 1 1 1 1
 0.699805 1 1 1 1
 0.699805 1 1 1 1
 0.699805 1 1 1 1
 0.699805 1 1 1 1
 0.699805 1 1 1 1
 0.699805 1 1 1 1
 0.699805 1 1 1 1
 0.699805 1 1 1 1
 0.699805 1 1 1 1
 0.699805 1 1 1 1
 0.699805 1 1 1 1
Sel_reclas
 0.5 1 1 1 1
 0.5 1 1 1 1
 0.5 1 1 1 1
 0.5 1 1 1 1
 0.5 1 1 1 1
 0.5 1 1 1 1
 0.5 1 1 1 1
 0.5 1 1 1 1
 0.5 1 1 1 1
 0.5 1 1 1 1
 0.5 1 1 1 1
 0.5 1 1 1 1
 0.5 1 1 1 1
 0.5 1 1 1 1
 0.5 1 1 1 1
 0.5 1 1 1 1
 0.5 1 1 1 1
 0.5 1 1 1 1
 0.5 1 1 1 1
 0.5 1 1 1 1
 0.5 1 1 1 1
 0.5 1 1 1 1
 0.5 1 1 1 1
 0.5 1 1 1 1
 0.5 1 1 1 1
 0.5 1 1 1 1
 0.5 1 1 1 1
 0.5 1 1 1 1
 0.5 1 1 1 1
 0.5 1 1 1 1
 0.5 1 1 1 1
 0.5 1 1 1 1
 0.5 1 1 1 1
Sel_pelaces
 0.5 1 1 1 1
 0.5 1 1 1 1
 0.5 1 1 1 1
 0.5 1 1 1 1
 0.5 1 1 1 1
 0.5 1 1 1 1
 0.5 1 1 1 1
 0.5 1 1 1 1
 0.5 1 1 1 1
 0.5 1 1 1 1
 0.5 1 1 1 1
 0.5 1 1 1 1
 0.5 1 1 1 1
 0.5 1 1 1 1
 0.5 1 1 1 1
 0.5 1 1 1 1
 0.5 1 1 1 1
 0.5 1 1 1 1
 0.5 1 1 1 1
 0.5 1 1 1 1
 0.5 1 1 1 1
 0.5 1 1 1 1
 0.5 1 1 1 1
 0.5 1 1 1 1
 0.5 1 1 1 1
 0.5 1 1 1 1
 0.5 1 1 1 1
 0.5 1 1 1 1
 0.5 1 1 1 1
 0.5 1 1 1 1
 0.5 1 1 1 1
 0.5 1 1 1 1
 0.5 1 1 1 1
pf_obs 
 0.8446 0.082 0.0669 0.0065 0
 0.8095 0.147 0.0364 0.0071 0
 0.9664 0.0169 0.016 0.0007 0
 0.9276 0.0648 0.0075 0.0001 0
 0.7033 0.2144 0.0806 0.0017 0
 0.9318 0.0425 0.0243 0.0014 0
 0.5671 0.3108 0.0964 0.0239 0.0018
 0.0768 0.2599 0.5324 0.112 0.0189
 0.490249 0.384438 0.106611 0.0170017 0.00170017
 0.7925 0.1577 0.0466 0.003 0.0002
 0.840416 0.127587 0.0312969 0.00059994 9.999e-05
 0.8084 0.0986 0.0794 0.0134 0.0002
 0.7335 0.1905 0.0724 0.0035 0.0001
 0.4001 0.4547 0.1325 0.0127 0
 0.49795 0.308269 0.164784 0.0264974 0.00249975
 0.9179 0.0499 0.0305 0.0017 0
 0.2467 0.6533 0.0926 0.0074 0
 0.9418 0.0223 0.034 0.0019 0
 0.707729 0.231977 0.0356964 0.0245975 0
 0.517169 0.277429 0.184464 0.0207286 0.00020938
 0.811772 0.124168 0.05621 0.00726502 0.000585176
 0.764997 0.148141 0.077277 0.00933861 0.000247198
 0.163321 0.427699 0.378323 0.0303852 0.000271297
 0.753843 0.0900009 0.118128 0.0371064 0.000921714
 0.721811 0.176058 0.0630433 0.0369309 0.00215725
 0.143369 0.312575 0.442814 0.0836902 0.0175525
 0.692698 0.0596174 0.167031 0.0765114 0.00414204
 0.394062 0.376323 0.152708 0.0712218 0.00568511
 0.125707 0.32114 0.495352 0.0537591 0.00404204
 0.23352 0.215282 0.420074 0.123614 0.00750983
 0.796117 0.104755 0.0508955 0.0450114 0.00322123
 0.162477 0.292055 0.404252 0.121198 0.0200186
 0 0 0 0 0
pf_pred 
 0.550414 0.150097 0.277701 0.0217856 1.50063e-06
 0.481023 0.336667 0.0608653 0.112609 0.00883478
 0.634727 0.2173 0.0959923 0.0173542 0.0346268
 0.771644 0.167456 0.0362294 0.0160044 0.00866656
 0.698304 0.25581 0.0336485 0.00727994 0.00495738
 0.793759 0.159913 0.0392815 0.00516698 0.00187913
 0.468468 0.454206 0.0599564 0.0147279 0.0026418
 0.463958 0.318287 0.186077 0.0245626 0.00711591
 0.566075 0.242383 0.113732 0.0664903 0.0113196
 0.699866 0.201324 0.0551933 0.0258982 0.0177182
 0.795882 0.161229 0.0287688 0.00788701 0.00623269
 0.748791 0.213922 0.0294523 0.00525531 0.0025793
 0.632037 0.305166 0.0534761 0.00736248 0.00195849
 0.585328 0.307204 0.0891269 0.0156182 0.00272229
 0.982563 0.0143407 0.0022939 0.000665513 0.000136949
 0.932938 0.0663717 0.000567541 9.07822e-05 3.17578e-05
 0.350429 0.622422 0.0268702 0.000229766 4.96096e-05
 0.864957 0.0622485 0.0697524 0.00301124 3.13085e-05
 0.901477 0.0903945 0.00374671 0.00419837 0.00018313
 0.61987 0.356447 0.0217289 0.000900629 0.00105322
 0.723703 0.198968 0.0725111 0.00442025 0.000397465
 0.652035 0.278801 0.049807 0.0181515 0.001206
 0.338897 0.496959 0.131517 0.0234951 0.00913138
 0.758496 0.107659 0.100613 0.0266267 0.0066055
 0.722316 0.231173 0.0207335 0.0193767 0.00640004
 0.541563 0.369257 0.0742433 0.00665873 0.00827841
 0.865273 0.0870904 0.0383701 0.00771474 0.00155214
 0.579286 0.381414 0.0254042 0.0111925 0.00270314
 0.40335 0.402367 0.176134 0.0117315 0.00641691
 0.571347 0.215967 0.14343 0.0627861 0.00646929
 0.594217 0.271907 0.0674507 0.0447961 0.0216298
 0.487435 0.361395 0.101295 0.0251279 0.0247461
 0.672134 0.197062 0.0922263 0.0258501 0.0127276
pobs_RECLAS
 0 0 0 0 0
 0 0 0 0 0
 0 0 0 0 0
 0 0 0 0 0
 0 0 0 0 0
 0 0 0 0 0
 0 0 0 0 0
 0 0 0 0 0
 0 0 0 0 0
 0 0 0 0 0
 0.991045 0.00858322 0.000360255 1.14367e-05 0
 0.934742 0.0480273 0.0164251 0.00080598 0
 0.827803 0.169806 0.00239088 0 0
 0.941827 0.0461693 0.0120037 0 0
 0.791401 0.0380133 0.147996 0.0225897 0
 0.846168 0.0940531 0.0597789 0 0
 0.134021 0.677848 0.182769 0.00536245 0
 0.80878 0.0450904 0.141981 0.00414843 0
 0.846168 0.0940531 0.0597789 0 0
 0.905697 0.0802665 0.012482 0.00150086 5.37128e-05
 0.989698 0.0102097 9.19794e-05 0 0
 0.975433 0.0193895 0.00387452 0.00125025 5.28907e-05
 0.303575 0.632131 0.0575291 0.00676475 0
 0.966965 0.00978017 0.0227588 0.000495775 0
 0.843318 0.132988 0.00938335 0.0141283 0.000182051
 0.564624 0.303363 0.111486 0.0197234 0.00080311
 0.826376 0.0876187 0.0782897 0.00655872 0.00115652
 0.89761 0.0855135 0.0140674 0.00269457 0.000114338
 0.34875 0.467042 0.161289 0.0227151 0.000203297
 0.318654 0.224769 0.449479 0.00709798 0
 0.937255 0.0296025 0.0250945 0.00804832 0
 0.456809 0.399803 0.12412 0.0192676 0
 0.883104 0.0372192 0.0704036 0.00927362 0
ppred_RECLAS
 0.468867 0.177322 0.328071 0.0257371 1.77282e-06
 0.403149 0.387185 0.0699983 0.129507 0.0101605
 0.558688 0.262535 0.115975 0.0209669 0.0418351
 0.713266 0.210265 0.0454913 0.0200958 0.0108821
 0.624814 0.318123 0.041845 0.00905327 0.00616495
 0.735567 0.205033 0.050365 0.00662487 0.00240934
 0.393831 0.517985 0.0683753 0.0167959 0.00301276
 0.382937 0.366395 0.214202 0.0282752 0.00819147
 0.486539 0.28681 0.134579 0.0786776 0.0133944
 0.630519 0.247841 0.067946 0.0318821 0.0218121
 0.736751 0.207936 0.0371029 0.0101718 0.00803826
 0.686278 0.267156 0.0367815 0.00656309 0.00322116
 0.558963 0.365769 0.0640958 0.00882459 0.00234743
 0.574512 0.315217 0.0914516 0.0160256 0.00279329
 0.976673 0.0191849 0.00306877 0.000890319 0.00018321
 0.911016 0.0880679 0.000753064 0.000120458 4.21391e-05
 0.282222 0.687777 0.0296916 0.000253892 5.48187e-05
 0.827066 0.0797144 0.0893238 0.00385615 4.00932e-05
 0.870642 0.118685 0.00491933 0.00551234 0.000240444
 0.5428 0.428716 0.0261344 0.00108323 0.00126675
 0.654746 0.248626 0.0906082 0.00552344 0.000496664
 0.578428 0.337777 0.0603428 0.0219911 0.00146111
 0.27153 0.5476 0.144919 0.0258893 0.0100619
 0.695882 0.135571 0.126699 0.0335301 0.00831808
 0.654905 0.287294 0.0257668 0.0240806 0.00795374
 0.461302 0.433904 0.0872413 0.0078245 0.00972774
 0.822461 0.114764 0.0505627 0.0101662 0.00204536
 0.498064 0.455049 0.0303086 0.0133533 0.003225
 0.32753 0.453498 0.198517 0.0132223 0.00723235
 0.490587 0.256656 0.170453 0.0746153 0.00768814
 0.518086 0.32292 0.0801054 0.0532005 0.0256878
 0.409336 0.416461 0.11673 0.0289566 0.0285167
 0.69987 0.180391 0.0844242 0.0236633 0.0116509
pobs_PELACES
 0 0 0 0 0
 0 0 0 0 0
 0 0 0 0 0
 0 0 0 0 0
 0 0 0 0 0
 0 0 0 0 0
 0 0 0 0 0
 0 0 0 0 0
 0 0 0 0 0
 0 0 0 0 0
 0 0 0 0 0
 0 0 0 0 0
 0 0 0 0 0
 0 0 0 0 0
 0 0 0 0 0
 0 0 0 0 0
 0.505614 0.472636 0.0217494 0 0
 0 0 0 0 0
 0.443492 0.261883 0.143347 0.151278 0
 0.227955 0.32914 0.350689 0.0885471 0.00366901
 0.970185 0.0296113 0.000203453 0 0
 0.997202 0.00247181 0.000326279 0 0
 0.445219 0.490057 0.0546422 0.010081 0
 0.90214 0.0892962 0.00764917 0.000914606 0
 0 0 0 0 0
 0.581667 0.319106 0.0959925 0.00289975 0.000334073
 0.762889 0.0836404 0.116647 0.0363945 0.000428098
 0.88444 0.0763242 0.0277011 0.0115352 0
 0.521256 0.241999 0.230069 0.00667565 0
 0.616807 0.101726 0.260614 0.0208532 0
 0.833518 0.0704572 0.0857862 0.0102388 0
 0.697417 0.212968 0.0787535 0.0105354 0.000325836
 0 0 0 0 0
ppred_PELACES
 0.476259 0.174855 0.323506 0.0253789 1.74814e-06
 0.416471 0.378543 0.0684359 0.126616 0.00993369
 0.572066 0.254577 0.112459 0.0203313 0.0405669
 0.728382 0.19918 0.0430931 0.0190364 0.0103084
 0.630323 0.313452 0.0412306 0.00892033 0.00607442
 0.742481 0.199673 0.0490482 0.00645165 0.00234634
 0.412516 0.502018 0.0662677 0.0162782 0.00291989
 0.385961 0.364599 0.213152 0.0281366 0.00815132
 0.498487 0.280136 0.131447 0.0768468 0.0130827
 0.645249 0.23796 0.0652372 0.030611 0.0209425
 0.739897 0.205451 0.0366596 0.0100503 0.0079422
 0.701006 0.254614 0.0350548 0.00625498 0.00306994
 0.578423 0.34963 0.0612678 0.00843523 0.00224385
 0.658433 0.253046 0.0734143 0.0128648 0.00224236
 0.978668 0.0175443 0.00280634 0.000814182 0.000167542
 0.91688 0.0822649 0.000703442 0.000112521 3.93624e-05
 0.293561 0.676913 0.0292226 0.000249881 5.39528e-05
 0.840834 0.0733676 0.0822119 0.00354912 3.6901e-05
 0.878717 0.111277 0.00461227 0.00516826 0.000225436
 0.555921 0.416412 0.0253843 0.00105214 0.0012304
 0.663774 0.242124 0.0882389 0.00537901 0.000483676
 0.594162 0.32517 0.0580907 0.0211704 0.00140658
 0.281565 0.540056 0.142922 0.0255327 0.00992327
 0.707292 0.130484 0.121945 0.032272 0.00800599
 0.667766 0.276587 0.0248065 0.0231832 0.00765731
 0.472027 0.425266 0.0855044 0.00766873 0.00953408
 0.82689 0.111902 0.0493015 0.00991262 0.00199434
 0.5051 0.44867 0.0298837 0.0131661 0.00317979
 0.333597 0.449407 0.196726 0.013103 0.0071671
 0.499339 0.252247 0.167525 0.0733334 0.00755605
 0.535532 0.31123 0.0772055 0.0512746 0.0247579
 0.422705 0.407035 0.114088 0.0283012 0.0278712
 0.792054 0.124985 0.0584937 0.0163952 0.00807238
pobs_pel_tallas
 0 0 0 0 0 0 0 0 0 0 0 0 0 0 0 0 0 0 0 0 0 0 0 0 0 0
 0 0 0 0 0 0 0 0 0 0 0 0 0 0 0 0 0 0 0 0 0 0 0 0 0 0
 0 0 0 0 0 0 0 0 0 0 0 0 0 0 0 0 0 0 0 0 0 0 0 0 0 0
 0 0 0 0 0 0 0 0 0 0 0 0 0 0 0 0 0 0 0 0 0 0 0 0 0 0
 0 0 0 0 0 0 0 0 0 0 0 0 0 0 0 0 0 0 0 0 0 0 0 0 0 0
 0 0 0 0 0 0 0 0 0 0 0 0 0 0 0 0 0 0 0 0 0 0 0 0 0 0
 0 0 0 0 0 0 0 0 0 0 0 0 0 0 0 0 0 0 0 0 0 0 0 0 0 0
 0 0 0 0 0 0 0 0 0 0 0 0 0 0 0 0 0 0 0 0 0 0 0 0 0 0
 0 0 0 0 0 0 0 0 0 0 0 0 0 0 0 0 0 0 0 0 0 0 0 0 0 0
 0 0 0 0 0 0 0 0 0 0 0 0 0 0 0 0 0 0 0 0 0 0 0 0 0 0
 0 0 0 0 0 0 0 0 0 0 0 0 0 0 0 0 0 0 0 0 0 0 0 0 0 0
 0 0 0 0 0 0 0 0 0 0 0 0 0 0 0 0 0 0 0 0 0 0 0 0 0 0
 0.00862536 0 0 0.000197151 0.00414017 0.0128641 0.00837892 0.0270097 0.101434 0.158115 0.152841 0.127902 0.109271 0.109419 0.0830992 0.0579132 0.0238553 0.00714673 0.00463305 0.00128148 0.00103504 0.000492878 0.000147863 0.000147863 4.92878e-05 0
 0 0 0 0 0 0 0 0 0 0 0 0 0 0 0 0 0 0 0 0 0 0 0 0 0 0
 0 0 0 0 0 0 0 0.0054083 0.00873648 0.0413646 0.0450493 0.0745869 0.0622846 0.0627006 0.0613931 0.0827291 0.12552 0.122667 0.0946155 0.0697135 0.0546179 0.0294188 0.0215738 0.0213955 0.0102223 0.00600262
 0 0 0 0 0.00359764 0.0251062 0.0480494 0.140153 0.205849 0.193036 0.1447 0.116669 0.0760912 0.0342217 0.00950174 0.001854 0.000860785 0 0 0 0.000165536 0 0.000143464 0 0 0
 0 0 0 0 0 0 0 0.000145254 0.000435761 0.0275982 0.070085 0.0708112 0.156366 0.174668 0.174014 0.160142 0.0824315 0.0480064 0.0283245 0.00493863 0.00203355 0 0 0 0 0
 0 0 0 0 0 0 0 0 0 0 0 0 0 0 0 0 0 0 0 0 0 0 0 0 0 0
 0 0 1.00437e-05 0.000401748 0.00122533 0.00171747 0.00176769 0.0269171 0.070346 0.194647 0.189555 0.159765 0.064822 0.0314167 0.0384472 0.0292271 0.0345202 0.0313363 0.0194345 0.0106764 0.0143323 0.0359363 0.0279516 0.0138201 0.00172751 0
 0 0.0021121 0.0136068 0.0755702 0.200478 0.177729 0.0527432 0.0373336 0.0318909 0.0142505 0.0149659 0.0166563 0.0217959 0.0798694 0.0677717 0.0528807 0.04013 0.0224614 0.0357745 0.0225083 0.00881397 0.00855152 0.00135912 0.000746735 0 0
 0 0 0 0 5.4009e-05 0.00500934 0.000945158 0.0243581 0.138947 0.33067 0.221406 0.137944 0.0707744 0.0437923 0.0131692 0.00525238 0.0047753 0.00276346 9.45158e-05 9.00151e-06 2.25038e-05 9.00151e-06 4.50075e-06 0 0 0
 0.000866109 0.00284123 0.00948549 0.0512746 0.133035 0.25785 0.225252 0.132002 0.0553304 0.0519788 0.0540692 0.017754 0.00435017 0.00159236 0.00146478 0.000404838 0.000125132 0.000115318 0.000107957 0.000100596 0 0 0 0 0 0
 0 0 0 0 0.00144013 0.00171154 0.00461396 0.0210425 0.0478622 0.0707936 0.0888783 0.103762 0.0637923 0.0337046 0.0602308 0.124433 0.169614 0.0934646 0.0462172 0.0250306 0.0313229 0.00938855 0.002487 0.000210481 0 0
 0 0.00764035 0.051015 0.0998891 0.058973 0.0496711 0.0374665 0.0718981 0.12319 0.153886 0.159021 0.0857701 0.0377988 0.023471 0.0147837 0.00900784 0.00315554 0.000888139 0.00291439 0.00214683 0.00393193 0.00274676 0.000635225 9.99891e-05 0 0
 0 0 0 0 0 0 0 0 0 0 0 0 0 0 0 0 0 0 0 0 0 0 0 0 0 0
 0 0 0 0 0 0 0 0 0 0 0 0 0 0 0 0 0 0 0 0 0 0 0 0 0 0
 0 0 0 0 0 0 0 0 0 0 0 0 0 0 0 0 0 0 0 0 0 0 0 0 0 0
 0 0 0 0 0 0 0 0 0 0 0 0 0 0 0 0 0 0 0 0 0 0 0 0 0 0
 0 0 0 0 0 0 0 0 0 0 0 0 0 0 0 0 0 0 0 0 0 0 0 0 0 0
 0 0 0 0 0 0 0 0 0 0 0 0 0 0 0 0 0 0 0 0 0 0 0 0 0 0
 0 0 0 0 0 0 0 0 0 0 0 0 0 0 0 0 0 0 0 0 0 0 0 0 0 0
 0 0 0 0 0 0 0 0 0 0 0 0 0 0 0 0 0 0 0 0 0 0 0 0 0 0
 0 0 0 0 0 0 0 0 0 0 0 0 0 0 0 0 0 0 0 0 0 0 0 0 0 0
ppred_pel_tallas
 1.11926e-16 3.92289e-05 0.000381319 0.002534 0.0115192 0.0358406 0.0763628 0.111457 0.111475 0.0764476 0.0361268 0.012352 0.00464684 0.00506784 0.00915673 0.0156405 0.0238387 0.0327034 0.0410891 0.0483069 0.054243 0.0588729 0.0616832 0.0616631 0.0579547 0.0505975
 1.16451e-16 3.43042e-05 0.00033345 0.00221589 0.0100731 0.0313415 0.0667777 0.0974716 0.0975082 0.0669563 0.0319415 0.0118071 0.00657209 0.00985625 0.0181607 0.030083 0.0436187 0.0555034 0.0624828 0.0631934 0.0590165 0.053101 0.0483231 0.045762 0.0446201 0.0432463
 1.12215e-16 4.71203e-05 0.000458027 0.00304375 0.0138365 0.0430505 0.0917245 0.13388 0.133904 0.0918451 0.0434558 0.0150088 0.00599285 0.00691743 0.0123784 0.0205577 0.0300083 0.0385859 0.044134 0.0456806 0.0439763 0.0408628 0.0379997 0.0359779 0.0343555 0.0323184
 1.04949e-16 5.99959e-05 0.000583181 0.00387545 0.0176172 0.0548138 0.116787 0.170459 0.170478 0.116881 0.0551294 0.0185291 0.00616594 0.00558842 0.00958101 0.015785 0.022831 0.0289229 0.0322763 0.0320851 0.028994 0.0246304 0.0205822 0.0176227 0.0156393 0.014082
 1.03193e-16 5.19189e-05 0.00050467 0.00335371 0.0152455 0.0474346 0.101066 0.147514 0.147545 0.101213 0.0479302 0.0166768 0.00694631 0.00834662 0.0149431 0.0246163 0.0354431 0.0445445 0.0490198 0.0475309 0.041095 0.032387 0.0241354 0.0178597 0.0136771 0.0109196
 1.02511e-16 6.11572e-05 0.00059447 0.00395046 0.0179582 0.0558749 0.119048 0.173758 0.173777 0.119142 0.0561913 0.0188726 0.0062471 0.0056131 0.00960724 0.0158243 0.0228783 0.0289537 0.032233 0.0318638 0.0284379 0.0235419 0.0187615 0.0149321 0.0120723 0.00980475
 1.04168e-16 3.39785e-05 0.000330283 0.00219485 0.0099775 0.031044 0.0661442 0.0965495 0.0965979 0.0663806 0.0318376 0.0122698 0.00794858 0.0128894 0.0238823 0.0394183 0.0567559 0.0713195 0.0784588 0.0760198 0.0656173 0.051522 0.0380971 0.0277851 0.0208019 0.0161239
 1.10446e-16 3.17912e-05 0.000309022 0.00205356 0.0093352 0.0290455 0.0618857 0.0903315 0.0903669 0.0620588 0.0296274 0.0110192 0.00629293 0.00960445 0.0178051 0.0296971 0.0435032 0.0562208 0.0647547 0.0676007 0.0655857 0.0609931 0.0558609 0.0508897 0.0456401 0.039487
 1.13786e-16 4.10598e-05 0.000399116 0.00265226 0.0120568 0.0375134 0.0799273 0.116662 0.116689 0.0800601 0.0379599 0.0133487 0.00590354 0.00752502 0.0136587 0.0227395 0.0332862 0.0430002 0.0495692 0.0519674 0.0510136 0.0486413 0.046488 0.0449558 0.0433316 0.0406101
 1.08558e-16 5.31483e-05 0.000516621 0.00343313 0.0156065 0.0485578 0.103458 0.151005 0.151028 0.103571 0.0489354 0.0166979 0.00617568 0.00651411 0.0114748 0.01897 0.0275237 0.0350496 0.039466 0.0398474 0.0369658 0.0327129 0.0288745 0.026224 0.0244758 0.0228626
 1.03463e-16 6.09444e-05 0.000592401 0.00393671 0.0178957 0.0556804 0.118634 0.173154 0.173173 0.118731 0.0560056 0.0188352 0.00629551 0.00574409 0.00985213 0.0162103 0.0233917 0.0295149 0.0327057 0.0321054 0.0283751 0.0232269 0.0183748 0.0147231 0.0122659 0.0105164
 1.02224e-16 5.7741e-05 0.000561263 0.00372979 0.0169551 0.0527538 0.112398 0.164054 0.164078 0.112518 0.0531563 0.0181179 0.00664839 0.00693221 0.0121562 0.020002 0.0288001 0.0361992 0.0398393 0.0386272 0.0333792 0.0262569 0.0194688 0.0142513 0.0107149 0.00834364
 1.03084e-16 4.7644e-05 0.000463117 0.00307757 0.0139902 0.043529 0.0927443 0.13537 0.135404 0.0929091 0.0440822 0.0155884 0.00708988 0.00922458 0.0166946 0.0275429 0.0397144 0.0500271 0.0552578 0.0539016 0.0470438 0.0375824 0.0284642 0.0213169 0.0162719 0.0126624
 1.03853e-16 5.42343e-05 0.000527177 0.00350327 0.0159254 0.0495499 0.105572 0.154091 0.154115 0.105692 0.0499513 0.0170855 0.00641821 0.00690001 0.0121852 0.0201313 0.0291631 0.0370241 0.0414366 0.0413292 0.0374315 0.0316965 0.0260476 0.021454 0.0178791 0.0148364
 1.00196e-16 8.06116e-05 0.000783573 0.00520712 0.0236708 0.0736487 0.156916 0.229024 0.229026 0.156925 0.0736764 0.023751 0.0054084 0.00122307 0.000915578 0.00138679 0.00199163 0.002508 0.00276986 0.00270239 0.00236144 0.00189391 0.00144844 0.00110595 0.000870438 0.000704595
 1.0006e-16 7.55222e-05 0.000734103 0.00487837 0.0221764 0.068999 0.14701 0.214567 0.214575 0.147049 0.0691287 0.0225508 0.00581735 0.00278098 0.00395435 0.0063953 0.00915247 0.011398 0.0123452 0.0116337 0.00954685 0.00683441 0.00428503 0.00237373 0.00118477 0.000555085
 1.01051e-16 2.41803e-05 0.000235042 0.00156194 0.00710038 0.0220923 0.0470723 0.0687171 0.0687822 0.0473905 0.0231604 0.0101839 0.00929652 0.0171014 0.0320023 0.0527256 0.0756149 0.0943767 0.102607 0.0973409 0.0808534 0.0591963 0.0387056 0.0231575 0.0131904 0.00751166
 1.02754e-16 6.92584e-05 0.000673217 0.00447376 0.0203371 0.0632762 0.134817 0.196771 0.196778 0.134852 0.0633946 0.0206803 0.00534057 0.00258299 0.00374745 0.00621864 0.00925964 0.0122825 0.0147117 0.0162391 0.0169312 0.0170467 0.0167415 0.0159435 0.0144869 0.0123454
 1.00719e-16 7.23788e-05 0.000703547 0.00467532 0.0212533 0.0661271 0.140891 0.205637 0.205648 0.140943 0.0663027 0.0217604 0.00594722 0.00347749 0.00533293 0.00868193 0.0124535 0.0155649 0.016969 0.0161897 0.01361 0.0102267 0.00706937 0.00473111 0.00327726 0.00245523
 1.01153e-16 4.57906e-05 0.000445101 0.00295785 0.013446 0.0418357 0.0891368 0.130106 0.130146 0.0893326 0.042493 0.0153437 0.00771867 0.0108287 0.0197385 0.0324865 0.0466219 0.0582641 0.0634861 0.0604698 0.0506011 0.037568 0.0252169 0.0158189 0.00973271 0.006159
 1.0323e-16 5.46743e-05 0.000531453 0.00353169 0.0160546 0.0499519 0.106429 0.155341 0.155364 0.106543 0.0503365 0.0171664 0.0063265 0.00664535 0.0117034 0.0193582 0.0281039 0.0358005 0.0402792 0.0404979 0.0370967 0.0318505 0.0264985 0.0219062 0.0180543 0.0145751
 1.04121e-16 4.89404e-05 0.000475718 0.00316132 0.0143709 0.0447134 0.0952678 0.139053 0.139084 0.0954211 0.0452281 0.0158577 0.00689452 0.00862903 0.0155445 0.0256497 0.037013 0.0466902 0.0517088 0.0506959 0.0446781 0.036345 0.0283958 0.0222665 0.0179804 0.0148268
 1.08503e-16 2.31923e-05 0.000225437 0.00149811 0.00681023 0.0211894 0.0451482 0.0659061 0.0659583 0.0454032 0.0220457 0.00928467 0.00771444 0.0138128 0.025878 0.0428752 0.0620652 0.0786835 0.0878598 0.0873143 0.0786461 0.066102 0.0538823 0.0441307 0.0367867 0.0307566
 1.08144e-16 5.82588e-05 0.000566296 0.00376324 0.0171071 0.0532267 0.113406 0.165521 0.165534 0.113468 0.0534366 0.0177156 0.00529905 0.00394677 0.00656019 0.0109677 0.0162975 0.0215547 0.0257455 0.0283934 0.0297361 0.0303719 0.0306718 0.0304818 0.0293239 0.0268466
 1.04408e-16 5.50031e-05 0.00053465 0.00355294 0.0161511 0.0502524 0.107069 0.156276 0.156302 0.107199 0.0506894 0.0174133 0.00672043 0.00744723 0.0131775 0.0216842 0.0312028 0.0391874 0.0430933 0.0417764 0.0361925 0.0287653 0.0219394 0.017032 0.0140465 0.0122399
 1.04959e-16 3.88803e-05 0.000377931 0.00251148 0.0114169 0.0355223 0.0756856 0.110474 0.110515 0.0758861 0.0361956 0.013362 0.00739582 0.0110464 0.0203174 0.0335718 0.0484603 0.0611513 0.0677485 0.0664321 0.0585089 0.0474612 0.0368069 0.0284553 0.0225124 0.0181459
 1.02784e-16 6.81098e-05 0.000662052 0.00439957 0.0199998 0.0622269 0.132581 0.193509 0.193519 0.132634 0.0624049 0.0205149 0.00569506 0.00349881 0.00548113 0.0090203 0.0131432 0.0168538 0.0191762 0.0196492 0.0185652 0.0167052 0.0147979 0.0131471 0.0116539 0.0100931
 1.02836e-16 4.16045e-05 0.000404411 0.00268746 0.0122168 0.0380113 0.0809886 0.118214 0.118257 0.0811996 0.0387196 0.0142622 0.0078192 0.0115987 0.021277 0.0350454 0.0503312 0.0629817 0.0687955 0.0658436 0.0556375 0.0421424 0.0294551 0.019936 0.013862 0.0102713
 1.08319e-16 2.7478e-05 0.000267096 0.00177495 0.0080687 0.025105 0.0534904 0.0780799 0.0781234 0.0537031 0.0258199 0.0101363 0.00697475 0.0116507 0.0217415 0.0361452 0.0526347 0.0673674 0.0763872 0.077783 0.0726864 0.0642376 0.0554392 0.0476687 0.0407392 0.0339484
 1.13532e-16 4.11299e-05 0.000399798 0.0026568 0.0120774 0.0375775 0.0800638 0.116861 0.116885 0.0801838 0.0379812 0.0132463 0.00560206 0.00686692 0.0124345 0.0207849 0.03063 0.0399863 0.0468444 0.0502833 0.050921 0.0502437 0.049391 0.0484278 0.0465786 0.0430322
 1.1164e-16 4.41111e-05 0.000428776 0.00284937 0.0129528 0.0403012 0.0858671 0.125332 0.125362 0.0860141 0.0407949 0.0143796 0.00643439 0.0082674 0.0149688 0.0247783 0.0359369 0.0457334 0.0514515 0.0518976 0.0481128 0.0426079 0.0377433 0.0345244 0.0325313 0.0306864
 1.10952e-16 3.48178e-05 0.000338441 0.00224906 0.0102239 0.0318107 0.0677774 0.0989314 0.0989707 0.0679696 0.0324564 0.0120902 0.00693846 0.0105916 0.0195553 0.0324004 0.0469709 0.059707 0.0669974 0.0671897 0.0615399 0.0532547 0.0454339 0.0395432 0.0353202 0.0317047
 1.04731e-16 6.52404e-05 0.00063416 0.00421422 0.0191572 0.0596053 0.126996 0.185357 0.185369 0.127055 0.0598044 0.0197331 0.00566321 0.00380858 0.0061273 0.010114 0.0147696 0.0190095 0.0217695 0.022559 0.0217198 0.0201183 0.0185317 0.0172321 0.016022 0.014565
pSPR Fmed_Fpbrs
0.561926   0.234831 0.234831
Fs Fmed_Fpbrs
0.34   1.005 1.005
SSBpbr Bo_Bmed_Bpbrs
921734  471859  170365 170365
Ro
106212
SPR SPRFo_SPRFmed_SPRFpbrs
765189 429979 179690
Fref
1.005
Nvult_r0
 21342.4 6120.12 2864.25 802.821 395.279
CTP_r0
 8812.42 3067.69 1435.7 402.411 198.132
YTP_r0
174122
Np
 87618.5 15953.7 40.3782 2.47425 1.3139
Nvult_p0
 71664.8 13805.3 34.9408 2.14107 1.13697
CTP_p0
 29590.8 130.061 7.96971 3.72987 1.04816
 29590.8 6919.88 17.514 1.0732 0.569901
YTP_p0
 225730 344342
CBA_c0
189604
log_Ro
11.3932
likeval ReclasPelacesDesembMPH_pf_preclas_ppelaces_ptallas_desvR_qrecl_qpela
 0.000852181 163.857 0.0333439 158.741 242.488 153.961 127.408 0 26.9751 6.59852e-05 0 0.0746281 0 0 0
q_reclas_q_pelaces
3.15435 1
M
1
N
 155480 30752 56895.6 4463.45 0.30745
 88864.1 46386.8 8386.16 15515.6 1217.28
 86821.7 22153.6 9786.36 1769.25 3530.18
 131636 21741.9 4703.9 2077.95 1125.24
 107959 28483 3746.57 810.579 551.975
 228500 33624 8259.5 1086.43 395.114
 88211.9 65254 8613.7 2115.89 379.538
 38438.8 18748.8 10960.9 1446.87 419.165
 40772.2 12920.1 6062.47 3544.24 603.387
 49430.9 10700.7 2933.61 1376.53 941.749
 80121.1 11588.8 2067.85 566.903 447.994
 121521 26272.3 3617.12 645.419 316.771
 74249.6 27396.8 4800.9 660.979 175.827
 33144.5 15594.4 4524.3 792.82 138.19
 87396.1 985.916 157.704 45.7536 9.41516
 311417 16853.1 144.11 23.0514 8.06392
 51052.9 67646.2 2920.31 24.9715 5.39168
 226783 12706.8 14238.6 614.685 6.39101
 542140 41316.6 1712.51 1918.95 83.7031
 276938 118512 7224.43 299.441 350.174
 347204 70060.6 25532.6 1556.46 139.956
 298502 96158 17178.4 6260.41 415.949
 63825.9 69442.1 18377.4 3283.07 1275.97
 155717 16474.1 15396 4074.46 1010.79
 162898 38978.5 3495.9 3267.13 1079.12
 79560.9 39942.3 8030.85 720.271 895.47
 295384 21587.5 9510.98 1912.29 384.737
 183596 87524.3 5829.57 2568.38 620.297
 76715.3 55362.5 24234.7 1614.16 882.917
 84300.9 23253 15443 6760.12 696.543
 69887.6 24216.9 6007.38 3989.69 1926.42
 28359.8 15681.2 4395.28 1090.32 1073.75
 26093.6 7072.5 3309.97 927.752 456.79
pred_Ctot
 18896.5 5153.06 9533.89 747.931 0.0515188
 18686.6 13078.7 2364.47 4374.6 343.21
 18077.8 6188.95 2733.97 494.269 986.211
 35764.9 7761.39 1679.2 741.786 401.686
 10610.9 3887.11 511.3 110.621 75.3289
 32987.9 6645.85 1632.51 214.735 78.095
 24608.1 23859 3149.44 773.639 138.771
 2113.1 1449.64 847.49 111.871 32.4095
 7591.39 3250.49 1525.22 891.674 151.802
 11753.7 3381.08 926.927 434.939 297.563
 5554.88 1125.3 200.793 55.0476 43.5012
 30939.3 8839.05 1216.94 217.144 106.574
 21068.2 10172.4 1782.56 245.419 65.284
 23009.8 12076.5 3503.67 613.968 107.016
 27683.6 404.049 64.6305 18.7508 3.85853
 84113.9 5984.08 51.1696 8.18494 2.86329
 10773.4 19135.4 826.084 7.0638 1.52517
 76543.2 5508.6 6172.65 266.476 2.77061
 145019 14541.6 602.727 675.384 29.4598
 56359.2 32408.6 1975.61 81.8861 95.7597
 55514.8 15262.7 5562.28 339.074 30.4893
 71984.5 30779.6 5498.68 2003.92 133.143
 12389.6 18168.1 4808.06 858.946 333.829
 32452.7 4606.24 4304.8 1139.24 282.62
 35485.9 11357.1 1018.59 951.935 314.42
 13529.1 9224.66 1854.72 166.346 206.809
 36973 3721.37 1639.55 329.65 66.323
 21268.5 14003.6 932.714 410.933 99.2458
 8674.04 8652.89 3787.77 252.285 137.996
 11914.4 4503.59 2990.98 1309.29 134.905
 17934 8206.39 2035.72 1351.99 652.807
 5958.98 4418.12 1238.35 307.193 302.526
 20018.4 5869.17 2746.8 769.902 379.07
F
 0.209503 0.299373 0.299373 0.299373 0.299373
 0.38911 0.556026 0.556026 0.556026 0.556026
 0.384617 0.549606 0.549606 0.549606 0.549606
 0.530732 0.7584 0.7584 0.7584 0.7584
 0.166513 0.237943 0.237943 0.237943 0.237943
 0.25325 0.361887 0.361887 0.361887 0.361887
 0.548614 0.783953 0.783953 0.783953 0.783953
 0.0902819 0.12901 0.12901 0.12901 0.12901
 0.337693 0.482553 0.482553 0.482553 0.482553
 0.450534 0.643799 0.643799 0.643799 0.643799
 0.115023 0.164364 0.164364 0.164364 0.164364
 0.489662 0.699713 0.699713 0.699713 0.699713
 0.560518 0.800964 0.800964 0.800964 0.800964
 2.51506 3.59395 3.59395 3.59395 3.59395
 0.645918 0.922997 0.922997 0.922997 0.922997
 0.526842 0.752841 0.752841 0.752841 0.752841
 0.390726 0.558336 0.558336 0.558336 0.558336
 0.702728 1.00418 1.00418 1.00418 1.00418
 0.520512 0.743796 0.743796 0.743796 0.743796
 0.374434 0.535055 0.535055 0.535055 0.535055
 0.283919 0.405711 0.405711 0.405711 0.405711
 0.458281 0.65487 0.65487 0.65487 0.65487
 0.35437 0.506384 0.506384 0.506384 0.506384
 0.385031 0.550198 0.550198 0.550198 0.550198
 0.405691 0.57972 0.57972 0.57972 0.57972
 0.304407 0.434989 0.434989 0.434989 0.434989
 0.21636 0.309172 0.309172 0.309172 0.309172
 0.198836 0.28413 0.28413 0.28413 0.28413
 0.193668 0.276745 0.276745 0.276745 0.276745
 0.247342 0.353445 0.353445 0.353445 0.353445
 0.494426 0.70652 0.70652 0.70652 0.70652
 0.388757 0.555522 0.555522 0.555522 0.555522
 3.46616 4.95303 4.95303 4.95303 4.95303
YTP_r0W_actual
 66445.6 53531.2 34557.2 12603.5 6984.16
YTP_p0W_proyectada
 223115 2269.56 191.831 116.82 36.9477
 223115 120752 421.562 33.6127 20.089
CTP_r0_actual
 8812.42 3067.69 1435.7 402.411 198.132
CTP_p0_proyectada
 29590.8 130.061 7.96971 3.72987 1.04816
 29590.8 6919.88 17.514 1.0732 0.569901
Wmedp
 7.54 17.45 24.07 31.32 35.25
Frms_r0
 0.703304 1.005 1.005 1.005 1.005
Zrms_r0
 1.7033 2.005 2.005 2.005 2.005
nmprior
 7.29 8.9 8.7 0
nm_flota  nm_reclas  nm_pelaces    nm_pelaL
inf 10.0361 5.65449 11.3071
cv_recla  cv_pelaces  cv_mph
0.842705 1.40224 1.01019
 ------------------------------------------------
Talla a la edad & desviaci?n 
 8 13.2811 15.8009 17.003 17.5766
 0.8 1.32811 1.58009 1.7003 1.75766
