years
 1991 1992 1993 1994 1995 1996 1997 1998 1999 2000 2001 2002 2003 2004 2005 2006 2007 2008 2009 2010 2011 2012 2013 2014 2015 2016 2017 2018 2019 2020
reclasobs
 0 0 0 0 0 0 0 0 0 252601 567819 844713 477998 351125 339783 2.1784e+06 2.13404e+06 4.81314e+06 1.55562e+06 2.62356e+06 3.21686e+06 3.843e+06 1.13348e+06 3.07943e+06 1.97215e+06 2.03268e+06 2.025e+06 2.42433e+06 2.27542e+06 1.05018e+06
reclaspred
 4.21092e+06 2.33911e+06 1.13745e+06 1.04291e+06 1.21261e+06 2.13491e+06 1.63893e+06 1.40939e+06 1.03947e+06 756724 693311 919016 731255 126908 447853 1.20137e+06 1.38081e+06 1.36087e+06 2.2369e+06 2.36591e+06 4.17357e+06 2.70562e+06 1.801e+06 1.8381e+06 1.47094e+06 1.45497e+06 2.48665e+06 2.60475e+06 2.44022e+06 1.67101e+06
pelacesobs
 0 0 0 0 0 0 0 0 0 0 0 0 0 0 0 552880 188675 0 991730 2.46772e+06 1.41603e+06 1.21717e+06 2.29649e+06 1.80582e+06 0 1.4828e+06 1.56532e+06 1.57751e+06 1.42118e+06 867257
pelacespred
 736733 427388 204268 153191 201410 362645 256085 272566 201370 133533 138164 139025 113796 10494.4 77398.1 178927 201073 200859 385278 385002 648013 471925 304123 332182 252123 246550 527142 523110 419362 320541
mphobs
 0 0 0 0 0 0 0 0 0 0 0 0 498337 0 5186 125008 0 168611 109162 213762 579715 649985 157893 87575 83554 210694 70296 0 107559 103333
mphpred
 1.54901e+06 1.03904e+06 487510 273099 327933 430984 694624 408120 384774 276677 175512 262747 263117 106553 9530.04 159019 475748 328616 320195 714018 859991 967743 580910 382990 492982 382567 380681 836435 875126 585325
desembarqueobs
 494567 514787 250237 358949 120608 361735 552515 73892 212993 205616 52469 317467 293654 387597 252695 516296 358380 742168 942051 627588 828172 859565 418607 520667 417249 300574 415391 372974 316634 284311
desembarquepred
 494567 514081 250570 358968 120611 361728 552491 73895.4 213027 205661 52472.9 317523 293797 387921 252642 516152 358517 742041 941379 627320 828266 859730 418682 520828 417245 300527 415362 373019 316625 284247
Reclutas
 159393 90927.9 88267.3 140159 115410 236052 94184.4 41766.3 43621.9 51767.9 81565 118390 73272.8 33721.5 87503.3 310548 51702.7 228329 539021 279708 347100 300653 64810.2 156059 164033 80524.4 289188 175469 67439.4 97130.2
log_desv_Rt
 0.284635 -0.276668 -0.306366 0.156046 -0.0382411 0.677318 -0.24148 -1.05465 -1.01117 -0.839964 -0.385335 -0.0127491 -0.492545 -1.2686 -0.315059 0.951605 -0.841226 0.644053 1.50302 0.84701 1.06288 0.919221 -0.615272 0.2635 0.313335 -0.398175 0.880341 0.380729 -0.575506 -0.210682
SSB
 1.54901e+06 1.03904e+06 487510 273099 327933 430984 694624 408120 384774 276677 175512 262747 249376 101867 9178.59 153627 475748 328616 331392 736102 909391 1.08567e+06 685028 432931 516669 428709 395851 836435 909747 569695
BT
 2.27776e+06 1.58108e+06 758677 790647 686371 1.57156e+06 1.1576e+06 876138 797137 587975 496393 710222 617731 421630 598669 1.13409e+06 821913 1.38647e+06 2.43066e+06 1.69444e+06 2.83784e+06 2.16364e+06 1.2012e+06 1.67683e+06 1.1229e+06 1.02151e+06 2.48297e+06 1.95779e+06 1.32121e+06 1.22222e+06
Ftot
 0.26074 0.483447 0.476794 0.659534 0.207836 0.327034 0.706647 0.113518 0.421767 0.558263 0.148427 0.669731 0.787979 3.49718 0.878768 0.724763 0.552869 0.969194 0.718731 0.523047 0.396337 0.642625 0.498759 0.53214 0.564335 0.423436 0.302534 0.287677 0.293284 0.353359
BD_Bspro_t
 0.95914 0.728514 0.49517 0.394145 0.409183 0.526595 0.571927 0.397225 0.466279 0.435517 0.396866 0.58576 0.434863 0.195534 0.0250296 0.28807 0.426515 0.319133 0.289823 0.417142 0.407999 0.444906 0.373396 0.317538 0.390502 0.396004 0.429029 0.627642 0.631638 0.530691
BD_Bspro
 1.81474 1.21729 0.571142 0.319949 0.38419 0.504918 0.813786 0.478132 0.450782 0.324141 0.205621 0.307821 0.292156 0.119342 0.0107532 0.179981 0.557362 0.384989 0.388242 0.862379 1.0654 1.27191 0.802544 0.5072 0.605303 0.502253 0.463759 0.979925 1.06581 0.667425
BD_Bo
 1.5139 1.01549 0.476459 0.266908 0.3205 0.421214 0.678879 0.398869 0.376052 0.270405 0.171534 0.256791 0.243723 0.0995578 0.00897053 0.150144 0.464964 0.321167 0.32388 0.719416 0.888777 1.06106 0.6695 0.423118 0.504957 0.418991 0.386878 0.817475 0.889125 0.556781
BD_Brms
 8.63048 5.78913 2.71622 1.5216 1.82712 2.40127 3.87018 2.27389 2.14381 1.54154 0.977885 1.46392 1.38942 0.567563 0.0511395 0.855948 2.65068 1.83092 1.84639 4.10127 5.06677 6.04892 3.81671 2.41213 2.87868 2.3886 2.20553 4.66029 5.06876 3.17412
Sel_flota
 0.734783 1 1 1 1
 0.734783 1 1 1 1
 0.734783 1 1 1 1
 0.734783 1 1 1 1
 0.734783 1 1 1 1
 0.734783 1 1 1 1
 0.734783 1 1 1 1
 0.734783 1 1 1 1
 0.734783 1 1 1 1
 0.734783 1 1 1 1
 0.734783 1 1 1 1
 0.734783 1 1 1 1
 0.734783 1 1 1 1
 0.734783 1 1 1 1
 0.734783 1 1 1 1
 0.734783 1 1 1 1
 0.734783 1 1 1 1
 0.734783 1 1 1 1
 0.734783 1 1 1 1
 0.734783 1 1 1 1
 0.734783 1 1 1 1
 0.734783 1 1 1 1
 0.734783 1 1 1 1
 0.734783 1 1 1 1
 0.734783 1 1 1 1
 0.734783 1 1 1 1
 0.734783 1 1 1 1
 0.734783 1 1 1 1
 0.734783 1 1 1 1
 0.734783 1 1 1 1
Sel_reclas
 0.5 1 1 1 1
 0.5 1 1 1 1
 0.5 1 1 1 1
 0.5 1 1 1 1
 0.5 1 1 1 1
 0.5 1 1 1 1
 0.5 1 1 1 1
 0.5 1 1 1 1
 0.5 1 1 1 1
 0.5 1 1 1 1
 0.5 1 1 1 1
 0.5 1 1 1 1
 0.5 1 1 1 1
 0.5 1 1 1 1
 0.5 1 1 1 1
 0.5 1 1 1 1
 0.5 1 1 1 1
 0.5 1 1 1 1
 0.5 1 1 1 1
 0.5 1 1 1 1
 0.5 1 1 1 1
 0.5 1 1 1 1
 0.5 1 1 1 1
 0.5 1 1 1 1
 0.5 1 1 1 1
 0.5 1 1 1 1
 0.5 1 1 1 1
 0.5 1 1 1 1
 0.5 1 1 1 1
 0.5 1 1 1 1
Sel_pelaces
 0.5 1 1 1 1
 0.5 1 1 1 1
 0.5 1 1 1 1
 0.5 1 1 1 1
 0.5 1 1 1 1
 0.5 1 1 1 1
 0.5 1 1 1 1
 0.5 1 1 1 1
 0.5 1 1 1 1
 0.5 1 1 1 1
 0.5 1 1 1 1
 0.5 1 1 1 1
 0.5 1 1 1 1
 0.5 1 1 1 1
 0.5 1 1 1 1
 0.5 1 1 1 1
 0.5 1 1 1 1
 0.5 1 1 1 1
 0.5 1 1 1 1
 0.5 1 1 1 1
 0.5 1 1 1 1
 0.5 1 1 1 1
 0.5 1 1 1 1
 0.5 1 1 1 1
 0.5 1 1 1 1
 0.5 1 1 1 1
 0.5 1 1 1 1
 0.5 1 1 1 1
 0.5 1 1 1 1
 0.5 1 1 1 1
pf_obs 
 0.8446 0.082 0.0669 0.0065 0
 0.8095 0.147 0.0364 0.0071 0
 0.9664 0.0169 0.016 0.0007 0
 0.9276 0.0648 0.0075 0.0001 0
 0.7033 0.2144 0.0806 0.0017 0
 0.9318 0.0425 0.0243 0.0014 0
 0.5671 0.3108 0.0964 0.0239 0.0018
 0.0768 0.2599 0.5324 0.112 0.0189
 0.490249 0.384438 0.106611 0.0170017 0.00170017
 0.7925 0.1577 0.0466 0.003 0.0002
 0.840416 0.127587 0.0312969 0.00059994 9.999e-05
 0.8084 0.0986 0.0794 0.0134 0.0002
 0.7335 0.1905 0.0724 0.0035 0.0001
 0.4001 0.4547 0.1325 0.0127 0
 0.49795 0.308269 0.164784 0.0264974 0.00249975
 0.9179 0.0499 0.0305 0.0017 0
 0.2467 0.6533 0.0926 0.0074 0
 0.9418 0.0223 0.034 0.0019 0
 0.707729 0.231977 0.0356964 0.0245975 0
 0.517169 0.277429 0.184464 0.0207286 0.00020938
 0.811772 0.124168 0.05621 0.00726502 0.000585176
 0.764997 0.148141 0.077277 0.00933861 0.000247198
 0.163321 0.427699 0.378323 0.0303852 0.000271297
 0.753843 0.0900009 0.118128 0.0371064 0.000921714
 0.721811 0.176058 0.0630433 0.0369309 0.00215725
 0.143369 0.312575 0.442814 0.0836902 0.0175525
 0.692698 0.0596174 0.167031 0.0765114 0.00414204
 0.394062 0.376323 0.152708 0.0712218 0.00568511
 0.125707 0.32114 0.495352 0.0537591 0.00404204
 0.23352 0.215282 0.420074 0.123614 0.00750983
pf_pred 
 0.535335 0.144944 0.297734 0.021986 8.62454e-07
 0.473559 0.326602 0.0623365 0.128047 0.00945594
 0.623332 0.214632 0.100526 0.0191869 0.0423228
 0.773087 0.160835 0.0376524 0.0176352 0.0107905
 0.695865 0.254868 0.0349205 0.00817507 0.00617177
 0.789816 0.160352 0.0417593 0.00572162 0.00235068
 0.478178 0.44015 0.062309 0.0162267 0.0031367
 0.468086 0.310572 0.186699 0.0264298 0.00821341
 0.565444 0.23873 0.114338 0.068734 0.012754
 0.691195 0.202174 0.0585795 0.0280563 0.0199955
 0.787633 0.16342 0.0320452 0.00928505 0.00761637
 0.743238 0.215124 0.0320411 0.00628296 0.00331378
 0.640134 0.293264 0.0558015 0.0083112 0.00248932
 0.598581 0.294769 0.086912 0.0165374 0.00320086
 0.98342 0.013357 0.00236693 0.000697884 0.000158494
 0.93491 0.0644026 0.000553707 9.81194e-05 3.55005e-05
 0.364259 0.608178 0.0272725 0.000234478 5.6584e-05
 0.869806 0.0599654 0.0671833 0.0030127 3.21526e-05
 0.90417 0.0876624 0.00376192 0.00421473 0.000191018
 0.634195 0.342172 0.0216192 0.000927758 0.00108654
 0.731946 0.192976 0.0702276 0.00443713 0.000413416
 0.66335 0.268801 0.0488455 0.0177758 0.00122776
 0.35235 0.485046 0.129833 0.0235926 0.00917883
 0.765366 0.104514 0.0974507 0.0260847 0.00658412
 0.73143 0.222611 0.0204717 0.0190881 0.00639899
 0.554496 0.357576 0.0728815 0.00670229 0.00834432
 0.866957 0.0857663 0.0379462 0.00773423 0.00159676
 0.584885 0.374843 0.0259616 0.0114864 0.00282451
 0.395017 0.403831 0.181638 0.0125802 0.00693464
 0.640989 0.173111 0.12409 0.0558139 0.00599657
pobs_RECLAS
 0 0 0 0 0
 0 0 0 0 0
 0 0 0 0 0
 0 0 0 0 0
 0 0 0 0 0
 0 0 0 0 0
 0 0 0 0 0
 0 0 0 0 0
 0 0 0 0 0
 0 0 0 0 0
 0.991045 0.00858322 0.000360255 1.14367e-05 0
 0.934742 0.0480273 0.0164251 0.00080598 0
 0.827803 0.169806 0.00239088 0 0
 0.941827 0.0461693 0.0120037 0 0
 0.791401 0.0380133 0.147996 0.0225897 0
 0.846168 0.0940531 0.0597789 0 0
 0.134021 0.677848 0.182769 0.00536245 0
 0.80878 0.0450904 0.141981 0.00414843 0
 0.846168 0.0940531 0.0597789 0 0
 0.905697 0.0802665 0.012482 0.00150086 5.37128e-05
 0.989698 0.0102097 9.19794e-05 0 0
 0.975433 0.0193895 0.00387452 0.00125025 5.28907e-05
 0.303575 0.632131 0.0575291 0.00676475 0
 0.966965 0.00978017 0.0227588 0.000495775 0
 0.843318 0.132988 0.00938335 0.0141283 0.000182051
 0.564624 0.303363 0.111486 0.0197234 0.00080311
 0.826376 0.0876187 0.0782897 0.00655872 0.00115652
 0.89761 0.0855135 0.0140674 0.00269457 0.000114338
 0.34875 0.467042 0.161289 0.0227151 0.000203297
 0.318654 0.224769 0.449479 0.00709798 0
ppred_RECLAS
 0.44115 0.174324 0.358083 0.0264424 1.03727e-06
 0.383161 0.382684 0.0730406 0.150035 0.0110797
 0.533244 0.265966 0.12457 0.0237759 0.0524452
 0.703261 0.210327 0.0492387 0.0230618 0.0141109
 0.610167 0.326683 0.0447602 0.0104786 0.00791082
 0.720689 0.21309 0.0554935 0.00760339 0.0031238
 0.3898 0.514695 0.0728619 0.0189749 0.00366795
 0.375171 0.364822 0.219312 0.0310465 0.00964813
 0.472695 0.289683 0.138742 0.0834042 0.0154761
 0.607882 0.256718 0.0743838 0.0356256 0.0253902
 0.716949 0.217813 0.0427111 0.0123755 0.0101514
 0.668272 0.277934 0.0413961 0.00811738 0.00428131
 0.554532 0.363023 0.0690752 0.0102882 0.00308146
 0.565799 0.318841 0.0940095 0.0178879 0.00346225
 0.976579 0.0188679 0.00334348 0.000985816 0.000223885
 0.909267 0.0897752 0.00077185 0.000136775 4.94866e-05
 0.284053 0.684906 0.0307133 0.00026406 6.37226e-05
 0.82515 0.0805333 0.0902269 0.00404605 4.31809e-05
 0.868092 0.120665 0.0051782 0.00580148 0.000262933
 0.545258 0.425363 0.0268754 0.00115332 0.0013507
 0.652712 0.250017 0.0909861 0.0057487 0.000535617
 0.577998 0.336951 0.0612293 0.0222825 0.00153903
 0.273206 0.54432 0.145698 0.0264757 0.0103005
 0.692954 0.136769 0.127526 0.0341348 0.00861609
 0.653587 0.287133 0.0264052 0.0246206 0.00825368
 0.46165 0.432097 0.0880704 0.00809909 0.0100833
 0.817212 0.117834 0.0521342 0.010626 0.00219378
 0.49141 0.459249 0.0318076 0.0140729 0.00346053
 0.309317 0.461036 0.207368 0.0143623 0.00791698
 0.550976 0.216514 0.155202 0.0698078 0.00750005
pobs_PELACES
 0 0 0 0 0
 0 0 0 0 0
 0 0 0 0 0
 0 0 0 0 0
 0 0 0 0 0
 0 0 0 0 0
 0 0 0 0 0
 0 0 0 0 0
 0 0 0 0 0
 0 0 0 0 0
 0 0 0 0 0
 0 0 0 0 0
 0 0 0 0 0
 0 0 0 0 0
 0 0 0 0 0
 0 0 0 0 0
 0.505614 0.472636 0.0217494 0 0
 0 0 0 0 0
 0.443492 0.261883 0.143347 0.151278 0
 0.227955 0.32914 0.350689 0.0885471 0.00366901
 0.970185 0.0296113 0.000203453 0 0
 0.997202 0.00247181 0.000326279 0 0
 0.445219 0.490057 0.0546422 0.010081 0
 0.90214 0.0892962 0.00764917 0.000914606 0
 0 0 0 0 0
 0.581667 0.319106 0.0959925 0.00289975 0.000334073
 0.762889 0.0836404 0.116647 0.0363945 0.000428098
 0.88444 0.0763242 0.0277011 0.0115352 0
 0.521256 0.241999 0.230069 0.00667565 0
 0.616807 0.101726 0.260614 0.0208532 0
ppred_PELACES
 0.446783 0.172566 0.354473 0.0261759 1.02681e-06
 0.39321 0.37645 0.0718507 0.147591 0.0108992
 0.543614 0.260056 0.121802 0.0232476 0.05128
 0.715164 0.20189 0.0472636 0.0221367 0.0135449
 0.614485 0.323065 0.0442644 0.0103625 0.00782319
 0.726414 0.208722 0.054356 0.00744754 0.00305977
 0.404607 0.502206 0.0710939 0.0185145 0.00357894
 0.377503 0.363461 0.218493 0.0309306 0.00961212
 0.481905 0.284624 0.136319 0.0819475 0.0152059
 0.619465 0.249135 0.0721865 0.0345732 0.0246402
 0.719578 0.21579 0.0423145 0.0122606 0.0100571
 0.681135 0.267156 0.0397908 0.00780261 0.00411529
 0.571497 0.349198 0.0664445 0.00989639 0.0029641
 0.63895 0.265125 0.0781715 0.0148743 0.00287895
 0.978275 0.0175015 0.00310134 0.000914424 0.000207671
 0.914366 0.0847299 0.000728472 0.000129089 4.67055e-05
 0.293996 0.675394 0.0302867 0.000260393 6.28377e-05
 0.837053 0.075051 0.0840847 0.00377061 4.02413e-05
 0.87513 0.114227 0.00490192 0.00549195 0.000248904
 0.556583 0.414769 0.026206 0.0011246 0.00131707
 0.660533 0.244387 0.0889371 0.00561924 0.000523555
 0.591654 0.326048 0.0592481 0.0215615 0.00148923
 0.281959 0.537764 0.143944 0.0261568 0.0101764
 0.702774 0.132395 0.123447 0.0330432 0.00834055
 0.664684 0.277936 0.0255594 0.023832 0.00798929
 0.470873 0.424694 0.0865616 0.00796035 0.00991058
 0.821134 0.115306 0.0510155 0.010398 0.00214671
 0.497703 0.453566 0.031414 0.0138987 0.0034177
 0.314827 0.457358 0.205714 0.0142477 0.00785382
 0.558615 0.212831 0.152562 0.0686203 0.00737246
pobs_pel_tallas
 0 0 0 0 0 0 0 0 0 0 0 0 0 0 0 0 0 0 0 0 0 0 0 0 0 0
 0 0 0 0 0 0 0 0 0 0 0 0 0 0 0 0 0 0 0 0 0 0 0 0 0 0
 0 0 0 0 0 0 0 0 0 0 0 0 0 0 0 0 0 0 0 0 0 0 0 0 0 0
 0 0 0 0 0 0 0 0 0 0 0 0 0 0 0 0 0 0 0 0 0 0 0 0 0 0
 0 0 0 0 0 0 0 0 0 0 0 0 0 0 0 0 0 0 0 0 0 0 0 0 0 0
 0 0 0 0 0 0 0 0 0 0 0 0 0 0 0 0 0 0 0 0 0 0 0 0 0 0
 0 0 0 0 0 0 0 0 0 0 0 0 0 0 0 0 0 0 0 0 0 0 0 0 0 0
 0 0 0 0 0 0 0 0 0 0 0 0 0 0 0 0 0 0 0 0 0 0 0 0 0 0
 0 0 0 0 0 0 0 0 0 0 0 0 0 0 0 0 0 0 0 0 0 0 0 0 0 0
 0 0 0 0 0 0 0 0 0 0 0 0 0 0 0 0 0 0 0 0 0 0 0 0 0 0
 0 0 0 0 0 0 0 0 0 0 0 0 0 0 0 0 0 0 0 0 0 0 0 0 0 0
 0 0 0 0 0 0 0 0 0 0 0 0 0 0 0 0 0 0 0 0 0 0 0 0 0 0
 0.00862536 0 0 0.000197151 0.00414017 0.0128641 0.00837892 0.0270097 0.101434 0.158115 0.152841 0.127902 0.109271 0.109419 0.0830992 0.0579132 0.0238553 0.00714673 0.00463305 0.00128148 0.00103504 0.000492878 0.000147863 0.000147863 4.92878e-05 0
 0 0 0 0 0 0 0 0 0 0 0 0 0 0 0 0 0 0 0 0 0 0 0 0 0 0
 0 0 0 0 0 0 0 0.0054083 0.00873648 0.0413646 0.0450493 0.0745869 0.0622846 0.0627006 0.0613931 0.0827291 0.12552 0.122667 0.0946155 0.0697135 0.0546179 0.0294188 0.0215738 0.0213955 0.0102223 0.00600262
 0 0 0 0 0.00359764 0.0251062 0.0480494 0.140153 0.205849 0.193036 0.1447 0.116669 0.0760912 0.0342217 0.00950174 0.001854 0.000860785 0 0 0 0.000165536 0 0.000143464 0 0 0
 0 0 0 0 0 0 0 0.000145254 0.000435761 0.0275982 0.070085 0.0708112 0.156366 0.174668 0.174014 0.160142 0.0824315 0.0480064 0.0283245 0.00493863 0.00203355 0 0 0 0 0
 0 0 0 0 0 0 0 0 0 0 0 0 0 0 0 0 0 0 0 0 0 0 0 0 0 0
 0 0 1.00437e-05 0.000401748 0.00122533 0.00171747 0.00176769 0.0269171 0.070346 0.194647 0.189555 0.159765 0.064822 0.0314167 0.0384472 0.0292271 0.0345202 0.0313363 0.0194345 0.0106764 0.0143323 0.0359363 0.0279516 0.0138201 0.00172751 0
 0 0.0021121 0.0136068 0.0755702 0.200478 0.177729 0.0527432 0.0373336 0.0318909 0.0142505 0.0149659 0.0166563 0.0217959 0.0798694 0.0677717 0.0528807 0.04013 0.0224614 0.0357745 0.0225083 0.00881397 0.00855152 0.00135912 0.000746735 0 0
 0 0 0 0 5.4009e-05 0.00500934 0.000945158 0.0243581 0.138947 0.33067 0.221406 0.137944 0.0707744 0.0437923 0.0131692 0.00525238 0.0047753 0.00276346 9.45158e-05 9.00151e-06 2.25038e-05 9.00151e-06 4.50075e-06 0 0 0
 0.000866109 0.00284123 0.00948549 0.0512746 0.133035 0.25785 0.225252 0.132002 0.0553304 0.0519788 0.0540692 0.017754 0.00435017 0.00159236 0.00146478 0.000404838 0.000125132 0.000115318 0.000107957 0.000100596 0 0 0 0 0 0
 0 0 0 0 0.00144013 0.00171154 0.00461396 0.0210425 0.0478622 0.0707936 0.0888783 0.103762 0.0637923 0.0337046 0.0602308 0.124433 0.169614 0.0934646 0.0462172 0.0250306 0.0313229 0.00938855 0.002487 0.000210481 0 0
 0 0.00764035 0.051015 0.0998891 0.058973 0.0496711 0.0374665 0.0718981 0.12319 0.153886 0.159021 0.0857701 0.0377988 0.023471 0.0147837 0.00900784 0.00315554 0.000888139 0.00291439 0.00214683 0.00393193 0.00274676 0.000635225 9.99891e-05 0 0
 0 0 0 0 0 0 0 0 0 0 0 0 0 0 0 0 0 0 0 0 0 0 0 0 0 0
 0 0 0 0 0 0 0 0 0 0 0 0 0 0 0 0 0 0 0 0 0 0 0 0 0 0
 0 0 0 0 0 0 0 0 0 0 0 0 0 0 0 0 0 0 0 0 0 0 0 0 0 0
 0 0 0 0 0 0 0 0 0 0 0 0 0 0 0 0 0 0 0 0 0 0 0 0 0 0
 0 0 0 0 0 0 0 0 0 0 0 0 0 0 0 0 0 0 0 0 0 0 0 0 0 0
 0 0 0 0 0 0 0 0 0 0 0 0 0 0 0 0 0 0 0 0 0 0 0 0 0 0
ppred_pel_tallas
 1.12899e-16 3.6801e-05 0.000357719 0.00237717 0.0108063 0.0336224 0.0716367 0.104559 0.104577 0.0717207 0.0339061 0.0116321 0.00447501 0.00501917 0.00912915 0.0156571 0.0239983 0.0331851 0.042141 0.050191 0.0571419 0.0627925 0.0664008 0.0667574 0.0629145 0.0549649
 1.18816e-16 3.23882e-05 0.000314825 0.00209213 0.00951052 0.029591 0.063048 0.092028 0.0920644 0.0632257 0.0301879 0.0112359 0.00642766 0.00979517 0.0180864 0.0299858 0.0435359 0.0555278 0.0627732 0.0639646 0.0605047 0.0555094 0.0517583 0.0501802 0.0498016 0.0488184
 1.14591e-16 4.47768e-05 0.000435247 0.00289237 0.0131483 0.0409094 0.0871627 0.127222 0.127247 0.0872859 0.0413237 0.0143468 0.00590818 0.00704313 0.0126666 0.0210609 0.0307892 0.0396898 0.0455914 0.0475291 0.0462821 0.043715 0.0414708 0.0400687 0.0389568 0.0372103
 1.05928e-16 5.89072e-05 0.000572599 0.00380512 0.0172975 0.0538192 0.114668 0.167366 0.167385 0.114763 0.0541392 0.0182224 0.00612849 0.00565093 0.00972275 0.0160318 0.0232127 0.0294599 0.0329807 0.0329712 0.0300888 0.0259711 0.0221963 0.0195022 0.0177239 0.0162618
 1.03724e-16 5.06144e-05 0.00049199 0.00326945 0.0148625 0.0462428 0.0985263 0.143808 0.14384 0.0986784 0.0467536 0.0163379 0.00697305 0.00857684 0.0154049 0.0253865 0.0365641 0.0459792 0.0506497 0.0492025 0.0426878 0.0338566 0.0255062 0.0191812 0.0149787 0.0121911
 1.02887e-16 5.98338e-05 0.000581606 0.00386498 0.0175696 0.0546658 0.116472 0.169999 0.170019 0.116571 0.0549967 0.0185258 0.0062669 0.00583115 0.0100476 0.0165626 0.0239614 0.0303563 0.0338549 0.033569 0.0301127 0.0251303 0.020257 0.0163422 0.0133883 0.0109955
 1.04643e-16 3.33271e-05 0.000323951 0.00215277 0.00978621 0.0304488 0.0648762 0.0946988 0.0947472 0.0651127 0.031243 0.01208 0.0079106 0.0128934 0.0239053 0.0394682 0.0568535 0.0714966 0.0787581 0.0764893 0.0663001 0.0524397 0.0392356 0.0290888 0.0221816 0.0174762
 1.11127e-16 3.10945e-05 0.00030225 0.00200856 0.00913063 0.028409 0.0605296 0.0883522 0.0883875 0.0607022 0.0289893 0.0108101 0.00623719 0.00957586 0.0177679 0.0296495 0.0434656 0.0562394 0.0649021 0.0679643 0.0662444 0.0619916 0.0571903 0.0524834 0.0473856 0.0412503
 1.14799e-16 3.96939e-05 0.000385839 0.00256404 0.0116558 0.0362655 0.0772685 0.112781 0.112809 0.0774035 0.0367193 0.0129688 0.00586884 0.00763014 0.0138868 0.0231312 0.0338808 0.0438139 0.0505957 0.0531968 0.0524536 0.0503205 0.0484331 0.0471564 0.0457171 0.0430534
 1.09784e-16 5.10246e-05 0.000495977 0.00329594 0.0149829 0.0466175 0.0993243 0.144972 0.144996 0.099442 0.0470129 0.016126 0.00616906 0.00678026 0.0120227 0.0198934 0.0288886 0.0368406 0.0415857 0.0421662 0.0393925 0.0352307 0.031518 0.0290194 0.027389 0.0257877
 1.04208e-16 5.92707e-05 0.000576132 0.0038286 0.0174043 0.0541513 0.115376 0.168399 0.16842 0.115478 0.054493 0.0183915 0.00630771 0.00599174 0.0103555 0.0170552 0.024633 0.0311276 0.0345824 0.0341033 0.0303826 0.025203 0.0203349 0.0166912 0.0142318 0.0124244
 1.02696e-16 5.61043e-05 0.000545354 0.00362407 0.0164745 0.0512584 0.109212 0.159404 0.15943 0.109338 0.0516809 0.0176949 0.00668767 0.00723369 0.0127599 0.0210094 0.0302674 0.0380785 0.0419748 0.0408143 0.0354507 0.0281385 0.021172 0.0158214 0.0121795 0.00969324
 1.03501e-16 4.70736e-05 0.000457572 0.00304073 0.0138227 0.0430078 0.0916339 0.133749 0.133783 0.0917985 0.0435605 0.0154195 0.00705012 0.00921409 0.0166889 0.0275455 0.0397443 0.0501198 0.0554646 0.0542809 0.0476442 0.0384243 0.0295256 0.0225329 0.0175478 0.0138963
 1.04303e-16 5.26296e-05 0.000511578 0.00339962 0.0154542 0.0480838 0.102449 0.149532 0.149558 0.102574 0.0485044 0.0166699 0.0064543 0.00719038 0.0127674 0.0211033 0.0305802 0.0388418 0.0435073 0.0434584 0.0394602 0.0335538 0.0277423 0.0230247 0.0193454 0.0161819
 1.00221e-16 8.05792e-05 0.000783259 0.00520503 0.0236613 0.0736191 0.156853 0.228932 0.228934 0.156862 0.0736468 0.0237413 0.00540594 0.00122202 0.000914407 0.00138556 0.00199139 0.00251094 0.00277927 0.00272206 0.0023946 0.00194198 0.00151023 0.00117762 0.000946308 0.000778496
 1.00064e-16 7.53151e-05 0.00073209 0.00486499 0.0221156 0.0688098 0.146607 0.213979 0.213987 0.146647 0.0689434 0.0225012 0.00583211 0.00284031 0.00407039 0.00658682 0.00942685 0.0117398 0.0127157 0.0119833 0.00983447 0.00704152 0.00441664 0.00244896 0.0012251 0.000576991
 1.01084e-16 2.42162e-05 0.00023539 0.00156425 0.00711091 0.022125 0.0471421 0.0688189 0.0688839 0.0474596 0.0231907 0.0101876 0.00928189 0.0170651 0.0319336 0.0526144 0.0754603 0.0941939 0.102427 0.0972025 0.0807867 0.0592123 0.0387937 0.0232921 0.0133411 0.00765285
 1.02831e-16 6.8947e-05 0.000670189 0.00445364 0.0202456 0.0629917 0.134211 0.195886 0.195893 0.134247 0.0631127 0.0205967 0.00534035 0.00262381 0.00383161 0.0063614 0.0094726 0.0125655 0.0150516 0.0166162 0.0173274 0.01745 0.0171433 0.0163326 0.0148475 0.0126599
 1.00764e-16 7.20833e-05 0.000700675 0.00465623 0.0211666 0.0658571 0.140316 0.204798 0.204809 0.14037 0.0660374 0.0216871 0.00596194 0.00354839 0.0054727 0.0089134 0.0127868 0.015984 0.0174305 0.0166383 0.0140004 0.0105393 0.00731034 0.00492013 0.00343386 0.00259099
 1.01198e-16 4.58451e-05 0.000445631 0.00296137 0.013462 0.0418855 0.089243 0.130261 0.130301 0.089438 0.0425402 0.0153524 0.00770375 0.0107892 0.0196634 0.0323644 0.0464508 0.0580592 0.0632796 0.0603016 0.0505037 0.0375549 0.0252803 0.0159358 0.00987506 0.00630228
 1.03282e-16 5.44073e-05 0.000528858 0.00351445 0.0159762 0.049708 0.105909 0.154582 0.154606 0.106025 0.0500962 0.0170984 0.00633535 0.00669983 0.0118118 0.0195387 0.0283659 0.0361341 0.0406545 0.0408757 0.0374447 0.0321533 0.0267576 0.0221307 0.0182518 0.0147478
 1.04208e-16 4.87338e-05 0.00047371 0.00314797 0.0143102 0.0445246 0.0948656 0.138466 0.138497 0.0950192 0.0450407 0.0158012 0.00689164 0.00865015 0.0155891 0.0257259 0.037128 0.0468458 0.0519011 0.050918 0.0449245 0.0366126 0.0286812 0.0225624 0.0182737 0.0151012
 1.08637e-16 2.32247e-05 0.000225752 0.00150021 0.00681975 0.0212191 0.0452114 0.0659982 0.0660501 0.0454652 0.0220717 0.0092839 0.00769082 0.0137573 0.0257733 0.0427052 0.0618278 0.0784008 0.087579 0.0870944 0.0785377 0.0661298 0.0540407 0.0443905 0.0371072 0.0310968
 1.08322e-16 5.78866e-05 0.000562678 0.00373919 0.0169978 0.0528867 0.112681 0.164464 0.164477 0.112744 0.0530997 0.0176152 0.00529744 0.00399249 0.00665462 0.0111274 0.0165346 0.0218678 0.0261194 0.0288069 0.0301732 0.0308273 0.0311467 0.0309743 0.0298224 0.0273297
 1.04551e-16 5.47492e-05 0.000532182 0.00353653 0.0160766 0.0500204 0.106575 0.155555 0.155581 0.106706 0.0504596 0.017345 0.00671977 0.00747932 0.0132435 0.0217953 0.0313668 0.0394024 0.0433472 0.0420535 0.0364818 0.0290651 0.0222544 0.0173656 0.0143948 0.0125897
 1.05083e-16 3.87853e-05 0.000377007 0.00250534 0.011389 0.0354355 0.0755006 0.110204 0.110245 0.0757008 0.0361079 0.0133316 0.00738358 0.0110325 0.0202936 0.0335351 0.0484135 0.0611051 0.0677217 0.0664479 0.0585873 0.0476123 0.0370276 0.0287301 0.0228181 0.0184564
 1.02908e-16 6.76357e-05 0.000657444 0.00436894 0.0198606 0.0617937 0.131658 0.192162 0.192173 0.131713 0.0619772 0.0203913 0.00570394 0.00358077 0.00564607 0.00929632 0.013547 0.0173745 0.0197743 0.0202716 0.0191679 0.017267 0.0153178 0.0136309 0.0121019 0.0104968
 1.02995e-16 4.09953e-05 0.000398489 0.0026481 0.0120379 0.0374546 0.0798026 0.116483 0.116527 0.080016 0.0381708 0.0141058 0.00783634 0.0117164 0.0215119 0.0354368 0.0508998 0.0637073 0.0696151 0.066675 0.0564136 0.0428337 0.0300675 0.02049 0.0143724 0.0107384
 1.08812e-16 2.5932e-05 0.000252068 0.00167509 0.00761472 0.0236925 0.0504809 0.0736877 0.073732 0.0506975 0.0244202 0.00971957 0.00696896 0.011843 0.0221397 0.0368214 0.053645 0.0687133 0.0780111 0.0795969 0.0746126 0.0662271 0.0574575 0.0496666 0.0426394 0.0356591
 1.12587e-16 4.60124e-05 0.000447257 0.00297218 0.0135111 0.0420382 0.0895676 0.130731 0.130752 0.0896689 0.0423792 0.0144988 0.00546189 0.00591737 0.0105384 0.0176228 0.0260281 0.0341021 0.0401791 0.0434995 0.044572 0.0445962 0.0444426 0.0440599 0.0427072 0.0396612
pSPR Fmed_Fpbrs
0.553849   0.225413 0.225413
Fs Fmed_Fpbrs
0.34   1.005 1.005
SSBpbr Bo_Bmed_Bpbrs
1.02319e+06  515535  179481 179481
Ro
119909
SPR SPRFo_SPRFmed_SPRFpbrs
853571 472750 192406
Fref
1.005
Nvult_r0
 80055.6 17306.7 12405.8 5579.98 599.505
CTP_r0
 34005.8 8674.95 6218.39 2796.95 300.5
YTP_r0
650472
Np
 155618 27356.4 3711.41 695.844 565.964
Nvult_p0
 128262 23672.5 3211.63 602.142 489.751
CTP_p0
 54482.7 11954.7 2241.36 1606.65 909.363
 54482.7 11865.8 1609.82 301.822 245.486
YTP_p0
 755733 674713
CBA_c0
682051
log_Ro
11.5145
likeval ReclasPelacesDesembMPH_pf_preclas_ppelaces_ptallas_desvR_qrecl_qpela
 0.000298145 123.26 0.0298343 121.355 224.047 133.417 111.021 0 20.436 4.31163e-05 0 0.102946 0 0 0
q_reclas_q_pelaces
2.531 1
M
1
N
 159393 32600.5 66965.6 4945.04 0.193981
 90927.9 48413.7 9240.43 18981 1401.7
 88267.3 23449.2 10982.9 2096.23 4623.91
 140159 22874.6 5355.07 2508.14 1534.67
 115410 31758.7 4351.39 1018.68 769.054
 236052 36444.1 9490.87 1300.38 534.253
 94184.4 68289.4 9667.27 2517.58 486.661
 41766.3 20615.1 12392.7 1754.35 545.189
 43621.9 14135.3 6770.02 4069.78 755.173
 51767.9 11771.2 3410.68 1633.52 1164.2
 81565 12636.2 2477.85 717.953 588.925
 118390 26905.7 4007.4 785.813 414.457
 73272.8 26625.8 5066.28 754.584 226.008
 33721.5 15107.6 4454.43 847.579 164.051
 87503.3 949.772 168.304 49.624 11.2699
 310548 16877.4 145.104 25.7132 9.30327
 51702.7 67074 3007.8 25.8598 6.24047
 228329 12670.4 14195.5 636.571 6.7937
 539021 41208.3 1768.4 1981.26 89.7939
 279708 116938 7388.39 317.063 371.326
 347100 70064.7 25497.9 1611.01 150.101
 300653 95430 17341.1 6310.78 435.879
 64810.2 68976.5 18463 3355.02 1305.29
 156059 16526.8 15409.9 4124.76 1041.15
 164033 38831.4 3570.99 3329.65 1116.21
 80524.4 39861.3 8124.57 747.148 930.195
 289188 21702.5 9601.99 1957.09 404.047
 175469 85181.1 5899.65 2610.22 641.855
 67439.4 52252.3 23502.4 1627.78 897.284
 97130.2 19999.9 14336.4 6448.32 692.797
pred_Ctot
 17843.6 4831.22 9923.95 732.828 0.0287469
 17687.3 12198.5 2328.25 4782.53 353.177
 16965.8 5841.84 2736.13 522.228 1151.94
 35384.7 7361.53 1723.37 807.172 493.889
 10461.6 3831.69 524.995 122.904 92.7864
 32502.8 6598.87 1718.5 235.458 96.7363
 25144 23144.4 3276.39 853.246 164.937
 2127.28 1411.44 848.482 120.114 37.327
 7535.48 3181.47 1523.74 915.994 169.968
 11382.7 3329.42 964.696 462.034 329.289
 5375 1115.22 218.684 63.3635 51.976
 30264.5 8759.82 1304.71 255.841 134.937
 21328.3 9771.1 1859.22 276.917 82.9403
 23591.1 11617.4 3425.35 651.767 126.151
 27710.6 376.372 66.6949 19.6648 4.46601
 84604.9 5828.13 50.1078 8.87934 3.21263
 11275.8 18826.4 844.231 7.25835 1.75158
 77830.7 5365.74 6011.6 269.578 2.87703
 145871 14142.7 606.914 679.967 30.8172
 58202.5 31402.4 1984.07 85.1439 99.7158
 56761.6 14965.1 5446.08 344.095 32.0599
 74307.8 30110.9 5471.63 1991.23 137.532
 12949.3 17826 4771.49 867.056 337.332
 32952.3 4499.78 4195.67 1123.06 283.475
 36397.1 11077.5 1018.7 949.857 318.424
 13958.5 9001.38 1834.67 168.719 210.054
 37102.3 3670.46 1623.95 330.995 68.3349
 21500.8 13779.5 954.369 422.248 103.831
 8410.69 8598.36 3867.43 267.858 147.652
 14339.8 3872.74 2776.06 1248.64 134.152
F
 0.191587 0.26074 0.26074 0.26074 0.26074
 0.355229 0.483447 0.483447 0.483447 0.483447
 0.35034 0.476794 0.476794 0.476794 0.476794
 0.484614 0.659534 0.659534 0.659534 0.659534
 0.152714 0.207836 0.207836 0.207836 0.207836
 0.240299 0.327034 0.327034 0.327034 0.327034
 0.519232 0.706647 0.706647 0.706647 0.706647
 0.0834109 0.113518 0.113518 0.113518 0.113518
 0.309907 0.421767 0.421767 0.421767 0.421767
 0.410202 0.558263 0.558263 0.558263 0.558263
 0.109061 0.148427 0.148427 0.148427 0.148427
 0.492107 0.669731 0.669731 0.669731 0.669731
 0.578993 0.787979 0.787979 0.787979 0.787979
 2.56967 3.49718 3.49718 3.49718 3.49718
 0.645704 0.878768 0.878768 0.878768 0.878768
 0.532544 0.724763 0.724763 0.724763 0.724763
 0.406239 0.552869 0.552869 0.552869 0.552869
 0.712147 0.969194 0.969194 0.969194 0.969194
 0.528111 0.718731 0.718731 0.718731 0.718731
 0.384326 0.523047 0.523047 0.523047 0.523047
 0.291222 0.396337 0.396337 0.396337 0.396337
 0.47219 0.642625 0.642625 0.642625 0.642625
 0.36648 0.498759 0.498759 0.498759 0.498759
 0.391007 0.53214 0.53214 0.53214 0.53214
 0.414664 0.564335 0.564335 0.564335 0.564335
 0.311134 0.423436 0.423436 0.423436 0.423436
 0.222297 0.302534 0.302534 0.302534 0.302534
 0.21138 0.287677 0.287677 0.287677 0.287677
 0.2155 0.293284 0.293284 0.293284 0.293284
 0.259642 0.353359 0.353359 0.353359 0.353359
YTP_r0W_actual
 248242 137932 164787 88663.3 10848
YTP_p0W_proyectada
 410800 208609 53949.4 50320.3 32055
 410800 207058 38748.3 9453.06 8653.39
CTP_r0_actual
 34005.8 8674.95 6218.39 2796.95 300.5
CTP_p0_proyectada
 54482.7 11954.7 2241.36 1606.65 909.363
 54482.7 11865.8 1609.82 301.822 245.486
Wmedp
 7.54 17.45 24.07 31.32 35.25
Frms_r0
 0.738457 1.005 1.005 1.005 1.005
Zrms_r0
 1.73846 2.005 2.005 2.005 2.005
nmprior
 7.29 8.9 8.7 0
nm_flota  nm_reclas  nm_pelaces    nm_pelaL
inf 8.91824 6.00998 8.60295
cv_recla  cv_pelaces  cv_mph
0.532868 1.3064 0.93475
 ------------------------------------------------
Talla a la edad & desviaci?n 
 8 13.2811 15.8009 17.003 17.5766
 0.8 1.32811 1.58009 1.7003 1.75766
