years
 1991 1992 1993 1994 1995 1996 1997 1998 1999 2000 2001 2002 2003 2004 2005 2006 2007 2008 2009 2010 2011 2012 2013 2014 2015 2016 2017 2018 2019 2020 2021 2022 2023
reclasobs
 0 0 0 0 0 0 0 0 0 252601 567819 844713 477998 351125 339783 2.1784e+06 2.13404e+06 4.81314e+06 1.55562e+06 2.62356e+06 3.21686e+06 3.843e+06 1.13348e+06 3.07943e+06 1.97215e+06 2.03268e+06 2.025e+06 2.42433e+06 2.27542e+06 1.05018e+06 2.36338e+06 3.18982e+06 1.53035e+06
reclaspred
 2.93586e+06 1.72908e+06 1.19956e+06 1.26227e+06 1.3383e+06 1.56709e+06 1.24548e+06 1.83329e+06 1.97821e+06 2.12311e+06 1.56952e+06 1.56651e+06 1.40831e+06 1.29372e+06 1.34714e+06 1.3189e+06 1.36544e+06 1.54484e+06 745055 488298 744750 375090 619086 1.10136e+06 1.00787e+06 1.32645e+06 1.47721e+06 1.25035e+06 1.49275e+06 1.58943e+06 1.61247e+06 2.16345e+06 1.73548e+06
pelacesobs
 0 0 0 0 0 0 0 0 0 0 0 0 0 0 0 552880 188675 0 991730 2.46772e+06 1.41603e+06 1.21717e+06 2.29649e+06 1.80582e+06 0 1.4828e+06 1.56532e+06 1.57751e+06 1.42118e+06 867257 1.10002e+06 1.06204e+06 0
pelacespred
 1.57097e+06 892480 580654 524763 613686 703240 553025 944614 1.06923e+06 1.07196e+06 890954 733616 695338 693688 731500 599365 596773 630844 315425 173414 269000 118240 263344 519799 466577 622730 776436 652825 658644 768348 760015 999871 810455
mphobs
 0 0 0 0 0 0 0 0 0 0 0 0 498337 0 5186 125008 0 168611 109162 213762 579715 649985 157893 87575 83554 210694 70296 0 107559 103333 445601 22526 28222
mphpred
 3.18084e+06 1.80306e+06 1.14263e+06 913463 1.02936e+06 1.15148e+06 1.15085e+06 1.00874e+06 1.54123e+06 1.794e+06 1.44613e+06 1.323e+06 1.20648e+06 1.01191e+06 971929 1.21723e+06 964374 1.22507e+06 778418 359032 385057 326408 181813 538599 852628 732450 1.07391e+06 1.00266e+06 1.13278e+06 1.18772e+06 1.13451e+06 1.33355e+06 1.24268e+06
desembarqueobs
 494567 514787 250237 358949 120608 361735 552515 73892 212993 205616 52469 317467 293654 387597 252695 516296 358380 742168 942051 627588 828172 859565 418607 520667 417249 300574 415391 372974 316634 284311 391294 218835 356480
desembarquepred
 494829 506355 260319 358773 120551 361543 552154 73861.2 212910 205548 52447.2 317492 293668 388033 252692 516014 358044 739706 932827 621365 821526 851669 418397 520820 417201 300508 415232 372904 316620 284313 391537 218834 356377
Reclutas
 221303 221303 221303 221303 221303 221303 221303 221303 221303 221303 221303 221303 221303 221303 221303 221303 221303 221303 221303 221303 221303 221303 221303 221303 221303 221303 221303 221303 221303 221303 221303 221303 221303
log_desv_Rt
 0 0 0 0 0 0 0 0 0 0 0 0 0 0 0 0 0 0 0 0 0 0 0 0 0 0 0 0 0 0 0 0 0
SSB
 3.18084e+06 1.80306e+06 1.14263e+06 913463 1.02936e+06 1.15148e+06 1.15085e+06 1.00874e+06 1.54123e+06 1.794e+06 1.44613e+06 1.323e+06 1.16392e+06 999024 949302 1.18447e+06 964374 1.22507e+06 811484 374496 416674 396966 217337 604345 888798 807159 1.11543e+06 1.00266e+06 1.17432e+06 1.16027e+06 1.25172e+06 1.50448e+06 1.30348e+06
BT
 4.36043e+06 2.8527e+06 1.73963e+06 1.80478e+06 1.77794e+06 2.37289e+06 2.01765e+06 3.24921e+06 3.43195e+06 3.13244e+06 2.48032e+06 2.28691e+06 2.2727e+06 2.62064e+06 2.62889e+06 2.13727e+06 2.08466e+06 2.45034e+06 1.95074e+06 1.12229e+06 1.65571e+06 1.17416e+06 1.4104e+06 2.35428e+06 1.72891e+06 2.30803e+06 2.89252e+06 2.40353e+06 2.08686e+06 2.57191e+06 2.58599e+06 3.12078e+06 2.69548e+06
Ftot
 0.159604 0.274538 0.204747 0.266949 0.0858706 0.21763 0.4107 0.0385583 0.102525 0.0922346 0.0319883 0.191506 0.19702 0.281774 0.177776 0.364057 0.24697 0.442067 1.08003 1.10859 0.972817 1.79575 0.622439 0.439668 0.384895 0.214071 0.264402 0.280399 0.200304 0.169465 0.228996 0.0963623 0.194123
BD_Bspro_t
 0.974787 0.834562 0.710189 0.687089 0.690709 0.757184 0.710989 0.637545 0.792624 0.837897 0.842609 0.874801 0.793778 0.73543 0.711282 0.729938 0.624398 0.665985 0.500072 0.299866 0.276829 0.249503 0.174801 0.393025 0.513355 0.547554 0.668103 0.674558 0.701449 0.703615 0.733192 0.749485 0.795523
BD_Bspro
 1.99508 1.13091 0.716678 0.572939 0.645635 0.722227 0.72183 0.632698 0.966686 1.12523 0.907039 0.82981 0.730032 0.626605 0.595419 0.74292 0.604872 0.768385 0.508977 0.234891 0.261345 0.248984 0.136317 0.379055 0.557469 0.506264 0.699615 0.628885 0.736552 0.727738 0.785103 0.943636 0.817564
BD_Bo
 1.56435 0.886753 0.561952 0.449245 0.506246 0.566303 0.565992 0.496103 0.757985 0.882298 0.711215 0.65066 0.572423 0.491325 0.466872 0.582528 0.474284 0.602496 0.399092 0.184179 0.204922 0.19523 0.106887 0.29722 0.437115 0.396965 0.548572 0.493112 0.577535 0.570624 0.615604 0.739911 0.641057
BD_Brms
 6.59916 3.74073 2.37057 1.89512 2.13558 2.38892 2.38761 2.09279 3.19753 3.72194 3.00023 2.74478 2.41474 2.07263 1.96948 2.45737 2.00075 2.5416 1.68355 0.776952 0.864456 0.823569 0.450899 1.25381 1.84395 1.67458 2.31413 2.08017 2.43631 2.40715 2.5969 3.12128 2.70427
Sel_flota
 0.5 1 1 1 1
 0.5 1 1 1 1
 0.5 1 1 1 1
 0.5 1 1 1 1
 0.5 1 1 1 1
 0.5 1 1 1 1
 0.5 1 1 1 1
 0.5 1 1 1 1
 0.5 1 1 1 1
 0.5 1 1 1 1
 0.5 1 1 1 1
 0.5 1 1 1 1
 0.5 1 1 1 1
 0.5 1 1 1 1
 0.5 1 1 1 1
 0.5 1 1 1 1
 0.5 1 1 1 1
 0.5 1 1 1 1
 0.5 1 1 1 1
 0.5 1 1 1 1
 0.5 1 1 1 1
 0.5 1 1 1 1
 0.5 1 1 1 1
 0.5 1 1 1 1
 0.5 1 1 1 1
 0.5 1 1 1 1
 0.5 1 1 1 1
 0.5 1 1 1 1
 0.5 1 1 1 1
 0.5 1 1 1 1
 0.5 1 1 1 1
 0.5 1 1 1 1
 0.5 1 1 1 1
Sel_reclas
 0.5 1 1 1 1
 0.5 1 1 1 1
 0.5 1 1 1 1
 0.5 1 1 1 1
 0.5 1 1 1 1
 0.5 1 1 1 1
 0.5 1 1 1 1
 0.5 1 1 1 1
 0.5 1 1 1 1
 0.5 1 1 1 1
 0.5 1 1 1 1
 0.5 1 1 1 1
 0.5 1 1 1 1
 0.5 1 1 1 1
 0.5 1 1 1 1
 0.5 1 1 1 1
 0.5 1 1 1 1
 0.5 1 1 1 1
 0.5 1 1 1 1
 0.5 1 1 1 1
 0.5 1 1 1 1
 0.5 1 1 1 1
 0.5 1 1 1 1
 0.5 1 1 1 1
 0.5 1 1 1 1
 0.5 1 1 1 1
 0.5 1 1 1 1
 0.5 1 1 1 1
 0.5 1 1 1 1
 0.5 1 1 1 1
 0.5 1 1 1 1
 0.5 1 1 1 1
 0.5 1 1 1 1
Sel_pelaces
 0.5 1 1 1 1
 0.5 1 1 1 1
 0.5 1 1 1 1
 0.5 1 1 1 1
 0.5 1 1 1 1
 0.5 1 1 1 1
 0.5 1 1 1 1
 0.5 1 1 1 1
 0.5 1 1 1 1
 0.5 1 1 1 1
 0.5 1 1 1 1
 0.5 1 1 1 1
 0.5 1 1 1 1
 0.5 1 1 1 1
 0.5 1 1 1 1
 0.5 1 1 1 1
 0.5 1 1 1 1
 0.5 1 1 1 1
 0.5 1 1 1 1
 0.5 1 1 1 1
 0.5 1 1 1 1
 0.5 1 1 1 1
 0.5 1 1 1 1
 0.5 1 1 1 1
 0.5 1 1 1 1
 0.5 1 1 1 1
 0.5 1 1 1 1
 0.5 1 1 1 1
 0.5 1 1 1 1
 0.5 1 1 1 1
 0.5 1 1 1 1
 0.5 1 1 1 1
 0.5 1 1 1 1
pf_obs 
 0.8446 0.082 0.0669 0.0065 0
 0.8095 0.147 0.0364 0.0071 0
 0.9664 0.0169 0.016 0.0007 0
 0.9276 0.0648 0.0075 0.0001 0
 0.7033 0.2144 0.0806 0.0017 0
 0.9318 0.0425 0.0243 0.0014 0
 0.5671 0.3108 0.0964 0.0239 0.0018
 0.0768 0.2599 0.5324 0.112 0.0189
 0.490249 0.384438 0.106611 0.0170017 0.00170017
 0.7925 0.1577 0.0466 0.003 0.0002
 0.840416 0.127587 0.0312969 0.00059994 9.999e-05
 0.8084 0.0986 0.0794 0.0134 0.0002
 0.7335 0.1905 0.0724 0.0035 0.0001
 0.4001 0.4547 0.1325 0.0127 0
 0.49795 0.308269 0.164784 0.0264974 0.00249975
 0.9179 0.0499 0.0305 0.0017 0
 0.2467 0.6533 0.0926 0.0074 0
 0.9418 0.0223 0.034 0.0019 0
 0.707729 0.231977 0.0356964 0.0245975 0
 0.517169 0.277429 0.184464 0.0207286 0.00020938
 0.811772 0.124168 0.05621 0.00726502 0.000585176
 0.764997 0.148141 0.077277 0.00933861 0.000247198
 0.163321 0.427699 0.378323 0.0303852 0.000271297
 0.753843 0.0900009 0.118128 0.0371064 0.000921714
 0.721811 0.176058 0.0630433 0.0369309 0.00215725
 0.143369 0.312575 0.442814 0.0836902 0.0175525
 0.692698 0.0596174 0.167031 0.0765114 0.00414204
 0.394062 0.376323 0.152708 0.0712218 0.00568511
 0.125707 0.32114 0.495352 0.0537591 0.00404204
 0.23352 0.215282 0.420074 0.123614 0.00750983
 0.796117 0.104755 0.0508955 0.0450114 0.00322123
 0.162477 0.292055 0.404252 0.121198 0.0200186
 0 0 0 0 0
pf_pred 
 0.452246 0.0243605 0.278257 0.105277 0.139859
 0.496467 0.319162 0.00819964 0.0936603 0.0825119
 0.525568 0.323371 0.0957489 0.0024599 0.0528519
 0.52721 0.331847 0.0960657 0.0284447 0.0164318
 0.527878 0.333889 0.0970242 0.0280873 0.0131208
 0.507994 0.342609 0.105655 0.0307021 0.0130398
 0.530541 0.322893 0.102061 0.031474 0.0130304
 0.547466 0.325409 0.0874368 0.0276373 0.0120514
 0.501151 0.354128 0.104066 0.0279625 0.0126925
 0.495782 0.340016 0.116565 0.0342547 0.0133821
 0.48939 0.341564 0.113995 0.0390801 0.0159708
 0.486295 0.33867 0.117087 0.039077 0.0188712
 0.509457 0.327244 0.107658 0.0372201 0.0184209
 0.521871 0.328816 0.0996074 0.0327692 0.0169361
 0.533094 0.328565 0.0951389 0.0288202 0.0143816
 0.530088 0.331987 0.097059 0.0281043 0.0127619
 0.550892 0.321448 0.09019 0.0263678 0.011102
 0.548821 0.327256 0.0886974 0.0248862 0.0103391
 0.601956 0.292815 0.0763265 0.020687 0.00821565
 0.697185 0.245468 0.0421871 0.0109967 0.00416413
 0.710153 0.251619 0.0309882 0.00532575 0.00191392
 0.719458 0.244018 0.0317071 0.00390488 0.000912286
 0.772574 0.205639 0.0189506 0.00246239 0.000374104
 0.6433 0.318075 0.0349247 0.00321848 0.000481736
 0.595226 0.325754 0.0704632 0.00773685 0.000819708
 0.569123 0.330764 0.0805697 0.0174278 0.00211632
 0.540695 0.338919 0.092414 0.0225109 0.00546056
 0.540974 0.329648 0.0954677 0.0260314 0.00787906
 0.539505 0.331265 0.0928066 0.0268773 0.00954691
 0.525872 0.338147 0.0978201 0.0274051 0.0107558
 0.520265 0.335773 0.102673 0.0297016 0.011587
 0.520758 0.334979 0.100971 0.0308752 0.012416
 0.5062 0.341189 0.106672 0.0321537 0.0137858
pobs_RECLAS
 0 0 0 0 0
 0 0 0 0 0
 0 0 0 0 0
 0 0 0 0 0
 0 0 0 0 0
 0 0 0 0 0
 0 0 0 0 0
 0 0 0 0 0
 0 0 0 0 0
 0 0 0 0 0
 0.991045 0.00858322 0.000360255 1.14367e-05 0
 0.934742 0.0480273 0.0164251 0.00080598 0
 0.827803 0.169806 0.00239088 0 0
 0.941827 0.0461693 0.0120037 0 0
 0.791401 0.0380133 0.147996 0.0225897 0
 0.846168 0.0940531 0.0597789 0 0
 0.134021 0.677848 0.182769 0.00536245 0
 0.80878 0.0450904 0.141981 0.00414843 0
 0.846168 0.0940531 0.0597789 0 0
 0.905697 0.0802665 0.012482 0.00150086 5.37128e-05
 0.989698 0.0102097 9.19794e-05 0 0
 0.975433 0.0193895 0.00387452 0.00125025 5.28907e-05
 0.303575 0.632131 0.0575291 0.00676475 0
 0.966965 0.00978017 0.0227588 0.000495775 0
 0.843318 0.132988 0.00938335 0.0141283 0.000182051
 0.564624 0.303363 0.111486 0.0197234 0.00080311
 0.826376 0.0876187 0.0782897 0.00655872 0.00115652
 0.89761 0.0855135 0.0140674 0.00269457 0.000114338
 0.34875 0.467042 0.161289 0.0227151 0.000203297
 0.318654 0.224769 0.449479 0.00709798 0
 0.937255 0.0296025 0.0250945 0.00804832 0
 0.456809 0.399803 0.12412 0.0192676 0
 0.883104 0.0372192 0.0704036 0.00927362 0
ppred_RECLAS
 0.454054 0.0242801 0.277339 0.10493 0.139397
 0.499834 0.317027 0.0081448 0.0930339 0.0819601
 0.527969 0.321735 0.0952645 0.00244746 0.0525845
 0.530459 0.329567 0.0954056 0.0282492 0.0163189
 0.52881 0.33323 0.0968328 0.0280319 0.0130949
 0.510572 0.340814 0.105101 0.0305412 0.0129715
 0.535959 0.319167 0.100883 0.0311108 0.0128801
 0.547868 0.325119 0.0873591 0.0276127 0.0120407
 0.502279 0.353327 0.103831 0.0278992 0.0126638
 0.49679 0.339337 0.116332 0.0341862 0.0133553
 0.489726 0.34134 0.11392 0.0390544 0.0159604
 0.488527 0.337198 0.116578 0.0389072 0.0187892
 0.511761 0.325707 0.107152 0.0370452 0.0183343
 0.525335 0.326434 0.0988859 0.0325318 0.0168134
 0.53514 0.327126 0.0947221 0.0286939 0.0143186
 0.53477 0.328679 0.096092 0.0278243 0.0126348
 0.55384 0.319338 0.0895981 0.0261948 0.0110292
 0.554714 0.322982 0.0875389 0.0245612 0.010204
 0.620312 0.279311 0.0728067 0.019733 0.00783679
 0.71383 0.231974 0.0398681 0.0103922 0.00393524
 0.723705 0.239854 0.0295393 0.00507674 0.00182444
 0.750769 0.216783 0.0281682 0.00346906 0.000810466
 0.778963 0.199862 0.0184182 0.00239322 0.000363595
 0.648712 0.313249 0.0343948 0.00316965 0.000474427
 0.600062 0.321862 0.0696212 0.00764441 0.000809914
 0.571604 0.328859 0.0801057 0.0173275 0.00210413
 0.543896 0.336558 0.0917701 0.022354 0.00542251
 0.544401 0.327187 0.0947551 0.0258371 0.00782025
 0.541838 0.329586 0.0923364 0.0267411 0.00949854
 0.527815 0.336761 0.0974192 0.0272928 0.0107117
 0.522993 0.333864 0.102089 0.0295327 0.0115211
 0.521812 0.334242 0.100749 0.0308073 0.0123887
 0.508467 0.339623 0.106182 0.0320061 0.0137225
pobs_PELACES
 0 0 0 0 0
 0 0 0 0 0
 0 0 0 0 0
 0 0 0 0 0
 0 0 0 0 0
 0 0 0 0 0
 0 0 0 0 0
 0 0 0 0 0
 0 0 0 0 0
 0 0 0 0 0
 0 0 0 0 0
 0 0 0 0 0
 0 0 0 0 0
 0 0 0 0 0
 0 0 0 0 0
 0 0 0 0 0
 0.505614 0.472636 0.0217494 0 0
 0 0 0 0 0
 0.443492 0.261883 0.143347 0.151278 0
 0.227955 0.32914 0.350689 0.0885471 0.00366901
 0.970185 0.0296113 0.000203453 0 0
 0.997202 0.00247181 0.000326279 0 0
 0.445219 0.490057 0.0546422 0.010081 0
 0.90214 0.0892962 0.00764917 0.000914606 0
 0 0 0 0 0
 0.581667 0.319106 0.0959925 0.00289975 0.000334073
 0.762889 0.0836404 0.116647 0.0363945 0.000428098
 0.88444 0.0763242 0.0277011 0.0115352 0
 0.521256 0.241999 0.230069 0.00667565 0
 0.616807 0.101726 0.260614 0.0208532 0
 0.833518 0.0704572 0.0857862 0.0102388 0
 0.697417 0.212968 0.0787535 0.0105354 0.000325836
 0 0 0 0 0
ppred_PELACES
 0.460589 0.0239894 0.274019 0.103674 0.137729
 0.511157 0.30985 0.00796042 0.0909278 0.0801047
 0.536379 0.316002 0.0935671 0.00240385 0.0516476
 0.541414 0.321878 0.0931798 0.0275902 0.0159382
 0.532339 0.330735 0.0961076 0.027822 0.0129969
 0.519541 0.334568 0.103175 0.0299816 0.0127338
 0.552765 0.307608 0.0972296 0.029984 0.0124136
 0.549444 0.323986 0.0870547 0.0275165 0.0119988
 0.506508 0.350325 0.102949 0.0276622 0.0125562
 0.500594 0.336771 0.115453 0.0339277 0.0132543
 0.491045 0.340457 0.113626 0.0389535 0.0159191
 0.496425 0.331992 0.114778 0.0383065 0.0184991
 0.51988 0.320291 0.10537 0.0364292 0.0180295
 0.536912 0.318472 0.0964739 0.0317384 0.0164033
 0.542429 0.321996 0.0932368 0.028244 0.0140941
 0.549679 0.318146 0.0930126 0.0269326 0.0122299
 0.563886 0.312148 0.0875807 0.0256049 0.0107808
 0.572651 0.309972 0.0840126 0.0235718 0.009793
 0.661297 0.249162 0.0649477 0.017603 0.00699086
 0.749693 0.202903 0.0348718 0.00908986 0.00344207
 0.754624 0.213013 0.0262336 0.00450862 0.00162027
 0.802028 0.172198 0.0223749 0.00275558 0.000643779
 0.796139 0.184331 0.016987 0.00220725 0.000335341
 0.66506 0.298671 0.0327941 0.00302214 0.000452348
 0.615202 0.309678 0.0669857 0.00735503 0.000779254
 0.580231 0.322236 0.0784926 0.0169786 0.00206176
 0.554696 0.328588 0.089597 0.0218247 0.00529411
 0.55585 0.318964 0.0923738 0.0251878 0.00762372
 0.55003 0.323693 0.0906853 0.0262629 0.0093287
 0.534778 0.331795 0.0959827 0.0268903 0.0105538
 0.53241 0.327273 0.100074 0.0289497 0.0112937
 0.525778 0.33147 0.0999138 0.0305518 0.012286
 0.516469 0.334093 0.104453 0.031485 0.0134991
pobs_pel_tallas
 0 0 0 0 0 0 0 0 0 0 0 0 0 0 0 0 0 0 0 0 0 0 0 0 0 0
 0 0 0 0 0 0 0 0 0 0 0 0 0 0 0 0 0 0 0 0 0 0 0 0 0 0
 0 0 0 0 0 0 0 0 0 0 0 0 0 0 0 0 0 0 0 0 0 0 0 0 0 0
 0 0 0 0 0 0 0 0 0 0 0 0 0 0 0 0 0 0 0 0 0 0 0 0 0 0
 0 0 0 0 0 0 0 0 0 0 0 0 0 0 0 0 0 0 0 0 0 0 0 0 0 0
 0 0 0 0 0 0 0 0 0 0 0 0 0 0 0 0 0 0 0 0 0 0 0 0 0 0
 0 0 0 0 0 0 0 0 0 0 0 0 0 0 0 0 0 0 0 0 0 0 0 0 0 0
 0 0 0 0 0 0 0 0 0 0 0 0 0 0 0 0 0 0 0 0 0 0 0 0 0 0
 0 0 0 0 0 0 0 0 0 0 0 0 0 0 0 0 0 0 0 0 0 0 0 0 0 0
 0 0 0 0 0 0 0 0 0 0 0 0 0 0 0 0 0 0 0 0 0 0 0 0 0 0
 0 0 0 0 0 0 0 0 0 0 0 0 0 0 0 0 0 0 0 0 0 0 0 0 0 0
 0 0 0 0 0 0 0 0 0 0 0 0 0 0 0 0 0 0 0 0 0 0 0 0 0 0
 0.00862536 0 0 0.000197151 0.00414017 0.0128641 0.00837892 0.0270097 0.101434 0.158115 0.152841 0.127902 0.109271 0.109419 0.0830992 0.0579132 0.0238553 0.00714673 0.00463305 0.00128148 0.00103504 0.000492878 0.000147863 0.000147863 4.92878e-05 0
 0 0 0 0 0 0 0 0 0 0 0 0 0 0 0 0 0 0 0 0 0 0 0 0 0 0
 0 0 0 0 0 0 0 0.0054083 0.00873648 0.0413646 0.0450493 0.0745869 0.0622846 0.0627006 0.0613931 0.0827291 0.12552 0.122667 0.0946155 0.0697135 0.0546179 0.0294188 0.0215738 0.0213955 0.0102223 0.00600262
 0 0 0 0 0.00359764 0.0251062 0.0480494 0.140153 0.205849 0.193036 0.1447 0.116669 0.0760912 0.0342217 0.00950174 0.001854 0.000860785 0 0 0 0.000165536 0 0.000143464 0 0 0
 0 0 0 0 0 0 0 0.000145254 0.000435761 0.0275982 0.070085 0.0708112 0.156366 0.174668 0.174014 0.160142 0.0824315 0.0480064 0.0283245 0.00493863 0.00203355 0 0 0 0 0
 0 0 0 0 0 0 0 0 0 0 0 0 0 0 0 0 0 0 0 0 0 0 0 0 0 0
 0 0 1.00437e-05 0.000401748 0.00122533 0.00171747 0.00176769 0.0269171 0.070346 0.194647 0.189555 0.159765 0.064822 0.0314167 0.0384472 0.0292271 0.0345202 0.0313363 0.0194345 0.0106764 0.0143323 0.0359363 0.0279516 0.0138201 0.00172751 0
 0 0.0021121 0.0136068 0.0755702 0.200478 0.177729 0.0527432 0.0373336 0.0318909 0.0142505 0.0149659 0.0166563 0.0217959 0.0798694 0.0677717 0.0528807 0.04013 0.0224614 0.0357745 0.0225083 0.00881397 0.00855152 0.00135912 0.000746735 0 0
 0 0 0 0 5.4009e-05 0.00500934 0.000945158 0.0243581 0.138947 0.33067 0.221406 0.137944 0.0707744 0.0437923 0.0131692 0.00525238 0.0047753 0.00276346 9.45158e-05 9.00151e-06 2.25038e-05 9.00151e-06 4.50075e-06 0 0 0
 0.000866109 0.00284123 0.00948549 0.0512746 0.133035 0.25785 0.225252 0.132002 0.0553304 0.0519788 0.0540692 0.017754 0.00435017 0.00159236 0.00146478 0.000404838 0.000125132 0.000115318 0.000107957 0.000100596 0 0 0 0 0 0
 0 0 0 0 0.00144013 0.00171154 0.00461396 0.0210425 0.0478622 0.0707936 0.0888783 0.103762 0.0637923 0.0337046 0.0602308 0.124433 0.169614 0.0934646 0.0462172 0.0250306 0.0313229 0.00938855 0.002487 0.000210481 0 0
 0 0.00764035 0.051015 0.0998891 0.058973 0.0496711 0.0374665 0.0718981 0.12319 0.153886 0.159021 0.0857701 0.0377988 0.023471 0.0147837 0.00900784 0.00315554 0.000888139 0.00291439 0.00214683 0.00393193 0.00274676 0.000635225 9.99891e-05 0 0
 0 0 0 0 0 0 0 0 0 0 0 0 0 0 0 0 0 0 0 0 0 0 0 0 0 0
 0 0 0 0 0 0 0 0 0 0 0 0 0 0 0 0 0 0 0 0 0 0 0 0 0 0
 0 0 0 0 0 0 0 0 0 0 0 0 0 0 0 0 0 0 0 0 0 0 0 0 0 0
 0 0 0 0 0 0 0 0 0 0 0 0 0 0 0 0 0 0 0 0 0 0 0 0 0 0
 0 0 0 0 0 0 0 0 0 0 0 0 0 0 0 0 0 0 0 0 0 0 0 0 0 0
 0 0 0 0 0 0 0 0 0 0 0 0 0 0 0 0 0 0 0 0 0 0 0 0 0 0
 0 0 0 0 0 0 0 0 0 0 0 0 0 0 0 0 0 0 0 0 0 0 0 0 0 0
 0 0 0 0 0 0 0 0 0 0 0 0 0 0 0 0 0 0 0 0 0 0 0 0 0 0
 0 0 0 0 0 0 0 0 0 0 0 0 0 0 0 0 0 0 0 0 0 0 0 0 0 0
ppred_pel_tallas
 1.41619e-16 3.79381e-05 0.000368772 0.00245062 0.0111402 0.0346612 0.0738495 0.107786 0.107789 0.0738634 0.0347093 0.0112853 0.00283912 0.00129803 0.00204427 0.00396153 0.00723449 0.0123858 0.0200111 0.0305578 0.0439775 0.0593719 0.0748929 0.0880836 0.0965759 0.0988251
 1.22984e-16 4.21034e-05 0.00040926 0.00271968 0.0123633 0.0384669 0.0819589 0.119628 0.119658 0.0821048 0.0389567 0.013778 0.00627098 0.00816353 0.0147769 0.0243931 0.0352345 0.0445902 0.0498221 0.0499475 0.0463682 0.0420351 0.0396487 0.0402223 0.0428599 0.0455822
 1.11763e-16 4.41809e-05 0.000429454 0.00285388 0.0129733 0.040365 0.086003 0.12553 0.125561 0.0861523 0.0408664 0.0144227 0.0064961 0.00839415 0.0152113 0.0251853 0.036533 0.0464919 0.0522786 0.0526374 0.0485743 0.0426076 0.0371594 0.0333542 0.0309285 0.028947
 1.08236e-16 4.45956e-05 0.000433485 0.00288066 0.0130951 0.0407439 0.0868103 0.126709 0.12674 0.0869623 0.0412546 0.0145713 0.00659019 0.00854503 0.0154902 0.0256443 0.0371891 0.0473019 0.0531294 0.0533626 0.0489808 0.0424942 0.0363215 0.0315944 0.0280979 0.0250143
 1.07848e-16 4.38481e-05 0.000426219 0.00283238 0.0128756 0.040061 0.0853553 0.124585 0.124617 0.0855115 0.0405857 0.0143924 0.00664387 0.0087606 0.0159133 0.0263465 0.0382039 0.0485828 0.0545457 0.0547386 0.0501577 0.0433742 0.0368724 0.0318264 0.02804 0.0247076
 1.08225e-16 4.2794e-05 0.000415973 0.00276429 0.0125661 0.0390979 0.0833033 0.12159 0.121623 0.0834614 0.0396289 0.0141011 0.00662223 0.00885349 0.0161132 0.0266921 0.0387331 0.0493141 0.0554749 0.0558493 0.0514331 0.0447966 0.0384089 0.0334141 0.0295869 0.026113
 1.07993e-16 4.55306e-05 0.000442574 0.00294106 0.0133696 0.0415981 0.0886302 0.129365 0.129394 0.0887756 0.0420864 0.0147814 0.00648922 0.00820339 0.0148295 0.0245622 0.0356572 0.045431 0.051171 0.0516276 0.0477168 0.0417912 0.0360991 0.0316631 0.028247 0.0250822
 1.07386e-16 4.5257e-05 0.000439914 0.00292339 0.0132893 0.0413481 0.0880978 0.128588 0.128619 0.0882507 0.041862 0.0147743 0.00665457 0.00859695 0.015572 0.0257646 0.0373294 0.0474081 0.0531117 0.0531122 0.0484008 0.0415305 0.0349811 0.0299451 0.0262517 0.0231036
 1.0796e-16 4.17205e-05 0.000405538 0.00269494 0.0122508 0.0381171 0.0812138 0.118541 0.118575 0.0813792 0.038673 0.0138575 0.00673238 0.00923404 0.0168522 0.0279086 0.0404694 0.0514621 0.0577718 0.0579578 0.0530666 0.0458137 0.0388275 0.0333587 0.0292179 0.0255778
 1.09064e-16 4.12334e-05 0.000400803 0.00266348 0.0121078 0.037672 0.0802655 0.117157 0.117189 0.0804247 0.038207 0.0136544 0.00655132 0.00890685 0.0162514 0.0269481 0.0391612 0.049977 0.0564409 0.0571872 0.0531983 0.0470042 0.0410042 0.03626 0.0324832 0.0288432
 1.09967e-16 4.04468e-05 0.000393157 0.00261267 0.0118768 0.0369534 0.0787343 0.114922 0.114955 0.0788953 0.0374941 0.0134402 0.00654254 0.00899091 0.0164248 0.0272366 0.0395795 0.0505122 0.057056 0.0578459 0.0538961 0.0477848 0.0419459 0.0374374 0.0339245 0.0305054
 1.1037e-16 4.08899e-05 0.000397465 0.00264129 0.012007 0.0373583 0.0795969 0.116181 0.116213 0.0797539 0.0378857 0.0135319 0.00647506 0.00878609 0.0160301 0.0265887 0.038659 0.0493824 0.0558657 0.0567854 0.0531291 0.0473964 0.0419335 0.037738 0.0344512 0.0311721
 1.09828e-16 4.28219e-05 0.000416244 0.00276609 0.0125743 0.0391234 0.0833576 0.121669 0.1217 0.083509 0.039632 0.0140449 0.00646279 0.00850362 0.015454 0.0256176 0.0372235 0.047501 0.0536499 0.0543924 0.0506936 0.0449921 0.0395882 0.035478 0.0323323 0.0292748
 1.08825e-16 4.42248e-05 0.000429881 0.00285671 0.0129862 0.0404051 0.0860885 0.125655 0.125686 0.0862389 0.0409106 0.0144474 0.00652896 0.00846133 0.0153416 0.0254095 0.0368758 0.0469616 0.0528597 0.0532859 0.049208 0.0430896 0.0372841 0.0328599 0.0295552 0.0265304
 1.07991e-16 4.46792e-05 0.000434298 0.00288606 0.0131196 0.0408203 0.086973 0.126946 0.126977 0.0871251 0.0413312 0.0145964 0.00659692 0.00854871 0.0154956 0.0256527 0.0372003 0.0473132 0.0531356 0.0533547 0.048947 0.0424199 0.0361912 0.0313953 0.0278239 0.0246709
 1.07537e-16 4.52764e-05 0.000440103 0.00292464 0.013295 0.0413659 0.0881355 0.128643 0.128673 0.0882857 0.0418707 0.0147541 0.00659126 0.00845783 0.0153122 0.0253474 0.0367571 0.0467478 0.052494 0.0526932 0.048302 0.0417902 0.0355435 0.030688 0.0270339 0.0238084
 1.07e-16 4.64466e-05 0.000451477 0.00300023 0.0136386 0.0424349 0.0904133 0.131967 0.131997 0.0905607 0.0429301 0.0150698 0.00659627 0.00831385 0.0150146 0.0248435 0.0360076 0.0457552 0.0513053 0.0513749 0.0469069 0.0403408 0.0340438 0.0291503 0.025498 0.022339
 1.06525e-16 4.71686e-05 0.000458495 0.00304686 0.0138506 0.0430946 0.0918187 0.134018 0.134048 0.091965 0.0435862 0.0152714 0.00661656 0.00826235 0.0149012 0.024647 0.0357055 0.0453348 0.0507637 0.0507119 0.0461176 0.0394163 0.0329827 0.0279741 0.0242566 0.0211042
 1.04887e-16 5.44702e-05 0.00052947 0.00351851 0.0159947 0.0497655 0.106031 0.154761 0.154785 0.106149 0.0501605 0.0171364 0.00638681 0.0067992 0.0119861 0.019793 0.0286574 0.0363547 0.0406487 0.0405052 0.0366798 0.0311416 0.0258201 0.0216706 0.0186082 0.0160623
 1.02553e-16 6.17513e-05 0.000600244 0.00398884 0.0181327 0.0564176 0.120204 0.175446 0.175465 0.1203 0.0567387 0.0190602 0.00631759 0.0056857 0.00972517 0.0159937 0.0230659 0.0290744 0.0321572 0.0314545 0.0276097 0.0223126 0.0172668 0.0133913 0.0107187 0.00881093
 1.01538e-16 6.21575e-05 0.000604193 0.00401507 0.018252 0.0567887 0.120995 0.1766 0.176621 0.121095 0.0571254 0.0192244 0.00645559 0.00593067 0.0101746 0.0167129 0.0240471 0.0301913 0.033163 0.0320435 0.0275197 0.0214135 0.015595 0.0111235 0.0081113 0.00613492
 1.01076e-16 6.6062e-05 0.000642146 0.00426729 0.0193985 0.060356 0.128595 0.187692 0.187709 0.128676 0.0606282 0.0201847 0.00624047 0.00494885 0.00824293 0.0135163 0.0194486 0.0244221 0.0268321 0.0259327 0.0222732 0.0173193 0.0125772 0.00890365 0.00639718 0.00473001
 1.00816e-16 6.5577e-05 0.000637432 0.00423596 0.0192561 0.0599128 0.127651 0.186315 0.186332 0.127738 0.060204 0.0200968 0.00634561 0.00524021 0.00879937 0.0144229 0.0207219 0.0259549 0.0283921 0.0272321 0.0230773 0.017531 0.0122535 0.00820761 0.00552513 0.00385144
 1.01403e-16 5.47802e-05 0.000532483 0.00353854 0.0160857 0.0500487 0.106635 0.155643 0.155672 0.106776 0.0505207 0.0174486 0.00695862 0.00799556 0.0142196 0.0233974 0.0336423 0.0421826 0.0462251 0.0444707 0.0378816 0.0290291 0.02057 0.0140367 0.00963394 0.00680118
 1.02882e-16 5.06734e-05 0.000492564 0.00327326 0.0148798 0.0462967 0.0986412 0.143976 0.144006 0.0987872 0.0467871 0.0162967 0.00683154 0.0082656 0.0148284 0.0244735 0.0353403 0.044625 0.0494887 0.0485966 0.0428765 0.0348293 0.0269813 0.0207044 0.0160901 0.0125818
 1.044e-16 4.77929e-05 0.000464564 0.00308719 0.0140339 0.043665 0.093034 0.135792 0.135823 0.0931861 0.0441757 0.0155096 0.00679384 0.00856466 0.0154561 0.0255411 0.036939 0.0467657 0.0521 0.0515759 0.0461569 0.038404 0.0308638 0.0248574 0.0203784 0.0167834
 1.05755e-16 4.56896e-05 0.00044412 0.00295133 0.0134164 0.0417434 0.0889399 0.129817 0.129849 0.0890951 0.0422645 0.0149223 0.00673504 0.00871546 0.0157882 0.0261172 0.0378256 0.0480015 0.0536941 0.053528 0.0484785 0.0411151 0.0339601 0.0282699 0.0239582 0.0203243
 1.06564e-16 4.57847e-05 0.000445044 0.00295747 0.0134443 0.0418303 0.0891249 0.130087 0.130118 0.0892756 0.0423363 0.0149069 0.00663279 0.0084812 0.015346 0.0253975 0.0368166 0.0467933 0.0524826 0.0525639 0.047984 0.0412149 0.034659 0.0294745 0.0255173 0.0220653
 1.06913e-16 4.53053e-05 0.000440384 0.00292651 0.0133035 0.0413923 0.0881918 0.128725 0.128756 0.0883447 0.0419057 0.0147875 0.00665537 0.00859302 0.0155655 0.0257583 0.0373303 0.0474277 0.0531631 0.053201 0.0485147 0.041631 0.0350063 0.0298253 0.025934 0.0225751
 1.07338e-16 4.4049e-05 0.000428172 0.00284536 0.0129346 0.0402445 0.0857463 0.125156 0.125188 0.085903 0.0407709 0.0144561 0.00666869 0.00878813 0.0159612 0.026423 0.0383078 0.048699 0.0546428 0.054773 0.0500823 0.0431476 0.0364667 0.0312333 0.0272755 0.0238138
 1.07787e-16 4.3854e-05 0.000426276 0.00283276 0.0128773 0.0400663 0.0853666 0.124602 0.124633 0.0855212 0.0405857 0.0143788 0.00660617 0.00867864 0.0157608 0.0261026 0.0378717 0.0482047 0.0542021 0.0545237 0.0501422 0.043574 0.037241 0.032273 0.0284622 0.0250235
 1.08112e-16 4.33077e-05 0.000420967 0.00279747 0.0127169 0.0395672 0.0843034 0.12305 0.123082 0.08446 0.0400933 0.0142375 0.00661893 0.00877819 0.0159594 0.026432 0.038347 0.0488051 0.0548714 0.0551928 0.0507622 0.044137 0.0377765 0.0328241 0.0290584 0.0256651
 1.08542e-16 4.25409e-05 0.000413513 0.00274794 0.0124918 0.0388667 0.0828108 0.120872 0.120904 0.0829687 0.039397 0.0140249 0.0066011 0.00884108 0.0160956 0.0266672 0.038707 0.0493023 0.0555036 0.0559516 0.051642 0.0451357 0.0388851 0.0340133 0.0302748 0.0268406
pSPR Fmed_Fpbrs
0.601426   0.287053 0.287053
Fs Fmed_Fpbrs
0.34   1.005 1.005
SSBpbr Bo_Bmed_Bpbrs
2.03333e+06  1.12123e+06  482007 482007
Ro
221303
SPR SPRFo_SPRFmed_SPRFpbrs
1.59434e+06 958880 457662
Fref
1.005
Nvult_r0
 172047 67136 20989.9 6326.9 2712.64
CTP_r0
 57539.9 33651.7 10521.1 3171.34 1359.7
YTP_r0
1.42157e+06
Np
 221303 49256.1 9949.01 3165.24 1122.87
Nvult_p0
 172047 42623.3 8609.27 2739.01 971.66
CTP_p0
 57539.9 32046.3 10195.4 3187.58 1251.92
 57539.9 21364.8 4315.37 1372.92 487.042
YTP_p0
 1.38243e+06 970706
CBA_c0
1.40983e+06
log_Ro
12.1273
likeval ReclasPelacesDesembMPH_pf_preclas_ppelaces_ptallas_desvR_qrecl_qpela
 0.00133175 149.448 10.9791 572.84 264.493 170.024 118.479 0 0 0 0 45.8678 0 0 0
q_reclas_q_pelaces
1 1
M
1
N
 221303 6157.86 70338 26612.1 35353.6
 221303 75168.5 1931.17 22058.7 19433.1
 221303 70970.6 21014.1 539.878 11599.5
 221303 73490.8 21274.7 6299.35 3638.98
 221303 71240.4 20701.6 5992.86 2799.53
 221303 77991.4 24051.3 6989.02 2968.38
 221303 73019 23080.1 7117.52 2946.7
 221303 66299.6 17814.6 5630.9 2455.39
 221303 79858.4 23467.7 6305.74 2862.26
 221303 77344.6 26515.5 7792.02 3044.07
 221303 77743.6 25946.5 8895.05 3635.14
 221303 80121.2 27699.9 9244.68 4464.48
 221303 73979 24337.9 8414.22 4164.34
 221303 73775.3 22348.6 7352.31 3799.9
 221303 70714.2 20475.9 6202.72 3095.23
 221303 74488.6 21777.4 6305.83 2863.42
 221303 67864 19040.9 5566.76 2343.86
 221303 71955.6 19502.4 5471.86 2273.31
 221303 65267.9 17013.1 4611.11 1831.26
 221303 47442.4 8153.65 2125.37 804.818
 221303 46769.9 5759.94 989.927 355.752
 221303 50055.2 6504.03 801.003 187.136
 221303 33170.4 3056.82 397.194 60.3447
 221303 59639.3 6548.39 603.466 90.3258
 221303 65346.3 14134.9 1552.01 164.433
 221303 67160.6 16359.4 3538.67 429.712
 221303 73149 19945.7 4858.52 1178.55
 221303 71331.2 20657.9 5632.84 1704.92
 221303 70762.9 19824.8 5741.37 2039.36
 221303 73654.3 21306.9 5969.31 2342.8
 221303 74798.8 22872.1 6616.5 2581.18
 221303 72605.2 21885.1 6692.05 2691.11
 221303 77583.4 24256.2 7311.46 3134.77
pred_Ctot
 10800 581.746 6644.98 2514.1 3339.93
 18145.2 11665 299.687 3423.17 3015.71
 13726.8 8445.84 2500.78 64.248 1380.39
 17671 11122.8 3219.92 953.405 550.759
 5899.83 3731.71 1084.39 313.918 146.645
 14552.1 9814.43 3026.61 879.498 373.54
 26407.3 16071.8 5080.01 1566.59 648.581
 2675.36 1590.21 427.287 135.058 58.8931
 7019.86 4960.43 1457.71 391.683 177.79
 6328.72 4340.36 1487.97 437.266 170.824
 2222.54 1551.19 517.702 177.48 72.5307
 12874 8965.8 3099.7 1034.51 499.589
 13229.7 8497.96 2795.69 966.54 478.357
 18596.1 11716.9 3549.36 1167.68 603.494
 11984.7 7386.63 2138.86 647.92 323.32
 23629.2 14798.6 4326.5 1252.77 568.875
 16415.2 9578.33 2687.43 785.693 330.812
 28245.8 16842.7 4564.93 1280.8 532.115
 60965.5 29655.9 7730.27 2095.16 832.072
 62242.4 21914.5 3766.32 981.749 371.76
 56038.8 19855.5 2445.3 420.26 151.03
 89004.7 30187.7 3922.51 483.076 112.86
 38371.2 10213.4 941.214 122.299 18.5805
 28106 13896.8 1525.87 140.617 21.0472
 24876.9 13614.6 2944.94 323.354 34.2589
 14324.5 8325.16 2027.9 438.65 53.2667
 17511.4 10976.5 2993 729.056 176.851
 18510.5 11279.5 3266.61 890.717 269.598
 13441.2 8253.1 2312.17 669.618 237.851
 11444 7358.75 2128.76 596.39 234.068
 15276.5 9859.3 3014.79 872.127 340.228
 6606.29 4249.52 1280.92 391.681 157.509
 13042.9 8791.2 2748.54 828.483 355.21
F
 0.0798018 0.159604 0.159604 0.159604 0.159604
 0.137269 0.274538 0.274538 0.274538 0.274538
 0.102374 0.204747 0.204747 0.204747 0.204747
 0.133475 0.266949 0.266949 0.266949 0.266949
 0.0429353 0.0858706 0.0858706 0.0858706 0.0858706
 0.108815 0.21763 0.21763 0.21763 0.21763
 0.20535 0.4107 0.4107 0.4107 0.4107
 0.0192792 0.0385583 0.0385583 0.0385583 0.0385583
 0.0512627 0.102525 0.102525 0.102525 0.102525
 0.0461173 0.0922346 0.0922346 0.0922346 0.0922346
 0.0159941 0.0319883 0.0319883 0.0319883 0.0319883
 0.0957528 0.191506 0.191506 0.191506 0.191506
 0.0985099 0.19702 0.19702 0.19702 0.19702
 0.140887 0.281774 0.281774 0.281774 0.281774
 0.0888879 0.177776 0.177776 0.177776 0.177776
 0.182029 0.364057 0.364057 0.364057 0.364057
 0.123485 0.24697 0.24697 0.24697 0.24697
 0.221034 0.442067 0.442067 0.442067 0.442067
 0.540017 1.08003 1.08003 1.08003 1.08003
 0.554295 1.10859 1.10859 1.10859 1.10859
 0.486409 0.972817 0.972817 0.972817 0.972817
 0.897876 1.79575 1.79575 1.79575 1.79575
 0.31122 0.622439 0.622439 0.622439 0.622439
 0.219834 0.439668 0.439668 0.439668 0.439668
 0.192447 0.384895 0.384895 0.384895 0.384895
 0.107036 0.214071 0.214071 0.214071 0.214071
 0.132201 0.264402 0.264402 0.264402 0.264402
 0.140199 0.280399 0.280399 0.280399 0.280399
 0.100152 0.200304 0.200304 0.200304 0.200304
 0.0847325 0.169465 0.169465 0.169465 0.169465
 0.114498 0.228996 0.228996 0.228996 0.228996
 0.0481812 0.0963623 0.0963623 0.0963623 0.0963623
 0.0970614 0.194123 0.194123 0.194123 0.194123
YTP_r0W_actual
 433851 587222 253243 99326.3 47929.5
YTP_p0W_proyectada
 433851 559209 245404 99834.9 44130.1
 433851 372816 103871 42999.9 17168.2
CTP_r0_actual
 57539.9 33651.7 10521.1 3171.34 1359.7
CTP_p0_proyectada
 57539.9 32046.3 10195.4 3187.58 1251.92
 57539.9 21364.8 4315.37 1372.92 487.042
Wmedp
 7.54 17.45 24.07 31.32 35.25
Frms_r0
 0.5025 1.005 1.005 1.005 1.005
Zrms_r0
 1.5025 2.005 2.005 2.005 2.005
nmprior
 7.29 8.9 8.7 0
nm_flota  nm_reclas  nm_pelaces    nm_pelaL
inf 4.57565 7.75409 17.5931
cv_recla  cv_pelaces  cv_mph
1.05347 1.33917 1.919
 ------------------------------------------------
Talla a la edad & desviaci?n 
 8 13.2811 15.8009 17.003 17.5766
 0.8 1.32811 1.58009 1.7003 1.75766
