years
 1991 1992 1993 1994 1995 1996 1997 1998 1999 2000 2001 2002 2003 2004 2005 2006 2007 2008 2009 2010 2011 2012 2013 2014 2015 2016 2017 2018 2019 2020
reclasobs
 0 0 0 0 0 0 0 0 0 252601 567819 844713 477998 351125 339783 2.1784e+06 2.13404e+06 4.81314e+06 1.55562e+06 2.62356e+06 3.21686e+06 3.843e+06 1.13348e+06 3.07943e+06 1.97215e+06 2.03268e+06 2.025e+06 2.42433e+06 2.27542e+06 1.05018e+06
reclaspred
 2.58795e+06 1.73224e+06 1.22622e+06 1.31175e+06 1.39677e+06 1.63784e+06 1.31181e+06 1.92152e+06 2.06586e+06 2.21459e+06 1.63531e+06 1.63365e+06 1.47327e+06 1.35655e+06 1.41101e+06 1.38884e+06 1.43904e+06 1.63334e+06 807664 538164 827945 436616 683316 1.18607e+06 1.08022e+06 1.40387e+06 1.55589e+06 1.31467e+06 1.57004e+06 1.66752e+06
pelacesobs
 0 0 0 0 0 0 0 0 0 0 0 0 0 0 0 552880 188675 0 991730 2.46772e+06 1.41603e+06 1.21717e+06 2.29649e+06 1.80582e+06 0 1.4828e+06 1.56532e+06 1.57751e+06 1.42118e+06 867257
pelacespred
 1.21149e+06 860039 590709 546164 641375 737258 586660 990327 1.11834e+06 1.12003e+06 929300 767303 729491 729890 768061 634710 632316 671923 349037 196637 302760 145406 293440 562616 505445 662232 820889 690186 695536 808752
mphobs
 0 0 0 0 0 0 0 0 0 0 0 0 498337 0 5186 125008 0 168611 109162 213762 579715 649985 157893 87575 83554 210694 70296 0 107559 103333
mphpred
 2.42654e+06 1.71526e+06 1.15609e+06 944447 1.07494e+06 1.20314e+06 1.20869e+06 1.0662e+06 1.61263e+06 1.8726e+06 1.50908e+06 1.37843e+06 1.26176e+06 1.06202e+06 1.02173e+06 1.27802e+06 1.02065e+06 1.29318e+06 837423 400983 435758 381209 220569 594308 918919 785411 1.13595e+06 1.05845e+06 1.19316e+06 1.25012e+06
desembarqueobs
 494567 514787 250237 358949 120608 361735 552515 73892 212993 205616 52469 317467 293654 387597 252695 516296 358380 742168 942051 627588 828172 859565 418607 520667 417249 300574 415391 372974 316634 284311
desembarquepred
 494523 505891 260950 358683 120533 361448 551978 73848.9 212870 205510 52441.7 317434 293658 387958 252686 516049 358129 740265 934639 622606 823068 853462 418432 520814 417221 300501 415189 372824 316512 284155
Reclutas
 229368 229368 229368 229368 229368 229368 229368 229368 229368 229368 229368 229368 229368 229368 229368 229368 229368 229368 229368 229368 229368 229368 229368 229368 229368 229368 229368 229368 229368 229368
log_desv_Rt
 0 0 0 0 0 0 0 0 0 0 0 0 0 0 0 0 0 0 0 0 0 0 0 0 0 0 0 0 0 0
SSB
 2.42654e+06 1.71526e+06 1.15609e+06 944447 1.07494e+06 1.20314e+06 1.20869e+06 1.0662e+06 1.61263e+06 1.8726e+06 1.50908e+06 1.37843e+06 1.21757e+06 1.04863e+06 998099 1.24406e+06 1.02065e+06 1.29318e+06 871719 417488 469866 456903 262028 665227 957184 864716 1.1794e+06 1.05845e+06 1.23654e+06 1.22142e+06
BT
 3.48155e+06 2.7682e+06 1.76798e+06 1.86589e+06 1.8516e+06 2.46897e+06 2.10623e+06 3.3917e+06 3.57385e+06 3.26099e+06 2.58243e+06 2.3769e+06 2.3671e+06 2.72971e+06 2.74031e+06 2.2312e+06 2.18398e+06 2.56329e+06 2.05045e+06 1.19577e+06 1.75907e+06 1.26464e+06 1.50641e+06 2.48491e+06 1.83208e+06 2.42437e+06 3.02345e+06 2.51195e+06 2.18412e+06 2.68652e+06
Ftot
 0.18064 0.273826 0.200855 0.257041 0.0822862 0.208336 0.39056 0.036786 0.0981875 0.0884346 0.0307009 0.183723 0.18846 0.268946 0.16982 0.346319 0.23462 0.41936 1.00689 1.01677 0.884031 1.58746 0.565827 0.409143 0.359912 0.202429 0.251263 0.266894 0.190534 0.161538
BD_Bspro_t
 0.971511 0.821315 0.705358 0.688655 0.697041 0.763792 0.720616 0.650217 0.800202 0.843864 0.848375 0.879403 0.801166 0.744805 0.721549 0.739706 0.637603 0.678295 0.518303 0.322536 0.301193 0.277077 0.203335 0.417408 0.533415 0.565974 0.681582 0.687057 0.712648 0.714655
BD_Bspro
 1.48616 1.05054 0.708064 0.578439 0.658364 0.736879 0.740278 0.653006 0.987677 1.1469 0.924258 0.844236 0.745715 0.642247 0.611299 0.761943 0.625114 0.792027 0.533896 0.255696 0.287776 0.279836 0.160482 0.407427 0.58624 0.529607 0.72234 0.648264 0.757338 0.748072
BD_Bo
 1.18952 0.840842 0.56673 0.462979 0.52695 0.589793 0.592514 0.522662 0.79053 0.917972 0.73977 0.675721 0.596865 0.51405 0.48928 0.609854 0.500337 0.633933 0.427327 0.204657 0.230334 0.223979 0.128449 0.326102 0.469223 0.423894 0.578156 0.518866 0.606168 0.598752
BD_Brms
 5.05318 3.57198 2.40752 1.96678 2.23853 2.5055 2.51705 2.22032 3.35825 3.89963 3.14261 2.87053 2.53554 2.18373 2.07851 2.59072 2.12548 2.69301 1.81532 0.869404 0.978481 0.951484 0.545664 1.38531 1.9933 1.80074 2.45606 2.20419 2.57506 2.54356
Sel_flota
 0.5 1 1 1 1
 0.5 1 1 1 1
 0.5 1 1 1 1
 0.5 1 1 1 1
 0.5 1 1 1 1
 0.5 1 1 1 1
 0.5 1 1 1 1
 0.5 1 1 1 1
 0.5 1 1 1 1
 0.5 1 1 1 1
 0.5 1 1 1 1
 0.5 1 1 1 1
 0.5 1 1 1 1
 0.5 1 1 1 1
 0.5 1 1 1 1
 0.5 1 1 1 1
 0.5 1 1 1 1
 0.5 1 1 1 1
 0.5 1 1 1 1
 0.5 1 1 1 1
 0.5 1 1 1 1
 0.5 1 1 1 1
 0.5 1 1 1 1
 0.5 1 1 1 1
 0.5 1 1 1 1
 0.5 1 1 1 1
 0.5 1 1 1 1
 0.5 1 1 1 1
 0.5 1 1 1 1
 0.5 1 1 1 1
Sel_reclas
 0.5 1 1 1 1
 0.5 1 1 1 1
 0.5 1 1 1 1
 0.5 1 1 1 1
 0.5 1 1 1 1
 0.5 1 1 1 1
 0.5 1 1 1 1
 0.5 1 1 1 1
 0.5 1 1 1 1
 0.5 1 1 1 1
 0.5 1 1 1 1
 0.5 1 1 1 1
 0.5 1 1 1 1
 0.5 1 1 1 1
 0.5 1 1 1 1
 0.5 1 1 1 1
 0.5 1 1 1 1
 0.5 1 1 1 1
 0.5 1 1 1 1
 0.5 1 1 1 1
 0.5 1 1 1 1
 0.5 1 1 1 1
 0.5 1 1 1 1
 0.5 1 1 1 1
 0.5 1 1 1 1
 0.5 1 1 1 1
 0.5 1 1 1 1
 0.5 1 1 1 1
 0.5 1 1 1 1
 0.5 1 1 1 1
Sel_pelaces
 0.5 1 1 1 1
 0.5 1 1 1 1
 0.5 1 1 1 1
 0.5 1 1 1 1
 0.5 1 1 1 1
 0.5 1 1 1 1
 0.5 1 1 1 1
 0.5 1 1 1 1
 0.5 1 1 1 1
 0.5 1 1 1 1
 0.5 1 1 1 1
 0.5 1 1 1 1
 0.5 1 1 1 1
 0.5 1 1 1 1
 0.5 1 1 1 1
 0.5 1 1 1 1
 0.5 1 1 1 1
 0.5 1 1 1 1
 0.5 1 1 1 1
 0.5 1 1 1 1
 0.5 1 1 1 1
 0.5 1 1 1 1
 0.5 1 1 1 1
 0.5 1 1 1 1
 0.5 1 1 1 1
 0.5 1 1 1 1
 0.5 1 1 1 1
 0.5 1 1 1 1
 0.5 1 1 1 1
 0.5 1 1 1 1
pf_obs 
 0.8446 0.082 0.0669 0.0065 0
 0.8095 0.147 0.0364 0.0071 0
 0.9664 0.0169 0.016 0.0007 0
 0.9276 0.0648 0.0075 0.0001 0
 0.7033 0.2144 0.0806 0.0017 0
 0.9318 0.0425 0.0243 0.0014 0
 0.5671 0.3108 0.0964 0.0239 0.0018
 0.0768 0.2599 0.5324 0.112 0.0189
 0.490249 0.384438 0.106611 0.0170017 0.00170017
 0.7925 0.1577 0.0466 0.003 0.0002
 0.840416 0.127587 0.0312969 0.00059994 9.999e-05
 0.8084 0.0986 0.0794 0.0134 0.0002
 0.7335 0.1905 0.0724 0.0035 0.0001
 0.4001 0.4547 0.1325 0.0127 0
 0.49795 0.308269 0.164784 0.0264974 0.00249975
 0.9179 0.0499 0.0305 0.0017 0
 0.2467 0.6533 0.0926 0.0074 0
 0.9418 0.0223 0.034 0.0019 0
 0.707729 0.231977 0.0356964 0.0245975 0
 0.517169 0.277429 0.184464 0.0207286 0.00020938
 0.811772 0.124168 0.05621 0.00726502 0.000585176
 0.764997 0.148141 0.077277 0.00933861 0.000247198
 0.163321 0.427699 0.378323 0.0303852 0.000271297
 0.753843 0.0900009 0.118128 0.0371064 0.000921714
 0.721811 0.176058 0.0630433 0.0369309 0.00215725
 0.143369 0.312575 0.442814 0.0836902 0.0175525
 0.692698 0.0596174 0.167031 0.0765114 0.00414204
 0.394062 0.376323 0.152708 0.0712218 0.00568511
 0.125707 0.32114 0.495352 0.0537591 0.00404204
 0.23352 0.215282 0.420074 0.123614 0.00750983
pf_pred 
 0.461035 0.0463483 0.461714 0.0207949 0.0101077
 0.502834 0.319916 0.0152426 0.151844 0.010163
 0.527275 0.324786 0.0951956 0.00453565 0.0482075
 0.526667 0.332789 0.0965604 0.0283021 0.0156808
 0.52608 0.334649 0.0979183 0.0284115 0.0129413
 0.506459 0.342813 0.106434 0.0311425 0.0131521
 0.527752 0.323902 0.103041 0.0319913 0.0133139
 0.54365 0.326531 0.0890392 0.0283256 0.0124542
 0.499549 0.35362 0.105062 0.0286485 0.013121
 0.494418 0.34008 0.116944 0.0347445 0.0138134
 0.488303 0.341544 0.114453 0.0393572 0.0163421
 0.485347 0.338748 0.117412 0.0393454 0.0191476
 0.507549 0.327844 0.108346 0.0375532 0.0187084
 0.519386 0.329468 0.100624 0.033254 0.0172681
 0.530073 0.329326 0.0963844 0.029437 0.01478
 0.527196 0.332601 0.0982544 0.0287563 0.0131922
 0.546887 0.322729 0.0917204 0.0270953 0.011568
 0.544888 0.328293 0.090327 0.0256711 0.0108213
 0.595088 0.296043 0.0785326 0.0216076 0.00872953
 0.684182 0.253342 0.0456779 0.0121172 0.00468086
 0.694975 0.261437 0.0349655 0.00630432 0.00231841
 0.702241 0.255384 0.0363199 0.00485754 0.0011979
 0.748772 0.223383 0.0238824 0.00339648 0.00056628
 0.631464 0.323001 0.0404883 0.00432871 0.000718254
 0.587465 0.327984 0.0741046 0.00928906 0.0011579
 0.563178 0.332183 0.0831926 0.0187966 0.00264986
 0.536791 0.3393 0.0942276 0.0235986 0.00608352
 0.537303 0.330428 0.0968868 0.0269066 0.0084757
 0.536017 0.331993 0.0942581 0.027638 0.0100932
 0.523037 0.338506 0.0990701 0.0281275 0.0112593
pobs_RECLAS
 0 0 0 0 0
 0 0 0 0 0
 0 0 0 0 0
 0 0 0 0 0
 0 0 0 0 0
 0 0 0 0 0
 0 0 0 0 0
 0 0 0 0 0
 0 0 0 0 0
 0 0 0 0 0
 0.991045 0.00858322 0.000360255 1.14367e-05 0
 0.934742 0.0480273 0.0164251 0.00080598 0
 0.827803 0.169806 0.00239088 0 0
 0.941827 0.0461693 0.0120037 0 0
 0.791401 0.0380133 0.147996 0.0225897 0
 0.846168 0.0940531 0.0597789 0 0
 0.134021 0.677848 0.182769 0.00536245 0
 0.80878 0.0450904 0.141981 0.00414843 0
 0.846168 0.0940531 0.0597789 0 0
 0.905697 0.0802665 0.012482 0.00150086 5.37128e-05
 0.989698 0.0102097 9.19794e-05 0 0
 0.975433 0.0193895 0.00387452 0.00125025 5.28907e-05
 0.303575 0.632131 0.0575291 0.00676475 0
 0.966965 0.00978017 0.0227588 0.000495775 0
 0.843318 0.132988 0.00938335 0.0141283 0.000182051
 0.564624 0.303363 0.111486 0.0197234 0.00080311
 0.826376 0.0876187 0.0782897 0.00655872 0.00115652
 0.89761 0.0855135 0.0140674 0.00269457 0.000114338
 0.34875 0.467042 0.161289 0.0227151 0.000203297
 0.318654 0.224769 0.449479 0.00709798 0
ppred_RECLAS
 0.463115 0.0461694 0.459932 0.0207146 0.0100687
 0.506191 0.317756 0.0151397 0.150819 0.0100943
 0.529623 0.323173 0.0947227 0.00451312 0.0479681
 0.529778 0.330602 0.0959259 0.0281161 0.0155778
 0.526971 0.33402 0.0977343 0.0283581 0.012917
 0.508914 0.341108 0.105904 0.0309876 0.0130867
 0.532852 0.320404 0.101928 0.0316459 0.0131701
 0.544034 0.326256 0.0889643 0.0283018 0.0124437
 0.500626 0.352858 0.104836 0.0285868 0.0130927
 0.495382 0.339432 0.116721 0.0346783 0.0137871
 0.488625 0.34133 0.114381 0.0393325 0.0163318
 0.487477 0.337346 0.116926 0.0391825 0.0190684
 0.509742 0.326384 0.107863 0.0373859 0.0186251
 0.522668 0.327218 0.0999366 0.0330269 0.0171502
 0.532019 0.327962 0.0959853 0.0293151 0.0147188
 0.531609 0.329497 0.0973374 0.0284879 0.013069
 0.549671 0.320747 0.0911569 0.0269289 0.0114969
 0.550419 0.324303 0.0892291 0.0253591 0.0106898
 0.611849 0.283788 0.0752818 0.0207132 0.00836818
 0.699321 0.241198 0.0434883 0.0115363 0.00445648
 0.707246 0.250919 0.0335588 0.00605069 0.00222514
 0.729525 0.231982 0.0329918 0.00441243 0.00108814
 0.754834 0.217992 0.0233062 0.00331453 0.000552616
 0.636492 0.318594 0.039936 0.00426966 0.000708456
 0.591953 0.324415 0.0732985 0.009188 0.00114531
 0.565515 0.330406 0.0827475 0.018696 0.00263568
 0.539813 0.337086 0.0936129 0.0234446 0.00604384
 0.540542 0.328115 0.0962085 0.0267183 0.00841637
 0.538226 0.330413 0.0938095 0.0275064 0.0100451
 0.524881 0.337197 0.0986871 0.0280188 0.0112158
pobs_PELACES
 0 0 0 0 0
 0 0 0 0 0
 0 0 0 0 0
 0 0 0 0 0
 0 0 0 0 0
 0 0 0 0 0
 0 0 0 0 0
 0 0 0 0 0
 0 0 0 0 0
 0 0 0 0 0
 0 0 0 0 0
 0 0 0 0 0
 0 0 0 0 0
 0 0 0 0 0
 0 0 0 0 0
 0 0 0 0 0
 0.505614 0.472636 0.0217494 0 0
 0 0 0 0 0
 0.443492 0.261883 0.143347 0.151278 0
 0.227955 0.32914 0.350689 0.0885471 0.00366901
 0.970185 0.0296113 0.000203453 0 0
 0.997202 0.00247181 0.000326279 0 0
 0.445219 0.490057 0.0546422 0.010081 0
 0.90214 0.0892962 0.00764917 0.000914606 0
 0 0 0 0 0
 0.581667 0.319106 0.0959925 0.00289975 0.000334073
 0.762889 0.0836404 0.116647 0.0363945 0.000428098
 0.88444 0.0763242 0.0277011 0.0115352 0
 0.521256 0.241999 0.230069 0.00667565 0
 0.616807 0.101726 0.260614 0.0208532 0
ppred_PELACES
 0.470534 0.0455315 0.453577 0.0204284 0.00992958
 0.517479 0.310492 0.0147936 0.147371 0.00986359
 0.537871 0.317506 0.0930619 0.00443399 0.047127
 0.540328 0.323185 0.0937736 0.0274853 0.0152282
 0.530354 0.331631 0.0970353 0.0281553 0.0128246
 0.517501 0.335143 0.104052 0.0304457 0.0128578
 0.548853 0.309429 0.0984371 0.0305619 0.012719
 0.545539 0.325179 0.0886706 0.0282083 0.0124027
 0.504676 0.349997 0.103985 0.028355 0.0129865
 0.49903 0.336978 0.115877 0.0344276 0.0136874
 0.48989 0.340485 0.114098 0.0392351 0.0162914
 0.495053 0.332359 0.115198 0.0386033 0.0187865
 0.51751 0.321213 0.106154 0.0367936 0.01833
 0.533726 0.319638 0.0976214 0.0322618 0.0167529
 0.538988 0.323078 0.0945558 0.0288785 0.0144996
 0.545808 0.319508 0.0943866 0.0276243 0.0126729
 0.559234 0.313935 0.0892211 0.026357 0.0112528
 0.567476 0.311999 0.0858439 0.024397 0.0102842
 0.650497 0.255531 0.0677859 0.0186507 0.00753495
 0.733379 0.213877 0.0385624 0.0102296 0.00395169
 0.736511 0.225836 0.0302041 0.00544584 0.00200271
 0.778017 0.190392 0.027077 0.00362136 0.000893053
 0.771698 0.202998 0.021703 0.00308653 0.000514604
 0.651963 0.305035 0.0382363 0.00408794 0.000678304
 0.606215 0.313076 0.0707365 0.00886686 0.00110528
 0.573703 0.324179 0.0811881 0.0183436 0.00258601
 0.550093 0.329556 0.0915216 0.0229209 0.00590882
 0.551458 0.32032 0.0939228 0.0260835 0.00821641
 0.546029 0.32483 0.0922242 0.0270416 0.00987539
 0.531523 0.332483 0.0973074 0.0276271 0.011059
pobs_pel_tallas
 0 0 0 0 0 0 0 0 0 0 0 0 0 0 0 0 0 0 0 0 0 0 0 0 0 0
 0 0 0 0 0 0 0 0 0 0 0 0 0 0 0 0 0 0 0 0 0 0 0 0 0 0
 0 0 0 0 0 0 0 0 0 0 0 0 0 0 0 0 0 0 0 0 0 0 0 0 0 0
 0 0 0 0 0 0 0 0 0 0 0 0 0 0 0 0 0 0 0 0 0 0 0 0 0 0
 0 0 0 0 0 0 0 0 0 0 0 0 0 0 0 0 0 0 0 0 0 0 0 0 0 0
 0 0 0 0 0 0 0 0 0 0 0 0 0 0 0 0 0 0 0 0 0 0 0 0 0 0
 0 0 0 0 0 0 0 0 0 0 0 0 0 0 0 0 0 0 0 0 0 0 0 0 0 0
 0 0 0 0 0 0 0 0 0 0 0 0 0 0 0 0 0 0 0 0 0 0 0 0 0 0
 0 0 0 0 0 0 0 0 0 0 0 0 0 0 0 0 0 0 0 0 0 0 0 0 0 0
 0 0 0 0 0 0 0 0 0 0 0 0 0 0 0 0 0 0 0 0 0 0 0 0 0 0
 0 0 0 0 0 0 0 0 0 0 0 0 0 0 0 0 0 0 0 0 0 0 0 0 0 0
 0 0 0 0 0 0 0 0 0 0 0 0 0 0 0 0 0 0 0 0 0 0 0 0 0 0
 0.00862536 0 0 0.000197151 0.00414017 0.0128641 0.00837892 0.0270097 0.101434 0.158115 0.152841 0.127902 0.109271 0.109419 0.0830992 0.0579132 0.0238553 0.00714673 0.00463305 0.00128148 0.00103504 0.000492878 0.000147863 0.000147863 4.92878e-05 0
 0 0 0 0 0 0 0 0 0 0 0 0 0 0 0 0 0 0 0 0 0 0 0 0 0 0
 0 0 0 0 0 0 0 0.0054083 0.00873648 0.0413646 0.0450493 0.0745869 0.0622846 0.0627006 0.0613931 0.0827291 0.12552 0.122667 0.0946155 0.0697135 0.0546179 0.0294188 0.0215738 0.0213955 0.0102223 0.00600262
 0 0 0 0 0.00359764 0.0251062 0.0480494 0.140153 0.205849 0.193036 0.1447 0.116669 0.0760912 0.0342217 0.00950174 0.001854 0.000860785 0 0 0 0.000165536 0 0.000143464 0 0 0
 0 0 0 0 0 0 0 0.000145254 0.000435761 0.0275982 0.070085 0.0708112 0.156366 0.174668 0.174014 0.160142 0.0824315 0.0480064 0.0283245 0.00493863 0.00203355 0 0 0 0 0
 0 0 0 0 0 0 0 0 0 0 0 0 0 0 0 0 0 0 0 0 0 0 0 0 0 0
 0 0 1.00437e-05 0.000401748 0.00122533 0.00171747 0.00176769 0.0269171 0.070346 0.194647 0.189555 0.159765 0.064822 0.0314167 0.0384472 0.0292271 0.0345202 0.0313363 0.0194345 0.0106764 0.0143323 0.0359363 0.0279516 0.0138201 0.00172751 0
 0 0.0021121 0.0136068 0.0755702 0.200478 0.177729 0.0527432 0.0373336 0.0318909 0.0142505 0.0149659 0.0166563 0.0217959 0.0798694 0.0677717 0.0528807 0.04013 0.0224614 0.0357745 0.0225083 0.00881397 0.00855152 0.00135912 0.000746735 0 0
 0 0 0 0 5.4009e-05 0.00500934 0.000945158 0.0243581 0.138947 0.33067 0.221406 0.137944 0.0707744 0.0437923 0.0131692 0.00525238 0.0047753 0.00276346 9.45158e-05 9.00151e-06 2.25038e-05 9.00151e-06 4.50075e-06 0 0 0
 0.000866109 0.00284123 0.00948549 0.0512746 0.133035 0.25785 0.225252 0.132002 0.0553304 0.0519788 0.0540692 0.017754 0.00435017 0.00159236 0.00146478 0.000404838 0.000125132 0.000115318 0.000107957 0.000100596 0 0 0 0 0 0
 0 0 0 0 0.00144013 0.00171154 0.00461396 0.0210425 0.0478622 0.0707936 0.0888783 0.103762 0.0637923 0.0337046 0.0602308 0.124433 0.169614 0.0934646 0.0462172 0.0250306 0.0313229 0.00938855 0.002487 0.000210481 0 0
 0 0.00764035 0.051015 0.0998891 0.058973 0.0496711 0.0374665 0.0718981 0.12319 0.153886 0.159021 0.0857701 0.0377988 0.023471 0.0147837 0.00900784 0.00315554 0.000888139 0.00291439 0.00214683 0.00393193 0.00274676 0.000635225 9.99891e-05 0 0
 0 0 0 0 0 0 0 0 0 0 0 0 0 0 0 0 0 0 0 0 0 0 0 0 0 0
 0 0 0 0 0 0 0 0 0 0 0 0 0 0 0 0 0 0 0 0 0 0 0 0 0 0
 0 0 0 0 0 0 0 0 0 0 0 0 0 0 0 0 0 0 0 0 0 0 0 0 0 0
 0 0 0 0 0 0 0 0 0 0 0 0 0 0 0 0 0 0 0 0 0 0 0 0 0 0
 0 0 0 0 0 0 0 0 0 0 0 0 0 0 0 0 0 0 0 0 0 0 0 0 0 0
 0 0 0 0 0 0 0 0 0 0 0 0 0 0 0 0 0 0 0 0 0 0 0 0 0 0
ppred_pel_tallas
 1.1683e-16 3.87572e-05 0.000376734 0.00250353 0.0113807 0.0354096 0.075444 0.110114 0.110119 0.0754692 0.0354962 0.0116397 0.0031871 0.00197976 0.00340721 0.00641482 0.0111968 0.0181532 0.0275686 0.0393425 0.0526242 0.0655689 0.0755692 0.0800964 0.0777863 0.0691139
 1.16955e-16 4.26241e-05 0.000414322 0.00275332 0.0125162 0.0389427 0.0829726 0.121107 0.121137 0.0831189 0.0394338 0.013935 0.00631581 0.00819565 0.0148364 0.02451 0.035446 0.0449396 0.050344 0.0506337 0.0471144 0.0425831 0.0395605 0.0389282 0.0398017 0.0404171
 1.11187e-16 4.43038e-05 0.000430648 0.00286181 0.0130094 0.0404772 0.0862422 0.125879 0.12591 0.0863921 0.040981 0.0144655 0.00652096 0.00843205 0.0152804 0.0252972 0.0366889 0.0466758 0.0524556 0.0527601 0.0485936 0.0424826 0.0368622 0.0328711 0.0302628 0.0281231
 1.08123e-16 4.45062e-05 0.000432616 0.00287489 0.0130688 0.0406622 0.0866362 0.126455 0.126486 0.0867888 0.041175 0.014551 0.00659949 0.00857712 0.0155528 0.0257482 0.0373394 0.0474915 0.0533385 0.0535637 0.0491476 0.0426082 0.036373 0.0315808 0.0280217 0.0248834
 1.07879e-16 4.36846e-05 0.00042463 0.00282182 0.0128276 0.0399116 0.085037 0.124121 0.124153 0.0851937 0.0404378 0.0143486 0.00664389 0.00878232 0.015958 0.0264223 0.0383168 0.0487327 0.0547255 0.0549376 0.0503664 0.0435863 0.0370833 0.0320299 0.028227 0.024868
 1.08318e-16 4.2626e-05 0.00041434 0.00275343 0.0125167 0.0389444 0.0829763 0.121113 0.121146 0.0831346 0.0394764 0.0140545 0.0066183 0.0088672 0.0161429 0.0267433 0.0388112 0.0494217 0.0556115 0.056013 0.0516233 0.0450136 0.0386516 0.0336768 0.0298577 0.026376
 1.08138e-16 4.52084e-05 0.000439442 0.00292025 0.013275 0.0413037 0.088003 0.128449 0.128479 0.0881492 0.041795 0.0146952 0.00648969 0.00824701 0.0149188 0.0247126 0.0358794 0.045722 0.0515139 0.0519996 0.0481002 0.0421795 0.0364941 0.0320657 0.0286508 0.0254722
 1.0757e-16 4.49354e-05 0.000436788 0.00290261 0.0131949 0.0410543 0.0874718 0.127674 0.127706 0.0876253 0.0415701 0.0146855 0.00664807 0.00862541 0.0156329 0.0258691 0.037488 0.0476244 0.0533826 0.0534316 0.0487652 0.0419401 0.035435 0.0304348 0.0267579 0.023599
 1.08132e-16 4.15696e-05 0.000404071 0.0026852 0.0122065 0.0379793 0.0809201 0.118112 0.118146 0.0810854 0.0385346 0.0138119 0.00671934 0.00922574 0.0168401 0.0278916 0.0404514 0.0514535 0.0577897 0.0580232 0.0531993 0.0460259 0.0391197 0.0337182 0.029621 0.0259943
 1.092e-16 4.11045e-05 0.00039955 0.00265515 0.01207 0.0375543 0.0800146 0.11679 0.116823 0.0801739 0.0380896 0.0136176 0.00654559 0.0089114 0.0162628 0.0269684 0.0391937 0.0500249 0.0565077 0.0572777 0.0533189 0.0471619 0.0412037 0.0365009 0.0327575 0.0291356
 1.10072e-16 4.03517e-05 0.000392233 0.00260653 0.0118489 0.0368665 0.0785493 0.114652 0.114685 0.0787103 0.0374074 0.0134125 0.00653693 0.0089913 0.0164277 0.0272427 0.0395914 0.0505337 0.0570927 0.0579045 0.0539839 0.0479075 0.0421057 0.0376313 0.0341437 0.0307364
 1.1046e-16 4.07769e-05 0.000396366 0.002634 0.0119738 0.0372551 0.079377 0.11586 0.115892 0.0795342 0.0377831 0.0135005 0.00647215 0.0087947 0.0160488 0.0266209 0.0387078 0.0494492 0.0559499 0.0568862 0.0532473 0.0475344 0.0420938 0.0379202 0.0346502 0.031378
 1.09938e-16 4.26267e-05 0.000414346 0.00275348 0.0125169 0.038945 0.0829776 0.121115 0.121146 0.0831294 0.0394552 0.0139919 0.00646102 0.0085256 0.0154997 0.0256952 0.0373391 0.0476544 0.0538348 0.0545998 0.0509171 0.0452305 0.039843 0.0357485 0.0326123 0.029552
 1.0897e-16 4.39624e-05 0.00042733 0.00283976 0.0129092 0.0401654 0.0855777 0.12491 0.12494 0.0857287 0.0406727 0.0143758 0.00652579 0.00848915 0.0153999 0.0255086 0.0370241 0.0471601 0.0531014 0.0535606 0.0495087 0.0434149 0.0376349 0.0332331 0.02994 0.0269084
 1.08162e-16 4.43958e-05 0.000431543 0.00286776 0.0130364 0.0405613 0.0864214 0.126141 0.126172 0.086574 0.041074 0.0145183 0.00659151 0.00857445 0.0155505 0.0257467 0.0373423 0.047506 0.0533754 0.0536355 0.0492652 0.0427762 0.0365864 0.0318239 0.0282708 0.0251127
 1.07721e-16 4.49576e-05 0.000437004 0.00290404 0.0132014 0.0410746 0.0875148 0.127737 0.127768 0.0876658 0.0415816 0.0146669 0.00658678 0.00849029 0.0153805 0.0254637 0.0369315 0.0469817 0.0527801 0.0530206 0.0486636 0.0421854 0.035974 0.0311501 0.0275136 0.0242826
 1.07203e-16 4.60634e-05 0.000447753 0.00297548 0.0135261 0.0420849 0.0896674 0.130879 0.130909 0.0898156 0.0425829 0.0149656 0.00659259 0.00835656 0.0151036 0.0249946 0.0362331 0.0460556 0.0516686 0.051784 0.0473496 0.0408139 0.0345484 0.029683 0.026044 0.0228733
 1.06745e-16 4.67423e-05 0.000454352 0.00301933 0.0137254 0.0427051 0.0909889 0.132807 0.132837 0.0911362 0.0432 0.0151557 0.00661291 0.00831083 0.015002 0.0248181 0.0359607 0.0456741 0.0511732 0.0511716 0.0466128 0.0399426 0.0335411 0.0285607 0.0248553 0.0216878
 1.05168e-16 5.35807e-05 0.000520823 0.00346105 0.0157335 0.0489528 0.1043 0.152234 0.152259 0.104421 0.049358 0.0169045 0.00640317 0.00695227 0.012294 0.0203078 0.0294096 0.037323 0.0417582 0.0416567 0.0377927 0.0321803 0.026789 0.0225872 0.019478 0.0168706
 1.02863e-16 6.04075e-05 0.000587182 0.00390203 0.0177381 0.0551899 0.117589 0.171628 0.171649 0.11769 0.0555284 0.018716 0.00635746 0.00594976 0.0102519 0.0168713 0.0243415 0.0307021 0.0339951 0.0333165 0.0293422 0.0238449 0.0186066 0.0145812 0.0117912 0.00977024
 1.01815e-16 6.06655e-05 0.00058969 0.0039187 0.0178138 0.0554256 0.118091 0.172362 0.172383 0.118197 0.0557827 0.0188451 0.00650706 0.0062395 0.0107889 0.0177353 0.0255305 0.0320789 0.035284 0.0341742 0.0294737 0.0231029 0.0170268 0.0123501 0.00917855 0.00706006
 1.01345e-16 6.40842e-05 0.000622922 0.00413953 0.0188177 0.058549 0.124746 0.182074 0.182092 0.124835 0.0588501 0.0196873 0.0063221 0.00538725 0.00911164 0.0149597 0.0215377 0.0270694 0.0297859 0.0288641 0.0249073 0.0195249 0.0143652 0.010358 0.0076006 0.00572898
 1.01075e-16 6.35638e-05 0.000617863 0.00410592 0.0186649 0.0580736 0.123733 0.180595 0.180615 0.123828 0.0583943 0.0195912 0.00643034 0.00569002 0.00969033 0.0159031 0.0228637 0.0286676 0.0314164 0.0302295 0.0257645 0.0197725 0.0140604 0.00966695 0.00672351 0.00483876
 1.01707e-16 5.37014e-05 0.000521996 0.00346885 0.0157689 0.0490631 0.104535 0.152578 0.152608 0.104679 0.0495452 0.0171614 0.0069636 0.00814925 0.0145338 0.0239276 0.0344275 0.0432144 0.0474452 0.0457959 0.0392403 0.030381 0.0218976 0.0153214 0.0108398 0.00787953
 1.03198e-16 4.99332e-05 0.000485368 0.00322545 0.0146624 0.0456204 0.0972002 0.141873 0.141903 0.0973479 0.0461163 0.0160953 0.00682399 0.00834724 0.0149991 0.0247641 0.035776 0.0452089 0.0502006 0.0494054 0.0437575 0.0357708 0.0279755 0.0217324 0.0171128 0.0135464
 1.04704e-16 4.72553e-05 0.000459338 0.00305246 0.0138761 0.0431738 0.0919875 0.134265 0.134296 0.0921405 0.0436876 0.0153609 0.00678239 0.00861097 0.0155556 0.0257121 0.0371988 0.0471212 0.0525469 0.0521058 0.0467652 0.0390914 0.0316285 0.025684 0.0212328 0.0176177
 1.06024e-16 4.53105e-05 0.000440434 0.00292684 0.013305 0.041397 0.0882019 0.12874 0.128772 0.0883575 0.0419197 0.0148157 0.00672241 0.00873822 0.0158397 0.0262073 0.0379659 0.0482004 0.0539566 0.0538589 0.0488847 0.0416038 0.0345324 0.0289133 0.0246439 0.0210115
 1.06799e-16 4.54229e-05 0.000441527 0.0029341 0.013338 0.0414997 0.0884206 0.129059 0.12909 0.0885719 0.0420079 0.014807 0.00662555 0.00851333 0.0154146 0.0255149 0.0369939 0.0470339 0.0527819 0.0529147 0.0483832 0.041665 0.035163 0.0300278 0.0261018 0.0226513
 1.07128e-16 4.49758e-05 0.00043718 0.00290522 0.0132067 0.0410912 0.0875503 0.127789 0.12782 0.0877037 0.0416065 0.0146961 0.00664771 0.00861998 0.0156237 0.0258584 0.0374825 0.0476363 0.0534261 0.0535146 0.0488778 0.0420465 0.0354758 0.030342 0.0264788 0.0231188
 1.07536e-16 4.37809e-05 0.000425566 0.00282804 0.0128559 0.0399996 0.0852245 0.124394 0.124427 0.0853816 0.0405271 0.0143807 0.00665979 0.00880428 0.0159977 0.0264868 0.038407 0.0488393 0.0548276 0.0550055 0.0503675 0.0434909 0.0368697 0.0316882 0.0277629 0.0243053
pSPR Fmed_Fpbrs
0.599873   0.2854 0.2854
Fs Fmed_Fpbrs
0.34   1.005 1.005
SSBpbr Bo_Bmed_Bpbrs
2.03994e+06  1.12171e+06  480200 480200
Ro
229368
SPR SPRFo_SPRFmed_SPRFpbrs
1.63275e+06 979444 465986
Fref
1.005
Nvult_r0
 178317 66382.1 19428 5515.91 2208
CTP_r0
 59636.8 33273.8 9738.21 2764.83 1106.75
YTP_r0
1.35006e+06
Np
 229368 51051.1 10480.9 3233.36 1073.73
Nvult_p0
 178317 44176.6 9069.58 2797.96 929.145
CTP_p0
 59636.8 33759.7 10414.9 3048.1 1136.28
 59636.8 22143.4 4546.1 1402.47 465.731
YTP_p0
 1.42497e+06 1.00583e+06
CBA_c0
1.37254e+06
log_Ro
12.1631
likeval ReclasPelacesDesembMPH_pf_preclas_ppelaces_ptallas_desvR_qrecl_qpela
 0.00124434 131.801 11.4456 412.505 241.8 146.969 102.912 0 0 0 0 51.5808 0 0 0
q_reclas_q_pelaces
1 1
M
1
N
 229368 11961.4 119157 5366.66 2608.56
 229368 77092.6 3673.12 36591.1 2449.05
 229368 73583.1 21567.4 1027.59 10921.8
 229368 76317.3 22143.8 6490.42 3596.02
 229368 74203.2 21711.9 6299.81 2869.54
 229368 80978.6 25141.5 7356.42 3106.76
 229368 76032.4 24187.8 7509.63 3125.29
 229368 69411.2 18927.2 6021.22 2647.41
 229368 82842 24612.7 6711.44 3073.83
 229368 80337.3 27625.7 8207.71 3263.14
 229368 80730 27053 9302.77 3862.73
 229368 83094.4 28801 9651.36 4696.88
 229368 76973.9 25438.3 8817.04 4392.52
 229368 76791.8 23453.2 7750.78 4024.82
 229368 73762.8 21588.3 6593.34 3310.45
 229368 77510.8 22897.7 6701.5 3074.36
 229368 70963.7 20168 5957.89 2543.64
 229368 75039.7 20646.5 5867.79 2473.48
 229368 68418.8 18149.8 4993.75 2017.49
 229368 51002.9 9195.88 2439.43 942.352
 229368 50751.5 6787.67 1223.83 450.062
 229368 54234.2 7713.02 1031.56 254.391
 229368 38152.8 4079.02 580.105 96.7182
 229368 63587.3 7970.7 852.169 141.399
 229368 68769.2 15537.7 1947.66 242.781
 229368 70483 17651.9 3988.28 562.25
 229368 76257.3 21177.6 5303.75 1367.27
 229368 74417.9 21820.5 6059.82 1908.87
 229368 73838.5 20963.9 6146.95 2244.82
 229368 76712.2 22451.3 6374.27 2551.59
pred_Ctot
 12614.2 1268.12 12632.8 568.96 276.553
 18760.4 11935.9 568.692 5665.22 379.174
 13967.8 8603.74 2521.78 120.152 1277.04
 17670.8 11165.8 3239.8 949.594 526.123
 5863.94 3730.16 1091.44 316.688 144.25
 14465.8 9791.6 3040.01 889.508 375.656
 26133.1 16038.9 5102.37 1584.14 659.272
 2646.38 1589.49 433.425 137.883 60.6246
 6974.09 4936.81 1466.75 399.956 183.179
 6294.06 4329.31 1488.73 442.307 175.848
 2211.42 1546.78 518.335 178.241 74.0097
 12821.4 8948.69 3101.67 1039.38 505.822
 13139.2 8487.04 2804.79 972.155 484.314
 18444.4 11700.1 3573.35 1180.92 613.226
 11885 7383.98 2161.08 660.022 331.391
 23380.6 14750.5 4357.48 1275.31 585.059
 16203.5 9561.99 2717.54 802.794 342.743
 27898.2 16808.6 4624.73 1314.36 554.048
 59727.6 29713.1 7882.14 2168.7 876.163
 60201 22291.5 4019.18 1066.19 411.867
 53683.1 20194.6 2700.9 486.975 179.085
 84613.1 30771.2 4376.19 585.285 144.336
 36558.7 10906.6 1166.06 165.833 27.6485
 27274.4 13951.1 1748.78 186.967 31.023
 24231.7 13528.6 3056.66 383.154 47.761
 14072.7 8300.59 2078.82 469.688 66.2147
 17293.9 10931.3 3035.75 760.281 195.995
 18311.3 11261 3301.91 916.981 288.853
 13278.1 8224.05 2334.93 684.64 250.025
 11324.7 7329.24 2145.04 609.01 243.784
F
 0.0903199 0.18064 0.18064 0.18064 0.18064
 0.136913 0.273826 0.273826 0.273826 0.273826
 0.100428 0.200855 0.200855 0.200855 0.200855
 0.12852 0.257041 0.257041 0.257041 0.257041
 0.0411431 0.0822862 0.0822862 0.0822862 0.0822862
 0.104168 0.208336 0.208336 0.208336 0.208336
 0.19528 0.39056 0.39056 0.39056 0.39056
 0.018393 0.036786 0.036786 0.036786 0.036786
 0.0490937 0.0981875 0.0981875 0.0981875 0.0981875
 0.0442173 0.0884346 0.0884346 0.0884346 0.0884346
 0.0153505 0.0307009 0.0307009 0.0307009 0.0307009
 0.0918616 0.183723 0.183723 0.183723 0.183723
 0.09423 0.18846 0.18846 0.18846 0.18846
 0.134473 0.268946 0.268946 0.268946 0.268946
 0.0849101 0.16982 0.16982 0.16982 0.16982
 0.173159 0.346319 0.346319 0.346319 0.346319
 0.11731 0.23462 0.23462 0.23462 0.23462
 0.20968 0.41936 0.41936 0.41936 0.41936
 0.503446 1.00689 1.00689 1.00689 1.00689
 0.508387 1.01677 1.01677 1.01677 1.01677
 0.442015 0.884031 0.884031 0.884031 0.884031
 0.793728 1.58746 1.58746 1.58746 1.58746
 0.282914 0.565827 0.565827 0.565827 0.565827
 0.204571 0.409143 0.409143 0.409143 0.409143
 0.179956 0.359912 0.359912 0.359912 0.359912
 0.101215 0.202429 0.202429 0.202429 0.202429
 0.125631 0.251263 0.251263 0.251263 0.251263
 0.133447 0.266894 0.266894 0.266894 0.266894
 0.0952668 0.190534 0.190534 0.190534 0.190534
 0.0807688 0.161538 0.161538 0.161538 0.161538
YTP_r0W_actual
 435348 529054 258063 87645.1 39953.7
YTP_p0W_proyectada
 449661 589108 250686 95466.6 40053.9
 449661 386402 109425 43925.3 16417
CTP_r0_actual
 59636.8 33273.8 9738.21 2764.83 1106.75
CTP_p0_proyectada
 59636.8 33759.7 10414.9 3048.1 1136.28
 59636.8 22143.4 4546.1 1402.47 465.731
Wmedp
 7.54 17.45 24.07 31.32 35.25
Frms_r0
 0.5025 1.005 1.005 1.005 1.005
Zrms_r0
 1.5025 2.005 2.005 2.005 2.005
nmprior
 7.29 8.9 8.7 0
nm_flota  nm_reclas  nm_pelaces    nm_pelaL
inf 4.24133 7.92726 11.9936
cv_recla  cv_pelaces  cv_mph
1.08861 1.3509 1.72338
 ------------------------------------------------
Talla a la edad & desviaci?n 
 8 13.2811 15.8009 17.003 17.5766
 0.8 1.32811 1.58009 1.7003 1.75766
