years
 1991 1992 1993 1994 1995 1996 1997 1998 1999 2000 2001 2002 2003 2004 2005 2006 2007 2008 2009 2010 2011 2012 2013 2014 2015 2016 2017 2018 2019 2020 2021
reclasobs
 0 0 0 0 0 0 0 0 0 252601 567819 844713 477998 351125 339783 2.1784e+06 2.13404e+06 4.81314e+06 1.55562e+06 2.62356e+06 3.21686e+06 3.843e+06 1.13348e+06 3.07943e+06 1.97215e+06 2.03268e+06 2.025e+06 2.42433e+06 2.27542e+06 1.05018e+06 2.36338e+06
reclaspred
 4.29129e+06 2.33034e+06 1.14461e+06 1.36334e+06 1.60131e+06 3.46965e+06 2.39175e+06 2.12631e+06 1.64153e+06 1.23095e+06 1.22861e+06 1.53715e+06 1.16553e+06 214285 732992 1.24749e+06 835303 1.81952e+06 2.1421e+06 1.94271e+06 3.30319e+06 2.22379e+06 1.25331e+06 1.66248e+06 1.37879e+06 1.15025e+06 1.79797e+06 1.92279e+06 1.44416e+06 1.20636e+06 1.81644e+06
pelacesobs
 0 0 0 0 0 0 0 0 0 0 0 0 0 0 0 552880 188675 0 991730 2.46772e+06 1.41603e+06 1.21717e+06 2.29649e+06 1.80582e+06 0 1.4828e+06 1.56532e+06 1.57751e+06 1.42118e+06 867257 1.10002e+06
pelacespred
 3.91471e+06 2.1993e+06 1.02066e+06 916477 1.34116e+06 2.81438e+06 2.08435e+06 2.22611e+06 1.68157e+06 1.17424e+06 1.20948e+06 1.20552e+06 966158 90627.7 493632 721583 518760 1.12871e+06 1.42058e+06 1.24976e+06 2.31866e+06 1.5724e+06 946599 1.23329e+06 982162 887476 1.53143e+06 1.58041e+06 1.19539e+06 994229 1.25441e+06
mphobs
 0 0 0 0 0 0 0 0 0 0 0 0 498337 0 5186 125008 0 168611 109162 213762 579715 649985 157893 87575 83554 210694 70296 0 107559 103333 445601
mphpred
 1.04114e+06 707484 323409 183962 260344 372227 687807 410620 387490 287324 191837 280276 275727 111937 9506.37 114502 195138 109791 238763 270319 368783 400335 254342 144070 225415 204398 154732 275755 357915 213664 167261
desembarqueobs
 494567 514787 250237 358949 120608 361735 552515 73892 212993 205616 52469 317467 293654 387597 252695 516296 358380 742168 942051 627588 828172 859565 418607 520667 417249 300574 415391 372974 316634 284311 391294
desembarquepred
 494561 514292 250473 358947 120609 361716 552462 73894.4 213018 205648 52471.8 317501 293771 387882 252637 516161 358300 741723 941211 627138 828243 859454 418543 520727 417087 300545 415323 372913 316472 284135 391260
Reclutas
 149891 93571.6 83467.5 139157 109261 247443 96660.2 41599.3 45521.3 56703.6 84252.8 118929 72190 33451.6 76038.8 205179 46400.3 266645 326111 239010 246401 297158 53622.5 120866 154170 47300.7 141102 124929 54600.9 76743.1 131834
log_desv_Rt
 0.349116 -0.122064 -0.236333 0.274815 0.0329494 0.850392 -0.0895888 -0.932707 -0.84261 -0.622954 -0.226968 0.117737 -0.381489 -1.15069 -0.329546 0.663091 -0.823485 0.925127 1.12645 0.815716 0.846168 1.03347 -0.678823 0.133893 0.377268 -0.804266 0.28869 0.166956 -0.66074 -0.320327 0.220755
SSB
 1.04114e+06 707484 323409 183962 260344 372227 687807 410620 387490 287324 191837 280276 261674 107231 9139.34 109697 195138 109791 249535 280912 395277 463217 315523 167652 238430 235461 162709 275755 376166 206545 190623
BT
 1.65343e+06 1.19444e+06 555073 675495 590333 1.54838e+06 1.15277e+06 877294 812385 620864 524846 731698 627422 423940 521983 770117 467259 1.24757e+06 1.56179e+06 1.02738e+06 1.72907e+06 1.38946e+06 705187 1.09727e+06 753330 596271 1.18635e+06 1.01698e+06 654234 677602 880394
Ftot
 0.357441 0.662553 0.656008 0.767979 0.234163 0.318287 0.690608 0.109969 0.398114 0.507486 0.132924 0.616738 0.74372 3.29513 0.968678 1.14374 1.18984 1.12818 1.20636 0.921921 0.73449 1.08422 0.959544 0.894925 0.871221 0.768467 0.675772 0.576164 0.657837 0.694361 0.634227
BD_Bspro_t
 0.944414 0.646007 0.385637 0.289978 0.337648 0.472171 0.560089 0.391622 0.460761 0.440021 0.41389 0.597882 0.445162 0.203931 0.0249189 0.223724 0.238498 0.143131 0.226345 0.215796 0.231506 0.255921 0.209177 0.143793 0.218172 0.25013 0.222922 0.355569 0.410465 0.289029 0.299525
BD_Bspro
 1.37973 0.937568 0.428586 0.243789 0.345012 0.493281 0.911492 0.544159 0.513507 0.380766 0.254225 0.371426 0.346774 0.142104 0.0121116 0.145372 0.2586 0.145497 0.330687 0.372268 0.523827 0.613862 0.418136 0.222175 0.315971 0.312036 0.215625 0.365434 0.498501 0.273716 0.252616
BD_Bo
 1.67119 1.13562 0.519123 0.295289 0.417894 0.597484 1.10404 0.65911 0.621983 0.4612 0.307928 0.449887 0.420029 0.172123 0.0146701 0.176081 0.313227 0.176232 0.400543 0.450908 0.634483 0.743538 0.506465 0.269109 0.382719 0.377952 0.261175 0.442631 0.603807 0.331537 0.30598
BD_Brms
 10.422 7.0821 3.2374 1.84151 2.60611 3.72609 6.88512 4.11041 3.87888 2.87618 1.92033 2.80563 2.61942 1.07341 0.0914871 1.09809 1.95338 1.09904 2.49791 2.812 3.95683 4.63692 3.15847 1.67824 2.38675 2.35702 1.62876 2.76038 3.76552 2.06756 1.90818
Sel_flota
 0.803433 1 1 1 1
 0.803433 1 1 1 1
 0.803433 1 1 1 1
 0.803433 1 1 1 1
 0.803433 1 1 1 1
 0.803433 1 1 1 1
 0.803433 1 1 1 1
 0.803433 1 1 1 1
 0.803433 1 1 1 1
 0.803433 1 1 1 1
 0.803433 1 1 1 1
 0.803433 1 1 1 1
 0.803433 1 1 1 1
 0.803433 1 1 1 1
 0.803433 1 1 1 1
 0.803433 1 1 1 1
 0.803433 1 1 1 1
 0.803433 1 1 1 1
 0.803433 1 1 1 1
 0.803433 1 1 1 1
 0.803433 1 1 1 1
 0.803433 1 1 1 1
 0.803433 1 1 1 1
 0.803433 1 1 1 1
 0.803433 1 1 1 1
 0.803433 1 1 1 1
 0.803433 1 1 1 1
 0.803433 1 1 1 1
 0.803433 1 1 1 1
 0.803433 1 1 1 1
 0.803433 1 1 1 1
Sel_reclas
 0.755954 1 1 1 1
 0.755954 1 1 1 1
 0.755954 1 1 1 1
 0.755954 1 1 1 1
 0.755954 1 1 1 1
 0.755954 1 1 1 1
 0.755954 1 1 1 1
 0.755954 1 1 1 1
 0.755954 1 1 1 1
 0.755954 1 1 1 1
 0.755954 1 1 1 1
 0.755954 1 1 1 1
 0.755954 1 1 1 1
 0.755954 1 1 1 1
 0.755954 1 1 1 1
 0.755954 1 1 1 1
 0.755954 1 1 1 1
 0.755954 1 1 1 1
 0.755954 1 1 1 1
 0.755954 1 1 1 1
 0.755954 1 1 1 1
 0.755954 1 1 1 1
 0.755954 1 1 1 1
 0.755954 1 1 1 1
 0.755954 1 1 1 1
 0.755954 1 1 1 1
 0.755954 1 1 1 1
 0.755954 1 1 1 1
 0.755954 1 1 1 1
 0.755954 1 1 1 1
 0.755954 1 1 1 1
Sel_pelaces
 0.5 1 1 1 1
 0.5 1 1 1 1
 0.5 1 1 1 1
 0.5 1 1 1 1
 0.5 1 1 1 1
 0.5 1 1 1 1
 0.5 1 1 1 1
 0.5 1 1 1 1
 0.5 1 1 1 1
 0.5 1 1 1 1
 0.5 1 1 1 1
 0.5 1 1 1 1
 0.5 1 1 1 1
 0.5 1 1 1 1
 0.5 1 1 1 1
 0.5 1 1 1 1
 0.5 1 1 1 1
 0.5 1 1 1 1
 0.5 1 1 1 1
 0.5 1 1 1 1
 0.5 1 1 1 1
 0.5 1 1 1 1
 0.5 1 1 1 1
 0.5 1 1 1 1
 0.5 1 1 1 1
 0.5 1 1 1 1
 0.5 1 1 1 1
 0.5 1 1 1 1
 0.5 1 1 1 1
 0.5 1 1 1 1
 0.5 1 1 1 1
pf_obs 
 0.8446 0.082 0.0669 0.0065 0
 0.8095 0.147 0.0364 0.0071 0
 0.9664 0.0169 0.016 0.0007 0
 0.9276 0.0648 0.0075 0.0001 0
 0.7033 0.2144 0.0806 0.0017 0
 0.9318 0.0425 0.0243 0.0014 0
 0.5671 0.3108 0.0964 0.0239 0.0018
 0.0768 0.2599 0.5324 0.112 0.0189
 0.490249 0.384438 0.106611 0.0170017 0.00170017
 0.7925 0.1577 0.0466 0.003 0.0002
 0.840416 0.127587 0.0312969 0.00059994 9.999e-05
 0.8084 0.0986 0.0794 0.0134 0.0002
 0.7335 0.1905 0.0724 0.0035 0.0001
 0.4001 0.4547 0.1325 0.0127 0
 0.49795 0.308269 0.164784 0.0264974 0.00249975
 0.9179 0.0499 0.0305 0.0017 0
 0.2467 0.6533 0.0926 0.0074 0
 0.9418 0.0223 0.034 0.0019 0
 0.707729 0.231977 0.0356964 0.0245975 0
 0.517169 0.277429 0.184464 0.0207286 0.00020938
 0.811772 0.124168 0.05621 0.00726502 0.000585176
 0.764997 0.148141 0.077277 0.00933861 0.000247198
 0.163321 0.427699 0.378323 0.0303852 0.000271297
 0.753843 0.0900009 0.118128 0.0371064 0.000921714
 0.721811 0.176058 0.0630433 0.0369309 0.00215725
 0.143369 0.312575 0.442814 0.0836902 0.0175525
 0.692698 0.0596174 0.167031 0.0765114 0.00414204
 0.394062 0.376323 0.152708 0.0712218 0.00568511
 0.125707 0.32114 0.495352 0.0537591 0.00404204
 0.23352 0.215282 0.420074 0.123614 0.00750983
 0.796117 0.104755 0.0508955 0.0450114 0.00322123
pf_pred 
 0.62193 0.147345 0.213145 0.017579 8.54888e-07
 0.565056 0.296281 0.0540409 0.0781739 0.00644767
 0.68917 0.197996 0.076862 0.0140194 0.0219527
 0.830074 0.127361 0.0271135 0.0105254 0.004926
 0.737979 0.227954 0.0255332 0.00543567 0.00309768
 0.827292 0.135191 0.0326391 0.00365591 0.00122183
 0.499361 0.431027 0.0544907 0.0131556 0.00196603
 0.487039 0.294889 0.187749 0.0237354 0.00658677
 0.594551 0.220896 0.106095 0.0675483 0.0109093
 0.718809 0.184708 0.0525659 0.0252471 0.0186703
 0.791933 0.160605 0.0311769 0.00887263 0.00741285
 0.748248 0.20843 0.0334401 0.00649146 0.00339086
 0.647354 0.281981 0.0585048 0.00938643 0.0027739
 0.604562 0.282662 0.0901773 0.0187098 0.00388886
 0.982696 0.0131118 0.00299658 0.000955997 0.000239575
 0.931907 0.0672519 0.000637293 0.000145647 5.81101e-05
 0.56052 0.418303 0.0209153 0.000198197 6.33683e-05
 0.958116 0.0272035 0.0139729 0.000698646 8.73724e-06
 0.874242 0.122053 0.00240637 0.00123601 6.25737e-05
 0.80374 0.178618 0.0171224 0.000337581 0.000182174
 0.809144 0.162492 0.0258139 0.00247452 7.5115e-05
 0.813446 0.159044 0.0234215 0.00372078 0.000367502
 0.464526 0.461515 0.0630529 0.00928541 0.00162079
 0.861631 0.0760382 0.0537219 0.00733957 0.00126952
 0.844995 0.13899 0.00880079 0.00621787 0.000996431
 0.557424 0.390951 0.0462908 0.00293112 0.00240274
 0.889307 0.0700779 0.0358778 0.00424813 0.000489491
 0.760814 0.219036 0.0127564 0.00653091 0.000862398
 0.562946 0.353774 0.076264 0.00444153 0.0025742
 0.776649 0.141796 0.0660143 0.0142309 0.00130913
 0.84998 0.123777 0.0166607 0.00775648 0.0018259
pobs_RECLAS
 0 0 0 0 0
 0 0 0 0 0
 0 0 0 0 0
 0 0 0 0 0
 0 0 0 0 0
 0 0 0 0 0
 0 0 0 0 0
 0 0 0 0 0
 0 0 0 0 0
 0 0 0 0 0
 0.991045 0.00858322 0.000360255 1.14367e-05 0
 0.934742 0.0480273 0.0164251 0.00080598 0
 0.827803 0.169806 0.00239088 0 0
 0.941827 0.0461693 0.0120037 0 0
 0.791401 0.0380133 0.147996 0.0225897 0
 0.846168 0.0940531 0.0597789 0 0
 0.134021 0.677848 0.182769 0.00536245 0
 0.80878 0.0450904 0.141981 0.00414843 0
 0.846168 0.0940531 0.0597789 0 0
 0.905697 0.0802665 0.012482 0.00150086 5.37128e-05
 0.989698 0.0102097 9.19794e-05 0 0
 0.975433 0.0193895 0.00387452 0.00125025 5.28907e-05
 0.303575 0.632131 0.0575291 0.00676475 0
 0.966965 0.00978017 0.0227588 0.000495775 0
 0.843318 0.132988 0.00938335 0.0141283 0.000182051
 0.564624 0.303363 0.111486 0.0197234 0.00080311
 0.826376 0.0876187 0.0782897 0.00655872 0.00115652
 0.89761 0.0855135 0.0140674 0.00269457 0.000114338
 0.34875 0.467042 0.161289 0.0227151 0.000203297
 0.318654 0.224769 0.449479 0.00709798 0
 0.937255 0.0296025 0.0250945 0.00804832 0
ppred_RECLAS
 0.609298 0.152268 0.220266 0.0181664 8.83452e-07
 0.554146 0.303713 0.0553965 0.0801348 0.0066094
 0.67956 0.204118 0.0792384 0.0144529 0.0226314
 0.824274 0.131709 0.0280389 0.0108847 0.00509414
 0.726933 0.237565 0.0266097 0.00566483 0.00322828
 0.819383 0.141382 0.0341337 0.00382332 0.00127778
 0.488534 0.440348 0.0556691 0.0134401 0.00200855
 0.472322 0.30335 0.193136 0.0244164 0.00677575
 0.581881 0.227799 0.109411 0.0696592 0.0112502
 0.708758 0.19131 0.0544449 0.0261496 0.0193377
 0.782125 0.168176 0.0326465 0.00929088 0.00776229
 0.739524 0.215652 0.0345989 0.0067164 0.00350836
 0.637834 0.289593 0.0600841 0.00963981 0.00284878
 0.631037 0.263737 0.0841399 0.0174572 0.0036285
 0.982129 0.0135411 0.0030947 0.000987298 0.000247419
 0.930287 0.0688515 0.000652451 0.000149111 5.94923e-05
 0.554811 0.423737 0.021187 0.000200772 6.41915e-05
 0.957063 0.0278878 0.0143243 0.00071622 8.95703e-06
 0.871761 0.124461 0.00245385 0.0012604 6.38083e-05
 0.79821 0.183651 0.0176048 0.000347093 0.000187307
 0.802609 0.168056 0.0266978 0.00255926 7.76872e-05
 0.809176 0.162684 0.0239575 0.00380593 0.000375913
 0.456285 0.468617 0.0640232 0.00942829 0.00164574
 0.857311 0.0784118 0.0553989 0.00756868 0.00130915
 0.840128 0.143354 0.00907712 0.0064131 0.00102772
 0.547397 0.399809 0.0473396 0.00299753 0.00245718
 0.884918 0.072856 0.0373001 0.00441654 0.000508895
 0.752139 0.226981 0.0132191 0.00676778 0.000893677
 0.551985 0.362646 0.0781766 0.00455291 0.00263876
 0.769069 0.146609 0.0682548 0.0147139 0.00135357
 0.844122 0.12861 0.0173112 0.00805934 0.0018972
pobs_PELACES
 0 0 0 0 0
 0 0 0 0 0
 0 0 0 0 0
 0 0 0 0 0
 0 0 0 0 0
 0 0 0 0 0
 0 0 0 0 0
 0 0 0 0 0
 0 0 0 0 0
 0 0 0 0 0
 0 0 0 0 0
 0 0 0 0 0
 0 0 0 0 0
 0 0 0 0 0
 0 0 0 0 0
 0 0 0 0 0
 0.505614 0.472636 0.0217494 0 0
 0 0 0 0 0
 0.443492 0.261883 0.143347 0.151278 0
 0.227955 0.32914 0.350689 0.0885471 0.00366901
 0.970185 0.0296113 0.000203453 0 0
 0.997202 0.00247181 0.000326279 0 0
 0.445219 0.490057 0.0546422 0.010081 0
 0.90214 0.0892962 0.00764917 0.000914606 0
 0 0 0 0 0
 0.581667 0.319106 0.0959925 0.00289975 0.000334073
 0.762889 0.0836404 0.116647 0.0363945 0.000428098
 0.88444 0.0763242 0.0277011 0.0115352 0
 0.521256 0.241999 0.230069 0.00667565 0
 0.616807 0.101726 0.260614 0.0208532 0
 0.833518 0.0704572 0.0857862 0.0102388 0
ppred_PELACES
 0.513541 0.189588 0.274252 0.0226188 1.09998e-06
 0.461835 0.366595 0.0668659 0.0967262 0.00797784
 0.594097 0.258556 0.100372 0.0183075 0.0286673
 0.765311 0.175902 0.0374471 0.0145369 0.00680342
 0.641282 0.31208 0.0349561 0.00744167 0.00424086
 0.753886 0.192652 0.0465116 0.00520977 0.00174114
 0.397846 0.518426 0.0655397 0.0158232 0.00236469
 0.373539 0.360138 0.229292 0.0289872 0.00804419
 0.485742 0.280177 0.134568 0.0856761 0.013837
 0.62455 0.246624 0.0701868 0.0337104 0.0249289
 0.70544 0.227367 0.044137 0.0125609 0.0104943
 0.661532 0.280223 0.0449585 0.00872743 0.00455884
 0.550044 0.359791 0.0746488 0.0119765 0.00353934
 0.583472 0.297737 0.0949869 0.0197077 0.00409628
 0.974816 0.0190829 0.00436122 0.00139136 0.000348678
 0.904817 0.0940072 0.000890832 0.000203591 8.12285e-05
 0.471017 0.503494 0.0251748 0.000238562 7.62737e-05
 0.940696 0.0385182 0.0197846 0.000989233 1.23713e-05
 0.829417 0.165558 0.0032641 0.00167658 8.48776e-05
 0.735279 0.240925 0.0230951 0.000455339 0.000245721
 0.738261 0.222841 0.035401 0.00339355 0.000103012
 0.750565 0.212653 0.0313161 0.00497494 0.000491375
 0.371349 0.541823 0.0740246 0.0109011 0.00190283
 0.808116 0.105446 0.074499 0.0101782 0.00176051
 0.786226 0.191687 0.0121376 0.00857535 0.00137422
 0.456766 0.479868 0.0568189 0.00359776 0.0029492
 0.841618 0.100269 0.0513346 0.00607829 0.000700371
 0.675694 0.296985 0.0172961 0.00885508 0.0011693
 0.459587 0.437438 0.0942997 0.0054919 0.00318297
 0.697354 0.192138 0.0894511 0.0192832 0.00177391
 0.788681 0.174353 0.0234683 0.0109258 0.00257198
pobs_pel_tallas
 0 0 0 0 0 0 0 0 0 0 0 0 0 0 0 0 0 0 0 0 0 0 0 0 0 0
 0 0 0 0 0 0 0 0 0 0 0 0 0 0 0 0 0 0 0 0 0 0 0 0 0 0
 0 0 0 0 0 0 0 0 0 0 0 0 0 0 0 0 0 0 0 0 0 0 0 0 0 0
 0 0 0 0 0 0 0 0 0 0 0 0 0 0 0 0 0 0 0 0 0 0 0 0 0 0
 0 0 0 0 0 0 0 0 0 0 0 0 0 0 0 0 0 0 0 0 0 0 0 0 0 0
 0 0 0 0 0 0 0 0 0 0 0 0 0 0 0 0 0 0 0 0 0 0 0 0 0 0
 0 0 0 0 0 0 0 0 0 0 0 0 0 0 0 0 0 0 0 0 0 0 0 0 0 0
 0 0 0 0 0 0 0 0 0 0 0 0 0 0 0 0 0 0 0 0 0 0 0 0 0 0
 0 0 0 0 0 0 0 0 0 0 0 0 0 0 0 0 0 0 0 0 0 0 0 0 0 0
 0 0 0 0 0 0 0 0 0 0 0 0 0 0 0 0 0 0 0 0 0 0 0 0 0 0
 0 0 0 0 0 0 0 0 0 0 0 0 0 0 0 0 0 0 0 0 0 0 0 0 0 0
 0 0 0 0 0 0 0 0 0 0 0 0 0 0 0 0 0 0 0 0 0 0 0 0 0 0
 0.00862536 0 0 0.000197151 0.00414017 0.0128641 0.00837892 0.0270097 0.101434 0.158115 0.152841 0.127902 0.109271 0.109419 0.0830992 0.0579132 0.0238553 0.00714673 0.00463305 0.00128148 0.00103504 0.000492878 0.000147863 0.000147863 4.92878e-05 0
 0 0 0 0 0 0 0 0 0 0 0 0 0 0 0 0 0 0 0 0 0 0 0 0 0 0
 0 0 0 0 0 0 0 0.0054083 0.00873648 0.0413646 0.0450493 0.0745869 0.0622846 0.0627006 0.0613931 0.0827291 0.12552 0.122667 0.0946155 0.0697135 0.0546179 0.0294188 0.0215738 0.0213955 0.0102223 0.00600262
 0 0 0 0 0.00359764 0.0251062 0.0480494 0.140153 0.205849 0.193036 0.1447 0.116669 0.0760912 0.0342217 0.00950174 0.001854 0.000860785 0 0 0 0.000165536 0 0.000143464 0 0 0
 0 0 0 0 0 0 0 0.000145254 0.000435761 0.0275982 0.070085 0.0708112 0.156366 0.174668 0.174014 0.160142 0.0824315 0.0480064 0.0283245 0.00493863 0.00203355 0 0 0 0 0
 0 0 0 0 0 0 0 0 0 0 0 0 0 0 0 0 0 0 0 0 0 0 0 0 0 0
 0 0 1.00437e-05 0.000401748 0.00122533 0.00171747 0.00176769 0.0269171 0.070346 0.194647 0.189555 0.159765 0.064822 0.0314167 0.0384472 0.0292271 0.0345202 0.0313363 0.0194345 0.0106764 0.0143323 0.0359363 0.0279516 0.0138201 0.00172751 0
 0 0.0021121 0.0136068 0.0755702 0.200478 0.177729 0.0527432 0.0373336 0.0318909 0.0142505 0.0149659 0.0166563 0.0217959 0.0798694 0.0677717 0.0528807 0.04013 0.0224614 0.0357745 0.0225083 0.00881397 0.00855152 0.00135912 0.000746735 0 0
 0 0 0 0 5.4009e-05 0.00500934 0.000945158 0.0243581 0.138947 0.33067 0.221406 0.137944 0.0707744 0.0437923 0.0131692 0.00525238 0.0047753 0.00276346 9.45158e-05 9.00151e-06 2.25038e-05 9.00151e-06 4.50075e-06 0 0 0
 0.000866109 0.00284123 0.00948549 0.0512746 0.133035 0.25785 0.225252 0.132002 0.0553304 0.0519788 0.0540692 0.017754 0.00435017 0.00159236 0.00146478 0.000404838 0.000125132 0.000115318 0.000107957 0.000100596 0 0 0 0 0 0
 0 0 0 0 0.00144013 0.00171154 0.00461396 0.0210425 0.0478622 0.0707936 0.0888783 0.103762 0.0637923 0.0337046 0.0602308 0.124433 0.169614 0.0934646 0.0462172 0.0250306 0.0313229 0.00938855 0.002487 0.000210481 0 0
 0 0.00764035 0.051015 0.0998891 0.058973 0.0496711 0.0374665 0.0718981 0.12319 0.153886 0.159021 0.0857701 0.0377988 0.023471 0.0147837 0.00900784 0.00315554 0.000888139 0.00291439 0.00214683 0.00393193 0.00274676 0.000635225 9.99891e-05 0 0
 0 0 0 0 0 0 0 0 0 0 0 0 0 0 0 0 0 0 0 0 0 0 0 0 0 0
 0 0 0 0 0 0 0 0 0 0 0 0 0 0 0 0 0 0 0 0 0 0 0 0 0 0
 0 0 0 0 0 0 0 0 0 0 0 0 0 0 0 0 0 0 0 0 0 0 0 0 0 0
 0 0 0 0 0 0 0 0 0 0 0 0 0 0 0 0 0 0 0 0 0 0 0 0 0 0
 0 0 0 0 0 0 0 0 0 0 0 0 0 0 0 0 0 0 0 0 0 0 0 0 0 0
 0 0 0 0 0 0 0 0 0 0 0 0 0 0 0 0 0 0 0 0 0 0 0 0 0 0
 0 0 0 0 0 0 0 0 0 0 0 0 0 0 0 0 0 0 0 0 0 0 0 0 0 0
ppred_pel_tallas
 1.10232e-16 4.22997e-05 0.000411168 0.00273236 0.0124209 0.0386462 0.0823405 0.120182 0.120201 0.0824318 0.0389541 0.0133151 0.00499552 0.00541307 0.00972145 0.016472 0.0248104 0.0334559 0.041045 0.0468149 0.0508139 0.0534 0.0545342 0.0535945 0.0498895 0.0433622
 1.13074e-16 3.80408e-05 0.00036977 0.00245725 0.0111703 0.0347553 0.0740511 0.108087 0.108123 0.074224 0.0353361 0.0128489 0.00667367 0.00958497 0.0175725 0.0290823 0.0421193 0.0534833 0.0599724 0.0602077 0.0554788 0.0488277 0.0431018 0.039491 0.037427 0.0355172
 1.0965e-16 4.89351e-05 0.000475666 0.00316097 0.0143693 0.0447084 0.095257 0.139036 0.139061 0.0953793 0.0451196 0.0155581 0.00615034 0.00701912 0.0125283 0.0207719 0.0302429 0.0387211 0.0439709 0.0449703 0.0424792 0.0384145 0.0345599 0.0316476 0.0293642 0.0269862
 1.03735e-16 6.30377e-05 0.000612748 0.00407193 0.0185104 0.0575929 0.122708 0.1791 0.179117 0.122791 0.0578715 0.0193156 0.00609418 0.00503136 0.00846678 0.0139295 0.0201364 0.0254867 0.0283951 0.0281394 0.025281 0.0212559 0.0174762 0.014648 0.0127057 0.0111994
 1.02553e-16 5.28216e-05 0.000513445 0.00341202 0.0155106 0.0482593 0.102823 0.150079 0.150109 0.10297 0.0487525 0.0169349 0.00698649 0.00831413 0.0148606 0.0244654 0.0351945 0.044166 0.0484769 0.0467876 0.0401182 0.0311592 0.022671 0.0162156 0.0119484 0.00922002
 1.02209e-16 6.20966e-05 0.000603601 0.00401114 0.0182341 0.0567331 0.120877 0.176427 0.176445 0.120967 0.0570384 0.0191161 0.00622661 0.00544456 0.0092693 0.0152603 0.0220566 0.0279005 0.0310345 0.0306326 0.0272648 0.022465 0.0177711 0.014001 0.0111859 0.00897236
 1.04011e-16 3.27702e-05 0.000318538 0.0021168 0.00962269 0.02994 0.0637922 0.0931171 0.0931671 0.0640363 0.0307596 0.0119896 0.00805743 0.0132848 0.0246517 0.0406856 0.0585657 0.0735616 0.080864 0.0782446 0.0673748 0.0526779 0.0386815 0.0279323 0.0206725 0.0158528
 1.10978e-16 3.0768e-05 0.000299076 0.00198746 0.00903474 0.0281106 0.059894 0.0874243 0.0874593 0.0600651 0.028686 0.0107003 0.00618176 0.00950025 0.0176373 0.0294528 0.043225 0.0560236 0.0648213 0.0681361 0.0667426 0.0628022 0.0582009 0.0535149 0.0482515 0.0418181
 1.14889e-16 4.001e-05 0.000388911 0.00258445 0.0117486 0.0365543 0.0778838 0.113679 0.113707 0.0780167 0.037001 0.0130413 0.00583817 0.00752166 0.0136753 0.0227811 0.0333772 0.0431835 0.0499096 0.0525502 0.0519332 0.0499787 0.0482818 0.0471751 0.0458661 0.0432833
 1.09688e-16 5.14434e-05 0.000500048 0.003323 0.0151059 0.0470001 0.10014 0.146162 0.146185 0.100256 0.0473915 0.0162374 0.00616668 0.00671965 0.0118989 0.0196847 0.0285798 0.0364354 0.0411073 0.0416478 0.0388625 0.034705 0.0310038 0.0285246 0.0269289 0.0253829
 1.04368e-16 5.81062e-05 0.000564813 0.00375338 0.0170624 0.0530874 0.113109 0.165091 0.165113 0.113216 0.0534474 0.0181025 0.0063653 0.00627039 0.0109052 0.0179662 0.0259465 0.0327817 0.0364088 0.0358849 0.0319396 0.0264532 0.0212951 0.017432 0.0148262 0.0129196
 1.03016e-16 5.44896e-05 0.000529658 0.00351977 0.0160004 0.0497832 0.106069 0.154817 0.154844 0.106201 0.0502265 0.0172809 0.00673442 0.00754861 0.0133887 0.0220581 0.0317939 0.0400305 0.0441861 0.0430646 0.0375554 0.0300075 0.0228049 0.0172571 0.0134475 0.0107956
 1.04047e-16 4.53065e-05 0.000440395 0.00292658 0.0133038 0.0413933 0.0881942 0.128729 0.128764 0.0883638 0.0419631 0.0149498 0.00706001 0.00946948 0.01721 0.0284237 0.0410421 0.0518203 0.057467 0.0564442 0.0498498 0.0406103 0.0316729 0.0246232 0.0195327 0.0157007
 1.05487e-16 4.80599e-05 0.000467159 0.00310444 0.0141123 0.0439089 0.0935535 0.13655 0.136579 0.0936942 0.0443815 0.0154785 0.00653777 0.00797586 0.0143487 0.0237505 0.0344544 0.043841 0.049255 0.0494493 0.0452733 0.0389847 0.032778 0.0277135 0.0236816 0.0200788
 1.0033e-16 8.02943e-05 0.000780489 0.00518662 0.0235776 0.0733588 0.156299 0.228123 0.228125 0.156308 0.073389 0.023665 0.00540608 0.00126003 0.000992438 0.0015173 0.00218658 0.00276784 0.00308405 0.0030554 0.00274081 0.00229383 0.00186617 0.00153492 0.00129608 0.0011062
 1.00084e-16 7.45286e-05 0.000724445 0.00481419 0.0218846 0.0680912 0.145076 0.211744 0.211753 0.14512 0.0682394 0.0223125 0.00588723 0.00306361 0.00450732 0.00730807 0.0104605 0.0130282 0.0141133 0.0133044 0.0109249 0.00783166 0.00492492 0.00274651 0.00139166 0.000673358
 1.00893e-16 3.87971e-05 0.000377122 0.00250611 0.0113924 0.0354464 0.075524 0.11024 0.110288 0.0757607 0.0362409 0.0136864 0.00826039 0.012926 0.0238336 0.0392408 0.056289 0.0702867 0.0764743 0.0726476 0.0604902 0.0444863 0.0293259 0.0177974 0.0103658 0.00607511
 1.00683e-16 7.74839e-05 0.000753171 0.00500508 0.0227524 0.0707911 0.150828 0.220139 0.220143 0.150846 0.0708525 0.0229299 0.00545175 0.00173169 0.00194592 0.00312039 0.00454767 0.00584284 0.00666531 0.00684961 0.00648414 0.00582222 0.00510226 0.00442784 0.00378015 0.00311046
 1.0032e-16 6.8318e-05 0.000664075 0.00441302 0.0200609 0.0624171 0.132987 0.194101 0.194117 0.133065 0.0626782 0.0208147 0.00630349 0.00478571 0.00788048 0.0128791 0.0184505 0.0230008 0.0249572 0.0235981 0.0194914 0.0141372 0.00910653 0.00533669 0.00298132 0.00170483
 1.00816e-16 6.0564e-05 0.000588704 0.00391214 0.0177841 0.0553329 0.117893 0.172074 0.172097 0.118007 0.0557135 0.018883 0.00666958 0.00660483 0.0114762 0.0188497 0.0270834 0.0339195 0.0370952 0.0355577 0.0300875 0.0227754 0.0157916 0.0104034 0.00680017 0.00453971
 1.01437e-16 6.08097e-05 0.000591092 0.00392801 0.0178562 0.0555573 0.118372 0.172771 0.172793 0.118477 0.0559098 0.0188743 0.00648375 0.0061708 0.0106591 0.0175285 0.0252504 0.0317619 0.0349956 0.0339847 0.0294228 0.0231729 0.0171423 0.012405 0.00907757 0.00675508
 1.01541e-16 6.18231e-05 0.000600942 0.00399347 0.0181538 0.0564832 0.120344 0.17565 0.175671 0.120444 0.0568195 0.0191251 0.00643167 0.0059236 0.0101706 0.0167161 0.024073 0.0302679 0.033328 0.0323351 0.0279606 0.0219958 0.0162724 0.011819 0.00873774 0.00662151
 1.0369e-16 3.05876e-05 0.000297323 0.00197582 0.0089818 0.027946 0.0595438 0.0869169 0.0869691 0.059799 0.0288026 0.011456 0.00818596 0.0138527 0.0257705 0.0425436 0.0612528 0.0769592 0.0846333 0.0819333 0.0705824 0.0551744 0.0404192 0.0289788 0.021138 0.0158566
 1.03496e-16 6.65635e-05 0.000647021 0.00429968 0.0195457 0.0608141 0.129571 0.189115 0.189125 0.129621 0.0609828 0.0200343 0.00553049 0.00334896 0.00524219 0.00867617 0.01276 0.0166046 0.0193332 0.0205143 0.0203588 0.0194615 0.0183217 0.0170575 0.0154965 0.0134708
 1.01492e-16 6.47604e-05 0.000629494 0.00418321 0.0190163 0.0591668 0.126062 0.183995 0.184013 0.126152 0.0594695 0.0198902 0.00637572 0.00541227 0.00913795 0.014978 0.0215093 0.0269229 0.0294255 0.028199 0.0238957 0.018213 0.0128977 0.00894568 0.00645458 0.00499043
 1.02623e-16 3.76233e-05 0.000365712 0.00243029 0.0110478 0.034374 0.0732391 0.106904 0.10695 0.073465 0.0351323 0.0132379 0.00792672 0.0123607 0.0228069 0.0376144 0.0541078 0.0678819 0.0744597 0.0717565 0.0613124 0.0472417 0.0337888 0.023392 0.0163641 0.0118017
 1.02236e-16 6.9323e-05 0.000673844 0.00447793 0.020356 0.0633352 0.134943 0.196955 0.196965 0.13499 0.063495 0.0208183 0.00564097 0.00322202 0.0049358 0.00812053 0.0118547 0.015247 0.0174264 0.0179714 0.0171199 0.0155337 0.0138255 0.0122445 0.0107116 0.0090678
 1.01662e-16 5.56561e-05 0.000540997 0.00359512 0.0163429 0.050849 0.10834 0.158132 0.15816 0.10848 0.0513178 0.0176965 0.00699102 0.0079481 0.014105 0.023183 0.0332803 0.0416204 0.0454157 0.0433871 0.0365389 0.0275067 0.0190181 0.0126523 0.00860401 0.00623949
 1.03923e-16 3.78557e-05 0.000367971 0.0024453 0.011116 0.0345862 0.0736911 0.107563 0.107605 0.0738973 0.0352789 0.0131173 0.00747112 0.0113465 0.0209085 0.0345586 0.0498988 0.0629908 0.0698206 0.0684969 0.0603282 0.0488526 0.0376528 0.0286894 0.0221157 0.017163
 1.04865e-16 5.74402e-05 0.000558339 0.00371036 0.0168668 0.0524789 0.111812 0.163197 0.163216 0.111903 0.0527848 0.0177517 0.00593657 0.00543437 0.00936542 0.0155162 0.0226363 0.0290725 0.0331619 0.0341137 0.0324184 0.0293901 0.0262424 0.0234616 0.0208589 0.018054
 1.02253e-16 6.49627e-05 0.00063146 0.00419628 0.0190757 0.0593516 0.126455 0.184569 0.184586 0.126538 0.0596273 0.019872 0.0061953 0.00499552 0.00835372 0.0137095 0.0197481 0.0248475 0.0274025 0.0266794 0.0232507 0.0186003 0.0142273 0.0109434 0.00877247 0.00730719
pSPR Fmed_Fpbrs
0.541096   0.210351 0.210351
Fs Fmed_Fpbrs
0.34   1.005 1.005
SSBpbr Bo_Bmed_Bpbrs
622991  305948  99897.5 99897.5
Ro
105720
SPR SPRFo_SPRFmed_SPRFpbrs
754595 408308 158730
Fref
1.005
Nvult_r0
 110204 13984.6 1882.36 876.347 206.295
CTP_r0
 49231.9 7009.74 943.529 439.266 103.405
YTP_r0
552384
Np
 111677 18323.1 3923.51 424.588 64.8465
Nvult_p0
 93354.2 15855.7 3395.17 367.413 56.1143
CTP_p0
 41704.5 12637.9 1367.62 184.086 102.423
 41704.5 7947.63 1701.82 184.165 28.1271
YTP_p0
 577278 500860
CBA_c0
559852
log_Ro
11.3885
likeval ReclasPelacesDesembMPH_pf_preclas_ppelaces_ptallas_desvR_qrecl_qpela
 0.000446333 18.0851 0.0267363 39.0731 242.726 130.931 113.955 0 17.0432 7.46483e-05 0.000219751 0.0543943 0 0 0
q_reclas_q_pelaces
3.39353 8.13707
M
1
N
 149891 29329.6 42427.3 3499.18 0.170169
 93571.6 41377.1 7547.06 10917.3 900.446
 83467.5 20214.7 7847.33 1431.33 2241.29
 139157 18126.9 3858.98 1498.05 701.102
 109261 27621.3 3093.86 658.641 375.347
 247443 33301.6 8039.96 900.557 300.972
 96660.2 70489.2 8911.29 2151.44 321.521
 41599.3 20416.5 12998.7 1643.31 456.032
 45521.3 14009.4 6728.65 4283.98 691.877
 56703.6 12162.1 3461.2 1662.4 1229.35
 84252.8 13875.2 2693.49 766.539 640.424
 118929 27855.4 4469.08 867.546 453.169
 72190 26656.1 5530.56 887.315 262.222
 33451.6 14611 4661.32 967.121 201.018
 76038.8 871.694 199.217 63.5561 15.9273
 205179 12845.3 121.725 27.819 11.0992
 46400.3 30113.1 1505.66 14.268 4.5618
 266645 6562.33 3370.69 168.535 2.10769
 326111 39626.7 781.273 401.294 20.3157
 239010 45513.4 4362.93 86.0187 46.4195
 246401 41921.8 6659.78 638.408 19.3791
 297158 50241.7 7398.78 1175.38 116.093
 53622.5 45748.9 6250.29 920.441 160.666
 120866 9125.19 6447.06 880.807 152.352
 154170 21664.4 1371.79 969.184 155.314
 47300.7 28165.3 3334.93 211.167 173.1
 141102 9385 4804.84 568.919 65.5538
 124929 30160.8 1756.53 899.292 118.75
 54600.9 28928.8 6236.25 363.192 210.497
 76743.1 11840.5 5512.41 1188.32 109.317
 131834 16160.8 2175.29 1012.72 238.398
pred_Ctot
 24210.2 5735.77 8297.19 684.307 0.0332787
 25483.7 13362.1 2437.21 3525.59 290.786
 22552 6479.12 2515.19 458.764 718.369
 42559.7 6530.1 1390.17 539.663 252.567
 12027.7 3715.24 416.145 88.5915 50.4866
 36036 5888.8 1421.72 159.248 53.2215
 27207.9 23484.7 2968.95 716.788 107.12
 2239.76 1356.11 863.407 109.152 30.2907
 8084.36 3003.61 1442.62 918.483 148.338
 12404.7 3187.54 907.142 435.696 322.198
 5441.82 1103.61 214.234 60.9688 50.9379
 30572.9 8516.28 1366.34 265.236 138.548
 21536.5 9381.08 1946.37 312.272 92.2836
 23647.6 11056.4 3527.31 731.838 152.114
 27657 369.019 84.3357 26.9056 6.7426
 83834.4 6049.98 57.3309 13.1024 5.22759
 19470.5 14530.4 726.523 6.88468 2.20119
 107937 3064.62 1574.12 78.7062 0.984297
 138106 19281 380.14 195.256 9.88493
 83865 18637.6 1786.6 35.2244 19.0086
 72797.3 14619.2 2322.43 222.629 6.75797
 117045 22884.5 3370.05 535.374 52.8789
 19370.8 19245.2 2629.31 387.202 67.5873
 41493.2 3661.73 2587.06 353.448 61.1356
 51883.1 8534.03 540.372 381.78 61.1813
 14473.5 10151 1201.94 76.1063 62.3869
 39038.5 3076.26 1574.95 186.483 21.4875
 30377.5 8745.58 509.333 260.763 34.4334
 14785.5 9291.73 2003.04 116.655 67.6102
 21694.5 3960.86 1844 397.516 36.5686
 34666.2 5048.2 679.5 316.346 74.4689
F
 0.287179 0.357441 0.357441 0.357441 0.357441
 0.532317 0.662553 0.662553 0.662553 0.662553
 0.527058 0.656008 0.656008 0.656008 0.656008
 0.617019 0.767979 0.767979 0.767979 0.767979
 0.188134 0.234163 0.234163 0.234163 0.234163
 0.255722 0.318287 0.318287 0.318287 0.318287
 0.554857 0.690608 0.690608 0.690608 0.690608
 0.088353 0.109969 0.109969 0.109969 0.109969
 0.319858 0.398114 0.398114 0.398114 0.398114
 0.407731 0.507486 0.507486 0.507486 0.507486
 0.106795 0.132924 0.132924 0.132924 0.132924
 0.495508 0.616738 0.616738 0.616738 0.616738
 0.597529 0.74372 0.74372 0.74372 0.74372
 2.64742 3.29513 3.29513 3.29513 3.29513
 0.778268 0.968678 0.968678 0.968678 0.968678
 0.918922 1.14374 1.14374 1.14374 1.14374
 0.95596 1.18984 1.18984 1.18984 1.18984
 0.906414 1.12818 1.12818 1.12818 1.12818
 0.969229 1.20636 1.20636 1.20636 1.20636
 0.740702 0.921921 0.921921 0.921921 0.921921
 0.590114 0.73449 0.73449 0.73449 0.73449
 0.871096 1.08422 1.08422 1.08422 1.08422
 0.77093 0.959544 0.959544 0.959544 0.959544
 0.719012 0.894925 0.894925 0.894925 0.894925
 0.699968 0.871221 0.871221 0.871221 0.871221
 0.617412 0.768467 0.768467 0.768467 0.768467
 0.542937 0.675772 0.675772 0.675772 0.675772
 0.462909 0.576164 0.576164 0.576164 0.576164
 0.528528 0.657837 0.657837 0.657837 0.657837
 0.557873 0.694361 0.694361 0.694361 0.694361
 0.509559 0.634227 0.634227 0.634227 0.634227
YTP_r0W_actual
 408625 98837.4 26041.4 15022.9 3857
YTP_p0W_proyectada
 314452 220531 32918.7 5765.56 3610.41
 314452 138686 40962.8 5768.03 991.481
CTP_r0_actual
 49231.9 7009.74 943.529 439.266 103.405
CTP_p0_proyectada
 41704.5 12637.9 1367.62 184.086 102.423
 41704.5 7947.63 1701.82 184.165 28.1271
Wmedp
 7.54 17.45 24.07 31.32 35.25
Frms_r0
 0.80745 1.005 1.005 1.005 1.005
Zrms_r0
 1.80745 2.005 2.005 2.005 2.005
nmprior
 7.29 8.9 8.7 0
nm_flota  nm_reclas  nm_pelaces    nm_pelaL
inf 9.53424 10.9044 22.3296
cv_recla  cv_pelaces  cv_mph
0.636991 0.482207 0.520102
 ------------------------------------------------
Talla a la edad & desviaci?n 
 8 13.2811 15.8009 17.003 17.5766
 0.8 1.32811 1.58009 1.7003 1.75766
