    unsorted:	 2.318409567e-06 1.300935577e-05 5.637284402e-05 8.530531461e-05 0.002499884656 0.1085480250 1.514609477 7.185728450 12.23463487 19.18013429 27.98854521 49.65051038 126.0771127 153.0777797 188.9327880 201.1783658 224.4028388 374.2721354 893.2844102 900.2750657 869.6429360 802.5724323 677.8120990 1016.698707 1075.983736 1105.499320 1142.939435 1210.529120 1391.873741 1423.388097 1580.353681 1592.718949 1902.828933 1940.961910 2026.620007 2043.335446 2274.378813 2352.494413 2450.192228 2634.506375 2798.163804 3058.736407 3626.524653 3674.573300 4203.376157 4275.201015 4268.296238 10408.80246 17867.13628 42897.15536 148859.8675 369553.7468 373135.9651 363689.0259 382338.2292 390063.8912 345475.4515 346922.6105 403784.5364 451798.3157 463419.0421 567170.9701 584139.2421 605938.1133 651533.9943 639405.7453 807640.5181 850547.7140 981730.2478 1058771.226 1175833.306 1357059.669 1526696.324 1581164.509 1664290.650 1965155.986 2271817.025 2318234.927 2361289.754 2790822.409 2920089.242 3105422.636 18021581.41 150208559.4
      sorted:	 2.318409567e-06 1.300935577e-05 5.637284402e-05 8.530531461e-05 0.002499884656 0.1085480250 1.514609477 7.185728450 12.23463487 19.18013429 27.98854521 49.65051038 126.0771127 153.0777797 188.9327880 201.1783658 224.4028388 374.2721354 677.8120990 802.5724323 869.6429360 893.2844102 900.2750657 1016.698707 1075.983736 1105.499320 1142.939435 1210.529120 1391.873741 1423.388097 1580.353681 1592.718949 1902.828933 1940.961910 2026.620007 2043.335446 2274.378813 2352.494413 2450.192228 2634.506375 2798.163804 3058.736407 3626.524653 3674.573300 4203.376157 4268.296238 4275.201015 10408.80246 17867.13628 42897.15536 148859.8675 345475.4515 346922.6105 363689.0259 369553.7468 373135.9651 382338.2292 390063.8912 403784.5364 451798.3157 463419.0421 567170.9701 584139.2421 605938.1133 639405.7453 651533.9943 807640.5181 850547.7140 981730.2478 1058771.226 1175833.306 1357059.669 1526696.324 1581164.509 1664290.650 1965155.986 2271817.025 2318234.927 2361289.754 2790822.409 2920089.242 3105422.636 18021581.41 150208559.4
