years
 1991 1992 1993 1994 1995 1996 1997 1998 1999 2000 2001 2002 2003 2004 2005 2006 2007 2008 2009 2010 2011 2012 2013 2014 2015 2016 2017 2018 2019 2020 2021
reclasobs
 0 0 0 0 0 0 0 0 0 252601 567819 844713 477998 351125 339783 2.1784e+06 2.13404e+06 4.81314e+06 1.55562e+06 2.62356e+06 3.21686e+06 3.843e+06 1.13348e+06 3.07943e+06 1.97215e+06 2.03268e+06 2.025e+06 2.42433e+06 2.27542e+06 1.05018e+06 2.36338e+06
reclaspred
 4.3053e+06 2.39698e+06 1.16754e+06 1.06921e+06 1.2461e+06 2.15371e+06 1.66824e+06 1.44753e+06 1.07229e+06 786326 701712 903192 709937 122695 434165 1.1608e+06 1.33626e+06 1.32112e+06 2.16141e+06 2.28686e+06 4.0345e+06 2.61355e+06 1.7434e+06 1.77942e+06 1.4235e+06 1.41102e+06 2.41177e+06 2.54605e+06 2.43161e+06 1.7275e+06 3.82976e+06
pelacesobs
 0 0 0 0 0 0 0 0 0 0 0 0 0 0 0 552880 188675 0 991730 2.46772e+06 1.41603e+06 1.21717e+06 2.29649e+06 1.80582e+06 0 1.4828e+06 1.56532e+06 1.57751e+06 1.42118e+06 867257 1.10002e+06
pelacespred
 786692 459273 220627 164971 215744 380462 273466 290826 217133 145507 146068 142234 114778 10528.3 77829.8 179205 201749 202272 385816 385658 649149 472497 305234 333316 252960 247957 529978 530011 433789 344035 679461
mphobs
 0 0 0 0 0 0 0 0 0 0 0 0 498337 0 5186 125008 0 168611 109162 213762 579715 649985 157893 87575 83554 210694 70296 0 107559 103333 445601
mphpred
 1.64643e+06 1.10365e+06 520435 291486 351489 458768 727122 435992 411278 298675 190021 272277 265931 107056 9567.04 159941 476313 330499 322575 714404 862378 969136 581874 384941 494558 383997 383245 841287 892708 617473 459235
desembarqueobs
 494567 514787 250237 358949 120608 361735 552515 73892 212993 205616 52469 317467 293654 387597 252695 516296 358380 742168 942051 627588 828172 859565 418607 520667 417249 300574 415391 372974 316634 284311 391294
desembarquepred
 494568 514033 250601 358970 120612 361730 552499 73895.4 213027 205662 52473 317531 293803 387935 252644 516156 358520 742050 941386 627325 828273 859742 418687 520833 417250 300530 415364 373020 316623 284241 391277
Reclutas
 161666 91291.7 89605.1 144761 119946 240326 97104 43765.7 45271.2 53019.6 82470.1 116840 73090.5 33583.2 87789.8 310451 52125.7 228916 538397 280557 347003 300579 65316.5 156126 164221 81005.7 290209 179137 74787.1 103238 479074
log_desv_Rt
 0.238941 -0.332533 -0.351181 0.128491 -0.0595545 0.635402 -0.270811 -1.06774 -1.03392 -0.875932 -0.434157 -0.0857912 -0.554895 -1.33257 -0.371647 0.891433 -0.892935 0.58676 1.442 0.790184 1.00274 0.859117 -0.667348 0.204072 0.254622 -0.452074 0.824009 0.341556 -0.531948 -0.209553 1.32526
SSB
 1.64643e+06 1.10365e+06 520435 291486 351489 458768 727122 435992 411278 298675 190021 272277 252060 102345 9214.18 154512 476313 330499 333869 736502 911924 1.08726e+06 686076 435137 518315 430264 398513 841287 927752 601252 504593
BT
 2.39805e+06 1.65833e+06 799808 826854 725493 1.62365e+06 1.20289e+06 927498 840253 619690 516791 717434 620463 421847 600638 1.13503e+06 824258 1.39128e+06 2.43176e+06 1.69726e+06 2.84057e+06 2.16563e+06 1.20495e+06 1.68013e+06 1.1255e+06 1.02623e+06 2.49326e+06 1.98263e+06 1.36361e+06 1.29112e+06 2.90874e+06
Ftot
 0.247219 0.457843 0.451037 0.625968 0.196182 0.315197 0.673813 0.107001 0.397111 0.523183 0.142818 0.66218 0.785537 3.50037 0.878979 0.726795 0.55171 0.966792 0.720766 0.523163 0.396583 0.643054 0.497585 0.532134 0.56394 0.422048 0.302126 0.284316 0.283515 0.331068 0.177356
BD_Bspro_t
 0.961217 0.740377 0.512607 0.412265 0.428139 0.543808 0.58433 0.413783 0.4838 0.455018 0.4165 0.594715 0.438573 0.19676 0.0252172 0.289614 0.427049 0.320435 0.29131 0.417363 0.408752 0.445355 0.373906 0.318734 0.391353 0.397005 0.43077 0.629204 0.636444 0.543754 0.544258
BD_Bspro
 1.8119 1.21457 0.572743 0.320782 0.386817 0.504877 0.800203 0.479813 0.452615 0.328695 0.209119 0.299643 0.277395 0.112631 0.0101403 0.170041 0.524186 0.363717 0.367426 0.810526 1.00358 1.19654 0.755032 0.478872 0.570409 0.473508 0.438566 0.925843 1.021 0.661683 0.555308
BD_Bo
 1.5658 1.0496 0.494949 0.277212 0.334277 0.436302 0.691515 0.414642 0.391138 0.284049 0.180715 0.258944 0.239717 0.0973331 0.00876296 0.146945 0.452988 0.314315 0.31752 0.700435 0.867267 1.03402 0.652479 0.413828 0.492933 0.409194 0.378997 0.80009 0.88232 0.571809 0.479883
BD_Brms
 8.88905 5.9586 2.80983 1.57373 1.89769 2.47688 3.92573 2.35392 2.22049 1.61255 1.02592 1.47002 1.36087 0.55256 0.0497473 0.834207 2.57161 1.78436 1.80256 3.97637 4.92347 5.87013 3.70412 2.3493 2.79838 2.32299 2.15157 4.54211 5.00893 3.24616 2.72429
Sel_flota
 0.731377 1 1 1 1
 0.731377 1 1 1 1
 0.731377 1 1 1 1
 0.731377 1 1 1 1
 0.731377 1 1 1 1
 0.731377 1 1 1 1
 0.731377 1 1 1 1
 0.731377 1 1 1 1
 0.731377 1 1 1 1
 0.731377 1 1 1 1
 0.731377 1 1 1 1
 0.731377 1 1 1 1
 0.731377 1 1 1 1
 0.731377 1 1 1 1
 0.731377 1 1 1 1
 0.731377 1 1 1 1
 0.731377 1 1 1 1
 0.731377 1 1 1 1
 0.731377 1 1 1 1
 0.731377 1 1 1 1
 0.731377 1 1 1 1
 0.731377 1 1 1 1
 0.731377 1 1 1 1
 0.731377 1 1 1 1
 0.731377 1 1 1 1
 0.731377 1 1 1 1
 0.731377 1 1 1 1
 0.731377 1 1 1 1
 0.731377 1 1 1 1
 0.731377 1 1 1 1
 0.731377 1 1 1 1
Sel_reclas
 0.5 1 1 1 1
 0.5 1 1 1 1
 0.5 1 1 1 1
 0.5 1 1 1 1
 0.5 1 1 1 1
 0.5 1 1 1 1
 0.5 1 1 1 1
 0.5 1 1 1 1
 0.5 1 1 1 1
 0.5 1 1 1 1
 0.5 1 1 1 1
 0.5 1 1 1 1
 0.5 1 1 1 1
 0.5 1 1 1 1
 0.5 1 1 1 1
 0.5 1 1 1 1
 0.5 1 1 1 1
 0.5 1 1 1 1
 0.5 1 1 1 1
 0.5 1 1 1 1
 0.5 1 1 1 1
 0.5 1 1 1 1
 0.5 1 1 1 1
 0.5 1 1 1 1
 0.5 1 1 1 1
 0.5 1 1 1 1
 0.5 1 1 1 1
 0.5 1 1 1 1
 0.5 1 1 1 1
 0.5 1 1 1 1
 0.5 1 1 1 1
Sel_pelaces
 0.5 1 1 1 1
 0.5 1 1 1 1
 0.5 1 1 1 1
 0.5 1 1 1 1
 0.5 1 1 1 1
 0.5 1 1 1 1
 0.5 1 1 1 1
 0.5 1 1 1 1
 0.5 1 1 1 1
 0.5 1 1 1 1
 0.5 1 1 1 1
 0.5 1 1 1 1
 0.5 1 1 1 1
 0.5 1 1 1 1
 0.5 1 1 1 1
 0.5 1 1 1 1
 0.5 1 1 1 1
 0.5 1 1 1 1
 0.5 1 1 1 1
 0.5 1 1 1 1
 0.5 1 1 1 1
 0.5 1 1 1 1
 0.5 1 1 1 1
 0.5 1 1 1 1
 0.5 1 1 1 1
 0.5 1 1 1 1
 0.5 1 1 1 1
 0.5 1 1 1 1
 0.5 1 1 1 1
 0.5 1 1 1 1
 0.5 1 1 1 1
pf_obs 
 0.8446 0.082 0.0669 0.0065 0
 0.8095 0.147 0.0364 0.0071 0
 0.9664 0.0169 0.016 0.0007 0
 0.9276 0.0648 0.0075 0.0001 0
 0.7033 0.2144 0.0806 0.0017 0
 0.9318 0.0425 0.0243 0.0014 0
 0.5671 0.3108 0.0964 0.0239 0.0018
 0.0768 0.2599 0.5324 0.112 0.0189
 0.490249 0.384438 0.106611 0.0170017 0.00170017
 0.7925 0.1577 0.0466 0.003 0.0002
 0.840416 0.127587 0.0312969 0.00059994 9.999e-05
 0.8084 0.0986 0.0794 0.0134 0.0002
 0.7335 0.1905 0.0724 0.0035 0.0001
 0.4001 0.4547 0.1325 0.0127 0
 0.49795 0.308269 0.164784 0.0264974 0.00249975
 0.9179 0.0499 0.0305 0.0017 0
 0.2467 0.6533 0.0926 0.0074 0
 0.9418 0.0223 0.034 0.0019 0
 0.707729 0.231977 0.0356964 0.0245975 0
 0.517169 0.277429 0.184464 0.0207286 0.00020938
 0.811772 0.124168 0.05621 0.00726502 0.000585176
 0.764997 0.148141 0.077277 0.00933861 0.000247198
 0.163321 0.427699 0.378323 0.0303852 0.000271297
 0.753843 0.0900009 0.118128 0.0371064 0.000921714
 0.721811 0.176058 0.0630433 0.0369309 0.00215725
 0.143369 0.312575 0.442814 0.0836902 0.0175525
 0.692698 0.0596174 0.167031 0.0765114 0.00414204
 0.394062 0.376323 0.152708 0.0712218 0.00568511
 0.125707 0.32114 0.495352 0.0537591 0.00404204
 0.23352 0.215282 0.420074 0.123614 0.00750983
 0.796117 0.104755 0.0508955 0.0450114 0.00322123
pf_pred 
 0.524606 0.142936 0.310071 0.0223856 8.89216e-07
 0.462897 0.328116 0.0628358 0.13631 0.00984129
 0.615338 0.215253 0.103492 0.0198192 0.0460979
 0.769622 0.161724 0.038418 0.018471 0.0117648
 0.68962 0.259269 0.0358796 0.00852328 0.006708
 0.782845 0.164635 0.0438713 0.00607123 0.00257731
 0.475712 0.439553 0.0642416 0.0171188 0.0033747
 0.463255 0.31213 0.188313 0.0275222 0.00877979
 0.558467 0.240858 0.116697 0.0704052 0.0135724
 0.680576 0.207165 0.0612376 0.0296701 0.0213511
 0.777924 0.168911 0.0344809 0.0101925 0.00849208
 0.735126 0.219976 0.0341491 0.00697108 0.0037775
 0.638293 0.292701 0.0573089 0.00889663 0.00280026
 0.596606 0.296054 0.0868626 0.0170071 0.00347119
 0.983345 0.0134327 0.0023645 0.000693748 0.000163555
 0.934303 0.065005 0.000558412 9.82946e-05 3.56389e-05
 0.365025 0.607355 0.0273286 0.000234761 5.63067e-05
 0.868994 0.0606296 0.0673154 0.00302893 3.22601e-05
 0.90309 0.0886436 0.00382561 0.00424747 0.000193155
 0.633941 0.342279 0.0217514 0.000938732 0.00108964
 0.730414 0.194332 0.0703653 0.00447164 0.000416991
 0.662149 0.269635 0.0491734 0.0178051 0.00123701
 0.35286 0.48475 0.129602 0.0236355 0.00915271
 0.763641 0.105733 0.0978471 0.0261602 0.00661832
 0.730309 0.223394 0.0207107 0.019166 0.00642056
 0.554101 0.357897 0.0728948 0.00675803 0.00834905
 0.866048 0.0864652 0.0381152 0.00776312 0.00160887
 0.587547 0.372342 0.025891 0.0114132 0.00280634
 0.414099 0.393123 0.174031 0.0121013 0.00664612
 0.637546 0.182275 0.120895 0.0535187 0.0057653
 0.895786 0.0747567 0.0148137 0.00982527 0.00481809
pobs_RECLAS
 0 0 0 0 0
 0 0 0 0 0
 0 0 0 0 0
 0 0 0 0 0
 0 0 0 0 0
 0 0 0 0 0
 0 0 0 0 0
 0 0 0 0 0
 0 0 0 0 0
 0 0 0 0 0
 0.991045 0.00858322 0.000360255 1.14367e-05 0
 0.934742 0.0480273 0.0164251 0.00080598 0
 0.827803 0.169806 0.00239088 0 0
 0.941827 0.0461693 0.0120037 0 0
 0.791401 0.0380133 0.147996 0.0225897 0
 0.846168 0.0940531 0.0597789 0 0
 0.134021 0.677848 0.182769 0.00536245 0
 0.80878 0.0450904 0.141981 0.00414843 0
 0.846168 0.0940531 0.0597789 0 0
 0.905697 0.0802665 0.012482 0.00150086 5.37128e-05
 0.989698 0.0102097 9.19794e-05 0 0
 0.975433 0.0193895 0.00387452 0.00125025 5.28907e-05
 0.303575 0.632131 0.0575291 0.00676475 0
 0.966965 0.00978017 0.0227588 0.000495775 0
 0.843318 0.132988 0.00938335 0.0141283 0.000182051
 0.564624 0.303363 0.111486 0.0197234 0.00080311
 0.826376 0.0876187 0.0782897 0.00655872 0.00115652
 0.89761 0.0855135 0.0140674 0.00269457 0.000114338
 0.34875 0.467042 0.161289 0.0227151 0.000203297
 0.318654 0.224769 0.449479 0.00709798 0
 0.937255 0.0296025 0.0250945 0.00804832 0
ppred_RECLAS
 0.431617 0.170895 0.370723 0.0267643 1.06315e-06
 0.373989 0.38243 0.0732371 0.158874 0.0114703
 0.52575 0.265386 0.127595 0.0244351 0.0568342
 0.699864 0.210694 0.0500509 0.024064 0.0153271
 0.604212 0.330613 0.0457526 0.0108686 0.00855386
 0.713153 0.217472 0.057951 0.00801967 0.00340444
 0.388264 0.512867 0.0749566 0.0199741 0.00393758
 0.371684 0.365381 0.22044 0.0322177 0.0102777
 0.466606 0.290969 0.140976 0.0850531 0.0163962
 0.596895 0.261437 0.0772804 0.0374429 0.0269446
 0.70616 0.223495 0.0456234 0.0134862 0.0112363
 0.659906 0.282446 0.0438469 0.00895075 0.00485025
 0.553761 0.361107 0.0707022 0.0109758 0.00345469
 0.565734 0.31871 0.0935101 0.0183086 0.00373684
 0.976591 0.0188809 0.00332351 0.000975123 0.00022989
 0.908862 0.0901774 0.000774651 0.000136358 4.94397e-05
 0.285707 0.683223 0.0307424 0.000264086 6.33403e-05
 0.824834 0.0810669 0.0900063 0.00404993 4.31344e-05
 0.867247 0.121429 0.00524055 0.00581843 0.000264596
 0.546189 0.42433 0.0269657 0.00116377 0.00135085
 0.652032 0.250834 0.0908239 0.00577176 0.000538231
 0.57789 0.336882 0.0614372 0.0222457 0.00154552
 0.274603 0.54337 0.145274 0.0264937 0.0102595
 0.691946 0.137805 0.127527 0.0340954 0.00862586
 0.653395 0.287104 0.0266172 0.024632 0.00825165
 0.462433 0.431473 0.0878805 0.00814735 0.0100655
 0.816745 0.11829 0.0521439 0.0106204 0.00220103
 0.495312 0.455608 0.031681 0.0139654 0.00343391
 0.327468 0.451249 0.199763 0.0138906 0.00762881
 0.548272 0.22717 0.150672 0.0667006 0.00718532
 0.85513 0.103921 0.0205929 0.0136583 0.00669773
pobs_PELACES
 0 0 0 0 0
 0 0 0 0 0
 0 0 0 0 0
 0 0 0 0 0
 0 0 0 0 0
 0 0 0 0 0
 0 0 0 0 0
 0 0 0 0 0
 0 0 0 0 0
 0 0 0 0 0
 0 0 0 0 0
 0 0 0 0 0
 0 0 0 0 0
 0 0 0 0 0
 0 0 0 0 0
 0 0 0 0 0
 0.505614 0.472636 0.0217494 0 0
 0 0 0 0 0
 0.443492 0.261883 0.143347 0.151278 0
 0.227955 0.32914 0.350689 0.0885471 0.00366901
 0.970185 0.0296113 0.000203453 0 0
 0.997202 0.00247181 0.000326279 0 0
 0.445219 0.490057 0.0546422 0.010081 0
 0.90214 0.0892962 0.00764917 0.000914606 0
 0 0 0 0 0
 0.581667 0.319106 0.0959925 0.00289975 0.000334073
 0.762889 0.0836404 0.116647 0.0363945 0.000428098
 0.88444 0.0763242 0.0277011 0.0115352 0
 0.521256 0.241999 0.230069 0.00667565 0
 0.616807 0.101726 0.260614 0.0208532 0
 0.833518 0.0704572 0.0857862 0.0102388 0
ppred_PELACES
 0.437001 0.169276 0.367211 0.0265108 1.05308e-06
 0.383539 0.376596 0.0721199 0.15645 0.0112954
 0.535707 0.259814 0.124916 0.023922 0.0556409
 0.711389 0.202604 0.048129 0.02314 0.0147386
 0.608363 0.327146 0.0452728 0.0107547 0.00846414
 0.718835 0.213164 0.0568031 0.00786082 0.00333701
 0.402542 0.500897 0.0732071 0.0195079 0.00384567
 0.373902 0.364091 0.219661 0.0321039 0.0102414
 0.475376 0.286184 0.138658 0.0836546 0.0161265
 0.608002 0.254233 0.075151 0.0364112 0.0262022
 0.70878 0.221502 0.0452166 0.013366 0.0111361
 0.672954 0.27161 0.0421647 0.00860736 0.00466417
 0.570897 0.34724 0.0679872 0.0105543 0.00332202
 0.639861 0.264308 0.0775485 0.0151835 0.00309898
 0.978307 0.0174963 0.00307978 0.000903614 0.000213032
 0.91406 0.0850343 0.00073047 0.000128581 4.662e-05
 0.295792 0.673577 0.0303084 0.000260358 6.2446e-05
 0.836874 0.0754948 0.0838197 0.00377157 4.01696e-05
 0.874432 0.114857 0.00495692 0.00550353 0.000250275
 0.557658 0.413607 0.0262843 0.00113436 0.00131672
 0.659965 0.245115 0.0887533 0.00564017 0.00052596
 0.59173 0.325836 0.0594228 0.0215163 0.00149485
 0.283476 0.536723 0.143497 0.0261696 0.010134
 0.701909 0.133349 0.123403 0.0329927 0.00834689
 0.664628 0.277799 0.0257546 0.0238337 0.00798423
 0.471746 0.423999 0.0863581 0.00800621 0.00989109
 0.82072 0.115724 0.0510129 0.0103901 0.00215329
 0.501613 0.44992 0.0312854 0.0137911 0.00339104
 0.333027 0.44752 0.198112 0.0137758 0.00756576
 0.55553 0.223521 0.148251 0.065629 0.00706988
 0.857067 0.102532 0.0203176 0.0134757 0.00660819
pobs_pel_tallas
 0 0 0 0 0 0 0 0 0 0 0 0 0 0 0 0 0 0 0 0 0 0 0 0 0 0
 0 0 0 0 0 0 0 0 0 0 0 0 0 0 0 0 0 0 0 0 0 0 0 0 0 0
 0 0 0 0 0 0 0 0 0 0 0 0 0 0 0 0 0 0 0 0 0 0 0 0 0 0
 0 0 0 0 0 0 0 0 0 0 0 0 0 0 0 0 0 0 0 0 0 0 0 0 0 0
 0 0 0 0 0 0 0 0 0 0 0 0 0 0 0 0 0 0 0 0 0 0 0 0 0 0
 0 0 0 0 0 0 0 0 0 0 0 0 0 0 0 0 0 0 0 0 0 0 0 0 0 0
 0 0 0 0 0 0 0 0 0 0 0 0 0 0 0 0 0 0 0 0 0 0 0 0 0 0
 0 0 0 0 0 0 0 0 0 0 0 0 0 0 0 0 0 0 0 0 0 0 0 0 0 0
 0 0 0 0 0 0 0 0 0 0 0 0 0 0 0 0 0 0 0 0 0 0 0 0 0 0
 0 0 0 0 0 0 0 0 0 0 0 0 0 0 0 0 0 0 0 0 0 0 0 0 0 0
 0 0 0 0 0 0 0 0 0 0 0 0 0 0 0 0 0 0 0 0 0 0 0 0 0 0
 0 0 0 0 0 0 0 0 0 0 0 0 0 0 0 0 0 0 0 0 0 0 0 0 0 0
 0.00862536 0 0 0.000197151 0.00414017 0.0128641 0.00837892 0.0270097 0.101434 0.158115 0.152841 0.127902 0.109271 0.109419 0.0830992 0.0579132 0.0238553 0.00714673 0.00463305 0.00128148 0.00103504 0.000492878 0.000147863 0.000147863 4.92878e-05 0
 0 0 0 0 0 0 0 0 0 0 0 0 0 0 0 0 0 0 0 0 0 0 0 0 0 0
 0 0 0 0 0 0 0 0.0054083 0.00873648 0.0413646 0.0450493 0.0745869 0.0622846 0.0627006 0.0613931 0.0827291 0.12552 0.122667 0.0946155 0.0697135 0.0546179 0.0294188 0.0215738 0.0213955 0.0102223 0.00600262
 0 0 0 0 0.00359764 0.0251062 0.0480494 0.140153 0.205849 0.193036 0.1447 0.116669 0.0760912 0.0342217 0.00950174 0.001854 0.000860785 0 0 0 0.000165536 0 0.000143464 0 0 0
 0 0 0 0 0 0 0 0.000145254 0.000435761 0.0275982 0.070085 0.0708112 0.156366 0.174668 0.174014 0.160142 0.0824315 0.0480064 0.0283245 0.00493863 0.00203355 0 0 0 0 0
 0 0 0 0 0 0 0 0 0 0 0 0 0 0 0 0 0 0 0 0 0 0 0 0 0 0
 0 0 1.00437e-05 0.000401748 0.00122533 0.00171747 0.00176769 0.0269171 0.070346 0.194647 0.189555 0.159765 0.064822 0.0314167 0.0384472 0.0292271 0.0345202 0.0313363 0.0194345 0.0106764 0.0143323 0.0359363 0.0279516 0.0138201 0.00172751 0
 0 0.0021121 0.0136068 0.0755702 0.200478 0.177729 0.0527432 0.0373336 0.0318909 0.0142505 0.0149659 0.0166563 0.0217959 0.0798694 0.0677717 0.0528807 0.04013 0.0224614 0.0357745 0.0225083 0.00881397 0.00855152 0.00135912 0.000746735 0 0
 0 0 0 0 5.4009e-05 0.00500934 0.000945158 0.0243581 0.138947 0.33067 0.221406 0.137944 0.0707744 0.0437923 0.0131692 0.00525238 0.0047753 0.00276346 9.45158e-05 9.00151e-06 2.25038e-05 9.00151e-06 4.50075e-06 0 0 0
 0.000866109 0.00284123 0.00948549 0.0512746 0.133035 0.25785 0.225252 0.132002 0.0553304 0.0519788 0.0540692 0.017754 0.00435017 0.00159236 0.00146478 0.000404838 0.000125132 0.000115318 0.000107957 0.000100596 0 0 0 0 0 0
 0 0 0 0 0.00144013 0.00171154 0.00461396 0.0210425 0.0478622 0.0707936 0.0888783 0.103762 0.0637923 0.0337046 0.0602308 0.124433 0.169614 0.0934646 0.0462172 0.0250306 0.0313229 0.00938855 0.002487 0.000210481 0 0
 0 0.00764035 0.051015 0.0998891 0.058973 0.0496711 0.0374665 0.0718981 0.12319 0.153886 0.159021 0.0857701 0.0377988 0.023471 0.0147837 0.00900784 0.00315554 0.000888139 0.00291439 0.00214683 0.00393193 0.00274676 0.000635225 9.99891e-05 0 0
 0 0 0 0 0 0 0 0 0 0 0 0 0 0 0 0 0 0 0 0 0 0 0 0 0 0
 0 0 0 0 0 0 0 0 0 0 0 0 0 0 0 0 0 0 0 0 0 0 0 0 0 0
 0 0 0 0 0 0 0 0 0 0 0 0 0 0 0 0 0 0 0 0 0 0 0 0 0 0
 0 0 0 0 0 0 0 0 0 0 0 0 0 0 0 0 0 0 0 0 0 0 0 0 0 0
 0 0 0 0 0 0 0 0 0 0 0 0 0 0 0 0 0 0 0 0 0 0 0 0 0 0
 0 0 0 0 0 0 0 0 0 0 0 0 0 0 0 0 0 0 0 0 0 0 0 0 0 0
 0 0 0 0 0 0 0 0 0 0 0 0 0 0 0 0 0 0 0 0 0 0 0 0 0 0
ppred_pel_tallas
 1.133e-16 3.59952e-05 0.000349887 0.00232512 0.0105697 0.0328862 0.0700683 0.10227 0.102287 0.0701508 0.0331651 0.011382 0.00438998 0.0049426 0.00900728 0.0154816 0.0238029 0.0330584 0.0422223 0.0506356 0.0580644 0.0642132 0.0682236 0.0687904 0.0649264 0.056751
 1.19779e-16 3.15917e-05 0.000307082 0.00204067 0.00927661 0.0288632 0.0614974 0.0897649 0.0898013 0.0616752 0.0294605 0.011003 0.00637881 0.00979391 0.0181004 0.0300175 0.0435998 0.0556506 0.0629977 0.0643526 0.0611334 0.0564574 0.053081 0.0518823 0.0518181 0.0510153
 1.15487e-16 4.41256e-05 0.000428916 0.0028503 0.0129571 0.0403144 0.0858949 0.125371 0.125397 0.0860181 0.0407284 0.0141549 0.00586475 0.00703487 0.0126654 0.0210684 0.0308206 0.0397741 0.0457732 0.0478656 0.0468342 0.0445339 0.0425829 0.0414635 0.0405823 0.0389769
 1.06256e-16 5.85962e-05 0.000569576 0.00378503 0.0172062 0.053535 0.114063 0.166482 0.166502 0.114158 0.0538562 0.0181345 0.00611701 0.00566702 0.00975973 0.0160962 0.0233121 0.0295998 0.0331648 0.0332051 0.0303831 0.0263409 0.0226552 0.0200537 0.0183547 0.0169407
 1.03902e-16 5.01101e-05 0.000487088 0.00323687 0.0147144 0.0457821 0.0975447 0.142376 0.142407 0.0976987 0.0462994 0.0162086 0.00698747 0.00867469 0.0156 0.0257111 0.0370349 0.0465781 0.0513231 0.0498812 0.0433167 0.034414 0.0260021 0.0196394 0.0154177 0.0126144
 1.03047e-16 5.92095e-05 0.000575537 0.00382465 0.0173863 0.0540954 0.115257 0.168225 0.168245 0.115357 0.0544333 0.018363 0.00627818 0.00593823 0.0102633 0.0169238 0.0244904 0.0310395 0.0346414 0.0343899 0.0309104 0.0258758 0.0209471 0.0169823 0.0139768 0.0115212
 1.04848e-16 3.3157e-05 0.000322298 0.00214178 0.00973627 0.0302934 0.0645451 0.0942155 0.0942638 0.064781 0.0310856 0.0120244 0.00788555 0.0128617 0.02385 0.0393822 0.0567417 0.0713819 0.078681 0.0764992 0.0664389 0.0527273 0.039663 0.0296205 0.0227662 0.0180585
 1.11385e-16 3.07979e-05 0.000299366 0.0019894 0.00904353 0.028138 0.0599522 0.0875094 0.0875448 0.0601251 0.0287193 0.0107261 0.00622578 0.00959029 0.0178016 0.029709 0.0435589 0.0563732 0.0650824 0.068198 0.0665415 0.0623631 0.0576426 0.0530115 0.047969 0.0418551
 1.15194e-16 3.91562e-05 0.000380612 0.0025293 0.0114979 0.0357742 0.0762218 0.111254 0.111282 0.0763576 0.0362306 0.0128183 0.00585296 0.00766676 0.0139678 0.0232716 0.0340965 0.044114 0.0509828 0.0536724 0.0530244 0.0509973 0.0492221 0.0480468 0.0466749 0.0440249
 1.1032e-16 5.00804e-05 0.000486799 0.00323495 0.0147056 0.0457549 0.0974865 0.14229 0.142314 0.0976066 0.0461585 0.0158724 0.00616755 0.0069017 0.0122721 0.0203133 0.0295082 0.0376519 0.0425423 0.0432071 0.0404744 0.036345 0.0326809 0.0302446 0.0286638 0.0270673
 1.04587e-16 5.83813e-05 0.000567487 0.00377115 0.0171431 0.0533387 0.113645 0.165872 0.165893 0.113749 0.0536895 0.0181567 0.00631663 0.00612861 0.0106328 0.0175202 0.0253149 0.032011 0.0356055 0.0351843 0.0314574 0.0262469 0.0213564 0.0177059 0.0152382 0.0133972
 1.02939e-16 5.54304e-05 0.000538803 0.00358054 0.0162766 0.0506427 0.107901 0.15749 0.157516 0.108029 0.0510724 0.0175176 0.00669591 0.00734067 0.0129763 0.0213722 0.0307995 0.0387675 0.042772 0.0416545 0.0362813 0.0289367 0.0219403 0.0165682 0.0129022 0.0103738
 1.03672e-16 4.70241e-05 0.000457091 0.00303753 0.0138082 0.0429626 0.0915376 0.133609 0.133642 0.0917013 0.0435123 0.0153963 0.00702521 0.00916673 0.0166013 0.0274049 0.0395514 0.0498978 0.0552593 0.0541491 0.0476342 0.0385595 0.0297984 0.0229109 0.0179849 0.0143452
 1.04353e-16 5.27045e-05 0.000512307 0.00340446 0.0154762 0.0481523 0.102595 0.149745 0.149771 0.102719 0.0485716 0.0166881 0.00644965 0.00717029 0.0127277 0.0210369 0.0304834 0.0387178 0.0433671 0.0433178 0.0393347 0.0334548 0.0276768 0.0229962 0.0193542 0.016225
 1.00221e-16 8.05819e-05 0.000783285 0.0052052 0.0236621 0.0736216 0.156859 0.22894 0.228942 0.156867 0.0736492 0.0237421 0.00540604 0.0012219 0.000914102 0.00138501 0.0019905 0.0025096 0.00277739 0.00271956 0.00239142 0.00193815 0.00150587 0.00117301 0.000941821 0.000774509
 1.00064e-16 7.52899e-05 0.000731845 0.00486337 0.0221082 0.0687868 0.146558 0.213907 0.213915 0.146598 0.0689208 0.0224952 0.00583396 0.00284764 0.00408472 0.00661046 0.0094607 0.011782 0.0127613 0.0120263 0.00986966 0.00706662 0.00443224 0.00245744 0.00122914 0.000578685
 1.01084e-16 2.43641e-05 0.000236828 0.00157381 0.00715435 0.0222602 0.0474301 0.0692391 0.069304 0.0477467 0.023323 0.0102228 0.00927072 0.0170213 0.0318482 0.0524735 0.0752586 0.0939431 0.102156 0.0969482 0.0805797 0.0590665 0.0387051 0.0232462 0.0133213 0.00764632
 1.02824e-16 6.89322e-05 0.000670045 0.00445269 0.0202413 0.0629782 0.134182 0.195844 0.195851 0.134218 0.0630999 0.0205944 0.00534436 0.00263443 0.00385181 0.0063942 0.00951842 0.0126201 0.0151062 0.01666 0.0173519 0.0174519 0.0171254 0.0163019 0.014812 0.0126265
 1.00767e-16 7.20258e-05 0.000700117 0.00465252 0.0211497 0.0658046 0.140204 0.204634 0.204645 0.140258 0.0659859 0.0216731 0.00596543 0.00356356 0.00550248 0.00896265 0.0128576 0.0160726 0.0175275 0.0167312 0.0140792 0.0105992 0.00735233 0.00494845 0.00345317 0.00260473
 1.01201e-16 4.59336e-05 0.000446491 0.00296709 0.013488 0.0419664 0.0894153 0.130513 0.130552 0.0896098 0.0426193 0.0153731 0.00769624 0.0107613 0.0196089 0.0322747 0.0463227 0.0579005 0.0631093 0.0601438 0.0503784 0.037471 0.0252348 0.0159186 0.0098745 0.00630906
 1.03279e-16 5.43605e-05 0.000528404 0.00351143 0.0159625 0.0496653 0.105818 0.154449 0.154473 0.105934 0.0500546 0.017088 0.00634057 0.0067173 0.0118456 0.0195941 0.0284445 0.0362303 0.0407558 0.0409661 0.0375114 0.0321912 0.0267695 0.0221249 0.0182374 0.0147322
 1.04209e-16 4.874e-05 0.000473771 0.00314837 0.0143121 0.0445303 0.0948777 0.138483 0.138515 0.0950313 0.0450461 0.0158021 0.00688969 0.00864513 0.0155795 0.0257105 0.0371067 0.0468207 0.0518764 0.050899 0.0449152 0.0366142 0.0286917 0.0225779 0.0182899 0.0151149
 1.08618e-16 2.33496e-05 0.000226967 0.00150828 0.00685644 0.0213332 0.0454545 0.0663531 0.0664049 0.0457079 0.0221842 0.0093158 0.00768685 0.0137322 0.0257232 0.0426216 0.0617061 0.0782453 0.087403 0.0869159 0.0783717 0.0659843 0.0539164 0.0442847 0.0370176 0.0310223
 1.08317e-16 5.78154e-05 0.000561986 0.00373459 0.0169769 0.0528216 0.112542 0.164262 0.164275 0.112606 0.0530361 0.0175987 0.0053037 0.00401545 0.00669933 0.011201 0.0166397 0.021998 0.0262591 0.0289362 0.0302755 0.0308951 0.0311819 0.0309851 0.0298183 0.0273186
 1.04556e-16 5.47446e-05 0.000532137 0.00353624 0.0160752 0.0500162 0.106566 0.155541 0.155568 0.106697 0.0504552 0.017343 0.00671799 0.00747609 0.0132376 0.0217859 0.0313543 0.0393885 0.0433355 0.042048 0.0364856 0.0290791 0.0222768 0.0173929 0.0144227 0.0126144
 1.05078e-16 3.88572e-05 0.000377705 0.00250999 0.0114101 0.0355012 0.0756405 0.110408 0.110449 0.0758404 0.0361725 0.0133495 0.00738022 0.0110157 0.0202604 0.03348 0.0483336 0.061004 0.0676093 0.0663369 0.0584887 0.0475318 0.0369653 0.028683 0.0227829 0.0184306
 1.02909e-16 6.76016e-05 0.000657112 0.00436674 0.0198506 0.0617625 0.131592 0.192065 0.192076 0.131647 0.0619467 0.0203832 0.0057065 0.00359084 0.00566574 0.00932877 0.0135935 0.0174322 0.0198367 0.0203302 0.0192156 0.0173006 0.0153383 0.0136416 0.0121066 0.0104986
 1.02975e-16 4.13173e-05 0.000401619 0.0026689 0.0121325 0.0377488 0.0804294 0.117398 0.117441 0.080641 0.0384592 0.0141837 0.00781548 0.0116286 0.02134 0.0351527 0.0504923 0.0631984 0.0690611 0.0661479 0.0559728 0.042506 0.0298454 0.0203463 0.0142773 0.01067
 1.08494e-16 2.74311e-05 0.00026664 0.00177192 0.00805491 0.025062 0.0533989 0.0779464 0.0779897 0.0536108 0.0257741 0.0101141 0.00695076 0.011605 0.021657 0.0360092 0.0524478 0.0671517 0.0761865 0.0776518 0.0726719 0.064363 0.055699 0.0480331 0.0411654 0.0343909
 1.12114e-16 4.57583e-05 0.000444787 0.00295577 0.0134365 0.041806 0.089073 0.130009 0.130031 0.0891793 0.0421637 0.0144722 0.00556563 0.00617547 0.011028 0.0184191 0.0271436 0.0354371 0.0415201 0.0445787 0.0451629 0.0445913 0.0438735 0.0430634 0.041467 0.0383571
 1.03083e-16 7.05955e-05 0.000686213 0.00456013 0.0207297 0.0644978 0.13742 0.20057 0.20058 0.137468 0.0646602 0.021199 0.00573895 0.00326211 0.00497033 0.00812604 0.01175 0.0148889 0.016628 0.0165629 0.0150389 0.012906 0.0109844 0.00965872 0.0088399 0.00820278
pSPR Fmed_Fpbrs
0.554516   0.226149 0.226149
Fs Fmed_Fpbrs
0.34   1.005 1.005
SSBpbr Bo_Bmed_Bpbrs
1.05149e+06  530494  185220 185220
Ro
127306
SPR SPRFo_SPRFmed_SPRFpbrs
908672 503872 205496
Fref
1.005
Nvult_r0
 394568 25797.3 5111.99 3390.55 1662.65
CTP_r0
 167156 12930.8 2562.37 1699.5 833.396
YTP_r0
1.72965e+06
Np
 166470 29364.4 20845.5 1236.83 278.092
Nvult_p0
 137106 25410.2 18038.5 1070.28 240.644
CTP_p0
 58083.8 67144.7 3983.89 789.445 684.921
 58083.8 12736.8 9041.73 536.472 120.622
YTP_p0
 1.75439e+06 898897
CBA_c0
1.73707e+06
log_Ro
11.5743
likeval ReclasPelacesDesembMPH_pf_preclas_ppelaces_ptallas_desvR_qrecl_qpela
 0.000325928 122.765 0.0334054 123.318 230.464 136.708 116.644 0 22.501 3.98652e-05 0 0.118929 0 0 0
q_reclas_q_pelaces
2.44225 1
M
1
N
 161666 33085.7 71773 5181.65 0.205829
 91291.7 49636.4 9505.6 20620.6 1488.76
 89605.1 24027.6 11552.3 2212.31 5145.68
 144761 23701.4 5630.32 2707.01 1724.18
 119946 33692.2 4662.56 1107.6 871.708
 240326 38227.5 10186.7 1409.71 598.437
 97104 70208.4 10261.1 2734.33 539.03
 43765.7 21823.1 13166.2 1924.27 613.855
 45271.2 14888.6 7213.61 4352.08 838.973
 53019.6 12456.4 3682.09 1784 1283.8
 82470.1 13303.4 2715.7 802.759 668.833
 116840 27329.9 4242.69 866.089 469.318
 73090.5 26482.9 5185.17 804.945 253.36
 33583.2 15137.5 4441.37 869.589 177.485
 87789.8 954.982 168.101 49.3211 11.6277
 310451 16980.8 145.87 25.6767 9.30968
 52125.7 67118.8 3020.09 25.9435 6.22246
 228916 12809 14221.5 639.913 6.81549
 538397 41523.7 1792.05 1989.66 90.4804
 280557 116915 7429.79 320.649 372.197
 347003 70396.8 25489.9 1619.85 151.055
 300579 95514.8 17419.1 6307.24 438.195
 65316.5 69089 18471.5 3368.65 1304.49
 156126 16698.6 15453.1 4131.51 1045.24
 164221 38918.7 3608.13 3339.01 1118.56
 81005.7 39995.3 8146.05 755.216 933.014
 290209 21885.9 9647.64 1964.99 407.234
 179137 85595.6 5951.94 2623.71 645.133
 74787.1 53528.1 23696.3 1647.73 904.945
 103238 22360.3 14830.6 6565.33 707.25
 479074 29811.8 5907.49 3918.17 1921.38
pred_Ctot
 17154.4 4673.95 10139.2 732.001 0.0290771
 16873.6 11960.5 2290.49 4968.79 358.736
 16347.5 5718.58 2749.44 526.531 1224.67
 34880.5 7329.6 1741.16 837.136 533.198
 10253.9 3855.07 533.492 126.732 99.741
 31869.9 6702.36 1786.02 247.162 104.923
 24851.9 22963 3356.08 894.315 176.3
 2095.86 1412.14 851.962 124.516 39.7215
 7385.62 3185.29 1543.3 931.094 179.492
 10991.4 3345.73 988.994 479.175 344.823
 5214.9 1132.31 231.147 68.3267 56.9276
 29481.9 8822.03 1369.53 279.572 151.495
 21146.3 9697.04 1898.62 294.741 92.771
 23463.2 11643.1 3416.11 668.852 136.514
 27708.1 378.499 66.6254 19.548 4.60854
 84453.6 5875.94 50.4761 8.88506 3.22148
 11303.5 18807.6 846.271 7.26972 1.74362
 77619.2 5415.48 6012.66 270.546 2.8815
 145490 14280.7 616.314 684.276 31.1177
 58159.9 31401.8 1995.55 86.1224 99.9675
 56544 15043.9 5447.23 346.165 32.2808
 74047.4 30153 5499.01 1991.13 138.333
 12972.3 17821 4764.58 868.916 336.483
 32836.5 4546.52 4207.41 1124.89 284.587
 36275.5 11096.3 1028.73 952.002 318.918
 13944.5 9006.84 1834.47 170.073 210.112
 37030.5 3697.08 1629.73 331.936 68.792
 21623 13703 952.847 420.029 103.279
 9003.98 8547.87 3784.04 263.126 144.51
 14313.4 4092.21 2714.18 1201.53 129.435
 37233.1 3107.24 615.729 408.385 200.262
F
 0.18081 0.247219 0.247219 0.247219 0.247219
 0.334856 0.457843 0.457843 0.457843 0.457843
 0.329878 0.451037 0.451037 0.451037 0.451037
 0.457819 0.625968 0.625968 0.625968 0.625968
 0.143483 0.196182 0.196182 0.196182 0.196182
 0.230528 0.315197 0.315197 0.315197 0.315197
 0.492811 0.673813 0.673813 0.673813 0.673813
 0.0782582 0.107001 0.107001 0.107001 0.107001
 0.290438 0.397111 0.397111 0.397111 0.397111
 0.382644 0.523183 0.523183 0.523183 0.523183
 0.104454 0.142818 0.142818 0.142818 0.142818
 0.484303 0.66218 0.66218 0.66218 0.66218
 0.574524 0.785537 0.785537 0.785537 0.785537
 2.56009 3.50037 3.50037 3.50037 3.50037
 0.642865 0.878979 0.878979 0.878979 0.878979
 0.531561 0.726795 0.726795 0.726795 0.726795
 0.403508 0.55171 0.55171 0.55171 0.55171
 0.70709 0.966792 0.966792 0.966792 0.966792
 0.527151 0.720766 0.720766 0.720766 0.720766
 0.38263 0.523163 0.523163 0.523163 0.523163
 0.290052 0.396583 0.396583 0.396583 0.396583
 0.470315 0.643054 0.643054 0.643054 0.643054
 0.363922 0.497585 0.497585 0.497585 0.497585
 0.389191 0.532134 0.532134 0.532134 0.532134
 0.412453 0.56394 0.56394 0.56394 0.56394
 0.308676 0.422048 0.422048 0.422048 0.422048
 0.220968 0.302126 0.302126 0.302126 0.302126
 0.207942 0.284316 0.284316 0.284316 0.284316
 0.207356 0.283515 0.283515 0.283515 0.283515
 0.242135 0.331068 0.331068 0.331068 0.331068
 0.129714 0.177356 0.177356 0.177356 0.177356
YTP_r0W_actual
 1.38739e+06 182325 70721.3 58122.9 31085.7
YTP_p0W_proyectada
 437952 1.17168e+06 95892.3 24725.4 24143.5
 437952 222257 217634 16802.3 4251.94
CTP_r0_actual
 167156 12930.8 2562.37 1699.5 833.396
CTP_p0_proyectada
 58083.8 67144.7 3983.89 789.445 684.921
 58083.8 12736.8 9041.73 536.472 120.622
Wmedp
 7.54 17.45 24.07 31.32 35.25
Frms_r0
 0.735034 1.005 1.005 1.005 1.005
Zrms_r0
 1.73503 2.005 2.005 2.005 2.005
nmprior
 7.29 8.9 8.7 0
nm_flota  nm_reclas  nm_pelaces    nm_pelaL
inf 9.47932 7.04116 12.6455
cv_recla  cv_pelaces  cv_mph
0.544333 1.25635 0.92398
 ------------------------------------------------
Talla a la edad & desviaci?n 
 8 13.2811 15.8009 17.003 17.5766
 0.8 1.32811 1.58009 1.7003 1.75766
