years
 1991 1992 1993 1994 1995 1996 1997 1998 1999 2000 2001 2002 2003 2004 2005 2006 2007 2008 2009 2010 2011 2012 2013 2014 2015 2016 2017 2018 2019 2020 2021 2022 2023
reclasobs
 0 0 0 0 0 0 0 0 0 252601 567819 844713 477998 351125 339783 2.1784e+06 2.13404e+06 4.81314e+06 1.55562e+06 2.62356e+06 3.21686e+06 3.843e+06 1.13348e+06 3.07943e+06 1.97215e+06 2.03268e+06 2.025e+06 2.42433e+06 2.27542e+06 1.05018e+06 2.36338e+06 3.18982e+06 1.53035e+06
reclaspred
 4.98312e+06 2.65026e+06 1.28429e+06 1.47207e+06 1.81373e+06 3.959e+06 2.83986e+06 2.49787e+06 1.86688e+06 1.31748e+06 1.35675e+06 1.88852e+06 1.54743e+06 275621 832045 1.35362e+06 1.00533e+06 2.15003e+06 2.51313e+06 2.19671e+06 3.8444e+06 2.61927e+06 1.53078e+06 1.94846e+06 1.61573e+06 1.38213e+06 1.94275e+06 2.08218e+06 1.698e+06 1.55903e+06 1.11742e+06 796206 209294
pelacesobs
 0 0 0 0 0 0 0 0 0 0 0 0 0 0 0 552880 188675 0 991730 2.46772e+06 1.41603e+06 1.21717e+06 2.29649e+06 1.80582e+06 0 1.4828e+06 1.56532e+06 1.57751e+06 1.42118e+06 867257 1.10002e+06 1.06204e+06 0
pelacespred
 5.50006e+06 2.83126e+06 1.26924e+06 958545 1.52754e+06 3.14328e+06 2.57111e+06 2.97021e+06 2.22476e+06 1.34851e+06 1.40191e+06 1.46638e+06 1.33601e+06 116648 469826 672475 572199 1.17785e+06 1.47445e+06 1.3267e+06 2.48232e+06 1.77816e+06 1.14796e+06 1.35767e+06 1.1016e+06 1.03849e+06 1.52159e+06 1.58399e+06 1.39141e+06 1.31136e+06 730059 557205 57814
mphobs
 0 0 0 0 0 0 0 0 0 0 0 0 498337 0 5186 125008 0 168611 109162 213762 579715 649985 157893 87575 83554 210694 70296 0 107559 103333 445601 22526 28222
mphpred
 807342 554487 244261 143809 214351 319573 605626 337375 318168 223653 143841 243862 262802 108583 9448.37 108635 167206 102039 231502 251985 318161 356961 225401 124418 209296 183249 133923 232500 300424 181731 147908 98693.9 30193.8
desembarqueobs
 494567 514787 250237 358949 120608 361735 552515 73892 212993 205616 52469 317467 293654 387597 252695 516296 358380 742168 942051 627588 828172 859565 418607 520667 417249 300574 415391 372974 316634 284311 391294 218835 356480
desembarquepred
 494554 514396 250406 358941 120608 361711 552447 73894.5 213022 205653 52471.7 317492 293767 387863 252629 516172 358312 741666 941184 627121 828330 859493 418527 520712 417061 300554 415325 372916 316479 284141 391261 218833 356570
Reclutas
 146653 91970.7 84686 130480 101226 232480 86696 36629.3 39835.8 50059.3 80194.4 123469 74390.6 32965.3 75196.1 193021 50618 266610 318852 223485 243733 290687 52878.2 120359 147500 45334.8 130159 115898 55973.2 85034.2 61655.4 29139.6 47929.4
log_desv_Rt
 0.442407 -0.024192 -0.106712 0.325554 0.0716916 0.903141 -0.0832543 -0.944815 -0.860897 -0.632455 -0.161209 0.270329 -0.236333 -1.05021 -0.225563 0.717134 -0.621355 1.04013 1.21907 0.863683 0.950409 1.12659 -0.577672 0.24482 0.448163 -0.731588 0.323091 0.207052 -0.52079 -0.102609 -0.424101 -1.17356 -0.675934
SSB
 807342 554487 244261 143809 214351 319573 605626 337375 318168 223653 143841 243862 249091 103791 9060.1 103621 167206 102039 242647 262694 342583 417448 283514 146238 222209 212948 141471 232500 316889 175520 177999 124095 36771.3
BT
 1.37059e+06 1.011e+06 463042 601150 516334 1.42133e+06 1.03545e+06 745257 691607 517277 453991 702270 621613 421376 516488 730283 450350 1.23942e+06 1.53321e+06 969894 1.6548e+06 1.32374e+06 665477 1.06862e+06 718794 559575 1.08762e+06 919680 589131 682496 553735 347990 322929
Ftot
 0.452883 0.839892 0.833656 0.956286 0.284755 0.378286 0.817609 0.135712 0.504906 0.666855 0.164868 0.688778 0.786133 3.51357 1.09813 1.3625 1.33175 1.25245 1.35102 1.08103 0.848908 1.23619 1.08527 1.01984 0.995607 0.877537 0.827627 0.704943 0.778633 0.738645 1.31478 1.08204 3.92698
BD_Bspro_t
 0.930102 0.587676 0.319136 0.236345 0.290164 0.428714 0.524599 0.346787 0.413512 0.380835 0.348325 0.565385 0.431597 0.196338 0.0245147 0.211813 0.212696 0.134684 0.220564 0.204443 0.207935 0.236998 0.19262 0.128263 0.206173 0.232241 0.200409 0.318548 0.370988 0.258225 0.274837 0.190067 0.0957382
BD_Bspro
 1.18934 0.816848 0.359835 0.211854 0.315773 0.470782 0.892183 0.497008 0.468713 0.329476 0.2119 0.359247 0.36695 0.152901 0.013347 0.152651 0.246321 0.15032 0.357458 0.38699 0.50468 0.614968 0.417662 0.215432 0.327349 0.313706 0.208409 0.34251 0.466828 0.258569 0.26222 0.182812 0.05417
BD_Bo
 1.64718 1.13129 0.498353 0.293407 0.437329 0.652008 1.23563 0.688329 0.649142 0.456307 0.293471 0.497539 0.508207 0.211759 0.0184848 0.211413 0.341141 0.208185 0.495061 0.535961 0.698955 0.851698 0.578439 0.298362 0.453361 0.434467 0.288635 0.474358 0.646533 0.358104 0.363161 0.253184 0.0750225
BD_Brms
 9.11196 6.25815 2.75682 1.62308 2.41925 3.60682 6.83532 3.80774 3.59097 2.52422 1.62344 2.75231 2.81133 1.17142 0.102256 1.16951 1.88715 1.15165 2.73861 2.96486 3.86652 4.71148 3.19985 1.6505 2.50793 2.40341 1.59669 2.62409 3.57653 1.98098 2.00896 1.40058 0.415014
Sel_flota
 0.717157 1 1 1 1
 0.717157 1 1 1 1
 0.717157 1 1 1 1
 0.717157 1 1 1 1
 0.717157 1 1 1 1
 0.717157 1 1 1 1
 0.717157 1 1 1 1
 0.717157 1 1 1 1
 0.717157 1 1 1 1
 0.717157 1 1 1 1
 0.717157 1 1 1 1
 0.717157 1 1 1 1
 0.717157 1 1 1 1
 0.717157 1 1 1 1
 0.717157 1 1 1 1
 0.717157 1 1 1 1
 0.717157 1 1 1 1
 0.717157 1 1 1 1
 0.717157 1 1 1 1
 0.717157 1 1 1 1
 0.717157 1 1 1 1
 0.717157 1 1 1 1
 0.717157 1 1 1 1
 0.717157 1 1 1 1
 0.717157 1 1 1 1
 0.717157 1 1 1 1
 0.717157 1 1 1 1
 0.717157 1 1 1 1
 0.717157 1 1 1 1
 0.717157 1 1 1 1
 0.717157 1 1 1 1
 0.717157 1 1 1 1
 0.717157 1 1 1 1
Sel_reclas
 0.514872 0.842301 0.964132 0.992662 0.998533
 0.514872 0.842301 0.964132 0.992662 0.998533
 0.514872 0.842301 0.964132 0.992662 0.998533
 0.514872 0.842301 0.964132 0.992662 0.998533
 0.514872 0.842301 0.964132 0.992662 0.998533
 0.514872 0.842301 0.964132 0.992662 0.998533
 0.514872 0.842301 0.964132 0.992662 0.998533
 0.514872 0.842301 0.964132 0.992662 0.998533
 0.514872 0.842301 0.964132 0.992662 0.998533
 0.514872 0.842301 0.964132 0.992662 0.998533
 0.514872 0.842301 0.964132 0.992662 0.998533
 0.514872 0.842301 0.964132 0.992662 0.998533
 0.514872 0.842301 0.964132 0.992662 0.998533
 0.514872 0.842301 0.964132 0.992662 0.998533
 0.514872 0.842301 0.964132 0.992662 0.998533
 0.514872 0.842301 0.964132 0.992662 0.998533
 0.514872 0.842301 0.964132 0.992662 0.998533
 0.514872 0.842301 0.964132 0.992662 0.998533
 0.514872 0.842301 0.964132 0.992662 0.998533
 0.514872 0.842301 0.964132 0.992662 0.998533
 0.514872 0.842301 0.964132 0.992662 0.998533
 0.514872 0.842301 0.964132 0.992662 0.998533
 0.514872 0.842301 0.964132 0.992662 0.998533
 0.514872 0.842301 0.964132 0.992662 0.998533
 0.514872 0.842301 0.964132 0.992662 0.998533
 0.514872 0.842301 0.964132 0.992662 0.998533
 0.514872 0.842301 0.964132 0.992662 0.998533
 0.514872 0.842301 0.964132 0.992662 0.998533
 0.514872 0.842301 0.964132 0.992662 0.998533
 0.514872 0.842301 0.964132 0.992662 0.998533
 0.514872 0.842301 0.964132 0.992662 0.998533
 0.514872 0.842301 0.964132 0.992662 0.998533
 0.514872 0.842301 0.964132 0.992662 0.998533
Sel_pelaces
 0.182658 0.529341 0.849852 0.966085 0.993073
 0.182658 0.529341 0.849852 0.966085 0.993073
 0.182658 0.529341 0.849852 0.966085 0.993073
 0.182658 0.529341 0.849852 0.966085 0.993073
 0.182658 0.529341 0.849852 0.966085 0.993073
 0.182658 0.529341 0.849852 0.966085 0.993073
 0.182658 0.529341 0.849852 0.966085 0.993073
 0.182658 0.529341 0.849852 0.966085 0.993073
 0.182658 0.529341 0.849852 0.966085 0.993073
 0.182658 0.529341 0.849852 0.966085 0.993073
 0.182658 0.529341 0.849852 0.966085 0.993073
 0.182658 0.529341 0.849852 0.966085 0.993073
 0.182658 0.529341 0.849852 0.966085 0.993073
 0.182658 0.529341 0.849852 0.966085 0.993073
 0.182658 0.529341 0.849852 0.966085 0.993073
 0.182658 0.529341 0.849852 0.966085 0.993073
 0.182658 0.529341 0.849852 0.966085 0.993073
 0.182658 0.529341 0.849852 0.966085 0.993073
 0.182658 0.529341 0.849852 0.966085 0.993073
 0.182658 0.529341 0.849852 0.966085 0.993073
 0.182658 0.529341 0.849852 0.966085 0.993073
 0.182658 0.529341 0.849852 0.966085 0.993073
 0.182658 0.529341 0.849852 0.966085 0.993073
 0.182658 0.529341 0.849852 0.966085 0.993073
 0.182658 0.529341 0.849852 0.966085 0.993073
 0.182658 0.529341 0.849852 0.966085 0.993073
 0.182658 0.529341 0.849852 0.966085 0.993073
 0.182658 0.529341 0.849852 0.966085 0.993073
 0.182658 0.529341 0.849852 0.966085 0.993073
 0.182658 0.529341 0.849852 0.966085 0.993073
 0.182658 0.529341 0.849852 0.966085 0.993073
 0.182658 0.529341 0.849852 0.966085 0.993073
 0.182658 0.529341 0.849852 0.966085 0.993073
pf_obs 
 0.8446 0.082 0.0669 0.0065 0
 0.8095 0.147 0.0364 0.0071 0
 0.9664 0.0169 0.016 0.0007 0
 0.9276 0.0648 0.0075 0.0001 0
 0.7033 0.2144 0.0806 0.0017 0
 0.9318 0.0425 0.0243 0.0014 0
 0.5671 0.3108 0.0964 0.0239 0.0018
 0.0768 0.2599 0.5324 0.112 0.0189
 0.490249 0.384438 0.106611 0.0170017 0.00170017
 0.7925 0.1577 0.0466 0.003 0.0002
 0.840416 0.127587 0.0312969 0.00059994 9.999e-05
 0.8084 0.0986 0.0794 0.0134 0.0002
 0.7335 0.1905 0.0724 0.0035 0.0001
 0.4001 0.4547 0.1325 0.0127 0
 0.49795 0.308269 0.164784 0.0264974 0.00249975
 0.9179 0.0499 0.0305 0.0017 0
 0.2467 0.6533 0.0926 0.0074 0
 0.9418 0.0223 0.034 0.0019 0
 0.707729 0.231977 0.0356964 0.0245975 0
 0.517169 0.277429 0.184464 0.0207286 0.00020938
 0.811772 0.124168 0.05621 0.00726502 0.000585176
 0.764997 0.148141 0.077277 0.00933861 0.000247198
 0.163321 0.427699 0.378323 0.0303852 0.000271297
 0.753843 0.0900009 0.118128 0.0371064 0.000921714
 0.721811 0.176058 0.0630433 0.0369309 0.00215725
 0.143369 0.312575 0.442814 0.0836902 0.0175525
 0.692698 0.0596174 0.167031 0.0765114 0.00414204
 0.394062 0.376323 0.152708 0.0712218 0.00568511
 0.125707 0.32114 0.495352 0.0537591 0.00404204
 0.23352 0.215282 0.420074 0.123614 0.00750983
 0.796117 0.104755 0.0508955 0.0450114 0.00322123
 0.162477 0.292055 0.404252 0.121198 0.0200186
 0 0 0 0 0
pf_pred 
 0.645339 0.150713 0.187421 0.0165254 8.83094e-07
 0.574759 0.311668 0.048263 0.0600178 0.0052922
 0.710399 0.198887 0.066486 0.0102956 0.0139321
 0.827717 0.137648 0.0237858 0.00795136 0.00289751
 0.733697 0.236627 0.0237096 0.00409707 0.0018687
 0.82108 0.143366 0.0315923 0.00316549 0.000796495
 0.475042 0.457901 0.0537313 0.0118403 0.00148489
 0.471712 0.313671 0.187203 0.0219668 0.00544771
 0.580344 0.235082 0.109591 0.0654054 0.00957817
 0.719102 0.190446 0.0506691 0.023621 0.0161618
 0.804349 0.156653 0.0264401 0.0070345 0.00552315
 0.756426 0.208239 0.0282917 0.0047751 0.00226792
 0.634227 0.303707 0.0530626 0.00720917 0.00179467
 0.584229 0.305879 0.0912442 0.0159419 0.00270507
 0.980288 0.015926 0.00278503 0.000830778 0.00016978
 0.925119 0.07401 0.000704111 0.00012313 4.4236e-05
 0.595804 0.386837 0.0171569 0.000163226 3.87986e-05
 0.956184 0.0317846 0.0115152 0.000510718 6.01377e-06
 0.863673 0.132872 0.00250574 0.0009078 4.07366e-05
 0.786428 0.196348 0.0167873 0.00031658 0.00011984
 0.812837 0.161405 0.0236804 0.00202462 5.2634e-05
 0.808245 0.167956 0.020524 0.00301116 0.00026414
 0.457615 0.477851 0.0565245 0.00690724 0.00110228
 0.863153 0.0806936 0.0494724 0.00585203 0.000829232
 0.833651 0.152011 0.00845449 0.00518335 0.000700013
 0.54455 0.40691 0.0443565 0.002467 0.00171676
 0.883236 0.0772339 0.0353175 0.0038499 0.000363127
 0.757793 0.223915 0.0120995 0.00553287 0.000660016
 0.584654 0.34548 0.0645893 0.00349016 0.00178637
 0.79486 0.142144 0.0523994 0.00979633 0.000800297
 0.700549 0.257649 0.0289652 0.0106776 0.00215932
 0.679837 0.258328 0.0532033 0.00598117 0.00265076
 0.874063 0.098644 0.0220217 0.00453543 0.000735848
pobs_RECLAS
 0 0 0 0 0
 0 0 0 0 0
 0 0 0 0 0
 0 0 0 0 0
 0 0 0 0 0
 0 0 0 0 0
 0 0 0 0 0
 0 0 0 0 0
 0 0 0 0 0
 0 0 0 0 0
 0.991045 0.00858322 0.000360255 1.14367e-05 0
 0.934742 0.0480273 0.0164251 0.00080598 0
 0.827803 0.169806 0.00239088 0 0
 0.941827 0.0461693 0.0120037 0 0
 0.791401 0.0380133 0.147996 0.0225897 0
 0.846168 0.0940531 0.0597789 0 0
 0.134021 0.677848 0.182769 0.00536245 0
 0.80878 0.0450904 0.141981 0.00414843 0
 0.846168 0.0940531 0.0597789 0 0
 0.905697 0.0802665 0.012482 0.00150086 5.37128e-05
 0.989698 0.0102097 9.19794e-05 0 0
 0.975433 0.0193895 0.00387452 0.00125025 5.28907e-05
 0.303575 0.632131 0.0575291 0.00676475 0
 0.966965 0.00978017 0.0227588 0.000495775 0
 0.843318 0.132988 0.00938335 0.0141283 0.000182051
 0.564624 0.303363 0.111486 0.0197234 0.00080311
 0.826376 0.0876187 0.0782897 0.00655872 0.00115652
 0.89761 0.0855135 0.0140674 0.00269457 0.000114338
 0.34875 0.467042 0.161289 0.0227151 0.000203297
 0.318654 0.224769 0.449479 0.00709798 0
 0.937255 0.0296025 0.0250945 0.00804832 0
 0.456809 0.399803 0.12412 0.0192676 0
 0.883104 0.0372192 0.0704036 0.00927362 0
ppred_RECLAS
 0.591911 0.159868 0.227561 0.0206583 1.11048e-06
 0.532715 0.328074 0.0581518 0.074455 0.00660406
 0.673133 0.214102 0.0819242 0.0130617 0.0177798
 0.805003 0.151063 0.0298798 0.0102841 0.00376972
 0.699531 0.262543 0.0301112 0.00535726 0.00245793
 0.793525 0.160701 0.0405343 0.00418164 0.0010584
 0.438431 0.480535 0.064543 0.0146437 0.00184732
 0.41864 0.325462 0.222335 0.0268614 0.00670095
 0.528327 0.246975 0.131789 0.0809807 0.0119292
 0.679947 0.206311 0.0628295 0.0301567 0.0207557
 0.773391 0.175951 0.0339925 0.00931148 0.00735416
 0.726402 0.228867 0.0355918 0.00618497 0.00295491
 0.597537 0.32589 0.065174 0.00911667 0.00228295
 0.600756 0.28248 0.0964521 0.0173504 0.0029615
 0.97736 0.0177672 0.0035564 0.00109227 0.00022454
 0.918132 0.0807731 0.000879603 0.000158371 5.72332e-05
 0.570686 0.408333 0.0207298 0.000203053 4.85509e-05
 0.949841 0.034982 0.0145067 0.000662435 7.84639e-06
 0.851501 0.144173 0.00311212 0.00116085 5.24e-05
 0.764663 0.213848 0.0209281 0.000406345 0.00015473
 0.789463 0.177953 0.0298846 0.00263067 6.87939e-05
 0.788631 0.181765 0.0254242 0.00384047 0.00033888
 0.425387 0.497428 0.067351 0.00847376 0.00136027
 0.840954 0.0883874 0.0620273 0.00755426 0.00107677
 0.814509 0.167214 0.0106452 0.00671958 0.000912849
 0.509452 0.43147 0.0538368 0.00308288 0.00215802
 0.863719 0.0858336 0.0449271 0.00504235 0.000478413
 0.730016 0.24668 0.0152577 0.0071835 0.000861988
 0.546601 0.368009 0.0787527 0.00438143 0.0022558
 0.764374 0.156059 0.06585 0.0126753 0.00104161
 0.674835 0.273833 0.0352373 0.0133741 0.00272062
 0.648203 0.275878 0.0650359 0.00752777 0.00335593
 0.886976 0.0857173 0.0219037 0.00464463 0.000758022
pobs_PELACES
 0 0 0 0 0
 0 0 0 0 0
 0 0 0 0 0
 0 0 0 0 0
 0 0 0 0 0
 0 0 0 0 0
 0 0 0 0 0
 0 0 0 0 0
 0 0 0 0 0
 0 0 0 0 0
 0 0 0 0 0
 0 0 0 0 0
 0 0 0 0 0
 0 0 0 0 0
 0 0 0 0 0
 0 0 0 0 0
 0.505614 0.472636 0.0217494 0 0
 0 0 0 0 0
 0.443492 0.261883 0.143347 0.151278 0
 0.227955 0.32914 0.350689 0.0885471 0.00366901
 0.970185 0.0296113 0.000203453 0 0
 0.997202 0.00247181 0.000326279 0 0
 0.445219 0.490057 0.0546422 0.010081 0
 0.90214 0.0892962 0.00764917 0.000914606 0
 0 0 0 0 0
 0.581667 0.319106 0.0959925 0.00289975 0.000334073
 0.762889 0.0836404 0.116647 0.0363945 0.000428098
 0.88444 0.0763242 0.0277011 0.0115352 0
 0.521256 0.241999 0.230069 0.00667565 0
 0.616807 0.101726 0.260614 0.0208532 0
 0.833518 0.0704572 0.0857862 0.0102388 0
 0.697417 0.212968 0.0787535 0.0105354 0.000325836
 0 0 0 0 0
ppred_PELACES
 0.405494 0.185978 0.371309 0.0372169 2.04438e-06
 0.377913 0.381198 0.0947722 0.133973 0.0121434
 0.521167 0.271664 0.145802 0.0256659 0.0357017
 0.698106 0.21225 0.058885 0.0223769 0.00838201
 0.561291 0.363386 0.0584567 0.011483 0.00538378
 0.672775 0.232982 0.0824263 0.00938851 0.00242831
 0.309248 0.55631 0.104804 0.0262535 0.00338442
 0.257671 0.350391 0.335737 0.0447844 0.0114167
 0.351773 0.277891 0.207988 0.141107 0.0212414
 0.522046 0.263667 0.112625 0.0596845 0.0419777
 0.639724 0.253881 0.0687957 0.0208067 0.0167928
 0.598754 0.313374 0.0683546 0.0131148 0.00640287
 0.454865 0.408367 0.114549 0.0176914 0.00452718
 0.511649 0.307018 0.147037 0.0292033 0.00509375
 0.961008 0.0279323 0.00784218 0.00265928 0.00055864
 0.87727 0.120391 0.00183887 0.00036555 0.000134997
 0.454522 0.508764 0.0362272 0.000391794 9.57303e-05
 0.914472 0.0530791 0.0308735 0.00155657 1.88408e-05
 0.783788 0.207235 0.0062744 0.00258403 0.000119195
 0.66174 0.296368 0.0406811 0.0008721 0.000339352
 0.682852 0.251894 0.0593332 0.00576666 0.000154104
 0.690539 0.251214 0.0492856 0.00821984 0.00074119
 0.304425 0.569854 0.108222 0.0150333 0.00246609
 0.734444 0.124327 0.122376 0.0164556 0.00239689
 0.722296 0.239366 0.0213739 0.0148963 0.00206795
 0.377293 0.521534 0.0912746 0.00577078 0.00412799
 0.769912 0.12546 0.0921077 0.0114137 0.00110663
 0.610697 0.34228 0.0296944 0.0154358 0.00189277
 0.404342 0.448439 0.134601 0.0082681 0.00435007
 0.631556 0.213197 0.126179 0.0268162 0.00225191
 0.552901 0.351534 0.0634488 0.0265885 0.00552715
 0.513143 0.349713 0.115634 0.0147777 0.00673221
 0.852656 0.101175 0.0362629 0.00848989 0.00141592
pobs_pel_tallas
 0 0 0 0 0 0 0 0 0 0 0 0 0 0 0 0 0 0 0 0 0 0 0 0 0 0
 0 0 0 0 0 0 0 0 0 0 0 0 0 0 0 0 0 0 0 0 0 0 0 0 0 0
 0 0 0 0 0 0 0 0 0 0 0 0 0 0 0 0 0 0 0 0 0 0 0 0 0 0
 0 0 0 0 0 0 0 0 0 0 0 0 0 0 0 0 0 0 0 0 0 0 0 0 0 0
 0 0 0 0 0 0 0 0 0 0 0 0 0 0 0 0 0 0 0 0 0 0 0 0 0 0
 0 0 0 0 0 0 0 0 0 0 0 0 0 0 0 0 0 0 0 0 0 0 0 0 0 0
 0 0 0 0 0 0 0 0 0 0 0 0 0 0 0 0 0 0 0 0 0 0 0 0 0 0
 0 0 0 0 0 0 0 0 0 0 0 0 0 0 0 0 0 0 0 0 0 0 0 0 0 0
 0 0 0 0 0 0 0 0 0 0 0 0 0 0 0 0 0 0 0 0 0 0 0 0 0 0
 0 0 0 0 0 0 0 0 0 0 0 0 0 0 0 0 0 0 0 0 0 0 0 0 0 0
 0 0 0 0 0 0 0 0 0 0 0 0 0 0 0 0 0 0 0 0 0 0 0 0 0 0
 0 0 0 0 0 0 0 0 0 0 0 0 0 0 0 0 0 0 0 0 0 0 0 0 0 0
 0.00862536 0 0 0.000197151 0.00414017 0.0128641 0.00837892 0.0270097 0.101434 0.158115 0.152841 0.127902 0.109271 0.109419 0.0830992 0.0579132 0.0238553 0.00714673 0.00463305 0.00128148 0.00103504 0.000492878 0.000147863 0.000147863 4.92878e-05 0
 0 0 0 0 0 0 0 0 0 0 0 0 0 0 0 0 0 0 0 0 0 0 0 0 0 0
 0 0 0 0 0 0 0 0.0054083 0.00873648 0.0413646 0.0450493 0.0745869 0.0622846 0.0627006 0.0613931 0.0827291 0.12552 0.122667 0.0946155 0.0697135 0.0546179 0.0294188 0.0215738 0.0213955 0.0102223 0.00600262
 0 0 0 0 0.00359764 0.0251062 0.0480494 0.140153 0.205849 0.193036 0.1447 0.116669 0.0760912 0.0342217 0.00950174 0.001854 0.000860785 0 0 0 0.000165536 0 0.000143464 0 0 0
 0 0 0 0 0 0 0 0.000145254 0.000435761 0.0275982 0.070085 0.0708112 0.156366 0.174668 0.174014 0.160142 0.0824315 0.0480064 0.0283245 0.00493863 0.00203355 0 0 0 0 0
 0 0 0 0 0 0 0 0 0 0 0 0 0 0 0 0 0 0 0 0 0 0 0 0 0 0
 0 0 1.00437e-05 0.000401748 0.00122533 0.00171747 0.00176769 0.0269171 0.070346 0.194647 0.189555 0.159765 0.064822 0.0314167 0.0384472 0.0292271 0.0345202 0.0313363 0.0194345 0.0106764 0.0143323 0.0359363 0.0279516 0.0138201 0.00172751 0
 0 0.0021121 0.0136068 0.0755702 0.200478 0.177729 0.0527432 0.0373336 0.0318909 0.0142505 0.0149659 0.0166563 0.0217959 0.0798694 0.0677717 0.0528807 0.04013 0.0224614 0.0357745 0.0225083 0.00881397 0.00855152 0.00135912 0.000746735 0 0
 0 0 0 0 5.4009e-05 0.00500934 0.000945158 0.0243581 0.138947 0.33067 0.221406 0.137944 0.0707744 0.0437923 0.0131692 0.00525238 0.0047753 0.00276346 9.45158e-05 9.00151e-06 2.25038e-05 9.00151e-06 4.50075e-06 0 0 0
 0.000866109 0.00284123 0.00948549 0.0512746 0.133035 0.25785 0.225252 0.132002 0.0553304 0.0519788 0.0540692 0.017754 0.00435017 0.00159236 0.00146478 0.000404838 0.000125132 0.000115318 0.000107957 0.000100596 0 0 0 0 0 0
 0 0 0 0 0.00144013 0.00171154 0.00461396 0.0210425 0.0478622 0.0707936 0.0888783 0.103762 0.0637923 0.0337046 0.0602308 0.124433 0.169614 0.0934646 0.0462172 0.0250306 0.0313229 0.00938855 0.002487 0.000210481 0 0
 0 0.00764035 0.051015 0.0998891 0.058973 0.0496711 0.0374665 0.0718981 0.12319 0.153886 0.159021 0.0857701 0.0377988 0.023471 0.0147837 0.00900784 0.00315554 0.000888139 0.00291439 0.00214683 0.00393193 0.00274676 0.000635225 9.99891e-05 0 0
 0 0 0 0 0 0 0 0 0 0 0 0 0 0 0 0 0 0 0 0 0 0 0 0 0 0
 0 0 0 0 0 0 0 0 0 0 0 0 0 0 0 0 0 0 0 0 0 0 0 0 0 0
 0 0 0 0 0 0 0 0 0 0 0 0 0 0 0 0 0 0 0 0 0 0 0 0 0 0
 0 0 0 0 0 0 0 0 0 0 0 0 0 0 0 0 0 0 0 0 0 0 0 0 0 0
 0 0 0 0 0 0 0 0 0 0 0 0 0 0 0 0 0 0 0 0 0 0 0 0 0 0
 0 0 0 0 0 0 0 0 0 0 0 0 0 0 0 0 0 0 0 0 0 0 0 0 0 0
 0 0 0 0 0 0 0 0 0 0 0 0 0 0 0 0 0 0 0 0 0 0 0 0 0 0
 0 0 0 0 0 0 0 0 0 0 0 0 0 0 0 0 0 0 0 0 0 0 0 0 0 0
 0 0 0 0 0 0 0 0 0 0 0 0 0 0 0 0 0 0 0 0 0 0 0 0 0 0
ppred_pel_tallas
 1.14496e-16 3.34001e-05 0.000324661 0.00215748 0.00980762 0.0305152 0.0650166 0.0948976 0.094916 0.0651071 0.0308207 0.0106967 0.00441538 0.00534002 0.00981118 0.0168252 0.0257651 0.0355854 0.0451273 0.0536817 0.0610803 0.0671609 0.0711715 0.0718215 0.0680499 0.0598713
 1.18324e-16 3.11282e-05 0.000302578 0.00201074 0.00914054 0.0284398 0.0605954 0.0884485 0.0884853 0.0607755 0.0290449 0.0108898 0.00640742 0.00992076 0.0183594 0.0304707 0.0443052 0.0566354 0.0642384 0.0657614 0.0625505 0.0576511 0.0537722 0.0518072 0.0508224 0.049134
 1.12893e-16 4.29279e-05 0.000417274 0.00277294 0.0126054 0.0392201 0.0835636 0.121969 0.121995 0.0836925 0.0396535 0.0138593 0.00592912 0.0073364 0.0132696 0.0220958 0.0323591 0.0418207 0.0482127 0.0504906 0.0493826 0.0467103 0.0440649 0.0419275 0.0397779 0.0368307
 1.05417e-16 5.75021e-05 0.000558941 0.00371436 0.016885 0.0525355 0.111933 0.163374 0.163395 0.112033 0.0528722 0.0178582 0.00615983 0.005906 0.010238 0.016902 0.0245026 0.0311546 0.0349755 0.0351057 0.0321985 0.0279186 0.023867 0.0207885 0.0185301 0.0165363
 1.03843e-16 4.62329e-05 0.0004494 0.00298642 0.0135759 0.0422397 0.0899975 0.131361 0.131396 0.0901687 0.0428146 0.0152364 0.00715514 0.00955152 0.017338 0.0286033 0.0412306 0.0519125 0.0573019 0.055847 0.0486999 0.0389049 0.029552 0.0223393 0.0173766 0.0139148
 1.03791e-16 5.54156e-05 0.00053866 0.00357959 0.0162723 0.0506292 0.107872 0.157447 0.157469 0.107982 0.0509993 0.017342 0.00626847 0.0064207 0.011262 0.0186232 0.0270365 0.0344437 0.0387652 0.0390114 0.035816 0.0309031 0.0259518 0.0217802 0.0183317 0.0151998
 1.06373e-16 2.54725e-05 0.000247601 0.0016454 0.00747979 0.0232727 0.0495869 0.0723848 0.0724384 0.0498491 0.0241533 0.0100238 0.00803333 0.0141994 0.0265426 0.0438926 0.0633494 0.0799198 0.088513 0.086762 0.0763965 0.0619919 0.0481554 0.0373644 0.0297128 0.0240597
 1.16202e-16 2.12241e-05 0.000206306 0.00137098 0.00623228 0.0193911 0.0413161 0.0603092 0.0603434 0.0414835 0.0199547 0.00786592 0.00549362 0.00927877 0.0174646 0.0293949 0.0436384 0.0575805 0.0684784 0.0749418 0.0774957 0.077684 0.0765557 0.0739103 0.0688237 0.0607649
 1.23819e-16 2.89751e-05 0.000281649 0.00187166 0.00850829 0.0264726 0.0564036 0.0823284 0.0823555 0.0565362 0.0269186 0.0098005 0.005131 0.00744949 0.0137988 0.023183 0.0343871 0.0453745 0.0541007 0.0597101 0.0629593 0.0653955 0.0679652 0.0702302 0.0707365 0.0680727
 1.16407e-16 4.30003e-05 0.000417979 0.00277762 0.0126267 0.0392863 0.0837046 0.122175 0.1222 0.0838296 0.0397063 0.0138415 0.00583423 0.00711506 0.0128351 0.0213464 0.0312156 0.0402701 0.0463433 0.0485096 0.0476189 0.0456005 0.0440999 0.0435388 0.0431788 0.0418852
 1.06979e-16 5.26933e-05 0.000512197 0.00340373 0.0154729 0.048142 0.102573 0.149713 0.149737 0.102692 0.0485447 0.0166367 0.00632809 0.00690581 0.0122242 0.0202024 0.0292795 0.0372097 0.0417401 0.0418452 0.0383175 0.0331681 0.0283382 0.0247402 0.0221966 0.020024
 1.04452e-16 4.93186e-05 0.000479394 0.00318575 0.014482 0.0450589 0.0960039 0.140127 0.140157 0.0961517 0.0455553 0.0159161 0.00678753 0.00834835 0.0150122 0.024788 0.0358149 0.045272 0.0503073 0.0495948 0.0440954 0.0363478 0.0288897 0.0230578 0.0188638 0.0156543
 1.05951e-16 3.74667e-05 0.00036419 0.00242017 0.0110018 0.0342308 0.0729338 0.106457 0.106497 0.0731266 0.0348784 0.0128735 0.00712268 0.010644 0.0196021 0.0324549 0.0469995 0.0596239 0.0666456 0.0663308 0.0598637 0.0504171 0.0411287 0.0335997 0.0277986 0.0229482
 1.08113e-16 4.21439e-05 0.000409653 0.00272229 0.0123752 0.0385039 0.0820377 0.119743 0.119772 0.0821832 0.0389929 0.0137897 0.006281 0.00820518 0.0149261 0.0248151 0.0362241 0.0465591 0.0531724 0.0548027 0.0522272 0.047529 0.0426245 0.0382683 0.0341457 0.029648
 1.00595e-16 7.91569e-05 0.000769434 0.00511316 0.0232437 0.0723197 0.154085 0.224892 0.224895 0.154098 0.072364 0.0233717 0.00543496 0.00147303 0.00141867 0.00222863 0.00322292 0.00409544 0.00459281 0.00459985 0.00420051 0.00361234 0.00304619 0.0026028 0.00226745 0.00197411
 1.00144e-16 7.22596e-05 0.000702389 0.00466762 0.0212183 0.0660182 0.140659 0.205299 0.20531 0.140716 0.066208 0.0217664 0.00604208 0.0036988 0.00575109 0.0093621 0.013406 0.0167038 0.018108 0.0170922 0.0140695 0.0101333 0.00643201 0.00365461 0.00192025 0.000989615
 1.01232e-16 3.74384e-05 0.000363915 0.00241835 0.0109935 0.0342051 0.0728793 0.10638 0.106429 0.0731186 0.0350083 0.0133127 0.00823672 0.0130552 0.02411 0.0397189 0.0570218 0.0712993 0.0777581 0.0741724 0.0622179 0.0463718 0.0313016 0.0197608 0.0121898 0.00764013
 1.01064e-16 7.53239e-05 0.000732175 0.00486556 0.0221181 0.0688177 0.146624 0.214003 0.214008 0.146649 0.0689024 0.0223632 0.00548238 0.00208434 0.00265979 0.00432063 0.00631544 0.0081457 0.00934962 0.00969997 0.00931042 0.00851186 0.00760856 0.00672105 0.00581244 0.00482055
 1.00514e-16 6.45596e-05 0.000627542 0.00417024 0.0189573 0.0589834 0.125671 0.183425 0.183445 0.125768 0.0593103 0.0199011 0.00653745 0.00578912 0.00984954 0.0161344 0.0231265 0.028852 0.0313476 0.0297112 0.0246496 0.0180294 0.0118015 0.00712359 0.00417852 0.00254639
 1.01395e-16 5.45067e-05 0.000529825 0.00352087 0.0160054 0.0497989 0.106103 0.154866 0.154895 0.106242 0.0502674 0.0173586 0.00691727 0.00794303 0.0141299 0.0232631 0.03348 0.0420418 0.0461848 0.0446155 0.0382661 0.0296467 0.0213451 0.0148467 0.0103496 0.00732899
 1.02382e-16 5.62456e-05 0.000546728 0.0036332 0.016516 0.0513876 0.109488 0.159805 0.15983 0.109606 0.0517866 0.0176691 0.00652921 0.00687418 0.012089 0.0199371 0.0288077 0.0364162 0.0404584 0.0398473 0.0353246 0.0288994 0.022595 0.0175018 0.0136861 0.0107097
 1.02437e-16 5.68789e-05 0.000552883 0.0036741 0.0167019 0.0519661 0.11072 0.161604 0.161629 0.110839 0.0523638 0.0178509 0.00655903 0.00685395 0.0120332 0.0198276 0.0286128 0.0360958 0.0399696 0.0391559 0.0344233 0.0278263 0.0214419 0.0163997 0.0127695 0.0100734
 1.05194e-16 2.50752e-05 0.00024374 0.00161974 0.00736313 0.0229097 0.0488136 0.0712565 0.0713114 0.0490822 0.0238117 0.00996885 0.00816234 0.0145325 0.0271802 0.044941 0.0648426 0.0817561 0.0904442 0.088455 0.0775364 0.0623681 0.0476942 0.0361157 0.0278224 0.0217436
 1.0562e-16 6.04952e-05 0.000588035 0.0039077 0.0177639 0.05527 0.117759 0.171875 0.171887 0.117818 0.0554701 0.0183439 0.00537163 0.00381036 0.00625806 0.010453 0.0155246 0.0205078 0.0244292 0.026793 0.0277747 0.0279027 0.0275263 0.0265575 0.0246663 0.0216804
 1.02522e-16 5.94946e-05 0.000578309 0.00384307 0.01747 0.0543559 0.115812 0.169036 0.169059 0.115924 0.0547341 0.0185621 0.00658355 0.00655831 0.0114095 0.0187498 0.026963 0.0338245 0.0371138 0.0358195 0.030749 0.0239917 0.0176774 0.0129889 0.00999794 0.00813967
 1.04045e-16 3.10772e-05 0.000302082 0.00200744 0.00912556 0.0283933 0.0604968 0.0883073 0.0883576 0.0607425 0.0292185 0.0115093 0.00799186 0.0133694 0.0248575 0.0410685 0.0592088 0.0745552 0.082291 0.0801588 0.0697683 0.0554443 0.0416001 0.0307001 0.0229866 0.0175081
 1.04023e-16 6.34166e-05 0.000616432 0.00409641 0.0186217 0.057939 0.123446 0.180175 0.180187 0.123505 0.0581399 0.0192033 0.00556195 0.00383439 0.00622956 0.0103407 0.0152213 0.0198304 0.0231277 0.0245967 0.0244764 0.0234552 0.0221061 0.0205562 0.0186029 0.0160667
 1.02813e-16 5.03024e-05 0.000488957 0.00324929 0.0147708 0.0459577 0.097919 0.142923 0.142956 0.0980801 0.0464984 0.0163322 0.00716711 0.00903729 0.0162726 0.0267899 0.0385122 0.0482759 0.0528937 0.0509048 0.0434536 0.0335297 0.0241993 0.0171945 0.0126713 0.00987306
 1.05565e-16 3.33052e-05 0.000323738 0.00215136 0.00977978 0.0304288 0.0648333 0.0946351 0.0946785 0.065045 0.0311401 0.0118358 0.00731738 0.011618 0.0215319 0.0356702 0.0516722 0.0655779 0.0733353 0.0730163 0.0658803 0.0553655 0.0448878 0.0362175 0.0293849 0.02364
 1.06767e-16 5.20204e-05 0.000505657 0.00336027 0.0152753 0.0475273 0.101263 0.1478 0.147821 0.101364 0.0478677 0.0162604 0.0058406 0.0059452 0.010456 0.0173951 0.0255009 0.0330046 0.0381117 0.0399588 0.0390366 0.0366686 0.0340099 0.0314119 0.0285516 0.0250121
 1.05523e-16 4.55418e-05 0.000442683 0.00294178 0.0133729 0.0416084 0.0886523 0.129398 0.129432 0.088818 0.0421648 0.0149805 0.00697847 0.00925945 0.0168041 0.0277456 0.0400532 0.05056 0.0560675 0.0551085 0.0488074 0.0400764 0.0318192 0.0255522 0.0212447 0.0180671
 1.06048e-16 4.2267e-05 0.00041085 0.00273024 0.0124113 0.0386164 0.0822776 0.120094 0.120127 0.0824428 0.0391716 0.0140162 0.0067637 0.00923243 0.0168444 0.0279062 0.0404885 0.0515241 0.0578885 0.0581043 0.0531505 0.0456614 0.0382089 0.0320552 0.0271113 0.0227204
 1.02164e-16 7.02322e-05 0.000682682 0.00453666 0.020623 0.0641659 0.136713 0.199538 0.199548 0.13676 0.0643266 0.0210877 0.00570494 0.00323882 0.00494179 0.00810303 0.0117698 0.0150184 0.0169526 0.0171524 0.0159004 0.0139436 0.0119969 0.0103875 0.00905386 0.00778456
pSPR Fmed_Fpbrs
0.55862   0.230771 0.230771
Fs Fmed_Fpbrs
0.34   1.005 1.005
SSBpbr Bo_Bmed_Bpbrs
490137  249293  88602.5 88602.5
Ro
94222.8
SPR SPRFo_SPRFmed_SPRFpbrs
678813 379199 156650
Fref
1.005
Nvult_r0
 39353.2 4269.4 953.119 196.297 31.8482
CTP_r0
 16483.3 2140.02 477.748 98.3935 15.9638
YTP_r0
176771
Np
 71842 12854.9 142.056 4.81568 1.21984
Nvult_p0
 58987 11123.9 122.927 4.1672 1.05558
CTP_p0
 24707.1 457.57 15.5116 3.46288 0.718358
 24707.1 5575.8 61.6166 2.0888 0.529106
YTP_p0
 194783 285156
CBA_c0
182175
log_Ro
11.2734
likeval ReclasPelacesDesembMPH_pf_preclas_ppelaces_ptallas_desvR_qrecl_qpela
 0.000772892 20.6434 0.0238094 48.0994 262.49 148.396 121.025 0 20.0604 0.000151712 0.000464658 0.0325129 0 0 0
q_reclas_q_pelaces
5.70822 21.083
M
1
N
 146653 25813.3 32100.4 2830.37 0.151251
 91970.7 38989.1 6037.61 7508.11 662.044
 84686 18525.3 6192.81 958.981 1297.7
 130480 17134.4 2960.86 989.786 360.682
 101226 24177.2 2422.51 418.614 190.933
 232480 30360.4 6690.27 670.352 168.673
 86696 65203.5 7651.14 1686.02 211.443
 36629.3 17744.1 10589.9 1242.65 308.174
 39835.8 12225.5 5699.3 3401.42 498.114
 50059.3 10202.9 2714.52 1265.46 865.845
 80194.4 11415.5 1926.71 512.61 402.476
 123469 26212 3561.21 601.064 285.474
 74390.6 27716.5 4842.54 657.916 163.784
 32965.3 15573.2 4645.49 811.644 137.723
 75196.1 975.971 170.671 50.9113 10.4044
 193021 12585.8 119.738 20.9389 7.52256
 50618 26726.9 1185.38 11.2774 2.68062
 266610 7165.16 2595.85 115.131 1.35568
 318852 39948.4 753.357 272.932 12.2476
 223485 44515.5 3805.97 71.7741 27.1697
 243733 37866.8 5555.59 474.99 12.3483
 290687 48777.6 5960.57 874.5 76.7114
 52878.2 44066.7 5212.6 636.975 101.651
 120359 8932.38 5476.34 647.79 91.7919
 147500 21308.2 1185.11 726.58 98.1249
 45334.8 26571 2896.45 161.094 112.103
 130159 8888.36 4064.47 443.06 41.79
 115898 26448.9 1429.2 653.545 77.9614
 55973.2 25717.2 4807.96 259.804 132.975
 85034.2 11780.8 4342.83 811.914 66.3281
 61655.4 18418 2070.57 763.289 154.358
 29139.6 8834.44 1819.48 204.548 90.6524
 47929.4 4933.79 1101.44 226.844 36.8043
pred_Ctot
 26395.1 6164.36 7665.73 675.906 0.0361196
 27608.9 14971.2 2318.34 2882.99 254.214
 25275.4 7076.23 2365.51 366.309 495.693
 43245.1 7191.58 1242.72 415.429 151.384
 12017.6 3875.83 388.35 67.1077 30.6083
 35696.4 6232.82 1373.47 137.619 34.6275
 25486.3 24566.6 2882.71 635.238 79.665
 2164.48 1439.29 858.991 100.796 24.9971
 7877.55 3190.99 1487.58 887.81 130.014
 12502 3311.02 880.913 410.666 280.983
 5707.82 1111.64 187.624 49.9182 39.1933
 31659.5 8715.66 1184.12 199.858 94.9219
 21205.1 10154.3 1774.12 241.035 60.0041
 22900.9 11990 3576.63 624.897 106.035
 27584.2 448.14 78.3676 23.3771 4.77742
 82184.9 6574.84 62.5512 10.9385 3.9298
 21227.2 13782.2 611.263 5.81539 1.38231
 107253 3565.21 1291.63 57.2862 0.674552
 135001 20769.3 391.673 141.898 6.36755
 81060.6 20238.5 1730.34 32.6313 12.3524
 73774.6 14649.4 2149.28 183.758 4.77716
 115894 24083.2 2942.95 431.771 37.8751
 19233.6 20084.2 2375.74 290.313 46.3292
 41842 3911.69 2398.21 283.682 40.1977
 50375.4 9185.63 510.883 313.217 42.3
 14077.5 10519.3 1146.69 63.7759 44.3808
 38628.3 3377.83 1544.61 168.375 15.8814
 30282.2 8947.89 483.511 221.1 26.375
 15834.9 9357.06 1749.35 94.5283 48.3823
 23068.4 4125.29 1520.73 284.308 23.2262
 25634.4 9427.86 1059.89 390.714 79.0134
 10576.4 4018.86 827.694 93.0503 41.2385
 34591.6 3903.9 871.524 179.493 29.1217
F
 0.324788 0.452883 0.452883 0.452883 0.452883
 0.602334 0.839892 0.839892 0.839892 0.839892
 0.597862 0.833656 0.833656 0.833656 0.833656
 0.685807 0.956286 0.956286 0.956286 0.956286
 0.204214 0.284755 0.284755 0.284755 0.284755
 0.27129 0.378286 0.378286 0.378286 0.378286
 0.586354 0.817609 0.817609 0.817609 0.817609
 0.0973265 0.135712 0.135712 0.135712 0.135712
 0.362097 0.504906 0.504906 0.504906 0.504906
 0.478239 0.666855 0.666855 0.666855 0.666855
 0.118237 0.164868 0.164868 0.164868 0.164868
 0.493962 0.688778 0.688778 0.688778 0.688778
 0.56378 0.786133 0.786133 0.786133 0.786133
 2.51978 3.51357 3.51357 3.51357 3.51357
 0.787531 1.09813 1.09813 1.09813 1.09813
 0.977127 1.3625 1.3625 1.3625 1.3625
 0.955077 1.33175 1.33175 1.33175 1.33175
 0.898201 1.25245 1.25245 1.25245 1.25245
 0.96889 1.35102 1.35102 1.35102 1.35102
 0.77527 1.08103 1.08103 1.08103 1.08103
 0.6088 0.848908 0.848908 0.848908 0.848908
 0.886543 1.23619 1.23619 1.23619 1.23619
 0.778307 1.08527 1.08527 1.08527 1.08527
 0.731388 1.01984 1.01984 1.01984 1.01984
 0.714006 0.995607 0.995607 0.995607 0.995607
 0.629331 0.877537 0.877537 0.877537 0.877537
 0.593539 0.827627 0.827627 0.827627 0.827627
 0.505555 0.704943 0.704943 0.704943 0.704943
 0.558402 0.778633 0.778633 0.778633 0.778633
 0.529724 0.738645 0.738645 0.738645 0.738645
 0.942904 1.31478 1.31478 1.31478 1.31478
 0.775992 1.08204 1.08204 1.08204 1.08204
 2.81626 3.92698 3.92698 3.92698 3.92698
YTP_r0W_actual
 124284 37343.4 11499.4 3081.68 562.724
YTP_p0W_proyectada
 186291 7984.6 373.364 108.457 25.3221
 186291 97297.8 1483.11 65.4211 18.651
CTP_r0_actual
 16483.3 2140.02 477.748 98.3935 15.9638
CTP_p0_proyectada
 24707.1 457.57 15.5116 3.46288 0.718358
 24707.1 5575.8 61.6166 2.0888 0.529106
Wmedp
 7.54 17.45 24.07 31.32 35.25
Frms_r0
 0.720743 1.005 1.005 1.005 1.005
Zrms_r0
 1.72074 2.005 2.005 2.005 2.005
nmprior
 7.29 8.9 8.7 0
nm_flota  nm_reclas  nm_pelaces    nm_pelaL
inf 8.62048 8.83803 21.1299
cv_recla  cv_pelaces  cv_mph
0.802544 0.497716 0.556067
 ------------------------------------------------
Talla a la edad & desviaci?n 
 8 13.2811 15.8009 17.003 17.5766
 0.8 1.32811 1.58009 1.7003 1.75766
