years
 1991 1992 1993 1994 1995 1996 1997 1998 1999 2000 2001 2002 2003 2004 2005 2006 2007 2008 2009 2010 2011 2012 2013 2014 2015 2016 2017 2018 2019 2020 2021 2022
reclasobs
 0 0 0 0 0 0 0 0 0 252601 567819 844713 477998 351125 339783 2.1784e+06 2.13404e+06 4.81314e+06 1.55562e+06 2.62356e+06 3.21686e+06 3.843e+06 1.13348e+06 3.07943e+06 1.97215e+06 2.03268e+06 2.025e+06 2.42433e+06 2.27542e+06 1.05018e+06 2.36338e+06 3.18982e+06
reclaspred
 4.6538e+06 2.52139e+06 1.23126e+06 1.45678e+06 1.73227e+06 3.78357e+06 2.65701e+06 2.3158e+06 1.76128e+06 1.30235e+06 1.31788e+06 1.7201e+06 1.32794e+06 244203 791668 1.32591e+06 902248 1.991e+06 2.28047e+06 2.08912e+06 3.5488e+06 2.41847e+06 1.37617e+06 1.77229e+06 1.50452e+06 1.26187e+06 1.86143e+06 2.03916e+06 1.59163e+06 1.40282e+06 1.02358e+06 806798
pelacesobs
 0 0 0 0 0 0 0 0 0 0 0 0 0 0 0 552880 188675 0 991730 2.46772e+06 1.41603e+06 1.21717e+06 2.29649e+06 1.80582e+06 0 1.4828e+06 1.56532e+06 1.57751e+06 1.42118e+06 867257 1.10002e+06 1.06204e+06
pelacespred
 4.19928e+06 2.32805e+06 1.07114e+06 990067 1.46519e+06 3.15637e+06 2.29556e+06 2.44096e+06 1.81281e+06 1.23739e+06 1.31542e+06 1.36258e+06 1.11119e+06 105449 565729 795138 554091 1.29297e+06 1.55715e+06 1.36531e+06 2.54238e+06 1.72069e+06 1.03104e+06 1.35556e+06 1.08726e+06 975321 1.63682e+06 1.70524e+06 1.29626e+06 1.17949e+06 682439 591390
mphobs
 0 0 0 0 0 0 0 0 0 0 0 0 498337 0 5186 125008 0 168611 109162 213762 579715 649985 157893 87575 83554 210694 70296 0 107559 103333 445601 22526
mphpred
 961836 651842 294864 168778 242644 349657 660093 385083 361425 262968 172983 266301 270237 110497 9460.58 111072 180581 101431 232881 249013 345822 371853 238747 133531 210794 194913 143759 249224 332801 202662 152542 107554
desembarqueobs
 494567 514787 250237 358949 120608 361735 552515 73892 212993 205616 52469 317467 293654 387597 252695 516296 358380 742168 942051 627588 828172 859565 418607 520667 417249 300574 415391 372974 316634 284311 391294 218835
desembarquepred
 494558 514343 250439 358942 120609 361712 552452 73894.2 213017 205648 52471.6 317494 293767 387869 252634 516158 358270 741700 941193 627120 828234 859418 418524 520713 417071 300546 415315 372899 316455 284124 391262 218823
Reclutas
 147092 93995.8 83650.5 136297 105194 243739 93482.6 39424.3 43355.8 54202.5 82680.5 120699 72420.3 33825.1 75159.2 199500 47133.2 267312 315471 237304 240380 298096 53555.2 118379 154048 45866.4 133817 122263 56581.7 81817.1 63626.1 34607.6
log_desv_Rt
 0.399453 -0.0483551 -0.164957 0.323228 0.0641966 0.904494 -0.0538293 -0.917223 -0.822165 -0.598878 -0.176621 0.201692 -0.309118 -1.0704 -0.271997 0.70421 -0.738628 0.996812 1.16246 0.877737 0.890614 1.10581 -0.610892 0.182283 0.44566 -0.765871 0.304865 0.214569 -0.555919 -0.187119 -0.438581 -1.04753
SSB
 961836 651842 294864 168778 242644 349657 660093 385083 361425 262968 172983 266301 256407 105848 9092.87 106313 180581 101431 243642 258964 371204 431482 297618 155871 223153 225161 151391 249224 350128 195973 181867 132503
BT
 1.55291e+06 1.12954e+06 521105 647946 559250 1.50496e+06 1.11259e+06 827078 766214 580937 496985 719768 621759 423669 516053 749420 452211 1.23884e+06 1.51694e+06 995033 1.67064e+06 1.35142e+06 683230 1.06471e+06 733722 575666 1.12282e+06 970356 628715 689960 563919 387122
Ftot
 0.382103 0.709875 0.703712 0.808816 0.247906 0.328987 0.722391 0.116918 0.425994 0.550789 0.140218 0.629126 0.75112 3.29889 0.982161 1.18977 1.2532 1.1406 1.25861 0.959301 0.770691 1.1247 1.00367 0.933672 0.899086 0.803263 0.724271 0.608276 0.691778 0.678029 1.19794 0.896491
BD_Bspro_t
 0.940695 0.62712 0.362802 0.269926 0.319184 0.453772 0.548132 0.375798 0.442781 0.417939 0.388994 0.585794 0.439159 0.201401 0.024674 0.217713 0.225067 0.133967 0.2216 0.202698 0.220777 0.242997 0.199373 0.134497 0.206549 0.240914 0.209831 0.332897 0.393312 0.278346 0.27997 0.20078
BD_Bspro
 1.35449 0.917943 0.415236 0.237678 0.341698 0.492398 0.929562 0.542285 0.508969 0.370319 0.2436 0.375013 0.361079 0.149058 0.0128048 0.149713 0.254299 0.142838 0.343104 0.364681 0.52274 0.607626 0.419114 0.219502 0.31425 0.317078 0.213193 0.350965 0.493061 0.275975 0.256111 0.186595
BD_Bo
 1.68044 1.13884 0.515162 0.294875 0.423927 0.610892 1.15326 0.672784 0.631451 0.459436 0.302222 0.465259 0.447972 0.184928 0.0158863 0.185741 0.315496 0.177211 0.425671 0.452441 0.648537 0.75385 0.519972 0.272325 0.389874 0.393383 0.264497 0.435424 0.611715 0.342388 0.317743 0.231499
BD_Brms
 10.4452 7.07875 3.20211 1.83286 2.63502 3.79714 7.16835 4.18185 3.92493 2.85573 1.87853 2.89192 2.78448 1.14946 0.098745 1.15452 1.96104 1.1015 2.64586 2.81225 4.03113 4.68573 3.23201 1.6927 2.42335 2.44516 1.64404 2.70648 3.80225 2.12819 1.97501 1.43893
Sel_flota
 0.805134 1 1 1 1
 0.805134 1 1 1 1
 0.805134 1 1 1 1
 0.805134 1 1 1 1
 0.805134 1 1 1 1
 0.805134 1 1 1 1
 0.805134 1 1 1 1
 0.805134 1 1 1 1
 0.805134 1 1 1 1
 0.805134 1 1 1 1
 0.805134 1 1 1 1
 0.805134 1 1 1 1
 0.805134 1 1 1 1
 0.805134 1 1 1 1
 0.805134 1 1 1 1
 0.805134 1 1 1 1
 0.805134 1 1 1 1
 0.805134 1 1 1 1
 0.805134 1 1 1 1
 0.805134 1 1 1 1
 0.805134 1 1 1 1
 0.805134 1 1 1 1
 0.805134 1 1 1 1
 0.805134 1 1 1 1
 0.805134 1 1 1 1
 0.805134 1 1 1 1
 0.805134 1 1 1 1
 0.805134 1 1 1 1
 0.805134 1 1 1 1
 0.805134 1 1 1 1
 0.805134 1 1 1 1
 0.805134 1 1 1 1
Sel_reclas
 0.69734 1 1 1 1
 0.69734 1 1 1 1
 0.69734 1 1 1 1
 0.69734 1 1 1 1
 0.69734 1 1 1 1
 0.69734 1 1 1 1
 0.69734 1 1 1 1
 0.69734 1 1 1 1
 0.69734 1 1 1 1
 0.69734 1 1 1 1
 0.69734 1 1 1 1
 0.69734 1 1 1 1
 0.69734 1 1 1 1
 0.69734 1 1 1 1
 0.69734 1 1 1 1
 0.69734 1 1 1 1
 0.69734 1 1 1 1
 0.69734 1 1 1 1
 0.69734 1 1 1 1
 0.69734 1 1 1 1
 0.69734 1 1 1 1
 0.69734 1 1 1 1
 0.69734 1 1 1 1
 0.69734 1 1 1 1
 0.69734 1 1 1 1
 0.69734 1 1 1 1
 0.69734 1 1 1 1
 0.69734 1 1 1 1
 0.69734 1 1 1 1
 0.69734 1 1 1 1
 0.69734 1 1 1 1
 0.69734 1 1 1 1
Sel_pelaces
 0.5 1 1 1 1
 0.5 1 1 1 1
 0.5 1 1 1 1
 0.5 1 1 1 1
 0.5 1 1 1 1
 0.5 1 1 1 1
 0.5 1 1 1 1
 0.5 1 1 1 1
 0.5 1 1 1 1
 0.5 1 1 1 1
 0.5 1 1 1 1
 0.5 1 1 1 1
 0.5 1 1 1 1
 0.5 1 1 1 1
 0.5 1 1 1 1
 0.5 1 1 1 1
 0.5 1 1 1 1
 0.5 1 1 1 1
 0.5 1 1 1 1
 0.5 1 1 1 1
 0.5 1 1 1 1
 0.5 1 1 1 1
 0.5 1 1 1 1
 0.5 1 1 1 1
 0.5 1 1 1 1
 0.5 1 1 1 1
 0.5 1 1 1 1
 0.5 1 1 1 1
 0.5 1 1 1 1
 0.5 1 1 1 1
 0.5 1 1 1 1
 0.5 1 1 1 1
pf_obs 
 0.8446 0.082 0.0669 0.0065 0
 0.8095 0.147 0.0364 0.0071 0
 0.9664 0.0169 0.016 0.0007 0
 0.9276 0.0648 0.0075 0.0001 0
 0.7033 0.2144 0.0806 0.0017 0
 0.9318 0.0425 0.0243 0.0014 0
 0.5671 0.3108 0.0964 0.0239 0.0018
 0.0768 0.2599 0.5324 0.112 0.0189
 0.490249 0.384438 0.106611 0.0170017 0.00170017
 0.7925 0.1577 0.0466 0.003 0.0002
 0.840416 0.127587 0.0312969 0.00059994 9.999e-05
 0.8084 0.0986 0.0794 0.0134 0.0002
 0.7335 0.1905 0.0724 0.0035 0.0001
 0.4001 0.4547 0.1325 0.0127 0
 0.49795 0.308269 0.164784 0.0264974 0.00249975
 0.9179 0.0499 0.0305 0.0017 0
 0.2467 0.6533 0.0926 0.0074 0
 0.9418 0.0223 0.034 0.0019 0
 0.707729 0.231977 0.0356964 0.0245975 0
 0.517169 0.277429 0.184464 0.0207286 0.00020938
 0.811772 0.124168 0.05621 0.00726502 0.000585176
 0.764997 0.148141 0.077277 0.00933861 0.000247198
 0.163321 0.427699 0.378323 0.0303852 0.000271297
 0.753843 0.0900009 0.118128 0.0371064 0.000921714
 0.721811 0.176058 0.0630433 0.0369309 0.00215725
 0.143369 0.312575 0.442814 0.0836902 0.0175525
 0.692698 0.0596174 0.167031 0.0765114 0.00414204
 0.394062 0.376323 0.152708 0.0712218 0.00568511
 0.125707 0.32114 0.495352 0.0537591 0.00404204
 0.23352 0.215282 0.420074 0.123614 0.00750983
 0.796117 0.104755 0.0508955 0.0450114 0.00322123
 0.162477 0.292055 0.404252 0.121198 0.0200186
pf_pred 
 0.63358 0.148186 0.201145 0.017087 8.25324e-07
 0.580794 0.290109 0.0522093 0.0708679 0.00602042
 0.703062 0.193753 0.0714086 0.012851 0.0189256
 0.835305 0.125541 0.025548 0.00941584 0.00419002
 0.742808 0.224902 0.0246133 0.00500889 0.00266753
 0.833245 0.131219 0.0310744 0.00340079 0.00106064
 0.499386 0.433433 0.0528646 0.0125191 0.00179739
 0.48946 0.293679 0.187759 0.0229005 0.00620176
 0.598957 0.219318 0.104534 0.0668323 0.0103588
 0.726429 0.180886 0.0506867 0.0241589 0.0178397
 0.803827 0.152821 0.0286647 0.00803222 0.00665543
 0.758341 0.202506 0.0305002 0.00572094 0.00293138
 0.650081 0.282733 0.0563004 0.00847959 0.0024055
 0.609047 0.280254 0.0894437 0.0178108 0.00344354
 0.982548 0.0132657 0.00300078 0.000957704 0.000227578
 0.931894 0.0672569 0.000645759 0.000146074 5.76982e-05
 0.581956 0.397957 0.0198364 0.000190457 6.00998e-05
 0.960974 0.0261634 0.0122444 0.000610328 7.70914e-06
 0.872291 0.124201 0.00235186 0.00110066 5.5556e-05
 0.814938 0.16822 0.0163794 0.000310159 0.00015248
 0.813539 0.160465 0.02363 0.00230083 6.49871e-05
 0.82331 0.151308 0.0218432 0.00321664 0.000322047
 0.475304 0.456416 0.0584712 0.00844107 0.00136748
 0.866561 0.0748521 0.050963 0.00652884 0.00109521
 0.852743 0.132635 0.00820212 0.00558441 0.000835425
 0.558562 0.392663 0.0439319 0.00271675 0.00212641
 0.890693 0.0693609 0.0355323 0.00397543 0.00043826
 0.774538 0.206774 0.0118582 0.00607475 0.000754582
 0.587949 0.338397 0.0675487 0.00387383 0.00223099
 0.792564 0.136621 0.0581571 0.0116089 0.00104918
 0.726977 0.228677 0.0292071 0.012433 0.00270608
 0.725274 0.218196 0.0473476 0.00604733 0.00313454
pobs_RECLAS
 0 0 0 0 0
 0 0 0 0 0
 0 0 0 0 0
 0 0 0 0 0
 0 0 0 0 0
 0 0 0 0 0
 0 0 0 0 0
 0 0 0 0 0
 0 0 0 0 0
 0 0 0 0 0
 0.991045 0.00858322 0.000360255 1.14367e-05 0
 0.934742 0.0480273 0.0164251 0.00080598 0
 0.827803 0.169806 0.00239088 0 0
 0.941827 0.0461693 0.0120037 0 0
 0.791401 0.0380133 0.147996 0.0225897 0
 0.846168 0.0940531 0.0597789 0 0
 0.134021 0.677848 0.182769 0.00536245 0
 0.80878 0.0450904 0.141981 0.00414843 0
 0.846168 0.0940531 0.0597789 0 0
 0.905697 0.0802665 0.012482 0.00150086 5.37128e-05
 0.989698 0.0102097 9.19794e-05 0 0
 0.975433 0.0193895 0.00387452 0.00125025 5.28907e-05
 0.303575 0.632131 0.0575291 0.00676475 0
 0.966965 0.00978017 0.0227588 0.000495775 0
 0.843318 0.132988 0.00938335 0.0141283 0.000182051
 0.564624 0.303363 0.111486 0.0197234 0.00080311
 0.826376 0.0876187 0.0782897 0.00655872 0.00115652
 0.89761 0.0855135 0.0140674 0.00269457 0.000114338
 0.34875 0.467042 0.161289 0.0227151 0.000203297
 0.318654 0.224769 0.449479 0.00709798 0
 0.937255 0.0296025 0.0250945 0.00804832 0
 0.456809 0.399803 0.12412 0.0192676 0
ppred_RECLAS
 0.601561 0.161135 0.218722 0.0185801 8.97443e-07
 0.549936 0.311464 0.0560524 0.0760845 0.00646358
 0.676139 0.21132 0.077883 0.0140162 0.0206415
 0.817817 0.138871 0.0282608 0.0104156 0.00463493
 0.715386 0.248882 0.0272376 0.00554295 0.00295195
 0.813332 0.146888 0.0347852 0.00380689 0.0011873
 0.468133 0.460492 0.0561649 0.0133006 0.0019096
 0.454167 0.31398 0.200739 0.0244835 0.00663047
 0.566275 0.237191 0.113053 0.0722786 0.011203
 0.699676 0.198575 0.0556433 0.0265214 0.0195842
 0.780599 0.170915 0.0320587 0.00898326 0.00744346
 0.73405 0.222862 0.033566 0.00629601 0.00322605
 0.621336 0.305959 0.0609253 0.00917616 0.0026031
 0.615743 0.275455 0.0879119 0.0175058 0.00338456
 0.980457 0.0148552 0.00336033 0.00107246 0.000254846
 0.924831 0.0742318 0.000712728 0.000161223 6.36818e-05
 0.556623 0.422073 0.0210385 0.000201999 6.37417e-05
 0.956695 0.0290321 0.0135869 0.000677247 8.55442e-06
 0.86036 0.135804 0.00257157 0.00120348 6.07462e-05
 0.796763 0.184741 0.017988 0.000340618 0.000167454
 0.794081 0.17721 0.0260959 0.00254094 7.17688e-05
 0.806859 0.165396 0.023877 0.00351614 0.000352033
 0.446883 0.481139 0.0616383 0.00889829 0.00144156
 0.852409 0.0827905 0.0563679 0.00722124 0.00121137
 0.837215 0.146621 0.00906706 0.0061733 0.000923523
 0.528232 0.419642 0.0469504 0.00290341 0.00227251
 0.877903 0.0774769 0.03969 0.0044406 0.000489542
 0.751214 0.228165 0.0130849 0.00670317 0.000832642
 0.557062 0.363763 0.0726121 0.0041642 0.00239823
 0.77096 0.15085 0.0642141 0.012818 0.00115845
 0.705459 0.246699 0.031509 0.0134128 0.00291936
 0.700995 0.23748 0.0515319 0.00658176 0.00341156
pobs_PELACES
 0 0 0 0 0
 0 0 0 0 0
 0 0 0 0 0
 0 0 0 0 0
 0 0 0 0 0
 0 0 0 0 0
 0 0 0 0 0
 0 0 0 0 0
 0 0 0 0 0
 0 0 0 0 0
 0 0 0 0 0
 0 0 0 0 0
 0 0 0 0 0
 0 0 0 0 0
 0 0 0 0 0
 0 0 0 0 0
 0.505614 0.472636 0.0217494 0 0
 0 0 0 0 0
 0.443492 0.261883 0.143347 0.151278 0
 0.227955 0.32914 0.350689 0.0885471 0.00366901
 0.970185 0.0296113 0.000203453 0 0
 0.997202 0.00247181 0.000326279 0 0
 0.445219 0.490057 0.0546422 0.010081 0
 0.90214 0.0892962 0.00764917 0.000914606 0
 0 0 0 0 0
 0.581667 0.319106 0.0959925 0.00289975 0.000334073
 0.762889 0.0836404 0.116647 0.0363945 0.000428098
 0.88444 0.0763242 0.0277011 0.0115352 0
 0.521256 0.241999 0.230069 0.00667565 0
 0.616807 0.101726 0.260614 0.0208532 0
 0.833518 0.0704572 0.0857862 0.0102388 0
 0.697417 0.212968 0.0787535 0.0105354 0.000325836
ppred_PELACES
 0.525947 0.191715 0.26023 0.0221062 1.06776e-06
 0.478363 0.360995 0.0649664 0.0881841 0.00749148
 0.610324 0.254265 0.0937105 0.0168646 0.0248363
 0.772235 0.173617 0.0353316 0.0130216 0.00579459
 0.646791 0.308864 0.0338021 0.00687884 0.0036634
 0.761387 0.187764 0.044465 0.00486625 0.00151769
 0.397989 0.521223 0.0635721 0.0150547 0.00216144
 0.37543 0.359272 0.229696 0.0280154 0.00758694
 0.490351 0.278711 0.132843 0.0849311 0.0131641
 0.63379 0.242139 0.0678505 0.0323397 0.0238807
 0.720212 0.217957 0.0408824 0.0114558 0.00949217
 0.67328 0.273786 0.0412358 0.00773464 0.00396319
 0.552521 0.361562 0.0719974 0.0108438 0.00307617
 0.586858 0.296161 0.0945203 0.0188217 0.00363899
 0.974566 0.0193333 0.0043733 0.00139575 0.000331669
 0.90497 0.0938445 0.000901037 0.00020382 8.05071e-05
 0.493848 0.481831 0.0240172 0.000230598 7.27665e-05
 0.944586 0.0371506 0.0173863 0.000866632 1.09466e-05
 0.827292 0.167964 0.00318055 0.00148848 7.51315e-05
 0.749362 0.227828 0.0221834 0.000420062 0.00020651
 0.74395 0.220352 0.0324491 0.00315953 8.92412e-05
 0.763034 0.202925 0.0292948 0.00431396 0.00043191
 0.381923 0.537646 0.0688774 0.00994334 0.00161086
 0.814723 0.10393 0.0707608 0.00906511 0.00152067
 0.796214 0.183551 0.0113507 0.00772815 0.00115613
 0.458108 0.482018 0.0539291 0.00333497 0.0026103
 0.84378 0.0991294 0.0507822 0.00568161 0.000626354
 0.69244 0.282068 0.0161762 0.00828677 0.00102935
 0.485272 0.422721 0.0843809 0.00483913 0.00278693
 0.715994 0.187051 0.0796245 0.0158941 0.00143646
 0.649719 0.293386 0.0374719 0.0159512 0.00347184
 0.640383 0.28562 0.0619781 0.00791598 0.00410313
pobs_pel_tallas
 0 0 0 0 0 0 0 0 0 0 0 0 0 0 0 0 0 0 0 0 0 0 0 0 0 0
 0 0 0 0 0 0 0 0 0 0 0 0 0 0 0 0 0 0 0 0 0 0 0 0 0 0
 0 0 0 0 0 0 0 0 0 0 0 0 0 0 0 0 0 0 0 0 0 0 0 0 0 0
 0 0 0 0 0 0 0 0 0 0 0 0 0 0 0 0 0 0 0 0 0 0 0 0 0 0
 0 0 0 0 0 0 0 0 0 0 0 0 0 0 0 0 0 0 0 0 0 0 0 0 0 0
 0 0 0 0 0 0 0 0 0 0 0 0 0 0 0 0 0 0 0 0 0 0 0 0 0 0
 0 0 0 0 0 0 0 0 0 0 0 0 0 0 0 0 0 0 0 0 0 0 0 0 0 0
 0 0 0 0 0 0 0 0 0 0 0 0 0 0 0 0 0 0 0 0 0 0 0 0 0 0
 0 0 0 0 0 0 0 0 0 0 0 0 0 0 0 0 0 0 0 0 0 0 0 0 0 0
 0 0 0 0 0 0 0 0 0 0 0 0 0 0 0 0 0 0 0 0 0 0 0 0 0 0
 0 0 0 0 0 0 0 0 0 0 0 0 0 0 0 0 0 0 0 0 0 0 0 0 0 0
 0 0 0 0 0 0 0 0 0 0 0 0 0 0 0 0 0 0 0 0 0 0 0 0 0 0
 0.00862536 0 0 0.000197151 0.00414017 0.0128641 0.00837892 0.0270097 0.101434 0.158115 0.152841 0.127902 0.109271 0.109419 0.0830992 0.0579132 0.0238553 0.00714673 0.00463305 0.00128148 0.00103504 0.000492878 0.000147863 0.000147863 4.92878e-05 0
 0 0 0 0 0 0 0 0 0 0 0 0 0 0 0 0 0 0 0 0 0 0 0 0 0 0
 0 0 0 0 0 0 0 0.0054083 0.00873648 0.0413646 0.0450493 0.0745869 0.0622846 0.0627006 0.0613931 0.0827291 0.12552 0.122667 0.0946155 0.0697135 0.0546179 0.0294188 0.0215738 0.0213955 0.0102223 0.00600262
 0 0 0 0 0.00359764 0.0251062 0.0480494 0.140153 0.205849 0.193036 0.1447 0.116669 0.0760912 0.0342217 0.00950174 0.001854 0.000860785 0 0 0 0.000165536 0 0.000143464 0 0 0
 0 0 0 0 0 0 0 0.000145254 0.000435761 0.0275982 0.070085 0.0708112 0.156366 0.174668 0.174014 0.160142 0.0824315 0.0480064 0.0283245 0.00493863 0.00203355 0 0 0 0 0
 0 0 0 0 0 0 0 0 0 0 0 0 0 0 0 0 0 0 0 0 0 0 0 0 0 0
 0 0 1.00437e-05 0.000401748 0.00122533 0.00171747 0.00176769 0.0269171 0.070346 0.194647 0.189555 0.159765 0.064822 0.0314167 0.0384472 0.0292271 0.0345202 0.0313363 0.0194345 0.0106764 0.0143323 0.0359363 0.0279516 0.0138201 0.00172751 0
 0 0.0021121 0.0136068 0.0755702 0.200478 0.177729 0.0527432 0.0373336 0.0318909 0.0142505 0.0149659 0.0166563 0.0217959 0.0798694 0.0677717 0.0528807 0.04013 0.0224614 0.0357745 0.0225083 0.00881397 0.00855152 0.00135912 0.000746735 0 0
 0 0 0 0 5.4009e-05 0.00500934 0.000945158 0.0243581 0.138947 0.33067 0.221406 0.137944 0.0707744 0.0437923 0.0131692 0.00525238 0.0047753 0.00276346 9.45158e-05 9.00151e-06 2.25038e-05 9.00151e-06 4.50075e-06 0 0 0
 0.000866109 0.00284123 0.00948549 0.0512746 0.133035 0.25785 0.225252 0.132002 0.0553304 0.0519788 0.0540692 0.017754 0.00435017 0.00159236 0.00146478 0.000404838 0.000125132 0.000115318 0.000107957 0.000100596 0 0 0 0 0 0
 0 0 0 0 0.00144013 0.00171154 0.00461396 0.0210425 0.0478622 0.0707936 0.0888783 0.103762 0.0637923 0.0337046 0.0602308 0.124433 0.169614 0.0934646 0.0462172 0.0250306 0.0313229 0.00938855 0.002487 0.000210481 0 0
 0 0.00764035 0.051015 0.0998891 0.058973 0.0496711 0.0374665 0.0718981 0.12319 0.153886 0.159021 0.0857701 0.0377988 0.023471 0.0147837 0.00900784 0.00315554 0.000888139 0.00291439 0.00214683 0.00393193 0.00274676 0.000635225 9.99891e-05 0 0
 0 0 0 0 0 0 0 0 0 0 0 0 0 0 0 0 0 0 0 0 0 0 0 0 0 0
 0 0 0 0 0 0 0 0 0 0 0 0 0 0 0 0 0 0 0 0 0 0 0 0 0 0
 0 0 0 0 0 0 0 0 0 0 0 0 0 0 0 0 0 0 0 0 0 0 0 0 0 0
 0 0 0 0 0 0 0 0 0 0 0 0 0 0 0 0 0 0 0 0 0 0 0 0 0 0
 0 0 0 0 0 0 0 0 0 0 0 0 0 0 0 0 0 0 0 0 0 0 0 0 0 0
 0 0 0 0 0 0 0 0 0 0 0 0 0 0 0 0 0 0 0 0 0 0 0 0 0 0
 0 0 0 0 0 0 0 0 0 0 0 0 0 0 0 0 0 0 0 0 0 0 0 0 0 0
 0 0 0 0 0 0 0 0 0 0 0 0 0 0 0 0 0 0 0 0 0 0 0 0 0 0
ppred_pel_tallas
 1.09776e-16 4.33216e-05 0.000421102 0.00279837 0.012721 0.0395798 0.0843297 0.123086 0.123104 0.0844219 0.0398906 0.0136233 0.00508076 0.00546146 0.00978517 0.0165489 0.0248587 0.0333871 0.0407289 0.0461097 0.0496173 0.0516998 0.0524323 0.0512904 0.0476254 0.0413551
 1.12079e-16 3.94022e-05 0.000383003 0.00254519 0.0115701 0.035999 0.0767011 0.111955 0.11199 0.0768713 0.0365709 0.0132227 0.00669621 0.00945447 0.0172979 0.0286178 0.041429 0.0525672 0.0588645 0.058947 0.0540742 0.0472451 0.0412872 0.0374176 0.0351344 0.0331204
 1.08664e-16 5.02716e-05 0.000488658 0.00324731 0.0147618 0.0459296 0.0978587 0.142833 0.142857 0.0979789 0.0463337 0.0159302 0.00618499 0.00691751 0.0123067 0.0203895 0.0296586 0.0379149 0.0429447 0.0437325 0.0410272 0.0367328 0.0326391 0.0295123 0.0270875 0.0246826
 1.03351e-16 6.3608e-05 0.000618293 0.00410877 0.0186779 0.058114 0.123819 0.18072 0.180737 0.1239 0.0583889 0.0194724 0.006104 0.00497731 0.00835236 0.0137346 0.0198439 0.0250936 0.0279123 0.0275823 0.0246571 0.0205604 0.0167001 0.0137929 0.0117941 0.0102749
 1.02365e-16 5.32754e-05 0.000517856 0.00344134 0.0156438 0.0486739 0.103706 0.151368 0.151398 0.103851 0.049162 0.0170534 0.00697862 0.00823713 0.0147058 0.0242068 0.0348173 0.0436817 0.047924 0.0462158 0.0395667 0.0306423 0.0221811 0.015738 0.011476 0.00875928
 1.02077e-16 6.27145e-05 0.000609607 0.00405106 0.0184155 0.0572976 0.122079 0.178182 0.1782 0.122168 0.0575951 0.0192751 0.00620997 0.00532677 0.00903377 0.0148672 0.0214839 0.027167 0.0302015 0.0297813 0.0264633 0.0217465 0.017136 0.0134358 0.0106812 0.0085295
 1.03844e-16 3.27819e-05 0.000318652 0.00211756 0.00962614 0.0299508 0.0638151 0.0931506 0.0932008 0.0640605 0.0307746 0.0120055 0.00808932 0.0133522 0.0247776 0.0408885 0.058846 0.0738887 0.081176 0.0784649 0.0674396 0.0525583 0.0383907 0.027516 0.0201918 0.0153672
 1.10814e-16 3.09237e-05 0.00030059 0.00199753 0.00908048 0.0282529 0.0601972 0.0878668 0.0879017 0.0603679 0.028827 0.0107421 0.00618197 0.00948029 0.0175967 0.0293856 0.043128 0.0559007 0.0646826 0.0679924 0.0665981 0.0626502 0.0580263 0.0533016 0.0479921 0.0415186
 1.1465e-16 4.03896e-05 0.000392602 0.00260898 0.01186 0.0369012 0.0786228 0.114758 0.114785 0.078755 0.0373455 0.0131458 0.00584525 0.00748679 0.0136011 0.0226542 0.0331857 0.0429241 0.0495878 0.0521748 0.0515091 0.0495047 0.0477558 0.046603 0.0452664 0.042686
 1.09305e-16 5.22045e-05 0.000507446 0.00337216 0.0153294 0.0476955 0.101621 0.148324 0.148347 0.101736 0.0480797 0.0164401 0.00616365 0.00661253 0.0116805 0.0193179 0.0280404 0.0357335 0.0402878 0.0407699 0.0379704 0.0338116 0.0300978 0.0275929 0.0259768 0.02444
 1.03991e-16 5.9323e-05 0.000576641 0.00383198 0.0174196 0.0541991 0.115478 0.168547 0.168568 0.11558 0.0545441 0.0184165 0.0063352 0.00604436 0.0104529 0.0172121 0.0248492 0.0313783 0.0348177 0.0342607 0.0304078 0.0250675 0.0200427 0.0162736 0.0137358 0.0119011
 1.02707e-16 5.54573e-05 0.000539064 0.00358227 0.0162845 0.0506673 0.107953 0.157566 0.157592 0.108082 0.0511003 0.0175353 0.00672203 0.00739374 0.0130754 0.0215326 0.0310226 0.0390306 0.0430276 0.0418421 0.0363468 0.0288494 0.0216987 0.016196 0.012439 0.00986583
 1.03779e-16 4.55105e-05 0.000442378 0.00293976 0.0133637 0.0415798 0.0885914 0.129309 0.129344 0.0887618 0.0421522 0.0150175 0.00709231 0.00951238 0.0172855 0.0285417 0.0411968 0.0519823 0.0575834 0.0564506 0.0496911 0.0402602 0.0311425 0.0239569 0.0187956 0.014962
 1.05307e-16 4.83388e-05 0.00046987 0.00312245 0.0141942 0.0441637 0.0940965 0.137343 0.137371 0.0942364 0.0446338 0.0155531 0.00653752 0.00793856 0.0142725 0.0236228 0.0342673 0.0435985 0.0489729 0.0491477 0.0449651 0.0386698 0.0324464 0.0273553 0.0232959 0.0196775
 1.00328e-16 8.02737e-05 0.000780289 0.0051853 0.0235716 0.07334 0.156259 0.228065 0.228066 0.156268 0.0733706 0.0236601 0.00540761 0.00126607 0.00100424 0.00153679 0.00221453 0.0028027 0.00312189 0.00309116 0.00277024 0.00231487 0.0018791 0.00154143 0.00129817 0.0011055
 1.00085e-16 7.45412e-05 0.000724567 0.004815 0.0218883 0.0681027 0.1451 0.21178 0.211789 0.145144 0.0682507 0.0223155 0.00588619 0.00305969 0.00449969 0.0072955 0.0104425 0.0130059 0.0140894 0.0132821 0.0109072 0.00781963 0.00491819 0.00274365 0.00139107 0.00067376
 1.00852e-16 4.06777e-05 0.000395402 0.00262759 0.0119447 0.0371645 0.0791846 0.115582 0.115628 0.0794112 0.0379249 0.0141399 0.00813427 0.0124043 0.0228115 0.0375523 0.0538663 0.0672608 0.0731808 0.0695169 0.0578803 0.0425628 0.0280531 0.01702 0.0099087 0.00580411
 1.00601e-16 7.78043e-05 0.000756285 0.00502578 0.0228465 0.0710839 0.151452 0.221049 0.221053 0.151469 0.071143 0.0230175 0.00545598 0.00169831 0.00187534 0.00299908 0.00436333 0.0055912 0.00635136 0.0064839 0.00607791 0.00538623 0.00465025 0.00398024 0.0033632 0.00274979
 1.00297e-16 6.81429e-05 0.000662374 0.00440171 0.0200095 0.0622572 0.132646 0.193604 0.19362 0.132725 0.0625221 0.0207742 0.0063196 0.00484373 0.00799335 0.013065 0.0187159 0.0233295 0.0253096 0.0239235 0.0197475 0.0143039 0.00918819 0.00535311 0.00295662 0.00165967
 1.00776e-16 6.1724e-05 0.000599979 0.00398707 0.0181247 0.0563927 0.120151 0.175369 0.175391 0.120259 0.0567526 0.0191639 0.00659474 0.00628941 0.0108577 0.0178274 0.0256156 0.0320842 0.0350935 0.0336478 0.0284845 0.0215789 0.0149809 0.00988702 0.00647584 0.00433
 1.01325e-16 6.12782e-05 0.000595646 0.00395828 0.0179938 0.0559854 0.119284 0.174102 0.174124 0.119387 0.0563339 0.0190002 0.00648454 0.00611037 0.0105342 0.0173164 0.0249336 0.0313398 0.0344867 0.0334176 0.0288241 0.0225612 0.0165322 0.0118152 0.00853375 0.00628448
 1.01404e-16 6.28502e-05 0.000610926 0.00405982 0.0184554 0.0574216 0.122343 0.178568 0.178588 0.122439 0.0577425 0.0193822 0.00638623 0.00568936 0.00970724 0.015947 0.0229618 0.0288635 0.0317676 0.0307969 0.0265929 0.0208674 0.0153737 0.0110989 0.00814586 0.00612842
 1.03395e-16 3.14586e-05 0.000305789 0.00203208 0.00923755 0.0287417 0.0612392 0.0893913 0.0894431 0.0614923 0.0295916 0.0116921 0.00819262 0.0137517 0.02556 0.042185 0.0607149 0.0762381 0.0837549 0.0809388 0.0695086 0.0540448 0.0392535 0.0278088 0.0200136 0.0148365
 1.03236e-16 6.71077e-05 0.000652311 0.00433483 0.0197055 0.0613113 0.130631 0.190661 0.190671 0.13068 0.0614775 0.0201867 0.0055469 0.00331237 0.00516039 0.00853268 0.0125359 0.0162862 0.0189132 0.019989 0.0197255 0.018722 0.0174906 0.0161694 0.014604 0.0126335
 1.01346e-16 6.55832e-05 0.000637492 0.00423636 0.0192579 0.0599185 0.127663 0.186332 0.18635 0.12775 0.0602083 0.0200946 0.00633565 0.00521681 0.00875246 0.0143396 0.0205899 0.025767 0.0281519 0.02696 0.0228151 0.0173438 0.0122217 0.00840714 0.00599903 0.00458633
 1.02456e-16 3.77338e-05 0.000366786 0.00243743 0.0110802 0.0344749 0.0734542 0.107218 0.107265 0.073681 0.0352366 0.0132798 0.00795732 0.0124122 0.0229003 0.0377624 0.0543061 0.0681004 0.0746423 0.0718363 0.0612353 0.0469873 0.0333772 0.0228751 0.015808 0.011268
 1.02167e-16 6.95011e-05 0.000675575 0.00448944 0.0204083 0.063498 0.135289 0.197461 0.197471 0.135336 0.0636559 0.0208653 0.00563924 0.00319472 0.00488048 0.00802777 0.0117186 0.0150707 0.0172219 0.017755 0.0169042 0.0153235 0.0136194 0.0120401 0.01051 0.00887506
 1.01545e-16 5.70354e-05 0.000554405 0.00368421 0.0167479 0.0521091 0.111025 0.16205 0.162077 0.111158 0.0525544 0.0180335 0.00690944 0.00758914 0.0133998 0.0220169 0.0316044 0.0395215 0.0431195 0.0411831 0.0346663 0.0260734 0.0179971 0.0119395 0.00808788 0.00584131
 1.03501e-16 3.99713e-05 0.000388535 0.00258195 0.0117372 0.036519 0.0778092 0.113573 0.113614 0.0780085 0.0371882 0.0136704 0.00743622 0.0109906 0.0201901 0.0333528 0.0481275 0.0606925 0.0671574 0.0656922 0.0575761 0.0462612 0.0352556 0.0264967 0.020156 0.0154845
 1.04183e-16 5.89755e-05 0.000573263 0.00380953 0.0173176 0.0538816 0.114801 0.167559 0.167577 0.11489 0.0541792 0.0181782 0.00597387 0.00531171 0.00909833 0.0150529 0.0219234 0.0280803 0.0318877 0.0325686 0.0306124 0.0273353 0.0239755 0.0210665 0.0184679 0.0158199
 1.03344e-16 5.35165e-05 0.0005202 0.00345691 0.0157146 0.0488942 0.104175 0.152053 0.152081 0.104313 0.0493581 0.0170544 0.00681972 0.00786079 0.0139935 0.0230466 0.0331891 0.0417282 0.0459573 0.0446347 0.0387224 0.030726 0.0231873 0.0175001 0.013734 0.0112253
 1.0335e-16 5.27476e-05 0.000512725 0.00340724 0.0154888 0.0481917 0.102678 0.149868 0.149896 0.102813 0.048644 0.0167958 0.00668944 0.00768299 0.0136855 0.0225806 0.0326137 0.0411994 0.0457273 0.044976 0.0398114 0.0325452 0.0255032 0.019933 0.0158878 0.0128165
pSPR Fmed_Fpbrs
0.541722   0.210882 0.210882
Fs Fmed_Fpbrs
0.34   1.005 1.005
SSBpbr Bo_Bmed_Bpbrs
572372  281448  92084.4 92084.4
Ro
98652.6
SPR SPRFo_SPRFmed_SPRFpbrs
710112 384683 149750
Fref
1.005
Nvult_r0
 28939.2 7720.55 1675.32 213.976 110.911
CTP_r0
 12943.2 3869.9 839.75 107.255 55.5938
YTP_r0
236933
Np
 87237.1 14288.7 832.999 180.329 44.3998
Nvult_p0
 72948.4 12364.6 720.828 156.046 38.4209
CTP_p0
 32626.7 2683.14 580.85 126.042 18.5146
 32626.7 6197.71 361.313 78.2175 19.2584
YTP_p0
 311407 365981
CBA_c0
259276
log_Ro
11.3194
likeval ReclasPelacesDesembMPH_pf_preclas_ppelaces_ptallas_desvR_qrecl_qpela
 0.000573349 21.6096 0.0260949 51.2784 262.847 143.429 122.372 0 18.7763 9.73018e-05 0.000254127 0.0427152 0 0 0
q_reclas_q_pelaces
4.03499 9.53004
M
1
N
 147092 28517.6 38709.2 3288.3 0.158829
 93995.8 39782 7159.34 9717.96 825.567
 83650.5 19525.2 7196.09 1295.04 1907.2
 136297 17462.7 3553.71 1309.74 582.829
 105194 26144.2 2861.22 582.269 310.093
 243739 31696.4 7506.15 821.473 256.202
 93482.6 68801.1 8391.48 1987.22 285.309
 39424.3 19223.9 12290.5 1499.04 405.961
 43355.8 13200.4 6291.73 4022.53 623.483
 54202.5 11318.7 3171.65 1511.71 1116.3
 82680.5 12797.7 2400.48 672.646 557.349
 120699 27169.4 4092.07 767.552 393.29
 72420.3 26756.2 5327.94 802.458 227.642
 33825.1 14552.1 4644.33 924.821 178.804
 75159.2 873.847 197.669 63.0865 14.9912
 199500 12538.9 120.391 27.2331 10.7569
 47133.2 28159.5 1403.63 13.4768 4.25268
 267312 6321.67 2958.51 147.469 1.8627
 315471 39255 743.327 347.874 17.559
 237304 42128.4 4102 77.6748 38.1863
 240380 40325.2 5938.29 578.205 16.3314
 298096 47546.6 6863.96 1010.79 101.199
 53555.2 44339.7 5680.33 820.029 132.848
 118379 8781.28 5978.73 765.93 128.485
 154048 20535.5 1269.92 864.621 129.347
 45866.4 27477.9 3074.28 190.113 148.802
 133817 8837.46 4527.27 506.52 55.8399
 122263 27476.6 1575.74 807.225 100.27
 56581.7 27561.8 5501.71 315.515 181.71
 81817.1 11925.9 5076.66 1013.37 91.5849
 63626.1 17436.8 2227.06 948.023 206.341
 34607.6 8921.99 1936.03 247.273 128.171
pred_Ctot
 25246.4 5904.81 8015.07 680.869 0.0328868
 27083.7 13528.4 2434.64 3304.73 280.746
 23938 6596.96 2431.34 437.555 644.384
 43442.1 6529.06 1328.69 489.693 217.912
 12229 3702.6 405.212 82.4621 43.916
 36633.8 5769.07 1366.19 149.516 46.6313
 27307.7 23701.2 2890.77 684.574 98.2858
 2256.2 1353.73 865.49 105.561 28.5875
 8181.9 2995.93 1427.96 912.945 141.504
 12720.4 3167.47 887.565 423.042 312.388
 5631.15 1070.57 200.808 56.2691 46.6242
 31585.7 8434.59 1270.36 238.283 122.095
 21807.7 9484.6 1888.66 284.457 80.6952
 23938.5 11015.3 3515.56 700.051 135.347
 27651.9 373.338 84.4511 26.9527 6.40474
 83829.4 6050.15 58.0899 13.1403 5.1903
 20497.1 14016.5 698.661 6.70811 2.11678
 109174 2972.37 1391.06 69.3381 0.875821
 137577 19589 370.934 173.595 8.76227
 85839.9 17719.2 1725.3 32.67 16.0611
 73837.7 14564 2144.69 208.826 5.89831
 120588 22161.7 3199.33 471.133 47.1695
 20010.9 19215.7 2461.7 355.379 57.5726
 41988 3626.85 2469.34 316.346 53.067
 53148.7 8266.69 511.211 348.058 52.0693
 14542.7 10223.3 1143.81 70.733 55.363
 39169.5 3050.25 1562.58 174.825 19.2731
 31132.4 8311.25 476.639 244.173 30.3303
 15974.7 9194.3 1835.31 105.252 60.6164
 22734.6 3918.94 1668.23 333.001 30.0955
 26857.9 8448.37 1079.04 459.331 99.9752
 11914.7 3584.49 777.817 99.3444 51.4937
F
 0.307644 0.382103 0.382103 0.382103 0.382103
 0.571545 0.709875 0.709875 0.709875 0.709875
 0.566583 0.703712 0.703712 0.703712 0.703712
 0.651205 0.808816 0.808816 0.808816 0.808816
 0.199598 0.247906 0.247906 0.247906 0.247906
 0.264878 0.328987 0.328987 0.328987 0.328987
 0.581621 0.722391 0.722391 0.722391 0.722391
 0.094135 0.116918 0.116918 0.116918 0.116918
 0.342982 0.425994 0.425994 0.425994 0.425994
 0.443459 0.550789 0.550789 0.550789 0.550789
 0.112894 0.140218 0.140218 0.140218 0.140218
 0.506531 0.629126 0.629126 0.629126 0.629126
 0.604752 0.75112 0.75112 0.75112 0.75112
 2.65605 3.29889 3.29889 3.29889 3.29889
 0.790771 0.982161 0.982161 0.982161 0.982161
 0.957928 1.18977 1.18977 1.18977 1.18977
 1.00899 1.2532 1.2532 1.2532 1.2532
 0.918338 1.1406 1.1406 1.1406 1.1406
 1.01335 1.25861 1.25861 1.25861 1.25861
 0.772366 0.959301 0.959301 0.959301 0.959301
 0.62051 0.770691 0.770691 0.770691 0.770691
 0.905535 1.1247 1.1247 1.1247 1.1247
 0.808092 1.00367 1.00367 1.00367 1.00367
 0.751731 0.933672 0.933672 0.933672 0.933672
 0.723884 0.899086 0.899086 0.899086 0.899086
 0.646734 0.803263 0.803263 0.803263 0.803263
 0.583136 0.724271 0.724271 0.724271 0.724271
 0.489743 0.608276 0.608276 0.608276 0.608276
 0.556974 0.691778 0.691778 0.691778 0.691778
 0.545904 0.678029 0.678029 0.678029 0.678029
 0.964505 1.19794 1.19794 1.19794 1.19794
 0.721795 0.896491 0.896491 0.896491 0.896491
YTP_r0W_actual
 111312 95973.5 23429 4000.6 2218.19
YTP_p0W_proyectada
 246005 46820.8 13981.1 3947.63 652.639
 246005 108150 8696.79 2449.77 678.858
CTP_r0_actual
 12943.2 3869.9 839.75 107.255 55.5938
CTP_p0_proyectada
 32626.7 2683.14 580.85 126.042 18.5146
 32626.7 6197.71 361.313 78.2175 19.2584
Wmedp
 7.54 17.45 24.07 31.32 35.25
Frms_r0
 0.80916 1.005 1.005 1.005 1.005
Zrms_r0
 1.80916 2.005 2.005 2.005 2.005
nmprior
 7.29 8.9 8.7 0
nm_flota  nm_reclas  nm_pelaces    nm_pelaL
inf 8.50143 13.4739 38.1321
cv_recla  cv_pelaces  cv_mph
0.706091 0.50923 0.584685
 ------------------------------------------------
Talla a la edad & desviaci?n 
 8 13.2811 15.8009 17.003 17.5766
 0.8 1.32811 1.58009 1.7003 1.75766
