years
 1991 1992 1993 1994 1995 1996 1997 1998 1999 2000 2001 2002 2003 2004 2005 2006 2007 2008 2009 2010 2011 2012 2013 2014 2015 2016 2017 2018 2019 2020 2021 2022
reclasobs
 0 0 0 0 0 0 0 0 0 252601 567819 844713 477998 351125 339783 2.1784e+06 2.13404e+06 4.81314e+06 1.55562e+06 2.62356e+06 3.21686e+06 3.843e+06 1.13348e+06 3.07943e+06 1.97215e+06 2.03268e+06 2.025e+06 2.42433e+06 2.27542e+06 1.05018e+06 2.36338e+06 3.18982e+06
reclaspred
 4.45783e+06 2.47502e+06 1.2045e+06 1.09862e+06 1.27266e+06 2.22563e+06 1.70006e+06 1.46349e+06 1.07895e+06 785847 722789 959414 766650 131686 468774 1.25539e+06 1.44543e+06 1.42168e+06 2.3398e+06 2.47251e+06 4.35828e+06 2.82263e+06 1.88066e+06 1.91767e+06 1.53326e+06 1.51863e+06 2.62094e+06 2.78103e+06 2.66923e+06 1.8294e+06 1.38453e+06 1.86471e+06
pelacesobs
 0 0 0 0 0 0 0 0 0 0 0 0 0 0 0 552880 188675 0 991730 2.46772e+06 1.41603e+06 1.21717e+06 2.29649e+06 1.80582e+06 0 1.4828e+06 1.56532e+06 1.57751e+06 1.42118e+06 867257 1.10002e+06 1.06204e+06
pelacespred
 748640 434297 207788 154683 202621 362019 254012 271004 199975 132633 137841 138929 114322 10432.3 77655.4 179018 201608 200925 385979 385164 648285 471044 304027 331834 251412 246344 532774 535204 440602 335529 222407 313550
mphobs
 0 0 0 0 0 0 0 0 0 0 0 0 498337 0 5186 125008 0 168611 109162 213762 579715 649985 157893 87575 83554 210694 70296 0 107559 103333 445601 22526
mphpred
 1.573e+06 1.05459e+06 494524 277674 330526 432649 691984 405367 382642 275199 174806 262579 263807 106729 9550.07 159312 476992 329487 320633 716212 860727 968078 580827 382857 492706 382284 380922 848306 903883 627908 395373 363519
desembarqueobs
 494567 514787 250237 358949 120608 361735 552515 73892 212993 205616 52469 317467 293654 387597 252695 516296 358380 742168 942051 627588 828172 859565 418607 520667 417249 300574 415391 372974 316634 284311 391294 218835
desembarquepred
 494566 514075 250570 358969 120611 361728 552491 73895.3 213028 205661 52472.8 317523 293796 387920 252641 516149 358517 742038 941368 627317 828267 859730 418682 520829 417245 300526 415362 373016 316617 284231 391327 218827
Reclutas
 159967 90255.2 89012.3 139475 115444 234768 93438.1 41692.8 43520.7 51664.3 81675.5 118542 73589.3 33351.7 87682.9 310845 51750.6 228078 539915 279132 347036 299558 64775 155931 163662 80496.5 292895 180818 76298.4 92428.4 91629.3 117812
log_desv_Rt
 0.294452 -0.277873 -0.291741 0.157371 -0.0317263 0.678085 -0.243216 -1.05019 -1.00728 -0.835747 -0.377761 -0.00524413 -0.482015 -1.27341 -0.306788 0.958778 -0.834079 0.649175 1.5109 0.851169 1.06891 0.921793 -0.609595 0.268898 0.317288 -0.392301 0.899298 0.416974 -0.445863 -0.25408 -0.262764 -0.0114276
SSB
 1.573e+06 1.05459e+06 494524 277674 330526 432649 691984 405367 382642 275199 174806 262579 249996 101986 9194.03 153865 476992 329487 331936 738450 910338 1.08652e+06 685132 433076 516487 428536 396135 848306 939275 611258 448972 417057
BT
 2.30784e+06 1.598e+06 768361 794715 689673 1.56845e+06 1.15337e+06 872281 794211 586027 496012 710898 620026 421179 599935 1.13578e+06 823875 1.38768e+06 2.43563e+06 1.69676e+06 2.83955e+06 2.16341e+06 1.20153e+06 1.67684e+06 1.12237e+06 1.02149e+06 2.50912e+06 2.0002e+06 1.3817e+06 1.24775e+06 1.01877e+06 1.21619e+06
Ftot
 0.258641 0.479494 0.472878 0.663371 0.208949 0.332624 0.714702 0.11501 0.427999 0.56561 0.150811 0.677462 0.792366 3.54576 0.899671 0.73971 0.554616 0.983638 0.732267 0.528871 0.400986 0.648841 0.501442 0.54066 0.571288 0.427655 0.305335 0.284542 0.280276 0.343746 0.589126 0.249029
BD_Bspro_t
 0.959462 0.731425 0.499459 0.399224 0.412501 0.528997 0.571716 0.396499 0.465919 0.43494 0.396545 0.585812 0.43569 0.195387 0.0251002 0.288331 0.427267 0.319694 0.290331 0.418053 0.408442 0.445325 0.373979 0.318194 0.390914 0.396525 0.429919 0.63131 0.639512 0.547155 0.498866 0.459132
BD_Bspro
 1.83383 1.22947 0.576526 0.323718 0.385333 0.50439 0.806728 0.472585 0.446092 0.320832 0.203792 0.306119 0.29145 0.118897 0.0107186 0.179378 0.556086 0.384122 0.386977 0.860899 1.06129 1.26668 0.798739 0.504888 0.60213 0.499595 0.461821 0.988971 1.09502 0.712615 0.52342 0.486213
BD_Bo
 1.5543 1.04206 0.488647 0.274374 0.326597 0.427507 0.68376 0.40055 0.378095 0.271928 0.172729 0.259458 0.247025 0.100774 0.00908477 0.152036 0.471323 0.325571 0.327991 0.729674 0.899519 1.0736 0.676989 0.427929 0.510349 0.423443 0.391427 0.838224 0.928112 0.603993 0.443636 0.412101
BD_Brms
 8.59636 5.7633 2.70255 1.51748 1.8063 2.3644 3.78166 2.21531 2.09112 1.50395 0.955307 1.43498 1.36622 0.557349 0.0502449 0.840861 2.60674 1.80063 1.81401 4.03559 4.97495 5.93775 3.74421 2.36674 2.82258 2.34193 2.16485 4.63595 5.13308 3.34049 2.45361 2.2792
Sel_flota
 0.715289 1 1 1 1
 0.715289 1 1 1 1
 0.715289 1 1 1 1
 0.715289 1 1 1 1
 0.715289 1 1 1 1
 0.715289 1 1 1 1
 0.715289 1 1 1 1
 0.715289 1 1 1 1
 0.715289 1 1 1 1
 0.715289 1 1 1 1
 0.715289 1 1 1 1
 0.715289 1 1 1 1
 0.715289 1 1 1 1
 0.715289 1 1 1 1
 0.715289 1 1 1 1
 0.715289 1 1 1 1
 0.715289 1 1 1 1
 0.715289 1 1 1 1
 0.715289 1 1 1 1
 0.715289 1 1 1 1
 0.715289 1 1 1 1
 0.715289 1 1 1 1
 0.715289 1 1 1 1
 0.715289 1 1 1 1
 0.715289 1 1 1 1
 0.715289 1 1 1 1
 0.715289 1 1 1 1
 0.715289 1 1 1 1
 0.715289 1 1 1 1
 0.715289 1 1 1 1
 0.715289 1 1 1 1
 0.715289 1 1 1 1
Sel_reclas
 0.5 1 1 1 1
 0.5 1 1 1 1
 0.5 1 1 1 1
 0.5 1 1 1 1
 0.5 1 1 1 1
 0.5 1 1 1 1
 0.5 1 1 1 1
 0.5 1 1 1 1
 0.5 1 1 1 1
 0.5 1 1 1 1
 0.5 1 1 1 1
 0.5 1 1 1 1
 0.5 1 1 1 1
 0.5 1 1 1 1
 0.5 1 1 1 1
 0.5 1 1 1 1
 0.5 1 1 1 1
 0.5 1 1 1 1
 0.5 1 1 1 1
 0.5 1 1 1 1
 0.5 1 1 1 1
 0.5 1 1 1 1
 0.5 1 1 1 1
 0.5 1 1 1 1
 0.5 1 1 1 1
 0.5 1 1 1 1
 0.5 1 1 1 1
 0.5 1 1 1 1
 0.5 1 1 1 1
 0.5 1 1 1 1
 0.5 1 1 1 1
 0.5 1 1 1 1
Sel_pelaces
 0.5 1 1 1 1
 0.5 1 1 1 1
 0.5 1 1 1 1
 0.5 1 1 1 1
 0.5 1 1 1 1
 0.5 1 1 1 1
 0.5 1 1 1 1
 0.5 1 1 1 1
 0.5 1 1 1 1
 0.5 1 1 1 1
 0.5 1 1 1 1
 0.5 1 1 1 1
 0.5 1 1 1 1
 0.5 1 1 1 1
 0.5 1 1 1 1
 0.5 1 1 1 1
 0.5 1 1 1 1
 0.5 1 1 1 1
 0.5 1 1 1 1
 0.5 1 1 1 1
 0.5 1 1 1 1
 0.5 1 1 1 1
 0.5 1 1 1 1
 0.5 1 1 1 1
 0.5 1 1 1 1
 0.5 1 1 1 1
 0.5 1 1 1 1
 0.5 1 1 1 1
 0.5 1 1 1 1
 0.5 1 1 1 1
 0.5 1 1 1 1
 0.5 1 1 1 1
pf_obs 
 0.8446 0.082 0.0669 0.0065 0
 0.8095 0.147 0.0364 0.0071 0
 0.9664 0.0169 0.016 0.0007 0
 0.9276 0.0648 0.0075 0.0001 0
 0.7033 0.2144 0.0806 0.0017 0
 0.9318 0.0425 0.0243 0.0014 0
 0.5671 0.3108 0.0964 0.0239 0.0018
 0.0768 0.2599 0.5324 0.112 0.0189
 0.490249 0.384438 0.106611 0.0170017 0.00170017
 0.7925 0.1577 0.0466 0.003 0.0002
 0.840416 0.127587 0.0312969 0.00059994 9.999e-05
 0.8084 0.0986 0.0794 0.0134 0.0002
 0.7335 0.1905 0.0724 0.0035 0.0001
 0.4001 0.4547 0.1325 0.0127 0
 0.49795 0.308269 0.164784 0.0264974 0.00249975
 0.9179 0.0499 0.0305 0.0017 0
 0.2467 0.6533 0.0926 0.0074 0
 0.9418 0.0223 0.034 0.0019 0
 0.707729 0.231977 0.0356964 0.0245975 0
 0.517169 0.277429 0.184464 0.0207286 0.00020938
 0.811772 0.124168 0.05621 0.00726502 0.000585176
 0.764997 0.148141 0.077277 0.00933861 0.000247198
 0.163321 0.427699 0.378323 0.0303852 0.000271297
 0.753843 0.0900009 0.118128 0.0371064 0.000921714
 0.721811 0.176058 0.0630433 0.0369309 0.00215725
 0.143369 0.312575 0.442814 0.0836902 0.0175525
 0.692698 0.0596174 0.167031 0.0765114 0.00414204
 0.394062 0.376323 0.152708 0.0712218 0.00568511
 0.125707 0.32114 0.495352 0.0537591 0.00404204
 0.23352 0.215282 0.420074 0.123614 0.00750983
 0.796117 0.104755 0.0508955 0.0450114 0.00322123
 0.162477 0.292055 0.404252 0.121198 0.0200186
pf_pred 
 0.527047 0.145405 0.304992 0.0225562 8.62787e-07
 0.462945 0.332715 0.0628224 0.131772 0.00974583
 0.617516 0.21694 0.102558 0.0193647 0.0436222
 0.765105 0.166838 0.0386011 0.0182486 0.0112076
 0.689143 0.260104 0.0360482 0.00834042 0.00636449
 0.784245 0.164522 0.0428689 0.00594127 0.00242358
 0.471684 0.445521 0.0631348 0.0164508 0.00320999
 0.462343 0.315354 0.187465 0.0265656 0.00827281
 0.559956 0.242329 0.115966 0.0689372 0.0128113
 0.686539 0.205979 0.0591895 0.0283251 0.0199673
 0.783477 0.167124 0.0324607 0.00932781 0.00761052
 0.739066 0.218773 0.0325422 0.00632068 0.0032982
 0.634926 0.298314 0.0559734 0.00832596 0.002461
 0.590892 0.301593 0.0878537 0.0164842 0.00317677
 0.982957 0.013883 0.00232977 0.000678659 0.000151879
 0.933477 0.0658298 0.000564432 9.47199e-05 3.37666e-05
 0.358408 0.614178 0.0271287 0.000232604 5.29497e-05
 0.866859 0.0616032 0.0684812 0.00302486 3.18394e-05
 0.902 0.0897689 0.00380845 0.00423366 0.000188972
 0.627316 0.348906 0.0217804 0.000924035 0.00107305
 0.726775 0.196956 0.0714036 0.00445736 0.000408704
 0.65704 0.274181 0.0495798 0.0179745 0.00122494
 0.346466 0.490395 0.130422 0.0235841 0.00913276
 0.760667 0.107047 0.0992637 0.0263996 0.00662241
 0.726257 0.227241 0.0207991 0.0192869 0.00641614
 0.548167 0.363281 0.0735089 0.00672819 0.00831452
 0.865349 0.0870207 0.0382959 0.00774906 0.00158575
 0.582469 0.377643 0.025778 0.0113443 0.00276523
 0.41091 0.395795 0.174829 0.0119338 0.00653197
 0.602057 0.201241 0.13216 0.0583769 0.00616591
 0.645011 0.245564 0.0553364 0.0363407 0.0177477
 0.74317 0.18958 0.0465202 0.010483 0.0102466
pobs_RECLAS
 0 0 0 0 0
 0 0 0 0 0
 0 0 0 0 0
 0 0 0 0 0
 0 0 0 0 0
 0 0 0 0 0
 0 0 0 0 0
 0 0 0 0 0
 0 0 0 0 0
 0 0 0 0 0
 0.991045 0.00858322 0.000360255 1.14367e-05 0
 0.934742 0.0480273 0.0164251 0.00080598 0
 0.827803 0.169806 0.00239088 0 0
 0.941827 0.0461693 0.0120037 0 0
 0.791401 0.0380133 0.147996 0.0225897 0
 0.846168 0.0940531 0.0597789 0 0
 0.134021 0.677848 0.182769 0.00536245 0
 0.80878 0.0450904 0.141981 0.00414843 0
 0.846168 0.0940531 0.0597789 0 0
 0.905697 0.0802665 0.012482 0.00150086 5.37128e-05
 0.989698 0.0102097 9.19794e-05 0 0
 0.975433 0.0193895 0.00387452 0.00125025 5.28907e-05
 0.303575 0.632131 0.0575291 0.00676475 0
 0.966965 0.00978017 0.0227588 0.000495775 0
 0.843318 0.132988 0.00938335 0.0141283 0.000182051
 0.564624 0.303363 0.111486 0.0197234 0.00080311
 0.826376 0.0876187 0.0782897 0.00655872 0.00115652
 0.89761 0.0855135 0.0140674 0.00269457 0.000114338
 0.34875 0.467042 0.161289 0.0227151 0.000203297
 0.318654 0.224769 0.449479 0.00709798 0
 0.937255 0.0296025 0.0250945 0.00804832 0
 0.456809 0.399803 0.12412 0.0192676 0
ppred_RECLAS
 0.439678 0.172265 0.361333 0.026723 1.02217e-06
 0.379652 0.384316 0.0725657 0.152209 0.0112573
 0.534 0.264308 0.124951 0.023593 0.0531472
 0.699838 0.213195 0.0493265 0.023319 0.0143216
 0.609152 0.327035 0.0453242 0.0104866 0.00800221
 0.719578 0.213832 0.0557176 0.00772198 0.00314998
 0.390494 0.513986 0.0728371 0.0189789 0.00370329
 0.37612 0.365927 0.217528 0.0308259 0.00959952
 0.474117 0.2896 0.138588 0.0823848 0.0153104
 0.609484 0.256613 0.0737395 0.0352881 0.0248757
 0.717465 0.218076 0.0423569 0.0121716 0.00993075
 0.669837 0.276816 0.0411759 0.00799762 0.00417325
 0.556139 0.362693 0.068053 0.0101228 0.00299211
 0.570059 0.316951 0.0923276 0.0173236 0.00333854
 0.976631 0.0190358 0.00319448 0.000930549 0.00020825
 0.909765 0.0892946 0.000765623 0.000128483 4.58026e-05
 0.284629 0.684804 0.0302483 0.000259352 5.90385e-05
 0.8258 0.0806008 0.0896 0.00395769 4.16583e-05
 0.868604 0.12036 0.00510626 0.00567638 0.000253369
 0.544945 0.426022 0.0265943 0.00112827 0.00131022
 0.653092 0.25007 0.0906596 0.00565941 0.000518922
 0.578128 0.337267 0.0609876 0.0221102 0.00150678
 0.273641 0.545041 0.144956 0.0262121 0.0101505
 0.693472 0.137102 0.127133 0.0338116 0.00848174
 0.654102 0.287139 0.0262815 0.0243706 0.00810735
 0.462233 0.432374 0.0874896 0.00800783 0.00989586
 0.81925 0.116813 0.0514067 0.010402 0.00212864
 0.495757 0.456071 0.0311315 0.0137003 0.00333951
 0.329546 0.450462 0.198976 0.0135821 0.00743415
 0.516554 0.24448 0.160556 0.0709199 0.00749072
 0.564485 0.301268 0.0678888 0.0445843 0.0217736
 0.670718 0.243061 0.0596437 0.0134403 0.0131372
pobs_PELACES
 0 0 0 0 0
 0 0 0 0 0
 0 0 0 0 0
 0 0 0 0 0
 0 0 0 0 0
 0 0 0 0 0
 0 0 0 0 0
 0 0 0 0 0
 0 0 0 0 0
 0 0 0 0 0
 0 0 0 0 0
 0 0 0 0 0
 0 0 0 0 0
 0 0 0 0 0
 0 0 0 0 0
 0 0 0 0 0
 0.505614 0.472636 0.0217494 0 0
 0 0 0 0 0
 0.443492 0.261883 0.143347 0.151278 0
 0.227955 0.32914 0.350689 0.0885471 0.00366901
 0.970185 0.0296113 0.000203453 0 0
 0.997202 0.00247181 0.000326279 0 0
 0.445219 0.490057 0.0546422 0.010081 0
 0.90214 0.0892962 0.00764917 0.000914606 0
 0 0 0 0 0
 0.581667 0.319106 0.0959925 0.00289975 0.000334073
 0.762889 0.0836404 0.116647 0.0363945 0.000428098
 0.88444 0.0763242 0.0277011 0.0115352 0
 0.521256 0.241999 0.230069 0.00667565 0
 0.616807 0.101726 0.260614 0.0208532 0
 0.833518 0.0704572 0.0857862 0.0102388 0
 0.697417 0.212968 0.0787535 0.0105354 0.000325836
ppred_PELACES
 0.445673 0.170422 0.357467 0.0264371 1.01123e-06
 0.390318 0.377708 0.071318 0.149592 0.0110638
 0.545038 0.258048 0.121992 0.0230342 0.0518883
 0.712766 0.204013 0.0472021 0.0223147 0.0137048
 0.613816 0.323132 0.0447833 0.0103615 0.00790672
 0.725841 0.209057 0.0544733 0.00754953 0.00307963
 0.406589 0.500414 0.0709137 0.0184778 0.0036055
 0.378659 0.364438 0.216643 0.0307005 0.00956045
 0.484152 0.284073 0.135944 0.0808127 0.0150182
 0.622056 0.248351 0.0713656 0.034152 0.0240749
 0.720329 0.215865 0.0419277 0.0120482 0.0098301
 0.683759 0.265144 0.0394397 0.0076604 0.00399728
 0.574431 0.347746 0.0652484 0.00970561 0.0028688
 0.649133 0.258658 0.0753467 0.0141375 0.00272452
 0.978484 0.0175261 0.00294113 0.000856747 0.000191733
 0.915311 0.0838072 0.000718573 0.000120587 4.29879e-05
 0.295357 0.674534 0.0297946 0.000255463 5.81531e-05
 0.838697 0.0746334 0.0829663 0.00366468 3.85741e-05
 0.876259 0.113348 0.00480878 0.00534568 0.000238608
 0.557238 0.414514 0.025876 0.00109779 0.00127483
 0.661578 0.243953 0.088442 0.00552098 0.000506229
 0.592921 0.325441 0.058849 0.0213349 0.00145395
 0.283104 0.53794 0.143067 0.0258706 0.0100182
 0.704162 0.13232 0.122699 0.0326323 0.00818593
 0.666143 0.277143 0.0253666 0.0235222 0.00782511
 0.472235 0.424332 0.0858624 0.0078589 0.00971181
 0.823459 0.114093 0.0502096 0.0101598 0.00207907
 0.502441 0.450027 0.0307189 0.0135187 0.00329525
 0.335391 0.446535 0.197241 0.0134637 0.00736935
 0.524614 0.240403 0.157879 0.0697375 0.00736584
 0.578041 0.291891 0.0657757 0.0431965 0.0210959
 0.675864 0.239262 0.0587114 0.0132302 0.0129319
pobs_pel_tallas
 0 0 0 0 0 0 0 0 0 0 0 0 0 0 0 0 0 0 0 0 0 0 0 0 0 0
 0 0 0 0 0 0 0 0 0 0 0 0 0 0 0 0 0 0 0 0 0 0 0 0 0 0
 0 0 0 0 0 0 0 0 0 0 0 0 0 0 0 0 0 0 0 0 0 0 0 0 0 0
 0 0 0 0 0 0 0 0 0 0 0 0 0 0 0 0 0 0 0 0 0 0 0 0 0 0
 0 0 0 0 0 0 0 0 0 0 0 0 0 0 0 0 0 0 0 0 0 0 0 0 0 0
 0 0 0 0 0 0 0 0 0 0 0 0 0 0 0 0 0 0 0 0 0 0 0 0 0 0
 0 0 0 0 0 0 0 0 0 0 0 0 0 0 0 0 0 0 0 0 0 0 0 0 0 0
 0 0 0 0 0 0 0 0 0 0 0 0 0 0 0 0 0 0 0 0 0 0 0 0 0 0
 0 0 0 0 0 0 0 0 0 0 0 0 0 0 0 0 0 0 0 0 0 0 0 0 0 0
 0 0 0 0 0 0 0 0 0 0 0 0 0 0 0 0 0 0 0 0 0 0 0 0 0 0
 0 0 0 0 0 0 0 0 0 0 0 0 0 0 0 0 0 0 0 0 0 0 0 0 0 0
 0 0 0 0 0 0 0 0 0 0 0 0 0 0 0 0 0 0 0 0 0 0 0 0 0 0
 0.00862536 0 0 0.000197151 0.00414017 0.0128641 0.00837892 0.0270097 0.101434 0.158115 0.152841 0.127902 0.109271 0.109419 0.0830992 0.0579132 0.0238553 0.00714673 0.00463305 0.00128148 0.00103504 0.000492878 0.000147863 0.000147863 4.92878e-05 0
 0 0 0 0 0 0 0 0 0 0 0 0 0 0 0 0 0 0 0 0 0 0 0 0 0 0
 0 0 0 0 0 0 0 0.0054083 0.00873648 0.0413646 0.0450493 0.0745869 0.0622846 0.0627006 0.0613931 0.0827291 0.12552 0.122667 0.0946155 0.0697135 0.0546179 0.0294188 0.0215738 0.0213955 0.0102223 0.00600262
 0 0 0 0 0.00359764 0.0251062 0.0480494 0.140153 0.205849 0.193036 0.1447 0.116669 0.0760912 0.0342217 0.00950174 0.001854 0.000860785 0 0 0 0.000165536 0 0.000143464 0 0 0
 0 0 0 0 0 0 0 0.000145254 0.000435761 0.0275982 0.070085 0.0708112 0.156366 0.174668 0.174014 0.160142 0.0824315 0.0480064 0.0283245 0.00493863 0.00203355 0 0 0 0 0
 0 0 0 0 0 0 0 0 0 0 0 0 0 0 0 0 0 0 0 0 0 0 0 0 0 0
 0 0 1.00437e-05 0.000401748 0.00122533 0.00171747 0.00176769 0.0269171 0.070346 0.194647 0.189555 0.159765 0.064822 0.0314167 0.0384472 0.0292271 0.0345202 0.0313363 0.0194345 0.0106764 0.0143323 0.0359363 0.0279516 0.0138201 0.00172751 0
 0 0.0021121 0.0136068 0.0755702 0.200478 0.177729 0.0527432 0.0373336 0.0318909 0.0142505 0.0149659 0.0166563 0.0217959 0.0798694 0.0677717 0.0528807 0.04013 0.0224614 0.0357745 0.0225083 0.00881397 0.00855152 0.00135912 0.000746735 0 0
 0 0 0 0 5.4009e-05 0.00500934 0.000945158 0.0243581 0.138947 0.33067 0.221406 0.137944 0.0707744 0.0437923 0.0131692 0.00525238 0.0047753 0.00276346 9.45158e-05 9.00151e-06 2.25038e-05 9.00151e-06 4.50075e-06 0 0 0
 0.000866109 0.00284123 0.00948549 0.0512746 0.133035 0.25785 0.225252 0.132002 0.0553304 0.0519788 0.0540692 0.017754 0.00435017 0.00159236 0.00146478 0.000404838 0.000125132 0.000115318 0.000107957 0.000100596 0 0 0 0 0 0
 0 0 0 0 0.00144013 0.00171154 0.00461396 0.0210425 0.0478622 0.0707936 0.0888783 0.103762 0.0637923 0.0337046 0.0602308 0.124433 0.169614 0.0934646 0.0462172 0.0250306 0.0313229 0.00938855 0.002487 0.000210481 0 0
 0 0.00764035 0.051015 0.0998891 0.058973 0.0496711 0.0374665 0.0718981 0.12319 0.153886 0.159021 0.0857701 0.0377988 0.023471 0.0147837 0.00900784 0.00315554 0.000888139 0.00291439 0.00214683 0.00393193 0.00274676 0.000635225 9.99891e-05 0 0
 0 0 0 0 0 0 0 0 0 0 0 0 0 0 0 0 0 0 0 0 0 0 0 0 0 0
 0 0 0 0 0 0 0 0 0 0 0 0 0 0 0 0 0 0 0 0 0 0 0 0 0 0
 0 0 0 0 0 0 0 0 0 0 0 0 0 0 0 0 0 0 0 0 0 0 0 0 0 0
 0 0 0 0 0 0 0 0 0 0 0 0 0 0 0 0 0 0 0 0 0 0 0 0 0 0
 0 0 0 0 0 0 0 0 0 0 0 0 0 0 0 0 0 0 0 0 0 0 0 0 0 0
 0 0 0 0 0 0 0 0 0 0 0 0 0 0 0 0 0 0 0 0 0 0 0 0 0 0
 0 0 0 0 0 0 0 0 0 0 0 0 0 0 0 0 0 0 0 0 0 0 0 0 0 0
 0 0 0 0 0 0 0 0 0 0 0 0 0 0 0 0 0 0 0 0 0 0 0 0 0 0
ppred_pel_tallas
 1.13011e-16 3.67096e-05 0.00035683 0.00237126 0.0107794 0.0335389 0.0714587 0.1043 0.104317 0.0715418 0.0338192 0.0115959 0.00444572 0.00496808 0.00903614 0.0155098 0.0238009 0.0329676 0.0419587 0.0501095 0.0572125 0.063032 0.0667851 0.0672305 0.0634086 0.0554198
 1.19029e-16 3.21501e-05 0.00031251 0.00207674 0.00944058 0.0293734 0.0625844 0.0913514 0.0913879 0.0627627 0.0299723 0.0111717 0.00642663 0.0098242 0.0181457 0.0300845 0.0436789 0.0557104 0.062982 0.0641852 0.0607319 0.0557529 0.0520381 0.0505152 0.0501975 0.0492611
 1.14678e-16 4.48941e-05 0.000436387 0.00289994 0.0131827 0.0410165 0.087391 0.127555 0.12758 0.0875133 0.0414277 0.0143722 0.00589292 0.00699455 0.0125727 0.0209065 0.0305694 0.039419 0.045304 0.0472693 0.0460877 0.0436058 0.0414464 0.0401151 0.0390551 0.0373422
 1.05972e-16 5.87096e-05 0.000570678 0.00379236 0.0172395 0.0536387 0.114284 0.166804 0.166824 0.11438 0.053962 0.018174 0.00613995 0.00570181 0.00982263 0.0161968 0.0234491 0.0297549 0.0333017 0.033277 0.0303464 0.0261676 0.0223391 0.0196102 0.0178157 0.0163493
 1.03753e-16 5.05593e-05 0.000491455 0.00326589 0.0148463 0.0461924 0.0984191 0.143652 0.143683 0.0985712 0.0467034 0.0163221 0.00697045 0.00857852 0.0154094 0.0253951 0.0365787 0.0460024 0.0506841 0.0492508 0.0427519 0.0339366 0.0255992 0.0192817 0.0150793 0.0122843
 1.02904e-16 5.97866e-05 0.000581147 0.00386193 0.0175558 0.0546226 0.11638 0.169864 0.169885 0.116479 0.054954 0.0185135 0.00626772 0.00583916 0.0100637 0.0165895 0.0240007 0.0304068 0.0339126 0.0336288 0.0301705 0.0251845 0.0203084 0.0163921 0.013437 0.0110422
 1.04638e-16 3.34903e-05 0.000325537 0.00216331 0.00983414 0.0305979 0.0651939 0.0951625 0.0952107 0.0654295 0.0313892 0.0121198 0.00790064 0.0128503 0.0238206 0.039328 0.0566519 0.0712441 0.0784816 0.0762239 0.0660749 0.0522684 0.0391159 0.0290092 0.0221292 0.0174413
 1.11042e-16 3.11897e-05 0.000303175 0.00201471 0.00915858 0.0284959 0.0607149 0.0886226 0.088658 0.0608879 0.0290777 0.0108423 0.0062538 0.00959912 0.0178089 0.0297133 0.0435484 0.0563245 0.0649604 0.0679615 0.0661536 0.0618039 0.056919 0.0521599 0.0470492 0.0409372
 1.14642e-16 3.9879e-05 0.000387638 0.00257599 0.0117101 0.0364347 0.0776289 0.113307 0.113335 0.0777636 0.0368876 0.0130206 0.00587428 0.00761752 0.0138591 0.0230836 0.0338087 0.043715 0.0504702 0.0530444 0.0522707 0.0500997 0.0481674 0.0468445 0.0453677 0.0426858
 1.09623e-16 5.1238e-05 0.000498052 0.00330973 0.0150456 0.0468125 0.0997398 0.145578 0.145602 0.0998571 0.0472066 0.016185 0.00617354 0.00676179 0.0119832 0.0198259 0.0287867 0.0367028 0.0414146 0.0419658 0.0391639 0.0349709 0.0312229 0.0286892 0.0270321 0.0254207
 1.04137e-16 5.93325e-05 0.000576734 0.0038326 0.0174224 0.0542078 0.115496 0.168575 0.168595 0.115598 0.0545496 0.0184099 0.0063124 0.00599372 0.0103578 0.0170579 0.0246345 0.0311243 0.0345686 0.034072 0.0303272 0.0251189 0.0202214 0.0165522 0.0140753 0.0122613
 1.02651e-16 5.63204e-05 0.000547454 0.00363803 0.016538 0.0514559 0.109633 0.160018 0.160044 0.109758 0.0518752 0.0177492 0.00667852 0.00718532 0.0126641 0.0208506 0.0300381 0.0377889 0.0416533 0.0404976 0.0351687 0.0279044 0.0209821 0.0156634 0.012042 0.0095702
 1.03431e-16 4.73152e-05 0.000459921 0.00305634 0.0138937 0.0432286 0.0921043 0.134436 0.134469 0.0922682 0.043779 0.0154837 0.00704872 0.00917905 0.0166173 0.0274248 0.0395659 0.0498858 0.0551888 0.0539825 0.04734 0.0381233 0.0292313 0.0222488 0.0172808 0.0136566
 1.0412e-16 5.34683e-05 0.000519731 0.0034538 0.0157005 0.0488501 0.104081 0.151915 0.15194 0.104203 0.0492604 0.0168864 0.00643361 0.00703457 0.0124553 0.0205821 0.0298201 0.0378664 0.0423962 0.0423172 0.0383773 0.0325722 0.0268632 0.0222326 0.0186319 0.0155533
 1.00208e-16 8.05965e-05 0.000783426 0.00520614 0.0236664 0.0736349 0.156887 0.228981 0.228983 0.156895 0.0736626 0.0237465 0.00540727 0.00122262 0.000915106 0.00138634 0.00199168 0.00250954 0.00277438 0.00271161 0.00237684 0.00191616 0.00147704 0.0011392 0.000905777 0.000739217
 1.00062e-16 7.53929e-05 0.000732846 0.00487002 0.0221384 0.0688809 0.146758 0.2142 0.214208 0.146798 0.069013 0.0225199 0.0058266 0.00281811 0.00402695 0.00651512 0.00932413 0.0116118 0.0125769 0.0118523 0.00972656 0.00696362 0.00436685 0.00242013 0.00120921 0.000567922
 1.01068e-16 2.43283e-05 0.00023648 0.0015715 0.00714383 0.0222275 0.0473604 0.0691374 0.0692024 0.0476775 0.0232918 0.0102166 0.00927915 0.0170443 0.0318919 0.0525446 0.0753582 0.0940624 0.102276 0.0970466 0.0806378 0.0590771 0.038674 0.0231873 0.0132515 0.00757936
 1.02788e-16 6.90824e-05 0.000671505 0.00446239 0.0202854 0.0631154 0.134474 0.196271 0.196278 0.13451 0.0632357 0.0206344 0.00534392 0.00261356 0.00380902 0.00632181 0.00941087 0.012478 0.0149371 0.0164747 0.0171602 0.0172599 0.0169367 0.0161209 0.0146452 0.0124813
 1.00745e-16 7.21763e-05 0.00070158 0.00466224 0.0211939 0.0659421 0.140497 0.205062 0.205073 0.14055 0.066121 0.0217104 0.00595786 0.00352727 0.00543096 0.00884422 0.0126871 0.0158583 0.0172915 0.016502 0.01388 0.01044 0.00723016 0.00485319 0.00337478 0.00253717
 1.01179e-16 4.5899e-05 0.000446155 0.00296486 0.0134778 0.0419348 0.0893479 0.130414 0.130454 0.0895428 0.0425891 0.015367 0.0077042 0.010783 0.0196505 0.0323424 0.0464178 0.0580148 0.0632255 0.0602402 0.0504373 0.0374849 0.0252079 0.0158631 0.00980507 0.00623853
 1.03255e-16 5.44933e-05 0.000529694 0.00352001 0.0160015 0.0497866 0.106076 0.154827 0.15485 0.106192 0.0501741 0.0171217 0.00633577 0.00668934 0.0117901 0.0195018 0.0283106 0.0360603 0.0405653 0.0407756 0.0373378 0.0320423 0.0266444 0.0220181 0.0181444 0.0146511
 1.04168e-16 4.88382e-05 0.000474725 0.00315472 0.0143409 0.04462 0.0950688 0.138762 0.138794 0.0952222 0.0451351 0.015829 0.0068913 0.0086356 0.0155593 0.0256758 0.0370541 0.0467491 0.0517872 0.0507949 0.0447983 0.0364859 0.0285539 0.0224345 0.0181476 0.014982
 1.08556e-16 2.33191e-05 0.00022667 0.0015063 0.00684746 0.0213053 0.045395 0.0662663 0.0663182 0.045649 0.0221582 0.00931229 0.00769857 0.0137616 0.025779 0.0427126 0.0618338 0.0783986 0.0875579 0.0870421 0.0784435 0.0659888 0.0538562 0.044174 0.0368759 0.0308695
 1.08233e-16 5.80009e-05 0.00056379 0.00374658 0.0170314 0.0529912 0.112904 0.164789 0.164802 0.112967 0.053204 0.0176484 0.00530366 0.00399083 0.00664882 0.0111159 0.0165139 0.0218329 0.026064 0.0287237 0.0300553 0.0306706 0.0309524 0.0307502 0.0295823 0.0270907
 1.04487e-16 5.48694e-05 0.00053335 0.0035443 0.0161119 0.0501302 0.106809 0.155896 0.155923 0.106939 0.0505682 0.0173766 0.00671838 0.00746045 0.0132054 0.0217317 0.0312741 0.0392834 0.043211 0.0419118 0.036343 0.0289309 0.0221211 0.0172282 0.0142513 0.0124429
 1.05018e-16 3.88974e-05 0.000378097 0.00251259 0.0114219 0.035538 0.0757189 0.110522 0.110563 0.0759189 0.0362098 0.0133628 0.00738643 0.0110238 0.0202746 0.0335022 0.0483628 0.0610346 0.0676313 0.0663382 0.0584587 0.0474651 0.0368633 0.0285535 0.0226375 0.0182821
 1.02849e-16 6.78272e-05 0.000659305 0.00438131 0.0199168 0.0619687 0.132031 0.192706 0.192717 0.132085 0.0621503 0.020442 0.00570215 0.00355156 0.00558673 0.00919659 0.0134002 0.0171831 0.0195509 0.0200332 0.0189286 0.0170339 0.0150921 0.0134129 0.011895 0.0103078
 1.02915e-16 4.13855e-05 0.000402281 0.0026733 0.0121525 0.0378111 0.0805622 0.117592 0.117635 0.0807738 0.0385217 0.0142042 0.00782087 0.0116313 0.0213433 0.0351568 0.050495 0.0631951 0.0690447 0.0661099 0.0559059 0.0424062 0.0297145 0.0201917 0.0141106 0.0105046
 1.08404e-16 2.76258e-05 0.000268532 0.00178449 0.00811208 0.0252399 0.0537779 0.0784995 0.0785427 0.0539893 0.0259504 0.0101667 0.00695175 0.0115814 0.0216081 0.0359265 0.0523248 0.0669886 0.0759909 0.0774345 0.0724411 0.0641221 0.0554483 0.0477747 0.040906 0.0341421
 1.12858e-16 4.32118e-05 0.000420034 0.00279128 0.0126888 0.0394796 0.0841162 0.122775 0.122798 0.0842306 0.0398642 0.0138025 0.00559761 0.00658168 0.01185 0.0197981 0.0291681 0.0380631 0.0445651 0.0477963 0.0483501 0.047652 0.0468004 0.0458678 0.0441199 0.0407802
 1.09875e-16 4.76125e-05 0.000462811 0.00307554 0.013981 0.0435002 0.0926828 0.135279 0.135307 0.0928205 0.0439629 0.0153182 0.00643486 0.00780584 0.0140224 0.023185 0.0335856 0.0426558 0.0478254 0.0479593 0.044036 0.0384394 0.0334399 0.0300524 0.0279513 0.026169
 1.05271e-16 5.56701e-05 0.000541133 0.00359602 0.016347 0.0508617 0.108367 0.15817 0.158193 0.10848 0.051241 0.0174429 0.00634905 0.00655804 0.0115036 0.0189846 0.0274724 0.0348233 0.0388879 0.0386791 0.0349408 0.0295932 0.0245225 0.0206684 0.0179467 0.015775
pSPR Fmed_Fpbrs
0.558526   0.23081 0.23081
Fs Fmed_Fpbrs
0.34   1.005 1.005
SSBpbr Bo_Bmed_Bpbrs
1.01203e+06  514642  182984 182984
Ro
119166
SPR SPRFo_SPRFmed_SPRFpbrs
857767 479085 197981
Fref
1.005
Nvult_r0
 96691.6 19138.9 4696.4 1058.3 1034.44
CTP_r0
 40438.4 9593.31 2354.06 530.472 518.509
YTP_r0
691838
Np
 128718 23075.2 4883.97 854.129 237.814
Nvult_p0
 105643 19967.9 4226.3 739.112 205.79
CTP_p0
 44182.1 15731.6 2751.2 675.104 195.759
 44182.1 10008.9 2118.42 370.477 103.152
YTP_p0
 701915 574017
CBA_c0
694861
log_Ro
11.5083
likeval ReclasPelacesDesembMPH_pf_preclas_ppelaces_ptallas_desvR_qrecl_qpela
 0.00032868 144.198 0.0302912 166.617 247.512 149.533 125.445 0 20.4862 4.71826e-05 0 0.103638 0 0 0
q_reclas_q_pelaces
2.64169 1
M
1
N
 159967 32512.7 68196.6 5043.6 0.192921
 90255.2 48909.1 9234.9 19370.5 1432.64
 89012.3 23562.7 11139.2 2103.28 4737.98
 139475 23348.4 5402.09 2553.82 1568.46
 115444 31924.8 4424.5 1023.69 781.168
 234768 36573.7 9529.9 1320.76 538.77
 93438.1 68079.6 9647.56 2513.84 490.515
 41692.8 20616.3 12255.5 1736.73 540.836
 43520.7 14126.7 6760.32 4018.73 746.84
 51664.3 11788.1 3387.41 1621.05 1142.73
 81675.5 12682.1 2463.26 707.834 577.519
 118542 26974.2 4012.37 779.325 406.66
 73589.3 26861.4 5040.06 749.702 221.599
 33351.7 15359.4 4474.18 839.501 161.785
 87682.9 971.286 162.996 47.4805 10.6258
 310845 16948.9 145.322 24.3871 8.69373
 51750.6 67369.1 2975.74 25.5143 5.80804
 228078 12803.6 14233.1 628.686 6.6175
 539915 41517 1761.36 1958.02 87.3973
 279132 117640 7343.66 311.555 361.799
 347036 70343.3 25502 1591.96 145.97
 299558 95833 17329.3 6282.52 428.146
 64775 69283 18426.1 3331.96 1290.28
 155931 16647.2 15436.8 4105.49 1029.87
 163662 38965.8 3566.5 3307.18 1100.2
 80496.5 40011.5 8096.21 741.037 915.754
 292895 21808.9 9597.59 1942.04 397.416
 180818 86609.6 5911.99 2601.73 634.185
 76298.4 54269.3 23971.6 1636.3 895.628
 92428.4 22969.6 15084.7 6663.15 703.777
 91629.3 26590.6 5992.01 3935.1 1921.79
 117812 22117.2 5427.24 1222.99 1195.41
pred_Ctot
 17338.4 4783.41 10033.4 742.037 0.0283833
 17032.3 12241 2311.31 4848.06 358.561
 16596.7 5830.59 2756.39 520.456 1172.41
 34610.2 7547.08 1746.16 825.49 506.984
 10255.2 3870.63 536.436 124.114 94.7105
 32036.8 6720.79 1751.22 242.703 99.0045
 24634.3 23267.9 3297.3 859.167 167.646
 2095.37 1429.21 849.603 120.397 37.493
 7437.7 3218.76 1540.34 915.668 170.168
 11228.5 3368.81 968.052 463.262 326.568
 5326.25 1136.15 220.675 63.4125 51.738
 29925.5 8858.35 1317.67 255.931 133.548
 21064.3 9896.89 1856.98 276.223 81.6465
 23223.7 11853.4 3452.89 647.874 124.856
 27696 391.171 65.6441 19.122 4.27936
 84248.1 5941.26 50.9411 8.54865 3.0475
 11062.2 18956.5 837.321 7.1793 1.63428
 77050.3 5475.57 6086.92 268.863 2.83003
 145152 14445.8 612.865 681.291 30.4099
 57305.3 31872.6 1989.64 84.4106 98.0235
 55990.9 15173.5 5500.95 343.396 31.4866
 72995 30460.7 5508.16 1996.91 136.087
 12705.2 17983.2 4782.69 864.848 334.906
 32619 4590.39 4256.63 1132.07 283.983
 35870.1 11223.5 1027.28 952.587 316.896
 13747.1 9110.5 1843.48 168.732 208.514
 36977.2 3718.49 1636.42 331.125 67.7608
 21400.6 13875.1 947.117 416.805 101.598
 8905.83 8578.23 3789.13 258.647 141.57
 12993.3 4343.08 2852.21 1259.86 133.07
 20608 7845.74 1767.99 1161.08 567.037
 12328.9 3145.06 771.752 173.909 169.987
F
 0.185003 0.258641 0.258641 0.258641 0.258641
 0.342977 0.479494 0.479494 0.479494 0.479494
 0.338244 0.472878 0.472878 0.472878 0.472878
 0.474502 0.663371 0.663371 0.663371 0.663371
 0.149459 0.208949 0.208949 0.208949 0.208949
 0.237922 0.332624 0.332624 0.332624 0.332624
 0.511218 0.714702 0.714702 0.714702 0.714702
 0.0822657 0.11501 0.11501 0.11501 0.11501
 0.306143 0.427999 0.427999 0.427999 0.427999
 0.404574 0.56561 0.56561 0.56561 0.56561
 0.107873 0.150811 0.150811 0.150811 0.150811
 0.484581 0.677462 0.677462 0.677462 0.677462
 0.566771 0.792366 0.792366 0.792366 0.792366
 2.53624 3.54576 3.54576 3.54576 3.54576
 0.643524 0.899671 0.899671 0.899671 0.899671
 0.529106 0.73971 0.73971 0.73971 0.73971
 0.396711 0.554616 0.554616 0.554616 0.554616
 0.703585 0.983638 0.983638 0.983638 0.983638
 0.523782 0.732267 0.732267 0.732267 0.732267
 0.378296 0.528871 0.528871 0.528871 0.528871
 0.286821 0.400986 0.400986 0.400986 0.400986
 0.464109 0.648841 0.648841 0.648841 0.648841
 0.358676 0.501442 0.501442 0.501442 0.501442
 0.386728 0.54066 0.54066 0.54066 0.54066
 0.408636 0.571288 0.571288 0.571288 0.571288
 0.305897 0.427655 0.427655 0.427655 0.427655
 0.218402 0.305335 0.305335 0.305335 0.305335
 0.20353 0.284542 0.284542 0.284542 0.284542
 0.200478 0.280276 0.280276 0.280276 0.280276
 0.245878 0.343746 0.343746 0.343746 0.343746
 0.421395 0.589126 0.589126 0.589126 0.589126
 0.178128 0.249029 0.249029 0.249029 0.249029
YTP_r0W_actual
 347771 237914 65678.2 19786.6 20688.5
YTP_p0W_proyectada
 333133 274516 66221.4 21144.3 6900.49
 333133 174655 50990.3 11603.4 3636.09
CTP_r0_actual
 40438.4 9593.31 2354.06 530.472 518.509
CTP_p0_proyectada
 44182.1 15731.6 2751.2 675.104 195.759
 44182.1 10008.9 2118.42 370.477 103.152
Wmedp
 7.54 17.45 24.07 31.32 35.25
Frms_r0
 0.718865 1.005 1.005 1.005 1.005
Zrms_r0
 1.71887 2.005 2.005 2.005 2.005
nmprior
 7.29 8.9 8.7 0
nm_flota  nm_reclas  nm_pelaces    nm_pelaL
inf 8.6173 7.73075 17.5191
cv_recla  cv_pelaces  cv_mph
0.534611 1.31544 1.05393
 ------------------------------------------------
Talla a la edad & desviaci?n 
 8 13.2811 15.8009 17.003 17.5766
 0.8 1.32811 1.58009 1.7003 1.75766
