years
 1991 1992 1993 1994 1995 1996 1997 1998 1999 2000 2001 2002 2003 2004 2005 2006 2007 2008 2009 2010 2011 2012 2013 2014 2015 2016 2017 2018 2019 2020
reclasobs
 0 0 0 0 0 0 0 0 0 252601 567819 844713 477998 351125 339783 2.1784e+06 2.13404e+06 4.81314e+06 1.55562e+06 2.62356e+06 3.21686e+06 3.843e+06 1.13348e+06 3.07943e+06 1.97215e+06 2.03268e+06 2.025e+06 2.42433e+06 2.27542e+06 1.05018e+06
reclaspred
 4.46425e+06 2.39369e+06 1.16669e+06 1.31618e+06 1.59154e+06 3.43045e+06 2.42307e+06 2.15073e+06 1.62646e+06 1.17076e+06 1.19726e+06 1.61508e+06 1.29953e+06 232073 723497 1.17088e+06 860819 1.84906e+06 2.18845e+06 1.87611e+06 3.28762e+06 2.23354e+06 1.28563e+06 1.68778e+06 1.37825e+06 1.16221e+06 1.70171e+06 1.8319e+06 1.37689e+06 679011
pelacesobs
 0 0 0 0 0 0 0 0 0 0 0 0 0 0 0 552880 188675 0 991730 2.46772e+06 1.41603e+06 1.21717e+06 2.29649e+06 1.80582e+06 0 1.4828e+06 1.56532e+06 1.57751e+06 1.42118e+06 867257
pelacespred
 6.36608e+06 3.36337e+06 1.52371e+06 1.03963e+06 1.59533e+06 3.13896e+06 2.67163e+06 3.1341e+06 2.41223e+06 1.48213e+06 1.48572e+06 1.48419e+06 1.34157e+06 115406 424060 626321 563599 1.09339e+06 1.40127e+06 1.2832e+06 2.38616e+06 1.74685e+06 1.143e+06 1.31656e+06 1.07452e+06 1.01871e+06 1.47802e+06 1.57057e+06 1.37007e+06 638380
mphobs
 0 0 0 0 0 0 0 0 0 0 0 0 498337 0 5186 125008 0 168611 109162 213762 579715 649985 157893 87575 83554 210694 70296 0 107559 103333
mphpred
 887295 610407 272641 158533 227422 334444 621175 351873 333560 238692 155880 253531 266461 109539 9473.69 109360 169796 104986 232296 259795 319613 363658 228366 126236 214241 184334 135750 241508 311750 154185
desembarqueobs
 494567 514787 250237 358949 120608 361735 552515 73892 212993 205616 52469 317467 293654 387597 252695 516296 358380 742168 942051 627588 828172 859565 418607 520667 417249 300574 415391 372974 316634 284311
desembarquepred
 494558 514349 250434 358948 120609 361715 552456 73894.8 213023 205653 52471.9 317497 293771 387873 252632 516181 358335 741682 941204 627139 828352 859529 418538 520717 417070 300557 415332 372926 316483 284169
Reclutas
 149233 91354.6 84144.3 131464 103610 233979 88808.7 37982.4 41254 51819.9 81420.7 122147 74091.6 32830.8 75347.9 193900 51101 265416 323724 221019 246444 290144 52751.9 121651 146539 45698.2 132924 118311 45917.5 42032.3
log_desv_Rt
 0.406019 -0.0847421 -0.166958 0.279242 0.0411403 0.855739 -0.113006 -0.962369 -0.879744 -0.651716 -0.199862 0.205731 -0.294189 -1.10812 -0.277375 0.667849 -0.665688 0.981809 1.1804 0.798756 0.907643 1.07089 -0.633892 0.201666 0.387802 -0.777433 0.290289 0.173825 -0.772645 -0.861054
SSB
 887295 610407 272641 158533 227422 334444 621175 351873 333560 238692 155880 253531 252614 104727 9086.39 104350 169796 104986 243337 270781 343976 424802 286899 148132 227383 214075 143297 241508 329003 147130
BT
 1.47137e+06 1.07553e+06 496311 622641 537757 1.4458e+06 1.05846e+06 774839 719697 542740 472563 710128 624746 421740 517520 733551 455047 1.23853e+06 1.55058e+06 973895 1.66905e+06 1.33134e+06 668862 1.07987e+06 722660 562917 1.1084e+06 943009 576248 436779
Ftot
 0.417671 0.772821 0.766278 0.907192 0.271552 0.368279 0.792882 0.129955 0.479781 0.624652 0.157354 0.67538 0.778872 3.49279 1.08707 1.34476 1.30522 1.24351 1.32164 1.07075 0.836553 1.22015 1.07439 0.999418 0.984333 0.869737 0.803335 0.67948 0.795511 1.34186
BD_Bspro_t
 0.935357 0.610758 0.344754 0.257141 0.305809 0.443439 0.533012 0.356986 0.425547 0.396497 0.366575 0.574566 0.435645 0.198182 0.0246602 0.213401 0.215401 0.137864 0.221334 0.209146 0.208583 0.240021 0.194439 0.129828 0.209952 0.233405 0.202824 0.326879 0.378484 0.222693
BD_Bspro
 1.25357 0.862381 0.385186 0.223975 0.3213 0.472501 0.877594 0.497124 0.471252 0.337224 0.220226 0.358188 0.356892 0.147957 0.0128372 0.147425 0.239886 0.148324 0.343785 0.382558 0.485968 0.600158 0.40533 0.209281 0.321245 0.302444 0.202449 0.341201 0.464814 0.207864
BD_Bo
 1.64079 1.12877 0.50417 0.293161 0.420551 0.618458 1.14868 0.650687 0.616823 0.441392 0.288254 0.468833 0.467137 0.193662 0.0168026 0.192964 0.313988 0.194142 0.449981 0.500731 0.636085 0.785548 0.530537 0.273928 0.420478 0.39587 0.264985 0.446599 0.608396 0.272074
BD_Brms
 9.20805 6.3346 2.82938 1.6452 2.36011 3.47075 6.44635 3.65162 3.46158 2.47707 1.61767 2.63106 2.62154 1.08682 0.0942955 1.0829 1.76208 1.08951 2.52527 2.81007 3.56967 4.40845 2.97735 1.53727 2.3597 2.2216 1.48708 2.50629 3.41429 1.52686
Sel_flota
 0.722593 1 1 1 1
 0.722593 1 1 1 1
 0.722593 1 1 1 1
 0.722593 1 1 1 1
 0.722593 1 1 1 1
 0.722593 1 1 1 1
 0.722593 1 1 1 1
 0.722593 1 1 1 1
 0.722593 1 1 1 1
 0.722593 1 1 1 1
 0.722593 1 1 1 1
 0.722593 1 1 1 1
 0.722593 1 1 1 1
 0.722593 1 1 1 1
 0.722593 1 1 1 1
 0.722593 1 1 1 1
 0.722593 1 1 1 1
 0.722593 1 1 1 1
 0.722593 1 1 1 1
 0.722593 1 1 1 1
 0.722593 1 1 1 1
 0.722593 1 1 1 1
 0.722593 1 1 1 1
 0.722593 1 1 1 1
 0.722593 1 1 1 1
 0.722593 1 1 1 1
 0.722593 1 1 1 1
 0.722593 1 1 1 1
 0.722593 1 1 1 1
 0.722593 1 1 1 1
Sel_reclas
 0.560571 0.865229 0.969979 0.993888 0.998779
 0.560571 0.865229 0.969979 0.993888 0.998779
 0.560571 0.865229 0.969979 0.993888 0.998779
 0.560571 0.865229 0.969979 0.993888 0.998779
 0.560571 0.865229 0.969979 0.993888 0.998779
 0.560571 0.865229 0.969979 0.993888 0.998779
 0.560571 0.865229 0.969979 0.993888 0.998779
 0.560571 0.865229 0.969979 0.993888 0.998779
 0.560571 0.865229 0.969979 0.993888 0.998779
 0.560571 0.865229 0.969979 0.993888 0.998779
 0.560571 0.865229 0.969979 0.993888 0.998779
 0.560571 0.865229 0.969979 0.993888 0.998779
 0.560571 0.865229 0.969979 0.993888 0.998779
 0.560571 0.865229 0.969979 0.993888 0.998779
 0.560571 0.865229 0.969979 0.993888 0.998779
 0.560571 0.865229 0.969979 0.993888 0.998779
 0.560571 0.865229 0.969979 0.993888 0.998779
 0.560571 0.865229 0.969979 0.993888 0.998779
 0.560571 0.865229 0.969979 0.993888 0.998779
 0.560571 0.865229 0.969979 0.993888 0.998779
 0.560571 0.865229 0.969979 0.993888 0.998779
 0.560571 0.865229 0.969979 0.993888 0.998779
 0.560571 0.865229 0.969979 0.993888 0.998779
 0.560571 0.865229 0.969979 0.993888 0.998779
 0.560571 0.865229 0.969979 0.993888 0.998779
 0.560571 0.865229 0.969979 0.993888 0.998779
 0.560571 0.865229 0.969979 0.993888 0.998779
 0.560571 0.865229 0.969979 0.993888 0.998779
 0.560571 0.865229 0.969979 0.993888 0.998779
 0.560571 0.865229 0.969979 0.993888 0.998779
Sel_pelaces
 0.148551 0.467528 0.815458 0.956967 0.991144
 0.148551 0.467528 0.815458 0.956967 0.991144
 0.148551 0.467528 0.815458 0.956967 0.991144
 0.148551 0.467528 0.815458 0.956967 0.991144
 0.148551 0.467528 0.815458 0.956967 0.991144
 0.148551 0.467528 0.815458 0.956967 0.991144
 0.148551 0.467528 0.815458 0.956967 0.991144
 0.148551 0.467528 0.815458 0.956967 0.991144
 0.148551 0.467528 0.815458 0.956967 0.991144
 0.148551 0.467528 0.815458 0.956967 0.991144
 0.148551 0.467528 0.815458 0.956967 0.991144
 0.148551 0.467528 0.815458 0.956967 0.991144
 0.148551 0.467528 0.815458 0.956967 0.991144
 0.148551 0.467528 0.815458 0.956967 0.991144
 0.148551 0.467528 0.815458 0.956967 0.991144
 0.148551 0.467528 0.815458 0.956967 0.991144
 0.148551 0.467528 0.815458 0.956967 0.991144
 0.148551 0.467528 0.815458 0.956967 0.991144
 0.148551 0.467528 0.815458 0.956967 0.991144
 0.148551 0.467528 0.815458 0.956967 0.991144
 0.148551 0.467528 0.815458 0.956967 0.991144
 0.148551 0.467528 0.815458 0.956967 0.991144
 0.148551 0.467528 0.815458 0.956967 0.991144
 0.148551 0.467528 0.815458 0.956967 0.991144
 0.148551 0.467528 0.815458 0.956967 0.991144
 0.148551 0.467528 0.815458 0.956967 0.991144
 0.148551 0.467528 0.815458 0.956967 0.991144
 0.148551 0.467528 0.815458 0.956967 0.991144
 0.148551 0.467528 0.815458 0.956967 0.991144
 0.148551 0.467528 0.815458 0.956967 0.991144
pf_obs 
 0.8446 0.082 0.0669 0.0065 0
 0.8095 0.147 0.0364 0.0071 0
 0.9664 0.0169 0.016 0.0007 0
 0.9276 0.0648 0.0075 0.0001 0
 0.7033 0.2144 0.0806 0.0017 0
 0.9318 0.0425 0.0243 0.0014 0
 0.5671 0.3108 0.0964 0.0239 0.0018
 0.0768 0.2599 0.5324 0.112 0.0189
 0.490249 0.384438 0.106611 0.0170017 0.00170017
 0.7925 0.1577 0.0466 0.003 0.0002
 0.840416 0.127587 0.0312969 0.00059994 9.999e-05
 0.8084 0.0986 0.0794 0.0134 0.0002
 0.7335 0.1905 0.0724 0.0035 0.0001
 0.4001 0.4547 0.1325 0.0127 0
 0.49795 0.308269 0.164784 0.0264974 0.00249975
 0.9179 0.0499 0.0305 0.0017 0
 0.2467 0.6533 0.0926 0.0074 0
 0.9418 0.0223 0.034 0.0019 0
 0.707729 0.231977 0.0356964 0.0245975 0
 0.517169 0.277429 0.184464 0.0207286 0.00020938
 0.811772 0.124168 0.05621 0.00726502 0.000585176
 0.764997 0.148141 0.077277 0.00933861 0.000247198
 0.163321 0.427699 0.378323 0.0303852 0.000271297
 0.753843 0.0900009 0.118128 0.0371064 0.000921714
 0.721811 0.176058 0.0630433 0.0369309 0.00215725
 0.143369 0.312575 0.442814 0.0836902 0.0175525
 0.692698 0.0596174 0.167031 0.0765114 0.00414204
 0.394062 0.376323 0.152708 0.0712218 0.00568511
 0.125707 0.32114 0.495352 0.0537591 0.00404204
 0.23352 0.215282 0.420074 0.123614 0.00750983
pf_pred 
 0.632113 0.150645 0.200118 0.0171227 8.95452e-07
 0.558292 0.317353 0.0509217 0.0676449 0.00578819
 0.6952 0.203311 0.072916 0.0116999 0.0168722
 0.820661 0.140442 0.0259457 0.0093052 0.00364624
 0.730378 0.237682 0.0250122 0.00462084 0.00230661
 0.817424 0.145484 0.0326979 0.00344093 0.000953007
 0.477946 0.453292 0.0547925 0.0123147 0.00165485
 0.47271 0.312646 0.186373 0.0225281 0.00574364
 0.579644 0.234962 0.109926 0.0655282 0.0099403
 0.71526 0.192016 0.0518292 0.024248 0.0166473
 0.796799 0.1615 0.0281208 0.00759042 0.00598914
 0.750109 0.211849 0.030235 0.00526459 0.00254227
 0.633785 0.301645 0.0547402 0.00781249 0.00201723
 0.583626 0.305227 0.0915502 0.0166138 0.00298335
 0.980462 0.0156958 0.00281677 0.000844866 0.000180852
 0.925408 0.0737195 0.000700538 0.000125719 4.57801e-05
 0.596327 0.386138 0.0173296 0.000164679 4.03152e-05
 0.955094 0.0324354 0.0119293 0.000535378 6.33306e-06
 0.866232 0.130245 0.00254421 0.000935724 4.24915e-05
 0.780451 0.2019 0.0171844 0.00033568 0.000129064
 0.815643 0.157904 0.0243271 0.00207055 5.59973e-05
 0.806294 0.169785 0.0204885 0.00315651 0.000275927
 0.456584 0.477164 0.0580702 0.00700755 0.00117397
 0.864062 0.0795762 0.0494905 0.00602292 0.00084857
 0.830522 0.154771 0.00860892 0.00535411 0.00074339
 0.547785 0.402465 0.0454331 0.00252714 0.00178992
 0.884904 0.0761562 0.0346563 0.00391224 0.000371742
 0.756026 0.22557 0.0121775 0.00554161 0.000685017
 0.527979 0.391005 0.074904 0.00404373 0.00206765
 0.698406 0.193127 0.0898506 0.0172125 0.00140436
pobs_RECLAS
 0 0 0 0 0
 0 0 0 0 0
 0 0 0 0 0
 0 0 0 0 0
 0 0 0 0 0
 0 0 0 0 0
 0 0 0 0 0
 0 0 0 0 0
 0 0 0 0 0
 0 0 0 0 0
 0.991045 0.00858322 0.000360255 1.14367e-05 0
 0.934742 0.0480273 0.0164251 0.00080598 0
 0.827803 0.169806 0.00239088 0 0
 0.941827 0.0461693 0.0120037 0 0
 0.791401 0.0380133 0.147996 0.0225897 0
 0.846168 0.0940531 0.0597789 0 0
 0.134021 0.677848 0.182769 0.00536245 0
 0.80878 0.0450904 0.141981 0.00414843 0
 0.846168 0.0940531 0.0597789 0 0
 0.905697 0.0802665 0.012482 0.00150086 5.37128e-05
 0.989698 0.0102097 9.19794e-05 0 0
 0.975433 0.0193895 0.00387452 0.00125025 5.28907e-05
 0.303575 0.632131 0.0575291 0.00676475 0
 0.966965 0.00978017 0.0227588 0.000495775 0
 0.843318 0.132988 0.00938335 0.0141283 0.000182051
 0.564624 0.303363 0.111486 0.0197234 0.00080311
 0.826376 0.0876187 0.0782897 0.00655872 0.00115652
 0.89761 0.0855135 0.0140674 0.00269457 0.000114338
 0.34875 0.467042 0.161289 0.0227151 0.000203297
 0.318654 0.224769 0.449479 0.00709798 0
ppred_RECLAS
 0.592583 0.155514 0.231597 0.0203045 1.06708e-06
 0.528854 0.325875 0.0586195 0.0797902 0.00686103
 0.668463 0.211985 0.085231 0.0140131 0.0203074
 0.805219 0.148327 0.0307197 0.011289 0.00444535
 0.706818 0.254607 0.030037 0.00568591 0.00285224
 0.798314 0.156748 0.0394945 0.00425861 0.00118528
 0.454007 0.466289 0.0631872 0.0145515 0.00196505
 0.434208 0.319249 0.213348 0.0264246 0.00677021
 0.542526 0.241579 0.126705 0.0773922 0.0117978
 0.687943 0.201621 0.0610105 0.029247 0.0201781
 0.774661 0.174411 0.0340455 0.00941613 0.00746627
 0.729999 0.224553 0.0359279 0.00641005 0.00311065
 0.609747 0.314488 0.0639803 0.00935631 0.00242775
 0.611985 0.275176 0.0925289 0.0172054 0.00310478
 0.978697 0.016691 0.00335801 0.00103203 0.000222003
 0.92201 0.0769644 0.000819917 0.00015077 5.51725e-05
 0.583099 0.3967 0.019959 0.000194341 4.78109e-05
 0.951217 0.0340784 0.0140509 0.00064614 7.68089e-06
 0.860127 0.135729 0.00297233 0.00112012 5.11155e-05
 0.767508 0.211729 0.0202026 0.000404366 0.000156239
 0.800938 0.167535 0.0289356 0.00252351 6.85831e-05
 0.795075 0.176886 0.0239297 0.00377754 0.000331839
 0.437032 0.486937 0.0664338 0.00821442 0.00138293
 0.849497 0.0837769 0.0584108 0.00728374 0.00103126
 0.818849 0.163547 0.0101984 0.00649898 0.000906791
 0.52562 0.416525 0.0527127 0.00300434 0.00213837
 0.872076 0.0812315 0.0414411 0.00479348 0.000457719
 0.738075 0.239803 0.0145132 0.0067673 0.000840647
 0.502894 0.403252 0.0866024 0.00479052 0.00246155
 0.67885 0.196743 0.102614 0.0201422 0.00165148
pobs_PELACES
 0 0 0 0 0
 0 0 0 0 0
 0 0 0 0 0
 0 0 0 0 0
 0 0 0 0 0
 0 0 0 0 0
 0 0 0 0 0
 0 0 0 0 0
 0 0 0 0 0
 0 0 0 0 0
 0 0 0 0 0
 0 0 0 0 0
 0 0 0 0 0
 0 0 0 0 0
 0 0 0 0 0
 0 0 0 0 0
 0.505614 0.472636 0.0217494 0 0
 0 0 0 0 0
 0.443492 0.261883 0.143347 0.151278 0
 0.227955 0.32914 0.350689 0.0885471 0.00366901
 0.970185 0.0296113 0.000203453 0 0
 0.997202 0.00247181 0.000326279 0 0
 0.445219 0.490057 0.0546422 0.010081 0
 0.90214 0.0892962 0.00764917 0.000914606 0
 0 0 0 0 0
 0.581667 0.319106 0.0959925 0.00289975 0.000334073
 0.762889 0.0836404 0.116647 0.0363945 0.000428098
 0.88444 0.0763242 0.0277011 0.0115352 0
 0.521256 0.241999 0.230069 0.00667565 0
 0.616807 0.101726 0.260614 0.0208532 0
ppred_PELACES
 0.353576 0.182109 0.421945 0.0423679 2.29481e-06
 0.327411 0.383279 0.107268 0.167223 0.0148198
 0.46361 0.279478 0.174824 0.0329199 0.0491684
 0.656613 0.226975 0.0731375 0.030782 0.0124927
 0.528757 0.378838 0.0695351 0.0150754 0.007794
 0.639813 0.247669 0.0970887 0.01199 0.00343938
 0.287224 0.5594 0.11794 0.031107 0.00432944
 0.232665 0.344688 0.358385 0.050838 0.0134242
 0.317258 0.275683 0.22496 0.157373 0.0247253
 0.480833 0.271379 0.127764 0.0701462 0.0498782
 0.599139 0.271123 0.0823407 0.0260824 0.021315
 0.561358 0.330991 0.0823936 0.0168362 0.00842055
 0.424613 0.415828 0.131619 0.0220444 0.00589527
 0.475663 0.316765 0.165717 0.0352918 0.00656369
 0.956414 0.0301087 0.00942443 0.00331732 0.000735464
 0.866767 0.130444 0.00216206 0.000455336 0.000171731
 0.429422 0.52862 0.0413794 0.000461455 0.000117004
 0.901517 0.0587715 0.0377012 0.00198563 2.43271e-05
 0.769702 0.219443 0.00747664 0.00322698 0.000151771
 0.629674 0.321126 0.0476723 0.00109283 0.000435185
 0.661316 0.261269 0.0702067 0.00701247 0.000196422
 0.66316 0.269046 0.0566283 0.0102383 0.00092694
 0.280206 0.57697 0.122471 0.0173437 0.00300935
 0.706638 0.129675 0.140666 0.0200896 0.0029315
 0.69521 0.258733 0.0251018 0.0183206 0.00263456
 0.354706 0.529287 0.104215 0.00680271 0.00499028
 0.747991 0.131996 0.104768 0.0138794 0.00136592
 0.582588 0.362688 0.0341511 0.018238 0.00233498
 0.324951 0.493995 0.165059 0.0104571 0.0055379
 0.487767 0.254929 0.206868 0.0465062 0.00392993
pobs_pel_tallas
 0 0 0 0 0 0 0 0 0 0 0 0 0 0 0 0 0 0 0 0 0 0 0 0 0 0
 0 0 0 0 0 0 0 0 0 0 0 0 0 0 0 0 0 0 0 0 0 0 0 0 0 0
 0 0 0 0 0 0 0 0 0 0 0 0 0 0 0 0 0 0 0 0 0 0 0 0 0 0
 0 0 0 0 0 0 0 0 0 0 0 0 0 0 0 0 0 0 0 0 0 0 0 0 0 0
 0 0 0 0 0 0 0 0 0 0 0 0 0 0 0 0 0 0 0 0 0 0 0 0 0 0
 0 0 0 0 0 0 0 0 0 0 0 0 0 0 0 0 0 0 0 0 0 0 0 0 0 0
 0 0 0 0 0 0 0 0 0 0 0 0 0 0 0 0 0 0 0 0 0 0 0 0 0 0
 0 0 0 0 0 0 0 0 0 0 0 0 0 0 0 0 0 0 0 0 0 0 0 0 0 0
 0 0 0 0 0 0 0 0 0 0 0 0 0 0 0 0 0 0 0 0 0 0 0 0 0 0
 0 0 0 0 0 0 0 0 0 0 0 0 0 0 0 0 0 0 0 0 0 0 0 0 0 0
 0 0 0 0 0 0 0 0 0 0 0 0 0 0 0 0 0 0 0 0 0 0 0 0 0 0
 0 0 0 0 0 0 0 0 0 0 0 0 0 0 0 0 0 0 0 0 0 0 0 0 0 0
 0.00862536 0 0 0.000197151 0.00414017 0.0128641 0.00837892 0.0270097 0.101434 0.158115 0.152841 0.127902 0.109271 0.109419 0.0830992 0.0579132 0.0238553 0.00714673 0.00463305 0.00128148 0.00103504 0.000492878 0.000147863 0.000147863 4.92878e-05 0
 0 0 0 0 0 0 0 0 0 0 0 0 0 0 0 0 0 0 0 0 0 0 0 0 0 0
 0 0 0 0 0 0 0 0.0054083 0.00873648 0.0413646 0.0450493 0.0745869 0.0622846 0.0627006 0.0613931 0.0827291 0.12552 0.122667 0.0946155 0.0697135 0.0546179 0.0294188 0.0215738 0.0213955 0.0102223 0.00600262
 0 0 0 0 0.00359764 0.0251062 0.0480494 0.140153 0.205849 0.193036 0.1447 0.116669 0.0760912 0.0342217 0.00950174 0.001854 0.000860785 0 0 0 0.000165536 0 0.000143464 0 0 0
 0 0 0 0 0 0 0 0.000145254 0.000435761 0.0275982 0.070085 0.0708112 0.156366 0.174668 0.174014 0.160142 0.0824315 0.0480064 0.0283245 0.00493863 0.00203355 0 0 0 0 0
 0 0 0 0 0 0 0 0 0 0 0 0 0 0 0 0 0 0 0 0 0 0 0 0 0 0
 0 0 1.00437e-05 0.000401748 0.00122533 0.00171747 0.00176769 0.0269171 0.070346 0.194647 0.189555 0.159765 0.064822 0.0314167 0.0384472 0.0292271 0.0345202 0.0313363 0.0194345 0.0106764 0.0143323 0.0359363 0.0279516 0.0138201 0.00172751 0
 0 0.0021121 0.0136068 0.0755702 0.200478 0.177729 0.0527432 0.0373336 0.0318909 0.0142505 0.0149659 0.0166563 0.0217959 0.0798694 0.0677717 0.0528807 0.04013 0.0224614 0.0357745 0.0225083 0.00881397 0.00855152 0.00135912 0.000746735 0 0
 0 0 0 0 5.4009e-05 0.00500934 0.000945158 0.0243581 0.138947 0.33067 0.221406 0.137944 0.0707744 0.0437923 0.0131692 0.00525238 0.0047753 0.00276346 9.45158e-05 9.00151e-06 2.25038e-05 9.00151e-06 4.50075e-06 0 0 0
 0.000866109 0.00284123 0.00948549 0.0512746 0.133035 0.25785 0.225252 0.132002 0.0553304 0.0519788 0.0540692 0.017754 0.00435017 0.00159236 0.00146478 0.000404838 0.000125132 0.000115318 0.000107957 0.000100596 0 0 0 0 0 0
 0 0 0 0 0.00144013 0.00171154 0.00461396 0.0210425 0.0478622 0.0707936 0.0888783 0.103762 0.0637923 0.0337046 0.0602308 0.124433 0.169614 0.0934646 0.0462172 0.0250306 0.0313229 0.00938855 0.002487 0.000210481 0 0
 0 0.00764035 0.051015 0.0998891 0.058973 0.0496711 0.0374665 0.0718981 0.12319 0.153886 0.159021 0.0857701 0.0377988 0.023471 0.0147837 0.00900784 0.00315554 0.000888139 0.00291439 0.00214683 0.00393193 0.00274676 0.000635225 9.99891e-05 0 0
 0 0 0 0 0 0 0 0 0 0 0 0 0 0 0 0 0 0 0 0 0 0 0 0 0 0
 0 0 0 0 0 0 0 0 0 0 0 0 0 0 0 0 0 0 0 0 0 0 0 0 0 0
 0 0 0 0 0 0 0 0 0 0 0 0 0 0 0 0 0 0 0 0 0 0 0 0 0 0
 0 0 0 0 0 0 0 0 0 0 0 0 0 0 0 0 0 0 0 0 0 0 0 0 0 0
 0 0 0 0 0 0 0 0 0 0 0 0 0 0 0 0 0 0 0 0 0 0 0 0 0 0
 0 0 0 0 0 0 0 0 0 0 0 0 0 0 0 0 0 0 0 0 0 0 0 0 0 0
ppred_pel_tallas
 1.16473e-16 2.91236e-05 0.000283092 0.00188125 0.00855189 0.0266082 0.0566922 0.0827478 0.0827659 0.0567813 0.0269092 0.00942923 0.00411351 0.00525537 0.0097628 0.0168503 0.0260305 0.0363958 0.0469085 0.0568909 0.0660509 0.0739363 0.0794106 0.0808362 0.0769758 0.0679033
 1.22472e-16 2.69685e-05 0.000262143 0.00174203 0.00791906 0.0246393 0.0524981 0.0766302 0.0766673 0.0526793 0.0252484 0.00968012 0.00617014 0.00995473 0.0185142 0.0307813 0.0448712 0.0576098 0.065839 0.0682746 0.0663014 0.0629285 0.0607171 0.0603084 0.0604699 0.0592669
 1.16739e-16 3.8187e-05 0.000371191 0.0024667 0.0112133 0.0348887 0.0743352 0.1085 0.108527 0.074468 0.0353354 0.0125064 0.00572379 0.00751865 0.0137224 0.022915 0.0336897 0.0438148 0.0510268 0.0542951 0.0543522 0.0529706 0.051606 0.0505341 0.0490248 0.0461561
 1.0737e-16 5.40844e-05 0.000525719 0.00349359 0.0158814 0.049413 0.10528 0.153664 0.153686 0.105388 0.0497734 0.0169235 0.00611317 0.00625666 0.010975 0.018156 0.0263815 0.0336726 0.0380502 0.0386184 0.0360719 0.0321467 0.0284702 0.0257307 0.0236634 0.0216105
 1.04935e-16 4.35531e-05 0.000423352 0.00281332 0.012789 0.0397915 0.0847813 0.123748 0.123785 0.0849598 0.0403911 0.0145212 0.00716279 0.00992256 0.0180969 0.029882 0.0431196 0.0543875 0.0602184 0.0590068 0.051944 0.042165 0.0328262 0.0256239 0.0206127 0.0169843
 1.0465e-16 5.27006e-05 0.000512268 0.00340421 0.015475 0.0481487 0.102587 0.149733 0.149757 0.102704 0.0485424 0.0166134 0.00626621 0.00677549 0.0119929 0.0198609 0.0288787 0.0368837 0.041685 0.0422371 0.0391972 0.0343518 0.0294186 0.025198 0.0215843 0.0181397
 1.07399e-16 2.36584e-05 0.000229968 0.00152822 0.0069471 0.0216153 0.0460557 0.0672309 0.0672849 0.0463195 0.0225012 0.00950682 0.00795659 0.0142735 0.0267255 0.0442253 0.0638932 0.0807399 0.0896752 0.0883318 0.0784297 0.0645084 0.0511059 0.0406111 0.033044 0.0272366
 1.17801e-16 1.91643e-05 0.000186284 0.00123793 0.00562745 0.0175093 0.0373066 0.0544571 0.0544909 0.0374716 0.0180647 0.0072379 0.00530424 0.0091421 0.0172596 0.0291081 0.0433403 0.0574473 0.0687889 0.0760188 0.0796039 0.080926 0.080814 0.0788624 0.0740227 0.0657529
 1.26529e-16 2.61322e-05 0.000254014 0.00168802 0.0076735 0.0238752 0.0508697 0.0742515 0.0742784 0.0510014 0.0243184 0.00895808 0.00492992 0.00738948 0.0137515 0.023155 0.0344562 0.0456976 0.0549169 0.0613114 0.0656259 0.0693094 0.0731333 0.0764471 0.0776043 0.0750775
 1.19232e-16 3.96057e-05 0.000384981 0.00255834 0.0116298 0.0361849 0.0770967 0.11253 0.112557 0.0772254 0.0366176 0.0128819 0.00570975 0.00729364 0.0132474 0.0220707 0.0323488 0.0418895 0.0485077 0.0512853 0.0511001 0.0498911 0.0492513 0.0494768 0.0496676 0.0485536
 1.08669e-16 4.93503e-05 0.000479703 0.0031878 0.0144913 0.0450879 0.0960654 0.140216 0.140242 0.0961935 0.0455182 0.0157353 0.00631446 0.00731826 0.0130757 0.0216414 0.0314149 0.040028 0.0451009 0.0455552 0.0422312 0.0372383 0.032581 0.0291499 0.0266814 0.0244029
 1.05576e-16 4.62384e-05 0.000449454 0.00298678 0.0135775 0.0422448 0.0900082 0.131376 0.131408 0.0901644 0.0427694 0.0150935 0.00679505 0.00877232 0.0158805 0.0262528 0.0379831 0.0481204 0.0536762 0.0532608 0.0478742 0.0401496 0.0326926 0.0268337 0.0225254 0.0190588
 1.07113e-16 3.49749e-05 0.000339968 0.00225921 0.0102701 0.0319542 0.0680833 0.099378 0.0994182 0.0682798 0.0326142 0.0121778 0.00705342 0.0108242 0.0200006 0.0331508 0.0480802 0.0611468 0.0686329 0.0687856 0.062785 0.0537896 0.044885 0.0375879 0.0317882 0.02668
 1.09514e-16 3.91798e-05 0.000380841 0.00253083 0.0115048 0.0357958 0.0762679 0.111322 0.111352 0.0764182 0.0363008 0.0129659 0.00620806 0.00843986 0.0154375 0.0257021 0.0375888 0.0484582 0.0556112 0.0577613 0.0556892 0.0514766 0.0469946 0.0429077 0.0388069 0.0340394
 1.00737e-16 7.87786e-05 0.000765756 0.00508872 0.0231326 0.071974 0.153348 0.223817 0.22382 0.153363 0.0720218 0.0232707 0.00543599 0.00152532 0.00152567 0.00240897 0.00348949 0.00444501 0.00500529 0.00504751 0.00466096 0.00407554 0.00351095 0.0030672 0.00272163 0.00240025
 1.00171e-16 7.13945e-05 0.00069398 0.00461174 0.0209643 0.0652278 0.138975 0.202841 0.202854 0.139036 0.0654335 0.0215581 0.00610104 0.0039408 0.00622494 0.0101446 0.0145281 0.0181037 0.0196293 0.0185344 0.0152665 0.0110095 0.00700642 0.00400238 0.00212543 0.0011159
 1.01396e-16 3.5371e-05 0.000343819 0.0022848 0.0103864 0.0323162 0.068855 0.100507 0.100558 0.0691037 0.0331509 0.0127965 0.00833159 0.0135342 0.0250574 0.0412922 0.0592971 0.0741781 0.0809607 0.0773324 0.0650261 0.0486748 0.0331032 0.0211502 0.0132629 0.00846207
 1.01307e-16 7.42568e-05 0.000721803 0.00479663 0.0218048 0.0678428 0.144547 0.210971 0.210977 0.144574 0.0679367 0.0220765 0.00548088 0.00222265 0.00294542 0.00480579 0.00704056 0.00911176 0.0105143 0.0109974 0.0106791 0.00990817 0.00899756 0.00805873 0.00703958 0.00587553
 1.00622e-16 6.33994e-05 0.000616265 0.0040953 0.0186166 0.0579234 0.123413 0.180129 0.18015 0.123516 0.0582696 0.0196161 0.00660229 0.0060829 0.0104274 0.0170908 0.0245023 0.0305782 0.0332419 0.0315394 0.0262179 0.01925 0.0126947 0.00777033 0.00466435 0.00292979
 1.01642e-16 5.18655e-05 0.000504151 0.00335026 0.0152298 0.0473858 0.100962 0.147363 0.147394 0.101113 0.0478936 0.0166965 0.00703169 0.00854037 0.0153128 0.0252287 0.0363254 0.0456476 0.0502069 0.0486027 0.0418367 0.0326109 0.0237053 0.0167071 0.0118203 0.00848056
 1.0283e-16 5.44717e-05 0.000529485 0.00351861 0.0159951 0.0497669 0.106035 0.154766 0.154791 0.106158 0.0501811 0.0171921 0.00652559 0.00710156 0.0125588 0.0207349 0.0299997 0.0380036 0.0423717 0.0419794 0.0375774 0.0312062 0.0249046 0.0197471 0.0157715 0.0125308
 1.02887e-16 5.46237e-05 0.000530962 0.00352843 0.0160397 0.0499057 0.10633 0.155198 0.155224 0.106457 0.0503318 0.0172707 0.00661965 0.00728366 0.0128924 0.0212616 0.0307021 0.038772 0.0430097 0.0422638 0.0373513 0.0304534 0.0237654 0.0184665 0.0146096 0.0116778
 1.05931e-16 2.30803e-05 0.000224349 0.00149088 0.00677736 0.0210872 0.0449305 0.0655891 0.0656447 0.0452026 0.0220009 0.00941713 0.00812 0.0147054 0.0275534 0.0455873 0.065835 0.083132 0.0921995 0.0905614 0.0799621 0.0650759 0.0506154 0.0391257 0.0307456 0.0243935
 1.06604e-16 5.82048e-05 0.000565772 0.00375975 0.0170913 0.0531774 0.113301 0.165368 0.165381 0.113363 0.0533866 0.0176978 0.00529159 0.00394091 0.00655941 0.0109899 0.0163804 0.021756 0.0261271 0.0289846 0.0304868 0.0311204 0.0311563 0.030409 0.0284752 0.0251728
 1.03074e-16 5.72636e-05 0.000556622 0.00369895 0.0168149 0.0523176 0.111469 0.162698 0.162722 0.111591 0.0527264 0.0179956 0.00666211 0.00702322 0.0123328 0.0202839 0.0291831 0.0366384 0.0402579 0.038954 0.0335996 0.0264439 0.0197699 0.0148313 0.0116809 0.00969175
 1.0467e-16 2.92168e-05 0.000283997 0.00188726 0.00857926 0.0266935 0.0568753 0.0830219 0.0830729 0.0571248 0.0275314 0.0109997 0.0079649 0.0135578 0.0252566 0.0417539 0.0602494 0.0759746 0.0840614 0.0822234 0.0720707 0.0579355 0.044218 0.0333438 0.0255158 0.0197749
 1.04681e-16 6.1611e-05 0.000598881 0.00397978 0.0180915 0.0562894 0.119931 0.175046 0.175058 0.119994 0.056501 0.0187043 0.00552465 0.00399306 0.00657137 0.0109321 0.016128 0.021085 0.0247243 0.0265074 0.0266709 0.0259001 0.024741 0.0232705 0.0212394 0.0184569
 1.03303e-16 4.79871e-05 0.000466451 0.00309973 0.014091 0.0438424 0.0934122 0.136345 0.13638 0.0935829 0.0444154 0.0157457 0.0072523 0.00952781 0.0172463 0.0284079 0.0408542 0.0512449 0.0562112 0.0542099 0.0464512 0.0360904 0.0263538 0.0190497 0.0143201 0.0113512
 1.06876e-16 2.67659e-05 0.000260174 0.00172895 0.00785959 0.0244543 0.0521043 0.0760578 0.0761056 0.0523378 0.0252385 0.0101264 0.00742592 0.0127194 0.0237553 0.0394014 0.0571525 0.0726875 0.0815714 0.081686 0.0743836 0.0633684 0.0522893 0.0429883 0.0354399 0.0288309
 1.11364e-16 4.01768e-05 0.000390532 0.00259523 0.0117975 0.0367066 0.0782083 0.114153 0.114177 0.0783299 0.0371156 0.0129822 0.00558242 0.0069563 0.0126411 0.0211783 0.0313077 0.0410536 0.0483825 0.0522997 0.053287 0.0526486 0.0513592 0.0494283 0.0462054 0.0411738
pSPR Fmed_Fpbrs
0.55615   0.228191 0.228191
Fs Fmed_Fpbrs
0.34   1.005 1.005
SSBpbr Bo_Bmed_Bpbrs
540771  273711  96360.8 96360.8
Ro
99433.7
SPR SPRFo_SPRFmed_SPRFpbrs
707816 393652 161518
Fref
1.005
Nvult_r0
 34552.3 8226.68 3827.4 733.207 59.8219
CTP_r0
 14536 4123.6 1918.47 367.518 29.9856
YTP_r0
235250
Np
 106797 19005.5 789.636 123.089 64.9776
Nvult_p0
 87791.7 16446.2 683.303 106.514 56.2277
CTP_p0
 36933.5 2543.46 396.477 184.458 38.7337
 36933.5 8243.59 342.504 53.3897 28.184
YTP_p0
 339548 433239
CBA_c0
266539
log_Ro
11.3272
likeval ReclasPelacesDesembMPH_pf_preclas_ppelaces_ptallas_desvR_qrecl_qpela
 0.000454498 16.6065 0.0237525 28.8753 235.969 126.542 106.361 0 18.2339 0.000114913 0.000492942 0.0415354 0 0 0
q_reclas_q_pelaces
4.55398 23.1011
M
1
N
 149233 26887.2 35717.2 3056.06 0.159821
 91354.6 40597.4 6514.16 8653.48 740.454
 84144.3 19227 6895.6 1106.45 1595.59
 131464 17793.4 3287.2 1178.93 461.963
 103610 25108.4 2642.26 488.139 243.667
 233979 31324.8 7040.31 740.88 205.196
 88808.7 65964.3 7973.56 1792.07 240.818
 37982.4 18422.2 10981.7 1327.44 338.435
 41254 12720.5 5951.24 3547.62 538.156
 51819.9 10730.2 2896.31 1355.02 930.28
 81420.7 12138.8 2113.63 570.515 450.159
 122147 26733.7 3815.42 664.35 320.815
 74091.6 27582.9 5005.55 714.389 184.459
 32830.8 15525.7 4656.79 845.079 151.751
 75347.9 968.025 173.722 52.1064 11.1539
 193900 12636.8 120.084 21.5504 7.84749
 51101 26994.3 1211.49 11.5125 2.81837
 265416 7320.37 2692.32 120.83 1.42931
 323724 39755.6 776.587 285.617 12.97
 221019 45827.4 3900.52 76.1928 29.2951
 246444 37507.3 5778.46 491.823 13.3012
 290144 49533.4 5977.38 920.89 80.4996
 52751.9 44199.3 5378.99 649.103 108.744
 121651 8928.54 5552.89 675.779 95.2106
 146539 21736.3 1209.05 751.939 104.403
 45698.2 26470.2 2988.15 166.211 117.723
 132924 8967.37 4080.77 460.665 43.7725
 118311 27365.9 1477.36 672.3 83.1054
 45917.5 26637.7 5102.94 275.485 140.861
 42032.3 9506.88 4423 847.305 69.1311
pred_Ctot
 25185.8 6002.26 7973.46 682.231 0.0356782
 25845.5 14691.5 2357.37 3131.55 267.958
 23646 6915.28 2480.11 397.952 573.878
 42113 7206.91 1331.43 477.505 187.11
 11857.2 3858.62 406.057 75.0163 37.4463
 35313.7 6285.11 1412.59 148.652 41.1711
 25637.9 24315.4 2939.17 660.585 88.7693
 2168.57 1434.27 854.989 103.348 26.3491
 7857.94 3185.26 1490.2 888.333 134.756
 12340.7 3312.92 894.229 418.36 287.222
 5583.25 1131.65 197.045 53.1868 41.9665
 31013.9 8759.08 1250.09 217.669 105.112
 21091.1 10038.1 1821.64 259.984 67.1294
 22820.8 11934.9 3579.78 649.631 116.655
 27588.8 441.657 79.26 23.7733 5.08891
 82255.5 6552.6 62.2677 11.1746 4.06919
 21249.8 13759.8 617.532 5.86825 1.43661
 106801 3627.02 1333.96 59.8675 0.70818
 135751 20411.2 398.714 146.641 6.65901
 80049.7 20708.6 1762.57 34.4302 13.2379
 74185.6 14361.9 2212.63 188.324 5.09315
 115239 24266.4 2928.31 451.143 39.4366
 19152.8 20016.1 2435.94 293.954 49.246
 41898.1 3858.62 2399.78 292.049 41.1469
 49905.4 9300.08 517.303 321.724 44.6697
 14175.3 10414.8 1175.7 65.3963 46.3187
 38769.8 3336.59 1518.38 171.405 16.2869
 30188.3 9007.09 486.252 221.278 27.3529
 13290.3 9842.36 1885.48 101.789 52.0467
 17805.3 4923.59 2290.66 438.817 35.8029
F
 0.301806 0.417671 0.417671 0.417671 0.417671
 0.558435 0.772821 0.772821 0.772821 0.772821
 0.553707 0.766278 0.766278 0.766278 0.766278
 0.65553 0.907192 0.907192 0.907192 0.907192
 0.196221 0.271552 0.271552 0.271552 0.271552
 0.266116 0.368279 0.368279 0.368279 0.368279
 0.572931 0.792882 0.792882 0.792882 0.792882
 0.0939046 0.129955 0.129955 0.129955 0.129955
 0.346686 0.479781 0.479781 0.479781 0.479781
 0.451369 0.624652 0.624652 0.624652 0.624652
 0.113703 0.157354 0.157354 0.157354 0.157354
 0.488024 0.67538 0.67538 0.67538 0.67538
 0.562807 0.778872 0.778872 0.778872 0.778872
 2.52387 3.49279 3.49279 3.49279 3.49279
 0.785505 1.08707 1.08707 1.08707 1.08707
 0.971716 1.34476 1.34476 1.34476 1.34476
 0.943142 1.30522 1.30522 1.30522 1.30522
 0.898549 1.24351 1.24351 1.24351 1.24351
 0.955008 1.32164 1.32164 1.32164 1.32164
 0.773712 1.07075 1.07075 1.07075 1.07075
 0.604487 0.836553 0.836553 0.836553 0.836553
 0.881669 1.22015 1.22015 1.22015 1.22015
 0.776346 1.07439 1.07439 1.07439 1.07439
 0.722172 0.999418 0.999418 0.999418 0.999418
 0.711271 0.984333 0.984333 0.984333 0.984333
 0.628465 0.869737 0.869737 0.869737 0.869737
 0.580484 0.803335 0.803335 0.803335 0.803335
 0.490988 0.67948 0.67948 0.67948 0.67948
 0.57483 0.795511 0.795511 0.795511 0.795511
 0.969621 1.34186 1.34186 1.34186 1.34186
YTP_r0W_actual
 106113 65565.2 50839.5 11650.3 1082.48
YTP_p0W_proyectada
 278479 44383.4 9543.2 5777.21 1365.36
 278479 143851 8244.06 1672.16 993.485
CTP_r0_actual
 14536 4123.6 1918.47 367.518 29.9856
CTP_p0_proyectada
 36933.5 2543.46 396.477 184.458 38.7337
 36933.5 8243.59 342.504 53.3897 28.184
Wmedp
 7.54 17.45 24.07 31.32 35.25
Frms_r0
 0.726206 1.005 1.005 1.005 1.005
Zrms_r0
 1.72621 2.005 2.005 2.005 2.005
nmprior
 7.29 8.9 8.7 0
nm_flota  nm_reclas  nm_pelaces    nm_pelaL
inf 8.84203 7.82954 11.8163
cv_recla  cv_pelaces  cv_mph
0.657917 0.479517 0.455963
 ------------------------------------------------
Talla a la edad & desviaci?n 
 8 13.2811 15.8009 17.003 17.5766
 0.8 1.32811 1.58009 1.7003 1.75766
