years
 1991 1992 1993 1994 1995 1996 1997 1998 1999 2000 2001 2002 2003 2004 2005 2006 2007 2008 2009 2010 2011 2012 2013 2014 2015 2016 2017 2018 2019
reclasobs
 0 0 0 0 0 0 0 0 0 252601 567819 844713 477998 351125 339783 2.1784e+06 2.13404e+06 4.81314e+06 1.55562e+06 2.62356e+06 3.21686e+06 3.843e+06 1.13348e+06 3.07943e+06 1.97215e+06 2.03268e+06 2.025e+06 2.42433e+06 2.27542e+06
reclaspred
 2.56297e+06 1.73472e+06 1.23661e+06 1.32909e+06 1.41718e+06 1.66243e+06 1.3348e+06 1.95208e+06 2.09623e+06 2.24629e+06 1.65812e+06 1.65692e+06 1.49579e+06 1.37833e+06 1.43315e+06 1.41308e+06 1.46457e+06 1.66403e+06 829431 555626 857131 458080 705755 1.21545e+06 1.10528e+06 1.43067e+06 1.58315e+06 1.33699e+06 1.59689e+06
pelacesobs
 0 0 0 0 0 0 0 0 0 0 0 0 0 0 0 552880 188675 0 991730 2.46772e+06 1.41603e+06 1.21717e+06 2.29649e+06 1.80582e+06 0 1.4828e+06 1.56532e+06 1.57751e+06 1.42118e+06
pelacespred
 1.19079e+06 859130 594971 553676 651055 749090 598336 1.00617e+06 1.13535e+06 1.13668e+06 942589 778980 741337 742449 780743 646977 644661 686206 360820 204876 314673 155159 304038 577510 518946 675931 836308 703170 708364
mphobs
 0 0 0 0 0 0 0 0 0 0 0 0 498337 0 5186 125008 0 168611 109162 213762 579715 649985 157893 87575 83554 210694 70296 0 107559
mphpred
 2.3808e+06 1.70888e+06 1.16236e+06 955385 1.0909e+06 1.22113e+06 1.22876e+06 1.08611e+06 1.63737e+06 1.89984e+06 1.53089e+06 1.39763e+06 1.28092e+06 1.0794e+06 1.03899e+06 1.29909e+06 1.04018e+06 1.31681e+06 857915 415692 453589 400413 234273 613676 941887 803755 1.15743e+06 1.07781e+06 1.21413e+06
desembarqueobs
 494567 514787 250237 358949 120608 361735 552515 73892 212993 205616 52469 317467 293654 387597 252695 516296 358380 742168 942051 627588 828172 859565 418607 520667 417249 300574 415391 372974 316634
desembarquepred
 494483 505788 261182 358665 120528 361428 551941 73845.9 212859 205500 52439.6 317416 293642 387934 252677 516049 358135 740381 935145 622891 823392 853972 418430 520788 417195 300479 415131 372745 316418
Reclutas
 232164 232164 232164 232164 232164 232164 232164 232164 232164 232164 232164 232164 232164 232164 232164 232164 232164 232164 232164 232164 232164 232164 232164 232164 232164 232164 232164 232164 232164
log_desv_Rt
 0 0 0 0 0 0 0 0 0 0 0 0 0 0 0 0 0 0 0 0 0 0 0 0 0 0 0 0 0
SSB
 2.3808e+06 1.70888e+06 1.16236e+06 955385 1.0909e+06 1.22113e+06 1.22876e+06 1.08611e+06 1.63737e+06 1.89984e+06 1.53089e+06 1.39763e+06 1.23616e+06 1.06583e+06 1.01502e+06 1.26472e+06 1.04018e+06 1.31681e+06 892635 432552 488554 477849 277775 686377 980874 884647 1.20155e+06 1.07781e+06 1.25815e+06
BT
 3.43382e+06 2.76833e+06 1.77971e+06 1.88732e+06 1.87732e+06 2.50238e+06 2.13698e+06 3.44109e+06 3.62303e+06 3.30554e+06 2.61782e+06 2.40809e+06 2.39982e+06 2.76752e+06 2.77893e+06 2.26377e+06 2.21842e+06 2.60245e+06 2.08507e+06 1.22138e+06 1.79513e+06 1.29622e+06 1.5399e+06 2.53022e+06 1.86781e+06 2.46466e+06 3.0688e+06 2.54953e+06 2.21787e+06
Ftot
 0.182363 0.273396 0.199373 0.253748 0.0811051 0.205295 0.384042 0.0362099 0.0967699 0.0871911 0.0302784 0.181172 0.185655 0.264767 0.16722 0.340558 0.230606 0.411984 0.983655 0.987976 0.856464 1.52571 0.548399 0.399504 0.351974 0.198676 0.246984 0.26247 0.187325
BD_Bspro_t
 0.971243 0.820518 0.705872 0.69031 0.699578 0.766165 0.723854 0.654417 0.802704 0.845831 0.850274 0.880919 0.803605 0.747906 0.724943 0.742935 0.641976 0.682367 0.524348 0.33015 0.309401 0.28629 0.212959 0.425492 0.540035 0.572046 0.686021 0.691194 0.716369
BD_Bspro
 1.44292 1.03569 0.704463 0.579025 0.661158 0.740082 0.74471 0.658254 0.992351 1.15142 0.927821 0.847057 0.749193 0.645963 0.615167 0.766505 0.630418 0.798069 0.540995 0.262155 0.296095 0.289608 0.168349 0.415989 0.594474 0.536153 0.728218 0.65322 0.762522
BD_Bo
 1.15419 0.828448 0.5635 0.463163 0.52886 0.591992 0.595694 0.526537 0.793781 0.921025 0.742164 0.677561 0.59928 0.516706 0.492072 0.613127 0.504271 0.638376 0.432742 0.209698 0.236847 0.231657 0.134663 0.33275 0.47552 0.428869 0.582502 0.522511 0.609941
BD_Brms
 4.89718 3.51506 2.3909 1.96518 2.24393 2.51179 2.5275 2.23407 3.36797 3.90786 3.14897 2.87486 2.54271 2.19236 2.08784 2.60147 2.1396 2.7086 1.8361 0.889737 1.00493 0.98291 0.571367 1.41184 2.01761 1.81967 2.47153 2.21699 2.58795
Sel_flota
 0.5 1 1 1 1
 0.5 1 1 1 1
 0.5 1 1 1 1
 0.5 1 1 1 1
 0.5 1 1 1 1
 0.5 1 1 1 1
 0.5 1 1 1 1
 0.5 1 1 1 1
 0.5 1 1 1 1
 0.5 1 1 1 1
 0.5 1 1 1 1
 0.5 1 1 1 1
 0.5 1 1 1 1
 0.5 1 1 1 1
 0.5 1 1 1 1
 0.5 1 1 1 1
 0.5 1 1 1 1
 0.5 1 1 1 1
 0.5 1 1 1 1
 0.5 1 1 1 1
 0.5 1 1 1 1
 0.5 1 1 1 1
 0.5 1 1 1 1
 0.5 1 1 1 1
 0.5 1 1 1 1
 0.5 1 1 1 1
 0.5 1 1 1 1
 0.5 1 1 1 1
 0.5 1 1 1 1
Sel_reclas
 0.5 1 1 1 1
 0.5 1 1 1 1
 0.5 1 1 1 1
 0.5 1 1 1 1
 0.5 1 1 1 1
 0.5 1 1 1 1
 0.5 1 1 1 1
 0.5 1 1 1 1
 0.5 1 1 1 1
 0.5 1 1 1 1
 0.5 1 1 1 1
 0.5 1 1 1 1
 0.5 1 1 1 1
 0.5 1 1 1 1
 0.5 1 1 1 1
 0.5 1 1 1 1
 0.5 1 1 1 1
 0.5 1 1 1 1
 0.5 1 1 1 1
 0.5 1 1 1 1
 0.5 1 1 1 1
 0.5 1 1 1 1
 0.5 1 1 1 1
 0.5 1 1 1 1
 0.5 1 1 1 1
 0.5 1 1 1 1
 0.5 1 1 1 1
 0.5 1 1 1 1
 0.5 1 1 1 1
Sel_pelaces
 0.5 1 1 1 1
 0.5 1 1 1 1
 0.5 1 1 1 1
 0.5 1 1 1 1
 0.5 1 1 1 1
 0.5 1 1 1 1
 0.5 1 1 1 1
 0.5 1 1 1 1
 0.5 1 1 1 1
 0.5 1 1 1 1
 0.5 1 1 1 1
 0.5 1 1 1 1
 0.5 1 1 1 1
 0.5 1 1 1 1
 0.5 1 1 1 1
 0.5 1 1 1 1
 0.5 1 1 1 1
 0.5 1 1 1 1
 0.5 1 1 1 1
 0.5 1 1 1 1
 0.5 1 1 1 1
 0.5 1 1 1 1
 0.5 1 1 1 1
 0.5 1 1 1 1
 0.5 1 1 1 1
 0.5 1 1 1 1
 0.5 1 1 1 1
 0.5 1 1 1 1
 0.5 1 1 1 1
pf_obs 
 0.8446 0.082 0.0669 0.0065 0
 0.8095 0.147 0.0364 0.0071 0
 0.9664 0.0169 0.016 0.0007 0
 0.9276 0.0648 0.0075 0.0001 0
 0.7033 0.2144 0.0806 0.0017 0
 0.9318 0.0425 0.0243 0.0014 0
 0.5671 0.3108 0.0964 0.0239 0.0018
 0.0768 0.2599 0.5324 0.112 0.0189
 0.490249 0.384438 0.106611 0.0170017 0.00170017
 0.7925 0.1577 0.0466 0.003 0.0002
 0.840416 0.127587 0.0312969 0.00059994 9.999e-05
 0.8084 0.0986 0.0794 0.0134 0.0002
 0.7335 0.1905 0.0724 0.0035 0.0001
 0.4001 0.4547 0.1325 0.0127 0
 0.49795 0.308269 0.164784 0.0264974 0.00249975
 0.9179 0.0499 0.0305 0.0017 0
 0.2467 0.6533 0.0926 0.0074 0
 0.9418 0.0223 0.034 0.0019 0
 0.707729 0.231977 0.0356964 0.0245975 0
 0.517169 0.277429 0.184464 0.0207286 0.00020938
 0.811772 0.124168 0.05621 0.00726502 0.000585176
 0.764997 0.148141 0.077277 0.00933861 0.000247198
 0.163321 0.427699 0.378323 0.0303852 0.000271297
 0.753843 0.0900009 0.118128 0.0371064 0.000921714
 0.721811 0.176058 0.0630433 0.0369309 0.00215725
 0.143369 0.312575 0.442814 0.0836902 0.0175525
 0.692698 0.0596174 0.167031 0.0765114 0.00414204
 0.394062 0.376323 0.152708 0.0712218 0.00568511
 0.125707 0.32114 0.495352 0.0537591 0.00404204
pf_pred 
 0.466176 0.0442988 0.467733 0.0170729 0.00471939
 0.504904 0.320984 0.0144485 0.152556 0.00710777
 0.527783 0.325264 0.0952739 0.00428859 0.0473911
 0.526441 0.333106 0.0967446 0.0283378 0.0153713
 0.525469 0.334892 0.0982236 0.0285273 0.0128886
 0.505948 0.342874 0.106691 0.0312924 0.0131944
 0.526838 0.324226 0.103362 0.0321629 0.013411
 0.542408 0.326887 0.0895634 0.0285526 0.0125892
 0.499024 0.353452 0.105385 0.0288744 0.0132637
 0.493971 0.3401 0.117067 0.0349048 0.0139566
 0.487947 0.341537 0.114603 0.0394481 0.0164648
 0.485035 0.338774 0.117519 0.0394335 0.0192389
 0.506923 0.328039 0.108571 0.0376628 0.0188036
 0.51857 0.329679 0.100958 0.0334142 0.0173782
 0.529084 0.329569 0.0967931 0.0296411 0.0149125
 0.526249 0.332797 0.0986462 0.028972 0.0133357
 0.545579 0.323139 0.0922217 0.0273359 0.0117239
 0.543601 0.328624 0.0908611 0.0259311 0.0109829
 0.592847 0.297079 0.0792576 0.0219139 0.00890293
 0.679955 0.255848 0.0468413 0.0124968 0.00485898
 0.690059 0.26452 0.0363103 0.00664777 0.00246315
 0.696704 0.258918 0.0378749 0.00519904 0.00130454
 0.74126 0.22878 0.0255765 0.00374138 0.00064244
 0.627687 0.324459 0.0423134 0.00473044 0.000810799
 0.58497 0.328659 0.0752691 0.00981603 0.00128548
 0.561263 0.332616 0.0840364 0.0192459 0.00283859
 0.535522 0.339416 0.0948125 0.0239546 0.0062952
 0.536101 0.330678 0.0973504 0.0271939 0.00867618
 0.53487 0.332227 0.0947359 0.0278898 0.0102764
pobs_RECLAS
 0 0 0 0 0
 0 0 0 0 0
 0 0 0 0 0
 0 0 0 0 0
 0 0 0 0 0
 0 0 0 0 0
 0 0 0 0 0
 0 0 0 0 0
 0 0 0 0 0
 0 0 0 0 0
 0.991045 0.00858322 0.000360255 1.14367e-05 0
 0.934742 0.0480273 0.0164251 0.00080598 0
 0.827803 0.169806 0.00239088 0 0
 0.941827 0.0461693 0.0120037 0 0
 0.791401 0.0380133 0.147996 0.0225897 0
 0.846168 0.0940531 0.0597789 0 0
 0.134021 0.677848 0.182769 0.00536245 0
 0.80878 0.0450904 0.141981 0.00414843 0
 0.846168 0.0940531 0.0597789 0 0
 0.905697 0.0802665 0.012482 0.00150086 5.37128e-05
 0.989698 0.0102097 9.19794e-05 0 0
 0.975433 0.0193895 0.00387452 0.00125025 5.28907e-05
 0.303575 0.632131 0.0575291 0.00676475 0
 0.966965 0.00978017 0.0227588 0.000495775 0
 0.843318 0.132988 0.00938335 0.0141283 0.000182051
 0.564624 0.303363 0.111486 0.0197234 0.00080311
 0.826376 0.0876187 0.0782897 0.00655872 0.00115652
 0.89761 0.0855135 0.0140674 0.00269457 0.000114338
 0.34875 0.467042 0.161289 0.0227151 0.000203297
ppred_RECLAS
 0.468281 0.0441241 0.465889 0.0170055 0.00470078
 0.508255 0.318811 0.0143507 0.151523 0.00705966
 0.530111 0.32366 0.0948042 0.00426744 0.0471575
 0.529505 0.33095 0.0961186 0.0281544 0.0152719
 0.526346 0.334272 0.098042 0.0284746 0.0128648
 0.508362 0.341199 0.10617 0.0311395 0.01313
 0.531835 0.320802 0.102271 0.0318232 0.0132693
 0.542786 0.326617 0.0894894 0.028529 0.0125788
 0.500085 0.352704 0.105162 0.0288132 0.0132356
 0.494921 0.339462 0.116848 0.0348393 0.0139304
 0.488264 0.341326 0.114532 0.0394237 0.0164546
 0.487133 0.337394 0.11704 0.0392729 0.0191606
 0.509079 0.326605 0.108097 0.0374981 0.0187213
 0.521794 0.327471 0.100282 0.0331904 0.0172619
 0.530997 0.32823 0.0963998 0.0295207 0.014852
 0.530575 0.329758 0.0977454 0.0287074 0.013214
 0.54831 0.321198 0.0916675 0.0271717 0.0116535
 0.549017 0.324724 0.0897829 0.0256234 0.0108526
 0.609109 0.285213 0.076092 0.0210386 0.00854735
 0.694618 0.244127 0.0446953 0.0119242 0.00463637
 0.701927 0.254391 0.0349199 0.00639322 0.00236883
 0.722784 0.236654 0.0346182 0.00475199 0.00119236
 0.747202 0.223526 0.0249892 0.00365546 0.000627686
 0.632592 0.320184 0.041756 0.00466812 0.000800117
 0.589348 0.325193 0.0744752 0.00971249 0.00127192
 0.563554 0.330879 0.0835976 0.0191454 0.00282377
 0.538486 0.33725 0.0942075 0.0238018 0.00625503
 0.539279 0.328413 0.0966834 0.0270076 0.00861674
 0.537038 0.330679 0.0942945 0.0277599 0.0102285
pobs_PELACES
 0 0 0 0 0
 0 0 0 0 0
 0 0 0 0 0
 0 0 0 0 0
 0 0 0 0 0
 0 0 0 0 0
 0 0 0 0 0
 0 0 0 0 0
 0 0 0 0 0
 0 0 0 0 0
 0 0 0 0 0
 0 0 0 0 0
 0 0 0 0 0
 0 0 0 0 0
 0 0 0 0 0
 0 0 0 0 0
 0.505614 0.472636 0.0217494 0 0
 0 0 0 0 0
 0.443492 0.261883 0.143347 0.151278 0
 0.227955 0.32914 0.350689 0.0885471 0.00366901
 0.970185 0.0296113 0.000203453 0 0
 0.997202 0.00247181 0.000326279 0 0
 0.445219 0.490057 0.0546422 0.010081 0
 0.90214 0.0892962 0.00764917 0.000914606 0
 0 0 0 0 0
 0.581667 0.319106 0.0959925 0.00289975 0.000334073
 0.762889 0.0836404 0.116647 0.0363945 0.000428098
 0.88444 0.0763242 0.0277011 0.0115352 0
 0.521256 0.241999 0.230069 0.00667565 0
ppred_PELACES
 0.47578 0.0435019 0.459318 0.0167657 0.00463448
 0.519523 0.311506 0.0140219 0.148051 0.00689789
 0.538297 0.318022 0.0931527 0.0041931 0.046336
 0.539922 0.323623 0.0939906 0.0275311 0.0149338
 0.529681 0.331919 0.0973517 0.0282741 0.0127742
 0.516825 0.335325 0.104342 0.0306035 0.012904
 0.547576 0.310016 0.0988322 0.0307533 0.0128232
 0.544268 0.325558 0.0891992 0.0284365 0.012538
 0.504077 0.349888 0.104322 0.0285831 0.0131299
 0.498517 0.337045 0.116016 0.0345912 0.0138312
 0.489512 0.340493 0.114253 0.0393275 0.0164145
 0.494603 0.332479 0.115335 0.0387009 0.0188815
 0.516732 0.321513 0.106411 0.0369136 0.0184295
 0.532683 0.320015 0.0979987 0.0324347 0.0168688
 0.537862 0.323426 0.0949888 0.0290886 0.0146346
 0.544543 0.319946 0.0948369 0.0278532 0.0128208
 0.557715 0.31451 0.0897588 0.0266059 0.0114108
 0.565785 0.31265 0.0864446 0.0246707 0.0104491
 0.646998 0.257567 0.0687163 0.0189994 0.00771885
 0.728062 0.217391 0.0398004 0.0106183 0.00412861
 0.730627 0.229897 0.0315576 0.00577764 0.00214075
 0.770308 0.196083 0.0286834 0.00393733 0.000987948
 0.763908 0.208754 0.0233377 0.00341388 0.000586204
 0.647774 0.306953 0.0400305 0.00447522 0.000767054
 0.603327 0.314123 0.07194 0.00938187 0.00122862
 0.571599 0.32478 0.0820566 0.0187925 0.00277172
 0.548596 0.329862 0.0921437 0.0232804 0.006118
 0.55002 0.320757 0.0944295 0.026378 0.00841587
 0.544713 0.325197 0.0927312 0.0272997 0.0100589
pobs_pel_tallas
 0 0 0 0 0 0 0 0 0 0 0 0 0 0 0 0 0 0 0 0 0 0 0 0 0 0
 0 0 0 0 0 0 0 0 0 0 0 0 0 0 0 0 0 0 0 0 0 0 0 0 0 0
 0 0 0 0 0 0 0 0 0 0 0 0 0 0 0 0 0 0 0 0 0 0 0 0 0 0
 0 0 0 0 0 0 0 0 0 0 0 0 0 0 0 0 0 0 0 0 0 0 0 0 0 0
 0 0 0 0 0 0 0 0 0 0 0 0 0 0 0 0 0 0 0 0 0 0 0 0 0 0
 0 0 0 0 0 0 0 0 0 0 0 0 0 0 0 0 0 0 0 0 0 0 0 0 0 0
 0 0 0 0 0 0 0 0 0 0 0 0 0 0 0 0 0 0 0 0 0 0 0 0 0 0
 0 0 0 0 0 0 0 0 0 0 0 0 0 0 0 0 0 0 0 0 0 0 0 0 0 0
 0 0 0 0 0 0 0 0 0 0 0 0 0 0 0 0 0 0 0 0 0 0 0 0 0 0
 0 0 0 0 0 0 0 0 0 0 0 0 0 0 0 0 0 0 0 0 0 0 0 0 0 0
 0 0 0 0 0 0 0 0 0 0 0 0 0 0 0 0 0 0 0 0 0 0 0 0 0 0
 0 0 0 0 0 0 0 0 0 0 0 0 0 0 0 0 0 0 0 0 0 0 0 0 0 0
 0.00862536 0 0 0.000197151 0.00414017 0.0128641 0.00837892 0.0270097 0.101434 0.158115 0.152841 0.127902 0.109271 0.109419 0.0830992 0.0579132 0.0238553 0.00714673 0.00463305 0.00128148 0.00103504 0.000492878 0.000147863 0.000147863 4.92878e-05 0
 0 0 0 0 0 0 0 0 0 0 0 0 0 0 0 0 0 0 0 0 0 0 0 0 0 0
 0 0 0 0 0 0 0 0.0054083 0.00873648 0.0413646 0.0450493 0.0745869 0.0622846 0.0627006 0.0613931 0.0827291 0.12552 0.122667 0.0946155 0.0697135 0.0546179 0.0294188 0.0215738 0.0213955 0.0102223 0.00600262
 0 0 0 0 0.00359764 0.0251062 0.0480494 0.140153 0.205849 0.193036 0.1447 0.116669 0.0760912 0.0342217 0.00950174 0.001854 0.000860785 0 0 0 0.000165536 0 0.000143464 0 0 0
 0 0 0 0 0 0 0 0.000145254 0.000435761 0.0275982 0.070085 0.0708112 0.156366 0.174668 0.174014 0.160142 0.0824315 0.0480064 0.0283245 0.00493863 0.00203355 0 0 0 0 0
 0 0 0 0 0 0 0 0 0 0 0 0 0 0 0 0 0 0 0 0 0 0 0 0 0 0
 0 0 1.00437e-05 0.000401748 0.00122533 0.00171747 0.00176769 0.0269171 0.070346 0.194647 0.189555 0.159765 0.064822 0.0314167 0.0384472 0.0292271 0.0345202 0.0313363 0.0194345 0.0106764 0.0143323 0.0359363 0.0279516 0.0138201 0.00172751 0
 0 0.0021121 0.0136068 0.0755702 0.200478 0.177729 0.0527432 0.0373336 0.0318909 0.0142505 0.0149659 0.0166563 0.0217959 0.0798694 0.0677717 0.0528807 0.04013 0.0224614 0.0357745 0.0225083 0.00881397 0.00855152 0.00135912 0.000746735 0 0
 0 0 0 0 5.4009e-05 0.00500934 0.000945158 0.0243581 0.138947 0.33067 0.221406 0.137944 0.0707744 0.0437923 0.0131692 0.00525238 0.0047753 0.00276346 9.45158e-05 9.00151e-06 2.25038e-05 9.00151e-06 4.50075e-06 0 0 0
 0.000866109 0.00284123 0.00948549 0.0512746 0.133035 0.25785 0.225252 0.132002 0.0553304 0.0519788 0.0540692 0.017754 0.00435017 0.00159236 0.00146478 0.000404838 0.000125132 0.000115318 0.000107957 0.000100596 0 0 0 0 0 0
 0 0 0 0 0.00144013 0.00171154 0.00461396 0.0210425 0.0478622 0.0707936 0.0888783 0.103762 0.0637923 0.0337046 0.0602308 0.124433 0.169614 0.0934646 0.0462172 0.0250306 0.0313229 0.00938855 0.002487 0.000210481 0 0
 0 0.00764035 0.051015 0.0998891 0.058973 0.0496711 0.0374665 0.0718981 0.12319 0.153886 0.159021 0.0857701 0.0377988 0.023471 0.0147837 0.00900784 0.00315554 0.000888139 0.00291439 0.00214683 0.00393193 0.00274676 0.000635225 9.99891e-05 0 0
 0 0 0 0 0 0 0 0 0 0 0 0 0 0 0 0 0 0 0 0 0 0 0 0 0 0
 0 0 0 0 0 0 0 0 0 0 0 0 0 0 0 0 0 0 0 0 0 0 0 0 0 0
 0 0 0 0 0 0 0 0 0 0 0 0 0 0 0 0 0 0 0 0 0 0 0 0 0 0
 0 0 0 0 0 0 0 0 0 0 0 0 0 0 0 0 0 0 0 0 0 0 0 0 0 0
 0 0 0 0 0 0 0 0 0 0 0 0 0 0 0 0 0 0 0 0 0 0 0 0 0 0
ppred_pel_tallas
 1.15732e-16 3.91894e-05 0.000380934 0.00253144 0.0115076 0.0358044 0.0762852 0.111341 0.111346 0.0763094 0.0358879 0.0117578 0.00319327 0.0019374 0.00332169 0.00627867 0.0110127 0.0179425 0.0273645 0.0391677 0.052462 0.0653447 0.075161 0.0793729 0.0766611 0.0675884
 1.165e-16 4.27925e-05 0.000415958 0.00276419 0.0125656 0.0390965 0.0833003 0.121586 0.121616 0.0834471 0.0395892 0.0139889 0.00633788 0.0082214 0.0148814 0.0245815 0.0355423 0.0450459 0.050431 0.0506622 0.0470444 0.0423822 0.0392096 0.0384241 0.0391583 0.0396661
 1.11032e-16 4.43388e-05 0.000430989 0.00286408 0.0130197 0.0405093 0.0863104 0.125979 0.12601 0.0864607 0.0410139 0.0144782 0.00652907 0.0084451 0.0153043 0.0253363 0.0367437 0.0467412 0.0525198 0.0528069 0.048606 0.0424463 0.0367679 0.0327158 0.0300507 0.0278664
 1.08084e-16 4.44727e-05 0.00043229 0.00287272 0.013059 0.0406316 0.086571 0.126359 0.126391 0.0867239 0.0411451 0.0145432 0.00660239 0.00858787 0.0155739 0.0257833 0.0373903 0.047556 0.0534103 0.0536338 0.0492076 0.0426519 0.036397 0.0315836 0.0280031 0.0248453
 1.07892e-16 4.36292e-05 0.000424092 0.00281824 0.0128113 0.039861 0.0849292 0.123963 0.123995 0.085086 0.0403876 0.0143336 0.00664372 0.00878929 0.0159724 0.0264468 0.0383534 0.0487814 0.0547843 0.0550034 0.0504363 0.0436584 0.0371561 0.0321012 0.0282936 0.0249261
 1.0835e-16 4.25703e-05 0.000413798 0.00274984 0.0125004 0.0388935 0.0828679 0.120955 0.120987 0.0830263 0.0394258 0.014039 0.0066169 0.00887155 0.0161524 0.0267596 0.0388363 0.0494563 0.0556557 0.0560664 0.0516858 0.0450855 0.0387327 0.0337651 0.0299493 0.0264654
 1.08186e-16 4.51032e-05 0.000438419 0.00291345 0.0132441 0.0412076 0.0877982 0.12815 0.12818 0.0879447 0.0416998 0.014667 0.00648976 0.00826106 0.0149476 0.0247612 0.0359511 0.045816 0.0516248 0.0521203 0.048225 0.0423065 0.0366237 0.0321984 0.0287843 0.0256015
 1.07631e-16 4.48307e-05 0.000435771 0.00289585 0.0131641 0.0409587 0.0872679 0.127377 0.127408 0.0874217 0.0414751 0.0146566 0.00664585 0.00863444 0.0156523 0.0259025 0.0375386 0.0476937 0.0534696 0.0535347 0.0488835 0.0420736 0.0355835 0.0305956 0.0269245 0.0237623
 1.08189e-16 4.15202e-05 0.000403591 0.00268201 0.012192 0.0379342 0.080824 0.117972 0.118006 0.0809892 0.0384894 0.0137969 0.00671506 0.00922298 0.016836 0.0278859 0.0404453 0.0514504 0.0577953 0.0580444 0.0532425 0.0460952 0.0392153 0.0338361 0.0297534 0.0261314
 1.09244e-16 4.10623e-05 0.00039914 0.00265243 0.0120576 0.0375157 0.0799324 0.116671 0.116703 0.0800918 0.0380511 0.0136055 0.00654369 0.00891286 0.0162664 0.026975 0.0392042 0.0500404 0.0565294 0.0573072 0.0533583 0.0472135 0.0412691 0.03658 0.0328476 0.0292319
 1.10106e-16 4.03205e-05 0.00039193 0.00260451 0.0118398 0.0368381 0.0784886 0.114563 0.114596 0.0786496 0.0373789 0.0134034 0.00653508 0.0089914 0.0164286 0.0272447 0.0395952 0.0505406 0.0571046 0.0579236 0.0540126 0.0479478 0.0421582 0.037695 0.0342157 0.0308124
 1.1049e-16 4.07399e-05 0.000396006 0.0026316 0.0119629 0.0372212 0.0793049 0.115755 0.115787 0.0794621 0.0377494 0.0134902 0.00647119 0.0087975 0.0160549 0.0266313 0.0387237 0.049471 0.0559774 0.0569192 0.053286 0.0475797 0.0421464 0.0379801 0.0347156 0.0314457
 1.09974e-16 4.25626e-05 0.000413724 0.00274934 0.0124981 0.0388865 0.0828529 0.120933 0.120964 0.0830049 0.0393971 0.0139745 0.00646042 0.00853277 0.0155147 0.0257205 0.0373768 0.0477046 0.0538953 0.0546677 0.0509903 0.0453087 0.0399267 0.0358376 0.0327045 0.0296434
 1.09018e-16 4.38765e-05 0.000426495 0.00283421 0.0128839 0.0400868 0.0854104 0.124665 0.124696 0.0855616 0.0405948 0.0143523 0.0065247 0.00849815 0.0154187 0.0255407 0.0370723 0.0472245 0.05318 0.0536501 0.049607 0.0435216 0.0377501 0.033356 0.0300668 0.0270331
 1.08218e-16 4.43031e-05 0.000430642 0.00286177 0.0130092 0.0404766 0.0862408 0.125878 0.125909 0.0863936 0.0409898 0.0144927 0.00658967 0.00858273 0.0155682 0.025777 0.0373882 0.0475684 0.0534532 0.0537268 0.0493691 0.042893 0.0367163 0.0319651 0.0284181 0.0252586
 1.07782e-16 4.48534e-05 0.000435991 0.00289731 0.0131708 0.0409793 0.087312 0.127441 0.127472 0.0874631 0.0414871 0.0146383 0.00658524 0.00850072 0.0154025 0.0255011 0.0369877 0.0470572 0.0528727 0.0531269 0.0487814 0.0423147 0.0361153 0.0313021 0.0276718 0.0244392
 1.0727e-16 4.59383e-05 0.000446537 0.00296739 0.0134894 0.0419706 0.0894239 0.130523 0.130554 0.0895724 0.0424695 0.0149315 0.00659129 0.00837027 0.0151322 0.0250432 0.0363058 0.0461525 0.051786 0.0519166 0.0474937 0.0409685 0.0347139 0.0298582 0.0262241 0.0230498
 1.06817e-16 4.66031e-05 0.000452998 0.00301033 0.0136846 0.0425779 0.0907179 0.132412 0.132442 0.0908655 0.0430738 0.0151178 0.0066116 0.00832639 0.0150345 0.0248731 0.0360428 0.0457836 0.0513055 0.0513207 0.046774 0.0401147 0.0337245 0.0287539 0.025053 0.0218808
 1.05261e-16 5.32924e-05 0.000518021 0.00344244 0.0156488 0.0486894 0.103739 0.151415 0.15144 0.103861 0.0490979 0.0168293 0.00640816 0.0070012 0.0123925 0.0204726 0.0296505 0.0376334 0.0421144 0.0420273 0.0381522 0.0325175 0.0271054 0.0228882 0.0197649 0.017138
 1.02968e-16 5.99696e-05 0.000582925 0.00387375 0.0176095 0.0547898 0.116736 0.170384 0.170405 0.116839 0.0551339 0.0186036 0.00636975 0.0060343 0.0104207 0.0171527 0.0247507 0.031225 0.0345867 0.0339179 0.0299048 0.0243463 0.0190493 0.0149781 0.0121515 0.0100943
 1.01912e-16 6.01808e-05 0.000584979 0.00388739 0.0176715 0.0549828 0.117148 0.170985 0.171007 0.117256 0.0553463 0.0187214 0.00652261 0.00633728 0.0109837 0.0180597 0.0260017 0.0326795 0.0359608 0.0348574 0.0301052 0.0236552 0.0175019 0.0127633 0.00954279 0.00737877
 1.0144e-16 6.34493e-05 0.00061675 0.00409852 0.0186313 0.057969 0.12351 0.18027 0.180289 0.123602 0.0582791 0.0195269 0.00634663 0.00552437 0.00938375 0.0154121 0.0221933 0.0279016 0.030717 0.0297927 0.0257486 0.0202383 0.0149535 0.0108459 0.0080116 0.0060749
 1.01169e-16 6.29222e-05 0.000611626 0.00406447 0.0184765 0.0574874 0.122484 0.178773 0.178793 0.122582 0.0578172 0.0194292 0.00645519 0.00582872 0.00996558 0.0163607 0.0235268 0.0295094 0.0323584 0.031169 0.0266157 0.0204941 0.014655 0.0101591 0.00713681 0.00518512
 1.01813e-16 5.33564e-05 0.000518643 0.00344657 0.0156676 0.0487479 0.103864 0.151598 0.151628 0.104008 0.0492331 0.017069 0.00696388 0.00819557 0.014629 0.0240885 0.0346666 0.0435302 0.0478215 0.0462092 0.0396705 0.0308167 0.0223331 0.015749 0.011246 0.00824633
 1.03306e-16 4.96953e-05 0.000483056 0.00321008 0.0145926 0.045403 0.0967371 0.141197 0.141227 0.0968853 0.0459006 0.0160303 0.00682105 0.00837236 0.0150519 0.0248541 0.0359111 0.0453906 0.0504234 0.0496604 0.044038 0.0360738 0.0282988 0.0220697 0.0174511 0.0138677
 1.04805e-16 4.70819e-05 0.000457653 0.00304127 0.0138252 0.0430154 0.0916501 0.133773 0.133804 0.0918034 0.0435303 0.0153129 0.00677841 0.00862528 0.0155865 0.0257653 0.0372799 0.0472325 0.0526876 0.0522739 0.0469598 0.0393131 0.031877 0.0259543 0.0215135 0.017893
 1.06114e-16 4.51872e-05 0.000439236 0.00291888 0.0132688 0.0412844 0.0879619 0.12839 0.128422 0.0881177 0.0418076 0.0147809 0.0067182 0.0087454 0.015856 0.026236 0.0380105 0.0482638 0.0540407 0.0539654 0.049016 0.0417626 0.034719 0.0291238 0.0248689 0.0212377
 1.06877e-16 4.53045e-05 0.000440375 0.00292645 0.0133032 0.0413915 0.0881901 0.128722 0.128753 0.0883416 0.0419004 0.0147743 0.00662311 0.00852369 0.0154367 0.0255528 0.0370513 0.0471118 0.052879 0.0530289 0.0485134 0.0418123 0.0353285 0.0302099 0.0262945 0.0228447
 1.072e-16 4.48674e-05 0.000436127 0.00289822 0.0131749 0.0409922 0.0873393 0.127481 0.127512 0.0874929 0.0415081 0.014666 0.00664511 0.00862868 0.0156426 0.0258909 0.0375319 0.0477041 0.0535118 0.0536171 0.0489969 0.0421833 0.0356307 0.0305128 0.0266593 0.0232992
pSPR Fmed_Fpbrs
0.599947   0.285685 0.285685
Fs Fmed_Fpbrs
0.34   1.005 1.005
SSBpbr Bo_Bmed_Bpbrs
2.06274e+06  1.1344e+06  486158 486158
Ro
232164
SPR SPRFo_SPRFmed_SPRFpbrs
1.64999e+06 989905 471377
Fref
1.005
Nvult_r0
 180490 64817.5 18482.9 5441.3 2004.92
CTP_r0
 60363.7 32489.6 9264.52 2727.44 1004.96
YTP_r0
1.29363e+06
Np
 232164 51673.4 10472.8 3076.78 995.5
Nvult_p0
 180490 44715.1 9062.53 2662.46 861.446
CTP_p0
 60363.7 33733.5 9910.49 2826.01 1085.75
 60363.7 22413.3 4542.56 1334.55 431.797
YTP_p0
 1.40912e+06 1.01261e+06
CBA_c0
1.32828e+06
log_Ro
12.1752
likeval ReclasPelacesDesembMPH_pf_preclas_ppelaces_ptallas_desvR_qrecl_qpela
 0.00121216 126.617 11.7186 383.35 227.999 133.661 92.5089 0 0 0 0 53.6811 0 0 0
q_reclas_q_pelaces
1 1
M
1
N
 232164 11448.1 120876 4412.13 1219.63
 232164 77965.2 3509.46 37055 1726.44
 232164 74496 21820.9 982.227 10854.1
 232164 77304.9 22451.9 6576.44 3567.28
 232164 75231.5 22065.4 6408.5 2895.35
 232164 82014.1 25520.1 7485.02 3156.06
 232164 77076.3 24571.7 7645.9 3188.11
 232164 70486.6 19312.5 6156.78 2714.61
 232164 83875.9 25008.4 6852.02 3147.54
 232164 81374.2 28010.2 8351.51 3339.34
 232164 81764.9 27436.3 9443.98 3941.71
 232164 84125.1 29182.5 9792.23 4777.46
 232164 78011.6 25819.6 8956.66 4471.71
 232164 77836.9 23836.1 7889.06 4102.98
 232164 74818.1 21973.8 6729.06 3385.42
 232164 78557.7 23285.7 6838.92 3147.94
 232164 72035.9 20558.5 6093.86 2613.56
 232164 76107 21042.8 6005.46 2543.57
 232164 69508.7 18544.2 5127.28 2083.05
 232164 52227.9 9562 2551.04 991.893
 232164 52115.1 7153.77 1309.73 485.284
 232164 55657.2 8141.64 1117.59 280.424
 232164 39828.8 4452.67 651.345 111.844
 232164 64925.7 8467.12 946.584 162.245
 232164 69943.8 16018.4 2089 273.569
 232164 71625.9 18096.5 4144.43 611.266
 232164 77331.8 21601.9 5457.78 1434.29
 232164 75486.3 22222.9 6207.74 1980.57
 232164 74904.1 21359.2 6288.05 2316.92
pred_Ctot
 12885.2 1224.43 12928.2 471.898 130.445
 18960.9 12054.1 542.593 5729.02 266.922
 14037.9 8651.35 2534.09 114.068 1260.51
 17668.9 11180 3247.04 951.1 515.908
 5851.66 3729.38 1093.83 317.682 143.529
 14437.4 9784.01 3044.46 892.939 376.507
 26044.4 16028.2 5109.75 1589.99 662.975
 2637 1589.21 435.427 138.813 61.2045
 6959.23 4929.13 1469.67 402.672 184.971
 6282.82 4325.74 1488.98 443.955 177.514
 2207.77 1545.32 518.535 178.487 74.4967
 12804.2 8943.09 3102.31 1040.98 507.877
 13108.9 8483.04 2807.64 973.954 486.257
 18394.8 11694.4 3581.2 1185.27 616.443
 11852.1 7382.72 2168.27 663.994 334.058
 23299.1 14734.2 4367.45 1282.7 590.425
 16133.6 9555.71 2727.13 808.364 346.694
 27782.7 16795.5 4643.78 1325.3 561.322
 59321.5 29726.4 7930.69 2192.75 890.847
 59533.2 22400.7 4101.18 1094.15 425.427
 52922.6 20286.8 2784.74 509.837 188.906
 83230.7 30931.2 4524.68 621.096 155.844
 35988.6 11107.4 1241.76 181.646 31.1908
 27008.8 13961.1 1820.71 203.546 34.8879
 24024.6 13498 3091.28 403.142 52.7942
 13990.9 8291.28 2094.82 479.752 70.759
 17221.7 10915.2 3049.05 770.35 202.446
 18243.8 11253.1 3312.88 925.42 295.254
 13222.3 8212.86 2341.93 689.453 254.038
F
 0.0911816 0.182363 0.182363 0.182363 0.182363
 0.136698 0.273396 0.273396 0.273396 0.273396
 0.0996864 0.199373 0.199373 0.199373 0.199373
 0.126874 0.253748 0.253748 0.253748 0.253748
 0.0405525 0.0811051 0.0811051 0.0811051 0.0811051
 0.102647 0.205295 0.205295 0.205295 0.205295
 0.192021 0.384042 0.384042 0.384042 0.384042
 0.018105 0.0362099 0.0362099 0.0362099 0.0362099
 0.048385 0.0967699 0.0967699 0.0967699 0.0967699
 0.0435956 0.0871911 0.0871911 0.0871911 0.0871911
 0.0151392 0.0302784 0.0302784 0.0302784 0.0302784
 0.090586 0.181172 0.181172 0.181172 0.181172
 0.0928277 0.185655 0.185655 0.185655 0.185655
 0.132383 0.264767 0.264767 0.264767 0.264767
 0.0836101 0.16722 0.16722 0.16722 0.16722
 0.170279 0.340558 0.340558 0.340558 0.340558
 0.115303 0.230606 0.230606 0.230606 0.230606
 0.205992 0.411984 0.411984 0.411984 0.411984
 0.491828 0.983655 0.983655 0.983655 0.983655
 0.493988 0.987976 0.987976 0.987976 0.987976
 0.428232 0.856464 0.856464 0.856464 0.856464
 0.762854 1.52571 1.52571 1.52571 1.52571
 0.2742 0.548399 0.548399 0.548399 0.548399
 0.199752 0.399504 0.399504 0.399504 0.399504
 0.175987 0.351974 0.351974 0.351974 0.351974
 0.0993379 0.198676 0.198676 0.198676 0.198676
 0.123492 0.246984 0.246984 0.246984 0.246984
 0.131235 0.26247 0.26247 0.26247 0.26247
 0.0936626 0.187325 0.187325 0.187325 0.187325
YTP_r0W_actual
 313891 666036 201040 79095.7 33565.7
YTP_p0W_proyectada
 455142 588650 238546 88510.7 38272.6
 455142 391112 109339 41798.1 15220.8
CTP_r0_actual
 60363.7 32489.6 9264.52 2727.44 1004.96
CTP_p0_proyectada
 60363.7 33733.5 9910.49 2826.01 1085.75
 60363.7 22413.3 4542.56 1334.55 431.797
Wmedp
 7.54 17.45 24.07 31.32 35.25
Frms_r0
 0.5025 1.005 1.005 1.005 1.005
Zrms_r0
 1.5025 2.005 2.005 2.005 2.005
nmprior
 7.29 8.9 8.7 0
nm_flota  nm_reclas  nm_pelaces    nm_pelaL
inf 4.28053 8.0343 9.89562
cv_recla  cv_pelaces  cv_mph
1.10098 1.37813 1.69562
 ------------------------------------------------
Talla a la edad & desviaci?n 
 8 13.2811 15.8009 17.003 17.5766
 0.8 1.32811 1.58009 1.7003 1.75766
