years
 1991 1992 1993 1994 1995 1996 1997 1998 1999 2000 2001 2002 2003 2004 2005 2006 2007 2008 2009 2010 2011 2012 2013 2014 2015 2016 2017 2018 2019 2020 2021
reclasobs
 0 0 0 0 0 0 0 0 0 252601 567819 844713 477998 351125 339783 2.1784e+06 2.13404e+06 4.81314e+06 1.55562e+06 2.62356e+06 3.21686e+06 3.843e+06 1.13348e+06 3.07943e+06 1.97215e+06 2.03268e+06 2.025e+06 2.42433e+06 2.27542e+06 1.05018e+06 2.36338e+06
reclaspred
 5.65129e+06 3.0698e+06 1.50689e+06 1.78256e+06 2.10464e+06 4.53924e+06 3.14983e+06 2.79674e+06 2.15443e+06 1.61611e+06 1.61093e+06 2.02586e+06 1.54271e+06 282083 958187 1.61743e+06 1.0994e+06 2.37219e+06 2.82199e+06 2.53761e+06 4.32715e+06 2.91903e+06 1.65251e+06 2.1854e+06 1.80932e+06 1.51352e+06 2.34919e+06 2.50737e+06 1.89566e+06 1.58346e+06 2.40354e+06
pelacesobs
 0 0 0 0 0 0 0 0 0 0 0 0 0 0 0 552880 188675 0 991730 2.46772e+06 1.41603e+06 1.21717e+06 2.29649e+06 1.80582e+06 0 1.4828e+06 1.56532e+06 1.57751e+06 1.42118e+06 867257 1.10002e+06
pelacespred
 3.8431e+06 2.13054e+06 990366 892766 1.2641e+06 2.73249e+06 1.92903e+06 2.16101e+06 1.63723e+06 1.12601e+06 1.17262e+06 1.15004e+06 927813 88176.6 495912 691794 479035 1.1148e+06 1.3852e+06 1.18736e+06 2.23184e+06 1.49228e+06 890386 1.22509e+06 931896 835494 1.50926e+06 1.49872e+06 1.09771e+06 971283 1.23296e+06
mphobs
 0 0 0 0 0 0 0 0 0 0 0 0 498337 0 5186 125008 0 168611 109162 213762 579715 649985 157893 87575 83554 210694 70296 0 107559 103333 445601
mphpred
 1.03269e+06 702382 320656 182619 258555 370535 683567 407093 384669 284950 190264 279287 275596 111914 9507.93 114619 192286 109636 237607 272213 365112 398224 253200 143272 226264 203329 153753 274731 354305 210982 167017
desembarqueobs
 494567 514787 250237 358949 120608 361735 552515 73892 212993 205616 52469 317467 293654 387597 252695 516296 358380 742168 942051 627588 828172 859565 418607 520667 417249 300574 415391 372974 316634 284311 391294
desembarquepred
 494634 514323 250481 358923 120606 361672 552461 73893.5 213006 205638 52465.3 317477 293764 387890 252593 516107 358320 741628 941147 627115 828220 859441 418575 520677 417069 300555 415271 372880 316489 284120 391219
Reclutas
 150315 93234 83433.7 138647 109099 246361 96196.8 41470.8 45320.3 56503.2 84197.9 119070 72346.1 33325.5 76172.3 203648 47102.4 265923 327863 236659 246677 296813 53496.9 121362 153266 47234.7 140975 124088 54398.8 77105.2 133122
log_desv_Rt
 0.352849 -0.12477 -0.235831 0.272051 0.0323767 0.846914 -0.093487 -0.934894 -0.846127 -0.625587 -0.226714 0.119826 -0.378421 -1.15356 -0.326885 0.656511 -0.807559 0.923322 1.13271 0.806738 0.848198 1.03322 -0.680259 0.138894 0.372293 -0.804754 0.288701 0.16111 -0.66354 -0.314712 0.231384
SSB
 1.03269e+06 702382 320656 182619 258555 370535 683567 407093 384669 284950 190264 279287 261531 107187 9139.28 109764 192286 109636 248351 282947 391467 461094 314347 166796 239387 234356 161717 274731 372464 203926 190342
BT
 1.64467e+06 1.18773e+06 551848 672504 587864 1.54181e+06 1.14695e+06 871975 807761 617275 522819 731086 627977 423745 522895 766122 466500 1.24474e+06 1.56687e+06 1.02452e+06 1.72605e+06 1.38665e+06 703420 1.09987e+06 752501 594742 1.18443e+06 1.01167e+06 649448 676362 886209
Ftot
 0.360887 0.668843 0.662244 0.777571 0.236428 0.322101 0.697196 0.111112 0.402671 0.513239 0.134312 0.620751 0.746181 3.31525 0.977205 1.16395 1.19924 1.14224 1.21141 0.933718 0.742391 1.0941 0.966548 0.900269 0.8792 0.775172 0.683426 0.584527 0.666152 0.700785 0.634138
BD_Bspro_t
 0.943894 0.644275 0.383542 0.288315 0.33615 0.471107 0.558587 0.389803 0.459221 0.4382 0.41212 0.597114 0.445073 0.203709 0.0249233 0.223661 0.236073 0.14298 0.22559 0.216888 0.229826 0.255062 0.208637 0.14326 0.21883 0.249409 0.222112 0.354825 0.408235 0.286629 0.299345
BD_Bspro
 1.36978 0.931651 0.425323 0.242229 0.342953 0.491484 0.906695 0.539975 0.510232 0.377963 0.252369 0.370451 0.346899 0.142175 0.0121225 0.145593 0.255052 0.145423 0.329418 0.375306 0.519248 0.611603 0.416956 0.221241 0.317527 0.310853 0.214505 0.364407 0.494043 0.270491 0.252474
BD_Bo
 1.67327 1.13807 0.519559 0.295897 0.418937 0.600378 1.10758 0.659612 0.623279 0.461705 0.308285 0.452529 0.423758 0.173675 0.0148084 0.177851 0.311562 0.177643 0.402404 0.458459 0.634293 0.74711 0.509337 0.270259 0.387878 0.379726 0.262031 0.445146 0.603504 0.330421 0.308412
BD_Brms
 10.3073 7.0105 3.20048 1.82273 2.58065 3.69832 6.82271 4.06321 3.8394 2.8441 1.89903 2.78757 2.61035 1.06984 0.0912195 1.09556 1.91922 1.09428 2.4788 2.8241 3.90724 4.60219 3.13751 1.66479 2.38933 2.33911 1.61411 2.74209 3.71758 2.03539 1.89982
Sel_flota
 0.794081 1 1 1 1
 0.794081 1 1 1 1
 0.794081 1 1 1 1
 0.794081 1 1 1 1
 0.794081 1 1 1 1
 0.794081 1 1 1 1
 0.794081 1 1 1 1
 0.794081 1 1 1 1
 0.794081 1 1 1 1
 0.794081 1 1 1 1
 0.794081 1 1 1 1
 0.794081 1 1 1 1
 0.794081 1 1 1 1
 0.794081 1 1 1 1
 0.794081 1 1 1 1
 0.794081 1 1 1 1
 0.794081 1 1 1 1
 0.794081 1 1 1 1
 0.794081 1 1 1 1
 0.794081 1 1 1 1
 0.794081 1 1 1 1
 0.794081 1 1 1 1
 0.794081 1 1 1 1
 0.794081 1 1 1 1
 0.794081 1 1 1 1
 0.794081 1 1 1 1
 0.794081 1 1 1 1
 0.794081 1 1 1 1
 0.794081 1 1 1 1
 0.794081 1 1 1 1
 0.794081 1 1 1 1
Sel_reclas
 0.738309 1 1 1 1
 0.738309 1 1 1 1
 0.738309 1 1 1 1
 0.738309 1 1 1 1
 0.738309 1 1 1 1
 0.738309 1 1 1 1
 0.738309 1 1 1 1
 0.738309 1 1 1 1
 0.738309 1 1 1 1
 0.738309 1 1 1 1
 0.738309 1 1 1 1
 0.738309 1 1 1 1
 0.738309 1 1 1 1
 0.738309 1 1 1 1
 0.738309 1 1 1 1
 0.738309 1 1 1 1
 0.738309 1 1 1 1
 0.738309 1 1 1 1
 0.738309 1 1 1 1
 0.738309 1 1 1 1
 0.738309 1 1 1 1
 0.738309 1 1 1 1
 0.738309 1 1 1 1
 0.738309 1 1 1 1
 0.738309 1 1 1 1
 0.738309 1 1 1 1
 0.738309 1 1 1 1
 0.738309 1 1 1 1
 0.738309 1 1 1 1
 0.738309 1 1 1 1
 0.738309 1 1 1 1
Sel_pelaces
 0.482305 0.852383 0.972818 0.995512 0.999273
 0.482305 0.852383 0.972818 0.995512 0.999273
 0.482305 0.852383 0.972818 0.995512 0.999273
 0.482305 0.852383 0.972818 0.995512 0.999273
 0.482305 0.852383 0.972818 0.995512 0.999273
 0.482305 0.852383 0.972818 0.995512 0.999273
 0.482305 0.852383 0.972818 0.995512 0.999273
 0.482305 0.852383 0.972818 0.995512 0.999273
 0.482305 0.852383 0.972818 0.995512 0.999273
 0.482305 0.852383 0.972818 0.995512 0.999273
 0.482305 0.852383 0.972818 0.995512 0.999273
 0.482305 0.852383 0.972818 0.995512 0.999273
 0.482305 0.852383 0.972818 0.995512 0.999273
 0.482305 0.852383 0.972818 0.995512 0.999273
 0.482305 0.852383 0.972818 0.995512 0.999273
 0.482305 0.852383 0.972818 0.995512 0.999273
 0.482305 0.852383 0.972818 0.995512 0.999273
 0.482305 0.852383 0.972818 0.995512 0.999273
 0.482305 0.852383 0.972818 0.995512 0.999273
 0.482305 0.852383 0.972818 0.995512 0.999273
 0.482305 0.852383 0.972818 0.995512 0.999273
 0.482305 0.852383 0.972818 0.995512 0.999273
 0.482305 0.852383 0.972818 0.995512 0.999273
 0.482305 0.852383 0.972818 0.995512 0.999273
 0.482305 0.852383 0.972818 0.995512 0.999273
 0.482305 0.852383 0.972818 0.995512 0.999273
 0.482305 0.852383 0.972818 0.995512 0.999273
 0.482305 0.852383 0.972818 0.995512 0.999273
 0.482305 0.852383 0.972818 0.995512 0.999273
 0.482305 0.852383 0.972818 0.995512 0.999273
 0.482305 0.852383 0.972818 0.995512 0.999273
pf_obs 
 0.8446 0.082 0.0669 0.0065 0
 0.8095 0.147 0.0364 0.0071 0
 0.9664 0.0169 0.016 0.0007 0
 0.9276 0.0648 0.0075 0.0001 0
 0.7033 0.2144 0.0806 0.0017 0
 0.9318 0.0425 0.0243 0.0014 0
 0.5671 0.3108 0.0964 0.0239 0.0018
 0.0768 0.2599 0.5324 0.112 0.0189
 0.490249 0.384438 0.106611 0.0170017 0.00170017
 0.7925 0.1577 0.0466 0.003 0.0002
 0.840416 0.127587 0.0312969 0.00059994 9.999e-05
 0.8084 0.0986 0.0794 0.0134 0.0002
 0.7335 0.1905 0.0724 0.0035 0.0001
 0.4001 0.4547 0.1325 0.0127 0
 0.49795 0.308269 0.164784 0.0264974 0.00249975
 0.9179 0.0499 0.0305 0.0017 0
 0.2467 0.6533 0.0926 0.0074 0
 0.9418 0.0223 0.034 0.0019 0
 0.707729 0.231977 0.0356964 0.0245975 0
 0.517169 0.277429 0.184464 0.0207286 0.00020938
 0.811772 0.124168 0.05621 0.00726502 0.000585176
 0.764997 0.148141 0.077277 0.00933861 0.000247198
 0.163321 0.427699 0.378323 0.0303852 0.000271297
 0.753843 0.0900009 0.118128 0.0371064 0.000921714
 0.721811 0.176058 0.0630433 0.0369309 0.00215725
 0.143369 0.312575 0.442814 0.0836902 0.0175525
 0.692698 0.0596174 0.167031 0.0765114 0.00414204
 0.394062 0.376323 0.152708 0.0712218 0.00568511
 0.125707 0.32114 0.495352 0.0537591 0.00404204
 0.23352 0.215282 0.420074 0.123614 0.00750983
 0.796117 0.104755 0.0508955 0.0450114 0.00322123
pf_pred 
 0.621886 0.149213 0.209758 0.0191427 8.54784e-07
 0.562215 0.299543 0.0545535 0.0766893 0.00699906
 0.688057 0.199057 0.0772395 0.014067 0.0215797
 0.828648 0.128789 0.0271603 0.0105389 0.0048638
 0.736614 0.229365 0.0255705 0.00539253 0.00305813
 0.825546 0.136743 0.0328398 0.00366111 0.00120994
 0.497121 0.433065 0.0547227 0.013142 0.00194933
 0.48518 0.296926 0.187644 0.0237109 0.00653896
 0.592362 0.222596 0.106725 0.0674451 0.0108728
 0.717432 0.185961 0.052753 0.0252928 0.0185606
 0.790873 0.161739 0.031187 0.00884706 0.00735452
 0.747025 0.209665 0.0334961 0.00645883 0.00335535
 0.645367 0.2841 0.0584579 0.00933922 0.00273634
 0.6016 0.285406 0.0905208 0.018626 0.00384756
 0.982509 0.0133374 0.00297579 0.000943817 0.000234322
 0.930738 0.0684132 0.00064732 0.000144428 5.718e-05
 0.565609 0.413528 0.0206078 0.000194989 6.07293e-05
 0.957534 0.0279763 0.0137937 0.000687395 8.52977e-06
 0.87439 0.121932 0.00242318 0.00119474 6.02778e-05
 0.799206 0.18309 0.0171861 0.000341543 0.000176893
 0.809406 0.162037 0.0260385 0.00244416 7.37305e-05
 0.812276 0.160483 0.0231596 0.00372161 0.000359876
 0.462069 0.464401 0.0628601 0.00907145 0.00159869
 0.861458 0.0764277 0.0536238 0.00725838 0.00123207
 0.84227 0.141671 0.00885919 0.00621585 0.000984179
 0.555884 0.392191 0.0466381 0.00291645 0.00237025
 0.888697 0.0707463 0.0358151 0.00425902 0.000482784
 0.758206 0.22162 0.0128229 0.00649154 0.000859459
 0.561921 0.354732 0.0763931 0.00442008 0.00253391
 0.777443 0.141938 0.0652812 0.0140586 0.00127974
 0.849704 0.124462 0.0164757 0.00757766 0.00178043
pobs_RECLAS
 0 0 0 0 0
 0 0 0 0 0
 0 0 0 0 0
 0 0 0 0 0
 0 0 0 0 0
 0 0 0 0 0
 0 0 0 0 0
 0 0 0 0 0
 0 0 0 0 0
 0 0 0 0 0
 0.991045 0.00858322 0.000360255 1.14367e-05 0
 0.934742 0.0480273 0.0164251 0.00080598 0
 0.827803 0.169806 0.00239088 0 0
 0.941827 0.0461693 0.0120037 0 0
 0.791401 0.0380133 0.147996 0.0225897 0
 0.846168 0.0940531 0.0597789 0 0
 0.134021 0.677848 0.182769 0.00536245 0
 0.80878 0.0450904 0.141981 0.00414843 0
 0.846168 0.0940531 0.0597789 0 0
 0.905697 0.0802665 0.012482 0.00150086 5.37128e-05
 0.989698 0.0102097 9.19794e-05 0 0
 0.975433 0.0193895 0.00387452 0.00125025 5.28907e-05
 0.303575 0.632131 0.0575291 0.00676475 0
 0.966965 0.00978017 0.0227588 0.000495775 0
 0.843318 0.132988 0.00938335 0.0141283 0.000182051
 0.564624 0.303363 0.111486 0.0197234 0.00080311
 0.826376 0.0876187 0.0782897 0.00655872 0.00115652
 0.89761 0.0855135 0.0140674 0.00269457 0.000114338
 0.34875 0.467042 0.161289 0.0227151 0.000203297
 0.318654 0.224769 0.449479 0.00709798 0
 0.937255 0.0296025 0.0250945 0.00804832 0
ppred_RECLAS
 0.606519 0.155277 0.218282 0.0199207 8.89522e-07
 0.548585 0.308869 0.0562519 0.0790769 0.00721696
 0.676036 0.206728 0.0802157 0.0146091 0.0224112
 0.821256 0.134345 0.0283319 0.0109935 0.00507361
 0.723206 0.241041 0.0268722 0.00566704 0.0032138
 0.815852 0.144342 0.0346645 0.00386454 0.00127717
 0.483581 0.444725 0.0561962 0.0134959 0.00200181
 0.46753 0.307106 0.194077 0.0245239 0.00676315
 0.576895 0.231041 0.110774 0.0700041 0.0112853
 0.705029 0.194124 0.0550686 0.026403 0.0193753
 0.779009 0.170914 0.0329563 0.00934896 0.00777174
 0.736127 0.218697 0.0349391 0.00673708 0.00349989
 0.633289 0.293775 0.0604487 0.00965728 0.00282953
 0.627565 0.266805 0.0846211 0.0174121 0.00359679
 0.981753 0.0139136 0.00310435 0.000984591 0.000244445
 0.928475 0.0706488 0.000668473 0.000149147 5.90486e-05
 0.557509 0.421238 0.020992 0.000198625 6.18617e-05
 0.956062 0.0289461 0.0142718 0.000711224 8.82546e-06
 0.870798 0.125419 0.00249246 0.0012289 6.20013e-05
 0.7919 0.189751 0.0178114 0.000353969 0.000183329
 0.801172 0.169038 0.0271635 0.00254976 7.69159e-05
 0.806435 0.165476 0.0238802 0.0038374 0.000371073
 0.45127 0.473723 0.064122 0.00925355 0.00163078
 0.855838 0.0795282 0.0557992 0.00755284 0.00128205
 0.8359 0.147392 0.00921693 0.00646686 0.00102392
 0.54319 0.403401 0.0479713 0.00299981 0.002438
 0.883172 0.0742579 0.0375928 0.00447042 0.000506747
 0.747396 0.231528 0.0133961 0.00678175 0.000897883
 0.548266 0.365789 0.0787743 0.00455785 0.00261289
 0.76795 0.147992 0.0680657 0.0146583 0.00133433
 0.842357 0.130547 0.0172812 0.0079481 0.00186747
pobs_PELACES
 0 0 0 0 0
 0 0 0 0 0
 0 0 0 0 0
 0 0 0 0 0
 0 0 0 0 0
 0 0 0 0 0
 0 0 0 0 0
 0 0 0 0 0
 0 0 0 0 0
 0 0 0 0 0
 0 0 0 0 0
 0 0 0 0 0
 0 0 0 0 0
 0 0 0 0 0
 0 0 0 0 0
 0 0 0 0 0
 0.505614 0.472636 0.0217494 0 0
 0 0 0 0 0
 0.443492 0.261883 0.143347 0.151278 0
 0.227955 0.32914 0.350689 0.0885471 0.00366901
 0.970185 0.0296113 0.000203453 0 0
 0.997202 0.00247181 0.000326279 0 0
 0.445219 0.490057 0.0546422 0.010081 0
 0.90214 0.0892962 0.00764917 0.000914606 0
 0 0 0 0 0
 0.581667 0.319106 0.0959925 0.00289975 0.000334073
 0.762889 0.0836404 0.116647 0.0363945 0.000428098
 0.88444 0.0763242 0.0277011 0.0115352 0
 0.521256 0.241999 0.230069 0.00667565 0
 0.616807 0.101726 0.260614 0.0208532 0
 0.833518 0.0704572 0.0857862 0.0102388 0
ppred_PELACES
 0.526936 0.171759 0.275568 0.0257353 1.15351e-06
 0.481449 0.337982 0.0702511 0.10106 0.00925811
 0.613371 0.233969 0.103614 0.0193106 0.0297355
 0.781551 0.158236 0.0380851 0.0151228 0.00700566
 0.666289 0.285144 0.0362805 0.00782965 0.004457
 0.770914 0.174113 0.0477224 0.00544439 0.00180609
 0.42443 0.48574 0.0700513 0.0172157 0.00256321
 0.389792 0.331576 0.239147 0.030924 0.00856039
 0.501067 0.254774 0.139412 0.0901574 0.0145891
 0.643087 0.223124 0.0722384 0.0354431 0.0261075
 0.72498 0.205659 0.0452591 0.0131385 0.0109632
 0.685051 0.254593 0.0464205 0.00915978 0.00477646
 0.575021 0.330846 0.0776954 0.0127022 0.00373573
 0.608313 0.269385 0.0975115 0.0205326 0.00425741
 0.977042 0.0169068 0.00430518 0.0013973 0.00034822
 0.914878 0.0839264 0.000906306 0.000206929 8.22343e-05
 0.509925 0.463384 0.0263551 0.000255187 7.97784e-05
 0.945013 0.0345449 0.0194388 0.000991314 1.23475e-05
 0.848115 0.146791 0.00332938 0.00167984 8.50722e-05
 0.754239 0.221318 0.0237098 0.000482182 0.000250677
 0.760736 0.199129 0.0365201 0.00350802 0.000106222
 0.77108 0.191659 0.0315665 0.00519089 0.00050385
 0.397574 0.509955 0.0787791 0.011634 0.00205804
 0.819544 0.0934727 0.0748494 0.0103678 0.00176652
 0.803167 0.174072 0.0124234 0.00891991 0.00141766
 0.485774 0.446575 0.0606087 0.00387849 0.00316403
 0.852192 0.0892517 0.0515674 0.0062753 0.000714028
 0.699705 0.271812 0.017949 0.00929861 0.00123576
 0.48648 0.404758 0.0994824 0.0058903 0.0033895
 0.716393 0.171762 0.0901599 0.0198693 0.00181552
 0.806469 0.156205 0.0235993 0.0111072 0.00261958
pobs_pel_tallas
 0 0 0 0 0 0 0 0 0 0 0 0 0 0 0 0 0 0 0 0 0 0 0 0 0 0
 0 0 0 0 0 0 0 0 0 0 0 0 0 0 0 0 0 0 0 0 0 0 0 0 0 0
 0 0 0 0 0 0 0 0 0 0 0 0 0 0 0 0 0 0 0 0 0 0 0 0 0 0
 0 0 0 0 0 0 0 0 0 0 0 0 0 0 0 0 0 0 0 0 0 0 0 0 0 0
 0 0 0 0 0 0 0 0 0 0 0 0 0 0 0 0 0 0 0 0 0 0 0 0 0 0
 0 0 0 0 0 0 0 0 0 0 0 0 0 0 0 0 0 0 0 0 0 0 0 0 0 0
 0 0 0 0 0 0 0 0 0 0 0 0 0 0 0 0 0 0 0 0 0 0 0 0 0 0
 0 0 0 0 0 0 0 0 0 0 0 0 0 0 0 0 0 0 0 0 0 0 0 0 0 0
 0 0 0 0 0 0 0 0 0 0 0 0 0 0 0 0 0 0 0 0 0 0 0 0 0 0
 0 0 0 0 0 0 0 0 0 0 0 0 0 0 0 0 0 0 0 0 0 0 0 0 0 0
 0 0 0 0 0 0 0 0 0 0 0 0 0 0 0 0 0 0 0 0 0 0 0 0 0 0
 0 0 0 0 0 0 0 0 0 0 0 0 0 0 0 0 0 0 0 0 0 0 0 0 0 0
 0.00862536 0 0 0.000197151 0.00414017 0.0128641 0.00837892 0.0270097 0.101434 0.158115 0.152841 0.127902 0.109271 0.109419 0.0830992 0.0579132 0.0238553 0.00714673 0.00463305 0.00128148 0.00103504 0.000492878 0.000147863 0.000147863 4.92878e-05 0
 0 0 0 0 0 0 0 0 0 0 0 0 0 0 0 0 0 0 0 0 0 0 0 0 0 0
 0 0 0 0 0 0 0 0.0054083 0.00873648 0.0413646 0.0450493 0.0745869 0.0622846 0.0627006 0.0613931 0.0827291 0.12552 0.122667 0.0946155 0.0697135 0.0546179 0.0294188 0.0215738 0.0213955 0.0102223 0.00600262
 0 0 0 0 0.00359764 0.0251062 0.0480494 0.140153 0.205849 0.193036 0.1447 0.116669 0.0760912 0.0342217 0.00950174 0.001854 0.000860785 0 0 0 0.000165536 0 0.000143464 0 0 0
 0 0 0 0 0 0 0 0.000145254 0.000435761 0.0275982 0.070085 0.0708112 0.156366 0.174668 0.174014 0.160142 0.0824315 0.0480064 0.0283245 0.00493863 0.00203355 0 0 0 0 0
 0 0 0 0 0 0 0 0 0 0 0 0 0 0 0 0 0 0 0 0 0 0 0 0 0 0
 0 0 1.00437e-05 0.000401748 0.00122533 0.00171747 0.00176769 0.0269171 0.070346 0.194647 0.189555 0.159765 0.064822 0.0314167 0.0384472 0.0292271 0.0345202 0.0313363 0.0194345 0.0106764 0.0143323 0.0359363 0.0279516 0.0138201 0.00172751 0
 0 0.0021121 0.0136068 0.0755702 0.200478 0.177729 0.0527432 0.0373336 0.0318909 0.0142505 0.0149659 0.0166563 0.0217959 0.0798694 0.0677717 0.0528807 0.04013 0.0224614 0.0357745 0.0225083 0.00881397 0.00855152 0.00135912 0.000746735 0 0
 0 0 0 0 5.4009e-05 0.00500934 0.000945158 0.0243581 0.138947 0.33067 0.221406 0.137944 0.0707744 0.0437923 0.0131692 0.00525238 0.0047753 0.00276346 9.45158e-05 9.00151e-06 2.25038e-05 9.00151e-06 4.50075e-06 0 0 0
 0.000866109 0.00284123 0.00948549 0.0512746 0.133035 0.25785 0.225252 0.132002 0.0553304 0.0519788 0.0540692 0.017754 0.00435017 0.00159236 0.00146478 0.000404838 0.000125132 0.000115318 0.000107957 0.000100596 0 0 0 0 0 0
 0 0 0 0 0.00144013 0.00171154 0.00461396 0.0210425 0.0478622 0.0707936 0.0888783 0.103762 0.0637923 0.0337046 0.0602308 0.124433 0.169614 0.0934646 0.0462172 0.0250306 0.0313229 0.00938855 0.002487 0.000210481 0 0
 0 0.00764035 0.051015 0.0998891 0.058973 0.0496711 0.0374665 0.0718981 0.12319 0.153886 0.159021 0.0857701 0.0377988 0.023471 0.0147837 0.00900784 0.00315554 0.000888139 0.00291439 0.00214683 0.00393193 0.00274676 0.000635225 9.99891e-05 0 0
 0 0 0 0 0 0 0 0 0 0 0 0 0 0 0 0 0 0 0 0 0 0 0 0 0 0
 0 0 0 0 0 0 0 0 0 0 0 0 0 0 0 0 0 0 0 0 0 0 0 0 0 0
 0 0 0 0 0 0 0 0 0 0 0 0 0 0 0 0 0 0 0 0 0 0 0 0 0 0
 0 0 0 0 0 0 0 0 0 0 0 0 0 0 0 0 0 0 0 0 0 0 0 0 0 0
 0 0 0 0 0 0 0 0 0 0 0 0 0 0 0 0 0 0 0 0 0 0 0 0 0 0
 0 0 0 0 0 0 0 0 0 0 0 0 0 0 0 0 0 0 0 0 0 0 0 0 0 0
 0 0 0 0 0 0 0 0 0 0 0 0 0 0 0 0 0 0 0 0 0 0 0 0 0 0
ppred_pel_tallas
 1.10578e-16 4.3403e-05 0.000421893 0.00280363 0.0127449 0.0396542 0.0844881 0.123316 0.123333 0.0845711 0.039934 0.0135582 0.00486411 0.00498259 0.00888833 0.0151028 0.0228617 0.0310562 0.0385006 0.0445166 0.0490931 0.0524183 0.0542645 0.0538811 0.0505305 0.0441705
 1.13816e-16 3.96564e-05 0.000385474 0.00256161 0.0116447 0.0362313 0.0771958 0.112676 0.112709 0.0773553 0.0367672 0.0131936 0.0064532 0.00889389 0.0162387 0.026893 0.0390093 0.0496665 0.0559506 0.0566201 0.052868 0.04746 0.0429341 0.0402654 0.0388056 0.0371815
 1.10019e-16 5.05226e-05 0.000491098 0.00326352 0.0148355 0.0461589 0.0983472 0.143545 0.143568 0.098458 0.0465313 0.0159128 0.00597363 0.00642678 0.0113811 0.0188872 0.0275617 0.0354212 0.0404726 0.0418064 0.0400943 0.0370136 0.0340867 0.0318748 0.0300154 0.0278227
 1.03842e-16 6.43753e-05 0.000625751 0.00415834 0.0189032 0.058815 0.125312 0.1829 0.182915 0.125387 0.0590658 0.0196281 0.0059793 0.00460581 0.00763782 0.0125638 0.018185 0.023067 0.025795 0.0257258 0.0233598 0.0199684 0.0167875 0.0144126 0.012752 0.0113858
 1.0266e-16 5.48814e-05 0.000533467 0.00354508 0.0161154 0.0501412 0.106832 0.15593 0.155958 0.106966 0.050592 0.0174173 0.0068127 0.00766569 0.0135972 0.0223842 0.0322212 0.0404797 0.0445163 0.0431104 0.0371873 0.0291846 0.021593 0.0158069 0.0119452 0.00940973
 1.02274e-16 6.34992e-05 0.000617235 0.00410174 0.0186459 0.0580145 0.123607 0.180411 0.180428 0.123689 0.0582906 0.0194438 0.00610613 0.00499841 0.00840047 0.0138295 0.0200137 0.0253701 0.0283199 0.0281191 0.0252714 0.0211347 0.0170597 0.0137474 0.0112042 0.0091131
 1.04306e-16 3.49598e-05 0.000339822 0.00225824 0.0102657 0.0319405 0.0680544 0.0993372 0.099384 0.0682831 0.0327087 0.0124844 0.00782764 0.0124982 0.0231267 0.0381798 0.0550003 0.0691717 0.0762053 0.0740197 0.0641655 0.0507445 0.0379355 0.02806 0.0213018 0.0166724
 1.11536e-16 3.21067e-05 0.000312089 0.00207394 0.00942785 0.0293337 0.0624998 0.091227 0.0912592 0.0626575 0.0298644 0.0109646 0.00594604 0.00881357 0.0163205 0.027302 0.0401924 0.0523485 0.0610336 0.0648971 0.0645959 0.0619814 0.0585942 0.0547737 0.0499533 0.0435956
 1.15599e-16 4.12723e-05 0.000401181 0.00266599 0.0121192 0.0377075 0.0803408 0.117265 0.11729 0.0804618 0.0381144 0.013297 0.00563203 0.00690844 0.0124962 0.0208497 0.0306424 0.0398458 0.0464283 0.0495073 0.0498208 0.0490335 0.0484519 0.0482053 0.0474227 0.0450519
 1.10115e-16 5.29703e-05 0.00051489 0.00342163 0.0155542 0.0483951 0.103112 0.150499 0.150521 0.103217 0.0487496 0.0165791 0.00599811 0.00615276 0.0108004 0.0178786 0.0260074 0.0332638 0.0377355 0.0385842 0.0365352 0.0333188 0.0305188 0.0287387 0.0275889 0.0262628
 1.04532e-16 5.97157e-05 0.000580458 0.00385735 0.0175349 0.0545578 0.116242 0.169663 0.169683 0.116339 0.0548836 0.0184764 0.00622204 0.0057475 0.00988744 0.0162902 0.0235533 0.0298172 0.0332292 0.0329439 0.0296151 0.0249198 0.0205089 0.0172113 0.0149561 0.0132217
 1.03132e-16 5.64268e-05 0.000548488 0.0036449 0.0165692 0.0515531 0.10984 0.16032 0.160345 0.10996 0.051956 0.0177333 0.00656766 0.00693161 0.0121871 0.0200791 0.0289677 0.0365289 0.0404279 0.0395825 0.0347915 0.0281621 0.0218201 0.0169142 0.0134921 0.0110213
 1.04233e-16 4.73638e-05 0.000460393 0.00305947 0.0139079 0.0432729 0.0921987 0.134573 0.134605 0.0923548 0.0437971 0.0154226 0.00686377 0.00877288 0.0158567 0.0261978 0.0378698 0.0479034 0.0532889 0.0526175 0.0468812 0.0387268 0.0308001 0.0244956 0.0198393 0.0161862
 1.05663e-16 5.0106e-05 0.000487048 0.00323661 0.0147132 0.0457783 0.0975364 0.142363 0.142389 0.0976638 0.0462063 0.0159506 0.0063474 0.00729341 0.013022 0.0215675 0.0313416 0.0399937 0.045144 0.0456721 0.0423251 0.0370885 0.0318648 0.0275289 0.0239275 0.0205099
 1.00328e-16 8.04777e-05 0.000782272 0.00519847 0.0236315 0.0735264 0.156656 0.228644 0.228646 0.156664 0.0735532 0.023709 0.00539308 0.00120764 0.000889926 0.00134806 0.00194404 0.00246548 0.00275602 0.00274539 0.00248511 0.00210909 0.00174842 0.00146777 0.00126095 0.00108867
 1.00083e-16 7.53573e-05 0.0007325 0.00486772 0.022128 0.0688483 0.146689 0.214098 0.214107 0.146728 0.0689807 0.02251 0.00582574 0.00282095 0.00403312 0.00652577 0.0093404 0.0116343 0.0126055 0.0118867 0.00976666 0.00700956 0.00441844 0.00247619 0.00126728 0.000624666
 1.00919e-16 4.2002e-05 0.000408274 0.00271313 0.0123335 0.0383744 0.0817623 0.119344 0.119388 0.0819802 0.0391057 0.0144451 0.00801015 0.0119607 0.0219497 0.0361352 0.0518473 0.0647692 0.0705248 0.0670859 0.0559943 0.0413612 0.0274818 0.0169035 0.0100457 0.00603356
 1.00672e-16 7.78394e-05 0.000756627 0.00502805 0.0228568 0.071116 0.15152 0.221149 0.221152 0.151537 0.0711711 0.0230162 0.00542926 0.00163597 0.00175811 0.00280986 0.00410154 0.00528446 0.00605535 0.00626613 0.00599228 0.00545245 0.00484902 0.00426439 0.00367643 0.00304367
 1.00317e-16 6.98581e-05 0.000679046 0.0045125 0.0205132 0.0638242 0.135985 0.198477 0.198491 0.136054 0.0640557 0.0211816 0.00618885 0.00433397 0.0069978 0.011423 0.0163658 0.0204068 0.0221518 0.0209613 0.0173385 0.012611 0.00816861 0.00483854 0.00275443 0.00161798
 1.00832e-16 6.21257e-05 0.000603884 0.00401302 0.0182426 0.0567597 0.120933 0.17651 0.176532 0.121037 0.0571094 0.0192524 0.00654696 0.00613298 0.0105554 0.0173318 0.0249128 0.0312236 0.0341891 0.0328424 0.027895 0.0212548 0.0148989 0.00997646 0.00665425 0.00452973
 1.01475e-16 6.26609e-05 0.000609086 0.00404759 0.0183998 0.0572486 0.121975 0.17803 0.178049 0.122069 0.0575638 0.0193101 0.00633317 0.0056002 0.00954652 0.0156953 0.0226307 0.028512 0.0314994 0.0307303 0.0268139 0.0213906 0.016131 0.0119637 0.00897635 0.00681213
 1.01566e-16 6.35129e-05 0.000617368 0.00410263 0.01865 0.058027 0.123633 0.18045 0.180469 0.123724 0.0583302 0.0195258 0.00630137 0.00541816 0.00918372 0.0150886 0.0217443 0.0273728 0.030202 0.0294063 0.0255842 0.0203334 0.0152811 0.0113306 0.00855943 0.00660089
 1.03919e-16 3.27477e-05 0.00031832 0.00211535 0.00961609 0.0299195 0.0637485 0.0930531 0.0931022 0.0639887 0.0307261 0.0119458 0.00796363 0.0130862 0.0242841 0.0401015 0.0577783 0.0726815 0.0800935 0.0778143 0.0674475 0.0532713 0.039655 0.0290424 0.0216655 0.0165489
 1.03523e-16 6.75047e-05 0.00065617 0.00436048 0.0198221 0.061674 0.131403 0.191789 0.191798 0.131448 0.0618239 0.0202562 0.00545481 0.00306072 0.00467995 0.00774945 0.0114349 0.0149595 0.017561 0.0188611 0.0190285 0.0185468 0.017797 0.0168242 0.0154409 0.0135023
 1.01538e-16 6.61558e-05 0.000643058 0.00427335 0.019426 0.0604417 0.128778 0.187959 0.187976 0.12886 0.0607166 0.0202198 0.00626499 0.00498811 0.00831027 0.0136134 0.0195573 0.0244977 0.02681 0.0257542 0.0219215 0.0168468 0.0121043 0.00858322 0.00635902 0.0050302
 1.02788e-16 4.00127e-05 0.000388937 0.00258463 0.0117494 0.0365569 0.0778899 0.113692 0.113735 0.0781001 0.0372629 0.0137884 0.00770255 0.0115598 0.0212507 0.0350549 0.0504602 0.0633781 0.0696551 0.0673537 0.0578908 0.0450573 0.0327506 0.0231905 0.016641 0.0122675
 1.02262e-16 7.01939e-05 0.00068231 0.00453419 0.0206118 0.0641309 0.136638 0.199429 0.199438 0.13668 0.0642733 0.0210239 0.00557162 0.00295676 0.00441827 0.00726734 0.0106344 0.0137313 0.0157924 0.016445 0.0158887 0.0146833 0.0133332 0.0120209 0.0106532 0.00909203
 1.0173e-16 5.76338e-05 0.000560221 0.00372287 0.0169236 0.0526558 0.11219 0.16375 0.163776 0.112318 0.053085 0.0181628 0.0068318 0.007342 0.0129227 0.0212343 0.0304937 0.0381603 0.0416878 0.0399086 0.0337393 0.0255817 0.0179153 0.0121659 0.00849613 0.00631934
 1.04139e-16 4.00708e-05 0.000389502 0.00258838 0.0117664 0.0366099 0.0780028 0.113856 0.113895 0.0781937 0.0372513 0.0136197 0.00724318 0.0105606 0.0193848 0.0320555 0.0463382 0.0586085 0.065172 0.0642823 0.0571241 0.0469102 0.0368731 0.0287496 0.0226403 0.0178456
 1.04946e-16 5.90084e-05 0.000573583 0.00381166 0.0173273 0.0539116 0.114865 0.167652 0.167669 0.114947 0.0541855 0.0181196 0.00580567 0.00494371 0.0084091 0.0139404 0.0203842 0.0262787 0.030157 0.031319 0.0301842 0.0278766 0.0254071 0.0231356 0.0208451 0.0181923
 1.02279e-16 6.64278e-05 0.000645702 0.00429092 0.0195059 0.0606902 0.129307 0.188731 0.188746 0.129381 0.0609373 0.0202197 0.00608293 0.00455858 0.00750045 0.0123022 0.0177341 0.022343 0.024697 0.0241425 0.0211894 0.0171548 0.0133613 0.0105129 0.00861236 0.0072866
pSPR Fmed_Fpbrs
0.542819   0.212338 0.212338
Fs Fmed_Fpbrs
0.34   1.005 1.005
SSBpbr Bo_Bmed_Bpbrs
617170  304153  100190 100190
Ro
105624
SPR SPRFo_SPRFmed_SPRFpbrs
753910 409237 160084
Fref
1.005
Nvult_r0
 111074 14070.2 1862.55 856.639 201.274
CTP_r0
 49299.5 7052.64 933.597 429.388 100.888
YTP_r0
552843
Np
 111652 18491.9 3985.69 427.224 64.1696
Nvult_p0
 93160 16001.8 3448.97 369.694 55.5285
CTP_p0
 41348.3 12838.1 1376.11 182.164 100.13
 41348.3 8020.86 1728.79 185.308 27.8335
YTP_p0
 578150 500127
CBA_c0
560435
log_Ro
11.3876
likeval ReclasPelacesDesembMPH_pf_preclas_ppelaces_ptallas_desvR_qrecl_qpela
 0.000496045 18.2645 0.0298441 38.8528 242.73 131.154 112.874 0 17.0161 0.000114008 0.000228241 0.0543363 0 0 0
q_reclas_q_pelaces
4.52682 8.47011
M
1
N
 150315 29487.5 41452.5 3783 0.168923
 93234 41519.3 7561.59 10629.8 970.13
 83433.7 20166 7824.94 1425.09 2186.18
 138647 18141 3825.75 1484.49 685.105
 109099 27508.1 3066.71 646.735 366.766
 246361 33265.4 7988.88 890.633 294.341
 96196.8 70177.2 8867.7 2129.63 315.884
 41470.8 20343.6 12856.2 1624.53 448.01
 45320.3 13967.8 6696.96 4232.17 682.265
 56503.2 12109.6 3435.24 1647.04 1208.65
 84197.9 13828.7 2666.49 756.424 628.812
 119070 27841.1 4447.9 857.659 445.552
 72346.1 26756.6 5505.59 879.572 257.71
 33325.5 14716 4667.4 960.389 198.386
 76172.3 881.389 196.652 62.3713 15.4849
 203648 12897.3 122.033 27.2276 10.7796
 47102.4 29729 1481.52 14.018 4.36591
 265923 6686.09 3296.57 164.281 2.03854
 327863 39495 784.891 386.989 19.5246
 236659 46092 4326.53 85.9819 44.5321
 246677 41478.4 6665.34 625.658 18.8736
 296813 50328.1 7262.93 1167.11 112.858
 53496.9 45800.8 6199.49 894.658 157.668
 121362 9134.94 6409.33 867.55 147.262
 153266 21843.2 1365.93 958.376 151.743
 47234.7 28050.9 3335.73 208.595 169.529
 140975 9389.39 4753.34 565.253 64.0746
 124088 30141.1 1743.95 882.87 116.889
 54398.8 28698.1 6180.27 357.588 204.995
 77105.2 11791.3 5423.16 1167.9 106.313
 133122 16259.7 2152.39 989.945 232.596
pred_Ctot
 24233.3 5814.44 8173.72 745.942 0.0333087
 25345.9 13504.1 2459.4 3457.33 315.534
 22502.4 6510.02 2526.06 460.051 705.747
 42426.8 6594.03 1390.61 539.593 249.027
 11986.9 3732.44 416.107 87.7524 49.7647
 35884.8 5943.96 1427.48 159.141 52.5937
 27030 23547 2975.44 714.571 105.991
 2229.89 1364.68 862.412 108.976 30.0531
 8046.38 3023.64 1449.7 916.145 147.691
 12356.3 3202.79 908.561 435.615 319.668
 5431.42 1110.76 214.181 60.7583 50.5081
 30479.4 8554.57 1366.68 263.527 136.902
 21442.3 9439.2 1942.26 310.295 90.915
 23512.7 11154.7 3537.87 727.972 150.376
 27646.8 375.301 83.7357 26.558 6.59357
 83537.4 6140.35 58.0995 12.963 5.13213
 19714.4 14413.5 718.286 6.79636 2.11673
 107695 3146.52 1551.38 77.3119 0.95935
 138153 19265.3 382.862 188.769 9.52388
 83101.2 19037.6 1787.01 35.5135 18.3933
 72821.8 14578.4 2342.67 219.9 6.63348
 116695 23055.7 3327.21 534.663 51.7014
 19263.5 19360.7 2620.62 378.186 66.6489
 41486.5 3680.64 2582.44 349.552 59.3344
 51479.2 8658.89 541.471 379.911 60.1527
 14419.6 10173.4 1209.79 75.6526 61.4843
 38989.6 3103.84 1571.31 186.855 21.1811
 30240.1 8839.06 511.425 258.907 34.2785
 14740.9 9305.67 2004.02 115.952 66.4719
 21753.8 3971.59 1826.65 393.376 35.8087
 34671.3 5078.55 672.276 309.199 72.6487
F
 0.286573 0.360887 0.360887 0.360887 0.360887
 0.531115 0.668843 0.668843 0.668843 0.668843
 0.525875 0.662244 0.662244 0.662244 0.662244
 0.617455 0.777571 0.777571 0.777571 0.777571
 0.187743 0.236428 0.236428 0.236428 0.236428
 0.255774 0.322101 0.322101 0.322101 0.322101
 0.55363 0.697196 0.697196 0.697196 0.697196
 0.0882321 0.111112 0.111112 0.111112 0.111112
 0.319754 0.402671 0.402671 0.402671 0.402671
 0.407553 0.513239 0.513239 0.513239 0.513239
 0.106655 0.134312 0.134312 0.134312 0.134312
 0.492927 0.620751 0.620751 0.620751 0.620751
 0.592528 0.746181 0.746181 0.746181 0.746181
 2.63258 3.31525 3.31525 3.31525 3.31525
 0.77598 0.977205 0.977205 0.977205 0.977205
 0.924272 1.16395 1.16395 1.16395 1.16395
 0.952294 1.19924 1.19924 1.19924 1.19924
 0.907032 1.14224 1.14224 1.14224 1.14224
 0.961956 1.21141 1.21141 1.21141 1.21141
 0.741447 0.933718 0.933718 0.933718 0.933718
 0.589518 0.742391 0.742391 0.742391 0.742391
 0.868801 1.0941 1.0941 1.0941 1.0941
 0.767517 0.966548 0.966548 0.966548 0.966548
 0.714887 0.900269 0.900269 0.900269 0.900269
 0.698156 0.8792 0.8792 0.8792 0.8792
 0.615549 0.775172 0.775172 0.775172 0.775172
 0.542695 0.683426 0.683426 0.683426 0.683426
 0.464162 0.584527 0.584527 0.584527 0.584527
 0.528979 0.666152 0.666152 0.666152 0.666152
 0.55648 0.700785 0.700785 0.700785 0.700785
 0.503557 0.634138 0.634138 0.634138 0.634138
YTP_r0W_actual
 409186 99442.2 25767.3 14685.1 3763.13
YTP_p0W_proyectada
 311767 224026 33123.1 5705.37 3529.58
 311767 139964 41611.9 5803.84 981.13
CTP_r0_actual
 49299.5 7052.64 933.597 429.388 100.888
CTP_p0_proyectada
 41348.3 12838.1 1376.11 182.164 100.13
 41348.3 8020.86 1728.79 185.308 27.8335
Wmedp
 7.54 17.45 24.07 31.32 35.25
Frms_r0
 0.798051 1.005 1.005 1.005 1.005
Zrms_r0
 1.79805 2.005 2.005 2.005 2.005
nmprior
 7.29 8.9 8.7 0
nm_flota  nm_reclas  nm_pelaces    nm_pelaL
inf 9.23292 16.0029 36.7669
cv_recla  cv_pelaces  cv_mph
0.671528 0.484592 0.518634
 ------------------------------------------------
Talla a la edad & desviaci?n 
 8 13.2811 15.8009 17.003 17.5766
 0.8 1.32811 1.58009 1.7003 1.75766
