years
 1991 1992 1993 1994 1995 1996 1997 1998 1999 2000 2001 2002 2003 2004 2005 2006 2007 2008 2009 2010 2011 2012 2013 2014 2015 2016 2017 2018 2019 2020 2021
reclasobs
 0 0 0 0 0 0 0 0 0 252601 567819 844713 477998 351125 339783 2.1784e+06 2.13404e+06 4.81314e+06 1.55562e+06 2.62356e+06 3.21686e+06 3.843e+06 1.13348e+06 3.07943e+06 1.97215e+06 2.03268e+06 2.025e+06 2.42433e+06 2.27542e+06 1.05018e+06 2.36338e+06
reclaspred
 2.62159e+06 1.72973e+06 1.22294e+06 1.30647e+06 1.39034e+06 1.63e+06 1.30448e+06 1.91176e+06 2.05614e+06 2.20444e+06 1.628e+06 1.62618e+06 1.46603e+06 1.34953e+06 1.40385e+06 1.38096e+06 1.43073e+06 1.62337e+06 800667 532792 819166 429660 675866 1.1763e+06 1.07189e+06 1.39504e+06 1.54698e+06 1.30741e+06 1.56133e+06 1.65873e+06 1.68243e+06
pelacesobs
 0 0 0 0 0 0 0 0 0 0 0 0 0 0 0 552880 188675 0 991730 2.46772e+06 1.41603e+06 1.21717e+06 2.29649e+06 1.80582e+06 0 1.4828e+06 1.56532e+06 1.57751e+06 1.42118e+06 867257 1.10002e+06
pelacespred
 1.24673e+06 862403 589246 543928 638338 733490 582955 985268 1.11289e+06 1.11469e+06 925040 763556 725683 725839 763961 630711 628292 667281 345267 194146 299194 142238 289922 557658 500941 657709 815839 685953 691364 804189 796038
mphobs
 0 0 0 0 0 0 0 0 0 0 0 0 498337 0 5186 125008 0 168611 109162 213762 579715 649985 157893 87575 83554 210694 70296 0 107559 103333 445601
mphpred
 2.50119e+06 1.72251e+06 1.15388e+06 941305 1.06997e+06 1.19742e+06 1.20228e+06 1.05987e+06 1.60472e+06 1.86388e+06 1.50209e+06 1.37226e+06 1.25561e+06 1.05643e+06 1.01615e+06 1.27119e+06 1.01428e+06 1.2855e+06 830794 396362 430420 375206 216020 587833 911268 779315 1.12889e+06 1.05213e+06 1.18634e+06 1.24308e+06 1.18629e+06
desembarqueobs
 494567 514787 250237 358949 120608 361735 552515 73892 212993 205616 52469 317467 293654 387597 252695 516296 358380 742168 942051 627588 828172 859565 418607 520667 417249 300574 415391 372974 316634 284311 391294
desembarquepred
 494572 505917 260895 358691 120545 361439 551906 73853.2 212854 205492 52444.3 317432 293675 388000 252724 516155 358164 740269 934370 622037 822656 854029 418597 520981 417342 300562 415260 372887 316575 284230 391111
Reclutas
 228469 228469 228469 228469 228469 228469 228469 228469 228469 228469 228469 228469 228469 228469 228469 228469 228469 228469 228469 228469 228469 228469 228469 228469 228469 228469 228469 228469 228469 228469 228469
log_desv_Rt
 0 0 0 0 0 0 0 0 0 0 0 0 0 0 0 0 0 0 0 0 0 0 0 0 0 0 0 0 0 0 0
SSB
 2.50119e+06 1.72251e+06 1.15388e+06 941305 1.06997e+06 1.19742e+06 1.20228e+06 1.05987e+06 1.60472e+06 1.86388e+06 1.50209e+06 1.37226e+06 1.21159e+06 1.04309e+06 992634 1.23737e+06 1.01428e+06 1.2855e+06 864951 412746 464265 450407 256800 658161 949294 858095 1.17212e+06 1.05213e+06 1.22952e+06 1.21451e+06 1.30785e+06
BT
 3.56847e+06 2.77461e+06 1.76397e+06 1.85945e+06 1.84351e+06 2.45831e+06 2.09639e+06 3.3759e+06 3.55809e+06 3.2467e+06 2.57108e+06 2.36688e+06 2.35659e+06 2.71754e+06 2.72786e+06 2.22069e+06 2.1728e+06 2.55061e+06 2.03925e+06 1.18757e+06 1.74793e+06 1.25499e+06 1.49543e+06 2.47004e+06 1.82029e+06 2.41116e+06 3.00869e+06 2.49975e+06 2.17318e+06 2.67366e+06 2.68626e+06
Ftot
 0.178373 0.274225 0.201343 0.258062 0.082673 0.209316 0.392625 0.0369755 0.0986414 0.0888316 0.03084 0.184553 0.189387 0.270344 0.1707 0.348303 0.235981 0.421837 1.0145 1.02527 0.892364 1.60967 0.572079 0.412573 0.362725 0.203733 0.252725 0.268391 0.191618 0.162426 0.219402
BD_Bspro_t
 0.971864 0.82269 0.705701 0.688216 0.696254 0.763035 0.71958 0.648886 0.799406 0.843237 0.847768 0.878914 0.800373 0.743787 0.720422 0.738621 0.636117 0.67692 0.516303 0.320128 0.298774 0.274213 0.200063 0.414599 0.5311 0.56385 0.680042 0.685641 0.711389 0.713414 0.742041
BD_Bspro
 1.53377 1.05628 0.707577 0.577225 0.656122 0.734279 0.737262 0.649928 0.984043 1.14296 0.921111 0.841495 0.742971 0.639642 0.608701 0.758776 0.621977 0.788293 0.530403 0.253103 0.284696 0.276198 0.157474 0.403596 0.582124 0.526199 0.718766 0.645186 0.753963 0.744762 0.801997
BD_Bo
 1.22287 0.842166 0.564148 0.460219 0.523124 0.585438 0.587817 0.518186 0.784574 0.911281 0.734398 0.670921 0.592368 0.509984 0.485315 0.604969 0.4959 0.628503 0.422888 0.201798 0.226987 0.220211 0.125554 0.321785 0.464125 0.419536 0.57307 0.514405 0.601132 0.593796 0.63943
BD_Brms
 5.19589 3.5783 2.39702 1.95544 2.22271 2.48748 2.49759 2.20173 3.33359 3.87196 3.1204 2.85069 2.51693 2.16688 2.06206 2.57047 2.10704 2.67046 1.79682 0.857426 0.964449 0.935661 0.533468 1.36724 1.97203 1.78258 2.43493 2.18566 2.55416 2.52299 2.71689
Sel_flota
 0.5 1 1 1 1
 0.5 1 1 1 1
 0.5 1 1 1 1
 0.5 1 1 1 1
 0.5 1 1 1 1
 0.5 1 1 1 1
 0.5 1 1 1 1
 0.5 1 1 1 1
 0.5 1 1 1 1
 0.5 1 1 1 1
 0.5 1 1 1 1
 0.5 1 1 1 1
 0.5 1 1 1 1
 0.5 1 1 1 1
 0.5 1 1 1 1
 0.5 1 1 1 1
 0.5 1 1 1 1
 0.5 1 1 1 1
 0.5 1 1 1 1
 0.5 1 1 1 1
 0.5 1 1 1 1
 0.5 1 1 1 1
 0.5 1 1 1 1
 0.5 1 1 1 1
 0.5 1 1 1 1
 0.5 1 1 1 1
 0.5 1 1 1 1
 0.5 1 1 1 1
 0.5 1 1 1 1
 0.5 1 1 1 1
 0.5 1 1 1 1
Sel_reclas
 0.5 1 1 1 1
 0.5 1 1 1 1
 0.5 1 1 1 1
 0.5 1 1 1 1
 0.5 1 1 1 1
 0.5 1 1 1 1
 0.5 1 1 1 1
 0.5 1 1 1 1
 0.5 1 1 1 1
 0.5 1 1 1 1
 0.5 1 1 1 1
 0.5 1 1 1 1
 0.5 1 1 1 1
 0.5 1 1 1 1
 0.5 1 1 1 1
 0.5 1 1 1 1
 0.5 1 1 1 1
 0.5 1 1 1 1
 0.5 1 1 1 1
 0.5 1 1 1 1
 0.5 1 1 1 1
 0.5 1 1 1 1
 0.5 1 1 1 1
 0.5 1 1 1 1
 0.5 1 1 1 1
 0.5 1 1 1 1
 0.5 1 1 1 1
 0.5 1 1 1 1
 0.5 1 1 1 1
 0.5 1 1 1 1
 0.5 1 1 1 1
Sel_pelaces
 0.5 1 1 1 1
 0.5 1 1 1 1
 0.5 1 1 1 1
 0.5 1 1 1 1
 0.5 1 1 1 1
 0.5 1 1 1 1
 0.5 1 1 1 1
 0.5 1 1 1 1
 0.5 1 1 1 1
 0.5 1 1 1 1
 0.5 1 1 1 1
 0.5 1 1 1 1
 0.5 1 1 1 1
 0.5 1 1 1 1
 0.5 1 1 1 1
 0.5 1 1 1 1
 0.5 1 1 1 1
 0.5 1 1 1 1
 0.5 1 1 1 1
 0.5 1 1 1 1
 0.5 1 1 1 1
 0.5 1 1 1 1
 0.5 1 1 1 1
 0.5 1 1 1 1
 0.5 1 1 1 1
 0.5 1 1 1 1
 0.5 1 1 1 1
 0.5 1 1 1 1
 0.5 1 1 1 1
 0.5 1 1 1 1
 0.5 1 1 1 1
pf_obs 
 0.8446 0.082 0.0669 0.0065 0
 0.8095 0.147 0.0364 0.0071 0
 0.9664 0.0169 0.016 0.0007 0
 0.9276 0.0648 0.0075 0.0001 0
 0.7033 0.2144 0.0806 0.0017 0
 0.9318 0.0425 0.0243 0.0014 0
 0.5671 0.3108 0.0964 0.0239 0.0018
 0.0768 0.2599 0.5324 0.112 0.0189
 0.490249 0.384438 0.106611 0.0170017 0.00170017
 0.7925 0.1577 0.0466 0.003 0.0002
 0.840416 0.127587 0.0312969 0.00059994 9.999e-05
 0.8084 0.0986 0.0794 0.0134 0.0002
 0.7335 0.1905 0.0724 0.0035 0.0001
 0.4001 0.4547 0.1325 0.0127 0
 0.49795 0.308269 0.164784 0.0264974 0.00249975
 0.9179 0.0499 0.0305 0.0017 0
 0.2467 0.6533 0.0926 0.0074 0
 0.9418 0.0223 0.034 0.0019 0
 0.707729 0.231977 0.0356964 0.0245975 0
 0.517169 0.277429 0.184464 0.0207286 0.00020938
 0.811772 0.124168 0.05621 0.00726502 0.000585176
 0.764997 0.148141 0.077277 0.00933861 0.000247198
 0.163321 0.427699 0.378323 0.0303852 0.000271297
 0.753843 0.0900009 0.118128 0.0371064 0.000921714
 0.721811 0.176058 0.0630433 0.0369309 0.00215725
 0.143369 0.312575 0.442814 0.0836902 0.0175525
 0.692698 0.0596174 0.167031 0.0765114 0.00414204
 0.394062 0.376323 0.152708 0.0712218 0.00568511
 0.125707 0.32114 0.495352 0.0537591 0.00404204
 0.23352 0.215282 0.420074 0.123614 0.00750983
 0.796117 0.104755 0.0508955 0.0450114 0.00322123
pf_pred 
 0.458875 0.0539953 0.427794 0.0420302 0.0173051
 0.501731 0.319552 0.017833 0.141287 0.0195966
 0.527014 0.324529 0.0952092 0.00531326 0.0479346
 0.526711 0.33267 0.0964829 0.0283058 0.0158307
 0.526263 0.334568 0.0978208 0.0283706 0.0129782
 0.506621 0.342789 0.106351 0.031095 0.0131438
 0.528044 0.323797 0.102938 0.0319367 0.0132846
 0.544044 0.326418 0.0888729 0.0282534 0.0124119
 0.499716 0.353672 0.104959 0.0285769 0.0130759
 0.49456 0.340074 0.116904 0.0346936 0.0137681
 0.488417 0.341546 0.114405 0.0393281 0.0163031
 0.485448 0.338739 0.117377 0.0393171 0.0191185
 0.507753 0.32778 0.108272 0.0375176 0.0186779
 0.519655 0.329397 0.100514 0.0332016 0.0172323
 0.530403 0.329243 0.0962481 0.0293696 0.0147365
 0.527517 0.332532 0.0981222 0.0286843 0.0131447
 0.547334 0.322587 0.0915488 0.0270138 0.0115158
 0.545323 0.328182 0.0901455 0.0255829 0.0107669
 0.595831 0.295701 0.0782915 0.0215053 0.00867167
 0.685527 0.252548 0.0453058 0.0119954 0.00462356
 0.696431 0.260529 0.0345646 0.0062007 0.00227453
 0.703981 0.254241 0.0358545 0.00475685 0.00116638
 0.751405 0.221447 0.0233167 0.00328824 0.000543223
 0.632797 0.322468 0.0398502 0.00419592 0.000689485
 0.588346 0.327739 0.0736918 0.00910677 0.00111644
 0.563853 0.332028 0.0828947 0.0186388 0.00258574
 0.537232 0.339261 0.0940231 0.0234739 0.00601032
 0.537714 0.330344 0.0967283 0.0268074 0.0084064
 0.536406 0.331914 0.0940963 0.0275524 0.0100304
 0.523354 0.338467 0.0989309 0.0280465 0.011202
 0.517999 0.33612 0.103591 0.0302786 0.0120123
pobs_RECLAS
 0 0 0 0 0
 0 0 0 0 0
 0 0 0 0 0
 0 0 0 0 0
 0 0 0 0 0
 0 0 0 0 0
 0 0 0 0 0
 0 0 0 0 0
 0 0 0 0 0
 0 0 0 0 0
 0.991045 0.00858322 0.000360255 1.14367e-05 0
 0.934742 0.0480273 0.0164251 0.00080598 0
 0.827803 0.169806 0.00239088 0 0
 0.941827 0.0461693 0.0120037 0 0
 0.791401 0.0380133 0.147996 0.0225897 0
 0.846168 0.0940531 0.0597789 0 0
 0.134021 0.677848 0.182769 0.00536245 0
 0.80878 0.0450904 0.141981 0.00414843 0
 0.846168 0.0940531 0.0597789 0 0
 0.905697 0.0802665 0.012482 0.00150086 5.37128e-05
 0.989698 0.0102097 9.19794e-05 0 0
 0.975433 0.0193895 0.00387452 0.00125025 5.28907e-05
 0.303575 0.632131 0.0575291 0.00676475 0
 0.966965 0.00978017 0.0227588 0.000495775 0
 0.843318 0.132988 0.00938335 0.0141283 0.000182051
 0.564624 0.303363 0.111486 0.0197234 0.00080311
 0.826376 0.0876187 0.0782897 0.00655872 0.00115652
 0.89761 0.0855135 0.0140674 0.00269457 0.000114338
 0.34875 0.467042 0.161289 0.0227151 0.000203297
 0.318654 0.224769 0.449479 0.00709798 0
 0.937255 0.0296025 0.0250945 0.00804832 0
ppred_RECLAS
 0.460924 0.0537908 0.426174 0.041871 0.0172396
 0.505094 0.317396 0.0177126 0.140334 0.0194643
 0.529369 0.322913 0.0947352 0.00528681 0.047696
 0.529835 0.330474 0.095846 0.028119 0.0157262
 0.527158 0.333936 0.0976359 0.028317 0.0129537
 0.509088 0.341075 0.10582 0.0309395 0.0130781
 0.533176 0.320276 0.101818 0.0315894 0.0131402
 0.54443 0.326141 0.0887977 0.0282294 0.0124014
 0.500799 0.352907 0.104732 0.0285151 0.0130476
 0.495529 0.339422 0.11668 0.0346271 0.0137417
 0.48874 0.341331 0.114333 0.0393032 0.0162928
 0.487589 0.33733 0.116889 0.0391535 0.0190389
 0.509958 0.326311 0.107787 0.0373495 0.0185942
 0.522957 0.327133 0.0998228 0.0329734 0.0171139
 0.53236 0.327871 0.0958471 0.0292472 0.0146751
 0.53196 0.329405 0.0971996 0.0284145 0.0130211
 0.550136 0.320591 0.0909822 0.0268467 0.0114446
 0.550894 0.324161 0.089041 0.0252694 0.010635
 0.612756 0.283318 0.075013 0.0206047 0.00830854
 0.700803 0.240281 0.043105 0.0114127 0.00439896
 0.708825 0.249892 0.0331535 0.00594755 0.00218167
 0.731709 0.230426 0.0324959 0.00431127 0.00105712
 0.757508 0.21601 0.0227442 0.00320751 0.000529886
 0.637868 0.318014 0.0392999 0.00413797 0.000679963
 0.592873 0.324135 0.0728814 0.00900662 0.00110416
 0.566206 0.330237 0.0824474 0.0185382 0.00257179
 0.540273 0.337031 0.0934051 0.0233197 0.00597082
 0.540974 0.328014 0.0960462 0.0266183 0.00834712
 0.538628 0.330324 0.0936453 0.0274204 0.00998234
 0.525209 0.33715 0.0985459 0.0279373 0.0111584
 0.520598 0.334307 0.103032 0.0301153 0.0119475
pobs_PELACES
 0 0 0 0 0
 0 0 0 0 0
 0 0 0 0 0
 0 0 0 0 0
 0 0 0 0 0
 0 0 0 0 0
 0 0 0 0 0
 0 0 0 0 0
 0 0 0 0 0
 0 0 0 0 0
 0 0 0 0 0
 0 0 0 0 0
 0 0 0 0 0
 0 0 0 0 0
 0 0 0 0 0
 0 0 0 0 0
 0.505614 0.472636 0.0217494 0 0
 0 0 0 0 0
 0.443492 0.261883 0.143347 0.151278 0
 0.227955 0.32914 0.350689 0.0885471 0.00366901
 0.970185 0.0296113 0.000203453 0 0
 0.997202 0.00247181 0.000326279 0 0
 0.445219 0.490057 0.0546422 0.010081 0
 0.90214 0.0892962 0.00764917 0.000914606 0
 0 0 0 0 0
 0.581667 0.319106 0.0959925 0.00289975 0.000334073
 0.762889 0.0836404 0.116647 0.0363945 0.000428098
 0.88444 0.0763242 0.0277011 0.0115352 0
 0.521256 0.241999 0.230069 0.00667565 0
 0.616807 0.101726 0.260614 0.0208532 0
 0.833518 0.0704572 0.0857862 0.0102388 0
ppred_PELACES
 0.468245 0.0530603 0.420387 0.0413024 0.0170055
 0.5164 0.310145 0.017308 0.137128 0.0190197
 0.537637 0.31724 0.0930709 0.00519393 0.0468581
 0.540427 0.323028 0.0936867 0.0274855 0.0153719
 0.530557 0.331535 0.0969341 0.0281134 0.0128606
 0.517716 0.335081 0.10396 0.0303957 0.0128483
 0.54926 0.309241 0.0983102 0.030501 0.0126875
 0.545943 0.325058 0.0885028 0.0281357 0.0123603
 0.504868 0.35003 0.103878 0.0282827 0.0129412
 0.499193 0.336957 0.115833 0.0343756 0.0136419
 0.490012 0.340482 0.114049 0.0392055 0.0162523
 0.495199 0.33232 0.115153 0.038572 0.0187562
 0.517764 0.321114 0.10607 0.0367546 0.018298
 0.534072 0.319511 0.097497 0.0322051 0.0167151
 0.539365 0.322959 0.0944113 0.0288091 0.0144553
 0.546238 0.319356 0.0942343 0.0275477 0.0126238
 0.559752 0.313738 0.0890373 0.0262728 0.0111999
 0.568047 0.31178 0.0856403 0.0243043 0.0102288
 0.651651 0.254862 0.0674787 0.0185352 0.00747402
 0.73503 0.212794 0.038174 0.0101072 0.00389574
 0.738256 0.224634 0.0298024 0.00534639 0.00196115
 0.780556 0.188474 0.0265796 0.00352634 0.000864657
 0.774423 0.200942 0.0211577 0.00298376 0.000492923
 0.653441 0.304339 0.0376099 0.00396003 0.000650723
 0.607235 0.3127 0.0703104 0.00868889 0.00106521
 0.574444 0.323966 0.0808817 0.0181862 0.00252295
 0.550612 0.329452 0.0913046 0.0227952 0.00583654
 0.551949 0.320172 0.0937498 0.0259819 0.00814754
 0.546475 0.324706 0.0920527 0.026954 0.00981256
 0.531887 0.332408 0.0971598 0.0275444 0.0110014
 0.529625 0.328012 0.101092 0.0295482 0.0117226
pobs_pel_tallas
 0 0 0 0 0 0 0 0 0 0 0 0 0 0 0 0 0 0 0 0 0 0 0 0 0 0
 0 0 0 0 0 0 0 0 0 0 0 0 0 0 0 0 0 0 0 0 0 0 0 0 0 0
 0 0 0 0 0 0 0 0 0 0 0 0 0 0 0 0 0 0 0 0 0 0 0 0 0 0
 0 0 0 0 0 0 0 0 0 0 0 0 0 0 0 0 0 0 0 0 0 0 0 0 0 0
 0 0 0 0 0 0 0 0 0 0 0 0 0 0 0 0 0 0 0 0 0 0 0 0 0 0
 0 0 0 0 0 0 0 0 0 0 0 0 0 0 0 0 0 0 0 0 0 0 0 0 0 0
 0 0 0 0 0 0 0 0 0 0 0 0 0 0 0 0 0 0 0 0 0 0 0 0 0 0
 0 0 0 0 0 0 0 0 0 0 0 0 0 0 0 0 0 0 0 0 0 0 0 0 0 0
 0 0 0 0 0 0 0 0 0 0 0 0 0 0 0 0 0 0 0 0 0 0 0 0 0 0
 0 0 0 0 0 0 0 0 0 0 0 0 0 0 0 0 0 0 0 0 0 0 0 0 0 0
 0 0 0 0 0 0 0 0 0 0 0 0 0 0 0 0 0 0 0 0 0 0 0 0 0 0
 0 0 0 0 0 0 0 0 0 0 0 0 0 0 0 0 0 0 0 0 0 0 0 0 0 0
 0.00862536 0 0 0.000197151 0.00414017 0.0128641 0.00837892 0.0270097 0.101434 0.158115 0.152841 0.127902 0.109271 0.109419 0.0830992 0.0579132 0.0238553 0.00714673 0.00463305 0.00128148 0.00103504 0.000492878 0.000147863 0.000147863 4.92878e-05 0
 0 0 0 0 0 0 0 0 0 0 0 0 0 0 0 0 0 0 0 0 0 0 0 0 0 0
 0 0 0 0 0 0 0 0.0054083 0.00873648 0.0413646 0.0450493 0.0745869 0.0622846 0.0627006 0.0613931 0.0827291 0.12552 0.122667 0.0946155 0.0697135 0.0546179 0.0294188 0.0215738 0.0213955 0.0102223 0.00600262
 0 0 0 0 0.00359764 0.0251062 0.0480494 0.140153 0.205849 0.193036 0.1447 0.116669 0.0760912 0.0342217 0.00950174 0.001854 0.000860785 0 0 0 0.000165536 0 0.000143464 0 0 0
 0 0 0 0 0 0 0 0.000145254 0.000435761 0.0275982 0.070085 0.0708112 0.156366 0.174668 0.174014 0.160142 0.0824315 0.0480064 0.0283245 0.00493863 0.00203355 0 0 0 0 0
 0 0 0 0 0 0 0 0 0 0 0 0 0 0 0 0 0 0 0 0 0 0 0 0 0 0
 0 0 1.00437e-05 0.000401748 0.00122533 0.00171747 0.00176769 0.0269171 0.070346 0.194647 0.189555 0.159765 0.064822 0.0314167 0.0384472 0.0292271 0.0345202 0.0313363 0.0194345 0.0106764 0.0143323 0.0359363 0.0279516 0.0138201 0.00172751 0
 0 0.0021121 0.0136068 0.0755702 0.200478 0.177729 0.0527432 0.0373336 0.0318909 0.0142505 0.0149659 0.0166563 0.0217959 0.0798694 0.0677717 0.0528807 0.04013 0.0224614 0.0357745 0.0225083 0.00881397 0.00855152 0.00135912 0.000746735 0 0
 0 0 0 0 5.4009e-05 0.00500934 0.000945158 0.0243581 0.138947 0.33067 0.221406 0.137944 0.0707744 0.0437923 0.0131692 0.00525238 0.0047753 0.00276346 9.45158e-05 9.00151e-06 2.25038e-05 9.00151e-06 4.50075e-06 0 0 0
 0.000866109 0.00284123 0.00948549 0.0512746 0.133035 0.25785 0.225252 0.132002 0.0553304 0.0519788 0.0540692 0.017754 0.00435017 0.00159236 0.00146478 0.000404838 0.000125132 0.000115318 0.000107957 0.000100596 0 0 0 0 0 0
 0 0 0 0 0.00144013 0.00171154 0.00461396 0.0210425 0.0478622 0.0707936 0.0888783 0.103762 0.0637923 0.0337046 0.0602308 0.124433 0.169614 0.0934646 0.0462172 0.0250306 0.0313229 0.00938855 0.002487 0.000210481 0 0
 0 0.00764035 0.051015 0.0998891 0.058973 0.0496711 0.0374665 0.0718981 0.12319 0.153886 0.159021 0.0857701 0.0377988 0.023471 0.0147837 0.00900784 0.00315554 0.000888139 0.00291439 0.00214683 0.00393193 0.00274676 0.000635225 9.99891e-05 0 0
 0 0 0 0 0 0 0 0 0 0 0 0 0 0 0 0 0 0 0 0 0 0 0 0 0 0
 0 0 0 0 0 0 0 0 0 0 0 0 0 0 0 0 0 0 0 0 0 0 0 0 0 0
 0 0 0 0 0 0 0 0 0 0 0 0 0 0 0 0 0 0 0 0 0 0 0 0 0 0
 0 0 0 0 0 0 0 0 0 0 0 0 0 0 0 0 0 0 0 0 0 0 0 0 0 0
 0 0 0 0 0 0 0 0 0 0 0 0 0 0 0 0 0 0 0 0 0 0 0 0 0 0
 0 0 0 0 0 0 0 0 0 0 0 0 0 0 0 0 0 0 0 0 0 0 0 0 0 0
 0 0 0 0 0 0 0 0 0 0 0 0 0 0 0 0 0 0 0 0 0 0 0 0 0 0
ppred_pel_tallas
 1.19165e-16 3.85687e-05 0.000374902 0.00249136 0.0113253 0.0352374 0.0750772 0.109579 0.109584 0.0751057 0.035335 0.0116155 0.00325134 0.00213843 0.00369399 0.00684457 0.0117175 0.0186177 0.0277601 0.0390689 0.0518496 0.0645074 0.0746731 0.0799191 0.0787735 0.0714209
 1.1755e-16 4.25352e-05 0.000413458 0.00274757 0.0124901 0.0388615 0.0827996 0.120855 0.120885 0.0829457 0.0393521 0.0139075 0.00630654 0.00818735 0.0148229 0.0244896 0.0354202 0.0449141 0.0503278 0.0506366 0.047145 0.0426505 0.0396793 0.039125 0.0401139 0.040882
 1.11218e-16 4.42845e-05 0.000430461 0.00286057 0.0130037 0.0404596 0.0862046 0.125825 0.125855 0.0863545 0.040963 0.0144587 0.00651674 0.00842543 0.0152683 0.0252778 0.0366623 0.0466453 0.052428 0.0527444 0.0485985 0.0425138 0.0369208 0.0329533 0.0303605 0.0282255
 1.08144e-16 4.45144e-05 0.000432695 0.00287542 0.0130712 0.0406696 0.0866521 0.126478 0.126509 0.0868047 0.0411822 0.0145527 0.00659821 0.00857324 0.0155453 0.0257358 0.0373214 0.0474687 0.0533134 0.0535397 0.0491283 0.0425962 0.0363702 0.0315881 0.0280392 0.0249101
 1.07878e-16 4.37013e-05 0.000424792 0.0028229 0.0128325 0.0399268 0.0850695 0.124168 0.1242 0.0852261 0.0404529 0.014353 0.00664384 0.00877999 0.0159533 0.0264142 0.0383048 0.0487167 0.0547063 0.0549165 0.0503444 0.0435643 0.0370618 0.0320098 0.0282094 0.024854
 1.08309e-16 4.26436e-05 0.000414511 0.00275458 0.0125219 0.0389605 0.0830107 0.121163 0.121196 0.083169 0.0394924 0.0140594 0.00661869 0.00886571 0.0161397 0.0267377 0.0388028 0.0494101 0.0555968 0.0559956 0.0516031 0.0449907 0.0386262 0.0336494 0.0298297 0.026349
 1.08123e-16 4.52419e-05 0.000439767 0.00292241 0.0132849 0.0413343 0.0880682 0.128544 0.128574 0.0882144 0.0418253 0.0147042 0.00648966 0.00824252 0.0149096 0.0246971 0.0358564 0.045692 0.0514784 0.0519611 0.0480604 0.0421391 0.0364528 0.0320236 0.0286085 0.0254314
 1.07551e-16 4.49687e-05 0.000437112 0.00290476 0.0132046 0.0410847 0.0875365 0.127769 0.1278 0.08769 0.0416003 0.0146947 0.00664877 0.00862253 0.0156267 0.0258585 0.0374718 0.0476024 0.0533549 0.0533988 0.0487277 0.0418977 0.0353878 0.0303838 0.0267051 0.0235472
 1.08114e-16 4.15854e-05 0.000404224 0.00268622 0.0122112 0.0379937 0.0809507 0.118157 0.118191 0.0811161 0.0385491 0.0138166 0.0067207 0.00922659 0.0168413 0.0278933 0.0404532 0.0514543 0.0577878 0.0580164 0.0531855 0.0460038 0.0390892 0.0336808 0.029579 0.0259509
 1.09185e-16 4.1118e-05 0.000399681 0.00265602 0.0120739 0.0375666 0.0800408 0.116829 0.116861 0.0802002 0.0381019 0.0136214 0.00654619 0.00891093 0.0162616 0.0269663 0.0391903 0.0500199 0.0565007 0.0572683 0.0533063 0.0471454 0.0411828 0.0364757 0.0327287 0.029105
 1.10061e-16 4.03617e-05 0.00039233 0.00260717 0.0118518 0.0368757 0.0785687 0.11468 0.114713 0.0787297 0.0374165 0.0134154 0.00653752 0.00899125 0.0164274 0.0272421 0.0395901 0.0505314 0.0570888 0.0578983 0.0539747 0.0478946 0.042089 0.037611 0.0341207 0.0307121
 1.10451e-16 4.0789e-05 0.000396483 0.00263477 0.0119773 0.037266 0.0794004 0.115894 0.115926 0.0795576 0.037794 0.0135038 0.00647245 0.00879377 0.0160468 0.0266174 0.0387026 0.049442 0.0559409 0.0568754 0.0532347 0.0475197 0.0420768 0.0379009 0.0346291 0.0313562
 1.09926e-16 4.26476e-05 0.00041455 0.00275483 0.0125231 0.0389641 0.0830183 0.121174 0.121205 0.0831701 0.0394741 0.0139975 0.00646121 0.00852324 0.0154948 0.0256869 0.0373267 0.0476379 0.053815 0.0545775 0.0508931 0.0452049 0.0398157 0.0357196 0.0325824 0.0295224
 1.08954e-16 4.39909e-05 0.000427607 0.0028416 0.0129175 0.0401914 0.0856331 0.12499 0.125021 0.085784 0.0406985 0.0143836 0.00652613 0.00848612 0.0153935 0.0254978 0.037008 0.0471385 0.0530751 0.0535307 0.0494761 0.0433796 0.0375968 0.0331927 0.0298983 0.0268675
 1.08143e-16 4.44268e-05 0.000431845 0.00286976 0.0130455 0.0405897 0.0864817 0.126229 0.12626 0.0866343 0.0411021 0.0145268 0.0065921 0.00857164 0.0155445 0.0257364 0.0373268 0.0474849 0.0533492 0.0536048 0.0492304 0.0427372 0.0365432 0.031777 0.0282219 0.0250643
 1.07701e-16 4.4993e-05 0.000437348 0.00290633 0.0132118 0.0411069 0.0875838 0.127838 0.127868 0.0877346 0.0416137 0.0146766 0.00658727 0.00848666 0.0153729 0.0254507 0.036912 0.0469556 0.0527482 0.0529842 0.0486234 0.0421416 0.0359262 0.0310988 0.0274605 0.02423
 1.0718e-16 4.61061e-05 0.000448168 0.00297823 0.0135386 0.0421239 0.0897505 0.131 0.13103 0.0898987 0.0426216 0.0149772 0.00659302 0.00835183 0.0150937 0.0249779 0.0362082 0.0460223 0.0516283 0.0517385 0.0473003 0.0407611 0.034492 0.0296234 0.0259829 0.0228135
 1.0672e-16 4.67893e-05 0.000454809 0.00302237 0.0137393 0.0427481 0.0910804 0.132941 0.132971 0.0912276 0.0432426 0.0151685 0.00661336 0.00830559 0.0149911 0.0247995 0.035933 0.0456373 0.0511285 0.0511213 0.0465583 0.0398844 0.0334791 0.0284953 0.0247885 0.0216225
 1.05137e-16 5.36756e-05 0.000521746 0.00346719 0.0157614 0.0490396 0.104485 0.152504 0.152529 0.104605 0.0494437 0.0169293 0.00640154 0.00693618 0.0122616 0.0202536 0.0293304 0.0372209 0.041641 0.0415347 0.0376743 0.0320691 0.0266846 0.0224878 0.0193832 0.0167822
 1.02829e-16 6.05435e-05 0.000588504 0.00391082 0.017778 0.0553141 0.117853 0.172015 0.172035 0.117954 0.0556509 0.018751 0.00635372 0.00592369 0.0101998 0.0167845 0.0242151 0.0305406 0.0338123 0.0331304 0.0291678 0.023689 0.0184686 0.0144571 0.0116781 0.00966845
 1.01786e-16 6.08092e-05 0.000591087 0.00392798 0.0178561 0.0555569 0.118371 0.17277 0.172792 0.118476 0.0559121 0.0188818 0.00650247 0.00621055 0.0107312 0.0176392 0.0253909 0.031901 0.0350835 0.0339717 0.0292865 0.0229391 0.0168858 0.0122272 0.00907014 0.0069651
 1.01316e-16 6.42934e-05 0.000624955 0.00415304 0.0188791 0.0587401 0.125153 0.182668 0.182686 0.125241 0.0590381 0.0197399 0.00631353 0.00534103 0.00902004 0.0148075 0.0213174 0.0267902 0.0294742 0.0285547 0.0246291 0.0192916 0.0141756 0.0102033 0.00747218 0.00562199
 1.01045e-16 6.37883e-05 0.000620045 0.00412042 0.0187308 0.0582786 0.12417 0.181233 0.181252 0.124264 0.0585961 0.0196477 0.00642118 0.00564049 0.00959216 0.0157399 0.0226275 0.0283682 0.0310821 0.0298973 0.0254655 0.0195216 0.0138564 0.00950063 0.00658579 0.00472461
 1.01671e-16 5.38231e-05 0.00052318 0.00347671 0.0158047 0.0491743 0.104772 0.152924 0.152953 0.104915 0.0496553 0.0171939 0.00696328 0.00813244 0.0144993 0.0238694 0.0343411 0.0431006 0.0473101 0.0456482 0.0390876 0.0302277 0.0217457 0.0151733 0.0107 0.00775396
 1.03161e-16 5.00172e-05 0.000486185 0.00323087 0.0146871 0.0456972 0.0973638 0.142112 0.142142 0.0975112 0.0461925 0.0161182 0.00682496 0.00833822 0.0149802 0.0247319 0.0357276 0.0451439 0.0501211 0.0493146 0.043658 0.0356638 0.0278619 0.0216142 0.0169948 0.0134346
 1.04668e-16 4.73162e-05 0.000459931 0.0030564 0.013894 0.0432295 0.0921062 0.134438 0.134469 0.092259 0.043743 0.0153778 0.00678376 0.00860589 0.0155447 0.0256933 0.0371701 0.0470817 0.0524971 0.0520465 0.0466966 0.0390133 0.0315412 0.0255893 0.0211345 0.0175214
 1.05993e-16 4.53532e-05 0.00044085 0.0029296 0.0133176 0.0414361 0.0882851 0.128861 0.128893 0.0884406 0.0419586 0.0148277 0.00672389 0.00873578 0.0158341 0.0261976 0.0379506 0.0481786 0.0539277 0.0538222 0.0488392 0.0415487 0.0344674 0.02884 0.0245655 0.0209328
 1.06772e-16 4.54634e-05 0.00044192 0.00293672 0.0133499 0.0415367 0.0884994 0.129174 0.129205 0.0886506 0.0420447 0.0148182 0.00662641 0.00850983 0.0154071 0.025502 0.0369745 0.0470075 0.0527489 0.0528759 0.0483388 0.0416146 0.0351063 0.0299653 0.0260356 0.0225847
 1.07104e-16 4.50125e-05 0.000437538 0.00290759 0.0132175 0.0411248 0.0876218 0.127893 0.127925 0.0877752 0.0416399 0.0147063 0.00664859 0.00861704 0.0156174 0.0258475 0.0374658 0.0476134 0.0533971 0.0534799 0.0488375 0.0420002 0.0354232 0.030284 0.0264175 0.0230575
 1.07513e-16 4.38109e-05 0.000425857 0.00282997 0.0128647 0.0400269 0.0852828 0.124479 0.124512 0.0854398 0.0405544 0.0143891 0.0066608 0.00880251 0.0159937 0.0264798 0.038396 0.0488238 0.0548071 0.0549797 0.0503357 0.0434526 0.0368246 0.0316372 0.0277081 0.02425
 1.07949e-16 4.36246e-05 0.000424046 0.00281794 0.01281 0.0398567 0.0849201 0.12395 0.123982 0.0850751 0.0403774 0.0143149 0.00660024 0.00869608 0.0157988 0.0261681 0.0379716 0.0483423 0.0543769 0.0547344 0.0503897 0.0438616 0.037571 0.0326413 0.0288555 0.0254208
pSPR Fmed_Fpbrs
0.5999   0.285354 0.285354
Fs Fmed_Fpbrs
0.34   1.005 1.005
SSBpbr Bo_Bmed_Bpbrs
2.04534e+06  1.12473e+06  481379 481379
Ro
228469
SPR SPRFo_SPRFmed_SPRFpbrs
1.63074e+06 978282 465339
Fref
1.005
Nvult_r0
 177618 67057.7 20666.9 6040.74 2396.52
CTP_r0
 59403 33612.5 10359.2 3027.9 1201.25
YTP_r0
1.40126e+06
Np
 228469 50851 10142.1 3082.64 1077.99
Nvult_p0
 177618 44003.4 8776.4 2667.53 932.826
CTP_p0
 59403 32668.4 9929.35 3060.18 1158.69
 59403 22056.6 4399.14 1337.09 467.576
YTP_p0
 1.39365e+06 997033
CBA_c0
1.39897e+06
log_Ro
12.1592
likeval ReclasPelacesDesembMPH_pf_preclas_ppelaces_ptallas_desvR_qrecl_qpela
 0.00125716 134.107 11.4356 415.918 248.611 153.413 110.268 0 0 0 0 51.2385 0 0 0
q_reclas_q_pelaces
1 1
M
1
N
 228469 13939.3 110439 10850.4 4467.46
 228469 76877.5 4290.24 33990.7 4714.53
 228469 73280 21498.6 1199.76 10823.8
 228469 75999.6 22041.9 6466.57 3616.57
 228469 73874.6 21599.4 6264.4 2865.67
 228469 80645.5 25020.5 7315.49 3092.26
 228469 75697.3 24064.7 7466.15 3105.68
 228469 69067.7 18804.9 5978.22 2626.28
 228469 82509.4 24486.3 6666.81 3050.51
 228469 80004.2 27502.3 8161.85 3239.01
 228469 80397.6 26930.2 9257.55 3837.64
 228469 82762.9 28678.4 9606.19 4671.15
 228469 76640.3 25315.8 8772.23 4367.19
 228469 76455.3 23329.9 7706.32 3999.74
 228469 73422.3 21463.7 6549.52 3286.3
 228469 77173 22771.9 6656.96 3050.58
 228469 70615.4 20040.3 5913.42 2520.86
 228469 74694.7 20517.3 5822.71 2450.58
 228469 68066.3 18021.6 4950.21 1996.1
 228469 50610.1 9079.17 2403.86 926.55
 228469 50338.3 6678.43 1198.07 439.475
 228469 53797 7586.74 1006.54 246.803
 228469 37583.5 3957.25 558.072 92.1945
 228469 63140.4 7802.83 821.577 135.004
 228469 68382.3 15375.7 1900.11 232.943
 228469 70108 17503.3 3935.6 545.982
 228469 75908.9 21037.5 5252.24 1344.8
 228469 74072 21689.1 6010.93 1884.94
 228469 73494 20835.2 6100.78 2220.98
 228469 76370.1 22322.3 6328.28 2527.56
 228469 77492.9 23882.9 6980.77 2769.46
pred_Ctot
 12412.8 1460.6 11572.1 1136.94 468.113
 18712.6 11918.1 665.101 5269.47 730.877
 13945.4 8587.41 2519.34 140.595 1268.41
 17667.8 11158.9 3236.38 949.478 531.017
 5867.94 3730.5 1090.72 316.338 144.71
 14474 9793.37 3038.42 888.373 375.515
 26157.4 16039.7 5099.16 1582.03 658.074
 2649.48 1589.64 432.808 137.593 60.4458
 6978.21 4938.81 1465.69 399.059 182.596
 6297.02 4330.01 1488.49 441.738 175.303
 2212.67 1547.3 518.288 178.167 73.8577
 12826.6 8950.24 3101.37 1038.84 505.153
 13149.5 8488.66 2803.96 971.609 483.709
 18462.4 11702.9 3571.07 1179.59 612.234
 11897.6 7385.34 2158.97 658.798 330.56
 23413 14758.9 4355.01 1273.11 583.407
 16229 9565.05 2714.52 800.989 341.457
 27939 16814 4618.5 1310.71 551.632
 59856.6 29705.8 7865.09 2160.4 871.147
 60368.7 22239.9 3989.71 1056.34 407.159
 53890.5 20159.9 2674.64 479.815 176.005
 85122 30741.7 4335.35 575.175 141.033
 36772.2 10837.2 1141.07 160.92 26.5842
 27376.3 13950.7 1724.02 181.526 29.8288
 24311.5 13542.8 3045.08 376.308 46.1332
 14104 8305.24 2073.5 466.224 64.6789
 17321.2 10938.3 3031.45 756.837 193.782
 18336.3 11264.9 3298.48 914.144 286.662
 13298.3 8228.67 2332.79 683.067 248.669
 11340.3 7334.05 2143.68 607.723 242.73
 15140.1 9824.13 3027.75 884.984 351.096
F
 0.0891863 0.178373 0.178373 0.178373 0.178373
 0.137113 0.274225 0.274225 0.274225 0.274225
 0.100671 0.201343 0.201343 0.201343 0.201343
 0.129031 0.258062 0.258062 0.258062 0.258062
 0.0413365 0.082673 0.082673 0.082673 0.082673
 0.104658 0.209316 0.209316 0.209316 0.209316
 0.196312 0.392625 0.392625 0.392625 0.392625
 0.0184877 0.0369755 0.0369755 0.0369755 0.0369755
 0.0493207 0.0986414 0.0986414 0.0986414 0.0986414
 0.0444158 0.0888316 0.0888316 0.0888316 0.0888316
 0.01542 0.03084 0.03084 0.03084 0.03084
 0.0922764 0.184553 0.184553 0.184553 0.184553
 0.0946935 0.189387 0.189387 0.189387 0.189387
 0.135172 0.270344 0.270344 0.270344 0.270344
 0.08535 0.1707 0.1707 0.1707 0.1707
 0.174152 0.348303 0.348303 0.348303 0.348303
 0.117991 0.235981 0.235981 0.235981 0.235981
 0.210918 0.421837 0.421837 0.421837 0.421837
 0.507249 1.0145 1.0145 1.0145 1.0145
 0.512634 1.02527 1.02527 1.02527 1.02527
 0.446182 0.892364 0.892364 0.892364 0.892364
 0.804835 1.60967 1.60967 1.60967 1.60967
 0.286039 0.572079 0.572079 0.572079 0.572079
 0.206287 0.412573 0.412573 0.412573 0.412573
 0.181363 0.362725 0.362725 0.362725 0.362725
 0.101866 0.203733 0.203733 0.203733 0.203733
 0.126362 0.252725 0.252725 0.252725 0.252725
 0.134196 0.268391 0.268391 0.268391 0.268391
 0.0958091 0.191618 0.191618 0.191618 0.191618
 0.0812132 0.162426 0.162426 0.162426 0.162426
 0.109701 0.219402 0.219402 0.219402 0.219402
YTP_r0W_actual
 493045 473936 285914 103554 44806.6
YTP_p0W_proyectada
 447898 570064 239000 95844.8 40843.9
 447898 384887 105887 41877.6 16482.1
CTP_r0_actual
 59403 33612.5 10359.2 3027.9 1201.25
CTP_p0_proyectada
 59403 32668.4 9929.35 3060.18 1158.69
 59403 22056.6 4399.14 1337.09 467.576
Wmedp
 7.54 17.45 24.07 31.32 35.25
Frms_r0
 0.5025 1.005 1.005 1.005 1.005
Zrms_r0
 1.5025 2.005 2.005 2.005 2.005
nmprior
 7.29 8.9 8.7 0
nm_flota  nm_reclas  nm_pelaces    nm_pelaL
inf 4.11513 7.48443 13.6901
cv_recla  cv_pelaces  cv_mph
1.06905 1.3131 1.69689
 ------------------------------------------------
Talla a la edad & desviaci?n 
 8 13.2811 15.8009 17.003 17.5766
 0.8 1.32811 1.58009 1.7003 1.75766
