years
 1991 1992 1993 1994 1995 1996 1997 1998 1999 2000 2001 2002 2003 2004 2005 2006 2007 2008 2009 2010 2011 2012 2013 2014 2015 2016 2017 2018 2019 2020 2021 2022
reclasobs
 0 0 0 0 0 0 0 0 0 252601 567819 844713 477998 351125 339783 2.1784e+06 2.13404e+06 4.81314e+06 1.55562e+06 2.62356e+06 3.21686e+06 3.843e+06 1.13348e+06 3.07943e+06 1.97215e+06 2.03268e+06 2.025e+06 2.42433e+06 2.27542e+06 1.05018e+06 2.36338e+06 3.18982e+06
reclaspred
 2.6323e+06 1.74636e+06 1.21521e+06 1.28481e+06 1.36277e+06 1.59564e+06 1.27199e+06 1.86828e+06 2.01283e+06 2.15916e+06 1.59542e+06 1.59291e+06 1.43383e+06 1.31839e+06 1.3722e+06 1.34631e+06 1.39425e+06 1.57939e+06 769163 507349 776684 398943 644043 1.13446e+06 1.03623e+06 1.35686e+06 1.50814e+06 1.27562e+06 1.5231e+06 1.62007e+06 1.64339e+06 2.20296e+06
pelacesobs
 0 0 0 0 0 0 0 0 0 0 0 0 0 0 0 552880 188675 0 991730 2.46772e+06 1.41603e+06 1.21717e+06 2.29649e+06 1.80582e+06 0 1.4828e+06 1.56532e+06 1.57751e+06 1.42118e+06 867257 1.10002e+06 1.06204e+06
pelacespred
 1.227e+06 868851 587922 534847 625425 717041 566505 962746 1.08863e+06 1.09091e+06 906051 746861 708753 707893 745841 613196 610664 646834 328261 182204 281938 128620 274989 536511 481787 638231 793907 667496 673116 784188 775931 1.01894e+06
mphobs
 0 0 0 0 0 0 0 0 0 0 0 0 498337 0 5186 125008 0 168611 109162 213762 579715 649985 157893 87575 83554 210694 70296 0 107559 103333 445601 22526
mphpred
 2.46084e+06 1.7399e+06 1.15453e+06 929079 1.04898e+06 1.17263e+06 1.17404e+06 1.03165e+06 1.56949e+06 1.825e+06 1.47093e+06 1.34481e+06 1.22821e+06 1.03159e+06 991468 1.24107e+06 986394 1.2517e+06 801264 375015 404391 347555 196750 560304 878579 753226 1.09829e+06 1.02459e+06 1.15649e+06 1.2122e+06 1.1574e+06 1.35972e+06
desembarqueobs
 494567 514787 250237 358949 120608 361735 552515 73892 212993 205616 52469 317467 293654 387597 252695 516296 358380 742168 942051 627588 828172 859565 418607 520667 417249 300574 415391 372974 316634 284311 391294 218835
desembarquepred
 494698 506293 260423 358754 120551 361445 551919 73854.2 212879 205524 52445.9 317481 293686 388044 252726 516133 358168 740230 934220 622209 822187 852436 418493 520847 417217 300505 415202 372904 316634 284304 391367 218748
Reclutas
 224473 224473 224473 224473 224473 224473 224473 224473 224473 224473 224473 224473 224473 224473 224473 224473 224473 224473 224473 224473 224473 224473 224473 224473 224473 224473 224473 224473 224473 224473 224473 224473
log_desv_Rt
 0 0 0 0 0 0 0 0 0 0 0 0 0 0 0 0 0 0 0 0 0 0 0 0 0 0 0 0 0 0 0 0
SSB
 2.46084e+06 1.7399e+06 1.15453e+06 929079 1.04898e+06 1.17263e+06 1.17404e+06 1.03165e+06 1.56949e+06 1.825e+06 1.47093e+06 1.34481e+06 1.18501e+06 1.0185e+06 968448 1.20784e+06 986394 1.2517e+06 834820 390884 436964 420121 234593 628075 915570 829740 1.14057e+06 1.02459e+06 1.19876e+06 1.18425e+06 1.27653e+06 1.5337e+06
BT
 3.50984e+06 2.78353e+06 1.75857e+06 1.83289e+06 1.8089e+06 2.41165e+06 2.05297e+06 3.3056e+06 3.48795e+06 3.18309e+06 2.52052e+06 2.3223e+06 2.30981e+06 2.66349e+06 2.67265e+06 2.17414e+06 2.12359e+06 2.49461e+06 1.98968e+06 1.15062e+06 1.69561e+06 1.20923e+06 1.44781e+06 2.4054e+06 1.76934e+06 2.35371e+06 2.94398e+06 2.44616e+06 2.12508e+06 2.61692e+06 2.63032e+06 3.1741e+06
Ftot
 0.177698 0.271859 0.202238 0.262357 0.0843386 0.213748 0.402293 0.0378345 0.10076 0.090695 0.0314694 0.188375 0.193579 0.276624 0.174591 0.356965 0.242045 0.433085 1.05132 1.07215 0.936744 1.70884 0.599251 0.427235 0.374707 0.209342 0.259067 0.274955 0.196386 0.166295 0.224667 0.0946098
BD_Bspro_t
 0.971969 0.822876 0.705543 0.686793 0.693189 0.7599 0.714977 0.642782 0.795744 0.840334 0.844951 0.876661 0.796743 0.739182 0.715381 0.733829 0.629637 0.670852 0.507188 0.308568 0.28621 0.260327 0.186016 0.40269 0.521351 0.554924 0.673516 0.679581 0.705936 0.708022 0.737165 0.753253
BD_Bspro
 1.523 1.07682 0.714536 0.575003 0.64921 0.725736 0.726607 0.638482 0.971348 1.12948 0.910351 0.832296 0.733395 0.630348 0.599369 0.747528 0.610475 0.774671 0.516667 0.241916 0.270436 0.260011 0.145189 0.388713 0.566643 0.513523 0.705894 0.634117 0.741905 0.732931 0.790041 0.949202
BD_Bo
 1.21906 0.861916 0.571936 0.46025 0.519647 0.580901 0.581598 0.51106 0.777496 0.904073 0.728672 0.666194 0.587031 0.504549 0.479753 0.598343 0.488643 0.62007 0.413556 0.193637 0.216465 0.208121 0.116214 0.311137 0.453558 0.411039 0.565019 0.507566 0.593843 0.586659 0.632372 0.759769
BD_Brms
 5.1532 3.64349 2.41769 1.94557 2.19665 2.45558 2.45853 2.16035 3.28663 3.8217 3.08024 2.81614 2.4815 2.13283 2.02801 2.52932 2.06559 2.62116 1.74818 0.818543 0.91504 0.879768 0.491258 1.31524 1.91728 1.73755 2.38845 2.14558 2.51029 2.47993 2.67316 3.2117
Sel_flota
 0.5 1 1 1 1
 0.5 1 1 1 1
 0.5 1 1 1 1
 0.5 1 1 1 1
 0.5 1 1 1 1
 0.5 1 1 1 1
 0.5 1 1 1 1
 0.5 1 1 1 1
 0.5 1 1 1 1
 0.5 1 1 1 1
 0.5 1 1 1 1
 0.5 1 1 1 1
 0.5 1 1 1 1
 0.5 1 1 1 1
 0.5 1 1 1 1
 0.5 1 1 1 1
 0.5 1 1 1 1
 0.5 1 1 1 1
 0.5 1 1 1 1
 0.5 1 1 1 1
 0.5 1 1 1 1
 0.5 1 1 1 1
 0.5 1 1 1 1
 0.5 1 1 1 1
 0.5 1 1 1 1
 0.5 1 1 1 1
 0.5 1 1 1 1
 0.5 1 1 1 1
 0.5 1 1 1 1
 0.5 1 1 1 1
 0.5 1 1 1 1
 0.5 1 1 1 1
Sel_reclas
 0.5 1 1 1 1
 0.5 1 1 1 1
 0.5 1 1 1 1
 0.5 1 1 1 1
 0.5 1 1 1 1
 0.5 1 1 1 1
 0.5 1 1 1 1
 0.5 1 1 1 1
 0.5 1 1 1 1
 0.5 1 1 1 1
 0.5 1 1 1 1
 0.5 1 1 1 1
 0.5 1 1 1 1
 0.5 1 1 1 1
 0.5 1 1 1 1
 0.5 1 1 1 1
 0.5 1 1 1 1
 0.5 1 1 1 1
 0.5 1 1 1 1
 0.5 1 1 1 1
 0.5 1 1 1 1
 0.5 1 1 1 1
 0.5 1 1 1 1
 0.5 1 1 1 1
 0.5 1 1 1 1
 0.5 1 1 1 1
 0.5 1 1 1 1
 0.5 1 1 1 1
 0.5 1 1 1 1
 0.5 1 1 1 1
 0.5 1 1 1 1
 0.5 1 1 1 1
Sel_pelaces
 0.5 1 1 1 1
 0.5 1 1 1 1
 0.5 1 1 1 1
 0.5 1 1 1 1
 0.5 1 1 1 1
 0.5 1 1 1 1
 0.5 1 1 1 1
 0.5 1 1 1 1
 0.5 1 1 1 1
 0.5 1 1 1 1
 0.5 1 1 1 1
 0.5 1 1 1 1
 0.5 1 1 1 1
 0.5 1 1 1 1
 0.5 1 1 1 1
 0.5 1 1 1 1
 0.5 1 1 1 1
 0.5 1 1 1 1
 0.5 1 1 1 1
 0.5 1 1 1 1
 0.5 1 1 1 1
 0.5 1 1 1 1
 0.5 1 1 1 1
 0.5 1 1 1 1
 0.5 1 1 1 1
 0.5 1 1 1 1
 0.5 1 1 1 1
 0.5 1 1 1 1
 0.5 1 1 1 1
 0.5 1 1 1 1
 0.5 1 1 1 1
 0.5 1 1 1 1
pf_obs 
 0.8446 0.082 0.0669 0.0065 0
 0.8095 0.147 0.0364 0.0071 0
 0.9664 0.0169 0.016 0.0007 0
 0.9276 0.0648 0.0075 0.0001 0
 0.7033 0.2144 0.0806 0.0017 0
 0.9318 0.0425 0.0243 0.0014 0
 0.5671 0.3108 0.0964 0.0239 0.0018
 0.0768 0.2599 0.5324 0.112 0.0189
 0.490249 0.384438 0.106611 0.0170017 0.00170017
 0.7925 0.1577 0.0466 0.003 0.0002
 0.840416 0.127587 0.0312969 0.00059994 9.999e-05
 0.8084 0.0986 0.0794 0.0134 0.0002
 0.7335 0.1905 0.0724 0.0035 0.0001
 0.4001 0.4547 0.1325 0.0127 0
 0.49795 0.308269 0.164784 0.0264974 0.00249975
 0.9179 0.0499 0.0305 0.0017 0
 0.2467 0.6533 0.0926 0.0074 0
 0.9418 0.0223 0.034 0.0019 0
 0.707729 0.231977 0.0356964 0.0245975 0
 0.517169 0.277429 0.184464 0.0207286 0.00020938
 0.811772 0.124168 0.05621 0.00726502 0.000585176
 0.764997 0.148141 0.077277 0.00933861 0.000247198
 0.163321 0.427699 0.378323 0.0303852 0.000271297
 0.753843 0.0900009 0.118128 0.0371064 0.000921714
 0.721811 0.176058 0.0630433 0.0369309 0.00215725
 0.143369 0.312575 0.442814 0.0836902 0.0175525
 0.692698 0.0596174 0.167031 0.0765114 0.00414204
 0.394062 0.376323 0.152708 0.0712218 0.00568511
 0.125707 0.32114 0.495352 0.0537591 0.00404204
 0.23352 0.215282 0.420074 0.123614 0.00750983
 0.796117 0.104755 0.0508955 0.0450114 0.00322123
 0.162477 0.292055 0.404252 0.121198 0.0200186
pf_pred 
 0.448065 0.0489192 0.482913 0.0156695 0.00443418
 0.497547 0.317139 0.0164247 0.162139 0.00674983
 0.525388 0.323854 0.0951556 0.00492813 0.0506739
 0.526566 0.332153 0.096404 0.0283257 0.0165515
 0.526936 0.334164 0.0974495 0.0282837 0.0131664
 0.50729 0.342658 0.105994 0.0309102 0.0131477
 0.529358 0.323303 0.102468 0.0316963 0.013175
 0.545871 0.325876 0.0881022 0.0279231 0.0122277
 0.500488 0.353914 0.104479 0.0282465 0.0128728
 0.495224 0.34004 0.116719 0.0344567 0.0135609
 0.488948 0.341555 0.114181 0.0391924 0.0161236
 0.485912 0.3387 0.117218 0.0391855 0.0189838
 0.50869 0.327485 0.107934 0.037354 0.0185369
 0.520873 0.329079 0.100015 0.0329634 0.0170692
 0.531883 0.328872 0.0956377 0.0290666 0.0145406
 0.528932 0.332233 0.0975369 0.0283642 0.012933
 0.549294 0.321962 0.0907998 0.0266569 0.0112866
 0.547259 0.32767 0.0893447 0.025197 0.0105293
 0.59926 0.294083 0.0771922 0.0210478 0.00841638
 0.692123 0.248558 0.0435311 0.0114262 0.00436137
 0.704198 0.255531 0.032512 0.00569397 0.00206505
 0.712575 0.248644 0.0335009 0.00426242 0.00101723
 0.762928 0.212948 0.0208688 0.00281175 0.000443124
 0.638526 0.320128 0.0371392 0.00363962 0.000567666
 0.592093 0.326682 0.0719337 0.0083453 0.000945391
 0.566717 0.331355 0.0816319 0.0179749 0.00232157
 0.539116 0.33908 0.09315 0.0229482 0.00570571
 0.53949 0.329967 0.0960423 0.0263842 0.00811605
 0.538101 0.33156 0.0933911 0.027183 0.00976465
 0.524736 0.338292 0.0983211 0.0276943 0.0109565
 0.519245 0.335931 0.103086 0.0299609 0.0117779
 0.519722 0.335157 0.101404 0.0311177 0.0125993
pobs_RECLAS
 0 0 0 0 0
 0 0 0 0 0
 0 0 0 0 0
 0 0 0 0 0
 0 0 0 0 0
 0 0 0 0 0
 0 0 0 0 0
 0 0 0 0 0
 0 0 0 0 0
 0 0 0 0 0
 0.991045 0.00858322 0.000360255 1.14367e-05 0
 0.934742 0.0480273 0.0164251 0.00080598 0
 0.827803 0.169806 0.00239088 0 0
 0.941827 0.0461693 0.0120037 0 0
 0.791401 0.0380133 0.147996 0.0225897 0
 0.846168 0.0940531 0.0597789 0 0
 0.134021 0.677848 0.182769 0.00536245 0
 0.80878 0.0450904 0.141981 0.00414843 0
 0.846168 0.0940531 0.0597789 0 0
 0.905697 0.0802665 0.012482 0.00150086 5.37128e-05
 0.989698 0.0102097 9.19794e-05 0 0
 0.975433 0.0193895 0.00387452 0.00125025 5.28907e-05
 0.303575 0.632131 0.0575291 0.00676475 0
 0.966965 0.00978017 0.0227588 0.000495775 0
 0.843318 0.132988 0.00938335 0.0141283 0.000182051
 0.564624 0.303363 0.111486 0.0197234 0.00080311
 0.826376 0.0876187 0.0782897 0.00655872 0.00115652
 0.89761 0.0855135 0.0140674 0.00269457 0.000114338
 0.34875 0.467042 0.161289 0.0227151 0.000203297
 0.318654 0.224769 0.449479 0.00709798 0
 0.937255 0.0296025 0.0250945 0.00804832 0
 0.456809 0.399803 0.12412 0.0192676 0
ppred_RECLAS
 0.450097 0.0487391 0.481134 0.0156118 0.00441785
 0.500877 0.315038 0.0163159 0.161064 0.0067051
 0.527756 0.322238 0.094681 0.00490355 0.0504211
 0.529751 0.329919 0.0957554 0.0281351 0.0164401
 0.527851 0.333518 0.0972612 0.0282291 0.0131409
 0.509816 0.340901 0.105451 0.0307517 0.0130802
 0.534643 0.319673 0.101317 0.0313404 0.013027
 0.546266 0.325593 0.0880256 0.0278988 0.0122171
 0.501595 0.353129 0.104248 0.0281839 0.0128442
 0.496214 0.339373 0.11649 0.0343891 0.0135343
 0.489278 0.341335 0.114107 0.0391672 0.0161132
 0.488103 0.337257 0.116718 0.0390185 0.0189029
 0.510949 0.325979 0.107438 0.0371822 0.0184517
 0.524264 0.32675 0.0993073 0.0327302 0.0169485
 0.533889 0.327463 0.0952279 0.0289421 0.0144783
 0.533506 0.329008 0.0965898 0.0280888 0.0128075
 0.552176 0.319904 0.0902192 0.0264865 0.0112144
 0.553008 0.323509 0.0882101 0.024877 0.0103956
 0.616986 0.281075 0.0737778 0.0201168 0.0080441
 0.708173 0.235601 0.0412618 0.0108306 0.00413401
 0.717231 0.244272 0.0310795 0.00544309 0.00197407
 0.742212 0.223006 0.0300466 0.00382292 0.000912345
 0.769195 0.207319 0.0203171 0.00273742 0.00043141
 0.643782 0.315473 0.0365992 0.0035867 0.000559411
 0.596787 0.322923 0.0711059 0.00824926 0.000934512
 0.569139 0.329502 0.0811754 0.0178744 0.00230859
 0.542244 0.336779 0.0925178 0.0227925 0.00566699
 0.542841 0.327566 0.0953435 0.0261922 0.00805699
 0.540384 0.329921 0.0929296 0.0270487 0.00971639
 0.52664 0.336937 0.0979273 0.0275834 0.0109126
 0.521914 0.334065 0.102514 0.0297945 0.0117125
 0.520756 0.334435 0.101186 0.0310507 0.0125722
pobs_PELACES
 0 0 0 0 0
 0 0 0 0 0
 0 0 0 0 0
 0 0 0 0 0
 0 0 0 0 0
 0 0 0 0 0
 0 0 0 0 0
 0 0 0 0 0
 0 0 0 0 0
 0 0 0 0 0
 0 0 0 0 0
 0 0 0 0 0
 0 0 0 0 0
 0 0 0 0 0
 0 0 0 0 0
 0 0 0 0 0
 0.505614 0.472636 0.0217494 0 0
 0 0 0 0 0
 0.443492 0.261883 0.143347 0.151278 0
 0.227955 0.32914 0.350689 0.0885471 0.00366901
 0.970185 0.0296113 0.000203453 0 0
 0.997202 0.00247181 0.000326279 0 0
 0.445219 0.490057 0.0546422 0.010081 0
 0.90214 0.0892962 0.00764917 0.000914606 0
 0 0 0 0 0
 0.581667 0.319106 0.0959925 0.00289975 0.000334073
 0.762889 0.0836404 0.116647 0.0363945 0.000428098
 0.88444 0.0763242 0.0277011 0.0115352 0
 0.521256 0.241999 0.230069 0.00667565 0
 0.616807 0.101726 0.260614 0.0208532 0
 0.833518 0.0704572 0.0857862 0.0102388 0
 0.697417 0.212968 0.0787535 0.0105354 0.000325836
ppred_PELACES
 0.457365 0.0480949 0.474776 0.0154054 0.00435946
 0.512089 0.307961 0.0159494 0.157446 0.00655449
 0.536064 0.316569 0.0930153 0.00481728 0.0495341
 0.540519 0.322364 0.0935627 0.0274909 0.0160637
 0.531317 0.331069 0.0965471 0.0280218 0.0130445
 0.518626 0.334774 0.103556 0.0301991 0.0128452
 0.551113 0.308358 0.0977311 0.0302311 0.012566
 0.547813 0.324483 0.0877255 0.0278037 0.0121754
 0.505751 0.350184 0.103378 0.0279488 0.0127371
 0.499955 0.336853 0.115625 0.0341337 0.0134338
 0.490576 0.340467 0.113817 0.0390676 0.0160723
 0.495872 0.332139 0.114947 0.0384264 0.0186161
 0.518927 0.320662 0.105685 0.0365756 0.0181507
 0.535633 0.318942 0.096934 0.031948 0.0165434
 0.54105 0.322432 0.0937649 0.0284974 0.0142559
 0.548132 0.318693 0.0935615 0.0272082 0.0124059
 0.56203 0.312865 0.0882341 0.0259037 0.0109677
 0.570598 0.310778 0.0847389 0.0238981 0.00998655
 0.657065 0.251663 0.0660576 0.0180117 0.00720235
 0.743346 0.207205 0.0362887 0.0095252 0.00363575
 0.747502 0.218123 0.0277524 0.00486041 0.00176274
 0.792401 0.179589 0.0241969 0.00307864 0.000734721
 0.78628 0.191972 0.0188132 0.00253478 0.000399475
 0.659779 0.301305 0.0349556 0.00342563 0.000534289
 0.611572 0.311083 0.0684987 0.00794679 0.000900247
 0.577589 0.323041 0.0795835 0.0175239 0.00226332
 0.552834 0.328988 0.0903775 0.0222652 0.00553589
 0.554076 0.319516 0.0930004 0.0255485 0.00785899
 0.548421 0.324152 0.0913046 0.0265757 0.00954649
 0.533474 0.332072 0.0965134 0.0271851 0.010755
 0.531155 0.327608 0.100532 0.0292186 0.0114861
 0.524651 0.331717 0.100364 0.0307983 0.01247
pobs_pel_tallas
 0 0 0 0 0 0 0 0 0 0 0 0 0 0 0 0 0 0 0 0 0 0 0 0 0 0
 0 0 0 0 0 0 0 0 0 0 0 0 0 0 0 0 0 0 0 0 0 0 0 0 0 0
 0 0 0 0 0 0 0 0 0 0 0 0 0 0 0 0 0 0 0 0 0 0 0 0 0 0
 0 0 0 0 0 0 0 0 0 0 0 0 0 0 0 0 0 0 0 0 0 0 0 0 0 0
 0 0 0 0 0 0 0 0 0 0 0 0 0 0 0 0 0 0 0 0 0 0 0 0 0 0
 0 0 0 0 0 0 0 0 0 0 0 0 0 0 0 0 0 0 0 0 0 0 0 0 0 0
 0 0 0 0 0 0 0 0 0 0 0 0 0 0 0 0 0 0 0 0 0 0 0 0 0 0
 0 0 0 0 0 0 0 0 0 0 0 0 0 0 0 0 0 0 0 0 0 0 0 0 0 0
 0 0 0 0 0 0 0 0 0 0 0 0 0 0 0 0 0 0 0 0 0 0 0 0 0 0
 0 0 0 0 0 0 0 0 0 0 0 0 0 0 0 0 0 0 0 0 0 0 0 0 0 0
 0 0 0 0 0 0 0 0 0 0 0 0 0 0 0 0 0 0 0 0 0 0 0 0 0 0
 0 0 0 0 0 0 0 0 0 0 0 0 0 0 0 0 0 0 0 0 0 0 0 0 0 0
 0.00862536 0 0 0.000197151 0.00414017 0.0128641 0.00837892 0.0270097 0.101434 0.158115 0.152841 0.127902 0.109271 0.109419 0.0830992 0.0579132 0.0238553 0.00714673 0.00463305 0.00128148 0.00103504 0.000492878 0.000147863 0.000147863 4.92878e-05 0
 0 0 0 0 0 0 0 0 0 0 0 0 0 0 0 0 0 0 0 0 0 0 0 0 0 0
 0 0 0 0 0 0 0 0.0054083 0.00873648 0.0413646 0.0450493 0.0745869 0.0622846 0.0627006 0.0613931 0.0827291 0.12552 0.122667 0.0946155 0.0697135 0.0546179 0.0294188 0.0215738 0.0213955 0.0102223 0.00600262
 0 0 0 0 0.00359764 0.0251062 0.0480494 0.140153 0.205849 0.193036 0.1447 0.116669 0.0760912 0.0342217 0.00950174 0.001854 0.000860785 0 0 0 0.000165536 0 0.000143464 0 0 0
 0 0 0 0 0 0 0 0.000145254 0.000435761 0.0275982 0.070085 0.0708112 0.156366 0.174668 0.174014 0.160142 0.0824315 0.0480064 0.0283245 0.00493863 0.00203355 0 0 0 0 0
 0 0 0 0 0 0 0 0 0 0 0 0 0 0 0 0 0 0 0 0 0 0 0 0 0 0
 0 0 1.00437e-05 0.000401748 0.00122533 0.00171747 0.00176769 0.0269171 0.070346 0.194647 0.189555 0.159765 0.064822 0.0314167 0.0384472 0.0292271 0.0345202 0.0313363 0.0194345 0.0106764 0.0143323 0.0359363 0.0279516 0.0138201 0.00172751 0
 0 0.0021121 0.0136068 0.0755702 0.200478 0.177729 0.0527432 0.0373336 0.0318909 0.0142505 0.0149659 0.0166563 0.0217959 0.0798694 0.0677717 0.0528807 0.04013 0.0224614 0.0357745 0.0225083 0.00881397 0.00855152 0.00135912 0.000746735 0 0
 0 0 0 0 5.4009e-05 0.00500934 0.000945158 0.0243581 0.138947 0.33067 0.221406 0.137944 0.0707744 0.0437923 0.0131692 0.00525238 0.0047753 0.00276346 9.45158e-05 9.00151e-06 2.25038e-05 9.00151e-06 4.50075e-06 0 0 0
 0.000866109 0.00284123 0.00948549 0.0512746 0.133035 0.25785 0.225252 0.132002 0.0553304 0.0519788 0.0540692 0.017754 0.00435017 0.00159236 0.00146478 0.000404838 0.000125132 0.000115318 0.000107957 0.000100596 0 0 0 0 0 0
 0 0 0 0 0.00144013 0.00171154 0.00461396 0.0210425 0.0478622 0.0707936 0.0888783 0.103762 0.0637923 0.0337046 0.0602308 0.124433 0.169614 0.0934646 0.0462172 0.0250306 0.0313229 0.00938855 0.002487 0.000210481 0 0
 0 0.00764035 0.051015 0.0998891 0.058973 0.0496711 0.0374665 0.0718981 0.12319 0.153886 0.159021 0.0857701 0.0377988 0.023471 0.0147837 0.00900784 0.00315554 0.000888139 0.00291439 0.00214683 0.00393193 0.00274676 0.000635225 9.99891e-05 0 0
 0 0 0 0 0 0 0 0 0 0 0 0 0 0 0 0 0 0 0 0 0 0 0 0 0 0
 0 0 0 0 0 0 0 0 0 0 0 0 0 0 0 0 0 0 0 0 0 0 0 0 0 0
 0 0 0 0 0 0 0 0 0 0 0 0 0 0 0 0 0 0 0 0 0 0 0 0 0 0
 0 0 0 0 0 0 0 0 0 0 0 0 0 0 0 0 0 0 0 0 0 0 0 0 0 0
 0 0 0 0 0 0 0 0 0 0 0 0 0 0 0 0 0 0 0 0 0 0 0 0 0 0
 0 0 0 0 0 0 0 0 0 0 0 0 0 0 0 0 0 0 0 0 0 0 0 0 0 0
 0 0 0 0 0 0 0 0 0 0 0 0 0 0 0 0 0 0 0 0 0 0 0 0 0 0
 0 0 0 0 0 0 0 0 0 0 0 0 0 0 0 0 0 0 0 0 0 0 0 0 0 0
ppred_pel_tallas
 1.15997e-16 3.76725e-05 0.00036619 0.00243346 0.0110622 0.0344186 0.0733326 0.107032 0.107038 0.0733591 0.0345098 0.011335 0.00315307 0.00205224 0.00357636 0.00672814 0.0117204 0.0189558 0.028707 0.0408405 0.0544428 0.0675749 0.0775277 0.0817081 0.0787729 0.0693158
 1.17438e-16 4.21801e-05 0.000410006 0.00272463 0.0123858 0.038537 0.0821083 0.119846 0.119875 0.0822534 0.0390243 0.0137935 0.00625942 0.00813187 0.0147262 0.0243371 0.0352183 0.0447008 0.050177 0.0506463 0.0474111 0.0432342 0.0405784 0.0402586 0.0413301 0.0419908
 1.11631e-16 4.41549e-05 0.000429202 0.0028522 0.0129657 0.0403413 0.0859525 0.125457 0.125487 0.086102 0.0408436 0.0144176 0.0065008 0.00840777 0.0152374 0.0252281 0.0365937 0.0465664 0.0523575 0.0527091 0.0486292 0.0426404 0.0371677 0.0333354 0.0308774 0.0288574
 1.08258e-16 4.45219e-05 0.000432769 0.0028759 0.0130735 0.0406765 0.0866668 0.126499 0.12653 0.0868191 0.041188 0.0145519 0.00659111 0.00855677 0.015514 0.0256843 0.0372481 0.0473786 0.0532189 0.0534576 0.0490752 0.0425846 0.0364067 0.0316742 0.0281713 0.0250799
 1.07889e-16 4.3764e-05 0.000425401 0.00282694 0.0128509 0.0399841 0.0851915 0.124346 0.124378 0.0853479 0.0405094 0.0143693 0.00664243 0.00876862 0.0159304 0.0263757 0.038248 0.0486427 0.0546202 0.0548255 0.0502556 0.0434824 0.03699 0.0319509 0.028166 0.0248281
 1.08277e-16 4.27186e-05 0.00041524 0.00275942 0.0125439 0.039029 0.0831566 0.121376 0.121409 0.0833148 0.0395604 0.01408 0.00661987 0.00885835 0.0161241 0.026711 0.0387624 0.0493553 0.0555289 0.0559165 0.0515146 0.0448935 0.0385215 0.03354 0.0297205 0.0262463
 1.08058e-16 4.53946e-05 0.000441251 0.00293227 0.0133297 0.0414738 0.0883654 0.128978 0.129008 0.0885111 0.0419633 0.0147449 0.00648921 0.00822135 0.0148664 0.0246243 0.035749 0.0455514 0.0513131 0.0517823 0.0478771 0.0419549 0.0362671 0.031836 0.028422 0.0252527
 1.07464e-16 4.51227e-05 0.000438608 0.00291471 0.0132499 0.0412254 0.0878362 0.128206 0.128237 0.0879894 0.04174 0.0147372 0.00665183 0.00860879 0.0155973 0.0258081 0.0373954 0.0474982 0.0532245 0.0532452 0.0485527 0.0417014 0.0351707 0.03015 0.0264639 0.0233117
 1.08032e-16 4.16581e-05 0.000404932 0.00269092 0.0122325 0.0380601 0.0810924 0.118364 0.118398 0.0812578 0.0386158 0.0138386 0.00672694 0.00923049 0.016847 0.0279012 0.0404614 0.0514579 0.0577786 0.0579843 0.0531212 0.0459015 0.0389486 0.033508 0.0293854 0.025751
 1.0912e-16 4.11807e-05 0.000400291 0.00266008 0.0120923 0.0376239 0.080163 0.117007 0.11704 0.0803222 0.038159 0.0136393 0.00654895 0.00890864 0.0162559 0.0269562 0.0391742 0.0499962 0.0564678 0.0572238 0.0532474 0.0470686 0.0410859 0.0363589 0.032596 0.0289635
 1.1001e-16 4.04081e-05 0.000392782 0.00261017 0.0118655 0.0369181 0.0786592 0.114812 0.114845 0.0788201 0.0374589 0.0134289 0.00654025 0.00899104 0.0164259 0.027239 0.0395842 0.0505208 0.0570708 0.0578696 0.0539317 0.0478346 0.0420109 0.0375164 0.0340138 0.0305996
 1.10407e-16 4.08444e-05 0.000397022 0.00263835 0.0119936 0.0373166 0.0795082 0.116051 0.116083 0.0796653 0.0378443 0.0135193 0.00647387 0.00878953 0.0160376 0.0266016 0.0386786 0.0494092 0.0558995 0.0568259 0.0531767 0.0474521 0.0419983 0.0378117 0.0345317 0.0312554
 1.09872e-16 4.27434e-05 0.000415481 0.00276102 0.0125512 0.0390516 0.0832048 0.121446 0.121477 0.0833563 0.0395609 0.0140236 0.00646208 0.00851247 0.0154724 0.0256488 0.03727 0.0475627 0.0537243 0.0544758 0.0507835 0.045088 0.0396906 0.0355868 0.0324449 0.0293863
 1.08883e-16 4.41195e-05 0.000428857 0.00284991 0.0129553 0.0403088 0.0858834 0.125356 0.125387 0.0860341 0.0408151 0.0144187 0.0065277 0.00847254 0.015365 0.0254494 0.0369355 0.0470415 0.0529569 0.0533963 0.0493288 0.0432202 0.0374248 0.0330095 0.0297094 0.0266819
 1.08059e-16 4.45656e-05 0.000433194 0.00287873 0.0130863 0.0407165 0.0867519 0.126624 0.126655 0.0869042 0.0412281 0.0145651 0.00659478 0.00855908 0.0155177 0.0256906 0.0372574 0.0473908 0.053232 0.0534674 0.0490746 0.0425626 0.0363494 0.0315668 0.0280026 0.0248474
 1.0761e-16 4.5149e-05 0.000438864 0.00291641 0.0132576 0.0412494 0.0878874 0.128281 0.128311 0.0880379 0.0417551 0.0147193 0.00658949 0.00847086 0.0153396 0.0253941 0.0368271 0.0468415 0.0526087 0.0528243 0.0484466 0.0419482 0.0357154 0.0308724 0.0272252 0.0239974
 1.07081e-16 4.62937e-05 0.000449991 0.00299035 0.0135937 0.0422953 0.0901157 0.131533 0.131563 0.0902635 0.0427916 0.0150282 0.00659484 0.00833098 0.0150502 0.0249041 0.036098 0.0458755 0.0514507 0.0515385 0.0470837 0.0405294 0.0342447 0.0293622 0.0257151 0.0225513
 1.06612e-16 4.69995e-05 0.000456852 0.00303594 0.013801 0.0429401 0.0914895 0.133538 0.133568 0.0916363 0.043433 0.0152255 0.00661514 0.00828164 0.0149413 0.024715 0.035807 0.0454697 0.0509264 0.0508945 0.0463142 0.039625 0.033204 0.0282064 0.0244936 0.0213351
 1.04996e-16 5.41216e-05 0.000526082 0.003496 0.0158923 0.049447 0.105353 0.153771 0.153795 0.105472 0.0498461 0.0170455 0.00639329 0.00685932 0.012107 0.0199951 0.0289527 0.0367348 0.0410841 0.0409569 0.0371161 0.0315485 0.0261992 0.0220289 0.018948 0.0163779
 1.02671e-16 6.12285e-05 0.000595162 0.00395506 0.0179792 0.0559399 0.119187 0.173961 0.173981 0.119284 0.0562679 0.0189264 0.00633345 0.0057892 0.00993154 0.0163375 0.0235654 0.0297115 0.032876 0.0321816 0.0282848 0.0229077 0.0177851 0.0138498 0.0111306 0.00917863
 1.01643e-16 6.15708e-05 0.00059849 0.00397718 0.0180797 0.0562527 0.119853 0.174934 0.174955 0.119956 0.0565975 0.0190755 0.00647658 0.00605373 0.0104192 0.0171198 0.0246372 0.0309415 0.0340047 0.032887 0.0282901 0.0220755 0.0161516 0.0115964 0.00851983 0.00648726
 1.01178e-16 6.5269e-05 0.000634438 0.00421607 0.0191656 0.0596315 0.127052 0.185439 0.185457 0.127136 0.0599154 0.0199857 0.00627428 0.00512695 0.00859559 0.014102 0.0202959 0.0254949 0.0280274 0.027116 0.0233321 0.0182001 0.0132848 0.00947321 0.00686387 0.00511443
 1.00914e-16 6.47649e-05 0.000629538 0.0041835 0.0190176 0.0591709 0.126071 0.184008 0.184026 0.126161 0.0594742 0.0198934 0.00638103 0.00542433 0.00916379 0.0150281 0.0215971 0.0270623 0.0296246 0.0284502 0.0241643 0.018431 0.0129716 0.00878065 0.00599044 0.00423144
 1.0152e-16 5.43452e-05 0.000528255 0.00351044 0.015958 0.0496513 0.105788 0.154407 0.154436 0.10593 0.0501275 0.0173331 0.00696139 0.00805918 0.0143494 0.0236162 0.0339659 0.0426069 0.0467251 0.045011 0.0384318 0.0295722 0.0210989 0.0145449 0.0101082 0.0072233
 1.03006e-16 5.03744e-05 0.000489657 0.00325395 0.014792 0.0460235 0.0980591 0.143126 0.143156 0.0982058 0.0465162 0.0162155 0.00682885 0.00829936 0.0148988 0.0245933 0.0355197 0.0448649 0.0497804 0.0489266 0.0432341 0.0352092 0.0273802 0.0211149 0.0164968 0.012964
 1.0452e-16 4.75753e-05 0.000462449 0.00307314 0.01397 0.0434662 0.0926104 0.135174 0.135205 0.0927628 0.0439781 0.0154495 0.00678941 0.00858385 0.0154972 0.0256117 0.0370461 0.0469119 0.0522833 0.0517924 0.0464042 0.0386821 0.0311719 0.0251893 0.0207205 0.0171166
 1.05862e-16 4.55363e-05 0.000442629 0.00294142 0.0133713 0.0416033 0.0886413 0.129381 0.129413 0.0887967 0.042125 0.0148792 0.00673002 0.00872487 0.0158094 0.0261543 0.0378832 0.048083 0.0538014 0.0536629 0.0486434 0.0413129 0.034191 0.028529 0.0242338 0.0206001
 1.06658e-16 4.56386e-05 0.000443623 0.00294803 0.0134013 0.0416967 0.0888404 0.129672 0.129703 0.0889913 0.0422037 0.0148666 0.00662992 0.00849429 0.0153739 0.0254452 0.0368887 0.046891 0.0526041 0.0527062 0.0481456 0.0413967 0.0348623 0.0296973 0.0257524 0.0223008
 1.06999e-16 4.51728e-05 0.000439096 0.00291795 0.0132646 0.0412712 0.0879338 0.128349 0.12838 0.0880869 0.0417854 0.0147508 0.00665231 0.00860391 0.015589 0.0257988 0.0373917 0.0475119 0.0532691 0.0533274 0.0486609 0.0417981 0.035195 0.0300328 0.0261526 0.0227932
 1.07417e-16 4.39416e-05 0.000427128 0.00283842 0.0129031 0.0401464 0.0855373 0.124851 0.124883 0.0856942 0.0406733 0.0144259 0.00666514 0.00879463 0.0159759 0.0264487 0.0383477 0.0487553 0.054717 0.0548663 0.0501966 0.0432851 0.036628 0.0314153 0.0274704 0.0240103
 1.07859e-16 4.37506e-05 0.000425272 0.00282608 0.012847 0.0399719 0.0851655 0.124308 0.12434 0.0853203 0.0404919 0.01435 0.00660352 0.00868654 0.015778 0.0261323 0.0379169 0.0482669 0.0542811 0.0546188 0.0502538 0.0437035 0.0373894 0.0324386 0.028639 0.025202
 1.08181e-16 4.32148e-05 0.000420064 0.00279147 0.0126896 0.0394824 0.0841226 0.122786 0.122818 0.0842793 0.0400088 0.0142115 0.00661594 0.00878399 0.0159724 0.0264547 0.0383822 0.0488547 0.0549363 0.0552739 0.050861 0.0442554 0.0379152 0.0329806 0.0292262 0.0258346
pSPR Fmed_Fpbrs
0.600942   0.286563 0.286563
Fs Fmed_Fpbrs
0.34   1.005 1.005
SSBpbr Bo_Bmed_Bpbrs
2.01864e+06  1.11215e+06  477536 477536
Ro
224473
SPR SPRFo_SPRFmed_SPRFpbrs
1.61578e+06 970990 463023
Fref
1.005
Nvult_r0
 174511 63866.1 19323.2 5929.66 2400.87
CTP_r0
 58364 32012.7 9685.71 2972.22 1203.43
YTP_r0
1.72496e+06
Np
 224473 49961.6 10606.3 3326.14 1141.87
Nvult_p0
 174511 43233.8 9178.08 2878.24 988.103
CTP_p0
 58364 34163.6 10713.7 3241.52 1327.62
 58364 21670.8 4600.48 1442.71 495.283
YTP_p0
 1.44242e+06 991598
CBA_c0
1.6402e+06
log_Ro
12.1415
likeval ReclasPelacesDesembMPH_pf_preclas_ppelaces_ptallas_desvR_qrecl_qpela
 0.00129957 142.445 10.7363 500.799 263.131 162.834 118.317 0 0 0 0 46.7223 0 0 0
q_reclas_q_pelaces
1 1
M
1
N
 224473 12705.7 125426 4069.8 1151.68
 224473 75558.4 3913.18 38629.5 1608.15
 224473 72083.6 21179.8 1096.9 11279
 224473 74637 21662.6 6364.97 3719.23
 224473 72426.9 21121.3 6130.23 2853.69
 224473 79169.1 24489.4 7141.63 3037.69
 224473 74208.7 23519.7 7275.34 3024.09
 224473 67532.5 18257.7 5786.61 2533.99
 224473 81031.5 23921.4 6467.27 2947.33
 224473 78521.7 26952.6 7956.7 3131.47
 224473 78917.9 26382 9055.6 3725.44
 224473 81289.8 28132.9 9404.71 4556.22
 224473 75156.1 24770.3 8572.53 4254.12
 224473 74960.8 22782.4 7508.73 3888.2
 224473 71912 20912.4 6355.78 3179.49
 224473 75675.9 22216.9 6460.79 2945.88
 224473 69080.5 19482.1 5719.54 2421.66
 224473 73166.2 19950 5626.29 2351.12
 224473 66500.7 17455.4 4759.5 1903.19
 224473 48817.9 8549.71 2244.16 856.593
 224473 48311.9 6146.87 1076.53 390.429
 224473 51696.2 6965.25 886.21 211.495
 224473 35139.8 3443.68 463.982 73.1224
 224473 61198.9 7099.92 695.788 108.521
 224473 66695.5 14686 1703.78 193.011
 224473 68470.4 16868.2 3714.29 479.724
 224473 74372.4 20431.1 5033.36 1251.47
 224473 72546.1 21115.7 5800.78 1784.38
 224473 71972 20272.5 5900.64 2119.62
 224473 74855.7 21756 6128.07 2424.4
 224473 75990.5 23319 6777.42 2664.26
 224473 73804.7 22330.2 6852.41 2774.49
pred_Ctot
 12151.3 1326.66 13096.3 424.948 120.253
 18235.5 11623.4 601.978 5942.5 247.386
 13759.9 8481.69 2492.11 129.067 1327.14
 17632.2 11122.2 3228.11 948.493 554.23
 5879.43 3728.52 1087.32 315.583 146.907
 14508.7 9800.17 3031.48 884.047 376.029
 26281.6 16051.3 5087.31 1573.66 654.11
 2663.14 1589.85 429.824 136.228 59.6553
 7000.35 4950.21 1461.36 395.086 180.052
 6314.23 4335.6 1488.19 439.332 172.905
 2218.05 1549.42 517.964 177.791 73.1425
 12853.2 8959.19 3100.61 1036.52 502.154
 13194.2 8494.18 2799.55 968.871 480.802
 18537.1 11711.4 3559.39 1173.12 607.469
 11946.5 7386.68 2148.09 652.855 326.591
 23534.4 14782.4 4339.81 1262.04 575.443
 16334.6 9574.36 2700.16 792.711 335.635
 28118.8 16836.1 4590.63 1294.65 541.01
 60521.1 29700.4 7795.87 2125.68 849.995
 61478.7 22078.5 3866.7 1014.95 387.404
 55111.3 19998.1 2544.42 445.616 161.613
 87234.9 30439.5 4101.25 521.815 124.532
 37642.4 10506.7 1029.66 138.73 21.8635
 27771.5 13923.4 1615.3 158.299 24.6896
 24615.8 13581.6 2990.59 346.949 39.3039
 14222.5 8315.8 2048.66 451.104 58.2629
 17422.8 10958.2 3010.36 741.625 184.393
 18431.6 11273.3 3281.26 901.409 277.283
 13377.8 8242.94 2321.81 675.799 242.76
 11398.2 7348.33 2135.72 601.572 237.995
 15215.8 9844.05 3020.81 877.968 345.136
 6581.44 4244.22 1284.12 394.055 159.55
F
 0.088849 0.177698 0.177698 0.177698 0.177698
 0.13593 0.271859 0.271859 0.271859 0.271859
 0.101119 0.202238 0.202238 0.202238 0.202238
 0.131178 0.262357 0.262357 0.262357 0.262357
 0.0421693 0.0843386 0.0843386 0.0843386 0.0843386
 0.106874 0.213748 0.213748 0.213748 0.213748
 0.201146 0.402293 0.402293 0.402293 0.402293
 0.0189172 0.0378345 0.0378345 0.0378345 0.0378345
 0.05038 0.10076 0.10076 0.10076 0.10076
 0.0453475 0.090695 0.090695 0.090695 0.090695
 0.0157347 0.0314694 0.0314694 0.0314694 0.0314694
 0.0941876 0.188375 0.188375 0.188375 0.188375
 0.0967897 0.193579 0.193579 0.193579 0.193579
 0.138312 0.276624 0.276624 0.276624 0.276624
 0.0872955 0.174591 0.174591 0.174591 0.174591
 0.178482 0.356965 0.356965 0.356965 0.356965
 0.121022 0.242045 0.242045 0.242045 0.242045
 0.216542 0.433085 0.433085 0.433085 0.433085
 0.525658 1.05132 1.05132 1.05132 1.05132
 0.536077 1.07215 1.07215 1.07215 1.07215
 0.468372 0.936744 0.936744 0.936744 0.936744
 0.854421 1.70884 1.70884 1.70884 1.70884
 0.299626 0.599251 0.599251 0.599251 0.599251
 0.213617 0.427235 0.427235 0.427235 0.427235
 0.187354 0.374707 0.374707 0.374707 0.374707
 0.104671 0.209342 0.209342 0.209342 0.209342
 0.129534 0.259067 0.259067 0.259067 0.259067
 0.137478 0.274955 0.274955 0.274955 0.274955
 0.0981932 0.196386 0.196386 0.196386 0.196386
 0.0831477 0.166295 0.166295 0.166295 0.166295
 0.112333 0.224667 0.224667 0.224667 0.224667
 0.0473049 0.0946098 0.0946098 0.0946098 0.0946098
YTP_r0W_actual
 501931 793915 270231 110864 48016.9
YTP_p0W_proyectada
 440065 596155 257879 101524 46798.5
 440065 378156 110734 45185.6 17458.7
CTP_r0_actual
 58364 32012.7 9685.71 2972.22 1203.43
CTP_p0_proyectada
 58364 34163.6 10713.7 3241.52 1327.62
 58364 21670.8 4600.48 1442.71 495.283
Wmedp
 7.54 17.45 24.07 31.32 35.25
Frms_r0
 0.5025 1.005 1.005 1.005 1.005
Zrms_r0
 1.5025 2.005 2.005 2.005 2.005
nmprior
 7.29 8.9 8.7 0
nm_flota  nm_reclas  nm_pelaces    nm_pelaL
inf 4.68536 7.78336 17.6862
cv_recla  cv_pelaces  cv_mph
1.06304 1.30742 1.8272
 ------------------------------------------------
Talla a la edad & desviaci?n 
 8 13.2811 15.8009 17.003 17.5766
 0.8 1.32811 1.58009 1.7003 1.75766
