years
 1991 1992 1993 1994 1995 1996 1997 1998 1999 2000 2001 2002 2003 2004 2005 2006 2007 2008 2009 2010 2011 2012 2013 2014 2015 2016 2017 2018 2019
reclasobs
 0 0 0 0 0 0 0 0 0 252601 567819 844713 477998 351125 339783 2.1784e+06 2.13404e+06 4.81314e+06 1.55562e+06 2.62356e+06 3.21686e+06 3.843e+06 1.13348e+06 3.07943e+06 1.97215e+06 2.03268e+06 2.025e+06 2.42433e+06 2.27542e+06
reclaspred
 4.21152e+06 2.28038e+06 1.12433e+06 1.41766e+06 1.62612e+06 3.67407e+06 2.42338e+06 2.17644e+06 1.70752e+06 1.29161e+06 1.30999e+06 1.59496e+06 1.18328e+06 221727 788015 1.30295e+06 809760 1.92612e+06 2.19753e+06 1.97901e+06 3.31113e+06 2.2548e+06 1.21363e+06 1.71223e+06 1.41582e+06 1.12851e+06 1.86176e+06 1.69645e+06 972329
pelacesobs
 0 0 0 0 0 0 0 0 0 0 0 0 0 0 0 552880 188675 0 991730 2.46772e+06 1.41603e+06 1.21717e+06 2.29649e+06 1.80582e+06 0 1.4828e+06 1.56532e+06 1.57751e+06 1.42118e+06
pelacespred
 4.30536e+06 2.42166e+06 1.12311e+06 1.02061e+06 1.49288e+06 3.17821e+06 2.39619e+06 2.54481e+06 1.93773e+06 1.37523e+06 1.40004e+06 1.3791e+06 1.08974e+06 103276 537980 780963 546221 1.23011e+06 1.51858e+06 1.33639e+06 2.47241e+06 1.69964e+06 1.00911e+06 1.32222e+06 1.07109e+06 955148 1.6482e+06 1.47753e+06 840976
mphobs
 0 0 0 0 0 0 0 0 0 0 0 0 498337 0 5186 125008 0 168611 109162 213762 579715 649985 157893 87575 83554 210694 70296 0 107559
mphpred
 1.02688e+06 696190 319394 180952 259607 371073 699936 421949 396918 297106 201305 288191 279645 113330 9511.08 111748 186806 103185 233383 256086 353023 381786 246157 136917 216521 200141 148128 261890 270158
desembarqueobs
 494567 514787 250237 358949 120608 361735 552515 73892 212993 205616 52469 317467 293654 387597 252695 516296 358380 742168 942051 627588 828172 859565 418607 520667 417249 300574 415391 372974 316634
desembarquepred
 494561 514309 250464 358944 120609 361715 552458 73894.2 213015 205645 52471.6 317497 293766 387875 252637 516164 358279 741723 941217 627131 828226 859427 418528 520713 417080 300544 415314 372900 316517
Reclutas
 148542 95483.4 83080.1 140500 108888 251963 98571.3 42039.2 46548.2 58781 85150.2 118569 71516.7 33632.5 75050.8 202415 46312 266299 319797 237761 242197 301078 52842 119452 155386 46040.4 138752 104711 39775.1
log_desv_Rt
 0.353596 -0.0883174 -0.227465 0.297939 0.0430476 0.882014 -0.0564897 -0.908666 -0.806782 -0.573452 -0.202853 0.128229 -0.377339 -1.13178 -0.329105 0.663048 -0.811869 0.937351 1.12042 0.823996 0.842483 1.0601 -0.679964 0.135641 0.398644 -0.817751 0.285418 0.0039377 -0.964028
SSB
 1.02688e+06 696190 319394 180952 259607 371073 699936 421949 396918 297106 201305 288191 265526 108663 9149.36 107101 186806 103185 243872 266097 378439 441458 305871 159228 228926 230681 155731 261890 286189
BT
 1.63242e+06 1.18507e+06 549150 674842 588276 1.56585e+06 1.17033e+06 894590 830146 640974 539056 739480 628941 424826 515317 757684 455983 1.23618e+06 1.52991e+06 1.0036e+06 1.68653e+06 1.36794e+06 689000 1.0754e+06 743217 582693 1.16077e+06 896312 508522
Ftot
 0.357115 0.661286 0.654963 0.746548 0.229707 0.304687 0.668066 0.105912 0.380161 0.479513 0.125656 0.594008 0.726828 3.20477 0.938668 1.12367 1.21134 1.09826 1.19812 0.917455 0.73803 1.07461 0.974471 0.887055 0.857132 0.775139 0.668508 0.656002 0.92146
BD_Bspro_t
 0.944463 0.642674 0.381668 0.28503 0.334935 0.469333 0.563442 0.396608 0.46502 0.447049 0.424194 0.60355 0.448359 0.206516 0.0249504 0.220151 0.230982 0.135844 0.222171 0.206948 0.223895 0.247075 0.203284 0.136702 0.210509 0.244989 0.214377 0.341716 0.345298
BD_Bspro
 1.38532 0.939199 0.43088 0.244115 0.350224 0.500599 0.944253 0.569233 0.535465 0.400813 0.271571 0.388786 0.35821 0.146593 0.012343 0.144486 0.252012 0.139202 0.328998 0.35898 0.510535 0.595552 0.412637 0.214808 0.308834 0.311201 0.21009 0.353304 0.386085
BD_Bo
 1.61818 1.09706 0.503304 0.285146 0.409091 0.584741 1.10297 0.664912 0.625467 0.468183 0.317218 0.454135 0.418419 0.171233 0.0144177 0.168772 0.294371 0.1626 0.384297 0.419319 0.596347 0.695654 0.481994 0.250913 0.360744 0.363509 0.245403 0.412689 0.450979
BD_Brms
 10.6492 7.21979 3.31225 1.87655 2.69223 3.84819 7.25863 4.37579 4.11621 3.08112 2.08762 2.98867 2.75362 1.12689 0.0948827 1.11069 1.93726 1.07007 2.52906 2.75954 3.92457 4.57811 3.17201 1.65126 2.37406 2.39226 1.615 2.71591 2.9679
Sel_flota
 0.845133 1 1 1 1
 0.845133 1 1 1 1
 0.845133 1 1 1 1
 0.845133 1 1 1 1
 0.845133 1 1 1 1
 0.845133 1 1 1 1
 0.845133 1 1 1 1
 0.845133 1 1 1 1
 0.845133 1 1 1 1
 0.845133 1 1 1 1
 0.845133 1 1 1 1
 0.845133 1 1 1 1
 0.845133 1 1 1 1
 0.845133 1 1 1 1
 0.845133 1 1 1 1
 0.845133 1 1 1 1
 0.845133 1 1 1 1
 0.845133 1 1 1 1
 0.845133 1 1 1 1
 0.845133 1 1 1 1
 0.845133 1 1 1 1
 0.845133 1 1 1 1
 0.845133 1 1 1 1
 0.845133 1 1 1 1
 0.845133 1 1 1 1
 0.845133 1 1 1 1
 0.845133 1 1 1 1
 0.845133 1 1 1 1
 0.845133 1 1 1 1
Sel_reclas
 0.869139 1 1 1 1
 0.869139 1 1 1 1
 0.869139 1 1 1 1
 0.869139 1 1 1 1
 0.869139 1 1 1 1
 0.869139 1 1 1 1
 0.869139 1 1 1 1
 0.869139 1 1 1 1
 0.869139 1 1 1 1
 0.869139 1 1 1 1
 0.869139 1 1 1 1
 0.869139 1 1 1 1
 0.869139 1 1 1 1
 0.869139 1 1 1 1
 0.869139 1 1 1 1
 0.869139 1 1 1 1
 0.869139 1 1 1 1
 0.869139 1 1 1 1
 0.869139 1 1 1 1
 0.869139 1 1 1 1
 0.869139 1 1 1 1
 0.869139 1 1 1 1
 0.869139 1 1 1 1
 0.869139 1 1 1 1
 0.869139 1 1 1 1
 0.869139 1 1 1 1
 0.869139 1 1 1 1
 0.869139 1 1 1 1
 0.869139 1 1 1 1
Sel_pelaces
 0.5 1 1 1 1
 0.5 1 1 1 1
 0.5 1 1 1 1
 0.5 1 1 1 1
 0.5 1 1 1 1
 0.5 1 1 1 1
 0.5 1 1 1 1
 0.5 1 1 1 1
 0.5 1 1 1 1
 0.5 1 1 1 1
 0.5 1 1 1 1
 0.5 1 1 1 1
 0.5 1 1 1 1
 0.5 1 1 1 1
 0.5 1 1 1 1
 0.5 1 1 1 1
 0.5 1 1 1 1
 0.5 1 1 1 1
 0.5 1 1 1 1
 0.5 1 1 1 1
 0.5 1 1 1 1
 0.5 1 1 1 1
 0.5 1 1 1 1
 0.5 1 1 1 1
 0.5 1 1 1 1
 0.5 1 1 1 1
 0.5 1 1 1 1
 0.5 1 1 1 1
 0.5 1 1 1 1
pf_obs 
 0.8446 0.082 0.0669 0.0065 0
 0.8095 0.147 0.0364 0.0071 0
 0.9664 0.0169 0.016 0.0007 0
 0.9276 0.0648 0.0075 0.0001 0
 0.7033 0.2144 0.0806 0.0017 0
 0.9318 0.0425 0.0243 0.0014 0
 0.5671 0.3108 0.0964 0.0239 0.0018
 0.0768 0.2599 0.5324 0.112 0.0189
 0.490249 0.384438 0.106611 0.0170017 0.00170017
 0.7925 0.1577 0.0466 0.003 0.0002
 0.840416 0.127587 0.0312969 0.00059994 9.999e-05
 0.8084 0.0986 0.0794 0.0134 0.0002
 0.7335 0.1905 0.0724 0.0035 0.0001
 0.4001 0.4547 0.1325 0.0127 0
 0.49795 0.308269 0.164784 0.0264974 0.00249975
 0.9179 0.0499 0.0305 0.0017 0
 0.2467 0.6533 0.0926 0.0074 0
 0.9418 0.0223 0.034 0.0019 0
 0.707729 0.231977 0.0356964 0.0245975 0
 0.517169 0.277429 0.184464 0.0207286 0.00020938
 0.811772 0.124168 0.05621 0.00726502 0.000585176
 0.764997 0.148141 0.077277 0.00933861 0.000247198
 0.163321 0.427699 0.378323 0.0303852 0.000271297
 0.753843 0.0900009 0.118128 0.0371064 0.000921714
 0.721811 0.176058 0.0630433 0.0369309 0.00215725
 0.143369 0.312575 0.442814 0.0836902 0.0175525
 0.692698 0.0596174 0.167031 0.0765114 0.00414204
 0.394062 0.376323 0.152708 0.0712218 0.00568511
 0.125707 0.32114 0.495352 0.0537591 0.00404204
pf_pred 
 0.632194 0.146121 0.204745 0.0169391 8.27211e-07
 0.584361 0.281705 0.0532091 0.0745567 0.00616856
 0.698919 0.192552 0.0735568 0.0138936 0.0210784
 0.840115 0.119176 0.026035 0.00994566 0.00472858
 0.747016 0.220088 0.0245197 0.00535655 0.00301913
 0.837061 0.127278 0.0310239 0.00345633 0.00118064
 0.510194 0.422288 0.0527415 0.0128557 0.00192147
 0.496363 0.28612 0.187533 0.0234218 0.00656236
 0.606196 0.212952 0.102744 0.0673416 0.0107671
 0.729048 0.17713 0.050735 0.0244783 0.0186091
 0.794644 0.157961 0.030984 0.00887467 0.00753694
 0.751776 0.204148 0.033904 0.00665026 0.00352251
 0.653761 0.274036 0.0593819 0.0098619 0.00295903
 0.612773 0.27331 0.0901611 0.0195373 0.00421824
 0.983422 0.0121445 0.00312906 0.00103223 0.000271972
 0.934847 0.064319 0.000611008 0.000157428 6.56165e-05
 0.578891 0.400096 0.0207435 0.000197056 7.19339e-05
 0.961927 0.0246793 0.0127258 0.000659785 8.55572e-06
 0.878244 0.11822 0.00229217 0.00118195 6.20743e-05
 0.817523 0.165349 0.016631 0.000322459 0.000175007
 0.81886 0.154543 0.0241005 0.00242407 7.25086e-05
 0.827788 0.146702 0.0217639 0.00339402 0.000351587
 0.476612 0.452117 0.0607138 0.00900712 0.00155014
 0.87094 0.0700869 0.0509425 0.00684095 0.00118955
 0.856121 0.129082 0.0080358 0.0058408 0.000920735
 0.564829 0.384959 0.0450473 0.00280436 0.00235966
 0.896262 0.0647051 0.034529 0.00404054 0.000463189
 0.743702 0.23478 0.0134214 0.00716217 0.000934184
 0.556539 0.348293 0.0871781 0.00498363 0.00300633
pobs_RECLAS
 0 0 0 0 0
 0 0 0 0 0
 0 0 0 0 0
 0 0 0 0 0
 0 0 0 0 0
 0 0 0 0 0
 0 0 0 0 0
 0 0 0 0 0
 0 0 0 0 0
 0 0 0 0 0
 0.991045 0.00858322 0.000360255 1.14367e-05 0
 0.934742 0.0480273 0.0164251 0.00080598 0
 0.827803 0.169806 0.00239088 0 0
 0.941827 0.0461693 0.0120037 0 0
 0.791401 0.0380133 0.147996 0.0225897 0
 0.846168 0.0940531 0.0597789 0 0
 0.134021 0.677848 0.182769 0.00536245 0
 0.80878 0.0450904 0.141981 0.00414843 0
 0.846168 0.0940531 0.0597789 0 0
 0.905697 0.0802665 0.012482 0.00150086 5.37128e-05
 0.989698 0.0102097 9.19794e-05 0 0
 0.975433 0.0193895 0.00387452 0.00125025 5.28907e-05
 0.303575 0.632131 0.0575291 0.00676475 0
 0.966965 0.00978017 0.0227588 0.000495775 0
 0.843318 0.132988 0.00938335 0.0141283 0.000182051
 0.564624 0.303363 0.111486 0.0197234 0.00080311
 0.826376 0.0876187 0.0782897 0.00655872 0.00115652
 0.89761 0.0855135 0.0140674 0.00269457 0.000114338
 0.34875 0.467042 0.161289 0.0227151 0.000203297
ppred_RECLAS
 0.640055 0.142998 0.200369 0.016577 8.09531e-07
 0.594329 0.274949 0.0519329 0.0727686 0.00602062
 0.70748 0.187077 0.0714653 0.0134985 0.0204791
 0.845879 0.11488 0.0250965 0.00958711 0.00455811
 0.752926 0.214947 0.023947 0.00523142 0.00294861
 0.841501 0.12381 0.0301786 0.00336216 0.00114848
 0.520527 0.413379 0.0516288 0.0125845 0.00188094
 0.503733 0.281933 0.184788 0.0230791 0.00646633
 0.614387 0.208522 0.100606 0.0659408 0.0105431
 0.736224 0.172438 0.0493912 0.0238299 0.0181162
 0.799461 0.154255 0.0302571 0.00866649 0.00736013
 0.75906 0.198157 0.0329091 0.0064551 0.00341914
 0.663428 0.266385 0.057724 0.00958656 0.00287641
 0.650066 0.246988 0.0814779 0.0176557 0.00381199
 0.984209 0.0115684 0.00298062 0.000983263 0.00025907
 0.938157 0.0610509 0.000579962 0.000149429 6.22824e-05
 0.593173 0.386527 0.02004 0.000190373 6.94944e-05
 0.963883 0.0234112 0.0120719 0.000625883 8.11609e-06
 0.88435 0.112291 0.00217721 0.00112267 5.89611e-05
 0.824679 0.158864 0.0159788 0.000309813 0.000168144
 0.825196 0.149137 0.0232575 0.00233928 6.99724e-05
 0.835344 0.140265 0.0208089 0.0032451 0.00033616
 0.489238 0.44121 0.0592491 0.00878983 0.00151275
 0.876214 0.0672228 0.0488607 0.0065614 0.00114093
 0.861794 0.123992 0.00771895 0.0056105 0.000884431
 0.575705 0.375339 0.0439216 0.00273428 0.00230069
 0.900047 0.0623442 0.0332691 0.00389311 0.000446288
 0.751448 0.227684 0.0130158 0.00694573 0.000905952
 0.568559 0.338852 0.0848151 0.00484855 0.00292484
pobs_PELACES
 0 0 0 0 0
 0 0 0 0 0
 0 0 0 0 0
 0 0 0 0 0
 0 0 0 0 0
 0 0 0 0 0
 0 0 0 0 0
 0 0 0 0 0
 0 0 0 0 0
 0 0 0 0 0
 0 0 0 0 0
 0 0 0 0 0
 0 0 0 0 0
 0 0 0 0 0
 0 0 0 0 0
 0 0 0 0 0
 0.505614 0.472636 0.0217494 0 0
 0 0 0 0 0
 0.443492 0.261883 0.143347 0.151278 0
 0.227955 0.32914 0.350689 0.0885471 0.00366901
 0.970185 0.0296113 0.000203453 0 0
 0.997202 0.00247181 0.000326279 0 0
 0.445219 0.490057 0.0546422 0.010081 0
 0.90214 0.0892962 0.00764917 0.000914606 0
 0 0 0 0 0
 0.581667 0.319106 0.0959925 0.00289975 0.000334073
 0.762889 0.0836404 0.116647 0.0363945 0.000428098
 0.88444 0.0763242 0.0277011 0.0115352 0
 0.521256 0.241999 0.230069 0.00667565 0
ppred_PELACES
 0.510239 0.194571 0.272633 0.0225557 1.10149e-06
 0.465752 0.362094 0.0683931 0.0958326 0.00792886
 0.589949 0.262242 0.100179 0.0189221 0.0287073
 0.766364 0.174149 0.0380442 0.0145333 0.00690974
 0.639484 0.313639 0.0349421 0.00763339 0.00430244
 0.756229 0.190419 0.0464146 0.00517099 0.00176635
 0.392551 0.523713 0.065409 0.0159434 0.00238297
 0.369922 0.357952 0.234614 0.029302 0.00820987
 0.483088 0.279523 0.134863 0.0883934 0.014133
 0.622 0.24711 0.0707793 0.0341491 0.0259611
 0.697718 0.232516 0.045608 0.0130634 0.0110943
 0.651354 0.286738 0.0476202 0.00934069 0.00494758
 0.540625 0.36358 0.0787854 0.0130844 0.00392591
 0.557302 0.312463 0.103077 0.0223361 0.00482251
 0.974105 0.0189704 0.00488777 0.0016124 0.000424835
 0.902372 0.0963786 0.000915563 0.000235897 9.83228e-05
 0.471558 0.502074 0.0260307 0.000247282 9.02687e-05
 0.941993 0.0376002 0.0193884 0.00100522 1.30351e-05
 0.823846 0.171038 0.00331626 0.00171002 8.98078e-05
 0.739307 0.236223 0.0237597 0.000460677 0.000250022
 0.738228 0.223336 0.0348286 0.00350311 0.000104785
 0.755102 0.208622 0.0309498 0.00482654 0.000499982
 0.366759 0.547011 0.0734569 0.0108976 0.0018755
 0.809921 0.103224 0.075028 0.0100753 0.00175196
 0.789378 0.18896 0.0117635 0.00855024 0.00134785
 0.448158 0.488169 0.0571248 0.00355622 0.0029923
 0.842775 0.0980672 0.0523323 0.00612384 0.00070201
 0.642672 0.327328 0.0187121 0.00998544 0.00130243
 0.442795 0.437627 0.109539 0.00626189 0.00377743
pobs_pel_tallas
 0 0 0 0 0 0 0 0 0 0 0 0 0 0 0 0 0 0 0 0 0 0 0 0 0 0
 0 0 0 0 0 0 0 0 0 0 0 0 0 0 0 0 0 0 0 0 0 0 0 0 0 0
 0 0 0 0 0 0 0 0 0 0 0 0 0 0 0 0 0 0 0 0 0 0 0 0 0 0
 0 0 0 0 0 0 0 0 0 0 0 0 0 0 0 0 0 0 0 0 0 0 0 0 0 0
 0 0 0 0 0 0 0 0 0 0 0 0 0 0 0 0 0 0 0 0 0 0 0 0 0 0
 0 0 0 0 0 0 0 0 0 0 0 0 0 0 0 0 0 0 0 0 0 0 0 0 0 0
 0 0 0 0 0 0 0 0 0 0 0 0 0 0 0 0 0 0 0 0 0 0 0 0 0 0
 0 0 0 0 0 0 0 0 0 0 0 0 0 0 0 0 0 0 0 0 0 0 0 0 0 0
 0 0 0 0 0 0 0 0 0 0 0 0 0 0 0 0 0 0 0 0 0 0 0 0 0 0
 0 0 0 0 0 0 0 0 0 0 0 0 0 0 0 0 0 0 0 0 0 0 0 0 0 0
 0 0 0 0 0 0 0 0 0 0 0 0 0 0 0 0 0 0 0 0 0 0 0 0 0 0
 0 0 0 0 0 0 0 0 0 0 0 0 0 0 0 0 0 0 0 0 0 0 0 0 0 0
 0.00862536 0 0 0.000197151 0.00414017 0.0128641 0.00837892 0.0270097 0.101434 0.158115 0.152841 0.127902 0.109271 0.109419 0.0830992 0.0579132 0.0238553 0.00714673 0.00463305 0.00128148 0.00103504 0.000492878 0.000147863 0.000147863 4.92878e-05 0
 0 0 0 0 0 0 0 0 0 0 0 0 0 0 0 0 0 0 0 0 0 0 0 0 0 0
 0 0 0 0 0 0 0 0.0054083 0.00873648 0.0413646 0.0450493 0.0745869 0.0622846 0.0627006 0.0613931 0.0827291 0.12552 0.122667 0.0946155 0.0697135 0.0546179 0.0294188 0.0215738 0.0213955 0.0102223 0.00600262
 0 0 0 0 0.00359764 0.0251062 0.0480494 0.140153 0.205849 0.193036 0.1447 0.116669 0.0760912 0.0342217 0.00950174 0.001854 0.000860785 0 0 0 0.000165536 0 0.000143464 0 0 0
 0 0 0 0 0 0 0 0.000145254 0.000435761 0.0275982 0.070085 0.0708112 0.156366 0.174668 0.174014 0.160142 0.0824315 0.0480064 0.0283245 0.00493863 0.00203355 0 0 0 0 0
 0 0 0 0 0 0 0 0 0 0 0 0 0 0 0 0 0 0 0 0 0 0 0 0 0 0
 0 0 1.00437e-05 0.000401748 0.00122533 0.00171747 0.00176769 0.0269171 0.070346 0.194647 0.189555 0.159765 0.064822 0.0314167 0.0384472 0.0292271 0.0345202 0.0313363 0.0194345 0.0106764 0.0143323 0.0359363 0.0279516 0.0138201 0.00172751 0
 0 0.0021121 0.0136068 0.0755702 0.200478 0.177729 0.0527432 0.0373336 0.0318909 0.0142505 0.0149659 0.0166563 0.0217959 0.0798694 0.0677717 0.0528807 0.04013 0.0224614 0.0357745 0.0225083 0.00881397 0.00855152 0.00135912 0.000746735 0 0
 0 0 0 0 5.4009e-05 0.00500934 0.000945158 0.0243581 0.138947 0.33067 0.221406 0.137944 0.0707744 0.0437923 0.0131692 0.00525238 0.0047753 0.00276346 9.45158e-05 9.00151e-06 2.25038e-05 9.00151e-06 4.50075e-06 0 0 0
 0.000866109 0.00284123 0.00948549 0.0512746 0.133035 0.25785 0.225252 0.132002 0.0553304 0.0519788 0.0540692 0.017754 0.00435017 0.00159236 0.00146478 0.000404838 0.000125132 0.000115318 0.000107957 0.000100596 0 0 0 0 0 0
 0 0 0 0 0.00144013 0.00171154 0.00461396 0.0210425 0.0478622 0.0707936 0.0888783 0.103762 0.0637923 0.0337046 0.0602308 0.124433 0.169614 0.0934646 0.0462172 0.0250306 0.0313229 0.00938855 0.002487 0.000210481 0 0
 0 0.00764035 0.051015 0.0998891 0.058973 0.0496711 0.0374665 0.0718981 0.12319 0.153886 0.159021 0.0857701 0.0377988 0.023471 0.0147837 0.00900784 0.00315554 0.000888139 0.00291439 0.00214683 0.00393193 0.00274676 0.000635225 9.99891e-05 0 0
 0 0 0 0 0 0 0 0 0 0 0 0 0 0 0 0 0 0 0 0 0 0 0 0 0 0
 0 0 0 0 0 0 0 0 0 0 0 0 0 0 0 0 0 0 0 0 0 0 0 0 0 0
 0 0 0 0 0 0 0 0 0 0 0 0 0 0 0 0 0 0 0 0 0 0 0 0 0 0
 0 0 0 0 0 0 0 0 0 0 0 0 0 0 0 0 0 0 0 0 0 0 0 0 0 0
 0 0 0 0 0 0 0 0 0 0 0 0 0 0 0 0 0 0 0 0 0 0 0 0 0 0
ppred_pel_tallas
 1.1018e-16 4.20277e-05 0.000408525 0.00271479 0.0123411 0.0383977 0.0818111 0.11941 0.119429 0.0819048 0.0387134 0.0132577 0.00503423 0.00553271 0.00995168 0.0168486 0.0253425 0.0341032 0.0417175 0.0474002 0.0512207 0.0535909 0.0545305 0.0534565 0.0496873 0.043154
 1.13019e-16 3.83634e-05 0.000372906 0.0024781 0.0112651 0.03505 0.0746791 0.109004 0.109039 0.07485 0.0356239 0.0129233 0.0066436 0.00947743 0.0173639 0.0287405 0.0416348 0.0528899 0.0593473 0.059646 0.0550547 0.0485665 0.0429776 0.0394476 0.0374066 0.0354806
 1.09714e-16 4.85934e-05 0.000472345 0.0031389 0.014269 0.0443963 0.094592 0.138065 0.13809 0.094716 0.0448132 0.0154746 0.00617031 0.00710745 0.0127016 0.021058 0.030653 0.0392327 0.0445273 0.0455 0.0429252 0.0387545 0.0348068 0.0318335 0.0295207 0.0271324
 1.0377e-16 6.31244e-05 0.000613592 0.00407754 0.0185359 0.0576721 0.122877 0.179346 0.179363 0.122959 0.057948 0.0193331 0.00608 0.00498922 0.00838587 0.0137973 0.0199497 0.0252602 0.0281608 0.0279375 0.0251445 0.0211988 0.0174917 0.0147154 0.0128 0.0112994
 1.02583e-16 5.26735e-05 0.000512005 0.00340245 0.0154671 0.048124 0.102534 0.149658 0.149688 0.102682 0.0486196 0.0168985 0.00699473 0.00835151 0.0149341 0.0245868 0.0353687 0.0443837 0.0487145 0.0470151 0.0403116 0.0313088 0.0227819 0.0163009 0.0120208 0.00928732
 1.02206e-16 6.22896e-05 0.000605477 0.00402361 0.0182908 0.0569094 0.121252 0.176975 0.176993 0.121342 0.0572112 0.0191626 0.00621357 0.00539081 0.00916401 0.0150864 0.0218071 0.027589 0.0306957 0.0303108 0.026997 0.0222681 0.0176414 0.0139223 0.0111401 0.00894564
 1.04024e-16 3.23341e-05 0.000314299 0.00208863 0.00949463 0.0295416 0.0629433 0.0918782 0.0919286 0.0631899 0.0303694 0.0118856 0.00808955 0.013412 0.0249002 0.0410954 0.0591521 0.0742909 0.0816522 0.0789847 0.0679787 0.0531067 0.0389477 0.0280793 0.0207489 0.0158951
 1.1119e-16 3.04701e-05 0.00029618 0.00196822 0.00894728 0.0278385 0.0593141 0.086578 0.0866128 0.0594843 0.0284106 0.0106035 0.00613951 0.00944853 0.0175484 0.0293171 0.0430546 0.0558615 0.06474 0.0682191 0.0670543 0.0633605 0.0589668 0.054403 0.049157 0.0426458
 1.1522e-16 3.97914e-05 0.000386786 0.00257033 0.0116844 0.0363546 0.0774582 0.113058 0.113085 0.0775908 0.0368003 0.0129742 0.00581696 0.00750439 0.0136473 0.0227381 0.0333225 0.0431312 0.049886 0.0525908 0.0520759 0.0502547 0.0487068 0.0477437 0.0465488 0.0440299
 1.09924e-16 5.12334e-05 0.000498007 0.00330943 0.0150442 0.0468082 0.0997308 0.145565 0.145589 0.0998475 0.0472005 0.016178 0.00615897 0.00673059 0.0119241 0.0197283 0.028647 0.0365297 0.041231 0.0418044 0.039059 0.0349518 0.0313109 0.028896 0.0273574 0.0258489
 1.04564e-16 5.74702e-05 0.000558631 0.0037123 0.0168756 0.0525063 0.111871 0.163284 0.163306 0.111981 0.0528745 0.0179393 0.00638357 0.00639402 0.0111518 0.0183768 0.0265426 0.033541 0.0372643 0.0367494 0.0327428 0.0271655 0.0219256 0.0180066 0.0153648 0.0134254
 1.03222e-16 5.36512e-05 0.000521509 0.00346561 0.0157542 0.0490172 0.104437 0.152435 0.152463 0.104573 0.0494709 0.0170647 0.00675563 0.00770547 0.0137026 0.0225821 0.0325574 0.0410088 0.0452982 0.0442032 0.0386316 0.0309795 0.0236743 0.0180437 0.0141638 0.0114377
 1.04344e-16 4.45306e-05 0.000432854 0.00287647 0.013076 0.0406845 0.086684 0.126525 0.12656 0.0868554 0.0412604 0.0147398 0.00705471 0.00956075 0.0173998 0.0287462 0.0415244 0.0524641 0.0582468 0.0573214 0.0507918 0.0415994 0.0326976 0.0256627 0.0205485 0.0166425
 1.06111e-16 4.59043e-05 0.000446206 0.0029652 0.0134794 0.0419395 0.0893576 0.130426 0.130457 0.0895053 0.0424356 0.0149135 0.00656972 0.00833029 0.0150644 0.02495 0.036213 0.0461169 0.0518843 0.0522113 0.0479855 0.0415602 0.0352117 0.0300223 0.0258522 0.0220571
 1.0038e-16 8.02357e-05 0.00077992 0.00518284 0.0235604 0.0733053 0.156185 0.227957 0.227958 0.156194 0.0733354 0.0236474 0.00540122 0.00125728 0.000988682 0.00151238 0.00218236 0.00276856 0.00309638 0.00308716 0.00279876 0.00238118 0.00198104 0.00167021 0.00144103 0.00124891
 1.00092e-16 7.43272e-05 0.000722487 0.00480118 0.0218255 0.0679072 0.144684 0.211172 0.211181 0.144729 0.0680591 0.0222641 0.00590129 0.00312067 0.00461897 0.00749237 0.0107246 0.0133573 0.0144702 0.0136416 0.0112033 0.00803344 0.00505517 0.00282369 0.00143635 0.000701047
 1.0092e-16 3.88417e-05 0.000377555 0.00250899 0.0114055 0.0354871 0.0756108 0.110366 0.110415 0.0758469 0.0362795 0.0136931 0.00824738 0.012892 0.023769 0.0391359 0.0561426 0.0701123 0.0763003 0.0725087 0.0604141 0.0444836 0.0293877 0.0179015 0.0104861 0.00618958
 1.00673e-16 7.75907e-05 0.00075421 0.00501199 0.0227838 0.0708888 0.151036 0.220442 0.220446 0.151054 0.0709487 0.0229571 0.00544804 0.0017095 0.00190173 0.00304671 0.00444048 0.00570593 0.00651064 0.00669319 0.00633975 0.00569721 0.00499774 0.00434176 0.00371041 0.00305597
 1.00327e-16 6.78591e-05 0.000659615 0.00438337 0.0199262 0.0619978 0.132094 0.192798 0.192814 0.132174 0.0622676 0.0207049 0.00633641 0.00491763 0.00813848 0.0133049 0.0190605 0.0237606 0.0257805 0.0243746 0.0201297 0.0145959 0.0093967 0.00550074 0.00306712 0.00174916
 1.00835e-16 6.08957e-05 0.000591928 0.00393357 0.0178815 0.055636 0.118539 0.173016 0.173039 0.11865 0.0560092 0.0189591 0.0066376 0.00649179 0.0112567 0.0184889 0.0265697 0.0332863 0.0364214 0.0349429 0.0296138 0.0224782 0.0156567 0.0103851 0.00684614 0.00460796
 1.01432e-16 6.08069e-05 0.000591065 0.00392783 0.0178554 0.0555548 0.118366 0.172763 0.172785 0.118471 0.0559081 0.0188757 0.00648902 0.00618252 0.0106809 0.0175635 0.0252984 0.0318169 0.0350464 0.0340183 0.0294292 0.0231498 0.0170954 0.0123456 0.00901842 0.00670594
 1.01516e-16 6.21968e-05 0.000604575 0.00401762 0.0182635 0.0568247 0.121072 0.176712 0.176732 0.12117 0.0571546 0.0192164 0.00640966 0.00582654 0.00997987 0.0164006 0.0236195 0.0296995 0.0327054 0.0317365 0.0274509 0.0216046 0.0159934 0.0116252 0.0086001 0.00651915
 1.0367e-16 3.02096e-05 0.000293648 0.0019514 0.00887079 0.0276006 0.058808 0.085843 0.0858957 0.0590655 0.0284654 0.0113685 0.00822054 0.0139775 0.0260131 0.0429427 0.0618218 0.0776621 0.085384 0.0826227 0.0711208 0.0555223 0.0405908 0.0290222 0.0211084 0.0157981
 1.03499e-16 6.67121e-05 0.000648466 0.00430928 0.0195894 0.0609499 0.129861 0.189537 0.189547 0.12991 0.0611151 0.0200678 0.00551491 0.00329564 0.00513893 0.00850676 0.0125195 0.0163096 0.0190219 0.0202345 0.0201493 0.0193378 0.0182748 0.0170629 0.0155268 0.0135049
 1.01474e-16 6.50201e-05 0.000632018 0.00419999 0.0190925 0.0594041 0.126567 0.184733 0.184751 0.126656 0.0597024 0.019954 0.00636124 0.00534657 0.00900867 0.014764 0.0212011 0.0265357 0.0289998 0.0277872 0.0235414 0.0179366 0.012696 0.0088019 0.00635041 0.00491272
 1.02637e-16 3.69143e-05 0.00035882 0.00238449 0.0108396 0.0337262 0.0718589 0.10489 0.104937 0.0720887 0.0344976 0.0130675 0.00797575 0.0125606 0.0231982 0.0382606 0.0550343 0.0690377 0.0757153 0.072946 0.062298 0.04796 0.0342547 0.0236671 0.016518 0.011888
 1.02269e-16 6.94183e-05 0.00067477 0.00448409 0.020384 0.0634223 0.135128 0.197226 0.197235 0.135175 0.0635786 0.0208363 0.00562237 0.00316922 0.00483483 0.00795597 0.0116235 0.0149685 0.0171423 0.0177334 0.0169698 0.015488 0.0138729 0.0123548 0.010849 0.00920262
 1.01846e-16 5.29361e-05 0.000514558 0.00341942 0.0155442 0.048364 0.103046 0.150405 0.150436 0.1032 0.0488807 0.0170361 0.00716217 0.00867814 0.0155369 0.0255493 0.0366769 0.0458662 0.050045 0.0478042 0.0402519 0.0302945 0.0209405 0.0139309 0.00947948 0.00688539
 1.04541e-16 3.64725e-05 0.000354526 0.00235595 0.0107098 0.0333225 0.0709987 0.103634 0.103676 0.0712052 0.034016 0.0127138 0.00738946 0.0113536 0.0209573 0.0346704 0.0501272 0.063418 0.0705518 0.0696406 0.0619607 0.050976 0.0401687 0.0314054 0.0247898 0.0195687
pSPR Fmed_Fpbrs
0.533519   0.201952 0.201952
Fs Fmed_Fpbrs
0.34   1.005 1.005
SSBpbr Bo_Bmed_Bpbrs
634594  306839  96428.1 96428.1
Ro
104300
SPR SPRFo_SPRFmed_SPRFpbrs
741259 395476 149699
Fref
1.005
Nvult_r0
 33517 19147.4 4792.61 273.975 165.273
CTP_r0
 15393.4 9597.57 2402.28 137.329 82.8425
YTP_r0
335675
Np
 127495 20059.8 904.372 436.197 123.883
Nvult_p0
 107435 17358.6 782.589 377.459 107.201
CTP_p0
 49342 2913.04 1405.02 351.678 23.0471
 49342 8700.93 392.27 189.2 53.7341
YTP_p0
 468517 541132
CBA_c0
375528
log_Ro
11.375
likeval ReclasPelacesDesembMPH_pf_preclas_ppelaces_ptallas_desvR_qrecl_qpela
 0.000484748 19.3227 0.0236539 26.6914 220.919 112.026 98.3693 0 17.3826 6.93898e-05 0.000243341 0.0508877 0 0 0
q_reclas_q_pelaces
3.24803 9.08014
M
1
N
 148542 29652.3 41548.9 3437.45 0.167866
 95483.4 40409.2 7632.58 10694.8 884.85
 83080.1 20087.1 7673.48 1449.39 2198.91
 140500 17571.4 3838.63 1466.4 697.187
 108888 27502.5 3064.02 669.361 377.275
 251963 32989.4 8041.14 895.852 306.013
 98571.3 71649.3 8948.61 2181.22 326.015
 42039.2 20618.2 13513.9 1687.81 472.893
 46548.2 14141.2 6822.76 4471.86 714.996
 58781 12418.7 3557.06 1716.18 1304.69
 85150.2 14419.3 2828.34 810.114 688.001
 118569 28169 4678.19 917.624 486.048
 71516.7 26403.1 5721.4 950.186 285.1
 33632.5 14234.4 4695.73 1017.54 219.692
 75050.8 824.509 212.437 70.0799 18.4646
 202415 12489.2 118.643 30.5688 12.7412
 46312 28808.3 1493.6 14.1887 5.17949
 266299 6120.57 3156.05 163.629 2.12185
 319797 38723.6 750.812 387.154 20.3328
 237761 42739 4298.76 83.3486 45.2356
 242197 40281.6 6281.81 631.834 18.8994
 301078 47751.9 7084.18 1104.76 114.442
 52842 44664.6 5997.91 889.813 153.139
 119452 8531.36 6201 832.719 144.798
 155386 20764.2 1292.65 939.559 148.111
 46040.4 27702.5 3241.71 201.808 169.807
 138752 8797.12 4694.47 549.339 62.9738
 104711 29012 1658.5 885.039 115.438
 39775.1 22127 5538.42 316.61 190.992
pred_Ctot
 25069.3 5794.34 8119.05 671.71 0.0328026
 27030.4 13030.6 2461.26 3448.72 285.336
 23341.1 6430.45 2456.5 463.989 703.933
 43713.6 6201.08 1354.68 517.501 246.042
 12339 3635.35 405.009 88.4777 49.8691
 36923.3 5614.3 1368.48 152.461 52.0789
 28130.2 23283.4 2907.97 708.817 105.943
 2291.99 1321.18 865.943 108.152 30.302
 8298.99 2915.37 1406.59 921.926 147.405
 12793.2 3108.25 890.289 429.541 326.549
 5470.24 1087.39 213.29 61.0923 51.8835
 30804.6 8365.1 1389.24 272.499 144.338
 21797.3 9136.73 1979.87 328.809 98.6579
 23961.2 10687.2 3525.56 763.967 164.945
 27675.3 341.767 88.0574 29.0488 7.65377
 84561.6 5817.98 55.2687 14.2401 5.93534
 20331.5 14052 728.542 6.92088 2.52642
 109549 2810.6 1449.28 75.1397 0.974368
 139394 18763.8 363.812 187.598 9.8524
 86246.7 17443.9 1754.53 34.0186 18.4629
 74693.4 14096.8 2198.36 221.115 6.61397
 122038 21627.8 3208.57 500.367 51.8331
 20011.6 18983.1 2549.2 378.184 65.0862
 42284.3 3402.73 2473.26 332.129 57.7526
 53638 8087.27 503.462 365.94 57.6863
 14741.1 10046.8 1175.66 73.1891 61.5832
 39617.6 2860.17 1526.29 178.605 20.4744
 29455.2 9298.74 531.573 283.667 36.9995
 14473.6 9057.86 2267.19 129.607 78.184
F
 0.30181 0.357115 0.357115 0.357115 0.357115
 0.558874 0.661286 0.661286 0.661286 0.661286
 0.553531 0.654963 0.654963 0.654963 0.654963
 0.630932 0.746548 0.746548 0.746548 0.746548
 0.194133 0.229707 0.229707 0.229707 0.229707
 0.257501 0.304687 0.304687 0.304687 0.304687
 0.564604 0.668066 0.668066 0.668066 0.668066
 0.0895095 0.105912 0.105912 0.105912 0.105912
 0.321286 0.380161 0.380161 0.380161 0.380161
 0.405252 0.479513 0.479513 0.479513 0.479513
 0.106196 0.125656 0.125656 0.125656 0.125656
 0.502016 0.594008 0.594008 0.594008 0.594008
 0.614267 0.726828 0.726828 0.726828 0.726828
 2.70846 3.20477 3.20477 3.20477 3.20477
 0.793299 0.938668 0.938668 0.938668 0.938668
 0.949654 1.12367 1.12367 1.12367 1.12367
 1.02375 1.21134 1.21134 1.21134 1.21134
 0.928172 1.09826 1.09826 1.09826 1.09826
 1.01257 1.19812 1.19812 1.19812 1.19812
 0.775372 0.917455 0.917455 0.917455 0.917455
 0.623734 0.73803 0.73803 0.73803 0.73803
 0.908187 1.07461 1.07461 1.07461 1.07461
 0.823557 0.974471 0.974471 0.974471 0.974471
 0.749679 0.887055 0.887055 0.887055 0.887055
 0.724391 0.857132 0.857132 0.857132 0.857132
 0.655095 0.775139 0.775139 0.775139 0.775139
 0.564978 0.668508 0.668508 0.668508 0.668508
 0.554409 0.656002 0.656002 0.656002 0.656002
 0.778756 0.92146 0.92146 0.92146 0.92146
YTP_r0W_actual
 80045.7 196750 52129.5 3982.54 2766.94
YTP_p0W_proyectada
 372039 50832.5 33818.8 11014.5 812.411
 372039 151831 9441.95 5925.75 1894.13
CTP_r0_actual
 15393.4 9597.57 2402.28 137.329 82.8425
CTP_p0_proyectada
 49342 2913.04 1405.02 351.678 23.0471
 49342 8700.93 392.27 189.2 53.7341
Wmedp
 7.54 17.45 24.07 31.32 35.25
Frms_r0
 0.849359 1.005 1.005 1.005 1.005
Zrms_r0
 1.84936 2.005 2.005 2.005 2.005
nmprior
 7.29 8.9 8.7 0
nm_flota  nm_reclas  nm_pelaces    nm_pelaL
inf 9.80601 10.0253 12.6243
cv_recla  cv_pelaces  cv_mph
0.696238 0.538369 0.447421
 ------------------------------------------------
Talla a la edad & desviaci?n 
 8 13.2811 15.8009 17.003 17.5766
 0.8 1.32811 1.58009 1.7003 1.75766
