years
 1991 1992 1993 1994 1995 1996 1997 1998 1999 2000 2001 2002 2003 2004 2005 2006 2007 2008 2009 2010 2011 2012 2013 2014 2015 2016 2017 2018 2019
reclasobs
 0 0 0 0 0 0 0 0 0 252601 567819 844713 477998 351125 339783 2.1784e+06 2.13404e+06 4.81314e+06 1.55562e+06 2.62356e+06 3.21686e+06 3.843e+06 1.13348e+06 3.07943e+06 1.97215e+06 2.03268e+06 2.025e+06 2.42433e+06 2.27542e+06
reclaspred
 4.3138e+06 2.40075e+06 1.16743e+06 1.07427e+06 1.25382e+06 2.19952e+06 1.70793e+06 1.47267e+06 1.0887e+06 794742 713926 929649 730608 128309 448046 1.20266e+06 1.38014e+06 1.36604e+06 2.23627e+06 2.36847e+06 4.18256e+06 2.71418e+06 1.80591e+06 1.84331e+06 1.47372e+06 1.45938e+06 2.72933e+06 2.87564e+06 2.83333e+06
pelacesobs
 0 0 0 0 0 0 0 0 0 0 0 0 0 0 0 552880 188675 0 991730 2.46772e+06 1.41603e+06 1.21717e+06 2.29649e+06 1.80582e+06 0 1.4828e+06 1.56532e+06 1.57751e+06 1.42118e+06
pelacespred
 755852 440268 210857 158875 208588 374063 269024 284938 211947 141239 142858 140904 113626 10607.2 77280.7 178993 200750 201541 384690 385196 648311 473545 304813 332767 252622 247320 583489 583687 492313
mphobs
 0 0 0 0 0 0 0 0 0 0 0 0 498337 0 5186 125008 0 168611 109162 213762 579715 649985 157893 87575 83554 210694 70296 0 107559
mphpred
 1.58564e+06 1.06297e+06 500918 279558 339267 445219 717314 427796 402366 290663 184262 268113 263729 106598 9528.98 159115 474482 328436 320879 711406 860270 968170 581606 384006 493143 381985 384263 946394 960997
desembarqueobs
 494567 514787 250237 358949 120608 361735 552515 73892 212993 205616 52469 317467 293654 387597 252695 516296 358380 742168 942051 627588 828172 859565 418607 520667 417249 300574 415391 372974 316634
desembarquepred
 494568 514063 250587 358967 120612 361729 552495 73895.4 213027 205661 52473 317527 293801 387929 252644 516158 358518 742049 941397 627326 828267 859735 418685 520829 417248 300530 415363 373002 316600
Reclutas
 159895 92177.4 88149.5 143698 117856 240331 96751.8 42917.1 44635.5 52555.5 81912.9 117364 72741.8 34149.3 87411.3 310140 51839.6 228994 537547 280890 347187 302136 65064.4 156027 164052 81325 324809 180280 107319
log_desv_Rt
 0.252802 -0.297998 -0.342679 0.146002 -0.0522528 0.660304 -0.249564 -1.06244 -1.02318 -0.859843 -0.416056 -0.056436 -0.534797 -1.29097 -0.351089 0.915311 -0.87356 0.611984 1.4653 0.816249 1.02815 0.889164 -0.646336 0.228313 0.278467 -0.42326 0.961523 0.372799 -0.145906
SSB
 1.58564e+06 1.06297e+06 500918 279558 339267 445219 717314 427796 402366 290663 184262 268113 250012 101978 9182.75 153780 474482 328436 331984 733290 909454 1.0855e+06 685522 433697 516713 427836 399154 946394 997664
BT
 2.32158e+06 1.61217e+06 774114 808413 705653 1.60671e+06 1.18959e+06 909890 824747 607742 507905 713229 616104 422366 598002 1.13244e+06 820536 1.38743e+06 2.42476e+06 1.69282e+06 2.83718e+06 2.1652e+06 1.20252e+06 1.67659e+06 1.12216e+06 1.02466e+06 2.73006e+06 2.11324e+06 1.54016e+06
Ftot
 0.253657 0.470135 0.463412 0.631565 0.198998 0.312426 0.676703 0.107846 0.399783 0.529309 0.142197 0.655082 0.780398 3.43158 0.850539 0.705331 0.549633 0.947972 0.701176 0.514919 0.389969 0.634077 0.494434 0.521106 0.556281 0.416984 0.267312 0.259854 0.248199
BD_Bspro_t
 0.960227 0.733111 0.501782 0.399925 0.416991 0.534031 0.579678 0.407778 0.476626 0.447064 0.408001 0.590609 0.435784 0.196421 0.0250501 0.28855 0.425841 0.319065 0.289932 0.416072 0.407799 0.444606 0.372889 0.317157 0.38988 0.394823 0.431065 0.654506 0.653418
BD_Bspro
 1.79669 1.20446 0.567593 0.316769 0.384425 0.50448 0.812792 0.484738 0.455923 0.329352 0.208789 0.303801 0.28329 0.115551 0.010405 0.174249 0.537638 0.372152 0.376173 0.830895 1.03051 1.22998 0.776769 0.491425 0.58549 0.484783 0.452284 1.07237 1.13046
BD_Bo
 1.50086 1.00614 0.474137 0.264612 0.321128 0.421415 0.678963 0.404924 0.380854 0.275123 0.174411 0.253779 0.236645 0.0965254 0.0086918 0.145558 0.449114 0.310876 0.314235 0.694085 0.86083 1.02746 0.648871 0.41051 0.489087 0.404962 0.377813 0.895796 0.944324
BD_Brms
 8.83904 5.92546 2.79234 1.55838 1.89122 2.48185 3.99862 2.38473 2.24297 1.62029 1.02716 1.49458 1.39368 0.568468 0.0511887 0.857238 2.64497 1.83085 1.85063 4.08768 5.0697 6.05104 3.8214 2.41762 2.88038 2.38495 2.22506 5.27562 5.56142
Sel_flota
 0.760872 1 1 1 1
 0.760872 1 1 1 1
 0.760872 1 1 1 1
 0.760872 1 1 1 1
 0.760872 1 1 1 1
 0.760872 1 1 1 1
 0.760872 1 1 1 1
 0.760872 1 1 1 1
 0.760872 1 1 1 1
 0.760872 1 1 1 1
 0.760872 1 1 1 1
 0.760872 1 1 1 1
 0.760872 1 1 1 1
 0.760872 1 1 1 1
 0.760872 1 1 1 1
 0.760872 1 1 1 1
 0.760872 1 1 1 1
 0.760872 1 1 1 1
 0.760872 1 1 1 1
 0.760872 1 1 1 1
 0.760872 1 1 1 1
 0.760872 1 1 1 1
 0.760872 1 1 1 1
 0.760872 1 1 1 1
 0.760872 1 1 1 1
 0.760872 1 1 1 1
 0.760872 1 1 1 1
 0.760872 1 1 1 1
 0.760872 1 1 1 1
Sel_reclas
 0.5 1 1 1 1
 0.5 1 1 1 1
 0.5 1 1 1 1
 0.5 1 1 1 1
 0.5 1 1 1 1
 0.5 1 1 1 1
 0.5 1 1 1 1
 0.5 1 1 1 1
 0.5 1 1 1 1
 0.5 1 1 1 1
 0.5 1 1 1 1
 0.5 1 1 1 1
 0.5 1 1 1 1
 0.5 1 1 1 1
 0.5 1 1 1 1
 0.5 1 1 1 1
 0.5 1 1 1 1
 0.5 1 1 1 1
 0.5 1 1 1 1
 0.5 1 1 1 1
 0.5 1 1 1 1
 0.5 1 1 1 1
 0.5 1 1 1 1
 0.5 1 1 1 1
 0.5 1 1 1 1
 0.5 1 1 1 1
 0.5 1 1 1 1
 0.5 1 1 1 1
 0.5 1 1 1 1
Sel_pelaces
 0.5 1 1 1 1
 0.5 1 1 1 1
 0.5 1 1 1 1
 0.5 1 1 1 1
 0.5 1 1 1 1
 0.5 1 1 1 1
 0.5 1 1 1 1
 0.5 1 1 1 1
 0.5 1 1 1 1
 0.5 1 1 1 1
 0.5 1 1 1 1
 0.5 1 1 1 1
 0.5 1 1 1 1
 0.5 1 1 1 1
 0.5 1 1 1 1
 0.5 1 1 1 1
 0.5 1 1 1 1
 0.5 1 1 1 1
 0.5 1 1 1 1
 0.5 1 1 1 1
 0.5 1 1 1 1
 0.5 1 1 1 1
 0.5 1 1 1 1
 0.5 1 1 1 1
 0.5 1 1 1 1
 0.5 1 1 1 1
 0.5 1 1 1 1
 0.5 1 1 1 1
 0.5 1 1 1 1
pf_obs 
 0.8446 0.082 0.0669 0.0065 0
 0.8095 0.147 0.0364 0.0071 0
 0.9664 0.0169 0.016 0.0007 0
 0.9276 0.0648 0.0075 0.0001 0
 0.7033 0.2144 0.0806 0.0017 0
 0.9318 0.0425 0.0243 0.0014 0
 0.5671 0.3108 0.0964 0.0239 0.0018
 0.0768 0.2599 0.5324 0.112 0.0189
 0.490249 0.384438 0.106611 0.0170017 0.00170017
 0.7925 0.1577 0.0466 0.003 0.0002
 0.840416 0.127587 0.0312969 0.00059994 9.999e-05
 0.8084 0.0986 0.0794 0.0134 0.0002
 0.7335 0.1905 0.0724 0.0035 0.0001
 0.4001 0.4547 0.1325 0.0127 0
 0.49795 0.308269 0.164784 0.0264974 0.00249975
 0.9179 0.0499 0.0305 0.0017 0
 0.2467 0.6533 0.0926 0.0074 0
 0.9418 0.0223 0.034 0.0019 0
 0.707729 0.231977 0.0356964 0.0245975 0
 0.517169 0.277429 0.184464 0.0207286 0.00020938
 0.811772 0.124168 0.05621 0.00726502 0.000585176
 0.764997 0.148141 0.077277 0.00933861 0.000247198
 0.163321 0.427699 0.378323 0.0303852 0.000271297
 0.753843 0.0900009 0.118128 0.0371064 0.000921714
 0.721811 0.176058 0.0630433 0.0369309 0.00215725
 0.143369 0.312575 0.442814 0.0836902 0.0175525
 0.692698 0.0596174 0.167031 0.0765114 0.00414204
 0.394062 0.376323 0.152708 0.0712218 0.00568511
 0.125707 0.32114 0.495352 0.0537591 0.00404204
pf_pred 
 0.538611 0.143172 0.296596 0.0216196 8.67485e-07
 0.481167 0.318594 0.0621357 0.12872 0.00938311
 0.625745 0.211958 0.0996599 0.0194368 0.0432003
 0.780808 0.153802 0.0370333 0.0174126 0.010944
 0.700697 0.250596 0.0341766 0.00822924 0.00630117
 0.793436 0.156973 0.041521 0.00566267 0.00240753
 0.485355 0.43271 0.0622644 0.0164696 0.00320111
 0.472985 0.304832 0.18681 0.0268809 0.00849228
 0.569136 0.234803 0.113404 0.0694972 0.0131595
 0.691808 0.199682 0.0591341 0.0285602 0.0208167
 0.788257 0.161211 0.0327406 0.00969587 0.00809604
 0.74469 0.212703 0.0324393 0.00658816 0.00358014
 0.646286 0.286065 0.0563598 0.00859543 0.00269429
 0.607996 0.286147 0.0856114 0.016867 0.0033787
 0.984002 0.012687 0.00241666 0.000723032 0.000170985
 0.93655 0.0627684 0.000540744 0.000103002 3.81046e-05
 0.372671 0.599537 0.0274933 0.000236852 6.18066e-05
 0.873395 0.0580579 0.0655106 0.00300415 3.2634e-05
 0.90657 0.0853012 0.00372757 0.00420606 0.000194975
 0.643395 0.333101 0.0214595 0.00093776 0.00110719
 0.738264 0.188183 0.0687056 0.00442627 0.000421793
 0.671348 0.261902 0.0479917 0.0175218 0.00123639
 0.360619 0.477575 0.128942 0.0236278 0.00923524
 0.77072 0.101707 0.0952888 0.0257274 0.00655704
 0.737624 0.216913 0.0201668 0.0188942 0.00640146
 0.565755 0.347611 0.0716228 0.00665889 0.00835238
 0.882505 0.0758272 0.0333552 0.0068726 0.00144041
 0.567882 0.393734 0.0247716 0.0108967 0.00271574
 0.496562 0.323175 0.16425 0.0103337 0.00567855
pobs_RECLAS
 0 0 0 0 0
 0 0 0 0 0
 0 0 0 0 0
 0 0 0 0 0
 0 0 0 0 0
 0 0 0 0 0
 0 0 0 0 0
 0 0 0 0 0
 0 0 0 0 0
 0 0 0 0 0
 0.991045 0.00858322 0.000360255 1.14367e-05 0
 0.934742 0.0480273 0.0164251 0.00080598 0
 0.827803 0.169806 0.00239088 0 0
 0.941827 0.0461693 0.0120037 0 0
 0.791401 0.0380133 0.147996 0.0225897 0
 0.846168 0.0940531 0.0597789 0 0
 0.134021 0.677848 0.182769 0.00536245 0
 0.80878 0.0450904 0.141981 0.00414843 0
 0.846168 0.0940531 0.0597789 0 0
 0.905697 0.0802665 0.012482 0.00150086 5.37128e-05
 0.989698 0.0102097 9.19794e-05 0 0
 0.975433 0.0193895 0.00387452 0.00125025 5.28907e-05
 0.303575 0.632131 0.0575291 0.00676475 0
 0.966965 0.00978017 0.0227588 0.000495775 0
 0.843318 0.132988 0.00938335 0.0141283 0.000182051
 0.564624 0.303363 0.111486 0.0197234 0.00080311
 0.826376 0.0876187 0.0782897 0.00655872 0.00115652
 0.89761 0.0855135 0.0140674 0.00269457 0.000114338
 0.34875 0.467042 0.161289 0.0227151 0.000203297
ppred_RECLAS
 0.435593 0.17514 0.36282 0.0264468 1.06118e-06
 0.381686 0.379681 0.0740497 0.153401 0.0111822
 0.52666 0.268074 0.126045 0.0245827 0.0546377
 0.704613 0.207266 0.0499069 0.0234656 0.0147483
 0.607143 0.328926 0.0448592 0.0108015 0.00827074
 0.717813 0.214441 0.0567219 0.00773579 0.00328893
 0.387508 0.514979 0.0741024 0.0196009 0.00380972
 0.371516 0.363522 0.222778 0.0320563 0.0101273
 0.467278 0.290312 0.140213 0.0859266 0.0162705
 0.599567 0.259445 0.0768326 0.0371081 0.027047
 0.71048 0.220426 0.0447668 0.0132573 0.0110699
 0.661594 0.281931 0.0429972 0.0087324 0.00474536
 0.551804 0.362476 0.0714143 0.0108914 0.00341397
 0.559711 0.321393 0.0961566 0.0189445 0.00379488
 0.976513 0.0186262 0.00354797 0.0010615 0.000251028
 0.908373 0.0906421 0.000780874 0.000148743 5.50259e-05
 0.283951 0.684327 0.0313815 0.000270349 7.05476e-05
 0.82409 0.0806678 0.0910228 0.00417408 4.53429e-05
 0.866952 0.121473 0.00530824 0.00598964 0.000277654
 0.54604 0.424038 0.0273181 0.00119377 0.00140945
 0.651864 0.250302 0.0913854 0.00588738 0.000561027
 0.577707 0.336524 0.0616658 0.0225142 0.00158867
 0.273119 0.542933 0.146588 0.0268613 0.0104991
 0.691504 0.136847 0.128211 0.0346162 0.00882248
 0.652429 0.287347 0.0267151 0.0250292 0.00848006
 0.463991 0.429072 0.0884073 0.00821937 0.0103097
 0.832427 0.108145 0.0475715 0.00980176 0.00205433
 0.464949 0.487524 0.0306724 0.0134923 0.00336264
 0.394669 0.388584 0.197493 0.0124252 0.00682785
pobs_PELACES
 0 0 0 0 0
 0 0 0 0 0
 0 0 0 0 0
 0 0 0 0 0
 0 0 0 0 0
 0 0 0 0 0
 0 0 0 0 0
 0 0 0 0 0
 0 0 0 0 0
 0 0 0 0 0
 0 0 0 0 0
 0 0 0 0 0
 0 0 0 0 0
 0 0 0 0 0
 0 0 0 0 0
 0 0 0 0 0
 0.505614 0.472636 0.0217494 0 0
 0 0 0 0 0
 0.443492 0.261883 0.143347 0.151278 0
 0.227955 0.32914 0.350689 0.0885471 0.00366901
 0.970185 0.0296113 0.000203453 0 0
 0.997202 0.00247181 0.000326279 0 0
 0.445219 0.490057 0.0546422 0.010081 0
 0.90214 0.0892962 0.00764917 0.000914606 0
 0 0 0 0 0
 0.581667 0.319106 0.0959925 0.00289975 0.000334073
 0.762889 0.0836404 0.116647 0.0363945 0.000428098
 0.88444 0.0763242 0.0277011 0.0115352 0
 0.521256 0.241999 0.230069 0.00667565 0
ppred_PELACES
 0.44052 0.173611 0.359652 0.0262159 1.05191e-06
 0.390479 0.374282 0.0729966 0.15122 0.0110232
 0.535766 0.262917 0.12362 0.0241098 0.0535866
 0.714879 0.200063 0.0481724 0.0226501 0.0142357
 0.610882 0.325795 0.0444323 0.0106987 0.00819202
 0.72278 0.210666 0.0557235 0.00759963 0.00323104
 0.400256 0.504261 0.0725601 0.0191929 0.00373042
 0.373506 0.362372 0.222072 0.0319549 0.0100953
 0.475139 0.286028 0.138144 0.0846587 0.0160304
 0.609552 0.252976 0.0749167 0.0361828 0.0263726
 0.712782 0.218673 0.0444108 0.0131519 0.0109818
 0.673069 0.272371 0.0415392 0.00843629 0.00458444
 0.566981 0.350202 0.068996 0.0105226 0.00329836
 0.624989 0.273742 0.0819001 0.0161358 0.00323223
 0.978004 0.0174437 0.00332272 0.000994112 0.000235091
 0.912902 0.0861623 0.000742281 0.000141392 5.23063e-05
 0.292852 0.67582 0.0309915 0.000266989 6.96706e-05
 0.834673 0.0758147 0.0855468 0.00392297 4.2615e-05
 0.873205 0.115763 0.00505873 0.0057081 0.000264603
 0.556093 0.414649 0.0267132 0.00116734 0.00137824
 0.658815 0.245305 0.0895609 0.00576984 0.000549826
 0.589864 0.326836 0.0598905 0.0218661 0.00154293
 0.280933 0.537096 0.145013 0.0265726 0.0103862
 0.700206 0.132986 0.124594 0.0336397 0.00857361
 0.662316 0.279173 0.0259552 0.0243173 0.00823885
 0.472184 0.422514 0.087056 0.00809375 0.0101522
 0.835349 0.10626 0.046742 0.00963085 0.00201851
 0.470054 0.482873 0.0303798 0.0133636 0.00333056
 0.399358 0.385574 0.195964 0.012329 0.00677497
pobs_pel_tallas
 0 0 0 0 0 0 0 0 0 0 0 0 0 0 0 0 0 0 0 0 0 0 0 0 0 0
 0 0 0 0 0 0 0 0 0 0 0 0 0 0 0 0 0 0 0 0 0 0 0 0 0 0
 0 0 0 0 0 0 0 0 0 0 0 0 0 0 0 0 0 0 0 0 0 0 0 0 0 0
 0 0 0 0 0 0 0 0 0 0 0 0 0 0 0 0 0 0 0 0 0 0 0 0 0 0
 0 0 0 0 0 0 0 0 0 0 0 0 0 0 0 0 0 0 0 0 0 0 0 0 0 0
 0 0 0 0 0 0 0 0 0 0 0 0 0 0 0 0 0 0 0 0 0 0 0 0 0 0
 0 0 0 0 0 0 0 0 0 0 0 0 0 0 0 0 0 0 0 0 0 0 0 0 0 0
 0 0 0 0 0 0 0 0 0 0 0 0 0 0 0 0 0 0 0 0 0 0 0 0 0 0
 0 0 0 0 0 0 0 0 0 0 0 0 0 0 0 0 0 0 0 0 0 0 0 0 0 0
 0 0 0 0 0 0 0 0 0 0 0 0 0 0 0 0 0 0 0 0 0 0 0 0 0 0
 0 0 0 0 0 0 0 0 0 0 0 0 0 0 0 0 0 0 0 0 0 0 0 0 0 0
 0 0 0 0 0 0 0 0 0 0 0 0 0 0 0 0 0 0 0 0 0 0 0 0 0 0
 0.00862536 0 0 0.000197151 0.00414017 0.0128641 0.00837892 0.0270097 0.101434 0.158115 0.152841 0.127902 0.109271 0.109419 0.0830992 0.0579132 0.0238553 0.00714673 0.00463305 0.00128148 0.00103504 0.000492878 0.000147863 0.000147863 4.92878e-05 0
 0 0 0 0 0 0 0 0 0 0 0 0 0 0 0 0 0 0 0 0 0 0 0 0 0 0
 0 0 0 0 0 0 0 0.0054083 0.00873648 0.0413646 0.0450493 0.0745869 0.0622846 0.0627006 0.0613931 0.0827291 0.12552 0.122667 0.0946155 0.0697135 0.0546179 0.0294188 0.0215738 0.0213955 0.0102223 0.00600262
 0 0 0 0 0.00359764 0.0251062 0.0480494 0.140153 0.205849 0.193036 0.1447 0.116669 0.0760912 0.0342217 0.00950174 0.001854 0.000860785 0 0 0 0.000165536 0 0.000143464 0 0 0
 0 0 0 0 0 0 0 0.000145254 0.000435761 0.0275982 0.070085 0.0708112 0.156366 0.174668 0.174014 0.160142 0.0824315 0.0480064 0.0283245 0.00493863 0.00203355 0 0 0 0 0
 0 0 0 0 0 0 0 0 0 0 0 0 0 0 0 0 0 0 0 0 0 0 0 0 0 0
 0 0 1.00437e-05 0.000401748 0.00122533 0.00171747 0.00176769 0.0269171 0.070346 0.194647 0.189555 0.159765 0.064822 0.0314167 0.0384472 0.0292271 0.0345202 0.0313363 0.0194345 0.0106764 0.0143323 0.0359363 0.0279516 0.0138201 0.00172751 0
 0 0.0021121 0.0136068 0.0755702 0.200478 0.177729 0.0527432 0.0373336 0.0318909 0.0142505 0.0149659 0.0166563 0.0217959 0.0798694 0.0677717 0.0528807 0.04013 0.0224614 0.0357745 0.0225083 0.00881397 0.00855152 0.00135912 0.000746735 0 0
 0 0 0 0 5.4009e-05 0.00500934 0.000945158 0.0243581 0.138947 0.33067 0.221406 0.137944 0.0707744 0.0437923 0.0131692 0.00525238 0.0047753 0.00276346 9.45158e-05 9.00151e-06 2.25038e-05 9.00151e-06 4.50075e-06 0 0 0
 0.000866109 0.00284123 0.00948549 0.0512746 0.133035 0.25785 0.225252 0.132002 0.0553304 0.0519788 0.0540692 0.017754 0.00435017 0.00159236 0.00146478 0.000404838 0.000125132 0.000115318 0.000107957 0.000100596 0 0 0 0 0 0
 0 0 0 0 0.00144013 0.00171154 0.00461396 0.0210425 0.0478622 0.0707936 0.0888783 0.103762 0.0637923 0.0337046 0.0602308 0.124433 0.169614 0.0934646 0.0462172 0.0250306 0.0313229 0.00938855 0.002487 0.000210481 0 0
 0 0.00764035 0.051015 0.0998891 0.058973 0.0496711 0.0374665 0.0718981 0.12319 0.153886 0.159021 0.0857701 0.0377988 0.023471 0.0147837 0.00900784 0.00315554 0.000888139 0.00291439 0.00214683 0.00393193 0.00274676 0.000635225 9.99891e-05 0 0
 0 0 0 0 0 0 0 0 0 0 0 0 0 0 0 0 0 0 0 0 0 0 0 0 0 0
 0 0 0 0 0 0 0 0 0 0 0 0 0 0 0 0 0 0 0 0 0 0 0 0 0 0
 0 0 0 0 0 0 0 0 0 0 0 0 0 0 0 0 0 0 0 0 0 0 0 0 0 0
 0 0 0 0 0 0 0 0 0 0 0 0 0 0 0 0 0 0 0 0 0 0 0 0 0 0
 0 0 0 0 0 0 0 0 0 0 0 0 0 0 0 0 0 0 0 0 0 0 0 0 0 0
ppred_pel_tallas
 1.13053e-16 3.62851e-05 0.000352704 0.00234384 0.0106548 0.0331511 0.0706325 0.103094 0.103111 0.070717 0.0334365 0.011486 0.00445545 0.00504544 0.00919161 0.0157704 0.0241832 0.0334621 0.0425286 0.0507035 0.057785 0.0635555 0.067249 0.0676314 0.0637422 0.055681
 1.19233e-16 3.21633e-05 0.000312639 0.0020776 0.00944447 0.0293854 0.0626101 0.0913889 0.091425 0.0627868 0.0299791 0.0111602 0.00638914 0.00974128 0.01799 0.0298323 0.0433281 0.0552961 0.0625773 0.0638816 0.0606079 0.055847 0.0523406 0.0509778 0.0507517 0.0498366
 1.15121e-16 4.41304e-05 0.000428964 0.00285061 0.0129585 0.0403188 0.0859045 0.125385 0.125411 0.0860291 0.0407377 0.0141703 0.00589991 0.00711048 0.0128073 0.0212989 0.0311427 0.0401574 0.046153 0.048159 0.0469675 0.0444644 0.042306 0.0410057 0.0399884 0.0383003
 1.06122e-16 5.88837e-05 0.00057237 0.0038036 0.0172906 0.0537977 0.114622 0.167299 0.167318 0.114717 0.0541149 0.0182073 0.00610653 0.00560644 0.00963975 0.0158976 0.0230263 0.0292407 0.0327687 0.0328173 0.030038 0.0260483 0.0224016 0.0198146 0.0181098 0.0166829
 1.03825e-16 5.03176e-05 0.000489105 0.00325028 0.0147753 0.0459716 0.0979486 0.142965 0.142997 0.098102 0.0464868 0.0162632 0.00698514 0.00864219 0.0155341 0.0256006 0.0368725 0.0463673 0.0510783 0.0496221 0.0430593 0.0341658 0.0257632 0.0194082 0.0151955 0.0124064
 1.02971e-16 5.95345e-05 0.000578696 0.00384564 0.0174817 0.0543923 0.115889 0.169148 0.169168 0.115989 0.0547263 0.0184469 0.00627025 0.00587806 0.0101427 0.0167225 0.0241968 0.0306629 0.0342124 0.0339494 0.0304923 0.0254965 0.0206066 0.0166741 0.0136973 0.0112727
 1.04779e-16 3.29687e-05 0.000320467 0.00212962 0.00968097 0.0301213 0.0641785 0.0936806 0.0937292 0.064416 0.0309188 0.0119843 0.0079115 0.0129428 0.0240063 0.0396384 0.057105 0.0718265 0.0791473 0.0769118 0.0667349 0.0528777 0.0396761 0.0295302 0.0226147 0.0178838
 1.11415e-16 3.07653e-05 0.000299049 0.00198729 0.00903395 0.0281082 0.0598887 0.0874167 0.0874519 0.0600608 0.0286869 0.0107089 0.00620489 0.0095496 0.0177268 0.02959 0.0433985 0.0561943 0.064927 0.0681154 0.0665688 0.0625092 0.0578842 0.0533025 0.0482572 0.0420985
 1.15263e-16 3.91366e-05 0.000380422 0.00252804 0.0114921 0.0357564 0.0761838 0.111198 0.111226 0.0763195 0.0362125 0.0128118 0.00584982 0.00766242 0.0139599 0.0232582 0.0340768 0.0440891 0.050956 0.0536497 0.0530137 0.0510078 0.0492621 0.0481217 0.0467841 0.0441607
 1.10319e-16 5.02081e-05 0.00048804 0.0032432 0.0147431 0.0458715 0.097735 0.142652 0.142677 0.0978545 0.0462731 0.0159041 0.00616136 0.00687139 0.0122122 0.020214 0.0293648 0.0374708 0.0423414 0.0430099 0.0403004 0.0362036 0.0325718 0.030162 0.028602 0.0270227
 1.04515e-16 5.8711e-05 0.000570692 0.00379245 0.0172399 0.0536399 0.114286 0.166809 0.16683 0.114389 0.0539863 0.0182405 0.00630533 0.00606055 0.0104975 0.017295 0.0249884 0.0315958 0.0351395 0.034717 0.0310293 0.0258767 0.0210413 0.0174329 0.014996 0.0131819
 1.02891e-16 5.54399e-05 0.000538896 0.00358115 0.0162794 0.0506514 0.107919 0.157517 0.157543 0.108047 0.0510822 0.0175238 0.00670496 0.00735898 0.0130103 0.0214269 0.0308747 0.0388544 0.0428533 0.0417088 0.036291 0.0288941 0.0218496 0.0164428 0.0127599 0.0102316
 1.03695e-16 4.67016e-05 0.000453956 0.0030167 0.0137135 0.0426679 0.0909098 0.132693 0.132726 0.0910749 0.0432223 0.0153152 0.00703853 0.0092383 0.0167433 0.027641 0.0398937 0.0503327 0.0557465 0.054635 0.0480732 0.0389279 0.0300946 0.0231448 0.0181673 0.0144833
 1.04599e-16 5.14796e-05 0.0005004 0.00332534 0.0151165 0.0470332 0.10021 0.146265 0.146292 0.10034 0.0474675 0.0163719 0.00647982 0.00739777 0.0131834 0.0217983 0.0315945 0.0401446 0.0449944 0.0449915 0.0409251 0.034897 0.0289658 0.0241508 0.0203839 0.0171198
 1.0024e-16 8.05569e-05 0.000783042 0.00520359 0.0236548 0.0735988 0.15681 0.228869 0.228871 0.156818 0.0736264 0.0237345 0.00540393 0.00122062 0.000912324 0.00138265 0.00198837 0.00250963 0.00278254 0.00273331 0.00241667 0.00197617 0.00155558 0.00123103 0.00100325 0.00083412
 1.00067e-16 7.51945e-05 0.000730918 0.0048572 0.0220802 0.0686996 0.146372 0.213636 0.213644 0.146413 0.0688354 0.0224723 0.00584067 0.00287479 0.00413782 0.00669811 0.0095863 0.0119385 0.012931 0.0121865 0.0100018 0.00716216 0.00449354 0.00249327 0.0012493 0.000590603
 1.01106e-16 2.41219e-05 0.000234474 0.00155816 0.00708323 0.0220389 0.0469586 0.0685511 0.0686161 0.0472763 0.0231053 0.010162 0.00928091 0.0170755 0.0319555 0.0526519 0.0755171 0.0942709 0.102522 0.0973125 0.0809073 0.0593401 0.0389245 0.0234201 0.0134591 0.0077539
 1.02889e-16 6.87509e-05 0.000668283 0.00444098 0.020188 0.0628125 0.133829 0.195329 0.195336 0.133865 0.0629349 0.0205428 0.00533693 0.00264243 0.0038714 0.00643008 0.00957758 0.01271 0.0152342 0.0168322 0.017572 0.0177178 0.0174262 0.0166177 0.0151176 0.0128978
 1.00793e-16 7.19248e-05 0.000699135 0.004646 0.02112 0.0657123 0.140007 0.204347 0.204358 0.140062 0.065895 0.0216475 0.0059693 0.00358527 0.00554552 0.00903403 0.0129607 0.0162028 0.0176721 0.0168741 0.0142075 0.0107078 0.00744373 0.00502865 0.00352723 0.00267447
 1.01228e-16 4.58047e-05 0.000445238 0.00295876 0.0134501 0.0418486 0.0891643 0.130146 0.130186 0.0893593 0.0425031 0.01534 0.00769996 0.0107864 0.0196591 0.0323584 0.0464446 0.0580563 0.0632859 0.0603237 0.0505467 0.0376204 0.0253652 0.0160331 0.00997558 0.00639695
 1.03319e-16 5.42658e-05 0.000527482 0.00350531 0.0159346 0.0495787 0.105634 0.15418 0.154204 0.105749 0.0499683 0.0170611 0.00633691 0.00672196 0.0118567 0.0196142 0.0284769 0.0362787 0.0408231 0.0410552 0.0376239 0.0323264 0.0269232 0.0222882 0.0183985 0.0148791
 1.04266e-16 4.85864e-05 0.000472277 0.00313845 0.014267 0.0443899 0.0945786 0.138047 0.138078 0.0947327 0.0449073 0.0157616 0.00689138 0.00866909 0.0156281 0.0257918 0.0372258 0.0469749 0.0520548 0.0510873 0.045102 0.0367951 0.028868 0.0227518 0.0184606 0.0152775
 1.08745e-16 2.31402e-05 0.000224931 0.00149475 0.00679493 0.0211418 0.0450468 0.065758 0.0658099 0.0453003 0.0219935 0.00925617 0.00767816 0.0137411 0.025745 0.0426611 0.0617704 0.0783416 0.0875384 0.0870974 0.0786055 0.0662726 0.0542542 0.0446572 0.0374016 0.0313916
 1.08455e-16 5.76751e-05 0.000560622 0.00372553 0.0169357 0.0526935 0.112269 0.163863 0.163876 0.112333 0.0529074 0.017556 0.005291 0.00400652 0.0066859 0.0111819 0.0166191 0.0219867 0.0262748 0.0290001 0.0304064 0.0311029 0.0314636 0.0313242 0.0301885 0.0276898
 1.04654e-16 5.45541e-05 0.000530286 0.00352393 0.0160193 0.0498422 0.106195 0.155 0.155027 0.106326 0.0502833 0.0172934 0.00672149 0.00750879 0.0133031 0.0218951 0.0315127 0.0395905 0.0435639 0.0422812 0.0367077 0.0292863 0.0224761 0.0175945 0.0146324 0.0128301
 1.05151e-16 3.88932e-05 0.000378056 0.00251232 0.0114207 0.0355341 0.0757107 0.110511 0.110551 0.0759099 0.0362031 0.0133535 0.00736588 0.0109799 0.0201925 0.0333696 0.0481791 0.0608192 0.0674239 0.0661879 0.058407 0.0475318 0.0370421 0.0288179 0.0229512 0.018609
 1.02684e-16 6.88066e-05 0.000668825 0.00444458 0.0202044 0.0628634 0.133938 0.195488 0.195498 0.133988 0.0630325 0.0206935 0.00567475 0.00336256 0.00520894 0.00856593 0.012481 0.0160053 0.0182125 0.0186652 0.017642 0.0158852 0.0140866 0.0125335 0.0111298 0.00965878
 1.02904e-16 3.87178e-05 0.000376351 0.00250099 0.0113691 0.0353739 0.0753695 0.110014 0.11006 0.0755966 0.0361362 0.0135703 0.00802322 0.0124219 0.0228876 0.0377037 0.0541401 0.0677283 0.0739424 0.0707044 0.0596436 0.0450364 0.0313057 0.0210068 0.0144492 0.0106013
 1.08137e-16 3.28947e-05 0.000319748 0.00212484 0.00965924 0.0300537 0.0640339 0.0934672 0.0935046 0.0642167 0.030668 0.0114363 0.00659589 0.0101146 0.0187359 0.0311841 0.0455258 0.0585079 0.0667787 0.0687041 0.0651946 0.0588086 0.0519403 0.0456046 0.0395574 0.0332307
pSPR Fmed_Fpbrs
0.549025   0.219799 0.219799
Fs Fmed_Fpbrs
0.34   1.005 1.005
SSBpbr Bo_Bmed_Bpbrs
1.05648e+06  527212  179390 179390
Ro
124178
SPR SPRFo_SPRFmed_SPRFpbrs
882530 484531 193979
Fref
1.005
Nvult_r0
 88941.6 47094.8 23935.4 1505.89 827.508
CTP_r0
 38540.5 23606.1 11997.5 754.821 414.786
YTP_r0
980427
Np
 192539 32970.9 4401.56 2103.49 1213.04
Nvult_p0
 159569 28531 3808.85 1820.23 1049.69
CTP_p0
 69144.9 14177.7 6775.46 3443.55 278.833
 69144.9 14301.1 1909.17 912.386 526.153
YTP_p0
 1.04952e+06 863983
CBA_c0
1.00115e+06
log_Ro
11.5495
likeval ReclasPelacesDesembMPH_pf_preclas_ppelaces_ptallas_desvR_qrecl_qpela
 0.000297385 113.091 0.0310372 107.07 212.337 121.664 101.526 0 20.0105 4.32845e-05 0 0.110313 0 0 0
q_reclas_q_pelaces
2.53558 1
M
1
N
 159895 33134.5 68641.3 5003.44 0.200763
 92177.4 48497.6 9458.54 19594.3 1428.33
 88149.5 23712.5 11149.3 2174.47 4832.98
 143698 22792.6 5488.15 2580.46 1621.84
 117856 32693.4 4458.76 1073.61 822.067
 240331 37264.8 9856.95 1344.3 571.539
 96751.8 69707 10030.4 2653.16 515.679
 42917.1 21269.3 13034.5 1875.58 592.539
 44635.5 14544.5 7024.6 4304.89 815.145
 52555.5 12113.8 3587.41 1732.62 1262.86
 81912.9 12924.6 2624.89 777.339 649.077
 117364 27044 4124.47 837.647 455.194
 72741.8 26228.4 5167.46 788.089 247.031
 34149.3 14777.9 4421.35 871.084 174.491
 87411.3 922.886 175.794 52.5952 12.4379
 310140 16835.2 145.034 27.6264 10.2201
 51839.6 66710.1 3059.16 26.3544 6.87718
 228994 12552.9 14164.3 649.539 7.05592
 537547 40952.5 1789.58 2019.3 93.6061
 280890 115991 7472.55 326.543 385.54
 347187 69837.7 25497.8 1642.66 156.534
 302136 94930.7 17395.4 6351.07 448.149
 65064.4 68609.2 18524.1 3394.4 1326.75
 156027 16431.1 15394.2 4156.35 1059.31
 164052 38610.8 3589.71 3363.18 1139.47
 81325 39524.6 8143.75 757.138 949.694
 324809 21784.1 9582.5 1974.4 413.811
 180280 97499.4 6134.14 2698.31 672.492
 107319 54423.5 27660.1 1740.23 956.281
pred_Ctot
 18021.5 4790.44 9923.87 723.376 0.0290254
 18038.2 11943.6 2329.38 4825.53 351.759
 17037.4 5771.03 2713.47 529.21 1176.23
 36028.9 7096.88 1708.83 803.472 504.989
 10597.8 3790.17 516.908 124.464 95.3028
 32770.1 6483.2 1714.88 233.877 99.4345
 25655.3 22872.5 3291.22 870.565 169.207
 2151.62 1386.69 849.805 122.282 38.6316
 7585.26 3129.38 1511.41 926.237 175.386
 11378.3 3284.21 972.593 469.736 342.377
 5356.88 1095.57 222.501 65.8917 55.0195
 30314.9 8658.73 1320.54 268.191 145.741
 21595.2 9558.64 1883.22 287.21 90.0278
 24024.9 11307.1 3382.93 666.497 133.509
 27728.7 357.514 68.1003 20.3747 4.81827
 85015.7 5697.83 49.0863 9.35008 3.45896
 11584.9 18637.3 854.66 7.36282 1.92132
 78796.8 5237.93 5910.3 271.032 2.94421
 146659 13799.5 603.022 680.43 31.5418
 59411 30758.4 1981.57 86.5925 102.237
 57721.7 14713.2 5371.8 346.071 32.9782
 75999.4 29648.4 5432.86 1983.54 139.964
 13294.5 17606.2 4753.56 871.057 340.464
 33336.8 4399.25 4121.64 1112.82 283.619
 37032.7 10890.2 1012.48 948.588 321.387
 14340.7 8811.22 1815.49 168.789 211.716
 38418.5 3301.03 1452.07 299.189 62.7063
 20776.1 14404.9 906.276 398.657 99.356
 11855.4 7715.77 3921.45 246.717 135.575
F
 0.193001 0.253657 0.253657 0.253657 0.253657
 0.357712 0.470135 0.470135 0.470135 0.470135
 0.352598 0.463412 0.463412 0.463412 0.463412
 0.480541 0.631565 0.631565 0.631565 0.631565
 0.151412 0.198998 0.198998 0.198998 0.198998
 0.237716 0.312426 0.312426 0.312426 0.312426
 0.514884 0.676703 0.676703 0.676703 0.676703
 0.0820572 0.107846 0.107846 0.107846 0.107846
 0.304184 0.399783 0.399783 0.399783 0.399783
 0.402736 0.529309 0.529309 0.529309 0.529309
 0.108193 0.142197 0.142197 0.142197 0.142197
 0.498434 0.655082 0.655082 0.655082 0.655082
 0.593783 0.780398 0.780398 0.780398 0.780398
 2.61099 3.43158 3.43158 3.43158 3.43158
 0.647151 0.850539 0.850539 0.850539 0.850539
 0.536667 0.705331 0.705331 0.705331 0.705331
 0.418201 0.549633 0.549633 0.549633 0.549633
 0.721285 0.947972 0.947972 0.947972 0.947972
 0.533505 0.701176 0.701176 0.701176 0.701176
 0.391787 0.514919 0.514919 0.514919 0.514919
 0.296717 0.389969 0.389969 0.389969 0.389969
 0.482452 0.634077 0.634077 0.634077 0.634077
 0.376201 0.494434 0.494434 0.494434 0.494434
 0.396495 0.521106 0.521106 0.521106 0.521106
 0.423258 0.556281 0.556281 0.556281 0.556281
 0.317271 0.416984 0.416984 0.416984 0.416984
 0.20339 0.267312 0.267312 0.267312 0.267312
 0.197716 0.259854 0.259854 0.259854 0.259854
 0.188848 0.248199 0.248199 0.248199 0.248199
YTP_r0W_actual
 200411 483926 260347 21889.8 13853.8
YTP_p0W_proyectada
 521352 247401 163085 107852 9828.86
 521352 249554 45953.8 28575.9 18546.9
CTP_r0_actual
 38540.5 23606.1 11997.5 754.821 414.786
CTP_p0_proyectada
 69144.9 14177.7 6775.46 3443.55 278.833
 69144.9 14301.1 1909.17 912.386 526.153
Wmedp
 7.54 17.45 24.07 31.32 35.25
Frms_r0
 0.764676 1.005 1.005 1.005 1.005
Zrms_r0
 1.76468 2.005 2.005 2.005 2.005
nmprior
 7.29 8.9 8.7 0
nm_flota  nm_reclas  nm_pelaces    nm_pelaL
inf 8.82488 5.62321 6.68318
cv_recla  cv_pelaces  cv_mph
0.545331 1.30244 0.896115
 ------------------------------------------------
Talla a la edad & desviaci?n 
 8 13.2811 15.8009 17.003 17.5766
 0.8 1.32811 1.58009 1.7003 1.75766
