years
 1991 1992 1993 1994 1995 1996 1997 1998 1999 2000 2001 2002 2003 2004 2005 2006 2007 2008 2009 2010 2011 2012 2013 2014 2015 2016 2017 2018 2019 2020
reclasobs
 0 0 0 0 0 0 0 0 0 252601 567819 844713 477998 351125 339783 2.1784e+06 2.13404e+06 4.81314e+06 1.55562e+06 2.62356e+06 3.21686e+06 3.843e+06 1.13348e+06 3.07943e+06 1.97215e+06 2.03268e+06 2.025e+06 2.42433e+06 2.27542e+06 1.05018e+06
reclaspred
 4.31419e+06 2.34114e+06 1.14669e+06 1.37835e+06 1.61877e+06 3.56107e+06 2.45857e+06 2.16464e+06 1.66369e+06 1.24082e+06 1.25107e+06 1.59027e+06 1.20854e+06 224248 748307 1.25615e+06 834400 1.86171e+06 2.14858e+06 1.95708e+06 3.31328e+06 2.25382e+06 1.2624e+06 1.67209e+06 1.40318e+06 1.16031e+06 1.78552e+06 1.9463e+06 1.38726e+06 706836
pelacesobs
 0 0 0 0 0 0 0 0 0 0 0 0 0 0 0 552880 188675 0 991730 2.46772e+06 1.41603e+06 1.21717e+06 2.29649e+06 1.80582e+06 0 1.4828e+06 1.56532e+06 1.57751e+06 1.42118e+06 867257
pelacespred
 4.15775e+06 2.323e+06 1.07324e+06 981055 1.44156e+06 3.0807e+06 2.27459e+06 2.41562e+06 1.81206e+06 1.25481e+06 1.30832e+06 1.32707e+06 1.06749e+06 101607 539434 773333 543518 1.23187e+06 1.51234e+06 1.32983e+06 2.4683e+06 1.68152e+06 1.00477e+06 1.31731e+06 1.05824e+06 947545 1.6162e+06 1.69346e+06 1.2135e+06 563444
mphobs
 0 0 0 0 0 0 0 0 0 0 0 0 498337 0 5186 125008 0 168611 109162 213762 579715 649985 157893 87575 83554 210694 70296 0 107559 103333
mphpred
 995286 674779 307518 175013 250710 359507 676658 400252 375913 276449 183677 274346 273192 111332 9478.55 111700 185011 103562 233233 255033 352214 380350 243887 136647 215341 197951 147018 259682 343483 174914
desembarqueobs
 494567 514787 250237 358949 120608 361735 552515 73892 212993 205616 52469 317467 293654 387597 252695 516296 358380 742168 942051 627588 828172 859565 418607 520667 417249 300574 415391 372974 316634 284311
desembarquepred
 494560 514325 250452 358944 120609 361714 552456 73894.3 213017 205647 52471.6 317496 293768 387873 252636 516161 358280 741715 941208 627130 828233 859430 418530 520716 417078 300546 415318 372902 316457 284148
Reclutas
 147884 94725.1 83329.6 138181 106845 246922 95648 40483.7 44573.7 55836.7 83543.9 119744 72001.9 33888.6 75176 201436 46861.6 266280 319119 237768 242106 299034 53446.9 119178 154375 46252.2 136828 124310 46214.2 42872.9
log_desv_Rt
 0.375741 -0.0697053 -0.197881 0.307878 0.0506904 0.888387 -0.06001 -0.919786 -0.823541 -0.598252 -0.195313 0.164672 -0.343992 -1.09761 -0.300852 0.684787 -0.773486 0.963865 1.14488 0.85061 0.868692 1.07987 -0.641995 0.159935 0.418697 -0.786575 0.298038 0.202092 -0.787397 -0.862443
SSB
 995286 674779 307518 175013 250710 359507 676658 400252 375913 276449 183677 274346 259284 106696 9114.44 106995 185011 103562 243830 265087 377740 440432 303331 159142 227808 228349 154671 259682 361554 167539
BT
 1.59391e+06 1.15816e+06 535542 660938 572789 1.53033e+06 1.1366e+06 854692 791660 603842 512620 726411 623416 424203 516148 755276 456161 1.2371e+06 1.52863e+06 1.00315e+06 1.68606e+06 1.36342e+06 689164 1.07393e+06 739804 581378 1.14685e+06 993279 613908 463698
Ftot
 0.368864 0.684084 0.677834 0.777284 0.238952 0.317584 0.698202 0.11202 0.405791 0.520257 0.133972 0.61439 0.741653 3.25296 0.958576 1.15184 1.22277 1.11877 1.22147 0.933207 0.749238 1.09518 0.982905 0.904904 0.87595 0.785662 0.691452 0.58118 0.709131 1.15382
BD_Bspro_t
 0.94269 0.635318 0.372677 0.277737 0.326846 0.461147 0.55472 0.384534 0.452048 0.429749 0.402743 0.592538 0.442142 0.203144 0.0247722 0.219277 0.229224 0.136242 0.222023 0.206369 0.223645 0.246645 0.202235 0.136862 0.209889 0.243454 0.213435 0.341873 0.399594 0.245062
BD_Bspro
 1.37665 0.933333 0.425349 0.242072 0.346774 0.497259 0.935932 0.553616 0.519951 0.382376 0.254056 0.379468 0.358634 0.147579 0.0126068 0.147992 0.255901 0.143243 0.337257 0.36666 0.522479 0.609191 0.419558 0.22012 0.315097 0.315845 0.213936 0.359185 0.50009 0.231735
BD_Bo
 1.63227 1.10664 0.504328 0.28702 0.411164 0.589591 1.10972 0.656412 0.616496 0.453376 0.301229 0.449928 0.425225 0.174982 0.0149477 0.175471 0.303417 0.169841 0.39988 0.434742 0.619493 0.722307 0.497462 0.260992 0.373604 0.374492 0.253659 0.425879 0.592948 0.274764
BD_Brms
 10.475 7.10176 3.23649 1.84193 2.63862 3.78366 7.12153 4.21247 3.95632 2.90951 1.93312 2.88738 2.72885 1.12293 0.0959255 1.12607 1.94716 1.08994 2.5662 2.78993 3.97555 4.63535 3.19243 1.6749 2.39758 2.40327 1.62784 2.73305 3.8052 1.76328
Sel_flota
 0.825235 1 1 1 1
 0.825235 1 1 1 1
 0.825235 1 1 1 1
 0.825235 1 1 1 1
 0.825235 1 1 1 1
 0.825235 1 1 1 1
 0.825235 1 1 1 1
 0.825235 1 1 1 1
 0.825235 1 1 1 1
 0.825235 1 1 1 1
 0.825235 1 1 1 1
 0.825235 1 1 1 1
 0.825235 1 1 1 1
 0.825235 1 1 1 1
 0.825235 1 1 1 1
 0.825235 1 1 1 1
 0.825235 1 1 1 1
 0.825235 1 1 1 1
 0.825235 1 1 1 1
 0.825235 1 1 1 1
 0.825235 1 1 1 1
 0.825235 1 1 1 1
 0.825235 1 1 1 1
 0.825235 1 1 1 1
 0.825235 1 1 1 1
 0.825235 1 1 1 1
 0.825235 1 1 1 1
 0.825235 1 1 1 1
 0.825235 1 1 1 1
 0.825235 1 1 1 1
Sel_reclas
 0.747396 1 1 1 1
 0.747396 1 1 1 1
 0.747396 1 1 1 1
 0.747396 1 1 1 1
 0.747396 1 1 1 1
 0.747396 1 1 1 1
 0.747396 1 1 1 1
 0.747396 1 1 1 1
 0.747396 1 1 1 1
 0.747396 1 1 1 1
 0.747396 1 1 1 1
 0.747396 1 1 1 1
 0.747396 1 1 1 1
 0.747396 1 1 1 1
 0.747396 1 1 1 1
 0.747396 1 1 1 1
 0.747396 1 1 1 1
 0.747396 1 1 1 1
 0.747396 1 1 1 1
 0.747396 1 1 1 1
 0.747396 1 1 1 1
 0.747396 1 1 1 1
 0.747396 1 1 1 1
 0.747396 1 1 1 1
 0.747396 1 1 1 1
 0.747396 1 1 1 1
 0.747396 1 1 1 1
 0.747396 1 1 1 1
 0.747396 1 1 1 1
 0.747396 1 1 1 1
Sel_pelaces
 0.5 1 1 1 1
 0.5 1 1 1 1
 0.5 1 1 1 1
 0.5 1 1 1 1
 0.5 1 1 1 1
 0.5 1 1 1 1
 0.5 1 1 1 1
 0.5 1 1 1 1
 0.5 1 1 1 1
 0.5 1 1 1 1
 0.5 1 1 1 1
 0.5 1 1 1 1
 0.5 1 1 1 1
 0.5 1 1 1 1
 0.5 1 1 1 1
 0.5 1 1 1 1
 0.5 1 1 1 1
 0.5 1 1 1 1
 0.5 1 1 1 1
 0.5 1 1 1 1
 0.5 1 1 1 1
 0.5 1 1 1 1
 0.5 1 1 1 1
 0.5 1 1 1 1
 0.5 1 1 1 1
 0.5 1 1 1 1
 0.5 1 1 1 1
 0.5 1 1 1 1
 0.5 1 1 1 1
 0.5 1 1 1 1
pf_obs 
 0.8446 0.082 0.0669 0.0065 0
 0.8095 0.147 0.0364 0.0071 0
 0.9664 0.0169 0.016 0.0007 0
 0.9276 0.0648 0.0075 0.0001 0
 0.7033 0.2144 0.0806 0.0017 0
 0.9318 0.0425 0.0243 0.0014 0
 0.5671 0.3108 0.0964 0.0239 0.0018
 0.0768 0.2599 0.5324 0.112 0.0189
 0.490249 0.384438 0.106611 0.0170017 0.00170017
 0.7925 0.1577 0.0466 0.003 0.0002
 0.840416 0.127587 0.0312969 0.00059994 9.999e-05
 0.8084 0.0986 0.0794 0.0134 0.0002
 0.7335 0.1905 0.0724 0.0035 0.0001
 0.4001 0.4547 0.1325 0.0127 0
 0.49795 0.308269 0.164784 0.0264974 0.00249975
 0.9179 0.0499 0.0305 0.0017 0
 0.2467 0.6533 0.0926 0.0074 0
 0.9418 0.0223 0.034 0.0019 0
 0.707729 0.231977 0.0356964 0.0245975 0
 0.517169 0.277429 0.184464 0.0207286 0.00020938
 0.811772 0.124168 0.05621 0.00726502 0.000585176
 0.764997 0.148141 0.077277 0.00933861 0.000247198
 0.163321 0.427699 0.378323 0.0303852 0.000271297
 0.753843 0.0900009 0.118128 0.0371064 0.000921714
 0.721811 0.176058 0.0630433 0.0369309 0.00215725
 0.143369 0.312575 0.442814 0.0836902 0.0175525
 0.692698 0.0596174 0.167031 0.0765114 0.00414204
 0.394062 0.376323 0.152708 0.0712218 0.00568511
 0.125707 0.32114 0.495352 0.0537591 0.00404204
 0.23352 0.215282 0.420074 0.123614 0.00750983
pf_pred 
 0.632761 0.147153 0.203081 0.0170044 8.26516e-07
 0.582326 0.285974 0.0527723 0.0728291 0.00609845
 0.70069 0.193231 0.0726302 0.0134028 0.0200456
 0.837458 0.122471 0.0258693 0.00972354 0.00447799
 0.744946 0.222383 0.0246168 0.00519976 0.00285452
 0.834982 0.129368 0.0310827 0.00344071 0.00112575
 0.505054 0.427522 0.0528583 0.0127 0.0018658
 0.493351 0.28971 0.187387 0.0231682 0.0063843
 0.602445 0.216327 0.103628 0.0670277 0.0105709
 0.727714 0.17896 0.0507827 0.0243267 0.0182162
 0.801174 0.153904 0.0295252 0.00837825 0.00701883
 0.756713 0.202405 0.0316451 0.00607085 0.00316588
 0.652974 0.278045 0.0573897 0.00897261 0.00261897
 0.612871 0.275733 0.0892523 0.0184221 0.0037209
 0.983005 0.0127112 0.00305127 0.00098767 0.000245035
 0.933412 0.0657464 0.000629438 0.000151094 6.10414e-05
 0.579721 0.399677 0.0203416 0.000194745 6.56334e-05
 0.960951 0.0257056 0.0126892 0.000645815 8.26662e-06
 0.875966 0.120482 0.0023386 0.00115441 5.95061e-05
 0.814991 0.167976 0.0165451 0.000321147 0.000166701
 0.81581 0.157616 0.0241271 0.00237645 7.00718e-05
 0.824173 0.15009 0.0220233 0.00337122 0.000341846
 0.476451 0.453185 0.0600648 0.00881351 0.00148594
 0.867988 0.0728903 0.0511757 0.00678278 0.00116306
 0.85331 0.131756 0.00824614 0.00578955 0.000898919
 0.563274 0.386971 0.0446897 0.00279698 0.00226864
 0.89323 0.0673081 0.0349662 0.0040381 0.000457722
 0.774416 0.20669 0.0119104 0.00618739 0.000795552
 0.535002 0.379388 0.0784393 0.00452002 0.00265004
 0.70637 0.176539 0.0955345 0.019752 0.0018055
pobs_RECLAS
 0 0 0 0 0
 0 0 0 0 0
 0 0 0 0 0
 0 0 0 0 0
 0 0 0 0 0
 0 0 0 0 0
 0 0 0 0 0
 0 0 0 0 0
 0 0 0 0 0
 0 0 0 0 0
 0.991045 0.00858322 0.000360255 1.14367e-05 0
 0.934742 0.0480273 0.0164251 0.00080598 0
 0.827803 0.169806 0.00239088 0 0
 0.941827 0.0461693 0.0120037 0 0
 0.791401 0.0380133 0.147996 0.0225897 0
 0.846168 0.0940531 0.0597789 0 0
 0.134021 0.677848 0.182769 0.00536245 0
 0.80878 0.0450904 0.141981 0.00414843 0
 0.846168 0.0940531 0.0597789 0 0
 0.905697 0.0802665 0.012482 0.00150086 5.37128e-05
 0.989698 0.0102097 9.19794e-05 0 0
 0.975433 0.0193895 0.00387452 0.00125025 5.28907e-05
 0.303575 0.632131 0.0575291 0.00676475 0
 0.966965 0.00978017 0.0227588 0.000495775 0
 0.843318 0.132988 0.00938335 0.0141283 0.000182051
 0.564624 0.303363 0.111486 0.0197234 0.00080311
 0.826376 0.0876187 0.0782897 0.00655872 0.00115652
 0.89761 0.0855135 0.0140674 0.00269457 0.000114338
 0.34875 0.467042 0.161289 0.0227151 0.000203297
 0.318654 0.224769 0.449479 0.00709798 0
ppred_RECLAS
 0.611111 0.155828 0.215053 0.0180069 8.75243e-07
 0.561874 0.299977 0.0553564 0.0763954 0.00639708
 0.682836 0.204758 0.0769627 0.0142023 0.0212414
 0.826186 0.130965 0.0276634 0.0103979 0.00478855
 0.726493 0.238472 0.0263978 0.00557596 0.00306105
 0.821727 0.13976 0.0335794 0.00371709 0.00121618
 0.484278 0.445468 0.055077 0.0132331 0.00194411
 0.469063 0.303598 0.19637 0.0242789 0.00669036
 0.580408 0.228319 0.109373 0.0707433 0.0111568
 0.709874 0.190685 0.05411 0.0259206 0.0194097
 0.785282 0.166205 0.0318851 0.00904789 0.00757982
 0.740602 0.215809 0.0337407 0.00647288 0.00337553
 0.634224 0.293068 0.0604905 0.00945741 0.00276048
 0.62532 0.266866 0.0863822 0.0178297 0.00360125
 0.981718 0.013674 0.00328237 0.00106247 0.000263593
 0.929134 0.0699705 0.000669878 0.000160801 6.49631e-05
 0.564068 0.414563 0.0210992 0.000201998 6.80778e-05
 0.95831 0.027444 0.0135473 0.00068949 8.82567e-06
 0.868844 0.1274 0.00247288 0.0012207 6.29227e-05
 0.803377 0.178521 0.0175837 0.000341308 0.000177166
 0.803245 0.168368 0.025773 0.00253856 7.4852e-05
 0.813931 0.158834 0.0233062 0.00356761 0.00036176
 0.458176 0.469004 0.0621613 0.00912115 0.0015378
 0.859003 0.0778514 0.0546588 0.00724442 0.00124222
 0.843371 0.140682 0.00880482 0.00618179 0.000959821
 0.543423 0.40456 0.046721 0.00292411 0.00237175
 0.885018 0.0724849 0.0376555 0.00434868 0.000492926
 0.75893 0.22088 0.0127281 0.00661216 0.000850167
 0.51436 0.39623 0.0819215 0.00472067 0.00276768
 0.69233 0.184979 0.100102 0.0206964 0.00189183
pobs_PELACES
 0 0 0 0 0
 0 0 0 0 0
 0 0 0 0 0
 0 0 0 0 0
 0 0 0 0 0
 0 0 0 0 0
 0 0 0 0 0
 0 0 0 0 0
 0 0 0 0 0
 0 0 0 0 0
 0 0 0 0 0
 0 0 0 0 0
 0 0 0 0 0
 0 0 0 0 0
 0 0 0 0 0
 0 0 0 0 0
 0.505614 0.472636 0.0217494 0 0
 0 0 0 0 0
 0.443492 0.261883 0.143347 0.151278 0
 0.227955 0.32914 0.350689 0.0885471 0.00366901
 0.970185 0.0296113 0.000203453 0 0
 0.997202 0.00247181 0.000326279 0 0
 0.445219 0.490057 0.0546422 0.010081 0
 0.90214 0.0892962 0.00764917 0.000914606 0
 0 0 0 0 0
 0.581667 0.319106 0.0959925 0.00289975 0.000334073
 0.762889 0.0836404 0.116647 0.0363945 0.000428098
 0.88444 0.0763242 0.0277011 0.0115352 0
 0.521256 0.241999 0.230069 0.00667565 0
 0.616807 0.101726 0.260614 0.0208532 0
ppred_PELACES
 0.51781 0.193214 0.266648 0.0223271 1.08523e-06
 0.47159 0.361793 0.0667637 0.0921381 0.00771532
 0.599634 0.258472 0.0971524 0.017928 0.0268136
 0.768822 0.174186 0.0367931 0.0138295 0.0063689
 0.643065 0.311213 0.0344499 0.00727678 0.00399475
 0.758491 0.189336 0.0454907 0.00503561 0.00164758
 0.39541 0.52223 0.0645678 0.0155134 0.00227912
 0.372985 0.358537 0.231905 0.0286724 0.00790104
 0.486469 0.279435 0.133859 0.0865813 0.0136546
 0.6278 0.244629 0.0694173 0.0332533 0.0249006
 0.711454 0.223353 0.0428483 0.0121589 0.010186
 0.664307 0.279283 0.0436647 0.00837671 0.00436836
 0.547647 0.362435 0.0748083 0.0116959 0.00341387
 0.573908 0.303485 0.0982355 0.0202762 0.0040954
 0.974336 0.019195 0.00460767 0.00149146 0.000370023
 0.903602 0.0951798 0.000911225 0.000218735 8.83683e-05
 0.481564 0.493022 0.0250924 0.000240228 8.09623e-05
 0.942538 0.0378267 0.0186726 0.000950342 1.21647e-05
 0.826243 0.16878 0.00327609 0.00161719 8.33606e-05
 0.74257 0.23373 0.0230217 0.00044686 0.000231956
 0.740376 0.222167 0.0340083 0.00334971 9.87694e-05
 0.757116 0.207332 0.0304226 0.00465696 0.000472221
 0.374493 0.54144 0.0717619 0.0105299 0.00177531
 0.81111 0.104296 0.0732252 0.0097052 0.00166417
 0.791181 0.187559 0.0117387 0.00824162 0.00127964
 0.45449 0.483362 0.0558215 0.00349368 0.00283373
 0.842735 0.09914 0.0515027 0.00594784 0.000674192
 0.685325 0.28832 0.0166143 0.00863102 0.00110975
 0.424669 0.469408 0.0970512 0.00559251 0.00327883
 0.616706 0.230447 0.124707 0.0257834 0.00235684
pobs_pel_tallas
 0 0 0 0 0 0 0 0 0 0 0 0 0 0 0 0 0 0 0 0 0 0 0 0 0 0
 0 0 0 0 0 0 0 0 0 0 0 0 0 0 0 0 0 0 0 0 0 0 0 0 0 0
 0 0 0 0 0 0 0 0 0 0 0 0 0 0 0 0 0 0 0 0 0 0 0 0 0 0
 0 0 0 0 0 0 0 0 0 0 0 0 0 0 0 0 0 0 0 0 0 0 0 0 0 0
 0 0 0 0 0 0 0 0 0 0 0 0 0 0 0 0 0 0 0 0 0 0 0 0 0 0
 0 0 0 0 0 0 0 0 0 0 0 0 0 0 0 0 0 0 0 0 0 0 0 0 0 0
 0 0 0 0 0 0 0 0 0 0 0 0 0 0 0 0 0 0 0 0 0 0 0 0 0 0
 0 0 0 0 0 0 0 0 0 0 0 0 0 0 0 0 0 0 0 0 0 0 0 0 0 0
 0 0 0 0 0 0 0 0 0 0 0 0 0 0 0 0 0 0 0 0 0 0 0 0 0 0
 0 0 0 0 0 0 0 0 0 0 0 0 0 0 0 0 0 0 0 0 0 0 0 0 0 0
 0 0 0 0 0 0 0 0 0 0 0 0 0 0 0 0 0 0 0 0 0 0 0 0 0 0
 0 0 0 0 0 0 0 0 0 0 0 0 0 0 0 0 0 0 0 0 0 0 0 0 0 0
 0.00862536 0 0 0.000197151 0.00414017 0.0128641 0.00837892 0.0270097 0.101434 0.158115 0.152841 0.127902 0.109271 0.109419 0.0830992 0.0579132 0.0238553 0.00714673 0.00463305 0.00128148 0.00103504 0.000492878 0.000147863 0.000147863 4.92878e-05 0
 0 0 0 0 0 0 0 0 0 0 0 0 0 0 0 0 0 0 0 0 0 0 0 0 0 0
 0 0 0 0 0 0 0 0.0054083 0.00873648 0.0413646 0.0450493 0.0745869 0.0622846 0.0627006 0.0613931 0.0827291 0.12552 0.122667 0.0946155 0.0697135 0.0546179 0.0294188 0.0215738 0.0213955 0.0102223 0.00600262
 0 0 0 0 0.00359764 0.0251062 0.0480494 0.140153 0.205849 0.193036 0.1447 0.116669 0.0760912 0.0342217 0.00950174 0.001854 0.000860785 0 0 0 0.000165536 0 0.000143464 0 0 0
 0 0 0 0 0 0 0 0.000145254 0.000435761 0.0275982 0.070085 0.0708112 0.156366 0.174668 0.174014 0.160142 0.0824315 0.0480064 0.0283245 0.00493863 0.00203355 0 0 0 0 0
 0 0 0 0 0 0 0 0 0 0 0 0 0 0 0 0 0 0 0 0 0 0 0 0 0 0
 0 0 1.00437e-05 0.000401748 0.00122533 0.00171747 0.00176769 0.0269171 0.070346 0.194647 0.189555 0.159765 0.064822 0.0314167 0.0384472 0.0292271 0.0345202 0.0313363 0.0194345 0.0106764 0.0143323 0.0359363 0.0279516 0.0138201 0.00172751 0
 0 0.0021121 0.0136068 0.0755702 0.200478 0.177729 0.0527432 0.0373336 0.0318909 0.0142505 0.0149659 0.0166563 0.0217959 0.0798694 0.0677717 0.0528807 0.04013 0.0224614 0.0357745 0.0225083 0.00881397 0.00855152 0.00135912 0.000746735 0 0
 0 0 0 0 5.4009e-05 0.00500934 0.000945158 0.0243581 0.138947 0.33067 0.221406 0.137944 0.0707744 0.0437923 0.0131692 0.00525238 0.0047753 0.00276346 9.45158e-05 9.00151e-06 2.25038e-05 9.00151e-06 4.50075e-06 0 0 0
 0.000866109 0.00284123 0.00948549 0.0512746 0.133035 0.25785 0.225252 0.132002 0.0553304 0.0519788 0.0540692 0.017754 0.00435017 0.00159236 0.00146478 0.000404838 0.000125132 0.000115318 0.000107957 0.000100596 0 0 0 0 0 0
 0 0 0 0 0.00144013 0.00171154 0.00461396 0.0210425 0.0478622 0.0707936 0.0888783 0.103762 0.0637923 0.0337046 0.0602308 0.124433 0.169614 0.0934646 0.0462172 0.0250306 0.0313229 0.00938855 0.002487 0.000210481 0 0
 0 0.00764035 0.051015 0.0998891 0.058973 0.0496711 0.0374665 0.0718981 0.12319 0.153886 0.159021 0.0857701 0.0377988 0.023471 0.0147837 0.00900784 0.00315554 0.000888139 0.00291439 0.00214683 0.00393193 0.00274676 0.000635225 9.99891e-05 0 0
 0 0 0 0 0 0 0 0 0 0 0 0 0 0 0 0 0 0 0 0 0 0 0 0 0 0
 0 0 0 0 0 0 0 0 0 0 0 0 0 0 0 0 0 0 0 0 0 0 0 0 0 0
 0 0 0 0 0 0 0 0 0 0 0 0 0 0 0 0 0 0 0 0 0 0 0 0 0 0
 0 0 0 0 0 0 0 0 0 0 0 0 0 0 0 0 0 0 0 0 0 0 0 0 0 0
 0 0 0 0 0 0 0 0 0 0 0 0 0 0 0 0 0 0 0 0 0 0 0 0 0 0
 0 0 0 0 0 0 0 0 0 0 0 0 0 0 0 0 0 0 0 0 0 0 0 0 0 0
ppred_pel_tallas
 1.09984e-16 4.26513e-05 0.000414586 0.00275507 0.0125242 0.0389674 0.0830249 0.121181 0.1212 0.083118 0.0392808 0.013434 0.00505688 0.00549885 0.00987233 0.0167056 0.0251114 0.0337605 0.0412434 0.04678 0.0504487 0.0526789 0.0535174 0.0524097 0.0486901 0.0422833
 1.12565e-16 3.88443e-05 0.00037758 0.00250916 0.0114063 0.0354894 0.0756151 0.11037 0.110405 0.0757858 0.0360626 0.0130628 0.0066703 0.00947189 0.0173429 0.0286992 0.0415613 0.0527665 0.0591497 0.0593425 0.0546101 0.0479502 0.0421764 0.038477 0.0363155 0.0343446
 1.09206e-16 4.93911e-05 0.000480099 0.00319043 0.0145032 0.0451251 0.0961447 0.140331 0.140356 0.096267 0.045536 0.0156913 0.00617755 0.00701774 0.012515 0.0207421 0.0301832 0.03861 0.0437793 0.0446642 0.0420266 0.0377955 0.0337758 0.0307261 0.0283561 0.0259562
 1.03572e-16 6.33269e-05 0.00061556 0.00409061 0.0185953 0.0578571 0.123271 0.179922 0.179938 0.123353 0.058133 0.0193926 0.00609297 0.00499056 0.00838372 0.0137903 0.0199322 0.0252222 0.028088 0.0278125 0.0249505 0.0209246 0.0171366 0.0142917 0.0123322 0.0108196
 1.0248e-16 5.29685e-05 0.000514873 0.00342151 0.0155537 0.0483935 0.103109 0.150496 0.150526 0.103255 0.0488853 0.016974 0.00698589 0.0082934 0.0148184 0.0243944 0.0350899 0.0440297 0.0483176 0.0466167 0.0399445 0.0309856 0.0224958 0.0160368 0.0117671 0.00904166
 1.02146e-16 6.24759e-05 0.000607288 0.00403564 0.0183455 0.0570796 0.121615 0.177504 0.177523 0.121704 0.0573796 0.0192123 0.00621289 0.00536467 0.00911052 0.0149961 0.0216734 0.0274133 0.0304878 0.0300848 0.0267647 0.0220361 0.0174119 0.0136979 0.0109265 0.00875116
 1.03939e-16 3.25695e-05 0.000316587 0.00210383 0.00956376 0.0297567 0.0634016 0.092547 0.0925974 0.0636475 0.0305822 0.0119479 0.00808749 0.0133764 0.0248279 0.040974 0.0589737 0.0740591 0.0813823 0.0786975 0.0676908 0.052825 0.0386718 0.0278075 0.020484 0.0156456
 1.10997e-16 3.07223e-05 0.000298632 0.00198452 0.00902135 0.028069 0.0598052 0.0872947 0.0873295 0.0599756 0.0286419 0.0106799 0.00616144 0.00946254 0.0175684 0.029344 0.0430797 0.0558645 0.0646892 0.0680782 0.0667935 0.0629683 0.0584568 0.0538127 0.0485382 0.0420518
 1.14929e-16 4.00699e-05 0.000389494 0.00258832 0.0117662 0.036609 0.0780004 0.11385 0.113877 0.078133 0.0370546 0.0130554 0.0058334 0.00750329 0.0136391 0.0227207 0.0332892 0.043071 0.0497832 0.0524252 0.051825 0.0498992 0.048238 0.0471697 0.0458969 0.0433434
 1.09615e-16 5.17111e-05 0.000502651 0.00334029 0.0151845 0.0472447 0.100661 0.146922 0.146946 0.100776 0.047633 0.0163068 0.00616089 0.00667169 0.0118027 0.0195241 0.0283455 0.0361347 0.0407644 0.0412946 0.038525 0.0343945 0.0307188 0.0282591 0.0266803 0.0251549
 1.04237e-16 5.86016e-05 0.000569628 0.00378538 0.0172078 0.05354 0.114073 0.166498 0.16652 0.114179 0.0538936 0.0182295 0.00635097 0.00617386 0.0107126 0.0176454 0.0254804 0.0321871 0.0357376 0.035205 0.0313067 0.0258919 0.0208008 0.0169876 0.0144186 0.0125472
 1.02911e-16 5.47181e-05 0.00053188 0.00353453 0.0160675 0.049992 0.106514 0.155466 0.155493 0.106646 0.0504338 0.0173435 0.00673796 0.00752602 0.0133408 0.0219762 0.0316701 0.0398626 0.0439778 0.0428226 0.0372851 0.029712 0.0224873 0.0169254 0.0131161 0.0104823
 1.04003e-16 4.5109e-05 0.000438476 0.00291383 0.0132459 0.041213 0.0878098 0.128168 0.128203 0.0879807 0.0417868 0.0149039 0.00707744 0.00953337 0.0173346 0.0286291 0.0413363 0.0521862 0.057862 0.0568132 0.0501457 0.0408092 0.0317761 0.0246482 0.0195026 0.0156367
 1.05639e-16 4.72721e-05 0.000459501 0.00305355 0.013881 0.0431891 0.0920201 0.134312 0.134341 0.0921635 0.0436709 0.0152737 0.00655368 0.00811465 0.0146279 0.0242179 0.035139 0.0447249 0.0502715 0.0505082 0.0462974 0.0399331 0.0336423 0.0284969 0.0243806 0.0206798
 1.00351e-16 8.02548e-05 0.000780105 0.00518407 0.023566 0.0733227 0.156222 0.228011 0.228013 0.156231 0.0733531 0.0236539 0.0054049 0.00126272 0.000998422 0.00152776 0.00220285 0.00279082 0.00311419 0.00309292 0.00278594 0.00234666 0.00192597 0.00159957 0.00136202 0.00116916
 1.00088e-16 7.44285e-05 0.000723472 0.00480772 0.0218552 0.0679997 0.144881 0.21146 0.211469 0.144926 0.0681498 0.0222884 0.00589416 0.00309183 0.00456255 0.00739924 0.0105912 0.0131911 0.0142901 0.0134716 0.0110633 0.0079323 0.00499028 0.00278561 0.00141455 0.000687605
 1.00888e-16 3.96659e-05 0.000385567 0.00256223 0.0116475 0.0362401 0.0772151 0.112708 0.112755 0.0774469 0.0370181 0.0138938 0.008197 0.0126739 0.0233408 0.0384276 0.0551243 0.0688363 0.0749037 0.0711682 0.0592772 0.0436197 0.028785 0.017501 0.0102218 0.00601177
 1.00646e-16 7.76356e-05 0.000754646 0.00501489 0.022797 0.0709298 0.151124 0.22057 0.220574 0.151142 0.07099 0.0229712 0.00545326 0.00171482 0.00191051 0.00305973 0.00445591 0.00571842 0.00651154 0.00667266 0.00629035 0.00561717 0.00489232 0.00422204 0.00359002 0.00294722
 1.00315e-16 6.80566e-05 0.000661534 0.00439613 0.0199842 0.0621783 0.132478 0.193359 0.193375 0.132557 0.0624445 0.0207526 0.00632337 0.00486331 0.00803207 0.0131292 0.0188085 0.0234462 0.0254388 0.0240502 0.0198596 0.0143963 0.00926281 0.0054152 0.00301105 0.00170886
 1.00809e-16 6.11645e-05 0.000594541 0.00395094 0.0179604 0.0558816 0.119062 0.17378 0.173802 0.119172 0.0562508 0.0190266 0.00662624 0.00643162 0.0111375 0.0182907 0.0262827 0.0329223 0.0360148 0.0345391 0.0292509 0.0221753 0.0154139 0.0101922 0.0066926 0.00448704
 1.01391e-16 6.09839e-05 0.000592785 0.00393927 0.0179073 0.0557165 0.118711 0.173266 0.173288 0.118815 0.0560679 0.0189222 0.00648681 0.00615429 0.0106237 0.0174674 0.0251568 0.0316327 0.0348318 0.0337901 0.0292022 0.0229319 0.0168892 0.0121526 0.00884199 0.00655165
 1.01478e-16 6.23627e-05 0.000606187 0.00402833 0.0183122 0.0569762 0.121395 0.177183 0.177203 0.121492 0.0573041 0.0192592 0.00640546 0.0057955 0.00991774 0.0162969 0.0234683 0.0295058 0.0324851 0.0315108 0.0272373 0.0214116 0.0158209 0.0114696 0.00845933 0.00639427
 1.03566e-16 3.08466e-05 0.00029984 0.00199255 0.00905786 0.0281826 0.060048 0.0876528 0.087705 0.060303 0.0290386 0.01153 0.00819747 0.0138433 0.0257463 0.0424988 0.0611781 0.0768437 0.0844656 0.0817026 0.0702808 0.0548016 0.0399872 0.0285129 0.0206729 0.0154274
 1.03395e-16 6.681e-05 0.000649417 0.00431561 0.0196181 0.0610393 0.130051 0.189816 0.189826 0.130101 0.0612062 0.0201013 0.00553279 0.0033213 0.00518443 0.00857788 0.0126127 0.0164074 0.0190931 0.0202422 0.0200634 0.0191473 0.0179917 0.0167183 0.0151611 0.0131566
 1.0143e-16 6.51686e-05 0.000633462 0.00420958 0.0191361 0.0595397 0.126856 0.185154 0.185172 0.126945 0.0598359 0.0199912 0.0063548 0.00531304 0.00894244 0.0146544 0.0210433 0.0263375 0.0287816 0.0275745 0.0233544 0.0177828 0.0125701 0.00869253 0.0062476 0.00481208
 1.02565e-16 3.74358e-05 0.000363889 0.00241817 0.0109927 0.0342026 0.072874 0.106372 0.106418 0.0731015 0.0349665 0.0131986 0.0079541 0.0124447 0.0229686 0.0378791 0.054482 0.0683378 0.0749343 0.0721709 0.0616017 0.0473778 0.0337842 0.0232862 0.0162046 0.011629
 1.02223e-16 6.9415e-05 0.000674739 0.00448388 0.0203831 0.0634193 0.135122 0.197216 0.197226 0.135169 0.0635773 0.0208402 0.00563408 0.00319497 0.00488304 0.00803368 0.0117308 0.0150936 0.0172619 0.0178186 0.0169972 0.0154482 0.0137727 0.0122131 0.0106898 0.00904742
 1.01607e-16 5.64493e-05 0.000548708 0.00364636 0.0165758 0.0515737 0.109884 0.160385 0.160413 0.11002 0.0520288 0.0178899 0.00694312 0.00773952 0.0136954 0.0225057 0.032307 0.0404017 0.0440831 0.0421094 0.035456 0.0266823 0.0184377 0.012256 0.00832685 0.00603445
 1.04037e-16 3.49795e-05 0.000340013 0.00225951 0.0102714 0.0319585 0.0680926 0.0993927 0.099438 0.0683139 0.0327017 0.0124186 0.00765113 0.0121165 0.0224197 0.0370574 0.0534889 0.0674848 0.0747309 0.0731966 0.0642951 0.0518433 0.0397141 0.0300376 0.0229924 0.0177496
 1.06643e-16 5.07973e-05 0.000493768 0.00328126 0.0149162 0.0464098 0.0988819 0.144326 0.144348 0.0989912 0.0467774 0.0159796 0.0059578 0.00636056 0.011263 0.0187228 0.0273937 0.0353429 0.0406076 0.042247 0.0408133 0.0377956 0.0345278 0.0314757 0.0283457 0.0246909
pSPR Fmed_Fpbrs
0.537076   0.205826 0.205826
Fs Fmed_Fpbrs
0.34   1.005 1.005
SSBpbr Bo_Bmed_Bpbrs
609757  296998  95015.8 95015.8
Ro
101564
SPR SPRFo_SPRFmed_SPRFpbrs
722977 388294 148807
Fref
1.005
Nvult_r0
 35991.1 8194.43 4434.44 916.831 83.8065
CTP_r0
 16317 4107.43 2222.75 459.559 42.0077
YTP_r0
259409
Np
 109220 17531.6 819.608 147.972 90.8587
Nvult_p0
 91688.8 15170.8 709.239 128.046 78.6237
CTP_p0
 41568.1 2640.01 476.627 257.929 59.5154
 41568.1 7604.33 355.504 64.1828 39.4099
YTP_p0
 381141 458076
CBA_c0
295929
log_Ro
11.3484
likeval ReclasPelacesDesembMPH_pf_preclas_ppelaces_ptallas_desvR_qrecl_qpela
 0.000454298 18.9215 0.0256618 30.9724 235.921 125.789 107.718 0 18.2123 8.07634e-05 0.000243348 0.0468724 0 0 0
q_reclas_q_pelaces
3.56417 9.08039
M
1
N
 147884 29106.9 40169.4 3363.48 0.163485
 94725.1 40126.1 7404.68 10218.9 855.697
 83329.6 19815.2 7447.97 1374.41 2055.61
 138181 17521.6 3701.04 1391.12 640.653
 106845 26765.7 2962.84 625.835 343.566
 246922 32271.5 7753.69 858.297 280.823
 95648 69894.7 8641.69 2076.29 305.035
 40483.7 19776.5 12791.6 1581.54 435.813
 44573.7 13578.1 6504.37 4207.08 663.494
 55836.7 11731.4 3328.97 1594.7 1194.13
 83543.9 13371.1 2565.14 727.899 609.794
 119744 27517.2 4302.2 825.341 430.406
 72001.9 26531.7 5476.27 856.189 249.909
 33888.6 14363 4649.17 959.609 193.822
 75176 850.973 204.272 66.121 16.4042
 201436 12538.2 120.038 28.8145 11.6409
 46861.6 28643.8 1457.83 13.9568 4.70377
 266280 6284.75 3102.37 157.895 2.0211
 319119 38912 755.298 372.841 19.2187
 237768 42843.8 4219.99 81.9117 42.5187
 242106 40495.1 6198.8 610.562 18.003
 299034 47994.1 7042.35 1078.01 109.312
 53446.9 44557.3 5905.58 866.547 146.098
 119178 8736.96 6134.14 813.014 139.409
 154375 20777.3 1300.38 912.986 141.756
 46252.2 27564.2 3183.28 199.23 161.596
 136828 8897.35 4622.13 533.791 60.5056
 124310 28449 1639.35 851.635 109.5
 46214.2 28308.6 5852.87 337.268 197.736
 42872.9 9469.61 5124.51 1059.5 96.8481
pred_Ctot
 25146.7 5848.04 8070.67 675.777 0.0328468
 27029.8 13274 2449.53 3380.5 283.071
 23606.4 6510.01 2446.93 451.545 675.342
 43538.7 6367.16 1344.92 505.519 232.807
 12283.1 3666.78 405.896 85.7365 47.067
 36761.1 5695.6 1368.45 151.481 49.5626
 27735.2 23477.5 2902.73 697.422 102.461
 2276.75 1336.97 864.764 106.918 29.4627
 8238.98 2958.47 1417.21 916.664 144.566
 12755.5 3136.85 890.13 426.404 319.298
 5577.58 1071.44 205.548 58.3274 48.8634
 31360.1 8388.15 1311.45 251.591 131.202
 21883.6 9318.31 1923.34 300.706 87.7715
 24070.8 10829.6 3505.43 723.537 146.14
 27665.1 357.738 85.8733 27.7964 6.89613
 84205.1 5931.12 56.7829 13.6305 5.50667
 20380 14050.6 715.107 6.84623 2.30734
 109147 2919.7 1441.27 73.3533 0.938943
 138688 19075.4 370.26 182.773 9.42133
 85826.4 17689.5 1742.36 33.8199 17.5552
 74163.7 14328.6 2193.35 216.038 6.37009
 120808 22000.3 3228.18 494.155 50.1079
 20023.7 19045.9 2524.33 370.404 62.4492
 42067.5 3532.67 2480.25 328.731 56.3682
 53206 8215.3 514.168 360.993 56.0499
 14693 10094.1 1165.73 72.9591 59.1773
 39374.5 2967.01 1541.35 178.004 20.1769
 31118.4 8305.45 478.596 248.628 31.9677
 13564.8 9619.26 1988.8 114.603 67.1908
 17942.6 4484.28 2426.68 501.722 45.8619
F
 0.304399 0.368864 0.368864 0.368864 0.368864
 0.56453 0.684084 0.684084 0.684084 0.684084
 0.559372 0.677834 0.677834 0.677834 0.677834
 0.641442 0.777284 0.777284 0.777284 0.777284
 0.197192 0.238952 0.238952 0.238952 0.238952
 0.262082 0.317584 0.317584 0.317584 0.317584
 0.57618 0.698202 0.698202 0.698202 0.698202
 0.0924425 0.11202 0.11202 0.11202 0.11202
 0.334873 0.405791 0.405791 0.405791 0.405791
 0.429334 0.520257 0.520257 0.520257 0.520257
 0.110559 0.133972 0.133972 0.133972 0.133972
 0.507016 0.61439 0.61439 0.61439 0.61439
 0.612038 0.741653 0.741653 0.741653 0.741653
 2.68445 3.25296 3.25296 3.25296 3.25296
 0.79105 0.958576 0.958576 0.958576 0.958576
 0.950535 1.15184 1.15184 1.15184 1.15184
 1.00907 1.22277 1.22277 1.22277 1.22277
 0.923246 1.11877 1.11877 1.11877 1.11877
 1.008 1.22147 1.22147 1.22147 1.22147
 0.770115 0.933207 0.933207 0.933207 0.933207
 0.618298 0.749238 0.749238 0.749238 0.749238
 0.903781 1.09518 1.09518 1.09518 1.09518
 0.811128 0.982905 0.982905 0.982905 0.982905
 0.746759 0.904904 0.904904 0.904904 0.904904
 0.722865 0.87595 0.87595 0.87595 0.87595
 0.648356 0.785662 0.785662 0.785662 0.785662
 0.57061 0.691452 0.691452 0.691452 0.691452
 0.47961 0.58118 0.58118 0.58118 0.58118
 0.5852 0.709131 0.709131 0.709131 0.709131
 0.95217 1.15382 1.15382 1.15382 1.15382
YTP_r0W_actual
 119114 65308.1 58902.9 14568 1516.48
YTP_p0W_proyectada
 313424 46068.1 11472.4 8078.33 2097.92
 313424 132696 8556.98 2010.21 1389.2
CTP_r0_actual
 16317 4107.43 2222.75 459.559 42.0077
CTP_p0_proyectada
 41568.1 2640.01 476.627 257.929 59.5154
 41568.1 7604.33 355.504 64.1828 39.4099
Wmedp
 7.54 17.45 24.07 31.32 35.25
Frms_r0
 0.829361 1.005 1.005 1.005 1.005
Zrms_r0
 1.82936 2.005 2.005 2.005 2.005
nmprior
 7.29 8.9 8.7 0
nm_flota  nm_reclas  nm_pelaces    nm_pelaL
inf 9.99113 11.2707 18.2955
cv_recla  cv_pelaces  cv_mph
0.657773 0.511849 0.47223
 ------------------------------------------------
Talla a la edad & desviaci?n 
 8 13.2811 15.8009 17.003 17.5766
 0.8 1.32811 1.58009 1.7003 1.75766
