years
 1991 1992 1993 1994 1995 1996 1997 1998 1999 2000 2001 2002 2003 2004 2005 2006 2007 2008 2009 2010 2011 2012 2013 2014 2015 2016 2017 2018 2019 2020 2021
reclasobs
 0 0 0 0 0 0 0 0 0 252601 567819 844713 477998 351125 339783 2.1784e+06 2.13404e+06 4.81314e+06 1.55562e+06 2.62356e+06 3.21686e+06 3.843e+06 1.13348e+06 3.07943e+06 1.97215e+06 2.03268e+06 2.025e+06 2.42433e+06 2.27542e+06 1.05018e+06 2.36338e+06
reclaspred
 3.60665e+06 1.97191e+06 994425 1.09596e+06 1.18022e+06 2.29708e+06 1.53483e+06 1.47646e+06 1.21064e+06 966813 926413 1.00365e+06 696721 172712 675790 1.10335e+06 814478 1.64635e+06 1.80103e+06 1.6529e+06 3.01863e+06 2.44843e+06 1.81384e+06 2.63291e+06 2.03949e+06 1.78935e+06 2.30846e+06 2.61322e+06 2.20106e+06 1.72812e+06 2.18105e+06
pelacesobs
 0 0 0 0 0 0 0 0 0 0 0 0 0 0 0 552880 188675 0 991730 2.46772e+06 1.41603e+06 1.21717e+06 2.29649e+06 1.80582e+06 0 1.4828e+06 1.56532e+06 1.57751e+06 1.42118e+06 867257 1.10002e+06
pelacespred
 2.43908e+06 1.45495e+06 714715 606335 715273 1.41008e+06 935084 1.09615e+06 882139 677598 664011 586827 427680 69134.3 400073 546081 424441 900888 1.02211e+06 866872 1.71002e+06 1.46847e+06 1.16907e+06 1.77155e+06 1.34233e+06 1.2005e+06 1.71176e+06 1.74394e+06 1.43072e+06 1.2554e+06 1.3176e+06
mphobs
 0 0 0 0 0 0 0 0 0 0 0 0 498337 0 5186 125008 0 168611 109162 213762 579715 649985 157893 87575 83554 210694 70296 0 107559 103333 445601
mphpred
 960948 639350 307209 170587 204943 261818 424949 284299 270959 219217 157340 195314 177548 75196.8 10595.8 104842 187296 133403 225994 323940 448717 554130 134394 108842 152484 127468 108060 131296 191394 146332 98490.2
desembarqueobs
 494567 514787 250237 358949 120608 361735 552515 73892 212993 205616 52469 317467 293654 387597 252695 516296 358380 742168 942051 627588 828172 859565 418607 520667 417249 300574 415391 372974 316634 284311 391294
desembarquepred
 494570 513893 250678 358968 120611 361731 552497 73894.4 213013 205642 52471.7 317513 293838 388061 252655 516215 358378 741889 941403 627273 828231 859496 418618 520731 417207 300585 415388 372947 316586 284242 391275
Reclutas
 168800 95886 95316 162665 137805 281028 118713 57285.2 62393.4 77252.7 108109 123573 67108.7 31622.7 106155 261609 53419.2 330414 381808 296378 343509 457740 90054.3 225945 238180 87913.9 227403 258957 107034 108322 210382
log_desv_Rt
 0.1757 -0.389856 -0.395819 0.138676 -0.0271749 0.685438 -0.176306 -0.904975 -0.819557 -0.605935 -0.269876 -0.136185 -0.746703 -1.49914 -0.288119 0.613834 -0.974846 0.847329 0.991901 0.738619 0.886196 1.17328 -0.452604 0.467276 0.520011 -0.476658 0.473709 0.603646 -0.279869 -0.267905 0.395907
SSB
 2.08744e+06 1.38884e+06 667342 370562 445191 568739 923103 617574 588595 476199 341785 424276 367507 157783 22272 219898 406857 289788 509055 545651 775206 1.00694e+06 942711 732375 960479 853067 680223 795098 1.20181e+06 864325 661209
BT
 2.93389e+06 2.00655e+06 982181 975669 880286 1.93161e+06 1.4846e+06 1.26637e+06 1.17027e+06 935660 785335 920212 737135 473955 740216 1.07593e+06 747033 1.73667e+06 2.09313e+06 1.50425e+06 2.65758e+06 2.43235e+06 1.62668e+06 2.53102e+06 1.85173e+06 1.56933e+06 2.40533e+06 2.34095e+06 1.77912e+06 1.62928e+06 1.82246e+06
Ftot
 0.198727 0.367344 0.360826 0.5044 0.157543 0.253828 0.513023 0.0761673 0.268479 0.318325 0.090723 0.474175 0.608975 2.4661 0.645333 0.75331 0.629141 0.726224 0.813636 0.592764 0.429273 0.538616 0.336127 0.317333 0.311986 0.249473 0.290663 0.232905 0.20783 0.246946 0.288751
BD_Bspro_t
 0.968704 0.782558 0.577531 0.479307 0.492909 0.601791 0.644521 0.499307 0.57283 0.57086 0.56 0.692492 0.532635 0.27852 0.0597799 0.365906 0.395024 0.304408 0.37286 0.348981 0.374181 0.432239 0.445209 0.424609 0.529603 0.557194 0.557851 0.625068 0.697919 0.632526 0.601688
BD_Bspro
 2.06532 1.37413 0.660271 0.366636 0.440475 0.562713 0.913323 0.611031 0.582359 0.471153 0.338164 0.41978 0.363614 0.156111 0.022036 0.217568 0.402546 0.286717 0.503661 0.539869 0.766993 0.996269 0.932723 0.724616 0.950303 0.844029 0.673016 0.786674 1.18908 0.855168 0.654204
BD_Bo
 1.54459 1.02766 0.493795 0.274195 0.329416 0.420835 0.683044 0.45697 0.435527 0.35236 0.252902 0.31394 0.271935 0.116751 0.01648 0.162712 0.301051 0.214426 0.376672 0.403751 0.573609 0.745077 0.697553 0.541916 0.7107 0.631221 0.503326 0.588327 0.889271 0.639552 0.489258
BD_Brms
 9.13001 6.07449 2.91881 1.62076 1.94717 2.48754 4.03745 2.70113 2.57439 2.08279 1.49489 1.85569 1.6074 0.690109 0.0974127 0.961785 1.7795 1.26747 2.2265 2.38656 3.39058 4.40413 4.12321 3.20325 4.20093 3.73113 2.97515 3.47759 5.25645 3.78037 2.89199
Sel_flota
 0.762538 1 1 1 1
 0.762538 1 1 1 1
 0.762538 1 1 1 1
 0.762538 1 1 1 1
 0.762538 1 1 1 1
 0.762538 1 1 1 1
 0.762538 1 1 1 1
 0.762538 1 1 1 1
 0.762538 1 1 1 1
 0.762538 1 1 1 1
 0.762538 1 1 1 1
 0.762538 1 1 1 1
 0.762538 1 1 1 1
 0.762538 1 1 1 1
 0.762538 1 1 1 1
 0.762538 1 1 1 1
 0.762538 1 1 1 1
 0.762538 1 1 1 1
 0.762538 1 1 1 1
 0.762538 1 1 1 1
 0.762538 1 1 1 1
 0.762538 1 1 1 1
 0.762538 1 1 1 1
 0.762538 1 1 1 1
 0.762538 1 1 1 1
 0.762538 1 1 1 1
 0.762538 1 1 1 1
 0.762538 1 1 1 1
 0.762538 1 1 1 1
 0.762538 1 1 1 1
 0.762538 1 1 1 1
Sel_reclas
 1 1 1 1 1
 1 1 1 1 1
 1 1 1 1 1
 1 1 1 1 1
 1 1 1 1 1
 1 1 1 1 1
 1 1 1 1 1
 1 1 1 1 1
 1 1 1 1 1
 1 1 1 1 1
 1 1 1 1 1
 1 1 1 1 1
 1 1 1 1 1
 1 1 1 1 1
 1 1 1 1 1
 1 1 1 1 1
 1 1 1 1 1
 1 1 1 1 1
 1 1 1 1 1
 1 1 1 1 1
 1 1 1 1 1
 1 1 1 1 1
 1 1 1 1 1
 1 1 1 1 1
 1 1 1 1 1
 1 1 1 1 1
 1 1 1 1 1
 1 1 1 1 1
 1 1 1 1 1
 1 1 1 1 1
 1 1 1 1 1
Sel_pelaces
 0.79729 0.95191 0.990061 0.998009 0.999604
 0.79729 0.95191 0.990061 0.998009 0.999604
 0.79729 0.95191 0.990061 0.998009 0.999604
 0.79729 0.95191 0.990061 0.998009 0.999604
 0.79729 0.95191 0.990061 0.998009 0.999604
 0.79729 0.95191 0.990061 0.998009 0.999604
 0.79729 0.95191 0.990061 0.998009 0.999604
 0.79729 0.95191 0.990061 0.998009 0.999604
 0.79729 0.95191 0.990061 0.998009 0.999604
 0.79729 0.95191 0.990061 0.998009 0.999604
 0.79729 0.95191 0.990061 0.998009 0.999604
 0.79729 0.95191 0.990061 0.998009 0.999604
 0.79729 0.95191 0.990061 0.998009 0.999604
 0.79729 0.95191 0.990061 0.998009 0.999604
 0.79729 0.95191 0.990061 0.998009 0.999604
 0.79729 0.95191 0.990061 0.998009 0.999604
 0.79729 0.95191 0.990061 0.998009 0.999604
 0.79729 0.95191 0.990061 0.998009 0.999604
 0.79729 0.95191 0.990061 0.998009 0.999604
 0.79729 0.95191 0.990061 0.998009 0.999604
 0.79729 0.95191 0.990061 0.998009 0.999604
 0.79729 0.95191 0.990061 0.998009 0.999604
 0.79729 0.95191 0.990061 0.998009 0.999604
 0.79729 0.95191 0.990061 0.998009 0.999604
 0.79729 0.95191 0.990061 0.998009 0.999604
 0.79729 0.95191 0.990061 0.998009 0.999604
 0.79729 0.95191 0.990061 0.998009 0.999604
 0.79729 0.95191 0.990061 0.998009 0.999604
 0.79729 0.95191 0.990061 0.998009 0.999604
 0.79729 0.95191 0.990061 0.998009 0.999604
 0.79729 0.95191 0.990061 0.998009 0.999604
pf_obs 
 0.8446 0.082 0.0669 0.0065 0
 0.8095 0.147 0.0364 0.0071 0
 0.9664 0.0169 0.016 0.0007 0
 0.9276 0.0648 0.0075 0.0001 0
 0.7033 0.2144 0.0806 0.0017 0
 0.9318 0.0425 0.0243 0.0014 0
 0.5671 0.3108 0.0964 0.0239 0.0018
 0.0768 0.2599 0.5324 0.112 0.0189
 0.490249 0.384438 0.106611 0.0170017 0.00170017
 0.7925 0.1577 0.0466 0.003 0.0002
 0.840416 0.127587 0.0312969 0.00059994 9.999e-05
 0.8084 0.0986 0.0794 0.0134 0.0002
 0.7335 0.1905 0.0724 0.0035 0.0001
 0.4001 0.4547 0.1325 0.0127 0
 0.49795 0.308269 0.164784 0.0264974 0.00249975
 0.9179 0.0499 0.0305 0.0017 0
 0.2467 0.6533 0.0926 0.0074 0
 0.9418 0.0223 0.034 0.0019 0
 0.707729 0.231977 0.0356964 0.0245975 0
 0.517169 0.277429 0.184464 0.0207286 0.00020938
 0.811772 0.124168 0.05621 0.00726502 0.000585176
 0.764997 0.148141 0.077277 0.00933861 0.000247198
 0.163321 0.427699 0.378323 0.0303852 0.000271297
 0.753843 0.0900009 0.118128 0.0371064 0.000921714
 0.721811 0.176058 0.0630433 0.0369309 0.00215725
 0.143369 0.312575 0.442814 0.0836902 0.0175525
 0.692698 0.0596174 0.167031 0.0765114 0.00414204
 0.394062 0.376323 0.152708 0.0712218 0.00568511
 0.125707 0.32114 0.495352 0.0537591 0.00404204
 0.23352 0.215282 0.420074 0.123614 0.00750983
 0.796117 0.104755 0.0508955 0.0450114 0.00322123
pf_pred 
 0.491775 0.136059 0.34869 0.0234748 8.60211e-07
 0.445298 0.314066 0.0644219 0.165099 0.0111154
 0.597347 0.211824 0.108045 0.0221624 0.0606214
 0.766218 0.157116 0.0403321 0.0205721 0.0157623
 0.682925 0.26073 0.0378667 0.00972051 0.00875703
 0.783883 0.16053 0.045709 0.00663847 0.00323933
 0.480695 0.431757 0.0650297 0.0185165 0.00400144
 0.457907 0.307285 0.195223 0.0294037 0.0101817
 0.564538 0.230015 0.116457 0.0739873 0.0150024
 0.674498 0.207843 0.0621488 0.0314662 0.0240446
 0.734055 0.196768 0.0441718 0.0132082 0.0117974
 0.675678 0.254813 0.0514284 0.011545 0.00653561
 0.559863 0.328081 0.0880399 0.017769 0.00624701
 0.540673 0.296761 0.121178 0.0325179 0.00887039
 0.971394 0.0201047 0.0054927 0.00224286 0.000766049
 0.897381 0.100567 0.00144205 0.000393975 0.00021582
 0.424517 0.533908 0.0407435 0.00058423 0.000247051
 0.919157 0.041637 0.0363737 0.00277574 5.66328e-05
 0.808309 0.180814 0.00560188 0.00489374 0.00038107
 0.731231 0.231715 0.0349513 0.00108284 0.00101962
 0.757596 0.192878 0.042698 0.00644045 0.000387418
 0.765971 0.190385 0.0347274 0.00768771 0.00122935
 0.343054 0.540582 0.0946627 0.0172671 0.00443373
 0.743275 0.107353 0.122914 0.0215237 0.00493418
 0.696041 0.242844 0.0255561 0.0292603 0.00629846
 0.429822 0.432464 0.110024 0.0115786 0.0161105
 0.771316 0.115715 0.0856836 0.021799 0.00548599
 0.712266 0.236452 0.0259488 0.0192143 0.00611857
 0.44573 0.427012 0.104577 0.0114766 0.0112041
 0.56713 0.225369 0.15986 0.0391506 0.00849096
 0.761767 0.152525 0.0446229 0.0316523 0.00943301
pobs_RECLAS
 0 0 0 0 0
 0 0 0 0 0
 0 0 0 0 0
 0 0 0 0 0
 0 0 0 0 0
 0 0 0 0 0
 0 0 0 0 0
 0 0 0 0 0
 0 0 0 0 0
 0 0 0 0 0
 0.991045 0.00858322 0.000360255 1.14367e-05 0
 0.934742 0.0480273 0.0164251 0.00080598 0
 0.827803 0.169806 0.00239088 0 0
 0.941827 0.0461693 0.0120037 0 0
 0.791401 0.0380133 0.147996 0.0225897 0
 0.846168 0.0940531 0.0597789 0 0
 0.134021 0.677848 0.182769 0.00536245 0
 0.80878 0.0450904 0.141981 0.00414843 0
 0.846168 0.0940531 0.0597789 0 0
 0.905697 0.0802665 0.012482 0.00150086 5.37128e-05
 0.989698 0.0102097 9.19794e-05 0 0
 0.975433 0.0193895 0.00387452 0.00125025 5.28907e-05
 0.303575 0.632131 0.0575291 0.00676475 0
 0.966965 0.00978017 0.0227588 0.000495775 0
 0.843318 0.132988 0.00938335 0.0141283 0.000182051
 0.564624 0.303363 0.111486 0.0197234 0.00080311
 0.826376 0.0876187 0.0782897 0.00655872 0.00115652
 0.89761 0.0855135 0.0140674 0.00269457 0.000114338
 0.34875 0.467042 0.161289 0.0227151 0.000203297
 0.318654 0.224769 0.449479 0.00709798 0
 0.937255 0.0296025 0.0250945 0.00804832 0
ppred_RECLAS
 0.560384 0.117692 0.301618 0.0203058 7.44086e-07
 0.515187 0.274495 0.0563051 0.144298 0.00971491
 0.662549 0.177523 0.090549 0.0185736 0.0508049
 0.813379 0.12542 0.0321958 0.0164221 0.0125826
 0.739203 0.214454 0.0311458 0.00799523 0.00720276
 0.827147 0.128394 0.0365586 0.00530953 0.00259085
 0.551836 0.372609 0.0561211 0.0159798 0.00345327
 0.525955 0.268712 0.170717 0.0257128 0.00890359
 0.63114 0.194835 0.0986458 0.0626712 0.0127079
 0.732541 0.17078 0.0510664 0.0258551 0.0197569
 0.783859 0.159918 0.0358996 0.0107346 0.00958807
 0.734576 0.208538 0.0420889 0.00944842 0.00534873
 0.629375 0.276266 0.0741356 0.0149627 0.0052604
 0.638277 0.233701 0.0954283 0.025608 0.00698548
 0.978447 0.0151474 0.00413835 0.00168983 0.000577162
 0.921528 0.0769032 0.00110273 0.000301271 0.000165037
 0.496365 0.467251 0.0356568 0.00051129 0.000216208
 0.938464 0.0316931 0.0276868 0.00211283 4.31077e-05
 0.850246 0.141256 0.00437632 0.00382311 0.000297701
 0.784009 0.186214 0.028088 0.000870204 0.000819397
 0.805652 0.15464 0.0342332 0.00516365 0.000310614
 0.813358 0.151835 0.0276957 0.00613109 0.000980427
 0.408488 0.486739 0.0852341 0.0155472 0.00399211
 0.792817 0.0866368 0.0991944 0.0173702 0.003982
 0.751622 0.198438 0.020883 0.0239098 0.00514674
 0.498601 0.380298 0.0967524 0.0101819 0.0141671
 0.816663 0.0927694 0.0686928 0.0174763 0.00439814
 0.765476 0.192725 0.0211501 0.015661 0.00498707
 0.514476 0.37405 0.0916066 0.0100531 0.00981448
 0.633453 0.190838 0.135367 0.033152 0.00718999
 0.808529 0.122586 0.035864 0.0254393 0.00758143
pobs_PELACES
 0 0 0 0 0
 0 0 0 0 0
 0 0 0 0 0
 0 0 0 0 0
 0 0 0 0 0
 0 0 0 0 0
 0 0 0 0 0
 0 0 0 0 0
 0 0 0 0 0
 0 0 0 0 0
 0 0 0 0 0
 0 0 0 0 0
 0 0 0 0 0
 0 0 0 0 0
 0 0 0 0 0
 0 0 0 0 0
 0.505614 0.472636 0.0217494 0 0
 0 0 0 0 0
 0.443492 0.261883 0.143347 0.151278 0
 0.227955 0.32914 0.350689 0.0885471 0.00366901
 0.970185 0.0296113 0.000203453 0 0
 0.997202 0.00247181 0.000326279 0 0
 0.445219 0.490057 0.0546422 0.010081 0
 0.90214 0.0892962 0.00764917 0.000914606 0
 0 0 0 0 0
 0.581667 0.319106 0.0959925 0.00289975 0.000334073
 0.762889 0.0836404 0.116647 0.0363945 0.000428098
 0.88444 0.0763242 0.0277011 0.0115352 0
 0.521256 0.241999 0.230069 0.00667565 0
 0.616807 0.101726 0.260614 0.0208532 0
 0.833518 0.0704572 0.0857862 0.0102388 0
ppred_PELACES
 0.512932 0.12663 0.337531 0.022906 8.40709e-07
 0.473133 0.292436 0.0623893 0.161174 0.0108684
 0.623622 0.193936 0.102885 0.0212735 0.0582828
 0.789172 0.139656 0.0372871 0.0191716 0.0147127
 0.704599 0.241063 0.0364135 0.00942251 0.00850212
 0.801791 0.145667 0.0431395 0.00631559 0.0030867
 0.515979 0.399572 0.0625942 0.0179661 0.0038887
 0.47871 0.290267 0.191803 0.0291205 0.0100997
 0.589146 0.212621 0.111966 0.0717045 0.0145628
 0.698326 0.189587 0.0589622 0.0300924 0.0230316
 0.751558 0.181767 0.0424396 0.0127921 0.011444
 0.7045 0.230077 0.0482971 0.0109291 0.00619683
 0.596133 0.297863 0.0831345 0.0169136 0.00595579
 0.63854 0.230087 0.097718 0.026433 0.00722203
 0.975302 0.0171379 0.00486981 0.00200448 0.000685723
 0.912473 0.0857035 0.00127817 0.000352006 0.000193138
 0.463715 0.496099 0.0393756 0.000569147 0.000241058
 0.929873 0.0354189 0.0321818 0.00247556 5.05891e-05
 0.834869 0.155372 0.00500655 0.00440878 0.000343855
 0.760022 0.205742 0.0322774 0.00100802 0.000950688
 0.780743 0.173003 0.0398332 0.00605656 0.000364908
 0.790702 0.168948 0.0320523 0.00715248 0.00114559
 0.370869 0.513898 0.0935968 0.0172097 0.00442605
 0.762363 0.0970222 0.115537 0.0203945 0.00468277
 0.720199 0.221534 0.0242478 0.0279853 0.00603363
 0.456763 0.407897 0.107933 0.0114497 0.0159566
 0.788983 0.104596 0.0805545 0.0206586 0.00520731
 0.734204 0.216709 0.0247353 0.0184627 0.00588865
 0.471885 0.403002 0.102653 0.0113558 0.0111039
 0.591265 0.208597 0.153894 0.0379919 0.00825283
 0.780752 0.138169 0.0420431 0.0300618 0.00897332
pobs_pel_tallas
 0 0 0 0 0 0 0 0 0 0 0 0 0 0 0 0 0 0 0 0 0 0 0 0 0 0
 0 0 0 0 0 0 0 0 0 0 0 0 0 0 0 0 0 0 0 0 0 0 0 0 0 0
 0 0 0 0 0 0 0 0 0 0 0 0 0 0 0 0 0 0 0 0 0 0 0 0 0 0
 0 0 0 0 0 0 0 0 0 0 0 0 0 0 0 0 0 0 0 0 0 0 0 0 0 0
 0 0 0 0 0 0 0 0 0 0 0 0 0 0 0 0 0 0 0 0 0 0 0 0 0 0
 0 0 0 0 0 0 0 0 0 0 0 0 0 0 0 0 0 0 0 0 0 0 0 0 0 0
 0 0 0 0 0 0 0 0 0 0 0 0 0 0 0 0 0 0 0 0 0 0 0 0 0 0
 0 0 0 0 0 0 0 0 0 0 0 0 0 0 0 0 0 0 0 0 0 0 0 0 0 0
 0 0 0 0 0 0 0 0 0 0 0 0 0 0 0 0 0 0 0 0 0 0 0 0 0 0
 0 0 0 0 0 0 0 0 0 0 0 0 0 0 0 0 0 0 0 0 0 0 0 0 0 0
 0 0 0 0 0 0 0 0 0 0 0 0 0 0 0 0 0 0 0 0 0 0 0 0 0 0
 0 0 0 0 0 0 0 0 0 0 0 0 0 0 0 0 0 0 0 0 0 0 0 0 0 0
 0.00862536 0 0 0.000197151 0.00414017 0.0128641 0.00837892 0.0270097 0.101434 0.158115 0.152841 0.127902 0.109271 0.109419 0.0830992 0.0579132 0.0238553 0.00714673 0.00463305 0.00128148 0.00103504 0.000492878 0.000147863 0.000147863 4.92878e-05 0
 0 0 0 0 0 0 0 0 0 0 0 0 0 0 0 0 0 0 0 0 0 0 0 0 0 0
 0 0 0 0 0 0 0 0.0054083 0.00873648 0.0413646 0.0450493 0.0745869 0.0622846 0.0627006 0.0613931 0.0827291 0.12552 0.122667 0.0946155 0.0697135 0.0546179 0.0294188 0.0215738 0.0213955 0.0102223 0.00600262
 0 0 0 0 0.00359764 0.0251062 0.0480494 0.140153 0.205849 0.193036 0.1447 0.116669 0.0760912 0.0342217 0.00950174 0.001854 0.000860785 0 0 0 0.000165536 0 0.000143464 0 0 0
 0 0 0 0 0 0 0 0.000145254 0.000435761 0.0275982 0.070085 0.0708112 0.156366 0.174668 0.174014 0.160142 0.0824315 0.0480064 0.0283245 0.00493863 0.00203355 0 0 0 0 0
 0 0 0 0 0 0 0 0 0 0 0 0 0 0 0 0 0 0 0 0 0 0 0 0 0 0
 0 0 1.00437e-05 0.000401748 0.00122533 0.00171747 0.00176769 0.0269171 0.070346 0.194647 0.189555 0.159765 0.064822 0.0314167 0.0384472 0.0292271 0.0345202 0.0313363 0.0194345 0.0106764 0.0143323 0.0359363 0.0279516 0.0138201 0.00172751 0
 0 0.0021121 0.0136068 0.0755702 0.200478 0.177729 0.0527432 0.0373336 0.0318909 0.0142505 0.0149659 0.0166563 0.0217959 0.0798694 0.0677717 0.0528807 0.04013 0.0224614 0.0357745 0.0225083 0.00881397 0.00855152 0.00135912 0.000746735 0 0
 0 0 0 0 5.4009e-05 0.00500934 0.000945158 0.0243581 0.138947 0.33067 0.221406 0.137944 0.0707744 0.0437923 0.0131692 0.00525238 0.0047753 0.00276346 9.45158e-05 9.00151e-06 2.25038e-05 9.00151e-06 4.50075e-06 0 0 0
 0.000866109 0.00284123 0.00948549 0.0512746 0.133035 0.25785 0.225252 0.132002 0.0553304 0.0519788 0.0540692 0.017754 0.00435017 0.00159236 0.00146478 0.000404838 0.000125132 0.000115318 0.000107957 0.000100596 0 0 0 0 0 0
 0 0 0 0 0.00144013 0.00171154 0.00461396 0.0210425 0.0478622 0.0707936 0.0888783 0.103762 0.0637923 0.0337046 0.0602308 0.124433 0.169614 0.0934646 0.0462172 0.0250306 0.0313229 0.00938855 0.002487 0.000210481 0 0
 0 0.00764035 0.051015 0.0998891 0.058973 0.0496711 0.0374665 0.0718981 0.12319 0.153886 0.159021 0.0857701 0.0377988 0.023471 0.0147837 0.00900784 0.00315554 0.000888139 0.00291439 0.00214683 0.00393193 0.00274676 0.000635225 9.99891e-05 0 0
 0 0 0 0 0 0 0 0 0 0 0 0 0 0 0 0 0 0 0 0 0 0 0 0 0 0
 0 0 0 0 0 0 0 0 0 0 0 0 0 0 0 0 0 0 0 0 0 0 0 0 0 0
 0 0 0 0 0 0 0 0 0 0 0 0 0 0 0 0 0 0 0 0 0 0 0 0 0 0
 0 0 0 0 0 0 0 0 0 0 0 0 0 0 0 0 0 0 0 0 0 0 0 0 0 0
 0 0 0 0 0 0 0 0 0 0 0 0 0 0 0 0 0 0 0 0 0 0 0 0 0 0
 0 0 0 0 0 0 0 0 0 0 0 0 0 0 0 0 0 0 0 0 0 0 0 0 0 0
 0 0 0 0 0 0 0 0 0 0 0 0 0 0 0 0 0 0 0 0 0 0 0 0 0 0
ppred_pel_tallas
 1.12071e-16 4.22496e-05 0.000410681 0.00272912 0.0124062 0.0386003 0.0822425 0.120038 0.120051 0.0823048 0.038811 0.013021 0.00429644 0.00391136 0.00692228 0.0119797 0.0186531 0.0263649 0.0344447 0.0424106 0.049945 0.056511 0.0610438 0.0621829 0.0590011 0.0516765
 1.19878e-16 3.89714e-05 0.000378816 0.00251736 0.0114436 0.0356054 0.0758621 0.110729 0.110757 0.0760003 0.0360697 0.012786 0.00589212 0.00776373 0.0141194 0.0234341 0.0341396 0.0438081 0.0500623 0.0519906 0.0507497 0.0487345 0.047942 0.0487912 0.0501426 0.0502417
 1.15016e-16 5.1367e-05 0.000499305 0.00331806 0.0150834 0.0469303 0.0999906 0.145943 0.145962 0.100083 0.0472397 0.015979 0.00557284 0.00544393 0.00950887 0.0158164 0.0232034 0.0300914 0.0349189 0.0370209 0.0370066 0.036243 0.0358648 0.0361055 0.0363625 0.0357614
 1.05525e-16 6.50031e-05 0.000631853 0.00419889 0.0190875 0.0593885 0.126534 0.184683 0.184696 0.1266 0.0596101 0.019728 0.00580835 0.00415144 0.00676774 0.011135 0.0161538 0.0205747 0.0231792 0.0234316 0.0217957 0.019391 0.0172691 0.0158757 0.0150209 0.0142225
 1.03497e-16 5.8037e-05 0.00056414 0.00374891 0.017042 0.0530241 0.112974 0.164894 0.164918 0.113088 0.0534055 0.0181434 0.00651395 0.00660124 0.0115266 0.0189722 0.0273447 0.0344318 0.0380193 0.0370928 0.0324373 0.0260934 0.0201216 0.0156372 0.0126739 0.0106736
 1.02438e-16 6.60425e-05 0.000641956 0.00426603 0.0193927 0.0603381 0.128557 0.187636 0.18765 0.128626 0.0605692 0.0200607 0.00594434 0.00431141 0.00705166 0.0115967 0.0168001 0.021337 0.0238965 0.0238636 0.0216587 0.0184052 0.0152069 0.0126172 0.0106094 0.00889718
 1.04369e-16 4.25006e-05 0.000413121 0.00274533 0.0124799 0.0388299 0.0827325 0.120759 0.120797 0.0829208 0.0394619 0.0143057 0.00732897 0.0104211 0.019055 0.0314489 0.0453335 0.0570804 0.063014 0.0614344 0.0536161 0.0429118 0.0327165 0.0248842 0.019513 0.0157546
 1.10239e-16 3.94307e-05 0.000383281 0.00254704 0.0115785 0.0360251 0.0767563 0.112034 0.112062 0.0768943 0.0364891 0.0129219 0.00593082 0.00780872 0.014255 0.0237997 0.0349709 0.0454193 0.0527308 0.0557321 0.0550494 0.0523966 0.0492328 0.0459385 0.0420316 0.0369723
 1.12941e-16 4.85272e-05 0.000471702 0.00313463 0.0142496 0.0443358 0.0944629 0.137876 0.137896 0.0945638 0.0446752 0.0152319 0.00560816 0.00589725 0.0104295 0.0173697 0.025505 0.0331216 0.0385139 0.0409429 0.0410351 0.0402059 0.0395833 0.0393133 0.0386915 0.0368371
 1.08666e-16 5.75203e-05 0.000559117 0.00371553 0.0168903 0.052552 0.111968 0.163425 0.163443 0.112058 0.0528531 0.0177608 0.00590394 0.00534726 0.00918353 0.0151782 0.022069 0.0282083 0.0319684 0.0326386 0.0308429 0.0280654 0.0256677 0.0241744 0.0232555 0.0222138
 1.04491e-16 6.19048e-05 0.000601737 0.00399876 0.0181778 0.0565579 0.120503 0.175882 0.175899 0.120589 0.056846 0.0190102 0.0060898 0.00517161 0.00875614 0.0144182 0.0208605 0.0264404 0.0295282 0.0293835 0.0265849 0.0226054 0.0188849 0.01613 0.0142513 0.0127679
 1.03598e-16 5.80288e-05 0.000564061 0.00374838 0.0170396 0.0530167 0.112958 0.164871 0.164893 0.113067 0.0533811 0.0180924 0.00639231 0.00634008 0.0110404 0.0181935 0.0262812 0.0332145 0.0369008 0.0363722 0.0323445 0.026694 0.021293 0.017122 0.0141752 0.0119467
 1.0518e-16 4.91028e-05 0.000477297 0.0031718 0.0144186 0.0448617 0.0955837 0.139513 0.139542 0.0957243 0.0453341 0.0157839 0.00660218 0.00797654 0.0143229 0.0236832 0.0343038 0.0435401 0.0487161 0.0485816 0.0440144 0.0373362 0.0308278 0.0256294 0.0216718 0.0183342
 1.06752e-16 5.25958e-05 0.00051125 0.00339744 0.0154443 0.0480529 0.102383 0.149435 0.149458 0.102492 0.0484191 0.0165031 0.00606058 0.00634255 0.0111792 0.0185346 0.0270149 0.0346465 0.0394396 0.0404655 0.0383517 0.0347288 0.0311035 0.0280787 0.0253952 0.022511
 1.00463e-16 8.03343e-05 0.000780878 0.00518921 0.0235894 0.0733954 0.156377 0.228237 0.228238 0.156385 0.0734226 0.023668 0.00538673 0.0012128 0.000902815 0.00137119 0.0019812 0.00252063 0.00283344 0.00285044 0.00262447 0.00228935 0.00197313 0.00173413 0.00155816 0.00139902
 1.00127e-16 7.51592e-05 0.000730574 0.00485492 0.0220698 0.0686673 0.146303 0.213536 0.213544 0.146344 0.0688025 0.0224599 0.00583337 0.00286366 0.00411782 0.00666644 0.00954387 0.0118919 0.0128927 0.0121717 0.0100235 0.00722684 0.00459914 0.00263032 0.00140394 0.000748028
 1.01362e-16 3.81957e-05 0.000371276 0.00246726 0.0112158 0.0348969 0.0743533 0.108531 0.108579 0.0745867 0.0356803 0.0134778 0.00814226 0.0127508 0.0235225 0.0387561 0.0556574 0.0696308 0.0760088 0.072622 0.0610956 0.0457752 0.0311848 0.0199844 0.0125903 0.00808219
 1.01195e-16 7.65924e-05 0.000744506 0.0049475 0.0224906 0.0699767 0.149093 0.217606 0.21761 0.14911 0.0700336 0.0226555 0.00536336 0.00165902 0.00183301 0.00296002 0.00437472 0.00574624 0.00678461 0.00734208 0.00746973 0.00733028 0.00704665 0.00662354 0.00599476 0.00512842
 1.00685e-16 6.87671e-05 0.000668441 0.00444202 0.0201928 0.0628274 0.133861 0.195377 0.195392 0.133934 0.0630725 0.0209005 0.00621716 0.00453932 0.00740782 0.0121053 0.0173557 0.0216669 0.0235713 0.0223982 0.0186816 0.0138201 0.00926797 0.00587699 0.00376319 0.00259181
 1.01247e-16 6.2602e-05 0.000608514 0.00404379 0.0183825 0.0571949 0.121861 0.177863 0.177883 0.121957 0.0575203 0.0193224 0.00640313 0.0057592 0.00984527 0.0161781 0.0233 0.0292983 0.0322607 0.0312922 0.0270327 0.0212058 0.0155804 0.0111596 0.0080626 0.00592292
 1.01863e-16 6.43088e-05 0.000625104 0.00415404 0.0188837 0.0587542 0.125183 0.182711 0.182728 0.125264 0.0590282 0.0196756 0.00614292 0.00497054 0.00832785 0.0136937 0.0197843 0.0250113 0.0277939 0.0273902 0.0243159 0.019956 0.015701 0.0122927 0.0097616 0.00778729
 1.0188e-16 6.51291e-05 0.000633078 0.00420703 0.0191245 0.0595036 0.126779 0.185042 0.185058 0.126859 0.0597711 0.0198972 0.00614701 0.00487016 0.00811821 0.0133338 0.0192384 0.0242691 0.0268755 0.026337 0.0231774 0.0187852 0.0145603 0.0112578 0.00891117 0.00717923
 1.05308e-16 3.05481e-05 0.000296938 0.00197326 0.0089702 0.0279099 0.0594668 0.0868039 0.0868534 0.059709 0.0287232 0.0113197 0.00787246 0.01318 0.0245126 0.0405141 0.0584473 0.0736804 0.0814946 0.0796911 0.0698671 0.0562672 0.0431865 0.0329672 0.0257493 0.0205135
 1.06197e-16 6.27949e-05 0.000610389 0.00405625 0.0184391 0.057371 0.122235 0.178408 0.178417 0.122282 0.0575278 0.0188943 0.00520666 0.0031481 0.00495972 0.00830222 0.012426 0.0166144 0.0201552 0.0226853 0.0243138 0.0253581 0.0259391 0.0258206 0.0246172 0.0221494
 1.04585e-16 5.93219e-05 0.00057663 0.00383191 0.0174193 0.0541981 0.115476 0.168544 0.168566 0.11558 0.0545484 0.018431 0.00637137 0.00612043 0.0105889 0.0174156 0.0250953 0.0315971 0.0349055 0.0341242 0.0300235 0.0245231 0.0195283 0.0160168 0.0139094 0.0125502
 1.07068e-16 3.76231e-05 0.00036571 0.00243027 0.0110477 0.0343737 0.0732382 0.106902 0.106941 0.0734307 0.0350203 0.0129165 0.00712511 0.0106272 0.0195632 0.0323793 0.0468659 0.0594069 0.0663224 0.0658929 0.0593347 0.0498701 0.0406915 0.0334352 0.0280599 0.0237225
 1.05305e-16 6.49875e-05 0.000631702 0.00419788 0.019083 0.0593742 0.126503 0.184638 0.184648 0.126553 0.0595419 0.0195687 0.00542232 0.00332226 0.00522665 0.00867375 0.0128074 0.0167763 0.0197457 0.0213186 0.0217144 0.0214966 0.0210896 0.0205026 0.0194451 0.017654
 1.03618e-16 6.04755e-05 0.000587843 0.00390643 0.0177581 0.055252 0.117721 0.171822 0.171843 0.117823 0.0555946 0.0187476 0.00639011 0.00600941 0.0103563 0.0170245 0.0245191 0.0308413 0.0340045 0.0331128 0.028903 0.0232472 0.0180251 0.0142363 0.0118683 0.0103468
 1.06084e-16 3.88687e-05 0.000377817 0.00251073 0.0114134 0.0355117 0.0756628 0.11044 0.110479 0.0758529 0.0361504 0.0132593 0.00714755 0.0105113 0.0193173 0.0319601 0.046236 0.0585593 0.0652801 0.064689 0.0579854 0.0483645 0.0390069 0.0315664 0.0260426 0.0216364
 1.09702e-16 4.87017e-05 0.000473398 0.0031459 0.0143008 0.0444952 0.0948026 0.138371 0.138392 0.0949019 0.0448294 0.0152685 0.00558497 0.005831 0.0103211 0.017241 0.0254298 0.0332356 0.0389794 0.0418573 0.0423123 0.041498 0.0403135 0.0388413 0.0365574 0.0329677
 1.05782e-16 6.43096e-05 0.000625112 0.00415409 0.0188839 0.0587549 0.125184 0.182712 0.182726 0.125249 0.0589743 0.0195183 0.00574898 0.0041147 0.00671546 0.0110641 0.016086 0.0205633 0.0233091 0.0238049 0.0225013 0.0204708 0.0186915 0.0175303 0.0167383 0.0158149
pSPR Fmed_Fpbrs
0.548672   0.219177 0.219177
Fs Fmed_Fpbrs
0.34   1.005 1.005
SSBpbr Bo_Bmed_Bpbrs
1.35145e+06  673932  228635 228635
Ro
141601
SPR SPRFo_SPRFmed_SPRFpbrs
1.01071e+06 554547 221524
Fref
1.005
Nvult_r0
 174416 28564.7 8356.92 5927.81 1766.6
CTP_r0
 75672.2 14318 4188.88 2971.3 885.505
YTP_r0
1.08022e+06
Np
 186728 31922.2 8362.35 1225.14 406.694
Nvult_p0
 154806 27623.5 7236.28 1060.16 351.928
CTP_p0
 67164.1 26935.6 3946.25 1154.52 1044.64
 67164.1 13846.2 3627.16 531.403 176.403
YTP_p0
 1.14441e+06 858202
CBA_c0
1.09948e+06
log_Ro
11.6808
likeval ReclasPelacesDesembMPH_pf_preclas_ppelaces_ptallas_desvR_qrecl_qpela
 0.000335697 13.9553 0.045233 33.661 226.29 125.07 108.563 0 18.4035 7.10817e-06 3.586e-05 0.166088 0 0 0
q_reclas_q_pelaces
1.45797 2.33235
M
1
N
 168800 36297.8 93023.4 6262.61 0.229487
 95886 53366.3 10946.6 28053.8 1888.73
 95316 26656.9 13596.8 2789.01 7628.84
 162665 26630.4 6836.12 3486.89 2671.64
 137805 40734.2 5915.96 1518.65 1368.12
 281028 44957.1 12801 1859.13 907.188
 118713 85191.5 12831.2 3653.55 789.537
 57285.2 29533.1 18762.8 2825.99 978.559
 62393.4 19884.9 10067.8 6396.24 1296.97
 77252.7 18703.9 5592.81 2831.66 2163.79
 108109 22294.6 5004.86 1496.54 1336.7
 123573 37112.8 7490.41 1681.5 951.894
 67108.7 31666.4 8497.62 1715.06 602.961
 31622.7 15517.2 6336.21 1700.31 463.819
 106155 1774.26 484.735 197.935 67.6045
 261609 23874.4 342.34 93.5289 51.2353
 53419.2 54186.1 4135.04 59.2932 25.0731
 330414 12163.3 10625.8 810.873 16.5441
 381808 69865.5 2164.53 1890.91 147.243
 296378 75526.9 11392.3 352.948 332.342
 343509 69382.2 15359.4 2316.77 139.363
 457740 91092.5 16615.9 3678.31 588.201
 90054.3 111674 19555.6 3567.06 915.926
 225945 25638.7 29354.9 5140.41 1178.41
 238180 65255.8 6867.29 7862.67 1692.49
 87913.9 69070.4 17572.4 1849.26 2573.06
 227403 26739.1 19799.4 5037.22 1267.68
 258957 67026.2 7355.61 5446.59 1734.41
 107034 79763.3 19534.4 2143.75 2092.86
 108322 33604.8 23836.9 5837.77 1266.09
 210382 33009.8 9657.39 6850.27 2041.52
pred_Ctot
 15190.5 4202.75 10770.7 725.119 0.0265712
 15148.7 10684.3 2191.58 5616.56 378.137
 14820.6 5255.51 2680.67 549.865 1504.06
 33870.2 6945.2 1782.86 909.379 696.764
 9957.81 3801.74 552.138 141.736 127.687
 31757.9 6503.63 1851.84 268.948 131.237
 25077.1 22524.1 3392.49 965.973 208.748
 2052.98 1377.68 875.263 131.829 45.6486
 7424.37 3024.98 1531.56 973.025 197.301
 10734.6 3307.8 989.093 500.782 382.667
 4593.71 1231.37 276.427 82.6565 73.8281
 24406.5 9204.2 1857.67 417.022 236.076
 16360.2 9587.12 2572.69 519.241 182.549
 19486.2 10695.4 4367.33 1171.96 319.694
 27136 561.627 153.439 62.6546 21.3997
 75677.9 8481.02 121.611 33.2247 18.2006
 13375.4 16822.1 1283.72 18.4076 7.78396
 92860.8 4206.51 3674.77 280.428 5.72152
 117269 26232.4 812.714 709.979 55.2852
 70663.1 22392 3377.55 104.641 98.5316
 62248.8 15848 3508.33 529.187 31.8327
 100753 25042.6 4567.93 1011.22 161.705
 13141.9 20708.9 3626.4 661.478 169.85
 31307.6 4521.85 5177.27 906.605 207.833
 32499.7 11339 1193.27 1366.23 294.09
 9777.46 9837.56 2502.8 263.386 366.475
 29097.1 4365.24 3232.32 822.344 206.953
 27025 8971.56 984.559 729.035 232.153
 10045 9623.2 2356.77 258.637 252.498
 11934.4 4742.56 3364.03 823.868 178.68
 26757.7 5357.57 1567.42 1111.81 331.343
F
 0.151537 0.198727 0.198727 0.198727 0.198727
 0.280114 0.367344 0.367344 0.367344 0.367344
 0.275144 0.360826 0.360826 0.360826 0.360826
 0.384624 0.5044 0.5044 0.5044 0.5044
 0.120132 0.157543 0.157543 0.157543 0.157543
 0.193553 0.253828 0.253828 0.253828 0.253828
 0.391199 0.513023 0.513023 0.513023 0.513023
 0.0580804 0.0761673 0.0761673 0.0761673 0.0761673
 0.204725 0.268479 0.268479 0.268479 0.268479
 0.242735 0.318325 0.318325 0.318325 0.318325
 0.0691797 0.090723 0.090723 0.090723 0.090723
 0.361577 0.474175 0.474175 0.474175 0.474175
 0.464366 0.608975 0.608975 0.608975 0.608975
 1.88049 2.4661 2.4661 2.4661 2.4661
 0.492091 0.645333 0.645333 0.645333 0.645333
 0.574427 0.75331 0.75331 0.75331 0.75331
 0.479744 0.629141 0.629141 0.629141 0.629141
 0.553773 0.726224 0.726224 0.726224 0.726224
 0.620428 0.813636 0.813636 0.813636 0.813636
 0.452005 0.592764 0.592764 0.592764 0.592764
 0.327337 0.429273 0.429273 0.429273 0.429273
 0.410715 0.538616 0.538616 0.538616 0.538616
 0.25631 0.336127 0.336127 0.336127 0.336127
 0.241978 0.317333 0.317333 0.317333 0.317333
 0.237901 0.311986 0.311986 0.311986 0.311986
 0.190232 0.249473 0.249473 0.249473 0.249473
 0.221642 0.290663 0.290663 0.290663 0.290663
 0.177599 0.232905 0.232905 0.232905 0.232905
 0.158478 0.20783 0.20783 0.20783 0.20783
 0.188305 0.246946 0.246946 0.246946 0.246946
 0.220184 0.288751 0.288751 0.288751 0.288751
YTP_r0W_actual
 628079 201884 115613 101618 33029.3
YTP_p0W_proyectada
 506418 470027 94986.2 36159.5 36823.7
 506418 241617 87305.8 16643.5 6218.21
CTP_r0_actual
 75672.2 14318 4188.88 2971.3 885.505
CTP_p0_proyectada
 67164.1 26935.6 3946.25 1154.52 1044.64
 67164.1 13846.2 3627.16 531.403 176.403
Wmedp
 7.54 17.45 24.07 31.32 35.25
Frms_r0
 0.76635 1.005 1.005 1.005 1.005
Zrms_r0
 1.76635 2.005 2.005 2.005 2.005
nmprior
 7.29 8.9 8.7 0
nm_flota  nm_reclas  nm_pelaces    nm_pelaL
inf 10.8779 15.5411 35.3937
cv_recla  cv_pelaces  cv_mph
0.55243 0.423586 0.48274
 ------------------------------------------------
Talla a la edad & desviaci?n 
 8 13.2811 15.8009 17.003 17.5766
 0.8 1.32811 1.58009 1.7003 1.75766
