years
 1991 1992 1993 1994 1995 1996 1997 1998 1999 2000 2001 2002 2003 2004 2005 2006 2007 2008 2009 2010 2011 2012 2013 2014 2015 2016 2017 2018 2019 2020
reclasobs
 0 0 0 0 0 0 0 0 0 252601 567819 844713 477998 351125 339783 2.1784e+06 2.13404e+06 4.81314e+06 1.55562e+06 2.62356e+06 3.21686e+06 3.843e+06 1.13348e+06 3.07943e+06 1.97215e+06 2.03268e+06 2.025e+06 2.42433e+06 2.27542e+06 1.05018e+06
reclaspred
 3.58086e+06 1.95535e+06 983331 1.07624e+06 1.15059e+06 2.27179e+06 1.49791e+06 1.42816e+06 1.16991e+06 934377 916112 1.01255e+06 706709 171779 671994 1.1069e+06 800163 1.63834e+06 1.78507e+06 1.6512e+06 3.03542e+06 2.6345e+06 2.00861e+06 2.94513e+06 2.29398e+06 1.98995e+06 2.36558e+06 2.50654e+06 1.92349e+06 1.14119e+06
pelacesobs
 0 0 0 0 0 0 0 0 0 0 0 0 0 0 0 552880 188675 0 991730 2.46772e+06 1.41603e+06 1.21717e+06 2.29649e+06 1.80582e+06 0 1.4828e+06 1.56532e+06 1.57751e+06 1.42118e+06 867257
pelacespred
 2.44619e+06 1.45424e+06 711473 607432 712553 1.43543e+06 922452 1.0854e+06 867056 665205 669130 603565 442141 69380.1 413062 564631 423351 924267 1.03961e+06 883996 1.77324e+06 1.61726e+06 1.3274e+06 2.0606e+06 1.56857e+06 1.38133e+06 1.82132e+06 1.73742e+06 1.28325e+06 851942
mphobs
 0 0 0 0 0 0 0 0 0 0 0 0 498337 0 5186 125008 0 168611 109162 213762 579715 649985 157893 87575 83554 210694 70296 0 107559 103333
mphpred
 969154 644361 308786 170985 202903 259149 425309 279332 265959 213903 153840 197151 182202 76971.2 10424.1 105181 189345 131446 226452 318994 448108 563487 113693 94532 133008 111520 92889.6 102600 138663 92620.8
desembarqueobs
 494567 514787 250237 358949 120608 361735 552515 73892 212993 205616 52469 317467 293654 387597 252695 516296 358380 742168 942051 627588 828172 859565 418607 520667 417249 300574 415391 372974 316634 284311
desembarquepred
 494570 513942 250646 358967 120611 361729 552491 73894.5 213014 205642 52471.6 317507 293829 388037 252653 516208 358370 741876 941382 627264 828222 859457 418608 520717 417204 300587 415393 372947 316605 284313
Reclutas
 166145 95661.6 93399.7 156850 131691 273687 114337 54184 59562.9 74809.1 106084 124299 67311.5 31780.1 103245 258157 51470.4 325216 373927 293895 340591 496033 94673.6 239897 252251 89497.3 214856 236059 69480.6 53092.9
log_desv_Rt
 0.222527 -0.329519 -0.353448 0.164956 -0.00988197 0.721649 -0.15119 -0.897951 -0.803304 -0.575397 -0.226104 -0.0676491 -0.681006 -1.4315 -0.253228 0.663233 -0.949329 0.894152 1.03372 0.792887 0.940345 1.31631 -0.339901 0.589875 0.640086 -0.396128 0.479632 0.573744 -0.64929 -0.918294
SSB
 1.99833e+06 1.32863e+06 636696 352559 418373 534347 876958 575963 548390 441053 317208 406511 357904 153233 20793.4 209360 390415 271032 484384 515724 743062 980995 1.00107e+06 798761 1.05351e+06 937806 735808 781939 1.09688e+06 686805
BT
 2.82243e+06 1.93474e+06 942841 936173 833382 1.85817e+06 1.4191e+06 1.18861e+06 1.10239e+06 882996 749189 900659 726057 468963 718847 1.05208e+06 719842 1.69155e+06 2.03322e+06 1.46038e+06 2.604e+06 2.49045e+06 1.71783e+06 2.7091e+06 2.00016e+06 1.67876e+06 2.38659e+06 2.20562e+06 1.54629e+06 1.13655e+06
Ftot
 0.206117 0.381576 0.375232 0.524306 0.165702 0.262373 0.539071 0.0808692 0.284755 0.338147 0.0941095 0.482511 0.616457 2.51135 0.656198 0.763544 0.655438 0.742327 0.835074 0.606321 0.43676 0.516427 0.312517 0.289783 0.284394 0.229976 0.287187 0.246348 0.241222 0.370185
BD_Bspro_t
 0.967559 0.77489 0.565094 0.464762 0.475622 0.585493 0.631747 0.4811 0.554328 0.551167 0.540716 0.68285 0.524925 0.271913 0.0558278 0.354581 0.384766 0.29044 0.361194 0.336249 0.364014 0.426096 0.458068 0.44227 0.549518 0.578532 0.575615 0.621079 0.678563 0.577785
BD_Bspro
 2.11073 1.40336 0.67251 0.37239 0.441906 0.564405 0.926287 0.608361 0.579237 0.465862 0.335051 0.429378 0.378036 0.161852 0.0219631 0.221137 0.412376 0.286277 0.511631 0.544734 0.784859 1.03618 1.05738 0.843691 1.11277 0.990558 0.777197 0.825923 1.15858 0.725438
BD_Bo
 1.51196 1.00526 0.481733 0.266751 0.316547 0.404295 0.663519 0.435781 0.414919 0.333707 0.240004 0.307572 0.270795 0.115938 0.0157326 0.158405 0.295394 0.205066 0.366492 0.390204 0.562211 0.742235 0.757421 0.604354 0.797099 0.709557 0.556722 0.591626 0.829913 0.519646
BD_Brms
 2.74902 1.82774 0.875878 0.485002 0.57554 0.735081 1.2064 0.79233 0.754399 0.60674 0.436371 0.559222 0.492355 0.210797 0.0286047 0.288009 0.537079 0.372848 0.666349 0.709462 1.0222 1.34952 1.37713 1.09882 1.44927 1.2901 1.01222 1.07568 1.50893 0.944812
Sel_flota
 0.778406 1 1 1 1
 0.778406 1 1 1 1
 0.778406 1 1 1 1
 0.778406 1 1 1 1
 0.778406 1 1 1 1
 0.778406 1 1 1 1
 0.778406 1 1 1 1
 0.778406 1 1 1 1
 0.778406 1 1 1 1
 0.778406 1 1 1 1
 0.778406 1 1 1 1
 0.778406 1 1 1 1
 0.778406 1 1 1 1
 0.778406 1 1 1 1
 0.778406 1 1 1 1
 0.778406 1 1 1 1
 0.778406 1 1 1 1
 0.778406 1 1 1 1
 0.778406 1 1 1 1
 0.778406 1 1 1 1
 0.778406 1 1 1 1
 0.778406 1 1 1 1
 0.778406 1 1 1 1
 0.778406 1 1 1 1
 0.778406 1 1 1 1
 0.778406 1 1 1 1
 0.778406 1 1 1 1
 0.778406 1 1 1 1
 0.778406 1 1 1 1
 0.778406 1 1 1 1
Sel_reclas
 1 1 1 1 1
 1 1 1 1 1
 1 1 1 1 1
 1 1 1 1 1
 1 1 1 1 1
 1 1 1 1 1
 1 1 1 1 1
 1 1 1 1 1
 1 1 1 1 1
 1 1 1 1 1
 1 1 1 1 1
 1 1 1 1 1
 1 1 1 1 1
 1 1 1 1 1
 1 1 1 1 1
 1 1 1 1 1
 1 1 1 1 1
 1 1 1 1 1
 1 1 1 1 1
 1 1 1 1 1
 1 1 1 1 1
 1 1 1 1 1
 1 1 1 1 1
 1 1 1 1 1
 1 1 1 1 1
 1 1 1 1 1
 1 1 1 1 1
 1 1 1 1 1
 1 1 1 1 1
 1 1 1 1 1
Sel_pelaces
 0.826367 0.959922 0.991772 0.998354 0.999673
 0.826367 0.959922 0.991772 0.998354 0.999673
 0.826367 0.959922 0.991772 0.998354 0.999673
 0.826367 0.959922 0.991772 0.998354 0.999673
 0.826367 0.959922 0.991772 0.998354 0.999673
 0.826367 0.959922 0.991772 0.998354 0.999673
 0.826367 0.959922 0.991772 0.998354 0.999673
 0.826367 0.959922 0.991772 0.998354 0.999673
 0.826367 0.959922 0.991772 0.998354 0.999673
 0.826367 0.959922 0.991772 0.998354 0.999673
 0.826367 0.959922 0.991772 0.998354 0.999673
 0.826367 0.959922 0.991772 0.998354 0.999673
 0.826367 0.959922 0.991772 0.998354 0.999673
 0.826367 0.959922 0.991772 0.998354 0.999673
 0.826367 0.959922 0.991772 0.998354 0.999673
 0.826367 0.959922 0.991772 0.998354 0.999673
 0.826367 0.959922 0.991772 0.998354 0.999673
 0.826367 0.959922 0.991772 0.998354 0.999673
 0.826367 0.959922 0.991772 0.998354 0.999673
 0.826367 0.959922 0.991772 0.998354 0.999673
 0.826367 0.959922 0.991772 0.998354 0.999673
 0.826367 0.959922 0.991772 0.998354 0.999673
 0.826367 0.959922 0.991772 0.998354 0.999673
 0.826367 0.959922 0.991772 0.998354 0.999673
 0.826367 0.959922 0.991772 0.998354 0.999673
 0.826367 0.959922 0.991772 0.998354 0.999673
 0.826367 0.959922 0.991772 0.998354 0.999673
 0.826367 0.959922 0.991772 0.998354 0.999673
 0.826367 0.959922 0.991772 0.998354 0.999673
 0.826367 0.959922 0.991772 0.998354 0.999673
pf_obs 
 0.8446 0.082 0.0669 0.0065 0
 0.8095 0.147 0.0364 0.0071 0
 0.9664 0.0169 0.016 0.0007 0
 0.9276 0.0648 0.0075 0.0001 0
 0.7033 0.2144 0.0806 0.0017 0
 0.9318 0.0425 0.0243 0.0014 0
 0.5671 0.3108 0.0964 0.0239 0.0018
 0.0768 0.2599 0.5324 0.112 0.0189
 0.490249 0.384438 0.106611 0.0170017 0.00170017
 0.7925 0.1577 0.0466 0.003 0.0002
 0.840416 0.127587 0.0312969 0.00059994 9.999e-05
 0.8084 0.0986 0.0794 0.0134 0.0002
 0.7335 0.1905 0.0724 0.0035 0.0001
 0.4001 0.4547 0.1325 0.0127 0
 0.49795 0.308269 0.164784 0.0264974 0.00249975
 0.9179 0.0499 0.0305 0.0017 0
 0.2467 0.6533 0.0926 0.0074 0
 0.9418 0.0223 0.034 0.0019 0
 0.707729 0.231977 0.0356964 0.0245975 0
 0.517169 0.277429 0.184464 0.0207286 0.00020938
 0.811772 0.124168 0.05621 0.00726502 0.000585176
 0.764997 0.148141 0.077277 0.00933861 0.000247198
 0.163321 0.427699 0.378323 0.0303852 0.000271297
 0.753843 0.0900009 0.118128 0.0371064 0.000921714
 0.721811 0.176058 0.0630433 0.0369309 0.00215725
 0.143369 0.312575 0.442814 0.0836902 0.0175525
 0.692698 0.0596174 0.167031 0.0765114 0.00414204
 0.394062 0.376323 0.152708 0.0712218 0.00568511
 0.125707 0.32114 0.495352 0.0537591 0.00404204
 0.23352 0.215282 0.420074 0.123614 0.00750983
pf_pred 
 0.502015 0.137771 0.337069 0.0231435 8.21669e-07
 0.457746 0.30961 0.0643625 0.157469 0.0108123
 0.604943 0.210599 0.10532 0.0218941 0.057244
 0.770318 0.154848 0.039893 0.0199504 0.0149909
 0.690428 0.254579 0.037075 0.00955152 0.00836594
 0.792402 0.154752 0.043459 0.00632904 0.00305867
 0.486661 0.428877 0.062961 0.0176814 0.00381941
 0.465797 0.303085 0.193091 0.0283467 0.00968021
 0.574235 0.226065 0.113301 0.0721827 0.0142155
 0.687129 0.20112 0.0593355 0.0297382 0.0226769
 0.74628 0.189525 0.0412656 0.0121744 0.0107545
 0.687855 0.247456 0.0483213 0.0105211 0.00584593
 0.568891 0.32396 0.0849436 0.0165871 0.00561824
 0.548686 0.292743 0.119159 0.031244 0.0081676
 0.972931 0.0189808 0.00524652 0.00213556 0.000706332
 0.901955 0.0961445 0.00133286 0.000368418 0.000199562
 0.428551 0.53108 0.0395857 0.00054878 0.000233855
 0.923933 0.0390559 0.034397 0.00256388 5.06896e-05
 0.814221 0.175635 0.00520822 0.00458693 0.00034866
 0.743213 0.221785 0.0330909 0.000981262 0.000929898
 0.765925 0.18766 0.0400883 0.00598127 0.000345448
 0.786996 0.173994 0.0312749 0.00668101 0.00105439
 0.341522 0.550426 0.0882628 0.015865 0.00392397
 0.741991 0.105769 0.127258 0.0204064 0.0045752
 0.69401 0.242771 0.0259161 0.0311816 0.00612112
 0.418152 0.437339 0.114653 0.0122393 0.0176168
 0.7524 0.120744 0.0953496 0.0249969 0.00650931
 0.704469 0.237083 0.0285026 0.0225081 0.0074373
 0.36936 0.479195 0.121493 0.0146062 0.0153455
 0.468324 0.23246 0.227361 0.0576442 0.014211
pobs_RECLAS
 0 0 0 0 0
 0 0 0 0 0
 0 0 0 0 0
 0 0 0 0 0
 0 0 0 0 0
 0 0 0 0 0
 0 0 0 0 0
 0 0 0 0 0
 0 0 0 0 0
 0 0 0 0 0
 0.991045 0.00858322 0.000360255 1.14367e-05 0
 0.934742 0.0480273 0.0164251 0.00080598 0
 0.827803 0.169806 0.00239088 0 0
 0.941827 0.0461693 0.0120037 0 0
 0.791401 0.0380133 0.147996 0.0225897 0
 0.846168 0.0940531 0.0597789 0 0
 0.134021 0.677848 0.182769 0.00536245 0
 0.80878 0.0450904 0.141981 0.00414843 0
 0.846168 0.0940531 0.0597789 0 0
 0.905697 0.0802665 0.012482 0.00150086 5.37128e-05
 0.989698 0.0102097 9.19794e-05 0 0
 0.975433 0.0193895 0.00387452 0.00125025 5.28907e-05
 0.303575 0.632131 0.0575291 0.00676475 0
 0.966965 0.00978017 0.0227588 0.000495775 0
 0.843318 0.132988 0.00938335 0.0141283 0.000182051
 0.564624 0.303363 0.111486 0.0197234 0.00080311
 0.826376 0.0876187 0.0782897 0.00655872 0.00115652
 0.89761 0.0855135 0.0140674 0.00269457 0.000114338
 0.34875 0.467042 0.161289 0.0227151 0.000203297
 0.318654 0.224769 0.449479 0.00709798 0
ppred_RECLAS
 0.565366 0.120244 0.294189 0.0201993 7.1714e-07
 0.522548 0.27261 0.0566708 0.13865 0.00952021
 0.664986 0.178591 0.089313 0.0185666 0.0485438
 0.813714 0.125591 0.0323557 0.016181 0.0121585
 0.741938 0.21222 0.030906 0.00796224 0.00697392
 0.831431 0.125658 0.0352886 0.00513916 0.00248364
 0.552643 0.373751 0.0548684 0.0154087 0.00332848
 0.528731 0.267378 0.170343 0.0250071 0.00853979
 0.635546 0.193512 0.0969856 0.0617883 0.0121684
 0.739841 0.167236 0.0493388 0.024728 0.0188564
 0.791044 0.156088 0.0339852 0.0100265 0.00885707
 0.741339 0.205057 0.0400418 0.00871836 0.00484427
 0.632927 0.27584 0.0723264 0.0141233 0.00478373
 0.639858 0.233605 0.0950873 0.0249323 0.00651762
 0.979181 0.0145982 0.0040351 0.00164246 0.00054324
 0.923598 0.0749207 0.00103863 0.00028709 0.000155508
 0.495286 0.46906 0.0349628 0.000484692 0.000206545
 0.940994 0.0302959 0.0266819 0.00198882 3.93202e-05
 0.852429 0.139514 0.00413707 0.00364356 0.000276953
 0.790812 0.180674 0.0269569 0.000799369 0.000757526
 0.809506 0.152721 0.0326245 0.00486765 0.000281131
 0.827907 0.140576 0.025268 0.00539781 0.00085188
 0.401594 0.500212 0.0802107 0.0144176 0.003566
 0.788083 0.0868738 0.104524 0.0167609 0.00375787
 0.745709 0.201753 0.0215374 0.0259133 0.00508692
 0.481294 0.389879 0.102211 0.0109111 0.0157051
 0.79713 0.0989311 0.0781244 0.0204811 0.00533338
 0.754839 0.196674 0.0236446 0.0186718 0.00616969
 0.430656 0.432619 0.109684 0.0131865 0.013854
 0.533067 0.204153 0.199675 0.0506247 0.0124805
pobs_PELACES
 0 0 0 0 0
 0 0 0 0 0
 0 0 0 0 0
 0 0 0 0 0
 0 0 0 0 0
 0 0 0 0 0
 0 0 0 0 0
 0 0 0 0 0
 0 0 0 0 0
 0 0 0 0 0
 0 0 0 0 0
 0 0 0 0 0
 0 0 0 0 0
 0 0 0 0 0
 0 0 0 0 0
 0 0 0 0 0
 0.505614 0.472636 0.0217494 0 0
 0 0 0 0 0
 0.443492 0.261883 0.143347 0.151278 0
 0.227955 0.32914 0.350689 0.0885471 0.00366901
 0.970185 0.0296113 0.000203453 0 0
 0.997202 0.00247181 0.000326279 0 0
 0.445219 0.490057 0.0546422 0.010081 0
 0.90214 0.0892962 0.00764917 0.000914606 0
 0 0 0 0 0
 0.581667 0.319106 0.0959925 0.00289975 0.000334073
 0.762889 0.0836404 0.116647 0.0363945 0.000428098
 0.88444 0.0763242 0.0277011 0.0115352 0
 0.521256 0.241999 0.230069 0.00667565 0
 0.616807 0.101726 0.260614 0.0208532 0
ppred_PELACES
 0.526027 0.128015 0.323592 0.0223656 7.95099e-07
 0.488024 0.287609 0.0617725 0.152135 0.0104599
 0.633276 0.192215 0.0993157 0.020783 0.0544105
 0.79429 0.13705 0.0364792 0.0183642 0.0138172
 0.713422 0.234188 0.035237 0.00913826 0.00801454
 0.810987 0.139672 0.0405256 0.005941 0.00287494
 0.523787 0.395582 0.06 0.0169617 0.00366878
 0.4891 0.285617 0.188 0.0277824 0.00950006
 0.601144 0.208238 0.107829 0.0691523 0.0136366
 0.712394 0.182489 0.0556251 0.0280636 0.0214283
 0.764815 0.1741 0.0391648 0.0116313 0.0102883
 0.717313 0.222488 0.0448871 0.00983819 0.00547371
 0.606226 0.293376 0.0794767 0.0156226 0.00529853
 0.644826 0.227587 0.0957116 0.0252625 0.00661267
 0.976761 0.0161231 0.00460446 0.00188666 0.000624831
 0.916645 0.0816834 0.00116996 0.000325536 0.000176566
 0.469266 0.492084 0.0378959 0.000528841 0.000225656
 0.934473 0.0331018 0.0301204 0.00226002 4.4741e-05
 0.840645 0.150354 0.00460645 0.00408388 0.000310832
 0.772026 0.196002 0.0302143 0.000901907 0.000855826
 0.789545 0.16759 0.0369887 0.00555543 0.000321277
 0.810383 0.153915 0.0285837 0.00614664 0.00097134
 0.370183 0.523506 0.0867313 0.0156932 0.00388661
 0.76219 0.0955521 0.11878 0.0191733 0.00430442
 0.718928 0.221293 0.0244071 0.0295609 0.00581064
 0.446097 0.412771 0.111802 0.0120142 0.0173157
 0.772396 0.10904 0.0889644 0.0234777 0.00612179
 0.728204 0.216464 0.0268872 0.0213734 0.00707168
 0.396602 0.454709 0.11911 0.0144147 0.0151644
 0.497568 0.215443 0.217709 0.0555634 0.0137161
pobs_pel_tallas
 0 0 0 0 0 0 0 0 0 0 0 0 0 0 0 0 0 0 0 0 0 0 0 0 0 0
 0 0 0 0 0 0 0 0 0 0 0 0 0 0 0 0 0 0 0 0 0 0 0 0 0 0
 0 0 0 0 0 0 0 0 0 0 0 0 0 0 0 0 0 0 0 0 0 0 0 0 0 0
 0 0 0 0 0 0 0 0 0 0 0 0 0 0 0 0 0 0 0 0 0 0 0 0 0 0
 0 0 0 0 0 0 0 0 0 0 0 0 0 0 0 0 0 0 0 0 0 0 0 0 0 0
 0 0 0 0 0 0 0 0 0 0 0 0 0 0 0 0 0 0 0 0 0 0 0 0 0 0
 0 0 0 0 0 0 0 0 0 0 0 0 0 0 0 0 0 0 0 0 0 0 0 0 0 0
 0 0 0 0 0 0 0 0 0 0 0 0 0 0 0 0 0 0 0 0 0 0 0 0 0 0
 0 0 0 0 0 0 0 0 0 0 0 0 0 0 0 0 0 0 0 0 0 0 0 0 0 0
 0 0 0 0 0 0 0 0 0 0 0 0 0 0 0 0 0 0 0 0 0 0 0 0 0 0
 0 0 0 0 0 0 0 0 0 0 0 0 0 0 0 0 0 0 0 0 0 0 0 0 0 0
 0 0 0 0 0 0 0 0 0 0 0 0 0 0 0 0 0 0 0 0 0 0 0 0 0 0
 0.00862536 0 0 0.000197151 0.00414017 0.0128641 0.00837892 0.0270097 0.101434 0.158115 0.152841 0.127902 0.109271 0.109419 0.0830992 0.0579132 0.0238553 0.00714673 0.00463305 0.00128148 0.00103504 0.000492878 0.000147863 0.000147863 4.92878e-05 0
 0 0 0 0 0 0 0 0 0 0 0 0 0 0 0 0 0 0 0 0 0 0 0 0 0 0
 0 0 0 0 0 0 0 0.0054083 0.00873648 0.0413646 0.0450493 0.0745869 0.0622846 0.0627006 0.0613931 0.0827291 0.12552 0.122667 0.0946155 0.0697135 0.0546179 0.0294188 0.0215738 0.0213955 0.0102223 0.00600262
 0 0 0 0 0.00359764 0.0251062 0.0480494 0.140153 0.205849 0.193036 0.1447 0.116669 0.0760912 0.0342217 0.00950174 0.001854 0.000860785 0 0 0 0.000165536 0 0.000143464 0 0 0
 0 0 0 0 0 0 0 0.000145254 0.000435761 0.0275982 0.070085 0.0708112 0.156366 0.174668 0.174014 0.160142 0.0824315 0.0480064 0.0283245 0.00493863 0.00203355 0 0 0 0 0
 0 0 0 0 0 0 0 0 0 0 0 0 0 0 0 0 0 0 0 0 0 0 0 0 0 0
 0 0 1.00437e-05 0.000401748 0.00122533 0.00171747 0.00176769 0.0269171 0.070346 0.194647 0.189555 0.159765 0.064822 0.0314167 0.0384472 0.0292271 0.0345202 0.0313363 0.0194345 0.0106764 0.0143323 0.0359363 0.0279516 0.0138201 0.00172751 0
 0 0.0021121 0.0136068 0.0755702 0.200478 0.177729 0.0527432 0.0373336 0.0318909 0.0142505 0.0149659 0.0166563 0.0217959 0.0798694 0.0677717 0.0528807 0.04013 0.0224614 0.0357745 0.0225083 0.00881397 0.00855152 0.00135912 0.000746735 0 0
 0 0 0 0 5.4009e-05 0.00500934 0.000945158 0.0243581 0.138947 0.33067 0.221406 0.137944 0.0707744 0.0437923 0.0131692 0.00525238 0.0047753 0.00276346 9.45158e-05 9.00151e-06 2.25038e-05 9.00151e-06 4.50075e-06 0 0 0
 0.000866109 0.00284123 0.00948549 0.0512746 0.133035 0.25785 0.225252 0.132002 0.0553304 0.0519788 0.0540692 0.017754 0.00435017 0.00159236 0.00146478 0.000404838 0.000125132 0.000115318 0.000107957 0.000100596 0 0 0 0 0 0
 0 0 0 0 0.00144013 0.00171154 0.00461396 0.0210425 0.0478622 0.0707936 0.0888783 0.103762 0.0637923 0.0337046 0.0602308 0.124433 0.169614 0.0934646 0.0462172 0.0250306 0.0313229 0.00938855 0.002487 0.000210481 0 0
 0 0.00764035 0.051015 0.0998891 0.058973 0.0496711 0.0374665 0.0718981 0.12319 0.153886 0.159021 0.0857701 0.0377988 0.023471 0.0147837 0.00900784 0.00315554 0.000888139 0.00291439 0.00214683 0.00393193 0.00274676 0.000635225 9.99891e-05 0 0
 0 0 0 0 0 0 0 0 0 0 0 0 0 0 0 0 0 0 0 0 0 0 0 0 0 0
 0 0 0 0 0 0 0 0 0 0 0 0 0 0 0 0 0 0 0 0 0 0 0 0 0 0
 0 0 0 0 0 0 0 0 0 0 0 0 0 0 0 0 0 0 0 0 0 0 0 0 0 0
 0 0 0 0 0 0 0 0 0 0 0 0 0 0 0 0 0 0 0 0 0 0 0 0 0 0
 0 0 0 0 0 0 0 0 0 0 0 0 0 0 0 0 0 0 0 0 0 0 0 0 0 0
 0 0 0 0 0 0 0 0 0 0 0 0 0 0 0 0 0 0 0 0 0 0 0 0 0 0
ppred_pel_tallas
 1.11615e-16 4.33282e-05 0.000421165 0.00279879 0.0127229 0.0395857 0.0843421 0.123102 0.123115 0.0844049 0.0397982 0.0133425 0.0043769 0.00394191 0.00695127 0.0119994 0.0186199 0.0261953 0.0340205 0.0416056 0.0486694 0.0547579 0.0589131 0.0598669 0.0567344 0.0496703
 1.18884e-16 4.01979e-05 0.000390738 0.00259659 0.0118038 0.036726 0.0782497 0.114214 0.114241 0.0783856 0.0371826 0.0131239 0.00591518 0.00765232 0.0138841 0.0230366 0.03355 0.043027 0.0491178 0.0509122 0.0495353 0.0473399 0.0463034 0.0468715 0.0479719 0.0479289
 1.14208e-16 5.21621e-05 0.000507035 0.00336942 0.0153169 0.0476567 0.101538 0.148202 0.148221 0.10163 0.0479634 0.0162042 0.00560303 0.00540441 0.00941682 0.0156546 0.0229502 0.0297293 0.0344341 0.0363972 0.0362196 0.0352634 0.0346718 0.0347035 0.0347924 0.034099
 1.05268e-16 6.54246e-05 0.000635951 0.00422612 0.0192113 0.0597736 0.127354 0.18588 0.185894 0.127419 0.059991 0.0198398 0.00580542 0.00408951 0.00664211 0.0109249 0.0158467 0.0201787 0.0227229 0.0229514 0.0213171 0.0189182 0.0167884 0.0153703 0.0144852 0.0136683
 1.0335e-16 5.87637e-05 0.000571204 0.00379585 0.0172554 0.0536881 0.114389 0.166959 0.166981 0.114499 0.0540585 0.0183254 0.00648198 0.00643595 0.0111998 0.0184301 0.0265623 0.0334444 0.036925 0.0360177 0.0314848 0.0253091 0.0194933 0.0151225 0.0122315 0.01028
 1.02288e-16 6.67999e-05 0.000649319 0.00431495 0.0196152 0.0610301 0.130032 0.189788 0.189801 0.130098 0.0612517 0.0202555 0.00592387 0.00416684 0.00676253 0.0111141 0.0160967 0.0204356 0.022872 0.0228156 0.0206714 0.0175202 0.0144265 0.0119266 0.00999847 0.00836775
 1.04155e-16 4.31438e-05 0.000419373 0.00278688 0.0126688 0.0394175 0.0839845 0.122586 0.122624 0.0841709 0.0400432 0.0144761 0.00732396 0.0103251 0.0188598 0.0311208 0.0448501 0.0564503 0.0622772 0.060646 0.052821 0.0421311 0.0319524 0.0241371 0.0187949 0.0150902
 1.09893e-16 4.02866e-05 0.0003916 0.00260232 0.0118298 0.036807 0.0784223 0.114465 0.114493 0.078558 0.0372636 0.0131516 0.00593153 0.00769701 0.0140252 0.0234116 0.0343954 0.0446607 0.0518288 0.0547422 0.0540162 0.05134 0.0481566 0.0448507 0.0409591 0.0359599
 1.12408e-16 4.95155e-05 0.000481308 0.00319846 0.0145398 0.0452387 0.0963866 0.140683 0.140704 0.0964855 0.0455711 0.0155016 0.00562022 0.00579272 0.0102104 0.0169973 0.0249478 0.0323763 0.0376067 0.0399114 0.0399048 0.0389812 0.0382603 0.0379033 0.0372375 0.0354105
 1.08093e-16 5.8679e-05 0.000570381 0.00379038 0.0172305 0.0536107 0.114224 0.166717 0.166734 0.11431 0.0539005 0.0180683 0.00589633 0.00517771 0.00883893 0.0146003 0.0212211 0.0271086 0.0306913 0.0312814 0.0294791 0.0267169 0.0243153 0.0227932 0.0218473 0.020818
 1.04083e-16 6.29969e-05 0.000612352 0.00406929 0.0184984 0.0575556 0.122629 0.178984 0.179001 0.122711 0.0578314 0.0192956 0.00607152 0.00498768 0.00838578 0.0137989 0.0199559 0.025276 0.0281937 0.0279968 0.0252403 0.0213412 0.0176903 0.0149784 0.0131327 0.0117007
 1.03266e-16 5.90842e-05 0.000574319 0.00381656 0.0173495 0.0539809 0.115013 0.167869 0.167891 0.115118 0.0543332 0.0183673 0.00637253 0.00615766 0.0106736 0.0175801 0.025385 0.0320612 0.0355798 0.035002 0.0310219 0.0254619 0.0201465 0.0160401 0.0131507 0.0109959
 1.04832e-16 4.99341e-05 0.000485377 0.00322551 0.0146627 0.0456212 0.0972019 0.141875 0.141903 0.0973404 0.0460864 0.0160071 0.00660323 0.00786881 0.0141013 0.0233087 0.0337484 0.0428079 0.0478451 0.047625 0.0430145 0.0363115 0.029781 0.0245675 0.0206206 0.0173374
 1.06473e-16 5.31135e-05 0.000516282 0.00343088 0.0155963 0.0485259 0.10339 0.150906 0.150928 0.103498 0.048888 0.0166435 0.00606465 0.00628293 0.0110554 0.018325 0.026703 0.0342329 0.0389428 0.0399106 0.0377566 0.0340974 0.0304318 0.0273682 0.0246628 0.0217891
 1.00433e-16 8.04545e-05 0.000782046 0.00519697 0.0236247 0.0735052 0.156611 0.228578 0.22858 0.156618 0.0735308 0.0236986 0.0053828 0.00118841 0.000854284 0.00129045 0.00186414 0.00237182 0.0026664 0.00268272 0.00247038 0.00215516 0.00185733 0.00163171 0.00146501 0.00131396
 1.00118e-16 7.55028e-05 0.000733914 0.00487712 0.0221707 0.0689812 0.146972 0.214512 0.21452 0.147011 0.0691101 0.0225425 0.00580965 0.00276689 0.0039284 0.00635369 0.0090955 0.0113327 0.0122855 0.0115968 0.00954744 0.00687997 0.00437372 0.00249601 0.00132673 0.000702048
 1.01311e-16 3.86529e-05 0.00037572 0.0024968 0.0113501 0.0353146 0.0752433 0.10983 0.109877 0.0754747 0.0360916 0.0135936 0.00812545 0.0126539 0.0233297 0.0384351 0.0551913 0.0690371 0.075341 0.0719508 0.0604814 0.045249 0.0307487 0.0196259 0.012297 0.00784758
 1.01112e-16 7.69713e-05 0.000748189 0.00497198 0.0226019 0.0703229 0.14983 0.218683 0.218686 0.149846 0.070376 0.022756 0.00536064 0.00160291 0.00171856 0.00276692 0.00408885 0.00537086 0.00634156 0.00686274 0.00698194 0.00685099 0.00658464 0.00618731 0.00559746 0.00478577
 1.00634e-16 6.92429e-05 0.000673065 0.00447276 0.0203325 0.0632621 0.134787 0.196729 0.196743 0.134858 0.0634993 0.0210173 0.00619046 0.00441863 0.00717048 0.0117126 0.016791 0.0209589 0.0227953 0.0216505 0.0180416 0.013323 0.00890428 0.00561205 0.00356075 0.00242757
 1.01158e-16 6.35908e-05 0.000618125 0.00410766 0.0186728 0.0580982 0.123785 0.180672 0.180691 0.123877 0.0584082 0.0195682 0.0063551 0.00552441 0.00938166 0.015409 0.0221895 0.0278967 0.0307077 0.0297696 0.025693 0.0201224 0.0147468 0.0105253 0.0075738 0.00554292
 1.01722e-16 6.50338e-05 0.000632152 0.00420087 0.0190966 0.0594166 0.126594 0.184771 0.184787 0.126673 0.059682 0.0198635 0.00612692 0.0048399 0.00806552 0.0132548 0.0191425 0.0241845 0.0268462 0.0264081 0.023373 0.0190905 0.0149189 0.0115879 0.00913387 0.00724621
 1.01646e-16 6.67502e-05 0.000648836 0.00431174 0.0196006 0.0609847 0.129935 0.189647 0.189662 0.130007 0.0612283 0.0203044 0.00607885 0.00450816 0.00740132 0.0121432 0.0175164 0.0220896 0.0244479 0.0239341 0.0210259 0.0169913 0.0131105 0.0100774 0.00792725 0.00635164
 1.04869e-16 3.04916e-05 0.000296389 0.00196961 0.0089536 0.0278583 0.0593568 0.0866436 0.0866941 0.0596035 0.0286865 0.011346 0.00797583 0.0134109 0.0249456 0.0412133 0.059415 0.0748144 0.0825872 0.0804877 0.0701586 0.0559658 0.0423466 0.0317491 0.0243566 0.0191346
 1.06104e-16 6.27806e-05 0.00061025 0.00405532 0.0184349 0.0573579 0.122207 0.178367 0.178377 0.122253 0.0575126 0.0188837 0.00518999 0.0031143 0.00489785 0.0082053 0.0122984 0.0164783 0.0200484 0.0226489 0.0243732 0.0255083 0.0261425 0.02602 0.0247571 0.0221952
 1.04709e-16 5.92172e-05 0.000575612 0.00382515 0.0173886 0.0541024 0.115272 0.168247 0.168268 0.115376 0.0544523 0.0183992 0.00636205 0.006114 0.010579 0.0174008 0.0250776 0.0315828 0.0349061 0.034155 0.0301007 0.0246597 0.0197297 0.016278 0.0142146 0.0128745
 1.07468e-16 3.67445e-05 0.00035717 0.00237352 0.0107897 0.033571 0.071528 0.104406 0.104445 0.0717228 0.0342255 0.0126812 0.00712547 0.0107443 0.0198034 0.0327845 0.0474658 0.0601954 0.0672561 0.0669116 0.0603901 0.0509419 0.0417793 0.034537 0.0291556 0.0247733
 1.05986e-16 6.36213e-05 0.000618421 0.00410963 0.0186818 0.058126 0.123844 0.180756 0.180767 0.123896 0.058301 0.0191887 0.00538808 0.00342904 0.00545967 0.00907789 0.0134292 0.0176416 0.0208574 0.0226687 0.0232974 0.0233073 0.0231029 0.0226518 0.0216189 0.0197183
 1.04172e-16 5.99812e-05 0.000583039 0.0038745 0.0176129 0.0548004 0.116759 0.170417 0.170438 0.116861 0.0551428 0.0186017 0.00635649 0.00600174 0.0103529 0.0170263 0.0245382 0.0309014 0.034142 0.0333745 0.0293373 0.0238919 0.0188938 0.0153092 0.0130898 0.0116338
 1.07566e-16 3.26677e-05 0.000317542 0.00211018 0.00959259 0.0298463 0.0635924 0.0928242 0.0928681 0.063807 0.0305672 0.0116758 0.00734339 0.0117555 0.0217959 0.036087 0.0522279 0.0661922 0.0738749 0.0733569 0.0659929 0.0553765 0.0450703 0.0369044 0.0308405 0.0259477
 1.14232e-16 4.09841e-05 0.00039838 0.00264738 0.0120346 0.0374442 0.0797796 0.116445 0.116466 0.0798828 0.0377914 0.0130412 0.00518923 0.00599734 0.0108218 0.0182122 0.0271381 0.0360339 0.0432915 0.0481314 0.0509123 0.0525412 0.0535166 0.0534743 0.0515618 0.0472066
pSPR Fmed_Fpbrs
0.545695   0.6 0.325
Fs Fmed_Fpbrs
0.34   0.281884 0.690148
SSBpbr Bo_Bmed_Bpbrs
1.32168e+06  655150  726923 363461
Ro
132998
SPR SPRFo_SPRFmed_SPRFpbrs
946745 516635 307692
Fref
0.281884
Nvult_r0
 37409.2 15305.6 14969.9 3795.41 935.682
CTP_r0
 6731.34 3365.68 3291.86 834.605 205.755
YTP_r0
223772
Np
 175164 51743.8 4063.33 1493.63 1866.28
Nvult_p0
 123420 37384.1 2935.7 1079.13 1348.36
CTP_p0
 22208.1 2326.21 855.086 836.33 265.91
 22208.1 8220.71 645.556 237.298 296.502
YTP_p0
 264190 344323
CBA_c0
235898
log_Ro
11.6181
likeval ReclasPelacesDesembMPH_pf_preclas_ppelaces_ptallas_desvR_qrecl_qpela
 0.000323804 12.2612 0.0405174 18.1099 218.543 120.035 103.523 0 20.2478 8.3925e-06 3.95059e-05 0.146602 7.47382e-16 0 0
q_reclas_q_pelaces
1.50636 2.43242
M
1
N
 166145 36152.8 88451 6073.14 0.215616
 95661.6 52061.2 10822.6 26478.5 1818.1
 93399.7 26148.6 13076.9 2718.45 7107.6
 156850 25656.7 6609.87 3305.58 2483.84
 131691 38365.9 5587.32 1439.45 1260.77
 273687 42583.7 11958.8 1741.59 841.669
 114337 82084.8 12050.4 3384.13 731.015
 54184 27647.4 17613.8 2585.78 883.028
 59562.9 18717.1 9380.77 5976.37 1176.97
 74809.1 17555.7 5179.36 2595.83 1979.46
 106084 21151.8 4605.41 1358.71 1200.24
 124299 36269.5 7082.42 1542.06 856.833
 67311.5 31409.1 8235.6 1608.18 544.71
 31780.1 15324.9 6237.89 1635.6 427.567
 103245 1655.32 457.549 186.242 61.5992
 258157 22790 315.94 87.3293 47.3038
 51470.4 52416.6 3907.03 54.1635 23.081
 325216 11368.1 10012 746.275 14.7543
 373927 67131.7 1990.7 1753.23 133.266
 293895 71810.8 10714.3 317.718 301.087
 340591 67441.5 14407 2149.56 124.147
 496033 89184.3 16030.6 3424.49 540.452
 94673.6 122077 19575.5 3518.63 870.284
 239897 27307.8 32856 5268.58 1181.24
 252251 70431.7 7518.66 9046.27 1775.83
 89497.3 74369.7 19496.8 2081.3 2995.76
 214856 27527.7 21738.2 5698.9 1484.02
 236059 63207.3 7598.92 6000.76 1982.82
 69480.6 71687.9 18175.5 2185.09 2295.7
 53092.9 21184.7 20720 5253.26 1295.09
pred_Ctot
 15773.2 4328.74 10590.7 727.165 0.0258167
 15918.7 10767.1 2238.28 5476.15 376.012
 15313.7 5331.15 2666.09 554.233 1449.09
 34340.9 6903.14 1778.44 889.393 668.296
 10180.2 3753.71 546.662 140.835 123.354
 32494.9 6346.07 1782.17 259.542 125.43
 25624 22581.5 3315.06 930.97 201.102
 2100.39 1366.68 870.696 127.822 43.6504
 7621.72 3000.52 1503.82 958.067 188.679
 11180.5 3272.51 965.47 483.881 368.985
 4765.22 1210.17 263.493 77.7368 68.6703
 25362.4 9124.15 1781.69 387.93 215.55
 16857 9599.38 2517 491.499 166.476
 19929.8 10633.2 4328.19 1134.87 296.67
 27201.5 530.672 146.684 59.7066 19.7478
 76696.9 8175.57 113.339 31.3281 16.9695
 13547.9 16789.2 1251.44 17.3488 7.39294
 94515.1 3995.29 3518.69 262.276 5.18537
 119019 25673.5 761.31 670.494 50.9654
 72609.2 21667.6 3232.86 95.8658 90.8477
 63786.4 15628.4 3338.56 498.121 28.769
 107224 23705.7 4261.02 910.248 143.655
 13181.2 21243.9 3406.54 612.316 151.448
 31190.6 4446.13 5349.48 857.808 192.325
 32240.9 11278.1 1203.96 1448.57 284.362
 9409.1 9840.83 2579.87 275.404 396.408
 27706.9 4446.36 3511.22 920.502 239.703
 26447.9 8900.82 1070.08 845.024 279.219
 7634.87 9905.23 2511.33 301.918 317.201
 8601.3 4269.39 4175.74 1058.7 261.001
F
 0.160442 0.206117 0.206117 0.206117 0.206117
 0.297021 0.381576 0.381576 0.381576 0.381576
 0.292083 0.375232 0.375232 0.375232 0.375232
 0.408122 0.524306 0.524306 0.524306 0.524306
 0.128983 0.165702 0.165702 0.165702 0.165702
 0.204232 0.262373 0.262373 0.262373 0.262373
 0.419616 0.539071 0.539071 0.539071 0.539071
 0.062949 0.0808692 0.0808692 0.0808692 0.0808692
 0.221655 0.284755 0.284755 0.284755 0.284755
 0.263215 0.338147 0.338147 0.338147 0.338147
 0.0732554 0.0941095 0.0941095 0.0941095 0.0941095
 0.375589 0.482511 0.482511 0.482511 0.482511
 0.479853 0.616457 0.616457 0.616457 0.616457
 1.95485 2.51135 2.51135 2.51135 2.51135
 0.510788 0.656198 0.656198 0.656198 0.656198
 0.594347 0.763544 0.763544 0.763544 0.763544
 0.510196 0.655438 0.655438 0.655438 0.655438
 0.577831 0.742327 0.742327 0.742327 0.742327
 0.650027 0.835074 0.835074 0.835074 0.835074
 0.471964 0.606321 0.606321 0.606321 0.606321
 0.339976 0.43676 0.43676 0.43676 0.43676
 0.40199 0.516427 0.516427 0.516427 0.516427
 0.243265 0.312517 0.312517 0.312517 0.312517
 0.225569 0.289783 0.289783 0.289783 0.289783
 0.221374 0.284394 0.284394 0.284394 0.284394
 0.179015 0.229976 0.229976 0.229976 0.229976
 0.223548 0.287187 0.287187 0.287187 0.287187
 0.191759 0.246348 0.246348 0.246348 0.246348
 0.187769 0.241222 0.241222 0.241222 0.241222
 0.288154 0.370185 0.370185 0.370185 0.370185
YTP_r0W_actual
 49138.8 53514.4 87234.3 26457 7427.76
YTP_p0W_proyectada
 167449 40592.4 20581.9 26193.9 9373.34
 167449 143451 15538.5 7432.18 10451.7
CTP_r0_actual
 6731.34 3365.68 3291.86 834.605 205.755
CTP_p0_proyectada
 22208.1 2326.21 855.086 836.33 265.91
 22208.1 8220.71 645.556 237.298 296.502
Wmedp
 7.54 17.45 24.07 31.32 35.25
Frms_r0
 0.21942 0.281884 0.281884 0.281884 0.281884
Zrms_r0
 1.21942 1.28188 1.28188 1.28188 1.28188
nmprior
 7.29 8.9 8.7 0
nm_flota  nm_reclas  nm_pelaces    nm_pelaL
inf 11.2088 14.4795 24.7118
cv_recla  cv_pelaces  cv_mph
0.555324 0.412032 0.361097
 ------------------------------------------------
Talla a la edad & desviaci?n 
 8 13.2811 15.8009 17.003 17.5766
 0.8 1.32811 1.58009 1.7003 1.75766
