years
 1991 1992 1993 1994 1995 1996 1997 1998 1999 2000 2001 2002 2003 2004 2005 2006 2007 2008 2009 2010 2011 2012 2013 2014 2015 2016 2017 2018 2019 2020 2021 2022
reclasobs
 0 0 0 0 0 0 0 0 0 252601 567819 844713 477998 351125 339783 2.1784e+06 2.13404e+06 4.81314e+06 1.55562e+06 2.62356e+06 3.21686e+06 3.843e+06 1.13348e+06 3.07943e+06 1.97215e+06 2.03268e+06 2.025e+06 2.42433e+06 2.27542e+06 1.05018e+06 2.36338e+06 3.18982e+06
reclaspred
 3.75713e+06 2.05488e+06 1.03681e+06 1.11724e+06 1.18823e+06 2.29018e+06 1.51802e+06 1.45565e+06 1.19387e+06 955264 926746 1.01326e+06 705754 175125 687957 1.13611e+06 834540 1.68163e+06 1.82415e+06 1.71219e+06 3.15436e+06 2.70212e+06 2.07453e+06 3.0136e+06 2.35766e+06 2.06319e+06 2.53311e+06 2.88296e+06 2.43654e+06 1.84609e+06 1.5002e+06 1.34914e+06
pelacesobs
 0 0 0 0 0 0 0 0 0 0 0 0 0 0 0 552880 188675 0 991730 2.46772e+06 1.41603e+06 1.21717e+06 2.29649e+06 1.80582e+06 0 1.4828e+06 1.56532e+06 1.57751e+06 1.42118e+06 867257 1.10002e+06 1.06204e+06
pelacespred
 2.33392e+06 1.39578e+06 688082 597321 686527 1.37589e+06 860408 1.02592e+06 820338 631939 634160 564868 410222 67711.9 416042 561584 413328 920552 1.02456e+06 872804 1.75863e+06 1.57266e+06 1.2691e+06 2.00126e+06 1.49823e+06 1.32394e+06 1.85405e+06 1.88891e+06 1.48577e+06 1.27621e+06 902917 831183
mphobs
 0 0 0 0 0 0 0 0 0 0 0 0 498337 0 5186 125008 0 168611 109162 213762 579715 649985 157893 87575 83554 210694 70296 0 107559 103333 445601 22526
mphpred
 986012 655094 315136 174743 204513 257652 413932 274370 261415 211296 152136 191849 176024 74697.1 10577 104916 190425 134194 226853 316187 450802 565092 117152 97821.8 136134 114832 96625.1 111042 163067 124503 78301.6 69372.8
desembarqueobs
 494567 514787 250237 358949 120608 361735 552515 73892 212993 205616 52469 317467 293654 387597 252695 516296 358380 742168 942051 627588 828172 859565 418607 520667 417249 300574 415391 372974 316634 284311 391294 218835
desembarquepred
 494569 513893 250668 358969 120611 361731 552495 73894.4 213013 205641 52471.6 317510 293835 388055 252654 516210 358371 741886 941392 627276 828221 859466 418610 520719 417207 300585 415390 372944 316588 284252 391322 218847
Reclutas
 169775 96164.6 96534 160316 135773 276752 116429 56093.5 61359.7 76528.7 108114 124394 67205.5 31538.7 106672 265367 52273.8 332370 380051 304965 351997 502954 97996.4 246421 261608 93899.1 235035 279560 111168 105668 109571 61944.5
log_desv_Rt
 0.211588 -0.356826 -0.352993 0.154258 -0.0119069 0.700232 -0.165606 -0.895868 -0.806135 -0.585221 -0.239703 -0.0994313 -0.715132 -1.47167 -0.253126 0.658227 -0.966392 0.88336 1.01742 0.797308 0.940736 1.29761 -0.337957 0.584154 0.64396 -0.380667 0.536846 0.710328 -0.211843 -0.262587 -0.226311 -0.796649
SSB
 2.15909e+06 1.43447e+06 690057 382637 447825 564184 906392 600791 572425 462679 333134 420095 367261 157980 22409 221841 416977 293848 515144 547258 800041 1.05251e+06 1.05822e+06 848719 1.10752e+06 991292 785954 869494 1.32328e+06 951143 685943 622889
BT
 3.02074e+06 2.06126e+06 1.01102e+06 983579 878485 1.90782e+06 1.45968e+06 1.23561e+06 1.14395e+06 916536 775162 917777 737315 474131 743881 1.08954e+06 754868 1.75004e+06 2.09531e+06 1.52862e+06 2.72868e+06 2.59556e+06 1.80241e+06 2.81622e+06 2.09054e+06 1.76821e+06 2.58455e+06 2.53781e+06 1.93437e+06 1.71868e+06 1.38449e+06 1.13177e+06
Ftot
 0.193258 0.357227 0.350971 0.502228 0.158827 0.259202 0.525493 0.0784638 0.276727 0.32737 0.0924614 0.477844 0.610573 2.47431 0.649338 0.74825 0.622165 0.72625 0.818512 0.584916 0.418612 0.500783 0.298749 0.282209 0.274473 0.219223 0.268502 0.215413 0.190165 0.233373 0.402771 0.244254
BD_Bspro_t
 0.969552 0.788056 0.586413 0.488519 0.49616 0.601864 0.641293 0.493338 0.566857 0.564386 0.554039 0.690456 0.532195 0.278456 0.0600803 0.367837 0.400601 0.307386 0.375575 0.350069 0.38177 0.443819 0.473324 0.459232 0.563674 0.593633 0.593242 0.646867 0.718775 0.655261 0.604554 0.55769
BD_Bspro
 2.18308 1.45041 0.697725 0.386889 0.452801 0.570452 0.916463 0.607467 0.578785 0.46782 0.336836 0.424762 0.371341 0.159735 0.022658 0.224306 0.42161 0.297113 0.520868 0.553339 0.808931 1.06421 1.06997 0.85815 1.11983 1.00231 0.794687 0.879156 1.33799 0.961711 0.693565 0.62981
BD_Bo
 1.53206 1.01788 0.489656 0.271514 0.317771 0.400337 0.643164 0.426313 0.406185 0.328311 0.236388 0.298094 0.260603 0.112101 0.0159011 0.157416 0.295882 0.20851 0.365539 0.388327 0.567699 0.746847 0.750896 0.60224 0.785883 0.703408 0.557702 0.616982 0.938985 0.674918 0.486736 0.441994
BD_Brms
 8.89348 5.90872 2.84241 1.57612 1.84464 2.32393 3.73352 2.47472 2.35787 1.90582 1.37221 1.73041 1.51278 0.650735 0.0923048 0.913785 1.71757 1.21039 2.12193 2.25421 3.29545 4.33539 4.35889 3.49596 4.56199 4.08323 3.23742 3.58153 5.45073 3.91785 2.82547 2.56574
Sel_flota
 0.752813 1 1 1 1
 0.752813 1 1 1 1
 0.752813 1 1 1 1
 0.752813 1 1 1 1
 0.752813 1 1 1 1
 0.752813 1 1 1 1
 0.752813 1 1 1 1
 0.752813 1 1 1 1
 0.752813 1 1 1 1
 0.752813 1 1 1 1
 0.752813 1 1 1 1
 0.752813 1 1 1 1
 0.752813 1 1 1 1
 0.752813 1 1 1 1
 0.752813 1 1 1 1
 0.752813 1 1 1 1
 0.752813 1 1 1 1
 0.752813 1 1 1 1
 0.752813 1 1 1 1
 0.752813 1 1 1 1
 0.752813 1 1 1 1
 0.752813 1 1 1 1
 0.752813 1 1 1 1
 0.752813 1 1 1 1
 0.752813 1 1 1 1
 0.752813 1 1 1 1
 0.752813 1 1 1 1
 0.752813 1 1 1 1
 0.752813 1 1 1 1
 0.752813 1 1 1 1
 0.752813 1 1 1 1
 0.752813 1 1 1 1
Sel_reclas
 1 1 1 1 1
 1 1 1 1 1
 1 1 1 1 1
 1 1 1 1 1
 1 1 1 1 1
 1 1 1 1 1
 1 1 1 1 1
 1 1 1 1 1
 1 1 1 1 1
 1 1 1 1 1
 1 1 1 1 1
 1 1 1 1 1
 1 1 1 1 1
 1 1 1 1 1
 1 1 1 1 1
 1 1 1 1 1
 1 1 1 1 1
 1 1 1 1 1
 1 1 1 1 1
 1 1 1 1 1
 1 1 1 1 1
 1 1 1 1 1
 1 1 1 1 1
 1 1 1 1 1
 1 1 1 1 1
 1 1 1 1 1
 1 1 1 1 1
 1 1 1 1 1
 1 1 1 1 1
 1 1 1 1 1
 1 1 1 1 1
 1 1 1 1 1
Sel_pelaces
 0.917352 0.982413 0.996455 0.999294 0.99986
 0.917352 0.982413 0.996455 0.999294 0.99986
 0.917352 0.982413 0.996455 0.999294 0.99986
 0.917352 0.982413 0.996455 0.999294 0.99986
 0.917352 0.982413 0.996455 0.999294 0.99986
 0.917352 0.982413 0.996455 0.999294 0.99986
 0.917352 0.982413 0.996455 0.999294 0.99986
 0.917352 0.982413 0.996455 0.999294 0.99986
 0.917352 0.982413 0.996455 0.999294 0.99986
 0.917352 0.982413 0.996455 0.999294 0.99986
 0.917352 0.982413 0.996455 0.999294 0.99986
 0.917352 0.982413 0.996455 0.999294 0.99986
 0.917352 0.982413 0.996455 0.999294 0.99986
 0.917352 0.982413 0.996455 0.999294 0.99986
 0.917352 0.982413 0.996455 0.999294 0.99986
 0.917352 0.982413 0.996455 0.999294 0.99986
 0.917352 0.982413 0.996455 0.999294 0.99986
 0.917352 0.982413 0.996455 0.999294 0.99986
 0.917352 0.982413 0.996455 0.999294 0.99986
 0.917352 0.982413 0.996455 0.999294 0.99986
 0.917352 0.982413 0.996455 0.999294 0.99986
 0.917352 0.982413 0.996455 0.999294 0.99986
 0.917352 0.982413 0.996455 0.999294 0.99986
 0.917352 0.982413 0.996455 0.999294 0.99986
 0.917352 0.982413 0.996455 0.999294 0.99986
 0.917352 0.982413 0.996455 0.999294 0.99986
 0.917352 0.982413 0.996455 0.999294 0.99986
 0.917352 0.982413 0.996455 0.999294 0.99986
 0.917352 0.982413 0.996455 0.999294 0.99986
 0.917352 0.982413 0.996455 0.999294 0.99986
 0.917352 0.982413 0.996455 0.999294 0.99986
 0.917352 0.982413 0.996455 0.999294 0.99986
pf_obs 
 0.8446 0.082 0.0669 0.0065 0
 0.8095 0.147 0.0364 0.0071 0
 0.9664 0.0169 0.016 0.0007 0
 0.9276 0.0648 0.0075 0.0001 0
 0.7033 0.2144 0.0806 0.0017 0
 0.9318 0.0425 0.0243 0.0014 0
 0.5671 0.3108 0.0964 0.0239 0.0018
 0.0768 0.2599 0.5324 0.112 0.0189
 0.490249 0.384438 0.106611 0.0170017 0.00170017
 0.7925 0.1577 0.0466 0.003 0.0002
 0.840416 0.127587 0.0312969 0.00059994 9.999e-05
 0.8084 0.0986 0.0794 0.0134 0.0002
 0.7335 0.1905 0.0724 0.0035 0.0001
 0.4001 0.4547 0.1325 0.0127 0
 0.49795 0.308269 0.164784 0.0264974 0.00249975
 0.9179 0.0499 0.0305 0.0017 0
 0.2467 0.6533 0.0926 0.0074 0
 0.9418 0.0223 0.034 0.0019 0
 0.707729 0.231977 0.0356964 0.0245975 0
 0.517169 0.277429 0.184464 0.0207286 0.00020938
 0.811772 0.124168 0.05621 0.00726502 0.000585176
 0.764997 0.148141 0.077277 0.00933861 0.000247198
 0.163321 0.427699 0.378323 0.0303852 0.000271297
 0.753843 0.0900009 0.118128 0.0371064 0.000921714
 0.721811 0.176058 0.0630433 0.0369309 0.00215725
 0.143369 0.312575 0.442814 0.0836902 0.0175525
 0.692698 0.0596174 0.167031 0.0765114 0.00414204
 0.394062 0.376323 0.152708 0.0712218 0.00568511
 0.125707 0.32114 0.495352 0.0537591 0.00404204
 0.23352 0.215282 0.420074 0.123614 0.00750983
 0.796117 0.104755 0.0508955 0.0450114 0.00322123
 0.162477 0.292055 0.404252 0.121198 0.0200186
pf_pred 
 0.482576 0.136353 0.357032 0.0240386 8.26055e-07
 0.43751 0.315201 0.0651662 0.170634 0.011489
 0.59195 0.212814 0.109404 0.0226187 0.0632134
 0.75673 0.16301 0.0418587 0.0215188 0.0168824
 0.677363 0.263551 0.0395923 0.0101667 0.00932696
 0.781267 0.161985 0.0463549 0.00696374 0.00342867
 0.477605 0.434309 0.0652338 0.0186678 0.00418517
 0.456143 0.30902 0.195238 0.029325 0.0102733
 0.563887 0.231064 0.116509 0.0736098 0.0149296
 0.675553 0.208142 0.0616217 0.0310713 0.0236122
 0.735278 0.196923 0.0434953 0.0128771 0.0114272
 0.675792 0.255802 0.0508858 0.0112394 0.00628033
 0.5566 0.331917 0.0879608 0.0174977 0.00602436
 0.537399 0.299249 0.122281 0.0324055 0.00866573
 0.970975 0.0205102 0.00550797 0.00225071 0.000755958
 0.896984 0.100961 0.00145207 0.000389952 0.000212865
 0.410589 0.547312 0.0412593 0.000593412 0.00024635
 0.918076 0.0413381 0.0376872 0.00284106 5.78249e-05
 0.804103 0.184811 0.00559397 0.00509992 0.000392284
 0.734461 0.228668 0.034784 0.00105286 0.00103371
 0.753609 0.197305 0.0422705 0.00643001 0.000385713
 0.773422 0.184051 0.034055 0.00729594 0.0011764
 0.332013 0.554645 0.0920682 0.0170354 0.00423814
 0.730139 0.110206 0.132565 0.0220051 0.00508457
 0.685443 0.248307 0.0270555 0.0325448 0.00665053
 0.409377 0.443519 0.116122 0.0126526 0.0183299
 0.751484 0.121137 0.0956535 0.0250439 0.00668198
 0.710673 0.233473 0.0272254 0.021498 0.00713036
 0.429257 0.440084 0.105436 0.0122949 0.0129285
 0.537912 0.234166 0.175744 0.042105 0.0100728
 0.618112 0.235042 0.0744153 0.0558495 0.0165815
 0.527496 0.328646 0.0885405 0.0280323 0.0272849
pobs_RECLAS
 0 0 0 0 0
 0 0 0 0 0
 0 0 0 0 0
 0 0 0 0 0
 0 0 0 0 0
 0 0 0 0 0
 0 0 0 0 0
 0 0 0 0 0
 0 0 0 0 0
 0 0 0 0 0
 0.991045 0.00858322 0.000360255 1.14367e-05 0
 0.934742 0.0480273 0.0164251 0.00080598 0
 0.827803 0.169806 0.00239088 0 0
 0.941827 0.0461693 0.0120037 0 0
 0.791401 0.0380133 0.147996 0.0225897 0
 0.846168 0.0940531 0.0597789 0 0
 0.134021 0.677848 0.182769 0.00536245 0
 0.80878 0.0450904 0.141981 0.00414843 0
 0.846168 0.0940531 0.0597789 0 0
 0.905697 0.0802665 0.012482 0.00150086 5.37128e-05
 0.989698 0.0102097 9.19794e-05 0 0
 0.975433 0.0193895 0.00387452 0.00125025 5.28907e-05
 0.303575 0.632131 0.0575291 0.00676475 0
 0.966965 0.00978017 0.0227588 0.000495775 0
 0.843318 0.132988 0.00938335 0.0141283 0.000182051
 0.564624 0.303363 0.111486 0.0197234 0.00080311
 0.826376 0.0876187 0.0782897 0.00655872 0.00115652
 0.89761 0.0855135 0.0140674 0.00269457 0.000114338
 0.34875 0.467042 0.161289 0.0227151 0.000203297
 0.318654 0.224769 0.449479 0.00709798 0
 0.937255 0.0296025 0.0250945 0.00804832 0
 0.456809 0.399803 0.12412 0.0192676 0
ppred_RECLAS
 0.554475 0.117406 0.30742 0.0206983 7.1127e-07
 0.510514 0.274292 0.0567086 0.148488 0.00999787
 0.66042 0.177104 0.091046 0.0188233 0.0526063
 0.807396 0.12906 0.0331407 0.017037 0.0133663
 0.736774 0.21502 0.0323017 0.00829462 0.00760949
 0.82684 0.128236 0.0366968 0.00551284 0.0027143
 0.552202 0.37229 0.0559185 0.016002 0.00358753
 0.527411 0.268526 0.169654 0.0254822 0.00892703
 0.633625 0.194116 0.0978781 0.0618391 0.0125422
 0.7361 0.169299 0.0501221 0.0252729 0.0192058
 0.787099 0.158374 0.0349808 0.0103563 0.00919025
 0.737295 0.207276 0.0412326 0.00910725 0.00508894
 0.62946 0.277376 0.0735069 0.0146224 0.00503443
 0.63953 0.233182 0.0952844 0.0252511 0.00675254
 0.978422 0.015248 0.00409483 0.00167326 0.000562007
 0.922192 0.0762556 0.00109675 0.000294529 0.000160776
 0.48537 0.477872 0.0360246 0.000518123 0.000215095
 0.938421 0.0310722 0.0283279 0.00213551 4.34646e-05
 0.848604 0.142828 0.0043232 0.00394138 0.00030317
 0.788995 0.181707 0.0276404 0.000836635 0.000821415
 0.80429 0.15672 0.0335757 0.00510739 0.000306374
 0.821424 0.145058 0.0268401 0.00575023 0.00092717
 0.39949 0.498617 0.0827678 0.0153146 0.00381002
 0.783526 0.0884035 0.10634 0.0176518 0.00407868
 0.744535 0.20166 0.0219729 0.0264309 0.00540116
 0.480674 0.38998 0.102104 0.0111253 0.0161172
 0.80173 0.0966446 0.0763136 0.0199804 0.00533097
 0.766338 0.188554 0.0219874 0.0173619 0.00575852
 0.500881 0.384857 0.0922045 0.010752 0.0113061
 0.608624 0.198332 0.14885 0.0356618 0.00853137
 0.684899 0.193936 0.0614011 0.0460822 0.0136816
 0.598687 0.27913 0.0752004 0.0238088 0.0231739
pobs_PELACES
 0 0 0 0 0
 0 0 0 0 0
 0 0 0 0 0
 0 0 0 0 0
 0 0 0 0 0
 0 0 0 0 0
 0 0 0 0 0
 0 0 0 0 0
 0 0 0 0 0
 0 0 0 0 0
 0 0 0 0 0
 0 0 0 0 0
 0 0 0 0 0
 0 0 0 0 0
 0 0 0 0 0
 0 0 0 0 0
 0.505614 0.472636 0.0217494 0 0
 0 0 0 0 0
 0.443492 0.261883 0.143347 0.151278 0
 0.227955 0.32914 0.350689 0.0885471 0.00366901
 0.970185 0.0296113 0.000203453 0 0
 0.997202 0.00247181 0.000326279 0 0
 0.445219 0.490057 0.0546422 0.010081 0
 0.90214 0.0892962 0.00764917 0.000914606 0
 0 0 0 0 0
 0.581667 0.319106 0.0959925 0.00289975 0.000334073
 0.762889 0.0836404 0.116647 0.0363945 0.000428098
 0.88444 0.0763242 0.0277011 0.0115352 0
 0.521256 0.241999 0.230069 0.00667565 0
 0.616807 0.101726 0.260614 0.0208532 0
 0.833518 0.0704572 0.0857862 0.0102388 0
 0.697417 0.212968 0.0787535 0.0105354 0.000325836
ppred_PELACES
 0.538773 0.120261 0.319398 0.021566 7.41508e-07
 0.498869 0.278801 0.0584647 0.153522 0.0103427
 0.649711 0.181323 0.0945472 0.0196029 0.054816
 0.802252 0.13182 0.0343333 0.0177004 0.0138946
 0.725299 0.223765 0.034096 0.0087803 0.00805961
 0.819383 0.133245 0.0386752 0.0058266 0.00287041
 0.545221 0.377136 0.057456 0.0164889 0.00369877
 0.510314 0.276473 0.177171 0.0266872 0.00935445
 0.621178 0.19925 0.101903 0.0645655 0.0131026
 0.726779 0.174293 0.0523383 0.0264655 0.0201235
 0.776017 0.165962 0.0371807 0.011039 0.00980159
 0.730908 0.211642 0.0427028 0.00945884 0.00528839
 0.624206 0.280257 0.075332 0.0150282 0.00517706
 0.668485 0.213318 0.0884135 0.023497 0.00628702
 0.977994 0.0154803 0.00421662 0.00172793 0.0005807
 0.921632 0.0767818 0.0011201 0.000301657 0.00016476
 0.480677 0.481736 0.036835 0.000531287 0.000220684
 0.937464 0.0313298 0.0289711 0.00219022 4.46034e-05
 0.848264 0.143021 0.00439092 0.00401453 0.000308971
 0.785172 0.184628 0.0284862 0.000864693 0.000849443
 0.798353 0.161003 0.0349864 0.00533714 0.000320337
 0.816912 0.148309 0.0278339 0.00598011 0.000964782
 0.388349 0.506591 0.0852934 0.0158268 0.00393969
 0.774189 0.0914162 0.111535 0.018567 0.00429257
 0.735005 0.208477 0.0230404 0.027794 0.00568292
 0.467122 0.39867 0.105871 0.0115686 0.0167689
 0.792958 0.100149 0.0802109 0.0210605 0.00562236
 0.756529 0.19587 0.023167 0.0183455 0.00608818
 0.48678 0.394383 0.0958375 0.0112075 0.0117917
 0.595003 0.203729 0.155087 0.0372617 0.00891917
 0.675827 0.198316 0.0636852 0.0479326 0.0142391
 0.585814 0.286729 0.0783518 0.0248772 0.0242276
pobs_pel_tallas
 0 0 0 0 0 0 0 0 0 0 0 0 0 0 0 0 0 0 0 0 0 0 0 0 0 0
 0 0 0 0 0 0 0 0 0 0 0 0 0 0 0 0 0 0 0 0 0 0 0 0 0 0
 0 0 0 0 0 0 0 0 0 0 0 0 0 0 0 0 0 0 0 0 0 0 0 0 0 0
 0 0 0 0 0 0 0 0 0 0 0 0 0 0 0 0 0 0 0 0 0 0 0 0 0 0
 0 0 0 0 0 0 0 0 0 0 0 0 0 0 0 0 0 0 0 0 0 0 0 0 0 0
 0 0 0 0 0 0 0 0 0 0 0 0 0 0 0 0 0 0 0 0 0 0 0 0 0 0
 0 0 0 0 0 0 0 0 0 0 0 0 0 0 0 0 0 0 0 0 0 0 0 0 0 0
 0 0 0 0 0 0 0 0 0 0 0 0 0 0 0 0 0 0 0 0 0 0 0 0 0 0
 0 0 0 0 0 0 0 0 0 0 0 0 0 0 0 0 0 0 0 0 0 0 0 0 0 0
 0 0 0 0 0 0 0 0 0 0 0 0 0 0 0 0 0 0 0 0 0 0 0 0 0 0
 0 0 0 0 0 0 0 0 0 0 0 0 0 0 0 0 0 0 0 0 0 0 0 0 0 0
 0 0 0 0 0 0 0 0 0 0 0 0 0 0 0 0 0 0 0 0 0 0 0 0 0 0
 0.00862536 0 0 0.000197151 0.00414017 0.0128641 0.00837892 0.0270097 0.101434 0.158115 0.152841 0.127902 0.109271 0.109419 0.0830992 0.0579132 0.0238553 0.00714673 0.00463305 0.00128148 0.00103504 0.000492878 0.000147863 0.000147863 4.92878e-05 0
 0 0 0 0 0 0 0 0 0 0 0 0 0 0 0 0 0 0 0 0 0 0 0 0 0 0
 0 0 0 0 0 0 0 0.0054083 0.00873648 0.0413646 0.0450493 0.0745869 0.0622846 0.0627006 0.0613931 0.0827291 0.12552 0.122667 0.0946155 0.0697135 0.0546179 0.0294188 0.0215738 0.0213955 0.0102223 0.00600262
 0 0 0 0 0.00359764 0.0251062 0.0480494 0.140153 0.205849 0.193036 0.1447 0.116669 0.0760912 0.0342217 0.00950174 0.001854 0.000860785 0 0 0 0.000165536 0 0.000143464 0 0 0
 0 0 0 0 0 0 0 0.000145254 0.000435761 0.0275982 0.070085 0.0708112 0.156366 0.174668 0.174014 0.160142 0.0824315 0.0480064 0.0283245 0.00493863 0.00203355 0 0 0 0 0
 0 0 0 0 0 0 0 0 0 0 0 0 0 0 0 0 0 0 0 0 0 0 0 0 0 0
 0 0 1.00437e-05 0.000401748 0.00122533 0.00171747 0.00176769 0.0269171 0.070346 0.194647 0.189555 0.159765 0.064822 0.0314167 0.0384472 0.0292271 0.0345202 0.0313363 0.0194345 0.0106764 0.0143323 0.0359363 0.0279516 0.0138201 0.00172751 0
 0 0.0021121 0.0136068 0.0755702 0.200478 0.177729 0.0527432 0.0373336 0.0318909 0.0142505 0.0149659 0.0166563 0.0217959 0.0798694 0.0677717 0.0528807 0.04013 0.0224614 0.0357745 0.0225083 0.00881397 0.00855152 0.00135912 0.000746735 0 0
 0 0 0 0 5.4009e-05 0.00500934 0.000945158 0.0243581 0.138947 0.33067 0.221406 0.137944 0.0707744 0.0437923 0.0131692 0.00525238 0.0047753 0.00276346 9.45158e-05 9.00151e-06 2.25038e-05 9.00151e-06 4.50075e-06 0 0 0
 0.000866109 0.00284123 0.00948549 0.0512746 0.133035 0.25785 0.225252 0.132002 0.0553304 0.0519788 0.0540692 0.017754 0.00435017 0.00159236 0.00146478 0.000404838 0.000125132 0.000115318 0.000107957 0.000100596 0 0 0 0 0 0
 0 0 0 0 0.00144013 0.00171154 0.00461396 0.0210425 0.0478622 0.0707936 0.0888783 0.103762 0.0637923 0.0337046 0.0602308 0.124433 0.169614 0.0934646 0.0462172 0.0250306 0.0313229 0.00938855 0.002487 0.000210481 0 0
 0 0.00764035 0.051015 0.0998891 0.058973 0.0496711 0.0374665 0.0718981 0.12319 0.153886 0.159021 0.0857701 0.0377988 0.023471 0.0147837 0.00900784 0.00315554 0.000888139 0.00291439 0.00214683 0.00393193 0.00274676 0.000635225 9.99891e-05 0 0
 0 0 0 0 0 0 0 0 0 0 0 0 0 0 0 0 0 0 0 0 0 0 0 0 0 0
 0 0 0 0 0 0 0 0 0 0 0 0 0 0 0 0 0 0 0 0 0 0 0 0 0 0
 0 0 0 0 0 0 0 0 0 0 0 0 0 0 0 0 0 0 0 0 0 0 0 0 0 0
 0 0 0 0 0 0 0 0 0 0 0 0 0 0 0 0 0 0 0 0 0 0 0 0 0 0
 0 0 0 0 0 0 0 0 0 0 0 0 0 0 0 0 0 0 0 0 0 0 0 0 0 0
 0 0 0 0 0 0 0 0 0 0 0 0 0 0 0 0 0 0 0 0 0 0 0 0 0 0
 0 0 0 0 0 0 0 0 0 0 0 0 0 0 0 0 0 0 0 0 0 0 0 0 0 0
 0 0 0 0 0 0 0 0 0 0 0 0 0 0 0 0 0 0 0 0 0 0 0 0 0 0
ppred_pel_tallas
 1.11411e-16 4.43781e-05 0.000431371 0.00286661 0.0130312 0.040545 0.0863858 0.126085 0.126097 0.086445 0.040745 0.013615 0.00435468 0.00375476 0.00657518 0.01137 0.0176988 0.0250075 0.032657 0.0401892 0.0473048 0.0534999 0.0577712 0.0588345 0.0558137 0.0488772
 1.18905e-16 4.10912e-05 0.000399421 0.0026543 0.0120661 0.0375421 0.0799885 0.116751 0.116778 0.0801203 0.0379848 0.0133458 0.00587133 0.00743894 0.0134622 0.0223352 0.0325337 0.0417381 0.0476798 0.0494895 0.0482718 0.0463152 0.0455305 0.0463241 0.0476133 0.0477248
 1.14018e-16 5.35158e-05 0.000520193 0.00345687 0.0157144 0.0488935 0.104173 0.152048 0.152065 0.104259 0.0491828 0.0165516 0.00556441 0.00514153 0.00889152 0.0147778 0.0216722 0.0280917 0.0325735 0.034496 0.0344327 0.0336708 0.0332828 0.033497 0.0337547 0.0332344
 1.05152e-16 6.60805e-05 0.000642326 0.00426848 0.0194039 0.0603728 0.128631 0.187743 0.187756 0.128693 0.0605819 0.0200083 0.00578729 0.00396344 0.00639013 0.0105044 0.0152341 0.0193942 0.0218321 0.0220415 0.0204613 0.0181528 0.016115 0.014776 0.0139617 0.0132181
 1.03286e-16 5.97419e-05 0.000580713 0.00385904 0.0175427 0.0545818 0.116293 0.169738 0.169759 0.116399 0.0549358 0.0185651 0.0064258 0.00618496 0.0107063 0.0176134 0.0253873 0.0319702 0.0353077 0.0344582 0.0301502 0.0242769 0.0187489 0.0145989 0.0118562 0.0100013
 1.02221e-16 6.74915e-05 0.000656042 0.00435963 0.0198182 0.061662 0.131378 0.191753 0.191765 0.131441 0.0618734 0.0204291 0.00589454 0.00401178 0.00645534 0.0106035 0.0153574 0.0194982 0.0218254 0.0217765 0.0197383 0.0167422 0.0138031 0.0114313 0.00960372 0.00805634
 1.04035e-16 4.49092e-05 0.000436533 0.00290092 0.0131872 0.0410304 0.0874209 0.127601 0.127637 0.0875986 0.0416269 0.0149103 0.00722656 0.00988076 0.0179851 0.0296723 0.0427643 0.0538292 0.0593941 0.0578537 0.050414 0.0402476 0.0305707 0.0231453 0.0180717 0.0145494
 1.09443e-16 4.2034e-05 0.000408585 0.00271519 0.0123429 0.0384034 0.0818236 0.11943 0.119456 0.081955 0.0388452 0.0136218 0.00593609 0.00747517 0.0135664 0.0226322 0.03323 0.0431072 0.0499536 0.0526484 0.0517986 0.0490638 0.045873 0.0426274 0.0388919 0.0341527
 1.11685e-16 5.11657e-05 0.000497349 0.00330506 0.0150243 0.0467463 0.0995988 0.145371 0.145391 0.0996933 0.0470643 0.0159445 0.00562169 0.00557778 0.00976892 0.0162528 0.0238467 0.0309302 0.0358945 0.0380401 0.0379555 0.036981 0.0362006 0.0357847 0.0351046 0.0333538
 1.07615e-16 5.98639e-05 0.000581898 0.00386692 0.0175785 0.0546932 0.11653 0.170083 0.1701 0.116613 0.05497 0.0183785 0.00587796 0.00498136 0.00844327 0.0139389 0.0202549 0.025865 0.0292656 0.0297984 0.0280368 0.0253525 0.0230127 0.0215205 0.0205931 0.0196046
 1.03882e-16 6.39195e-05 0.000621321 0.00412889 0.0187694 0.0583985 0.124425 0.181605 0.181621 0.124503 0.0586615 0.0195292 0.00603746 0.00479194 0.00799719 0.0131531 0.0190208 0.0240899 0.0268678 0.0266753 0.0240416 0.0203184 0.0168325 0.0142436 0.0124833 0.0111202
 1.03131e-16 6.0204e-05 0.000585204 0.00388889 0.0176783 0.055004 0.117193 0.17105 0.171071 0.117292 0.0553391 0.0186466 0.00632028 0.00589641 0.0101574 0.0167237 0.0241484 0.0305 0.0338488 0.0333021 0.0295206 0.0242378 0.0191892 0.0152912 0.0125502 0.0105058
 1.04629e-16 5.14151e-05 0.000499773 0.00332117 0.0150976 0.0469743 0.100085 0.146082 0.146109 0.100217 0.0474187 0.0163818 0.00654765 0.00755248 0.013473 0.0222633 0.0322323 0.0408805 0.0456832 0.0454611 0.0410443 0.0346308 0.0283883 0.0234125 0.0196552 0.0165378
 1.06027e-16 5.50622e-05 0.000535225 0.00355676 0.0161685 0.0503064 0.107184 0.156442 0.156463 0.107285 0.0506457 0.0171499 0.00602492 0.00593895 0.010364 0.0171681 0.025011 0.0320522 0.036441 0.0373127 0.035252 0.0317805 0.0283121 0.0254256 0.0228965 0.0202294
 1.00398e-16 8.05561e-05 0.000783034 0.00520354 0.0236545 0.073598 0.156808 0.228867 0.228868 0.156816 0.0736226 0.0237255 0.00538187 0.00117296 0.000822917 0.00123777 0.00178667 0.00227104 0.00254898 0.00255768 0.00234506 0.00203287 0.00173814 0.00151523 0.00135266 0.00120933
 1.00111e-16 7.59136e-05 0.000737907 0.00490365 0.0222913 0.0693565 0.147772 0.215679 0.215686 0.147808 0.0694776 0.0226408 0.00578023 0.00264891 0.00369766 0.00597288 0.00854996 0.0106531 0.011549 0.0109021 0.00897622 0.00646923 0.00411361 0.00234853 0.00124908 0.000661339
 1.01277e-16 3.95928e-05 0.000384857 0.00255751 0.0116261 0.0361733 0.0770729 0.1125 0.112546 0.0772994 0.036934 0.0138224 0.00806771 0.0124046 0.0228402 0.0376254 0.0540273 0.0675788 0.0737452 0.0704198 0.0591839 0.0442645 0.0300637 0.0191729 0.0120002 0.00764987
 1.01072e-16 7.72177e-05 0.000750583 0.00498789 0.0226742 0.070548 0.15031 0.219382 0.219386 0.150325 0.0705983 0.0228201 0.00535592 0.00156004 0.0016322 0.0026221 0.00387637 0.00509572 0.00602379 0.00652992 0.00665809 0.0065497 0.00631014 0.00594063 0.00538128 0.00460478
 1.00619e-16 6.98704e-05 0.000679166 0.00451329 0.0205168 0.0638354 0.136009 0.198511 0.198525 0.136076 0.0640611 0.0211682 0.00614724 0.00424212 0.00682494 0.0111421 0.015973 0.0199385 0.0216869 0.0206006 0.0171716 0.0126883 0.00849106 0.00536542 0.00341914 0.0023441
 1.011e-16 6.46736e-05 0.00062865 0.0041776 0.0189908 0.0590875 0.125893 0.183748 0.183766 0.12598 0.0593795 0.0198342 0.00629464 0.00525026 0.00884211 0.0145154 0.0209023 0.0262789 0.0289278 0.0280457 0.0242077 0.0189631 0.0139025 0.00992905 0.00715137 0.00524
 1.01641e-16 6.57593e-05 0.000639204 0.00424773 0.0193096 0.0600794 0.128006 0.186832 0.186847 0.128082 0.0603344 0.0200463 0.0060979 0.00468103 0.00775037 0.0127307 0.0183829 0.0232201 0.0257669 0.025332 0.0223999 0.0182698 0.0142504 0.0110457 0.0086922 0.00689031
 1.01605e-16 6.7288e-05 0.000654064 0.00434648 0.0197585 0.0614761 0.130982 0.191175 0.191189 0.131052 0.0617108 0.0204367 0.00604934 0.00437313 0.00713553 0.0117031 0.0168826 0.0212932 0.023572 0.0230858 0.0202945 0.0164183 0.012689 0.00977286 0.00770263 0.00618089
 1.04845e-16 3.19879e-05 0.000310934 0.00206627 0.00939298 0.0292253 0.0622694 0.0908943 0.0909431 0.0625081 0.0300268 0.0117083 0.00787897 0.0130033 0.0241463 0.0398919 0.057517 0.0724398 0.0799955 0.0780125 0.0680788 0.0544128 0.0412977 0.0310906 0.0239591 0.0188983
 1.05831e-16 6.37689e-05 0.000619857 0.00411917 0.0187251 0.0582609 0.124131 0.181175 0.181184 0.124175 0.0584088 0.0191543 0.005204 0.00301347 0.00468425 0.00783799 0.0117399 0.015715 0.0190943 0.0215342 0.0231301 0.0241671 0.0247432 0.0246242 0.0234456 0.0210489
 1.04468e-16 6.05415e-05 0.000588485 0.00391069 0.0177774 0.0553123 0.117849 0.172009 0.172029 0.117948 0.0556419 0.0187296 0.00630069 0.00580619 0.00997129 0.0163938 0.0236263 0.0297559 0.0328886 0.0321842 0.0283694 0.0232498 0.0186132 0.0153702 0.0134349 0.0121795
 1.07156e-16 3.84763e-05 0.000374003 0.00248538 0.0112982 0.0351532 0.0748989 0.109325 0.109364 0.0750871 0.0357852 0.0131248 0.00707425 0.0104041 0.0191242 0.0316516 0.0458162 0.0580851 0.0648644 0.0644773 0.0581149 0.0489272 0.0400307 0.0330168 0.0278337 0.0236449
 1.05404e-16 6.53149e-05 0.000634884 0.00421903 0.0191791 0.0596733 0.127141 0.185568 0.185577 0.127188 0.059834 0.0196445 0.00539265 0.00321464 0.00501698 0.00832777 0.0123119 0.0161595 0.0190794 0.0206958 0.021215 0.0211625 0.0209209 0.0204721 0.0195159 0.0177909
 1.03589e-16 6.23144e-05 0.000605718 0.00402521 0.018298 0.056932 0.1213 0.177045 0.177064 0.121393 0.0572417 0.0191925 0.00627054 0.00550737 0.00937194 0.0153974 0.0221825 0.0279192 0.0308167 0.0300708 0.0263501 0.021344 0.0167421 0.0134314 0.011381 0.0100545
 1.05986e-16 4.00955e-05 0.000389743 0.00258998 0.0117737 0.0366325 0.0780509 0.113926 0.113964 0.078237 0.0372575 0.0135796 0.00712605 0.010302 0.0188946 0.0312493 0.0451894 0.0571967 0.0636943 0.0630113 0.0563347 0.0468164 0.037599 0.0303249 0.024999 0.0208222
 1.09774e-16 4.90097e-05 0.000476391 0.00316579 0.0143912 0.0447766 0.095402 0.139246 0.139266 0.095499 0.0451031 0.0153369 0.00554971 0.00571405 0.0100949 0.01687 0.0249033 0.0325899 0.0382988 0.0412476 0.0418597 0.0412398 0.0402336 0.0388904 0.0366792 0.033117
 1.09106e-16 5.5667e-05 0.000541103 0.00359582 0.0163461 0.0508589 0.108361 0.15816 0.158179 0.108455 0.051174 0.0172573 0.0058867 0.00555474 0.00961544 0.0159101 0.0231599 0.0296598 0.0337246 0.0346234 0.0330067 0.0303997 0.0281719 0.0267999 0.0258727 0.0246306
 1.0893e-16 4.82528e-05 0.000469034 0.0031169 0.014169 0.0440851 0.0939291 0.137098 0.137126 0.0940645 0.04454 0.0154836 0.00642027 0.00769184 0.0138 0.0228292 0.0330998 0.0420931 0.0472776 0.04751 0.0436993 0.0381233 0.0329662 0.0292309 0.0266707 0.0244584
pSPR Fmed_Fpbrs
0.551445   0.222268 0.222268
Fs Fmed_Fpbrs
0.34   1.005 1.005
SSBpbr Bo_Bmed_Bpbrs
1.40927e+06  706672  242772 242772
Ro
137399
SPR SPRFo_SPRFmed_SPRFpbrs
989011 545385 219825
Fref
1.005
Nvult_r0
 51250.7 25757.7 6939.37 2197.04 2138.45
CTP_r0
 22074.2 12911 3478.34 1101.26 1071.89
YTP_r0
690921
Np
 158289 27326.2 2553.23 1155.01 353.074
Nvult_p0
 130963 23646.4 2209.41 999.479 305.529
CTP_p0
 56407.1 8224.12 3720.37 1002.3 408.775
 56407.1 11852.7 1107.46 500.986 153.146
YTP_p0
 704171 679885
CBA_c0
694896
log_Ro
11.6506
likeval ReclasPelacesDesembMPH_pf_preclas_ppelaces_ptallas_desvR_qrecl_qpela
 0.000383343 13.8648 0.0443394 43.0601 240.139 135.725 117.072 0 20.0508 7.54459e-06 2.76104e-05 0.162111 0 0 0
q_reclas_q_pelaces
1.47469 2.10246
M
1
N
 169775 36817.7 96404.9 6490.83 0.223049
 96164.6 54000.2 11164.3 29233 1968.29
 96534 27035.1 13898.2 2873.39 8030.39
 160316 27267.1 7001.79 3599.48 2823.96
 135773 40409.4 6070.56 1558.83 1430.07
 276752 44319 12682.6 1905.27 938.08
 116429 83762.8 12581.3 3600.35 807.171
 56093.5 28837.7 18219.6 2736.61 958.697
 61359.7 19452 9808.21 6196.8 1256.84
 76528.7 18328 5426.12 2735.99 2079.18
 108114 22003.9 4860.1 1438.86 1276.86
 124394 37098.6 7379.88 1630.03 910.826
 67205.5 31935.9 8463.27 1683.56 579.643
 31538.7 15613.1 6379.93 1690.73 452.128
 106672 1801.33 483.744 197.671 66.3929
 265367 24069.2 346.174 92.9645 50.747
 52273.8 55579.9 4189.92 60.2614 25.017
 332370 12038.6 10975.4 827.386 16.84
 380051 70775.8 2142.28 1953.08 150.23
 304965 75499.1 11484.6 347.622 341.298
 351997 72230.6 15474.7 2353.94 141.204
 502954 94489.3 17483.4 3745.64 603.949
 97996.4 126913 21066.9 3898.02 969.764
 246421 28790 34631.1 5748.59 1328.29
 261608 73302.3 7987.03 9607.5 1963.29
 93899.1 78274.4 20493.7 2233 3234.94
 235035 29288.3 23126.9 6055.07 1615.56
 279560 70640.3 8237.4 6504.51 2157.38
 111168 87448.5 20951 2443.11 2569.01
 105668 35441.6 26599.3 6372.7 1524.54
 109571 32609.9 10324.4 7748.6 2300.53
 61944.5 29766 8019.24 2538.93 2471.23
pred_Ctot
 14704.5 4154.78 10879 732.474 0.0251705
 14650.7 10555 2182.19 5713.94 384.726
 14476.5 5204.5 2675.53 553.153 1545.92
 32896.9 7086.46 1819.7 935.473 733.92
 9767.03 3800.19 570.889 146.596 134.487
 31509.5 6533.09 1869.56 280.857 138.283
 24828.8 22578 3391.24 970.462 217.57
 2043.64 1384.49 874.719 131.384 46.0269
 7418.97 3040.08 1532.88 968.472 196.426
 10780.7 3321.59 983.378 495.845 376.811
 4621.42 1237.71 273.38 80.9359 71.823
 24460.6 9258.9 1841.84 406.815 227.32
 16246.6 9688.33 2567.49 510.74 175.845
 19349.5 10774.7 4402.84 1166.79 312.017
 27121.2 572.889 153.848 62.8666 21.1154
 75591.5 8508.31 122.371 32.8624 17.9388
 12834 17107.6 1289.67 18.5486 7.7003
 92466.9 4163.49 3795.78 286.147 5.82401
 116113 26687 807.776 736.434 56.6464
 71150.5 22152.1 3369.68 101.995 100.14
 61704.8 16155.1 3461.07 526.483 31.5818
 102953 24499.7 4533.19 971.189 156.595
 12706.9 21227.5 3523.65 651.981 162.203
 30334.6 4578.65 5507.6 914.233 211.245
 31394.7 11372.9 1239.2 1490.62 304.608
 9152.51 9915.83 2596.15 282.877 409.804
 27642 4455.8 3518.44 921.195 245.785
 26806.8 8806.67 1026.95 810.911 268.959
 9483.31 9722.51 2329.33 271.624 285.622
 10917.2 4752.54 3566.83 854.547 204.433
 18567.9 7060.58 2235.41 1677.7 498.104
 6676.17 4159.46 1120.6 354.787 345.327
F
 0.145487 0.193258 0.193258 0.193258 0.193258
 0.268925 0.357227 0.357227 0.357227 0.357227
 0.264216 0.350971 0.350971 0.350971 0.350971
 0.378084 0.502228 0.502228 0.502228 0.502228
 0.119567 0.158827 0.158827 0.158827 0.158827
 0.195131 0.259202 0.259202 0.259202 0.259202
 0.395598 0.525493 0.525493 0.525493 0.525493
 0.0590686 0.0784638 0.0784638 0.0784638 0.0784638
 0.208324 0.276727 0.276727 0.276727 0.276727
 0.246448 0.32737 0.32737 0.32737 0.32737
 0.0696061 0.0924614 0.0924614 0.0924614 0.0924614
 0.359727 0.477844 0.477844 0.477844 0.477844
 0.459647 0.610573 0.610573 0.610573 0.610573
 1.86269 2.47431 2.47431 2.47431 2.47431
 0.48883 0.649338 0.649338 0.649338 0.649338
 0.563293 0.74825 0.74825 0.74825 0.74825
 0.468374 0.622165 0.622165 0.622165 0.622165
 0.54673 0.72625 0.72625 0.72625 0.72625
 0.616186 0.818512 0.818512 0.818512 0.818512
 0.440332 0.584916 0.584916 0.584916 0.584916
 0.315137 0.418612 0.418612 0.418612 0.418612
 0.376996 0.500783 0.500783 0.500783 0.500783
 0.224902 0.298749 0.298749 0.298749 0.298749
 0.21245 0.282209 0.282209 0.282209 0.282209
 0.206627 0.274473 0.274473 0.274473 0.274473
 0.165034 0.219223 0.219223 0.219223 0.219223
 0.202132 0.268502 0.268502 0.268502 0.268502
 0.162166 0.215413 0.215413 0.215413 0.215413
 0.143159 0.190165 0.190165 0.190165 0.190165
 0.175686 0.233373 0.233373 0.233373 0.233373
 0.303211 0.402771 0.402771 0.402771 0.402771
 0.183877 0.244254 0.244254 0.244254 0.244254
YTP_r0W_actual
 189838 320192 97045.6 41076.9 42768.5
YTP_p0W_proyectada
 425310 143511 89549.2 31392.1 14409.3
 425310 206830 26656.6 15690.9 5398.38
CTP_r0_actual
 22074.2 12911 3478.34 1101.26 1071.89
CTP_p0_proyectada
 56407.1 8224.12 3720.37 1002.3 408.775
 56407.1 11852.7 1107.46 500.986 153.146
Wmedp
 7.54 17.45 24.07 31.32 35.25
Frms_r0
 0.756577 1.005 1.005 1.005 1.005
Zrms_r0
 1.75658 2.005 2.005 2.005 2.005
nmprior
 7.29 8.9 8.7 0
nm_flota  nm_reclas  nm_pelaces    nm_pelaL
inf 10.2797 17.4398 54.7215
cv_recla  cv_pelaces  cv_mph
0.577358 0.407894 0.535787
 ------------------------------------------------
Talla a la edad & desviaci?n 
 8 13.2811 15.8009 17.003 17.5766
 0.8 1.32811 1.58009 1.7003 1.75766
