    unsorted:	 2.318236170e-06 5.642360337e-05 9.112167873e-05 0.002099919749 4.090389615 5.700506760 3.849861361 12.24765376 12.14082694 19.26209251 27.39284427 36.54998557 88.29310562 111.4220916 184.7446877 202.9034451 361.6022604 694.5384655 705.0157968 825.9528810 881.1269976 916.2670210 952.1634978 1110.468468 1094.717957 1120.991662 1258.556741 1328.932290 1410.663490 1523.613569 1637.497751 1836.848439 1840.320598 1996.463740 2261.389944 2215.334116 2335.125980 2408.012780 2614.263076 2776.462452 2997.083889 3598.123222 4132.843522 4207.992422 10972.88291 42165.82808 169387.7819 386216.4544 388259.4484 376671.5395 355450.5017 361156.9111 398170.0985 345104.1015 414938.9605 471366.1561 486854.5340 614921.9220 658516.6657 645572.7610 752111.5304 884999.3940 899819.6503 1046854.498 1201424.589 1398562.476 1586564.490 1814837.324 2040176.444 2271667.910 2226757.722 2339233.914 2526111.414 2859934.225 3095196.725 40347971.64
      sorted:	 2.318236170e-06 5.642360337e-05 9.112167873e-05 0.002099919749 3.849861361 4.090389615 5.700506760 12.14082694 12.24765376 19.26209251 27.39284427 36.54998557 88.29310562 111.4220916 184.7446877 202.9034451 361.6022604 694.5384655 705.0157968 825.9528810 881.1269976 916.2670210 952.1634978 1094.717957 1110.468468 1120.991662 1258.556741 1328.932290 1410.663490 1523.613569 1637.497751 1836.848439 1840.320598 1996.463740 2215.334116 2261.389944 2335.125980 2408.012780 2614.263076 2776.462452 2997.083889 3598.123222 4132.843522 4207.992422 10972.88291 42165.82808 169387.7819 345104.1015 355450.5017 361156.9111 376671.5395 386216.4544 388259.4484 398170.0985 414938.9605 471366.1561 486854.5340 614921.9220 645572.7610 658516.6657 752111.5304 884999.3940 899819.6503 1046854.498 1201424.589 1398562.476 1586564.490 1814837.324 2040176.444 2226757.722 2271667.910 2339233.914 2526111.414 2859934.225 3095196.725 40347971.64
