    unsorted:	 2.307278079e-06 5.561636115e-05 8.716309842e-05 -4.414573337e-05 0.002299908346 3.668960206 3.324077646 9.294083867 12.21353695 19.27356229 29.05197003 48.46504783 116.9702838 175.0074330 200.9465277 215.5537537 382.3571384 906.0679331 909.1201043 883.1378773 814.7726073 650.6868251 684.8143995 1042.516231 1101.366147 1155.088228 1180.459027 1374.125220 1400.457416 1598.959054 1592.362410 1842.707366 1933.355065 2035.920683 2053.757344 2133.555856 2297.672598 2438.480124 2495.805281 2730.234254 3046.313395 3424.904464 3796.658119 4245.893826 4298.686287 10429.66054 13208.19336 42502.71470 158503.5979 384817.9113 390385.2997 374474.1066 366808.3354 346646.2565 349687.7322 403945.6540 447204.3178 463399.7030 524592.0249 604521.9657 587725.0922 647752.0920 628680.1529 806257.5100 858159.1129 1031859.608 1150009.163 1212884.336 1270461.195 1384772.958 1576644.008 1913662.095 2256413.713 2266806.294 2342323.017 2470922.484 2799728.211 2977125.652 3370276.914 44876534.21
      sorted:	 -4.414573337e-05 2.307278079e-06 5.561636115e-05 8.716309842e-05 0.002299908346 3.324077646 3.668960206 9.294083867 12.21353695 19.27356229 29.05197003 48.46504783 116.9702838 175.0074330 200.9465277 215.5537537 382.3571384 650.6868251 684.8143995 814.7726073 883.1378773 906.0679331 909.1201043 1042.516231 1101.366147 1155.088228 1180.459027 1374.125220 1400.457416 1592.362410 1598.959054 1842.707366 1933.355065 2035.920683 2053.757344 2133.555856 2297.672598 2438.480124 2495.805281 2730.234254 3046.313395 3424.904464 3796.658119 4245.893826 4298.686287 10429.66054 13208.19336 42502.71470 158503.5979 346646.2565 349687.7322 366808.3354 374474.1066 384817.9113 390385.2997 403945.6540 447204.3178 463399.7030 524592.0249 587725.0922 604521.9657 628680.1529 647752.0920 806257.5100 858159.1129 1031859.608 1150009.163 1212884.336 1270461.195 1384772.958 1576644.008 1913662.095 2256413.713 2266806.294 2342323.017 2470922.484 2799728.211 2977125.652 3370276.914 44876534.21
