    unsorted:	 2.309846298e-06 1.341307412e-06 5.582659958e-05 8.657633590e-05 0.002199912813 3.143437356 2.419394921 8.085707987 12.23562022 19.15301100 27.65551849 47.08569639 104.0146768 172.1712140 199.2394170 214.2710999 368.9511942 1119.077755 1101.614323 1137.720381 928.3603316 909.4781318 883.0658593 821.0444617 735.1181456 693.3167677 1272.180361 1353.891724 1532.512726 1565.691174 1769.562151 1854.974893 2007.533978 2055.464248 2156.495949 2239.800988 2371.452904 2547.730013 2743.604647 3007.702717 3606.964140 3636.069683 4170.078479 4243.596664 10620.19810 14538.46721 42569.93206 163690.6898 352593.8395 347639.4221 364466.6440 385900.6270 389056.0816 377018.0380 411275.7930 456385.3750 466639.3946 478449.0581 570566.2305 611103.6271 656966.7291 650473.4176 817536.3317 871929.9294 1052834.046 1171581.669 1308716.702 1421906.247 1577680.635 1944711.936 2254878.666 2294029.863 2354899.729 2693209.767 2806033.455 2976975.808 3764187.195 44114003.86
      sorted:	 1.341307412e-06 2.309846298e-06 5.582659958e-05 8.657633590e-05 0.002199912813 2.419394921 3.143437356 8.085707987 12.23562022 19.15301100 27.65551849 47.08569639 104.0146768 172.1712140 199.2394170 214.2710999 368.9511942 693.3167677 735.1181456 821.0444617 883.0658593 909.4781318 928.3603316 1101.614323 1119.077755 1137.720381 1272.180361 1353.891724 1532.512726 1565.691174 1769.562151 1854.974893 2007.533978 2055.464248 2156.495949 2239.800988 2371.452904 2547.730013 2743.604647 3007.702717 3606.964140 3636.069683 4170.078479 4243.596664 10620.19810 14538.46721 42569.93206 163690.6898 347639.4221 352593.8395 364466.6440 377018.0380 385900.6270 389056.0816 411275.7930 456385.3750 466639.3946 478449.0581 570566.2305 611103.6271 650473.4176 656966.7291 817536.3317 871929.9294 1052834.046 1171581.669 1308716.702 1421906.247 1577680.635 1944711.936 2254878.666 2294029.863 2354899.729 2693209.767 2806033.455 2976975.808 3764187.195 44114003.86
