    unsorted:	 2.311347363e-06 7.789859233e-06 5.591160768e-05 8.307141731e-05 0.002399896005 0.02080243997 1.360899233 7.113527009 12.21927745 19.15930165 28.23235215 49.74804204 119.4532467 180.5233294 201.9295412 220.1785566 379.6301104 896.0426779 899.3153266 868.9256592 737.5049263 800.9678865 676.1671779 1050.675895 1093.543500 1153.781623 1173.704368 1390.941739 1412.946704 1598.223629 1614.518864 1906.323254 1923.708522 2027.983322 2049.538271 2211.884001 2291.319451 2482.316839 2534.925508 2788.751519 3073.203836 3539.298742 3704.682641 4100.103092 4278.330902 4304.217754 10259.70707 18592.76348 42622.40494 153513.7065 381455.8752 383183.6649 367990.3653 370317.6458 391247.7246 344626.0690 347357.2420 402509.5191 449417.9472 460748.9340 602591.0770 593278.8998 569560.1616 648083.1880 636510.6543 812430.5604 845132.8766 1052373.208 1156912.801 1308248.022 1438238.445 1539691.156 1569073.778 1955280.127 2266648.059 2334240.343 2353276.827 2781655.149 2905490.640 3091632.375 15703161.04 104073070.5
      sorted:	 2.311347363e-06 7.789859233e-06 5.591160768e-05 8.307141731e-05 0.002399896005 0.02080243997 1.360899233 7.113527009 12.21927745 19.15930165 28.23235215 49.74804204 119.4532467 180.5233294 201.9295412 220.1785566 379.6301104 676.1671779 737.5049263 800.9678865 868.9256592 896.0426779 899.3153266 1050.675895 1093.543500 1153.781623 1173.704368 1390.941739 1412.946704 1598.223629 1614.518864 1906.323254 1923.708522 2027.983322 2049.538271 2211.884001 2291.319451 2482.316839 2534.925508 2788.751519 3073.203836 3539.298742 3704.682641 4100.103092 4278.330902 4304.217754 10259.70707 18592.76348 42622.40494 153513.7065 344626.0690 347357.2420 367990.3653 370317.6458 381455.8752 383183.6649 391247.7246 402509.5191 449417.9472 460748.9340 569560.1616 593278.8998 602591.0770 636510.6543 648083.1880 812430.5604 845132.8766 1052373.208 1156912.801 1308248.022 1438238.445 1539691.156 1569073.778 1955280.127 2266648.059 2334240.343 2353276.827 2781655.149 2905490.640 3091632.375 15703161.04 104073070.5
