years
 1991 1992 1993 1994 1995 1996 1997 1998 1999 2000 2001 2002 2003 2004 2005 2006 2007 2008 2009 2010 2011 2012 2013 2014 2015 2016 2017 2018 2019 2020 2021 2022 2023
reclasobs
 0 0 0 0 0 0 0 0 0 252601 567819 844713 477998 351125 339783 2.1784e+06 2.13404e+06 4.81314e+06 1.55562e+06 2.62356e+06 3.21686e+06 3.843e+06 1.13348e+06 3.07943e+06 1.97215e+06 2.03268e+06 2.025e+06 2.42433e+06 2.27542e+06 1.05018e+06 2.36338e+06 3.18982e+06 1.53035e+06
reclaspred
 8.52009e+06 2.28815e+06 1.51056e+06 1.21825e+06 70846.4 1.01081e+07 1.01761e+07 5.84077e+06 2.60006e+06 237022 451671 1.21744e+06 553470 320277 464894 2.14774e+06 1.30219e+06 4.14496e+06 1.8433e+06 2.46245e+06 3.25321e+06 3.32591e+06 1.85662e+06 2.76145e+06 2.65032e+06 1.87807e+06 2.02577e+06 2.95304e+06 2.24679e+06 1.55675e+06 1.84079e+06 2.88571e+06 851670
pelacesobs
 0 0 0 0 0 0 0 0 0 0 0 0 0 0 0 552880 188675 0 991730 2.46772e+06 1.41603e+06 1.21717e+06 2.29649e+06 1.80582e+06 0 1.4828e+06 1.56532e+06 1.57751e+06 1.42118e+06 867257 1.10002e+06 1.06204e+06 0
pelacespred
 7.38871e+06 1.89253e+06 815794 463853 18450.8 6.35895e+06 7.02769e+06 5.5063e+06 2.51133e+06 123628 246762 569240 220570 112501 208622 981273 588436 2.36455e+06 792008 1.04695e+06 1.54382e+06 1.61515e+06 932195 1.69272e+06 1.47117e+06 1.04976e+06 1.34189e+06 1.74751e+06 1.30143e+06 1.00617e+06 910195 1.74058e+06 376126
mphobs
 0 0 0 0 0 0 0 0 0 0 0 0 498337 0 5186 125008 0 168611 109162 213762 579715 649985 157893 87575 83554 210694 70296 0 107559 103333 445601 22526 28222
mphpred
 2.18297e+06 864247 140364 299944 57442.3 1755.38 2.43013e+06 1.39961e+06 764588 171746 6841.15 85006.1 168442 22455.7 14157.7 45768.6 363929 103556 526094 215595 748563 499092 142731 48946.2 131307 130260 57205.3 91267.1 183756 73726 60454.9 99701.6 96522.4
desembarqueobs
 494567 514787 250237 358949 120608 361735 552515 73892 212993 205616 52469 317467 293654 387597 252695 516296 358380 742168 942051 627588 828172 859565 418607 520667 417249 300574 415391 372974 316634 284311 391294 218835 356480
desembarquepred
 494477 513964 250775 357825 120355 361600 552128 73876.1 212787 205149 52441.3 316916 292973 386461 252137 515397 357965 741058 938789 626163 827284 857876 417902 519988 416548 300062 414709 372439 316017 283590 390499 218684 355484
Reclutas
 1249.35 787.505 241066 2649.12 1014.18 832441 1092.69 352.275 602.647 1265.38 46032.2 137562 29995.5 64934.3 49858.2 286366 4168.16 426519 103731 305794 156247 429663 3749.78 154175 179406 15019.6 123625 157654 12855.6 87041.2 99390.6 87974.7 1873.11
log_desv_Rt
 -3.04019 -3.50169 2.22226 -2.28858 -3.24873 3.46156 -3.17417 -4.30615 -3.76923 -3.02744 0.566535 1.66127 0.138239 0.910569 0.646376 2.39446 -1.83533 2.79285 1.379 2.46011 1.78863 2.80019 -1.94111 1.77528 1.92684 -0.553452 1.55445 1.7976 -0.709025 1.20357 1.33625 1.21424 -2.63521
SSB
 1.86872e+06 739833 120157 256766 49173.1 1502.68 2.0803e+06 1.19813e+06 654520 147022 5856.33 72768.9 131137 18112.1 11211 37311.6 311539 88648.7 479203 105304 381063 274830 431898 140562 337067 364036 148255 221677 469108 172054 174547 282936 260653
BT
 2.2967e+06 1.01963e+06 550270 376104 109870 3.66457e+06 2.54897e+06 1.42341e+06 822072 271765 168843 534096 334540 456035 354962 914255 459156 1.87258e+06 1.17122e+06 982054 1.31358e+06 1.47891e+06 613727 1.30656e+06 955073 572060 1.06254e+06 1.12819e+06 650364 698221 723713 882649 407727
Ftot
 0.28072 0.990776 0.965654 1.24765 3.87878 0.235652 0.262885 0.0624627 0.391455 2.70739 0.735223 1.44763 2.16387 4.95303 2.89629 1.44299 1.18711 1.08988 2.10395 1.47267 1.27039 1.41951 0.998148 1.09371 0.843913 0.753579 1.1618 0.735496 0.659802 0.999035 1.16081 0.414614 1.6496
BD_Bspro_t
 0.956079 0.644823 0.241533 0.405165 0.0905894 0.00469471 0.806702 0.659091 0.595166 0.280449 0.0292946 0.362417 0.284826 0.0480245 0.0295012 0.0911107 0.31811 0.118935 0.324702 0.100133 0.233719 0.183391 0.268803 0.121111 0.276032 0.338811 0.213166 0.317315 0.467587 0.262935 0.292594 0.357853 0.399067
BD_Bspro
 9.92956 3.93116 0.638466 1.36434 0.261285 0.00798461 11.0538 6.36634 3.47784 0.781211 0.031118 0.386663 0.696806 0.0962398 0.0595707 0.198258 1.65538 0.471041 2.54628 0.559541 2.02481 1.46033 2.29492 0.746886 1.79103 1.93433 0.787762 1.1779 2.49264 0.914219 0.927467 1.5034 1.385
BD_Bo
 4.86746 1.92705 0.312975 0.6688 0.128082 0.00391405 5.41858 3.12077 1.70484 0.382949 0.015254 0.189542 0.341574 0.0471767 0.0292015 0.0971859 0.811468 0.230904 1.24818 0.274286 0.992559 0.715852 1.12497 0.366123 0.877963 0.948207 0.38616 0.577404 1.22189 0.448149 0.454643 0.736965 0.678925
BD_Brms
 5.21475 2.06454 0.335306 0.716518 0.13722 0.00419331 5.80519 3.34343 1.82647 0.410272 0.0163424 0.203065 0.365945 0.0505427 0.031285 0.10412 0.869365 0.247379 1.33724 0.293856 1.06338 0.766927 1.20523 0.392245 0.940604 1.01586 0.413712 0.618601 1.30907 0.480124 0.487082 0.789547 0.727365
Sel_flota
 0.476874 1 1 1 1
 0.476874 1 1 1 1
 0.476874 1 1 1 1
 0.476874 1 1 1 1
 0.476874 1 1 1 1
 0.476874 1 1 1 1
 0.476874 1 1 1 1
 0.476874 1 1 1 1
 0.476874 1 1 1 1
 0.476874 1 1 1 1
 0.476874 1 1 1 1
 0.476874 1 1 1 1
 0.476874 1 1 1 1
 0.476874 1 1 1 1
 0.476874 1 1 1 1
 0.476874 1 1 1 1
 0.476874 1 1 1 1
 0.476874 1 1 1 1
 0.476874 1 1 1 1
 0.476874 1 1 1 1
 0.476874 1 1 1 1
 0.476874 1 1 1 1
 0.476874 1 1 1 1
 0.476874 1 1 1 1
 0.476874 1 1 1 1
 0.476874 1 1 1 1
 0.476874 1 1 1 1
 0.476874 1 1 1 1
 0.476874 1 1 1 1
 0.476874 1 1 1 1
 0.476874 1 1 1 1
 0.476874 1 1 1 1
 0.476874 1 1 1 1
Sel_reclas
 0.639302 1 1 1 1
 0.639302 1 1 1 1
 0.639302 1 1 1 1
 0.639302 1 1 1 1
 0.639302 1 1 1 1
 0.639302 1 1 1 1
 0.639302 1 1 1 1
 0.639302 1 1 1 1
 0.639302 1 1 1 1
 0.639302 1 1 1 1
 0.639302 1 1 1 1
 0.639302 1 1 1 1
 0.639302 1 1 1 1
 0.639302 1 1 1 1
 0.639302 1 1 1 1
 0.639302 1 1 1 1
 0.639302 1 1 1 1
 0.639302 1 1 1 1
 0.639302 1 1 1 1
 0.639302 1 1 1 1
 0.639302 1 1 1 1
 0.639302 1 1 1 1
 0.639302 1 1 1 1
 0.639302 1 1 1 1
 0.639302 1 1 1 1
 0.639302 1 1 1 1
 0.639302 1 1 1 1
 0.639302 1 1 1 1
 0.639302 1 1 1 1
 0.639302 1 1 1 1
 0.639302 1 1 1 1
 0.639302 1 1 1 1
 0.639302 1 1 1 1
Sel_pelaces
 0.444682 0.801192 0.953011 0.990298 0.998057
 0.444682 0.801192 0.953011 0.990298 0.998057
 0.444682 0.801192 0.953011 0.990298 0.998057
 0.444682 0.801192 0.953011 0.990298 0.998057
 0.444682 0.801192 0.953011 0.990298 0.998057
 0.444682 0.801192 0.953011 0.990298 0.998057
 0.444682 0.801192 0.953011 0.990298 0.998057
 0.444682 0.801192 0.953011 0.990298 0.998057
 0.444682 0.801192 0.953011 0.990298 0.998057
 0.444682 0.801192 0.953011 0.990298 0.998057
 0.444682 0.801192 0.953011 0.990298 0.998057
 0.444682 0.801192 0.953011 0.990298 0.998057
 0.444682 0.801192 0.953011 0.990298 0.998057
 0.444682 0.801192 0.953011 0.990298 0.998057
 0.444682 0.801192 0.953011 0.990298 0.998057
 0.444682 0.801192 0.953011 0.990298 0.998057
 0.444682 0.801192 0.953011 0.990298 0.998057
 0.444682 0.801192 0.953011 0.990298 0.998057
 0.444682 0.801192 0.953011 0.990298 0.998057
 0.444682 0.801192 0.953011 0.990298 0.998057
 0.444682 0.801192 0.953011 0.990298 0.998057
 0.444682 0.801192 0.953011 0.990298 0.998057
 0.444682 0.801192 0.953011 0.990298 0.998057
 0.444682 0.801192 0.953011 0.990298 0.998057
 0.444682 0.801192 0.953011 0.990298 0.998057
 0.444682 0.801192 0.953011 0.990298 0.998057
 0.444682 0.801192 0.953011 0.990298 0.998057
 0.444682 0.801192 0.953011 0.990298 0.998057
 0.444682 0.801192 0.953011 0.990298 0.998057
 0.444682 0.801192 0.953011 0.990298 0.998057
 0.444682 0.801192 0.953011 0.990298 0.998057
 0.444682 0.801192 0.953011 0.990298 0.998057
 0.444682 0.801192 0.953011 0.990298 0.998057
pf_obs 
 0.8446 0.082 0.0669 0.0065 0
 0.8095 0.147 0.0364 0.0071 0
 0.9664 0.0169 0.016 0.0007 0
 0.9276 0.0648 0.0075 0.0001 0
 0.7033 0.2144 0.0806 0.0017 0
 0.9318 0.0425 0.0243 0.0014 0
 0.5671 0.3108 0.0964 0.0239 0.0018
 0.0768 0.2599 0.5324 0.112 0.0189
 0.490249 0.384438 0.106611 0.0170017 0.00170017
 0.7925 0.1577 0.0466 0.003 0.0002
 0.840416 0.127587 0.0312969 0.00059994 9.999e-05
 0.8084 0.0986 0.0794 0.0134 0.0002
 0.7335 0.1905 0.0724 0.0035 0.0001
 0.4001 0.4547 0.1325 0.0127 0
 0.49795 0.308269 0.164784 0.0264974 0.00249975
 0.9179 0.0499 0.0305 0.0017 0
 0.2467 0.6533 0.0926 0.0074 0
 0.9418 0.0223 0.034 0.0019 0
 0.707729 0.231977 0.0356964 0.0245975 0
 0.517169 0.277429 0.184464 0.0207286 0.00020938
 0.811772 0.124168 0.05621 0.00726502 0.000585176
 0.764997 0.148141 0.077277 0.00933861 0.000247198
 0.163321 0.427699 0.378323 0.0303852 0.000271297
 0.753843 0.0900009 0.118128 0.0371064 0.000921714
 0.721811 0.176058 0.0630433 0.0369309 0.00215725
 0.143369 0.312575 0.442814 0.0836902 0.0175525
 0.692698 0.0596174 0.167031 0.0765114 0.00414204
 0.394062 0.376323 0.152708 0.0712218 0.00568511
 0.125707 0.32114 0.495352 0.0537591 0.00404204
 0.23352 0.215282 0.420074 0.123614 0.00750983
 0.796117 0.104755 0.0508955 0.0450114 0.00322123
 0.162477 0.292055 0.404252 0.121198 0.0200186
 0 0 0 0 0
pf_pred 
 0.00568833 0.145421 0.749622 0.0992675 4.73271e-07
 0.0143646 0.0127432 0.142289 0.733474 0.0971295
 0.968946 0.00126675 0.000385118 0.00430019 0.0251021
 0.027279 0.962058 0.000434954 0.000132235 0.0100956
 0.10767 0.0736284 0.809727 0.000366084 0.00860839
 0.999741 0.000140603 9.79649e-06 0.000107737 1.19408e-06
 0.00200807 0.997877 6.21867e-05 4.33285e-06 4.81786e-05
 0.0021847 0.00454969 0.993151 6.18922e-05 5.22628e-05
 0.0114083 0.00460508 0.00448664 0.979387 0.000112573
 0.115354 0.0235831 0.00401102 0.00390786 0.853144
 0.988416 0.0049869 0.000175879 2.99136e-05 0.00639175
 0.876231 0.123227 0.000233251 8.22634e-06 0.000300359
 0.433466 0.544308 0.0221287 4.18866e-05 5.54148e-05
 0.913136 0.0676583 0.0184522 0.000750173 3.29855e-06
 0.94089 0.0587674 0.000266682 7.27314e-05 2.96988e-06
 0.974293 0.0254534 0.000252573 1.14616e-06 3.25352e-07
 0.0443186 0.948434 0.00717567 7.12039e-05 4.14839e-07
 0.973234 0.00339774 0.0231913 0.000175461 1.75123e-06
 0.424388 0.570426 0.000658334 0.00449346 3.43359e-05
 0.91216 0.0674678 0.020189 2.33003e-05 0.000160251
 0.621135 0.368699 0.00780811 0.00233649 2.12426e-05
 0.8762 0.104157 0.019116 0.000404829 0.000122242
 0.0251793 0.936169 0.0325193 0.00596828 0.000164559
 0.880869 0.00837034 0.106369 0.00369489 0.000696822
 0.741249 0.247692 0.000776978 0.00987372 0.000407662
 0.143179 0.760895 0.0918263 0.000288047 0.00381159
 0.854324 0.0450895 0.0893256 0.01078 0.000481278
 0.759149 0.228317 0.00387948 0.00768555 0.000968916
 0.132674 0.775079 0.0874464 0.00148586 0.0033147
 0.805073 0.0554201 0.124669 0.0140655 0.000772156
 0.731815 0.247694 0.00582599 0.0131058 0.0015598
 0.660376 0.303771 0.0331133 0.000778857 0.00196059
 0.0354685 0.79382 0.15269 0.0166444 0.00137698
pobs_RECLAS
 0 0 0 0 0
 0 0 0 0 0
 0 0 0 0 0
 0 0 0 0 0
 0 0 0 0 0
 0 0 0 0 0
 0 0 0 0 0
 0 0 0 0 0
 0 0 0 0 0
 0 0 0 0 0
 0.991045 0.00858322 0.000360255 1.14367e-05 0
 0.934742 0.0480273 0.0164251 0.00080598 0
 0.827803 0.169806 0.00239088 0 0
 0.941827 0.0461693 0.0120037 0 0
 0.791401 0.0380133 0.147996 0.0225897 0
 0.846168 0.0940531 0.0597789 0 0
 0.134021 0.677848 0.182769 0.00536245 0
 0.80878 0.0450904 0.141981 0.00414843 0
 0.846168 0.0940531 0.0597789 0 0
 0.905697 0.0802665 0.012482 0.00150086 5.37128e-05
 0.989698 0.0102097 9.19794e-05 0 0
 0.975433 0.0193895 0.00387452 0.00125025 5.28907e-05
 0.303575 0.632131 0.0575291 0.00676475 0
 0.966965 0.00978017 0.0227588 0.000495775 0
 0.843318 0.132988 0.00938335 0.0141283 0.000182051
 0.564624 0.303363 0.111486 0.0197234 0.00080311
 0.826376 0.0876187 0.0782897 0.00655872 0.00115652
 0.89761 0.0855135 0.0140674 0.00269457 0.000114338
 0.34875 0.467042 0.161289 0.0227151 0.000203297
 0.318654 0.224769 0.449479 0.00709798 0
 0.937255 0.0296025 0.0250945 0.00804832 0
 0.456809 0.399803 0.12412 0.0192676 0
 0.883104 0.0372192 0.0704036 0.00927362 0
ppred_RECLAS
 0.00772082 0.145124 0.74809 0.0990646 4.72303e-07
 0.0205494 0.0126632 0.141396 0.728871 0.0965201
 0.978169 0.000890521 0.000270736 0.00302301 0.0176467
 0.0398332 0.949642 0.000429341 0.000130528 0.00996533
 0.215377 0.0647412 0.71199 0.000321897 0.00756933
 0.999809 0.000103657 7.22232e-06 7.94273e-05 8.8032e-07
 0.00272631 0.997159 6.21419e-05 4.32973e-06 4.81439e-05
 0.00293482 0.00454627 0.992405 6.18457e-05 5.22235e-05
 0.0155595 0.00458574 0.0044678 0.975275 0.0001121
 0.192257 0.021533 0.00366234 0.00356815 0.77898
 0.991733 0.00355897 0.000125518 2.13482e-05 0.00456156
 0.914685 0.0849418 0.000160783 5.67052e-06 0.000207041
 0.561166 0.421618 0.0171408 3.24451e-05 4.29241e-05
 0.967783 0.025094 0.00684382 0.000278234 1.22341e-06
 0.967772 0.0320415 0.000145402 3.96551e-05 1.61926e-06
 0.982865 0.0169652 0.000168345 7.63939e-07 2.16854e-07
 0.063795 0.929105 0.00702943 6.97528e-05 4.06385e-07
 0.981439 0.00235618 0.0160821 0.000121674 1.2144e-06
 0.549777 0.446167 0.000514925 0.00351462 2.68563e-05
 0.940384 0.0457891 0.0137019 1.58135e-05 0.000108759
 0.708583 0.283598 0.00600589 0.0017972 1.63395e-05
 0.914395 0.0720219 0.0132182 0.000279928 8.4527e-05
 0.0358766 0.925895 0.0321624 0.00590278 0.000162753
 0.914944 0.0059762 0.0759446 0.00263806 0.000497513
 0.802629 0.188936 0.000592668 0.00753154 0.000310959
 0.190485 0.718885 0.0867564 0.000272143 0.00360114
 0.895765 0.0322626 0.0639146 0.00771334 0.000344366
 0.815889 0.17453 0.00296555 0.00587499 0.000740658
 0.176081 0.736289 0.0830701 0.0014115 0.00314881
 0.856127 0.0409047 0.0920164 0.0103815 0.000569917
 0.799929 0.184784 0.00434629 0.00977713 0.00116364
 0.727318 0.243896 0.0265865 0.000625341 0.00157415
 0.0540429 0.778533 0.14975 0.0163238 0.00135046
pobs_PELACES
 0 0 0 0 0
 0 0 0 0 0
 0 0 0 0 0
 0 0 0 0 0
 0 0 0 0 0
 0 0 0 0 0
 0 0 0 0 0
 0 0 0 0 0
 0 0 0 0 0
 0 0 0 0 0
 0 0 0 0 0
 0 0 0 0 0
 0 0 0 0 0
 0 0 0 0 0
 0 0 0 0 0
 0 0 0 0 0
 0.505614 0.472636 0.0217494 0 0
 0 0 0 0 0
 0.443492 0.261883 0.143347 0.151278 0
 0.227955 0.32914 0.350689 0.0885471 0.00366901
 0.970185 0.0296113 0.000203453 0 0
 0.997202 0.00247181 0.000326279 0 0
 0.445219 0.490057 0.0546422 0.010081 0
 0.90214 0.0892962 0.00764917 0.000914606 0
 0 0 0 0 0
 0.581667 0.319106 0.0959925 0.00289975 0.000334073
 0.762889 0.0836404 0.116647 0.0363945 0.000428098
 0.88444 0.0763242 0.0277011 0.0115352 0
 0.521256 0.241999 0.230069 0.00667565 0
 0.616807 0.101726 0.260614 0.0208532 0
 0.833518 0.0704572 0.0857862 0.0102388 0
 0.697417 0.212968 0.0787535 0.0105354 0.000325836
 0 0 0 0 0
ppred_PELACES
 0.0060422 0.124628 0.764175 0.105154 5.05263e-07
 0.0173063 0.0103528 0.137503 0.736538 0.0982995
 0.973858 0.000864412 0.000312596 0.00362698 0.0213382
 0.0426538 0.944333 0.000507842 0.000160435 0.0123446
 0.28387 0.0503141 0.658179 0.000309211 0.00732799
 0.999766 0.000114632 9.50046e-06 0.000108569 1.21273e-06
 0.00247736 0.997383 7.39339e-05 5.35289e-06 5.99871e-05
 0.00216849 0.00382773 0.993885 6.43612e-05 5.47735e-05
 0.0117506 0.00372836 0.00432079 0.980087 0.000113536
 0.210221 0.0169947 0.00343817 0.0034808 0.765865
 0.990458 0.00360609 0.00015128 2.67364e-05 0.00575764
 0.922714 0.0768736 0.000173084 6.34318e-06 0.000233416
 0.615542 0.366646 0.0177305 3.48743e-05 4.64994e-05
 0.983288 0.0124889 0.00405146 0.000171156 7.5848e-07
 0.977238 0.0226042 0.000122014 3.45784e-05 1.42302e-06
 0.98456 0.0152586 0.000180102 8.49266e-07 2.42964e-07
 0.0676079 0.92399 0.00831541 8.57419e-05 5.03453e-07
 0.979394 0.0022438 0.0182171 0.00014322 1.44065e-06
 0.603374 0.392239 0.000538467 0.0038191 2.94116e-05
 0.944177 0.0410669 0.0146174 1.75302e-05 0.000121511
 0.723342 0.267796 0.00674588 0.00209761 1.92202e-05
 0.920003 0.0653263 0.0142612 0.000313833 9.55075e-05
 0.0366868 0.91795 0.0379286 0.00723341 0.000201004
 0.905443 0.00564009 0.0852548 0.00307733 0.000584903
 0.801742 0.187913 0.000701156 0.0092588 0.000385269
 0.185521 0.708084 0.101645 0.000331324 0.0044186
 0.889345 0.0301901 0.071142 0.00892147 0.000401425
 0.811967 0.176209 0.00356143 0.00733151 0.000931525
 0.169267 0.727502 0.0976318 0.00172383 0.00387571
 0.843469 0.0390658 0.104532 0.012255 0.000678036
 0.806581 0.17564 0.00491406 0.0114868 0.00137783
 0.709105 0.254976 0.0330611 0.000808053 0.00205002
 0.0599259 0.747946 0.171128 0.0193841 0.0016162
pobs_pel_tallas
 0 0 0 0 0 0 0 0 0 0 0 0 0 0 0 0 0 0 0 0 0 0 0 0 0 0
 0 0 0 0 0 0 0 0 0 0 0 0 0 0 0 0 0 0 0 0 0 0 0 0 0 0
 0 0 0 0 0 0 0 0 0 0 0 0 0 0 0 0 0 0 0 0 0 0 0 0 0 0
 0 0 0 0 0 0 0 0 0 0 0 0 0 0 0 0 0 0 0 0 0 0 0 0 0 0
 0 0 0 0 0 0 0 0 0 0 0 0 0 0 0 0 0 0 0 0 0 0 0 0 0 0
 0 0 0 0 0 0 0 0 0 0 0 0 0 0 0 0 0 0 0 0 0 0 0 0 0 0
 0 0 0 0 0 0 0 0 0 0 0 0 0 0 0 0 0 0 0 0 0 0 0 0 0 0
 0 0 0 0 0 0 0 0 0 0 0 0 0 0 0 0 0 0 0 0 0 0 0 0 0 0
 0 0 0 0 0 0 0 0 0 0 0 0 0 0 0 0 0 0 0 0 0 0 0 0 0 0
 0 0 0 0 0 0 0 0 0 0 0 0 0 0 0 0 0 0 0 0 0 0 0 0 0 0
 0 0 0 0 0 0 0 0 0 0 0 0 0 0 0 0 0 0 0 0 0 0 0 0 0 0
 0 0 0 0 0 0 0 0 0 0 0 0 0 0 0 0 0 0 0 0 0 0 0 0 0 0
 0.00862536 0 0 0.000197151 0.00414017 0.0128641 0.00837892 0.0270097 0.101434 0.158115 0.152841 0.127902 0.109271 0.109419 0.0830992 0.0579132 0.0238553 0.00714673 0.00463305 0.00128148 0.00103504 0.000492878 0.000147863 0.000147863 4.92878e-05 0
 0 0 0 0 0 0 0 0 0 0 0 0 0 0 0 0 0 0 0 0 0 0 0 0 0 0
 0 0 0 0 0 0 0 0.0054083 0.00873648 0.0413646 0.0450493 0.0745869 0.0622846 0.0627006 0.0613931 0.0827291 0.12552 0.122667 0.0946155 0.0697135 0.0546179 0.0294188 0.0215738 0.0213955 0.0102223 0.00600262
 0 0 0 0 0.00359764 0.0251062 0.0480494 0.140153 0.205849 0.193036 0.1447 0.116669 0.0760912 0.0342217 0.00950174 0.001854 0.000860785 0 0 0 0.000165536 0 0.000143464 0 0 0
 0 0 0 0 0 0 0 0.000145254 0.000435761 0.0275982 0.070085 0.0708112 0.156366 0.174668 0.174014 0.160142 0.0824315 0.0480064 0.0283245 0.00493863 0.00203355 0 0 0 0 0
 0 0 0 0 0 0 0 0 0 0 0 0 0 0 0 0 0 0 0 0 0 0 0 0 0 0
 0 0 1.00437e-05 0.000401748 0.00122533 0.00171747 0.00176769 0.0269171 0.070346 0.194647 0.189555 0.159765 0.064822 0.0314167 0.0384472 0.0292271 0.0345202 0.0313363 0.0194345 0.0106764 0.0143323 0.0359363 0.0279516 0.0138201 0.00172751 0
 0 0.0021121 0.0136068 0.0755702 0.200478 0.177729 0.0527432 0.0373336 0.0318909 0.0142505 0.0149659 0.0166563 0.0217959 0.0798694 0.0677717 0.0528807 0.04013 0.0224614 0.0357745 0.0225083 0.00881397 0.00855152 0.00135912 0.000746735 0 0
 0 0 0 0 5.4009e-05 0.00500934 0.000945158 0.0243581 0.138947 0.33067 0.221406 0.137944 0.0707744 0.0437923 0.0131692 0.00525238 0.0047753 0.00276346 9.45158e-05 9.00151e-06 2.25038e-05 9.00151e-06 4.50075e-06 0 0 0
 0.000866109 0.00284123 0.00948549 0.0512746 0.133035 0.25785 0.225252 0.132002 0.0553304 0.0519788 0.0540692 0.017754 0.00435017 0.00159236 0.00146478 0.000404838 0.000125132 0.000115318 0.000107957 0.000100596 0 0 0 0 0 0
 0 0 0 0 0.00144013 0.00171154 0.00461396 0.0210425 0.0478622 0.0707936 0.0888783 0.103762 0.0637923 0.0337046 0.0602308 0.124433 0.169614 0.0934646 0.0462172 0.0250306 0.0313229 0.00938855 0.002487 0.000210481 0 0
 0 0.00764035 0.051015 0.0998891 0.058973 0.0496711 0.0374665 0.0718981 0.12319 0.153886 0.159021 0.0857701 0.0377988 0.023471 0.0147837 0.00900784 0.00315554 0.000888139 0.00291439 0.00214683 0.00393193 0.00274676 0.000635225 9.99891e-05 0 0
 0 0 0 0 0 0 0 0 0 0 0 0 0 0 0 0 0 0 0 0 0 0 0 0 0 0
 0 0 0 0 0 0 0 0 0 0 0 0 0 0 0 0 0 0 0 0 0 0 0 0 0 0
 0 0 0 0 0 0 0 0 0 0 0 0 0 0 0 0 0 0 0 0 0 0 0 0 0 0
 0 0 0 0 0 0 0 0 0 0 0 0 0 0 0 0 0 0 0 0 0 0 0 0 0 0
 0 0 0 0 0 0 0 0 0 0 0 0 0 0 0 0 0 0 0 0 0 0 0 0 0 0
 0 0 0 0 0 0 0 0 0 0 0 0 0 0 0 0 0 0 0 0 0 0 0 0 0 0
 0 0 0 0 0 0 0 0 0 0 0 0 0 0 0 0 0 0 0 0 0 0 0 0 0 0
 0 0 0 0 0 0 0 0 0 0 0 0 0 0 0 0 0 0 0 0 0 0 0 0 0 0
 0 0 0 0 0 0 0 0 0 0 0 0 0 0 0 0 0 0 0 0 0 0 0 0 0 0
ppred_pel_tallas
 1.3263e-16 4.97718e-07 4.838e-06 3.21508e-05 0.000146161 0.000454831 0.000969548 0.00141783 0.00143103 0.0010346 0.000676712 0.00080222 0.00173627 0.00391467 0.00798196 0.0146456 0.0244782 0.0378332 0.0548414 0.075235 0.0978215 0.119905 0.137375 0.145913 0.142845 0.128504
 1.94471e-16 1.4255e-06 1.38564e-05 9.20804e-05 0.000418585 0.00130238 0.00277491 0.00405037 0.00405186 0.00278244 0.00132923 0.000503338 0.000333062 0.000637703 0.0014883 0.00329651 0.0068478 0.0133686 0.0244983 0.0419832 0.0669883 0.0991475 0.135767 0.171741 0.200529 0.216053
 1.03985e-16 8.02154e-05 0.000779722 0.00518153 0.0235545 0.0732867 0.156145 0.227898 0.227898 0.156145 0.0732882 0.0235589 0.005193 0.000806194 0.000135097 0.000109809 0.000185912 0.000319121 0.000539355 0.000898813 0.0014588 0.00226517 0.00331399 0.00452284 0.00572652 0.00670844
 1.02362e-16 3.51353e-06 3.41529e-05 0.000226962 0.00103179 0.00321078 0.00684426 0.0100084 0.0100992 0.00728785 0.00469958 0.00532916 0.0110035 0.0235246 0.0445141 0.0733182 0.104992 0.13072 0.141531 0.133315 0.109369 0.0783607 0.0493951 0.0279391 0.0149112 0.00832969
 1.20278e-16 2.3382e-05 0.000227281 0.00151036 0.00686589 0.0213624 0.045515 0.0664317 0.0664376 0.0455441 0.0214629 0.00716905 0.00231938 0.00215198 0.00414194 0.00801388 0.014332 0.0238041 0.0369287 0.0535508 0.0723161 0.0903879 0.103906 0.109293 0.10482 0.0914847
 1.00012e-16 8.23494e-05 0.000800466 0.00531938 0.0241811 0.0752364 0.160299 0.233961 0.233961 0.160299 0.0752366 0.0241816 0.0053207 0.000803357 8.78639e-05 1.49689e-05 1.3672e-05 1.72539e-05 1.98593e-05 2.09678e-05 2.11262e-05 2.13459e-05 2.23926e-05 2.4277e-05 2.62694e-05 2.73477e-05
 1.00268e-16 2.04264e-07 1.98561e-06 1.31998e-05 6.00631e-05 0.000187393 0.000402806 0.000608012 0.000703913 0.00087129 0.00175975 0.00459858 0.0113942 0.0248094 0.0470036 0.0774167 0.110842 0.137957 0.149263 0.14039 0.114789 0.0815926 0.0504215 0.0270931 0.012664 0.00515614
 1.28698e-16 1.78621e-07 1.73626e-06 1.15381e-05 5.24516e-05 0.000163205 0.00034779 0.000507984 0.000509883 0.000357799 0.00020123 0.000181735 0.000409279 0.00111162 0.00281358 0.00648362 0.0135869 0.0258825 0.0447933 0.0703756 0.100307 0.129622 0.151798 0.161047 0.154757 0.134678
 1.98434e-16 9.6788e-07 9.40814e-06 6.25204e-05 0.000284209 0.000884283 0.00188408 0.00275002 0.00275073 0.00188776 0.00089785 0.000329054 0.000197779 0.000385056 0.000968853 0.00232496 0.00521402 0.0109019 0.0211844 0.0381189 0.0633155 0.0968532 0.136236 0.176056 0.208916 0.227586
 2.30059e-16 1.73157e-05 0.000168314 0.00111851 0.00508458 0.01582 0.0337063 0.0491957 0.0491975 0.0337151 0.0158503 0.00517472 0.00135566 0.000725536 0.00120437 0.00234299 0.00438775 0.00798605 0.0142712 0.0249182 0.04189 0.0667341 0.0995489 0.138039 0.177235 0.210313
 1.00983e-16 8.15827e-05 0.000793013 0.00526985 0.023956 0.0745359 0.158807 0.231783 0.231783 0.158808 0.0745417 0.0239725 0.00531137 0.000883845 0.000254761 0.000294106 0.000421478 0.000544363 0.000633415 0.000685746 0.000727844 0.000802566 0.000943375 0.00115257 0.00139614 0.00161611
 1.00065e-16 7.60027e-05 0.000738773 0.00490941 0.0223175 0.069438 0.147945 0.215932 0.215939 0.147981 0.0695592 0.0226673 0.00578668 0.00265102 0.00369936 0.0059736 0.00854641 0.0106391 0.0115155 0.0108392 0.00887634 0.00633041 0.00394178 0.00215711 0.00105589 0.00048388
 1.00617e-16 5.07015e-05 0.000492836 0.00327507 0.014888 0.0463224 0.098696 0.144057 0.144092 0.0988684 0.046901 0.0165584 0.00746513 0.00963031 0.0173764 0.0285728 0.0409813 0.0511662 0.055659 0.0528544 0.0439794 0.0323024 0.0212431 0.0128362 0.0074232 0.00430776
 1.00138e-16 8.09921e-05 0.000787272 0.0052317 0.0237826 0.0739963 0.157657 0.230105 0.230107 0.157663 0.0740162 0.0238398 0.00537567 0.00110208 0.000680418 0.00100064 0.00144266 0.00183257 0.0020528 0.00204903 0.00185522 0.00156537 0.00127278 0.00102567 0.000825314 0.000652857
 1.00014e-16 8.04938e-05 0.000782428 0.00519951 0.0236362 0.0735411 0.156687 0.22869 0.228692 0.156698 0.0735767 0.0237391 0.00545749 0.00134478 0.0011461 0.00176101 0.00251411 0.00313003 0.00338891 0.00319151 0.00261582 0.00186821 0.00116585 0.000639682 0.000313072 0.000141153
 1.0001e-16 8.10969e-05 0.000788291 0.00523847 0.0238133 0.0740921 0.157861 0.230403 0.230405 0.157868 0.0741162 0.0238828 0.00541265 0.00116799 0.000800661 0.00119119 0.00169838 0.00211514 0.0022915 0.00216037 0.00177412 0.00127156 0.000798698 0.000443483 0.000221604 0.000103119
 1.00485e-16 5.56897e-06 5.41324e-05 0.000359733 0.00163535 0.00508866 0.0108452 0.0158475 0.0159364 0.0112793 0.00654558 0.00584083 0.0109062 0.0230445 0.0435721 0.0717717 0.102795 0.128016 0.138647 0.130641 0.107173 0.0766647 0.0479731 0.0264393 0.0130201 0.00589751
 1.00541e-16 8.06714e-05 0.000784155 0.00521099 0.0236884 0.0737033 0.157033 0.229194 0.229194 0.157034 0.0737075 0.0237006 0.00524309 0.000858602 0.000234788 0.000293518 0.000491559 0.000776559 0.00114928 0.00160129 0.00209776 0.0025676 0.00291185 0.00303634 0.00289438 0.00251274
 1.00504e-16 4.96992e-05 0.000483094 0.00321033 0.0145937 0.0454067 0.0967451 0.14121 0.141248 0.0969294 0.0460251 0.0163787 0.00768666 0.0102407 0.018539 0.03046 0.0436161 0.0543072 0.0588028 0.0553923 0.0454375 0.0325283 0.0204348 0.0114208 0.00587168 0.00298221
 1.00455e-16 7.77706e-05 0.000755958 0.00502361 0.0228366 0.0710531 0.151386 0.220954 0.220958 0.151406 0.0711183 0.0230251 0.00549743 0.00179234 0.00205191 0.00328423 0.00475814 0.00605417 0.00679822 0.00681147 0.00620198 0.00527251 0.00432267 0.0035061 0.00282692 0.00222841
 1.00477e-16 5.95807e-05 0.000579146 0.00384863 0.0174953 0.0544346 0.11598 0.169281 0.169307 0.116105 0.054857 0.0187147 0.00690701 0.00724735 0.0126994 0.0208366 0.0298603 0.0372348 0.0404199 0.038247 0.0316301 0.022988 0.0148539 0.00873881 0.00489299 0.00278175
 1.00476e-16 7.57795e-05 0.000736603 0.00489499 0.0222519 0.069234 0.147511 0.215297 0.215304 0.147541 0.0693374 0.0225508 0.00564553 0.00237609 0.00319245 0.00516544 0.00745075 0.00940347 0.0104186 0.0102115 0.00897549 0.0072372 0.00553187 0.00415518 0.00313583 0.00236642
 1.02089e-16 3.02203e-06 2.93753e-05 0.000195213 0.000887466 0.00276171 0.00588738 0.00861132 0.00869965 0.00631888 0.00421012 0.005069 0.010684 0.0229018 0.0433691 0.0715019 0.102551 0.128012 0.139213 0.132149 0.109919 0.08074 0.0531974 0.0323838 0.0191166 0.0115876
 1.0287e-16 7.45801e-05 0.000724945 0.00481752 0.0218997 0.0681382 0.145176 0.211888 0.211889 0.145179 0.0681499 0.0219351 0.00491256 0.000953238 0.000568966 0.000980744 0.00177274 0.00299128 0.00471 0.00691806 0.00944105 0.011903 0.0137878 0.0146113 0.0141278 0.0124495
 1.01063e-16 6.60384e-05 0.000641917 0.00426577 0.0193916 0.0603344 0.12855 0.187626 0.187644 0.128638 0.0606308 0.020247 0.00641115 0.00531918 0.00893115 0.0146142 0.0209387 0.0261092 0.0283513 0.0268617 0.0223051 0.0164001 0.010931 0.00693763 0.0045451 0.00331032
 1.03896e-16 1.52812e-05 0.000148539 0.000987098 0.00448724 0.0139618 0.0297497 0.0434349 0.0435031 0.0300832 0.0150814 0.00772084 0.00910342 0.0178649 0.0336565 0.0556011 0.0800523 0.100568 0.110561 0.106946 0.0919467 0.0715435 0.0518948 0.0365216 0.0258757 0.0186918
 1.03024e-16 7.32542e-05 0.000712057 0.00473187 0.0215104 0.0669268 0.142595 0.208122 0.208125 0.14261 0.0669767 0.021656 0.00510256 0.00153819 0.00169177 0.0028101 0.00434183 0.00608691 0.00787512 0.00959894 0.0112112 0.0126319 0.0136598 0.0140048 0.0134417 0.0119673
 1.01041e-16 6.68806e-05 0.000650104 0.00432017 0.0196389 0.0611039 0.130189 0.190018 0.190035 0.130272 0.0613819 0.0204413 0.00633286 0.00503872 0.00838672 0.0137203 0.0196682 0.024547 0.0266951 0.0253578 0.0211508 0.0156722 0.0105792 0.00683578 0.00455795 0.00334033
 1.03833e-16 1.39424e-05 0.000135526 0.000900618 0.00409412 0.0127387 0.0271438 0.0396318 0.0397019 0.0274863 0.0138888 0.00741566 0.00923718 0.018331 0.0345604 0.0570853 0.0821621 0.103162 0.113309 0.109435 0.0938388 0.0727001 0.052387 0.036551 0.0256683 0.0184223
 1.04371e-16 6.94754e-05 0.000675326 0.00448778 0.0204008 0.0634745 0.135239 0.197386 0.19739 0.135258 0.0635395 0.0205907 0.00497197 0.0017573 0.00219752 0.00371378 0.00578735 0.00820322 0.0107626 0.0133291 0.0158141 0.0180514 0.0196967 0.0202972 0.0195222 0.0173833
 1.01572e-16 6.6437e-05 0.000645792 0.00429151 0.0195086 0.0606986 0.129325 0.188758 0.188775 0.129408 0.0609758 0.0203087 0.00629861 0.0050229 0.00836658 0.0136936 0.0196445 0.0245496 0.0267635 0.0255438 0.021509 0.0162462 0.0113877 0.00786179 0.00574626 0.00460462
 1.01448e-16 5.84081e-05 0.000567747 0.00377288 0.017151 0.0533632 0.113697 0.165949 0.165974 0.113817 0.0537663 0.018315 0.00669434 0.00694394 0.0121638 0.0200053 0.0287844 0.036134 0.0396759 0.0383013 0.0328211 0.0254078 0.0183006 0.0127827 0.0090182 0.00653587
 1.07347e-16 4.93617e-06 4.79814e-05 0.000318857 0.00144952 0.00451039 0.00961252 0.0140449 0.0141171 0.00996529 0.00569517 0.00487282 0.00891641 0.0188317 0.0357226 0.0591623 0.0854856 0.108033 0.119972 0.118083 0.104585 0.0854726 0.0667809 0.0517609 0.0405983 0.031956
pSPR Fmed_Fpbrs
1   0.983403 0.6 0.325 0.983403 0.983403 0.983403
Fs Fmed_Fpbrs
0   0.01 0.347902 0.899117 0.01 0.01 0.01
SSBpbr Bo_Bmed_Bpbrs
383920  364724  358352 211156 105578 358352 358352 358352
Ro
26122.8
SPR SPRFo_SPRFmed_SPRFpbrs
188197 188197 185074
Fref
0
Nvult_r0
 1559.33 24680.9 4747.33 517.494 42.812
CTP_r0
 686.562 15365.9 2955.61 322.184 26.6541
YTP_r0
355484
Np
 1873.11 689.08 253.498 93.2568 46.9282
Nvult_p0
 1184.03 435.581 160.241 58.9495 29.6643
CTP_p0
 0 0 0 0 0
 0 0 0 0 0
 0 0 0 0 0
 0 0 0 0 0
 0 0 0 0 0
 0 0 0 0 0
YTP_p0
 0 0 0 0 0 0
CBA_c0
0
log_Ro
9.99056
likeval ReclasPelacesDesembMPH_pf_preclas_ppelaces_ptallas_desvR_qrecl_qpela
 35.5022 30.2115 0.58487 83.2399 450.686 181.489 150.611 0 243.323 0.000135023 0.000260916 0.381644 2067.49 0 0
q_reclas_q_pelaces
5.17226 9.81945
M
1
N
 1249.35 16156.7 83285.1 11028.9 0.0525817
 787.505 402.022 4488.93 23139.7 3064.25
 241066 180.62 54.912 613.141 3579.18
 2649.12 55956.5 25.2984 7.6912 587.194
 1014.18 537.544 5911.63 2.6727 62.8479
 832441 58.683 4.08873 44.9657 0.49837
 1092.69 273687 17.0559 1.18837 13.2139
 352.275 354.615 77408.9 4.82404 4.0735
 602.647 125.792 122.556 26752.8 3.07502
 1265.38 183.949 31.286 30.4814 6654.54
 46032.2 128.002 4.51439 0.767808 164.061
 137562 11926.1 22.5745 0.796161 29.0693
 29995.5 25374.4 1031.59 1.95266 2.58331
 64934.3 3932.01 1072.36 43.5968 0.191698
 49858.2 2251.07 10.2152 2.78595 0.11376
 286366 4609.03 45.7353 0.207543 0.0589139
 4168.16 52939.4 400.529 3.97443 0.0231553
 426519 870.553 5941.96 44.9557 0.448692
 103731 93309.6 107.689 735.034 5.61663
 305794 13992 4186.95 4.8322 33.2342
 156247 55736.5 1180.36 353.21 3.21126
 429663 31362.7 5756.01 121.898 36.8082
 3749.78 80324.4 2790.2 512.085 14.1193
 154175 857.019 10890.9 378.312 71.346
 179406 33667.3 105.61 1342.07 55.411
 15019.6 44133.2 5326.07 16.7072 221.078
 123625 3857.4 7641.8 922.226 41.1733
 157654 26133.6 444.053 879.703 110.904
 12855.6 40840.1 4607.69 78.2922 174.657
 87041.2 3452.64 7766.83 876.274 48.1049
 99390.6 19885 467.715 1052.14 125.222
 87974.7 21020.5 2291.39 53.8958 135.67
 1873.11 26558 5108.39 556.853 46.0681
pred_Ctot
 100.038 2557.45 13183.2 1745.77 0.00832317
 194.732 172.751 1928.92 9943.24 1316.72
 58365.1 76.3038 23.1978 259.025 1512.04
 787.682 27779.4 12.5593 3.81828 291.511
 620.199 424.113 4664.18 2.10871 49.586
 56447.4 7.93873 0.55313 6.08304 0.0674204
 82.2196 40857.7 2.54621 0.177407 1.97265
 6.5511 13.6429 2978.1 0.185592 0.156717
 65.865 26.587 25.9032 5654.41 0.64993
 640.94 131.035 22.2865 21.7133 4740.33
 8853.71 44.6701 1.57543 0.26795 57.254
 45817.8 6443.49 12.1966 0.430152 15.7056
 13236.3 16620.9 675.722 1.27904 1.69214
 44038.4 3263 889.909 36.1791 0.159082
 26246.2 1639.32 7.43912 2.02885 0.0828452
 95150.7 2485.82 24.6667 0.111935 0.0317744
 1191.99 25509 192.996 1.9151 0.0111575
 113954 397.836 2715.42 20.5444 0.205049
 44944 60410 69.7197 475.871 3.63629
 103162 7630.34 2283.3 2.63517 18.1238
 47114.2 27966.5 592.259 177.227 1.61129
 141018 16763.3 3076.58 65.1541 19.6739
 932.883 34684.6 1204.82 221.122 6.09682
 41307.7 392.52 4988.09 173.269 32.6769
 38817.5 12971.1 40.6885 517.064 21.3483
 2950.84 15681.7 1892.5 5.93652 78.5551
 34757.1 1834.41 3634.11 438.571 19.5802
 30332.4 9122.6 155.008 307.083 38.7139
 2250.48 13147.2 1483.31 25.2038 56.2254
 21670.2 1491.74 3355.72 378.602 20.7841
 27924.6 9451.49 222.308 500.089 59.5188
 10138.6 4663.74 508.382 11.9576 30.1005
 686.562 15365.9 2955.61 322.184 26.6541
F
 0.133868 0.28072 0.28072 0.28072 0.28072
 0.472475 0.990776 0.990776 0.990776 0.990776
 0.460495 0.965654 0.965654 0.965654 0.965654
 0.594973 1.24765 1.24765 1.24765 1.24765
 1.84969 3.87878 3.87878 3.87878 3.87878
 0.112376 0.235652 0.235652 0.235652 0.235652
 0.125363 0.262885 0.262885 0.262885 0.262885
 0.0297869 0.0624627 0.0624627 0.0624627 0.0624627
 0.186675 0.391455 0.391455 0.391455 0.391455
 1.29108 2.70739 2.70739 2.70739 2.70739
 0.350609 0.735223 0.735223 0.735223 0.735223
 0.690337 1.44763 1.44763 1.44763 1.44763
 1.0319 2.16387 2.16387 2.16387 2.16387
 2.36197 4.95303 4.95303 4.95303 4.95303
 1.38116 2.89629 2.89629 2.89629 2.89629
 0.688123 1.44299 1.44299 1.44299 1.44299
 0.566101 1.18711 1.18711 1.18711 1.18711
 0.519734 1.08988 1.08988 1.08988 1.08988
 1.00332 2.10395 2.10395 2.10395 2.10395
 0.702277 1.47267 1.47267 1.47267 1.47267
 0.605816 1.27039 1.27039 1.27039 1.27039
 0.676927 1.41951 1.41951 1.41951 1.41951
 0.475991 0.998148 0.998148 0.998148 0.998148
 0.521561 1.09371 1.09371 1.09371 1.09371
 0.40244 0.843913 0.843913 0.843913 0.843913
 0.359362 0.753579 0.753579 0.753579 0.753579
 0.554034 1.1618 1.1618 1.1618 1.1618
 0.350739 0.735496 0.735496 0.735496 0.735496
 0.314643 0.659802 0.659802 0.659802 0.659802
 0.476414 0.999035 0.999035 0.999035 0.999035
 0.553559 1.16081 1.16081 1.16081 1.16081
 0.197719 0.414614 0.414614 0.414614 0.414614
 0.78665 1.6496 1.6496 1.6496 1.6496
YTP_r0W_actual
 5176.68 268135 71141.6 10090.8 939.557
YTP_p0W_proyectada
 0 0 0 0 0
 0 0 0 0 0
 0 0 0 0 0
 0 0 0 0 0
 0 0 0 0 0
 0 0 0 0 0
CTP_r0_actual
 686.562 15365.9 2955.61 322.184 26.6541
CTP_p0_proyectada
 0 0 0 0 0
 0 0 0 0 0
 0 0 0 0 0
 0 0 0 0 0
 0 0 0 0 0
 0 0 0 0 0
Wmedp
 7.54 17.45 24.07 31.32 35.25
Frms_r0
 0.78665 1.6496 1.6496 1.6496 1.6496
Zrms_r0
 1.78665 2.6496 2.6496 2.6496 2.6496
nmprior
 7.29 8.9 8.7 0
nm_flota  nm_reclas  nm_pelaces    nm_pelaL
inf 6.11202 3.88192 6.67828
cv_recla  cv_pelaces  cv_mph
0.258005 0.501759 0.731515
 ------------------------------------------------
Talla a la edad & desviaci?n 
 8 13.2811 15.8009 17.003 17.5766
 0.8 1.32811 1.58009 1.7003 1.75766
