years
 1991 1992 1993 1994 1995 1996 1997 1998 1999 2000 2001 2002 2003 2004 2005 2006 2007 2008 2009 2010 2011 2012 2013 2014 2015 2016 2017 2018 2019 2020 2021 2022 2023
reclasobs
 0 0 0 0 0 0 0 0 0 252601 567819 844713 477998 351125 339783 2.1784e+06 2.13404e+06 4.81314e+06 1.55562e+06 2.62356e+06 3.21686e+06 3.843e+06 1.13348e+06 3.07943e+06 1.97215e+06 2.03268e+06 2.025e+06 2.42433e+06 2.27542e+06 1.05018e+06 2.36338e+06 3.18982e+06 1.53035e+06
reclaspred
 3.63675e+06 1.74735e+06 886872 602875 403653 2.44114e+06 1.16392e+06 771944 524798 253648 538106 1.01588e+06 655641 298550 493577 1.84182e+06 1.38166e+06 3.42755e+06 1.96373e+06 2.35821e+06 3.58972e+06 2.97403e+06 1.79691e+06 2.9283e+06 2.31026e+06 1.95e+06 2.21432e+06 2.76043e+06 2.21198e+06 1.61692e+06 1.95561e+06 1.91851e+06 1.31518e+06
pelacesobs
 0 0 0 0 0 0 0 0 0 0 0 0 0 0 0 552880 188675 0 991730 2.46772e+06 1.41603e+06 1.21717e+06 2.29649e+06 1.80582e+06 0 1.4828e+06 1.56532e+06 1.57751e+06 1.42118e+06 867257 1.10002e+06 1.06204e+06 0
pelacespred
 2.39408e+06 1.05239e+06 463348 221512 180871 1.27192e+06 548801 528232 263583 98338.2 280495 454114 307141 104009 218635 771499 679089 1.7766e+06 948733 995985 1.80277e+06 1.47126e+06 1.01596e+06 1.72686e+06 1.31907e+06 1.17874e+06 1.43708e+06 1.59053e+06 1.33362e+06 1.03916e+06 980409 1.14078e+06 687034
mphobs
 0 0 0 0 0 0 0 0 0 0 0 0 498337 0 5186 125008 0 168611 109162 213762 579715 649985 157893 87575 83554 210694 70296 0 107559 103333 445601 22526 28222
mphpred
 823898 432636 184150 102649 58735.5 57219.5 350151 126025 88123.9 43215.9 20416.8 90683 133365 39448.1 13840.7 47329.3 280091 174505 390045 259287 580677 534975 119108 67784.8 129733 109373 81423.8 93034.2 159468 102307 61323.5 101869 56671
desembarqueobs
 494567 514787 250237 358949 120608 361735 552515 73892 212993 205616 52469 317467 293654 387597 252695 516296 358380 742168 942051 627588 828172 859565 418607 520667 417249 300574 415391 372974 316634 284311 391294 218835 356480
desembarquepred
 494514 514588 249974 358852 120584 361609 552143 73886.8 212928 205541 52464.7 317279 293528 387182 252413 515914 358402 741739 940771 626814 828160 858989 418443 520514 416982 300452 415214 372749 316417 284008 390964 218841 356461
Reclutas
 90445.2 94199.3 87862.9 63821.8 38732.1 252770 43948.2 16468.1 27642.1 34512.7 57820.5 126544 52844 56844 56237.7 291781 40132 381226 180214 309081 222214 384118 36694 172623 172130 53669 133829 172702 57315.8 71478.3 123600 40801.5 84367.1
log_desv_Rt
 0.0181624 0.0588302 -0.0108048 -0.330487 -0.829913 1.0459 -0.703571 -1.68516 -1.16724 -0.945254 -0.429239 0.354005 -0.519237 -0.446272 -0.456996 1.18942 -0.794408 1.45681 0.707564 1.24702 0.91706 1.46437 -0.883968 0.664525 0.661665 -0.503747 0.409983 0.664984 -0.438006 -0.217188 0.330466 -0.777864 -0.0514044
SSB
 1.05031e+06 551529 234756 130858 74876.6 72944 446375 160658 112341 55092 26027.6 115604 157873 47784.6 16535.6 57614.6 357063 222460 523461 222666 514417 510389 521681 283242 494337 447820 311301 337270 603864 358932 257287 429747 222907
BT
 1.54015e+06 1.02764e+06 461357 406747 201137 1.20817e+06 763124 352144 366558 253939 235260 557845 440479 466328 404582 958688 642196 1.86838e+06 1.45652e+06 1.1485e+06 1.78064e+06 1.67643e+06 873994 1.61919e+06 1.12675e+06 893258 1.33681e+06 1.34944e+06 933856 845331 937895 780573 734973
Ftot
 0.448652 0.976185 0.980425 1.99551 1.12122 0.746462 1.41515 0.345785 1.53415 2.7675 0.487161 1.3144 1.54597 4.2744 2.37655 1.38575 0.867286 1.00629 1.65798 1.19662 0.897358 1.16608 0.754578 0.789649 0.694491 0.543339 0.79335 0.60539 0.475711 0.651857 0.855271 0.397126 1.06802
BD_Bspro_t
 0.93158 0.589613 0.329433 0.229324 0.13663 0.167819 0.451541 0.206983 0.203015 0.13404 0.0925493 0.382349 0.313202 0.107364 0.0419966 0.131038 0.35311 0.243581 0.356268 0.186696 0.292103 0.287279 0.31314 0.224173 0.366942 0.399105 0.365683 0.41742 0.538776 0.420746 0.374236 0.457726 0.400571
BD_Bspro
 1.64145 0.861938 0.366881 0.204507 0.117018 0.113998 0.697602 0.25108 0.175569 0.0860986 0.0406763 0.180667 0.246727 0.0746786 0.0258421 0.090041 0.558024 0.347664 0.818073 0.347986 0.803939 0.797644 0.815291 0.442655 0.772558 0.69986 0.486507 0.527091 0.943729 0.560945 0.402093 0.671615 0.348363
BD_Bo
 3.31593 1.74123 0.741147 0.41313 0.236392 0.230291 1.40925 0.507213 0.354671 0.17393 0.0821714 0.364971 0.49842 0.15086 0.0522044 0.181894 1.12728 0.702327 1.65261 0.702976 1.62406 1.61135 1.64699 0.894221 1.56067 1.41381 0.982807 1.06479 1.90646 1.13318 0.81228 1.35675 0.703739
BD_Brms
 3.55055 1.86442 0.793586 0.442361 0.253118 0.246585 1.50896 0.543101 0.379766 0.186237 0.0879854 0.390794 0.533685 0.161534 0.0558981 0.194764 1.20704 0.752019 1.76954 0.752714 1.73897 1.72535 1.76352 0.957491 1.67109 1.51384 1.05234 1.14013 2.04134 1.21336 0.869752 1.45274 0.753531
Sel_flota
 0.462225 0.942299 0.996788 0.99983 0.999991
 0.462225 0.942299 0.996788 0.99983 0.999991
 0.462225 0.942299 0.996788 0.99983 0.999991
 0.462225 0.942299 0.996788 0.99983 0.999991
 0.462225 0.942299 0.996788 0.99983 0.999991
 0.462225 0.942299 0.996788 0.99983 0.999991
 0.462225 0.942299 0.996788 0.99983 0.999991
 0.462225 0.942299 0.996788 0.99983 0.999991
 0.462225 0.942299 0.996788 0.99983 0.999991
 0.462225 0.942299 0.996788 0.99983 0.999991
 0.462225 0.942299 0.996788 0.99983 0.999991
 0.462225 0.942299 0.996788 0.99983 0.999991
 0.462225 0.942299 0.996788 0.99983 0.999991
 0.462225 0.942299 0.996788 0.99983 0.999991
 0.462225 0.942299 0.996788 0.99983 0.999991
 0.462225 0.942299 0.996788 0.99983 0.999991
 0.462225 0.942299 0.996788 0.99983 0.999991
 0.462225 0.942299 0.996788 0.99983 0.999991
 0.462225 0.942299 0.996788 0.99983 0.999991
 0.462225 0.942299 0.996788 0.99983 0.999991
 0.462225 0.942299 0.996788 0.99983 0.999991
 0.462225 0.942299 0.996788 0.99983 0.999991
 0.462225 0.942299 0.996788 0.99983 0.999991
 0.462225 0.942299 0.996788 0.99983 0.999991
 0.462225 0.942299 0.996788 0.99983 0.999991
 0.462225 0.942299 0.996788 0.99983 0.999991
 0.462225 0.942299 0.996788 0.99983 0.999991
 0.462225 0.942299 0.996788 0.99983 0.999991
 0.462225 0.942299 0.996788 0.99983 0.999991
 0.462225 0.942299 0.996788 0.99983 0.999991
 0.462225 0.942299 0.996788 0.99983 0.999991
 0.462225 0.942299 0.996788 0.99983 0.999991
 0.462225 0.942299 0.996788 0.99983 0.999991
Sel_reclas
 0.828317 0.960444 0.991883 0.998377 0.999677
 0.828317 0.960444 0.991883 0.998377 0.999677
 0.828317 0.960444 0.991883 0.998377 0.999677
 0.828317 0.960444 0.991883 0.998377 0.999677
 0.828317 0.960444 0.991883 0.998377 0.999677
 0.828317 0.960444 0.991883 0.998377 0.999677
 0.828317 0.960444 0.991883 0.998377 0.999677
 0.828317 0.960444 0.991883 0.998377 0.999677
 0.828317 0.960444 0.991883 0.998377 0.999677
 0.828317 0.960444 0.991883 0.998377 0.999677
 0.828317 0.960444 0.991883 0.998377 0.999677
 0.828317 0.960444 0.991883 0.998377 0.999677
 0.828317 0.960444 0.991883 0.998377 0.999677
 0.828317 0.960444 0.991883 0.998377 0.999677
 0.828317 0.960444 0.991883 0.998377 0.999677
 0.828317 0.960444 0.991883 0.998377 0.999677
 0.828317 0.960444 0.991883 0.998377 0.999677
 0.828317 0.960444 0.991883 0.998377 0.999677
 0.828317 0.960444 0.991883 0.998377 0.999677
 0.828317 0.960444 0.991883 0.998377 0.999677
 0.828317 0.960444 0.991883 0.998377 0.999677
 0.828317 0.960444 0.991883 0.998377 0.999677
 0.828317 0.960444 0.991883 0.998377 0.999677
 0.828317 0.960444 0.991883 0.998377 0.999677
 0.828317 0.960444 0.991883 0.998377 0.999677
 0.828317 0.960444 0.991883 0.998377 0.999677
 0.828317 0.960444 0.991883 0.998377 0.999677
 0.828317 0.960444 0.991883 0.998377 0.999677
 0.828317 0.960444 0.991883 0.998377 0.999677
 0.828317 0.960444 0.991883 0.998377 0.999677
 0.828317 0.960444 0.991883 0.998377 0.999677
 0.828317 0.960444 0.991883 0.998377 0.999677
 0.828317 0.960444 0.991883 0.998377 0.999677
Sel_pelaces
 0.564923 0.867279 0.970489 0.993994 0.998801
 0.564923 0.867279 0.970489 0.993994 0.998801
 0.564923 0.867279 0.970489 0.993994 0.998801
 0.564923 0.867279 0.970489 0.993994 0.998801
 0.564923 0.867279 0.970489 0.993994 0.998801
 0.564923 0.867279 0.970489 0.993994 0.998801
 0.564923 0.867279 0.970489 0.993994 0.998801
 0.564923 0.867279 0.970489 0.993994 0.998801
 0.564923 0.867279 0.970489 0.993994 0.998801
 0.564923 0.867279 0.970489 0.993994 0.998801
 0.564923 0.867279 0.970489 0.993994 0.998801
 0.564923 0.867279 0.970489 0.993994 0.998801
 0.564923 0.867279 0.970489 0.993994 0.998801
 0.564923 0.867279 0.970489 0.993994 0.998801
 0.564923 0.867279 0.970489 0.993994 0.998801
 0.564923 0.867279 0.970489 0.993994 0.998801
 0.564923 0.867279 0.970489 0.993994 0.998801
 0.564923 0.867279 0.970489 0.993994 0.998801
 0.564923 0.867279 0.970489 0.993994 0.998801
 0.564923 0.867279 0.970489 0.993994 0.998801
 0.564923 0.867279 0.970489 0.993994 0.998801
 0.564923 0.867279 0.970489 0.993994 0.998801
 0.564923 0.867279 0.970489 0.993994 0.998801
 0.564923 0.867279 0.970489 0.993994 0.998801
 0.564923 0.867279 0.970489 0.993994 0.998801
 0.564923 0.867279 0.970489 0.993994 0.998801
 0.564923 0.867279 0.970489 0.993994 0.998801
 0.564923 0.867279 0.970489 0.993994 0.998801
 0.564923 0.867279 0.970489 0.993994 0.998801
 0.564923 0.867279 0.970489 0.993994 0.998801
 0.564923 0.867279 0.970489 0.993994 0.998801
 0.564923 0.867279 0.970489 0.993994 0.998801
 0.564923 0.867279 0.970489 0.993994 0.998801
pf_obs 
 0.8446 0.082 0.0669 0.0065 0
 0.8095 0.147 0.0364 0.0071 0
 0.9664 0.0169 0.016 0.0007 0
 0.9276 0.0648 0.0075 0.0001 0
 0.7033 0.2144 0.0806 0.0017 0
 0.9318 0.0425 0.0243 0.0014 0
 0.5671 0.3108 0.0964 0.0239 0.0018
 0.0768 0.2599 0.5324 0.112 0.0189
 0.490249 0.384438 0.106611 0.0170017 0.00170017
 0.7925 0.1577 0.0466 0.003 0.0002
 0.840416 0.127587 0.0312969 0.00059994 9.999e-05
 0.8084 0.0986 0.0794 0.0134 0.0002
 0.7335 0.1905 0.0724 0.0035 0.0001
 0.4001 0.4547 0.1325 0.0127 0
 0.49795 0.308269 0.164784 0.0264974 0.00249975
 0.9179 0.0499 0.0305 0.0017 0
 0.2467 0.6533 0.0926 0.0074 0
 0.9418 0.0223 0.034 0.0019 0
 0.707729 0.231977 0.0356964 0.0245975 0
 0.517169 0.277429 0.184464 0.0207286 0.00020938
 0.811772 0.124168 0.05621 0.00726502 0.000585176
 0.764997 0.148141 0.077277 0.00933861 0.000247198
 0.163321 0.427699 0.378323 0.0303852 0.000271297
 0.753843 0.0900009 0.118128 0.0371064 0.000921714
 0.721811 0.176058 0.0630433 0.0369309 0.00215725
 0.143369 0.312575 0.442814 0.0836902 0.0175525
 0.692698 0.0596174 0.167031 0.0765114 0.00414204
 0.394062 0.376323 0.152708 0.0712218 0.00568511
 0.125707 0.32114 0.495352 0.0537591 0.00404204
 0.23352 0.215282 0.420074 0.123614 0.00750983
 0.796117 0.104755 0.0508955 0.0450114 0.00322123
 0.162477 0.292055 0.404252 0.121198 0.0200186
 0 0 0 0 0
pf_pred 
 0.388801 0.207685 0.358584 0.0449288 1.23531e-06
 0.54823 0.270279 0.0645376 0.103974 0.0129786
 0.640706 0.276208 0.0515292 0.0112573 0.0203002
 0.631505 0.305791 0.0492008 0.00839084 0.00511257
 0.682028 0.276273 0.0353569 0.00498487 0.00135796
 0.934803 0.0558789 0.00819414 0.000954149 0.000170271
 0.286907 0.693712 0.0167982 0.00227293 0.000310513
 0.360994 0.351555 0.28041 0.00610652 0.00093362
 0.653495 0.193945 0.086421 0.0645251 0.00161413
 0.81053 0.164035 0.0149541 0.00595286 0.00452751
 0.893788 0.101593 0.00408512 0.000314989 0.000218665
 0.812389 0.178321 0.00891226 0.000333846 4.34393e-05
 0.54949 0.418287 0.0307774 0.00138772 5.84126e-05
 0.791355 0.167296 0.0386899 0.00254099 0.000118646
 0.928916 0.069267 0.00152249 0.000275854 1.87063e-05
 0.962504 0.0368554 0.000626932 1.18636e-05 2.27623e-06
 0.286248 0.704704 0.00890895 0.000136386 3.05806e-06
 0.919431 0.0407686 0.0393361 0.000456898 7.11821e-06
 0.559151 0.427532 0.00703989 0.00620423 7.28225e-05
 0.830146 0.137583 0.0314034 0.000459887 0.000407404
 0.646081 0.330531 0.0192863 0.0039926 0.000109661
 0.778662 0.18278 0.0362087 0.00193865 0.000410411
 0.185427 0.740707 0.0619933 0.0111536 0.000719738
 0.786744 0.0767508 0.125008 0.00965582 0.0018412
 0.663246 0.305041 0.0120181 0.018043 0.00165195
 0.343828 0.542127 0.104063 0.00379321 0.00618963
 0.730291 0.148104 0.101711 0.0181591 0.00173489
 0.708254 0.255045 0.0208971 0.0132276 0.00257562
 0.352632 0.550779 0.0852253 0.00648224 0.00488201
 0.563373 0.241232 0.167944 0.0242324 0.00321862
 0.734083 0.202182 0.0364221 0.0234899 0.00382335
 0.381825 0.541689 0.0593206 0.00982855 0.00733648
 0.697618 0.174986 0.112553 0.0115211 0.00332121
pobs_RECLAS
 0 0 0 0 0
 0 0 0 0 0
 0 0 0 0 0
 0 0 0 0 0
 0 0 0 0 0
 0 0 0 0 0
 0 0 0 0 0
 0 0 0 0 0
 0 0 0 0 0
 0 0 0 0 0
 0.991045 0.00858322 0.000360255 1.14367e-05 0
 0.934742 0.0480273 0.0164251 0.00080598 0
 0.827803 0.169806 0.00239088 0 0
 0.941827 0.0461693 0.0120037 0 0
 0.791401 0.0380133 0.147996 0.0225897 0
 0.846168 0.0940531 0.0597789 0 0
 0.134021 0.677848 0.182769 0.00536245 0
 0.80878 0.0450904 0.141981 0.00414843 0
 0.846168 0.0940531 0.0597789 0 0
 0.905697 0.0802665 0.012482 0.00150086 5.37128e-05
 0.989698 0.0102097 9.19794e-05 0 0
 0.975433 0.0193895 0.00387452 0.00125025 5.28907e-05
 0.303575 0.632131 0.0575291 0.00676475 0
 0.966965 0.00978017 0.0227588 0.000495775 0
 0.843318 0.132988 0.00938335 0.0141283 0.000182051
 0.564624 0.303363 0.111486 0.0197234 0.00080311
 0.826376 0.0876187 0.0782897 0.00655872 0.00115652
 0.89761 0.0855135 0.0140674 0.00269457 0.000114338
 0.34875 0.467042 0.161289 0.0227151 0.000203297
 0.318654 0.224769 0.449479 0.00709798 0
 0.937255 0.0296025 0.0250945 0.00804832 0
 0.456809 0.399803 0.12412 0.0192676 0
 0.883104 0.0372192 0.0704036 0.00927362 0
ppred_RECLAS
 0.53799 0.159745 0.268509 0.0337547 9.29131e-07
 0.696912 0.183514 0.042434 0.0685707 0.00856892
 0.770823 0.177423 0.0320517 0.00702332 0.0126792
 0.783433 0.181126 0.0277929 0.00475007 0.00289734
 0.803423 0.171537 0.0212206 0.00300057 0.000818311
 0.963566 0.0313557 0.00446402 0.00052145 9.31591e-05
 0.440459 0.544879 0.0127024 0.00172336 0.000235693
 0.505394 0.275285 0.213931 0.00467449 0.000715489
 0.791585 0.118633 0.0508011 0.0380281 0.000952336
 0.90981 0.0787142 0.00674215 0.00268739 0.00204602
 0.938246 0.0591368 0.00231422 0.000179032 0.000124424
 0.893492 0.101414 0.00488668 0.000183559 2.39106e-05
 0.70806 0.271818 0.0192169 0.000868704 3.66058e-05
 0.921515 0.0641006 0.01346 0.000883445 4.12885e-05
 0.966526 0.0326628 0.00067985 0.000123395 8.37647e-06
 0.98041 0.0192676 0.000315672 5.98973e-06 1.1505e-06
 0.426659 0.56629 0.00694144 0.000106595 2.39275e-06
 0.956075 0.0225828 0.0210926 0.000245731 3.83263e-06
 0.71837 0.273451 0.00431875 0.00381552 4.48336e-05
 0.90386 0.0783844 0.0172773 0.000253742 0.000225034
 0.772797 0.212613 0.0120246 0.00249695 6.8658e-05
 0.870848 0.107284 0.0205318 0.00110247 0.000233651
 0.295531 0.642259 0.0521828 0.00941825 0.000608438
 0.873894 0.0462534 0.0731069 0.00566462 0.00108136
 0.783205 0.196872 0.00753437 0.0113476 0.00104012
 0.487949 0.425043 0.0793646 0.00290241 0.00474141
 0.834945 0.091841 0.0612039 0.0109614 0.00104841
 0.815763 0.161596 0.0128723 0.00817442 0.00159349
 0.496342 0.430196 0.06479 0.00494424 0.00372791
 0.704404 0.165369 0.111879 0.0161948 0.00215347
 0.837425 0.124471 0.0217441 0.014067 0.0022922
 0.526319 0.416374 0.0444081 0.00738239 0.00551681
 0.815345 0.108335 0.067403 0.00691988 0.00199702
pobs_PELACES
 0 0 0 0 0
 0 0 0 0 0
 0 0 0 0 0
 0 0 0 0 0
 0 0 0 0 0
 0 0 0 0 0
 0 0 0 0 0
 0 0 0 0 0
 0 0 0 0 0
 0 0 0 0 0
 0 0 0 0 0
 0 0 0 0 0
 0 0 0 0 0
 0 0 0 0 0
 0 0 0 0 0
 0 0 0 0 0
 0.505614 0.472636 0.0217494 0 0
 0 0 0 0 0
 0.443492 0.261883 0.143347 0.151278 0
 0.227955 0.32914 0.350689 0.0885471 0.00366901
 0.970185 0.0296113 0.000203453 0 0
 0.997202 0.00247181 0.000326279 0 0
 0.445219 0.490057 0.0546422 0.010081 0
 0.90214 0.0892962 0.00764917 0.000914606 0
 0 0 0 0 0
 0.581667 0.319106 0.0959925 0.00289975 0.000334073
 0.762889 0.0836404 0.116647 0.0363945 0.000428098
 0.88444 0.0763242 0.0277011 0.0115352 0
 0.521256 0.241999 0.230069 0.00667565 0
 0.616807 0.101726 0.260614 0.0208532 0
 0.833518 0.0704572 0.0857862 0.0102388 0
 0.697417 0.212968 0.0787535 0.0105354 0.000325836
 0 0 0 0 0
ppred_PELACES
 0.473422 0.173351 0.313183 0.0400439 1.10611e-06
 0.663057 0.198049 0.048757 0.0800931 0.0100436
 0.744869 0.194345 0.0373768 0.00832578 0.0150828
 0.788056 0.175846 0.0282063 0.00489555 0.00299629
 0.785259 0.185856 0.0244155 0.00350898 0.000960283
 0.957009 0.0366341 0.00557584 0.000662263 0.000118729
 0.426215 0.557893 0.0137382 0.00189392 0.000259914
 0.440776 0.300936 0.251831 0.00559728 0.000859741
 0.780875 0.121515 0.0548479 0.0417139 0.00104824
 0.9216 0.0680967 0.00601318 0.00243214 0.00185795
 0.925126 0.0714689 0.00300403 0.000236361 0.000164842
 0.886116 0.108132 0.00551382 0.000210474 2.75114e-05
 0.699827 0.278436 0.0207444 0.000952741 4.02854e-05
 0.945773 0.0442537 0.00932389 0.00062005 2.90742e-05
 0.969462 0.0297681 0.000643275 0.000118523 8.07313e-06
 0.979181 0.0204566 0.000354213 6.82951e-06 1.31634e-06
 0.391839 0.600188 0.00784818 0.000122528 2.75999e-06
 0.949229 0.0253113 0.0251567 0.000297922 4.66279e-06
 0.71436 0.276865 0.00459878 0.00412739 4.8665e-05
 0.894595 0.0849803 0.0198639 0.000296495 0.000263861
 0.746725 0.23596 0.0142283 0.00300374 8.28805e-05
 0.858401 0.116398 0.0236362 0.00128993 0.000274329
 0.261899 0.668678 0.0580745 0.0106576 0.000690902
 0.850305 0.0525804 0.0887801 0.00699427 0.00133984
 0.751446 0.224036 0.00917487 0.0140512 0.00129242
 0.436485 0.46189 0.0925409 0.00344181 0.00564227
 0.807682 0.103736 0.0738446 0.0134468 0.00129061
 0.784717 0.186991 0.0159647 0.01031 0.00201681
 0.442491 0.470926 0.0761945 0.00591381 0.00447457
 0.659054 0.184755 0.133858 0.0197037 0.00262921
 0.814062 0.139904 0.0260775 0.017152 0.00280461
 0.469523 0.461809 0.0529887 0.00895992 0.00671917
 0.793658 0.117888 0.0779624 0.00813576 0.00235607
pobs_pel_tallas
 0 0 0 0 0 0 0 0 0 0 0 0 0 0 0 0 0 0 0 0 0 0 0 0 0 0
 0 0 0 0 0 0 0 0 0 0 0 0 0 0 0 0 0 0 0 0 0 0 0 0 0 0
 0 0 0 0 0 0 0 0 0 0 0 0 0 0 0 0 0 0 0 0 0 0 0 0 0 0
 0 0 0 0 0 0 0 0 0 0 0 0 0 0 0 0 0 0 0 0 0 0 0 0 0 0
 0 0 0 0 0 0 0 0 0 0 0 0 0 0 0 0 0 0 0 0 0 0 0 0 0 0
 0 0 0 0 0 0 0 0 0 0 0 0 0 0 0 0 0 0 0 0 0 0 0 0 0 0
 0 0 0 0 0 0 0 0 0 0 0 0 0 0 0 0 0 0 0 0 0 0 0 0 0 0
 0 0 0 0 0 0 0 0 0 0 0 0 0 0 0 0 0 0 0 0 0 0 0 0 0 0
 0 0 0 0 0 0 0 0 0 0 0 0 0 0 0 0 0 0 0 0 0 0 0 0 0 0
 0 0 0 0 0 0 0 0 0 0 0 0 0 0 0 0 0 0 0 0 0 0 0 0 0 0
 0 0 0 0 0 0 0 0 0 0 0 0 0 0 0 0 0 0 0 0 0 0 0 0 0 0
 0 0 0 0 0 0 0 0 0 0 0 0 0 0 0 0 0 0 0 0 0 0 0 0 0 0
 0.00862536 0 0 0.000197151 0.00414017 0.0128641 0.00837892 0.0270097 0.101434 0.158115 0.152841 0.127902 0.109271 0.109419 0.0830992 0.0579132 0.0238553 0.00714673 0.00463305 0.00128148 0.00103504 0.000492878 0.000147863 0.000147863 4.92878e-05 0
 0 0 0 0 0 0 0 0 0 0 0 0 0 0 0 0 0 0 0 0 0 0 0 0 0 0
 0 0 0 0 0 0 0 0.0054083 0.00873648 0.0413646 0.0450493 0.0745869 0.0622846 0.0627006 0.0613931 0.0827291 0.12552 0.122667 0.0946155 0.0697135 0.0546179 0.0294188 0.0215738 0.0213955 0.0102223 0.00600262
 0 0 0 0 0.00359764 0.0251062 0.0480494 0.140153 0.205849 0.193036 0.1447 0.116669 0.0760912 0.0342217 0.00950174 0.001854 0.000860785 0 0 0 0.000165536 0 0.000143464 0 0 0
 0 0 0 0 0 0 0 0.000145254 0.000435761 0.0275982 0.070085 0.0708112 0.156366 0.174668 0.174014 0.160142 0.0824315 0.0480064 0.0283245 0.00493863 0.00203355 0 0 0 0 0
 0 0 0 0 0 0 0 0 0 0 0 0 0 0 0 0 0 0 0 0 0 0 0 0 0 0
 0 0 1.00437e-05 0.000401748 0.00122533 0.00171747 0.00176769 0.0269171 0.070346 0.194647 0.189555 0.159765 0.064822 0.0314167 0.0384472 0.0292271 0.0345202 0.0313363 0.0194345 0.0106764 0.0143323 0.0359363 0.0279516 0.0138201 0.00172751 0
 0 0.0021121 0.0136068 0.0755702 0.200478 0.177729 0.0527432 0.0373336 0.0318909 0.0142505 0.0149659 0.0166563 0.0217959 0.0798694 0.0677717 0.0528807 0.04013 0.0224614 0.0357745 0.0225083 0.00881397 0.00855152 0.00135912 0.000746735 0 0
 0 0 0 0 5.4009e-05 0.00500934 0.000945158 0.0243581 0.138947 0.33067 0.221406 0.137944 0.0707744 0.0437923 0.0131692 0.00525238 0.0047753 0.00276346 9.45158e-05 9.00151e-06 2.25038e-05 9.00151e-06 4.50075e-06 0 0 0
 0.000866109 0.00284123 0.00948549 0.0512746 0.133035 0.25785 0.225252 0.132002 0.0553304 0.0519788 0.0540692 0.017754 0.00435017 0.00159236 0.00146478 0.000404838 0.000125132 0.000115318 0.000107957 0.000100596 0 0 0 0 0 0
 0 0 0 0 0.00144013 0.00171154 0.00461396 0.0210425 0.0478622 0.0707936 0.0888783 0.103762 0.0637923 0.0337046 0.0602308 0.124433 0.169614 0.0934646 0.0462172 0.0250306 0.0313229 0.00938855 0.002487 0.000210481 0 0
 0 0.00764035 0.051015 0.0998891 0.058973 0.0496711 0.0374665 0.0718981 0.12319 0.153886 0.159021 0.0857701 0.0377988 0.023471 0.0147837 0.00900784 0.00315554 0.000888139 0.00291439 0.00214683 0.00393193 0.00274676 0.000635225 9.99891e-05 0 0
 0 0 0 0 0 0 0 0 0 0 0 0 0 0 0 0 0 0 0 0 0 0 0 0 0 0
 0 0 0 0 0 0 0 0 0 0 0 0 0 0 0 0 0 0 0 0 0 0 0 0 0 0
 0 0 0 0 0 0 0 0 0 0 0 0 0 0 0 0 0 0 0 0 0 0 0 0 0 0
 0 0 0 0 0 0 0 0 0 0 0 0 0 0 0 0 0 0 0 0 0 0 0 0 0 0
 0 0 0 0 0 0 0 0 0 0 0 0 0 0 0 0 0 0 0 0 0 0 0 0 0 0
 0 0 0 0 0 0 0 0 0 0 0 0 0 0 0 0 0 0 0 0 0 0 0 0 0 0
 0 0 0 0 0 0 0 0 0 0 0 0 0 0 0 0 0 0 0 0 0 0 0 0 0 0
 0 0 0 0 0 0 0 0 0 0 0 0 0 0 0 0 0 0 0 0 0 0 0 0 0 0
 0 0 0 0 0 0 0 0 0 0 0 0 0 0 0 0 0 0 0 0 0 0 0 0 0 0
ppred_pel_tallas
 1.13099e-16 3.89951e-05 0.000379047 0.0025189 0.0114506 0.035627 0.0759078 0.110793 0.11081 0.0759919 0.0359107 0.0122757 0.00461227 0.00502179 0.00906996 0.0154895 0.0236058 0.0323858 0.0407105 0.0479279 0.0539671 0.058843 0.0620583 0.0625728 0.0594438 0.0525872
 1.1119e-16 5.46152e-05 0.000530879 0.00352788 0.0160372 0.0498979 0.106313 0.155172 0.155191 0.106407 0.0502124 0.0169463 0.00581315 0.00553107 0.00958583 0.0158569 0.0230748 0.0295491 0.033628 0.0346391 0.0333095 0.0312315 0.0297886 0.0293785 0.0294142 0.0289096
 1.04516e-16 6.13539e-05 0.000596382 0.00396317 0.018016 0.0560546 0.119431 0.174317 0.174336 0.119523 0.0563623 0.018905 0.00619572 0.00547329 0.00933318 0.0153585 0.0221813 0.0280304 0.0311469 0.0307336 0.0274262 0.0228449 0.0185956 0.0155012 0.0135091 0.0121053
 1.01858e-16 6.49111e-05 0.000630959 0.00419295 0.0190605 0.0593045 0.126355 0.184423 0.18444 0.126438 0.0595827 0.0198641 0.00621017 0.00503537 0.00843201 0.0138431 0.0199491 0.0251148 0.0277175 0.0270054 0.0235362 0.0187841 0.0142466 0.0107484 0.00834533 0.00667605
 1.01267e-16 6.46808e-05 0.00062872 0.00417807 0.0189929 0.0590941 0.125907 0.183768 0.183786 0.125994 0.0593879 0.0198415 0.00630792 0.00527749 0.00889136 0.0145909 0.0209981 0.0263735 0.0289873 0.0280363 0.0241142 0.0188023 0.0137231 0.0097958 0.00712046 0.00533746
 1.00257e-16 7.88276e-05 0.000766232 0.00509188 0.023147 0.0720188 0.153444 0.223956 0.22396 0.153461 0.0720767 0.0233143 0.00551196 0.00168331 0.00182062 0.00288527 0.0041489 0.00521714 0.00574598 0.00557671 0.00482435 0.0037966 0.00280832 0.00203662 0.00149988 0.00112941
 1.00774e-16 3.51069e-05 0.000341252 0.00226774 0.0103089 0.0320749 0.0683411 0.099757 0.0998107 0.0686032 0.0329549 0.0128491 0.00863885 0.014232 0.0263646 0.0433954 0.0621916 0.0775379 0.0841436 0.0795691 0.0657162 0.0476254 0.0305827 0.0177508 0.00966894 0.00523908
 1.08052e-16 3.63062e-05 0.00035291 0.00234521 0.010661 0.0331705 0.0706743 0.103157 0.103187 0.0708177 0.0336531 0.0120589 0.00586942 0.00809673 0.0148904 0.024941 0.0368082 0.048113 0.0563689 0.0602893 0.0603346 0.057996 0.0544998 0.0500959 0.0443925 0.0371903
 1.05975e-16 6.43197e-05 0.00062521 0.00415474 0.0188869 0.0587641 0.125204 0.182741 0.182752 0.125261 0.0589577 0.0194472 0.00556481 0.0037156 0.00596993 0.00986465 0.0144358 0.0186515 0.0215104 0.0225745 0.0222063 0.0212475 0.0204015 0.0198235 0.0191764 0.0179997
 1.0075e-16 7.5911e-05 0.000737882 0.00490348 0.0222905 0.0693542 0.147767 0.215671 0.215678 0.147799 0.0694617 0.0226012 0.005683 0.00243875 0.00330384 0.00533577 0.00766527 0.00961116 0.0105369 0.0101535 0.00869115 0.00674678 0.00493125 0.00358754 0.00274162 0.00223478
 1.00157e-16 7.62014e-05 0.000740705 0.00492224 0.0223758 0.0696195 0.148332 0.216496 0.216503 0.148366 0.0697323 0.0227014 0.00573887 0.00252147 0.00345251 0.00557211 0.00798417 0.00996563 0.0108364 0.0102842 0.00854995 0.00627339 0.00412346 0.00249771 0.00146112 0.000874116
 1.00213e-16 7.29882e-05 0.000709471 0.00471469 0.0214323 0.0666839 0.142077 0.207368 0.207379 0.142128 0.0668545 0.021925 0.00595056 0.00340468 0.00518368 0.00843307 0.0120913 0.0150996 0.0164322 0.015616 0.0130126 0.00958455 0.00633792 0.00387005 0.00227927 0.00135914
 1.00773e-16 5.76439e-05 0.000560319 0.00372352 0.0169266 0.052665 0.112209 0.163779 0.163805 0.11234 0.0531047 0.0181959 0.00690819 0.00750713 0.0132351 0.0217471 0.0312227 0.0390517 0.0426115 0.0406852 0.0341892 0.0255691 0.0173712 0.0110932 0.00696811 0.0044733
 1.00348e-16 7.79021e-05 0.000757236 0.0050321 0.0228752 0.0711733 0.151642 0.221327 0.221332 0.151663 0.0712433 0.0230776 0.00554045 0.00186763 0.00218863 0.00349975 0.00504481 0.00636556 0.00705077 0.00690832 0.00607048 0.00489571 0.00374776 0.00282676 0.00215021 0.00164205
 1.0004e-16 7.98533e-05 0.000776203 0.00515814 0.0234482 0.0729559 0.15544 0.22687 0.226873 0.155454 0.0730029 0.0235837 0.00549806 0.0015173 0.00148452 0.00232045 0.00331757 0.00413514 0.00448603 0.00423985 0.00349829 0.00253075 0.00161982 0.000934704 0.000504325 0.000269851
 1.00017e-16 8.06539e-05 0.000783984 0.00520985 0.0236832 0.0736873 0.156999 0.229145 0.229147 0.157008 0.0737196 0.0237764 0.0054434 0.00129315 0.00104564 0.00159571 0.00227837 0.00283861 0.00307726 0.00290448 0.00239022 0.00172003 0.00108889 0.000614008 0.000316079 0.000155108
 1.00393e-16 3.22754e-05 0.000313728 0.00208484 0.0094774 0.029488 0.0628295 0.0917135 0.0917712 0.0631114 0.0304344 0.0122094 0.00893629 0.0152499 0.0283379 0.0466375 0.0668045 0.0832174 0.0901702 0.0850335 0.0698656 0.0501234 0.0315442 0.0175825 0.00885291 0.00417837
 1.00764e-16 7.81868e-05 0.000760003 0.00505049 0.0229588 0.0714333 0.152196 0.222136 0.222138 0.152208 0.071474 0.0230768 0.0053483 0.00141532 0.0013379 0.00212734 0.00314774 0.00414584 0.00491337 0.00534165 0.00545961 0.00537253 0.00515775 0.00481423 0.00430028 0.00360806
 1.00626e-16 5.8841e-05 0.000571955 0.00380084 0.0172781 0.0537587 0.11454 0.16718 0.167206 0.11467 0.0541954 0.0185386 0.00696213 0.00746412 0.013122 0.0215313 0.0308497 0.0384559 0.0417244 0.0394507 0.0325889 0.0236517 0.0152688 0.00900547 0.00511163 0.00301559
 1.0067e-16 7.36867e-05 0.000716261 0.0047598 0.0216374 0.067322 0.143437 0.209352 0.20936 0.143477 0.0674566 0.0220263 0.00573662 0.00285033 0.0041315 0.00672587 0.00970957 0.0122659 0.0136112 0.0133757 0.0118077 0.00958609 0.00739866 0.00562261 0.00429177 0.00326831
 1.00787e-16 6.15068e-05 0.000597868 0.00397305 0.0180609 0.0561943 0.119729 0.174752 0.174775 0.11984 0.0565668 0.0191363 0.0066709 0.00648214 0.0112216 0.0184142 0.026426 0.0330322 0.0360084 0.0343281 0.0287793 0.0214516 0.0145196 0.00925962 0.0058612 0.00385879
 1.00888e-16 7.07054e-05 0.000687282 0.00456723 0.020762 0.0645982 0.137634 0.200883 0.200894 0.137689 0.0647825 0.0212943 0.00590399 0.00360693 0.00561992 0.00918983 0.0132559 0.0167182 0.0185017 0.018101 0.0158661 0.0127447 0.00970025 0.00726558 0.00549037 0.00417375
 1.03033e-16 2.15724e-05 0.000209691 0.00139348 0.00633458 0.0197096 0.0419957 0.0613075 0.0613718 0.0423103 0.0207657 0.00938419 0.00904538 0.0169037 0.0316967 0.052288 0.0751342 0.0940873 0.102884 0.0986234 0.0835005 0.0633491 0.0442088 0.0295798 0.0199332 0.0139613
 1.03504e-16 7.00385e-05 0.0006808 0.00452415 0.0205661 0.0639889 0.136335 0.198987 0.198992 0.136361 0.0640747 0.0208156 0.00515649 0.00208145 0.00278938 0.00465484 0.00705731 0.00962031 0.0119845 0.0139435 0.0154855 0.0166482 0.0173349 0.0172908 0.0162764 0.0142814
 1.0195e-16 6.18956e-05 0.000601648 0.00399816 0.0181751 0.0565495 0.120485 0.175857 0.175878 0.120591 0.0569031 0.019196 0.00655924 0.00618753 0.010656 0.0174814 0.0250913 0.0313785 0.0342476 0.03275 0.0276654 0.0210027 0.0148265 0.0103084 0.00754767 0.00600113
 1.04089e-16 3.59528e-05 0.000349474 0.00232238 0.0105572 0.0328477 0.0699872 0.102158 0.102202 0.0702049 0.0335789 0.0126696 0.00762653 0.0119342 0.0220538 0.0364444 0.0525908 0.0663242 0.0733957 0.071808 0.0629612 0.0506302 0.0386506 0.0291397 0.0222807 0.0172467
 1.03725e-16 6.65277e-05 0.000646673 0.00429737 0.0195352 0.0607814 0.129502 0.189014 0.189024 0.129551 0.0609474 0.020016 0.00550871 0.00330625 0.00516219 0.00854542 0.0125756 0.0163823 0.0191092 0.0203384 0.0202804 0.019517 0.018527 0.0174059 0.0159594 0.0140021
 1.01884e-16 6.46361e-05 0.000628286 0.00417518 0.0189798 0.0590533 0.12582 0.183642 0.18366 0.125908 0.0593487 0.0198328 0.00631567 0.00529878 0.00892837 0.0146418 0.0210486 0.0263938 0.0289389 0.0278916 0.0238834 0.0185508 0.0135657 0.00986249 0.00750661 0.0060617
 1.0367e-16 3.64475e-05 0.000354283 0.00235433 0.0107025 0.0332997 0.0709501 0.103563 0.103609 0.071172 0.0340446 0.0128542 0.00775594 0.0121476 0.0224383 0.0370477 0.0533868 0.0671747 0.0740548 0.0719916 0.0624562 0.0493864 0.0368066 0.0269723 0.0201083 0.0153328
 1.06332e-16 5.42854e-05 0.000527674 0.00350658 0.0159404 0.0495966 0.105672 0.154234 0.154252 0.105759 0.0498924 0.0167968 0.00566445 0.00526568 0.00913274 0.0152213 0.0224086 0.0291947 0.0340544 0.0362355 0.0361013 0.0346765 0.0328095 0.0306788 0.0279622 0.024362
 1.02984e-16 6.70532e-05 0.000651781 0.00433132 0.0196895 0.0612616 0.130525 0.190507 0.190521 0.130591 0.0614831 0.0203296 0.00593878 0.0041635 0.00674435 0.011065 0.0159852 0.0202162 0.0224966 0.0222576 0.0199571 0.0167515 0.0137741 0.0115855 0.0101179 0.0089887
 1.03683e-16 3.86741e-05 0.000375926 0.00249816 0.0113563 0.035334 0.0752844 0.109889 0.109934 0.0755018 0.0360638 0.0134641 0.00778787 0.01192 0.0219529 0.0362049 0.0520882 0.0653697 0.0717552 0.0692587 0.0593848 0.0461093 0.0335136 0.0239119 0.0175432 0.0134603
 1.03495e-16 6.53726e-05 0.000635444 0.00422275 0.019196 0.059726 0.127253 0.185732 0.185743 0.127309 0.0599145 0.0197415 0.00559661 0.00364991 0.00583519 0.00965998 0.0141806 0.0183968 0.0213156 0.0224484 0.0220391 0.0207799 0.0192725 0.0176969 0.015896 0.0136935
pSPR Fmed_Fpbrs
1   0.983922 0.6 0.325 0.983922 0.983922 0.983922
Fs Fmed_Fpbrs
0   0.01 0.360663 0.934826 0.01 0.01 0.01
SSBpbr Bo_Bmed_Bpbrs
316747  300910  295817 174211 87105.5 295817 295817 295817
Ro
88817.4
SPR SPRFo_SPRFmed_SPRFpbrs
639871 639871 629582
Fref
0
Nvult_r0
 65422.7 10812.9 6765.51 691.507 199.326
CTP_r0
 21622.6 5423.69 3488.59 357.097 102.941
YTP_r0
356461
Np
 84367.1 31036.9 11417.8 4200.39 2113.7
Nvult_p0
 53330.2 19619.1 7217.46 2655.15 1336.11
CTP_p0
 0 0 0 0 0
 0 0 0 0 0
 0 0 0 0 0
 0 0 0 0 0
 0 0 0 0 0
 0 0 0 0 0
YTP_p0
 0 0 0 0 0 0
CBA_c0
0
log_Ro
11.2143
likeval ReclasPelacesDesembMPH_pf_preclas_ppelaces_ptallas_desvR_qrecl_qpela
 34.4255 27.6238 0.0675711 72.1354 253.178 139.752 121.719 0 29.394 6.96513e-05 0.000148873 0.0158405 2065.35 0 0
q_reclas_q_pelaces
3.25524 5.6155
M
1
N
 90445.2 25794.8 42499.6 5311.56 0.146021
 94199.3 27041.3 6217.76 9997 1247.75
 87862.9 22069.5 3965.01 864.47 1558.72
 63821.8 20544.6 3223.09 548.939 334.447
 38732.1 9334.53 1152.85 162.227 44.1888
 252770 8485.94 1193.86 138.707 24.7499
 43948.2 65854.3 1545 208.697 28.5084
 16468.1 8405.56 6384.99 138.68 21.1998
 27642.1 5163.38 2232.36 1664.09 41.6246
 34512.7 5003.9 447.518 177.966 135.347
 57820.5 3532.91 135.661 10.4344 7.2426
 126544 16982.2 821.247 30.7093 3.99544
 52844 25356.6 1810.5 81.5034 3.43038
 56844 9513.95 2173.35 142.645 6.66023
 56237.7 2899.6 62.349 11.2837 0.765123
 291781 6897.01 113.626 2.1465 0.411806
 40132 56569.9 687.494 10.5025 0.235462
 381226 9887.71 9191.08 106.544 1.65971
 180214 88081.2 1409.26 1240.08 14.5543
 309081 30808.4 6793.36 99.3019 87.961
 222214 65398.4 3670.09 758.186 20.822
 384118 53993.3 10328.6 551.971 116.841
 36694 82430.8 6619.81 1188.38 76.6762
 172623 9524.13 14893.4 1147.88 218.855
 172130 44084.7 1664.86 2493.8 228.296
 53669 45935.4 8429.13 306.506 500.083
 133829 15358.8 10127.4 1804.17 172.348
 172702 34119.2 2675.45 1689.52 328.936
 57315.8 48025.9 7095.07 538.306 405.365
 71478.3 16923.3 11285 1624.53 215.749
 123600 19454.7 3368.43 2167.8 352.804
 40801.5 30622 3196.86 528.307 394.299
 84367.1 12492.9 7748.57 791.613 228.176
pred_Ctot
 10890.2 5817.19 10043.8 1258.44 0.0346006
 22426.8 11056.5 2640.08 4253.36 530.926
 20993.4 9050.22 1688.4 368.858 665.155
 26143.6 12659.4 2036.86 347.371 211.655
 10324.5 4182.22 535.234 75.4611 20.5568
 47948.3 2866.17 420.297 48.9406 8.73362
 14055.3 33984.2 822.928 111.348 15.2117
 1557.84 1517.11 1210.09 26.3522 4.02896
 9392.7 2787.58 1242.13 927.421 23.2
 17387.5 3518.88 320.795 127.701 97.124
 7505.76 853.151 34.3056 2.64518 1.83628
 38242.2 8394.26 419.533 15.7154 2.04485
 18058.6 13746.7 1011.48 45.6067 1.91969
 35816.3 7571.72 1751.08 115.004 5.36983
 25828.3 1925.95 42.3325 7.67005 0.520123
 91835.9 3516.5 59.8179 1.13194 0.217183
 8654.83 21307 269.366 4.12369 0.0924617
 93064.3 4126.58 3981.57 46.2469 0.720501
 64821.8 49563.4 816.128 719.25 8.44225
 86782.4 14382.7 3282.87 48.076 42.5895
 49318.5 25231 1472.22 304.775 8.37092
 105658 24801.7 4913.21 263.058 55.6893
 7025.92 28065.8 2348.96 422.618 27.2713
 34370.7 3353.03 5461.27 421.836 80.437
 30665.7 14103.8 555.669 834.234 76.3793
 7690.09 12125.3 2327.48 84.8393 138.438
 26753.6 5425.67 3726.1 665.244 63.5563
 27259.6 9816.32 804.299 509.11 99.1318
 7280.79 11371.9 1759.65 133.839 100.799
 12045.6 5157.83 3590.84 518.116 68.8178
 26342.7 7255.33 1307.01 842.939 137.201
 4390.46 6228.68 682.105 113.015 84.3594
 21622.6 5423.69 3488.59 357.097 102.941
F
 0.207378 0.422764 0.447211 0.448576 0.448648
 0.451217 0.919858 0.973049 0.976019 0.976176
 0.453177 0.923854 0.977275 0.980259 0.980416
 0.922375 1.88037 1.9891 1.99517 1.99549
 0.518258 1.05653 1.11762 1.12103 1.12121
 0.345034 0.703391 0.744064 0.746335 0.746455
 0.654118 1.33349 1.4106 1.41491 1.41514
 0.159831 0.325833 0.344674 0.345726 0.345782
 0.709123 1.44563 1.52922 1.53389 1.53414
 1.27921 2.60781 2.75861 2.76703 2.76747
 0.225178 0.459051 0.485596 0.487078 0.487157
 0.60755 1.23856 1.31018 1.31418 1.31439
 0.714586 1.45677 1.541 1.54571 1.54596
 1.97574 4.02777 4.26067 4.27368 4.27437
 1.0985 2.23942 2.36891 2.37614 2.37652
 0.640528 1.30579 1.3813 1.38551 1.38574
 0.400882 0.817243 0.8645 0.867139 0.867279
 0.465134 0.948229 1.00306 1.00612 1.00628
 0.76636 1.56231 1.65265 1.6577 1.65797
 0.553106 1.12757 1.19277 1.19641 1.19661
 0.414781 0.845579 0.894475 0.897206 0.89735
 0.53899 1.09879 1.16233 1.16588 1.16607
 0.348785 0.711039 0.752154 0.75445 0.754572
 0.364996 0.744086 0.787113 0.789515 0.789642
 0.321011 0.654419 0.69226 0.694374 0.694485
 0.251145 0.511988 0.541594 0.543247 0.543334
 0.366706 0.747573 0.790801 0.793215 0.793343
 0.279827 0.570459 0.603445 0.605287 0.605385
 0.219886 0.448262 0.474183 0.47563 0.475707
 0.301305 0.614244 0.649763 0.651746 0.651851
 0.395328 0.805921 0.852524 0.855126 0.855264
 0.183562 0.374212 0.39585 0.397059 0.397122
 0.493667 1.0064 1.06459 1.06784 1.06801
YTP_r0W_actual
 163035 94643.5 83970.3 11184.3 3628.66
YTP_p0W_proyectada
 0 0 0 0 0
 0 0 0 0 0
 0 0 0 0 0
 0 0 0 0 0
 0 0 0 0 0
 0 0 0 0 0
CTP_r0_actual
 21622.6 5423.69 3488.59 357.097 102.941
CTP_p0_proyectada
 0 0 0 0 0
 0 0 0 0 0
 0 0 0 0 0
 0 0 0 0 0
 0 0 0 0 0
 0 0 0 0 0
Wmedp
 7.54 17.45 24.07 31.32 35.25
Frms_r0
 0.493667 1.0064 1.06459 1.06784 1.06801
Zrms_r0
 1.49367 2.0064 2.06459 2.06784 2.06801
nmprior
 7.29 8.9 8.7 0
nm_flota  nm_reclas  nm_pelaces    nm_pelaL
inf 24.1631 9.40144 23.0394
cv_recla  cv_pelaces  cv_mph
0.254062 0.47979 0.680976
 ------------------------------------------------
Talla a la edad & desviaci?n 
 8 13.2811 15.8009 17.003 17.5766
 0.8 1.32811 1.58009 1.7003 1.75766
