years
 1991 1992 1993 1994 1995 1996 1997 1998 1999 2000 2001 2002 2003 2004 2005 2006 2007 2008 2009 2010 2011 2012 2013 2014 2015 2016 2017 2018 2019 2020 2021 2022 2023
reclasobs
 0 0 0 0 0 0 0 0 0 252601 567819 844713 477998 351125 339783 2.1784e+06 2.13404e+06 4.81314e+06 1.55562e+06 2.62356e+06 3.21686e+06 3.843e+06 1.13348e+06 3.07943e+06 1.97215e+06 2.03268e+06 2.025e+06 2.42433e+06 2.27542e+06 1.05018e+06 2.36338e+06 3.18982e+06 1.53035e+06
reclaspred
 7.53731e+06 2.13875e+06 1.12028e+06 858352 236035 3.08433e+06 1.62564e+06 672075 765837 251756 500975 1.08627e+06 623222 297529 480515 1.94124e+06 1.35423e+06 3.51749e+06 1.984e+06 2.38682e+06 3.49755e+06 3.16565e+06 1.83434e+06 2.84328e+06 2.41303e+06 1.95259e+06 2.14835e+06 2.77121e+06 2.25131e+06 1.62524e+06 2.00531e+06 1.88652e+06 1.23249e+06
pelacesobs
 0 0 0 0 0 0 0 0 0 0 0 0 0 0 0 552880 188675 0 991730 2.46772e+06 1.41603e+06 1.21717e+06 2.29649e+06 1.80582e+06 0 1.4828e+06 1.56532e+06 1.57751e+06 1.42118e+06 867257 1.10002e+06 1.06204e+06 0
pelacespred
 6.1453e+06 1.55122e+06 566366 317812 92591.7 1.74053e+06 813877 487196 398452 90119.8 273403 493048 269465 96881.2 212483 850458 640646 1.88791e+06 902212 1.01817e+06 1.72766e+06 1.55182e+06 983315 1.70858e+06 1.37477e+06 1.15874e+06 1.40673e+06 1.65423e+06 1.34796e+06 1.03168e+06 1.01876e+06 1.11705e+06 622103
mphobs
 0 0 0 0 0 0 0 0 0 0 0 0 498337 0 5186 125008 0 168611 109162 213762 579715 649985 157893 87575 83554 210694 70296 0 107559 103333 445601 22526 28222
mphpred
 1.81488e+06 735441 131896 179738 68538.3 20715.8 553727 143490 65622.2 77901 16333.5 96247.5 147326 32831.7 13181 49678.5 325620 143447 429699 248824 630245 513626 132838 59150.4 138061 118680 75276.3 98092.4 176625 92566.7 63686.6 112417 47492.1
desembarqueobs
 494567 514787 250237 358949 120608 361735 552515 73892 212993 205616 52469 317467 293654 387597 252695 516296 358380 742168 942051 627588 828172 859565 418607 520667 417249 300574 415391 372974 316634 284311 391294 218835 356480
desembarquepred
 494508 514468 249946 358671 120535 361561 551942 73873.3 212837 205426 52458.5 317147 293337 387021 252319 515752 358249 741510 940085 626598 827888 858578 418191 520330 416801 300315 415039 372636 316253 283839 390818 218793 356328
Reclutas
 25321 17973.5 173457 44706.4 14047.3 280563 19278.2 6208.35 41823.1 22361.2 46951 121309 47796.9 60934.1 51135.9 266531 25947.7 355149 172950 283228 186239 386770 25159.8 152050 158512 39145.1 118697 147036 38629.5 73779.4 110405 23430.9 81695.6
log_desv_Rt
 -0.986683 -1.32942 0.93761 -0.418202 -1.57588 1.41848 -1.25935 -2.39242 -0.484869 -1.11099 -0.369214 0.580024 -0.351358 -0.108525 -0.283831 1.36717 -0.962236 1.65422 0.934686 1.42793 1.00871 1.73951 -0.993072 0.805893 0.847513 -0.551042 0.558259 0.772362 -0.564301 0.0827608 0.485838 -1.06426 0.184682
SSB
 1.52657e+06 618610 110944 151185 57650.4 17424.9 465763 120696 55197.6 65525.8 13738.8 80957.8 113444 26158.6 10351.4 39862.6 273893 120659 383514 138859 365499 321683 386106 161132 340102 317631 186220 228682 432668 207880 173911 310681 121847
BT
 1.95075e+06 921220 433472 371903 128548 1.25713e+06 731107 212337 381969 221995 181973 494948 368129 446171 360539 857715 492449 1.62466e+06 1.25617e+06 965626 1.42528e+06 1.43227e+06 660467 1.31477e+06 900180 653487 1.07456e+06 1.0791e+06 679338 671395 768556 538497 591293
Ftot
 0.334656 1.12488 1.12786 1.71175 2.01756 0.638062 1.37414 0.547264 1.38489 2.85248 0.563692 1.4017 1.94478 4.42224 2.43274 1.35694 1.14541 1.08897 1.9643 1.30872 1.11534 1.30758 1.00511 0.946472 0.837532 0.725408 0.97803 0.692527 0.650671 0.86957 0.976827 0.546629 1.39446
BD_Bspro_t
 0.947863 0.604065 0.217484 0.278803 0.105364 0.046031 0.456503 0.1646 0.117398 0.151688 0.052033 0.315882 0.248062 0.0643182 0.0267603 0.0951483 0.293129 0.151835 0.287987 0.125446 0.224191 0.202712 0.245691 0.136687 0.277902 0.310884 0.25156 0.323125 0.448745 0.296007 0.287905 0.370157 0.26705
BD_Bspro
 3.11982 1.26424 0.226733 0.308974 0.117819 0.035611 0.951871 0.246664 0.112806 0.133914 0.0280777 0.165452 0.231843 0.0534599 0.021155 0.0814665 0.559749 0.246589 0.783781 0.283784 0.746963 0.657418 0.789078 0.329302 0.695061 0.649136 0.380575 0.467353 0.884235 0.42484 0.355418 0.634934 0.249016
BD_Bo
 6.02362 2.44095 0.437767 0.596554 0.22748 0.0687562 1.83783 0.476248 0.217802 0.258555 0.0542112 0.319448 0.447633 0.103218 0.0408453 0.157292 1.08074 0.476104 1.51329 0.547918 1.4422 1.26931 1.52352 0.635803 1.342 1.25333 0.734797 0.902346 1.70724 0.820264 0.686227 1.2259 0.48079
BD_Brms
 6.45894 2.61735 0.469404 0.639666 0.24392 0.0737251 1.97065 0.510666 0.233542 0.277241 0.058129 0.342534 0.479982 0.110678 0.0437971 0.168659 1.15884 0.510511 1.62266 0.587515 1.54643 1.36105 1.63362 0.681752 1.43898 1.3439 0.7879 0.967557 1.83062 0.879543 0.73582 1.3145 0.515536
Sel_flota
 0.558317 1 1 1 1
 0.558317 1 1 1 1
 0.558317 1 1 1 1
 0.558317 1 1 1 1
 0.558317 1 1 1 1
 0.558317 1 1 1 1
 0.558317 1 1 1 1
 0.558317 1 1 1 1
 0.558317 1 1 1 1
 0.558317 1 1 1 1
 0.558317 1 1 1 1
 0.558317 1 1 1 1
 0.558317 1 1 1 1
 0.558317 1 1 1 1
 0.558317 1 1 1 1
 0.558317 1 1 1 1
 0.558317 1 1 1 1
 0.558317 1 1 1 1
 0.558317 1 1 1 1
 0.558317 1 1 1 1
 0.558317 1 1 1 1
 0.558317 1 1 1 1
 0.558317 1 1 1 1
 0.558317 1 1 1 1
 0.558317 1 1 1 1
 0.558317 1 1 1 1
 0.558317 1 1 1 1
 0.558317 1 1 1 1
 0.558317 1 1 1 1
 0.558317 1 1 1 1
 0.558317 1 1 1 1
 0.558317 1 1 1 1
 0.558317 1 1 1 1
Sel_reclas
 0.579602 0.874031 0.972159 0.994342 0.998871
 0.579602 0.874031 0.972159 0.994342 0.998871
 0.579602 0.874031 0.972159 0.994342 0.998871
 0.579602 0.874031 0.972159 0.994342 0.998871
 0.579602 0.874031 0.972159 0.994342 0.998871
 0.579602 0.874031 0.972159 0.994342 0.998871
 0.579602 0.874031 0.972159 0.994342 0.998871
 0.579602 0.874031 0.972159 0.994342 0.998871
 0.579602 0.874031 0.972159 0.994342 0.998871
 0.579602 0.874031 0.972159 0.994342 0.998871
 0.579602 0.874031 0.972159 0.994342 0.998871
 0.579602 0.874031 0.972159 0.994342 0.998871
 0.579602 0.874031 0.972159 0.994342 0.998871
 0.579602 0.874031 0.972159 0.994342 0.998871
 0.579602 0.874031 0.972159 0.994342 0.998871
 0.579602 0.874031 0.972159 0.994342 0.998871
 0.579602 0.874031 0.972159 0.994342 0.998871
 0.579602 0.874031 0.972159 0.994342 0.998871
 0.579602 0.874031 0.972159 0.994342 0.998871
 0.579602 0.874031 0.972159 0.994342 0.998871
 0.579602 0.874031 0.972159 0.994342 0.998871
 0.579602 0.874031 0.972159 0.994342 0.998871
 0.579602 0.874031 0.972159 0.994342 0.998871
 0.579602 0.874031 0.972159 0.994342 0.998871
 0.579602 0.874031 0.972159 0.994342 0.998871
 0.579602 0.874031 0.972159 0.994342 0.998871
 0.579602 0.874031 0.972159 0.994342 0.998871
 0.579602 0.874031 0.972159 0.994342 0.998871
 0.579602 0.874031 0.972159 0.994342 0.998871
 0.579602 0.874031 0.972159 0.994342 0.998871
 0.579602 0.874031 0.972159 0.994342 0.998871
 0.579602 0.874031 0.972159 0.994342 0.998871
 0.579602 0.874031 0.972159 0.994342 0.998871
Sel_pelaces
 0.407018 0.775501 0.945606 0.988699 0.997734
 0.407018 0.775501 0.945606 0.988699 0.997734
 0.407018 0.775501 0.945606 0.988699 0.997734
 0.407018 0.775501 0.945606 0.988699 0.997734
 0.407018 0.775501 0.945606 0.988699 0.997734
 0.407018 0.775501 0.945606 0.988699 0.997734
 0.407018 0.775501 0.945606 0.988699 0.997734
 0.407018 0.775501 0.945606 0.988699 0.997734
 0.407018 0.775501 0.945606 0.988699 0.997734
 0.407018 0.775501 0.945606 0.988699 0.997734
 0.407018 0.775501 0.945606 0.988699 0.997734
 0.407018 0.775501 0.945606 0.988699 0.997734
 0.407018 0.775501 0.945606 0.988699 0.997734
 0.407018 0.775501 0.945606 0.988699 0.997734
 0.407018 0.775501 0.945606 0.988699 0.997734
 0.407018 0.775501 0.945606 0.988699 0.997734
 0.407018 0.775501 0.945606 0.988699 0.997734
 0.407018 0.775501 0.945606 0.988699 0.997734
 0.407018 0.775501 0.945606 0.988699 0.997734
 0.407018 0.775501 0.945606 0.988699 0.997734
 0.407018 0.775501 0.945606 0.988699 0.997734
 0.407018 0.775501 0.945606 0.988699 0.997734
 0.407018 0.775501 0.945606 0.988699 0.997734
 0.407018 0.775501 0.945606 0.988699 0.997734
 0.407018 0.775501 0.945606 0.988699 0.997734
 0.407018 0.775501 0.945606 0.988699 0.997734
 0.407018 0.775501 0.945606 0.988699 0.997734
 0.407018 0.775501 0.945606 0.988699 0.997734
 0.407018 0.775501 0.945606 0.988699 0.997734
 0.407018 0.775501 0.945606 0.988699 0.997734
 0.407018 0.775501 0.945606 0.988699 0.997734
 0.407018 0.775501 0.945606 0.988699 0.997734
 0.407018 0.775501 0.945606 0.988699 0.997734
pf_obs 
 0.8446 0.082 0.0669 0.0065 0
 0.8095 0.147 0.0364 0.0071 0
 0.9664 0.0169 0.016 0.0007 0
 0.9276 0.0648 0.0075 0.0001 0
 0.7033 0.2144 0.0806 0.0017 0
 0.9318 0.0425 0.0243 0.0014 0
 0.5671 0.3108 0.0964 0.0239 0.0018
 0.0768 0.2599 0.5324 0.112 0.0189
 0.490249 0.384438 0.106611 0.0170017 0.00170017
 0.7925 0.1577 0.0466 0.003 0.0002
 0.840416 0.127587 0.0312969 0.00059994 9.999e-05
 0.8084 0.0986 0.0794 0.0134 0.0002
 0.7335 0.1905 0.0724 0.0035 0.0001
 0.4001 0.4547 0.1325 0.0127 0
 0.49795 0.308269 0.164784 0.0264974 0.00249975
 0.9179 0.0499 0.0305 0.0017 0
 0.2467 0.6533 0.0926 0.0074 0
 0.9418 0.0223 0.034 0.0019 0
 0.707729 0.231977 0.0356964 0.0245975 0
 0.517169 0.277429 0.184464 0.0207286 0.00020938
 0.811772 0.124168 0.05621 0.00726502 0.000585176
 0.764997 0.148141 0.077277 0.00933861 0.000247198
 0.163321 0.427699 0.378323 0.0303852 0.000271297
 0.753843 0.0900009 0.118128 0.0371064 0.000921714
 0.721811 0.176058 0.0630433 0.0369309 0.00215725
 0.143369 0.312575 0.442814 0.0836902 0.0175525
 0.692698 0.0596174 0.167031 0.0765114 0.00414204
 0.394062 0.376323 0.152708 0.0712218 0.00568511
 0.125707 0.32114 0.495352 0.0537591 0.00404204
 0.23352 0.215282 0.420074 0.123614 0.00750983
 0.796117 0.104755 0.0508955 0.0450114 0.00322123
 0.162477 0.292055 0.404252 0.121198 0.0200186
 0 0 0 0 0
pf_pred 
 0.136011 0.185421 0.599283 0.0792844 1.06462e-06
 0.267108 0.172669 0.120229 0.388584 0.0514099
 0.939389 0.0287206 0.00751324 0.00523148 0.0191452
 0.477105 0.509601 0.00629911 0.00164783 0.00534639
 0.54394 0.333782 0.11917 0.00147304 0.00163559
 0.988109 0.00949542 0.0017536 0.000626084 1.63319e-05
 0.153892 0.841361 0.00379011 0.000699951 0.000256421
 0.274399 0.237513 0.48535 0.00218637 0.000551696
 0.882501 0.0517062 0.0215361 0.0440084 0.000248271
 0.70174 0.284168 0.00620144 0.00258295 0.00530797
 0.940296 0.0545461 0.00491391 0.000107237 0.000136452
 0.865302 0.130723 0.00363185 0.000327184 1.62256e-05
 0.617421 0.36172 0.020243 0.000562408 5.31785e-05
 0.879767 0.10093 0.0182513 0.0010214 3.10607e-05
 0.95273 0.0465041 0.000642539 0.000116192 6.70018e-06
 0.973845 0.0258219 0.000327264 4.52175e-06 8.64828e-07
 0.271494 0.721226 0.00718771 9.10965e-05 1.49939e-06
 0.957371 0.0205057 0.0219025 0.00021828 2.812e-06
 0.635464 0.358012 0.00313814 0.00335191 3.38353e-05
 0.885236 0.0975994 0.0168579 0.000147767 0.000159426
 0.701425 0.284495 0.0119739 0.00206819 3.76876e-05
 0.859246 0.120018 0.019758 0.000831579 0.000146252
 0.18441 0.767573 0.040943 0.00674025 0.000333577
 0.867462 0.0463811 0.0810843 0.0043251 0.00074726
 0.742719 0.241502 0.00552177 0.00965326 0.000603876
 0.369074 0.547158 0.0786307 0.00179784 0.00333963
 0.819044 0.101596 0.0688237 0.00989049 0.000646211
 0.769067 0.211173 0.0110938 0.00751526 0.00115056
 0.365011 0.557721 0.0706564 0.00371188 0.0028995
 0.725823 0.151269 0.107952 0.0136761 0.00127969
 0.787215 0.182594 0.0166573 0.0118873 0.00164689
 0.353655 0.579931 0.0569907 0.00519902 0.00422425
 0.824665 0.0932832 0.0736206 0.00723481 0.00119626
pobs_RECLAS
 0 0 0 0 0
 0 0 0 0 0
 0 0 0 0 0
 0 0 0 0 0
 0 0 0 0 0
 0 0 0 0 0
 0 0 0 0 0
 0 0 0 0 0
 0 0 0 0 0
 0 0 0 0 0
 0.991045 0.00858322 0.000360255 1.14367e-05 0
 0.934742 0.0480273 0.0164251 0.00080598 0
 0.827803 0.169806 0.00239088 0 0
 0.941827 0.0461693 0.0120037 0 0
 0.791401 0.0380133 0.147996 0.0225897 0
 0.846168 0.0940531 0.0597789 0 0
 0.134021 0.677848 0.182769 0.00536245 0
 0.80878 0.0450904 0.141981 0.00414843 0
 0.846168 0.0940531 0.0597789 0 0
 0.905697 0.0802665 0.012482 0.00150086 5.37128e-05
 0.989698 0.0102097 9.19794e-05 0 0
 0.975433 0.0193895 0.00387452 0.00125025 5.28907e-05
 0.303575 0.632131 0.0575291 0.00676475 0
 0.966965 0.00978017 0.0227588 0.000495775 0
 0.843318 0.132988 0.00938335 0.0141283 0.000182051
 0.564624 0.303363 0.111486 0.0197234 0.00080311
 0.826376 0.0876187 0.0782897 0.00655872 0.00115652
 0.89761 0.0855135 0.0140674 0.00269457 0.000114338
 0.34875 0.467042 0.161289 0.0227151 0.000203297
 0.318654 0.224769 0.449479 0.00709798 0
 0.937255 0.0296025 0.0250945 0.00804832 0
 0.456809 0.399803 0.12412 0.0192676 0
 0.883104 0.0372192 0.0704036 0.00927362 0
ppred_RECLAS
 0.148264 0.16762 0.602576 0.081539 1.09988e-06
 0.297241 0.150324 0.116422 0.384864 0.0511496
 0.948729 0.0226861 0.00660093 0.00470111 0.0172826
 0.552839 0.434383 0.00597216 0.00159795 0.00520817
 0.6203 0.269724 0.107111 0.00135419 0.00151047
 0.99007 0.00774335 0.00159058 0.000580839 1.52206e-05
 0.192293 0.802646 0.00402164 0.000759657 0.000279562
 0.300385 0.212906 0.483913 0.00222964 0.000565176
 0.9018 0.0402949 0.0186674 0.0390168 0.000221113
 0.787815 0.20094 0.00487747 0.00207787 0.00428946
 0.950167 0.0450856 0.00451764 0.000100839 0.000128895
 0.893729 0.102788 0.00317636 0.000292679 1.45805e-05
 0.691622 0.289779 0.0180376 0.000512571 4.86869e-05
 0.937108 0.0518481 0.0104284 0.000596924 1.82351e-05
 0.967766 0.0316522 0.000486431 8.99694e-05 5.21171e-06
 0.979844 0.0198709 0.000280117 3.95863e-06 7.60575e-07
 0.32283 0.669649 0.00742296 9.62247e-05 1.59101e-06
 0.964328 0.0162121 0.0192606 0.00019633 2.54075e-06
 0.709134 0.285021 0.00277883 0.00303584 3.07845e-05
 0.908 0.0769418 0.0147818 0.000132526 0.000143634
 0.74899 0.237871 0.0111356 0.00196728 3.6012e-05
 0.886508 0.0951809 0.0174284 0.000750266 0.000132552
 0.221176 0.727998 0.0431917 0.00727269 0.000361567
 0.884631 0.0375918 0.073097 0.00398802 0.000692159
 0.781268 0.203706 0.00518051 0.00926332 0.000582122
 0.416053 0.498863 0.0797393 0.00186478 0.00347976
 0.84459 0.0830403 0.0625694 0.00919687 0.000603629
 0.802555 0.17866 0.0104395 0.00723336 0.00111245
 0.410791 0.510392 0.0719198 0.00386447 0.00303243
 0.758862 0.126496 0.100408 0.0130107 0.00122297
 0.82099 0.150956 0.0153172 0.0111804 0.001556
 0.397697 0.534038 0.0583728 0.00544661 0.00444558
 0.854192 0.0736142 0.0646202 0.00649522 0.00107886
pobs_PELACES
 0 0 0 0 0
 0 0 0 0 0
 0 0 0 0 0
 0 0 0 0 0
 0 0 0 0 0
 0 0 0 0 0
 0 0 0 0 0
 0 0 0 0 0
 0 0 0 0 0
 0 0 0 0 0
 0 0 0 0 0
 0 0 0 0 0
 0 0 0 0 0
 0 0 0 0 0
 0 0 0 0 0
 0 0 0 0 0
 0.505614 0.472636 0.0217494 0 0
 0 0 0 0 0
 0.443492 0.261883 0.143347 0.151278 0
 0.227955 0.32914 0.350689 0.0885471 0.00366901
 0.970185 0.0296113 0.000203453 0 0
 0.997202 0.00247181 0.000326279 0 0
 0.445219 0.490057 0.0546422 0.010081 0
 0.90214 0.0892962 0.00764917 0.000914606 0
 0 0 0 0 0
 0.581667 0.319106 0.0959925 0.00289975 0.000334073
 0.762889 0.0836404 0.116647 0.0363945 0.000428098
 0.88444 0.0763242 0.0277011 0.0115352 0
 0.521256 0.241999 0.230069 0.00667565 0
 0.616807 0.101726 0.260614 0.0208532 0
 0.833518 0.0704572 0.0857862 0.0102388 0
 0.697417 0.212968 0.0787535 0.0105354 0.000325836
 0 0 0 0 0
ppred_PELACES
 0.118154 0.160741 0.633476 0.0876274 1.1874e-06
 0.265485 0.143987 0.12225 0.413122 0.0551557
 0.941846 0.0241421 0.00770084 0.00560646 0.020705
 0.555913 0.430028 0.00648147 0.00177281 0.00580443
 0.627923 0.257088 0.111921 0.00144649 0.00162079
 0.988329 0.0088991 0.00200397 0.000748078 1.96925e-05
 0.187033 0.807359 0.0044347 0.000856316 0.000316571
 0.256451 0.212053 0.528373 0.00248865 0.000633709
 0.892923 0.0411966 0.0209225 0.044703 0.000254493
 0.815744 0.173462 0.00461583 0.00201015 0.0041686
 0.941969 0.0520192 0.00571421 0.000130385 0.000167422
 0.890573 0.105499 0.003574 0.000336645 1.68474e-05
 0.700875 0.279449 0.0190692 0.000553942 5.28566e-05
 0.956689 0.0351038 0.0077403 0.000452912 1.38989e-05
 0.971276 0.0281548 0.000474339 8.96846e-05 5.21892e-06
 0.979091 0.0205854 0.000318126 4.5958e-06 8.87024e-07
 0.308147 0.683436 0.00830511 0.000110055 1.82799e-06
 0.959713 0.0173938 0.0226539 0.000236057 3.0688e-06
 0.719386 0.274373 0.00293254 0.00327504 3.33616e-05
 0.902966 0.0798871 0.0168252 0.000154201 0.000167888
 0.734329 0.250453 0.0128533 0.00232126 4.26858e-05
 0.880446 0.0987122 0.0198151 0.000871985 0.00015476
 0.205428 0.737904 0.0479941 0.00826111 0.000412581
 0.867297 0.0405656 0.0864733 0.00482276 0.000840855
 0.760163 0.221649 0.00617949 0.0112954 0.00071306
 0.38194 0.520572 0.0912198 0.00218072 0.00408789
 0.825795 0.0889564 0.0734797 0.0110408 0.000727961
 0.778895 0.198045 0.0126863 0.0089857 0.00138825
 0.374529 0.534751 0.0826064 0.00453744 0.00357676
 0.729713 0.135392 0.117815 0.0156059 0.00147361
 0.804529 0.162103 0.0180317 0.0134546 0.00188106
 0.358804 0.562143 0.0673601 0.00642501 0.00526809
 0.844148 0.0750112 0.0721856 0.00741706 0.0012376
pobs_pel_tallas
 0 0 0 0 0 0 0 0 0 0 0 0 0 0 0 0 0 0 0 0 0 0 0 0 0 0
 0 0 0 0 0 0 0 0 0 0 0 0 0 0 0 0 0 0 0 0 0 0 0 0 0 0
 0 0 0 0 0 0 0 0 0 0 0 0 0 0 0 0 0 0 0 0 0 0 0 0 0 0
 0 0 0 0 0 0 0 0 0 0 0 0 0 0 0 0 0 0 0 0 0 0 0 0 0 0
 0 0 0 0 0 0 0 0 0 0 0 0 0 0 0 0 0 0 0 0 0 0 0 0 0 0
 0 0 0 0 0 0 0 0 0 0 0 0 0 0 0 0 0 0 0 0 0 0 0 0 0 0
 0 0 0 0 0 0 0 0 0 0 0 0 0 0 0 0 0 0 0 0 0 0 0 0 0 0
 0 0 0 0 0 0 0 0 0 0 0 0 0 0 0 0 0 0 0 0 0 0 0 0 0 0
 0 0 0 0 0 0 0 0 0 0 0 0 0 0 0 0 0 0 0 0 0 0 0 0 0 0
 0 0 0 0 0 0 0 0 0 0 0 0 0 0 0 0 0 0 0 0 0 0 0 0 0 0
 0 0 0 0 0 0 0 0 0 0 0 0 0 0 0 0 0 0 0 0 0 0 0 0 0 0
 0 0 0 0 0 0 0 0 0 0 0 0 0 0 0 0 0 0 0 0 0 0 0 0 0 0
 0.00862536 0 0 0.000197151 0.00414017 0.0128641 0.00837892 0.0270097 0.101434 0.158115 0.152841 0.127902 0.109271 0.109419 0.0830992 0.0579132 0.0238553 0.00714673 0.00463305 0.00128148 0.00103504 0.000492878 0.000147863 0.000147863 4.92878e-05 0
 0 0 0 0 0 0 0 0 0 0 0 0 0 0 0 0 0 0 0 0 0 0 0 0 0 0
 0 0 0 0 0 0 0 0.0054083 0.00873648 0.0413646 0.0450493 0.0745869 0.0622846 0.0627006 0.0613931 0.0827291 0.12552 0.122667 0.0946155 0.0697135 0.0546179 0.0294188 0.0215738 0.0213955 0.0102223 0.00600262
 0 0 0 0 0.00359764 0.0251062 0.0480494 0.140153 0.205849 0.193036 0.1447 0.116669 0.0760912 0.0342217 0.00950174 0.001854 0.000860785 0 0 0 0.000165536 0 0.000143464 0 0 0
 0 0 0 0 0 0 0 0.000145254 0.000435761 0.0275982 0.070085 0.0708112 0.156366 0.174668 0.174014 0.160142 0.0824315 0.0480064 0.0283245 0.00493863 0.00203355 0 0 0 0 0
 0 0 0 0 0 0 0 0 0 0 0 0 0 0 0 0 0 0 0 0 0 0 0 0 0 0
 0 0 1.00437e-05 0.000401748 0.00122533 0.00171747 0.00176769 0.0269171 0.070346 0.194647 0.189555 0.159765 0.064822 0.0314167 0.0384472 0.0292271 0.0345202 0.0313363 0.0194345 0.0106764 0.0143323 0.0359363 0.0279516 0.0138201 0.00172751 0
 0 0.0021121 0.0136068 0.0755702 0.200478 0.177729 0.0527432 0.0373336 0.0318909 0.0142505 0.0149659 0.0166563 0.0217959 0.0798694 0.0677717 0.0528807 0.04013 0.0224614 0.0357745 0.0225083 0.00881397 0.00855152 0.00135912 0.000746735 0 0
 0 0 0 0 5.4009e-05 0.00500934 0.000945158 0.0243581 0.138947 0.33067 0.221406 0.137944 0.0707744 0.0437923 0.0131692 0.00525238 0.0047753 0.00276346 9.45158e-05 9.00151e-06 2.25038e-05 9.00151e-06 4.50075e-06 0 0 0
 0.000866109 0.00284123 0.00948549 0.0512746 0.133035 0.25785 0.225252 0.132002 0.0553304 0.0519788 0.0540692 0.017754 0.00435017 0.00159236 0.00146478 0.000404838 0.000125132 0.000115318 0.000107957 0.000100596 0 0 0 0 0 0
 0 0 0 0 0.00144013 0.00171154 0.00461396 0.0210425 0.0478622 0.0707936 0.0888783 0.103762 0.0637923 0.0337046 0.0602308 0.124433 0.169614 0.0934646 0.0462172 0.0250306 0.0313229 0.00938855 0.002487 0.000210481 0 0
 0 0.00764035 0.051015 0.0998891 0.058973 0.0496711 0.0374665 0.0718981 0.12319 0.153886 0.159021 0.0857701 0.0377988 0.023471 0.0147837 0.00900784 0.00315554 0.000888139 0.00291439 0.00214683 0.00393193 0.00274676 0.000635225 9.99891e-05 0 0
 0 0 0 0 0 0 0 0 0 0 0 0 0 0 0 0 0 0 0 0 0 0 0 0 0 0
 0 0 0 0 0 0 0 0 0 0 0 0 0 0 0 0 0 0 0 0 0 0 0 0 0 0
 0 0 0 0 0 0 0 0 0 0 0 0 0 0 0 0 0 0 0 0 0 0 0 0 0 0
 0 0 0 0 0 0 0 0 0 0 0 0 0 0 0 0 0 0 0 0 0 0 0 0 0 0
 0 0 0 0 0 0 0 0 0 0 0 0 0 0 0 0 0 0 0 0 0 0 0 0 0 0
 0 0 0 0 0 0 0 0 0 0 0 0 0 0 0 0 0 0 0 0 0 0 0 0 0 0
 0 0 0 0 0 0 0 0 0 0 0 0 0 0 0 0 0 0 0 0 0 0 0 0 0 0
 0 0 0 0 0 0 0 0 0 0 0 0 0 0 0 0 0 0 0 0 0 0 0 0 0 0
 0 0 0 0 0 0 0 0 0 0 0 0 0 0 0 0 0 0 0 0 0 0 0 0 0 0
ppred_pel_tallas
 1.2711e-16 9.73224e-06 9.46008e-05 0.000628657 0.00285779 0.00889174 0.0189454 0.0276548 0.0276713 0.0190263 0.00916621 0.00366298 0.00269667 0.00476423 0.00933287 0.0165999 0.026676 0.0393106 0.0540655 0.070468 0.0877289 0.104139 0.116845 0.122598 0.119239 0.106927
 1.54329e-16 2.18677e-05 0.000212562 0.00141255 0.00642125 0.019979 0.0425678 0.0621319 0.0621461 0.0426373 0.0202133 0.00710264 0.00314055 0.00404542 0.00748737 0.0128568 0.0197948 0.0277623 0.0364277 0.0461685 0.0580101 0.0727856 0.0900193 0.107389 0.121255 0.128012
 1.04295e-16 7.75786e-05 0.000754091 0.0050112 0.0227802 0.0708777 0.151012 0.220408 0.22041 0.151024 0.0709161 0.0228914 0.00529108 0.00136753 0.0012503 0.00196564 0.00287819 0.00374347 0.00438334 0.0047513 0.00497349 0.00527072 0.00580982 0.006592 0.00744646 0.00811454
 1.01458e-16 4.57899e-05 0.000445094 0.00295781 0.0134458 0.0418351 0.0891356 0.130105 0.130146 0.0893377 0.0425133 0.0154035 0.00786759 0.011149 0.0203329 0.0334332 0.0479028 0.0597057 0.0647665 0.0612179 0.0505499 0.0366787 0.0237048 0.0140713 0.00816601 0.00508332
 1.03715e-16 5.17212e-05 0.000502749 0.00334094 0.0151875 0.047254 0.10068 0.146951 0.146976 0.100802 0.0476629 0.01637 0.00631463 0.00701209 0.0124658 0.0206603 0.0300651 0.0384413 0.0435074 0.0441514 0.0410062 0.0358661 0.0304686 0.0256462 0.0213554 0.0172597
 1.00139e-16 8.14074e-05 0.000791309 0.00525852 0.0239045 0.0743757 0.158465 0.231285 0.231286 0.15847 0.0743898 0.0239452 0.00536085 0.00101491 0.000506705 0.000710495 0.00101947 0.00129 0.0014368 0.0014224 0.00127412 0.00106349 0.000861194 0.000703253 0.000588053 0.000495809
 1.00474e-16 1.54059e-05 0.000149751 0.000995149 0.00452385 0.0140758 0.0299928 0.0437917 0.0438693 0.0303721 0.0153487 0.0081982 0.0102095 0.0202355 0.038076 0.0626974 0.0897871 0.111795 0.121042 0.11399 0.0934267 0.0667225 0.0416341 0.0228396 0.0111745 0.00503679
 1.15659e-16 2.11236e-05 0.000205329 0.00136448 0.00620276 0.0192992 0.0411198 0.0600199 0.0600412 0.0412238 0.0196505 0.00722724 0.00397268 0.00601982 0.0114164 0.0197556 0.0305766 0.0428388 0.0553028 0.0670846 0.0776816 0.086379 0.0917286 0.0918632 0.0855935 0.0734115
 1.05141e-16 7.35489e-05 0.000714922 0.00475091 0.0215969 0.0671961 0.143169 0.20896 0.208964 0.143188 0.0672621 0.021788 0.00523262 0.00177368 0.00210616 0.00342498 0.00507265 0.00670236 0.00803171 0.00897662 0.00970437 0.0104905 0.01148 0.0125437 0.0133316 0.0134669
 1.01085e-16 6.71918e-05 0.000653128 0.00434026 0.0197302 0.0613881 0.130795 0.190902 0.190919 0.130876 0.0616618 0.0205202 0.00632167 0.00497352 0.0082577 0.0135069 0.0193614 0.0241614 0.0262685 0.0249364 0.020768 0.0153364 0.0102791 0.00655702 0.0042998 0.00311999
 1.0022e-16 7.75887e-05 0.00075419 0.00501186 0.0227832 0.070887 0.151032 0.220437 0.220442 0.151057 0.0709692 0.0230205 0.0056075 0.00205393 0.0025444 0.0040792 0.00585808 0.00734346 0.00804417 0.00773309 0.00657737 0.00502499 0.00353964 0.00239016 0.00161456 0.00111738
 1.00167e-16 7.33554e-05 0.00071304 0.0047384 0.0215401 0.0670193 0.142792 0.208411 0.208422 0.142842 0.0671857 0.0220206 0.00594354 0.0033408 0.0050549 0.00821687 0.0117736 0.0146871 0.0159543 0.0151136 0.0125222 0.00912826 0.00592505 0.00350516 0.00196835 0.00110915
 1.00687e-16 5.77302e-05 0.000561158 0.00372909 0.0169519 0.0527439 0.112377 0.164024 0.164051 0.112509 0.0531851 0.0182257 0.00692469 0.00753136 0.0132782 0.0218146 0.0313112 0.0391451 0.0426805 0.0406954 0.0341128 0.025396 0.0171134 0.0107804 0.00663842 0.00416268
 1.00281e-16 7.88012e-05 0.000765976 0.00509018 0.0231392 0.0719947 0.153392 0.223882 0.223885 0.153409 0.0720503 0.0232998 0.00549354 0.00164712 0.00175399 0.00277939 0.00400614 0.00505773 0.00560732 0.0055024 0.00484699 0.00392367 0.00301883 0.00228944 0.00174883 0.00133765
 1.00031e-16 8.00027e-05 0.000777655 0.00516779 0.023492 0.0730924 0.155731 0.227295 0.227298 0.155744 0.0731368 0.0236202 0.00548924 0.00147844 0.00140817 0.00219412 0.00313589 0.00390736 0.00423644 0.00399972 0.00329368 0.00237375 0.00150818 0.000857901 0.000450811 0.000231215
 1.00016e-16 8.06464e-05 0.000783912 0.00520937 0.023681 0.0736805 0.156984 0.229123 0.229125 0.156994 0.073713 0.0237748 0.00544438 0.00129625 0.00105161 0.00160548 0.00229221 0.00285549 0.00309489 0.00291999 0.00240126 0.00172562 0.00108953 0.000611187 0.000311523 0.000150249
 1.00426e-16 2.53818e-05 0.000246721 0.00163955 0.00745319 0.02319 0.0494111 0.0721308 0.0721965 0.0497322 0.0242677 0.010564 0.0094411 0.0172539 0.0322554 0.0531014 0.076062 0.0947434 0.102648 0.0967824 0.0794908 0.0569905 0.0358189 0.0199135 0.00997597 0.00466518
 1.00683e-16 7.90503e-05 0.000768397 0.00510627 0.0232124 0.0722223 0.153877 0.224589 0.22459 0.153886 0.0722504 0.0232941 0.00531284 0.00122422 0.000958963 0.00149715 0.00223441 0.00298622 0.00361585 0.004049 0.00429299 0.00439316 0.00436718 0.00418277 0.00379694 0.00321357
 1.00489e-16 5.9255e-05 0.000575979 0.00382759 0.0173997 0.054137 0.115346 0.168356 0.168382 0.115474 0.0545696 0.0186486 0.00695976 0.00740421 0.0129999 0.0213258 0.0305465 0.0380597 0.0412593 0.03895 0.0320796 0.0231464 0.014769 0.00851293 0.00463618 0.00257553
 1.0055e-16 7.43761e-05 0.000722962 0.00480434 0.0218398 0.0679519 0.144779 0.211311 0.211318 0.144817 0.0680783 0.0222052 0.00572193 0.00272719 0.00388395 0.00631126 0.00910232 0.0114817 0.0127094 0.0124371 0.0109023 0.00875217 0.00664592 0.00494985 0.00370207 0.00277138
 1.00676e-16 6.04858e-05 0.000587944 0.00390709 0.0177611 0.0552615 0.117741 0.171852 0.171876 0.117859 0.0556567 0.0189023 0.00676977 0.0068311 0.0118994 0.019529 0.0280151 0.0349943 0.0381014 0.0362443 0.0302635 0.022388 0.0149429 0.00930116 0.00567666 0.00357806
 1.00711e-16 7.25212e-05 0.000704932 0.00468452 0.0212952 0.0662572 0.141168 0.206041 0.206051 0.141215 0.0664134 0.0217466 0.00581806 0.00318064 0.00477774 0.00779238 0.0112374 0.0141692 0.0156744 0.0153238 0.0134141 0.01075 0.00815072 0.00607087 0.00455536 0.00343581
 1.02472e-16 1.6921e-05 0.000164478 0.00109302 0.00496874 0.01546 0.0329418 0.0480944 0.0481654 0.0332888 0.0166249 0.00833215 0.00953102 0.0185693 0.0349257 0.0575929 0.0826814 0.103378 0.112741 0.10756 0.0902872 0.0674417 0.0458031 0.0293484 0.0186686 0.012321
 1.03132e-16 7.14381e-05 0.000694404 0.00461456 0.0209771 0.0652676 0.13906 0.202963 0.202967 0.13908 0.0653344 0.0211716 0.00510875 0.00179316 0.00221649 0.00370291 0.00567946 0.00787328 0.0100311 0.0119933 0.0137071 0.0151107 0.0160124 0.0161141 0.0151895 0.0132682
 1.01489e-16 6.26136e-05 0.000608627 0.00404454 0.0183859 0.0572055 0.121883 0.177896 0.177918 0.121987 0.0575552 0.0193955 0.00657704 0.00613121 0.0105339 0.0172712 0.0247712 0.030939 0.0336911 0.032082 0.0268845 0.0200992 0.0137945 0.00916277 0.00633297 0.00478691
 1.03676e-16 3.146e-05 0.000305802 0.00203217 0.00923796 0.028743 0.0612418 0.0893948 0.089445 0.0614871 0.0295666 0.0116172 0.00800525 0.0133481 0.0248096 0.0409861 0.0590837 0.0743828 0.0820692 0.0798818 0.0694213 0.0550035 0.0410422 0.0300161 0.0221941 0.0166534
 1.03374e-16 6.80197e-05 0.000661175 0.00439374 0.0199733 0.0621445 0.132406 0.193252 0.19326 0.132448 0.0622872 0.0203867 0.00543605 0.00295201 0.00446403 0.00739044 0.0109149 0.0142995 0.0168226 0.0181247 0.0183607 0.0179776 0.0173204 0.0164153 0.0150752 0.013166
 1.01553e-16 6.41566e-05 0.000623625 0.00414421 0.018839 0.0586151 0.124886 0.182279 0.182298 0.12498 0.0589278 0.0197419 0.0064095 0.00556522 0.00943877 0.0154758 0.0222252 0.0278207 0.0304102 0.0291485 0.0247094 0.0188458 0.0133612 0.00928296 0.00671092 0.0051963
 1.03581e-16 3.08496e-05 0.000299869 0.00199274 0.00905872 0.0281853 0.0600537 0.0876609 0.0877125 0.0603056 0.029031 0.0115015 0.00812474 0.0136866 0.025456 0.0420372 0.0605551 0.0761453 0.0838492 0.0813472 0.0703114 0.0552304 0.0407053 0.0293367 0.0214165 0.0159659
 1.0525e-16 6.01055e-05 0.000584247 0.00388253 0.0176494 0.0549139 0.117 0.170768 0.170781 0.117065 0.0551313 0.0182792 0.00547097 0.00407674 0.00676593 0.0112805 0.0166869 0.0219065 0.0258507 0.027971 0.0284883 0.0280534 0.0271548 0.0258031 0.0237044 0.0206709
 1.0223e-16 6.6268e-05 0.000644149 0.0042806 0.019459 0.0605442 0.128996 0.188277 0.188293 0.129073 0.0608005 0.0201991 0.00613811 0.00469859 0.00776503 0.0127292 0.0183249 0.0230361 0.0253698 0.0246495 0.0214204 0.0170806 0.0130403 0.0100598 0.00814972 0.00690485
 1.03624e-16 2.95543e-05 0.000287278 0.00190907 0.00867838 0.027002 0.0575325 0.0839818 0.0840359 0.0577972 0.0278904 0.0112442 0.00834848 0.0143406 0.0267075 0.0440744 0.0634119 0.0795772 0.087335 0.0842522 0.0721391 0.0558148 0.0402406 0.0282502 0.0201798 0.01494
 1.03056e-16 6.95314e-05 0.00067587 0.00449139 0.0204172 0.0635256 0.135348 0.197546 0.197554 0.135384 0.0636463 0.0207669 0.00537381 0.00261759 0.00380229 0.00629331 0.00933207 0.0123033 0.0146103 0.0159479 0.0164212 0.0163568 0.0159828 0.0152701 0.0140443 0.0122189
pSPR Fmed_Fpbrs
1   0.982602 0.6 0.325 0.982602 0.982602 0.982602
Fs Fmed_Fpbrs
0   0.01 0.327404 0.830552 0.01 0.01 0.01
SSBpbr Bo_Bmed_Bpbrs
253430  240759  236350 139387 69693.3 236350 236350 236350
Ro
67919.2
SPR SPRFo_SPRFmed_SPRFpbrs
489313 489313 480800
Fref
0
Nvult_r0
 67898.6 5773.1 4556.22 447.747 74.0339
CTP_r0
 29722.2 3362.08 2653.41 260.754 43.1151
YTP_r0
356328
Np
 81695.6 30054.1 11056.3 4067.38 2046.77
Nvult_p0
 51641.5 18997.8 6988.91 2571.08 1293.8
CTP_p0
 0 0 0 0 0
 0 0 0 0 0
 0 0 0 0 0
 0 0 0 0 0
 0 0 0 0 0
 0 0 0 0 0
YTP_p0
 0 0 0 0 0 0
CBA_c0
0
log_Ro
10.9461
likeval ReclasPelacesDesembMPH_pf_preclas_ppelaces_ptallas_desvR_qrecl_qpela
 34.8972 27.2757 0.166066 71.4674 286.939 141.382 127.188 0 49.3603 0.000150906 0.000273362 0.00884067 2070.8 0 0
q_reclas_q_pelaces
5.68183 10.3627
M
1
N
 25321 20439.6 66061.3 8739.82 0.117357
 17973.5 7727.55 5380.7 17390.5 2300.78
 173457 3528.47 923.039 642.713 2352.09
 44706.4 33995.5 420.213 109.927 356.657
 14047.3 6324.41 2257.99 27.9107 30.9907
 280563 1675.3 309.392 110.462 2.88148
 19278.2 72280.8 325.606 60.1324 22.029
 6208.35 3292.89 6728.93 30.312 7.64874
 41823.1 1682.61 700.823 1432.11 8.07917
 22361.2 7101.05 154.967 64.5453 132.641
 46951 1673.21 150.735 3.28951 4.18568
 121309 12608.7 350.305 31.5581 1.56502
 47796.9 20404.4 1141.9 31.7252 2.99977
 60934.1 5936.7 1073.55 60.079 1.827
 51135.9 1897.96 26.2237 4.74209 0.273453
 266531 4836.77 61.3009 0.846982 0.161994
 25947.7 45965.4 458.09 5.8058 0.0955599
 355149 5035.84 5378.87 53.6057 0.690576
 172950 71132.8 623.512 665.984 6.72268
 283228 21248.9 3670.21 32.1711 34.7094
 186239 50177.9 2111.89 364.777 6.64715
 386770 36756.5 6051.05 254.678 44.7908
 25159.8 68565.2 3657.33 602.088 29.7975
 152050 5280.78 9231.95 492.44 85.0801
 158512 32976 753.973 1318.11 82.4566
 39145.1 36533.2 5250.11 120.04 222.984
 118697 9604.85 6506.58 935.046 61.0927
 147036 25293 1328.75 900.13 137.807
 38629.5 36746.1 4655.27 244.561 191.036
 73779.4 9882.21 7052.34 893.445 83.6004
 110405 16702.9 1523.74 1087.4 150.65
 23430.9 23541.8 2313.49 211.05 171.48
 81695.6 6352.59 5013.57 492.691 81.4653
pred_Ctot
 2769.73 3775.92 12203.9 1614.56 0.02168
 5572.37 3602.2 2508.21 8106.6 1072.51
 53886.6 1647.51 430.985 300.095 1098.24
 18756.3 20033.8 247.635 64.7807 210.181
 6553.85 4021.68 1435.85 17.7484 19.7069
 54709.1 525.738 97.0924 34.6647 0.904255
 6939.77 37941.1 170.915 31.5643 11.5633
 1059.19 916.808 1873.47 8.43949 2.12957
 15140.6 887.094 369.482 755.027 4.25943
 12708.3 5146.2 112.306 46.7766 96.1259
 8220.89 476.889 42.9617 0.93756 1.19298
 44299 6692.33 185.932 16.7501 0.830668
 21791.1 12766.4 714.45 19.8495 1.87687
 42018 4820.44 871.69 48.7825 1.48347
 26666.2 1301.62 17.9842 3.25212 0.187533
 95073.1 2520.9 31.9497 0.441442 0.0844302
 8156.84 21668.7 215.95 2.73693 0.0450482
 107388 2300.12 2456.8 24.4844 0.315421
 79349.1 44704.2 391.853 418.546 4.22495
 98392 10848 1873.71 16.424 17.7198
 57363.6 23266.4 979.241 169.14 3.08215
 134276 18755.5 3087.64 129.953 22.8551
 7145.62 29742.3 1586.48 261.175 12.9256
 41168.1 2201.16 3848.11 205.261 35.4635
 38864.8 12637.2 288.942 505.133 31.5994
 8515.28 12624 1814.17 41.4797 77.0518
 32989.6 4092.09 2772.09 398.371 26.0282
 30753.1 8444.28 443.614 300.516 46.0082
 7660.45 11704.8 1482.86 77.9009 60.8514
 18654 3887.68 2774.4 351.482 32.8885
 30654.9 7110.38 648.65 462.903 64.1314
 3993.41 6548.48 643.529 58.7064 47.6995
 29722.2 3362.08 2653.41 260.754 43.1151
F
 0.186844 0.334656 0.334656 0.334656 0.334656
 0.628037 1.12488 1.12488 1.12488 1.12488
 0.629702 1.12786 1.12786 1.12786 1.12786
 0.955699 1.71175 1.71175 1.71175 1.71175
 1.12644 2.01756 2.01756 2.01756 2.01756
 0.356241 0.638062 0.638062 0.638062 0.638062
 0.767207 1.37414 1.37414 1.37414 1.37414
 0.305547 0.547264 0.547264 0.547264 0.547264
 0.773207 1.38489 1.38489 1.38489 1.38489
 1.59259 2.85248 2.85248 2.85248 2.85248
 0.314718 0.563692 0.563692 0.563692 0.563692
 0.78259 1.4017 1.4017 1.4017 1.4017
 1.08581 1.94478 1.94478 1.94478 1.94478
 2.46901 4.42224 4.42224 4.42224 4.42224
 1.35824 2.43274 2.43274 2.43274 2.43274
 0.757601 1.35694 1.35694 1.35694 1.35694
 0.639502 1.14541 1.14541 1.14541 1.14541
 0.607989 1.08897 1.08897 1.08897 1.08897
 1.0967 1.9643 1.9643 1.9643 1.9643
 0.730679 1.30872 1.30872 1.30872 1.30872
 0.622714 1.11534 1.11534 1.11534 1.11534
 0.730046 1.30758 1.30758 1.30758 1.30758
 0.561172 1.00511 1.00511 1.00511 1.00511
 0.528431 0.946472 0.946472 0.946472 0.946472
 0.467608 0.837532 0.837532 0.837532 0.837532
 0.405007 0.725408 0.725408 0.725408 0.725408
 0.546051 0.97803 0.97803 0.97803 0.97803
 0.386649 0.692527 0.692527 0.692527 0.692527
 0.36328 0.650671 0.650671 0.650671 0.650671
 0.485496 0.86957 0.86957 0.86957 0.86957
 0.545379 0.976827 0.976827 0.976827 0.976827
 0.305192 0.546629 0.546629 0.546629 0.546629
 0.778551 1.39446 1.39446 1.39446 1.39446
YTP_r0W_actual
 224106 58668.2 63867.5 8166.82 1519.81
YTP_p0W_proyectada
 0 0 0 0 0
 0 0 0 0 0
 0 0 0 0 0
 0 0 0 0 0
 0 0 0 0 0
 0 0 0 0 0
CTP_r0_actual
 29722.2 3362.08 2653.41 260.754 43.1151
CTP_p0_proyectada
 0 0 0 0 0
 0 0 0 0 0
 0 0 0 0 0
 0 0 0 0 0
 0 0 0 0 0
 0 0 0 0 0
Wmedp
 7.54 17.45 24.07 31.32 35.25
Frms_r0
 0.778551 1.39446 1.39446 1.39446 1.39446
Zrms_r0
 1.77855 2.39446 2.39446 2.39446 2.39446
nmprior
 7.29 8.9 8.7 0
nm_flota  nm_reclas  nm_pelaces    nm_pelaL
inf 21.3621 6.42822 13.5309
cv_recla  cv_pelaces  cv_mph
0.255797 0.476757 0.677815
 ------------------------------------------------
Talla a la edad & desviaci?n 
 8 13.2811 15.8009 17.003 17.5766
 0.8 1.32811 1.58009 1.7003 1.75766
