years
 1991 1992 1993 1994 1995 1996 1997 1998 1999 2000 2001 2002 2003 2004 2005 2006 2007 2008 2009 2010 2011 2012 2013 2014 2015 2016 2017 2018 2019 2020 2021 2022 2023
reclasobs
 0 0 0 0 0 0 0 0 0 252601 567819 844713 477998 351125 339783 2.1784e+06 2.13404e+06 4.81314e+06 1.55562e+06 2.62356e+06 3.21686e+06 3.843e+06 1.13348e+06 3.07943e+06 1.97215e+06 2.03268e+06 2.025e+06 2.42433e+06 2.27542e+06 1.05018e+06 2.36338e+06 3.18982e+06 1.53035e+06
reclaspred
 2.85735e+06 1.57564e+06 834228 874840 894223 1.26248e+06 721027 652576 450437 316590 560543 772927 602294 295708 471749 1.56967e+06 1.62328e+06 2.81176e+06 2.03401e+06 2.10946e+06 3.61088e+06 2.65434e+06 1.98428e+06 2.95673e+06 2.28625e+06 2.07445e+06 2.33118e+06 2.59189e+06 2.25389e+06 1.7015e+06 1.94479e+06 2.09661e+06 1.65481e+06
pelacesobs
 0 0 0 0 0 0 0 0 0 0 0 0 0 0 0 552880 188675 0 991730 2.46772e+06 1.41603e+06 1.21717e+06 2.29649e+06 1.80582e+06 0 1.4828e+06 1.56532e+06 1.57751e+06 1.42118e+06 867257 1.10002e+06 1.06204e+06 0
pelacespred
 1.47972e+06 902902 468187 407075 441160 641328 328156 383077 247540 162158 299823 363417 302534 143962 256467 728569 755658 1.48436e+06 1.10996e+06 1.01587e+06 1.7699e+06 1.44543e+06 1.06524e+06 1.73077e+06 1.27218e+06 1.15304e+06 1.4856e+06 1.48359e+06 1.16195e+06 1.00772e+06 1.00632e+06 1.09722e+06 889799
mphobs
 0 0 0 0 0 0 0 0 0 0 0 0 498337 0 5186 125008 0 168611 109162 213762 579715 649985 157893 87575 83554 210694 70296 0 107559 103333 445601 22526 28222
mphpred
 482386 324604 158911 93377.7 106651 121626 137088 77484.1 70937.2 44848.7 29299.4 78009.2 93910.9 52191.1 20526 49156.7 215007 212933 294718 309771 485915 535115 107044 84694.5 122502 100322 88158.4 91633.5 131589 102890 66822 92183.6 65767.6
desembarqueobs
 494567 514787 250237 358949 120608 361735 552515 73892 212993 205616 52469 317467 293654 387597 252695 516296 358380 742168 942051 627588 828172 859565 418607 520667 417249 300574 415391 372974 316634 284311 391294 218835 356480
desembarquepred
 494572 513456 250931 359009 120617 361786 552667 73899.9 213089 205699 52470.8 317514 293862 388052 252649 516261 358450 742186 942037 627414 828318 859719 418668 520724 417246 300586 415417 372961 316624 284279 391271 218856 356522
Reclutas
 193527 95900.9 122952 176428 145542 204216 85808.7 43198.2 36428.7 50981.3 149103 168586 76328.7 48764.6 101767 573858 121435 609561 336174 521965 482784 582721 110151 374379 346980 148725 306897 387794 148546 138982 266172 132391 211380
log_desv_Rt
 0.115538 -0.586561 -0.338086 0.0230372 -0.169411 0.169304 -0.697756 -1.38408 -1.55452 -1.21842 -0.145242 -0.0224285 -0.814827 -1.26287 -0.527193 1.20251 -0.350494 1.26286 0.667752 1.10772 1.02969 1.21783 -0.448028 0.775392 0.69939 -0.147774 0.576635 0.810599 -0.14898 -0.215529 0.434265 -0.264114 0.203781
SSB
 2.74698e+06 1.84848e+06 904927 531746 607332 692605 780659 441239 403957 255394 166847 444228 511499 290381 112772 271664 1.22437e+06 1.21256e+06 1.7288e+06 1.15718e+06 1.85709e+06 2.13829e+06 1.82716e+06 1.39674e+06 1.89912e+06 1.64484e+06 1.36758e+06 1.37065e+06 2.03625e+06 1.50344e+06 1.10414e+06 1.55699e+06 1.03398e+06
BT
 3.7735e+06 2.55194e+06 1.30859e+06 1.21876e+06 1.09307e+06 1.75533e+06 1.24958e+06 929623 775443 563901 721916 1.08394e+06 946240 728335 832048 2.06681e+06 1.98555e+06 3.99958e+06 3.4355e+06 2.84919e+06 4.63524e+06 4.11185e+06 2.77582e+06 4.39336e+06 3.26991e+06 2.86857e+06 3.77833e+06 3.71164e+06 2.88595e+06 2.54941e+06 2.62502e+06 2.65227e+06 2.32936e+06
Ftot
 0.164868 0.298862 0.290865 0.471918 0.148342 0.339113 0.736494 0.123502 0.506972 0.707065 0.139144 0.485438 0.501796 1.35617 0.820406 0.524918 0.229658 0.33883 0.503968 0.3771 0.264053 0.365182 0.207191 0.223465 0.200365 0.151727 0.218712 0.190165 0.136993 0.172385 0.249759 0.108745 0.251103
BD_Bspro_t
 0.974184 0.82764 0.658303 0.585287 0.591263 0.665214 0.617684 0.439002 0.506042 0.437861 0.403119 0.7111 0.610308 0.421199 0.231128 0.417078 0.657972 0.632564 0.658122 0.544261 0.610822 0.636988 0.632835 0.611865 0.709724 0.726588 0.73057 0.750344 0.804935 0.758143 0.72233 0.76446 0.766414
BD_Bspro
 2.21156 1.48819 0.728545 0.428102 0.488955 0.557607 0.628498 0.355235 0.32522 0.205615 0.134327 0.357643 0.411801 0.233782 0.0907915 0.218713 0.985724 0.976216 1.39184 0.931629 1.49512 1.72151 1.47103 1.1245 1.52896 1.32424 1.10102 1.10349 1.63936 1.2104 0.888932 1.25351 0.832442
BD_Bo
 2.32312 1.56326 0.765296 0.449697 0.51362 0.585736 0.660203 0.373155 0.341626 0.215987 0.141103 0.375684 0.432575 0.245575 0.0953715 0.229746 1.03545 1.02546 1.46205 0.978626 1.57054 1.80835 1.54523 1.18122 1.60609 1.39104 1.15656 1.15916 1.72205 1.27146 0.933775 1.31675 0.874435
BD_Brms
 2.48742 1.67382 0.819422 0.481502 0.549946 0.627162 0.706896 0.399547 0.365788 0.231262 0.151082 0.402254 0.463169 0.262943 0.102117 0.245995 1.10868 1.09799 1.56545 1.04784 1.68162 1.93625 1.65452 1.26477 1.71968 1.48942 1.23836 1.24114 1.84385 1.36138 0.999816 1.40987 0.936279
Sel_flota
 0.46001 0.941813 0.996759 0.999829 0.999991
 0.46001 0.941813 0.996759 0.999829 0.999991
 0.46001 0.941813 0.996759 0.999829 0.999991
 0.46001 0.941813 0.996759 0.999829 0.999991
 0.46001 0.941813 0.996759 0.999829 0.999991
 0.46001 0.941813 0.996759 0.999829 0.999991
 0.46001 0.941813 0.996759 0.999829 0.999991
 0.46001 0.941813 0.996759 0.999829 0.999991
 0.46001 0.941813 0.996759 0.999829 0.999991
 0.46001 0.941813 0.996759 0.999829 0.999991
 0.46001 0.941813 0.996759 0.999829 0.999991
 0.46001 0.941813 0.996759 0.999829 0.999991
 0.46001 0.941813 0.996759 0.999829 0.999991
 0.46001 0.941813 0.996759 0.999829 0.999991
 0.46001 0.941813 0.996759 0.999829 0.999991
 0.46001 0.941813 0.996759 0.999829 0.999991
 0.46001 0.941813 0.996759 0.999829 0.999991
 0.46001 0.941813 0.996759 0.999829 0.999991
 0.46001 0.941813 0.996759 0.999829 0.999991
 0.46001 0.941813 0.996759 0.999829 0.999991
 0.46001 0.941813 0.996759 0.999829 0.999991
 0.46001 0.941813 0.996759 0.999829 0.999991
 0.46001 0.941813 0.996759 0.999829 0.999991
 0.46001 0.941813 0.996759 0.999829 0.999991
 0.46001 0.941813 0.996759 0.999829 0.999991
 0.46001 0.941813 0.996759 0.999829 0.999991
 0.46001 0.941813 0.996759 0.999829 0.999991
 0.46001 0.941813 0.996759 0.999829 0.999991
 0.46001 0.941813 0.996759 0.999829 0.999991
 0.46001 0.941813 0.996759 0.999829 0.999991
 0.46001 0.941813 0.996759 0.999829 0.999991
 0.46001 0.941813 0.996759 0.999829 0.999991
 0.46001 0.941813 0.996759 0.999829 0.999991
Sel_reclas
 1 1 1 1 1
 1 1 1 1 1
 1 1 1 1 1
 1 1 1 1 1
 1 1 1 1 1
 1 1 1 1 1
 1 1 1 1 1
 1 1 1 1 1
 1 1 1 1 1
 1 1 1 1 1
 1 1 1 1 1
 1 1 1 1 1
 1 1 1 1 1
 1 1 1 1 1
 1 1 1 1 1
 1 1 1 1 1
 1 1 1 1 1
 1 1 1 1 1
 1 1 1 1 1
 1 1 1 1 1
 1 1 1 1 1
 1 1 1 1 1
 1 1 1 1 1
 1 1 1 1 1
 1 1 1 1 1
 1 1 1 1 1
 1 1 1 1 1
 1 1 1 1 1
 1 1 1 1 1
 1 1 1 1 1
 1 1 1 1 1
 1 1 1 1 1
 1 1 1 1 1
Sel_pelaces
 1 1 1 1 1
 1 1 1 1 1
 1 1 1 1 1
 1 1 1 1 1
 1 1 1 1 1
 1 1 1 1 1
 1 1 1 1 1
 1 1 1 1 1
 1 1 1 1 1
 1 1 1 1 1
 1 1 1 1 1
 1 1 1 1 1
 1 1 1 1 1
 1 1 1 1 1
 1 1 1 1 1
 1 1 1 1 1
 1 1 1 1 1
 1 1 1 1 1
 1 1 1 1 1
 1 1 1 1 1
 1 1 1 1 1
 1 1 1 1 1
 1 1 1 1 1
 1 1 1 1 1
 1 1 1 1 1
 1 1 1 1 1
 1 1 1 1 1
 1 1 1 1 1
 1 1 1 1 1
 1 1 1 1 1
 1 1 1 1 1
 1 1 1 1 1
 1 1 1 1 1
pf_obs 
 0.8446 0.082 0.0669 0.0065 0
 0.8095 0.147 0.0364 0.0071 0
 0.9664 0.0169 0.016 0.0007 0
 0.9276 0.0648 0.0075 0.0001 0
 0.7033 0.2144 0.0806 0.0017 0
 0.9318 0.0425 0.0243 0.0014 0
 0.5671 0.3108 0.0964 0.0239 0.0018
 0.0768 0.2599 0.5324 0.112 0.0189
 0.490249 0.384438 0.106611 0.0170017 0.00170017
 0.7925 0.1577 0.0466 0.003 0.0002
 0.840416 0.127587 0.0312969 0.00059994 9.999e-05
 0.8084 0.0986 0.0794 0.0134 0.0002
 0.7335 0.1905 0.0724 0.0035 0.0001
 0.4001 0.4547 0.1325 0.0127 0
 0.49795 0.308269 0.164784 0.0264974 0.00249975
 0.9179 0.0499 0.0305 0.0017 0
 0.2467 0.6533 0.0926 0.0074 0
 0.9418 0.0223 0.034 0.0019 0
 0.707729 0.231977 0.0356964 0.0245975 0
 0.517169 0.277429 0.184464 0.0207286 0.00020938
 0.811772 0.124168 0.05621 0.00726502 0.000585176
 0.764997 0.148141 0.077277 0.00933861 0.000247198
 0.163321 0.427699 0.378323 0.0303852 0.000271297
 0.753843 0.0900009 0.118128 0.0371064 0.000921714
 0.721811 0.176058 0.0630433 0.0369309 0.00215725
 0.143369 0.312575 0.442814 0.0836902 0.0175525
 0.692698 0.0596174 0.167031 0.0765114 0.00414204
 0.394062 0.376323 0.152708 0.0712218 0.00568511
 0.125707 0.32114 0.495352 0.0537591 0.00404204
 0.23352 0.215282 0.420074 0.123614 0.00750983
 0.796117 0.104755 0.0508955 0.0450114 0.00322123
 0.162477 0.292055 0.404252 0.121198 0.0200186
 0 0 0 0 0
pf_pred 
 0.353627 0.127631 0.491006 0.0277347 1.06871e-06
 0.288557 0.383708 0.067862 0.246021 0.0138523
 0.492713 0.238457 0.14943 0.0247919 0.0946077
 0.618557 0.259779 0.0591762 0.0347899 0.0276974
 0.524452 0.374272 0.0705325 0.0149834 0.01576
 0.596431 0.280146 0.0983556 0.0174757 0.00759214
 0.363412 0.487322 0.105696 0.0347466 0.00882359
 0.359688 0.374223 0.207473 0.0415591 0.0170561
 0.412297 0.316263 0.162505 0.0849982 0.0239365
 0.624503 0.233879 0.0787806 0.0376795 0.0251582
 0.816293 0.14773 0.0230807 0.00718804 0.00570825
 0.612537 0.349244 0.031088 0.00458002 0.00255071
 0.392438 0.475125 0.120191 0.00996848 0.0022775
 0.446163 0.332833 0.175501 0.0413102 0.00419229
 0.811147 0.135323 0.0335167 0.0159114 0.00410143
 0.916988 0.0761015 0.00506848 0.00115516 0.000686565
 0.264612 0.707332 0.0258717 0.00160367 0.00058039
 0.772206 0.0976707 0.125447 0.00431427 0.000362968
 0.453928 0.482466 0.0282992 0.0340417 0.00126468
 0.646509 0.2314 0.108767 0.00594109 0.00738328
 0.55233 0.35922 0.0592266 0.0260453 0.00317871
 0.584324 0.301081 0.093092 0.0144144 0.00708798
 0.18938 0.61253 0.146082 0.0422779 0.0097295
 0.630043 0.121503 0.190521 0.0427609 0.0151727
 0.527203 0.371691 0.0346028 0.051036 0.0154666
 0.310083 0.482242 0.16541 0.0144966 0.027768
 0.596141 0.194426 0.148982 0.0481809 0.01227
 0.593809 0.30834 0.0486236 0.0350517 0.0141748
 0.300262 0.526484 0.133441 0.0198169 0.0199961
 0.39032 0.285182 0.247669 0.0592183 0.0176106
 0.624078 0.21596 0.0772305 0.0631928 0.0195386
 0.371331 0.490563 0.0814818 0.0273871 0.0292374
 0.560725 0.2396 0.157789 0.0247451 0.017141
pobs_RECLAS
 0 0 0 0 0
 0 0 0 0 0
 0 0 0 0 0
 0 0 0 0 0
 0 0 0 0 0
 0 0 0 0 0
 0 0 0 0 0
 0 0 0 0 0
 0 0 0 0 0
 0 0 0 0 0
 0.991045 0.00858322 0.000360255 1.14367e-05 0
 0.934742 0.0480273 0.0164251 0.00080598 0
 0.827803 0.169806 0.00239088 0 0
 0.941827 0.0461693 0.0120037 0 0
 0.791401 0.0380133 0.147996 0.0225897 0
 0.846168 0.0940531 0.0597789 0 0
 0.134021 0.677848 0.182769 0.00536245 0
 0.80878 0.0450904 0.141981 0.00414843 0
 0.846168 0.0940531 0.0597789 0 0
 0.905697 0.0802665 0.012482 0.00150086 5.37128e-05
 0.989698 0.0102097 9.19794e-05 0 0
 0.975433 0.0193895 0.00387452 0.00125025 5.28907e-05
 0.303575 0.632131 0.0575291 0.00676475 0
 0.966965 0.00978017 0.0227588 0.000495775 0
 0.843318 0.132988 0.00938335 0.0141283 0.000182051
 0.564624 0.303363 0.111486 0.0197234 0.00080311
 0.826376 0.0876187 0.0782897 0.00655872 0.00115652
 0.89761 0.0855135 0.0140674 0.00269457 0.000114338
 0.34875 0.467042 0.161289 0.0227151 0.000203297
 0.318654 0.224769 0.449479 0.00709798 0
 0.937255 0.0296025 0.0250945 0.00804832 0
 0.456809 0.399803 0.12412 0.0192676 0
 0.883104 0.0372192 0.0704036 0.00927362 0
ppred_RECLAS
 0.541584 0.094784 0.344247 0.0193843 7.46815e-07
 0.464046 0.297153 0.0495718 0.179144 0.0100851
 0.675331 0.157461 0.0930795 0.0153939 0.0587345
 0.776203 0.155369 0.0333396 0.0195369 0.0155513
 0.697 0.241389 0.0429501 0.00909557 0.00956542
 0.757935 0.171049 0.0566292 0.0100298 0.0043566
 0.553205 0.347016 0.0707249 0.0231715 0.00588314
 0.542107 0.27403 0.143461 0.0286475 0.0117552
 0.6027 0.219844 0.10638 0.0554604 0.0156156
 0.784089 0.137672 0.0435897 0.0207781 0.0138709
 0.90249 0.0792973 0.0116978 0.00363173 0.00288359
 0.769541 0.208936 0.0175179 0.00257243 0.00143239
 0.57902 0.333468 0.0794441 0.00656753 0.00150023
 0.65201 0.214985 0.105704 0.024786 0.00251485
 0.903933 0.0700765 0.016295 0.00770914 0.0019868
 0.958971 0.0378002 0.00237047 0.00053849 0.000319994
 0.427283 0.552058 0.0190553 0.00117744 0.000426062
 0.879421 0.0534442 0.0647291 0.00221903 0.00018666
 0.637685 0.322365 0.0178069 0.0213506 0.000793059
 0.795603 0.136518 0.0604929 0.00329368 0.00409253
 0.721186 0.226297 0.035202 0.0154315 0.00188303
 0.748591 0.185047 0.0539426 0.00832581 0.00409336
 0.328684 0.514428 0.115794 0.0334071 0.00768678
 0.785519 0.0732429 0.108385 0.0242498 0.00860306
 0.69993 0.23887 0.0209894 0.0308605 0.00935082
 0.485149 0.366098 0.118558 0.010358 0.0198375
 0.758769 0.119678 0.0865471 0.0279016 0.00710443
 0.753754 0.189555 0.0282156 0.0202764 0.00819839
 0.472652 0.402405 0.0963029 0.0142572 0.0143837
 0.576598 0.20421 0.167421 0.0399058 0.0118654
 0.779019 0.130161 0.0439208 0.0358244 0.0110747
 0.551623 0.354304 0.0555754 0.0186217 0.0198765
 0.730772 0.15076 0.0936802 0.014645 0.0101429
pobs_PELACES
 0 0 0 0 0
 0 0 0 0 0
 0 0 0 0 0
 0 0 0 0 0
 0 0 0 0 0
 0 0 0 0 0
 0 0 0 0 0
 0 0 0 0 0
 0 0 0 0 0
 0 0 0 0 0
 0 0 0 0 0
 0 0 0 0 0
 0 0 0 0 0
 0 0 0 0 0
 0 0 0 0 0
 0 0 0 0 0
 0.505614 0.472636 0.0217494 0 0
 0 0 0 0 0
 0.443492 0.261883 0.143347 0.151278 0
 0.227955 0.32914 0.350689 0.0885471 0.00366901
 0.970185 0.0296113 0.000203453 0 0
 0.997202 0.00247181 0.000326279 0 0
 0.445219 0.490057 0.0546422 0.010081 0
 0.90214 0.0892962 0.00764917 0.000914606 0
 0 0 0 0 0
 0.581667 0.319106 0.0959925 0.00289975 0.000334073
 0.762889 0.0836404 0.116647 0.0363945 0.000428098
 0.88444 0.0763242 0.0277011 0.0115352 0
 0.521256 0.241999 0.230069 0.00667565 0
 0.616807 0.101726 0.260614 0.0208532 0
 0.833518 0.0704572 0.0857862 0.0102388 0
 0.697417 0.212968 0.0787535 0.0105354 0.000325836
 0 0 0 0 0
ppred_PELACES
 0.548673 0.0935403 0.338716 0.0190697 7.34687e-07
 0.47651 0.290974 0.0482787 0.174418 0.00981888
 0.685987 0.152717 0.0898005 0.0148472 0.0566478
 0.789413 0.146591 0.0311879 0.0182673 0.0145404
 0.702074 0.237479 0.0421408 0.00892285 0.0093837
 0.768014 0.164226 0.054037 0.00956736 0.00415567
 0.582669 0.32511 0.0653813 0.0214048 0.00543438
 0.547202 0.271227 0.141676 0.0282876 0.0116074
 0.622817 0.209589 0.100489 0.0523625 0.0147429
 0.803264 0.126042 0.039399 0.0187671 0.0125279
 0.904461 0.0777317 0.011438 0.00355055 0.00281912
 0.783084 0.196821 0.0163574 0.00240085 0.00133682
 0.598791 0.31841 0.0751696 0.00621101 0.00141875
 0.701185 0.186356 0.0894013 0.0209345 0.00212392
 0.914997 0.0622597 0.0142635 0.00674246 0.00173759
 0.962159 0.0348891 0.00216719 0.000492049 0.000292389
 0.436278 0.543469 0.0186809 0.00115404 0.000417588
 0.885366 0.0509835 0.0613707 0.00210318 0.000176912
 0.65622 0.30619 0.0167596 0.0200846 0.000746015
 0.805538 0.130179 0.0572909 0.00311815 0.00387434
 0.72973 0.219564 0.0339915 0.0148969 0.00181776
 0.759682 0.177196 0.051313 0.00791701 0.0038923
 0.336192 0.509128 0.114171 0.032932 0.00757738
 0.79189 0.0712596 0.105024 0.0234924 0.00833427
 0.706737 0.23363 0.0204545 0.0300681 0.0091106
 0.491377 0.36196 0.116896 0.0102113 0.0195562
 0.765441 0.116604 0.0839905 0.0270714 0.00689296
 0.759472 0.185305 0.027488 0.0197497 0.00798535
 0.478232 0.398383 0.095104 0.0140777 0.0142026
 0.583673 0.201127 0.164378 0.0391738 0.0116477
 0.786101 0.126231 0.0424022 0.034577 0.010689
 0.556 0.350994 0.0549477 0.0184093 0.0196498
 0.738944 0.14648 0.090607 0.014161 0.00980758
pobs_pel_tallas
 0 0 0 0 0 0 0 0 0 0 0 0 0 0 0 0 0 0 0 0 0 0 0 0 0 0
 0 0 0 0 0 0 0 0 0 0 0 0 0 0 0 0 0 0 0 0 0 0 0 0 0 0
 0 0 0 0 0 0 0 0 0 0 0 0 0 0 0 0 0 0 0 0 0 0 0 0 0 0
 0 0 0 0 0 0 0 0 0 0 0 0 0 0 0 0 0 0 0 0 0 0 0 0 0 0
 0 0 0 0 0 0 0 0 0 0 0 0 0 0 0 0 0 0 0 0 0 0 0 0 0 0
 0 0 0 0 0 0 0 0 0 0 0 0 0 0 0 0 0 0 0 0 0 0 0 0 0 0
 0 0 0 0 0 0 0 0 0 0 0 0 0 0 0 0 0 0 0 0 0 0 0 0 0 0
 0 0 0 0 0 0 0 0 0 0 0 0 0 0 0 0 0 0 0 0 0 0 0 0 0 0
 0 0 0 0 0 0 0 0 0 0 0 0 0 0 0 0 0 0 0 0 0 0 0 0 0 0
 0 0 0 0 0 0 0 0 0 0 0 0 0 0 0 0 0 0 0 0 0 0 0 0 0 0
 0 0 0 0 0 0 0 0 0 0 0 0 0 0 0 0 0 0 0 0 0 0 0 0 0 0
 0 0 0 0 0 0 0 0 0 0 0 0 0 0 0 0 0 0 0 0 0 0 0 0 0 0
 0.00862536 0 0 0.000197151 0.00414017 0.0128641 0.00837892 0.0270097 0.101434 0.158115 0.152841 0.127902 0.109271 0.109419 0.0830992 0.0579132 0.0238553 0.00714673 0.00463305 0.00128148 0.00103504 0.000492878 0.000147863 0.000147863 4.92878e-05 0
 0 0 0 0 0 0 0 0 0 0 0 0 0 0 0 0 0 0 0 0 0 0 0 0 0 0
 0 0 0 0 0 0 0 0.0054083 0.00873648 0.0413646 0.0450493 0.0745869 0.0622846 0.0627006 0.0613931 0.0827291 0.12552 0.122667 0.0946155 0.0697135 0.0546179 0.0294188 0.0215738 0.0213955 0.0102223 0.00600262
 0 0 0 0 0.00359764 0.0251062 0.0480494 0.140153 0.205849 0.193036 0.1447 0.116669 0.0760912 0.0342217 0.00950174 0.001854 0.000860785 0 0 0 0.000165536 0 0.000143464 0 0 0
 0 0 0 0 0 0 0 0.000145254 0.000435761 0.0275982 0.070085 0.0708112 0.156366 0.174668 0.174014 0.160142 0.0824315 0.0480064 0.0283245 0.00493863 0.00203355 0 0 0 0 0
 0 0 0 0 0 0 0 0 0 0 0 0 0 0 0 0 0 0 0 0 0 0 0 0 0 0
 0 0 1.00437e-05 0.000401748 0.00122533 0.00171747 0.00176769 0.0269171 0.070346 0.194647 0.189555 0.159765 0.064822 0.0314167 0.0384472 0.0292271 0.0345202 0.0313363 0.0194345 0.0106764 0.0143323 0.0359363 0.0279516 0.0138201 0.00172751 0
 0 0.0021121 0.0136068 0.0755702 0.200478 0.177729 0.0527432 0.0373336 0.0318909 0.0142505 0.0149659 0.0166563 0.0217959 0.0798694 0.0677717 0.0528807 0.04013 0.0224614 0.0357745 0.0225083 0.00881397 0.00855152 0.00135912 0.000746735 0 0
 0 0 0 0 5.4009e-05 0.00500934 0.000945158 0.0243581 0.138947 0.33067 0.221406 0.137944 0.0707744 0.0437923 0.0131692 0.00525238 0.0047753 0.00276346 9.45158e-05 9.00151e-06 2.25038e-05 9.00151e-06 4.50075e-06 0 0 0
 0.000866109 0.00284123 0.00948549 0.0512746 0.133035 0.25785 0.225252 0.132002 0.0553304 0.0519788 0.0540692 0.017754 0.00435017 0.00159236 0.00146478 0.000404838 0.000125132 0.000115318 0.000107957 0.000100596 0 0 0 0 0 0
 0 0 0 0 0.00144013 0.00171154 0.00461396 0.0210425 0.0478622 0.0707936 0.0888783 0.103762 0.0637923 0.0337046 0.0602308 0.124433 0.169614 0.0934646 0.0462172 0.0250306 0.0313229 0.00938855 0.002487 0.000210481 0 0
 0 0.00764035 0.051015 0.0998891 0.058973 0.0496711 0.0374665 0.0718981 0.12319 0.153886 0.159021 0.0857701 0.0377988 0.023471 0.0147837 0.00900784 0.00315554 0.000888139 0.00291439 0.00214683 0.00393193 0.00274676 0.000635225 9.99891e-05 0 0
 0 0 0 0 0 0 0 0 0 0 0 0 0 0 0 0 0 0 0 0 0 0 0 0 0 0
 0 0 0 0 0 0 0 0 0 0 0 0 0 0 0 0 0 0 0 0 0 0 0 0 0 0
 0 0 0 0 0 0 0 0 0 0 0 0 0 0 0 0 0 0 0 0 0 0 0 0 0 0
 0 0 0 0 0 0 0 0 0 0 0 0 0 0 0 0 0 0 0 0 0 0 0 0 0 0
 0 0 0 0 0 0 0 0 0 0 0 0 0 0 0 0 0 0 0 0 0 0 0 0 0 0
 0 0 0 0 0 0 0 0 0 0 0 0 0 0 0 0 0 0 0 0 0 0 0 0 0 0
 0 0 0 0 0 0 0 0 0 0 0 0 0 0 0 0 0 0 0 0 0 0 0 0 0 0
 0 0 0 0 0 0 0 0 0 0 0 0 0 0 0 0 0 0 0 0 0 0 0 0 0 0
 0 0 0 0 0 0 0 0 0 0 0 0 0 0 0 0 0 0 0 0 0 0 0 0 0 0
ppred_pel_tallas
 1.11712e-16 4.51935e-05 0.000439297 0.00291928 0.0132706 0.04129 0.087973 0.128401 0.128411 0.0880197 0.0414485 0.0137349 0.00410909 0.00311708 0.00536591 0.00941107 0.014973 0.0217781 0.0294655 0.0376905 0.0460116 0.053583 0.0590224 0.0607907 0.0579514 0.0507785
 1.20621e-16 3.92496e-05 0.00038152 0.00253533 0.0115253 0.0358596 0.0764036 0.111519 0.111547 0.0765411 0.0363212 0.0128598 0.00588955 0.00771925 0.0140235 0.0232586 0.033851 0.0433773 0.049476 0.0512669 0.0499536 0.0479878 0.0474115 0.048648 0.0505003 0.0511035
 1.13706e-16 5.65039e-05 0.000549238 0.00364988 0.0165918 0.0516234 0.10999 0.160536 0.160551 0.110062 0.0518674 0.0172982 0.00542897 0.00445319 0.00753094 0.0125207 0.0184131 0.0239773 0.0280098 0.0300082 0.030455 0.0304023 0.03069 0.031428 0.0320637 0.0318429
 1.05231e-16 6.5023e-05 0.000632046 0.00420017 0.0190934 0.0594066 0.126573 0.184739 0.184754 0.126642 0.059639 0.0197647 0.0058865 0.00431761 0.00707762 0.0116333 0.0168388 0.0213677 0.0239242 0.0239398 0.0219145 0.0190617 0.0165424 0.014884 0.0139279 0.0131755
 1.0376e-16 5.78289e-05 0.000562118 0.00373547 0.0169809 0.0528341 0.112569 0.164303 0.164326 0.112681 0.0532099 0.0180667 0.00646166 0.00651593 0.0113727 0.0187297 0.0270227 0.0340832 0.0377406 0.0369973 0.0326138 0.0265707 0.0208575 0.016535 0.0136161 0.0115558
 1.03265e-16 6.32603e-05 0.000614913 0.00408631 0.0185758 0.0577963 0.123142 0.179732 0.179748 0.123219 0.058057 0.0193295 0.00598064 0.0047582 0.00795546 0.0131129 0.019026 0.0242238 0.0272425 0.027396 0.0251515 0.0217493 0.0183923 0.0156571 0.0134766 0.0115134
 1.05037e-16 4.79938e-05 0.000466517 0.00310017 0.0140929 0.0438485 0.0934251 0.136363 0.136395 0.0935784 0.0443633 0.0155804 0.00683553 0.00862653 0.0155622 0.025696 0.0371168 0.0468994 0.0520896 0.0513251 0.0456257 0.0376511 0.0300508 0.0242046 0.0200883 0.0169673
 1.08959e-16 4.50724e-05 0.00043812 0.00291146 0.0132351 0.0411794 0.0877381 0.128062 0.128088 0.0878667 0.0416118 0.0144862 0.00606012 0.00733882 0.0132306 0.0220105 0.0321919 0.0415091 0.0476565 0.049542 0.0478463 0.0443636 0.0407025 0.0374253 0.0341581 0.0303029
 1.107e-16 5.13006e-05 0.000498661 0.00331378 0.015064 0.0468697 0.0998615 0.145755 0.145775 0.0999609 0.0472038 0.0160307 0.00574683 0.0058316 0.0102436 0.0170236 0.0249231 0.0322079 0.0371489 0.0389791 0.0383099 0.0365859 0.035031 0.0339466 0.0328 0.0308372
 1.05172e-16 6.61638e-05 0.000643136 0.00427386 0.0194284 0.0604489 0.128793 0.18798 0.187992 0.128853 0.0606491 0.0200071 0.00572857 0.00382579 0.00613153 0.0100879 0.0146599 0.0187256 0.0211946 0.0215853 0.0203031 0.0183285 0.0165687 0.0153867 0.0145898 0.0137488
 1.01184e-16 7.44992e-05 0.000724159 0.00481229 0.021876 0.0680644 0.145019 0.21166 0.211668 0.145055 0.0681873 0.0222311 0.00570384 0.00267069 0.00377223 0.00612084 0.00881632 0.0111009 0.0122578 0.0119611 0.0104656 0.00843111 0.00652262 0.00509852 0.0041661 0.00354037
 1.0099e-16 6.45016e-05 0.000626979 0.0041665 0.0189403 0.0589304 0.125558 0.18326 0.183279 0.125651 0.0592412 0.0198378 0.00641851 0.00553999 0.00938587 0.0153901 0.0221057 0.0276756 0.0302522 0.0289822 0.0245152 0.018574 0.0129431 0.00865762 0.00585633 0.00414845
 1.03114e-16 4.93217e-05 0.000479424 0.00318594 0.0144829 0.0450617 0.0960099 0.140136 0.140166 0.0961601 0.0455662 0.0159404 0.0068467 0.00847777 0.0152596 0.0252006 0.0364155 0.0460341 0.0511453 0.0503756 0.0446636 0.03655 0.0285943 0.0221759 0.0173782 0.0136448
 1.05087e-16 5.77557e-05 0.000561406 0.00373074 0.0169594 0.0527671 0.112427 0.164094 0.164112 0.112515 0.053064 0.0178181 0.00589113 0.00529409 0.00909459 0.015071 0.0220021 0.0282913 0.0323341 0.0333693 0.0318712 0.0291019 0.0262154 0.0236542 0.021209 0.0184954
 1.01398e-16 7.53671e-05 0.000732595 0.00486835 0.0221308 0.0688572 0.146708 0.214126 0.214132 0.146737 0.0689559 0.0224159 0.00558459 0.00229791 0.00305345 0.0049427 0.00714631 0.00905857 0.0101184 0.0100721 0.00911682 0.00775462 0.00647465 0.00551418 0.00483959 0.00428761
 1.00171e-16 7.92518e-05 0.000770356 0.00511928 0.0232715 0.0724064 0.15427 0.225162 0.225165 0.154286 0.0724614 0.0234305 0.00551823 0.00164053 0.00172973 0.00272851 0.00390956 0.00488829 0.00533224 0.00509014 0.00427914 0.00320839 0.00219889 0.00143785 0.000950964 0.000666674
 1.00865e-16 3.59358e-05 0.000349309 0.00232128 0.0105522 0.0328322 0.0699544 0.102112 0.102164 0.0702099 0.0336896 0.0130274 0.00852951 0.0138861 0.0256983 0.0423053 0.0606511 0.0756624 0.0821919 0.0778627 0.0645139 0.0470296 0.0305256 0.0180554 0.0101345 0.00570612
 1.02026e-16 7.29264e-05 0.000708871 0.0047107 0.0214141 0.0666274 0.141957 0.207191 0.207196 0.141981 0.0667097 0.0216531 0.00531453 0.00204023 0.00263994 0.00434896 0.00648954 0.00864064 0.0104066 0.0115732 0.0121764 0.0123748 0.0122498 0.0117279 0.0106846 0.00911054
 1.02703e-16 5.4052e-05 0.000525405 0.0034915 0.0158719 0.0493835 0.105218 0.153575 0.153604 0.105362 0.0498669 0.0172676 0.00699327 0.00816402 0.0145445 0.0239165 0.0343491 0.0429946 0.0469971 0.04506 0.0382381 0.0292537 0.0208985 0.0147476 0.0109252 0.00869899
 1.02656e-16 6.63511e-05 0.000644957 0.00428596 0.0194834 0.0606201 0.129158 0.188512 0.188525 0.12922 0.0608272 0.0200823 0.00579232 0.00394284 0.00635735 0.010477 0.0152532 0.0195278 0.0221534 0.0225789 0.0211349 0.0187326 0.0162414 0.0140567 0.0121172 0.0102089
 1.02839e-16 6.01069e-05 0.000584261 0.00388262 0.0176498 0.0549153 0.117004 0.170775 0.170796 0.117107 0.0552627 0.0186532 0.00640162 0.00608458 0.0105102 0.0172911 0.0249287 0.0314056 0.034708 0.0339116 0.0297251 0.0239925 0.0185693 0.0144499 0.0116535 0.00967887
 1.02979e-16 6.2574e-05 0.000608242 0.00404198 0.0183743 0.0571693 0.121806 0.177783 0.1778 0.121889 0.0574503 0.0191866 0.00608317 0.00507082 0.00855734 0.0140989 0.0204225 0.0259291 0.0290239 0.0289598 0.0262517 0.022272 0.0183707 0.0152261 0.012806 0.0107571
 1.0801e-16 2.76918e-05 0.000269174 0.00178876 0.00813146 0.0253003 0.0539067 0.0786887 0.0787379 0.0541469 0.0261069 0.0104621 0.00764249 0.0130596 0.0243535 0.040308 0.0582757 0.0737329 0.0820712 0.0811545 0.072549 0.0603588 0.048657 0.0395413 0.0329534 0.0277764
 1.06816e-16 6.52269e-05 0.000634029 0.00421335 0.0191533 0.059593 0.126969 0.185317 0.185324 0.127004 0.0597089 0.0194901 0.00506653 0.00252173 0.00372445 0.00624836 0.00945033 0.0128416 0.0159515 0.018544 0.0206778 0.0224943 0.0239273 0.0246233 0.0241504 0.0223064
 1.05208e-16 5.8213e-05 0.000565851 0.00376028 0.0170937 0.053185 0.113317 0.165394 0.165417 0.113427 0.0535542 0.0181601 0.00643678 0.00640776 0.011151 0.018339 0.0264092 0.0332175 0.0366366 0.0357284 0.0313252 0.0254823 0.0202412 0.0166513 0.0146208 0.0134203
 1.078e-16 4.04742e-05 0.000393423 0.00261444 0.0118849 0.0369785 0.0787878 0.115 0.115035 0.0789588 0.037553 0.0135457 0.00678836 0.00952178 0.0174257 0.0288718 0.0418849 0.0532945 0.0598748 0.0601139 0.0550548 0.0474609 0.0400251 0.0340592 0.0294357 0.0253957
 1.06336e-16 6.30484e-05 0.000612853 0.00407262 0.0185136 0.0576026 0.122729 0.179129 0.17914 0.122784 0.0577894 0.0190545 0.00543599 0.00360768 0.00580563 0.00964237 0.0142238 0.0186041 0.0218546 0.0235429 0.0239367 0.0236958 0.0233212 0.0228316 0.0218809 0.020126
 1.04173e-16 6.25567e-05 0.000608074 0.00404086 0.0183692 0.0571535 0.121772 0.177734 0.177752 0.121859 0.0574467 0.0192162 0.00616742 0.00525208 0.00888778 0.0146096 0.0210784 0.0265964 0.0294856 0.0289957 0.0257554 0.0213395 0.0173032 0.0144332 0.0126533 0.0114282
 1.06662e-16 3.93915e-05 0.000382899 0.0025445 0.011567 0.0359893 0.0766804 0.111925 0.111964 0.0768684 0.0366206 0.0133911 0.00712635 0.0103951 0.0190839 0.0315642 0.0456458 0.0577787 0.0643563 0.0637017 0.0570281 0.0475325 0.0383933 0.0312573 0.0260984 0.0220658
 1.10695e-16 4.80764e-05 0.00046732 0.00310551 0.0141172 0.0439239 0.0935853 0.136595 0.136614 0.0936812 0.0442467 0.0150522 0.00546337 0.00565075 0.00999883 0.0167332 0.024755 0.0325067 0.0384036 0.0416858 0.0427559 0.0426529 0.0421315 0.0411521 0.0391246 0.0355495
 1.06533e-16 6.47501e-05 0.000629394 0.00418255 0.0190133 0.0591573 0.126041 0.183964 0.183976 0.126101 0.059358 0.0195936 0.00564185 0.00382399 0.00615867 0.0101512 0.0147913 0.0189809 0.0216584 0.0223712 0.0215394 0.0201279 0.0189855 0.0183773 0.0179956 0.0173158
 1.06847e-16 4.5797e-05 0.000445163 0.00295827 0.0134479 0.0418415 0.089149 0.130123 0.130157 0.0893144 0.0423969 0.0150521 0.00698576 0.00923987 0.0167567 0.0276523 0.0398859 0.0502842 0.05565 0.0545324 0.0480959 0.0393157 0.0311669 0.0252139 0.0214183 0.0188719
 1.05733e-16 6.08659e-05 0.000591638 0.00393164 0.0178727 0.0556087 0.118481 0.172929 0.172943 0.11855 0.0558427 0.01855 0.00563723 0.00433313 0.00722006 0.0119797 0.0175783 0.0227909 0.0263945 0.027806 0.0273668 0.0259816 0.0244286 0.0229245 0.0212159 0.0189815
pSPR Fmed_Fpbrs
1   0.983947 0.6 0.325 0.983947 0.983947 0.983947
Fs Fmed_Fpbrs
0   0.01 0.361383 0.937242 0.01 0.01 0.01
SSBpbr Bo_Bmed_Bpbrs
1.18245e+06  1.12333e+06  1.10435e+06 650349 325174 1.10435e+06 1.10435e+06 1.10435e+06
Ro
172410
SPR SPRFo_SPRFmed_SPRFpbrs
1.2421e+06 1.2421e+06 1.22216e+06
Fref
0
Nvult_r0
 142101 32874 20684.2 3235.8 2241.16
CTP_r0
 14714.3 6287.49 4140.66 649.352 449.808
YTP_r0
356522
Np
 211380 77762.3 28607.2 10524 5295.82
Nvult_p0
 133618 49155.2 18083.2 6652.43 3347.6
CTP_p0
 0 0 0 0 0
 0 0 0 0 0
 0 0 0 0 0
 0 0 0 0 0
 0 0 0 0 0
 0 0 0 0 0
YTP_p0
 0 0 0 0 0 0
CBA_c0
0
log_Ro
11.8776
likeval ReclasPelacesDesembMPH_pf_preclas_ppelaces_ptallas_desvR_qrecl_qpela
 40.1226 28.9196 0.0853968 77.9955 239.474 138.214 111.684 0 27.0036 6.62295e-07 2.05819e-08 0.374362 2065.24 0 0
q_reclas_q_pelaces
0.891285 1.0205
M
1
N
 193527 35241.8 128576 7241.87 0.27901
 95900.9 65994.7 11100.2 40132.6 2259.35
 122952 30748.3 18322 3031.53 11566.9
 176428 39566.8 8601.15 5043.9 4015.09
 145542 52238.8 9332.76 1976.85 2079
 204216 50010.2 16711.8 2961.42 1286.38
 85808.7 64275.9 13367.8 4384.62 1113.3
 43198.2 22495.7 11817.1 2360.18 968.484
 36428.7 15014.1 7366.99 3843.73 1082.3
 50981.3 10613.7 3426.42 1635.06 1091.58
 149103 13547.5 2006.16 622.969 494.643
 168586 51450.8 4371.71 642.447 357.745
 76328.7 49607.5 11982.3 991.327 226.459
 48764.6 22291.8 11376.4 2673.17 271.256
 101767 9613.36 2286.36 1083.04 279.14
 573858 25669.1 1633.11 371.285 220.643
 121435 165822 5759.87 356.033 128.834
 609561 40194.8 49137.3 1685.4 141.776
 336174 191881 10747 12895.6 479.023
 521965 98081.4 43913.9 2392.38 2972.72
 482784 161440 25295.9 11093.4 1353.7
 582721 157292 46313.9 7152.37 3516.54
 110151 181222 41024.4 11839.5 2724.25
 374379 36838.3 54849.1 12276 4355.22
 346980 124272 10980 16148.8 4893.2
 148725 116408 37855.1 3308.06 6335.59
 306897 51024.5 37121.6 11971.5 3048.29
 387794 102095 15276.6 10981.3 4440.16
 148546 130712 31399.8 4649.56 4690.88
 138982 51309.6 42265.7 10077 2996.28
 266172 47230.9 16047 13093.9 4047.93
 132391 87291.2 13733.3 4602.39 4912.58
 211380 46327.6 28986.6 4533.21 3139.71
pred_Ctot
 8990.28 3244.76 12482.9 705.101 0.0271697
 7874.55 10471.2 1851.92 6713.79 378.022
 9840.32 4762.4 2984.38 495.137 1889.48
 22151.2 9302.97 2119.16 1245.86 991.873
 6102.54 4355.04 820.719 174.347 183.383
 18884.2 8870 3114.14 553.317 240.383
 16022 21484.8 4659.89 1531.89 389.01
 1515.13 1576.35 873.947 175.061 71.8461
 4881.87 3744.76 1924.17 1006.44 283.423
 9187.36 3440.71 1158.98 554.321 370.115
 5874.44 1063.14 166.1 51.7287 41.0794
 21718.8 12383.2 1102.29 162.394 90.4408
 10134.1 12269.4 3103.76 257.421 58.8131
 15041.1 11220.5 5916.53 1392.66 141.331
 20850.1 3478.42 861.531 408.993 105.425
 79363.7 6586.45 438.668 99.9769 59.421
 7762.59 20750.1 758.965 47.0449 17.0262
 56323 7123.89 9149.81 314.674 26.4741
 44809 47626 2793.52 3360.38 124.842
 53295.2 19075.5 8966.25 489.756 608.643
 35254.3 22928.4 3780.34 1662.43 202.892
 57746.3 29754.6 9199.89 1424.51 700.475
 6379.39 20633.5 4920.86 1424.16 327.744
 23313.5 4495.96 7049.85 1582.28 561.437
 19458.4 13718.6 1277.14 1883.67 570.851
 6374.23 9913.23 3400.27 297.999 570.814
 18721.5 6105.84 4678.68 1513.09 385.334
 20680 10738.3 1693.37 1220.71 493.652
 5764.43 10107.5 2561.81 380.445 383.885
 6741.21 4925.37 4277.48 1022.76 304.152
 18433.9 6379 2281.23 1866.58 577.129
 4100.13 5416.65 899.699 302.4 322.831
 14714.3 6287.49 4140.66 649.352 449.808
F
 0.0758407 0.155274 0.164333 0.164839 0.164866
 0.137479 0.281472 0.297893 0.298811 0.298859
 0.133801 0.273941 0.289922 0.290815 0.290863
 0.217087 0.444459 0.470389 0.471838 0.471914
 0.0682387 0.13971 0.147861 0.148316 0.14834
 0.155996 0.319381 0.338014 0.339055 0.33911
 0.338795 0.69364 0.734107 0.736368 0.736488
 0.0568121 0.116316 0.123102 0.123481 0.123501
 0.233212 0.477473 0.505329 0.506885 0.506967
 0.325257 0.665923 0.704774 0.706944 0.707059
 0.0640076 0.131047 0.138693 0.13912 0.139143
 0.223307 0.457192 0.483865 0.485355 0.485434
 0.230831 0.472597 0.500169 0.50171 0.501791
 0.623852 1.27726 1.35177 1.35594 1.35616
 0.377395 0.772668 0.817746 0.820265 0.820398
 0.241468 0.494374 0.523217 0.524828 0.524913
 0.105645 0.216295 0.228914 0.229619 0.229656
 0.155865 0.319114 0.337732 0.338772 0.338827
 0.23183 0.474643 0.502334 0.503882 0.503963
 0.17347 0.355157 0.375877 0.377035 0.377096
 0.121467 0.248689 0.263197 0.264008 0.264051
 0.167988 0.343933 0.363999 0.36512 0.365179
 0.0953101 0.195135 0.20652 0.207156 0.207189
 0.102796 0.210462 0.222741 0.223427 0.223463
 0.0921699 0.188706 0.199715 0.200331 0.200363
 0.0697958 0.142898 0.151235 0.151701 0.151725
 0.10061 0.205985 0.218003 0.218674 0.21871
 0.087478 0.1791 0.189549 0.190133 0.190164
 0.0630183 0.129022 0.136549 0.13697 0.136992
 0.0792987 0.162354 0.171826 0.172355 0.172383
 0.114892 0.235226 0.248949 0.249716 0.249756
 0.0500238 0.102417 0.108393 0.108726 0.108744
 0.11551 0.236492 0.250289 0.25106 0.2511
YTP_r0W_actual
 110946 109717 99665.6 20337.7 15855.7
YTP_p0W_proyectada
 0 0 0 0 0
 0 0 0 0 0
 0 0 0 0 0
 0 0 0 0 0
 0 0 0 0 0
 0 0 0 0 0
CTP_r0_actual
 14714.3 6287.49 4140.66 649.352 449.808
CTP_p0_proyectada
 0 0 0 0 0
 0 0 0 0 0
 0 0 0 0 0
 0 0 0 0 0
 0 0 0 0 0
 0 0 0 0 0
Wmedp
 7.54 17.45 24.07 31.32 35.25
Frms_r0
 0.11551 0.236492 0.250289 0.25106 0.2511
Zrms_r0
 1.11551 1.23649 1.25029 1.25106 1.2511
nmprior
 7.29 8.9 8.7 0
nm_flota  nm_reclas  nm_pelaces    nm_pelaL
inf 10.764 16.1599 49.1831
cv_recla  cv_pelaces  cv_mph
0.274281 0.490914 0.708096
 ------------------------------------------------
Talla a la edad & desviaci?n 
 8 13.2811 15.8009 17.003 17.5766
 0.8 1.32811 1.58009 1.7003 1.75766
