years
 1991 1992 1993 1994 1995 1996 1997 1998 1999 2000 2001 2002 2003 2004 2005 2006 2007 2008 2009 2010 2011 2012 2013 2014 2015 2016 2017 2018 2019 2020 2021 2022 2023
reclasobs
 0 0 0 0 0 0 0 0 0 252601 567819 844713 477998 351125 339783 2.1784e+06 2.13404e+06 4.81314e+06 1.55562e+06 2.62356e+06 3.21686e+06 3.843e+06 1.13348e+06 3.07943e+06 1.97215e+06 2.03268e+06 2.025e+06 2.42433e+06 2.27542e+06 1.05018e+06 2.36338e+06 3.18982e+06 1.53035e+06
reclaspred
 2.85641e+06 1.6023e+06 846883 871451 875328 1.18541e+06 728631 658252 460678 337088 559029 734418 582766 315770 470300 1.53985e+06 1.65583e+06 2.75665e+06 2.05388e+06 2.06964e+06 3.57601e+06 2.63282e+06 2.00911e+06 2.95327e+06 2.28953e+06 2.07436e+06 2.32558e+06 2.56038e+06 2.25332e+06 1.70299e+06 1.94496e+06 2.10489e+06 1.66328e+06
pelacesobs
 0 0 0 0 0 0 0 0 0 0 0 0 0 0 0 552880 188675 0 991730 2.46772e+06 1.41603e+06 1.21717e+06 2.29649e+06 1.80582e+06 0 1.4828e+06 1.56532e+06 1.57751e+06 1.42118e+06 867257 1.10002e+06 1.06204e+06 0
pelacespred
 1.49001e+06 934980 491290 414465 432581 601897 347263 382273 259091 179321 298791 348067 297131 164245 261066 718710 771061 1.44904e+06 1.14415e+06 1.0197e+06 1.7393e+06 1.45892e+06 1.0828e+06 1.71534e+06 1.27764e+06 1.14914e+06 1.47072e+06 1.46091e+06 1.15456e+06 1.00543e+06 1.00929e+06 1.09139e+06 893124
mphobs
 0 0 0 0 0 0 0 0 0 0 0 0 498337 0 5186 125008 0 168611 109162 213762 579715 649985 157893 87575 83554 210694 70296 0 107559 103333 445601 22526 28222
mphpred
 460896 309743 155105 90114.6 102148 112344 125899 77715.2 69166.4 45908 31041.8 73995.3 86544.7 51877.4 23747 49222 204419 209799 280181 320135 474991 529700 107489 86433.2 122490 99935.5 88091.2 91484.7 129215 102180 67305.8 91892.1 65854.9
desembarqueobs
 494567 514787 250237 358949 120608 361735 552515 73892 212993 205616 52469 317467 293654 387597 252695 516296 358380 742168 942051 627588 828172 859565 418607 520667 417249 300574 415391 372974 316634 284311 391294 218835 356480
desembarquepred
 494571 513219 251056 358995 120615 361779 552655 73898.4 213073 205683 52470.3 317513 293852 388060 252669 516279 358433 742191 942064 627462 828283 859708 418658 520713 417250 300585 415412 372968 316630 284290 391282 218851 356510
Reclutas
 221590 113380 148017 219279 177490 241075 103732 53524.4 44174.8 62493.3 193578 192295 87233.7 55614.3 124005 729632 160361 750629 422831 631213 614908 722748 141465 485996 443294 193167 399976 503342 190093 177345 346938 173673 275307
log_desv_Rt
 0.0338872 -0.636195 -0.369611 0.023403 -0.188028 0.118166 -0.725134 -1.3868 -1.57879 -1.23188 -0.10126 -0.107912 -0.89835 -1.3485 -0.54662 1.2256 -0.289515 1.25397 0.680031 1.0807 1.05453 1.21612 -0.414887 0.81926 0.727293 -0.103388 0.624464 0.854329 -0.119426 -0.188845 0.482205 -0.209766 0.250947
SSB
 3.83892e+06 2.57993e+06 1.29191e+06 750588 850815 935743 1.04864e+06 647310 576105 382379 258555 616326 692050 423977 191769 399017 1.70266e+06 1.74747e+06 2.39733e+06 1.69075e+06 2.56473e+06 2.9782e+06 2.54719e+06 1.98106e+06 2.6484e+06 2.28146e+06 1.90549e+06 1.91163e+06 2.79025e+06 2.08774e+06 1.54488e+06 2.16123e+06 1.44227e+06
BT
 5.12234e+06 3.4601e+06 1.80325e+06 1.60844e+06 1.45894e+06 2.20339e+06 1.60621e+06 1.26778e+06 1.03258e+06 764248 985526 1.3601e+06 1.20039e+06 924767 1.07645e+06 2.68456e+06 2.70565e+06 5.20733e+06 4.53748e+06 3.77284e+06 6.11251e+06 5.4469e+06 3.78018e+06 5.88272e+06 4.41854e+06 3.88224e+06 5.05128e+06 4.95873e+06 3.8951e+06 3.4382e+06 3.5294e+06 3.60899e+06 3.13071e+06
Ftot
 0.118345 0.212998 0.206308 0.33669 0.107423 0.254694 0.531698 0.0865463 0.352343 0.471712 0.0963044 0.357409 0.370189 0.915627 0.561849 0.371901 0.16244 0.241235 0.358048 0.267107 0.189833 0.261876 0.147899 0.15802 0.142879 0.10915 0.155727 0.135807 0.0991335 0.123787 0.177195 0.0779839 0.178191
BD_Bspro_t
 0.981372 0.870505 0.735388 0.672059 0.674564 0.732819 0.688728 0.535723 0.597007 0.541477 0.513238 0.775641 0.681613 0.519513 0.337758 0.513748 0.729006 0.713636 0.729016 0.635671 0.686269 0.711491 0.707881 0.693466 0.774892 0.787765 0.791903 0.807878 0.850071 0.813521 0.784988 0.818777 0.821374
BD_Bspro
 2.48761 1.67178 0.837151 0.486379 0.551326 0.606359 0.679518 0.419455 0.373314 0.24778 0.167543 0.399377 0.448446 0.274736 0.124266 0.258562 1.10332 1.13236 1.55346 1.0956 1.66194 1.92987 1.65057 1.28372 1.71615 1.47838 1.23475 1.23873 1.80808 1.35285 1.00108 1.40047 0.934584
BD_Bo
 2.32037 1.55939 0.780871 0.45368 0.514261 0.565594 0.633836 0.391255 0.348217 0.231123 0.156279 0.372528 0.418298 0.256266 0.115912 0.241179 1.02914 1.05623 1.44903 1.02194 1.55021 1.80012 1.53961 1.19742 1.60078 1.37899 1.15174 1.15545 1.68652 1.2619 0.933778 1.30632 0.871753
BD_Brms
 2.48525 1.6702 0.836358 0.485918 0.550803 0.605784 0.678874 0.419057 0.37296 0.247546 0.167384 0.398999 0.448021 0.274476 0.124148 0.258317 1.10227 1.13128 1.55199 1.09456 1.66036 1.92804 1.64901 1.28251 1.71453 1.47698 1.23358 1.23756 1.80636 1.35156 1.00013 1.39914 0.933698
Sel_flota
 0.485884 0.947248 0.997078 0.999846 0.999992
 0.485884 0.947248 0.997078 0.999846 0.999992
 0.485884 0.947248 0.997078 0.999846 0.999992
 0.485884 0.947248 0.997078 0.999846 0.999992
 0.485884 0.947248 0.997078 0.999846 0.999992
 0.485884 0.947248 0.997078 0.999846 0.999992
 0.485884 0.947248 0.997078 0.999846 0.999992
 0.485884 0.947248 0.997078 0.999846 0.999992
 0.485884 0.947248 0.997078 0.999846 0.999992
 0.485884 0.947248 0.997078 0.999846 0.999992
 0.485884 0.947248 0.997078 0.999846 0.999992
 0.485884 0.947248 0.997078 0.999846 0.999992
 0.485884 0.947248 0.997078 0.999846 0.999992
 0.485884 0.947248 0.997078 0.999846 0.999992
 0.485884 0.947248 0.997078 0.999846 0.999992
 0.485884 0.947248 0.997078 0.999846 0.999992
 0.485884 0.947248 0.997078 0.999846 0.999992
 0.485884 0.947248 0.997078 0.999846 0.999992
 0.485884 0.947248 0.997078 0.999846 0.999992
 0.485884 0.947248 0.997078 0.999846 0.999992
 0.485884 0.947248 0.997078 0.999846 0.999992
 0.485884 0.947248 0.997078 0.999846 0.999992
 0.485884 0.947248 0.997078 0.999846 0.999992
 0.485884 0.947248 0.997078 0.999846 0.999992
 0.485884 0.947248 0.997078 0.999846 0.999992
 0.485884 0.947248 0.997078 0.999846 0.999992
 0.485884 0.947248 0.997078 0.999846 0.999992
 0.485884 0.947248 0.997078 0.999846 0.999992
 0.485884 0.947248 0.997078 0.999846 0.999992
 0.485884 0.947248 0.997078 0.999846 0.999992
 0.485884 0.947248 0.997078 0.999846 0.999992
 0.485884 0.947248 0.997078 0.999846 0.999992
 0.485884 0.947248 0.997078 0.999846 0.999992
Sel_reclas
 1 1 1 1 1
 1 1 1 1 1
 1 1 1 1 1
 1 1 1 1 1
 1 1 1 1 1
 1 1 1 1 1
 1 1 1 1 1
 1 1 1 1 1
 1 1 1 1 1
 1 1 1 1 1
 1 1 1 1 1
 1 1 1 1 1
 1 1 1 1 1
 1 1 1 1 1
 1 1 1 1 1
 1 1 1 1 1
 1 1 1 1 1
 1 1 1 1 1
 1 1 1 1 1
 1 1 1 1 1
 1 1 1 1 1
 1 1 1 1 1
 1 1 1 1 1
 1 1 1 1 1
 1 1 1 1 1
 1 1 1 1 1
 1 1 1 1 1
 1 1 1 1 1
 1 1 1 1 1
 1 1 1 1 1
 1 1 1 1 1
 1 1 1 1 1
 1 1 1 1 1
Sel_pelaces
 1 1 1 1 1
 1 1 1 1 1
 1 1 1 1 1
 1 1 1 1 1
 1 1 1 1 1
 1 1 1 1 1
 1 1 1 1 1
 1 1 1 1 1
 1 1 1 1 1
 1 1 1 1 1
 1 1 1 1 1
 1 1 1 1 1
 1 1 1 1 1
 1 1 1 1 1
 1 1 1 1 1
 1 1 1 1 1
 1 1 1 1 1
 1 1 1 1 1
 1 1 1 1 1
 1 1 1 1 1
 1 1 1 1 1
 1 1 1 1 1
 1 1 1 1 1
 1 1 1 1 1
 1 1 1 1 1
 1 1 1 1 1
 1 1 1 1 1
 1 1 1 1 1
 1 1 1 1 1
 1 1 1 1 1
 1 1 1 1 1
 1 1 1 1 1
 1 1 1 1 1
pf_obs 
 0.8446 0.082 0.0669 0.0065 0
 0.8095 0.147 0.0364 0.0071 0
 0.9664 0.0169 0.016 0.0007 0
 0.9276 0.0648 0.0075 0.0001 0
 0.7033 0.2144 0.0806 0.0017 0
 0.9318 0.0425 0.0243 0.0014 0
 0.5671 0.3108 0.0964 0.0239 0.0018
 0.0768 0.2599 0.5324 0.112 0.0189
 0.490249 0.384438 0.106611 0.0170017 0.00170017
 0.7925 0.1577 0.0466 0.003 0.0002
 0.840416 0.127587 0.0312969 0.00059994 9.999e-05
 0.8084 0.0986 0.0794 0.0134 0.0002
 0.7335 0.1905 0.0724 0.0035 0.0001
 0.4001 0.4547 0.1325 0.0127 0
 0.49795 0.308269 0.164784 0.0264974 0.00249975
 0.9179 0.0499 0.0305 0.0017 0
 0.2467 0.6533 0.0926 0.0074 0
 0.9418 0.0223 0.034 0.0019 0
 0.707729 0.231977 0.0356964 0.0245975 0
 0.517169 0.277429 0.184464 0.0207286 0.00020938
 0.811772 0.124168 0.05621 0.00726502 0.000585176
 0.764997 0.148141 0.077277 0.00933861 0.000247198
 0.163321 0.427699 0.378323 0.0303852 0.000271297
 0.753843 0.0900009 0.118128 0.0371064 0.000921714
 0.721811 0.176058 0.0630433 0.0369309 0.00215725
 0.143369 0.312575 0.442814 0.0836902 0.0175525
 0.692698 0.0596174 0.167031 0.0765114 0.00414204
 0.394062 0.376323 0.152708 0.0712218 0.00568511
 0.125707 0.32114 0.495352 0.0537591 0.00404204
 0.23352 0.215282 0.420074 0.123614 0.00750983
 0.796117 0.104755 0.0508955 0.0450114 0.00322123
 0.162477 0.292055 0.404252 0.121198 0.0200186
 0 0 0 0 0
pf_pred 
 0.323272 0.116413 0.53276 0.0275538 1.01635e-06
 0.277861 0.353327 0.0662421 0.28773 0.0148396
 0.479198 0.228366 0.147288 0.0261341 0.119013
 0.612976 0.252311 0.060952 0.037208 0.0365529
 0.509982 0.375925 0.0759345 0.0172962 0.0208622
 0.583191 0.278741 0.107208 0.0205593 0.0103015
 0.356253 0.476989 0.113618 0.0412912 0.0118489
 0.341721 0.360834 0.224113 0.0500207 0.0233111
 0.392015 0.306152 0.169334 0.0999026 0.0325964
 0.595658 0.23367 0.0885491 0.0461396 0.0359842
 0.808307 0.146113 0.027057 0.0096261 0.00889622
 0.579991 0.374218 0.0353356 0.00621364 0.00424142
 0.373771 0.464129 0.145358 0.0129295 0.00381287
 0.409723 0.329607 0.1962 0.0578318 0.00663887
 0.773599 0.144259 0.0474746 0.0261212 0.00854625
 0.910763 0.0789262 0.00672996 0.00207257 0.00150791
 0.265514 0.701367 0.029495 0.00236859 0.00125594
 0.753362 0.101974 0.138469 0.00551937 0.000676246
 0.448646 0.475712 0.0323107 0.0414809 0.00185033
 0.620415 0.238335 0.122877 0.00786259 0.0105101
 0.552252 0.344575 0.0661475 0.0322228 0.00480267
 0.572624 0.303466 0.0965585 0.0175543 0.00979666
 0.188987 0.592935 0.157387 0.0473266 0.0133637
 0.624599 0.117786 0.191037 0.0480888 0.0184896
 0.520703 0.369051 0.0358876 0.0551832 0.0191755
 0.311282 0.46816 0.171935 0.0158589 0.0327641
 0.594651 0.189669 0.149052 0.0519729 0.014655
 0.591351 0.304528 0.0501259 0.0373487 0.0166465
 0.297426 0.518875 0.138756 0.0216689 0.0232739
 0.386093 0.276289 0.252706 0.0641827 0.0207289
 0.624139 0.20839 0.0775753 0.0673354 0.0225603
 0.372296 0.482159 0.0826813 0.0291655 0.0336976
 0.558364 0.235206 0.160458 0.026148 0.019824
pobs_RECLAS
 0 0 0 0 0
 0 0 0 0 0
 0 0 0 0 0
 0 0 0 0 0
 0 0 0 0 0
 0 0 0 0 0
 0 0 0 0 0
 0 0 0 0 0
 0 0 0 0 0
 0 0 0 0 0
 0.991045 0.00858322 0.000360255 1.14367e-05 0
 0.934742 0.0480273 0.0164251 0.00080598 0
 0.827803 0.169806 0.00239088 0 0
 0.941827 0.0461693 0.0120037 0 0
 0.791401 0.0380133 0.147996 0.0225897 0
 0.846168 0.0940531 0.0597789 0 0
 0.134021 0.677848 0.182769 0.00536245 0
 0.80878 0.0450904 0.141981 0.00414843 0
 0.846168 0.0940531 0.0597789 0 0
 0.905697 0.0802665 0.012482 0.00150086 5.37128e-05
 0.989698 0.0102097 9.19794e-05 0 0
 0.975433 0.0193895 0.00387452 0.00125025 5.28907e-05
 0.303575 0.632131 0.0575291 0.00676475 0
 0.966965 0.00978017 0.0227588 0.000495775 0
 0.843318 0.132988 0.00938335 0.0141283 0.000182051
 0.564624 0.303363 0.111486 0.0197234 0.00080311
 0.826376 0.0876187 0.0782897 0.00655872 0.00115652
 0.89761 0.0855135 0.0140674 0.00269457 0.000114338
 0.34875 0.467042 0.161289 0.0227151 0.000203297
 0.318654 0.224769 0.449479 0.00709798 0
 0.937255 0.0296025 0.0250945 0.00804832 0
 0.456809 0.399803 0.12412 0.0192676 0
 0.883104 0.0372192 0.0704036 0.00927362 0
ppred_RECLAS
 0.494118 0.0908304 0.394695 0.0203561 7.50745e-07
 0.437642 0.28283 0.0503228 0.217965 0.0112398
 0.650915 0.157703 0.0965327 0.0170799 0.0777694
 0.761659 0.158313 0.0362677 0.022076 0.021684
 0.673469 0.253535 0.0486295 0.0110458 0.0133212
 0.737324 0.178732 0.0652234 0.0124724 0.00624851
 0.529307 0.353705 0.0797838 0.0289095 0.00829455
 0.509684 0.275105 0.162266 0.0361157 0.0168285
 0.56757 0.223635 0.117288 0.0689978 0.0225093
 0.75056 0.147511 0.0529593 0.0275144 0.0214551
 0.893104 0.0824892 0.0145056 0.00514625 0.00475535
 0.733585 0.238735 0.0213745 0.00374781 0.00255786
 0.545539 0.341435 0.101382 0.00899191 0.00265128
 0.59479 0.232124 0.130379 0.0383095 0.00439705
 0.87497 0.0812728 0.0253216 0.013891 0.00454411
 0.953218 0.0416308 0.00336554 0.00103347 0.000751794
 0.41562 0.559315 0.0223287 0.00178806 0.000947971
 0.861209 0.0591618 0.0762285 0.00302985 0.000371169
 0.619083 0.331083 0.021322 0.0272947 0.00121734
 0.766787 0.149299 0.0730272 0.00465952 0.00622755
 0.710434 0.225535 0.0410943 0.019962 0.00297481
 0.728492 0.195731 0.0590877 0.0107116 0.005977
 0.316709 0.506555 0.127651 0.0382772 0.0108068
 0.771927 0.0741751 0.114208 0.0286682 0.011021
 0.6832 0.246908 0.022795 0.0349529 0.0121439
 0.47362 0.363756 0.126854 0.011668 0.0241022
 0.747463 0.121495 0.09064 0.0315165 0.00888552
 0.741943 0.194886 0.0304565 0.0226294 0.0100846
 0.456474 0.406845 0.103314 0.016089 0.0172782
 0.559089 0.20418 0.177319 0.0449097 0.0145022
 0.769557 0.13081 0.0462226 0.0400083 0.0134025
 0.539996 0.357612 0.0582391 0.0204864 0.0236663
 0.717886 0.153946 0.0996892 0.0161994 0.0122797
pobs_PELACES
 0 0 0 0 0
 0 0 0 0 0
 0 0 0 0 0
 0 0 0 0 0
 0 0 0 0 0
 0 0 0 0 0
 0 0 0 0 0
 0 0 0 0 0
 0 0 0 0 0
 0 0 0 0 0
 0 0 0 0 0
 0 0 0 0 0
 0 0 0 0 0
 0 0 0 0 0
 0 0 0 0 0
 0 0 0 0 0
 0.505614 0.472636 0.0217494 0 0
 0 0 0 0 0
 0.443492 0.261883 0.143347 0.151278 0
 0.227955 0.32914 0.350689 0.0885471 0.00366901
 0.970185 0.0296113 0.000203453 0 0
 0.997202 0.00247181 0.000326279 0 0
 0.445219 0.490057 0.0546422 0.010081 0
 0.90214 0.0892962 0.00764917 0.000914606 0
 0 0 0 0 0
 0.581667 0.319106 0.0959925 0.00289975 0.000334073
 0.762889 0.0836404 0.116647 0.0363945 0.000428098
 0.88444 0.0763242 0.0277011 0.0115352 0
 0.521256 0.241999 0.230069 0.00667565 0
 0.616807 0.101726 0.260614 0.0208532 0
 0.833518 0.0704572 0.0857862 0.0102388 0
 0.697417 0.212968 0.0787535 0.0105354 0.000325836
 0 0 0 0 0
ppred_PELACES
 0.499023 0.0900939 0.390733 0.0201496 7.43126e-07
 0.446088 0.27909 0.0494837 0.214289 0.0110501
 0.658448 0.154595 0.0943099 0.0166834 0.0759635
 0.771177 0.152282 0.0346934 0.0211112 0.0207361
 0.677143 0.250783 0.0480168 0.0109055 0.013152
 0.745022 0.173729 0.0631327 0.0120698 0.00604674
 0.549962 0.33893 0.0757855 0.0274474 0.00787485
 0.513135 0.273342 0.160997 0.0358304 0.0166955
 0.581382 0.217113 0.11321 0.066577 0.0217192
 0.764348 0.139811 0.0498068 0.0258654 0.0201689
 0.89453 0.0814183 0.0142946 0.00507097 0.00468576
 0.744201 0.229363 0.0204151 0.00357842 0.00244221
 0.559848 0.331188 0.0977429 0.00866618 0.0025552
 0.629413 0.213673 0.118222 0.0347083 0.00398355
 0.88437 0.0754112 0.0232793 0.0127641 0.00417535
 0.955708 0.0394419 0.00316914 0.00097283 0.000707669
 0.421667 0.553591 0.0220412 0.00176477 0.00093562
 0.865806 0.0573328 0.0735793 0.00292391 0.000358187
 0.632036 0.320078 0.0204923 0.026224 0.00116957
 0.774258 0.144746 0.0704899 0.00449653 0.00600963
 0.716487 0.220976 0.0401382 0.0194942 0.00290507
 0.736542 0.190159 0.0571589 0.0103595 0.00578044
 0.321742 0.503146 0.126484 0.0379221 0.0107065
 0.776444 0.0728356 0.111855 0.0280734 0.0107922
 0.688005 0.243294 0.0224087 0.034356 0.0119364
 0.477904 0.360998 0.125666 0.0115576 0.023874
 0.752164 0.119395 0.0888451 0.030888 0.00870827
 0.745989 0.191939 0.0299289 0.0222347 0.00990861
 0.460324 0.404131 0.102458 0.0159542 0.0171333
 0.564002 0.202129 0.175181 0.0443631 0.0143256
 0.774533 0.128151 0.0451514 0.0390748 0.0130897
 0.543017 0.355368 0.0577995 0.0203303 0.0234859
 0.723617 0.151022 0.0975094 0.0158427 0.0120092
pobs_pel_tallas
 0 0 0 0 0 0 0 0 0 0 0 0 0 0 0 0 0 0 0 0 0 0 0 0 0 0
 0 0 0 0 0 0 0 0 0 0 0 0 0 0 0 0 0 0 0 0 0 0 0 0 0 0
 0 0 0 0 0 0 0 0 0 0 0 0 0 0 0 0 0 0 0 0 0 0 0 0 0 0
 0 0 0 0 0 0 0 0 0 0 0 0 0 0 0 0 0 0 0 0 0 0 0 0 0 0
 0 0 0 0 0 0 0 0 0 0 0 0 0 0 0 0 0 0 0 0 0 0 0 0 0 0
 0 0 0 0 0 0 0 0 0 0 0 0 0 0 0 0 0 0 0 0 0 0 0 0 0 0
 0 0 0 0 0 0 0 0 0 0 0 0 0 0 0 0 0 0 0 0 0 0 0 0 0 0
 0 0 0 0 0 0 0 0 0 0 0 0 0 0 0 0 0 0 0 0 0 0 0 0 0 0
 0 0 0 0 0 0 0 0 0 0 0 0 0 0 0 0 0 0 0 0 0 0 0 0 0 0
 0 0 0 0 0 0 0 0 0 0 0 0 0 0 0 0 0 0 0 0 0 0 0 0 0 0
 0 0 0 0 0 0 0 0 0 0 0 0 0 0 0 0 0 0 0 0 0 0 0 0 0 0
 0 0 0 0 0 0 0 0 0 0 0 0 0 0 0 0 0 0 0 0 0 0 0 0 0 0
 0.00862536 0 0 0.000197151 0.00414017 0.0128641 0.00837892 0.0270097 0.101434 0.158115 0.152841 0.127902 0.109271 0.109419 0.0830992 0.0579132 0.0238553 0.00714673 0.00463305 0.00128148 0.00103504 0.000492878 0.000147863 0.000147863 4.92878e-05 0
 0 0 0 0 0 0 0 0 0 0 0 0 0 0 0 0 0 0 0 0 0 0 0 0 0 0
 0 0 0 0 0 0 0 0.0054083 0.00873648 0.0413646 0.0450493 0.0745869 0.0622846 0.0627006 0.0613931 0.0827291 0.12552 0.122667 0.0946155 0.0697135 0.0546179 0.0294188 0.0215738 0.0213955 0.0102223 0.00600262
 0 0 0 0 0.00359764 0.0251062 0.0480494 0.140153 0.205849 0.193036 0.1447 0.116669 0.0760912 0.0342217 0.00950174 0.001854 0.000860785 0 0 0 0.000165536 0 0.000143464 0 0 0
 0 0 0 0 0 0 0 0.000145254 0.000435761 0.0275982 0.070085 0.0708112 0.156366 0.174668 0.174014 0.160142 0.0824315 0.0480064 0.0283245 0.00493863 0.00203355 0 0 0 0 0
 0 0 0 0 0 0 0 0 0 0 0 0 0 0 0 0 0 0 0 0 0 0 0 0 0 0
 0 0 1.00437e-05 0.000401748 0.00122533 0.00171747 0.00176769 0.0269171 0.070346 0.194647 0.189555 0.159765 0.064822 0.0314167 0.0384472 0.0292271 0.0345202 0.0313363 0.0194345 0.0106764 0.0143323 0.0359363 0.0279516 0.0138201 0.00172751 0
 0 0.0021121 0.0136068 0.0755702 0.200478 0.177729 0.0527432 0.0373336 0.0318909 0.0142505 0.0149659 0.0166563 0.0217959 0.0798694 0.0677717 0.0528807 0.04013 0.0224614 0.0357745 0.0225083 0.00881397 0.00855152 0.00135912 0.000746735 0 0
 0 0 0 0 5.4009e-05 0.00500934 0.000945158 0.0243581 0.138947 0.33067 0.221406 0.137944 0.0707744 0.0437923 0.0131692 0.00525238 0.0047753 0.00276346 9.45158e-05 9.00151e-06 2.25038e-05 9.00151e-06 4.50075e-06 0 0 0
 0.000866109 0.00284123 0.00948549 0.0512746 0.133035 0.25785 0.225252 0.132002 0.0553304 0.0519788 0.0540692 0.017754 0.00435017 0.00159236 0.00146478 0.000404838 0.000125132 0.000115318 0.000107957 0.000100596 0 0 0 0 0 0
 0 0 0 0 0.00144013 0.00171154 0.00461396 0.0210425 0.0478622 0.0707936 0.0888783 0.103762 0.0637923 0.0337046 0.0602308 0.124433 0.169614 0.0934646 0.0462172 0.0250306 0.0313229 0.00938855 0.002487 0.000210481 0 0
 0 0.00764035 0.051015 0.0998891 0.058973 0.0496711 0.0374665 0.0718981 0.12319 0.153886 0.159021 0.0857701 0.0377988 0.023471 0.0147837 0.00900784 0.00315554 0.000888139 0.00291439 0.00214683 0.00393193 0.00274676 0.000635225 9.99891e-05 0 0
 0 0 0 0 0 0 0 0 0 0 0 0 0 0 0 0 0 0 0 0 0 0 0 0 0 0
 0 0 0 0 0 0 0 0 0 0 0 0 0 0 0 0 0 0 0 0 0 0 0 0 0 0
 0 0 0 0 0 0 0 0 0 0 0 0 0 0 0 0 0 0 0 0 0 0 0 0 0 0
 0 0 0 0 0 0 0 0 0 0 0 0 0 0 0 0 0 0 0 0 0 0 0 0 0 0
 0 0 0 0 0 0 0 0 0 0 0 0 0 0 0 0 0 0 0 0 0 0 0 0 0 0
 0 0 0 0 0 0 0 0 0 0 0 0 0 0 0 0 0 0 0 0 0 0 0 0 0 0
 0 0 0 0 0 0 0 0 0 0 0 0 0 0 0 0 0 0 0 0 0 0 0 0 0 0
 0 0 0 0 0 0 0 0 0 0 0 0 0 0 0 0 0 0 0 0 0 0 0 0 0 0
 0 0 0 0 0 0 0 0 0 0 0 0 0 0 0 0 0 0 0 0 0 0 0 0 0 0
ppred_pel_tallas
 1.1332e-16 4.11038e-05 0.000399544 0.00265511 0.0120698 0.0375535 0.0800121 0.116782 0.116791 0.0800577 0.0377083 0.0125243 0.00382422 0.00304502 0.00533807 0.00946926 0.015284 0.0226396 0.0312866 0.0409013 0.0509102 0.0601739 0.0669312 0.0693125 0.0662327 0.0580569
 1.2486e-16 3.67438e-05 0.000357162 0.00237347 0.0107895 0.0335702 0.0715258 0.1044 0.104427 0.0716578 0.0340135 0.0120712 0.00559628 0.00741206 0.0134964 0.0224268 0.0327431 0.042191 0.0486008 0.0512313 0.0513107 0.0511806 0.0526588 0.0558684 0.0592882 0.0607739
 1.1729e-16 5.42355e-05 0.000527189 0.00350336 0.0159258 0.049551 0.105574 0.154092 0.154107 0.105648 0.0497982 0.0166415 0.0053067 0.00448625 0.00764 0.0127232 0.0187518 0.0245102 0.0288198 0.0312178 0.032234 0.0329504 0.03419 0.0359775 0.0376118 0.0381585
 1.06667e-16 6.35209e-05 0.000617446 0.00410314 0.0186523 0.0580343 0.123649 0.180472 0.180487 0.123721 0.0582758 0.0193501 0.00585626 0.00444999 0.00735888 0.0121106 0.0175511 0.0223186 0.0250841 0.0252745 0.0234212 0.0207839 0.0185477 0.0172179 0.0165714 0.0160286
 1.0477e-16 5.57754e-05 0.000542157 0.00360283 0.0163779 0.050958 0.108572 0.158469 0.158494 0.10869 0.051355 0.017525 0.0064833 0.00683407 0.0120166 0.0198078 0.0286005 0.0361212 0.0400909 0.0394671 0.0350552 0.0289351 0.0231805 0.018873 0.015985 0.0139073
 1.04101e-16 6.13665e-05 0.000596504 0.00396398 0.0180197 0.0560661 0.119455 0.174352 0.174369 0.119537 0.0563421 0.0188178 0.00597031 0.00498646 0.0084284 0.0139145 0.0202206 0.02581 0.0291498 0.0295225 0.0274156 0.0241143 0.0208467 0.018172 0.015978 0.0138897
 1.06359e-16 4.52997e-05 0.00044033 0.00292615 0.0133019 0.0413872 0.088181 0.12871 0.128742 0.0883409 0.0419242 0.0148536 0.0068236 0.00895682 0.0162443 0.0268488 0.0388274 0.0491572 0.0547833 0.0543018 0.0487718 0.0409324 0.033482 0.0277793 0.0237262 0.0205128
 1.11135e-16 4.22663e-05 0.000410844 0.0027302 0.0124111 0.0386157 0.0822759 0.12009 0.120116 0.0824057 0.0390522 0.0136743 0.00591086 0.00738689 0.0133871 0.0223168 0.0327355 0.0424102 0.0490663 0.0516314 0.0507731 0.0482177 0.0454471 0.0428658 0.0399615 0.0360658
 1.13675e-16 4.78877e-05 0.000465485 0.00309332 0.0140618 0.0437515 0.093218 0.136059 0.13608 0.0933211 0.044098 0.0150647 0.00561846 0.00600377 0.0106432 0.0177247 0.0260186 0.0337723 0.0392419 0.0416744 0.0417181 0.0408361 0.0402046 0.0399943 0.0394951 0.0377939
 1.07481e-16 6.29584e-05 0.000611978 0.00406681 0.0184871 0.0575204 0.122554 0.178874 0.178887 0.12262 0.0577427 0.01913 0.00568341 0.00415102 0.00681414 0.0112456 0.0163865 0.0210249 0.0239808 0.0247455 0.0237783 0.0221478 0.0208069 0.0200755 0.0196452 0.0189578
 1.01735e-16 7.36813e-05 0.000716208 0.00475946 0.0216358 0.0673171 0.143426 0.209337 0.209345 0.143465 0.0674459 0.0220081 0.00569433 0.00275811 0.00395484 0.00643025 0.00927714 0.011713 0.0129964 0.0127926 0.0113698 0.00941051 0.00759272 0.0062654 0.00540868 0.00480764
 1.0142e-16 6.12989e-05 0.000595847 0.00395961 0.0179998 0.0560043 0.119324 0.174161 0.174183 0.119432 0.0563666 0.019046 0.00658458 0.00632293 0.0109285 0.0179449 0.0257852 0.0323006 0.0353439 0.0339244 0.0287997 0.0219721 0.0155102 0.0106052 0.00740395 0.00543969
 1.04207e-16 4.6114e-05 0.000448244 0.00297874 0.013541 0.0421311 0.089766 0.131023 0.131055 0.0899223 0.0426564 0.0150593 0.00679364 0.00878836 0.0159209 0.0263392 0.03815 0.0484112 0.0541301 0.0538865 0.048617 0.040868 0.033167 0.0268189 0.0218355 0.0176468
 1.07622e-16 5.1844e-05 0.000503942 0.00334887 0.0152235 0.0473661 0.100919 0.147299 0.14732 0.101021 0.047707 0.0162101 0.00583262 0.00594973 0.0104643 0.0174009 0.0254921 0.0329627 0.0380195 0.0398171 0.0388837 0.0365912 0.0341313 0.0318559 0.0293929 0.0262367
 1.02678e-16 7.28444e-05 0.000708074 0.0047054 0.0213901 0.0665525 0.141797 0.206959 0.206966 0.141833 0.0666722 0.0217363 0.00557561 0.00261183 0.00370059 0.00603495 0.00876413 0.0111883 0.0126498 0.0128563 0.0120451 0.0107984 0.00965701 0.00884167 0.00824777 0.00763595
 1.00319e-16 7.87204e-05 0.000765191 0.00508496 0.0231155 0.0719209 0.153235 0.223652 0.223656 0.153254 0.0719832 0.0232954 0.00553629 0.00174984 0.00194699 0.00308962 0.00443243 0.0055516 0.00607441 0.00583166 0.00495572 0.00379321 0.00270115 0.00188357 0.001362 0.00105044
 1.01113e-16 3.47323e-05 0.00033761 0.00224354 0.0101988 0.0317327 0.0676118 0.0986926 0.0987458 0.067872 0.0326061 0.0127205 0.00856855 0.0141299 0.0261838 0.0431138 0.061825 0.0771582 0.0838767 0.0795617 0.0660819 0.0483981 0.0317 0.0190756 0.0110343 0.00649611
 1.02492e-16 7.13153e-05 0.00069321 0.00460662 0.020941 0.0651554 0.138821 0.202614 0.20262 0.138848 0.0652482 0.0212103 0.00528734 0.00219522 0.00297063 0.00491958 0.00736135 0.00984017 0.0119198 0.0133611 0.0141953 0.014578 0.0145692 0.014056 0.0128811 0.0110364
 1.03502e-16 5.206e-05 0.000506042 0.00336283 0.015287 0.0475636 0.10134 0.147916 0.147946 0.101491 0.048069 0.0167465 0.00702499 0.00849571 0.015212 0.0250307 0.035973 0.0450782 0.0493759 0.0475228 0.0406243 0.0315122 0.0230717 0.016902 0.0130833 0.0108132
 1.0354e-16 6.37746e-05 0.000619912 0.00411954 0.0187268 0.0582662 0.124143 0.181193 0.181207 0.124211 0.0584967 0.0193936 0.00579707 0.00429435 0.00707839 0.0116953 0.0170604 0.0219092 0.0249814 0.0256709 0.024335 0.0219561 0.0194534 0.0172159 0.0151387 0.0129735
 1.03662e-16 5.90161e-05 0.000573657 0.00381216 0.0173295 0.0539187 0.11488 0.167676 0.167697 0.114984 0.0542685 0.0183402 0.00634995 0.00611686 0.0105961 0.0174497 0.0251927 0.0318138 0.035305 0.0347486 0.030854 0.0254495 0.0203519 0.0164991 0.013854 0.01188
 1.03716e-16 6.0668e-05 0.000589715 0.00391886 0.0178146 0.0554279 0.118096 0.172368 0.172386 0.118186 0.0557297 0.0186867 0.00611038 0.0053817 0.00918469 0.0151488 0.0219583 0.0279104 0.0313032 0.0313426 0.0285835 0.0244911 0.0204956 0.0172974 0.0148321 0.0126963
 1.09394e-16 2.65015e-05 0.000257604 0.00171187 0.00778196 0.0242128 0.0515898 0.075307 0.0753556 0.0518273 0.0250104 0.010087 0.00750236 0.0129137 0.0241085 0.0399345 0.057808 0.0732943 0.0818747 0.081458 0.0735765 0.0622238 0.0513211 0.0428221 0.0365719 0.0314228
 1.07889e-16 6.39547e-05 0.000621662 0.00413117 0.0187797 0.0584306 0.124493 0.181702 0.18171 0.124528 0.0585493 0.0191247 0.00500533 0.00255726 0.00382039 0.0064257 0.00974591 0.0132995 0.0166237 0.0194911 0.0219637 0.0241677 0.025995 0.0270289 0.0267705 0.0249712
 1.06175e-16 5.66701e-05 0.000550854 0.00366062 0.0166406 0.0517754 0.110314 0.161011 0.161034 0.110428 0.0521599 0.0177514 0.00644864 0.00663682 0.0116148 0.0191137 0.0275388 0.0346693 0.0383016 0.0374708 0.0330521 0.0271851 0.0219803 0.0184999 0.0166066 0.0154986
 1.08918e-16 3.93644e-05 0.000382636 0.00254275 0.011559 0.0359646 0.0766276 0.111848 0.111882 0.0767983 0.0365379 0.0132166 0.00670919 0.00949714 0.0174057 0.02886 0.0419144 0.0534305 0.060214 0.0607709 0.0561331 0.049019 0.0420509 0.0364629 0.0320652 0.0280685
 1.07166e-16 6.19548e-05 0.000602222 0.00400198 0.0181924 0.0566035 0.1206 0.176022 0.176033 0.120657 0.0567948 0.0187467 0.00539937 0.00367281 0.00595283 0.00989928 0.0146224 0.019167 0.022595 0.0244745 0.0250821 0.0250824 0.0249614 0.0246991 0.023899 0.022177
 1.0482e-16 6.14462e-05 0.000597279 0.00396913 0.0180431 0.0561388 0.11961 0.174579 0.174597 0.119701 0.0564426 0.0189206 0.00617258 0.0054098 0.00920868 0.0151472 0.0218661 0.0276161 0.0306676 0.0302511 0.0270212 0.0226051 0.0185992 0.0157953 0.0140864 0.0128931
 1.0756e-16 3.79164e-05 0.000368561 0.00244922 0.0111338 0.0346416 0.0738091 0.107735 0.107774 0.0739998 0.0352822 0.012985 0.0070996 0.0105323 0.0193757 0.0320636 0.0464003 0.058802 0.0656267 0.0651835 0.0586986 0.04939 0.0404383 0.0334614 0.0283868 0.0243256
 1.11981e-16 4.64561e-05 0.00045157 0.00300084 0.0136414 0.0424436 0.0904312 0.131991 0.132011 0.0905277 0.0427683 0.0145824 0.00537462 0.00567288 0.0100785 0.0168923 0.0250431 0.0329945 0.0391826 0.0428607 0.0444249 0.0448741 0.044888 0.0443331 0.0425352 0.0389501
 1.0747e-16 6.37973e-05 0.000620132 0.004121 0.0187335 0.0582868 0.124187 0.181257 0.181269 0.124247 0.0584907 0.019323 0.00560374 0.00386698 0.00626024 0.0103296 0.0150705 0.019381 0.0221979 0.0230751 0.0224466 0.0212854 0.0204293 0.0201063 0.0199541 0.0193946
 1.07773e-16 4.47276e-05 0.000434769 0.00288919 0.0131339 0.0408645 0.0870675 0.127085 0.127119 0.0872349 0.0414269 0.0147584 0.006968 0.00934237 0.0169727 0.0280184 0.0404312 0.0510097 0.0565291 0.0555324 0.0492053 0.0405559 0.0325775 0.026821 0.0232058 0.0207721
 1.06474e-16 5.96034e-05 0.000579366 0.00385009 0.017502 0.0544552 0.116023 0.169342 0.169357 0.116095 0.0546966 0.0182008 0.00561024 0.00444172 0.00745352 0.0123814 0.0181896 0.0236286 0.0274494 0.0290579 0.0288033 0.0276013 0.026224 0.0248582 0.0232101 0.02093
pSPR Fmed_Fpbrs
1   0.983657 0.6 0.325 0.983657 0.983657 0.983657
Fs Fmed_Fpbrs
0   0.01 0.353197 0.909978 0.01 0.01 0.01
SSBpbr Bo_Bmed_Bpbrs
1.65444e+06  1.57172e+06  1.54468e+06 909943 454972 1.54468e+06 1.54468e+06 1.54468e+06
Ro
214207
SPR SPRFo_SPRFmed_SPRFpbrs
1.54322e+06 1.54322e+06 1.518e+06
Fref
0
Nvult_r0
 182427 42399.8 27688.5 4501.47 3412.34
CTP_r0
 14536.1 6123.18 4177.26 680.719 516.084
YTP_r0
356510
Np
 275307 101280 37258.8 13706.7 6897.44
Nvult_p0
 174027 64021.1 23552.1 8664.32 4360.01
CTP_p0
 0 0 0 0 0
 0 0 0 0 0
 0 0 0 0 0
 0 0 0 0 0
 0 0 0 0 0
 0 0 0 0 0
YTP_p0
 0 0 0 0 0 0
CBA_c0
0
log_Ro
12.0947
likeval ReclasPelacesDesembMPH_pf_preclas_ppelaces_ptallas_desvR_qrecl_qpela
 41.5115 29.1441 0.111998 81.2895 240.406 139.741 111.007 0 28.1522 9.09603e-06 4.88507e-06 0.512942 2066.44 0 0
q_reclas_q_pelaces
0.652776 0.731563
M
1
N
 221590 41860.7 182439 9410.68 0.347075
 113380 76963.1 13766.6 59645.3 3075.77
 148017 37609.4 23140 4095.42 18647.8
 219279 49258.8 11379.7 6930 6807.12
 177490 68494.4 13172.9 2992.54 3609.03
 241075 61974.2 22759.8 4353.81 2181.24
 103732 78363.3 17911.8 6495.09 1863.6
 53524.4 29472.7 17421.5 3877.98 1807
 44174.8 18879.7 9988.99 5879.15 1918.02
 62493.3 13694 4974.53 2586.15 2016.69
 193578 18281 3222.41 1143.39 1056.55
 192295 67957.9 6138.85 1076.92 735.011
 87233.7 59463.9 17820.2 1581.34 466.274
 55614.3 26808.6 15405.3 4532.29 520.238
 124005 13112.3 4142.9 2274.5 744.077
 729632 34720.4 2833.02 870.393 633.181
 160361 224043 8980.41 719.303 381.356
 750629 54516.3 70666.3 2809.71 344.206
 422831 245599 15958.5 20438.9 911.597
 631213 130713 64363 4108.21 5490.82
 614908 203947 37337 18141.7 2703.57
 722748 206280 62680 11366.9 6342.79
 141465 234117 59215 17759.7 5014.15
 485996 48433.5 74867.7 18797.2 7226.33
 443294 165575 15340.7 23527.4 8174.34
 193167 152142 53201.2 4894.18 10109.8
 399976 67391.5 50472 17553.4 4948.94
 503342 136420 21391.8 15897.3 7084.53
 190093 173345 44128.1 6872.97 7381.01
 177345 66642.8 58054.3 14706 4748.89
 346938 61433.2 21803.9 18877.2 6323.83
 173673 117103 19107.9 6722.18 7765.65
 275307 61515.2 40012 6503.54 4929.96
pred_Ctot
 7864.12 2831.94 12960.2 670.29 0.0247244
 7106.25 9036.28 1694.13 7358.65 379.519
 8997.76 4287.96 2765.59 490.711 2234.68
 21199.2 8725.91 2107.96 1286.8 1264.14
 5730.23 4223.95 853.211 194.343 234.411
 17918.4 8564.21 3293.92 631.678 316.51
 15245.7 20412.5 4862.25 1767.04 507.067
 1398.07 1476.26 916.906 204.647 95.3718
 4455.48 3479.59 1924.58 1135.45 370.477
 8243.86 3233.97 1225.51 638.569 498.019
 5615.36 1015.06 187.967 66.8731 61.8026
 19654.1 12681.1 1197.42 210.561 143.729
 9211.69 11438.6 3582.38 318.651 93.9692
 13086.6 10527.6 6266.63 1847.15 212.046
 19147 3570.49 1175.02 646.514 211.525
 77377.9 6705.52 571.773 176.084 128.111
 7742.86 20453.1 860.128 69.0723 36.6254
 52985.1 7171.96 9738.74 388.186 47.5614
 43288.8 45900.4 3117.58 4002.39 178.534
 49081.8 18855 9720.99 622.019 831.467
 34507.7 21530.9 4133.25 2013.45 300.096
 55156 29230.3 9300.66 1690.86 943.629
 6237.22 19568.8 5194.31 1561.94 441.047
 22847.5 4308.54 6988.04 1759.06 676.34
 18900.4 13395.8 1302.64 2003.04 696.03
 6334.44 9526.84 3498.8 322.722 666.735
 18539.2 5913.22 4646.94 1620.34 456.895
 20427.4 10519.5 1731.53 1290.16 575.031
 5673.03 9896.89 2646.6 413.306 443.92
 6576.11 4705.88 4304.2 1093.19 353.064
 18219.4 6083.16 2264.51 1965.6 658.562
 4094.64 5302.96 909.358 320.773 370.618
 14536.1 6123.18 4177.26 680.719 516.084
F
 0.057502 0.112102 0.117999 0.118327 0.118344
 0.103492 0.201762 0.212376 0.212965 0.212997
 0.100242 0.195424 0.205705 0.206276 0.206306
 0.163592 0.318929 0.335706 0.336638 0.336688
 0.0521949 0.101756 0.107109 0.107406 0.107422
 0.123751 0.241258 0.253949 0.254654 0.254692
 0.258343 0.50365 0.530144 0.531616 0.531694
 0.0420514 0.0819808 0.0862934 0.0865329 0.0865456
 0.171198 0.333756 0.351313 0.352289 0.35234
 0.229197 0.446829 0.470334 0.47164 0.471709
 0.0467927 0.0912242 0.096023 0.0962896 0.0963036
 0.173659 0.338555 0.356364 0.357354 0.357406
 0.179869 0.35066 0.369107 0.370132 0.370186
 0.444888 0.867326 0.912951 0.915486 0.915619
 0.272993 0.53221 0.560207 0.561762 0.561844
 0.180701 0.352283 0.370814 0.371844 0.371898
 0.0789269 0.153871 0.161965 0.162415 0.162439
 0.117212 0.228509 0.24053 0.241198 0.241233
 0.17397 0.33916 0.357002 0.357993 0.358045
 0.129783 0.253016 0.266326 0.267066 0.267105
 0.0922368 0.179819 0.189278 0.189804 0.189832
 0.127241 0.248061 0.261111 0.261836 0.261874
 0.0718619 0.140097 0.147467 0.147877 0.147898
 0.0767791 0.149684 0.157558 0.157995 0.158018
 0.0694225 0.135342 0.142461 0.142857 0.142878
 0.0530343 0.103392 0.108831 0.109133 0.109149
 0.075665 0.147512 0.155272 0.155703 0.155725
 0.0659865 0.128643 0.13541 0.135786 0.135806
 0.0481674 0.093904 0.0988438 0.0991182 0.0991327
 0.0601461 0.117257 0.123425 0.123768 0.123786
 0.0860962 0.167848 0.176677 0.177168 0.177194
 0.0378911 0.0738701 0.077756 0.0779719 0.0779833
 0.0865803 0.168791 0.177671 0.178164 0.17819
YTP_r0W_actual
 109602 106850 100547 21320.1 18192
YTP_p0W_proyectada
 0 0 0 0 0
 0 0 0 0 0
 0 0 0 0 0
 0 0 0 0 0
 0 0 0 0 0
 0 0 0 0 0
CTP_r0_actual
 14536.1 6123.18 4177.26 680.719 516.084
CTP_p0_proyectada
 0 0 0 0 0
 0 0 0 0 0
 0 0 0 0 0
 0 0 0 0 0
 0 0 0 0 0
 0 0 0 0 0
Wmedp
 7.54 17.45 24.07 31.32 35.25
Frms_r0
 0.0865803 0.168791 0.177671 0.178164 0.17819
Zrms_r0
 1.08658 1.16879 1.17767 1.17816 1.17819
nmprior
 7.29 8.9 8.7 0
nm_flota  nm_reclas  nm_pelaces    nm_pelaL
inf 10.5732 15.0688 44.5976
cv_recla  cv_pelaces  cv_mph
0.278988 0.492816 0.722894
 ------------------------------------------------
Talla a la edad & desviaci?n 
 8 13.2811 15.8009 17.003 17.5766
 0.8 1.32811 1.58009 1.7003 1.75766
