years
 1991 1992 1993 1994 1995 1996 1997 1998 1999 2000 2001 2002 2003 2004 2005 2006 2007 2008 2009 2010 2011 2012 2013 2014 2015 2016 2017 2018 2019 2020 2021 2022 2023
reclasobs
 0 0 0 0 0 0 0 0 0 252601 567819 844713 477998 351125 339783 2.1784e+06 2.13404e+06 4.81314e+06 1.55562e+06 2.62356e+06 3.21686e+06 3.843e+06 1.13348e+06 3.07943e+06 1.97215e+06 2.03268e+06 2.025e+06 2.42433e+06 2.27542e+06 1.05018e+06 2.36338e+06 3.18982e+06 1.53035e+06
reclaspred
 2.85628e+06 1.5901e+06 841306 874262 885011 1.21781e+06 725301 655726 456133 328227 559884 750283 589968 305820 470500 1.55203e+06 1.64261e+06 2.77932e+06 2.04591e+06 2.08684e+06 3.59274e+06 2.64221e+06 1.99933e+06 2.95573e+06 2.28879e+06 2.07567e+06 2.32934e+06 2.57418e+06 2.2543e+06 1.70334e+06 1.94545e+06 2.10279e+06 1.66201e+06
pelacesobs
 0 0 0 0 0 0 0 0 0 0 0 0 0 0 0 552880 188675 0 991730 2.46772e+06 1.41603e+06 1.21717e+06 2.29649e+06 1.80582e+06 0 1.4828e+06 1.56532e+06 1.57751e+06 1.42118e+06 867257 1.10002e+06 1.06204e+06 0
pelacespred
 1.48533e+06 920644 481058 411706 436841 618002 338826 382378 253976 171788 299188 354073 298588 154376 258641 722300 764565 1.46289e+06 1.12932e+06 1.0176e+06 1.75243e+06 1.4528e+06 1.0755e+06 1.72188e+06 1.27537e+06 1.15117e+06 1.47744e+06 1.47036e+06 1.15774e+06 1.00665e+06 1.00807e+06 1.09433e+06 892718
mphobs
 0 0 0 0 0 0 0 0 0 0 0 0 498337 0 5186 125008 0 168611 109162 213762 579715 649985 157893 87575 83554 210694 70296 0 107559 103333 445601 22526 28222
mphpred
 470722 316310 156845 91642.8 104397 116589 130689 77693.1 70021.4 45538.3 30344.9 75820.5 89639 51981.3 22230.3 49212.8 209081 211581 286585 315680 479534 532086 107257 85706.4 122486 100083 88144.4 91560.5 130175 102474 67118.2 91998.3 65850.1
desembarqueobs
 494567 514787 250237 358949 120608 361735 552515 73892 212993 205616 52469 317467 293654 387597 252695 516296 358380 742168 942051 627588 828172 859565 418607 520667 417249 300574 415391 372974 316634 284311 391294 218835 356480
desembarquepred
 494572 513320 251005 359001 120616 361783 552664 73899.1 213081 205691 52470.5 317515 293861 388070 252661 516273 358441 742191 942056 627442 828299 859716 418663 520718 417249 300586 415415 372966 316628 284286 391278 218853 356515
Reclutas
 207079 104446 135578 198275 161675 222062 94730.7 48395.3 40238.9 56643.5 171491 180043 81469.4 51848.8 113007 651661 141114 679492 379712 576644 549077 652154 126009 430253 395147 171154 353569 445537 169478 158265 306521 153285 243734
log_desv_Rt
 0.0688133 -0.615614 -0.35474 0.0253677 -0.178697 0.138668 -0.713249 -1.38488 -1.56945 -1.22751 -0.119753 -0.0710908 -0.864059 -1.31595 -0.536835 1.21524 -0.314717 1.25706 0.675126 1.09294 1.04395 1.21599 -0.427937 0.800086 0.714971 -0.121725 0.603791 0.834993 -0.131565 -0.200016 0.461 -0.231989 0.23179
SSB
 3.29405e+06 2.2135e+06 1.09758e+06 641304 730557 815877 914542 543687 490000 318671 212350 530582 601248 356288 150516 334771 1.46312e+06 1.48062e+06 2.06254e+06 1.42368e+06 2.2117e+06 2.55977e+06 2.18721e+06 1.68966e+06 2.27461e+06 1.96375e+06 1.63773e+06 1.64212e+06 2.41375e+06 1.79636e+06 1.32539e+06 1.85963e+06 1.23926e+06
BT
 4.4481e+06 3.00459e+06 1.55512e+06 1.41505e+06 1.27817e+06 1.9789e+06 1.42734e+06 1.09835e+06 903492 663375 853865 1.22124e+06 1.0715e+06 823243 953127 2.37486e+06 2.34595e+06 4.60192e+06 3.98641e+06 3.31108e+06 5.37591e+06 4.77977e+06 3.27904e+06 5.13945e+06 3.84525e+06 3.37736e+06 4.41712e+06 4.33621e+06 3.39157e+06 2.99524e+06 3.07809e+06 3.13275e+06 2.7333e+06
Ftot
 0.137786 0.248877 0.241542 0.392783 0.124395 0.290818 0.61796 0.101854 0.416102 0.566696 0.113973 0.411915 0.42677 1.0989 0.669761 0.436296 0.190372 0.282037 0.418914 0.312903 0.220892 0.305094 0.172612 0.185225 0.166842 0.126956 0.181956 0.158566 0.115029 0.144072 0.207407 0.0908254 0.208349
BD_Bspro_t
 0.978359 0.852078 0.701601 0.633757 0.638033 0.703169 0.656811 0.491677 0.556128 0.494712 0.463311 0.747513 0.649358 0.474157 0.28612 0.469304 0.697523 0.678133 0.697608 0.595018 0.652656 0.678605 0.674636 0.657556 0.746516 0.761114 0.765321 0.782963 0.830505 0.789503 0.757762 0.795231 0.797727
BD_Bspro
 2.36529 1.5894 0.788121 0.460489 0.524577 0.585841 0.656687 0.390394 0.351845 0.228822 0.152478 0.380985 0.431727 0.255833 0.108078 0.240383 1.05059 1.06316 1.48101 1.02228 1.58811 1.83805 1.57053 1.21326 1.63328 1.41007 1.17597 1.17912 1.7332 1.28988 0.951698 1.33531 0.889849
BD_Bo
 2.32187 1.56022 0.773652 0.452035 0.514946 0.575086 0.644631 0.383227 0.345386 0.224621 0.149678 0.37399 0.423801 0.251136 0.106094 0.23597 1.03131 1.04364 1.45382 1.00351 1.55895 1.8043 1.5417 1.19098 1.6033 1.38418 1.15438 1.15748 1.70138 1.2662 0.934226 1.31079 0.873513
BD_Brms
 2.4865 1.67085 0.828505 0.484085 0.551457 0.61586 0.690337 0.410399 0.369874 0.240547 0.160291 0.400507 0.453849 0.268942 0.113616 0.2527 1.10443 1.11764 1.5569 1.07466 1.66949 1.93223 1.651 1.27543 1.71698 1.48233 1.23623 1.23954 1.82201 1.35597 1.00046 1.40373 0.935446
Sel_flota
 0.473713 0.944757 0.996932 0.999838 0.999991
 0.473713 0.944757 0.996932 0.999838 0.999991
 0.473713 0.944757 0.996932 0.999838 0.999991
 0.473713 0.944757 0.996932 0.999838 0.999991
 0.473713 0.944757 0.996932 0.999838 0.999991
 0.473713 0.944757 0.996932 0.999838 0.999991
 0.473713 0.944757 0.996932 0.999838 0.999991
 0.473713 0.944757 0.996932 0.999838 0.999991
 0.473713 0.944757 0.996932 0.999838 0.999991
 0.473713 0.944757 0.996932 0.999838 0.999991
 0.473713 0.944757 0.996932 0.999838 0.999991
 0.473713 0.944757 0.996932 0.999838 0.999991
 0.473713 0.944757 0.996932 0.999838 0.999991
 0.473713 0.944757 0.996932 0.999838 0.999991
 0.473713 0.944757 0.996932 0.999838 0.999991
 0.473713 0.944757 0.996932 0.999838 0.999991
 0.473713 0.944757 0.996932 0.999838 0.999991
 0.473713 0.944757 0.996932 0.999838 0.999991
 0.473713 0.944757 0.996932 0.999838 0.999991
 0.473713 0.944757 0.996932 0.999838 0.999991
 0.473713 0.944757 0.996932 0.999838 0.999991
 0.473713 0.944757 0.996932 0.999838 0.999991
 0.473713 0.944757 0.996932 0.999838 0.999991
 0.473713 0.944757 0.996932 0.999838 0.999991
 0.473713 0.944757 0.996932 0.999838 0.999991
 0.473713 0.944757 0.996932 0.999838 0.999991
 0.473713 0.944757 0.996932 0.999838 0.999991
 0.473713 0.944757 0.996932 0.999838 0.999991
 0.473713 0.944757 0.996932 0.999838 0.999991
 0.473713 0.944757 0.996932 0.999838 0.999991
 0.473713 0.944757 0.996932 0.999838 0.999991
 0.473713 0.944757 0.996932 0.999838 0.999991
 0.473713 0.944757 0.996932 0.999838 0.999991
Sel_reclas
 1 1 1 1 1
 1 1 1 1 1
 1 1 1 1 1
 1 1 1 1 1
 1 1 1 1 1
 1 1 1 1 1
 1 1 1 1 1
 1 1 1 1 1
 1 1 1 1 1
 1 1 1 1 1
 1 1 1 1 1
 1 1 1 1 1
 1 1 1 1 1
 1 1 1 1 1
 1 1 1 1 1
 1 1 1 1 1
 1 1 1 1 1
 1 1 1 1 1
 1 1 1 1 1
 1 1 1 1 1
 1 1 1 1 1
 1 1 1 1 1
 1 1 1 1 1
 1 1 1 1 1
 1 1 1 1 1
 1 1 1 1 1
 1 1 1 1 1
 1 1 1 1 1
 1 1 1 1 1
 1 1 1 1 1
 1 1 1 1 1
 1 1 1 1 1
 1 1 1 1 1
Sel_pelaces
 1 1 1 1 1
 1 1 1 1 1
 1 1 1 1 1
 1 1 1 1 1
 1 1 1 1 1
 1 1 1 1 1
 1 1 1 1 1
 1 1 1 1 1
 1 1 1 1 1
 1 1 1 1 1
 1 1 1 1 1
 1 1 1 1 1
 1 1 1 1 1
 1 1 1 1 1
 1 1 1 1 1
 1 1 1 1 1
 1 1 1 1 1
 1 1 1 1 1
 1 1 1 1 1
 1 1 1 1 1
 1 1 1 1 1
 1 1 1 1 1
 1 1 1 1 1
 1 1 1 1 1
 1 1 1 1 1
 1 1 1 1 1
 1 1 1 1 1
 1 1 1 1 1
 1 1 1 1 1
 1 1 1 1 1
 1 1 1 1 1
 1 1 1 1 1
 1 1 1 1 1
pf_obs 
 0.8446 0.082 0.0669 0.0065 0
 0.8095 0.147 0.0364 0.0071 0
 0.9664 0.0169 0.016 0.0007 0
 0.9276 0.0648 0.0075 0.0001 0
 0.7033 0.2144 0.0806 0.0017 0
 0.9318 0.0425 0.0243 0.0014 0
 0.5671 0.3108 0.0964 0.0239 0.0018
 0.0768 0.2599 0.5324 0.112 0.0189
 0.490249 0.384438 0.106611 0.0170017 0.00170017
 0.7925 0.1577 0.0466 0.003 0.0002
 0.840416 0.127587 0.0312969 0.00059994 9.999e-05
 0.8084 0.0986 0.0794 0.0134 0.0002
 0.7335 0.1905 0.0724 0.0035 0.0001
 0.4001 0.4547 0.1325 0.0127 0
 0.49795 0.308269 0.164784 0.0264974 0.00249975
 0.9179 0.0499 0.0305 0.0017 0
 0.2467 0.6533 0.0926 0.0074 0
 0.9418 0.0223 0.034 0.0019 0
 0.707729 0.231977 0.0356964 0.0245975 0
 0.517169 0.277429 0.184464 0.0207286 0.00020938
 0.811772 0.124168 0.05621 0.00726502 0.000585176
 0.764997 0.148141 0.077277 0.00933861 0.000247198
 0.163321 0.427699 0.378323 0.0303852 0.000271297
 0.753843 0.0900009 0.118128 0.0371064 0.000921714
 0.721811 0.176058 0.0630433 0.0369309 0.00215725
 0.143369 0.312575 0.442814 0.0836902 0.0175525
 0.692698 0.0596174 0.167031 0.0765114 0.00414204
 0.394062 0.376323 0.152708 0.0712218 0.00568511
 0.125707 0.32114 0.495352 0.0537591 0.00404204
 0.23352 0.215282 0.420074 0.123614 0.00750983
 0.796117 0.104755 0.0508955 0.0450114 0.00322123
 0.162477 0.292055 0.404252 0.121198 0.0200186
 0 0 0 0 0
pf_pred 
 0.335763 0.121018 0.515556 0.027662 1.04115e-06
 0.282116 0.366655 0.0669487 0.269844 0.0144354
 0.485063 0.232713 0.14848 0.0255599 0.108185
 0.61524 0.255825 0.0602042 0.0362171 0.032514
 0.515493 0.375915 0.0737675 0.0162915 0.0185329
 0.587728 0.280129 0.103793 0.0192775 0.00907261
 0.359182 0.481303 0.110496 0.0385305 0.0104889
 0.349219 0.366919 0.216975 0.0463884 0.0204985
 0.399901 0.311202 0.166788 0.0934027 0.0287068
 0.607225 0.23437 0.0847634 0.0425794 0.0310621
 0.811486 0.147067 0.0254372 0.0085826 0.00742757
 0.593545 0.363981 0.0335369 0.00549124 0.00344565
 0.381191 0.46974 0.134378 0.0116081 0.00308224
 0.424383 0.331888 0.187904 0.0503409 0.00548345
 0.791009 0.14028 0.0411253 0.0212913 0.00629424
 0.913287 0.0780288 0.0059709 0.00162657 0.00108663
 0.265022 0.704075 0.0279878 0.00200677 0.000908582
 0.760961 0.100434 0.133089 0.00499688 0.000518859
 0.450675 0.478898 0.0306302 0.0382183 0.0015787
 0.631291 0.235754 0.116875 0.00700758 0.00907267
 0.551752 0.351417 0.0632728 0.0295116 0.00404647
 0.576881 0.302973 0.0953757 0.0162032 0.00856645
 0.189122 0.601195 0.152724 0.0452469 0.0117114
 0.626297 0.119676 0.191089 0.0458801 0.0170579
 0.522935 0.370568 0.0354535 0.0534832 0.0175604
 0.310551 0.474263 0.169287 0.0153116 0.0305873
 0.594676 0.192045 0.149233 0.0504186 0.0136278
 0.591767 0.306581 0.0496258 0.0364376 0.0155893
 0.298431 0.522178 0.136622 0.0209126 0.0218568
 0.387483 0.280378 0.250659 0.0620997 0.0193811
 0.623424 0.211998 0.0776395 0.0656599 0.0212787
 0.371749 0.485713 0.0823074 0.0284611 0.0317692
 0.55899 0.237405 0.159351 0.0255867 0.0186674
pobs_RECLAS
 0 0 0 0 0
 0 0 0 0 0
 0 0 0 0 0
 0 0 0 0 0
 0 0 0 0 0
 0 0 0 0 0
 0 0 0 0 0
 0 0 0 0 0
 0 0 0 0 0
 0 0 0 0 0
 0.991045 0.00858322 0.000360255 1.14367e-05 0
 0.934742 0.0480273 0.0164251 0.00080598 0
 0.827803 0.169806 0.00239088 0 0
 0.941827 0.0461693 0.0120037 0 0
 0.791401 0.0380133 0.147996 0.0225897 0
 0.846168 0.0940531 0.0597789 0 0
 0.134021 0.677848 0.182769 0.00536245 0
 0.80878 0.0450904 0.141981 0.00414843 0
 0.846168 0.0940531 0.0597789 0 0
 0.905697 0.0802665 0.012482 0.00150086 5.37128e-05
 0.989698 0.0102097 9.19794e-05 0 0
 0.975433 0.0193895 0.00387452 0.00125025 5.28907e-05
 0.303575 0.632131 0.0575291 0.00676475 0
 0.966965 0.00978017 0.0227588 0.000495775 0
 0.843318 0.132988 0.00938335 0.0141283 0.000182051
 0.564624 0.303363 0.111486 0.0197234 0.00080311
 0.826376 0.0876187 0.0782897 0.00655872 0.00115652
 0.89761 0.0855135 0.0140674 0.00269457 0.000114338
 0.34875 0.467042 0.161289 0.0227151 0.000203297
 0.318654 0.224769 0.449479 0.00709798 0
 0.937255 0.0296025 0.0250945 0.00804832 0
 0.456809 0.399803 0.12412 0.0192676 0
 0.883104 0.0372192 0.0704036 0.00927362 0
ppred_RECLAS
 0.514575 0.0924553 0.373014 0.019955 7.50955e-07
 0.449 0.289328 0.0499989 0.200926 0.0107469
 0.661947 0.157516 0.0951211 0.0163258 0.0690896
 0.768147 0.15711 0.0349581 0.020966 0.0188192
 0.683449 0.248602 0.0462037 0.010174 0.011572
 0.745729 0.17584 0.0616449 0.011415 0.00537143
 0.539784 0.350646 0.0759729 0.0264091 0.007188
 0.523894 0.274843 0.153947 0.0328167 0.0144991
 0.582321 0.222591 0.112776 0.0629634 0.0193483
 0.764863 0.14362 0.0490434 0.0245594 0.0179134
 0.897219 0.0811459 0.0132936 0.00447213 0.00386968
 0.749339 0.225771 0.0196658 0.00321024 0.00201404
 0.559813 0.338637 0.0915707 0.00788613 0.00209362
 0.618917 0.225627 0.119944 0.0320239 0.00348761
 0.888746 0.0761258 0.0210524 0.0108647 0.00321135
 0.95573 0.0400597 0.00289742 0.000786898 0.0005256
 0.420885 0.556017 0.0209255 0.00149595 0.000677199
 0.869097 0.0567736 0.0711875 0.00266476 0.000276655
 0.627236 0.327336 0.0197915 0.0246193 0.0010168
 0.779459 0.143832 0.0674567 0.00403241 0.00521991
 0.714983 0.226104 0.0385356 0.0179204 0.00245676
 0.736941 0.191324 0.0569812 0.00965142 0.00510177
 0.32215 0.509672 0.122593 0.0362128 0.00937162
 0.777661 0.0739119 0.111736 0.0267483 0.00994327
 0.69033 0.243531 0.0220619 0.0331832 0.0108935
 0.478752 0.364652 0.123274 0.0111171 0.0222047
 0.752205 0.120844 0.0889087 0.0299492 0.00809379
 0.746883 0.192706 0.0295375 0.0216239 0.00925001
 0.463595 0.404787 0.100311 0.0153094 0.0159981
 0.566621 0.204326 0.172988 0.0427308 0.0133341
 0.773439 0.130677 0.045305 0.0382009 0.012378
 0.545287 0.355903 0.0571298 0.019697 0.0219831
 0.723484 0.152658 0.0970011 0.0155291 0.0113279
pobs_PELACES
 0 0 0 0 0
 0 0 0 0 0
 0 0 0 0 0
 0 0 0 0 0
 0 0 0 0 0
 0 0 0 0 0
 0 0 0 0 0
 0 0 0 0 0
 0 0 0 0 0
 0 0 0 0 0
 0 0 0 0 0
 0 0 0 0 0
 0 0 0 0 0
 0 0 0 0 0
 0 0 0 0 0
 0 0 0 0 0
 0.505614 0.472636 0.0217494 0 0
 0 0 0 0 0
 0.443492 0.261883 0.143347 0.151278 0
 0.227955 0.32914 0.350689 0.0885471 0.00366901
 0.970185 0.0296113 0.000203453 0 0
 0.997202 0.00247181 0.000326279 0 0
 0.445219 0.490057 0.0546422 0.010081 0
 0.90214 0.0892962 0.00764917 0.000914606 0
 0 0 0 0 0
 0.581667 0.319106 0.0959925 0.00289975 0.000334073
 0.762889 0.0836404 0.116647 0.0363945 0.000428098
 0.88444 0.0763242 0.0277011 0.0115352 0
 0.521256 0.241999 0.230069 0.00667565 0
 0.616807 0.101726 0.260614 0.0208532 0
 0.833518 0.0704572 0.0857862 0.0102388 0
 0.697417 0.212968 0.0787535 0.0105354 0.000325836
 0 0 0 0 0
ppred_PELACES
 0.520404 0.0915212 0.36837 0.019704 7.41503e-07
 0.459116 0.28462 0.048975 0.196764 0.0105242
 0.670801 0.153741 0.0924559 0.0158647 0.0671374
 0.779228 0.149936 0.0331371 0.0198664 0.0178319
 0.687718 0.245364 0.0455043 0.0100188 0.0113954
 0.754494 0.170043 0.0593151 0.0109805 0.0051669
 0.564168 0.332921 0.0713689 0.024794 0.00674819
 0.528029 0.272661 0.152457 0.032496 0.0143573
 0.598785 0.214549 0.107926 0.0602312 0.0185084
 0.781001 0.134285 0.0454102 0.0227277 0.0165768
 0.898879 0.0798685 0.0130587 0.00439262 0.00380086
 0.761301 0.215149 0.0186081 0.00303638 0.00190492
 0.576505 0.32635 0.0876021 0.00754127 0.00200202
 0.660056 0.202841 0.10581 0.0282204 0.00307322
 0.898968 0.0693879 0.0189691 0.00978324 0.00289159
 0.958542 0.0375431 0.00269508 0.000731638 0.000488678
 0.428146 0.549117 0.0205982 0.00147228 0.000666479
 0.874308 0.0546642 0.0682104 0.00255262 0.00026501
 0.642539 0.314182 0.0188596 0.0234507 0.000968514
 0.788021 0.138509 0.064611 0.00386114 0.00499813
 0.722089 0.220643 0.0374622 0.0174175 0.00238779
 0.746305 0.184781 0.0547441 0.00926979 0.00489997
 0.328202 0.5055 0.121229 0.0358038 0.0092657
 0.782966 0.0723041 0.108957 0.0260784 0.00969419
 0.695981 0.239239 0.0216109 0.0324996 0.010669
 0.483844 0.361329 0.121884 0.0109904 0.0219515
 0.757739 0.118338 0.0867927 0.0292313 0.00789971
 0.751639 0.189211 0.0289228 0.0211706 0.00905606
 0.468166 0.401535 0.0993078 0.0151546 0.0158363
 0.572437 0.201852 0.17047 0.042103 0.0131381
 0.779306 0.127491 0.0440429 0.0371293 0.0120306
 0.548871 0.35322 0.0566106 0.0195163 0.0217813
 0.730236 0.149173 0.0944469 0.0151172 0.0110273
pobs_pel_tallas
 0 0 0 0 0 0 0 0 0 0 0 0 0 0 0 0 0 0 0 0 0 0 0 0 0 0
 0 0 0 0 0 0 0 0 0 0 0 0 0 0 0 0 0 0 0 0 0 0 0 0 0 0
 0 0 0 0 0 0 0 0 0 0 0 0 0 0 0 0 0 0 0 0 0 0 0 0 0 0
 0 0 0 0 0 0 0 0 0 0 0 0 0 0 0 0 0 0 0 0 0 0 0 0 0 0
 0 0 0 0 0 0 0 0 0 0 0 0 0 0 0 0 0 0 0 0 0 0 0 0 0 0
 0 0 0 0 0 0 0 0 0 0 0 0 0 0 0 0 0 0 0 0 0 0 0 0 0 0
 0 0 0 0 0 0 0 0 0 0 0 0 0 0 0 0 0 0 0 0 0 0 0 0 0 0
 0 0 0 0 0 0 0 0 0 0 0 0 0 0 0 0 0 0 0 0 0 0 0 0 0 0
 0 0 0 0 0 0 0 0 0 0 0 0 0 0 0 0 0 0 0 0 0 0 0 0 0 0
 0 0 0 0 0 0 0 0 0 0 0 0 0 0 0 0 0 0 0 0 0 0 0 0 0 0
 0 0 0 0 0 0 0 0 0 0 0 0 0 0 0 0 0 0 0 0 0 0 0 0 0 0
 0 0 0 0 0 0 0 0 0 0 0 0 0 0 0 0 0 0 0 0 0 0 0 0 0 0
 0.00862536 0 0 0.000197151 0.00414017 0.0128641 0.00837892 0.0270097 0.101434 0.158115 0.152841 0.127902 0.109271 0.109419 0.0830992 0.0579132 0.0238553 0.00714673 0.00463305 0.00128148 0.00103504 0.000492878 0.000147863 0.000147863 4.92878e-05 0
 0 0 0 0 0 0 0 0 0 0 0 0 0 0 0 0 0 0 0 0 0 0 0 0 0 0
 0 0 0 0 0 0 0 0.0054083 0.00873648 0.0413646 0.0450493 0.0745869 0.0622846 0.0627006 0.0613931 0.0827291 0.12552 0.122667 0.0946155 0.0697135 0.0546179 0.0294188 0.0215738 0.0213955 0.0102223 0.00600262
 0 0 0 0 0.00359764 0.0251062 0.0480494 0.140153 0.205849 0.193036 0.1447 0.116669 0.0760912 0.0342217 0.00950174 0.001854 0.000860785 0 0 0 0.000165536 0 0.000143464 0 0 0
 0 0 0 0 0 0 0 0.000145254 0.000435761 0.0275982 0.070085 0.0708112 0.156366 0.174668 0.174014 0.160142 0.0824315 0.0480064 0.0283245 0.00493863 0.00203355 0 0 0 0 0
 0 0 0 0 0 0 0 0 0 0 0 0 0 0 0 0 0 0 0 0 0 0 0 0 0 0
 0 0 1.00437e-05 0.000401748 0.00122533 0.00171747 0.00176769 0.0269171 0.070346 0.194647 0.189555 0.159765 0.064822 0.0314167 0.0384472 0.0292271 0.0345202 0.0313363 0.0194345 0.0106764 0.0143323 0.0359363 0.0279516 0.0138201 0.00172751 0
 0 0.0021121 0.0136068 0.0755702 0.200478 0.177729 0.0527432 0.0373336 0.0318909 0.0142505 0.0149659 0.0166563 0.0217959 0.0798694 0.0677717 0.0528807 0.04013 0.0224614 0.0357745 0.0225083 0.00881397 0.00855152 0.00135912 0.000746735 0 0
 0 0 0 0 5.4009e-05 0.00500934 0.000945158 0.0243581 0.138947 0.33067 0.221406 0.137944 0.0707744 0.0437923 0.0131692 0.00525238 0.0047753 0.00276346 9.45158e-05 9.00151e-06 2.25038e-05 9.00151e-06 4.50075e-06 0 0 0
 0.000866109 0.00284123 0.00948549 0.0512746 0.133035 0.25785 0.225252 0.132002 0.0553304 0.0519788 0.0540692 0.017754 0.00435017 0.00159236 0.00146478 0.000404838 0.000125132 0.000115318 0.000107957 0.000100596 0 0 0 0 0 0
 0 0 0 0 0.00144013 0.00171154 0.00461396 0.0210425 0.0478622 0.0707936 0.0888783 0.103762 0.0637923 0.0337046 0.0602308 0.124433 0.169614 0.0934646 0.0462172 0.0250306 0.0313229 0.00938855 0.002487 0.000210481 0 0
 0 0.00764035 0.051015 0.0998891 0.058973 0.0496711 0.0374665 0.0718981 0.12319 0.153886 0.159021 0.0857701 0.0377988 0.023471 0.0147837 0.00900784 0.00315554 0.000888139 0.00291439 0.00214683 0.00393193 0.00274676 0.000635225 9.99891e-05 0 0
 0 0 0 0 0 0 0 0 0 0 0 0 0 0 0 0 0 0 0 0 0 0 0 0 0 0
 0 0 0 0 0 0 0 0 0 0 0 0 0 0 0 0 0 0 0 0 0 0 0 0 0 0
 0 0 0 0 0 0 0 0 0 0 0 0 0 0 0 0 0 0 0 0 0 0 0 0 0 0
 0 0 0 0 0 0 0 0 0 0 0 0 0 0 0 0 0 0 0 0 0 0 0 0 0 0
 0 0 0 0 0 0 0 0 0 0 0 0 0 0 0 0 0 0 0 0 0 0 0 0 0 0
 0 0 0 0 0 0 0 0 0 0 0 0 0 0 0 0 0 0 0 0 0 0 0 0 0 0
 0 0 0 0 0 0 0 0 0 0 0 0 0 0 0 0 0 0 0 0 0 0 0 0 0 0
 0 0 0 0 0 0 0 0 0 0 0 0 0 0 0 0 0 0 0 0 0 0 0 0 0 0
 0 0 0 0 0 0 0 0 0 0 0 0 0 0 0 0 0 0 0 0 0 0 0 0 0 0
ppred_pel_tallas
 1.1263e-16 4.2865e-05 0.000416663 0.00276887 0.0125869 0.0391626 0.0834403 0.121786 0.121795 0.0834864 0.0393189 0.0130454 0.00394627 0.00307468 0.00534749 0.00944006 0.0151443 0.0222619 0.0304959 0.039514 0.0487991 0.0573377 0.0635309 0.0656507 0.0626757 0.0549318
 1.23e-16 3.78168e-05 0.000367593 0.00244279 0.0111046 0.0345506 0.0736147 0.107449 0.107476 0.0737492 0.0350024 0.0124109 0.00572687 0.00755447 0.0137426 0.0228164 0.0332645 0.0427556 0.0490327 0.0512921 0.0507524 0.0498064 0.0503731 0.0527092 0.0554363 0.056532
 1.15661e-16 5.5253e-05 0.000537079 0.00356908 0.0162245 0.0504806 0.107555 0.156983 0.156998 0.107628 0.0507264 0.016936 0.00536146 0.00447127 0.00759089 0.0126323 0.0186003 0.0242727 0.0284599 0.0306809 0.0314436 0.0318153 0.0326252 0.0339359 0.0351132 0.0353054
 1.06005e-16 6.4184e-05 0.000623892 0.00414598 0.018847 0.0586402 0.12494 0.182356 0.182371 0.12501 0.0588779 0.0195339 0.0058715 0.00439566 0.00724247 0.0119126 0.0172545 0.0219205 0.0245943 0.0247036 0.0227663 0.0200229 0.0176494 0.0161625 0.0153686 0.0147251
 1.0431e-16 5.66464e-05 0.000550624 0.00365909 0.0166337 0.0517537 0.110268 0.160944 0.160968 0.110383 0.0521421 0.0177558 0.00647666 0.00670464 0.0117539 0.0193675 0.0279552 0.0352856 0.0391234 0.0384434 0.0340324 0.0279301 0.0221769 0.0178478 0.0149339 0.0128546
 1.03731e-16 6.21467e-05 0.000604088 0.00401438 0.0182488 0.0567789 0.120974 0.176568 0.176585 0.121054 0.0570489 0.0190296 0.00597715 0.00489802 0.0082441 0.0136014 0.0197524 0.0251851 0.0283926 0.0286687 0.0264933 0.0231354 0.0198155 0.0171024 0.0149039 0.0128614
 1.05774e-16 4.64699e-05 0.000451704 0.00300173 0.0136455 0.0424562 0.0904587 0.132034 0.132066 0.0906157 0.0429836 0.0151692 0.00682873 0.00881328 0.015948 0.0263481 0.0380847 0.0481774 0.0536152 0.0530121 0.0474096 0.0395115 0.0319945 0.026226 0.0221405 0.0189618
 1.10158e-16 4.34931e-05 0.000422768 0.00280944 0.0127713 0.0397365 0.0846639 0.123575 0.123601 0.0847933 0.0401716 0.0140304 0.00597885 0.0073718 0.0133298 0.0222009 0.0325232 0.0420464 0.0484798 0.050741 0.049504 0.0465274 0.0433514 0.040452 0.037379 0.0334954
 1.12342e-16 4.93212e-05 0.00047942 0.00318591 0.0144827 0.0450612 0.0960084 0.140131 0.140152 0.0961103 0.0454035 0.0154731 0.00567916 0.00594621 0.0105032 0.0174758 0.0256229 0.0331933 0.0384427 0.0406081 0.0403229 0.039047 0.0379831 0.0373628 0.0365556 0.0347195
 1.0643e-16 6.433e-05 0.000625311 0.00415541 0.0188899 0.0587735 0.125224 0.18277 0.182783 0.125287 0.058987 0.019507 0.0057069 0.00402092 0.0065392 0.0107783 0.0156875 0.0200897 0.0228389 0.0234356 0.0223161 0.0205138 0.0189656 0.0180129 0.0174001 0.0166272
 1.01482e-16 7.40395e-05 0.000719691 0.0047826 0.021741 0.0676443 0.144124 0.210354 0.210362 0.144161 0.0677707 0.0221061 0.00569923 0.00272143 0.00387791 0.00629975 0.00908244 0.0114536 0.012682 0.0124362 0.0109785 0.00898193 0.00711932 0.00574433 0.00484955 0.00423374
 1.01219e-16 6.27074e-05 0.000609539 0.0040506 0.0184134 0.0572912 0.122066 0.178163 0.178184 0.122167 0.057631 0.0193947 0.00651265 0.00598099 0.0102546 0.0168286 0.0241773 0.0302789 0.033117 0.0317606 0.0269202 0.0204761 0.0143729 0.00973429 0.0067042 0.00484973
 1.03707e-16 4.7486e-05 0.000461581 0.00306737 0.0139438 0.0433846 0.0924367 0.134921 0.134952 0.0925907 0.043902 0.015439 0.00682331 0.00867059 0.0156663 0.0258977 0.0374709 0.0474676 0.0529232 0.0524342 0.0469412 0.0389963 0.0311499 0.024746 0.0198301 0.0158369
 1.06456e-16 5.4368e-05 0.000528476 0.00351191 0.0159646 0.049672 0.105832 0.154469 0.154489 0.105928 0.0499954 0.0169004 0.00586698 0.00569017 0.00991782 0.0164686 0.0240897 0.0310732 0.0356972 0.0371471 0.0359299 0.0333784 0.0306785 0.0282301 0.025737 0.022749
 1.02036e-16 7.40468e-05 0.000719762 0.00478307 0.0217431 0.067651 0.144138 0.210375 0.210382 0.144171 0.0677611 0.0220613 0.00558267 0.00246824 0.00340351 0.00553291 0.00801917 0.0102047 0.0114753 0.0115551 0.010663 0.00934486 0.00811976 0.00721873 0.00657292 0.00598063
 1.00244e-16 7.89538e-05 0.000767459 0.00510004 0.023184 0.0721341 0.15369 0.224315 0.224319 0.153707 0.0721934 0.0233552 0.00552949 0.00170429 0.00185619 0.00293852 0.00421327 0.00527277 0.00576084 0.00551558 0.00466295 0.00353415 0.00247165 0.00167315 0.00116268 0.00086086
 1.00996e-16 3.52659e-05 0.000342798 0.00227801 0.0103555 0.0322202 0.0686506 0.100209 0.100261 0.0689087 0.0330866 0.0128566 0.00855141 0.0140222 0.0259693 0.0427566 0.0613064 0.0764976 0.0831328 0.0788116 0.0653896 0.0477931 0.0311791 0.0186203 0.0106291 0.00613648
 1.02284e-16 7.20156e-05 0.000700017 0.00465186 0.0211467 0.0657952 0.140184 0.204604 0.204609 0.14021 0.0658836 0.0214032 0.00530018 0.00213005 0.00283101 0.00467819 0.0069916 0.00932954 0.0112724 0.0125915 0.0133203 0.0136171 0.0135523 0.0130313 0.0119114 0.0101841
 1.03141e-16 5.29251e-05 0.000514451 0.00341871 0.015541 0.0483539 0.103024 0.150373 0.150403 0.103172 0.04885 0.0169734 0.00701275 0.008355 0.0149284 0.024557 0.0352821 0.0441905 0.0483601 0.046467 0.0395947 0.030529 0.022116 0.015946 0.0121193 0.00986472
 1.03134e-16 6.49083e-05 0.000630932 0.00419276 0.0190597 0.0593019 0.126349 0.184413 0.184427 0.126415 0.0595224 0.0196974 0.00579691 0.00414388 0.00676901 0.0111721 0.0162831 0.0208826 0.023758 0.0243265 0.0229341 0.0205337 0.0180248 0.015801 0.0137777 0.011722
 1.03289e-16 5.94776e-05 0.000578143 0.00384197 0.017465 0.0543403 0.115779 0.168987 0.169008 0.115883 0.0546895 0.0184738 0.00637479 0.00610967 0.0105719 0.0174023 0.0251086 0.031674 0.0350851 0.0344198 0.0303879 0.0248272 0.0195741 0.0155934 0.0128735 0.0108938
 1.03386e-16 6.14722e-05 0.000597532 0.00397081 0.0180507 0.0561626 0.119661 0.174653 0.17467 0.119748 0.0564558 0.0188981 0.00609995 0.00525283 0.00892435 0.014713 0.0213206 0.0270871 0.030355 0.0303491 0.0276073 0.0235561 0.0195927 0.0164089 0.0139546 0.011849
 1.08787e-16 2.70337e-05 0.000262777 0.00174625 0.00793822 0.024699 0.0526256 0.0768189 0.0768677 0.0528641 0.0255001 0.0102532 0.00756145 0.0129713 0.0242037 0.0400784 0.0579852 0.0734533 0.0819274 0.0812979 0.0731104 0.0614037 0.0501621 0.0413997 0.0350033 0.0298394
 1.07419e-16 6.44919e-05 0.000626884 0.00416587 0.0189374 0.0589214 0.125539 0.183229 0.183236 0.125573 0.0590391 0.0192796 0.00503268 0.00254555 0.00378608 0.00636093 0.00963533 0.0131233 0.0163572 0.0191051 0.0214279 0.0234594 0.0251107 0.0259931 0.0256372 0.0238145
 1.0575e-16 5.73271e-05 0.00055724 0.00370306 0.0168336 0.0523756 0.111593 0.162878 0.162901 0.111705 0.0527538 0.0179257 0.00644428 0.0065408 0.0114202 0.0187885 0.0270646 0.0340595 0.0376015 0.0367368 0.0323219 0.026461 0.0212357 0.017703 0.0157459 0.014594
 1.08427e-16 3.98537e-05 0.000387392 0.00257436 0.0117027 0.0364116 0.07758 0.113238 0.113273 0.0777508 0.0369853 0.0133613 0.00674307 0.00950579 0.0174104 0.0288586 0.0418923 0.05336 0.0600546 0.0604746 0.0556563 0.0483365 0.0411673 0.0354158 0.0309192 0.0269021
 1.06804e-16 6.24139e-05 0.000606686 0.00403164 0.0183273 0.057023 0.121494 0.177326 0.177338 0.12155 0.0572126 0.0188765 0.00541604 0.00364828 0.00589632 0.00980005 0.0144672 0.0189453 0.0222988 0.0240951 0.0246071 0.0244986 0.024263 0.0238979 0.0230288 0.0212893
 1.04539e-16 6.19116e-05 0.000601802 0.00399919 0.0181797 0.056564 0.120516 0.175901 0.175919 0.120605 0.0568635 0.0190447 0.00617102 0.00534502 0.00907668 0.0149259 0.0215418 0.0271959 0.0301797 0.0297314 0.0264947 0.022075 0.0180522 0.0152163 0.0134736 0.0122638
 1.07169e-16 3.85623e-05 0.00037484 0.00249094 0.0113235 0.0352318 0.0750665 0.10957 0.109609 0.0752559 0.0358682 0.0131625 0.00711044 0.0104703 0.0192444 0.0318393 0.0460621 0.0583449 0.065062 0.0645289 0.0579657 0.0485803 0.0395508 0.032507 0.0273962 0.0233466
 1.11417e-16 4.71509e-05 0.000458324 0.00304572 0.0138454 0.0430784 0.0917838 0.133965 0.133985 0.0918801 0.0434025 0.0147845 0.00541439 0.00566709 0.0100513 0.0168353 0.0249352 0.0328038 0.0388666 0.0423704 0.0437146 0.0439171 0.0436918 0.0429471 0.0410459 0.0374632
 1.07064e-16 6.41904e-05 0.000623954 0.00414639 0.0188489 0.058646 0.124952 0.182374 0.182386 0.125012 0.0588487 0.0194352 0.00562098 0.00385252 0.00622454 0.0102661 0.0149697 0.0192335 0.0219934 0.0227997 0.0220809 0.0208074 0.0198231 0.0193724 0.0191169 0.0185016
 1.07368e-16 4.52099e-05 0.000439456 0.00292034 0.0132755 0.0413051 0.0880062 0.128455 0.128489 0.0881726 0.041864 0.01489 0.00697405 0.00929192 0.0168674 0.0278405 0.0401675 0.0506616 0.0561123 0.0550664 0.0486993 0.0400022 0.0319578 0.0261211 0.0224296 0.0199465
 1.06146e-16 6.01486e-05 0.000584666 0.00388531 0.0176621 0.0549533 0.117084 0.170891 0.170906 0.117155 0.0551917 0.0183521 0.00562315 0.00439754 0.00735777 0.0122161 0.0179369 0.0232801 0.0270066 0.0285265 0.0281861 0.0268978 0.025438 0.0240076 0.0223306 0.0200697
pSPR Fmed_Fpbrs
1   0.983793 0.6 0.325 0.983793 0.983793 0.983793
Fs Fmed_Fpbrs
0   0.01 0.356987 0.922548 0.01 0.01 0.01
SSBpbr Bo_Bmed_Bpbrs
1.41871e+06  1.34777e+06  1.32478e+06 780288 390144 1.32478e+06 1.32478e+06 1.32478e+06
Ro
193308
SPR SPRFo_SPRFmed_SPRFpbrs
1.39266e+06 1.39266e+06 1.37009e+06
Fref
0
Nvult_r0
 162496 37694.9 24195.1 3875.62 2827.19
CTP_r0
 14597.2 6199.51 4161.22 668.161 487.472
YTP_r0
356515
Np
 243734 89664.7 32985.8 12134.8 6106.41
Nvult_p0
 154069 56678.9 20851 7670.65 3859.98
CTP_p0
 0 0 0 0 0
 0 0 0 0 0
 0 0 0 0 0
 0 0 0 0 0
 0 0 0 0 0
 0 0 0 0 0
YTP_p0
 0 0 0 0 0 0
CBA_c0
0
log_Ro
11.992
likeval ReclasPelacesDesembMPH_pf_preclas_ppelaces_ptallas_desvR_qrecl_qpela
 40.868 29.0452 0.100839 79.7826 239.961 139.021 111.254 0 27.6488 4.00196e-06 1.28244e-06 0.452299 2065.88 0 0
q_reclas_q_pelaces
0.753586 0.852014
M
1
N
 207079 38433.7 155620 8326.85 0.313363
 104446 71366.5 12413.2 49901.7 2669.15
 135578 34150.5 20753.2 3563.16 15079.3
 198275 44483.8 9999.93 6000.84 5386.58
 161675 60557.2 11291.4 2486.81 2828.54
 222062 56073.4 19807.6 3669.4 1726.7
 94730.7 71178.5 15672.5 5452.86 1484.22
 48395.3 26005.4 14605.1 3113.81 1375.75
 40238.9 16965 8689.15 4854.12 1491.69
 56643.5 12154.8 4212.42 2111.19 1539.94
 171491 15931.9 2617.79 880.805 762.156
 180043 59772.3 5262.72 859.598 539.311
 81469.4 54492.7 14900.3 1284.02 340.895
 51848.8 24485 13394.9 3582 390.137
 113007 11333.6 3189.52 1647.65 487.031
 651661 30270.6 2214.46 601.797 401.977
 141114 194970 7374.17 527.32 238.715
 679492 47436.3 59918.8 2243.86 232.963
 379712 218709 13368.9 16640.2 687.276
 576644 114545 54161.5 3239.13 4193.11
 549077 182911 31354.3 14585.5 1999.6
 652154 181926 54615.1 9254.75 4892.21
 126009 207629 50167.1 14822.6 3836.03
 430253 42716.3 64889 15537.8 5776.04
 395147 144985 13191.7 19846.4 6515.31
 171154 134320 45558.8 4109.32 8207.84
 353569 59288.8 43828.3 14767.6 3991.01
 445537 119329 18366.3 13448.7 5753
 169478 152043 37791.2 5768.64 6028.21
 158265 59040.9 50173.7 12396.3 3868.29
 306521 54381.4 18955.9 15988.3 5180.69
 153285 102211 16445.8 5670.9 6329.1
 243734 54015.6 34509.3 5526.34 4031.3
pred_Ctot
 8315.36 2997.07 12768 685.065 0.0257847
 7413.58 9635.13 1759.31 7091.08 379.341
 9352.95 4487.15 2862.97 492.844 2086.01
 21604.7 8983.54 2114.13 1271.8 1141.76
 5876.58 4285.4 840.944 185.721 211.274
 18269.4 8707.75 3226.39 599.237 282.021
 15562.6 20853.9 4787.54 1669.45 454.464
 1446.7 1520.03 898.856 192.172 84.9184
 4624.25 3598.58 1928.65 1080.06 331.951
 8616.06 3325.54 1202.73 604.17 440.747
 5722.79 1037.15 179.389 60.5266 52.381
 20498.7 12570.5 1158.23 189.646 118.999
 9582.98 11809.1 3378.21 291.823 77.4861
 13870.3 10847.2 6141.36 1645.31 179.218
 19927.7 3534.04 1036.06 536.385 158.569
 78221.7 6683.05 511.398 139.314 93.0679
 7749.2 20587 818.358 58.6775 26.5668
 54307 7167.62 9498.12 356.609 37.0291
 43907.7 46657.5 2984.2 3723.49 153.808
 50827.6 18981.4 9410.04 564.206 730.474
 34779.2 22151.2 3988.34 1860.24 255.066
 56133.1 29480.7 9280.48 1576.65 833.554
 6295.87 20013.8 5084.19 1506.27 389.873
 23011.3 4397.13 7020.96 1685.72 626.741
 19104.6 13538.1 1295.24 1953.92 641.541
 6345.98 9691.38 3459.3 312.885 625.039
 18588.1 6002.85 4664.64 1575.96 425.971
 20505.5 10623.4 1719.6 1262.61 540.19
 5706.82 9985.47 2612.58 399.906 417.962
 6636.98 4802.43 4293.39 1063.67 331.968
 18277.9 6215.51 2276.29 1925.06 623.862
 4094.89 5350.22 906.633 313.505 349.944
 14597.2 6199.51 4161.22 668.161 487.472
F
 0.0652712 0.130175 0.137364 0.137764 0.137785
 0.117896 0.235128 0.248113 0.248837 0.248875
 0.114421 0.228198 0.240801 0.241503 0.24154
 0.186066 0.371085 0.391578 0.392719 0.39278
 0.0589277 0.117523 0.124014 0.124375 0.124394
 0.137764 0.274752 0.289925 0.290771 0.290815
 0.292736 0.583822 0.616064 0.61786 0.617954
 0.0482496 0.0962274 0.101542 0.101838 0.101853
 0.197113 0.393115 0.414825 0.416034 0.416098
 0.268451 0.53539 0.564957 0.566604 0.566691
 0.0539905 0.107677 0.113623 0.113955 0.113972
 0.195129 0.38916 0.410651 0.411848 0.411911
 0.202167 0.403194 0.425461 0.426701 0.426766
 0.520561 1.03819 1.09552 1.09872 1.09889
 0.317275 0.632762 0.667706 0.669653 0.669755
 0.206679 0.412194 0.434957 0.436225 0.436292
 0.0901817 0.179855 0.189788 0.190341 0.19037
 0.133604 0.266456 0.281171 0.281991 0.282034
 0.198445 0.395772 0.417628 0.418846 0.41891
 0.148226 0.295617 0.311943 0.312852 0.3129
 0.104639 0.208689 0.220214 0.220856 0.22089
 0.144527 0.28824 0.304158 0.305045 0.305092
 0.0817684 0.163076 0.172082 0.172584 0.17261
 0.0877436 0.174993 0.184657 0.185195 0.185224
 0.0790352 0.157625 0.16633 0.166815 0.16684
 0.0601408 0.119943 0.126567 0.126936 0.126955
 0.086195 0.171904 0.181398 0.181927 0.181955
 0.075115 0.149807 0.15808 0.158541 0.158565
 0.0544908 0.108675 0.114676 0.11501 0.115028
 0.068249 0.136113 0.14363 0.144049 0.144071
 0.0982513 0.195949 0.20677 0.207373 0.207405
 0.0430252 0.085808 0.0905468 0.0908107 0.0908246
 0.0986974 0.196839 0.207709 0.208315 0.208347
YTP_r0W_actual
 110063 108181 100161 20926.8 17183.4
YTP_p0W_proyectada
 0 0 0 0 0
 0 0 0 0 0
 0 0 0 0 0
 0 0 0 0 0
 0 0 0 0 0
 0 0 0 0 0
CTP_r0_actual
 14597.2 6199.51 4161.22 668.161 487.472
CTP_p0_proyectada
 0 0 0 0 0
 0 0 0 0 0
 0 0 0 0 0
 0 0 0 0 0
 0 0 0 0 0
 0 0 0 0 0
Wmedp
 7.54 17.45 24.07 31.32 35.25
Frms_r0
 0.0986974 0.196839 0.207709 0.208315 0.208347
Zrms_r0
 1.0987 1.19684 1.20771 1.20831 1.20835
nmprior
 7.29 8.9 8.7 0
nm_flota  nm_reclas  nm_pelaces    nm_pelaL
inf 10.6206 15.5513 46.6093
cv_recla  cv_pelaces  cv_mph
0.276817 0.491979 0.716162
 ------------------------------------------------
Talla a la edad & desviaci?n 
 8 13.2811 15.8009 17.003 17.5766
 0.8 1.32811 1.58009 1.7003 1.75766
