years
 1991 1992 1993 1994 1995 1996 1997 1998 1999 2000 2001 2002 2003 2004 2005 2006 2007 2008 2009 2010 2011 2012 2013 2014 2015 2016 2017 2018 2019 2020 2021 2022 2023
reclasobs
 0 0 0 0 0 0 0 0 0 252601 567819 844713 477998 351125 339783 2.1784e+06 2.13404e+06 4.81314e+06 1.55562e+06 2.62356e+06 3.21686e+06 3.843e+06 1.13348e+06 3.07943e+06 1.97215e+06 2.03268e+06 2.025e+06 2.42433e+06 2.27542e+06 1.05018e+06 2.36338e+06 3.18982e+06 1.53035e+06
reclaspred
 2.85934e+06 1.56791e+06 830093 873404 898010 1.29293e+06 719296 651234 447388 309498 560733 787909 611270 291023 472989 1.58185e+06 1.61001e+06 2.83416e+06 2.02579e+06 2.12376e+06 3.61997e+06 2.66217e+06 1.97361e+06 2.95618e+06 2.2839e+06 2.07196e+06 2.33051e+06 2.60297e+06 2.2527e+06 1.69898e+06 1.94377e+06 2.09073e+06 1.6469e+06
pelacesobs
 0 0 0 0 0 0 0 0 0 0 0 0 0 0 0 552880 188675 0 991730 2.46772e+06 1.41603e+06 1.21717e+06 2.29649e+06 1.80582e+06 0 1.4828e+06 1.56532e+06 1.57751e+06 1.42118e+06 867257 1.10002e+06 1.06204e+06 0
pelacespred
 1.47681e+06 892673 460554 403568 443123 657930 322203 384156 243897 156401 300326 370001 305974 138836 255592 733470 749802 1.50004e+06 1.09791e+06 1.01543e+06 1.78088e+06 1.44137e+06 1.05841e+06 1.73654e+06 1.27009e+06 1.15369e+06 1.49026e+06 1.49246e+06 1.1646e+06 1.00802e+06 1.00517e+06 1.09839e+06 886412
mphobs
 0 0 0 0 0 0 0 0 0 0 0 0 498337 0 5186 125008 0 168611 109162 213762 579715 649985 157893 87575 83554 210694 70296 0 107559 103333 445601 22526 28222
mphpred
 488960 329630 160103 94297.8 107612 124432 141308 77356.9 71443.2 44333.8 28591.6 79242.2 96652 52325.7 19624.2 49082.8 218593 213157 299654 306040 490181 536924 106976 84024.3 122525 100503 88129.5 91660.6 132576 103166 66603.1 92331.1 65664.6
desembarqueobs
 494567 514787 250237 358949 120608 361735 552515 73892 212993 205616 52469 317467 293654 387597 252695 516296 358380 742168 942051 627588 828172 859565 418607 520667 417249 300574 415391 372974 316634 284311 391294 218835 356480
desembarquepred
 494571 513542 250881 359013 120618 361786 552663 73900.3 213093 205702 52471 317512 293859 388025 252640 516252 358455 742180 942018 627394 828329 859715 418670 520727 417243 300586 415417 372957 316620 284273 391266 218858 356526
Reclutas
 187263 91888.8 116544 165071 137329 196184 81419.2 40559.5 34601.4 48258.8 137738 163166 74032.5 47604 96012.5 535107 111354 575348 314177 494574 449384 548794 101989 346400 322934 137283 283435 358999 137906 129237 246074 121667 194788
log_desv_Rt
 0.145158 -0.566777 -0.329087 0.0190219 -0.16498 0.191697 -0.687745 -1.38459 -1.54346 -1.21078 -0.162002 0.00741 -0.782852 -1.22444 -0.522877 1.19511 -0.374642 1.26762 0.662601 1.11634 1.02052 1.22037 -0.462491 0.760238 0.69009 -0.165313 0.559626 0.795962 -0.160785 -0.225711 0.418277 -0.286071 0.184556
SSB
 2.4729e+06 1.6671e+06 809716 476910 544245 629313 714662 391231 361323 224217 144602 400766 466909 258140 95579 240653 1.10553e+06 1.07804e+06 1.56275e+06 1.02439e+06 1.67907e+06 1.92599e+06 1.64738e+06 1.24962e+06 1.71062e+06 1.4849e+06 1.2313e+06 1.23396e+06 1.84713e+06 1.35624e+06 992643 1.40528e+06 930166
BT
 3.43674e+06 2.32773e+06 1.18646e+06 1.11923e+06 998384 1.64532e+06 1.1623e+06 846291 712455 515216 655911 1.01579e+06 884984 684114 772486 1.91377e+06 1.80506e+06 3.70061e+06 3.16042e+06 2.61834e+06 4.26284e+06 3.77791e+06 2.52333e+06 4.01914e+06 2.98144e+06 2.61222e+06 3.45663e+06 3.39855e+06 2.63221e+06 2.32508e+06 2.39778e+06 2.4099e+06 2.12395e+06
Ftot
 0.182777 0.331842 0.32356 0.525005 0.164479 0.369665 0.812795 0.137862 0.567804 0.804478 0.156052 0.532641 0.549253 1.52516 0.91893 0.582348 0.25588 0.376234 0.56029 0.419706 0.29256 0.404845 0.230179 0.248953 0.222636 0.168118 0.243181 0.210956 0.15143 0.191195 0.277923 0.120638 0.279977
BD_Bspro_t
 0.971436 0.812224 0.631881 0.555948 0.562489 0.641872 0.594902 0.409059 0.476773 0.40494 0.368568 0.688554 0.587483 0.391413 0.203096 0.38753 0.634192 0.604584 0.63437 0.513898 0.58581 0.611708 0.607659 0.583997 0.686887 0.705175 0.708801 0.729898 0.788953 0.73854 0.700244 0.745224 0.746545
BD_Bspro
 2.11935 1.42875 0.69395 0.408725 0.466434 0.539339 0.612485 0.335296 0.309664 0.19216 0.123928 0.343468 0.400155 0.221233 0.0819139 0.206246 0.947469 0.92391 1.33933 0.877933 1.43901 1.65063 1.41185 1.07096 1.46605 1.2726 1.05526 1.05754 1.58304 1.16234 0.850723 1.20436 0.797178
BD_Bo
 2.32368 1.5665 0.760855 0.448131 0.511403 0.591337 0.671536 0.367623 0.339519 0.210687 0.135876 0.376582 0.438734 0.242563 0.0898113 0.226131 1.03882 1.01299 1.46845 0.962576 1.57775 1.80977 1.54797 1.17421 1.6074 1.39529 1.157 1.15949 1.73567 1.2744 0.932743 1.32048 0.874036
BD_Brms
 2.4878 1.67715 0.814595 0.479783 0.547525 0.633105 0.718968 0.393589 0.3635 0.225568 0.145473 0.403181 0.469723 0.259695 0.0961549 0.242103 1.11219 1.08454 1.57217 1.03056 1.68919 1.9376 1.6573 1.25715 1.72093 1.49384 1.23872 1.24139 1.85826 1.36442 0.998624 1.41374 0.935771
Sel_flota
 0.452808 0.940201 0.996664 0.999824 0.999991
 0.452808 0.940201 0.996664 0.999824 0.999991
 0.452808 0.940201 0.996664 0.999824 0.999991
 0.452808 0.940201 0.996664 0.999824 0.999991
 0.452808 0.940201 0.996664 0.999824 0.999991
 0.452808 0.940201 0.996664 0.999824 0.999991
 0.452808 0.940201 0.996664 0.999824 0.999991
 0.452808 0.940201 0.996664 0.999824 0.999991
 0.452808 0.940201 0.996664 0.999824 0.999991
 0.452808 0.940201 0.996664 0.999824 0.999991
 0.452808 0.940201 0.996664 0.999824 0.999991
 0.452808 0.940201 0.996664 0.999824 0.999991
 0.452808 0.940201 0.996664 0.999824 0.999991
 0.452808 0.940201 0.996664 0.999824 0.999991
 0.452808 0.940201 0.996664 0.999824 0.999991
 0.452808 0.940201 0.996664 0.999824 0.999991
 0.452808 0.940201 0.996664 0.999824 0.999991
 0.452808 0.940201 0.996664 0.999824 0.999991
 0.452808 0.940201 0.996664 0.999824 0.999991
 0.452808 0.940201 0.996664 0.999824 0.999991
 0.452808 0.940201 0.996664 0.999824 0.999991
 0.452808 0.940201 0.996664 0.999824 0.999991
 0.452808 0.940201 0.996664 0.999824 0.999991
 0.452808 0.940201 0.996664 0.999824 0.999991
 0.452808 0.940201 0.996664 0.999824 0.999991
 0.452808 0.940201 0.996664 0.999824 0.999991
 0.452808 0.940201 0.996664 0.999824 0.999991
 0.452808 0.940201 0.996664 0.999824 0.999991
 0.452808 0.940201 0.996664 0.999824 0.999991
 0.452808 0.940201 0.996664 0.999824 0.999991
 0.452808 0.940201 0.996664 0.999824 0.999991
 0.452808 0.940201 0.996664 0.999824 0.999991
 0.452808 0.940201 0.996664 0.999824 0.999991
Sel_reclas
 1 1 1 1 1
 1 1 1 1 1
 1 1 1 1 1
 1 1 1 1 1
 1 1 1 1 1
 1 1 1 1 1
 1 1 1 1 1
 1 1 1 1 1
 1 1 1 1 1
 1 1 1 1 1
 1 1 1 1 1
 1 1 1 1 1
 1 1 1 1 1
 1 1 1 1 1
 1 1 1 1 1
 1 1 1 1 1
 1 1 1 1 1
 1 1 1 1 1
 1 1 1 1 1
 1 1 1 1 1
 1 1 1 1 1
 1 1 1 1 1
 1 1 1 1 1
 1 1 1 1 1
 1 1 1 1 1
 1 1 1 1 1
 1 1 1 1 1
 1 1 1 1 1
 1 1 1 1 1
 1 1 1 1 1
 1 1 1 1 1
 1 1 1 1 1
 1 1 1 1 1
Sel_pelaces
 1 1 1 1 1
 1 1 1 1 1
 1 1 1 1 1
 1 1 1 1 1
 1 1 1 1 1
 1 1 1 1 1
 1 1 1 1 1
 1 1 1 1 1
 1 1 1 1 1
 1 1 1 1 1
 1 1 1 1 1
 1 1 1 1 1
 1 1 1 1 1
 1 1 1 1 1
 1 1 1 1 1
 1 1 1 1 1
 1 1 1 1 1
 1 1 1 1 1
 1 1 1 1 1
 1 1 1 1 1
 1 1 1 1 1
 1 1 1 1 1
 1 1 1 1 1
 1 1 1 1 1
 1 1 1 1 1
 1 1 1 1 1
 1 1 1 1 1
 1 1 1 1 1
 1 1 1 1 1
 1 1 1 1 1
 1 1 1 1 1
 1 1 1 1 1
 1 1 1 1 1
pf_obs 
 0.8446 0.082 0.0669 0.0065 0
 0.8095 0.147 0.0364 0.0071 0
 0.9664 0.0169 0.016 0.0007 0
 0.9276 0.0648 0.0075 0.0001 0
 0.7033 0.2144 0.0806 0.0017 0
 0.9318 0.0425 0.0243 0.0014 0
 0.5671 0.3108 0.0964 0.0239 0.0018
 0.0768 0.2599 0.5324 0.112 0.0189
 0.490249 0.384438 0.106611 0.0170017 0.00170017
 0.7925 0.1577 0.0466 0.003 0.0002
 0.840416 0.127587 0.0312969 0.00059994 9.999e-05
 0.8084 0.0986 0.0794 0.0134 0.0002
 0.7335 0.1905 0.0724 0.0035 0.0001
 0.4001 0.4547 0.1325 0.0127 0
 0.49795 0.308269 0.164784 0.0264974 0.00249975
 0.9179 0.0499 0.0305 0.0017 0
 0.2467 0.6533 0.0926 0.0074 0
 0.9418 0.0223 0.034 0.0019 0
 0.707729 0.231977 0.0356964 0.0245975 0
 0.517169 0.277429 0.184464 0.0207286 0.00020938
 0.811772 0.124168 0.05621 0.00726502 0.000585176
 0.764997 0.148141 0.077277 0.00933861 0.000247198
 0.163321 0.427699 0.378323 0.0303852 0.000271297
 0.753843 0.0900009 0.118128 0.0371064 0.000921714
 0.721811 0.176058 0.0630433 0.0369309 0.00215725
 0.143369 0.312575 0.442814 0.0836902 0.0175525
 0.692698 0.0596174 0.167031 0.0765114 0.00414204
 0.394062 0.376323 0.152708 0.0712218 0.00568511
 0.125707 0.32114 0.495352 0.0537591 0.00404204
 0.23352 0.215282 0.420074 0.123614 0.00750983
 0.796117 0.104755 0.0508955 0.0450114 0.00322123
 0.162477 0.292055 0.404252 0.121198 0.0200186
 0 0 0 0 0
pf_pred 
 0.365677 0.132089 0.474496 0.0277362 1.08486e-06
 0.293233 0.393895 0.0684021 0.231011 0.0134587
 0.497553 0.242073 0.149576 0.0242931 0.0865058
 0.62095 0.261795 0.0584984 0.0338083 0.0249484
 0.531237 0.372159 0.0682633 0.0141687 0.0141725
 0.60371 0.278907 0.0943643 0.0162824 0.00673691
 0.366136 0.491413 0.102292 0.032308 0.00785119
 0.366414 0.378271 0.201676 0.0385683 0.0150706
 0.421216 0.31831 0.159319 0.0799595 0.0211955
 0.636372 0.232658 0.0745365 0.0345738 0.0218593
 0.819673 0.147723 0.021503 0.0063309 0.00477057
 0.624955 0.339404 0.0295188 0.00404248 0.00207994
 0.400308 0.477221 0.111601 0.0090093 0.00186085
 0.461286 0.332008 0.166998 0.0361967 0.00351087
 0.822277 0.132316 0.029219 0.013095 0.00309373
 0.919525 0.0744904 0.00455682 0.000920121 0.000507261
 0.264493 0.709183 0.024502 0.00138912 0.000433284
 0.779999 0.095478 0.120336 0.00389861 0.000288941
 0.456349 0.484275 0.0267777 0.0315059 0.00109224
 0.65665 0.228033 0.103568 0.00531081 0.00643847
 0.553479 0.363324 0.0565468 0.0239447 0.00270571
 0.590191 0.299052 0.0912184 0.0132952 0.00624346
 0.189594 0.619907 0.141606 0.0402956 0.00859788
 0.633364 0.122198 0.18975 0.0406878 0.0139998
 0.53076 0.371786 0.0338962 0.0493769 0.0141806
 0.310116 0.487197 0.162723 0.0139313 0.0260315
 0.597987 0.195422 0.148509 0.0466617 0.01142
 0.596058 0.308809 0.0477827 0.0340723 0.0132789
 0.301755 0.529126 0.13121 0.019073 0.0188354
 0.392783 0.287799 0.245586 0.0573258 0.0165062
 0.625525 0.217911 0.0766576 0.0614848 0.0184214
 0.37128 0.493684 0.0807542 0.0266263 0.0276554
 0.562446 0.240498 0.15672 0.0241539 0.0161818
pobs_RECLAS
 0 0 0 0 0
 0 0 0 0 0
 0 0 0 0 0
 0 0 0 0 0
 0 0 0 0 0
 0 0 0 0 0
 0 0 0 0 0
 0 0 0 0 0
 0 0 0 0 0
 0 0 0 0 0
 0.991045 0.00858322 0.000360255 1.14367e-05 0
 0.934742 0.0480273 0.0164251 0.00080598 0
 0.827803 0.169806 0.00239088 0 0
 0.941827 0.0461693 0.0120037 0 0
 0.791401 0.0380133 0.147996 0.0225897 0
 0.846168 0.0940531 0.0597789 0 0
 0.134021 0.677848 0.182769 0.00536245 0
 0.80878 0.0450904 0.141981 0.00414843 0
 0.846168 0.0940531 0.0597789 0 0
 0.905697 0.0802665 0.012482 0.00150086 5.37128e-05
 0.989698 0.0102097 9.19794e-05 0 0
 0.975433 0.0193895 0.00387452 0.00125025 5.28907e-05
 0.303575 0.632131 0.0575291 0.00676475 0
 0.966965 0.00978017 0.0227588 0.000495775 0
 0.843318 0.132988 0.00938335 0.0141283 0.000182051
 0.564624 0.303363 0.111486 0.0197234 0.00080311
 0.826376 0.0876187 0.0782897 0.00655872 0.00115652
 0.89761 0.0855135 0.0140674 0.00269457 0.000114338
 0.34875 0.467042 0.161289 0.0227151 0.000203297
 0.318654 0.224769 0.449479 0.00709798 0
 0.937255 0.0296025 0.0250945 0.00804832 0
 0.456809 0.399803 0.12412 0.0192676 0
 0.883104 0.0372192 0.0704036 0.00927362 0
ppred_RECLAS
 0.558437 0.0963556 0.326201 0.0190064 7.4328e-07
 0.473633 0.30149 0.0492905 0.165921 0.00966489
 0.6831 0.157565 0.091665 0.0148389 0.0528312
 0.781035 0.15417 0.0323815 0.0186514 0.0137612
 0.705813 0.236404 0.04087 0.00845571 0.00845655
 0.766335 0.167399 0.0533062 0.00916762 0.00379249
 0.561165 0.345155 0.0673377 0.0211931 0.00514918
 0.552963 0.27328 0.137347 0.0261819 0.0102289
 0.615894 0.217273 0.10218 0.0511086 0.0135454
 0.796189 0.133486 0.0400847 0.0185278 0.011712
 0.905704 0.0780722 0.0107117 0.00314363 0.00236844
 0.781734 0.198669 0.0162403 0.00221655 0.00114026
 0.591163 0.329415 0.0723947 0.00582455 0.00120283
 0.673266 0.20713 0.0967049 0.0208752 0.00202434
 0.911963 0.0666527 0.0137781 0.00615271 0.00145332
 0.960958 0.036304 0.00208641 0.000419861 0.000231427
 0.430928 0.54985 0.0178947 0.00101124 0.000315363
 0.885848 0.0512509 0.0607921 0.00196305 0.000145464
 0.644061 0.319229 0.0165865 0.0194493 0.000674145
 0.805441 0.13185 0.0563392 0.00287943 0.00349022
 0.725206 0.22609 0.0331376 0.0139863 0.00158016
 0.756235 0.180797 0.05189 0.00753805 0.00353926
 0.33236 0.51784 0.111445 0.0316105 0.00674359
 0.790644 0.0726187 0.106224 0.0227035 0.00781045
 0.706106 0.235787 0.0202539 0.0294088 0.0084445
 0.488938 0.367183 0.115587 0.00986399 0.0184284
 0.76309 0.118753 0.0850157 0.0266255 0.00651523
 0.758298 0.187395 0.0273214 0.0194192 0.00756688
 0.478141 0.401107 0.0937549 0.0135847 0.0134132
 0.582923 0.203939 0.163996 0.0381574 0.010985
 0.782816 0.12962 0.0429454 0.0343333 0.0102848
 0.55521 0.353701 0.0545449 0.0179271 0.0186168
 0.735332 0.149432 0.0917107 0.0140886 0.00943698
pobs_PELACES
 0 0 0 0 0
 0 0 0 0 0
 0 0 0 0 0
 0 0 0 0 0
 0 0 0 0 0
 0 0 0 0 0
 0 0 0 0 0
 0 0 0 0 0
 0 0 0 0 0
 0 0 0 0 0
 0 0 0 0 0
 0 0 0 0 0
 0 0 0 0 0
 0 0 0 0 0
 0 0 0 0 0
 0 0 0 0 0
 0.505614 0.472636 0.0217494 0 0
 0 0 0 0 0
 0.443492 0.261883 0.143347 0.151278 0
 0.227955 0.32914 0.350689 0.0885471 0.00366901
 0.970185 0.0296113 0.000203453 0 0
 0.997202 0.00247181 0.000326279 0 0
 0.445219 0.490057 0.0546422 0.010081 0
 0.90214 0.0892962 0.00764917 0.000914606 0
 0 0 0 0 0
 0.581667 0.319106 0.0959925 0.00289975 0.000334073
 0.762889 0.0836404 0.116647 0.0363945 0.000428098
 0.88444 0.0763242 0.0277011 0.0115352 0
 0.521256 0.241999 0.230069 0.00667565 0
 0.616807 0.101726 0.260614 0.0208532 0
 0.833518 0.0704572 0.0857862 0.0102388 0
 0.697417 0.212968 0.0787535 0.0105354 0.000325836
 0 0 0 0 0
ppred_PELACES
 0.566328 0.0948865 0.320135 0.0186494 7.29312e-07
 0.487643 0.294275 0.0478143 0.160896 0.00937202
 0.694914 0.152162 0.0879896 0.0142392 0.0506948
 0.795617 0.144332 0.0300199 0.0172817 0.0127502
 0.711402 0.232055 0.0399954 0.00827334 0.00827408
 0.777154 0.159963 0.0505886 0.0086969 0.00359769
 0.593845 0.320496 0.061587 0.0193667 0.00470523
 0.558687 0.270053 0.135377 0.0258028 0.0100806
 0.638339 0.205536 0.0956429 0.0478108 0.0126709
 0.817173 0.120376 0.03561 0.0164457 0.0103954
 0.907868 0.076319 0.0104408 0.00306362 0.00230814
 0.796144 0.185719 0.0150317 0.00205047 0.00105479
 0.612802 0.312601 0.068 0.00546784 0.00112913
 0.726854 0.174972 0.0794022 0.0171129 0.00165935
 0.923428 0.0582176 0.0118302 0.00527777 0.00124659
 0.964351 0.0331747 0.00188599 0.000379299 0.000209063
 0.441088 0.540121 0.0174944 0.000988354 0.000308222
 0.892198 0.0485873 0.05723 0.0018473 0.000136884
 0.664688 0.301062 0.0154802 0.0181413 0.00062879
 0.816182 0.124887 0.0529481 0.00270493 0.00327863
 0.734675 0.218514 0.031853 0.0134401 0.00151842
 0.768387 0.172122 0.0490289 0.0071194 0.00334263
 0.340845 0.511758 0.109665 0.0310981 0.00663419
 0.79769 0.0703901 0.102487 0.0218993 0.00753366
 0.713655 0.229925 0.0196687 0.0285524 0.00819848
 0.495919 0.36249 0.113753 0.00970577 0.0181326
 0.770494 0.115306 0.0821747 0.0257292 0.00629583
 0.764625 0.182655 0.0265259 0.0188496 0.00734484
 0.484386 0.396568 0.0924329 0.013391 0.0132219
 0.590826 0.200444 0.160612 0.0373627 0.0107561
 0.790675 0.125198 0.0412661 0.0329811 0.00987962
 0.560113 0.349967 0.053848 0.0176958 0.0183765
 0.744439 0.144621 0.0882965 0.0135601 0.00908287
pobs_pel_tallas
 0 0 0 0 0 0 0 0 0 0 0 0 0 0 0 0 0 0 0 0 0 0 0 0 0 0
 0 0 0 0 0 0 0 0 0 0 0 0 0 0 0 0 0 0 0 0 0 0 0 0 0 0
 0 0 0 0 0 0 0 0 0 0 0 0 0 0 0 0 0 0 0 0 0 0 0 0 0 0
 0 0 0 0 0 0 0 0 0 0 0 0 0 0 0 0 0 0 0 0 0 0 0 0 0 0
 0 0 0 0 0 0 0 0 0 0 0 0 0 0 0 0 0 0 0 0 0 0 0 0 0 0
 0 0 0 0 0 0 0 0 0 0 0 0 0 0 0 0 0 0 0 0 0 0 0 0 0 0
 0 0 0 0 0 0 0 0 0 0 0 0 0 0 0 0 0 0 0 0 0 0 0 0 0 0
 0 0 0 0 0 0 0 0 0 0 0 0 0 0 0 0 0 0 0 0 0 0 0 0 0 0
 0 0 0 0 0 0 0 0 0 0 0 0 0 0 0 0 0 0 0 0 0 0 0 0 0 0
 0 0 0 0 0 0 0 0 0 0 0 0 0 0 0 0 0 0 0 0 0 0 0 0 0 0
 0 0 0 0 0 0 0 0 0 0 0 0 0 0 0 0 0 0 0 0 0 0 0 0 0 0
 0 0 0 0 0 0 0 0 0 0 0 0 0 0 0 0 0 0 0 0 0 0 0 0 0 0
 0.00862536 0 0 0.000197151 0.00414017 0.0128641 0.00837892 0.0270097 0.101434 0.158115 0.152841 0.127902 0.109271 0.109419 0.0830992 0.0579132 0.0238553 0.00714673 0.00463305 0.00128148 0.00103504 0.000492878 0.000147863 0.000147863 4.92878e-05 0
 0 0 0 0 0 0 0 0 0 0 0 0 0 0 0 0 0 0 0 0 0 0 0 0 0 0
 0 0 0 0 0 0 0 0.0054083 0.00873648 0.0413646 0.0450493 0.0745869 0.0622846 0.0627006 0.0613931 0.0827291 0.12552 0.122667 0.0946155 0.0697135 0.0546179 0.0294188 0.0215738 0.0213955 0.0102223 0.00600262
 0 0 0 0 0.00359764 0.0251062 0.0480494 0.140153 0.205849 0.193036 0.1447 0.116669 0.0760912 0.0342217 0.00950174 0.001854 0.000860785 0 0 0 0.000165536 0 0.000143464 0 0 0
 0 0 0 0 0 0 0 0.000145254 0.000435761 0.0275982 0.070085 0.0708112 0.156366 0.174668 0.174014 0.160142 0.0824315 0.0480064 0.0283245 0.00493863 0.00203355 0 0 0 0 0
 0 0 0 0 0 0 0 0 0 0 0 0 0 0 0 0 0 0 0 0 0 0 0 0 0 0
 0 0 1.00437e-05 0.000401748 0.00122533 0.00171747 0.00176769 0.0269171 0.070346 0.194647 0.189555 0.159765 0.064822 0.0314167 0.0384472 0.0292271 0.0345202 0.0313363 0.0194345 0.0106764 0.0143323 0.0359363 0.0279516 0.0138201 0.00172751 0
 0 0.0021121 0.0136068 0.0755702 0.200478 0.177729 0.0527432 0.0373336 0.0318909 0.0142505 0.0149659 0.0166563 0.0217959 0.0798694 0.0677717 0.0528807 0.04013 0.0224614 0.0357745 0.0225083 0.00881397 0.00855152 0.00135912 0.000746735 0 0
 0 0 0 0 5.4009e-05 0.00500934 0.000945158 0.0243581 0.138947 0.33067 0.221406 0.137944 0.0707744 0.0437923 0.0131692 0.00525238 0.0047753 0.00276346 9.45158e-05 9.00151e-06 2.25038e-05 9.00151e-06 4.50075e-06 0 0 0
 0.000866109 0.00284123 0.00948549 0.0512746 0.133035 0.25785 0.225252 0.132002 0.0553304 0.0519788 0.0540692 0.017754 0.00435017 0.00159236 0.00146478 0.000404838 0.000125132 0.000115318 0.000107957 0.000100596 0 0 0 0 0 0
 0 0 0 0 0.00144013 0.00171154 0.00461396 0.0210425 0.0478622 0.0707936 0.0888783 0.103762 0.0637923 0.0337046 0.0602308 0.124433 0.169614 0.0934646 0.0462172 0.0250306 0.0313229 0.00938855 0.002487 0.000210481 0 0
 0 0.00764035 0.051015 0.0998891 0.058973 0.0496711 0.0374665 0.0718981 0.12319 0.153886 0.159021 0.0857701 0.0377988 0.023471 0.0147837 0.00900784 0.00315554 0.000888139 0.00291439 0.00214683 0.00393193 0.00274676 0.000635225 9.99891e-05 0 0
 0 0 0 0 0 0 0 0 0 0 0 0 0 0 0 0 0 0 0 0 0 0 0 0 0 0
 0 0 0 0 0 0 0 0 0 0 0 0 0 0 0 0 0 0 0 0 0 0 0 0 0 0
 0 0 0 0 0 0 0 0 0 0 0 0 0 0 0 0 0 0 0 0 0 0 0 0 0 0
 0 0 0 0 0 0 0 0 0 0 0 0 0 0 0 0 0 0 0 0 0 0 0 0 0 0
 0 0 0 0 0 0 0 0 0 0 0 0 0 0 0 0 0 0 0 0 0 0 0 0 0 0
 0 0 0 0 0 0 0 0 0 0 0 0 0 0 0 0 0 0 0 0 0 0 0 0 0 0
 0 0 0 0 0 0 0 0 0 0 0 0 0 0 0 0 0 0 0 0 0 0 0 0 0 0
 0 0 0 0 0 0 0 0 0 0 0 0 0 0 0 0 0 0 0 0 0 0 0 0 0 0
 0 0 0 0 0 0 0 0 0 0 0 0 0 0 0 0 0 0 0 0 0 0 0 0 0 0
ppred_pel_tallas
 1.11134e-16 4.66477e-05 0.000453433 0.00301322 0.0136977 0.0426186 0.0908037 0.132533 0.132542 0.090851 0.0427786 0.014166 0.00421173 0.00314561 0.00538125 0.00939915 0.0148745 0.0214859 0.0288316 0.0365584 0.0442729 0.0512346 0.0561984 0.0577436 0.0549873 0.0481712
 1.19177e-16 4.01665e-05 0.000390433 0.00259457 0.0117945 0.0366973 0.0781886 0.114125 0.114153 0.0783276 0.0371641 0.0131436 0.005985 0.00780586 0.0141677 0.0234837 0.0341448 0.043677 0.0496607 0.0511715 0.0494023 0.0468355 0.0455827 0.0461651 0.0474953 0.0478044
 1.12586e-16 5.72392e-05 0.000556385 0.00369738 0.0168078 0.0522952 0.111421 0.162625 0.16264 0.111493 0.0525383 0.0175113 0.0054691 0.0044435 0.00749731 0.0124574 0.0183056 0.0238051 0.0277441 0.0296075 0.0298644 0.0295599 0.0295425 0.0299508 0.0302796 0.0298297
 1.04795e-16 6.55339e-05 0.000637013 0.00423318 0.0192434 0.0598735 0.127567 0.186191 0.186205 0.127635 0.0601022 0.0199042 0.00589312 0.00426461 0.0069669 0.0114463 0.0165618 0.0210021 0.0234867 0.0234504 0.0213823 0.0184775 0.0158856 0.0141385 0.0130973 0.012289
 1.03444e-16 5.85973e-05 0.000569587 0.0037851 0.0172065 0.0535361 0.114065 0.166486 0.166508 0.114174 0.0539033 0.0182674 0.00644852 0.00638594 0.0111111 0.0182927 0.0263849 0.0332636 0.0368034 0.0360264 0.0316757 0.0256909 0.0200249 0.0157267 0.0128209 0.0107841
 1.02982e-16 6.40132e-05 0.000622231 0.00413494 0.0187969 0.0584841 0.124607 0.181871 0.181886 0.124683 0.058738 0.0195308 0.00597928 0.00465561 0.0077452 0.0127581 0.0185006 0.023533 0.0264246 0.0265044 0.0242303 0.0208197 0.0174595 0.0147281 0.0125729 0.0106706
 1.04598e-16 4.89143e-05 0.000475465 0.00315963 0.0143632 0.0446896 0.095217 0.138978 0.139009 0.0953681 0.045197 0.0158292 0.00684075 0.00851613 0.0153336 0.0253092 0.0365416 0.0461377 0.0511768 0.0503104 0.0445461 0.036519 0.0288644 0.0229708 0.0188391 0.0157587
 1.0827e-16 4.60183e-05 0.000447315 0.00297256 0.0135129 0.0420437 0.0895794 0.130749 0.130775 0.0897075 0.042474 0.0147578 0.00610527 0.00731143 0.0131568 0.0218731 0.0319612 0.0411491 0.0471259 0.0487956 0.0468415 0.0430761 0.0391445 0.0356573 0.0322847 0.0284516
 1.09752e-16 5.25792e-05 0.000511088 0.00339636 0.0154394 0.0480378 0.10235 0.149387 0.149407 0.102448 0.0483653 0.016387 0.00578092 0.00573664 0.0100364 0.016667 0.0243799 0.0314612 0.0362009 0.0378351 0.0369601 0.0350036 0.0331941 0.0318691 0.0305522 0.0285406
 1.04467e-16 6.73095e-05 0.000654272 0.00434787 0.0197648 0.0614956 0.131023 0.191235 0.191247 0.13108 0.0616867 0.0203172 0.00573624 0.0036911 0.00585272 0.00961706 0.013962 0.0178056 0.0200976 0.0203715 0.0190128 0.0169651 0.0151118 0.0138246 0.0129459 0.012087
 1.01019e-16 7.47799e-05 0.000726888 0.00483042 0.0219584 0.0683208 0.145565 0.212458 0.212465 0.145601 0.0684415 0.022307 0.00570542 0.00263704 0.00370265 0.00600333 0.00864213 0.0108712 0.0119842 0.0116589 0.0101456 0.00809508 0.00616671 0.00472066 0.00377232 0.00314587
 1.00866e-16 6.55774e-05 0.000637435 0.00423598 0.0192562 0.0599132 0.127652 0.186316 0.186334 0.127739 0.0602065 0.020103 0.0063608 0.00527281 0.00885982 0.0145191 0.0208518 0.0261005 0.0285203 0.0273049 0.0230675 0.0174354 0.0120955 0.00802879 0.0053702 0.00375371
 1.02782e-16 5.04758e-05 0.000490643 0.00326049 0.0148217 0.0461161 0.0982564 0.143414 0.143445 0.0984038 0.0466112 0.016252 0.00685233 0.00833693 0.0149673 0.0247033 0.0356705 0.0450379 0.0499372 0.0490176 0.0432125 0.035045 0.0270677 0.0206729 0.0159644 0.0123927
 1.04334e-16 5.987e-05 0.000581958 0.00386732 0.0175803 0.0546988 0.116542 0.1701 0.170117 0.116625 0.0549774 0.0183859 0.00589386 0.00502013 0.00853046 0.0141168 0.0205846 0.0264182 0.030099 0.0309056 0.0292891 0.0264566 0.0235279 0.0209602 0.0185902 0.0160707
 1.01097e-16 7.60615e-05 0.000739345 0.00491321 0.0223347 0.0694917 0.14806 0.216099 0.216104 0.148087 0.0695839 0.0226012 0.00558229 0.00220114 0.00285581 0.00461022 0.00665624 0.00841853 0.00936738 0.00926229 0.00828861 0.00692264 0.00563431 0.00466116 0.00398589 0.00346408
 1.00137e-16 7.94323e-05 0.00077211 0.00513095 0.0233245 0.0725713 0.154621 0.225674 0.225678 0.154637 0.0726237 0.0234757 0.00551021 0.00159931 0.00164824 0.00259336 0.0037145 0.0046422 0.00505957 0.00482238 0.00404212 0.00301352 0.00204316 0.00131079 0.000842407 0.000570924
 1.00795e-16 3.6332e-05 0.00035316 0.00234687 0.0106686 0.0331942 0.0707256 0.103237 0.103289 0.0709794 0.0340462 0.0131283 0.00851645 0.0138054 0.0255376 0.0420376 0.0602621 0.0751665 0.081633 0.0772986 0.0639933 0.0465759 0.0301386 0.0177233 0.00984709 0.00545999
 1.01873e-16 7.34892e-05 0.000714341 0.00474705 0.0215794 0.0671415 0.143052 0.20879 0.208795 0.143076 0.06722 0.021807 0.00532204 0.0019818 0.00251639 0.00413666 0.00616706 0.00820062 0.00985788 0.0109341 0.0114662 0.0116117 0.0114567 0.0109396 0.00994632 0.00846716
 1.0245e-16 5.47495e-05 0.000532185 0.00353656 0.0160767 0.0500207 0.106575 0.155556 0.155585 0.106717 0.050496 0.0174489 0.00697916 0.00804137 0.0142985 0.0235064 0.0337525 0.0422314 0.0461304 0.044171 0.0373895 0.0284677 0.0201609 0.014033 0.0102214 0.00801735
 1.02387e-16 6.72278e-05 0.000653478 0.00434259 0.0197408 0.0614211 0.130864 0.191003 0.191015 0.130924 0.0616197 0.0203152 0.00578695 0.00381509 0.00609672 0.0100377 0.0146038 0.0186765 0.0211507 0.021496 0.0200326 0.0176441 0.0151785 0.01303 0.0111498 0.00933524
 1.0258e-16 6.05142e-05 0.00058822 0.00390893 0.0177694 0.0552874 0.117796 0.171932 0.171953 0.117899 0.055633 0.0187678 0.00641504 0.00605977 0.0104541 0.0171929 0.0247757 0.0311884 0.0344209 0.0335495 0.0292812 0.0234605 0.0179507 0.0137614 0.0109292 0.0089648
 1.02739e-16 6.32911e-05 0.000615212 0.0040883 0.0185848 0.0578244 0.123202 0.17982 0.179836 0.123283 0.0580974 0.0193738 0.00607066 0.00494893 0.00831197 0.0136885 0.0198227 0.0251566 0.0281381 0.0280388 0.0253592 0.0214353 0.0175857 0.0144781 0.0120906 0.0100869
 1.07537e-16 2.8075e-05 0.000272899 0.00181351 0.008244 0.0256504 0.0546528 0.0797777 0.079827 0.0548941 0.026461 0.010586 0.00769543 0.0131235 0.024464 0.0404792 0.0584964 0.0739557 0.0822119 0.0811111 0.0722336 0.0597286 0.047729 0.0383872 0.0316795 0.0264975
 1.06447e-16 6.57047e-05 0.000638673 0.0042442 0.0192935 0.0600294 0.127899 0.186674 0.186681 0.127933 0.0601439 0.0196261 0.00508637 0.00250157 0.00367557 0.00616082 0.00930986 0.0126342 0.0156633 0.0181596 0.0201803 0.0218698 0.0231743 0.0237616 0.0232225 0.0213711
 1.04878e-16 5.87829e-05 0.00057139 0.00379709 0.017261 0.0537056 0.114426 0.167013 0.167035 0.114535 0.054069 0.0183104 0.00643084 0.00631977 0.0109732 0.0180423 0.0259769 0.0326625 0.0360019 0.0350677 0.0306765 0.0248518 0.0196084 0.01599 0.0139203 0.012695
 1.07418e-16 4.08483e-05 0.00039706 0.00263861 0.0119947 0.0373203 0.0795161 0.116063 0.116098 0.0796873 0.0378955 0.0136576 0.00681733 0.009535 0.0174416 0.0288905 0.0418952 0.0532722 0.0597824 0.0599072 0.0546946 0.0469259 0.0393211 0.0332208 0.0285192 0.0244672
 1.06047e-16 6.34646e-05 0.000616898 0.00409951 0.0186358 0.0579829 0.123539 0.180311 0.180322 0.123594 0.0581675 0.0191705 0.00544726 0.00357711 0.0057387 0.00952682 0.0140471 0.0183599 0.0215426 0.0231643 0.0234887 0.0231717 0.0227171 0.0221561 0.0211598 0.0193997
 1.03946e-16 6.29812e-05 0.0006122 0.00406828 0.0184938 0.0575413 0.122598 0.17894 0.178957 0.122684 0.0578303 0.0193286 0.00616413 0.00518893 0.00875972 0.0143952 0.0207647 0.0261912 0.0290178 0.0285022 0.0252634 0.0208554 0.0168164 0.0139305 0.0121318 0.0109011
 1.0635e-16 3.98983e-05 0.000387826 0.00257724 0.0117158 0.0364524 0.077667 0.113365 0.113404 0.0778541 0.0370807 0.0135313 0.00713731 0.0103518 0.0189908 0.0314041 0.0454023 0.0574453 0.0639368 0.0632041 0.0564567 0.0468866 0.0376742 0.0304781 0.0252888 0.0212681
 1.10254e-16 4.86656e-05 0.000473047 0.00314356 0.0142902 0.0444622 0.0947321 0.138268 0.138288 0.0948277 0.0447837 0.0152216 0.00549207 0.00563496 0.00995536 0.0166519 0.0246176 0.0322907 0.0380827 0.0412303 0.0421376 0.0418546 0.0411586 0.0400411 0.0379405 0.0343731
 1.06203e-16 6.51269e-05 0.000633057 0.00420689 0.0191239 0.0595016 0.126775 0.185034 0.185046 0.126834 0.0597006 0.0196993 0.0056538 0.0038002 0.00610568 0.0100596 0.0146511 0.0187864 0.0214078 0.0220618 0.0211631 0.019671 0.0184363 0.0177358 0.017281 0.0165662
 1.06528e-16 4.61358e-05 0.000448457 0.00298015 0.0135474 0.0421511 0.0898086 0.131085 0.131119 0.0899734 0.0427047 0.0151467 0.0069954 0.00921608 0.0167046 0.0275627 0.0397497 0.0500975 0.0554134 0.0542466 0.0477563 0.0389114 0.0306863 0.0246536 0.0207904 0.018205
 1.05483e-16 6.13185e-05 0.000596038 0.00396088 0.0180056 0.0560222 0.119362 0.174215 0.174229 0.11943 0.0562532 0.0186742 0.00564434 0.00428864 0.00712595 0.0118188 0.0173359 0.0224633 0.0259901 0.0273382 0.0268452 0.025409 0.0238069 0.0222635 0.0205388 0.0183222
pSPR Fmed_Fpbrs
1   0.984028 0.6 0.325 0.984028 0.984028 0.984028
Fs Fmed_Fpbrs
0   0.01 0.363752 0.945207 0.01 0.01 0.01
SSBpbr Bo_Bmed_Bpbrs
1.06422e+06  1.01101e+06  994011 585321 292660 994011 994011 994011
Ro
161961
SPR SPRFo_SPRFmed_SPRFpbrs
1.16682e+06 1.16682e+06 1.14819e+06
Fref
0
Nvult_r0
 131662 30397 18919.9 2908.74 1948.45
CTP_r0
 14813.5 6334.17 4127.66 636.159 426.192
YTP_r0
356526
Np
 194788 71658.5 26361.7 9697.93 4880.14
Nvult_p0
 123130 45296.8 16663.8 6130.26 3084.84
CTP_p0
 0 0 0 0 0
 0 0 0 0 0
 0 0 0 0 0
 0 0 0 0 0
 0 0 0 0 0
 0 0 0 0 0
YTP_p0
 0 0 0 0 0 0
CBA_c0
0
log_Ro
11.8151
likeval ReclasPelacesDesembMPH_pf_preclas_ppelaces_ptallas_desvR_qrecl_qpela
 39.6958 28.8419 0.0754427 77.0088 239.235 137.791 112.017 0 26.62 1.85313e-08 7.76622e-07 0.327149 2064.91 0 0
q_reclas_q_pelaces
0.980932 1.13273
M
1
N
 187263 33783.1 114961 6700.23 0.262028
 91888.8 63418.2 10465.8 35248.4 2053.27
 116544 29087.8 17077.4 2765.94 9847.84
 165071 37031.1 7894.03 4550.66 3357.66
 137329 47877.8 8315.72 1720.91 1721.11
 196184 46894.4 15089.6 2596.64 1074.22
 81419.2 61048.3 12186.6 3840.4 933.147
 40559.5 20729.8 10459.1 1994.23 779.121
 34601.4 14018 6698.97 3353.73 888.883
 48258.8 9843.28 3023.74 1399.4 884.666
 137738 12333.3 1699.64 498.926 375.901
 163166 47214.1 3918.01 535.201 275.335
 74032.5 47161.7 10526.6 847.656 175.058
 47604 21238.1 10351.9 2240.01 217.249
 96012.5 8778.58 1862.36 832.857 196.742
 535107 23298.3 1361.16 274.167 151.128
 111354 151226 4957.27 280.251 87.4005
 575348 36483.1 43737.1 1413.16 104.72
 314177 178504 9422.63 11058.7 383.331
 494574 89680.5 38777 1983.16 2403.92
 449384 150453 22234.5 9388.84 1060.77
 548794 144807 42038.5 6110.82 2869.25
 101989 168074 36407.3 10330.4 2203.86
 346400 33806 49798.8 10647.9 3663.14
 322934 113848 9841.15 14294.4 4104.6
 137283 107408 33972.2 2899.91 5417.81
 283435 46801.6 33736.2 10569.7 2586.44
 358999 93397.8 13698.4 9739.61 3795.2
 137906 120037 28177.6 4083.79 4032.3
 129237 47370.6 38298.9 8913.82 2566.22
 246074 43600.6 14559.5 11644.9 3488.39
 121667 79821.1 12351.4 4060.25 4216.52
 194788 42379.2 26215.8 4029.05 2698.85
pred_Ctot
 9466.32 3419.41 12283.3 718.01 0.0280839
 8203.81 11020 1913.69 6463.01 376.535
 10160.8 4943.51 3054.57 496.104 1766.59
 22509 9489.89 2120.53 1225.53 904.364
 6268.45 4391.38 805.488 167.186 167.231
 19376.6 8951.76 3028.7 522.597 216.227
 16327.1 21913.6 4561.5 1440.71 350.108
 1559.5 1609.97 858.357 164.151 64.1422
 5063.59 3826.52 1915.23 961.222 254.799
 9592.45 3507.01 1123.54 521.153 329.499
 5974.41 1076.72 156.731 46.1445 34.7716
 22541.6 12242 1064.72 145.809 75.022
 10515.1 12535.5 2931.48 236.653 48.88
 15860 11415.2 5741.77 1244.52 120.711
 21366 3438.08 759.224 340.26 80.3873
 80103.7 6489.17 396.964 80.1556 44.1897
 7774.13 20844.7 720.177 40.8299 12.7354
 57765.8 7070.99 8911.91 288.727 21.3987
 45429.9 48210 2665.74 3136.44 108.734
 54954.9 19084 8667.55 444.461 538.834
 35628.6 23387.9 3640.04 1541.37 174.172
 58980.3 29885.5 9115.83 1328.65 623.935
 6435.72 21042.6 4806.77 1367.82 291.853
 23559.3 4545.42 7058.14 1513.46 520.75
 19737.7 13825.8 1260.52 1836.21 527.341
 6400.64 10055.5 3358.52 287.535 537.276
 18850.2 6160.23 4681.41 1470.9 359.99
 20835.9 10794.8 1670.3 1191.04 464.179
 5809.52 10187 2526.12 367.202 362.628
 6823.19 4999.48 4266.17 995.828 286.735
 18583.6 6473.87 2277.4 1826.64 547.278
 4106.82 5460.76 893.242 294.52 305.903
 14813.5 6334.17 4127.66 636.159 426.192
F
 0.0827631 0.171848 0.182168 0.182745 0.182776
 0.150261 0.311998 0.330735 0.331783 0.331839
 0.146511 0.304212 0.322481 0.323503 0.323557
 0.237726 0.49361 0.523253 0.524912 0.525
 0.0744775 0.154643 0.16393 0.16445 0.164478
 0.167387 0.347559 0.368432 0.3696 0.369662
 0.36804 0.764191 0.810083 0.812652 0.812788
 0.0624251 0.129618 0.137402 0.137838 0.137861
 0.257106 0.53385 0.56591 0.567704 0.567799
 0.364274 0.756371 0.801794 0.804336 0.80447
 0.0706616 0.14672 0.155531 0.156024 0.15605
 0.241184 0.50079 0.530864 0.532547 0.532636
 0.248706 0.516409 0.547421 0.549156 0.549248
 0.690603 1.43395 1.52007 1.52489 1.52514
 0.416099 0.863979 0.915865 0.918769 0.918922
 0.263692 0.547525 0.580405 0.582246 0.582343
 0.115865 0.240579 0.255026 0.255835 0.255878
 0.170362 0.353735 0.374978 0.376167 0.37623
 0.253704 0.526785 0.558421 0.560191 0.560285
 0.190046 0.394608 0.418306 0.419632 0.419702
 0.132474 0.275066 0.291584 0.292509 0.292558
 0.183317 0.380636 0.403494 0.404774 0.404841
 0.104227 0.216414 0.229411 0.230138 0.230176
 0.112728 0.234066 0.248122 0.248909 0.24895
 0.100811 0.209323 0.221893 0.222597 0.222634
 0.0761252 0.158065 0.167557 0.168088 0.168116
 0.110114 0.228639 0.24237 0.243138 0.243179
 0.0955224 0.198341 0.210252 0.210918 0.210954
 0.0685686 0.142374 0.150925 0.151403 0.151428
 0.0865746 0.179762 0.190557 0.191161 0.191193
 0.125846 0.261303 0.276995 0.277874 0.27792
 0.054626 0.113424 0.120236 0.120617 0.120637
 0.126776 0.263234 0.279043 0.279927 0.279974
YTP_r0W_actual
 111694 110531 99352.7 19924.5 15023.3
YTP_p0W_proyectada
 0 0 0 0 0
 0 0 0 0 0
 0 0 0 0 0
 0 0 0 0 0
 0 0 0 0 0
 0 0 0 0 0
CTP_r0_actual
 14813.5 6334.17 4127.66 636.159 426.192
CTP_p0_proyectada
 0 0 0 0 0
 0 0 0 0 0
 0 0 0 0 0
 0 0 0 0 0
 0 0 0 0 0
 0 0 0 0 0
Wmedp
 7.54 17.45 24.07 31.32 35.25
Frms_r0
 0.126776 0.263234 0.279043 0.279927 0.279974
Zrms_r0
 1.12678 1.26323 1.27904 1.27993 1.27997
nmprior
 7.29 8.9 8.7 0
nm_flota  nm_reclas  nm_pelaces    nm_pelaL
inf 10.9062 16.5148 50.7016
cv_recla  cv_pelaces  cv_mph
0.272818 0.490254 0.703602
 ------------------------------------------------
Talla a la edad & desviaci?n 
 8 13.2811 15.8009 17.003 17.5766
 0.8 1.32811 1.58009 1.7003 1.75766
