years
 1991 1992 1993 1994 1995 1996 1997 1998 1999 2000 2001 2002 2003 2004 2005 2006 2007 2008 2009 2010 2011 2012 2013 2014 2015 2016 2017 2018 2019 2020 2021 2022 2023
reclasobs
 0 0 0 0 0 0 0 0 0 252601 567819 844713 477998 351125 339783 2.1784e+06 2.13404e+06 4.81314e+06 1.55562e+06 2.62356e+06 3.21686e+06 3.843e+06 1.13348e+06 3.07943e+06 1.97215e+06 2.03268e+06 2.025e+06 2.42433e+06 2.27542e+06 1.05018e+06 2.36338e+06 3.18982e+06 1.53035e+06
reclaspred
 2.85669e+06 1.6123e+06 851295 867893 866169 1.16023e+06 730800 660027 464167 343927 558120 722921 578613 324900 470676 1.53092e+06 1.66536e+06 2.73967e+06 2.05944e+06 2.05612e+06 3.56121e+06 2.62519e+06 2.0158e+06 2.95031e+06 2.28936e+06 2.07209e+06 2.32129e+06 2.54925e+06 2.25178e+06 1.70176e+06 1.94392e+06 2.10508e+06 1.66198e+06
pelacesobs
 0 0 0 0 0 0 0 0 0 0 0 0 0 0 0 552880 188675 0 991730 2.46772e+06 1.41603e+06 1.21717e+06 2.29649e+06 1.80582e+06 0 1.4828e+06 1.56532e+06 1.57751e+06 1.42118e+06 867257 1.10002e+06 1.06204e+06 0
pelacespred
 1.49376e+06 946565 499523 416213 428686 589824 353802 382270 263107 185277 298501 344065 297000 173151 263500 716538 776019 1.4394e+06 1.15582e+06 1.02176e+06 1.72914e+06 1.46396e+06 1.08826e+06 1.7103e+06 1.27931e+06 1.14725e+06 1.46519e+06 1.45379e+06 1.15207e+06 1.00428e+06 1.01016e+06 1.08869e+06 892506
mphobs
 0 0 0 0 0 0 0 0 0 0 0 0 498337 0 5186 125008 0 168611 109162 213762 579715 649985 157893 87575 83554 210694 70296 0 107559 103333 445601 22526 28222
mphpred
 452708 304466 153644 88814.7 100121 108818 122135 77607.3 68388.4 46094.9 31520.8 72489.9 84249.2 51851.3 25059.8 49224.4 200706 208016 275063 323605 471594 527794 107705 86980.5 122502 99837.5 88028.2 91415.3 128522 101962 67434 91826 65829.5
desembarqueobs
 494567 514787 250237 358949 120608 361735 552515 73892 212993 205616 52469 317467 293654 387597 252695 516296 358380 742168 942051 627588 828172 859565 418607 520667 417249 300574 415391 372974 316634 284311 391294 218835 356480
desembarquepred
 494571 513140 251094 358990 120614 361775 552645 73897.7 213066 205676 52470.1 317510 293841 388039 252674 516283 358427 742191 942068 627477 828269 859698 418653 520708 417251 300583 415410 372969 316631 284293 391284 218849 356506
Reclutas
 236724 122523 160343 239721 193071 260604 112753 58613.5 48180.3 68452.6 215470 205195 93455.7 59805 134861 807637 179332 822432 465686 685709 680430 793951 156682 541622 491383 214916 446193 561140 210512 196292 387354 193741 306375
log_desv_Rt
 0.00686235 -0.651734 -0.382715 0.0194433 -0.196975 0.10297 -0.734828 -1.38907 -1.58508 -1.23389 -0.0872075 -0.13607 -0.922544 -1.36894 -0.555787 1.23408 -0.270791 1.25223 0.68348 1.07042 1.06269 1.21699 -0.405813 0.834536 0.737192 -0.0897827 0.640721 0.869939 -0.11049 -0.180426 0.499308 -0.193507 0.264778
SSB
 4.38164e+06 2.94685e+06 1.48708e+06 859613 969042 1.05322e+06 1.18211e+06 751139 661913 446139 305081 701610 783831 493066 235518 464108 1.94258e+06 2.01333e+06 2.73248e+06 1.958e+06 2.91661e+06 3.39453e+06 2.90684e+06 2.27135e+06 3.02091e+06 2.59821e+06 2.17162e+06 2.17978e+06 3.16589e+06 2.37802e+06 1.76317e+06 2.46199e+06 1.64375e+06
BT
 5.79553e+06 3.91687e+06 2.05216e+06 1.7998e+06 1.63672e+06 2.42723e+06 1.78481e+06 1.43705e+06 1.16187e+06 865716 1.11685e+06 1.50033e+06 1.3322e+06 1.0309e+06 1.20155e+06 2.99525e+06 3.06474e+06 5.81408e+06 5.0883e+06 4.23434e+06 6.84627e+06 6.11308e+06 4.27974e+06 6.62379e+06 4.99018e+06 4.38442e+06 5.68224e+06 5.57958e+06 4.39706e+06 3.87919e+06 3.97932e+06 4.08232e+06 3.52383e+06
Ftot
 0.10373 0.186087 0.179971 0.294836 0.0947074 0.226735 0.46662 0.0752287 0.305446 0.403672 0.0832993 0.31547 0.326179 0.780666 0.481868 0.323422 0.141609 0.210635 0.312488 0.232914 0.166439 0.229358 0.12938 0.137727 0.124924 0.0957392 0.136093 0.118692 0.0871053 0.108537 0.154611 0.0683342 0.155752
BD_Bspro_t
 0.983646 0.884866 0.762393 0.703067 0.704025 0.756738 0.715115 0.5728 0.630883 0.580386 0.554967 0.798041 0.70868 0.558465 0.384864 0.551825 0.754613 0.742065 0.754548 0.668925 0.713886 0.73817 0.734939 0.722464 0.797472 0.808987 0.812948 0.827567 0.865538 0.832538 0.806608 0.837397 0.839929
BD_Bspro
 2.58691 1.73981 0.877966 0.507513 0.57212 0.621818 0.697915 0.443471 0.390791 0.263399 0.180119 0.414229 0.462772 0.291105 0.139049 0.274008 1.14689 1.18866 1.61325 1.156 1.72196 2.00412 1.71619 1.341 1.78354 1.53398 1.28212 1.28693 1.86913 1.40397 1.04097 1.45355 0.970466
BD_Bo
 2.31874 1.55945 0.786953 0.454902 0.512811 0.557358 0.625566 0.397499 0.35028 0.236094 0.161447 0.371288 0.414799 0.260928 0.124635 0.245603 1.028 1.06544 1.44601 1.03616 1.54345 1.79636 1.53828 1.20199 1.59865 1.37496 1.14921 1.15353 1.67537 1.25843 0.93306 1.30287 0.869864
BD_Brms
 2.48381 1.67047 0.842978 0.487288 0.54932 0.597038 0.670101 0.425797 0.375217 0.252902 0.172941 0.397721 0.444329 0.279504 0.133508 0.263088 1.10119 1.14129 1.54896 1.10993 1.65333 1.92425 1.6478 1.28756 1.71246 1.47284 1.23103 1.23565 1.79464 1.34802 0.999486 1.39563 0.931791
Sel_flota
 0.496439 0.949319 0.997198 0.999852 0.999992
 0.496439 0.949319 0.997198 0.999852 0.999992
 0.496439 0.949319 0.997198 0.999852 0.999992
 0.496439 0.949319 0.997198 0.999852 0.999992
 0.496439 0.949319 0.997198 0.999852 0.999992
 0.496439 0.949319 0.997198 0.999852 0.999992
 0.496439 0.949319 0.997198 0.999852 0.999992
 0.496439 0.949319 0.997198 0.999852 0.999992
 0.496439 0.949319 0.997198 0.999852 0.999992
 0.496439 0.949319 0.997198 0.999852 0.999992
 0.496439 0.949319 0.997198 0.999852 0.999992
 0.496439 0.949319 0.997198 0.999852 0.999992
 0.496439 0.949319 0.997198 0.999852 0.999992
 0.496439 0.949319 0.997198 0.999852 0.999992
 0.496439 0.949319 0.997198 0.999852 0.999992
 0.496439 0.949319 0.997198 0.999852 0.999992
 0.496439 0.949319 0.997198 0.999852 0.999992
 0.496439 0.949319 0.997198 0.999852 0.999992
 0.496439 0.949319 0.997198 0.999852 0.999992
 0.496439 0.949319 0.997198 0.999852 0.999992
 0.496439 0.949319 0.997198 0.999852 0.999992
 0.496439 0.949319 0.997198 0.999852 0.999992
 0.496439 0.949319 0.997198 0.999852 0.999992
 0.496439 0.949319 0.997198 0.999852 0.999992
 0.496439 0.949319 0.997198 0.999852 0.999992
 0.496439 0.949319 0.997198 0.999852 0.999992
 0.496439 0.949319 0.997198 0.999852 0.999992
 0.496439 0.949319 0.997198 0.999852 0.999992
 0.496439 0.949319 0.997198 0.999852 0.999992
 0.496439 0.949319 0.997198 0.999852 0.999992
 0.496439 0.949319 0.997198 0.999852 0.999992
 0.496439 0.949319 0.997198 0.999852 0.999992
 0.496439 0.949319 0.997198 0.999852 0.999992
Sel_reclas
 1 1 1 1 1
 1 1 1 1 1
 1 1 1 1 1
 1 1 1 1 1
 1 1 1 1 1
 1 1 1 1 1
 1 1 1 1 1
 1 1 1 1 1
 1 1 1 1 1
 1 1 1 1 1
 1 1 1 1 1
 1 1 1 1 1
 1 1 1 1 1
 1 1 1 1 1
 1 1 1 1 1
 1 1 1 1 1
 1 1 1 1 1
 1 1 1 1 1
 1 1 1 1 1
 1 1 1 1 1
 1 1 1 1 1
 1 1 1 1 1
 1 1 1 1 1
 1 1 1 1 1
 1 1 1 1 1
 1 1 1 1 1
 1 1 1 1 1
 1 1 1 1 1
 1 1 1 1 1
 1 1 1 1 1
 1 1 1 1 1
 1 1 1 1 1
 1 1 1 1 1
Sel_pelaces
 1 1 1 1 1
 1 1 1 1 1
 1 1 1 1 1
 1 1 1 1 1
 1 1 1 1 1
 1 1 1 1 1
 1 1 1 1 1
 1 1 1 1 1
 1 1 1 1 1
 1 1 1 1 1
 1 1 1 1 1
 1 1 1 1 1
 1 1 1 1 1
 1 1 1 1 1
 1 1 1 1 1
 1 1 1 1 1
 1 1 1 1 1
 1 1 1 1 1
 1 1 1 1 1
 1 1 1 1 1
 1 1 1 1 1
 1 1 1 1 1
 1 1 1 1 1
 1 1 1 1 1
 1 1 1 1 1
 1 1 1 1 1
 1 1 1 1 1
 1 1 1 1 1
 1 1 1 1 1
 1 1 1 1 1
 1 1 1 1 1
 1 1 1 1 1
 1 1 1 1 1
pf_obs 
 0.8446 0.082 0.0669 0.0065 0
 0.8095 0.147 0.0364 0.0071 0
 0.9664 0.0169 0.016 0.0007 0
 0.9276 0.0648 0.0075 0.0001 0
 0.7033 0.2144 0.0806 0.0017 0
 0.9318 0.0425 0.0243 0.0014 0
 0.5671 0.3108 0.0964 0.0239 0.0018
 0.0768 0.2599 0.5324 0.112 0.0189
 0.490249 0.384438 0.106611 0.0170017 0.00170017
 0.7925 0.1577 0.0466 0.003 0.0002
 0.840416 0.127587 0.0312969 0.00059994 9.999e-05
 0.8084 0.0986 0.0794 0.0134 0.0002
 0.7335 0.1905 0.0724 0.0035 0.0001
 0.4001 0.4547 0.1325 0.0127 0
 0.49795 0.308269 0.164784 0.0264974 0.00249975
 0.9179 0.0499 0.0305 0.0017 0
 0.2467 0.6533 0.0926 0.0074 0
 0.9418 0.0223 0.034 0.0019 0
 0.707729 0.231977 0.0356964 0.0245975 0
 0.517169 0.277429 0.184464 0.0207286 0.00020938
 0.811772 0.124168 0.05621 0.00726502 0.000585176
 0.764997 0.148141 0.077277 0.00933861 0.000247198
 0.163321 0.427699 0.378323 0.0303852 0.000271297
 0.753843 0.0900009 0.118128 0.0371064 0.000921714
 0.721811 0.176058 0.0630433 0.0369309 0.00215725
 0.143369 0.312575 0.442814 0.0836902 0.0175525
 0.692698 0.0596174 0.167031 0.0765114 0.00414204
 0.394062 0.376323 0.152708 0.0712218 0.00568511
 0.125707 0.32114 0.495352 0.0537591 0.00404204
 0.23352 0.215282 0.420074 0.123614 0.00750983
 0.796117 0.104755 0.0508955 0.0450114 0.00322123
 0.162477 0.292055 0.404252 0.121198 0.0200186
 0 0 0 0 0
pf_pred 
 0.314083 0.113045 0.545432 0.0274399 9.99217e-07
 0.274804 0.342787 0.0656897 0.301587 0.0151322
 0.474516 0.224965 0.146129 0.0265831 0.127806
 0.611257 0.249314 0.0615241 0.0379392 0.0399659
 0.506282 0.375302 0.0774818 0.0180939 0.022841
 0.580676 0.276972 0.1095 0.0215157 0.0113358
 0.354186 0.473691 0.115765 0.0433821 0.0129767
 0.336191 0.355832 0.229544 0.0528091 0.0256241
 0.386707 0.301626 0.17091 0.104982 0.0357748
 0.587562 0.232568 0.0910342 0.0487827 0.0400528
 0.806087 0.145155 0.0282114 0.0104156 0.010131
 0.570014 0.381566 0.0366983 0.00678986 0.00493158
 0.368639 0.458951 0.153953 0.0139999 0.00445767
 0.399352 0.327051 0.201944 0.0640029 0.00764948
 0.758711 0.147509 0.0527311 0.0303301 0.0107197
 0.908955 0.0792769 0.00736782 0.00247761 0.00192226
 0.266004 0.699117 0.0305909 0.00268797 0.00160018
 0.747937 0.102878 0.142434 0.00592376 0.000828047
 0.447294 0.472971 0.0335696 0.0440819 0.00208359
 0.612228 0.239995 0.127488 0.00855706 0.0117321
 0.553145 0.338733 0.0682809 0.0343851 0.00545588
 0.570022 0.303375 0.0971737 0.0186042 0.0108248
 0.188914 0.586667 0.160828 0.0488424 0.0147484
 0.623872 0.116055 0.190744 0.0497223 0.0196057
 0.519474 0.367538 0.0361124 0.0564249 0.0204512
 0.312047 0.463362 0.173856 0.016246 0.0344892
 0.595205 0.187517 0.148713 0.0531088 0.0154554
 0.591624 0.302557 0.0503745 0.0379814 0.0174628
 0.296833 0.516288 0.140277 0.0222165 0.0243851
 0.38539 0.272868 0.2542 0.0657565 0.0217853
 0.625332 0.205264 0.0773264 0.068538 0.0235388
 0.372835 0.479462 0.0828376 0.0296541 0.0352119
 0.558214 0.233214 0.161297 0.0265447 0.0207295
pobs_RECLAS
 0 0 0 0 0
 0 0 0 0 0
 0 0 0 0 0
 0 0 0 0 0
 0 0 0 0 0
 0 0 0 0 0
 0 0 0 0 0
 0 0 0 0 0
 0 0 0 0 0
 0 0 0 0 0
 0.991045 0.00858322 0.000360255 1.14367e-05 0
 0.934742 0.0480273 0.0164251 0.00080598 0
 0.827803 0.169806 0.00239088 0 0
 0.941827 0.0461693 0.0120037 0 0
 0.791401 0.0380133 0.147996 0.0225897 0
 0.846168 0.0940531 0.0597789 0 0
 0.134021 0.677848 0.182769 0.00536245 0
 0.80878 0.0450904 0.141981 0.00414843 0
 0.846168 0.0940531 0.0597789 0 0
 0.905697 0.0802665 0.012482 0.00150086 5.37128e-05
 0.989698 0.0102097 9.19794e-05 0 0
 0.975433 0.0193895 0.00387452 0.00125025 5.28907e-05
 0.303575 0.632131 0.0575291 0.00676475 0
 0.966965 0.00978017 0.0227588 0.000495775 0
 0.843318 0.132988 0.00938335 0.0141283 0.000182051
 0.564624 0.303363 0.111486 0.0197234 0.00080311
 0.826376 0.0876187 0.0782897 0.00655872 0.00115652
 0.89761 0.0855135 0.0140674 0.00269457 0.000114338
 0.34875 0.467042 0.161289 0.0227151 0.000203297
 0.318654 0.224769 0.449479 0.00709798 0
 0.937255 0.0296025 0.0250945 0.00804832 0
 0.456809 0.399803 0.12412 0.0192676 0
 0.883104 0.0372192 0.0704036 0.00927362 0
ppred_RECLAS
 0.478193 0.0896336 0.411525 0.0206478 7.51778e-07
 0.428725 0.277488 0.0505798 0.231588 0.0116183
 0.641733 0.157909 0.0975667 0.0177009 0.0850906
 0.756298 0.159201 0.0373453 0.0229662 0.0241895
 0.665757 0.257116 0.0505131 0.0117645 0.0148489
 0.731171 0.180611 0.0679027 0.013306 0.00700938
 0.521052 0.356176 0.0826495 0.0308857 0.00923734
 0.498473 0.275092 0.168885 0.0387501 0.0187997
 0.55649 0.223889 0.120586 0.0738671 0.0251681
 0.739623 0.150191 0.055845 0.0298427 0.0244986
 0.889815 0.0835186 0.0154473 0.00568786 0.00553164
 0.72114 0.248864 0.0227497 0.00419756 0.0030483
 0.534639 0.342953 0.109336 0.00991533 0.00315665
 0.576684 0.236274 0.138165 0.04366 0.00521732
 0.862717 0.0856496 0.0290684 0.0166728 0.00589184
 0.951223 0.0427524 0.00377631 0.00126639 0.000982386
 0.411297 0.562035 0.0233972 0.00205034 0.00122042
 0.854999 0.0609515 0.0802557 0.00332876 0.000465241
 0.61258 0.333988 0.0225314 0.0295059 0.00139444
 0.756583 0.153545 0.0775628 0.0051919 0.00711728
 0.706959 0.224839 0.0431139 0.0216529 0.00343517
 0.722085 0.198996 0.0606135 0.0115731 0.00673284
 0.312205 0.504367 0.131553 0.0398445 0.0120297
 0.767559 0.0742509 0.116106 0.0301845 0.0119002
 0.677686 0.249477 0.0233227 0.0363434 0.0131708
 0.469447 0.363156 0.129663 0.0120839 0.0256498
 0.743877 0.121879 0.0919612 0.0327531 0.00953029
 0.738221 0.196485 0.0311271 0.0234063 0.0107601
 0.450761 0.408592 0.105647 0.0166871 0.0183134
 0.553192 0.203939 0.18078 0.0466389 0.0154494
 0.766704 0.130775 0.046867 0.0414285 0.0142262
 0.535584 0.359223 0.059067 0.0210883 0.0250371
 0.71344 0.154875 0.101901 0.0167248 0.013059
pobs_PELACES
 0 0 0 0 0
 0 0 0 0 0
 0 0 0 0 0
 0 0 0 0 0
 0 0 0 0 0
 0 0 0 0 0
 0 0 0 0 0
 0 0 0 0 0
 0 0 0 0 0
 0 0 0 0 0
 0 0 0 0 0
 0 0 0 0 0
 0 0 0 0 0
 0 0 0 0 0
 0 0 0 0 0
 0 0 0 0 0
 0.505614 0.472636 0.0217494 0 0
 0 0 0 0 0
 0.443492 0.261883 0.143347 0.151278 0
 0.227955 0.32914 0.350689 0.0885471 0.00366901
 0.970185 0.0296113 0.000203453 0 0
 0.997202 0.00247181 0.000326279 0 0
 0.445219 0.490057 0.0546422 0.010081 0
 0.90214 0.0892962 0.00764917 0.000914606 0
 0 0 0 0 0
 0.581667 0.319106 0.0959925 0.00289975 0.000334073
 0.762889 0.0836404 0.116647 0.0363945 0.000428098
 0.88444 0.0763242 0.0277011 0.0115352 0
 0.521256 0.241999 0.230069 0.00667565 0
 0.616807 0.101726 0.260614 0.0208532 0
 0.833518 0.0704572 0.0857862 0.0102388 0
 0.697417 0.212968 0.0787535 0.0105354 0.000325836
 0 0 0 0 0
ppred_PELACES
 0.482402 0.0890316 0.408092 0.0204737 7.45435e-07
 0.435938 0.274418 0.0498733 0.228316 0.0114541
 0.648266 0.155283 0.095672 0.0173544 0.0834243
 0.764627 0.154016 0.0359611 0.0221093 0.0232866
 0.668977 0.254729 0.0499693 0.0116369 0.0146878
 0.738009 0.176226 0.0660173 0.0129339 0.00681333
 0.538899 0.343562 0.0791369 0.029561 0.00884095
 0.50142 0.273624 0.167785 0.0384951 0.0186759
 0.568326 0.218448 0.117089 0.0717058 0.0244313
 0.751589 0.143686 0.0530865 0.0283586 0.0232798
 0.891061 0.0826009 0.0152575 0.00561755 0.00546324
 0.730629 0.240527 0.0218782 0.00403564 0.00293068
 0.547082 0.334238 0.10601 0.00961094 0.0030597
 0.606198 0.221015 0.127658 0.0403122 0.00481709
 0.871354 0.0804963 0.0271122 0.0155442 0.00549291
 0.953445 0.0408303 0.00358814 0.00120295 0.000933158
 0.416456 0.557167 0.0231427 0.00202779 0.00120699
 0.859092 0.0593454 0.0778813 0.00322968 0.000451389
 0.623768 0.324571 0.0217882 0.0285249 0.00134805
 0.763183 0.149586 0.0752853 0.00503842 0.00690681
 0.712213 0.220945 0.042256 0.0212189 0.0033663
 0.729117 0.194163 0.0589274 0.011249 0.00654417
 0.316492 0.501501 0.130539 0.0395327 0.0119355
 0.771476 0.0731094 0.114072 0.0296523 0.0116903
 0.681851 0.246368 0.0229865 0.0358157 0.0129795
 0.473133 0.360808 0.12863 0.0119866 0.0254432
 0.747949 0.120079 0.0904084 0.0321962 0.00936818
 0.741727 0.193947 0.0306675 0.0230583 0.0106
 0.454074 0.406272 0.104902 0.0165683 0.0181829
 0.557431 0.202195 0.178927 0.0461565 0.0152895
 0.771007 0.128505 0.0459411 0.0406046 0.0139432
 0.538186 0.357301 0.0586875 0.0209515 0.0248747
 0.718406 0.152365 0.100003 0.016411 0.0128139
pobs_pel_tallas
 0 0 0 0 0 0 0 0 0 0 0 0 0 0 0 0 0 0 0 0 0 0 0 0 0 0
 0 0 0 0 0 0 0 0 0 0 0 0 0 0 0 0 0 0 0 0 0 0 0 0 0 0
 0 0 0 0 0 0 0 0 0 0 0 0 0 0 0 0 0 0 0 0 0 0 0 0 0 0
 0 0 0 0 0 0 0 0 0 0 0 0 0 0 0 0 0 0 0 0 0 0 0 0 0 0
 0 0 0 0 0 0 0 0 0 0 0 0 0 0 0 0 0 0 0 0 0 0 0 0 0 0
 0 0 0 0 0 0 0 0 0 0 0 0 0 0 0 0 0 0 0 0 0 0 0 0 0 0
 0 0 0 0 0 0 0 0 0 0 0 0 0 0 0 0 0 0 0 0 0 0 0 0 0 0
 0 0 0 0 0 0 0 0 0 0 0 0 0 0 0 0 0 0 0 0 0 0 0 0 0 0
 0 0 0 0 0 0 0 0 0 0 0 0 0 0 0 0 0 0 0 0 0 0 0 0 0 0
 0 0 0 0 0 0 0 0 0 0 0 0 0 0 0 0 0 0 0 0 0 0 0 0 0 0
 0 0 0 0 0 0 0 0 0 0 0 0 0 0 0 0 0 0 0 0 0 0 0 0 0 0
 0 0 0 0 0 0 0 0 0 0 0 0 0 0 0 0 0 0 0 0 0 0 0 0 0 0
 0.00862536 0 0 0.000197151 0.00414017 0.0128641 0.00837892 0.0270097 0.101434 0.158115 0.152841 0.127902 0.109271 0.109419 0.0830992 0.0579132 0.0238553 0.00714673 0.00463305 0.00128148 0.00103504 0.000492878 0.000147863 0.000147863 4.92878e-05 0
 0 0 0 0 0 0 0 0 0 0 0 0 0 0 0 0 0 0 0 0 0 0 0 0 0 0
 0 0 0 0 0 0 0 0.0054083 0.00873648 0.0413646 0.0450493 0.0745869 0.0622846 0.0627006 0.0613931 0.0827291 0.12552 0.122667 0.0946155 0.0697135 0.0546179 0.0294188 0.0215738 0.0213955 0.0102223 0.00600262
 0 0 0 0 0.00359764 0.0251062 0.0480494 0.140153 0.205849 0.193036 0.1447 0.116669 0.0760912 0.0342217 0.00950174 0.001854 0.000860785 0 0 0 0.000165536 0 0.000143464 0 0 0
 0 0 0 0 0 0 0 0.000145254 0.000435761 0.0275982 0.070085 0.0708112 0.156366 0.174668 0.174014 0.160142 0.0824315 0.0480064 0.0283245 0.00493863 0.00203355 0 0 0 0 0
 0 0 0 0 0 0 0 0 0 0 0 0 0 0 0 0 0 0 0 0 0 0 0 0 0 0
 0 0 1.00437e-05 0.000401748 0.00122533 0.00171747 0.00176769 0.0269171 0.070346 0.194647 0.189555 0.159765 0.064822 0.0314167 0.0384472 0.0292271 0.0345202 0.0313363 0.0194345 0.0106764 0.0143323 0.0359363 0.0279516 0.0138201 0.00172751 0
 0 0.0021121 0.0136068 0.0755702 0.200478 0.177729 0.0527432 0.0373336 0.0318909 0.0142505 0.0149659 0.0166563 0.0217959 0.0798694 0.0677717 0.0528807 0.04013 0.0224614 0.0357745 0.0225083 0.00881397 0.00855152 0.00135912 0.000746735 0 0
 0 0 0 0 5.4009e-05 0.00500934 0.000945158 0.0243581 0.138947 0.33067 0.221406 0.137944 0.0707744 0.0437923 0.0131692 0.00525238 0.0047753 0.00276346 9.45158e-05 9.00151e-06 2.25038e-05 9.00151e-06 4.50075e-06 0 0 0
 0.000866109 0.00284123 0.00948549 0.0512746 0.133035 0.25785 0.225252 0.132002 0.0553304 0.0519788 0.0540692 0.017754 0.00435017 0.00159236 0.00146478 0.000404838 0.000125132 0.000115318 0.000107957 0.000100596 0 0 0 0 0 0
 0 0 0 0 0.00144013 0.00171154 0.00461396 0.0210425 0.0478622 0.0707936 0.0888783 0.103762 0.0637923 0.0337046 0.0602308 0.124433 0.169614 0.0934646 0.0462172 0.0250306 0.0313229 0.00938855 0.002487 0.000210481 0 0
 0 0.00764035 0.051015 0.0998891 0.058973 0.0496711 0.0374665 0.0718981 0.12319 0.153886 0.159021 0.0857701 0.0377988 0.023471 0.0147837 0.00900784 0.00315554 0.000888139 0.00291439 0.00214683 0.00393193 0.00274676 0.000635225 9.99891e-05 0 0
 0 0 0 0 0 0 0 0 0 0 0 0 0 0 0 0 0 0 0 0 0 0 0 0 0 0
 0 0 0 0 0 0 0 0 0 0 0 0 0 0 0 0 0 0 0 0 0 0 0 0 0 0
 0 0 0 0 0 0 0 0 0 0 0 0 0 0 0 0 0 0 0 0 0 0 0 0 0 0
 0 0 0 0 0 0 0 0 0 0 0 0 0 0 0 0 0 0 0 0 0 0 0 0 0 0
 0 0 0 0 0 0 0 0 0 0 0 0 0 0 0 0 0 0 0 0 0 0 0 0 0 0
 0 0 0 0 0 0 0 0 0 0 0 0 0 0 0 0 0 0 0 0 0 0 0 0 0 0
 0 0 0 0 0 0 0 0 0 0 0 0 0 0 0 0 0 0 0 0 0 0 0 0 0 0
 0 0 0 0 0 0 0 0 0 0 0 0 0 0 0 0 0 0 0 0 0 0 0 0 0 0
 0 0 0 0 0 0 0 0 0 0 0 0 0 0 0 0 0 0 0 0 0 0 0 0 0 0
ppred_pel_tallas
 1.13853e-16 3.97348e-05 0.000386237 0.00256668 0.0116678 0.0363028 0.0773472 0.112892 0.112902 0.0773924 0.0364564 0.0121194 0.00372988 0.0030231 0.00533288 0.00949543 0.0153974 0.0229388 0.0319066 0.0419838 0.0525527 0.062377 0.0695698 0.0721522 0.0689897 0.0604779
 1.26345e-16 3.59077e-05 0.000349036 0.00231947 0.010544 0.0328064 0.0698984 0.102024 0.102051 0.0700282 0.0332424 0.0118049 0.00549044 0.0072922 0.0132878 0.0220958 0.0322982 0.0417048 0.0482176 0.0511465 0.0517268 0.052257 0.0544713 0.0583848 0.0623619 0.0641612
 1.18659e-16 5.33968e-05 0.000519036 0.00344918 0.0156795 0.0487847 0.103942 0.151709 0.151724 0.104015 0.0490331 0.0163987 0.00526133 0.00449807 0.0076794 0.0127961 0.0188734 0.0247009 0.0291095 0.0316518 0.0328763 0.0338785 0.0354768 0.0376655 0.039687 0.0405375
 1.07236e-16 6.29813e-05 0.000612201 0.00406829 0.0184939 0.0575414 0.122599 0.178939 0.178954 0.122671 0.0577856 0.0191997 0.00584188 0.0044899 0.00744548 0.0122584 0.0177736 0.0226197 0.0254592 0.0257194 0.0239429 0.0214035 0.0192919 0.0181029 0.0175879 0.0171362
 1.0516e-16 5.51028e-05 0.000535619 0.00355938 0.0161804 0.0503434 0.107263 0.156559 0.156583 0.107383 0.0507468 0.0173457 0.00648573 0.00692815 0.0122084 0.0201297 0.0290734 0.0367355 0.0408067 0.040232 0.035831 0.0297129 0.0239746 0.0197006 0.0168466 0.0147805
 1.04401e-16 6.07889e-05 0.00059089 0.00392667 0.0178501 0.0555383 0.118331 0.172711 0.172728 0.118414 0.0558184 0.0186599 0.00596265 0.00504628 0.00855422 0.0141291 0.020543 0.0262436 0.0296814 0.0301318 0.0280873 0.0248431 0.02163 0.0189978 0.0168181 0.0147026
 1.06833e-16 4.43885e-05 0.000431472 0.00286728 0.0130343 0.0405546 0.0864072 0.126121 0.126154 0.0865693 0.0410991 0.0146075 0.00681904 0.00906737 0.0164728 0.0272348 0.0393999 0.0499125 0.0556842 0.0552976 0.049826 0.0420356 0.0346424 0.0289976 0.0249771 0.0217436
 1.11933e-16 4.13013e-05 0.000401464 0.00266787 0.0121278 0.0377341 0.0803975 0.117348 0.117375 0.0805275 0.0381713 0.0133931 0.00585452 0.00739255 0.0134205 0.0223889 0.032876 0.0426646 0.0494959 0.0523068 0.0517591 0.0495517 0.0471173 0.0448016 0.0420419 0.038144
 1.14761e-16 4.68123e-05 0.000455032 0.00302385 0.013746 0.042769 0.0911247 0.133004 0.133025 0.0912285 0.0431178 0.0147556 0.00556624 0.00603241 0.0107207 0.0178665 0.0262518 0.0341293 0.039762 0.0424085 0.0427277 0.0421809 0.0419181 0.0420587 0.0418275 0.0402538
 1.08353e-16 6.19074e-05 0.000601762 0.00399892 0.0181785 0.0565602 0.120508 0.175888 0.175902 0.120576 0.0567888 0.0188395 0.00566131 0.00424177 0.0070079 0.0115759 0.0168825 0.0216931 0.0248053 0.0257062 0.0248725 0.0233978 0.0222442 0.0217115 0.0214481 0.0208481
 1.0195e-16 7.33955e-05 0.000713431 0.004741 0.0215519 0.067056 0.14287 0.208525 0.208533 0.142909 0.0671868 0.0219297 0.0056898 0.00278601 0.00401365 0.00653014 0.00942643 0.0119125 0.0132392 0.01307 0.0116774 0.00975155 0.00797399 0.00668958 0.00586802 0.00528283
 1.01594e-16 6.0181e-05 0.00058498 0.0038874 0.0176716 0.054983 0.117148 0.170986 0.171009 0.117261 0.0553629 0.0187687 0.00664035 0.00659144 0.011458 0.018822 0.0270489 0.0338903 0.0370965 0.0356301 0.0302856 0.0231615 0.0164229 0.0113139 0.00798231 0.00593443
 1.04627e-16 4.50625e-05 0.000438023 0.00291082 0.0132322 0.0411704 0.0877191 0.128035 0.128068 0.087877 0.0417008 0.0147654 0.00676358 0.00886279 0.0160865 0.02663 0.0386046 0.0490575 0.0549816 0.0549472 0.0498847 0.042328 0.0347769 0.028499 0.0234772 0.0191387
 1.08599e-16 4.99318e-05 0.000485355 0.00322535 0.014662 0.045619 0.097197 0.141866 0.141888 0.0973019 0.0459719 0.0156833 0.00579681 0.00612513 0.0108382 0.018042 0.0264628 0.0342837 0.0396674 0.0417508 0.0410766 0.0390382 0.0368218 0.0347333 0.0323359 0.0290776
 1.03292e-16 7.17723e-05 0.000697653 0.00463615 0.0210753 0.065573 0.13971 0.203913 0.203921 0.139749 0.0657009 0.0214451 0.00556608 0.00273281 0.00395217 0.00646084 0.00939764 0.012028 0.0136591 0.0139852 0.0132603 0.0120962 0.0110506 0.010332 0.00980158 0.00918455
 1.00393e-16 7.8534e-05 0.000763379 0.00507292 0.0230608 0.0717506 0.152872 0.223123 0.223127 0.152892 0.0718151 0.023247 0.00554027 0.00178309 0.00201364 0.00320074 0.00459411 0.00575836 0.00630901 0.00607179 0.00518384 0.00400282 0.00289576 0.00207039 0.00154542 0.00122914
 1.01218e-16 3.4303e-05 0.000333438 0.00221581 0.0100728 0.0313405 0.0667762 0.0974731 0.0975267 0.0670381 0.0322196 0.0126108 0.00858206 0.0142159 0.0263551 0.043399 0.0622391 0.0776856 0.0844703 0.0801602 0.0666348 0.0488825 0.0321197 0.0194464 0.0113692 0.00679864
 1.02664e-16 7.07623e-05 0.000687835 0.0045709 0.0207787 0.0646502 0.137744 0.201043 0.201049 0.137773 0.0647463 0.0210576 0.00527615 0.0022444 0.00307661 0.00510328 0.00764377 0.0102322 0.0124202 0.013961 0.0148834 0.0153401 0.0153812 0.0148784 0.0136625 0.0117258
 1.03801e-16 5.1379e-05 0.000499422 0.00331884 0.015087 0.0469413 0.100015 0.145981 0.146012 0.100167 0.047454 0.0165672 0.00703296 0.00860285 0.0154284 0.0253924 0.0365011 0.045758 0.0501565 0.048339 0.0414273 0.0322886 0.023837 0.017677 0.0138716 0.0115934
 1.03885e-16 6.28624e-05 0.000611045 0.00406061 0.018459 0.0574327 0.122367 0.178601 0.178616 0.122438 0.057671 0.0191484 0.00579518 0.00441107 0.00731917 0.0121031 0.0176673 0.0227132 0.0259439 0.0267357 0.0254545 0.0231046 0.0206187 0.0183804 0.0162674 0.0140182
 1.03974e-16 5.86641e-05 0.000570236 0.00378942 0.0172262 0.0535971 0.114195 0.166676 0.166697 0.114299 0.053947 0.018237 0.00632781 0.00611541 0.0106015 0.0174646 0.0252272 0.031885 0.0354375 0.0349721 0.0311968 0.0259303 0.0209704 0.0172317 0.0146554 0.0126919
 1.03986e-16 6.00564e-05 0.00058377 0.00387936 0.017635 0.0548691 0.116905 0.17063 0.170649 0.116997 0.0551772 0.0185256 0.00611731 0.00547753 0.00937853 0.0154733 0.0224334 0.0285241 0.0320111 0.0320863 0.0293179 0.0252001 0.021188 0.0179875 0.0155223 0.0133708
 1.0988e-16 2.60691e-05 0.000253401 0.00168394 0.00765499 0.0238178 0.0507481 0.0740784 0.0741269 0.0509848 0.0246129 0.00995302 0.00745733 0.0128735 0.0240432 0.039837 0.0576906 0.073196 0.0818611 0.0816083 0.0739604 0.062878 0.0522356 0.0439407 0.0378062 0.0326718
 1.08263e-16 6.35455e-05 0.000617685 0.00410473 0.0186595 0.0580567 0.123696 0.18054 0.180547 0.123732 0.0581759 0.0190061 0.004983 0.00256296 0.00384046 0.00646513 0.0098162 0.013417 0.0168097 0.0197715 0.0223648 0.0247089 0.0266797 0.0278376 0.0276606 0.0258836
 1.06515e-16 5.61632e-05 0.000545926 0.00362787 0.0164918 0.0513122 0.109327 0.159571 0.159595 0.109443 0.0517017 0.0176167 0.00645136 0.00670952 0.0117624 0.0193601 0.0278984 0.0351319 0.0388333 0.0380297 0.0336105 0.0277425 0.0225584 0.0191236 0.0172848 0.0162153
 1.09313e-16 3.89714e-05 0.000378816 0.00251737 0.0114436 0.0356055 0.0758625 0.110731 0.110766 0.0760331 0.0361786 0.0131006 0.00668281 0.00949201 0.0174053 0.0288666 0.0419396 0.0534956 0.0603499 0.0610141 0.056517 0.0495633 0.0427527 0.0372937 0.0329753 0.0289965
 1.07454e-16 6.16076e-05 0.000598847 0.00397955 0.0180905 0.0562862 0.119924 0.175035 0.175047 0.119981 0.0564787 0.0186481 0.00538546 0.00368852 0.00599021 0.0099656 0.0147275 0.0193199 0.022804 0.0247494 0.0254351 0.0255254 0.0254992 0.0253222 0.0245803 0.0228753
 1.05041e-16 6.10951e-05 0.000593866 0.00394645 0.01794 0.0558181 0.118927 0.173581 0.1736 0.119018 0.0561251 0.0188268 0.0061732 0.00545746 0.00930594 0.0153102 0.0221053 0.0279264 0.0310286 0.030637 0.0274146 0.0230044 0.0190153 0.0162398 0.0145604 0.0133829
 1.0787e-16 3.74016e-05 0.000363557 0.00241596 0.0109826 0.0341713 0.072807 0.106272 0.106311 0.0729987 0.0348153 0.0128439 0.00709178 0.0105834 0.0194836 0.0322477 0.046677 0.0591746 0.0660846 0.0657104 0.0592837 0.0500318 0.0411381 0.0342121 0.0291657 0.0250963
 1.12432e-16 4.59149e-05 0.000446309 0.00296588 0.0134825 0.0419491 0.0893778 0.130454 0.130473 0.0894743 0.0422741 0.0144242 0.00534197 0.00567377 0.0100929 0.0169256 0.0251118 0.033125 0.0394111 0.0432294 0.0449728 0.0456238 0.0458334 0.0454338 0.0437212 0.0401362
 1.07791e-16 6.35068e-05 0.000617309 0.00410224 0.0186482 0.0580215 0.123621 0.180432 0.180444 0.123682 0.0582259 0.0192395 0.00558948 0.00387433 0.00628033 0.0103661 0.0151303 0.0194722 0.0223306 0.0232632 0.0227079 0.0216388 0.0208878 0.0206692 0.0206022 0.0200905
 1.08096e-16 4.43297e-05 0.000430901 0.00286349 0.013017 0.040501 0.0862929 0.125954 0.125989 0.0864613 0.0410664 0.0146505 0.0069648 0.00938791 0.017067 0.028177 0.0406652 0.0513162 0.0568917 0.0559307 0.049628 0.0410074 0.0330736 0.0273757 0.0238192 0.0214251
 1.0674e-16 5.91742e-05 0.000575194 0.00382237 0.0173759 0.0540631 0.115188 0.168123 0.168138 0.11526 0.0543067 0.0180812 0.00559884 0.00447381 0.00752387 0.0125034 0.0183772 0.0238898 0.0277853 0.0294671 0.0292861 0.0281591 0.0268534 0.0255434 0.0239206 0.0216259
pSPR Fmed_Fpbrs
1   0.983539 0.6 0.325 0.983539 0.983539 0.983539
Fs Fmed_Fpbrs
0   0.01 0.349994 0.899419 0.01 0.01 0.01
SSBpbr Bo_Bmed_Bpbrs
1.88967e+06  1.79518e+06  1.76408e+06 1.03932e+06 519658 1.76408e+06 1.76408e+06 1.76408e+06
Ro
235105
SPR SPRFo_SPRFmed_SPRFpbrs
1.69377e+06 1.69377e+06 1.66589e+06
Fref
0
Nvult_r0
 202052 47034.3 31169.4 5117.78 3996.14
CTP_r0
 14501.7 6058.6 4190.28 689.596 538.526
YTP_r0
356506
Np
 306375 112709 41463.3 15253.5 7675.79
Nvult_p0
 193666 71245.7 26209.8 9642.05 4852.02
CTP_p0
 0 0 0 0 0
 0 0 0 0 0
 0 0 0 0 0
 0 0 0 0 0
 0 0 0 0 0
 0 0 0 0 0
YTP_p0
 0 0 0 0 0 0
CBA_c0
0
log_Ro
12.1878
likeval ReclasPelacesDesembMPH_pf_preclas_ppelaces_ptallas_desvR_qrecl_qpela
 42.0787 29.224 0.120429 82.5357 240.794 140.369 110.858 0 28.5485 1.52363e-05 9.88036e-06 0.561154 2066.93 0 0
q_reclas_q_pelaces
0.575785 0.641125
M
1
N
 236724 45426.7 209081 10491.8 0.382007
 122523 82714.7 15144.3 69358.1 3479.61
 160343 41096.3 25501.6 4627.7 22246.3
 239721 53945.4 12744.1 7840.29 8258.08
 193071 76180.6 15000.4 3494.03 4410.13
 260604 67764.6 25615.5 5021.03 2645.05
 112753 85664.7 20101.5 7516.49 2248.12
 58613.5 32902.7 20236.1 4643.57 2252.86
 48180.3 20772.3 11269.9 6906.43 2353.22
 68452.6 15230.7 5718.19 3057.35 2509.93
 215470 20609.3 3819.43 1406.51 1367.89
 205195 76056.1 7005.29 1293.09 939.076
 93455.7 64544.2 20738.4 1881.52 599.015
 59805 29240.6 17421.4 5510.88 658.581
 134861 14932.4 5126.68 2942.39 1039.82
 807637 39057.2 3476.72 1166.42 904.859
 179332 253042 10569.7 926.421 551.437
 822432 61494 81379.3 3376.31 471.894
 465686 272516 18522.4 24266 1146.83
 685709 146698 74518.4 4989.66 6840.15
 680430 224713 43261.8 21732 3447.76
 793951 230465 70585.3 13481.2 7843.01
 156682 260645 68194.5 20658.1 6237.05
 541622 54054.3 84803.5 22050.8 8693.55
 491383 186083 17448.3 27194 9855.14
 214916 169899 60800.7 5667.05 12029.2
 446193 75393.4 57072.3 20330.7 5915.74
 561140 153422 24374.2 18331.3 8427.1
 210512 194620 50426.4 7965.86 8742.25
 196292 74165.5 65914.4 17007.5 5633.86
 387354 68424 24612.7 21761.1 7472.68
 193741 131971 21735.5 7760.8 9214.06
 306375 68896.1 45500 7469.33 5832.26
pred_Ctot
 7542.42 2714.68 13098.1 658.945 0.0239953
 6886.11 8589.61 1646.07 7557.23 379.186
 8726.42 4137.14 2687.34 488.867 2350.38
 20880.8 8516.68 2101.69 1296.02 1365.25
 5626.89 4171.16 861.145 201.099 253.859
 17699 8442.07 3337.56 655.797 345.513
 15018.3 20085.6 4908.7 1839.51 550.244
 1362.36 1441.95 930.187 214 103.837
 4338.46 3383.93 1917.44 1177.79 401.357
 7987.13 3161.46 1237.49 663.136 544.465
 5536.27 996.938 193.758 71.535 69.5802
 19044.9 12748.6 1226.14 226.858 164.771
 8949.11 11141.5 3737.36 339.863 108.215
 12533.2 10264.1 6337.79 2008.66 240.07
 18493.9 3595.59 1285.34 739.31 261.297
 76726.5 6691.9 621.93 209.139 162.261
 7739.93 20342.2 890.106 78.212 46.5606
 52059.5 7160.74 9913.98 412.318 57.6356
 42839.2 45298.4 3215.1 4221.91 199.555
 47779.2 18729.6 9949.39 667.806 915.59
 34341.7 21030 4239.18 2134.78 338.725
 54516 29014.3 9293.53 1779.28 1035.27
 6193.86 19234.8 5273.02 1601.38 483.549
 22753.5 4232.7 6956.7 1813.44 715.045
 18773.2 13282.4 1305.06 2039.13 739.084
 6330.46 9400.17 3526.99 329.581 699.679
 18528.4 5837.3 4629.35 1653.24 481.118
 20394.8 10429.9 1736.54 1309.32 601.99
 5651.56 9829.89 2670.81 422.992 464.281
 6537.52 4628.78 4312.1 1115.46 369.553
 18204.6 5975.63 2251.12 1995.27 685.258
 4096.26 5267.75 910.12 325.804 386.866
 14501.7 6058.6 4190.28 689.596 538.526
F
 0.0514959 0.0984733 0.10344 0.103715 0.10373
 0.0923807 0.176656 0.185565 0.186059 0.186085
 0.0893447 0.17085 0.179467 0.179945 0.17997
 0.146368 0.279894 0.29401 0.294793 0.294834
 0.0470165 0.0899076 0.094442 0.0946934 0.0947067
 0.11256 0.215244 0.2261 0.226701 0.226733
 0.231648 0.442971 0.465312 0.466551 0.466616
 0.0373465 0.0714161 0.0750179 0.0752176 0.0752281
 0.151635 0.289965 0.30459 0.305401 0.305443
 0.200399 0.383214 0.402541 0.403613 0.403669
 0.041353 0.0790776 0.0830659 0.083287 0.0832987
 0.156612 0.299482 0.314586 0.315424 0.315468
 0.161928 0.309648 0.325265 0.326131 0.326177
 0.387553 0.741101 0.778478 0.78055 0.78066
 0.239218 0.457446 0.480518 0.481797 0.481864
 0.16056 0.307031 0.322516 0.323375 0.32342
 0.0703002 0.134432 0.141212 0.141588 0.141608
 0.104567 0.19996 0.210045 0.210604 0.210633
 0.155131 0.296651 0.311613 0.312442 0.312486
 0.115628 0.22111 0.232261 0.23288 0.232912
 0.082627 0.158004 0.165973 0.166415 0.166438
 0.113862 0.217734 0.228715 0.229324 0.229356
 0.0642291 0.122823 0.129017 0.12936 0.129379
 0.0683729 0.130747 0.137341 0.137706 0.137726
 0.0620171 0.118593 0.124574 0.124905 0.124923
 0.0475287 0.0908871 0.095471 0.0957251 0.0957385
 0.0675618 0.129196 0.135712 0.136073 0.136092
 0.0589233 0.112676 0.118359 0.118674 0.118691
 0.0432425 0.0826907 0.0868612 0.0870924 0.0871046
 0.0538818 0.103036 0.108232 0.10852 0.108536
 0.076755 0.146775 0.154178 0.154588 0.15461
 0.0339238 0.064871 0.0681428 0.0683241 0.0683337
 0.0773214 0.147858 0.155316 0.155729 0.155751
YTP_r0W_actual
 109343 105723 100860 21598.1 18983
YTP_p0W_proyectada
 0 0 0 0 0
 0 0 0 0 0
 0 0 0 0 0
 0 0 0 0 0
 0 0 0 0 0
 0 0 0 0 0
CTP_r0_actual
 14501.7 6058.6 4190.28 689.596 538.526
CTP_p0_proyectada
 0 0 0 0 0
 0 0 0 0 0
 0 0 0 0 0
 0 0 0 0 0
 0 0 0 0 0
 0 0 0 0 0
Wmedp
 7.54 17.45 24.07 31.32 35.25
Frms_r0
 0.0773214 0.147858 0.155316 0.155729 0.155751
Zrms_r0
 1.07732 1.14786 1.15532 1.15573 1.15575
nmprior
 7.29 8.9 8.7 0
nm_flota  nm_reclas  nm_pelaces    nm_pelaL
inf 10.5686 14.6871 43.024
cv_recla  cv_pelaces  cv_mph
0.280887 0.493491 0.728414
 ------------------------------------------------
Talla a la edad & desviaci?n 
 8 13.2811 15.8009 17.003 17.5766
 0.8 1.32811 1.58009 1.7003 1.75766
