years
 1991 1992 1993 1994 1995 1996 1997 1998 1999 2000 2001 2002 2003 2004 2005 2006 2007 2008 2009 2010 2011 2012 2013 2014 2015 2016 2017 2018 2019 2020 2021 2022 2023
reclasobs
 0 0 0 0 0 0 0 0 0 252601 567819 844713 477998 351125 339783 2.1784e+06 2.13404e+06 4.81314e+06 1.55562e+06 2.62356e+06 3.21686e+06 3.843e+06 1.13348e+06 3.07943e+06 1.97215e+06 2.03268e+06 2.025e+06 2.42433e+06 2.27542e+06 1.05018e+06 2.36338e+06 3.18982e+06 1.53035e+06
reclaspred
 2.98033e+06 1.57523e+06 815215 769194 796074 1.76997e+06 817773 692356 463237 264956 557239 928568 674002 287534 490263 1.73879e+06 1.45709e+06 3.1598e+06 1.95182e+06 2.27063e+06 3.61847e+06 2.79783e+06 1.84616e+06 2.95107e+06 2.26828e+06 1.99898e+06 2.27971e+06 2.72742e+06 2.21491e+06 1.63763e+06 1.93985e+06 1.98349e+06 1.47282e+06
pelacesobs
 0 0 0 0 0 0 0 0 0 0 0 0 0 0 0 552880 188675 0 991730 2.46772e+06 1.41603e+06 1.21717e+06 2.29649e+06 1.80582e+06 0 1.4828e+06 1.56532e+06 1.57751e+06 1.42118e+06 867257 1.10002e+06 1.06204e+06 0
pelacespred
 1.56785e+06 881192 424576 326499 395351 928776 345766 433458 238556 117251 297739 431516 333242 117685 241843 774384 699404 1.68542e+06 1.00035e+06 1.015e+06 1.83782e+06 1.4436e+06 1.0109e+06 1.76416e+06 1.27487e+06 1.15705e+06 1.48964e+06 1.57524e+06 1.22941e+06 1.00956e+06 989342 1.109e+06 792739
mphobs
 0 0 0 0 0 0 0 0 0 0 0 0 498337 0 5186 125008 0 168611 109162 213762 579715 649985 157893 87575 83554 210694 70296 0 107559 103333 445601 22526 28222
mphpred
 557867 379493 173666 98618 94426.6 125026 210834 89421.7 80033 41249 22783.9 86457.5 119991 48811.4 15226.5 47187.7 250328 198420 347607 274716 538160 544821 110445 76295.1 123941 103811 85949 91256.5 145591 105418 63258.5 95206.6 62549.4
desembarqueobs
 494567 514787 250237 358949 120608 361735 552515 73892 212993 205616 52469 317467 293654 387597 252695 516296 358380 742168 942051 627588 828172 859565 418607 520667 417249 300574 415391 372974 316634 284311 391294 218835 356480
desembarquepred
 494550 514291 250329 358992 120611 361703 552400 73896.8 213041 205654 52469.7 317416 293703 387503 252524 516089 358456 742003 941510 627117 828315 859430 418606 520669 417143 300545 415356 372866 316536 284164 391139 218861 356533
Reclutas
 154587 83130.9 85219.2 96579.1 85939.2 194855 60322.5 25756.3 27518.2 36849 78253.8 136917 61786 50165.1 65741.8 348014 58993.1 422945 206390 356486 279608 409677 55820 211138 207649 76674.9 167544 219775 81834.8 80852.3 150740 64482.1 107633
log_desv_Rt
 0.342863 -0.277475 -0.252665 -0.127529 -0.244251 0.574365 -0.598186 -1.44921 -1.38304 -1.09106 -0.337933 0.221484 -0.574215 -0.782573 -0.512156 1.15435 -0.620471 1.34935 0.631875 1.1784 0.935497 1.31748 -0.675759 0.654618 0.637958 -0.358317 0.423353 0.694713 -0.293189 -0.305267 0.317666 -0.531503 -0.0191669
SSB
 1.18208e+06 804122 367987 208965 200084 264922 446743 189479 169585 87403.9 48277.6 183198 239530 99291.2 30541.4 95992.9 530430 420438 768166 394859 794180 855813 785634 521678 783536 699418 544353 552399 916194 620484 434251 660800 404060
BT
 1.84167e+06 1.29043e+06 616375 594368 464565 1.19991e+06 803099 471365 436550 303810 333554 674235 570213 506856 487844 1.17706e+06 919007 2.28874e+06 1.83875e+06 1.4922e+06 2.3922e+06 2.1644e+06 1.27818e+06 2.18583e+06 1.56912e+06 1.32651e+06 1.84898e+06 1.8568e+06 1.37251e+06 1.20495e+06 1.28204e+06 1.19318e+06 1.06761e+06
Ftot
 0.370481 0.681276 0.677038 1.19308 0.403565 0.631755 1.37742 0.269562 1.16411 1.94078 0.341311 0.994422 1.04057 3.20246 1.84918 1.10661 0.560509 0.752772 1.16501 0.870702 0.609108 0.828928 0.489666 0.533348 0.470466 0.352729 0.522557 0.427778 0.309807 0.410238 0.590056 0.256356 0.644307
BD_Bspro_t
 0.943237 0.673943 0.427701 0.329603 0.304896 0.418698 0.461993 0.243209 0.285811 0.201407 0.159896 0.495292 0.413946 0.195127 0.0750143 0.200346 0.450071 0.374346 0.452581 0.289299 0.393567 0.40554 0.415254 0.356787 0.488955 0.519235 0.509159 0.543634 0.644707 0.559565 0.503002 0.57271 0.553943
BD_Bspro
 1.4955 1.01732 0.465554 0.26437 0.253133 0.335162 0.565191 0.239717 0.214548 0.110578 0.0610777 0.23177 0.303039 0.125617 0.038639 0.121444 0.671066 0.531912 0.971835 0.499551 1.00475 1.08272 0.993935 0.659994 0.991281 0.88486 0.688681 0.69886 1.15911 0.784997 0.549387 0.836002 0.511191
BD_Bo
 2.42134 1.64713 0.753771 0.428037 0.409845 0.542656 0.915092 0.388122 0.347371 0.179035 0.09889 0.375256 0.490645 0.203385 0.0625599 0.196628 1.08651 0.861211 1.57348 0.808815 1.62677 1.75302 1.60926 1.06859 1.60497 1.43266 1.11503 1.13151 1.8767 1.27098 0.889505 1.35356 0.827662
BD_Brms
 2.59181 1.7631 0.806841 0.458173 0.4387 0.580862 0.97952 0.415448 0.371828 0.19164 0.105852 0.401677 0.52519 0.217704 0.0669645 0.210472 1.16301 0.921846 1.68427 0.865761 1.7413 1.87644 1.72257 1.14382 1.71797 1.53353 1.19354 1.21118 2.00883 1.36046 0.952132 1.44886 0.885935
Sel_flota
 0.435516 0.936139 0.996422 0.999811 0.99999
 0.435516 0.936139 0.996422 0.999811 0.99999
 0.435516 0.936139 0.996422 0.999811 0.99999
 0.435516 0.936139 0.996422 0.999811 0.99999
 0.435516 0.936139 0.996422 0.999811 0.99999
 0.435516 0.936139 0.996422 0.999811 0.99999
 0.435516 0.936139 0.996422 0.999811 0.99999
 0.435516 0.936139 0.996422 0.999811 0.99999
 0.435516 0.936139 0.996422 0.999811 0.99999
 0.435516 0.936139 0.996422 0.999811 0.99999
 0.435516 0.936139 0.996422 0.999811 0.99999
 0.435516 0.936139 0.996422 0.999811 0.99999
 0.435516 0.936139 0.996422 0.999811 0.99999
 0.435516 0.936139 0.996422 0.999811 0.99999
 0.435516 0.936139 0.996422 0.999811 0.99999
 0.435516 0.936139 0.996422 0.999811 0.99999
 0.435516 0.936139 0.996422 0.999811 0.99999
 0.435516 0.936139 0.996422 0.999811 0.99999
 0.435516 0.936139 0.996422 0.999811 0.99999
 0.435516 0.936139 0.996422 0.999811 0.99999
 0.435516 0.936139 0.996422 0.999811 0.99999
 0.435516 0.936139 0.996422 0.999811 0.99999
 0.435516 0.936139 0.996422 0.999811 0.99999
 0.435516 0.936139 0.996422 0.999811 0.99999
 0.435516 0.936139 0.996422 0.999811 0.99999
 0.435516 0.936139 0.996422 0.999811 0.99999
 0.435516 0.936139 0.996422 0.999811 0.99999
 0.435516 0.936139 0.996422 0.999811 0.99999
 0.435516 0.936139 0.996422 0.999811 0.99999
 0.435516 0.936139 0.996422 0.999811 0.99999
 0.435516 0.936139 0.996422 0.999811 0.99999
 0.435516 0.936139 0.996422 0.999811 0.99999
 0.435516 0.936139 0.996422 0.999811 0.99999
Sel_reclas
 1 1 1 1 1
 1 1 1 1 1
 1 1 1 1 1
 1 1 1 1 1
 1 1 1 1 1
 1 1 1 1 1
 1 1 1 1 1
 1 1 1 1 1
 1 1 1 1 1
 1 1 1 1 1
 1 1 1 1 1
 1 1 1 1 1
 1 1 1 1 1
 1 1 1 1 1
 1 1 1 1 1
 1 1 1 1 1
 1 1 1 1 1
 1 1 1 1 1
 1 1 1 1 1
 1 1 1 1 1
 1 1 1 1 1
 1 1 1 1 1
 1 1 1 1 1
 1 1 1 1 1
 1 1 1 1 1
 1 1 1 1 1
 1 1 1 1 1
 1 1 1 1 1
 1 1 1 1 1
 1 1 1 1 1
 1 1 1 1 1
 1 1 1 1 1
 1 1 1 1 1
Sel_pelaces
 0.890127 1 1 1 1
 0.890127 1 1 1 1
 0.890127 1 1 1 1
 0.890127 1 1 1 1
 0.890127 1 1 1 1
 0.890127 1 1 1 1
 0.890127 1 1 1 1
 0.890127 1 1 1 1
 0.890127 1 1 1 1
 0.890127 1 1 1 1
 0.890127 1 1 1 1
 0.890127 1 1 1 1
 0.890127 1 1 1 1
 0.890127 1 1 1 1
 0.890127 1 1 1 1
 0.890127 1 1 1 1
 0.890127 1 1 1 1
 0.890127 1 1 1 1
 0.890127 1 1 1 1
 0.890127 1 1 1 1
 0.890127 1 1 1 1
 0.890127 1 1 1 1
 0.890127 1 1 1 1
 0.890127 1 1 1 1
 0.890127 1 1 1 1
 0.890127 1 1 1 1
 0.890127 1 1 1 1
 0.890127 1 1 1 1
 0.890127 1 1 1 1
 0.890127 1 1 1 1
 0.890127 1 1 1 1
 0.890127 1 1 1 1
 0.890127 1 1 1 1
pf_obs 
 0.8446 0.082 0.0669 0.0065 0
 0.8095 0.147 0.0364 0.0071 0
 0.9664 0.0169 0.016 0.0007 0
 0.9276 0.0648 0.0075 0.0001 0
 0.7033 0.2144 0.0806 0.0017 0
 0.9318 0.0425 0.0243 0.0014 0
 0.5671 0.3108 0.0964 0.0239 0.0018
 0.0768 0.2599 0.5324 0.112 0.0189
 0.490249 0.384438 0.106611 0.0170017 0.00170017
 0.7925 0.1577 0.0466 0.003 0.0002
 0.840416 0.127587 0.0312969 0.00059994 9.999e-05
 0.8084 0.0986 0.0794 0.0134 0.0002
 0.7335 0.1905 0.0724 0.0035 0.0001
 0.4001 0.4547 0.1325 0.0127 0
 0.49795 0.308269 0.164784 0.0264974 0.00249975
 0.9179 0.0499 0.0305 0.0017 0
 0.2467 0.6533 0.0926 0.0074 0
 0.9418 0.0223 0.034 0.0019 0
 0.707729 0.231977 0.0356964 0.0245975 0
 0.517169 0.277429 0.184464 0.0207286 0.00020938
 0.811772 0.124168 0.05621 0.00726502 0.000585176
 0.764997 0.148141 0.077277 0.00933861 0.000247198
 0.163321 0.427699 0.378323 0.0303852 0.000271297
 0.753843 0.0900009 0.118128 0.0371064 0.000921714
 0.721811 0.176058 0.0630433 0.0369309 0.00215725
 0.143369 0.312575 0.442814 0.0836902 0.0175525
 0.692698 0.0596174 0.167031 0.0765114 0.00414204
 0.394062 0.376323 0.152708 0.0712218 0.00568511
 0.125707 0.32114 0.495352 0.0537591 0.00404204
 0.23352 0.215282 0.420074 0.123614 0.00750983
 0.796117 0.104755 0.0508955 0.0450114 0.00322123
 0.162477 0.292055 0.404252 0.121198 0.0200186
 0 0 0 0 0
pf_pred 
 0.474676 0.175271 0.322202 0.0278504 1.1508e-06
 0.384067 0.4219 0.0679595 0.11608 0.00999377
 0.551188 0.277621 0.12049 0.0178124 0.0328879
 0.645271 0.270977 0.0535185 0.0213104 0.0089232
 0.634829 0.309704 0.0434369 0.00770442 0.00432614
 0.75601 0.195842 0.0412914 0.00537441 0.00148233
 0.3678 0.561448 0.0577196 0.0111842 0.00184851
 0.403983 0.388888 0.186248 0.0170548 0.00382606
 0.532562 0.284532 0.122234 0.0545771 0.00609515
 0.750577 0.195274 0.0343557 0.0132541 0.0065396
 0.860884 0.128577 0.0085019 0.00129679 0.000741113
 0.742139 0.240911 0.01575 0.00096844 0.000231194
 0.486638 0.457519 0.0524998 0.00310749 0.000235379
 0.648197 0.259612 0.0830459 0.00859985 0.00054448
 0.893551 0.0988503 0.00590192 0.00153033 0.000166534
 0.94666 0.051756 0.00148508 7.71559e-05 2.20113e-05
 0.275225 0.711069 0.0133379 0.000344969 2.29021e-05
 0.865236 0.0648281 0.0687143 0.00118862 3.26371e-05
 0.4996 0.473435 0.0135734 0.0131588 0.000232722
 0.761995 0.178567 0.0565519 0.00145717 0.00142916
 0.594164 0.364485 0.0317342 0.00915165 0.000464616
 0.689087 0.244194 0.0604174 0.00484113 0.00146028
 0.189081 0.694762 0.0929888 0.0209899 0.00217802
 0.702066 0.106869 0.165493 0.020489 0.00508287
 0.595737 0.346151 0.0219284 0.0313591 0.00482421
 0.32357 0.526133 0.130124 0.0076325 0.0125406
 0.651895 0.182684 0.130715 0.0300641 0.00464169
 0.651026 0.287212 0.0336422 0.0222404 0.00587921
 0.329528 0.545795 0.103978 0.0112964 0.00940265
 0.449739 0.289952 0.214658 0.0380968 0.00755386
 0.676675 0.214135 0.0595896 0.0409316 0.00866878
 0.382198 0.518783 0.0674063 0.0172877 0.0143246
 0.607906 0.227569 0.139676 0.0169365 0.00791218
pobs_RECLAS
 0 0 0 0 0
 0 0 0 0 0
 0 0 0 0 0
 0 0 0 0 0
 0 0 0 0 0
 0 0 0 0 0
 0 0 0 0 0
 0 0 0 0 0
 0 0 0 0 0
 0 0 0 0 0
 0.991045 0.00858322 0.000360255 1.14367e-05 0
 0.934742 0.0480273 0.0164251 0.00080598 0
 0.827803 0.169806 0.00239088 0 0
 0.941827 0.0461693 0.0120037 0 0
 0.791401 0.0380133 0.147996 0.0225897 0
 0.846168 0.0940531 0.0597789 0 0
 0.134021 0.677848 0.182769 0.00536245 0
 0.80878 0.0450904 0.141981 0.00414843 0
 0.846168 0.0940531 0.0597789 0 0
 0.905697 0.0802665 0.012482 0.00150086 5.37128e-05
 0.989698 0.0102097 9.19794e-05 0 0
 0.975433 0.0193895 0.00387452 0.00125025 5.28907e-05
 0.303575 0.632131 0.0575291 0.00676475 0
 0.966965 0.00978017 0.0227588 0.000495775 0
 0.843318 0.132988 0.00938335 0.0141283 0.000182051
 0.564624 0.303363 0.111486 0.0197234 0.00080311
 0.826376 0.0876187 0.0782897 0.00655872 0.00115652
 0.89761 0.0855135 0.0140674 0.00269457 0.000114338
 0.34875 0.467042 0.161289 0.0227151 0.000203297
 0.318654 0.224769 0.449479 0.00709798 0
 0.937255 0.0296025 0.0250945 0.00804832 0
 0.456809 0.399803 0.12412 0.0192676 0
 0.883104 0.0372192 0.0704036 0.00927362 0
ppred_RECLAS
 0.673855 0.11359 0.195699 0.0168561 6.96374e-07
 0.587775 0.288531 0.0434282 0.0739043 0.00636146
 0.73815 0.166195 0.0674022 0.00992743 0.0183259
 0.81256 0.1457 0.0267125 0.0105933 0.00443471
 0.793948 0.176464 0.0231888 0.00409844 0.0023009
 0.874979 0.101666 0.02004 0.0025988 0.000716641
 0.583491 0.373029 0.0354986 0.00684938 0.0011318
 0.601395 0.265845 0.119419 0.0108971 0.00244419
 0.732499 0.167588 0.0668605 0.0297322 0.00331977
 0.886822 0.0902763 0.0145564 0.00558875 0.00275681
 0.931491 0.0636233 0.00394371 0.000599417 0.000342503
 0.869161 0.122799 0.00747328 0.000457721 0.000109248
 0.687902 0.280281 0.0299202 0.001764 0.000133588
 0.854657 0.110417 0.0314818 0.00323931 0.00020502
 0.955207 0.0418427 0.00229361 0.00059192 6.4398e-05
 0.976358 0.0229881 0.000613079 3.17245e-05 9.04857e-06
 0.457492 0.5329 0.00935198 0.000241001 1.59967e-05
 0.937359 0.031209 0.0308856 0.000532258 1.46118e-05
 0.700681 0.284311 0.00756978 0.00730883 0.000129234
 0.880966 0.0908455 0.0268245 0.000688541 0.000675173
 0.766386 0.211225 0.0171974 0.00494133 0.000250816
 0.835866 0.130807 0.0301899 0.00240988 0.000726773
 0.341869 0.569114 0.0713135 0.0160395 0.00166402
 0.844775 0.0580865 0.0841787 0.0103842 0.0025756
 0.766327 0.201991 0.011982 0.0170737 0.00262608
 0.514936 0.382654 0.0887081 0.0051849 0.00851749
 0.810401 0.102661 0.0687503 0.0157554 0.00243206
 0.805773 0.161706 0.0177431 0.011688 0.00308912
 0.520483 0.394969 0.0705535 0.00763822 0.00635658
 0.649185 0.190601 0.1322 0.0233793 0.00463479
 0.826335 0.117649 0.0306213 0.0209569 0.00443755
 0.576263 0.359454 0.0438101 0.0111969 0.00927608
 0.780604 0.130949 0.0751314 0.00907659 0.00423947
pobs_PELACES
 0 0 0 0 0
 0 0 0 0 0
 0 0 0 0 0
 0 0 0 0 0
 0 0 0 0 0
 0 0 0 0 0
 0 0 0 0 0
 0 0 0 0 0
 0 0 0 0 0
 0 0 0 0 0
 0 0 0 0 0
 0 0 0 0 0
 0 0 0 0 0
 0 0 0 0 0
 0 0 0 0 0
 0 0 0 0 0
 0.505614 0.472636 0.0217494 0 0
 0 0 0 0 0
 0.443492 0.261883 0.143347 0.151278 0
 0.227955 0.32914 0.350689 0.0885471 0.00366901
 0.970185 0.0296113 0.000203453 0 0
 0.997202 0.00247181 0.000326279 0 0
 0.445219 0.490057 0.0546422 0.010081 0
 0.90214 0.0892962 0.00764917 0.000914606 0
 0 0 0 0 0
 0.581667 0.319106 0.0959925 0.00289975 0.000334073
 0.762889 0.0836404 0.116647 0.0363945 0.000428098
 0.88444 0.0763242 0.0277011 0.0115352 0
 0.521256 0.241999 0.230069 0.00667565 0
 0.616807 0.101726 0.260614 0.0208532 0
 0.833518 0.0704572 0.0857862 0.0102388 0
 0.697417 0.212968 0.0787535 0.0105354 0.000325836
 0 0 0 0 0
ppred_PELACES
 0.66269 0.118046 0.201882 0.0173815 7.18065e-07
 0.587861 0.289683 0.0430147 0.073145 0.00629585
 0.738235 0.16697 0.0668108 0.00983289 0.0181507
 0.825315 0.136512 0.0244409 0.00967955 0.00405191
 0.785891 0.183577 0.0239307 0.00422765 0.00237339
 0.873918 0.10277 0.0200048 0.0025924 0.000714849
 0.61091 0.349469 0.0323576 0.00623371 0.00102999
 0.584486 0.27762 0.124041 0.0113155 0.00253799
 0.748761 0.158783 0.0618976 0.0274895 0.00306914
 0.906427 0.0752266 0.0116704 0.00447098 0.00220518
 0.927594 0.0672752 0.00414186 0.000629295 0.000359567
 0.874644 0.117795 0.00702832 0.00042999 0.000102624
 0.700135 0.26986 0.0282175 0.00166168 0.000125831
 0.900187 0.0769756 0.0205926 0.00211129 0.000133601
 0.962723 0.0349057 0.00184425 0.00047497 5.16688e-05
 0.977857 0.0215437 0.000562047 2.90479e-05 8.28459e-06
 0.451641 0.538752 0.00934985 0.000240795 1.59825e-05
 0.938261 0.030991 0.030214 0.000520247 1.42814e-05
 0.716629 0.269481 0.00701056 0.00676008 0.000119523
 0.884234 0.0887133 0.025745 0.000660191 0.00064734
 0.763763 0.213846 0.0172011 0.00493904 0.000250691
 0.839119 0.128645 0.0292052 0.00232912 0.000702383
 0.334223 0.57649 0.0715375 0.0160811 0.00166829
 0.841921 0.0595507 0.0853899 0.0105273 0.00261101
 0.75957 0.208104 0.0122296 0.0174174 0.00267886
 0.500783 0.394405 0.0907931 0.00530468 0.00871407
 0.80649 0.105284 0.0697774 0.0159815 0.00246688
 0.798752 0.167796 0.0182553 0.0120197 0.00317669
 0.504465 0.408609 0.0725416 0.00785073 0.00653331
 0.6389 0.196927 0.135478 0.0239479 0.00474739
 0.824166 0.11958 0.0307608 0.0210385 0.00445466
 0.558283 0.375001 0.0454725 0.0116184 0.00962516
 0.779788 0.13212 0.0748379 0.00903462 0.00421971
pobs_pel_tallas
 0 0 0 0 0 0 0 0 0 0 0 0 0 0 0 0 0 0 0 0 0 0 0 0 0 0
 0 0 0 0 0 0 0 0 0 0 0 0 0 0 0 0 0 0 0 0 0 0 0 0 0 0
 0 0 0 0 0 0 0 0 0 0 0 0 0 0 0 0 0 0 0 0 0 0 0 0 0 0
 0 0 0 0 0 0 0 0 0 0 0 0 0 0 0 0 0 0 0 0 0 0 0 0 0 0
 0 0 0 0 0 0 0 0 0 0 0 0 0 0 0 0 0 0 0 0 0 0 0 0 0 0
 0 0 0 0 0 0 0 0 0 0 0 0 0 0 0 0 0 0 0 0 0 0 0 0 0 0
 0 0 0 0 0 0 0 0 0 0 0 0 0 0 0 0 0 0 0 0 0 0 0 0 0 0
 0 0 0 0 0 0 0 0 0 0 0 0 0 0 0 0 0 0 0 0 0 0 0 0 0 0
 0 0 0 0 0 0 0 0 0 0 0 0 0 0 0 0 0 0 0 0 0 0 0 0 0 0
 0 0 0 0 0 0 0 0 0 0 0 0 0 0 0 0 0 0 0 0 0 0 0 0 0 0
 0 0 0 0 0 0 0 0 0 0 0 0 0 0 0 0 0 0 0 0 0 0 0 0 0 0
 0 0 0 0 0 0 0 0 0 0 0 0 0 0 0 0 0 0 0 0 0 0 0 0 0 0
 0.00862536 0 0 0.000197151 0.00414017 0.0128641 0.00837892 0.0270097 0.101434 0.158115 0.152841 0.127902 0.109271 0.109419 0.0830992 0.0579132 0.0238553 0.00714673 0.00463305 0.00128148 0.00103504 0.000492878 0.000147863 0.000147863 4.92878e-05 0
 0 0 0 0 0 0 0 0 0 0 0 0 0 0 0 0 0 0 0 0 0 0 0 0 0 0
 0 0 0 0 0 0 0 0.0054083 0.00873648 0.0413646 0.0450493 0.0745869 0.0622846 0.0627006 0.0613931 0.0827291 0.12552 0.122667 0.0946155 0.0697135 0.0546179 0.0294188 0.0215738 0.0213955 0.0102223 0.00600262
 0 0 0 0 0.00359764 0.0251062 0.0480494 0.140153 0.205849 0.193036 0.1447 0.116669 0.0760912 0.0342217 0.00950174 0.001854 0.000860785 0 0 0 0.000165536 0 0.000143464 0 0 0
 0 0 0 0 0 0 0 0.000145254 0.000435761 0.0275982 0.070085 0.0708112 0.156366 0.174668 0.174014 0.160142 0.0824315 0.0480064 0.0283245 0.00493863 0.00203355 0 0 0 0 0
 0 0 0 0 0 0 0 0 0 0 0 0 0 0 0 0 0 0 0 0 0 0 0 0 0 0
 0 0 1.00437e-05 0.000401748 0.00122533 0.00171747 0.00176769 0.0269171 0.070346 0.194647 0.189555 0.159765 0.064822 0.0314167 0.0384472 0.0292271 0.0345202 0.0313363 0.0194345 0.0106764 0.0143323 0.0359363 0.0279516 0.0138201 0.00172751 0
 0 0.0021121 0.0136068 0.0755702 0.200478 0.177729 0.0527432 0.0373336 0.0318909 0.0142505 0.0149659 0.0166563 0.0217959 0.0798694 0.0677717 0.0528807 0.04013 0.0224614 0.0357745 0.0225083 0.00881397 0.00855152 0.00135912 0.000746735 0 0
 0 0 0 0 5.4009e-05 0.00500934 0.000945158 0.0243581 0.138947 0.33067 0.221406 0.137944 0.0707744 0.0437923 0.0131692 0.00525238 0.0047753 0.00276346 9.45158e-05 9.00151e-06 2.25038e-05 9.00151e-06 4.50075e-06 0 0 0
 0.000866109 0.00284123 0.00948549 0.0512746 0.133035 0.25785 0.225252 0.132002 0.0553304 0.0519788 0.0540692 0.017754 0.00435017 0.00159236 0.00146478 0.000404838 0.000125132 0.000115318 0.000107957 0.000100596 0 0 0 0 0 0
 0 0 0 0 0.00144013 0.00171154 0.00461396 0.0210425 0.0478622 0.0707936 0.0888783 0.103762 0.0637923 0.0337046 0.0602308 0.124433 0.169614 0.0934646 0.0462172 0.0250306 0.0313229 0.00938855 0.002487 0.000210481 0 0
 0 0.00764035 0.051015 0.0998891 0.058973 0.0496711 0.0374665 0.0718981 0.12319 0.153886 0.159021 0.0857701 0.0377988 0.023471 0.0147837 0.00900784 0.00315554 0.000888139 0.00291439 0.00214683 0.00393193 0.00274676 0.000635225 9.99891e-05 0 0
 0 0 0 0 0 0 0 0 0 0 0 0 0 0 0 0 0 0 0 0 0 0 0 0 0 0
 0 0 0 0 0 0 0 0 0 0 0 0 0 0 0 0 0 0 0 0 0 0 0 0 0 0
 0 0 0 0 0 0 0 0 0 0 0 0 0 0 0 0 0 0 0 0 0 0 0 0 0 0
 0 0 0 0 0 0 0 0 0 0 0 0 0 0 0 0 0 0 0 0 0 0 0 0 0 0
 0 0 0 0 0 0 0 0 0 0 0 0 0 0 0 0 0 0 0 0 0 0 0 0 0 0
 0 0 0 0 0 0 0 0 0 0 0 0 0 0 0 0 0 0 0 0 0 0 0 0 0 0
 0 0 0 0 0 0 0 0 0 0 0 0 0 0 0 0 0 0 0 0 0 0 0 0 0 0
 0 0 0 0 0 0 0 0 0 0 0 0 0 0 0 0 0 0 0 0 0 0 0 0 0 0
 0 0 0 0 0 0 0 0 0 0 0 0 0 0 0 0 0 0 0 0 0 0 0 0 0 0
ppred_pel_tallas
 1.076e-16 5.45849e-05 0.000530585 0.00352592 0.0160283 0.0498702 0.106254 0.155083 0.155095 0.106311 0.0500629 0.0165887 0.00494646 0.0036777 0.00616631 0.0104586 0.0158762 0.0216595 0.0270098 0.0314611 0.0349759 0.0376208 0.0391575 0.0389989 0.0366074 0.0319785
 1.09717e-16 4.84214e-05 0.000470673 0.00312779 0.0142185 0.0442392 0.0942573 0.137577 0.137605 0.0943939 0.0446978 0.0155437 0.00645579 0.00774155 0.0138755 0.0229142 0.0331367 0.0419774 0.0468845 0.0467606 0.0426424 0.036983 0.0321057 0.029026 0.0273458 0.0259715
 1.06029e-16 6.08075e-05 0.000591071 0.00392787 0.0178555 0.0555553 0.118367 0.172764 0.17278 0.118446 0.0558209 0.0186234 0.00585885 0.0048181 0.00812322 0.0134239 0.0195459 0.0250327 0.0284372 0.0290947 0.027487 0.0248412 0.022301 0.0203398 0.0187672 0.0171376
 1.02397e-16 6.79802e-05 0.000660791 0.00439119 0.0199617 0.0621084 0.132329 0.193141 0.193154 0.132393 0.0623245 0.020586 0.00595874 0.00408456 0.00657576 0.010778 0.0155544 0.019636 0.0217792 0.021417 0.0189904 0.0156346 0.0124801 0.0101146 0.00851928 0.00735955
 1.01564e-16 6.47328e-05 0.000629226 0.00418143 0.0190082 0.0591416 0.126008 0.183916 0.183934 0.126095 0.0594318 0.0198464 0.00628525 0.00522127 0.00878401 0.0144144 0.0207464 0.0260636 0.0286609 0.0277497 0.0239217 0.0187423 0.0138135 0.0100356 0.00749306 0.00581204
 1.00985e-16 7.19835e-05 0.000699705 0.00464978 0.0211373 0.0657659 0.140122 0.204514 0.204523 0.14017 0.0659286 0.0216072 0.00582989 0.00327713 0.0049706 0.00811278 0.011701 0.0147575 0.0163345 0.01599 0.0140386 0.0113223 0.0086938 0.00661908 0.00513025 0.00403356
 1.01823e-16 5.03199e-05 0.000489128 0.00325043 0.014776 0.0459738 0.0979532 0.142973 0.143006 0.0981177 0.0465258 0.0163701 0.00725032 0.00921622 0.0166107 0.0273445 0.0392991 0.0492354 0.0538832 0.0517287 0.0439178 0.0334903 0.0235877 0.0160218 0.0110243 0.00790453
 1.05215e-16 4.81434e-05 0.000467971 0.00310983 0.0141369 0.0439851 0.093716 0.136787 0.136814 0.0938474 0.0444269 0.0154145 0.00632309 0.00750332 0.0134703 0.0223506 0.0325579 0.0417004 0.0473386 0.0482948 0.0452626 0.0401658 0.0348348 0.0300937 0.0258084 0.0215424
 1.05104e-16 6.16745e-05 0.000599498 0.00398387 0.0181101 0.0563474 0.120055 0.175226 0.175242 0.12013 0.0565999 0.0188404 0.0058205 0.00462033 0.00773194 0.0127745 0.0186085 0.0238515 0.027135 0.0278327 0.026401 0.0239902 0.0216531 0.019793 0.0181883 0.0164038
 1.01178e-16 7.46612e-05 0.000725733 0.00482275 0.0219235 0.0682123 0.145334 0.21212 0.212128 0.145369 0.0683313 0.0222673 0.00568585 0.00261036 0.00365538 0.00592894 0.0085435 0.0107655 0.0119032 0.0116421 0.0102278 0.00829483 0.0064803 0.00512339 0.00422514 0.0036046
 1.00261e-16 7.64047e-05 0.000742681 0.00493538 0.0224355 0.0698052 0.148728 0.217074 0.21708 0.148759 0.0699114 0.0227421 0.0057046 0.00242044 0.0032585 0.00525476 0.00753571 0.00942012 0.0102706 0.00979445 0.00821671 0.0061333 0.00416419 0.00267305 0.00171321 0.00115079
 1.00294e-16 7.20433e-05 0.000700287 0.00465365 0.0211548 0.0658206 0.140238 0.204684 0.204695 0.140294 0.0660065 0.0216916 0.00600034 0.00363744 0.00564232 0.00919297 0.0131865 0.0164775 0.0179513 0.017093 0.0142946 0.0105997 0.0070971 0.00443014 0.00270127 0.0016853
 1.01072e-16 5.76693e-05 0.000560566 0.00372516 0.016934 0.0526882 0.112259 0.16385 0.163876 0.112386 0.0531146 0.0181652 0.0068147 0.00730192 0.0128513 0.0211296 0.0303723 0.0380642 0.0416766 0.0400327 0.0340027 0.0259164 0.0181864 0.0122124 0.00819272 0.00562899
 1.00849e-16 7.41472e-05 0.000720737 0.00478955 0.0217726 0.0677427 0.144333 0.21066 0.210668 0.14437 0.0678648 0.0221253 0.00567545 0.00265695 0.00375804 0.00611267 0.00883801 0.0111954 0.0124816 0.0123655 0.0110687 0.00919292 0.00733936 0.00582463 0.00465933 0.00371057
 1.00119e-16 7.92983e-05 0.000770807 0.00512229 0.0232852 0.0724488 0.15436 0.225294 0.225297 0.154376 0.0725039 0.0234442 0.00552129 0.00164102 0.00172957 0.00272745 0.00390628 0.00488044 0.00531639 0.00506218 0.00423514 0.00314578 0.00211741 0.00134009 0.000842048 0.000553383
 1.00027e-16 8.05448e-05 0.000782924 0.00520281 0.0236512 0.0735877 0.156786 0.228835 0.228837 0.156797 0.0736216 0.0237493 0.00544884 0.00131935 0.00109734 0.00168144 0.00240207 0.00299456 0.00324976 0.00307315 0.00253798 0.00183875 0.00117948 0.000682378 0.000368519 0.000195897
 1.00435e-16 3.72012e-05 0.000361609 0.00240302 0.0109238 0.0339883 0.0724177 0.105707 0.105758 0.0726708 0.034838 0.0133764 0.00855399 0.0137713 0.0254517 0.0418788 0.0599976 0.0747594 0.0810458 0.0764967 0.0629548 0.0453066 0.0286867 0.0161817 0.00833634 0.00409687
 1.00935e-16 7.72833e-05 0.000751221 0.00499213 0.0226935 0.0706079 0.150438 0.219569 0.219572 0.150452 0.0706577 0.0228379 0.00535657 0.00155304 0.00161824 0.00260008 0.003847 0.00506283 0.00599311 0.00650514 0.00663601 0.00651758 0.00624805 0.00582868 0.00520876 0.00437642
 1.0097e-16 5.90278e-05 0.000573772 0.00381291 0.017333 0.0539295 0.114903 0.16771 0.167736 0.11503 0.0543546 0.0185602 0.00689105 0.0072855 0.0127827 0.0209787 0.030074 0.0375242 0.0407826 0.0386831 0.0321529 0.0236253 0.0156362 0.0096789 0.00596886 0.00393328
 1.00942e-16 7.28332e-05 0.000707965 0.00470468 0.0213868 0.0665422 0.141776 0.206927 0.206936 0.141817 0.0666829 0.0217934 0.00572624 0.00294106 0.00432262 0.00705341 0.0102053 0.0129388 0.0144449 0.0143393 0.0128711 0.0107245 0.00858346 0.00680949 0.00541963 0.004273
 1.01089e-16 6.29102e-05 0.000611509 0.0040637 0.018473 0.0574764 0.12246 0.178739 0.178759 0.122561 0.0578141 0.0194482 0.00651046 0.00594938 0.0101903 0.0167205 0.0240178 0.0300708 0.0328742 0.0315029 0.0266651 0.0202333 0.0141442 0.00951668 0.00649323 0.0046417
 1.01229e-16 6.91171e-05 0.000671843 0.00446463 0.0202956 0.0631472 0.134542 0.196371 0.196383 0.134603 0.0633509 0.0208843 0.00594324 0.00390214 0.00621125 0.0101776 0.014697 0.0185681 0.0206102 0.0202679 0.0179232 0.0146087 0.0113666 0.00876169 0.00683122 0.00534851
 1.04107e-16 2.75296e-05 0.000267598 0.00177828 0.00808385 0.0251522 0.0535914 0.0782298 0.0782854 0.0538628 0.0260634 0.0107156 0.0083836 0.0146842 0.0273986 0.045229 0.0650969 0.0817435 0.0898152 0.0868284 0.0746401 0.0581739 0.0424773 0.0304014 0.0222366 0.0168335
 1.03978e-16 6.93479e-05 0.000674087 0.00447954 0.0203634 0.063358 0.134991 0.197025 0.197031 0.13502 0.0634547 0.0206443 0.00519061 0.00224586 0.00311163 0.00518361 0.00780818 0.0105441 0.0129695 0.0148576 0.0162374 0.0172304 0.0178202 0.0177892 0.0168792 0.015023
 1.02607e-16 6.25649e-05 0.000608153 0.00404139 0.0183716 0.0571609 0.121788 0.177758 0.177778 0.121886 0.0574895 0.0193204 0.00642215 0.00580208 0.00991734 0.0162725 0.0233819 0.029298 0.0320903 0.0308903 0.0264246 0.0205435 0.015129 0.0112194 0.00885433 0.00749073
 1.04728e-16 4.12489e-05 0.000400954 0.00266448 0.0121124 0.0376863 0.0802961 0.117202 0.11724 0.0804821 0.0383111 0.0139176 0.00719829 0.0103064 0.0188772 0.0312036 0.0450867 0.056987 0.0633039 0.0623463 0.0552961 0.0453245 0.0356229 0.0279053 0.0222542 0.0179324
 1.04061e-16 6.64296e-05 0.000645719 0.00429103 0.0195064 0.0606917 0.12931 0.188735 0.188745 0.129361 0.0608601 0.0199938 0.00551889 0.00334058 0.00522688 0.008647 0.0127098 0.0165277 0.0192305 0.020401 0.0202719 0.0194619 0.018485 0.017452 0.0161543 0.014367
 1.02313e-16 6.57922e-05 0.000639523 0.00424986 0.0193193 0.0601094 0.12807 0.186925 0.186942 0.128149 0.0603747 0.0200852 0.00617235 0.00483561 0.00803293 0.0131712 0.0189577 0.0238235 0.0262213 0.0254494 0.0220732 0.017544 0.0133291 0.0102246 0.00824917 0.00698561
 1.04091e-16 4.15522e-05 0.000403902 0.00268408 0.0122014 0.0379634 0.0808866 0.118065 0.118104 0.0810791 0.03861 0.0140693 0.00737358 0.0106444 0.0194995 0.0321949 0.0464289 0.0584971 0.0646378 0.063097 0.055147 0.0441774 0.0336305 0.0254025 0.019634 0.0155278
 1.07166e-16 5.26254e-05 0.000511538 0.00339935 0.015453 0.04808 0.10244 0.149519 0.149538 0.102534 0.048395 0.0163651 0.0056972 0.00555549 0.00971338 0.0161875 0.0238099 0.0309792 0.0360682 0.0382851 0.038044 0.0364769 0.034528 0.0324074 0.029756 0.0262047
 1.03783e-16 6.78855e-05 0.000659871 0.00438508 0.0199339 0.0620219 0.132145 0.192871 0.192883 0.132201 0.0622116 0.0204822 0.00576274 0.00367225 0.0058037 0.00952684 0.0138127 0.0175772 0.0197693 0.0199217 0.0184213 0.0162181 0.0142086 0.0127809 0.0117934 0.0108687
 1.04203e-16 4.59851e-05 0.000446992 0.00297042 0.0135031 0.0420134 0.0895153 0.130658 0.130694 0.0896919 0.0426062 0.0152151 0.0072673 0.00982551 0.0178529 0.0294298 0.0423636 0.0532198 0.0585289 0.0566974 0.0489586 0.0385366 0.0287183 0.0213318 0.016505 0.0134043
 1.03814e-16 6.42301e-05 0.00062434 0.00414896 0.0188606 0.0586823 0.125029 0.182487 0.182499 0.125092 0.0588931 0.0194705 0.00568429 0.00399016 0.00649809 0.0107494 0.0157311 0.0203084 0.0233531 0.0243201 0.023516 0.0217826 0.019877 0.0180698 0.0162086 0.01406
pSPR Fmed_Fpbrs
1   0.984225 0.6 0.325 0.984225 0.984224 0.984224
Fs Fmed_Fpbrs
0   0.01 0.369613 0.96506 0.01 0.01 0.01
SSBpbr Bo_Bmed_Bpbrs
488195  463785  456083 268507 134253 456083 456083 456083
Ro
109716
SPR SPRFo_SPRFmed_SPRFpbrs
790428 790428 777959
Fref
0
Nvult_r0
 77724.9 16945.8 10008.4 1211.07 565.711
CTP_r0
 17031.1 6375.57 3913.17 474.492 221.667
YTP_r0
356533
Np
 107633 39595.9 14566.5 5358.72 2696.58
Nvult_p0
 68036.8 25029.4 9207.78 3387.35 1704.57
CTP_p0
 0 0 0 0 0
 0 0 0 0 0
 0 0 0 0 0
 0 0 0 0 0
 0 0 0 0 0
 0 0 0 0 0
YTP_p0
 0 0 0 0 0 0
CBA_c0
0
log_Ro
11.4256
likeval ReclasPelacesDesembMPH_pf_preclas_ppelaces_ptallas_desvR_qrecl_qpela
 35.9185 28.0928 0.0185868 72.5669 241.504 137.309 117.153 0 25.2438 2.21626e-05 4.62034e-05 0.0328878 2064.1 0 0
q_reclas_q_pelaces
1.94599 2.61505
M
1
N
 154587 28590.3 49810.1 4292.98 0.177362
 83130.9 48395.3 7435.35 12667.8 1090.47
 85219.2 22730.5 9408.7 1387.37 2561.22
 96579.1 23344.6 4436.68 1763 738.132
 85939.2 21131.3 2810.81 497.128 279.103
 194855 26519.5 5327.93 691.67 190.745
 60322.5 54440.9 5400.39 1044.43 172.604
 25756.3 12180.3 5516.06 503.578 112.954
 27518.2 8425.66 3481.53 1551.26 173.225
 36849 6097.38 1042.39 401.53 198.1
 78253.8 5821.66 364.589 55.4471 31.683
 136917 24811.6 1555.93 95.4575 22.7857
 61786 32664.5 3598.06 212.504 16.0945
 50165.1 14447.1 4536.56 469.328 29.7129
 65741.8 4574.95 265.15 68.6431 7.46927
 348014 10809.1 298.049 15.4519 4.40766
 58993.1 79067.1 1411.21 36.4014 2.41631
 422945 17001.6 17211.6 296.99 8.15367
 206390 112101 3091.36 2990.69 52.8865
 356486 45713 13856.9 356.209 349.32
 279608 89755.6 7443.08 2140.83 108.672
 409677 78894.5 18669.3 1492.36 450.099
 55820 105042 13358.1 3006.93 311.969
 211138 16591.2 24433.6 3016.83 748.301
 207649 61573.3 3704.65 5283.14 812.626
 76674.9 62237.2 14582.3 852.83 1401.03
 167544 24190.4 16457 3774.77 582.714
 219775 49090.4 5456.29 3596.86 950.681
 81834.8 67107.8 12100 1310.65 1090.76
 80852.3 26305.5 18472.4 3269.07 648.095
 150740 24877.4 6591.21 4515.46 956.183
 64482.1 42887.4 5267.65 1346.88 1115.85
 107633 21215.7 12411.1 1501.02 701.133
pred_Ctot
 14753.5 5447.64 10014.4 865.624 0.0357681
 13820.5 15181.9 2445.5 4177.1 359.623
 14089.9 7096.75 3080.05 455.333 840.704
 25798.2 10833.8 2139.7 852.002 356.754
 8882.39 4333.31 607.76 107.799 60.5305
 30297.4 7848.44 1654.77 215.382 59.4049
 18051.2 27555.2 2832.81 548.908 90.7229
 1820.83 1752.8 839.459 76.8696 17.2448
 7206.49 3850.22 1654.04 738.523 82.4779
 14212.5 3697.61 650.542 250.972 123.83
 6915.96 1032.93 68.3005 10.4178 5.95378
 31505.7 10227.3 668.628 41.1128 9.81479
 14763 13879.6 1592.67 94.2707 7.14062
 26552.4 10634.6 3401.84 352.279 22.3037
 24505 2710.9 161.856 41.9681 4.56706
 87464.6 4781.88 137.211 7.12865 2.03369
 8239.26 21286.9 399.29 10.3272 0.685608
 76747.4 5750.32 6095.03 105.432 2.89494
 54083.5 51251.1 1469.37 1424.49 25.193
 73336.1 17185.7 5442.69 140.241 137.546
 42081.3 25814.4 2247.56 648.16 32.9061
 80805.1 28635.1 7084.78 567.69 171.238
 6895.35 25336.3 3391.08 765.452 79.4271
 28192.4 4291.45 6645.6 822.763 204.109
 24727.6 14367.9 910.198 1301.64 200.241
 6988.99 11364.3 2810.64 164.859 270.873
 21960.2 6154.01 4403.34 1012.76 156.363
 23975.7 10577.3 1238.96 819.062 216.517
 6601.61 10934.2 2083.05 226.306 188.368
 8484.84 5470.26 4049.77 718.739 142.512
 22049.6 6977.64 1941.74 1333.76 282.474
 4345.43 5898.34 766.381 196.554 162.865
 17031.1 6375.57 3913.17 474.492 221.667
F
 0.161351 0.346822 0.369156 0.370411 0.370477
 0.296707 0.637769 0.678839 0.681147 0.681269
 0.294861 0.633802 0.674616 0.676911 0.677032
 0.519607 1.11689 1.18881 1.19286 1.19307
 0.175759 0.377793 0.402121 0.403488 0.403561
 0.275139 0.591411 0.629495 0.631636 0.631749
 0.599887 1.28945 1.37249 1.37716 1.3774
 0.117399 0.252347 0.268598 0.269511 0.269559
 0.506988 1.08977 1.15994 1.16389 1.1641
 0.845243 1.81684 1.93384 1.94042 1.94076
 0.148646 0.319514 0.34009 0.341246 0.341307
 0.433087 0.930917 0.990864 0.994234 0.994412
 0.453186 0.97412 1.03685 1.04037 1.04056
 1.39472 2.99795 3.191 3.20186 3.20243
 0.805349 1.73109 1.84257 1.84883 1.84916
 0.481946 1.03594 1.10265 1.1064 1.1066
 0.244111 0.524714 0.558503 0.560403 0.560503
 0.327845 0.7047 0.750079 0.75263 0.752765
 0.507383 1.09062 1.16085 1.16479 1.165
 0.379205 0.815099 0.867587 0.870538 0.870694
 0.265276 0.570209 0.606928 0.608992 0.609101
 0.361011 0.775992 0.825962 0.828771 0.82892
 0.213257 0.458396 0.487914 0.489573 0.489661
 0.232282 0.499288 0.53144 0.533247 0.533342
 0.204896 0.440422 0.468783 0.470377 0.470461
 0.153619 0.330204 0.351467 0.352663 0.352726
 0.227582 0.489187 0.520688 0.522459 0.522552
 0.186304 0.400459 0.426247 0.427697 0.427773
 0.134926 0.290022 0.308698 0.309748 0.309804
 0.178665 0.38404 0.408771 0.410161 0.410234
 0.256979 0.552374 0.587945 0.589944 0.59005
 0.111647 0.239985 0.255439 0.256308 0.256354
 0.280606 0.603161 0.642002 0.644185 0.6443
YTP_r0W_actual
 128414 111254 94190 14861.1 7813.78
YTP_p0W_proyectada
 0 0 0 0 0
 0 0 0 0 0
 0 0 0 0 0
 0 0 0 0 0
 0 0 0 0 0
 0 0 0 0 0
CTP_r0_actual
 17031.1 6375.57 3913.17 474.492 221.667
CTP_p0_proyectada
 0 0 0 0 0
 0 0 0 0 0
 0 0 0 0 0
 0 0 0 0 0
 0 0 0 0 0
 0 0 0 0 0
Wmedp
 7.54 17.45 24.07 31.32 35.25
Frms_r0
 0.280606 0.603161 0.642002 0.644185 0.6443
Zrms_r0
 1.28061 1.60316 1.642 1.64419 1.6443
nmprior
 7.29 8.9 8.7 0
nm_flota  nm_reclas  nm_pelaces    nm_pelaL
inf 15.4258 14.5548 42.4824
cv_recla  cv_pelaces  cv_mph
0.259513 0.483846 0.683009
 ------------------------------------------------
Talla a la edad & desviaci?n 
 8 13.2811 15.8009 17.003 17.5766
 0.8 1.32811 1.58009 1.7003 1.75766
