years
 1991 1992 1993 1994 1995 1996 1997 1998 1999 2000 2001 2002 2003 2004 2005 2006 2007 2008 2009 2010 2011 2012 2013 2014 2015 2016 2017 2018 2019 2020 2021 2022 2023
reclasobs
 0 0 0 0 0 0 0 0 0 252601 567819 844713 477998 351125 339783 2.1784e+06 2.13404e+06 4.81314e+06 1.55562e+06 2.62356e+06 3.21686e+06 3.843e+06 1.13348e+06 3.07943e+06 1.97215e+06 2.03268e+06 2.025e+06 2.42433e+06 2.27542e+06 1.05018e+06 2.36338e+06 3.18982e+06 1.53035e+06
reclaspred
 3.09623e+06 1.60903e+06 821202 670553 621802 2.06746e+06 922081 718077 486672 258015 553046 979469 667461 295025 496441 1.80727e+06 1.40235e+06 3.33186e+06 1.95132e+06 2.33334e+06 3.5952e+06 2.89766e+06 1.78525e+06 2.97234e+06 2.27545e+06 1.95221e+06 2.25564e+06 2.77476e+06 2.17705e+06 1.60376e+06 1.94595e+06 1.93297e+06 1.39312e+06
pelacesobs
 0 0 0 0 0 0 0 0 0 0 0 0 0 0 0 552880 188675 0 991730 2.46772e+06 1.41603e+06 1.21717e+06 2.29649e+06 1.80582e+06 0 1.4828e+06 1.56532e+06 1.57751e+06 1.42118e+06 867257 1.10002e+06 1.06204e+06 0
pelacespred
 1.85168e+06 965052 445688 265626 301066 1.04527e+06 414811 471191 246833 104672 280114 435871 324382 107316 219773 741000 695272 1.6986e+06 974649 988305 1.80597e+06 1.45663e+06 1.0335e+06 1.73553e+06 1.30375e+06 1.18489e+06 1.45641e+06 1.56993e+06 1.30855e+06 1.0404e+06 975354 1.14203e+06 744171
mphobs
 0 0 0 0 0 0 0 0 0 0 0 0 498337 0 5186 125008 0 168611 109162 213762 579715 649985 157893 87575 83554 210694 70296 0 107559 103333 445601 22526 28222
mphpred
 636145 400543 180144 98628.2 76001.6 97514.1 261951 103168 84593 41605.8 21388.3 87781.6 127364 44684.1 14338.9 46280.4 261474 190799 368734 268044 554962 541477 114357 72582.5 126039 105876 84143.6 91285.8 151350 105105 61683.6 96919.7 60784.1
desembarqueobs
 494567 514787 250237 358949 120608 361735 552515 73892 212993 205616 52469 317467 293654 387597 252695 516296 358380 742168 942051 627588 828172 859565 418607 520667 417249 300574 415391 372974 316634 284311 391294 218835 356480
desembarquepred
 494533 514481 250132 358945 120602 361653 552265 73892.6 212992 205605 52467.6 317348 293617 387325 252467 516005 358445 741888 941156 626963 828257 859240 418542 520605 417072 300509 415299 372812 316486 284099 391063 218856 356511
Reclutas
 130897 89092.8 82055 77552.8 63424.7 219803 53897.5 21542.8 27118.1 35417.4 66684.3 132258 57107.2 53270 60117.8 315444 50909.8 399117 191950 329403 249178 396763 44810.2 190171 188060 64820.9 148268 195027 70472.7 73506.3 135255 54012.7 92534
log_desv_Rt
 0.2766 -0.108129 -0.190418 -0.24685 -0.447954 0.794924 -0.610723 -1.52777 -1.29761 -1.0306 -0.397838 0.286946 -0.552878 -0.622434 -0.501501 1.15617 -0.667753 1.39145 0.659424 1.19947 0.920362 1.38553 -0.795373 0.650113 0.638951 -0.42618 0.401214 0.67533 -0.342582 -0.300437 0.309357 -0.608589 -0.0702313
SSB
 1.04725e+06 659390 296560 162366 125117 160532 431235 169838 139260 68493.2 35210.4 144510 196303 70232.6 22219.4 72921.7 430448 314101 635816 299892 638729 667039 646746 393577 627950 564068 420270 434229 749938 485176 336035 531963 310711
BT
 1.62829e+06 1.13783e+06 526699 483556 320190 1.17721e+06 769606 409395 396946 274730 277397 611927 501679 482939 438843 1.04988e+06 769748 2.05885e+06 1.63137e+06 1.30177e+06 2.05978e+06 1.90235e+06 1.0604e+06 1.88067e+06 1.33037e+06 1.09649e+06 1.56825e+06 1.58452e+06 1.14376e+06 1.0065e+06 1.08997e+06 979146 881644
Ftot
 0.424967 0.820244 0.820197 1.57747 0.629309 0.711484 1.442 0.30744 1.35314 2.36728 0.415018 1.15556 1.26048 3.77671 2.14958 1.2673 0.697446 0.877493 1.39345 1.03314 0.742338 0.987144 0.601802 0.649232 0.571542 0.434385 0.644095 0.5108 0.37956 0.512636 0.717826 0.316733 0.823107
BD_Bspro_t
 0.93518 0.629797 0.376211 0.270947 0.21221 0.304963 0.447917 0.219639 0.242529 0.162598 0.121262 0.435801 0.364032 0.147626 0.0556493 0.160087 0.398179 0.31007 0.403978 0.23605 0.340937 0.345996 0.365159 0.290677 0.429083 0.460929 0.441313 0.482 0.595193 0.496644 0.438659 0.515701 0.485076
BD_Bspro
 1.46438 0.922031 0.414683 0.227037 0.174952 0.224473 0.602999 0.237487 0.194729 0.0957746 0.049235 0.202069 0.274492 0.0982069 0.0310696 0.101967 0.6019 0.43921 0.889067 0.419341 0.893141 0.932727 0.904351 0.550342 0.878068 0.788741 0.587668 0.607187 1.04865 0.678427 0.469881 0.743849 0.43447
BD_Bo
 2.67178 1.68226 0.756598 0.414234 0.319204 0.409555 1.10018 0.433299 0.355287 0.174743 0.0898302 0.368679 0.500816 0.17918 0.0566871 0.186041 1.09818 0.801348 1.62212 0.765097 1.62955 1.70178 1.65001 1.00411 1.60205 1.43907 1.07221 1.10782 1.91327 1.2378 0.857308 1.35717 0.7927
BD_Brms
 2.86021 1.8009 0.809955 0.443448 0.341715 0.438439 1.17777 0.463857 0.380343 0.187066 0.0961653 0.39468 0.536135 0.191817 0.0606849 0.199161 1.17563 0.857861 1.73652 0.819054 1.74448 1.82179 1.76637 1.07492 1.71503 1.54056 1.14783 1.18595 2.0482 1.3251 0.917768 1.45288 0.848603
Sel_flota
 0.444448 0.938273 0.996549 0.999818 0.99999
 0.444448 0.938273 0.996549 0.999818 0.99999
 0.444448 0.938273 0.996549 0.999818 0.99999
 0.444448 0.938273 0.996549 0.999818 0.99999
 0.444448 0.938273 0.996549 0.999818 0.99999
 0.444448 0.938273 0.996549 0.999818 0.99999
 0.444448 0.938273 0.996549 0.999818 0.99999
 0.444448 0.938273 0.996549 0.999818 0.99999
 0.444448 0.938273 0.996549 0.999818 0.99999
 0.444448 0.938273 0.996549 0.999818 0.99999
 0.444448 0.938273 0.996549 0.999818 0.99999
 0.444448 0.938273 0.996549 0.999818 0.99999
 0.444448 0.938273 0.996549 0.999818 0.99999
 0.444448 0.938273 0.996549 0.999818 0.99999
 0.444448 0.938273 0.996549 0.999818 0.99999
 0.444448 0.938273 0.996549 0.999818 0.99999
 0.444448 0.938273 0.996549 0.999818 0.99999
 0.444448 0.938273 0.996549 0.999818 0.99999
 0.444448 0.938273 0.996549 0.999818 0.99999
 0.444448 0.938273 0.996549 0.999818 0.99999
 0.444448 0.938273 0.996549 0.999818 0.99999
 0.444448 0.938273 0.996549 0.999818 0.99999
 0.444448 0.938273 0.996549 0.999818 0.99999
 0.444448 0.938273 0.996549 0.999818 0.99999
 0.444448 0.938273 0.996549 0.999818 0.99999
 0.444448 0.938273 0.996549 0.999818 0.99999
 0.444448 0.938273 0.996549 0.999818 0.99999
 0.444448 0.938273 0.996549 0.999818 0.99999
 0.444448 0.938273 0.996549 0.999818 0.99999
 0.444448 0.938273 0.996549 0.999818 0.99999
 0.444448 0.938273 0.996549 0.999818 0.99999
 0.444448 0.938273 0.996549 0.999818 0.99999
 0.444448 0.938273 0.996549 0.999818 0.99999
Sel_reclas
 1 1 1 1 1
 1 1 1 1 1
 1 1 1 1 1
 1 1 1 1 1
 1 1 1 1 1
 1 1 1 1 1
 1 1 1 1 1
 1 1 1 1 1
 1 1 1 1 1
 1 1 1 1 1
 1 1 1 1 1
 1 1 1 1 1
 1 1 1 1 1
 1 1 1 1 1
 1 1 1 1 1
 1 1 1 1 1
 1 1 1 1 1
 1 1 1 1 1
 1 1 1 1 1
 1 1 1 1 1
 1 1 1 1 1
 1 1 1 1 1
 1 1 1 1 1
 1 1 1 1 1
 1 1 1 1 1
 1 1 1 1 1
 1 1 1 1 1
 1 1 1 1 1
 1 1 1 1 1
 1 1 1 1 1
 1 1 1 1 1
 1 1 1 1 1
 1 1 1 1 1
Sel_pelaces
 0.668793 0.910412 0.980822 0.99613 0.999229
 0.668793 0.910412 0.980822 0.99613 0.999229
 0.668793 0.910412 0.980822 0.99613 0.999229
 0.668793 0.910412 0.980822 0.99613 0.999229
 0.668793 0.910412 0.980822 0.99613 0.999229
 0.668793 0.910412 0.980822 0.99613 0.999229
 0.668793 0.910412 0.980822 0.99613 0.999229
 0.668793 0.910412 0.980822 0.99613 0.999229
 0.668793 0.910412 0.980822 0.99613 0.999229
 0.668793 0.910412 0.980822 0.99613 0.999229
 0.668793 0.910412 0.980822 0.99613 0.999229
 0.668793 0.910412 0.980822 0.99613 0.999229
 0.668793 0.910412 0.980822 0.99613 0.999229
 0.668793 0.910412 0.980822 0.99613 0.999229
 0.668793 0.910412 0.980822 0.99613 0.999229
 0.668793 0.910412 0.980822 0.99613 0.999229
 0.668793 0.910412 0.980822 0.99613 0.999229
 0.668793 0.910412 0.980822 0.99613 0.999229
 0.668793 0.910412 0.980822 0.99613 0.999229
 0.668793 0.910412 0.980822 0.99613 0.999229
 0.668793 0.910412 0.980822 0.99613 0.999229
 0.668793 0.910412 0.980822 0.99613 0.999229
 0.668793 0.910412 0.980822 0.99613 0.999229
 0.668793 0.910412 0.980822 0.99613 0.999229
 0.668793 0.910412 0.980822 0.99613 0.999229
 0.668793 0.910412 0.980822 0.99613 0.999229
 0.668793 0.910412 0.980822 0.99613 0.999229
 0.668793 0.910412 0.980822 0.99613 0.999229
 0.668793 0.910412 0.980822 0.99613 0.999229
 0.668793 0.910412 0.980822 0.99613 0.999229
 0.668793 0.910412 0.980822 0.99613 0.999229
 0.668793 0.910412 0.980822 0.99613 0.999229
 0.668793 0.910412 0.980822 0.99613 0.999229
pf_obs 
 0.8446 0.082 0.0669 0.0065 0
 0.8095 0.147 0.0364 0.0071 0
 0.9664 0.0169 0.016 0.0007 0
 0.9276 0.0648 0.0075 0.0001 0
 0.7033 0.2144 0.0806 0.0017 0
 0.9318 0.0425 0.0243 0.0014 0
 0.5671 0.3108 0.0964 0.0239 0.0018
 0.0768 0.2599 0.5324 0.112 0.0189
 0.490249 0.384438 0.106611 0.0170017 0.00170017
 0.7925 0.1577 0.0466 0.003 0.0002
 0.840416 0.127587 0.0312969 0.00059994 9.999e-05
 0.8084 0.0986 0.0794 0.0134 0.0002
 0.7335 0.1905 0.0724 0.0035 0.0001
 0.4001 0.4547 0.1325 0.0127 0
 0.49795 0.308269 0.164784 0.0264974 0.00249975
 0.9179 0.0499 0.0305 0.0017 0
 0.2467 0.6533 0.0926 0.0074 0
 0.9418 0.0223 0.034 0.0019 0
 0.707729 0.231977 0.0356964 0.0245975 0
 0.517169 0.277429 0.184464 0.0207286 0.00020938
 0.811772 0.124168 0.05621 0.00726502 0.000585176
 0.764997 0.148141 0.077277 0.00933861 0.000247198
 0.163321 0.427699 0.378323 0.0303852 0.000271297
 0.753843 0.0900009 0.118128 0.0371064 0.000921714
 0.721811 0.176058 0.0630433 0.0369309 0.00215725
 0.143369 0.312575 0.442814 0.0836902 0.0175525
 0.692698 0.0596174 0.167031 0.0765114 0.00414204
 0.394062 0.376323 0.152708 0.0712218 0.00568511
 0.125707 0.32114 0.495352 0.0537591 0.00404204
 0.23352 0.215282 0.420074 0.123614 0.00750983
 0.796117 0.104755 0.0508955 0.0450114 0.00322123
 0.162477 0.292055 0.404252 0.121198 0.0200186
 0 0 0 0 0
pf_pred 
 0.466373 0.189464 0.312223 0.0319396 1.17696e-06
 0.45501 0.369323 0.0653579 0.100109 0.0102003
 0.578689 0.291199 0.0907356 0.0146953 0.024681
 0.642377 0.281827 0.0538309 0.0153412 0.00662388
 0.673282 0.281442 0.0365788 0.00618887 0.00250811
 0.849358 0.125909 0.0215397 0.00258198 0.000611129
 0.341104 0.6164 0.036002 0.00565839 0.000834878
 0.393464 0.378952 0.214418 0.0111657 0.00200099
 0.583616 0.248885 0.107353 0.0566786 0.00346719
 0.782668 0.179006 0.0239524 0.00923303 0.00514077
 0.876624 0.116431 0.00587542 0.000670693 0.000398871
 0.780238 0.207144 0.011956 0.000560817 0.000101676
 0.513746 0.443929 0.040121 0.0020889 0.000115086
 0.720706 0.2146 0.0595986 0.00483115 0.000263798
 0.912149 0.0841223 0.00301077 0.000661819 5.5841e-05
 0.95538 0.0436314 0.000951987 2.93565e-05 6.93959e-06
 0.290697 0.698545 0.0105432 0.000206609 7.83017e-06
 0.891246 0.0551255 0.0528801 0.000734012 1.48604e-05
 0.526567 0.453657 0.010476 0.00917094 0.000129223
 0.794116 0.160687 0.0435079 0.000897046 0.000791378
 0.618833 0.3494 0.0253101 0.00621706 0.000239942
 0.733232 0.215099 0.0476924 0.00317123 0.000805223
 0.182843 0.72296 0.0773191 0.015585 0.00129255
 0.740406 0.0917027 0.149874 0.0148002 0.00321648
 0.625343 0.329899 0.0166594 0.0250958 0.0030032
 0.332738 0.534337 0.118144 0.00551658 0.00926453
 0.684367 0.169565 0.118652 0.0243796 0.00303752
 0.678031 0.272462 0.027603 0.0178077 0.00409643
 0.343767 0.54651 0.0939318 0.0088204 0.00696997
 0.488404 0.27829 0.196572 0.0314664 0.0052686
 0.704235 0.206864 0.0500514 0.0327548 0.00609538
 0.392826 0.521539 0.0614151 0.0136631 0.0105561
 0.636394 0.215232 0.128678 0.0141407 0.00555488
pobs_RECLAS
 0 0 0 0 0
 0 0 0 0 0
 0 0 0 0 0
 0 0 0 0 0
 0 0 0 0 0
 0 0 0 0 0
 0 0 0 0 0
 0 0 0 0 0
 0 0 0 0 0
 0 0 0 0 0
 0.991045 0.00858322 0.000360255 1.14367e-05 0
 0.934742 0.0480273 0.0164251 0.00080598 0
 0.827803 0.169806 0.00239088 0 0
 0.941827 0.0461693 0.0120037 0 0
 0.791401 0.0380133 0.147996 0.0225897 0
 0.846168 0.0940531 0.0597789 0 0
 0.134021 0.677848 0.182769 0.00536245 0
 0.80878 0.0450904 0.141981 0.00414843 0
 0.846168 0.0940531 0.0597789 0 0
 0.905697 0.0802665 0.012482 0.00150086 5.37128e-05
 0.989698 0.0102097 9.19794e-05 0 0
 0.975433 0.0193895 0.00387452 0.00125025 5.28907e-05
 0.303575 0.632131 0.0575291 0.00676475 0
 0.966965 0.00978017 0.0227588 0.000495775 0
 0.843318 0.132988 0.00938335 0.0141283 0.000182051
 0.564624 0.303363 0.111486 0.0197234 0.00080311
 0.826376 0.0876187 0.0782897 0.00655872 0.00115652
 0.89761 0.0855135 0.0140674 0.00269457 0.000114338
 0.34875 0.467042 0.161289 0.0227151 0.000203297
 0.318654 0.224769 0.449479 0.00709798 0
 0.937255 0.0296025 0.0250945 0.00804832 0
 0.456809 0.399803 0.12412 0.0192676 0
 0.883104 0.0372192 0.0704036 0.00927362 0
ppred_RECLAS
 0.662607 0.124733 0.192985 0.0196742 7.24854e-07
 0.654621 0.239219 0.0395886 0.0604163 0.00615477
 0.756942 0.171486 0.0499689 0.00806327 0.0135398
 0.813916 0.149046 0.0263375 0.00747387 0.00322627
 0.81981 0.156599 0.0190727 0.00321556 0.0013029
 0.926184 0.0623538 0.00998744 0.00119291 0.000282296
 0.550996 0.422044 0.022855 0.00357722 0.000527691
 0.587186 0.263902 0.140324 0.00728264 0.00130488
 0.771369 0.140789 0.0563824 0.029647 0.0018132
 0.906781 0.0780216 0.00951617 0.00364951 0.00203143
 0.938941 0.0578225 0.00273973 0.000311676 0.000185325
 0.890845 0.103297 0.00555163 0.000259393 4.70181e-05
 0.710965 0.265504 0.0223097 0.00115693 6.37262e-05
 0.899115 0.0796971 0.0195303 0.00157216 8.58143e-05
 0.964102 0.0344998 0.00113046 0.000247288 2.08596e-05
 0.980259 0.0193338 0.000392164 1.2045e-05 2.84671e-06
 0.474326 0.518201 0.00732406 0.000143012 5.41891e-06
 0.949751 0.0263207 0.0235953 0.00032631 6.60501e-06
 0.723614 0.265661 0.00569229 0.00496274 6.99124e-05
 0.898578 0.080347 0.0202906 0.00041676 0.000367594
 0.782746 0.200227 0.0135755 0.00332262 0.000128209
 0.862549 0.112286 0.0232346 0.00153912 0.000390729
 0.329878 0.597229 0.0598707 0.0120255 0.000997153
 0.86699 0.0489974 0.0750261 0.00738261 0.00160414
 0.785669 0.190191 0.00900528 0.0135181 0.0016174
 0.52157 0.387881 0.0805125 0.00374654 0.00629078
 0.830342 0.0939109 0.0615703 0.0126061 0.00157034
 0.821908 0.152189 0.0144647 0.00929934 0.0021388
 0.532495 0.393367 0.063501 0.00594257 0.00469503
 0.680789 0.178723 0.118433 0.0188925 0.0031627
 0.84253 0.112341 0.0254477 0.0165938 0.00308738
 0.583204 0.361131 0.0399608 0.00886008 0.00684407
 0.799799 0.121753 0.0680682 0.00745283 0.00292712
pobs_PELACES
 0 0 0 0 0
 0 0 0 0 0
 0 0 0 0 0
 0 0 0 0 0
 0 0 0 0 0
 0 0 0 0 0
 0 0 0 0 0
 0 0 0 0 0
 0 0 0 0 0
 0 0 0 0 0
 0 0 0 0 0
 0 0 0 0 0
 0 0 0 0 0
 0 0 0 0 0
 0 0 0 0 0
 0 0 0 0 0
 0.505614 0.472636 0.0217494 0 0
 0 0 0 0 0
 0.443492 0.261883 0.143347 0.151278 0
 0.227955 0.32914 0.350689 0.0885471 0.00366901
 0.970185 0.0296113 0.000203453 0 0
 0.997202 0.00247181 0.000326279 0 0
 0.445219 0.490057 0.0546422 0.010081 0
 0.90214 0.0892962 0.00764917 0.000914606 0
 0 0 0 0 0
 0.581667 0.319106 0.0959925 0.00289975 0.000334073
 0.762889 0.0836404 0.116647 0.0363945 0.000428098
 0.88444 0.0763242 0.0277011 0.0115352 0
 0.521256 0.241999 0.230069 0.00667565 0
 0.616807 0.101726 0.260614 0.0208532 0
 0.833518 0.0704572 0.0857862 0.0102388 0
 0.697417 0.212968 0.0787535 0.0105354 0.000325836
 0 0 0 0 0
ppred_PELACES
 0.596896 0.142723 0.235961 0.0244197 9.02467e-07
 0.60903 0.265057 0.0465174 0.0720346 0.00736084
 0.71951 0.194134 0.0599893 0.00982261 0.0165446
 0.804471 0.15508 0.0286408 0.00824032 0.00356787
 0.785898 0.184438 0.0239095 0.00409114 0.00166277
 0.911089 0.0743565 0.0126567 0.00153414 0.000364162
 0.532021 0.438559 0.0248863 0.00394979 0.000584417
 0.517093 0.300901 0.171355 0.00902891 0.00162277
 0.75161 0.149788 0.0629658 0.0335764 0.00205975
 0.912667 0.0726826 0.00912554 0.00354526 0.00197927
 0.92332 0.0723411 0.00366338 0.000423067 0.000252335
 0.878294 0.114839 0.00650312 0.000308209 5.60365e-05
 0.688435 0.284986 0.0251808 0.0013244 7.31725e-05
 0.923712 0.0602309 0.0147875 0.00120404 6.59109e-05
 0.965476 0.0331321 0.00112224 0.000248744 2.10451e-05
 0.978165 0.021362 0.000455577 1.41916e-05 3.36424e-06
 0.425936 0.565395 0.00849439 0.000168326 6.39769e-06
 0.939678 0.0307263 0.0291784 0.000409432 8.31288e-06
 0.706605 0.281401 0.0063241 0.00559122 7.90047e-05
 0.883884 0.0909153 0.0242485 0.000505265 0.000447017
 0.748229 0.230858 0.0166238 0.00412889 0.000159809
 0.842699 0.127145 0.0278108 0.00186903 0.000475929
 0.283647 0.633754 0.0676582 0.0137928 0.00114722
 0.836348 0.0578821 0.0943003 0.00941742 0.00205256
 0.74559 0.223844 0.0112936 0.0172071 0.00206513
 0.458958 0.432875 0.0959956 0.00453462 0.00763754
 0.794958 0.110196 0.0768763 0.0159745 0.00199605
 0.784725 0.182001 0.0184538 0.0120424 0.00277823
 0.468101 0.442493 0.076396 0.00725793 0.00575197
 0.623034 0.204807 0.14478 0.0234428 0.00393654
 0.812443 0.131186 0.031576 0.0208951 0.00389959
 0.517258 0.414077 0.0490633 0.0110443 0.00855769
 0.766117 0.138831 0.0823054 0.00914419 0.00360241
pobs_pel_tallas
 0 0 0 0 0 0 0 0 0 0 0 0 0 0 0 0 0 0 0 0 0 0 0 0 0 0
 0 0 0 0 0 0 0 0 0 0 0 0 0 0 0 0 0 0 0 0 0 0 0 0 0 0
 0 0 0 0 0 0 0 0 0 0 0 0 0 0 0 0 0 0 0 0 0 0 0 0 0 0
 0 0 0 0 0 0 0 0 0 0 0 0 0 0 0 0 0 0 0 0 0 0 0 0 0 0
 0 0 0 0 0 0 0 0 0 0 0 0 0 0 0 0 0 0 0 0 0 0 0 0 0 0
 0 0 0 0 0 0 0 0 0 0 0 0 0 0 0 0 0 0 0 0 0 0 0 0 0 0
 0 0 0 0 0 0 0 0 0 0 0 0 0 0 0 0 0 0 0 0 0 0 0 0 0 0
 0 0 0 0 0 0 0 0 0 0 0 0 0 0 0 0 0 0 0 0 0 0 0 0 0 0
 0 0 0 0 0 0 0 0 0 0 0 0 0 0 0 0 0 0 0 0 0 0 0 0 0 0
 0 0 0 0 0 0 0 0 0 0 0 0 0 0 0 0 0 0 0 0 0 0 0 0 0 0
 0 0 0 0 0 0 0 0 0 0 0 0 0 0 0 0 0 0 0 0 0 0 0 0 0 0
 0 0 0 0 0 0 0 0 0 0 0 0 0 0 0 0 0 0 0 0 0 0 0 0 0 0
 0.00862536 0 0 0.000197151 0.00414017 0.0128641 0.00837892 0.0270097 0.101434 0.158115 0.152841 0.127902 0.109271 0.109419 0.0830992 0.0579132 0.0238553 0.00714673 0.00463305 0.00128148 0.00103504 0.000492878 0.000147863 0.000147863 4.92878e-05 0
 0 0 0 0 0 0 0 0 0 0 0 0 0 0 0 0 0 0 0 0 0 0 0 0 0 0
 0 0 0 0 0 0 0 0.0054083 0.00873648 0.0413646 0.0450493 0.0745869 0.0622846 0.0627006 0.0613931 0.0827291 0.12552 0.122667 0.0946155 0.0697135 0.0546179 0.0294188 0.0215738 0.0213955 0.0102223 0.00600262
 0 0 0 0 0.00359764 0.0251062 0.0480494 0.140153 0.205849 0.193036 0.1447 0.116669 0.0760912 0.0342217 0.00950174 0.001854 0.000860785 0 0 0 0.000165536 0 0.000143464 0 0 0
 0 0 0 0 0 0 0 0.000145254 0.000435761 0.0275982 0.070085 0.0708112 0.156366 0.174668 0.174014 0.160142 0.0824315 0.0480064 0.0283245 0.00493863 0.00203355 0 0 0 0 0
 0 0 0 0 0 0 0 0 0 0 0 0 0 0 0 0 0 0 0 0 0 0 0 0 0 0
 0 0 1.00437e-05 0.000401748 0.00122533 0.00171747 0.00176769 0.0269171 0.070346 0.194647 0.189555 0.159765 0.064822 0.0314167 0.0384472 0.0292271 0.0345202 0.0313363 0.0194345 0.0106764 0.0143323 0.0359363 0.0279516 0.0138201 0.00172751 0
 0 0.0021121 0.0136068 0.0755702 0.200478 0.177729 0.0527432 0.0373336 0.0318909 0.0142505 0.0149659 0.0166563 0.0217959 0.0798694 0.0677717 0.0528807 0.04013 0.0224614 0.0357745 0.0225083 0.00881397 0.00855152 0.00135912 0.000746735 0 0
 0 0 0 0 5.4009e-05 0.00500934 0.000945158 0.0243581 0.138947 0.33067 0.221406 0.137944 0.0707744 0.0437923 0.0131692 0.00525238 0.0047753 0.00276346 9.45158e-05 9.00151e-06 2.25038e-05 9.00151e-06 4.50075e-06 0 0 0
 0.000866109 0.00284123 0.00948549 0.0512746 0.133035 0.25785 0.225252 0.132002 0.0553304 0.0519788 0.0540692 0.017754 0.00435017 0.00159236 0.00146478 0.000404838 0.000125132 0.000115318 0.000107957 0.000100596 0 0 0 0 0 0
 0 0 0 0 0.00144013 0.00171154 0.00461396 0.0210425 0.0478622 0.0707936 0.0888783 0.103762 0.0637923 0.0337046 0.0602308 0.124433 0.169614 0.0934646 0.0462172 0.0250306 0.0313229 0.00938855 0.002487 0.000210481 0 0
 0 0.00764035 0.051015 0.0998891 0.058973 0.0496711 0.0374665 0.0718981 0.12319 0.153886 0.159021 0.0857701 0.0377988 0.023471 0.0147837 0.00900784 0.00315554 0.000888139 0.00291439 0.00214683 0.00393193 0.00274676 0.000635225 9.99891e-05 0 0
 0 0 0 0 0 0 0 0 0 0 0 0 0 0 0 0 0 0 0 0 0 0 0 0 0 0
 0 0 0 0 0 0 0 0 0 0 0 0 0 0 0 0 0 0 0 0 0 0 0 0 0 0
 0 0 0 0 0 0 0 0 0 0 0 0 0 0 0 0 0 0 0 0 0 0 0 0 0 0
 0 0 0 0 0 0 0 0 0 0 0 0 0 0 0 0 0 0 0 0 0 0 0 0 0 0
 0 0 0 0 0 0 0 0 0 0 0 0 0 0 0 0 0 0 0 0 0 0 0 0 0 0
 0 0 0 0 0 0 0 0 0 0 0 0 0 0 0 0 0 0 0 0 0 0 0 0 0 0
 0 0 0 0 0 0 0 0 0 0 0 0 0 0 0 0 0 0 0 0 0 0 0 0 0 0
 0 0 0 0 0 0 0 0 0 0 0 0 0 0 0 0 0 0 0 0 0 0 0 0 0 0
 0 0 0 0 0 0 0 0 0 0 0 0 0 0 0 0 0 0 0 0 0 0 0 0 0 0
ppred_pel_tallas
 1.09295e-16 4.91656e-05 0.000477907 0.00317586 0.014437 0.044919 0.0957051 0.139687 0.139701 0.0957742 0.0451517 0.0151137 0.00489077 0.00427559 0.00741972 0.0126002 0.0191039 0.0260158 0.0323656 0.0375967 0.0416882 0.0447618 0.0465744 0.0464448 0.0437187 0.0383513
 1.0988e-16 5.0165e-05 0.000487622 0.00324042 0.0147305 0.0458322 0.0976513 0.14253 0.142556 0.0977763 0.0462521 0.015944 0.00628862 0.00714944 0.0127256 0.0210238 0.0304444 0.0386566 0.0433479 0.0435291 0.0401444 0.0354056 0.0313779 0.0289159 0.0275874 0.0263528
 1.05566e-16 5.92651e-05 0.000576078 0.00382824 0.0174026 0.0541462 0.115365 0.168382 0.168401 0.115457 0.0544543 0.0182933 0.00606666 0.00547149 0.00938294 0.0154877 0.0224692 0.0286042 0.0321745 0.0323919 0.0298444 0.0260392 0.022427 0.0196847 0.017679 0.0159127
 1.02297e-16 6.62632e-05 0.000644102 0.00428029 0.0194576 0.0605398 0.128987 0.188263 0.188278 0.12906 0.0607853 0.0201668 0.00606104 0.0045335 0.00745882 0.0122416 0.017665 0.0222928 0.0247074 0.0242568 0.0214326 0.0175179 0.0137984 0.010955 0.00899143 0.0075586
 1.01429e-16 6.47334e-05 0.000629232 0.00418147 0.0190084 0.0591422 0.126009 0.183918 0.183936 0.126096 0.0594337 0.0198505 0.00629506 0.00524251 0.00882407 0.0144799 0.0208389 0.0261756 0.0287753 0.0278437 0.0239734 0.0187367 0.0137443 0.0099046 0.0073086 0.0055881
 1.006e-16 7.50452e-05 0.000729466 0.00484756 0.0220363 0.0685631 0.146081 0.213211 0.213219 0.146116 0.0686808 0.0223761 0.0057007 0.00259231 0.00361413 0.00585916 0.0084398 0.0106263 0.011728 0.011424 0.00994502 0.0079092 0.00594629 0.0044065 0.00332137 0.00255138
 1.01326e-16 4.38219e-05 0.000425965 0.00283069 0.0128679 0.0400371 0.0853048 0.124514 0.124556 0.085511 0.0407293 0.0148665 0.00784428 0.0113606 0.0207809 0.0342074 0.0490885 0.0613404 0.0668289 0.0636436 0.0532511 0.0395439 0.0265779 0.0167424 0.010403 0.00670015
 1.06202e-16 4.25923e-05 0.000414012 0.00275126 0.0125068 0.0389136 0.0829106 0.121017 0.121046 0.0830534 0.0393935 0.0138956 0.00624676 0.0080759 0.0146849 0.0244459 0.0357577 0.0460968 0.0528662 0.0547825 0.0525028 0.0479242 0.0427951 0.0378144 0.0327713 0.0272919
 1.05572e-16 6.19091e-05 0.000601779 0.00399903 0.018179 0.0565618 0.120511 0.175893 0.175907 0.120582 0.0568002 0.0188687 0.00573391 0.00440154 0.00731546 0.0120942 0.0176492 0.0226912 0.0259482 0.026844 0.0258091 0.0239045 0.0220735 0.0206304 0.0193018 0.0176363
 1.00973e-16 7.51752e-05 0.00073073 0.00485596 0.0220745 0.0686819 0.146334 0.213581 0.213588 0.146369 0.0687969 0.0224064 0.00568902 0.00254918 0.00352842 0.00571348 0.00822189 0.0103374 0.0113866 0.0110635 0.00960876 0.00764599 0.00580692 0.00443655 0.00354838 0.00297081
 1.0021e-16 7.60527e-05 0.000739259 0.00491264 0.0223321 0.0694836 0.148042 0.216074 0.216081 0.148076 0.0695978 0.0226617 0.00573947 0.00254246 0.0034954 0.0056444 0.00809101 0.0101057 0.0110015 0.0104629 0.00873296 0.00645616 0.00430505 0.0026771 0.00163452 0.00103502
 1.00258e-16 7.23439e-05 0.000703209 0.00467307 0.0212431 0.0660952 0.140823 0.205538 0.205549 0.140877 0.0662765 0.0217664 0.00598583 0.00356626 0.0055018 0.00895997 0.0128503 0.0160536 0.0174823 0.016634 0.0138915 0.0102738 0.00684486 0.00423481 0.00254552 0.00155805
 1.00945e-16 5.67056e-05 0.000551198 0.00366291 0.0166511 0.0518078 0.110383 0.161113 0.16114 0.110517 0.0522579 0.0179507 0.00692394 0.00766558 0.0135549 0.0222839 0.0320113 0.0400751 0.0437974 0.041934 0.0354142 0.0267212 0.0184344 0.0120616 0.00782806 0.00520296
 1.00575e-16 7.60849e-05 0.000739573 0.00491472 0.0223416 0.0695131 0.148105 0.216165 0.216171 0.148134 0.0696085 0.0226174 0.00560739 0.00225311 0.00295472 0.00477501 0.00689567 0.00872123 0.00969758 0.0095643 0.00849718 0.00697358 0.00547382 0.00425598 0.00333546 0.00260956
 1.0007e-16 7.9525e-05 0.000773011 0.00513693 0.0233517 0.072656 0.154801 0.225938 0.225941 0.154817 0.0727082 0.0235026 0.00551542 0.0015983 0.0016441 0.0025848 0.00369842 0.00461411 0.00501367 0.00475232 0.0039425 0.00288205 0.0018825 0.00112915 0.000652128 0.000385721
 1.00021e-16 8.05701e-05 0.000783171 0.00520444 0.0236586 0.0736108 0.156836 0.228907 0.228909 0.156846 0.0736445 0.0237559 0.00544837 0.00131496 0.00108851 0.00166664 0.00238038 0.00296652 0.00321746 0.00303939 0.00250518 0.00180817 0.00115138 0.000656676 0.000345362 0.000175758
 1.00408e-16 3.50839e-05 0.000341028 0.00226626 0.0103021 0.032054 0.0682963 0.0996919 0.0997463 0.068562 0.0329456 0.0128758 0.00872093 0.0144125 0.0267028 0.0439412 0.0629467 0.0784219 0.0849932 0.0801836 0.0659297 0.0473665 0.0298913 0.0167517 0.00852319 0.00409859
 1.00893e-16 7.74e-05 0.000752356 0.00499967 0.0227278 0.0707145 0.150665 0.2199 0.219903 0.15068 0.0707639 0.0228709 0.00536071 0.0015465 0.00160305 0.00257286 0.00380332 0.0049986 0.00590503 0.00639074 0.00649414 0.00634986 0.00606066 0.00563296 0.00501934 0.0042075
 1.00829e-16 5.82022e-05 0.000565746 0.00375958 0.0170905 0.0531751 0.113296 0.165365 0.165392 0.113428 0.053619 0.0183719 0.00697338 0.00757291 0.0133409 0.0218971 0.0313838 0.0391429 0.0425109 0.0402669 0.0333791 0.0243931 0.0159672 0.00967506 0.0057555 0.00361987
 1.0085e-16 7.28044e-05 0.000707684 0.00470281 0.0213783 0.0665159 0.141719 0.206846 0.206854 0.141762 0.06666 0.0217948 0.00574894 0.00299394 0.00442218 0.00721443 0.0104288 0.0132021 0.0147016 0.0145324 0.012954 0.0106778 0.00841953 0.00656356 0.00513574 0.00399108
 1.0098e-16 6.16307e-05 0.000599072 0.00398105 0.0180973 0.0563075 0.11997 0.175104 0.175126 0.120078 0.056672 0.0191498 0.00662165 0.00635924 0.0109886 0.0180355 0.0258965 0.0324 0.0353761 0.0338234 0.0285085 0.0214627 0.0147924 0.0097239 0.00642602 0.00443858
 1.01104e-16 6.94121e-05 0.00067471 0.00448369 0.0203822 0.0634166 0.135116 0.197209 0.197221 0.135176 0.063618 0.0209639 0.00594462 0.00386611 0.0061367 0.0100513 0.0145089 0.0183187 0.0203107 0.0199348 0.0175695 0.0142405 0.0109857 0.00837262 0.00644551 0.00498359
 1.03692e-16 2.33638e-05 0.000227104 0.00150919 0.0068606 0.0213462 0.0454826 0.066396 0.066457 0.0457809 0.0223476 0.00975247 0.00876631 0.0160633 0.0300808 0.049644 0.0713966 0.0895374 0.0981566 0.0945137 0.0806676 0.0620849 0.0443969 0.0308255 0.0217529 0.0159304
 1.04028e-16 6.88889e-05 0.000669624 0.00444989 0.0202286 0.0629386 0.134097 0.19572 0.195726 0.134125 0.0630329 0.0205028 0.00514495 0.00220858 0.00305499 0.00510652 0.00773359 0.010525 0.0130847 0.0151904 0.0168413 0.0180973 0.0188704 0.0188887 0.017881 0.015812
 1.02459e-16 6.14133e-05 0.000596959 0.003967 0.0180334 0.0561088 0.119547 0.174486 0.174508 0.119652 0.0564622 0.0190538 0.00652699 0.00618127 0.010655 0.0174872 0.0251158 0.0314447 0.0343906 0.0330143 0.0280971 0.0216369 0.0156744 0.0113482 0.00872262 0.00722875
 1.04629e-16 3.78038e-05 0.000367467 0.00244195 0.0111008 0.0345388 0.0735901 0.107416 0.107458 0.0737943 0.0352244 0.0130816 0.00741645 0.0112347 0.0206993 0.0342188 0.0494236 0.0624249 0.0692601 0.0680661 0.0601414 0.0489816 0.0381167 0.0294623 0.0231407 0.0183629
 1.04187e-16 6.54796e-05 0.000636485 0.00422967 0.0192275 0.0598238 0.127461 0.186036 0.186047 0.127514 0.0600002 0.019738 0.00551607 0.00346067 0.00547597 0.00907173 0.0133481 0.0173847 0.0202741 0.0215772 0.0215257 0.0207467 0.019755 0.0186496 0.0172118 0.0152237
 1.02257e-16 6.46368e-05 0.000628293 0.00417523 0.01898 0.0590539 0.125821 0.183643 0.183661 0.125907 0.0593415 0.0198106 0.00625985 0.00517781 0.00870152 0.0142744 0.0205377 0.0257907 0.0283503 0.027452 0.0237087 0.0187003 0.0140295 0.0105754 0.00837346 0.00698211
 1.0402e-16 3.8557e-05 0.000374788 0.0024906 0.0113219 0.0352269 0.0750563 0.109556 0.109598 0.0752648 0.0359271 0.0133443 0.00756802 0.0114617 0.0211027 0.0348465 0.0502402 0.0632702 0.0698559 0.0680918 0.0593556 0.0473263 0.0357491 0.026701 0.020358 0.0158737
 1.07248e-16 5.13185e-05 0.000498834 0.00331493 0.0150692 0.046886 0.0998963 0.145806 0.145826 0.0999937 0.0472137 0.0160182 0.00570592 0.005748 0.0101073 0.0168549 0.0248038 0.0322953 0.0376386 0.0400052 0.0398116 0.0382139 0.0361719 0.0338928 0.0310103 0.0271671
 1.03701e-16 6.69199e-05 0.000650485 0.0043227 0.0196504 0.0611397 0.130265 0.190128 0.190141 0.130327 0.0613477 0.0202515 0.00583305 0.00395223 0.00635146 0.0104317 0.0151108 0.0191978 0.0215311 0.021591 0.0198011 0.0172126 0.0148289 0.0131034 0.0119095 0.0108542
 1.04078e-16 4.26059e-05 0.000414145 0.00275214 0.0125108 0.0389261 0.0829377 0.121058 0.121098 0.0831326 0.0395806 0.014401 0.00749608 0.0107679 0.0196996 0.0324825 0.0467476 0.0587026 0.0645085 0.062397 0.0537248 0.0420536 0.0310252 0.022681 0.0171921 0.0136674
 1.03938e-16 6.31041e-05 0.000613394 0.00407622 0.0185299 0.0576535 0.122837 0.179288 0.179301 0.122903 0.0578751 0.0191712 0.00569077 0.00415369 0.00683281 0.0113161 0.0165743 0.0214239 0.0246827 0.0257758 0.0250139 0.0232617 0.0212915 0.0193707 0.0173375 0.014963
pSPR Fmed_Fpbrs
1   0.984123 0.6 0.325 0.984123 0.984123 0.984123
Fs Fmed_Fpbrs
0   0.01 0.366554 0.954673 0.01 0.01 0.01
SSBpbr Bo_Bmed_Bpbrs
391966  372367  366144 215581 107791 366144 366144 366144
Ro
99266.5
SPR SPRFo_SPRFmed_SPRFpbrs
715149 715149 703795
Fref
0
Nvult_r0
 68922.2 14327.6 8283.2 908.625 356.9
CTP_r0
 18460.4 6243.41 3732.66 410.19 161.135
YTP_r0
356511
Np
 92534 34041.4 12523.1 4607 2318.31
Nvult_p0
 58492.7 21518.3 7916.12 2912.18 1465.45
CTP_p0
 0 0 0 0 0
 0 0 0 0 0
 0 0 0 0 0
 0 0 0 0 0
 0 0 0 0 0
 0 0 0 0 0
YTP_p0
 0 0 0 0 0 0
CBA_c0
0
log_Ro
11.3256
likeval ReclasPelacesDesembMPH_pf_preclas_ppelaces_ptallas_desvR_qrecl_qpela
 34.4564 27.762 0.0322147 72.3635 245.559 138.765 118.825 0 26.3279 3.6614e-05 9.38803e-05 0.010749 2064.52 0 0
q_reclas_q_pelaces
2.3531 3.93636
M
1
N
 130897 27366.7 42869.1 4373.41 0.161135
 89092.8 39866.3 6757.09 10325.9 1052
 82055 22762.7 6793.18 1097.66 1843.31
 77552.8 20965 3878.91 1103.57 476.447
 63424.7 14152 1755.51 296.275 120.053
 219803 17639.8 2884.62 344.943 81.634
 53897.5 58939.6 3328.73 522.235 77.0469
 21542.8 10445.7 5604.23 290.999 52.1415
 27118.1 6912.98 2879.82 1517.62 92.828
 35417.4 5467.37 714.469 275.065 153.141
 66684.3 4549.73 218.197 24.8393 14.7701
 132258 20399.6 1133.91 53.0806 9.62244
 57107.2 29112.5 2537.76 131.874 7.2647
 53270 11997.7 3282.12 265.843 14.5154
 60117.8 3657.65 127.598 28.0102 2.36319
 315444 8507.34 179.054 5.51086 1.30258
 50909.8 66071.1 952.996 18.6297 0.705947
 399117 13736.8 12633.3 174.962 3.54177
 191950 99410.2 2218.32 1938.42 27.3106
 329403 38012.6 9892.96 203.541 179.545
 249178 76562.4 5304.49 1299.85 50.1604
 396763 65906.6 14035.5 931.254 236.432
 44810.2 94123.3 9602.54 1930.64 160.097
 190171 12616 19686.9 1939.25 421.396
 188060 52424.3 2523.91 3792.25 453.755
 64820.9 53663.7 11280.9 525.313 882.082
 148268 19659.6 13133.5 2691.84 335.339
 195027 40966.5 3952.03 2542.87 584.873
 70472.7 57174.8 9332.34 873.884 690.45
 73506.3 21901 14731.4 2351.93 393.742
 135255 21531.8 4980.54 3251.5 604.998
 54012.7 36166.3 4039.07 896.004 692.148
 92534 17261 9884.28 1083.69 425.654
pred_Ctot
 14461.9 5875.15 9681.83 990.428 0.0364968
 17720.8 14383.7 2545.43 3898.84 397.262
 16320.2 8212.37 2558.92 414.436 696.052
 26130.4 11464 2189.71 624.044 269.443
 10006.9 4183.04 543.668 91.9846 37.2778
 38647 5729.06 980.088 117.484 27.8072
 16971.3 30668.3 1791.24 281.527 41.5384
 1758.72 1693.85 958.413 49.9089 8.94408
 8130.86 3467.43 1495.63 789.638 48.3044
 15825.9 3619.58 484.328 186.696 103.949
 7207.88 957.336 48.3096 5.51465 3.27965
 34999.2 9291.87 536.312 25.1566 4.56087
 16197.2 13996.1 1264.92 65.8584 3.62838
 31090.3 9257.57 2571 208.409 11.3799
 25216.4 2325.56 83.2326 18.296 1.54372
 89850.9 4103.41 89.5317 2.76089 0.652649
 8796.21 21137.3 319.027 6.25178 0.236933
 84090.5 5201.18 4989.32 69.2552 1.4021
 58873.9 50722.1 1171.29 1025.38 14.448
 79564.4 16099.7 4359.16 89.8772 79.29
 45466.3 25670.8 1859.56 456.774 17.6288
 92288.5 27073.6 6002.82 399.148 101.35
 6793.83 26862.7 2872.91 579.085 48.0266
 30846 3820.42 6243.92 616.592 134.002
 27223.9 14361.9 725.256 1092.53 130.742
 7308 11735.8 2594.81 121.162 203.479
 23880.7 5916.88 4140.3 850.715 105.993
 25505.4 10249.2 1038.34 669.87 154.095
 7011.07 11146 1915.72 179.89 142.151
 9644.48 5495.37 3881.69 621.365 104.039
 23966.8 7040.05 1703.37 1114.72 207.44
 4535.18 6021.17 709.036 157.74 121.87
 18460.4 6243.41 3732.66 410.19 161.135
F
 0.188876 0.398735 0.423501 0.42489 0.424963
 0.364556 0.769613 0.817414 0.820095 0.820237
 0.364535 0.769568 0.817367 0.820047 0.820189
 0.701102 1.48009 1.57202 1.57718 1.57745
 0.279695 0.590463 0.627138 0.629195 0.629303
 0.316218 0.667566 0.709029 0.711355 0.711478
 0.640896 1.35299 1.43703 1.44174 1.44199
 0.136641 0.288462 0.306379 0.307384 0.307437
 0.601402 1.26962 1.34847 1.3529 1.35313
 1.05213 2.22116 2.35911 2.36685 2.36726
 0.184454 0.3894 0.413586 0.414942 0.415014
 0.513588 1.08423 1.15158 1.15535 1.15555
 0.560219 1.18268 1.25613 1.26025 1.26047
 1.67855 3.54358 3.76368 3.77602 3.77667
 0.955377 2.01689 2.14216 2.14919 2.14956
 0.56325 1.18907 1.26293 1.26707 1.26729
 0.309979 0.654395 0.69504 0.697319 0.69744
 0.39 0.823327 0.874465 0.877333 0.877484
 0.619314 1.30743 1.38864 1.39319 1.39343
 0.459176 0.969365 1.02957 1.03295 1.03313
 0.329931 0.696516 0.739777 0.742203 0.742331
 0.438735 0.92621 0.983738 0.986964 0.987135
 0.26747 0.564654 0.599725 0.601692 0.601796
 0.28855 0.609157 0.646992 0.649114 0.649226
 0.254021 0.536262 0.56957 0.571438 0.571536
 0.193061 0.407571 0.432886 0.434305 0.43438
 0.286267 0.604337 0.641873 0.643978 0.644089
 0.227024 0.479269 0.509037 0.510707 0.510795
 0.168695 0.356131 0.37825 0.379491 0.379556
 0.22784 0.480992 0.510867 0.512543 0.512631
 0.319037 0.673517 0.715349 0.717695 0.717819
 0.140772 0.297182 0.31564 0.316676 0.31673
 0.365828 0.772298 0.820266 0.822957 0.823099
YTP_r0W_actual
 139191 108947 89845.1 12847.2 5679.99
YTP_p0W_proyectada
 0 0 0 0 0
 0 0 0 0 0
 0 0 0 0 0
 0 0 0 0 0
 0 0 0 0 0
 0 0 0 0 0
CTP_r0_actual
 18460.4 6243.41 3732.66 410.19 161.135
CTP_p0_proyectada
 0 0 0 0 0
 0 0 0 0 0
 0 0 0 0 0
 0 0 0 0 0
 0 0 0 0 0
 0 0 0 0 0
Wmedp
 7.54 17.45 24.07 31.32 35.25
Frms_r0
 0.365828 0.772298 0.820266 0.822957 0.823099
Zrms_r0
 1.36583 1.7723 1.82027 1.82296 1.8231
nmprior
 7.29 8.9 8.7 0
nm_flota  nm_reclas  nm_pelaces    nm_pelaL
inf 19.824 11.4762 30.4589
cv_recla  cv_pelaces  cv_mph
0.254177 0.480989 0.682051
 ------------------------------------------------
Talla a la edad & desviaci?n 
 8 13.2811 15.8009 17.003 17.5766
 0.8 1.32811 1.58009 1.7003 1.75766
