years
 1991 1992 1993 1994 1995 1996 1997 1998 1999 2000 2001 2002 2003 2004 2005 2006 2007 2008 2009 2010 2011 2012 2013 2014 2015 2016 2017 2018 2019 2020 2021 2022 2023
reclasobs
 0 0 0 0 0 0 0 0 0 252601 567819 844713 477998 351125 339783 2.1784e+06 2.13404e+06 4.81314e+06 1.55562e+06 2.62356e+06 3.21686e+06 3.843e+06 1.13348e+06 3.07943e+06 1.97215e+06 2.03268e+06 2.025e+06 2.42433e+06 2.27542e+06 1.05018e+06 2.36338e+06 3.18982e+06 1.53035e+06
reclaspred
 2.87231e+06 1.55464e+06 821218 862941 900085 1.3873e+06 722841 652545 443056 292659 560634 828333 636346 283973 477297 1.61852e+06 1.57127e+06 2.90266e+06 2.00225e+06 2.16226e+06 3.63523e+06 2.68564e+06 1.94223e+06 2.95171e+06 2.27637e+06 2.05974e+06 2.32265e+06 2.63322e+06 2.247e+06 1.6878e+06 1.94023e+06 2.06858e+06 1.61403e+06
pelacesobs
 0 0 0 0 0 0 0 0 0 0 0 0 0 0 0 552880 188675 0 991730 2.46772e+06 1.41603e+06 1.21717e+06 2.29649e+06 1.80582e+06 0 1.4828e+06 1.56532e+06 1.57751e+06 1.42118e+06 867257 1.10002e+06 1.06204e+06 0
pelacespred
 1.47282e+06 870452 442704 391918 445017 712101 311860 390733 236897 142932 302128 388989 316825 129743 254517 750030 733173 1.55022e+06 1.06689e+06 1.01693e+06 1.80868e+06 1.43369e+06 1.03918e+06 1.75239e+06 1.26465e+06 1.1533e+06 1.50043e+06 1.51814e+06 1.17158e+06 1.00725e+06 1.00236e+06 1.0989e+06 871356
mphobs
 0 0 0 0 0 0 0 0 0 0 0 0 498337 0 5186 125008 0 168611 109162 213762 579715 649985 157893 87575 83554 210694 70296 0 107559 103333 445601 22526 28222
mphpred
 504126 342557 163144 96163.8 108338 130303 154078 77726.8 72889.4 42941.9 26703.8 81955.2 103768 52452.5 17802.8 48733 227643 211530 312251 296274 502394 541141 107110 82142.8 122630 101113 87892.6 91645.8 135557 103933 65895.8 92855.3 65177.2
desembarqueobs
 494567 514787 250237 358949 120608 361735 552515 73892 212993 205616 52469 317467 293654 387597 252695 516296 358380 742168 942051 627588 828172 859565 418607 520667 417249 300574 415391 372974 316634 284311 391294 218835 356480
desembarquepred
 494569 513767 250739 359019 120618 361777 552626 73900.6 213093 205704 52471.2 317500 293833 387908 252614 516220 358464 742154 941942 627335 828348 859681 418668 520727 417229 300583 415413 372942 316606 284254 391245 218862 356534
Reclutas
 176057 84927.5 103540 141057 120390 183994 72930.7 35135.6 31212.1 43144.8 114502 152753 69888.4 46466.7 84149.4 458370 90454.9 509602 269606 439737 381844 484181 84940.1 290494 275253 113740 236271 301869 116129 109500 206340 99416.1 160508
log_desv_Rt
 0.2216 -0.507407 -0.309245 -4.23901e-05 -0.158469 0.265697 -0.659695 -1.38999 -1.5084 -1.18464 -0.208616 0.079614 -0.702306 -1.11047 -0.516612 1.17847 -0.444355 1.28442 0.647755 1.13697 0.995807 1.23325 -0.507259 0.722377 0.668484 -0.215288 0.515774 0.760787 -0.1945 -0.25328 0.380318 -0.349891 0.129138
SSB
 1.92677e+06 1.30925e+06 623534 367537 414066 498017 588886 297072 278583 164124 102062 313232 377488 194694 65204.1 180057 870050 808465 1.23426e+06 761194 1.32185e+06 1.49751e+06 1.29018e+06 954481 1.33254e+06 1.16475e+06 955984 958546 1.46903e+06 1.06044e+06 767716 1.10183e+06 719642
BT
 2.76849e+06 1.88817e+06 946752 916566 802917 1.43597e+06 996494 685093 591356 422019 524329 879718 763828 603647 655489 1.61118e+06 1.44394e+06 3.11174e+06 2.61308e+06 2.1581e+06 3.51293e+06 3.11278e+06 2.01752e+06 3.2696e+06 2.4042e+06 2.09524e+06 2.80816e+06 2.77205e+06 2.12345e+06 1.87345e+06 1.94298e+06 1.92033e+06 1.70428e+06
Ftot
 0.232787 0.423308 0.414861 0.677369 0.211632 0.448608 1.00997 0.176981 0.736591 1.09084 0.203858 0.659484 0.675652 1.98548 1.18471 0.735599 0.330314 0.479374 0.71761 0.538759 0.37231 0.515363 0.295033 0.32094 0.285382 0.214155 0.312427 0.268417 0.191561 0.244447 0.35721 0.154199 0.363954
BD_Bspro_t
 0.963821 0.771992 0.566234 0.483461 0.48899 0.582149 0.542789 0.342728 0.408705 0.329504 0.290281 0.630881 0.532693 0.323819 0.148071 0.320485 0.575851 0.533824 0.576095 0.439912 0.524643 0.548466 0.545743 0.514072 0.628142 0.65018 0.651948 0.676514 0.747459 0.687545 0.643021 0.695283 0.693616
BD_Bspro
 1.89593 1.2883 0.613555 0.361655 0.407439 0.490046 0.579461 0.292317 0.274124 0.161497 0.100428 0.308219 0.371447 0.191578 0.0641605 0.177175 0.856125 0.795526 1.21451 0.749011 1.30069 1.47354 1.26953 0.939204 1.31121 1.14611 0.940684 0.943205 1.44552 1.04347 0.755429 1.0842 0.708125
BD_Bo
 2.326 1.58053 0.752735 0.443693 0.499863 0.601209 0.710907 0.358627 0.336307 0.198131 0.12321 0.378136 0.455706 0.235036 0.0787148 0.217365 1.05033 0.975984 1.49001 0.918918 1.59575 1.8078 1.55752 1.15226 1.60865 1.40609 1.15407 1.15716 1.77342 1.28018 0.926792 1.33014 0.868757
BD_Brms
 2.48988 1.69189 0.805769 0.474954 0.535081 0.643568 0.760994 0.383894 0.360002 0.21209 0.13189 0.404778 0.487813 0.251595 0.0842606 0.23268 1.12433 1.04475 1.59499 0.98366 1.70817 1.93517 1.66725 1.23344 1.72199 1.50516 1.23538 1.23869 1.89837 1.37037 0.992089 1.42385 0.929965
Sel_flota
 0.439259 0.937042 0.996476 0.999814 0.99999
 0.439259 0.937042 0.996476 0.999814 0.99999
 0.439259 0.937042 0.996476 0.999814 0.99999
 0.439259 0.937042 0.996476 0.999814 0.99999
 0.439259 0.937042 0.996476 0.999814 0.99999
 0.439259 0.937042 0.996476 0.999814 0.99999
 0.439259 0.937042 0.996476 0.999814 0.99999
 0.439259 0.937042 0.996476 0.999814 0.99999
 0.439259 0.937042 0.996476 0.999814 0.99999
 0.439259 0.937042 0.996476 0.999814 0.99999
 0.439259 0.937042 0.996476 0.999814 0.99999
 0.439259 0.937042 0.996476 0.999814 0.99999
 0.439259 0.937042 0.996476 0.999814 0.99999
 0.439259 0.937042 0.996476 0.999814 0.99999
 0.439259 0.937042 0.996476 0.999814 0.99999
 0.439259 0.937042 0.996476 0.999814 0.99999
 0.439259 0.937042 0.996476 0.999814 0.99999
 0.439259 0.937042 0.996476 0.999814 0.99999
 0.439259 0.937042 0.996476 0.999814 0.99999
 0.439259 0.937042 0.996476 0.999814 0.99999
 0.439259 0.937042 0.996476 0.999814 0.99999
 0.439259 0.937042 0.996476 0.999814 0.99999
 0.439259 0.937042 0.996476 0.999814 0.99999
 0.439259 0.937042 0.996476 0.999814 0.99999
 0.439259 0.937042 0.996476 0.999814 0.99999
 0.439259 0.937042 0.996476 0.999814 0.99999
 0.439259 0.937042 0.996476 0.999814 0.99999
 0.439259 0.937042 0.996476 0.999814 0.99999
 0.439259 0.937042 0.996476 0.999814 0.99999
 0.439259 0.937042 0.996476 0.999814 0.99999
 0.439259 0.937042 0.996476 0.999814 0.99999
 0.439259 0.937042 0.996476 0.999814 0.99999
 0.439259 0.937042 0.996476 0.999814 0.99999
Sel_reclas
 1 1 1 1 1
 1 1 1 1 1
 1 1 1 1 1
 1 1 1 1 1
 1 1 1 1 1
 1 1 1 1 1
 1 1 1 1 1
 1 1 1 1 1
 1 1 1 1 1
 1 1 1 1 1
 1 1 1 1 1
 1 1 1 1 1
 1 1 1 1 1
 1 1 1 1 1
 1 1 1 1 1
 1 1 1 1 1
 1 1 1 1 1
 1 1 1 1 1
 1 1 1 1 1
 1 1 1 1 1
 1 1 1 1 1
 1 1 1 1 1
 1 1 1 1 1
 1 1 1 1 1
 1 1 1 1 1
 1 1 1 1 1
 1 1 1 1 1
 1 1 1 1 1
 1 1 1 1 1
 1 1 1 1 1
 1 1 1 1 1
 1 1 1 1 1
 1 1 1 1 1
Sel_pelaces
 1 1 1 1 1
 1 1 1 1 1
 1 1 1 1 1
 1 1 1 1 1
 1 1 1 1 1
 1 1 1 1 1
 1 1 1 1 1
 1 1 1 1 1
 1 1 1 1 1
 1 1 1 1 1
 1 1 1 1 1
 1 1 1 1 1
 1 1 1 1 1
 1 1 1 1 1
 1 1 1 1 1
 1 1 1 1 1
 1 1 1 1 1
 1 1 1 1 1
 1 1 1 1 1
 1 1 1 1 1
 1 1 1 1 1
 1 1 1 1 1
 1 1 1 1 1
 1 1 1 1 1
 1 1 1 1 1
 1 1 1 1 1
 1 1 1 1 1
 1 1 1 1 1
 1 1 1 1 1
 1 1 1 1 1
 1 1 1 1 1
 1 1 1 1 1
 1 1 1 1 1
pf_obs 
 0.8446 0.082 0.0669 0.0065 0
 0.8095 0.147 0.0364 0.0071 0
 0.9664 0.0169 0.016 0.0007 0
 0.9276 0.0648 0.0075 0.0001 0
 0.7033 0.2144 0.0806 0.0017 0
 0.9318 0.0425 0.0243 0.0014 0
 0.5671 0.3108 0.0964 0.0239 0.0018
 0.0768 0.2599 0.5324 0.112 0.0189
 0.490249 0.384438 0.106611 0.0170017 0.00170017
 0.7925 0.1577 0.0466 0.003 0.0002
 0.840416 0.127587 0.0312969 0.00059994 9.999e-05
 0.8084 0.0986 0.0794 0.0134 0.0002
 0.7335 0.1905 0.0724 0.0035 0.0001
 0.4001 0.4547 0.1325 0.0127 0
 0.49795 0.308269 0.164784 0.0264974 0.00249975
 0.9179 0.0499 0.0305 0.0017 0
 0.2467 0.6533 0.0926 0.0074 0
 0.9418 0.0223 0.034 0.0019 0
 0.707729 0.231977 0.0356964 0.0245975 0
 0.517169 0.277429 0.184464 0.0207286 0.00020938
 0.811772 0.124168 0.05621 0.00726502 0.000585176
 0.764997 0.148141 0.077277 0.00933861 0.000247198
 0.163321 0.427699 0.378323 0.0303852 0.000271297
 0.753843 0.0900009 0.118128 0.0371064 0.000921714
 0.721811 0.176058 0.0630433 0.0369309 0.00215725
 0.143369 0.312575 0.442814 0.0836902 0.0175525
 0.692698 0.0596174 0.167031 0.0765114 0.00414204
 0.394062 0.376323 0.152708 0.0712218 0.00568511
 0.125707 0.32114 0.495352 0.0537591 0.00404204
 0.23352 0.215282 0.420074 0.123614 0.00750983
 0.796117 0.104755 0.0508955 0.0450114 0.00322123
 0.162477 0.292055 0.404252 0.121198 0.0200186
 0 0 0 0 0
pf_pred 
 0.399672 0.144569 0.428176 0.0275823 1.11708e-06
 0.30859 0.417012 0.0695097 0.19253 0.0123576
 0.510698 0.251537 0.147759 0.0228696 0.0671365
 0.62847 0.265251 0.0566416 0.0308964 0.0187409
 0.553619 0.362191 0.061559 0.0120876 0.0105431
 0.630246 0.270061 0.0818948 0.0130268 0.00477126
 0.372454 0.503955 0.092096 0.025891 0.00560321
 0.383159 0.386359 0.188594 0.0312568 0.0106309
 0.448053 0.318702 0.149663 0.0684366 0.0151453
 0.66964 0.226091 0.0624529 0.026878 0.0149379
 0.829752 0.145806 0.0172633 0.00430952 0.00286907
 0.658357 0.312277 0.0253873 0.00281328 0.00116553
 0.423297 0.477914 0.0909297 0.00679877 0.00106056
 0.506058 0.323697 0.143097 0.0249977 0.00215044
 0.846912 0.12433 0.0197664 0.00756794 0.0014243
 0.926818 0.0690705 0.00340413 0.000486786 0.000220147
 0.26463 0.71328 0.0209473 0.000946935 0.0001957
 0.802787 0.0880793 0.106073 0.00290254 0.000157711
 0.464224 0.487055 0.0226872 0.0253066 0.000727036
 0.685302 0.216736 0.0897441 0.0038362 0.00438126
 0.559527 0.370734 0.0491921 0.0188301 0.00171655
 0.610298 0.290161 0.0847314 0.0104587 0.00435106
 0.190322 0.639981 0.128827 0.0348124 0.00605842
 0.645815 0.122108 0.186077 0.0349536 0.0110469
 0.543637 0.369313 0.0314194 0.0446382 0.0109923
 0.311531 0.499811 0.154697 0.0122874 0.0216733
 0.606483 0.195937 0.146025 0.0423024 0.00925195
 0.605752 0.307337 0.0448107 0.0311458 0.0109537
 0.307098 0.535563 0.124506 0.0169597 0.0158735
 0.402103 0.292869 0.239235 0.0521026 0.0136896
 0.63343 0.220723 0.0739251 0.0564542 0.0154678
 0.372045 0.501955 0.0780616 0.0243457 0.0235926
 0.569704 0.240762 0.153454 0.0223834 0.0136966
pobs_RECLAS
 0 0 0 0 0
 0 0 0 0 0
 0 0 0 0 0
 0 0 0 0 0
 0 0 0 0 0
 0 0 0 0 0
 0 0 0 0 0
 0 0 0 0 0
 0 0 0 0 0
 0 0 0 0 0
 0.991045 0.00858322 0.000360255 1.14367e-05 0
 0.934742 0.0480273 0.0164251 0.00080598 0
 0.827803 0.169806 0.00239088 0 0
 0.941827 0.0461693 0.0120037 0 0
 0.791401 0.0380133 0.147996 0.0225897 0
 0.846168 0.0940531 0.0597789 0 0
 0.134021 0.677848 0.182769 0.00536245 0
 0.80878 0.0450904 0.141981 0.00414843 0
 0.846168 0.0940531 0.0597789 0 0
 0.905697 0.0802665 0.012482 0.00150086 5.37128e-05
 0.989698 0.0102097 9.19794e-05 0 0
 0.975433 0.0193895 0.00387452 0.00125025 5.28907e-05
 0.303575 0.632131 0.0575291 0.00676475 0
 0.966965 0.00978017 0.0227588 0.000495775 0
 0.843318 0.132988 0.00938335 0.0141283 0.000182051
 0.564624 0.303363 0.111486 0.0197234 0.00080311
 0.826376 0.0876187 0.0782897 0.00655872 0.00115652
 0.89761 0.0855135 0.0140674 0.00269457 0.000114338
 0.34875 0.467042 0.161289 0.0227151 0.000203297
 0.318654 0.224769 0.449479 0.00709798 0
 0.937255 0.0296025 0.0250945 0.00804832 0
 0.456809 0.399803 0.12412 0.0192676 0
 0.883104 0.0372192 0.0704036 0.00927362 0
ppred_RECLAS
 0.600917 0.100783 0.280304 0.0179949 7.28662e-07
 0.499759 0.309674 0.0484007 0.133593 0.00857308
 0.701267 0.158464 0.0872902 0.0134632 0.0395155
 0.792852 0.150748 0.0301103 0.0163646 0.00992435
 0.729974 0.221677 0.035386 0.00692466 0.00603875
 0.791132 0.155195 0.044119 0.00699326 0.00256091
 0.578701 0.343007 0.058399 0.0163543 0.0035386
 0.577537 0.2708 0.124177 0.0205108 0.00697476
 0.650665 0.207541 0.0911039 0.0415062 0.00918368
 0.826667 0.121339 0.0311925 0.0133717 0.00743
 0.913714 0.0745589 0.00829139 0.00206277 0.00137305
 0.811171 0.173567 0.0132011 0.00145756 0.000603746
 0.622273 0.31654 0.056335 0.00419681 0.00065455
 0.728991 0.182887 0.0741265 0.0128874 0.00110836
 0.928665 0.0587262 0.00867737 0.00330899 0.000622625
 0.965923 0.0322825 0.00148726 0.000211895 9.581e-05
 0.438775 0.545379 0.0150296 0.000677073 0.000139903
 0.902257 0.045228 0.0510473 0.00139191 7.5616e-05
 0.659994 0.310978 0.0135434 0.0150518 0.000432339
 0.829995 0.119449 0.046329 0.00197333 0.00225328
 0.7361 0.224351 0.0279252 0.0106523 0.000970881
 0.777419 0.168464 0.0460897 0.00566883 0.00235792
 0.340113 0.528467 0.0998517 0.0268898 0.00467878
 0.80468 0.0701989 0.10039 0.0187927 0.00593828
 0.722848 0.227031 0.0181308 0.0256703 0.00632025
 0.497904 0.370748 0.107772 0.008531 0.0150448
 0.775104 0.115597 0.0808532 0.0233418 0.00510414
 0.770998 0.181024 0.0247791 0.0171637 0.00603524
 0.49169 0.398438 0.0870077 0.0118115 0.0110531
 0.59977 0.202419 0.15526 0.0336983 0.00885239
 0.793829 0.127356 0.0400178 0.0304543 0.00834261
 0.563056 0.353648 0.0516729 0.0160611 0.0155615
 0.747363 0.145359 0.0869151 0.0126338 0.00772927
pobs_PELACES
 0 0 0 0 0
 0 0 0 0 0
 0 0 0 0 0
 0 0 0 0 0
 0 0 0 0 0
 0 0 0 0 0
 0 0 0 0 0
 0 0 0 0 0
 0 0 0 0 0
 0 0 0 0 0
 0 0 0 0 0
 0 0 0 0 0
 0 0 0 0 0
 0 0 0 0 0
 0 0 0 0 0
 0 0 0 0 0
 0.505614 0.472636 0.0217494 0 0
 0 0 0 0 0
 0.443492 0.261883 0.143347 0.151278 0
 0.227955 0.32914 0.350689 0.0885471 0.00366901
 0.970185 0.0296113 0.000203453 0 0
 0.997202 0.00247181 0.000326279 0 0
 0.445219 0.490057 0.0546422 0.010081 0
 0.90214 0.0892962 0.00764917 0.000914606 0
 0 0 0 0 0
 0.581667 0.319106 0.0959925 0.00289975 0.000334073
 0.762889 0.0836404 0.116647 0.0363945 0.000428098
 0.88444 0.0763242 0.0277011 0.0115352 0
 0.521256 0.241999 0.230069 0.00667565 0
 0.616807 0.101726 0.260614 0.0208532 0
 0.833518 0.0704572 0.0857862 0.0102388 0
 0.697417 0.212968 0.0787535 0.0105354 0.000325836
 0 0 0 0 0
ppred_PELACES
 0.610865 0.0986076 0.273004 0.0175218 7.09495e-07
 0.517957 0.299391 0.0464066 0.128029 0.00821584
 0.716138 0.151164 0.082594 0.0127331 0.0373716
 0.8111 0.137978 0.0271959 0.0147696 0.00895672
 0.736917 0.21614 0.0343591 0.00672215 0.00586207
 0.803408 0.146407 0.041256 0.00653623 0.00239348
 0.619412 0.311011 0.051913 0.0145218 0.0031419
 0.584919 0.266403 0.121738 0.0201039 0.00683633
 0.678943 0.191881 0.0830213 0.0377931 0.00836178
 0.851687 0.104503 0.0262958 0.011259 0.00625569
 0.91636 0.0723123 0.00800946 0.00199218 0.00132605
 0.827358 0.158854 0.0119268 0.00131591 0.000545051
 0.648475 0.295216 0.0518481 0.00385968 0.000601946
 0.790554 0.143135 0.0557988 0.00967978 0.000832399
 0.940761 0.0489704 0.00706967 0.0026924 0.000506572
 0.969706 0.0287201 0.00130419 0.000185662 8.39449e-05
 0.452223 0.532408 0.0145774 0.000656463 0.000135642
 0.909402 0.0421341 0.0471103 0.00128388 6.97454e-05
 0.686193 0.28737 0.0123403 0.0137038 0.000393606
 0.842538 0.110985 0.0425934 0.00181314 0.0020703
 0.748017 0.214458 0.0264996 0.0101043 0.000920918
 0.792131 0.157719 0.0427158 0.00525088 0.00218402
 0.351338 0.520083 0.0977006 0.0263019 0.00457642
 0.813452 0.0673198 0.095669 0.0179026 0.00565689
 0.732346 0.21948 0.01743 0.0246703 0.00607393
 0.506976 0.364453 0.105498 0.00834904 0.0147237
 0.784435 0.111136 0.077258 0.0222962 0.00487541
 0.778885 0.174987 0.023827 0.0164994 0.00580155
 0.499761 0.392434 0.085375 0.0115874 0.0108432
 0.60994 0.197749 0.150953 0.0327545 0.00860435
 0.803701 0.121592 0.0379398 0.0288615 0.00790612
 0.569422 0.348701 0.0507962 0.0157859 0.0152947
 0.759043 0.139063 0.0825592 0.0119958 0.0073388
pobs_pel_tallas
 0 0 0 0 0 0 0 0 0 0 0 0 0 0 0 0 0 0 0 0 0 0 0 0 0 0
 0 0 0 0 0 0 0 0 0 0 0 0 0 0 0 0 0 0 0 0 0 0 0 0 0 0
 0 0 0 0 0 0 0 0 0 0 0 0 0 0 0 0 0 0 0 0 0 0 0 0 0 0
 0 0 0 0 0 0 0 0 0 0 0 0 0 0 0 0 0 0 0 0 0 0 0 0 0 0
 0 0 0 0 0 0 0 0 0 0 0 0 0 0 0 0 0 0 0 0 0 0 0 0 0 0
 0 0 0 0 0 0 0 0 0 0 0 0 0 0 0 0 0 0 0 0 0 0 0 0 0 0
 0 0 0 0 0 0 0 0 0 0 0 0 0 0 0 0 0 0 0 0 0 0 0 0 0 0
 0 0 0 0 0 0 0 0 0 0 0 0 0 0 0 0 0 0 0 0 0 0 0 0 0 0
 0 0 0 0 0 0 0 0 0 0 0 0 0 0 0 0 0 0 0 0 0 0 0 0 0 0
 0 0 0 0 0 0 0 0 0 0 0 0 0 0 0 0 0 0 0 0 0 0 0 0 0 0
 0 0 0 0 0 0 0 0 0 0 0 0 0 0 0 0 0 0 0 0 0 0 0 0 0 0
 0 0 0 0 0 0 0 0 0 0 0 0 0 0 0 0 0 0 0 0 0 0 0 0 0 0
 0.00862536 0 0 0.000197151 0.00414017 0.0128641 0.00837892 0.0270097 0.101434 0.158115 0.152841 0.127902 0.109271 0.109419 0.0830992 0.0579132 0.0238553 0.00714673 0.00463305 0.00128148 0.00103504 0.000492878 0.000147863 0.000147863 4.92878e-05 0
 0 0 0 0 0 0 0 0 0 0 0 0 0 0 0 0 0 0 0 0 0 0 0 0 0 0
 0 0 0 0 0 0 0 0.0054083 0.00873648 0.0413646 0.0450493 0.0745869 0.0622846 0.0627006 0.0613931 0.0827291 0.12552 0.122667 0.0946155 0.0697135 0.0546179 0.0294188 0.0215738 0.0213955 0.0102223 0.00600262
 0 0 0 0 0.00359764 0.0251062 0.0480494 0.140153 0.205849 0.193036 0.1447 0.116669 0.0760912 0.0342217 0.00950174 0.001854 0.000860785 0 0 0 0.000165536 0 0.000143464 0 0 0
 0 0 0 0 0 0 0 0.000145254 0.000435761 0.0275982 0.070085 0.0708112 0.156366 0.174668 0.174014 0.160142 0.0824315 0.0480064 0.0283245 0.00493863 0.00203355 0 0 0 0 0
 0 0 0 0 0 0 0 0 0 0 0 0 0 0 0 0 0 0 0 0 0 0 0 0 0 0
 0 0 1.00437e-05 0.000401748 0.00122533 0.00171747 0.00176769 0.0269171 0.070346 0.194647 0.189555 0.159765 0.064822 0.0314167 0.0384472 0.0292271 0.0345202 0.0313363 0.0194345 0.0106764 0.0143323 0.0359363 0.0279516 0.0138201 0.00172751 0
 0 0.0021121 0.0136068 0.0755702 0.200478 0.177729 0.0527432 0.0373336 0.0318909 0.0142505 0.0149659 0.0166563 0.0217959 0.0798694 0.0677717 0.0528807 0.04013 0.0224614 0.0357745 0.0225083 0.00881397 0.00855152 0.00135912 0.000746735 0 0
 0 0 0 0 5.4009e-05 0.00500934 0.000945158 0.0243581 0.138947 0.33067 0.221406 0.137944 0.0707744 0.0437923 0.0131692 0.00525238 0.0047753 0.00276346 9.45158e-05 9.00151e-06 2.25038e-05 9.00151e-06 4.50075e-06 0 0 0
 0.000866109 0.00284123 0.00948549 0.0512746 0.133035 0.25785 0.225252 0.132002 0.0553304 0.0519788 0.0540692 0.017754 0.00435017 0.00159236 0.00146478 0.000404838 0.000125132 0.000115318 0.000107957 0.000100596 0 0 0 0 0 0
 0 0 0 0 0.00144013 0.00171154 0.00461396 0.0210425 0.0478622 0.0707936 0.0888783 0.103762 0.0637923 0.0337046 0.0602308 0.124433 0.169614 0.0934646 0.0462172 0.0250306 0.0313229 0.00938855 0.002487 0.000210481 0 0
 0 0.00764035 0.051015 0.0998891 0.058973 0.0496711 0.0374665 0.0718981 0.12319 0.153886 0.159021 0.0857701 0.0377988 0.023471 0.0147837 0.00900784 0.00315554 0.000888139 0.00291439 0.00214683 0.00393193 0.00274676 0.000635225 9.99891e-05 0 0
 0 0 0 0 0 0 0 0 0 0 0 0 0 0 0 0 0 0 0 0 0 0 0 0 0 0
 0 0 0 0 0 0 0 0 0 0 0 0 0 0 0 0 0 0 0 0 0 0 0 0 0 0
 0 0 0 0 0 0 0 0 0 0 0 0 0 0 0 0 0 0 0 0 0 0 0 0 0 0
 0 0 0 0 0 0 0 0 0 0 0 0 0 0 0 0 0 0 0 0 0 0 0 0 0 0
 0 0 0 0 0 0 0 0 0 0 0 0 0 0 0 0 0 0 0 0 0 0 0 0 0 0
 0 0 0 0 0 0 0 0 0 0 0 0 0 0 0 0 0 0 0 0 0 0 0 0 0 0
 0 0 0 0 0 0 0 0 0 0 0 0 0 0 0 0 0 0 0 0 0 0 0 0 0 0
 0 0 0 0 0 0 0 0 0 0 0 0 0 0 0 0 0 0 0 0 0 0 0 0 0 0
 0 0 0 0 0 0 0 0 0 0 0 0 0 0 0 0 0 0 0 0 0 0 0 0 0 0
ppred_pel_tallas
 1.09661e-16 5.03162e-05 0.000489091 0.00325018 0.0147749 0.0459702 0.0979447 0.142955 0.142965 0.0979933 0.0461345 0.0152548 0.00447426 0.00322539 0.00543453 0.00939257 0.0146585 0.0207866 0.0272681 0.0337278 0.0398939 0.0452972 0.0490423 0.050012 0.0474599 0.041545
 1.15646e-16 4.26635e-05 0.000414704 0.00275586 0.0125277 0.0389786 0.0830491 0.121219 0.121248 0.0831904 0.0394531 0.013899 0.00620106 0.00794643 0.0143809 0.0238034 0.0345321 0.0439959 0.0496612 0.0505089 0.0476961 0.0437548 0.0409393 0.0399937 0.0400947 0.0397138
 1.10024e-16 5.89873e-05 0.000573378 0.0038103 0.0173211 0.0538924 0.114824 0.167592 0.167607 0.114896 0.0541336 0.0180192 0.00556785 0.00442746 0.00743001 0.0123261 0.0180735 0.0234177 0.0271231 0.0286452 0.0284266 0.0275058 0.0267617 0.026408 0.02605 0.02511
 1.03818e-16 6.68092e-05 0.00064941 0.00431556 0.0196179 0.0610386 0.13005 0.189814 0.189828 0.130115 0.0612572 0.0202494 0.00590155 0.00411473 0.00665742 0.0109256 0.0157941 0.0199977 0.0223009 0.0221525 0.0200123 0.0170247 0.014303 0.012384 0.0111733 0.0102571
 1.02714e-16 6.06989e-05 0.000590015 0.00392086 0.0178237 0.0554562 0.118156 0.172456 0.172477 0.118258 0.0557981 0.0188113 0.00640038 0.0060039 0.0103458 0.0170161 0.0245263 0.0308848 0.0341022 0.0332614 0.029055 0.0233006 0.0178391 0.0136752 0.010859 0.00892154
 1.02289e-16 6.61757e-05 0.000643251 0.00427463 0.0194319 0.0604598 0.128816 0.188014 0.188029 0.128886 0.060692 0.0201029 0.00596069 0.00432911 0.00708147 0.0116419 0.0168562 0.0213886 0.0239175 0.0238236 0.021533 0.0181838 0.014899 0.0122483 0.0102134 0.00850781
 1.03566e-16 5.10202e-05 0.000495935 0.00329566 0.0149816 0.0466136 0.0993162 0.144961 0.144991 0.0994628 0.0471057 0.0164032 0.00686458 0.00828917 0.0148585 0.024501 0.035331 0.044517 0.0492025 0.0480662 0.0420935 0.0338785 0.026041 0.0200023 0.0158255 0.0128511
 1.06755e-16 4.81791e-05 0.000468318 0.00311214 0.0141473 0.0440178 0.0937855 0.136888 0.136914 0.0939117 0.0444419 0.015374 0.00619763 0.00722554 0.0129447 0.0214892 0.031337 0.0402132 0.0458053 0.0470128 0.0445212 0.0401717 0.0356788 0.0317531 0.0281608 0.0243806
 1.07651e-16 5.59237e-05 0.000543598 0.0036124 0.0164215 0.0510934 0.10886 0.158889 0.158908 0.108951 0.0513989 0.0173051 0.00583547 0.00541304 0.00935272 0.0155026 0.0226331 0.0291144 0.0333222 0.0345205 0.0332608 0.0309005 0.0286457 0.0268964 0.0252982 0.0232653
 1.02974e-16 7.01523e-05 0.000681905 0.0045315 0.0205996 0.0640929 0.136557 0.199311 0.199321 0.136606 0.0642586 0.0210785 0.00573472 0.00331225 0.00507669 0.00831123 0.0120364 0.0152883 0.0171375 0.0171658 0.0157071 0.0135982 0.0116447 0.010221 0.00924356 0.00841322
 1.00674e-16 7.54794e-05 0.000733686 0.0048756 0.0221638 0.0689598 0.146926 0.214445 0.214452 0.146961 0.0690741 0.0224938 0.00570386 0.00254123 0.00350675 0.00567378 0.00815636 0.0102367 0.0112394 0.010855 0.00932147 0.00726336 0.00532015 0.00385178 0.00289022 0.00227987
 1.0061e-16 6.81484e-05 0.000662427 0.00440206 0.0200111 0.0622621 0.132657 0.193619 0.193635 0.132731 0.062513 0.0207354 0.00621912 0.00462615 0.0075873 0.0124126 0.01782 0.0222941 0.0243389 0.0232628 0.019591 0.0147193 0.0100979 0.00657483 0.00427358 0.00288582
 1.02061e-16 5.34141e-05 0.000519204 0.00345029 0.0156845 0.0488006 0.103976 0.151762 0.15179 0.104115 0.0492677 0.0170339 0.00683781 0.00791605 0.0141066 0.0232496 0.0335152 0.0422005 0.0465754 0.0453593 0.0394594 0.0313199 0.0234363 0.0172044 0.0127678 0.00959917
 1.02759e-16 6.51169e-05 0.000632959 0.00420624 0.019121 0.0594925 0.126756 0.185006 0.18502 0.126823 0.05972 0.0197788 0.00586036 0.00425293 0.00696651 0.0114828 0.0166955 0.0213288 0.0241171 0.0244594 0.0227377 0.0199844 0.0171869 0.0147982 0.0127448 0.0107629
 1.00573e-16 7.74892e-05 0.000753223 0.00500543 0.022754 0.0707961 0.150839 0.220154 0.220159 0.150862 0.0708735 0.0229777 0.00556702 0.0019793 0.00240641 0.00385667 0.00555069 0.00698564 0.00770673 0.00750648 0.00654338 0.00523144 0.00398945 0.00304536 0.00240888 0.00197111
 1.00078e-16 7.98734e-05 0.000776398 0.00515944 0.0234541 0.0729743 0.15548 0.226928 0.22693 0.155493 0.0730196 0.0235849 0.00548764 0.00149213 0.00143699 0.00224345 0.00321042 0.00400829 0.00436114 0.00414353 0.00345227 0.00254398 0.00168661 0.00103879 0.000625578 0.000390236
 1.00646e-16 3.72491e-05 0.000362075 0.00240612 0.0109379 0.0340321 0.0725109 0.105842 0.105894 0.0727611 0.0348719 0.0133622 0.0084866 0.0136194 0.0251669 0.0414199 0.0593641 0.0740205 0.0803394 0.0759903 0.0627825 0.0455185 0.029236 0.0169516 0.00918527 0.00490125
 1.01511e-16 7.49062e-05 0.000728115 0.00483858 0.0219955 0.0684362 0.145811 0.212816 0.21282 0.145831 0.0685041 0.0221926 0.00533627 0.00182456 0.0021864 0.00357163 0.00531296 0.0070435 0.00842916 0.00929139 0.00966749 0.00970655 0.00950076 0.00901325 0.00815451 0.00691441
 1.01871e-16 5.65208e-05 0.000549403 0.00365098 0.0165968 0.051639 0.110023 0.160588 0.160616 0.110159 0.0520926 0.0179062 0.0069358 0.00771353 0.013643 0.0224148 0.032167 0.0402092 0.0438457 0.0418475 0.0352035 0.0264849 0.0183471 0.0123177 0.00856277 0.00642991
 1.0179e-16 6.93988e-05 0.000674581 0.00448283 0.0203783 0.0634045 0.13509 0.197171 0.197181 0.135143 0.0635809 0.0208882 0.00576471 0.00347938 0.00541501 0.00889094 0.0129135 0.0164714 0.0185728 0.0187428 0.0172735 0.0149708 0.0126194 0.0106015 0.00889541 0.00732496
 1.01989e-16 6.16132e-05 0.000598903 0.00397992 0.0180922 0.0562915 0.119936 0.175054 0.175075 0.120037 0.0566305 0.0190713 0.0064375 0.00596306 0.010247 0.0168372 0.024236 0.0304516 0.0334972 0.0324583 0.0280333 0.0220553 0.0163923 0.0120817 0.00919904 0.00728332
 1.0217e-16 6.52468e-05 0.000634222 0.00421463 0.0191591 0.0596112 0.127008 0.185376 0.185391 0.127083 0.0598612 0.0198818 0.00603016 0.00460253 0.00761637 0.012526 0.0181257 0.0229754 0.0256454 0.0254634 0.0228888 0.0191554 0.0154891 0.0125246 0.0102629 0.00840893
 1.06365e-16 2.89394e-05 0.000281301 0.00186935 0.00849781 0.0264401 0.0563353 0.0822336 0.0822837 0.0565805 0.0272634 0.0108762 0.00784143 0.013325 0.0248206 0.0410384 0.0592334 0.0747369 0.0827945 0.0812002 0.0715781 0.0582099 0.0453999 0.0354519 0.028432 0.0232476
 1.05531e-16 6.7003e-05 0.000651293 0.00432807 0.0196748 0.0612156 0.130426 0.190363 0.190369 0.130459 0.0613249 0.0199925 0.0051323 0.00242941 0.00351001 0.00586953 0.00885306 0.0119802 0.014789 0.017042 0.0187908 0.020182 0.0211878 0.0215254 0.0208429 0.0189941
 1.04062e-16 6.03224e-05 0.000586355 0.00389654 0.0177131 0.0551122 0.117423 0.171387 0.171408 0.117526 0.0554589 0.0187146 0.00640983 0.00607118 0.0104724 0.017207 0.0247609 0.0311047 0.0342263 0.0332311 0.0288929 0.023147 0.0179319 0.0142716 0.0121274 0.0108594
 1.06467e-16 4.1759e-05 0.000405912 0.00269743 0.0122622 0.0381523 0.0812888 0.118651 0.118686 0.0814609 0.0387304 0.0139329 0.00689531 0.00958331 0.0175105 0.0289844 0.0419867 0.0532944 0.0596295 0.0594534 0.0538296 0.0455924 0.0375392 0.0310879 0.026189 0.0221149
 1.0532e-16 6.46129e-05 0.00062806 0.00417368 0.018973 0.059032 0.125774 0.183573 0.183584 0.125827 0.0592099 0.0194881 0.00547169 0.0034783 0.00552685 0.00916369 0.0134973 0.0176114 0.0206068 0.0220601 0.022223 0.021735 0.0211011 0.02038 0.0192866 0.0175297
 1.03369e-16 6.41557e-05 0.000623617 0.00414415 0.0188387 0.0586144 0.124885 0.182276 0.182293 0.124967 0.0588911 0.0196382 0.00615125 0.00500597 0.00838979 0.0137765 0.0198607 0.0250262 0.0276781 0.0270994 0.0238809 0.0195169 0.0154959 0.0125904 0.0107613 0.0095308
 1.05562e-16 4.11647e-05 0.000400136 0.00265904 0.0120877 0.0376094 0.0801322 0.116963 0.117001 0.0803172 0.0382309 0.0138835 0.00716912 0.0102532 0.0187759 0.0310325 0.0448331 0.0566573 0.0629307 0.0619888 0.0550345 0.0452531 0.0358363 0.028477 0.023209 0.0192241
 1.09148e-16 5.024e-05 0.00048835 0.00324526 0.0147525 0.0459006 0.0977967 0.142741 0.142761 0.097891 0.0462175 0.0156704 0.00555903 0.00557171 0.00979964 0.0163705 0.0241611 0.0316078 0.0371213 0.0399348 0.0404528 0.0397449 0.0386382 0.0371969 0.0349305 0.0313967
 1.05359e-16 6.61998e-05 0.000643486 0.00427619 0.0194389 0.0604818 0.128863 0.188082 0.188094 0.128921 0.060675 0.0199974 0.00568028 0.00371604 0.00592375 0.00974806 0.0141801 0.0181454 0.0206047 0.0211067 0.0200499 0.0183736 0.016926 0.0160113 0.0153898 0.0146047
 1.05727e-16 4.69026e-05 0.00045591 0.00302969 0.0137725 0.0428516 0.0913012 0.133264 0.133297 0.0914654 0.0434032 0.0153657 0.00702906 0.00918787 0.0166346 0.0274376 0.0395496 0.0498024 0.0550021 0.0536922 0.0470239 0.0379641 0.0295 0.0232348 0.0191865 0.016502
 1.04864e-16 6.25214e-05 0.000607731 0.00403858 0.0183588 0.0571212 0.121703 0.177632 0.177646 0.121769 0.0573432 0.0190014 0.00565633 0.00415549 0.00684791 0.0113463 0.0166291 0.0215192 0.0248442 0.0260428 0.0254398 0.0239078 0.0222124 0.0205934 0.018843 0.0166783
pSPR Fmed_Fpbrs
1   0.984182 0.6 0.325 0.984182 0.984182 0.984182
Fs Fmed_Fpbrs
0   0.01 0.368323 0.960672 0.01 0.01 0.01
SSBpbr Bo_Bmed_Bpbrs
828359  786941  773838 455597 227799 773838 773838 773838
Ro
141063
SPR SPRFo_SPRFmed_SPRFpbrs
1.01626e+06 1.01626e+06 1.00019e+06
Fref
0
Nvult_r0
 110184 25237.9 15370.4 2236.49 1368.35
CTP_r0
 15187.2 6418.26 4090.79 596.698 365.123
YTP_r0
356534
Np
 160508 59047.6 21722.4 7991.22 4021.3
Nvult_p0
 101460 37325.2 13731.2 5051.42 2541.95
CTP_p0
 0 0 0 0 0
 0 0 0 0 0
 0 0 0 0 0
 0 0 0 0 0
 0 0 0 0 0
 0 0 0 0 0
YTP_p0
 0 0 0 0 0 0
CBA_c0
0
log_Ro
11.677
likeval ReclasPelacesDesembMPH_pf_preclas_ppelaces_ptallas_desvR_qrecl_qpela
 38.6588 28.6316 0.0503196 74.9539 238.935 137.008 113.128 0 25.7648 2.10539e-06 6.95879e-06 0.214003 2064.27 0 0
q_reclas_q_pelaces
1.22777 1.45218
M
1
N
 176057 31288.7 87626.1 5627.6 0.227881
 84927.5 58472.2 9254.64 25562.1 1640.47
 103540 25941.8 14467.4 2232.92 6554.02
 141057 31744.8 6469.6 3520.12 2134.92
 120390 38537.2 6190.44 1211.83 1056.81
 183994 40357.4 11626.8 1844.34 675.416
 72930.7 55581.4 9751.4 2735.43 591.92
 35135.6 17216.5 7936.41 1311.27 445.909
 31212.1 11958.9 5365.73 2447.59 541.59
 43144.8 8308.27 2206.17 947.467 526.513
 114502 9829.62 1099.75 273.695 182.183
 152753 38514.8 2987.32 330.201 136.782
 69888.4 42061.6 7637.56 569.621 88.8454
 46466.7 19108.1 8215.48 1433.05 123.269
 84149.4 7146.31 1093.77 417.921 78.6448
 458370 18397.3 866.3 123.576 55.8794
 90454.9 122066 3397.07 153.12 31.6401
 509602 28782.2 32951.6 899.212 48.8521
 269606 151875 6756.9 7518.41 215.969
 439737 72366.6 28520.7 1215.9 1388.46
 381844 127680 16069.2 6133.52 559.046
 484181 119280 33137.1 4079.22 1696.81
 84940.1 142036 27073.5 7294.39 1269.25
 290494 27449.6 39631.4 7422.84 2345.6
 275253 92814.9 7475.39 10589 2607.16
 113740 89329.7 26132.8 2069.36 3649.48
 236271 38086.1 26887.5 7766.28 1698.3
 301869 75773.1 10455.1 7245.17 2547.67
 116129 98700.3 21676.4 2943.56 2754.6
 109500 39273.9 30343.7 6588.59 1730.83
 206340 36181.6 11490.3 8749.54 2396.91
 99416.1 64885 9524.14 2961.07 2869
 160508 34178 20658.5 3004.69 1838.31
pred_Ctot
 10908.1 3945.65 11686 752.79 0.0304879
 9248.27 12497.6 2083.16 5770.02 370.349
 11066.7 5450.74 3201.91 495.578 1454.83
 23508.9 9922.14 2118.77 1155.73 701.031
 6807.13 4453.4 756.911 148.626 129.635
 21138.8 9058.01 2746.8 436.927 160.031
 17121.3 23166.3 4233.55 1190.18 257.573
 1671.8 1685.76 822.872 136.38 46.3847
 5599.04 3982.62 1870.24 855.209 189.261
 10792.2 3643.77 1006.51 433.176 240.745
 6245.14 1097.41 129.933 32.4356 21.5941
 24863 11793.2 958.758 106.244 44.0165
 11621.7 13121.2 2496.5 186.662 29.1181
 18317.5 11716.7 5179.6 904.828 77.8381
 22505.3 3303.87 525.261 201.106 37.8485
 82128.8 6120.59 301.652 43.1359 19.508
 7814.47 21063 618.569 27.9628 5.779
 62223.7 6826.99 8221.67 224.974 12.2241
 47272.1 49597 2310.25 2576.98 74.0343
 59717.5 18886.5 7820.34 334.288 381.785
 36904.5 24452.4 3244.54 1241.97 113.218
 63156.8 30027.3 8768.44 1082.32 450.27
 6595.75 22179 4464.6 1206.45 209.959
 24424.7 4618.11 7037.42 1321.94 417.795
 20710.5 14069.4 1196.96 1700.54 418.765
 6504.85 10436.2 3230.12 256.564 452.544
 19368.1 6257.3 4663.35 1350.94 295.463
 21428.1 10871.8 1585.14 1101.76 387.48
 5965.07 10402.8 2418.42 329.425 308.328
 7109.27 5177.99 4229.72 921.185 242.035
 19185.1 6685.15 2239.01 1709.86 468.482
 4138.48 5583.55 868.326 270.812 262.435
 15187.2 6418.26 4090.79 596.698 365.123
F
 0.102254 0.218131 0.231967 0.232744 0.232785
 0.185942 0.396658 0.421816 0.423229 0.423304
 0.182231 0.388742 0.413399 0.414784 0.414857
 0.29754 0.634723 0.674982 0.677243 0.677362
 0.0929612 0.198308 0.210886 0.211593 0.21163
 0.197055 0.420364 0.447027 0.448524 0.448603
 0.443639 0.946387 1.00641 1.00978 1.00996
 0.0777404 0.165838 0.176357 0.176948 0.176979
 0.323554 0.690217 0.733996 0.736454 0.736584
 0.479162 1.02217 1.087 1.09064 1.09083
 0.0895466 0.191024 0.20314 0.20382 0.203856
 0.289684 0.617965 0.65716 0.659361 0.659478
 0.296786 0.633115 0.673272 0.675527 0.675646
 0.87214 1.86048 1.97848 1.98511 1.98546
 0.520393 1.11012 1.18053 1.18449 1.18469
 0.323118 0.689287 0.733007 0.735462 0.735592
 0.145094 0.309519 0.32915 0.330253 0.330311
 0.210569 0.449193 0.477684 0.479284 0.479369
 0.315217 0.672431 0.715081 0.717477 0.717603
 0.236655 0.50484 0.53686 0.538658 0.538753
 0.163541 0.34887 0.370998 0.372241 0.372307
 0.226378 0.482917 0.513547 0.515267 0.515358
 0.129596 0.276458 0.293993 0.294978 0.29503
 0.140976 0.300735 0.31981 0.320881 0.320937
 0.125357 0.267415 0.284376 0.285329 0.285379
 0.0940695 0.200672 0.2134 0.214115 0.214153
 0.137236 0.292757 0.311326 0.312369 0.312424
 0.117905 0.251518 0.267471 0.268367 0.268415
 0.0841449 0.179501 0.190886 0.191526 0.191559
 0.107376 0.229057 0.243586 0.244402 0.244445
 0.156908 0.334721 0.355951 0.357144 0.357207
 0.0677332 0.144491 0.153655 0.15417 0.154197
 0.15987 0.34104 0.362671 0.363886 0.36395
YTP_r0W_actual
 114511 111999 98465.2 18688.6 12870.6
YTP_p0W_proyectada
 0 0 0 0 0
 0 0 0 0 0
 0 0 0 0 0
 0 0 0 0 0
 0 0 0 0 0
 0 0 0 0 0
CTP_r0_actual
 15187.2 6418.26 4090.79 596.698 365.123
CTP_p0_proyectada
 0 0 0 0 0
 0 0 0 0 0
 0 0 0 0 0
 0 0 0 0 0
 0 0 0 0 0
 0 0 0 0 0
Wmedp
 7.54 17.45 24.07 31.32 35.25
Frms_r0
 0.15987 0.34104 0.362671 0.363886 0.36395
Zrms_r0
 1.15987 1.34104 1.36267 1.36389 1.36395
nmprior
 7.29 8.9 8.7 0
nm_flota  nm_reclas  nm_pelaces    nm_pelaL
inf 11.4989 17.2778 54.0111
cv_recla  cv_pelaces  cv_mph
0.269231 0.488463 0.694151
 ------------------------------------------------
Talla a la edad & desviaci?n 
 8 13.2811 15.8009 17.003 17.5766
 0.8 1.32811 1.58009 1.7003 1.75766
