years
 1991 1992 1993 1994 1995 1996 1997 1998 1999 2000 2001 2002 2003 2004 2005 2006 2007 2008 2009 2010 2011 2012 2013 2014 2015 2016 2017 2018 2019 2020 2021 2022 2023
reclasobs
 0 0 0 0 0 0 0 0 0 252601 567819 844713 477998 351125 339783 2.1784e+06 2.13404e+06 4.81314e+06 1.55562e+06 2.62356e+06 3.21686e+06 3.843e+06 1.13348e+06 3.07943e+06 1.97215e+06 2.03268e+06 2.025e+06 2.42433e+06 2.27542e+06 1.05018e+06 2.36338e+06 3.18982e+06 1.53035e+06
reclaspred
 2.85681e+06 1.61662e+06 853166 866066 861919 1.14958e+06 731556 660700 465603 346776 557671 718320 577262 329089 470989 1.5273e+06 1.66917e+06 2.73265e+06 2.06161e+06 2.05039e+06 3.55454e+06 2.62187e+06 2.0184e+06 2.94879e+06 2.28909e+06 2.07083e+06 2.31916e+06 2.54446e+06 2.25094e+06 1.70101e+06 1.94331e+06 2.1048e+06 1.66089e+06
pelacesobs
 0 0 0 0 0 0 0 0 0 0 0 0 0 0 0 552880 188675 0 991730 2.46772e+06 1.41603e+06 1.21717e+06 2.29649e+06 1.80582e+06 0 1.4828e+06 1.56532e+06 1.57751e+06 1.42118e+06 867257 1.10002e+06 1.06204e+06 0
pelacespred
 1.49534e+06 951529 503051 416860 426910 584821 356520 382274 264794 187798 298379 342560 297212 177210 264678 715776 778082 1.43559e+06 1.16076e+06 1.02273e+06 1.72488e+06 1.46613e+06 1.0905e+06 1.70819e+06 1.27999e+06 1.14638e+06 1.4628e+06 1.45084e+06 1.15101e+06 1.00375e+06 1.01051e+06 1.08746e+06 892027
mphobs
 0 0 0 0 0 0 0 0 0 0 0 0 498337 0 5186 125008 0 168611 109162 213762 579715 649985 157893 87575 83554 210694 70296 0 107559 103333 445601 22526 28222
mphpred
 449148 302215 153006 88245.1 99209.3 107290 120542 77528.3 68033.9 46148.1 31705.7 71839.3 83318.8 51857.2 25643.8 49227.4 199131 207176 272885 325066 470200 526981 107804 87206.5 122508 99800.1 87996.7 91383.7 128243 101873 67483.9 91802 65812
desembarqueobs
 494567 514787 250237 358949 120608 361735 552515 73892 212993 205616 52469 317467 293654 387597 252695 516296 358380 742168 942051 627588 828172 859565 418607 520667 417249 300574 415391 372974 316634 284311 391294 218835 356480
desembarquepred
 494571 513107 251109 358987 120614 361774 552640 73897.4 213062 205673 52470 317509 293836 388026 252677 516285 358424 742190 942068 627483 828264 859693 418651 520706 417251 300583 415409 372970 316632 284294 391285 218848 356505
Reclutas
 244457 127144 166480 249796 200799 270473 117266 61148.5 50199.5 71458.7 226364 211838 96694 62009.2 140257 846634 188745 858488 487045 712938 713104 829691 164231 569395 515404 225722 469247 590027 220670 205731 407553 203692 321775
log_desv_Rt
 -0.00447756 -0.658197 -0.388641 0.0171263 -0.201214 0.096655 -0.739071 -1.39021 -1.58751 -1.2344 -0.0813739 -0.147693 -0.931965 -1.37623 -0.560042 1.23775 -0.26312 1.25166 0.684839 1.06588 1.06611 1.21754 -0.402243 0.841058 0.741434 -0.0842105 0.647613 0.876652 -0.106847 -0.176946 0.506654 -0.186909 0.270336
SSB
 4.6523e+06 3.13036e+06 1.58485e+06 914047 1.02761e+06 1.11132e+06 1.24858e+06 803042 704698 478004 328409 744114 830022 528014 258084 496899 2.06261e+06 2.14594e+06 2.90008e+06 2.09164e+06 3.0922e+06 3.60209e+06 3.08652e+06 2.41618e+06 3.20679e+06 2.7563e+06 2.30424e+06 2.31346e+06 3.35343e+06 2.52284e+06 1.87198e+06 2.61211e+06 1.74408e+06
BT
 6.13169e+06 4.14549e+06 2.17677e+06 1.89493e+06 1.72481e+06 2.53884e+06 1.87393e+06 1.52158e+06 1.22652e+06 916562 1.18239e+06 1.57085e+06 1.39896e+06 1.08522e+06 1.26462e+06 3.15085e+06 3.2441e+06 6.11767e+06 5.36357e+06 4.46499e+06 7.21234e+06 6.44583e+06 4.52906e+06 6.99366e+06 5.2755e+06 4.63477e+06 5.99682e+06 5.88949e+06 4.64757e+06 4.09914e+06 4.20385e+06 4.31818e+06 3.71924e+06
Ftot
 0.0977056 0.175017 0.169161 0.277642 0.0894608 0.214995 0.439762 0.0706148 0.286387 0.376468 0.0780156 0.297948 0.307703 0.726118 0.449372 0.303485 0.133068 0.198054 0.293773 0.218889 0.156784 0.215949 0.12176 0.129406 0.117538 0.0902031 0.128021 0.111642 0.0821264 0.102247 0.145338 0.0643564 0.14655
BD_Bspro_t
 0.984586 0.890916 0.773945 0.716459 0.716751 0.767073 0.726661 0.589198 0.645733 0.597466 0.573318 0.807619 0.720627 0.575871 0.406616 0.568847 0.765696 0.754255 0.765596 0.683376 0.72593 0.749714 0.746663 0.734973 0.807122 0.818061 0.82192 0.835948 0.872121 0.840642 0.815839 0.845324 0.847797
BD_Bspro
 2.62982 1.76951 0.895874 0.516687 0.580884 0.628198 0.705789 0.453939 0.398348 0.270203 0.185641 0.420628 0.46919 0.298472 0.145888 0.280884 1.16594 1.21304 1.63934 1.18235 1.74794 2.03617 1.74473 1.3658 1.81272 1.55807 1.30253 1.30774 1.89561 1.4261 1.05818 1.47656 0.985882
BD_Bo
 2.31791 1.55964 0.789618 0.455405 0.511987 0.55369 0.622078 0.400099 0.351101 0.238155 0.163623 0.370739 0.413541 0.263072 0.128585 0.247569 1.02765 1.06917 1.4449 1.04212 1.54063 1.79467 1.5378 1.20381 1.59772 1.37327 1.14804 1.15263 1.67078 1.25695 0.932677 1.30143 0.86895
BD_Brms
 2.48307 1.67076 0.84588 0.487854 0.548468 0.593142 0.666403 0.428607 0.376118 0.255124 0.175281 0.397155 0.443007 0.281816 0.137747 0.265209 1.10088 1.14535 1.54786 1.11637 1.6504 1.92254 1.64737 1.28958 1.71156 1.47112 1.22984 1.23476 1.78982 1.34651 0.999133 1.39416 0.930865
Sel_flota
 0.50116 0.95022 0.99725 0.999855 0.999992
 0.50116 0.95022 0.99725 0.999855 0.999992
 0.50116 0.95022 0.99725 0.999855 0.999992
 0.50116 0.95022 0.99725 0.999855 0.999992
 0.50116 0.95022 0.99725 0.999855 0.999992
 0.50116 0.95022 0.99725 0.999855 0.999992
 0.50116 0.95022 0.99725 0.999855 0.999992
 0.50116 0.95022 0.99725 0.999855 0.999992
 0.50116 0.95022 0.99725 0.999855 0.999992
 0.50116 0.95022 0.99725 0.999855 0.999992
 0.50116 0.95022 0.99725 0.999855 0.999992
 0.50116 0.95022 0.99725 0.999855 0.999992
 0.50116 0.95022 0.99725 0.999855 0.999992
 0.50116 0.95022 0.99725 0.999855 0.999992
 0.50116 0.95022 0.99725 0.999855 0.999992
 0.50116 0.95022 0.99725 0.999855 0.999992
 0.50116 0.95022 0.99725 0.999855 0.999992
 0.50116 0.95022 0.99725 0.999855 0.999992
 0.50116 0.95022 0.99725 0.999855 0.999992
 0.50116 0.95022 0.99725 0.999855 0.999992
 0.50116 0.95022 0.99725 0.999855 0.999992
 0.50116 0.95022 0.99725 0.999855 0.999992
 0.50116 0.95022 0.99725 0.999855 0.999992
 0.50116 0.95022 0.99725 0.999855 0.999992
 0.50116 0.95022 0.99725 0.999855 0.999992
 0.50116 0.95022 0.99725 0.999855 0.999992
 0.50116 0.95022 0.99725 0.999855 0.999992
 0.50116 0.95022 0.99725 0.999855 0.999992
 0.50116 0.95022 0.99725 0.999855 0.999992
 0.50116 0.95022 0.99725 0.999855 0.999992
 0.50116 0.95022 0.99725 0.999855 0.999992
 0.50116 0.95022 0.99725 0.999855 0.999992
 0.50116 0.95022 0.99725 0.999855 0.999992
Sel_reclas
 1 1 1 1 1
 1 1 1 1 1
 1 1 1 1 1
 1 1 1 1 1
 1 1 1 1 1
 1 1 1 1 1
 1 1 1 1 1
 1 1 1 1 1
 1 1 1 1 1
 1 1 1 1 1
 1 1 1 1 1
 1 1 1 1 1
 1 1 1 1 1
 1 1 1 1 1
 1 1 1 1 1
 1 1 1 1 1
 1 1 1 1 1
 1 1 1 1 1
 1 1 1 1 1
 1 1 1 1 1
 1 1 1 1 1
 1 1 1 1 1
 1 1 1 1 1
 1 1 1 1 1
 1 1 1 1 1
 1 1 1 1 1
 1 1 1 1 1
 1 1 1 1 1
 1 1 1 1 1
 1 1 1 1 1
 1 1 1 1 1
 1 1 1 1 1
 1 1 1 1 1
Sel_pelaces
 1 1 1 1 1
 1 1 1 1 1
 1 1 1 1 1
 1 1 1 1 1
 1 1 1 1 1
 1 1 1 1 1
 1 1 1 1 1
 1 1 1 1 1
 1 1 1 1 1
 1 1 1 1 1
 1 1 1 1 1
 1 1 1 1 1
 1 1 1 1 1
 1 1 1 1 1
 1 1 1 1 1
 1 1 1 1 1
 1 1 1 1 1
 1 1 1 1 1
 1 1 1 1 1
 1 1 1 1 1
 1 1 1 1 1
 1 1 1 1 1
 1 1 1 1 1
 1 1 1 1 1
 1 1 1 1 1
 1 1 1 1 1
 1 1 1 1 1
 1 1 1 1 1
 1 1 1 1 1
 1 1 1 1 1
 1 1 1 1 1
 1 1 1 1 1
 1 1 1 1 1
pf_obs 
 0.8446 0.082 0.0669 0.0065 0
 0.8095 0.147 0.0364 0.0071 0
 0.9664 0.0169 0.016 0.0007 0
 0.9276 0.0648 0.0075 0.0001 0
 0.7033 0.2144 0.0806 0.0017 0
 0.9318 0.0425 0.0243 0.0014 0
 0.5671 0.3108 0.0964 0.0239 0.0018
 0.0768 0.2599 0.5324 0.112 0.0189
 0.490249 0.384438 0.106611 0.0170017 0.00170017
 0.7925 0.1577 0.0466 0.003 0.0002
 0.840416 0.127587 0.0312969 0.00059994 9.999e-05
 0.8084 0.0986 0.0794 0.0134 0.0002
 0.7335 0.1905 0.0724 0.0035 0.0001
 0.4001 0.4547 0.1325 0.0127 0
 0.49795 0.308269 0.164784 0.0264974 0.00249975
 0.9179 0.0499 0.0305 0.0017 0
 0.2467 0.6533 0.0926 0.0074 0
 0.9418 0.0223 0.034 0.0019 0
 0.707729 0.231977 0.0356964 0.0245975 0
 0.517169 0.277429 0.184464 0.0207286 0.00020938
 0.811772 0.124168 0.05621 0.00726502 0.000585176
 0.764997 0.148141 0.077277 0.00933861 0.000247198
 0.163321 0.427699 0.378323 0.0303852 0.000271297
 0.753843 0.0900009 0.118128 0.0371064 0.000921714
 0.721811 0.176058 0.0630433 0.0369309 0.00215725
 0.143369 0.312575 0.442814 0.0836902 0.0175525
 0.692698 0.0596174 0.167031 0.0765114 0.00414204
 0.394062 0.376323 0.152708 0.0712218 0.00568511
 0.125707 0.32114 0.495352 0.0537591 0.00404204
 0.23352 0.215282 0.420074 0.123614 0.00750983
 0.796117 0.104755 0.0508955 0.0450114 0.00322123
 0.162477 0.292055 0.404252 0.121198 0.0200186
 0 0 0 0 0
pf_pred 
 0.310344 0.11168 0.550591 0.0273844 9.88453e-07
 0.273569 0.338324 0.0654569 0.307401 0.0152494
 0.472507 0.223527 0.145588 0.0267728 0.131605
 0.610529 0.247993 0.0617626 0.0382377 0.0414776
 0.504851 0.374893 0.0781005 0.0184344 0.0237217
 0.579847 0.276071 0.11038 0.0219087 0.0117937
 0.353373 0.472309 0.116598 0.0442482 0.0134714
 0.333946 0.353671 0.231784 0.0539689 0.0266303
 0.384674 0.299589 0.171472 0.107116 0.0371496
 0.584387 0.231976 0.0919596 0.0498564 0.041821
 0.805215 0.144705 0.0286684 0.0107394 0.0106728
 0.565984 0.384481 0.0372605 0.00703481 0.00524018
 0.366647 0.456586 0.157559 0.0144595 0.0047491
 0.395259 0.325799 0.204165 0.0666732 0.00810377
 0.752116 0.148909 0.0550102 0.0322108 0.0117537
 0.908234 0.0793329 0.00764794 0.00266336 0.00212166
 0.266238 0.698135 0.0310278 0.00283259 0.00176688
 0.745774 0.103188 0.144046 0.00609207 0.000900596
 0.446781 0.471753 0.0340863 0.0451915 0.00218764
 0.608841 0.240615 0.129413 0.00885669 0.0122743
 0.553642 0.33615 0.0691522 0.0353075 0.00574835
 0.569097 0.303225 0.0973557 0.0190453 0.0112762
 0.188891 0.58407 0.16223 0.0494519 0.0153576
 0.623708 0.115269 0.190561 0.0503873 0.0200751
 0.519077 0.366824 0.0361796 0.0569271 0.0209924
 0.312416 0.461332 0.17463 0.016399 0.0352232
 0.595575 0.186542 0.148523 0.0535683 0.0157923
 0.591881 0.301641 0.0504448 0.0382284 0.0178045
 0.296627 0.515197 0.140884 0.0224365 0.0248549
 0.385181 0.271374 0.254806 0.0664073 0.0222317
 0.625985 0.203876 0.0771743 0.0690189 0.0239454
 0.373087 0.478344 0.0828707 0.0298448 0.0358529
 0.558228 0.232312 0.161646 0.0267018 0.0211123
pobs_RECLAS
 0 0 0 0 0
 0 0 0 0 0
 0 0 0 0 0
 0 0 0 0 0
 0 0 0 0 0
 0 0 0 0 0
 0 0 0 0 0
 0 0 0 0 0
 0 0 0 0 0
 0 0 0 0 0
 0.991045 0.00858322 0.000360255 1.14367e-05 0
 0.934742 0.0480273 0.0164251 0.00080598 0
 0.827803 0.169806 0.00239088 0 0
 0.941827 0.0461693 0.0120037 0 0
 0.791401 0.0380133 0.147996 0.0225897 0
 0.846168 0.0940531 0.0597789 0 0
 0.134021 0.677848 0.182769 0.00536245 0
 0.80878 0.0450904 0.141981 0.00414843 0
 0.846168 0.0940531 0.0597789 0 0
 0.905697 0.0802665 0.012482 0.00150086 5.37128e-05
 0.989698 0.0102097 9.19794e-05 0 0
 0.975433 0.0193895 0.00387452 0.00125025 5.28907e-05
 0.303575 0.632131 0.0575291 0.00676475 0
 0.966965 0.00978017 0.0227588 0.000495775 0
 0.843318 0.132988 0.00938335 0.0141283 0.000182051
 0.564624 0.303363 0.111486 0.0197234 0.00080311
 0.826376 0.0876187 0.0782897 0.00655872 0.00115652
 0.89761 0.0855135 0.0140674 0.00269457 0.000114338
 0.34875 0.467042 0.161289 0.0227151 0.000203297
 0.318654 0.224769 0.449479 0.00709798 0
 0.937255 0.0296025 0.0250945 0.00804832 0
 0.456809 0.399803 0.12412 0.0192676 0
 0.883104 0.0372192 0.0704036 0.00927362 0
ppred_RECLAS
 0.471498 0.0891448 0.418592 0.0207646 7.49402e-07
 0.424943 0.275176 0.0506888 0.237416 0.011776
 0.63771 0.158006 0.0979851 0.0179713 0.0883275
 0.753951 0.159564 0.0378142 0.0233484 0.025323
 0.66251 0.258565 0.0513066 0.0120784 0.0155404
 0.728665 0.181315 0.0690069 0.0136603 0.00735248
 0.517562 0.357226 0.083829 0.0317254 0.00965746
 0.49373 0.27503 0.171695 0.039873 0.0196721
 0.551929 0.223862 0.121916 0.0759547 0.0263386
 0.735078 0.151231 0.057012 0.0308255 0.0258536
 0.888407 0.0839498 0.0158424 0.00591912 0.00588157
 0.715881 0.253113 0.0233385 0.00439448 0.00327296
 0.53012 0.343424 0.112748 0.0103193 0.0033888
 0.569271 0.237788 0.141328 0.0460206 0.00559271
 0.857148 0.087586 0.0307547 0.0179589 0.0065522
 0.950372 0.0431944 0.00396175 0.00137595 0.00109594
 0.409427 0.563212 0.0238371 0.0021704 0.00135364
 0.852366 0.0616876 0.0819776 0.00345785 0.000511104
 0.609806 0.335204 0.0230446 0.0304703 0.00147481
 0.752192 0.155334 0.0795248 0.00542797 0.00752144
 0.705511 0.224481 0.0439715 0.0223915 0.003645
 0.719428 0.20033 0.0612249 0.0119453 0.00707152
 0.310247 0.503501 0.133186 0.0404917 0.0125733
 0.765741 0.0742521 0.116898 0.0308282 0.0122807
 0.675371 0.250546 0.023534 0.0369322 0.0136172
 0.467647 0.362926 0.130852 0.0122557 0.0263201
 0.742392 0.12201 0.0925107 0.0332783 0.00980931
 0.736683 0.197136 0.0313981 0.0237318 0.0110513
 0.448314 0.409363 0.106627 0.0169364 0.0187593
 0.550699 0.203807 0.18226 0.0473757 0.0158581
 0.765542 0.130727 0.0471209 0.0420302 0.0145799
 0.533654 0.359971 0.0594064 0.0213384 0.0256305
 0.711542 0.155249 0.102864 0.0169469 0.0133976
pobs_PELACES
 0 0 0 0 0
 0 0 0 0 0
 0 0 0 0 0
 0 0 0 0 0
 0 0 0 0 0
 0 0 0 0 0
 0 0 0 0 0
 0 0 0 0 0
 0 0 0 0 0
 0 0 0 0 0
 0 0 0 0 0
 0 0 0 0 0
 0 0 0 0 0
 0 0 0 0 0
 0 0 0 0 0
 0 0 0 0 0
 0.505614 0.472636 0.0217494 0 0
 0 0 0 0 0
 0.443492 0.261883 0.143347 0.151278 0
 0.227955 0.32914 0.350689 0.0885471 0.00366901
 0.970185 0.0296113 0.000203453 0 0
 0.997202 0.00247181 0.000326279 0 0
 0.445219 0.490057 0.0546422 0.010081 0
 0.90214 0.0892962 0.00764917 0.000914606 0
 0 0 0 0 0
 0.581667 0.319106 0.0959925 0.00289975 0.000334073
 0.762889 0.0836404 0.116647 0.0363945 0.000428098
 0.88444 0.0763242 0.0277011 0.0115352 0
 0.521256 0.241999 0.230069 0.00667565 0
 0.616807 0.101726 0.260614 0.0208532 0
 0.833518 0.0704572 0.0857862 0.0102388 0
 0.697417 0.212968 0.0787535 0.0105354 0.000325836
 0 0 0 0 0
ppred_PELACES
 0.475423 0.0885947 0.415378 0.0206034 7.43583e-07
 0.431656 0.272367 0.0500352 0.234319 0.0116223
 0.643831 0.155574 0.0962236 0.0176456 0.0867263
 0.761786 0.154724 0.0365095 0.0225374 0.0244432
 0.665541 0.256327 0.0507921 0.0119563 0.0153833
 0.735136 0.17719 0.0672119 0.0133026 0.00715985
 0.534257 0.345485 0.0805223 0.0304625 0.00927282
 0.496472 0.273679 0.170665 0.0396312 0.0195528
 0.562961 0.218848 0.118657 0.0739062 0.025628
 0.746286 0.145206 0.0544217 0.0294154 0.0246706
 0.889578 0.0830943 0.015662 0.00585131 0.00581417
 0.724877 0.245224 0.0225067 0.00423679 0.00315546
 0.541781 0.335334 0.109567 0.0100255 0.00329229
 0.596664 0.223805 0.131526 0.0428023 0.00520143
 0.865432 0.0827353 0.0288496 0.0168399 0.00614381
 0.952479 0.0413864 0.00377809 0.00131182 0.00104485
 0.414226 0.558689 0.0235969 0.00214828 0.00133983
 0.856242 0.0601758 0.0797232 0.00336218 0.000496959
 0.62027 0.326431 0.0223393 0.0295304 0.0014293
 0.758422 0.151622 0.0773611 0.00527929 0.00731534
 0.710437 0.220856 0.0431564 0.0219735 0.00357693
 0.726035 0.195803 0.059641 0.0116341 0.00688723
 0.314233 0.500851 0.132235 0.0401983 0.0124821
 0.769411 0.0731908 0.114996 0.0303233 0.0120795
 0.679272 0.247642 0.0232188 0.0364339 0.0134334
 0.471088 0.360742 0.129883 0.0121639 0.026123
 0.746205 0.120332 0.0910573 0.0327519 0.00965408
 0.739966 0.194765 0.0309669 0.0234036 0.0108984
 0.451409 0.407203 0.105929 0.0168243 0.0186352
 0.554662 0.202187 0.180525 0.0469204 0.0157057
 0.769568 0.128614 0.046255 0.0412526 0.0143101
 0.536085 0.358178 0.0590515 0.0212098 0.0254759
 0.716195 0.152908 0.101083 0.0166513 0.0131638
pobs_pel_tallas
 0 0 0 0 0 0 0 0 0 0 0 0 0 0 0 0 0 0 0 0 0 0 0 0 0 0
 0 0 0 0 0 0 0 0 0 0 0 0 0 0 0 0 0 0 0 0 0 0 0 0 0 0
 0 0 0 0 0 0 0 0 0 0 0 0 0 0 0 0 0 0 0 0 0 0 0 0 0 0
 0 0 0 0 0 0 0 0 0 0 0 0 0 0 0 0 0 0 0 0 0 0 0 0 0 0
 0 0 0 0 0 0 0 0 0 0 0 0 0 0 0 0 0 0 0 0 0 0 0 0 0 0
 0 0 0 0 0 0 0 0 0 0 0 0 0 0 0 0 0 0 0 0 0 0 0 0 0 0
 0 0 0 0 0 0 0 0 0 0 0 0 0 0 0 0 0 0 0 0 0 0 0 0 0 0
 0 0 0 0 0 0 0 0 0 0 0 0 0 0 0 0 0 0 0 0 0 0 0 0 0 0
 0 0 0 0 0 0 0 0 0 0 0 0 0 0 0 0 0 0 0 0 0 0 0 0 0 0
 0 0 0 0 0 0 0 0 0 0 0 0 0 0 0 0 0 0 0 0 0 0 0 0 0 0
 0 0 0 0 0 0 0 0 0 0 0 0 0 0 0 0 0 0 0 0 0 0 0 0 0 0
 0 0 0 0 0 0 0 0 0 0 0 0 0 0 0 0 0 0 0 0 0 0 0 0 0 0
 0.00862536 0 0 0.000197151 0.00414017 0.0128641 0.00837892 0.0270097 0.101434 0.158115 0.152841 0.127902 0.109271 0.109419 0.0830992 0.0579132 0.0238553 0.00714673 0.00463305 0.00128148 0.00103504 0.000492878 0.000147863 0.000147863 4.92878e-05 0
 0 0 0 0 0 0 0 0 0 0 0 0 0 0 0 0 0 0 0 0 0 0 0 0 0 0
 0 0 0 0 0 0 0 0.0054083 0.00873648 0.0413646 0.0450493 0.0745869 0.0622846 0.0627006 0.0613931 0.0827291 0.12552 0.122667 0.0946155 0.0697135 0.0546179 0.0294188 0.0215738 0.0213955 0.0102223 0.00600262
 0 0 0 0 0.00359764 0.0251062 0.0480494 0.140153 0.205849 0.193036 0.1447 0.116669 0.0760912 0.0342217 0.00950174 0.001854 0.000860785 0 0 0 0.000165536 0 0.000143464 0 0 0
 0 0 0 0 0 0 0 0.000145254 0.000435761 0.0275982 0.070085 0.0708112 0.156366 0.174668 0.174014 0.160142 0.0824315 0.0480064 0.0283245 0.00493863 0.00203355 0 0 0 0 0
 0 0 0 0 0 0 0 0 0 0 0 0 0 0 0 0 0 0 0 0 0 0 0 0 0 0
 0 0 1.00437e-05 0.000401748 0.00122533 0.00171747 0.00176769 0.0269171 0.070346 0.194647 0.189555 0.159765 0.064822 0.0314167 0.0384472 0.0292271 0.0345202 0.0313363 0.0194345 0.0106764 0.0143323 0.0359363 0.0279516 0.0138201 0.00172751 0
 0 0.0021121 0.0136068 0.0755702 0.200478 0.177729 0.0527432 0.0373336 0.0318909 0.0142505 0.0149659 0.0166563 0.0217959 0.0798694 0.0677717 0.0528807 0.04013 0.0224614 0.0357745 0.0225083 0.00881397 0.00855152 0.00135912 0.000746735 0 0
 0 0 0 0 5.4009e-05 0.00500934 0.000945158 0.0243581 0.138947 0.33067 0.221406 0.137944 0.0707744 0.0437923 0.0131692 0.00525238 0.0047753 0.00276346 9.45158e-05 9.00151e-06 2.25038e-05 9.00151e-06 4.50075e-06 0 0 0
 0.000866109 0.00284123 0.00948549 0.0512746 0.133035 0.25785 0.225252 0.132002 0.0553304 0.0519788 0.0540692 0.017754 0.00435017 0.00159236 0.00146478 0.000404838 0.000125132 0.000115318 0.000107957 0.000100596 0 0 0 0 0 0
 0 0 0 0 0.00144013 0.00171154 0.00461396 0.0210425 0.0478622 0.0707936 0.0888783 0.103762 0.0637923 0.0337046 0.0602308 0.124433 0.169614 0.0934646 0.0462172 0.0250306 0.0313229 0.00938855 0.002487 0.000210481 0 0
 0 0.00764035 0.051015 0.0998891 0.058973 0.0496711 0.0374665 0.0718981 0.12319 0.153886 0.159021 0.0857701 0.0377988 0.023471 0.0147837 0.00900784 0.00315554 0.000888139 0.00291439 0.00214683 0.00393193 0.00274676 0.000635225 9.99891e-05 0 0
 0 0 0 0 0 0 0 0 0 0 0 0 0 0 0 0 0 0 0 0 0 0 0 0 0 0
 0 0 0 0 0 0 0 0 0 0 0 0 0 0 0 0 0 0 0 0 0 0 0 0 0 0
 0 0 0 0 0 0 0 0 0 0 0 0 0 0 0 0 0 0 0 0 0 0 0 0 0 0
 0 0 0 0 0 0 0 0 0 0 0 0 0 0 0 0 0 0 0 0 0 0 0 0 0 0
 0 0 0 0 0 0 0 0 0 0 0 0 0 0 0 0 0 0 0 0 0 0 0 0 0 0
 0 0 0 0 0 0 0 0 0 0 0 0 0 0 0 0 0 0 0 0 0 0 0 0 0 0
 0 0 0 0 0 0 0 0 0 0 0 0 0 0 0 0 0 0 0 0 0 0 0 0 0 0
 0 0 0 0 0 0 0 0 0 0 0 0 0 0 0 0 0 0 0 0 0 0 0 0 0 0
 0 0 0 0 0 0 0 0 0 0 0 0 0 0 0 0 0 0 0 0 0 0 0 0 0 0
ppred_pel_tallas
 1.14076e-16 3.916e-05 0.000380649 0.00252955 0.011499 0.0357776 0.0762282 0.111259 0.111268 0.0762733 0.0359308 0.0119494 0.00369037 0.00301412 0.00533112 0.00950709 0.0154459 0.0230656 0.0321681 0.0424392 0.0532428 0.0633019 0.070677 0.0733433 0.0701457 0.0614927
 1.2698e-16 3.5555e-05 0.000345607 0.00229668 0.0104404 0.0324841 0.0692118 0.101022 0.101049 0.0693407 0.032917 0.0116922 0.00544487 0.00723965 0.0131961 0.0219501 0.032102 0.0414894 0.0480455 0.0511025 0.0518981 0.0527123 0.0552429 0.0594586 0.0636747 0.0656085
 1.19263e-16 5.30315e-05 0.000515485 0.00342558 0.0155722 0.048451 0.103231 0.150671 0.150686 0.103305 0.0486999 0.0162929 0.00524145 0.00450294 0.00769601 0.0128269 0.0189248 0.024782 0.0292331 0.031838 0.0331534 0.0342809 0.036037 0.0384028 0.0405961 0.0415821
 1.0749e-16 6.27474e-05 0.000609927 0.00405318 0.0184252 0.0573276 0.122143 0.178275 0.17829 0.122216 0.057573 0.0191344 0.00583514 0.00450609 0.00748094 0.0123191 0.0178652 0.0227443 0.0256157 0.0259073 0.0241661 0.021672 0.0196179 0.0184934 0.0180385 0.0176288
 1.05334e-16 5.48198e-05 0.000532868 0.0035411 0.0160973 0.0500849 0.106712 0.155755 0.155779 0.106833 0.0504908 0.01727 0.00648605 0.00696619 0.0122862 0.0202604 0.0292656 0.0369859 0.0410995 0.040547 0.0361537 0.0300406 0.0243137 0.0200581 0.0172224 0.0151639
 1.04531e-16 6.05522e-05 0.000588589 0.00391138 0.0177806 0.0553221 0.11787 0.172039 0.172056 0.117954 0.0556037 0.0185949 0.00595884 0.00506933 0.00860302 0.0142125 0.0206687 0.0264137 0.0298917 0.0303754 0.0283595 0.0251426 0.021956 0.019345 0.017174 0.0150493
 1.07037e-16 4.40061e-05 0.000427755 0.00284259 0.012922 0.0402053 0.085663 0.125035 0.125068 0.085826 0.0407529 0.0145042 0.00681689 0.00911322 0.0165676 0.027395 0.0396377 0.0502263 0.0560588 0.0557124 0.0502661 0.0424978 0.0351305 0.0295122 0.0255076 0.0222677
 1.12279e-16 4.08938e-05 0.000397503 0.00264155 0.0120081 0.0373618 0.0796042 0.11619 0.116217 0.0797343 0.0377991 0.0132741 0.00583 0.00739336 0.0134317 0.0224145 0.0329285 0.0427639 0.0496691 0.0525854 0.0521722 0.050116 0.047828 0.0456286 0.0429334 0.0390367
 1.15229e-16 4.63704e-05 0.000450737 0.0029953 0.0136162 0.0423653 0.0902644 0.131748 0.131769 0.0903684 0.0427148 0.0146279 0.00554309 0.0060405 0.0107456 0.0179134 0.0263315 0.0342563 0.0399555 0.0426934 0.0431331 0.042734 0.0426341 0.04293 0.0428186 0.0413043
 1.08733e-16 6.14707e-05 0.000597517 0.00397071 0.0180503 0.0561612 0.119658 0.174647 0.174661 0.119727 0.0563922 0.0187184 0.0056511 0.00427724 0.00708417 0.0117061 0.0170787 0.0219585 0.0251352 0.0260944 0.0253205 0.0239166 0.022848 0.0224056 0.0222188 0.0216609
 1.02045e-16 7.32734e-05 0.000712244 0.00473311 0.021516 0.0669444 0.142632 0.208178 0.208186 0.142672 0.067076 0.0218962 0.00568773 0.00279763 0.00403821 0.00657188 0.00948886 0.011996 0.0133412 0.0131869 0.0118077 0.00989699 0.00813766 0.00687275 0.0060674 0.00549003
 1.01672e-16 5.97072e-05 0.000580375 0.0038568 0.0175325 0.0545501 0.116226 0.16964 0.169663 0.116341 0.0549375 0.018651 0.0066636 0.00670439 0.0116808 0.0191912 0.0275809 0.0345598 0.037835 0.0363495 0.0309137 0.0236661 0.0168126 0.0116191 0.00823395 0.00615163
 1.04811e-16 4.46258e-05 0.000433779 0.00288262 0.013104 0.0407715 0.0868692 0.126795 0.126827 0.0870276 0.0413038 0.0146425 0.0067492 0.00888959 0.0161476 0.0267383 0.0387763 0.0493059 0.0553161 0.0553739 0.0504066 0.0429407 0.0354618 0.0292203 0.0241862 0.0197857
 1.09026e-16 4.91465e-05 0.000477722 0.00317463 0.0144314 0.0449016 0.0956684 0.139635 0.139657 0.0957747 0.045259 0.0154659 0.00577956 0.00619161 0.0109814 0.0182882 0.0268374 0.0347971 0.0403147 0.0425212 0.0419648 0.040046 0.0379458 0.0359491 0.0335905 0.0302975
 1.03583e-16 7.12845e-05 0.00069291 0.00460463 0.020932 0.0651273 0.138761 0.202527 0.202535 0.1388 0.0652588 0.0213123 0.00556089 0.00278601 0.00406315 0.00664891 0.0096778 0.0124003 0.0141083 0.0144905 0.0138085 0.0126871 0.0116907 0.0110217 0.0105249 0.00990901
 1.00429e-16 7.84544e-05 0.000762605 0.00506778 0.0230374 0.0716779 0.152717 0.222896 0.2229 0.152737 0.0717433 0.0232262 0.00554156 0.00179639 0.00204041 0.00324545 0.0046593 0.00584207 0.00640462 0.00617078 0.0052796 0.00409309 0.00298212 0.0021556 0.00163079 0.00131341
 1.01266e-16 3.41194e-05 0.000331653 0.00220395 0.0100189 0.0311727 0.0664188 0.0969514 0.0970052 0.0666814 0.0320543 0.0125639 0.00858774 0.0142525 0.026428 0.0435204 0.0624153 0.0779099 0.0847228 0.0804147 0.0668701 0.049089 0.0322994 0.0196064 0.0115152 0.00693214
 1.02738e-16 7.05275e-05 0.000685553 0.00455574 0.0207097 0.0644357 0.137287 0.200376 0.200382 0.137316 0.0645331 0.0209926 0.00527114 0.0022647 0.00312052 0.00517951 0.00776122 0.0103957 0.0126298 0.0142137 0.0151748 0.0156644 0.0157282 0.015231 0.0139982 0.0120226
 1.03932e-16 5.10909e-05 0.000496621 0.00330023 0.0150024 0.0466781 0.0994538 0.145162 0.145194 0.0996073 0.0471937 0.0164911 0.00703587 0.00864718 0.015518 0.0255423 0.0367203 0.0460406 0.0504816 0.0486801 0.041765 0.0326178 0.0241643 0.018011 0.0142131 0.0119326
 1.04039e-16 6.24703e-05 0.000607233 0.00403528 0.0183438 0.0570745 0.121604 0.177487 0.177502 0.121676 0.0573161 0.0190427 0.00579386 0.00446015 0.00742059 0.012275 0.0179234 0.0230531 0.026352 0.027189 0.0259337 0.0235991 0.0211235 0.0188875 0.0167611 0.0144771
 1.04111e-16 5.85178e-05 0.000568814 0.00377997 0.0171832 0.0534634 0.11391 0.16626 0.166281 0.114014 0.0538132 0.0181937 0.00631774 0.00611295 0.0106003 0.0174651 0.0252335 0.031905 0.0354832 0.0350576 0.031336 0.0261318 0.0212343 0.0175475 0.015003 0.0130456
 1.04104e-16 5.98026e-05 0.000581302 0.00386296 0.0175605 0.0546372 0.116411 0.169909 0.169928 0.116504 0.0549479 0.0184586 0.00611994 0.00551675 0.00945793 0.0156063 0.0226281 0.0287756 0.0323014 0.0323919 0.0296205 0.0254937 0.0214766 0.0182775 0.0158146 0.0136587
 1.10088e-16 2.58831e-05 0.000251593 0.00167193 0.00760036 0.0236478 0.0503859 0.0735499 0.0735982 0.0506224 0.024442 0.00989565 0.00743859 0.0128575 0.0240177 0.0397991 0.0576458 0.0731603 0.0818614 0.0816771 0.0741266 0.0631568 0.0526231 0.0444141 0.0383288 0.0332015
 1.08423e-16 6.33753e-05 0.000616031 0.00409374 0.0186096 0.0579013 0.123365 0.180056 0.180064 0.1234 0.0580207 0.0189566 0.00497335 0.00256453 0.0038473 0.00647906 0.00984196 0.0134617 0.0168828 0.0198846 0.0225298 0.0249342 0.026967 0.0281787 0.0280372 0.0262708
 1.06661e-16 5.59508e-05 0.000543862 0.00361415 0.0164294 0.0511182 0.108914 0.158968 0.158991 0.10903 0.0515097 0.0175601 0.00645235 0.00673964 0.0118235 0.0194623 0.0280476 0.0353239 0.0390541 0.0382621 0.0338432 0.0279758 0.0228015 0.0193872 0.0175726 0.0165203
 1.09482e-16 3.8803e-05 0.000377179 0.00250649 0.0113942 0.0354516 0.0755347 0.110252 0.110287 0.0757053 0.0360247 0.0130511 0.00667168 0.00949018 0.0174058 0.0288705 0.0419519 0.0535252 0.0604097 0.0611193 0.0566815 0.0497956 0.0430517 0.0376476 0.0333631 0.0293924
 1.07577e-16 6.14639e-05 0.000597451 0.00397027 0.0180483 0.056155 0.119645 0.174627 0.174639 0.119702 0.0563479 0.0186072 0.00537937 0.0036943 0.00600432 0.00999082 0.0147679 0.0193794 0.0228867 0.0248601 0.0255796 0.0257091 0.0257242 0.0255844 0.0248681 0.0231712
 1.05135e-16 6.095e-05 0.000592456 0.00393708 0.0178974 0.0556856 0.118645 0.173169 0.173188 0.118737 0.0559938 0.018788 0.00617332 0.00547684 0.00934555 0.0153767 0.0222028 0.028053 0.0311761 0.0307949 0.0275762 0.0231692 0.0191881 0.0164254 0.0147591 0.013589
 1.08002e-16 3.7182e-05 0.000361422 0.00240178 0.0109182 0.0339707 0.0723796 0.105648 0.105688 0.0725718 0.0346163 0.0127838 0.00708862 0.0106056 0.0195303 0.0323274 0.0467967 0.0593354 0.0662816 0.0659363 0.0595335 0.0503047 0.0414348 0.0345299 0.0294955 0.0254229
 1.12625e-16 4.56869e-05 0.000444093 0.00295115 0.0134155 0.0417408 0.0889338 0.129806 0.129825 0.0890304 0.0420658 0.0143574 0.0053278 0.00567325 0.0100973 0.016937 0.025137 0.0331755 0.039503 0.0433815 0.0452023 0.0459408 0.0462353 0.0459029 0.0442275 0.040643
 1.07927e-16 6.33883e-05 0.000616157 0.00409458 0.0186134 0.0579132 0.123391 0.180095 0.180107 0.123452 0.0581178 0.0192052 0.00558327 0.00387647 0.00628691 0.0103784 0.015151 0.0195048 0.02238 0.023336 0.0228122 0.0217829 0.0210775 0.0209043 0.0208743 0.0203837
 1.08234e-16 4.41567e-05 0.000429218 0.00285231 0.0129662 0.0403429 0.085956 0.125463 0.125497 0.0861248 0.0409097 0.0146037 0.00696382 0.0094086 0.0171096 0.0282487 0.0407707 0.0514539 0.0570536 0.056107 0.0498129 0.0412025 0.0332858 0.0276117 0.0240798 0.0217028
 1.06854e-16 5.89921e-05 0.000573424 0.0038106 0.0173225 0.0538967 0.114833 0.167605 0.16762 0.114906 0.0541412 0.0180303 0.00559368 0.00448676 0.00755246 0.0125531 0.0184541 0.0239974 0.0279247 0.0296385 0.0294902 0.0283969 0.0271232 0.0258381 0.0242268 0.0219259
pSPR Fmed_Fpbrs
1   0.983487 0.6 0.325 0.983487 0.983487 0.983487
Fs Fmed_Fpbrs
0   0.01 0.348586 0.894796 0.01 0.01 0.01
SSBpbr Bo_Bmed_Bpbrs
2.00711e+06  1.90675e+06  1.87361e+06 1.10391e+06 551955 1.87361e+06 1.87361e+06 1.87361e+06
Ro
245554
SPR SPRFo_SPRFmed_SPRFpbrs
1.76905e+06 1.76905e+06 1.73984e+06
Fref
0
Nvult_r0
 211783 49333.7 32906.2 5423.3 4287.53
CTP_r0
 14490.2 6030.22 4195.92 693.109 548.021
YTP_r0
356505
Np
 321775 118374 43547.5 16020.2 8061.61
Nvult_p0
 203401 74826.9 27527.3 10126.7 5095.91
CTP_p0
 0 0 0 0 0
 0 0 0 0 0
 0 0 0 0 0
 0 0 0 0 0
 0 0 0 0 0
 0 0 0 0 0
YTP_p0
 0 0 0 0 0 0
CBA_c0
0
log_Ro
12.2313
likeval ReclasPelacesDesembMPH_pf_preclas_ppelaces_ptallas_desvR_qrecl_qpela
 42.3381 29.2585 0.123943 83.0741 240.969 140.651 110.806 0 28.7156 1.85622e-05 1.27223e-05 0.581738 2067.14 0 0
q_reclas_q_pelaces
0.543733 0.603851
M
1
N
 244457 47243.9 222350 11031.3 0.398126
 127144 85633.2 15839.1 74204 3680.61
 166480 42845.8 26676.1 4893.68 24052.4
 249796 56266.5 13421.6 8290.18 8991.5
 200799 79957.8 15899.3 3743.38 4816.39
 270473 70631 27017.7 5349.82 2879.51
 117266 89337.8 21182.5 8021.2 2441.79
 61148.5 34606.9 21640.2 5026 2479.69
 50199.5 21713.1 11905 7419.66 2572.95
 71458.7 15998.3 6084.75 3291.54 2760.72
 226364 21768.2 4115.47 1537.8 1528.05
 211838 80081.5 7435.88 1400.67 1043.22
 96694 67121.5 22196.4 2032.34 667.425
 62009.2 30488.3 18432.6 6007.88 730.151
 140257 15853.4 5625.85 3287.07 1199.31
 846634 41192.9 3805.24 1322.12 1053.08
 188745 267514 11357.6 1034.3 645.082
 858488 64955.9 86723.9 3658.99 540.842
 487045 285978 19796.7 26185.9 1267.46
 712938 154644 79580.3 5433.31 7528.95
 713104 235026 46207.2 23534.8 3831.16
 829691 242512 74493.9 14538.2 8606.64
 164231 273918 72664.6 22095.2 6860.94
 569395 56840.7 89759.2 23675.2 9431.33
 515404 196315 18491.1 29022.8 10701
 225722 178760 64588.4 6050.09 12993.2
 469247 79368.4 60360.3 21716.6 6401.39
 590027 161899 25853.6 19543.9 9101.18
 220670 205248 53564.5 8508.93 9424.86
 205731 77906.6 69838.1 18155.7 6077.34
 407553 71903.8 26006.7 23201.4 8048.47
 203692 139398 23039.9 8276.47 9941.27
 321775 72555.7 48239.6 7949 6284.23
pred_Ctot
 7413.95 2667.98 13153.3 654.2 0.0236136
 6797.7 8406.77 1626.49 7638.37 378.921
 8613.33 4074.68 2653.92 488.041 2399.02
 20745.2 8426.6 2098.64 1299.28 1409.37
 5585.54 4147.72 864.085 203.954 262.451
 17618.4 8388.27 3353.84 665.685 358.345
 14927.5 19951.6 4925.43 1869.16 569.07
 1347.89 1427.51 935.541 217.833 107.487
 4292.66 3343.17 1913.49 1195.33 414.561
 7887.09 3130.82 1241.12 672.879 564.431
 5504.18 989.153 195.968 73.4111 72.9554
 18801.6 12772.2 1237.77 233.691 174.075
 8845.43 11015.2 3801.14 348.838 114.573
 12314.8 10150.7 6361.02 2077.29 252.483
 18209.1 3605.16 1331.82 779.839 284.561
 76453 6678.05 643.785 224.195 178.596
 7739.18 20293.8 901.936 82.3395 51.3608
 51694.5 7152.65 9984.75 422.282 62.4262
 42658 45042.3 3254.51 4314.81 208.873
 47243.8 18670.8 10042 687.246 952.438
 34282.6 20815 4282.03 2186.31 355.948
 54274.7 28918.6 9284.8 1816.35 1075.41
 6176.18 19097.3 5304.43 1616.93 502.149
 22721.8 4199.27 6942.17 1835.62 731.339
 18727.1 13234.1 1305.28 2053.8 757.357
 6329.96 9347.2 3538.24 332.266 713.67
 18530.3 5803.93 4621.03 1666.69 491.351
 20387.9 10390.3 1737.61 1316.81 613.293
 5643.65 9802.17 2680.47 426.877 472.891
 6523.3 4595.9 4315.31 1124.65 376.509
 18205.7 5929.38 2244.48 2007.29 696.411
 4097.36 5253.33 910.112 327.765 393.747
 14490.2 6030.22 4195.92 693.109 548.021
F
 0.0489662 0.0928418 0.097437 0.0976914 0.0977049
 0.0877117 0.166305 0.174536 0.174992 0.175016
 0.0847766 0.16074 0.168696 0.169136 0.169159
 0.139143 0.263821 0.276879 0.277602 0.27764
 0.0448342 0.0850075 0.0892148 0.0894478 0.0894601
 0.107747 0.204292 0.214404 0.214964 0.214993
 0.220391 0.41787 0.438553 0.439698 0.439758
 0.0353893 0.0670996 0.0704207 0.0706046 0.0706143
 0.143526 0.272131 0.285599 0.286345 0.286385
 0.188671 0.357728 0.375433 0.376414 0.376465
 0.0390983 0.074132 0.0778011 0.0780043 0.078015
 0.149319 0.283116 0.297128 0.297904 0.297945
 0.154208 0.292385 0.306857 0.307658 0.3077
 0.363901 0.689972 0.724121 0.726012 0.726112
 0.225207 0.427002 0.448136 0.449307 0.449369
 0.152095 0.288378 0.302651 0.303441 0.303483
 0.0666884 0.126444 0.132702 0.133049 0.133067
 0.0992568 0.188195 0.19751 0.198025 0.198053
 0.147227 0.279149 0.292965 0.29373 0.293771
 0.109699 0.207993 0.218288 0.218858 0.218888
 0.0785741 0.14898 0.156353 0.156762 0.156783
 0.108225 0.205199 0.215355 0.215918 0.215947
 0.061021 0.115698 0.121425 0.121742 0.121759
 0.0648532 0.122964 0.12905 0.129387 0.129405
 0.0589056 0.111687 0.117215 0.117521 0.117538
 0.0452062 0.0857128 0.0899551 0.09019 0.0902024
 0.0641591 0.121648 0.127669 0.128003 0.12802
 0.0559505 0.106084 0.111335 0.111626 0.111641
 0.0411585 0.0780381 0.0819006 0.0821145 0.0821258
 0.0512419 0.0971567 0.101965 0.102232 0.102246
 0.0728375 0.138103 0.144938 0.145317 0.145337
 0.0322528 0.0611527 0.0641794 0.064347 0.0643559
 0.073445 0.139255 0.146147 0.146529 0.146549
YTP_r0W_actual
 109256 105227 100996 21708.2 19317.7
YTP_p0W_proyectada
 0 0 0 0 0
 0 0 0 0 0
 0 0 0 0 0
 0 0 0 0 0
 0 0 0 0 0
 0 0 0 0 0
CTP_r0_actual
 14490.2 6030.22 4195.92 693.109 548.021
CTP_p0_proyectada
 0 0 0 0 0
 0 0 0 0 0
 0 0 0 0 0
 0 0 0 0 0
 0 0 0 0 0
 0 0 0 0 0
Wmedp
 7.54 17.45 24.07 31.32 35.25
Frms_r0
 0.073445 0.139255 0.146147 0.146529 0.146549
Zrms_r0
 1.07344 1.13925 1.14615 1.14653 1.14655
nmprior
 7.29 8.9 8.7 0
nm_flota  nm_reclas  nm_pelaces    nm_pelaL
inf 10.5742 14.5262 42.3654
cv_recla  cv_pelaces  cv_mph
0.281751 0.493782 0.730786
 ------------------------------------------------
Talla a la edad & desviaci?n 
 8 13.2811 15.8009 17.003 17.5766
 0.8 1.32811 1.58009 1.7003 1.75766
