years
 1991 1992 1993 1994 1995 1996 1997 1998 1999 2000 2001 2002 2003 2004 2005 2006 2007 2008 2009 2010 2011 2012 2013 2014 2015 2016 2017 2018 2019 2020 2021 2022 2023
reclasobs
 0 0 0 0 0 0 0 0 0 252601 567819 844713 477998 351125 339783 2.1784e+06 2.13404e+06 4.81314e+06 1.55562e+06 2.62356e+06 3.21686e+06 3.843e+06 1.13348e+06 3.07943e+06 1.97215e+06 2.03268e+06 2.025e+06 2.42433e+06 2.27542e+06 1.05018e+06 2.36338e+06 3.18982e+06 1.53035e+06
reclaspred
 2.85655e+06 1.60755e+06 849213 869710 870650 1.1721e+06 729841 659221 462537 340719 558576 728233 580403 320456 470437 1.53507e+06 1.66096e+06 2.7476e+06 2.05689e+06 2.0625e+06 3.56837e+06 2.62882e+06 2.01275e+06 2.95181e+06 2.28952e+06 2.07329e+06 2.32345e+06 2.55453e+06 2.25259e+06 1.70244e+06 1.94448e+06 2.10514e+06 1.66283e+06
pelacesobs
 0 0 0 0 0 0 0 0 0 0 0 0 0 0 0 552880 188675 0 991730 2.46772e+06 1.41603e+06 1.21717e+06 2.29649e+06 1.80582e+06 0 1.4828e+06 1.56532e+06 1.57751e+06 1.42118e+06 867257 1.10002e+06 1.06204e+06 0
pelacespred
 1.49199e+06 941074 495622 415430 430579 595468 350737 382268 261218 182467 298637 345873 296950 168829 262292 717495 773696 1.44382e+06 1.15032e+06 1.02074e+06 1.73391e+06 1.46156e+06 1.08571e+06 1.71266e+06 1.27854e+06 1.14817e+06 1.46782e+06 1.45712e+06 1.15324e+06 1.00484e+06 1.00976e+06 1.09e+06 892891
mphobs
 0 0 0 0 0 0 0 0 0 0 0 0 498337 0 5186 125008 0 168611 109162 213762 579715 649985 157893 87575 83554 210694 70296 0 107559 103333 445601 22526 28222
mphpred
 456613 306964 154342 89436.7 101101 110498 123910 77672.3 68766.4 46017.8 31302.4 73206.2 85315.3 51856.8 24428.4 49222.9 202460 208894 277483 321972 473178 528696 107600 86724.8 122495 99881.9 88060 91449 128843 102063 67375.4 91855.5 65844.4
desembarqueobs
 494567 514787 250237 358949 120608 361735 552515 73892 212993 205616 52469 317467 293654 387597 252695 516296 358380 742168 942051 627588 828172 859565 418607 520667 417249 300574 415391 372974 316634 284311 391294 218835 356480
desembarquepred
 494571 513177 251076 358992 120615 361777 552650 73898 213069 205679 52470.2 317512 293847 388050 252672 516282 358430 742191 942066 627470 828276 859703 418656 520710 417250 300584 415411 372969 316631 284292 391283 218850 356508
Reclutas
 229094 117932 154191 229556 185304 250796 108242 56072.7 46171.1 65462.6 204544 198674 90297 57667.8 129446 768635 169874 786469 444284 658469 647701 758294 149097 513823 467346 204068 423105 532244 200322 186832 367148 183739 290892
log_desv_Rt
 0.0195634 -0.64446 -0.376378 0.0215774 -0.192571 0.110072 -0.730203 -1.38792 -1.58221 -1.23309 -0.0937854 -0.122903 -0.911465 -1.35987 -0.551306 1.23005 -0.279512 1.25298 0.681896 1.07535 1.05886 1.2165 -0.409974 0.827309 0.732502 -0.0961178 0.633051 0.862533 -0.114644 -0.18436 0.491197 -0.201052 0.258382
SSB
 4.11053e+06 2.76336e+06 1.38942e+06 805129 910134 994726 1.11547e+06 699223 619050 414262 281791 659018 737831 458373 213385 431472 1.82259e+06 1.88051e+06 2.56489e+06 1.82436e+06 2.74079e+06 3.18658e+06 2.72706e+06 2.12633e+06 2.83479e+06 2.43994e+06 2.03873e+06 2.04585e+06 2.97817e+06 2.23299e+06 1.65415e+06 2.31171e+06 1.54316e+06
BT
 5.45908e+06 3.68839e+06 1.92764e+06 1.70432e+06 1.54813e+06 2.31542e+06 1.69557e+06 1.35245e+06 1.09722e+06 814934 1.05123e+06 1.43006e+06 1.26598e+06 977360 1.13881e+06 2.83981e+06 2.88526e+06 5.51061e+06 4.81293e+06 4.00363e+06 6.47969e+06 5.78011e+06 4.03013e+06 6.2535e+06 4.70454e+06 4.13361e+06 5.36709e+06 5.26934e+06 4.14625e+06 3.6589e+06 3.75451e+06 3.84595e+06 3.3277e+06
Ftot
 0.110554 0.198642 0.192248 0.314349 0.100644 0.239877 0.497018 0.0804908 0.327225 0.435077 0.089339 0.335152 0.346875 0.843265 0.519033 0.346045 0.151315 0.224909 0.333733 0.248849 0.177366 0.244542 0.13802 0.147183 0.1333 0.102004 0.14525 0.126681 0.0927296 0.115658 0.16514 0.0728393 0.166207
BD_Bspro_t
 0.982584 0.878106 0.749608 0.688338 0.690035 0.745378 0.702521 0.555033 0.614704 0.561791 0.535008 0.787441 0.695717 0.539721 0.361909 0.533504 0.742439 0.728596 0.742411 0.653092 0.700721 0.725489 0.72207 0.708696 0.786788 0.798944 0.803 0.818265 0.858231 0.82355 0.796382 0.828599 0.831176
BD_Bspro
 2.53972 1.70736 0.858462 0.497455 0.562333 0.614599 0.689201 0.43202 0.382485 0.255955 0.174107 0.407179 0.455874 0.283209 0.131842 0.266588 1.1261 1.16189 1.58474 1.1272 1.69342 1.96886 1.68493 1.31377 1.7515 1.50753 1.25964 1.26404 1.84008 1.37967 1.02203 1.4283 0.953456
BD_Bo
 2.31956 1.55936 0.784045 0.454332 0.513587 0.561321 0.629456 0.39457 0.349328 0.233767 0.159014 0.371882 0.416356 0.258659 0.120413 0.243479 1.02848 1.06117 1.44736 1.02948 1.54662 1.79818 1.53887 1.19988 1.59967 1.37685 1.15045 1.15447 1.68057 1.26007 0.933433 1.30449 0.870804
BD_Brms
 2.48455 1.67027 0.839812 0.486648 0.550117 0.601247 0.674228 0.422635 0.374175 0.250395 0.170324 0.398333 0.445971 0.277056 0.128977 0.260797 1.10164 1.13665 1.55031 1.10271 1.65663 1.92608 1.64833 1.28523 1.71345 1.47478 1.23228 1.23658 1.80011 1.3497 0.999826 1.39728 0.932742
Sel_flota
 0.491355 0.948332 0.997141 0.999849 0.999992
 0.491355 0.948332 0.997141 0.999849 0.999992
 0.491355 0.948332 0.997141 0.999849 0.999992
 0.491355 0.948332 0.997141 0.999849 0.999992
 0.491355 0.948332 0.997141 0.999849 0.999992
 0.491355 0.948332 0.997141 0.999849 0.999992
 0.491355 0.948332 0.997141 0.999849 0.999992
 0.491355 0.948332 0.997141 0.999849 0.999992
 0.491355 0.948332 0.997141 0.999849 0.999992
 0.491355 0.948332 0.997141 0.999849 0.999992
 0.491355 0.948332 0.997141 0.999849 0.999992
 0.491355 0.948332 0.997141 0.999849 0.999992
 0.491355 0.948332 0.997141 0.999849 0.999992
 0.491355 0.948332 0.997141 0.999849 0.999992
 0.491355 0.948332 0.997141 0.999849 0.999992
 0.491355 0.948332 0.997141 0.999849 0.999992
 0.491355 0.948332 0.997141 0.999849 0.999992
 0.491355 0.948332 0.997141 0.999849 0.999992
 0.491355 0.948332 0.997141 0.999849 0.999992
 0.491355 0.948332 0.997141 0.999849 0.999992
 0.491355 0.948332 0.997141 0.999849 0.999992
 0.491355 0.948332 0.997141 0.999849 0.999992
 0.491355 0.948332 0.997141 0.999849 0.999992
 0.491355 0.948332 0.997141 0.999849 0.999992
 0.491355 0.948332 0.997141 0.999849 0.999992
 0.491355 0.948332 0.997141 0.999849 0.999992
 0.491355 0.948332 0.997141 0.999849 0.999992
 0.491355 0.948332 0.997141 0.999849 0.999992
 0.491355 0.948332 0.997141 0.999849 0.999992
 0.491355 0.948332 0.997141 0.999849 0.999992
 0.491355 0.948332 0.997141 0.999849 0.999992
 0.491355 0.948332 0.997141 0.999849 0.999992
 0.491355 0.948332 0.997141 0.999849 0.999992
Sel_reclas
 1 1 1 1 1
 1 1 1 1 1
 1 1 1 1 1
 1 1 1 1 1
 1 1 1 1 1
 1 1 1 1 1
 1 1 1 1 1
 1 1 1 1 1
 1 1 1 1 1
 1 1 1 1 1
 1 1 1 1 1
 1 1 1 1 1
 1 1 1 1 1
 1 1 1 1 1
 1 1 1 1 1
 1 1 1 1 1
 1 1 1 1 1
 1 1 1 1 1
 1 1 1 1 1
 1 1 1 1 1
 1 1 1 1 1
 1 1 1 1 1
 1 1 1 1 1
 1 1 1 1 1
 1 1 1 1 1
 1 1 1 1 1
 1 1 1 1 1
 1 1 1 1 1
 1 1 1 1 1
 1 1 1 1 1
 1 1 1 1 1
 1 1 1 1 1
 1 1 1 1 1
Sel_pelaces
 1 1 1 1 1
 1 1 1 1 1
 1 1 1 1 1
 1 1 1 1 1
 1 1 1 1 1
 1 1 1 1 1
 1 1 1 1 1
 1 1 1 1 1
 1 1 1 1 1
 1 1 1 1 1
 1 1 1 1 1
 1 1 1 1 1
 1 1 1 1 1
 1 1 1 1 1
 1 1 1 1 1
 1 1 1 1 1
 1 1 1 1 1
 1 1 1 1 1
 1 1 1 1 1
 1 1 1 1 1
 1 1 1 1 1
 1 1 1 1 1
 1 1 1 1 1
 1 1 1 1 1
 1 1 1 1 1
 1 1 1 1 1
 1 1 1 1 1
 1 1 1 1 1
 1 1 1 1 1
 1 1 1 1 1
 1 1 1 1 1
 1 1 1 1 1
 1 1 1 1 1
pf_obs 
 0.8446 0.082 0.0669 0.0065 0
 0.8095 0.147 0.0364 0.0071 0
 0.9664 0.0169 0.016 0.0007 0
 0.9276 0.0648 0.0075 0.0001 0
 0.7033 0.2144 0.0806 0.0017 0
 0.9318 0.0425 0.0243 0.0014 0
 0.5671 0.3108 0.0964 0.0239 0.0018
 0.0768 0.2599 0.5324 0.112 0.0189
 0.490249 0.384438 0.106611 0.0170017 0.00170017
 0.7925 0.1577 0.0466 0.003 0.0002
 0.840416 0.127587 0.0312969 0.00059994 9.999e-05
 0.8084 0.0986 0.0794 0.0134 0.0002
 0.7335 0.1905 0.0724 0.0035 0.0001
 0.4001 0.4547 0.1325 0.0127 0
 0.49795 0.308269 0.164784 0.0264974 0.00249975
 0.9179 0.0499 0.0305 0.0017 0
 0.2467 0.6533 0.0926 0.0074 0
 0.9418 0.0223 0.034 0.0019 0
 0.707729 0.231977 0.0356964 0.0245975 0
 0.517169 0.277429 0.184464 0.0207286 0.00020938
 0.811772 0.124168 0.05621 0.00726502 0.000585176
 0.764997 0.148141 0.077277 0.00933861 0.000247198
 0.163321 0.427699 0.378323 0.0303852 0.000271297
 0.753843 0.0900009 0.118128 0.0371064 0.000921714
 0.721811 0.176058 0.0630433 0.0369309 0.00215725
 0.143369 0.312575 0.442814 0.0836902 0.0175525
 0.692698 0.0596174 0.167031 0.0765114 0.00414204
 0.394062 0.376323 0.152708 0.0712218 0.00568511
 0.125707 0.32114 0.495352 0.0537591 0.00404204
 0.23352 0.215282 0.420074 0.123614 0.00750983
 0.796117 0.104755 0.0508955 0.0450114 0.00322123
 0.162477 0.292055 0.404252 0.121198 0.0200186
 0 0 0 0 0
pf_pred 
 0.318351 0.114607 0.539543 0.0274967 1.00616e-06
 0.27622 0.347759 0.0659498 0.295074 0.014997
 0.476735 0.226568 0.146698 0.0263715 0.123628
 0.612066 0.25075 0.0612558 0.0375991 0.0383292
 0.507966 0.375659 0.0767678 0.0177166 0.0218906
 0.581759 0.277873 0.108459 0.0210698 0.01084
 0.355134 0.475239 0.114785 0.0424043 0.0124379
 0.338759 0.358211 0.227006 0.0515023 0.0245222
 0.389118 0.303814 0.170212 0.102593 0.0342635
 0.591273 0.233143 0.0899153 0.0475546 0.0381143
 0.807105 0.145627 0.0276802 0.0100473 0.00954049
 0.574641 0.378181 0.0360616 0.00651754 0.00459921
 0.370984 0.461468 0.14991 0.0134922 0.00414591
 0.404119 0.328331 0.199322 0.0610662 0.00716181
 0.765858 0.145964 0.0502273 0.0283025 0.00964836
 0.909789 0.0791501 0.00706268 0.00228063 0.00171716
 0.265762 0.700191 0.0300849 0.00253346 0.00142944
 0.750438 0.102483 0.140592 0.00573408 0.000753142
 0.447906 0.474288 0.0329827 0.0428516 0.0019714
 0.616054 0.239248 0.125325 0.00822718 0.0111456
 0.552673 0.341535 0.0672882 0.0333623 0.00514128
 0.571173 0.303466 0.0969167 0.0181105 0.0103333
 0.188945 0.589599 0.159229 0.0481408 0.0140859
 0.624153 0.116895 0.190908 0.048963 0.0190805
 0.52 0.368283 0.0360183 0.0558493 0.019849
 0.311667 0.465624 0.172966 0.016068 0.0336741
 0.594886 0.18856 0.148893 0.0525821 0.0150788
 0.591435 0.303522 0.0502722 0.0376918 0.0170795
 0.297093 0.517507 0.139576 0.0219632 0.0238613
 0.385683 0.274502 0.253507 0.0650209 0.0212874
 0.624706 0.206767 0.077464 0.0679828 0.0230805
 0.37257 0.480723 0.082778 0.0294306 0.0344978
 0.558251 0.234179 0.160904 0.0263622 0.0203028
pobs_RECLAS
 0 0 0 0 0
 0 0 0 0 0
 0 0 0 0 0
 0 0 0 0 0
 0 0 0 0 0
 0 0 0 0 0
 0 0 0 0 0
 0 0 0 0 0
 0 0 0 0 0
 0 0 0 0 0
 0.991045 0.00858322 0.000360255 1.14367e-05 0
 0.934742 0.0480273 0.0164251 0.00080598 0
 0.827803 0.169806 0.00239088 0 0
 0.941827 0.0461693 0.0120037 0 0
 0.791401 0.0380133 0.147996 0.0225897 0
 0.846168 0.0940531 0.0597789 0 0
 0.134021 0.677848 0.182769 0.00536245 0
 0.80878 0.0450904 0.141981 0.00414843 0
 0.846168 0.0940531 0.0597789 0 0
 0.905697 0.0802665 0.012482 0.00150086 5.37128e-05
 0.989698 0.0102097 9.19794e-05 0 0
 0.975433 0.0193895 0.00387452 0.00125025 5.28907e-05
 0.303575 0.632131 0.0575291 0.00676475 0
 0.966965 0.00978017 0.0227588 0.000495775 0
 0.843318 0.132988 0.00938335 0.0141283 0.000182051
 0.564624 0.303363 0.111486 0.0197234 0.00080311
 0.826376 0.0876187 0.0782897 0.00655872 0.00115652
 0.89761 0.0855135 0.0140674 0.00269457 0.000114338
 0.34875 0.467042 0.161289 0.0227151 0.000203297
 0.318654 0.224769 0.449479 0.00709798 0
 0.937255 0.0296025 0.0250945 0.00804832 0
 0.456809 0.399803 0.12412 0.0192676 0
 0.883104 0.0372192 0.0704036 0.00927362 0
ppred_RECLAS
 0.485684 0.0901901 0.403612 0.0205129 7.50502e-07
 0.432932 0.28003 0.0504584 0.225139 0.0114409
 0.646119 0.157807 0.0970871 0.0174049 0.0815818
 0.758857 0.158788 0.0368318 0.0225442 0.0229786
 0.669384 0.255457 0.0496267 0.0114217 0.0141105
 0.734029 0.179764 0.0666524 0.0129124 0.00664217
 0.524944 0.355007 0.0813122 0.0299526 0.00878429
 0.50376 0.275122 0.165759 0.0375042 0.0178546
 0.56166 0.223827 0.119058 0.0715591 0.0238955
 0.744746 0.148967 0.0545064 0.0287454 0.0230356
 0.891372 0.0830353 0.0150046 0.00543149 0.00515676
 0.727009 0.244101 0.0220981 0.00398266 0.00281001
 0.539741 0.34231 0.105564 0.00947426 0.00291084
 0.585122 0.234419 0.134545 0.0410952 0.00481885
 0.868654 0.08355 0.0272592 0.015316 0.00522046
 0.952166 0.0422367 0.00357782 0.00115207 0.000867307
 0.413354 0.56074 0.022898 0.00192295 0.00108482
 0.857929 0.0601167 0.0783494 0.00318666 0.00041849
 0.615656 0.332624 0.0219605 0.0284513 0.00130872
 0.761423 0.151547 0.0754065 0.00493644 0.00668653
 0.708588 0.225194 0.0421604 0.020846 0.003212
 0.725083 0.197476 0.0599082 0.0111638 0.00636874
 0.314352 0.505373 0.129721 0.0391119 0.0114424
 0.769605 0.0742285 0.115215 0.0294686 0.0114821
 0.680278 0.248274 0.0230789 0.0356876 0.0126817
 0.471429 0.363429 0.128338 0.0118896 0.0249137
 0.745554 0.121711 0.0913423 0.0321693 0.00922373
 0.73996 0.195743 0.0308163 0.0230414 0.0104393
 0.453467 0.407755 0.10455 0.0164067 0.017822
 0.555971 0.204066 0.179142 0.0458215 0.0149995
 0.768029 0.130805 0.0465711 0.0407586 0.0138357
 0.537692 0.358436 0.0586813 0.0208064 0.0243853
 0.715542 0.154445 0.100847 0.0164771 0.012688
pobs_PELACES
 0 0 0 0 0
 0 0 0 0 0
 0 0 0 0 0
 0 0 0 0 0
 0 0 0 0 0
 0 0 0 0 0
 0 0 0 0 0
 0 0 0 0 0
 0 0 0 0 0
 0 0 0 0 0
 0 0 0 0 0
 0 0 0 0 0
 0 0 0 0 0
 0 0 0 0 0
 0 0 0 0 0
 0 0 0 0 0
 0.505614 0.472636 0.0217494 0 0
 0 0 0 0 0
 0.443492 0.261883 0.143347 0.151278 0
 0.227955 0.32914 0.350689 0.0885471 0.00366901
 0.970185 0.0296113 0.000203453 0 0
 0.997202 0.00247181 0.000326279 0 0
 0.445219 0.490057 0.0546422 0.010081 0
 0.90214 0.0892962 0.00764917 0.000914606 0
 0 0 0 0 0
 0.581667 0.319106 0.0959925 0.00289975 0.000334073
 0.762889 0.0836404 0.116647 0.0363945 0.000428098
 0.88444 0.0763242 0.0277011 0.0115352 0
 0.521256 0.241999 0.230069 0.00667565 0
 0.616807 0.101726 0.260614 0.0208532 0
 0.833518 0.0704572 0.0857862 0.0102388 0
 0.697417 0.212968 0.0787535 0.0105354 0.000325836
 0 0 0 0 0
ppred_PELACES
 0.490217 0.0895268 0.399931 0.0203239 7.4358e-07
 0.440718 0.276653 0.0496907 0.221674 0.0112647
 0.65312 0.154958 0.0950399 0.017035 0.0798471
 0.767743 0.15321 0.0353583 0.0216363 0.0220528
 0.672817 0.252899 0.0490503 0.011288 0.0139453
 0.741274 0.175089 0.0646686 0.0125254 0.00644302
 0.544101 0.341392 0.0775702 0.0285614 0.00837611
 0.506941 0.273519 0.16458 0.0372347 0.0177262
 0.574415 0.217889 0.11529 0.0692741 0.0231321
 0.757567 0.141909 0.0515612 0.0271816 0.0217819
 0.892703 0.0820465 0.0148046 0.00535866 0.0050876
 0.737036 0.235271 0.0211841 0.00381679 0.00269294
 0.553061 0.332881 0.102084 0.00915913 0.00281397
 0.617032 0.217684 0.123255 0.0376183 0.00441096
 0.877664 0.0780612 0.0252564 0.0141841 0.00483453
 0.954516 0.0401881 0.00338536 0.00108977 0.000820386
 0.418924 0.555476 0.0226278 0.00190001 0.00107186
 0.862262 0.0584054 0.0758438 0.00308413 0.000405021
 0.627667 0.322469 0.0211759 0.0274266 0.00126156
 0.768435 0.14731 0.0730048 0.00477815 0.00647205
 0.714215 0.220992 0.0412556 0.0203955 0.00314255
 0.732592 0.192298 0.0581078 0.0108259 0.00617593
 0.318984 0.502256 0.128635 0.0387796 0.0113451
 0.773803 0.0729951 0.113033 0.0289066 0.011263
 0.684742 0.24493 0.0227192 0.0351272 0.0124824
 0.475394 0.360891 0.127233 0.0117861 0.0246968
 0.749919 0.119771 0.0896765 0.0315785 0.00905428
 0.743718 0.193014 0.0303248 0.0226713 0.0102716
 0.45703 0.405252 0.103753 0.0162803 0.0176846
 0.560524 0.20218 0.177156 0.0453088 0.0148316
 0.772646 0.128355 0.0455773 0.039883 0.0135384
 0.540488 0.356364 0.0582736 0.0206606 0.0242143
 0.720866 0.151743 0.0988176 0.0161431 0.0124307
pobs_pel_tallas
 0 0 0 0 0 0 0 0 0 0 0 0 0 0 0 0 0 0 0 0 0 0 0 0 0 0
 0 0 0 0 0 0 0 0 0 0 0 0 0 0 0 0 0 0 0 0 0 0 0 0 0 0
 0 0 0 0 0 0 0 0 0 0 0 0 0 0 0 0 0 0 0 0 0 0 0 0 0 0
 0 0 0 0 0 0 0 0 0 0 0 0 0 0 0 0 0 0 0 0 0 0 0 0 0 0
 0 0 0 0 0 0 0 0 0 0 0 0 0 0 0 0 0 0 0 0 0 0 0 0 0 0
 0 0 0 0 0 0 0 0 0 0 0 0 0 0 0 0 0 0 0 0 0 0 0 0 0 0
 0 0 0 0 0 0 0 0 0 0 0 0 0 0 0 0 0 0 0 0 0 0 0 0 0 0
 0 0 0 0 0 0 0 0 0 0 0 0 0 0 0 0 0 0 0 0 0 0 0 0 0 0
 0 0 0 0 0 0 0 0 0 0 0 0 0 0 0 0 0 0 0 0 0 0 0 0 0 0
 0 0 0 0 0 0 0 0 0 0 0 0 0 0 0 0 0 0 0 0 0 0 0 0 0 0
 0 0 0 0 0 0 0 0 0 0 0 0 0 0 0 0 0 0 0 0 0 0 0 0 0 0
 0 0 0 0 0 0 0 0 0 0 0 0 0 0 0 0 0 0 0 0 0 0 0 0 0 0
 0.00862536 0 0 0.000197151 0.00414017 0.0128641 0.00837892 0.0270097 0.101434 0.158115 0.152841 0.127902 0.109271 0.109419 0.0830992 0.0579132 0.0238553 0.00714673 0.00463305 0.00128148 0.00103504 0.000492878 0.000147863 0.000147863 4.92878e-05 0
 0 0 0 0 0 0 0 0 0 0 0 0 0 0 0 0 0 0 0 0 0 0 0 0 0 0
 0 0 0 0 0 0 0 0.0054083 0.00873648 0.0413646 0.0450493 0.0745869 0.0622846 0.0627006 0.0613931 0.0827291 0.12552 0.122667 0.0946155 0.0697135 0.0546179 0.0294188 0.0215738 0.0213955 0.0102223 0.00600262
 0 0 0 0 0.00359764 0.0251062 0.0480494 0.140153 0.205849 0.193036 0.1447 0.116669 0.0760912 0.0342217 0.00950174 0.001854 0.000860785 0 0 0 0.000165536 0 0.000143464 0 0 0
 0 0 0 0 0 0 0 0.000145254 0.000435761 0.0275982 0.070085 0.0708112 0.156366 0.174668 0.174014 0.160142 0.0824315 0.0480064 0.0283245 0.00493863 0.00203355 0 0 0 0 0
 0 0 0 0 0 0 0 0 0 0 0 0 0 0 0 0 0 0 0 0 0 0 0 0 0 0
 0 0 1.00437e-05 0.000401748 0.00122533 0.00171747 0.00176769 0.0269171 0.070346 0.194647 0.189555 0.159765 0.064822 0.0314167 0.0384472 0.0292271 0.0345202 0.0313363 0.0194345 0.0106764 0.0143323 0.0359363 0.0279516 0.0138201 0.00172751 0
 0 0.0021121 0.0136068 0.0755702 0.200478 0.177729 0.0527432 0.0373336 0.0318909 0.0142505 0.0149659 0.0166563 0.0217959 0.0798694 0.0677717 0.0528807 0.04013 0.0224614 0.0357745 0.0225083 0.00881397 0.00855152 0.00135912 0.000746735 0 0
 0 0 0 0 5.4009e-05 0.00500934 0.000945158 0.0243581 0.138947 0.33067 0.221406 0.137944 0.0707744 0.0437923 0.0131692 0.00525238 0.0047753 0.00276346 9.45158e-05 9.00151e-06 2.25038e-05 9.00151e-06 4.50075e-06 0 0 0
 0.000866109 0.00284123 0.00948549 0.0512746 0.133035 0.25785 0.225252 0.132002 0.0553304 0.0519788 0.0540692 0.017754 0.00435017 0.00159236 0.00146478 0.000404838 0.000125132 0.000115318 0.000107957 0.000100596 0 0 0 0 0 0
 0 0 0 0 0.00144013 0.00171154 0.00461396 0.0210425 0.0478622 0.0707936 0.0888783 0.103762 0.0637923 0.0337046 0.0602308 0.124433 0.169614 0.0934646 0.0462172 0.0250306 0.0313229 0.00938855 0.002487 0.000210481 0 0
 0 0.00764035 0.051015 0.0998891 0.058973 0.0496711 0.0374665 0.0718981 0.12319 0.153886 0.159021 0.0857701 0.0377988 0.023471 0.0147837 0.00900784 0.00315554 0.000888139 0.00291439 0.00214683 0.00393193 0.00274676 0.000635225 9.99891e-05 0 0
 0 0 0 0 0 0 0 0 0 0 0 0 0 0 0 0 0 0 0 0 0 0 0 0 0 0
 0 0 0 0 0 0 0 0 0 0 0 0 0 0 0 0 0 0 0 0 0 0 0 0 0 0
 0 0 0 0 0 0 0 0 0 0 0 0 0 0 0 0 0 0 0 0 0 0 0 0 0 0
 0 0 0 0 0 0 0 0 0 0 0 0 0 0 0 0 0 0 0 0 0 0 0 0 0 0
 0 0 0 0 0 0 0 0 0 0 0 0 0 0 0 0 0 0 0 0 0 0 0 0 0 0
 0 0 0 0 0 0 0 0 0 0 0 0 0 0 0 0 0 0 0 0 0 0 0 0 0 0
 0 0 0 0 0 0 0 0 0 0 0 0 0 0 0 0 0 0 0 0 0 0 0 0 0 0
 0 0 0 0 0 0 0 0 0 0 0 0 0 0 0 0 0 0 0 0 0 0 0 0 0 0
 0 0 0 0 0 0 0 0 0 0 0 0 0 0 0 0 0 0 0 0 0 0 0 0 0 0
ppred_pel_tallas
 1.13603e-16 4.03786e-05 0.000392494 0.00260826 0.0118568 0.0368909 0.0786003 0.114721 0.114731 0.0786457 0.0370451 0.0123098 0.0037742 0.0030333 0.00533512 0.0094828 0.0153436 0.0227976 0.0316145 0.0414744 0.0517802 0.0613412 0.0683294 0.0708175 0.067694 0.0593403
 1.25642e-16 3.63014e-05 0.000352862 0.0023449 0.0106596 0.033166 0.0706647 0.103143 0.10317 0.0707955 0.0336055 0.0119304 0.00554068 0.00734951 0.0133877 0.0222543 0.0325114 0.0419383 0.0484026 0.0511901 0.0515327 0.0517496 0.0536147 0.0571945 0.0609075 0.0625581
 1.18004e-16 5.37966e-05 0.000522922 0.003475 0.0157969 0.04915 0.10472 0.152845 0.15286 0.104794 0.0493978 0.0165145 0.005283 0.00449253 0.0076608 0.0127616 0.018816 0.0246108 0.0289723 0.031446 0.0325712 0.0334369 0.0348636 0.0368601 0.0386958 0.0394003
 1.06962e-16 6.3238e-05 0.000614696 0.00408487 0.0185692 0.0577759 0.123098 0.179668 0.179683 0.12317 0.0580188 0.0192713 0.00584893 0.00447137 0.00740515 0.0121895 0.0176697 0.0224789 0.0252833 0.0255099 0.023696 0.0211088 0.0189365 0.0176791 0.0171003 0.0166042
 1.04973e-16 5.54191e-05 0.000538693 0.00357981 0.0162733 0.0506324 0.107879 0.157457 0.157482 0.107998 0.0510328 0.0174302 0.00648489 0.00688455 0.0121194 0.0199803 0.0288538 0.03645 0.0404736 0.0398752 0.0354678 0.029347 0.0235991 0.0193075 0.0164359 0.0143632
 1.04258e-16 6.10578e-05 0.000593504 0.00394404 0.0179291 0.055784 0.118854 0.173475 0.173492 0.118937 0.0560623 0.0187335 0.00596651 0.00501905 0.00849682 0.0140311 0.0203956 0.0260449 0.0294372 0.0298507 0.0277758 0.0245034 0.0212631 0.0186096 0.016422 0.0143184
 1.06608e-16 4.48169e-05 0.000435636 0.00289496 0.0131601 0.0409461 0.0872412 0.127338 0.127371 0.0874022 0.041487 0.0147232 0.00682127 0.00901559 0.0163657 0.0270539 0.0391316 0.0495585 0.0552618 0.0548306 0.0493312 0.0415172 0.0340964 0.0284235 0.0243867 0.0211619
 1.11554e-16 4.17561e-05 0.000405884 0.00269725 0.0122613 0.0381496 0.0812828 0.11864 0.118667 0.0814127 0.0385865 0.0135258 0.00588138 0.00739055 0.013406 0.0223569 0.0328126 0.0425482 0.0492969 0.0519912 0.0512958 0.0489226 0.0463278 0.0438852 0.0410561 0.0371583
 1.14245e-16 4.73139e-05 0.000459908 0.00305625 0.0138933 0.0432272 0.092101 0.134429 0.13445 0.0922045 0.0435751 0.0149 0.00559132 0.00602063 0.0106875 0.0178053 0.02615 0.0339712 0.0395281 0.0420733 0.0422609 0.0415535 0.0411139 0.0410861 0.0407258 0.0390897
 1.07937e-16 6.23998e-05 0.000606548 0.00403073 0.0183231 0.0570101 0.121466 0.177287 0.1773 0.121534 0.0572357 0.0189758 0.00567211 0.00420021 0.00691894 0.0114241 0.0166543 0.0213852 0.0244245 0.0252608 0.0243628 0.0228125 0.0215681 0.0209391 0.0205945 0.0199511
 1.01847e-16 7.35308e-05 0.000714745 0.00474973 0.0215916 0.0671795 0.143133 0.208909 0.208917 0.143172 0.0673094 0.0219668 0.005692 0.00277294 0.00398607 0.00648328 0.00935637 0.0118188 0.0131251 0.0129394 0.0115323 0.00959027 0.00779323 0.00648802 0.00564933 0.0050562
 1.01511e-16 6.07087e-05 0.00059011 0.00392149 0.0178265 0.0554651 0.118175 0.172485 0.172507 0.118286 0.0558367 0.0188997 0.00661418 0.00646502 0.0112087 0.018409 0.0264538 0.0331416 0.0362709 0.0348263 0.0295848 0.0225998 0.0159909 0.0109774 0.00770665 0.00569784
 1.04426e-16 4.5555e-05 0.000442811 0.00294264 0.0133768 0.0416204 0.0886779 0.129435 0.129467 0.0888351 0.0421486 0.0149034 0.00677846 0.00882966 0.0160122 0.026499 0.0383989 0.0487632 0.0545908 0.0544561 0.0492927 0.0416414 0.0340158 0.027702 0.0226967 0.0184283
 1.08132e-16 5.08242e-05 0.000494029 0.003283 0.014924 0.0464344 0.0989341 0.144402 0.144423 0.0990374 0.0467818 0.0159296 0.0058146 0.00604562 0.0106681 0.01775 0.02602 0.0336794 0.0389107 0.0408583 0.0400583 0.0378949 0.035558 0.033376 0.0309431 0.0277294
 1.0299e-16 7.2292e-05 0.000702704 0.00466972 0.0212279 0.0660478 0.140722 0.20539 0.205397 0.140759 0.0661718 0.0215864 0.00557104 0.00267491 0.00383161 0.00625668 0.00909377 0.0116249 0.0131739 0.0134413 0.0126731 0.0114669 0.0103727 0.00960501 0.00904194 0.00842607
 1.00357e-16 7.86223e-05 0.000764236 0.00507862 0.0230867 0.0718312 0.153044 0.223373 0.223377 0.153063 0.0718947 0.02327 0.00553855 0.00176772 0.00198278 0.00314926 0.00451915 0.00566237 0.00619983 0.00595959 0.00507656 0.00390332 0.00280237 0.00197981 0.00145581 0.00114139
 1.01167e-16 3.45064e-05 0.000335414 0.00222895 0.0101325 0.0315263 0.067172 0.0980507 0.0981042 0.0674331 0.0324027 0.0126628 0.00857569 0.0141752 0.0262741 0.0432642 0.0620434 0.0774363 0.0841897 0.0798773 0.0663734 0.0486533 0.0319208 0.0192702 0.0112094 0.00665375
 1.02582e-16 7.10234e-05 0.000690372 0.00458777 0.0208553 0.0648887 0.138252 0.201785 0.20179 0.13828 0.0649832 0.0211297 0.00528155 0.00222143 0.00302704 0.0050173 0.00751146 0.0100483 0.0121851 0.0136787 0.0145589 0.01498 0.0149969 0.0144888 0.0132919 0.0113986
 1.03658e-16 5.17002e-05 0.000502544 0.00333958 0.0151813 0.0472348 0.10064 0.146893 0.146924 0.100792 0.047744 0.0166518 0.00702939 0.00855273 0.0153271 0.025223 0.0362538 0.0454395 0.0497905 0.0479558 0.0410494 0.0319221 0.0234746 0.017309 0.0134965 0.0112217
 1.03719e-16 6.3295e-05 0.00061525 0.00408856 0.018586 0.057828 0.123209 0.17983 0.179845 0.123279 0.0580626 0.0192648 0.00579629 0.00435618 0.00720585 0.0119111 0.0173814 0.0223342 0.0254898 0.0262325 0.0249245 0.0225595 0.0200644 0.0178254 0.0157286 0.0135187
 1.03825e-16 5.8829e-05 0.000571839 0.00380007 0.0172746 0.0537477 0.114516 0.167144 0.167165 0.11462 0.0540976 0.0182854 0.00633854 0.00611687 0.0106005 0.01746 0.0252144 0.0318556 0.0353794 0.0348705 0.0310377 0.0257044 0.0206779 0.0168839 0.014274 0.0123049
 1.03857e-16 6.03427e-05 0.000586553 0.00389785 0.0177191 0.0551307 0.117462 0.171444 0.171462 0.117553 0.0554358 0.018601 0.00611417 0.0054329 0.00928824 0.0153221 0.0222121 0.0282381 0.0316812 0.0317395 0.028975 0.0248685 0.0208633 0.017663 0.0151967 0.0130518
 1.0965e-16 2.62744e-05 0.000255397 0.0016972 0.00771526 0.0240053 0.0511476 0.0746616 0.0747102 0.0513847 0.0248016 0.0100165 0.00747842 0.012892 0.0240731 0.0398815 0.0577438 0.0732398 0.0818648 0.0815351 0.0737777 0.0625686 0.051804 0.0434132 0.037224 0.0320823
 1.08086e-16 6.37371e-05 0.000619547 0.00411711 0.0187158 0.0582318 0.124069 0.181084 0.181091 0.124105 0.0583508 0.0190617 0.00499361 0.00256063 0.00383171 0.00644771 0.00978476 0.0133638 0.0167244 0.0196416 0.0221777 0.0244553 0.0263579 0.0274568 0.0272409 0.025453
 1.06354e-16 5.64013e-05 0.000548241 0.00364325 0.0165617 0.0515298 0.109791 0.160247 0.160271 0.109906 0.051917 0.01768 0.00645015 0.00667551 0.0116933 0.0192448 0.0277302 0.0349154 0.0385844 0.037768 0.0333487 0.0274808 0.0222865 0.0188297 0.0169647 0.0158767
 1.09126e-16 3.91576e-05 0.000380626 0.00252939 0.0114983 0.0357756 0.076225 0.11126 0.111295 0.0763956 0.0363488 0.0131555 0.00669523 0.00949427 0.0174052 0.028863 0.041927 0.0534639 0.0602848 0.0608984 0.056335 0.0493058 0.0424209 0.036901 0.032545 0.0285576
 1.07318e-16 6.17699e-05 0.000600425 0.00399004 0.0181381 0.0564345 0.12024 0.175497 0.175508 0.120297 0.0566265 0.0186943 0.00539211 0.00368148 0.00597331 0.00993554 0.0146797 0.0192501 0.0227079 0.0246222 0.0252708 0.0253182 0.0252467 0.025029 0.0242593 0.0225459
 1.04937e-16 6.12591e-05 0.000595461 0.00395705 0.0179882 0.055968 0.119246 0.174047 0.174066 0.119337 0.0562735 0.0188707 0.00617297 0.00543532 0.00926074 0.0152344 0.0219941 0.0277821 0.0308607 0.0304573 0.0272312 0.0228179 0.0188205 0.0160313 0.0143376 0.0131524
 1.07724e-16 3.76451e-05 0.000365923 0.00243169 0.0110541 0.0343937 0.0732809 0.106964 0.107003 0.0734722 0.0350362 0.0129106 0.0070954 0.0105591 0.0194322 0.0321601 0.0465454 0.0589975 0.0658672 0.0654607 0.0590069 0.0497286 0.0408079 0.033858 0.0287983 0.0247327
 1.12218e-16 4.61697e-05 0.000448786 0.00298234 0.0135573 0.0421819 0.0898737 0.131177 0.131197 0.0899702 0.0425067 0.0144987 0.00535751 0.00567373 0.0100868 0.0169111 0.0250811 0.0330655 0.0393054 0.0430573 0.0447154 0.0452704 0.0453869 0.0449134 0.0431602 0.0395749
 1.07639e-16 6.36419e-05 0.000618622 0.00411096 0.0186878 0.0581449 0.123884 0.180815 0.180828 0.123945 0.058349 0.0192784 0.00559628 0.00387128 0.00627168 0.0103503 0.0151041 0.0194318 0.0222709 0.0231775 0.0225874 0.0214744 0.0206734 0.0204052 0.0202976 0.0197629
 1.07943e-16 4.45193e-05 0.000432744 0.00287574 0.0130727 0.0406742 0.086662 0.126493 0.126527 0.0868299 0.0412382 0.0147018 0.00696615 0.00936583 0.0170213 0.0281003 0.0405521 0.0511683 0.056717 0.0557396 0.0494261 0.0407928 0.0328387 0.0271136 0.0235295 0.0211167
 1.06614e-16 5.93768e-05 0.000577163 0.00383545 0.0174354 0.0542482 0.115582 0.168698 0.168713 0.115654 0.0544908 0.0181377 0.00560435 0.00445895 0.0074912 0.0124466 0.0182899 0.0237679 0.0276281 0.0292749 0.0290585 0.0278954 0.0265552 0.0252183 0.0235833 0.0212955
pSPR Fmed_Fpbrs
1   0.983596 0.6 0.325 0.983596 0.983596 0.983596
Fs Fmed_Fpbrs
0   0.01 0.351527 0.904466 0.01 0.01 0.01
SSBpbr Bo_Bmed_Bpbrs
1.77211e+06  1.68351e+06  1.65444e+06 974663 487331 1.65444e+06 1.65444e+06 1.65444e+06
Ro
224656
SPR SPRFo_SPRFmed_SPRFpbrs
1.6185e+06 1.6185e+06 1.59195e+06
Fref
0
Nvult_r0
 192271 44723.9 29430.3 4810.6 3704.41
CTP_r0
 14516.6 6089.51 4184.09 685.514 527.946
YTP_r0
356508
Np
 290892 107013 39367.9 14482.6 7287.88
Nvult_p0
 183879 67645.2 24885.3 9154.78 4606.82
CTP_p0
 0 0 0 0 0
 0 0 0 0 0
 0 0 0 0 0
 0 0 0 0 0
 0 0 0 0 0
 0 0 0 0 0
YTP_p0
 0 0 0 0 0 0
CBA_c0
0
log_Ro
12.1423
likeval ReclasPelacesDesembMPH_pf_preclas_ppelaces_ptallas_desvR_qrecl_qpela
 41.8036 29.1861 0.116482 81.9428 240.607 140.066 110.923 0 28.3618 1.20661e-05 7.24886e-06 0.538353 2066.69 0 0
q_reclas_q_pelaces
0.611863 0.683343
M
1
N
 229094 43630.4 195779 9951.65 0.364101
 117932 79823 14453.1 64505.4 3278.01
 154191 39350.4 24323.3 4361.6 20444.3
 229556 51610.7 12063.6 7387.09 7529.58
 185304 72362.6 14092.2 3243.78 4007.45
 250796 64880.5 24197.4 4689.22 2412.19
 108242 82004.7 19011.9 7008.02 2055.34
 56072.7 31191.7 18829.8 4260.84 2028.47
 46171.1 19828.1 10631.5 6392.84 2134.79
 65462.6 14462.7 5348.32 2822.24 2261.72
 204544 19447.2 3521.8 1275 1210.52
 198674 72015.9 6573.05 1185.17 836.233
 90297 61990.9 19279.7 1731.15 531.886
 57667.8 28012.9 16412.4 5018.68 588.529
 129446 14018.2 4631.91 2604.34 887.722
 768635 36900.8 3152.33 1015.54 764.541
 169874 238551 9777.35 821.262 463.312
 786469 58015.4 76027 3093.14 406.215
 444284 259056 17243.2 22349.9 1028.09
 658469 138724 69446.2 4547.78 6160.2
 647701 214357 40305.6 19933.8 3071.47
 758294 218389 66649.1 12424 7087.83
 149097 247377 63712 19213.2 5620.97
 513823 51253.2 79840.1 20424.8 7958.32
 467346 175837 16398.7 25362.3 9012.63
 204068 161027 57005.4 5281.88 11067.8
 423105 71402.4 53776.7 18943 5431.48
 532244 144930 22887.4 17115.9 7754.74
 200322 183985 47281.3 7420.65 8060.84
 186832 70411.9 61986.6 15857.6 5190.98
 367148 64934.6 23212.3 20319.7 6897.71
 183739 124540 20425.3 7242.83 8488.7
 290892 65217.4 42757.6 6987.63 5380.78
pred_Ctot
 7690.8 2768.71 13034.4 664.27 0.024307
 6987.83 8797.65 1668.4 7464.82 379.394
 8853.62 4207.67 2724.38 489.754 2295.95
 21031.2 8616.01 2104.81 1291.94 1317.03
 5674.54 4196.52 857.581 197.914 244.542
 17797 8500.59 3317.93 644.562 331.613
 15123.2 20237.8 4888.05 1805.77 529.665
 1378.92 1458.1 924.032 209.641 99.8182
 4392.03 3429.19 1921.21 1157.98 386.737
 8104.5 3195.65 1232.46 651.824 522.427
 5572.98 1005.54 191.129 69.3757 65.8762
 19326.2 12718.9 1212.82 219.197 154.68
 9069.8 11282 3664.98 329.857 101.359
 12787.5 10389.3 6307.14 1932.31 226.621
 18805.7 3584.17 1233.34 694.971 236.917
 77032.7 6701.71 598.003 193.103 145.394
 7741.1 20395.1 876.311 73.7946 41.6366
 52484.5 7167.49 9832.78 401.033 52.6736
 43047.4 45582.9 3169.9 4118.39 189.468
 48386.6 18791.2 9843.39 646.186 875.404
 34415.2 21267.5 4190.06 2077.48 320.15
 54805 29118 9299.31 1737.73 991.492
 6214.02 19390.7 5236.72 1583.25 463.255
 22794.3 4269.06 6972.03 1788.14 696.828
 18829.9 13336 1304.27 2022.37 718.759
 6331.83 9459.63 3513.99 326.438 684.124
 18530.7 5873.65 4638.02 1637.93 469.704
 20407.3 10472.9 1734.63 1300.55 589.322
 5661.17 9861.21 2659.65 418.514 454.683
 6554.8 4665.25 4308.44 1105.05 361.787
 18208.4 6026.67 2257.85 1981.51 672.731
 4095.32 5284.15 909.902 323.503 379.203
 14516.6 6089.51 4184.09 685.514 527.946
F
 0.0543212 0.104842 0.110238 0.110537 0.110553
 0.0976037 0.188378 0.198074 0.198612 0.19864
 0.0944623 0.182315 0.191699 0.192219 0.192247
 0.154457 0.298107 0.31345 0.314301 0.314346
 0.0494518 0.0954435 0.100356 0.100628 0.100643
 0.117865 0.227483 0.239191 0.239841 0.239875
 0.244212 0.471338 0.495596 0.496943 0.497014
 0.0395496 0.076332 0.0802607 0.0804787 0.0804902
 0.160784 0.310318 0.326289 0.327176 0.327222
 0.213777 0.412597 0.433833 0.435011 0.435073
 0.0438972 0.084723 0.0890836 0.0893255 0.0893383
 0.164679 0.317835 0.334193 0.335101 0.335149
 0.170439 0.328953 0.345884 0.346823 0.346873
 0.414343 0.799695 0.840854 0.843138 0.843258
 0.25503 0.492215 0.517549 0.518954 0.519029
 0.170031 0.328165 0.345055 0.345993 0.346042
 0.0743496 0.143497 0.150883 0.151292 0.151314
 0.11051 0.213288 0.224266 0.224875 0.224907
 0.163982 0.31649 0.332779 0.333683 0.333731
 0.122273 0.235992 0.248138 0.248812 0.248847
 0.0871498 0.168202 0.176859 0.177339 0.177365
 0.120157 0.231907 0.243842 0.244505 0.24454
 0.0678169 0.130889 0.137625 0.137999 0.138019
 0.0723189 0.139578 0.146762 0.14716 0.147181
 0.0654977 0.126413 0.132919 0.13328 0.133299
 0.05012 0.0967332 0.101712 0.101988 0.102003
 0.0713695 0.137745 0.144835 0.145228 0.145249
 0.0622455 0.120136 0.126319 0.126662 0.12668
 0.0455632 0.0879384 0.0924645 0.0927156 0.0927289
 0.056829 0.109682 0.115327 0.11564 0.115657
 0.0811425 0.156608 0.164668 0.165115 0.165139
 0.03579 0.0690758 0.0726311 0.0728283 0.0728388
 0.0816665 0.157619 0.165731 0.166181 0.166205
YTP_r0W_actual
 109455 106262 100711 21470.3 18610.1
YTP_p0W_proyectada
 0 0 0 0 0
 0 0 0 0 0
 0 0 0 0 0
 0 0 0 0 0
 0 0 0 0 0
 0 0 0 0 0
CTP_r0_actual
 14516.6 6089.51 4184.09 685.514 527.946
CTP_p0_proyectada
 0 0 0 0 0
 0 0 0 0 0
 0 0 0 0 0
 0 0 0 0 0
 0 0 0 0 0
 0 0 0 0 0
Wmedp
 7.54 17.45 24.07 31.32 35.25
Frms_r0
 0.0816665 0.157619 0.165731 0.166181 0.166205
Zrms_r0
 1.08167 1.15762 1.16573 1.16618 1.16621
nmprior
 7.29 8.9 8.7 0
nm_flota  nm_reclas  nm_pelaces    nm_pelaL
inf 10.5674 14.867 43.7637
cv_recla  cv_pelaces  cv_mph
0.279968 0.493171 0.725793
 ------------------------------------------------
Talla a la edad & desviaci?n 
 8 13.2811 15.8009 17.003 17.5766
 0.8 1.32811 1.58009 1.7003 1.75766
