years
 1991 1992 1993 1994 1995 1996 1997 1998 1999 2000 2001 2002 2003 2004 2005 2006 2007 2008 2009 2010 2011 2012 2013 2014 2015 2016 2017 2018 2019 2020 2021 2022 2023
reclasobs
 0 0 0 0 0 0 0 0 0 252601 567819 844713 477998 351125 339783 2.1784e+06 2.13404e+06 4.81314e+06 1.55562e+06 2.62356e+06 3.21686e+06 3.843e+06 1.13348e+06 3.07943e+06 1.97215e+06 2.03268e+06 2.025e+06 2.42433e+06 2.27542e+06 1.05018e+06 2.36338e+06 3.18982e+06 1.53035e+06
reclaspred
 2.85653e+06 1.58313e+06 837971 874973 889775 1.23809e+06 723203 654179 453410 322806 560250 760558 595323 300715 470954 1.55996e+06 1.63392e+06 2.79392e+06 2.04058e+06 2.09731e+06 3.60171e+06 2.64783e+06 1.99266e+06 2.9565e+06 2.28782e+06 2.07552e+06 2.33064e+06 2.58243e+06 2.25435e+06 1.70282e+06 1.94532e+06 2.10041e+06 1.65948e+06
pelacesobs
 0 0 0 0 0 0 0 0 0 0 0 0 0 0 0 552880 188675 0 991730 2.46772e+06 1.41603e+06 1.21717e+06 2.29649e+06 1.80582e+06 0 1.4828e+06 1.56532e+06 1.57751e+06 1.42118e+06 867257 1.10002e+06 1.06204e+06 0
pelacespred
 1.48262e+06 912230 474996 409704 439025 628429 333762 382586 250924 167269 299461 358213 300152 149191 257501 724978 760493 1.47234e+06 1.12032e+06 1.01665e+06 1.76051e+06 1.44927e+06 1.07084e+06 1.72596e+06 1.27392e+06 1.15215e+06 1.48132e+06 1.47637e+06 1.15969e+06 1.00723e+06 1.00727e+06 1.09582e+06 891725
mphobs
 0 0 0 0 0 0 0 0 0 0 0 0 498337 0 5186 125008 0 168611 109162 213762 579715 649985 157893 87575 83554 210694 70296 0 107559 103333 445601 22526 28222
mphpred
 476315 320204 157833 92488.2 105549 119007 133627 77610.3 70470.5 45243.9 29876 76867.9 91597.9 52072.7 21398.6 49195.1 211860 212356 290398 312947 482432 533509 107143 85245.6 122490 100187 88159.4 91598.5 130807 102663 66988.5 92077.1 65823.5
desembarqueobs
 494567 514787 250237 358949 120608 361735 552515 73892 212993 205616 52469 317467 293654 387597 252695 516296 358380 742168 942051 627588 828172 859565 418607 520667 417249 300574 415391 372974 316634 284311 391294 218835 356480
desembarquepred
 494572 513383 250971 359005 120617 361785 552667 73899.5 213085 205695 52470.7 317515 293863 388066 252655 516268 358445 742189 942048 627430 828308 859719 418666 520721 417248 300586 415416 372964 316626 284283 391275 218855 356518
Reclutas
 200155 100107 129293 187478 153654 212924 90253.3 45807.7 38313 53782.2 160344 174210 78811 50199.8 107425 612725 131343 644326 358008 549321 516002 617238 118144 402332 371060 160004 330271 416650 159062 148654 286330 142917 227677
log_desv_Rt
 0.0903757 -0.602475 -0.346634 0.0249449 -0.174016 0.15222 -0.706097 -1.38426 -1.56293 -1.22377 -0.131393 -0.0484577 -0.841664 -1.29271 -0.53192 1.2092 -0.330908 1.25949 0.671839 1.09997 1.03739 1.21654 -0.436814 0.788561 0.707648 -0.133516 0.591197 0.82353 -0.139426 -0.207092 0.44843 -0.246454 0.21921
SSB
 3.02076e+06 2.03072e+06 1.00097e+06 586555 669383 754738 847453 492201 446920 286934 189472 487492 556252 323094 131134 303054 1.34361e+06 1.34675e+06 1.89547e+06 1.29032e+06 2.03462e+06 2.34949e+06 2.00716e+06 1.54341e+06 2.08711e+06 1.80446e+06 1.50301e+06 1.50667e+06 2.22513e+06 1.65012e+06 1.21503e+06 1.70845e+06 1.13696e+06
BT
 4.11075e+06 2.77774e+06 1.43158e+06 1.31733e+06 1.18625e+06 1.8668e+06 1.33815e+06 1.01379e+06 839241 613380 787917 1.15239e+06 1.00839e+06 774816 892277 2.22057e+06 2.16585e+06 4.3002e+06 3.71089e+06 3.08014e+06 5.00619e+06 4.44587e+06 3.02772e+06 4.76679e+06 3.55786e+06 3.12354e+06 4.09841e+06 4.0242e+06 3.13906e+06 2.77275e+06 2.8518e+06 2.89314e+06 2.53232e+06
Ftot
 0.150121 0.271652 0.263982 0.428669 0.135246 0.313115 0.672288 0.111683 0.45725 0.629519 0.125368 0.44574 0.461471 1.21611 0.738494 0.476876 0.208212 0.307926 0.457627 0.342097 0.240563 0.33248 0.188337 0.202596 0.182089 0.13824 0.198664 0.172979 0.125056 0.156954 0.226661 0.0989804 0.227701
BD_Bspro_t
 0.976454 0.840774 0.681358 0.611024 0.616195 0.685446 0.638261 0.466514 0.532391 0.467697 0.43463 0.730556 0.630812 0.448712 0.258921 0.444263 0.678931 0.656855 0.67905 0.571117 0.632946 0.659097 0.654996 0.63617 0.729394 0.745042 0.749193 0.767829 0.818633 0.774941 0.741293 0.780945 0.783254
BD_Bspro
 2.29301 1.54148 0.759817 0.445244 0.508117 0.572908 0.643286 0.373621 0.339249 0.217807 0.143825 0.370047 0.422241 0.245255 0.0995414 0.230043 1.01991 1.02229 1.43882 0.97946 1.54444 1.78346 1.5236 1.17158 1.58428 1.36973 1.14091 1.14369 1.68906 1.25258 0.922308 1.29685 0.863047
BD_Bo
 2.32253 1.56133 0.769599 0.450976 0.514659 0.580284 0.651568 0.378431 0.343617 0.220611 0.145677 0.374811 0.427677 0.248413 0.100823 0.233005 1.03304 1.03546 1.45734 0.992071 1.56433 1.80642 1.54322 1.18666 1.60468 1.38737 1.1556 1.15841 1.7108 1.26871 0.934183 1.31355 0.874158
BD_Brms
 2.487 1.6719 0.824099 0.482912 0.551105 0.621377 0.69771 0.40523 0.36795 0.236234 0.155993 0.401354 0.457963 0.266004 0.107963 0.249505 1.1062 1.10878 1.56055 1.06232 1.67511 1.93434 1.6525 1.27069 1.71832 1.48561 1.23743 1.24045 1.83196 1.35855 1.00034 1.40657 0.936062
Sel_flota
 0.467027 0.94334 0.996849 0.999834 0.999991
 0.467027 0.94334 0.996849 0.999834 0.999991
 0.467027 0.94334 0.996849 0.999834 0.999991
 0.467027 0.94334 0.996849 0.999834 0.999991
 0.467027 0.94334 0.996849 0.999834 0.999991
 0.467027 0.94334 0.996849 0.999834 0.999991
 0.467027 0.94334 0.996849 0.999834 0.999991
 0.467027 0.94334 0.996849 0.999834 0.999991
 0.467027 0.94334 0.996849 0.999834 0.999991
 0.467027 0.94334 0.996849 0.999834 0.999991
 0.467027 0.94334 0.996849 0.999834 0.999991
 0.467027 0.94334 0.996849 0.999834 0.999991
 0.467027 0.94334 0.996849 0.999834 0.999991
 0.467027 0.94334 0.996849 0.999834 0.999991
 0.467027 0.94334 0.996849 0.999834 0.999991
 0.467027 0.94334 0.996849 0.999834 0.999991
 0.467027 0.94334 0.996849 0.999834 0.999991
 0.467027 0.94334 0.996849 0.999834 0.999991
 0.467027 0.94334 0.996849 0.999834 0.999991
 0.467027 0.94334 0.996849 0.999834 0.999991
 0.467027 0.94334 0.996849 0.999834 0.999991
 0.467027 0.94334 0.996849 0.999834 0.999991
 0.467027 0.94334 0.996849 0.999834 0.999991
 0.467027 0.94334 0.996849 0.999834 0.999991
 0.467027 0.94334 0.996849 0.999834 0.999991
 0.467027 0.94334 0.996849 0.999834 0.999991
 0.467027 0.94334 0.996849 0.999834 0.999991
 0.467027 0.94334 0.996849 0.999834 0.999991
 0.467027 0.94334 0.996849 0.999834 0.999991
 0.467027 0.94334 0.996849 0.999834 0.999991
 0.467027 0.94334 0.996849 0.999834 0.999991
 0.467027 0.94334 0.996849 0.999834 0.999991
 0.467027 0.94334 0.996849 0.999834 0.999991
Sel_reclas
 1 1 1 1 1
 1 1 1 1 1
 1 1 1 1 1
 1 1 1 1 1
 1 1 1 1 1
 1 1 1 1 1
 1 1 1 1 1
 1 1 1 1 1
 1 1 1 1 1
 1 1 1 1 1
 1 1 1 1 1
 1 1 1 1 1
 1 1 1 1 1
 1 1 1 1 1
 1 1 1 1 1
 1 1 1 1 1
 1 1 1 1 1
 1 1 1 1 1
 1 1 1 1 1
 1 1 1 1 1
 1 1 1 1 1
 1 1 1 1 1
 1 1 1 1 1
 1 1 1 1 1
 1 1 1 1 1
 1 1 1 1 1
 1 1 1 1 1
 1 1 1 1 1
 1 1 1 1 1
 1 1 1 1 1
 1 1 1 1 1
 1 1 1 1 1
 1 1 1 1 1
Sel_pelaces
 1 1 1 1 1
 1 1 1 1 1
 1 1 1 1 1
 1 1 1 1 1
 1 1 1 1 1
 1 1 1 1 1
 1 1 1 1 1
 1 1 1 1 1
 1 1 1 1 1
 1 1 1 1 1
 1 1 1 1 1
 1 1 1 1 1
 1 1 1 1 1
 1 1 1 1 1
 1 1 1 1 1
 1 1 1 1 1
 1 1 1 1 1
 1 1 1 1 1
 1 1 1 1 1
 1 1 1 1 1
 1 1 1 1 1
 1 1 1 1 1
 1 1 1 1 1
 1 1 1 1 1
 1 1 1 1 1
 1 1 1 1 1
 1 1 1 1 1
 1 1 1 1 1
 1 1 1 1 1
 1 1 1 1 1
 1 1 1 1 1
 1 1 1 1 1
 1 1 1 1 1
pf_obs 
 0.8446 0.082 0.0669 0.0065 0
 0.8095 0.147 0.0364 0.0071 0
 0.9664 0.0169 0.016 0.0007 0
 0.9276 0.0648 0.0075 0.0001 0
 0.7033 0.2144 0.0806 0.0017 0
 0.9318 0.0425 0.0243 0.0014 0
 0.5671 0.3108 0.0964 0.0239 0.0018
 0.0768 0.2599 0.5324 0.112 0.0189
 0.490249 0.384438 0.106611 0.0170017 0.00170017
 0.7925 0.1577 0.0466 0.003 0.0002
 0.840416 0.127587 0.0312969 0.00059994 9.999e-05
 0.8084 0.0986 0.0794 0.0134 0.0002
 0.7335 0.1905 0.0724 0.0035 0.0001
 0.4001 0.4547 0.1325 0.0127 0
 0.49795 0.308269 0.164784 0.0264974 0.00249975
 0.9179 0.0499 0.0305 0.0017 0
 0.2467 0.6533 0.0926 0.0074 0
 0.9418 0.0223 0.034 0.0019 0
 0.707729 0.231977 0.0356964 0.0245975 0
 0.517169 0.277429 0.184464 0.0207286 0.00020938
 0.811772 0.124168 0.05621 0.00726502 0.000585176
 0.764997 0.148141 0.077277 0.00933861 0.000247198
 0.163321 0.427699 0.378323 0.0303852 0.000271297
 0.753843 0.0900009 0.118128 0.0371064 0.000921714
 0.721811 0.176058 0.0630433 0.0369309 0.00215725
 0.143369 0.312575 0.442814 0.0836902 0.0175525
 0.692698 0.0596174 0.167031 0.0765114 0.00414204
 0.394062 0.376323 0.152708 0.0712218 0.00568511
 0.125707 0.32114 0.495352 0.0537591 0.00404204
 0.23352 0.215282 0.420074 0.123614 0.00750983
 0.796117 0.104755 0.0508955 0.0450114 0.00322123
 0.162477 0.292055 0.404252 0.121198 0.0200186
 0 0 0 0 0
pf_pred 
 0.343838 0.124005 0.50445 0.0277061 1.0545e-06
 0.284965 0.374655 0.0673767 0.258831 0.0141722
 0.488609 0.235372 0.149018 0.0252067 0.101793
 0.616714 0.257763 0.059735 0.0355748 0.0302132
 0.519381 0.375401 0.0723252 0.0156835 0.0172086
 0.591345 0.280417 0.101411 0.0184585 0.00836794
 0.361105 0.484031 0.108368 0.0367956 0.00969959
 0.354006 0.370421 0.212561 0.0441489 0.0188634
 0.405361 0.313799 0.164932 0.0894685 0.0264401
 0.614958 0.234356 0.0821231 0.0403278 0.0282348
 0.813625 0.147468 0.0243734 0.00793557 0.00659802
 0.602207 0.357311 0.0324114 0.00506185 0.00300881
 0.386199 0.472537 0.127744 0.0108324 0.00268723
 0.434126 0.332645 0.182349 0.046027 0.0048528
 0.80073 0.137948 0.0374856 0.0186586 0.00517848
 0.914949 0.0772377 0.00553899 0.00139238 0.0008816
 0.264798 0.70563 0.0270213 0.00181005 0.000740277
 0.765994 0.099262 0.129626 0.00467851 0.000440124
 0.452095 0.480648 0.0295655 0.0362637 0.00142707
 0.638207 0.233881 0.113145 0.00650435 0.00826124
 0.551836 0.355216 0.0614335 0.0278886 0.0036265
 0.580055 0.302287 0.0944227 0.0153745 0.00786106
 0.18923 0.606384 0.149719 0.0439017 0.0107655
 0.627807 0.120625 0.190921 0.0444636 0.016183
 0.524712 0.371224 0.0351003 0.052379 0.0165843
 0.310259 0.477972 0.167549 0.0149471 0.0292734
 0.59514 0.193263 0.149189 0.0494091 0.0129987
 0.592489 0.307541 0.0492117 0.035822 0.0149364
 0.299202 0.524184 0.135203 0.0204188 0.0209932
 0.388643 0.282694 0.249319 0.0607844 0.0185595
 0.623487 0.213956 0.0775237 0.0645545 0.0204791
 0.371508 0.487939 0.0819741 0.0279844 0.0305945
 0.559652 0.238531 0.158645 0.0252116 0.0179604
pobs_RECLAS
 0 0 0 0 0
 0 0 0 0 0
 0 0 0 0 0
 0 0 0 0 0
 0 0 0 0 0
 0 0 0 0 0
 0 0 0 0 0
 0 0 0 0 0
 0 0 0 0 0
 0 0 0 0 0
 0.991045 0.00858322 0.000360255 1.14367e-05 0
 0.934742 0.0480273 0.0164251 0.00080598 0
 0.827803 0.169806 0.00239088 0 0
 0.941827 0.0461693 0.0120037 0 0
 0.791401 0.0380133 0.147996 0.0225897 0
 0.846168 0.0940531 0.0597789 0 0
 0.134021 0.677848 0.182769 0.00536245 0
 0.80878 0.0450904 0.141981 0.00414843 0
 0.846168 0.0940531 0.0597789 0 0
 0.905697 0.0802665 0.012482 0.00150086 5.37128e-05
 0.989698 0.0102097 9.19794e-05 0 0
 0.975433 0.0193895 0.00387452 0.00125025 5.28907e-05
 0.303575 0.632131 0.0575291 0.00676475 0
 0.966965 0.00978017 0.0227588 0.000495775 0
 0.843318 0.132988 0.00938335 0.0141283 0.000182051
 0.564624 0.303363 0.111486 0.0197234 0.00080311
 0.826376 0.0876187 0.0782897 0.00655872 0.00115652
 0.89761 0.0855135 0.0140674 0.00269457 0.000114338
 0.34875 0.467042 0.161289 0.0227151 0.000203297
 0.318654 0.224769 0.449479 0.00709798 0
 0.937255 0.0296025 0.0250945 0.00804832 0
 0.456809 0.399803 0.12412 0.0192676 0
 0.883104 0.0372192 0.0704036 0.00927362 0
ppred_RECLAS
 0.527098 0.0935073 0.359698 0.019696 7.49512e-07
 0.45595 0.293075 0.0498022 0.190731 0.0104417
 0.668309 0.15746 0.0942035 0.0158858 0.0641421
 0.771941 0.156328 0.0341935 0.0203 0.0172376
 0.689661 0.245366 0.0447051 0.00966489 0.010603
 0.751214 0.173768 0.0593638 0.0107718 0.00488249
 0.546084 0.348886 0.0735687 0.0248984 0.00656228
 0.532438 0.27453 0.148998 0.0308536 0.0131807
 0.591646 0.221521 0.109868 0.0594112 0.0175545
 0.77374 0.140979 0.0465477 0.0227842 0.0159492
 0.899684 0.0803026 0.0125522 0.00407445 0.00338716
 0.758802 0.217914 0.0186543 0.00290419 0.00172599
 0.568675 0.336447 0.0858239 0.00725478 0.00179942
 0.634103 0.220988 0.113386 0.0285169 0.00300608
 0.896178 0.0732239 0.0187283 0.00929142 0.00257829
 0.957243 0.0390354 0.00264115 0.000661836 0.000418978
 0.423933 0.554121 0.0200585 0.00133955 0.000547762
 0.873893 0.0552565 0.0681674 0.00245274 0.000230701
 0.632122 0.325036 0.0188665 0.023068 0.000907631
 0.787015 0.14046 0.0641765 0.00367787 0.00467053
 0.717827 0.226273 0.0369849 0.0167385 0.00217624
 0.742263 0.188487 0.0556094 0.00902671 0.00461463
 0.325275 0.511778 0.119462 0.0349229 0.00856236
 0.781257 0.0736498 0.110197 0.0255856 0.00931064
 0.694746 0.241405 0.0215801 0.0321055 0.0101636
 0.48177 0.365281 0.12109 0.0107699 0.021089
 0.7552 0.120349 0.0878259 0.028998 0.00762764
 0.750013 0.191288 0.0289408 0.0210025 0.00875582
 0.467839 0.403635 0.0984609 0.014825 0.0152397
 0.571234 0.204318 0.170389 0.0414154 0.0126435
 0.775955 0.130489 0.044689 0.0370992 0.0117674
 0.548316 0.355067 0.0564227 0.0192036 0.0209914
 0.726869 0.15181 0.0954323 0.0151197 0.0107693
pobs_PELACES
 0 0 0 0 0
 0 0 0 0 0
 0 0 0 0 0
 0 0 0 0 0
 0 0 0 0 0
 0 0 0 0 0
 0 0 0 0 0
 0 0 0 0 0
 0 0 0 0 0
 0 0 0 0 0
 0 0 0 0 0
 0 0 0 0 0
 0 0 0 0 0
 0 0 0 0 0
 0 0 0 0 0
 0 0 0 0 0
 0.505614 0.472636 0.0217494 0 0
 0 0 0 0 0
 0.443492 0.261883 0.143347 0.151278 0
 0.227955 0.32914 0.350689 0.0885471 0.00366901
 0.970185 0.0296113 0.000203453 0 0
 0.997202 0.00247181 0.000326279 0 0
 0.445219 0.490057 0.0546422 0.010081 0
 0.90214 0.0892962 0.00764917 0.000914606 0
 0 0 0 0 0
 0.581667 0.319106 0.0959925 0.00289975 0.000334073
 0.762889 0.0836404 0.116647 0.0363945 0.000428098
 0.88444 0.0763242 0.0277011 0.0115352 0
 0.521256 0.241999 0.230069 0.00667565 0
 0.616807 0.101726 0.260614 0.0208532 0
 0.833518 0.0704572 0.0857862 0.0102388 0
 0.697417 0.212968 0.0787535 0.0105354 0.000325836
 0 0 0 0 0
ppred_PELACES
 0.533507 0.092437 0.354639 0.0194161 7.38857e-07
 0.467135 0.287713 0.0486572 0.186295 0.0101987
 0.67799 0.153248 0.0912574 0.015385 0.0621192
 0.784 0.148424 0.03222 0.0191203 0.0162355
 0.6943 0.241821 0.0439541 0.00950126 0.0104235
 0.760605 0.167491 0.0569039 0.0103223 0.00467865
 0.572807 0.329261 0.068611 0.0232052 0.00611579
 0.53701 0.272069 0.147372 0.0305135 0.0130353
 0.609787 0.212479 0.104536 0.0565026 0.0166947
 0.791301 0.130595 0.0426426 0.0208598 0.0146016
 0.901488 0.0788936 0.0123047 0.00399362 0.00331993
 0.771526 0.206576 0.0175451 0.0027303 0.00162261
 0.586806 0.322883 0.0816955 0.00690266 0.00171204
 0.679083 0.195486 0.0981708 0.0246606 0.0025994
 0.906823 0.0659734 0.0166553 0.00825694 0.00229114
 0.960236 0.0363297 0.00243747 0.000610508 0.000386475
 0.431979 0.546458 0.0197085 0.0013159 0.000538089
 0.879455 0.0529808 0.0650056 0.00233827 0.00021993
 0.648905 0.310507 0.0178781 0.0218497 0.000859675
 0.796225 0.134664 0.0611579 0.00350369 0.00444927
 0.725593 0.220234 0.0358452 0.0162189 0.00210866
 0.75243 0.18134 0.0531877 0.00863077 0.00441215
 0.331986 0.507101 0.117977 0.0344825 0.00845428
 0.787054 0.0718707 0.107151 0.0248734 0.00905139
 0.700928 0.236681 0.0210899 0.0313705 0.00993088
 0.487379 0.361591 0.119574 0.0106336 0.020822
 0.761256 0.117584 0.085508 0.0282271 0.0074248
 0.755212 0.187448 0.0282732 0.0205146 0.00855233
 0.472871 0.400035 0.0973674 0.0146586 0.0150685
 0.577624 0.201569 0.167631 0.0407388 0.0124368
 0.782381 0.126965 0.0433083 0.035945 0.0114011
 0.55226 0.3521 0.0558536 0.0190081 0.0207776
 0.734269 0.147964 0.0926413 0.0146742 0.0104518
pobs_pel_tallas
 0 0 0 0 0 0 0 0 0 0 0 0 0 0 0 0 0 0 0 0 0 0 0 0 0 0
 0 0 0 0 0 0 0 0 0 0 0 0 0 0 0 0 0 0 0 0 0 0 0 0 0 0
 0 0 0 0 0 0 0 0 0 0 0 0 0 0 0 0 0 0 0 0 0 0 0 0 0 0
 0 0 0 0 0 0 0 0 0 0 0 0 0 0 0 0 0 0 0 0 0 0 0 0 0 0
 0 0 0 0 0 0 0 0 0 0 0 0 0 0 0 0 0 0 0 0 0 0 0 0 0 0
 0 0 0 0 0 0 0 0 0 0 0 0 0 0 0 0 0 0 0 0 0 0 0 0 0 0
 0 0 0 0 0 0 0 0 0 0 0 0 0 0 0 0 0 0 0 0 0 0 0 0 0 0
 0 0 0 0 0 0 0 0 0 0 0 0 0 0 0 0 0 0 0 0 0 0 0 0 0 0
 0 0 0 0 0 0 0 0 0 0 0 0 0 0 0 0 0 0 0 0 0 0 0 0 0 0
 0 0 0 0 0 0 0 0 0 0 0 0 0 0 0 0 0 0 0 0 0 0 0 0 0 0
 0 0 0 0 0 0 0 0 0 0 0 0 0 0 0 0 0 0 0 0 0 0 0 0 0 0
 0 0 0 0 0 0 0 0 0 0 0 0 0 0 0 0 0 0 0 0 0 0 0 0 0 0
 0.00862536 0 0 0.000197151 0.00414017 0.0128641 0.00837892 0.0270097 0.101434 0.158115 0.152841 0.127902 0.109271 0.109419 0.0830992 0.0579132 0.0238553 0.00714673 0.00463305 0.00128148 0.00103504 0.000492878 0.000147863 0.000147863 4.92878e-05 0
 0 0 0 0 0 0 0 0 0 0 0 0 0 0 0 0 0 0 0 0 0 0 0 0 0 0
 0 0 0 0 0 0 0 0.0054083 0.00873648 0.0413646 0.0450493 0.0745869 0.0622846 0.0627006 0.0613931 0.0827291 0.12552 0.122667 0.0946155 0.0697135 0.0546179 0.0294188 0.0215738 0.0213955 0.0102223 0.00600262
 0 0 0 0 0.00359764 0.0251062 0.0480494 0.140153 0.205849 0.193036 0.1447 0.116669 0.0760912 0.0342217 0.00950174 0.001854 0.000860785 0 0 0 0.000165536 0 0.000143464 0 0 0
 0 0 0 0 0 0 0 0.000145254 0.000435761 0.0275982 0.070085 0.0708112 0.156366 0.174668 0.174014 0.160142 0.0824315 0.0480064 0.0283245 0.00493863 0.00203355 0 0 0 0 0
 0 0 0 0 0 0 0 0 0 0 0 0 0 0 0 0 0 0 0 0 0 0 0 0 0 0
 0 0 1.00437e-05 0.000401748 0.00122533 0.00171747 0.00176769 0.0269171 0.070346 0.194647 0.189555 0.159765 0.064822 0.0314167 0.0384472 0.0292271 0.0345202 0.0313363 0.0194345 0.0106764 0.0143323 0.0359363 0.0279516 0.0138201 0.00172751 0
 0 0.0021121 0.0136068 0.0755702 0.200478 0.177729 0.0527432 0.0373336 0.0318909 0.0142505 0.0149659 0.0166563 0.0217959 0.0798694 0.0677717 0.0528807 0.04013 0.0224614 0.0357745 0.0225083 0.00881397 0.00855152 0.00135912 0.000746735 0 0
 0 0 0 0 5.4009e-05 0.00500934 0.000945158 0.0243581 0.138947 0.33067 0.221406 0.137944 0.0707744 0.0437923 0.0131692 0.00525238 0.0047753 0.00276346 9.45158e-05 9.00151e-06 2.25038e-05 9.00151e-06 4.50075e-06 0 0 0
 0.000866109 0.00284123 0.00948549 0.0512746 0.133035 0.25785 0.225252 0.132002 0.0553304 0.0519788 0.0540692 0.017754 0.00435017 0.00159236 0.00146478 0.000404838 0.000125132 0.000115318 0.000107957 0.000100596 0 0 0 0 0 0
 0 0 0 0 0.00144013 0.00171154 0.00461396 0.0210425 0.0478622 0.0707936 0.0888783 0.103762 0.0637923 0.0337046 0.0602308 0.124433 0.169614 0.0934646 0.0462172 0.0250306 0.0313229 0.00938855 0.002487 0.000210481 0 0
 0 0.00764035 0.051015 0.0998891 0.058973 0.0496711 0.0374665 0.0718981 0.12319 0.153886 0.159021 0.0857701 0.0377988 0.023471 0.0147837 0.00900784 0.00315554 0.000888139 0.00291439 0.00214683 0.00393193 0.00274676 0.000635225 9.99891e-05 0 0
 0 0 0 0 0 0 0 0 0 0 0 0 0 0 0 0 0 0 0 0 0 0 0 0 0 0
 0 0 0 0 0 0 0 0 0 0 0 0 0 0 0 0 0 0 0 0 0 0 0 0 0 0
 0 0 0 0 0 0 0 0 0 0 0 0 0 0 0 0 0 0 0 0 0 0 0 0 0 0
 0 0 0 0 0 0 0 0 0 0 0 0 0 0 0 0 0 0 0 0 0 0 0 0 0 0
 0 0 0 0 0 0 0 0 0 0 0 0 0 0 0 0 0 0 0 0 0 0 0 0 0 0
 0 0 0 0 0 0 0 0 0 0 0 0 0 0 0 0 0 0 0 0 0 0 0 0 0 0
 0 0 0 0 0 0 0 0 0 0 0 0 0 0 0 0 0 0 0 0 0 0 0 0 0 0
 0 0 0 0 0 0 0 0 0 0 0 0 0 0 0 0 0 0 0 0 0 0 0 0 0 0
 0 0 0 0 0 0 0 0 0 0 0 0 0 0 0 0 0 0 0 0 0 0 0 0 0 0
ppred_pel_tallas
 1.12206e-16 4.39443e-05 0.000427154 0.00283859 0.0129038 0.0401486 0.0855412 0.124852 0.124861 0.0855876 0.0403059 0.0133649 0.00402151 0.00309385 0.00535513 0.00942517 0.0150629 0.0220353 0.0300161 0.0386672 0.0475066 0.0555981 0.0614431 0.0634009 0.0604892 0.0530099
 1.21887e-16 3.84774e-05 0.000374014 0.00248546 0.0112985 0.0351541 0.0749005 0.109325 0.109353 0.0750364 0.0356107 0.0126186 0.00580372 0.00763447 0.0138797 0.0230326 0.0335523 0.0430632 0.0492582 0.0512974 0.0503927 0.0489654 0.0489934 0.050812 0.0531278 0.0539919
 1.14728e-16 5.58452e-05 0.000542835 0.00360733 0.0163984 0.0510216 0.108707 0.158665 0.15868 0.10878 0.0512665 0.0171075 0.00539334 0.00446257 0.00756226 0.0125791 0.0185114 0.0241329 0.0282475 0.030364 0.030978 0.0311491 0.0317112 0.032749 0.033667 0.0336603
 1.05633e-16 6.45771e-05 0.000627712 0.00417137 0.0189624 0.0589993 0.125705 0.183473 0.183487 0.125775 0.0592345 0.0196423 0.00587915 0.00436046 0.0071678 0.0117859 0.0170657 0.0216687 0.0242877 0.0243518 0.0223706 0.0195723 0.0171265 0.0155552 0.0146819 0.0139847
 1.04048e-16 5.71886e-05 0.000555894 0.00369411 0.0167929 0.0522491 0.111323 0.162484 0.162508 0.111437 0.0526319 0.0178987 0.0064706 0.0066199 0.0115825 0.0190806 0.0275354 0.0347436 0.0384988 0.037788 0.033386 0.027306 0.021566 0.017235 0.0143147 0.0122413
 1.03512e-16 6.265e-05 0.000608981 0.00404689 0.0183966 0.0572387 0.121954 0.177998 0.178015 0.122033 0.0575047 0.0191655 0.00597959 0.00483669 0.00811715 0.0133863 0.0194321 0.0247601 0.0278822 0.0281008 0.0258902 0.0225073 0.0191655 0.016438 0.0142445 0.012236
 1.05427e-16 4.71814e-05 0.00045862 0.0030477 0.0138544 0.0431064 0.0918438 0.134055 0.134087 0.0919991 0.0436278 0.0153611 0.00683177 0.0087258 0.0157673 0.0260428 0.0376318 0.0475796 0.0529022 0.0522245 0.0465776 0.0386444 0.0310888 0.0252834 0.0211823 0.0180289
 1.09589e-16 4.42329e-05 0.000429959 0.00285723 0.0129886 0.0404124 0.0861039 0.125677 0.125703 0.086233 0.0408464 0.0142443 0.00601782 0.0073583 0.013287 0.0221176 0.0323763 0.0418045 0.0481038 0.0501868 0.0487307 0.0455118 0.0421034 0.0390226 0.0358556 0.0319838
 1.11563e-16 5.02274e-05 0.000488228 0.00324445 0.0147488 0.0458891 0.0977724 0.142706 0.142727 0.0978732 0.046228 0.0157293 0.00571242 0.0058987 0.0103937 0.0172841 0.0253241 0.0327684 0.0378772 0.0398843 0.0394133 0.0379188 0.0366152 0.0357682 0.0347938 0.0328915
 1.05827e-16 6.51784e-05 0.000633558 0.00421021 0.019139 0.0595487 0.126875 0.185181 0.185193 0.126937 0.0597562 0.0197389 0.00571834 0.00393371 0.00635639 0.0104684 0.0152255 0.019475 0.022095 0.0225936 0.0213929 0.0195026 0.0178471 0.0167789 0.0160727 0.0152619
 1.01338e-16 7.42544e-05 0.000721779 0.00479648 0.0218041 0.0678407 0.144542 0.210965 0.210972 0.144579 0.0679655 0.0221646 0.00570166 0.00269831 0.00382963 0.00621796 0.00896066 0.0112919 0.012487 0.0122169 0.0107404 0.0087245 0.00683861 0.00543881 0.00452475 0.00390299
 1.01108e-16 6.35496e-05 0.000617725 0.004105 0.0186608 0.0580606 0.123705 0.180555 0.180575 0.123802 0.0583869 0.0196028 0.0064688 0.00577472 0.00984818 0.0161556 0.023208 0.0290607 0.0317761 0.0304594 0.0257928 0.0195828 0.0136992 0.00922447 0.00630032 0.00451375
 1.03423e-16 4.83345e-05 0.000469829 0.00312218 0.014193 0.0441598 0.0940884 0.137331 0.137362 0.0942407 0.0446715 0.0156717 0.00683639 0.00858636 0.0154874 0.0255902 0.0370034 0.0468287 0.052124 0.0514986 0.0458932 0.0378574 0.0299487 0.0235298 0.0186647 0.014792
 1.05797e-16 5.59352e-05 0.00054371 0.00361315 0.0164249 0.0511039 0.108883 0.158922 0.158941 0.108976 0.0514155 0.0173262 0.00588122 0.00551358 0.00954949 0.0158424 0.0231525 0.0298204 0.0341754 0.0354261 0.0340648 0.0313945 0.0285896 0.0260728 0.02359 0.0207228
 1.01714e-16 7.46938e-05 0.000726051 0.00482486 0.0219331 0.0682421 0.145397 0.212213 0.212219 0.145428 0.0683468 0.0222355 0.0055845 0.0023867 0.0032356 0.00524961 0.00759978 0.00965311 0.0108205 0.0108365 0.00990944 0.00856449 0.0073069 0.00637159 0.00570758 0.0051324
 1.00207e-16 7.90934e-05 0.000768816 0.00510905 0.023225 0.0722616 0.153961 0.224712 0.224715 0.153978 0.072319 0.0233906 0.00552455 0.00167515 0.00179831 0.00284236 0.0040741 0.00509636 0.00556373 0.00531912 0.00448446 0.00338091 0.00234127 0.00155865 0.00105803 0.000763793
 1.00932e-16 3.55817e-05 0.000345867 0.00229841 0.0104483 0.0325087 0.0692652 0.101106 0.101158 0.069522 0.0333708 0.0129371 0.00854113 0.0139582 0.0258417 0.0425442 0.060998 0.0761046 0.0826901 0.0783652 0.0649777 0.0474337 0.0308711 0.0183533 0.0103943 0.00593106
 1.02162e-16 7.24396e-05 0.000704139 0.00467925 0.0212712 0.0661826 0.141009 0.205808 0.205813 0.141035 0.0662682 0.0215197 0.00530719 0.00208896 0.00274342 0.00452712 0.00676091 0.00901239 0.0108728 0.0121199 0.0127886 0.0130377 0.0129431 0.0124204 0.0113355 0.00967936
 1.02933e-16 5.34495e-05 0.000519548 0.00345258 0.015695 0.048833 0.104045 0.151863 0.151893 0.104191 0.0493233 0.0171105 0.00700418 0.00826721 0.0147518 0.0242623 0.0348526 0.0436396 0.0477315 0.0458167 0.0389656 0.0299348 0.0215456 0.0153817 0.0115549 0.00931244
 1.02904e-16 6.5584e-05 0.0006375 0.00423641 0.0192581 0.0599192 0.127665 0.186333 0.186346 0.127729 0.0601335 0.019878 0.0057954 0.00405111 0.00657882 0.0108508 0.0158067 0.0202551 0.0230134 0.0235133 0.0220938 0.0196888 0.0171844 0.0149759 0.0129897 0.0110019
 1.03075e-16 5.97662e-05 0.000580949 0.00386061 0.0175498 0.054604 0.11634 0.169807 0.169828 0.116444 0.0549525 0.0185565 0.00638806 0.00610025 0.0105475 0.0173577 0.025035 0.0315615 0.0349227 0.0341949 0.0300876 0.0244425 0.0191056 0.0150564 0.012298 0.0103189
 1.03194e-16 6.19767e-05 0.000602435 0.0040034 0.0181989 0.0566235 0.120643 0.176086 0.176103 0.120729 0.0569112 0.0190303 0.00609262 0.00517028 0.0087578 0.0144343 0.0209129 0.0265612 0.0297501 0.0297169 0.0269891 0.0229685 0.0190309 0.0158623 0.0134211 0.0113394
 1.08424e-16 2.73453e-05 0.000265807 0.00176638 0.00802974 0.0249838 0.0532323 0.0777044 0.0777534 0.0534716 0.0257873 0.0103516 0.00759852 0.0130103 0.0242693 0.0401786 0.0581111 0.0735721 0.0819826 0.0812209 0.0728419 0.0609138 0.049461 0.0405358 0.0340506 0.0288797
 1.07137e-16 6.48286e-05 0.000630157 0.00418761 0.0190363 0.059229 0.126194 0.184185 0.184192 0.126229 0.059346 0.0193762 0.0050487 0.00253575 0.00375993 0.00631277 0.00955537 0.013 0.0161772 0.0188527 0.0210867 0.0230167 0.0245648 0.0253589 0.0249471 0.0231132
 1.05496e-16 5.77345e-05 0.0005612 0.00372937 0.0169532 0.0527478 0.112386 0.164035 0.164058 0.112497 0.0531219 0.0180336 0.00644108 0.00648015 0.0112974 0.0185835 0.0267656 0.0336752 0.0371609 0.0362758 0.0318653 0.0260112 0.0207768 0.0172159 0.0152232 0.0140475
 1.08134e-16 4.01448e-05 0.000390222 0.00259317 0.0117882 0.0366776 0.0781467 0.114065 0.1141 0.0783176 0.0372516 0.0134477 0.00676394 0.00951248 0.0174161 0.0288623 0.0418855 0.0533254 0.0599666 0.0603029 0.0553735 0.0479273 0.0406348 0.0347839 0.0302281 0.0261998
 1.06585e-16 6.27037e-05 0.000609502 0.00405036 0.0184123 0.0572877 0.122058 0.178149 0.178161 0.122114 0.057476 0.0189579 0.00542558 0.00363068 0.00585667 0.00973091 0.01436 0.0187943 0.0221008 0.0238468 0.0243029 0.0241314 0.0238297 0.0234053 0.022497 0.0207493
 1.04369e-16 6.22059e-05 0.000604663 0.0040182 0.0182662 0.0568329 0.121089 0.176737 0.176755 0.121178 0.0571295 0.019123 0.00616958 0.00530307 0.00899137 0.014783 0.0213324 0.0269249 0.0298656 0.0293979 0.0261587 0.0217396 0.0177091 0.0148563 0.0130952 0.0118774
 1.06933e-16 3.89498e-05 0.000378606 0.00251597 0.0114373 0.0355858 0.0758207 0.110671 0.110709 0.0760095 0.0362197 0.0132692 0.00711758 0.0104346 0.0191682 0.0317088 0.0458649 0.0580772 0.0647293 0.0641404 0.0575271 0.0480919 0.0390126 0.0319267 0.0267937 0.0227516
 1.1108e-16 4.75781e-05 0.000462476 0.00307332 0.0139709 0.0434687 0.0926154 0.135179 0.135199 0.0927115 0.0437922 0.0149083 0.00543758 0.00566081 0.0100294 0.016792 0.0248574 0.0326729 0.0386591 0.042059 0.0432739 0.0433321 0.0429668 0.0421111 0.0401499 0.0365701
 1.06817e-16 6.44437e-05 0.000626416 0.00416275 0.0189233 0.0588774 0.125445 0.183093 0.183105 0.125505 0.0590793 0.0195071 0.00563092 0.00384069 0.00619678 0.0102175 0.0148937 0.0191249 0.0218478 0.0226107 0.0218386 0.0204997 0.0194406 0.0189153 0.0185999 0.0179534
 1.07125e-16 4.5489e-05 0.00044217 0.00293837 0.0133574 0.0415601 0.0885495 0.129248 0.129282 0.0887154 0.0421173 0.0149668 0.00697893 0.00926569 0.016812 0.0277465 0.0400274 0.0504748 0.0558853 0.0548072 0.0484104 0.0396777 0.0315875 0.0256985 0.0219593 0.0194466
 1.05952e-16 6.04808e-05 0.000587895 0.00390677 0.0177596 0.0552568 0.117731 0.171835 0.171849 0.117801 0.0554932 0.0184439 0.00563009 0.00436862 0.0072957 0.0121093 0.0177747 0.023058 0.0267274 0.0281959 0.0278077 0.0264721 0.0249669 0.0235007 0.0218081 0.0195593
pSPR Fmed_Fpbrs
1   0.983868 0.6 0.325 0.983868 0.983868 0.983868
Fs Fmed_Fpbrs
0   0.01 0.359114 0.929644 0.01 0.01 0.01
SSBpbr Bo_Bmed_Bpbrs
1.30064e+06  1.2356e+06  1.21462e+06 715349 357675 1.21462e+06 1.21462e+06 1.21462e+06
Ro
182859
SPR SPRFo_SPRFmed_SPRFpbrs
1.31738e+06 1.31738e+06 1.29613e+06
Fref
0
Nvult_r0
 152369 35302.9 22442.2 3557.81 2534.2
CTP_r0
 14645.8 6242.22 4151.65 659.775 470.013
YTP_r0
356518
Np
 227677 83757.6 30812.7 11335.4 5704.12
Nvult_p0
 143919 52944.9 19477.3 7165.31 3605.69
CTP_p0
 0 0 0 0 0
 0 0 0 0 0
 0 0 0 0 0
 0 0 0 0 0
 0 0 0 0 0
 0 0 0 0 0
YTP_p0
 0 0 0 0 0 0
CBA_c0
0
log_Ro
11.9365
likeval ReclasPelacesDesembMPH_pf_preclas_ppelaces_ptallas_desvR_qrecl_qpela
 40.5105 28.9865 0.0937753 78.9233 239.72 138.627 111.439 0 27.346 2.05085e-06 2.74259e-07 0.415844 2065.57 0 0
q_reclas_q_pelaces
0.816665 0.928614
M
1
N
 200155 36800 142129 7784.33 0.296229
 100107 68647.3 11750.3 45019.2 2464.66
 129293 32439.4 19545 3297.24 13313.5
 187478 42047.4 9303.11 5526.6 4693.04
 153654 56456 10323.4 2232.3 2449.01
 212924 53066 18281.3 3318.78 1504.32
 90253.3 67674.1 14529.2 4922.18 1297.37
 45807.7 24255.5 13203.8 2734.62 1168.24
 38313 15995.3 8030.83 4345.65 1284.08
 53782.2 11384.4 3822.68 1872.88 1311.11
 160344 14745.5 2312.64 750.824 624.178
 174210 55632.9 4819.53 750.826 446.239
 78811 52043.9 13440.7 1136.94 282.008
 50199.8 23371.9 12388.4 3121.38 329.068
 107425 10465.2 2730.08 1355.93 376.28
 612725 27991.5 1918.24 481.024 304.526
 131343 180405 6566.92 438.688 179.389
 644326 43840.9 54532 1963.03 184.643
 358008 205284 12062.4 14758.7 580.715
 549321 106360 49043 2812.02 3571.09
 516002 172244 28335.6 12828.6 1667.93
 617238 169654 50500.4 8201.47 4192.86
 118144 194412 45609.6 13337.1 3270.02
 402332 39803.1 59878.1 13906.8 5060.78
 371060 134647 12095.4 17999.7 5698.25
 160004 125377 41716.1 3711.04 7266.84
 330271 55182.1 40484.4 13370.9 3517.15
 416650 110734 16831.2 12217.6 5093.53
 159062 141381 34603.5 5211.13 5356.94
 148654 55195.8 46223.6 11237.9 3430.79
 286330 50821.7 17510.9 14541.9 4612.55
 142917 94754.6 15097.1 5139.1 5617.58
 227677 50201.1 31750.8 5032.09 3584.27
pred_Ctot
 8616.01 3107.36 12640.7 694.268 0.0264239
 7618.41 10016.2 1801.29 6919.73 378.887
 9575.69 4612.79 2920.44 493.997 1994.93
 21855.2 9134.67 2116.9 1260.71 1070.7
 5975.99 4319.36 832.172 180.455 198.002
 18530.6 8787.23 3177.86 578.421 262.22
 15770.3 21138.7 4732.69 1606.95 423.603
 1477.9 1546.43 887.397 184.313 78.7508
 4738.63 3668.27 1928.04 1045.88 309.082
 8869.28 3380.02 1184.43 581.631 407.218
 5791.76 1049.75 173.501 56.4891 46.9678
 21049.6 12489.5 1132.91 176.932 105.17
 9829.71 12027.2 3251.39 275.71 68.3964
 14392.9 11028.5 6045.56 1525.97 160.889
 20370.7 3509.42 953.639 474.677 131.741
 78745.9 6647.53 476.718 119.837 75.8757
 7754.66 20664.5 791.322 53.0075 21.6791
 55200.1 7153.16 9341.28 337.149 31.7168
 44312.6 47111.2 2897.89 3554.43 139.875
 51945.6 19036.3 9209.26 529.409 672.408
 34981.7 22517.7 3894.37 1767.9 229.89
 56830.7 29616.5 9251.04 1506.32 770.185
 6333.65 20296.1 5011.2 1469.42 360.329
 23138.4 4445.74 7036.57 1638.75 596.439
 19255.6 13623 1288.09 1922.17 608.6
 6357.08 9793.46 3433.01 306.261 599.8
 18639.5 6052.9 4672.55 1547.47 407.113
 20575.6 10680.1 1709 1244 518.702
 5731.5 10041.3 2589.94 391.142 402.146
 6681.56 4860.08 4286.29 1045.01 319.075
 18338.3 6292.99 2280.17 1898.71 602.342
 4096.56 5380.42 903.914 308.579 337.36
 14645.8 6242.22 4151.65 659.775 470.013
F
 0.0701105 0.141615 0.149648 0.150096 0.15012
 0.126869 0.25626 0.270796 0.271607 0.27165
 0.123286 0.249024 0.26315 0.263938 0.263979
 0.2002 0.404381 0.427318 0.428598 0.428665
 0.0631635 0.127583 0.13482 0.135223 0.135245
 0.146233 0.295374 0.312128 0.313063 0.313112
 0.313977 0.634196 0.67017 0.672176 0.672282
 0.052159 0.105355 0.111331 0.111665 0.111682
 0.213548 0.431342 0.455809 0.457174 0.457246
 0.294002 0.59385 0.627535 0.629414 0.629513
 0.0585501 0.118264 0.124973 0.125347 0.125367
 0.208172 0.420484 0.444335 0.445665 0.445736
 0.215519 0.435324 0.460017 0.461394 0.461467
 0.567956 1.1472 1.21228 1.21591 1.2161
 0.344896 0.696651 0.736167 0.738371 0.738487
 0.222714 0.449856 0.475373 0.476796 0.476871
 0.0972408 0.196415 0.207556 0.208178 0.208211
 0.14381 0.290479 0.306955 0.307874 0.307923
 0.213724 0.431698 0.456185 0.457551 0.457623
 0.159768 0.322713 0.341019 0.34204 0.342094
 0.112349 0.226932 0.239805 0.240523 0.240561
 0.155277 0.313642 0.331432 0.332425 0.332477
 0.0879587 0.177666 0.187744 0.188306 0.188336
 0.0946177 0.191117 0.201957 0.202562 0.202594
 0.0850406 0.171772 0.181515 0.182059 0.182088
 0.0645618 0.130407 0.137804 0.138217 0.138239
 0.0927813 0.187407 0.198038 0.198631 0.198662
 0.0807859 0.163178 0.172434 0.17295 0.172978
 0.0584047 0.117971 0.124662 0.125036 0.125055
 0.073302 0.148061 0.15646 0.156928 0.156953
 0.105857 0.213818 0.225946 0.226623 0.226659
 0.0462265 0.0933722 0.0986685 0.098964 0.0989796
 0.106342 0.214799 0.226983 0.227663 0.227699
YTP_r0W_actual
 110429 108927 99930.3 20664.1 16568
YTP_p0W_proyectada
 0 0 0 0 0
 0 0 0 0 0
 0 0 0 0 0
 0 0 0 0 0
 0 0 0 0 0
 0 0 0 0 0
CTP_r0_actual
 14645.8 6242.22 4151.65 659.775 470.013
CTP_p0_proyectada
 0 0 0 0 0
 0 0 0 0 0
 0 0 0 0 0
 0 0 0 0 0
 0 0 0 0 0
 0 0 0 0 0
Wmedp
 7.54 17.45 24.07 31.32 35.25
Frms_r0
 0.106342 0.214799 0.226983 0.227663 0.227699
Zrms_r0
 1.10634 1.2148 1.22698 1.22766 1.2277
nmprior
 7.29 8.9 8.7 0
nm_flota  nm_reclas  nm_pelaces    nm_pelaL
inf 10.675 15.8386 47.8193
cv_recla  cv_pelaces  cv_mph
0.275603 0.491481 0.712295
 ------------------------------------------------
Talla a la edad & desviaci?n 
 8 13.2811 15.8009 17.003 17.5766
 0.8 1.32811 1.58009 1.7003 1.75766
