years
 1991 1992 1993 1994 1995 1996 1997 1998 1999 2000 2001 2002 2003 2004 2005 2006 2007 2008 2009 2010 2011 2012 2013 2014 2015 2016 2017 2018 2019 2020 2021 2022 2023
reclasobs
 0 0 0 0 0 0 0 0 0 252601 567819 844713 477998 351125 339783 2.1784e+06 2.13404e+06 4.81314e+06 1.55562e+06 2.62356e+06 3.21686e+06 3.843e+06 1.13348e+06 3.07943e+06 1.97215e+06 2.03268e+06 2.025e+06 2.42433e+06 2.27542e+06 1.05018e+06 2.36338e+06 3.18982e+06 1.53035e+06
reclaspred
 2.92057e+06 1.5575e+06 814878 823939 869278 1.586e+06 762603 671789 450062 273792 559320 888381 666511 283567 485038 1.68462e+06 1.50636e+06 3.03961e+06 1.96999e+06 2.22327e+06 3.63502e+06 2.73913e+06 1.88728e+06 2.94737e+06 2.26737e+06 2.02783e+06 2.29964e+06 2.6842e+06 2.23034e+06 1.66087e+06 1.93641e+06 2.02189e+06 1.53791e+06
pelacesobs
 0 0 0 0 0 0 0 0 0 0 0 0 0 0 0 552880 188675 0 991730 2.46772e+06 1.41603e+06 1.21717e+06 2.29649e+06 1.80582e+06 0 1.4828e+06 1.56532e+06 1.57751e+06 1.42118e+06 867257 1.10002e+06 1.06204e+06 0
pelacespred
 1.5047e+06 864995 427635 362269 432394 826935 320217 412588 235154 126658 301461 416204 331045 122133 249146 767952 711871 1.63138e+06 1.02578e+06 1.01772e+06 1.83516e+06 1.43436e+06 1.01812e+06 1.76479e+06 1.26588e+06 1.1541e+06 1.50065e+06 1.5533e+06 1.19787e+06 1.00798e+06 995340 1.10237e+06 831163
mphobs
 0 0 0 0 0 0 0 0 0 0 0 0 498337 0 5186 125008 0 168611 109162 213762 579715 649985 157893 87575 83554 210694 70296 0 107559 103333 445601 22526 28222
mphpred
 527935 363215 168635 97940.2 103652 132906 182072 82385.8 76525.2 41529.7 24182.8 84906.5 113682 51144.7 16067.6 47867 240681 204877 331956 282838 522642 544887 108455 78878.2 123206 102469 87000.1 91473.3 141051 104953 64472.3 94034.7 63887.7
desembarqueobs
 494567 514787 250237 358949 120608 361735 552515 73892 212993 205616 52469 317467 293654 387597 252695 516296 358380 742168 942051 627588 828172 859565 418607 520667 417249 300574 415391 372974 316634 284311 391294 218835 356480
desembarquepred
 494561 514089 250503 359012 120615 361742 552510 73899.2 213071 205684 52470.7 317459 293764 387669 252565 516152 358465 742079 941731 627218 828345 859561 418643 520705 417189 300566 415389 372904 316572 284209 391192 218864 356539
Reclutas
 165037 81428.5 90741.2 113549 100636 183896 64838.9 29237.3 28444.8 38669.2 90381 142233 65280.6 47936.5 71826.2 383244 69318.1 449222 226181 383843 313490 429064 66121.3 236170 228820 89140.9 189565 245912 93401.1 89939.1 168064 76183.1 124900
log_desv_Rt
 0.317307 -0.389137 -0.280852 -0.0566271 -0.177353 0.42551 -0.616958 -1.41342 -1.4409 -1.13382 -0.284829 0.168603 -0.610168 -0.918985 -0.514614 1.15981 -0.550157 1.31865 0.632472 1.16137 0.958904 1.27274 -0.597372 0.675689 0.644073 -0.298645 0.455867 0.716111 -0.25196 -0.28973 0.335484 -0.455724 0.0386512
SSB
 1.40202e+06 964581 447838 260097 275265 352955 483524 218790 203226 110289 64221.5 225484 285705 131008 40589.3 122370 639169 544087 916149 509146 964772 1.06539e+06 944022 661029 959297 848290 678353 683496 1.09409e+06 763632 542158 801913 506932
BT
 2.12519e+06 1.47388e+06 719431 705803 589985 1.26059e+06 856190 538136 483120 338971 395017 742084 637980 535431 541786 1.31568e+06 1.08782e+06 2.5474e+06 2.08328e+06 1.70522e+06 2.75882e+06 2.46395e+06 1.51594e+06 2.53193e+06 1.83556e+06 1.57613e+06 2.15932e+06 2.15099e+06 1.61568e+06 1.42137e+06 1.49338e+06 1.42898e+06 1.27538e+06
Ftot
 0.314634 0.572377 0.56555 0.952139 0.304237 0.559735 1.26027 0.234144 0.995111 1.58334 0.283246 0.857315 0.880666 2.7056 1.58583 0.962816 0.459168 0.64217 0.976399 0.733171 0.506781 0.697369 0.405476 0.442473 0.391218 0.292498 0.431138 0.361475 0.258793 0.336987 0.490737 0.21174 0.517057
BD_Bspro_t
 0.951527 0.712874 0.478846 0.386962 0.381045 0.491439 0.486436 0.273938 0.328943 0.244266 0.203067 0.548465 0.459615 0.242002 0.0974347 0.242133 0.497606 0.435579 0.498825 0.344293 0.442933 0.460751 0.463651 0.417131 0.543543 0.570711 0.566796 0.597001 0.68593 0.61133 0.558807 0.621555 0.611545
BD_Bspro
 1.61951 1.11421 0.517309 0.300444 0.317966 0.407707 0.558531 0.252729 0.234751 0.127398 0.0741838 0.260462 0.330025 0.151331 0.0468858 0.141353 0.73832 0.628489 1.05827 0.588128 1.11443 1.23066 1.09046 0.763572 1.10811 0.979881 0.783583 0.789523 1.26381 0.882091 0.626261 0.92631 0.585569
BD_Bo
 2.3492 1.61624 0.75039 0.435814 0.46123 0.591406 0.810186 0.3666 0.340522 0.184799 0.107608 0.377817 0.478723 0.219515 0.0680108 0.205041 1.07098 0.911664 1.53508 0.853118 1.61656 1.78516 1.58179 1.10761 1.60738 1.42138 1.13664 1.14525 1.83324 1.27953 0.908432 1.34367 0.849407
BD_Brms
 2.5145 1.72996 0.80319 0.46648 0.493684 0.63302 0.867194 0.392396 0.364482 0.197802 0.11518 0.404401 0.512408 0.234961 0.0727963 0.219469 1.14634 0.975812 1.6431 0.913146 1.7303 1.91077 1.69309 1.18555 1.72048 1.5214 1.21662 1.22584 1.96223 1.36956 0.972353 1.43822 0.909174
Sel_flota
 0.43226 0.935342 0.996375 0.999809 0.99999
 0.43226 0.935342 0.996375 0.999809 0.99999
 0.43226 0.935342 0.996375 0.999809 0.99999
 0.43226 0.935342 0.996375 0.999809 0.99999
 0.43226 0.935342 0.996375 0.999809 0.99999
 0.43226 0.935342 0.996375 0.999809 0.99999
 0.43226 0.935342 0.996375 0.999809 0.99999
 0.43226 0.935342 0.996375 0.999809 0.99999
 0.43226 0.935342 0.996375 0.999809 0.99999
 0.43226 0.935342 0.996375 0.999809 0.99999
 0.43226 0.935342 0.996375 0.999809 0.99999
 0.43226 0.935342 0.996375 0.999809 0.99999
 0.43226 0.935342 0.996375 0.999809 0.99999
 0.43226 0.935342 0.996375 0.999809 0.99999
 0.43226 0.935342 0.996375 0.999809 0.99999
 0.43226 0.935342 0.996375 0.999809 0.99999
 0.43226 0.935342 0.996375 0.999809 0.99999
 0.43226 0.935342 0.996375 0.999809 0.99999
 0.43226 0.935342 0.996375 0.999809 0.99999
 0.43226 0.935342 0.996375 0.999809 0.99999
 0.43226 0.935342 0.996375 0.999809 0.99999
 0.43226 0.935342 0.996375 0.999809 0.99999
 0.43226 0.935342 0.996375 0.999809 0.99999
 0.43226 0.935342 0.996375 0.999809 0.99999
 0.43226 0.935342 0.996375 0.999809 0.99999
 0.43226 0.935342 0.996375 0.999809 0.99999
 0.43226 0.935342 0.996375 0.999809 0.99999
 0.43226 0.935342 0.996375 0.999809 0.99999
 0.43226 0.935342 0.996375 0.999809 0.99999
 0.43226 0.935342 0.996375 0.999809 0.99999
 0.43226 0.935342 0.996375 0.999809 0.99999
 0.43226 0.935342 0.996375 0.999809 0.99999
 0.43226 0.935342 0.996375 0.999809 0.99999
Sel_reclas
 1 1 1 1 1
 1 1 1 1 1
 1 1 1 1 1
 1 1 1 1 1
 1 1 1 1 1
 1 1 1 1 1
 1 1 1 1 1
 1 1 1 1 1
 1 1 1 1 1
 1 1 1 1 1
 1 1 1 1 1
 1 1 1 1 1
 1 1 1 1 1
 1 1 1 1 1
 1 1 1 1 1
 1 1 1 1 1
 1 1 1 1 1
 1 1 1 1 1
 1 1 1 1 1
 1 1 1 1 1
 1 1 1 1 1
 1 1 1 1 1
 1 1 1 1 1
 1 1 1 1 1
 1 1 1 1 1
 1 1 1 1 1
 1 1 1 1 1
 1 1 1 1 1
 1 1 1 1 1
 1 1 1 1 1
 1 1 1 1 1
 1 1 1 1 1
 1 1 1 1 1
Sel_pelaces
 0.953035 1 1 1 1
 0.953035 1 1 1 1
 0.953035 1 1 1 1
 0.953035 1 1 1 1
 0.953035 1 1 1 1
 0.953035 1 1 1 1
 0.953035 1 1 1 1
 0.953035 1 1 1 1
 0.953035 1 1 1 1
 0.953035 1 1 1 1
 0.953035 1 1 1 1
 0.953035 1 1 1 1
 0.953035 1 1 1 1
 0.953035 1 1 1 1
 0.953035 1 1 1 1
 0.953035 1 1 1 1
 0.953035 1 1 1 1
 0.953035 1 1 1 1
 0.953035 1 1 1 1
 0.953035 1 1 1 1
 0.953035 1 1 1 1
 0.953035 1 1 1 1
 0.953035 1 1 1 1
 0.953035 1 1 1 1
 0.953035 1 1 1 1
 0.953035 1 1 1 1
 0.953035 1 1 1 1
 0.953035 1 1 1 1
 0.953035 1 1 1 1
 0.953035 1 1 1 1
 0.953035 1 1 1 1
 0.953035 1 1 1 1
 0.953035 1 1 1 1
pf_obs 
 0.8446 0.082 0.0669 0.0065 0
 0.8095 0.147 0.0364 0.0071 0
 0.9664 0.0169 0.016 0.0007 0
 0.9276 0.0648 0.0075 0.0001 0
 0.7033 0.2144 0.0806 0.0017 0
 0.9318 0.0425 0.0243 0.0014 0
 0.5671 0.3108 0.0964 0.0239 0.0018
 0.0768 0.2599 0.5324 0.112 0.0189
 0.490249 0.384438 0.106611 0.0170017 0.00170017
 0.7925 0.1577 0.0466 0.003 0.0002
 0.840416 0.127587 0.0312969 0.00059994 9.999e-05
 0.8084 0.0986 0.0794 0.0134 0.0002
 0.7335 0.1905 0.0724 0.0035 0.0001
 0.4001 0.4547 0.1325 0.0127 0
 0.49795 0.308269 0.164784 0.0264974 0.00249975
 0.9179 0.0499 0.0305 0.0017 0
 0.2467 0.6533 0.0926 0.0074 0
 0.9418 0.0223 0.034 0.0019 0
 0.707729 0.231977 0.0356964 0.0245975 0
 0.517169 0.277429 0.184464 0.0207286 0.00020938
 0.811772 0.124168 0.05621 0.00726502 0.000585176
 0.764997 0.148141 0.077277 0.00933861 0.000247198
 0.163321 0.427699 0.378323 0.0303852 0.000271297
 0.753843 0.0900009 0.118128 0.0371064 0.000921714
 0.721811 0.176058 0.0630433 0.0369309 0.00215725
 0.143369 0.312575 0.442814 0.0836902 0.0175525
 0.692698 0.0596174 0.167031 0.0765114 0.00414204
 0.394062 0.376323 0.152708 0.0712218 0.00568511
 0.125707 0.32114 0.495352 0.0537591 0.00404204
 0.23352 0.215282 0.420074 0.123614 0.00750983
 0.796117 0.104755 0.0508955 0.0450114 0.00322123
 0.162477 0.292055 0.404252 0.121198 0.0200186
 0 0 0 0 0
pf_pred 
 0.451093 0.163475 0.358195 0.0272353 1.14292e-06
 0.344404 0.43377 0.0694717 0.141627 0.0107266
 0.533029 0.26623 0.136604 0.0201494 0.043988
 0.640724 0.267558 0.0541654 0.025593 0.0119599
 0.598726 0.335077 0.0505287 0.00927423 0.00639451
 0.693016 0.237275 0.0588899 0.00826581 0.00255291
 0.375128 0.531472 0.0735236 0.0168032 0.0030728
 0.400661 0.391092 0.179996 0.0222684 0.00598247
 0.495121 0.304784 0.133713 0.057407 0.00897561
 0.719355 0.209278 0.0448214 0.0177722 0.00877359
 0.84753 0.13747 0.011542 0.00217724 0.00128026
 0.708602 0.269989 0.0194353 0.00151957 0.000453393
 0.461195 0.468296 0.0657671 0.00430713 0.000434933
 0.586563 0.292629 0.106286 0.0135499 0.000971772
 0.876179 0.110374 0.0100164 0.00302227 0.000408657
 0.938619 0.0590391 0.0021154 0.000168934 5.74532e-05
 0.269364 0.713955 0.0161027 0.000522758 5.56366e-05
 0.83993 0.0747266 0.0835383 0.00174302 6.23391e-05
 0.482592 0.482649 0.0169699 0.0174147 0.000374578
 0.730732 0.195397 0.069362 0.00220763 0.0023015
 0.577346 0.370988 0.0383908 0.0124689 0.000806519
 0.652876 0.266833 0.0711522 0.00679819 0.00234048
 0.190641 0.67189 0.107768 0.0263353 0.00336602
 0.675356 0.115699 0.17565 0.0261244 0.00717006
 0.571441 0.358612 0.0261864 0.0368125 0.00694806
 0.317527 0.516387 0.140687 0.00953312 0.0158652
 0.629592 0.19063 0.138359 0.0351073 0.00631245
 0.629462 0.298164 0.0386438 0.0259842 0.00774591
 0.319121 0.542757 0.112744 0.013576 0.0118014
 0.425988 0.294239 0.22614 0.043811 0.00982282
 0.655538 0.219139 0.0665443 0.0475473 0.0112314
 0.376933 0.512716 0.0722388 0.0202782 0.0178338
 0.588644 0.23562 0.146352 0.0192613 0.0101232
pobs_RECLAS
 0 0 0 0 0
 0 0 0 0 0
 0 0 0 0 0
 0 0 0 0 0
 0 0 0 0 0
 0 0 0 0 0
 0 0 0 0 0
 0 0 0 0 0
 0 0 0 0 0
 0 0 0 0 0
 0.991045 0.00858322 0.000360255 1.14367e-05 0
 0.934742 0.0480273 0.0164251 0.00080598 0
 0.827803 0.169806 0.00239088 0 0
 0.941827 0.0461693 0.0120037 0 0
 0.791401 0.0380133 0.147996 0.0225897 0
 0.846168 0.0940531 0.0597789 0 0
 0.134021 0.677848 0.182769 0.00536245 0
 0.80878 0.0450904 0.141981 0.00414843 0
 0.846168 0.0940531 0.0597789 0 0
 0.905697 0.0802665 0.012482 0.00150086 5.37128e-05
 0.989698 0.0102097 9.19794e-05 0 0
 0.975433 0.0193895 0.00387452 0.00125025 5.28907e-05
 0.303575 0.632131 0.0575291 0.00676475 0
 0.966965 0.00978017 0.0227588 0.000495775 0
 0.843318 0.132988 0.00938335 0.0141283 0.000182051
 0.564624 0.303363 0.111486 0.0197234 0.00080311
 0.826376 0.0876187 0.0782897 0.00655872 0.00115652
 0.89761 0.0855135 0.0140674 0.00269457 0.000114338
 0.34875 0.467042 0.161289 0.0227151 0.000203297
 0.318654 0.224769 0.449479 0.00709798 0
 0.937255 0.0296025 0.0250945 0.00804832 0
 0.456809 0.399803 0.12412 0.0192676 0
 0.883104 0.0372192 0.0704036 0.00927362 0
ppred_RECLAS
 0.654032 0.107836 0.22136 0.0167713 7.03668e-07
 0.545791 0.307569 0.0460416 0.0935166 0.00708138
 0.724125 0.161904 0.0776517 0.0114117 0.024908
 0.807169 0.146254 0.0275518 0.0129669 0.00605836
 0.768112 0.195696 0.0276489 0.00505679 0.00348596
 0.83653 0.128265 0.0297584 0.00416155 0.00128506
 0.590437 0.352261 0.0451481 0.0102751 0.00187858
 0.59928 0.267342 0.11534 0.0142193 0.00381934
 0.700138 0.186277 0.076003 0.0325011 0.00508049
 0.865603 0.102302 0.0201914 0.00797018 0.00393372
 0.924658 0.0683589 0.0053782 0.00101094 0.000594341
 0.848163 0.141395 0.00948293 0.00073857 0.000220321
 0.664214 0.294497 0.0385219 0.00251303 0.000253713
 0.807909 0.140053 0.0458143 0.00580683 0.000416327
 0.946166 0.0484059 0.00404803 0.00121594 0.000164375
 0.972505 0.0265167 0.000883993 7.03168e-05 2.39092e-05
 0.45019 0.538049 0.0113549 0.00036729 3.90828e-05
 0.924346 0.0366079 0.0382234 0.000794558 2.84118e-05
 0.684016 0.296182 0.00968737 0.00990197 0.00021294
 0.862155 0.101907 0.033753 0.00107022 0.00111551
 0.753914 0.21775 0.0210749 0.00681995 0.000441045
 0.811666 0.14705 0.0366013 0.00348391 0.0011992
 0.344841 0.549914 0.0825705 0.0201054 0.00256925
 0.827846 0.06402 0.090956 0.013479 0.00369872
 0.748509 0.212731 0.0145437 0.0203721 0.00384433
 0.509169 0.377214 0.096296 0.00650203 0.0108188
 0.795289 0.108778 0.0738926 0.018682 0.00335846
 0.791339 0.170067 0.0206418 0.01383 0.00412196
 0.509873 0.39579 0.0770556 0.00924586 0.00803582
 0.62768 0.196993 0.141813 0.0273763 0.00613686
 0.812513 0.122219 0.0347162 0.0247153 0.00583703
 0.572137 0.356096 0.047039 0.0131581 0.0115698
 0.766215 0.137758 0.0800203 0.010493 0.00551374
pobs_PELACES
 0 0 0 0 0
 0 0 0 0 0
 0 0 0 0 0
 0 0 0 0 0
 0 0 0 0 0
 0 0 0 0 0
 0 0 0 0 0
 0 0 0 0 0
 0 0 0 0 0
 0 0 0 0 0
 0 0 0 0 0
 0 0 0 0 0
 0 0 0 0 0
 0 0 0 0 0
 0 0 0 0 0
 0 0 0 0 0
 0.505614 0.472636 0.0217494 0 0
 0 0 0 0 0
 0.443492 0.261883 0.143347 0.151278 0
 0.227955 0.32914 0.350689 0.0885471 0.00366901
 0.970185 0.0296113 0.000203453 0 0
 0.997202 0.00247181 0.000326279 0 0
 0.445219 0.490057 0.0546422 0.010081 0
 0.90214 0.0892962 0.00764917 0.000914606 0
 0 0 0 0 0
 0.581667 0.319106 0.0959925 0.00289975 0.000334073
 0.762889 0.0836404 0.116647 0.0363945 0.000428098
 0.88444 0.0763242 0.0277011 0.0115352 0
 0.521256 0.241999 0.230069 0.00667565 0
 0.616807 0.101726 0.260614 0.0208532 0
 0.833518 0.0704572 0.0857862 0.0102388 0
 0.697417 0.212968 0.0787535 0.0105354 0.000325836
 0 0 0 0 0
ppred_PELACES
 0.655954 0.107707 0.219698 0.0166395 6.98125e-07
 0.558346 0.300222 0.0444266 0.0901778 0.00682832
 0.73411 0.156791 0.0743476 0.0109191 0.0238321
 0.824392 0.133819 0.0247304 0.0116266 0.0054318
 0.768712 0.195378 0.0274354 0.00501601 0.00345779
 0.842891 0.123575 0.028349 0.00396194 0.00122338
 0.629588 0.319722 0.0399507 0.00907923 0.00165982
 0.597441 0.268993 0.115506 0.014236 0.00382378
 0.725666 0.171734 0.0686788 0.0293359 0.00458545
 0.889443 0.0848037 0.0162124 0.00638809 0.00315257
 0.92462 0.0684299 0.00535316 0.00100591 0.000591374
 0.860047 0.130483 0.00860131 0.000669255 0.000199634
 0.686198 0.275815 0.0354438 0.00230992 0.000233195
 0.864376 0.100334 0.0310808 0.00392734 0.000281529
 0.956266 0.0394513 0.00319548 0.000958129 0.000129511
 0.975357 0.0237828 0.000777625 6.17884e-05 2.10082e-05
 0.45721 0.531284 0.0111089 0.000359147 3.82153e-05
 0.928779 0.0346931 0.0357586 0.000742781 2.65594e-05
 0.708382 0.273686 0.00877727 0.00896179 0.000192711
 0.871105 0.0956569 0.0312186 0.00098904 0.00103084
 0.760753 0.21195 0.0203052 0.00656709 0.00042468
 0.822244 0.139219 0.0341688 0.00324981 0.00111857
 0.349495 0.54673 0.0814248 0.0198173 0.00253238
 0.832219 0.0627468 0.0883563 0.0130872 0.00359111
 0.7519 0.210125 0.0142528 0.0199557 0.00376568
 0.509626 0.377381 0.0957726 0.00646455 0.0107562
 0.799743 0.10685 0.071955 0.0181832 0.00326872
 0.793524 0.168518 0.0203054 0.0135991 0.00405304
 0.508841 0.397025 0.0768941 0.00922378 0.0080165
 0.630263 0.196259 0.140329 0.0270794 0.00607018
 0.818068 0.119016 0.033474 0.0238177 0.00562488
 0.569143 0.358849 0.047201 0.0132002 0.0116067
 0.773661 0.133946 0.0769997 0.010091 0.00530233
pobs_pel_tallas
 0 0 0 0 0 0 0 0 0 0 0 0 0 0 0 0 0 0 0 0 0 0 0 0 0 0
 0 0 0 0 0 0 0 0 0 0 0 0 0 0 0 0 0 0 0 0 0 0 0 0 0 0
 0 0 0 0 0 0 0 0 0 0 0 0 0 0 0 0 0 0 0 0 0 0 0 0 0 0
 0 0 0 0 0 0 0 0 0 0 0 0 0 0 0 0 0 0 0 0 0 0 0 0 0 0
 0 0 0 0 0 0 0 0 0 0 0 0 0 0 0 0 0 0 0 0 0 0 0 0 0 0
 0 0 0 0 0 0 0 0 0 0 0 0 0 0 0 0 0 0 0 0 0 0 0 0 0 0
 0 0 0 0 0 0 0 0 0 0 0 0 0 0 0 0 0 0 0 0 0 0 0 0 0 0
 0 0 0 0 0 0 0 0 0 0 0 0 0 0 0 0 0 0 0 0 0 0 0 0 0 0
 0 0 0 0 0 0 0 0 0 0 0 0 0 0 0 0 0 0 0 0 0 0 0 0 0 0
 0 0 0 0 0 0 0 0 0 0 0 0 0 0 0 0 0 0 0 0 0 0 0 0 0 0
 0 0 0 0 0 0 0 0 0 0 0 0 0 0 0 0 0 0 0 0 0 0 0 0 0 0
 0 0 0 0 0 0 0 0 0 0 0 0 0 0 0 0 0 0 0 0 0 0 0 0 0 0
 0.00862536 0 0 0.000197151 0.00414017 0.0128641 0.00837892 0.0270097 0.101434 0.158115 0.152841 0.127902 0.109271 0.109419 0.0830992 0.0579132 0.0238553 0.00714673 0.00463305 0.00128148 0.00103504 0.000492878 0.000147863 0.000147863 4.92878e-05 0
 0 0 0 0 0 0 0 0 0 0 0 0 0 0 0 0 0 0 0 0 0 0 0 0 0 0
 0 0 0 0 0 0 0 0.0054083 0.00873648 0.0413646 0.0450493 0.0745869 0.0622846 0.0627006 0.0613931 0.0827291 0.12552 0.122667 0.0946155 0.0697135 0.0546179 0.0294188 0.0215738 0.0213955 0.0102223 0.00600262
 0 0 0 0 0.00359764 0.0251062 0.0480494 0.140153 0.205849 0.193036 0.1447 0.116669 0.0760912 0.0342217 0.00950174 0.001854 0.000860785 0 0 0 0.000165536 0 0.000143464 0 0 0
 0 0 0 0 0 0 0 0.000145254 0.000435761 0.0275982 0.070085 0.0708112 0.156366 0.174668 0.174014 0.160142 0.0824315 0.0480064 0.0283245 0.00493863 0.00203355 0 0 0 0 0
 0 0 0 0 0 0 0 0 0 0 0 0 0 0 0 0 0 0 0 0 0 0 0 0 0 0
 0 0 1.00437e-05 0.000401748 0.00122533 0.00171747 0.00176769 0.0269171 0.070346 0.194647 0.189555 0.159765 0.064822 0.0314167 0.0384472 0.0292271 0.0345202 0.0313363 0.0194345 0.0106764 0.0143323 0.0359363 0.0279516 0.0138201 0.00172751 0
 0 0.0021121 0.0136068 0.0755702 0.200478 0.177729 0.0527432 0.0373336 0.0318909 0.0142505 0.0149659 0.0166563 0.0217959 0.0798694 0.0677717 0.0528807 0.04013 0.0224614 0.0357745 0.0225083 0.00881397 0.00855152 0.00135912 0.000746735 0 0
 0 0 0 0 5.4009e-05 0.00500934 0.000945158 0.0243581 0.138947 0.33067 0.221406 0.137944 0.0707744 0.0437923 0.0131692 0.00525238 0.0047753 0.00276346 9.45158e-05 9.00151e-06 2.25038e-05 9.00151e-06 4.50075e-06 0 0 0
 0.000866109 0.00284123 0.00948549 0.0512746 0.133035 0.25785 0.225252 0.132002 0.0553304 0.0519788 0.0540692 0.017754 0.00435017 0.00159236 0.00146478 0.000404838 0.000125132 0.000115318 0.000107957 0.000100596 0 0 0 0 0 0
 0 0 0 0 0.00144013 0.00171154 0.00461396 0.0210425 0.0478622 0.0707936 0.0888783 0.103762 0.0637923 0.0337046 0.0602308 0.124433 0.169614 0.0934646 0.0462172 0.0250306 0.0313229 0.00938855 0.002487 0.000210481 0 0
 0 0.00764035 0.051015 0.0998891 0.058973 0.0496711 0.0374665 0.0718981 0.12319 0.153886 0.159021 0.0857701 0.0377988 0.023471 0.0147837 0.00900784 0.00315554 0.000888139 0.00291439 0.00214683 0.00393193 0.00274676 0.000635225 9.99891e-05 0 0
 0 0 0 0 0 0 0 0 0 0 0 0 0 0 0 0 0 0 0 0 0 0 0 0 0 0
 0 0 0 0 0 0 0 0 0 0 0 0 0 0 0 0 0 0 0 0 0 0 0 0 0 0
 0 0 0 0 0 0 0 0 0 0 0 0 0 0 0 0 0 0 0 0 0 0 0 0 0 0
 0 0 0 0 0 0 0 0 0 0 0 0 0 0 0 0 0 0 0 0 0 0 0 0 0 0
 0 0 0 0 0 0 0 0 0 0 0 0 0 0 0 0 0 0 0 0 0 0 0 0 0 0
 0 0 0 0 0 0 0 0 0 0 0 0 0 0 0 0 0 0 0 0 0 0 0 0 0 0
 0 0 0 0 0 0 0 0 0 0 0 0 0 0 0 0 0 0 0 0 0 0 0 0 0 0
 0 0 0 0 0 0 0 0 0 0 0 0 0 0 0 0 0 0 0 0 0 0 0 0 0 0
 0 0 0 0 0 0 0 0 0 0 0 0 0 0 0 0 0 0 0 0 0 0 0 0 0 0
ppred_pel_tallas
 1.08037e-16 5.40301e-05 0.000525192 0.00349009 0.0158654 0.0493633 0.105174 0.153507 0.153518 0.105227 0.0495403 0.0163807 0.00479893 0.00343314 0.00572515 0.00976552 0.0149596 0.0206762 0.0262398 0.0312296 0.035529 0.0390203 0.0412499 0.0414703 0.0390916 0.0341668
 1.11558e-16 4.59902e-05 0.000447042 0.00297075 0.0135046 0.042018 0.0895249 0.13067 0.130699 0.0896665 0.0424935 0.0148784 0.00642112 0.00798641 0.0143872 0.0237764 0.0344107 0.0436534 0.0488875 0.0490065 0.0451097 0.0397415 0.0352741 0.0326808 0.031439 0.0303064
 1.07314e-16 6.04677e-05 0.000587768 0.00390593 0.0177558 0.0552449 0.117706 0.171798 0.171813 0.11778 0.0554947 0.0184783 0.00572384 0.00457058 0.00766676 0.0126903 0.0185378 0.0238692 0.0273571 0.0283971 0.0274341 0.0255744 0.0238108 0.0224899 0.0213457 0.0199078
 1.02834e-16 6.79041e-05 0.000660052 0.00438628 0.0199394 0.0620389 0.132181 0.192925 0.192938 0.132244 0.0622508 0.0205515 0.00592345 0.00401792 0.00645174 0.0105765 0.0152728 0.0193012 0.0214503 0.0211723 0.0189045 0.0157589 0.0128331 0.0106822 0.00926041 0.00821226
 1.0193e-16 6.33179e-05 0.000615472 0.00409003 0.0185927 0.0578489 0.123254 0.179897 0.179915 0.123346 0.0581578 0.019485 0.00632989 0.00550502 0.00934918 0.0153551 0.0221115 0.0278014 0.0306156 0.0297183 0.0257379 0.0203321 0.0151916 0.0112574 0.00860432 0.00682586
 1.01455e-16 6.94278e-05 0.000674863 0.0044847 0.0203868 0.063431 0.135147 0.197253 0.197265 0.135205 0.0636268 0.0209525 0.00590533 0.00377874 0.00597193 0.00978282 0.0141318 0.0178659 0.0198553 0.0195713 0.0173845 0.0142865 0.0112718 0.00887018 0.00710008 0.0057267
 1.02427e-16 5.18584e-05 0.000504082 0.00334981 0.0152277 0.0473793 0.100948 0.147343 0.147374 0.101098 0.0478847 0.0166874 0.00701327 0.00849997 0.0152331 0.0250896 0.0361097 0.045349 0.0498382 0.0482018 0.0414712 0.0323768 0.0237159 0.0170648 0.0125781 0.00961086
 1.05477e-16 4.92104e-05 0.000478343 0.00317876 0.0144502 0.04496 0.0957931 0.139818 0.139844 0.0959204 0.045388 0.0156877 0.00629088 0.00729146 0.0130451 0.0216356 0.0315044 0.0403293 0.0457482 0.0466292 0.0436645 0.0387443 0.0336645 0.0292288 0.0252862 0.0213691
 1.05744e-16 5.97722e-05 0.000581007 0.00386099 0.0175515 0.0546094 0.116352 0.169822 0.169839 0.116433 0.0548826 0.0183416 0.00584807 0.00493167 0.00836054 0.0138276 0.0201513 0.0258461 0.0294361 0.0302461 0.0287683 0.0262403 0.0237903 0.0218427 0.0201479 0.0182302
 1.01664e-16 7.32623e-05 0.000712135 0.00473239 0.0215128 0.0669342 0.142611 0.208146 0.208155 0.142651 0.0670685 0.0219007 0.00570661 0.00284031 0.00411934 0.00670564 0.00968025 0.012233 0.0135927 0.0134096 0.0119571 0.00993664 0.00804267 0.00663023 0.00567799 0.00497151
 1.00374e-16 7.61597e-05 0.000740299 0.00491955 0.0223636 0.0695814 0.148251 0.216378 0.216384 0.148283 0.0696895 0.0226756 0.00570243 0.00244817 0.00331629 0.00535298 0.00768263 0.00961635 0.0105086 0.0100631 0.0085072 0.00644174 0.00448888 0.00300914 0.00204955 0.00147127
 1.00383e-16 7.08409e-05 0.000688599 0.00457598 0.0208018 0.0647221 0.137898 0.201268 0.201281 0.137959 0.0649281 0.0213965 0.00606804 0.00394303 0.00624347 0.0101881 0.0146188 0.0182758 0.0199265 0.0190013 0.015933 0.0118737 0.00802362 0.00508925 0.00317993 0.00204549
 1.01365e-16 5.65213e-05 0.000549407 0.00365101 0.016597 0.0516394 0.110024 0.160589 0.160616 0.110154 0.0520754 0.0178561 0.00681114 0.00744645 0.0131505 0.0216381 0.0311332 0.0390797 0.0429044 0.0414063 0.0354609 0.0274161 0.0196928 0.0136791 0.00955516 0.00681787
 1.01365e-16 7.11975e-05 0.000692065 0.00459902 0.0209065 0.0650479 0.138592 0.202281 0.20229 0.138639 0.0652071 0.0213666 0.00575537 0.00322051 0.0048852 0.00799474 0.011582 0.0147139 0.016484 0.0164636 0.0149339 0.0126582 0.0103891 0.00850781 0.00700729 0.00571226
 1.00221e-16 7.87663e-05 0.000765637 0.00508793 0.023129 0.0719628 0.153325 0.223783 0.223786 0.153343 0.0720251 0.0233089 0.00553933 0.00175044 0.00194726 0.00308974 0.00443192 0.00554927 0.00606801 0.00581756 0.0049288 0.00374723 0.00262987 0.00178249 0.00123043 0.000892909
 1.00039e-16 8.03389e-05 0.000780922 0.0051895 0.0235907 0.0733995 0.156386 0.22825 0.228252 0.156397 0.073437 0.023699 0.00546117 0.00137327 0.00120326 0.00185664 0.00265395 0.00331019 0.0035953 0.00340506 0.00282005 0.00205421 0.00133166 0.000786171 0.000440314 0.000247665
 1.00499e-16 3.76599e-05 0.000366068 0.00243265 0.0110585 0.0344074 0.0733105 0.107009 0.107061 0.0735601 0.0352453 0.0134773 0.00849904 0.0135918 0.0251049 0.0413104 0.0591916 0.0737727 0.0800092 0.0755743 0.0622807 0.044938 0.0285967 0.016289 0.00854571 0.00433022
 1.0112e-16 7.65023e-05 0.00074363 0.00494168 0.0224642 0.0698944 0.148917 0.21735 0.217353 0.148934 0.0699502 0.0226261 0.00535037 0.00164325 0.0018068 0.00292236 0.00433296 0.00571875 0.00679864 0.00742462 0.00763394 0.00756453 0.00731311 0.00686888 0.00616869 0.00520139
 1.01255e-16 5.83486e-05 0.000567169 0.00376904 0.0171335 0.0533089 0.113581 0.165781 0.165807 0.11371 0.0537407 0.0183801 0.006896 0.00738593 0.0129867 0.0213206 0.0305756 0.0381745 0.0415375 0.039485 0.0329584 0.0244209 0.0164316 0.0104858 0.00678154 0.00472402
 1.012e-16 7.17517e-05 0.000697453 0.00463482 0.0210692 0.0655542 0.13967 0.203855 0.203864 0.139716 0.065706 0.0215081 0.00573761 0.00310899 0.00466372 0.00762754 0.0110522 0.0140451 0.0157401 0.0157248 0.0142608 0.012069 0.00986353 0.00801128 0.00651733 0.00523093
 1.01371e-16 6.26623e-05 0.0006091 0.00404768 0.0184002 0.0572499 0.121978 0.178034 0.178055 0.122078 0.0575848 0.0193671 0.00647408 0.00590346 0.0101103 0.0165962 0.0238565 0.029906 0.0327651 0.0315211 0.0268714 0.0206561 0.0147689 0.0102899 0.00733802 0.00547687
 1.01537e-16 6.77272e-05 0.000658332 0.00437485 0.0198874 0.0618773 0.131837 0.192422 0.192436 0.131902 0.0620979 0.0205249 0.00597599 0.00415703 0.00672227 0.0110316 0.0159436 0.02017 0.0224389 0.022152 0.0197188 0.0162446 0.0128383 0.0100911 0.00802876 0.00640199
 1.04906e-16 2.87876e-05 0.000279826 0.00185954 0.00845324 0.0263015 0.05604 0.081803 0.0818557 0.0562975 0.0271661 0.0109508 0.00812918 0.0139675 0.026027 0.0429895 0.0619413 0.0779248 0.0858923 0.0835014 0.0724912 0.0574647 0.0431077 0.0320164 0.0243902 0.0191207
 1.04487e-16 6.85488e-05 0.000666318 0.00442792 0.0201287 0.0626278 0.133435 0.194754 0.19476 0.133466 0.0627297 0.0204246 0.0051768 0.00232151 0.00327183 0.00545662 0.00821815 0.0110958 0.0136479 0.0156416 0.0171168 0.018211 0.0189128 0.0189884 0.01815 0.0163014
 1.03104e-16 6.19331e-05 0.000602012 0.00400058 0.0181861 0.0565837 0.120558 0.175963 0.175983 0.120657 0.0569156 0.0191444 0.00640543 0.00584919 0.0100199 0.0164486 0.0236491 0.0296637 0.0325521 0.031445 0.0270781 0.0213123 0.016029 0.0122493 0.00998338 0.0086595
 1.05329e-16 4.19773e-05 0.000408034 0.00271153 0.0123263 0.0383517 0.0817138 0.119271 0.119308 0.0818919 0.0389499 0.0140546 0.00705307 0.00989583 0.0180907 0.0299183 0.0432729 0.0547862 0.0610325 0.0604032 0.0540161 0.0448656 0.0359428 0.0288205 0.0235284 0.0193452
 1.04481e-16 6.58738e-05 0.000640317 0.00425513 0.0193432 0.060184 0.128229 0.187156 0.187166 0.12828 0.0603549 0.0198381 0.00550188 0.0033771 0.00530802 0.00878759 0.0129258 0.0168287 0.0196196 0.0208813 0.0208523 0.0201564 0.0193027 0.0183836 0.0171647 0.0153986
 1.02679e-16 6.53616e-05 0.000635338 0.00422204 0.0191928 0.059716 0.127232 0.185702 0.185718 0.127311 0.0599825 0.0199624 0.0061537 0.00485207 0.00807363 0.0132444 0.0190755 0.0239985 0.0264666 0.0257805 0.0225079 0.0180983 0.0140082 0.0110146 0.00911396 0.00787187
 1.04603e-16 4.19126e-05 0.000407406 0.00270736 0.0123073 0.0382927 0.0815881 0.119088 0.119127 0.0817752 0.0389212 0.0141229 0.00726643 0.0103648 0.0189672 0.0313276 0.0452105 0.0570309 0.0631487 0.0618674 0.0544149 0.0440556 0.0340877 0.0263024 0.0207966 0.0167804
 1.07843e-16 5.1914e-05 0.000504622 0.00335339 0.0152441 0.04743 0.101055 0.147497 0.147516 0.101149 0.0477442 0.0161538 0.00564571 0.00553803 0.00969718 0.0161739 0.0238193 0.0310529 0.0362692 0.0386894 0.038722 0.0374716 0.0358354 0.0339703 0.0314712 0.0279444
 1.04337e-16 6.73832e-05 0.000654988 0.00435263 0.0197864 0.061563 0.131167 0.191444 0.191456 0.131223 0.0617519 0.0203325 0.00572515 0.00365709 0.00578658 0.00950712 0.0138031 0.0176059 0.0198811 0.0201725 0.0188662 0.0168957 0.0151271 0.0139103 0.0130673 0.0121962
 1.04742e-16 4.68796e-05 0.000455686 0.0030282 0.0137658 0.0428306 0.0912564 0.133199 0.133233 0.0914254 0.043398 0.0154046 0.00714165 0.00943503 0.0170994 0.0281928 0.0406056 0.0510607 0.0562515 0.054663 0.0474762 0.0377623 0.028637 0.021809 0.0173601 0.0144623
 1.04166e-16 6.37255e-05 0.000619434 0.00411636 0.0187124 0.0582212 0.124047 0.181053 0.181066 0.124111 0.058435 0.0193309 0.00567345 0.00403336 0.00659072 0.0109081 0.0159712 0.020635 0.0237608 0.0248005 0.0240663 0.0224079 0.020583 0.0188511 0.017041 0.0149022
pSPR Fmed_Fpbrs
1   0.984262 0.6 0.325 0.984262 0.984262 0.984262
Fs Fmed_Fpbrs
0   0.01 0.370745 0.96892 0.01 0.01 0.01
SSBpbr Bo_Bmed_Bpbrs
596807  566967  557574 328244 164122 557574 557574 557574
Ro
120165
SPR SPRFo_SPRFmed_SPRFpbrs
865707 865707 852082
Fref
0
Nvult_r0
 88154.8 19774.2 11775.4 1546.24 812.557
CTP_r0
 16103.7 6445.9 4003.78 526.936 276.941
YTP_r0
356539
Np
 124900 45948.2 16903.4 6218.41 3129.2
Nvult_p0
 78951.9 29044.8 10685 3930.79 1978.03
CTP_p0
 0 0 0 0 0
 0 0 0 0 0
 0 0 0 0 0
 0 0 0 0 0
 0 0 0 0 0
 0 0 0 0 0
YTP_p0
 0 0 0 0 0 0
CBA_c0
0
log_Ro
11.5166
likeval ReclasPelacesDesembMPH_pf_preclas_ppelaces_ptallas_desvR_qrecl_qpela
 37.1009 28.3301 0.0235181 73.1553 239.721 136.789 115.355 0 25.0835 1.2124e-05 2.61882e-05 0.0856902 2063.94 0 0
q_reclas_q_pelaces
1.63628 2.06208
M
1
N
 165037 29452.2 61041.1 4627.27 0.194151
 81428.5 52993.3 8072.62 16412.7 1242.89
 90741.2 23390 11413.5 1678.96 3664.81
 113549 26142.1 5069.93 2390.01 1116.75
 100636 27678.7 3947.06 722.267 497.918
 183896 32459.8 7660.67 1072.33 331.145
 64838.9 53113 7074.22 1613.48 295.024
 29237.3 13834.2 6011.31 741.381 199.141
 28444.8 9720.47 4088.34 1751.28 273.781
 38669.2 6806.09 1409.82 558.017 275.451
 90381 7175.19 569.416 107.085 62.9579
 142233 29417.8 2025.26 157.968 47.1268
 65280.6 36121.3 4853.58 317.109 32.0176
 47936.5 16412.1 5830.83 742.481 53.2461
 71826.2 5475.9 480.638 144.767 19.5728
 383244 13313.2 457.06 36.4168 12.3836
 69318.1 92989.4 1990.12 64.4242 6.85557
 449222 20910 22264.8 463.334 16.5689
 226181 125202 4218.91 4319.61 92.9008
 383843 54558.7 18479.6 586.677 611.542
 313490 102854 10109.9 3274.46 211.768
 429064 92638.6 23554.1 2244.69 772.696
 66121.3 116765 17750.7 4325.2 552.735
 236170 20414 29397.3 4359.78 1196.4
 228820 71757.2 4964.72 6958.99 1313.25
 89140.9 71081.6 18308.5 1236.84 2058.03
 189565 28898.3 19890.5 5032.56 904.74
 245912 57879.7 7103.04 4762 1419.33
 93401.1 77379.6 15184.3 1822.77 1584.25
 89939.1 30723.8 22346.4 4316.35 967.61
 168064 28601.7 8246.92 5876.13 1387.83
 76183.1 50009.9 6648.96 1860.57 1636.02
 124900 25574.9 15092.1 1980.77 1040.88
pred_Ctot
 13414 4861.2 10651.5 809.886 0.0339865
 11511.5 14498.5 2322.05 4733.81 358.529
 12689.9 6338.21 3252.15 479.701 1047.23
 25037.2 10455.2 2116.59 1000.08 467.352
 7923.76 4434.54 668.716 122.739 84.6273
 25478.6 8723.37 2165.08 303.891 93.8573
 17986.9 25483.3 3525.35 805.692 147.336
 1793.77 1750.93 805.846 99.6964 26.7837
 6508.28 4006.33 1757.63 754.605 117.983
 12796.7 3722.86 797.331 316.15 156.074
 6649.89 1078.62 90.5605 17.083 10.0452
 28690.8 10931.7 786.921 61.5264 18.3576
 13473.9 13681.3 1921.4 125.834 12.7066
 22889.2 11419.1 4147.54 528.752 37.921
 23797.3 2997.8 272.048 82.0858 11.0993
 85299.6 5365.34 192.243 15.3523 5.22122
 8016.86 21248.8 479.252 15.5584 1.65586
 70400.5 6263.37 7001.94 146.095 5.22508
 50936.4 50942.4 1791.13 1838.07 39.5358
 67620.7 18081.7 6418.64 204.29 212.977
 39686.2 25501.4 2638.95 857.102 55.4393
 72335.7 29563.9 7883.35 753.209 259.314
 6816.44 24023.7 3853.28 941.631 120.353
 26397.3 4522.28 6865.56 1021.11 280.253
 22816.4 14318.6 1045.56 1469.84 277.42
 6761.84 10996.6 2995.97 203.01 337.853
 20686.1 6263.41 4545.99 1153.5 207.405
 22774.8 10788 1398.19 940.145 280.258
 6306.02 10725.2 2227.89 268.269 233.203
 7798.75 5386.77 4140.05 802.069 179.831
 20659.9 6906.39 2097.21 1498.5 353.97
 4243.59 5772.25 813.278 228.296 200.776
 16103.7 6445.9 4003.78 526.936 276.941
F
 0.136004 0.29429 0.313493 0.314574 0.314631
 0.247415 0.535368 0.570302 0.572267 0.572371
 0.244465 0.528983 0.5635 0.565442 0.565544
 0.411571 0.890576 0.948687 0.951957 0.952129
 0.131509 0.284565 0.303134 0.304178 0.304234
 0.241951 0.523543 0.557706 0.559628 0.559729
 0.544762 1.17878 1.2557 1.26002 1.26025
 0.101211 0.219005 0.233296 0.2341 0.234142
 0.430146 0.930769 0.991503 0.99492 0.995101
 0.684413 1.48096 1.5776 1.58303 1.58332
 0.122436 0.264932 0.282219 0.283191 0.283243
 0.370583 0.801883 0.854207 0.857151 0.857306
 0.380676 0.823724 0.877473 0.880497 0.880657
 1.16952 2.53066 2.69579 2.70508 2.70557
 0.685492 1.4833 1.58008 1.58553 1.58582
 0.416187 0.900562 0.959326 0.962632 0.962806
 0.19848 0.429479 0.457504 0.45908 0.459163
 0.277584 0.600648 0.639842 0.642047 0.642163
 0.422058 0.913267 0.972859 0.976212 0.976389
 0.31692 0.685766 0.730513 0.733031 0.733164
 0.219061 0.474014 0.504944 0.506684 0.506776
 0.301445 0.652278 0.694841 0.697235 0.697362
 0.175271 0.379259 0.404006 0.405398 0.405472
 0.191263 0.413864 0.440869 0.442389 0.442469
 0.169108 0.365922 0.389799 0.391143 0.391214
 0.126435 0.273585 0.291437 0.292442 0.292495
 0.186363 0.403261 0.429575 0.431055 0.431133
 0.156251 0.338103 0.360165 0.361406 0.361472
 0.111866 0.24206 0.257855 0.258743 0.25879
 0.145666 0.315198 0.335765 0.336922 0.336984
 0.212126 0.459007 0.488958 0.490643 0.490732
 0.0915266 0.198049 0.210972 0.211699 0.211738
 0.223503 0.483626 0.515183 0.516958 0.517052
YTP_r0W_actual
 121422 112481 96371 16503.6 9762.18
YTP_p0W_proyectada
 0 0 0 0 0
 0 0 0 0 0
 0 0 0 0 0
 0 0 0 0 0
 0 0 0 0 0
 0 0 0 0 0
CTP_r0_actual
 16103.7 6445.9 4003.78 526.936 276.941
CTP_p0_proyectada
 0 0 0 0 0
 0 0 0 0 0
 0 0 0 0 0
 0 0 0 0 0
 0 0 0 0 0
 0 0 0 0 0
Wmedp
 7.54 17.45 24.07 31.32 35.25
Frms_r0
 0.223503 0.483626 0.515183 0.516958 0.517052
Zrms_r0
 1.2235 1.48363 1.51518 1.51696 1.51705
nmprior
 7.29 8.9 8.7 0
nm_flota  nm_reclas  nm_pelaces    nm_pelaL
inf 13.2086 16.3834 50.1377
cv_recla  cv_pelaces  cv_mph
0.26375 0.485885 0.685772
 ------------------------------------------------
Talla a la edad & desviaci?n 
 8 13.2811 15.8009 17.003 17.5766
 0.8 1.32811 1.58009 1.7003 1.75766
