years
 1991 1992 1993 1994 1995 1996 1997 1998 1999 2000 2001 2002 2003 2004 2005 2006 2007 2008 2009 2010 2011 2012 2013 2014 2015 2016 2017 2018 2019 2020 2021 2022 2023
reclasobs
 0 0 0 0 0 0 0 0 0 252601 567819 844713 477998 351125 339783 2.1784e+06 2.13404e+06 4.81314e+06 1.55562e+06 2.62356e+06 3.21686e+06 3.843e+06 1.13348e+06 3.07943e+06 1.97215e+06 2.03268e+06 2.025e+06 2.42433e+06 2.27542e+06 1.05018e+06 2.36338e+06 3.18982e+06 1.53035e+06
reclaspred
 2.8569e+06 1.62054e+06 854855 864272 857913 1.13996e+06 732151 661268 466876 349322 557232 714304 576248 333024 471353 1.5241e+06 1.67251e+06 2.72637e+06 2.06348e+06 2.04522e+06 3.54832e+06 2.61884e+06 2.02062e+06 2.9473e+06 2.28875e+06 2.06955e+06 2.31708e+06 2.54008e+06 2.25008e+06 1.70023e+06 1.94268e+06 2.10439e+06 1.65964e+06
pelacesobs
 0 0 0 0 0 0 0 0 0 0 0 0 0 0 0 552880 188675 0 991730 2.46772e+06 1.41603e+06 1.21717e+06 2.29649e+06 1.80582e+06 0 1.4828e+06 1.56532e+06 1.57751e+06 1.42118e+06 867257 1.10002e+06 1.06204e+06 0
pelacespred
 1.49675e+06 956030 506255 417403 425251 580354 358945 382280 266308 190071 298268 341297 297537 181012 265818 715163 779927 1.43229e+06 1.16521e+06 1.02366e+06 1.72106e+06 1.46811e+06 1.0925e+06 1.70631e+06 1.28059e+06 1.14557e+06 1.46061e+06 1.44821e+06 1.15006e+06 1.00325e+06 1.0108e+06 1.08631e+06 891496
mphobs
 0 0 0 0 0 0 0 0 0 0 0 0 498337 0 5186 125008 0 168611 109162 213762 579715 649985 157893 87575 83554 210694 70296 0 107559 103333 445601 22526 28222
mphpred
 445899 300180 152424 87724.2 98365.3 105899 119107 77441.6 67703.2 46184 31863.9 71247.3 82501.5 51871.4 26183.6 49232.3 197712 206382 270918 326379 468962 526245 107897 87407.9 122515 99768.2 87966 91354.2 127997 101794 67527.1 91782 65793.1
desembarqueobs
 494567 514787 250237 358949 120608 361735 552515 73892 212993 205616 52469 317467 293654 387597 252695 516296 358380 742168 942051 627588 828172 859565 418607 520667 417249 300574 415391 372974 316634 284311 391294 218835 356480
desembarquepred
 494571 513078 251123 358985 120614 361772 552635 73897.2 213059 205670 52470 317508 293830 388014 252679 516286 358422 742190 942069 627488 828259 859689 418649 520704 417251 300583 415408 372970 316632 284295 391285 218847 356503
Reclutas
 252276 131789 172606 259798 208496 280387 121779 63679.2 52226.5 74477.4 237228 218586 99999.1 64267.7 145638 885621 198120 894616 508368 740159 745731 865497 171750 597146 539409 236493 492270 618904 230803 215152 427744 213600 337107
log_desv_Rt
 -0.0146648 -0.663986 -0.394178 0.0147156 -0.20527 0.0909823 -0.742984 -1.39133 -1.5896 -1.23469 -0.0761656 -0.158008 -0.940028 -1.38213 -0.564062 1.2411 -0.256317 1.25121 0.686017 1.06168 1.06918 1.21811 -0.399147 0.846972 0.745286 -0.0792689 0.653839 0.88276 -0.103623 -0.173843 0.513335 -0.181086 0.27521
SSB
 4.92255e+06 3.31387e+06 1.6827e+06 968440 1.08591e+06 1.16909e+06 1.31489e+06 854924 747416 509853 351764 786541 876378 563174 281011 529824 2.18266e+06 2.27837e+06 3.06766e+06 2.22528e+06 3.26761e+06 3.80933e+06 3.26612e+06 2.56082e+06 3.39246e+06 2.91423e+06 2.43661e+06 2.44694e+06 3.54081e+06 2.6675e+06 1.98062e+06 2.76209e+06 1.84418e+06
BT
 6.46758e+06 4.37418e+06 2.30146e+06 1.9898e+06 1.8125e+06 2.65027e+06 1.96293e+06 1.60603e+06 1.29115e+06 967455 1.24786e+06 1.6416e+06 1.46618e+06 1.14019e+06 1.32799e+06 3.30655e+06 3.42333e+06 6.42131e+06 5.63873e+06 4.69557e+06 7.57796e+06 6.77838e+06 4.77813e+06 7.36316e+06 5.56053e+06 4.88471e+06 6.31091e+06 6.1991e+06 4.89782e+06 4.31879e+06 4.42815e+06 4.55361e+06 3.91407e+06
Ftot
 0.0923468 0.165187 0.159571 0.262372 0.0847862 0.20444 0.41586 0.0665366 0.269571 0.352683 0.0733565 0.282252 0.291123 0.67826 0.420764 0.285798 0.125496 0.186886 0.277165 0.206454 0.148192 0.204023 0.114989 0.12203 0.110978 0.0852751 0.120853 0.105377 0.077688 0.0966498 0.13711 0.0608182 0.138386
BD_Bspro_t
 0.985422 0.896362 0.784434 0.728688 0.728384 0.776524 0.737286 0.604378 0.659414 0.613209 0.590239 0.816317 0.731668 0.592057 0.427186 0.584691 0.775826 0.76534 0.775692 0.696617 0.736992 0.76027 0.757389 0.746391 0.815884 0.826301 0.830055 0.843541 0.878082 0.847988 0.824217 0.852505 0.854912
BD_Bspro
 2.66901 1.79679 0.912363 0.52509 0.588784 0.63388 0.712936 0.463541 0.40525 0.276443 0.190727 0.426464 0.475174 0.305354 0.152365 0.287271 1.18344 1.23534 1.66329 1.20655 1.77171 2.06543 1.77089 1.38848 1.8394 1.5801 1.32113 1.32674 1.91983 1.44632 1.0739 1.49761 0.99992
BD_Bo
 2.31709 1.55987 0.792063 0.455853 0.511149 0.550299 0.618931 0.402421 0.351815 0.239992 0.165579 0.370232 0.412519 0.265091 0.132275 0.249393 1.0274 1.07245 1.44397 1.04746 1.5381 1.79309 1.53739 1.2054 1.59686 1.37175 1.14693 1.1518 1.66669 1.25561 0.932298 1.30014 0.868075
BD_Brms
 2.48231 1.6711 0.848543 0.488359 0.547598 0.58954 0.663066 0.431116 0.376903 0.257106 0.177386 0.396633 0.441935 0.283994 0.141707 0.267176 1.10066 1.14892 1.54694 1.12215 1.64777 1.92095 1.64702 1.29136 1.71073 1.46957 1.22872 1.23393 1.78554 1.34515 0.998778 1.39285 0.929975
Sel_flota
 0.505546 0.951043 0.997298 0.999857 0.999992
 0.505546 0.951043 0.997298 0.999857 0.999992
 0.505546 0.951043 0.997298 0.999857 0.999992
 0.505546 0.951043 0.997298 0.999857 0.999992
 0.505546 0.951043 0.997298 0.999857 0.999992
 0.505546 0.951043 0.997298 0.999857 0.999992
 0.505546 0.951043 0.997298 0.999857 0.999992
 0.505546 0.951043 0.997298 0.999857 0.999992
 0.505546 0.951043 0.997298 0.999857 0.999992
 0.505546 0.951043 0.997298 0.999857 0.999992
 0.505546 0.951043 0.997298 0.999857 0.999992
 0.505546 0.951043 0.997298 0.999857 0.999992
 0.505546 0.951043 0.997298 0.999857 0.999992
 0.505546 0.951043 0.997298 0.999857 0.999992
 0.505546 0.951043 0.997298 0.999857 0.999992
 0.505546 0.951043 0.997298 0.999857 0.999992
 0.505546 0.951043 0.997298 0.999857 0.999992
 0.505546 0.951043 0.997298 0.999857 0.999992
 0.505546 0.951043 0.997298 0.999857 0.999992
 0.505546 0.951043 0.997298 0.999857 0.999992
 0.505546 0.951043 0.997298 0.999857 0.999992
 0.505546 0.951043 0.997298 0.999857 0.999992
 0.505546 0.951043 0.997298 0.999857 0.999992
 0.505546 0.951043 0.997298 0.999857 0.999992
 0.505546 0.951043 0.997298 0.999857 0.999992
 0.505546 0.951043 0.997298 0.999857 0.999992
 0.505546 0.951043 0.997298 0.999857 0.999992
 0.505546 0.951043 0.997298 0.999857 0.999992
 0.505546 0.951043 0.997298 0.999857 0.999992
 0.505546 0.951043 0.997298 0.999857 0.999992
 0.505546 0.951043 0.997298 0.999857 0.999992
 0.505546 0.951043 0.997298 0.999857 0.999992
 0.505546 0.951043 0.997298 0.999857 0.999992
Sel_reclas
 1 1 1 1 1
 1 1 1 1 1
 1 1 1 1 1
 1 1 1 1 1
 1 1 1 1 1
 1 1 1 1 1
 1 1 1 1 1
 1 1 1 1 1
 1 1 1 1 1
 1 1 1 1 1
 1 1 1 1 1
 1 1 1 1 1
 1 1 1 1 1
 1 1 1 1 1
 1 1 1 1 1
 1 1 1 1 1
 1 1 1 1 1
 1 1 1 1 1
 1 1 1 1 1
 1 1 1 1 1
 1 1 1 1 1
 1 1 1 1 1
 1 1 1 1 1
 1 1 1 1 1
 1 1 1 1 1
 1 1 1 1 1
 1 1 1 1 1
 1 1 1 1 1
 1 1 1 1 1
 1 1 1 1 1
 1 1 1 1 1
 1 1 1 1 1
 1 1 1 1 1
Sel_pelaces
 1 1 1 1 1
 1 1 1 1 1
 1 1 1 1 1
 1 1 1 1 1
 1 1 1 1 1
 1 1 1 1 1
 1 1 1 1 1
 1 1 1 1 1
 1 1 1 1 1
 1 1 1 1 1
 1 1 1 1 1
 1 1 1 1 1
 1 1 1 1 1
 1 1 1 1 1
 1 1 1 1 1
 1 1 1 1 1
 1 1 1 1 1
 1 1 1 1 1
 1 1 1 1 1
 1 1 1 1 1
 1 1 1 1 1
 1 1 1 1 1
 1 1 1 1 1
 1 1 1 1 1
 1 1 1 1 1
 1 1 1 1 1
 1 1 1 1 1
 1 1 1 1 1
 1 1 1 1 1
 1 1 1 1 1
 1 1 1 1 1
 1 1 1 1 1
 1 1 1 1 1
pf_obs 
 0.8446 0.082 0.0669 0.0065 0
 0.8095 0.147 0.0364 0.0071 0
 0.9664 0.0169 0.016 0.0007 0
 0.9276 0.0648 0.0075 0.0001 0
 0.7033 0.2144 0.0806 0.0017 0
 0.9318 0.0425 0.0243 0.0014 0
 0.5671 0.3108 0.0964 0.0239 0.0018
 0.0768 0.2599 0.5324 0.112 0.0189
 0.490249 0.384438 0.106611 0.0170017 0.00170017
 0.7925 0.1577 0.0466 0.003 0.0002
 0.840416 0.127587 0.0312969 0.00059994 9.999e-05
 0.8084 0.0986 0.0794 0.0134 0.0002
 0.7335 0.1905 0.0724 0.0035 0.0001
 0.4001 0.4547 0.1325 0.0127 0
 0.49795 0.308269 0.164784 0.0264974 0.00249975
 0.9179 0.0499 0.0305 0.0017 0
 0.2467 0.6533 0.0926 0.0074 0
 0.9418 0.0223 0.034 0.0019 0
 0.707729 0.231977 0.0356964 0.0245975 0
 0.517169 0.277429 0.184464 0.0207286 0.00020938
 0.811772 0.124168 0.05621 0.00726502 0.000585176
 0.764997 0.148141 0.077277 0.00933861 0.000247198
 0.163321 0.427699 0.378323 0.0303852 0.000271297
 0.753843 0.0900009 0.118128 0.0371064 0.000921714
 0.721811 0.176058 0.0630433 0.0369309 0.00215725
 0.143369 0.312575 0.442814 0.0836902 0.0175525
 0.692698 0.0596174 0.167031 0.0765114 0.00414204
 0.394062 0.376323 0.152708 0.0712218 0.00568511
 0.125707 0.32114 0.495352 0.0537591 0.00404204
 0.23352 0.215282 0.420074 0.123614 0.00750983
 0.796117 0.104755 0.0508955 0.0450114 0.00322123
 0.162477 0.292055 0.404252 0.121198 0.0200186
 0 0 0 0 0
pf_pred 
 0.307042 0.110477 0.555148 0.0273309 9.80535e-07
 0.272477 0.334303 0.0652471 0.312621 0.0153518
 0.470679 0.22223 0.145075 0.0269438 0.135072
 0.609867 0.246778 0.0619758 0.0385018 0.042877
 0.503618 0.374457 0.0786418 0.0187433 0.0245396
 0.579204 0.275188 0.111131 0.0222578 0.0122179
 0.35267 0.471067 0.117315 0.045021 0.0139273
 0.331966 0.351703 0.233774 0.0550047 0.0275525
 0.382939 0.297697 0.171928 0.109032 0.0384049
 0.581645 0.231383 0.0927323 0.0508016 0.0434384
 0.80446 0.144278 0.0290649 0.0110258 0.0111709
 0.56245 0.387008 0.0377601 0.00725602 0.00552686
 0.364938 0.454374 0.160789 0.0148768 0.0050214
 0.391713 0.324594 0.20606 0.0691061 0.00852689
 0.74603 0.150182 0.0570875 0.0339536 0.0127464
 0.907605 0.0793373 0.00790543 0.00283807 0.00231436
 0.266463 0.697234 0.0314073 0.00296786 0.00192864
 0.743886 0.103434 0.145468 0.00624213 0.000970559
 0.446347 0.470627 0.0345444 0.0461966 0.00228427
 0.605819 0.241137 0.131138 0.00912989 0.0127765
 0.554147 0.333767 0.0699229 0.036143 0.00602052
 0.568346 0.303039 0.0974816 0.0194415 0.0116918
 0.188875 0.581754 0.163467 0.0499852 0.0159194
 0.623627 0.114535 0.190367 0.0509743 0.0204969
 0.518776 0.366147 0.0362271 0.0573689 0.0214813
 0.312769 0.459501 0.175311 0.0165318 0.0358875
 0.595972 0.185632 0.148329 0.0539726 0.0160953
 0.592179 0.300778 0.0504915 0.0384411 0.0181109
 0.296463 0.514215 0.141414 0.0226291 0.0252785
 0.385034 0.270005 0.25534 0.0669871 0.0226342
 0.626643 0.202594 0.077015 0.0694391 0.0243086
 0.373326 0.477349 0.0828849 0.030009 0.0364313
 0.558275 0.23147 0.161959 0.0268382 0.0214575
pobs_RECLAS
 0 0 0 0 0
 0 0 0 0 0
 0 0 0 0 0
 0 0 0 0 0
 0 0 0 0 0
 0 0 0 0 0
 0 0 0 0 0
 0 0 0 0 0
 0 0 0 0 0
 0 0 0 0 0
 0.991045 0.00858322 0.000360255 1.14367e-05 0
 0.934742 0.0480273 0.0164251 0.00080598 0
 0.827803 0.169806 0.00239088 0 0
 0.941827 0.0461693 0.0120037 0 0
 0.791401 0.0380133 0.147996 0.0225897 0
 0.846168 0.0940531 0.0597789 0 0
 0.134021 0.677848 0.182769 0.00536245 0
 0.80878 0.0450904 0.141981 0.00414843 0
 0.846168 0.0940531 0.0597789 0 0
 0.905697 0.0802665 0.012482 0.00150086 5.37128e-05
 0.989698 0.0102097 9.19794e-05 0 0
 0.975433 0.0193895 0.00387452 0.00125025 5.28907e-05
 0.303575 0.632131 0.0575291 0.00676475 0
 0.966965 0.00978017 0.0227588 0.000495775 0
 0.843318 0.132988 0.00938335 0.0141283 0.000182051
 0.564624 0.303363 0.111486 0.0197234 0.00080311
 0.826376 0.0876187 0.0782897 0.00655872 0.00115652
 0.89761 0.0855135 0.0140674 0.00269457 0.000114338
 0.34875 0.467042 0.161289 0.0227151 0.000203297
 0.318654 0.224769 0.449479 0.00709798 0
 0.937255 0.0296025 0.0250945 0.00804832 0
 0.456809 0.399803 0.12412 0.0192676 0
 0.883104 0.0372192 0.0704036 0.00927362 0
ppred_RECLAS
 0.465483 0.0887114 0.424938 0.0208664 7.48511e-07
 0.421524 0.273067 0.0507869 0.242705 0.0119168
 0.634012 0.158096 0.0983527 0.0182189 0.0913204
 0.751791 0.159884 0.0382436 0.023696 0.0263851
 0.659583 0.25984 0.0520214 0.0123667 0.0161888
 0.726446 0.181909 0.0699901 0.0139813 0.00767361
 0.514417 0.358173 0.0848771 0.0324853 0.010048
 0.489452 0.274947 0.174232 0.0408895 0.0204793
 0.547875 0.223773 0.123084 0.0778506 0.027418
 0.73102 0.152124 0.0580367 0.0317098 0.0271099
 0.887129 0.0843374 0.016197 0.00612852 0.0062083
 0.711147 0.25692 0.0238726 0.0045753 0.00348449
 0.526093 0.343766 0.115844 0.01069 0.00360772
 0.562714 0.239037 0.144108 0.0481946 0.00594578
 0.85193 0.089373 0.0323253 0.0191744 0.00719717
 0.949601 0.0435759 0.00413499 0.00148056 0.00120718
 0.407721 0.564286 0.0242268 0.00228341 0.00148365
 0.849987 0.0623414 0.0835403 0.00357543 0.00055585
 0.607294 0.336293 0.0235082 0.031355 0.00155018
 0.748191 0.156945 0.0813167 0.00564654 0.00790073
 0.704216 0.224125 0.044747 0.0230696 0.00384229
 0.717057 0.201512 0.0617591 0.0122849 0.00738694
 0.308458 0.502748 0.13465 0.041067 0.0130773
 0.764115 0.0742387 0.117608 0.0314101 0.0126284
 0.67329 0.251502 0.0237188 0.0374637 0.0140261
 0.466006 0.362728 0.131925 0.0124084 0.0269327
 0.741067 0.122114 0.0930017 0.0337531 0.0100642
 0.735312 0.197711 0.0316364 0.0240238 0.0113169
 0.446093 0.410073 0.107509 0.0171593 0.0191657
 0.54845 0.203672 0.183603 0.0480431 0.016231
 0.764515 0.130668 0.0473411 0.0425736 0.0149017
 0.531882 0.360676 0.0597072 0.0215618 0.0261727
 0.70982 0.155578 0.103747 0.0171474 0.0137077
pobs_PELACES
 0 0 0 0 0
 0 0 0 0 0
 0 0 0 0 0
 0 0 0 0 0
 0 0 0 0 0
 0 0 0 0 0
 0 0 0 0 0
 0 0 0 0 0
 0 0 0 0 0
 0 0 0 0 0
 0 0 0 0 0
 0 0 0 0 0
 0 0 0 0 0
 0 0 0 0 0
 0 0 0 0 0
 0 0 0 0 0
 0.505614 0.472636 0.0217494 0 0
 0 0 0 0 0
 0.443492 0.261883 0.143347 0.151278 0
 0.227955 0.32914 0.350689 0.0885471 0.00366901
 0.970185 0.0296113 0.000203453 0 0
 0.997202 0.00247181 0.000326279 0 0
 0.445219 0.490057 0.0546422 0.010081 0
 0.90214 0.0892962 0.00764917 0.000914606 0
 0 0 0 0 0
 0.581667 0.319106 0.0959925 0.00289975 0.000334073
 0.762889 0.0836404 0.116647 0.0363945 0.000428098
 0.88444 0.0763242 0.0277011 0.0115352 0
 0.521256 0.241999 0.230069 0.00667565 0
 0.616807 0.101726 0.260614 0.0208532 0
 0.833518 0.0704572 0.0857862 0.0102388 0
 0.697417 0.212968 0.0787535 0.0105354 0.000325836
 0 0 0 0 0
ppred_PELACES
 0.469156 0.0882057 0.421921 0.0207166 7.43135e-07
 0.427797 0.270482 0.0501795 0.239768 0.0117725
 0.639766 0.155832 0.0967085 0.0179119 0.089781
 0.759187 0.155348 0.03701 0.0229266 0.025528
 0.662446 0.257735 0.0515332 0.0122497 0.0160357
 0.732585 0.178015 0.0682784 0.013637 0.00748458
 0.530092 0.347198 0.0817557 0.0312797 0.00967488
 0.492016 0.273696 0.173263 0.04066 0.0203642
 0.558197 0.21913 0.120035 0.0759051 0.0267325
 0.741553 0.146518 0.055598 0.0303683 0.0259627
 0.888233 0.0835366 0.0160252 0.00606316 0.00614207
 0.719693 0.249439 0.0230779 0.00442193 0.00336764
 0.537055 0.336226 0.112801 0.0104066 0.00351204
 0.588229 0.226161 0.134942 0.0451032 0.00556422
 0.859879 0.0847959 0.0304735 0.0180695 0.00678232
 0.951602 0.041871 0.00395591 0.0014161 0.00115461
 0.412205 0.560064 0.0239995 0.00226174 0.00146956
 0.853666 0.0609144 0.0813955 0.00348308 0.000541489
 0.617116 0.328087 0.0228378 0.0304537 0.0015056
 0.754088 0.153453 0.0792572 0.00550258 0.00769923
 0.708849 0.220738 0.0439711 0.0226668 0.00377517
 0.723284 0.197256 0.0602667 0.011986 0.00720713
 0.31218 0.500285 0.133756 0.0407902 0.0129891
 0.767565 0.0732479 0.115822 0.0309301 0.0124353
 0.676957 0.248779 0.0234224 0.036992 0.0138494
 0.469232 0.360689 0.131013 0.0123218 0.0267445
 0.74465 0.120543 0.0916365 0.0332543 0.00991544
 0.738397 0.195488 0.0312305 0.0237134 0.0111706
 0.448995 0.408052 0.106852 0.0170534 0.0190474
 0.55217 0.202161 0.181972 0.0476123 0.0160854
 0.768296 0.128694 0.0465283 0.0418378 0.0146441
 0.534162 0.358998 0.0593742 0.0214404 0.0260253
 0.714196 0.153384 0.102068 0.0168679 0.0134842
pobs_pel_tallas
 0 0 0 0 0 0 0 0 0 0 0 0 0 0 0 0 0 0 0 0 0 0 0 0 0 0
 0 0 0 0 0 0 0 0 0 0 0 0 0 0 0 0 0 0 0 0 0 0 0 0 0 0
 0 0 0 0 0 0 0 0 0 0 0 0 0 0 0 0 0 0 0 0 0 0 0 0 0 0
 0 0 0 0 0 0 0 0 0 0 0 0 0 0 0 0 0 0 0 0 0 0 0 0 0 0
 0 0 0 0 0 0 0 0 0 0 0 0 0 0 0 0 0 0 0 0 0 0 0 0 0 0
 0 0 0 0 0 0 0 0 0 0 0 0 0 0 0 0 0 0 0 0 0 0 0 0 0 0
 0 0 0 0 0 0 0 0 0 0 0 0 0 0 0 0 0 0 0 0 0 0 0 0 0 0
 0 0 0 0 0 0 0 0 0 0 0 0 0 0 0 0 0 0 0 0 0 0 0 0 0 0
 0 0 0 0 0 0 0 0 0 0 0 0 0 0 0 0 0 0 0 0 0 0 0 0 0 0
 0 0 0 0 0 0 0 0 0 0 0 0 0 0 0 0 0 0 0 0 0 0 0 0 0 0
 0 0 0 0 0 0 0 0 0 0 0 0 0 0 0 0 0 0 0 0 0 0 0 0 0 0
 0 0 0 0 0 0 0 0 0 0 0 0 0 0 0 0 0 0 0 0 0 0 0 0 0 0
 0.00862536 0 0 0.000197151 0.00414017 0.0128641 0.00837892 0.0270097 0.101434 0.158115 0.152841 0.127902 0.109271 0.109419 0.0830992 0.0579132 0.0238553 0.00714673 0.00463305 0.00128148 0.00103504 0.000492878 0.000147863 0.000147863 4.92878e-05 0
 0 0 0 0 0 0 0 0 0 0 0 0 0 0 0 0 0 0 0 0 0 0 0 0 0 0
 0 0 0 0 0 0 0 0.0054083 0.00873648 0.0413646 0.0450493 0.0745869 0.0622846 0.0627006 0.0613931 0.0827291 0.12552 0.122667 0.0946155 0.0697135 0.0546179 0.0294188 0.0215738 0.0213955 0.0102223 0.00600262
 0 0 0 0 0.00359764 0.0251062 0.0480494 0.140153 0.205849 0.193036 0.1447 0.116669 0.0760912 0.0342217 0.00950174 0.001854 0.000860785 0 0 0 0.000165536 0 0.000143464 0 0 0
 0 0 0 0 0 0 0 0.000145254 0.000435761 0.0275982 0.070085 0.0708112 0.156366 0.174668 0.174014 0.160142 0.0824315 0.0480064 0.0283245 0.00493863 0.00203355 0 0 0 0 0
 0 0 0 0 0 0 0 0 0 0 0 0 0 0 0 0 0 0 0 0 0 0 0 0 0 0
 0 0 1.00437e-05 0.000401748 0.00122533 0.00171747 0.00176769 0.0269171 0.070346 0.194647 0.189555 0.159765 0.064822 0.0314167 0.0384472 0.0292271 0.0345202 0.0313363 0.0194345 0.0106764 0.0143323 0.0359363 0.0279516 0.0138201 0.00172751 0
 0 0.0021121 0.0136068 0.0755702 0.200478 0.177729 0.0527432 0.0373336 0.0318909 0.0142505 0.0149659 0.0166563 0.0217959 0.0798694 0.0677717 0.0528807 0.04013 0.0224614 0.0357745 0.0225083 0.00881397 0.00855152 0.00135912 0.000746735 0 0
 0 0 0 0 5.4009e-05 0.00500934 0.000945158 0.0243581 0.138947 0.33067 0.221406 0.137944 0.0707744 0.0437923 0.0131692 0.00525238 0.0047753 0.00276346 9.45158e-05 9.00151e-06 2.25038e-05 9.00151e-06 4.50075e-06 0 0 0
 0.000866109 0.00284123 0.00948549 0.0512746 0.133035 0.25785 0.225252 0.132002 0.0553304 0.0519788 0.0540692 0.017754 0.00435017 0.00159236 0.00146478 0.000404838 0.000125132 0.000115318 0.000107957 0.000100596 0 0 0 0 0 0
 0 0 0 0 0.00144013 0.00171154 0.00461396 0.0210425 0.0478622 0.0707936 0.0888783 0.103762 0.0637923 0.0337046 0.0602308 0.124433 0.169614 0.0934646 0.0462172 0.0250306 0.0313229 0.00938855 0.002487 0.000210481 0 0
 0 0.00764035 0.051015 0.0998891 0.058973 0.0496711 0.0374665 0.0718981 0.12319 0.153886 0.159021 0.0857701 0.0377988 0.023471 0.0147837 0.00900784 0.00315554 0.000888139 0.00291439 0.00214683 0.00393193 0.00274676 0.000635225 9.99891e-05 0 0
 0 0 0 0 0 0 0 0 0 0 0 0 0 0 0 0 0 0 0 0 0 0 0 0 0 0
 0 0 0 0 0 0 0 0 0 0 0 0 0 0 0 0 0 0 0 0 0 0 0 0 0 0
 0 0 0 0 0 0 0 0 0 0 0 0 0 0 0 0 0 0 0 0 0 0 0 0 0 0
 0 0 0 0 0 0 0 0 0 0 0 0 0 0 0 0 0 0 0 0 0 0 0 0 0 0
 0 0 0 0 0 0 0 0 0 0 0 0 0 0 0 0 0 0 0 0 0 0 0 0 0 0
 0 0 0 0 0 0 0 0 0 0 0 0 0 0 0 0 0 0 0 0 0 0 0 0 0 0
 0 0 0 0 0 0 0 0 0 0 0 0 0 0 0 0 0 0 0 0 0 0 0 0 0 0
 0 0 0 0 0 0 0 0 0 0 0 0 0 0 0 0 0 0 0 0 0 0 0 0 0 0
 0 0 0 0 0 0 0 0 0 0 0 0 0 0 0 0 0 0 0 0 0 0 0 0 0 0
ppred_pel_tallas
 1.14276e-16 3.86438e-05 0.000375632 0.0024962 0.0113474 0.035306 0.0752235 0.109793 0.109802 0.0752684 0.0354588 0.0117968 0.00365494 0.00300614 0.0053297 0.00951782 0.0154899 0.0231799 0.0324033 0.0428484 0.0538625 0.0641323 0.0716708 0.0744122 0.071183 0.0624031
 1.27555e-16 3.52372e-05 0.000342518 0.00227615 0.0103471 0.0321937 0.0685931 0.100119 0.100145 0.0687211 0.0326237 0.0115904 0.0054034 0.0071914 0.0131118 0.021816 0.0319213 0.0412906 0.0478857 0.051059 0.0520506 0.0531232 0.0559415 0.0604318 0.0648652 0.0669212
 1.19821e-16 5.26967e-05 0.000512231 0.00340396 0.0154739 0.0481451 0.102579 0.14972 0.149735 0.102653 0.0483944 0.0161958 0.00522314 0.00450722 0.00771087 0.0128545 0.018971 0.0248549 0.0293448 0.0320069 0.0334059 0.0346487 0.0365504 0.03908 0.0414324 0.0425441
 1.07728e-16 6.25333e-05 0.000607846 0.00403935 0.0183623 0.057132 0.121726 0.177666 0.177681 0.1218 0.0573784 0.0190744 0.00582871 0.00452035 0.00751232 0.0123729 0.0179465 0.0228553 0.0257559 0.0260765 0.0243688 0.0219178 0.019918 0.0188542 0.018456 0.0180859
 1.05496e-16 5.45649e-05 0.00053039 0.00352463 0.0160225 0.049852 0.106216 0.15503 0.155055 0.106337 0.0502601 0.0172017 0.00648598 0.00699969 0.0123548 0.0203757 0.0294354 0.0372074 0.0413592 0.0408273 0.0364425 0.0303359 0.0246216 0.020385 0.0175676 0.0155175
 1.04651e-16 6.03421e-05 0.000586546 0.00389781 0.0177189 0.0551301 0.117461 0.171442 0.171459 0.117545 0.0554131 0.0185371 0.00595511 0.00508906 0.00864497 0.0142843 0.0207773 0.0265609 0.0300745 0.0305886 0.0285996 0.025409 0.022248 0.0196577 0.017496 0.015364
 1.07223e-16 4.36631e-05 0.000424421 0.00282043 0.0128213 0.0398919 0.0849951 0.12406 0.124093 0.085159 0.0404422 0.0144114 0.0068148 0.00915404 0.0166521 0.0275378 0.0398496 0.0505062 0.0563931 0.0560828 0.0506598 0.0429123 0.0355693 0.0299761 0.0259871 0.0227425
 1.12594e-16 4.05268e-05 0.000393934 0.00261783 0.0119003 0.0370264 0.0788897 0.115147 0.115174 0.0790198 0.0374639 0.0131667 0.00580756 0.00739331 0.0134402 0.0224352 0.0329724 0.0428492 0.0498209 0.052833 0.0525426 0.0506247 0.0484709 0.0463784 0.0437428 0.0398485
 1.15657e-16 4.5978e-05 0.000446923 0.00296996 0.013501 0.0420068 0.0895007 0.130633 0.130655 0.0896048 0.0423568 0.0145142 0.00552169 0.00604585 0.0107643 0.0179493 0.0263943 0.0343593 0.0401173 0.0429379 0.0434881 0.0432252 0.0432755 0.0437149 0.0437147 0.0422566
 1.09082e-16 6.10807e-05 0.000593726 0.00394552 0.0179358 0.0558049 0.118899 0.173539 0.173553 0.118968 0.0560381 0.01861 0.00564147 0.00430778 0.00715014 0.0118189 0.0172488 0.0221893 0.0254232 0.0264355 0.0257168 0.0243792 0.0233902 0.0230322 0.0229174 0.0224002
 1.02132e-16 7.31626e-05 0.000711166 0.00472595 0.0214835 0.0668432 0.142417 0.207863 0.207871 0.142456 0.0669755 0.0218657 0.00568578 0.00280804 0.00406023 0.00660933 0.00954489 0.012071 0.0134329 0.0132922 0.0119255 0.0100288 0.0082865 0.00703985 0.00624978 0.00568003
 1.01744e-16 5.92802e-05 0.000576225 0.00382922 0.0174071 0.05416 0.115395 0.168427 0.168451 0.115512 0.0545541 0.0185449 0.00668435 0.00680576 0.0118808 0.0195225 0.0280585 0.0351608 0.0384982 0.0369961 0.0314789 0.0241212 0.0171653 0.0118969 0.00846427 0.00635143
 1.0498e-16 4.42366e-05 0.000429995 0.00285747 0.0129897 0.0404158 0.0861114 0.125689 0.125721 0.0862703 0.0409496 0.0145327 0.00673544 0.00891144 0.0161982 0.0268287 0.0389208 0.0495173 0.0556047 0.0557475 0.0508697 0.0434901 0.0360807 0.0298753 0.0248321 0.0203765
 1.09417e-16 4.84517e-05 0.000470968 0.00312975 0.0142274 0.0442668 0.094316 0.137662 0.137684 0.0944234 0.0446281 0.0152731 0.00576301 0.00624766 0.0111028 0.0184974 0.0271567 0.0352369 0.0408727 0.0431908 0.0427443 0.0409389 0.0389499 0.0370421 0.0347239 0.031404
 1.03862e-16 7.08271e-05 0.000688465 0.00457509 0.0207977 0.0647094 0.137871 0.201228 0.201236 0.137911 0.0648442 0.0211876 0.00555559 0.00283494 0.0041654 0.00682228 0.00993629 0.0127442 0.0145241 0.0149599 0.01432 0.0132412 0.0122939 0.0116741 0.0112115 0.0105985
 1.00463e-16 7.83822e-05 0.000761903 0.00506312 0.0230162 0.0716119 0.152577 0.222691 0.222695 0.152597 0.0716781 0.0232072 0.0055425 0.00180797 0.00206378 0.00328452 0.00471637 0.00591552 0.00648888 0.00625863 0.00536552 0.00417532 0.00306213 0.00223573 0.00171194 0.00139409
 1.01312e-16 3.39529e-05 0.000330035 0.0021932 0.00997 0.0310206 0.0660948 0.0964785 0.0965324 0.066358 0.0319044 0.0125213 0.00859284 0.0142855 0.0264939 0.04363 0.0625744 0.0781125 0.0849508 0.0806447 0.0670827 0.0492759 0.0324625 0.0197523 0.0116492 0.00705542
 1.02806e-16 7.03153e-05 0.00068349 0.00454203 0.0206474 0.0642418 0.136874 0.199773 0.199779 0.136903 0.0643405 0.0209339 0.00526647 0.00228275 0.00315966 0.00524755 0.00786618 0.0105421 0.0128179 0.014441 0.0154378 0.015958 0.0160429 0.0155514 0.0143038 0.0122931
 1.04052e-16 5.08311e-05 0.000494096 0.00328344 0.0149261 0.0464407 0.0989481 0.144424 0.144456 0.0991024 0.0469589 0.0164225 0.00703825 0.00868663 0.0155979 0.025676 0.0369156 0.0462925 0.050772 0.0489856 0.0420684 0.0329149 0.0244612 0.0183153 0.0145253 0.0122432
 1.04182e-16 6.21133e-05 0.000603763 0.00401222 0.018239 0.0567483 0.120909 0.176473 0.176488 0.120982 0.0569928 0.0189464 0.00579241 0.00450428 0.00751191 0.0124298 0.0181543 0.0233598 0.0267208 0.0275996 0.0263688 0.0240498 0.0215851 0.0193525 0.017215 0.0148998
 1.04238e-16 5.8387e-05 0.000567543 0.00377152 0.0171448 0.053344 0.113656 0.165888 0.16591 0.11376 0.0536936 0.0181549 0.0063083 0.00610978 0.0105974 0.0174626 0.0252351 0.0319181 0.0355191 0.0351302 0.0314585 0.0263127 0.0214736 0.0178355 0.015321 0.01337
 1.04212e-16 5.9576e-05 0.0005791 0.00384832 0.0174939 0.0544302 0.11597 0.169266 0.169285 0.116063 0.0547432 0.0183988 0.00612216 0.00555149 0.00952829 0.0157241 0.0228006 0.0289986 0.0325589 0.0326631 0.0298895 0.0257554 0.0217349 0.0185382 0.0160786 0.0139197
 1.10277e-16 2.57139e-05 0.000249949 0.001661 0.00755069 0.0234933 0.0500566 0.0730693 0.0731176 0.0502928 0.0242866 0.0098436 0.00742183 0.0128436 0.0239956 0.0397665 0.0576075 0.0731307 0.0818643 0.0817415 0.074278 0.0634091 0.0529729 0.0448411 0.0388003 0.0336799
 1.08568e-16 6.32233e-05 0.000614553 0.00408392 0.0185649 0.0577624 0.123069 0.179624 0.179632 0.123105 0.0578819 0.0189123 0.00496455 0.00256554 0.00385268 0.00649033 0.00986331 0.0134996 0.0169461 0.0199841 0.0226763 0.0251358 0.0272251 0.0284858 0.028377 0.0266206
 1.06794e-16 5.57601e-05 0.000542008 0.00360183 0.0163734 0.050944 0.108542 0.158426 0.15845 0.108659 0.0513372 0.0175094 0.00645316 0.00676652 0.0118781 0.0195535 0.0281807 0.0354952 0.0392512 0.0384697 0.0340515 0.028185 0.0230202 0.0196249 0.0178327 0.0167965
 1.09635e-16 3.86501e-05 0.000375693 0.00249661 0.0113493 0.0353119 0.0752371 0.109818 0.109853 0.0754076 0.035885 0.0130061 0.00666165 0.00948867 0.0174066 0.0288745 0.0419637 0.0535528 0.0604647 0.0612152 0.0568309 0.0500061 0.0433225 0.0379681 0.0337145 0.0297513
 1.07689e-16 6.13359e-05 0.000596207 0.003962 0.0180107 0.056038 0.119395 0.174264 0.174275 0.119453 0.0562313 0.0185706 0.00537378 0.00369909 0.00601621 0.0100122 0.0148023 0.0194306 0.0229585 0.0249572 0.0257076 0.025873 0.025926 0.0258203 0.0251276 0.0234383
 1.0522e-16 6.08209e-05 0.0005912 0.00392874 0.0178595 0.0555675 0.118393 0.172802 0.172821 0.118485 0.055877 0.0187534 0.00617336 0.00549397 0.00938057 0.0154354 0.022289 0.0281649 0.0313065 0.0309349 0.0277196 0.0233159 0.0193423 0.0165916 0.0149376 0.0137744
 1.08122e-16 3.69832e-05 0.00035949 0.00238894 0.0108598 0.033789 0.0719926 0.105083 0.105123 0.0721852 0.034436 0.0127294 0.00708584 0.0106259 0.019573 0.0324 0.0469057 0.0594818 0.0664607 0.0661414 0.0597598 0.0505515 0.0417027 0.0348168 0.0297932 0.0257178
 1.128e-16 4.54815e-05 0.000442097 0.00293789 0.0133552 0.0415532 0.0885341 0.129222 0.129242 0.0886307 0.0418782 0.0142972 0.00531484 0.00567235 0.0101005 0.0169459 0.0251578 0.0332188 0.0395837 0.0435169 0.0454083 0.0462267 0.0465987 0.0463279 0.0446865 0.0411028
 1.0805e-16 6.32835e-05 0.000615138 0.00408781 0.0185826 0.0578175 0.123187 0.179797 0.17981 0.123248 0.0580222 0.0191749 0.00557758 0.00387794 0.00629192 0.0103879 0.0151673 0.0195314 0.0224213 0.0233984 0.0229033 0.0219105 0.0212466 0.0211148 0.0211188 0.0206478
 1.0836e-16 4.39983e-05 0.000427679 0.00284208 0.0129197 0.0401982 0.0856477 0.125013 0.125047 0.0858169 0.0407663 0.014561 0.00696311 0.00942794 0.0171494 0.0283155 0.040869 0.0515819 0.0572037 0.0562698 0.0499826 0.0413804 0.0334784 0.0278253 0.0243154 0.021954
 1.06959e-16 5.88274e-05 0.000571823 0.00379997 0.0172741 0.0537462 0.114513 0.167138 0.167152 0.114585 0.0539915 0.0179842 0.00558887 0.00449813 0.00757769 0.0125971 0.0185221 0.024093 0.0280492 0.0297924 0.0296743 0.0286123 0.0273685 0.0261064 0.0245058 0.0221995
pSPR Fmed_Fpbrs
1   0.983439 0.6 0.325 0.983439 0.983439 0.983439
Fs Fmed_Fpbrs
0   0.01 0.34729 0.890554 0.01 0.01 0.01
SSBpbr Bo_Bmed_Bpbrs
2.12445e+06  2.01823e+06  1.98305e+06 1.16845e+06 584225 1.98305e+06 1.98305e+06 1.98305e+06
Ro
256003
SPR SPRFo_SPRFmed_SPRFpbrs
1.84433e+06 1.84433e+06 1.81379e+06
Fref
0
Nvult_r0
 221472 51624.2 34640.9 5727.44 4578.62
CTP_r0
 14481.2 6004.12 4201.08 696.16 556.589
YTP_r0
356503
Np
 337107 124015 45622.4 16783.5 8445.73
Nvult_p0
 213092 78392.2 28838.9 10609.2 5338.72
CTP_p0
 0 0 0 0 0
 0 0 0 0 0
 0 0 0 0 0
 0 0 0 0 0
 0 0 0 0 0
 0 0 0 0 0
YTP_p0
 0 0 0 0 0 0
CBA_c0
0
log_Ro
12.2729
likeval ReclasPelacesDesembMPH_pf_preclas_ppelaces_ptallas_desvR_qrecl_qpela
 42.583 29.2898 0.127103 83.5634 241.132 140.914 110.766 0 28.866 2.20086e-05 1.57302e-05 0.600426 2067.34 0 0
q_reclas_q_pelaces
0.515069 0.570698
M
1
N
 252276 49077.8 235591 11570 0.415035
 131789 88574 16536.7 79043.6 3881.08
 172606 44598.2 27847.4 5159.5 25861.8
 259798 58576.9 14096.6 8737.28 9728.98
 208496 83702.1 16790.5 3991.91 5225.71
 280387 73483.1 28406.8 5676.05 3115.34
 121779 93020.3 22256.3 8522.77 2636.24
 63679.2 36305.5 23042 5408.05 2708.6
 52226.5 22651.4 12537.1 7932.44 2793.76
 74477.4 16765.3 6448.49 3524.88 3013.64
 237228 22924.3 4410.08 1668.82 1690.55
 218586 84094.3 7865.08 1507.93 1148.44
 99999.1 69720.2 23653.4 2183.53 736.925
 64267.7 31752.9 19445.6 6508.89 803.04
 145638 16779.6 6128.38 3637.12 1365.24
 885621 43311.2 4137.13 1481.87 1208.27
 198120 281971 12141.2 1144.51 743.652
 894616 68403.8 92061.1 3941.05 612.699
 508368 299440 21066.7 28108.5 1389.7
 740159 162566 84632.6 5878.35 8225.19
 745731 245303 49143.3 25341 4220.63
 865497 254537 78378.9 15595 9377.4
 171750 287195 77123.8 23525.5 7491.47
 597146 59615.2 94708.2 25298.2 10171.2
 539409 206535 19528.1 30848.9 11549.6
 236493 187611 68369.3 6431.3 13959.3
 492270 83330.1 63641.8 23101.1 6888.16
 618904 170363 27326.9 20754.1 9776.67
 230803 215870 56696.6 9050.15 10108.4
 215152 81637.7 73758.2 19302.5 6521.26
 427744 75375.7 27395.4 24640.8 8624.93
 213600 146820 24339.2 8790.17 10670
 337107 76199.6 50976.7 8426.94 6736.59
pred_Ctot
 7301.64 2627.21 13201.7 649.943 0.0233177
 6720.09 8244.89 1609.19 7710.16 378.621
 8512.11 4018.98 2623.66 487.272 2442.74
 20622.2 8344.64 2095.67 1301.91 1449.86
 5549.23 4126.05 866.533 206.527 270.395
 17551.1 8338.77 3367.51 674.457 370.226
 14848 19832.6 4939.14 1895.45 586.363
 1335.15 1414.54 940.23 221.227 110.815
 4253.06 3306.33 1909.5 1210.95 426.54
 7800.9 3103.26 1243.71 681.341 582.587
 5475.91 982.094 197.843 75.0521 76.0395
 18589.4 12790.9 1248 239.817 182.667
 8755.58 10901.3 3857.65 356.923 120.473
 12125.5 10047.8 6378.61 2139.19 263.951
 17948.6 3613.21 1373.46 816.886 306.664
 76207 6661.55 663.779 238.299 194.325
 7738.74 20249.4 912.146 86.1941 56.0124
 51377.6 7143.81 10047 431.122 67.0331
 42498.7 44810.6 3289.13 4398.59 217.495
 46767.9 18615.3 10123.5 704.808 986.314
 34234.4 20619.6 4319.74 2232.87 371.939
 54070.8 28830.3 9274.12 1849.61 1112.32
 6160.56 18975.2 5331.84 1630.38 519.246
 22697.1 4168.54 6928.47 1855.23 745.992
 18689 13190.5 1305.09 2066.72 773.867
 6330.05 9299.73 3548.08 334.584 726.318
 18535.1 5773.26 4613.11 1678.58 500.574
 20384.8 10353.8 1738.09 1323.27 623.437
 5637.06 9777.48 2688.89 430.278 480.655
 6511.45 4566.14 4318.14 1132.84 382.775
 18210.1 5887.34 2238.04 2017.88 706.402
 4098.53 5240.54 909.947 329.452 399.959
 14481.2 6004.12 4201.08 696.16 556.589
F
 0.0466855 0.0878258 0.0920972 0.0923336 0.0923461
 0.0835096 0.1571 0.164741 0.165164 0.165186
 0.0806706 0.151759 0.15914 0.159549 0.15957
 0.132641 0.249527 0.261663 0.262335 0.26237
 0.0428633 0.0806353 0.0845571 0.0847741 0.0847855
 0.103354 0.194431 0.203887 0.204411 0.204438
 0.210236 0.395501 0.414736 0.4158 0.415857
 0.0336373 0.0632792 0.0663568 0.0665271 0.0665361
 0.13628 0.256374 0.268843 0.269532 0.269569
 0.178297 0.335417 0.35173 0.352633 0.35268
 0.0370851 0.0697652 0.0731583 0.073346 0.0733559
 0.142691 0.268434 0.281489 0.282212 0.28225
 0.147176 0.276871 0.290336 0.291081 0.291121
 0.342891 0.645055 0.676427 0.678163 0.678255
 0.212716 0.400165 0.419628 0.420704 0.420761
 0.144484 0.271806 0.285026 0.285757 0.285796
 0.0634441 0.119352 0.125157 0.125478 0.125495
 0.0944792 0.177736 0.186381 0.186859 0.186884
 0.14012 0.263596 0.276416 0.277126 0.277163
 0.104372 0.196347 0.205896 0.206425 0.206453
 0.0749178 0.140937 0.147792 0.148171 0.148191
 0.103143 0.194035 0.203472 0.203994 0.204022
 0.0581324 0.10936 0.114679 0.114973 0.114989
 0.0616915 0.116055 0.1217 0.122012 0.122029
 0.0561046 0.105545 0.110678 0.110962 0.110977
 0.0431105 0.0811003 0.0850447 0.0852629 0.0852744
 0.0610969 0.114937 0.120527 0.120836 0.120852
 0.0532727 0.100218 0.105092 0.105362 0.105376
 0.0392748 0.0738846 0.0774781 0.0776769 0.0776874
 0.0488609 0.0919181 0.0963886 0.096636 0.096649
 0.0693153 0.130397 0.136739 0.13709 0.137109
 0.0307464 0.0578407 0.0606538 0.0608095 0.0608177
 0.0699606 0.131611 0.138012 0.138366 0.138385
YTP_r0W_actual
 109188 104772 101120 21803.7 19619.8
YTP_p0W_proyectada
 0 0 0 0 0
 0 0 0 0 0
 0 0 0 0 0
 0 0 0 0 0
 0 0 0 0 0
 0 0 0 0 0
CTP_r0_actual
 14481.2 6004.12 4201.08 696.16 556.589
CTP_p0_proyectada
 0 0 0 0 0
 0 0 0 0 0
 0 0 0 0 0
 0 0 0 0 0
 0 0 0 0 0
 0 0 0 0 0
Wmedp
 7.54 17.45 24.07 31.32 35.25
Frms_r0
 0.0699606 0.131611 0.138012 0.138366 0.138385
Zrms_r0
 1.06996 1.13161 1.13801 1.13837 1.13839
nmprior
 7.29 8.9 8.7 0
nm_flota  nm_reclas  nm_pelaces    nm_pelaL
inf 10.5827 14.3816 41.7765
cv_recla  cv_pelaces  cv_mph
0.282565 0.494046 0.732935
 ------------------------------------------------
Talla a la edad & desviaci?n 
 8 13.2811 15.8009 17.003 17.5766
 0.8 1.32811 1.58009 1.7003 1.75766
