years
 1991 1992 1993 1994 1995 1996 1997 1998 1999 2000 2001 2002 2003 2004 2005 2006 2007 2008 2009 2010 2011 2012 2013 2014 2015 2016 2017 2018 2019 2020 2021 2022 2023
reclasobs
 0 0 0 0 0 0 0 0 0 252601 567819 844713 477998 351125 339783 2.1784e+06 2.13404e+06 4.81314e+06 1.55562e+06 2.62356e+06 3.21686e+06 3.843e+06 1.13348e+06 3.07943e+06 1.97215e+06 2.03268e+06 2.025e+06 2.42433e+06 2.27542e+06 1.05018e+06 2.36338e+06 3.18982e+06 1.53035e+06
reclaspred
 8.56827e+06 2.0425e+06 1.20121e+06 1.00612e+06 88933.5 3.05753e+06 1.54659e+06 351676 986232 247012 456642 1.16816e+06 569871 318005 462997 2.08153e+06 1.31612e+06 3.96655e+06 1.8732e+06 2.42745e+06 3.2982e+06 3.27216e+06 1.86669e+06 2.78889e+06 2.57649e+06 1.91061e+06 2.05384e+06 2.85986e+06 2.25678e+06 1.60356e+06 1.85158e+06 2.86578e+06 866839
pelacesobs
 0 0 0 0 0 0 0 0 0 0 0 0 0 0 0 552880 188675 0 991730 2.46772e+06 1.41603e+06 1.21717e+06 2.29649e+06 1.80582e+06 0 1.4828e+06 1.56532e+06 1.57751e+06 1.42118e+06 867257 1.10002e+06 1.06204e+06 0
pelacespred
 6.76315e+06 1.38677e+06 572359 367564 21356.2 1.77442e+06 729950 217245 525278 79339.8 249732 543645 231131 111932 208753 948919 602307 2.23102e+06 816655 1.03213e+06 1.577e+06 1.58683e+06 943808 1.67797e+06 1.43731e+06 1.07028e+06 1.33516e+06 1.69661e+06 1.30519e+06 1.00444e+06 917139 1.72856e+06 376832
mphobs
 0 0 0 0 0 0 0 0 0 0 0 0 498337 0 5186 125008 0 168611 109162 213762 579715 649985 157893 87575 83554 210694 70296 0 107559 103333 445601 22526 28222
mphpred
 1.95697e+06 718836 90368.5 222649 56056.1 2451.11 550809 100254 21939.6 124113 8254.55 87258.7 162594 24369.1 14523 46950 359609 106470 503764 223814 723286 497567 141033 48913.6 132597 126037 59129.8 92132.1 179988 74759.7 60946.2 102076 94412.1
desembarqueobs
 494567 514787 250237 358949 120608 361735 552515 73892 212993 205616 52469 317467 293654 387597 252695 516296 358380 742168 942051 627588 828172 859565 418607 520667 417249 300574 415391 372974 316634 284311 391294 218835 356480
desembarquepred
 494481 514165 250405 357978 120398 361454 551688 73849.1 212766 205321 52444.6 316961 293050 386516 252176 515457 358021 741117 939056 626220 827427 857994 417948 520038 416591 300105 414760 372473 316068 283636 390541 218697 355510
Reclutas
 2106.16 1328.15 214804 27106.1 1733.83 288970 1760.84 564.364 60269.5 2202.86 46441.5 133210 34211.4 64390.1 50119 283075 6553.27 412289 118505 300917 160997 420519 5929.83 154463 172095 19841.3 122640 153501 17002.5 85714.6 100304 84533.6 3882.73
log_desv_Rt
 -2.85441 -3.31549 1.77045 -0.29952 -3.04895 2.06704 -3.03349 -4.17133 0.499548 -2.80952 0.238915 1.29265 -0.06672 0.565681 0.31512 2.04643 -1.71932 2.42245 1.17568 2.10755 1.48211 2.44221 -1.81928 1.44068 1.54877 -0.611513 1.20997 1.43443 -0.76592 0.851744 1.00893 0.83787 -2.24274
SSB
 1.65953e+06 609580 76633.3 188809 47536.1 2078.56 467091 85016.2 18604.9 105249 6999.94 73996.2 125382 19471 11393.2 37891.3 304952 90287.7 454720 111972 376983 280983 421236 138482 335506 347382 150956 220406 452801 171818 173352 285503 251580
BT
 2.05459e+06 878726 453343 367752 104310 1.27422e+06 698243 123440 460870 199677 171768 523208 341556 456129 357036 905526 460319 1.81747e+06 1.1878e+06 979152 1.33071e+06 1.46652e+06 611986 1.30608e+06 934341 580158 1.05972e+06 1.10555e+06 643186 691079 726515 865576 406887
Ftot
 0.319233 1.25819 1.23952 1.5454 3.64647 0.752988 1.47166 1.05913 1.31107 2.68409 0.723614 1.49254 2.16753 4.95303 2.89262 1.47486 1.19765 1.13653 2.12188 1.48629 1.26714 1.44079 1.01772 1.10541 0.869339 0.770071 1.16675 0.757942 0.677224 1.00467 1.16354 0.420781 1.69614
BD_Bspro_t
 0.950205 0.594802 0.171593 0.332766 0.0863856 0.00605016 0.461019 0.124648 0.0459469 0.216787 0.0285063 0.31847 0.267476 0.050283 0.0297142 0.0918423 0.31348 0.120577 0.315236 0.105347 0.231224 0.185764 0.2639 0.119911 0.275294 0.329484 0.216493 0.316146 0.459352 0.262311 0.29038 0.359144 0.391019
BD_Bspro
 6.2986 2.3136 0.290855 0.716607 0.180419 0.007889 1.7728 0.322671 0.0706134 0.399462 0.0265676 0.280846 0.475877 0.0739002 0.0432418 0.143813 1.15742 0.342679 1.72585 0.424981 1.43081 1.06645 1.59877 0.525594 1.27338 1.31846 0.572938 0.836531 1.71856 0.652118 0.657941 1.0836 0.954851
BD_Bo
 6.41968 2.35808 0.296446 0.730383 0.183887 0.00804066 1.80688 0.328874 0.0719709 0.407142 0.0270784 0.286245 0.485025 0.0753209 0.0440731 0.146578 1.17967 0.349266 1.75903 0.433151 1.45831 1.08695 1.6295 0.535698 1.29786 1.3438 0.583953 0.852613 1.7516 0.664654 0.670589 1.10443 0.973207
BD_Brms
 6.87738 2.5262 0.317582 0.782456 0.196998 0.00861393 1.9357 0.352322 0.0771021 0.436169 0.0290089 0.306653 0.519605 0.080691 0.0472153 0.157028 1.26377 0.374168 1.88444 0.464032 1.56228 1.16444 1.74568 0.573891 1.3904 1.43961 0.625586 0.9134 1.87648 0.712041 0.718399 1.18317 1.04259
Sel_flota
 0.472183 1 1 1 1
 0.472183 1 1 1 1
 0.472183 1 1 1 1
 0.472183 1 1 1 1
 0.472183 1 1 1 1
 0.472183 1 1 1 1
 0.472183 1 1 1 1
 0.472183 1 1 1 1
 0.472183 1 1 1 1
 0.472183 1 1 1 1
 0.472183 1 1 1 1
 0.472183 1 1 1 1
 0.472183 1 1 1 1
 0.472183 1 1 1 1
 0.472183 1 1 1 1
 0.472183 1 1 1 1
 0.472183 1 1 1 1
 0.472183 1 1 1 1
 0.472183 1 1 1 1
 0.472183 1 1 1 1
 0.472183 1 1 1 1
 0.472183 1 1 1 1
 0.472183 1 1 1 1
 0.472183 1 1 1 1
 0.472183 1 1 1 1
 0.472183 1 1 1 1
 0.472183 1 1 1 1
 0.472183 1 1 1 1
 0.472183 1 1 1 1
 0.472183 1 1 1 1
 0.472183 1 1 1 1
 0.472183 1 1 1 1
 0.472183 1 1 1 1
Sel_reclas
 0.524359 0.847284 0.965424 0.992934 0.998588
 0.524359 0.847284 0.965424 0.992934 0.998588
 0.524359 0.847284 0.965424 0.992934 0.998588
 0.524359 0.847284 0.965424 0.992934 0.998588
 0.524359 0.847284 0.965424 0.992934 0.998588
 0.524359 0.847284 0.965424 0.992934 0.998588
 0.524359 0.847284 0.965424 0.992934 0.998588
 0.524359 0.847284 0.965424 0.992934 0.998588
 0.524359 0.847284 0.965424 0.992934 0.998588
 0.524359 0.847284 0.965424 0.992934 0.998588
 0.524359 0.847284 0.965424 0.992934 0.998588
 0.524359 0.847284 0.965424 0.992934 0.998588
 0.524359 0.847284 0.965424 0.992934 0.998588
 0.524359 0.847284 0.965424 0.992934 0.998588
 0.524359 0.847284 0.965424 0.992934 0.998588
 0.524359 0.847284 0.965424 0.992934 0.998588
 0.524359 0.847284 0.965424 0.992934 0.998588
 0.524359 0.847284 0.965424 0.992934 0.998588
 0.524359 0.847284 0.965424 0.992934 0.998588
 0.524359 0.847284 0.965424 0.992934 0.998588
 0.524359 0.847284 0.965424 0.992934 0.998588
 0.524359 0.847284 0.965424 0.992934 0.998588
 0.524359 0.847284 0.965424 0.992934 0.998588
 0.524359 0.847284 0.965424 0.992934 0.998588
 0.524359 0.847284 0.965424 0.992934 0.998588
 0.524359 0.847284 0.965424 0.992934 0.998588
 0.524359 0.847284 0.965424 0.992934 0.998588
 0.524359 0.847284 0.965424 0.992934 0.998588
 0.524359 0.847284 0.965424 0.992934 0.998588
 0.524359 0.847284 0.965424 0.992934 0.998588
 0.524359 0.847284 0.965424 0.992934 0.998588
 0.524359 0.847284 0.965424 0.992934 0.998588
 0.524359 0.847284 0.965424 0.992934 0.998588
Sel_pelaces
 0.409688 0.777419 0.946172 0.988822 0.997759
 0.409688 0.777419 0.946172 0.988822 0.997759
 0.409688 0.777419 0.946172 0.988822 0.997759
 0.409688 0.777419 0.946172 0.988822 0.997759
 0.409688 0.777419 0.946172 0.988822 0.997759
 0.409688 0.777419 0.946172 0.988822 0.997759
 0.409688 0.777419 0.946172 0.988822 0.997759
 0.409688 0.777419 0.946172 0.988822 0.997759
 0.409688 0.777419 0.946172 0.988822 0.997759
 0.409688 0.777419 0.946172 0.988822 0.997759
 0.409688 0.777419 0.946172 0.988822 0.997759
 0.409688 0.777419 0.946172 0.988822 0.997759
 0.409688 0.777419 0.946172 0.988822 0.997759
 0.409688 0.777419 0.946172 0.988822 0.997759
 0.409688 0.777419 0.946172 0.988822 0.997759
 0.409688 0.777419 0.946172 0.988822 0.997759
 0.409688 0.777419 0.946172 0.988822 0.997759
 0.409688 0.777419 0.946172 0.988822 0.997759
 0.409688 0.777419 0.946172 0.988822 0.997759
 0.409688 0.777419 0.946172 0.988822 0.997759
 0.409688 0.777419 0.946172 0.988822 0.997759
 0.409688 0.777419 0.946172 0.988822 0.997759
 0.409688 0.777419 0.946172 0.988822 0.997759
 0.409688 0.777419 0.946172 0.988822 0.997759
 0.409688 0.777419 0.946172 0.988822 0.997759
 0.409688 0.777419 0.946172 0.988822 0.997759
 0.409688 0.777419 0.946172 0.988822 0.997759
 0.409688 0.777419 0.946172 0.988822 0.997759
 0.409688 0.777419 0.946172 0.988822 0.997759
 0.409688 0.777419 0.946172 0.988822 0.997759
 0.409688 0.777419 0.946172 0.988822 0.997759
 0.409688 0.777419 0.946172 0.988822 0.997759
 0.409688 0.777419 0.946172 0.988822 0.997759
pf_obs 
 0.8446 0.082 0.0669 0.0065 0
 0.8095 0.147 0.0364 0.0071 0
 0.9664 0.0169 0.016 0.0007 0
 0.9276 0.0648 0.0075 0.0001 0
 0.7033 0.2144 0.0806 0.0017 0
 0.9318 0.0425 0.0243 0.0014 0
 0.5671 0.3108 0.0964 0.0239 0.0018
 0.0768 0.2599 0.5324 0.112 0.0189
 0.490249 0.384438 0.106611 0.0170017 0.00170017
 0.7925 0.1577 0.0466 0.003 0.0002
 0.840416 0.127587 0.0312969 0.00059994 9.999e-05
 0.8084 0.0986 0.0794 0.0134 0.0002
 0.7335 0.1905 0.0724 0.0035 0.0001
 0.4001 0.4547 0.1325 0.0127 0
 0.49795 0.308269 0.164784 0.0264974 0.00249975
 0.9179 0.0499 0.0305 0.0017 0
 0.2467 0.6533 0.0926 0.0074 0
 0.9418 0.0223 0.034 0.0019 0
 0.707729 0.231977 0.0356964 0.0245975 0
 0.517169 0.277429 0.184464 0.0207286 0.00020938
 0.811772 0.124168 0.05621 0.00726502 0.000585176
 0.764997 0.148141 0.077277 0.00933861 0.000247198
 0.163321 0.427699 0.378323 0.0303852 0.000271297
 0.753843 0.0900009 0.118128 0.0371064 0.000921714
 0.721811 0.176058 0.0630433 0.0369309 0.00215725
 0.143369 0.312575 0.442814 0.0836902 0.0175525
 0.692698 0.0596174 0.167031 0.0765114 0.00414204
 0.394062 0.376323 0.152708 0.0712218 0.00568511
 0.125707 0.32114 0.495352 0.0537591 0.00404204
 0.23352 0.215282 0.420074 0.123614 0.00750983
 0.796117 0.104755 0.0508955 0.0450114 0.00322123
 0.162477 0.292055 0.404252 0.121198 0.0200186
 0 0 0 0 0
pf_pred 
 0.0106699 0.152365 0.729337 0.107628 6.75187e-07
 0.028413 0.0239488 0.145944 0.698601 0.103093
 0.976295 0.0020653 0.000533404 0.00325055 0.0178558
 0.274935 0.719672 0.000469786 0.000121331 0.00480099
 0.13728 0.500539 0.359488 0.000234666 0.00245878
 0.99878 0.000718854 0.000290819 0.000208867 1.56492e-06
 0.0142984 0.985258 0.000261237 0.000105686 7.64725e-05
 0.0469162 0.0465692 0.906107 0.00024025 0.000167525
 0.973875 0.0033911 0.0011108 0.0216131 9.72652e-06
 0.114363 0.878559 0.000918782 0.000300959 0.00585845
 0.979483 0.0088249 0.0115985 1.21295e-05 8.13147e-05
 0.870207 0.128789 0.000431894 0.000567633 4.57319e-06
 0.475878 0.503104 0.0208551 6.99374e-05 9.26585e-05
 0.90372 0.0779646 0.0175808 0.000728776 5.68187e-06
 0.939994 0.0596271 0.000306647 6.91483e-05 2.88874e-06
 0.973401 0.0263365 0.000260802 1.34124e-06 3.15082e-07
 0.0688212 0.924058 0.00705092 6.98229e-05 4.43437e-07
 0.971064 0.00552066 0.023236 0.0001773 1.76689e-06
 0.468609 0.526361 0.000959672 0.00403919 3.11277e-05
 0.902711 0.0780488 0.019058 3.4747e-05 0.000147374
 0.629286 0.359826 0.00873497 0.00213291 2.03825e-05
 0.869992 0.110186 0.0192402 0.000467065 0.000115138
 0.0399522 0.920729 0.0333236 0.00581881 0.000176076
 0.880308 0.0132239 0.102108 0.00369556 0.000664827
 0.732216 0.256471 0.00124988 0.00965095 0.000412131
 0.187015 0.719911 0.0891421 0.000434425 0.00349765
 0.845539 0.0595939 0.0840059 0.0104019 0.000458831
 0.753762 0.232754 0.00520208 0.00733306 0.000948058
 0.172129 0.739079 0.0839292 0.00187582 0.0029861
 0.792902 0.0734565 0.119308 0.0135485 0.000784848
 0.733825 0.244662 0.00763054 0.0123935 0.00148892
 0.647128 0.316432 0.0334953 0.00104466 0.00190057
 0.0729381 0.756756 0.152719 0.0161658 0.00142145
pobs_RECLAS
 0 0 0 0 0
 0 0 0 0 0
 0 0 0 0 0
 0 0 0 0 0
 0 0 0 0 0
 0 0 0 0 0
 0 0 0 0 0
 0 0 0 0 0
 0 0 0 0 0
 0 0 0 0 0
 0.991045 0.00858322 0.000360255 1.14367e-05 0
 0.934742 0.0480273 0.0164251 0.00080598 0
 0.827803 0.169806 0.00239088 0 0
 0.941827 0.0461693 0.0120037 0 0
 0.791401 0.0380133 0.147996 0.0225897 0
 0.846168 0.0940531 0.0597789 0 0
 0.134021 0.677848 0.182769 0.00536245 0
 0.80878 0.0450904 0.141981 0.00414843 0
 0.846168 0.0940531 0.0597789 0 0
 0.905697 0.0802665 0.012482 0.00150086 5.37128e-05
 0.989698 0.0102097 9.19794e-05 0 0
 0.975433 0.0193895 0.00387452 0.00125025 5.28907e-05
 0.303575 0.632131 0.0575291 0.00676475 0
 0.966965 0.00978017 0.0227588 0.000495775 0
 0.843318 0.132988 0.00938335 0.0141283 0.000182051
 0.564624 0.303363 0.111486 0.0197234 0.00080311
 0.826376 0.0876187 0.0782897 0.00655872 0.00115652
 0.89761 0.0855135 0.0140674 0.00269457 0.000114338
 0.34875 0.467042 0.161289 0.0227151 0.000203297
 0.318654 0.224769 0.449479 0.00709798 0
 0.937255 0.0296025 0.0250945 0.00804832 0
 0.456809 0.399803 0.12412 0.0192676 0
 0.883104 0.0372192 0.0704036 0.00927362 0
ppred_RECLAS
 0.0126568 0.135586 0.739516 0.11224 7.08128e-07
 0.0351417 0.020441 0.141936 0.698775 0.103706
 0.980874 0.00143498 0.000422286 0.00264673 0.0146218
 0.362284 0.632151 0.000470192 0.000124896 0.0049702
 0.24257 0.415103 0.339697 0.000228065 0.00240323
 0.999058 0.00052213 0.000240685 0.000177786 1.33964e-06
 0.0211036 0.978388 0.000295587 0.00012299 8.95001e-05
 0.0580522 0.0406354 0.900894 0.000245675 0.000172283
 0.97931 0.00233899 0.000872996 0.0174701 7.90683e-06
 0.186803 0.805582 0.000959932 0.000323398 0.0063311
 0.983804 0.00645271 0.00966322 1.03936e-05 7.00743e-05
 0.908915 0.0902701 0.000344929 0.000466255 3.77782e-06
 0.596534 0.385129 0.0181907 6.27407e-05 8.35971e-05
 0.96252 0.0295592 0.00759492 0.000323802 2.53889e-06
 0.966575 0.0331836 0.00019445 4.50974e-05 1.89472e-06
 0.981929 0.0178676 0.000201608 1.06637e-06 2.51935e-07
 0.0960521 0.896077 0.00779079 7.9348e-05 5.06799e-07
 0.977328 0.00388635 0.0186381 0.000146269 1.46595e-06
 0.58878 0.406689 0.000844872 0.00365733 2.83455e-05
 0.930769 0.0540457 0.015037 2.8197e-05 0.000120275
 0.710295 0.279996 0.0077448 0.00194502 1.86928e-05
 0.906547 0.0775436 0.0154283 0.000385202 9.54984e-05
 0.055192 0.900786 0.0371476 0.00667137 0.000203024
 0.903041 0.00951996 0.0837576 0.00311779 0.000564081
 0.790733 0.199009 0.00110508 0.00877599 0.000376901
 0.237936 0.664095 0.0936964 0.000469632 0.00380263
 0.878306 0.0431569 0.0693182 0.00882781 0.000391614
 0.806982 0.180866 0.004606 0.00667782 0.000868262
 0.218897 0.686908 0.088881 0.0020431 0.00327091
 0.831736 0.0546417 0.101123 0.0118107 0.000688076
 0.796017 0.18509 0.00657753 0.0109876 0.00132754
 0.708051 0.258005 0.0311187 0.00099819 0.00182637
 0.104984 0.711916 0.163702 0.0178222 0.00157602
pobs_PELACES
 0 0 0 0 0
 0 0 0 0 0
 0 0 0 0 0
 0 0 0 0 0
 0 0 0 0 0
 0 0 0 0 0
 0 0 0 0 0
 0 0 0 0 0
 0 0 0 0 0
 0 0 0 0 0
 0 0 0 0 0
 0 0 0 0 0
 0 0 0 0 0
 0 0 0 0 0
 0 0 0 0 0
 0 0 0 0 0
 0.505614 0.472636 0.0217494 0 0
 0 0 0 0 0
 0.443492 0.261883 0.143347 0.151278 0
 0.227955 0.32914 0.350689 0.0885471 0.00366901
 0.970185 0.0296113 0.000203453 0 0
 0.997202 0.00247181 0.000326279 0 0
 0.445219 0.490057 0.0546422 0.010081 0
 0.90214 0.0892962 0.00764917 0.000914606 0
 0 0 0 0 0
 0.581667 0.319106 0.0959925 0.00289975 0.000334073
 0.762889 0.0836404 0.116647 0.0363945 0.000428098
 0.88444 0.0763242 0.0277011 0.0115352 0
 0.521256 0.241999 0.230069 0.00667565 0
 0.616807 0.101726 0.260614 0.0208532 0
 0.833518 0.0704572 0.0857862 0.0102388 0
 0.697417 0.212968 0.0787535 0.0105354 0.000325836
 0 0 0 0 0
ppred_PELACES
 0.0107621 0.128068 0.746104 0.115066 7.28367e-07
 0.0344755 0.0189154 0.140291 0.701814 0.104504
 0.980438 0.00135734 0.000426655 0.00271723 0.0150611
 0.387515 0.606679 0.000481991 0.000130095 0.00519428
 0.333005 0.354595 0.309952 0.00021145 0.00223556
 0.998997 0.000537766 0.000264783 0.00019874 1.50251e-06
 0.023171 0.976283 0.000315047 0.0001332 9.72527e-05
 0.0559343 0.0382338 0.905405 0.000250886 0.000176521
 0.979215 0.00218581 0.000871408 0.0177195 8.04635e-06
 0.237772 0.754482 0.000960296 0.000328737 0.00645701
 0.982565 0.00667204 0.0106725 1.16642e-05 7.89021e-05
 0.916751 0.0824461 0.000336498 0.000462191 3.75734e-06
 0.646745 0.336157 0.0169594 5.9437e-05 7.94585e-05
 0.980797 0.0149276 0.00409682 0.00017748 1.39622e-06
 0.976038 0.0237762 0.000148817 3.50706e-05 1.47835e-06
 0.983547 0.0162561 0.000195922 1.053e-06 2.49604e-07
 0.100237 0.891399 0.00827816 8.5671e-05 5.49003e-07
 0.97693 0.00374278 0.0191726 0.000152889 1.53739e-06
 0.638044 0.357644 0.000793607 0.0034908 2.71447e-05
 0.935947 0.0492653 0.0146409 2.78968e-05 0.00011939
 0.722 0.26804 0.00791924 0.00202089 1.94865e-05
 0.912998 0.0713572 0.0151647 0.000384726 9.56975e-05
 0.0558869 0.897162 0.039519 0.00721167 0.000220196
 0.900521 0.00919611 0.086421 0.00326879 0.000593367
 0.788508 0.200304 0.00118805 0.00958703 0.000413101
 0.231572 0.663751 0.100029 0.000509453 0.00413878
 0.878114 0.0413521 0.0709449 0.00918064 0.000408619
 0.801683 0.184911 0.00502986 0.0074099 0.000966651
 0.210289 0.688728 0.0951884 0.00222337 0.00357133
 0.827217 0.0535749 0.105905 0.0125685 0.000734661
 0.801577 0.178728 0.00678417 0.0115155 0.00139595
 0.687923 0.273574 0.0352447 0.00114877 0.00210887
 0.116856 0.692556 0.170101 0.0188173 0.00166955
pobs_pel_tallas
 0 0 0 0 0 0 0 0 0 0 0 0 0 0 0 0 0 0 0 0 0 0 0 0 0 0
 0 0 0 0 0 0 0 0 0 0 0 0 0 0 0 0 0 0 0 0 0 0 0 0 0 0
 0 0 0 0 0 0 0 0 0 0 0 0 0 0 0 0 0 0 0 0 0 0 0 0 0 0
 0 0 0 0 0 0 0 0 0 0 0 0 0 0 0 0 0 0 0 0 0 0 0 0 0 0
 0 0 0 0 0 0 0 0 0 0 0 0 0 0 0 0 0 0 0 0 0 0 0 0 0 0
 0 0 0 0 0 0 0 0 0 0 0 0 0 0 0 0 0 0 0 0 0 0 0 0 0 0
 0 0 0 0 0 0 0 0 0 0 0 0 0 0 0 0 0 0 0 0 0 0 0 0 0 0
 0 0 0 0 0 0 0 0 0 0 0 0 0 0 0 0 0 0 0 0 0 0 0 0 0 0
 0 0 0 0 0 0 0 0 0 0 0 0 0 0 0 0 0 0 0 0 0 0 0 0 0 0
 0 0 0 0 0 0 0 0 0 0 0 0 0 0 0 0 0 0 0 0 0 0 0 0 0 0
 0 0 0 0 0 0 0 0 0 0 0 0 0 0 0 0 0 0 0 0 0 0 0 0 0 0
 0 0 0 0 0 0 0 0 0 0 0 0 0 0 0 0 0 0 0 0 0 0 0 0 0 0
 0.00862536 0 0 0.000197151 0.00414017 0.0128641 0.00837892 0.0270097 0.101434 0.158115 0.152841 0.127902 0.109271 0.109419 0.0830992 0.0579132 0.0238553 0.00714673 0.00463305 0.00128148 0.00103504 0.000492878 0.000147863 0.000147863 4.92878e-05 0
 0 0 0 0 0 0 0 0 0 0 0 0 0 0 0 0 0 0 0 0 0 0 0 0 0 0
 0 0 0 0 0 0 0 0.0054083 0.00873648 0.0413646 0.0450493 0.0745869 0.0622846 0.0627006 0.0613931 0.0827291 0.12552 0.122667 0.0946155 0.0697135 0.0546179 0.0294188 0.0215738 0.0213955 0.0102223 0.00600262
 0 0 0 0 0.00359764 0.0251062 0.0480494 0.140153 0.205849 0.193036 0.1447 0.116669 0.0760912 0.0342217 0.00950174 0.001854 0.000860785 0 0 0 0.000165536 0 0.000143464 0 0 0
 0 0 0 0 0 0 0 0.000145254 0.000435761 0.0275982 0.070085 0.0708112 0.156366 0.174668 0.174014 0.160142 0.0824315 0.0480064 0.0283245 0.00493863 0.00203355 0 0 0 0 0
 0 0 0 0 0 0 0 0 0 0 0 0 0 0 0 0 0 0 0 0 0 0 0 0 0 0
 0 0 1.00437e-05 0.000401748 0.00122533 0.00171747 0.00176769 0.0269171 0.070346 0.194647 0.189555 0.159765 0.064822 0.0314167 0.0384472 0.0292271 0.0345202 0.0313363 0.0194345 0.0106764 0.0143323 0.0359363 0.0279516 0.0138201 0.00172751 0
 0 0.0021121 0.0136068 0.0755702 0.200478 0.177729 0.0527432 0.0373336 0.0318909 0.0142505 0.0149659 0.0166563 0.0217959 0.0798694 0.0677717 0.0528807 0.04013 0.0224614 0.0357745 0.0225083 0.00881397 0.00855152 0.00135912 0.000746735 0 0
 0 0 0 0 5.4009e-05 0.00500934 0.000945158 0.0243581 0.138947 0.33067 0.221406 0.137944 0.0707744 0.0437923 0.0131692 0.00525238 0.0047753 0.00276346 9.45158e-05 9.00151e-06 2.25038e-05 9.00151e-06 4.50075e-06 0 0 0
 0.000866109 0.00284123 0.00948549 0.0512746 0.133035 0.25785 0.225252 0.132002 0.0553304 0.0519788 0.0540692 0.017754 0.00435017 0.00159236 0.00146478 0.000404838 0.000125132 0.000115318 0.000107957 0.000100596 0 0 0 0 0 0
 0 0 0 0 0.00144013 0.00171154 0.00461396 0.0210425 0.0478622 0.0707936 0.0888783 0.103762 0.0637923 0.0337046 0.0602308 0.124433 0.169614 0.0934646 0.0462172 0.0250306 0.0313229 0.00938855 0.002487 0.000210481 0 0
 0 0.00764035 0.051015 0.0998891 0.058973 0.0496711 0.0374665 0.0718981 0.12319 0.153886 0.159021 0.0857701 0.0377988 0.023471 0.0147837 0.00900784 0.00315554 0.000888139 0.00291439 0.00214683 0.00393193 0.00274676 0.000635225 9.99891e-05 0 0
 0 0 0 0 0 0 0 0 0 0 0 0 0 0 0 0 0 0 0 0 0 0 0 0 0 0
 0 0 0 0 0 0 0 0 0 0 0 0 0 0 0 0 0 0 0 0 0 0 0 0 0 0
 0 0 0 0 0 0 0 0 0 0 0 0 0 0 0 0 0 0 0 0 0 0 0 0 0 0
 0 0 0 0 0 0 0 0 0 0 0 0 0 0 0 0 0 0 0 0 0 0 0 0 0 0
 0 0 0 0 0 0 0 0 0 0 0 0 0 0 0 0 0 0 0 0 0 0 0 0 0 0
 0 0 0 0 0 0 0 0 0 0 0 0 0 0 0 0 0 0 0 0 0 0 0 0 0 0
 0 0 0 0 0 0 0 0 0 0 0 0 0 0 0 0 0 0 0 0 0 0 0 0 0 0
 0 0 0 0 0 0 0 0 0 0 0 0 0 0 0 0 0 0 0 0 0 0 0 0 0 0
 0 0 0 0 0 0 0 0 0 0 0 0 0 0 0 0 0 0 0 0 0 0 0 0 0 0
ppred_pel_tallas
 1.33104e-16 8.86492e-07 8.61702e-06 5.72638e-05 0.000260321 0.000810027 0.00172634 0.00252246 0.00253596 0.00179288 0.00103682 0.000930274 0.00179512 0.00398836 0.00810446 0.0148204 0.024669 0.0379519 0.0547587 0.0748265 0.0970331 0.118806 0.136162 0.144852 0.142182 0.128369
 1.92121e-16 2.8397e-06 2.76029e-05 0.000183431 0.000833853 0.00259444 0.00552781 0.00806848 0.00807078 0.00553932 0.00263464 0.000957013 0.00052022 0.000858453 0.001876 0.00391548 0.00768802 0.0143047 0.025273 0.0422427 0.0663603 0.0973331 0.13262 0.167321 0.19512 0.210126
 1.02835e-16 8.07574e-05 0.00078499 0.00521654 0.0237136 0.0737819 0.1572 0.229438 0.229438 0.157201 0.0737841 0.0237202 0.00523325 0.000822515 0.000155379 0.000138806 0.000217832 0.000335503 0.000504957 0.000760036 0.00114637 0.00170214 0.00243 0.00327409 0.00411686 0.00480316
 1.01062e-16 3.19192e-05 0.000310266 0.00206183 0.00937281 0.0291626 0.0621362 0.0907018 0.0907601 0.0624212 0.0301191 0.0121336 0.00898502 0.0154012 0.0286265 0.0471022 0.0674449 0.0839648 0.090892 0.0855801 0.0701399 0.0501344 0.0314119 0.0174919 0.00898165 0.00463212
 1.09435e-16 2.74293e-05 0.000266622 0.0017718 0.00805437 0.0250603 0.053395 0.0779387 0.0779733 0.0535641 0.0256293 0.00970286 0.00592859 0.00940312 0.0175606 0.0294579 0.0435194 0.056971 0.0668933 0.0717606 0.072077 0.0695347 0.0655078 0.0602449 0.0532899 0.0444675
 1.00029e-16 8.22861e-05 0.00079985 0.00531528 0.0241625 0.0751785 0.160176 0.233781 0.233781 0.160176 0.0751794 0.024165 0.00532153 0.000813553 0.00010849 4.95819e-05 6.45131e-05 8.32396e-05 9.64234e-05 0.0001019 0.000101229 9.80198e-05 9.52031e-05 9.32683e-05 9.05803e-05 8.50625e-05
 1.00289e-16 1.90877e-06 1.8554e-05 0.000123302 0.000560573 0.00174465 0.00372064 0.00545006 0.00554393 0.00417921 0.00328376 0.00500311 0.0112637 0.0243014 0.0460117 0.0757808 0.108501 0.135046 0.14612 0.137443 0.112395 0.0799138 0.0494144 0.026589 0.0124698 0.00512008
 1.26193e-16 4.60724e-06 4.4784e-05 0.000297606 0.00135288 0.00420933 0.0089686 0.013091 0.013096 0.00899404 0.00429875 0.00162877 0.00105645 0.00192018 0.00420525 0.00860431 0.0162401 0.0283873 0.0460114 0.0690121 0.0953942 0.120954 0.140083 0.14771 0.14149 0.122946
 1.01805e-16 8.06567e-05 0.000784012 0.00521003 0.023684 0.0736899 0.157004 0.229152 0.229152 0.157005 0.0736935 0.0236946 0.00523693 0.000844304 0.000200093 0.000217076 0.000340484 0.000510398 0.000735406 0.00104325 0.00146851 0.00202803 0.00269188 0.00337 0.00392878 0.00423462
 1.01347e-16 1.95851e-05 0.000190374 0.00126511 0.00575104 0.017894 0.0381278 0.0556638 0.0557364 0.0384822 0.0190835 0.00918447 0.00987511 0.0189583 0.0355816 0.0585787 0.0838818 0.104432 0.113055 0.106461 0.0872746 0.0624115 0.0391425 0.0218412 0.0112608 0.00584742
 1.00325e-16 8.09326e-05 0.000786693 0.00522785 0.0237651 0.0739419 0.157541 0.229936 0.229937 0.157544 0.0739528 0.0237966 0.0053078 0.000963555 0.000423683 0.000590122 0.00088338 0.00119579 0.00147472 0.0016917 0.00184491 0.00194192 0.00197662 0.00192522 0.00176612 0.0015042
 1.00078e-16 7.55116e-05 0.000734 0.00487769 0.0221733 0.0689893 0.146989 0.214537 0.214545 0.147028 0.0691193 0.0225485 0.00581863 0.00278511 0.00396217 0.00640775 0.00916933 0.0114171 0.0123628 0.0116457 0.00955128 0.00683273 0.00428197 0.00237542 0.00119605 0.000577568
 1.00595e-16 5.32716e-05 0.000517819 0.00344109 0.0156427 0.0486704 0.103699 0.151358 0.15139 0.103857 0.0492009 0.0171743 0.00728298 0.00889619 0.0159402 0.0262018 0.037583 0.0469299 0.0510631 0.0485108 0.0403966 0.0297136 0.0195924 0.0118942 0.00692967 0.00406123
 1.00141e-16 8.07869e-05 0.000785278 0.00521845 0.0237223 0.0738089 0.157258 0.229523 0.229524 0.157265 0.0738326 0.0237907 0.00539026 0.0011608 0.000795267 0.00119021 0.00171431 0.00217111 0.00241991 0.00239573 0.00214086 0.00177142 0.0014039 0.00110045 0.000864763 0.000673179
 1.00015e-16 8.0395e-05 0.000781468 0.00519313 0.0236072 0.0734508 0.156495 0.228409 0.228412 0.156506 0.0734883 0.0237154 0.00546449 0.001373 0.00120131 0.00185214 0.00264471 0.00329282 0.0035655 0.00335837 0.00275341 0.00196761 0.00122924 0.000675927 0.000332211 0.000150939
 1.00011e-16 8.10134e-05 0.000787479 0.00523308 0.0237888 0.0740158 0.157699 0.230166 0.230168 0.157706 0.0740415 0.0238628 0.00541864 0.00119201 0.000847627 0.0012687 0.00180944 0.00225351 0.00244148 0.00230189 0.00189051 0.00135522 0.000851547 0.000473154 0.00023675 0.00011044
 1.00476e-16 8.25658e-06 8.0257e-05 0.00053334 0.00242454 0.0075441 0.0160767 0.0234823 0.0235681 0.0164954 0.00894964 0.00648171 0.0107079 0.0222599 0.0420387 0.0692419 0.0991727 0.123507 0.133768 0.126051 0.103419 0.0739941 0.0463204 0.0255487 0.0126013 0.00572487
 1.0057e-16 8.04685e-05 0.000782182 0.00519787 0.0236288 0.0735179 0.156638 0.228617 0.228618 0.15664 0.0735244 0.023648 0.00524743 0.000894891 0.000307765 0.000415819 0.00067084 0.00100836 0.00141631 0.00187977 0.00236687 0.00281545 0.00313467 0.00323346 0.00306414 0.00265213
 1.0047e-16 5.25549e-05 0.000510853 0.0033948 0.0154323 0.0480157 0.102304 0.149323 0.149357 0.102472 0.0485796 0.0170599 0.00747643 0.00940812 0.016912 0.0277759 0.0397733 0.0495251 0.0536301 0.0505283 0.041461 0.0296996 0.0186799 0.0104641 0.00540279 0.00276224
 1.00459e-16 7.70927e-05 0.000749368 0.00497982 0.0226375 0.0704338 0.150067 0.219028 0.219033 0.15009 0.0705119 0.0228634 0.0055472 0.00198969 0.00243766 0.00392069 0.00566958 0.00718882 0.00802633 0.00796738 0.00714834 0.00594695 0.0047417 0.00373387 0.00293616 0.00227557
 1.00504e-16 5.94703e-05 0.000578072 0.00384149 0.0174629 0.0543337 0.115765 0.168967 0.168993 0.115891 0.0547565 0.0186835 0.00690307 0.00725352 0.0127138 0.0208627 0.0299026 0.0372977 0.0405071 0.0383609 0.0317713 0.0231531 0.0150346 0.00892175 0.00506247 0.00292425
 1.00511e-16 7.52024e-05 0.000730994 0.00485771 0.0220825 0.0687068 0.146387 0.213658 0.213665 0.146421 0.0688198 0.0224089 0.0056774 0.00252142 0.00347854 0.00563927 0.00813327 0.0102614 0.0113628 0.0111265 0.00976481 0.00785497 0.00598425 0.00447785 0.00336796 0.00253628
 1.02131e-16 4.60351e-06 4.47479e-05 0.00029737 0.00135185 0.00420658 0.00896575 0.0131039 0.0131902 0.0093875 0.00562227 0.00543897 0.0105495 0.0224017 0.0423952 0.0698984 0.100262 0.125178 0.136173 0.129334 0.107686 0.0792461 0.0523889 0.0320767 0.0191005 0.0116963
 1.02925e-16 7.41747e-05 0.000721005 0.00479133 0.0217807 0.0677678 0.144387 0.210737 0.210738 0.144392 0.0677851 0.0218324 0.00492739 0.00103899 0.000739389 0.00126439 0.00218432 0.00351495 0.00529816 0.00750804 0.00998008 0.0123651 0.0141729 0.0149323 0.014397 0.0126724
 1.01117e-16 6.49484e-05 0.000631322 0.00419536 0.0190715 0.0593386 0.126428 0.184529 0.184548 0.126522 0.0596545 0.0199834 0.00648233 0.00561735 0.00951553 0.0155795 0.0223237 0.0278391 0.0302345 0.0286532 0.0238022 0.0175113 0.0116802 0.00741638 0.00485397 0.00352358
 1.03808e-16 1.90744e-05 0.00018541 0.00123212 0.00560108 0.0174274 0.0371332 0.0542105 0.0542744 0.0374458 0.018477 0.00863276 0.00884199 0.0167974 0.0315667 0.0521502 0.0751041 0.0943944 0.103854 0.100591 0.0866794 0.0677009 0.0493967 0.0350386 0.0250359 0.0182097
 1.03048e-16 7.23291e-05 0.000703064 0.00467211 0.0212387 0.0660816 0.140794 0.205494 0.205498 0.140814 0.0661492 0.0214352 0.00517012 0.0018067 0.00221656 0.00367573 0.00558095 0.00762854 0.00954226 0.0111662 0.0124928 0.0135452 0.0142305 0.0143234 0.0136091 0.01206
 1.011e-16 6.60336e-05 0.00064187 0.00426545 0.0193901 0.06033 0.12854 0.187612 0.18763 0.128627 0.0606218 0.0202324 0.00637797 0.00524844 0.00879992 0.014405 0.0206552 0.0257892 0.0280648 0.0266897 0.0223066 0.0165856 0.0112582 0.00732997 0.00492145 0.00361172
 1.03751e-16 1.73214e-05 0.00016837 0.00111888 0.00508631 0.0158258 0.0337209 0.0492306 0.0492969 0.0340452 0.0169146 0.00823114 0.00901216 0.0173971 0.0327303 0.0540614 0.0778222 0.0977395 0.107403 0.103816 0.0891474 0.0692341 0.050085 0.0351381 0.024833 0.0179246
 1.04455e-16 6.81368e-05 0.000662314 0.00440131 0.0200077 0.0622515 0.132634 0.193584 0.193589 0.13266 0.0623394 0.0202638 0.00505158 0.00210666 0.00288386 0.00484913 0.00741964 0.0102488 0.0130023 0.0154813 0.0176445 0.0194522 0.0206898 0.0209793 0.0199993 0.0177318
 1.01633e-16 6.60248e-05 0.000641785 0.00426489 0.0193876 0.060322 0.128523 0.187587 0.187604 0.128607 0.0606041 0.020202 0.00630789 0.0050976 0.00851666 0.013945 0.0200125 0.0250248 0.0273096 0.0261114 0.022055 0.0167463 0.0118352 0.00825673 0.00608668 0.00488539
 1.0156e-16 5.66634e-05 0.000550788 0.00366018 0.0166387 0.0517692 0.110301 0.160993 0.161019 0.11043 0.0522017 0.0178876 0.00679468 0.0073919 0.0130446 0.0214631 0.030882 0.0387661 0.0425642 0.0410871 0.0352055 0.0272514 0.019628 0.0137125 0.00967957 0.00702224
 1.07256e-16 9.62543e-06 9.35626e-05 0.00062176 0.00282647 0.00879456 0.0187402 0.0273659 0.0274328 0.019067 0.00989199 0.00599759 0.00858685 0.0174984 0.0331138 0.0548558 0.0793138 0.10034 0.111627 0.110194 0.0980743 0.0807576 0.0637537 0.0499995 0.0396285 0.0314154
pSPR Fmed_Fpbrs
1   0.983449 0.6 0.325 0.983449 0.983449 0.983449
Fs Fmed_Fpbrs
0   0.01 0.34917 0.903478 0.01 0.01 0.01
SSBpbr Bo_Bmed_Bpbrs
258507  245581  241303 142179 71089.3 241303 241303 241303
Ro
36571.9
SPR SPRFo_SPRFmed_SPRFpbrs
263476 263476 259115
Fref
0
Nvult_r0
 3241.49 23774.5 4797.87 507.869 44.6567
CTP_r0
 1441.55 14956.6 3018.34 319.501 28.0935
YTP_r0
355510
Np
 3882.73 1428.38 525.471 193.31 97.2764
Nvult_p0
 2454.35 902.907 332.161 122.195 61.4904
CTP_p0
 0 0 0 0 0
 0 0 0 0 0
 0 0 0 0 0
 0 0 0 0 0
 0 0 0 0 0
 0 0 0 0 0
YTP_p0
 0 0 0 0 0 0
CBA_c0
0
log_Ro
10.327
likeval ReclasPelacesDesembMPH_pf_preclas_ppelaces_ptallas_desvR_qrecl_qpela
 34.7665 30.0054 0.479279 82.6377 380.841 169.581 143.599 0 166.068 0.000166158 0.000275499 0.130189 2067.3 0 0
q_reclas_q_pelaces
6.19012 10.4577
M
1
N
 2106.16 15190.4 72713.3 10730.3 0.0673146
 1328.15 666.398 4061.01 19439.2 2868.67
 214804 269.737 69.6648 424.535 2332.05
 27106.1 44011.3 28.7296 7.41996 293.602
 1733.83 4806.87 3452.3 2.25359 23.6126
 288970 114.01 46.1238 33.1262 0.248196
 1760.84 74498.1 19.7529 7.9912 5.7823
 564.364 323.323 6290.96 1.66802 1.1631
 60269.5 125.914 41.2447 802.507 0.361152
 2202.86 11938.4 12.485 4.08962 79.6085
 46441.5 228.18 299.894 0.313624 2.1025
 133210 12140.1 40.7118 53.5071 0.431085
 34211.4 24219.9 1003.98 3.36685 4.46066
 64390.1 4522.61 1019.84 42.2752 0.329597
 50119 2284.68 11.7495 2.64949 0.110685
 283075 4704.66 46.5887 0.239594 0.056285
 6553.27 51899.5 396.014 3.92159 0.0249056
 412289 1369.51 5764.18 43.9829 0.438314
 118505 88683.7 161.69 680.541 5.24455
 300917 16007.2 3908.65 7.12634 30.2254
 160997 54873.5 1332.08 325.269 3.10833
 420519 32559.3 5685.35 138.015 34.0227
 5929.83 78348.9 2835.65 495.148 14.9831
 154463 1349.11 10417.1 377.023 67.826
 172095 33716.9 164.316 1268.76 54.1808
 19841.3 41995.3 5200.01 25.3417 204.032
 122640 5074.11 7152.67 885.67 39.0671
 153501 26006.1 581.239 819.338 105.929
 17002.5 39481.1 4483.44 100.205 159.515
 85714.6 4542.99 7378.71 837.919 48.5397
 100304 19621.7 611.965 993.952 119.411
 84533.6 21302 2254.89 70.3257 127.945
 3882.73 25494.5 5144.98 544.612 47.8874
pred_Ctot
 188.596 2693.13 12891.5 1902.4 0.0119343
 394.456 332.481 2026.13 9698.64 1431.24
 63056.1 133.392 34.451 209.943 1153.26
 9407.36 24624.8 16.0745 4.15155 164.274
 1024.69 3736.15 2683.31 1.75161 18.353
 56254 40.4878 16.3797 11.7639 0.0881406
 589.369 40611.5 10.768 4.35628 3.15213
 146.17 145.089 2823.03 0.748515 0.521933
 18479.8 64.3481 21.0781 410.12 0.184566
 1103.77 8479.4 8.86762 2.9047 56.5428
 8735.36 78.7033 103.439 0.108175 0.725191
 45057 6668.36 22.3623 29.3905 0.236788
 15016.6 15875.7 658.093 2.20691 2.92388
 43503.9 3753.12 846.32 35.0824 0.273518
 26218.5 1663.13 8.55307 1.9287 0.0805733
 94901.7 2567.68 25.4269 0.130764 0.0307189
 1872.53 25142.3 191.846 1.89978 0.0120653
 113014 642.503 2704.25 20.6345 0.205634
 51298 57619.9 105.054 442.164 3.40751
 101465 8772.72 2142.13 3.90558 16.565
 48079.7 27492 667.383 162.962 1.55729
 138536 17545.8 3063.76 74.3745 18.3344
 1486.79 34264.2 1240.11 216.542 6.55252
 41409.9 622.056 4803.19 173.84 31.2736
 37862.1 13261.8 64.6302 499.04 21.3109
 3937.74 15158.3 1876.96 9.14717 73.6457
 34326.1 2419.31 3410.36 422.284 18.627
 30051.4 9279.58 207.399 292.358 37.7977
 3018.86 12962.2 1471.97 32.8987 52.371
 21265.5 1970.09 3199.81 363.367 21.0494
 28013.3 9339.79 291.291 473.113 56.8386
 9785.9 4785.1 506.518 15.7974 28.7405
 1441.55 14956.6 3018.34 319.501 28.0935
F
 0.150736 0.319233 0.319233 0.319233 0.319233
 0.594097 1.25819 1.25819 1.25819 1.25819
 0.58528 1.23952 1.23952 1.23952 1.23952
 0.729713 1.5454 1.5454 1.5454 1.5454
 1.7218 3.64647 3.64647 3.64647 3.64647
 0.355548 0.752988 0.752988 0.752988 0.752988
 0.694892 1.47166 1.47166 1.47166 1.47166
 0.500103 1.05913 1.05913 1.05913 1.05913
 0.619064 1.31107 1.31107 1.31107 1.31107
 1.26738 2.68409 2.68409 2.68409 2.68409
 0.341678 0.723614 0.723614 0.723614 0.723614
 0.704753 1.49254 1.49254 1.49254 1.49254
 1.02347 2.16753 2.16753 2.16753 2.16753
 2.33874 4.95303 4.95303 4.95303 4.95303
 1.36585 2.89262 2.89262 2.89262 2.89262
 0.696403 1.47486 1.47486 1.47486 1.47486
 0.565508 1.19765 1.19765 1.19765 1.19765
 0.536649 1.13653 1.13653 1.13653 1.13653
 1.00192 2.12188 2.12188 2.12188 2.12188
 0.701803 1.48629 1.48629 1.48629 1.48629
 0.59832 1.26714 1.26714 1.26714 1.26714
 0.680317 1.44079 1.44079 1.44079 1.44079
 0.48055 1.01772 1.01772 1.01772 1.01772
 0.521955 1.10541 1.10541 1.10541 1.10541
 0.410487 0.869339 0.869339 0.869339 0.869339
 0.363614 0.770071 0.770071 0.770071 0.770071
 0.550917 1.16675 1.16675 1.16675 1.16675
 0.357887 0.757942 0.757942 0.757942 0.757942
 0.319773 0.677224 0.677224 0.677224 0.677224
 0.474386 1.00467 1.00467 1.00467 1.00467
 0.549403 1.16354 1.16354 1.16354 1.16354
 0.198686 0.420781 0.420781 0.420781 0.420781
 0.80089 1.69614 1.69614 1.69614 1.69614
YTP_r0W_actual
 10869.3 260992 72651.4 10006.8 990.297
YTP_p0W_proyectada
 0 0 0 0 0
 0 0 0 0 0
 0 0 0 0 0
 0 0 0 0 0
 0 0 0 0 0
 0 0 0 0 0
CTP_r0_actual
 1441.55 14956.6 3018.34 319.501 28.0935
CTP_p0_proyectada
 0 0 0 0 0
 0 0 0 0 0
 0 0 0 0 0
 0 0 0 0 0
 0 0 0 0 0
 0 0 0 0 0
Wmedp
 7.54 17.45 24.07 31.32 35.25
Frms_r0
 0.80089 1.69614 1.69614 1.69614 1.69614
Zrms_r0
 1.80089 2.69614 2.69614 2.69614 2.69614
nmprior
 7.29 8.9 8.7 0
nm_flota  nm_reclas  nm_pelaces    nm_pelaL
inf 7.30037 4.30843 7.72764
cv_recla  cv_pelaces  cv_mph
0.255318 0.500045 0.728864
 ------------------------------------------------
Talla a la edad & desviaci?n 
 8 13.2811 15.8009 17.003 17.5766
 0.8 1.32811 1.58009 1.7003 1.75766
