years
 1991 1992 1993 1994 1995 1996 1997 1998 1999 2000 2001 2002 2003 2004 2005 2006 2007 2008 2009 2010 2011 2012 2013 2014 2015 2016 2017 2018 2019 2020 2021 2022 2023
reclasobs
 0 0 0 0 0 0 0 0 0 252601 567819 844713 477998 351125 339783 2.1784e+06 2.13404e+06 4.81314e+06 1.55562e+06 2.62356e+06 3.21686e+06 3.843e+06 1.13348e+06 3.07943e+06 1.97215e+06 2.03268e+06 2.025e+06 2.42433e+06 2.27542e+06 1.05018e+06 2.36338e+06 3.18982e+06 1.53035e+06
reclaspred
 8.28414e+06 1.93689e+06 1.12992e+06 1.00359e+06 137121 3.35604e+06 1.71844e+06 384011 1.03255e+06 250153 471002 1.16289e+06 588132 300342 471195 2.12846e+06 1.31826e+06 3.76124e+06 1.94189e+06 2.44782e+06 3.35943e+06 3.35905e+06 1.83631e+06 2.75653e+06 2.5496e+06 1.90807e+06 2.07287e+06 2.90727e+06 2.25316e+06 1.53669e+06 2.09195e+06 1.81668e+06 1.17179e+06
pelacesobs
 0 0 0 0 0 0 0 0 0 0 0 0 0 0 0 552880 188675 0 991730 2.46772e+06 1.41603e+06 1.21717e+06 2.29649e+06 1.80582e+06 0 1.4828e+06 1.56532e+06 1.57751e+06 1.42118e+06 867257 1.10002e+06 1.06204e+06 0
pelacespred
 7.72137e+06 1.59852e+06 571478 375378 42602.3 1.989e+06 840403 284732 568266 80809.7 262643 540550 242790 98911.7 209990 975053 602048 2.12127e+06 853122 1.05489e+06 1.63649e+06 1.65815e+06 945782 1.71277e+06 1.44356e+06 1.10963e+06 1.393e+06 1.76329e+06 1.3412e+06 1.00239e+06 1.07406e+06 1.05261e+06 595957
mphobs
 0 0 0 0 0 0 0 0 0 0 0 0 498337 0 5186 125008 0 168611 109162 213762 579715 649985 157893 87575 83554 210694 70296 0 107559 103333 445601 22526 28222
mphpred
 2.26844e+06 839252 107783 210476 72512 6409.47 646055 122290 31450.6 133093 9497.68 95634.6 163445 27611.5 13066.9 49196.3 376676 116496 485808 236281 686557 496528 151134 52662.4 143474 132715 68203.4 101911 196784 84530.9 65418.7 124271 38544.5
desembarqueobs
 494567 514787 250237 358949 120608 361735 552515 73892 212993 205616 52469 317467 293654 387597 252695 516296 358380 742168 942051 627588 828172 859565 418607 520667 417249 300574 415391 372974 316634 284311 391294 218835 356480
desembarquepred
 494492 514298 250105 358298 120460 361496 551750 73855 212794 205343 52449 316998 293112 386794 252208 515530 358018 741232 939317 626334 827516 858143 417932 520122 416627 300146 414842 372506 316061 283667 390658 218717 356186
Reclutas
 5065.63 3224.58 190007 45342.8 3800.5 286221 4213.11 1313.28 57393.3 4919.48 43869.8 124928 41705.3 62489 49048.6 269982 12562.7 369096 151441 282345 166214 407987 11685.9 147082 163702 26803.9 116666 145505 23648.4 77481.9 110232 11408.6 85462.3
log_desv_Rt
 -2.22812 -2.67979 1.39647 -0.0363428 -2.51546 1.80617 -2.41239 -3.57806 0.199334 -2.25739 -0.0693676 0.977145 -0.119965 0.284397 0.0422177 1.74776 -1.31987 2.06046 1.1696 1.79254 1.26268 2.16064 -1.39221 1.1404 1.24746 -0.562047 0.908722 1.12961 -0.687297 0.499451 0.851992 -1.41622 0.597482
SSB
 1.6224e+06 600238 77087.1 150534 51861 4584.09 462062 87462.5 22493.7 95189.1 6792.79 68398.4 106062 18623 8669.52 33530.3 269401 83318.4 370465 108750 329938 257596 374411 122078 297915 301287 142591 199832 406501 159161 151271 291866 84016.3
BT
 2.01766e+06 871982 414683 372301 107545 1.26536e+06 697693 132116 445278 198818 162436 489293 340830 441278 344433 859244 441461 1.63099e+06 1.17915e+06 923190 1.29137e+06 1.39872e+06 585677 1.22961e+06 862730 564672 1.00572e+06 1.03567e+06 607677 630850 739482 447923 559876
Ftot
 0.324932 1.26663 1.26025 1.69639 2.98028 0.667367 1.47659 0.971661 1.21216 2.86549 0.683048 1.49858 2.24228 4.8648 2.75416 1.4091 1.31142 1.15892 2.20657 1.44663 1.30284 1.40929 1.12561 1.09232 0.909413 0.831105 1.13712 0.752264 0.736945 1.02876 1.06117 0.640523 1.6456
BD_Bspro_t
 0.949339 0.591315 0.171129 0.286834 0.0937712 0.0126746 0.452732 0.126503 0.054336 0.199851 0.0275086 0.300356 0.238379 0.0479948 0.0227207 0.0820925 0.287537 0.111988 0.27795 0.101863 0.206954 0.171183 0.238486 0.106145 0.250574 0.296429 0.20445 0.293916 0.430771 0.245872 0.26346 0.354042 0.204216
BD_Bspro
 4.78931 1.77189 0.22756 0.444373 0.153093 0.0135322 1.364 0.258188 0.0664009 0.280997 0.0200522 0.201911 0.313093 0.0549749 0.0255923 0.0989811 0.795268 0.245955 1.09361 0.321029 0.973973 0.76042 1.10526 0.360373 0.879441 0.889395 0.420927 0.589901 1.19999 0.469841 0.446551 0.861583 0.248015
BD_Bo
 6.90464 2.5545 0.328069 0.640643 0.220711 0.0195091 1.96645 0.372225 0.0957289 0.405108 0.0289089 0.291091 0.45138 0.0792562 0.0368959 0.142699 1.14652 0.354588 1.57663 0.462821 1.40416 1.09628 1.59343 0.519542 1.26787 1.28222 0.606842 0.850448 1.73 0.67736 0.643784 1.24213 0.357558
BD_Brms
 7.4019 2.73847 0.351696 0.686781 0.236606 0.0209141 2.10807 0.399032 0.102623 0.434283 0.0309909 0.312055 0.483888 0.084964 0.0395531 0.152976 1.22909 0.380125 1.69018 0.496153 1.50528 1.17523 1.70818 0.556958 1.35918 1.37457 0.650546 0.911695 1.85459 0.726142 0.690148 1.33158 0.383309
Sel_flota
 0.536175 1 1 1 1
 0.536175 1 1 1 1
 0.536175 1 1 1 1
 0.536175 1 1 1 1
 0.536175 1 1 1 1
 0.536175 1 1 1 1
 0.536175 1 1 1 1
 0.536175 1 1 1 1
 0.536175 1 1 1 1
 0.536175 1 1 1 1
 0.536175 1 1 1 1
 0.536175 1 1 1 1
 0.536175 1 1 1 1
 0.536175 1 1 1 1
 0.536175 1 1 1 1
 0.536175 1 1 1 1
 0.536175 1 1 1 1
 0.536175 1 1 1 1
 0.536175 1 1 1 1
 0.536175 1 1 1 1
 0.536175 1 1 1 1
 0.536175 1 1 1 1
 0.536175 1 1 1 1
 0.536175 1 1 1 1
 0.536175 1 1 1 1
 0.536175 1 1 1 1
 0.536175 1 1 1 1
 0.536175 1 1 1 1
 0.536175 1 1 1 1
 0.536175 1 1 1 1
 0.536175 1 1 1 1
 0.536175 1 1 1 1
 0.536175 1 1 1 1
Sel_reclas
 0.613817 1 1 1 1
 0.613817 1 1 1 1
 0.613817 1 1 1 1
 0.613817 1 1 1 1
 0.613817 1 1 1 1
 0.613817 1 1 1 1
 0.613817 1 1 1 1
 0.613817 1 1 1 1
 0.613817 1 1 1 1
 0.613817 1 1 1 1
 0.613817 1 1 1 1
 0.613817 1 1 1 1
 0.613817 1 1 1 1
 0.613817 1 1 1 1
 0.613817 1 1 1 1
 0.613817 1 1 1 1
 0.613817 1 1 1 1
 0.613817 1 1 1 1
 0.613817 1 1 1 1
 0.613817 1 1 1 1
 0.613817 1 1 1 1
 0.613817 1 1 1 1
 0.613817 1 1 1 1
 0.613817 1 1 1 1
 0.613817 1 1 1 1
 0.613817 1 1 1 1
 0.613817 1 1 1 1
 0.613817 1 1 1 1
 0.613817 1 1 1 1
 0.613817 1 1 1 1
 0.613817 1 1 1 1
 0.613817 1 1 1 1
 0.613817 1 1 1 1
Sel_pelaces
 0.392801 0.765018 0.942477 0.988018 0.997596
 0.392801 0.765018 0.942477 0.988018 0.997596
 0.392801 0.765018 0.942477 0.988018 0.997596
 0.392801 0.765018 0.942477 0.988018 0.997596
 0.392801 0.765018 0.942477 0.988018 0.997596
 0.392801 0.765018 0.942477 0.988018 0.997596
 0.392801 0.765018 0.942477 0.988018 0.997596
 0.392801 0.765018 0.942477 0.988018 0.997596
 0.392801 0.765018 0.942477 0.988018 0.997596
 0.392801 0.765018 0.942477 0.988018 0.997596
 0.392801 0.765018 0.942477 0.988018 0.997596
 0.392801 0.765018 0.942477 0.988018 0.997596
 0.392801 0.765018 0.942477 0.988018 0.997596
 0.392801 0.765018 0.942477 0.988018 0.997596
 0.392801 0.765018 0.942477 0.988018 0.997596
 0.392801 0.765018 0.942477 0.988018 0.997596
 0.392801 0.765018 0.942477 0.988018 0.997596
 0.392801 0.765018 0.942477 0.988018 0.997596
 0.392801 0.765018 0.942477 0.988018 0.997596
 0.392801 0.765018 0.942477 0.988018 0.997596
 0.392801 0.765018 0.942477 0.988018 0.997596
 0.392801 0.765018 0.942477 0.988018 0.997596
 0.392801 0.765018 0.942477 0.988018 0.997596
 0.392801 0.765018 0.942477 0.988018 0.997596
 0.392801 0.765018 0.942477 0.988018 0.997596
 0.392801 0.765018 0.942477 0.988018 0.997596
 0.392801 0.765018 0.942477 0.988018 0.997596
 0.392801 0.765018 0.942477 0.988018 0.997596
 0.392801 0.765018 0.942477 0.988018 0.997596
 0.392801 0.765018 0.942477 0.988018 0.997596
 0.392801 0.765018 0.942477 0.988018 0.997596
 0.392801 0.765018 0.942477 0.988018 0.997596
 0.392801 0.765018 0.942477 0.988018 0.997596
pf_obs 
 0.8446 0.082 0.0669 0.0065 0
 0.8095 0.147 0.0364 0.0071 0
 0.9664 0.0169 0.016 0.0007 0
 0.9276 0.0648 0.0075 0.0001 0
 0.7033 0.2144 0.0806 0.0017 0
 0.9318 0.0425 0.0243 0.0014 0
 0.5671 0.3108 0.0964 0.0239 0.0018
 0.0768 0.2599 0.5324 0.112 0.0189
 0.490249 0.384438 0.106611 0.0170017 0.00170017
 0.7925 0.1577 0.0466 0.003 0.0002
 0.840416 0.127587 0.0312969 0.00059994 9.999e-05
 0.8084 0.0986 0.0794 0.0134 0.0002
 0.7335 0.1905 0.0724 0.0035 0.0001
 0.4001 0.4547 0.1325 0.0127 0
 0.49795 0.308269 0.164784 0.0264974 0.00249975
 0.9179 0.0499 0.0305 0.0017 0
 0.2467 0.6533 0.0926 0.0074 0
 0.9418 0.0223 0.034 0.0019 0
 0.707729 0.231977 0.0356964 0.0245975 0
 0.517169 0.277429 0.184464 0.0207286 0.00020938
 0.811772 0.124168 0.05621 0.00726502 0.000585176
 0.764997 0.148141 0.077277 0.00933861 0.000247198
 0.163321 0.427699 0.378323 0.0303852 0.000271297
 0.753843 0.0900009 0.118128 0.0371064 0.000921714
 0.721811 0.176058 0.0630433 0.0369309 0.00215725
 0.143369 0.312575 0.442814 0.0836902 0.0175525
 0.692698 0.0596174 0.167031 0.0765114 0.00414204
 0.394062 0.376323 0.152708 0.0712218 0.00568511
 0.125707 0.32114 0.495352 0.0537591 0.00404204
 0.23352 0.215282 0.420074 0.123614 0.00750983
 0.796117 0.104755 0.0508955 0.0450114 0.00322123
 0.162477 0.292055 0.404252 0.121198 0.0200186
 0 0 0 0 0
pf_pred 
 0.0287233 0.161973 0.708635 0.100668 8.59673e-07
 0.0715355 0.0528757 0.146016 0.638822 0.090751
 0.97307 0.00469353 0.00126636 0.00349705 0.0174731
 0.466069 0.528579 0.000932644 0.000251636 0.00416694
 0.24366 0.555839 0.198492 0.000350225 0.00165926
 0.997378 0.00163503 0.000725343 0.000259022 2.62228e-06
 0.0371103 0.961771 0.000697433 0.000309399 0.000111606
 0.107286 0.0909078 0.800875 0.000580758 0.000350574
 0.96776 0.0074187 0.00252763 0.0222678 2.58951e-05
 0.253064 0.7378 0.00210237 0.0007163 0.00631775
 0.977033 0.0143499 0.0085118 2.42545e-05 8.115e-05
 0.881941 0.11685 0.000755521 0.000448146 5.54954e-06
 0.586236 0.395886 0.0176953 0.000114413 6.87057e-05
 0.906951 0.0787032 0.0137256 0.000613508 6.34885e-06
 0.956299 0.0433059 0.000334625 5.83576e-05 2.63546e-06
 0.977473 0.0223105 0.000214683 1.65886e-06 3.02365e-07
 0.149995 0.843245 0.00669546 6.44271e-05 5.88569e-07
 0.971747 0.00930066 0.0188011 0.000149283 1.4496e-06
 0.599292 0.396349 0.00143516 0.00290116 2.32593e-05
 0.904394 0.0813678 0.0140834 5.09956e-05 0.000103913
 0.688793 0.300305 0.00927915 0.00160607 1.76657e-05
 0.885264 0.0986611 0.0155119 0.000479305 8.38724e-05
 0.0927693 0.868094 0.0336537 0.00529118 0.000192102
 0.894398 0.0222763 0.0797315 0.00309098 0.000503621
 0.764717 0.22501 0.00216707 0.00775638 0.000349688
 0.284614 0.635221 0.0766641 0.000738352 0.00276185
 0.852937 0.0715003 0.0670952 0.00809763 0.000369709
 0.781437 0.205088 0.00655108 0.00614746 0.000775804
 0.264517 0.656372 0.0742338 0.00237123 0.00250595
 0.792383 0.0942052 0.101213 0.0114469 0.000752064
 0.795421 0.185402 0.00870141 0.00934871 0.00112678
 0.213266 0.714908 0.0650932 0.00305499 0.00367785
 0.881835 0.0446708 0.0667845 0.0060808 0.000628961
pobs_RECLAS
 0 0 0 0 0
 0 0 0 0 0
 0 0 0 0 0
 0 0 0 0 0
 0 0 0 0 0
 0 0 0 0 0
 0 0 0 0 0
 0 0 0 0 0
 0 0 0 0 0
 0 0 0 0 0
 0.991045 0.00858322 0.000360255 1.14367e-05 0
 0.934742 0.0480273 0.0164251 0.00080598 0
 0.827803 0.169806 0.00239088 0 0
 0.941827 0.0461693 0.0120037 0 0
 0.791401 0.0380133 0.147996 0.0225897 0
 0.846168 0.0940531 0.0597789 0 0
 0.134021 0.677848 0.182769 0.00536245 0
 0.80878 0.0450904 0.141981 0.00414843 0
 0.846168 0.0940531 0.0597789 0 0
 0.905697 0.0802665 0.012482 0.00150086 5.37128e-05
 0.989698 0.0102097 9.19794e-05 0 0
 0.975433 0.0193895 0.00387452 0.00125025 5.28907e-05
 0.303575 0.632131 0.0575291 0.00676475 0
 0.966965 0.00978017 0.0227588 0.000495775 0
 0.843318 0.132988 0.00938335 0.0141283 0.000182051
 0.564624 0.303363 0.111486 0.0197234 0.00080311
 0.826376 0.0876187 0.0782897 0.00655872 0.00115652
 0.89761 0.0855135 0.0140674 0.00269457 0.000114338
 0.34875 0.467042 0.161289 0.0227151 0.000203297
 0.318654 0.224769 0.449479 0.00709798 0
 0.937255 0.0296025 0.0250945 0.00804832 0
 0.456809 0.399803 0.12412 0.0192676 0
 0.883104 0.0372192 0.0704036 0.00927362 0
ppred_RECLAS
 0.0332345 0.161221 0.705343 0.1002 8.5568e-07
 0.0880762 0.0519337 0.143415 0.627441 0.0891343
 0.978386 0.00376709 0.0010164 0.00280678 0.0140241
 0.534492 0.460843 0.000813127 0.000219389 0.00363295
 0.337499 0.486876 0.173865 0.000306773 0.00145339
 0.997793 0.00137609 0.000610471 0.000218001 2.20699e-06
 0.0470874 0.951806 0.000690207 0.000306194 0.000110449
 0.127739 0.088825 0.782526 0.000567452 0.000342542
 0.973973 0.00598914 0.00204057 0.0179769 2.09052e-05
 0.344655 0.647329 0.00184457 0.000628465 0.00554306
 0.98063 0.0121026 0.0071788 2.04561e-05 6.84414e-05
 0.905675 0.093359 0.000603634 0.000358052 4.43388e-06
 0.666896 0.318711 0.0142457 9.21091e-05 5.53121e-05
 0.956032 0.0371894 0.00648573 0.000289899 3e-06
 0.970908 0.0288284 0.000222757 3.88483e-05 1.75441e-06
 0.982213 0.0176163 0.000169513 1.30983e-06 2.38747e-07
 0.181828 0.811665 0.00644471 6.20142e-05 5.66527e-07
 0.977092 0.00754127 0.0152446 0.000121044 1.17538e-06
 0.677707 0.318787 0.00115432 0.00233343 1.87076e-05
 0.923595 0.0650266 0.011255 4.07541e-05 8.30442e-05
 0.735793 0.254951 0.00787776 0.00136351 1.49978e-05
 0.907572 0.0794785 0.012496 0.000386114 6.75651e-05
 0.112213 0.849489 0.0329325 0.00517779 0.000187985
 0.912555 0.0184462 0.0660227 0.00255953 0.00041703
 0.797531 0.193629 0.00186484 0.00667463 0.000300918
 0.323866 0.600368 0.0724577 0.00069784 0.00261031
 0.877706 0.059458 0.0557948 0.00673381 0.000307441
 0.810515 0.177804 0.00567952 0.00532961 0.000672591
 0.300584 0.624184 0.0705935 0.00225495 0.00238306
 0.823782 0.0799581 0.0859061 0.00971574 0.000638326
 0.826891 0.156882 0.00736289 0.00791061 0.000953448
 0.243333 0.687586 0.0626054 0.00293824 0.00353729
 0.907034 0.0351445 0.0525422 0.00478403 0.000494831
pobs_PELACES
 0 0 0 0 0
 0 0 0 0 0
 0 0 0 0 0
 0 0 0 0 0
 0 0 0 0 0
 0 0 0 0 0
 0 0 0 0 0
 0 0 0 0 0
 0 0 0 0 0
 0 0 0 0 0
 0 0 0 0 0
 0 0 0 0 0
 0 0 0 0 0
 0 0 0 0 0
 0 0 0 0 0
 0 0 0 0 0
 0.505614 0.472636 0.0217494 0 0
 0 0 0 0 0
 0.443492 0.261883 0.143347 0.151278 0
 0.227955 0.32914 0.350689 0.0885471 0.00366901
 0.970185 0.0296113 0.000203453 0 0
 0.997202 0.00247181 0.000326279 0 0
 0.445219 0.490057 0.0546422 0.010081 0
 0.90214 0.0892962 0.00764917 0.000914606 0
 0 0 0 0 0
 0.581667 0.319106 0.0959925 0.00289975 0.000334073
 0.762889 0.0836404 0.116647 0.0363945 0.000428098
 0.88444 0.0763242 0.0277011 0.0115352 0
 0.521256 0.241999 0.230069 0.00667565 0
 0.616807 0.101726 0.260614 0.0208532 0
 0.833518 0.0704572 0.0857862 0.0102388 0
 0.697417 0.212968 0.0787535 0.0105354 0.000325836
 0 0 0 0 0
ppred_PELACES
 0.0245776 0.135616 0.73095 0.108855 9.38604e-07
 0.0718589 0.0417264 0.141957 0.65107 0.0933877
 0.973582 0.00369516 0.00122826 0.00355573 0.0179385
 0.553888 0.440357 0.000957217 0.000270745 0.00452684
 0.387773 0.42379 0.186442 0.00034486 0.00164968
 0.997397 0.00148474 0.000811461 0.000303777 3.10518e-06
 0.04925 0.949364 0.000848131 0.000394433 0.000143658
 0.105249 0.0754008 0.818349 0.000622104 0.000379174
 0.968646 0.00591485 0.00248273 0.0229291 2.69226e-05
 0.404667 0.585998 0.00205715 0.00073476 0.0065434
 0.977395 0.012989 0.00949181 2.83539e-05 9.57855e-05
 0.909716 0.0891272 0.000709949 0.000441462 5.51977e-06
 0.700325 0.283873 0.0156319 0.000105955 6.42436e-05
 0.973658 0.0215034 0.00462005 0.000216485 2.262e-06
 0.976991 0.0227505 0.000216572 3.95946e-05 1.80545e-06
 0.982812 0.0169844 0.000201343 1.63096e-06 3.00161e-07
 0.184874 0.80715 0.00789552 7.96457e-05 7.34651e-07
 0.973585 0.00752286 0.018735 0.000155946 1.52898e-06
 0.710847 0.285163 0.00127209 0.00269576 2.1822e-05
 0.924215 0.0623385 0.0132927 5.0458e-05 0.000103815
 0.738211 0.250504 0.00953586 0.00173025 1.92162e-05
 0.907982 0.076613 0.0148396 0.000480686 8.49295e-05
 0.110573 0.842324 0.0402295 0.00663069 0.000243068
 0.896974 0.0183381 0.0808613 0.00328625 0.000540628
 0.789093 0.199267 0.00236432 0.00887129 0.000403829
 0.307171 0.599408 0.0891228 0.000899817 0.00339845
 0.86421 0.0588071 0.0679849 0.00860147 0.000396519
 0.798004 0.186516 0.00733985 0.00722045 0.000920047
 0.281845 0.625039 0.087088 0.00291624 0.0031118
 0.801972 0.079499 0.105226 0.0124758 0.000827608
 0.820992 0.158293 0.00915242 0.0103084 0.00125449
 0.225046 0.689216 0.0773108 0.00380372 0.00462363
 0.901457 0.0324583 0.0597829 0.00570632 0.000595949
pobs_pel_tallas
 0 0 0 0 0 0 0 0 0 0 0 0 0 0 0 0 0 0 0 0 0 0 0 0 0 0
 0 0 0 0 0 0 0 0 0 0 0 0 0 0 0 0 0 0 0 0 0 0 0 0 0 0
 0 0 0 0 0 0 0 0 0 0 0 0 0 0 0 0 0 0 0 0 0 0 0 0 0 0
 0 0 0 0 0 0 0 0 0 0 0 0 0 0 0 0 0 0 0 0 0 0 0 0 0 0
 0 0 0 0 0 0 0 0 0 0 0 0 0 0 0 0 0 0 0 0 0 0 0 0 0 0
 0 0 0 0 0 0 0 0 0 0 0 0 0 0 0 0 0 0 0 0 0 0 0 0 0 0
 0 0 0 0 0 0 0 0 0 0 0 0 0 0 0 0 0 0 0 0 0 0 0 0 0 0
 0 0 0 0 0 0 0 0 0 0 0 0 0 0 0 0 0 0 0 0 0 0 0 0 0 0
 0 0 0 0 0 0 0 0 0 0 0 0 0 0 0 0 0 0 0 0 0 0 0 0 0 0
 0 0 0 0 0 0 0 0 0 0 0 0 0 0 0 0 0 0 0 0 0 0 0 0 0 0
 0 0 0 0 0 0 0 0 0 0 0 0 0 0 0 0 0 0 0 0 0 0 0 0 0 0
 0 0 0 0 0 0 0 0 0 0 0 0 0 0 0 0 0 0 0 0 0 0 0 0 0 0
 0.00862536 0 0 0.000197151 0.00414017 0.0128641 0.00837892 0.0270097 0.101434 0.158115 0.152841 0.127902 0.109271 0.109419 0.0830992 0.0579132 0.0238553 0.00714673 0.00463305 0.00128148 0.00103504 0.000492878 0.000147863 0.000147863 4.92878e-05 0
 0 0 0 0 0 0 0 0 0 0 0 0 0 0 0 0 0 0 0 0 0 0 0 0 0 0
 0 0 0 0 0 0 0 0.0054083 0.00873648 0.0413646 0.0450493 0.0745869 0.0622846 0.0627006 0.0613931 0.0827291 0.12552 0.122667 0.0946155 0.0697135 0.0546179 0.0294188 0.0215738 0.0213955 0.0102223 0.00600262
 0 0 0 0 0.00359764 0.0251062 0.0480494 0.140153 0.205849 0.193036 0.1447 0.116669 0.0760912 0.0342217 0.00950174 0.001854 0.000860785 0 0 0 0.000165536 0 0.000143464 0 0 0
 0 0 0 0 0 0 0 0.000145254 0.000435761 0.0275982 0.070085 0.0708112 0.156366 0.174668 0.174014 0.160142 0.0824315 0.0480064 0.0283245 0.00493863 0.00203355 0 0 0 0 0
 0 0 0 0 0 0 0 0 0 0 0 0 0 0 0 0 0 0 0 0 0 0 0 0 0 0
 0 0 1.00437e-05 0.000401748 0.00122533 0.00171747 0.00176769 0.0269171 0.070346 0.194647 0.189555 0.159765 0.064822 0.0314167 0.0384472 0.0292271 0.0345202 0.0313363 0.0194345 0.0106764 0.0143323 0.0359363 0.0279516 0.0138201 0.00172751 0
 0 0.0021121 0.0136068 0.0755702 0.200478 0.177729 0.0527432 0.0373336 0.0318909 0.0142505 0.0149659 0.0166563 0.0217959 0.0798694 0.0677717 0.0528807 0.04013 0.0224614 0.0357745 0.0225083 0.00881397 0.00855152 0.00135912 0.000746735 0 0
 0 0 0 0 5.4009e-05 0.00500934 0.000945158 0.0243581 0.138947 0.33067 0.221406 0.137944 0.0707744 0.0437923 0.0131692 0.00525238 0.0047753 0.00276346 9.45158e-05 9.00151e-06 2.25038e-05 9.00151e-06 4.50075e-06 0 0 0
 0.000866109 0.00284123 0.00948549 0.0512746 0.133035 0.25785 0.225252 0.132002 0.0553304 0.0519788 0.0540692 0.017754 0.00435017 0.00159236 0.00146478 0.000404838 0.000125132 0.000115318 0.000107957 0.000100596 0 0 0 0 0 0
 0 0 0 0 0.00144013 0.00171154 0.00461396 0.0210425 0.0478622 0.0707936 0.0888783 0.103762 0.0637923 0.0337046 0.0602308 0.124433 0.169614 0.0934646 0.0462172 0.0250306 0.0313229 0.00938855 0.002487 0.000210481 0 0
 0 0.00764035 0.051015 0.0998891 0.058973 0.0496711 0.0374665 0.0718981 0.12319 0.153886 0.159021 0.0857701 0.0377988 0.023471 0.0147837 0.00900784 0.00315554 0.000888139 0.00291439 0.00214683 0.00393193 0.00274676 0.000635225 9.99891e-05 0 0
 0 0 0 0 0 0 0 0 0 0 0 0 0 0 0 0 0 0 0 0 0 0 0 0 0 0
 0 0 0 0 0 0 0 0 0 0 0 0 0 0 0 0 0 0 0 0 0 0 0 0 0 0
 0 0 0 0 0 0 0 0 0 0 0 0 0 0 0 0 0 0 0 0 0 0 0 0 0 0
 0 0 0 0 0 0 0 0 0 0 0 0 0 0 0 0 0 0 0 0 0 0 0 0 0 0
 0 0 0 0 0 0 0 0 0 0 0 0 0 0 0 0 0 0 0 0 0 0 0 0 0 0
 0 0 0 0 0 0 0 0 0 0 0 0 0 0 0 0 0 0 0 0 0 0 0 0 0 0
 0 0 0 0 0 0 0 0 0 0 0 0 0 0 0 0 0 0 0 0 0 0 0 0 0 0
 0 0 0 0 0 0 0 0 0 0 0 0 0 0 0 0 0 0 0 0 0 0 0 0 0 0
 0 0 0 0 0 0 0 0 0 0 0 0 0 0 0 0 0 0 0 0 0 0 0 0 0 0
ppred_pel_tallas
 1.32046e-16 2.02445e-06 1.96784e-05 0.000130771 0.000594473 0.0018497 0.00394151 0.0057557 0.00576991 0.00401146 0.00208786 0.00129689 0.00194878 0.00416992 0.00841621 0.0152993 0.0252771 0.0385442 0.0550846 0.0745879 0.0959836 0.116844 0.133374 0.141493 0.1386 0.124917
 1.85205e-16 5.91894e-06 5.75342e-05 0.000382335 0.00173804 0.00540772 0.0115219 0.0168174 0.0168219 0.011544 0.00548349 0.00196359 0.000974685 0.00144114 0.00291264 0.00557822 0.00996423 0.0168903 0.0275359 0.0433183 0.0653481 0.0935094 0.1256 0.157157 0.182339 0.195686
 1.03429e-16 8.01927e-05 0.000779502 0.00518006 0.0235478 0.073266 0.156101 0.227834 0.227834 0.156103 0.0732719 0.0235651 0.00522397 0.000876719 0.000269185 0.000330669 0.000501462 0.000708806 0.000951172 0.00126054 0.00169727 0.00232228 0.00315323 0.0041297 0.00510962 0.00590297
 1.00934e-16 4.56231e-05 0.000443473 0.00294703 0.0133968 0.0416827 0.088811 0.129631 0.129673 0.0890178 0.042377 0.0154008 0.0079725 0.011398 0.0208031 0.0341958 0.0489662 0.0609685 0.066016 0.0621895 0.0510221 0.0365501 0.0230138 0.0129611 0.00682491 0.00369174
 1.05803e-16 3.19405e-05 0.000310473 0.0020632 0.00937904 0.0291819 0.0621766 0.0907572 0.0907983 0.0623772 0.029856 0.0113285 0.00696555 0.0110419 0.0204987 0.0340598 0.0495724 0.0633885 0.0717473 0.0728098 0.0676087 0.0590901 0.0501102 0.0420446 0.0348381 0.0279639
 1.00055e-16 8.21543e-05 0.000798569 0.00530677 0.0241238 0.0750581 0.159919 0.233407 0.233407 0.15992 0.0750605 0.0241307 0.00532403 0.000836413 0.000154518 0.000126696 0.000177504 0.000229279 0.000264675 0.000277642 0.000271908 0.000257014 0.00024115 0.000226549 0.000210338 0.000188743
 1.00332e-16 4.05685e-06 3.94341e-05 0.000262058 0.00119133 0.00370717 0.0079019 0.0115522 0.0116435 0.00834783 0.00520386 0.00551144 0.0110954 0.0236534 0.0447469 0.0736954 0.105518 0.131339 0.142121 0.133703 0.10937 0.0778109 0.0481773 0.0259996 0.0122779 0.00512702
 1.23762e-16 8.66923e-06 8.4268e-05 0.000559991 0.00254564 0.00792048 0.0168757 0.0246324 0.0246409 0.0169179 0.0080657 0.00298088 0.00171198 0.00279536 0.00573064 0.0109486 0.0192202 0.0313129 0.0477111 0.0681466 0.0909587 0.112722 0.12876 0.134726 0.128537 0.111486
 1.02378e-16 7.97861e-05 0.00077555 0.0051538 0.0234284 0.0728945 0.15531 0.226679 0.226679 0.155312 0.0729041 0.0234563 0.00522431 0.00093172 0.000383386 0.00052719 0.0008015 0.00112204 0.00147404 0.00188008 0.00239244 0.00305441 0.00384807 0.00466692 0.00533766 0.00568356
 1.01391e-16 3.3332e-05 0.000323999 0.00215309 0.00978767 0.0304534 0.0648862 0.0947151 0.0947715 0.0651615 0.0313773 0.0124546 0.00884098 0.0149026 0.0276586 0.0455098 0.0651747 0.0811604 0.0879 0.0828418 0.068026 0.0488207 0.0308627 0.0175341 0.00940277 0.00524724
 1.00297e-16 8.05067e-05 0.000782554 0.00520035 0.02364 0.0735529 0.156712 0.228726 0.228728 0.156718 0.0735737 0.0237002 0.00535195 0.00111534 0.000717848 0.00107312 0.0015699 0.00203971 0.00236814 0.00249899 0.00245517 0.00230806 0.00212022 0.0019115 0.00166983 0.00138522
 1.00089e-16 7.49321e-05 0.000728367 0.00484025 0.0220031 0.0684598 0.145861 0.212891 0.212899 0.145903 0.0686004 0.0224088 0.00585756 0.00294602 0.00427742 0.00692858 0.00991667 0.0123506 0.0133788 0.0126116 0.0103564 0.0074259 0.00467392 0.00261382 0.00133483 0.000658189
 1.00546e-16 5.76849e-05 0.000560718 0.00372617 0.0169386 0.0527025 0.112289 0.163895 0.163923 0.112423 0.0531506 0.0182321 0.00697098 0.00763731 0.0134771 0.0221356 0.0317552 0.0396646 0.0431804 0.0410597 0.0342485 0.0252677 0.0167522 0.0102658 0.00606696 0.00361918
 1.00162e-16 8.01989e-05 0.000779562 0.00518046 0.0235496 0.0732717 0.156113 0.227852 0.227854 0.156123 0.0733057 0.023648 0.0054275 0.00131918 0.00110599 0.00170392 0.00245222 0.00309442 0.0034281 0.00335956 0.0029527 0.00238122 0.0018215 0.00137077 0.001038 0.000787136
 1.00017e-16 8.04735e-05 0.000782231 0.0051982 0.0236303 0.0735225 0.156648 0.228632 0.228634 0.156658 0.0735584 0.0237338 0.00545788 0.00134832 0.00115323 0.00177297 0.00253164 0.00315274 0.00341512 0.00321895 0.00264249 0.001893 0.00118841 0.000659927 0.000330795 0.00015598
 1.00011e-16 8.0953e-05 0.000786892 0.00522917 0.0237711 0.0739606 0.157581 0.229994 0.229996 0.157589 0.0739874 0.0238484 0.00542305 0.00120954 0.000881902 0.00132526 0.00189045 0.00235439 0.00255072 0.0024048 0.0019749 0.00141556 0.000889262 0.000493909 0.000246955 0.000115066
 1.00443e-16 1.5228e-05 0.000148022 0.00098366 0.00447163 0.0139133 0.0296466 0.0432864 0.043364 0.0300258 0.015186 0.00814538 0.0101967 0.0202318 0.0380743 0.0627007 0.089805 0.111844 0.121143 0.114165 0.0936846 0.0670529 0.0420039 0.0231992 0.0114731 0.00523849
 1.00559e-16 8.01929e-05 0.000779503 0.00518007 0.0235479 0.0732662 0.156101 0.227835 0.227835 0.156105 0.0732786 0.0235842 0.0052726 0.000985786 0.000484475 0.00070649 0.00108515 0.00152008 0.0019626 0.0023812 0.00275811 0.003068 0.00325937 0.00326575 0.00304458 0.00261299
 1.00384e-16 5.85516e-05 0.000569142 0.00378215 0.0171931 0.0534944 0.113976 0.166358 0.166385 0.11411 0.053944 0.018491 0.00703681 0.00766389 0.0135028 0.0221517 0.0317208 0.0395036 0.042788 0.0403297 0.0331171 0.0237552 0.0149796 0.00843131 0.00438879 0.0022688
 1.00423e-16 7.61263e-05 0.000739975 0.0049174 0.0223538 0.0695509 0.148186 0.216283 0.216289 0.148215 0.0696496 0.0226389 0.00563348 0.00230408 0.00304923 0.00492699 0.00710464 0.0089628 0.00992301 0.00971314 0.00851799 0.00684173 0.00519784 0.00387165 0.0028932 0.00216114
 1.00517e-16 6.08055e-05 0.000591051 0.00392774 0.017855 0.0555536 0.118364 0.17276 0.172784 0.118481 0.0559488 0.018996 0.00678976 0.0068319 0.0118928 0.0195111 0.0279738 0.0349103 0.0379486 0.0359952 0.0298971 0.0219007 0.0143548 0.00865555 0.00503008 0.00298569
 1.00511e-16 7.47893e-05 0.000726978 0.00483103 0.0219612 0.0683293 0.145583 0.212484 0.212492 0.145619 0.0684506 0.0223115 0.00571058 0.00264783 0.00372503 0.00604536 0.00871349 0.010981 0.0121367 0.0118468 0.0103425 0.00825104 0.00621214 0.00458309 0.00340187 0.00253855
 1.02083e-16 9.10792e-06 8.85323e-05 0.000588332 0.00267452 0.00832187 0.0177336 0.0258997 0.0259808 0.0181296 0.00965112 0.00651216 0.0102149 0.0210821 0.0398168 0.0656454 0.0941745 0.117605 0.127986 0.121644 0.101411 0.0747982 0.0496487 0.0306036 0.018398 0.0113823
 1.0276e-16 7.38825e-05 0.000718165 0.00477246 0.0216949 0.0675009 0.143818 0.209907 0.209909 0.143827 0.0675324 0.0217875 0.00501085 0.00125785 0.00115519 0.00193933 0.00312658 0.00463743 0.00641849 0.0084033 0.0104719 0.0123868 0.0137826 0.014274 0.0136391 0.011956
 1.01078e-16 6.49966e-05 0.00063179 0.00419847 0.0190856 0.0593826 0.126522 0.184666 0.184685 0.126615 0.0596969 0.0199929 0.00647397 0.00559305 0.00946929 0.015505 0.0222207 0.0277182 0.0301167 0.0285625 0.0237551 0.0175087 0.0117072 0.00744909 0.00486976 0.00350932
 1.03391e-16 2.53014e-05 0.000245938 0.00163435 0.00742955 0.0231164 0.0492541 0.0718999 0.0719577 0.0495364 0.0240643 0.0101672 0.00850612 0.0152465 0.0285118 0.0470883 0.0678087 0.0852153 0.0937367 0.0907621 0.0781659 0.0609953 0.0444414 0.0314644 0.0224364 0.01629
 1.02907e-16 7.11839e-05 0.000691932 0.00459813 0.0209025 0.0650353 0.138565 0.202241 0.202246 0.138593 0.0651303 0.0211779 0.00529421 0.00222652 0.0030297 0.00501086 0.0074787 0.00996119 0.0120105 0.0133927 0.0141666 0.01453 0.0145795 0.0142122 0.0132438 0.0116114
 1.0114e-16 6.57305e-05 0.000638924 0.00424588 0.0193012 0.0600531 0.12795 0.186751 0.186769 0.128038 0.0603475 0.0201509 0.00637752 0.00528772 0.00888122 0.0145435 0.0208631 0.0260678 0.0284031 0.0270695 0.0227089 0.0169949 0.0116596 0.00770539 0.00525037 0.0038763
 1.03493e-16 2.32153e-05 0.000225661 0.0014996 0.00681701 0.0212106 0.0451936 0.065974 0.0660342 0.0454879 0.0221988 0.00967113 0.00866329 0.0158621 0.0297136 0.0490687 0.070639 0.0887276 0.0975196 0.0942952 0.0810248 0.0630003 0.0456682 0.0321401 0.022807 0.0165349
 1.04449e-16 6.60574e-05 0.000642101 0.00426699 0.0193971 0.0603517 0.128586 0.187676 0.187684 0.128624 0.0604805 0.0197711 0.00521283 0.00273054 0.00410166 0.00685689 0.0102915 0.0138169 0.0168511 0.0190816 0.0205585 0.021483 0.0218954 0.021573 0.0202238 0.0177771
 1.01551e-16 6.7624e-05 0.00065733 0.00436819 0.0198572 0.0617831 0.131636 0.19213 0.192145 0.13171 0.062033 0.0205788 0.00617873 0.00460694 0.00756049 0.0123711 0.0177667 0.0222451 0.0243296 0.0233515 0.0198571 0.0152529 0.010979 0.00784456 0.00590749 0.004783
 1.03572e-16 1.85369e-05 0.000180185 0.0011974 0.00544323 0.0169363 0.0360869 0.0526839 0.0527503 0.0364113 0.0180253 0.00858833 0.00909008 0.0174034 0.032709 0.0539927 0.0776507 0.0973752 0.10673 0.102719 0.0875622 0.0671918 0.0477355 0.0327268 0.0226339 0.0161585
 1.02407e-16 7.42518e-05 0.000721754 0.00479631 0.0218033 0.0678382 0.144537 0.210956 0.210959 0.144552 0.0678914 0.0219579 0.00518854 0.00159182 0.00176711 0.00290919 0.00442855 0.00607859 0.00764509 0.00900339 0.0101361 0.0110412 0.0116226 0.0116869 0.0110643 0.00974888
pSPR Fmed_Fpbrs
1   0.98282 0.6 0.325 0.98282 0.98282 0.98282
Fs Fmed_Fpbrs
0   0.01 0.332708 0.847961 0.01 0.01 0.01
SSBpbr Bo_Bmed_Bpbrs
234972  223224  219187 129235 64617.4 219187 219187 219187
Ro
47021
SPR SPRFo_SPRFmed_SPRFpbrs
338755 338755 332935
Fref
0
Nvult_r0
 72452 2765.81 4134.98 376.495 38.9423
CTP_r0
 33961.4 1720.37 2572.01 234.185 24.2227
YTP_r0
356186
Np
 85462.3 31439.8 11566.1 4254.92 2141.14
Nvult_p0
 54022.5 19873.8 7311.15 2689.62 1353.46
CTP_p0
 0 0 0 0 0
 0 0 0 0 0
 0 0 0 0 0
 0 0 0 0 0
 0 0 0 0 0
 0 0 0 0 0
YTP_p0
 0 0 0 0 0 0
CBA_c0
0
log_Ro
10.5783
likeval ReclasPelacesDesembMPH_pf_preclas_ppelaces_ptallas_desvR_qrecl_qpela
 35.012 27.6356 0.344904 73.9488 341.031 148.986 139.136 0 110.292 0.000155863 0.000315059 0.0129779 2069.9 0 0
q_reclas_q_pelaces
5.84493 12.3076
M
1
N
 5065.63 16264.2 71155.8 10108.3 0.0863219
 3224.58 1565.58 4323.35 18914.7 2687.02
 190007 601.498 162.29 448.163 2239.25
 45342.8 35564.5 62.7512 16.9308 280.364
 3800.5 6717.31 2398.77 4.23248 20.0521
 286221 282.855 125.482 44.8099 0.453645
 4213.11 73621.6 53.3871 23.6839 8.5432
 1313.28 702.218 6186.36 4.48607 2.70801
 57393.3 286.949 97.7666 861.299 1.0016
 4919.48 11023.2 31.4106 10.7019 94.3909
 43869.8 389.38 230.965 0.658138 2.20198
 124928 11189.7 72.3495 42.9149 0.53143
 41705.3 20578.3 919.806 5.94722 3.57134
 62489 4610.66 804.087 35.9411 0.371934
 49048.6 1693.18 13.0832 2.28167 0.103041
 269982 4121.02 39.6545 0.306411 0.0558504
 12562.7 46657.4 370.465 3.5648 0.032566
 369096 2287.77 4624.68 36.7205 0.356571
 151441 72942.7 264.123 533.92 4.28055
 282345 17066 2953.84 10.6958 21.7946
 166214 47821.9 1477.66 255.758 2.81318
 407987 30408.5 4780.96 147.727 25.8504
 11685.9 70499.8 2733.09 429.709 15.601
 147082 2351.06 8414.9 326.224 53.1525
 163702 30123.8 290.123 1038.41 46.8154
 26803.9 36982.5 4463.37 42.9867 160.795
 116666 6315.01 5925.94 715.194 32.6532
 145505 23327.2 745.132 699.224 88.2414
 23648.4 35761.2 4044.49 129.192 136.532
 77481.9 5860.09 6296.02 712.062 46.7826
 110232 16419.2 770.594 827.918 99.7871
 11408.6 22956.7 2090.24 98.1002 118.101
 85462.3 2977.07 4450.82 405.252 41.9168
pred_Ctot
 519.306 2928.41 12811.8 1820.03 0.0155425
 1060.92 784.183 2165.52 9474.16 1345.9
 62277.1 300.389 81.0477 223.813 1118.29
 18398.1 20865.7 36.8161 9.93331 164.49
 2163.64 4935.71 1762.56 3.10991 14.7338
 56026 91.8451 40.7449 14.5501 0.147302
 1551.37 40206.2 29.1557 12.9342 4.66561
 351.549 297.882 2624.26 1.903 1.14874
 18265.8 140.023 47.7074 420.29 0.488753
 2744.07 8000.25 22.7968 7.76712 68.5059
 8760.25 128.664 76.3183 0.21747 0.727605
 46490.4 6159.6 39.8263 23.6234 0.292537
 20250.7 13675.3 611.259 3.95224 2.37334
 43947.4 3813.65 665.091 29.7282 0.307641
 26787.5 1213.07 9.3734 1.6347 0.0738237
 96111.9 2193.73 21.1091 0.16311 0.0297306
 4242.02 23847.9 189.355 1.82207 0.0166454
 113498 1086.3 2195.94 17.436 0.169311
 72822.6 48162.1 174.393 352.533 2.82634
 102446 9216.98 1595.31 5.77656 11.7708
 55851.7 24350.6 752.412 130.23 1.43245
 145255 16188.4 2545.22 78.645 13.7619
 3513.39 32876.8 1274.55 200.39 7.27537
 43198.8 1075.93 3850.98 149.292 24.3246
 41536 12221.5 117.706 421.292 18.9935
 6315.78 14096 1701.23 16.3845 61.2874
 35353.5 2963.63 2781.04 335.64 15.3241
 31542.1 8278.24 264.429 248.138 31.3147
 5038.04 12501.4 1413.87 45.1628 47.7286
 21707.9 2580.82 2772.81 313.597 20.6033
 31649.5 7377.09 346.226 371.982 44.8341
 2155.43 7225.42 657.883 30.8761 37.1713
 33961.4 1720.37 2572.01 234.185 24.2227
F
 0.17422 0.324932 0.324932 0.324932 0.324932
 0.679136 1.26663 1.26663 1.26663 1.26663
 0.675713 1.26025 1.26025 1.26025 1.26025
 0.909562 1.69639 1.69639 1.69639 1.69639
 1.59795 2.98028 2.98028 2.98028 2.98028
 0.357825 0.667367 0.667367 0.667367 0.667367
 0.791712 1.47659 1.47659 1.47659 1.47659
 0.52098 0.971661 0.971661 0.971661 0.971661
 0.64993 1.21216 1.21216 1.21216 1.21216
 1.5364 2.86549 2.86549 2.86549 2.86549
 0.366233 0.683048 0.683048 0.683048 0.683048
 0.803504 1.49858 1.49858 1.49858 1.49858
 1.20226 2.24228 2.24228 2.24228 2.24228
 2.60838 4.8648 4.8648 4.8648 4.8648
 1.47671 2.75416 2.75416 2.75416 2.75416
 0.755523 1.4091 1.4091 1.4091 1.4091
 0.703152 1.31142 1.31142 1.31142 1.31142
 0.621383 1.15892 1.15892 1.15892 1.15892
 1.18311 2.20657 2.20657 2.20657 2.20657
 0.775647 1.44663 1.44663 1.44663 1.44663
 0.698552 1.30284 1.30284 1.30284 1.30284
 0.755626 1.40929 1.40929 1.40929 1.40929
 0.603522 1.12561 1.12561 1.12561 1.12561
 0.585673 1.09232 1.09232 1.09232 1.09232
 0.487605 0.909413 0.909413 0.909413 0.909413
 0.445618 0.831105 0.831105 0.831105 0.831105
 0.609697 1.13712 1.13712 1.13712 1.13712
 0.403345 0.752264 0.752264 0.752264 0.752264
 0.395132 0.736945 0.736945 0.736945 0.736945
 0.551595 1.02876 1.02876 1.02876 1.02876
 0.568974 1.06117 1.06117 1.06117 1.06117
 0.343432 0.640523 0.640523 0.640523 0.640523
 0.882329 1.6456 1.6456 1.6456 1.6456
YTP_r0W_actual
 256069 30020.5 61908.4 7334.67 853.849
YTP_p0W_proyectada
 0 0 0 0 0
 0 0 0 0 0
 0 0 0 0 0
 0 0 0 0 0
 0 0 0 0 0
 0 0 0 0 0
CTP_r0_actual
 33961.4 1720.37 2572.01 234.185 24.2227
CTP_p0_proyectada
 0 0 0 0 0
 0 0 0 0 0
 0 0 0 0 0
 0 0 0 0 0
 0 0 0 0 0
 0 0 0 0 0
Wmedp
 7.54 17.45 24.07 31.32 35.25
Frms_r0
 0.882329 1.6456 1.6456 1.6456 1.6456
Zrms_r0
 1.88233 2.6456 2.6456 2.6456 2.6456
nmprior
 7.29 8.9 8.7 0
nm_flota  nm_reclas  nm_pelaces    nm_pelaL
inf 12.8999 4.06627 7.12646
cv_recla  cv_pelaces  cv_mph
0.256218 0.479893 0.689482
 ------------------------------------------------
Talla a la edad & desviaci?n 
 8 13.2811 15.8009 17.003 17.5766
 0.8 1.32811 1.58009 1.7003 1.75766
