years
 1991 1992 1993 1994 1995 1996 1997 1998 1999 2000 2001 2002 2003 2004 2005 2006 2007 2008 2009 2010 2011 2012 2013 2014 2015 2016 2017 2018 2019 2020 2021 2022 2023
reclasobs
 0 0 0 0 0 0 0 0 0 252601 567819 844713 477998 351125 339783 2.1784e+06 2.13404e+06 4.81314e+06 1.55562e+06 2.62356e+06 3.21686e+06 3.843e+06 1.13348e+06 3.07943e+06 1.97215e+06 2.03268e+06 2.025e+06 2.42433e+06 2.27542e+06 1.05018e+06 2.36338e+06 3.18982e+06 1.53035e+06
reclaspred
 2.86364e+06 1.56052e+06 825669 869913 900480 1.33271e+06 719152 650820 444665 301497 560782 806134 622595 286972 474795 1.59756e+06 1.59315e+06 2.86327e+06 2.01543e+06 2.14097e+06 3.62842e+06 2.67208e+06 1.95991e+06 2.95459e+06 2.28061e+06 2.06738e+06 2.32798e+06 2.61634e+06 2.25051e+06 1.69469e+06 1.9422e+06 2.08183e+06 1.63413e+06
pelacesobs
 0 0 0 0 0 0 0 0 0 0 0 0 0 0 0 552880 188675 0 991730 2.46772e+06 1.41603e+06 1.21717e+06 2.29649e+06 1.80582e+06 0 1.4828e+06 1.56532e+06 1.57751e+06 1.42118e+06 867257 1.10002e+06 1.06204e+06 0
pelacespred
 1.47425e+06 881705 452052 398774 444647 680329 316412 386387 240205 149979 301055 378363 310705 134014 254930 740297 742525 1.52108e+06 1.08375e+06 1.01563e+06 1.79374e+06 1.43728e+06 1.04992e+06 1.74358e+06 1.26759e+06 1.1539e+06 1.49526e+06 1.50362e+06 1.16776e+06 1.00796e+06 1.00383e+06 1.09909e+06 880718
mphobs
 0 0 0 0 0 0 0 0 0 0 0 0 498337 0 5186 125008 0 168611 109162 213762 579715 649985 157893 87575 83554 210694 70296 0 107559 103333 445601 22526 28222
mphpred
 496116 335491 161469 95231.9 108273 127380 146710 77348.3 72049.4 43691.4 27731.1 80560.8 99906.3 52441.8 18709.7 48951.3 222735 212801 305388 301606 495523 538945 106976 83193.9 122565 100754 88052.7 91670.6 133854 103508 66307.4 92542.2 65484.8
desembarqueobs
 494567 514787 250237 358949 120608 361735 552515 73892 212993 205616 52469 317467 293654 387597 252695 516296 358380 742168 942051 627588 828172 859565 418607 520667 417249 300574 415391 372974 316634 284311 391294 218835 356480
desembarquepred
 494571 513645 250819 359017 120618 361784 552651 73900.6 213094 205704 52471.1 317508 293849 387979 252629 516239 358460 742171 941989 627369 828339 859705 418670 520728 417238 300585 415416 372951 316615 284266 391258 218860 356530
Reclutas
 181434 88172.1 110069 153330 128981 189225 77115.8 37879.5 32852.4 45637.3 126217 157912 71908.2 46800 90144.2 496557 101048 541913 291990 467154 415756 515767 93607.1 318417 298981 125635 259884 330319 127110 119408 226094 110693 177844
log_desv_Rt
 0.180226 -0.541374 -0.319562 0.0119252 -0.161002 0.222275 -0.675357 -1.38626 -1.52864 -1.19994 -0.182666 0.0413752 -0.745274 -1.17478 -0.519254 1.18703 -0.405072 1.27444 0.656054 1.12599 1.00943 1.22499 -0.481558 0.742698 0.679716 -0.187282 0.539571 0.779393 -0.175612 -0.238118 0.400284 -0.313908 0.160242
SSB
 2.19907e+06 1.48709e+06 715723 422123 479927 564620 650304 342853 319365 193666 122920 357092 422323 226300 79688.4 210083 987289 943257 1.39769e+06 892223 1.50058e+06 1.71241e+06 1.46814e+06 1.1021e+06 1.52166e+06 1.32474e+06 1.09408e+06 1.09655e+06 1.65792e+06 1.20852e+06 880473 1.25343e+06 825396
BT
 3.10124e+06 2.106e+06 1.06561e+06 1.01858e+06 901887 1.53817e+06 1.0774e+06 764471 650831 467732 589991 947799 824369 642459 713622 1.76171e+06 1.62445e+06 3.40416e+06 2.88602e+06 2.3878e+06 3.88874e+06 3.44451e+06 2.27038e+06 3.64431e+06 2.69264e+06 2.35439e+06 3.13318e+06 3.08513e+06 2.37791e+06 2.09969e+06 2.17025e+06 2.16588e+06 1.91567e+06
Ftot
 0.204915 0.372454 0.363986 0.591594 0.18489 0.405779 0.903448 0.155439 0.643017 0.929029 0.177138 0.589609 0.60606 1.73123 1.0385 0.651606 0.288585 0.422169 0.629924 0.472427 0.327807 0.453798 0.258751 0.280667 0.250297 0.188429 0.273645 0.236505 0.16921 0.214605 0.3129 0.135416 0.316474
BD_Bspro_t
 0.968055 0.793932 0.601434 0.522285 0.52887 0.614595 0.569861 0.376806 0.444352 0.368788 0.330897 0.662147 0.561842 0.359082 0.175252 0.355396 0.607036 0.572042 0.607242 0.479366 0.557323 0.582519 0.578862 0.551742 0.660056 0.680039 0.682999 0.705665 0.770069 0.715357 0.674187 0.722493 0.722718
BD_Bspro
 2.01464 1.36237 0.655698 0.386721 0.439678 0.517268 0.595765 0.314099 0.292581 0.177423 0.112611 0.327144 0.386904 0.207321 0.0730052 0.192464 0.904489 0.86415 1.28047 0.817396 1.37473 1.5688 1.34501 1.00967 1.39404 1.21364 1.00232 1.00459 1.51888 1.10717 0.806631 1.14831 0.756173
BD_Bo
 2.3244 1.57184 0.756514 0.446181 0.50728 0.5968 0.687366 0.362393 0.337566 0.204703 0.129926 0.377444 0.446392 0.239197 0.0842301 0.222057 1.04356 0.997016 1.47735 0.943074 1.5861 1.81001 1.55181 1.16491 1.60838 1.40024 1.15644 1.15904 1.75241 1.2774 0.930653 1.32487 0.872438
BD_Brms
 2.48837 1.68272 0.809878 0.477654 0.543063 0.638898 0.735853 0.387956 0.361378 0.219143 0.139091 0.404069 0.47788 0.25607 0.0901716 0.23772 1.11717 1.06734 1.58156 1.0096 1.69799 1.93769 1.66128 1.24708 1.72184 1.49902 1.23801 1.2408 1.87602 1.36751 0.996301 1.41832 0.933979
Sel_flota
 0.44571 0.938568 0.996567 0.999819 0.99999
 0.44571 0.938568 0.996567 0.999819 0.99999
 0.44571 0.938568 0.996567 0.999819 0.99999
 0.44571 0.938568 0.996567 0.999819 0.99999
 0.44571 0.938568 0.996567 0.999819 0.99999
 0.44571 0.938568 0.996567 0.999819 0.99999
 0.44571 0.938568 0.996567 0.999819 0.99999
 0.44571 0.938568 0.996567 0.999819 0.99999
 0.44571 0.938568 0.996567 0.999819 0.99999
 0.44571 0.938568 0.996567 0.999819 0.99999
 0.44571 0.938568 0.996567 0.999819 0.99999
 0.44571 0.938568 0.996567 0.999819 0.99999
 0.44571 0.938568 0.996567 0.999819 0.99999
 0.44571 0.938568 0.996567 0.999819 0.99999
 0.44571 0.938568 0.996567 0.999819 0.99999
 0.44571 0.938568 0.996567 0.999819 0.99999
 0.44571 0.938568 0.996567 0.999819 0.99999
 0.44571 0.938568 0.996567 0.999819 0.99999
 0.44571 0.938568 0.996567 0.999819 0.99999
 0.44571 0.938568 0.996567 0.999819 0.99999
 0.44571 0.938568 0.996567 0.999819 0.99999
 0.44571 0.938568 0.996567 0.999819 0.99999
 0.44571 0.938568 0.996567 0.999819 0.99999
 0.44571 0.938568 0.996567 0.999819 0.99999
 0.44571 0.938568 0.996567 0.999819 0.99999
 0.44571 0.938568 0.996567 0.999819 0.99999
 0.44571 0.938568 0.996567 0.999819 0.99999
 0.44571 0.938568 0.996567 0.999819 0.99999
 0.44571 0.938568 0.996567 0.999819 0.99999
 0.44571 0.938568 0.996567 0.999819 0.99999
 0.44571 0.938568 0.996567 0.999819 0.99999
 0.44571 0.938568 0.996567 0.999819 0.99999
 0.44571 0.938568 0.996567 0.999819 0.99999
Sel_reclas
 1 1 1 1 1
 1 1 1 1 1
 1 1 1 1 1
 1 1 1 1 1
 1 1 1 1 1
 1 1 1 1 1
 1 1 1 1 1
 1 1 1 1 1
 1 1 1 1 1
 1 1 1 1 1
 1 1 1 1 1
 1 1 1 1 1
 1 1 1 1 1
 1 1 1 1 1
 1 1 1 1 1
 1 1 1 1 1
 1 1 1 1 1
 1 1 1 1 1
 1 1 1 1 1
 1 1 1 1 1
 1 1 1 1 1
 1 1 1 1 1
 1 1 1 1 1
 1 1 1 1 1
 1 1 1 1 1
 1 1 1 1 1
 1 1 1 1 1
 1 1 1 1 1
 1 1 1 1 1
 1 1 1 1 1
 1 1 1 1 1
 1 1 1 1 1
 1 1 1 1 1
Sel_pelaces
 1 1 1 1 1
 1 1 1 1 1
 1 1 1 1 1
 1 1 1 1 1
 1 1 1 1 1
 1 1 1 1 1
 1 1 1 1 1
 1 1 1 1 1
 1 1 1 1 1
 1 1 1 1 1
 1 1 1 1 1
 1 1 1 1 1
 1 1 1 1 1
 1 1 1 1 1
 1 1 1 1 1
 1 1 1 1 1
 1 1 1 1 1
 1 1 1 1 1
 1 1 1 1 1
 1 1 1 1 1
 1 1 1 1 1
 1 1 1 1 1
 1 1 1 1 1
 1 1 1 1 1
 1 1 1 1 1
 1 1 1 1 1
 1 1 1 1 1
 1 1 1 1 1
 1 1 1 1 1
 1 1 1 1 1
 1 1 1 1 1
 1 1 1 1 1
 1 1 1 1 1
pf_obs 
 0.8446 0.082 0.0669 0.0065 0
 0.8095 0.147 0.0364 0.0071 0
 0.9664 0.0169 0.016 0.0007 0
 0.9276 0.0648 0.0075 0.0001 0
 0.7033 0.2144 0.0806 0.0017 0
 0.9318 0.0425 0.0243 0.0014 0
 0.5671 0.3108 0.0964 0.0239 0.0018
 0.0768 0.2599 0.5324 0.112 0.0189
 0.490249 0.384438 0.106611 0.0170017 0.00170017
 0.7925 0.1577 0.0466 0.003 0.0002
 0.840416 0.127587 0.0312969 0.00059994 9.999e-05
 0.8084 0.0986 0.0794 0.0134 0.0002
 0.7335 0.1905 0.0724 0.0035 0.0001
 0.4001 0.4547 0.1325 0.0127 0
 0.49795 0.308269 0.164784 0.0264974 0.00249975
 0.9179 0.0499 0.0305 0.0017 0
 0.2467 0.6533 0.0926 0.0074 0
 0.9418 0.0223 0.034 0.0019 0
 0.707729 0.231977 0.0356964 0.0245975 0
 0.517169 0.277429 0.184464 0.0207286 0.00020938
 0.811772 0.124168 0.05621 0.00726502 0.000585176
 0.764997 0.148141 0.077277 0.00933861 0.000247198
 0.163321 0.427699 0.378323 0.0303852 0.000271297
 0.753843 0.0900009 0.118128 0.0371064 0.000921714
 0.721811 0.176058 0.0630433 0.0369309 0.00215725
 0.143369 0.312575 0.442814 0.0836902 0.0175525
 0.692698 0.0596174 0.167031 0.0765114 0.00414204
 0.394062 0.376323 0.152708 0.0712218 0.00568511
 0.125707 0.32114 0.495352 0.0537591 0.00404204
 0.23352 0.215282 0.420074 0.123614 0.00750983
 0.796117 0.104755 0.0508955 0.0450114 0.00322123
 0.162477 0.292055 0.404252 0.121198 0.0200186
 0 0 0 0 0
pf_pred 
 0.380722 0.137634 0.45395 0.0276927 1.10158e-06
 0.29957 0.405154 0.0689749 0.213333 0.0129691
 0.503403 0.246363 0.14919 0.0236734 0.0773714
 0.624151 0.263678 0.0576645 0.0325498 0.0219575
 0.540545 0.368463 0.0653449 0.0132126 0.0124343
 0.61434 0.275983 0.0890594 0.0148209 0.00579629
 0.36923 0.496713 0.0978897 0.0293901 0.00677655
 0.37427 0.382418 0.195256 0.0351383 0.0129168
 0.432813 0.319425 0.155133 0.074385 0.0182436
 0.651187 0.230268 0.0691656 0.0309703 0.0184089
 0.82403 0.147215 0.0195802 0.00536474 0.00381028
 0.639997 0.327299 0.0276433 0.00345034 0.00161106
 0.410354 0.478378 0.101867 0.00795132 0.00144947
 0.480663 0.329405 0.156381 0.0307272 0.00282308
 0.83416 0.128756 0.0246146 0.0102799 0.00218978
 0.922727 0.0722265 0.00400205 0.000694324 0.000349846
 0.264482 0.711173 0.0228725 0.00116888 0.000303593
 0.789937 0.0924132 0.114002 0.00342774 0.000219849
 0.459634 0.485913 0.0249336 0.0286078 0.00091169
 0.669278 0.223359 0.0973212 0.0046087 0.00543231
 0.555672 0.367307 0.0532575 0.0215492 0.00221404
 0.598437 0.295694 0.0885541 0.0119861 0.00532796
 0.189899 0.628886 0.135994 0.0378506 0.0073704
 0.638329 0.122516 0.188388 0.0381326 0.0126338
 0.535939 0.371187 0.0328832 0.0472936 0.0126975
 0.310515 0.492991 0.159264 0.0132123 0.0240167
 0.60117 0.196047 0.147611 0.0447495 0.0104229
 0.599759 0.308648 0.0465706 0.0328062 0.012217
 0.303911 0.532149 0.128324 0.0181409 0.0174749
 0.39647 0.29044 0.242877 0.0550018 0.0152119
 0.628356 0.219619 0.0756422 0.0593007 0.0170823
 0.371461 0.497429 0.0796741 0.025641 0.025795
 0.565213 0.241015 0.155334 0.0233899 0.0150479
pobs_RECLAS
 0 0 0 0 0
 0 0 0 0 0
 0 0 0 0 0
 0 0 0 0 0
 0 0 0 0 0
 0 0 0 0 0
 0 0 0 0 0
 0 0 0 0 0
 0 0 0 0 0
 0 0 0 0 0
 0.991045 0.00858322 0.000360255 1.14367e-05 0
 0.934742 0.0480273 0.0164251 0.00080598 0
 0.827803 0.169806 0.00239088 0 0
 0.941827 0.0461693 0.0120037 0 0
 0.791401 0.0380133 0.147996 0.0225897 0
 0.846168 0.0940531 0.0597789 0 0
 0.134021 0.677848 0.182769 0.00536245 0
 0.80878 0.0450904 0.141981 0.00414843 0
 0.846168 0.0940531 0.0597789 0 0
 0.905697 0.0802665 0.012482 0.00150086 5.37128e-05
 0.989698 0.0102097 9.19794e-05 0 0
 0.975433 0.0193895 0.00387452 0.00125025 5.28907e-05
 0.303575 0.632131 0.0575291 0.00676475 0
 0.966965 0.00978017 0.0227588 0.000495775 0
 0.843318 0.132988 0.00938335 0.0141283 0.000182051
 0.564624 0.303363 0.111486 0.0197234 0.00080311
 0.826376 0.0876187 0.0782897 0.00655872 0.00115652
 0.89761 0.0855135 0.0140674 0.00269457 0.000114338
 0.34875 0.467042 0.161289 0.0227151 0.000203297
 0.318654 0.224769 0.449479 0.00709798 0
 0.937255 0.0296025 0.0250945 0.00804832 0
 0.456809 0.399803 0.12412 0.0192676 0
 0.883104 0.0372192 0.0704036 0.00927362 0
ppred_RECLAS
 0.578097 0.0983151 0.30504 0.0185469 7.37643e-07
 0.485243 0.305862 0.0489241 0.150805 0.00916621
 0.69171 0.157851 0.089819 0.0142042 0.0464152
 0.786557 0.152652 0.0313055 0.0176092 0.0118766
 0.716584 0.230024 0.0383797 0.00773461 0.00727775
 0.777066 0.162365 0.0492152 0.00816232 0.00319162
 0.569828 0.343597 0.0632817 0.0189294 0.00436375
 0.564915 0.272215 0.130789 0.0234591 0.00862206
 0.631705 0.213379 0.0971284 0.046408 0.0113799
 0.810315 0.128148 0.0359608 0.0160424 0.00953384
 0.90941 0.0765385 0.00957809 0.0026156 0.00185739
 0.795559 0.186934 0.0148056 0.00184152 0.000859699
 0.605461 0.323919 0.0646723 0.00503038 0.000916833
 0.698632 0.19674 0.0862137 0.0168656 0.00154918
 0.92022 0.0628998 0.0112184 0.00466746 0.000994041
 0.963256 0.0344871 0.00179087 0.000309605 0.000155971
 0.434815 0.547566 0.0165569 0.000843291 0.00021899
 0.893381 0.0485619 0.0562635 0.00168592 0.000108112
 0.651424 0.315498 0.0151754 0.0173504 0.000552829
 0.816798 0.126251 0.0516416 0.00243712 0.00287213
 0.730088 0.225513 0.0307328 0.0123933 0.00127311
 0.765636 0.175425 0.0493277 0.00665384 0.00295716
 0.336234 0.522346 0.106219 0.0294648 0.00573648
 0.796904 0.0716638 0.103607 0.0209015 0.00692369
 0.713592 0.231949 0.019324 0.0276996 0.00743553
 0.493184 0.368664 0.11205 0.00926468 0.016838
 0.768415 0.117455 0.0831538 0.0251245 0.0058509
 0.763916 0.184636 0.0262017 0.0183961 0.00684946
 0.484437 0.399767 0.090706 0.0127806 0.0123092
 0.590504 0.203401 0.159996 0.0361124 0.00998589
 0.787621 0.128748 0.0416832 0.0325683 0.00938004
 0.559053 0.353401 0.0532718 0.0170876 0.0171873
 0.740757 0.147699 0.0894777 0.0134281 0.00863744
pobs_PELACES
 0 0 0 0 0
 0 0 0 0 0
 0 0 0 0 0
 0 0 0 0 0
 0 0 0 0 0
 0 0 0 0 0
 0 0 0 0 0
 0 0 0 0 0
 0 0 0 0 0
 0 0 0 0 0
 0 0 0 0 0
 0 0 0 0 0
 0 0 0 0 0
 0 0 0 0 0
 0 0 0 0 0
 0 0 0 0 0
 0.505614 0.472636 0.0217494 0 0
 0 0 0 0 0
 0.443492 0.261883 0.143347 0.151278 0
 0.227955 0.32914 0.350689 0.0885471 0.00366901
 0.970185 0.0296113 0.000203453 0 0
 0.997202 0.00247181 0.000326279 0 0
 0.445219 0.490057 0.0546422 0.010081 0
 0.90214 0.0892962 0.00764917 0.000914606 0
 0 0 0 0 0
 0.581667 0.319106 0.0959925 0.00289975 0.000334073
 0.762889 0.0836404 0.116647 0.0363945 0.000428098
 0.88444 0.0763242 0.0277011 0.0115352 0
 0.521256 0.241999 0.230069 0.00667565 0
 0.616807 0.101726 0.260614 0.0208532 0
 0.833518 0.0704572 0.0857862 0.0102388 0
 0.697417 0.212968 0.0787535 0.0105354 0.000325836
 0 0 0 0 0
ppred_PELACES
 0.586935 0.0965463 0.29838 0.018138 7.21369e-07
 0.501136 0.297312 0.0472188 0.14549 0.00884298
 0.704912 0.151617 0.0856729 0.0135433 0.0442544
 0.802788 0.14151 0.0286937 0.0161298 0.0108785
 0.722787 0.225142 0.0374324 0.00754221 0.00709665
 0.788644 0.15426 0.0463967 0.00769152 0.00300747
 0.606255 0.315607 0.0571301 0.0170727 0.00393553
 0.571394 0.268464 0.128603 0.0230632 0.00847648
 0.656873 0.199847 0.0898563 0.0429038 0.0105202
 0.833276 0.113299 0.0312335 0.0139197 0.00827185
 0.911799 0.0745602 0.00929894 0.00253889 0.0018029
 0.810864 0.173108 0.0135566 0.00168511 0.000786655
 0.629231 0.305036 0.0601998 0.00467946 0.000852845
 0.75655 0.160766 0.0681537 0.0133079 0.00122227
 0.932043 0.053807 0.00940784 0.00390979 0.000832629
 0.966853 0.031135 0.00159676 0.000275855 0.000138963
 0.446425 0.53641 0.0161303 0.000821305 0.000213277
 0.900142 0.0456826 0.0525016 0.00157249 0.000100836
 0.67457 0.294893 0.0140144 0.0160121 0.000510169
 0.828418 0.118577 0.048066 0.00226723 0.00267184
 0.740665 0.216903 0.0293744 0.0118414 0.00121639
 0.778998 0.165788 0.0462146 0.00623087 0.00276911
 0.345932 0.515264 0.104261 0.0289137 0.00562911
 0.804745 0.0691396 0.0994223 0.0200512 0.00664193
 0.722028 0.225329 0.0186827 0.0267733 0.00718676
 0.501093 0.363271 0.110013 0.00909445 0.0165284
 0.776695 0.113553 0.0799711 0.0241558 0.00562522
 0.770962 0.179308 0.0253306 0.01778 0.00661997
 0.491497 0.394583 0.0892403 0.0125718 0.012108
 0.599419 0.199389 0.156198 0.035247 0.00974645
 0.796402 0.123724 0.0398175 0.0311001 0.00895702
 0.564604 0.349135 0.0524925 0.0168352 0.0169333
 0.751011 0.142231 0.0856447 0.0128485 0.00826447
pobs_pel_tallas
 0 0 0 0 0 0 0 0 0 0 0 0 0 0 0 0 0 0 0 0 0 0 0 0 0 0
 0 0 0 0 0 0 0 0 0 0 0 0 0 0 0 0 0 0 0 0 0 0 0 0 0 0
 0 0 0 0 0 0 0 0 0 0 0 0 0 0 0 0 0 0 0 0 0 0 0 0 0 0
 0 0 0 0 0 0 0 0 0 0 0 0 0 0 0 0 0 0 0 0 0 0 0 0 0 0
 0 0 0 0 0 0 0 0 0 0 0 0 0 0 0 0 0 0 0 0 0 0 0 0 0 0
 0 0 0 0 0 0 0 0 0 0 0 0 0 0 0 0 0 0 0 0 0 0 0 0 0 0
 0 0 0 0 0 0 0 0 0 0 0 0 0 0 0 0 0 0 0 0 0 0 0 0 0 0
 0 0 0 0 0 0 0 0 0 0 0 0 0 0 0 0 0 0 0 0 0 0 0 0 0 0
 0 0 0 0 0 0 0 0 0 0 0 0 0 0 0 0 0 0 0 0 0 0 0 0 0 0
 0 0 0 0 0 0 0 0 0 0 0 0 0 0 0 0 0 0 0 0 0 0 0 0 0 0
 0 0 0 0 0 0 0 0 0 0 0 0 0 0 0 0 0 0 0 0 0 0 0 0 0 0
 0 0 0 0 0 0 0 0 0 0 0 0 0 0 0 0 0 0 0 0 0 0 0 0 0 0
 0.00862536 0 0 0.000197151 0.00414017 0.0128641 0.00837892 0.0270097 0.101434 0.158115 0.152841 0.127902 0.109271 0.109419 0.0830992 0.0579132 0.0238553 0.00714673 0.00463305 0.00128148 0.00103504 0.000492878 0.000147863 0.000147863 4.92878e-05 0
 0 0 0 0 0 0 0 0 0 0 0 0 0 0 0 0 0 0 0 0 0 0 0 0 0 0
 0 0 0 0 0 0 0 0.0054083 0.00873648 0.0413646 0.0450493 0.0745869 0.0622846 0.0627006 0.0613931 0.0827291 0.12552 0.122667 0.0946155 0.0697135 0.0546179 0.0294188 0.0215738 0.0213955 0.0102223 0.00600262
 0 0 0 0 0.00359764 0.0251062 0.0480494 0.140153 0.205849 0.193036 0.1447 0.116669 0.0760912 0.0342217 0.00950174 0.001854 0.000860785 0 0 0 0.000165536 0 0.000143464 0 0 0
 0 0 0 0 0 0 0 0.000145254 0.000435761 0.0275982 0.070085 0.0708112 0.156366 0.174668 0.174014 0.160142 0.0824315 0.0480064 0.0283245 0.00493863 0.00203355 0 0 0 0 0
 0 0 0 0 0 0 0 0 0 0 0 0 0 0 0 0 0 0 0 0 0 0 0 0 0 0
 0 0 1.00437e-05 0.000401748 0.00122533 0.00171747 0.00176769 0.0269171 0.070346 0.194647 0.189555 0.159765 0.064822 0.0314167 0.0384472 0.0292271 0.0345202 0.0313363 0.0194345 0.0106764 0.0143323 0.0359363 0.0279516 0.0138201 0.00172751 0
 0 0.0021121 0.0136068 0.0755702 0.200478 0.177729 0.0527432 0.0373336 0.0318909 0.0142505 0.0149659 0.0166563 0.0217959 0.0798694 0.0677717 0.0528807 0.04013 0.0224614 0.0357745 0.0225083 0.00881397 0.00855152 0.00135912 0.000746735 0 0
 0 0 0 0 5.4009e-05 0.00500934 0.000945158 0.0243581 0.138947 0.33067 0.221406 0.137944 0.0707744 0.0437923 0.0131692 0.00525238 0.0047753 0.00276346 9.45158e-05 9.00151e-06 2.25038e-05 9.00151e-06 4.50075e-06 0 0 0
 0.000866109 0.00284123 0.00948549 0.0512746 0.133035 0.25785 0.225252 0.132002 0.0553304 0.0519788 0.0540692 0.017754 0.00435017 0.00159236 0.00146478 0.000404838 0.000125132 0.000115318 0.000107957 0.000100596 0 0 0 0 0 0
 0 0 0 0 0.00144013 0.00171154 0.00461396 0.0210425 0.0478622 0.0707936 0.0888783 0.103762 0.0637923 0.0337046 0.0602308 0.124433 0.169614 0.0934646 0.0462172 0.0250306 0.0313229 0.00938855 0.002487 0.000210481 0 0
 0 0.00764035 0.051015 0.0998891 0.058973 0.0496711 0.0374665 0.0718981 0.12319 0.153886 0.159021 0.0857701 0.0377988 0.023471 0.0147837 0.00900784 0.00315554 0.000888139 0.00291439 0.00214683 0.00393193 0.00274676 0.000635225 9.99891e-05 0 0
 0 0 0 0 0 0 0 0 0 0 0 0 0 0 0 0 0 0 0 0 0 0 0 0 0 0
 0 0 0 0 0 0 0 0 0 0 0 0 0 0 0 0 0 0 0 0 0 0 0 0 0 0
 0 0 0 0 0 0 0 0 0 0 0 0 0 0 0 0 0 0 0 0 0 0 0 0 0 0
 0 0 0 0 0 0 0 0 0 0 0 0 0 0 0 0 0 0 0 0 0 0 0 0 0 0
 0 0 0 0 0 0 0 0 0 0 0 0 0 0 0 0 0 0 0 0 0 0 0 0 0 0
 0 0 0 0 0 0 0 0 0 0 0 0 0 0 0 0 0 0 0 0 0 0 0 0 0 0
 0 0 0 0 0 0 0 0 0 0 0 0 0 0 0 0 0 0 0 0 0 0 0 0 0 0
 0 0 0 0 0 0 0 0 0 0 0 0 0 0 0 0 0 0 0 0 0 0 0 0 0 0
 0 0 0 0 0 0 0 0 0 0 0 0 0 0 0 0 0 0 0 0 0 0 0 0 0 0
ppred_pel_tallas
 1.10455e-16 4.83451e-05 0.000469932 0.00312286 0.0141961 0.0441693 0.0941078 0.137355 0.137365 0.0941557 0.0443313 0.0146695 0.00433252 0.00318104 0.00540313 0.00939163 0.0147684 0.0211552 0.0281014 0.035244 0.0422454 0.0484901 0.0528935 0.0541747 0.0515139 0.0451143
 1.17526e-16 4.12779e-05 0.000401236 0.00266636 0.0121209 0.0377127 0.0803521 0.117282 0.117311 0.0804924 0.0381841 0.0134833 0.00608978 0.00788714 0.0142979 0.0236836 0.0343983 0.0439166 0.0497597 0.0509558 0.0486832 0.0454532 0.04345 0.0433024 0.0440474 0.0440276
 1.11359e-16 5.80627e-05 0.00056439 0.00375057 0.0170496 0.0530476 0.113024 0.164965 0.16498 0.113096 0.0532897 0.0177502 0.00551484 0.00443429 0.00746262 0.0123909 0.0181905 0.023617 0.0274482 0.0291552 0.0291935 0.028603 0.028244 0.0282895 0.0282865 0.0275948
 1.04323e-16 6.61246e-05 0.000642755 0.00427133 0.0194169 0.0604132 0.128717 0.187869 0.187883 0.128784 0.0606374 0.0200647 0.00589839 0.00419816 0.00682915 0.0112143 0.016219 0.0205524 0.0229532 0.0228621 0.0207547 0.0178036 0.0151429 0.0133079 0.012181 0.0113175
 1.03096e-16 5.95351e-05 0.000578702 0.00384568 0.0174819 0.0543928 0.115891 0.16915 0.169172 0.115997 0.0547491 0.0185109 0.00642916 0.00622007 0.0107783 0.0177372 0.0255753 0.0322258 0.0356218 0.0348113 0.0305154 0.0246211 0.0190335 0.0147836 0.0119089 0.00991086
 1.02659e-16 6.49596e-05 0.000631431 0.00419608 0.0190748 0.0593488 0.126449 0.18456 0.184575 0.126522 0.0595935 0.0197822 0.00597372 0.0045183 0.00746519 0.0122866 0.0178046 0.0226225 0.0253548 0.0253519 0.0230584 0.0196597 0.0163178 0.0136097 0.0114993 0.00967957
 1.04108e-16 4.99365e-05 0.000485401 0.00322566 0.0146634 0.0456234 0.0972067 0.141882 0.141913 0.0973554 0.046123 0.0161065 0.00684915 0.00839913 0.0150902 0.0248963 0.0359257 0.0453182 0.0501875 0.0491996 0.0433499 0.0352497 0.0275225 0.0215692 0.0174197 0.0143886
 1.07528e-16 4.7065e-05 0.000457488 0.00304017 0.0138202 0.0429999 0.0916168 0.133723 0.133749 0.091744 0.0434275 0.0150571 0.00615199 0.0072741 0.013062 0.0217 0.0316765 0.0407162 0.0465055 0.0479452 0.045721 0.0416614 0.037448 0.0337419 0.0302604 0.0264539
 1.08728e-16 5.41058e-05 0.000525927 0.00349497 0.0158877 0.0494325 0.105322 0.153724 0.153744 0.105417 0.0497508 0.0168085 0.00581197 0.00560231 0.00974955 0.0161767 0.0236405 0.0304597 0.0349574 0.0363789 0.0353008 0.0331237 0.031072 0.0295174 0.0280437 0.0260044
 1.03727e-16 6.86359e-05 0.000667165 0.00443355 0.0201543 0.0627075 0.133605 0.195003 0.195014 0.133659 0.0628873 0.0206739 0.00573925 0.00352242 0.00550587 0.00903264 0.0130986 0.0166732 0.0187592 0.0189103 0.0174885 0.0153905 0.0134669 0.012094 0.0111513 0.0102935
 1.00848e-16 7.51037e-05 0.000730035 0.00485134 0.0220535 0.0686166 0.146195 0.213378 0.213385 0.14623 0.0687345 0.0223939 0.00570578 0.00259504 0.0036164 0.005858 0.00842741 0.0105897 0.0116517 0.0112966 0.00976907 0.00770871 0.00576675 0.00430425 0.00334494 0.0027228
 1.00738e-16 6.67898e-05 0.000649221 0.0043143 0.0196122 0.0610209 0.130012 0.18976 0.189777 0.130094 0.0612943 0.0204015 0.00629464 0.00496928 0.00826239 0.01353 0.0194282 0.0243128 0.0265558 0.0254046 0.021431 0.0161537 0.0111486 0.00733461 0.0048417 0.00333129
 1.02429e-16 5.1829e-05 0.000503797 0.00334791 0.0152191 0.0473525 0.100891 0.147259 0.147288 0.101034 0.0478353 0.0166141 0.00685056 0.00815371 0.0145907 0.0240657 0.0347219 0.0437824 0.0484376 0.0473668 0.0414939 0.0333111 0.0253516 0.0190145 0.0144238 0.0110393
 1.0355e-16 6.2316e-05 0.000605734 0.00402532 0.0182985 0.0569335 0.121304 0.177049 0.177065 0.12138 0.0571893 0.0190381 0.00588538 0.00467794 0.00783042 0.012936 0.0188372 0.0241234 0.0273868 0.0279584 0.0262593 0.0234219 0.0205131 0.0179953 0.0157511 0.0134736
 1.00819e-16 7.67711e-05 0.000746243 0.00495905 0.0225431 0.07014 0.149441 0.218114 0.21812 0.149466 0.0702252 0.0227891 0.00557679 0.00209541 0.00264095 0.0042495 0.00612607 0.00772936 0.00856482 0.00840727 0.00742922 0.0060779 0.00480022 0.00383093 0.00316745 0.00268356
 1.00106e-16 7.96384e-05 0.000774114 0.00514426 0.0233851 0.0727596 0.155022 0.22626 0.226263 0.155037 0.0728088 0.0235269 0.00550014 0.00155025 0.00155144 0.00243296 0.00348328 0.00435112 0.00473825 0.00450901 0.00376815 0.00279303 0.00187275 0.00117763 0.000733493 0.00047818
 1.00722e-16 3.67716e-05 0.000357433 0.00237527 0.0107977 0.0335958 0.0715813 0.104486 0.104537 0.0718334 0.034442 0.0132404 0.008502 0.013716 0.0253594 0.0417407 0.0598305 0.074616 0.081012 0.0766713 0.0634136 0.0460706 0.0297078 0.0173549 0.0095305 0.00519154
 1.01702e-16 7.41436e-05 0.000720702 0.00478932 0.0217715 0.0677394 0.144326 0.210649 0.210653 0.144348 0.0678131 0.0219854 0.00532945 0.001911 0.00236739 0.0038812 0.00578019 0.00767509 0.00920654 0.0101815 0.0106375 0.010729 0.0105462 0.0100396 0.00910697 0.00773825
 1.02172e-16 5.55635e-05 0.000540097 0.00358914 0.0163157 0.0507644 0.10816 0.157869 0.157897 0.108299 0.0512299 0.0176596 0.00696063 0.00789373 0.014003 0.023014 0.0330369 0.0413176 0.0450959 0.0431153 0.0363906 0.0275539 0.0193164 0.0132264 0.00943565 0.00726166
 1.02097e-16 6.82358e-05 0.000663276 0.0044077 0.0200368 0.0623419 0.132826 0.193867 0.193878 0.132883 0.0625304 0.0205819 0.00577824 0.00366272 0.00578677 0.0095159 0.0138338 0.0176702 0.0199709 0.0202306 0.0187569 0.0163988 0.0139772 0.0118819 0.0100778 0.00837457
 1.02297e-16 6.10077e-05 0.000593016 0.0039408 0.0179143 0.0557382 0.118757 0.173334 0.173355 0.118859 0.0560812 0.018905 0.00642748 0.00602146 0.0103707 0.0170488 0.0245551 0.0308834 0.0340316 0.033079 0.0287293 0.0228243 0.0172319 0.0129767 0.0101142 0.00816816
 1.0247e-16 6.41651e-05 0.000623707 0.00414475 0.0188415 0.0586229 0.124903 0.182303 0.182319 0.124981 0.0588858 0.0196013 0.00605372 0.00479666 0.00800589 0.0131768 0.0190754 0.0241953 0.0270378 0.0268992 0.0242614 0.0204158 0.0166404 0.0135895 0.0112521 0.00931091
 1.06993e-16 2.8494e-05 0.000276972 0.00184058 0.00836704 0.0260332 0.0554684 0.0809682 0.0810179 0.0557113 0.0268491 0.0107243 0.00776032 0.0132084 0.0246131 0.0407119 0.0588007 0.0742727 0.0824355 0.0811127 0.0719033 0.0590138 0.0466521 0.0370379 0.0301883 0.0250035
 1.06022e-16 6.62858e-05 0.000644321 0.00428174 0.0194642 0.0605603 0.12903 0.188325 0.188332 0.129064 0.0606727 0.0197907 0.00510833 0.00247231 0.00360719 0.00603977 0.00911853 0.0123572 0.0152879 0.0176721 0.0195648 0.0211126 0.0222746 0.0227421 0.0221325 0.0202782
 1.04499e-16 5.94726e-05 0.000578095 0.00384164 0.0174636 0.0543357 0.115769 0.168973 0.168994 0.115875 0.0546918 0.0184919 0.00642237 0.00621046 0.0107528 0.0176745 0.0254412 0.0319757 0.0352179 0.0342545 0.0298831 0.0240881 0.018851 0.0152074 0.0130986 0.0118498
 1.06977e-16 4.12744e-05 0.000401202 0.00266613 0.0121199 0.0377096 0.0803456 0.117274 0.117309 0.0805172 0.038286 0.0137858 0.00685229 0.00955431 0.0174677 0.0289245 0.0419244 0.0532669 0.059696 0.0596848 0.0542874 0.0463082 0.0385013 0.0322416 0.0274492 0.0233855
 1.05712e-16 6.39753e-05 0.000621863 0.0041325 0.0187858 0.0584495 0.124533 0.181762 0.181773 0.124587 0.0586313 0.0193122 0.00545928 0.00353566 0.00564917 0.00937296 0.0138133 0.0180399 0.0211393 0.0226834 0.0229308 0.022531 0.0219896 0.021351 0.0203065 0.0185449
 1.03681e-16 6.35031e-05 0.000617273 0.004102 0.0186471 0.0580181 0.123614 0.180422 0.18044 0.123699 0.0583018 0.0194665 0.00615909 0.00510912 0.00859814 0.0141249 0.0203695 0.0256814 0.0284306 0.0278855 0.0246528 0.0202603 0.0162248 0.0133258 0.0115098 0.0102765
 1.05986e-16 4.0484e-05 0.000393519 0.00261508 0.0118878 0.0369875 0.0788072 0.115029 0.115067 0.0789933 0.0376126 0.0136939 0.00715122 0.0103045 0.0188881 0.031227 0.0451319 0.0570726 0.0634639 0.0626369 0.055798 0.0461348 0.0368317 0.0295624 0.0243371 0.0203318
 1.09743e-16 4.93734e-05 0.000479927 0.00318929 0.014498 0.0451089 0.09611 0.140279 0.140299 0.096205 0.0454286 0.0154241 0.00552394 0.00561034 0.00989252 0.016537 0.0244286 0.0320028 0.0376692 0.0406621 0.0413861 0.0409018 0.0400111 0.0387397 0.0365591 0.0330044
 1.05816e-16 6.55986e-05 0.000637642 0.00423735 0.0192624 0.0599325 0.127693 0.186374 0.186386 0.127752 0.0601291 0.0198309 0.00566671 0.00376595 0.00603089 0.00993115 0.0144561 0.0185192 0.0210697 0.0216543 0.0206806 0.0191 0.0177634 0.0169606 0.0164257 0.0156751
 1.06159e-16 4.65057e-05 0.000452052 0.00300405 0.013656 0.042489 0.0905286 0.132136 0.13217 0.0906931 0.0430413 0.0152514 0.00700916 0.00919712 0.0166608 0.0274861 0.0396306 0.0499285 0.055189 0.0539598 0.0473954 0.0384611 0.0301346 0.0240007 0.0200549 0.0174241
 1.05196e-16 6.18598e-05 0.0006013 0.00399585 0.0181646 0.0565167 0.120415 0.175753 0.175766 0.120483 0.0567438 0.0188219 0.00565098 0.00423141 0.00700587 0.0116144 0.0170292 0.0220517 0.0254873 0.0267647 0.0262163 0.0247299 0.023079 0.0214963 0.0197569 0.0175626
pSPR Fmed_Fpbrs
1   0.984108 0.6 0.325 0.984108 0.984108 0.984108
Fs Fmed_Fpbrs
0   0.01 0.366128 0.953229 0.01 0.01 0.01
SSBpbr Bo_Bmed_Bpbrs
946080  898776  883742 520344 260172 883742 883742 883742
Ro
151512
SPR SPRFo_SPRFmed_SPRFpbrs
1.09154e+06 1.09154e+06 1.0742e+06
Fref
0
Nvult_r0
 121026 27857.5 17148.5 2575.81 1656.93
CTP_r0
 14961.1 6379.63 4111.65 619.127 398.314
YTP_r0
356530
Np
 177844 65425.2 24068.6 8854.33 4455.63
Nvult_p0
 112419 41356.6 15214.2 5597.01 2816.5
CTP_p0
 0 0 0 0 0
 0 0 0 0 0
 0 0 0 0 0
 0 0 0 0 0
 0 0 0 0 0
 0 0 0 0 0
YTP_p0
 0 0 0 0 0 0
CBA_c0
0
log_Ro
11.7484
likeval ReclasPelacesDesembMPH_pf_preclas_ppelaces_ptallas_desvR_qrecl_qpela
 39.2163 28.7487 0.0637249 75.9831 239.034 137.377 112.478 0 26.2002 3.76296e-07 2.90963e-06 0.273687 2064.58 0 0
q_reclas_q_pelaces
1.09063 1.27282
M
1
N
 181434 32454 101294 6160.91 0.245034
 88172.1 60919.8 9850.24 30381.1 1846.68
 110069 27475.2 15799.6 2500.07 8169.74
 153330 34428 7182.58 4044.05 2727.68
 128981 43332.8 7269.01 1465.35 1378.82
 189225 43696 13401.7 2224.13 869.707
 77115.8 58095 10983.6 3290.35 758.575
 37879.5 18965.7 9153.46 1642.23 603.588
 32852.4 13002.3 6029.97 2884.14 707.268
 45637.3 9074.13 2615.92 1168.75 694.629
 126217 11096.7 1395.8 381.278 270.758
 157912 42907.5 3456.97 430.392 200.935
 71908.2 44667.5 9076.24 706.67 128.804
 46800 20191.5 9303.75 1825.18 167.676
 90144.2 7958.64 1462.86 609.652 129.851
 496557 20874.7 1104.68 191.179 96.3158
 101048 136629 4166.03 212.287 55.1291
 541913 32686.7 38337 1149.55 73.7192
 291990 165164 8090.85 9259.92 295.062
 467154 81122.1 33639.9 1588.79 1872.45
 415756 139225 19154.7 7728.45 793.932
 515767 132157 37653.5 5082.84 2259.05
 93607.1 154995 31755.6 8812.61 1715.76
 318417 30685.1 44725.2 9026.89 2990.27
 298981 103365 8674.21 12439 3339.12
 125635 98378.4 30064.5 2486.6 4519.32
 259884 42495.5 30324.9 9166.58 2134.73
 330319 84628.4 12092.2 8493.17 3162.35
 127110 109360 24935.5 3514.41 3384.84
 119408 43364.2 34323.5 7749.78 2143.03
 226094 39920.7 13042.5 10195.7 2936.54
 110693 72347.9 10948.7 3512.71 3533.23
 177844 38336.4 23438.7 3519.31 2263.81
pred_Ctot
 10085.7 3646.07 12025.6 733.608 0.0291819
 8641.53 11687.3 1989.68 6153.9 374.112
 10558.4 5167.23 3129.12 496.527 1622.79
 22951.9 9696.23 2120.5 1196.96 807.444
 6493 4425.95 784.918 158.709 149.361
 20083.9 9022.37 2911.51 484.52 189.491
 16693.5 22457.3 4425.76 1328.78 306.38
 1611.83 1646.92 840.892 151.327 55.6277
 5296.78 3909.14 1898.53 910.327 223.266
 10114.4 3576.56 1074.29 481.036 285.93
 6096.13 1089.09 144.853 39.688 28.1882
 23566.9 12052.2 1017.92 127.053 59.3248
 10999 12822.2 2730.39 213.124 38.8509
 16917.2 11593.6 5503.93 1081.46 99.36
 21917.7 3383.08 646.755 270.107 57.5369
 81006.4 6340.78 351.341 60.9549 30.7131
 7790.83 20948.9 673.754 34.4315 8.94292
 59664.1 6979.99 8610.63 258.898 16.6052
 46225.4 48868.3 2507.58 2877.09 91.6888
 57039.8 19036 8294.28 392.78 462.973
 36153.4 23897.8 3465.06 1402.04 144.051
 60694.4 29989.8 8981.29 1215.65 540.369
 6506.29 21546.8 4659.41 1296.83 252.524
 23911 4589.3 7056.78 1428.4 473.247
 20133.2 13944.1 1235.3 1776.64 476.995
 6441.48 10226.8 3303.86 274.082 498.214
 19051.6 6212.9 4677.92 1418.15 330.312
 21070.7 10843.4 1636.12 1152.55 429.206
 5873.05 10283.7 2479.85 350.572 337.701
 6939.33 5083.51 4251.02 962.685 266.25
 18817.4 6576.95 2265.26 1775.88 511.566
 4118.57 5515.25 883.386 284.294 286.001
 14961.1 6379.63 4111.65 619.127 398.314
F
 0.0913326 0.192327 0.204212 0.204878 0.204913
 0.166007 0.349574 0.371176 0.372387 0.372451
 0.162232 0.341625 0.362736 0.36392 0.363982
 0.263679 0.555251 0.589563 0.591487 0.591588
 0.082407 0.173531 0.184255 0.184856 0.184888
 0.18086 0.380851 0.404386 0.405706 0.405776
 0.402676 0.847947 0.900347 0.903285 0.90344
 0.0692806 0.14589 0.154905 0.155411 0.155437
 0.286599 0.603515 0.640809 0.6429 0.643011
 0.414077 0.871957 0.92584 0.928861 0.929021
 0.0789521 0.166256 0.17653 0.177106 0.177136
 0.262794 0.553388 0.587584 0.589502 0.589603
 0.270127 0.568828 0.60398 0.60595 0.606054
 0.771625 1.62487 1.72528 1.73091 1.73121
 0.462871 0.974705 1.03494 1.03831 1.03849
 0.290427 0.611577 0.649369 0.651488 0.6516
 0.128625 0.270856 0.287594 0.288532 0.288582
 0.188165 0.396234 0.42072 0.422092 0.422165
 0.280763 0.591226 0.627761 0.62981 0.629918
 0.210565 0.443405 0.470805 0.472342 0.472423
 0.146107 0.307669 0.326681 0.327747 0.327803
 0.202262 0.425921 0.452241 0.453716 0.453794
 0.115328 0.242855 0.257863 0.258704 0.258748
 0.125096 0.263425 0.279703 0.280616 0.280664
 0.11156 0.234921 0.249438 0.250252 0.250295
 0.0839846 0.176853 0.187782 0.188395 0.188427
 0.121966 0.256834 0.272705 0.273595 0.273642
 0.105413 0.221976 0.235693 0.236462 0.236503
 0.0754187 0.158815 0.168629 0.16918 0.169209
 0.0956515 0.201421 0.213868 0.214566 0.214603
 0.139463 0.293678 0.311826 0.312843 0.312897
 0.0603563 0.127097 0.134951 0.135392 0.135415
 0.141056 0.297033 0.315388 0.316417 0.316471
YTP_r0W_actual
 112807 111324 98967.5 19391 14040.6
YTP_p0W_proyectada
 0 0 0 0 0
 0 0 0 0 0
 0 0 0 0 0
 0 0 0 0 0
 0 0 0 0 0
 0 0 0 0 0
CTP_r0_actual
 14961.1 6379.63 4111.65 619.127 398.314
CTP_p0_proyectada
 0 0 0 0 0
 0 0 0 0 0
 0 0 0 0 0
 0 0 0 0 0
 0 0 0 0 0
 0 0 0 0 0
Wmedp
 7.54 17.45 24.07 31.32 35.25
Frms_r0
 0.141056 0.297033 0.315388 0.316417 0.316471
Zrms_r0
 1.14106 1.29703 1.31539 1.31642 1.31647
nmprior
 7.29 8.9 8.7 0
nm_flota  nm_reclas  nm_pelaces    nm_pelaL
inf 11.1325 16.8956 52.3459
cv_recla  cv_pelaces  cv_mph
0.271165 0.489462 0.698901
 ------------------------------------------------
Talla a la edad & desviaci?n 
 8 13.2811 15.8009 17.003 17.5766
 0.8 1.32811 1.58009 1.7003 1.75766
