years
 1991 1992 1993 1994 1995 1996 1997 1998 1999 2000 2001 2002 2003 2004 2005 2006 2007 2008 2009 2010 2011 2012 2013 2014 2015 2016 2017 2018 2019 2020 2021 2022 2023
reclasobs
 0 0 0 0 0 0 0 0 0 252601 567819 844713 477998 351125 339783 2.1784e+06 2.13404e+06 4.81314e+06 1.55562e+06 2.62356e+06 3.21686e+06 3.843e+06 1.13348e+06 3.07943e+06 1.97215e+06 2.03268e+06 2.025e+06 2.42433e+06 2.27542e+06 1.05018e+06 2.36338e+06 3.18982e+06 1.53035e+06
reclaspred
 2.88902e+06 1.55244e+06 817246 849343 892580 1.46574e+06 734420 658233 443900 283211 560171 855308 651770 282561 480600 1.64763e+06 1.54223e+06 2.9583e+06 1.9854e+06 2.18951e+06 3.63845e+06 2.70597e+06 1.91942e+06 2.94753e+06 2.27169e+06 2.04772e+06 2.3132e+06 2.65591e+06 2.24193e+06 1.67715e+06 1.93856e+06 2.04917e+06 1.583e+06
pelacesobs
 0 0 0 0 0 0 0 0 0 0 0 0 0 0 0 552880 188675 0 991730 2.46772e+06 1.41603e+06 1.21717e+06 2.29649e+06 1.80582e+06 0 1.4828e+06 1.56532e+06 1.57751e+06 1.42118e+06 867257 1.10002e+06 1.06204e+06 0
pelacespred
 1.4743e+06 859937 432646 381270 442092 759313 310555 398618 234731 135388 303685 402432 323956 126283 254327 764271 720658 1.5919e+06 1.0465e+06 1.0202e+06 1.82545e+06 1.43184e+06 1.02535e+06 1.76369e+06 1.26139e+06 1.15124e+06 1.50537e+06 1.53774e+06 1.17628e+06 1.00536e+06 1.00106e+06 1.0971e+06 856142
mphobs
 0 0 0 0 0 0 0 0 0 0 0 0 498337 0 5186 125008 0 168611 109162 213762 579715 649985 157893 87575 83554 210694 70296 0 107559 103333 445601 22526 28222
mphpred
 513896 351498 165408 97078 107179 132625 164860 79023.1 74204.4 42155.6 25512.6 83416.9 108338 52162.7 16922.3 48393.7 233731 208878 320870 289807 511504 543363 107508 80781.8 122728 101653 87585.9 91552 137900 104465 65305.2 93340.4 64652.8
desembarqueobs
 494567 514787 250237 358949 120608 361735 552515 73892 212993 205616 52469 317467 293654 387597 252695 516296 358380 742168 942051 627588 828172 859565 418607 520667 417249 300574 415391 372974 316634 284311 391294 218835 356480
desembarquepred
 494567 513915 250636 359019 120617 361765 552582 73900.3 213087 205698 52471.1 317485 293806 387806 252594 516192 358465 742126 941864 627288 828350 859636 418660 520721 417214 300577 415406 372927 316593 284237 391224 218863 356538
Reclutas
 170915 82484.8 97019.9 127935 111206 181598 68869.1 32279.4 29726.2 40819.6 102575 147578 67797.8 46767.6 78036.7 420876 79512.2 478959 247097 412428 347617 454992 75911.9 262793 252030 101569 212701 273893 104950 99551.5 187039 87798.3 142813
log_desv_Rt
 0.268923 -0.45963 -0.297329 -0.0207254 -0.160858 0.329553 -0.640038 -1.39782 -1.48021 -1.16308 -0.241652 0.122114 -0.655715 -1.02705 -0.515065 1.17009 -0.496334 1.29937 0.637536 1.14982 0.978857 1.24804 -0.542672 0.699122 0.657305 -0.251504 0.487641 0.740492 -0.218762 -0.271569 0.359072 -0.397202 0.0892894
SSB
 1.65923e+06 1.13489e+06 534057 313439 346054 428209 532289 255145 239586 136109 82373.4 269331 332116 163071 52185.8 150765 754655 674412 1.07371e+06 632390 1.14365e+06 1.28172e+06 1.11509e+06 807620 1.14423e+06 1.00594e+06 817517 820531 1.2816e+06 912642 654837 951491 613206
BT
 2.44175e+06 1.6767e+06 831031 812586 699865 1.34178e+06 921718 609194 535025 378834 459259 811306 702342 567936 598194 1.46329e+06 1.26434e+06 2.82612e+06 2.34342e+06 1.93054e+06 3.13613e+06 2.78527e+06 1.76623e+06 2.89705e+06 2.11797e+06 1.83579e+06 2.48283e+06 2.46116e+06 1.87013e+06 1.64729e+06 1.71748e+06 1.67422e+06 1.49029e+06
Ftot
 0.268424 0.488011 0.480002 0.791746 0.248615 0.499463 1.13139 0.203164 0.852841 1.30327 0.238187 0.746497 0.763611 2.30275 1.36403 0.837197 0.384888 0.551277 0.829983 0.62335 0.429766 0.594149 0.342111 0.373112 0.330824 0.247495 0.362974 0.308828 0.220254 0.283503 0.414408 0.178653 0.427787
BD_Bspro_t
 0.958444 0.745443 0.525609 0.438624 0.440724 0.542399 0.514409 0.307819 0.369992 0.2876 0.247312 0.593526 0.499094 0.285089 0.122025 0.282748 0.539961 0.48861 0.540266 0.394824 0.486987 0.508387 0.507624 0.469816 0.589778 0.614369 0.614039 0.640958 0.720068 0.653726 0.60528 0.66235 0.657408
BD_Bspro
 1.76329 1.20607 0.56755 0.333096 0.367756 0.455064 0.565671 0.271146 0.254612 0.144645 0.0875394 0.286222 0.352945 0.173298 0.0554586 0.16022 0.801983 0.716708 1.14104 0.672051 1.21538 1.36211 1.18502 0.85827 1.21599 1.06903 0.868787 0.871991 1.36197 0.969878 0.695905 1.01116 0.651663
BD_Bo
 2.33113 1.59446 0.750318 0.440363 0.486185 0.601609 0.747834 0.358463 0.336605 0.191225 0.11573 0.378394 0.466604 0.229106 0.073318 0.211816 1.06025 0.94751 1.50849 0.888471 1.60677 1.80075 1.56664 1.13466 1.60757 1.41329 1.14856 1.1528 1.80057 1.28221 0.920007 1.33679 0.861518
BD_Brms
 2.49522 1.7067 0.803135 0.471362 0.520409 0.643957 0.800476 0.383696 0.360299 0.204686 0.123876 0.40503 0.499449 0.245233 0.078479 0.226726 1.13488 1.01421 1.61468 0.951013 1.71987 1.92751 1.67692 1.21453 1.72073 1.51278 1.22941 1.23395 1.92731 1.37247 0.984769 1.43089 0.922162
Sel_flota
 0.434435 0.935876 0.996407 0.99981 0.99999
 0.434435 0.935876 0.996407 0.99981 0.99999
 0.434435 0.935876 0.996407 0.99981 0.99999
 0.434435 0.935876 0.996407 0.99981 0.99999
 0.434435 0.935876 0.996407 0.99981 0.99999
 0.434435 0.935876 0.996407 0.99981 0.99999
 0.434435 0.935876 0.996407 0.99981 0.99999
 0.434435 0.935876 0.996407 0.99981 0.99999
 0.434435 0.935876 0.996407 0.99981 0.99999
 0.434435 0.935876 0.996407 0.99981 0.99999
 0.434435 0.935876 0.996407 0.99981 0.99999
 0.434435 0.935876 0.996407 0.99981 0.99999
 0.434435 0.935876 0.996407 0.99981 0.99999
 0.434435 0.935876 0.996407 0.99981 0.99999
 0.434435 0.935876 0.996407 0.99981 0.99999
 0.434435 0.935876 0.996407 0.99981 0.99999
 0.434435 0.935876 0.996407 0.99981 0.99999
 0.434435 0.935876 0.996407 0.99981 0.99999
 0.434435 0.935876 0.996407 0.99981 0.99999
 0.434435 0.935876 0.996407 0.99981 0.99999
 0.434435 0.935876 0.996407 0.99981 0.99999
 0.434435 0.935876 0.996407 0.99981 0.99999
 0.434435 0.935876 0.996407 0.99981 0.99999
 0.434435 0.935876 0.996407 0.99981 0.99999
 0.434435 0.935876 0.996407 0.99981 0.99999
 0.434435 0.935876 0.996407 0.99981 0.99999
 0.434435 0.935876 0.996407 0.99981 0.99999
 0.434435 0.935876 0.996407 0.99981 0.99999
 0.434435 0.935876 0.996407 0.99981 0.99999
 0.434435 0.935876 0.996407 0.99981 0.99999
 0.434435 0.935876 0.996407 0.99981 0.99999
 0.434435 0.935876 0.996407 0.99981 0.99999
 0.434435 0.935876 0.996407 0.99981 0.99999
Sel_reclas
 1 1 1 1 1
 1 1 1 1 1
 1 1 1 1 1
 1 1 1 1 1
 1 1 1 1 1
 1 1 1 1 1
 1 1 1 1 1
 1 1 1 1 1
 1 1 1 1 1
 1 1 1 1 1
 1 1 1 1 1
 1 1 1 1 1
 1 1 1 1 1
 1 1 1 1 1
 1 1 1 1 1
 1 1 1 1 1
 1 1 1 1 1
 1 1 1 1 1
 1 1 1 1 1
 1 1 1 1 1
 1 1 1 1 1
 1 1 1 1 1
 1 1 1 1 1
 1 1 1 1 1
 1 1 1 1 1
 1 1 1 1 1
 1 1 1 1 1
 1 1 1 1 1
 1 1 1 1 1
 1 1 1 1 1
 1 1 1 1 1
 1 1 1 1 1
 1 1 1 1 1
Sel_pelaces
 1 1 1 1 1
 1 1 1 1 1
 1 1 1 1 1
 1 1 1 1 1
 1 1 1 1 1
 1 1 1 1 1
 1 1 1 1 1
 1 1 1 1 1
 1 1 1 1 1
 1 1 1 1 1
 1 1 1 1 1
 1 1 1 1 1
 1 1 1 1 1
 1 1 1 1 1
 1 1 1 1 1
 1 1 1 1 1
 1 1 1 1 1
 1 1 1 1 1
 1 1 1 1 1
 1 1 1 1 1
 1 1 1 1 1
 1 1 1 1 1
 1 1 1 1 1
 1 1 1 1 1
 1 1 1 1 1
 1 1 1 1 1
 1 1 1 1 1
 1 1 1 1 1
 1 1 1 1 1
 1 1 1 1 1
 1 1 1 1 1
 1 1 1 1 1
 1 1 1 1 1
pf_obs 
 0.8446 0.082 0.0669 0.0065 0
 0.8095 0.147 0.0364 0.0071 0
 0.9664 0.0169 0.016 0.0007 0
 0.9276 0.0648 0.0075 0.0001 0
 0.7033 0.2144 0.0806 0.0017 0
 0.9318 0.0425 0.0243 0.0014 0
 0.5671 0.3108 0.0964 0.0239 0.0018
 0.0768 0.2599 0.5324 0.112 0.0189
 0.490249 0.384438 0.106611 0.0170017 0.00170017
 0.7925 0.1577 0.0466 0.003 0.0002
 0.840416 0.127587 0.0312969 0.00059994 9.999e-05
 0.8084 0.0986 0.0794 0.0134 0.0002
 0.7335 0.1905 0.0724 0.0035 0.0001
 0.4001 0.4547 0.1325 0.0127 0
 0.49795 0.308269 0.164784 0.0264974 0.00249975
 0.9179 0.0499 0.0305 0.0017 0
 0.2467 0.6533 0.0926 0.0074 0
 0.9418 0.0223 0.034 0.0019 0
 0.707729 0.231977 0.0356964 0.0245975 0
 0.517169 0.277429 0.184464 0.0207286 0.00020938
 0.811772 0.124168 0.05621 0.00726502 0.000585176
 0.764997 0.148141 0.077277 0.00933861 0.000247198
 0.163321 0.427699 0.378323 0.0303852 0.000271297
 0.753843 0.0900009 0.118128 0.0371064 0.000921714
 0.721811 0.176058 0.0630433 0.0369309 0.00215725
 0.143369 0.312575 0.442814 0.0836902 0.0175525
 0.692698 0.0596174 0.167031 0.0765114 0.00414204
 0.394062 0.376323 0.152708 0.0712218 0.00568511
 0.125707 0.32114 0.495352 0.0537591 0.00404204
 0.23352 0.215282 0.420074 0.123614 0.00750983
 0.796117 0.104755 0.0508955 0.0450114 0.00322123
 0.162477 0.292055 0.404252 0.121198 0.0200186
 0 0 0 0 0
pf_pred 
 0.423299 0.153181 0.396118 0.0274013 1.13161e-06
 0.322267 0.427875 0.0698296 0.168422 0.0116066
 0.520136 0.257949 0.144252 0.0217723 0.0558902
 0.634084 0.266418 0.05545 0.0286772 0.0153705
 0.572307 0.35172 0.0566763 0.0107779 0.00851833
 0.654783 0.258603 0.0720933 0.0108431 0.00367746
 0.375107 0.514567 0.0842714 0.0217027 0.00435197
 0.392552 0.389514 0.182711 0.0269419 0.00828111
 0.468356 0.31456 0.142575 0.0625044 0.0120046
 0.692395 0.219307 0.0542669 0.0223909 0.0116404
 0.837393 0.142839 0.0145482 0.00321606 0.00200403
 0.680904 0.293499 0.0226709 0.00215546 0.000770438
 0.439992 0.474879 0.0788412 0.00557153 0.000715493
 0.540119 0.312603 0.126567 0.0191886 0.00152247
 0.860786 0.118474 0.0148155 0.00509793 0.000826651
 0.93208 0.0647208 0.00276851 0.000308218 0.000122456
 0.264946 0.715501 0.0187098 0.000729723 0.000112931
 0.819517 0.0819238 0.0961204 0.00233372 0.000104677
 0.47082 0.487077 0.0199613 0.0215969 0.000545434
 0.705929 0.207217 0.0805244 0.00300897 0.00332078
 0.565994 0.372799 0.0441789 0.0157922 0.00123552
 0.627697 0.281032 0.079229 0.00870203 0.00333998
 0.190845 0.653878 0.119541 0.0310406 0.00469626
 0.657166 0.12036 0.182252 0.0309937 0.00922869
 0.55529 0.365129 0.0292986 0.0412216 0.00906043
 0.313543 0.507875 0.148526 0.0110928 0.018962
 0.615189 0.194447 0.143341 0.0391348 0.00788829
 0.615367 0.303976 0.0422484 0.0289501 0.00945876
 0.311878 0.539304 0.119367 0.0154552 0.0139954
 0.410876 0.294592 0.234182 0.0484434 0.0119068
 0.642126 0.220557 0.0710999 0.0526905 0.013526
 0.373278 0.507459 0.0756494 0.0226272 0.0209857
 0.577074 0.239018 0.150788 0.0210374 0.0120833
pobs_RECLAS
 0 0 0 0 0
 0 0 0 0 0
 0 0 0 0 0
 0 0 0 0 0
 0 0 0 0 0
 0 0 0 0 0
 0 0 0 0 0
 0 0 0 0 0
 0 0 0 0 0
 0 0 0 0 0
 0.991045 0.00858322 0.000360255 1.14367e-05 0
 0.934742 0.0480273 0.0164251 0.00080598 0
 0.827803 0.169806 0.00239088 0 0
 0.941827 0.0461693 0.0120037 0 0
 0.791401 0.0380133 0.147996 0.0225897 0
 0.846168 0.0940531 0.0597789 0 0
 0.134021 0.677848 0.182769 0.00536245 0
 0.80878 0.0450904 0.141981 0.00414843 0
 0.846168 0.0940531 0.0597789 0 0
 0.905697 0.0802665 0.012482 0.00150086 5.37128e-05
 0.989698 0.0102097 9.19794e-05 0 0
 0.975433 0.0193895 0.00387452 0.00125025 5.28907e-05
 0.303575 0.632131 0.0575291 0.00676475 0
 0.966965 0.00978017 0.0227588 0.000495775 0
 0.843318 0.132988 0.00938335 0.0141283 0.000182051
 0.564624 0.303363 0.111486 0.0197234 0.00080311
 0.826376 0.0876187 0.0782897 0.00655872 0.00115652
 0.89761 0.0855135 0.0140674 0.00269457 0.000114338
 0.34875 0.467042 0.161289 0.0227151 0.000203297
 0.318654 0.224769 0.449479 0.00709798 0
 0.937255 0.0296025 0.0250945 0.00804832 0
 0.456809 0.399803 0.12412 0.0192676 0
 0.883104 0.0372192 0.0704036 0.00927362 0
ppred_RECLAS
 0.62672 0.10392 0.251989 0.0173702 7.17219e-07
 0.518816 0.311418 0.0475695 0.11432 0.00787672
 0.711878 0.159692 0.0835926 0.0125714 0.0322651
 0.799815 0.148523 0.0288403 0.014859 0.00796257
 0.746844 0.210544 0.0318177 0.00602954 0.00476457
 0.810173 0.144547 0.0377125 0.00565164 0.0019164
 0.586522 0.344866 0.0524596 0.0134555 0.00269762
 0.589755 0.269086 0.118412 0.0174 0.00534723
 0.673365 0.19886 0.0840304 0.0366977 0.00704672
 0.845252 0.112758 0.0258493 0.010621 0.00552032
 0.918744 0.0719284 0.00687101 0.00151362 0.000943012
 0.828662 0.158445 0.0114245 0.00108212 0.000386711
 0.64182 0.306856 0.0475462 0.00334733 0.000429777
 0.765192 0.164413 0.0605401 0.00913031 0.000724221
 0.937284 0.0539801 0.00624787 0.00214074 0.000347052
 0.96901 0.0296254 0.00118168 0.000131054 5.20574e-05
 0.442383 0.5437 0.0133192 0.000517633 8.00932e-05
 0.912715 0.0410707 0.0450751 0.00109041 4.88996e-05
 0.670042 0.30539 0.0116712 0.0125794 0.000317631
 0.845356 0.111121 0.0403626 0.00150269 0.00165809
 0.74359 0.22227 0.0246668 0.0087859 0.000687243
 0.792455 0.15922 0.04197 0.00459286 0.00176247
 0.34353 0.537048 0.0920121 0.0238081 0.00360134
 0.814484 0.0679375 0.0963836 0.0163329 0.00486237
 0.734529 0.220525 0.0165848 0.0232517 0.00510972
 0.503028 0.373785 0.102517 0.00762984 0.01304
 0.783666 0.112879 0.0779689 0.0212116 0.00427476
 0.780088 0.176168 0.0229522 0.0156724 0.00511963
 0.500022 0.397231 0.0824715 0.0106409 0.00963413
 0.611343 0.200678 0.14957 0.0308319 0.00757672
 0.802018 0.125139 0.0377825 0.0278999 0.00716076
 0.566974 0.354874 0.0496376 0.0147955 0.0137196
 0.755651 0.142056 0.0839255 0.0116672 0.00670007
pobs_PELACES
 0 0 0 0 0
 0 0 0 0 0
 0 0 0 0 0
 0 0 0 0 0
 0 0 0 0 0
 0 0 0 0 0
 0 0 0 0 0
 0 0 0 0 0
 0 0 0 0 0
 0 0 0 0 0
 0 0 0 0 0
 0 0 0 0 0
 0 0 0 0 0
 0 0 0 0 0
 0 0 0 0 0
 0 0 0 0 0
 0.505614 0.472636 0.0217494 0 0
 0 0 0 0 0
 0.443492 0.261883 0.143347 0.151278 0
 0.227955 0.32914 0.350689 0.0885471 0.00366901
 0.970185 0.0296113 0.000203453 0 0
 0.997202 0.00247181 0.000326279 0 0
 0.445219 0.490057 0.0546422 0.010081 0
 0.90214 0.0892962 0.00764917 0.000914606 0
 0 0 0 0 0
 0.581667 0.319106 0.0959925 0.00289975 0.000334073
 0.762889 0.0836404 0.116647 0.0363945 0.000428098
 0.88444 0.0763242 0.0277011 0.0115352 0
 0.521256 0.241999 0.230069 0.00667565 0
 0.616807 0.101726 0.260614 0.0208532 0
 0.833518 0.0704572 0.0857862 0.0102388 0
 0.697417 0.212968 0.0787535 0.0105354 0.000325836
 0 0 0 0 0
ppred_PELACES
 0.637948 0.101186 0.244047 0.0168177 6.94395e-07
 0.539821 0.298888 0.0452127 0.108596 0.00748215
 0.728752 0.150995 0.0782857 0.011767 0.0301996
 0.820584 0.133668 0.0255486 0.0131513 0.00704715
 0.7547 0.204183 0.0307036 0.0058168 0.00459639
 0.822908 0.135173 0.0349166 0.00522971 0.00177327
 0.631948 0.308135 0.0458248 0.0117388 0.00235329
 0.598201 0.263917 0.115667 0.0169927 0.00522202
 0.705022 0.180805 0.0751104 0.0327708 0.00629235
 0.87221 0.0937823 0.0209468 0.00859406 0.00446647
 0.921678 0.0693694 0.0065951 0.00145245 0.000904891
 0.845642 0.142903 0.0101513 0.00096072 0.000343312
 0.670802 0.282643 0.0431316 0.00303393 0.00038952
 0.828649 0.121632 0.042774 0.00643426 0.000510299
 0.949497 0.0436345 0.00491468 0.00168136 0.000272557
 0.97293 0.0258972 0.00101584 0.000112555 4.47073e-05
 0.458194 0.528384 0.0128448 0.000498983 7.72058e-05
 0.920143 0.037795 0.0410258 0.000991835 4.44777e-05
 0.699933 0.278075 0.0104525 0.0112555 0.000284187
 0.858791 0.101823 0.0365277 0.00135897 0.00149944
 0.757126 0.21078 0.0231917 0.00825653 0.000645819
 0.80859 0.147249 0.0383566 0.00419464 0.0016096
 0.356695 0.526939 0.0896653 0.0231919 0.00350807
 0.824323 0.0646415 0.0910265 0.0154186 0.00459008
 0.745285 0.211834 0.0158263 0.02218 0.00487412
 0.513572 0.366307 0.0999703 0.00743825 0.0127124
 0.794249 0.107734 0.0738777 0.0200904 0.00404871
 0.788939 0.16929 0.0219205 0.0149627 0.00488772
 0.509361 0.390168 0.0806494 0.0104033 0.00941882
 0.62308 0.195157 0.144634 0.0298049 0.00732421
 0.813156 0.118468 0.0354735 0.0261827 0.00671985
 0.574377 0.349035 0.0486471 0.0144973 0.013443
 0.769125 0.134707 0.078907 0.0109643 0.00629624
pobs_pel_tallas
 0 0 0 0 0 0 0 0 0 0 0 0 0 0 0 0 0 0 0 0 0 0 0 0 0 0
 0 0 0 0 0 0 0 0 0 0 0 0 0 0 0 0 0 0 0 0 0 0 0 0 0 0
 0 0 0 0 0 0 0 0 0 0 0 0 0 0 0 0 0 0 0 0 0 0 0 0 0 0
 0 0 0 0 0 0 0 0 0 0 0 0 0 0 0 0 0 0 0 0 0 0 0 0 0 0
 0 0 0 0 0 0 0 0 0 0 0 0 0 0 0 0 0 0 0 0 0 0 0 0 0 0
 0 0 0 0 0 0 0 0 0 0 0 0 0 0 0 0 0 0 0 0 0 0 0 0 0 0
 0 0 0 0 0 0 0 0 0 0 0 0 0 0 0 0 0 0 0 0 0 0 0 0 0 0
 0 0 0 0 0 0 0 0 0 0 0 0 0 0 0 0 0 0 0 0 0 0 0 0 0 0
 0 0 0 0 0 0 0 0 0 0 0 0 0 0 0 0 0 0 0 0 0 0 0 0 0 0
 0 0 0 0 0 0 0 0 0 0 0 0 0 0 0 0 0 0 0 0 0 0 0 0 0 0
 0 0 0 0 0 0 0 0 0 0 0 0 0 0 0 0 0 0 0 0 0 0 0 0 0 0
 0 0 0 0 0 0 0 0 0 0 0 0 0 0 0 0 0 0 0 0 0 0 0 0 0 0
 0.00862536 0 0 0.000197151 0.00414017 0.0128641 0.00837892 0.0270097 0.101434 0.158115 0.152841 0.127902 0.109271 0.109419 0.0830992 0.0579132 0.0238553 0.00714673 0.00463305 0.00128148 0.00103504 0.000492878 0.000147863 0.000147863 4.92878e-05 0
 0 0 0 0 0 0 0 0 0 0 0 0 0 0 0 0 0 0 0 0 0 0 0 0 0 0
 0 0 0 0 0 0 0 0.0054083 0.00873648 0.0413646 0.0450493 0.0745869 0.0622846 0.0627006 0.0613931 0.0827291 0.12552 0.122667 0.0946155 0.0697135 0.0546179 0.0294188 0.0215738 0.0213955 0.0102223 0.00600262
 0 0 0 0 0.00359764 0.0251062 0.0480494 0.140153 0.205849 0.193036 0.1447 0.116669 0.0760912 0.0342217 0.00950174 0.001854 0.000860785 0 0 0 0.000165536 0 0.000143464 0 0 0
 0 0 0 0 0 0 0 0.000145254 0.000435761 0.0275982 0.070085 0.0708112 0.156366 0.174668 0.174014 0.160142 0.0824315 0.0480064 0.0283245 0.00493863 0.00203355 0 0 0 0 0
 0 0 0 0 0 0 0 0 0 0 0 0 0 0 0 0 0 0 0 0 0 0 0 0 0 0
 0 0 1.00437e-05 0.000401748 0.00122533 0.00171747 0.00176769 0.0269171 0.070346 0.194647 0.189555 0.159765 0.064822 0.0314167 0.0384472 0.0292271 0.0345202 0.0313363 0.0194345 0.0106764 0.0143323 0.0359363 0.0279516 0.0138201 0.00172751 0
 0 0.0021121 0.0136068 0.0755702 0.200478 0.177729 0.0527432 0.0373336 0.0318909 0.0142505 0.0149659 0.0166563 0.0217959 0.0798694 0.0677717 0.0528807 0.04013 0.0224614 0.0357745 0.0225083 0.00881397 0.00855152 0.00135912 0.000746735 0 0
 0 0 0 0 5.4009e-05 0.00500934 0.000945158 0.0243581 0.138947 0.33067 0.221406 0.137944 0.0707744 0.0437923 0.0131692 0.00525238 0.0047753 0.00276346 9.45158e-05 9.00151e-06 2.25038e-05 9.00151e-06 4.50075e-06 0 0 0
 0.000866109 0.00284123 0.00948549 0.0512746 0.133035 0.25785 0.225252 0.132002 0.0553304 0.0519788 0.0540692 0.017754 0.00435017 0.00159236 0.00146478 0.000404838 0.000125132 0.000115318 0.000107957 0.000100596 0 0 0 0 0 0
 0 0 0 0 0.00144013 0.00171154 0.00461396 0.0210425 0.0478622 0.0707936 0.0888783 0.103762 0.0637923 0.0337046 0.0602308 0.124433 0.169614 0.0934646 0.0462172 0.0250306 0.0313229 0.00938855 0.002487 0.000210481 0 0
 0 0.00764035 0.051015 0.0998891 0.058973 0.0496711 0.0374665 0.0718981 0.12319 0.153886 0.159021 0.0857701 0.0377988 0.023471 0.0147837 0.00900784 0.00315554 0.000888139 0.00291439 0.00214683 0.00393193 0.00274676 0.000635225 9.99891e-05 0 0
 0 0 0 0 0 0 0 0 0 0 0 0 0 0 0 0 0 0 0 0 0 0 0 0 0 0
 0 0 0 0 0 0 0 0 0 0 0 0 0 0 0 0 0 0 0 0 0 0 0 0 0 0
 0 0 0 0 0 0 0 0 0 0 0 0 0 0 0 0 0 0 0 0 0 0 0 0 0 0
 0 0 0 0 0 0 0 0 0 0 0 0 0 0 0 0 0 0 0 0 0 0 0 0 0 0
 0 0 0 0 0 0 0 0 0 0 0 0 0 0 0 0 0 0 0 0 0 0 0 0 0 0
 0 0 0 0 0 0 0 0 0 0 0 0 0 0 0 0 0 0 0 0 0 0 0 0 0 0
 0 0 0 0 0 0 0 0 0 0 0 0 0 0 0 0 0 0 0 0 0 0 0 0 0 0
 0 0 0 0 0 0 0 0 0 0 0 0 0 0 0 0 0 0 0 0 0 0 0 0 0 0
 0 0 0 0 0 0 0 0 0 0 0 0 0 0 0 0 0 0 0 0 0 0 0 0 0 0
ppred_pel_tallas
 1.08756e-16 5.25469e-05 0.000510775 0.00339428 0.0154299 0.0480082 0.102287 0.149293 0.149303 0.102337 0.0481757 0.0159183 0.0046374 0.00328145 0.00548101 0.0094112 0.0145582 0.0203972 0.026351 0.0320293 0.0372364 0.0416721 0.0446588 0.0452676 0.0428363 0.0374728
 1.13539e-16 4.44644e-05 0.00043221 0.00287219 0.0130566 0.040624 0.0865547 0.126335 0.126364 0.0866957 0.0410975 0.0144249 0.00630937 0.00794456 0.0143399 0.0237163 0.0343641 0.0436868 0.0491167 0.0495937 0.0462423 0.0415935 0.0379541 0.0361815 0.0356065 0.0348494
 1.08589e-16 6.00264e-05 0.000583478 0.00387742 0.0176262 0.0548417 0.116847 0.170544 0.170559 0.116918 0.0550825 0.0183229 0.00563103 0.00442748 0.00740742 0.0122749 0.0179702 0.0232227 0.0267784 0.0280745 0.0275441 0.0262324 0.0250478 0.0242558 0.0235264 0.022345
 1.03284e-16 6.75905e-05 0.000657004 0.00436602 0.0198473 0.0617524 0.13157 0.192034 0.192047 0.131634 0.0619641 0.0204589 0.005902 0.00401267 0.00644852 0.0105751 0.0152794 0.0193288 0.0215202 0.0213133 0.0191496 0.0161385 0.0133669 0.0113709 0.0100804 0.0091161
 1.023e-16 6.21637e-05 0.000604253 0.00401548 0.0182538 0.0567944 0.121007 0.176618 0.176637 0.121103 0.0571173 0.0191866 0.00635711 0.00571655 0.00977281 0.0160619 0.0231408 0.0291192 0.0321124 0.0312507 0.027189 0.0216518 0.0163909 0.0123715 0.0096559 0.00780993
 1.01867e-16 6.77819e-05 0.000658864 0.00437838 0.0199035 0.0619272 0.131943 0.192577 0.19259 0.132007 0.0621415 0.0205227 0.00593384 0.00405836 0.00653552 0.0107271 0.0155155 0.0196548 0.0219178 0.0217293 0.0194881 0.01626 0.0131049 0.0105729 0.00866464 0.00711957
 1.02977e-16 5.20528e-05 0.000505972 0.00336236 0.0152848 0.0475569 0.101326 0.147895 0.147924 0.101471 0.0480443 0.0166925 0.00689598 0.00822053 0.0147052 0.0242332 0.0349148 0.043929 0.0484313 0.0471048 0.040933 0.0325122 0.0244821 0.0183005 0.0140695 0.011152
 1.05994e-16 4.92731e-05 0.000478952 0.00318281 0.0144686 0.0450173 0.0959151 0.139996 0.140022 0.09604 0.0454372 0.0156831 0.00623739 0.007167 0.0128093 0.0212501 0.0309602 0.0396703 0.0450741 0.0460713 0.0433439 0.0387378 0.0339916 0.0298589 0.0261532 0.0223845
 1.06566e-16 5.80717e-05 0.000564478 0.00375116 0.0170522 0.0530559 0.113042 0.164991 0.165009 0.113127 0.0533436 0.0178844 0.00584444 0.00514858 0.00880692 0.0145808 0.0212665 0.0273131 0.0311769 0.0321548 0.0307649 0.0282992 0.0259217 0.0240483 0.0223851 0.0204092
 1.02247e-16 7.18428e-05 0.000698338 0.0046407 0.021096 0.0656374 0.139848 0.204114 0.204123 0.139892 0.065786 0.0215254 0.00571934 0.00305551 0.00455599 0.00743814 0.0107556 0.0136282 0.0152128 0.0151279 0.0136742 0.0116137 0.00969077 0.00826889 0.00729864 0.00652829
 1.00507e-16 7.59174e-05 0.000737944 0.0049039 0.0222924 0.06936 0.147779 0.215689 0.215696 0.147812 0.0694696 0.0226089 0.005698 0.00247063 0.00336412 0.00543494 0.00780664 0.00978491 0.0107185 0.0103087 0.00878467 0.00675031 0.00482745 0.0033714 0.00242153 0.00183327
 1.00485e-16 6.96544e-05 0.000677066 0.00449934 0.0204534 0.0636381 0.135588 0.197898 0.197911 0.135655 0.0638637 0.0211048 0.00613371 0.00424209 0.00683198 0.0111625 0.0160214 0.0200373 0.0218623 0.0208735 0.0175439 0.0131319 0.00894623 0.00575499 0.00367341 0.00242601
 1.01688e-16 5.52531e-05 0.00053708 0.00356909 0.0162246 0.0504808 0.107556 0.156986 0.157014 0.107689 0.0509278 0.0175157 0.00680995 0.00761205 0.0134921 0.0222176 0.0319979 0.0402291 0.0442858 0.0429397 0.0370733 0.0290589 0.0213303 0.0152664 0.0110278 0.00810464
 1.01998e-16 6.82547e-05 0.00066346 0.00440893 0.0200424 0.0623593 0.132863 0.193921 0.193932 0.132921 0.0625525 0.0206008 0.00581272 0.00373433 0.00591905 0.0097259 0.0141166 0.017986 0.0202472 0.0203849 0.0187312 0.0161862 0.0136243 0.0114681 0.00968198 0.00804863
 1.00368e-16 7.82088e-05 0.000760218 0.00505191 0.0229653 0.0714535 0.152239 0.222199 0.222203 0.15226 0.0715224 0.0231644 0.00555174 0.00185105 0.00214904 0.00342676 0.00492352 0.00618033 0.00678773 0.00655879 0.00563636 0.00439592 0.00322162 0.00232917 0.00173744 0.0013538
 1.00055e-16 8.01389e-05 0.000778979 0.00517659 0.023532 0.0732169 0.155996 0.227682 0.227684 0.156009 0.0732577 0.02365 0.00547247 0.00142418 0.00130338 0.00202236 0.00289241 0.00360943 0.00392374 0.00372202 0.00309176 0.00226511 0.00148487 0.000895425 0.0005204 0.000309026
 1.00569e-16 3.7741e-05 0.000366856 0.00243789 0.0110823 0.0344815 0.0734683 0.10724 0.107291 0.0737166 0.0353149 0.0134881 0.00847183 0.0135223 0.0249731 0.0410965 0.0588932 0.0734177 0.0796561 0.0752947 0.0621324 0.0449437 0.0287393 0.0165233 0.0088178 0.00459347
 1.01301e-16 7.5791e-05 0.000736715 0.00489573 0.0222553 0.0692445 0.147533 0.215329 0.215333 0.147551 0.0693054 0.0224319 0.00534171 0.00171894 0.00196643 0.00319639 0.00474868 0.00628489 0.00750264 0.0082413 0.00853691 0.00852936 0.00830991 0.00785361 0.00708475 0.00599338
 1.0155e-16 5.76526e-05 0.000560404 0.00372408 0.0169292 0.052673 0.112226 0.163803 0.16383 0.112357 0.0531118 0.018196 0.00690194 0.0074907 0.0131991 0.0216765 0.0310969 0.038849 0.042318 0.0403103 0.0337826 0.0252301 0.0172374 0.0113025 0.00760605 0.00552959
 1.01471e-16 7.07375e-05 0.000687594 0.0045693 0.0207714 0.0646276 0.137696 0.200974 0.200984 0.137744 0.0647893 0.0212389 0.00574441 0.0032581 0.00496787 0.00814048 0.011811 0.0150406 0.0169138 0.0169933 0.0155514 0.0133397 0.0110957 0.00918783 0.00760784 0.00619529
 1.01661e-16 6.23635e-05 0.000606195 0.00402838 0.0183125 0.0569769 0.121396 0.177185 0.177206 0.121495 0.05731 0.0192744 0.00644263 0.00587493 0.010064 0.0165271 0.0237737 0.0298372 0.032757 0.0316299 0.0271458 0.0211201 0.0154116 0.0110669 0.00818203 0.00631341
 1.01838e-16 6.66025e-05 0.0006474 0.0043022 0.0195572 0.0608498 0.129647 0.189227 0.189241 0.129717 0.0610832 0.0202317 0.00599658 0.00435046 0.00711168 0.0116835 0.0168976 0.021401 0.023854 0.0236267 0.0211491 0.0175801 0.014076 0.0112435 0.00909563 0.0073633
 1.05642e-16 2.93806e-05 0.00028559 0.00189785 0.00862739 0.0268433 0.0571943 0.0834874 0.0835382 0.0574426 0.0276771 0.011036 0.00794496 0.0134905 0.0251199 0.0415129 0.0598705 0.07544 0.0833822 0.0814514 0.0713068 0.0573308 0.043955 0.0335907 0.0263626 0.0211828
 1.04967e-16 6.78984e-05 0.000659997 0.00438591 0.0199377 0.0620337 0.13217 0.192907 0.192913 0.132201 0.0621387 0.0202426 0.00515764 0.00236587 0.00336989 0.00562633 0.00847853 0.0114576 0.0141138 0.0162135 0.017803 0.0190258 0.0198652 0.020067 0.019314 0.0174853
 1.03561e-16 6.13882e-05 0.000596715 0.00396538 0.0180261 0.0560859 0.119498 0.174415 0.174435 0.119597 0.0564206 0.0189925 0.00639056 0.00588882 0.0101064 0.016597 0.0238741 0.0299715 0.0329408 0.0319128 0.0276316 0.021968 0.016804 0.0131455 0.0109767 0.00969889
 1.05876e-16 4.23023e-05 0.000411194 0.00273253 0.0124217 0.0386487 0.0823465 0.120195 0.12023 0.0825194 0.0392295 0.0141002 0.0069494 0.00962845 0.017582 0.0290894 0.0421087 0.0533858 0.0596118 0.0592331 0.0533261 0.0447662 0.0364074 0.0297221 0.0246971 0.020616
 1.0486e-16 6.54213e-05 0.000635918 0.0042259 0.0192103 0.0597705 0.127348 0.18587 0.185881 0.127399 0.0599429 0.0197095 0.00548364 0.00339733 0.00535623 0.00887308 0.0130612 0.0170256 0.0198889 0.021236 0.0213089 0.0207313 0.0200035 0.0191988 0.0180592 0.016318
 1.03004e-16 6.49839e-05 0.000631666 0.00419765 0.0190819 0.059371 0.126497 0.184629 0.184645 0.126576 0.0596387 0.0198552 0.00613886 0.00486978 0.00811542 0.0133182 0.019192 0.0241668 0.026695 0.0260787 0.0228888 0.0185755 0.0145884 0.0116896 0.00985629 0.00863812
 1.05065e-16 4.19555e-05 0.000407822 0.00271012 0.0123198 0.0383318 0.0816714 0.11921 0.119247 0.0818554 0.0389496 0.0141048 0.00719248 0.0101991 0.0186557 0.030823 0.0445084 0.0562007 0.0623353 0.0612515 0.0541503 0.044217 0.0346558 0.027185 0.0218665 0.0179095
 1.08453e-16 5.13223e-05 0.000498871 0.00331518 0.0150703 0.0468895 0.0999037 0.145816 0.145835 0.0999966 0.047202 0.0159756 0.00559678 0.00551026 0.00965886 0.0161224 0.0237711 0.0310479 0.0363715 0.0389767 0.0392659 0.0383141 0.0369728 0.035348 0.0329939 0.0294951
 1.04817e-16 6.69786e-05 0.000651056 0.0043265 0.0196676 0.0611934 0.130379 0.190295 0.190306 0.130435 0.0613815 0.0202115 0.00569375 0.00364243 0.00576807 0.00948328 0.0137836 0.0176138 0.0199538 0.0203575 0.019211 0.0174349 0.0158707 0.014837 0.0141252 0.0133106
 1.05222e-16 4.73108e-05 0.000459878 0.00305605 0.0138924 0.0432245 0.0920957 0.134423 0.134457 0.0922601 0.0437765 0.0154867 0.00705825 0.00919728 0.0166431 0.0274451 0.0395461 0.0497669 0.0549018 0.0534857 0.0466691 0.0374295 0.0287749 0.0223358 0.0181577 0.0154091
 1.04477e-16 6.33518e-05 0.000615802 0.00409222 0.0186027 0.0578799 0.12332 0.179991 0.180004 0.123384 0.0580949 0.0192249 0.00565882 0.00405104 0.00663249 0.0109821 0.0160885 0.0208053 0.0239928 0.0251037 0.0244523 0.0228876 0.0211598 0.0195137 0.0177611 0.0156379
pSPR Fmed_Fpbrs
1   0.984237 0.6 0.325 0.984237 0.984237 0.984237
Fs Fmed_Fpbrs
0   0.01 0.369987 0.966336 0.01 0.01 0.01
SSBpbr Bo_Bmed_Bpbrs
711774  676185  664965 391476 195738 664965 664965 664965
Ro
130614
SPR SPRFo_SPRFmed_SPRFpbrs
940986 940986 926153
Fref
0
Nvult_r0
 99185.2 22519.7 13590.6 1891.59 1086.34
CTP_r0
 15544.3 6438.28 4061.68 566.673 325.482
YTP_r0
356538
Np
 142813 52537.9 19327.6 7110.23 3577.97
Nvult_p0
 90274.9 33210.3 12217.4 4494.52 2261.71
CTP_p0
 0 0 0 0 0
 0 0 0 0 0
 0 0 0 0 0
 0 0 0 0 0
 0 0 0 0 0
 0 0 0 0 0
YTP_p0
 0 0 0 0 0 0
CBA_c0
0
log_Ro
11.6
likeval ReclasPelacesDesembMPH_pf_preclas_ppelaces_ptallas_desvR_qrecl_qpela
 37.9748 28.4745 0.0360024 73.9785 239.074 136.75 114.067 0 25.3704 5.74305e-06 1.37193e-05 0.149448 2064.05 0 0
q_reclas_q_pelaces
1.40342 1.68846
M
1
N
 170915 30313.5 74104.5 5110.55 0.21102
 82484.8 55955.4 8674.44 20863.8 1437.6
 97019.9 24547.4 13037.6 1962.31 5036.58
 127935 28973.6 5762.57 2972.97 1593.25
 111206 33366.6 5080.5 963.177 761.124
 181598 36722.1 9726.79 1458.91 494.719
 68869.1 53775.3 8465.04 2175.41 436.179
 32279.4 15497.7 6861.85 1008.66 309.98
 29726.2 10871.8 4714.1 2061.73 395.925
 40819.6 7549.84 1800.41 741.397 385.39
 102575 8524.76 820.224 180.762 112.62
 147578 34025.7 2509.44 237.994 85.0565
 67797.8 39254 6224.47 438.782 56.3408
 46767.6 17899.8 7066.8 1069.96 84.8872
 78036.7 6326.81 763.155 262.091 42.4949
 420876 15872.7 649.363 72.1203 28.6499
 79512.2 107623 2667.35 103.731 16.0509
 478959 24746.9 27616.8 668.7 29.9896
 247097 138673 5434.54 5865.73 148.121
 412428 63383.7 23461.5 874.393 964.868
 347617 115729 13011.4 4637.84 362.791
 454992 106102 28475.6 3119.29 1197.07
 75911.9 129303 22384 5795.22 876.644
 262793 24069.6 34535.5 5855.99 1743.41
 252030 82209.7 6244.88 8760.18 1925.17
 101569 80304.7 22190.5 1652.23 2823.85
 212701 33556.1 23434.3 6379.29 1285.66
 273893 66833 8789.18 6004.64 1961.56
 104950 88108.7 18415.1 2376.91 2152.06
 99551.5 35085.8 26375.7 5439.62 1336.78
 187039 32379 9899.39 7315.22 1877.59
 87798.3 57471.1 8082.3 2409.83 2234.63
 142813 29887.2 17887.2 2488.47 1429.09
pred_Ctot
 12005.8 4344.56 11234.8 777.165 0.0320952
 10134.6 13455.8 2196 5296.53 365.005
 11741.3 5822.81 3256.28 491.476 1261.64
 24202.9 10169.1 2116.52 1094.61 586.691
 7260.63 4462.13 719.029 136.735 108.069
 22790.5 9000.98 2509.29 377.407 127.998
 17588 24127 3951.32 1017.6 204.055
 1736.23 1722.79 808.117 119.162 36.6268
 5995.21 4026.53 1825.03 800.089 153.665
 11674.8 3697.85 915.022 377.545 196.275
 6428.09 1096.47 111.677 24.6875 15.3835
 26527.2 11434.4 883.23 83.974 30.0153
 12429.7 13415.3 2227.25 157.395 20.2126
 20224.4 11705.2 4739.22 718.506 57.008
 23130.5 3183.58 398.115 136.989 22.2133
 83546.4 5801.21 248.153 27.6269 10.9762
 7845.42 21186.9 554.021 21.6081 3.34404
 65749.7 6572.73 7711.73 187.234 8.39819
 48687 50368.1 2064.17 2233.32 56.4027
 63225.7 18559.1 7212.07 269.495 297.421
 37998 25027.8 2965.95 1060.21 82.9464
 66819.2 29916.2 8434.03 926.343 355.546
 6708.08 22983.4 4201.79 1091.06 165.071
 25188.5 4613.25 6985.51 1187.95 353.725
 21579.3 14189.4 1138.58 1601.93 352.1
 6602.87 10695.3 3127.8 233.603 399.318
 19868.6 6279.99 4629.46 1263.93 254.766
 21977.3 10856.2 1508.87 1033.93 337.812
 6101.21 10550.3 2335.15 302.346 273.789
 7366 5281.31 4198.32 868.472 213.46
 19767.7 6789.79 2188.79 1622.06 416.395
 4170.95 5670.26 845.293 252.832 234.49
 15544.3 6438.28 4061.68 566.673 325.482
F
 0.116613 0.251211 0.267459 0.268373 0.268421
 0.212009 0.456718 0.486257 0.487918 0.488006
 0.20853 0.449222 0.478277 0.479911 0.479997
 0.343963 0.740976 0.788901 0.791596 0.791738
 0.108007 0.232673 0.247722 0.248568 0.248613
 0.216984 0.467435 0.497668 0.499368 0.499458
 0.491514 1.05884 1.12732 1.13117 1.13137
 0.0882615 0.190136 0.202434 0.203125 0.203162
 0.370504 0.798153 0.849776 0.852679 0.852832
 0.566189 1.2197 1.29859 1.30303 1.30326
 0.103477 0.222913 0.237331 0.238142 0.238184
 0.324305 0.698628 0.743814 0.746355 0.746489
 0.33174 0.714645 0.760868 0.763466 0.763604
 1.00039 2.15508 2.29447 2.30231 2.30272
 0.592582 1.27656 1.35913 1.36377 1.36401
 0.363708 0.783513 0.834189 0.837039 0.837189
 0.167209 0.360207 0.383505 0.384815 0.384884
 0.239494 0.515926 0.549296 0.551172 0.551271
 0.360574 0.776761 0.827001 0.829826 0.829975
 0.270806 0.583379 0.621111 0.623232 0.623344
 0.186706 0.402208 0.428222 0.429685 0.429762
 0.258119 0.556049 0.592014 0.594036 0.594143
 0.148625 0.320173 0.340882 0.342046 0.342108
 0.162093 0.349187 0.371771 0.373041 0.373108
 0.143722 0.309611 0.329636 0.330762 0.330821
 0.107521 0.231625 0.246606 0.247448 0.247493
 0.157689 0.339698 0.36167 0.362905 0.36297
 0.134166 0.289025 0.307719 0.30877 0.308825
 0.095686 0.20613 0.219462 0.220212 0.220251
 0.123164 0.265324 0.282485 0.28345 0.283501
 0.180033 0.387834 0.412919 0.414329 0.414404
 0.0776131 0.167197 0.178011 0.178619 0.178651
 0.185846 0.400355 0.42625 0.427706 0.427782
YTP_r0W_actual
 117204 112348 97764.6 17748.2 11473.2
YTP_p0W_proyectada
 0 0 0 0 0
 0 0 0 0 0
 0 0 0 0 0
 0 0 0 0 0
 0 0 0 0 0
 0 0 0 0 0
CTP_r0_actual
 15544.3 6438.28 4061.68 566.673 325.482
CTP_p0_proyectada
 0 0 0 0 0
 0 0 0 0 0
 0 0 0 0 0
 0 0 0 0 0
 0 0 0 0 0
 0 0 0 0 0
Wmedp
 7.54 17.45 24.07 31.32 35.25
Frms_r0
 0.185846 0.400355 0.42625 0.427706 0.427782
Zrms_r0
 1.18585 1.40036 1.42625 1.42771 1.42778
nmprior
 7.29 8.9 8.7 0
nm_flota  nm_reclas  nm_pelaces    nm_pelaL
inf 12.1163 17.591 55.387
cv_recla  cv_pelaces  cv_mph
0.266838 0.487122 0.68962
 ------------------------------------------------
Talla a la edad & desviaci?n 
 8 13.2811 15.8009 17.003 17.5766
 0.8 1.32811 1.58009 1.7003 1.75766
