years
 1991 1992 1993 1994 1995 1996 1997 1998 1999 2000 2001 2002 2003 2004 2005 2006 2007 2008 2009 2010 2011 2012 2013 2014 2015 2016 2017 2018 2019 2020 2021 2022 2023
reclasobs
 0 0 0 0 0 0 0 0 0 252601 567819 844713 477998 351125 339783 2.1784e+06 2.13404e+06 4.81314e+06 1.55562e+06 2.62356e+06 3.21686e+06 3.843e+06 1.13348e+06 3.07943e+06 1.97215e+06 2.03268e+06 2.025e+06 2.42433e+06 2.27542e+06 1.05018e+06 2.36338e+06 3.18982e+06 1.53035e+06
reclaspred
 5.33793e+06 1.86504e+06 1.04665e+06 738355 300213 2.84204e+06 1.46316e+06 783418 570539 251798 519600 1.05423e+06 636863 298499 487412 1.88768e+06 1.36428e+06 3.4849e+06 1.97794e+06 2.37549e+06 3.55054e+06 3.07209e+06 1.81689e+06 2.88317e+06 2.36198e+06 1.95254e+06 2.1781e+06 2.75994e+06 2.23911e+06 1.62508e+06 1.97762e+06 1.90447e+06 1.26259e+06
pelacesobs
 0 0 0 0 0 0 0 0 0 0 0 0 0 0 0 552880 188675 0 991730 2.46772e+06 1.41603e+06 1.21717e+06 2.29649e+06 1.80582e+06 0 1.4828e+06 1.56532e+06 1.57751e+06 1.42118e+06 867257 1.10002e+06 1.06204e+06 0
pelacespred
 4.0059e+06 1.2367e+06 522197 272903 128722 1.54984e+06 725125 560114 283515 93622.7 278538 474804 285498 99749.8 215789 809772 658409 1.83958e+06 923629 1.00726e+06 1.77107e+06 1.50652e+06 998514 1.71744e+06 1.34594e+06 1.16984e+06 1.41986e+06 1.62177e+06 1.3472e+06 1.03441e+06 996776 1.13281e+06 644951
mphobs
 0 0 0 0 0 0 0 0 0 0 0 0 498337 0 5186 125008 0 168611 109162 213762 579715 649985 157893 87575 83554 210694 70296 0 107559 103333 445601 22526 28222
mphpred
 1.28977e+06 570740 153854 149398 64299.5 34606.2 466289 147231 83096.1 47654.7 19495.5 93843.7 140406 35365.3 13415.4 48662.6 302533 157626 411564 252950 607410 524242 125620 63058.4 134111 113874 78294.9 95568.3 168344 97627.9 62152.1 107340 51877.9
desembarqueobs
 494567 514787 250237 358949 120608 361735 552515 73892 212993 205616 52469 317467 293654 387597 252695 516296 358380 742168 942051 627588 828172 859565 418607 520667 417249 300574 415391 372974 316634 284311 391294 218835 356480
desembarquepred
 494509 514593 249859 358804 120565 361584 552038 73880.6 212866 205479 52461.9 317209 293431 387095 252363 515833 358333 741615 940397 626696 828032 858764 418318 520419 416887 300384 415123 372689 316335 283916 390884 218820 356395
Reclutas
 50946 50793.3 144806 48185.5 22410.1 273937 31583.9 10915.9 30342.8 33341.8 50780.6 123001 49657 59493 53165.3 275133 31933.1 365383 175284 293200 200660 382931 30315.4 159833 162705 45164.3 124113 156511 46582.3 72059.3 115251 30586.6 81596.7
log_desv_Rt
 -0.430654 -0.433655 0.613972 -0.48636 -1.25191 1.25148 -0.90877 -1.9712 -0.948861 -0.854608 -0.433906 0.450772 -0.456279 -0.27556 -0.388014 1.25583 -0.897775 1.53953 0.80499 1.31943 0.940191 1.58644 -0.949763 0.712711 0.730519 -0.551112 0.45977 0.691706 -0.520199 -0.0839304 0.385694 -0.940858 0.0403695
SSB
 1.29507e+06 573084 154486 150011 64563.6 34748.3 468204 147836 83437.4 47850.4 19575.6 94229.2 129867 33666.1 12598 46625.8 303775 158273 436997 169748 422056 393423 434867 206524 398283 365493 233452 269195 496864 265409 204140 355241 159935
BT
 1.73769e+06 945841 446832 382312 152903 1.25073e+06 759572 286536 345509 238951 202680 518340 394913 453852 377733 893228 548891 1.71806e+06 1.33178e+06 1.03489e+06 1.56395e+06 1.52031e+06 741566 1.43e+06 983676 745535 1.1726e+06 1.17979e+06 777189 734453 830775 632633 641561
Ftot
 0.384921 1.08289 1.09021 1.82418 1.58545 0.694804 1.3748 0.408775 1.65548 2.99801 0.539239 1.40478 1.81536 4.48966 2.46586 1.41077 1.04445 1.08164 1.87958 1.29519 1.04067 1.28718 0.912388 0.898058 0.797461 0.655521 0.917391 0.673003 0.58125 0.78834 0.951152 0.485721 1.2849
BD_Bspro_t
 0.940791 0.592346 0.262619 0.264468 0.117466 0.0878458 0.461106 0.193502 0.16151 0.118917 0.0715352 0.337826 0.271389 0.0796062 0.0323039 0.109089 0.315984 0.188367 0.315421 0.148989 0.251214 0.236822 0.271308 0.170812 0.31375 0.345862 0.298515 0.361494 0.486193 0.348782 0.321663 0.405803 0.322915
BD_Bspro
 2.29381 1.01504 0.273624 0.265699 0.114355 0.0615459 0.829279 0.261845 0.147784 0.0847523 0.0346722 0.166898 0.230019 0.059629 0.0223134 0.0825831 0.538044 0.280332 0.774005 0.300657 0.747543 0.696827 0.770233 0.365793 0.705436 0.647358 0.413488 0.476796 0.880042 0.47009 0.361571 0.629199 0.283275
BD_Bo
 4.70482 2.08194 0.561229 0.544973 0.234552 0.126236 1.70093 0.537068 0.303118 0.173835 0.0711158 0.342323 0.47179 0.122305 0.0457669 0.169386 1.10358 0.574987 1.58756 0.616674 1.53328 1.42926 1.57982 0.750275 1.44691 1.32779 0.848101 0.977952 1.80505 0.964198 0.741616 1.29055 0.581023
BD_Brms
 5.04026 2.23038 0.601244 0.583829 0.251275 0.135237 1.8222 0.575361 0.32473 0.186229 0.0761863 0.36673 0.505428 0.131025 0.04903 0.181463 1.18226 0.615983 1.70075 0.660643 1.6426 1.53116 1.69246 0.803769 1.55008 1.42246 0.90857 1.04768 1.93374 1.03294 0.794492 1.38256 0.62245
Sel_flota
 0.504854 0.950914 0.997291 0.999857 0.999992
 0.504854 0.950914 0.997291 0.999857 0.999992
 0.504854 0.950914 0.997291 0.999857 0.999992
 0.504854 0.950914 0.997291 0.999857 0.999992
 0.504854 0.950914 0.997291 0.999857 0.999992
 0.504854 0.950914 0.997291 0.999857 0.999992
 0.504854 0.950914 0.997291 0.999857 0.999992
 0.504854 0.950914 0.997291 0.999857 0.999992
 0.504854 0.950914 0.997291 0.999857 0.999992
 0.504854 0.950914 0.997291 0.999857 0.999992
 0.504854 0.950914 0.997291 0.999857 0.999992
 0.504854 0.950914 0.997291 0.999857 0.999992
 0.504854 0.950914 0.997291 0.999857 0.999992
 0.504854 0.950914 0.997291 0.999857 0.999992
 0.504854 0.950914 0.997291 0.999857 0.999992
 0.504854 0.950914 0.997291 0.999857 0.999992
 0.504854 0.950914 0.997291 0.999857 0.999992
 0.504854 0.950914 0.997291 0.999857 0.999992
 0.504854 0.950914 0.997291 0.999857 0.999992
 0.504854 0.950914 0.997291 0.999857 0.999992
 0.504854 0.950914 0.997291 0.999857 0.999992
 0.504854 0.950914 0.997291 0.999857 0.999992
 0.504854 0.950914 0.997291 0.999857 0.999992
 0.504854 0.950914 0.997291 0.999857 0.999992
 0.504854 0.950914 0.997291 0.999857 0.999992
 0.504854 0.950914 0.997291 0.999857 0.999992
 0.504854 0.950914 0.997291 0.999857 0.999992
 0.504854 0.950914 0.997291 0.999857 0.999992
 0.504854 0.950914 0.997291 0.999857 0.999992
 0.504854 0.950914 0.997291 0.999857 0.999992
 0.504854 0.950914 0.997291 0.999857 0.999992
 0.504854 0.950914 0.997291 0.999857 0.999992
 0.504854 0.950914 0.997291 0.999857 0.999992
Sel_reclas
 0.680636 0.914717 0.981811 0.996332 0.999269
 0.680636 0.914717 0.981811 0.996332 0.999269
 0.680636 0.914717 0.981811 0.996332 0.999269
 0.680636 0.914717 0.981811 0.996332 0.999269
 0.680636 0.914717 0.981811 0.996332 0.999269
 0.680636 0.914717 0.981811 0.996332 0.999269
 0.680636 0.914717 0.981811 0.996332 0.999269
 0.680636 0.914717 0.981811 0.996332 0.999269
 0.680636 0.914717 0.981811 0.996332 0.999269
 0.680636 0.914717 0.981811 0.996332 0.999269
 0.680636 0.914717 0.981811 0.996332 0.999269
 0.680636 0.914717 0.981811 0.996332 0.999269
 0.680636 0.914717 0.981811 0.996332 0.999269
 0.680636 0.914717 0.981811 0.996332 0.999269
 0.680636 0.914717 0.981811 0.996332 0.999269
 0.680636 0.914717 0.981811 0.996332 0.999269
 0.680636 0.914717 0.981811 0.996332 0.999269
 0.680636 0.914717 0.981811 0.996332 0.999269
 0.680636 0.914717 0.981811 0.996332 0.999269
 0.680636 0.914717 0.981811 0.996332 0.999269
 0.680636 0.914717 0.981811 0.996332 0.999269
 0.680636 0.914717 0.981811 0.996332 0.999269
 0.680636 0.914717 0.981811 0.996332 0.999269
 0.680636 0.914717 0.981811 0.996332 0.999269
 0.680636 0.914717 0.981811 0.996332 0.999269
 0.680636 0.914717 0.981811 0.996332 0.999269
 0.680636 0.914717 0.981811 0.996332 0.999269
 0.680636 0.914717 0.981811 0.996332 0.999269
 0.680636 0.914717 0.981811 0.996332 0.999269
 0.680636 0.914717 0.981811 0.996332 0.999269
 0.680636 0.914717 0.981811 0.996332 0.999269
 0.680636 0.914717 0.981811 0.996332 0.999269
 0.680636 0.914717 0.981811 0.996332 0.999269
Sel_pelaces
 0.472492 0.818438 0.957781 0.991317 0.998263
 0.472492 0.818438 0.957781 0.991317 0.998263
 0.472492 0.818438 0.957781 0.991317 0.998263
 0.472492 0.818438 0.957781 0.991317 0.998263
 0.472492 0.818438 0.957781 0.991317 0.998263
 0.472492 0.818438 0.957781 0.991317 0.998263
 0.472492 0.818438 0.957781 0.991317 0.998263
 0.472492 0.818438 0.957781 0.991317 0.998263
 0.472492 0.818438 0.957781 0.991317 0.998263
 0.472492 0.818438 0.957781 0.991317 0.998263
 0.472492 0.818438 0.957781 0.991317 0.998263
 0.472492 0.818438 0.957781 0.991317 0.998263
 0.472492 0.818438 0.957781 0.991317 0.998263
 0.472492 0.818438 0.957781 0.991317 0.998263
 0.472492 0.818438 0.957781 0.991317 0.998263
 0.472492 0.818438 0.957781 0.991317 0.998263
 0.472492 0.818438 0.957781 0.991317 0.998263
 0.472492 0.818438 0.957781 0.991317 0.998263
 0.472492 0.818438 0.957781 0.991317 0.998263
 0.472492 0.818438 0.957781 0.991317 0.998263
 0.472492 0.818438 0.957781 0.991317 0.998263
 0.472492 0.818438 0.957781 0.991317 0.998263
 0.472492 0.818438 0.957781 0.991317 0.998263
 0.472492 0.818438 0.957781 0.991317 0.998263
 0.472492 0.818438 0.957781 0.991317 0.998263
 0.472492 0.818438 0.957781 0.991317 0.998263
 0.472492 0.818438 0.957781 0.991317 0.998263
 0.472492 0.818438 0.957781 0.991317 0.998263
 0.472492 0.818438 0.957781 0.991317 0.998263
 0.472492 0.818438 0.957781 0.991317 0.998263
 0.472492 0.818438 0.957781 0.991317 0.998263
 0.472492 0.818438 0.957781 0.991317 0.998263
 0.472492 0.818438 0.957781 0.991317 0.998263
pf_obs 
 0.8446 0.082 0.0669 0.0065 0
 0.8095 0.147 0.0364 0.0071 0
 0.9664 0.0169 0.016 0.0007 0
 0.9276 0.0648 0.0075 0.0001 0
 0.7033 0.2144 0.0806 0.0017 0
 0.9318 0.0425 0.0243 0.0014 0
 0.5671 0.3108 0.0964 0.0239 0.0018
 0.0768 0.2599 0.5324 0.112 0.0189
 0.490249 0.384438 0.106611 0.0170017 0.00170017
 0.7925 0.1577 0.0466 0.003 0.0002
 0.840416 0.127587 0.0312969 0.00059994 9.999e-05
 0.8084 0.0986 0.0794 0.0134 0.0002
 0.7335 0.1905 0.0724 0.0035 0.0001
 0.4001 0.4547 0.1325 0.0127 0
 0.49795 0.308269 0.164784 0.0264974 0.00249975
 0.9179 0.0499 0.0305 0.0017 0
 0.2467 0.6533 0.0926 0.0074 0
 0.9418 0.0223 0.034 0.0019 0
 0.707729 0.231977 0.0356964 0.0245975 0
 0.517169 0.277429 0.184464 0.0207286 0.00020938
 0.811772 0.124168 0.05621 0.00726502 0.000585176
 0.764997 0.148141 0.077277 0.00933861 0.000247198
 0.163321 0.427699 0.378323 0.0303852 0.000271297
 0.753843 0.0900009 0.118128 0.0371064 0.000921714
 0.721811 0.176058 0.0630433 0.0369309 0.00215725
 0.143369 0.312575 0.442814 0.0836902 0.0175525
 0.692698 0.0596174 0.167031 0.0765114 0.00414204
 0.394062 0.376323 0.152708 0.0712218 0.00568511
 0.125707 0.32114 0.495352 0.0537591 0.00404204
 0.23352 0.215282 0.420074 0.123614 0.00750983
 0.796117 0.104755 0.0508955 0.0450114 0.00322123
 0.162477 0.292055 0.404252 0.121198 0.0200186
 0 0 0 0 0
pf_pred 
 0.247006 0.21212 0.476621 0.0642521 1.15952e-06
 0.45949 0.221138 0.0937141 0.198923 0.0267342
 0.853657 0.100908 0.0194981 0.0076341 0.0183026
 0.503621 0.46544 0.0218701 0.00390168 0.00516666
 0.620149 0.290622 0.0842044 0.00355853 0.00146671
 0.973429 0.0220364 0.00354628 0.000932888 5.53752e-05
 0.223745 0.766939 0.00781341 0.0011764 0.000326645
 0.319932 0.298159 0.377713 0.00352124 0.000674048
 0.758531 0.120569 0.0547372 0.0654382 0.000724524
 0.82717 0.157196 0.00820965 0.00337143 0.0040528
 0.913114 0.0833067 0.00329822 0.000147968 0.000132664
 0.844808 0.148556 0.00637896 0.000237426 2.01322e-05
 0.590552 0.384159 0.0242975 0.00095279 3.82786e-05
 0.84749 0.125689 0.0253234 0.00143983 5.83864e-05
 0.943965 0.0549486 0.000927257 0.000150363 8.78972e-06
 0.969409 0.0301438 0.000439844 6.51184e-06 1.10964e-06
 0.28538 0.70656 0.0079519 0.000105986 1.82734e-06
 0.942836 0.0283452 0.0285175 0.00029691 4.00847e-06
 0.604235 0.386783 0.0046324 0.00430415 4.52206e-05
 0.863816 0.113333 0.022386 0.000240673 0.000224633
 0.679646 0.302676 0.0149194 0.00270288 5.5909e-05
 0.826916 0.145388 0.0262772 0.00119823 0.000220628
 0.190768 0.75073 0.0497998 0.00825838 0.000443807
 0.833605 0.0596404 0.0995501 0.00613689 0.00106809
 0.709456 0.268697 0.00820083 0.012728 0.000917515
 0.362204 0.540734 0.0902342 0.00256945 0.00425916
 0.781095 0.121728 0.0831882 0.0130077 0.000980778
 0.744017 0.229518 0.0151967 0.00965138 0.00161642
 0.365699 0.548514 0.0774359 0.00480289 0.00354841
 0.654066 0.191545 0.134619 0.0178509 0.00191848
 0.766019 0.190896 0.0245966 0.0161292 0.00235967
 0.374131 0.5553 0.0583606 0.00698151 0.00522652
 0.769894 0.128179 0.0910388 0.0090103 0.00187851
pobs_RECLAS
 0 0 0 0 0
 0 0 0 0 0
 0 0 0 0 0
 0 0 0 0 0
 0 0 0 0 0
 0 0 0 0 0
 0 0 0 0 0
 0 0 0 0 0
 0 0 0 0 0
 0 0 0 0 0
 0.991045 0.00858322 0.000360255 1.14367e-05 0
 0.934742 0.0480273 0.0164251 0.00080598 0
 0.827803 0.169806 0.00239088 0 0
 0.941827 0.0461693 0.0120037 0 0
 0.791401 0.0380133 0.147996 0.0225897 0
 0.846168 0.0940531 0.0597789 0 0
 0.134021 0.677848 0.182769 0.00536245 0
 0.80878 0.0450904 0.141981 0.00414843 0
 0.846168 0.0940531 0.0597789 0 0
 0.905697 0.0802665 0.012482 0.00150086 5.37128e-05
 0.989698 0.0102097 9.19794e-05 0 0
 0.975433 0.0193895 0.00387452 0.00125025 5.28907e-05
 0.303575 0.632131 0.0575291 0.00676475 0
 0.966965 0.00978017 0.0227588 0.000495775 0
 0.843318 0.132988 0.00938335 0.0141283 0.000182051
 0.564624 0.303363 0.111486 0.0197234 0.00080311
 0.826376 0.0876187 0.0782897 0.00655872 0.00115652
 0.89761 0.0855135 0.0140674 0.00269457 0.000114338
 0.34875 0.467042 0.161289 0.0227151 0.000203297
 0.318654 0.224769 0.449479 0.00709798 0
 0.937255 0.0296025 0.0250945 0.00804832 0
 0.456809 0.399803 0.12412 0.0192676 0
 0.883104 0.0372192 0.0704036 0.00927362 0
ppred_RECLAS
 0.315282 0.189769 0.435527 0.0594212 1.07535e-06
 0.557129 0.17867 0.0768701 0.165083 0.0222481
 0.896878 0.0705998 0.0138484 0.00548566 0.0131884
 0.621608 0.354598 0.0167574 0.00302303 0.00401418
 0.719779 0.213904 0.0625388 0.00267302 0.00110478
 0.981519 0.0152705 0.00250425 0.000666637 3.96816e-05
 0.307746 0.683832 0.00704903 0.00107356 0.000298917
 0.399086 0.260329 0.336797 0.00317768 0.000609989
 0.832108 0.0832311 0.038093 0.0460561 0.000511338
 0.901056 0.0900602 0.00463944 0.0019245 0.0023197
 0.937964 0.0594282 0.00240062 0.000108993 9.79936e-05
 0.893825 0.101583 0.00441182 0.0001661 1.41233e-05
 0.700002 0.28136 0.0178999 0.000709781 2.85944e-05
 0.931941 0.0565045 0.0109035 0.00062518 2.54179e-05
 0.96736 0.0320093 0.000537819 8.81388e-05 5.16638e-06
 0.980021 0.0196833 0.000290471 4.34991e-06 7.43294e-07
 0.373896 0.618932 0.00707469 9.54025e-05 1.64945e-06
 0.960875 0.0192516 0.0196639 0.000207132 2.80421e-06
 0.7134 0.280029 0.00337036 0.00316645 3.33594e-05
 0.906427 0.0777016 0.0155442 0.000169055 0.000158226
 0.760135 0.226409 0.0113352 0.00207768 4.30967e-05
 0.879382 0.101099 0.0185078 0.000853742 0.000157635
 0.258294 0.687151 0.0463578 0.00777853 0.000419187
 0.879774 0.0426003 0.0723272 0.00451148 0.000787389
 0.781318 0.201848 0.00627217 0.00985039 0.000712065
 0.451007 0.464007 0.0789307 0.00227446 0.00378074
 0.839662 0.0884252 0.0614544 0.00972294 0.000735157
 0.808134 0.171594 0.0115799 0.00744226 0.00124992
 0.453566 0.471174 0.0678466 0.00425859 0.00315509
 0.733027 0.14653 0.104857 0.0140698 0.00151634
 0.828726 0.139173 0.0182303 0.0120957 0.00177451
 0.461118 0.476882 0.051157 0.0061934 0.00464953
 0.835626 0.0909901 0.06546 0.00655386 0.00137018
pobs_PELACES
 0 0 0 0 0
 0 0 0 0 0
 0 0 0 0 0
 0 0 0 0 0
 0 0 0 0 0
 0 0 0 0 0
 0 0 0 0 0
 0 0 0 0 0
 0 0 0 0 0
 0 0 0 0 0
 0 0 0 0 0
 0 0 0 0 0
 0 0 0 0 0
 0 0 0 0 0
 0 0 0 0 0
 0 0 0 0 0
 0.505614 0.472636 0.0217494 0 0
 0 0 0 0 0
 0.443492 0.261883 0.143347 0.151278 0
 0.227955 0.32914 0.350689 0.0885471 0.00366901
 0.970185 0.0296113 0.000203453 0 0
 0.997202 0.00247181 0.000326279 0 0
 0.445219 0.490057 0.0546422 0.010081 0
 0.90214 0.0892962 0.00764917 0.000914606 0
 0 0 0 0 0
 0.581667 0.319106 0.0959925 0.00289975 0.000334073
 0.762889 0.0836404 0.116647 0.0363945 0.000428098
 0.88444 0.0763242 0.0277011 0.0115352 0
 0.521256 0.241999 0.230069 0.00667565 0
 0.616807 0.101726 0.260614 0.0208532 0
 0.833518 0.0704572 0.0857862 0.0102388 0
 0.697417 0.212968 0.0787535 0.0105354 0.000325836
 0 0 0 0 0
ppred_PELACES
 0.26245 0.192391 0.478582 0.0665751 1.20966e-06
 0.521095 0.183656 0.0847332 0.185426 0.0250896
 0.885241 0.0764991 0.0160896 0.00649447 0.0156762
 0.624084 0.350805 0.0175773 0.00322913 0.00430486
 0.712511 0.21611 0.067237 0.00292717 0.00121463
 0.978257 0.0177096 0.00313296 0.000850123 5.08068e-05
 0.296721 0.694124 0.00763867 0.00118516 0.000331307
 0.343157 0.271667 0.380807 0.00366325 0.000706032
 0.825488 0.0834073 0.0405789 0.0499692 0.000556988
 0.916212 0.075917 0.00407272 0.00171872 0.00207976
 0.92677 0.0699078 0.00305359 0.000141338 0.000127585
 0.888992 0.105896 0.00490773 0.000188229 1.60687e-05
 0.702022 0.278407 0.018782 0.000758436 3.06756e-05
 0.953505 0.0384788 0.00755793 0.000440313 1.79706e-05
 0.970608 0.0287948 0.000507954 8.47263e-05 4.9859e-06
 0.979077 0.0205926 0.000324249 4.9466e-06 8.48622e-07
 0.350595 0.641428 0.00786701 0.000108106 1.87656e-06
 0.95565 0.0210461 0.0230528 0.000247443 3.36333e-06
 0.717737 0.275358 0.00351089 0.00335887 3.55267e-05
 0.899884 0.0821683 0.0175701 0.000194682 0.000182939
 0.740495 0.243903 0.0131031 0.00244744 5.09695e-05
 0.871131 0.106803 0.0209015 0.000982304 0.000182096
 0.235037 0.704639 0.0511108 0.00874021 0.000472899
 0.860598 0.0470598 0.085923 0.00546219 0.000957137
 0.755845 0.223804 0.00749033 0.0119899 0.000870199
 0.409418 0.49297 0.0905159 0.00265881 0.00443737
 0.817951 0.097 0.0724754 0.011686 0.000887128
 0.781413 0.193684 0.0141047 0.0092403 0.00155814
 0.409543 0.503387 0.0783294 0.00501209 0.00372827
 0.697802 0.160089 0.123405 0.0168773 0.00182621
 0.809581 0.152342 0.0214425 0.0144988 0.00213558
 0.413866 0.513602 0.0596254 0.00735949 0.00554717
 0.822013 0.095486 0.073438 0.00749099 0.00157235
pobs_pel_tallas
 0 0 0 0 0 0 0 0 0 0 0 0 0 0 0 0 0 0 0 0 0 0 0 0 0 0
 0 0 0 0 0 0 0 0 0 0 0 0 0 0 0 0 0 0 0 0 0 0 0 0 0 0
 0 0 0 0 0 0 0 0 0 0 0 0 0 0 0 0 0 0 0 0 0 0 0 0 0 0
 0 0 0 0 0 0 0 0 0 0 0 0 0 0 0 0 0 0 0 0 0 0 0 0 0 0
 0 0 0 0 0 0 0 0 0 0 0 0 0 0 0 0 0 0 0 0 0 0 0 0 0 0
 0 0 0 0 0 0 0 0 0 0 0 0 0 0 0 0 0 0 0 0 0 0 0 0 0 0
 0 0 0 0 0 0 0 0 0 0 0 0 0 0 0 0 0 0 0 0 0 0 0 0 0 0
 0 0 0 0 0 0 0 0 0 0 0 0 0 0 0 0 0 0 0 0 0 0 0 0 0 0
 0 0 0 0 0 0 0 0 0 0 0 0 0 0 0 0 0 0 0 0 0 0 0 0 0 0
 0 0 0 0 0 0 0 0 0 0 0 0 0 0 0 0 0 0 0 0 0 0 0 0 0 0
 0 0 0 0 0 0 0 0 0 0 0 0 0 0 0 0 0 0 0 0 0 0 0 0 0 0
 0 0 0 0 0 0 0 0 0 0 0 0 0 0 0 0 0 0 0 0 0 0 0 0 0 0
 0.00862536 0 0 0.000197151 0.00414017 0.0128641 0.00837892 0.0270097 0.101434 0.158115 0.152841 0.127902 0.109271 0.109419 0.0830992 0.0579132 0.0238553 0.00714673 0.00463305 0.00128148 0.00103504 0.000492878 0.000147863 0.000147863 4.92878e-05 0
 0 0 0 0 0 0 0 0 0 0 0 0 0 0 0 0 0 0 0 0 0 0 0 0 0 0
 0 0 0 0 0 0 0 0.0054083 0.00873648 0.0413646 0.0450493 0.0745869 0.0622846 0.0627006 0.0613931 0.0827291 0.12552 0.122667 0.0946155 0.0697135 0.0546179 0.0294188 0.0215738 0.0213955 0.0102223 0.00600262
 0 0 0 0 0.00359764 0.0251062 0.0480494 0.140153 0.205849 0.193036 0.1447 0.116669 0.0760912 0.0342217 0.00950174 0.001854 0.000860785 0 0 0 0.000165536 0 0.000143464 0 0 0
 0 0 0 0 0 0 0 0.000145254 0.000435761 0.0275982 0.070085 0.0708112 0.156366 0.174668 0.174014 0.160142 0.0824315 0.0480064 0.0283245 0.00493863 0.00203355 0 0 0 0 0
 0 0 0 0 0 0 0 0 0 0 0 0 0 0 0 0 0 0 0 0 0 0 0 0 0 0
 0 0 1.00437e-05 0.000401748 0.00122533 0.00171747 0.00176769 0.0269171 0.070346 0.194647 0.189555 0.159765 0.064822 0.0314167 0.0384472 0.0292271 0.0345202 0.0313363 0.0194345 0.0106764 0.0143323 0.0359363 0.0279516 0.0138201 0.00172751 0
 0 0.0021121 0.0136068 0.0755702 0.200478 0.177729 0.0527432 0.0373336 0.0318909 0.0142505 0.0149659 0.0166563 0.0217959 0.0798694 0.0677717 0.0528807 0.04013 0.0224614 0.0357745 0.0225083 0.00881397 0.00855152 0.00135912 0.000746735 0 0
 0 0 0 0 5.4009e-05 0.00500934 0.000945158 0.0243581 0.138947 0.33067 0.221406 0.137944 0.0707744 0.0437923 0.0131692 0.00525238 0.0047753 0.00276346 9.45158e-05 9.00151e-06 2.25038e-05 9.00151e-06 4.50075e-06 0 0 0
 0.000866109 0.00284123 0.00948549 0.0512746 0.133035 0.25785 0.225252 0.132002 0.0553304 0.0519788 0.0540692 0.017754 0.00435017 0.00159236 0.00146478 0.000404838 0.000125132 0.000115318 0.000107957 0.000100596 0 0 0 0 0 0
 0 0 0 0 0.00144013 0.00171154 0.00461396 0.0210425 0.0478622 0.0707936 0.0888783 0.103762 0.0637923 0.0337046 0.0602308 0.124433 0.169614 0.0934646 0.0462172 0.0250306 0.0313229 0.00938855 0.002487 0.000210481 0 0
 0 0.00764035 0.051015 0.0998891 0.058973 0.0496711 0.0374665 0.0718981 0.12319 0.153886 0.159021 0.0857701 0.0377988 0.023471 0.0147837 0.00900784 0.00315554 0.000888139 0.00291439 0.00214683 0.00393193 0.00274676 0.000635225 9.99891e-05 0 0
 0 0 0 0 0 0 0 0 0 0 0 0 0 0 0 0 0 0 0 0 0 0 0 0 0 0
 0 0 0 0 0 0 0 0 0 0 0 0 0 0 0 0 0 0 0 0 0 0 0 0 0 0
 0 0 0 0 0 0 0 0 0 0 0 0 0 0 0 0 0 0 0 0 0 0 0 0 0 0
 0 0 0 0 0 0 0 0 0 0 0 0 0 0 0 0 0 0 0 0 0 0 0 0 0 0
 0 0 0 0 0 0 0 0 0 0 0 0 0 0 0 0 0 0 0 0 0 0 0 0 0 0
 0 0 0 0 0 0 0 0 0 0 0 0 0 0 0 0 0 0 0 0 0 0 0 0 0 0
 0 0 0 0 0 0 0 0 0 0 0 0 0 0 0 0 0 0 0 0 0 0 0 0 0 0
 0 0 0 0 0 0 0 0 0 0 0 0 0 0 0 0 0 0 0 0 0 0 0 0 0 0
 0 0 0 0 0 0 0 0 0 0 0 0 0 0 0 0 0 0 0 0 0 0 0 0 0 0
ppred_pel_tallas
 1.20537e-16 2.16177e-05 0.000210132 0.0013964 0.00634785 0.0197506 0.0420815 0.0614232 0.0614424 0.0421759 0.0200698 0.00727904 0.00376843 0.00550286 0.0104092 0.0180501 0.0280404 0.0395166 0.0514717 0.0632386 0.074467 0.0845158 0.091912 0.0946134 0.091062 0.0812332
 1.25334e-16 4.2922e-05 0.000417217 0.00277255 0.0126036 0.0392147 0.0835517 0.12195 0.121968 0.0836391 0.0395085 0.0134545 0.00491702 0.00512862 0.0090824 0.0151982 0.0225092 0.0296886 0.0354965 0.0395836 0.0427525 0.0463177 0.0510165 0.0563255 0.0606563 0.0622049
 1.03789e-16 7.29161e-05 0.000708771 0.00471003 0.0214111 0.066618 0.141937 0.207163 0.20717 0.141973 0.0667392 0.0217615 0.00559014 0.00263242 0.00373351 0.00607673 0.00879608 0.0111724 0.0125348 0.0125984 0.0116396 0.0103075 0.00921633 0.00863439 0.00845007 0.00835367
 1.0165e-16 5.1405e-05 0.000499675 0.00332052 0.0150946 0.0469651 0.100065 0.146056 0.146089 0.10023 0.0475188 0.0166931 0.0073303 0.00924462 0.0166348 0.0273544 0.0392478 0.0490353 0.0534121 0.0508587 0.0425634 0.0316586 0.0214036 0.013711 0.00885428 0.00610705
 1.02495e-16 5.86886e-05 0.000570474 0.003791 0.0172334 0.0536195 0.114243 0.166745 0.166766 0.114345 0.0539624 0.0182244 0.0062813 0.00601533 0.0104243 0.0172045 0.0249253 0.0316462 0.0354117 0.0352886 0.0318743 0.0268121 0.0217352 0.0174915 0.0141031 0.0112282
 1.00189e-16 8.05777e-05 0.000783244 0.00520493 0.0236609 0.0736177 0.15685 0.228928 0.22893 0.156859 0.0736458 0.0237418 0.00540821 0.00122717 0.000924171 0.00140158 0.00201413 0.00253873 0.00280813 0.0027466 0.00240957 0.0019436 0.00149668 0.00114896 0.000904212 0.000726161
 1.00573e-16 2.44407e-05 0.000237572 0.00157875 0.00717683 0.0223301 0.0475792 0.0694572 0.0695239 0.0479053 0.0234247 0.0103363 0.00950214 0.0175103 0.0327574 0.0539294 0.0772472 0.0962184 0.104246 0.0982904 0.0807393 0.0579111 0.0364479 0.0203466 0.0103116 0.00496871
 1.11546e-16 2.82655e-05 0.00027475 0.00182581 0.00829991 0.0258242 0.0550222 0.0803122 0.0803389 0.055153 0.0262648 0.00957908 0.0050618 0.00742167 0.013843 0.0234672 0.0352535 0.0473331 0.0576843 0.0651537 0.0697939 0.0721786 0.0724055 0.0698111 0.0636486 0.0540208
 1.06298e-16 6.79943e-05 0.000660929 0.00439211 0.0199659 0.0621213 0.132356 0.19318 0.193188 0.132396 0.0622545 0.0203514 0.00536299 0.00279119 0.00414626 0.00683449 0.0100503 0.0130996 0.0153374 0.0165081 0.016888 0.0170413 0.0173771 0.0178674 0.0181136 0.0176485
 1.00662e-16 7.54672e-05 0.000733568 0.00487482 0.0221602 0.0689487 0.146903 0.21441 0.214418 0.146938 0.0690685 0.0225062 0.00574282 0.0026268 0.00366634 0.00592949 0.00850591 0.0106375 0.0116093 0.0110971 0.00936208 0.00708281 0.00496024 0.00339755 0.00243808 0.00190746
 1.00142e-16 7.63368e-05 0.000742021 0.00493099 0.0224156 0.0697432 0.148596 0.216881 0.216888 0.148628 0.0698535 0.022734 0.00572981 0.00248397 0.00337911 0.00545101 0.00781075 0.0097497 0.0106025 0.0100632 0.0083673 0.0061397 0.00403425 0.00243974 0.00142032 0.000840632
 1.00191e-16 7.32251e-05 0.000711774 0.00472999 0.0215019 0.0669003 0.142539 0.208041 0.208051 0.142588 0.0670674 0.0219843 0.00594012 0.00335073 0.0050769 0.00825568 0.0118346 0.0147745 0.0160699 0.0152575 0.0126924 0.00931965 0.00612794 0.00370521 0.00214925 0.00125727
 1.00695e-16 5.78246e-05 0.000562076 0.00373519 0.0169797 0.0528302 0.112561 0.164292 0.164319 0.112692 0.0532697 0.0182487 0.00691882 0.00750612 0.0132286 0.0217323 0.0311926 0.0389956 0.0425157 0.0405357 0.0339759 0.0252916 0.0170424 0.0107382 0.00661886 0.00415971
 1.00276e-16 7.85389e-05 0.000763427 0.00507324 0.0230622 0.0717551 0.152882 0.223136 0.22314 0.1529 0.071816 0.0232382 0.00551505 0.00172833 0.00191229 0.00304018 0.00437875 0.0055198 0.00610408 0.00596426 0.00521646 0.0041751 0.00316034 0.00234998 0.00176147 0.0013285
 1.00032e-16 7.99477e-05 0.00077712 0.00516423 0.0234759 0.0730421 0.155624 0.227138 0.227141 0.155638 0.0730875 0.0236069 0.005493 0.00149386 0.00143836 0.00224399 0.00320744 0.00399669 0.0043336 0.00409197 0.00337038 0.00242997 0.00154493 0.000879786 0.000463046 0.000237848
 1.00016e-16 8.06453e-05 0.000783901 0.0052093 0.0236807 0.0736795 0.156982 0.22912 0.229122 0.156992 0.073712 0.0237745 0.00544439 0.00129642 0.00105196 0.00160608 0.00229308 0.00285663 0.00309623 0.00292143 0.00240271 0.00172703 0.00109087 0.000612428 0.000312632 0.000151185
 1.00403e-16 2.88782e-05 0.000280707 0.0018654 0.00847986 0.0263843 0.0562169 0.0820631 0.0821248 0.0565182 0.0273958 0.0113995 0.00918744 0.0162426 0.030278 0.0498383 0.0713878 0.0889218 0.0963423 0.0908388 0.0746124 0.0534975 0.033629 0.0187021 0.00937511 0.00438939
 1.00697e-16 7.87157e-05 0.000765144 0.00508465 0.0231141 0.0719165 0.153226 0.223638 0.22364 0.153236 0.0719505 0.0232125 0.00533304 0.00131222 0.00113181 0.00178311 0.00264563 0.00350168 0.00418039 0.00459152 0.0047541 0.00474491 0.00461419 0.00434857 0.00390778 0.0032891
 1.00515e-16 5.91191e-05 0.000574659 0.00381881 0.0173598 0.0540128 0.115081 0.16797 0.167996 0.11521 0.0544471 0.0186133 0.00696244 0.00742801 0.0130478 0.021406 0.030664 0.0382116 0.0414342 0.0391325 0.0322566 0.0233106 0.0149189 0.00864868 0.00475697 0.00267894
 1.00579e-16 7.41223e-05 0.000720495 0.00478794 0.0217653 0.0677199 0.144285 0.21059 0.210597 0.144324 0.0678501 0.0221412 0.00573184 0.00278224 0.00399321 0.00649304 0.00936594 0.0118168 0.013085 0.0128125 0.011243 0.0090409 0.00688233 0.00514229 0.00385896 0.0028975
 1.00695e-16 6.09937e-05 0.00059288 0.0039399 0.0179102 0.0557255 0.11873 0.173295 0.173318 0.118845 0.0561104 0.0190216 0.00672794 0.00667341 0.011592 0.0190225 0.0272911 0.0340961 0.037135 0.035345 0.0295433 0.0218978 0.0146685 0.00918787 0.00566124 0.00360969
 1.0076e-16 7.17539e-05 0.000697474 0.00463496 0.0210699 0.0655562 0.139675 0.203862 0.203872 0.139725 0.0657253 0.0215582 0.00586122 0.00337556 0.00516124 0.00842735 0.0121515 0.0153174 0.0169363 0.0165439 0.0144628 0.0115663 0.00874401 0.00649096 0.00485667 0.00365758
 1.02612e-16 1.93598e-05 0.000188185 0.00125056 0.00568489 0.0176882 0.037689 0.0550224 0.0550902 0.0380204 0.0188007 0.00889729 0.00931013 0.017769 0.0333691 0.0550315 0.0790284 0.098862 0.107913 0.103116 0.0868058 0.0651784 0.0446713 0.0290466 0.0188478 0.0126995
 1.03202e-16 7.08863e-05 0.00068904 0.00457891 0.0208151 0.0647635 0.137986 0.201395 0.2014 0.138008 0.0648405 0.0210391 0.00514708 0.00194896 0.00252109 0.00420498 0.00639734 0.00876504 0.0109935 0.0128964 0.0144458 0.0156427 0.0163597 0.0163363 0.0153486 0.0134068
 1.01624e-16 6.2258e-05 0.00060517 0.00402157 0.0182815 0.0568806 0.121191 0.176886 0.176908 0.121296 0.0572337 0.0193011 0.0065792 0.00618292 0.0106392 0.0174482 0.025032 0.0312789 0.0340888 0.0325084 0.0273165 0.0205272 0.0142193 0.00958565 0.00674785 0.00517923
 1.03756e-16 3.37233e-05 0.000327803 0.00217837 0.00990256 0.0308108 0.0656474 0.0958243 0.0958718 0.0658797 0.0315909 0.0121561 0.00783631 0.0126831 0.0235097 0.0388409 0.0560103 0.0705546 0.0779224 0.0759757 0.0662226 0.0527306 0.0396506 0.0293007 0.0219166 0.0166222
 1.03439e-16 6.73736e-05 0.000654895 0.00435201 0.0197836 0.0615542 0.131148 0.191416 0.191426 0.131194 0.0617096 0.0202335 0.00548582 0.00314498 0.00484038 0.00801001 0.0117991 0.0153943 0.0179975 0.0192154 0.0192347 0.0185815 0.0176831 0.0166147 0.0151944 0.0132642
 1.01647e-16 6.4364e-05 0.000625641 0.0041576 0.0188999 0.0588046 0.12529 0.182868 0.182887 0.125381 0.0591105 0.0197831 0.00637367 0.00546032 0.00923751 0.0151469 0.0217611 0.0272576 0.0298285 0.028649 0.024375 0.0187129 0.013414 0.00947004 0.00696948 0.00547132
 1.03523e-16 3.37336e-05 0.000327903 0.00217903 0.0099056 0.0308203 0.0656676 0.095854 0.0959025 0.0659047 0.0316164 0.0122052 0.00795168 0.0129304 0.0239699 0.0395775 0.0570157 0.0717041 0.0789775 0.0766546 0.0663104 0.0521679 0.0385529 0.0279048 0.0204891 0.0153765
 1.05604e-16 5.74771e-05 0.000558698 0.00371274 0.0168776 0.0525126 0.111884 0.163301 0.163317 0.11196 0.0527691 0.0176205 0.00558513 0.00467159 0.00794317 0.0132351 0.0195128 0.0254809 0.029827 0.0318984 0.0319911 0.0309547 0.0294759 0.0276685 0.0252382 0.0219456
 1.02474e-16 6.66842e-05 0.000648194 0.00430748 0.0195812 0.0609244 0.129806 0.189459 0.189474 0.129878 0.0611653 0.0202772 0.00605493 0.00446367 0.00731542 0.0119953 0.0172911 0.0217857 0.0240864 0.0235623 0.0207194 0.0168496 0.0132439 0.0105791 0.00883707 0.00762791
 1.03529e-16 3.40897e-05 0.000331364 0.00220203 0.0100101 0.0311455 0.0663607 0.0968657 0.0969152 0.0666025 0.0319572 0.0123543 0.0080849 0.0131698 0.0244049 0.0402612 0.0579204 0.0726777 0.0797504 0.0769202 0.0658498 0.0509534 0.0367726 0.0258973 0.0186235 0.0139352
 1.03162e-16 6.77081e-05 0.000658147 0.00437362 0.0198818 0.0618598 0.131799 0.192367 0.192376 0.131845 0.0620128 0.0203248 0.00549014 0.00311048 0.00476891 0.0078908 0.0116255 0.0151704 0.0177366 0.0189302 0.0189251 0.0182298 0.0172614 0.0161014 0.0145912 0.0126023
pSPR Fmed_Fpbrs
1   0.983446 0.6 0.325 0.983446 0.983446 0.983446
Fs Fmed_Fpbrs
0   0.01 0.347494 0.891219 0.01 0.01 0.01
SSBpbr Bo_Bmed_Bpbrs
275264  261501  256944 151395 75697.6 256944 256944 256944
Ro
78368.3
SPR SPRFo_SPRFmed_SPRFpbrs
564592 564592 555246
Fref
0
Nvult_r0
 65905.4 7850.62 5459.19 539.699 112.513
CTP_r0
 25930.9 4317.21 3066.29 303.477 63.2706
YTP_r0
356395
Np
 81596.7 30017.7 11042.9 4062.46 2044.29
Nvult_p0
 51578.9 18974.8 6980.45 2567.96 1292.24
CTP_p0
 0 0 0 0 0
 0 0 0 0 0
 0 0 0 0 0
 0 0 0 0 0
 0 0 0 0 0
 0 0 0 0 0
YTP_p0
 0 0 0 0 0 0
CBA_c0
0
log_Ro
11.0892
likeval ReclasPelacesDesembMPH_pf_preclas_ppelaces_ptallas_desvR_qrecl_qpela
 34.6024 27.3729 0.11691 71.708 266.926 140.61 124.639 0 36.2253 0.000111705 0.000214358 0.0304761 2067.31 0 0
q_reclas_q_pelaces
4.45794 7.92916
M
1
N
 50946 24862.7 53638.1 7215.02 0.13019
 50793.3 15431.9 6342.93 13442 1806.37
 144806 10816.4 2027.29 792.458 1899.74
 48185.5 30722.5 1411.09 251.439 332.937
 22410.1 7057.65 1994.42 84.1735 34.691
 273937 3702.81 574.926 150.951 8.95936
 31583.9 70960.4 703.557 105.776 29.3679
 10915.9 5804.15 7062.52 65.6982 12.5747
 30342.8 3266.93 1447.54 1728.29 19.1342
 33341.8 4839.36 248.983 102.169 122.812
 50780.6 2700 102.892 4.60662 4.12971
 123001 14228.9 594.806 22.1072 1.87441
 49657 22264.3 1376.38 53.9072 2.1656
 59493 7305.66 1457.52 82.8283 3.35867
 53165.3 2268.76 37.6046 6.09213 0.356109
 275133 5632.23 80.0115 1.18288 0.20155
 31933.1 49651 541.713 7.20821 0.124268
 365383 6933.39 6765.48 70.3241 0.949337
 175284 77857.2 911.923 846.304 8.89096
 293200 24965.6 4794.94 51.4738 48.0393
 200660 56090.8 2680.18 484.751 10.0262
 382931 43650.9 7670.53 349.251 64.3017
 30315.4 73553.7 4721.96 781.68 42.0037
 159833 7035.95 11363.6 699.288 121.696
 162705 37365.2 1101.92 1707.08 123.046
 45164.3 40018.3 6439.33 183.005 303.32
 124113 11933.7 7893.12 1232.05 92.8879
 156511 28732.8 1834.93 1163.1 194.776
 46582.3 40991.1 5573.77 345.012 254.87
 72059.3 12778.6 8676.66 1148.43 123.413
 115251 17805.2 2221.38 1454.17 212.722
 30586.6 26230.4 2651.24 316.496 236.91
 81596.7 8805.2 6080.22 600.87 125.263
pred_Ctot
 5778.48 4962.36 11150.1 1503.12 0.0271258
 14130.4 6800.5 2881.92 6117.35 822.137
 40499.9 4787.37 925.044 362.184 868.328
 19717.7 18222.8 856.255 152.758 202.284
 8316.8 3897.52 1129.26 47.7234 19.6699
 52709.7 1193.24 192.026 50.5145 2.99848
 10562.2 36204.3 368.842 55.5335 15.4197
 1308.5 1219.45 1544.82 14.4016 2.75681
 11611 1845.57 837.873 1001.67 11.0904
 18451.2 3506.49 183.128 75.2044 90.4034
 7821.44 713.578 28.2514 1.26745 1.13635
 41799 7350.18 315.615 11.7473 0.996094
 20253 13174.8 833.282 32.6759 1.31276
 39706.4 5888.73 1186.45 67.4586 2.7355
 26359.2 1534.38 25.8927 4.19872 0.245444
 93793.1 2916.5 42.5562 0.63004 0.107361
 8631.12 21369.4 240.5 3.20547 0.0552666
 101554 3053.1 3071.65 31.9806 0.431757
 73189.2 46849.8 561.109 521.348 5.47744
 93743.8 12299.2 2429.39 26.1186 24.3778
 54078.2 24083.4 1187.11 215.063 4.44858
 121858 21424.9 3872.31 176.577 32.5127
 7341.43 28890.7 1916.47 317.811 17.0792
 38204.2 2733.33 4562.39 281.254 48.9506
 35215.9 13337.6 407.071 631.79 45.5435
 8262.89 12335.7 2058.5 58.6164 97.1635
 30191.7 4705.16 3215.48 502.787 37.9101
 29296 9037.4 598.38 380.028 63.6473
 7669.1 11502.9 1623.92 100.722 74.4139
 15445.6 4523.31 3179.01 421.546 45.3046
 28879.4 7196.9 927.307 608.083 88.961
 4289.36 6366.43 669.096 80.0419 59.9213
 25930.9 4317.21 3066.29 303.477 63.2706
F
 0.194329 0.366026 0.383878 0.384866 0.384918
 0.546703 1.02974 1.07996 1.08274 1.08288
 0.550397 1.0367 1.08726 1.09005 1.0902
 0.920947 1.73464 1.81924 1.82392 1.82417
 0.800421 1.50763 1.58115 1.58522 1.58544
 0.350775 0.660699 0.692921 0.694705 0.694799
 0.694075 1.30732 1.37108 1.37461 1.37479
 0.206372 0.38871 0.407668 0.408717 0.408772
 0.835776 1.57422 1.65099 1.65524 1.65547
 1.51356 2.85086 2.98989 2.99759 2.99799
 0.272237 0.51277 0.537778 0.539162 0.539235
 0.709208 1.33582 1.40097 1.40458 1.40477
 0.916491 1.72625 1.81044 1.8151 1.81534
 2.26662 4.26928 4.47749 4.48901 4.48962
 1.2449 2.34482 2.45918 2.46551 2.46584
 0.712235 1.34152 1.40695 1.41057 1.41076
 0.527296 0.993185 1.04162 1.0443 1.04444
 0.546071 1.02855 1.07871 1.08149 1.08163
 0.948912 1.78732 1.87448 1.87931 1.87956
 0.653882 1.23161 1.29168 1.295 1.29518
 0.525386 0.989586 1.03785 1.04052 1.04066
 0.64984 1.224 1.28369 1.287 1.28717
 0.460623 0.867603 0.909916 0.912258 0.912381
 0.453389 0.853977 0.895625 0.89793 0.898052
 0.402602 0.758317 0.7953 0.797347 0.797455
 0.330943 0.623344 0.653745 0.655427 0.655516
 0.463149 0.87236 0.914906 0.91726 0.917384
 0.339769 0.639968 0.671179 0.672907 0.672998
 0.293447 0.552719 0.579675 0.581167 0.581246
 0.397997 0.749644 0.786204 0.788228 0.788334
 0.480193 0.904464 0.948575 0.951016 0.951145
 0.245218 0.461879 0.484405 0.485651 0.485717
 0.648686 1.22183 1.28142 1.28471 1.28489
YTP_r0W_actual
 195519 75335.4 73805.7 9504.91 2230.29
YTP_p0W_proyectada
 0 0 0 0 0
 0 0 0 0 0
 0 0 0 0 0
 0 0 0 0 0
 0 0 0 0 0
 0 0 0 0 0
CTP_r0_actual
 25930.9 4317.21 3066.29 303.477 63.2706
CTP_p0_proyectada
 0 0 0 0 0
 0 0 0 0 0
 0 0 0 0 0
 0 0 0 0 0
 0 0 0 0 0
 0 0 0 0 0
Wmedp
 7.54 17.45 24.07 31.32 35.25
Frms_r0
 0.648686 1.22183 1.28142 1.28471 1.28489
Zrms_r0
 1.64869 2.22183 2.28142 2.28471 2.28489
nmprior
 7.29 8.9 8.7 0
nm_flota  nm_reclas  nm_pelaces    nm_pelaL
inf 22.1111 7.6645 17.3092
cv_recla  cv_pelaces  cv_mph
0.254715 0.477606 0.678955
 ------------------------------------------------
Talla a la edad & desviaci?n 
 8 13.2811 15.8009 17.003 17.5766
 0.8 1.32811 1.58009 1.7003 1.75766
