years
 1991 1992 1993 1994 1995 1996 1997 1998 1999 2000 2001 2002 2003 2004 2005 2006 2007 2008 2009 2010 2011 2012 2013 2014 2015 2016 2017 2018 2019 2020 2021 2022 2023
reclasobs
 0 0 0 0 0 0 0 0 0 252601 567819 844713 477998 351125 339783 2.1784e+06 2.13404e+06 4.81314e+06 1.55562e+06 2.62356e+06 3.21686e+06 3.843e+06 1.13348e+06 3.07943e+06 1.97215e+06 2.03268e+06 2.025e+06 2.42433e+06 2.27542e+06 1.05018e+06 2.36338e+06 3.18982e+06 1.53035e+06
reclaspred
 8.98688e+06 2.28875e+06 1.14026e+06 952317 184850 3.21242e+06 1.70318e+06 530729 944136 251751 483441 1.11678e+06 608894 297867 474177 2.00616e+06 1.34659e+06 3.59757e+06 1.97607e+06 2.40417e+06 3.43691e+06 3.24456e+06 1.85098e+06 2.80054e+06 2.46545e+06 1.94827e+06 2.11684e+06 2.79527e+06 2.25816e+06 1.61218e+06 2.03559e+06 1.86836e+06 1.20318e+06
pelacesobs
 0 0 0 0 0 0 0 0 0 0 0 0 0 0 0 552880 188675 0 991730 2.46772e+06 1.41603e+06 1.21717e+06 2.29649e+06 1.80582e+06 0 1.4828e+06 1.56532e+06 1.57751e+06 1.42118e+06 867257 1.10002e+06 1.06204e+06 0
pelacespred
 7.55001e+06 1.67646e+06 573099 355008 63581.9 1.87056e+06 847034 373984 508455 85162.2 267840 513924 256377 97406.1 211498 902365 626883 1.97614e+06 883475 1.03366e+06 1.68599e+06 1.59467e+06 969172 1.69933e+06 1.40407e+06 1.14083e+06 1.39387e+06 1.69047e+06 1.34327e+06 1.02168e+06 1.04097e+06 1.09515e+06 602746
mphobs
 0 0 0 0 0 0 0 0 0 0 0 0 498337 0 5186 125008 0 168611 109162 213762 579715 649985 157893 87575 83554 210694 70296 0 107559 103333 445601 22526 28222
mphpred
 2.1062e+06 803474 115661 196757 71421 11530.2 609687 129233 43730.8 112709 11970.8 97063.3 154338 30007.8 13215.1 50094.1 349451 128434 453149 244122 657360 501925 141968 55317 142082 124997 71744.3 100986 186049 87369.6 65483.6 118504 42684.3
desembarqueobs
 494567 514787 250237 358949 120608 361735 552515 73892 212993 205616 52469 317467 293654 387597 252695 516296 358380 742168 942051 627588 828172 859565 418607 520667 417249 300574 415391 372974 316634 284311 391294 218835 356480
desembarquepred
 494500 514367 250029 358489 120498 361529 551842 73863.8 212818 205382 52454 317079 293233 386913 252268 515647 358144 741367 939729 626463 827726 858367 418059 520225 416713 300232 414941 372573 316163 283759 390731 218757 356253
Reclutas
 11955 7789.09 183460 45662.5 7898.29 282929 9683.69 3007.71 52299.6 10758.9 45212.1 121672 45326.1 61883.9 49914.2 264963 19582.9 356948 165043 279877 174754 393883 18941.9 148013 157973 33278.7 116508 142677 30933.6 76303.9 108270 17065.6 83228.9
log_desv_Rt
 -1.57011 -1.99854 1.16073 -0.229987 -1.98462 1.59393 -1.78082 -2.95008 -0.094275 -1.67553 -0.2399 0.750061 -0.23738 0.0739966 -0.140959 1.52833 -1.07661 1.82633 1.05494 1.58309 1.11211 1.92479 -1.10989 0.946035 1.01116 -0.546346 0.7067 0.90932 -0.619423 0.28346 0.633365 -1.2142 0.37033
SSB
 1.58559e+06 604872 87072.2 148123 53767.2 8680.2 458985 97289.1 32921.5 84849.7 9011.9 73071.3 105756 21344.6 9256.78 35940.8 263074 96687.7 363118 120097 337055 278198 365959 133209 307637 295387 156181 206534 400719 171779 157722 289502 96692.2
BT
 1.98995e+06 885506 417720 370441 114583 1.2562e+06 705038 157343 423771 206275 169939 485773 351443 442775 350902 847698 458229 1.59985e+06 1.20903e+06 931958 1.33816e+06 1.39242e+06 609032 1.25038e+06 859340 594054 1.02179e+06 1.02923e+06 620949 639871 738450 477301 565841
Ftot
 0.328944 1.22064 1.21895 1.71994 2.54686 0.655813 1.45543 0.781266 1.25343 2.88018 0.629567 1.47597 2.13605 4.67323 2.60383 1.40509 1.26437 1.14914 2.12176 1.39889 1.23387 1.38893 1.104 1.04201 0.901256 0.80646 1.08088 0.744832 0.725722 0.970819 1.04443 0.615735 1.55554
BD_Bspro_t
 0.94873 0.595009 0.185583 0.280569 0.0977495 0.0235376 0.450904 0.138082 0.0760788 0.183621 0.0356094 0.30659 0.237747 0.0540869 0.024113 0.0869939 0.28381 0.126645 0.2759 0.110771 0.21023 0.181154 0.234843 0.115133 0.257118 0.293683 0.219628 0.30078 0.428274 0.259213 0.269468 0.352424 0.225902
BD_Bspro
 3.82961 1.46092 0.210302 0.357755 0.129862 0.0209649 1.10857 0.234979 0.0795139 0.204934 0.0217661 0.176486 0.255429 0.0515527 0.0223575 0.0868065 0.635393 0.233526 0.877025 0.290067 0.814076 0.671922 0.883886 0.321736 0.743024 0.713436 0.377218 0.498834 0.967842 0.414892 0.38094 0.699223 0.233537
BD_Bo
 6.6668 2.54326 0.366106 0.6228 0.226071 0.0364969 1.92986 0.409064 0.138422 0.356761 0.0378916 0.307237 0.444665 0.0897457 0.0389212 0.151117 1.10613 0.406535 1.52677 0.504964 1.41719 1.16972 1.53872 0.560095 1.2935 1.24199 0.656682 0.868398 1.68487 0.722267 0.663162 1.21725 0.406554
BD_Brms
 7.14783 2.72676 0.392521 0.667737 0.242382 0.0391303 2.0691 0.438579 0.14841 0.382502 0.0406256 0.329405 0.476749 0.0962212 0.0417295 0.162021 1.18594 0.435868 1.63693 0.541399 1.51944 1.25412 1.64974 0.600508 1.38683 1.3316 0.704063 0.931055 1.80644 0.774381 0.711011 1.30507 0.435888
Sel_flota
 0.548125 1 1 1 1
 0.548125 1 1 1 1
 0.548125 1 1 1 1
 0.548125 1 1 1 1
 0.548125 1 1 1 1
 0.548125 1 1 1 1
 0.548125 1 1 1 1
 0.548125 1 1 1 1
 0.548125 1 1 1 1
 0.548125 1 1 1 1
 0.548125 1 1 1 1
 0.548125 1 1 1 1
 0.548125 1 1 1 1
 0.548125 1 1 1 1
 0.548125 1 1 1 1
 0.548125 1 1 1 1
 0.548125 1 1 1 1
 0.548125 1 1 1 1
 0.548125 1 1 1 1
 0.548125 1 1 1 1
 0.548125 1 1 1 1
 0.548125 1 1 1 1
 0.548125 1 1 1 1
 0.548125 1 1 1 1
 0.548125 1 1 1 1
 0.548125 1 1 1 1
 0.548125 1 1 1 1
 0.548125 1 1 1 1
 0.548125 1 1 1 1
 0.548125 1 1 1 1
 0.548125 1 1 1 1
 0.548125 1 1 1 1
 0.548125 1 1 1 1
Sel_reclas
 0.51257 0.841073 0.963812 0.992595 0.99852
 0.51257 0.841073 0.963812 0.992595 0.99852
 0.51257 0.841073 0.963812 0.992595 0.99852
 0.51257 0.841073 0.963812 0.992595 0.99852
 0.51257 0.841073 0.963812 0.992595 0.99852
 0.51257 0.841073 0.963812 0.992595 0.99852
 0.51257 0.841073 0.963812 0.992595 0.99852
 0.51257 0.841073 0.963812 0.992595 0.99852
 0.51257 0.841073 0.963812 0.992595 0.99852
 0.51257 0.841073 0.963812 0.992595 0.99852
 0.51257 0.841073 0.963812 0.992595 0.99852
 0.51257 0.841073 0.963812 0.992595 0.99852
 0.51257 0.841073 0.963812 0.992595 0.99852
 0.51257 0.841073 0.963812 0.992595 0.99852
 0.51257 0.841073 0.963812 0.992595 0.99852
 0.51257 0.841073 0.963812 0.992595 0.99852
 0.51257 0.841073 0.963812 0.992595 0.99852
 0.51257 0.841073 0.963812 0.992595 0.99852
 0.51257 0.841073 0.963812 0.992595 0.99852
 0.51257 0.841073 0.963812 0.992595 0.99852
 0.51257 0.841073 0.963812 0.992595 0.99852
 0.51257 0.841073 0.963812 0.992595 0.99852
 0.51257 0.841073 0.963812 0.992595 0.99852
 0.51257 0.841073 0.963812 0.992595 0.99852
 0.51257 0.841073 0.963812 0.992595 0.99852
 0.51257 0.841073 0.963812 0.992595 0.99852
 0.51257 0.841073 0.963812 0.992595 0.99852
 0.51257 0.841073 0.963812 0.992595 0.99852
 0.51257 0.841073 0.963812 0.992595 0.99852
 0.51257 0.841073 0.963812 0.992595 0.99852
 0.51257 0.841073 0.963812 0.992595 0.99852
 0.51257 0.841073 0.963812 0.992595 0.99852
 0.51257 0.841073 0.963812 0.992595 0.99852
Sel_pelaces
 0.368173 0.745713 0.936542 0.986715 0.997332
 0.368173 0.745713 0.936542 0.986715 0.997332
 0.368173 0.745713 0.936542 0.986715 0.997332
 0.368173 0.745713 0.936542 0.986715 0.997332
 0.368173 0.745713 0.936542 0.986715 0.997332
 0.368173 0.745713 0.936542 0.986715 0.997332
 0.368173 0.745713 0.936542 0.986715 0.997332
 0.368173 0.745713 0.936542 0.986715 0.997332
 0.368173 0.745713 0.936542 0.986715 0.997332
 0.368173 0.745713 0.936542 0.986715 0.997332
 0.368173 0.745713 0.936542 0.986715 0.997332
 0.368173 0.745713 0.936542 0.986715 0.997332
 0.368173 0.745713 0.936542 0.986715 0.997332
 0.368173 0.745713 0.936542 0.986715 0.997332
 0.368173 0.745713 0.936542 0.986715 0.997332
 0.368173 0.745713 0.936542 0.986715 0.997332
 0.368173 0.745713 0.936542 0.986715 0.997332
 0.368173 0.745713 0.936542 0.986715 0.997332
 0.368173 0.745713 0.936542 0.986715 0.997332
 0.368173 0.745713 0.936542 0.986715 0.997332
 0.368173 0.745713 0.936542 0.986715 0.997332
 0.368173 0.745713 0.936542 0.986715 0.997332
 0.368173 0.745713 0.936542 0.986715 0.997332
 0.368173 0.745713 0.936542 0.986715 0.997332
 0.368173 0.745713 0.936542 0.986715 0.997332
 0.368173 0.745713 0.936542 0.986715 0.997332
 0.368173 0.745713 0.936542 0.986715 0.997332
 0.368173 0.745713 0.936542 0.986715 0.997332
 0.368173 0.745713 0.936542 0.986715 0.997332
 0.368173 0.745713 0.936542 0.986715 0.997332
 0.368173 0.745713 0.936542 0.986715 0.997332
 0.368173 0.745713 0.936542 0.986715 0.997332
 0.368173 0.745713 0.936542 0.986715 0.997332
pf_obs 
 0.8446 0.082 0.0669 0.0065 0
 0.8095 0.147 0.0364 0.0071 0
 0.9664 0.0169 0.016 0.0007 0
 0.9276 0.0648 0.0075 0.0001 0
 0.7033 0.2144 0.0806 0.0017 0
 0.9318 0.0425 0.0243 0.0014 0
 0.5671 0.3108 0.0964 0.0239 0.0018
 0.0768 0.2599 0.5324 0.112 0.0189
 0.490249 0.384438 0.106611 0.0170017 0.00170017
 0.7925 0.1577 0.0466 0.003 0.0002
 0.840416 0.127587 0.0312969 0.00059994 9.999e-05
 0.8084 0.0986 0.0794 0.0134 0.0002
 0.7335 0.1905 0.0724 0.0035 0.0001
 0.4001 0.4547 0.1325 0.0127 0
 0.49795 0.308269 0.164784 0.0264974 0.00249975
 0.9179 0.0499 0.0305 0.0017 0
 0.2467 0.6533 0.0926 0.0074 0
 0.9418 0.0223 0.034 0.0019 0
 0.707729 0.231977 0.0356964 0.0245975 0
 0.517169 0.277429 0.184464 0.0207286 0.00020938
 0.811772 0.124168 0.05621 0.00726502 0.000585176
 0.764997 0.148141 0.077277 0.00933861 0.000247198
 0.163321 0.427699 0.378323 0.0303852 0.000271297
 0.753843 0.0900009 0.118128 0.0371064 0.000921714
 0.721811 0.176058 0.0630433 0.0369309 0.00215725
 0.143369 0.312575 0.442814 0.0836902 0.0175525
 0.692698 0.0596174 0.167031 0.0765114 0.00414204
 0.394062 0.376323 0.152708 0.0712218 0.00568511
 0.125707 0.32114 0.495352 0.0537591 0.00404204
 0.23352 0.215282 0.420074 0.123614 0.00750983
 0.796117 0.104755 0.0508955 0.0450114 0.00322123
 0.162477 0.292055 0.404252 0.121198 0.0200186
 0 0 0 0 0
pf_pred 
 0.0671039 0.171254 0.670287 0.091354 9.92676e-07
 0.150183 0.106653 0.136424 0.533964 0.0727752
 0.963267 0.0116094 0.00315303 0.00403315 0.0179372
 0.477929 0.514562 0.00237304 0.000644499 0.00449088
 0.403773 0.440538 0.153451 0.000707676 0.00153145
 0.994414 0.00412296 0.00108069 0.000376433 5.49285e-06
 0.0832699 0.914388 0.00172869 0.000453117 0.000160135
 0.193081 0.164783 0.640495 0.00121089 0.000429561
 0.944619 0.0195346 0.00732035 0.0284534 7.28754e-05
 0.458383 0.529863 0.00414616 0.00155372 0.00605461
 0.964359 0.0285074 0.00697895 5.46101e-05 0.000100211
 0.874321 0.12358 0.0016788 0.000410989 9.11739e-06
 0.613531 0.367879 0.0182791 0.000248316 6.21393e-05
 0.896514 0.0880018 0.0147398 0.000732387 1.2439e-05
 0.955379 0.0440966 0.000445956 7.46951e-05 3.77447e-06
 0.975843 0.0238942 0.000259363 2.62298e-06 4.61534e-07
 0.223097 0.770042 0.006787 7.36704e-05 8.76137e-07
 0.96573 0.0148166 0.0192821 0.000169949 1.86667e-06
 0.630248 0.364687 0.00218979 0.00284977 2.53932e-05
 0.895768 0.0894903 0.0145395 8.73039e-05 0.000114629
 0.699887 0.288024 0.010379 0.00168629 2.342e-05
 0.875333 0.107168 0.0167944 0.00060519 9.96911e-05
 0.14825 0.810001 0.0358888 0.00562418 0.000236054
 0.884905 0.0350757 0.0760969 0.00337163 0.000550549
 0.756268 0.231536 0.00371666 0.0080633 0.000415598
 0.341263 0.579673 0.0751083 0.00120565 0.00275048
 0.839818 0.0870035 0.0643949 0.00834365 0.00043948
 0.776626 0.207539 0.00860044 0.00636554 0.000868227
 0.327621 0.596243 0.0707392 0.00293143 0.00246561
 0.769832 0.120103 0.0976018 0.0115796 0.000883468
 0.791262 0.18574 0.012001 0.0097526 0.00124534
 0.294902 0.637088 0.0605166 0.00391009 0.00358329
 0.859264 0.0669129 0.0667024 0.00633602 0.000784548
pobs_RECLAS
 0 0 0 0 0
 0 0 0 0 0
 0 0 0 0 0
 0 0 0 0 0
 0 0 0 0 0
 0 0 0 0 0
 0 0 0 0 0
 0 0 0 0 0
 0 0 0 0 0
 0 0 0 0 0
 0.991045 0.00858322 0.000360255 1.14367e-05 0
 0.934742 0.0480273 0.0164251 0.00080598 0
 0.827803 0.169806 0.00239088 0 0
 0.941827 0.0461693 0.0120037 0 0
 0.791401 0.0380133 0.147996 0.0225897 0
 0.846168 0.0940531 0.0597789 0 0
 0.134021 0.677848 0.182769 0.00536245 0
 0.80878 0.0450904 0.141981 0.00414843 0
 0.846168 0.0940531 0.0597789 0 0
 0.905697 0.0802665 0.012482 0.00150086 5.37128e-05
 0.989698 0.0102097 9.19794e-05 0 0
 0.975433 0.0193895 0.00387452 0.00125025 5.28907e-05
 0.303575 0.632131 0.0575291 0.00676475 0
 0.966965 0.00978017 0.0227588 0.000495775 0
 0.843318 0.132988 0.00938335 0.0141283 0.000182051
 0.564624 0.303363 0.111486 0.0197234 0.00080311
 0.826376 0.0876187 0.0782897 0.00655872 0.00115652
 0.89761 0.0855135 0.0140674 0.00269457 0.000114338
 0.34875 0.467042 0.161289 0.0227151 0.000203297
 0.318654 0.224769 0.449479 0.00709798 0
 0.937255 0.0296025 0.0250945 0.00804832 0
 0.456809 0.399803 0.12412 0.0192676 0
 0.883104 0.0372192 0.0704036 0.00927362 0
ppred_RECLAS
 0.0674556 0.152508 0.684025 0.0960104 1.0495e-06
 0.156424 0.0918491 0.134633 0.542689 0.0744058
 0.965776 0.00962567 0.00299576 0.00394642 0.0176563
 0.538374 0.453854 0.00239851 0.00067087 0.00470254
 0.482041 0.368607 0.147132 0.000698801 0.00152127
 0.994954 0.00357949 0.00107516 0.000385689 5.66151e-06
 0.101138 0.89621 0.00194158 0.000524116 0.000186333
 0.199607 0.146434 0.652236 0.0012699 0.000453187
 0.949006 0.0161742 0.00694557 0.0278029 7.16343e-05
 0.558635 0.430183 0.0038574 0.00148868 0.00583579
 0.967986 0.0248757 0.00697856 5.62378e-05 0.000103814
 0.896032 0.101972 0.00158741 0.000400222 8.93154e-06
 0.679752 0.302711 0.017236 0.000241138 6.07032e-05
 0.945777 0.0451138 0.00865901 0.000443095 7.57053e-06
 0.968508 0.0310667 0.000360032 6.21042e-05 3.15696e-06
 0.98028 0.0194745 0.000242237 2.52294e-06 4.46582e-07
 0.258361 0.73414 0.00741483 8.28888e-05 9.91652e-07
 0.968994 0.0123778 0.018459 0.000167552 1.85133e-06
 0.69563 0.299522 0.00206096 0.00276221 2.47599e-05
 0.912053 0.0739762 0.0137729 8.51702e-05 0.000112495
 0.737335 0.250563 0.0103467 0.00173124 2.41879e-05
 0.894338 0.08899 0.0159809 0.000593072 9.82782e-05
 0.17125 0.782347 0.039722 0.00641078 0.000270674
 0.892379 0.0297446 0.0739482 0.00337427 0.00055427
 0.783277 0.204143 0.00375515 0.0083901 0.000435023
 0.372387 0.542652 0.0805722 0.00133198 0.00305682
 0.854132 0.0741455 0.0628866 0.00839155 0.000444641
 0.799502 0.184171 0.00874583 0.00666646 0.000914698
 0.356953 0.560797 0.0762433 0.00325387 0.00275315
 0.786692 0.103862 0.0967208 0.0118178 0.00090702
 0.815818 0.161003 0.0119207 0.0099767 0.00128156
 0.321474 0.604331 0.0657823 0.00437724 0.00403534
 0.876462 0.05447 0.0622225 0.00608699 0.000758211
pobs_PELACES
 0 0 0 0 0
 0 0 0 0 0
 0 0 0 0 0
 0 0 0 0 0
 0 0 0 0 0
 0 0 0 0 0
 0 0 0 0 0
 0 0 0 0 0
 0 0 0 0 0
 0 0 0 0 0
 0 0 0 0 0
 0 0 0 0 0
 0 0 0 0 0
 0 0 0 0 0
 0 0 0 0 0
 0 0 0 0 0
 0.505614 0.472636 0.0217494 0 0
 0 0 0 0 0
 0.443492 0.261883 0.143347 0.151278 0
 0.227955 0.32914 0.350689 0.0885471 0.00366901
 0.970185 0.0296113 0.000203453 0 0
 0.997202 0.00247181 0.000326279 0 0
 0.445219 0.490057 0.0546422 0.010081 0
 0.90214 0.0892962 0.00764917 0.000914606 0
 0 0 0 0 0
 0.581667 0.319106 0.0959925 0.00289975 0.000334073
 0.762889 0.0836404 0.116647 0.0363945 0.000428098
 0.88444 0.0763242 0.0277011 0.0115352 0
 0.521256 0.241999 0.230069 0.00667565 0
 0.616807 0.101726 0.260614 0.0208532 0
 0.833518 0.0704572 0.0857862 0.0102388 0
 0.697417 0.212968 0.0787535 0.0105354 0.000325836
 0 0 0 0 0
ppred_PELACES
 0.0537808 0.142902 0.70245 0.100866 1.10783e-06
 0.140282 0.0847545 0.136155 0.561462 0.0773463
 0.961845 0.00986639 0.00336536 0.00453537 0.0203879
 0.54928 0.442263 0.00256155 0.000732967 0.00516229
 0.517481 0.334099 0.146156 0.000710146 0.00155333
 0.994188 0.00400364 0.00131796 0.000483674 7.13364e-06
 0.101701 0.895376 0.00212593 0.000587091 0.000209715
 0.173885 0.140144 0.68412 0.00136265 0.0004886
 0.943944 0.0164728 0.00775262 0.031748 8.21882e-05
 0.611031 0.378011 0.00371486 0.00146667 0.0057769
 0.963422 0.0278222 0.00855419 7.05222e-05 0.000130803
 0.896738 0.101083 0.00172458 0.000444815 9.97395e-06
 0.701687 0.280496 0.0175037 0.000250522 6.33658e-05
 0.965411 0.0283157 0.00595639 0.000311815 5.3529e-06
 0.973465 0.0261412 0.000332022 5.85911e-05 2.99256e-06
 0.980237 0.0194936 0.000265743 2.83148e-06 5.03583e-07
 0.253983 0.737756 0.00816643 9.33924e-05 1.12263e-06
 0.965997 0.0128327 0.0209739 0.000194763 2.16224e-06
 0.71721 0.277797 0.00209491 0.00287235 2.58698e-05
 0.910669 0.0740078 0.0151011 9.55335e-05 0.000126784
 0.73126 0.255186 0.0115489 0.00197688 2.77513e-05
 0.892564 0.089119 0.0175399 0.000665914 0.000110874
 0.164066 0.78475 0.0436677 0.00720983 0.000305861
 0.879963 0.0309943 0.0844497 0.00394217 0.000650638
 0.768902 0.216254 0.00435967 0.00996502 0.000519142
 0.348557 0.555922 0.0904637 0.00152993 0.00352783
 0.841633 0.076758 0.07135 0.00974009 0.000518554
 0.781588 0.198877 0.0103505 0.00807122 0.00111272
 0.331059 0.576158 0.0858488 0.00374816 0.00318647
 0.766705 0.108106 0.110334 0.0137915 0.00106354
 0.805323 0.167884 0.0136232 0.011664 0.00150544
 0.2939 0.622147 0.0742205 0.00505243 0.00467997
 0.872932 0.0531014 0.0664803 0.00665323 0.00083269
pobs_pel_tallas
 0 0 0 0 0 0 0 0 0 0 0 0 0 0 0 0 0 0 0 0 0 0 0 0 0 0
 0 0 0 0 0 0 0 0 0 0 0 0 0 0 0 0 0 0 0 0 0 0 0 0 0 0
 0 0 0 0 0 0 0 0 0 0 0 0 0 0 0 0 0 0 0 0 0 0 0 0 0 0
 0 0 0 0 0 0 0 0 0 0 0 0 0 0 0 0 0 0 0 0 0 0 0 0 0 0
 0 0 0 0 0 0 0 0 0 0 0 0 0 0 0 0 0 0 0 0 0 0 0 0 0 0
 0 0 0 0 0 0 0 0 0 0 0 0 0 0 0 0 0 0 0 0 0 0 0 0 0 0
 0 0 0 0 0 0 0 0 0 0 0 0 0 0 0 0 0 0 0 0 0 0 0 0 0 0
 0 0 0 0 0 0 0 0 0 0 0 0 0 0 0 0 0 0 0 0 0 0 0 0 0 0
 0 0 0 0 0 0 0 0 0 0 0 0 0 0 0 0 0 0 0 0 0 0 0 0 0 0
 0 0 0 0 0 0 0 0 0 0 0 0 0 0 0 0 0 0 0 0 0 0 0 0 0 0
 0 0 0 0 0 0 0 0 0 0 0 0 0 0 0 0 0 0 0 0 0 0 0 0 0 0
 0 0 0 0 0 0 0 0 0 0 0 0 0 0 0 0 0 0 0 0 0 0 0 0 0 0
 0.00862536 0 0 0.000197151 0.00414017 0.0128641 0.00837892 0.0270097 0.101434 0.158115 0.152841 0.127902 0.109271 0.109419 0.0830992 0.0579132 0.0238553 0.00714673 0.00463305 0.00128148 0.00103504 0.000492878 0.000147863 0.000147863 4.92878e-05 0
 0 0 0 0 0 0 0 0 0 0 0 0 0 0 0 0 0 0 0 0 0 0 0 0 0 0
 0 0 0 0 0 0 0 0.0054083 0.00873648 0.0413646 0.0450493 0.0745869 0.0622846 0.0627006 0.0613931 0.0827291 0.12552 0.122667 0.0946155 0.0697135 0.0546179 0.0294188 0.0215738 0.0213955 0.0102223 0.00600262
 0 0 0 0 0.00359764 0.0251062 0.0480494 0.140153 0.205849 0.193036 0.1447 0.116669 0.0760912 0.0342217 0.00950174 0.001854 0.000860785 0 0 0 0.000165536 0 0.000143464 0 0 0
 0 0 0 0 0 0 0 0.000145254 0.000435761 0.0275982 0.070085 0.0708112 0.156366 0.174668 0.174014 0.160142 0.0824315 0.0480064 0.0283245 0.00493863 0.00203355 0 0 0 0 0
 0 0 0 0 0 0 0 0 0 0 0 0 0 0 0 0 0 0 0 0 0 0 0 0 0 0
 0 0 1.00437e-05 0.000401748 0.00122533 0.00171747 0.00176769 0.0269171 0.070346 0.194647 0.189555 0.159765 0.064822 0.0314167 0.0384472 0.0292271 0.0345202 0.0313363 0.0194345 0.0106764 0.0143323 0.0359363 0.0279516 0.0138201 0.00172751 0
 0 0.0021121 0.0136068 0.0755702 0.200478 0.177729 0.0527432 0.0373336 0.0318909 0.0142505 0.0149659 0.0166563 0.0217959 0.0798694 0.0677717 0.0528807 0.04013 0.0224614 0.0357745 0.0225083 0.00881397 0.00855152 0.00135912 0.000746735 0 0
 0 0 0 0 5.4009e-05 0.00500934 0.000945158 0.0243581 0.138947 0.33067 0.221406 0.137944 0.0707744 0.0437923 0.0131692 0.00525238 0.0047753 0.00276346 9.45158e-05 9.00151e-06 2.25038e-05 9.00151e-06 4.50075e-06 0 0 0
 0.000866109 0.00284123 0.00948549 0.0512746 0.133035 0.25785 0.225252 0.132002 0.0553304 0.0519788 0.0540692 0.017754 0.00435017 0.00159236 0.00146478 0.000404838 0.000125132 0.000115318 0.000107957 0.000100596 0 0 0 0 0 0
 0 0 0 0 0.00144013 0.00171154 0.00461396 0.0210425 0.0478622 0.0707936 0.0888783 0.103762 0.0637923 0.0337046 0.0602308 0.124433 0.169614 0.0934646 0.0462172 0.0250306 0.0313229 0.00938855 0.002487 0.000210481 0 0
 0 0.00764035 0.051015 0.0998891 0.058973 0.0496711 0.0374665 0.0718981 0.12319 0.153886 0.159021 0.0857701 0.0377988 0.023471 0.0147837 0.00900784 0.00315554 0.000888139 0.00291439 0.00214683 0.00393193 0.00274676 0.000635225 9.99891e-05 0 0
 0 0 0 0 0 0 0 0 0 0 0 0 0 0 0 0 0 0 0 0 0 0 0 0 0 0
 0 0 0 0 0 0 0 0 0 0 0 0 0 0 0 0 0 0 0 0 0 0 0 0 0 0
 0 0 0 0 0 0 0 0 0 0 0 0 0 0 0 0 0 0 0 0 0 0 0 0 0 0
 0 0 0 0 0 0 0 0 0 0 0 0 0 0 0 0 0 0 0 0 0 0 0 0 0 0
 0 0 0 0 0 0 0 0 0 0 0 0 0 0 0 0 0 0 0 0 0 0 0 0 0 0
 0 0 0 0 0 0 0 0 0 0 0 0 0 0 0 0 0 0 0 0 0 0 0 0 0 0
 0 0 0 0 0 0 0 0 0 0 0 0 0 0 0 0 0 0 0 0 0 0 0 0 0 0
 0 0 0 0 0 0 0 0 0 0 0 0 0 0 0 0 0 0 0 0 0 0 0 0 0 0
 0 0 0 0 0 0 0 0 0 0 0 0 0 0 0 0 0 0 0 0 0 0 0 0 0 0
ppred_pel_tallas
 1.30424e-16 4.42989e-06 4.30601e-05 0.00028615 0.00130081 0.00404737 0.0086239 0.0125899 0.0126048 0.00869702 0.00429604 0.00203295 0.0021764 0.00434316 0.00868013 0.0156713 0.0256708 0.0387413 0.0547405 0.073307 0.0934495 0.11295 0.128292 0.135648 0.13256 0.119244
 1.73347e-16 1.15549e-05 0.000112317 0.000746388 0.00339298 0.0105569 0.0224928 0.0328307 0.0328393 0.0225349 0.0106995 0.00381091 0.00181845 0.00253203 0.00485145 0.00867785 0.0141846 0.0216389 0.031608 0.0450938 0.0631829 0.0861468 0.112467 0.138507 0.159268 0.169995
 1.04005e-16 7.92259e-05 0.000770104 0.00511761 0.0232639 0.0723827 0.154219 0.225087 0.225088 0.154224 0.0723985 0.0233097 0.00523293 0.00102369 0.000566685 0.000828096 0.00122811 0.0016448 0.00202699 0.00238742 0.0028105 0.00340745 0.00423876 0.0052546 0.00629056 0.00711931
 1.01135e-16 4.52436e-05 0.000439784 0.00292252 0.0132854 0.041336 0.0880722 0.128553 0.128595 0.08828 0.0420333 0.0152983 0.00797037 0.0114436 0.0208974 0.0343554 0.0492035 0.0612824 0.0663917 0.0626064 0.0514647 0.0370134 0.0234997 0.0134684 0.00734274 0.00419926
 1.04638e-16 4.26243e-05 0.000414323 0.00275333 0.0125162 0.0389429 0.0829731 0.121108 0.121141 0.0831312 0.0394743 0.014053 0.0066179 0.00887384 0.0161761 0.0268487 0.039073 0.0499582 0.0565388 0.0573662 0.0532578 0.0465408 0.0394715 0.0331357 0.0274873 0.022104
 1.00089e-16 8.18899e-05 0.000795999 0.00528969 0.0240462 0.0748166 0.159405 0.232656 0.232656 0.159407 0.074823 0.0240646 0.00533589 0.000897063 0.000274447 0.000325719 0.000465023 0.000592519 0.000667974 0.000674729 0.00062434 0.000546887 0.000471054 0.000409804 0.000360218 0.000313061
 1.00385e-16 8.37718e-06 8.14292e-05 0.00054113 0.00245995 0.00765428 0.0163114 0.0238251 0.0239112 0.016732 0.0090659 0.00653454 0.010759 0.0223539 0.0422105 0.0695137 0.0995364 0.123907 0.134104 0.126203 0.103301 0.0735858 0.045679 0.0247875 0.0118487 0.00508514
 1.19998e-16 1.43227e-05 0.000139222 0.000925179 0.00420574 0.0130857 0.027881 0.0406961 0.0407107 0.0279525 0.0133287 0.0049205 0.0027682 0.00432382 0.00843245 0.0151405 0.0246417 0.0368525 0.0514451 0.0678594 0.0849756 0.100637 0.111675 0.114902 0.108649 0.0938384
 1.03426e-16 7.77515e-05 0.000755772 0.00502237 0.022831 0.0710356 0.151349 0.220899 0.2209 0.151357 0.0710621 0.0229077 0.00521606 0.00118244 0.000899921 0.00139749 0.00208744 0.00280965 0.00347318 0.00407351 0.00470166 0.00547179 0.00641053 0.00739335 0.00817742 0.00850889
 1.01329e-16 5.03299e-05 0.000489224 0.00325107 0.0147789 0.0459829 0.0979727 0.143002 0.143038 0.0981503 0.046579 0.0164996 0.00756627 0.00989644 0.0178785 0.0293781 0.0420838 0.0524368 0.0568521 0.0536895 0.0442648 0.0320319 0.0206084 0.012152 0.00700499 0.00436269
 1.00284e-16 7.93558e-05 0.000771367 0.005126 0.0233021 0.0725014 0.154472 0.225457 0.22546 0.154485 0.0725455 0.0234296 0.00544654 0.00147215 0.0014133 0.00221867 0.00320623 0.00406816 0.00454762 0.00452352 0.00407244 0.00340639 0.00273709 0.00217604 0.00172884 0.0013538
 1.00122e-16 7.38631e-05 0.000717976 0.0047712 0.0216892 0.0674832 0.143781 0.209854 0.209864 0.143828 0.0676426 0.0221494 0.0059253 0.00323403 0.00484246 0.0078628 0.0112588 0.0140301 0.0152132 0.0143659 0.0118346 0.00853644 0.00543386 0.00310397 0.00164596 0.000859093
 1.00613e-16 5.7797e-05 0.000561808 0.00373341 0.0169716 0.052805 0.112508 0.164214 0.164241 0.11264 0.0532477 0.0182499 0.00694037 0.00755636 0.0133232 0.0218855 0.0314054 0.0392468 0.0427613 0.0407214 0.0340571 0.0252491 0.016887 0.0105029 0.006346 0.00388861
 1.00212e-16 7.95196e-05 0.000772959 0.00513658 0.0233502 0.072651 0.154791 0.225922 0.225925 0.154804 0.0726959 0.0234797 0.00546184 0.00148341 0.00142997 0.00224115 0.00322744 0.00407178 0.00450905 0.00441601 0.00387716 0.00312186 0.00238314 0.00178962 0.00135325 0.0010261
 1.00023e-16 8.0183e-05 0.000779408 0.00517944 0.023545 0.0732572 0.156082 0.227807 0.22781 0.156095 0.0732984 0.023664 0.00547786 0.00142996 0.00131305 0.00203688 0.00291007 0.00362487 0.00392808 0.00370505 0.00304555 0.00218731 0.00138013 0.000774251 0.000396032 0.000193776
 1.00014e-16 8.07409e-05 0.00078483 0.00521547 0.0237088 0.0737668 0.157168 0.229392 0.229394 0.157177 0.0737975 0.0237975 0.005438 0.00126995 0.00100011 0.00152041 0.00217016 0.00270311 0.00292912 0.00276255 0.00227021 0.0016293 0.00102608 0.000572689 0.000289073 0.000137025
 1.00434e-16 2.09204e-05 0.000203354 0.00135136 0.00614313 0.0191139 0.0407269 0.0594569 0.0595279 0.0410735 0.0202773 0.00950115 0.0097727 0.0185615 0.0348105 0.0573165 0.0820968 0.102253 0.110771 0.104418 0.085727 0.0614138 0.0385404 0.0213622 0.010639 0.00492166
 1.00629e-16 7.95679e-05 0.000773428 0.0051397 0.0233643 0.0726951 0.154885 0.226059 0.22606 0.154891 0.072716 0.0234251 0.00529362 0.00111407 0.000740044 0.0011326 0.00170507 0.00231204 0.00285764 0.00328736 0.00359661 0.00379741 0.00387462 0.00377942 0.0034687 0.00295274
 1.00424e-16 5.90757e-05 0.000574237 0.00381601 0.017347 0.0539732 0.114997 0.167846 0.167873 0.115127 0.0544112 0.0186114 0.00698692 0.00748667 0.0131585 0.0215855 0.030914 0.0385077 0.041726 0.0393576 0.0323635 0.0232774 0.0147578 0.00839691 0.00446195 0.00238438
 1.00486e-16 7.50106e-05 0.00072913 0.00484532 0.0220261 0.0685315 0.146014 0.213113 0.21312 0.146049 0.0686487 0.0223646 0.00569521 0.00258535 0.00360288 0.00584406 0.00842571 0.0106236 0.0117511 0.0114851 0.0100466 0.0080378 0.00607252 0.00449332 0.00333735 0.00248281
 1.00602e-16 6.0233e-05 0.000585486 0.00389076 0.0176869 0.0550305 0.117249 0.171134 0.171158 0.117369 0.0554332 0.0188494 0.00680695 0.00694493 0.0121184 0.0198876 0.0285221 0.035612 0.0387442 0.0368053 0.0306544 0.0225704 0.0149336 0.00915418 0.00545704 0.00334188
 1.00615e-16 7.35194e-05 0.000714634 0.004749 0.0215883 0.0671691 0.143111 0.208877 0.208885 0.143153 0.0673102 0.0219958 0.00577224 0.00294935 0.00432043 0.00703319 0.01014 0.0127818 0.0141326 0.0138046 0.0120662 0.00964554 0.00728486 0.00539746 0.00402588 0.0030186
 1.02236e-16 1.35141e-05 0.000131362 0.000872949 0.00396834 0.0123474 0.0263102 0.0384164 0.0384919 0.0266792 0.013586 0.00754441 0.00984386 0.0196966 0.0371176 0.0611996 0.0878248 0.109736 0.119536 0.113806 0.095171 0.0705985 0.0473517 0.0297124 0.0183411 0.0117032
 1.02951e-16 7.24814e-05 0.000704545 0.00468195 0.0212835 0.0662208 0.14109 0.205926 0.205929 0.141106 0.0662724 0.0214341 0.00506611 0.00156289 0.00176031 0.00294542 0.00458412 0.00648719 0.00848747 0.0104649 0.0123364 0.0139623 0.0150741 0.0153354 0.0145225 0.0126891
 1.01269e-16 6.33335e-05 0.000615624 0.00409104 0.0185973 0.0578632 0.123284 0.179942 0.179962 0.123386 0.0582043 0.0195821 0.00656119 0.00600174 0.0102744 0.0168381 0.0241405 0.0301309 0.032772 0.0311385 0.025986 0.0192745 0.0130358 0.00844928 0.0056543 0.00415168
 1.03504e-16 2.87103e-05 0.000279074 0.00185455 0.00843054 0.0262308 0.0558895 0.0815836 0.0816372 0.0561514 0.0271102 0.0109705 0.00823065 0.0141996 0.0264699 0.043723 0.0629972 0.0792421 0.0873037 0.0847633 0.0733431 0.0576855 0.0425519 0.030637 0.0222576 0.0164293
 1.03144e-16 6.93242e-05 0.000673856 0.00447801 0.0203564 0.0633364 0.134945 0.196958 0.196965 0.134982 0.0634597 0.020714 0.00538024 0.00265871 0.00388368 0.0064275 0.00952407 0.0125427 0.0148721 0.0162026 0.0166493 0.0165578 0.0161728 0.0154695 0.0142648 0.0124565
 1.01348e-16 6.43785e-05 0.000625781 0.00415854 0.0189041 0.0588179 0.125318 0.18291 0.182929 0.125412 0.0591318 0.0198105 0.00643239 0.00558538 0.00947115 0.0155236 0.0222814 0.0278646 0.0304075 0.0290588 0.024498 0.0184971 0.0128855 0.00871476 0.00610046 0.00459724
 1.0354e-16 2.7269e-05 0.000265065 0.00176145 0.00800733 0.0249141 0.0530841 0.0774895 0.077545 0.0533555 0.0258252 0.0106389 0.008367 0.0146847 0.0274115 0.045269 0.0651946 0.0819442 0.0901678 0.0873618 0.0753319 0.0589287 0.0431335 0.0307748 0.0221886 0.0163287
 1.04775e-16 6.31525e-05 0.000613865 0.00407935 0.0185441 0.0576977 0.122932 0.179424 0.179435 0.122983 0.0578718 0.0190489 0.00535357 0.00341945 0.0054616 0.00911193 0.0135454 0.0179195 0.0213904 0.0235239 0.0244598 0.024636 0.0243319 0.0234537 0.0217148 0.0189851
 1.01861e-16 6.63334e-05 0.000644785 0.00428482 0.0194782 0.0606039 0.129124 0.188463 0.188479 0.129203 0.0608691 0.020244 0.00620654 0.00483794 0.00802425 0.0131464 0.0188991 0.0237018 0.0259959 0.0250745 0.0215093 0.0167729 0.0123648 0.0091158 0.00707032 0.00582028
 1.036e-16 2.42083e-05 0.000235313 0.00156374 0.00710857 0.0221177 0.0471264 0.0687949 0.0688548 0.0474192 0.023101 0.00994817 0.00869013 0.0157876 0.0295467 0.0487707 0.0701625 0.0880331 0.0965824 0.0931107 0.0796159 0.0614311 0.0440546 0.0306394 0.0215813 0.0156996
 1.02741e-16 7.19023e-05 0.000698916 0.00464454 0.0211134 0.0656917 0.139963 0.204282 0.204287 0.139989 0.0657776 0.0213627 0.00527482 0.00208957 0.0027562 0.00455525 0.00681666 0.00911633 0.0110556 0.0124224 0.0132571 0.0137136 0.0138483 0.013543 0.0126236 0.0110461
pSPR Fmed_Fpbrs
1   0.982702 0.6 0.325 0.982702 0.982702 0.982702
Fs Fmed_Fpbrs
0   0.01 0.329822 0.838461 0.01 0.01 0.01
SSBpbr Bo_Bmed_Bpbrs
237834  225942  221828 130808 65404.2 221828 221828 221828
Ro
57470.1
SPR SPRFo_SPRFmed_SPRFpbrs
414034 414034 406872
Fref
0
Nvult_r0
 70176.6 4131.88 4118.89 391.251 48.446
CTP_r0
 32297.1 2515.05 2507.14 238.151 29.4887
YTP_r0
356253
Np
 83228.9 30618.2 11263.8 4143.72 2085.18
Nvult_p0
 52610.7 19354.4 7120.08 2619.33 1318.09
CTP_p0
 0 0 0 0 0
 0 0 0 0 0
 0 0 0 0 0
 0 0 0 0 0
 0 0 0 0 0
 0 0 0 0 0
YTP_p0
 0 0 0 0 0 0
CBA_c0
0
log_Ro
10.779
likeval ReclasPelacesDesembMPH_pf_preclas_ppelaces_ptallas_desvR_qrecl_qpela
 35.0096 27.3974 0.242316 72.2009 310.984 143.685 131.883 0 72.7404 0.00018177 0.000317148 0.00205802 2070.39 0 0
q_reclas_q_pelaces
6.73065 12.4103
M
1
N
 11955 17742.7 69445.1 9464.73 0.102846
 7789.09 3672.41 4697.5 18386.1 2505.88
 183460 1467.65 398.603 509.866 2267.61
 45662.5 34600.1 159.567 43.3372 301.975
 7898.29 6543.93 2279.42 10.5121 22.7488
 282929 719.392 188.564 65.6816 0.958417
 9683.69 72655.5 137.359 36.0038 12.724
 3007.71 1604.29 6235.73 11.7889 4.18211
 52299.6 721.048 270.203 1050.25 2.68992
 10758.9 9678.93 75.7373 28.3816 110.599
 45212.1 816.311 199.843 1.56376 2.86955
 121672 11778.6 160.009 39.172 0.868993
 45326.1 19931.6 990.357 13.4537 3.36669
 61883.9 5170.97 866.109 43.035 0.730914
 49914.2 1757.25 17.7713 2.9766 0.150412
 264963 4406.5 47.831 0.483722 0.0851149
 19582.9 45124.4 397.718 4.31708 0.0513415
 356948 3602.49 4688.24 41.3212 0.453861
 165043 69945.7 419.995 546.576 4.87033
 279877 18976.8 3083.17 18.5132 24.3075
 174754 47826.8 1723.45 280.01 3.88892
 393883 32689.9 5122.88 184.604 30.4093
 18941.9 67677 2998.57 469.91 19.7227
 148013 3804.74 8254.39 365.728 59.7192
 157973 30757.9 493.731 1071.15 55.2092
 33278.7 35460.7 4594.64 73.754 168.257
 116508 7868.58 5823.86 754.599 39.7465
 142677 23700.8 982.16 726.938 99.1506
 30933.6 34894.3 4139.92 171.558 144.296
 76303.9 7645.03 6212.74 737.09 56.2362
 108270 16487.4 1065.28 865.699 110.544
 17065.6 22469.3 2134.34 137.904 126.378
 83228.9 4479.74 4465.65 424.189 52.5246
pred_Ctot
 1265.24 3228.99 12638.3 1722.48 0.0187169
 2534.02 1799.54 2301.86 9009.48 1227.92
 59622.5 718.578 195.16 249.636 1110.25
 18982.8 20437.8 94.2541 25.5987 178.372
 4182.69 4563.53 1589.6 7.33083 15.8643
 55600 230.524 60.424 21.0472 0.307118
 3585.25 39369.7 74.4301 19.5093 6.89474
 685.618 585.134 2274.36 4.29977 1.52534
 17357.1 358.943 134.509 522.823 1.33906
 6086.94 7036.13 55.0575 20.6321 80.4002
 8577.38 253.556 62.0735 0.485723 0.891317
 45499.4 6431.06 87.3641 21.3878 0.474467
 21657.5 12986.1 645.248 8.7655 2.1935
 43244.3 4244.87 710.991 35.3275 0.600009
 26758.8 1235.08 12.4906 2.09211 0.105718
 95647.6 2342 25.4215 0.257092 0.0452374
 6541.46 22578.5 199.003 2.1601 0.0256894
 110913 1701.67 2214.53 19.5185 0.214385
 78536.4 45444.3 272.874 355.115 3.1643
 100709 10061.1 1634.64 9.81533 12.8874
 57316.2 23587.3 849.975 138.096 1.91795
 140999 17262.6 2705.25 97.4842 16.0583
 5706.67 31179.9 1381.49 216.495 9.08657
 42625 1689.56 3665.51 162.408 26.5194
 40509.5 12402.2 199.083 431.911 22.2615
 7789.18 13230.8 1714.32 27.5185 62.7786
 34528.1 3577.04 2647.52 343.039 18.0687
 31246.7 8350.12 346.029 256.11 34.9322
 6627.51 12061.5 1431 59.3006 49.8773
 20775.1 3241.16 2633.93 312.494 23.8417
 31236.8 7332.49 473.765 385.006 49.1627
 3175.86 6860.94 651.717 42.1086 38.5892
 32297.1 2515.05 2507.14 238.151 29.4887
F
 0.180302 0.328944 0.328944 0.328944 0.328944
 0.669062 1.22064 1.22064 1.22064 1.22064
 0.668138 1.21895 1.21895 1.21895 1.21895
 0.942739 1.71994 1.71994 1.71994 1.71994
 1.39599 2.54686 2.54686 2.54686 2.54686
 0.359467 0.655813 0.655813 0.655813 0.655813
 0.797759 1.45543 1.45543 1.45543 1.45543
 0.428231 0.781266 0.781266 0.781266 0.781266
 0.687038 1.25343 1.25343 1.25343 1.25343
 1.5787 2.88018 2.88018 2.88018 2.88018
 0.345081 0.629567 0.629567 0.629567 0.629567
 0.809017 1.47597 1.47597 1.47597 1.47597
 1.17082 2.13605 2.13605 2.13605 2.13605
 2.56151 4.67323 4.67323 4.67323 4.67323
 1.42722 2.60383 2.60383 2.60383 2.60383
 0.770167 1.40509 1.40509 1.40509 1.40509
 0.69303 1.26437 1.26437 1.26437 1.26437
 0.62987 1.14914 1.14914 1.14914 1.14914
 1.16299 2.12176 2.12176 2.12176 2.12176
 0.766766 1.39889 1.39889 1.39889 1.39889
 0.676314 1.23387 1.23387 1.23387 1.23387
 0.761307 1.38893 1.38893 1.38893 1.38893
 0.60513 1.104 1.104 1.104 1.104
 0.571151 1.04201 1.04201 1.04201 1.04201
 0.494001 0.901256 0.901256 0.901256 0.901256
 0.442041 0.80646 0.80646 0.80646 0.80646
 0.592456 1.08088 1.08088 1.08088 1.08088
 0.408261 0.744832 0.744832 0.744832 0.744832
 0.397786 0.725722 0.725722 0.725722 0.725722
 0.53213 0.970819 0.970819 0.970819 0.970819
 0.57248 1.04443 1.04443 1.04443 1.04443
 0.337499 0.615735 0.615735 0.615735 0.615735
 0.852628 1.55554 1.55554 1.55554 1.55554
YTP_r0W_actual
 243520 43887.6 60346.8 7458.9 1039.48
YTP_p0W_proyectada
 0 0 0 0 0
 0 0 0 0 0
 0 0 0 0 0
 0 0 0 0 0
 0 0 0 0 0
 0 0 0 0 0
CTP_r0_actual
 32297.1 2515.05 2507.14 238.151 29.4887
CTP_p0_proyectada
 0 0 0 0 0
 0 0 0 0 0
 0 0 0 0 0
 0 0 0 0 0
 0 0 0 0 0
 0 0 0 0 0
Wmedp
 7.54 17.45 24.07 31.32 35.25
Frms_r0
 0.852628 1.55554 1.55554 1.55554 1.55554
Zrms_r0
 1.85263 2.55554 2.55554 2.55554 2.55554
nmprior
 7.29 8.9 8.7 0
nm_flota  nm_reclas  nm_pelaces    nm_pelaL
inf 19.3057 5.15245 9.92702
cv_recla  cv_pelaces  cv_mph
0.256209 0.47782 0.681285
 ------------------------------------------------
Talla a la edad & desviaci?n 
 8 13.2811 15.8009 17.003 17.5766
 0.8 1.32811 1.58009 1.7003 1.75766
