years
 1991 1992 1993 1994 1995 1996 1997 1998 1999 2000 2001 2002 2003 2004 2005 2006 2007 2008 2009 2010 2011 2012 2013 2014 2015 2016 2017 2018 2019 2020 2021 2022 2023
reclasobs
 0 0 0 0 0 0 0 0 0 252601 567819 844713 477998 351125 339783 2.1784e+06 2.13404e+06 4.81314e+06 1.55562e+06 2.62356e+06 3.21686e+06 3.843e+06 1.13348e+06 3.07943e+06 1.97215e+06 2.03268e+06 2.025e+06 2.42433e+06 2.27542e+06 1.05018e+06 2.36338e+06 3.18982e+06 1.53035e+06
reclaspred
 2.85629e+06 1.59649e+06 844262 873017 880147 1.20049e+06 727125 657092 458553 332954 559471 741681 585879 310871 470304 1.54543e+06 1.6498e+06 2.76709e+06 2.05027e+06 2.07769e+06 3.58415e+06 2.63725e+06 2.00471e+06 2.9546e+06 2.28932e+06 2.0752e+06 2.32758e+06 2.56689e+06 2.25392e+06 1.70334e+06 1.9453e+06 2.10417e+06 1.66311e+06
pelacesobs
 0 0 0 0 0 0 0 0 0 0 0 0 0 0 0 552880 188675 0 991730 2.46772e+06 1.41603e+06 1.21717e+06 2.29649e+06 1.80582e+06 0 1.4828e+06 1.56532e+06 1.57751e+06 1.42118e+06 867257 1.10002e+06 1.06204e+06 0
pelacespred
 1.4878e+06 928199 486461 413252 434678 609310 343314 382299 256689 175783 298971 350753 297636 159416 259841 720271 768047 1.45528e+06 1.1372e+06 1.01864e+06 1.74543e+06 1.45601e+06 1.07943e+06 1.71838e+06 1.2766e+06 1.15015e+06 1.47391e+06 1.46528e+06 1.15604e+06 1.00604e+06 1.00874e+06 1.09284e+06 893112
mphobs
 0 0 0 0 0 0 0 0 0 0 0 0 498337 0 5186 125008 0 168611 109162 213762 579715 649985 157893 87575 83554 210694 70296 0 107559 103333 445601 22526 28222
mphpred
 465589 312843 155938 90850.2 103252 114371 128140 77725.7 69585.9 45753.3 30727.5 74864.6 87971.9 51917.4 23014.2 49219.8 206614 210708 283199 318055 477086 530824 107374 86097.4 122487 100001 88120.2 91522.1 129653 102315 67221.7 91938.5 65858.3
desembarqueobs
 494567 514787 250237 358949 120608 361735 552515 73892 212993 205616 52469 317467 293654 387597 252695 516296 358380 742168 942051 627588 828172 859565 418607 520667 417249 300574 415391 372974 316634 284311 391294 218835 356480
desembarquepred
 494572 513266 251032 358998 120616 361781 552660 73898.7 213077 205687 52470.4 317514 293857 388067 252665 516276 358437 742191 942061 627453 828290 859712 418660 520715 417250 300585 415413 372967 316629 284288 391280 218852 356513
Reclutas
 214239 108879 141816 208863 169617 231477 99226.4 50966.3 42195.5 59550.8 182564 186077 84284.3 53665.5 118529 690636 150780 714951 401312 603940 582039 687351 133775 458140 419227 182201 376800 474437 179816 167825 326727 163528 259598
log_desv_Rt
 0.0501634 -0.626692 -0.3624 0.0247456 -0.183387 0.127549 -0.719527 -1.38577 -1.57462 -1.2301 -0.109828 -0.0907684 -0.882735 -1.33416 -0.541772 1.22068 -0.301111 1.25528 0.677809 1.08654 1.04961 1.21591 -0.420773 0.810245 0.721482 -0.111822 0.614785 0.845199 -0.124996 -0.194008 0.472194 -0.219944 0.242204
SSB
 3.56677e+06 2.39661e+06 1.1946e+06 695981 790992 876167 981650 595438 533081 350505 235396 573520 646516 389932 170773 366772 1.58282e+06 1.61418e+06 2.22986e+06 1.55717e+06 2.38838e+06 2.7693e+06 2.36723e+06 1.83552e+06 2.46169e+06 2.12274e+06 1.77186e+06 1.77708e+06 2.60212e+06 1.94221e+06 1.43532e+06 2.01055e+06 1.34099e+06
BT
 4.78533e+06 3.23212e+06 1.67906e+06 1.51205e+06 1.369e+06 2.09118e+06 1.51676e+06 1.18306e+06 967980 713703 919738 1.29048e+06 1.13552e+06 873317 1.01454e+06 2.52955e+06 2.52588e+06 4.90438e+06 4.26196e+06 3.54199e+06 5.74463e+06 5.11345e+06 3.52984e+06 5.51139e+06 4.13213e+06 3.6302e+06 4.73468e+06 4.6477e+06 3.64356e+06 3.21702e+06 3.30395e+06 3.3713e+06 2.93265e+06
Ftot
 0.127325 0.229564 0.222559 0.362534 0.115248 0.271528 0.571608 0.0935844 0.381611 0.514959 0.104418 0.382769 0.396612 0.999917 0.611561 0.401688 0.175313 0.260075 0.386134 0.288222 0.204188 0.281846 0.159304 0.170559 0.153937 0.117379 0.167827 0.146324 0.10649 0.133156 0.191128 0.0839145 0.192074
BD_Bspro_t
 0.979979 0.861899 0.719487 0.653971 0.657344 0.718842 0.673559 0.514676 0.577569 0.519207 0.489424 0.762424 0.666219 0.497707 0.312459 0.492403 0.714116 0.696923 0.714164 0.616413 0.670329 0.695954 0.692157 0.676523 0.761562 0.775243 0.779436 0.796198 0.840897 0.802255 0.772207 0.807736 0.810315
BD_Bspro
 2.42978 1.63264 0.813796 0.474122 0.538846 0.596869 0.668727 0.405629 0.363149 0.238774 0.160358 0.390697 0.440424 0.265632 0.116335 0.249855 1.07826 1.09963 1.51904 1.06079 1.62703 1.88652 1.61262 1.25041 1.67697 1.44607 1.20704 1.21059 1.77264 1.32309 0.977777 1.36964 0.91352
BD_Bo
 2.32114 1.55964 0.777411 0.452924 0.514754 0.570183 0.638828 0.387493 0.346913 0.228098 0.153188 0.373229 0.420733 0.253756 0.111134 0.238684 1.03005 1.05046 1.45112 1.01336 1.55429 1.80218 1.54052 1.1945 1.60199 1.38141 1.15307 1.15647 1.69338 1.26393 0.93406 1.3084 0.872676
BD_Brms
 2.48591 1.67035 0.832593 0.485073 0.551292 0.610656 0.684174 0.414998 0.371538 0.244289 0.164062 0.399722 0.450597 0.271768 0.119023 0.255626 1.10317 1.12502 1.55413 1.08529 1.66461 1.9301 1.64987 1.27929 1.7157 1.47947 1.23492 1.23856 1.81358 1.35365 1.00036 1.40128 0.934621
Sel_flota
 0.480005 0.946059 0.997008 0.999842 0.999992
 0.480005 0.946059 0.997008 0.999842 0.999992
 0.480005 0.946059 0.997008 0.999842 0.999992
 0.480005 0.946059 0.997008 0.999842 0.999992
 0.480005 0.946059 0.997008 0.999842 0.999992
 0.480005 0.946059 0.997008 0.999842 0.999992
 0.480005 0.946059 0.997008 0.999842 0.999992
 0.480005 0.946059 0.997008 0.999842 0.999992
 0.480005 0.946059 0.997008 0.999842 0.999992
 0.480005 0.946059 0.997008 0.999842 0.999992
 0.480005 0.946059 0.997008 0.999842 0.999992
 0.480005 0.946059 0.997008 0.999842 0.999992
 0.480005 0.946059 0.997008 0.999842 0.999992
 0.480005 0.946059 0.997008 0.999842 0.999992
 0.480005 0.946059 0.997008 0.999842 0.999992
 0.480005 0.946059 0.997008 0.999842 0.999992
 0.480005 0.946059 0.997008 0.999842 0.999992
 0.480005 0.946059 0.997008 0.999842 0.999992
 0.480005 0.946059 0.997008 0.999842 0.999992
 0.480005 0.946059 0.997008 0.999842 0.999992
 0.480005 0.946059 0.997008 0.999842 0.999992
 0.480005 0.946059 0.997008 0.999842 0.999992
 0.480005 0.946059 0.997008 0.999842 0.999992
 0.480005 0.946059 0.997008 0.999842 0.999992
 0.480005 0.946059 0.997008 0.999842 0.999992
 0.480005 0.946059 0.997008 0.999842 0.999992
 0.480005 0.946059 0.997008 0.999842 0.999992
 0.480005 0.946059 0.997008 0.999842 0.999992
 0.480005 0.946059 0.997008 0.999842 0.999992
 0.480005 0.946059 0.997008 0.999842 0.999992
 0.480005 0.946059 0.997008 0.999842 0.999992
 0.480005 0.946059 0.997008 0.999842 0.999992
 0.480005 0.946059 0.997008 0.999842 0.999992
Sel_reclas
 1 1 1 1 1
 1 1 1 1 1
 1 1 1 1 1
 1 1 1 1 1
 1 1 1 1 1
 1 1 1 1 1
 1 1 1 1 1
 1 1 1 1 1
 1 1 1 1 1
 1 1 1 1 1
 1 1 1 1 1
 1 1 1 1 1
 1 1 1 1 1
 1 1 1 1 1
 1 1 1 1 1
 1 1 1 1 1
 1 1 1 1 1
 1 1 1 1 1
 1 1 1 1 1
 1 1 1 1 1
 1 1 1 1 1
 1 1 1 1 1
 1 1 1 1 1
 1 1 1 1 1
 1 1 1 1 1
 1 1 1 1 1
 1 1 1 1 1
 1 1 1 1 1
 1 1 1 1 1
 1 1 1 1 1
 1 1 1 1 1
 1 1 1 1 1
 1 1 1 1 1
Sel_pelaces
 1 1 1 1 1
 1 1 1 1 1
 1 1 1 1 1
 1 1 1 1 1
 1 1 1 1 1
 1 1 1 1 1
 1 1 1 1 1
 1 1 1 1 1
 1 1 1 1 1
 1 1 1 1 1
 1 1 1 1 1
 1 1 1 1 1
 1 1 1 1 1
 1 1 1 1 1
 1 1 1 1 1
 1 1 1 1 1
 1 1 1 1 1
 1 1 1 1 1
 1 1 1 1 1
 1 1 1 1 1
 1 1 1 1 1
 1 1 1 1 1
 1 1 1 1 1
 1 1 1 1 1
 1 1 1 1 1
 1 1 1 1 1
 1 1 1 1 1
 1 1 1 1 1
 1 1 1 1 1
 1 1 1 1 1
 1 1 1 1 1
 1 1 1 1 1
 1 1 1 1 1
pf_obs 
 0.8446 0.082 0.0669 0.0065 0
 0.8095 0.147 0.0364 0.0071 0
 0.9664 0.0169 0.016 0.0007 0
 0.9276 0.0648 0.0075 0.0001 0
 0.7033 0.2144 0.0806 0.0017 0
 0.9318 0.0425 0.0243 0.0014 0
 0.5671 0.3108 0.0964 0.0239 0.0018
 0.0768 0.2599 0.5324 0.112 0.0189
 0.490249 0.384438 0.106611 0.0170017 0.00170017
 0.7925 0.1577 0.0466 0.003 0.0002
 0.840416 0.127587 0.0312969 0.00059994 9.999e-05
 0.8084 0.0986 0.0794 0.0134 0.0002
 0.7335 0.1905 0.0724 0.0035 0.0001
 0.4001 0.4547 0.1325 0.0127 0
 0.49795 0.308269 0.164784 0.0264974 0.00249975
 0.9179 0.0499 0.0305 0.0017 0
 0.2467 0.6533 0.0926 0.0074 0
 0.9418 0.0223 0.034 0.0019 0
 0.707729 0.231977 0.0356964 0.0245975 0
 0.517169 0.277429 0.184464 0.0207286 0.00020938
 0.811772 0.124168 0.05621 0.00726502 0.000585176
 0.764997 0.148141 0.077277 0.00933861 0.000247198
 0.163321 0.427699 0.378323 0.0303852 0.000271297
 0.753843 0.0900009 0.118128 0.0371064 0.000921714
 0.721811 0.176058 0.0630433 0.0369309 0.00215725
 0.143369 0.312575 0.442814 0.0836902 0.0175525
 0.692698 0.0596174 0.167031 0.0765114 0.00414204
 0.394062 0.376323 0.152708 0.0712218 0.00568511
 0.125707 0.32114 0.495352 0.0537591 0.00404204
 0.23352 0.215282 0.420074 0.123614 0.00750983
 0.796117 0.104755 0.0508955 0.0450114 0.00322123
 0.162477 0.292055 0.404252 0.121198 0.0200186
 0 0 0 0 0
pf_pred 
 0.329005 0.118523 0.524861 0.0276099 1.02067e-06
 0.279795 0.359588 0.0665728 0.279389 0.0146548
 0.481954 0.230398 0.147889 0.0258658 0.113893
 0.614018 0.254003 0.0606049 0.0367532 0.0346206
 0.512438 0.376041 0.0749495 0.0168246 0.0197466
 0.585112 0.279522 0.105683 0.0199687 0.00971458
 0.357585 0.478988 0.112213 0.0400127 0.0112021
 0.34517 0.363729 0.220797 0.0483297 0.0219755
 0.395543 0.308627 0.168219 0.0968593 0.0307517
 0.600895 0.234103 0.0868635 0.0444975 0.0336403
 0.809745 0.146601 0.0263192 0.00914179 0.0081932
 0.586225 0.369543 0.0345018 0.00587331 0.00385699
 0.37712 0.466904 0.140213 0.0123043 0.00345814
 0.416381 0.330823 0.192449 0.0542671 0.00607943
 0.781973 0.142372 0.0444484 0.023783 0.00742339
 0.911913 0.0785689 0.00636695 0.00185409 0.00129672
 0.265265 0.702657 0.0288034 0.00219305 0.00108151
 0.756819 0.10131 0.135998 0.0052753 0.0005979
 0.44955 0.477249 0.0315347 0.039946 0.00171964
 0.625438 0.237198 0.120086 0.00745806 0.00982078
 0.551924 0.347867 0.0648241 0.030947 0.00443824
 0.574477 0.303327 0.0960624 0.0169236 0.00920966
 0.189044 0.596762 0.155245 0.0463734 0.0125748
 0.625279 0.118719 0.191109 0.0470729 0.0178205
 0.521648 0.369824 0.0357061 0.0544045 0.0184178
 0.310903 0.471019 0.170725 0.0156105 0.0317422
 0.594554 0.190836 0.149174 0.0512609 0.0141752
 0.591433 0.305558 0.0499186 0.0369373 0.016154
 0.297859 0.520421 0.137786 0.0213232 0.0226107
 0.386669 0.278244 0.251769 0.063219 0.0200983
 0.623684 0.210136 0.0776428 0.0665719 0.0219653
 0.372019 0.483807 0.082532 0.0288476 0.0327949
 0.558591 0.236286 0.159946 0.0258934 0.0192831
pobs_RECLAS
 0 0 0 0 0
 0 0 0 0 0
 0 0 0 0 0
 0 0 0 0 0
 0 0 0 0 0
 0 0 0 0 0
 0 0 0 0 0
 0 0 0 0 0
 0 0 0 0 0
 0 0 0 0 0
 0.991045 0.00858322 0.000360255 1.14367e-05 0
 0.934742 0.0480273 0.0164251 0.00080598 0
 0.827803 0.169806 0.00239088 0 0
 0.941827 0.0461693 0.0120037 0 0
 0.791401 0.0380133 0.147996 0.0225897 0
 0.846168 0.0940531 0.0597789 0 0
 0.134021 0.677848 0.182769 0.00536245 0
 0.80878 0.0450904 0.141981 0.00414843 0
 0.846168 0.0940531 0.0597789 0 0
 0.905697 0.0802665 0.012482 0.00150086 5.37128e-05
 0.989698 0.0102097 9.19794e-05 0 0
 0.975433 0.0193895 0.00387452 0.00125025 5.28907e-05
 0.303575 0.632131 0.0575291 0.00676475 0
 0.966965 0.00978017 0.0227588 0.000495775 0
 0.843318 0.132988 0.00938335 0.0141283 0.000182051
 0.564624 0.303363 0.111486 0.0197234 0.00080311
 0.826376 0.0876187 0.0782897 0.00655872 0.00115652
 0.89761 0.0855135 0.0140674 0.00269457 0.000114338
 0.34875 0.467042 0.161289 0.0227151 0.000203297
 0.318654 0.224769 0.449479 0.00709798 0
 0.937255 0.0296025 0.0250945 0.00804832 0
 0.456809 0.399803 0.12412 0.0192676 0
 0.883104 0.0372192 0.0704036 0.00927362 0
ppred_RECLAS
 0.503674 0.0915759 0.384577 0.0201723 7.45606e-07
 0.442955 0.28592 0.0501708 0.209944 0.0110105
 0.656172 0.157603 0.0958856 0.0167218 0.0736183
 0.76474 0.157761 0.035646 0.0215534 0.0202996
 0.678112 0.251281 0.0474986 0.0106319 0.0124765
 0.741172 0.177453 0.063573 0.0119771 0.00582585
 0.534223 0.352254 0.0780219 0.0277365 0.00776394
 0.516354 0.275022 0.15835 0.0345618 0.0157128
 0.574385 0.223253 0.115219 0.0661459 0.0209973
 0.757208 0.145758 0.0511574 0.0261274 0.0197493
 0.89504 0.0818658 0.0139396 0.00482796 0.00432634
 0.740983 0.232666 0.0205679 0.00349097 0.00229215
 0.552172 0.340248 0.0967373 0.00846395 0.00237844
 0.605947 0.229255 0.125556 0.0352886 0.00395263
 0.88167 0.0788032 0.0232524 0.0124036 0.00387092
 0.954399 0.0409139 0.00313887 0.000911348 0.000637282
 0.418122 0.557745 0.0216763 0.00164564 0.000811431
 0.864904 0.0580595 0.0738562 0.00285652 0.000323707
 0.622919 0.329335 0.020604 0.0260225 0.00112007
 0.772762 0.146749 0.0703908 0.00435893 0.00573895
 0.712546 0.225846 0.0398947 0.0189906 0.00272311
 0.732405 0.193705 0.0581243 0.0102101 0.00555537
 0.319301 0.507965 0.125296 0.0373197 0.0101182
 0.774586 0.0740766 0.113059 0.0277678 0.0105105
 0.686521 0.245343 0.0224606 0.0341243 0.0115505
 0.476049 0.364156 0.125179 0.0114131 0.0232037
 0.749657 0.121214 0.0898365 0.0307818 0.0085108
 0.744226 0.193887 0.0300356 0.022161 0.00969031
 0.45983 0.405857 0.101913 0.0157265 0.0166736
 0.56261 0.204272 0.175281 0.0438866 0.0139501
 0.771337 0.130774 0.0458071 0.0391622 0.0129195
 0.542521 0.356762 0.0577277 0.0201201 0.0228697
 0.720514 0.153359 0.098413 0.0158859 0.0118286
pobs_PELACES
 0 0 0 0 0
 0 0 0 0 0
 0 0 0 0 0
 0 0 0 0 0
 0 0 0 0 0
 0 0 0 0 0
 0 0 0 0 0
 0 0 0 0 0
 0 0 0 0 0
 0 0 0 0 0
 0 0 0 0 0
 0 0 0 0 0
 0 0 0 0 0
 0 0 0 0 0
 0 0 0 0 0
 0 0 0 0 0
 0.505614 0.472636 0.0217494 0 0
 0 0 0 0 0
 0.443492 0.261883 0.143347 0.151278 0
 0.227955 0.32914 0.350689 0.0885471 0.00366901
 0.970185 0.0296113 0.000203453 0 0
 0.997202 0.00247181 0.000326279 0 0
 0.445219 0.490057 0.0546422 0.010081 0
 0.90214 0.0892962 0.00764917 0.000914606 0
 0 0 0 0 0
 0.581667 0.319106 0.0959925 0.00289975 0.000334073
 0.762889 0.0836404 0.116647 0.0363945 0.000428098
 0.88444 0.0763242 0.0277011 0.0115352 0
 0.521256 0.241999 0.230069 0.00667565 0
 0.616807 0.101726 0.260614 0.0208532 0
 0.833518 0.0704572 0.0857862 0.0102388 0
 0.697417 0.212968 0.0787535 0.0105354 0.000325836
 0 0 0 0 0
ppred_PELACES
 0.509006 0.0907508 0.380297 0.0199455 7.37215e-07
 0.452169 0.281743 0.0492473 0.206035 0.0108054
 0.664317 0.15419 0.0934589 0.0162952 0.0717394
 0.774983 0.151204 0.0339568 0.0205251 0.0193308
 0.682063 0.248304 0.0468451 0.0104845 0.0123035
 0.749374 0.172078 0.0613668 0.0115585 0.00562217
 0.556605 0.336125 0.0737373 0.0261993 0.00733345
 0.520119 0.273068 0.156978 0.0342593 0.0155753
 0.589422 0.216038 0.110782 0.0635763 0.0201812
 0.772094 0.137307 0.0477758 0.0243886 0.0184345
 0.896576 0.0806998 0.0137169 0.00475039 0.0042568
 0.752244 0.222698 0.0195604 0.00331879 0.00217906
 0.567598 0.329056 0.0929337 0.00812813 0.00228403
 0.643636 0.208803 0.112449 0.0315751 0.00353651
 0.891475 0.0725268 0.0211815 0.0112925 0.00352405
 0.957042 0.0385693 0.00293908 0.00085302 0.000596483
 0.424726 0.551482 0.0213699 0.00162211 0.000799821
 0.869793 0.0560983 0.07105 0.00274732 0.000311328
 0.636959 0.317341 0.0197251 0.0249035 0.00107189
 0.780747 0.141837 0.0677056 0.00419152 0.00551846
 0.719086 0.220872 0.0388824 0.0185053 0.00265348
 0.741068 0.187682 0.0560507 0.00984322 0.00535569
 0.324801 0.504208 0.124037 0.0369391 0.0100149
 0.779469 0.0726136 0.110509 0.0271371 0.0102717
 0.691718 0.241417 0.022044 0.0334866 0.0113345
 0.480705 0.361139 0.123897 0.011295 0.0229635
 0.754744 0.118927 0.087893 0.0301112 0.00832531
 0.748602 0.190687 0.0294672 0.0217387 0.00950559
 0.464013 0.402896 0.100989 0.0155823 0.0165206
 0.56794 0.202027 0.172967 0.0433018 0.0137641
 0.776726 0.127873 0.0446473 0.0381638 0.01259
 0.545801 0.354316 0.0572512 0.0199524 0.022679
 0.726717 0.150176 0.0960602 0.0155033 0.0115436
pobs_pel_tallas
 0 0 0 0 0 0 0 0 0 0 0 0 0 0 0 0 0 0 0 0 0 0 0 0 0 0
 0 0 0 0 0 0 0 0 0 0 0 0 0 0 0 0 0 0 0 0 0 0 0 0 0 0
 0 0 0 0 0 0 0 0 0 0 0 0 0 0 0 0 0 0 0 0 0 0 0 0 0 0
 0 0 0 0 0 0 0 0 0 0 0 0 0 0 0 0 0 0 0 0 0 0 0 0 0 0
 0 0 0 0 0 0 0 0 0 0 0 0 0 0 0 0 0 0 0 0 0 0 0 0 0 0
 0 0 0 0 0 0 0 0 0 0 0 0 0 0 0 0 0 0 0 0 0 0 0 0 0 0
 0 0 0 0 0 0 0 0 0 0 0 0 0 0 0 0 0 0 0 0 0 0 0 0 0 0
 0 0 0 0 0 0 0 0 0 0 0 0 0 0 0 0 0 0 0 0 0 0 0 0 0 0
 0 0 0 0 0 0 0 0 0 0 0 0 0 0 0 0 0 0 0 0 0 0 0 0 0 0
 0 0 0 0 0 0 0 0 0 0 0 0 0 0 0 0 0 0 0 0 0 0 0 0 0 0
 0 0 0 0 0 0 0 0 0 0 0 0 0 0 0 0 0 0 0 0 0 0 0 0 0 0
 0 0 0 0 0 0 0 0 0 0 0 0 0 0 0 0 0 0 0 0 0 0 0 0 0 0
 0.00862536 0 0 0.000197151 0.00414017 0.0128641 0.00837892 0.0270097 0.101434 0.158115 0.152841 0.127902 0.109271 0.109419 0.0830992 0.0579132 0.0238553 0.00714673 0.00463305 0.00128148 0.00103504 0.000492878 0.000147863 0.000147863 4.92878e-05 0
 0 0 0 0 0 0 0 0 0 0 0 0 0 0 0 0 0 0 0 0 0 0 0 0 0 0
 0 0 0 0 0 0 0 0.0054083 0.00873648 0.0413646 0.0450493 0.0745869 0.0622846 0.0627006 0.0613931 0.0827291 0.12552 0.122667 0.0946155 0.0697135 0.0546179 0.0294188 0.0215738 0.0213955 0.0102223 0.00600262
 0 0 0 0 0.00359764 0.0251062 0.0480494 0.140153 0.205849 0.193036 0.1447 0.116669 0.0760912 0.0342217 0.00950174 0.001854 0.000860785 0 0 0 0.000165536 0 0.000143464 0 0 0
 0 0 0 0 0 0 0 0.000145254 0.000435761 0.0275982 0.070085 0.0708112 0.156366 0.174668 0.174014 0.160142 0.0824315 0.0480064 0.0283245 0.00493863 0.00203355 0 0 0 0 0
 0 0 0 0 0 0 0 0 0 0 0 0 0 0 0 0 0 0 0 0 0 0 0 0 0 0
 0 0 1.00437e-05 0.000401748 0.00122533 0.00171747 0.00176769 0.0269171 0.070346 0.194647 0.189555 0.159765 0.064822 0.0314167 0.0384472 0.0292271 0.0345202 0.0313363 0.0194345 0.0106764 0.0143323 0.0359363 0.0279516 0.0138201 0.00172751 0
 0 0.0021121 0.0136068 0.0755702 0.200478 0.177729 0.0527432 0.0373336 0.0318909 0.0142505 0.0149659 0.0166563 0.0217959 0.0798694 0.0677717 0.0528807 0.04013 0.0224614 0.0357745 0.0225083 0.00881397 0.00855152 0.00135912 0.000746735 0 0
 0 0 0 0 5.4009e-05 0.00500934 0.000945158 0.0243581 0.138947 0.33067 0.221406 0.137944 0.0707744 0.0437923 0.0131692 0.00525238 0.0047753 0.00276346 9.45158e-05 9.00151e-06 2.25038e-05 9.00151e-06 4.50075e-06 0 0 0
 0.000866109 0.00284123 0.00948549 0.0512746 0.133035 0.25785 0.225252 0.132002 0.0553304 0.0519788 0.0540692 0.017754 0.00435017 0.00159236 0.00146478 0.000404838 0.000125132 0.000115318 0.000107957 0.000100596 0 0 0 0 0 0
 0 0 0 0 0.00144013 0.00171154 0.00461396 0.0210425 0.0478622 0.0707936 0.0888783 0.103762 0.0637923 0.0337046 0.0602308 0.124433 0.169614 0.0934646 0.0462172 0.0250306 0.0313229 0.00938855 0.002487 0.000210481 0 0
 0 0.00764035 0.051015 0.0998891 0.058973 0.0496711 0.0374665 0.0718981 0.12319 0.153886 0.159021 0.0857701 0.0377988 0.023471 0.0147837 0.00900784 0.00315554 0.000888139 0.00291439 0.00214683 0.00393193 0.00274676 0.000635225 9.99891e-05 0 0
 0 0 0 0 0 0 0 0 0 0 0 0 0 0 0 0 0 0 0 0 0 0 0 0 0 0
 0 0 0 0 0 0 0 0 0 0 0 0 0 0 0 0 0 0 0 0 0 0 0 0 0 0
 0 0 0 0 0 0 0 0 0 0 0 0 0 0 0 0 0 0 0 0 0 0 0 0 0 0
 0 0 0 0 0 0 0 0 0 0 0 0 0 0 0 0 0 0 0 0 0 0 0 0 0 0
 0 0 0 0 0 0 0 0 0 0 0 0 0 0 0 0 0 0 0 0 0 0 0 0 0 0
 0 0 0 0 0 0 0 0 0 0 0 0 0 0 0 0 0 0 0 0 0 0 0 0 0 0
 0 0 0 0 0 0 0 0 0 0 0 0 0 0 0 0 0 0 0 0 0 0 0 0 0 0
 0 0 0 0 0 0 0 0 0 0 0 0 0 0 0 0 0 0 0 0 0 0 0 0 0 0
 0 0 0 0 0 0 0 0 0 0 0 0 0 0 0 0 0 0 0 0 0 0 0 0 0 0
ppred_pel_tallas
 1.12999e-16 4.19262e-05 0.000407538 0.00270823 0.0123112 0.0383049 0.0816129 0.119118 0.119128 0.0816587 0.0384603 0.0127675 0.0038811 0.00305864 0.00534203 0.00945493 0.0152178 0.0224621 0.0309163 0.0402527 0.0499242 0.0588499 0.0653444 0.067604 0.0645734 0.0565993
 1.23985e-16 3.72446e-05 0.000362031 0.00240583 0.0109366 0.0340278 0.0725009 0.105823 0.10585 0.072634 0.0344752 0.0122301 0.00565805 0.0074803 0.0136146 0.022614 0.0329941 0.0424637 0.0488116 0.0512671 0.0510538 0.050538 0.0515856 0.0543829 0.0574759 0.0587776
 1.16512e-16 5.47189e-05 0.000531887 0.00353458 0.0160677 0.0499926 0.106515 0.155465 0.15548 0.106588 0.0502392 0.0167815 0.00533273 0.00447917 0.00761676 0.0126802 0.0186802 0.024398 0.0286498 0.0309641 0.03186 0.0324125 0.0334473 0.035007 0.0364224 0.0367988
 1.06349e-16 6.38344e-05 0.000620493 0.00412339 0.0187444 0.0583207 0.124259 0.181363 0.181377 0.12433 0.0585605 0.0194371 0.00586382 0.00442507 0.00730529 0.0120193 0.0174142 0.0221345 0.0248567 0.0250081 0.0231136 0.0204241 0.0181207 0.0167143 0.0159961 0.0154041
 1.04549e-16 5.61806e-05 0.000546096 0.003629 0.0164969 0.0513282 0.109361 0.159621 0.159645 0.109478 0.0517213 0.0176326 0.0064807 0.00677491 0.0118964 0.0196062 0.0283049 0.035738 0.0396464 0.0389954 0.0345818 0.0284672 0.0227101 0.0183897 0.0154871 0.0134069
 1.03926e-16 6.1725e-05 0.000599989 0.00398714 0.018125 0.0563936 0.120153 0.17537 0.175387 0.120234 0.0566669 0.0189153 0.00597394 0.00494687 0.00834569 0.0137739 0.02001 0.0255282 0.0288072 0.0291344 0.0269938 0.0236637 0.0203692 0.0176742 0.0154763 0.0134078
 1.06083e-16 4.58469e-05 0.000445648 0.00296149 0.0134625 0.0418871 0.089246 0.130264 0.130296 0.0894046 0.0424196 0.0150012 0.00682606 0.00888984 0.016106 0.0266152 0.0384808 0.0487 0.0542383 0.0537 0.0481359 0.0402686 0.0327864 0.027052 0.0229825 0.0197842
 1.10672e-16 4.28416e-05 0.000416435 0.00276736 0.01258 0.0391413 0.0833957 0.121724 0.12175 0.0835253 0.0395772 0.0138415 0.00594326 0.00738093 0.0133624 0.0222659 0.0326407 0.0422453 0.048797 0.0512183 0.0501801 0.0474242 0.0444604 0.0417272 0.0387418 0.0348505
 1.13044e-16 4.855e-05 0.000471923 0.00313609 0.0142562 0.0443566 0.0945071 0.13794 0.137961 0.0946097 0.0447013 0.0152539 0.00564775 0.00597989 0.0105836 0.0176181 0.0258476 0.0335192 0.0388875 0.041194 0.0410803 0.040009 0.0391695 0.0387618 0.0381135 0.0363451
 1.0698e-16 6.35964e-05 0.00061818 0.00410802 0.0186745 0.0581033 0.123796 0.180686 0.1807 0.123861 0.0583216 0.0193056 0.0056951 0.00409216 0.00668938 0.0110334 0.0160686 0.0205988 0.0234589 0.024144 0.0231028 0.021388 0.0199454 0.0191057 0.0185856 0.0178546
 1.01614e-16 7.38498e-05 0.000717846 0.00477034 0.0216853 0.067471 0.143754 0.209815 0.209823 0.143792 0.0675987 0.0220542 0.00569675 0.00274112 0.00391915 0.00636968 0.00918672 0.0115925 0.01285 0.0126263 0.0111865 0.00920903 0.0073693 0.00601864 0.00514314 0.00453442
 1.01324e-16 6.19614e-05 0.000602287 0.00400241 0.0181944 0.0566096 0.120613 0.176043 0.176065 0.120718 0.0569613 0.0192101 0.00655097 0.00616259 0.0106124 0.0174214 0.025031 0.0313522 0.034299 0.0329087 0.0279167 0.0212681 0.0149735 0.0101927 0.00707095 0.00515773
 1.03968e-16 4.67523e-05 0.000454449 0.00301998 0.0137284 0.0427143 0.0910085 0.132836 0.132868 0.0911639 0.0432361 0.0152365 0.00680878 0.00873644 0.0158078 0.0261425 0.037846 0.0479862 0.0535819 0.0532202 0.0478402 0.0399925 0.0322169 0.0258379 0.0208835 0.0167859
 1.07064e-16 5.30155e-05 0.00051533 0.00342455 0.0155675 0.0484364 0.1032 0.150627 0.150647 0.103299 0.0487695 0.0165313 0.00585035 0.00583312 0.0102179 0.0169801 0.0248579 0.0321057 0.0369618 0.0385938 0.0375206 0.0350973 0.0325149 0.0301492 0.0276646 0.0245821
 1.02359e-16 7.34296e-05 0.000713762 0.0047432 0.0215619 0.0670871 0.142936 0.208621 0.208628 0.142971 0.0672023 0.0218947 0.00557958 0.00254311 0.00355819 0.00579419 0.00840662 0.0107157 0.0120844 0.0122281 0.0113752 0.0100905 0.00890496 0.00804463 0.00742273 0.00681851
 1.00282e-16 7.88303e-05 0.000766259 0.00509206 0.0231478 0.0720213 0.153449 0.223964 0.223968 0.153467 0.0720822 0.0233236 0.00553333 0.00172891 0.00190522 0.00302008 0.00433149 0.00542299 0.00592943 0.00568491 0.00481884 0.00367081 0.00259124 0.00178141 0.00126418 0.000956709
 1.01056e-16 3.49842e-05 0.000340059 0.00225981 0.0102728 0.0319628 0.0681022 0.0994082 0.0994613 0.0683614 0.032833 0.0127848 0.0085605 0.0140791 0.0260827 0.0429455 0.0615807 0.076847 0.0835263 0.0792083 0.0657558 0.0481129 0.031454 0.01886 0.0108416 0.00632424
 1.02393e-16 7.16437e-05 0.000696402 0.00462784 0.0210375 0.0654555 0.13946 0.203547 0.203553 0.139487 0.0655462 0.0213008 0.00529355 0.00216507 0.00290592 0.00480762 0.00718967 0.00960272 0.0116181 0.0130016 0.0137855 0.0141268 0.0140907 0.0135731 0.0124235 0.0106338
 1.0333e-16 5.24655e-05 0.000509983 0.00338902 0.015406 0.047934 0.10213 0.149068 0.149098 0.102279 0.0484351 0.016853 0.00701955 0.0084304 0.0150802 0.0248106 0.0356519 0.0446654 0.0489031 0.0470306 0.040143 0.0310509 0.0226215 0.0164501 0.0126263 0.0103628
 1.03345e-16 6.43092e-05 0.000625108 0.00415406 0.0188838 0.0587545 0.125183 0.182711 0.182725 0.12525 0.0589803 0.019537 0.00579735 0.00422418 0.00693399 0.011451 0.0166972 0.0214291 0.0244085 0.02504 0.0236759 0.0212847 0.018777 0.0165441 0.0144911 0.0123767
 1.03484e-16 5.92302e-05 0.000575739 0.00382599 0.0173924 0.0541143 0.115297 0.168284 0.168305 0.115401 0.0544639 0.0184024 0.00636205 0.00611477 0.0105872 0.0174315 0.025159 0.0317552 0.0352092 0.0346009 0.03064 0.0251596 0.0199865 0.0160714 0.0133895 0.0114117
 1.0356e-16 6.10409e-05 0.000593339 0.00394295 0.0179241 0.0557685 0.118821 0.173427 0.173445 0.11891 0.0560663 0.0187848 0.00610573 0.00532236 0.00906478 0.014948 0.0216645 0.027531 0.0308661 0.0308842 0.0281324 0.0240579 0.0200759 0.0168828 0.0144211 0.0122981
 1.09108e-16 2.67535e-05 0.000260054 0.00172815 0.00785596 0.0244431 0.0520803 0.076023 0.0760716 0.0523183 0.0252423 0.0101655 0.00752976 0.0129397 0.0241512 0.0399989 0.0578867 0.0733636 0.081894 0.0813782 0.0733547 0.0618377 0.0507775 0.0421557 0.035837 0.0306804
 1.07668e-16 6.42038e-05 0.000624084 0.00414726 0.0188528 0.0586582 0.124978 0.18241 0.182417 0.125013 0.0587765 0.0191966 0.00501829 0.00255243 0.00380561 0.00639751 0.00969723 0.0132209 0.0165033 0.0193146 0.0217166 0.0238389 0.0255828 0.0265448 0.02624 0.024429
 1.05975e-16 5.69759e-05 0.000553826 0.00368037 0.0167305 0.0520548 0.110909 0.16188 0.161903 0.111023 0.0524364 0.0178326 0.00644673 0.00659238 0.0115247 0.0189631 0.0273193 0.0343869 0.0379773 0.0371305 0.0327131 0.0268482 0.021633 0.0181273 0.0162033 0.015074
 1.08687e-16 3.95951e-05 0.000384879 0.00255766 0.0116268 0.0361754 0.0770767 0.112503 0.112538 0.0772474 0.0367489 0.0132847 0.006725 0.00950086 0.0174072 0.0288582 0.0419025 0.0533955 0.0601373 0.0606301 0.055908 0.0486979 0.0416358 0.0359712 0.031527 0.0275204
 1.06996e-16 6.21673e-05 0.000604288 0.00401571 0.0182548 0.0567976 0.121014 0.176625 0.176637 0.12107 0.0569882 0.0188069 0.00540733 0.00366198 0.00592767 0.00985497 0.0145528 0.0190671 0.0224607 0.0243011 0.0248634 0.0248119 0.0246364 0.0243251 0.0234921 0.0217613
 1.04688e-16 6.16614e-05 0.00059937 0.00398303 0.0181063 0.0563354 0.120029 0.17519 0.175209 0.120119 0.0566372 0.0189781 0.00617196 0.00538008 0.00914809 0.0150456 0.0217172 0.0274231 0.0304434 0.0300119 0.0267785 0.0223601 0.0183456 0.0155261 0.0138008 0.0125993
 1.07376e-16 3.82202e-05 0.000371514 0.00246884 0.011223 0.0349192 0.0744005 0.108598 0.108637 0.0745906 0.0355578 0.0130684 0.00710455 0.0105028 0.0193133 0.0319571 0.0462399 0.0585854 0.0653596 0.0648746 0.0583536 0.0490098 0.0400223 0.0330144 0.0279229 0.0238669
 1.11715e-16 4.67805e-05 0.000454723 0.00302179 0.0137367 0.0427399 0.0910627 0.132913 0.132932 0.0911591 0.0430644 0.0146769 0.00539349 0.00567085 0.0100671 0.0168677 0.0249955 0.0329088 0.0390383 0.0426343 0.0440943 0.0444265 0.044327 0.0436821 0.0418351 0.0382508
 1.0728e-16 6.39779e-05 0.000621888 0.00413267 0.0187865 0.0584519 0.124538 0.18177 0.181782 0.124599 0.0586552 0.0193747 0.00561194 0.00386095 0.006245 0.0103023 0.0150269 0.0193165 0.0221073 0.0229514 0.0222802 0.0210657 0.0201488 0.0197652 0.0195639 0.0189776
 1.07582e-16 4.4957e-05 0.000436998 0.00290401 0.0132012 0.041074 0.0875139 0.127736 0.12777 0.0876808 0.0416347 0.0148209 0.00697054 0.00931766 0.0169213 0.0279316 0.0403028 0.0508406 0.0563274 0.0553083 0.0489637 0.0402936 0.0322856 0.0264925 0.0228418 0.0203848
 1.06319e-16 5.98587e-05 0.000581848 0.00386659 0.0175769 0.0546885 0.11652 0.170068 0.170082 0.116591 0.0549285 0.0182717 0.00561651 0.00442152 0.00740961 0.0123054 0.0180733 0.0234678 0.0272443 0.0288107 0.0285149 0.0272711 0.025854 0.024457 0.0227949 0.0205237
pSPR Fmed_Fpbrs
1   0.983722 0.6 0.325 0.983722 0.983722 0.983722
Fs Fmed_Fpbrs
0   0.01 0.355014 0.915995 0.01 0.01 0.01
SSBpbr Bo_Bmed_Bpbrs
1.53664e+06  1.45981e+06  1.4348e+06 845153 422577 1.4348e+06 1.4348e+06 1.4348e+06
Ro
203757
SPR SPRFo_SPRFmed_SPRFpbrs
1.46794e+06 1.46794e+06 1.44404e+06
Fref
0
Nvult_r0
 172508 40058.4 25943.6 4189.97 3119.93
CTP_r0
 14562.1 6159.81 4169.68 675.022 502.697
YTP_r0
356513
Np
 259598 95500.8 35132.8 12924.6 6503.86
Nvult_p0
 164097 60368 22208.1 8169.92 4111.22
CTP_p0
 0 0 0 0 0
 0 0 0 0 0
 0 0 0 0 0
 0 0 0 0 0
 0 0 0 0 0
 0 0 0 0 0
YTP_p0
 0 0 0 0 0 0
CBA_c0
0
log_Ro
12.0447
likeval ReclasPelacesDesembMPH_pf_preclas_ppelaces_ptallas_desvR_qrecl_qpela
 41.2005 29.0974 0.106842 80.5708 240.19 139.393 111.115 0 27.916 6.38316e-06 2.86348e-06 0.484446 2066.17 0 0
q_reclas_q_pelaces
0.699563 0.78717
M
1
N
 214239 40125.1 169055 8869.08 0.32782
 108879 74141.6 13086 54777.4 2872.84
 141816 35875.2 21950.6 3829.25 16858.7
 208863 46885.2 10692 6468.23 6092.14
 169617 64564.1 12240.2 2740.23 3215.69
 231477 59040.5 21298.3 4014.12 1952.57
 99226.4 74749.6 16799.4 5976.95 1673.13
 50966.3 27744.3 16012.5 3495.39 1589.12
 42195.5 17925.8 9341.74 5365.9 1703.4
 59550.8 12924.7 4596.14 2349.08 1775.7
 182564 17109.7 2921.09 1011.87 906.742
 186077 63878.4 5702.26 968.363 635.841
 84284.3 56964.7 16360.3 1432.24 402.482
 53665.5 25631.4 14399.8 4052.9 453.994
 118529 12216.7 3661.38 1954.8 610.08
 690636 32511.9 2519.93 732.06 511.926
 150780 209516 8179.13 621.106 306.258
 714951 50992 65297 2526.41 286.303
 401312 232148 14667.3 18534.8 797.806
 603940 122657 59268.1 3671.66 4834.2
 582039 193471 34354 16357.9 2345.63
 687351 194130 58671.4 10310.3 5610.01
 133775 220866 54701 16296.5 4418.4
 458140 45590.1 69884.7 17168.1 6498.48
 419227 155292 14272.5 21688.8 7341.38
 182201 143240 49386.3 4503.51 9156.09
 376800 63355.8 47156.6 16161.7 4468.58
 474437 127888 19885.5 14675.1 6417.02
 179816 162698 40965.3 6322.44 6703.23
 167825 62854.3 54116.9 13552.3 4307.86
 326727 57916.8 20385.9 17433.4 5751.33
 163528 109660 17782 6198.39 7045.51
 259598 57783.7 37262.8 6016.62 4480.02
pred_Ctot
 8069.17 2906.9 12872.7 677.16 0.0250328
 7246 9312.43 1724.07 7235.49 379.523
 9162.56 4380.16 2811.57 491.742 2165.24
 21388.6 8847.87 2111.1 1280.25 1205.97
 5796.4 4253.56 847.785 190.31 223.362
 18071.6 8633.25 3264.09 616.748 300.042
 15390.2 20615.3 4829.56 1722.12 482.13
 1420.4 1496.77 908.598 198.881 90.4309
 4531.61 3535.84 1927.24 1109.69 352.313
 8411.52 3277.05 1215.94 622.889 470.908
 5664.73 1025.58 184.121 63.9532 57.3171
 20040 12632.8 1179.44 200.778 131.851
 9380.29 11613.5 3487.59 306.05 86.0159
 13442.2 10680.1 6212.91 1751.92 196.265
 19520.3 3554.03 1109.56 593.694 185.309
 77770.6 6700.59 542.992 158.122 110.588
 7745.44 20516.8 841.028 64.0345 31.5788
 53582.7 7172.73 9628.62 373.491 42.3313
 43571.7 46256.4 3056.43 3871.68 166.673
 49886 18919.3 9578.27 594.868 783.323
 34625.8 21823.9 4066.84 1941.51 278.44
 55589.1 29351.4 9295.44 1637.6 891.17
 6264.17 19774.3 5144.2 1536.63 416.679
 22917.6 4351.26 7004.51 1725.31 653.155
 18989.7 13462.8 1299.82 1980.5 670.467
 6338.87 9603.4 3480.85 318.275 647.179
 18556.9 5956.25 4655.92 1599.92 442.427
 20458.5 10569.7 1726.76 1277.72 558.79
 5687.87 9937.89 2631.14 407.185 431.771
 6602.83 4751.34 4299.26 1079.54 343.201
 18240.8 6145.83 2270.81 1947.02 642.417
 4094.4 5324.73 908.34 317.494 360.938
 14562.1 6159.81 4169.68 675.022 502.697
F
 0.0611168 0.120457 0.126944 0.127305 0.127324
 0.110192 0.217181 0.228878 0.229528 0.229562
 0.106829 0.210554 0.221893 0.222524 0.222557
 0.174018 0.342979 0.36145 0.362477 0.362531
 0.0553196 0.109031 0.114903 0.11523 0.115247
 0.130335 0.256882 0.270716 0.271485 0.271526
 0.274375 0.540775 0.569898 0.571518 0.571604
 0.044921 0.0885364 0.0933044 0.0935697 0.0935837
 0.183175 0.361026 0.380469 0.38155 0.381607
 0.247183 0.487182 0.513418 0.514878 0.514955
 0.0501209 0.0987852 0.104105 0.104401 0.104417
 0.183731 0.362122 0.381624 0.382709 0.382766
 0.190376 0.375218 0.395425 0.396549 0.396609
 0.479965 0.94598 0.996925 0.999759 0.999909
 0.293552 0.578573 0.609732 0.611465 0.611556
 0.192812 0.38002 0.400486 0.401624 0.401684
 0.0841509 0.165856 0.174788 0.175285 0.175311
 0.124837 0.246046 0.259297 0.260034 0.260073
 0.185346 0.365305 0.384978 0.386073 0.38613
 0.138348 0.272675 0.28736 0.288177 0.28822
 0.0980114 0.193174 0.203577 0.204156 0.204187
 0.135288 0.266643 0.281003 0.281802 0.281844
 0.0764665 0.150711 0.158827 0.159278 0.159302
 0.0818689 0.161358 0.170048 0.170532 0.170557
 0.0738906 0.145634 0.153477 0.153913 0.153936
 0.0563426 0.111048 0.117028 0.117361 0.117378
 0.0805577 0.158774 0.167325 0.1678 0.167826
 0.0702363 0.138431 0.145886 0.146301 0.146323
 0.0511159 0.100746 0.106172 0.106474 0.10649
 0.0639155 0.125973 0.132758 0.133135 0.133155
 0.0917426 0.180819 0.190557 0.191098 0.191127
 0.0402793 0.079388 0.0836634 0.0839012 0.0839138
 0.0921963 0.181713 0.191499 0.192043 0.192072
YTP_r0W_actual
 109798 107489 100364 21141.7 17720.1
YTP_p0W_proyectada
 0 0 0 0 0
 0 0 0 0 0
 0 0 0 0 0
 0 0 0 0 0
 0 0 0 0 0
 0 0 0 0 0
CTP_r0_actual
 14562.1 6159.81 4169.68 675.022 502.697
CTP_p0_proyectada
 0 0 0 0 0
 0 0 0 0 0
 0 0 0 0 0
 0 0 0 0 0
 0 0 0 0 0
 0 0 0 0 0
Wmedp
 7.54 17.45 24.07 31.32 35.25
Frms_r0
 0.0921963 0.181713 0.191499 0.192043 0.192072
Zrms_r0
 1.0922 1.18171 1.1915 1.19204 1.19207
nmprior
 7.29 8.9 8.7 0
nm_flota  nm_reclas  nm_pelaces    nm_pelaL
inf 10.5892 15.2958 45.5407
cv_recla  cv_pelaces  cv_mph
0.27794 0.492421 0.719691
 ------------------------------------------------
Talla a la edad & desviaci?n 
 8 13.2811 15.8009 17.003 17.5766
 0.8 1.32811 1.58009 1.7003 1.75766
