years
 1991 1992 1993 1994 1995 1996 1997 1998 1999 2000 2001 2002 2003 2004 2005 2006 2007 2008 2009 2010 2011 2012 2013 2014 2015 2016 2017 2018 2019 2020 2021 2022 2023
reclasobs
 0 0 0 0 0 0 0 0 0 252601 567819 844713 477998 351125 339783 2.1784e+06 2.13404e+06 4.81314e+06 1.55562e+06 2.62356e+06 3.21686e+06 3.843e+06 1.13348e+06 3.07943e+06 1.97215e+06 2.03268e+06 2.025e+06 2.42433e+06 2.27542e+06 1.05018e+06 2.36338e+06 3.18982e+06 1.53035e+06
reclaspred
 3.00639e+06 1.66953e+06 886213 966405 1.02261e+06 1.52268e+06 989928 939872 697281 534780 635523 786687 611997 294809 667038 1.72501e+06 1.82253e+06 2.4055e+06 1.70212e+06 1.39652e+06 2.87871e+06 2.4154e+06 1.91344e+06 2.91106e+06 2.30869e+06 2.09567e+06 2.50502e+06 2.75878e+06 2.43221e+06 1.86942e+06 1.66051e+06 1.61085e+06 1.62145e+06
pelacesobs
 0 0 0 0 0 0 0 0 0 0 0 0 0 0 0 552880 188675 0 991730 2.46772e+06 1.41603e+06 1.21717e+06 2.29649e+06 1.80582e+06 0 1.4828e+06 1.56532e+06 1.57751e+06 1.42118e+06 867257 1.10002e+06 1.06204e+06 0
pelacespred
 1.66403e+06 1.02813e+06 537942 484441 535483 829735 509148 585933 427126 313354 377246 399382 330541 154406 400081 867039 910216 1.32026e+06 982724 705739 1.52337e+06 1.3409e+06 1.07567e+06 1.79338e+06 1.35655e+06 1.22779e+06 1.69432e+06 1.67759e+06 1.32983e+06 1.17426e+06 938214 905068 916155
mphobs
 0 0 0 0 0 0 0 0 0 0 0 0 498337 0 5186 125008 0 168611 109162 213762 579715 649985 157893 87575 83554 210694 70296 0 107559 103333 445601 22526 28222
mphpred
 471616 316015 156206 92133.4 111134 130188 161610 106845 98361.5 71254.6 49864.2 79552.5 88020.8 50564.7 20001.1 69472.8 219795 222087 218914 337875 405113 588459 101703 85542.5 125215 105484 92393.6 103066 145275 115564 76385.7 76498.8 51726.8
desembarqueobs
 494567 514787 250237 358949 120608 361735 552515 73892 212993 205616 52469 317467 293654 387597 252695 516296 358380 742168 942051 627588 828172 859565 418607 520667 417249 300574 415391 372974 316634 284311 391294 218835 356480
desembarquepred
 494571 513336 250998 358992 120615 361767 552605 73896.8 213048 205666 52471.1 317502 293858 388125 252671 516235 358392 742200 941955 627474 828223 859663 418669 520718 417248 300592 415409 372969 316622 284287 391336 218857 356503
Reclutas
 204043 103269 137489 213784 182378 269948 118494 62806.6 55422.6 74237.5 153429 172176 82526.7 45891.8 154545 638925 150819 464008 352057 345076 554144 638341 130221 405392 393191 159126 376328 445278 176865 166196 196460 111109 283654
log_desv_Rt
 0.0540422 -0.626952 -0.340741 0.100679 -0.0582063 0.333943 -0.489422 -1.12423 -1.2493 -0.957018 -0.231047 -0.11577 -0.851166 -1.438 -0.223802 1.1955 -0.248207 0.875614 0.599506 0.579479 1.05314 1.19459 -0.395055 0.740568 0.710009 -0.194589 0.666175 0.834413 -0.0888981 -0.151119 0.0161715 -0.553776 0.383469
SSB
 3.26698e+06 2.1891e+06 1.08207e+06 638227 769848 901840 1.1195e+06 740140 681369 493595 345419 551076 584194 342788 134401 468113 1.52257e+06 1.53844e+06 1.56361e+06 1.0501e+06 1.28863e+06 1.95287e+06 1.87963e+06 1.52678e+06 2.1031e+06 1.87229e+06 1.55227e+06 1.6713e+06 2.43548e+06 1.83179e+06 1.36708e+06 1.40335e+06 881554
BT
 4.40923e+06 2.97276e+06 1.53993e+06 1.45826e+06 1.37571e+06 2.2886e+06 1.72525e+06 1.46297e+06 1.23614e+06 947418 948548 1.22286e+06 1.05583e+06 773400 1.20687e+06 2.50093e+06 2.45568e+06 3.80106e+06 3.30016e+06 2.25844e+06 4.30463e+06 4.02129e+06 2.93758e+06 4.76845e+06 3.63763e+06 3.19793e+06 4.47172e+06 4.36955e+06 3.43913e+06 3.07851e+06 2.60826e+06 2.34579e+06 2.50799e+06
Ftot
 0.139236 0.252161 0.244795 0.384869 0.11604 0.253055 0.489984 0.0753447 0.292373 0.367258 0.0973598 0.413618 0.440806 1.18662 0.536838 0.404531 0.183519 0.32182 0.54981 0.476149 0.321839 0.368982 0.195538 0.202134 0.17825 0.133506 0.184522 0.157719 0.113844 0.140435 0.237972 0.125361 0.248739
BD_Bspro_t
 0.978138 0.850668 0.698853 0.633497 0.649327 0.722794 0.700641 0.564955 0.632563 0.600347 0.581282 0.755416 0.647767 0.465592 0.268741 0.54959 0.708228 0.686694 0.641801 0.524167 0.531318 0.619204 0.635968 0.626901 0.725034 0.748146 0.753523 0.784307 0.831042 0.792129 0.759211 0.749183 0.745309
BD_Bspro
 2.34586 1.57188 0.776979 0.458279 0.55279 0.647567 0.803861 0.531458 0.489258 0.354426 0.248028 0.3957 0.419481 0.246139 0.0965069 0.336129 1.09328 1.10468 1.12275 0.754027 0.925304 1.40226 1.34967 1.09631 1.51013 1.3444 1.11461 1.20008 1.7488 1.31532 0.981635 1.00767 0.633001
BD_Bo
 2.4532 1.64381 0.812532 0.479249 0.578084 0.677198 0.840644 0.555776 0.511645 0.370644 0.259378 0.413807 0.438676 0.257402 0.100923 0.35151 1.14331 1.15522 1.17412 0.78853 0.967644 1.46643 1.41143 1.14647 1.57923 1.40592 1.16561 1.25499 1.82882 1.3755 1.02655 1.05378 0.661966
BD_Brms
 2.62696 1.76024 0.870083 0.513194 0.619029 0.725163 0.900186 0.595141 0.547884 0.396896 0.277749 0.443116 0.469747 0.275634 0.108071 0.376407 1.22428 1.23705 1.25729 0.84438 1.03618 1.57029 1.5114 1.22767 1.69109 1.5055 1.24817 1.34388 1.95836 1.47293 1.09926 1.12842 0.708852
Sel_flota
 0.468052 0.94356 0.996862 0.999834 0.999991
 0.468052 0.94356 0.996862 0.999834 0.999991
 0.468052 0.94356 0.996862 0.999834 0.999991
 0.468052 0.94356 0.996862 0.999834 0.999991
 0.468052 0.94356 0.996862 0.999834 0.999991
 0.468052 0.94356 0.996862 0.999834 0.999991
 0.468052 0.94356 0.996862 0.999834 0.999991
 0.468052 0.94356 0.996862 0.999834 0.999991
 0.468052 0.94356 0.996862 0.999834 0.999991
 0.468052 0.94356 0.996862 0.999834 0.999991
 0.468052 0.94356 0.996862 0.999834 0.999991
 0.468052 0.94356 0.996862 0.999834 0.999991
 0.468052 0.94356 0.996862 0.999834 0.999991
 0.468052 0.94356 0.996862 0.999834 0.999991
 0.468052 0.94356 0.996862 0.999834 0.999991
 0.468052 0.94356 0.996862 0.999834 0.999991
 0.468052 0.94356 0.996862 0.999834 0.999991
 0.468052 0.94356 0.996862 0.999834 0.999991
 0.468052 0.94356 0.996862 0.999834 0.999991
 0.468052 0.94356 0.996862 0.999834 0.999991
 0.468052 0.94356 0.996862 0.999834 0.999991
 0.468052 0.94356 0.996862 0.999834 0.999991
 0.468052 0.94356 0.996862 0.999834 0.999991
 0.468052 0.94356 0.996862 0.999834 0.999991
 0.468052 0.94356 0.996862 0.999834 0.999991
 0.468052 0.94356 0.996862 0.999834 0.999991
 0.468052 0.94356 0.996862 0.999834 0.999991
 0.468052 0.94356 0.996862 0.999834 0.999991
 0.468052 0.94356 0.996862 0.999834 0.999991
 0.468052 0.94356 0.996862 0.999834 0.999991
 0.468052 0.94356 0.996862 0.999834 0.999991
 0.468052 0.94356 0.996862 0.999834 0.999991
 0.468052 0.94356 0.996862 0.999834 0.999991
Sel_reclas
 1 1 1 1 1
 1 1 1 1 1
 1 1 1 1 1
 1 1 1 1 1
 1 1 1 1 1
 1 1 1 1 1
 1 1 1 1 1
 1 1 1 1 1
 1 1 1 1 1
 1 1 1 1 1
 1 1 1 1 1
 1 1 1 1 1
 1 1 1 1 1
 1 1 1 1 1
 1 1 1 1 1
 1 1 1 1 1
 1 1 1 1 1
 1 1 1 1 1
 1 1 1 1 1
 1 1 1 1 1
 1 1 1 1 1
 1 1 1 1 1
 1 1 1 1 1
 1 1 1 1 1
 1 1 1 1 1
 1 1 1 1 1
 1 1 1 1 1
 1 1 1 1 1
 1 1 1 1 1
 1 1 1 1 1
 1 1 1 1 1
 1 1 1 1 1
 1 1 1 1 1
Sel_pelaces
 1 1 1 1 1
 1 1 1 1 1
 1 1 1 1 1
 1 1 1 1 1
 1 1 1 1 1
 1 1 1 1 1
 1 1 1 1 1
 1 1 1 1 1
 1 1 1 1 1
 1 1 1 1 1
 1 1 1 1 1
 1 1 1 1 1
 1 1 1 1 1
 1 1 1 1 1
 1 1 1 1 1
 1 1 1 1 1
 1 1 1 1 1
 1 1 1 1 1
 1 1 1 1 1
 1 1 1 1 1
 1 1 1 1 1
 1 1 1 1 1
 1 1 1 1 1
 1 1 1 1 1
 1 1 1 1 1
 1 1 1 1 1
 1 1 1 1 1
 1 1 1 1 1
 1 1 1 1 1
 1 1 1 1 1
 1 1 1 1 1
 1 1 1 1 1
 1 1 1 1 1
pf_obs 
 0.8446 0.082 0.0669 0.0065 0
 0.8095 0.147 0.0364 0.0071 0
 0.9664 0.0169 0.016 0.0007 0
 0.9276 0.0648 0.0075 0.0001 0
 0.7033 0.2144 0.0806 0.0017 0
 0.9318 0.0425 0.0243 0.0014 0
 0.5671 0.3108 0.0964 0.0239 0.0018
 0.0768 0.2599 0.5324 0.112 0.0189
 0.490249 0.384438 0.106611 0.0170017 0.00170017
 0.7925 0.1577 0.0466 0.003 0.0002
 0.840416 0.127587 0.0312969 0.00059994 9.999e-05
 0.8084 0.0986 0.0794 0.0134 0.0002
 0.7335 0.1905 0.0724 0.0035 0.0001
 0.4001 0.4547 0.1325 0.0127 0
 0.49795 0.308269 0.164784 0.0264974 0.00249975
 0.9179 0.0499 0.0305 0.0017 0
 0.2467 0.6533 0.0926 0.0074 0
 0.9418 0.0223 0.034 0.0019 0
 0.707729 0.231977 0.0356964 0.0245975 0
 0.517169 0.277429 0.184464 0.0207286 0.00020938
 0.811772 0.124168 0.05621 0.00726502 0.000585176
 0.764997 0.148141 0.077277 0.00933861 0.000247198
 0.163321 0.427699 0.378323 0.0303852 0.000271297
 0.753843 0.0900009 0.118128 0.0371064 0.000921714
 0.721811 0.176058 0.0630433 0.0369309 0.00215725
 0.143369 0.312575 0.442814 0.0836902 0.0175525
 0.692698 0.0596174 0.167031 0.0765114 0.00414204
 0.394062 0.376323 0.152708 0.0712218 0.00568511
 0.125707 0.32114 0.495352 0.0537591 0.00404204
 0.23352 0.215282 0.420074 0.123614 0.00750983
 0.796117 0.104755 0.0508955 0.0450114 0.00322123
 0.162477 0.292055 0.404252 0.121198 0.0200186
 0 0 0 0 0
pf_pred 
 0.331692 0.122328 0.517972 0.0280063 1.05708e-06
 0.280157 0.36643 0.0677469 0.271054 0.0146111
 0.489336 0.231092 0.146713 0.0255363 0.107324
 0.629256 0.248889 0.0570165 0.0340812 0.0307576
 0.52595 0.373278 0.0691129 0.0148415 0.0168167
 0.604153 0.273099 0.097805 0.0171237 0.00781925
 0.357698 0.490079 0.106994 0.0360632 0.00916626
 0.336088 0.368371 0.229137 0.0467258 0.0196781
 0.396562 0.304251 0.170081 0.100166 0.0289405
 0.565446 0.254705 0.0935224 0.0491466 0.0371795
 0.713842 0.211616 0.044873 0.0154545 0.0142144
 0.587914 0.343463 0.0514876 0.0103284 0.00680774
 0.392273 0.460496 0.12405 0.0174084 0.00577259
 0.400019 0.355241 0.188457 0.0474491 0.00883361
 0.85181 0.09748 0.0311887 0.01505 0.00447113
 0.877913 0.113515 0.00577572 0.0017226 0.00107399
 0.272454 0.683569 0.041075 0.00195762 0.000944423
 0.674862 0.140418 0.174151 0.00987313 0.000695314
 0.519014 0.394286 0.0387928 0.0451751 0.00273204
 0.57081 0.305547 0.102657 0.00941006 0.0115759
 0.683113 0.237453 0.0576531 0.0180963 0.00368525
 0.614115 0.31716 0.0523069 0.0119269 0.00449049
 0.208146 0.61302 0.148652 0.0229916 0.00719069
 0.626287 0.130928 0.190417 0.0435536 0.00881464
 0.536975 0.360824 0.0371974 0.0510184 0.0139859
 0.299646 0.49215 0.164354 0.0159918 0.0278577
 0.620051 0.176241 0.14555 0.0459405 0.012218
 0.580806 0.323824 0.0456383 0.0355658 0.014166
 0.303006 0.513905 0.143295 0.0190744 0.0207198
 0.390104 0.284018 0.243788 0.0642921 0.0177988
 0.503063 0.282299 0.103028 0.0835604 0.0280498
 0.372722 0.426654 0.116982 0.0402181 0.0434247
 0.676402 0.176644 0.101774 0.0263791 0.018802
pobs_RECLAS
 0 0 0 0 0
 0 0 0 0 0
 0 0 0 0 0
 0 0 0 0 0
 0 0 0 0 0
 0 0 0 0 0
 0 0 0 0 0
 0 0 0 0 0
 0 0 0 0 0
 0 0 0 0 0
 0.991045 0.00858322 0.000360255 1.14367e-05 0
 0.934742 0.0480273 0.0164251 0.00080598 0
 0.827803 0.169806 0.00239088 0 0
 0.941827 0.0461693 0.0120037 0 0
 0.791401 0.0380133 0.147996 0.0225897 0
 0.846168 0.0940531 0.0597789 0 0
 0.134021 0.677848 0.182769 0.00536245 0
 0.80878 0.0450904 0.141981 0.00414843 0
 0.846168 0.0940531 0.0597789 0 0
 0.905697 0.0802665 0.012482 0.00150086 5.37128e-05
 0.989698 0.0102097 9.19794e-05 0 0
 0.975433 0.0193895 0.00387452 0.00125025 5.28907e-05
 0.303575 0.632131 0.0575291 0.00676475 0
 0.966965 0.00978017 0.0227588 0.000495775 0
 0.843318 0.132988 0.00938335 0.0141283 0.000182051
 0.564624 0.303363 0.111486 0.0197234 0.00080311
 0.826376 0.0876187 0.0782897 0.00655872 0.00115652
 0.89761 0.0855135 0.0140674 0.00269457 0.000114338
 0.34875 0.467042 0.161289 0.0227151 0.000203297
 0.318654 0.224769 0.449479 0.00709798 0
 0.937255 0.0296025 0.0250945 0.00804832 0
 0.456809 0.399803 0.12412 0.0192676 0
 0.883104 0.0372192 0.0704036 0.00927362 0
ppred_RECLAS
 0.512953 0.0932857 0.37362 0.0201405 7.6007e-07
 0.449506 0.288306 0.0503843 0.200972 0.0108316
 0.668355 0.154839 0.0929237 0.0161247 0.0677578
 0.780397 0.15025 0.0325054 0.0193696 0.0174779
 0.694576 0.24334 0.0426216 0.00912517 0.010338
 0.760012 0.168462 0.0570275 0.00995392 0.00454456
 0.538611 0.356887 0.073521 0.0247029 0.00627776
 0.511979 0.277504 0.163328 0.0332063 0.0139823
 0.580106 0.217784 0.115048 0.0675477 0.0195132
 0.732252 0.160723 0.0557387 0.0292004 0.0220866
 0.836675 0.122538 0.0245833 0.00844122 0.00776265
 0.747722 0.212267 0.0300439 0.00600802 0.00395942
 0.574287 0.327054 0.0831672 0.0116347 0.00385739
 0.599657 0.243411 0.120943 0.030342 0.00564772
 0.92403 0.050984 0.0153863 0.00740106 0.00219837
 0.936905 0.0588995 0.00282974 0.000841338 0.000524467
 0.432961 0.534527 0.0303732 0.00144319 0.000696137
 0.814356 0.0827782 0.0969979 0.00548217 0.000386019
 0.693617 0.253834 0.0235537 0.0273417 0.00165325
 0.736377 0.1908 0.0604959 0.00552794 0.00679915
 0.817365 0.138802 0.0318407 0.00996349 0.00202871
 0.76741 0.1931 0.0300787 0.00683728 0.00257382
 0.351159 0.508613 0.116622 0.0179829 0.00562331
 0.779508 0.0801148 0.110171 0.0251226 0.00508366
 0.704644 0.233052 0.0227201 0.0310677 0.00851537
 0.468584 0.379609 0.119914 0.0116326 0.0202608
 0.773639 0.1082 0.0844999 0.0265904 0.00707067
 0.740146 0.203313 0.0271004 0.0210556 0.00838519
 0.471852 0.395081 0.104215 0.0138307 0.0150213
 0.571983 0.205338 0.166713 0.0438333 0.012133
 0.678889 0.186953 0.0645005 0.0521535 0.0175042
 0.550739 0.311071 0.0806808 0.0276545 0.0298546
 0.813859 0.104243 0.0567725 0.0146702 0.0104547
pobs_PELACES
 0 0 0 0 0
 0 0 0 0 0
 0 0 0 0 0
 0 0 0 0 0
 0 0 0 0 0
 0 0 0 0 0
 0 0 0 0 0
 0 0 0 0 0
 0 0 0 0 0
 0 0 0 0 0
 0 0 0 0 0
 0 0 0 0 0
 0 0 0 0 0
 0 0 0 0 0
 0 0 0 0 0
 0 0 0 0 0
 0.505614 0.472636 0.0217494 0 0
 0 0 0 0 0
 0.443492 0.261883 0.143347 0.151278 0
 0.227955 0.32914 0.350689 0.0885471 0.00366901
 0.970185 0.0296113 0.000203453 0 0
 0.997202 0.00247181 0.000326279 0 0
 0.445219 0.490057 0.0546422 0.010081 0
 0.90214 0.0892962 0.00764917 0.000914606 0
 0 0 0 0 0
 0.581667 0.319106 0.0959925 0.00289975 0.000334073
 0.762889 0.0836404 0.116647 0.0363945 0.000428098
 0.88444 0.0763242 0.0277011 0.0115352 0
 0.521256 0.241999 0.230069 0.00667565 0
 0.616807 0.101726 0.260614 0.0208532 0
 0.833518 0.0704572 0.0857862 0.0102388 0
 0.697417 0.212968 0.0787535 0.0105354 0.000325836
 0 0 0 0 0
ppred_PELACES
 0.518905 0.0923288 0.368883 0.0198824 7.50325e-07
 0.459863 0.283506 0.0493262 0.196703 0.0106014
 0.677329 0.151004 0.0902332 0.0156541 0.0657793
 0.790935 0.143355 0.0308044 0.0183491 0.0165567
 0.698513 0.240304 0.042004 0.00899193 0.0101869
 0.767419 0.163481 0.0550957 0.00961436 0.00438947
 0.55814 0.342458 0.069943 0.0234895 0.00596923
 0.515077 0.275902 0.16217 0.0329684 0.0138821
 0.591851 0.21223 0.111539 0.0654684 0.0189122
 0.743903 0.154136 0.0531103 0.0278135 0.0210371
 0.838811 0.120988 0.0242308 0.00831941 0.00765059
 0.75998 0.202189 0.02841 0.00567898 0.0037425
 0.591541 0.314366 0.0793232 0.0110921 0.00367743
 0.645306 0.217439 0.105807 0.0265138 0.00493485
 0.929943 0.047165 0.0141 0.00677875 0.00201347
 0.940582 0.0554938 0.00264721 0.000786757 0.000490432
 0.44009 0.527904 0.0299003 0.00142047 0.000685167
 0.822329 0.0794723 0.0925985 0.00523187 0.000368388
 0.711989 0.23902 0.0219656 0.0254845 0.00154091
 0.751059 0.180594 0.0567824 0.00518619 0.00637865
 0.824983 0.133196 0.0303822 0.00950411 0.00193514
 0.777777 0.184699 0.028584 0.00649515 0.00244498
 0.358354 0.50335 0.115019 0.0177323 0.0055449
 0.785298 0.07819 0.107142 0.0244272 0.00494288
 0.710573 0.228531 0.0222096 0.0303643 0.00832249
 0.473973 0.376014 0.1185 0.0114939 0.0200191
 0.778966 0.105836 0.0823857 0.0259204 0.00689245
 0.744995 0.199642 0.0265375 0.020615 0.00820966
 0.476434 0.391853 0.103157 0.0136887 0.0148671
 0.577687 0.202866 0.164299 0.0431928 0.0119556
 0.687361 0.182348 0.062649 0.0506445 0.0169976
 0.555773 0.307799 0.0796564 0.0273 0.0294717
 0.819989 0.101008 0.0547704 0.0141494 0.0100834
pobs_pel_tallas
 0 0 0 0 0 0 0 0 0 0 0 0 0 0 0 0 0 0 0 0 0 0 0 0 0 0
 0 0 0 0 0 0 0 0 0 0 0 0 0 0 0 0 0 0 0 0 0 0 0 0 0 0
 0 0 0 0 0 0 0 0 0 0 0 0 0 0 0 0 0 0 0 0 0 0 0 0 0 0
 0 0 0 0 0 0 0 0 0 0 0 0 0 0 0 0 0 0 0 0 0 0 0 0 0 0
 0 0 0 0 0 0 0 0 0 0 0 0 0 0 0 0 0 0 0 0 0 0 0 0 0 0
 0 0 0 0 0 0 0 0 0 0 0 0 0 0 0 0 0 0 0 0 0 0 0 0 0 0
 0 0 0 0 0 0 0 0 0 0 0 0 0 0 0 0 0 0 0 0 0 0 0 0 0 0
 0 0 0 0 0 0 0 0 0 0 0 0 0 0 0 0 0 0 0 0 0 0 0 0 0 0
 0 0 0 0 0 0 0 0 0 0 0 0 0 0 0 0 0 0 0 0 0 0 0 0 0 0
 0 0 0 0 0 0 0 0 0 0 0 0 0 0 0 0 0 0 0 0 0 0 0 0 0 0
 0 0 0 0 0 0 0 0 0 0 0 0 0 0 0 0 0 0 0 0 0 0 0 0 0 0
 0 0 0 0 0 0 0 0 0 0 0 0 0 0 0 0 0 0 0 0 0 0 0 0 0 0
 0.00862536 0 0 0.000197151 0.00414017 0.0128641 0.00837892 0.0270097 0.101434 0.158115 0.152841 0.127902 0.109271 0.109419 0.0830992 0.0579132 0.0238553 0.00714673 0.00463305 0.00128148 0.00103504 0.000492878 0.000147863 0.000147863 4.92878e-05 0
 0 0 0 0 0 0 0 0 0 0 0 0 0 0 0 0 0 0 0 0 0 0 0 0 0 0
 0 0 0 0 0 0 0 0.0054083 0.00873648 0.0413646 0.0450493 0.0745869 0.0622846 0.0627006 0.0613931 0.0827291 0.12552 0.122667 0.0946155 0.0697135 0.0546179 0.0294188 0.0215738 0.0213955 0.0102223 0.00600262
 0 0 0 0 0.00359764 0.0251062 0.0480494 0.140153 0.205849 0.193036 0.1447 0.116669 0.0760912 0.0342217 0.00950174 0.001854 0.000860785 0 0 0 0.000165536 0 0.000143464 0 0 0
 0 0 0 0 0 0 0 0.000145254 0.000435761 0.0275982 0.070085 0.0708112 0.156366 0.174668 0.174014 0.160142 0.0824315 0.0480064 0.0283245 0.00493863 0.00203355 0 0 0 0 0
 0 0 0 0 0 0 0 0 0 0 0 0 0 0 0 0 0 0 0 0 0 0 0 0 0 0
 0 0 1.00437e-05 0.000401748 0.00122533 0.00171747 0.00176769 0.0269171 0.070346 0.194647 0.189555 0.159765 0.064822 0.0314167 0.0384472 0.0292271 0.0345202 0.0313363 0.0194345 0.0106764 0.0143323 0.0359363 0.0279516 0.0138201 0.00172751 0
 0 0.0021121 0.0136068 0.0755702 0.200478 0.177729 0.0527432 0.0373336 0.0318909 0.0142505 0.0149659 0.0166563 0.0217959 0.0798694 0.0677717 0.0528807 0.04013 0.0224614 0.0357745 0.0225083 0.00881397 0.00855152 0.00135912 0.000746735 0 0
 0 0 0 0 5.4009e-05 0.00500934 0.000945158 0.0243581 0.138947 0.33067 0.221406 0.137944 0.0707744 0.0437923 0.0131692 0.00525238 0.0047753 0.00276346 9.45158e-05 9.00151e-06 2.25038e-05 9.00151e-06 4.50075e-06 0 0 0
 0.000866109 0.00284123 0.00948549 0.0512746 0.133035 0.25785 0.225252 0.132002 0.0553304 0.0519788 0.0540692 0.017754 0.00435017 0.00159236 0.00146478 0.000404838 0.000125132 0.000115318 0.000107957 0.000100596 0 0 0 0 0 0
 0 0 0 0 0.00144013 0.00171154 0.00461396 0.0210425 0.0478622 0.0707936 0.0888783 0.103762 0.0637923 0.0337046 0.0602308 0.124433 0.169614 0.0934646 0.0462172 0.0250306 0.0313229 0.00938855 0.002487 0.000210481 0 0
 0 0.00764035 0.051015 0.0998891 0.058973 0.0496711 0.0374665 0.0718981 0.12319 0.153886 0.159021 0.0857701 0.0377988 0.023471 0.0147837 0.00900784 0.00315554 0.000888139 0.00291439 0.00214683 0.00393193 0.00274676 0.000635225 9.99891e-05 0 0
 0 0 0 0 0 0 0 0 0 0 0 0 0 0 0 0 0 0 0 0 0 0 0 0 0 0
 0 0 0 0 0 0 0 0 0 0 0 0 0 0 0 0 0 0 0 0 0 0 0 0 0 0
 0 0 0 0 0 0 0 0 0 0 0 0 0 0 0 0 0 0 0 0 0 0 0 0 0 0
 0 0 0 0 0 0 0 0 0 0 0 0 0 0 0 0 0 0 0 0 0 0 0 0 0 0
 0 0 0 0 0 0 0 0 0 0 0 0 0 0 0 0 0 0 0 0 0 0 0 0 0 0
 0 0 0 0 0 0 0 0 0 0 0 0 0 0 0 0 0 0 0 0 0 0 0 0 0 0
 0 0 0 0 0 0 0 0 0 0 0 0 0 0 0 0 0 0 0 0 0 0 0 0 0 0
 0 0 0 0 0 0 0 0 0 0 0 0 0 0 0 0 0 0 0 0 0 0 0 0 0 0
 0 0 0 0 0 0 0 0 0 0 0 0 0 0 0 0 0 0 0 0 0 0 0 0 0 0
ppred_pel_tallas
 1.12663e-16 4.27416e-05 0.000415463 0.0027609 0.0125507 0.0390498 0.0832001 0.121435 0.121444 0.0832465 0.0392074 0.0130129 0.00394771 0.00309414 0.00538693 0.00950629 0.0152417 0.0223885 0.0306433 0.0396705 0.048955 0.0574879 0.0636745 0.0657875 0.0628036 0.0550468
 1.23017e-16 3.78784e-05 0.000368191 0.00244676 0.0111226 0.0346068 0.0737345 0.107623 0.107651 0.0738685 0.0350569 0.0124239 0.00571825 0.0075277 0.013691 0.022732 0.0331453 0.0426103 0.0488814 0.0511598 0.0506595 0.0497614 0.0503717 0.0527387 0.0554816 0.0565807
 1.15345e-16 5.57907e-05 0.000542306 0.00360381 0.0163824 0.0509719 0.108602 0.15851 0.158525 0.108673 0.0512132 0.0170812 0.00536408 0.00440587 0.00745574 0.0124039 0.0182614 0.0238255 0.0279267 0.0300923 0.0308221 0.0311672 0.0319456 0.0332222 0.0343762 0.0345709
 1.05568e-16 6.51483e-05 0.000633265 0.00420827 0.0191302 0.0595212 0.126817 0.185095 0.185109 0.126884 0.0597484 0.0197868 0.00585765 0.00423831 0.00692527 0.0113825 0.0164809 0.0209256 0.0234548 0.0235188 0.0216124 0.0189251 0.0165889 0.0151078 0.0143073 0.013676
 1.039e-16 5.75357e-05 0.000559267 0.00371653 0.0168948 0.0525662 0.111999 0.16347 0.163493 0.112112 0.0529465 0.0179934 0.00647495 0.00658336 0.0115056 0.0189493 0.0273377 0.034477 0.0381708 0.0374112 0.0329708 0.0268584 0.0210913 0.0167449 0.0138296 0.0117869
 1.03339e-16 6.32113e-05 0.000614437 0.00408315 0.0185614 0.0577515 0.123046 0.179593 0.179609 0.123124 0.0580111 0.0193119 0.00596937 0.00474033 0.00792326 0.0130621 0.0189582 0.0241499 0.0271826 0.0273741 0.0251872 0.0218504 0.0185525 0.0158584 0.0136955 0.0117276
 1.05472e-16 4.59733e-05 0.000446877 0.00296966 0.0134997 0.0420026 0.0894922 0.130623 0.130656 0.0896537 0.0425449 0.0150666 0.00690482 0.00904372 0.0163917 0.0270758 0.039117 0.049441 0.0549402 0.0541822 0.0482407 0.0399127 0.0319794 0.025882 0.0215836 0.0183031
 1.10406e-16 4.24263e-05 0.000412399 0.00274054 0.0124581 0.0387619 0.0825873 0.120544 0.120571 0.0827183 0.0392024 0.013733 0.00595041 0.00745203 0.0135074 0.0225133 0.0330128 0.042744 0.0493997 0.0518839 0.0508586 0.0480623 0.0450012 0.0421124 0.038923 0.0348075
 1.1304e-16 4.875e-05 0.000473867 0.00314902 0.014315 0.0445393 0.0948965 0.138509 0.138529 0.0949973 0.0448781 0.0152954 0.00561759 0.00588821 0.0104073 0.0173295 0.0254396 0.0330225 0.0383716 0.0407464 0.0407734 0.0398743 0.0391919 0.0388932 0.0382937 0.0365199
 1.07922e-16 6.12743e-05 0.000595608 0.00395803 0.0179926 0.0559818 0.119276 0.17409 0.174104 0.119349 0.0562268 0.0187011 0.0057395 0.00449504 0.00749831 0.0123831 0.0180344 0.0231173 0.0263253 0.0270932 0.0259276 0.0240132 0.0224145 0.0215021 0.0209538 0.0201669
 1.0286e-16 6.90918e-05 0.000671597 0.004463 0.0202881 0.063124 0.134493 0.196299 0.19631 0.13455 0.0633156 0.0208418 0.0058534 0.00370926 0.0058454 0.00957367 0.0138313 0.017495 0.0194724 0.0192696 0.0172811 0.0145076 0.0119347 0.010057 0.00882679 0.00791816
 1.02075e-16 6.25986e-05 0.00060848 0.00404357 0.0183815 0.0571917 0.121854 0.177853 0.177873 0.121949 0.0575114 0.0193049 0.00636156 0.00566865 0.00967266 0.0158915 0.0228854 0.0287772 0.0316962 0.0307788 0.0266764 0.0211048 0.0158123 0.0117693 0.00904844 0.0072241
 1.04105e-16 4.87245e-05 0.00047362 0.00314737 0.0143075 0.0445161 0.0948475 0.138439 0.138469 0.0949958 0.0450144 0.0157473 0.00676404 0.00837741 0.0150845 0.0249255 0.036052 0.0456482 0.0508607 0.0503493 0.0450427 0.0374281 0.0299858 0.0240136 0.0195284 0.0159332
 1.06604e-16 5.3153e-05 0.000516667 0.00343343 0.0156079 0.0485621 0.103467 0.151018 0.151039 0.10357 0.0489085 0.0166101 0.00595502 0.00604127 0.0106041 0.0176005 0.0257096 0.0330878 0.0378741 0.0391905 0.0375964 0.0345617 0.0314175 0.0286522 0.0259861 0.0229363
 1.0144e-16 7.65982e-05 0.000744561 0.00494787 0.0224923 0.069982 0.149104 0.217623 0.217627 0.149126 0.0700568 0.0227087 0.00549183 0.00193433 0.00234305 0.00377056 0.0054677 0.00696892 0.00785714 0.00794538 0.00737979 0.00652554 0.00572711 0.00513364 0.00469389 0.0042715
 1.00253e-16 7.74745e-05 0.00075308 0.00500448 0.0227496 0.0707826 0.15081 0.220113 0.220118 0.150836 0.0708702 0.0230025 0.00563875 0.00213635 0.00270058 0.00433155 0.0062078 0.00775502 0.00844622 0.00804095 0.00672749 0.00500168 0.0033793 0.00216276 0.00139479 0.000959921
 1.01257e-16 3.62497e-05 0.00035236 0.00234156 0.0106444 0.033119 0.0705655 0.103003 0.103054 0.0708137 0.0339522 0.01305 0.00837622 0.0135136 0.0249952 0.041168 0.059072 0.0738004 0.0803714 0.0764781 0.0638808 0.0472647 0.0315211 0.0195448 0.0118013 0.00728054
 1.0328e-16 6.77342e-05 0.0006584 0.0043753 0.0198895 0.0618836 0.13185 0.19244 0.192448 0.131888 0.0620119 0.0202617 0.00531564 0.00273115 0.00406264 0.00676091 0.0100848 0.0134119 0.0161274 0.0179018 0.0188016 0.01909 0.0189089 0.0181508 0.0166142 0.0142638
 1.03512e-16 5.86456e-05 0.000570056 0.00378823 0.0172207 0.0535802 0.114159 0.166624 0.166647 0.114272 0.053958 0.0183116 0.00652593 0.00654498 0.0114021 0.0187476 0.026982 0.033899 0.0373012 0.0361999 0.0314162 0.0250329 0.0191454 0.0148746 0.0122136 0.0105261
 1.03285e-16 6.18638e-05 0.000601338 0.0039961 0.0181657 0.0565204 0.120423 0.175765 0.175782 0.120509 0.056807 0.0189941 0.00607789 0.00515366 0.00873028 0.0143942 0.0208672 0.0265278 0.0297561 0.0297903 0.027146 0.0232035 0.0193166 0.0161584 0.0136908 0.0115614
 1.02192e-16 6.79528e-05 0.000660525 0.00438942 0.0199537 0.0620834 0.132276 0.193063 0.193076 0.132339 0.0622944 0.0205635 0.00592111 0.00400747 0.006434 0.0105544 0.015257 0.0193117 0.0215117 0.0212998 0.0190857 0.0159406 0.0129244 0.0105782 0.00887891 0.00752914
 1.01938e-16 6.40645e-05 0.00062273 0.00413826 0.0188119 0.058531 0.124707 0.182017 0.182035 0.124794 0.0588231 0.0196558 0.00625675 0.00524808 0.00885038 0.0145351 0.0209439 0.0263618 0.0290842 0.0283229 0.0246665 0.0196675 0.0149022 0.0112377 0.00872952 0.00699272
 1.06165e-16 2.95173e-05 0.000286918 0.00190667 0.0086675 0.0269681 0.0574601 0.0838749 0.0839235 0.0576975 0.0277654 0.0109715 0.00769325 0.0129298 0.0240722 0.0398311 0.0575648 0.0727813 0.0808968 0.0797638 0.0708963 0.0583367 0.0461356 0.0364421 0.0293174 0.0237873
 1.06399e-16 6.4684e-05 0.000628751 0.00417827 0.0189938 0.0590969 0.125912 0.183774 0.183782 0.12595 0.0592238 0.0193624 0.00511119 0.00269068 0.00405521 0.00679696 0.0102423 0.0138396 0.0170515 0.0196057 0.0215735 0.0231425 0.0242972 0.0247175 0.0239882 0.0219202
 1.05153e-16 5.8529e-05 0.000568923 0.00378069 0.0171865 0.0534737 0.113932 0.166292 0.166314 0.11404 0.0538349 0.0182299 0.00639961 0.00628574 0.0109155 0.0179538 0.0258647 0.0325543 0.0359459 0.0351225 0.0308931 0.0252562 0.0201916 0.0167097 0.0147114 0.0134854
 1.08057e-16 3.90406e-05 0.000379489 0.00252184 0.0114639 0.0356687 0.0759973 0.110928 0.110964 0.076175 0.0362655 0.0131889 0.00685685 0.0098595 0.0180921 0.0299758 0.0434757 0.0552962 0.0620831 0.062267 0.0569389 0.0489838 0.0412162 0.0350122 0.0302421 0.0261085
 1.06171e-16 6.41624e-05 0.000623681 0.00414458 0.0188407 0.0586204 0.124897 0.182293 0.182304 0.124948 0.0587901 0.0193324 0.00538439 0.00334871 0.0052941 0.00879427 0.0130002 0.0170617 0.0201477 0.0218707 0.0224629 0.0224936 0.0223732 0.0220737 0.0212501 0.0195866
 1.04274e-16 6.13643e-05 0.000596483 0.00396384 0.0180191 0.0560641 0.119451 0.174346 0.174366 0.119545 0.0563799 0.0189312 0.00625375 0.00559641 0.00956054 0.0157185 0.0226641 0.028566 0.0316103 0.0309863 0.0273765 0.0224921 0.0180308 0.0148631 0.0129223 0.0116348
 1.06966e-16 3.92433e-05 0.000381459 0.00253493 0.0115234 0.0358539 0.076392 0.111504 0.111542 0.0765769 0.0364752 0.0133188 0.00704514 0.0102395 0.0187974 0.0311075 0.045027 0.0570816 0.0637393 0.0633529 0.0570951 0.0480639 0.0393226 0.0324327 0.0273388 0.0232143
 1.11149e-16 4.75834e-05 0.000462527 0.00307366 0.0139724 0.0434735 0.0926256 0.135194 0.135214 0.0927223 0.043799 0.0149154 0.00545172 0.00569031 0.0100834 0.0168763 0.0249676 0.0327895 0.0387487 0.0420867 0.0432199 0.0432043 0.0428016 0.0419598 0.0400585 0.0365623
 1.0981e-16 5.6617e-05 0.000550338 0.00365719 0.0166251 0.0517268 0.11021 0.160859 0.160876 0.110296 0.0520168 0.0174636 0.00576589 0.005167 0.00886465 0.0146735 0.0213936 0.0274731 0.0313869 0.032486 0.0313796 0.0294569 0.0279333 0.0271749 0.0267182 0.0257887
 1.10103e-16 4.57783e-05 0.000444982 0.00295706 0.0134424 0.0418244 0.0891125 0.130068 0.130098 0.0892578 0.0423126 0.0148532 0.00650183 0.00819476 0.0147984 0.0244843 0.0354871 0.0451039 0.050618 0.0508111 0.046679 0.0406957 0.0352335 0.0313811 0.0288587 0.0267352
 1.04732e-16 6.75414e-05 0.000656527 0.00436285 0.0198329 0.0617075 0.131475 0.191893 0.191903 0.131523 0.0618687 0.0202992 0.00553681 0.00323048 0.00498898 0.0082279 0.0120512 0.0155891 0.0179991 0.0188953 0.0185467 0.0176224 0.0166985 0.0159351 0.0151232 0.013966
pSPR Fmed_Fpbrs
1   0.983856 0.6 0.325 0.983856 0.983856 0.983856
Fs Fmed_Fpbrs
0   0.01 0.358786 0.928547 0.01 0.01 0.01
SSBpbr Bo_Bmed_Bpbrs
1.33172e+06  1.26514e+06  1.24364e+06 732447 366224 1.24364e+06 1.24364e+06 1.24364e+06
Ro
193308
SPR SPRFo_SPRFmed_SPRFpbrs
1.39266e+06 1.39266e+06 1.37018e+06
Fref
0
Nvult_r0
 190772 27331.7 15065.2 3895.51 2776.23
CTP_r0
 19894.1 5195.39 2993.33 775.852 552.999
YTP_r0
356503
Np
 283654 104351 38388.4 14122.3 7106.56
Nvult_p0
 179304 65962.1 24266.1 8927.01 4492.2
CTP_p0
 0 0 0 0 0
 0 0 0 0 0
 0 0 0 0 0
 0 0 0 0 0
 0 0 0 0 0
 0 0 0 0 0
YTP_p0
 0 0 0 0 0 0
CBA_c0
0
log_Ro
11.992
likeval ReclasPelacesDesembMPH_pf_preclas_ppelaces_ptallas_desvR_qrecl_qpela
 20.0988 0.000251437 0.0993777 67.0388 239.496 137.804 109.281 0 22.0646 2.46237e-06 6.7361e-08 0.444064 2065.62 0 0
q_reclas_q_pelaces
0.800982 0.963961
M
1
N
 204043 38356.2 154192 8313.64 0.313747
 103269 70327.2 12373.3 49372.8 2661.05
 137489 33761.1 20393.8 3540.15 14876.4
 213784 45103.9 9858.48 5877.92 5304
 182378 65682.1 11540 2471.12 2799.57
 269948 63546.3 21657.2 3781.6 1726.56
 118494 88215.9 18411.9 6190.87 1573.35
 62806.6 34657.9 20439.3 4155.98 1749.99
 55422.6 22304.6 11875 6975.12 2015.02
 74237.5 17781.2 6227.18 3264.08 2468.95
 153429 22997.2 4625.63 1588.54 1460.86
 172176 53929.1 7717.64 1544.28 1017.75
 82526.7 52191.6 13428.7 1879.84 623.27
 45891.8 24699.9 12666.9 3183.48 592.612
 154545 9688 2965.83 1427.75 424.111
 638925 44221.7 2147.6 638.908 398.29
 150819 194503 11106.4 527.866 254.624
 464008 50916.3 60176.7 3402.72 239.603
 352057 146830 13825.7 16062.3 971.271
 345076 100128 32152.6 2940.1 3616.34
 554144 101586 23504.2 7358.38 1498.31
 638341 175351 27583.8 6273.6 2361.69
 130221 197585 45541.8 7024.51 2196.62
 405392 43715.8 60441 13786.7 2789.84
 393191 135673 13289.6 18177.2 4982.27
 159126 133069 42184.7 4093.07 7129.05
 376328 54993.3 43159.2 13585.1 3612.46
 445278 126988 16998.1 13209.7 5260.72
 176865 152152 40256.8 5343.49 5803.56
 166196 61688.9 50272.6 13220.8 3659.55
 196460 57250.5 19877.6 16078.2 5396.42
 111109 64655.6 16825.5 5768.26 6227.23
 283654 38545.3 21132 5462.62 3893
pred_Ctot
 8181.05 3017.18 12775.6 690.765 0.0260725
 7337.59 9597.18 1774.36 7099.19 382.68
 9497.08 4485.05 2847.41 495.611 2082.95
 22606.6 8941.53 2048.36 1224.4 1104.99
 6121.57 4344.61 804.409 172.741 195.73
 19245.4 8699.61 3115.6 545.479 249.084
 15640 21428.2 4678.19 1576.83 400.786
 1379.66 1512.18 940.619 191.812 80.7797
 4531.02 3476.3 1943.31 1144.47 330.667
 7516.02 3385.59 1243.12 653.267 494.197
 4336.55 1285.56 272.601 93.8853 86.3517
 19460.8 11369.1 1704.32 341.884 225.347
 9890.27 11610.3 3127.64 438.913 145.543
 12927.6 11480.4 6090.42 1533.43 285.479
 22154.1 2535.29 811.165 391.425 116.286
 70751.5 9148.24 465.469 138.825 86.5538
 7902.47 19826.8 1191.37 56.7802 27.3928
 41521.8 8639.4 10714.9 607.457 42.7801
 51562.2 39170.9 3853.93 4487.99 271.418
 44375.3 23753.5 7980.65 731.546 899.923
 49590.3 17237.8 4185.3 1313.69 267.53
 64909.7 33522.7 5528.64 1260.63 474.628
 7253.28 21362 5180.11 801.191 250.575
 23312.4 4873.54 7087.92 1621.2 328.109
 20030.9 13459.9 1387.58 1903.15 521.718
 6124.33 10058.8 3359.17 326.85 569.372
 19822.4 5634.26 4653.08 1468.67 390.599
 20151.2 11235.2 1583.43 1233.96 491.493
 5826.68 9882.17 2755.51 366.792 398.432
 6719.41 4892.11 4199.16 1107.41 306.579
 13209.5 7412.62 2705.33 2194.14 736.534
 4021.74 4603.68 1262.26 433.961 468.561
 19894.1 5195.39 2993.33 775.852 552.999
F
 0.0651698 0.131378 0.138799 0.139213 0.139235
 0.118025 0.237929 0.25137 0.252119 0.252159
 0.114577 0.230979 0.244027 0.244754 0.244793
 0.180139 0.363147 0.383661 0.384805 0.384866
 0.0543125 0.10949 0.115675 0.11602 0.116038
 0.118443 0.238772 0.252261 0.253013 0.253053
 0.229338 0.462329 0.488446 0.489903 0.48998
 0.0352652 0.0710922 0.0751082 0.0753322 0.075344
 0.136846 0.275871 0.291455 0.292324 0.29237
 0.171896 0.34653 0.366106 0.367197 0.367255
 0.0455695 0.0918648 0.0970542 0.0973437 0.0973589
 0.193595 0.390273 0.41232 0.41355 0.413614
 0.20632 0.415927 0.439423 0.440733 0.440803
 0.555398 1.11964 1.18289 1.18642 1.18661
 0.251268 0.506539 0.535153 0.536749 0.536834
 0.189342 0.381699 0.403262 0.404464 0.404528
 0.0858964 0.173161 0.182943 0.183488 0.183517
 0.150629 0.303657 0.32081 0.321767 0.321817
 0.25734 0.518778 0.548084 0.549719 0.549805
 0.222862 0.449275 0.474654 0.47607 0.476144
 0.150637 0.303674 0.320829 0.321786 0.321836
 0.172703 0.348156 0.367824 0.368921 0.368979
 0.091522 0.184502 0.194924 0.195506 0.195536
 0.0946092 0.190725 0.2015 0.2021 0.202132
 0.0834302 0.168189 0.17769 0.17822 0.178248
 0.0624876 0.125971 0.133087 0.133484 0.133505
 0.0863657 0.174107 0.183942 0.184491 0.18452
 0.0738205 0.148817 0.157224 0.157692 0.157717
 0.0532848 0.107418 0.113486 0.113825 0.113843
 0.0657309 0.132509 0.139994 0.140412 0.140434
 0.111383 0.224541 0.237225 0.237933 0.23797
 0.0586757 0.118286 0.124968 0.125341 0.12536
 0.116423 0.2347 0.247958 0.248698 0.248737
YTP_r0W_actual
 150001 90659.5 72049.4 24299.7 19493.2
YTP_p0W_proyectada
 0 0 0 0 0
 0 0 0 0 0
 0 0 0 0 0
 0 0 0 0 0
 0 0 0 0 0
 0 0 0 0 0
CTP_r0_actual
 19894.1 5195.39 2993.33 775.852 552.999
CTP_p0_proyectada
 0 0 0 0 0
 0 0 0 0 0
 0 0 0 0 0
 0 0 0 0 0
 0 0 0 0 0
 0 0 0 0 0
Wmedp
 7.54 17.45 24.07 31.32 35.25
Frms_r0
 0.116423 0.2347 0.247958 0.248698 0.248737
Zrms_r0
 1.11642 1.2347 1.24796 1.2487 1.24874
nmprior
 7.29 8.9 8.7 0
nm_flota  nm_reclas  nm_pelaces    nm_pelaL
inf 11.5793 16.2064 49.3811
cv_recla  cv_pelaces  cv_mph
0.388254 0.579007 0.656478
 ------------------------------------------------
Talla a la edad & desviaci?n 
 8 13.2811 15.8009 17.003 17.5766
 0.8 1.32811 1.58009 1.7003 1.75766
