years
 1991 1992 1993 1994 1995 1996 1997 1998 1999 2000 2001 2002 2003 2004 2005 2006 2007 2008 2009 2010 2011 2012 2013 2014 2015 2016 2017 2018 2019 2020 2021 2022 2023
reclasobs
 0 0 0 0 0 0 0 0 0 252601 567819 844713 477998 351125 339783 2.1784e+06 2.13404e+06 4.81314e+06 1.55562e+06 2.62356e+06 3.21686e+06 3.843e+06 1.13348e+06 3.07943e+06 1.97215e+06 2.03268e+06 2.025e+06 2.42433e+06 2.27542e+06 1.05018e+06 2.36338e+06 3.18982e+06 1.53035e+06
reclaspred
 3.11172e+06 1.76407e+06 927908 979056 1.02044e+06 1.49591e+06 1.04201e+06 987343 738834 577370 637366 759246 611618 352116 672674 1.67481e+06 1.81379e+06 2.33622e+06 1.68134e+06 1.37581e+06 2.80997e+06 2.37817e+06 1.93085e+06 2.89475e+06 2.29532e+06 2.07412e+06 2.45562e+06 2.69314e+06 2.39908e+06 1.83692e+06 1.65676e+06 1.61541e+06 1.60282e+06
pelacesobs
 0 0 0 0 0 0 0 0 0 0 0 0 0 0 0 552880 188675 0 991730 2.46772e+06 1.41603e+06 1.21717e+06 2.29649e+06 1.80582e+06 0 1.4828e+06 1.56532e+06 1.57751e+06 1.42118e+06 867257 1.10002e+06 1.06204e+06 0
pelacespred
 1.78915e+06 1.14335e+06 604757 520277 552320 841386 573711 627672 472763 356745 392256 403981 348388 208764 422506 874635 935527 1.32432e+06 1.03331e+06 747776 1.52533e+06 1.39145e+06 1.12525e+06 1.82636e+06 1.39813e+06 1.25149e+06 1.69995e+06 1.68317e+06 1.34459e+06 1.18636e+06 972189 932084 934728
mphobs
 0 0 0 0 0 0 0 0 0 0 0 0 498337 0 5186 125008 0 168611 109162 213762 579715 649985 157893 87575 83554 210694 70296 0 107559 103333 445601 22526 28222
mphpred
 452075 305207 154737 88731.7 105137 119547 151089 107925 96422.7 71837.2 51061.9 73544.3 80565 51529.8 25931.6 67686.9 200250 207247 202900 345486 404103 576933 102630 87853.8 125539 104913 91896.4 101564 141752 113764 76002.4 77042.3 52283.8
desembarqueobs
 494567 514787 250237 358949 120608 361735 552515 73892 212993 205616 52469 317467 293654 387597 252695 516296 358380 742168 942051 627588 828172 859565 418607 520667 417249 300574 415391 372974 316634 284311 391294 218835 356480
desembarquepred
 494570 513099 251117 358976 120612 361756 552576 73895.1 213029 205649 52470.4 317493 293813 388008 252683 516256 358387 742199 942023 627523 828209 859643 418652 520703 417249 300587 415404 372971 316626 284294 391325 218850 356495
Reclutas
 257904 130737 172720 287190 243374 362523 161219 86220 76116.4 101573 205948 212376 105087 62497.6 201834 842928 204908 585631 443057 427595 723498 839536 175702 552057 525972 215443 509955 607418 236333 219622 269871 151292 384030
log_desv_Rt
 0.00739702 -0.671998 -0.393515 0.114956 -0.050591 0.347898 -0.462427 -1.08829 -1.21293 -0.924411 -0.217567 -0.186832 -0.890398 -1.41006 -0.237742 1.19169 -0.222626 0.8275 0.548509 0.512988 1.03891 1.18766 -0.376398 0.768462 0.720059 -0.172493 0.689134 0.864028 -0.0799488 -0.153283 0.0527562 -0.525976 0.405531
SSB
 4.97302e+06 3.35741e+06 1.70218e+06 976087 1.15656e+06 1.31507e+06 1.66204e+06 1.18722e+06 1.06069e+06 790240 561703 809019 852689 557494 277868 726183 2.20283e+06 2.2798e+06 2.29331e+06 1.6058e+06 1.92041e+06 2.84905e+06 2.76712e+06 2.29038e+06 3.09195e+06 2.72618e+06 2.26368e+06 2.41918e+06 3.48716e+06 2.65114e+06 1.98552e+06 2.06689e+06 1.30445e+06
BT
 6.53963e+06 4.42162e+06 2.32408e+06 2.08119e+06 1.98193e+06 3.17941e+06 2.46784e+06 2.20542e+06 1.82906e+06 1.41765e+06 1.38632e+06 1.64967e+06 1.45747e+06 1.12133e+06 1.6951e+06 3.41592e+06 3.47475e+06 5.16796e+06 4.48796e+06 3.13248e+06 5.87443e+06 5.57191e+06 4.20982e+06 6.71853e+06 5.16846e+06 4.53713e+06 6.22647e+06 6.1046e+06 4.85098e+06 4.32221e+06 3.6838e+06 3.36506e+06 3.50953e+06
Ftot
 0.090127 0.160565 0.155151 0.243199 0.0744258 0.164118 0.307163 0.0462897 0.179606 0.21992 0.0598191 0.269997 0.286794 0.664295 0.31265 0.25124 0.118729 0.210191 0.355281 0.302817 0.206417 0.237837 0.126681 0.128731 0.11486 0.0878015 0.119588 0.101208 0.0755385 0.0938672 0.154676 0.0813523 0.158792
BD_Bspro_t
 0.985683 0.897532 0.785614 0.729584 0.738286 0.794168 0.778422 0.674277 0.727781 0.706135 0.692417 0.820121 0.729786 0.591149 0.428422 0.653988 0.778689 0.765747 0.725457 0.627138 0.629629 0.705041 0.720675 0.716748 0.795162 0.812049 0.816954 0.840345 0.875314 0.84611 0.820871 0.81388 0.812077
BD_Bspro
 2.69638 1.82039 0.922923 0.529236 0.627087 0.713031 0.90116 0.643712 0.575108 0.42847 0.304556 0.438651 0.462329 0.302274 0.15066 0.393738 1.19438 1.23611 1.24344 0.870666 1.04125 1.54476 1.50034 1.24185 1.67646 1.47814 1.22737 1.31168 1.89074 1.43745 1.07655 1.12067 0.707275
BD_Bo
 2.5077 1.693 0.858339 0.492201 0.583205 0.663135 0.838099 0.598667 0.534864 0.398486 0.283244 0.407956 0.429977 0.281122 0.140117 0.366185 1.1108 1.14961 1.15643 0.80974 0.968386 1.43666 1.39535 1.15494 1.55915 1.37471 1.14148 1.2199 1.75844 1.33686 1.00122 1.04225 0.657782
BD_Brms
 2.68861 1.81514 0.920264 0.527711 0.62528 0.710976 0.898563 0.641857 0.573451 0.427235 0.303679 0.437387 0.460997 0.301403 0.150226 0.392603 1.19094 1.23255 1.23986 0.868158 1.03825 1.54031 1.49601 1.23827 1.67163 1.47388 1.22384 1.3079 1.8853 1.43331 1.07345 1.11744 0.705237
Sel_flota
 0.547326 1 1 1 1
 0.547326 1 1 1 1
 0.547326 1 1 1 1
 0.547326 1 1 1 1
 0.547326 1 1 1 1
 0.547326 1 1 1 1
 0.547326 1 1 1 1
 0.547326 1 1 1 1
 0.547326 1 1 1 1
 0.547326 1 1 1 1
 0.547326 1 1 1 1
 0.547326 1 1 1 1
 0.547326 1 1 1 1
 0.547326 1 1 1 1
 0.547326 1 1 1 1
 0.547326 1 1 1 1
 0.547326 1 1 1 1
 0.547326 1 1 1 1
 0.547326 1 1 1 1
 0.547326 1 1 1 1
 0.547326 1 1 1 1
 0.547326 1 1 1 1
 0.547326 1 1 1 1
 0.547326 1 1 1 1
 0.547326 1 1 1 1
 0.547326 1 1 1 1
 0.547326 1 1 1 1
 0.547326 1 1 1 1
 0.547326 1 1 1 1
 0.547326 1 1 1 1
 0.547326 1 1 1 1
 0.547326 1 1 1 1
 0.547326 1 1 1 1
Sel_reclas
 1 1 1 1 1
 1 1 1 1 1
 1 1 1 1 1
 1 1 1 1 1
 1 1 1 1 1
 1 1 1 1 1
 1 1 1 1 1
 1 1 1 1 1
 1 1 1 1 1
 1 1 1 1 1
 1 1 1 1 1
 1 1 1 1 1
 1 1 1 1 1
 1 1 1 1 1
 1 1 1 1 1
 1 1 1 1 1
 1 1 1 1 1
 1 1 1 1 1
 1 1 1 1 1
 1 1 1 1 1
 1 1 1 1 1
 1 1 1 1 1
 1 1 1 1 1
 1 1 1 1 1
 1 1 1 1 1
 1 1 1 1 1
 1 1 1 1 1
 1 1 1 1 1
 1 1 1 1 1
 1 1 1 1 1
 1 1 1 1 1
 1 1 1 1 1
 1 1 1 1 1
Sel_pelaces
 1 1 1 1 1
 1 1 1 1 1
 1 1 1 1 1
 1 1 1 1 1
 1 1 1 1 1
 1 1 1 1 1
 1 1 1 1 1
 1 1 1 1 1
 1 1 1 1 1
 1 1 1 1 1
 1 1 1 1 1
 1 1 1 1 1
 1 1 1 1 1
 1 1 1 1 1
 1 1 1 1 1
 1 1 1 1 1
 1 1 1 1 1
 1 1 1 1 1
 1 1 1 1 1
 1 1 1 1 1
 1 1 1 1 1
 1 1 1 1 1
 1 1 1 1 1
 1 1 1 1 1
 1 1 1 1 1
 1 1 1 1 1
 1 1 1 1 1
 1 1 1 1 1
 1 1 1 1 1
 1 1 1 1 1
 1 1 1 1 1
 1 1 1 1 1
 1 1 1 1 1
pf_obs 
 0.8446 0.082 0.0669 0.0065 0
 0.8095 0.147 0.0364 0.0071 0
 0.9664 0.0169 0.016 0.0007 0
 0.9276 0.0648 0.0075 0.0001 0
 0.7033 0.2144 0.0806 0.0017 0
 0.9318 0.0425 0.0243 0.0014 0
 0.5671 0.3108 0.0964 0.0239 0.0018
 0.0768 0.2599 0.5324 0.112 0.0189
 0.490249 0.384438 0.106611 0.0170017 0.00170017
 0.7925 0.1577 0.0466 0.003 0.0002
 0.840416 0.127587 0.0312969 0.00059994 9.999e-05
 0.8084 0.0986 0.0794 0.0134 0.0002
 0.7335 0.1905 0.0724 0.0035 0.0001
 0.4001 0.4547 0.1325 0.0127 0
 0.49795 0.308269 0.164784 0.0264974 0.00249975
 0.9179 0.0499 0.0305 0.0017 0
 0.2467 0.6533 0.0926 0.0074 0
 0.9418 0.0223 0.034 0.0019 0
 0.707729 0.231977 0.0356964 0.0245975 0
 0.517169 0.277429 0.184464 0.0207286 0.00020938
 0.811772 0.124168 0.05621 0.00726502 0.000585176
 0.764997 0.148141 0.077277 0.00933861 0.000247198
 0.163321 0.427699 0.378323 0.0303852 0.000271297
 0.753843 0.0900009 0.118128 0.0371064 0.000921714
 0.721811 0.176058 0.0630433 0.0369309 0.00215725
 0.143369 0.312575 0.442814 0.0836902 0.0175525
 0.692698 0.0596174 0.167031 0.0765114 0.00414204
 0.394062 0.376323 0.152708 0.0712218 0.00568511
 0.125707 0.32114 0.495352 0.0537591 0.00404204
 0.23352 0.215282 0.420074 0.123614 0.00750983
 0.796117 0.104755 0.0508955 0.0450114 0.00322123
 0.162477 0.292055 0.404252 0.121198 0.0200186
 0 0 0 0 0
pf_pred 
 0.32443 0.111529 0.537044 0.0269968 9.39061e-07
 0.278667 0.341423 0.0627187 0.302008 0.0151823
 0.483734 0.219025 0.140691 0.0258447 0.130706
 0.6434 0.228536 0.054331 0.0348997 0.0388337
 0.532144 0.364356 0.0663307 0.0157691 0.0214005
 0.61783 0.259663 0.0954053 0.0173684 0.00973274
 0.366253 0.478664 0.10537 0.0387151 0.0109975
 0.336635 0.354515 0.233272 0.0513512 0.0242269
 0.402695 0.289194 0.16466 0.108347 0.0351035
 0.562513 0.246663 0.0923904 0.052605 0.0458289
 0.710622 0.206524 0.0467142 0.0174974 0.0186419
 0.577255 0.34669 0.0542792 0.0122775 0.00949819
 0.39576 0.440229 0.134505 0.0210586 0.00844828
 0.395482 0.34094 0.192034 0.0586727 0.0128713
 0.811928 0.111023 0.0434547 0.0244758 0.00911869
 0.873637 0.113184 0.00778016 0.00304519 0.00235421
 0.283168 0.667462 0.0442208 0.00303971 0.00210954
 0.668144 0.141677 0.177081 0.011732 0.00136612
 0.517112 0.384192 0.0421353 0.0526648 0.00389545
 0.557236 0.302469 0.11162 0.0122416 0.0164326
 0.687827 0.222895 0.0609889 0.0225067 0.00578177
 0.620439 0.307341 0.0515658 0.0141095 0.00654441
 0.216505 0.596263 0.151607 0.0254366 0.0101883
 0.637743 0.124281 0.181107 0.0460485 0.0108206
 0.544395 0.35036 0.0361071 0.0526165 0.016522
 0.313549 0.475302 0.162374 0.0167338 0.0320422
 0.635109 0.168105 0.136255 0.0465479 0.0139827
 0.596432 0.309346 0.0434079 0.0351837 0.0156301
 0.313242 0.504785 0.139487 0.0195731 0.0229124
 0.402578 0.274533 0.237332 0.0655818 0.0199752
 0.524948 0.265068 0.0964942 0.0834187 0.030072
 0.384527 0.417209 0.110626 0.0402719 0.0473654
 0.686443 0.168823 0.0981107 0.0260147 0.0206087
pobs_RECLAS
 0 0 0 0 0
 0 0 0 0 0
 0 0 0 0 0
 0 0 0 0 0
 0 0 0 0 0
 0 0 0 0 0
 0 0 0 0 0
 0 0 0 0 0
 0 0 0 0 0
 0 0 0 0 0
 0.991045 0.00858322 0.000360255 1.14367e-05 0
 0.934742 0.0480273 0.0164251 0.00080598 0
 0.827803 0.169806 0.00239088 0 0
 0.941827 0.0461693 0.0120037 0 0
 0.791401 0.0380133 0.147996 0.0225897 0
 0.846168 0.0940531 0.0597789 0 0
 0.134021 0.677848 0.182769 0.00536245 0
 0.80878 0.0450904 0.141981 0.00414843 0
 0.846168 0.0940531 0.0597789 0 0
 0.905697 0.0802665 0.012482 0.00150086 5.37128e-05
 0.989698 0.0102097 9.19794e-05 0 0
 0.975433 0.0193895 0.00387452 0.00125025 5.28907e-05
 0.303575 0.632131 0.0575291 0.00676475 0
 0.966965 0.00978017 0.0227588 0.000495775 0
 0.843318 0.132988 0.00938335 0.0141283 0.000182051
 0.564624 0.303363 0.111486 0.0197234 0.00080311
 0.826376 0.0876187 0.0782897 0.00655872 0.00115652
 0.89761 0.0855135 0.0140674 0.00269457 0.000114338
 0.34875 0.467042 0.161289 0.0227151 0.000203297
 0.318654 0.224769 0.449479 0.00709798 0
 0.937255 0.0296025 0.0250945 0.00804832 0
 0.456809 0.399803 0.12412 0.0192676 0
 0.883104 0.0372192 0.0704036 0.00927362 0
ppred_RECLAS
 0.468241 0.0877874 0.422721 0.0212499 7.3916e-07
 0.415396 0.276706 0.0508303 0.244763 0.0123045
 0.632752 0.155804 0.100081 0.0183847 0.0929778
 0.769149 0.147946 0.0351721 0.0225929 0.0251396
 0.675765 0.252507 0.0459686 0.0109284 0.014831
 0.748361 0.170975 0.0628193 0.0114362 0.00640849
 0.517086 0.364741 0.080292 0.0295008 0.00838011
 0.481549 0.27707 0.182313 0.0401334 0.0189345
 0.553795 0.216037 0.123006 0.0809385 0.0262234
 0.703406 0.167225 0.062636 0.0356635 0.0310697
 0.818086 0.129829 0.0293663 0.0109995 0.011719
 0.716314 0.232649 0.0364245 0.00823894 0.00637384
 0.547963 0.329338 0.100624 0.0157541 0.00632022
 0.553528 0.251804 0.141828 0.0433333 0.00950621
 0.888903 0.0655831 0.0256695 0.0144583 0.00538657
 0.92739 0.0650368 0.00447058 0.0017498 0.00135276
 0.42036 0.539718 0.0357575 0.00245795 0.0017058
 0.787769 0.0906061 0.113248 0.00750296 0.000873675
 0.665483 0.266147 0.0291889 0.0364832 0.00269855
 0.699815 0.205068 0.0756763 0.0082996 0.011141
 0.802426 0.141071 0.0385999 0.0142445 0.00365929
 0.751103 0.201539 0.0338143 0.00925231 0.0042915
 0.336642 0.504835 0.12836 0.0215363 0.00862605
 0.763782 0.0810405 0.118095 0.030027 0.00705581
 0.68684 0.24082 0.0248183 0.036166 0.0113564
 0.455766 0.37683 0.128733 0.0132669 0.0254037
 0.761649 0.109808 0.0890035 0.0304056 0.00913364
 0.730541 0.206548 0.0289831 0.0234919 0.0104361
 0.455286 0.400379 0.110637 0.0155247 0.0181734
 0.552729 0.205534 0.177683 0.049099 0.0149548
 0.670176 0.184033 0.0669948 0.0579166 0.0208786
 0.533832 0.316 0.0837897 0.0305025 0.0358752
 0.801045 0.107119 0.0622521 0.0165066 0.0130764
pobs_PELACES
 0 0 0 0 0
 0 0 0 0 0
 0 0 0 0 0
 0 0 0 0 0
 0 0 0 0 0
 0 0 0 0 0
 0 0 0 0 0
 0 0 0 0 0
 0 0 0 0 0
 0 0 0 0 0
 0 0 0 0 0
 0 0 0 0 0
 0 0 0 0 0
 0 0 0 0 0
 0 0 0 0 0
 0 0 0 0 0
 0.505614 0.472636 0.0217494 0 0
 0 0 0 0 0
 0.443492 0.261883 0.143347 0.151278 0
 0.227955 0.32914 0.350689 0.0885471 0.00366901
 0.970185 0.0296113 0.000203453 0 0
 0.997202 0.00247181 0.000326279 0 0
 0.445219 0.490057 0.0546422 0.010081 0
 0.90214 0.0892962 0.00764917 0.000914606 0
 0 0 0 0 0
 0.581667 0.319106 0.0959925 0.00289975 0.000334073
 0.762889 0.0836404 0.116647 0.0363945 0.000428098
 0.88444 0.0763242 0.0277011 0.0115352 0
 0.521256 0.241999 0.230069 0.00667565 0
 0.616807 0.101726 0.260614 0.0208532 0
 0.833518 0.0704572 0.0857862 0.0102388 0
 0.697417 0.212968 0.0787535 0.0105354 0.000325836
 0 0 0 0 0
ppred_PELACES
 0.471594 0.0872337 0.420055 0.0211159 7.34498e-07
 0.421232 0.273944 0.0503229 0.242319 0.0121816
 0.638121 0.153526 0.098618 0.0181159 0.0916185
 0.775536 0.143853 0.0341989 0.0219678 0.024444
 0.678196 0.250613 0.0456239 0.0108464 0.0147198
 0.75295 0.167857 0.0616738 0.0112277 0.00629163
 0.528533 0.356095 0.0783888 0.0288015 0.00818147
 0.483275 0.276148 0.181706 0.0399997 0.0188715
 0.560415 0.212831 0.121181 0.0797377 0.0258343
 0.710214 0.163387 0.0611983 0.0348449 0.0303566
 0.819412 0.128882 0.0291522 0.0109193 0.0116336
 0.724438 0.225987 0.0353814 0.008003 0.00619131
 0.558552 0.321624 0.0982668 0.0153851 0.00617217
 0.577903 0.238057 0.134085 0.0409675 0.00898723
 0.893432 0.0629094 0.024623 0.0138689 0.00516697
 0.929877 0.0628091 0.00431745 0.00168987 0.00130642
 0.424688 0.535689 0.0354906 0.0024396 0.00169307
 0.792971 0.0883852 0.110473 0.00731905 0.000852259
 0.677192 0.256831 0.0281672 0.0352062 0.00260409
 0.709231 0.198636 0.0733025 0.00803926 0.0107915
 0.807269 0.137613 0.0376537 0.0138953 0.00356959
 0.757686 0.196209 0.03292 0.00900761 0.004178
 0.340881 0.501609 0.12754 0.0213987 0.00857093
 0.767234 0.0798563 0.116369 0.0295882 0.0069527
 0.690518 0.237991 0.0245267 0.0357411 0.011223
 0.459021 0.374576 0.127963 0.0131876 0.0252518
 0.764877 0.108321 0.0877982 0.0299938 0.00900994
 0.733507 0.204274 0.0286641 0.0232333 0.0103212
 0.458086 0.398321 0.110068 0.0154449 0.01808
 0.556193 0.203942 0.176307 0.0487188 0.014839
 0.675264 0.181195 0.0659615 0.0570233 0.0205566
 0.536855 0.313951 0.0832463 0.0303047 0.0356425
 0.804799 0.105099 0.0610777 0.0161952 0.0128297
pobs_pel_tallas
 0 0 0 0 0 0 0 0 0 0 0 0 0 0 0 0 0 0 0 0 0 0 0 0 0 0
 0 0 0 0 0 0 0 0 0 0 0 0 0 0 0 0 0 0 0 0 0 0 0 0 0 0
 0 0 0 0 0 0 0 0 0 0 0 0 0 0 0 0 0 0 0 0 0 0 0 0 0 0
 0 0 0 0 0 0 0 0 0 0 0 0 0 0 0 0 0 0 0 0 0 0 0 0 0 0
 0 0 0 0 0 0 0 0 0 0 0 0 0 0 0 0 0 0 0 0 0 0 0 0 0 0
 0 0 0 0 0 0 0 0 0 0 0 0 0 0 0 0 0 0 0 0 0 0 0 0 0 0
 0 0 0 0 0 0 0 0 0 0 0 0 0 0 0 0 0 0 0 0 0 0 0 0 0 0
 0 0 0 0 0 0 0 0 0 0 0 0 0 0 0 0 0 0 0 0 0 0 0 0 0 0
 0 0 0 0 0 0 0 0 0 0 0 0 0 0 0 0 0 0 0 0 0 0 0 0 0 0
 0 0 0 0 0 0 0 0 0 0 0 0 0 0 0 0 0 0 0 0 0 0 0 0 0 0
 0 0 0 0 0 0 0 0 0 0 0 0 0 0 0 0 0 0 0 0 0 0 0 0 0 0
 0 0 0 0 0 0 0 0 0 0 0 0 0 0 0 0 0 0 0 0 0 0 0 0 0 0
 0.00862536 0 0 0.000197151 0.00414017 0.0128641 0.00837892 0.0270097 0.101434 0.158115 0.152841 0.127902 0.109271 0.109419 0.0830992 0.0579132 0.0238553 0.00714673 0.00463305 0.00128148 0.00103504 0.000492878 0.000147863 0.000147863 4.92878e-05 0
 0 0 0 0 0 0 0 0 0 0 0 0 0 0 0 0 0 0 0 0 0 0 0 0 0 0
 0 0 0 0 0 0 0 0.0054083 0.00873648 0.0413646 0.0450493 0.0745869 0.0622846 0.0627006 0.0613931 0.0827291 0.12552 0.122667 0.0946155 0.0697135 0.0546179 0.0294188 0.0215738 0.0213955 0.0102223 0.00600262
 0 0 0 0 0.00359764 0.0251062 0.0480494 0.140153 0.205849 0.193036 0.1447 0.116669 0.0760912 0.0342217 0.00950174 0.001854 0.000860785 0 0 0 0.000165536 0 0.000143464 0 0 0
 0 0 0 0 0 0 0 0.000145254 0.000435761 0.0275982 0.070085 0.0708112 0.156366 0.174668 0.174014 0.160142 0.0824315 0.0480064 0.0283245 0.00493863 0.00203355 0 0 0 0 0
 0 0 0 0 0 0 0 0 0 0 0 0 0 0 0 0 0 0 0 0 0 0 0 0 0 0
 0 0 1.00437e-05 0.000401748 0.00122533 0.00171747 0.00176769 0.0269171 0.070346 0.194647 0.189555 0.159765 0.064822 0.0314167 0.0384472 0.0292271 0.0345202 0.0313363 0.0194345 0.0106764 0.0143323 0.0359363 0.0279516 0.0138201 0.00172751 0
 0 0.0021121 0.0136068 0.0755702 0.200478 0.177729 0.0527432 0.0373336 0.0318909 0.0142505 0.0149659 0.0166563 0.0217959 0.0798694 0.0677717 0.0528807 0.04013 0.0224614 0.0357745 0.0225083 0.00881397 0.00855152 0.00135912 0.000746735 0 0
 0 0 0 0 5.4009e-05 0.00500934 0.000945158 0.0243581 0.138947 0.33067 0.221406 0.137944 0.0707744 0.0437923 0.0131692 0.00525238 0.0047753 0.00276346 9.45158e-05 9.00151e-06 2.25038e-05 9.00151e-06 4.50075e-06 0 0 0
 0.000866109 0.00284123 0.00948549 0.0512746 0.133035 0.25785 0.225252 0.132002 0.0553304 0.0519788 0.0540692 0.017754 0.00435017 0.00159236 0.00146478 0.000404838 0.000125132 0.000115318 0.000107957 0.000100596 0 0 0 0 0 0
 0 0 0 0 0.00144013 0.00171154 0.00461396 0.0210425 0.0478622 0.0707936 0.0888783 0.103762 0.0637923 0.0337046 0.0602308 0.124433 0.169614 0.0934646 0.0462172 0.0250306 0.0313229 0.00938855 0.002487 0.000210481 0 0
 0 0.00764035 0.051015 0.0998891 0.058973 0.0496711 0.0374665 0.0718981 0.12319 0.153886 0.159021 0.0857701 0.0377988 0.023471 0.0147837 0.00900784 0.00315554 0.000888139 0.00291439 0.00214683 0.00393193 0.00274676 0.000635225 9.99891e-05 0 0
 0 0 0 0 0 0 0 0 0 0 0 0 0 0 0 0 0 0 0 0 0 0 0 0 0 0
 0 0 0 0 0 0 0 0 0 0 0 0 0 0 0 0 0 0 0 0 0 0 0 0 0 0
 0 0 0 0 0 0 0 0 0 0 0 0 0 0 0 0 0 0 0 0 0 0 0 0 0 0
 0 0 0 0 0 0 0 0 0 0 0 0 0 0 0 0 0 0 0 0 0 0 0 0 0 0
 0 0 0 0 0 0 0 0 0 0 0 0 0 0 0 0 0 0 0 0 0 0 0 0 0 0
 0 0 0 0 0 0 0 0 0 0 0 0 0 0 0 0 0 0 0 0 0 0 0 0 0 0
 0 0 0 0 0 0 0 0 0 0 0 0 0 0 0 0 0 0 0 0 0 0 0 0 0 0
 0 0 0 0 0 0 0 0 0 0 0 0 0 0 0 0 0 0 0 0 0 0 0 0 0 0
 0 0 0 0 0 0 0 0 0 0 0 0 0 0 0 0 0 0 0 0 0 0 0 0 0 0
ppred_pel_tallas
 1.14262e-16 3.88446e-05 0.000377584 0.00250918 0.0114064 0.0354894 0.0756144 0.110363 0.110372 0.0756588 0.0356407 0.0118512 0.00365619 0.00298213 0.00527947 0.00943159 0.0153591 0.023002 0.0321832 0.0425958 0.0535887 0.0638492 0.0713923 0.0741552 0.0709652 0.0622379
 1.27885e-16 3.46964e-05 0.000337261 0.00224122 0.0101883 0.0316997 0.0675405 0.0985829 0.0986094 0.0676701 0.0321351 0.0114475 0.00540829 0.0072732 0.013277 0.0220914 0.0323216 0.0418028 0.0484695 0.0516652 0.052647 0.0537092 0.0565428 0.0610779 0.065567 0.0676606
 1.20207e-16 5.25613e-05 0.000510914 0.0033952 0.0154341 0.0480213 0.102315 0.149335 0.14935 0.102388 0.0482671 0.0161458 0.00518887 0.00445085 0.00760816 0.0126902 0.0187468 0.0246 0.0291165 0.0318774 0.0334398 0.0348833 0.0369877 0.0396903 0.0421654 0.0433395
 1.07364e-16 6.38799e-05 0.000620936 0.00412634 0.0187577 0.0583624 0.124348 0.181492 0.181506 0.124416 0.0585905 0.0194172 0.00578338 0.0042442 0.0069632 0.0114598 0.0166238 0.0211758 0.0238743 0.0241932 0.0226467 0.0204266 0.0186376 0.0177226 0.0174204 0.0171282
 1.0496e-16 5.58622e-05 0.000543 0.00360843 0.0164034 0.0510372 0.108741 0.158716 0.15874 0.108859 0.0514339 0.0175495 0.0064862 0.00682851 0.0120031 0.0197817 0.0285548 0.0360474 0.0399815 0.0393183 0.0348721 0.0287363 0.0229988 0.0187497 0.0159577 0.0139964
 1.04014e-16 6.20195e-05 0.000602852 0.00400616 0.0182114 0.0566627 0.120726 0.176207 0.176223 0.120806 0.0569294 0.0189826 0.00594491 0.00484507 0.00814792 0.0134483 0.0195455 0.0249536 0.0281923 0.0285686 0.0265522 0.0233824 0.0202423 0.0176694 0.0155539 0.0135337
 1.06627e-16 4.35347e-05 0.000423172 0.00281213 0.0127836 0.0397746 0.0847452 0.123695 0.12373 0.0849132 0.0403387 0.0144137 0.00690653 0.0093697 0.0170596 0.0282004 0.040777 0.0516142 0.0575007 0.0569611 0.0511108 0.0428334 0.0349726 0.0289634 0.0247068 0.0213509
 1.1252e-16 3.98068e-05 0.000386936 0.00257133 0.0116889 0.0363687 0.0774883 0.113102 0.113129 0.0776196 0.0368102 0.0129674 0.00579188 0.00745546 0.0135761 0.0226746 0.0333486 0.0433859 0.0505272 0.0537029 0.0535541 0.051733 0.0496008 0.0474279 0.044605 0.0404445
 1.1592e-16 4.61607e-05 0.000448699 0.00298176 0.0135547 0.0421737 0.0898563 0.131152 0.131173 0.0899574 0.0425139 0.0145394 0.00546234 0.00589308 0.0104733 0.0174743 0.0257252 0.0335511 0.0392921 0.0422517 0.0430764 0.0431587 0.0435468 0.0442548 0.0444212 0.0430219
 1.1044e-16 5.84994e-05 0.000568635 0.00377878 0.0171778 0.0534466 0.113874 0.166206 0.166222 0.113952 0.0537065 0.0179296 0.00566985 0.00470998 0.00796305 0.0131778 0.0192332 0.0247439 0.028356 0.0295006 0.0287318 0.0272962 0.0262755 0.0259797 0.0259618 0.0254809
 1.03939e-16 6.74939e-05 0.000656065 0.00435978 0.019819 0.0616642 0.131383 0.191759 0.191772 0.131443 0.0618684 0.0204092 0.00584248 0.00389652 0.00623288 0.0102274 0.014799 0.0187684 0.0209867 0.0209406 0.0190544 0.0163839 0.0139513 0.0122423 0.0111589 0.0103141
 1.0293e-16 5.9671e-05 0.000580023 0.00385446 0.0175218 0.054517 0.116155 0.169536 0.169558 0.116262 0.0548745 0.0185545 0.00644685 0.0062403 0.0108128 0.0177898 0.0256414 0.0322887 0.035653 0.0347775 0.0303894 0.0243922 0.0187115 0.0143956 0.0114905 0.00949707
 1.05506e-16 4.60073e-05 0.000447207 0.00297185 0.0135096 0.0420336 0.0895581 0.130719 0.13075 0.0897101 0.0425439 0.0149847 0.00667862 0.0085525 0.0154786 0.0256186 0.0371381 0.0471982 0.0529166 0.0529374 0.048183 0.0411168 0.034153 0.0284897 0.024053 0.0202113
 1.0956e-16 4.76011e-05 0.0004627 0.0030748 0.0139776 0.0434897 0.0926603 0.135245 0.135268 0.0927733 0.0438697 0.0150773 0.0058433 0.0065338 0.0116586 0.0194114 0.0284582 0.0368417 0.04258 0.0447466 0.0439397 0.041684 0.0392858 0.0370965 0.0346484 0.0313254
 1.02992e-16 7.35908e-05 0.000715329 0.00475361 0.0216092 0.0672344 0.14325 0.209079 0.209085 0.14328 0.0673345 0.0218987 0.0054818 0.00230999 0.00311709 0.00507654 0.00740108 0.00951208 0.0108766 0.0112618 0.0108628 0.0101424 0.00950926 0.00909407 0.0087607 0.00828006
 1.00532e-16 7.65928e-05 0.000744509 0.00494752 0.0224907 0.069977 0.149094 0.217608 0.217614 0.149123 0.0700762 0.0227771 0.005666 0.00231183 0.00304999 0.00491261 0.00704985 0.00882479 0.00964636 0.00924591 0.00783664 0.00597452 0.00423254 0.00293853 0.00212649 0.00165554
 1.01693e-16 3.49811e-05 0.000340029 0.00225961 0.0102719 0.03196 0.068096 0.0993989 0.0994505 0.0683479 0.0328056 0.0127136 0.00838524 0.0137011 0.0253769 0.0418103 0.0600193 0.0750377 0.0818214 0.0780345 0.065455 0.0488134 0.0330365 0.0210229 0.0132178 0.00858879
 1.04089e-16 6.5316e-05 0.000634895 0.0042191 0.0191794 0.0596743 0.127143 0.18557 0.185579 0.127185 0.0598173 0.0195943 0.00526773 0.00294825 0.0045295 0.0075687 0.0113236 0.0151259 0.0183072 0.0205055 0.021781 0.0223894 0.0224355 0.0217461 0.0200633 0.0173461
 1.0485e-16 5.57795e-05 0.000542196 0.00360309 0.0163791 0.0509617 0.10858 0.158481 0.158506 0.108701 0.0513677 0.017552 0.00654719 0.00696938 0.0122632 0.0201897 0.0290938 0.0366302 0.0404611 0.0395431 0.0347629 0.028338 0.0224698 0.0182896 0.0157134 0.013999
 1.04799e-16 5.84184e-05 0.000567848 0.00377355 0.017154 0.0533726 0.113717 0.165977 0.165996 0.113811 0.0536883 0.0180666 0.0060676 0.00558735 0.0096253 0.0159088 0.0231189 0.0295064 0.0333169 0.0337267 0.0312908 0.0274798 0.0237049 0.020619 0.0181091 0.0157566
 1.0312e-16 6.64937e-05 0.000646342 0.00429517 0.0195252 0.0607503 0.129436 0.188918 0.188931 0.1295 0.0609686 0.0201561 0.00588035 0.00411209 0.00666425 0.0109535 0.0158705 0.0201659 0.0226123 0.0226467 0.0206884 0.0178156 0.0150717 0.0129516 0.0113743 0.0099996
 1.02611e-16 6.24096e-05 0.000606644 0.00403136 0.018326 0.0570191 0.121486 0.177316 0.177335 0.121578 0.0573295 0.0192228 0.00628306 0.0055237 0.00940546 0.0154627 0.022298 0.0281031 0.0310779 0.0303933 0.0266758 0.0215651 0.0167133 0.01301 0.0104815 0.00869387
 1.07406e-16 2.8078e-05 0.000272929 0.00181371 0.00824488 0.0256532 0.0546585 0.0797859 0.0798343 0.0548953 0.0264482 0.0105425 0.00758539 0.0128869 0.0240263 0.0397853 0.0575645 0.0729202 0.0813153 0.0806256 0.0723432 0.0604374 0.0488498 0.0396166 0.0327171 0.027149
 1.07523e-16 6.3196e-05 0.000614288 0.00408216 0.0185569 0.0577375 0.123016 0.179547 0.179555 0.123055 0.0578674 0.0189343 0.00503797 0.00272889 0.00416178 0.0069968 0.010581 0.014374 0.0178491 0.0207431 0.0231244 0.0251539 0.0267579 0.0275374 0.0270028 0.0249221
 1.06253e-16 5.68771e-05 0.000552866 0.00367399 0.0167014 0.0519645 0.110717 0.161599 0.161622 0.110829 0.0523408 0.0177883 0.00640234 0.00650936 0.0113715 0.0187171 0.026982 0.0339992 0.0376204 0.0369053 0.0327062 0.0271024 0.0221357 0.0188195 0.0169995 0.0158844
 1.09385e-16 3.78091e-05 0.000367518 0.00244229 0.0111023 0.0345436 0.0736 0.107429 0.107465 0.0737771 0.0351384 0.0128219 0.0067647 0.00982278 0.0180521 0.0299332 0.043466 0.0553941 0.0624028 0.0629452 0.0581011 0.0507042 0.0434883 0.0377402 0.0332572 0.0292029
 1.07095e-16 6.30019e-05 0.000612401 0.00406962 0.0184999 0.0575602 0.122638 0.178997 0.179007 0.12269 0.057734 0.0190037 0.00534021 0.00340629 0.00542868 0.00903188 0.0133745 0.0176015 0.0208771 0.022817 0.0236611 0.0239783 0.0241571 0.0241229 0.0234751 0.0218535
 1.04957e-16 6.0418e-05 0.000587285 0.00390272 0.0177412 0.0551995 0.117609 0.171658 0.171678 0.117705 0.0555227 0.0186748 0.00624659 0.00570569 0.00978663 0.0160993 0.0232264 0.0293035 0.0324844 0.0319484 0.0283986 0.023582 0.0192202 0.0161774 0.0143526 0.0131291
 1.07887e-16 3.7732e-05 0.000366769 0.00243731 0.0110797 0.0344732 0.0734502 0.107211 0.107249 0.0736383 0.0351049 0.0129053 0.00702412 0.0103938 0.0191219 0.0316602 0.045856 0.0581941 0.0650995 0.0649085 0.0588108 0.0499348 0.0413558 0.0346134 0.0296066 0.0254669
 1.12537e-16 4.58129e-05 0.000445318 0.0029593 0.0134525 0.0418559 0.0891793 0.130164 0.130184 0.0892766 0.0421836 0.014402 0.0053546 0.0057142 0.01017 0.0170496 0.0252822 0.0333234 0.0396026 0.0433757 0.0450506 0.0456387 0.0458185 0.0454348 0.0437764 0.0402607
 1.11148e-16 5.56206e-05 0.000540652 0.00359282 0.0163325 0.0508165 0.10827 0.158028 0.158045 0.108356 0.0511048 0.0171663 0.00569033 0.00513443 0.00882491 0.0146222 0.0213515 0.0274906 0.0315481 0.0329021 0.0321691 0.0307182 0.0297153 0.0294543 0.0293907 0.0286796
 1.11554e-16 4.42201e-05 0.000429836 0.00285641 0.0129848 0.0404008 0.0860793 0.125642 0.125672 0.0862276 0.0408988 0.0144242 0.00647327 0.00833819 0.0151017 0.0249983 0.0362524 0.0461223 0.0518537 0.0522221 0.0482563 0.0424803 0.037294 0.0337656 0.0315496 0.0296325
 1.05585e-16 6.62902e-05 0.000644365 0.00428203 0.0194655 0.0605644 0.129039 0.188339 0.188349 0.129089 0.0607323 0.0199513 0.00550526 0.00332755 0.00520019 0.00859234 0.012608 0.016357 0.0189757 0.0200715 0.0199227 0.0192093 0.0185 0.0179222 0.0172213 0.0160644
pSPR Fmed_Fpbrs
1   0.98271 0.6 0.325 0.98271 0.98271 0.98271
Fs Fmed_Fpbrs
0   0.01 0.330014 0.839088 0.01 0.01 0.01
SSBpbr Bo_Bmed_Bpbrs
1.9831e+06  1.88395e+06  1.84966e+06 1.09071e+06 545354 1.84966e+06 1.84966e+06 1.84966e+06
Ro
256003
SPR SPRFo_SPRFmed_SPRFpbrs
1.84433e+06 1.84433e+06 1.81244e+06
Fref
0
Nvult_r0
 254513 36525.3 21226.6 5628.38 4458.76
CTP_r0
 20351.2 5005.15 2908.72 771.268 610.994
YTP_r0
356495
Np
 384030 141277 51972.8 19119.7 9621.32
Nvult_p0
 242753 89303.9 32853.1 12086 6081.84
CTP_p0
 0 0 0 0 0
 0 0 0 0 0
 0 0 0 0 0
 0 0 0 0 0
 0 0 0 0 0
 0 0 0 0 0
YTP_p0
 0 0 0 0 0 0
CBA_c0
0
log_Ro
12.2729
likeval ReclasPelacesDesembMPH_pf_preclas_ppelaces_ptallas_desvR_qrecl_qpela
 21.0586 0.000245341 0.123407 72.8016 239.282 139.404 108.46 0 21.6265 1.74044e-05 7.78513e-06 0.590119 2070.35 0 0
q_reclas_q_pelaces
0.554333 0.673955
M
1
N
 257904 49349.2 237630 11945.5 0.415514
 130737 90310.8 16589.9 79885.1 4015.9
 172720 44049.3 28295.2 5197.76 26286.9
 287190 58367.3 13876 8913.27 9918
 243374 92484.1 16836.6 4002.66 5432.07
 362523 85958.4 31582.7 5749.61 3221.9
 161219 121907 26836 9860.06 2800.88
 86220 50131.2 32986.5 7261.46 3425.88
 76116.4 30925.1 17608 11586.1 3753.81
 101573 25380 9506.36 5412.7 4715.49
 205948 33129 7493.53 2806.79 2990.39
 212376 73323.5 11479.8 2596.65 2008.83
 105087 67395.7 20591.6 3223.91 1293.37
 62497.6 33043.4 18611.6 5686.47 1247.47
 201834 15983.2 6255.91 3523.63 1312.76
 842928 62572.5 4301.19 1683.5 1301.5
 204908 270256 17905.1 1230.78 854.158
 585631 70638.8 88291.4 5849.5 681.139
 443057 192029 21060.3 26323.2 1947.05
 427595 134188 49519.4 5430.91 7290.19
 723498 133278 36467.7 13457.7 3457.15
 839536 237726 39885.8 10913.6 5062.06
 175702 271151 68943.2 11567.3 4633.12
 552057 60307.4 87881.9 22345 5250.68
 525972 189274 19506 28424.8 8925.64
 215443 181705 62074.4 6397.22 12249.5
 509955 75538.3 61226.5 20916.4 6283.13
 607418 175716 24656.8 19985.2 8878.3
 236333 211415 58420.2 8197.62 9596.23
 219622 83420.7 72116.7 19927.9 6069.73
 269871 76748.2 27939.2 24153.2 8707.11
 151292 91221.2 24187.9 8805.29 10356.2
 384030 53233.5 30936.4 8203.02 6498.38
pred_Ctot
 7878.53 2708.39 13041.7 655.596 0.0228044
 7002.86 8579.91 1576.11 7589.42 381.528
 8950.58 4052.64 2603.23 478.207 2418.46
 22872.7 8124.38 1931.45 1240.67 1380.53
 6161.37 4218.66 768.002 182.581 247.783
 19832.2 8335.12 3062.48 557.522 312.418
 15988 20895 4599.71 1690.02 480.074
 1366.31 1438.88 946.79 208.421 98.3309
 4541.15 3261.2 1856.85 1221.82 395.858
 7353.35 3224.46 1207.76 687.669 599.091
 4204.53 1221.94 276.394 103.526 110.298
 18666.2 11210.6 1755.18 397.008 307.135
 9774.44 10872.7 3321.98 520.103 208.655
 12402.6 10692.1 6022.3 1840.01 403.652
 20348.6 2782.46 1089.07 613.415 228.533
 69228.7 8968.9 616.516 241.307 186.552
 8192.92 19311.7 1279.44 87.948 61.0355
 40609.4 8611.02 10762.9 713.066 83.0323
 50283.2 37358.2 4097.17 5121.04 378.788
 41844.7 22713.4 8381.92 919.265 1233.98
 49310.3 15979.3 4372.29 1613.5 414.494
 65467 32429.8 5441.09 1488.8 690.549
 7482.22 20606.3 5239.38 879.066 352.097
 23878.5 4653.37 6781.04 1724.16 405.147
 20362.6 13104.9 1350.56 1968.07 617.992
 6414.99 9724.34 3322.05 342.362 655.56
 20533.2 5434.89 4405.17 1504.91 452.063
 20784.7 10780.2 1512.7 1226.09 544.684
 6071.02 9783.37 2703.43 379.35 444.072
 6981.58 4761 4115.85 1137.33 346.413
 13943.8 7040.79 2563.1 2215.79 798.78
 4180.07 4535.34 1202.58 437.782 514.893
 20351.2 5005.15 2908.72 771.268 610.994
F
 0.0493289 0.090127 0.090127 0.090127 0.090127
 0.0878815 0.160565 0.160565 0.160565 0.160565
 0.0849181 0.155151 0.155151 0.155151 0.155151
 0.133109 0.243199 0.243199 0.243199 0.243199
 0.0407352 0.0744258 0.0744258 0.0744258 0.0744258
 0.0898263 0.164118 0.164118 0.164118 0.164118
 0.168118 0.307163 0.307163 0.307163 0.307163
 0.0253356 0.0462897 0.0462897 0.0462897 0.0462897
 0.0983033 0.179606 0.179606 0.179606 0.179606
 0.120368 0.21992 0.21992 0.21992 0.21992
 0.0327406 0.0598191 0.0598191 0.0598191 0.0598191
 0.147776 0.269997 0.269997 0.269997 0.269997
 0.15697 0.286794 0.286794 0.286794 0.286794
 0.363586 0.664295 0.664295 0.664295 0.664295
 0.171122 0.31265 0.31265 0.31265 0.31265
 0.13751 0.25124 0.25124 0.25124 0.25124
 0.0649836 0.118729 0.118729 0.118729 0.118729
 0.115043 0.210191 0.210191 0.210191 0.210191
 0.194455 0.355281 0.355281 0.355281 0.355281
 0.16574 0.302817 0.302817 0.302817 0.302817
 0.112977 0.206417 0.206417 0.206417 0.206417
 0.130174 0.237837 0.237837 0.237837 0.237837
 0.0693359 0.126681 0.126681 0.126681 0.126681
 0.0704579 0.128731 0.128731 0.128731 0.128731
 0.062866 0.11486 0.11486 0.11486 0.11486
 0.0480561 0.0878015 0.0878015 0.0878015 0.0878015
 0.0654538 0.119588 0.119588 0.119588 0.119588
 0.0553936 0.101208 0.101208 0.101208 0.101208
 0.0413442 0.0755385 0.0755385 0.0755385 0.0755385
 0.051376 0.0938672 0.0938672 0.0938672 0.0938672
 0.0846584 0.154676 0.154676 0.154676 0.154676
 0.0445262 0.0813523 0.0813523 0.0813523 0.0813523
 0.0869109 0.158792 0.158792 0.158792 0.158792
YTP_r0W_actual
 153448 87339.8 70012.9 24156.1 21537.5
YTP_p0W_proyectada
 0 0 0 0 0
 0 0 0 0 0
 0 0 0 0 0
 0 0 0 0 0
 0 0 0 0 0
 0 0 0 0 0
CTP_r0_actual
 20351.2 5005.15 2908.72 771.268 610.994
CTP_p0_proyectada
 0 0 0 0 0
 0 0 0 0 0
 0 0 0 0 0
 0 0 0 0 0
 0 0 0 0 0
 0 0 0 0 0
Wmedp
 7.54 17.45 24.07 31.32 35.25
Frms_r0
 0.0869109 0.158792 0.158792 0.158792 0.158792
Zrms_r0
 1.08691 1.15879 1.15879 1.15879 1.15879
nmprior
 7.29 8.9 8.7 0
nm_flota  nm_reclas  nm_pelaces    nm_pelaL
inf 11.4239 15.3777 45.8825
cv_recla  cv_pelaces  cv_mph
0.397416 0.571945 0.684113
 ------------------------------------------------
Talla a la edad & desviaci?n 
 8 13.2811 15.8009 17.003 17.5766
 0.8 1.32811 1.58009 1.7003 1.75766
