years
 1991 1992 1993 1994 1995 1996 1997 1998 1999 2000 2001 2002 2003 2004 2005 2006 2007 2008 2009 2010 2011 2012 2013 2014 2015 2016 2017 2018 2019 2020 2021 2022 2023
reclasobs
 0 0 0 0 0 0 0 0 0 252601 567819 844713 477998 351125 339783 2.1784e+06 2.13404e+06 4.81314e+06 1.55562e+06 2.62356e+06 3.21686e+06 3.843e+06 1.13348e+06 3.07943e+06 1.97215e+06 2.03268e+06 2.025e+06 2.42433e+06 2.27542e+06 1.05018e+06 2.36338e+06 3.18982e+06 1.53035e+06
reclaspred
 8.6967e+06 2.28752e+06 1.14923e+06 940496 178297 4.32484e+06 3.2465e+06 1.6313e+06 239580 248333 369404 1.3345e+06 1.16376e+06 278537 670079 2.48252e+06 1.99719e+06 3.25401e+06 2.14448e+06 1.75818e+06 3.46663e+06 3.22897e+06 1.66733e+06 2.56324e+06 2.33936e+06 1.73378e+06 2.13683e+06 2.92423e+06 2.41034e+06 1.98738e+06 1.68294e+06 1.09405e+06 854030
pelacesobs
 0 0 0 0 0 0 0 0 0 0 0 0 0 0 0 552880 188675 0 991730 2.46772e+06 1.41603e+06 1.21717e+06 2.29649e+06 1.80582e+06 0 1.4828e+06 1.56532e+06 1.57751e+06 1.42118e+06 867257 1.10002e+06 1.06204e+06 0
pelacespred
 4.57285e+06 1.02458e+06 505011 302040 47088 2.72333e+06 1.54956e+06 891025 63913.3 95043.6 199772 645261 540688 87521.3 353564 1.21373e+06 844436 1.71758e+06 939725 685230 1.73603e+06 1.49183e+06 675723 1.4904e+06 1.16191e+06 790044 1.35168e+06 1.68325e+06 1.13353e+06 1.13653e+06 767815 461979 373000
mphobs
 0 0 0 0 0 0 0 0 0 0 0 0 498337 0 5186 125008 0 168611 109162 213762 579715 649985 157893 87575 83554 210694 70296 0 107559 103333 445601 22526 28222
mphpred
 1.60257e+06 622362 94625.4 154789 54020.4 8860.52 738402 281244 94217.1 5318.95 16729.5 54402.1 182648 60748.7 9609.87 69256.4 375999 163468 299245 295737 431104 631772 150286 54344 146624 135274 69503 121714 225727 111089 96416.8 84742.4 23355.6
desembarqueobs
 494567 514787 250237 358949 120608 361735 552515 73892 212993 205616 52469 317467 293654 387597 252695 516296 358380 742168 942051 627588 828172 859565 418607 520667 417249 300574 415391 372974 316634 284311 391294 218835 356480
desembarquepred
 494501 514371 250032 358493 120499 361573 551959 73872.1 212696 205395 52451.7 317151 293368 386804 252359 515713 358078 741229 939695 626364 827383 858383 418176 520177 416721 300287 414935 372604 316204 283842 390775 218676 356172
Reclutas
 12365.5 8036.61 185077 43114.5 7927.89 374857 12338.5 3722.43 6916.22 50936.7 32882 157533 60720.7 45945.6 60633.3 300647 18519.8 304851 212563 213190 245619 359365 17817.8 145028 163465 26187.9 127528 150084 30755 95324.9 74629.8 13492.6 81273.8
log_desv_Rt
 -1.53636 -1.96726 1.16951 -0.287406 -1.98088 1.87528 -1.53854 -2.73689 -2.1174 -0.120681 -0.55834 1.00837 0.0550205 -0.223806 0.0535799 1.65467 -1.13242 1.66856 1.30797 1.31092 1.45252 1.83308 -1.17107 0.925663 1.04533 -0.785967 0.797071 0.959929 -0.625212 0.506027 0.261276 -1.44912 0.34656
SSB
 1.61178e+06 625939 95169.3 155679 54331 8911.45 742647 282861 94758.7 5349.53 16825.6 54714.8 171973 57919.6 9131.28 66825.9 378160 164407 319181 145545 219403 345981 355983 119876 289835 292956 137931 227291 442955 200239 213845 196494 49185.6
BT
 2.02131e+06 908712 430664 371847 115386 1.66064e+06 1.02379e+06 380550 233802 240075 137330 566220 481283 425625 420629 995047 584888 1.48357e+06 1.29723e+06 799874 1.51499e+06 1.39817e+06 593957 1.21147e+06 850258 551127 1.07073e+06 1.09233e+06 669320 770964 659881 350165 489988
Ftot
 0.324342 1.16965 1.16807 1.72391 2.58957 0.475312 0.841929 0.259377 3.15943 3.5188 0.776075 1.25208 1.2461 4.45867 1.91369 1.11804 0.891803 1.21146 2.01474 1.76089 1.23492 1.34676 1.20352 1.09357 0.931048 0.880527 1.0442 0.69481 0.676689 0.778497 1.1878 0.999605 2.04004
BD_Bspro_t
 0.949694 0.604104 0.198546 0.290775 0.0990873 0.0243638 0.578504 0.312473 0.169034 0.0177189 0.0664087 0.234962 0.322996 0.116667 0.0232301 0.147509 0.363443 0.194472 0.26077 0.129636 0.151097 0.210915 0.227075 0.105898 0.248169 0.291461 0.199676 0.319664 0.451419 0.289617 0.324339 0.273312 0.135002
BD_Bspro
 3.89287 1.51181 0.229859 0.376005 0.131223 0.0215235 1.79369 0.683183 0.228867 0.0129205 0.0406383 0.132151 0.41536 0.139891 0.0220544 0.161402 0.913356 0.397086 0.770906 0.351529 0.529916 0.835634 0.859793 0.289531 0.700027 0.707565 0.333139 0.548968 1.06985 0.483629 0.516492 0.474584 0.118796
BD_Bo
 6.19681 2.40655 0.365897 0.598539 0.208886 0.0342618 2.85525 1.08752 0.364319 0.0205673 0.0646895 0.210362 0.661185 0.222683 0.035107 0.256925 1.45391 0.632096 1.22716 0.559576 0.843538 1.33019 1.36865 0.460886 1.11433 1.12633 0.530302 0.873866 1.70303 0.769859 0.82217 0.75546 0.189104
BD_Brms
 6.64228 2.57955 0.3922 0.641566 0.223902 0.0367248 3.06051 1.16569 0.390508 0.0220458 0.0693398 0.225484 0.708716 0.238691 0.0376307 0.275395 1.55843 0.677535 1.31537 0.599803 0.904177 1.42582 1.46704 0.494018 1.19443 1.20729 0.568423 0.936686 1.82546 0.825201 0.881274 0.809767 0.202698
Sel_flota
 0.551593 0.95897 0.997753 0.999881 0.999994
 0.551593 0.95897 0.997753 0.999881 0.999994
 0.551593 0.95897 0.997753 0.999881 0.999994
 0.551593 0.95897 0.997753 0.999881 0.999994
 0.551593 0.95897 0.997753 0.999881 0.999994
 0.551593 0.95897 0.997753 0.999881 0.999994
 0.551593 0.95897 0.997753 0.999881 0.999994
 0.551593 0.95897 0.997753 0.999881 0.999994
 0.551593 0.95897 0.997753 0.999881 0.999994
 0.551593 0.95897 0.997753 0.999881 0.999994
 0.551593 0.95897 0.997753 0.999881 0.999994
 0.551593 0.95897 0.997753 0.999881 0.999994
 0.551593 0.95897 0.997753 0.999881 0.999994
 0.551593 0.95897 0.997753 0.999881 0.999994
 0.551593 0.95897 0.997753 0.999881 0.999994
 0.551593 0.95897 0.997753 0.999881 0.999994
 0.551593 0.95897 0.997753 0.999881 0.999994
 0.551593 0.95897 0.997753 0.999881 0.999994
 0.551593 0.95897 0.997753 0.999881 0.999994
 0.551593 0.95897 0.997753 0.999881 0.999994
 0.551593 0.95897 0.997753 0.999881 0.999994
 0.551593 0.95897 0.997753 0.999881 0.999994
 0.551593 0.95897 0.997753 0.999881 0.999994
 0.551593 0.95897 0.997753 0.999881 0.999994
 0.551593 0.95897 0.997753 0.999881 0.999994
 0.551593 0.95897 0.997753 0.999881 0.999994
 0.551593 0.95897 0.997753 0.999881 0.999994
 0.551593 0.95897 0.997753 0.999881 0.999994
 0.551593 0.95897 0.997753 0.999881 0.999994
 0.551593 0.95897 0.997753 0.999881 0.999994
 0.551593 0.95897 0.997753 0.999881 0.999994
 0.551593 0.95897 0.997753 0.999881 0.999994
 0.551593 0.95897 0.997753 0.999881 0.999994
Sel_reclas
 0.52612 0.848196 0.965659 0.992983 0.998598
 0.52612 0.848196 0.965659 0.992983 0.998598
 0.52612 0.848196 0.965659 0.992983 0.998598
 0.52612 0.848196 0.965659 0.992983 0.998598
 0.52612 0.848196 0.965659 0.992983 0.998598
 0.52612 0.848196 0.965659 0.992983 0.998598
 0.52612 0.848196 0.965659 0.992983 0.998598
 0.52612 0.848196 0.965659 0.992983 0.998598
 0.52612 0.848196 0.965659 0.992983 0.998598
 0.52612 0.848196 0.965659 0.992983 0.998598
 0.52612 0.848196 0.965659 0.992983 0.998598
 0.52612 0.848196 0.965659 0.992983 0.998598
 0.52612 0.848196 0.965659 0.992983 0.998598
 0.52612 0.848196 0.965659 0.992983 0.998598
 0.52612 0.848196 0.965659 0.992983 0.998598
 0.52612 0.848196 0.965659 0.992983 0.998598
 0.52612 0.848196 0.965659 0.992983 0.998598
 0.52612 0.848196 0.965659 0.992983 0.998598
 0.52612 0.848196 0.965659 0.992983 0.998598
 0.52612 0.848196 0.965659 0.992983 0.998598
 0.52612 0.848196 0.965659 0.992983 0.998598
 0.52612 0.848196 0.965659 0.992983 0.998598
 0.52612 0.848196 0.965659 0.992983 0.998598
 0.52612 0.848196 0.965659 0.992983 0.998598
 0.52612 0.848196 0.965659 0.992983 0.998598
 0.52612 0.848196 0.965659 0.992983 0.998598
 0.52612 0.848196 0.965659 0.992983 0.998598
 0.52612 0.848196 0.965659 0.992983 0.998598
 0.52612 0.848196 0.965659 0.992983 0.998598
 0.52612 0.848196 0.965659 0.992983 0.998598
 0.52612 0.848196 0.965659 0.992983 0.998598
 0.52612 0.848196 0.965659 0.992983 0.998598
 0.52612 0.848196 0.965659 0.992983 0.998598
Sel_pelaces
 0.686062 1 1 1 1
 0.686062 1 1 1 1
 0.686062 1 1 1 1
 0.686062 1 1 1 1
 0.686062 1 1 1 1
 0.686062 1 1 1 1
 0.686062 1 1 1 1
 0.686062 1 1 1 1
 0.686062 1 1 1 1
 0.686062 1 1 1 1
 0.686062 1 1 1 1
 0.686062 1 1 1 1
 0.686062 1 1 1 1
 0.686062 1 1 1 1
 0.686062 1 1 1 1
 0.686062 1 1 1 1
 0.686062 1 1 1 1
 0.686062 1 1 1 1
 0.686062 1 1 1 1
 0.686062 1 1 1 1
 0.686062 1 1 1 1
 0.686062 1 1 1 1
 0.686062 1 1 1 1
 0.686062 1 1 1 1
 0.686062 1 1 1 1
 0.686062 1 1 1 1
 0.686062 1 1 1 1
 0.686062 1 1 1 1
 0.686062 1 1 1 1
 0.686062 1 1 1 1
 0.686062 1 1 1 1
 0.686062 1 1 1 1
 0.686062 1 1 1 1
pf_obs 
 0.8446 0.082 0.0669 0.0065 0
 0.8095 0.147 0.0364 0.0071 0
 0.9664 0.0169 0.016 0.0007 0
 0.9276 0.0648 0.0075 0.0001 0
 0.7033 0.2144 0.0806 0.0017 0
 0.9318 0.0425 0.0243 0.0014 0
 0.5671 0.3108 0.0964 0.0239 0.0018
 0.0768 0.2599 0.5324 0.112 0.0189
 0.490249 0.384438 0.106611 0.0170017 0.00170017
 0.7925 0.1577 0.0466 0.003 0.0002
 0.840416 0.127587 0.0312969 0.00059994 9.999e-05
 0.8084 0.0986 0.0794 0.0134 0.0002
 0.7335 0.1905 0.0724 0.0035 0.0001
 0.4001 0.4547 0.1325 0.0127 0
 0.49795 0.308269 0.164784 0.0264974 0.00249975
 0.9179 0.0499 0.0305 0.0017 0
 0.2467 0.6533 0.0926 0.0074 0
 0.9418 0.0223 0.034 0.0019 0
 0.707729 0.231977 0.0356964 0.0245975 0
 0.517169 0.277429 0.184464 0.0207286 0.00020938
 0.811772 0.124168 0.05621 0.00726502 0.000585176
 0.764997 0.148141 0.077277 0.00933861 0.000247198
 0.163321 0.427699 0.378323 0.0303852 0.000271297
 0.753843 0.0900009 0.118128 0.0371064 0.000921714
 0.721811 0.176058 0.0630433 0.0369309 0.00215725
 0.143369 0.312575 0.442814 0.0836902 0.0175525
 0.692698 0.0596174 0.167031 0.0765114 0.00414204
 0.394062 0.376323 0.152708 0.0712218 0.00568511
 0.125707 0.32114 0.495352 0.0537591 0.00404204
 0.23352 0.215282 0.420074 0.123614 0.00750983
 0.796117 0.104755 0.0508955 0.0450114 0.00322123
 0.162477 0.292055 0.404252 0.121198 0.0200186
 0 0 0 0 0
pf_pred 
 0.0686186 0.17468 0.668381 0.0883195 9.63591e-07
 0.150381 0.104651 0.145046 0.530054 0.0698682
 0.960955 0.0118418 0.00356682 0.004616 0.0190207
 0.461326 0.529847 0.00281358 0.000791128 0.00522228
 0.413678 0.412022 0.171683 0.000836744 0.00177964
 0.995859 0.00299389 0.000832618 0.00030989 4.69249e-06
 0.0704282 0.927572 0.00146583 0.000387952 0.000146185
 0.0964493 0.123158 0.778811 0.0011605 0.000421511
 0.441928 0.0942067 0.0657297 0.397331 0.000805117
 0.986828 0.0105135 0.00050337 0.00030724 0.00184744
 0.887513 0.112194 0.000240778 9.96721e-06 4.23109e-05
 0.928209 0.067649 0.00413132 8.3696e-06 1.81131e-06
 0.58145 0.405364 0.0124746 0.000709608 1.7419e-06
 0.728885 0.20869 0.0605907 0.00173566 9.85896e-05
 0.967054 0.0313586 0.00126981 0.000307892 9.22897e-06
 0.962795 0.0367735 0.000412078 1.52328e-05 3.78533e-06
 0.166993 0.819072 0.0137839 0.000144461 6.64267e-06
 0.937528 0.0187447 0.0430387 0.000681584 7.44711e-06
 0.727525 0.265324 0.00225264 0.00482176 7.69004e-05
 0.842214 0.140339 0.0170308 0.000131532 0.000284559
 0.841575 0.148446 0.00895744 0.000997057 2.42412e-05
 0.834808 0.153031 0.0114443 0.000643521 7.3091e-05
 0.151804 0.784739 0.0590958 0.00410517 0.000256021
 0.895372 0.0309141 0.0685447 0.00481525 0.000354015
 0.778993 0.210588 0.00322471 0.00669168 0.000502831
 0.296813 0.621498 0.078066 0.00112394 0.00249916
 0.87247 0.0605326 0.0596213 0.00705032 0.000326101
 0.773972 0.212483 0.00664941 0.00613896 0.00075685
 0.313101 0.600091 0.0818757 0.00242479 0.0025071
 0.79151 0.0999046 0.0955076 0.0123372 0.000740886
 0.664828 0.298326 0.0181902 0.0164152 0.00224072
 0.341473 0.541638 0.104828 0.00596566 0.00609535
 0.91905 0.0435116 0.0311379 0.00565212 0.000647985
pobs_RECLAS
 0 0 0 0 0
 0 0 0 0 0
 0 0 0 0 0
 0 0 0 0 0
 0 0 0 0 0
 0 0 0 0 0
 0 0 0 0 0
 0 0 0 0 0
 0 0 0 0 0
 0 0 0 0 0
 0.991045 0.00858322 0.000360255 1.14367e-05 0
 0.934742 0.0480273 0.0164251 0.00080598 0
 0.827803 0.169806 0.00239088 0 0
 0.941827 0.0461693 0.0120037 0 0
 0.791401 0.0380133 0.147996 0.0225897 0
 0.846168 0.0940531 0.0597789 0 0
 0.134021 0.677848 0.182769 0.00536245 0
 0.80878 0.0450904 0.141981 0.00414843 0
 0.846168 0.0940531 0.0597789 0 0
 0.905697 0.0802665 0.012482 0.00150086 5.37128e-05
 0.989698 0.0102097 9.19794e-05 0 0
 0.975433 0.0193895 0.00387452 0.00125025 5.28907e-05
 0.303575 0.632131 0.0575291 0.00676475 0
 0.966965 0.00978017 0.0227588 0.000495775 0
 0.843318 0.132988 0.00938335 0.0141283 0.000182051
 0.564624 0.303363 0.111486 0.0197234 0.00080311
 0.826376 0.0876187 0.0782897 0.00655872 0.00115652
 0.89761 0.0855135 0.0140674 0.00269457 0.000114338
 0.34875 0.467042 0.161289 0.0227151 0.000203297
 0.318654 0.224769 0.449479 0.00709798 0
 0.937255 0.0296025 0.0250945 0.00804832 0
 0.456809 0.399803 0.12412 0.0192676 0
 0.883104 0.0372192 0.0704036 0.00927362 0
ppred_RECLAS
 0.0694973 0.161878 0.676856 0.0917676 1.00676e-06
 0.157519 0.0947158 0.142567 0.534372 0.0708262
 0.96347 0.0102601 0.00335625 0.00445503 0.0184587
 0.510688 0.480492 0.00275468 0.000794197 0.00527139
 0.483642 0.355681 0.158198 0.000790061 0.00168954
 0.996136 0.00271857 0.000825496 0.000315222 4.79967e-06
 0.0787035 0.919122 0.00158188 0.000429485 0.000162729
 0.09718 0.113893 0.787284 0.00120368 0.000439617
 0.521217 0.0757658 0.0559445 0.346367 0.00070567
 0.991318 0.00682402 0.000343789 0.000214849 0.0012989
 0.898523 0.101187 0.000236623 1.00486e-05 4.28923e-05
 0.937492 0.0586137 0.00388432 8.07091e-06 1.75631e-06
 0.617461 0.369479 0.0123391 0.000719895 1.7769e-06
 0.827653 0.131563 0.0395593 0.00115925 6.62024e-05
 0.97329 0.0253229 0.00110454 0.00027457 8.27537e-06
 0.967521 0.0320699 0.000390467 1.4805e-05 3.69932e-06
 0.184721 0.800449 0.0146647 0.000157661 7.28971e-06
 0.942665 0.0162264 0.0404447 0.000656936 7.21742e-06
 0.770542 0.222883 0.00203574 0.00446705 7.16345e-05
 0.866386 0.117799 0.015427 0.000122162 0.000265743
 0.860116 0.130349 0.0085366 0.000974579 2.38254e-05
 0.855165 0.13333 0.0108097 0.000623387 7.11946e-05
 0.171077 0.761914 0.0622917 0.00443821 0.000278318
 0.902551 0.0270984 0.065298 0.00470515 0.00034783
 0.799243 0.190324 0.00317177 0.00675163 0.000510139
 0.320847 0.594032 0.0812388 0.00119982 0.00268263
 0.882081 0.0534338 0.0572215 0.00694073 0.000322805
 0.791618 0.194669 0.00664201 0.00629098 0.00077988
 0.334405 0.574781 0.0855144 0.00259817 0.00270123
 0.802577 0.0902283 0.093988 0.0124549 0.000752094
 0.694576 0.268884 0.0178019 0.0164772 0.0022616
 0.368048 0.511527 0.107681 0.00628588 0.00645801
 0.932631 0.0349181 0.0268735 0.00500061 0.00057644
pobs_PELACES
 0 0 0 0 0
 0 0 0 0 0
 0 0 0 0 0
 0 0 0 0 0
 0 0 0 0 0
 0 0 0 0 0
 0 0 0 0 0
 0 0 0 0 0
 0 0 0 0 0
 0 0 0 0 0
 0 0 0 0 0
 0 0 0 0 0
 0 0 0 0 0
 0 0 0 0 0
 0 0 0 0 0
 0 0 0 0 0
 0.505614 0.472636 0.0217494 0 0
 0 0 0 0 0
 0.443492 0.261883 0.143347 0.151278 0
 0.227955 0.32914 0.350689 0.0885471 0.00366901
 0.970185 0.0296113 0.000203453 0 0
 0.997202 0.00247181 0.000326279 0 0
 0.445219 0.490057 0.0546422 0.010081 0
 0.90214 0.0892962 0.00764917 0.000914606 0
 0 0 0 0 0
 0.581667 0.319106 0.0959925 0.00289975 0.000334073
 0.762889 0.0836404 0.116647 0.0363945 0.000428098
 0.88444 0.0763242 0.0277011 0.0115352 0
 0.521256 0.241999 0.230069 0.00667565 0
 0.616807 0.101726 0.260614 0.0208532 0
 0.833518 0.0704572 0.0857862 0.0102388 0
 0.697417 0.212968 0.0787535 0.0105354 0.000325836
 0 0 0 0 0
ppred_PELACES
 0.0880141 0.177444 0.648992 0.085549 9.33245e-07
 0.219122 0.101792 0.13258 0.482869 0.0636373
 0.974716 0.00802088 0.0022704 0.00292836 0.0120645
 0.59344 0.40039 0.00197224 0.000552296 0.00364496
 0.606231 0.284584 0.107555 0.000521412 0.00110866
 0.99685 0.00230742 0.00061169 0.000227075 3.43802e-06
 0.0957133 0.902447 0.00134963 0.000356134 0.000134174
 0.121531 0.124362 0.752582 0.00111876 0.0004063
 0.684123 0.0587968 0.0366226 0.220012 0.000445668
 0.995283 0.00385973 0.000163276 9.89854e-05 0.000594989
 0.915787 0.084005 0.000170842 7.05163e-06 2.99296e-05
 0.951916 0.0454731 0.00260485 5.25884e-06 1.13789e-06
 0.679567 0.310946 0.00897688 0.000508877 1.24893e-06
 0.909752 0.0717988 0.0179111 0.000508832 2.88901e-05
 0.981319 0.0178476 0.000667237 0.000161083 4.82732e-06
 0.974592 0.025131 0.000264944 9.76154e-06 2.4253e-06
 0.220699 0.766965 0.012202 0.000127494 5.86157e-06
 0.959523 0.0126886 0.0273523 0.000431685 4.71583e-06
 0.830285 0.165617 0.00129486 0.00275924 4.39956e-05
 0.90237 0.0875449 0.00984595 7.57281e-05 0.000163796
 0.890173 0.103312 0.00584974 0.000648894 1.57735e-05
 0.887812 0.104423 0.00730916 0.000409526 4.65051e-05
 0.213442 0.73106 0.0516963 0.00357892 0.000223161
 0.92935 0.0217786 0.0454548 0.00318274 0.000233953
 0.834148 0.158462 0.00229208 0.00474171 0.000356247
 0.374271 0.556564 0.0661069 0.000948881 0.00210957
 0.911395 0.0433785 0.0402612 0.00474565 0.000219465
 0.823219 0.166708 0.00495187 0.00455887 0.000561963
 0.382592 0.542855 0.0703285 0.00207699 0.00214718
 0.843316 0.0772005 0.0699351 0.00900757 0.000540851
 0.750243 0.223833 0.0128203 0.0115301 0.00157361
 0.430642 0.473091 0.0863634 0.00489931 0.00500498
 0.95594 0.0245975 0.0161994 0.00292722 0.00033551
pobs_pel_tallas
 0 0 0 0 0 0 0 0 0 0 0 0 0 0 0 0 0 0 0 0 0 0 0 0 0 0
 0 0 0 0 0 0 0 0 0 0 0 0 0 0 0 0 0 0 0 0 0 0 0 0 0 0
 0 0 0 0 0 0 0 0 0 0 0 0 0 0 0 0 0 0 0 0 0 0 0 0 0 0
 0 0 0 0 0 0 0 0 0 0 0 0 0 0 0 0 0 0 0 0 0 0 0 0 0 0
 0 0 0 0 0 0 0 0 0 0 0 0 0 0 0 0 0 0 0 0 0 0 0 0 0 0
 0 0 0 0 0 0 0 0 0 0 0 0 0 0 0 0 0 0 0 0 0 0 0 0 0 0
 0 0 0 0 0 0 0 0 0 0 0 0 0 0 0 0 0 0 0 0 0 0 0 0 0 0
 0 0 0 0 0 0 0 0 0 0 0 0 0 0 0 0 0 0 0 0 0 0 0 0 0 0
 0 0 0 0 0 0 0 0 0 0 0 0 0 0 0 0 0 0 0 0 0 0 0 0 0 0
 0 0 0 0 0 0 0 0 0 0 0 0 0 0 0 0 0 0 0 0 0 0 0 0 0 0
 0 0 0 0 0 0 0 0 0 0 0 0 0 0 0 0 0 0 0 0 0 0 0 0 0 0
 0 0 0 0 0 0 0 0 0 0 0 0 0 0 0 0 0 0 0 0 0 0 0 0 0 0
 0.00862536 0 0 0.000197151 0.00414017 0.0128641 0.00837892 0.0270097 0.101434 0.158115 0.152841 0.127902 0.109271 0.109419 0.0830992 0.0579132 0.0238553 0.00714673 0.00463305 0.00128148 0.00103504 0.000492878 0.000147863 0.000147863 4.92878e-05 0
 0 0 0 0 0 0 0 0 0 0 0 0 0 0 0 0 0 0 0 0 0 0 0 0 0 0
 0 0 0 0 0 0 0 0.0054083 0.00873648 0.0413646 0.0450493 0.0745869 0.0622846 0.0627006 0.0613931 0.0827291 0.12552 0.122667 0.0946155 0.0697135 0.0546179 0.0294188 0.0215738 0.0213955 0.0102223 0.00600262
 0 0 0 0 0.00359764 0.0251062 0.0480494 0.140153 0.205849 0.193036 0.1447 0.116669 0.0760912 0.0342217 0.00950174 0.001854 0.000860785 0 0 0 0.000165536 0 0.000143464 0 0 0
 0 0 0 0 0 0 0 0.000145254 0.000435761 0.0275982 0.070085 0.0708112 0.156366 0.174668 0.174014 0.160142 0.0824315 0.0480064 0.0283245 0.00493863 0.00203355 0 0 0 0 0
 0 0 0 0 0 0 0 0 0 0 0 0 0 0 0 0 0 0 0 0 0 0 0 0 0 0
 0 0 1.00437e-05 0.000401748 0.00122533 0.00171747 0.00176769 0.0269171 0.070346 0.194647 0.189555 0.159765 0.064822 0.0314167 0.0384472 0.0292271 0.0345202 0.0313363 0.0194345 0.0106764 0.0143323 0.0359363 0.0279516 0.0138201 0.00172751 0
 0 0.0021121 0.0136068 0.0755702 0.200478 0.177729 0.0527432 0.0373336 0.0318909 0.0142505 0.0149659 0.0166563 0.0217959 0.0798694 0.0677717 0.0528807 0.04013 0.0224614 0.0357745 0.0225083 0.00881397 0.00855152 0.00135912 0.000746735 0 0
 0 0 0 0 5.4009e-05 0.00500934 0.000945158 0.0243581 0.138947 0.33067 0.221406 0.137944 0.0707744 0.0437923 0.0131692 0.00525238 0.0047753 0.00276346 9.45158e-05 9.00151e-06 2.25038e-05 9.00151e-06 4.50075e-06 0 0 0
 0.000866109 0.00284123 0.00948549 0.0512746 0.133035 0.25785 0.225252 0.132002 0.0553304 0.0519788 0.0540692 0.017754 0.00435017 0.00159236 0.00146478 0.000404838 0.000125132 0.000115318 0.000107957 0.000100596 0 0 0 0 0 0
 0 0 0 0 0.00144013 0.00171154 0.00461396 0.0210425 0.0478622 0.0707936 0.0888783 0.103762 0.0637923 0.0337046 0.0602308 0.124433 0.169614 0.0934646 0.0462172 0.0250306 0.0313229 0.00938855 0.002487 0.000210481 0 0
 0 0.00764035 0.051015 0.0998891 0.058973 0.0496711 0.0374665 0.0718981 0.12319 0.153886 0.159021 0.0857701 0.0377988 0.023471 0.0147837 0.00900784 0.00315554 0.000888139 0.00291439 0.00214683 0.00393193 0.00274676 0.000635225 9.99891e-05 0 0
 0 0 0 0 0 0 0 0 0 0 0 0 0 0 0 0 0 0 0 0 0 0 0 0 0 0
 0 0 0 0 0 0 0 0 0 0 0 0 0 0 0 0 0 0 0 0 0 0 0 0 0 0
 0 0 0 0 0 0 0 0 0 0 0 0 0 0 0 0 0 0 0 0 0 0 0 0 0 0
 0 0 0 0 0 0 0 0 0 0 0 0 0 0 0 0 0 0 0 0 0 0 0 0 0 0
 0 0 0 0 0 0 0 0 0 0 0 0 0 0 0 0 0 0 0 0 0 0 0 0 0 0
 0 0 0 0 0 0 0 0 0 0 0 0 0 0 0 0 0 0 0 0 0 0 0 0 0 0
 0 0 0 0 0 0 0 0 0 0 0 0 0 0 0 0 0 0 0 0 0 0 0 0 0 0
 0 0 0 0 0 0 0 0 0 0 0 0 0 0 0 0 0 0 0 0 0 0 0 0 0 0
 0 0 0 0 0 0 0 0 0 0 0 0 0 0 0 0 0 0 0 0 0 0 0 0 0 0
ppred_pel_tallas
 1.27354e-16 7.24964e-06 7.04691e-05 0.000468293 0.0021288 0.00662359 0.0141129 0.020602 0.0206201 0.0142018 0.00692488 0.00301168 0.00273223 0.0051708 0.010157 0.0179885 0.0287276 0.0419949 0.0572121 0.07383 0.0910775 0.10732 0.119768 0.125192 0.121424 0.108633
 1.63047e-16 1.80488e-05 0.000175441 0.00116587 0.00529987 0.0164899 0.0351339 0.051281 0.0512912 0.0351838 0.0166586 0.0057925 0.002423 0.0029906 0.00558207 0.00979961 0.0156068 0.0229816 0.0321541 0.0438541 0.0590721 0.0782233 0.100178 0.121897 0.139088 0.147659
 1.02403e-16 8.02861e-05 0.000780409 0.00518609 0.0235752 0.0733513 0.156283 0.228099 0.2281 0.156286 0.0733641 0.0236123 0.00527936 0.000985106 0.000472525 0.00066401 0.000974263 0.00128486 0.00154358 0.00174884 0.00195787 0.0022551 0.00269489 0.00325752 0.00384544 0.00431848
 1.00832e-16 4.8881e-05 0.00047514 0.00315748 0.0143535 0.0446591 0.0951524 0.138886 0.138924 0.0953405 0.0452904 0.0161757 0.00772722 0.0104366 0.0189253 0.0310996 0.0445366 0.0554629 0.0600727 0.0566206 0.0464973 0.0333664 0.0210753 0.011934 0.00633391 0.00344831
 1.03417e-16 4.99345e-05 0.000485381 0.00322553 0.0146628 0.0456216 0.0972027 0.141876 0.141903 0.0973372 0.0460737 0.0159699 0.0065113 0.0076738 0.0137473 0.0227647 0.0330568 0.0421196 0.0474008 0.0476646 0.0436463 0.0374132 0.0309989 0.0254288 0.0207101 0.0164556
 1.00042e-16 8.21092e-05 0.000798131 0.00530386 0.0241106 0.075017 0.159832 0.233279 0.233279 0.159833 0.0750206 0.0241212 0.00533043 0.000856212 0.000192653 0.000189148 0.000265914 0.000337172 0.000377307 0.00037649 0.00034164 0.00029083 0.000241702 0.000202877 0.000173456 0.000148243
 1.00329e-16 7.88396e-06 7.6635e-05 0.000509271 0.00231513 0.00720368 0.0153514 0.022424 0.0225108 0.0157753 0.00862642 0.0064218 0.0108075 0.0225241 0.0425409 0.070057 0.100311 0.124862 0.135121 0.127133 0.104018 0.0740341 0.0458764 0.0247989 0.0117511 0.00494225
 1.21931e-16 1.00104e-05 9.73044e-05 0.000646623 0.00293946 0.00914582 0.0194866 0.028444 0.0284571 0.0195513 0.00936611 0.0035901 0.00233392 0.00395919 0.00786555 0.0143408 0.023793 0.0364129 0.052123 0.0704367 0.0900183 0.108221 0.121276 0.1255 0.119034 0.102952
 1.23212e-16 5.63503e-05 0.000547745 0.00363996 0.0165467 0.051483 0.10969 0.160097 0.160103 0.109719 0.0515786 0.0168245 0.00434441 0.00211014 0.00309972 0.00524712 0.00808527 0.0113766 0.0150218 0.0192322 0.0244869 0.0311561 0.0390029 0.046942 0.0532777 0.0563312
 1.00117e-16 8.19801e-05 0.000796876 0.00529552 0.0240727 0.074899 0.15958 0.232912 0.232913 0.159582 0.0749051 0.0240903 0.00533966 0.000893173 0.000264678 0.000307342 0.000433749 0.000543357 0.000595875 0.00057571 0.00049747 0.000396779 0.000309513 0.000254855 0.000231875 0.000227218
 1.00033e-16 7.54322e-05 0.000733228 0.00487256 0.0221499 0.0689167 0.146835 0.214311 0.214319 0.146874 0.0690492 0.0225322 0.00583119 0.00282281 0.00403477 0.00652682 0.00933827 0.0116239 0.0125796 0.011837 0.00968639 0.00689633 0.00427596 0.00231419 0.00109936 0.000464892
 1.00088e-16 7.8408e-05 0.000762154 0.00506478 0.0230238 0.0716355 0.152627 0.222765 0.222769 0.152649 0.0717073 0.023231 0.0055846 0.00189584 0.0022283 0.00355132 0.00508829 0.00635619 0.00692109 0.00658366 0.00549512 0.00405879 0.0026961 0.00165706 0.000982956 0.000588195
 1.0039e-16 5.59751e-05 0.000544098 0.00361572 0.0164366 0.0511404 0.108961 0.159038 0.159068 0.109107 0.0516309 0.0178525 0.00716713 0.00828738 0.014734 0.0241962 0.0346775 0.0432433 0.0469433 0.0444163 0.0367179 0.0266505 0.017153 0.0099839 0.00544539 0.00293304
 1.00592e-16 7.49351e-05 0.000728396 0.00484045 0.022004 0.0684626 0.145867 0.212899 0.212906 0.145901 0.0685763 0.0223327 0.00566616 0.00253264 0.00350643 0.00569079 0.00821911 0.0103934 0.0115526 0.0113845 0.010096 0.0082549 0.00643407 0.0049448 0.00381202 0.00292108
 1.00041e-16 8.083e-05 0.000785696 0.00522123 0.0237349 0.0738482 0.157342 0.229645 0.229647 0.15735 0.0738764 0.0238162 0.00542514 0.00123033 0.00092382 0.00139548 0.00199333 0.00248736 0.00270401 0.00256522 0.00213143 0.00156276 0.00102654 0.000622086 0.000365308 0.000220771
 1.00016e-16 8.02758e-05 0.00078031 0.00518543 0.0235722 0.073342 0.156263 0.228071 0.228073 0.156275 0.0733816 0.0236866 0.00547229 0.00140565 0.00126532 0.00195796 0.00279669 0.00348292 0.0037729 0.00355629 0.00291942 0.00209113 0.00131204 0.000727143 0.000362292 0.000168034
 1.00562e-16 1.81789e-05 0.000176705 0.00117427 0.00533811 0.0166092 0.0353905 0.0516689 0.0517426 0.0357508 0.0178187 0.0088295 0.00993035 0.0192654 0.036195 0.0596087 0.0853965 0.106397 0.115322 0.108814 0.0894962 0.0643316 0.0406373 0.0228153 0.0116455 0.00562769
 1.00837e-16 7.90346e-05 0.000768245 0.00510526 0.0232078 0.0722079 0.153847 0.224544 0.224545 0.153853 0.0722288 0.0232686 0.00525983 0.00111189 0.00074981 0.00116158 0.00177468 0.00245732 0.00312484 0.00372434 0.00423613 0.00463884 0.00487324 0.00485107 0.00451048 0.00387156
 1.00364e-16 6.83895e-05 0.00066477 0.00441763 0.0200819 0.0624824 0.133126 0.194305 0.194321 0.133204 0.0627436 0.0208358 0.00630818 0.00478617 0.00787898 0.0128736 0.0184362 0.0229698 0.0249005 0.0235081 0.0193672 0.0139884 0.00895351 0.00520575 0.00289617 0.00167793
 1.00342e-16 7.4327e-05 0.000722485 0.00480117 0.0218254 0.067907 0.144683 0.211171 0.21118 0.144725 0.0680453 0.0222249 0.00580365 0.00291004 0.00422623 0.00686204 0.00986053 0.012362 0.0135432 0.0130215 0.0110771 0.00846253 0.00595706 0.0040129 0.00269529 0.00184608
 1.00264e-16 7.33224e-05 0.00071272 0.00473627 0.0215304 0.0669892 0.142728 0.208318 0.208328 0.142776 0.0671523 0.0220012 0.0059173 0.0032885 0.00495809 0.00806194 0.0115622 0.014446 0.0157348 0.0149775 0.012519 0.00927595 0.00620464 0.00386992 0.0023609 0.00147818
 1.00287e-16 7.31279e-05 0.000710829 0.00472371 0.0214733 0.0668115 0.142349 0.207765 0.207775 0.142398 0.0669764 0.0219493 0.00591791 0.00331566 0.00501392 0.00815675 0.0117039 0.0146345 0.0159614 0.0152282 0.0127798 0.00953579 0.0064542 0.00409903 0.00255832 0.00163454
 1.02076e-16 1.75811e-05 0.000170895 0.00113566 0.00516258 0.0160631 0.0342267 0.0499696 0.05004 0.0345705 0.0172173 0.00849513 0.00949643 0.0184079 0.0346097 0.0570749 0.0819466 0.102475 0.111781 0.106673 0.0895634 0.066889 0.045351 0.0288912 0.0181201 0.0116513
 1.01677e-16 7.65493e-05 0.000744087 0.00494472 0.022478 0.0699373 0.149009 0.217483 0.217486 0.14902 0.0699731 0.0225823 0.00520973 0.00133312 0.00122596 0.00198557 0.00303861 0.00420686 0.00535135 0.00638699 0.00728808 0.00802606 0.00850283 0.00856149 0.00807994 0.00706999
 1.00643e-16 6.87077e-05 0.000667864 0.00443819 0.0201754 0.0627732 0.133745 0.195209 0.195224 0.13382 0.0630231 0.0208968 0.00624765 0.00461293 0.00754647 0.0123289 0.0176648 0.0220286 0.02392 0.0226555 0.0187864 0.0137533 0.00905768 0.00558308 0.00345344 0.00232048
 1.02503e-16 3.08283e-05 0.000299662 0.00199136 0.00905248 0.0281659 0.0600124 0.0876011 0.0876548 0.0602744 0.0290455 0.0115926 0.00836598 0.0142108 0.0264366 0.0436184 0.0627387 0.0786934 0.0862827 0.0830792 0.0708598 0.0543929 0.0386082 0.0263543 0.0180261 0.0126118
 1.01687e-16 7.50704e-05 0.000729711 0.00484919 0.0220437 0.0685862 0.14613 0.213282 0.213286 0.146151 0.0686559 0.0222458 0.00535897 0.00185113 0.00222989 0.00363289 0.00537778 0.00707829 0.00838509 0.00912134 0.0093508 0.00926892 0.00901625 0.00858367 0.00787396 0.0068355
 1.00738e-16 6.78075e-05 0.000659113 0.00438004 0.019911 0.0619507 0.131993 0.192651 0.192667 0.132071 0.0622137 0.0206703 0.00628454 0.00481199 0.00794121 0.0129854 0.0186162 0.0232367 0.0252718 0.0240021 0.0200016 0.0147733 0.00988108 0.0062415 0.00398025 0.00273696
 1.0274e-16 3.15137e-05 0.000306325 0.00203564 0.00925375 0.0287921 0.0613466 0.0895481 0.0896004 0.0616022 0.0296502 0.011732 0.00825544 0.0138812 0.0258034 0.042583 0.0612767 0.076917 0.084443 0.0814902 0.0697802 0.0539345 0.03872 0.0268742 0.0187577 0.0133846
 1.03033e-16 6.94628e-05 0.000675204 0.00448697 0.0203971 0.063463 0.135215 0.197352 0.197359 0.135252 0.063587 0.0207565 0.00539367 0.00266941 0.00390036 0.00645159 0.00955104 0.0125603 0.0148604 0.0161382 0.0165125 0.0163401 0.015881 0.0151254 0.0138998 0.0121035
 1.0185e-16 6.17966e-05 0.000600685 0.00399176 0.018146 0.056459 0.120293 0.175575 0.175597 0.120398 0.0568124 0.0191663 0.00655161 0.00618457 0.0106542 0.0174835 0.0251057 0.031419 0.0343311 0.0328898 0.0278621 0.0212372 0.0150598 0.0104925 0.00764147 0.00598679
 1.03952e-16 3.54715e-05 0.000344795 0.00229129 0.0104159 0.032408 0.0690503 0.10079 0.100836 0.0692732 0.0331566 0.0125786 0.00772115 0.0122021 0.0225657 0.0372775 0.0537588 0.0677266 0.0748179 0.0729875 0.0636896 0.0508317 0.0383945 0.0285906 0.0216246 0.0166312
 1.00825e-16 7.87396e-05 0.000765376 0.0050862 0.0231211 0.0719384 0.153272 0.223706 0.223708 0.153284 0.0719777 0.0232349 0.00537294 0.0013946 0.00128334 0.00202204 0.00296357 0.00384856 0.00446781 0.00472141 0.00466202 0.00443422 0.00416087 0.00387359 0.00353157 0.00309017
pSPR Fmed_Fpbrs
1   0.982934 0.6 0.325 0.982934 0.982934 0.982934
Fs Fmed_Fpbrs
0   0.01 0.334391 0.848855 0.01 0.01 0.01
SSBpbr Bo_Bmed_Bpbrs
260098  247094  242655 143054 71527.1 242655 242655 242655
Ro
57470.1
SPR SPRFo_SPRFmed_SPRFpbrs
414034 414034 406968
Fref
0
Nvult_r0
 71569.7 2711.11 1914.62 347.297 39.8143
CTP_r0
 37894.1 1794.06 1283.87 233.047 26.7176
YTP_r0
356172
Np
 81273.8 29899 10999.2 4046.39 2036.2
Nvult_p0
 51374.9 18899.8 6952.83 2557.8 1287.12
CTP_p0
 0 0 0 0 0
 0 0 0 0 0
 0 0 0 0 0
 0 0 0 0 0
 0 0 0 0 0
 0 0 0 0 0
YTP_p0
 0 0 0 0 0 0
CBA_c0
0
log_Ro
10.779
likeval ReclasPelacesDesembMPH_pf_preclas_ppelaces_ptallas_desvR_qrecl_qpela
 24.7809 0.00037469 0.234597 46.5587 300.287 140.563 132.153 0 76.3833 0.000171366 0.000183837 0.00211166 2069.43 0 0
q_reclas_q_pelaces
6.3681 6.8038
M
1
N
 12365.5 19085.9 70538.1 9303.55 0.101495
 8036.61 3803.82 5144.44 18775.3 2474.66
 185077 1550.9 455.822 589.132 2427.42
 43114.5 35747.1 186.13 52.2821 345.098
 7927.89 6128.56 2517.56 12.2608 26.076
 374857 699.073 188.18 69.9158 1.0586
 12338.5 106098 163.032 43.084 16.2333
 3722.43 2852.86 17408.9 25.8913 9.40317
 6916.22 1186.85 818.393 4944.06 10.0179
 50936.7 445.372 21.0999 12.8715 77.3944
 32882 2690.26 5.60963 0.231859 0.984164
 157533 7884.09 470.202 0.951376 0.205879
 60720.7 29049.4 872.967 49.5953 0.121736
 45945.6 11234 3234.99 92.6286 5.2614
 60633.3 1444.97 57.4531 13.9172 0.417143
 300647 7762.21 84.8321 3.13171 0.778171
 18519.8 59694.2 977.363 10.2282 0.470282
 304851 4165.89 9337.35 147.682 1.61349
 212563 57488.7 479.588 1025.6 16.3561
 213190 25736.7 3063.36 23.6346 51.1289
 245619 29692.4 1749.42 194.481 4.72807
 359365 45723.5 3342.25 187.71 21.3187
 17817.8 62895.6 4623.3 320.751 20.0024
 145028 3374.82 7296.08 511.859 37.6289
 163465 29186.9 435.022 901.426 67.7305
 26187.9 35982.7 4396.79 63.2086 140.538
 127528 5927.52 5689.6 671.881 31.0745
 150084 26373.5 801.114 738.44 91.0319
 30755 37635.3 4983.14 147.342 152.331
 95324.9 7789.65 7235.63 933.225 56.0387
 74629.8 22825.5 1358.31 1224.18 167.093
 13492.6 14258.6 2688.04 152.759 156.069
 81273.8 2859.85 2011.27 364.749 41.8144
pred_Ctot
 1299.28 3307.52 12655.6 1672.31 0.0182454
 2543.43 1769.99 2453.2 8964.95 1181.7
 58513.1 721.056 217.186 281.071 1158.18
 18027.5 20705.1 109.948 30.9154 204.074
 4252.02 4235 1764.66 8.60054 18.2922
 55826.2 167.833 46.6752 17.3719 0.263054
 3008.15 39618.8 62.6091 16.5703 6.24389
 317.361 405.245 2562.63 3.81856 1.38696
 4111.56 876.471 611.529 3696.65 7.49057
 31841.3 339.232 16.2419 9.9135 59.6101
 7493.3 947.259 2.0329 0.0841535 0.357233
 52486.4 3825.27 233.609 0.473266 0.102422
 20158.4 14053.7 432.485 24.6016 0.0603905
 31636.8 9058.07 2629.9 75.3355 4.27923
 27150.3 880.399 35.6503 8.64414 0.259105
 91913 3510.57 39.339 1.4542 0.361366
 4732.76 23213.4 390.65 4.09417 0.188261
 99084.4 1981.07 4548.63 72.0345 0.787062
 98338 35863.3 304.485 651.748 10.3945
 90412.6 15065.6 1828.27 14.1201 30.5477
 80993.1 14286.4 862.062 95.9566 2.33297
 126365 23164.3 1732.32 97.4096 11.0638
 5762.52 29789 2243.3 155.834 9.71864
 43585.2 1504.84 3336.64 234.398 17.2328
 43255.4 11693.4 179.06 371.572 27.9209
 6623.39 13868.7 1742.04 25.0806 55.7688
 36969.1 2564.94 2526.33 298.742 13.8178
 31155.7 8553.35 267.667 247.119 30.4664
 6242.07 11963.6 1632.3 48.3412 49.9823
 21779.7 2749.04 2628.05 339.477 20.3867
 23897.2 10723.3 653.845 590.041 80.5427
 3779 5994.18 1160.11 66.0205 67.4558
 37894.1 1794.06 1283.87 233.047 26.7176
F
 0.178905 0.311034 0.323613 0.324304 0.32434
 0.64517 1.12166 1.16702 1.16951 1.16964
 0.6443 1.12015 1.16545 1.16793 1.16807
 0.950898 1.65318 1.72004 1.72371 1.7239
 1.42839 2.48332 2.58375 2.58926 2.58955
 0.262178 0.45581 0.474244 0.475256 0.475309
 0.464402 0.807384 0.840037 0.841829 0.841923
 0.143071 0.248735 0.258794 0.259346 0.259376
 1.74272 3.02979 3.15233 3.15905 3.15941
 1.94094 3.37442 3.5109 3.51838 3.51878
 0.428077 0.744232 0.774331 0.775983 0.77607
 0.690637 1.20071 1.24927 1.25193 1.25207
 0.687339 1.19497 1.2433 1.24595 1.24609
 2.45937 4.27573 4.44866 4.45814 4.45865
 1.05558 1.83517 1.90939 1.91346 1.91368
 0.616702 1.07217 1.11553 1.11791 1.11803
 0.491912 0.855212 0.889799 0.891697 0.891798
 0.668235 1.16176 1.20874 1.21132 1.21146
 1.11132 1.93208 2.01022 2.0145 2.01473
 0.971292 1.68864 1.75693 1.76068 1.76088
 0.681171 1.18425 1.23214 1.23477 1.23491
 0.742863 1.2915 1.34373 1.3466 1.34675
 0.663853 1.15414 1.20082 1.20338 1.20351
 0.603206 1.0487 1.09111 1.09344 1.09356
 0.513559 0.892847 0.928956 0.930938 0.931042
 0.485692 0.844399 0.878549 0.880423 0.880522
 0.575974 1.00136 1.04186 1.04408 1.0442
 0.383252 0.666302 0.693249 0.694728 0.694806
 0.373256 0.648924 0.675168 0.676608 0.676684
 0.429413 0.746555 0.776748 0.778405 0.778492
 0.655182 1.13907 1.18513 1.18766 1.18779
 0.551375 0.958591 0.997359 0.999486 0.999599
 1.12527 1.95633 2.03545 2.0398 2.04003
YTP_r0W_actual
 285722 31306.4 30902.8 7299.04 941.795
YTP_p0W_proyectada
 0 0 0 0 0
 0 0 0 0 0
 0 0 0 0 0
 0 0 0 0 0
 0 0 0 0 0
 0 0 0 0 0
CTP_r0_actual
 37894.1 1794.06 1283.87 233.047 26.7176
CTP_p0_proyectada
 0 0 0 0 0
 0 0 0 0 0
 0 0 0 0 0
 0 0 0 0 0
 0 0 0 0 0
 0 0 0 0 0
Wmedp
 7.54 17.45 24.07 31.32 35.25
Frms_r0
 1.12527 1.95633 2.03545 2.0398 2.04003
Zrms_r0
 2.12527 2.95633 3.03545 3.0398 3.04003
nmprior
 7.29 8.9 8.7 0
nm_flota  nm_reclas  nm_pelaces    nm_pelaL
inf 12.1306 4.83502 9.0815
cv_recla  cv_pelaces  cv_mph
0.431111 0.706814 0.547088
 ------------------------------------------------
Talla a la edad & desviaci?n 
 8 13.2811 15.8009 17.003 17.5766
 0.8 1.32811 1.58009 1.7003 1.75766
