years
 1991 1992 1993 1994 1995 1996 1997 1998 1999 2000 2001 2002 2003 2004 2005 2006 2007 2008 2009 2010 2011 2012 2013 2014 2015 2016 2017 2018 2019 2020 2021 2022 2023
reclasobs
 0 0 0 0 0 0 0 0 0 252601 567819 844713 477998 351125 339783 2.1784e+06 2.13404e+06 4.81314e+06 1.55562e+06 2.62356e+06 3.21686e+06 3.843e+06 1.13348e+06 3.07943e+06 1.97215e+06 2.03268e+06 2.025e+06 2.42433e+06 2.27542e+06 1.05018e+06 2.36338e+06 3.18982e+06 1.53035e+06
reclaspred
 2.98937e+06 1.64472e+06 873380 953062 1.01043e+06 1.52502e+06 948646 897888 661659 501011 632667 814180 629284 276266 671018 1.76361e+06 1.8323e+06 2.45345e+06 1.72028e+06 1.41194e+06 2.91721e+06 2.43356e+06 1.89521e+06 2.90664e+06 2.30439e+06 2.092e+06 2.51715e+06 2.78521e+06 2.4392e+06 1.87596e+06 1.64954e+06 1.58887e+06 1.60743e+06
pelacesobs
 0 0 0 0 0 0 0 0 0 0 0 0 0 0 0 552880 188675 0 991730 2.46772e+06 1.41603e+06 1.21717e+06 2.29649e+06 1.80582e+06 0 1.4828e+06 1.56532e+06 1.57751e+06 1.42118e+06 867257 1.10002e+06 1.06204e+06 0
pelacespred
 1.62558e+06 988975 513468 466088 522488 820810 470338 556313 396139 285341 369133 405762 332974 136377 395252 873562 904240 1.33119e+06 966776 691007 1.53075e+06 1.32068e+06 1.04956e+06 1.77571e+06 1.3335e+06 1.21165e+06 1.68892e+06 1.67589e+06 1.32176e+06 1.1663e+06 916930 883714 896413
mphobs
 0 0 0 0 0 0 0 0 0 0 0 0 498337 0 5186 125008 0 168611 109162 213762 579715 649985 157893 87575 83554 210694 70296 0 107559 103333 445601 22526 28222
mphpred
 479621 321885 157129 93131.8 111530 132346 163408 102592 95794 67929.4 47122.2 81719.4 92919 50884.7 17710.9 70242.6 229268 227641 225972 334652 405519 593532 101693 84339.5 125211 105910 92528.2 103956 147685 116744 76569.7 75983.9 51035.6
desembarqueobs
 494567 514787 250237 358949 120608 361735 552515 73892 212993 205616 52469 317467 293654 387597 252695 516296 358380 742168 942051 627588 828172 859565 418607 520667 417249 300574 415391 372974 316634 284311 391294 218835 356480
desembarquepred
 494571 513472 250922 359001 120616 361771 552614 73897.7 213057 205675 52471.4 317500 293865 388134 252662 516222 358392 742191 941898 627441 828225 859662 418675 520723 417245 300594 415410 372966 316618 284281 391339 218861 356507
Reclutas
 191259 95071.6 124480 187217 160281 239421 103368 54046 48042.1 64868.3 136918 163576 77339.3 41622.7 138797 573538 132373 426488 323021 318254 498351 571910 114021 355818 348015 139128 330947 390929 156091 147650 171036 96244.1 247190
log_desv_Rt
 0.103751 -0.595247 -0.325733 0.0823927 -0.0729477 0.328347 -0.511579 -1.16004 -1.2778 -0.977517 -0.230494 -0.0525976 -0.801675 -1.42123 -0.216866 1.20195 -0.264255 0.905709 0.627842 0.612972 1.06143 1.1991 -0.413493 0.724542 0.70237 -0.214484 0.652082 0.818649 -0.0994344 -0.155032 -0.00800258 -0.582989 0.360279
SSB
 2.7307e+06 1.83264e+06 894607 530242 634992 753507 930356 584103 545398 386753 268288 465265 505885 282731 97604.7 388479 1.30533e+06 1.29606e+06 1.32902e+06 872060 1.08209e+06 1.656e+06 1.58348e+06 1.26728e+06 1.76663e+06 1.58059e+06 1.30592e+06 1.41471e+06 2.079e+06 1.5522e+06 1.15418e+06 1.17287e+06 731383
BT
 3.74914e+06 2.53116e+06 1.2989e+06 1.24945e+06 1.16212e+06 1.98015e+06 1.46653e+06 1.19824e+06 1.02378e+06 780001 799931 1.09484e+06 943821 679867 1.0566e+06 2.21066e+06 2.12548e+06 3.36227e+06 2.91843e+06 1.97634e+06 3.7885e+06 3.50746e+06 2.50776e+06 4.10687e+06 3.1164e+06 2.73566e+06 3.86959e+06 3.78051e+06 2.95865e+06 2.65221e+06 2.23702e+06 1.98621e+06 2.14774e+06
Ftot
 0.166225 0.302055 0.294068 0.464102 0.140055 0.302027 0.600857 0.0942356 0.367255 0.468158 0.119223 0.481549 0.509516 1.47557 0.651187 0.47766 0.215813 0.378742 0.648167 0.566759 0.38116 0.436409 0.233239 0.24257 0.212627 0.158341 0.219489 0.186881 0.134012 0.165919 0.284295 0.150423 0.300128
BD_Bspro_t
 0.973979 0.826403 0.655966 0.585355 0.601434 0.683098 0.658376 0.505876 0.57822 0.539452 0.518065 0.721641 0.612377 0.414524 0.210999 0.502798 0.67485 0.64797 0.602799 0.477533 0.486253 0.578002 0.594134 0.581005 0.687974 0.714171 0.719252 0.754358 0.807357 0.763293 0.726445 0.71374 0.707892
BD_Bspro
 2.19845 1.47543 0.720236 0.426891 0.511224 0.606638 0.749018 0.470254 0.439093 0.311369 0.215995 0.374579 0.407282 0.227623 0.0785803 0.31276 1.0509 1.04344 1.06998 0.702084 0.871179 1.33322 1.27484 1.02027 1.42229 1.27251 1.05138 1.13896 1.67377 1.24966 0.929216 0.944262 0.588827
BD_Bo
 2.4473 1.64244 0.801762 0.475212 0.569091 0.675306 0.833802 0.523483 0.488796 0.346614 0.240445 0.416979 0.453383 0.253389 0.087475 0.348162 1.16986 1.16155 1.19109 0.781555 0.969791 1.48413 1.41914 1.13576 1.58328 1.41655 1.17039 1.26789 1.86323 1.39111 1.0344 1.05115 0.655479
BD_Brms
 2.62021 1.75849 0.858411 0.508788 0.6093 0.723019 0.892714 0.56047 0.523331 0.371104 0.257433 0.446441 0.485417 0.271292 0.0936555 0.372761 1.25251 1.24362 1.27525 0.836776 1.03831 1.58899 1.51941 1.216 1.69515 1.51664 1.25308 1.35747 1.99488 1.4894 1.10748 1.12541 0.701791
Sel_flota
 0.454575 0.940601 0.996687 0.999825 0.999991
 0.454575 0.940601 0.996687 0.999825 0.999991
 0.454575 0.940601 0.996687 0.999825 0.999991
 0.454575 0.940601 0.996687 0.999825 0.999991
 0.454575 0.940601 0.996687 0.999825 0.999991
 0.454575 0.940601 0.996687 0.999825 0.999991
 0.454575 0.940601 0.996687 0.999825 0.999991
 0.454575 0.940601 0.996687 0.999825 0.999991
 0.454575 0.940601 0.996687 0.999825 0.999991
 0.454575 0.940601 0.996687 0.999825 0.999991
 0.454575 0.940601 0.996687 0.999825 0.999991
 0.454575 0.940601 0.996687 0.999825 0.999991
 0.454575 0.940601 0.996687 0.999825 0.999991
 0.454575 0.940601 0.996687 0.999825 0.999991
 0.454575 0.940601 0.996687 0.999825 0.999991
 0.454575 0.940601 0.996687 0.999825 0.999991
 0.454575 0.940601 0.996687 0.999825 0.999991
 0.454575 0.940601 0.996687 0.999825 0.999991
 0.454575 0.940601 0.996687 0.999825 0.999991
 0.454575 0.940601 0.996687 0.999825 0.999991
 0.454575 0.940601 0.996687 0.999825 0.999991
 0.454575 0.940601 0.996687 0.999825 0.999991
 0.454575 0.940601 0.996687 0.999825 0.999991
 0.454575 0.940601 0.996687 0.999825 0.999991
 0.454575 0.940601 0.996687 0.999825 0.999991
 0.454575 0.940601 0.996687 0.999825 0.999991
 0.454575 0.940601 0.996687 0.999825 0.999991
 0.454575 0.940601 0.996687 0.999825 0.999991
 0.454575 0.940601 0.996687 0.999825 0.999991
 0.454575 0.940601 0.996687 0.999825 0.999991
 0.454575 0.940601 0.996687 0.999825 0.999991
 0.454575 0.940601 0.996687 0.999825 0.999991
 0.454575 0.940601 0.996687 0.999825 0.999991
Sel_reclas
 1 1 1 1 1
 1 1 1 1 1
 1 1 1 1 1
 1 1 1 1 1
 1 1 1 1 1
 1 1 1 1 1
 1 1 1 1 1
 1 1 1 1 1
 1 1 1 1 1
 1 1 1 1 1
 1 1 1 1 1
 1 1 1 1 1
 1 1 1 1 1
 1 1 1 1 1
 1 1 1 1 1
 1 1 1 1 1
 1 1 1 1 1
 1 1 1 1 1
 1 1 1 1 1
 1 1 1 1 1
 1 1 1 1 1
 1 1 1 1 1
 1 1 1 1 1
 1 1 1 1 1
 1 1 1 1 1
 1 1 1 1 1
 1 1 1 1 1
 1 1 1 1 1
 1 1 1 1 1
 1 1 1 1 1
 1 1 1 1 1
 1 1 1 1 1
 1 1 1 1 1
Sel_pelaces
 1 1 1 1 1
 1 1 1 1 1
 1 1 1 1 1
 1 1 1 1 1
 1 1 1 1 1
 1 1 1 1 1
 1 1 1 1 1
 1 1 1 1 1
 1 1 1 1 1
 1 1 1 1 1
 1 1 1 1 1
 1 1 1 1 1
 1 1 1 1 1
 1 1 1 1 1
 1 1 1 1 1
 1 1 1 1 1
 1 1 1 1 1
 1 1 1 1 1
 1 1 1 1 1
 1 1 1 1 1
 1 1 1 1 1
 1 1 1 1 1
 1 1 1 1 1
 1 1 1 1 1
 1 1 1 1 1
 1 1 1 1 1
 1 1 1 1 1
 1 1 1 1 1
 1 1 1 1 1
 1 1 1 1 1
 1 1 1 1 1
 1 1 1 1 1
 1 1 1 1 1
pf_obs 
 0.8446 0.082 0.0669 0.0065 0
 0.8095 0.147 0.0364 0.0071 0
 0.9664 0.0169 0.016 0.0007 0
 0.9276 0.0648 0.0075 0.0001 0
 0.7033 0.2144 0.0806 0.0017 0
 0.9318 0.0425 0.0243 0.0014 0
 0.5671 0.3108 0.0964 0.0239 0.0018
 0.0768 0.2599 0.5324 0.112 0.0189
 0.490249 0.384438 0.106611 0.0170017 0.00170017
 0.7925 0.1577 0.0466 0.003 0.0002
 0.840416 0.127587 0.0312969 0.00059994 9.999e-05
 0.8084 0.0986 0.0794 0.0134 0.0002
 0.7335 0.1905 0.0724 0.0035 0.0001
 0.4001 0.4547 0.1325 0.0127 0
 0.49795 0.308269 0.164784 0.0264974 0.00249975
 0.9179 0.0499 0.0305 0.0017 0
 0.2467 0.6533 0.0926 0.0074 0
 0.9418 0.0223 0.034 0.0019 0
 0.707729 0.231977 0.0356964 0.0245975 0
 0.517169 0.277429 0.184464 0.0207286 0.00020938
 0.811772 0.124168 0.05621 0.00726502 0.000585176
 0.764997 0.148141 0.077277 0.00933861 0.000247198
 0.163321 0.427699 0.378323 0.0303852 0.000271297
 0.753843 0.0900009 0.118128 0.0371064 0.000921714
 0.721811 0.176058 0.0630433 0.0369309 0.00215725
 0.143369 0.312575 0.442814 0.0836902 0.0175525
 0.692698 0.0596174 0.167031 0.0765114 0.00414204
 0.394062 0.376323 0.152708 0.0712218 0.00568511
 0.125707 0.32114 0.495352 0.0537591 0.00404204
 0.23352 0.215282 0.420074 0.123614 0.00750983
 0.796117 0.104755 0.0508955 0.0450114 0.00322123
 0.162477 0.292055 0.404252 0.121198 0.0200186
 0 0 0 0 0
pf_pred 
 0.349656 0.12896 0.493292 0.0280905 1.08108e-06
 0.286622 0.383681 0.0686265 0.247048 0.0140222
 0.495903 0.237287 0.148012 0.0247982 0.0940005
 0.62876 0.254806 0.0567525 0.0331626 0.0265185
 0.531874 0.372413 0.0671786 0.013937 0.0145979
 0.608886 0.274483 0.0939173 0.015958 0.00675569
 0.360491 0.49505 0.103362 0.0331169 0.00798011
 0.345188 0.375277 0.220084 0.0425883 0.016862
 0.405927 0.310199 0.16677 0.0922615 0.0248419
 0.582162 0.254004 0.0883797 0.0443961 0.0310574
 0.728331 0.207314 0.0402317 0.0130373 0.0110863
 0.60611 0.333756 0.0465362 0.00851091 0.00508641
 0.399047 0.468594 0.11337 0.0147083 0.00428031
 0.410429 0.360404 0.181565 0.0407965 0.00680512
 0.87089 0.0900492 0.0249169 0.0112202 0.00292332
 0.882888 0.110444 0.00476151 0.00121822 0.000688497
 0.270824 0.688898 0.0381364 0.00153056 0.000610457
 0.687755 0.136917 0.166201 0.00864339 0.000483572
 0.526839 0.395074 0.0355662 0.0403151 0.00220561
 0.58539 0.302767 0.0945955 0.00787417 0.00937339
 0.688219 0.240227 0.0533007 0.0154485 0.00280482
 0.618483 0.317302 0.0502495 0.0104125 0.00355246
 0.208013 0.62206 0.142975 0.021109 0.00584369
 0.631578 0.132106 0.188094 0.0405953 0.00762622
 0.541643 0.362011 0.0359758 0.0480852 0.0122847
 0.298827 0.500556 0.160548 0.0149941 0.0250751
 0.622876 0.177621 0.144875 0.0437469 0.0108812
 0.581532 0.326831 0.0446078 0.0341836 0.0128454
 0.303897 0.518132 0.140881 0.0180868 0.019004
 0.39305 0.287954 0.241035 0.0617559 0.0162049
 0.501312 0.28897 0.102715 0.0809184 0.026085
 0.37336 0.430736 0.116671 0.038877 0.0403557
 0.680029 0.177517 0.0997804 0.0254491 0.0172246
pobs_RECLAS
 0 0 0 0 0
 0 0 0 0 0
 0 0 0 0 0
 0 0 0 0 0
 0 0 0 0 0
 0 0 0 0 0
 0 0 0 0 0
 0 0 0 0 0
 0 0 0 0 0
 0 0 0 0 0
 0.991045 0.00858322 0.000360255 1.14367e-05 0
 0.934742 0.0480273 0.0164251 0.00080598 0
 0.827803 0.169806 0.00239088 0 0
 0.941827 0.0461693 0.0120037 0 0
 0.791401 0.0380133 0.147996 0.0225897 0
 0.846168 0.0940531 0.0597789 0 0
 0.134021 0.677848 0.182769 0.00536245 0
 0.80878 0.0450904 0.141981 0.00414843 0
 0.846168 0.0940531 0.0597789 0 0
 0.905697 0.0802665 0.012482 0.00150086 5.37128e-05
 0.989698 0.0102097 9.19794e-05 0 0
 0.975433 0.0193895 0.00387452 0.00125025 5.28907e-05
 0.303575 0.632131 0.0575291 0.00676475 0
 0.966965 0.00978017 0.0227588 0.000495775 0
 0.843318 0.132988 0.00938335 0.0141283 0.000182051
 0.564624 0.303363 0.111486 0.0197234 0.00080311
 0.826376 0.0876187 0.0782897 0.00655872 0.00115652
 0.89761 0.0855135 0.0140674 0.00269457 0.000114338
 0.34875 0.467042 0.161289 0.0227151 0.000203297
 0.318654 0.224769 0.449479 0.00709798 0
 0.937255 0.0296025 0.0250945 0.00804832 0
 0.456809 0.399803 0.12412 0.0192676 0
 0.883104 0.0372192 0.0704036 0.00927362 0
ppred_RECLAS
 0.540154 0.0955733 0.344705 0.0195666 7.5291e-07
 0.464576 0.296236 0.0499154 0.179108 0.0101643
 0.680632 0.155204 0.0912061 0.0152314 0.0577267
 0.785411 0.150148 0.0314646 0.0183251 0.0146511
 0.705335 0.237225 0.0403549 0.00834547 0.00873979
 0.768856 0.165099 0.053217 0.00901312 0.00381497
 0.550147 0.353117 0.0692829 0.022123 0.00532997
 0.528889 0.276775 0.153111 0.0295345 0.0116916
 0.597118 0.216543 0.10962 0.0604462 0.0162727
 0.751628 0.154663 0.05063 0.025349 0.0177298
 0.849705 0.116289 0.0212844 0.00687545 0.00584556
 0.767216 0.199069 0.0261113 0.00475959 0.002844
 0.588594 0.325088 0.0739707 0.0095647 0.00278297
 0.624012 0.236401 0.110685 0.0247707 0.00413103
 0.936552 0.0450978 0.0117206 0.00525987 0.00137016
 0.941349 0.0555015 0.00225105 0.000574015 0.000324357
 0.437759 0.532879 0.0278062 0.00111239 0.000443598
 0.827666 0.0781401 0.0893055 0.00462919 0.000258945
 0.707198 0.247027 0.020888 0.0235964 0.00129071
 0.753911 0.182687 0.0536539 0.00445116 0.00529771
 0.825159 0.136573 0.0285295 0.00824188 0.00149613
 0.776047 0.188146 0.0280401 0.00579122 0.00197546
 0.357432 0.511058 0.110708 0.0162925 0.00450956
 0.788418 0.0788086 0.10575 0.02275 0.00427309
 0.714295 0.228498 0.0214047 0.0285179 0.00728447
 0.474493 0.381445 0.115364 0.0107399 0.0179576
 0.780788 0.106529 0.0819007 0.0246517 0.00613057
 0.746031 0.200941 0.0258562 0.0197507 0.00742056
 0.47976 0.393016 0.100778 0.0128972 0.013549
 0.581971 0.204543 0.161439 0.0412305 0.0108172
 0.683776 0.187934 0.0629384 0.0494224 0.0159292
 0.55831 0.309239 0.0789858 0.0262358 0.0272291
 0.820829 0.102078 0.0540528 0.0137416 0.00929909
pobs_PELACES
 0 0 0 0 0
 0 0 0 0 0
 0 0 0 0 0
 0 0 0 0 0
 0 0 0 0 0
 0 0 0 0 0
 0 0 0 0 0
 0 0 0 0 0
 0 0 0 0 0
 0 0 0 0 0
 0 0 0 0 0
 0 0 0 0 0
 0 0 0 0 0
 0 0 0 0 0
 0 0 0 0 0
 0 0 0 0 0
 0.505614 0.472636 0.0217494 0 0
 0 0 0 0 0
 0.443492 0.261883 0.143347 0.151278 0
 0.227955 0.32914 0.350689 0.0885471 0.00366901
 0.970185 0.0296113 0.000203453 0 0
 0.997202 0.00247181 0.000326279 0 0
 0.445219 0.490057 0.0546422 0.010081 0
 0.90214 0.0892962 0.00764917 0.000914606 0
 0 0 0 0 0
 0.581667 0.319106 0.0959925 0.00289975 0.000334073
 0.762889 0.0836404 0.116647 0.0363945 0.000428098
 0.88444 0.0763242 0.0277011 0.0115352 0
 0.521256 0.241999 0.230069 0.00667565 0
 0.616807 0.101726 0.260614 0.0208532 0
 0.833518 0.0704572 0.0857862 0.0102388 0
 0.697417 0.212968 0.0787535 0.0105354 0.000325836
 0 0 0 0 0
ppred_PELACES
 0.547375 0.0943028 0.339078 0.0192439 7.40485e-07
 0.477295 0.289953 0.0485844 0.174278 0.00988999
 0.691408 0.150398 0.0879019 0.0146752 0.0556176
 0.798117 0.141632 0.0294262 0.0171297 0.013695
 0.710088 0.233518 0.0396216 0.00819263 0.00857965
 0.777631 0.159087 0.0509933 0.00863381 0.00365436
 0.574456 0.334845 0.0649712 0.0207333 0.00499499
 0.532834 0.274657 0.151674 0.0292546 0.0115808
 0.611967 0.209233 0.105202 0.057988 0.0156106
 0.76598 0.146214 0.0474514 0.023746 0.0166083
 0.852195 0.114421 0.0208963 0.00674924 0.00573822
 0.780947 0.187571 0.0243848 0.00444267 0.00265455
 0.608703 0.309813 0.0698334 0.00902497 0.00262586
 0.679929 0.2033 0.0926225 0.0206967 0.00345134
 0.942674 0.0408909 0.0104999 0.00470889 0.00122659
 0.945463 0.0516329 0.00207572 0.000529044 0.000298937
 0.446348 0.524848 0.027278 0.00109102 0.000435069
 0.836684 0.0743359 0.0843642 0.00437134 0.000244517
 0.728632 0.229384 0.0191649 0.0216354 0.0011834
 0.770864 0.170564 0.0495707 0.00411001 0.00489152
 0.834021 0.129854 0.0269352 0.00777822 0.00141193
 0.788194 0.178173 0.0263402 0.00543766 0.00185481
 0.366276 0.504473 0.108811 0.0160095 0.00443116
 0.795299 0.076463 0.102143 0.0219685 0.00412624
 0.721367 0.223024 0.0208098 0.0277192 0.00708038
 0.481032 0.377005 0.113687 0.010582 0.0176935
 0.787109 0.103677 0.0793846 0.0238889 0.00594081
 0.751807 0.196517 0.0251996 0.0192454 0.00723066
 0.48528 0.389085 0.0995229 0.0127348 0.0133782
 0.588815 0.201514 0.15856 0.0404884 0.0106224
 0.694018 0.182247 0.0607134 0.0476612 0.0153613
 0.564461 0.305193 0.0777357 0.0258166 0.0267937
 0.828145 0.0981473 0.0516837 0.0131352 0.00888861
pobs_pel_tallas
 0 0 0 0 0 0 0 0 0 0 0 0 0 0 0 0 0 0 0 0 0 0 0 0 0 0
 0 0 0 0 0 0 0 0 0 0 0 0 0 0 0 0 0 0 0 0 0 0 0 0 0 0
 0 0 0 0 0 0 0 0 0 0 0 0 0 0 0 0 0 0 0 0 0 0 0 0 0 0
 0 0 0 0 0 0 0 0 0 0 0 0 0 0 0 0 0 0 0 0 0 0 0 0 0 0
 0 0 0 0 0 0 0 0 0 0 0 0 0 0 0 0 0 0 0 0 0 0 0 0 0 0
 0 0 0 0 0 0 0 0 0 0 0 0 0 0 0 0 0 0 0 0 0 0 0 0 0 0
 0 0 0 0 0 0 0 0 0 0 0 0 0 0 0 0 0 0 0 0 0 0 0 0 0 0
 0 0 0 0 0 0 0 0 0 0 0 0 0 0 0 0 0 0 0 0 0 0 0 0 0 0
 0 0 0 0 0 0 0 0 0 0 0 0 0 0 0 0 0 0 0 0 0 0 0 0 0 0
 0 0 0 0 0 0 0 0 0 0 0 0 0 0 0 0 0 0 0 0 0 0 0 0 0 0
 0 0 0 0 0 0 0 0 0 0 0 0 0 0 0 0 0 0 0 0 0 0 0 0 0 0
 0 0 0 0 0 0 0 0 0 0 0 0 0 0 0 0 0 0 0 0 0 0 0 0 0 0
 0.00862536 0 0 0.000197151 0.00414017 0.0128641 0.00837892 0.0270097 0.101434 0.158115 0.152841 0.127902 0.109271 0.109419 0.0830992 0.0579132 0.0238553 0.00714673 0.00463305 0.00128148 0.00103504 0.000492878 0.000147863 0.000147863 4.92878e-05 0
 0 0 0 0 0 0 0 0 0 0 0 0 0 0 0 0 0 0 0 0 0 0 0 0 0 0
 0 0 0 0 0 0 0 0.0054083 0.00873648 0.0413646 0.0450493 0.0745869 0.0622846 0.0627006 0.0613931 0.0827291 0.12552 0.122667 0.0946155 0.0697135 0.0546179 0.0294188 0.0215738 0.0213955 0.0102223 0.00600262
 0 0 0 0 0.00359764 0.0251062 0.0480494 0.140153 0.205849 0.193036 0.1447 0.116669 0.0760912 0.0342217 0.00950174 0.001854 0.000860785 0 0 0 0.000165536 0 0.000143464 0 0 0
 0 0 0 0 0 0 0 0.000145254 0.000435761 0.0275982 0.070085 0.0708112 0.156366 0.174668 0.174014 0.160142 0.0824315 0.0480064 0.0283245 0.00493863 0.00203355 0 0 0 0 0
 0 0 0 0 0 0 0 0 0 0 0 0 0 0 0 0 0 0 0 0 0 0 0 0 0 0
 0 0 1.00437e-05 0.000401748 0.00122533 0.00171747 0.00176769 0.0269171 0.070346 0.194647 0.189555 0.159765 0.064822 0.0314167 0.0384472 0.0292271 0.0345202 0.0313363 0.0194345 0.0106764 0.0143323 0.0359363 0.0279516 0.0138201 0.00172751 0
 0 0.0021121 0.0136068 0.0755702 0.200478 0.177729 0.0527432 0.0373336 0.0318909 0.0142505 0.0149659 0.0166563 0.0217959 0.0798694 0.0677717 0.0528807 0.04013 0.0224614 0.0357745 0.0225083 0.00881397 0.00855152 0.00135912 0.000746735 0 0
 0 0 0 0 5.4009e-05 0.00500934 0.000945158 0.0243581 0.138947 0.33067 0.221406 0.137944 0.0707744 0.0437923 0.0131692 0.00525238 0.0047753 0.00276346 9.45158e-05 9.00151e-06 2.25038e-05 9.00151e-06 4.50075e-06 0 0 0
 0.000866109 0.00284123 0.00948549 0.0512746 0.133035 0.25785 0.225252 0.132002 0.0553304 0.0519788 0.0540692 0.017754 0.00435017 0.00159236 0.00146478 0.000404838 0.000125132 0.000115318 0.000107957 0.000100596 0 0 0 0 0 0
 0 0 0 0 0.00144013 0.00171154 0.00461396 0.0210425 0.0478622 0.0707936 0.0888783 0.103762 0.0637923 0.0337046 0.0602308 0.124433 0.169614 0.0934646 0.0462172 0.0250306 0.0313229 0.00938855 0.002487 0.000210481 0 0
 0 0.00764035 0.051015 0.0998891 0.058973 0.0496711 0.0374665 0.0718981 0.12319 0.153886 0.159021 0.0857701 0.0377988 0.023471 0.0147837 0.00900784 0.00315554 0.000888139 0.00291439 0.00214683 0.00393193 0.00274676 0.000635225 9.99891e-05 0 0
 0 0 0 0 0 0 0 0 0 0 0 0 0 0 0 0 0 0 0 0 0 0 0 0 0 0
 0 0 0 0 0 0 0 0 0 0 0 0 0 0 0 0 0 0 0 0 0 0 0 0 0 0
 0 0 0 0 0 0 0 0 0 0 0 0 0 0 0 0 0 0 0 0 0 0 0 0 0 0
 0 0 0 0 0 0 0 0 0 0 0 0 0 0 0 0 0 0 0 0 0 0 0 0 0 0
 0 0 0 0 0 0 0 0 0 0 0 0 0 0 0 0 0 0 0 0 0 0 0 0 0 0
 0 0 0 0 0 0 0 0 0 0 0 0 0 0 0 0 0 0 0 0 0 0 0 0 0 0
 0 0 0 0 0 0 0 0 0 0 0 0 0 0 0 0 0 0 0 0 0 0 0 0 0 0
 0 0 0 0 0 0 0 0 0 0 0 0 0 0 0 0 0 0 0 0 0 0 0 0 0 0
 0 0 0 0 0 0 0 0 0 0 0 0 0 0 0 0 0 0 0 0 0 0 0 0 0 0
ppred_pel_tallas
 1.1174e-16 4.50865e-05 0.000438257 0.00291237 0.0132392 0.0411922 0.0877647 0.128097 0.128107 0.0878119 0.041352 0.0137071 0.00411103 0.00313542 0.00540284 0.00947286 0.0150634 0.0218946 0.0295994 0.0378299 0.0461468 0.0537095 0.0591402 0.0609011 0.0580544 0.0508718
 1.20628e-16 3.93142e-05 0.000382148 0.00253951 0.0115443 0.0359186 0.0765294 0.111703 0.111731 0.0766664 0.0363787 0.0128742 0.00588218 0.00769478 0.0139762 0.0231811 0.0337412 0.0432429 0.049335 0.0511415 0.0498616 0.0479363 0.0473961 0.0486573 0.0505214 0.0511264
 1.13459e-16 5.69504e-05 0.000553578 0.00367872 0.0167229 0.0520313 0.110859 0.161805 0.161819 0.11093 0.0522716 0.0174185 0.00543059 0.00439767 0.00741639 0.0123271 0.0181261 0.0235988 0.0275591 0.0295119 0.0299333 0.0298619 0.030128 0.0308435 0.0314659 0.0312529
 1.04921e-16 6.57399e-05 0.000639015 0.00424648 0.0193039 0.0600616 0.127968 0.186776 0.18679 0.128035 0.060286 0.0199524 0.00587544 0.00419898 0.00683866 0.011234 0.0162562 0.0206188 0.0230673 0.0230503 0.0210509 0.0182443 0.0157582 0.0141102 0.0131553 0.0124173
 1.03477e-16 5.8489e-05 0.000568534 0.00377811 0.0171748 0.0534372 0.113854 0.166178 0.166201 0.113964 0.0538067 0.0182422 0.0064581 0.00642093 0.0111791 0.0184042 0.0265431 0.0334578 0.0370086 0.0362118 0.0318171 0.0257798 0.0200697 0.0157458 0.0128342 0.0108057
 1.02997e-16 6.40525e-05 0.000622613 0.00413748 0.0188084 0.05852 0.124684 0.181983 0.181998 0.124759 0.0587725 0.0195384 0.00597197 0.00463463 0.00770503 0.0126926 0.0184085 0.023422 0.0263111 0.0264089 0.0241691 0.0207994 0.0174755 0.0147687 0.0126244 0.0107217
 1.04886e-16 4.73172e-05 0.00045994 0.00305647 0.0138943 0.0432304 0.0921081 0.134441 0.134474 0.092266 0.0437606 0.0154259 0.00690268 0.0088614 0.0160185 0.0264471 0.0381886 0.0482252 0.0535076 0.0526283 0.0466394 0.0382911 0.0303314 0.0242041 0.0199044 0.0166864
 1.09341e-16 4.38889e-05 0.000426616 0.00283501 0.0128876 0.0400982 0.0854343 0.124699 0.124726 0.0855647 0.0405363 0.0141554 0.00602646 0.0074231 0.0134183 0.0223408 0.0327101 0.0422485 0.0486344 0.0507633 0.0493058 0.0460373 0.0425309 0.0393053 0.0359568 0.0318915
 1.11547e-16 5.04069e-05 0.000489973 0.00325605 0.0148015 0.0460532 0.0981219 0.143216 0.143236 0.0982211 0.0463869 0.0157673 0.00568729 0.00582062 0.0102433 0.017038 0.0249759 0.0323442 0.0374357 0.0394993 0.0391455 0.0377939 0.0366195 0.0358603 0.0349229 0.0330131
 1.06599e-16 6.30928e-05 0.000613284 0.00407549 0.0185266 0.0576432 0.122815 0.179256 0.17927 0.122885 0.0578755 0.0191982 0.00576394 0.00430799 0.0071064 0.0117191 0.0170454 0.0218027 0.0247367 0.0252977 0.0239605 0.0218575 0.0200244 0.0188549 0.0180925 0.0172094
 1.02281e-16 7.01942e-05 0.000682313 0.00453421 0.0206119 0.0641312 0.136639 0.199431 0.199442 0.136693 0.0643123 0.0211352 0.00584823 0.00355246 0.00552599 0.00903755 0.0130437 0.0164714 0.0182797 0.0179959 0.015992 0.0132217 0.0106334 0.0087175 0.00745227 0.00654735
 1.01647e-16 6.43256e-05 0.000625268 0.00415513 0.0188886 0.0587696 0.125215 0.182759 0.182777 0.125304 0.0590661 0.019745 0.00630471 0.00531721 0.00897332 0.014728 0.0211981 0.0266319 0.0292875 0.02836 0.0244551 0.0191728 0.0141501 0.0103061 0.00772452 0.00602058
 1.03444e-16 5.01381e-05 0.00048736 0.00323868 0.0147226 0.0458076 0.0975991 0.142455 0.142485 0.0977452 0.0462984 0.0161405 0.00679977 0.00826744 0.014844 0.0245075 0.035407 0.0447471 0.0496982 0.0489326 0.0433794 0.03553 0.0278886 0.0217966 0.0173134 0.0138587
 1.05385e-16 5.60049e-05 0.000544388 0.00361765 0.0164453 0.0511676 0.109019 0.15912 0.15914 0.109115 0.0514912 0.0173815 0.00597258 0.00570197 0.00990037 0.0164073 0.0239309 0.0307242 0.0350281 0.0360099 0.0341979 0.0309954 0.0276994 0.0248295 0.0221791 0.019326
 1.00994e-16 7.76468e-05 0.000754754 0.00501561 0.0228002 0.07094 0.151145 0.220602 0.220606 0.151165 0.0710049 0.0229876 0.00548645 0.00178407 0.00203685 0.00325597 0.00471026 0.00598192 0.00670308 0.00670783 0.00612373 0.00527501 0.00447471 0.00387025 0.0034339 0.00305761
 1.00177e-16 7.78766e-05 0.000756988 0.00503045 0.0228677 0.07115 0.151593 0.221255 0.22126 0.151617 0.0712314 0.0231029 0.00562043 0.00204354 0.00251722 0.00402757 0.00576932 0.00720234 0.00783477 0.00744203 0.00619951 0.00457017 0.00303701 0.00188526 0.00115824 0.000750732
 1.01105e-16 3.67652e-05 0.000357371 0.00237486 0.0107958 0.0335899 0.0715688 0.104467 0.104518 0.0718155 0.0344182 0.0131872 0.00837366 0.0134398 0.0248444 0.0409135 0.0586953 0.0733056 0.0797868 0.0758439 0.0632318 0.0466203 0.0308894 0.0189338 0.0112271 0.0067651
 1.02934e-16 6.89166e-05 0.000669894 0.00445168 0.0202367 0.0629639 0.134151 0.1958 0.195807 0.134187 0.0630838 0.0205846 0.00533039 0.00260622 0.0037992 0.00630913 0.00940039 0.0124814 0.0149726 0.0165639 0.017322 0.0175039 0.0172588 0.0165022 0.0150564 0.0128889
 1.02982e-16 6.00165e-05 0.000583382 0.00387678 0.0176233 0.0548327 0.116828 0.170518 0.17054 0.116936 0.0551951 0.0186699 0.00650315 0.00631462 0.0109387 0.017974 0.0258543 0.0324518 0.0356489 0.0344901 0.0297622 0.0234733 0.0176541 0.0134077 0.0107561 0.0091083
 1.02715e-16 6.34951e-05 0.000617195 0.00410148 0.0186447 0.0580108 0.123599 0.180399 0.180416 0.123679 0.0582813 0.0194266 0.00606606 0.00491213 0.00823855 0.0135668 0.0196471 0.0249345 0.0278895 0.0277879 0.0251222 0.0212143 0.0173715 0.0142613 0.0118715 0.00987803
 1.0183e-16 6.86972e-05 0.000667762 0.00443751 0.0201723 0.0627635 0.133725 0.195178 0.19519 0.133786 0.0629692 0.0207664 0.00592965 0.00392748 0.00626648 0.0102694 0.0148299 0.0187397 0.0208144 0.0205064 0.0182179 0.0150057 0.0119247 0.0095276 0.00781345 0.00650263
 1.01665e-16 6.49226e-05 0.000631071 0.00419369 0.0190639 0.059315 0.126377 0.184455 0.184472 0.126461 0.0595967 0.0198778 0.00623678 0.0050914 0.0085366 0.0140117 0.0201819 0.0253865 0.0279768 0.0271894 0.0235923 0.0186885 0.0140089 0.0104031 0.00793758 0.00624933
 1.05625e-16 3.01697e-05 0.000293261 0.00194882 0.0088591 0.0275642 0.0587302 0.0857287 0.0857774 0.0589681 0.0283631 0.0111674 0.00774578 0.0129571 0.0241074 0.0398748 0.0575955 0.0727522 0.080736 0.0793879 0.0702348 0.0573583 0.0448655 0.034961 0.0277439 0.0222493
 1.05869e-16 6.55078e-05 0.000636759 0.00423149 0.0192357 0.0598495 0.127516 0.186115 0.186122 0.127553 0.0599736 0.0195958 0.00514265 0.0026498 0.00395904 0.00662575 0.00996968 0.0134416 0.0165071 0.0188942 0.0206738 0.0220412 0.0230036 0.0232762 0.0224787 0.020442
 1.04636e-16 5.94181e-05 0.000577565 0.00383812 0.0174476 0.054286 0.115663 0.168818 0.168839 0.115768 0.0546385 0.0184656 0.00639339 0.00615502 0.0106504 0.0175106 0.0252174 0.0317203 0.0349857 0.0341125 0.0298863 0.0242599 0.019176 0.0156394 0.0135769 0.0123161
 1.07433e-16 3.96221e-05 0.000385141 0.0025594 0.0116347 0.0362 0.0771292 0.11258 0.112616 0.0773073 0.0367981 0.0133636 0.00690379 0.00988422 0.0181248 0.0300179 0.0435103 0.0552842 0.0619633 0.0619663 0.0563917 0.0481534 0.0401097 0.0336826 0.0287783 0.0246161
 1.05719e-16 6.48331e-05 0.000630201 0.00418791 0.0190376 0.0592332 0.126203 0.184199 0.184209 0.126252 0.0593994 0.0195191 0.00540178 0.00329774 0.005183 0.00860267 0.0127077 0.0166584 0.0196344 0.0212511 0.0217346 0.0216474 0.0214044 0.0209964 0.0201058 0.0184389
 1.03932e-16 6.19254e-05 0.000601937 0.00400008 0.0181838 0.0565767 0.120543 0.17594 0.175959 0.120636 0.0568875 0.0190815 0.00625367 0.00552221 0.00940871 0.0154635 0.0222893 0.0280782 0.0310399 0.030372 0.0267448 0.0218458 0.0173548 0.0141425 0.0121589 0.0108532
 1.06513e-16 3.99719e-05 0.000388541 0.002582 0.0117374 0.0365196 0.0778103 0.113574 0.113612 0.0779939 0.0371363 0.0135197 0.00705915 0.0101735 0.0186565 0.0308662 0.0446618 0.0565852 0.063121 0.0626284 0.056274 0.0471458 0.0383067 0.0313335 0.0261939 0.0220807
 1.10486e-16 4.84999e-05 0.000471437 0.00313286 0.0142416 0.0443109 0.0944097 0.137798 0.137817 0.0945058 0.044634 0.0151777 0.00549314 0.00565875 0.0100026 0.0167285 0.0247241 0.0324182 0.0382147 0.0413519 0.0422469 0.04197 0.0413144 0.040273 0.0382679 0.034788
 1.09179e-16 5.71654e-05 0.000555668 0.00369261 0.0167861 0.0522278 0.111277 0.162416 0.162434 0.111364 0.0525175 0.0176238 0.00579909 0.0051667 0.00885211 0.0146454 0.021337 0.0273666 0.0311988 0.0321749 0.0308992 0.0287667 0.0270122 0.0260339 0.0254065 0.0243888
 1.09445e-16 4.6494e-05 0.000451938 0.00300329 0.0136525 0.0424783 0.0905055 0.132102 0.132131 0.0906496 0.0429622 0.0150512 0.00651735 0.00813405 0.0146687 0.0242636 0.0351563 0.0446596 0.0500714 0.0501754 0.0459539 0.0398617 0.0342624 0.0302572 0.0275972 0.0253875
 1.04339e-16 6.82132e-05 0.000663057 0.00440625 0.0200302 0.0623213 0.132783 0.193802 0.193812 0.132829 0.0624779 0.0204831 0.00554631 0.00316222 0.00484527 0.00798307 0.0116837 0.0150954 0.0173946 0.0182026 0.0177814 0.0167868 0.0157907 0.0149635 0.0141169 0.0129723
pSPR Fmed_Fpbrs
1   0.984008 0.6 0.325 0.984008 0.984008 0.984008
Fs Fmed_Fpbrs
0   0.01 0.363167 0.943237 0.01 0.01 0.01
SSBpbr Bo_Bmed_Bpbrs
1.1158e+06  1.06001e+06  1.04217e+06 613690 306845 1.04217e+06 1.04217e+06 1.04217e+06
Ro
172410
SPR SPRFo_SPRFmed_SPRFpbrs
1.2421e+06 1.2421e+06 1.22224e+06
Fref
0
Nvult_r0
 167851 23893.6 12841 3267.2 2211.05
CTP_r0
 20150.8 5260.22 2956.72 754.115 510.406
YTP_r0
356507
Np
 247190 90935.9 33453.5 12306.8 6192.98
Nvult_p0
 156254 57482.5 21146.6 7779.41 3914.71
CTP_p0
 0 0 0 0 0
 0 0 0 0 0
 0 0 0 0 0
 0 0 0 0 0
 0 0 0 0 0
 0 0 0 0 0
YTP_p0
 0 0 0 0 0 0
CBA_c0
0
log_Ro
11.8776
likeval ReclasPelacesDesembMPH_pf_preclas_ppelaces_ptallas_desvR_qrecl_qpela
 19.6141 0.000256108 0.0846444 64.2878 239.126 137.098 109.859 0 22.2998 1.95447e-07 7.41071e-07 0.365392 2064.99 0 0
q_reclas_q_pelaces
0.939393 1.12946
M
1
N
 191259 35235.7 127679 7249.38 0.278954
 95071.6 65239.5 11086.3 39799 2258.63
 124480 30487.7 18064.6 3018.18 11439.1
 187217 40063.6 8505.58 4957.29 3963.56
 160281 55773.6 9525.12 1970.25 2063.36
 239421 55327.1 17985.5 3047.56 1289.97
 103368 76778.8 15320.3 4896.58 1179.77
 54046 28938.2 16050.9 3096.61 1225.85
 48042.1 19048.7 9742.76 5375.43 1447.16
 64868.3 14956.3 4960.76 2485.53 1738.52
 136918 19289.2 3542.32 1144.48 973.057
 163576 47712.2 6343.34 1157.14 691.455
 77339.3 48345.8 11158.9 1444.05 420.182
 41622.7 22569.3 11013.6 2470.48 412.056
 138797 7829.41 2072.31 930.943 242.518
 573538 37977.6 1561.08 398.373 225.116
 132373 169812 8914.77 356.758 142.27
 426488 44146.7 50993.5 2644.84 147.95
 323021 132081 11373.3 12861.1 703.536
 318254 88506.7 26410.3 2192.96 2610.16
 498351 90487.7 19105.6 5522.72 1002.56
 571910 154167 23259.1 4807.06 1639.81
 114021 172535 37620.6 5538.54 1533.03
 355818 37726.4 50968.9 10969.1 2060.35
 348015 117232 11047.4 14723.6 3760.99
 139128 116232 35309.6 3287.98 5497.75
 330947 47627.7 36842.6 11093.3 2758.81
 390929 110188 14252.9 10890.5 4091.77
 156091 132102 34001.5 4352.29 4572.28
 147650 54029.1 42842.1 10944.5 2871.42
 171036 50371.3 17004.2 13358.5 4305.64
 96244.1 55292.7 14182.6 4711.98 4890.43
 247190 33066.1 17657.4 4491.06 3039.23
pred_Ctot
 8853.27 3265.27 12490.1 711.25 0.027373
 7797.17 10437.6 1866.9 6720.63 381.457
 9953.83 4762.86 2970.91 497.753 1886.79
 22899.5 9280.04 2066.93 1207.78 965.806
 6282 4398.59 793.451 164.61 172.417
 19634.1 8850.98 3028.46 514.583 217.844
 15968 21928.3 4578.45 1466.92 353.48
 1437.6 1562.91 916.584 177.367 70.225
 4733.29 3617.06 1944.62 1075.81 289.668
 7997.78 3489.53 1214.16 609.916 426.668
 4586.04 1305.38 253.325 82.0913 69.8063
 20694 11395.2 1588.85 290.582 173.662
 10299.9 12095 2926.22 379.637 110.48
 13567 11913.4 6001.72 1348.55 224.947
 23027.4 2381.01 658.833 296.676 77.2961
 72023.4 9009.66 388.43 99.3788 56.1655
 7881.99 20049.5 1109.91 44.5449 17.7666
 43242.2 8608.59 10449.8 543.449 30.4044
 53371.9 40023.3 3603.06 4084.16 223.441
 46659.3 24132.4 7539.86 627.621 747.119
 50828.4 17742 3936.52 1140.95 207.15
 66112.7 33918 5371.41 1113.04 379.74
 7313.68 21871.5 5026.96 742.187 205.463
 23695.2 4956.28 7056.82 1523.03 286.117
 20428.5 13653.5 1356.85 1813.57 463.328
 6143.76 10291.2 3300.81 308.273 515.535
 20027.8 5711.19 4658.28 1406.63 349.871
 20266.1 11389.9 1554.56 1191.28 447.655
 5860.48 9991.89 2716.8 348.794 366.482
 6822.43 4998.2 4183.81 1071.94 281.28
 13246 7635.39 2714.01 2138.09 689.237
 4043.52 4664.92 1263.56 421.042 437.056
 20150.8 5260.22 2956.72 754.115 510.406
F
 0.0755618 0.156352 0.165675 0.166196 0.166224
 0.137306 0.284113 0.301054 0.302002 0.302052
 0.133676 0.276601 0.293094 0.294017 0.294065
 0.210969 0.436535 0.462565 0.464021 0.464098
 0.0636655 0.131736 0.139591 0.140031 0.140054
 0.137294 0.284087 0.301027 0.301974 0.302025
 0.273135 0.565167 0.598867 0.600752 0.600852
 0.0428371 0.0886381 0.0939234 0.0942191 0.0942347
 0.166945 0.34544 0.366038 0.36719 0.367251
 0.212813 0.440349 0.466607 0.468076 0.468153
 0.0541959 0.112141 0.118828 0.119202 0.119222
 0.2189 0.452945 0.479954 0.481465 0.481544
 0.231613 0.479251 0.507828 0.509426 0.509511
 0.670758 1.38793 1.47069 1.47532 1.47556
 0.296013 0.612507 0.64903 0.651073 0.651181
 0.217132 0.449288 0.476078 0.477577 0.477656
 0.0981031 0.202994 0.215098 0.215775 0.215811
 0.172167 0.356245 0.377488 0.378676 0.378739
 0.29464 0.609666 0.64602 0.648053 0.648161
 0.257634 0.533094 0.564882 0.56666 0.566754
 0.173266 0.35852 0.379898 0.381094 0.381157
 0.198381 0.410487 0.434963 0.436333 0.436405
 0.106024 0.219384 0.232466 0.233198 0.233236
 0.110266 0.228162 0.241767 0.242528 0.242568
 0.0966549 0.199997 0.211923 0.21259 0.212625
 0.0719779 0.148936 0.157817 0.158313 0.15834
 0.0997742 0.206452 0.218762 0.219451 0.219487
 0.0849515 0.175781 0.186262 0.186848 0.186879
 0.0609186 0.126052 0.133568 0.133989 0.134011
 0.0754224 0.156063 0.165369 0.16589 0.165917
 0.129233 0.267408 0.283353 0.284245 0.284292
 0.0683785 0.141488 0.149925 0.150397 0.150422
 0.136431 0.282301 0.299134 0.300076 0.300125
YTP_r0W_actual
 151937 91790.9 71168.3 23618.9 17991.8
YTP_p0W_proyectada
 0 0 0 0 0
 0 0 0 0 0
 0 0 0 0 0
 0 0 0 0 0
 0 0 0 0 0
 0 0 0 0 0
CTP_r0_actual
 20150.8 5260.22 2956.72 754.115 510.406
CTP_p0_proyectada
 0 0 0 0 0
 0 0 0 0 0
 0 0 0 0 0
 0 0 0 0 0
 0 0 0 0 0
 0 0 0 0 0
Wmedp
 7.54 17.45 24.07 31.32 35.25
Frms_r0
 0.136431 0.282301 0.299134 0.300076 0.300125
Zrms_r0
 1.13643 1.2823 1.29913 1.30008 1.30013
nmprior
 7.29 8.9 8.7 0
nm_flota  nm_reclas  nm_pelaces    nm_pelaL
inf 11.7447 16.5833 50.9965
cv_recla  cv_pelaces  cv_mph
0.383544 0.584361 0.642867
 ------------------------------------------------
Talla a la edad & desviaci?n 
 8 13.2811 15.8009 17.003 17.5766
 0.8 1.32811 1.58009 1.7003 1.75766
