years
 1991 1992 1993 1994 1995 1996 1997 1998 1999 2000 2001 2002 2003 2004 2005 2006 2007 2008 2009 2010 2011 2012 2013 2014 2015 2016 2017 2018 2019 2020 2021 2022 2023
reclasobs
 0 0 0 0 0 0 0 0 0 252601 567819 844713 477998 351125 339783 2.1784e+06 2.13404e+06 4.81314e+06 1.55562e+06 2.62356e+06 3.21686e+06 3.843e+06 1.13348e+06 3.07943e+06 1.97215e+06 2.03268e+06 2.025e+06 2.42433e+06 2.27542e+06 1.05018e+06 2.36338e+06 3.18982e+06 1.53035e+06
reclaspred
 8.05411e+06 2.22061e+06 1.11624e+06 902762 245435 2.91656e+06 1.70149e+06 714038 757008 246904 395572 1.28981e+06 1.25301e+06 278286 681019 2.31826e+06 2.11364e+06 3.18997e+06 2.15962e+06 1.72926e+06 3.47557e+06 3.02509e+06 1.69446e+06 2.55655e+06 2.24783e+06 1.7888e+06 2.11539e+06 2.75838e+06 2.44926e+06 2.006e+06 1.59315e+06 1.14652e+06 882084
pelacesobs
 0 0 0 0 0 0 0 0 0 0 0 0 0 0 0 552880 188675 0 991730 2.46772e+06 1.41603e+06 1.21717e+06 2.29649e+06 1.80582e+06 0 1.4828e+06 1.56532e+06 1.57751e+06 1.42118e+06 867257 1.10002e+06 1.06204e+06 0
pelacespred
 5.75816e+06 1.38289e+06 489231 289470 83888.8 1.44291e+06 736251 452225 345901 75388.1 186378 533992 581478 77371.1 300191 949651 979184 1.49486e+06 881173 611123 1.53645e+06 1.2922e+06 767420 1.32004e+06 1.0953e+06 894855 1.20632e+06 1.45708e+06 1.28757e+06 1.1509e+06 715162 542131 342117
mphobs
 0 0 0 0 0 0 0 0 0 0 0 0 498337 0 5186 125008 0 168611 109162 213762 579715 649985 157893 87575 83554 210694 70296 0 107559 103333 445601 22526 28222
mphpred
 1.33292e+06 531643 91612.9 143314 52289.7 15889.7 419770 107040 48674.5 60067.3 11757.7 59649.5 172532 66277.3 9799.03 70920.1 343918 176627 280783 302908 424755 626035 138145 56827.2 148246 126809 73940.2 120289 212446 115910 94025.8 78901.1 27026.8
desembarqueobs
 494567 514787 250237 358949 120608 361735 552515 73892 212993 205616 52469 317467 293654 387597 252695 516296 358380 742168 942051 627588 828172 859565 418607 520667 417249 300574 415391 372974 316634 284311 391294 218835 356480
desembarquepred
 494508 514463 249925 358699 120538 361558 551943 73873.7 212837 205429 52456.4 317208 293449 386925 252408 515777 358148 741335 939999 626506 827580 858600 418295 520285 416800 300365 415029 372665 316287 283913 390888 218739 356253
Reclutas
 26116.3 18859.9 179627 41027 13998.4 278316 19246.6 6330.38 42381.1 21191.8 39190.9 154052 69671 41880.8 63325.5 295264 29299.5 296560 219439 211955 252663 337664 26669.1 148343 153917 33711.4 127379 146324 40726.9 92515.6 70842.7 19486.7 81652.4
log_desv_Rt
 -0.95576 -1.28128 0.972567 -0.504089 -1.57938 1.41044 -1.26098 -2.37296 -0.471616 -1.1647 -0.549875 0.818972 0.0254661 -0.48349 -0.0700299 1.46955 -0.840748 1.47393 1.17276 1.13806 1.31374 1.60373 -0.934813 0.781209 0.818094 -0.700483 0.628851 0.767508 -0.511431 0.309059 0.0421438 -1.24859 0.184153
SSB
 1.45606e+06 580757 100076 156554 57120.4 17357.6 458550 116929 53171.1 65616.5 12843.9 65160 176785 68623.6 10109.4 74197.1 375690 192944 325368 158857 230254 367149 342417 131481 307227 287227 153777 235251 436507 218811 219592 190953 59536.4
BT
 1.87035e+06 881864 429886 368898 128502 1.24734e+06 723768 209180 384186 219240 154084 571005 520439 425577 440254 990613 622583 1.49169e+06 1.33361e+06 818779 1.56547e+06 1.3816e+06 619351 1.25209e+06 849476 587542 1.09238e+06 1.08502e+06 690151 780695 653191 377254 508180
Ftot
 0.354532 1.2161 1.22012 1.79633 2.1412 0.712657 1.4768 0.5766 1.49964 3.11401 0.750975 1.31451 1.18787 4.50654 1.94755 1.21882 0.857927 1.25579 2.04295 1.82065 1.25569 1.44434 1.20437 1.12036 0.976052 0.868861 1.07411 0.747123 0.673824 0.782453 1.2649 0.974358 2.02701
BD_Bspro_t
 0.94525 0.587687 0.200885 0.283468 0.103981 0.0459788 0.453032 0.160716 0.113773 0.151385 0.0489887 0.279673 0.34041 0.135261 0.0257703 0.160416 0.363899 0.219046 0.264977 0.139966 0.157979 0.220606 0.222887 0.116526 0.260622 0.290923 0.2191 0.328216 0.450448 0.307372 0.327456 0.270026 0.157728
BD_Bspro
 2.97572 1.18688 0.204524 0.319947 0.116736 0.0354735 0.93713 0.238965 0.108665 0.134099 0.0262488 0.133166 0.361292 0.140245 0.0206605 0.151635 0.76779 0.394317 0.664949 0.324654 0.470567 0.750335 0.699791 0.268706 0.627875 0.587001 0.314272 0.480779 0.892082 0.44718 0.448776 0.390248 0.121673
BD_Bo
 5.92596 2.36361 0.407298 0.637155 0.232473 0.0706433 1.86624 0.475884 0.2164 0.267051 0.0522729 0.265193 0.719491 0.279289 0.0411441 0.301972 1.52901 0.785258 1.32421 0.646529 0.937105 1.49425 1.39359 0.535111 1.25037 1.16898 0.625853 0.957442 1.77653 0.890532 0.89371 0.777155 0.242305
BD_Brms
 6.34835 2.53208 0.436329 0.68257 0.249043 0.0756786 1.99926 0.509804 0.231824 0.286086 0.0559988 0.284095 0.770775 0.299196 0.0440768 0.323496 1.63799 0.841229 1.41859 0.692612 1.0039 1.60075 1.49292 0.573252 1.3395 1.2523 0.670462 1.02569 1.90316 0.954007 0.957412 0.832549 0.259576
Sel_flota
 0.503201 0.950605 0.997273 0.999856 0.999992
 0.503201 0.950605 0.997273 0.999856 0.999992
 0.503201 0.950605 0.997273 0.999856 0.999992
 0.503201 0.950605 0.997273 0.999856 0.999992
 0.503201 0.950605 0.997273 0.999856 0.999992
 0.503201 0.950605 0.997273 0.999856 0.999992
 0.503201 0.950605 0.997273 0.999856 0.999992
 0.503201 0.950605 0.997273 0.999856 0.999992
 0.503201 0.950605 0.997273 0.999856 0.999992
 0.503201 0.950605 0.997273 0.999856 0.999992
 0.503201 0.950605 0.997273 0.999856 0.999992
 0.503201 0.950605 0.997273 0.999856 0.999992
 0.503201 0.950605 0.997273 0.999856 0.999992
 0.503201 0.950605 0.997273 0.999856 0.999992
 0.503201 0.950605 0.997273 0.999856 0.999992
 0.503201 0.950605 0.997273 0.999856 0.999992
 0.503201 0.950605 0.997273 0.999856 0.999992
 0.503201 0.950605 0.997273 0.999856 0.999992
 0.503201 0.950605 0.997273 0.999856 0.999992
 0.503201 0.950605 0.997273 0.999856 0.999992
 0.503201 0.950605 0.997273 0.999856 0.999992
 0.503201 0.950605 0.997273 0.999856 0.999992
 0.503201 0.950605 0.997273 0.999856 0.999992
 0.503201 0.950605 0.997273 0.999856 0.999992
 0.503201 0.950605 0.997273 0.999856 0.999992
 0.503201 0.950605 0.997273 0.999856 0.999992
 0.503201 0.950605 0.997273 0.999856 0.999992
 0.503201 0.950605 0.997273 0.999856 0.999992
 0.503201 0.950605 0.997273 0.999856 0.999992
 0.503201 0.950605 0.997273 0.999856 0.999992
 0.503201 0.950605 0.997273 0.999856 0.999992
 0.503201 0.950605 0.997273 0.999856 0.999992
 0.503201 0.950605 0.997273 0.999856 0.999992
Sel_reclas
 0.479668 0.822674 0.958929 0.991561 0.998312
 0.479668 0.822674 0.958929 0.991561 0.998312
 0.479668 0.822674 0.958929 0.991561 0.998312
 0.479668 0.822674 0.958929 0.991561 0.998312
 0.479668 0.822674 0.958929 0.991561 0.998312
 0.479668 0.822674 0.958929 0.991561 0.998312
 0.479668 0.822674 0.958929 0.991561 0.998312
 0.479668 0.822674 0.958929 0.991561 0.998312
 0.479668 0.822674 0.958929 0.991561 0.998312
 0.479668 0.822674 0.958929 0.991561 0.998312
 0.479668 0.822674 0.958929 0.991561 0.998312
 0.479668 0.822674 0.958929 0.991561 0.998312
 0.479668 0.822674 0.958929 0.991561 0.998312
 0.479668 0.822674 0.958929 0.991561 0.998312
 0.479668 0.822674 0.958929 0.991561 0.998312
 0.479668 0.822674 0.958929 0.991561 0.998312
 0.479668 0.822674 0.958929 0.991561 0.998312
 0.479668 0.822674 0.958929 0.991561 0.998312
 0.479668 0.822674 0.958929 0.991561 0.998312
 0.479668 0.822674 0.958929 0.991561 0.998312
 0.479668 0.822674 0.958929 0.991561 0.998312
 0.479668 0.822674 0.958929 0.991561 0.998312
 0.479668 0.822674 0.958929 0.991561 0.998312
 0.479668 0.822674 0.958929 0.991561 0.998312
 0.479668 0.822674 0.958929 0.991561 0.998312
 0.479668 0.822674 0.958929 0.991561 0.998312
 0.479668 0.822674 0.958929 0.991561 0.998312
 0.479668 0.822674 0.958929 0.991561 0.998312
 0.479668 0.822674 0.958929 0.991561 0.998312
 0.479668 0.822674 0.958929 0.991561 0.998312
 0.479668 0.822674 0.958929 0.991561 0.998312
 0.479668 0.822674 0.958929 0.991561 0.998312
 0.479668 0.822674 0.958929 0.991561 0.998312
Sel_pelaces
 0.33295 0.71526 0.926696 0.984525 0.996887
 0.33295 0.71526 0.926696 0.984525 0.996887
 0.33295 0.71526 0.926696 0.984525 0.996887
 0.33295 0.71526 0.926696 0.984525 0.996887
 0.33295 0.71526 0.926696 0.984525 0.996887
 0.33295 0.71526 0.926696 0.984525 0.996887
 0.33295 0.71526 0.926696 0.984525 0.996887
 0.33295 0.71526 0.926696 0.984525 0.996887
 0.33295 0.71526 0.926696 0.984525 0.996887
 0.33295 0.71526 0.926696 0.984525 0.996887
 0.33295 0.71526 0.926696 0.984525 0.996887
 0.33295 0.71526 0.926696 0.984525 0.996887
 0.33295 0.71526 0.926696 0.984525 0.996887
 0.33295 0.71526 0.926696 0.984525 0.996887
 0.33295 0.71526 0.926696 0.984525 0.996887
 0.33295 0.71526 0.926696 0.984525 0.996887
 0.33295 0.71526 0.926696 0.984525 0.996887
 0.33295 0.71526 0.926696 0.984525 0.996887
 0.33295 0.71526 0.926696 0.984525 0.996887
 0.33295 0.71526 0.926696 0.984525 0.996887
 0.33295 0.71526 0.926696 0.984525 0.996887
 0.33295 0.71526 0.926696 0.984525 0.996887
 0.33295 0.71526 0.926696 0.984525 0.996887
 0.33295 0.71526 0.926696 0.984525 0.996887
 0.33295 0.71526 0.926696 0.984525 0.996887
 0.33295 0.71526 0.926696 0.984525 0.996887
 0.33295 0.71526 0.926696 0.984525 0.996887
 0.33295 0.71526 0.926696 0.984525 0.996887
 0.33295 0.71526 0.926696 0.984525 0.996887
 0.33295 0.71526 0.926696 0.984525 0.996887
 0.33295 0.71526 0.926696 0.984525 0.996887
 0.33295 0.71526 0.926696 0.984525 0.996887
 0.33295 0.71526 0.926696 0.984525 0.996887
pf_obs 
 0.8446 0.082 0.0669 0.0065 0
 0.8095 0.147 0.0364 0.0071 0
 0.9664 0.0169 0.016 0.0007 0
 0.9276 0.0648 0.0075 0.0001 0
 0.7033 0.2144 0.0806 0.0017 0
 0.9318 0.0425 0.0243 0.0014 0
 0.5671 0.3108 0.0964 0.0239 0.0018
 0.0768 0.2599 0.5324 0.112 0.0189
 0.490249 0.384438 0.106611 0.0170017 0.00170017
 0.7925 0.1577 0.0466 0.003 0.0002
 0.840416 0.127587 0.0312969 0.00059994 9.999e-05
 0.8084 0.0986 0.0794 0.0134 0.0002
 0.7335 0.1905 0.0724 0.0035 0.0001
 0.4001 0.4547 0.1325 0.0127 0
 0.49795 0.308269 0.164784 0.0264974 0.00249975
 0.9179 0.0499 0.0305 0.0017 0
 0.2467 0.6533 0.0926 0.0074 0
 0.9418 0.0223 0.034 0.0019 0
 0.707729 0.231977 0.0356964 0.0245975 0
 0.517169 0.277429 0.184464 0.0207286 0.00020938
 0.811772 0.124168 0.05621 0.00726502 0.000585176
 0.764997 0.148141 0.077277 0.00933861 0.000247198
 0.163321 0.427699 0.378323 0.0303852 0.000271297
 0.753843 0.0900009 0.118128 0.0371064 0.000921714
 0.721811 0.176058 0.0630433 0.0369309 0.00215725
 0.143369 0.312575 0.442814 0.0836902 0.0175525
 0.692698 0.0596174 0.167031 0.0765114 0.00414204
 0.394062 0.376323 0.152708 0.0712218 0.00568511
 0.125707 0.32114 0.495352 0.0537591 0.00404204
 0.23352 0.215282 0.420074 0.123614 0.00750983
 0.796117 0.104755 0.0508955 0.0450114 0.00322123
 0.162477 0.292055 0.404252 0.121198 0.0200186
 0 0 0 0 0
pf_pred 
 0.134084 0.191446 0.59737 0.0770983 1.10751e-06
 0.27024 0.17968 0.127083 0.374775 0.0482222
 0.939587 0.0306879 0.00781463 0.00508004 0.0168306
 0.434845 0.552216 0.00685805 0.00160439 0.00447672
 0.536428 0.329564 0.13125 0.00146619 0.00129226
 0.987126 0.0104131 0.00180804 0.000639697 1.3355e-05
 0.150476 0.844676 0.0039713 0.000644438 0.00023191
 0.267875 0.243718 0.485869 0.00208118 0.000456884
 0.879369 0.0544534 0.0229711 0.0429827 0.000223752
 0.680164 0.30612 0.00652771 0.00250355 0.00468443
 0.929806 0.0642591 0.00571673 0.000104093 0.000113593
 0.907371 0.0896578 0.00273524 0.000227164 8.61684e-06
 0.59446 0.39077 0.0143355 0.000400588 3.43652e-05
 0.661527 0.26909 0.0670537 0.00226081 6.8278e-05
 0.963273 0.0348021 0.00159443 0.000319164 1.09525e-05
 0.955378 0.0441197 0.000478796 1.96272e-05 4.0389e-06
 0.229928 0.756501 0.0134304 0.000133981 6.59177e-06
 0.918224 0.0336388 0.0473473 0.000782002 8.1528e-06
 0.72081 0.270589 0.00371898 0.00480237 7.97672e-05
 0.819648 0.162264 0.0175914 0.000215467 0.000281071
 0.830068 0.159066 0.00987609 0.000962634 2.70084e-05
 0.807154 0.179088 0.0129467 0.000737691 7.3574e-05
 0.207653 0.730617 0.0576913 0.00380239 0.000237056
 0.877052 0.0499917 0.0676985 0.00491559 0.000342601
 0.744971 0.242207 0.00546631 0.00682744 0.000527946
 0.342524 0.576014 0.077661 0.00162463 0.00217701
 0.846566 0.0846246 0.060812 0.00762587 0.000371782
 0.750385 0.23317 0.00939276 0.00623637 0.000816625
 0.363058 0.555029 0.0768583 0.00289198 0.00216347
 0.744916 0.142417 0.0989924 0.0128333 0.000841031
 0.634748 0.318901 0.0266776 0.0172937 0.00237978
 0.419073 0.478002 0.0908331 0.00697324 0.00511819
 0.893349 0.0683384 0.031944 0.00562318 0.000745351
pobs_RECLAS
 0 0 0 0 0
 0 0 0 0 0
 0 0 0 0 0
 0 0 0 0 0
 0 0 0 0 0
 0 0 0 0 0
 0 0 0 0 0
 0 0 0 0 0
 0 0 0 0 0
 0 0 0 0 0
 0.991045 0.00858322 0.000360255 1.14367e-05 0
 0.934742 0.0480273 0.0164251 0.00080598 0
 0.827803 0.169806 0.00239088 0 0
 0.941827 0.0461693 0.0120037 0 0
 0.791401 0.0380133 0.147996 0.0225897 0
 0.846168 0.0940531 0.0597789 0 0
 0.134021 0.677848 0.182769 0.00536245 0
 0.80878 0.0450904 0.141981 0.00414843 0
 0.846168 0.0940531 0.0597789 0 0
 0.905697 0.0802665 0.012482 0.00150086 5.37128e-05
 0.989698 0.0102097 9.19794e-05 0 0
 0.975433 0.0193895 0.00387452 0.00125025 5.28907e-05
 0.303575 0.632131 0.0575291 0.00676475 0
 0.966965 0.00978017 0.0227588 0.000495775 0
 0.843318 0.132988 0.00938335 0.0141283 0.000182051
 0.564624 0.303363 0.111486 0.0197234 0.00080311
 0.826376 0.0876187 0.0782897 0.00655872 0.00115652
 0.89761 0.0855135 0.0140674 0.00269457 0.000114338
 0.34875 0.467042 0.161289 0.0227151 0.000203297
 0.318654 0.224769 0.449479 0.00709798 0
 0.937255 0.0296025 0.0250945 0.00804832 0
 0.456809 0.399803 0.12412 0.0192676 0
 0.883104 0.0372192 0.0704036 0.00927362 0
ppred_RECLAS
 0.137422 0.175275 0.606569 0.0807323 1.16744e-06
 0.287483 0.160085 0.1246 0.378771 0.0490602
 0.945838 0.0258627 0.00724723 0.00485631 0.0161962
 0.4935 0.493656 0.00669594 0.00161403 0.00453344
 0.59918 0.277941 0.120267 0.00138389 0.00122778
 0.988493 0.00910623 0.00174888 0.000638013 1.34085e-05
 0.178253 0.816576 0.00421144 0.000704332 0.000255145
 0.279178 0.223895 0.494262 0.00218312 0.000482454
 0.893698 0.0450545 0.0208429 0.040194 0.000210622
 0.763347 0.225662 0.00514076 0.00202898 0.00382133
 0.937788 0.0564409 0.00555212 0.000104237 0.000114508
 0.921685 0.075556 0.00253367 0.000216891 8.28178e-06
 0.634927 0.350476 0.0141537 0.000407698 3.52075e-05
 0.789162 0.166257 0.0430441 0.0014912 4.53266e-05
 0.971211 0.0271448 0.00135524 0.000279487 9.65438e-06
 0.962323 0.0372097 0.000444365 1.87769e-05 3.88959e-06
 0.256515 0.729034 0.0142971 0.000147053 7.28303e-06
 0.927038 0.0283364 0.0438709 0.000746885 7.83841e-06
 0.770954 0.221261 0.00330917 0.00440203 7.36007e-05
 0.85147 0.132401 0.0156715 0.000197776 0.000259701
 0.853287 0.136432 0.00931759 0.000936148 2.64397e-05
 0.835403 0.151778 0.0120413 0.000707127 7.09935e-05
 0.236693 0.698242 0.0606827 0.00412278 0.000258738
 0.888285 0.04278 0.0638222 0.00477718 0.000335166
 0.772375 0.21485 0.00535005 0.0068891 0.000536256
 0.373345 0.541872 0.0806947 0.00174046 0.00234773
 0.861258 0.073042 0.0578541 0.0074791 0.00036705
 0.773946 0.209492 0.00933159 0.00638834 0.000842093
 0.390962 0.52339 0.0801939 0.00311139 0.00234311
 0.76224 0.126613 0.0972852 0.0130038 0.000857874
 0.672644 0.281718 0.02592 0.0173197 0.00239918
 0.452728 0.441873 0.092648 0.00733275 0.00541785
 0.913624 0.0535385 0.0272393 0.00493966 0.000659078
pobs_PELACES
 0 0 0 0 0
 0 0 0 0 0
 0 0 0 0 0
 0 0 0 0 0
 0 0 0 0 0
 0 0 0 0 0
 0 0 0 0 0
 0 0 0 0 0
 0 0 0 0 0
 0 0 0 0 0
 0 0 0 0 0
 0 0 0 0 0
 0 0 0 0 0
 0 0 0 0 0
 0 0 0 0 0
 0 0 0 0 0
 0.505614 0.472636 0.0217494 0 0
 0 0 0 0 0
 0.443492 0.261883 0.143347 0.151278 0
 0.227955 0.32914 0.350689 0.0885471 0.00366901
 0.970185 0.0296113 0.000203453 0 0
 0.997202 0.00247181 0.000326279 0 0
 0.445219 0.490057 0.0546422 0.010081 0
 0.90214 0.0892962 0.00764917 0.000914606 0
 0 0 0 0 0
 0.581667 0.319106 0.0959925 0.00289975 0.000334073
 0.762889 0.0836404 0.116647 0.0363945 0.000428098
 0.88444 0.0763242 0.0277011 0.0115352 0
 0.521256 0.241999 0.230069 0.00667565 0
 0.616807 0.101726 0.260614 0.0208532 0
 0.833518 0.0704572 0.0857862 0.0102388 0
 0.697417 0.212968 0.0787535 0.0105354 0.000325836
 0 0 0 0 0
ppred_PELACES
 0.109781 0.166439 0.636733 0.0870461 1.26591e-06
 0.261578 0.152461 0.129452 0.403899 0.0526106
 0.940267 0.0268949 0.00822097 0.00565407 0.0189635
 0.502895 0.483314 0.00708788 0.00175271 0.00495064
 0.615368 0.260635 0.121288 0.00143133 0.00127699
 0.986759 0.0102489 0.00216395 0.000810604 1.71324e-05
 0.177124 0.817224 0.00457944 0.000785903 0.0002863
 0.239311 0.220776 0.536936 0.00243548 0.000541283
 0.887618 0.0449172 0.0225692 0.0446603 0.000235347
 0.802532 0.187639 0.00452876 0.00183161 0.00346882
 0.930179 0.0627625 0.00678354 0.000130767 0.000144468
 0.919171 0.0777308 0.0028392 0.000249435 9.57826e-06
 0.622442 0.36113 0.0159164 0.000470577 4.08673e-05
 0.852216 0.115611 0.0310389 0.00110056 3.3637e-05
 0.972778 0.025545 0.0013757 0.000291008 1.01088e-05
 0.960605 0.0388621 0.000506258 2.19564e-05 4.57393e-06
 0.237838 0.745938 0.0160465 0.000169451 8.43991e-06
 0.920436 0.0292763 0.0494155 0.00086344 9.11283e-06
 0.783637 0.20835 0.00335628 0.00457923 7.69934e-05
 0.855817 0.127396 0.0162973 0.00021099 0.00027861
 0.847398 0.140991 0.0104977 0.00108249 3.07458e-05
 0.832796 0.153122 0.0132055 0.000795796 8.03465e-05
 0.226853 0.701678 0.0665359 0.00463972 0.000292827
 0.876186 0.0447965 0.0730122 0.00560966 0.0003958
 0.756653 0.228253 0.00622337 0.00822668 0.000644002
 0.347961 0.55642 0.090877 0.00201237 0.0027299
 0.847402 0.0768164 0.066519 0.00882713 0.000435659
 0.751696 0.22824 0.0111711 0.0078525 0.00104097
 0.35819 0.543746 0.0916473 0.00365123 0.00276526
 0.732785 0.135828 0.114614 0.01573 0.00104361
 0.660944 0.287663 0.028851 0.0197858 0.00275628
 0.428045 0.453179 0.104041 0.00845342 0.00628124
 0.916981 0.049898 0.0273508 0.00508718 0.000682574
pobs_pel_tallas
 0 0 0 0 0 0 0 0 0 0 0 0 0 0 0 0 0 0 0 0 0 0 0 0 0 0
 0 0 0 0 0 0 0 0 0 0 0 0 0 0 0 0 0 0 0 0 0 0 0 0 0 0
 0 0 0 0 0 0 0 0 0 0 0 0 0 0 0 0 0 0 0 0 0 0 0 0 0 0
 0 0 0 0 0 0 0 0 0 0 0 0 0 0 0 0 0 0 0 0 0 0 0 0 0 0
 0 0 0 0 0 0 0 0 0 0 0 0 0 0 0 0 0 0 0 0 0 0 0 0 0 0
 0 0 0 0 0 0 0 0 0 0 0 0 0 0 0 0 0 0 0 0 0 0 0 0 0 0
 0 0 0 0 0 0 0 0 0 0 0 0 0 0 0 0 0 0 0 0 0 0 0 0 0 0
 0 0 0 0 0 0 0 0 0 0 0 0 0 0 0 0 0 0 0 0 0 0 0 0 0 0
 0 0 0 0 0 0 0 0 0 0 0 0 0 0 0 0 0 0 0 0 0 0 0 0 0 0
 0 0 0 0 0 0 0 0 0 0 0 0 0 0 0 0 0 0 0 0 0 0 0 0 0 0
 0 0 0 0 0 0 0 0 0 0 0 0 0 0 0 0 0 0 0 0 0 0 0 0 0 0
 0 0 0 0 0 0 0 0 0 0 0 0 0 0 0 0 0 0 0 0 0 0 0 0 0 0
 0.00862536 0 0 0.000197151 0.00414017 0.0128641 0.00837892 0.0270097 0.101434 0.158115 0.152841 0.127902 0.109271 0.109419 0.0830992 0.0579132 0.0238553 0.00714673 0.00463305 0.00128148 0.00103504 0.000492878 0.000147863 0.000147863 4.92878e-05 0
 0 0 0 0 0 0 0 0 0 0 0 0 0 0 0 0 0 0 0 0 0 0 0 0 0 0
 0 0 0 0 0 0 0 0.0054083 0.00873648 0.0413646 0.0450493 0.0745869 0.0622846 0.0627006 0.0613931 0.0827291 0.12552 0.122667 0.0946155 0.0697135 0.0546179 0.0294188 0.0215738 0.0213955 0.0102223 0.00600262
 0 0 0 0 0.00359764 0.0251062 0.0480494 0.140153 0.205849 0.193036 0.1447 0.116669 0.0760912 0.0342217 0.00950174 0.001854 0.000860785 0 0 0 0.000165536 0 0.000143464 0 0 0
 0 0 0 0 0 0 0 0.000145254 0.000435761 0.0275982 0.070085 0.0708112 0.156366 0.174668 0.174014 0.160142 0.0824315 0.0480064 0.0283245 0.00493863 0.00203355 0 0 0 0 0
 0 0 0 0 0 0 0 0 0 0 0 0 0 0 0 0 0 0 0 0 0 0 0 0 0 0
 0 0 1.00437e-05 0.000401748 0.00122533 0.00171747 0.00176769 0.0269171 0.070346 0.194647 0.189555 0.159765 0.064822 0.0314167 0.0384472 0.0292271 0.0345202 0.0313363 0.0194345 0.0106764 0.0143323 0.0359363 0.0279516 0.0138201 0.00172751 0
 0 0.0021121 0.0136068 0.0755702 0.200478 0.177729 0.0527432 0.0373336 0.0318909 0.0142505 0.0149659 0.0166563 0.0217959 0.0798694 0.0677717 0.0528807 0.04013 0.0224614 0.0357745 0.0225083 0.00881397 0.00855152 0.00135912 0.000746735 0 0
 0 0 0 0 5.4009e-05 0.00500934 0.000945158 0.0243581 0.138947 0.33067 0.221406 0.137944 0.0707744 0.0437923 0.0131692 0.00525238 0.0047753 0.00276346 9.45158e-05 9.00151e-06 2.25038e-05 9.00151e-06 4.50075e-06 0 0 0
 0.000866109 0.00284123 0.00948549 0.0512746 0.133035 0.25785 0.225252 0.132002 0.0553304 0.0519788 0.0540692 0.017754 0.00435017 0.00159236 0.00146478 0.000404838 0.000125132 0.000115318 0.000107957 0.000100596 0 0 0 0 0 0
 0 0 0 0 0.00144013 0.00171154 0.00461396 0.0210425 0.0478622 0.0707936 0.0888783 0.103762 0.0637923 0.0337046 0.0602308 0.124433 0.169614 0.0934646 0.0462172 0.0250306 0.0313229 0.00938855 0.002487 0.000210481 0 0
 0 0.00764035 0.051015 0.0998891 0.058973 0.0496711 0.0374665 0.0718981 0.12319 0.153886 0.159021 0.0857701 0.0377988 0.023471 0.0147837 0.00900784 0.00315554 0.000888139 0.00291439 0.00214683 0.00393193 0.00274676 0.000635225 9.99891e-05 0 0
 0 0 0 0 0 0 0 0 0 0 0 0 0 0 0 0 0 0 0 0 0 0 0 0 0 0
 0 0 0 0 0 0 0 0 0 0 0 0 0 0 0 0 0 0 0 0 0 0 0 0 0 0
 0 0 0 0 0 0 0 0 0 0 0 0 0 0 0 0 0 0 0 0 0 0 0 0 0 0
 0 0 0 0 0 0 0 0 0 0 0 0 0 0 0 0 0 0 0 0 0 0 0 0 0 0
 0 0 0 0 0 0 0 0 0 0 0 0 0 0 0 0 0 0 0 0 0 0 0 0 0 0
 0 0 0 0 0 0 0 0 0 0 0 0 0 0 0 0 0 0 0 0 0 0 0 0 0 0
 0 0 0 0 0 0 0 0 0 0 0 0 0 0 0 0 0 0 0 0 0 0 0 0 0 0
 0 0 0 0 0 0 0 0 0 0 0 0 0 0 0 0 0 0 0 0 0 0 0 0 0 0
 0 0 0 0 0 0 0 0 0 0 0 0 0 0 0 0 0 0 0 0 0 0 0 0 0 0
ppred_pel_tallas
 1.27147e-16 9.04255e-06 8.78968e-05 0.000584106 0.00265527 0.00826163 0.0176029 0.0256955 0.0257125 0.0176865 0.00854518 0.00348674 0.00271824 0.0049024 0.00960885 0.0170611 0.0273495 0.0401757 0.0550509 0.0714766 0.0886747 0.104972 0.117549 0.123176 0.119695 0.107263
 1.53184e-16 2.15458e-05 0.000209433 0.00139176 0.00632674 0.0196849 0.0419413 0.0612177 0.0612327 0.0420148 0.0199328 0.0070472 0.00321802 0.00425736 0.00789688 0.0135372 0.0207792 0.029003 0.0377858 0.0474428 0.0589904 0.0732979 0.0899474 0.106683 0.11994 0.126201
 1.04021e-16 7.74485e-05 0.000752827 0.0050028 0.022742 0.0707588 0.150759 0.220038 0.220041 0.150772 0.0708016 0.0228658 0.00531418 0.00143499 0.00138046 0.00218038 0.00318569 0.00412546 0.00479328 0.00512674 0.00525605 0.00542141 0.00581271 0.00644928 0.00717277 0.00773503
 1.01342e-16 4.14229e-05 0.000402645 0.00267572 0.0121635 0.0378453 0.0806351 0.117699 0.117746 0.0808622 0.0386075 0.0143637 0.0081937 0.0124324 0.0228409 0.0375715 0.0538298 0.0670851 0.0727545 0.0687351 0.0566977 0.041042 0.0263784 0.0154601 0.00873536 0.00520186
 1.03927e-16 5.06871e-05 0.000492697 0.00327414 0.0148838 0.0463092 0.0986675 0.144013 0.144039 0.0987909 0.046724 0.0160835 0.00629162 0.00709976 0.0126566 0.0209934 0.0305821 0.0391682 0.0444494 0.0452982 0.0423368 0.0373443 0.0320306 0.0271952 0.022776 0.0184494
 1.0015e-16 8.12781e-05 0.000790052 0.00525017 0.0238665 0.0742576 0.158214 0.230918 0.230919 0.158219 0.0742738 0.0239134 0.00536797 0.00104741 0.000570659 0.000816377 0.00117188 0.00148142 0.00164719 0.00162593 0.00144938 0.00120061 0.000962116 0.000776514 0.000642748 0.000538202
 1.00469e-16 1.45896e-05 0.000141817 0.000942425 0.00428418 0.0133301 0.0284041 0.041473 0.0415516 0.028788 0.0146186 0.00800343 0.0102694 0.0204731 0.0385404 0.0634638 0.0908849 0.113163 0.122523 0.115386 0.0945705 0.0675388 0.0421412 0.0231128 0.0113002 0.00508256
 1.15888e-16 1.97118e-05 0.000191606 0.00127329 0.00578819 0.0180093 0.0383716 0.0560091 0.0560312 0.0384798 0.0183747 0.00685333 0.00398406 0.00623177 0.0118487 0.0204856 0.0316589 0.0442626 0.0569866 0.0689093 0.0795376 0.0881935 0.0934563 0.0934604 0.0870042 0.0745787
 1.05182e-16 7.31119e-05 0.000710674 0.00472268 0.0214686 0.0667968 0.142318 0.207718 0.207722 0.142339 0.0668687 0.0216768 0.00524743 0.00186364 0.00228538 0.00372388 0.00550767 0.00725841 0.0086606 0.00961384 0.0102943 0.0110032 0.0119108 0.0129003 0.0136215 0.013694
 1.0095e-16 6.61035e-05 0.00064255 0.00426997 0.0194107 0.0603939 0.128676 0.18781 0.187829 0.128764 0.0606899 0.0202651 0.00641306 0.00531532 0.00892403 0.0146055 0.0209328 0.0261133 0.0283721 0.0268987 0.0223434 0.0164082 0.0108683 0.00677115 0.00426739 0.00294883
 1.0025e-16 7.66176e-05 0.00074475 0.00494913 0.022498 0.0699997 0.149142 0.217678 0.217684 0.149172 0.0700989 0.0227844 0.00566774 0.00231279 0.00305254 0.00491964 0.00706608 0.00885654 0.00969914 0.0093197 0.00791998 0.00604091 0.00424276 0.00285085 0.00191192 0.0013113
 1.00129e-16 7.57109e-05 0.000735937 0.00489056 0.0222318 0.0691714 0.147377 0.215103 0.21511 0.147414 0.069294 0.0225858 0.00577857 0.00267226 0.00374661 0.00605692 0.00867745 0.0108266 0.0117641 0.01115 0.00924685 0.0067523 0.00439676 0.00261566 0.00148196 0.000844653
 1.00606e-16 5.12698e-05 0.000498361 0.00331178 0.0150549 0.0468416 0.0998023 0.145672 0.145706 0.099972 0.0474114 0.0167 0.0074383 0.00949691 0.0171126 0.0281343 0.0403463 0.0503615 0.0547619 0.051967 0.0431898 0.0316575 0.0207472 0.0124697 0.00716223 0.00413303
 1.01042e-16 7.01959e-05 0.000682329 0.00453432 0.0206124 0.0641328 0.136642 0.199435 0.199447 0.136697 0.064316 0.021142 0.0058647 0.00358986 0.00560166 0.00917407 0.0132647 0.0167945 0.0187057 0.0184962 0.0164949 0.0136046 0.0107327 0.00836608 0.00653704 0.00506293
 1.00078e-16 8.01265e-05 0.000778858 0.00517578 0.0235284 0.0732055 0.155972 0.227646 0.227649 0.155984 0.0732458 0.0236448 0.00546779 0.00141571 0.00128785 0.00199758 0.00285879 0.00357152 0.00389025 0.00370352 0.00309698 0.00229768 0.0015422 0.000969877 0.000601908 0.000387844
 1.00028e-16 7.91238e-05 0.000769111 0.00511102 0.0232339 0.0722894 0.15402 0.224798 0.224802 0.154039 0.0723507 0.0234108 0.00555465 0.00173623 0.00191192 0.00302521 0.0043259 0.00538846 0.00583879 0.00550644 0.00452472 0.00324698 0.00204469 0.00114145 0.000576915 0.000274736
 1.00673e-16 1.95905e-05 0.000190427 0.00126546 0.00575263 0.017899 0.0381383 0.055679 0.0557507 0.0384888 0.0190754 0.00914877 0.00978297 0.0187601 0.0352157 0.0580007 0.0831108 0.103587 0.112348 0.106126 0.0874655 0.0631162 0.0401672 0.022875 0.0119869 0.00605075
 1.01522e-16 7.58151e-05 0.000736949 0.00489729 0.0222624 0.0692665 0.14758 0.215397 0.2154 0.147594 0.0693142 0.0224012 0.00524904 0.00151582 0.0015871 0.00258709 0.00391235 0.00531902 0.00659787 0.00762585 0.00838953 0.0089085 0.00913678 0.00895155 0.00824715 0.00704665
 1.00623e-16 6.45472e-05 0.000627422 0.00416944 0.0189537 0.058972 0.125647 0.183389 0.18341 0.125745 0.0593006 0.0199023 0.00654852 0.00581433 0.00989594 0.0162069 0.0232214 0.0289525 0.0314257 0.0297379 0.0246098 0.0179328 0.011683 0.00703061 0.0041526 0.00260734
 1.00572e-16 7.04925e-05 0.000685212 0.00455348 0.0206995 0.0644038 0.137219 0.200278 0.200291 0.137279 0.0646051 0.021281 0.00601302 0.00387061 0.00611771 0.00999559 0.0143757 0.018041 0.0197986 0.0190924 0.0163259 0.0125842 0.00898821 0.00618367 0.00425936 0.00298752
 1.00453e-16 6.97991e-05 0.000678472 0.00450869 0.0204958 0.0637702 0.13587 0.198309 0.198322 0.135936 0.0639928 0.0211386 0.00612135 0.00419628 0.00674289 0.0110161 0.0158131 0.0197807 0.0215895 0.0206244 0.0173504 0.0130061 0.0088794 0.00572529 0.00365722 0.00240601
 1.00514e-16 6.85964e-05 0.000666781 0.004431 0.0201427 0.0626714 0.133529 0.194892 0.194907 0.133601 0.0629132 0.020841 0.00618303 0.00448901 0.00732035 0.0119739 0.0171959 0.0215251 0.0235201 0.0225126 0.0190028 0.0143267 0.00987215 0.00645053 0.00418285 0.00278233
 1.02615e-16 1.86858e-05 0.000181632 0.00120701 0.00548695 0.0170723 0.0363769 0.0531072 0.0531748 0.036707 0.0181807 0.0086875 0.00923791 0.0177033 0.0332664 0.054889 0.0788832 0.0988016 0.108068 0.103622 0.0877444 0.0665261 0.046285 0.0306986 0.0202986 0.013775
 1.02749e-16 7.21703e-05 0.000701521 0.00466185 0.0211921 0.0659365 0.140485 0.205043 0.205047 0.140507 0.0660096 0.0214043 0.00519957 0.00189191 0.00238135 0.0039486 0.00597378 0.00812016 0.010075 0.0116601 0.0128687 0.0137451 0.014225 0.0141108 0.0132131 0.0115273
 1.01173e-16 6.23246e-05 0.000605817 0.00402587 0.018301 0.0569414 0.12132 0.177075 0.177097 0.121428 0.0573015 0.0193406 0.00663344 0.00629181 0.0108424 0.0177776 0.0254906 0.0318208 0.0346162 0.0328958 0.0274497 0.0203386 0.0137022 0.00878812 0.00575582 0.00409736
 1.03429e-16 2.86612e-05 0.000278597 0.00185138 0.00841613 0.026186 0.055794 0.0814442 0.0814979 0.0560561 0.0270661 0.0109584 0.00823331 0.0142119 0.0264944 0.0437642 0.0630578 0.0793209 0.0873947 0.0848577 0.0734317 0.05776 0.0426049 0.0306616 0.0222476 0.0163818
 1.02899e-16 6.97994e-05 0.000678475 0.0045087 0.0204959 0.0637705 0.13587 0.198308 0.198315 0.135907 0.0638938 0.0208532 0.00540979 0.00265957 0.00387335 0.00640002 0.00946191 0.0124174 0.0146456 0.0158342 0.0161082 0.0158377 0.0153022 0.0145109 0.0133008 0.0115683
 1.01345e-16 6.19162e-05 0.000601848 0.00399949 0.0181811 0.0565683 0.120526 0.175915 0.175937 0.120633 0.0569286 0.0192212 0.00660867 0.00629252 0.0108544 0.0178071 0.0255541 0.0319441 0.0348325 0.0332388 0.0279419 0.020978 0.0144551 0.00959266 0.00653731 0.00478916
 1.03618e-16 2.95038e-05 0.000286787 0.00190581 0.00866355 0.0269558 0.0574341 0.0838377 0.0838901 0.0576903 0.027816 0.0111483 0.00814354 0.0139061 0.0259014 0.0427887 0.0616676 0.0776049 0.0855669 0.0831913 0.0721568 0.0569871 0.0423128 0.0307416 0.0225631 0.0168101
 1.05097e-16 6.03585e-05 0.000586706 0.00389887 0.0177237 0.0551451 0.117493 0.171487 0.1715 0.117558 0.0553631 0.0183551 0.00549113 0.00408672 0.0067781 0.0112941 0.0166921 0.0218832 0.0257695 0.0277996 0.0282025 0.0276484 0.0266508 0.0252422 0.0231394 0.0201509
 1.03357e-16 5.44411e-05 0.000529187 0.00351664 0.0159861 0.0497389 0.105975 0.15468 0.154707 0.10611 0.0501935 0.017299 0.00681138 0.0077196 0.0137045 0.0225557 0.0324552 0.0407518 0.0447864 0.0433487 0.0374052 0.0294516 0.0220216 0.0165071 0.0129701 0.0107209
 1.0503e-16 3.52576e-05 0.000342716 0.00227747 0.0103531 0.0322125 0.0686338 0.100182 0.100226 0.0688475 0.0329304 0.0124273 0.00748682 0.011724 0.0216774 0.035851 0.0518013 0.0654699 0.072718 0.0715992 0.0634664 0.0519585 0.0407383 0.0317752 0.0251713 0.0200946
 1.01428e-16 7.55306e-05 0.000734184 0.00487891 0.0221788 0.0690066 0.147026 0.21459 0.214595 0.14705 0.0690862 0.0224091 0.00545854 0.00200475 0.00250389 0.00405991 0.00593448 0.00765764 0.00880043 0.00915825 0.00884948 0.00819509 0.00748285 0.00681381 0.0061261 0.00532566
pSPR Fmed_Fpbrs
1   0.983465 0.6 0.325 0.983465 0.983465 0.983465
Fs Fmed_Fpbrs
0   0.01 0.347981 0.892815 0.01 0.01 0.01
SSBpbr Bo_Bmed_Bpbrs
245708  233423  229360 135139 67569.7 229360 229360 229360
Ro
67919.2
SPR SPRFo_SPRFmed_SPRFpbrs
489313 489313 481222
Fref
0
Nvult_r0
 70820.7 4155.28 1911.28 336.161 44.556
CTP_r0
 35760.8 2735.59 1278.72 225.096 29.8364
YTP_r0
356253
Np
 81652.4 30038.2 11050.4 4065.23 2045.69
Nvult_p0
 51614.2 18987.8 6985.22 2569.72 1293.12
CTP_p0
 0 0 0 0 0
 0 0 0 0 0
 0 0 0 0 0
 0 0 0 0 0
 0 0 0 0 0
 0 0 0 0 0
YTP_p0
 0 0 0 0 0 0
CBA_c0
0
log_Ro
10.9461
likeval ReclasPelacesDesembMPH_pf_preclas_ppelaces_ptallas_desvR_qrecl_qpela
 24.8501 0.00036664 0.161272 45.722 280.527 138.579 125.459 0 49.7764 0.000175935 0.000278016 0.0123926 2067.24 0 0
q_reclas_q_pelaces
6.52617 10.5702
M
1
N
 26116.3 21024.8 62939.6 8105.07 0.116415
 18859.9 8037.81 5521.67 16258.4 2091.8
 179627 3762.53 930.646 604.045 2001.09
 41027 35763.2 433.979 101.402 282.922
 13998.4 6112.37 2385.29 26.6174 23.4585
 278316 1753.28 293.722 103.722 2.1652
 19246.6 71532.1 327.598 53.0865 19.1025
 6330.38 3367.62 6464.3 27.6332 6.06569
 42381.1 1742.31 716.117 1338.12 6.96525
 21191.8 7330.79 154.07 59.0447 110.475
 39190.9 1626.84 139.721 2.53931 2.77079
 154052 9880.39 293.101 24.3059 0.921908
 69671 29248.5 1041.83 29.0667 2.49334
 41880.8 14098.2 3478.61 117.226 3.54019
 63325.5 1595.41 71.5122 14.2983 0.490636
 295264 8743.22 92.161 3.77208 0.776159
 29299.5 58824.5 1009.71 10.0547 0.494635
 296560 6999.65 9573.59 157.879 1.64584
 219439 57993.9 780.44 1006.67 16.7197
 211955 28877.4 3059.64 37.4302 48.8235
 252663 31193.9 1882.01 183.161 5.13851
 337664 49411.8 3478.34 197.913 19.7375
 26669.1 60054.9 4605.25 303.055 18.8921
 148343 5351.97 7031.36 509.723 35.5231
 153917 31055 678.715 846.264 65.4331
 33711.4 34648.8 4517.33 94.3311 126.392
 127379 8009.46 5580.73 698.675 34.0593
 146324 27294.3 1061.38 703.38 92.0953
 40726.9 36961.4 4935.53 185.349 138.644
 92515.6 10674.1 7165.9 927.255 60.7616
 70842.7 22957.5 1866.41 1208.06 166.227
 19486.7 13790.2 2537.61 194.478 142.729
 81652.4 4390.45 2009.19 353.286 46.8252
pred_Ctot
 2736.94 3907.83 12193.6 1573.74 0.0226066
 5731.42 3810.76 2695.26 7948.45 1022.73
 54727.1 1787.45 455.17 295.891 980.314
 16576.3 21050.4 261.429 61.1593 170.652
 6350.82 3901.74 1553.88 17.3584 15.2992
 54581.2 575.774 99.9719 35.3708 0.73844
 6769.49 37999.6 178.658 28.9915 10.433
 1031.83 938.779 1871.52 8.01652 1.75987
 15074.3 933.45 393.775 736.818 3.8356
 11943.2 5375.23 114.621 43.9604 82.2549
 8038.5 555.542 49.4231 0.899918 0.982053
 49686.8 4909.58 149.779 12.4393 0.47185
 20790.6 13666.8 501.371 14.0101 1.20189
 27957 11372.1 2833.78 95.5449 2.88552
 27015.6 976.046 44.7168 8.95116 0.30717
 89884.4 4150.89 45.0463 1.84658 0.37999
 6724.17 22123.6 392.766 3.91824 0.192774
 92378.4 3384.25 4763.4 78.6737 0.820217
 96597.1 36262.1 498.388 643.575 10.6897
 86425.9 17109.6 1854.89 22.7194 29.6369
 78699.6 15081.2 936.362 91.2682 2.5607
 116843 25924.7 1874.15 106.788 10.6505
 8044.02 28302.5 2234.84 147.297 9.18307
 42284.5 2410.2 3263.89 236.991 16.5175
 39284.2 12772.2 288.252 360.028 27.8399
 7818.73 13148.6 1772.75 37.0853 49.6943
 35115.5 3510.22 2522.48 316.321 15.4215
 29881.4 9285.13 374.033 248.341 32.5191
 7609.73 11633.5 1610.96 60.6162 45.3466
 19650.3 3756.83 2611.34 338.532 22.1857
 22190 11148.4 932.613 604.567 83.194
 4966.55 5664.93 1076.49 82.6418 60.657
 35760.8 2735.59 1278.72 225.096 29.8364
F
 0.178401 0.33702 0.353565 0.354481 0.354529
 0.611945 1.15603 1.21279 1.21593 1.21609
 0.613965 1.15985 1.21679 1.21994 1.22011
 0.903915 1.7076 1.79143 1.79607 1.79632
 1.07745 2.03543 2.13536 2.14089 2.14118
 0.35861 0.677455 0.710713 0.712554 0.712652
 0.743126 1.40385 1.47277 1.47659 1.47679
 0.290146 0.548119 0.575028 0.576517 0.576596
 0.75462 1.42556 1.49555 1.49942 1.49963
 1.56697 2.96019 3.10551 3.11356 3.11398
 0.377891 0.71388 0.748927 0.750867 0.750969
 0.661462 1.24958 1.31092 1.31432 1.3145
 0.597737 1.12919 1.18463 1.1877 1.18786
 2.26769 4.28393 4.49425 4.50589 4.5065
 0.98001 1.85135 1.94224 1.94727 1.94754
 0.613313 1.15862 1.2155 1.21865 1.21881
 0.43171 0.815549 0.855587 0.857803 0.85792
 0.631914 1.19376 1.25236 1.25561 1.25578
 1.02802 1.94204 2.03738 2.04266 2.04294
 0.916154 1.73072 1.81569 1.82039 1.82064
 0.631865 1.19367 1.25227 1.25551 1.25568
 0.726792 1.37299 1.4404 1.44413 1.44433
 0.60604 1.14488 1.20108 1.2042 1.20436
 0.563767 1.06502 1.1173 1.1202 1.12035
 0.491151 0.92784 0.97339 0.975912 0.976045
 0.437212 0.825943 0.866491 0.868736 0.868854
 0.540492 1.02105 1.07118 1.07395 1.0741
 0.375953 0.710218 0.745085 0.747015 0.747117
 0.339069 0.64054 0.671986 0.673727 0.673818
 0.393731 0.743803 0.780319 0.78234 0.782447
 0.636501 1.20242 1.26145 1.26472 1.26489
 0.490298 0.926229 0.971701 0.974218 0.974351
 1.01999 1.92688 2.02148 2.02672 2.02699
YTP_r0W_actual
 269637 47736 30778.8 7050.01 1051.73
YTP_p0W_proyectada
 0 0 0 0 0
 0 0 0 0 0
 0 0 0 0 0
 0 0 0 0 0
 0 0 0 0 0
 0 0 0 0 0
CTP_r0_actual
 35760.8 2735.59 1278.72 225.096 29.8364
CTP_p0_proyectada
 0 0 0 0 0
 0 0 0 0 0
 0 0 0 0 0
 0 0 0 0 0
 0 0 0 0 0
 0 0 0 0 0
Wmedp
 7.54 17.45 24.07 31.32 35.25
Frms_r0
 1.01999 1.92688 2.02148 2.02672 2.02699
Zrms_r0
 2.01999 2.92688 3.02148 3.02672 3.02699
nmprior
 7.29 8.9 8.7 0
nm_flota  nm_reclas  nm_pelaces    nm_pelaL
inf 14.7829 5.67954 11.3773
cv_recla  cv_pelaces  cv_mph
0.431712 0.699181 0.542151
 ------------------------------------------------
Talla a la edad & desviaci?n 
 8 13.2811 15.8009 17.003 17.5766
 0.8 1.32811 1.58009 1.7003 1.75766
