years
 1991 1992 1993 1994 1995 1996 1997 1998 1999 2000 2001 2002 2003 2004 2005 2006 2007 2008 2009 2010 2011 2012 2013 2014 2015 2016 2017 2018 2019 2020 2021 2022 2023
reclasobs
 0 0 0 0 0 0 0 0 0 252601 567819 844713 477998 351125 339783 2.1784e+06 2.13404e+06 4.81314e+06 1.55562e+06 2.62356e+06 3.21686e+06 3.843e+06 1.13348e+06 3.07943e+06 1.97215e+06 2.03268e+06 2.025e+06 2.42433e+06 2.27542e+06 1.05018e+06 2.36338e+06 3.18982e+06 1.53035e+06
reclaspred
 3.01721e+06 1.6937e+06 897717 969671 1.02058e+06 1.50244e+06 1.01832e+06 969523 724318 562889 636635 766271 606651 325198 668752 1.69067e+06 1.81563e+06 2.36163e+06 1.6873e+06 1.38296e+06 2.83674e+06 2.39193e+06 1.92569e+06 2.90411e+06 2.30359e+06 2.08808e+06 2.47969e+06 2.72076e+06 2.41479e+06 1.85395e+06 1.66336e+06 1.6229e+06 1.61967e+06
pelacesobs
 0 0 0 0 0 0 0 0 0 0 0 0 0 0 0 552880 188675 0 991730 2.46772e+06 1.41603e+06 1.21717e+06 2.29649e+06 1.80582e+06 0 1.4828e+06 1.56532e+06 1.57751e+06 1.42118e+06 867257 1.10002e+06 1.06204e+06 0
pelacespred
 1.70621e+06 1.0728e+06 565732 500894 543698 832643 544397 610520 454875 339996 385787 399143 337319 183100 411364 867659 922623 1.31869e+06 1.00837e+06 727610 1.52142e+06 1.36687e+06 1.10411e+06 1.81211e+06 1.38066e+06 1.24298e+06 1.69812e+06 1.67932e+06 1.33792e+06 1.18195e+06 959565 924913 931193
mphobs
 0 0 0 0 0 0 0 0 0 0 0 0 498337 0 5186 125008 0 168611 109162 213762 579715 649985 157893 87575 83554 210694 70296 0 107559 103333 445601 22526 28222
mphpred
 455008 305032 152881 89431.1 107670 124185 155351 107768 97787.2 72271.5 51115.9 76149.8 83252.9 50852.3 23282.7 68453.8 208177 213770 209641 342061 404774 581744 102014 86836.2 125294 105090 92151.5 102121 142952 114395 76172.6 76970.7 52278.2
desembarqueobs
 494567 514787 250237 358949 120608 361735 552515 73892 212993 205616 52469 317467 293654 387597 252695 516296 358380 742168 942051 627588 828172 859565 418607 520667 417249 300574 415391 372974 316634 284311 391294 218835 356480
desembarquepred
 494570 513191 251072 358984 120613 361762 552591 73895.9 213037 205657 52470.7 317499 293837 388073 252680 516248 358390 742202 942002 627505 828218 859657 418660 520711 417250 300590 415407 372971 316625 284292 391330 218854 356499
Reclutas
 225057 116261 156403 250385 213043 314619 139951 75076.4 66138.5 88168.5 179204 190319 92920.2 53762.8 178416 739792 178511 523809 396883 386216 638334 738370 153663 479284 460380 188171 443719 526608 207345 193670 234068 132455 335569
log_desv_Rt
 0.00178308 -0.658734 -0.362134 0.108432 -0.0530727 0.336792 -0.473275 -1.09606 -1.22282 -0.935319 -0.226043 -0.165865 -0.882828 -1.42999 -0.230453 1.1918 -0.229916 0.846558 0.569074 0.541829 1.04429 1.18988 -0.379805 0.757723 0.717482 -0.177217 0.680622 0.851887 -0.0801839 -0.148414 0.0410434 -0.528326 0.401259
SSB
 4.06563e+06 2.72555e+06 1.36603e+06 799094 962065 1.10963e+06 1.38811e+06 962944 873758 645768 456736 680422 714402 445985 202273 595830 1.86013e+06 1.9101e+06 1.92759e+06 1.32682e+06 1.60606e+06 2.40266e+06 2.32568e+06 1.91343e+06 2.60374e+06 2.30568e+06 1.91545e+06 2.05091e+06 2.96633e+06 2.24686e+06 1.6823e+06 1.74419e+06 1.1013e+06
BT
 5.39688e+06 3.63939e+06 1.90369e+06 1.76039e+06 1.67804e+06 2.72889e+06 2.09378e+06 1.83866e+06 1.53867e+06 1.18848e+06 1.16964e+06 1.43122e+06 1.24879e+06 939748 1.44864e+06 2.95422e+06 2.965e+06 4.48281e+06 3.89203e+06 2.69506e+06 5.09008e+06 4.79849e+06 3.58028e+06 5.75422e+06 4.41309e+06 3.88075e+06 5.36269e+06 5.24582e+06 4.15332e+06 3.71111e+06 3.15797e+06 2.87377e+06 3.02789e+06
Ftot
 0.112017 0.201803 0.195348 0.307729 0.0932587 0.205397 0.387635 0.0585512 0.226275 0.280143 0.0764473 0.338135 0.35856 0.88248 0.415566 0.325547 0.148961 0.261115 0.444821 0.381481 0.259814 0.298822 0.157295 0.161594 0.143512 0.108242 0.149059 0.127722 0.0929559 0.114292 0.191417 0.100554 0.198784
BD_Bspro_t
 0.982358 0.876618 0.74663 0.687608 0.700999 0.764623 0.745541 0.6284 0.689216 0.663719 0.647921 0.793214 0.693682 0.534871 0.35498 0.608448 0.748406 0.732196 0.689263 0.582178 0.587222 0.668458 0.685049 0.679469 0.76642 0.785964 0.791142 0.817278 0.857149 0.823927 0.795474 0.787957 0.785489
BD_Bspro
 2.51198 1.684 0.844015 0.493726 0.594419 0.685591 0.857654 0.594962 0.539858 0.398993 0.282198 0.420404 0.441399 0.275555 0.124976 0.368138 1.14929 1.18017 1.19098 0.819789 0.992315 1.4845 1.43694 1.18222 1.60874 1.42458 1.18348 1.26717 1.83277 1.38824 1.03942 1.07766 0.680448
BD_Bo
 2.45661 1.64688 0.825411 0.482844 0.581317 0.670479 0.838749 0.581848 0.527958 0.390198 0.275977 0.411137 0.431669 0.269482 0.122221 0.360024 1.12396 1.15415 1.16472 0.801719 0.970443 1.45178 1.40526 1.15617 1.57328 1.39318 1.15739 1.23924 1.79237 1.35764 1.01651 1.05391 0.66545
BD_Brms
 2.63115 1.76389 0.884055 0.517149 0.622619 0.718116 0.898341 0.623187 0.565469 0.417921 0.295585 0.440348 0.462339 0.288628 0.130905 0.385603 1.20382 1.23615 1.24748 0.85868 1.03939 1.55493 1.50511 1.23831 1.68506 1.49216 1.23962 1.32729 1.91972 1.4541 1.08873 1.12879 0.712729
Sel_flota
 0.485166 0.947104 0.997069 0.999845 0.999992
 0.485166 0.947104 0.997069 0.999845 0.999992
 0.485166 0.947104 0.997069 0.999845 0.999992
 0.485166 0.947104 0.997069 0.999845 0.999992
 0.485166 0.947104 0.997069 0.999845 0.999992
 0.485166 0.947104 0.997069 0.999845 0.999992
 0.485166 0.947104 0.997069 0.999845 0.999992
 0.485166 0.947104 0.997069 0.999845 0.999992
 0.485166 0.947104 0.997069 0.999845 0.999992
 0.485166 0.947104 0.997069 0.999845 0.999992
 0.485166 0.947104 0.997069 0.999845 0.999992
 0.485166 0.947104 0.997069 0.999845 0.999992
 0.485166 0.947104 0.997069 0.999845 0.999992
 0.485166 0.947104 0.997069 0.999845 0.999992
 0.485166 0.947104 0.997069 0.999845 0.999992
 0.485166 0.947104 0.997069 0.999845 0.999992
 0.485166 0.947104 0.997069 0.999845 0.999992
 0.485166 0.947104 0.997069 0.999845 0.999992
 0.485166 0.947104 0.997069 0.999845 0.999992
 0.485166 0.947104 0.997069 0.999845 0.999992
 0.485166 0.947104 0.997069 0.999845 0.999992
 0.485166 0.947104 0.997069 0.999845 0.999992
 0.485166 0.947104 0.997069 0.999845 0.999992
 0.485166 0.947104 0.997069 0.999845 0.999992
 0.485166 0.947104 0.997069 0.999845 0.999992
 0.485166 0.947104 0.997069 0.999845 0.999992
 0.485166 0.947104 0.997069 0.999845 0.999992
 0.485166 0.947104 0.997069 0.999845 0.999992
 0.485166 0.947104 0.997069 0.999845 0.999992
 0.485166 0.947104 0.997069 0.999845 0.999992
 0.485166 0.947104 0.997069 0.999845 0.999992
 0.485166 0.947104 0.997069 0.999845 0.999992
 0.485166 0.947104 0.997069 0.999845 0.999992
Sel_reclas
 1 1 1 1 1
 1 1 1 1 1
 1 1 1 1 1
 1 1 1 1 1
 1 1 1 1 1
 1 1 1 1 1
 1 1 1 1 1
 1 1 1 1 1
 1 1 1 1 1
 1 1 1 1 1
 1 1 1 1 1
 1 1 1 1 1
 1 1 1 1 1
 1 1 1 1 1
 1 1 1 1 1
 1 1 1 1 1
 1 1 1 1 1
 1 1 1 1 1
 1 1 1 1 1
 1 1 1 1 1
 1 1 1 1 1
 1 1 1 1 1
 1 1 1 1 1
 1 1 1 1 1
 1 1 1 1 1
 1 1 1 1 1
 1 1 1 1 1
 1 1 1 1 1
 1 1 1 1 1
 1 1 1 1 1
 1 1 1 1 1
 1 1 1 1 1
 1 1 1 1 1
Sel_pelaces
 1 1 1 1 1
 1 1 1 1 1
 1 1 1 1 1
 1 1 1 1 1
 1 1 1 1 1
 1 1 1 1 1
 1 1 1 1 1
 1 1 1 1 1
 1 1 1 1 1
 1 1 1 1 1
 1 1 1 1 1
 1 1 1 1 1
 1 1 1 1 1
 1 1 1 1 1
 1 1 1 1 1
 1 1 1 1 1
 1 1 1 1 1
 1 1 1 1 1
 1 1 1 1 1
 1 1 1 1 1
 1 1 1 1 1
 1 1 1 1 1
 1 1 1 1 1
 1 1 1 1 1
 1 1 1 1 1
 1 1 1 1 1
 1 1 1 1 1
 1 1 1 1 1
 1 1 1 1 1
 1 1 1 1 1
 1 1 1 1 1
 1 1 1 1 1
 1 1 1 1 1
pf_obs 
 0.8446 0.082 0.0669 0.0065 0
 0.8095 0.147 0.0364 0.0071 0
 0.9664 0.0169 0.016 0.0007 0
 0.9276 0.0648 0.0075 0.0001 0
 0.7033 0.2144 0.0806 0.0017 0
 0.9318 0.0425 0.0243 0.0014 0
 0.5671 0.3108 0.0964 0.0239 0.0018
 0.0768 0.2599 0.5324 0.112 0.0189
 0.490249 0.384438 0.106611 0.0170017 0.00170017
 0.7925 0.1577 0.0466 0.003 0.0002
 0.840416 0.127587 0.0312969 0.00059994 9.999e-05
 0.8084 0.0986 0.0794 0.0134 0.0002
 0.7335 0.1905 0.0724 0.0035 0.0001
 0.4001 0.4547 0.1325 0.0127 0
 0.49795 0.308269 0.164784 0.0264974 0.00249975
 0.9179 0.0499 0.0305 0.0017 0
 0.2467 0.6533 0.0926 0.0074 0
 0.9418 0.0223 0.034 0.0019 0
 0.707729 0.231977 0.0356964 0.0245975 0
 0.517169 0.277429 0.184464 0.0207286 0.00020938
 0.811772 0.124168 0.05621 0.00726502 0.000585176
 0.764997 0.148141 0.077277 0.00933861 0.000247198
 0.163321 0.427699 0.378323 0.0303852 0.000271297
 0.753843 0.0900009 0.118128 0.0371064 0.000921714
 0.721811 0.176058 0.0630433 0.0369309 0.00215725
 0.143369 0.312575 0.442814 0.0836902 0.0175525
 0.692698 0.0596174 0.167031 0.0765114 0.00414204
 0.394062 0.376323 0.152708 0.0712218 0.00568511
 0.125707 0.32114 0.495352 0.0537591 0.00404204
 0.23352 0.215282 0.420074 0.123614 0.00750983
 0.796117 0.104755 0.0508955 0.0450114 0.00322123
 0.162477 0.292055 0.404252 0.121198 0.0200186
 0 0 0 0 0
pf_pred 
 0.314182 0.115846 0.542153 0.0278174 1.02294e-06
 0.2741 0.347469 0.0667502 0.296509 0.0151712
 0.481608 0.22471 0.144783 0.0263284 0.12257
 0.629057 0.242459 0.0574795 0.03506 0.0359445
 0.521342 0.372318 0.0709341 0.015868 0.0195382
 0.6025 0.269436 0.10076 0.0182312 0.00907376
 0.356176 0.484826 0.109692 0.0388188 0.0104875
 0.328819 0.360657 0.237337 0.0505435 0.0226435
 0.390661 0.296708 0.171967 0.107582 0.0330824
 0.553051 0.253415 0.097 0.053173 0.0433611
 0.70257 0.213548 0.0487649 0.0176287 0.0174883
 0.572656 0.350585 0.0559175 0.0121312 0.00871114
 0.386176 0.451337 0.134714 0.0202499 0.00752294
 0.388868 0.348844 0.195925 0.0550515 0.0113117
 0.824407 0.107782 0.0400064 0.0207919 0.00701246
 0.872191 0.116273 0.00725219 0.00253074 0.00175287
 0.27415 0.677346 0.0443589 0.00260911 0.00153609
 0.661544 0.143466 0.182596 0.011337 0.00105629
 0.510199 0.392967 0.0424033 0.0509808 0.00344946
 0.554616 0.307577 0.111948 0.0113455 0.0145135
 0.678037 0.233261 0.0624029 0.021378 0.00492137
 0.610257 0.316011 0.0542565 0.0137138 0.00576165
 0.208175 0.603214 0.154597 0.0250514 0.00896355
 0.622235 0.12875 0.192106 0.0466707 0.0102385
 0.533178 0.358684 0.0381851 0.0540025 0.0159507
 0.300862 0.483015 0.168139 0.0169758 0.0310084
 0.618676 0.173806 0.145677 0.0481416 0.0136988
 0.581634 0.319558 0.0463645 0.0368477 0.0155963
 0.302464 0.509414 0.145501 0.0200306 0.0225916
 0.387998 0.279031 0.246549 0.0668855 0.0195369
 0.506277 0.274537 0.102819 0.0862279 0.0301388
 0.372305 0.422411 0.116979 0.0414893 0.0468152
 0.673233 0.175087 0.103829 0.0273017 0.0205497
pobs_RECLAS
 0 0 0 0 0
 0 0 0 0 0
 0 0 0 0 0
 0 0 0 0 0
 0 0 0 0 0
 0 0 0 0 0
 0 0 0 0 0
 0 0 0 0 0
 0 0 0 0 0
 0 0 0 0 0
 0.991045 0.00858322 0.000360255 1.14367e-05 0
 0.934742 0.0480273 0.0164251 0.00080598 0
 0.827803 0.169806 0.00239088 0 0
 0.941827 0.0461693 0.0120037 0 0
 0.791401 0.0380133 0.147996 0.0225897 0
 0.846168 0.0940531 0.0597789 0 0
 0.134021 0.677848 0.182769 0.00536245 0
 0.80878 0.0450904 0.141981 0.00414843 0
 0.846168 0.0940531 0.0597789 0 0
 0.905697 0.0802665 0.012482 0.00150086 5.37128e-05
 0.989698 0.0102097 9.19794e-05 0 0
 0.975433 0.0193895 0.00387452 0.00125025 5.28907e-05
 0.303575 0.632131 0.0575291 0.00676475 0
 0.966965 0.00978017 0.0227588 0.000495775 0
 0.843318 0.132988 0.00938335 0.0141283 0.000182051
 0.564624 0.303363 0.111486 0.0197234 0.00080311
 0.826376 0.0876187 0.0782897 0.00655872 0.00115652
 0.89761 0.0855135 0.0140674 0.00269457 0.000114338
 0.34875 0.467042 0.161289 0.0227151 0.000203297
 0.318654 0.224769 0.449479 0.00709798 0
 0.937255 0.0296025 0.0250945 0.00804832 0
 0.456809 0.399803 0.12412 0.0192676 0
 0.883104 0.0372192 0.0704036 0.00927362 0
ppred_RECLAS
 0.483985 0.0909998 0.404327 0.0206874 7.60638e-07
 0.433365 0.27898 0.0508575 0.225273 0.0115246
 0.653364 0.154858 0.094687 0.0171698 0.0799209
 0.773783 0.150637 0.0338669 0.0205982 0.0211146
 0.683431 0.249084 0.0450588 0.0100514 0.0123745
 0.752216 0.170796 0.0606103 0.0109356 0.00544191
 0.527138 0.360808 0.0773755 0.0273029 0.00737519
 0.495391 0.277701 0.173544 0.036855 0.0165086
 0.565015 0.217661 0.119696 0.0746695 0.0229581
 0.714579 0.165622 0.0601315 0.0328684 0.0267993
 0.824362 0.127966 0.0277479 0.010003 0.00992181
 0.728469 0.224883 0.034009 0.00735696 0.00528206
 0.558824 0.328958 0.0930844 0.0139518 0.00518239
 0.573147 0.249763 0.132389 0.0370823 0.00761821
 0.905208 0.0594122 0.0208982 0.0108295 0.00365189
 0.931454 0.0626576 0.00370581 0.00128947 0.000892995
 0.426752 0.536771 0.033368 0.00195712 0.00115206
 0.799137 0.0877487 0.105945 0.00655912 0.00061103
 0.677525 0.261519 0.0267365 0.032051 0.0021683
 0.71563 0.199634 0.0688738 0.00695985 0.00890193
 0.808417 0.140826 0.0357391 0.0122086 0.00281009
 0.757843 0.198308 0.0322912 0.00813853 0.00341876
 0.343407 0.506381 0.123185 0.0199051 0.00712112
 0.770169 0.0810807 0.11483 0.0278183 0.00610178
 0.694243 0.237821 0.0240334 0.0338931 0.0100095
 0.461595 0.377949 0.124911 0.012576 0.0229683
 0.766302 0.109595 0.0871944 0.0287338 0.00817503
 0.734202 0.205552 0.0283124 0.0224378 0.00949567
 0.462808 0.397799 0.107882 0.0148102 0.0167013
 0.561232 0.205792 0.172634 0.0467021 0.0136394
 0.673879 0.185663 0.0659888 0.055184 0.0192853
 0.541829 0.313634 0.0824658 0.0291663 0.0329055
 0.806075 0.106473 0.059918 0.0157108 0.0118236
pobs_PELACES
 0 0 0 0 0
 0 0 0 0 0
 0 0 0 0 0
 0 0 0 0 0
 0 0 0 0 0
 0 0 0 0 0
 0 0 0 0 0
 0 0 0 0 0
 0 0 0 0 0
 0 0 0 0 0
 0 0 0 0 0
 0 0 0 0 0
 0 0 0 0 0
 0 0 0 0 0
 0 0 0 0 0
 0 0 0 0 0
 0.505614 0.472636 0.0217494 0 0
 0 0 0 0 0
 0.443492 0.261883 0.143347 0.151278 0
 0.227955 0.32914 0.350689 0.0885471 0.00366901
 0.970185 0.0296113 0.000203453 0 0
 0.997202 0.00247181 0.000326279 0 0
 0.445219 0.490057 0.0546422 0.010081 0
 0.90214 0.0892962 0.00764917 0.000914606 0
 0 0 0 0 0
 0.581667 0.319106 0.0959925 0.00289975 0.000334073
 0.762889 0.0836404 0.116647 0.0363945 0.000428098
 0.88444 0.0763242 0.0277011 0.0115352 0
 0.521256 0.241999 0.230069 0.00667565 0
 0.616807 0.101726 0.260614 0.0208532 0
 0.833518 0.0704572 0.0857862 0.0102388 0
 0.697417 0.212968 0.0787535 0.0105354 0.000325836
 0 0 0 0 0
ppred_PELACES
 0.488632 0.090318 0.400557 0.0204925 7.53465e-07
 0.441369 0.275525 0.0500609 0.221704 0.0113419
 0.660489 0.151953 0.0926123 0.0167906 0.078155
 0.782186 0.145295 0.0325005 0.0197615 0.0202567
 0.686571 0.246696 0.0445582 0.00993893 0.0122359
 0.758201 0.166848 0.0590092 0.0106447 0.0052971
 0.542221 0.349837 0.0745447 0.0262947 0.00710271
 0.497732 0.276534 0.172648 0.0366628 0.0164225
 0.57394 0.213603 0.117027 0.0729892 0.0224412
 0.723607 0.160703 0.0580767 0.0317371 0.0258765
 0.826093 0.126749 0.0274494 0.00989467 0.00981435
 0.738731 0.216594 0.0325733 0.00704421 0.00505743
 0.572623 0.319151 0.0897771 0.0134517 0.00499653
 0.607144 0.231276 0.120819 0.0338142 0.0069465
 0.910719 0.0561047 0.0196 0.0101529 0.00342367
 0.934584 0.0598244 0.00351931 0.00122421 0.000847785
 0.432355 0.531608 0.032966 0.00193328 0.00113802
 0.80583 0.0850309 0.102222 0.00632715 0.000589413
 0.692462 0.249761 0.0253479 0.0303739 0.0020548
 0.727689 0.19153 0.0656636 0.00663312 0.00848389
 0.81465 0.136401 0.0344681 0.0117717 0.00270948
 0.766266 0.191583 0.0310428 0.00782176 0.00328564
 0.34897 0.502392 0.121898 0.0196943 0.00704565
 0.774805 0.079584 0.11241 0.0272281 0.00597227
 0.698982 0.234263 0.0236178 0.0333027 0.00983505
 0.465833 0.375177 0.123774 0.0124603 0.0227568
 0.770581 0.107731 0.085501 0.0281719 0.00801511
 0.738079 0.202654 0.0278544 0.0220722 0.00934091
 0.466433 0.395273 0.107033 0.0146924 0.0165684
 0.565767 0.203872 0.170702 0.0461744 0.0134852
 0.680563 0.182112 0.0645228 0.0539486 0.0188534
 0.545764 0.311106 0.0816657 0.0288807 0.0325831
 0.810998 0.103926 0.0582932 0.015282 0.0115008
pobs_pel_tallas
 0 0 0 0 0 0 0 0 0 0 0 0 0 0 0 0 0 0 0 0 0 0 0 0 0 0
 0 0 0 0 0 0 0 0 0 0 0 0 0 0 0 0 0 0 0 0 0 0 0 0 0 0
 0 0 0 0 0 0 0 0 0 0 0 0 0 0 0 0 0 0 0 0 0 0 0 0 0 0
 0 0 0 0 0 0 0 0 0 0 0 0 0 0 0 0 0 0 0 0 0 0 0 0 0 0
 0 0 0 0 0 0 0 0 0 0 0 0 0 0 0 0 0 0 0 0 0 0 0 0 0 0
 0 0 0 0 0 0 0 0 0 0 0 0 0 0 0 0 0 0 0 0 0 0 0 0 0 0
 0 0 0 0 0 0 0 0 0 0 0 0 0 0 0 0 0 0 0 0 0 0 0 0 0 0
 0 0 0 0 0 0 0 0 0 0 0 0 0 0 0 0 0 0 0 0 0 0 0 0 0 0
 0 0 0 0 0 0 0 0 0 0 0 0 0 0 0 0 0 0 0 0 0 0 0 0 0 0
 0 0 0 0 0 0 0 0 0 0 0 0 0 0 0 0 0 0 0 0 0 0 0 0 0 0
 0 0 0 0 0 0 0 0 0 0 0 0 0 0 0 0 0 0 0 0 0 0 0 0 0 0
 0 0 0 0 0 0 0 0 0 0 0 0 0 0 0 0 0 0 0 0 0 0 0 0 0 0
 0.00862536 0 0 0.000197151 0.00414017 0.0128641 0.00837892 0.0270097 0.101434 0.158115 0.152841 0.127902 0.109271 0.109419 0.0830992 0.0579132 0.0238553 0.00714673 0.00463305 0.00128148 0.00103504 0.000492878 0.000147863 0.000147863 4.92878e-05 0
 0 0 0 0 0 0 0 0 0 0 0 0 0 0 0 0 0 0 0 0 0 0 0 0 0 0
 0 0 0 0 0 0 0 0.0054083 0.00873648 0.0413646 0.0450493 0.0745869 0.0622846 0.0627006 0.0613931 0.0827291 0.12552 0.122667 0.0946155 0.0697135 0.0546179 0.0294188 0.0215738 0.0213955 0.0102223 0.00600262
 0 0 0 0 0.00359764 0.0251062 0.0480494 0.140153 0.205849 0.193036 0.1447 0.116669 0.0760912 0.0342217 0.00950174 0.001854 0.000860785 0 0 0 0.000165536 0 0.000143464 0 0 0
 0 0 0 0 0 0 0 0.000145254 0.000435761 0.0275982 0.070085 0.0708112 0.156366 0.174668 0.174014 0.160142 0.0824315 0.0480064 0.0283245 0.00493863 0.00203355 0 0 0 0 0
 0 0 0 0 0 0 0 0 0 0 0 0 0 0 0 0 0 0 0 0 0 0 0 0 0 0
 0 0 1.00437e-05 0.000401748 0.00122533 0.00171747 0.00176769 0.0269171 0.070346 0.194647 0.189555 0.159765 0.064822 0.0314167 0.0384472 0.0292271 0.0345202 0.0313363 0.0194345 0.0106764 0.0143323 0.0359363 0.0279516 0.0138201 0.00172751 0
 0 0.0021121 0.0136068 0.0755702 0.200478 0.177729 0.0527432 0.0373336 0.0318909 0.0142505 0.0149659 0.0166563 0.0217959 0.0798694 0.0677717 0.0528807 0.04013 0.0224614 0.0357745 0.0225083 0.00881397 0.00855152 0.00135912 0.000746735 0 0
 0 0 0 0 5.4009e-05 0.00500934 0.000945158 0.0243581 0.138947 0.33067 0.221406 0.137944 0.0707744 0.0437923 0.0131692 0.00525238 0.0047753 0.00276346 9.45158e-05 9.00151e-06 2.25038e-05 9.00151e-06 4.50075e-06 0 0 0
 0.000866109 0.00284123 0.00948549 0.0512746 0.133035 0.25785 0.225252 0.132002 0.0553304 0.0519788 0.0540692 0.017754 0.00435017 0.00159236 0.00146478 0.000404838 0.000125132 0.000115318 0.000107957 0.000100596 0 0 0 0 0 0
 0 0 0 0 0.00144013 0.00171154 0.00461396 0.0210425 0.0478622 0.0707936 0.0888783 0.103762 0.0637923 0.0337046 0.0602308 0.124433 0.169614 0.0934646 0.0462172 0.0250306 0.0313229 0.00938855 0.002487 0.000210481 0 0
 0 0.00764035 0.051015 0.0998891 0.058973 0.0496711 0.0374665 0.0718981 0.12319 0.153886 0.159021 0.0857701 0.0377988 0.023471 0.0147837 0.00900784 0.00315554 0.000888139 0.00291439 0.00214683 0.00393193 0.00274676 0.000635225 9.99891e-05 0 0
 0 0 0 0 0 0 0 0 0 0 0 0 0 0 0 0 0 0 0 0 0 0 0 0 0 0
 0 0 0 0 0 0 0 0 0 0 0 0 0 0 0 0 0 0 0 0 0 0 0 0 0 0
 0 0 0 0 0 0 0 0 0 0 0 0 0 0 0 0 0 0 0 0 0 0 0 0 0 0
 0 0 0 0 0 0 0 0 0 0 0 0 0 0 0 0 0 0 0 0 0 0 0 0 0 0
 0 0 0 0 0 0 0 0 0 0 0 0 0 0 0 0 0 0 0 0 0 0 0 0 0 0
 0 0 0 0 0 0 0 0 0 0 0 0 0 0 0 0 0 0 0 0 0 0 0 0 0 0
 0 0 0 0 0 0 0 0 0 0 0 0 0 0 0 0 0 0 0 0 0 0 0 0 0 0
 0 0 0 0 0 0 0 0 0 0 0 0 0 0 0 0 0 0 0 0 0 0 0 0 0 0
 0 0 0 0 0 0 0 0 0 0 0 0 0 0 0 0 0 0 0 0 0 0 0 0 0 0
ppred_pel_tallas
 1.13638e-16 4.0248e-05 0.000391225 0.00259983 0.0118184 0.0367716 0.0783462 0.11435 0.11436 0.0783919 0.036927 0.0122751 0.00377503 0.0030524 0.00537407 0.00954845 0.0154407 0.0229247 0.0317643 0.0416361 0.0519448 0.0615038 0.0684881 0.0709704 0.0678372 0.0594681
 1.25669e-16 3.6355e-05 0.000353384 0.00234836 0.0106753 0.033215 0.0707691 0.103295 0.103322 0.0708994 0.0336528 0.0119411 0.00553141 0.00732237 0.0133356 0.0221692 0.0323914 0.0417926 0.048252 0.0510607 0.0514459 0.0517149 0.0536281 0.0572429 0.0609748 0.0626304
 1.17622e-16 5.44036e-05 0.000528822 0.00351421 0.0159751 0.0497046 0.105901 0.154569 0.154584 0.105974 0.0499476 0.0166787 0.00528694 0.00442085 0.00751234 0.0125106 0.0184433 0.0241185 0.0283841 0.0307942 0.0318789 0.0327088 0.0340919 0.0360404 0.0378398 0.0385377
 1.06385e-16 6.44277e-05 0.00062626 0.00416172 0.0189186 0.0588628 0.125414 0.183048 0.183062 0.125482 0.0590931 0.0195843 0.00583417 0.00428232 0.0070234 0.0115513 0.0167375 0.0212787 0.0239056 0.0240718 0.0222862 0.0197546 0.0176126 0.0163465 0.0157449 0.0152523
 1.04417e-16 5.6552e-05 0.000549705 0.00365299 0.016606 0.0516674 0.110084 0.160676 0.160699 0.1102 0.0520579 0.017734 0.00648546 0.00673602 0.0118144 0.0194659 0.028093 0.035451 0.0392916 0.0385857 0.0341288 0.027979 0.0221961 0.0178662 0.0149794 0.0129441
 1.0371e-16 6.2452e-05 0.000607056 0.0040341 0.0183384 0.0570578 0.121568 0.177436 0.177452 0.121647 0.0573228 0.0191047 0.00596028 0.00482114 0.00809282 0.013351 0.0193921 0.0247328 0.0278958 0.0281885 0.0260802 0.0228124 0.0195776 0.0169293 0.0147744 0.0127613
 1.0608e-16 4.46621e-05 0.000434132 0.00288496 0.0131146 0.0408046 0.0869398 0.126898 0.126932 0.0871048 0.0413588 0.0147158 0.00690628 0.00922018 0.0167531 0.0276843 0.0400151 0.0506165 0.0563247 0.0556836 0.0497892 0.0414851 0.0335862 0.0275308 0.0232492 0.0199232
 1.11509e-16 4.09976e-05 0.000398511 0.00264825 0.0120386 0.0374566 0.0798063 0.116485 0.116512 0.0799377 0.0378985 0.0133176 0.00586954 0.00746603 0.0135677 0.0226383 0.0332477 0.0431557 0.0500756 0.0529231 0.0523501 0.050053 0.0474656 0.0449391 0.0419295 0.0377787
 1.1455e-16 4.72747e-05 0.000459527 0.00305372 0.0138818 0.0431915 0.0920247 0.134317 0.134338 0.0921262 0.0435326 0.0148693 0.00554081 0.00591635 0.0104927 0.0174901 0.0257124 0.0334566 0.039031 0.0417135 0.0421434 0.0417345 0.0415873 0.0417923 0.0415724 0.0399748
 1.09279e-16 5.96026e-05 0.000579358 0.00385004 0.0175017 0.0544545 0.116022 0.16934 0.169356 0.116098 0.05471 0.0182408 0.00570885 0.00464913 0.00782475 0.0129379 0.0188643 0.0242283 0.0276834 0.0286557 0.027681 0.0259886 0.0246631 0.0240479 0.0237538 0.0231023
 1.03478e-16 6.80442e-05 0.000661414 0.00439533 0.0199805 0.0621669 0.132454 0.193323 0.193335 0.132513 0.0623677 0.0205608 0.00585287 0.00384645 0.00612665 0.0100468 0.0145286 0.018406 0.0205429 0.020429 0.018479 0.0157341 0.0132102 0.0114014 0.0102318 0.00933887
 1.02558e-16 6.08484e-05 0.000591468 0.00393051 0.0178676 0.0555927 0.118447 0.172881 0.172902 0.118549 0.0559353 0.0188571 0.00641456 0.00601478 0.0103625 0.0170398 0.0245521 0.0308996 0.0340854 0.0331888 0.028907 0.0230692 0.0175315 0.0133127 0.0104706 0.00853702
 1.04867e-16 4.71663e-05 0.000458473 0.00304672 0.01385 0.0430925 0.0918143 0.134012 0.134043 0.091965 0.0435987 0.0153128 0.00672201 0.00849285 0.0153386 0.0253684 0.0367378 0.0466109 0.0521109 0.0518853 0.0468618 0.0395217 0.0323162 0.0264929 0.0220199 0.0182801
 1.08113e-16 5.00097e-05 0.000486112 0.00323039 0.0146849 0.0456902 0.0973487 0.142088 0.14211 0.0974584 0.046059 0.0157519 0.00591601 0.00637263 0.0112996 0.0187853 0.0274879 0.0354757 0.0407952 0.0425289 0.0412658 0.038531 0.0356714 0.033122 0.0305101 0.0272804
 1.02178e-16 7.50147e-05 0.00072917 0.00484559 0.0220273 0.0685353 0.146022 0.213124 0.21313 0.146048 0.0686245 0.0222852 0.0054939 0.0021481 0.00278071 0.00450732 0.00655482 0.00839125 0.00953119 0.00975926 0.00924865 0.00842154 0.00766367 0.00712123 0.00670343 0.00622857
 1.00384e-16 7.69805e-05 0.000748278 0.00497257 0.0226046 0.0703313 0.149848 0.218709 0.218715 0.149877 0.0704257 0.0228772 0.00565663 0.00224034 0.00290701 0.00467445 0.00670387 0.00838342 0.00914759 0.00873875 0.00735972 0.0055423 0.00383716 0.00256335 0.00176031 0.00129912
 1.01474e-16 3.56126e-05 0.000346167 0.00230041 0.0104573 0.0325369 0.0693253 0.101193 0.101244 0.0695753 0.0333761 0.0128802 0.00837849 0.0136029 0.0251778 0.0414761 0.0595281 0.0743995 0.0810795 0.0772474 0.0646709 0.0480548 0.0323045 0.020314 0.0125382 0.00795715
 1.03706e-16 6.63752e-05 0.000645191 0.00428752 0.0194904 0.0606421 0.129205 0.18858 0.188588 0.129245 0.0607794 0.0198891 0.00529483 0.00286637 0.00434971 0.00725469 0.010836 0.0144392 0.0174136 0.0194084 0.0204893 0.0209225 0.0208371 0.020095 0.0184657 0.0159099
 1.0419e-16 5.70372e-05 0.000554422 0.00368433 0.0167485 0.0521108 0.111028 0.162054 0.162078 0.111146 0.0525056 0.0178887 0.00654629 0.00680143 0.0119198 0.019613 0.0282457 0.0355259 0.0391687 0.0381503 0.03333 0.0268735 0.020945 0.0166794 0.0140326 0.0123119
 1.04045e-16 5.99389e-05 0.000582627 0.00387176 0.0176005 0.0547617 0.116676 0.170296 0.170315 0.116767 0.0550659 0.0184797 0.00608175 0.00541679 0.00926945 0.0153039 0.0222139 0.0282973 0.0318497 0.0320696 0.0294973 0.0255726 0.0216922 0.0185269 0.016002 0.0137301
 1.02669e-16 6.71017e-05 0.000652252 0.00433444 0.0197038 0.0613058 0.130619 0.190645 0.190658 0.130683 0.061522 0.0203287 0.00590441 0.00408386 0.0065972 0.0108342 0.0156807 0.0198886 0.0222321 0.0221467 0.0200493 0.0170216 0.0141215 0.0118701 0.0102148 0.00883543
 1.02286e-16 6.31164e-05 0.000613514 0.00407702 0.0185335 0.0576648 0.122862 0.179324 0.179342 0.122952 0.0579679 0.0194091 0.00627511 0.00541312 0.00918184 0.0150885 0.0217506 0.0273967 0.0302641 0.0295394 0.0258335 0.0207513 0.0159156 0.0122095 0.00967411 0.00789774
 1.06814e-16 2.87443e-05 0.000279405 0.00185675 0.00844053 0.0262619 0.0559555 0.0816789 0.0817274 0.0561925 0.027058 0.010741 0.0076351 0.0129063 0.0240468 0.0398055 0.0575637 0.0728557 0.0811229 0.0802304 0.0716794 0.0594719 0.0475988 0.038148 0.0311369 0.025578
 1.07006e-16 6.38197e-05 0.00062035 0.00412245 0.01874 0.0583073 0.12423 0.181319 0.181327 0.124269 0.0584366 0.0191157 0.00507347 0.0027233 0.00413673 0.00694496 0.0104838 0.0142036 0.0175683 0.0203084 0.0224946 0.0243029 0.0256893 0.0262924 0.0256569 0.0235704
 1.05746e-16 5.75743e-05 0.000559642 0.00371902 0.0169061 0.0526014 0.112074 0.16358 0.163602 0.112184 0.0529718 0.0179759 0.0064042 0.00642155 0.0111914 0.0184153 0.0265394 0.0334247 0.0369503 0.0361837 0.0319592 0.0263234 0.0212948 0.017888 0.0159744 0.0147988
 1.08769e-16 3.83701e-05 0.000372971 0.00247852 0.011267 0.0350561 0.0746921 0.109023 0.109059 0.0748694 0.0356518 0.0129889 0.0068061 0.00983827 0.0180681 0.0299491 0.0434659 0.0553447 0.0622537 0.0626356 0.0575747 0.0499268 0.042461 0.0365037 0.0318858 0.0277893
 1.06677e-16 6.34717e-05 0.000616968 0.00409997 0.0186379 0.0579894 0.123553 0.180331 0.180342 0.123604 0.0581622 0.0191386 0.00536279 0.00339315 0.00539333 0.0089668 0.0132666 0.017435 0.0206337 0.0224745 0.0231952 0.023369 0.0233984 0.023232 0.0224948 0.020846
 1.0465e-16 6.07946e-05 0.000590945 0.00392704 0.0178518 0.0555436 0.118342 0.172728 0.172748 0.118438 0.0558642 0.0187778 0.00625197 0.00566771 0.00970708 0.0159648 0.0230268 0.0290395 0.0321669 0.0315908 0.0280063 0.0231478 0.0187294 0.0156201 0.0137345 0.0124747
 1.07468e-16 3.84195e-05 0.000373451 0.00248172 0.0112816 0.0351013 0.0747884 0.109164 0.109202 0.074975 0.0357281 0.0130929 0.00703252 0.0103211 0.0189696 0.0314013 0.0454687 0.0576763 0.06447 0.064194 0.0580296 0.0490896 0.0404422 0.0336356 0.028589 0.0244535
 1.11891e-16 4.66015e-05 0.000452983 0.00301023 0.0136841 0.0425764 0.0907143 0.132404 0.132424 0.0908116 0.0429037 0.0146325 0.00540242 0.00571344 0.01015 0.0170023 0.0251835 0.0331343 0.0392693 0.042836 0.0442476 0.0445405 0.0444359 0.0438293 0.042052 0.0385425
 1.1051e-16 5.60571e-05 0.000544895 0.00362102 0.0164606 0.0512153 0.10912 0.159268 0.159285 0.109206 0.0515049 0.0172984 0.0057281 0.00515886 0.00886147 0.014676 0.021414 0.0275362 0.0315317 0.0327639 0.0318466 0.0301614 0.0289003 0.0283931 0.0281344 0.0273128
 1.10847e-16 4.49539e-05 0.000436968 0.00290381 0.0132003 0.0410712 0.0875078 0.127726 0.127756 0.0876546 0.0415647 0.0146265 0.00648735 0.00827203 0.0149616 0.0247608 0.0358987 0.0456515 0.051282 0.0515679 0.0475221 0.0416446 0.0363222 0.0326329 0.0302631 0.0282393
 1.05188e-16 6.68009e-05 0.000649328 0.00431501 0.0196154 0.0610309 0.130033 0.189789 0.1898 0.130083 0.0611968 0.0200955 0.00552371 0.00330002 0.00513669 0.00848043 0.0124322 0.0161046 0.0186374 0.0196376 0.0193815 0.0185497 0.0177205 0.0170396 0.0162742 0.0151071
pSPR Fmed_Fpbrs
1   0.983665 0.6 0.325 0.983665 0.983665 0.983665
Fs Fmed_Fpbrs
0   0.01 0.353418 0.910707 0.01 0.01 0.01
SSBpbr Bo_Bmed_Bpbrs
1.65497e+06  1.57223e+06  1.54519e+06 910236 455118 1.54519e+06 1.54519e+06 1.54519e+06
Ro
224656
SPR SPRFo_SPRFmed_SPRFpbrs
1.6185e+06 1.6185e+06 1.59206e+06
Fref
0
Nvult_r0
 223470 32264.8 18326.5 4807.77 3618.33
CTP_r0
 19656.4 5112.03 3031.5 797.129 599.992
YTP_r0
356499
Np
 335569 123449 45414.3 16707 8407.21
Nvult_p0
 212120 78034.6 28707.3 10560.8 5314.37
CTP_p0
 0 0 0 0 0
 0 0 0 0 0
 0 0 0 0 0
 0 0 0 0 0
 0 0 0 0 0
 0 0 0 0 0
YTP_p0
 0 0 0 0 0 0
CBA_c0
0
log_Ro
12.1423
likeval ReclasPelacesDesembMPH_pf_preclas_ppelaces_ptallas_desvR_qrecl_qpela
 20.6313 0.000247398 0.114295 70.4328 239.903 138.684 108.767 0 21.7805 8.99178e-06 2.73882e-06 0.531518 2066.41 0 0
q_reclas_q_pelaces
0.654378 0.791327
M
1
N
 225057 43424.7 193483 9901.15 0.36405
 116261 78414.2 14367 63656.6 3256.61
 156403 38780.9 23828.4 4322.02 20118.2
 250385 52334.7 11856.9 7214.56 7395.62
 213043 79336.7 14385.3 3209.4 3951.18
 314619 74907.2 26719 4822.16 2399.69
 139951 104764 22685.3 8009.11 2163.52
 75076.4 42658.5 26697.7 5670.17 2539.87
 66138.5 26845.5 14846.6 9264.59 2848.56
 88168.5 21801.3 7970.87 4358.64 3553.89
 179204 28313.4 6151.19 2217.7 2199.72
 190319 63525.2 9688.41 2096.82 1505.49
 92920.2 59421.3 16965.6 2544.13 945.039
 53762.8 28725.3 15565.5 4365.26 896.859
 178416 12889.8 4581.28 2375.4 801.05
 739792 53650.9 3199.04 1113.64 771.242
 178511 232392 14500.3 850.66 500.748
 523809 61092.1 74243 4598.12 428.357
 396883 169770 17550.4 21052 1424.24
 386216 117664 40982.7 4143.59 5299.97
 638334 118075 30160.4 10306.6 2372.35
 738370 207019 33962.1 8563.22 3597.23
 153663 234972 57385.6 9274.79 3318.13
 479284 52376.1 74477.1 18046.7 3958.47
 460380 163023 16533.8 23321.4 6887.46
 188171 157973 52351 5271.49 9627.67
 443719 65682.8 52452.5 17288.6 4918.82
 526608 151847 20981.9 16631.3 7038.43
 207345 182088 49496.7 6795.87 7663.65
 193670 72914.4 61341.1 16597 4847.21
 234068 67404.1 24071.8 20135.7 7036.97
 132455 78472.1 20685.1 7316.88 8254.98
 335569 46407.3 26245.9 6883.68 5180.59
pred_Ctot
 7558.75 2787.09 13043.4 669.244 0.0246105
 6909.41 8758.85 1682.61 7474.29 382.429
 9009.29 4203.59 2708.42 492.517 2292.88
 22220.1 8564.32 2030.34 1238.42 1269.66
 5979.55 4270.32 813.582 181.998 224.095
 19017.3 8504.47 3180.37 575.45 286.404
 15401.1 20964 4743.12 1678.53 453.482
 1332.25 1461.25 961.603 204.784 91.7431
 4385.89 3331.09 1930.64 1207.81 371.411
 7161.85 3281.65 1256.12 688.575 561.514
 4137.05 1257.47 287.149 103.806 102.979
 18447.7 11293.8 1801.34 390.798 280.623
 9512.58 11117.7 3318.38 498.809 185.311
 12253.5 10992.3 6173.71 1734.7 356.438
 20934.2 2736.91 1015.88 527.967 178.067
 69209.6 9226.41 575.471 200.818 139.093
 7914.06 19553.3 1280.53 75.3188 44.3432
 39808 8632.99 10987.6 682.198 63.5614
 49562.7 38174.4 4119.23 4952.47 335.094
 41877.4 23224.2 8452.89 856.662 1095.87
 48282.4 16610.3 4443.65 1522.31 350.446
 63740.6 33007 5667.02 1432.39 601.797
 7181.58 20809.5 5333.24 864.217 309.223
 22992.1 4757.42 7098.5 1724.52 378.32
 19685.1 13242.7 1409.8 1993.79 588.902
 6111.57 9811.73 3415.49 344.838 629.889
 19684.2 5529.94 4634.97 1531.71 435.85
 20103 11044.9 1602.49 1273.56 539.053
 5801.08 9770.25 2790.62 384.176 433.293
 6633.65 4770.62 4215.27 1143.55 334.024
 13222.1 7169.93 2685.28 2251.97 787.119
 4002.6 4541.29 1257.63 446.046 503.304
 19656.4 5112.03 3031.5 797.129 599.992
F
 0.0543468 0.106092 0.111689 0.112 0.112016
 0.097908 0.191129 0.201212 0.201772 0.201802
 0.0947759 0.185014 0.194775 0.195317 0.195346
 0.1493 0.291452 0.306827 0.307682 0.307727
 0.0452459 0.0883257 0.0929854 0.0932443 0.093258
 0.0996517 0.194533 0.204795 0.205366 0.205396
 0.188067 0.367131 0.386499 0.387575 0.387632
 0.0284071 0.0554541 0.0583796 0.0585422 0.0585508
 0.109781 0.214306 0.225612 0.22624 0.226273
 0.135916 0.265325 0.279322 0.2801 0.280141
 0.0370896 0.0724035 0.0762232 0.0764355 0.0764467
 0.164051 0.320249 0.337144 0.338082 0.338132
 0.173961 0.339594 0.357509 0.358505 0.358557
 0.428149 0.8358 0.879894 0.882343 0.882473
 0.201618 0.393584 0.414348 0.415501 0.415562
 0.157944 0.308326 0.324592 0.325496 0.325544
 0.072271 0.141082 0.148525 0.148938 0.14896
 0.126684 0.247303 0.260349 0.261074 0.261112
 0.215812 0.421292 0.443517 0.444752 0.444817
 0.185081 0.361302 0.380363 0.381422 0.381478
 0.126053 0.246071 0.259052 0.259773 0.259812
 0.144978 0.283015 0.297946 0.298775 0.298819
 0.076314 0.148974 0.156834 0.15727 0.157293
 0.0783997 0.153046 0.16112 0.161569 0.161592
 0.0696271 0.135921 0.143091 0.14349 0.143511
 0.0525154 0.102517 0.107925 0.108225 0.108241
 0.0723185 0.141175 0.148622 0.149036 0.149058
 0.0619665 0.120966 0.127348 0.127702 0.127721
 0.045099 0.0880389 0.0926835 0.0929415 0.0929552
 0.0554503 0.108246 0.113957 0.114274 0.114291
 0.0928692 0.181292 0.190856 0.191388 0.191416
 0.0487854 0.0952352 0.100259 0.100539 0.100553
 0.0964433 0.188269 0.198202 0.198754 0.198783
YTP_r0W_actual
 148210 89205 72968.2 24966.1 21149.7
YTP_p0W_proyectada
 0 0 0 0 0
 0 0 0 0 0
 0 0 0 0 0
 0 0 0 0 0
 0 0 0 0 0
 0 0 0 0 0
CTP_r0_actual
 19656.4 5112.03 3031.5 797.129 599.992
CTP_p0_proyectada
 0 0 0 0 0
 0 0 0 0 0
 0 0 0 0 0
 0 0 0 0 0
 0 0 0 0 0
 0 0 0 0 0
Wmedp
 7.54 17.45 24.07 31.32 35.25
Frms_r0
 0.0964433 0.188269 0.198202 0.198754 0.198783
Zrms_r0
 1.09644 1.18827 1.1982 1.19875 1.19878
nmprior
 7.29 8.9 8.7 0
nm_flota  nm_reclas  nm_pelaces    nm_pelaL
inf 11.4538 15.7646 47.5067
cv_recla  cv_pelaces  cv_mph
0.393363 0.574338 0.672891
 ------------------------------------------------
Talla a la edad & desviaci?n 
 8 13.2811 15.8009 17.003 17.5766
 0.8 1.32811 1.58009 1.7003 1.75766
