years
 1991 1992 1993 1994 1995 1996 1997 1998 1999 2000 2001 2002 2003 2004 2005 2006 2007 2008 2009 2010 2011 2012 2013 2014 2015 2016 2017 2018 2019 2020 2021 2022 2023
reclasobs
 0 0 0 0 0 0 0 0 0 252601 567819 844713 477998 351125 339783 2.1784e+06 2.13404e+06 4.81314e+06 1.55562e+06 2.62356e+06 3.21686e+06 3.843e+06 1.13348e+06 3.07943e+06 1.97215e+06 2.03268e+06 2.025e+06 2.42433e+06 2.27542e+06 1.05018e+06 2.36338e+06 3.18982e+06 1.53035e+06
reclaspred
 3.04261e+06 1.61959e+06 838674 797991 859475 1.78607e+06 865602 747075 500427 301661 580089 1.08159e+06 903839 262256 734069 2.04642e+06 1.98855e+06 2.89564e+06 1.92624e+06 1.56173e+06 3.18899e+06 2.53004e+06 1.73639e+06 2.74164e+06 2.17398e+06 1.94003e+06 2.39364e+06 2.777e+06 2.40855e+06 1.8796e+06 1.50225e+06 1.35218e+06 1.27784e+06
pelacesobs
 0 0 0 0 0 0 0 0 0 0 0 0 0 0 0 552880 188675 0 991730 2.46772e+06 1.41603e+06 1.21717e+06 2.29649e+06 1.80582e+06 0 1.4828e+06 1.56532e+06 1.57751e+06 1.42118e+06 867257 1.10002e+06 1.06204e+06 0
pelacespred
 1.62465e+06 910098 439054 326753 418111 889674 364343 454751 255205 131504 296024 488058 454976 98765 366099 890061 976201 1.46408e+06 938923 642124 1.53612e+06 1.21603e+06 923560 1.54627e+06 1.18388e+06 1.09528e+06 1.50017e+06 1.55742e+06 1.33886e+06 1.15807e+06 771880 735272 627382
mphobs
 0 0 0 0 0 0 0 0 0 0 0 0 498337 0 5186 125008 0 168611 109162 213762 579715 649985 157893 87575 83554 210694 70296 0 107559 103333 445601 22526 28222
mphpred
 442778 308329 140906 81260.6 82284 111550 177802 77092.1 70758.2 38234.6 22781.4 77526.6 125032 58280.2 11956.4 70940.6 264620 227388 246583 322731 410703 607687 107397 75289.8 128902 109556 90194.2 109671 168603 125246 78935.2 72289.4 43413.2
desembarqueobs
 494567 514787 250237 358949 120608 361735 552515 73892 212993 205616 52469 317467 293654 387597 252695 516296 358380 742168 942051 627588 828172 859565 418607 520667 417249 300574 415391 372974 316634 284311 391294 218835 356480
desembarquepred
 494552 514244 250378 359003 120613 361716 552433 73897.8 213052 205666 52470.2 317426 293752 387728 252586 516084 358358 741978 941278 627120 828131 859472 418655 520676 417160 300576 415361 372903 316557 284196 391282 218870 356510
Reclutas
 159849 81006.2 85772 100069 90885.1 190922 61058.6 27189.4 28282.7 38624.3 80487.1 158398 73018.9 34468.6 90820.6 379829 75707.6 327846 241546 240473 329573 369770 60368.5 204045 201693 72096.4 185697 218715 87770.6 94054.6 91894 46865 121213
log_desv_Rt
 0.376338 -0.303365 -0.246199 -0.0920334 -0.188296 0.553976 -0.586058 -1.39506 -1.35564 -1.04401 -0.309795 0.367218 -0.407172 -1.15784 -0.189005 1.24183 -0.371013 1.09465 0.789168 0.784718 1.09991 1.21499 -0.597424 0.620448 0.608853 -0.419887 0.526227 0.68988 -0.223165 -0.154016 -0.177256 -0.850621 0.0996567
SSB
 1.12486e+06 783296 357966 206439 209039 283388 451699 195849 179758 97133.4 57875.3 196953 301122 142293 29013 173568 672256 577670 655095 370466 484650 763070 679503 457049 720254 653027 504459 585995 936387 651042 482437 449545 249640
BT
 1.78748e+06 1.26078e+06 605890 602549 487621 1.20698e+06 812100 492261 454934 323705 353151 756082 685119 485840 650375 1.374e+06 1.15295e+06 2.10808e+06 1.83074e+06 1.17206e+06 2.25787e+06 1.95812e+06 1.17675e+06 2.05908e+06 1.47905e+06 1.24527e+06 1.925e+06 1.89357e+06 1.41412e+06 1.30992e+06 1.07232e+06 841754 947002
Ftot
 0.391104 0.708378 0.702922 1.22063 0.394518 0.644541 1.38574 0.264926 1.13311 1.80323 0.336185 0.914194 0.828162 3.09858 1.37491 0.947873 0.441188 0.771086 1.31165 1.21607 0.81375 0.953632 0.566544 0.611053 0.521181 0.385195 0.540326 0.434595 0.305925 0.386293 0.705191 0.398768 0.86705
BD_Bspro_t
 0.940301 0.66777 0.420404 0.32662 0.314413 0.434125 0.465264 0.250759 0.299803 0.220176 0.186256 0.516577 0.471372 0.246473 0.0725055 0.308284 0.513266 0.449433 0.42346 0.278721 0.291978 0.378662 0.378956 0.326952 0.466406 0.501157 0.490647 0.556065 0.64942 0.571592 0.520836 0.483903 0.44684
BD_Bspro
 1.4231 0.990976 0.452876 0.261174 0.264463 0.358525 0.571461 0.247776 0.227419 0.122887 0.0732201 0.249173 0.380961 0.18002 0.0367054 0.219587 0.850496 0.730832 0.828785 0.46869 0.613149 0.965388 0.859664 0.57823 0.91122 0.826168 0.63821 0.741364 1.18466 0.823657 0.610349 0.568735 0.315829
BD_Bo
 2.40174 1.67246 0.764312 0.440779 0.44633 0.605076 0.964446 0.418168 0.383811 0.207395 0.123572 0.420525 0.642941 0.303816 0.0619471 0.370593 1.43537 1.23341 1.39873 0.791002 1.0348 1.62927 1.45084 0.97587 1.53785 1.39431 1.0771 1.25119 1.99933 1.39007 1.03008 0.959846 0.533019
BD_Brms
 2.56976 1.78945 0.817781 0.471614 0.477554 0.647405 1.03192 0.447421 0.410661 0.221903 0.132217 0.449943 0.687919 0.32507 0.0662807 0.396519 1.53578 1.3197 1.49658 0.846337 1.10719 1.74325 1.55234 1.04414 1.64543 1.49185 1.15245 1.33872 2.13919 1.48732 1.10214 1.02699 0.570307
Sel_flota
 0.401452 0.927238 0.995887 0.999783 0.999989
 0.401452 0.927238 0.995887 0.999783 0.999989
 0.401452 0.927238 0.995887 0.999783 0.999989
 0.401452 0.927238 0.995887 0.999783 0.999989
 0.401452 0.927238 0.995887 0.999783 0.999989
 0.401452 0.927238 0.995887 0.999783 0.999989
 0.401452 0.927238 0.995887 0.999783 0.999989
 0.401452 0.927238 0.995887 0.999783 0.999989
 0.401452 0.927238 0.995887 0.999783 0.999989
 0.401452 0.927238 0.995887 0.999783 0.999989
 0.401452 0.927238 0.995887 0.999783 0.999989
 0.401452 0.927238 0.995887 0.999783 0.999989
 0.401452 0.927238 0.995887 0.999783 0.999989
 0.401452 0.927238 0.995887 0.999783 0.999989
 0.401452 0.927238 0.995887 0.999783 0.999989
 0.401452 0.927238 0.995887 0.999783 0.999989
 0.401452 0.927238 0.995887 0.999783 0.999989
 0.401452 0.927238 0.995887 0.999783 0.999989
 0.401452 0.927238 0.995887 0.999783 0.999989
 0.401452 0.927238 0.995887 0.999783 0.999989
 0.401452 0.927238 0.995887 0.999783 0.999989
 0.401452 0.927238 0.995887 0.999783 0.999989
 0.401452 0.927238 0.995887 0.999783 0.999989
 0.401452 0.927238 0.995887 0.999783 0.999989
 0.401452 0.927238 0.995887 0.999783 0.999989
 0.401452 0.927238 0.995887 0.999783 0.999989
 0.401452 0.927238 0.995887 0.999783 0.999989
 0.401452 0.927238 0.995887 0.999783 0.999989
 0.401452 0.927238 0.995887 0.999783 0.999989
 0.401452 0.927238 0.995887 0.999783 0.999989
 0.401452 0.927238 0.995887 0.999783 0.999989
 0.401452 0.927238 0.995887 0.999783 0.999989
 0.401452 0.927238 0.995887 0.999783 0.999989
Sel_reclas
 0.879943 0.973605 0.994642 0.998931 0.999787
 0.879943 0.973605 0.994642 0.998931 0.999787
 0.879943 0.973605 0.994642 0.998931 0.999787
 0.879943 0.973605 0.994642 0.998931 0.999787
 0.879943 0.973605 0.994642 0.998931 0.999787
 0.879943 0.973605 0.994642 0.998931 0.999787
 0.879943 0.973605 0.994642 0.998931 0.999787
 0.879943 0.973605 0.994642 0.998931 0.999787
 0.879943 0.973605 0.994642 0.998931 0.999787
 0.879943 0.973605 0.994642 0.998931 0.999787
 0.879943 0.973605 0.994642 0.998931 0.999787
 0.879943 0.973605 0.994642 0.998931 0.999787
 0.879943 0.973605 0.994642 0.998931 0.999787
 0.879943 0.973605 0.994642 0.998931 0.999787
 0.879943 0.973605 0.994642 0.998931 0.999787
 0.879943 0.973605 0.994642 0.998931 0.999787
 0.879943 0.973605 0.994642 0.998931 0.999787
 0.879943 0.973605 0.994642 0.998931 0.999787
 0.879943 0.973605 0.994642 0.998931 0.999787
 0.879943 0.973605 0.994642 0.998931 0.999787
 0.879943 0.973605 0.994642 0.998931 0.999787
 0.879943 0.973605 0.994642 0.998931 0.999787
 0.879943 0.973605 0.994642 0.998931 0.999787
 0.879943 0.973605 0.994642 0.998931 0.999787
 0.879943 0.973605 0.994642 0.998931 0.999787
 0.879943 0.973605 0.994642 0.998931 0.999787
 0.879943 0.973605 0.994642 0.998931 0.999787
 0.879943 0.973605 0.994642 0.998931 0.999787
 0.879943 0.973605 0.994642 0.998931 0.999787
 0.879943 0.973605 0.994642 0.998931 0.999787
 0.879943 0.973605 0.994642 0.998931 0.999787
 0.879943 0.973605 0.994642 0.998931 0.999787
 0.879943 0.973605 0.994642 0.998931 0.999787
Sel_pelaces
 0.679077 0.914157 0.981683 0.996306 0.999264
 0.679077 0.914157 0.981683 0.996306 0.999264
 0.679077 0.914157 0.981683 0.996306 0.999264
 0.679077 0.914157 0.981683 0.996306 0.999264
 0.679077 0.914157 0.981683 0.996306 0.999264
 0.679077 0.914157 0.981683 0.996306 0.999264
 0.679077 0.914157 0.981683 0.996306 0.999264
 0.679077 0.914157 0.981683 0.996306 0.999264
 0.679077 0.914157 0.981683 0.996306 0.999264
 0.679077 0.914157 0.981683 0.996306 0.999264
 0.679077 0.914157 0.981683 0.996306 0.999264
 0.679077 0.914157 0.981683 0.996306 0.999264
 0.679077 0.914157 0.981683 0.996306 0.999264
 0.679077 0.914157 0.981683 0.996306 0.999264
 0.679077 0.914157 0.981683 0.996306 0.999264
 0.679077 0.914157 0.981683 0.996306 0.999264
 0.679077 0.914157 0.981683 0.996306 0.999264
 0.679077 0.914157 0.981683 0.996306 0.999264
 0.679077 0.914157 0.981683 0.996306 0.999264
 0.679077 0.914157 0.981683 0.996306 0.999264
 0.679077 0.914157 0.981683 0.996306 0.999264
 0.679077 0.914157 0.981683 0.996306 0.999264
 0.679077 0.914157 0.981683 0.996306 0.999264
 0.679077 0.914157 0.981683 0.996306 0.999264
 0.679077 0.914157 0.981683 0.996306 0.999264
 0.679077 0.914157 0.981683 0.996306 0.999264
 0.679077 0.914157 0.981683 0.996306 0.999264
 0.679077 0.914157 0.981683 0.996306 0.999264
 0.679077 0.914157 0.981683 0.996306 0.999264
 0.679077 0.914157 0.981683 0.996306 0.999264
 0.679077 0.914157 0.981683 0.996306 0.999264
 0.679077 0.914157 0.981683 0.996306 0.999264
 0.679077 0.914157 0.981683 0.996306 0.999264
pf_obs 
 0.8446 0.082 0.0669 0.0065 0
 0.8095 0.147 0.0364 0.0071 0
 0.9664 0.0169 0.016 0.0007 0
 0.9276 0.0648 0.0075 0.0001 0
 0.7033 0.2144 0.0806 0.0017 0
 0.9318 0.0425 0.0243 0.0014 0
 0.5671 0.3108 0.0964 0.0239 0.0018
 0.0768 0.2599 0.5324 0.112 0.0189
 0.490249 0.384438 0.106611 0.0170017 0.00170017
 0.7925 0.1577 0.0466 0.003 0.0002
 0.840416 0.127587 0.0312969 0.00059994 9.999e-05
 0.8084 0.0986 0.0794 0.0134 0.0002
 0.7335 0.1905 0.0724 0.0035 0.0001
 0.4001 0.4547 0.1325 0.0127 0
 0.49795 0.308269 0.164784 0.0264974 0.00249975
 0.9179 0.0499 0.0305 0.0017 0
 0.2467 0.6533 0.0926 0.0074 0
 0.9418 0.0223 0.034 0.0019 0
 0.707729 0.231977 0.0356964 0.0245975 0
 0.517169 0.277429 0.184464 0.0207286 0.00020938
 0.811772 0.124168 0.05621 0.00726502 0.000585176
 0.764997 0.148141 0.077277 0.00933861 0.000247198
 0.163321 0.427699 0.378323 0.0303852 0.000271297
 0.753843 0.0900009 0.118128 0.0371064 0.000921714
 0.721811 0.176058 0.0630433 0.0369309 0.00215725
 0.143369 0.312575 0.442814 0.0836902 0.0175525
 0.692698 0.0596174 0.167031 0.0765114 0.00414204
 0.394062 0.376323 0.152708 0.0712218 0.00568511
 0.125707 0.32114 0.495352 0.0537591 0.00404204
 0.23352 0.215282 0.420074 0.123614 0.00750983
 0.796117 0.104755 0.0508955 0.0450114 0.00322123
 0.162477 0.292055 0.404252 0.121198 0.0200186
 0 0 0 0 0
pf_pred 
 0.47677 0.175325 0.320728 0.0271762 1.19879e-06
 0.361817 0.449792 0.0667556 0.112174 0.00946088
 0.54046 0.283389 0.127842 0.0171793 0.0311298
 0.638766 0.279003 0.0526528 0.0214998 0.00807808
 0.618735 0.326548 0.0434379 0.00724067 0.00403901
 0.72595 0.219975 0.0468686 0.00572647 0.00147992
 0.356368 0.566736 0.0628791 0.0121577 0.0018592
 0.390211 0.403512 0.184393 0.0179195 0.00396492
 0.508116 0.300947 0.129738 0.0547315 0.00646696
 0.729766 0.210593 0.0382107 0.0145936 0.00683738
 0.833118 0.15345 0.0108167 0.00168059 0.000934277
 0.745583 0.235262 0.0177281 0.00115038 0.000276806
 0.452922 0.491072 0.0521972 0.00352592 0.000282114
 0.465235 0.381122 0.139364 0.0133131 0.000965496
 0.92331 0.0666509 0.00761042 0.00220549 0.000223011
 0.909464 0.0884824 0.00181448 0.000181417 5.7461e-05
 0.266867 0.709476 0.0231759 0.000425542 5.56756e-05
 0.77273 0.108938 0.114824 0.00343756 7.10316e-05
 0.578525 0.383869 0.0189949 0.0180625 0.00054878
 0.67348 0.270183 0.0518882 0.00225509 0.00219357
 0.729726 0.236351 0.0286511 0.00485869 0.000413606
 0.661543 0.300237 0.0338484 0.00369558 0.000676096
 0.213001 0.673292 0.102085 0.0103003 0.00132209
 0.702734 0.124287 0.149914 0.0207184 0.00234667
 0.589816 0.356398 0.0237434 0.0260544 0.00398755
 0.307198 0.546491 0.128625 0.00782914 0.00985636
 0.675419 0.170864 0.123378 0.026687 0.00365179
 0.61538 0.326498 0.0319284 0.0210444 0.00514865
 0.324661 0.541209 0.115337 0.0103461 0.00844687
 0.45443 0.29394 0.204835 0.0402637 0.00653071
 0.513274 0.331791 0.0867581 0.0555472 0.0126301
 0.393174 0.454109 0.107395 0.0254403 0.0198816
 0.725071 0.171156 0.0793176 0.0172219 0.00723283
pobs_RECLAS
 0 0 0 0 0
 0 0 0 0 0
 0 0 0 0 0
 0 0 0 0 0
 0 0 0 0 0
 0 0 0 0 0
 0 0 0 0 0
 0 0 0 0 0
 0 0 0 0 0
 0 0 0 0 0
 0.991045 0.00858322 0.000360255 1.14367e-05 0
 0.934742 0.0480273 0.0164251 0.00080598 0
 0.827803 0.169806 0.00239088 0 0
 0.941827 0.0461693 0.0120037 0 0
 0.791401 0.0380133 0.147996 0.0225897 0
 0.846168 0.0940531 0.0597789 0 0
 0.134021 0.677848 0.182769 0.00536245 0
 0.80878 0.0450904 0.141981 0.00414843 0
 0.846168 0.0940531 0.0597789 0 0
 0.905697 0.0802665 0.012482 0.00150086 5.37128e-05
 0.989698 0.0102097 9.19794e-05 0 0
 0.975433 0.0193895 0.00387452 0.00125025 5.28907e-05
 0.303575 0.632131 0.0575291 0.00676475 0
 0.966965 0.00978017 0.0227588 0.000495775 0
 0.843318 0.132988 0.00938335 0.0141283 0.000182051
 0.564624 0.303363 0.111486 0.0197234 0.00080311
 0.826376 0.0876187 0.0782897 0.00655872 0.00115652
 0.89761 0.0855135 0.0140674 0.00269457 0.000114338
 0.34875 0.467042 0.161289 0.0227151 0.000203297
 0.318654 0.224769 0.449479 0.00709798 0
 0.937255 0.0296025 0.0250945 0.00804832 0
 0.456809 0.399803 0.12412 0.0192676 0
 0.883104 0.0372192 0.0704036 0.00927362 0
ppred_RECLAS
 0.667956 0.115218 0.199885 0.0169407 7.47761e-07
 0.556976 0.317392 0.0445153 0.0748041 0.00631302
 0.723726 0.174029 0.074196 0.00997066 0.0180788
 0.804091 0.153486 0.0271658 0.011088 0.00416863
 0.777099 0.192335 0.0242625 0.00404523 0.00225797
 0.853198 0.119109 0.0240012 0.0029327 0.000758394
 0.565232 0.385818 0.0400303 0.00773535 0.00118363
 0.579357 0.28319 0.122865 0.0119436 0.00264438
 0.705809 0.184348 0.0746429 0.0314785 0.00372171
 0.870599 0.102488 0.0172477 0.00658033 0.00308478
 0.914164 0.0792535 0.00530076 0.000823786 0.000458257
 0.867293 0.12325 0.00875238 0.000567867 0.000136726
 0.647252 0.318477 0.03194 0.0021574 0.000172725
 0.728336 0.199441 0.0655286 0.00624173 0.00045288
 0.965819 0.0299611 0.00319982 0.000926775 9.3768e-05
 0.957271 0.0418149 0.000807684 8.07416e-05 2.55895e-05
 0.438169 0.544618 0.0168634 0.000309697 4.05451e-05
 0.884774 0.0568825 0.0566133 0.00169484 3.50431e-05
 0.761332 0.218618 0.0101297 0.0096276 0.000292684
 0.826646 0.144997 0.0261182 0.00113464 0.00110437
 0.856821 0.126099 0.0144256 0.00244618 0.000208366
 0.814283 0.165834 0.0176087 0.0019222 0.000351879
 0.370495 0.542738 0.0778968 0.00786072 0.0010096
 0.840855 0.0686907 0.0783913 0.0108348 0.00122798
 0.756939 0.212662 0.013418 0.0147262 0.00225524
 0.488582 0.407851 0.0910414 0.00554276 0.00698245
 0.821338 0.096475 0.0659631 0.01427 0.00195392
 0.775166 0.192367 0.0178324 0.011756 0.00287802
 0.507359 0.398823 0.0806664 0.00723802 0.00591313
 0.645193 0.195817 0.129415 0.0254445 0.00412971
 0.700674 0.207673 0.0513192 0.0328582 0.0074759
 0.58336 0.315887 0.0708422 0.0167853 0.0131261
 0.856308 0.0914208 0.0399523 0.00867381 0.0036451
pobs_PELACES
 0 0 0 0 0
 0 0 0 0 0
 0 0 0 0 0
 0 0 0 0 0
 0 0 0 0 0
 0 0 0 0 0
 0 0 0 0 0
 0 0 0 0 0
 0 0 0 0 0
 0 0 0 0 0
 0 0 0 0 0
 0 0 0 0 0
 0 0 0 0 0
 0 0 0 0 0
 0 0 0 0 0
 0 0 0 0 0
 0.505614 0.472636 0.0217494 0 0
 0 0 0 0 0
 0.443492 0.261883 0.143347 0.151278 0
 0.227955 0.32914 0.350689 0.0885471 0.00366901
 0.970185 0.0296113 0.000203453 0 0
 0.997202 0.00247181 0.000326279 0 0
 0.445219 0.490057 0.0546422 0.010081 0
 0.90214 0.0892962 0.00764917 0.000914606 0
 0 0 0 0 0
 0.581667 0.319106 0.0959925 0.00289975 0.000334073
 0.762889 0.0836404 0.116647 0.0363945 0.000428098
 0.88444 0.0763242 0.0277011 0.0115352 0
 0.521256 0.241999 0.230069 0.00667565 0
 0.616807 0.101726 0.260614 0.0208532 0
 0.833518 0.0704572 0.0857862 0.0102388 0
 0.697417 0.212968 0.0787535 0.0105354 0.000325836
 0 0 0 0 0
ppred_PELACES
 0.632556 0.124043 0.224208 0.0191928 8.48931e-07
 0.535973 0.328622 0.0476768 0.0808874 0.00684049
 0.705789 0.18278 0.080619 0.0109381 0.0198738
 0.805671 0.151397 0.0273985 0.0112832 0.00425057
 0.753087 0.211774 0.0278313 0.00468678 0.00262151
 0.84139 0.12779 0.0266754 0.00329108 0.000852828
 0.575532 0.375818 0.0397206 0.0077426 0.00118713
 0.538685 0.305969 0.138703 0.0136207 0.00302201
 0.70378 0.183729 0.0762158 0.0324333 0.00384239
 0.88293 0.0924857 0.0157057 0.00604115 0.00283765
 0.902411 0.0897923 0.00626496 0.000983467 0.000548226
 0.862662 0.127276 0.0093059 0.000609426 0.000147033
 0.634466 0.328989 0.0340374 0.00232082 0.000186191
 0.791321 0.153999 0.049581 0.00475349 0.000345553
 0.96711 0.0287545 0.00312906 0.000914213 9.26836e-05
 0.95593 0.0430992 0.000856488 8.64172e-05 2.74442e-05
 0.408681 0.572484 0.0184477 0.00034217 4.48895e-05
 0.87647 0.0599725 0.0616555 0.00186339 3.86074e-05
 0.766629 0.21332 0.0100857 0.00967045 0.000294581
 0.828225 0.143128 0.0263641 0.00115559 0.00112703
 0.84944 0.132071 0.0155916 0.00266897 0.000227811
 0.809111 0.16991 0.0185591 0.00204479 0.000375086
 0.346775 0.560191 0.0834371 0.00850234 0.00109426
 0.825361 0.0737817 0.0872917 0.0121825 0.00138358
 0.735888 0.229795 0.0150618 0.0166934 0.0025618
 0.454199 0.431476 0.100362 0.00617158 0.00779079
 0.80292 0.104477 0.0741753 0.0162044 0.00222339
 0.752208 0.21062 0.0203221 0.0135309 0.00331944
 0.469481 0.425797 0.0899026 0.00814857 0.00667091
 0.610487 0.210815 0.145178 0.0288303 0.00468898
 0.682408 0.217742 0.0556635 0.0359827 0.00820366
 0.549539 0.337845 0.0789264 0.0188881 0.0148012
 0.849066 0.0948842 0.0427393 0.00936621 0.00394415
pobs_pel_tallas
 0 0 0 0 0 0 0 0 0 0 0 0 0 0 0 0 0 0 0 0 0 0 0 0 0 0
 0 0 0 0 0 0 0 0 0 0 0 0 0 0 0 0 0 0 0 0 0 0 0 0 0 0
 0 0 0 0 0 0 0 0 0 0 0 0 0 0 0 0 0 0 0 0 0 0 0 0 0 0
 0 0 0 0 0 0 0 0 0 0 0 0 0 0 0 0 0 0 0 0 0 0 0 0 0 0
 0 0 0 0 0 0 0 0 0 0 0 0 0 0 0 0 0 0 0 0 0 0 0 0 0 0
 0 0 0 0 0 0 0 0 0 0 0 0 0 0 0 0 0 0 0 0 0 0 0 0 0 0
 0 0 0 0 0 0 0 0 0 0 0 0 0 0 0 0 0 0 0 0 0 0 0 0 0 0
 0 0 0 0 0 0 0 0 0 0 0 0 0 0 0 0 0 0 0 0 0 0 0 0 0 0
 0 0 0 0 0 0 0 0 0 0 0 0 0 0 0 0 0 0 0 0 0 0 0 0 0 0
 0 0 0 0 0 0 0 0 0 0 0 0 0 0 0 0 0 0 0 0 0 0 0 0 0 0
 0 0 0 0 0 0 0 0 0 0 0 0 0 0 0 0 0 0 0 0 0 0 0 0 0 0
 0 0 0 0 0 0 0 0 0 0 0 0 0 0 0 0 0 0 0 0 0 0 0 0 0 0
 0.00862536 0 0 0.000197151 0.00414017 0.0128641 0.00837892 0.0270097 0.101434 0.158115 0.152841 0.127902 0.109271 0.109419 0.0830992 0.0579132 0.0238553 0.00714673 0.00463305 0.00128148 0.00103504 0.000492878 0.000147863 0.000147863 4.92878e-05 0
 0 0 0 0 0 0 0 0 0 0 0 0 0 0 0 0 0 0 0 0 0 0 0 0 0 0
 0 0 0 0 0 0 0 0.0054083 0.00873648 0.0413646 0.0450493 0.0745869 0.0622846 0.0627006 0.0613931 0.0827291 0.12552 0.122667 0.0946155 0.0697135 0.0546179 0.0294188 0.0215738 0.0213955 0.0102223 0.00600262
 0 0 0 0 0.00359764 0.0251062 0.0480494 0.140153 0.205849 0.193036 0.1447 0.116669 0.0760912 0.0342217 0.00950174 0.001854 0.000860785 0 0 0 0.000165536 0 0.000143464 0 0 0
 0 0 0 0 0 0 0 0.000145254 0.000435761 0.0275982 0.070085 0.0708112 0.156366 0.174668 0.174014 0.160142 0.0824315 0.0480064 0.0283245 0.00493863 0.00203355 0 0 0 0 0
 0 0 0 0 0 0 0 0 0 0 0 0 0 0 0 0 0 0 0 0 0 0 0 0 0 0
 0 0 1.00437e-05 0.000401748 0.00122533 0.00171747 0.00176769 0.0269171 0.070346 0.194647 0.189555 0.159765 0.064822 0.0314167 0.0384472 0.0292271 0.0345202 0.0313363 0.0194345 0.0106764 0.0143323 0.0359363 0.0279516 0.0138201 0.00172751 0
 0 0.0021121 0.0136068 0.0755702 0.200478 0.177729 0.0527432 0.0373336 0.0318909 0.0142505 0.0149659 0.0166563 0.0217959 0.0798694 0.0677717 0.0528807 0.04013 0.0224614 0.0357745 0.0225083 0.00881397 0.00855152 0.00135912 0.000746735 0 0
 0 0 0 0 5.4009e-05 0.00500934 0.000945158 0.0243581 0.138947 0.33067 0.221406 0.137944 0.0707744 0.0437923 0.0131692 0.00525238 0.0047753 0.00276346 9.45158e-05 9.00151e-06 2.25038e-05 9.00151e-06 4.50075e-06 0 0 0
 0.000866109 0.00284123 0.00948549 0.0512746 0.133035 0.25785 0.225252 0.132002 0.0553304 0.0519788 0.0540692 0.017754 0.00435017 0.00159236 0.00146478 0.000404838 0.000125132 0.000115318 0.000107957 0.000100596 0 0 0 0 0 0
 0 0 0 0 0.00144013 0.00171154 0.00461396 0.0210425 0.0478622 0.0707936 0.0888783 0.103762 0.0637923 0.0337046 0.0602308 0.124433 0.169614 0.0934646 0.0462172 0.0250306 0.0313229 0.00938855 0.002487 0.000210481 0 0
 0 0.00764035 0.051015 0.0998891 0.058973 0.0496711 0.0374665 0.0718981 0.12319 0.153886 0.159021 0.0857701 0.0377988 0.023471 0.0147837 0.00900784 0.00315554 0.000888139 0.00291439 0.00214683 0.00393193 0.00274676 0.000635225 9.99891e-05 0 0
 0 0 0 0 0 0 0 0 0 0 0 0 0 0 0 0 0 0 0 0 0 0 0 0 0 0
 0 0 0 0 0 0 0 0 0 0 0 0 0 0 0 0 0 0 0 0 0 0 0 0 0 0
 0 0 0 0 0 0 0 0 0 0 0 0 0 0 0 0 0 0 0 0 0 0 0 0 0 0
 0 0 0 0 0 0 0 0 0 0 0 0 0 0 0 0 0 0 0 0 0 0 0 0 0 0
 0 0 0 0 0 0 0 0 0 0 0 0 0 0 0 0 0 0 0 0 0 0 0 0 0 0
 0 0 0 0 0 0 0 0 0 0 0 0 0 0 0 0 0 0 0 0 0 0 0 0 0 0
 0 0 0 0 0 0 0 0 0 0 0 0 0 0 0 0 0 0 0 0 0 0 0 0 0 0
 0 0 0 0 0 0 0 0 0 0 0 0 0 0 0 0 0 0 0 0 0 0 0 0 0 0
 0 0 0 0 0 0 0 0 0 0 0 0 0 0 0 0 0 0 0 0 0 0 0 0 0 0
ppred_pel_tallas
 1.08427e-16 5.21028e-05 0.000506458 0.00336559 0.0152995 0.0476025 0.101423 0.148032 0.148044 0.101483 0.0478054 0.0158897 0.00486268 0.00382604 0.00650705 0.0110666 0.0168471 0.0230775 0.0289383 0.0339428 0.0380247 0.0411931 0.043116 0.0431003 0.0405427 0.0354529
 1.1073e-16 4.41475e-05 0.000429129 0.00285172 0.0129635 0.0403345 0.085938 0.125436 0.125467 0.0860929 0.0408547 0.0144666 0.00662645 0.00867555 0.015725 0.0259819 0.0375649 0.0475672 0.0530887 0.0528791 0.0481132 0.0415785 0.0359233 0.032319 0.0303342 0.0287447
 1.06834e-16 5.8135e-05 0.000565093 0.00375524 0.0170708 0.0531137 0.113165 0.165171 0.165189 0.113251 0.0534046 0.0179122 0.00587173 0.00520004 0.00890389 0.0147413 0.0214965 0.0275956 0.0314664 0.032382 0.0308527 0.0281841 0.0255784 0.0235091 0.0217467 0.0198154
 1.02681e-16 6.63621e-05 0.000645063 0.00428667 0.0194866 0.0606301 0.129179 0.188544 0.188559 0.129251 0.0608698 0.020179 0.00602528 0.00444256 0.0072848 0.0119551 0.0172561 0.0217884 0.0241746 0.0237866 0.0211128 0.0174105 0.0139302 0.0113195 0.00955436 0.00826224
 1.01772e-16 6.20308e-05 0.000602961 0.00400689 0.0182148 0.056673 0.120749 0.17624 0.176261 0.120848 0.0570078 0.0191817 0.0064339 0.00590047 0.0101209 0.0166283 0.0239345 0.0300697 0.0330674 0.0320171 0.0276004 0.0216219 0.0159284 0.0115587 0.00861185 0.0066594
 1.01277e-16 6.93042e-05 0.000673662 0.00447672 0.0203505 0.0633181 0.134906 0.196902 0.196915 0.134967 0.0635205 0.0209351 0.00594477 0.00388043 0.00616532 0.0100977 0.0145737 0.0183966 0.0203921 0.0200109 0.0176397 0.0143166 0.0110897 0.00852768 0.0066655 0.00526523
 1.0222e-16 4.74059e-05 0.000460802 0.00306219 0.0139203 0.0433114 0.0922809 0.134694 0.134731 0.0924578 0.0439053 0.0156351 0.00736553 0.00985123 0.0178703 0.0294386 0.0423327 0.0530847 0.0581878 0.0560167 0.047794 0.0367643 0.0262707 0.0182269 0.0128607 0.00942967
 1.05959e-16 4.43709e-05 0.000431301 0.00286615 0.0130291 0.0405385 0.0863727 0.12607 0.126099 0.0865176 0.0410255 0.0144374 0.00640835 0.00818746 0.0148434 0.0246473 0.0359152 0.0460231 0.0522887 0.0534168 0.0501698 0.0446585 0.0388838 0.0337354 0.0290502 0.0243401
 1.0615e-16 5.79694e-05 0.000563484 0.00374455 0.0170222 0.0529624 0.112843 0.164701 0.164719 0.11293 0.0532548 0.0178678 0.00587143 0.00522093 0.00894608 0.0148108 0.0215967 0.0277245 0.0316199 0.0325603 0.031065 0.0284426 0.025879 0.02381 0.0219603 0.0198273
 1.01564e-16 7.27258e-05 0.00070692 0.00469774 0.0213552 0.0664441 0.141566 0.206622 0.206631 0.14161 0.0665905 0.0217781 0.00575939 0.00302549 0.00447906 0.0072976 0.0105246 0.0132767 0.0147079 0.0144329 0.012752 0.0104385 0.00826549 0.00663856 0.0055505 0.00477611
 1.00396e-16 7.43304e-05 0.000722518 0.00480139 0.0218264 0.0679101 0.14469 0.211181 0.21119 0.144732 0.0680519 0.0222358 0.00582835 0.00296263 0.00432357 0.00701655 0.0100685 0.0125938 0.0137449 0.0131319 0.0110535 0.00830178 0.00569887 0.00372486 0.00244746 0.00168765
 1.00388e-16 7.10563e-05 0.000690693 0.0045899 0.020865 0.0649189 0.138317 0.20188 0.201892 0.138377 0.0651198 0.0214452 0.0060456 0.00386605 0.00609434 0.00994343 0.0142713 0.0178492 0.0194759 0.0185956 0.0156282 0.0116928 0.00795405 0.00509622 0.00322417 0.00209624
 1.01331e-16 5.22602e-05 0.000507988 0.00337576 0.0153457 0.0477465 0.10173 0.148485 0.148516 0.101885 0.0482662 0.0168467 0.00714216 0.00872617 0.0156485 0.0257564 0.0370238 0.0463985 0.0507989 0.048791 0.0414371 0.0315795 0.0221609 0.0148881 0.0100016 0.00689047
 1.02006e-16 6.51801e-05 0.000633574 0.00421032 0.0191395 0.0595502 0.126879 0.185186 0.185201 0.126951 0.0597946 0.019846 0.0059857 0.00451592 0.0074579 0.0122766 0.017795 0.0226176 0.0253562 0.0253501 0.0230243 0.0195406 0.016045 0.0131188 0.0107567 0.00870297
 1.00206e-16 7.96595e-05 0.000774319 0.00514562 0.0233913 0.0727789 0.155063 0.22632 0.226323 0.155077 0.0728243 0.0235225 0.00547494 0.00149298 0.00144382 0.00225897 0.00324196 0.0040673 0.00446279 0.00430456 0.00368645 0.00285628 0.00206843 0.00146701 0.00106677 0.000808693
 1.0005e-16 7.87387e-05 0.000765369 0.00508614 0.0231209 0.0719376 0.153271 0.223704 0.223708 0.153291 0.0720056 0.0233171 0.00557826 0.00183825 0.0021122 0.0033564 0.0048018 0.00598429 0.00649014 0.00613054 0.0050528 0.00364734 0.00232405 0.00132875 0.000704049 0.000365131
 1.00721e-16 3.36627e-05 0.000327213 0.00217445 0.00988477 0.0307555 0.0655298 0.0956542 0.0957093 0.0657989 0.0316586 0.0124919 0.00871358 0.0145852 0.027062 0.0445537 0.0638673 0.0796584 0.0865011 0.0818885 0.0677586 0.0492615 0.0317966 0.0185936 0.0102078 0.00553405
 1.01989e-16 7.21937e-05 0.000701748 0.00466336 0.021199 0.0659579 0.140531 0.20511 0.205116 0.140559 0.0660545 0.0214789 0.00536984 0.00225689 0.00306332 0.00504773 0.00749067 0.00988772 0.0117574 0.0128453 0.0132171 0.0131119 0.0126967 0.0119505 0.0107602 0.00910208
 1.01366e-16 6.31463e-05 0.000613804 0.00407895 0.0185423 0.0576921 0.12292 0.17941 0.17943 0.12302 0.0580288 0.0195144 0.00651762 0.00593267 0.0101507 0.0166451 0.0238881 0.0298665 0.0325782 0.0311102 0.0261933 0.0197316 0.0136915 0.0092041 0.00639419 0.00478274
 1.01105e-16 6.82198e-05 0.000663121 0.00440667 0.0200321 0.0623274 0.132796 0.193822 0.193836 0.132863 0.0625539 0.0206864 0.00604945 0.0042505 0.00688467 0.0112822 0.0162646 0.0204898 0.0226332 0.0220745 0.0192516 0.0153446 0.0115573 0.00856058 0.00642074 0.00488225
 1.00791e-16 6.99673e-05 0.000680107 0.00451955 0.0205452 0.0639239 0.136197 0.198786 0.198799 0.136259 0.0641326 0.021148 0.00603241 0.00398174 0.00633756 0.010359 0.0148976 0.018695 0.0205173 0.0197929 0.016947 0.0131112 0.00944985 0.00662673 0.00471919 0.00347129
 1.00848e-16 6.66454e-05 0.000647817 0.00430497 0.0195698 0.060889 0.129731 0.18935 0.189366 0.129811 0.0611575 0.0203451 0.00625062 0.00489348 0.0081249 0.0133132 0.0191395 0.0239989 0.0263011 0.0253078 0.0215674 0.0165435 0.0117472 0.00804879 0.00556169 0.00396347
 1.03589e-16 2.85635e-05 0.000277647 0.00184507 0.00838744 0.0260967 0.0556039 0.0811668 0.0812208 0.0558677 0.0269826 0.0109462 0.0082679 0.0142987 0.0266568 0.0440218 0.0634046 0.0797091 0.0877388 0.0850654 0.0734476 0.0575983 0.0423486 0.0304284 0.0221406 0.01645
 1.03994e-16 6.79839e-05 0.000660827 0.00439143 0.0199628 0.0621118 0.132336 0.19315 0.193157 0.132371 0.062231 0.0203087 0.00526565 0.00258876 0.00378668 0.00630175 0.00941897 0.0125695 0.0151999 0.0170217 0.0181086 0.0187004 0.0189015 0.0185607 0.0174255 0.0154022
 1.02602e-16 6.06142e-05 0.000589191 0.00391539 0.0177988 0.0553788 0.117991 0.172216 0.172238 0.118099 0.0557416 0.0188467 0.0065446 0.00632529 0.0109445 0.017972 0.0258261 0.0323621 0.0354455 0.0341115 0.0291532 0.0226053 0.0165422 0.0121164 0.00938932 0.00778632
 1.04944e-16 3.74118e-05 0.000363656 0.00241663 0.0109857 0.0341807 0.0728271 0.106302 0.106344 0.0730306 0.0348642 0.0129607 0.00737689 0.011201 0.020646 0.0341409 0.0493345 0.0623611 0.0692815 0.0682428 0.0605314 0.0496086 0.0389578 0.0304514 0.0241855 0.0193681
 1.04169e-16 6.61354e-05 0.00064286 0.00427203 0.01942 0.060423 0.128738 0.187899 0.187909 0.128788 0.0605902 0.0199043 0.00549226 0.00332217 0.00520028 0.00861189 0.0126787 0.0165289 0.0193064 0.0205979 0.0206226 0.0199693 0.0191148 0.0181387 0.01682 0.0149437
 1.0256e-16 6.19584e-05 0.000602258 0.00400222 0.0181935 0.0566069 0.120608 0.176035 0.176055 0.120707 0.0569397 0.0191546 0.00641424 0.00586602 0.010054 0.016511 0.0237519 0.0298163 0.0327554 0.0316837 0.0273125 0.0214755 0.0160354 0.0120172 0.0094672 0.00787468
 1.0465e-16 3.86706e-05 0.000375892 0.00249794 0.0113553 0.0353307 0.0752773 0.109878 0.109919 0.0754781 0.0360049 0.0133033 0.00738979 0.0110617 0.0203529 0.0336377 0.0485709 0.0613215 0.0679907 0.0667514 0.0588954 0.0478825 0.0372057 0.0287577 0.0226486 0.0180743
 1.07929e-16 5.02851e-05 0.000488789 0.00324817 0.0147657 0.0459418 0.0978846 0.14287 0.14289 0.0979849 0.0462791 0.0157423 0.00570841 0.00588947 0.0103951 0.0173357 0.0255053 0.0331985 0.0386791 0.0411056 0.040925 0.0393481 0.0373764 0.0352176 0.0324654 0.0287048
 1.06659e-16 5.62091e-05 0.000546373 0.00363084 0.0165053 0.0513542 0.109416 0.159701 0.159722 0.109519 0.0516995 0.0175035 0.00613908 0.00603057 0.0104977 0.0173357 0.0251355 0.0319734 0.035935 0.0361648 0.0333646 0.029266 0.0255097 0.0228168 0.0209473 0.0192301
 1.06764e-16 4.52649e-05 0.000439991 0.00292389 0.0132916 0.0413553 0.0881131 0.12861 0.128643 0.0882725 0.0418907 0.0148386 0.00680967 0.00893146 0.0161981 0.0267757 0.0387291 0.0490474 0.0546863 0.0542445 0.0487733 0.0409979 0.0336074 0.0279616 0.0239727 0.0208404
 1.02865e-16 6.99365e-05 0.000679807 0.00451756 0.0205362 0.0638957 0.136137 0.198698 0.198707 0.136182 0.0640468 0.0209731 0.00561658 0.00308677 0.0046641 0.00766009 0.0111687 0.0143408 0.0163555 0.0168285 0.0160129 0.0145705 0.0131103 0.0118723 0.0107484 0.00952219
pSPR Fmed_Fpbrs
1   0.984618 0.6 0.325 0.984618 0.984618 0.984618
Fs Fmed_Fpbrs
0   0.01 0.381945 1.00753 0.01 0.01 0.01
SSBpbr Bo_Bmed_Bpbrs
468351  444933  437729 257593 128796 437729 437729 437729
Ro
109716
SPR SPRFo_SPRFmed_SPRFpbrs
790428 790428 778270
Fref
0
Nvult_r0
 89729.2 12271.6 5469.62 1185.11 497.667
CTP_r0
 23168.4 5469 2534.46 550.295 231.113
YTP_r0
356510
Np
 121213 44591.7 16404.4 6034.83 3036.82
Nvult_p0
 76621.1 28187.3 10369.5 3814.74 1919.63
CTP_p0
 0 0 0 0 0
 0 0 0 0 0
 0 0 0 0 0
 0 0 0 0 0
 0 0 0 0 0
 0 0 0 0 0
YTP_p0
 0 0 0 0 0 0
CBA_c0
0
log_Ro
11.4256
likeval ReclasPelacesDesembMPH_pf_preclas_ppelaces_ptallas_desvR_qrecl_qpela
 19.4671 0.000302289 0.0194598 53.3663 239.949 135.86 114.865 0 24.053 2.88823e-05 6.24401e-05 0.0441297 2062.48 0 0
q_reclas_q_pelaces
2.13834 3.05719
M
1
N
 159849 27618.9 47535 4014.46 0.177053
 81006.2 50260.5 7069.95 11845.8 998.928
 85772 22424.3 9586.77 1284.52 2327.27
 100069 23795.6 4298.94 1751.29 657.929
 90885.1 22552.2 2822.69 468.961 261.551
 190922 28537.4 5754.73 701.03 181.142
 61058.6 54223.5 5775.2 1114.2 170.368
 27189.4 12878.1 5519.06 534.478 118.238
 28282.7 8993.24 3705.72 1559.51 184.245
 38624.3 6601.91 1156.97 441.059 206.624
 80487.1 6889.31 456.271 70.6505 39.2693
 158398 25871.3 1855.67 120.095 28.8934
 73018.9 40370.7 4077.4 274.669 21.9735
 34468.6 19264.3 6890.89 657.509 47.6811
 90820.6 3655.07 400.567 115.829 11.7108
 379829 19238.8 375.78 37.4733 11.8674
 75707.6 95506.5 2938.86 53.7869 7.03598
 327846 23330.5 23338.6 696.735 14.3948
 241546 88498.7 4198.73 3983.63 121.017
 240473 52483.3 9648.25 418.335 406.874
 329573 54294.2 6252.06 1057.29 89.9912
 369770 87454.4 9392.18 1022.76 187.086
 60368.5 92762.7 13288.1 1336.65 171.536
 204045 17690.5 20180.6 2780.58 314.892
 201693 58734.7 3692.99 4039.75 618.169
 72096.4 60190.5 13326.7 808.478 1017.64
 185697 22722.8 15492.4 3340.64 457.05
 218715 54992.9 5065.01 3327.58 813.971
 87770.6 67579.4 13520.8 1208.7 986.641
 94054.6 28557.3 18720.8 3667.7 594.79
 91894 29630.3 7342.85 4687.66 1065.7
 46865 25470.9 5668.46 1338.35 1045.73
 121213 14690.2 6473.92 1401.85 588.662
pred_Ctot
 14871.5 5468.76 10004.2 847.685 0.0373927
 12970.9 16124.7 2393.14 4021.37 339.165
 13640 7152.11 3226.46 433.569 785.649
 25492.8 11134.9 2101.34 858.046 322.392
 8524.51 4498.96 598.459 99.7572 55.6467
 28100.2 8514.84 1814.2 221.661 57.2851
 17222.3 27388.7 3038.77 587.547 89.8501
 1749.22 1808.84 826.589 80.3289 17.7738
 6778.79 4014.94 1730.84 730.175 86.2759
 13326.3 3845.65 697.768 266.495 124.858
 6494.54 1196.21 84.3214 13.1009 7.28312
 31687.2 9998.6 753.44 48.891 11.7642
 13412.5 14542.2 1545.73 104.414 8.35429
 17081.6 13993.3 5116.88 488.805 35.4492
 25458.3 1837.76 209.841 60.8118 6.14905
 78370.1 7624.68 156.357 15.6331 4.95151
 7880.96 20951.8 684.416 12.5668 1.64418
 56577.1 7976.1 8407.06 251.688 5.20073
 65214.2 43271.5 2141.2 2036.1 61.8611
 61075 24501.8 4705.52 204.504 198.926
 59619.3 19310.1 2340.83 396.96 33.792
 76689.4 34805 3923.87 428.41 78.3764
 7908.08 24997.3 3790.09 382.419 49.085
 28624.1 5062.5 6106.38 843.91 95.5855
 24483.7 14794.3 985.603 1081.54 165.526
 6612.47 11763.3 2768.67 168.523 212.159
 23298.1 5893.85 4255.84 920.551 125.966
 22451.5 11911.9 1164.87 767.784 187.843
 6476.8 10796.8 2300.91 206.399 168.51
 8649.45 5594.75 3898.75 766.365 124.303
 14655.5 9473.58 2477.19 1586.03 360.627
 4439.96 5128.06 1212.77 287.287 224.514
 23168.4 5469 2534.46 550.295 231.113
F
 0.157009 0.362646 0.389495 0.391019 0.391099
 0.28438 0.656836 0.705465 0.708224 0.70837
 0.28219 0.651776 0.700031 0.702769 0.702914
 0.490023 1.13181 1.21561 1.22036 1.22061
 0.15838 0.365812 0.392895 0.394432 0.394513
 0.258753 0.597643 0.64189 0.644401 0.644534
 0.556307 1.28491 1.38004 1.38544 1.38572
 0.106355 0.24565 0.263836 0.264868 0.264923
 0.454892 1.05067 1.12845 1.13287 1.1331
 0.723912 1.67203 1.79582 1.80284 1.80321
 0.134962 0.311723 0.334802 0.336112 0.336181
 0.367005 0.847676 0.910434 0.913995 0.914183
 0.332467 0.767903 0.824755 0.827982 0.828152
 1.24393 2.87313 3.08584 3.09791 3.09855
 0.551959 1.27487 1.36925 1.37461 1.37489
 0.380526 0.878904 0.943974 0.947667 0.947862
 0.177116 0.409086 0.439373 0.441092 0.441182
 0.309554 0.714981 0.767914 0.770918 0.771077
 0.526565 1.21621 1.30625 1.31136 1.31163
 0.488192 1.12758 1.21106 1.2158 1.21605
 0.326682 0.75454 0.810403 0.813573 0.813741
 0.382838 0.884244 0.94971 0.953425 0.953621
 0.22744 0.525321 0.564214 0.566421 0.566537
 0.245309 0.566592 0.60854 0.61092 0.611046
 0.209229 0.483259 0.519038 0.521068 0.521175
 0.154637 0.357167 0.38361 0.385111 0.38519
 0.216915 0.501011 0.538104 0.540209 0.54032
 0.174469 0.402973 0.432807 0.4345 0.43459
 0.122814 0.283666 0.304667 0.305859 0.305922
 0.155078 0.358185 0.384704 0.386209 0.386288
 0.2831 0.65388 0.70229 0.705038 0.705183
 0.160086 0.369753 0.397128 0.398681 0.398763
 0.348079 0.803962 0.863484 0.866862 0.86704
YTP_r0W_actual
 174690 95434.1 61004.5 17235.3 8146.73
YTP_p0W_proyectada
 0 0 0 0 0
 0 0 0 0 0
 0 0 0 0 0
 0 0 0 0 0
 0 0 0 0 0
 0 0 0 0 0
CTP_r0_actual
 23168.4 5469 2534.46 550.295 231.113
CTP_p0_proyectada
 0 0 0 0 0
 0 0 0 0 0
 0 0 0 0 0
 0 0 0 0 0
 0 0 0 0 0
 0 0 0 0 0
Wmedp
 7.54 17.45 24.07 31.32 35.25
Frms_r0
 0.348079 0.803962 0.863484 0.866862 0.86704
Zrms_r0
 1.34808 1.80396 1.86348 1.86686 1.86704
nmprior
 7.29 8.9 8.7 0
nm_flota  nm_reclas  nm_pelaces    nm_pelaL
inf 13.905 11.898 32.0379
cv_recla  cv_pelaces  cv_mph
0.382104 0.634864 0.585721
 ------------------------------------------------
Talla a la edad & desviaci?n 
 8 13.2811 15.8009 17.003 17.5766
 0.8 1.32811 1.58009 1.7003 1.75766
