years
 1991 1992 1993 1994 1995 1996 1997 1998 1999 2000 2001 2002 2003 2004 2005 2006 2007 2008 2009 2010 2011 2012 2013 2014 2015 2016 2017 2018 2019 2020 2021 2022 2023
reclasobs
 0 0 0 0 0 0 0 0 0 252601 567819 844713 477998 351125 339783 2.1784e+06 2.13404e+06 4.81314e+06 1.55562e+06 2.62356e+06 3.21686e+06 3.843e+06 1.13348e+06 3.07943e+06 1.97215e+06 2.03268e+06 2.025e+06 2.42433e+06 2.27542e+06 1.05018e+06 2.36338e+06 3.18982e+06 1.53035e+06
reclaspred
 3.01142e+06 1.67898e+06 890838 969027 1.02379e+06 1.51756e+06 1.00282e+06 953126 708963 546422 636143 777819 608294 304945 666908 1.71126e+06 1.81957e+06 2.38821e+06 1.69602e+06 1.39105e+06 2.86303e+06 2.40709e+06 1.91896e+06 2.9099e+06 2.30798e+06 2.09421e+06 2.49698e+06 2.74568e+06 2.42688e+06 1.86464e+06 1.66269e+06 1.61679e+06 1.62277e+06
pelacesobs
 0 0 0 0 0 0 0 0 0 0 0 0 0 0 0 552880 188675 0 991730 2.46772e+06 1.41603e+06 1.21717e+06 2.29649e+06 1.80582e+06 0 1.4828e+06 1.56532e+06 1.57751e+06 1.42118e+06 867257 1.10002e+06 1.06204e+06 0
pelacespred
 1.6796e+06 1.04451e+06 548153 490991 539260 831741 523294 596123 438279 323807 380423 398399 331849 163986 403488 866253 914072 1.31835e+06 991235 713132 1.52174e+06 1.35e+06 1.08619e+06 1.80025e+06 1.36554e+06 1.23361e+06 1.69578e+06 1.67807e+06 1.33279e+06 1.17713e+06 946323 912795 922419
mphobs
 0 0 0 0 0 0 0 0 0 0 0 0 498337 0 5186 125008 0 168611 109162 213762 579715 649985 157893 87575 83554 210694 70296 0 107559 103333 445601 22526 28222
mphpred
 466227 312382 155211 91293.5 110174 128347 159770 107644 98545.5 71945.3 50538.1 78376.4 86142.2 50590.4 21137.6 69099.5 215557 219208 215600 339369 404968 586079 101786 86028.6 125236 105329 92313.2 102709 144372 115113 76307.6 76686.2 51956
desembarqueobs
 494567 514787 250237 358949 120608 361735 552515 73892 212993 205616 52469 317467 293654 387597 252695 516296 358380 742168 942051 627588 828172 859565 418607 520667 417249 300574 415391 372974 316634 284311 391294 218835 356480
desembarquepred
 494571 513281 251027 358989 120614 361765 552600 73896.4 213044 205663 52471 317501 293852 388111 252675 516240 358391 742201 941974 627486 828222 859661 418666 520716 417249 300592 415409 372970 316623 284289 391334 218856 356501
Reclutas
 210855 107533 143860 226361 192899 285047 125802 66996.9 59040.2 78896.8 161885 177640 85696.3 48351.7 162472 672273 160052 483583 366846 358680 582165 671654 138124 430082 415656 168908 398870 472421 187098 175395 209059 118326 301252
log_desv_Rt
 0.0342382 -0.639137 -0.348089 0.105199 -0.0547644 0.335724 -0.482222 -1.11228 -1.23871 -0.94879 -0.230044 -0.137172 -0.866121 -1.43843 -0.226424 1.19373 -0.241429 0.864293 0.588013 0.565499 1.04982 1.19281 -0.388779 0.747045 0.712928 -0.187578 0.671704 0.840939 -0.0852958 -0.149891 0.0256848 -0.54349 0.391015
SSB
 3.53388e+06 2.36778e+06 1.17646e+06 691983 835091 972842 1.21102e+06 815918 746951 545328 383066 594074 626120 375694 155555 509740 1.63387e+06 1.66154e+06 1.68373e+06 1.14132e+06 1.39362e+06 2.10235e+06 2.02816e+06 1.65597e+06 2.27047e+06 2.01724e+06 1.67402e+06 1.79842e+06 2.6129e+06 1.97064e+06 1.47263e+06 1.51752e+06 955410
BT
 4.7388e+06 3.19459e+06 1.66099e+06 1.56027e+06 1.47861e+06 2.43834e+06 1.85068e+06 1.59091e+06 1.33901e+06 1.02903e+06 1.02243e+06 1.29043e+06 1.11728e+06 825881 1.28558e+06 2.65011e+06 2.62402e+06 4.02596e+06 3.49543e+06 2.40252e+06 4.56528e+06 4.27972e+06 3.15208e+06 5.09785e+06 3.89688e+06 3.42671e+06 4.77007e+06 4.66251e+06 3.67796e+06 3.29017e+06 2.79233e+06 2.52305e+06 2.68347e+06
Ftot
 0.128794 0.232832 0.225781 0.354974 0.107149 0.234571 0.44964 0.0686552 0.266002 0.332298 0.0892109 0.385477 0.410699 1.06993 0.490719 0.374761 0.17047 0.29887 0.510121 0.440136 0.29827 0.342298 0.180887 0.186548 0.164931 0.123844 0.170945 0.146278 0.105898 0.130462 0.220096 0.115796 0.229386
BD_Bspro_t
 0.979754 0.860445 0.716624 0.653545 0.668705 0.7386 0.71759 0.588829 0.654061 0.624408 0.606479 0.769428 0.664045 0.489874 0.29809 0.570654 0.722816 0.703346 0.658975 0.544986 0.551383 0.637098 0.653907 0.646256 0.740398 0.762198 0.767556 0.796597 0.840774 0.803977 0.772706 0.763666 0.760397
BD_Bspro
 2.40738 1.613 0.801436 0.471398 0.568887 0.662727 0.824977 0.555826 0.508844 0.371492 0.260955 0.4047 0.42653 0.255933 0.105968 0.347249 1.11304 1.13189 1.147 0.777499 0.94937 1.43218 1.38164 1.12809 1.5467 1.3742 1.14039 1.22514 1.77998 1.34246 1.00319 1.03378 0.650851
BD_Bo
 2.45478 1.64475 0.817215 0.480678 0.580087 0.675775 0.841219 0.566769 0.518862 0.378806 0.266093 0.412667 0.434927 0.260972 0.108055 0.354085 1.13495 1.15417 1.16959 0.792806 0.968061 1.46038 1.40884 1.1503 1.57716 1.40125 1.16284 1.24926 1.81503 1.36889 1.02295 1.05413 0.663665
BD_Brms
 2.62884 1.76138 0.875161 0.514762 0.621219 0.723692 0.900868 0.606957 0.555653 0.405666 0.284961 0.441929 0.465767 0.279477 0.115717 0.379192 1.21542 1.23601 1.25252 0.849022 1.0367 1.56393 1.50874 1.23187 1.68899 1.50061 1.2453 1.33784 1.94372 1.46595 1.09548 1.12888 0.710724
Sel_flota
 0.474149 0.944849 0.996937 0.999838 0.999991
 0.474149 0.944849 0.996937 0.999838 0.999991
 0.474149 0.944849 0.996937 0.999838 0.999991
 0.474149 0.944849 0.996937 0.999838 0.999991
 0.474149 0.944849 0.996937 0.999838 0.999991
 0.474149 0.944849 0.996937 0.999838 0.999991
 0.474149 0.944849 0.996937 0.999838 0.999991
 0.474149 0.944849 0.996937 0.999838 0.999991
 0.474149 0.944849 0.996937 0.999838 0.999991
 0.474149 0.944849 0.996937 0.999838 0.999991
 0.474149 0.944849 0.996937 0.999838 0.999991
 0.474149 0.944849 0.996937 0.999838 0.999991
 0.474149 0.944849 0.996937 0.999838 0.999991
 0.474149 0.944849 0.996937 0.999838 0.999991
 0.474149 0.944849 0.996937 0.999838 0.999991
 0.474149 0.944849 0.996937 0.999838 0.999991
 0.474149 0.944849 0.996937 0.999838 0.999991
 0.474149 0.944849 0.996937 0.999838 0.999991
 0.474149 0.944849 0.996937 0.999838 0.999991
 0.474149 0.944849 0.996937 0.999838 0.999991
 0.474149 0.944849 0.996937 0.999838 0.999991
 0.474149 0.944849 0.996937 0.999838 0.999991
 0.474149 0.944849 0.996937 0.999838 0.999991
 0.474149 0.944849 0.996937 0.999838 0.999991
 0.474149 0.944849 0.996937 0.999838 0.999991
 0.474149 0.944849 0.996937 0.999838 0.999991
 0.474149 0.944849 0.996937 0.999838 0.999991
 0.474149 0.944849 0.996937 0.999838 0.999991
 0.474149 0.944849 0.996937 0.999838 0.999991
 0.474149 0.944849 0.996937 0.999838 0.999991
 0.474149 0.944849 0.996937 0.999838 0.999991
 0.474149 0.944849 0.996937 0.999838 0.999991
 0.474149 0.944849 0.996937 0.999838 0.999991
Sel_reclas
 1 1 1 1 1
 1 1 1 1 1
 1 1 1 1 1
 1 1 1 1 1
 1 1 1 1 1
 1 1 1 1 1
 1 1 1 1 1
 1 1 1 1 1
 1 1 1 1 1
 1 1 1 1 1
 1 1 1 1 1
 1 1 1 1 1
 1 1 1 1 1
 1 1 1 1 1
 1 1 1 1 1
 1 1 1 1 1
 1 1 1 1 1
 1 1 1 1 1
 1 1 1 1 1
 1 1 1 1 1
 1 1 1 1 1
 1 1 1 1 1
 1 1 1 1 1
 1 1 1 1 1
 1 1 1 1 1
 1 1 1 1 1
 1 1 1 1 1
 1 1 1 1 1
 1 1 1 1 1
 1 1 1 1 1
 1 1 1 1 1
 1 1 1 1 1
 1 1 1 1 1
Sel_pelaces
 1 1 1 1 1
 1 1 1 1 1
 1 1 1 1 1
 1 1 1 1 1
 1 1 1 1 1
 1 1 1 1 1
 1 1 1 1 1
 1 1 1 1 1
 1 1 1 1 1
 1 1 1 1 1
 1 1 1 1 1
 1 1 1 1 1
 1 1 1 1 1
 1 1 1 1 1
 1 1 1 1 1
 1 1 1 1 1
 1 1 1 1 1
 1 1 1 1 1
 1 1 1 1 1
 1 1 1 1 1
 1 1 1 1 1
 1 1 1 1 1
 1 1 1 1 1
 1 1 1 1 1
 1 1 1 1 1
 1 1 1 1 1
 1 1 1 1 1
 1 1 1 1 1
 1 1 1 1 1
 1 1 1 1 1
 1 1 1 1 1
 1 1 1 1 1
 1 1 1 1 1
pf_obs 
 0.8446 0.082 0.0669 0.0065 0
 0.8095 0.147 0.0364 0.0071 0
 0.9664 0.0169 0.016 0.0007 0
 0.9276 0.0648 0.0075 0.0001 0
 0.7033 0.2144 0.0806 0.0017 0
 0.9318 0.0425 0.0243 0.0014 0
 0.5671 0.3108 0.0964 0.0239 0.0018
 0.0768 0.2599 0.5324 0.112 0.0189
 0.490249 0.384438 0.106611 0.0170017 0.00170017
 0.7925 0.1577 0.0466 0.003 0.0002
 0.840416 0.127587 0.0312969 0.00059994 9.999e-05
 0.8084 0.0986 0.0794 0.0134 0.0002
 0.7335 0.1905 0.0724 0.0035 0.0001
 0.4001 0.4547 0.1325 0.0127 0
 0.49795 0.308269 0.164784 0.0264974 0.00249975
 0.9179 0.0499 0.0305 0.0017 0
 0.2467 0.6533 0.0926 0.0074 0
 0.9418 0.0223 0.034 0.0019 0
 0.707729 0.231977 0.0356964 0.0245975 0
 0.517169 0.277429 0.184464 0.0207286 0.00020938
 0.811772 0.124168 0.05621 0.00726502 0.000585176
 0.764997 0.148141 0.077277 0.00933861 0.000247198
 0.163321 0.427699 0.378323 0.0303852 0.000271297
 0.753843 0.0900009 0.118128 0.0371064 0.000921714
 0.721811 0.176058 0.0630433 0.0369309 0.00215725
 0.143369 0.312575 0.442814 0.0836902 0.0175525
 0.692698 0.0596174 0.167031 0.0765114 0.00414204
 0.394062 0.376323 0.152708 0.0712218 0.00568511
 0.125707 0.32114 0.495352 0.0537591 0.00404204
 0.23352 0.215282 0.420074 0.123614 0.00750983
 0.796117 0.104755 0.0508955 0.0450114 0.00322123
 0.162477 0.292055 0.404252 0.121198 0.0200186
 0 0 0 0 0
pf_pred 
 0.324885 0.119812 0.527355 0.0279466 1.0469e-06
 0.277778 0.359331 0.0673755 0.280685 0.0148308
 0.486516 0.228661 0.146044 0.0258329 0.112946
 0.629301 0.246464 0.0571642 0.0344457 0.0326243
 0.524038 0.373134 0.0698176 0.0152176 0.0177927
 0.603153 0.271964 0.0990537 0.0175541 0.00827452
 0.35693 0.488117 0.108149 0.0371483 0.00965519
 0.333044 0.365497 0.232415 0.0482416 0.0208023
 0.393852 0.301529 0.170984 0.103097 0.0305375
 0.560111 0.254448 0.0950713 0.0507976 0.0395716
 0.709038 0.212675 0.0464816 0.0163334 0.0154725
 0.581576 0.346576 0.0532853 0.0110345 0.00752791
 0.389789 0.457085 0.128206 0.0184988 0.00642147
 0.395753 0.352933 0.191293 0.0502823 0.00973872
 0.842332 0.101096 0.0342589 0.0170039 0.00530926
 0.875804 0.114633 0.00628084 0.0019905 0.00129164
 0.27309 0.681298 0.042302 0.00217652 0.00113339
 0.669767 0.141658 0.177355 0.0104083 0.000811859
 0.515718 0.393868 0.0401394 0.0472932 0.00298204
 0.564766 0.306432 0.10609 0.0101038 0.0126083
 0.681153 0.23602 0.0594363 0.0192787 0.00411212
 0.612556 0.316854 0.0530748 0.0125806 0.00493455
 0.208163 0.609345 0.150913 0.0237637 0.00781543
 0.624566 0.130214 0.191151 0.0447368 0.00933219
 0.535398 0.360122 0.0376082 0.0521626 0.0147088
 0.300056 0.488732 0.165815 0.0163731 0.0290236
 0.619334 0.175437 0.14567 0.0467883 0.0127703
 0.580923 0.322343 0.0459573 0.0360732 0.0147033
 0.302748 0.512213 0.144171 0.0194471 0.0214207
 0.389187 0.28223 0.24485 0.0652835 0.0184498
 0.50411 0.279452 0.103014 0.0845847 0.0288387
 0.372527 0.425046 0.117022 0.0407167 0.0446883
 0.675122 0.176132 0.102557 0.0267356 0.0194528
pobs_RECLAS
 0 0 0 0 0
 0 0 0 0 0
 0 0 0 0 0
 0 0 0 0 0
 0 0 0 0 0
 0 0 0 0 0
 0 0 0 0 0
 0 0 0 0 0
 0 0 0 0 0
 0 0 0 0 0
 0.991045 0.00858322 0.000360255 1.14367e-05 0
 0.934742 0.0480273 0.0164251 0.00080598 0
 0.827803 0.169806 0.00239088 0 0
 0.941827 0.0461693 0.0120037 0 0
 0.791401 0.0380133 0.147996 0.0225897 0
 0.846168 0.0940531 0.0597789 0 0
 0.134021 0.677848 0.182769 0.00536245 0
 0.80878 0.0450904 0.141981 0.00414843 0
 0.846168 0.0940531 0.0597789 0 0
 0.905697 0.0802665 0.012482 0.00150086 5.37128e-05
 0.989698 0.0102097 9.19794e-05 0 0
 0.975433 0.0193895 0.00387452 0.00125025 5.28907e-05
 0.303575 0.632131 0.0575291 0.00676475 0
 0.966965 0.00978017 0.0227588 0.000495775 0
 0.843318 0.132988 0.00938335 0.0141283 0.000182051
 0.564624 0.303363 0.111486 0.0197234 0.00080311
 0.826376 0.0876187 0.0782897 0.00655872 0.00115652
 0.89761 0.0855135 0.0140674 0.00269457 0.000114338
 0.34875 0.467042 0.161289 0.0227151 0.000203297
 0.318654 0.224769 0.449479 0.00709798 0
 0.937255 0.0296025 0.0250945 0.00804832 0
 0.456809 0.399803 0.12412 0.0192676 0
 0.883104 0.0372192 0.0704036 0.00927362 0
ppred_RECLAS
 0.502012 0.0924036 0.385229 0.0203549 7.62392e-07
 0.443438 0.28488 0.0505638 0.210023 0.0110954
 0.662949 0.154797 0.0935924 0.016506 0.0721559
 0.77809 0.150349 0.032983 0.0198148 0.018764
 0.690364 0.245588 0.0435293 0.00945998 0.011059
 0.7569 0.169479 0.0584306 0.0103242 0.00486579
 0.534175 0.358391 0.075054 0.0257016 0.00667901
 0.50554 0.277643 0.167273 0.0346189 0.0149258
 0.574056 0.217892 0.116935 0.0702976 0.020819
 0.725213 0.16275 0.0575253 0.0306441 0.0238681
 0.831802 0.124748 0.0258293 0.00904978 0.00857146
 0.7402 0.217245 0.0315853 0.00652099 0.00444802
 0.56843 0.327797 0.0869283 0.0125048 0.00434008
 0.589619 0.245979 0.125241 0.0328082 0.00635319
 0.917646 0.0538935 0.0172565 0.00853869 0.00266568
 0.93494 0.0603071 0.00312489 0.000987335 0.00064058
 0.430746 0.535323 0.0314751 0.00161468 0.000840694
 0.808734 0.0846547 0.100286 0.00586781 0.000457623
 0.687726 0.256699 0.0247145 0.0290296 0.00183014
 0.728801 0.194116 0.063526 0.0060316 0.00752549
 0.814074 0.139608 0.0332661 0.0107579 0.00229428
 0.763845 0.195076 0.0309096 0.00730458 0.00286467
 0.348358 0.507731 0.11907 0.018694 0.00614716
 0.77597 0.080529 0.111934 0.0261195 0.00544772
 0.700739 0.234859 0.0232264 0.0321201 0.00905581
 0.46603 0.378951 0.12178 0.0119896 0.02125
 0.770841 0.108771 0.0855247 0.027389 0.00747429
 0.737867 0.20419 0.0275713 0.0215779 0.00879368
 0.468516 0.396044 0.105597 0.0142021 0.015641
 0.567949 0.205554 0.168906 0.0449027 0.012688
 0.676979 0.186495 0.0650821 0.0532803 0.0181628
 0.547481 0.311965 0.0813566 0.0282244 0.0309726
 0.810972 0.105092 0.0579265 0.015056 0.010953
pobs_PELACES
 0 0 0 0 0
 0 0 0 0 0
 0 0 0 0 0
 0 0 0 0 0
 0 0 0 0 0
 0 0 0 0 0
 0 0 0 0 0
 0 0 0 0 0
 0 0 0 0 0
 0 0 0 0 0
 0 0 0 0 0
 0 0 0 0 0
 0 0 0 0 0
 0 0 0 0 0
 0 0 0 0 0
 0 0 0 0 0
 0.505614 0.472636 0.0217494 0 0
 0 0 0 0 0
 0.443492 0.261883 0.143347 0.151278 0
 0.227955 0.32914 0.350689 0.0885471 0.00366901
 0.970185 0.0296113 0.000203453 0 0
 0.997202 0.00247181 0.000326279 0 0
 0.445219 0.490057 0.0546422 0.010081 0
 0.90214 0.0892962 0.00764917 0.000914606 0
 0 0 0 0 0
 0.581667 0.319106 0.0959925 0.00289975 0.000334073
 0.762889 0.0836404 0.116647 0.0363945 0.000428098
 0.88444 0.0763242 0.0277011 0.0115352 0
 0.521256 0.241999 0.230069 0.00667565 0
 0.616807 0.101726 0.260614 0.0208532 0
 0.833518 0.0704572 0.0857862 0.0102388 0
 0.697417 0.212968 0.0787535 0.0105354 0.000325836
 0 0 0 0 0
ppred_PELACES
 0.507465 0.0915572 0.380856 0.0201213 7.5364e-07
 0.452887 0.280616 0.0496079 0.206006 0.0108831
 0.671216 0.151326 0.0911394 0.0160699 0.0702487
 0.787802 0.144059 0.031411 0.018864 0.0178633
 0.693993 0.242804 0.0429567 0.00933457 0.0109124
 0.763764 0.164897 0.0566221 0.0100024 0.00471407
 0.551952 0.345337 0.0717634 0.0245642 0.00638329
 0.508336 0.276217 0.166218 0.0343983 0.0148306
 0.584682 0.212942 0.113758 0.06837 0.0202478
 0.735843 0.156828 0.0551165 0.0293515 0.022861
 0.833788 0.123325 0.0254956 0.00893208 0.00845994
 0.751753 0.207813 0.0300144 0.00619438 0.00422515
 0.584421 0.316191 0.0832605 0.0119725 0.00415524
 0.630883 0.222894 0.111419 0.0291576 0.00564595
 0.923436 0.0502533 0.0159558 0.00789137 0.00246353
 0.93842 0.0571085 0.00294015 0.000928632 0.000602482
 0.437294 0.529258 0.0310275 0.00159146 0.000828596
 0.816243 0.0815649 0.0961307 0.00562307 0.000438529
 0.704819 0.243038 0.023195 0.0272314 0.00171673
 0.742515 0.1847 0.0599889 0.00569336 0.00710332
 0.821175 0.13445 0.0318732 0.0103045 0.00219755
 0.773482 0.187309 0.0295048 0.00697031 0.00273353
 0.354922 0.502965 0.117586 0.0184579 0.00606945
 0.781322 0.0787686 0.109136 0.0254622 0.00531058
 0.706214 0.230707 0.0227512 0.031458 0.00886908
 0.470976 0.375676 0.120471 0.0118593 0.0210189
 0.77577 0.106598 0.0835703 0.0267587 0.00730223
 0.742348 0.200815 0.0270474 0.0211649 0.00862533
 0.472731 0.393088 0.104618 0.014069 0.0154943
 0.573206 0.203295 0.166676 0.0443042 0.0125188
 0.684765 0.1823 0.0633778 0.0518741 0.0176832
 0.55209 0.308983 0.0804188 0.0278959 0.030612
 0.816641 0.102122 0.0560681 0.0145698 0.0105992
pobs_pel_tallas
 0 0 0 0 0 0 0 0 0 0 0 0 0 0 0 0 0 0 0 0 0 0 0 0 0 0
 0 0 0 0 0 0 0 0 0 0 0 0 0 0 0 0 0 0 0 0 0 0 0 0 0 0
 0 0 0 0 0 0 0 0 0 0 0 0 0 0 0 0 0 0 0 0 0 0 0 0 0 0
 0 0 0 0 0 0 0 0 0 0 0 0 0 0 0 0 0 0 0 0 0 0 0 0 0 0
 0 0 0 0 0 0 0 0 0 0 0 0 0 0 0 0 0 0 0 0 0 0 0 0 0 0
 0 0 0 0 0 0 0 0 0 0 0 0 0 0 0 0 0 0 0 0 0 0 0 0 0 0
 0 0 0 0 0 0 0 0 0 0 0 0 0 0 0 0 0 0 0 0 0 0 0 0 0 0
 0 0 0 0 0 0 0 0 0 0 0 0 0 0 0 0 0 0 0 0 0 0 0 0 0 0
 0 0 0 0 0 0 0 0 0 0 0 0 0 0 0 0 0 0 0 0 0 0 0 0 0 0
 0 0 0 0 0 0 0 0 0 0 0 0 0 0 0 0 0 0 0 0 0 0 0 0 0 0
 0 0 0 0 0 0 0 0 0 0 0 0 0 0 0 0 0 0 0 0 0 0 0 0 0 0
 0 0 0 0 0 0 0 0 0 0 0 0 0 0 0 0 0 0 0 0 0 0 0 0 0 0
 0.00862536 0 0 0.000197151 0.00414017 0.0128641 0.00837892 0.0270097 0.101434 0.158115 0.152841 0.127902 0.109271 0.109419 0.0830992 0.0579132 0.0238553 0.00714673 0.00463305 0.00128148 0.00103504 0.000492878 0.000147863 0.000147863 4.92878e-05 0
 0 0 0 0 0 0 0 0 0 0 0 0 0 0 0 0 0 0 0 0 0 0 0 0 0 0
 0 0 0 0 0 0 0 0.0054083 0.00873648 0.0413646 0.0450493 0.0745869 0.0622846 0.0627006 0.0613931 0.0827291 0.12552 0.122667 0.0946155 0.0697135 0.0546179 0.0294188 0.0215738 0.0213955 0.0102223 0.00600262
 0 0 0 0 0.00359764 0.0251062 0.0480494 0.140153 0.205849 0.193036 0.1447 0.116669 0.0760912 0.0342217 0.00950174 0.001854 0.000860785 0 0 0 0.000165536 0 0.000143464 0 0 0
 0 0 0 0 0 0 0 0.000145254 0.000435761 0.0275982 0.070085 0.0708112 0.156366 0.174668 0.174014 0.160142 0.0824315 0.0480064 0.0283245 0.00493863 0.00203355 0 0 0 0 0
 0 0 0 0 0 0 0 0 0 0 0 0 0 0 0 0 0 0 0 0 0 0 0 0 0 0
 0 0 1.00437e-05 0.000401748 0.00122533 0.00171747 0.00176769 0.0269171 0.070346 0.194647 0.189555 0.159765 0.064822 0.0314167 0.0384472 0.0292271 0.0345202 0.0313363 0.0194345 0.0106764 0.0143323 0.0359363 0.0279516 0.0138201 0.00172751 0
 0 0.0021121 0.0136068 0.0755702 0.200478 0.177729 0.0527432 0.0373336 0.0318909 0.0142505 0.0149659 0.0166563 0.0217959 0.0798694 0.0677717 0.0528807 0.04013 0.0224614 0.0357745 0.0225083 0.00881397 0.00855152 0.00135912 0.000746735 0 0
 0 0 0 0 5.4009e-05 0.00500934 0.000945158 0.0243581 0.138947 0.33067 0.221406 0.137944 0.0707744 0.0437923 0.0131692 0.00525238 0.0047753 0.00276346 9.45158e-05 9.00151e-06 2.25038e-05 9.00151e-06 4.50075e-06 0 0 0
 0.000866109 0.00284123 0.00948549 0.0512746 0.133035 0.25785 0.225252 0.132002 0.0553304 0.0519788 0.0540692 0.017754 0.00435017 0.00159236 0.00146478 0.000404838 0.000125132 0.000115318 0.000107957 0.000100596 0 0 0 0 0 0
 0 0 0 0 0.00144013 0.00171154 0.00461396 0.0210425 0.0478622 0.0707936 0.0888783 0.103762 0.0637923 0.0337046 0.0602308 0.124433 0.169614 0.0934646 0.0462172 0.0250306 0.0313229 0.00938855 0.002487 0.000210481 0 0
 0 0.00764035 0.051015 0.0998891 0.058973 0.0496711 0.0374665 0.0718981 0.12319 0.153886 0.159021 0.0857701 0.0377988 0.023471 0.0147837 0.00900784 0.00315554 0.000888139 0.00291439 0.00214683 0.00393193 0.00274676 0.000635225 9.99891e-05 0 0
 0 0 0 0 0 0 0 0 0 0 0 0 0 0 0 0 0 0 0 0 0 0 0 0 0 0
 0 0 0 0 0 0 0 0 0 0 0 0 0 0 0 0 0 0 0 0 0 0 0 0 0 0
 0 0 0 0 0 0 0 0 0 0 0 0 0 0 0 0 0 0 0 0 0 0 0 0 0 0
 0 0 0 0 0 0 0 0 0 0 0 0 0 0 0 0 0 0 0 0 0 0 0 0 0 0
 0 0 0 0 0 0 0 0 0 0 0 0 0 0 0 0 0 0 0 0 0 0 0 0 0 0
 0 0 0 0 0 0 0 0 0 0 0 0 0 0 0 0 0 0 0 0 0 0 0 0 0 0
 0 0 0 0 0 0 0 0 0 0 0 0 0 0 0 0 0 0 0 0 0 0 0 0 0 0
 0 0 0 0 0 0 0 0 0 0 0 0 0 0 0 0 0 0 0 0 0 0 0 0 0 0
 0 0 0 0 0 0 0 0 0 0 0 0 0 0 0 0 0 0 0 0 0 0 0 0 0 0
ppred_pel_tallas
 1.13033e-16 4.17992e-05 0.000406303 0.00270003 0.0122739 0.0381888 0.0813657 0.118758 0.118767 0.0814119 0.0383456 0.012734 0.00388232 0.00307808 0.00538153 0.00952135 0.0153157 0.0225897 0.0310655 0.0404122 0.0500844 0.0590059 0.0654947 0.0677479 0.064708 0.05672
 1.24005e-16 3.73037e-05 0.000362606 0.00240964 0.0109539 0.0340818 0.0726159 0.105991 0.106018 0.0727485 0.0345274 0.0122423 0.00564913 0.00745322 0.0135626 0.0225289 0.0328737 0.0423173 0.0486596 0.051135 0.0509625 0.0504965 0.0515896 0.0544194 0.0575295 0.0588352
 1.16169e-16 5.52872e-05 0.000537411 0.00357129 0.0162346 0.0505118 0.107621 0.15708 0.157094 0.107693 0.0507537 0.016935 0.00533583 0.00441079 0.00747533 0.0124411 0.0183255 0.0239297 0.028091 0.0303464 0.0312064 0.0317288 0.0327276 0.034248 0.0356352 0.036011
 1.05859e-16 6.48903e-05 0.000630757 0.0041916 0.0190544 0.0592854 0.126314 0.184362 0.184376 0.126382 0.0595138 0.0197143 0.00584935 0.00425431 0.00696086 0.0114437 0.0165738 0.0210533 0.0236176 0.0237179 0.0218543 0.0192222 0.0169548 0.0155499 0.0148198 0.0142375
 1.04085e-16 5.71633e-05 0.000555648 0.00369248 0.0167855 0.052226 0.111274 0.162412 0.162436 0.111388 0.0526102 0.0178956 0.00647984 0.00664311 0.0116262 0.0191509 0.0276321 0.0348559 0.0386054 0.037864 0.0334133 0.0272815 0.0215028 0.0171575 0.0142488 0.0122061
 1.03478e-16 6.29103e-05 0.00061151 0.0040637 0.018473 0.0574765 0.12246 0.178738 0.178754 0.122538 0.0577383 0.0192301 0.00596668 0.00477435 0.00799421 0.0131827 0.0191387 0.0243911 0.0274754 0.0277049 0.0255449 0.0222302 0.0189518 0.0162711 0.0141079 0.0121201
 1.05703e-16 4.54636e-05 0.000441923 0.00293673 0.01335 0.0415369 0.0885001 0.129175 0.129209 0.0886629 0.0420839 0.0149303 0.00690552 0.0091126 0.0165328 0.0273133 0.0394675 0.0498998 0.0554806 0.0547681 0.0488447 0.0405251 0.0326038 0.0265208 0.0222267 0.0189263
 1.10827e-16 4.1871e-05 0.000407001 0.00270467 0.012295 0.0382546 0.0815065 0.118967 0.118994 0.0816377 0.0386957 0.0135719 0.00591976 0.00745916 0.013534 0.022567 0.0331113 0.0429127 0.049671 0.0522945 0.0514414 0.0488346 0.045953 0.0432009 0.0400783 0.0359473
 1.13621e-16 4.81595e-05 0.000468128 0.00311088 0.0141416 0.0439999 0.0937472 0.136831 0.136852 0.0938483 0.0443399 0.0151256 0.00558871 0.00590351 0.0104491 0.0174062 0.0255664 0.0332177 0.0386575 0.0411516 0.0413319 0.0406179 0.0401375 0.0400284 0.0395708 0.0378604
 1.08443e-16 6.06105e-05 0.000589155 0.00391514 0.0177977 0.0553753 0.117983 0.172204 0.172219 0.118058 0.0556246 0.0185187 0.00572829 0.00455833 0.00763192 0.01261 0.0183734 0.02357 0.0268768 0.0277243 0.0266306 0.0247987 0.0233016 0.0224998 0.0220453 0.0213063
 1.03095e-16 6.8678e-05 0.000667575 0.00443627 0.0201666 0.062746 0.133687 0.195123 0.195135 0.133746 0.0629413 0.0207311 0.00585388 0.00376496 0.00595933 0.00976517 0.0141133 0.0178627 0.0199032 0.019734 0.0177577 0.0149915 0.0124335 0.0105788 0.00936909 0.00846418
 1.02256e-16 6.1921e-05 0.000601894 0.0039998 0.0181825 0.0565726 0.120535 0.175928 0.175948 0.120633 0.0569013 0.0191318 0.00638262 0.00580381 0.00994192 0.0163396 0.0235357 0.0296049 0.0326273 0.0317167 0.0275425 0.0218647 0.016474 0.0123599 0.00958963 0.00772137
 1.04388e-16 4.81381e-05 0.000467919 0.00310949 0.0141353 0.0439803 0.0937059 0.136773 0.136803 0.0938551 0.0444816 0.0155839 0.00674849 0.00842144 0.0151812 0.025094 0.0363127 0.0460136 0.0513344 0.0509301 0.0457289 0.038216 0.0308611 0.0249431 0.020461 0.0168101
 1.07152e-16 5.19651e-05 0.000505119 0.00335669 0.0152591 0.0474767 0.101155 0.147643 0.147665 0.101261 0.0478319 0.0162868 0.00594281 0.00617201 0.0108773 0.0180651 0.0264052 0.0340183 0.039006 0.0404739 0.0389932 0.0360569 0.033005 0.0303083 0.0276535 0.0245308
 1.01682e-16 7.60622e-05 0.000739352 0.00491325 0.0223349 0.0694923 0.148061 0.2161 0.216105 0.148085 0.0695721 0.0225657 0.00549324 0.00200822 0.00249408 0.00402465 0.0058423 0.00745834 0.00843184 0.00856581 0.00801568 0.00716646 0.00637731 0.00579703 0.00536145 0.0049192
 1.00295e-16 7.72964e-05 0.000751349 0.00499298 0.0226974 0.0706199 0.150463 0.219607 0.219612 0.15049 0.0707101 0.0229576 0.0056458 0.00217514 0.00277744 0.00445914 0.00639217 0.00798813 0.00870554 0.00829745 0.00695755 0.0051952 0.00353947 0.00229933 0.00151669 0.00107133
 1.01331e-16 3.60194e-05 0.000350122 0.00232668 0.0105768 0.0329086 0.0701172 0.102349 0.1024 0.0703661 0.033744 0.0129887 0.00837722 0.0135463 0.025062 0.0412806 0.0592387 0.0740193 0.0806299 0.0767585 0.0641681 0.047551 0.0318034 0.0198202 0.0120632 0.00751892
 1.03434e-16 6.72329e-05 0.000653527 0.00434292 0.0197423 0.0614256 0.130874 0.191016 0.191024 0.130913 0.0615573 0.0201244 0.00530844 0.00278205 0.00417046 0.00694617 0.0103662 0.013796 0.0166069 0.0184614 0.0194258 0.0197649 0.0196164 0.0188619 0.0172896 0.0148627
 1.03753e-16 5.80551e-05 0.000564316 0.00375008 0.0170473 0.0530407 0.11301 0.164946 0.164969 0.113124 0.0534248 0.0181566 0.00653424 0.00664096 0.0115956 0.0190709 0.0274538 0.0345057 0.0379962 0.0369234 0.0321224 0.0257073 0.0197997 0.0155263 0.0128673 0.0111658
 1.03552e-16 6.116e-05 0.000594497 0.00395064 0.0179591 0.0558774 0.119053 0.173766 0.173783 0.119141 0.0561706 0.0188065 0.00608051 0.00525248 0.00893233 0.0147348 0.0213707 0.027188 0.0305347 0.0306338 0.0280103 0.0240673 0.0201756 0.0170088 0.0145159 0.012332
 1.0236e-16 6.76391e-05 0.000657476 0.00436916 0.0198616 0.0617968 0.131665 0.192172 0.192185 0.131729 0.0620099 0.0204773 0.00591578 0.00403741 0.00649751 0.010663 0.0154208 0.0195335 0.0217864 0.0216191 0.0194443 0.0163377 0.0133592 0.0110435 0.00935708 0.00799449
 1.02062e-16 6.37107e-05 0.000619291 0.00411541 0.0187081 0.0582078 0.124019 0.181013 0.181031 0.124107 0.0585041 0.019564 0.00626407 0.00531068 0.00897598 0.0147447 0.0212493 0.0267533 0.02953 0.0287814 0.0251045 0.0200716 0.015277 0.0115939 0.00907304 0.00731962
 1.06401e-16 2.92346e-05 0.00028417 0.00188841 0.00858449 0.0267098 0.0569098 0.0830717 0.0831203 0.0571471 0.0275067 0.010887 0.00767161 0.0129204 0.0240614 0.0398194 0.0575611 0.0728049 0.0809764 0.0799327 0.0711831 0.0587544 0.0466748 0.0370704 0.0299864 0.0244441
 1.06622e-16 6.43565e-05 0.000625568 0.00415712 0.0188977 0.0587977 0.125275 0.182844 0.182852 0.125313 0.0589256 0.0192692 0.00509747 0.00270428 0.00408844 0.00685686 0.0103392 0.013984 0.0172539 0.0198773 0.0219253 0.0235816 0.0248204 0.0253066 0.0246101 0.0225333
 1.05372e-16 5.817e-05 0.000565433 0.0037575 0.0170811 0.0531457 0.113233 0.165272 0.165294 0.113342 0.0535104 0.0181345 0.00640158 0.00633734 0.0110203 0.018129 0.0261208 0.0328846 0.0363267 0.0355243 0.0312958 0.0256578 0.020605 0.0171493 0.015181 0.0139724
 1.08319e-16 3.87937e-05 0.000377089 0.00250589 0.0113914 0.0354432 0.0755167 0.110226 0.110263 0.0756942 0.0360395 0.0131151 0.00683783 0.00985096 0.0180819 0.0299638 0.0434691 0.0553107 0.0621428 0.0624006 0.0571726 0.0493325 0.0416777 0.0355655 0.0308515 0.0267311
 1.06359e-16 6.38992e-05 0.000621123 0.00412758 0.0187634 0.0583799 0.124385 0.181546 0.181556 0.124436 0.0585509 0.0192587 0.00537662 0.00336664 0.00533378 0.00886306 0.013106 0.0172091 0.0203381 0.022105 0.0227442 0.0228267 0.0227605 0.022509 0.0217162 0.0200569
 1.04415e-16 6.11462e-05 0.000594363 0.00394975 0.017955 0.0558648 0.119027 0.173727 0.173746 0.119121 0.0561825 0.0188726 0.00625329 0.00562419 0.00961755 0.0158143 0.0228051 0.0287499 0.0318261 0.0312201 0.027619 0.0227432 0.0182968 0.0151498 0.0132287 0.0119506
 1.07153e-16 3.89383e-05 0.000378495 0.00251523 0.0114339 0.0355753 0.0757984 0.110638 0.110676 0.0759839 0.0361985 0.013235 0.00704011 0.0102689 0.0188597 0.031214 0.0451873 0.0572981 0.0640063 0.0636618 0.0574404 0.048445 0.0397403 0.0328824 0.0278065 0.0236777
 1.11424e-16 4.72143e-05 0.000458939 0.00304981 0.013864 0.0431362 0.091907 0.134145 0.134165 0.092004 0.0434625 0.0148093 0.00543376 0.00570025 0.0101108 0.0169274 0.025054 0.0329252 0.0389504 0.0423728 0.0436079 0.043705 0.0434112 0.0426553 0.0407992 0.0372975
 1.10071e-16 5.64032e-05 0.000548259 0.00364338 0.0165623 0.0515315 0.109794 0.160251 0.160269 0.10988 0.0518214 0.0174007 0.00575194 0.00516494 0.00886542 0.0146777 0.021406 0.0275029 0.031448 0.0325971 0.0315609 0.029726 0.0282994 0.0276335 0.0272495 0.026359
 1.10378e-16 4.5475e-05 0.000442033 0.00293747 0.0133533 0.0415473 0.0885219 0.129207 0.129236 0.0886678 0.0420373 0.0147696 0.00649614 0.00822241 0.014857 0.0245837 0.0356353 0.0453016 0.0508587 0.051087 0.0469885 0.0410462 0.0356374 0.0318463 0.0293806 0.0272937
 1.049e-16 6.72656e-05 0.000653846 0.00434504 0.0197519 0.0614556 0.130938 0.19111 0.19112 0.130986 0.0616185 0.0202235 0.00553224 0.00325705 0.00504525 0.00832399 0.0121959 0.0157844 0.0182401 0.0191742 0.0188587 0.017967 0.0170766 0.0163424 0.0155469 0.0143855
pSPR Fmed_Fpbrs
1   0.983788 0.6 0.325 0.983788 0.983788 0.983788
Fs Fmed_Fpbrs
0   0.01 0.356849 0.92209 0.01 0.01 0.01
SSBpbr Bo_Bmed_Bpbrs
1.4396e+06  1.36762e+06  1.34428e+06 791778 395889 1.34428e+06 1.34428e+06 1.34428e+06
Ro
203757
SPR SPRFo_SPRFmed_SPRFpbrs
1.46794e+06 1.46794e+06 1.44414e+06
Fref
0
Nvult_r0
 201849 28999.6 16160.6 4202.96 3057.69
CTP_r0
 19800.2 5165.65 3007.83 784.11 570.517
YTP_r0
356501
Np
 301252 110824 40770 14998.4 7547.43
Nvult_p0
 190427 70054.3 25771.5 9480.82 4770.89
CTP_p0
 0 0 0 0 0
 0 0 0 0 0
 0 0 0 0 0
 0 0 0 0 0
 0 0 0 0 0
 0 0 0 0 0
YTP_p0
 0 0 0 0 0 0
CBA_c0
0
log_Ro
12.0447
likeval ReclasPelacesDesembMPH_pf_preclas_ppelaces_ptallas_desvR_qrecl_qpela
 20.2948 0.000249799 0.105104 68.2731 239.647 138.119 109.073 0 21.9648 4.31105e-06 5.74523e-07 0.476723 2065.9 0 0
q_reclas_q_pelaces
0.745549 0.898352
M
1
N
 210855 40005.7 167343 8843.81 0.331248
 107533 72973.9 13031 54144.1 2860.46
 143860 35424.3 21544.3 3800.8 16615.5
 226361 47550.3 10528.3 6328.23 5992.81
 192899 70373.6 12508.3 2718.77 3178.36
 285047 67448.3 23396.3 4135.34 1949.02
 125802 93825.2 19880.3 6812.27 1770.35
 66996.9 37394.1 22569.3 4671.43 2014.07
 59040.2 23857.4 12892.5 7753.52 2296.29
 78896.8 19146 6826.16 3638.08 2833.71
 161885 24793.5 5145.5 1803.05 1707.77
 177640 57087.6 8383.71 1731.84 1181.34
 85696.3 54433.8 14590.5 2100.12 728.918
 48351.7 25947.5 13584.6 3564.16 690.243
 162472 10710.2 3473.48 1719.93 536.963
 672273 47362.6 2478.22 783.441 508.308
 160052 207052 12228.1 627.462 326.696
 483583 54308.1 64838.8 3795.41 296.005
 366846 154395 15063.7 17706.8 1116.35
 358680 105961 35076.4 3332.52 4158.05
 582165 107097 25718.4 8320.64 1774.54
 671654 185922 29722.9 7027.64 2756.13
 138124 210070 49496.9 7773.11 2556.06
 430082 46636.5 65139.5 15204.3 3171.19
 415656 144825 14384.1 19896.7 5609.68
 168908 141409 45590.1 4489.31 7956.74
 398870 58594 46276.9 14823.7 4045.35
 472421 135312 18340.6 14356.8 5850.92
 187098 162148 43352.8 5831.56 6422.46
 175395 65459 53971.4 14350.7 4055.06
 209059 60653.7 21288.3 17433.5 5943.02
 118326 69287 18123.8 6288.57 6900.97
 301252 41204 22847.6 5940.43 4321.65
pred_Ctot
 7935.42 2926.44 12880.8 682.605 0.025571
 7169.1 9273.87 1738.88 7244.14 382.765
 9313.32 4377.24 2795.69 494.517 2162.12
 22472 8801.1 2041.3 1230.04 1164.99
 6065.34 4318.75 808.086 176.133 205.937
 19139.3 8630.01 3143.18 557.028 262.568
 15536 21246.2 4707.4 1616.95 420.259
 1360.04 1492.57 949.106 197.003 84.9497
 4468.1 3420.74 1939.75 1169.6 346.436
 7364.16 3345.4 1249.97 667.871 520.274
 4252.96 1275.67 278.807 97.9714 92.8076
 19039 11345.8 1744.4 361.236 246.441
 9738.6 11420 3203.14 462.181 160.436
 12668.8 11298.1 6123.66 1609.63 311.755
 21727.6 2607.72 883.694 438.607 136.95
 70193.4 9187.58 503.393 159.534 103.521
 7907.92 19728.4 1224.94 63.0258 32.8199
 40858.9 8641.79 10819.5 634.956 49.5271
 50811.4 38806 3954.76 4659.59 293.807
 43437.7 23568.5 8159.7 777.108 969.736
 49095.2 17011.5 4283.96 1389.54 296.387
 64454.1 33339.9 5584.62 1323.75 519.222
 7226.83 21154.7 5239.29 825.009 271.33
 23181 4832.94 7094.66 1660.43 346.368
 19891.1 13379.2 1397.22 1937.94 546.462
 6118.41 9965.65 3381.11 333.862 591.816
 19760.6 5597.52 4647.79 1492.84 407.45
 20124 11166.4 1592.02 1249.63 509.343
 5815.66 9839.39 2769.47 373.57 411.483
 6684.24 4847.28 4205.27 1121.24 316.873
 13208 7321.81 2699.04 2216.17 755.592
 4013.95 4579.85 1260.9 438.72 481.514
 19800.2 5165.65 3007.83 784.11 570.517
F
 0.0610674 0.12169 0.128399 0.128773 0.128793
 0.110397 0.219991 0.232119 0.232794 0.23283
 0.107054 0.213329 0.22509 0.225745 0.225779
 0.168311 0.335397 0.353887 0.354916 0.354971
 0.0508048 0.10124 0.106821 0.107132 0.107148
 0.111222 0.221634 0.233853 0.234533 0.234569
 0.213196 0.424841 0.448262 0.449567 0.449636
 0.0325528 0.0648688 0.0684449 0.0686441 0.0686546
 0.126124 0.251331 0.265187 0.265959 0.265999
 0.157559 0.313971 0.33128 0.332244 0.332295
 0.0422993 0.0842908 0.0889376 0.0891964 0.0892101
 0.182774 0.364217 0.384296 0.385415 0.385474
 0.194733 0.388048 0.409441 0.410633 0.410695
 0.507305 1.01092 1.06665 1.06975 1.06992
 0.232674 0.463656 0.489216 0.49064 0.490715
 0.177693 0.354092 0.373613 0.3747 0.374758
 0.080828 0.161068 0.169948 0.170442 0.170468
 0.141709 0.282387 0.297955 0.298822 0.298868
 0.241873 0.481987 0.508558 0.510038 0.510116
 0.20869 0.415862 0.438788 0.440065 0.440132
 0.141425 0.28182 0.297357 0.298222 0.298268
 0.1623 0.32342 0.341249 0.342242 0.342295
 0.0857676 0.170911 0.180333 0.180858 0.180886
 0.0884515 0.176259 0.185976 0.186518 0.186546
 0.0782017 0.155835 0.164426 0.164904 0.164929
 0.0587205 0.117014 0.123465 0.123824 0.123843
 0.0810534 0.161517 0.170421 0.170917 0.170943
 0.0693577 0.138211 0.14583 0.146255 0.146277
 0.0502113 0.100057 0.105573 0.105881 0.105897
 0.0618585 0.123267 0.130063 0.130441 0.130461
 0.104358 0.207958 0.219422 0.220061 0.220094
 0.0549047 0.10941 0.115442 0.115778 0.115795
 0.108763 0.216735 0.228684 0.229349 0.229384
YTP_r0W_actual
 149293 90140.6 72398.5 24558.3 20110.7
YTP_p0W_proyectada
 0 0 0 0 0
 0 0 0 0 0
 0 0 0 0 0
 0 0 0 0 0
 0 0 0 0 0
 0 0 0 0 0
CTP_r0_actual
 19800.2 5165.65 3007.83 784.11 570.517
CTP_p0_proyectada
 0 0 0 0 0
 0 0 0 0 0
 0 0 0 0 0
 0 0 0 0 0
 0 0 0 0 0
 0 0 0 0 0
Wmedp
 7.54 17.45 24.07 31.32 35.25
Frms_r0
 0.108763 0.216735 0.228684 0.229349 0.229384
Zrms_r0
 1.10876 1.21674 1.22868 1.22935 1.22938
nmprior
 7.29 8.9 8.7 0
nm_flota  nm_reclas  nm_pelaces    nm_pelaL
inf 11.5284 16.0452 48.6947
cv_recla  cv_pelaces  cv_mph
0.390142 0.577118 0.662494
 ------------------------------------------------
Talla a la edad & desviaci?n 
 8 13.2811 15.8009 17.003 17.5766
 0.8 1.32811 1.58009 1.7003 1.75766
