years
 1991 1992 1993 1994 1995 1996 1997 1998 1999 2000 2001 2002 2003 2004 2005 2006 2007 2008 2009 2010 2011 2012 2013 2014 2015 2016 2017 2018 2019 2020 2021 2022 2023
reclasobs
 0 0 0 0 0 0 0 0 0 252601 567819 844713 477998 351125 339783 2.1784e+06 2.13404e+06 4.81314e+06 1.55562e+06 2.62356e+06 3.21686e+06 3.843e+06 1.13348e+06 3.07943e+06 1.97215e+06 2.03268e+06 2.025e+06 2.42433e+06 2.27542e+06 1.05018e+06 2.36338e+06 3.18982e+06 1.53035e+06
reclaspred
 5.22703e+06 2.65039e+06 976655 726227 93905.7 1.10198e+07 9.4968e+06 5.43783e+06 2.41055e+06 196377 277862 1.56457e+06 2.04473e+06 265502 701840 2.71209e+06 1.66368e+06 4.94206e+06 1.61383e+06 1.82578e+06 2.82508e+06 3.38861e+06 1.62027e+06 2.73607e+06 2.56034e+06 1.57085e+06 2.10686e+06 3.18387e+06 2.16652e+06 2.09394e+06 1.54312e+06 2.24596e+06 383943
pelacesobs
 0 0 0 0 0 0 0 0 0 0 0 0 0 0 0 552880 188675 0 991730 2.46772e+06 1.41603e+06 1.21717e+06 2.29649e+06 1.80582e+06 0 1.4828e+06 1.56532e+06 1.57751e+06 1.42118e+06 867257 1.10002e+06 1.06204e+06 0
pelacespred
 2.73984e+06 1.42009e+06 390686 290990 16690.4 7.75618e+06 4.90179e+06 3.22645e+06 1.40971e+06 59197.1 151001 829997 1.13899e+06 73187.8 390584 1.40106e+06 621153 3.08086e+06 574272 744016 1.42239e+06 1.64494e+06 589746 1.72887e+06 1.28838e+06 638959 1.4399e+06 1.88372e+06 936579 1.33396e+06 696021 1.2978e+06 85704.7
mphobs
 0 0 0 0 0 0 0 0 0 0 0 0 498337 0 5186 125008 0 168611 109162 213762 579715 649985 157893 87575 83554 210694 70296 0 107559 103333 445601 22526 28222
mphpred
 1.24095e+06 429821 267797 52882.5 46784 2849.57 1.99709e+06 1.14694e+06 625109 134563 4066.37 35352 222907 145944 6851.17 62952.5 378201 130282 474750 206841 604021 644701 150394 47236.1 132787 135325 51112.4 101309 211865 84340.6 91785.6 72456.9 69483.7
desembarqueobs
 494567 514787 250237 358949 120608 361735 552515 73892 212993 205616 52469 317467 293654 387597 252695 516296 358380 742168 942051 627588 828172 859565 418607 520667 417249 300574 415391 372974 316634 284311 391294 218835 356480
desembarquepred
 494475 514763 249527 358255 120469 361615 552141 73879.5 212784 205117 52429.7 317025 293213 386110 252194 515465 357970 741055 938502 625871 826871 857803 418048 519897 416527 300130 414656 372438 316082 283706 390464 218615 355455
Reclutas
 1041.4 172149 1442.24 101958 851.835 825769 880.765 284.31 485.082 1055.2 29309.5 181482 115128 12275.4 60156.7 308050 3020.59 442499 62544.1 247934 197522 422981 2858.56 148371 177752 8874.68 128702 160984 9155.2 115880 60415.6 82757.1 1370.08
log_desv_Rt
 -3.22224 1.88555 -2.89661 1.36176 -3.42317 3.45351 -3.38977 -4.5205 -3.98624 -3.20908 0.115104 1.93835 1.48323 -0.755208 0.834146 2.46746 -2.15735 2.82963 0.873065 2.25035 2.02304 2.78452 -2.21249 1.73691 1.91758 -1.0796 1.5947 1.8185 -1.04849 1.48975 0.838441 1.1531 -2.94794
SSB
 1.28119e+06 443759 276481 54597.4 48301.2 2941.98 2.06186e+06 1.18414e+06 645380 138926 4198.24 36498.4 218005 143521 6610.37 62063.7 390465 134507 522650 70798 215801 247362 408974 122321 304705 339630 118480 219411 482106 176054 239263 186626 174661
BT
 1.61172e+06 1.11422e+06 386389 415294 97919 3.63698e+06 2.52689e+06 1.40638e+06 810636 265145 108678 615939 739995 389949 414411 1.01392e+06 542755 2.0004e+06 1.10498e+06 786932 1.29789e+06 1.42861e+06 584065 1.24315e+06 912494 509330 1.05827e+06 1.14368e+06 655036 850568 636618 736687 323880
Ftot
 0.424745 1.03952 1.05444 2.73369 3.27935 0.251025 0.265466 0.0632434 0.397882 2.92663 1.32964 1.37208 0.804982 3.86557 2.3847 1.30664 0.913979 1.0311 2.21046 2.16688 1.65523 1.5361 1.06927 1.23399 0.92765 0.842595 1.26498 0.75323 0.648073 0.842214 1.31671 0.575837 2.72457
BD_Bspro_t
 0.934299 0.554245 0.372297 0.119225 0.0912452 0.00840785 0.79607 0.649864 0.588091 0.266248 0.021172 0.238055 0.41059 0.225911 0.0167427 0.13845 0.37048 0.170159 0.339296 0.0710939 0.153983 0.168929 0.255844 0.106149 0.254641 0.321599 0.178655 0.314083 0.473219 0.268971 0.34961 0.275292 0.301205
BD_Bspro
 6.80771 2.35795 1.4691 0.290107 0.256652 0.0156324 10.9558 6.292 3.42928 0.738196 0.0223077 0.193937 1.15839 0.762608 0.0351247 0.32978 2.07477 0.714713 2.77714 0.37619 1.14668 1.31438 2.17312 0.649963 1.61907 1.80465 0.629555 1.16586 2.56171 0.935477 1.27134 0.991651 0.928075
BD_Bo
 3.66396 1.26906 0.790683 0.156138 0.138132 0.00841347 5.89651 3.3864 1.84566 0.397302 0.0120061 0.104378 0.623452 0.410441 0.0189044 0.17749 1.11665 0.384664 1.49468 0.202468 0.61715 0.707408 1.16959 0.349815 0.871397 0.971277 0.338831 0.627473 1.37873 0.50348 0.684246 0.533714 0.499497
BD_Brms
 3.9243 1.35924 0.846866 0.167232 0.147947 0.0090113 6.31549 3.62703 1.97681 0.425533 0.0128592 0.111795 0.667752 0.439605 0.0202476 0.190102 1.196 0.411996 1.60088 0.216855 0.661002 0.757673 1.25269 0.374671 0.933315 1.04029 0.362907 0.672059 1.4767 0.539256 0.732866 0.571638 0.534989
Sel_flota
 0.450941 1 1 1 1
 0.450941 1 1 1 1
 0.450941 1 1 1 1
 0.450941 1 1 1 1
 0.450941 1 1 1 1
 0.450941 1 1 1 1
 0.450941 1 1 1 1
 0.450941 1 1 1 1
 0.450941 1 1 1 1
 0.450941 1 1 1 1
 0.450941 1 1 1 1
 0.450941 1 1 1 1
 0.450941 1 1 1 1
 0.450941 1 1 1 1
 0.450941 1 1 1 1
 0.450941 1 1 1 1
 0.450941 1 1 1 1
 0.450941 1 1 1 1
 0.450941 1 1 1 1
 0.450941 1 1 1 1
 0.450941 1 1 1 1
 0.450941 1 1 1 1
 0.450941 1 1 1 1
 0.450941 1 1 1 1
 0.450941 1 1 1 1
 0.450941 1 1 1 1
 0.450941 1 1 1 1
 0.450941 1 1 1 1
 0.450941 1 1 1 1
 0.450941 1 1 1 1
 0.450941 1 1 1 1
 0.450941 1 1 1 1
 0.450941 1 1 1 1
Sel_reclas
 0.745337 1 1 1 1
 0.745337 1 1 1 1
 0.745337 1 1 1 1
 0.745337 1 1 1 1
 0.745337 1 1 1 1
 0.745337 1 1 1 1
 0.745337 1 1 1 1
 0.745337 1 1 1 1
 0.745337 1 1 1 1
 0.745337 1 1 1 1
 0.745337 1 1 1 1
 0.745337 1 1 1 1
 0.745337 1 1 1 1
 0.745337 1 1 1 1
 0.745337 1 1 1 1
 0.745337 1 1 1 1
 0.745337 1 1 1 1
 0.745337 1 1 1 1
 0.745337 1 1 1 1
 0.745337 1 1 1 1
 0.745337 1 1 1 1
 0.745337 1 1 1 1
 0.745337 1 1 1 1
 0.745337 1 1 1 1
 0.745337 1 1 1 1
 0.745337 1 1 1 1
 0.745337 1 1 1 1
 0.745337 1 1 1 1
 0.745337 1 1 1 1
 0.745337 1 1 1 1
 0.745337 1 1 1 1
 0.745337 1 1 1 1
 0.745337 1 1 1 1
Sel_pelaces
 0.968996 1 1 1 1
 0.968996 1 1 1 1
 0.968996 1 1 1 1
 0.968996 1 1 1 1
 0.968996 1 1 1 1
 0.968996 1 1 1 1
 0.968996 1 1 1 1
 0.968996 1 1 1 1
 0.968996 1 1 1 1
 0.968996 1 1 1 1
 0.968996 1 1 1 1
 0.968996 1 1 1 1
 0.968996 1 1 1 1
 0.968996 1 1 1 1
 0.968996 1 1 1 1
 0.968996 1 1 1 1
 0.968996 1 1 1 1
 0.968996 1 1 1 1
 0.968996 1 1 1 1
 0.968996 1 1 1 1
 0.968996 1 1 1 1
 0.968996 1 1 1 1
 0.968996 1 1 1 1
 0.968996 1 1 1 1
 0.968996 1 1 1 1
 0.968996 1 1 1 1
 0.968996 1 1 1 1
 0.968996 1 1 1 1
 0.968996 1 1 1 1
 0.968996 1 1 1 1
 0.968996 1 1 1 1
 0.968996 1 1 1 1
 0.968996 1 1 1 1
pf_obs 
 0.8446 0.082 0.0669 0.0065 0
 0.8095 0.147 0.0364 0.0071 0
 0.9664 0.0169 0.016 0.0007 0
 0.9276 0.0648 0.0075 0.0001 0
 0.7033 0.2144 0.0806 0.0017 0
 0.9318 0.0425 0.0243 0.0014 0
 0.5671 0.3108 0.0964 0.0239 0.0018
 0.0768 0.2599 0.5324 0.112 0.0189
 0.490249 0.384438 0.106611 0.0170017 0.00170017
 0.7925 0.1577 0.0466 0.003 0.0002
 0.840416 0.127587 0.0312969 0.00059994 9.999e-05
 0.8084 0.0986 0.0794 0.0134 0.0002
 0.7335 0.1905 0.0724 0.0035 0.0001
 0.4001 0.4547 0.1325 0.0127 0
 0.49795 0.308269 0.164784 0.0264974 0.00249975
 0.9179 0.0499 0.0305 0.0017 0
 0.2467 0.6533 0.0926 0.0074 0
 0.9418 0.0223 0.034 0.0019 0
 0.707729 0.231977 0.0356964 0.0245975 0
 0.517169 0.277429 0.184464 0.0207286 0.00020938
 0.811772 0.124168 0.05621 0.00726502 0.000585176
 0.764997 0.148141 0.077277 0.00933861 0.000247198
 0.163321 0.427699 0.378323 0.0303852 0.000271297
 0.753843 0.0900009 0.118128 0.0371064 0.000921714
 0.721811 0.176058 0.0630433 0.0369309 0.00215725
 0.143369 0.312575 0.442814 0.0836902 0.0175525
 0.692698 0.0596174 0.167031 0.0765114 0.00414204
 0.394062 0.376323 0.152708 0.0712218 0.00568511
 0.125707 0.32114 0.495352 0.0537591 0.00404204
 0.23352 0.215282 0.420074 0.123614 0.00750983
 0.796117 0.104755 0.0508955 0.0450114 0.00322123
 0.162477 0.292055 0.404252 0.121198 0.0200186
 0 0 0 0 0
pf_pred 
 0.00634376 0.261727 0.583914 0.148015 7.39825e-07
 0.828721 0.0027482 0.0443907 0.0990359 0.0251045
 0.0186333 0.921717 0.000957094 0.0154596 0.0432334
 0.924562 0.00433599 0.0667801 6.93432e-05 0.00425242
 0.0527164 0.935547 0.000674571 0.0103893 0.000672357
 0.999429 0.000181317 0.000384477 2.77225e-07 4.54595e-06
 0.0015499 0.998213 7.52206e-05 0.000159503 2.00093e-06
 0.00168996 0.00373502 0.994339 7.49287e-05 0.000160877
 0.00887435 0.00378261 0.00369399 0.983416 0.000233216
 0.0991532 0.0199601 0.00336188 0.00328312 0.874242
 0.986299 0.00601175 0.000170373 2.86959e-05 0.00749027
 0.946937 0.0528575 9.0142e-05 2.55462e-06 0.000112742
 0.626419 0.367909 0.00564999 9.63537e-06 1.23241e-05
 0.206998 0.658713 0.13225 0.00203097 7.89364e-06
 0.97413 0.0192205 0.00552339 0.00110893 1.70961e-05
 0.959171 0.0406346 0.000144104 4.14112e-05 8.44231e-06
 0.0250986 0.963324 0.0115224 4.08624e-05 1.41365e-05
 0.960308 0.00288618 0.0363683 0.000435005 2.07637e-06
 0.282765 0.708042 0.000668467 0.00842323 0.000101232
 0.927076 0.0488752 0.0237408 2.24138e-05 0.000285827
 0.775246 0.221313 0.00230655 0.00112039 1.45467e-05
 0.872825 0.118729 0.0083162 8.66723e-05 4.26471e-05
 0.0193302 0.945195 0.0331186 0.00231974 3.60727e-05
 0.886671 0.00678354 0.102691 0.00359819 0.000255949
 0.748585 0.242414 0.000538772 0.00815609 0.000306109
 0.090495 0.819596 0.0866906 0.000192672 0.0030262
 0.883047 0.0266512 0.0813752 0.00860725 0.000319592
 0.753253 0.237711 0.00205906 0.00628701 0.000689684
 0.091457 0.81548 0.0896554 0.000776596 0.00263134
 0.843008 0.0341654 0.110245 0.0121206 0.00046072
 0.530442 0.441815 0.00603751 0.0194819 0.00222329
 0.733342 0.213507 0.0500106 0.000683407 0.00245688
 0.0342113 0.850896 0.0919919 0.0215476 0.00135303
pobs_RECLAS
 0 0 0 0 0
 0 0 0 0 0
 0 0 0 0 0
 0 0 0 0 0
 0 0 0 0 0
 0 0 0 0 0
 0 0 0 0 0
 0 0 0 0 0
 0 0 0 0 0
 0 0 0 0 0
 0.991045 0.00858322 0.000360255 1.14367e-05 0
 0.934742 0.0480273 0.0164251 0.00080598 0
 0.827803 0.169806 0.00239088 0 0
 0.941827 0.0461693 0.0120037 0 0
 0.791401 0.0380133 0.147996 0.0225897 0
 0.846168 0.0940531 0.0597789 0 0
 0.134021 0.677848 0.182769 0.00536245 0
 0.80878 0.0450904 0.141981 0.00414843 0
 0.846168 0.0940531 0.0597789 0 0
 0.905697 0.0802665 0.012482 0.00150086 5.37128e-05
 0.989698 0.0102097 9.19794e-05 0 0
 0.975433 0.0193895 0.00387452 0.00125025 5.28907e-05
 0.303575 0.632131 0.0575291 0.00676475 0
 0.966965 0.00978017 0.0227588 0.000495775 0
 0.843318 0.132988 0.00938335 0.0141283 0.000182051
 0.564624 0.303363 0.111486 0.0197234 0.00080311
 0.826376 0.0876187 0.0782897 0.00655872 0.00115652
 0.89761 0.0855135 0.0140674 0.00269457 0.000114338
 0.34875 0.467042 0.161289 0.0227151 0.000203297
 0.318654 0.224769 0.449479 0.00709798 0
 0.937255 0.0296025 0.0250945 0.00804832 0
 0.456809 0.399803 0.12412 0.0192676 0
 0.883104 0.0372192 0.0704036 0.00927362 0
ppred_RECLAS
 0.0107006 0.260579 0.581354 0.147366 7.36581e-07
 0.896455 0.00166139 0.0268359 0.059871 0.0151766
 0.0329087 0.908309 0.000943172 0.0152347 0.0426045
 0.965579 0.00197845 0.0304708 3.16403e-05 0.00194032
 0.123651 0.865492 0.000624057 0.00961132 0.000622009
 0.999659 0.000108278 0.000229601 1.65553e-07 2.71474e-06
 0.00259554 0.997168 7.51418e-05 0.000159336 1.99883e-06
 0.00279845 0.00373087 0.993235 7.48455e-05 0.000160699
 0.0149152 0.00375955 0.00367147 0.977422 0.000231794
 0.206938 0.0175719 0.00295964 0.0028903 0.769641
 0.992544 0.0032715 9.27141e-05 1.56159e-05 0.00407608
 0.970736 0.0291503 4.97124e-05 1.40885e-06 6.21758e-05
 0.745619 0.250518 0.00384722 6.56096e-06 8.3918e-06
 0.427102 0.475882 0.095543 0.00146726 5.7027e-06
 0.987825 0.0090454 0.00259938 0.000521878 8.04564e-06
 0.977439 0.0224541 7.96297e-05 2.28832e-05 4.66509e-06
 0.0434991 0.945142 0.0113049 4.00911e-05 1.38697e-05
 0.977403 0.00164315 0.020705 0.000247655 1.18211e-06
 0.452251 0.540729 0.000510505 0.00643279 7.73105e-05
 0.963557 0.0244248 0.0118642 1.1201e-05 0.000142839
 0.869311 0.128688 0.0013412 0.000651478 8.45853e-06
 0.928704 0.0665609 0.00466216 4.85896e-05 2.39085e-05
 0.0341733 0.930889 0.0326174 0.00228463 3.55268e-05
 0.934663 0.00391088 0.0592041 0.00207445 0.000147561
 0.840429 0.153858 0.000341955 0.00517662 0.000194285
 0.148608 0.767228 0.0811515 0.000180362 0.00283284
 0.932684 0.0153398 0.0468378 0.00495414 0.00018395
 0.841548 0.152649 0.00132225 0.00403729 0.000442889
 0.147872 0.764844 0.0840883 0.000728374 0.00246795
 0.904027 0.0208863 0.0673958 0.00740962 0.000281651
 0.675932 0.304921 0.00416682 0.0134455 0.00153441
 0.824956 0.140154 0.0328288 0.000448614 0.00161279
 0.0748842 0.815062 0.0881178 0.0206401 0.00129605
pobs_PELACES
 0 0 0 0 0
 0 0 0 0 0
 0 0 0 0 0
 0 0 0 0 0
 0 0 0 0 0
 0 0 0 0 0
 0 0 0 0 0
 0 0 0 0 0
 0 0 0 0 0
 0 0 0 0 0
 0 0 0 0 0
 0 0 0 0 0
 0 0 0 0 0
 0 0 0 0 0
 0 0 0 0 0
 0 0 0 0 0
 0.505614 0.472636 0.0217494 0 0
 0 0 0 0 0
 0.443492 0.261883 0.143347 0.151278 0
 0.227955 0.32914 0.350689 0.0885471 0.00366901
 0.970185 0.0296113 0.000203453 0 0
 0.997202 0.00247181 0.000326279 0 0
 0.445219 0.490057 0.0546422 0.010081 0
 0.90214 0.0892962 0.00764917 0.000914606 0
 0 0 0 0 0
 0.581667 0.319106 0.0959925 0.00289975 0.000334073
 0.762889 0.0836404 0.116647 0.0363945 0.000428098
 0.88444 0.0763242 0.0277011 0.0115352 0
 0.521256 0.241999 0.230069 0.00667565 0
 0.616807 0.101726 0.260614 0.0208532 0
 0.833518 0.0704572 0.0857862 0.0102388 0
 0.697417 0.212968 0.0787535 0.0105354 0.000325836
 0 0 0 0 0
ppred_PELACES
 0.0149598 0.259457 0.578851 0.146732 7.3341e-07
 0.931452 0.00109985 0.0177656 0.0396351 0.0100471
 0.0508311 0.891476 0.000925692 0.0149524 0.041815
 0.983565 0.000944623 0.0145485 1.51069e-05 0.000926416
 0.249422 0.741278 0.000534494 0.00823193 0.00053274
 0.99975 7.959e-05 0.000168768 1.21689e-07 1.99547e-06
 0.00353734 0.996226 7.50709e-05 0.000159186 1.99695e-06
 0.0036769 0.00372758 0.99236 7.47795e-05 0.000160557
 0.0207178 0.00373741 0.00364985 0.971665 0.000230429
 0.365682 0.0140546 0.00236722 0.00231176 0.615584
 0.99548 0.00198349 5.62121e-05 9.46783e-06 0.00247131
 0.982237 0.0176938 3.01746e-05 8.55148e-07 3.77398e-05
 0.815125 0.182068 0.00279602 4.76827e-06 6.09887e-06
 0.66131 0.281335 0.0564838 0.000867422 3.37136e-06
 0.993884 0.00454425 0.00130588 0.000262182 4.04199e-06
 0.986182 0.0137523 4.87701e-05 1.40151e-05 2.85719e-06
 0.0652218 0.923677 0.0110482 3.91806e-05 1.35547e-05
 0.985462 0.00105715 0.013321 0.000159333 7.60531e-07
 0.615705 0.37937 0.000358165 0.00451318 5.42403e-05
 0.980733 0.0129129 0.00627235 5.92177e-06 7.55159e-05
 0.921087 0.0777043 0.000809842 0.000393375 5.10742e-06
 0.957209 0.0399489 0.00279816 2.91627e-05 1.43495e-05
 0.0528813 0.912858 0.0319856 0.00224038 3.48386e-05
 0.958776 0.00246755 0.0373545 0.00130886 9.31028e-05
 0.890116 0.10595 0.000235477 0.00356472 0.000133789
 0.209082 0.712732 0.0753873 0.000167551 0.00263163
 0.957722 0.00963419 0.0294165 0.00311145 0.00011553
 0.887823 0.108069 0.000936096 0.00285822 0.000313546
 0.20237 0.715927 0.0787104 0.00068179 0.00231011
 0.934491 0.0142565 0.0460028 0.00505763 0.000192248
 0.774891 0.211809 0.00289442 0.00933972 0.00106586
 0.871809 0.10264 0.0240417 0.000328535 0.0011811
 0.147055 0.751477 0.0812434 0.0190299 0.00119494
pobs_pel_tallas
 0 0 0 0 0 0 0 0 0 0 0 0 0 0 0 0 0 0 0 0 0 0 0 0 0 0
 0 0 0 0 0 0 0 0 0 0 0 0 0 0 0 0 0 0 0 0 0 0 0 0 0 0
 0 0 0 0 0 0 0 0 0 0 0 0 0 0 0 0 0 0 0 0 0 0 0 0 0 0
 0 0 0 0 0 0 0 0 0 0 0 0 0 0 0 0 0 0 0 0 0 0 0 0 0 0
 0 0 0 0 0 0 0 0 0 0 0 0 0 0 0 0 0 0 0 0 0 0 0 0 0 0
 0 0 0 0 0 0 0 0 0 0 0 0 0 0 0 0 0 0 0 0 0 0 0 0 0 0
 0 0 0 0 0 0 0 0 0 0 0 0 0 0 0 0 0 0 0 0 0 0 0 0 0 0
 0 0 0 0 0 0 0 0 0 0 0 0 0 0 0 0 0 0 0 0 0 0 0 0 0 0
 0 0 0 0 0 0 0 0 0 0 0 0 0 0 0 0 0 0 0 0 0 0 0 0 0 0
 0 0 0 0 0 0 0 0 0 0 0 0 0 0 0 0 0 0 0 0 0 0 0 0 0 0
 0 0 0 0 0 0 0 0 0 0 0 0 0 0 0 0 0 0 0 0 0 0 0 0 0 0
 0 0 0 0 0 0 0 0 0 0 0 0 0 0 0 0 0 0 0 0 0 0 0 0 0 0
 0.00862536 0 0 0.000197151 0.00414017 0.0128641 0.00837892 0.0270097 0.101434 0.158115 0.152841 0.127902 0.109271 0.109419 0.0830992 0.0579132 0.0238553 0.00714673 0.00463305 0.00128148 0.00103504 0.000492878 0.000147863 0.000147863 4.92878e-05 0
 0 0 0 0 0 0 0 0 0 0 0 0 0 0 0 0 0 0 0 0 0 0 0 0 0 0
 0 0 0 0 0 0 0 0.0054083 0.00873648 0.0413646 0.0450493 0.0745869 0.0622846 0.0627006 0.0613931 0.0827291 0.12552 0.122667 0.0946155 0.0697135 0.0546179 0.0294188 0.0215738 0.0213955 0.0102223 0.00600262
 0 0 0 0 0.00359764 0.0251062 0.0480494 0.140153 0.205849 0.193036 0.1447 0.116669 0.0760912 0.0342217 0.00950174 0.001854 0.000860785 0 0 0 0.000165536 0 0.000143464 0 0 0
 0 0 0 0 0 0 0 0.000145254 0.000435761 0.0275982 0.070085 0.0708112 0.156366 0.174668 0.174014 0.160142 0.0824315 0.0480064 0.0283245 0.00493863 0.00203355 0 0 0 0 0
 0 0 0 0 0 0 0 0 0 0 0 0 0 0 0 0 0 0 0 0 0 0 0 0 0 0
 0 0 1.00437e-05 0.000401748 0.00122533 0.00171747 0.00176769 0.0269171 0.070346 0.194647 0.189555 0.159765 0.064822 0.0314167 0.0384472 0.0292271 0.0345202 0.0313363 0.0194345 0.0106764 0.0143323 0.0359363 0.0279516 0.0138201 0.00172751 0
 0 0.0021121 0.0136068 0.0755702 0.200478 0.177729 0.0527432 0.0373336 0.0318909 0.0142505 0.0149659 0.0166563 0.0217959 0.0798694 0.0677717 0.0528807 0.04013 0.0224614 0.0357745 0.0225083 0.00881397 0.00855152 0.00135912 0.000746735 0 0
 0 0 0 0 5.4009e-05 0.00500934 0.000945158 0.0243581 0.138947 0.33067 0.221406 0.137944 0.0707744 0.0437923 0.0131692 0.00525238 0.0047753 0.00276346 9.45158e-05 9.00151e-06 2.25038e-05 9.00151e-06 4.50075e-06 0 0 0
 0.000866109 0.00284123 0.00948549 0.0512746 0.133035 0.25785 0.225252 0.132002 0.0553304 0.0519788 0.0540692 0.017754 0.00435017 0.00159236 0.00146478 0.000404838 0.000125132 0.000115318 0.000107957 0.000100596 0 0 0 0 0 0
 0 0 0 0 0.00144013 0.00171154 0.00461396 0.0210425 0.0478622 0.0707936 0.0888783 0.103762 0.0637923 0.0337046 0.0602308 0.124433 0.169614 0.0934646 0.0462172 0.0250306 0.0313229 0.00938855 0.002487 0.000210481 0 0
 0 0.00764035 0.051015 0.0998891 0.058973 0.0496711 0.0374665 0.0718981 0.12319 0.153886 0.159021 0.0857701 0.0377988 0.023471 0.0147837 0.00900784 0.00315554 0.000888139 0.00291439 0.00214683 0.00393193 0.00274676 0.000635225 9.99891e-05 0 0
 0 0 0 0 0 0 0 0 0 0 0 0 0 0 0 0 0 0 0 0 0 0 0 0 0 0
 0 0 0 0 0 0 0 0 0 0 0 0 0 0 0 0 0 0 0 0 0 0 0 0 0 0
 0 0 0 0 0 0 0 0 0 0 0 0 0 0 0 0 0 0 0 0 0 0 0 0 0 0
 0 0 0 0 0 0 0 0 0 0 0 0 0 0 0 0 0 0 0 0 0 0 0 0 0 0
 0 0 0 0 0 0 0 0 0 0 0 0 0 0 0 0 0 0 0 0 0 0 0 0 0 0
 0 0 0 0 0 0 0 0 0 0 0 0 0 0 0 0 0 0 0 0 0 0 0 0 0 0
 0 0 0 0 0 0 0 0 0 0 0 0 0 0 0 0 0 0 0 0 0 0 0 0 0 0
 0 0 0 0 0 0 0 0 0 0 0 0 0 0 0 0 0 0 0 0 0 0 0 0 0 0
 0 0 0 0 0 0 0 0 0 0 0 0 0 0 0 0 0 0 0 0 0 0 0 0 0 0
ppred_pel_tallas
 1.31486e-16 1.23228e-06 1.19782e-05 7.96005e-05 0.000361868 0.00112604 0.00240011 0.00350844 0.00353433 0.00252704 0.00155483 0.00161176 0.00326008 0.00709793 0.0138789 0.0240426 0.037209 0.0521909 0.0676402 0.0827729 0.0973664 0.110895 0.121666 0.127 0.124542 0.113721
 1.06189e-16 7.67225e-05 0.00074577 0.0049559 0.0225288 0.0700955 0.149346 0.217975 0.217975 0.149347 0.0700982 0.0225371 0.00497902 0.000804231 0.000212099 0.000295606 0.000581477 0.00109313 0.00193218 0.00320157 0.00495334 0.00712935 0.00952127 0.0117822 0.0135029 0.0143313
 1.08831e-16 4.18707e-06 4.06999e-05 0.000270469 0.00122957 0.0038261 0.00815508 0.0119206 0.0120063 0.0085739 0.00523182 0.00528735 0.010447 0.0222261 0.0420511 0.0692866 0.0992889 0.123787 0.134391 0.12732 0.105785 0.0780244 0.0525898 0.0344655 0.024211 0.0195803
 1.00579e-16 8.1015e-05 0.000787494 0.00523318 0.0237893 0.0740172 0.157702 0.23017 0.23017 0.157702 0.0740192 0.0237952 0.00524919 0.000826004 0.000164537 0.000170804 0.000300922 0.000508594 0.000802859 0.00118254 0.00161903 0.00204949 0.00238693 0.00254891 0.00249199 0.00223181
 1.01121e-16 2.05447e-05 0.000199702 0.0013271 0.00603283 0.0187707 0.0399957 0.0583898 0.0584611 0.0403439 0.0199394 0.00940625 0.0097867 0.01864 0.0349626 0.0575598 0.0824282 0.102635 0.111136 0.104702 0.0859114 0.0615508 0.0387463 0.0217719 0.0113464 0.00593559
 1.00006e-16 8.2348e-05 0.000800452 0.00531929 0.0241807 0.0752351 0.160296 0.233957 0.233957 0.160296 0.0752353 0.0241811 0.00532026 0.000802605 8.6547e-05 1.30189e-05 1.13645e-05 1.53383e-05 1.9452e-05 2.31229e-05 2.62263e-05 2.86455e-05 3.00341e-05 2.98629e-05 2.77583e-05 2.38428e-05
 1.00274e-16 2.91573e-07 2.83429e-06 1.88395e-05 8.57005e-05 0.00026716 0.000572753 0.000856032 0.000951822 0.00104069 0.0018377 0.00461896 0.0113867 0.0247815 0.0469493 0.0773271 0.110714 0.137798 0.149093 0.140232 0.114663 0.0815083 0.050377 0.027079 0.0126689 0.00517014
 1.28673e-16 3.02867e-07 2.94397e-06 1.95637e-05 8.89349e-05 0.000276719 0.000589641 0.00086097 0.000862858 0.000599591 0.000314537 0.000217593 0.000415625 0.00110881 0.00280501 0.00646653 0.013556 0.0258307 0.0447123 0.0702578 0.100148 0.129425 0.151575 0.160818 0.154544 0.134503
 1.9759e-16 1.7065e-06 1.65878e-05 0.000110231 0.000501097 0.0015591 0.00332186 0.00484849 0.0048492 0.00332552 0.0015726 0.000545674 0.000244577 0.000389402 0.000961589 0.00230443 0.00516576 0.0107986 0.020982 0.037756 0.0627185 0.0959518 0.134986 0.174463 0.20705 0.225577
 2.04479e-16 3.01208e-05 0.000292785 0.00194566 0.00884467 0.0275191 0.0586323 0.0855759 0.0855774 0.0586396 0.027544 0.00891887 0.00214059 0.00074994 0.00100141 0.00191155 0.00356309 0.00645839 0.0115021 0.0200379 0.0336448 0.0535724 0.0799074 0.110812 0.142298 0.16888
 1.00422e-16 8.19963e-05 0.000797034 0.00529657 0.0240774 0.0749138 0.159612 0.232958 0.232958 0.159613 0.074917 0.0240865 0.00531936 0.000846847 0.000176836 0.000163298 0.000229359 0.000293676 0.000336646 0.000354971 0.000361541 0.000378783 0.000425327 0.000504761 0.000602991 0.000694263
 1.00012e-16 8.09056e-05 0.000786431 0.00522611 0.0237571 0.0739173 0.157489 0.22986 0.229861 0.157497 0.0739452 0.0238377 0.00542803 0.00122656 0.000914852 0.0013793 0.00196714 0.00244841 0.00264982 0.00249368 0.00204122 0.00145439 0.000903674 0.000491979 0.000237731 0.000105563
 1.00129e-16 6.71408e-05 0.000652633 0.00433697 0.0197153 0.0613416 0.130695 0.190757 0.190775 0.130781 0.0616287 0.0205441 0.00641552 0.00518395 0.00865478 0.0141541 0.0202708 0.0252544 0.0273712 0.0258232 0.0212338 0.0152563 0.00962852 0.00539606 0.0027445 0.0013177
 1.0179e-16 5.44713e-05 0.000529481 0.00351859 0.015995 0.0497665 0.106034 0.154765 0.154792 0.106166 0.0502119 0.0172816 0.00674906 0.00758486 0.0134631 0.0221942 0.0320176 0.0403632 0.0446331 0.0436001 0.0381064 0.0304442 0.0229522 0.0169367 0.0125405 0.00929953
 1.00066e-16 8.18649e-05 0.000795756 0.00528808 0.0240388 0.0747937 0.159356 0.232585 0.232585 0.159358 0.0748009 0.0240597 0.00534042 0.00091019 0.00029969 0.000367146 0.00052386 0.000664642 0.000743676 0.000741456 0.000671068 0.000567582 0.000465543 0.000382368 0.000317433 0.000262072
 1.00007e-16 8.12305e-05 0.00078959 0.0052471 0.0238526 0.0742142 0.158121 0.230783 0.230784 0.158128 0.0742358 0.0239151 0.00540404 0.0011317 0.000729468 0.00107349 0.00152931 0.00190359 0.00206054 0.0019397 0.00158854 0.00113278 0.000704696 0.000384154 0.000185474 8.1345e-05
 1.00562e-16 5.37243e-06 5.2222e-05 0.000347038 0.00157764 0.0049091 0.0104626 0.0152891 0.015378 0.0108966 0.00636561 0.005782 0.0108909 0.0230376 0.0435643 0.0717643 0.102796 0.128042 0.138721 0.130787 0.107409 0.0769911 0.0483693 0.0268673 0.0134346 0.00625885
 1.00401e-16 8.11712e-05 0.000789013 0.00524327 0.0238351 0.0741599 0.158006 0.230614 0.230614 0.158006 0.074162 0.0238414 0.00526009 0.000828951 0.000166407 0.000171002 0.000294926 0.000487698 0.000754191 0.00109084 0.00147025 0.0018351 0.00210726 0.00221414 0.0021206 0.00184696
 1.0057e-16 5.07148e-05 0.000492966 0.00327594 0.014892 0.0463346 0.0987221 0.144095 0.144132 0.0989003 0.0469327 0.0166184 0.00760542 0.00993045 0.0179336 0.0294615 0.042187 0.05253 0.0568838 0.0535953 0.0439839 0.0315223 0.019856 0.0111709 0.00583368 0.0030591
 1.00198e-16 8.07817e-05 0.000785227 0.00521811 0.0237208 0.0738041 0.157248 0.229508 0.229509 0.157254 0.0738247 0.0237802 0.0053677 0.00111282 0.000705979 0.00104712 0.00151863 0.00194668 0.00221274 0.00226063 0.00212047 0.0018791 0.00161966 0.00138054 0.00115839 0.000938007
 1.00084e-16 7.58688e-05 0.000737471 0.00490076 0.0222781 0.0693156 0.147684 0.215551 0.215559 0.147721 0.0694381 0.0226318 0.00578775 0.0026711 0.00374026 0.00604253 0.00864831 0.0107726 0.0116728 0.011009 0.00904884 0.00649985 0.00410521 0.0023113 0.00119533 0.000601736
 1.00097e-16 7.88441e-05 0.000766393 0.00509295 0.0231518 0.0720339 0.153476 0.224003 0.224007 0.153495 0.0720969 0.0233339 0.0055498 0.00176288 0.00196894 0.00312384 0.0044771 0.00559739 0.00610369 0.005821 0.00488103 0.00363556 0.00245142 0.00154506 0.000951156 0.000595115
 1.01387e-16 4.35596e-06 4.23415e-05 0.000281379 0.00127916 0.00398041 0.00848394 0.012401 0.0124888 0.00891299 0.00542056 0.00543671 0.0107095 0.0227806 0.0431107 0.0710593 0.101882 0.127103 0.13808 0.13082 0.108409 0.0790474 0.0513227 0.030361 0.0170284 0.00955486
 1.01226e-16 7.89731e-05 0.000767647 0.00510128 0.0231897 0.0721517 0.153727 0.224369 0.224369 0.153728 0.0721568 0.0232052 0.00514287 0.000867543 0.000295305 0.000432391 0.000775766 0.00130854 0.00205987 0.00302442 0.00412528 0.00519741 0.0060147 0.00636572 0.00614424 0.0054011
 1.00415e-16 7.33177e-05 0.000712674 0.00473597 0.021529 0.0669849 0.142719 0.208304 0.208315 0.142769 0.0671519 0.0220113 0.00594537 0.00334918 0.0050699 0.00823786 0.0117955 0.014699 0.0159423 0.0150687 0.0124503 0.0090568 0.00589944 0.00357485 0.00216696 0.00143865
 1.0282e-16 1.72219e-05 0.000167403 0.00111246 0.00505711 0.0157349 0.0335274 0.0489487 0.0490173 0.0338628 0.016861 0.00830887 0.00927235 0.0179722 0.0338069 0.0557959 0.0802146 0.100526 0.110058 0.105698 0.089741 0.068341 0.0478742 0.0320487 0.0214031 0.0146334
 1.01184e-16 7.88863e-05 0.000766803 0.00509568 0.0231642 0.0720724 0.153558 0.224123 0.224124 0.153563 0.0720886 0.0232114 0.00521639 0.00103736 0.000613375 0.000942968 0.00147589 0.00211638 0.00281712 0.00354462 0.00426846 0.00492932 0.005418 0.00560126 0.00538765 0.00478623
 1.00395e-16 7.31288e-05 0.000710838 0.00472377 0.0214736 0.0668123 0.142351 0.207768 0.207778 0.142402 0.0669828 0.0219655 0.00595755 0.00340059 0.00517095 0.00840547 0.0120374 0.0150038 0.0162785 0.0153945 0.0127288 0.00926723 0.00603872 0.00365149 0.00219404 0.00142989
 1.02914e-16 1.66691e-05 0.00016203 0.00107675 0.00489479 0.0152299 0.0324514 0.0473782 0.0474472 0.0327884 0.0163611 0.00816147 0.00927431 0.0180498 0.033966 0.0560652 0.0806152 0.101056 0.11069 0.106391 0.0904589 0.0690579 0.0485725 0.0327081 0.0219962 0.0151313
 1.01872e-16 7.69728e-05 0.000748203 0.00497207 0.0226023 0.0703242 0.149833 0.218686 0.218688 0.14984 0.0703482 0.0226725 0.00515162 0.00115123 0.000874819 0.00140894 0.00221886 0.00319976 0.0042885 0.00543686 0.00659482 0.00766219 0.00845994 0.00877386 0.00845857 0.00752832
 1.01255e-16 6.38268e-05 0.000620419 0.00412291 0.0187421 0.0583139 0.124245 0.181343 0.181363 0.124344 0.058648 0.0197066 0.00654178 0.00589439 0.0100613 0.0164834 0.0236258 0.0294761 0.0320368 0.0304019 0.0253155 0.0187051 0.012571 0.00807696 0.00536258 0.00393471
 1.00953e-16 7.18098e-05 0.000698017 0.00463857 0.0210863 0.0656072 0.139783 0.20402 0.20403 0.139832 0.0657698 0.021556 0.00581843 0.00327575 0.00497338 0.0081237 0.0117305 0.014822 0.0164543 0.0161826 0.0143089 0.0116544 0.00904968 0.00694742 0.00538302 0.0041827
 1.04648e-16 1.21129e-05 0.000117742 0.000782438 0.00355689 0.0110672 0.0235825 0.0344346 0.0345069 0.0239362 0.0122547 0.00698612 0.0093882 0.0188973 0.0356575 0.0588761 0.0846846 0.106222 0.116488 0.112238 0.0959161 0.0739978 0.0531474 0.037165 0.0264821 0.0196017
pSPR Fmed_Fpbrs
1   0.983658 0.6 0.325 0.983658 0.983658 0.983658
Fs Fmed_Fpbrs
0   0.01 0.355043 0.923867 0.01 0.01 0.01
SSBpbr Bo_Bmed_Bpbrs
349674  332191  326476 192321 96160.4 326476 326476 326476
Ro
26122.8
SPR SPRFo_SPRFmed_SPRFpbrs
188197 188197 185122
Fref
0
Nvult_r0
 1222.55 22915.7 2477.46 580.304 36.4387
CTP_r0
 673.981 16763.1 1812.29 424.499 26.6554
YTP_r0
355455
Np
 1370.08 504.023 185.42 68.212 34.3253
Nvult_p0
 866.053 318.603 117.208 43.1182 21.6977
CTP_p0
 0 0 0 0 0
 0 0 0 0 0
 0 0 0 0 0
 0 0 0 0 0
 0 0 0 0 0
 0 0 0 0 0
YTP_p0
 0 0 0 0 0 0
CBA_c0
0
log_Ro
9.99056
likeval ReclasPelacesDesembMPH_pf_preclas_ppelaces_ptallas_desvR_qrecl_qpela
 38.8583 0.000365865 0.572499 52.7501 440.449 186.118 159.343 0 253.12 0.000125471 0.000146695 0.101822 2066.44 0 0
q_reclas_q_pelaces
4.87496 5.54482
M
1
N
 1041.4 21239.4 47385.2 12011.6 0.0600375
 172149 316.329 5109.55 11399.4 2889.64
 1442.24 39630.5 41.1516 664.707 1858.88
 101958 329.792 5079.25 5.2742 323.436
 851.835 10933.5 7.88355 121.417 7.85768
 825769 71.4217 151.448 0.1092 1.79067
 880.765 271271 20.4417 43.346 0.543765
 284.31 287.459 76527.7 5.76676 12.3817
 485.082 101.651 99.2695 26427.6 6.26726
 1055.2 149.142 25.12 24.5315 6532.33
 29309.5 103.726 2.93958 0.495114 129.236
 181482 5919.91 10.0957 0.286111 12.6268
 115128 35960.8 552.251 0.941796 1.20461
 12275.4 29460.2 5914.74 90.8327 0.353034
 60156.7 790.14 227.063 45.5875 0.702808
 308050 7550.33 26.776 7.69462 1.56867
 3020.59 62868.4 751.976 2.66676 0.922577
 442499 735.872 9272.6 110.911 0.529399
 62544.1 102255 96.5398 1216.48 14.6199
 247934 8491.65 4124.76 3.89421 49.66
 197522 34330.2 357.793 173.796 2.25649
 422981 34447.6 2412.83 25.1468 12.3735
 2858.56 77838.7 2727.39 191.036 2.97066
 148371 649.3 9829.31 344.409 24.4987
 177752 31288.7 69.5401 1052.72 39.51
 8874.68 43037.6 4552.19 10.1174 158.908
 128702 2232.77 6817.41 721.094 26.7747
 160984 26764.4 231.833 707.867 77.6528
 9155.2 42167.3 4635.95 40.1566 136.063
 115880 2514.51 8113.84 892.051 33.9082
 60415.6 29159 398.465 1285.77 146.733
 82757.1 12274.1 2875 39.2876 141.241
 1370.08 23482.2 2538.7 594.649 37.3395
pred_Ctot
 116.552 4808.63 10728.1 2719.44 0.0135926
 42293.9 140.255 2265.49 5054.31 1281.21
 358.495 17733.4 18.414 297.435 831.79
 50256.4 235.691 3629.96 3.76929 231.149
 465.577 8262.52 5.95763 91.7556 5.93808
 56385.2 10.2294 21.6912 0.0156403 0.256471
 63.4309 40852.6 3.07846 6.52779 0.0818895
 5.06481 11.1938 2980.03 0.224561 0.482149
 51.1054 21.7832 21.2728 5663.27 1.34304
 541.31 108.969 18.3536 17.9236 4772.77
 8767.33 53.4392 1.51446 0.255082 66.5819
 55622.4 3104.81 5.29487 0.150056 6.62235
 22815.2 13399.9 205.782 0.350937 0.448866
 7298.37 23225 4662.89 71.6081 0.278315
 27258.3 537.831 154.557 31.0304 0.478386
 90903.5 3851.06 13.6572 3.92466 0.800103
 666.818 25593.5 306.127 1.08563 0.375578
 107990 324.561 4089.74 48.9178 0.233495
 26982.8 67564.7 63.7882 803.784 9.66004
 105567 5565.45 2703.38 2.55227 32.5473
 69697.2 19896.8 207.367 100.727 1.3078
 141240 19212.7 1345.72 14.0253 6.90114
 718.71 35143.1 1231.38 86.2498 1.34121
 41858.7 320.243 4847.93 169.866 12.0831
 39732.4 12866.5 28.5962 432.898 16.2473
 1828.79 16563 1751.91 3.89367 61.1559
 37027.1 1117.51 3412.15 360.911 13.4009
 30125.2 9506.9 82.3489 251.44 27.5829
 1501.8 13390.9 1472.22 12.7523 43.2087
 23870 967.404 3121.62 343.197 13.0454
 17935.3 14938.6 204.14 658.72 75.1737
 12219 3557.46 833.278 11.3869 40.9366
 673.981 16763.1 1812.29 424.499 26.6554
F
 0.191535 0.424745 0.424745 0.424745 0.424745
 0.468762 1.03952 1.03952 1.03952 1.03952
 0.475488 1.05444 1.05444 1.05444 1.05444
 1.23273 2.73369 2.73369 2.73369 2.73369
 1.47879 3.27935 3.27935 3.27935 3.27935
 0.113198 0.251025 0.251025 0.251025 0.251025
 0.119709 0.265466 0.265466 0.265466 0.265466
 0.028519 0.0632434 0.0632434 0.0632434 0.0632434
 0.179421 0.397882 0.397882 0.397882 0.397882
 1.31974 2.92663 2.92663 2.92663 2.92663
 0.599589 1.32964 1.32964 1.32964 1.32964
 0.618725 1.37208 1.37208 1.37208 1.37208
 0.362999 0.804982 0.804982 0.804982 0.804982
 1.74314 3.86557 3.86557 3.86557 3.86557
 1.07536 2.3847 2.3847 2.3847 2.3847
 0.589219 1.30664 1.30664 1.30664 1.30664
 0.412151 0.913979 0.913979 0.913979 0.913979
 0.464966 1.0311 1.0311 1.0311 1.0311
 0.996788 2.21046 2.21046 2.21046 2.21046
 0.977136 2.16688 2.16688 2.16688 2.16688
 0.746409 1.65523 1.65523 1.65523 1.65523
 0.692688 1.5361 1.5361 1.5361 1.5361
 0.482178 1.06927 1.06927 1.06927 1.06927
 0.556457 1.23399 1.23399 1.23399 1.23399
 0.418315 0.92765 0.92765 0.92765 0.92765
 0.37996 0.842595 0.842595 0.842595 0.842595
 0.570431 1.26498 1.26498 1.26498 1.26498
 0.339662 0.75323 0.75323 0.75323 0.75323
 0.292242 0.648073 0.648073 0.648073 0.648073
 0.379789 0.842214 0.842214 0.842214 0.842214
 0.593759 1.31671 1.31671 1.31671 1.31671
 0.259668 0.575837 0.575837 0.575837 0.575837
 1.22862 2.72457 2.72457 2.72457 2.72457
YTP_r0W_actual
 5081.82 292517 43621.8 13295.3 939.602
YTP_p0W_proyectada
 0 0 0 0 0
 0 0 0 0 0
 0 0 0 0 0
 0 0 0 0 0
 0 0 0 0 0
 0 0 0 0 0
CTP_r0_actual
 673.981 16763.1 1812.29 424.499 26.6554
CTP_p0_proyectada
 0 0 0 0 0
 0 0 0 0 0
 0 0 0 0 0
 0 0 0 0 0
 0 0 0 0 0
 0 0 0 0 0
Wmedp
 7.54 17.45 24.07 31.32 35.25
Frms_r0
 1.22862 2.72457 2.72457 2.72457 2.72457
Zrms_r0
 2.22862 3.72457 3.72457 3.72457 3.72457
nmprior
 7.29 8.9 8.7 0
nm_flota  nm_reclas  nm_pelaces    nm_pelaL
inf 4.76142 2.96994 4.59036
cv_recla  cv_pelaces  cv_mph
0.539849 0.698441 0.58233
 ------------------------------------------------
Talla a la edad & desviaci?n 
 8 13.2811 15.8009 17.003 17.5766
 0.8 1.32811 1.58009 1.7003 1.75766
