years
 1991 1992 1993 1994 1995 1996 1997 1998 1999 2000 2001 2002 2003 2004 2005 2006 2007 2008 2009 2010 2011 2012 2013 2014 2015 2016 2017 2018 2019 2020 2021 2022 2023
reclasobs
 0 0 0 0 0 0 0 0 0 252601 567819 844713 477998 351125 339783 2.1784e+06 2.13404e+06 4.81314e+06 1.55562e+06 2.62356e+06 3.21686e+06 3.843e+06 1.13348e+06 3.07943e+06 1.97215e+06 2.03268e+06 2.025e+06 2.42433e+06 2.27542e+06 1.05018e+06 2.36338e+06 3.18982e+06 1.53035e+06
reclaspred
 7.6986e+06 1.91014e+06 1.1616e+06 959872 135809 5.23127e+06 3.63009e+06 1.61294e+06 174222 256891 341864 1.44688e+06 1.05704e+06 285948 688034 2.71721e+06 1.85626e+06 3.48861e+06 2.09164e+06 1.79865e+06 3.41037e+06 3.42328e+06 1.58201e+06 2.59332e+06 2.44038e+06 1.62647e+06 2.15581e+06 3.12981e+06 2.27888e+06 1.92504e+06 1.75836e+06 1.02008e+06 836592
pelacesobs
 0 0 0 0 0 0 0 0 0 0 0 0 0 0 0 552880 188675 0 991730 2.46772e+06 1.41603e+06 1.21717e+06 2.29649e+06 1.80582e+06 0 1.4828e+06 1.56532e+06 1.57751e+06 1.42118e+06 867257 1.10002e+06 1.06204e+06 0
pelacespred
 4.44941e+06 963739 533018 316741 32583.1 3.43642e+06 1.73597e+06 971017 44156.9 99555.9 184755 727281 475059 93807.4 367791 1.36854e+06 755485 1.9566e+06 911480 710098 1.74566e+06 1.62198e+06 621891 1.57541e+06 1.22226e+06 724831 1.42789e+06 1.83494e+06 1.05572e+06 1.16834e+06 823350 421205 372804
mphobs
 0 0 0 0 0 0 0 0 0 0 0 0 498337 0 5186 125008 0 168611 109162 213762 579715 649985 157893 87575 83554 210694 70296 0 107559 103333 445601 22526 28222
mphpred
 1.73708e+06 662173 94023 159300 55768.2 5621.3 876297 347701 107272 2874.09 15743.3 47422 192840 51821.6 9494.66 66217.6 395955 153014 320532 285442 445712 633107 160819 52783.8 144761 143410 65577.2 121249 238195 106772 96772.5 90678.2 20889.5
desembarqueobs
 494567 514787 250237 358949 120608 361735 552515 73892 212993 205616 52469 317467 293654 387597 252695 516296 358380 742168 942051 627588 828172 859565 418607 520667 417249 300574 415391 372974 316634 284311 391294 218835 356480
desembarquepred
 494494 514314 250098 358319 120465 361564 551932 73870.2 212655 205351 52444.9 317097 293281 386687 252306 515641 358015 741132 939345 626223 827196 858193 418085 520080 416647 300218 414850 372549 316132 283779 390687 218625 356093
Reclutas
 5866.69 3731.94 186539 46056.2 4252.03 410138 5540.53 1689.11 2717.93 51349.5 29179.8 163637 49476 49968.1 58629.9 304934 11303.2 318317 195807 215533 235151 380804 10977 141899 171804 19677.9 126597 154100 21994 96579.9 78448.2 9134.47 79751.8
log_desv_Rt
 -2.0813 -2.53367 1.37805 -0.020731 -2.4032 2.1659 -2.1385 -3.32639 -2.85072 0.0880624 -0.477116 1.24706 0.0508936 0.0607916 0.220652 1.8695 -1.42551 1.91246 1.42654 1.52252 1.60963 2.09169 -1.45479 1.10452 1.29576 -0.871098 0.990413 1.18701 -0.759826 0.719777 0.511845 -1.63854 0.528326
SSB
 1.67135e+06 637114 90464.9 153272 53657.8 5408.58 843135 334543 103213 2765.33 15147.5 45627.4 173219 47229.7 8622.62 61164.3 380970 147223 327431 128310 207500 315904 367562 112431 275789 299928 125557 218330 450822 185498 206437 203123 42600.4
BT
 2.07642e+06 912479 426365 376154 109658 1.81139e+06 1.12256e+06 422779 227556 236770 122452 571903 442863 427239 406508 999577 561637 1.51314e+06 1.25311e+06 780557 1.44925e+06 1.40636e+06 575935 1.179e+06 853609 522665 1.0477e+06 1.10103e+06 654023 758909 666281 333858 472831
Ftot
 0.315305 1.17167 1.16631 1.68847 2.89351 0.419162 0.736343 0.227113 3.38428 3.57262 0.87007 1.2181 1.33907 4.52239 1.95875 1.0809 0.921669 1.17005 2.06758 1.78503 1.28592 1.31557 1.20755 1.10736 0.911756 0.898469 1.05889 0.673217 0.683301 0.797874 1.15334 1.01531 2.13777
BD_Bspro_t
 0.951027 0.607387 0.193406 0.291804 0.0973471 0.0149615 0.609961 0.349527 0.178287 0.00960833 0.0622155 0.209028 0.322191 0.0990829 0.0220735 0.137709 0.364169 0.178942 0.263565 0.116581 0.144336 0.197405 0.231202 0.0988173 0.237796 0.293621 0.184205 0.310614 0.453996 0.275143 0.319591 0.278663 0.119766
BD_Bspro
 4.93379 1.88075 0.267051 0.452457 0.158397 0.015966 2.48892 0.987565 0.304682 0.00816321 0.0447152 0.134691 0.51134 0.139421 0.0254539 0.180556 1.12462 0.434601 0.966573 0.378771 0.612538 0.932545 1.08504 0.331894 0.814126 0.885383 0.370644 0.644508 1.33082 0.547588 0.6094 0.599616 0.125756
BD_Bo
 6.35779 2.42357 0.344128 0.583045 0.204114 0.0205742 3.20728 1.2726 0.39262 0.0105193 0.0576209 0.173566 0.658923 0.179661 0.0328004 0.232668 1.44921 0.560036 1.24555 0.488091 0.789328 1.2017 1.3982 0.427685 1.0491 1.14092 0.477619 0.830526 1.71492 0.705634 0.785285 0.772677 0.162051
BD_Brms
 6.81625 2.59834 0.368943 0.625088 0.218832 0.0220578 3.43856 1.36436 0.420932 0.0112778 0.0617759 0.186082 0.706439 0.192617 0.0351656 0.249446 1.55371 0.60042 1.33536 0.523288 0.846247 1.28835 1.49903 0.458526 1.12475 1.2232 0.512061 0.890416 1.83858 0.756517 0.841912 0.828396 0.173737
Sel_flota
 0.569594 0.961751 0.997911 0.99989 0.999994
 0.569594 0.961751 0.997911 0.99989 0.999994
 0.569594 0.961751 0.997911 0.99989 0.999994
 0.569594 0.961751 0.997911 0.99989 0.999994
 0.569594 0.961751 0.997911 0.99989 0.999994
 0.569594 0.961751 0.997911 0.99989 0.999994
 0.569594 0.961751 0.997911 0.99989 0.999994
 0.569594 0.961751 0.997911 0.99989 0.999994
 0.569594 0.961751 0.997911 0.99989 0.999994
 0.569594 0.961751 0.997911 0.99989 0.999994
 0.569594 0.961751 0.997911 0.99989 0.999994
 0.569594 0.961751 0.997911 0.99989 0.999994
 0.569594 0.961751 0.997911 0.99989 0.999994
 0.569594 0.961751 0.997911 0.99989 0.999994
 0.569594 0.961751 0.997911 0.99989 0.999994
 0.569594 0.961751 0.997911 0.99989 0.999994
 0.569594 0.961751 0.997911 0.99989 0.999994
 0.569594 0.961751 0.997911 0.99989 0.999994
 0.569594 0.961751 0.997911 0.99989 0.999994
 0.569594 0.961751 0.997911 0.99989 0.999994
 0.569594 0.961751 0.997911 0.99989 0.999994
 0.569594 0.961751 0.997911 0.99989 0.999994
 0.569594 0.961751 0.997911 0.99989 0.999994
 0.569594 0.961751 0.997911 0.99989 0.999994
 0.569594 0.961751 0.997911 0.99989 0.999994
 0.569594 0.961751 0.997911 0.99989 0.999994
 0.569594 0.961751 0.997911 0.99989 0.999994
 0.569594 0.961751 0.997911 0.99989 0.999994
 0.569594 0.961751 0.997911 0.99989 0.999994
 0.569594 0.961751 0.997911 0.99989 0.999994
 0.569594 0.961751 0.997911 0.99989 0.999994
 0.569594 0.961751 0.997911 0.99989 0.999994
 0.569594 0.961751 0.997911 0.99989 0.999994
Sel_reclas
 0.704096 1 1 1 1
 0.704096 1 1 1 1
 0.704096 1 1 1 1
 0.704096 1 1 1 1
 0.704096 1 1 1 1
 0.704096 1 1 1 1
 0.704096 1 1 1 1
 0.704096 1 1 1 1
 0.704096 1 1 1 1
 0.704096 1 1 1 1
 0.704096 1 1 1 1
 0.704096 1 1 1 1
 0.704096 1 1 1 1
 0.704096 1 1 1 1
 0.704096 1 1 1 1
 0.704096 1 1 1 1
 0.704096 1 1 1 1
 0.704096 1 1 1 1
 0.704096 1 1 1 1
 0.704096 1 1 1 1
 0.704096 1 1 1 1
 0.704096 1 1 1 1
 0.704096 1 1 1 1
 0.704096 1 1 1 1
 0.704096 1 1 1 1
 0.704096 1 1 1 1
 0.704096 1 1 1 1
 0.704096 1 1 1 1
 0.704096 1 1 1 1
 0.704096 1 1 1 1
 0.704096 1 1 1 1
 0.704096 1 1 1 1
 0.704096 1 1 1 1
Sel_pelaces
 0.831328 1 1 1 1
 0.831328 1 1 1 1
 0.831328 1 1 1 1
 0.831328 1 1 1 1
 0.831328 1 1 1 1
 0.831328 1 1 1 1
 0.831328 1 1 1 1
 0.831328 1 1 1 1
 0.831328 1 1 1 1
 0.831328 1 1 1 1
 0.831328 1 1 1 1
 0.831328 1 1 1 1
 0.831328 1 1 1 1
 0.831328 1 1 1 1
 0.831328 1 1 1 1
 0.831328 1 1 1 1
 0.831328 1 1 1 1
 0.831328 1 1 1 1
 0.831328 1 1 1 1
 0.831328 1 1 1 1
 0.831328 1 1 1 1
 0.831328 1 1 1 1
 0.831328 1 1 1 1
 0.831328 1 1 1 1
 0.831328 1 1 1 1
 0.831328 1 1 1 1
 0.831328 1 1 1 1
 0.831328 1 1 1 1
 0.831328 1 1 1 1
 0.831328 1 1 1 1
 0.831328 1 1 1 1
 0.831328 1 1 1 1
 0.831328 1 1 1 1
pf_obs 
 0.8446 0.082 0.0669 0.0065 0
 0.8095 0.147 0.0364 0.0071 0
 0.9664 0.0169 0.016 0.0007 0
 0.9276 0.0648 0.0075 0.0001 0
 0.7033 0.2144 0.0806 0.0017 0
 0.9318 0.0425 0.0243 0.0014 0
 0.5671 0.3108 0.0964 0.0239 0.0018
 0.0768 0.2599 0.5324 0.112 0.0189
 0.490249 0.384438 0.106611 0.0170017 0.00170017
 0.7925 0.1577 0.0466 0.003 0.0002
 0.840416 0.127587 0.0312969 0.00059994 9.999e-05
 0.8084 0.0986 0.0794 0.0134 0.0002
 0.7335 0.1905 0.0724 0.0035 0.0001
 0.4001 0.4547 0.1325 0.0127 0
 0.49795 0.308269 0.164784 0.0264974 0.00249975
 0.9179 0.0499 0.0305 0.0017 0
 0.2467 0.6533 0.0926 0.0074 0
 0.9418 0.0223 0.034 0.0019 0
 0.707729 0.231977 0.0356964 0.0245975 0
 0.517169 0.277429 0.184464 0.0207286 0.00020938
 0.811772 0.124168 0.05621 0.00726502 0.000585176
 0.764997 0.148141 0.077277 0.00933861 0.000247198
 0.163321 0.427699 0.378323 0.0303852 0.000271297
 0.753843 0.0900009 0.118128 0.0371064 0.000921714
 0.721811 0.176058 0.0630433 0.0369309 0.00215725
 0.143369 0.312575 0.442814 0.0836902 0.0175525
 0.692698 0.0596174 0.167031 0.0765114 0.00414204
 0.394062 0.376323 0.152708 0.0712218 0.00568511
 0.125707 0.32114 0.495352 0.0537591 0.00404204
 0.23352 0.215282 0.420074 0.123614 0.00750983
 0.796117 0.104755 0.0508955 0.0450114 0.00322123
 0.162477 0.292055 0.404252 0.121198 0.0200186
 0 0 0 0 0
pf_pred 
 0.0339532 0.165915 0.703092 0.097039 8.29507e-07
 0.0804941 0.0559031 0.153663 0.624012 0.0859278
 0.969342 0.00526354 0.00164366 0.00423818 0.0195126
 0.485745 0.507448 0.00123547 0.000361877 0.00521019
 0.273195 0.517242 0.207007 0.000465733 0.00209105
 0.998044 0.00115928 0.000585593 0.000208922 2.56362e-06
 0.0298192 0.969153 0.00062006 0.000299503 0.000107904
 0.0420402 0.0543213 0.902731 0.000548262 0.000359205
 0.234405 0.0569807 0.0417764 0.66617 0.000668146
 0.994473 0.00337838 0.000181746 0.000116763 0.0018504
 0.887965 0.111911 8.01386e-05 3.75747e-06 4.03506e-05
 0.942813 0.05387 0.00331337 2.24335e-06 1.23081e-06
 0.53169 0.456096 0.0115484 0.00066542 6.952e-07
 0.787869 0.154687 0.056044 0.00132401 7.60827e-05
 0.968108 0.0307093 0.000900451 0.000275191 6.81102e-06
 0.967067 0.0325508 0.000368807 9.92039e-06 3.09229e-06
 0.110359 0.875864 0.0136265 0.000145199 5.10586e-06
 0.948596 0.010537 0.0402693 0.000591582 6.50508e-06
 0.707212 0.286202 0.00142038 0.00509043 7.5341e-05
 0.863028 0.119953 0.0166698 7.56222e-05 0.000273687
 0.84507 0.146288 0.00764193 0.000979132 2.04232e-05
 0.857082 0.132401 0.00996609 0.000486826 6.34447e-05
 0.0975318 0.842154 0.0561482 0.00394905 0.000217238
 0.904401 0.0187306 0.0720341 0.004501 0.000332805
 0.799554 0.191603 0.00182099 0.00658162 0.000440166
 0.23925 0.6786 0.0787263 0.000706791 0.00271699
 0.887769 0.0443047 0.0609549 0.00668176 0.000289659
 0.789265 0.199402 0.0046402 0.00600833 0.000684914
 0.246958 0.661954 0.0864272 0.00191156 0.00274972
 0.820693 0.0700358 0.096638 0.0119884 0.000644732
 0.686052 0.284055 0.0120664 0.0157714 0.0020557
 0.257032 0.616128 0.115459 0.00460345 0.00677779
 0.932609 0.0288764 0.0322626 0.00569278 0.000559275
pobs_RECLAS
 0 0 0 0 0
 0 0 0 0 0
 0 0 0 0 0
 0 0 0 0 0
 0 0 0 0 0
 0 0 0 0 0
 0 0 0 0 0
 0 0 0 0 0
 0 0 0 0 0
 0 0 0 0 0
 0.991045 0.00858322 0.000360255 1.14367e-05 0
 0.934742 0.0480273 0.0164251 0.00080598 0
 0.827803 0.169806 0.00239088 0 0
 0.941827 0.0461693 0.0120037 0 0
 0.791401 0.0380133 0.147996 0.0225897 0
 0.846168 0.0940531 0.0597789 0 0
 0.134021 0.677848 0.182769 0.00536245 0
 0.80878 0.0450904 0.141981 0.00414843 0
 0.846168 0.0940531 0.0597789 0 0
 0.905697 0.0802665 0.012482 0.00150086 5.37128e-05
 0.989698 0.0102097 9.19794e-05 0 0
 0.975433 0.0193895 0.00387452 0.00125025 5.28907e-05
 0.303575 0.632131 0.0575291 0.00676475 0
 0.966965 0.00978017 0.0227588 0.000495775 0
 0.843318 0.132988 0.00938335 0.0141283 0.000182051
 0.564624 0.303363 0.111486 0.0197234 0.00080311
 0.826376 0.0876187 0.0782897 0.00655872 0.00115652
 0.89761 0.0855135 0.0140674 0.00269457 0.000114338
 0.34875 0.467042 0.161289 0.0227151 0.000203297
 0.318654 0.224769 0.449479 0.00709798 0
 0.937255 0.0296025 0.0250945 0.00804832 0
 0.456809 0.399803 0.12412 0.0192676 0
 0.883104 0.0372192 0.0704036 0.00927362 0
ppred_RECLAS
 0.0418428 0.169855 0.692869 0.0954324 8.15685e-07
 0.104237 0.0568567 0.149562 0.605918 0.0834259
 0.976638 0.00416693 0.00124531 0.00320343 0.0147467
 0.558017 0.436421 0.00101168 0.000295543 0.00425453
 0.371395 0.455535 0.170966 0.000383306 0.00172065
 0.998408 0.000958476 0.00046581 0.000165842 2.03478e-06
 0.0365047 0.962516 0.00059134 0.000285008 0.00010267
 0.0517046 0.0557193 0.891682 0.000540455 0.000354052
 0.351855 0.0516993 0.0352923 0.560592 0.00056214
 0.996838 0.00199066 9.94275e-05 6.36199e-05 0.001008
 0.907917 0.0919853 6.3192e-05 2.95628e-06 3.1743e-05
 0.954806 0.0426806 0.00251118 1.69616e-06 9.30477e-07
 0.594865 0.395028 0.00955723 0.000549339 5.7385e-07
 0.882483 0.0877255 0.0290688 0.000683398 3.92606e-05
 0.976641 0.0225358 0.000627242 0.000191154 4.7304e-06
 0.973775 0.0259335 0.000281412 7.55199e-06 2.35375e-06
 0.134188 0.852947 0.0127255 0.000135292 4.75691e-06
 0.960513 0.00838083 0.0306517 0.000449228 4.93913e-06
 0.770929 0.224191 0.00105478 0.00376925 5.57783e-05
 0.895318 0.0922357 0.0121913 5.51562e-05 0.000199589
 0.875473 0.117873 0.00588658 0.000752397 1.56918e-05
 0.885793 0.10615 0.00763643 0.000372116 4.84891e-05
 0.121589 0.822093 0.0524364 0.00367919 0.000202367
 0.925414 0.0151322 0.0557232 0.00347369 0.000256814
 0.83295 0.159981 0.00145818 0.00525844 0.000351633
 0.282511 0.642853 0.0715316 0.000640757 0.00246285
 0.911051 0.0360368 0.047493 0.00519404 0.000225138
 0.821684 0.169095 0.00378016 0.00488416 0.000556702
 0.288154 0.628745 0.078857 0.00174036 0.00250317
 0.853115 0.05882 0.0779031 0.009643 0.000518535
 0.736139 0.239746 0.00974769 0.0127107 0.00165655
 0.304657 0.580793 0.104294 0.00414875 0.00610758
 0.952435 0.0210209 0.0222458 0.00391377 0.000384441
pobs_PELACES
 0 0 0 0 0
 0 0 0 0 0
 0 0 0 0 0
 0 0 0 0 0
 0 0 0 0 0
 0 0 0 0 0
 0 0 0 0 0
 0 0 0 0 0
 0 0 0 0 0
 0 0 0 0 0
 0 0 0 0 0
 0 0 0 0 0
 0 0 0 0 0
 0 0 0 0 0
 0 0 0 0 0
 0 0 0 0 0
 0.505614 0.472636 0.0217494 0 0
 0 0 0 0 0
 0.443492 0.261883 0.143347 0.151278 0
 0.227955 0.32914 0.350689 0.0885471 0.00366901
 0.970185 0.0296113 0.000203453 0 0
 0.997202 0.00247181 0.000326279 0 0
 0.445219 0.490057 0.0546422 0.010081 0
 0.90214 0.0892962 0.00764917 0.000914606 0
 0 0 0 0 0
 0.581667 0.319106 0.0959925 0.00289975 0.000334073
 0.762889 0.0836404 0.116647 0.0363945 0.000428098
 0.88444 0.0763242 0.0277011 0.0115352 0
 0.521256 0.241999 0.230069 0.00667565 0
 0.616807 0.101726 0.260614 0.0208532 0
 0.833518 0.0704572 0.0857862 0.0102388 0
 0.697417 0.212968 0.0787535 0.0105354 0.000325836
 0 0 0 0 0
ppred_PELACES
 0.0511221 0.168735 0.685714 0.0944276 8.07088e-07
 0.139483 0.0553719 0.143634 0.581457 0.0800547
 0.983078 0.00305478 0.000900317 0.00231421 0.0106529
 0.649763 0.34592 0.000785893 0.00022933 0.00330117
 0.50593 0.36142 0.13104 0.000293238 0.00131621
 0.998725 0.000769167 0.000371943 0.000132386 1.62427e-06
 0.0468994 0.952141 0.000579849 0.000279335 0.000100624
 0.0623234 0.0552361 0.881556 0.000534239 0.000349977
 0.508046 0.0408017 0.0267507 0.423976 0.000425098
 0.998338 0.00106345 5.08995e-05 3.24928e-05 0.000514755
 0.928719 0.0712059 4.84117e-05 2.26353e-06 2.43039e-05
 0.966917 0.0312682 0.00181317 1.22372e-06 6.71278e-07
 0.673468 0.318512 0.00758387 0.000435531 4.54943e-07
 0.941637 0.0441562 0.0138629 0.000324953 1.86654e-05
 0.984535 0.0149328 0.000406025 0.000123579 3.05795e-06
 0.980557 0.0192302 0.000205999 5.5243e-06 1.72171e-06
 0.170954 0.81686 0.0120538 0.000128074 4.50297e-06
 0.971252 0.00616901 0.0222495 0.000325836 3.58233e-06
 0.838592 0.158055 0.000725503 0.00258908 3.83111e-05
 0.927296 0.0642208 0.00830955 3.75504e-05 0.000135872
 0.907508 0.0876209 0.00430918 0.000550318 1.14768e-05
 0.915748 0.0783947 0.00555184 0.000270304 3.52207e-05
 0.160547 0.786357 0.0494394 0.00346618 0.000190643
 0.944709 0.0113367 0.0411986 0.00256639 0.000189729
 0.868899 0.125613 0.00113253 0.00408169 0.000272935
 0.343318 0.589027 0.0648433 0.000580504 0.00223119
 0.933219 0.0272605 0.0354756 0.00387709 0.000168048
 0.855876 0.136729 0.00303215 0.00391597 0.000446337
 0.343243 0.58064 0.0722322 0.00159344 0.0022918
 0.884356 0.0465759 0.0611021 0.0075594 0.000406482
 0.792925 0.188392 0.00755503 0.00984415 0.00128291
 0.371515 0.525998 0.093317 0.00370963 0.00546093
 0.969349 0.0137406 0.0141751 0.00249039 0.000244607
pobs_pel_tallas
 0 0 0 0 0 0 0 0 0 0 0 0 0 0 0 0 0 0 0 0 0 0 0 0 0 0
 0 0 0 0 0 0 0 0 0 0 0 0 0 0 0 0 0 0 0 0 0 0 0 0 0 0
 0 0 0 0 0 0 0 0 0 0 0 0 0 0 0 0 0 0 0 0 0 0 0 0 0 0
 0 0 0 0 0 0 0 0 0 0 0 0 0 0 0 0 0 0 0 0 0 0 0 0 0 0
 0 0 0 0 0 0 0 0 0 0 0 0 0 0 0 0 0 0 0 0 0 0 0 0 0 0
 0 0 0 0 0 0 0 0 0 0 0 0 0 0 0 0 0 0 0 0 0 0 0 0 0 0
 0 0 0 0 0 0 0 0 0 0 0 0 0 0 0 0 0 0 0 0 0 0 0 0 0 0
 0 0 0 0 0 0 0 0 0 0 0 0 0 0 0 0 0 0 0 0 0 0 0 0 0 0
 0 0 0 0 0 0 0 0 0 0 0 0 0 0 0 0 0 0 0 0 0 0 0 0 0 0
 0 0 0 0 0 0 0 0 0 0 0 0 0 0 0 0 0 0 0 0 0 0 0 0 0 0
 0 0 0 0 0 0 0 0 0 0 0 0 0 0 0 0 0 0 0 0 0 0 0 0 0 0
 0 0 0 0 0 0 0 0 0 0 0 0 0 0 0 0 0 0 0 0 0 0 0 0 0 0
 0.00862536 0 0 0.000197151 0.00414017 0.0128641 0.00837892 0.0270097 0.101434 0.158115 0.152841 0.127902 0.109271 0.109419 0.0830992 0.0579132 0.0238553 0.00714673 0.00463305 0.00128148 0.00103504 0.000492878 0.000147863 0.000147863 4.92878e-05 0
 0 0 0 0 0 0 0 0 0 0 0 0 0 0 0 0 0 0 0 0 0 0 0 0 0 0
 0 0 0 0 0 0 0 0.0054083 0.00873648 0.0413646 0.0450493 0.0745869 0.0622846 0.0627006 0.0613931 0.0827291 0.12552 0.122667 0.0946155 0.0697135 0.0546179 0.0294188 0.0215738 0.0213955 0.0102223 0.00600262
 0 0 0 0 0.00359764 0.0251062 0.0480494 0.140153 0.205849 0.193036 0.1447 0.116669 0.0760912 0.0342217 0.00950174 0.001854 0.000860785 0 0 0 0.000165536 0 0.000143464 0 0 0
 0 0 0 0 0 0 0 0.000145254 0.000435761 0.0275982 0.070085 0.0708112 0.156366 0.174668 0.174014 0.160142 0.0824315 0.0480064 0.0283245 0.00493863 0.00203355 0 0 0 0 0
 0 0 0 0 0 0 0 0 0 0 0 0 0 0 0 0 0 0 0 0 0 0 0 0 0 0
 0 0 1.00437e-05 0.000401748 0.00122533 0.00171747 0.00176769 0.0269171 0.070346 0.194647 0.189555 0.159765 0.064822 0.0314167 0.0384472 0.0292271 0.0345202 0.0313363 0.0194345 0.0106764 0.0143323 0.0359363 0.0279516 0.0138201 0.00172751 0
 0 0.0021121 0.0136068 0.0755702 0.200478 0.177729 0.0527432 0.0373336 0.0318909 0.0142505 0.0149659 0.0166563 0.0217959 0.0798694 0.0677717 0.0528807 0.04013 0.0224614 0.0357745 0.0225083 0.00881397 0.00855152 0.00135912 0.000746735 0 0
 0 0 0 0 5.4009e-05 0.00500934 0.000945158 0.0243581 0.138947 0.33067 0.221406 0.137944 0.0707744 0.0437923 0.0131692 0.00525238 0.0047753 0.00276346 9.45158e-05 9.00151e-06 2.25038e-05 9.00151e-06 4.50075e-06 0 0 0
 0.000866109 0.00284123 0.00948549 0.0512746 0.133035 0.25785 0.225252 0.132002 0.0553304 0.0519788 0.0540692 0.017754 0.00435017 0.00159236 0.00146478 0.000404838 0.000125132 0.000115318 0.000107957 0.000100596 0 0 0 0 0 0
 0 0 0 0 0.00144013 0.00171154 0.00461396 0.0210425 0.0478622 0.0707936 0.0888783 0.103762 0.0637923 0.0337046 0.0602308 0.124433 0.169614 0.0934646 0.0462172 0.0250306 0.0313229 0.00938855 0.002487 0.000210481 0 0
 0 0.00764035 0.051015 0.0998891 0.058973 0.0496711 0.0374665 0.0718981 0.12319 0.153886 0.159021 0.0857701 0.0377988 0.023471 0.0147837 0.00900784 0.00315554 0.000888139 0.00291439 0.00214683 0.00393193 0.00274676 0.000635225 9.99891e-05 0 0
 0 0 0 0 0 0 0 0 0 0 0 0 0 0 0 0 0 0 0 0 0 0 0 0 0 0
 0 0 0 0 0 0 0 0 0 0 0 0 0 0 0 0 0 0 0 0 0 0 0 0 0 0
 0 0 0 0 0 0 0 0 0 0 0 0 0 0 0 0 0 0 0 0 0 0 0 0 0 0
 0 0 0 0 0 0 0 0 0 0 0 0 0 0 0 0 0 0 0 0 0 0 0 0 0 0
 0 0 0 0 0 0 0 0 0 0 0 0 0 0 0 0 0 0 0 0 0 0 0 0 0 0
 0 0 0 0 0 0 0 0 0 0 0 0 0 0 0 0 0 0 0 0 0 0 0 0 0 0
 0 0 0 0 0 0 0 0 0 0 0 0 0 0 0 0 0 0 0 0 0 0 0 0 0 0
 0 0 0 0 0 0 0 0 0 0 0 0 0 0 0 0 0 0 0 0 0 0 0 0 0 0
 0 0 0 0 0 0 0 0 0 0 0 0 0 0 0 0 0 0 0 0 0 0 0 0 0 0
ppred_pel_tallas
 1.29302e-16 4.2109e-06 4.09315e-05 0.000272005 0.0012365 0.00384732 0.00819775 0.0119685 0.0119858 0.00828285 0.00413612 0.00208414 0.00245047 0.00496465 0.00984787 0.017559 0.0282889 0.0418201 0.0577276 0.0755222 0.0943306 0.112255 0.126156 0.132488 0.128915 0.115619
 1.76019e-16 1.1489e-05 0.000111677 0.000742135 0.00337364 0.0104967 0.0223645 0.0326429 0.0326486 0.0223929 0.0105934 0.00365931 0.00148359 0.00181435 0.00350375 0.00648823 0.0111237 0.0179947 0.0280011 0.0423227 0.0619662 0.0869028 0.11523 0.142978 0.164928 0.176226
 1.02062e-16 8.09748e-05 0.000787104 0.00523058 0.0237775 0.0739805 0.157623 0.230056 0.230056 0.157625 0.0739854 0.0237917 0.00526656 0.000866469 0.00023437 0.000266975 0.000396768 0.000546422 0.000705444 0.000889395 0.00113703 0.00149155 0.0019701 0.0025397 0.00311492 0.00358002
 1.00693e-16 5.35202e-05 0.000520236 0.00345715 0.0157157 0.0488976 0.104183 0.152065 0.152098 0.104345 0.049443 0.0172899 0.00740487 0.00912552 0.0163594 0.0268635 0.0384649 0.0478927 0.0518565 0.0488483 0.0400715 0.0286963 0.0180533 0.0101446 0.00531161 0.00283894
 1.04127e-16 4.16729e-05 0.000405075 0.00269187 0.0122369 0.0380736 0.0811211 0.118406 0.118441 0.081292 0.0386476 0.0138963 0.00686276 0.00952854 0.0174222 0.028874 0.0419062 0.0533455 0.0599427 0.0601269 0.0548444 0.0467482 0.0384588 0.031313 0.025338 0.0200357
 1.00025e-16 8.22636e-05 0.000799632 0.00531384 0.0241559 0.075158 0.160132 0.233718 0.233718 0.160133 0.0751593 0.0241595 0.00532276 0.000819181 0.000119603 6.80726e-05 9.13273e-05 0.000117285 0.000134439 0.000139479 0.000134404 0.0001244 0.000114091 0.000105057 9.61243e-05 8.54361e-05
 1.00306e-16 3.86324e-06 3.75521e-05 0.000249551 0.00113448 0.00353028 0.00752502 0.0110022 0.0110937 0.00797226 0.00503134 0.00546719 0.0111145 0.0237202 0.0448767 0.073909 0.105822 0.131715 0.142522 0.13407 0.109653 0.0779882 0.0482554 0.0260033 0.012237 0.00506656
 1.25567e-16 5.13351e-06 4.98995e-05 0.0003316 0.00150741 0.00469015 0.0099931 0.0145866 0.0145933 0.0100263 0.00480561 0.001858 0.001276 0.00232394 0.00494417 0.00977642 0.0178158 0.0301349 0.0475033 0.0697453 0.0949817 0.119284 0.137366 0.144392 0.138093 0.119916
 1.43374e-16 4.18471e-05 0.000406769 0.00270312 0.012288 0.0382325 0.0814586 0.118892 0.118896 0.0814788 0.038301 0.0124885 0.00321769 0.00156946 0.00237348 0.00420583 0.00694148 0.0107739 0.0161414 0.0237649 0.0344188 0.0483717 0.0647577 0.0813193 0.0948305 0.102126
 1.00093e-16 8.22318e-05 0.000799322 0.00531178 0.0241466 0.075129 0.16007 0.233627 0.233627 0.160071 0.0751306 0.0241514 0.00532396 0.000825922 0.000132761 8.93757e-05 0.00012093 0.000152445 0.00016982 0.000169384 0.000156025 0.000140174 0.000131648 0.00013459 0.00014642 0.00016033
 1.00025e-16 7.64974e-05 0.000743582 0.00494136 0.0224627 0.0698899 0.148908 0.217337 0.217344 0.148942 0.0700022 0.0227867 0.0057539 0.0025147 0.00343232 0.00553266 0.00791422 0.0098504 0.0106586 0.0100265 0.00820058 0.0058326 0.00360912 0.00194513 0.000915822 0.000379852
 1.00061e-16 7.96437e-05 0.000774165 0.0051446 0.0233866 0.0727644 0.155032 0.226275 0.226278 0.155047 0.0728137 0.0235291 0.00550204 0.00155373 0.00155801 0.0024439 0.00349918 0.00437119 0.00476001 0.00452852 0.00378061 0.00279353 0.00185691 0.00114255 0.000678795 0.000406854
 1.00345e-16 5.54727e-05 0.000539215 0.00358327 0.0162891 0.0506815 0.107983 0.157611 0.157642 0.108133 0.0511839 0.0177393 0.00722051 0.00846923 0.0150863 0.0247746 0.0354995 0.0442535 0.048012 0.0453805 0.0374439 0.0270808 0.0173126 0.00995044 0.00530869 0.00276605
 1.00448e-16 7.75614e-05 0.000753925 0.00501009 0.0227752 0.070862 0.150979 0.220359 0.220364 0.151 0.0709321 0.0229777 0.00551892 0.00186644 0.00219548 0.0035198 0.00509262 0.0064647 0.00723182 0.007202 0.00649598 0.00544847 0.00439305 0.00350442 0.00279033 0.00218522
 1.00029e-16 8.10948e-05 0.00078827 0.00523833 0.0238127 0.0740902 0.157857 0.230397 0.230399 0.157864 0.0741137 0.0238807 0.00540889 0.00116013 0.000785999 0.00116755 0.00166576 0.00207713 0.00225538 0.00213513 0.00176728 0.00128655 0.000833999 0.000493663 0.00027935 0.000161233
 1.00012e-16 8.07671e-05 0.000785085 0.00521717 0.0237165 0.0737908 0.157219 0.229466 0.229468 0.157228 0.0738211 0.023804 0.00543668 0.0012636 0.000987571 0.00149961 0.00214012 0.00266519 0.00288712 0.00272142 0.00223414 0.00160035 0.00100418 0.000556566 0.000277289 0.000128534
 1.00571e-16 1.40814e-05 0.000136877 0.000909597 0.00413494 0.0128658 0.0274148 0.0400291 0.0401077 0.0277986 0.0141539 0.00785336 0.010235 0.0204665 0.0385418 0.0634803 0.0909393 0.113294 0.122783 0.115826 0.0952231 0.0683931 0.0431359 0.0241453 0.0122544 0.00586392
 1.00678e-16 8.00008e-05 0.000777636 0.00516766 0.0234914 0.0730906 0.155727 0.227289 0.227289 0.15573 0.0731011 0.023522 0.00524601 0.000953881 0.000429927 0.000623617 0.000982057 0.00142427 0.00191993 0.0024441 0.00296635 0.00343129 0.00375072 0.00382879 0.00361096 0.003122
 1.00328e-16 6.90737e-05 0.000671421 0.00446183 0.0202828 0.0631075 0.134458 0.196248 0.196263 0.134532 0.0633567 0.0210022 0.00626588 0.00460412 0.00752167 0.0122829 0.0175875 0.0219076 0.0237399 0.0223971 0.0184287 0.0132787 0.00846033 0.00487691 0.0026743 0.00152098
 1.00284e-16 7.63802e-05 0.000742442 0.00493379 0.0224283 0.0697828 0.14868 0.217004 0.21701 0.14871 0.0698843 0.0227215 0.00566958 0.00234828 0.00312499 0.00504211 0.00724788 0.00909614 0.0099832 0.00962839 0.00823475 0.00634886 0.00453524 0.00311931 0.00214612 0.00150158
 1.00204e-16 7.47503e-05 0.000726599 0.00482851 0.0219497 0.0682937 0.145507 0.212374 0.212382 0.145548 0.068432 0.0223489 0.00582992 0.0029105 0.00421587 0.00683428 0.00979748 0.0122352 0.0133159 0.0126568 0.010552 0.00778209 0.00516255 0.00317622 0.00190039 0.00116482
 1.00214e-16 7.5429e-05 0.000733196 0.00487235 0.022149 0.0689138 0.146828 0.214302 0.214309 0.146865 0.0690375 0.0225064 0.0057689 0.00268881 0.00378483 0.00612539 0.00878733 0.010988 0.011985 0.0114356 0.00959845 0.00716371 0.0048502 0.00308118 0.00192286 0.00122734
 1.02008e-16 1.32242e-05 0.000128544 0.000854222 0.00388321 0.0120825 0.0257459 0.0375928 0.0376684 0.0261157 0.0133238 0.00746713 0.00984517 0.0197386 0.0372053 0.0613524 0.0880613 0.110065 0.119954 0.114292 0.0956914 0.0711045 0.0477814 0.0300007 0.0184381 0.011595
 1.01482e-16 7.78144e-05 0.000756384 0.00502644 0.0228494 0.0710931 0.151471 0.221077 0.221078 0.151477 0.0711123 0.0229057 0.00517072 0.00108118 0.000723351 0.00114736 0.0018187 0.00264723 0.00358584 0.0045935 0.00561726 0.00655421 0.00723522 0.00747088 0.00714416 0.00628497
 1.00521e-16 7.15701e-05 0.000695687 0.00462309 0.0210159 0.0653883 0.139317 0.20334 0.203352 0.139376 0.0655864 0.0215877 0.00605724 0.00382235 0.00599767 0.00977081 0.0139955 0.0174481 0.0189377 0.017923 0.0148434 0.0108441 0.00711908 0.00437097 0.00269745 0.00181894
 1.02458e-16 2.82788e-05 0.00027488 0.00182667 0.00830383 0.0258366 0.0550497 0.0803586 0.0804153 0.0553269 0.0267673 0.0109915 0.00857125 0.0149921 0.0279604 0.0461295 0.0663283 0.0831484 0.0910788 0.0875492 0.0744515 0.056858 0.0400206 0.0269866 0.0181905 0.0125554
 1.01449e-16 7.6868e-05 0.000747184 0.0049653 0.0225715 0.0702285 0.149629 0.218389 0.218392 0.149642 0.0702726 0.0226997 0.00528938 0.00146256 0.00145871 0.00235032 0.00351883 0.00471736 0.00574123 0.00648193 0.00695715 0.00723865 0.00734532 0.00720693 0.00672866 0.00588923
 1.00591e-16 7.04974e-05 0.00068526 0.0045538 0.0207009 0.0644083 0.137229 0.200293 0.200306 0.137293 0.0646239 0.0213235 0.00611546 0.00409032 0.00652543 0.0106452 0.0152557 0.0190335 0.0206848 0.0196198 0.0163118 0.0119988 0.00796976 0.00498149 0.00313854 0.00214235
 1.02781e-16 2.82726e-05 0.000274819 0.00182627 0.00830201 0.0258309 0.0550376 0.0803407 0.0803967 0.0553109 0.0267487 0.0109524 0.00847787 0.0147913 0.0275855 0.0455266 0.0654991 0.0821878 0.0901744 0.0869281 0.0742964 0.0572375 0.0408714 0.0281472 0.0194632 0.0137643
 1.02603e-16 7.28432e-05 0.000708062 0.00470532 0.0213897 0.0665514 0.141795 0.206955 0.206959 0.141817 0.0666268 0.0216088 0.00525929 0.00193111 0.00243589 0.00401665 0.00602329 0.008083 0.00985227 0.0111482 0.0120016 0.012533 0.012769 0.0125813 0.0117986 0.0103776
 1.01471e-16 6.53123e-05 0.000634858 0.00421886 0.0191783 0.059671 0.127136 0.185563 0.185581 0.127225 0.0599683 0.0200367 0.00637225 0.00533135 0.00897207 0.0146963 0.0210884 0.0263629 0.0287537 0.027459 0.0231323 0.0174639 0.0121959 0.00832489 0.00594818 0.00462164
 1.04124e-16 3.06013e-05 0.000297456 0.0019767 0.00898582 0.0279585 0.0595704 0.0869554 0.0870061 0.0598183 0.0287908 0.01139 0.00801266 0.0134775 0.0250718 0.0414252 0.0597261 0.0752127 0.0830269 0.0808907 0.0704244 0.0559856 0.0420225 0.0310208 0.0232291 0.017694
 1.00704e-16 7.9844e-05 0.000776112 0.00515754 0.0234454 0.0729474 0.155422 0.226844 0.226845 0.155429 0.0729696 0.0235096 0.00531963 0.00113309 0.000767045 0.0011658 0.00172782 0.00229001 0.00274254 0.00303181 0.00317673 0.00323244 0.00323155 0.00315688 0.00296531 0.00263418
pSPR Fmed_Fpbrs
1   0.982739 0.6 0.325 0.982739 0.982739 0.982739
Fs Fmed_Fpbrs
0   0.01 0.329668 0.833829 0.01 0.01 0.01
SSBpbr Bo_Bmed_Bpbrs
262882  249738  245200 144585 72292.5 245200 245200 245200
Ro
47021
SPR SPRFo_SPRFmed_SPRFpbrs
338755 338755 332908
Fref
0
Nvult_r0
 71069.8 1795.93 1982.74 349.636 34.3481
CTP_r0
 39022.6 1208.26 1349.95 238.2 23.4014
YTP_r0
356093
Np
 79751.8 29339.1 10793.2 3970.61 1998.07
Nvult_p0
 50412.8 18545.8 6822.63 2509.9 1263.02
CTP_p0
 0 0 0 0 0
 0 0 0 0 0
 0 0 0 0 0
 0 0 0 0 0
 0 0 0 0 0
 0 0 0 0 0
YTP_p0
 0 0 0 0 0 0
CBA_c0
0
log_Ro
10.5783
likeval ReclasPelacesDesembMPH_pf_preclas_ppelaces_ptallas_desvR_qrecl_qpela
 25.3337 0.00039082 0.318862 48.3367 328.231 145.368 138.888 0 113.495 0.00013692 0.000171695 0.0105634 2070.23 0 0
q_reclas_q_pelaces
5.2321 6.37944
M
1
N
 5866.69 17837.5 73178.1 10082.3 0.0861778
 3731.94 1803.44 4845.53 19653.4 2706.14
 186539 704.372 214.991 553.682 2548.99
 46056.2 35315.2 84.403 24.6979 355.574
 4252.03 6476.1 2561.06 5.75838 25.8532
 410138 300.974 147.383 52.4946 0.644089
 5540.53 118835 73.9873 35.6857 12.8557
 1689.11 1340.01 21532.5 13.0539 8.55174
 2717.93 545.986 396.233 6314.97 6.33353
 51349.5 145.469 7.75054 4.97683 78.868
 29179.8 2468.76 1.72288 0.0806698 0.866231
 163637 6539.69 393.342 0.266 0.145931
 49476 30079.1 745.562 42.9109 0.0448286
 49968.1 8488.91 3052.55 72.0863 4.14228
 58629.9 1398.58 40.3303 12.3146 0.304775
 304934 7067.81 78.2086 2.10105 0.654877
 11303.2 60607.6 919.424 9.78387 0.344021
 318317 2459.87 9188.97 134.828 1.48249
 195807 60135.3 293.703 1051.69 15.5649
 215533 22185.7 3028.6 13.7262 49.6746
 235151 28684.9 1466.22 187.645 3.91374
 380804 41586.5 3063.73 149.487 19.4805
 10977 66217.5 4316.84 303.253 16.6809
 141899 2029.91 7626.16 475.922 35.1876
 171804 27781.5 257.428 929.169 62.1367
 19677.9 37600.7 4252.42 38.1257 146.549
 126597 4339.38 5829.43 638.2 27.6646
 154100 25479.4 576.572 745.457 84.971
 21994 38634.2 4905.72 108.342 155.834
 96579.9 5482.51 7366.72 912.587 49.0748
 78448.2 22553.9 936.325 1222.34 159.313
 9134.47 14961.8 2736.51 108.966 160.422
 79751.8 1884.65 2073.07 365.495 35.9057
pred_Ctot
 618.639 3023.03 12810.6 1768.08 0.0151139
 1211.8 841.594 2313.33 9394.19 1293.6
 60361.9 327.766 102.352 263.916 1215.07
 19404.1 20271.1 49.3537 14.456 208.132
 2459.03 4655.71 1863.27 4.19208 18.8216
 56144.4 65.215 32.9423 11.7528 0.144215
 1241.19 40340 25.8093 12.4665 4.49138
 130.939 169.189 2811.65 1.70762 1.11878
 1693.79 411.736 301.871 4813.66 4.82795
 32774.8 111.341 5.98978 3.84815 60.9834
 7502.17 945.502 0.677069 0.0317458 0.340911
 54708 3125.88 192.263 0.130173 0.0714194
 17735 15213.5 385.206 22.1957 0.023189
 34987.2 6869.23 2488.76 58.7957 3.37863
 27190.9 862.52 25.2906 7.72918 0.191298
 93104 3133.82 35.5068 0.955081 0.297709
 3044.33 24161.3 375.897 4.00542 0.140849
 103253 1146.93 4383.23 64.3925 0.708065
 93893.7 37997.9 188.579 675.835 10.0027
 94199.7 13092.9 1819.51 8.25418 29.873
 81836 14166.4 740.039 94.8185 1.97777
 134755 20816.9 1566.92 76.5415 9.97512
 3646.09 31482.8 2099.03 147.63 8.12114
 44139 914.14 3515.6 219.669 16.2424
 45872.7 10992.8 104.475 377.606 25.2536
 5192.4 14727.5 1708.58 15.3394 58.9663
 38042.6 1898.55 2612.04 286.327 12.4125
 32004.1 8085.6 188.157 243.633 27.7728
 4625.91 12399.4 1618.92 35.8066 51.5066
 23130.3 1973.88 2723.63 337.88 18.171
 25170.8 10421.8 442.708 578.644 75.4224
 2656.42 6367.67 1193.27 47.5766 70.0483
 39022.6 1208.26 1349.95 238.2 23.4014
F
 0.179596 0.303245 0.314647 0.315271 0.315304
 0.667376 1.12685 1.16922 1.17154 1.17166
 0.664326 1.1217 1.16388 1.16619 1.16631
 0.961745 1.62389 1.68495 1.68829 1.68846
 1.64813 2.78284 2.88747 2.89319 2.8935
 0.238752 0.40313 0.418287 0.419116 0.41916
 0.419416 0.708178 0.734804 0.736261 0.736338
 0.129362 0.218427 0.226639 0.227088 0.227112
 1.92766 3.25483 3.37721 3.3839 3.38426
 2.03494 3.43597 3.56515 3.57222 3.57259
 0.495587 0.836791 0.868253 0.869974 0.870065
 0.693822 1.17151 1.21555 1.21796 1.21809
 0.762727 1.28785 1.33627 1.33892 1.33906
 2.57593 4.34941 4.51294 4.52189 4.52236
 1.1157 1.88383 1.95466 1.95854 1.95874
 0.615675 1.03956 1.07864 1.08078 1.0809
 0.524977 0.886416 0.919744 0.921567 0.921664
 0.666451 1.12529 1.1676 1.16992 1.17004
 1.17768 1.9885 2.06326 2.06735 2.06757
 1.01674 1.71676 1.7813 1.78484 1.78502
 0.732453 1.23674 1.28324 1.28578 1.28591
 0.749341 1.26525 1.31282 1.31543 1.31556
 0.687812 1.16136 1.20502 1.20741 1.20754
 0.630747 1.06501 1.10505 1.10724 1.10736
 0.519331 0.876882 0.909851 0.911655 0.91175
 0.511763 0.864103 0.896592 0.89837 0.898464
 0.603137 1.01839 1.05668 1.05877 1.05888
 0.383461 0.647467 0.671811 0.673143 0.673213
 0.389204 0.657166 0.681874 0.683226 0.683297
 0.454464 0.767356 0.796207 0.797786 0.797869
 0.656935 1.10922 1.15093 1.15321 1.15333
 0.578312 0.976471 1.01318 1.01519 1.0153
 1.21766 2.056 2.13331 2.13754 2.13776
YTP_r0W_actual
 294230 21084.1 32493.2 7460.41 824.899
YTP_p0W_proyectada
 0 0 0 0 0
 0 0 0 0 0
 0 0 0 0 0
 0 0 0 0 0
 0 0 0 0 0
 0 0 0 0 0
CTP_r0_actual
 39022.6 1208.26 1349.95 238.2 23.4014
CTP_p0_proyectada
 0 0 0 0 0
 0 0 0 0 0
 0 0 0 0 0
 0 0 0 0 0
 0 0 0 0 0
 0 0 0 0 0
Wmedp
 7.54 17.45 24.07 31.32 35.25
Frms_r0
 1.21766 2.056 2.13331 2.13754 2.13776
Zrms_r0
 2.21766 3.056 3.13331 3.13754 3.13776
nmprior
 7.29 8.9 8.7 0
nm_flota  nm_reclas  nm_pelaces    nm_pelaL
inf 11.2173 4.10327 7.21742
cv_recla  cv_pelaces  cv_mph
0.435893 0.721868 0.557437
 ------------------------------------------------
Talla a la edad & desviaci?n 
 8 13.2811 15.8009 17.003 17.5766
 0.8 1.32811 1.58009 1.7003 1.75766
