years
 1991 1992 1993 1994 1995 1996 1997 1998 1999 2000 2001 2002 2003 2004 2005 2006 2007 2008 2009 2010 2011 2012 2013 2014 2015 2016 2017 2018 2019 2020 2021 2022 2023
reclasobs
 0 0 0 0 0 0 0 0 0 252601 567819 844713 477998 351125 339783 2.1784e+06 2.13404e+06 4.81314e+06 1.55562e+06 2.62356e+06 3.21686e+06 3.843e+06 1.13348e+06 3.07943e+06 1.97215e+06 2.03268e+06 2.025e+06 2.42433e+06 2.27542e+06 1.05018e+06 2.36338e+06 3.18982e+06 1.53035e+06
reclaspred
 4.18671e+06 1.95101e+06 953434 638720 466970 2.34843e+06 1.3035e+06 886358 562362 254529 492064 1.22657e+06 1.16082e+06 273491 717462 2.15277e+06 2.10621e+06 3.12725e+06 2.08116e+06 1.66106e+06 3.4008e+06 2.72102e+06 1.69861e+06 2.61241e+06 2.15489e+06 1.84859e+06 2.21573e+06 2.70113e+06 2.45932e+06 1.97214e+06 1.49312e+06 1.22207e+06 994037
pelacesobs
 0 0 0 0 0 0 0 0 0 0 0 0 0 0 0 552880 188675 0 991730 2.46772e+06 1.41603e+06 1.21717e+06 2.29649e+06 1.80582e+06 0 1.4828e+06 1.56532e+06 1.57751e+06 1.42118e+06 867257 1.10002e+06 1.06204e+06 0
pelacespred
 2.52596e+06 1.0798e+06 462040 215729 196896 1.14427e+06 555622 551062 266169 90684.2 240508 525028 563681 86406 333751 896117 1.01033e+06 1.51199e+06 918388 623619 1.55911e+06 1.21543e+06 836259 1.39673e+06 1.10394e+06 987473 1.31644e+06 1.46168e+06 1.33695e+06 1.17174e+06 710531 623320 426621
mphobs
 0 0 0 0 0 0 0 0 0 0 0 0 498337 0 5186 125008 0 168611 109162 213762 579715 649985 157893 87575 83554 210694 70296 0 107559 103333 445601 22526 28222
mphpred
 643993 341761 144855 79873.5 49086.8 52386.1 278265 101829 73717.4 35506.2 16218.1 69510.5 149933 65925.4 10390.2 71269.5 294020 205588 260512 311689 416114 621033 119346 65960.4 138394 115697 83111.6 114617 189587 125896 85263.9 72940.5 34645.7
desembarqueobs
 494567 514787 250237 358949 120608 361735 552515 73892 212993 205616 52469 317467 293654 387597 252695 516296 358380 742168 942051 627588 828172 859565 418607 520667 417249 300574 415391 372974 316634 284311 391294 218835 356480
desembarquepred
 494516 514568 250008 358864 120587 361614 552166 73887.9 212939 205555 52465.1 317324 293602 387286 252504 515931 358276 741659 940629 626810 827890 859063 418516 520499 416993 300498 415216 372790 316445 284059 391098 218828 356413
Reclutas
 94519.7 93637.1 86553.1 66542 42686.1 248100 45298.2 17461.9 27573.7 33663.9 54547.4 156675 75046 36092 73772.2 318696 49725.6 305256 225079 220653 282539 327984 40708.4 165423 162107 47970 143957 166772 60971.5 88776.2 73977.5 29656.1 88775.4
log_desv_Rt
 0.0622257 0.0528446 -0.0258245 -0.28875 -0.73271 1.02725 -0.673316 -1.62656 -1.16972 -0.970157 -0.487512 0.567592 -0.168481 -0.90051 -0.1856 1.27766 -0.580062 1.23457 0.929867 0.910008 1.15723 1.30638 -0.780149 0.621922 0.601677 -0.616006 0.482933 0.630044 -0.376176 -0.000464141 -0.182821 -1.09691 -0.000472815
SSB
 1.02459e+06 543738 230462 127078 78096.5 83345.6 442717 162009 117284 56489.9 25802.8 110590 224979 99990.1 15681.1 108717 467782 327088 437134 227751 313416 504133 431878 226103 430022 387762 258685 337832 583931 359514 295463 258098 112797
BT
 1.51926e+06 1.01672e+06 454493 409759 214286 1.20156e+06 762845 362784 372544 253401 223741 640637 600099 442241 518191 1.10831e+06 809300 1.70299e+06 1.50202e+06 937109 1.81762e+06 1.53973e+06 789665 1.49685e+06 1.02371e+06 789180 1.3392e+06 1.32047e+06 921216 933653 763484 514621 616231
Ftot
 0.451393 0.969692 0.973009 1.94227 1.00129 0.729848 1.35267 0.328773 1.46585 2.6879 0.504491 1.1077 0.951286 3.78075 1.63831 1.10379 0.612052 1.01375 1.66183 1.52903 1.0226 1.22556 0.865116 0.887269 0.759199 0.605832 0.815786 0.602696 0.466053 0.582969 1.02302 0.661291 1.48668
BD_Bspro_t
 0.930324 0.586018 0.32419 0.223688 0.141282 0.185573 0.448843 0.208667 0.21033 0.136715 0.0920118 0.378476 0.394858 0.182864 0.0397558 0.217577 0.419696 0.318604 0.326533 0.1903 0.206341 0.281671 0.272435 0.189529 0.335954 0.364902 0.325057 0.41517 0.529037 0.421329 0.395629 0.340849 0.262552
BD_Bspro
 1.60124 0.849762 0.36017 0.198599 0.12205 0.130254 0.691885 0.253191 0.183293 0.0882833 0.0403251 0.172832 0.351601 0.156266 0.0245066 0.169905 0.731058 0.511178 0.68316 0.355933 0.489811 0.787867 0.674946 0.353357 0.672045 0.606 0.404277 0.527969 0.912578 0.561854 0.461755 0.40336 0.176281
BD_Bo
 3.41312 1.81131 0.767722 0.423325 0.260157 0.277643 1.47479 0.53969 0.390698 0.18818 0.0859551 0.368401 0.749456 0.333089 0.0522371 0.362161 1.55829 1.0896 1.45619 0.75869 1.04406 1.67938 1.43868 0.753199 1.4325 1.29172 0.861737 1.12539 1.94521 1.19762 0.984255 0.859782 0.375753
BD_Brms
 3.65624 1.94033 0.822406 0.453478 0.278688 0.297419 1.57984 0.578132 0.418527 0.201585 0.0920777 0.394642 0.80284 0.356815 0.055958 0.387957 1.66928 1.16722 1.55992 0.812731 1.11843 1.799 1.54116 0.806849 1.53454 1.38373 0.923119 1.20555 2.08376 1.28293 1.05436 0.921025 0.402518
Sel_flota
 0.466346 1 1 1 1
 0.466346 1 1 1 1
 0.466346 1 1 1 1
 0.466346 1 1 1 1
 0.466346 1 1 1 1
 0.466346 1 1 1 1
 0.466346 1 1 1 1
 0.466346 1 1 1 1
 0.466346 1 1 1 1
 0.466346 1 1 1 1
 0.466346 1 1 1 1
 0.466346 1 1 1 1
 0.466346 1 1 1 1
 0.466346 1 1 1 1
 0.466346 1 1 1 1
 0.466346 1 1 1 1
 0.466346 1 1 1 1
 0.466346 1 1 1 1
 0.466346 1 1 1 1
 0.466346 1 1 1 1
 0.466346 1 1 1 1
 0.466346 1 1 1 1
 0.466346 1 1 1 1
 0.466346 1 1 1 1
 0.466346 1 1 1 1
 0.466346 1 1 1 1
 0.466346 1 1 1 1
 0.466346 1 1 1 1
 0.466346 1 1 1 1
 0.466346 1 1 1 1
 0.466346 1 1 1 1
 0.466346 1 1 1 1
 0.466346 1 1 1 1
Sel_reclas
 0.615226 0.889464 0.975902 0.995117 0.999026
 0.615226 0.889464 0.975902 0.995117 0.999026
 0.615226 0.889464 0.975902 0.995117 0.999026
 0.615226 0.889464 0.975902 0.995117 0.999026
 0.615226 0.889464 0.975902 0.995117 0.999026
 0.615226 0.889464 0.975902 0.995117 0.999026
 0.615226 0.889464 0.975902 0.995117 0.999026
 0.615226 0.889464 0.975902 0.995117 0.999026
 0.615226 0.889464 0.975902 0.995117 0.999026
 0.615226 0.889464 0.975902 0.995117 0.999026
 0.615226 0.889464 0.975902 0.995117 0.999026
 0.615226 0.889464 0.975902 0.995117 0.999026
 0.615226 0.889464 0.975902 0.995117 0.999026
 0.615226 0.889464 0.975902 0.995117 0.999026
 0.615226 0.889464 0.975902 0.995117 0.999026
 0.615226 0.889464 0.975902 0.995117 0.999026
 0.615226 0.889464 0.975902 0.995117 0.999026
 0.615226 0.889464 0.975902 0.995117 0.999026
 0.615226 0.889464 0.975902 0.995117 0.999026
 0.615226 0.889464 0.975902 0.995117 0.999026
 0.615226 0.889464 0.975902 0.995117 0.999026
 0.615226 0.889464 0.975902 0.995117 0.999026
 0.615226 0.889464 0.975902 0.995117 0.999026
 0.615226 0.889464 0.975902 0.995117 0.999026
 0.615226 0.889464 0.975902 0.995117 0.999026
 0.615226 0.889464 0.975902 0.995117 0.999026
 0.615226 0.889464 0.975902 0.995117 0.999026
 0.615226 0.889464 0.975902 0.995117 0.999026
 0.615226 0.889464 0.975902 0.995117 0.999026
 0.615226 0.889464 0.975902 0.995117 0.999026
 0.615226 0.889464 0.975902 0.995117 0.999026
 0.615226 0.889464 0.975902 0.995117 0.999026
 0.615226 0.889464 0.975902 0.995117 0.999026
Sel_pelaces
 0.440006 0.798156 0.952154 0.990114 0.99802
 0.440006 0.798156 0.952154 0.990114 0.99802
 0.440006 0.798156 0.952154 0.990114 0.99802
 0.440006 0.798156 0.952154 0.990114 0.99802
 0.440006 0.798156 0.952154 0.990114 0.99802
 0.440006 0.798156 0.952154 0.990114 0.99802
 0.440006 0.798156 0.952154 0.990114 0.99802
 0.440006 0.798156 0.952154 0.990114 0.99802
 0.440006 0.798156 0.952154 0.990114 0.99802
 0.440006 0.798156 0.952154 0.990114 0.99802
 0.440006 0.798156 0.952154 0.990114 0.99802
 0.440006 0.798156 0.952154 0.990114 0.99802
 0.440006 0.798156 0.952154 0.990114 0.99802
 0.440006 0.798156 0.952154 0.990114 0.99802
 0.440006 0.798156 0.952154 0.990114 0.99802
 0.440006 0.798156 0.952154 0.990114 0.99802
 0.440006 0.798156 0.952154 0.990114 0.99802
 0.440006 0.798156 0.952154 0.990114 0.99802
 0.440006 0.798156 0.952154 0.990114 0.99802
 0.440006 0.798156 0.952154 0.990114 0.99802
 0.440006 0.798156 0.952154 0.990114 0.99802
 0.440006 0.798156 0.952154 0.990114 0.99802
 0.440006 0.798156 0.952154 0.990114 0.99802
 0.440006 0.798156 0.952154 0.990114 0.99802
 0.440006 0.798156 0.952154 0.990114 0.99802
 0.440006 0.798156 0.952154 0.990114 0.99802
 0.440006 0.798156 0.952154 0.990114 0.99802
 0.440006 0.798156 0.952154 0.990114 0.99802
 0.440006 0.798156 0.952154 0.990114 0.99802
 0.440006 0.798156 0.952154 0.990114 0.99802
 0.440006 0.798156 0.952154 0.990114 0.99802
 0.440006 0.798156 0.952154 0.990114 0.99802
 0.440006 0.798156 0.952154 0.990114 0.99802
pf_obs 
 0.8446 0.082 0.0669 0.0065 0
 0.8095 0.147 0.0364 0.0071 0
 0.9664 0.0169 0.016 0.0007 0
 0.9276 0.0648 0.0075 0.0001 0
 0.7033 0.2144 0.0806 0.0017 0
 0.9318 0.0425 0.0243 0.0014 0
 0.5671 0.3108 0.0964 0.0239 0.0018
 0.0768 0.2599 0.5324 0.112 0.0189
 0.490249 0.384438 0.106611 0.0170017 0.00170017
 0.7925 0.1577 0.0466 0.003 0.0002
 0.840416 0.127587 0.0312969 0.00059994 9.999e-05
 0.8084 0.0986 0.0794 0.0134 0.0002
 0.7335 0.1905 0.0724 0.0035 0.0001
 0.4001 0.4547 0.1325 0.0127 0
 0.49795 0.308269 0.164784 0.0264974 0.00249975
 0.9179 0.0499 0.0305 0.0017 0
 0.2467 0.6533 0.0926 0.0074 0
 0.9418 0.0223 0.034 0.0019 0
 0.707729 0.231977 0.0356964 0.0245975 0
 0.517169 0.277429 0.184464 0.0207286 0.00020938
 0.811772 0.124168 0.05621 0.00726502 0.000585176
 0.764997 0.148141 0.077277 0.00933861 0.000247198
 0.163321 0.427699 0.378323 0.0303852 0.000271297
 0.753843 0.0900009 0.118128 0.0371064 0.000921714
 0.721811 0.176058 0.0630433 0.0369309 0.00215725
 0.143369 0.312575 0.442814 0.0836902 0.0175525
 0.692698 0.0596174 0.167031 0.0765114 0.00414204
 0.394062 0.376323 0.152708 0.0712218 0.00568511
 0.125707 0.32114 0.495352 0.0537591 0.00404204
 0.23352 0.215282 0.420074 0.123614 0.00750983
 0.796117 0.104755 0.0508955 0.0450114 0.00322123
 0.162477 0.292055 0.404252 0.121198 0.0200186
 0 0 0 0 0
pf_pred 
 0.405428 0.198412 0.352546 0.0436127 1.22075e-06
 0.540528 0.288836 0.0569421 0.101177 0.0125167
 0.633835 0.284898 0.0510868 0.0100714 0.0201092
 0.640721 0.300998 0.0453455 0.00813119 0.00480367
 0.683859 0.280095 0.0301985 0.00454942 0.00129773
 0.921884 0.0677306 0.00920164 0.000992077 0.00019209
 0.288021 0.69057 0.0185621 0.00252178 0.00032453
 0.364367 0.369959 0.257685 0.00692641 0.0010621
 0.637127 0.209495 0.0892713 0.0621797 0.00192763
 0.79904 0.173491 0.0158585 0.00675775 0.00485285
 0.884627 0.110725 0.00401278 0.000366801 0.000268548
 0.843982 0.148362 0.00734704 0.000266264 4.21579e-05
 0.536362 0.437831 0.0245408 0.00121528 5.10163e-05
 0.54588 0.351477 0.09693 0.005433 0.000280342
 0.948972 0.0470595 0.00307161 0.000847085 4.99297e-05
 0.934679 0.0644216 0.000829535 5.41443e-05 1.5812e-05
 0.268419 0.715612 0.0157497 0.000202803 1.71028e-05
 0.860613 0.0683552 0.0694817 0.0015292 2.13516e-05
 0.655888 0.326645 0.00856616 0.00870734 0.000194313
 0.757592 0.213583 0.0273613 0.000717542 0.000745644
 0.787746 0.195307 0.0149315 0.00191282 0.000102291
 0.73256 0.245657 0.0200443 0.00153241 0.000206809
 0.229213 0.69356 0.0709363 0.00578801 0.00050222
 0.808669 0.0880809 0.0929052 0.0095022 0.000842602
 0.6691 0.305874 0.0115209 0.012152 0.0013531
 0.339139 0.560498 0.0927721 0.00349432 0.0040961
 0.772801 0.130233 0.0822408 0.0136123 0.00111373
 0.687607 0.282883 0.0169153 0.0106819 0.00191269
 0.365665 0.54042 0.0850437 0.00508528 0.00378633
 0.603983 0.233589 0.13838 0.0217764 0.00227167
 0.574135 0.340007 0.0506433 0.0300016 0.00521375
 0.429497 0.458577 0.0893607 0.0133101 0.00925532
 0.818449 0.12121 0.0485034 0.00945163 0.00238673
pobs_RECLAS
 0 0 0 0 0
 0 0 0 0 0
 0 0 0 0 0
 0 0 0 0 0
 0 0 0 0 0
 0 0 0 0 0
 0 0 0 0 0
 0 0 0 0 0
 0 0 0 0 0
 0 0 0 0 0
 0.991045 0.00858322 0.000360255 1.14367e-05 0
 0.934742 0.0480273 0.0164251 0.00080598 0
 0.827803 0.169806 0.00239088 0 0
 0.941827 0.0461693 0.0120037 0 0
 0.791401 0.0380133 0.147996 0.0225897 0
 0.846168 0.0940531 0.0597789 0 0
 0.134021 0.677848 0.182769 0.00536245 0
 0.80878 0.0450904 0.141981 0.00414843 0
 0.846168 0.0940531 0.0597789 0 0
 0.905697 0.0802665 0.012482 0.00150086 5.37128e-05
 0.989698 0.0102097 9.19794e-05 0 0
 0.975433 0.0193895 0.00387452 0.00125025 5.28907e-05
 0.303575 0.632131 0.0575291 0.00676475 0
 0.966965 0.00978017 0.0227588 0.000495775 0
 0.843318 0.132988 0.00938335 0.0141283 0.000182051
 0.564624 0.303363 0.111486 0.0197234 0.00080311
 0.826376 0.0876187 0.0782897 0.00655872 0.00115652
 0.89761 0.0855135 0.0140674 0.00269457 0.000114338
 0.34875 0.467042 0.161289 0.0227151 0.000203297
 0.318654 0.224769 0.449479 0.00709798 0
 0.937255 0.0296025 0.0250945 0.00804832 0
 0.456809 0.399803 0.12412 0.0192676 0
 0.883104 0.0372192 0.0704036 0.00927362 0
ppred_RECLAS
 0.493257 0.158583 0.30916 0.0389985 1.09589e-06
 0.642516 0.215758 0.0466687 0.0845558 0.0105016
 0.729141 0.205887 0.0405067 0.00814285 0.0163224
 0.758962 0.19864 0.0328334 0.00600349 0.00356062
 0.773445 0.198442 0.0234743 0.00360604 0.00103267
 0.947707 0.0447468 0.00666992 0.000733278 0.000142538
 0.400966 0.579278 0.0170838 0.00236664 0.000305761
 0.453969 0.305321 0.23333 0.00639526 0.0009845
 0.738729 0.144354 0.0674909 0.0479347 0.00149186
 0.887975 0.0953172 0.00955947 0.00415376 0.0029946
 0.921069 0.0754459 0.00299994 0.000279618 0.000205523
 0.896803 0.0976637 0.0053064 0.000196095 3.117e-05
 0.646336 0.332162 0.0204272 0.00103149 4.34711e-05
 0.745274 0.192862 0.058356 0.00333531 0.000172777
 0.96946 0.0279432 0.00200112 0.000562733 3.32994e-05
 0.958431 0.0409409 0.000578413 3.84968e-05 1.12866e-05
 0.360664 0.624052 0.0150693 0.000197863 1.67517e-05
 0.903856 0.0449137 0.0500905 0.00112413 1.57574e-05
 0.765895 0.221007 0.00635909 0.00659117 0.000147666
 0.839735 0.139575 0.019618 0.000524606 0.000547293
 0.854876 0.132482 0.0111127 0.00145164 7.79333e-05
 0.816292 0.167395 0.0149859 0.00116825 0.000158282
 0.316862 0.608658 0.0683022 0.00568282 0.00049503
 0.863615 0.0595904 0.0689624 0.00719225 0.000640273
 0.757793 0.222057 0.00917671 0.00986992 0.00110331
 0.437762 0.46979 0.0853149 0.00327671 0.00385611
 0.836444 0.0898955 0.062285 0.0105122 0.000863466
 0.770384 0.205851 0.0135053 0.0086964 0.00156329
 0.463995 0.450025 0.0777007 0.00473769 0.00354138
 0.692474 0.174216 0.113237 0.0181705 0.00190296
 0.67863 0.251195 0.0410509 0.0247978 0.00432635
 0.533108 0.367938 0.0786659 0.0119478 0.0083407
 0.880341 0.0772788 0.0339291 0.0067418 0.00170913
pobs_PELACES
 0 0 0 0 0
 0 0 0 0 0
 0 0 0 0 0
 0 0 0 0 0
 0 0 0 0 0
 0 0 0 0 0
 0 0 0 0 0
 0 0 0 0 0
 0 0 0 0 0
 0 0 0 0 0
 0 0 0 0 0
 0 0 0 0 0
 0 0 0 0 0
 0 0 0 0 0
 0 0 0 0 0
 0 0 0 0 0
 0.505614 0.472636 0.0217494 0 0
 0 0 0 0 0
 0.443492 0.261883 0.143347 0.151278 0
 0.227955 0.32914 0.350689 0.0885471 0.00366901
 0.970185 0.0296113 0.000203453 0 0
 0.997202 0.00247181 0.000326279 0 0
 0.445219 0.490057 0.0546422 0.010081 0
 0.90214 0.0892962 0.00764917 0.000914606 0
 0 0 0 0 0
 0.581667 0.319106 0.0959925 0.00289975 0.000334073
 0.762889 0.0836404 0.116647 0.0363945 0.000428098
 0.88444 0.0763242 0.0277011 0.0115352 0
 0.521256 0.241999 0.230069 0.00667565 0
 0.616807 0.101726 0.260614 0.0208532 0
 0.833518 0.0704572 0.0857862 0.0102388 0
 0.697417 0.212968 0.0787535 0.0105354 0.000325836
 0 0 0 0 0
ppred_PELACES
 0.441725 0.164569 0.348832 0.0448736 1.26607e-06
 0.62023 0.220296 0.0518094 0.0957272 0.0119371
 0.713379 0.212939 0.0455507 0.00933802 0.0187937
 0.77661 0.181149 0.0325557 0.0060705 0.00361491
 0.762437 0.205761 0.0264645 0.00414583 0.00119205
 0.941912 0.0490697 0.00795268 0.000891603 0.000174014
 0.402975 0.575622 0.0184576 0.00260756 0.000338248
 0.403313 0.321191 0.266882 0.00745962 0.00115299
 0.736602 0.139509 0.0709185 0.0513658 0.00160511
 0.909066 0.0762651 0.00831631 0.00368508 0.00266745
 0.910106 0.0855827 0.00370003 0.000351696 0.000259546
 0.893372 0.100435 0.00593327 0.0002236 3.56855e-05
 0.631406 0.344334 0.023024 0.00118563 5.01688e-05
 0.816261 0.136187 0.0448041 0.00261142 0.000135825
 0.971013 0.0263152 0.00204901 0.000587602 3.49116e-05
 0.957061 0.042233 0.000648746 4.40322e-05 1.29616e-05
 0.333216 0.649484 0.0170523 0.00022833 1.94093e-05
 0.895366 0.0466962 0.056624 0.0012959 1.82386e-05
 0.77653 0.209812 0.0065639 0.00693807 0.000156066
 0.843866 0.134441 0.0205457 0.000560284 0.000586877
 0.847969 0.137708 0.0125593 0.00167306 9.01839e-05
 0.813436 0.168664 0.0164174 0.00130517 0.000177548
 0.298923 0.618632 0.0754807 0.00640434 0.000560136
 0.848879 0.0628604 0.0790962 0.00841235 0.000751917
 0.738697 0.237602 0.0106762 0.0117099 0.00131428
 0.404923 0.490048 0.0967613 0.00378987 0.00447803
 0.818878 0.0956451 0.0720527 0.0124014 0.00102276
 0.746448 0.225053 0.0160538 0.010542 0.00190272
 0.424741 0.476144 0.0893858 0.00555801 0.00417135
 0.656779 0.18709 0.132219 0.0216363 0.00227508
 0.663718 0.257427 0.0457413 0.0281779 0.00493592
 0.500718 0.385932 0.0897151 0.0138956 0.00973962
 0.880651 0.0746525 0.0356368 0.00722123 0.00183807
pobs_pel_tallas
 0 0 0 0 0 0 0 0 0 0 0 0 0 0 0 0 0 0 0 0 0 0 0 0 0 0
 0 0 0 0 0 0 0 0 0 0 0 0 0 0 0 0 0 0 0 0 0 0 0 0 0 0
 0 0 0 0 0 0 0 0 0 0 0 0 0 0 0 0 0 0 0 0 0 0 0 0 0 0
 0 0 0 0 0 0 0 0 0 0 0 0 0 0 0 0 0 0 0 0 0 0 0 0 0 0
 0 0 0 0 0 0 0 0 0 0 0 0 0 0 0 0 0 0 0 0 0 0 0 0 0 0
 0 0 0 0 0 0 0 0 0 0 0 0 0 0 0 0 0 0 0 0 0 0 0 0 0 0
 0 0 0 0 0 0 0 0 0 0 0 0 0 0 0 0 0 0 0 0 0 0 0 0 0 0
 0 0 0 0 0 0 0 0 0 0 0 0 0 0 0 0 0 0 0 0 0 0 0 0 0 0
 0 0 0 0 0 0 0 0 0 0 0 0 0 0 0 0 0 0 0 0 0 0 0 0 0 0
 0 0 0 0 0 0 0 0 0 0 0 0 0 0 0 0 0 0 0 0 0 0 0 0 0 0
 0 0 0 0 0 0 0 0 0 0 0 0 0 0 0 0 0 0 0 0 0 0 0 0 0 0
 0 0 0 0 0 0 0 0 0 0 0 0 0 0 0 0 0 0 0 0 0 0 0 0 0 0
 0.00862536 0 0 0.000197151 0.00414017 0.0128641 0.00837892 0.0270097 0.101434 0.158115 0.152841 0.127902 0.109271 0.109419 0.0830992 0.0579132 0.0238553 0.00714673 0.00463305 0.00128148 0.00103504 0.000492878 0.000147863 0.000147863 4.92878e-05 0
 0 0 0 0 0 0 0 0 0 0 0 0 0 0 0 0 0 0 0 0 0 0 0 0 0 0
 0 0 0 0 0 0 0 0.0054083 0.00873648 0.0413646 0.0450493 0.0745869 0.0622846 0.0627006 0.0613931 0.0827291 0.12552 0.122667 0.0946155 0.0697135 0.0546179 0.0294188 0.0215738 0.0213955 0.0102223 0.00600262
 0 0 0 0 0.00359764 0.0251062 0.0480494 0.140153 0.205849 0.193036 0.1447 0.116669 0.0760912 0.0342217 0.00950174 0.001854 0.000860785 0 0 0 0.000165536 0 0.000143464 0 0 0
 0 0 0 0 0 0 0 0.000145254 0.000435761 0.0275982 0.070085 0.0708112 0.156366 0.174668 0.174014 0.160142 0.0824315 0.0480064 0.0283245 0.00493863 0.00203355 0 0 0 0 0
 0 0 0 0 0 0 0 0 0 0 0 0 0 0 0 0 0 0 0 0 0 0 0 0 0 0
 0 0 1.00437e-05 0.000401748 0.00122533 0.00171747 0.00176769 0.0269171 0.070346 0.194647 0.189555 0.159765 0.064822 0.0314167 0.0384472 0.0292271 0.0345202 0.0313363 0.0194345 0.0106764 0.0143323 0.0359363 0.0279516 0.0138201 0.00172751 0
 0 0.0021121 0.0136068 0.0755702 0.200478 0.177729 0.0527432 0.0373336 0.0318909 0.0142505 0.0149659 0.0166563 0.0217959 0.0798694 0.0677717 0.0528807 0.04013 0.0224614 0.0357745 0.0225083 0.00881397 0.00855152 0.00135912 0.000746735 0 0
 0 0 0 0 5.4009e-05 0.00500934 0.000945158 0.0243581 0.138947 0.33067 0.221406 0.137944 0.0707744 0.0437923 0.0131692 0.00525238 0.0047753 0.00276346 9.45158e-05 9.00151e-06 2.25038e-05 9.00151e-06 4.50075e-06 0 0 0
 0.000866109 0.00284123 0.00948549 0.0512746 0.133035 0.25785 0.225252 0.132002 0.0553304 0.0519788 0.0540692 0.017754 0.00435017 0.00159236 0.00146478 0.000404838 0.000125132 0.000115318 0.000107957 0.000100596 0 0 0 0 0 0
 0 0 0 0 0.00144013 0.00171154 0.00461396 0.0210425 0.0478622 0.0707936 0.0888783 0.103762 0.0637923 0.0337046 0.0602308 0.124433 0.169614 0.0934646 0.0462172 0.0250306 0.0313229 0.00938855 0.002487 0.000210481 0 0
 0 0.00764035 0.051015 0.0998891 0.058973 0.0496711 0.0374665 0.0718981 0.12319 0.153886 0.159021 0.0857701 0.0377988 0.023471 0.0147837 0.00900784 0.00315554 0.000888139 0.00291439 0.00214683 0.00393193 0.00274676 0.000635225 9.99891e-05 0 0
 0 0 0 0 0 0 0 0 0 0 0 0 0 0 0 0 0 0 0 0 0 0 0 0 0 0
 0 0 0 0 0 0 0 0 0 0 0 0 0 0 0 0 0 0 0 0 0 0 0 0 0 0
 0 0 0 0 0 0 0 0 0 0 0 0 0 0 0 0 0 0 0 0 0 0 0 0 0 0
 0 0 0 0 0 0 0 0 0 0 0 0 0 0 0 0 0 0 0 0 0 0 0 0 0 0
 0 0 0 0 0 0 0 0 0 0 0 0 0 0 0 0 0 0 0 0 0 0 0 0 0 0
 0 0 0 0 0 0 0 0 0 0 0 0 0 0 0 0 0 0 0 0 0 0 0 0 0 0
 0 0 0 0 0 0 0 0 0 0 0 0 0 0 0 0 0 0 0 0 0 0 0 0 0 0
 0 0 0 0 0 0 0 0 0 0 0 0 0 0 0 0 0 0 0 0 0 0 0 0 0 0
 0 0 0 0 0 0 0 0 0 0 0 0 0 0 0 0 0 0 0 0 0 0 0 0 0 0
ppred_pel_tallas
 1.1461e-16 3.63843e-05 0.000353669 0.00235025 0.0106839 0.0332417 0.0708256 0.103375 0.103392 0.0709059 0.0335127 0.0114733 0.00435656 0.00481575 0.00875177 0.0150395 0.0231253 0.032131 0.041083 0.0493803 0.056846 0.0632354 0.0677188 0.06897 0.0659066 0.0584893
 1.13172e-16 5.10876e-05 0.00049659 0.00330001 0.0150014 0.046675 0.0994469 0.14515 0.145171 0.099551 0.0470248 0.0160125 0.00584179 0.006058 0.0106522 0.0176369 0.0256693 0.0328817 0.0374474 0.0386345 0.0372699 0.0351388 0.0337793 0.0336091 0.0339263 0.0335743
 1.05486e-16 5.87601e-05 0.000571169 0.00379562 0.0172543 0.0536848 0.114382 0.166948 0.166969 0.114482 0.0540221 0.018229 0.00624355 0.00591982 0.0102311 0.0168593 0.0243726 0.030848 0.03437 0.0340709 0.0306425 0.025841 0.021395 0.0181712 0.0160834 0.014555
 1.02207e-16 6.39683e-05 0.000621795 0.00413205 0.0187837 0.0584432 0.12452 0.181744 0.181762 0.124605 0.0587298 0.0196119 0.00621147 0.00516298 0.00869374 0.0142849 0.0206036 0.025976 0.0287384 0.02812 0.0246901 0.0199509 0.0154192 0.0119168 0.00948095 0.00773333
 1.01434e-16 6.28009e-05 0.000610447 0.00405664 0.0184409 0.0573766 0.122248 0.178428 0.178448 0.122345 0.0577019 0.0193803 0.00641443 0.00575661 0.00983359 0.0161502 0.0232411 0.0291873 0.032074 0.0310129 0.0266632 0.0207788 0.015159 0.0108229 0.00788002 0.00592807
 1.00362e-16 7.75841e-05 0.000754145 0.00501156 0.0227818 0.0708827 0.151023 0.220424 0.220429 0.151046 0.0709603 0.023006 0.00557441 0.00198303 0.00241193 0.00386576 0.00556364 0.00700062 0.00771833 0.00750437 0.00651169 0.00515005 0.00383799 0.00280982 0.00208876 0.0015835
 1.00999e-16 3.31926e-05 0.000322644 0.00214409 0.00974673 0.030326 0.0646148 0.0943188 0.0943742 0.0648853 0.0312341 0.0123682 0.00871926 0.0146594 0.0272114 0.0448023 0.0642281 0.0801186 0.0870228 0.0824255 0.0682802 0.049766 0.032307 0.0191376 0.0107976 0.00615615
 1.08727e-16 3.32205e-05 0.000322915 0.00214588 0.00975489 0.0303513 0.0646677 0.094391 0.0944223 0.0648208 0.0308663 0.0112467 0.00590678 0.00858648 0.0158834 0.0266109 0.0392685 0.0513202 0.060113 0.0642772 0.0643117 0.061818 0.0581137 0.0534679 0.0474546 0.0398446
 1.07506e-16 6.0673e-05 0.000589763 0.00391918 0.017816 0.0554324 0.118105 0.172381 0.172394 0.118171 0.055655 0.0184603 0.00554122 0.00414694 0.00686479 0.0113816 0.0166968 0.0216554 0.0251277 0.0266196 0.0265353 0.025802 0.0251661 0.0247387 0.0240834 0.022656
 1.01081e-16 7.48786e-05 0.000727847 0.0048368 0.0219874 0.0684109 0.145757 0.212738 0.212745 0.145793 0.0685315 0.0223355 0.0057105 0.00263473 0.00369525 0.00598767 0.00861216 0.0108187 0.0119 0.0115361 0.009984 0.00790543 0.00597162 0.00455032 0.00365545 0.00309975
 1.00208e-16 7.49642e-05 0.000728679 0.00484233 0.0220125 0.0684892 0.145924 0.212982 0.21299 0.145964 0.0686242 0.0224024 0.00582027 0.00286125 0.00411839 0.00667222 0.00956273 0.0119375 0.0129834 0.0123268 0.0102563 0.0075376 0.00497086 0.00303094 0.0017945 0.00109351
 1.00226e-16 7.35859e-05 0.000715281 0.0047533 0.0216078 0.0672299 0.143241 0.209066 0.209076 0.143288 0.0673885 0.0220655 0.00590148 0.00321947 0.00482265 0.0078383 0.0112415 0.0140458 0.0152993 0.0145628 0.0121702 0.00901151 0.00601578 0.00373286 0.00225168 0.00138165
 1.0088e-16 5.20082e-05 0.000505538 0.00335948 0.0152717 0.0475162 0.101239 0.147769 0.147802 0.101401 0.0480598 0.0168412 0.00729693 0.00909379 0.0163412 0.0268764 0.0385774 0.0482271 0.0525796 0.0501298 0.0420171 0.0312791 0.0210824 0.0132942 0.0082096 0.00517756
 1.01613e-16 6.72344e-05 0.000653542 0.00434302 0.0197427 0.0614271 0.130877 0.191022 0.191035 0.130942 0.0616432 0.0203676 0.00591324 0.00408735 0.0066061 0.0108599 0.0157413 0.0200082 0.0224303 0.0224199 0.0203473 0.0172348 0.0140937 0.0114416 0.00928445 0.00741107
 1.00131e-16 7.99811e-05 0.000777445 0.00516639 0.0234857 0.0730727 0.155689 0.227233 0.227236 0.155702 0.0731142 0.0236057 0.00546746 0.00143423 0.00132604 0.00206219 0.00295481 0.00369851 0.00404202 0.00387123 0.00327343 0.0024794 0.00172794 0.00115724 0.000785145 0.000558456
 1.00037e-16 7.88319e-05 0.000766274 0.00509216 0.0231482 0.0720227 0.153452 0.223969 0.223973 0.153472 0.0720893 0.0233405 0.00557431 0.00181738 0.00207088 0.00328777 0.00470253 0.00585863 0.00635016 0.00599199 0.00492879 0.00354409 0.00224088 0.00126144 0.000648415 0.000318771
 1.00685e-16 2.74467e-05 0.000266792 0.00177293 0.00805951 0.0250765 0.0534304 0.0779963 0.0780588 0.0537356 0.0261009 0.0110169 0.00919019 0.0164385 0.0306807 0.050521 0.0724053 0.0902719 0.0979594 0.0926232 0.076471 0.0553646 0.0354559 0.0204326 0.0109363 0.00570765
 1.0178e-16 7.37501e-05 0.000716877 0.0047639 0.021656 0.0673799 0.14356 0.209531 0.209536 0.143583 0.0674553 0.0218749 0.00531704 0.0019365 0.00242542 0.00398483 0.00594582 0.00791694 0.00953462 0.0106009 0.0111465 0.0113142 0.0111774 0.0106704 0.0096837 0.00821529
 1.00966e-16 6.39618e-05 0.000621731 0.00413162 0.0187818 0.0584372 0.124507 0.181726 0.181746 0.124606 0.0587682 0.0197374 0.00652875 0.00584896 0.00997467 0.0163452 0.023438 0.0292618 0.0318376 0.0302611 0.0252546 0.0187073 0.012582 0.00802547 0.0051895 0.00361715
 1.00783e-16 6.95082e-05 0.000675644 0.00448989 0.0204104 0.0635044 0.135303 0.197482 0.197495 0.135367 0.0637171 0.0210245 0.00603138 0.00404074 0.00646039 0.0105699 0.0152175 0.0191296 0.0210537 0.0204046 0.0176015 0.0137733 0.0100797 0.00718008 0.00515473 0.00376421
 1.00581e-16 6.98461e-05 0.000678929 0.00451172 0.0205097 0.0638132 0.135961 0.198442 0.198456 0.136026 0.0640307 0.0211377 0.00608773 0.00411737 0.00659419 0.0107754 0.0154787 0.0193859 0.0212031 0.0203313 0.0172205 0.0130687 0.0091171 0.00608617 0.00407556 0.00282136
 1.00678e-16 6.70017e-05 0.00065128 0.00432799 0.0196744 0.0612145 0.130424 0.190362 0.190378 0.130504 0.0614809 0.0204438 0.00625857 0.00486352 0.00806016 0.0132014 0.0189684 0.0237628 0.026001 0.024948 0.0211515 0.0160738 0.0112302 0.00750078 0.00501015 0.00344178
 1.03074e-16 2.4622e-05 0.000239335 0.00159047 0.00723007 0.0224958 0.0479318 0.0699704 0.07003 0.048223 0.0234735 0.0100538 0.00867709 0.0157051 0.0293839 0.0485031 0.069782 0.0875635 0.0960787 0.0926367 0.0792123 0.0610926 0.0437304 0.030256 0.0210747 0.0150412
 1.0327e-16 6.99211e-05 0.000679658 0.00451656 0.0205316 0.0638816 0.136107 0.198653 0.198659 0.136137 0.0639833 0.0208268 0.00526285 0.00232641 0.00324892 0.00539463 0.00807651 0.0108058 0.0131128 0.014747 0.0157557 0.0163185 0.0164983 0.0161507 0.0150658 0.0131905
 1.01766e-16 6.08456e-05 0.000591441 0.00393033 0.0178667 0.0555902 0.118442 0.172874 0.172897 0.118553 0.0559652 0.0189495 0.00664654 0.00651562 0.0112965 0.0185389 0.0266076 0.0332689 0.0362962 0.0346765 0.0292294 0.0220802 0.0154204 0.010505 0.00746093 0.00573804
 1.04056e-16 3.33531e-05 0.000324204 0.00215445 0.00979385 0.0304726 0.0649268 0.0947724 0.0948197 0.0651577 0.0312483 0.0120348 0.00778138 0.0126135 0.0233891 0.0386553 0.0557739 0.0703218 0.0777871 0.0760474 0.0665879 0.0534183 0.0406169 0.0304421 0.0231011 0.0177262
 1.03521e-16 6.74499e-05 0.000655637 0.00435694 0.019806 0.0616239 0.131297 0.191633 0.191643 0.131342 0.0617771 0.0202497 0.00547521 0.00311181 0.00477612 0.00790386 0.0116468 0.0152046 0.0177929 0.0190262 0.0190889 0.0184972 0.0176663 0.0166615 0.0152945 0.0134026
 1.01901e-16 6.1484e-05 0.000597646 0.00397157 0.0180542 0.0561734 0.119684 0.174687 0.174709 0.11979 0.0565288 0.0190804 0.00654642 0.00621496 0.0107193 0.0175968 0.0252804 0.0316623 0.0346419 0.0332607 0.0282814 0.0216886 0.0155202 0.0109311 0.00802585 0.00629208
 1.03965e-16 3.49855e-05 0.000340071 0.00225989 0.0102732 0.0319639 0.0681042 0.0994097 0.0994556 0.0683286 0.0327175 0.0124501 0.00772568 0.0122764 0.0227172 0.0375335 0.0541386 0.0682269 0.0754105 0.0736305 0.0643437 0.0514688 0.0389944 0.0291321 0.0220823 0.0169814
 1.06419e-16 5.40981e-05 0.000525852 0.00349448 0.0158854 0.0494254 0.105307 0.153702 0.15372 0.105396 0.0497248 0.0167523 0.00567857 0.00532075 0.00923962 0.0153959 0.0226546 0.0294936 0.0343659 0.0365123 0.0363103 0.0348137 0.0328993 0.0307593 0.0280659 0.0245029
 1.05048e-16 5.46696e-05 0.000531408 0.0035314 0.0160532 0.0499477 0.10642 0.155328 0.155353 0.106541 0.0503552 0.0172306 0.00648804 0.00698976 0.0123323 0.020334 0.0293662 0.0371041 0.0412207 0.0406619 0.0362693 0.0301813 0.0245069 0.0203099 0.0174983 0.0153913
 1.0573e-16 4.12435e-05 0.000400902 0.00266414 0.0121108 0.0376814 0.0802855 0.117187 0.117224 0.0804676 0.0382928 0.0138776 0.00710173 0.0100971 0.0184824 0.0305582 0.0441757 0.055885 0.0621824 0.0614345 0.0548128 0.045419 0.0363477 0.0292194 0.0240391 0.020012
 1.02083e-16 7.25381e-05 0.000705096 0.00468561 0.0213001 0.0662726 0.141201 0.206089 0.206096 0.141236 0.0663915 0.0216441 0.00555093 0.00260063 0.0036917 0.00603857 0.0088092 0.0113236 0.0129354 0.0133393 0.0127261 0.0116041 0.0104397 0.00941462 0.00844777 0.00738477
pSPR Fmed_Fpbrs
1   0.983506 0.6 0.325 0.983506 0.983506 0.983506
Fs Fmed_Fpbrs
0   0.01 0.350762 0.908973 0.01 0.01 0.01
SSBpbr Bo_Bmed_Bpbrs
300190  285180  280229 165104 82552.2 280229 280229 280229
Ro
88817.4
SPR SPRFo_SPRFmed_SPRFpbrs
639871 639871 629317
Fref
0
Nvult_r0
 72448.7 7348 2940.38 572.979 144.689
CTP_r0
 29663.4 4393.06 1757.93 342.56 86.5034
YTP_r0
356413
Np
 88775.4 32658.6 12014.4 4419.87 2224.14
Nvult_p0
 56116.7 20644.2 7594.58 2793.89 1405.93
CTP_p0
 0 0 0 0 0
 0 0 0 0 0
 0 0 0 0 0
 0 0 0 0 0
 0 0 0 0 0
 0 0 0 0 0
YTP_p0
 0 0 0 0 0 0
CBA_c0
0
log_Ro
11.2143
likeval ReclasPelacesDesembMPH_pf_preclas_ppelaces_ptallas_desvR_qrecl_qpela
 22.8788 0.000340649 0.0551003 47.8311 250.081 136.835 118.975 0 28.4747 0.000100137 0.000171079 0.0124567 2067.06 0 0
q_reclas_q_pelaces
4.11725 6.35823
M
1
N
 94519.7 23709.4 42127.8 5211.54 0.145875
 93637.1 28171.3 5553.78 9868.18 1220.8
 86553.1 21916 3929.89 774.751 1546.91
 66542 20226.6 3047.15 546.403 322.799
 42686.1 9895.31 1066.87 160.724 45.8466
 248100 9844.6 1337.45 144.198 27.9201
 45298.2 64940.5 1745.56 237.145 30.5184
 17461.9 8868.04 6176.81 166.029 25.4588
 27573.7 5510.74 2348.28 1635.63 50.7062
 33663.9 5120.58 468.063 199.454 143.231
 54547.4 3535.78 128.14 11.713 8.57554
 156675 15860 785.404 28.4638 4.50671
 75046 34384.4 1927.27 95.4405 4.00649
 36092 17716.1 4885.73 273.849 14.1305
 73772.2 2277.17 148.633 40.9898 2.41606
 318696 12641.2 162.777 10.6245 3.10274
 49725.6 70069.7 1542.14 19.8576 1.67463
 305256 13750.7 13977.4 307.623 4.29521
 225079 69992.8 1835.54 1865.79 41.637
 220653 38147.6 4886.93 128.158 133.178
 282539 39786.8 3041.76 389.667 20.838
 327984 64517.3 5264.26 402.46 54.3146
 40708.4 68130.9 6968.32 568.577 49.3349
 165423 10004.1 10552 1079.24 95.7011
 162107 40234.7 1515.46 1598.47 177.986
 47970 41855 6927.72 260.937 305.875
 143957 13303.8 8401.23 1390.55 113.772
 166772 36200.6 2164.66 1366.96 244.768
 60971.5 46319.4 7289.1 435.86 324.527
 88776.2 18048.5 10692.1 1682.58 175.524
 73977.5 24884.7 3706.53 2195.78 381.588
 29656.1 16889.3 3291.14 490.209 340.872
 88775.4 8014.7 3207.17 624.967 157.817
pred_Ctot
 11537.9 5646.52 10033 1241.16 0.0347408
 22333.6 11934.2 2352.74 4180.46 517.169
 20702.3 9305.34 1668.6 328.953 656.806
 26922.9 12647.9 1905.41 341.67 201.849
 10453.9 4281.7 461.632 69.5451 19.8378
 46510.3 3417.1 464.235 50.0517 9.69119
 14091.5 33786.3 908.152 123.378 15.8777
 1588.78 1613.16 1123.61 30.2018 4.63114
 9116.69 2997.67 1277.39 889.733 27.5826
 16758.6 3638.7 332.607 141.733 101.781
 7368.34 922.266 33.4237 3.0552 2.23683
 41654.3 7322.34 362.609 13.1413 2.08068
 17617.5 14381.1 806.074 39.9175 1.6757
 21577 13892.8 3831.35 214.75 11.0811
 26476.6 1312.97 85.6987 23.6339 1.39305
 84489.4 5823.33 74.985 4.89432 1.42931
 7988.18 21296.7 468.713 6.03546 0.508982
 75520.2 5998.28 6097.14 134.19 1.87364
 81617 40646.8 1065.95 1083.52 24.1798
 75285 21224.7 2719 71.3051 74.0977
 70398.8 17454.1 1334.39 170.943 9.14145
 94503.2 31690.8 2585.79 197.688 26.6792
 8826.47 26707.4 2731.59 222.883 19.3393
 36639.2 3990.78 4209.36 430.526 38.1767
 31443 14373.9 541.403 571.056 63.5859
 7636.61 12621.1 2089.01 78.6837 92.2345
 29696.9 5004.53 3160.32 523.087 42.7978
 26427.2 10872.2 650.117 410.543 73.5117
 7663.38 11325.8 1782.29 106.574 79.3516
 13657 5281.81 3129 492.398 51.3661
 18438.9 10919.6 1626.46 963.53 167.444
 5100.92 5446.29 1061.29 158.077 109.921
 29663.4 4393.06 1757.93 342.56 86.5034
F
 0.210505 0.451393 0.451393 0.451393 0.451393
 0.452212 0.969692 0.969692 0.969692 0.969692
 0.453759 0.973009 0.973009 0.973009 0.973009
 0.905772 1.94227 1.94227 1.94227 1.94227
 0.46695 1.00129 1.00129 1.00129 1.00129
 0.340362 0.729848 0.729848 0.729848 0.729848
 0.630812 1.35267 1.35267 1.35267 1.35267
 0.153322 0.328773 0.328773 0.328773 0.328773
 0.683594 1.46585 1.46585 1.46585 1.46585
 1.25349 2.6879 2.6879 2.6879 2.6879
 0.235267 0.504491 0.504491 0.504491 0.504491
 0.51657 1.1077 1.1077 1.1077 1.1077
 0.443628 0.951286 0.951286 0.951286 0.951286
 1.76314 3.78075 3.78075 3.78075 3.78075
 0.764019 1.63831 1.63831 1.63831 1.63831
 0.514748 1.10379 1.10379 1.10379 1.10379
 0.285428 0.612052 0.612052 0.612052 0.612052
 0.47276 1.01375 1.01375 1.01375 1.01375
 0.774987 1.66183 1.66183 1.66183 1.66183
 0.713055 1.52903 1.52903 1.52903 1.52903
 0.476883 1.0226 1.0226 1.0226 1.0226
 0.571535 1.22556 1.22556 1.22556 1.22556
 0.403443 0.865116 0.865116 0.865116 0.865116
 0.413775 0.887269 0.887269 0.887269 0.887269
 0.354049 0.759199 0.759199 0.759199 0.759199
 0.282528 0.605832 0.605832 0.605832 0.605832
 0.380439 0.815786 0.815786 0.815786 0.815786
 0.281065 0.602696 0.602696 0.602696 0.602696
 0.217342 0.466053 0.466053 0.466053 0.466053
 0.271865 0.582969 0.582969 0.582969 0.582969
 0.477081 1.02302 1.02302 1.02302 1.02302
 0.30839 0.661291 0.661291 0.661291 0.661291
 0.693309 1.48668 1.48668 1.48668 1.48668
YTP_r0W_actual
 223662 76658.9 42313.4 10729 3049.25
YTP_p0W_proyectada
 0 0 0 0 0
 0 0 0 0 0
 0 0 0 0 0
 0 0 0 0 0
 0 0 0 0 0
 0 0 0 0 0
CTP_r0_actual
 29663.4 4393.06 1757.93 342.56 86.5034
CTP_p0_proyectada
 0 0 0 0 0
 0 0 0 0 0
 0 0 0 0 0
 0 0 0 0 0
 0 0 0 0 0
 0 0 0 0 0
Wmedp
 7.54 17.45 24.07 31.32 35.25
Frms_r0
 0.693309 1.48668 1.48668 1.48668 1.48668
Zrms_r0
 1.69331 2.48668 2.48668 2.48668 2.48668
nmprior
 7.29 8.9 8.7 0
nm_flota  nm_reclas  nm_pelaces    nm_pelaL
inf 16.2423 8.36968 19.5791
cv_recla  cv_pelaces  cv_mph
0.414236 0.673942 0.554514
 ------------------------------------------------
Talla a la edad & desviaci?n 
 8 13.2811 15.8009 17.003 17.5766
 0.8 1.32811 1.58009 1.7003 1.75766
