years
 1991 1992 1993 1994 1995 1996 1997 1998 1999 2000 2001 2002 2003 2004 2005 2006 2007 2008 2009 2010 2011 2012 2013 2014 2015 2016 2017 2018 2019 2020 2021 2022 2023
reclasobs
 0 0 0 0 0 0 0 0 0 252601 567819 844713 477998 351125 339783 2.1784e+06 2.13404e+06 4.81314e+06 1.55562e+06 2.62356e+06 3.21686e+06 3.843e+06 1.13348e+06 3.07943e+06 1.97215e+06 2.03268e+06 2.025e+06 2.42433e+06 2.27542e+06 1.05018e+06 2.36338e+06 3.18982e+06 1.53035e+06
reclaspred
 3.10055e+06 1.7204e+06 907157 979832 1.03414e+06 1.55706e+06 995679 934642 688095 521091 635799 800747 619217 284519 666484 1.74551e+06 1.82461e+06 2.42596e+06 1.71025e+06 1.40333e+06 2.90093e+06 2.4321e+06 1.90649e+06 2.91451e+06 2.30967e+06 2.09231e+06 2.51318e+06 2.77935e+06 2.43978e+06 1.87231e+06 1.6536e+06 1.59066e+06 1.60831e+06
pelacesobs
 0 0 0 0 0 0 0 0 0 0 0 0 0 0 0 552880 188675 0 991730 2.46772e+06 1.41603e+06 1.21717e+06 2.29649e+06 1.80582e+06 0 1.4828e+06 1.56532e+06 1.57751e+06 1.42118e+06 867257 1.10002e+06 1.06204e+06 0
pelacespred
 1.70182e+06 1.05046e+06 546499 488114 538861 843970 505594 580928 417351 301618 374202 402576 330860 144203 395615 870120 905293 1.32284e+06 974308 698429 1.52713e+06 1.33552e+06 1.06374e+06 1.78632e+06 1.34667e+06 1.21851e+06 1.69152e+06 1.68019e+06 1.32729e+06 1.16979e+06 926881 889044 902213
mphobs
 0 0 0 0 0 0 0 0 0 0 0 0 498337 0 5186 125008 0 168611 109162 213762 579715 649985 157893 87575 83554 210694 70296 0 107559 103333 445601 22526 28222
mphpred
 491329 332083 163719 95402.1 113887 134050 167225 108055 99217.6 70672.5 48907.1 81084.2 90617.3 50863.9 18722.3 69834.4 225151 225197 222869 336084 404683 592223 101957 85097 125403 105749 92398.4 103594 146763 116268 76474.8 76016.2 51087.6
desembarqueobs
 494567 514787 250237 358949 120608 361735 552515 73892 212993 205616 52469 317467 293654 387597 252695 516296 358380 742168 942051 627588 828172 859565 418607 520667 417249 300574 415391 372974 316634 284311 391294 218835 356480
desembarquepred
 494571 513402 250963 358992 120615 361766 552603 73897 213050 205669 52471.1 317499 293861 388127 252666 516230 358391 742194 941928 627460 828218 859656 418670 520716 417245 300592 415407 372966 316619 284283 391336 218859 356504
Reclutas
 206337 100106 129455 203475 173070 259522 112169 58211.6 51508.5 69217.8 144902 167489 79672.2 43660.9 145864 604939 140223 444183 337613 331319 526566 606266 121387 379987 369551 148119 352902 417669 165581 155920 182846 102187 263897
log_desv_Rt
 0.120794 -0.602489 -0.345381 0.106829 -0.0550227 0.350124 -0.488713 -1.14463 -1.26697 -0.971459 -0.232661 -0.0878008 -0.830796 -1.43226 -0.226044 1.19641 -0.265482 0.88752 0.613184 0.594366 1.05766 1.1986 -0.409734 0.73142 0.703571 -0.210698 0.657473 0.825971 -0.0992578 -0.159373 -7.16162e-05 -0.581917 0.366841
SSB
 3.06916e+06 2.0744e+06 1.02269e+06 595943 711411 837360 1.0446e+06 674983 619776 441465 305505 506504 541922 310610 113399 424169 1.40643e+06 1.40672e+06 1.43641e+06 953905 1.17572e+06 1.7965e+06 1.72514e+06 1.38944e+06 1.92593e+06 1.71692e+06 1.41932e+06 1.53547e+06 2.2495e+06 1.68423e+06 1.25259e+06 1.27608e+06 796315
BT
 4.18137e+06 2.82809e+06 1.45681e+06 1.37549e+06 1.28353e+06 2.1656e+06 1.62057e+06 1.34355e+06 1.13519e+06 863112 871481 1.15479e+06 994392 721405 1.12242e+06 2.34565e+06 2.27565e+06 3.56199e+06 3.09388e+06 2.10518e+06 4.03427e+06 3.75451e+06 2.71056e+06 4.42196e+06 3.36234e+06 2.94878e+06 4.15211e+06 4.06224e+06 3.1867e+06 2.85e+06 2.40726e+06 2.1425e+06 2.30661e+06
Ftot
 0.144894 0.260102 0.252832 0.392851 0.118722 0.255793 0.504651 0.0790956 0.310233 0.392381 0.100504 0.418707 0.452211 1.26592 0.542344 0.401995 0.187527 0.331888 0.563636 0.489507 0.328115 0.375731 0.203547 0.209334 0.183923 0.138783 0.190314 0.159913 0.117607 0.147386 0.248675 0.131684 0.258392
BD_Bspro_t
 0.977084 0.843552 0.684721 0.613523 0.627568 0.704968 0.683816 0.539933 0.60733 0.570844 0.549088 0.738257 0.628588 0.439092 0.236172 0.524619 0.690612 0.666463 0.62128 0.499181 0.50627 0.597103 0.613327 0.602001 0.705041 0.729514 0.734955 0.768668 0.81854 0.776959 0.741996 0.729141 0.724369
BD_Bspro
 2.32974 1.57464 0.776308 0.452369 0.540019 0.635625 0.792934 0.512367 0.470461 0.335108 0.231903 0.384478 0.411363 0.235778 0.086079 0.321979 1.0676 1.06782 1.09035 0.724092 0.892472 1.36369 1.30952 1.0547 1.46194 1.30328 1.07738 1.16555 1.70756 1.27847 0.950821 0.96865 0.604468
BD_Bo
 2.50304 1.69177 0.834053 0.486018 0.580188 0.682905 0.851916 0.550479 0.505456 0.360035 0.249153 0.413077 0.441962 0.253316 0.0924819 0.345929 1.14701 1.14725 1.17145 0.777953 0.958857 1.46513 1.40693 1.13315 1.57068 1.40023 1.15752 1.25225 1.83457 1.37357 1.02155 1.0407 0.649431
BD_Brms
 2.68267 1.81318 0.893909 0.520898 0.621826 0.731914 0.913054 0.589984 0.54173 0.385873 0.267034 0.442721 0.47368 0.271496 0.0991189 0.370754 1.22933 1.22958 1.25552 0.833783 1.02767 1.57027 1.5079 1.21447 1.6834 1.50071 1.24059 1.34212 1.96623 1.47214 1.09486 1.11539 0.696037
Sel_flota
 0.513781 1 1 1 1
 0.513781 1 1 1 1
 0.513781 1 1 1 1
 0.513781 1 1 1 1
 0.513781 1 1 1 1
 0.513781 1 1 1 1
 0.513781 1 1 1 1
 0.513781 1 1 1 1
 0.513781 1 1 1 1
 0.513781 1 1 1 1
 0.513781 1 1 1 1
 0.513781 1 1 1 1
 0.513781 1 1 1 1
 0.513781 1 1 1 1
 0.513781 1 1 1 1
 0.513781 1 1 1 1
 0.513781 1 1 1 1
 0.513781 1 1 1 1
 0.513781 1 1 1 1
 0.513781 1 1 1 1
 0.513781 1 1 1 1
 0.513781 1 1 1 1
 0.513781 1 1 1 1
 0.513781 1 1 1 1
 0.513781 1 1 1 1
 0.513781 1 1 1 1
 0.513781 1 1 1 1
 0.513781 1 1 1 1
 0.513781 1 1 1 1
 0.513781 1 1 1 1
 0.513781 1 1 1 1
 0.513781 1 1 1 1
 0.513781 1 1 1 1
Sel_reclas
 1 1 1 1 1
 1 1 1 1 1
 1 1 1 1 1
 1 1 1 1 1
 1 1 1 1 1
 1 1 1 1 1
 1 1 1 1 1
 1 1 1 1 1
 1 1 1 1 1
 1 1 1 1 1
 1 1 1 1 1
 1 1 1 1 1
 1 1 1 1 1
 1 1 1 1 1
 1 1 1 1 1
 1 1 1 1 1
 1 1 1 1 1
 1 1 1 1 1
 1 1 1 1 1
 1 1 1 1 1
 1 1 1 1 1
 1 1 1 1 1
 1 1 1 1 1
 1 1 1 1 1
 1 1 1 1 1
 1 1 1 1 1
 1 1 1 1 1
 1 1 1 1 1
 1 1 1 1 1
 1 1 1 1 1
 1 1 1 1 1
 1 1 1 1 1
 1 1 1 1 1
Sel_pelaces
 1 1 1 1 1
 1 1 1 1 1
 1 1 1 1 1
 1 1 1 1 1
 1 1 1 1 1
 1 1 1 1 1
 1 1 1 1 1
 1 1 1 1 1
 1 1 1 1 1
 1 1 1 1 1
 1 1 1 1 1
 1 1 1 1 1
 1 1 1 1 1
 1 1 1 1 1
 1 1 1 1 1
 1 1 1 1 1
 1 1 1 1 1
 1 1 1 1 1
 1 1 1 1 1
 1 1 1 1 1
 1 1 1 1 1
 1 1 1 1 1
 1 1 1 1 1
 1 1 1 1 1
 1 1 1 1 1
 1 1 1 1 1
 1 1 1 1 1
 1 1 1 1 1
 1 1 1 1 1
 1 1 1 1 1
 1 1 1 1 1
 1 1 1 1 1
 1 1 1 1 1
pf_obs 
 0.8446 0.082 0.0669 0.0065 0
 0.8095 0.147 0.0364 0.0071 0
 0.9664 0.0169 0.016 0.0007 0
 0.9276 0.0648 0.0075 0.0001 0
 0.7033 0.2144 0.0806 0.0017 0
 0.9318 0.0425 0.0243 0.0014 0
 0.5671 0.3108 0.0964 0.0239 0.0018
 0.0768 0.2599 0.5324 0.112 0.0189
 0.490249 0.384438 0.106611 0.0170017 0.00170017
 0.7925 0.1577 0.0466 0.003 0.0002
 0.840416 0.127587 0.0312969 0.00059994 9.999e-05
 0.8084 0.0986 0.0794 0.0134 0.0002
 0.7335 0.1905 0.0724 0.0035 0.0001
 0.4001 0.4547 0.1325 0.0127 0
 0.49795 0.308269 0.164784 0.0264974 0.00249975
 0.9179 0.0499 0.0305 0.0017 0
 0.2467 0.6533 0.0926 0.0074 0
 0.9418 0.0223 0.034 0.0019 0
 0.707729 0.231977 0.0356964 0.0245975 0
 0.517169 0.277429 0.184464 0.0207286 0.00020938
 0.811772 0.124168 0.05621 0.00726502 0.000585176
 0.764997 0.148141 0.077277 0.00933861 0.000247198
 0.163321 0.427699 0.378323 0.0303852 0.000271297
 0.753843 0.0900009 0.118128 0.0371064 0.000921714
 0.721811 0.176058 0.0630433 0.0369309 0.00215725
 0.143369 0.312575 0.442814 0.0836902 0.0175525
 0.692698 0.0596174 0.167031 0.0765114 0.00414204
 0.394062 0.376323 0.152708 0.0712218 0.00568511
 0.125707 0.32114 0.495352 0.0537591 0.00404204
 0.23352 0.215282 0.420074 0.123614 0.00750983
 0.796117 0.104755 0.0508955 0.0450114 0.00322123
 0.162477 0.292055 0.404252 0.121198 0.0200186
 0 0 0 0 0
pf_pred 
 0.365741 0.123765 0.483349 0.0271443 9.93347e-07
 0.292848 0.381282 0.0635881 0.248336 0.0139468
 0.502172 0.231508 0.143594 0.0239478 0.0987778
 0.646586 0.23988 0.0527975 0.0327478 0.0279887
 0.543508 0.365145 0.0620023 0.0136467 0.0156987
 0.622853 0.266141 0.0887933 0.0150773 0.00713601
 0.370093 0.488742 0.0996156 0.0332351 0.00831437
 0.35256 0.369416 0.215717 0.0439676 0.0183388
 0.415572 0.304001 0.160006 0.0934342 0.0269869
 0.588427 0.247938 0.0851178 0.0448004 0.0337169
 0.73435 0.201223 0.0388119 0.0133242 0.012291
 0.609353 0.33089 0.0452645 0.00873062 0.00576208
 0.410167 0.456843 0.112647 0.0154097 0.00493384
 0.420604 0.35194 0.176172 0.0434399 0.00784504
 0.870451 0.0879266 0.0252827 0.0126558 0.00368421
 0.885867 0.107164 0.00473052 0.00136023 0.000879107
 0.280626 0.679421 0.0375128 0.00165593 0.000783883
 0.697993 0.134361 0.158335 0.0087421 0.000568581
 0.537918 0.384512 0.0345102 0.0406676 0.00239141
 0.594001 0.295725 0.091762 0.00823571 0.0102758
 0.69999 0.23013 0.0509002 0.0157941 0.00318621
 0.6303 0.308068 0.0472755 0.0104564 0.00389912
 0.217552 0.616167 0.138561 0.0212632 0.00645673
 0.648451 0.128193 0.17589 0.0395533 0.00791289
 0.554113 0.353266 0.0337745 0.0463412 0.0125058
 0.312408 0.49393 0.153433 0.0146692 0.0255588
 0.640053 0.172501 0.134652 0.0418279 0.0109667
 0.596358 0.316955 0.0415439 0.0324287 0.0127147
 0.315983 0.513481 0.133912 0.0175521 0.0190729
 0.409397 0.284578 0.229728 0.0599113 0.0163857
 0.520253 0.280477 0.0960167 0.0775101 0.0257426
 0.387229 0.4253 0.109602 0.0375205 0.0403481
 0.694831 0.171164 0.0930072 0.0239685 0.0170288
pobs_RECLAS
 0 0 0 0 0
 0 0 0 0 0
 0 0 0 0 0
 0 0 0 0 0
 0 0 0 0 0
 0 0 0 0 0
 0 0 0 0 0
 0 0 0 0 0
 0 0 0 0 0
 0 0 0 0 0
 0.991045 0.00858322 0.000360255 1.14367e-05 0
 0.934742 0.0480273 0.0164251 0.00080598 0
 0.827803 0.169806 0.00239088 0 0
 0.941827 0.0461693 0.0120037 0 0
 0.791401 0.0380133 0.147996 0.0225897 0
 0.846168 0.0940531 0.0597789 0 0
 0.134021 0.677848 0.182769 0.00536245 0
 0.80878 0.0450904 0.141981 0.00414843 0
 0.846168 0.0940531 0.0597789 0 0
 0.905697 0.0802665 0.012482 0.00150086 5.37128e-05
 0.989698 0.0102097 9.19794e-05 0 0
 0.975433 0.0193895 0.00387452 0.00125025 5.28907e-05
 0.303575 0.632131 0.0575291 0.00676475 0
 0.966965 0.00978017 0.0227588 0.000495775 0
 0.843318 0.132988 0.00938335 0.0141283 0.000182051
 0.564624 0.303363 0.111486 0.0197234 0.00080311
 0.826376 0.0876187 0.0782897 0.00655872 0.00115652
 0.89761 0.0855135 0.0140674 0.00269457 0.000114338
 0.34875 0.467042 0.161289 0.0227151 0.000203297
 0.318654 0.224769 0.449479 0.00709798 0
 0.937255 0.0296025 0.0250945 0.00804832 0
 0.456809 0.399803 0.12412 0.0192676 0
 0.883104 0.0372192 0.0704036 0.00927362 0
ppred_RECLAS
 0.530415 0.0916314 0.357856 0.0200968 7.35442e-07
 0.449346 0.296901 0.0495156 0.193377 0.0108602
 0.665204 0.155693 0.0965689 0.0161052 0.0664295
 0.784167 0.146497 0.032244 0.0199994 0.0170929
 0.699637 0.240258 0.0407963 0.00897924 0.0103294
 0.764897 0.165904 0.0553512 0.00939876 0.00444838
 0.540295 0.356683 0.0726992 0.0242549 0.00606781
 0.515367 0.276522 0.161472 0.0329114 0.0137273
 0.584219 0.216276 0.113833 0.066472 0.0191994
 0.739522 0.156916 0.0538697 0.0283535 0.0213389
 0.843837 0.118289 0.0228156 0.00783266 0.00722528
 0.756258 0.206457 0.0282426 0.00544743 0.00359522
 0.580923 0.324587 0.0800357 0.0109486 0.0035055
 0.608283 0.237939 0.119106 0.0293688 0.00530386
 0.93092 0.0468851 0.0134815 0.00674848 0.00196453
 0.939107 0.057174 0.00252383 0.00072571 0.000469022
 0.433667 0.53488 0.0295323 0.00130364 0.000617119
 0.820556 0.0798339 0.094078 0.00519431 0.000337835
 0.70045 0.249265 0.0223717 0.0263633 0.00155026
 0.745139 0.185638 0.0576026 0.00516987 0.00645054
 0.821917 0.136603 0.0302139 0.00937523 0.0018913
 0.771799 0.190158 0.0291813 0.00645435 0.00240677
 0.353265 0.509295 0.114528 0.0175752 0.00533683
 0.783776 0.0788463 0.108183 0.0243277 0.00486691
 0.709214 0.230382 0.0220261 0.0302214 0.00815564
 0.470825 0.380132 0.118083 0.0112895 0.0196703
 0.777332 0.106711 0.0832975 0.0258753 0.00678415
 0.743337 0.201541 0.0264164 0.0206204 0.00808487
 0.474709 0.394327 0.102837 0.0134791 0.014647
 0.57591 0.204345 0.164959 0.0430201 0.011766
 0.681075 0.186455 0.0638298 0.051527 0.0171131
 0.552985 0.310256 0.0799547 0.0273712 0.0294339
 0.817722 0.102237 0.0555534 0.0143164 0.0101713
pobs_PELACES
 0 0 0 0 0
 0 0 0 0 0
 0 0 0 0 0
 0 0 0 0 0
 0 0 0 0 0
 0 0 0 0 0
 0 0 0 0 0
 0 0 0 0 0
 0 0 0 0 0
 0 0 0 0 0
 0 0 0 0 0
 0 0 0 0 0
 0 0 0 0 0
 0 0 0 0 0
 0 0 0 0 0
 0 0 0 0 0
 0.505614 0.472636 0.0217494 0 0
 0 0 0 0 0
 0.443492 0.261883 0.143347 0.151278 0
 0.227955 0.32914 0.350689 0.0885471 0.00366901
 0.970185 0.0296113 0.000203453 0 0
 0.997202 0.00247181 0.000326279 0 0
 0.445219 0.490057 0.0546422 0.010081 0
 0.90214 0.0892962 0.00764917 0.000914606 0
 0 0 0 0 0
 0.581667 0.319106 0.0959925 0.00289975 0.000334073
 0.762889 0.0836404 0.116647 0.0363945 0.000428098
 0.88444 0.0763242 0.0277011 0.0115352 0
 0.521256 0.241999 0.230069 0.00667565 0
 0.616807 0.101726 0.260614 0.0208532 0
 0.833518 0.0704572 0.0857862 0.0102388 0
 0.697417 0.212968 0.0787535 0.0105354 0.000325836
 0 0 0 0 0
ppred_PELACES
 0.536202 0.0905023 0.353446 0.0198491 7.2638e-07
 0.459693 0.291322 0.0485852 0.189744 0.0106562
 0.674177 0.15152 0.0939806 0.0156736 0.064649
 0.794644 0.139386 0.0306787 0.0190286 0.0162632
 0.703625 0.237068 0.0402546 0.00886002 0.0101923
 0.772197 0.160753 0.0536325 0.00910691 0.00431025
 0.560331 0.341137 0.0695308 0.0231978 0.00580336
 0.518536 0.274714 0.160417 0.0326962 0.0136375
 0.596258 0.210014 0.110538 0.0645474 0.0186435
 0.751466 0.149721 0.0513996 0.0270534 0.0203605
 0.845951 0.116688 0.0225069 0.00772667 0.00712751
 0.768427 0.196149 0.0268325 0.00517545 0.00341572
 0.598477 0.310991 0.0766833 0.01049 0.00335867
 0.655481 0.20927 0.104755 0.0258301 0.0046648
 0.936311 0.0432265 0.0124295 0.00622187 0.00181123
 0.942693 0.0538073 0.00237521 0.000682977 0.000441403
 0.441071 0.527887 0.0291462 0.0012866 0.00060905
 0.828264 0.0764048 0.090037 0.0049712 0.000323324
 0.719075 0.233766 0.0209807 0.0247241 0.00145387
 0.759766 0.174984 0.0542967 0.00487317 0.00608034
 0.829492 0.130792 0.0289286 0.0089764 0.00181085
 0.782243 0.181456 0.0278458 0.00615896 0.00229663
 0.360762 0.503391 0.1132 0.0173715 0.00527497
 0.789414 0.0767904 0.105362 0.0236933 0.00474001
 0.715263 0.225591 0.0215679 0.0295928 0.00798601
 0.476376 0.376145 0.116844 0.0111711 0.0194639
 0.782573 0.1042 0.0813371 0.0252663 0.00662448
 0.748202 0.197722 0.0259157 0.0202295 0.00793163
 0.479417 0.390793 0.101916 0.0133583 0.0145157
 0.581675 0.201567 0.162717 0.0424352 0.011606
 0.689678 0.181425 0.0621079 0.050137 0.0166515
 0.558201 0.306635 0.0790216 0.0270517 0.0290904
 0.823821 0.0988162 0.0536947 0.0138374 0.00983102
pobs_pel_tallas
 0 0 0 0 0 0 0 0 0 0 0 0 0 0 0 0 0 0 0 0 0 0 0 0 0 0
 0 0 0 0 0 0 0 0 0 0 0 0 0 0 0 0 0 0 0 0 0 0 0 0 0 0
 0 0 0 0 0 0 0 0 0 0 0 0 0 0 0 0 0 0 0 0 0 0 0 0 0 0
 0 0 0 0 0 0 0 0 0 0 0 0 0 0 0 0 0 0 0 0 0 0 0 0 0 0
 0 0 0 0 0 0 0 0 0 0 0 0 0 0 0 0 0 0 0 0 0 0 0 0 0 0
 0 0 0 0 0 0 0 0 0 0 0 0 0 0 0 0 0 0 0 0 0 0 0 0 0 0
 0 0 0 0 0 0 0 0 0 0 0 0 0 0 0 0 0 0 0 0 0 0 0 0 0 0
 0 0 0 0 0 0 0 0 0 0 0 0 0 0 0 0 0 0 0 0 0 0 0 0 0 0
 0 0 0 0 0 0 0 0 0 0 0 0 0 0 0 0 0 0 0 0 0 0 0 0 0 0
 0 0 0 0 0 0 0 0 0 0 0 0 0 0 0 0 0 0 0 0 0 0 0 0 0 0
 0 0 0 0 0 0 0 0 0 0 0 0 0 0 0 0 0 0 0 0 0 0 0 0 0 0
 0 0 0 0 0 0 0 0 0 0 0 0 0 0 0 0 0 0 0 0 0 0 0 0 0 0
 0.00862536 0 0 0.000197151 0.00414017 0.0128641 0.00837892 0.0270097 0.101434 0.158115 0.152841 0.127902 0.109271 0.109419 0.0830992 0.0579132 0.0238553 0.00714673 0.00463305 0.00128148 0.00103504 0.000492878 0.000147863 0.000147863 4.92878e-05 0
 0 0 0 0 0 0 0 0 0 0 0 0 0 0 0 0 0 0 0 0 0 0 0 0 0 0
 0 0 0 0 0 0 0 0.0054083 0.00873648 0.0413646 0.0450493 0.0745869 0.0622846 0.0627006 0.0613931 0.0827291 0.12552 0.122667 0.0946155 0.0697135 0.0546179 0.0294188 0.0215738 0.0213955 0.0102223 0.00600262
 0 0 0 0 0.00359764 0.0251062 0.0480494 0.140153 0.205849 0.193036 0.1447 0.116669 0.0760912 0.0342217 0.00950174 0.001854 0.000860785 0 0 0 0.000165536 0 0.000143464 0 0 0
 0 0 0 0 0 0 0 0.000145254 0.000435761 0.0275982 0.070085 0.0708112 0.156366 0.174668 0.174014 0.160142 0.0824315 0.0480064 0.0283245 0.00493863 0.00203355 0 0 0 0 0
 0 0 0 0 0 0 0 0 0 0 0 0 0 0 0 0 0 0 0 0 0 0 0 0 0 0
 0 0 1.00437e-05 0.000401748 0.00122533 0.00171747 0.00176769 0.0269171 0.070346 0.194647 0.189555 0.159765 0.064822 0.0314167 0.0384472 0.0292271 0.0345202 0.0313363 0.0194345 0.0106764 0.0143323 0.0359363 0.0279516 0.0138201 0.00172751 0
 0 0.0021121 0.0136068 0.0755702 0.200478 0.177729 0.0527432 0.0373336 0.0318909 0.0142505 0.0149659 0.0166563 0.0217959 0.0798694 0.0677717 0.0528807 0.04013 0.0224614 0.0357745 0.0225083 0.00881397 0.00855152 0.00135912 0.000746735 0 0
 0 0 0 0 5.4009e-05 0.00500934 0.000945158 0.0243581 0.138947 0.33067 0.221406 0.137944 0.0707744 0.0437923 0.0131692 0.00525238 0.0047753 0.00276346 9.45158e-05 9.00151e-06 2.25038e-05 9.00151e-06 4.50075e-06 0 0 0
 0.000866109 0.00284123 0.00948549 0.0512746 0.133035 0.25785 0.225252 0.132002 0.0553304 0.0519788 0.0540692 0.017754 0.00435017 0.00159236 0.00146478 0.000404838 0.000125132 0.000115318 0.000107957 0.000100596 0 0 0 0 0 0
 0 0 0 0 0.00144013 0.00171154 0.00461396 0.0210425 0.0478622 0.0707936 0.0888783 0.103762 0.0637923 0.0337046 0.0602308 0.124433 0.169614 0.0934646 0.0462172 0.0250306 0.0313229 0.00938855 0.002487 0.000210481 0 0
 0 0.00764035 0.051015 0.0998891 0.058973 0.0496711 0.0374665 0.0718981 0.12319 0.153886 0.159021 0.0857701 0.0377988 0.023471 0.0147837 0.00900784 0.00315554 0.000888139 0.00291439 0.00214683 0.00393193 0.00274676 0.000635225 9.99891e-05 0 0
 0 0 0 0 0 0 0 0 0 0 0 0 0 0 0 0 0 0 0 0 0 0 0 0 0 0
 0 0 0 0 0 0 0 0 0 0 0 0 0 0 0 0 0 0 0 0 0 0 0 0 0 0
 0 0 0 0 0 0 0 0 0 0 0 0 0 0 0 0 0 0 0 0 0 0 0 0 0 0
 0 0 0 0 0 0 0 0 0 0 0 0 0 0 0 0 0 0 0 0 0 0 0 0 0 0
 0 0 0 0 0 0 0 0 0 0 0 0 0 0 0 0 0 0 0 0 0 0 0 0 0 0
 0 0 0 0 0 0 0 0 0 0 0 0 0 0 0 0 0 0 0 0 0 0 0 0 0 0
 0 0 0 0 0 0 0 0 0 0 0 0 0 0 0 0 0 0 0 0 0 0 0 0 0 0
 0 0 0 0 0 0 0 0 0 0 0 0 0 0 0 0 0 0 0 0 0 0 0 0 0 0
 0 0 0 0 0 0 0 0 0 0 0 0 0 0 0 0 0 0 0 0 0 0 0 0 0 0
ppred_pel_tallas
 1.12214e-16 4.41662e-05 0.000429312 0.00285293 0.012969 0.0403514 0.0859733 0.125482 0.125492 0.0860188 0.0405056 0.0134212 0.00401339 0.00304679 0.00526136 0.00926848 0.0148342 0.0217418 0.0296825 0.0383275 0.0471917 0.0553271 0.0612232 0.0632326 0.0603709 0.0529386
 1.22309e-16 3.78643e-05 0.000368055 0.00244586 0.0111185 0.034594 0.0737072 0.107584 0.107612 0.0738448 0.0350563 0.0124551 0.00580563 0.00771925 0.0140519 0.0233199 0.0339706 0.0435999 0.0498739 0.0519448 0.051044 0.0496274 0.0496994 0.0515963 0.0539997 0.0549239
 1.15264e-16 5.55311e-05 0.000539782 0.00358704 0.0163062 0.0507347 0.108096 0.157773 0.157787 0.108168 0.050977 0.0170077 0.00535447 0.00441981 0.00748917 0.0124658 0.0183649 0.0239845 0.028154 0.0303962 0.0312011 0.0316035 0.0324017 0.0336451 0.0347107 0.0347773
 1.05582e-16 6.54538e-05 0.000636234 0.004228 0.0192199 0.0598003 0.127411 0.185963 0.185977 0.127477 0.0600212 0.0198584 0.00583209 0.00414257 0.00673858 0.0110747 0.0160404 0.0203784 0.022865 0.0229686 0.0211712 0.0186259 0.0164255 0.0150489 0.0143144 0.0137158
 1.03836e-16 5.79567e-05 0.00056336 0.00374373 0.0170185 0.0529508 0.112818 0.164666 0.164689 0.11293 0.053326 0.0181022 0.00646459 0.00650514 0.0113488 0.018687 0.0269543 0.0339834 0.0376061 0.0368279 0.0324145 0.0263537 0.0206435 0.0163512 0.0134895 0.0115042
 1.03232e-16 6.36049e-05 0.000618262 0.00410857 0.018677 0.0581111 0.123812 0.180711 0.180727 0.123888 0.0583663 0.0194148 0.00596309 0.00467464 0.00779076 0.0128401 0.0186329 0.0237293 0.0266975 0.0268657 0.0246898 0.0213806 0.0181112 0.0154426 0.0133073 0.0113763
 1.05403e-16 4.61538e-05 0.000448631 0.00298131 0.0135526 0.0421675 0.0898435 0.131136 0.131169 0.0900043 0.0427077 0.0151135 0.00690122 0.00901208 0.0163283 0.0269699 0.0389628 0.0492435 0.0547156 0.0539514 0.0480202 0.0397084 0.0317883 0.0256977 0.0214027 0.0181276
 1.10287e-16 4.27112e-05 0.000415168 0.00275894 0.0125417 0.0390222 0.0831419 0.121354 0.12138 0.0832723 0.0394607 0.013811 0.00595458 0.00742332 0.0134467 0.0224093 0.0328554 0.0425303 0.0491345 0.051576 0.0505157 0.0476897 0.0446049 0.041704 0.0385211 0.0344341
 1.12872e-16 4.9113e-05 0.000477396 0.00317246 0.0144216 0.044871 0.0956031 0.13954 0.13956 0.0957028 0.0452062 0.0153918 0.0056153 0.00583529 0.0102997 0.0171491 0.0251747 0.0326789 0.0379722 0.0403214 0.0403453 0.0394499 0.0387657 0.0384584 0.0378524 0.0360863
 1.07681e-16 6.18973e-05 0.000601663 0.00399827 0.0181755 0.0565509 0.120488 0.175859 0.175874 0.120559 0.0567889 0.0188637 0.00572864 0.00438919 0.00728538 0.0120274 0.0175153 0.0224501 0.0255624 0.0263031 0.0251643 0.0232981 0.0217392 0.0208489 0.0203149 0.0195519
 1.02661e-16 6.96799e-05 0.000677313 0.00450098 0.0204608 0.0636613 0.135638 0.197969 0.197981 0.135693 0.0638461 0.0209947 0.00584162 0.00360601 0.00563805 0.00922732 0.0133261 0.0168463 0.0187319 0.0185056 0.0165484 0.0138295 0.0113058 0.00946199 0.00825806 0.00738255
 1.01922e-16 6.32944e-05 0.000615244 0.00408851 0.0185858 0.0578274 0.123208 0.17983 0.179849 0.123301 0.0581376 0.0194816 0.00633697 0.00552338 0.00938398 0.0154114 0.0221898 0.0278939 0.0307068 0.0297893 0.025774 0.0203288 0.0151552 0.0112018 0.00854446 0.0067736
 1.03913e-16 4.92958e-05 0.000479173 0.00318427 0.0144753 0.0450381 0.0959595 0.140062 0.140092 0.0961062 0.0455309 0.0158994 0.00676142 0.0082961 0.0149184 0.0246455 0.035638 0.0451054 0.0502208 0.0496567 0.0443343 0.0367227 0.0292888 0.0233301 0.0188738 0.0153318
 1.06457e-16 5.39911e-05 0.000524813 0.00348757 0.015854 0.0493277 0.105099 0.153399 0.153419 0.105198 0.0496612 0.0168188 0.00591549 0.00584492 0.0102165 0.0169582 0.0247837 0.0319219 0.0365865 0.037933 0.0364932 0.033667 0.0307153 0.0280898 0.0255117 0.0225198
 1.01301e-16 7.71227e-05 0.00074966 0.00498175 0.0226463 0.0704612 0.150125 0.219113 0.219117 0.150146 0.0705298 0.0228446 0.00548011 0.00183957 0.00215301 0.0034531 0.00500456 0.00637427 0.00717878 0.00724663 0.00671284 0.00591451 0.00517058 0.00462069 0.00421931 0.00384085
 1.00226e-16 7.76484e-05 0.00075477 0.00501571 0.0228007 0.0709415 0.151149 0.220607 0.220612 0.151174 0.0710264 0.0230458 0.00563063 0.00209578 0.00262045 0.00419869 0.00601612 0.00751337 0.00817884 0.0077791 0.00649696 0.00481406 0.00323201 0.00204566 0.00129779 0.000876997
 1.01209e-16 3.63305e-05 0.000353146 0.00234678 0.0106682 0.0331929 0.0707228 0.103233 0.103283 0.070971 0.034026 0.0130736 0.00838096 0.0135132 0.0249923 0.0411616 0.0590592 0.0737768 0.0803313 0.0764154 0.0637906 0.0471457 0.0313771 0.0193847 0.0116379 0.00712653
 1.03172e-16 6.8223e-05 0.000663152 0.00440688 0.020033 0.0623302 0.132801 0.193829 0.193837 0.132838 0.0624536 0.020391 0.00531127 0.00265691 0.00391155 0.0065063 0.00970857 0.0129192 0.0155483 0.0172788 0.0181723 0.0184765 0.0183215 0.0175982 0.016111 0.0138284
 1.03391e-16 5.92293e-05 0.00057573 0.00382593 0.0173921 0.0541135 0.115295 0.168282 0.168304 0.115405 0.0544829 0.0184589 0.00650325 0.00641875 0.0111518 0.0183321 0.0263811 0.0331386 0.036454 0.0353598 0.0306597 0.0243932 0.0186136 0.014421 0.0118123 0.0101658
 1.0313e-16 6.25809e-05 0.000608309 0.00404243 0.0183763 0.0571756 0.121819 0.177802 0.177819 0.121902 0.0574532 0.0191789 0.00605927 0.00501843 0.00845966 0.0139424 0.0202084 0.0256831 0.0287951 0.0288056 0.0262155 0.0223656 0.0185727 0.0154947 0.0130979 0.011042
 1.02075e-16 6.83242e-05 0.000664136 0.00441342 0.0200628 0.0624227 0.132999 0.194118 0.194131 0.13306 0.0626299 0.0206614 0.0059171 0.00394963 0.00631675 0.0103576 0.0149676 0.0189357 0.0210744 0.0208356 0.018623 0.0154927 0.0124925 0.0101611 0.00848162 0.00716377
 1.01857e-16 6.44323e-05 0.000626305 0.00416202 0.0189199 0.0588671 0.125423 0.183062 0.18308 0.125509 0.0591541 0.019749 0.0062432 0.00517011 0.0086956 0.0142779 0.0205715 0.0258897 0.0285567 0.0277974 0.02419 0.0192608 0.0145604 0.0109436 0.0084681 0.00675773
 1.06031e-16 2.97156e-05 0.000288846 0.00191949 0.00872574 0.0271493 0.0578462 0.0844384 0.084487 0.0580836 0.0279467 0.0110297 0.00770584 0.0129308 0.0240691 0.039822 0.0575427 0.0727349 0.0808105 0.0796203 0.0706815 0.0580454 0.045776 0.0360362 0.0288962 0.023384
 1.06239e-16 6.5023e-05 0.000632047 0.00420017 0.0190934 0.0594066 0.126572 0.184738 0.184745 0.126609 0.0595313 0.0194554 0.00511641 0.00265711 0.00398419 0.0066755 0.010059 0.0135915 0.0167445 0.0192499 0.0211764 0.0227075 0.0238277 0.024224 0.0234911 0.0214466
 1.05e-16 5.89153e-05 0.000572678 0.00380564 0.0172999 0.0538266 0.114684 0.167389 0.167411 0.11479 0.0541832 0.0183298 0.0063907 0.00621543 0.0107748 0.0177196 0.0255247 0.0321208 0.0354562 0.0346245 0.0304238 0.0248283 0.0197957 0.0163281 0.0143332 0.0131129
 1.07883e-16 3.92385e-05 0.000381413 0.00253462 0.0115221 0.0358496 0.0763826 0.11149 0.111527 0.0765603 0.0364465 0.0132474 0.00687047 0.00986278 0.0180935 0.0299742 0.043465 0.0552647 0.0620139 0.0621407 0.0567385 0.0487006 0.0408549 0.0345911 0.0297901 0.0256587
 1.06029e-16 6.44595e-05 0.000626569 0.00416377 0.0189279 0.0588918 0.125476 0.183137 0.183148 0.125525 0.0590589 0.019412 0.00538446 0.0033096 0.00521385 0.00865906 0.0128005 0.0167998 0.0198385 0.021534 0.0221138 0.0221367 0.0220061 0.0216948 0.0208658 0.0192116
 1.0417e-16 6.16284e-05 0.00059905 0.0039809 0.0180966 0.0563054 0.119965 0.175097 0.175116 0.120058 0.0566181 0.0189999 0.00624862 0.00555041 0.00946819 0.0155644 0.0224396 0.0282784 0.031283 0.0306496 0.0270541 0.022193 0.0177502 0.0145919 0.0126555 0.0113756
 1.06838e-16 3.9489e-05 0.000383847 0.0025508 0.0115956 0.0360784 0.0768703 0.112202 0.11224 0.0770547 0.036698 0.013386 0.00704842 0.0102141 0.0187439 0.0310164 0.04489 0.0568973 0.0635132 0.0630937 0.0568093 0.0477538 0.0389892 0.0320813 0.0269814 0.0228683
 1.10967e-16 4.79118e-05 0.00046572 0.00309487 0.0140689 0.0437736 0.0932649 0.136127 0.136147 0.093361 0.0440969 0.0150058 0.00545747 0.00565932 0.0100176 0.0167637 0.0247976 0.0325591 0.038463 0.0417539 0.0428453 0.0427886 0.0423454 0.0414707 0.0395547 0.0360705
 1.09685e-16 5.68079e-05 0.000552193 0.00366952 0.0166811 0.0519012 0.110582 0.161401 0.161418 0.110668 0.0521897 0.0175153 0.00576743 0.00514515 0.00881935 0.014597 0.0212803 0.0273238 0.0312089 0.0322888 0.0311689 0.0292322 0.0276899 0.0269098 0.026435 0.0254987
 1.09995e-16 4.59784e-05 0.000446926 0.00296998 0.0135011 0.0420072 0.0895018 0.130637 0.130666 0.0896466 0.0424935 0.0149066 0.0065012 0.00816696 0.0147417 0.024389 0.0353469 0.0449213 0.0504047 0.0505822 0.0464458 0.0404614 0.0349949 0.0311344 0.028605 0.0264817
 1.04627e-16 6.7857e-05 0.000659595 0.00438324 0.0199256 0.0619959 0.132089 0.19279 0.1928 0.132136 0.0621536 0.0203818 0.00553176 0.0031778 0.00488279 0.00805013 0.0117911 0.0152534 0.0176129 0.018492 0.0181536 0.0172514 0.0163484 0.0156007 0.0148038 0.0136679
pSPR Fmed_Fpbrs
1   0.98304 0.6 0.325 0.98304 0.98304 0.98304
Fs Fmed_Fpbrs
0   0.01 0.33827 0.86646 0.01 0.01 0.01
SSBpbr Bo_Bmed_Bpbrs
1.22617e+06  1.16486e+06  1.14407e+06 674395 337198 1.14407e+06 1.14407e+06 1.14407e+06
Ro
182859
SPR SPRFo_SPRFmed_SPRFpbrs
1.31738e+06 1.31738e+06 1.29504e+06
Fref
0
Nvult_r0
 178884 25151.4 13666.8 3522.01 2502.26
CTP_r0
 20964.9 5164.47 2806.27 723.192 513.803
YTP_r0
356504
Np
 263897 97082.2 35714.5 13138.6 6611.56
Nvult_p0
 166815 61367.7 22575.9 8305.21 4179.3
CTP_p0
 0 0 0 0 0
 0 0 0 0 0
 0 0 0 0 0
 0 0 0 0 0
 0 0 0 0 0
 0 0 0 0 0
YTP_p0
 0 0 0 0 0 0
CBA_c0
0
log_Ro
11.9365
likeval ReclasPelacesDesembMPH_pf_preclas_ppelaces_ptallas_desvR_qrecl_qpela
 19.9249 0.000253445 0.092049 65.4654 238.617 137.453 109.445 0 22.258 9.71486e-07 9.77571e-08 0.406631 2068.99 0 0
q_reclas_q_pelaces
0.869888 1.04521
M
1
N
 206337 36923.6 144201 8098.15 0.296352
 100106 70461.5 11751.2 45892.9 2577.39
 129455 32220.2 19984.7 3332.94 13747.4
 203475 41822.6 9205.13 5709.51 4879.76
 173070 61173 10387.3 2286.24 2630.02
 259522 59901.2 19985 3393.5 1606.13
 112169 83715.1 17062.9 5692.74 1424.14
 58211.6 31840 18592.7 3789.57 1580.62
 51508.5 20562 10822.5 6319.71 1825.34
 69217.8 16157 5546.76 2919.45 2197.19
 144902 20814.7 4014.75 1378.27 1271.4
 167489 50623.7 6925.13 1335.72 881.555
 79672.2 49689.4 12252.3 1676.07 536.64
 43660.9 23233.2 11629.9 2867.67 517.888
 145864 8381.68 2410.1 1206.43 351.201
 604939 40610.5 1792.67 515.469 333.145
 140223 181017 9994.46 441.185 208.849
 444183 46847 55205.5 3048.06 198.244
 337613 137788 12366.6 14573.1 856.953
 331319 92973.6 28849.2 2589.24 3230.64
 526566 94782.4 20964 6505.03 1312.29
 606266 163661 25115.1 5554.97 2071.4
 121387 183879 41349.7 6345.44 1926.84
 379987 40221.6 55187.1 12410.2 2482.74
 369551 125535 12002 16467.6 4443.99
 148119 123692 38423.2 3673.51 6400.53
 352902 50740 39607.1 12303.4 3225.79
 417669 117732 15431.3 12045.5 4722.84
 165581 141532 36910.5 4837.93 5257.11
 155920 57342.1 46289.8 12072 3301.7
 182846 53176.7 18204.1 14695.4 4880.63
 102187 59197.6 15255.6 5222.49 5616.06
 263897 35133.1 19090.6 4919.76 3495.32
pred_Ctot
 9414.28 3185.74 12441.5 698.703 0.025569
 8002.52 10419.1 1737.64 6786.16 381.117
 10074.8 4644.63 2880.84 480.452 1981.72
 23898.6 8866.26 1951.46 1210.4 1034.49
 6506.08 4370.98 742.201 163.358 187.922
 20421 8725.76 2911.2 494.329 233.963
 16539.3 21841.7 4451.79 1485.26 371.566
 1470.25 1540.54 899.586 183.354 76.4766
 4860.08 3555.27 1871.26 1092.71 315.611
 8120.83 3421.77 1174.7 618.287 465.324
 4629.19 1268.47 244.662 83.9933 77.4801
 20855 11324.7 1549.17 298.805 197.206
 10640.7 11851.5 2922.32 399.762 127.995
 13903.1 11633.4 5823.37 1435.91 259.319
 22937.1 2316.94 666.22 333.492 97.082
 72567.8 8778.56 387.511 111.426 72.0141
 8205.96 19867.4 1096.93 48.4219 22.922
 44634.7 8592.04 10125 559.033 36.3592
 54935.5 39268.7 3524.4 4153.23 244.226
 47534.1 23665 7343.13 659.051 822.309
 52352.7 17211.5 3806.86 1181.25 238.298
 68345.5 33404.9 5126.24 1133.83 422.795
 7684.52 21764.6 4894.33 751.073 228.069
 24709.2 4884.78 6702.29 1507.18 301.521
 21226.9 13532.9 1293.83 1775.23 479.07
 6481.41 10247.4 3183.21 304.336 530.259
 20946.7 5645.34 4406.7 1368.88 358.902
 20964.9 11142.5 1460.47 1140.03 446.985
 6167.55 10022.4 2613.78 342.592 372.276
 7232.49 5027.42 4058.42 1058.4 289.474
 14008.2 7552.04 2585.31 2087.01 693.136
 4249.13 4666.88 1202.68 411.718 442.746
 20964.9 5164.47 2806.27 723.192 513.803
F
 0.074444 0.144894 0.144894 0.144894 0.144894
 0.133636 0.260102 0.260102 0.260102 0.260102
 0.1299 0.252832 0.252832 0.252832 0.252832
 0.20184 0.392851 0.392851 0.392851 0.392851
 0.060997 0.118722 0.118722 0.118722 0.118722
 0.131421 0.255793 0.255793 0.255793 0.255793
 0.25928 0.504651 0.504651 0.504651 0.504651
 0.0406378 0.0790956 0.0790956 0.0790956 0.0790956
 0.159392 0.310233 0.310233 0.310233 0.310233
 0.201598 0.392381 0.392381 0.392381 0.392381
 0.0516368 0.100504 0.100504 0.100504 0.100504
 0.215124 0.418707 0.418707 0.418707 0.418707
 0.232338 0.452211 0.452211 0.452211 0.452211
 0.650404 1.26592 1.26592 1.26592 1.26592
 0.278646 0.542344 0.542344 0.542344 0.542344
 0.206537 0.401995 0.401995 0.401995 0.401995
 0.0963479 0.187527 0.187527 0.187527 0.187527
 0.170518 0.331888 0.331888 0.331888 0.331888
 0.289585 0.563636 0.563636 0.563636 0.563636
 0.251499 0.489507 0.489507 0.489507 0.489507
 0.168579 0.328115 0.328115 0.328115 0.328115
 0.193043 0.375731 0.375731 0.375731 0.375731
 0.104579 0.203547 0.203547 0.203547 0.203547
 0.107552 0.209334 0.209334 0.209334 0.209334
 0.0944963 0.183923 0.183923 0.183923 0.183923
 0.0713043 0.138783 0.138783 0.138783 0.138783
 0.0977798 0.190314 0.190314 0.190314 0.190314
 0.0821602 0.159913 0.159913 0.159913 0.159913
 0.060424 0.117607 0.117607 0.117607 0.117607
 0.0757242 0.147386 0.147386 0.147386 0.147386
 0.127765 0.248675 0.248675 0.248675 0.248675
 0.0676566 0.131684 0.131684 0.131684 0.131684
 0.132757 0.258392 0.258392 0.258392 0.258392
YTP_r0W_actual
 158075 90120 67546.9 22650.4 18111.5
YTP_p0W_proyectada
 0 0 0 0 0
 0 0 0 0 0
 0 0 0 0 0
 0 0 0 0 0
 0 0 0 0 0
 0 0 0 0 0
CTP_r0_actual
 20964.9 5164.47 2806.27 723.192 513.803
CTP_p0_proyectada
 0 0 0 0 0
 0 0 0 0 0
 0 0 0 0 0
 0 0 0 0 0
 0 0 0 0 0
 0 0 0 0 0
Wmedp
 7.54 17.45 24.07 31.32 35.25
Frms_r0
 0.132757 0.258392 0.258392 0.258392 0.258392
Zrms_r0
 1.13276 1.25839 1.25839 1.25839 1.25839
nmprior
 7.29 8.9 8.7 0
nm_flota  nm_reclas  nm_pelaces    nm_pelaL
inf 11.7283 16.3176 49.8562
cv_recla  cv_pelaces  cv_mph
0.386571 0.581314 0.648729
 ------------------------------------------------
Talla a la edad & desviaci?n 
 8 13.2811 15.8009 17.003 17.5766
 0.8 1.32811 1.58009 1.7003 1.75766
