years
 1991 1992 1993 1994 1995 1996 1997 1998 1999 2000 2001 2002 2003 2004 2005 2006 2007 2008 2009 2010 2011 2012 2013 2014 2015 2016 2017 2018 2019 2020 2021 2022 2023
reclasobs
 0 0 0 0 0 0 0 0 0 252601 567819 844713 477998 351125 339783 2.1784e+06 2.13404e+06 4.81314e+06 1.55562e+06 2.62356e+06 3.21686e+06 3.843e+06 1.13348e+06 3.07943e+06 1.97215e+06 2.03268e+06 2.025e+06 2.42433e+06 2.27542e+06 1.05018e+06 2.36338e+06 3.18982e+06 1.53035e+06
reclaspred
 3.01977e+06 1.70464e+06 902574 967276 1.01392e+06 1.48489e+06 1.02567e+06 977900 733164 573620 636686 759803 609123 344009 671984 1.676e+06 1.81299e+06 2.34187e+06 1.68147e+06 1.37754e+06 2.81583e+06 2.37891e+06 1.92921e+06 2.89651e+06 2.29761e+06 2.08038e+06 2.46295e+06 2.6985e+06 2.40266e+06 1.84335e+06 1.66158e+06 1.62481e+06 1.61314e+06
pelacesobs
 0 0 0 0 0 0 0 0 0 0 0 0 0 0 0 552880 188675 0 991730 2.46772e+06 1.41603e+06 1.21717e+06 2.29649e+06 1.80582e+06 0 1.4828e+06 1.56532e+06 1.57751e+06 1.42118e+06 867257 1.10002e+06 1.06204e+06 0
pelacespred
 1.72792e+06 1.09617e+06 580244 508019 545743 831209 559113 619828 466442 351895 390150 401723 344446 201008 419526 870880 930988 1.32152e+06 1.02443e+06 741028 1.52312e+06 1.38176e+06 1.11878e+06 1.82188e+06 1.39283e+06 1.25022e+06 1.69988e+06 1.6806e+06 1.34214e+06 1.18584e+06 969912 933989 936915
mphobs
 0 0 0 0 0 0 0 0 0 0 0 0 498337 0 5186 125008 0 168611 109162 213762 579715 649985 157893 87575 83554 210694 70296 0 107559 103333 445601 22526 28222
mphpred
 444694 298408 150607 87662.1 105079 120152 150909 106982 96422.3 71929.9 51177.8 74242.3 81211.2 51245.3 25178.7 67964.6 202198 209051 204675 344344 404688 578011 102269 87480.7 125356 104915 92002.3 101658 141882 113847 76061.4 77175.4 52489.2
desembarqueobs
 494567 514787 250237 358949 120608 361735 552515 73892 212993 205616 52469 317467 293654 387597 252695 516296 358380 742168 942051 627588 828172 859565 418607 520667 417249 300574 415391 372974 316634 284311 391294 218835 356480
desembarquepred
 494570 513120 251106 358980 120613 361759 552583 73895.4 213032 205652 52470.5 317496 293822 388033 252683 516254 358388 742202 942020 627518 828214 859651 418656 520707 417250 300588 415406 372972 316626 284294 391327 218852 356496
Reclutas
 239802 125159 168778 273380 232352 343481 153643 82876.5 73097.1 97390.5 196933 204622 100973 59619.2 194447 807901 196908 564955 427419 414141 694585 805153 168971 528289 504895 207167 488334 580656 227394 211830 258884 146310 369102
log_desv_Rt
 -0.0237012 -0.673929 -0.374933 0.107346 -0.0552615 0.335616 -0.468886 -1.08616 -1.21173 -0.924788 -0.220651 -0.182352 -0.888661 -1.41554 -0.233358 1.19092 -0.220781 0.833229 0.554248 0.522689 1.0398 1.18752 -0.373792 0.766126 0.720835 -0.169989 0.687483 0.860642 -0.0768322 -0.147731 0.0528632 -0.517792 0.407557
SSB
 4.59501e+06 3.08344e+06 1.55622e+06 905810 1.08578e+06 1.24153e+06 1.55934e+06 1.10544e+06 996329 743250 528819 767144 806873 520439 253242 684601 2.08931e+06 2.16012e+06 2.17419e+06 1.51505e+06 1.82087e+06 2.70411e+06 2.62347e+06 2.16994e+06 2.9355e+06 2.59265e+06 2.1549e+06 2.3017e+06 3.31823e+06 2.52159e+06 1.8906e+06 1.96919e+06 1.24549e+06
BT
 6.05347e+06 4.08488e+06 2.1468e+06 1.95691e+06 1.87154e+06 3.01059e+06 2.32919e+06 2.07848e+06 1.73241e+06 1.34425e+06 1.31637e+06 1.57733e+06 1.38843e+06 1.06193e+06 1.61708e+06 3.26317e+06 3.30922e+06 4.94507e+06 4.2938e+06 2.99173e+06 5.61802e+06 5.31885e+06 4.00769e+06 6.40805e+06 4.92696e+06 4.33148e+06 5.95138e+06 5.82639e+06 4.62632e+06 4.12969e+06 3.52115e+06 3.22091e+06 3.36637e+06
Ftot
 0.0991334 0.178031 0.172103 0.271951 0.0828151 0.183249 0.341887 0.051229 0.197569 0.24287 0.0668961 0.300249 0.316107 0.743201 0.358079 0.286962 0.132098 0.231569 0.393725 0.336033 0.229891 0.264994 0.139137 0.142511 0.127041 0.0961763 0.132175 0.113331 0.0828606 0.101732 0.169406 0.088926 0.175593
BD_Bspro_t
 0.984365 0.889434 0.770946 0.715482 0.727024 0.785353 0.767816 0.660112 0.71701 0.694729 0.680796 0.812629 0.719479 0.574501 0.40715 0.640975 0.769935 0.756145 0.714911 0.614193 0.618127 0.694962 0.711111 0.706943 0.787633 0.805322 0.810244 0.83404 0.870408 0.840099 0.81398 0.807575 0.805601
BD_Bspro
 2.59744 1.74299 0.87969 0.512031 0.613762 0.701805 0.881454 0.624878 0.563199 0.42014 0.298928 0.433647 0.456104 0.29419 0.143151 0.386987 1.18103 1.22106 1.22901 0.856419 1.02929 1.52856 1.48298 1.22661 1.65936 1.46556 1.21811 1.30109 1.87571 1.42539 1.0687 1.11313 0.704043
BD_Bo
 2.45741 1.64902 0.832265 0.484426 0.580673 0.663969 0.833933 0.59119 0.532835 0.397489 0.282812 0.410268 0.431515 0.27833 0.135433 0.366124 1.11736 1.15523 1.16275 0.810248 0.973797 1.44615 1.40303 1.16048 1.5699 1.38655 1.15244 1.23094 1.77458 1.34854 1.01109 1.05312 0.666086
BD_Brms
 2.6323 1.76638 0.891497 0.518903 0.622 0.711224 0.893284 0.633265 0.570758 0.425779 0.30294 0.439467 0.462226 0.298139 0.145072 0.392181 1.19688 1.23745 1.24551 0.867914 1.0431 1.54908 1.50289 1.24307 1.68163 1.48523 1.23446 1.31855 1.90088 1.44452 1.08305 1.12807 0.713492
Sel_flota
 0.494744 0.948992 0.997179 0.999851 0.999992
 0.494744 0.948992 0.997179 0.999851 0.999992
 0.494744 0.948992 0.997179 0.999851 0.999992
 0.494744 0.948992 0.997179 0.999851 0.999992
 0.494744 0.948992 0.997179 0.999851 0.999992
 0.494744 0.948992 0.997179 0.999851 0.999992
 0.494744 0.948992 0.997179 0.999851 0.999992
 0.494744 0.948992 0.997179 0.999851 0.999992
 0.494744 0.948992 0.997179 0.999851 0.999992
 0.494744 0.948992 0.997179 0.999851 0.999992
 0.494744 0.948992 0.997179 0.999851 0.999992
 0.494744 0.948992 0.997179 0.999851 0.999992
 0.494744 0.948992 0.997179 0.999851 0.999992
 0.494744 0.948992 0.997179 0.999851 0.999992
 0.494744 0.948992 0.997179 0.999851 0.999992
 0.494744 0.948992 0.997179 0.999851 0.999992
 0.494744 0.948992 0.997179 0.999851 0.999992
 0.494744 0.948992 0.997179 0.999851 0.999992
 0.494744 0.948992 0.997179 0.999851 0.999992
 0.494744 0.948992 0.997179 0.999851 0.999992
 0.494744 0.948992 0.997179 0.999851 0.999992
 0.494744 0.948992 0.997179 0.999851 0.999992
 0.494744 0.948992 0.997179 0.999851 0.999992
 0.494744 0.948992 0.997179 0.999851 0.999992
 0.494744 0.948992 0.997179 0.999851 0.999992
 0.494744 0.948992 0.997179 0.999851 0.999992
 0.494744 0.948992 0.997179 0.999851 0.999992
 0.494744 0.948992 0.997179 0.999851 0.999992
 0.494744 0.948992 0.997179 0.999851 0.999992
 0.494744 0.948992 0.997179 0.999851 0.999992
 0.494744 0.948992 0.997179 0.999851 0.999992
 0.494744 0.948992 0.997179 0.999851 0.999992
 0.494744 0.948992 0.997179 0.999851 0.999992
Sel_reclas
 1 1 1 1 1
 1 1 1 1 1
 1 1 1 1 1
 1 1 1 1 1
 1 1 1 1 1
 1 1 1 1 1
 1 1 1 1 1
 1 1 1 1 1
 1 1 1 1 1
 1 1 1 1 1
 1 1 1 1 1
 1 1 1 1 1
 1 1 1 1 1
 1 1 1 1 1
 1 1 1 1 1
 1 1 1 1 1
 1 1 1 1 1
 1 1 1 1 1
 1 1 1 1 1
 1 1 1 1 1
 1 1 1 1 1
 1 1 1 1 1
 1 1 1 1 1
 1 1 1 1 1
 1 1 1 1 1
 1 1 1 1 1
 1 1 1 1 1
 1 1 1 1 1
 1 1 1 1 1
 1 1 1 1 1
 1 1 1 1 1
 1 1 1 1 1
 1 1 1 1 1
Sel_pelaces
 1 1 1 1 1
 1 1 1 1 1
 1 1 1 1 1
 1 1 1 1 1
 1 1 1 1 1
 1 1 1 1 1
 1 1 1 1 1
 1 1 1 1 1
 1 1 1 1 1
 1 1 1 1 1
 1 1 1 1 1
 1 1 1 1 1
 1 1 1 1 1
 1 1 1 1 1
 1 1 1 1 1
 1 1 1 1 1
 1 1 1 1 1
 1 1 1 1 1
 1 1 1 1 1
 1 1 1 1 1
 1 1 1 1 1
 1 1 1 1 1
 1 1 1 1 1
 1 1 1 1 1
 1 1 1 1 1
 1 1 1 1 1
 1 1 1 1 1
 1 1 1 1 1
 1 1 1 1 1
 1 1 1 1 1
 1 1 1 1 1
 1 1 1 1 1
 1 1 1 1 1
pf_obs 
 0.8446 0.082 0.0669 0.0065 0
 0.8095 0.147 0.0364 0.0071 0
 0.9664 0.0169 0.016 0.0007 0
 0.9276 0.0648 0.0075 0.0001 0
 0.7033 0.2144 0.0806 0.0017 0
 0.9318 0.0425 0.0243 0.0014 0
 0.5671 0.3108 0.0964 0.0239 0.0018
 0.0768 0.2599 0.5324 0.112 0.0189
 0.490249 0.384438 0.106611 0.0170017 0.00170017
 0.7925 0.1577 0.0466 0.003 0.0002
 0.840416 0.127587 0.0312969 0.00059994 9.999e-05
 0.8084 0.0986 0.0794 0.0134 0.0002
 0.7335 0.1905 0.0724 0.0035 0.0001
 0.4001 0.4547 0.1325 0.0127 0
 0.49795 0.308269 0.164784 0.0264974 0.00249975
 0.9179 0.0499 0.0305 0.0017 0
 0.2467 0.6533 0.0926 0.0074 0
 0.9418 0.0223 0.034 0.0019 0
 0.707729 0.231977 0.0356964 0.0245975 0
 0.517169 0.277429 0.184464 0.0207286 0.00020938
 0.811772 0.124168 0.05621 0.00726502 0.000585176
 0.764997 0.148141 0.077277 0.00933861 0.000247198
 0.163321 0.427699 0.378323 0.0303852 0.000271297
 0.753843 0.0900009 0.118128 0.0371064 0.000921714
 0.721811 0.176058 0.0630433 0.0369309 0.00215725
 0.143369 0.312575 0.442814 0.0836902 0.0175525
 0.692698 0.0596174 0.167031 0.0765114 0.00414204
 0.394062 0.376323 0.152708 0.0712218 0.00568511
 0.125707 0.32114 0.495352 0.0537591 0.00404204
 0.23352 0.215282 0.420074 0.123614 0.00750983
 0.796117 0.104755 0.0508955 0.0450114 0.00322123
 0.162477 0.292055 0.404252 0.121198 0.0200186
 0 0 0 0 0
pf_pred 
 0.306178 0.112862 0.553271 0.0276881 1.00728e-06
 0.271383 0.338014 0.0662431 0.30894 0.0154195
 0.477515 0.22162 0.14366 0.0267235 0.130481
 0.628578 0.239285 0.0577849 0.0355569 0.0387946
 0.519529 0.37122 0.0717885 0.016411 0.0210513
 0.602716 0.26694 0.101843 0.0187456 0.00975532
 0.356006 0.482136 0.110632 0.0400504 0.0111757
 0.326108 0.356758 0.240834 0.0522041 0.0240966
 0.389132 0.292653 0.172353 0.110839 0.0350222
 0.548869 0.252127 0.0980289 0.0547633 0.0462115
 0.698718 0.213519 0.0502452 0.0185095 0.0190086
 0.567046 0.352732 0.0576759 0.0129224 0.0096229
 0.383862 0.446727 0.139448 0.021561 0.00840197
 0.383775 0.345399 0.199417 0.0588118 0.0125973
 0.808534 0.113523 0.0450456 0.0242481 0.00864951
 0.869242 0.117351 0.00813917 0.00304864 0.00221941
 0.275013 0.674032 0.0459898 0.00301799 0.00194738
 0.655272 0.14467 0.186652 0.0121038 0.00130313
 0.505878 0.392005 0.0442071 0.0540398 0.00387018
 0.546503 0.308202 0.116687 0.0124074 0.0162012
 0.67566 0.230765 0.0647553 0.0231598 0.0056601
 0.608689 0.315041 0.0551118 0.0146553 0.00650327
 0.208192 0.598306 0.157445 0.0260767 0.0099812
 0.620812 0.12737 0.192642 0.048174 0.0110019
 0.531745 0.35731 0.0385572 0.055413 0.0169743
 0.301624 0.478419 0.169897 0.0174292 0.0326309
 0.618587 0.172276 0.14552 0.0491701 0.0144476
 0.582619 0.31708 0.0465885 0.0374055 0.0163073
 0.302371 0.507178 0.146455 0.0204656 0.0235301
 0.38733 0.276301 0.247838 0.0681229 0.0204083
 0.508352 0.270475 0.102524 0.0874837 0.0311649
 0.372229 0.420326 0.116854 0.0420572 0.0485332
 0.671924 0.174097 0.104812 0.0277294 0.0214378
pobs_RECLAS
 0 0 0 0 0
 0 0 0 0 0
 0 0 0 0 0
 0 0 0 0 0
 0 0 0 0 0
 0 0 0 0 0
 0 0 0 0 0
 0 0 0 0 0
 0 0 0 0 0
 0 0 0 0 0
 0.991045 0.00858322 0.000360255 1.14367e-05 0
 0.934742 0.0480273 0.0164251 0.00080598 0
 0.827803 0.169806 0.00239088 0 0
 0.941827 0.0461693 0.0120037 0 0
 0.791401 0.0380133 0.147996 0.0225897 0
 0.846168 0.0940531 0.0597789 0 0
 0.134021 0.677848 0.182769 0.00536245 0
 0.80878 0.0450904 0.141981 0.00414843 0
 0.846168 0.0940531 0.0597789 0 0
 0.905697 0.0802665 0.012482 0.00150086 5.37128e-05
 0.989698 0.0102097 9.19794e-05 0 0
 0.975433 0.0193895 0.00387452 0.00125025 5.28907e-05
 0.303575 0.632131 0.0575291 0.00676475 0
 0.966965 0.00978017 0.0227588 0.000495775 0
 0.843318 0.132988 0.00938335 0.0141283 0.000182051
 0.564624 0.303363 0.111486 0.0197234 0.00080311
 0.826376 0.0876187 0.0782897 0.00655872 0.00115652
 0.89761 0.0855135 0.0140674 0.00269457 0.000114338
 0.34875 0.467042 0.161289 0.0227151 0.000203297
 0.318654 0.224769 0.449479 0.00709798 0
 0.937255 0.0296025 0.0250945 0.00804832 0
 0.456809 0.399803 0.12412 0.0192676 0
 0.883104 0.0372192 0.0704036 0.00927362 0
ppred_RECLAS
 0.469792 0.0899262 0.419351 0.0209296 7.61298e-07
 0.425326 0.27413 0.0510853 0.237601 0.0118572
 0.645206 0.154997 0.0955425 0.0177245 0.0865297
 0.769921 0.150972 0.0346497 0.0212625 0.0231952
 0.677894 0.251701 0.0463068 0.0105573 0.0135406
 0.748812 0.171575 0.062243 0.0114255 0.00594506
 0.521789 0.362656 0.0790536 0.0285393 0.00796249
 0.487726 0.277619 0.178316 0.0385487 0.017791
 0.558573 0.217181 0.121611 0.0779945 0.0246407
 0.706964 0.167525 0.0619144 0.0344935 0.0291028
 0.819025 0.130142 0.0291369 0.0107047 0.0109918
 0.719922 0.230339 0.0357889 0.00799649 0.00595384
 0.551429 0.329798 0.0978153 0.0150821 0.00587638
 0.560525 0.252285 0.137941 0.0405615 0.00868676
 0.893745 0.0643422 0.0242515 0.0130183 0.00464308
 0.928485 0.0645177 0.00425244 0.00158843 0.0011562
 0.423323 0.538003 0.0349141 0.00228497 0.00147419
 0.79131 0.090173 0.110595 0.00715213 0.00076991
 0.669135 0.26533 0.0284155 0.0346389 0.00248037
 0.70467 0.204011 0.0733794 0.00778086 0.0101586
 0.803729 0.141697 0.0377986 0.0134818 0.00329437
 0.753003 0.200824 0.03339 0.00885469 0.00392868
 0.339242 0.505383 0.126487 0.0208926 0.00799577
 0.765602 0.0814134 0.117109 0.0292063 0.00666911
 0.689056 0.240148 0.0246482 0.0353276 0.0108201
 0.457914 0.377213 0.12743 0.0130375 0.0244052
 0.762766 0.110154 0.0884975 0.0298218 0.00876127
 0.731369 0.206567 0.0288699 0.0231169 0.0100766
 0.458131 0.399311 0.109696 0.0152876 0.0175743
 0.55586 0.205884 0.175674 0.048157 0.0144248
 0.671457 0.184943 0.0666636 0.0567296 0.0202063
 0.537136 0.315102 0.0833356 0.0299128 0.034514
 0.802074 0.107552 0.0615711 0.0162452 0.0125574
pobs_PELACES
 0 0 0 0 0
 0 0 0 0 0
 0 0 0 0 0
 0 0 0 0 0
 0 0 0 0 0
 0 0 0 0 0
 0 0 0 0 0
 0 0 0 0 0
 0 0 0 0 0
 0 0 0 0 0
 0 0 0 0 0
 0 0 0 0 0
 0 0 0 0 0
 0 0 0 0 0
 0 0 0 0 0
 0 0 0 0 0
 0.505614 0.472636 0.0217494 0 0
 0 0 0 0 0
 0.443492 0.261883 0.143347 0.151278 0
 0.227955 0.32914 0.350689 0.0885471 0.00366901
 0.970185 0.0296113 0.000203453 0 0
 0.997202 0.00247181 0.000326279 0 0
 0.445219 0.490057 0.0546422 0.010081 0
 0.90214 0.0892962 0.00764917 0.000914606 0
 0 0 0 0 0
 0.581667 0.319106 0.0959925 0.00289975 0.000334073
 0.762889 0.0836404 0.116647 0.0363945 0.000428098
 0.88444 0.0763242 0.0277011 0.0115352 0
 0.521256 0.241999 0.230069 0.00667565 0
 0.616807 0.101726 0.260614 0.0208532 0
 0.833518 0.0704572 0.0857862 0.0102388 0
 0.697417 0.212968 0.0787535 0.0105354 0.000325836
 0 0 0 0 0
ppred_PELACES
 0.473822 0.0893598 0.416054 0.0207632 7.55242e-07
 0.432242 0.271251 0.0504059 0.234404 0.0116976
 0.65145 0.152511 0.0937532 0.0173899 0.0848957
 0.777328 0.146336 0.0334407 0.0205157 0.0223802
 0.680662 0.249611 0.0458618 0.0104551 0.0134094
 0.754117 0.168108 0.060808 0.0111603 0.00580701
 0.534892 0.35319 0.0765728 0.0276354 0.00771017
 0.489739 0.276632 0.177537 0.0383787 0.0177125
 0.566264 0.213746 0.119313 0.0765069 0.0241705
 0.714796 0.163325 0.0601296 0.0334919 0.0282575
 0.820551 0.129084 0.0288692 0.0106057 0.0108901
 0.729076 0.223002 0.0344838 0.00770286 0.00573513
 0.563449 0.321391 0.094844 0.0146199 0.00569621
 0.58899 0.237149 0.128142 0.0376553 0.00806408
 0.898944 0.0613344 0.0229865 0.0123354 0.00439943
 0.931319 0.0619898 0.00406722 0.00151886 0.00110555
 0.428199 0.53353 0.0345512 0.00226096 0.00145868
 0.797323 0.0877585 0.107238 0.00693362 0.00074638
 0.682345 0.255062 0.0271453 0.033079 0.00236863
 0.715384 0.196938 0.070458 0.00746887 0.00975107
 0.809267 0.13784 0.0366357 0.0130643 0.00319234
 0.760462 0.194915 0.0322712 0.008556 0.00379611
 0.344052 0.501968 0.125354 0.020703 0.00792317
 0.76968 0.0801171 0.114984 0.0286726 0.0065472
 0.693223 0.237043 0.0242804 0.0347966 0.0106574
 0.461612 0.374816 0.126427 0.0129337 0.0242109
 0.766537 0.108527 0.0870073 0.0293162 0.00861267
 0.734777 0.204034 0.0284645 0.02279 0.00993406
 0.461304 0.397113 0.108948 0.0151824 0.0174532
 0.559839 0.20422 0.173972 0.0476862 0.0142837
 0.6773 0.181875 0.0653812 0.05563 0.0198145
 0.540563 0.312913 0.0826399 0.0296607 0.034223
 0.806422 0.105326 0.0601286 0.0158621 0.0122612
pobs_pel_tallas
 0 0 0 0 0 0 0 0 0 0 0 0 0 0 0 0 0 0 0 0 0 0 0 0 0 0
 0 0 0 0 0 0 0 0 0 0 0 0 0 0 0 0 0 0 0 0 0 0 0 0 0 0
 0 0 0 0 0 0 0 0 0 0 0 0 0 0 0 0 0 0 0 0 0 0 0 0 0 0
 0 0 0 0 0 0 0 0 0 0 0 0 0 0 0 0 0 0 0 0 0 0 0 0 0 0
 0 0 0 0 0 0 0 0 0 0 0 0 0 0 0 0 0 0 0 0 0 0 0 0 0 0
 0 0 0 0 0 0 0 0 0 0 0 0 0 0 0 0 0 0 0 0 0 0 0 0 0 0
 0 0 0 0 0 0 0 0 0 0 0 0 0 0 0 0 0 0 0 0 0 0 0 0 0 0
 0 0 0 0 0 0 0 0 0 0 0 0 0 0 0 0 0 0 0 0 0 0 0 0 0 0
 0 0 0 0 0 0 0 0 0 0 0 0 0 0 0 0 0 0 0 0 0 0 0 0 0 0
 0 0 0 0 0 0 0 0 0 0 0 0 0 0 0 0 0 0 0 0 0 0 0 0 0 0
 0 0 0 0 0 0 0 0 0 0 0 0 0 0 0 0 0 0 0 0 0 0 0 0 0 0
 0 0 0 0 0 0 0 0 0 0 0 0 0 0 0 0 0 0 0 0 0 0 0 0 0 0
 0.00862536 0 0 0.000197151 0.00414017 0.0128641 0.00837892 0.0270097 0.101434 0.158115 0.152841 0.127902 0.109271 0.109419 0.0830992 0.0579132 0.0238553 0.00714673 0.00463305 0.00128148 0.00103504 0.000492878 0.000147863 0.000147863 4.92878e-05 0
 0 0 0 0 0 0 0 0 0 0 0 0 0 0 0 0 0 0 0 0 0 0 0 0 0 0
 0 0 0 0 0 0 0 0.0054083 0.00873648 0.0413646 0.0450493 0.0745869 0.0622846 0.0627006 0.0613931 0.0827291 0.12552 0.122667 0.0946155 0.0697135 0.0546179 0.0294188 0.0215738 0.0213955 0.0102223 0.00600262
 0 0 0 0 0.00359764 0.0251062 0.0480494 0.140153 0.205849 0.193036 0.1447 0.116669 0.0760912 0.0342217 0.00950174 0.001854 0.000860785 0 0 0 0.000165536 0 0.000143464 0 0 0
 0 0 0 0 0 0 0 0.000145254 0.000435761 0.0275982 0.070085 0.0708112 0.156366 0.174668 0.174014 0.160142 0.0824315 0.0480064 0.0283245 0.00493863 0.00203355 0 0 0 0 0
 0 0 0 0 0 0 0 0 0 0 0 0 0 0 0 0 0 0 0 0 0 0 0 0 0 0
 0 0 1.00437e-05 0.000401748 0.00122533 0.00171747 0.00176769 0.0269171 0.070346 0.194647 0.189555 0.159765 0.064822 0.0314167 0.0384472 0.0292271 0.0345202 0.0313363 0.0194345 0.0106764 0.0143323 0.0359363 0.0279516 0.0138201 0.00172751 0
 0 0.0021121 0.0136068 0.0755702 0.200478 0.177729 0.0527432 0.0373336 0.0318909 0.0142505 0.0149659 0.0166563 0.0217959 0.0798694 0.0677717 0.0528807 0.04013 0.0224614 0.0357745 0.0225083 0.00881397 0.00855152 0.00135912 0.000746735 0 0
 0 0 0 0 5.4009e-05 0.00500934 0.000945158 0.0243581 0.138947 0.33067 0.221406 0.137944 0.0707744 0.0437923 0.0131692 0.00525238 0.0047753 0.00276346 9.45158e-05 9.00151e-06 2.25038e-05 9.00151e-06 4.50075e-06 0 0 0
 0.000866109 0.00284123 0.00948549 0.0512746 0.133035 0.25785 0.225252 0.132002 0.0553304 0.0519788 0.0540692 0.017754 0.00435017 0.00159236 0.00146478 0.000404838 0.000125132 0.000115318 0.000107957 0.000100596 0 0 0 0 0 0
 0 0 0 0 0.00144013 0.00171154 0.00461396 0.0210425 0.0478622 0.0707936 0.0888783 0.103762 0.0637923 0.0337046 0.0602308 0.124433 0.169614 0.0934646 0.0462172 0.0250306 0.0313229 0.00938855 0.002487 0.000210481 0 0
 0 0.00764035 0.051015 0.0998891 0.058973 0.0496711 0.0374665 0.0718981 0.12319 0.153886 0.159021 0.0857701 0.0377988 0.023471 0.0147837 0.00900784 0.00315554 0.000888139 0.00291439 0.00214683 0.00393193 0.00274676 0.000635225 9.99891e-05 0 0
 0 0 0 0 0 0 0 0 0 0 0 0 0 0 0 0 0 0 0 0 0 0 0 0 0 0
 0 0 0 0 0 0 0 0 0 0 0 0 0 0 0 0 0 0 0 0 0 0 0 0 0 0
 0 0 0 0 0 0 0 0 0 0 0 0 0 0 0 0 0 0 0 0 0 0 0 0 0 0
 0 0 0 0 0 0 0 0 0 0 0 0 0 0 0 0 0 0 0 0 0 0 0 0 0 0
 0 0 0 0 0 0 0 0 0 0 0 0 0 0 0 0 0 0 0 0 0 0 0 0 0 0
 0 0 0 0 0 0 0 0 0 0 0 0 0 0 0 0 0 0 0 0 0 0 0 0 0 0
 0 0 0 0 0 0 0 0 0 0 0 0 0 0 0 0 0 0 0 0 0 0 0 0 0 0
 0 0 0 0 0 0 0 0 0 0 0 0 0 0 0 0 0 0 0 0 0 0 0 0 0 0
 0 0 0 0 0 0 0 0 0 0 0 0 0 0 0 0 0 0 0 0 0 0 0 0 0 0
ppred_pel_tallas
 1.14112e-16 3.90281e-05 0.000379367 0.00252103 0.0114602 0.0356571 0.0759716 0.110885 0.110894 0.0760171 0.0358115 0.0119143 0.00369084 0.00303261 0.00536896 0.009571 0.0155407 0.0231903 0.032316 0.0426005 0.0534089 0.063468 0.0708407 0.073502 0.0702945 0.0616251
 1.27011e-16 3.56032e-05 0.000346076 0.0022998 0.0104546 0.0325282 0.0693057 0.101159 0.101185 0.069434 0.0329593 0.0117013 0.0054354 0.00721278 0.0131447 0.0218661 0.0319836 0.0413459 0.0478979 0.0509768 0.0518162 0.0526838 0.0552643 0.0595168 0.0637535 0.065693
 1.18856e-16 5.36591e-05 0.000521586 0.00346612 0.0157565 0.0490244 0.104452 0.152454 0.152469 0.104525 0.0492683 0.0164629 0.00524604 0.00442997 0.00754468 0.012571 0.0185447 0.0242795 0.0286321 0.0311707 0.0324424 0.0335297 0.0352366 0.0375479 0.0396985 0.040673
 1.06848e-16 6.40275e-05 0.00062237 0.00413587 0.0188011 0.0584972 0.124635 0.181911 0.181925 0.124704 0.0587292 0.0194716 0.00582072 0.00430586 0.00707618 0.0116422 0.016876 0.0214698 0.0241508 0.0243745 0.0226577 0.0202149 0.0181836 0.01704 0.0165519 0.016139
 1.04706e-16 5.60653e-05 0.000544975 0.00362155 0.0164631 0.0512228 0.109137 0.159293 0.159317 0.109254 0.0516179 0.0176046 0.00648787 0.00680546 0.0119557 0.0197029 0.0284405 0.0359013 0.0398142 0.0391411 0.0346884 0.0285365 0.0227632 0.0184577 0.0155982 0.0135754
 1.039e-16 6.21156e-05 0.000603786 0.00401237 0.0182397 0.0567504 0.120913 0.17648 0.176496 0.120993 0.0570175 0.0190119 0.00595364 0.00485127 0.00815728 0.0134617 0.0195601 0.024962 0.0281827 0.0285266 0.0264649 0.0232429 0.0200519 0.0174377 0.0152968 0.0132699
 1.06377e-16 4.40584e-05 0.000428263 0.00284596 0.0129374 0.0402531 0.0857647 0.125183 0.125217 0.0859313 0.0408126 0.014554 0.00690643 0.00930027 0.0169173 0.0279607 0.040423 0.0511504 0.0569537 0.0563666 0.0504955 0.0422056 0.0343276 0.028298 0.0240315 0.0206913
 1.12041e-16 4.03392e-05 0.000392112 0.00260572 0.0118452 0.0368551 0.0785247 0.114615 0.114642 0.0786562 0.0372973 0.0131254 0.00583011 0.00746778 0.0135866 0.0226815 0.0333358 0.0433213 0.050363 0.0533831 0.0530282 0.0509739 0.0486178 0.0462699 0.0433521 0.0391907
 1.15261e-16 4.66424e-05 0.000453381 0.00301288 0.0136961 0.0426138 0.090794 0.132521 0.132542 0.0908956 0.0429553 0.0146847 0.00550284 0.0059174 0.0105086 0.0175249 0.0257811 0.0335841 0.0392535 0.0420781 0.0427026 0.0425338 0.0426496 0.0431031 0.043074 0.0415715
 1.09918e-16 5.88768e-05 0.000572304 0.00380316 0.0172886 0.0537914 0.114609 0.167278 0.167294 0.114686 0.0540512 0.01804 0.00569291 0.00471029 0.00795559 0.0131609 0.019199 0.0246788 0.0282395 0.0293046 0.0284232 0.0268427 0.0256548 0.0251892 0.0250256 0.0244498
 1.03773e-16 6.75878e-05 0.000656977 0.00436584 0.0198465 0.0617499 0.131565 0.192026 0.192038 0.131626 0.0619545 0.0204376 0.00585066 0.00390193 0.00624109 0.0102397 0.0148138 0.0187803 0.0209865 0.0209156 0.0189909 0.0162701 0.0137802 0.0120134 0.0108803 0.0100014
 1.02796e-16 6.00531e-05 0.000583737 0.00387914 0.017634 0.0548661 0.116899 0.170622 0.170643 0.117004 0.0552189 0.018653 0.0064371 0.0061687 0.0106696 0.0175513 0.025295 0.0318465 0.0351533 0.0342697 0.0299132 0.0239635 0.0183242 0.0140344 0.0111446 0.00916618
 1.0525e-16 4.64106e-05 0.000451128 0.0029979 0.0136281 0.0424021 0.0903433 0.131865 0.131896 0.0904951 0.0429119 0.0151017 0.0067007 0.00854683 0.0154581 0.0255771 0.0370617 0.0470672 0.0527064 0.0526212 0.0477391 0.0405374 0.0334528 0.0277076 0.0232456 0.0194394
 1.089e-16 4.85144e-05 0.000471577 0.0031338 0.0142458 0.0443241 0.094438 0.13784 0.137863 0.0945505 0.0447024 0.0153405 0.00588946 0.00651293 0.0115979 0.019296 0.0282597 0.0365231 0.0420967 0.0440485 0.0429795 0.0404343 0.0377581 0.0353528 0.0327965 0.0294968
 1.02661e-16 7.40449e-05 0.000719742 0.00478294 0.0217426 0.0676492 0.144134 0.210369 0.210375 0.144163 0.0677468 0.0220247 0.00549239 0.00227299 0.00303739 0.00493999 0.00719451 0.00923089 0.0105246 0.0108445 0.0103799 0.00958581 0.00887036 0.00837548 0.00798421 0.00748579
 1.00473e-16 7.67115e-05 0.000745663 0.00495519 0.0225256 0.0700855 0.149325 0.217945 0.217951 0.149354 0.0701834 0.0228082 0.0056642 0.00229227 0.0030106 0.00484685 0.00695402 0.00870185 0.00950603 0.0091007 0.00769599 0.00584128 0.00410373 0.00280943 0.00199475 0.00152303
 1.01608e-16 3.52703e-05 0.00034284 0.0022783 0.0103568 0.0322242 0.068659 0.100221 0.100272 0.0689099 0.0330665 0.0127886 0.00837892 0.0136492 0.0252727 0.0416362 0.0597653 0.0747115 0.0814493 0.077651 0.0650887 0.0484774 0.0327295 0.0207386 0.0129525 0.00834513
 1.03939e-16 6.56745e-05 0.000638379 0.00424226 0.0192847 0.0600019 0.127841 0.186589 0.186598 0.127883 0.0601437 0.0196963 0.00528254 0.00293272 0.0044914 0.00749902 0.0112089 0.0149519 0.0180599 0.0201723 0.0213539 0.0218708 0.0218438 0.0211176 0.0194458 0.0167866
 1.04567e-16 5.62039e-05 0.000546322 0.00363051 0.0165038 0.0513495 0.109406 0.159687 0.159712 0.109526 0.0517527 0.0176684 0.00655385 0.00692783 0.0121758 0.0200415 0.0288727 0.0363355 0.040103 0.0391346 0.0343091 0.0278322 0.0219007 0.0176539 0.0150261 0.0132946
 1.04483e-16 5.89252e-05 0.000572774 0.00380629 0.0173028 0.0538357 0.114703 0.167417 0.167436 0.114796 0.0541485 0.0182073 0.00607985 0.00554681 0.00953731 0.0157569 0.0228865 0.0291856 0.0329088 0.0332361 0.0307198 0.0268273 0.0229738 0.0198251 0.017285 0.0149466
 1.02943e-16 6.66583e-05 0.000647943 0.00430581 0.0195736 0.0609007 0.129756 0.189385 0.189399 0.129821 0.0611193 0.0202054 0.00589312 0.00411801 0.0066716 0.0109627 0.0158771 0.02016 0.0225781 0.0225647 0.02054 0.0175886 0.014765 0.0125772 0.0109557 0.00956752
 1.02482e-16 6.26383e-05 0.000608866 0.00404613 0.0183931 0.057228 0.121931 0.177966 0.177985 0.122023 0.0575364 0.019284 0.00628277 0.00549288 0.00934244 0.0153569 0.0221422 0.0279001 0.0308402 0.0301373 0.0264133 0.0212985 0.0164378 0.012721 0.0101806 0.00839057
 1.07163e-16 2.83392e-05 0.000275467 0.00183058 0.00832157 0.0258917 0.0551669 0.0805279 0.0805763 0.0554038 0.0266873 0.0106205 0.00760547 0.0128958 0.0240368 0.0397973 0.05757 0.0729021 0.0812475 0.0804773 0.0720872 0.0600596 0.0483558 0.0390327 0.0320851 0.026517
 1.07323e-16 6.33975e-05 0.000616246 0.00409517 0.0186161 0.0579216 0.123408 0.18012 0.180128 0.123447 0.0580518 0.0189945 0.00505336 0.00273559 0.00416968 0.00700603 0.0105859 0.0143622 0.0178013 0.0206358 0.022936 0.0248711 0.0263815 0.0270842 0.0265029 0.0244131
 1.06055e-16 5.70999e-05 0.000555032 0.00368838 0.0167669 0.052168 0.11115 0.162232 0.162255 0.111262 0.0525428 0.0178494 0.0064057 0.00648733 0.0113253 0.0186393 0.0268669 0.0338477 0.0374393 0.0367022 0.0324831 0.0268526 0.0218476 0.0184843 0.0166187 0.0154731
 1.09139e-16 3.80225e-05 0.000369592 0.00245607 0.011165 0.0347385 0.0740155 0.108035 0.108072 0.0741926 0.0353337 0.0128855 0.0067806 0.00982901 0.0180588 0.0299404 0.0434678 0.055378 0.0623495 0.0628314 0.0579047 0.0504114 0.0430983 0.0372672 0.0327284 0.0286533
 1.06937e-16 6.31387e-05 0.00061373 0.00407846 0.0185401 0.0576851 0.122905 0.179385 0.179396 0.122956 0.0578593 0.0190447 0.00535103 0.00341166 0.00543567 0.00904101 0.0133824 0.0175997 0.0208526 0.0227531 0.0235417 0.0237924 0.0239026 0.0238085 0.0231195 0.0214821
 1.04841e-16 6.05227e-05 0.000588302 0.00390947 0.0177719 0.0552951 0.117813 0.171955 0.171975 0.117909 0.0556179 0.0187044 0.00625048 0.00570033 0.00977434 0.016078 0.0231937 0.0292578 0.0324245 0.0318725 0.0283027 0.0234604 0.019067 0.0159903 0.0141355 0.0128925
 1.07722e-16 3.7997e-05 0.000369345 0.00245443 0.0111575 0.0347153 0.0739661 0.107964 0.108002 0.0741536 0.0353451 0.0129775 0.00702699 0.010365 0.0190618 0.0315581 0.0457036 0.0579911 0.0648539 0.0646316 0.0585103 0.0496117 0.0410078 0.0342408 0.0292175 0.0250772
 1.12273e-16 4.61132e-05 0.000448237 0.00297869 0.0135407 0.0421303 0.0897638 0.131017 0.131037 0.0898612 0.0424583 0.0144911 0.0053762 0.00572125 0.0101761 0.0170537 0.0252754 0.0332874 0.0395103 0.0431953 0.0447536 0.0452097 0.0452629 0.0447807 0.0430697 0.0395552
 1.10866e-16 5.57883e-05 0.000542282 0.00360366 0.0163817 0.0509697 0.108597 0.158504 0.158522 0.108683 0.051259 0.0172186 0.00570855 0.00515186 0.0088541 0.0146676 0.0214102 0.0275498 0.0315838 0.0328825 0.0320621 0.0304993 0.0293741 0.0289975 0.0288427 0.0280794
 1.11231e-16 4.45255e-05 0.000432804 0.00287614 0.0130745 0.0406798 0.0866738 0.126509 0.126539 0.0868215 0.0411762 0.0145091 0.0064808 0.00831431 0.0150503 0.0249108 0.0361215 0.0459463 0.0516367 0.0519678 0.0479619 0.0421338 0.0368791 0.0332713 0.0309796 0.0290086
 1.05428e-16 6.64239e-05 0.000645664 0.00429067 0.0195048 0.0606866 0.1293 0.188719 0.188729 0.12935 0.0608548 0.0199914 0.00551609 0.00333334 0.00520798 0.00860267 0.0126173 0.0163566 0.0189521 0.0200077 0.0198031 0.0190239 0.0182483 0.0176139 0.0168753 0.0157048
pSPR Fmed_Fpbrs
1   0.983558 0.6 0.325 0.983558 0.983558 0.983558
Fs Fmed_Fpbrs
0   0.01 0.350503 0.901094 0.01 0.01 0.01
SSBpbr Bo_Bmed_Bpbrs
1.86986e+06  1.77637e+06  1.74562e+06 1.02842e+06 514212 1.74562e+06 1.74562e+06 1.74562e+06
Ro
245554
SPR SPRFo_SPRFmed_SPRFpbrs
1.76905e+06 1.76905e+06 1.73997e+06
Fref
0
Nvult_r0
 244615 35467.5 20468.1 5402.78 4176.43
CTP_r0
 19552.1 5066 3049.89 806.888 623.81
YTP_r0
356496
Np
 369102 135785 49952.5 18376.5 9247.33
Nvult_p0
 233317 85832.5 31576 11616.2 5845.43
CTP_p0
 0 0 0 0 0
 0 0 0 0 0
 0 0 0 0 0
 0 0 0 0 0
 0 0 0 0 0
 0 0 0 0 0
YTP_p0
 0 0 0 0 0 0
CBA_c0
0
log_Ro
12.2313
likeval ReclasPelacesDesembMPH_pf_preclas_ppelaces_ptallas_desvR_qrecl_qpela
 20.9226 0.000245736 0.121515 72.1976 240.116 139.173 108.564 0 21.6137 1.45802e-05 5.9837e-06 0.575804 2066.85 0 0
q_reclas_q_pelaces
0.582746 0.707555
M
1
N
 239802 46947.5 219453 10954.2 0.398455
 125159 83996 15720.3 73133.4 3649.69
 168778 42161.5 26097 4842.46 23640.9
 273380 57021.9 13173.2 8086.55 8821.77
 232352 87910.2 16205.6 3695.07 4739.23
 343481 82046.2 29896 5489.16 2856.22
 153643 115408 25365.3 9161.35 2556.09
 82876.5 47726.3 30692.7 6635.66 3062.5
 73097.1 29725.5 16724.4 10728.9 3389.6
 97390.5 24386.8 9065.85 5052.36 4262.85
 196933 31771.5 7124.65 2617.79 2688
 204622 70089.2 10969.1 2451.88 1825.6
 100973 64885.1 19391.5 2991.23 1165.49
 59619.2 31768.1 17683.5 5205 1114.78
 194447 15184.6 5772.88 3100.4 1105.81
 807901 59919.4 3976.76 1486.02 1081.69
 196908 257873 16788.2 1098.91 708.983
 564955 67855.5 83688.9 5413.79 582.792
 427419 185337 20037.9 24439.3 1750.06
 414141 129408 46924.3 4977.91 6499.22
 694585 129018 34607.8 12347.5 3017.25
 805153 228053 38160.1 10123.3 4491.6
 168971 259804 65241.8 10778.4 4125.03
 528289 58025.8 83754.3 20891.8 4770.58
 504895 181116 18646.3 26729.8 8186.87
 207167 174426 59061.3 6043.38 11312.8
 488334 72671.1 58570.3 19740.5 5799.54
 580656 168276 23582.6 18886.1 8232.47
 227394 201964 55592.9 7748.51 8907.55
 211830 80293.6 68679.8 18829.6 5640.2
 258884 74102.9 26820 22828.5 8131.28
 146310 87581.3 23212.5 8332.96 9614.79
 369102 51507.6 29611.9 7814.76 6040.85
pred_Ctot
 7284.36 2685.14 13163 658.735 0.0239644
 6718.67 8368.25 1639.99 7648.46 381.743
 8769.02 4069.8 2638.15 490.747 2396.14
 21994.9 8372.95 2021.98 1244.19 1357.48
 5916 4227.17 817.472 186.876 239.716
 18958.6 8396.7 3203.5 589.649 306.857
 15323.5 20752.5 4761.91 1723.88 481.035
 1313.83 1437.31 970.274 210.321 97.0808
 4337.3 3261.94 1921.06 1235.42 390.36
 7038.89 3233.37 1257.16 702.304 592.634
 4063.6 1241.78 292.216 107.648 110.55
 18072.8 11242.2 1838.23 411.862 306.699
 9359.39 10892.2 3400.05 525.704 204.858
 11945.9 10751.4 6207.35 1830.66 392.12
 20245.9 2842.62 1127.95 607.176 216.585
 68380.9 9231.68 640.287 239.828 174.595
 7916.78 19403.3 1323.9 86.8786 56.0591
 39021.2 8615.04 11115 720.774 77.6008
 48586.2 37649.5 4245.8 5190.16 371.705
 40644.6 22921.6 8678.25 922.763 1204.92
 47643.4 16272.1 4566.14 1633.09 399.115
 63210.5 32716 5723.19 1521.91 675.344
 7145.29 20534.3 5403.61 894.971 342.562
 22865.8 4691.3 7095.38 1774.35 405.221
 19542.7 13131.8 1417.05 2036.54 623.839
 6109.01 9689.78 3441.05 353.008 660.898
 19644.9 5471.08 4621.37 1561.53 458.822
 20105.9 10942.2 1607.74 1290.84 562.757
 5792.88 9716.61 2805.81 392.084 450.794
 6599.82 4707.97 4222.98 1160.77 347.742
 13247 7048.26 2671.65 2279.72 812.121
 3995.11 4511.33 1254.18 451.396 520.903
 19552.1 5066 3049.89 806.888 623.81
F
 0.0490457 0.0940768 0.0988537 0.0991186 0.0991326
 0.08808 0.16895 0.177529 0.178005 0.17803
 0.085147 0.163324 0.171617 0.172077 0.172102
 0.134546 0.258079 0.271183 0.27191 0.271948
 0.0409723 0.0785909 0.0825815 0.0828028 0.0828145
 0.0906612 0.173901 0.182732 0.183221 0.183247
 0.169147 0.324448 0.340923 0.341836 0.341884
 0.0253453 0.0486159 0.0510845 0.0512214 0.0512286
 0.0977464 0.187492 0.197012 0.19754 0.197568
 0.120158 0.230482 0.242185 0.242834 0.242868
 0.0330965 0.0634839 0.0667074 0.0668861 0.0668956
 0.148547 0.284934 0.299402 0.300205 0.300247
 0.156392 0.299983 0.315215 0.31606 0.316104
 0.367695 0.705292 0.741105 0.743091 0.743196
 0.177158 0.339815 0.357069 0.358026 0.358077
 0.141973 0.272325 0.286153 0.28692 0.28696
 0.0653547 0.12536 0.131725 0.132078 0.132097
 0.114567 0.219757 0.230915 0.231534 0.231567
 0.194793 0.373642 0.392615 0.393667 0.393722
 0.166251 0.318893 0.335085 0.335983 0.336031
 0.113737 0.218165 0.229243 0.229857 0.22989
 0.131104 0.251478 0.264247 0.264955 0.264992
 0.0688374 0.13204 0.138745 0.139117 0.139136
 0.0705065 0.135242 0.142109 0.14249 0.14251
 0.062853 0.120561 0.126683 0.127022 0.12704
 0.0475827 0.0912706 0.095905 0.096162 0.0961756
 0.065393 0.125433 0.131802 0.132156 0.132174
 0.0560698 0.10755 0.113011 0.113314 0.11333
 0.0409948 0.0786341 0.0826269 0.0828483 0.08286
 0.0503313 0.0965428 0.101445 0.101717 0.101731
 0.0838125 0.160765 0.168928 0.16938 0.169404
 0.0439957 0.0843901 0.0886752 0.0889128 0.0889253
 0.0868738 0.166637 0.175098 0.175567 0.175592
YTP_r0W_actual
 147423 88401.6 73410.9 25271.7 21989.3
YTP_p0W_proyectada
 0 0 0 0 0
 0 0 0 0 0
 0 0 0 0 0
 0 0 0 0 0
 0 0 0 0 0
 0 0 0 0 0
CTP_r0_actual
 19552.1 5066 3049.89 806.888 623.81
CTP_p0_proyectada
 0 0 0 0 0
 0 0 0 0 0
 0 0 0 0 0
 0 0 0 0 0
 0 0 0 0 0
 0 0 0 0 0
Wmedp
 7.54 17.45 24.07 31.32 35.25
Frms_r0
 0.0868738 0.166637 0.175098 0.175567 0.175592
Zrms_r0
 1.08687 1.16664 1.1751 1.17557 1.17559
nmprior
 7.29 8.9 8.7 0
nm_flota  nm_reclas  nm_pelaces    nm_pelaL
inf 11.3964 15.5284 46.5131
cv_recla  cv_pelaces  cv_mph
0.396131 0.572406 0.681269
 ------------------------------------------------
Talla a la edad & desviaci?n 
 8 13.2811 15.8009 17.003 17.5766
 0.8 1.32811 1.58009 1.7003 1.75766
