years
 1991 1992 1993 1994 1995 1996 1997 1998 1999 2000 2001 2002 2003 2004 2005 2006 2007 2008 2009 2010 2011 2012 2013 2014 2015 2016 2017 2018 2019 2020 2021 2022 2023
reclasobs
 0 0 0 0 0 0 0 0 0 252601 567819 844713 477998 351125 339783 2.1784e+06 2.13404e+06 4.81314e+06 1.55562e+06 2.62356e+06 3.21686e+06 3.843e+06 1.13348e+06 3.07943e+06 1.97215e+06 2.03268e+06 2.025e+06 2.42433e+06 2.27542e+06 1.05018e+06 2.36338e+06 3.18982e+06 1.53035e+06
reclaspred
 2.96036e+06 1.61041e+06 854313 923928 980304 1.52181e+06 884047 831075 605312 448001 625780 861619 667520 262698 682776 1.82648e+06 1.85087e+06 2.53229e+06 1.75276e+06 1.4379e+06 2.9723e+06 2.45613e+06 1.86208e+06 2.88786e+06 2.28783e+06 2.07275e+06 2.51894e+06 2.8113e+06 2.43764e+06 1.87554e+06 1.62443e+06 1.54458e+06 1.56545e+06
pelacesobs
 0 0 0 0 0 0 0 0 0 0 0 0 0 0 0 552880 188675 0 991730 2.46772e+06 1.41603e+06 1.21717e+06 2.29649e+06 1.80582e+06 0 1.4828e+06 1.56532e+06 1.57751e+06 1.42118e+06 867257 1.10002e+06 1.06204e+06 0
pelacespred
 1.57393e+06 939111 482115 437972 499735 808563 415869 512258 350634 244767 357573 421691 346467 121540 394804 891672 902852 1.35984e+06 955528 678137 1.54862e+06 1.29844e+06 1.01366e+06 1.75061e+06 1.30058e+06 1.18574e+06 1.67787e+06 1.67304e+06 1.30945e+06 1.15397e+06 885469 849722 859686
mphobs
 0 0 0 0 0 0 0 0 0 0 0 0 498337 0 5186 125008 0 168611 109162 213762 579715 649985 157893 87575 83554 210694 70296 0 107559 103333 445601 22526 28222
mphpred
 479338 323499 155362 92285.4 108260 130875 161723 93550.5 88895.3 60719.3 41536.3 82892.9 99787.8 51955.2 15559.1 70832.2 239907 231787 233276 331212 406132 598790 102146 82668.9 125327 106602 92544.5 105194 151439 118526 76814.7 75171.6 49787.4
desembarqueobs
 494567 514787 250237 358949 120608 361735 552515 73892 212993 205616 52469 317467 293654 387597 252695 516296 358380 742168 942051 627588 828172 859565 418607 520667 417249 300574 415391 372974 316634 284311 391294 218835 356480
desembarquepred
 494570 513657 250810 359011 120617 361773 552613 73898.7 213067 205684 52471.6 317492 293858 388096 252649 516201 358391 742169 941802 627387 828220 859649 418680 520725 417237 300595 415408 372959 316611 284270 391339 218865 356512
Reclutas
 180085 87645.9 111123 158928 137185 210443 87894.4 44812.5 40581.8 55483.7 120499 158638 73901.3 38330 123120 510314 113794 392030 294755 292021 443043 505958 97036.3 305917 302439 118264 284996 336496 134732 128911 145260 80573.5 208291
log_desv_Rt
 0.172763 -0.54736 -0.310024 0.0477861 -0.0993349 0.328552 -0.544528 -1.21818 -1.31735 -1.00458 -0.229022 0.0459586 -0.717934 -1.37443 -0.207503 1.21436 -0.286274 0.950673 0.665479 0.656162 1.073 1.20579 -0.44558 0.702648 0.691214 -0.247749 0.63181 0.797922 -0.117378 -0.161544 -0.0421367 -0.631494 0.318272
SSB
 2.19055e+06 1.47838e+06 709999 421740 494742 598091 739067 427521 406247 277484 189819 378817 435092 230878 68626.9 313870 1.09637e+06 1.05925e+06 1.10401e+06 701271 881178 1.36269e+06 1.2892e+06 1.00578e+06 1.42708e+06 1.28569e+06 1.0542e+06 1.15367e+06 1.71945e+06 1.26909e+06 938117 938850 576796
BT
 3.0882e+06 2.09446e+06 1.06059e+06 1.03495e+06 939648 1.66982e+06 1.2058e+06 928398 807247 609681 649852 976739 847230 602834 916044 1.93263e+06 1.80464e+06 2.94212e+06 2.55112e+06 1.7041e+06 3.28124e+06 2.99923e+06 2.07634e+06 3.44036e+06 2.59041e+06 2.26445e+06 3.2571e+06 3.18565e+06 2.47289e+06 2.22074e+06 1.86056e+06 1.61768e+06 1.7701e+06
Ftot
 0.206242 0.375502 0.367073 0.586384 0.178246 0.375641 0.777368 0.126093 0.495845 0.64899 0.153847 0.571578 0.590578 1.85294 0.805701 0.575815 0.259947 0.456671 0.782149 0.69358 0.464515 0.532056 0.288665 0.302925 0.263541 0.194965 0.271224 0.229102 0.163057 0.203072 0.353433 0.188682 0.380923
BD_Bspro_t
 0.96786 0.792967 0.59976 0.522637 0.536244 0.62797 0.60159 0.427842 0.503044 0.454696 0.43085 0.676683 0.57298 0.361558 0.158151 0.448989 0.634682 0.600016 0.556569 0.423349 0.433562 0.5278 0.542087 0.522133 0.639057 0.669081 0.67285 0.713994 0.775565 0.724545 0.682616 0.665712 0.655815
BD_Bspro
 2.00684 1.35439 0.650454 0.38637 0.453249 0.547931 0.677084 0.391667 0.372177 0.254213 0.173899 0.347047 0.398603 0.211515 0.0628715 0.287547 1.00442 0.970419 1.01142 0.642458 0.807277 1.2484 1.18108 0.921428 1.3074 1.17786 0.965784 1.05692 1.57524 1.16265 0.859441 0.860112 0.528422
BD_Bo
 2.4332 1.64214 0.788647 0.468457 0.549545 0.664342 0.820935 0.474879 0.451248 0.308222 0.210845 0.420779 0.483288 0.256453 0.0762289 0.348638 1.21781 1.17659 1.22631 0.778952 0.978788 1.51363 1.43201 1.11719 1.58516 1.42811 1.17097 1.28147 1.90991 1.40967 1.04203 1.04285 0.640689
BD_Brms
 2.60463 1.75783 0.844211 0.501462 0.588263 0.711149 0.878774 0.508336 0.483041 0.329937 0.225701 0.450425 0.517338 0.274521 0.0815996 0.373202 1.30361 1.25949 1.31271 0.833833 1.04775 1.62028 1.5329 1.1959 1.69685 1.52873 1.25347 1.37176 2.04448 1.50898 1.11545 1.11632 0.685829
Sel_flota
 0.439219 0.937033 0.996476 0.999814 0.99999
 0.439219 0.937033 0.996476 0.999814 0.99999
 0.439219 0.937033 0.996476 0.999814 0.99999
 0.439219 0.937033 0.996476 0.999814 0.99999
 0.439219 0.937033 0.996476 0.999814 0.99999
 0.439219 0.937033 0.996476 0.999814 0.99999
 0.439219 0.937033 0.996476 0.999814 0.99999
 0.439219 0.937033 0.996476 0.999814 0.99999
 0.439219 0.937033 0.996476 0.999814 0.99999
 0.439219 0.937033 0.996476 0.999814 0.99999
 0.439219 0.937033 0.996476 0.999814 0.99999
 0.439219 0.937033 0.996476 0.999814 0.99999
 0.439219 0.937033 0.996476 0.999814 0.99999
 0.439219 0.937033 0.996476 0.999814 0.99999
 0.439219 0.937033 0.996476 0.999814 0.99999
 0.439219 0.937033 0.996476 0.999814 0.99999
 0.439219 0.937033 0.996476 0.999814 0.99999
 0.439219 0.937033 0.996476 0.999814 0.99999
 0.439219 0.937033 0.996476 0.999814 0.99999
 0.439219 0.937033 0.996476 0.999814 0.99999
 0.439219 0.937033 0.996476 0.999814 0.99999
 0.439219 0.937033 0.996476 0.999814 0.99999
 0.439219 0.937033 0.996476 0.999814 0.99999
 0.439219 0.937033 0.996476 0.999814 0.99999
 0.439219 0.937033 0.996476 0.999814 0.99999
 0.439219 0.937033 0.996476 0.999814 0.99999
 0.439219 0.937033 0.996476 0.999814 0.99999
 0.439219 0.937033 0.996476 0.999814 0.99999
 0.439219 0.937033 0.996476 0.999814 0.99999
 0.439219 0.937033 0.996476 0.999814 0.99999
 0.439219 0.937033 0.996476 0.999814 0.99999
 0.439219 0.937033 0.996476 0.999814 0.99999
 0.439219 0.937033 0.996476 0.999814 0.99999
Sel_reclas
 1 1 1 1 1
 1 1 1 1 1
 1 1 1 1 1
 1 1 1 1 1
 1 1 1 1 1
 1 1 1 1 1
 1 1 1 1 1
 1 1 1 1 1
 1 1 1 1 1
 1 1 1 1 1
 1 1 1 1 1
 1 1 1 1 1
 1 1 1 1 1
 1 1 1 1 1
 1 1 1 1 1
 1 1 1 1 1
 1 1 1 1 1
 1 1 1 1 1
 1 1 1 1 1
 1 1 1 1 1
 1 1 1 1 1
 1 1 1 1 1
 1 1 1 1 1
 1 1 1 1 1
 1 1 1 1 1
 1 1 1 1 1
 1 1 1 1 1
 1 1 1 1 1
 1 1 1 1 1
 1 1 1 1 1
 1 1 1 1 1
 1 1 1 1 1
 1 1 1 1 1
Sel_pelaces
 1 1 1 1 1
 1 1 1 1 1
 1 1 1 1 1
 1 1 1 1 1
 1 1 1 1 1
 1 1 1 1 1
 1 1 1 1 1
 1 1 1 1 1
 1 1 1 1 1
 1 1 1 1 1
 1 1 1 1 1
 1 1 1 1 1
 1 1 1 1 1
 1 1 1 1 1
 1 1 1 1 1
 1 1 1 1 1
 1 1 1 1 1
 1 1 1 1 1
 1 1 1 1 1
 1 1 1 1 1
 1 1 1 1 1
 1 1 1 1 1
 1 1 1 1 1
 1 1 1 1 1
 1 1 1 1 1
 1 1 1 1 1
 1 1 1 1 1
 1 1 1 1 1
 1 1 1 1 1
 1 1 1 1 1
 1 1 1 1 1
 1 1 1 1 1
 1 1 1 1 1
pf_obs 
 0.8446 0.082 0.0669 0.0065 0
 0.8095 0.147 0.0364 0.0071 0
 0.9664 0.0169 0.016 0.0007 0
 0.9276 0.0648 0.0075 0.0001 0
 0.7033 0.2144 0.0806 0.0017 0
 0.9318 0.0425 0.0243 0.0014 0
 0.5671 0.3108 0.0964 0.0239 0.0018
 0.0768 0.2599 0.5324 0.112 0.0189
 0.490249 0.384438 0.106611 0.0170017 0.00170017
 0.7925 0.1577 0.0466 0.003 0.0002
 0.840416 0.127587 0.0312969 0.00059994 9.999e-05
 0.8084 0.0986 0.0794 0.0134 0.0002
 0.7335 0.1905 0.0724 0.0035 0.0001
 0.4001 0.4547 0.1325 0.0127 0
 0.49795 0.308269 0.164784 0.0264974 0.00249975
 0.9179 0.0499 0.0305 0.0017 0
 0.2467 0.6533 0.0926 0.0074 0
 0.9418 0.0223 0.034 0.0019 0
 0.707729 0.231977 0.0356964 0.0245975 0
 0.517169 0.277429 0.184464 0.0207286 0.00020938
 0.811772 0.124168 0.05621 0.00726502 0.000585176
 0.764997 0.148141 0.077277 0.00933861 0.000247198
 0.163321 0.427699 0.378323 0.0303852 0.000271297
 0.753843 0.0900009 0.118128 0.0371064 0.000921714
 0.721811 0.176058 0.0630433 0.0369309 0.00215725
 0.143369 0.312575 0.442814 0.0836902 0.0175525
 0.692698 0.0596174 0.167031 0.0765114 0.00414204
 0.394062 0.376323 0.152708 0.0712218 0.00568511
 0.125707 0.32114 0.495352 0.0537591 0.00404204
 0.23352 0.215282 0.420074 0.123614 0.00750983
 0.796117 0.104755 0.0508955 0.0450114 0.00322123
 0.162477 0.292055 0.404252 0.121198 0.0200186
 0 0 0 0 0
pf_pred 
 0.376604 0.138857 0.456495 0.0280428 1.11298e-06
 0.296966 0.406065 0.0696128 0.214242 0.0131142
 0.504366 0.24616 0.148648 0.0237066 0.0771192
 0.62837 0.262151 0.0563947 0.0316829 0.0214018
 0.543407 0.368306 0.0637641 0.0126599 0.0118633
 0.621092 0.272771 0.0866844 0.0140636 0.00538909
 0.365265 0.502993 0.0967592 0.0285925 0.00639051
 0.360115 0.383964 0.206459 0.0363753 0.0130872
 0.424227 0.315811 0.15995 0.0807366 0.0192749
 0.611999 0.249634 0.0785846 0.0368439 0.0229388
 0.752259 0.19811 0.0328839 0.00953041 0.00721662
 0.634779 0.316772 0.0392417 0.00610796 0.00309949
 0.40896 0.478447 0.0986742 0.0112827 0.00263547
 0.423598 0.366288 0.172692 0.0328144 0.00460753
 0.888967 0.0827983 0.0188292 0.00774071 0.00166458
 0.889271 0.10578 0.00377409 0.000784726 0.000390028
 0.268262 0.695852 0.0344014 0.00113315 0.000351141
 0.705919 0.131189 0.155406 0.00717757 0.00030852
 0.536617 0.39582 0.0314135 0.0344952 0.00165476
 0.604477 0.297748 0.0845954 0.0061437 0.00703549
 0.69577 0.242345 0.0475505 0.0124108 0.00192422
 0.625528 0.316183 0.0471411 0.00857384 0.00257394
 0.207504 0.634425 0.135064 0.0186225 0.00438469
 0.641153 0.132344 0.183786 0.0365208 0.00619738
 0.54977 0.362357 0.033855 0.0438622 0.0101561
 0.298016 0.512107 0.154865 0.0135198 0.0214912
 0.629114 0.178106 0.143113 0.0405371 0.00913057
 0.584784 0.329463 0.0426618 0.0320204 0.011071
 0.305648 0.524064 0.136989 0.0165966 0.016702
 0.398756 0.29221 0.236896 0.0580735 0.0140654
 0.500752 0.297386 0.101471 0.0770216 0.0233693
 0.374518 0.436671 0.115771 0.0367873 0.0362523
 0.686104 0.177812 0.0968936 0.0240637 0.0151261
pobs_RECLAS
 0 0 0 0 0
 0 0 0 0 0
 0 0 0 0 0
 0 0 0 0 0
 0 0 0 0 0
 0 0 0 0 0
 0 0 0 0 0
 0 0 0 0 0
 0 0 0 0 0
 0 0 0 0 0
 0.991045 0.00858322 0.000360255 1.14367e-05 0
 0.934742 0.0480273 0.0164251 0.00080598 0
 0.827803 0.169806 0.00239088 0 0
 0.941827 0.0461693 0.0120037 0 0
 0.791401 0.0380133 0.147996 0.0225897 0
 0.846168 0.0940531 0.0597789 0 0
 0.134021 0.677848 0.182769 0.00536245 0
 0.80878 0.0450904 0.141981 0.00414843 0
 0.846168 0.0940531 0.0597789 0 0
 0.905697 0.0802665 0.012482 0.00150086 5.37128e-05
 0.989698 0.0102097 9.19794e-05 0 0
 0.975433 0.0193895 0.00387452 0.00125025 5.28907e-05
 0.303575 0.632131 0.0575291 0.00676475 0
 0.966965 0.00978017 0.0227588 0.000495775 0
 0.843318 0.132988 0.00938335 0.0141283 0.000182051
 0.564624 0.303363 0.111486 0.0197234 0.00080311
 0.826376 0.0876187 0.0782897 0.00655872 0.00115652
 0.89761 0.0855135 0.0140674 0.00269457 0.000114338
 0.34875 0.467042 0.161289 0.0227151 0.000203297
 0.318654 0.224769 0.449479 0.00709798 0
 0.937255 0.0296025 0.0250945 0.00804832 0
 0.456809 0.399803 0.12412 0.0192676 0
 0.883104 0.0372192 0.0704036 0.00927362 0
ppred_RECLAS
 0.577334 0.0988286 0.305154 0.018682 7.41329e-07
 0.485665 0.305391 0.04911 0.150616 0.00921782
 0.695538 0.156187 0.0884779 0.0140616 0.045735
 0.791744 0.149792 0.0301692 0.0168885 0.011406
 0.721494 0.227358 0.0369766 0.00731651 0.00685488
 0.783927 0.158323 0.0471961 0.00763043 0.0029234
 0.56628 0.348517 0.0626402 0.0184418 0.00412098
 0.553074 0.274876 0.13889 0.0243878 0.0087728
 0.624453 0.212139 0.10068 0.0506396 0.0120874
 0.781571 0.143914 0.0423883 0.0198015 0.0123259
 0.868498 0.106471 0.0166044 0.00479598 0.00363096
 0.794304 0.179943 0.0208732 0.00323729 0.00164245
 0.607097 0.321995 0.062171 0.00708329 0.00165424
 0.654962 0.225986 0.0979296 0.018522 0.00260007
 0.948099 0.0393753 0.00836352 0.00342547 0.000736477
 0.946659 0.0511044 0.00170726 0.000353711 0.00017577
 0.442678 0.531587 0.024674 0.000809954 0.000250943
 0.844612 0.0718146 0.0797452 0.00367014 0.000157728
 0.723597 0.238452 0.0176805 0.019343 0.000927717
 0.775418 0.171837 0.0456583 0.00330381 0.00378264
 0.835162 0.133024 0.0244647 0.00636287 0.000986342
 0.787521 0.181208 0.0253079 0.00458654 0.00137666
 0.364498 0.515094 0.102935 0.0141437 0.00332954
 0.801049 0.0763637 0.0995324 0.0197103 0.00334413
 0.727601 0.221969 0.0194703 0.0251391 0.00581981
 0.481674 0.384503 0.109218 0.00950236 0.0151023
 0.791166 0.103628 0.0781711 0.0220662 0.00496929
 0.754717 0.197173 0.0239762 0.0179342 0.00619959
 0.489916 0.390849 0.0959845 0.0115893 0.0116609
 0.595944 0.202786 0.154411 0.037724 0.00913511
 0.690933 0.188948 0.0604866 0.0457532 0.0138796
 0.567675 0.307572 0.0765969 0.0242566 0.0238995
 0.830165 0.0989061 0.0505541 0.0125115 0.00786312
pobs_PELACES
 0 0 0 0 0
 0 0 0 0 0
 0 0 0 0 0
 0 0 0 0 0
 0 0 0 0 0
 0 0 0 0 0
 0 0 0 0 0
 0 0 0 0 0
 0 0 0 0 0
 0 0 0 0 0
 0 0 0 0 0
 0 0 0 0 0
 0 0 0 0 0
 0 0 0 0 0
 0 0 0 0 0
 0 0 0 0 0
 0.505614 0.472636 0.0217494 0 0
 0 0 0 0 0
 0.443492 0.261883 0.143347 0.151278 0
 0.227955 0.32914 0.350689 0.0885471 0.00366901
 0.970185 0.0296113 0.000203453 0 0
 0.997202 0.00247181 0.000326279 0 0
 0.445219 0.490057 0.0546422 0.010081 0
 0.90214 0.0892962 0.00764917 0.000914606 0
 0 0 0 0 0
 0.581667 0.319106 0.0959925 0.00289975 0.000334073
 0.762889 0.0836404 0.116647 0.0363945 0.000428098
 0.88444 0.0763242 0.0277011 0.0115352 0
 0.521256 0.241999 0.230069 0.00667565 0
 0.616807 0.101726 0.260614 0.0208532 0
 0.833518 0.0704572 0.0857862 0.0102388 0
 0.697417 0.212968 0.0787535 0.0105354 0.000325836
 0 0 0 0 0
ppred_PELACES
 0.586334 0.0970255 0.298377 0.0182629 7.24692e-07
 0.501862 0.296696 0.0473617 0.145194 0.00888581
 0.708895 0.149871 0.0842907 0.0133908 0.0435521
 0.807696 0.138777 0.027631 0.0154576 0.0104392
 0.727468 0.222626 0.0360805 0.00713781 0.00668739
 0.79452 0.15086 0.0446412 0.00721437 0.00276394
 0.598066 0.323952 0.057344 0.0168681 0.00376915
 0.558425 0.271846 0.137019 0.0240561 0.00865339
 0.644343 0.201772 0.0948333 0.0476727 0.0113788
 0.799935 0.132399 0.0385036 0.0179739 0.0111879
 0.871423 0.104163 0.0161956 0.00467711 0.00354093
 0.80944 0.166938 0.0191486 0.00296795 0.00150575
 0.630472 0.303474 0.0579201 0.00659468 0.00154008
 0.722688 0.183916 0.0768537 0.0145061 0.00203611
 0.954407 0.0347233 0.00725976 0.00297076 0.000638684
 0.951261 0.0467178 0.00154319 0.000319516 0.000158772
 0.453296 0.521582 0.0240864 0.000790441 0.000244894
 0.854805 0.0674281 0.0742066 0.00341352 0.000146695
 0.74895 0.217047 0.0158484 0.0173237 0.000830829
 0.795159 0.157236 0.041214 0.00297994 0.0034117
 0.845632 0.124796 0.0227433 0.00591213 0.000916445
 0.802025 0.1691 0.0233717 0.00423315 0.00127055
 0.375805 0.506476 0.100641 0.0138241 0.00325426
 0.809432 0.0734169 0.0951246 0.0188312 0.00319491
 0.736289 0.215103 0.0187707 0.0242287 0.00560897
 0.489924 0.378761 0.107176 0.00932271 0.0148166
 0.798868 0.100077 0.0750919 0.0211907 0.00477205
 0.761782 0.191667 0.0232022 0.0173509 0.00599787
 0.4968 0.385866 0.094458 0.011403 0.0114732
 0.604431 0.198925 0.150869 0.0368505 0.00892349
 0.703769 0.181602 0.0577333 0.0436536 0.0132424
 0.575532 0.302312 0.0750087 0.0237487 0.0233989
 0.839234 0.0939215 0.0476489 0.0117876 0.00740798
pobs_pel_tallas
 0 0 0 0 0 0 0 0 0 0 0 0 0 0 0 0 0 0 0 0 0 0 0 0 0 0
 0 0 0 0 0 0 0 0 0 0 0 0 0 0 0 0 0 0 0 0 0 0 0 0 0 0
 0 0 0 0 0 0 0 0 0 0 0 0 0 0 0 0 0 0 0 0 0 0 0 0 0 0
 0 0 0 0 0 0 0 0 0 0 0 0 0 0 0 0 0 0 0 0 0 0 0 0 0 0
 0 0 0 0 0 0 0 0 0 0 0 0 0 0 0 0 0 0 0 0 0 0 0 0 0 0
 0 0 0 0 0 0 0 0 0 0 0 0 0 0 0 0 0 0 0 0 0 0 0 0 0 0
 0 0 0 0 0 0 0 0 0 0 0 0 0 0 0 0 0 0 0 0 0 0 0 0 0 0
 0 0 0 0 0 0 0 0 0 0 0 0 0 0 0 0 0 0 0 0 0 0 0 0 0 0
 0 0 0 0 0 0 0 0 0 0 0 0 0 0 0 0 0 0 0 0 0 0 0 0 0 0
 0 0 0 0 0 0 0 0 0 0 0 0 0 0 0 0 0 0 0 0 0 0 0 0 0 0
 0 0 0 0 0 0 0 0 0 0 0 0 0 0 0 0 0 0 0 0 0 0 0 0 0 0
 0 0 0 0 0 0 0 0 0 0 0 0 0 0 0 0 0 0 0 0 0 0 0 0 0 0
 0.00862536 0 0 0.000197151 0.00414017 0.0128641 0.00837892 0.0270097 0.101434 0.158115 0.152841 0.127902 0.109271 0.109419 0.0830992 0.0579132 0.0238553 0.00714673 0.00463305 0.00128148 0.00103504 0.000492878 0.000147863 0.000147863 4.92878e-05 0
 0 0 0 0 0 0 0 0 0 0 0 0 0 0 0 0 0 0 0 0 0 0 0 0 0 0
 0 0 0 0 0 0 0 0.0054083 0.00873648 0.0413646 0.0450493 0.0745869 0.0622846 0.0627006 0.0613931 0.0827291 0.12552 0.122667 0.0946155 0.0697135 0.0546179 0.0294188 0.0215738 0.0213955 0.0102223 0.00600262
 0 0 0 0 0.00359764 0.0251062 0.0480494 0.140153 0.205849 0.193036 0.1447 0.116669 0.0760912 0.0342217 0.00950174 0.001854 0.000860785 0 0 0 0.000165536 0 0.000143464 0 0 0
 0 0 0 0 0 0 0 0.000145254 0.000435761 0.0275982 0.070085 0.0708112 0.156366 0.174668 0.174014 0.160142 0.0824315 0.0480064 0.0283245 0.00493863 0.00203355 0 0 0 0 0
 0 0 0 0 0 0 0 0 0 0 0 0 0 0 0 0 0 0 0 0 0 0 0 0 0 0
 0 0 1.00437e-05 0.000401748 0.00122533 0.00171747 0.00176769 0.0269171 0.070346 0.194647 0.189555 0.159765 0.064822 0.0314167 0.0384472 0.0292271 0.0345202 0.0313363 0.0194345 0.0106764 0.0143323 0.0359363 0.0279516 0.0138201 0.00172751 0
 0 0.0021121 0.0136068 0.0755702 0.200478 0.177729 0.0527432 0.0373336 0.0318909 0.0142505 0.0149659 0.0166563 0.0217959 0.0798694 0.0677717 0.0528807 0.04013 0.0224614 0.0357745 0.0225083 0.00881397 0.00855152 0.00135912 0.000746735 0 0
 0 0 0 0 5.4009e-05 0.00500934 0.000945158 0.0243581 0.138947 0.33067 0.221406 0.137944 0.0707744 0.0437923 0.0131692 0.00525238 0.0047753 0.00276346 9.45158e-05 9.00151e-06 2.25038e-05 9.00151e-06 4.50075e-06 0 0 0
 0.000866109 0.00284123 0.00948549 0.0512746 0.133035 0.25785 0.225252 0.132002 0.0553304 0.0519788 0.0540692 0.017754 0.00435017 0.00159236 0.00146478 0.000404838 0.000125132 0.000115318 0.000107957 0.000100596 0 0 0 0 0 0
 0 0 0 0 0.00144013 0.00171154 0.00461396 0.0210425 0.0478622 0.0707936 0.0888783 0.103762 0.0637923 0.0337046 0.0602308 0.124433 0.169614 0.0934646 0.0462172 0.0250306 0.0313229 0.00938855 0.002487 0.000210481 0 0
 0 0.00764035 0.051015 0.0998891 0.058973 0.0496711 0.0374665 0.0718981 0.12319 0.153886 0.159021 0.0857701 0.0377988 0.023471 0.0147837 0.00900784 0.00315554 0.000888139 0.00291439 0.00214683 0.00393193 0.00274676 0.000635225 9.99891e-05 0 0
 0 0 0 0 0 0 0 0 0 0 0 0 0 0 0 0 0 0 0 0 0 0 0 0 0 0
 0 0 0 0 0 0 0 0 0 0 0 0 0 0 0 0 0 0 0 0 0 0 0 0 0 0
 0 0 0 0 0 0 0 0 0 0 0 0 0 0 0 0 0 0 0 0 0 0 0 0 0 0
 0 0 0 0 0 0 0 0 0 0 0 0 0 0 0 0 0 0 0 0 0 0 0 0 0 0
 0 0 0 0 0 0 0 0 0 0 0 0 0 0 0 0 0 0 0 0 0 0 0 0 0 0
 0 0 0 0 0 0 0 0 0 0 0 0 0 0 0 0 0 0 0 0 0 0 0 0 0 0
 0 0 0 0 0 0 0 0 0 0 0 0 0 0 0 0 0 0 0 0 0 0 0 0 0 0
 0 0 0 0 0 0 0 0 0 0 0 0 0 0 0 0 0 0 0 0 0 0 0 0 0 0
 0 0 0 0 0 0 0 0 0 0 0 0 0 0 0 0 0 0 0 0 0 0 0 0 0 0
ppred_pel_tallas
 1.10467e-16 4.82956e-05 0.00046945 0.00311966 0.0141815 0.0441241 0.0940113 0.137214 0.137224 0.0940594 0.0442868 0.0146571 0.00433479 0.00319251 0.00542575 0.00942907 0.0148222 0.0212227 0.0281756 0.035316 0.0423083 0.0485412 0.0529346 0.0542097 0.0515461 0.0451454
 1.17508e-16 4.13377e-05 0.000401818 0.00267022 0.0121385 0.0377674 0.0804685 0.117452 0.117481 0.0806085 0.0382378 0.0134981 0.00608664 0.00787248 0.0142691 0.0236361 0.0343305 0.0438323 0.0496683 0.0508691 0.04861 0.0453961 0.0434052 0.0432635 0.0440088 0.0439869
 1.11184e-16 5.83908e-05 0.000567579 0.00377177 0.0171459 0.0533474 0.113663 0.165897 0.165912 0.113734 0.0535866 0.0178384 0.00551556 0.00439248 0.00737653 0.0122456 0.0179752 0.0233335 0.0271117 0.0287862 0.0288079 0.0282062 0.0278343 0.027866 0.0278557 0.0271717
 1.0415e-16 6.65289e-05 0.000646684 0.00429744 0.0195356 0.0607825 0.129504 0.189018 0.189031 0.129569 0.0610023 0.0201708 0.00589285 0.00413276 0.00669719 0.0109936 0.0158966 0.0201371 0.0224763 0.0223645 0.020268 0.017339 0.0146938 0.0128632 0.0117374 0.010884
 1.02946e-16 5.99207e-05 0.00058245 0.00387059 0.0175951 0.0547451 0.116641 0.170246 0.170267 0.116746 0.0550973 0.0186125 0.00642482 0.00615968 0.010656 0.0175321 0.0252746 0.0318361 0.0351706 0.034335 0.0300433 0.0241654 0.0185921 0.0143513 0.0114868 0.00950949
 1.02519e-16 6.54436e-05 0.000636135 0.00422734 0.0192169 0.059791 0.127392 0.185935 0.185949 0.127463 0.0600303 0.0199086 0.00596551 0.00443648 0.00730031 0.0120105 0.0174004 0.0221007 0.0247543 0.0247248 0.0224479 0.019086 0.0157813 0.0131045 0.0110258 0.00924736
 1.04068e-16 4.9262e-05 0.000478844 0.00318209 0.0144653 0.0450072 0.0958938 0.139966 0.139998 0.0960464 0.0455199 0.0159464 0.00690086 0.00860028 0.0154832 0.0255448 0.0368545 0.0464747 0.0514392 0.0503767 0.0443102 0.0359261 0.0279274 0.0217641 0.017477 0.0143678
 1.07901e-16 4.59968e-05 0.000447106 0.00297117 0.0135065 0.042024 0.0895376 0.130688 0.130715 0.0896665 0.0424572 0.0147598 0.00612469 0.00735674 0.0132435 0.0220171 0.0321692 0.0414103 0.0474094 0.0490555 0.0470282 0.0431451 0.0390623 0.0354054 0.0318645 0.0278895
 1.09495e-16 5.30737e-05 0.000515895 0.00342831 0.0155846 0.0484896 0.103313 0.150792 0.150812 0.103409 0.0488111 0.0165149 0.00576954 0.00564675 0.00985666 0.0163679 0.0239462 0.0309092 0.0355793 0.0372058 0.0363704 0.034468 0.0326966 0.0313811 0.0300527 0.0280271
 1.04841e-16 6.58896e-05 0.000640471 0.00425615 0.0193479 0.0601985 0.12826 0.187201 0.187214 0.128322 0.0604086 0.0199554 0.00578294 0.00397987 0.00642719 0.0105724 0.0153464 0.0195641 0.0220694 0.0223482 0.0208253 0.0185413 0.0164729 0.0150338 0.014055 0.0131109
 1.01563e-16 7.1778e-05 0.000697708 0.00463651 0.0210769 0.0655782 0.139722 0.20393 0.20394 0.139771 0.065743 0.0215529 0.0058315 0.00330696 0.00502898 0.00820509 0.0118244 0.0148951 0.0164593 0.0160794 0.0140943 0.0113831 0.00883161 0.00691617 0.00564636 0.00477853
 1.01148e-16 6.66725e-05 0.000648081 0.00430672 0.0195778 0.0609137 0.129784 0.189427 0.189443 0.129862 0.0611776 0.0203397 0.00621881 0.00482087 0.00798769 0.0130895 0.018825 0.0236207 0.0259188 0.0249987 0.0214015 0.0165628 0.0119586 0.00843 0.00607132 0.0045503
 1.02672e-16 5.19312e-05 0.000504789 0.0033545 0.0152491 0.0474458 0.101089 0.147549 0.147578 0.101232 0.0479261 0.0166368 0.00683873 0.00811416 0.014513 0.0239351 0.0345295 0.0435331 0.0481525 0.0470794 0.0412423 0.0331322 0.0252771 0.0190678 0.0146137 0.0113534
 1.04065e-16 5.95269e-05 0.000578623 0.00384515 0.0174795 0.0543854 0.115874 0.169126 0.169144 0.115962 0.0546779 0.0183255 0.00597262 0.00523597 0.00894296 0.0147903 0.0215334 0.0275657 0.0312753 0.0318971 0.0299156 0.026633 0.0232792 0.0203914 0.0178397 0.0152707
 1.00625e-16 7.86133e-05 0.000764149 0.00507804 0.023084 0.071823 0.153027 0.223348 0.223351 0.153043 0.071878 0.0232429 0.00547716 0.00163616 0.00173691 0.00275282 0.00397166 0.00502374 0.00559088 0.00552894 0.00494746 0.00412927 0.00335377 0.00276276 0.00234738 0.0020241
 1.00116e-16 7.83541e-05 0.00076163 0.0050613 0.0230079 0.0715862 0.152522 0.222611 0.222616 0.152544 0.0716599 0.0232207 0.00559498 0.00192531 0.00228442 0.00364217 0.00521459 0.00650571 0.00706906 0.00670079 0.00555982 0.00406655 0.00266059 0.00160321 0.00093642 0.000566564
 1.0095e-16 3.73375e-05 0.000362934 0.00241183 0.0109638 0.0341129 0.0726829 0.106093 0.106144 0.0729281 0.0349359 0.01334 0.00837219 0.0133608 0.0246822 0.0406393 0.058288 0.0727679 0.0791468 0.075143 0.0625063 0.0458925 0.0301717 0.0182408 0.0105816 0.00619449
 1.02526e-16 7.04092e-05 0.000684402 0.00454809 0.020675 0.0643276 0.137057 0.20004 0.200047 0.137089 0.0644363 0.0209903 0.00534427 0.00243825 0.00344743 0.00570774 0.00849327 0.0112561 0.0134655 0.0148387 0.0154404 0.0155155 0.0152157 0.0144814 0.0131621 0.011229
 1.02391e-16 6.16901e-05 0.000599649 0.00398488 0.0181147 0.0563617 0.120085 0.175272 0.175293 0.120187 0.0567045 0.0191046 0.00646888 0.00601937 0.0103466 0.0169866 0.0244174 0.0306131 0.03356 0.0323464 0.0277165 0.0215808 0.0158843 0.0117022 0.0090869 0.00750102
 1.02106e-16 6.54962e-05 0.000636646 0.00423074 0.0192323 0.059839 0.127494 0.186084 0.186099 0.127568 0.0600883 0.0199526 0.00604008 0.00459097 0.00758869 0.0124762 0.0180451 0.0228554 0.0254774 0.025239 0.0226007 0.0188016 0.0150785 0.0120809 0.0098224 0.0080121
 1.01437e-16 6.96536e-05 0.000677058 0.00449929 0.0204531 0.0636373 0.135587 0.197895 0.197907 0.135645 0.0638348 0.0210237 0.00593202 0.00380608 0.00601625 0.00984632 0.0142017 0.0179101 0.0198247 0.0194146 0.0170703 0.0138222 0.0107088 0.00828971 0.00658691 0.0053415
 1.01358e-16 6.60617e-05 0.000642144 0.00426727 0.0193984 0.0603557 0.128595 0.187691 0.187708 0.128674 0.0606231 0.0201706 0.00620563 0.00487334 0.00810106 0.0132859 0.0191266 0.024039 0.0264531 0.0256411 0.0221432 0.0173931 0.0128567 0.00935677 0.00697071 0.00536225
 1.04971e-16 3.09546e-05 0.00030089 0.00199952 0.00908957 0.0282813 0.0602581 0.0879587 0.0880075 0.0604968 0.0290831 0.011406 0.00781616 0.0130054 0.0241786 0.0399734 0.0576956 0.0727895 0.0806091 0.0789786 0.0694447 0.0561462 0.0432687 0.0330923 0.0257635 0.0203258
 1.05194e-16 6.66719e-05 0.000648075 0.00430668 0.0195776 0.0609131 0.129782 0.189422 0.189429 0.129817 0.0610321 0.0199229 0.00518024 0.00257713 0.00379511 0.00633808 0.00952009 0.0128016 0.0156596 0.0178261 0.0193703 0.0204933 0.0212271 0.0213303 0.0204677 0.0184951
 1.03976e-16 6.06472e-05 0.000589512 0.00391752 0.0178085 0.0554089 0.118055 0.172309 0.17233 0.118157 0.0557488 0.0187902 0.00638127 0.00596662 0.0102694 0.0168741 0.0242886 0.0305254 0.0336147 0.0326789 0.0284719 0.0228809 0.0177949 0.0142081 0.0120802 0.0107894
 1.06633e-16 4.03545e-05 0.00039226 0.00260671 0.0118497 0.0368691 0.0785549 0.114661 0.114697 0.0787337 0.0374698 0.0135858 0.00696854 0.00992751 0.0181886 0.0301074 0.0436039 0.0553271 0.0618669 0.0616248 0.0557115 0.0470841 0.0386645 0.0319385 0.0268595 0.0226666
 1.05126e-16 6.58018e-05 0.000639617 0.00425048 0.0193221 0.0601181 0.128088 0.186951 0.186961 0.128136 0.0602785 0.0197866 0.00542142 0.00321226 0.00500022 0.00828954 0.012234 0.0160143 0.0188309 0.0203063 0.020657 0.0204318 0.020046 0.0195131 0.0185508 0.0168953
 1.03474e-16 6.2747e-05 0.000609923 0.00405316 0.0184251 0.0573273 0.122143 0.178275 0.178293 0.122233 0.0576304 0.0193004 0.00625045 0.00540677 0.00917356 0.0150692 0.0217108 0.0273276 0.0301672 0.0294413 0.0258019 0.0208999 0.0163861 0.0131291 0.0111013 0.00978268
 1.0591e-16 4.09209e-05 0.000397765 0.00264329 0.012016 0.0373866 0.0796574 0.11627 0.116307 0.0798395 0.0379981 0.013783 0.00708168 0.0100968 0.0184903 0.0305797 0.0442245 0.0559831 0.0623575 0.0617137 0.0552119 0.0459326 0.0369446 0.0298486 0.0246448 0.0205499
 1.09611e-16 4.97863e-05 0.00048394 0.00321595 0.0146193 0.0454861 0.0969136 0.141452 0.141472 0.0970084 0.0458049 0.0155426 0.00554352 0.0055977 0.00985783 0.0164701 0.0243116 0.0318136 0.0373838 0.0402596 0.0408572 0.0402583 0.0392914 0.0380044 0.0358756 0.032427
 1.08332e-16 5.79686e-05 0.000563475 0.00374449 0.0170219 0.0529616 0.112841 0.164698 0.164716 0.112927 0.0532501 0.0178562 0.00584207 0.00515393 0.00881041 0.0145659 0.0211998 0.0271442 0.0308543 0.031661 0.0301614 0.0277553 0.0257013 0.02444 0.0235971 0.0224757
 1.08584e-16 4.74059e-05 0.000460802 0.00306219 0.0139203 0.0433114 0.0922806 0.134692 0.134722 0.0924233 0.0437907 0.0153054 0.00654203 0.0080673 0.0145233 0.0240144 0.0347792 0.0441454 0.0494248 0.0494014 0.0450421 0.0387826 0.0329822 0.0287632 0.025918 0.0235983
 1.03835e-16 6.91266e-05 0.000671935 0.00446525 0.0202984 0.0631558 0.13456 0.196397 0.196406 0.134605 0.0633055 0.0207316 0.00555544 0.00306124 0.00463455 0.00762532 0.0111495 0.0143832 0.0165323 0.0172302 0.0167277 0.0156595 0.0145867 0.0136909 0.0128094 0.011688
pSPR Fmed_Fpbrs
1   0.984182 0.6 0.325 0.984182 0.984182 0.984182
Fs Fmed_Fpbrs
0   0.01 0.368336 0.960719 0.01 0.01 0.01
SSBpbr Bo_Bmed_Bpbrs
900275  855261  841021 495151 247576 841021 841021 841021
Ro
151512
SPR SPRFo_SPRFmed_SPRFpbrs
1.09154e+06 1.09154e+06 1.07428e+06
Fref
0
Nvult_r0
 143470 20259.7 10554.6 2614.91 1643.49
CTP_r0
 20563.4 5329.25 2904.02 721.218 453.348
YTP_r0
356512
Np
 208291 76626 28189.1 10370.2 5218.44
Nvult_p0
 131665 48436.9 17818.9 6555.22 3298.68
CTP_p0
 0 0 0 0 0
 0 0 0 0 0
 0 0 0 0 0
 0 0 0 0 0
 0 0 0 0 0
 0 0 0 0 0
YTP_p0
 0 0 0 0 0 0
CBA_c0
0
log_Ro
11.7484
likeval ReclasPelacesDesembMPH_pf_preclas_ppelaces_ptallas_desvR_qrecl_qpela
 18.9877 0.000263727 0.0644599 61.2082 238.687 136.306 110.778 0 22.6679 7.79915e-07 4.85798e-06 0.266812 2064.27 0 0
q_reclas_q_pelaces
1.13303 1.36575
M
1
N
 180085 32450.9 100815 6174.16 0.245005
 87645.9 60512 9840.17 30197.9 1848.19
 111123 27340.7 15658 2490.03 8099
 158928 34793 7130.77 3995.65 2698.68
 137185 45191.1 7388.72 1462.43 1370.18
 210443 46667.2 14067.7 2275.81 871.947
 87894.4 65642.8 12074 3559.29 795.409
 44812.5 22981.8 11655.9 2047.1 736.391
 40581.8 15597.4 7512.35 3781.65 902.696
 55483.7 12007.5 3605.58 1686.16 1049.65
 120499 15348.8 2404.66 694.738 525.982
 158638 41432.7 4888.48 758.892 385.047
 73901.3 45402.9 8921.67 1017.47 237.633
 38330 20975.1 9604.05 1822.09 255.823
 123120 6248.78 1359.44 557.539 119.88
 510314 31794.2 1080.49 224.072 111.354
 113794 145783 6819.08 223.942 69.3842
 392030 37345.7 42036.5 1936.14 83.2107
 294755 118009 8955.8 9810.73 470.568
 292021 76907.9 20860.6 1511.21 1730.34
 443043 79217.2 14771.5 3844.81 596.028
 505958 132906 18857.8 3420.62 1026.75
 97036.3 147343 29698.3 4082.65 961.113
 305917 31446.8 41358.4 8194.33 1390.32
 302439 98520.2 8709.79 11250.6 2604.62
 118264 99099.7 28312.8 2464.12 3916.35
 284996 39936.2 30369.5 8576.6 1931.49
 336496 93069.7 11394.6 8526.43 2947.52
 134732 111940 27623.6 3336.24 3356.87
 128911 46139.5 35345.5 8638.16 2091.83
 145260 43376.9 14032.6 10620.8 3222
 80573.5 45754.7 11458.7 3629.87 3576.49
 208291 27283.9 14104.5 3492.9 2195.26
pred_Ctot
 9931.86 3661.96 12038.8 739.548 0.0293517
 8537.86 11674.5 2001.39 6159.51 377.036
 10597.8 5172.33 3123.39 498.125 1620.43
 23293.7 9717.94 2090.56 1174.49 793.365
 6572.02 4454.33 771.169 153.11 143.476
 20507 9006.29 2862.12 464.348 177.935
 16522.2 22752.1 4376.75 1293.34 289.065
 1533.09 1634.62 878.942 154.858 55.7154
 5110.12 3804.18 1926.72 972.532 232.181
 8902.69 3631.4 1143.16 535.965 333.689
 5004.55 1317.97 218.767 63.403 48.01
 22722.8 11339.3 1404.71 218.643 110.951
 10901 12753.2 2630.21 300.745 70.2496
 14394.3 12446.9 5868.29 1115.07 156.569
 23871 2223.34 505.61 207.857 44.6982
 73583.3 8752.84 312.29 64.9327 32.2731
 7833.97 20320.7 1004.61 33.091 10.2542
 45780.2 8507.83 10078.4 465.479 20.0081
 55702.3 41087.2 3260.81 3580.7 171.769
 49690 24475.9 6954.02 505.032 578.34
 52553.2 18304.9 3591.61 937.419 145.341
 67929.8 34336.2 5119.33 931.084 279.519
 7380.18 22564.3 4803.77 662.338 155.948
 24353.9 5027 6981.01 1387.22 235.404
 21095.1 13903.9 1299.04 1683.03 389.699
 6178.28 10616.7 3210.57 280.285 445.542
 20429.8 5783.8 4647.42 1316.4 296.505
 20530.3 11566.6 1497.75 1124.16 388.675
 5920.74 10151.7 2653.63 321.494 323.536
 7004.31 5132.78 4161.17 1020.09 247.065
 13371.1 7940.81 2709.47 2056.63 624.007
 4078.27 4755.08 1260.67 400.59 394.765
 20563.4 5329.25 2904.02 721.218 453.348
F
 0.0905854 0.193256 0.205515 0.206204 0.20624
 0.164927 0.351858 0.374178 0.375432 0.375498
 0.161225 0.343959 0.365779 0.367004 0.367069
 0.257551 0.549461 0.584317 0.586275 0.586378
 0.0782889 0.167022 0.177617 0.178212 0.178244
 0.164989 0.351988 0.374317 0.375571 0.375638
 0.341435 0.72842 0.774629 0.777224 0.777361
 0.0553822 0.118153 0.125648 0.126069 0.126091
 0.217785 0.464623 0.494098 0.495753 0.49584
 0.285049 0.608125 0.646703 0.64887 0.648984
 0.0675725 0.14416 0.153305 0.153818 0.153846
 0.251048 0.535587 0.569563 0.571471 0.571572
 0.259393 0.553391 0.588497 0.590468 0.590572
 0.813845 1.73626 1.84641 1.85259 1.85292
 0.353879 0.754969 0.802862 0.805551 0.805693
 0.252909 0.539558 0.573786 0.575708 0.57581
 0.114174 0.243579 0.259031 0.259899 0.259945
 0.200578 0.427915 0.455061 0.456586 0.456666
 0.343535 0.7329 0.779393 0.782004 0.782142
 0.304634 0.649908 0.691136 0.693451 0.693574
 0.204024 0.435266 0.462878 0.464429 0.464511
 0.233689 0.498554 0.53018 0.531957 0.53205
 0.126787 0.270489 0.287648 0.288611 0.288662
 0.13305 0.28385 0.301857 0.302868 0.302922
 0.115752 0.246946 0.262612 0.263492 0.263538
 0.0856322 0.182688 0.194278 0.194928 0.194963
 0.119126 0.254145 0.270268 0.271173 0.271221
 0.100626 0.214676 0.228295 0.22906 0.2291
 0.0716175 0.152789 0.162482 0.163026 0.163055
 0.0891933 0.190286 0.202357 0.203035 0.203071
 0.155234 0.331178 0.352187 0.353367 0.35343
 0.0828725 0.176801 0.188017 0.188646 0.18868
 0.167309 0.356938 0.379581 0.380852 0.38092
YTP_r0W_actual
 155048 92995.4 69899.7 22588.5 15980.5
YTP_p0W_proyectada
 0 0 0 0 0
 0 0 0 0 0
 0 0 0 0 0
 0 0 0 0 0
 0 0 0 0 0
 0 0 0 0 0
CTP_r0_actual
 20563.4 5329.25 2904.02 721.218 453.348
CTP_p0_proyectada
 0 0 0 0 0
 0 0 0 0 0
 0 0 0 0 0
 0 0 0 0 0
 0 0 0 0 0
 0 0 0 0 0
Wmedp
 7.54 17.45 24.07 31.32 35.25
Frms_r0
 0.167309 0.356938 0.379581 0.380852 0.38092
Zrms_r0
 1.16731 1.35694 1.37958 1.38085 1.38092
nmprior
 7.29 8.9 8.7 0
nm_flota  nm_reclas  nm_pelaces    nm_pelaL
inf 12.1124 17.0526 53.0282
cv_recla  cv_pelaces  cv_mph
0.37737 0.59299 0.627281
 ------------------------------------------------
Talla a la edad & desviaci?n 
 8 13.2811 15.8009 17.003 17.5766
 0.8 1.32811 1.58009 1.7003 1.75766
