years
 1991 1992 1993 1994 1995 1996 1997 1998 1999 2000 2001 2002 2003 2004 2005 2006 2007 2008 2009 2010 2011 2012 2013 2014 2015 2016 2017 2018 2019 2020 2021 2022 2023
reclasobs
 0 0 0 0 0 0 0 0 0 252601 567819 844713 477998 351125 339783 2.1784e+06 2.13404e+06 4.81314e+06 1.55562e+06 2.62356e+06 3.21686e+06 3.843e+06 1.13348e+06 3.07943e+06 1.97215e+06 2.03268e+06 2.025e+06 2.42433e+06 2.27542e+06 1.05018e+06 2.36338e+06 3.18982e+06 1.53035e+06
reclaspred
 3.04075e+06 1.62911e+06 851794 869987 919548 1.6871e+06 845376 751056 520518 340046 604976 1.01106e+06 800953 257283 719655 2.00658e+06 1.88593e+06 2.75568e+06 1.84275e+06 1.5196e+06 3.13199e+06 2.53443e+06 1.76008e+06 2.83721e+06 2.2276e+06 1.97435e+06 2.4782e+06 2.86415e+06 2.40554e+06 1.85755e+06 1.5454e+06 1.392e+06 1.37874e+06
pelacesobs
 0 0 0 0 0 0 0 0 0 0 0 0 0 0 0 552880 188675 0 991730 2.46772e+06 1.41603e+06 1.21717e+06 2.29649e+06 1.80582e+06 0 1.4828e+06 1.56532e+06 1.57751e+06 1.42118e+06 867257 1.10002e+06 1.06204e+06 0
pelacespred
 1.59171e+06 923829 456902 382441 458961 869816 367775 461169 278280 163504 323955 474725 408369 103469 382369 919445 923644 1.43308e+06 938355 656833 1.57364e+06 1.26658e+06 945278 1.65802e+06 1.23255e+06 1.12037e+06 1.60028e+06 1.64739e+06 1.31733e+06 1.13859e+06 808927 761118 712402
mphobs
 0 0 0 0 0 0 0 0 0 0 0 0 498337 0 5186 125008 0 168611 109162 213762 579715 649985 157893 87575 83554 210694 70296 0 107559 103333 445601 22526 28222
mphpred
 479949 333240 155400 90166.8 96641.4 124119 173262 82314.2 77132.2 45230.4 28003.9 81438.4 118073 56744.4 12575.3 70650.5 260205 231269 245103 322624 408485 611189 105548 78288.3 127101 108675 91276.2 108110 163288 123623 77704.8 72754.1 45316.5
desembarqueobs
 494567 514787 250237 358949 120608 361735 552515 73892 212993 205616 52469 317467 293654 387597 252695 516296 358380 742168 942051 627588 828172 859565 418607 520667 417249 300574 415391 372974 316634 284311 391294 218835 356480
desembarquepred
 494562 514079 250517 359006 120615 361741 552512 73898.6 213064 205679 52470.7 317448 293791 387871 252608 516132 358372 742063 941486 627229 828158 859535 418666 520694 417191 300584 415378 372923 316577 284224 391307 218869 356513
Reclutas
 170247 82165.3 91655.1 117284 103452 190344 68403.5 31139.2 30624.2 41982.2 91531.6 157814 71788.6 35557.2 97483.5 412447 83002.7 343431 252904 254129 358811 410538 68718.8 230093 229731 83359 211948 252200 99922.6 100465 105770 54478.7 141296
log_desv_Rt
 0.348387 -0.38013 -0.270831 -0.0242667 -0.14976 0.459971 -0.563439 -1.35039 -1.36707 -1.05162 -0.272179 0.272554 -0.515138 -1.21772 -0.20918 1.23324 -0.36999 1.05012 0.744147 0.74898 1.09393 1.22861 -0.55884 0.649619 0.648044 -0.365707 0.567476 0.74136 -0.184467 -0.179052 -0.127593 -0.791053 0.161991
SSB
 1.42483e+06 989295 461337 267680 286901 368473 514365 244368 228984 134276 83135.7 241768 333056 162632 35824.2 202599 772474 686572 758037 442183 574719 909222 838027 596673 899264 817671 646044 733753 1.14998e+06 817551 596053 569394 328091
BT
 2.16309e+06 1.5037e+06 736121 724726 610479 1.30616e+06 898303 585761 527656 380694 421730 807778 717436 509635 702966 1.50464e+06 1.29925e+06 2.29732e+06 1.98741e+06 1.2902e+06 2.50409e+06 2.22508e+06 1.40326e+06 2.40906e+06 1.76573e+06 1.50502e+06 2.27047e+06 2.24294e+06 1.7003e+06 1.53866e+06 1.26906e+06 1.02737e+06 1.13836e+06
Ftot
 0.300805 0.538534 0.531872 0.871834 0.275436 0.50303 1.10593 0.201546 0.835771 1.22761 0.239377 0.723856 0.704225 2.51994 1.06204 0.732213 0.351467 0.616722 1.04621 0.949579 0.629566 0.727701 0.425971 0.449308 0.385747 0.288452 0.398366 0.319821 0.23195 0.297619 0.529835 0.295107 0.6148
BD_Bspro_t
 0.953011 0.718026 0.48468 0.392262 0.388681 0.500367 0.501815 0.294903 0.354724 0.281634 0.246249 0.567811 0.498518 0.276349 0.0881653 0.343159 0.547789 0.492437 0.460001 0.315128 0.328474 0.421364 0.428726 0.387296 0.521371 0.556616 0.552485 0.610599 0.694437 0.625888 0.574181 0.542415 0.515961
BD_Bspro
 1.64586 1.14276 0.532902 0.309203 0.331406 0.425632 0.594156 0.282275 0.264505 0.155106 0.0960321 0.279272 0.384721 0.18786 0.0413814 0.234028 0.892304 0.793076 0.875628 0.510776 0.663873 1.05026 0.968026 0.689232 1.03876 0.944513 0.746261 0.847577 1.32837 0.944374 0.688516 0.657721 0.378986
BD_Bo
 2.4658 1.71206 0.798385 0.463243 0.496507 0.637675 0.890154 0.4229 0.396276 0.232377 0.143874 0.4184 0.576382 0.281449 0.0619969 0.350616 1.33683 1.18817 1.31185 0.765236 0.994603 1.57349 1.45028 1.03259 1.55626 1.41505 1.11804 1.26982 1.99014 1.41484 1.03152 0.985387 0.56779
BD_Brms
 2.6416 1.83413 0.855308 0.496271 0.531907 0.683139 0.953619 0.453051 0.42453 0.248945 0.154131 0.448231 0.617477 0.301515 0.0664171 0.375614 1.43215 1.27289 1.40538 0.819796 1.06552 1.68567 1.55368 1.10622 1.66721 1.51594 1.19775 1.36036 2.13203 1.51572 1.10507 1.05564 0.608271
Sel_flota
 0.472338 1 1 1 1
 0.472338 1 1 1 1
 0.472338 1 1 1 1
 0.472338 1 1 1 1
 0.472338 1 1 1 1
 0.472338 1 1 1 1
 0.472338 1 1 1 1
 0.472338 1 1 1 1
 0.472338 1 1 1 1
 0.472338 1 1 1 1
 0.472338 1 1 1 1
 0.472338 1 1 1 1
 0.472338 1 1 1 1
 0.472338 1 1 1 1
 0.472338 1 1 1 1
 0.472338 1 1 1 1
 0.472338 1 1 1 1
 0.472338 1 1 1 1
 0.472338 1 1 1 1
 0.472338 1 1 1 1
 0.472338 1 1 1 1
 0.472338 1 1 1 1
 0.472338 1 1 1 1
 0.472338 1 1 1 1
 0.472338 1 1 1 1
 0.472338 1 1 1 1
 0.472338 1 1 1 1
 0.472338 1 1 1 1
 0.472338 1 1 1 1
 0.472338 1 1 1 1
 0.472338 1 1 1 1
 0.472338 1 1 1 1
 0.472338 1 1 1 1
Sel_reclas
 1 1 1 1 1
 1 1 1 1 1
 1 1 1 1 1
 1 1 1 1 1
 1 1 1 1 1
 1 1 1 1 1
 1 1 1 1 1
 1 1 1 1 1
 1 1 1 1 1
 1 1 1 1 1
 1 1 1 1 1
 1 1 1 1 1
 1 1 1 1 1
 1 1 1 1 1
 1 1 1 1 1
 1 1 1 1 1
 1 1 1 1 1
 1 1 1 1 1
 1 1 1 1 1
 1 1 1 1 1
 1 1 1 1 1
 1 1 1 1 1
 1 1 1 1 1
 1 1 1 1 1
 1 1 1 1 1
 1 1 1 1 1
 1 1 1 1 1
 1 1 1 1 1
 1 1 1 1 1
 1 1 1 1 1
 1 1 1 1 1
 1 1 1 1 1
 1 1 1 1 1
Sel_pelaces
 0.895901 1 1 1 1
 0.895901 1 1 1 1
 0.895901 1 1 1 1
 0.895901 1 1 1 1
 0.895901 1 1 1 1
 0.895901 1 1 1 1
 0.895901 1 1 1 1
 0.895901 1 1 1 1
 0.895901 1 1 1 1
 0.895901 1 1 1 1
 0.895901 1 1 1 1
 0.895901 1 1 1 1
 0.895901 1 1 1 1
 0.895901 1 1 1 1
 0.895901 1 1 1 1
 0.895901 1 1 1 1
 0.895901 1 1 1 1
 0.895901 1 1 1 1
 0.895901 1 1 1 1
 0.895901 1 1 1 1
 0.895901 1 1 1 1
 0.895901 1 1 1 1
 0.895901 1 1 1 1
 0.895901 1 1 1 1
 0.895901 1 1 1 1
 0.895901 1 1 1 1
 0.895901 1 1 1 1
 0.895901 1 1 1 1
 0.895901 1 1 1 1
 0.895901 1 1 1 1
 0.895901 1 1 1 1
 0.895901 1 1 1 1
 0.895901 1 1 1 1
pf_obs 
 0.8446 0.082 0.0669 0.0065 0
 0.8095 0.147 0.0364 0.0071 0
 0.9664 0.0169 0.016 0.0007 0
 0.9276 0.0648 0.0075 0.0001 0
 0.7033 0.2144 0.0806 0.0017 0
 0.9318 0.0425 0.0243 0.0014 0
 0.5671 0.3108 0.0964 0.0239 0.0018
 0.0768 0.2599 0.5324 0.112 0.0189
 0.490249 0.384438 0.106611 0.0170017 0.00170017
 0.7925 0.1577 0.0466 0.003 0.0002
 0.840416 0.127587 0.0312969 0.00059994 9.999e-05
 0.8084 0.0986 0.0794 0.0134 0.0002
 0.7335 0.1905 0.0724 0.0035 0.0001
 0.4001 0.4547 0.1325 0.0127 0
 0.49795 0.308269 0.164784 0.0264974 0.00249975
 0.9179 0.0499 0.0305 0.0017 0
 0.2467 0.6533 0.0926 0.0074 0
 0.9418 0.0223 0.034 0.0019 0
 0.707729 0.231977 0.0356964 0.0245975 0
 0.517169 0.277429 0.184464 0.0207286 0.00020938
 0.811772 0.124168 0.05621 0.00726502 0.000585176
 0.764997 0.148141 0.077277 0.00933861 0.000247198
 0.163321 0.427699 0.378323 0.0303852 0.000271297
 0.753843 0.0900009 0.118128 0.0371064 0.000921714
 0.721811 0.176058 0.0630433 0.0369309 0.00215725
 0.143369 0.312575 0.442814 0.0836902 0.0175525
 0.692698 0.0596174 0.167031 0.0765114 0.00414204
 0.394062 0.376323 0.152708 0.0712218 0.00568511
 0.125707 0.32114 0.495352 0.0537591 0.00404204
 0.23352 0.215282 0.420074 0.123614 0.00750983
 0.796117 0.104755 0.0508955 0.0450114 0.00322123
 0.162477 0.292055 0.404252 0.121198 0.0200186
 0 0 0 0 0
pf_pred 
 0.472504 0.156873 0.344325 0.0262967 1.07098e-06
 0.350208 0.439208 0.0626259 0.137459 0.0104984
 0.542551 0.263455 0.131125 0.0186969 0.0441725
 0.652104 0.260525 0.0503189 0.0250444 0.0120078
 0.603959 0.333225 0.0470399 0.0090855 0.0066901
 0.699127 0.234333 0.0559859 0.00790328 0.00265049
 0.380561 0.528147 0.071102 0.0169874 0.00320226
 0.402391 0.391058 0.17611 0.0237089 0.00673222
 0.496528 0.303557 0.130818 0.058913 0.0101833
 0.706304 0.21549 0.0471527 0.0203204 0.010733
 0.823318 0.156502 0.0148068 0.00323996 0.00213375
 0.723503 0.252736 0.0210469 0.00199126 0.000722673
 0.453046 0.478823 0.0622762 0.00518611 0.000668735
 0.473139 0.362705 0.143708 0.0186908 0.0017572
 0.921558 0.0651152 0.00917456 0.00363507 0.000517229
 0.909852 0.0876869 0.00204332 0.000287898 0.000130299
 0.274922 0.699354 0.0250214 0.00058306 0.000119332
 0.770662 0.10848 0.11657 0.00417064 0.000117077
 0.580554 0.376188 0.0204615 0.0219874 0.000808748
 0.671933 0.264643 0.0568836 0.00309399 0.00344702
 0.734057 0.227738 0.0308192 0.00662444 0.00076174
 0.667346 0.291962 0.0348465 0.00471569 0.00113017
 0.218342 0.659436 0.107271 0.0128031 0.00214786
 0.699761 0.121284 0.150972 0.0245589 0.00342291
 0.593752 0.345606 0.0244971 0.0304934 0.00565178
 0.316071 0.531917 0.12932 0.00916643 0.013525
 0.677723 0.166719 0.120984 0.0294137 0.00516112
 0.62221 0.315405 0.0322728 0.0234195 0.00669285
 0.330539 0.531674 0.115034 0.0117705 0.0109825
 0.448086 0.292108 0.206334 0.0446427 0.00883004
 0.531313 0.306423 0.0858801 0.0606624 0.0157211
 0.400892 0.443417 0.101789 0.028528 0.0253734
 0.72514 0.16729 0.0796156 0.0182762 0.00967799
pobs_RECLAS
 0 0 0 0 0
 0 0 0 0 0
 0 0 0 0 0
 0 0 0 0 0
 0 0 0 0 0
 0 0 0 0 0
 0 0 0 0 0
 0 0 0 0 0
 0 0 0 0 0
 0 0 0 0 0
 0.991045 0.00858322 0.000360255 1.14367e-05 0
 0.934742 0.0480273 0.0164251 0.00080598 0
 0.827803 0.169806 0.00239088 0 0
 0.941827 0.0461693 0.0120037 0 0
 0.791401 0.0380133 0.147996 0.0225897 0
 0.846168 0.0940531 0.0597789 0 0
 0.134021 0.677848 0.182769 0.00536245 0
 0.80878 0.0450904 0.141981 0.00414843 0
 0.846168 0.0940531 0.0597789 0 0
 0.905697 0.0802665 0.012482 0.00150086 5.37128e-05
 0.989698 0.0102097 9.19794e-05 0 0
 0.975433 0.0193895 0.00387452 0.00125025 5.28907e-05
 0.303575 0.632131 0.0575291 0.00676475 0
 0.966965 0.00978017 0.0227588 0.000495775 0
 0.843318 0.132988 0.00938335 0.0141283 0.000182051
 0.564624 0.303363 0.111486 0.0197234 0.00080311
 0.826376 0.0876187 0.0782897 0.00655872 0.00115652
 0.89761 0.0855135 0.0140674 0.00269457 0.000114338
 0.34875 0.467042 0.161289 0.0227151 0.000203297
 0.318654 0.224769 0.449479 0.00709798 0
 0.937255 0.0296025 0.0250945 0.00804832 0
 0.456809 0.399803 0.12412 0.0192676 0
 0.883104 0.0372192 0.0704036 0.00927362 0
ppred_RECLAS
 0.658301 0.101619 0.223045 0.0170344 6.93753e-07
 0.540901 0.310315 0.0442473 0.0971193 0.00741747
 0.721559 0.16036 0.0798135 0.0113805 0.026887
 0.808238 0.143603 0.0277361 0.0138046 0.00661879
 0.766075 0.196823 0.0277846 0.00536644 0.00395157
 0.835153 0.12839 0.0306744 0.00433016 0.00145219
 0.585776 0.353177 0.0475466 0.0113596 0.00214138
 0.590131 0.268206 0.120785 0.0162607 0.00461728
 0.688489 0.187819 0.0809404 0.036451 0.00630065
 0.848704 0.111009 0.0242905 0.010468 0.00552904
 0.908973 0.0806304 0.00762852 0.00166924 0.00109931
 0.853075 0.134299 0.0111839 0.00105812 0.000384015
 0.647251 0.308809 0.0401641 0.0033447 0.000431291
 0.715356 0.195957 0.0776404 0.010098 0.000949355
 0.964181 0.0297336 0.00418939 0.00165989 0.000236183
 0.957285 0.0415483 0.000968177 0.000136414 6.17392e-05
 0.449974 0.530513 0.0189806 0.000442294 9.05226e-05
 0.880819 0.0563745 0.0605787 0.00216738 6.08419e-05
 0.759968 0.215277 0.0117093 0.0125825 0.000462813
 0.822692 0.14303 0.0307435 0.00167219 0.00186299
 0.858694 0.121006 0.0163754 0.00351982 0.000404742
 0.816611 0.160956 0.0192105 0.00259971 0.000623051
 0.377218 0.525402 0.085468 0.0102008 0.0017113
 0.835038 0.066638 0.0829495 0.0134935 0.00188066
 0.759649 0.204473 0.0144933 0.018041 0.00334379
 0.498297 0.390193 0.0948643 0.00672413 0.00992139
 0.819864 0.0931869 0.0676232 0.0164406 0.00288478
 0.780048 0.183631 0.0187895 0.013635 0.00389663
 0.513994 0.385978 0.0835107 0.00854496 0.00797293
 0.63581 0.192752 0.136153 0.0294582 0.00582665
 0.712356 0.188059 0.0527065 0.0372299 0.00964836
 0.589943 0.303495 0.0696691 0.0195259 0.0173667
 0.852972 0.0894867 0.042588 0.00977631 0.00517695
pobs_PELACES
 0 0 0 0 0
 0 0 0 0 0
 0 0 0 0 0
 0 0 0 0 0
 0 0 0 0 0
 0 0 0 0 0
 0 0 0 0 0
 0 0 0 0 0
 0 0 0 0 0
 0 0 0 0 0
 0 0 0 0 0
 0 0 0 0 0
 0 0 0 0 0
 0 0 0 0 0
 0 0 0 0 0
 0 0 0 0 0
 0.505614 0.472636 0.0217494 0 0
 0 0 0 0 0
 0.443492 0.261883 0.143347 0.151278 0
 0.227955 0.32914 0.350689 0.0885471 0.00366901
 0.970185 0.0296113 0.000203453 0 0
 0.997202 0.00247181 0.000326279 0 0
 0.445219 0.490057 0.0546422 0.010081 0
 0.90214 0.0892962 0.00764917 0.000914606 0
 0 0 0 0 0
 0.581667 0.319106 0.0959925 0.00289975 0.000334073
 0.762889 0.0836404 0.116647 0.0363945 0.000428098
 0.88444 0.0763242 0.0277011 0.0115352 0
 0.521256 0.241999 0.230069 0.00667565 0
 0.616807 0.101726 0.260614 0.0208532 0
 0.833518 0.0704572 0.0857862 0.0102388 0
 0.697417 0.212968 0.0787535 0.0105354 0.000325836
 0 0 0 0 0
ppred_PELACES
 0.645241 0.105503 0.23157 0.0176854 7.20269e-07
 0.536887 0.313028 0.0446341 0.0979683 0.00748232
 0.718068 0.162371 0.0808143 0.0115232 0.0272241
 0.814646 0.138804 0.0268092 0.0133433 0.00639761
 0.754788 0.206319 0.0291252 0.00562537 0.00414223
 0.832056 0.130803 0.0312508 0.00441154 0.00147948
 0.605677 0.336209 0.0452622 0.0108139 0.0020385
 0.571917 0.280125 0.126152 0.0169833 0.00482246
 0.696074 0.183246 0.0789697 0.0355634 0.00614724
 0.86156 0.101576 0.0222264 0.00957848 0.00505922
 0.903166 0.0857736 0.00811512 0.00177572 0.00116944
 0.855083 0.132463 0.011031 0.00104365 0.000378765
 0.650145 0.306276 0.0398345 0.00331726 0.000427752
 0.77737 0.153264 0.0607251 0.00789797 0.000742522
 0.966683 0.0276566 0.00389675 0.00154394 0.000219685
 0.957998 0.040855 0.000952019 0.000134137 6.07089e-05
 0.437946 0.542114 0.0193957 0.000451966 9.25021e-05
 0.880552 0.0565006 0.0607142 0.00217223 6.0978e-05
 0.772899 0.20368 0.0110785 0.0119047 0.00043788
 0.830632 0.136624 0.0293667 0.0015973 0.00177956
 0.858658 0.121037 0.0163797 0.00352073 0.000404846
 0.819112 0.158761 0.0189486 0.00256426 0.000614555
 0.368856 0.532456 0.0866155 0.0103378 0.00173427
 0.830627 0.06842 0.0851677 0.0138544 0.00193096
 0.751756 0.211187 0.0149693 0.0186334 0.0034536
 0.483378 0.401796 0.0976852 0.00692408 0.0102164
 0.813797 0.096326 0.0699011 0.0169945 0.00298196
 0.770601 0.191518 0.0195964 0.0142206 0.00406398
 0.496613 0.399781 0.0864972 0.00885055 0.00825806
 0.622253 0.199927 0.141221 0.0305548 0.00604355
 0.708723 0.190434 0.0533723 0.0377002 0.00977024
 0.575711 0.314029 0.0720871 0.0202036 0.0179695
 0.852612 0.0897061 0.0426924 0.00980028 0.00518964
pobs_pel_tallas
 0 0 0 0 0 0 0 0 0 0 0 0 0 0 0 0 0 0 0 0 0 0 0 0 0 0
 0 0 0 0 0 0 0 0 0 0 0 0 0 0 0 0 0 0 0 0 0 0 0 0 0 0
 0 0 0 0 0 0 0 0 0 0 0 0 0 0 0 0 0 0 0 0 0 0 0 0 0 0
 0 0 0 0 0 0 0 0 0 0 0 0 0 0 0 0 0 0 0 0 0 0 0 0 0 0
 0 0 0 0 0 0 0 0 0 0 0 0 0 0 0 0 0 0 0 0 0 0 0 0 0 0
 0 0 0 0 0 0 0 0 0 0 0 0 0 0 0 0 0 0 0 0 0 0 0 0 0 0
 0 0 0 0 0 0 0 0 0 0 0 0 0 0 0 0 0 0 0 0 0 0 0 0 0 0
 0 0 0 0 0 0 0 0 0 0 0 0 0 0 0 0 0 0 0 0 0 0 0 0 0 0
 0 0 0 0 0 0 0 0 0 0 0 0 0 0 0 0 0 0 0 0 0 0 0 0 0 0
 0 0 0 0 0 0 0 0 0 0 0 0 0 0 0 0 0 0 0 0 0 0 0 0 0 0
 0 0 0 0 0 0 0 0 0 0 0 0 0 0 0 0 0 0 0 0 0 0 0 0 0 0
 0 0 0 0 0 0 0 0 0 0 0 0 0 0 0 0 0 0 0 0 0 0 0 0 0 0
 0.00862536 0 0 0.000197151 0.00414017 0.0128641 0.00837892 0.0270097 0.101434 0.158115 0.152841 0.127902 0.109271 0.109419 0.0830992 0.0579132 0.0238553 0.00714673 0.00463305 0.00128148 0.00103504 0.000492878 0.000147863 0.000147863 4.92878e-05 0
 0 0 0 0 0 0 0 0 0 0 0 0 0 0 0 0 0 0 0 0 0 0 0 0 0 0
 0 0 0 0 0 0 0 0.0054083 0.00873648 0.0413646 0.0450493 0.0745869 0.0622846 0.0627006 0.0613931 0.0827291 0.12552 0.122667 0.0946155 0.0697135 0.0546179 0.0294188 0.0215738 0.0213955 0.0102223 0.00600262
 0 0 0 0 0.00359764 0.0251062 0.0480494 0.140153 0.205849 0.193036 0.1447 0.116669 0.0760912 0.0342217 0.00950174 0.001854 0.000860785 0 0 0 0.000165536 0 0.000143464 0 0 0
 0 0 0 0 0 0 0 0.000145254 0.000435761 0.0275982 0.070085 0.0708112 0.156366 0.174668 0.174014 0.160142 0.0824315 0.0480064 0.0283245 0.00493863 0.00203355 0 0 0 0 0
 0 0 0 0 0 0 0 0 0 0 0 0 0 0 0 0 0 0 0 0 0 0 0 0 0 0
 0 0 1.00437e-05 0.000401748 0.00122533 0.00171747 0.00176769 0.0269171 0.070346 0.194647 0.189555 0.159765 0.064822 0.0314167 0.0384472 0.0292271 0.0345202 0.0313363 0.0194345 0.0106764 0.0143323 0.0359363 0.0279516 0.0138201 0.00172751 0
 0 0.0021121 0.0136068 0.0755702 0.200478 0.177729 0.0527432 0.0373336 0.0318909 0.0142505 0.0149659 0.0166563 0.0217959 0.0798694 0.0677717 0.0528807 0.04013 0.0224614 0.0357745 0.0225083 0.00881397 0.00855152 0.00135912 0.000746735 0 0
 0 0 0 0 5.4009e-05 0.00500934 0.000945158 0.0243581 0.138947 0.33067 0.221406 0.137944 0.0707744 0.0437923 0.0131692 0.00525238 0.0047753 0.00276346 9.45158e-05 9.00151e-06 2.25038e-05 9.00151e-06 4.50075e-06 0 0 0
 0.000866109 0.00284123 0.00948549 0.0512746 0.133035 0.25785 0.225252 0.132002 0.0553304 0.0519788 0.0540692 0.017754 0.00435017 0.00159236 0.00146478 0.000404838 0.000125132 0.000115318 0.000107957 0.000100596 0 0 0 0 0 0
 0 0 0 0 0.00144013 0.00171154 0.00461396 0.0210425 0.0478622 0.0707936 0.0888783 0.103762 0.0637923 0.0337046 0.0602308 0.124433 0.169614 0.0934646 0.0462172 0.0250306 0.0313229 0.00938855 0.002487 0.000210481 0 0
 0 0.00764035 0.051015 0.0998891 0.058973 0.0496711 0.0374665 0.0718981 0.12319 0.153886 0.159021 0.0857701 0.0377988 0.023471 0.0147837 0.00900784 0.00315554 0.000888139 0.00291439 0.00214683 0.00393193 0.00274676 0.000635225 9.99891e-05 0 0
 0 0 0 0 0 0 0 0 0 0 0 0 0 0 0 0 0 0 0 0 0 0 0 0 0 0
 0 0 0 0 0 0 0 0 0 0 0 0 0 0 0 0 0 0 0 0 0 0 0 0 0 0
 0 0 0 0 0 0 0 0 0 0 0 0 0 0 0 0 0 0 0 0 0 0 0 0 0 0
 0 0 0 0 0 0 0 0 0 0 0 0 0 0 0 0 0 0 0 0 0 0 0 0 0 0
 0 0 0 0 0 0 0 0 0 0 0 0 0 0 0 0 0 0 0 0 0 0 0 0 0 0
 0 0 0 0 0 0 0 0 0 0 0 0 0 0 0 0 0 0 0 0 0 0 0 0 0 0
 0 0 0 0 0 0 0 0 0 0 0 0 0 0 0 0 0 0 0 0 0 0 0 0 0 0
 0 0 0 0 0 0 0 0 0 0 0 0 0 0 0 0 0 0 0 0 0 0 0 0 0 0
 0 0 0 0 0 0 0 0 0 0 0 0 0 0 0 0 0 0 0 0 0 0 0 0 0 0
ppred_pel_tallas
 1.08484e-16 5.31476e-05 0.000516614 0.00343308 0.0156063 0.048557 0.103456 0.151 0.15101 0.103508 0.048731 0.0161129 0.0047211 0.00338215 0.00565267 0.0096704 0.0148769 0.0206851 0.0264599 0.0317932 0.0365348 0.0404869 0.0430938 0.0435197 0.0411335 0.0360058
 1.1246e-16 4.42228e-05 0.000429861 0.00285658 0.0129856 0.0404032 0.0860844 0.125649 0.125679 0.086232 0.0408989 0.0144179 0.00645391 0.00829028 0.0149961 0.0247884 0.0358764 0.0455164 0.0509854 0.0511389 0.0471343 0.041634 0.0371124 0.0345714 0.0334383 0.0323827
 1.08137e-16 5.91463e-05 0.000574923 0.00382057 0.0173678 0.0540376 0.115133 0.168044 0.16806 0.11521 0.0542964 0.0181165 0.0057047 0.00470387 0.00794768 0.0131692 0.0192573 0.0248367 0.0285434 0.029758 0.0289388 0.0272171 0.0255952 0.0244005 0.0233295 0.0218778
 1.03231e-16 6.71013e-05 0.000652249 0.00433442 0.0197037 0.0613055 0.130618 0.190644 0.190657 0.130684 0.0615253 0.0203388 0.00592943 0.00413688 0.00669322 0.0109811 0.0158657 0.0200687 0.0223391 0.0221133 0.0198461 0.0166866 0.0137623 0.0116331 0.0102334 0.00918052
 1.02159e-16 6.21709e-05 0.000604323 0.00401594 0.0182559 0.056801 0.121021 0.176638 0.176658 0.121118 0.0571273 0.0191982 0.00638135 0.00576801 0.00986894 0.0162169 0.0233549 0.0293691 0.0323511 0.03142 0.0272407 0.0215642 0.0161737 0.0120588 0.00929244 0.00743887
 1.01629e-16 6.85353e-05 0.000666188 0.00442705 0.0201248 0.0626156 0.13341 0.194718 0.194731 0.133471 0.0628229 0.0207236 0.00593125 0.00395297 0.00631982 0.0103631 0.0149764 0.0189462 0.0210792 0.020817 0.0185497 0.0153208 0.0121744 0.00966219 0.00779755 0.00633092
 1.02822e-16 4.98889e-05 0.000484938 0.00322258 0.0146494 0.0455799 0.0971141 0.141748 0.14178 0.0972724 0.0461115 0.0161847 0.00707625 0.00889687 0.0160237 0.0264063 0.0380218 0.0477858 0.0525836 0.0509725 0.0440321 0.0346181 0.0256471 0.0187499 0.014069 0.0109201
 1.06232e-16 4.71081e-05 0.000457908 0.00304296 0.0138329 0.0430393 0.0917008 0.133846 0.133873 0.0918335 0.0434851 0.0151223 0.0062862 0.00755971 0.0135985 0.0225727 0.0328989 0.0421765 0.0479599 0.0490774 0.0462415 0.041393 0.0363576 0.0319237 0.0278968 0.023777
 1.06933e-16 5.73347e-05 0.000557314 0.00370355 0.0168358 0.0523825 0.111607 0.162898 0.162915 0.111694 0.0526743 0.0176796 0.00582631 0.00520684 0.00893359 0.0147998 0.0216019 0.0277773 0.0317699 0.0328715 0.0316041 0.0292621 0.0270009 0.0252129 0.0235765 0.0215516
 1.02485e-16 7.09656e-05 0.000689811 0.00458403 0.0208384 0.0648359 0.13814 0.201622 0.201631 0.138188 0.0649969 0.0213034 0.00575219 0.00324252 0.00492687 0.00805378 0.0116453 0.0147534 0.0164655 0.0163694 0.0147928 0.012564 0.0104914 0.00896918 0.00794165 0.00713137
 1.00633e-16 7.43926e-05 0.000723123 0.00480541 0.0218447 0.0679669 0.144811 0.211358 0.211366 0.144851 0.0681024 0.022236 0.00578727 0.0028655 0.00414008 0.00671857 0.00965219 0.0120979 0.0132517 0.0127443 0.0108594 0.00834373 0.00596664 0.00416764 0.00299531 0.00227055
 1.00522e-16 7.04321e-05 0.000684625 0.00454958 0.0206817 0.0643486 0.137102 0.200107 0.20012 0.137164 0.0645578 0.0212858 0.00606514 0.00399092 0.00634319 0.0103579 0.0148734 0.0186169 0.0203414 0.0194701 0.0164381 0.0124035 0.00856883 0.00563523 0.00370379 0.00252036
 1.01633e-16 5.35516e-05 0.000520541 0.00345918 0.0157249 0.0489263 0.104244 0.152153 0.152182 0.104388 0.0494104 0.0171232 0.00696857 0.00818003 0.0145956 0.0240319 0.034582 0.043417 0.0476822 0.0460462 0.0394816 0.0305938 0.0220657 0.0154315 0.0108831 0.00785559
 1.0271e-16 6.4031e-05 0.000622404 0.00413609 0.0188021 0.0585004 0.124642 0.181921 0.181936 0.124714 0.058744 0.0195066 0.00590738 0.00449881 0.00745436 0.0122959 0.0178774 0.0228361 0.0258136 0.0261608 0.0242802 0.0212716 0.0181925 0.0155362 0.0132408 0.0110452
 1.00312e-16 7.96244e-05 0.000773978 0.00514335 0.0233809 0.0727468 0.154995 0.22622 0.226223 0.155008 0.0727905 0.0235073 0.00546048 0.00146632 0.00139464 0.00217999 0.00313357 0.00394254 0.00434769 0.0042316 0.00368389 0.00293872 0.00223321 0.00169672 0.00133524 0.00108751
 1.00062e-16 7.8909e-05 0.000767024 0.00509714 0.0231709 0.0720932 0.153602 0.224188 0.224192 0.153622 0.0721577 0.0233569 0.00556369 0.0017842 0.00200692 0.00318296 0.004554 0.00567705 0.00616003 0.00582415 0.00480888 0.00348369 0.00223604 0.00129776 0.00070825 0.000386657
 1.0076e-16 3.60732e-05 0.000350644 0.00233016 0.0105926 0.0329577 0.0702219 0.102502 0.102554 0.0704767 0.033813 0.0130616 0.00852309 0.0138542 0.0256358 0.0422027 0.0605055 0.0754834 0.0820013 0.077686 0.0643683 0.0469155 0.0304277 0.0179509 0.0100048 0.00554471
 1.01995e-16 7.25299e-05 0.000705017 0.00468508 0.0212977 0.0662651 0.141185 0.206065 0.20607 0.141212 0.0663562 0.0215617 0.00535164 0.00217293 0.00289781 0.00477307 0.00709394 0.00938689 0.0112028 0.0123029 0.0127438 0.0127376 0.0124232 0.0117631 0.0106404 0.00903434
 1.0164e-16 6.36627e-05 0.000618824 0.00411231 0.018694 0.058164 0.123925 0.180877 0.180896 0.124021 0.0584855 0.0196224 0.00644154 0.00569959 0.00970141 0.0159079 0.0228412 0.0285828 0.0312284 0.0299122 0.0253334 0.0193032 0.0136826 0.00952819 0.00693399 0.00542411
 1.01344e-16 6.84181e-05 0.000665048 0.00441948 0.0200903 0.0625085 0.133181 0.194385 0.194398 0.133246 0.0627249 0.0207154 0.00598919 0.00409396 0.00658698 0.0107979 0.0155858 0.0196761 0.0218125 0.0214057 0.0188665 0.0153015 0.0118308 0.00906541 0.0070492 0.00553585
 1.00926e-16 7.07265e-05 0.000687487 0.00456859 0.0207682 0.0646175 0.137675 0.200943 0.200955 0.137732 0.0648089 0.0213209 0.00595591 0.00371576 0.00582118 0.00950947 0.0136865 0.0171991 0.0189215 0.0183327 0.0158197 0.0124096 0.00915268 0.00663867 0.00492356 0.00376684
 1.00949e-16 6.74692e-05 0.000655824 0.00435818 0.0198117 0.0616416 0.131334 0.19169 0.191705 0.131409 0.0618925 0.0205363 0.0061768 0.00462477 0.00760186 0.0124516 0.0179089 0.0224739 0.0246644 0.0237926 0.0203689 0.0157533 0.0113455 0.00794479 0.00564632 0.00414452
 1.03966e-16 3.03823e-05 0.000295327 0.00196255 0.00892152 0.0277584 0.0591441 0.0863334 0.0863847 0.059395 0.0286007 0.0113545 0.00807024 0.0136304 0.0253617 0.0418935 0.0603754 0.0759777 0.0837775 0.0814733 0.070725 0.055977 0.041767 0.0306324 0.0228206 0.0173376
 1.04192e-16 6.84177e-05 0.000665044 0.00441945 0.0200902 0.0625081 0.13318 0.194382 0.194389 0.133213 0.0626188 0.0204115 0.00523191 0.00245802 0.00353041 0.00587653 0.00880483 0.0117952 0.0143461 0.0161973 0.0174128 0.0181954 0.0186073 0.0184676 0.0175077 0.0156234
 1.0294e-16 6.19212e-05 0.000601896 0.00399981 0.0181826 0.0565729 0.120535 0.175929 0.175949 0.120635 0.0569064 0.0191458 0.00641689 0.00587579 0.0100706 0.0165324 0.0237692 0.0298128 0.0327106 0.0315855 0.0271721 0.0213365 0.0159695 0.0121021 0.00975588 0.00837067
 1.05346e-16 3.98153e-05 0.000387019 0.00257188 0.0116914 0.0363766 0.0775055 0.11313 0.113168 0.0776951 0.0370132 0.0135311 0.00719271 0.0104841 0.0192443 0.0318253 0.046012 0.0582129 0.0647728 0.0639759 0.0570195 0.0471108 0.0374629 0.0297789 0.0241092 0.0196889
 1.04251e-16 6.70314e-05 0.000651569 0.0043299 0.0196831 0.0612415 0.130482 0.190444 0.190454 0.130528 0.0613958 0.0201298 0.00545571 0.00312412 0.00480671 0.00795524 0.0117224 0.0153061 0.0179242 0.0192023 0.0193444 0.0188879 0.0182568 0.0175018 0.0163934 0.0147128
 1.02729e-16 6.34734e-05 0.000616984 0.00410008 0.0186384 0.057991 0.123557 0.180338 0.180357 0.123647 0.0582937 0.0195125 0.00629398 0.00540522 0.00915426 0.0150263 0.0216252 0.0271683 0.0298901 0.0289919 0.0251236 0.019949 0.0151496 0.0116372 0.00942957 0.008041
 1.04884e-16 4.09055e-05 0.000397616 0.0026423 0.0120115 0.0373725 0.0796275 0.116227 0.116265 0.0798161 0.0380057 0.0138408 0.00723622 0.0104333 0.0191214 0.0316008 0.045643 0.0576549 0.0639843 0.0629229 0.0556856 0.0455141 0.035671 0.0279084 0.0223022 0.0180749
 1.08214e-16 5.12542e-05 0.000498209 0.00331078 0.0150503 0.0468272 0.0997711 0.145623 0.145642 0.0998662 0.0471472 0.0159769 0.0056456 0.00562476 0.00987453 0.0164713 0.0242556 0.0316194 0.03693 0.0393999 0.0394539 0.0382258 0.0366336 0.0348309 0.0323886 0.0288816
 1.07024e-16 5.83766e-05 0.000567441 0.00377085 0.0171417 0.0533344 0.113635 0.165858 0.165876 0.113725 0.0536367 0.0180155 0.00596692 0.00537086 0.00920907 0.0152076 0.0220838 0.0281672 0.0318059 0.0322709 0.0301818 0.0270347 0.0242173 0.0222908 0.020969 0.0196044
 1.07228e-16 4.74206e-05 0.000460945 0.00306314 0.0139246 0.0433248 0.0923093 0.134734 0.134765 0.0924575 0.0438225 0.0153626 0.00667502 0.00835398 0.0150623 0.0248914 0.0360082 0.0456153 0.0508929 0.0505535 0.045592 0.0385561 0.0319465 0.0270073 0.0236129 0.0209605
 1.03117e-16 7.02285e-05 0.000682646 0.00453642 0.0206219 0.0641625 0.136705 0.199527 0.199536 0.136748 0.0643054 0.0210353 0.00557645 0.0029611 0.0044212 0.0072604 0.0105987 0.0136369 0.0156062 0.0161489 0.015504 0.0142883 0.0130603 0.0120236 0.0110535 0.00992953
pSPR Fmed_Fpbrs
1   0.983448 0.6 0.325 0.983448 0.983448 0.983448
Fs Fmed_Fpbrs
0   0.01 0.349128 0.903333 0.01 0.01 0.01
SSBpbr Bo_Bmed_Bpbrs
577838  548946  539382 317811 158906 539382 539382 539382
Ro
120165
SPR SPRFo_SPRFmed_SPRFpbrs
865707 865707 851378
Fref
0
Nvult_r0
 102416 13965.8 6646.53 1525.75 807.944
CTP_r0
 23048 5317.18 2530.52 580.895 307.607
YTP_r0
356513
Np
 141296 51979.7 19122.3 7034.69 3539.96
Nvult_p0
 89315.8 32857.5 12087.6 4446.77 2237.68
CTP_p0
 0 0 0 0 0
 0 0 0 0 0
 0 0 0 0 0
 0 0 0 0 0
 0 0 0 0 0
 0 0 0 0 0
YTP_p0
 0 0 0 0 0 0
CBA_c0
0
log_Ro
11.5166
likeval ReclasPelacesDesembMPH_pf_preclas_ppelaces_ptallas_desvR_qrecl_qpela
 18.7607 0.000285532 0.0262888 55.2577 238.826 135.251 113.258 0 23.7575 1.31196e-05 2.95515e-05 0.0901445 2067.31 0 0
q_reclas_q_pelaces
1.66903 2.15714
M
1
N
 170247 28450.9 62447.4 4769.22 0.194234
 82165.3 54335 7747.52 17005.2 1298.77
 91655.1 23438.1 11665.5 1663.36 3929.79
 117284 26227.5 5065.69 2521.27 1208.85
 103452 28582.5 4034.87 779.313 573.846
 190344 33415 7983.37 1126.98 377.95
 68403.5 55215 7433.34 1775.94 334.779
 31139.2 14925.2 6721.47 904.88 256.944
 30624.2 10415.2 4488.45 2021.34 349.394
 41982.2 7591.47 1661.13 715.865 378.11
 91531.6 8648.63 818.255 179.047 117.915
 157814 30072.7 2504.34 236.938 85.9898
 71788.6 41244.3 5364.27 446.716 57.6028
 35557.2 18936.5 7502.88 975.833 91.7422
 97483.5 3978.4 560.546 222.095 31.6016
 412447 21715.9 506.032 71.2986 32.2689
 83002.7 107367 3841.37 89.5133 18.3203
 343431 25864.3 27793.1 994.379 27.9138
 252904 94413.5 5135.31 5518.28 202.975
 254129 56760.7 12200.4 663.6 739.318
 358811 59699.4 8078.97 1736.53 199.683
 410538 98045 11701.9 1583.6 379.527
 68718.8 107098 17421.9 2079.35 348.832
 230093 20672.8 25733.1 4186.04 583.431
 229731 68460.5 4852.59 6040.39 1119.55
 83359 70436 17124.5 1213.81 1790.97
 211948 26760 19419 4721.18 828.409
 252200 64597.5 6609.73 4796.5 1370.75
 99922.6 79771 17259.4 1766.01 1647.79
 100465 32944.9 23271 5034.96 995.883
 105770 32112.1 8999.94 6357.21 1647.51
 54478.7 30295.8 6954.57 1949.13 1733.6
 141296 17434 8297.07 1904.64 1008.58
pred_Ctot
 14420.1 4787.55 10508.3 802.537 0.0326847
 11909.1 14935.6 2129.64 4674.4 357.006
 13136.7 6378.98 3174.91 452.704 1069.54
 25872.8 10336.5 1996.44 993.659 476.421
 8062.71 4448.48 627.972 121.289 89.3112
 25942.7 8695.46 2077.48 293.269 98.3525
 18350 25466.4 3428.42 819.104 154.407
 1801.39 1750.65 788.394 106.138 30.1382
 6519.05 3985.48 1717.54 773.483 133.699
 12234.3 3732.63 816.759 351.982 185.912
 6243.08 1186.73 112.277 24.5681 16.1798
 29700.9 10375.2 864.005 81.7444 29.6668
 13192.2 13942.7 1813.41 151.013 19.4728
 17160.9 13155.4 5212.35 677.923 63.7344
 25311 1788.42 251.983 99.8388 14.2059
 78398.2 7555.62 176.064 24.807 11.2274
 8135.09 20694.3 740.399 17.2531 3.53112
 56175.1 7907.36 8497.05 304.007 8.53396
 64870.6 42035 2286.35 2456.86 90.3688
 60203.5 23711.3 5096.63 277.214 308.844
 59769.7 18543.3 2509.42 539.387 62.0239
 77619.1 33958.2 4053 548.483 131.45
 8047.73 24305.7 3953.85 471.903 79.1666
 28297.1 4904.53 6105.05 993.117 138.416
 24550.7 14290.3 1012.92 1260.86 233.692
 6786.74 11421.4 2776.79 196.823 290.411
 23335.1 5740.41 4165.66 1012.76 177.706
 22629.3 11471.1 1173.74 851.75 243.414
 6613.44 10637.7 2301.6 235.504 219.738
 8424.55 5491.97 3879.32 839.336 166.015
 15107.5 8712.93 2441.94 1724.89 447.017
 4531.97 5012.71 1150.69 322.501 286.839
 23048 5317.18 2530.52 580.895 307.607
F
 0.142082 0.300805 0.300805 0.300805 0.300805
 0.25437 0.538534 0.538534 0.538534 0.538534
 0.251223 0.531872 0.531872 0.531872 0.531872
 0.4118 0.871834 0.871834 0.871834 0.871834
 0.130099 0.275436 0.275436 0.275436 0.275436
 0.2376 0.50303 0.50303 0.50303 0.50303
 0.522371 1.10593 1.10593 1.10593 1.10593
 0.0951977 0.201546 0.201546 0.201546 0.201546
 0.394766 0.835771 0.835771 0.835771 0.835771
 0.579845 1.22761 1.22761 1.22761 1.22761
 0.113067 0.239377 0.239377 0.239377 0.239377
 0.341905 0.723856 0.723856 0.723856 0.723856
 0.332632 0.704225 0.704225 0.704225 0.704225
 1.19026 2.51994 2.51994 2.51994 2.51994
 0.501639 1.06204 1.06204 1.06204 1.06204
 0.345852 0.732213 0.732213 0.732213 0.732213
 0.166011 0.351467 0.351467 0.351467 0.351467
 0.291301 0.616722 0.616722 0.616722 0.616722
 0.494167 1.04621 1.04621 1.04621 1.04621
 0.448522 0.949579 0.949579 0.949579 0.949579
 0.297368 0.629566 0.629566 0.629566 0.629566
 0.34372 0.727701 0.727701 0.727701 0.727701
 0.201202 0.425971 0.425971 0.425971 0.425971
 0.212225 0.449308 0.449308 0.449308 0.449308
 0.182203 0.385747 0.385747 0.385747 0.385747
 0.136247 0.288452 0.288452 0.288452 0.288452
 0.188163 0.398366 0.398366 0.398366 0.398366
 0.151064 0.319821 0.319821 0.319821 0.319821
 0.109559 0.23195 0.23195 0.23195 0.23195
 0.140577 0.297619 0.297619 0.297619 0.297619
 0.250261 0.529835 0.529835 0.529835 0.529835
 0.13939 0.295107 0.295107 0.295107 0.295107
 0.290393 0.6148 0.6148 0.6148 0.6148
YTP_r0W_actual
 173782 92784.7 60909.6 18193.6 10843.2
YTP_p0W_proyectada
 0 0 0 0 0
 0 0 0 0 0
 0 0 0 0 0
 0 0 0 0 0
 0 0 0 0 0
 0 0 0 0 0
CTP_r0_actual
 23048 5317.18 2530.52 580.895 307.607
CTP_p0_proyectada
 0 0 0 0 0
 0 0 0 0 0
 0 0 0 0 0
 0 0 0 0 0
 0 0 0 0 0
 0 0 0 0 0
Wmedp
 7.54 17.45 24.07 31.32 35.25
Frms_r0
 0.290393 0.6148 0.6148 0.6148 0.6148
Zrms_r0
 1.29039 1.6148 1.6148 1.6148 1.6148
nmprior
 7.29 8.9 8.7 0
nm_flota  nm_reclas  nm_pelaces    nm_pelaL
inf 14.0908 14.7252 43.1801
cv_recla  cv_pelaces  cv_mph
0.375107 0.617016 0.59601
 ------------------------------------------------
Talla a la edad & desviaci?n 
 8 13.2811 15.8009 17.003 17.5766
 0.8 1.32811 1.58009 1.7003 1.75766
