years
 1991 1992 1993 1994 1995 1996 1997 1998 1999 2000 2001 2002 2003 2004 2005 2006 2007 2008 2009 2010 2011 2012 2013 2014 2015 2016 2017 2018 2019 2020 2021 2022 2023
reclasobs
 0 0 0 0 0 0 0 0 0 252601 567819 844713 477998 351125 339783 2.1784e+06 2.13404e+06 4.81314e+06 1.55562e+06 2.62356e+06 3.21686e+06 3.843e+06 1.13348e+06 3.07943e+06 1.97215e+06 2.03268e+06 2.025e+06 2.42433e+06 2.27542e+06 1.05018e+06 2.36338e+06 3.18982e+06 1.53035e+06
reclaspred
 2.94277e+06 1.59059e+06 842534 902021 958029 1.52912e+06 847476 791068 570341 413359 620008 896823 698686 258650 692785 1.87282e+06 1.86477e+06 2.59152e+06 1.77846e+06 1.45808e+06 3.01171e+06 2.47182e+06 1.83716e+06 2.87083e+06 2.27301e+06 2.05338e+06 2.51332e+06 2.825e+06 2.43216e+06 1.87171e+06 1.60404e+06 1.50899e+06 1.52568e+06
pelacesobs
 0 0 0 0 0 0 0 0 0 0 0 0 0 0 0 552880 188675 0 991730 2.46772e+06 1.41603e+06 1.21717e+06 2.29649e+06 1.80582e+06 0 1.4828e+06 1.56532e+06 1.57751e+06 1.42118e+06 867257 1.10002e+06 1.06204e+06 0
pelacespred
 1.54224e+06 909790 463460 419296 484281 807499 385167 486606 322940 219340 350137 435319 359619 115743 396805 907855 904517 1.38567e+06 953425 673461 1.56485e+06 1.28729e+06 990084 1.73398e+06 1.27857e+06 1.16655e+06 1.66853e+06 1.67126e+06 1.30081e+06 1.14544e+06 863906 824917 829835
mphobs
 0 0 0 0 0 0 0 0 0 0 0 0 498337 0 5186 125008 0 168611 109162 213762 579715 649985 157893 87575 83554 210694 70296 0 107559 103333 445601 22526 28222
mphpred
 474429 321999 153104 90831.6 104659 128388 160288 87523 83786.5 55455.6 37445.9 82738.5 104244 52887.7 14571.5 70943.3 245778 232749 237080 329403 406572 601427 102747 81545.8 125486 107136 92432.6 106010 154210 119801 76984.8 74590.6 48776.6
desembarqueobs
 494567 514787 250237 358949 120608 361735 552515 73892 212993 205616 52469 317467 293654 387597 252695 516296 358380 742168 942051 627588 828172 859565 418607 520667 417249 300574 415391 372974 316634 284311 391294 218835 356480
desembarquepred
 494569 513774 250734 359015 120617 361771 552601 73899.1 213072 205687 52471.5 317484 293846 388050 252639 516184 358388 742148 941726 627347 828211 859631 418680 520722 417229 300594 415404 372953 316605 284260 391335 218867 356514
Reclutas
 175275 84470.8 104394 144423 125677 198317 80377 40126.5 36958.7 50865.1 111909 157645 72849.7 37036 115204 479455 104211 376322 280858 279142 415576 473286 88068.5 280773 279438 107308 261659 309204 123705 119491 132219 72297.2 187493
log_desv_Rt
 0.217149 -0.5128 -0.301033 0.0235404 -0.11549 0.340661 -0.562477 -1.25717 -1.33941 -1.02003 -0.231519 0.111138 -0.660807 -1.33732 -0.202501 1.22344 -0.302791 0.981239 0.688645 0.682516 1.08046 1.21049 -0.471091 0.688339 0.683576 -0.273502 0.617836 0.784795 -0.131305 -0.165967 -0.0647439 -0.668421 0.284534
SSB
 1.91966e+06 1.30289e+06 619498 367528 423478 519491 648569 354141 339022 224388 151516 334781 401926 207633 56801.5 278019 994483 941762 995038 618629 782833 1.21721e+06 1.14279e+06 873710 1.25543e+06 1.13635e+06 925151 1.02046e+06 1.53767e+06 1.12531e+06 828358 820063 497156
BT
 2.75852e+06 1.87963e+06 943430 926766 827122 1.52362e+06 1.0828e+06 798567 702606 526706 574464 920936 804035 569934 848420 1.79745e+06 1.64618e+06 2.73902e+06 2.37263e+06 1.57169e+06 3.03092e+06 2.74733e+06 1.8592e+06 3.104e+06 2.32457e+06 2.0235e+06 2.94452e+06 2.88452e+06 2.22665e+06 2.00213e+06 1.66967e+06 1.42872e+06 1.57175e+06
Ftot
 0.234368 0.426565 0.418127 0.67518 0.206625 0.425619 0.901889 0.150161 0.595925 0.798566 0.179646 0.629337 0.636968 2.08385 0.905064 0.638523 0.28884 0.507619 0.868832 0.77768 0.520055 0.59646 0.327481 0.345838 0.299503 0.22081 0.307846 0.258239 0.183046 0.228963 0.402643 0.216623 0.442071
BD_Bspro_t
 0.963593 0.771134 0.5649 0.483944 0.494669 0.59248 0.567494 0.381999 0.456258 0.401383 0.375985 0.647848 0.55137 0.334515 0.134326 0.418743 0.611278 0.571211 0.5301 0.392879 0.403774 0.498352 0.511012 0.485867 0.608107 0.64038 0.642634 0.687847 0.755093 0.699543 0.654506 0.634548 0.620999
BD_Bspro
 1.88894 1.28204 0.609583 0.361646 0.416701 0.511177 0.638189 0.348473 0.333596 0.220796 0.149091 0.329423 0.395493 0.20431 0.0558924 0.273569 0.978566 0.926689 0.979113 0.608728 0.770304 1.19772 1.1245 0.859726 1.23534 1.11816 0.910344 1.00413 1.51306 1.1073 0.815101 0.806938 0.489199
BD_Bo
 2.42065 1.64291 0.781171 0.463443 0.533995 0.655065 0.817828 0.446562 0.427498 0.282947 0.191058 0.422151 0.506818 0.261819 0.0716251 0.350574 1.25402 1.18754 1.25472 0.780075 0.987132 1.53486 1.44102 1.10172 1.58307 1.43291 1.16659 1.28677 1.93896 1.41899 1.04454 1.03408 0.6269
BD_Brms
 2.59093 1.75849 0.836123 0.496045 0.571559 0.701146 0.875359 0.477976 0.457571 0.302851 0.204498 0.451847 0.542471 0.280237 0.0766637 0.375236 1.34223 1.27107 1.34298 0.83495 1.05657 1.64284 1.54239 1.17923 1.69443 1.5337 1.24866 1.37729 2.07536 1.51881 1.11802 1.10682 0.671
Sel_flota
 0.430883 0.935002 0.996355 0.999807 0.99999
 0.430883 0.935002 0.996355 0.999807 0.99999
 0.430883 0.935002 0.996355 0.999807 0.99999
 0.430883 0.935002 0.996355 0.999807 0.99999
 0.430883 0.935002 0.996355 0.999807 0.99999
 0.430883 0.935002 0.996355 0.999807 0.99999
 0.430883 0.935002 0.996355 0.999807 0.99999
 0.430883 0.935002 0.996355 0.999807 0.99999
 0.430883 0.935002 0.996355 0.999807 0.99999
 0.430883 0.935002 0.996355 0.999807 0.99999
 0.430883 0.935002 0.996355 0.999807 0.99999
 0.430883 0.935002 0.996355 0.999807 0.99999
 0.430883 0.935002 0.996355 0.999807 0.99999
 0.430883 0.935002 0.996355 0.999807 0.99999
 0.430883 0.935002 0.996355 0.999807 0.99999
 0.430883 0.935002 0.996355 0.999807 0.99999
 0.430883 0.935002 0.996355 0.999807 0.99999
 0.430883 0.935002 0.996355 0.999807 0.99999
 0.430883 0.935002 0.996355 0.999807 0.99999
 0.430883 0.935002 0.996355 0.999807 0.99999
 0.430883 0.935002 0.996355 0.999807 0.99999
 0.430883 0.935002 0.996355 0.999807 0.99999
 0.430883 0.935002 0.996355 0.999807 0.99999
 0.430883 0.935002 0.996355 0.999807 0.99999
 0.430883 0.935002 0.996355 0.999807 0.99999
 0.430883 0.935002 0.996355 0.999807 0.99999
 0.430883 0.935002 0.996355 0.999807 0.99999
 0.430883 0.935002 0.996355 0.999807 0.99999
 0.430883 0.935002 0.996355 0.999807 0.99999
 0.430883 0.935002 0.996355 0.999807 0.99999
 0.430883 0.935002 0.996355 0.999807 0.99999
 0.430883 0.935002 0.996355 0.999807 0.99999
 0.430883 0.935002 0.996355 0.999807 0.99999
Sel_reclas
 1 1 1 1 1
 1 1 1 1 1
 1 1 1 1 1
 1 1 1 1 1
 1 1 1 1 1
 1 1 1 1 1
 1 1 1 1 1
 1 1 1 1 1
 1 1 1 1 1
 1 1 1 1 1
 1 1 1 1 1
 1 1 1 1 1
 1 1 1 1 1
 1 1 1 1 1
 1 1 1 1 1
 1 1 1 1 1
 1 1 1 1 1
 1 1 1 1 1
 1 1 1 1 1
 1 1 1 1 1
 1 1 1 1 1
 1 1 1 1 1
 1 1 1 1 1
 1 1 1 1 1
 1 1 1 1 1
 1 1 1 1 1
 1 1 1 1 1
 1 1 1 1 1
 1 1 1 1 1
 1 1 1 1 1
 1 1 1 1 1
 1 1 1 1 1
 1 1 1 1 1
Sel_pelaces
 1 1 1 1 1
 1 1 1 1 1
 1 1 1 1 1
 1 1 1 1 1
 1 1 1 1 1
 1 1 1 1 1
 1 1 1 1 1
 1 1 1 1 1
 1 1 1 1 1
 1 1 1 1 1
 1 1 1 1 1
 1 1 1 1 1
 1 1 1 1 1
 1 1 1 1 1
 1 1 1 1 1
 1 1 1 1 1
 1 1 1 1 1
 1 1 1 1 1
 1 1 1 1 1
 1 1 1 1 1
 1 1 1 1 1
 1 1 1 1 1
 1 1 1 1 1
 1 1 1 1 1
 1 1 1 1 1
 1 1 1 1 1
 1 1 1 1 1
 1 1 1 1 1
 1 1 1 1 1
 1 1 1 1 1
 1 1 1 1 1
 1 1 1 1 1
 1 1 1 1 1
pf_obs 
 0.8446 0.082 0.0669 0.0065 0
 0.8095 0.147 0.0364 0.0071 0
 0.9664 0.0169 0.016 0.0007 0
 0.9276 0.0648 0.0075 0.0001 0
 0.7033 0.2144 0.0806 0.0017 0
 0.9318 0.0425 0.0243 0.0014 0
 0.5671 0.3108 0.0964 0.0239 0.0018
 0.0768 0.2599 0.5324 0.112 0.0189
 0.490249 0.384438 0.106611 0.0170017 0.00170017
 0.7925 0.1577 0.0466 0.003 0.0002
 0.840416 0.127587 0.0312969 0.00059994 9.999e-05
 0.8084 0.0986 0.0794 0.0134 0.0002
 0.7335 0.1905 0.0724 0.0035 0.0001
 0.4001 0.4547 0.1325 0.0127 0
 0.49795 0.308269 0.164784 0.0264974 0.00249975
 0.9179 0.0499 0.0305 0.0017 0
 0.2467 0.6533 0.0926 0.0074 0
 0.9418 0.0223 0.034 0.0019 0
 0.707729 0.231977 0.0356964 0.0245975 0
 0.517169 0.277429 0.184464 0.0207286 0.00020938
 0.811772 0.124168 0.05621 0.00726502 0.000585176
 0.764997 0.148141 0.077277 0.00933861 0.000247198
 0.163321 0.427699 0.378323 0.0303852 0.000271297
 0.753843 0.0900009 0.118128 0.0371064 0.000921714
 0.721811 0.176058 0.0630433 0.0369309 0.00215725
 0.143369 0.312575 0.442814 0.0836902 0.0175525
 0.692698 0.0596174 0.167031 0.0765114 0.00414204
 0.394062 0.376323 0.152708 0.0712218 0.00568511
 0.125707 0.32114 0.495352 0.0537591 0.00404204
 0.23352 0.215282 0.420074 0.123614 0.00750983
 0.796117 0.104755 0.0508955 0.0450114 0.00322123
 0.162477 0.292055 0.404252 0.121198 0.0200186
 0 0 0 0 0
pf_pred 
 0.395208 0.145647 0.431229 0.0279144 1.13007e-06
 0.304839 0.419246 0.0700159 0.193425 0.0124739
 0.509887 0.252124 0.14804 0.0228975 0.0670516
 0.628966 0.266105 0.0560274 0.0304692 0.0184322
 0.553349 0.363734 0.0609326 0.0117654 0.0102191
 0.632891 0.269079 0.0808358 0.0126484 0.00454611
 0.367892 0.509582 0.0916427 0.0254852 0.00539766
 0.369986 0.388863 0.197972 0.0323396 0.0108399
 0.438635 0.317288 0.154482 0.0736001 0.015994
 0.634271 0.244598 0.0709993 0.031784 0.0183478
 0.768871 0.190577 0.0279504 0.0074021 0.00519963
 0.654669 0.303903 0.0345621 0.00473826 0.00212825
 0.415567 0.483817 0.0894288 0.0093401 0.00184678
 0.431466 0.369433 0.167228 0.0283443 0.00352864
 0.897485 0.0792351 0.015926 0.00618506 0.00116876
 0.89332 0.102518 0.00328738 0.000599746 0.000275441
 0.266253 0.700401 0.0321487 0.000946761 0.000250853
 0.718167 0.126831 0.148423 0.00634286 0.000235352
 0.542543 0.396093 0.0288442 0.0311453 0.00137428
 0.616555 0.293755 0.0786455 0.0052057 0.0058381
 0.701077 0.242729 0.0439529 0.0107409 0.00150051
 0.630804 0.314627 0.044973 0.00751251 0.00208301
 0.206908 0.642554 0.129839 0.0170733 0.0036259
 0.648875 0.131599 0.180276 0.0338719 0.00537822
 0.556182 0.361717 0.0322098 0.041001 0.00889069
 0.297617 0.519745 0.15084 0.0125049 0.019293
 0.634679 0.177512 0.141436 0.038325 0.00804783
 0.588311 0.330217 0.0410716 0.0304549 0.00994567
 0.307125 0.528019 0.13407 0.0155498 0.0152365
 0.403683 0.294212 0.233873 0.0555289 0.0127031
 0.501536 0.302482 0.100119 0.0742759 0.0215872
 0.375431 0.440801 0.114887 0.0352608 0.0336206
 0.690849 0.177404 0.0948717 0.0230865 0.0137884
pobs_RECLAS
 0 0 0 0 0
 0 0 0 0 0
 0 0 0 0 0
 0 0 0 0 0
 0 0 0 0 0
 0 0 0 0 0
 0 0 0 0 0
 0 0 0 0 0
 0 0 0 0 0
 0 0 0 0 0
 0.991045 0.00858322 0.000360255 1.14367e-05 0
 0.934742 0.0480273 0.0164251 0.00080598 0
 0.827803 0.169806 0.00239088 0 0
 0.941827 0.0461693 0.0120037 0 0
 0.791401 0.0380133 0.147996 0.0225897 0
 0.846168 0.0940531 0.0597789 0 0
 0.134021 0.677848 0.182769 0.00536245 0
 0.80878 0.0450904 0.141981 0.00414843 0
 0.846168 0.0940531 0.0597789 0 0
 0.905697 0.0802665 0.012482 0.00150086 5.37128e-05
 0.989698 0.0102097 9.19794e-05 0 0
 0.975433 0.0193895 0.00387452 0.00125025 5.28907e-05
 0.303575 0.632131 0.0575291 0.00676475 0
 0.966965 0.00978017 0.0227588 0.000495775 0
 0.843318 0.132988 0.00938335 0.0141283 0.000182051
 0.564624 0.303363 0.111486 0.0197234 0.00080311
 0.826376 0.0876187 0.0782897 0.00655872 0.00115652
 0.89761 0.0855135 0.0140674 0.00269457 0.000114338
 0.34875 0.467042 0.161289 0.0227151 0.000203297
 0.318654 0.224769 0.449479 0.00709798 0
 0.937255 0.0296025 0.0250945 0.00804832 0
 0.456809 0.399803 0.12412 0.0192676 0
 0.883104 0.0372192 0.0704036 0.00927362 0
ppred_RECLAS
 0.600973 0.100931 0.280032 0.018063 7.31116e-07
 0.499947 0.309806 0.0484084 0.133248 0.00859148
 0.704461 0.157036 0.0862777 0.0132964 0.0389289
 0.796091 0.149126 0.0293041 0.0158764 0.00960242
 0.733119 0.219935 0.034532 0.00664426 0.00576996
 0.795647 0.152428 0.0428446 0.00667961 0.00240034
 0.57586 0.346638 0.0580248 0.0160731 0.00340351
 0.56799 0.273236 0.130427 0.0212314 0.00711522
 0.643768 0.207403 0.0943271 0.0447734 0.00972778
 0.801939 0.135585 0.0366794 0.0163571 0.00944043
 0.880396 0.0997325 0.0137118 0.00361854 0.00254139
 0.811371 0.167341 0.0177709 0.00242719 0.00108999
 0.618313 0.319646 0.0551662 0.00574011 0.00113475
 0.673384 0.219009 0.0904551 0.0152542 0.00189852
 0.953442 0.0365703 0.00684155 0.00264658 0.000500008
 0.949774 0.0483931 0.00144889 0.000263345 0.000120921
 0.444745 0.531553 0.0228541 0.000670644 0.00017766
 0.855017 0.0676729 0.0740404 0.00315251 0.000116952
 0.733143 0.233274 0.0158184 0.0170138 0.000750576
 0.788165 0.164918 0.04116 0.00271403 0.00304312
 0.841355 0.130438 0.0220798 0.00537592 0.000750869
 0.794849 0.176565 0.0235751 0.00392347 0.00108765
 0.368119 0.518243 0.0980613 0.0128486 0.00272816
 0.809594 0.0743531 0.0953647 0.0178538 0.00283431
 0.736405 0.217464 0.0181373 0.0230053 0.00498755
 0.485784 0.386887 0.105227 0.00869272 0.013409
 0.798338 0.101337 0.0756203 0.0204178 0.00428671
 0.760801 0.194353 0.0226482 0.0167343 0.0054639
 0.496187 0.389804 0.0927809 0.0107232 0.0105052
 0.605449 0.201149 0.149841 0.0354514 0.00810853
 0.695951 0.189409 0.0586697 0.0433685 0.012602
 0.573215 0.306999 0.0749889 0.0229342 0.0218632
 0.836255 0.0966611 0.048358 0.0117249 0.00700137
pobs_PELACES
 0 0 0 0 0
 0 0 0 0 0
 0 0 0 0 0
 0 0 0 0 0
 0 0 0 0 0
 0 0 0 0 0
 0 0 0 0 0
 0 0 0 0 0
 0 0 0 0 0
 0 0 0 0 0
 0 0 0 0 0
 0 0 0 0 0
 0 0 0 0 0
 0 0 0 0 0
 0 0 0 0 0
 0 0 0 0 0
 0.505614 0.472636 0.0217494 0 0
 0 0 0 0 0
 0.443492 0.261883 0.143347 0.151278 0
 0.227955 0.32914 0.350689 0.0885471 0.00366901
 0.970185 0.0296113 0.000203453 0 0
 0.997202 0.00247181 0.000326279 0 0
 0.445219 0.490057 0.0546422 0.010081 0
 0.90214 0.0892962 0.00764917 0.000914606 0
 0 0 0 0 0
 0.581667 0.319106 0.0959925 0.00289975 0.000334073
 0.762889 0.0836404 0.116647 0.0363945 0.000428098
 0.88444 0.0763242 0.0277011 0.0115352 0
 0.521256 0.241999 0.230069 0.00667565 0
 0.616807 0.101726 0.260614 0.0208532 0
 0.833518 0.0704572 0.0857862 0.0102388 0
 0.697417 0.212968 0.0787535 0.0105354 0.000325836
 0 0 0 0 0
ppred_PELACES
 0.611131 0.0987123 0.272579 0.0175776 7.11458e-07
 0.518533 0.299311 0.0463664 0.127565 0.00822486
 0.719551 0.149622 0.0815113 0.0125558 0.0367598
 0.814288 0.136329 0.0264256 0.0143059 0.00865219
 0.739933 0.214479 0.0335347 0.00645086 0.00560194
 0.807262 0.144082 0.0401511 0.00625665 0.00224829
 0.612824 0.317493 0.0521845 0.0144404 0.00305763
 0.574385 0.269495 0.128251 0.0208736 0.00699524
 0.667305 0.194695 0.0874856 0.0414978 0.00901578
 0.822955 0.121829 0.0324295 0.0144487 0.0083386
 0.88357 0.0971451 0.0133076 0.00351115 0.00246594
 0.827082 0.153625 0.0161078 0.00219846 0.000987234
 0.64347 0.299205 0.0509768 0.00530034 0.00104777
 0.747254 0.171835 0.0680393 0.0114468 0.00142448
 0.95984 0.0316697 0.00581717 0.00224799 0.00042468
 0.954626 0.0437385 0.00129271 0.000234788 0.000107804
 0.456702 0.520236 0.0222371 0.000652324 0.000172804
 0.865813 0.062978 0.0681992 0.00290213 0.00010766
 0.760865 0.209514 0.0139595 0.0149996 0.000661682
 0.8095 0.148827 0.0365638 0.00240882 0.00270078
 0.852802 0.121255 0.0203104 0.00494217 0.000690265
 0.810816 0.163098 0.0215156 0.00357828 0.000991927
 0.381163 0.508154 0.0955168 0.0125105 0.00265633
 0.818945 0.0710068 0.0904372 0.0169246 0.00268674
 0.74617 0.209638 0.0173788 0.0220358 0.00477727
 0.495242 0.380195 0.102946 0.00850211 0.0131148
 0.806947 0.0973164 0.0721685 0.019479 0.00408953
 0.76871 0.188116 0.0218071 0.0161081 0.00525934
 0.504011 0.384075 0.0910791 0.0105243 0.0103103
 0.615055 0.196704 0.145852 0.0344986 0.00789048
 0.710584 0.180862 0.0555674 0.0410564 0.0119299
 0.582312 0.300832 0.073161 0.0223696 0.0213248
 0.846561 0.0909143 0.0450777 0.0109241 0.00652298
pobs_pel_tallas
 0 0 0 0 0 0 0 0 0 0 0 0 0 0 0 0 0 0 0 0 0 0 0 0 0 0
 0 0 0 0 0 0 0 0 0 0 0 0 0 0 0 0 0 0 0 0 0 0 0 0 0 0
 0 0 0 0 0 0 0 0 0 0 0 0 0 0 0 0 0 0 0 0 0 0 0 0 0 0
 0 0 0 0 0 0 0 0 0 0 0 0 0 0 0 0 0 0 0 0 0 0 0 0 0 0
 0 0 0 0 0 0 0 0 0 0 0 0 0 0 0 0 0 0 0 0 0 0 0 0 0 0
 0 0 0 0 0 0 0 0 0 0 0 0 0 0 0 0 0 0 0 0 0 0 0 0 0 0
 0 0 0 0 0 0 0 0 0 0 0 0 0 0 0 0 0 0 0 0 0 0 0 0 0 0
 0 0 0 0 0 0 0 0 0 0 0 0 0 0 0 0 0 0 0 0 0 0 0 0 0 0
 0 0 0 0 0 0 0 0 0 0 0 0 0 0 0 0 0 0 0 0 0 0 0 0 0 0
 0 0 0 0 0 0 0 0 0 0 0 0 0 0 0 0 0 0 0 0 0 0 0 0 0 0
 0 0 0 0 0 0 0 0 0 0 0 0 0 0 0 0 0 0 0 0 0 0 0 0 0 0
 0 0 0 0 0 0 0 0 0 0 0 0 0 0 0 0 0 0 0 0 0 0 0 0 0 0
 0.00862536 0 0 0.000197151 0.00414017 0.0128641 0.00837892 0.0270097 0.101434 0.158115 0.152841 0.127902 0.109271 0.109419 0.0830992 0.0579132 0.0238553 0.00714673 0.00463305 0.00128148 0.00103504 0.000492878 0.000147863 0.000147863 4.92878e-05 0
 0 0 0 0 0 0 0 0 0 0 0 0 0 0 0 0 0 0 0 0 0 0 0 0 0 0
 0 0 0 0 0 0 0 0.0054083 0.00873648 0.0413646 0.0450493 0.0745869 0.0622846 0.0627006 0.0613931 0.0827291 0.12552 0.122667 0.0946155 0.0697135 0.0546179 0.0294188 0.0215738 0.0213955 0.0102223 0.00600262
 0 0 0 0 0.00359764 0.0251062 0.0480494 0.140153 0.205849 0.193036 0.1447 0.116669 0.0760912 0.0342217 0.00950174 0.001854 0.000860785 0 0 0 0.000165536 0 0.000143464 0 0 0
 0 0 0 0 0 0 0 0.000145254 0.000435761 0.0275982 0.070085 0.0708112 0.156366 0.174668 0.174014 0.160142 0.0824315 0.0480064 0.0283245 0.00493863 0.00203355 0 0 0 0 0
 0 0 0 0 0 0 0 0 0 0 0 0 0 0 0 0 0 0 0 0 0 0 0 0 0 0
 0 0 1.00437e-05 0.000401748 0.00122533 0.00171747 0.00176769 0.0269171 0.070346 0.194647 0.189555 0.159765 0.064822 0.0314167 0.0384472 0.0292271 0.0345202 0.0313363 0.0194345 0.0106764 0.0143323 0.0359363 0.0279516 0.0138201 0.00172751 0
 0 0.0021121 0.0136068 0.0755702 0.200478 0.177729 0.0527432 0.0373336 0.0318909 0.0142505 0.0149659 0.0166563 0.0217959 0.0798694 0.0677717 0.0528807 0.04013 0.0224614 0.0357745 0.0225083 0.00881397 0.00855152 0.00135912 0.000746735 0 0
 0 0 0 0 5.4009e-05 0.00500934 0.000945158 0.0243581 0.138947 0.33067 0.221406 0.137944 0.0707744 0.0437923 0.0131692 0.00525238 0.0047753 0.00276346 9.45158e-05 9.00151e-06 2.25038e-05 9.00151e-06 4.50075e-06 0 0 0
 0.000866109 0.00284123 0.00948549 0.0512746 0.133035 0.25785 0.225252 0.132002 0.0553304 0.0519788 0.0540692 0.017754 0.00435017 0.00159236 0.00146478 0.000404838 0.000125132 0.000115318 0.000107957 0.000100596 0 0 0 0 0 0
 0 0 0 0 0.00144013 0.00171154 0.00461396 0.0210425 0.0478622 0.0707936 0.0888783 0.103762 0.0637923 0.0337046 0.0602308 0.124433 0.169614 0.0934646 0.0462172 0.0250306 0.0313229 0.00938855 0.002487 0.000210481 0 0
 0 0.00764035 0.051015 0.0998891 0.058973 0.0496711 0.0374665 0.0718981 0.12319 0.153886 0.159021 0.0857701 0.0377988 0.023471 0.0147837 0.00900784 0.00315554 0.000888139 0.00291439 0.00214683 0.00393193 0.00274676 0.000635225 9.99891e-05 0 0
 0 0 0 0 0 0 0 0 0 0 0 0 0 0 0 0 0 0 0 0 0 0 0 0 0 0
 0 0 0 0 0 0 0 0 0 0 0 0 0 0 0 0 0 0 0 0 0 0 0 0 0 0
 0 0 0 0 0 0 0 0 0 0 0 0 0 0 0 0 0 0 0 0 0 0 0 0 0 0
 0 0 0 0 0 0 0 0 0 0 0 0 0 0 0 0 0 0 0 0 0 0 0 0 0 0
 0 0 0 0 0 0 0 0 0 0 0 0 0 0 0 0 0 0 0 0 0 0 0 0 0 0
 0 0 0 0 0 0 0 0 0 0 0 0 0 0 0 0 0 0 0 0 0 0 0 0 0 0
 0 0 0 0 0 0 0 0 0 0 0 0 0 0 0 0 0 0 0 0 0 0 0 0 0 0
 0 0 0 0 0 0 0 0 0 0 0 0 0 0 0 0 0 0 0 0 0 0 0 0 0 0
 0 0 0 0 0 0 0 0 0 0 0 0 0 0 0 0 0 0 0 0 0 0 0 0 0 0
ppred_pel_tallas
 1.09655e-16 5.0338e-05 0.000489304 0.00325159 0.0147813 0.0459901 0.0979872 0.143017 0.143027 0.0980358 0.0461546 0.0152616 0.00447672 0.00322778 0.0054384 0.00939816 0.0146648 0.0207908 0.027266 0.0337147 0.0398667 0.0452559 0.0489904 0.0499559 0.0474068 0.0415008
 1.156e-16 4.27109e-05 0.000415165 0.00275892 0.0125417 0.0390219 0.0831414 0.121353 0.121382 0.0832827 0.0394963 0.0139126 0.00620314 0.00794472 0.0143766 0.023796 0.0345205 0.043979 0.0496379 0.0504774 0.0476537 0.0436983 0.0408662 0.0399036 0.0399909 0.0396029
 1.09871e-16 5.92685e-05 0.000576111 0.00382846 0.0174036 0.0541493 0.115371 0.168391 0.168405 0.115442 0.054388 0.0180946 0.00556798 0.00439058 0.00735431 0.0121985 0.017885 0.0231705 0.0268313 0.0283276 0.0280976 0.0271699 0.0264161 0.0260502 0.025684 0.0247474
 1.03697e-16 6.70718e-05 0.000651962 0.00433252 0.019695 0.0612785 0.130561 0.19056 0.190573 0.130625 0.0614945 0.0203189 0.00589936 0.00407529 0.00657739 0.0107915 0.0155973 0.0197428 0.0220055 0.0218397 0.0196999 0.0167185 0.0139993 0.0120774 0.0108641 0.00995385
 1.02618e-16 6.09474e-05 0.00059243 0.00393691 0.0178966 0.0556832 0.11864 0.173162 0.173183 0.118741 0.0560224 0.0188766 0.00639715 0.00596405 0.0102653 0.0168812 0.0243287 0.0306293 0.0338075 0.0329519 0.0287504 0.0230091 0.0175588 0.0134018 0.0105924 0.00866754
 1.02204e-16 6.64932e-05 0.000646337 0.00429514 0.0195251 0.0607499 0.129435 0.188916 0.18893 0.129503 0.0609784 0.0201854 0.00595424 0.00427314 0.006969 0.0114538 0.0165814 0.0210348 0.0235124 0.0234039 0.0211291 0.0178102 0.0145559 0.0119305 0.00991931 0.00824183
 1.03553e-16 5.04776e-05 0.00049066 0.00326061 0.0148223 0.0461178 0.0982599 0.14342 0.14345 0.0984095 0.0466201 0.0162733 0.00690358 0.00844537 0.0151641 0.0250055 0.0360544 0.0454191 0.0501817 0.0489921 0.0428573 0.0344289 0.026388 0.0201927 0.0159133 0.0128794
 1.07048e-16 4.73114e-05 0.000459883 0.00305609 0.0138925 0.043225 0.0920964 0.134423 0.134449 0.0922241 0.0436542 0.015134 0.00617927 0.00730092 0.0131075 0.0217715 0.0317712 0.0408163 0.0465763 0.0479396 0.0455887 0.0413607 0.0369551 0.0330576 0.0294137 0.0255003
 1.08262e-16 5.49651e-05 0.00053428 0.00355048 0.01614 0.0502176 0.106995 0.156166 0.156185 0.107087 0.0505277 0.0170371 0.00580764 0.00547945 0.0094995 0.0157573 0.023025 0.0296611 0.0340291 0.0353902 0.0343029 0.0321294 0.030064 0.0284744 0.0269656 0.0249208
 1.03828e-16 6.77857e-05 0.000658901 0.00437863 0.0199046 0.0619307 0.13195 0.192588 0.1926 0.132008 0.062124 0.0204632 0.00578215 0.0037277 0.00591063 0.00970329 0.0140651 0.0178896 0.020101 0.020217 0.0186275 0.0163012 0.014162 0.0126257 0.0115732 0.0106401
 1.01179e-16 7.27785e-05 0.000707433 0.00470114 0.0213707 0.0664923 0.141669 0.206772 0.206782 0.141715 0.0666459 0.0218144 0.00581485 0.00313866 0.00469014 0.00763866 0.0109972 0.0138308 0.0152401 0.0148132 0.0128669 0.0102286 0.00773832 0.00585818 0.00461364 0.00378796
 1.00892e-16 6.81256e-05 0.000662206 0.00440059 0.0200044 0.0622413 0.132612 0.193555 0.193569 0.132685 0.0624841 0.0207054 0.00615958 0.00450046 0.00735283 0.0120351 0.0172999 0.0216899 0.0237674 0.0228669 0.0194883 0.0149592 0.0106496 0.00734641 0.00514695 0.00375028
 1.02257e-16 5.30018e-05 0.000515197 0.00342366 0.0155635 0.048424 0.103173 0.150591 0.15062 0.103314 0.0488973 0.0169309 0.00685656 0.00801087 0.0142933 0.0235573 0.0339554 0.0427485 0.0471705 0.0459273 0.0399457 0.0317115 0.0237608 0.0175086 0.0130911 0.0099569
 1.03397e-16 6.15504e-05 0.000598292 0.00397586 0.0180737 0.0562341 0.119813 0.174874 0.174891 0.119895 0.0565072 0.0188636 0.00596202 0.00494519 0.00834958 0.0137908 0.0200574 0.0256334 0.0290023 0.0294433 0.0274133 0.0241471 0.0208237 0.0179804 0.0155247 0.0131393
 1.00474e-16 7.90608e-05 0.000768499 0.00510695 0.0232154 0.0722319 0.153898 0.224619 0.224622 0.153913 0.072282 0.0233603 0.00547063 0.00156285 0.00158895 0.0025051 0.00360903 0.00455546 0.00505144 0.00496409 0.00439406 0.00360302 0.00285231 0.00227897 0.00188155 0.00158724
 1.00091e-16 7.86313e-05 0.000764324 0.0050792 0.0230893 0.0718395 0.153062 0.223399 0.223403 0.153082 0.0719085 0.0232885 0.00557879 0.00185361 0.00214354 0.00340914 0.0048796 0.00608598 0.00660952 0.00625914 0.00518378 0.00377768 0.00245363 0.00145757 0.000829994 0.000483789
 1.0087e-16 3.76181e-05 0.000365661 0.00242995 0.0110462 0.0343692 0.073229 0.10689 0.10694 0.0734735 0.03519 0.013416 0.00837427 0.0133281 0.024614 0.0405229 0.058113 0.0725325 0.0788591 0.0748162 0.062153 0.0455221 0.0297934 0.0178673 0.0102308 0.00588541
 1.02294e-16 7.13159e-05 0.000693216 0.00460666 0.0209412 0.065156 0.138822 0.202616 0.202622 0.138852 0.0652575 0.0212356 0.00534987 0.0023301 0.00322228 0.0053239 0.00791657 0.0104817 0.012521 0.0137696 0.0142901 0.0143166 0.0139989 0.0132896 0.0120532 0.0102633
 1.02073e-16 6.26715e-05 0.000609189 0.00404828 0.0184029 0.0572584 0.121996 0.178061 0.178081 0.122094 0.0575892 0.0193583 0.00644541 0.00583892 0.00998558 0.0163852 0.0235434 0.0294973 0.0322976 0.03106 0.026503 0.0204771 0.0148729 0.0107462 0.00816502 0.0066221
 1.01792e-16 6.66774e-05 0.000648129 0.00430704 0.0195792 0.0609182 0.129793 0.18944 0.189454 0.129863 0.0611541 0.0202606 0.00601868 0.00438828 0.00718047 0.0117925 0.017044 0.0215626 0.0239896 0.0236864 0.0210929 0.017393 0.0137748 0.010871 0.00870768 0.00701274
 1.0123e-16 7.02442e-05 0.000682799 0.00453744 0.0206265 0.0641769 0.136736 0.199573 0.199584 0.136793 0.0643687 0.0211807 0.00592879 0.00372095 0.00584264 0.00955409 0.0137706 0.0173464 0.0191629 0.0187019 0.016345 0.013102 0.00999594 0.00758599 0.00590548 0.00470743
 1.0119e-16 6.67859e-05 0.000649182 0.00431405 0.019611 0.0610173 0.130004 0.189748 0.189764 0.130081 0.0612751 0.0203557 0.00618319 0.00472897 0.00781336 0.0128068 0.018431 0.0231527 0.0254545 0.0246329 0.02121 0.0165731 0.0121444 0.00872664 0.00640277 0.00485231
 1.04591e-16 3.1396e-05 0.00030518 0.00202803 0.00921917 0.0286845 0.0611172 0.0892126 0.0892616 0.0613567 0.0294888 0.0115426 0.00786183 0.0130457 0.0242432 0.0400683 0.0578059 0.0728728 0.0805958 0.0787874 0.0690085 0.0554377 0.0423142 0.0319668 0.0245711 0.019173
 1.04781e-16 6.74554e-05 0.000655691 0.00435729 0.0198076 0.0616289 0.131307 0.191648 0.191655 0.131341 0.0617439 0.0201414 0.00520148 0.00251939 0.00366813 0.00611732 0.00917934 0.0123251 0.015043 0.0170703 0.0184744 0.0194569 0.0200622 0.0200746 0.0191861 0.0172676
 1.03574e-16 6.14611e-05 0.000597424 0.00397009 0.0180475 0.0561525 0.11964 0.174622 0.174642 0.119738 0.0564837 0.0190041 0.00637074 0.00583644 0.0100069 0.0164358 0.0236496 0.0297051 0.0326768 0.0317045 0.0275207 0.021968 0.0168975 0.0132942 0.0111377 0.00983809
 1.06141e-16 4.07925e-05 0.000396518 0.002635 0.0119784 0.0372693 0.0794076 0.115905 0.115942 0.0795871 0.0378722 0.0137204 0.00701153 0.00996261 0.0182439 0.0301885 0.0436979 0.0553967 0.0618507 0.061449 0.0553117 0.0464273 0.0377613 0.0308427 0.0256545 0.0214466
 1.04754e-16 6.64671e-05 0.000646084 0.00429346 0.0195174 0.0607261 0.129384 0.188841 0.188851 0.12943 0.060882 0.019969 0.00543166 0.00314648 0.00486134 0.00805272 0.0118781 0.015535 0.0182418 0.0196275 0.0199014 0.0196005 0.0191372 0.0185373 0.0175407 0.0159025
 1.03183e-16 6.33177e-05 0.00061547 0.00409002 0.0185926 0.0578487 0.123253 0.179896 0.179914 0.123342 0.0581461 0.0194516 0.00624613 0.00532208 0.00900171 0.0147814 0.0212893 0.0267825 0.0295366 0.0287747 0.0251359 0.0202439 0.015728 0.0124531 0.0104057 0.00908615
 1.05527e-16 4.15148e-05 0.000403539 0.00268166 0.0121905 0.0379292 0.0808136 0.117958 0.117995 0.0809948 0.0385378 0.0139489 0.00709827 0.0100541 0.0183963 0.0304164 0.0439729 0.0556317 0.0619035 0.0611572 0.0545506 0.0451625 0.0360691 0.0288887 0.0236428 0.0195622
 1.09055e-16 5.06613e-05 0.000492446 0.00327248 0.0148762 0.0462855 0.098617 0.143938 0.143957 0.0987106 0.0466006 0.0157888 0.00557263 0.00554498 0.00973834 0.0162603 0.0239836 0.0313463 0.0367636 0.039475 0.0398945 0.0391065 0.0379573 0.0365273 0.03433 0.0309095
 1.07787e-16 5.85299e-05 0.000568932 0.00378075 0.0171868 0.0534745 0.113934 0.166293 0.166311 0.114019 0.0537618 0.0180173 0.0058688 0.00513782 0.00876766 0.014488 0.0210721 0.0269499 0.0305734 0.031268 0.0296257 0.027048 0.0248074 0.0233711 0.0223978 0.021219
 1.08041e-16 4.79644e-05 0.000466231 0.00309827 0.0140843 0.0438216 0.0933677 0.136279 0.136308 0.0935096 0.0442985 0.0154624 0.00656032 0.00803331 0.0144472 0.0238826 0.034577 0.0438642 0.0490613 0.0489509 0.0444917 0.0381113 0.0321706 0.0278079 0.0248429 0.0224551
 1.03524e-16 6.97301e-05 0.000677802 0.00450423 0.0204756 0.0637072 0.135735 0.198111 0.19812 0.135778 0.0638521 0.0208948 0.00555907 0.00298929 0.00448551 0.00737303 0.0107742 0.0138863 0.0159366 0.0165679 0.0160228 0.0149199 0.0138105 0.012881 0.0119847 0.0108829
pSPR Fmed_Fpbrs
1   0.984278 0.6 0.325 0.984278 0.984278 0.984278
Fs Fmed_Fpbrs
0   0.01 0.371226 0.970564 0.01 0.01 0.01
SSBpbr Bo_Bmed_Bpbrs
793038  753386  740918 436171 218085 740918 740918 740918
Ro
141063
SPR SPRFo_SPRFmed_SPRFpbrs
1.01626e+06 1.01626e+06 1.00029e+06
Fref
0
Nvult_r0
 130481 18331.4 9376.13 2276.16 1359.26
CTP_r0
 20877.3 5361.11 2867 697.671 416.683
YTP_r0
356514
Np
 187493 68974.7 25374.4 9334.71 4697.36
Nvult_p0
 118518 43600.3 16039.7 5900.66 2969.3
CTP_p0
 0 0 0 0 0
 0 0 0 0 0
 0 0 0 0 0
 0 0 0 0 0
 0 0 0 0 0
 0 0 0 0 0
YTP_p0
 0 0 0 0 0 0
CBA_c0
0
log_Ro
11.677
likeval ReclasPelacesDesembMPH_pf_preclas_ppelaces_ptallas_desvR_qrecl_qpela
 18.6817 0.000269281 0.0522959 59.5294 238.493 135.905 111.455 0 22.9587 2.72723e-06 8.97118e-06 0.210443 2063.88 0 0
q_reclas_q_pelaces
1.26307 1.52743
M
1
N
 175275 31228.1 87266.9 5631.29 0.227936
 84470.8 58286.4 9227.45 25418 1638.95
 104394 25857.6 14389.9 2219.26 6497.75
 144423 32072.8 6434.39 3490.09 2111.02
 125677 39718.7 6275.89 1207.97 1049.03
 198317 42295.7 12044.7 1879.19 675.322
 80377 60732.3 10451.3 2899.57 614.04
 40126.5 20047.8 9613.87 1565.38 524.609
 36958.7 13836.9 6409.1 3045.28 661.675
 50865.1 10517.4 2915.8 1302.08 751.549
 111909 13264.5 1833.76 484.077 339.985
 157645 38102.5 4125.22 564.043 253.312
 72849.7 44219.8 7782.28 810.646 160.264
 37036 20367.5 8967.5 1517.71 188.929
 115204 5551.09 1067.73 413.686 78.1625
 479455 28695.2 876.128 159.417 73.2044
 104211 133957 5810.74 170.599 45.1946
 376322 33850.7 37617 1603.07 59.4733
 280858 111243 7747.22 8345.21 368.183
 279142 71057.3 18162.5 1199.22 1344.72
 415576 73452.1 12633.5 3078.73 430.034
 473286 122191 16616.3 2768.19 767.434
 88068.5 134652 25736 3373.99 716.428
 280773 28134.8 36470.4 6831.91 1084.61
 279438 88990.5 7490.61 9506 2060.96
 107308 90353.6 24741.8 2044.67 3154.08
 261659 35893.7 27038.8 7304.48 1533.62
 309204 84301.2 9901.87 7319.55 2389.96
 123705 101771 24360 2816.3 2759.1
 119491 42057.1 31550.2 7467.52 1708.02
 132219 39828.5 12490.2 9239.18 2684.82
 72297.2 40893.5 10055.4 3076.44 2932.84
 187493 24226.5 12285.6 2981.06 1780.16
pred_Ctot
 10730.5 3954.53 11708.5 757.916 0.0306831
 9100.42 12515.8 2090.2 5774.35 372.386
 11040.5 5459.22 3205.49 495.797 1451.86
 23596.2 9983.15 2101.91 1143.08 691.499
 6816.65 4480.8 750.623 144.937 125.889
 21321.7 9065.09 2723.3 426.115 153.155
 16883.4 23385.9 4205.69 1169.57 247.711
 1597.62 1679.14 854.854 139.645 46.8075
 5402.28 3907.75 1902.62 906.467 196.984
 9625.81 3712.05 1077.5 482.36 278.449
 5302.63 1314.34 192.764 51.0496 35.86
 24196.2 11232.1 1277.4 175.123 78.659
 11302.2 13158.4 2432.2 254.023 50.2271
 14895.5 12753.9 5773.22 978.53 121.819
 24271.2 2142.8 430.697 167.266 31.6075
 74546.4 8554.98 274.328 50.0481 22.9852
 7787.53 20485.7 940.305 27.6914 7.3371
 47573.6 8401.68 9832.01 420.17 15.5904
 57148 41721.9 3038.26 3280.64 144.757
 51625.4 24596.7 6585.14 435.883 488.836
 53707.6 18594.8 3367.11 822.833 114.95
 69236.4 34533.1 4936.18 824.564 228.628
 7411.22 23015.6 4650.7 611.548 129.876
 24872.2 5044.36 6910.21 1298.35 206.154
 21612.4 14055.8 1251.63 1593.24 345.48
 6204.3 10834.9 3144.49 260.683 402.193
 20770.6 5809.27 4628.65 1254.23 263.374
 20770.1 11658.1 1450.01 1075.2 351.127
 5968.91 10261.9 2605.62 302.207 296.119
 7153.45 5213.58 4144.35 983.999 225.105
 13501.8 8143.08 2695.3 1999.58 581.148
 4103.83 4818.39 1255.83 385.436 367.506
 20877.3 5361.11 2867 697.671 416.683
F
 0.100985 0.219135 0.233514 0.234323 0.234366
 0.1838 0.398839 0.42501 0.426483 0.426561
 0.180164 0.390949 0.416602 0.418046 0.418122
 0.290923 0.631294 0.672718 0.67505 0.675173
 0.0890311 0.193195 0.205872 0.206585 0.206623
 0.183392 0.397954 0.424067 0.425537 0.425614
 0.388609 0.843268 0.898602 0.901716 0.90188
 0.0647019 0.140401 0.149614 0.150132 0.15016
 0.256774 0.557191 0.593753 0.59581 0.595919
 0.344088 0.746661 0.795655 0.798412 0.798558
 0.0774062 0.167969 0.178991 0.179611 0.179644
 0.271171 0.588431 0.627043 0.629216 0.629331
 0.274459 0.595567 0.634646 0.636846 0.636962
 0.897895 1.9484 2.07625 2.08345 2.08383
 0.389976 0.846237 0.901765 0.90489 0.905055
 0.275129 0.597021 0.636196 0.6384 0.638517
 0.124456 0.270066 0.287787 0.288784 0.288837
 0.218724 0.474624 0.505768 0.507521 0.507613
 0.374365 0.81236 0.865665 0.868665 0.868824
 0.335089 0.727132 0.774845 0.77753 0.777672
 0.224083 0.486252 0.518159 0.519955 0.52005
 0.257004 0.557691 0.594286 0.596345 0.596454
 0.141106 0.306195 0.326287 0.327418 0.327478
 0.149016 0.323359 0.344577 0.345771 0.345834
 0.129051 0.280036 0.298411 0.299446 0.2995
 0.0951432 0.206458 0.220005 0.220767 0.220808
 0.132646 0.287837 0.306724 0.307787 0.307843
 0.111271 0.241454 0.257298 0.25819 0.258237
 0.0788714 0.171148 0.182379 0.183011 0.183044
 0.0986563 0.214081 0.228128 0.228919 0.228961
 0.173492 0.376472 0.401175 0.402565 0.402638
 0.0933391 0.202543 0.215833 0.216581 0.216621
 0.190481 0.413337 0.440459 0.441985 0.442066
YTP_r0W_actual
 157415 93551.5 69008.8 21851 14688.1
YTP_p0W_proyectada
 0 0 0 0 0
 0 0 0 0 0
 0 0 0 0 0
 0 0 0 0 0
 0 0 0 0 0
 0 0 0 0 0
CTP_r0_actual
 20877.3 5361.11 2867 697.671 416.683
CTP_p0_proyectada
 0 0 0 0 0
 0 0 0 0 0
 0 0 0 0 0
 0 0 0 0 0
 0 0 0 0 0
 0 0 0 0 0
Wmedp
 7.54 17.45 24.07 31.32 35.25
Frms_r0
 0.190481 0.413337 0.440459 0.441985 0.442066
Zrms_r0
 1.19048 1.41334 1.44046 1.44199 1.44207
nmprior
 7.29 8.9 8.7 0
nm_flota  nm_reclas  nm_pelaces    nm_pelaL
inf 12.4698 17.3156 54.1767
cv_recla  cv_pelaces  cv_mph
0.374316 0.599201 0.618619
 ------------------------------------------------
Talla a la edad & desviaci?n 
 8 13.2811 15.8009 17.003 17.5766
 0.8 1.32811 1.58009 1.7003 1.75766
