years
 1991 1992 1993 1994 1995 1996 1997 1998 1999 2000 2001 2002 2003 2004 2005 2006 2007 2008 2009 2010 2011 2012 2013 2014 2015 2016 2017 2018 2019 2020 2021 2022 2023
reclasobs
 0 0 0 0 0 0 0 0 0 252601 567819 844713 477998 351125 339783 2.1784e+06 2.13404e+06 4.81314e+06 1.55562e+06 2.62356e+06 3.21686e+06 3.843e+06 1.13348e+06 3.07943e+06 1.97215e+06 2.03268e+06 2.025e+06 2.42433e+06 2.27542e+06 1.05018e+06 2.36338e+06 3.18982e+06 1.53035e+06
reclaspred
 3.01487e+06 1.68693e+06 894604 969925 1.02287e+06 1.51057e+06 1.01195e+06 962686 717727 555590 636476 771203 606729 315167 667566 1.70002e+06 1.81736e+06 2.37383e+06 1.69119e+06 1.3866e+06 2.84912e+06 2.39926e+06 1.92288e+06 2.90741e+06 2.30613e+06 2.09151e+06 2.4884e+06 2.73294e+06 2.42095e+06 1.85938e+06 1.66349e+06 1.62059e+06 1.62191e+06
pelacesobs
 0 0 0 0 0 0 0 0 0 0 0 0 0 0 0 552880 188675 0 991730 2.46772e+06 1.41603e+06 1.21717e+06 2.29649e+06 1.80582e+06 0 1.4828e+06 1.56532e+06 1.57751e+06 1.42118e+06 867257 1.10002e+06 1.06204e+06 0
pelacespred
 1.69365e+06 1.05938e+06 557394 496403 541910 832637 534877 604169 447391 332580 383263 398441 334251 173628 407332 866625 918324 1.31807e+06 999902 720491 1.52126e+06 1.35872e+06 1.09566e+06 1.80653e+06 1.37358e+06 1.23866e+06 1.69709e+06 1.67872e+06 1.33553e+06 1.17971e+06 953408 919355 927339
mphobs
 0 0 0 0 0 0 0 0 0 0 0 0 498337 0 5186 125008 0 168611 109162 213762 579715 649985 157893 87575 83554 210694 70296 0 107559 103333 445601 22526 28222
mphpred
 460586 308662 154068 90369.7 108973 126295 157621 107886 98297.3 72237.8 50923.1 77230.2 84569.8 50695.3 22237 68757.4 211683 216413 212499 340766 404855 583837 101893 86456.5 125264 105200 92231.5 102396 143607 114728 76236.8 76841 52135.4
desembarqueobs
 494567 514787 250237 358949 120608 361735 552515 73892 212993 205616 52469 317467 293654 387597 252695 516296 358380 742168 942051 627588 828172 859565 418607 520667 417249 300574 415391 372974 316634 284311 391294 218835 356480
desembarquepred
 494570 513233 251051 358986 120614 361764 552596 73896.1 213040 205660 52470.9 317500 293845 388093 252677 516244 358390 742202 941990 627496 828220 859659 418663 520713 417249 300591 415408 372971 316624 284290 391332 218855 356500
Reclutas
 217873 111869 150159 238536 203103 299936 132946 71080.3 62610.2 83539.8 170482 183727 89179.6 50986.8 170431 705925 169286 503548 381795 372396 610234 705001 145931 454711 438049 178582 421329 499532 197253 184550 221592 125434 318534
log_desv_Rt
 0.0169704 -0.64961 -0.355244 0.10758 -0.0532295 0.336628 -0.476994 -1.10313 -1.23001 -0.941617 -0.228309 -0.153491 -0.876288 -1.43538 -0.228612 1.19257 -0.235349 0.854737 0.577942 0.553016 1.0469 1.19126 -0.383807 0.75272 0.71539 -0.181894 0.676474 0.84673 -0.0824533 -0.149018 0.0338968 -0.535165 0.39679
SSB
 3.80008e+06 2.54662e+06 1.27114e+06 745598 899089 1.042e+06 1.30046e+06 890120 811005 596000 420143 637191 669612 410190 178264 552371 1.7465e+06 1.78552e+06 1.80518e+06 1.23364e+06 1.49948e+06 2.25232e+06 2.17687e+06 1.78484e+06 2.43733e+06 2.16168e+06 1.79504e+06 1.92493e+06 2.78984e+06 2.10898e+06 1.57767e+06 1.63111e+06 1.02862e+06
BT
 5.06802e+06 3.41685e+06 1.78226e+06 1.66089e+06 1.57925e+06 2.58497e+06 1.97341e+06 1.71601e+06 1.43975e+06 1.10932e+06 1.09611e+06 1.36e+06 1.18177e+06 881519 1.36628e+06 2.80137e+06 2.79394e+06 4.25345e+06 3.69289e+06 2.54816e+06 4.82719e+06 4.53885e+06 3.3663e+06 5.42641e+06 4.15533e+06 3.65424e+06 5.06698e+06 4.95456e+06 3.91598e+06 3.501e+06 2.97552e+06 2.69896e+06 2.85662e+06
Ftot
 0.119816 0.216221 0.209476 0.329585 0.0996643 0.218892 0.416064 0.0631579 0.244372 0.303824 0.0823329 0.360455 0.383325 0.969216 0.450576 0.348609 0.159035 0.278787 0.475386 0.40885 0.277774 0.319121 0.168271 0.173181 0.153473 0.115509 0.159246 0.136375 0.0990002 0.121833 0.204746 0.107623 0.212944
BD_Bspro_t
 0.981146 0.869027 0.732453 0.671475 0.685789 0.752414 0.732423 0.609799 0.67276 0.645325 0.62849 0.781952 0.679353 0.513017 0.326987 0.590251 0.736171 0.718458 0.674756 0.564285 0.569977 0.653458 0.670198 0.663688 0.754108 0.774723 0.780008 0.807512 0.849418 0.814505 0.784713 0.776499 0.773683
BD_Bspro
 2.46244 1.6502 0.823696 0.483145 0.582607 0.675211 0.842693 0.576795 0.525529 0.386206 0.272251 0.412898 0.433906 0.265802 0.115515 0.357935 1.13173 1.15701 1.16975 0.799396 0.971658 1.4595 1.4106 1.15657 1.57938 1.40076 1.16318 1.24735 1.80781 1.36661 1.02233 1.05695 0.666543
BD_Bo
 2.45586 1.6458 0.821496 0.481855 0.581051 0.673408 0.840442 0.575254 0.524125 0.385175 0.271524 0.411795 0.432747 0.265092 0.115206 0.356979 1.1287 1.15392 1.16663 0.79726 0.969063 1.4556 1.40684 1.15348 1.57516 1.39702 1.16007 1.24402 1.80298 1.36296 1.0196 1.05413 0.664762
BD_Brms
 2.63018 1.76262 0.879806 0.516057 0.622294 0.721206 0.900097 0.616086 0.561328 0.412514 0.290797 0.441024 0.463464 0.283908 0.123384 0.382317 1.20882 1.23583 1.24943 0.85385 1.03785 1.55892 1.50669 1.23536 1.68697 1.49618 1.24242 1.33232 1.93095 1.4597 1.09197 1.12895 0.711947
Sel_flota
 0.479847 0.946027 0.997006 0.999842 0.999992
 0.479847 0.946027 0.997006 0.999842 0.999992
 0.479847 0.946027 0.997006 0.999842 0.999992
 0.479847 0.946027 0.997006 0.999842 0.999992
 0.479847 0.946027 0.997006 0.999842 0.999992
 0.479847 0.946027 0.997006 0.999842 0.999992
 0.479847 0.946027 0.997006 0.999842 0.999992
 0.479847 0.946027 0.997006 0.999842 0.999992
 0.479847 0.946027 0.997006 0.999842 0.999992
 0.479847 0.946027 0.997006 0.999842 0.999992
 0.479847 0.946027 0.997006 0.999842 0.999992
 0.479847 0.946027 0.997006 0.999842 0.999992
 0.479847 0.946027 0.997006 0.999842 0.999992
 0.479847 0.946027 0.997006 0.999842 0.999992
 0.479847 0.946027 0.997006 0.999842 0.999992
 0.479847 0.946027 0.997006 0.999842 0.999992
 0.479847 0.946027 0.997006 0.999842 0.999992
 0.479847 0.946027 0.997006 0.999842 0.999992
 0.479847 0.946027 0.997006 0.999842 0.999992
 0.479847 0.946027 0.997006 0.999842 0.999992
 0.479847 0.946027 0.997006 0.999842 0.999992
 0.479847 0.946027 0.997006 0.999842 0.999992
 0.479847 0.946027 0.997006 0.999842 0.999992
 0.479847 0.946027 0.997006 0.999842 0.999992
 0.479847 0.946027 0.997006 0.999842 0.999992
 0.479847 0.946027 0.997006 0.999842 0.999992
 0.479847 0.946027 0.997006 0.999842 0.999992
 0.479847 0.946027 0.997006 0.999842 0.999992
 0.479847 0.946027 0.997006 0.999842 0.999992
 0.479847 0.946027 0.997006 0.999842 0.999992
 0.479847 0.946027 0.997006 0.999842 0.999992
 0.479847 0.946027 0.997006 0.999842 0.999992
 0.479847 0.946027 0.997006 0.999842 0.999992
Sel_reclas
 1 1 1 1 1
 1 1 1 1 1
 1 1 1 1 1
 1 1 1 1 1
 1 1 1 1 1
 1 1 1 1 1
 1 1 1 1 1
 1 1 1 1 1
 1 1 1 1 1
 1 1 1 1 1
 1 1 1 1 1
 1 1 1 1 1
 1 1 1 1 1
 1 1 1 1 1
 1 1 1 1 1
 1 1 1 1 1
 1 1 1 1 1
 1 1 1 1 1
 1 1 1 1 1
 1 1 1 1 1
 1 1 1 1 1
 1 1 1 1 1
 1 1 1 1 1
 1 1 1 1 1
 1 1 1 1 1
 1 1 1 1 1
 1 1 1 1 1
 1 1 1 1 1
 1 1 1 1 1
 1 1 1 1 1
 1 1 1 1 1
 1 1 1 1 1
 1 1 1 1 1
Sel_pelaces
 1 1 1 1 1
 1 1 1 1 1
 1 1 1 1 1
 1 1 1 1 1
 1 1 1 1 1
 1 1 1 1 1
 1 1 1 1 1
 1 1 1 1 1
 1 1 1 1 1
 1 1 1 1 1
 1 1 1 1 1
 1 1 1 1 1
 1 1 1 1 1
 1 1 1 1 1
 1 1 1 1 1
 1 1 1 1 1
 1 1 1 1 1
 1 1 1 1 1
 1 1 1 1 1
 1 1 1 1 1
 1 1 1 1 1
 1 1 1 1 1
 1 1 1 1 1
 1 1 1 1 1
 1 1 1 1 1
 1 1 1 1 1
 1 1 1 1 1
 1 1 1 1 1
 1 1 1 1 1
 1 1 1 1 1
 1 1 1 1 1
 1 1 1 1 1
 1 1 1 1 1
pf_obs 
 0.8446 0.082 0.0669 0.0065 0
 0.8095 0.147 0.0364 0.0071 0
 0.9664 0.0169 0.016 0.0007 0
 0.9276 0.0648 0.0075 0.0001 0
 0.7033 0.2144 0.0806 0.0017 0
 0.9318 0.0425 0.0243 0.0014 0
 0.5671 0.3108 0.0964 0.0239 0.0018
 0.0768 0.2599 0.5324 0.112 0.0189
 0.490249 0.384438 0.106611 0.0170017 0.00170017
 0.7925 0.1577 0.0466 0.003 0.0002
 0.840416 0.127587 0.0312969 0.00059994 9.999e-05
 0.8084 0.0986 0.0794 0.0134 0.0002
 0.7335 0.1905 0.0724 0.0035 0.0001
 0.4001 0.4547 0.1325 0.0127 0
 0.49795 0.308269 0.164784 0.0264974 0.00249975
 0.9179 0.0499 0.0305 0.0017 0
 0.2467 0.6533 0.0926 0.0074 0
 0.9418 0.0223 0.034 0.0019 0
 0.707729 0.231977 0.0356964 0.0245975 0
 0.517169 0.277429 0.184464 0.0207286 0.00020938
 0.811772 0.124168 0.05621 0.00726502 0.000585176
 0.764997 0.148141 0.077277 0.00933861 0.000247198
 0.163321 0.427699 0.378323 0.0303852 0.000271297
 0.753843 0.0900009 0.118128 0.0371064 0.000921714
 0.721811 0.176058 0.0630433 0.0369309 0.00215725
 0.143369 0.312575 0.442814 0.0836902 0.0175525
 0.692698 0.0596174 0.167031 0.0765114 0.00414204
 0.394062 0.376323 0.152708 0.0712218 0.00568511
 0.125707 0.32114 0.495352 0.0537591 0.00404204
 0.23352 0.215282 0.420074 0.123614 0.00750983
 0.796117 0.104755 0.0508955 0.0450114 0.00322123
 0.162477 0.292055 0.404252 0.121198 0.0200186
 0 0 0 0 0
pf_pred 
 0.31912 0.117678 0.535318 0.0278827 1.03613e-06
 0.275788 0.35305 0.0670453 0.289101 0.0150151
 0.483949 0.226555 0.145397 0.0260951 0.118003
 0.629224 0.244337 0.0573206 0.0347696 0.0343487
 0.522542 0.372787 0.0704161 0.0155579 0.0186973
 0.602663 0.270718 0.100011 0.017918 0.0086908
 0.35645 0.486382 0.109023 0.0380529 0.0100926
 0.33068 0.362941 0.235103 0.0494942 0.0217817
 0.391968 0.299016 0.171581 0.105533 0.031903
 0.556099 0.253989 0.096189 0.0521124 0.0416101
 0.705374 0.213272 0.0477525 0.0170465 0.0165547
 0.576589 0.348885 0.0547385 0.0116292 0.00815899
 0.387784 0.454047 0.131726 0.0194391 0.00700337
 0.392055 0.350803 0.19377 0.0528079 0.010564
 0.833151 0.104546 0.0372114 0.0189289 0.00616249
 0.873904 0.115539 0.00677506 0.00226156 0.00151956
 0.27365 0.679232 0.0433911 0.00239469 0.00133195
 0.665366 0.142657 0.180149 0.010895 0.000932879
 0.512791 0.393428 0.0413369 0.0492233 0.00322145
 0.559398 0.30709 0.109176 0.0107484 0.0135882
 0.679481 0.234614 0.0610091 0.020371 0.00452496
 0.611291 0.31646 0.053716 0.0131741 0.00535868
 0.20817 0.6061 0.152878 0.0244458 0.00840632
 0.623251 0.129479 0.191698 0.0457674 0.00980525
 0.534161 0.359401 0.03793 0.0531473 0.0153608
 0.300463 0.485709 0.167063 0.0166973 0.0300681
 0.618905 0.174616 0.145704 0.0475142 0.0132607
 0.581222 0.320915 0.0461916 0.0364943 0.0151766
 0.302574 0.510729 0.144895 0.0197618 0.0220403
 0.388506 0.280569 0.245761 0.0661394 0.019025
 0.505194 0.276875 0.102937 0.0854647 0.0295294
 0.372392 0.423646 0.117016 0.0411347 0.0458112
 0.674085 0.175607 0.103236 0.0270397 0.0200317
pobs_RECLAS
 0 0 0 0 0
 0 0 0 0 0
 0 0 0 0 0
 0 0 0 0 0
 0 0 0 0 0
 0 0 0 0 0
 0 0 0 0 0
 0 0 0 0 0
 0 0 0 0 0
 0 0 0 0 0
 0.991045 0.00858322 0.000360255 1.14367e-05 0
 0.934742 0.0480273 0.0164251 0.00080598 0
 0.827803 0.169806 0.00239088 0 0
 0.941827 0.0461693 0.0120037 0 0
 0.791401 0.0380133 0.147996 0.0225897 0
 0.846168 0.0940531 0.0597789 0 0
 0.134021 0.677848 0.182769 0.00536245 0
 0.80878 0.0450904 0.141981 0.00414843 0
 0.846168 0.0940531 0.0597789 0 0
 0.905697 0.0802665 0.012482 0.00150086 5.37128e-05
 0.989698 0.0102097 9.19794e-05 0 0
 0.975433 0.0193895 0.00387452 0.00125025 5.28907e-05
 0.303575 0.632131 0.0575291 0.00676475 0
 0.966965 0.00978017 0.0227588 0.000495775 0
 0.843318 0.132988 0.00938335 0.0141283 0.000182051
 0.564624 0.303363 0.111486 0.0197234 0.00080311
 0.826376 0.0876187 0.0782897 0.00655872 0.00115652
 0.89761 0.0855135 0.0140674 0.00269457 0.000114338
 0.34875 0.467042 0.161289 0.0227151 0.000203297
 0.318654 0.224769 0.449479 0.00709798 0
 0.937255 0.0296025 0.0250945 0.00804832 0
 0.456809 0.399803 0.12412 0.0192676 0
 0.883104 0.0372192 0.0704036 0.00927362 0
ppred_RECLAS
 0.492433 0.0916505 0.395381 0.0205349 7.62966e-07
 0.4381 0.281783 0.0507201 0.218073 0.0113243
 0.657963 0.154811 0.0941748 0.016853 0.0761983
 0.775884 0.150481 0.0334371 0.0202228 0.0199748
 0.686686 0.247474 0.0443352 0.00976753 0.0117367
 0.75435 0.170231 0.0596069 0.0106482 0.00516395
 0.530396 0.359686 0.0763174 0.0265585 0.00704284
 0.50008 0.277698 0.170639 0.0358208 0.0157618
 0.569117 0.217827 0.118453 0.0726447 0.0219574
 0.719417 0.164345 0.0589611 0.0318499 0.0254272
 0.827754 0.126523 0.0268707 0.00956475 0.00928743
 0.733852 0.221398 0.0328942 0.00696776 0.0048878
 0.563307 0.328425 0.0902132 0.0132736 0.00478137
 0.580831 0.248066 0.12904 0.0350525 0.00701091
 0.911338 0.0567156 0.0191038 0.00968881 0.00315379
 0.933127 0.0615528 0.00341822 0.00113766 0.000764286
 0.428676 0.536073 0.0324699 0.0017868 0.00099369
 0.803684 0.0862996 0.103257 0.00622649 0.000533059
 0.682377 0.259251 0.0257727 0.0305978 0.00200217
 0.721908 0.197041 0.0663137 0.00650921 0.00822771
 0.811106 0.140272 0.0345607 0.0115062 0.00255545
 0.760676 0.196798 0.0316419 0.00773753 0.00314683
 0.345778 0.507 0.121244 0.0193315 0.00664665
 0.772885 0.0808416 0.113473 0.0270134 0.0057865
 0.697298 0.236434 0.0236592 0.0330559 0.00955243
 0.463708 0.378407 0.123435 0.0123015 0.0221488
 0.768419 0.109226 0.0864145 0.0280988 0.00784088
 0.735908 0.204926 0.0279702 0.0220347 0.00916202
 0.465516 0.396951 0.106809 0.0145257 0.0161981
 0.564392 0.205698 0.170869 0.0458526 0.0131875
 0.675326 0.186065 0.0655715 0.0542841 0.0187531
 0.544521 0.312823 0.0819467 0.0287243 0.031985
 0.808393 0.105828 0.0589702 0.0154008 0.0114075
pobs_PELACES
 0 0 0 0 0
 0 0 0 0 0
 0 0 0 0 0
 0 0 0 0 0
 0 0 0 0 0
 0 0 0 0 0
 0 0 0 0 0
 0 0 0 0 0
 0 0 0 0 0
 0 0 0 0 0
 0 0 0 0 0
 0 0 0 0 0
 0 0 0 0 0
 0 0 0 0 0
 0 0 0 0 0
 0 0 0 0 0
 0.505614 0.472636 0.0217494 0 0
 0 0 0 0 0
 0.443492 0.261883 0.143347 0.151278 0
 0.227955 0.32914 0.350689 0.0885471 0.00366901
 0.970185 0.0296113 0.000203453 0 0
 0.997202 0.00247181 0.000326279 0 0
 0.445219 0.490057 0.0546422 0.010081 0
 0.90214 0.0892962 0.00764917 0.000914606 0
 0 0 0 0 0
 0.581667 0.319106 0.0959925 0.00289975 0.000334073
 0.762889 0.0836404 0.116647 0.0363945 0.000428098
 0.88444 0.0763242 0.0277011 0.0115352 0
 0.521256 0.241999 0.230069 0.00667565 0
 0.616807 0.101726 0.260614 0.0208532 0
 0.833518 0.0704572 0.0857862 0.0102388 0
 0.697417 0.212968 0.0787535 0.0105354 0.000325836
 0 0 0 0 0
ppred_PELACES
 0.497454 0.0908942 0.391329 0.0203221 7.55056e-07
 0.446773 0.277959 0.0498503 0.21429 0.0111278
 0.66562 0.151646 0.0919249 0.0164472 0.0743626
 0.784894 0.144703 0.0319753 0.0193327 0.0190954
 0.690052 0.244903 0.0438012 0.00964897 0.0115942
 0.760745 0.165989 0.0579081 0.0103426 0.00501569
 0.546714 0.347765 0.0732733 0.0254892 0.00675916
 0.502629 0.276415 0.16967 0.0356152 0.0156713
 0.578819 0.213367 0.115552 0.0708489 0.0214143
 0.729184 0.158969 0.0567418 0.0306423 0.0244628
 0.829605 0.12521 0.026555 0.00945167 0.00917758
 0.744737 0.212562 0.0313905 0.006647 0.0046627
 0.578148 0.317775 0.0867267 0.012756 0.00459484
 0.618221 0.227461 0.116408 0.0315924 0.00631855
 0.916994 0.0532459 0.0177996 0.00902357 0.00293718
 0.936425 0.0585449 0.00323217 0.00107539 0.000722438
 0.434719 0.530491 0.032046 0.00176321 0.000980561
 0.810767 0.0834053 0.0993267 0.00598795 0.000512629
 0.69833 0.246601 0.0243199 0.0288602 0.00188843
 0.734752 0.188321 0.0629446 0.00617614 0.00780655
 0.817748 0.135504 0.0332304 0.0110604 0.00245642
 0.769669 0.189585 0.030319 0.00741182 0.00301432
 0.351803 0.502653 0.119865 0.0191086 0.00656994
 0.777856 0.0792225 0.110877 0.0263911 0.00565314
 0.702381 0.232601 0.0232156 0.0324313 0.00937189
 0.468274 0.375403 0.122217 0.0121788 0.0219278
 0.773003 0.107219 0.0845992 0.0275044 0.00767496
 0.740066 0.201805 0.0274811 0.0216467 0.00900062
 0.469415 0.394226 0.105899 0.0144007 0.0160585
 0.569264 0.203621 0.168797 0.0452915 0.0130261
 0.682522 0.182217 0.0639945 0.0529684 0.0182984
 0.548768 0.310086 0.0810828 0.0284186 0.0316445
 0.813664 0.103085 0.0572363 0.014945 0.0110698
pobs_pel_tallas
 0 0 0 0 0 0 0 0 0 0 0 0 0 0 0 0 0 0 0 0 0 0 0 0 0 0
 0 0 0 0 0 0 0 0 0 0 0 0 0 0 0 0 0 0 0 0 0 0 0 0 0 0
 0 0 0 0 0 0 0 0 0 0 0 0 0 0 0 0 0 0 0 0 0 0 0 0 0 0
 0 0 0 0 0 0 0 0 0 0 0 0 0 0 0 0 0 0 0 0 0 0 0 0 0 0
 0 0 0 0 0 0 0 0 0 0 0 0 0 0 0 0 0 0 0 0 0 0 0 0 0 0
 0 0 0 0 0 0 0 0 0 0 0 0 0 0 0 0 0 0 0 0 0 0 0 0 0 0
 0 0 0 0 0 0 0 0 0 0 0 0 0 0 0 0 0 0 0 0 0 0 0 0 0 0
 0 0 0 0 0 0 0 0 0 0 0 0 0 0 0 0 0 0 0 0 0 0 0 0 0 0
 0 0 0 0 0 0 0 0 0 0 0 0 0 0 0 0 0 0 0 0 0 0 0 0 0 0
 0 0 0 0 0 0 0 0 0 0 0 0 0 0 0 0 0 0 0 0 0 0 0 0 0 0
 0 0 0 0 0 0 0 0 0 0 0 0 0 0 0 0 0 0 0 0 0 0 0 0 0 0
 0 0 0 0 0 0 0 0 0 0 0 0 0 0 0 0 0 0 0 0 0 0 0 0 0 0
 0.00862536 0 0 0.000197151 0.00414017 0.0128641 0.00837892 0.0270097 0.101434 0.158115 0.152841 0.127902 0.109271 0.109419 0.0830992 0.0579132 0.0238553 0.00714673 0.00463305 0.00128148 0.00103504 0.000492878 0.000147863 0.000147863 4.92878e-05 0
 0 0 0 0 0 0 0 0 0 0 0 0 0 0 0 0 0 0 0 0 0 0 0 0 0 0
 0 0 0 0 0 0 0 0.0054083 0.00873648 0.0413646 0.0450493 0.0745869 0.0622846 0.0627006 0.0613931 0.0827291 0.12552 0.122667 0.0946155 0.0697135 0.0546179 0.0294188 0.0215738 0.0213955 0.0102223 0.00600262
 0 0 0 0 0.00359764 0.0251062 0.0480494 0.140153 0.205849 0.193036 0.1447 0.116669 0.0760912 0.0342217 0.00950174 0.001854 0.000860785 0 0 0 0.000165536 0 0.000143464 0 0 0
 0 0 0 0 0 0 0 0.000145254 0.000435761 0.0275982 0.070085 0.0708112 0.156366 0.174668 0.174014 0.160142 0.0824315 0.0480064 0.0283245 0.00493863 0.00203355 0 0 0 0 0
 0 0 0 0 0 0 0 0 0 0 0 0 0 0 0 0 0 0 0 0 0 0 0 0 0 0
 0 0 1.00437e-05 0.000401748 0.00122533 0.00171747 0.00176769 0.0269171 0.070346 0.194647 0.189555 0.159765 0.064822 0.0314167 0.0384472 0.0292271 0.0345202 0.0313363 0.0194345 0.0106764 0.0143323 0.0359363 0.0279516 0.0138201 0.00172751 0
 0 0.0021121 0.0136068 0.0755702 0.200478 0.177729 0.0527432 0.0373336 0.0318909 0.0142505 0.0149659 0.0166563 0.0217959 0.0798694 0.0677717 0.0528807 0.04013 0.0224614 0.0357745 0.0225083 0.00881397 0.00855152 0.00135912 0.000746735 0 0
 0 0 0 0 5.4009e-05 0.00500934 0.000945158 0.0243581 0.138947 0.33067 0.221406 0.137944 0.0707744 0.0437923 0.0131692 0.00525238 0.0047753 0.00276346 9.45158e-05 9.00151e-06 2.25038e-05 9.00151e-06 4.50075e-06 0 0 0
 0.000866109 0.00284123 0.00948549 0.0512746 0.133035 0.25785 0.225252 0.132002 0.0553304 0.0519788 0.0540692 0.017754 0.00435017 0.00159236 0.00146478 0.000404838 0.000125132 0.000115318 0.000107957 0.000100596 0 0 0 0 0 0
 0 0 0 0 0.00144013 0.00171154 0.00461396 0.0210425 0.0478622 0.0707936 0.0888783 0.103762 0.0637923 0.0337046 0.0602308 0.124433 0.169614 0.0934646 0.0462172 0.0250306 0.0313229 0.00938855 0.002487 0.000210481 0 0
 0 0.00764035 0.051015 0.0998891 0.058973 0.0496711 0.0374665 0.0718981 0.12319 0.153886 0.159021 0.0857701 0.0377988 0.023471 0.0147837 0.00900784 0.00315554 0.000888139 0.00291439 0.00214683 0.00393193 0.00274676 0.000635225 9.99891e-05 0 0
 0 0 0 0 0 0 0 0 0 0 0 0 0 0 0 0 0 0 0 0 0 0 0 0 0 0
 0 0 0 0 0 0 0 0 0 0 0 0 0 0 0 0 0 0 0 0 0 0 0 0 0 0
 0 0 0 0 0 0 0 0 0 0 0 0 0 0 0 0 0 0 0 0 0 0 0 0 0 0
 0 0 0 0 0 0 0 0 0 0 0 0 0 0 0 0 0 0 0 0 0 0 0 0 0 0
 0 0 0 0 0 0 0 0 0 0 0 0 0 0 0 0 0 0 0 0 0 0 0 0 0 0
 0 0 0 0 0 0 0 0 0 0 0 0 0 0 0 0 0 0 0 0 0 0 0 0 0 0
 0 0 0 0 0 0 0 0 0 0 0 0 0 0 0 0 0 0 0 0 0 0 0 0 0 0
 0 0 0 0 0 0 0 0 0 0 0 0 0 0 0 0 0 0 0 0 0 0 0 0 0 0
 0 0 0 0 0 0 0 0 0 0 0 0 0 0 0 0 0 0 0 0 0 0 0 0 0 0
ppred_pel_tallas
 1.13355e-16 4.09747e-05 0.000398288 0.00264677 0.0120318 0.0374355 0.0797606 0.116415 0.116424 0.0798066 0.0375916 0.01249 0.00382524 0.00306432 0.00537737 0.00953543 0.0153817 0.0227673 0.0314364 0.0410624 0.0510731 0.0603337 0.0670863 0.0694615 0.0663722 0.0581817
 1.24884e-16 3.68002e-05 0.000357711 0.00237711 0.010806 0.0336217 0.0716356 0.10456 0.104587 0.071767 0.0340632 0.0120826 0.00558716 0.00738489 0.0134442 0.0223414 0.0326226 0.0420447 0.0484492 0.0511003 0.0512215 0.0511425 0.0526676 0.0559111 0.059349 0.0608392
 1.16926e-16 5.48262e-05 0.000532931 0.00354151 0.0160992 0.0500907 0.106724 0.15577 0.155785 0.106796 0.0503332 0.0168013 0.00531024 0.00441586 0.00749431 0.0124769 0.0183863 0.0240275 0.0282434 0.0305799 0.0315576 0.0322409 0.0334404 0.035184 0.0367857 0.0373288
 1.06131e-16 6.46507e-05 0.000628428 0.00417612 0.0189841 0.0590665 0.125848 0.183682 0.183696 0.125916 0.0592959 0.019647 0.00584153 0.00426891 0.00699342 0.0114997 0.016659 0.0211705 0.0237673 0.0239016 0.0220783 0.019498 0.0172952 0.0159619 0.0152981 0.0147619
 1.04257e-16 5.68388e-05 0.000552493 0.00367151 0.0166902 0.0519294 0.110642 0.16149 0.161514 0.110757 0.0523171 0.01781 0.0064832 0.00669325 0.0117277 0.0193206 0.0278803 0.035176 0.0389739 0.0382505 0.0337949 0.0276514 0.0218681 0.0175288 0.01463 0.0125901
 1.036e-16 6.26616e-05 0.000609093 0.00404764 0.0184 0.0572492 0.121976 0.178031 0.178047 0.122055 0.0575129 0.0191622 0.00596357 0.00480054 0.00804923 0.0132765 0.0192797 0.0245807 0.0277076 0.0279705 0.0258369 0.0225455 0.0192886 0.0166235 0.0144634 0.012461
 1.05904e-16 4.50322e-05 0.000437729 0.00290886 0.0132233 0.0411427 0.0876602 0.12795 0.127983 0.0878242 0.0416936 0.0148148 0.00690599 0.00917065 0.0166517 0.0275135 0.0397629 0.0502865 0.055936 0.055262 0.049354 0.0410423 0.0331325 0.0270635 0.0227752 0.01946
 1.11191e-16 4.14009e-05 0.000402432 0.0026743 0.012157 0.0378251 0.0805913 0.117631 0.117658 0.0807226 0.0382666 0.0134351 0.00589303 0.00746352 0.0135534 0.0226074 0.0331875 0.0430468 0.0498922 0.0526355 0.0519317 0.0494899 0.0467648 0.0441326 0.0410696 0.0369272
 1.14119e-16 4.76766e-05 0.000463433 0.00307968 0.0139998 0.0435586 0.092807 0.135459 0.13548 0.0929084 0.0438994 0.014986 0.00556329 0.0059121 0.0104759 0.0174569 0.025653 0.0333565 0.03887 0.0414654 0.0417788 0.0412271 0.0409237 0.0409814 0.0406495 0.0389979
 1.08891e-16 6.00619e-05 0.000583824 0.00387971 0.0176366 0.0548742 0.116916 0.170645 0.170661 0.116991 0.0551269 0.0183676 0.00571808 0.00460855 0.0077384 0.012791 0.0186442 0.0239327 0.0273205 0.0282353 0.0272049 0.0254467 0.0240403 0.0233372 0.0229672 0.0222734
 1.033e-16 6.83335e-05 0.000664226 0.00441402 0.0200655 0.0624312 0.133017 0.194144 0.194157 0.133076 0.0626296 0.0206386 0.00585361 0.00380986 0.00605142 0.0099201 0.0143417 0.0181612 0.0202541 0.0201144 0.0181512 0.0153949 0.0128537 0.0110223 0.0098329 0.00893349
 1.02416e-16 6.13431e-05 0.000596277 0.00396247 0.0180128 0.0560447 0.11941 0.174286 0.174307 0.11951 0.0563809 0.0189839 0.00640004 0.00591794 0.0101694 0.0167183 0.0240853 0.0303049 0.0334153 0.0325118 0.0282786 0.0225134 0.0170422 0.0128704 0.0100605 0.00815639
 1.04641e-16 4.76213e-05 0.000462896 0.00307611 0.0139836 0.0435082 0.0927 0.135305 0.135336 0.09285 0.0440121 0.0154398 0.00673452 0.00845965 0.0152654 0.0252407 0.0365398 0.0463325 0.0517486 0.0514391 0.046332 0.0389103 0.0316341 0.0257657 0.0212878 0.0175892
 1.07656e-16 5.09221e-05 0.000494981 0.00328932 0.0149528 0.0465238 0.0991247 0.14468 0.144702 0.0992325 0.0468864 0.0160019 0.00592959 0.00628135 0.011107 0.0184564 0.0269927 0.0348076 0.0399722 0.0415792 0.0402096 0.0373745 0.0344188 0.0317952 0.0291593 0.0259774
 1.0193e-16 7.55316e-05 0.000734194 0.00487898 0.0221791 0.0690075 0.147028 0.214593 0.214598 0.147053 0.0690921 0.0224237 0.0054939 0.00207978 0.0026406 0.00427131 0.00620627 0.00793456 0.00899242 0.00917334 0.0086418 0.00780189 0.00702655 0.00646357 0.00603549 0.00557575
 1.00339e-16 7.71321e-05 0.000749752 0.00498236 0.0226491 0.0704698 0.150144 0.21914 0.219146 0.150171 0.0705622 0.0229159 0.0056517 0.00220963 0.00284592 0.00457289 0.00655676 0.00819666 0.00893835 0.0085292 0.00716771 0.00537516 0.00369217 0.0024332 0.00163903 0.00118498
 1.01404e-16 3.58074e-05 0.00034806 0.00231299 0.0105145 0.0327149 0.0697044 0.101746 0.101797 0.0699538 0.0335522 0.0129322 0.00837797 0.013576 0.0251228 0.0413832 0.0593905 0.0742187 0.0808655 0.0770145 0.064431 0.0478139 0.0320641 0.0200763 0.0123086 0.00774445
 1.03576e-16 6.67819e-05 0.000649143 0.00431379 0.0196099 0.0610136 0.129996 0.189735 0.189743 0.130036 0.0611483 0.0200007 0.00530148 0.00282682 0.00426553 0.00710973 0.0106151 0.0141364 0.0170333 0.018961 0.0199858 0.0203732 0.0202567 0.0195078 0.0179049 0.0154098
 1.03979e-16 5.75206e-05 0.000559121 0.00371556 0.0168904 0.0525524 0.111969 0.163427 0.163451 0.112085 0.0529422 0.0180161 0.00654093 0.00672603 0.0117673 0.019358 0.0278731 0.0350455 0.038616 0.0375709 0.0327581 0.0263191 0.0203982 0.0161269 0.0134728 0.0117605
 1.03806e-16 6.05205e-05 0.000588281 0.00390934 0.0177713 0.0552932 0.117809 0.171949 0.171967 0.117898 0.0555922 0.0186356 0.00608166 0.00533962 0.00911092 0.0150362 0.0218169 0.0277745 0.0312288 0.0313899 0.0287909 0.0248546 0.0209658 0.0177972 0.0152857 0.0130547
 1.02519e-16 6.73569e-05 0.000654733 0.00435093 0.0197787 0.061539 0.131116 0.19137 0.191383 0.13118 0.0617537 0.0203994 0.00591015 0.00406253 0.00655125 0.0107552 0.0155604 0.0197238 0.0220242 0.0218992 0.0197635 0.0166963 0.013757 0.0114731 0.00980163 0.00842943
 1.02177e-16 6.33967e-05 0.000616238 0.00409512 0.0186158 0.0579209 0.123407 0.18012 0.180139 0.123497 0.0582208 0.0194822 0.00627011 0.00536525 0.00908558 0.0149277 0.0215161 0.0270956 0.0299203 0.0291839 0.0254908 0.0204306 0.015613 0.0119165 0.00938681 0.00762046
 1.06616e-16 2.89777e-05 0.000281673 0.00187182 0.00850906 0.0264751 0.0564098 0.0823419 0.0823904 0.0566469 0.0272716 0.0108105 0.00765235 0.0129128 0.0240532 0.0398113 0.0575614 0.0728303 0.0810522 0.0800882 0.0714434 0.0591314 0.0471604 0.0376365 0.0305903 0.0250386
 1.06824e-16 6.4071e-05 0.000622793 0.00413868 0.0188138 0.0585368 0.124719 0.182033 0.182041 0.124757 0.0586655 0.0191876 0.00508493 0.0027149 0.00411506 0.00690525 0.0104183 0.0141034 0.0174238 0.0201088 0.0222292 0.023965 0.0252809 0.025828 0.0251628 0.02308
 1.05568e-16 5.78542e-05 0.000562364 0.0037371 0.0169883 0.0528572 0.112619 0.164375 0.164397 0.112728 0.0532249 0.0180504 0.00640307 0.0063822 0.0111114 0.0182815 0.0263437 0.0331721 0.0366586 0.035875 0.0316482 0.0260108 0.02097 0.0175395 0.0155994 0.0144076
 1.08556e-16 3.85712e-05 0.000374926 0.00249151 0.0113261 0.0352398 0.0750836 0.109594 0.109631 0.0752609 0.0358358 0.0130488 0.00682104 0.00984404 0.0180742 0.0299553 0.0434664 0.0553274 0.0621999 0.0625234 0.0573837 0.0496453 0.0420903 0.0360598 0.0313963 0.0272882
 1.06526e-16 6.36712e-05 0.000618907 0.00411285 0.0186964 0.0581716 0.123941 0.180898 0.180908 0.123992 0.0583436 0.0191948 0.00536943 0.00338118 0.00536629 0.00891961 0.0131934 0.0173317 0.0204979 0.0223037 0.0229856 0.0231157 0.0230993 0.0228922 0.0221282 0.0204738
 1.04539e-16 6.09583e-05 0.000592537 0.00393762 0.0178998 0.0556932 0.118661 0.173193 0.173213 0.118756 0.0560124 0.018822 0.00625268 0.00564764 0.00966576 0.0158953 0.0229244 0.0289057 0.0320094 0.0314191 0.0278266 0.0229595 0.0185274 0.0153999 0.0134972 0.0122284
 1.07319e-16 3.86652e-05 0.000375839 0.00249759 0.0113537 0.0353257 0.0752666 0.109862 0.1099 0.0754527 0.0359508 0.0131602 0.00703598 0.0102961 0.018917 0.0313118 0.0453343 0.0574958 0.0642491 0.0639411 0.0577503 0.0487849 0.0401111 0.0332807 0.0282203 0.0240879
 1.1167e-16 4.68895e-05 0.000455783 0.00302884 0.0137687 0.0428396 0.0912749 0.133223 0.133242 0.0913721 0.0431664 0.0147157 0.00541738 0.00570774 0.0101325 0.0169686 0.0251248 0.0330385 0.0391218 0.04262 0.0439476 0.0441471 0.0439523 0.0432746 0.0414596 0.0379536
 1.10302e-16 5.62185e-05 0.000546464 0.00363144 0.016508 0.0513627 0.109434 0.159726 0.159744 0.109521 0.0516525 0.0173462 0.00573941 0.00516211 0.00886411 0.0146781 0.0214122 0.0275229 0.0314951 0.0326881 0.0317146 0.0299584 0.0286188 0.0280363 0.027718 0.0268634
 1.10625e-16 4.52014e-05 0.000439374 0.00291979 0.013273 0.0412973 0.0879894 0.128429 0.128459 0.0881358 0.0417891 0.0146944 0.00649138 0.00824817 0.0149113 0.0246758 0.0357724 0.0454839 0.0510796 0.0513386 0.0472684 0.041361 0.0359982 0.0322611 0.0298459 0.027792
 1.05051e-16 6.70204e-05 0.000651462 0.0043292 0.0196799 0.0612315 0.130461 0.190413 0.190423 0.13051 0.0613961 0.020156 0.00552787 0.00327999 0.005094 0.00840736 0.0123217 0.0159547 0.0184511 0.0194197 0.0191349 0.0182741 0.0174153 0.0167086 0.0159286 0.014764
pSPR Fmed_Fpbrs
1   0.983724 0.6 0.325 0.983724 0.983724 0.983724
Fs Fmed_Fpbrs
0   0.01 0.355063 0.916158 0.01 0.01 0.01
SSBpbr Bo_Bmed_Bpbrs
1.54735e+06  1.46998e+06  1.4448e+06 851043 425521 1.4448e+06 1.4448e+06 1.4448e+06
Ro
214207
SPR SPRFo_SPRFmed_SPRFpbrs
1.54322e+06 1.54322e+06 1.5181e+06
Fref
0
Nvult_r0
 212734 30642.1 17247.2 4506.84 3338.37
CTP_r0
 19722.1 5137.86 3020.45 791.118 586.079
YTP_r0
356500
Np
 318534 117182 43108.9 15858.9 7980.43
Nvult_p0
 201352 74073.3 27250 10024.7 5044.59
CTP_p0
 0 0 0 0 0
 0 0 0 0 0
 0 0 0 0 0
 0 0 0 0 0
 0 0 0 0 0
 0 0 0 0 0
YTP_p0
 0 0 0 0 0 0
CBA_c0
0
log_Ro
12.0947
likeval ReclasPelacesDesembMPH_pf_preclas_ppelaces_ptallas_desvR_qrecl_qpela
 20.4703 0.000248479 0.110015 69.4046 239.782 138.412 108.904 0 21.8705 6.51102e-06 1.49153e-06 0.505681 2066.16 0 0
q_reclas_q_pelaces
0.697076 0.841377
M
1
N
 217873 41698.5 180438 9372.98 0.348252
 111869 75672.7 13696.2 58905.2 3058.95
 150159 37098.5 22688.7 4061.45 18363.5
 238536 49957.9 11194.3 6773.5 6690.63
 203103 74916.2 13455.5 2964.8 3562.53
 299936 71228.1 25080.4 4481.77 2173.51
 132946 99338.6 21302.2 7417.55 1967.06
 71080.3 40056.8 24653.7 5175.79 2277.46
 62610.2 25368.4 13881.4 8516.09 2574.1
 83539.8 20484.5 7406.23 4002.46 3195.42
 170482 26563.4 5653.3 2012.56 1954.22
 183727 60287.5 9039.87 1915.84 1343.97
 89179.6 56854 15770.2 2321.63 836.313
 50986.8 27295.3 14553.8 3958.82 791.869
 170431 11781 4014.09 2037.12 663.121
 705925 50507.5 2829.87 942.314 633.065
 169286 219693 13360.8 735.405 408.984
 503548 57701.3 69531.4 4194.48 359.103
 381795 162050 16306.1 19372 1267.65
 372396 111807 38022.4 3734.36 4720.42
 610234 112592 27938 9304.98 2066.62
 705001 196479 31848.5 7791.59 3168.89
 145931 222532 53445.2 8523.49 2930.61
 454711 49520.6 69817.2 16624.7 3561.2
 438049 153940 15464.6 21611.4 6245.29
 178582 149708 48978 4881.94 8790.03
 421329 62154.3 49373.4 16058 4481
 499532 143596 19667.5 15496.9 6443.68
 197253 172127 46431.9 6315.47 7042.62
 184550 69198.7 57660.6 15475.9 4451
 221592 64037 22685.5 18785.9 6489.93
 125434 73891 19409.6 6804.56 7577.07
 318534 43821.9 24551.6 6413.89 4750.91
pred_Ctot
 7731.1 2850.9 12968.8 675.496 0.0251016
 7028.48 8997.5 1708.65 7367.74 382.659
 9151.96 4284.39 2749.61 493.485 2231.55
 22343 8676.13 2035.38 1234.63 1219.68
 6018.87 4293.92 811.084 179.203 215.363
 19067 8564.95 3164.14 566.889 274.959
 15458.9 21093.9 4728.19 1650.32 437.703
 1344.6 1475.78 955.969 201.252 88.568
 4421.27 3372.81 1935.37 1190.38 359.856
 7249.64 3311.15 1253.98 679.368 542.454
 4188.04 1266.26 283.522 101.21 98.2907
 18708.5 11320.2 1776.09 377.33 264.733
 9614.41 11257.3 3265.9 481.957 173.636
 12445.5 11136 6151.11 1676.35 335.348
 21319 2675.18 952.18 484.361 157.688
 69680.6 9212.51 540.208 180.325 121.161
 7911.59 19637.5 1254.5 69.2336 38.5085
 40293.6 8639.09 10909.6 659.785 56.4938
 50148.3 38475.2 4042.53 4813.79 315.041
 42610.2 23391.5 8316.09 818.72 1035.03
 48662.9 16802.5 4369.33 1458.93 324.068
 64069.2 33168 5629.95 1380.77 561.641
 7202.97 20971.9 5289.81 845.858 290.87
 23076.5 4794.08 7097.81 1694.59 363.05
 19777.9 13307.3 1404.4 1967.84 568.751
 6114.29 9883.96 3399.65 339.783 611.873
 19716.1 5562.67 4641.61 1513.64 422.44
 20109.2 11103.1 1598.15 1262.63 525.082
 5807.34 9802.47 2780.98 379.29 423.021
 6656.25 4806.96 4210.6 1133.16 325.954
 13213 7241.47 2692.24 2235.27 772.32
 4007.68 4559.26 1259.32 442.69 493.019
 19722.1 5137.86 3020.45 791.118 586.079
F
 0.0574936 0.11335 0.119458 0.119797 0.119815
 0.103753 0.204551 0.215574 0.216187 0.21622
 0.100516 0.19817 0.208849 0.209443 0.209474
 0.15815 0.311796 0.328598 0.329532 0.329582
 0.0478236 0.0942851 0.0993659 0.0996485 0.0996634
 0.105035 0.207078 0.218237 0.218858 0.21889
 0.199647 0.393608 0.414819 0.415998 0.416061
 0.0303062 0.0597491 0.0629688 0.0631479 0.0631574
 0.117261 0.231183 0.243641 0.244333 0.24437
 0.145789 0.287426 0.302915 0.303776 0.303822
 0.0395072 0.0778891 0.0820864 0.0823199 0.0823322
 0.172963 0.341 0.359376 0.360398 0.360452
 0.183938 0.362636 0.382178 0.383265 0.383322
 0.465076 0.916905 0.966315 0.969063 0.969208
 0.216208 0.426257 0.449227 0.450505 0.450573
 0.167279 0.329794 0.347566 0.348554 0.348607
 0.0763126 0.150451 0.158559 0.15901 0.159034
 0.133775 0.26374 0.277952 0.278743 0.278785
 0.228113 0.449728 0.473963 0.475311 0.475382
 0.196185 0.386783 0.407626 0.408785 0.408846
 0.133289 0.262781 0.276942 0.27773 0.277771
 0.153129 0.301897 0.318165 0.31907 0.319118
 0.0807442 0.159188 0.167767 0.168244 0.168269
 0.0831003 0.163834 0.172662 0.173153 0.173179
 0.0736435 0.145189 0.153013 0.153449 0.153472
 0.0554267 0.109275 0.115163 0.115491 0.115508
 0.076414 0.150651 0.15877 0.159221 0.159245
 0.0654393 0.129015 0.135967 0.136354 0.136374
 0.047505 0.0936568 0.0987038 0.0989845 0.0989994
 0.0584614 0.115258 0.121469 0.121814 0.121832
 0.0982466 0.193695 0.204133 0.204713 0.204744
 0.0516427 0.101814 0.107301 0.107606 0.107622
 0.102181 0.201451 0.212307 0.212911 0.212943
YTP_r0W_actual
 148705 89655.7 72702.1 24777.8 20659.3
YTP_p0W_proyectada
 0 0 0 0 0
 0 0 0 0 0
 0 0 0 0 0
 0 0 0 0 0
 0 0 0 0 0
 0 0 0 0 0
CTP_r0_actual
 19722.1 5137.86 3020.45 791.118 586.079
CTP_p0_proyectada
 0 0 0 0 0
 0 0 0 0 0
 0 0 0 0 0
 0 0 0 0 0
 0 0 0 0 0
 0 0 0 0 0
Wmedp
 7.54 17.45 24.07 31.32 35.25
Frms_r0
 0.102181 0.201451 0.212307 0.212911 0.212943
Zrms_r0
 1.10218 1.20145 1.21231 1.21291 1.21294
nmprior
 7.29 8.9 8.7 0
nm_flota  nm_reclas  nm_pelaces    nm_pelaL
inf 11.488 15.8985 48.0729
cv_recla  cv_pelaces  cv_mph
0.391826 0.575591 0.667961
 ------------------------------------------------
Talla a la edad & desviaci?n 
 8 13.2811 15.8009 17.003 17.5766
 0.8 1.32811 1.58009 1.7003 1.75766
