years
 1991 1992 1993 1994 1995 1996 1997 1998 1999 2000 2001 2002 2003 2004 2005 2006 2007 2008 2009 2010 2011 2012 2013 2014 2015 2016 2017 2018 2019 2020 2021 2022 2023
reclasobs
 0 0 0 0 0 0 0 0 0 252601 567819 844713 477998 351125 339783 2.1784e+06 2.13404e+06 4.81314e+06 1.55562e+06 2.62356e+06 3.21686e+06 3.843e+06 1.13348e+06 3.07943e+06 1.97215e+06 2.03268e+06 2.025e+06 2.42433e+06 2.27542e+06 1.05018e+06 2.36338e+06 3.18982e+06 1.53035e+06
reclaspred
 5.80968e+06 2.0283e+06 1.05145e+06 743854 304291 2.686e+06 1.5843e+06 857861 603475 244322 436316 1.27099e+06 1.2576e+06 275901 700199 2.23564e+06 2.12734e+06 3.19574e+06 2.14904e+06 1.70789e+06 3.47721e+06 2.87187e+06 1.68908e+06 2.57227e+06 2.19147e+06 1.80983e+06 2.1446e+06 2.70925e+06 2.4558e+06 1.99673e+06 1.53143e+06 1.17693e+06 910331
pelacesobs
 0 0 0 0 0 0 0 0 0 0 0 0 0 0 0 552880 188675 0 991730 2.46772e+06 1.41603e+06 1.21717e+06 2.29649e+06 1.80582e+06 0 1.4828e+06 1.56532e+06 1.57751e+06 1.42118e+06 867257 1.10002e+06 1.06204e+06 0
pelacespred
 3.92719e+06 1.18565e+06 473508 239692 114002 1.30727e+06 694568 549632 272183 79624.7 207956 530204 599102 80814.3 313528 913464 1.00754e+06 1.51103e+06 905548 616423 1.55556e+06 1.24369e+06 796401 1.339e+06 1.08917e+06 935100 1.23713e+06 1.43834e+06 1.31845e+06 1.16245e+06 701664 577621 363954
mphobs
 0 0 0 0 0 0 0 0 0 0 0 0 498337 0 5186 125008 0 168611 109162 213762 579715 649985 157893 87575 83554 210694 70296 0 107559 103333 445601 22526 28222
mphpred
 936822 408641 118540 110083 47139.6 25871.5 357791 111538 63188.2 39254.2 14359.4 63079.6 162918 68157.2 10009.9 70889.2 317219 188787 272458 307484 420186 623426 128943 60515.8 144662 121359 77986.2 117808 202092 121408 90038.7 75745.9 30137.2
desembarqueobs
 494567 514787 250237 358949 120608 361735 552515 73892 212993 205616 52469 317467 293654 387597 252695 516296 358380 742168 942051 627588 828172 859565 418607 520667 417249 300574 415391 372974 316634 284311 391294 218835 356480
desembarquepred
 494506 514588 249852 358797 120563 361579 552038 73880.5 212866 205479 52460.9 317258 293513 387056 252449 515839 358209 741461 940246 626619 827723 858792 418396 520376 416882 300426 415109 372716 316360 283973 390971 218783 356322
Reclutas
 51937.7 60666.7 137084 48694.4 22597.1 272882 30676.8 10998.5 31928 30845.3 44576.7 156464 74374.1 37850.8 67674.8 303581 37858.5 302159 220591 215005 265943 327582 32466.5 155159 154867 39332.6 133243 153187 49160.8 90864.6 70899.6 23680 83196.1
log_desv_Rt
 -0.411374 -0.256024 0.559176 -0.475855 -1.2436 1.24762 -0.937913 -1.96366 -0.897935 -0.932433 -0.564209 0.691407 -0.0523113 -0.727768 -0.146705 1.35423 -0.727563 1.34953 1.03489 1.00924 1.22186 1.43032 -0.881209 0.683031 0.681146 -0.689366 0.530758 0.67024 -0.466323 0.147951 -0.100155 -1.19679 0.0597813
SSB
 1.21321e+06 529200 153512 142560 61046.9 33504.2 463348 144445 81830.2 50835.2 18595.8 81689.6 198474 83812.5 12256.1 87906.3 410807 244483 373473 187269 264169 424133 372364 164520 353211 321965 191015 271896 488884 270816 247182 213576 77939.4
BT
 1.64481e+06 921563 435293 376722 149638 1.24488e+06 753373 283458 355164 235565 180156 601506 565023 430360 472617 1.03512e+06 696506 1.58462e+06 1.40467e+06 868326 1.67499e+06 1.43656e+06 681470 1.34542e+06 910552 661424 1.18167e+06 1.16803e+06 775759 837277 690058 427871 543019
Ftot
 0.414205 1.15592 1.16391 1.96709 1.70749 0.762666 1.41926 0.424266 1.69703 3.18432 0.664961 1.28617 1.09531 4.34435 1.90487 1.23977 0.76666 1.19487 1.94325 1.77028 1.19866 1.42103 1.08989 1.07035 0.925389 0.775771 1.00959 0.723459 0.597174 0.72002 1.219 0.858462 1.90491
BD_Bspro_t
 0.936553 0.574053 0.259301 0.251976 0.111813 0.0852769 0.4584 0.190384 0.159483 0.124496 0.0686328 0.315885 0.364429 0.15738 0.031136 0.183924 0.386558 0.26054 0.292334 0.161358 0.178375 0.246949 0.241055 0.143781 0.291124 0.319212 0.260517 0.362378 0.481699 0.354247 0.353566 0.296269 0.196913
BD_Bspro
 2.14882 0.937314 0.271899 0.252502 0.108126 0.0593423 0.820678 0.255839 0.144937 0.0900388 0.0329367 0.144688 0.351535 0.148448 0.0217079 0.155699 0.727618 0.433027 0.661493 0.33169 0.467894 0.751221 0.659527 0.291397 0.625605 0.570261 0.338324 0.481579 0.865907 0.479667 0.437807 0.378283 0.138046
BD_Bo
 4.61919 2.01488 0.584483 0.542787 0.232431 0.127564 1.76416 0.549961 0.311562 0.193551 0.070802 0.311026 0.755673 0.319109 0.0466641 0.334696 1.56411 0.93085 1.42197 0.713012 1.0058 1.61485 1.41774 0.626397 1.34482 1.22585 0.727275 1.03522 1.86139 1.03111 0.941127 0.813172 0.296748
BD_Brms
 4.94589 2.15739 0.625822 0.581177 0.24887 0.136587 1.88893 0.588858 0.333598 0.20724 0.0758096 0.333024 0.809119 0.341679 0.0499645 0.358368 1.67474 0.996686 1.52254 0.763441 1.07694 1.72906 1.51802 0.6707 1.43994 1.31256 0.778713 1.10844 1.99304 1.10404 1.00769 0.870685 0.317736
Sel_flota
 0.460134 0.94184 0.99676 0.999829 0.999991
 0.460134 0.94184 0.99676 0.999829 0.999991
 0.460134 0.94184 0.99676 0.999829 0.999991
 0.460134 0.94184 0.99676 0.999829 0.999991
 0.460134 0.94184 0.99676 0.999829 0.999991
 0.460134 0.94184 0.99676 0.999829 0.999991
 0.460134 0.94184 0.99676 0.999829 0.999991
 0.460134 0.94184 0.99676 0.999829 0.999991
 0.460134 0.94184 0.99676 0.999829 0.999991
 0.460134 0.94184 0.99676 0.999829 0.999991
 0.460134 0.94184 0.99676 0.999829 0.999991
 0.460134 0.94184 0.99676 0.999829 0.999991
 0.460134 0.94184 0.99676 0.999829 0.999991
 0.460134 0.94184 0.99676 0.999829 0.999991
 0.460134 0.94184 0.99676 0.999829 0.999991
 0.460134 0.94184 0.99676 0.999829 0.999991
 0.460134 0.94184 0.99676 0.999829 0.999991
 0.460134 0.94184 0.99676 0.999829 0.999991
 0.460134 0.94184 0.99676 0.999829 0.999991
 0.460134 0.94184 0.99676 0.999829 0.999991
 0.460134 0.94184 0.99676 0.999829 0.999991
 0.460134 0.94184 0.99676 0.999829 0.999991
 0.460134 0.94184 0.99676 0.999829 0.999991
 0.460134 0.94184 0.99676 0.999829 0.999991
 0.460134 0.94184 0.99676 0.999829 0.999991
 0.460134 0.94184 0.99676 0.999829 0.999991
 0.460134 0.94184 0.99676 0.999829 0.999991
 0.460134 0.94184 0.99676 0.999829 0.999991
 0.460134 0.94184 0.99676 0.999829 0.999991
 0.460134 0.94184 0.99676 0.999829 0.999991
 0.460134 0.94184 0.99676 0.999829 0.999991
 0.460134 0.94184 0.99676 0.999829 0.999991
 0.460134 0.94184 0.99676 0.999829 0.999991
Sel_reclas
 0.527203 0.848754 0.965802 0.993013 0.998604
 0.527203 0.848754 0.965802 0.993013 0.998604
 0.527203 0.848754 0.965802 0.993013 0.998604
 0.527203 0.848754 0.965802 0.993013 0.998604
 0.527203 0.848754 0.965802 0.993013 0.998604
 0.527203 0.848754 0.965802 0.993013 0.998604
 0.527203 0.848754 0.965802 0.993013 0.998604
 0.527203 0.848754 0.965802 0.993013 0.998604
 0.527203 0.848754 0.965802 0.993013 0.998604
 0.527203 0.848754 0.965802 0.993013 0.998604
 0.527203 0.848754 0.965802 0.993013 0.998604
 0.527203 0.848754 0.965802 0.993013 0.998604
 0.527203 0.848754 0.965802 0.993013 0.998604
 0.527203 0.848754 0.965802 0.993013 0.998604
 0.527203 0.848754 0.965802 0.993013 0.998604
 0.527203 0.848754 0.965802 0.993013 0.998604
 0.527203 0.848754 0.965802 0.993013 0.998604
 0.527203 0.848754 0.965802 0.993013 0.998604
 0.527203 0.848754 0.965802 0.993013 0.998604
 0.527203 0.848754 0.965802 0.993013 0.998604
 0.527203 0.848754 0.965802 0.993013 0.998604
 0.527203 0.848754 0.965802 0.993013 0.998604
 0.527203 0.848754 0.965802 0.993013 0.998604
 0.527203 0.848754 0.965802 0.993013 0.998604
 0.527203 0.848754 0.965802 0.993013 0.998604
 0.527203 0.848754 0.965802 0.993013 0.998604
 0.527203 0.848754 0.965802 0.993013 0.998604
 0.527203 0.848754 0.965802 0.993013 0.998604
 0.527203 0.848754 0.965802 0.993013 0.998604
 0.527203 0.848754 0.965802 0.993013 0.998604
 0.527203 0.848754 0.965802 0.993013 0.998604
 0.527203 0.848754 0.965802 0.993013 0.998604
 0.527203 0.848754 0.965802 0.993013 0.998604
Sel_pelaces
 0.358928 0.738062 0.934126 0.986181 0.997223
 0.358928 0.738062 0.934126 0.986181 0.997223
 0.358928 0.738062 0.934126 0.986181 0.997223
 0.358928 0.738062 0.934126 0.986181 0.997223
 0.358928 0.738062 0.934126 0.986181 0.997223
 0.358928 0.738062 0.934126 0.986181 0.997223
 0.358928 0.738062 0.934126 0.986181 0.997223
 0.358928 0.738062 0.934126 0.986181 0.997223
 0.358928 0.738062 0.934126 0.986181 0.997223
 0.358928 0.738062 0.934126 0.986181 0.997223
 0.358928 0.738062 0.934126 0.986181 0.997223
 0.358928 0.738062 0.934126 0.986181 0.997223
 0.358928 0.738062 0.934126 0.986181 0.997223
 0.358928 0.738062 0.934126 0.986181 0.997223
 0.358928 0.738062 0.934126 0.986181 0.997223
 0.358928 0.738062 0.934126 0.986181 0.997223
 0.358928 0.738062 0.934126 0.986181 0.997223
 0.358928 0.738062 0.934126 0.986181 0.997223
 0.358928 0.738062 0.934126 0.986181 0.997223
 0.358928 0.738062 0.934126 0.986181 0.997223
 0.358928 0.738062 0.934126 0.986181 0.997223
 0.358928 0.738062 0.934126 0.986181 0.997223
 0.358928 0.738062 0.934126 0.986181 0.997223
 0.358928 0.738062 0.934126 0.986181 0.997223
 0.358928 0.738062 0.934126 0.986181 0.997223
 0.358928 0.738062 0.934126 0.986181 0.997223
 0.358928 0.738062 0.934126 0.986181 0.997223
 0.358928 0.738062 0.934126 0.986181 0.997223
 0.358928 0.738062 0.934126 0.986181 0.997223
 0.358928 0.738062 0.934126 0.986181 0.997223
 0.358928 0.738062 0.934126 0.986181 0.997223
 0.358928 0.738062 0.934126 0.986181 0.997223
 0.358928 0.738062 0.934126 0.986181 0.997223
pf_obs 
 0.8446 0.082 0.0669 0.0065 0
 0.8095 0.147 0.0364 0.0071 0
 0.9664 0.0169 0.016 0.0007 0
 0.9276 0.0648 0.0075 0.0001 0
 0.7033 0.2144 0.0806 0.0017 0
 0.9318 0.0425 0.0243 0.0014 0
 0.5671 0.3108 0.0964 0.0239 0.0018
 0.0768 0.2599 0.5324 0.112 0.0189
 0.490249 0.384438 0.106611 0.0170017 0.00170017
 0.7925 0.1577 0.0466 0.003 0.0002
 0.840416 0.127587 0.0312969 0.00059994 9.999e-05
 0.8084 0.0986 0.0794 0.0134 0.0002
 0.7335 0.1905 0.0724 0.0035 0.0001
 0.4001 0.4547 0.1325 0.0127 0
 0.49795 0.308269 0.164784 0.0264974 0.00249975
 0.9179 0.0499 0.0305 0.0017 0
 0.2467 0.6533 0.0926 0.0074 0
 0.9418 0.0223 0.034 0.0019 0
 0.707729 0.231977 0.0356964 0.0245975 0
 0.517169 0.277429 0.184464 0.0207286 0.00020938
 0.811772 0.124168 0.05621 0.00726502 0.000585176
 0.764997 0.148141 0.077277 0.00933861 0.000247198
 0.163321 0.427699 0.378323 0.0303852 0.000271297
 0.753843 0.0900009 0.118128 0.0371064 0.000921714
 0.721811 0.176058 0.0630433 0.0369309 0.00215725
 0.143369 0.312575 0.442814 0.0836902 0.0175525
 0.692698 0.0596174 0.167031 0.0765114 0.00414204
 0.394062 0.376323 0.152708 0.0712218 0.00568511
 0.125707 0.32114 0.495352 0.0537591 0.00404204
 0.23352 0.215282 0.420074 0.123614 0.00750983
 0.796117 0.104755 0.0508955 0.0450114 0.00322123
 0.162477 0.292055 0.404252 0.121198 0.0200186
 0 0 0 0 0
pf_pred 
 0.246694 0.217353 0.470583 0.0653687 1.23187e-06
 0.498347 0.217658 0.0860332 0.173895 0.0240657
 0.823521 0.132016 0.0203982 0.00731748 0.0167471
 0.503923 0.462292 0.025899 0.00362877 0.00425716
 0.613955 0.307054 0.074246 0.00364413 0.00110127
 0.971619 0.0240446 0.00353085 0.000757227 4.80738e-05
 0.209623 0.781333 0.00775685 0.00104969 0.000238336
 0.307591 0.310164 0.378313 0.00337391 0.000556901
 0.757821 0.123378 0.0552652 0.0628847 0.0006509
 0.795833 0.187892 0.00879619 0.00349151 0.00398728
 0.900094 0.0958716 0.00376577 0.000145872 0.000122688
 0.882632 0.112221 0.00495455 0.00018002 1.27823e-05
 0.569011 0.412487 0.0177668 0.000708136 2.74011e-05
 0.589183 0.324453 0.0829822 0.00324777 0.000133749
 0.956649 0.0406375 0.00224752 0.000447949 1.80014e-05
 0.945817 0.05353 0.000616822 2.99809e-05 6.17119e-06
 0.248219 0.737186 0.014435 0.000150492 8.77143e-06
 0.893072 0.0482689 0.0576078 0.00103954 1.1418e-05
 0.685611 0.302509 0.00565568 0.00611317 0.000110917
 0.788698 0.188449 0.022095 0.00036228 0.000395802
 0.808924 0.177676 0.0121034 0.00125469 4.27482e-05
 0.768661 0.213899 0.0163258 0.00100738 0.000107399
 0.218055 0.713087 0.0641636 0.00439624 0.000298399
 0.846544 0.0670546 0.0794241 0.00650383 0.000473394
 0.706322 0.2763 0.00799658 0.00862765 0.000754022
 0.338959 0.570381 0.0857314 0.00227343 0.00265437
 0.812156 0.105823 0.0715455 0.00990815 0.000566888
 0.719068 0.259349 0.0126411 0.00780517 0.00113706
 0.36418 0.548242 0.0813381 0.00366146 0.00257875
 0.679485 0.184398 0.118552 0.0163186 0.00124671
 0.59966 0.337552 0.03735 0.0221679 0.00327008
 0.424526 0.468342 0.0917186 0.0091892 0.00622411
 0.859841 0.0924314 0.0394502 0.00709145 0.00118601
pobs_RECLAS
 0 0 0 0 0
 0 0 0 0 0
 0 0 0 0 0
 0 0 0 0 0
 0 0 0 0 0
 0 0 0 0 0
 0 0 0 0 0
 0 0 0 0 0
 0 0 0 0 0
 0 0 0 0 0
 0.991045 0.00858322 0.000360255 1.14367e-05 0
 0.934742 0.0480273 0.0164251 0.00080598 0
 0.827803 0.169806 0.00239088 0 0
 0.941827 0.0461693 0.0120037 0 0
 0.791401 0.0380133 0.147996 0.0225897 0
 0.846168 0.0940531 0.0597789 0 0
 0.134021 0.677848 0.182769 0.00536245 0
 0.80878 0.0450904 0.141981 0.00414843 0
 0.846168 0.0940531 0.0597789 0 0
 0.905697 0.0802665 0.012482 0.00150086 5.37128e-05
 0.989698 0.0102097 9.19794e-05 0 0
 0.975433 0.0193895 0.00387452 0.00125025 5.28907e-05
 0.303575 0.632131 0.0575291 0.00676475 0
 0.966965 0.00978017 0.0227588 0.000495775 0
 0.843318 0.132988 0.00938335 0.0141283 0.000182051
 0.564624 0.303363 0.111486 0.0197234 0.00080311
 0.826376 0.0876187 0.0782897 0.00655872 0.00115652
 0.89761 0.0855135 0.0140674 0.00269457 0.000114338
 0.34875 0.467042 0.161289 0.0227151 0.000203297
 0.318654 0.224769 0.449479 0.00709798 0
 0.937255 0.0296025 0.0250945 0.00804832 0
 0.456809 0.399803 0.12412 0.0192676 0
 0.883104 0.0372192 0.0704036 0.00927362 0
ppred_RECLAS
 0.287457 0.195085 0.45297 0.064487 1.22188e-06
 0.56647 0.179695 0.0755749 0.156486 0.0217741
 0.863061 0.100409 0.0165061 0.00606576 0.0139579
 0.604368 0.367257 0.0216172 0.00310055 0.0036571
 0.696764 0.238411 0.060838 0.00305751 0.000928987
 0.978276 0.0181994 0.00285693 0.000627822 4.00755e-05
 0.272654 0.718497 0.00756173 0.00104805 0.000239254
 0.356843 0.276994 0.362302 0.00331145 0.000549577
 0.81544 0.0909428 0.0429978 0.0500975 0.000521351
 0.875568 0.114176 0.00547983 0.00222354 0.00255279
 0.922248 0.0743961 0.00312698 0.000124125 0.000104966
 0.912741 0.083202 0.00390161 0.000145209 1.03665e-05
 0.643139 0.340578 0.015621 0.000637838 2.48151e-05
 0.761878 0.188121 0.0480034 0.00191764 7.93854e-05
 0.970531 0.0275275 0.00160133 0.000326735 1.32012e-05
 0.96034 0.0391514 0.00047948 2.38727e-05 4.9406e-06
 0.304955 0.680637 0.0142468 0.000152196 8.91908e-06
 0.91771 0.0358884 0.0455505 0.000842006 9.29861e-06
 0.766038 0.224576 0.00441322 0.00488327 8.90803e-05
 0.845311 0.137141 0.0169513 0.000284578 0.000312591
 0.853507 0.135592 0.0098224 0.00104305 3.57307e-05
 0.823907 0.162063 0.0131125 0.000828682 8.88268e-05
 0.275003 0.657291 0.0629835 0.00442095 0.000301708
 0.878918 0.0509755 0.0643156 0.00539554 0.000394861
 0.763417 0.221515 0.00684105 0.00756234 0.000664517
 0.403435 0.509822 0.0819054 0.00222556 0.00261264
 0.850735 0.0816169 0.0588221 0.00834586 0.000480101
 0.771354 0.209779 0.010935 0.00691857 0.00101339
 0.426974 0.48919 0.0777126 0.00358494 0.00253863
 0.731637 0.149754 0.102969 0.0145238 0.00111564
 0.672275 0.273158 0.0321328 0.019536 0.0028975
 0.493884 0.406446 0.0850014 0.0087259 0.00594249
 0.900151 0.0646098 0.0290045 0.00533754 0.000897495
pobs_PELACES
 0 0 0 0 0
 0 0 0 0 0
 0 0 0 0 0
 0 0 0 0 0
 0 0 0 0 0
 0 0 0 0 0
 0 0 0 0 0
 0 0 0 0 0
 0 0 0 0 0
 0 0 0 0 0
 0 0 0 0 0
 0 0 0 0 0
 0 0 0 0 0
 0 0 0 0 0
 0 0 0 0 0
 0 0 0 0 0
 0.505614 0.472636 0.0217494 0 0
 0 0 0 0 0
 0.443492 0.261883 0.143347 0.151278 0
 0.227955 0.32914 0.350689 0.0885471 0.00366901
 0.970185 0.0296113 0.000203453 0 0
 0.997202 0.00247181 0.000326279 0 0
 0.445219 0.490057 0.0546422 0.010081 0
 0.90214 0.0892962 0.00764917 0.000914606 0
 0 0 0 0 0
 0.581667 0.319106 0.0959925 0.00289975 0.000334073
 0.762889 0.0836404 0.116647 0.0363945 0.000428098
 0.88444 0.0763242 0.0277011 0.0115352 0
 0.521256 0.241999 0.230069 0.00667565 0
 0.616807 0.101726 0.260614 0.0208532 0
 0.833518 0.0704572 0.0857862 0.0102388 0
 0.697417 0.212968 0.0787535 0.0105354 0.000325836
 0 0 0 0 0
ppred_PELACES
 0.238329 0.193426 0.495799 0.0724453 1.38025e-06
 0.536052 0.180737 0.0827934 0.17582 0.0245983
 0.852355 0.105265 0.018845 0.0071025 0.0164329
 0.619145 0.351513 0.0222072 0.00326402 0.00387082
 0.698815 0.232812 0.0640648 0.00330025 0.0010082
 0.975093 0.0205245 0.00353441 0.000796899 5.11476e-05
 0.268669 0.721659 0.0082331 0.00117 0.000268551
 0.304931 0.28261 0.407993 0.00382736 0.0006387
 0.812236 0.0883452 0.0450515 0.0538044 0.000562975
 0.900913 0.0904515 0.00455774 0.00189283 0.00218476
 0.911324 0.0844794 0.00390209 0.000158936 0.000135144
 0.909144 0.0862796 0.00439644 0.000167791 1.20441e-05
 0.625799 0.355641 0.0177864 0.000744892 2.91388e-05
 0.83241 0.131599 0.0345221 0.00140983 5.86728e-05
 0.972006 0.0260137 0.00162603 0.000340009 1.38122e-05
 0.95844 0.0409807 0.000545821 2.7869e-05 5.79919e-06
 0.27915 0.704487 0.016175 0.000177288 1.04466e-05
 0.90953 0.0375714 0.0519037 0.000983963 1.09258e-05
 0.776734 0.213556 0.00450624 0.00510974 9.3718e-05
 0.848919 0.132765 0.0176764 0.000304156 0.000335914
 0.845722 0.141835 0.0111825 0.00121783 4.1946e-05
 0.820155 0.164392 0.0144179 0.000934254 0.00010069
 0.259329 0.665751 0.0695678 0.00500843 0.000343673
 0.864721 0.0540354 0.0743728 0.0063995 0.000470899
 0.744015 0.238022 0.00804008 0.00911741 0.000805559
 0.371264 0.529727 0.0933354 0.00260206 0.00307141
 0.833916 0.0870345 0.0685032 0.00996969 0.000576657
 0.745965 0.230974 0.0132169 0.00858017 0.00126368
 0.387247 0.51537 0.0900822 0.00426434 0.00303635
 0.696085 0.162301 0.122514 0.0177307 0.00136946
 0.657255 0.281013 0.0359643 0.0224237 0.00334399
 0.462035 0.42371 0.0970378 0.0102196 0.00699791
 0.902855 0.0611469 0.0294953 0.00556259 0.000940417
pobs_pel_tallas
 0 0 0 0 0 0 0 0 0 0 0 0 0 0 0 0 0 0 0 0 0 0 0 0 0 0
 0 0 0 0 0 0 0 0 0 0 0 0 0 0 0 0 0 0 0 0 0 0 0 0 0 0
 0 0 0 0 0 0 0 0 0 0 0 0 0 0 0 0 0 0 0 0 0 0 0 0 0 0
 0 0 0 0 0 0 0 0 0 0 0 0 0 0 0 0 0 0 0 0 0 0 0 0 0 0
 0 0 0 0 0 0 0 0 0 0 0 0 0 0 0 0 0 0 0 0 0 0 0 0 0 0
 0 0 0 0 0 0 0 0 0 0 0 0 0 0 0 0 0 0 0 0 0 0 0 0 0 0
 0 0 0 0 0 0 0 0 0 0 0 0 0 0 0 0 0 0 0 0 0 0 0 0 0 0
 0 0 0 0 0 0 0 0 0 0 0 0 0 0 0 0 0 0 0 0 0 0 0 0 0 0
 0 0 0 0 0 0 0 0 0 0 0 0 0 0 0 0 0 0 0 0 0 0 0 0 0 0
 0 0 0 0 0 0 0 0 0 0 0 0 0 0 0 0 0 0 0 0 0 0 0 0 0 0
 0 0 0 0 0 0 0 0 0 0 0 0 0 0 0 0 0 0 0 0 0 0 0 0 0 0
 0 0 0 0 0 0 0 0 0 0 0 0 0 0 0 0 0 0 0 0 0 0 0 0 0 0
 0.00862536 0 0 0.000197151 0.00414017 0.0128641 0.00837892 0.0270097 0.101434 0.158115 0.152841 0.127902 0.109271 0.109419 0.0830992 0.0579132 0.0238553 0.00714673 0.00463305 0.00128148 0.00103504 0.000492878 0.000147863 0.000147863 4.92878e-05 0
 0 0 0 0 0 0 0 0 0 0 0 0 0 0 0 0 0 0 0 0 0 0 0 0 0 0
 0 0 0 0 0 0 0 0.0054083 0.00873648 0.0413646 0.0450493 0.0745869 0.0622846 0.0627006 0.0613931 0.0827291 0.12552 0.122667 0.0946155 0.0697135 0.0546179 0.0294188 0.0215738 0.0213955 0.0102223 0.00600262
 0 0 0 0 0.00359764 0.0251062 0.0480494 0.140153 0.205849 0.193036 0.1447 0.116669 0.0760912 0.0342217 0.00950174 0.001854 0.000860785 0 0 0 0.000165536 0 0.000143464 0 0 0
 0 0 0 0 0 0 0 0.000145254 0.000435761 0.0275982 0.070085 0.0708112 0.156366 0.174668 0.174014 0.160142 0.0824315 0.0480064 0.0283245 0.00493863 0.00203355 0 0 0 0 0
 0 0 0 0 0 0 0 0 0 0 0 0 0 0 0 0 0 0 0 0 0 0 0 0 0 0
 0 0 1.00437e-05 0.000401748 0.00122533 0.00171747 0.00176769 0.0269171 0.070346 0.194647 0.189555 0.159765 0.064822 0.0314167 0.0384472 0.0292271 0.0345202 0.0313363 0.0194345 0.0106764 0.0143323 0.0359363 0.0279516 0.0138201 0.00172751 0
 0 0.0021121 0.0136068 0.0755702 0.200478 0.177729 0.0527432 0.0373336 0.0318909 0.0142505 0.0149659 0.0166563 0.0217959 0.0798694 0.0677717 0.0528807 0.04013 0.0224614 0.0357745 0.0225083 0.00881397 0.00855152 0.00135912 0.000746735 0 0
 0 0 0 0 5.4009e-05 0.00500934 0.000945158 0.0243581 0.138947 0.33067 0.221406 0.137944 0.0707744 0.0437923 0.0131692 0.00525238 0.0047753 0.00276346 9.45158e-05 9.00151e-06 2.25038e-05 9.00151e-06 4.50075e-06 0 0 0
 0.000866109 0.00284123 0.00948549 0.0512746 0.133035 0.25785 0.225252 0.132002 0.0553304 0.0519788 0.0540692 0.017754 0.00435017 0.00159236 0.00146478 0.000404838 0.000125132 0.000115318 0.000107957 0.000100596 0 0 0 0 0 0
 0 0 0 0 0.00144013 0.00171154 0.00461396 0.0210425 0.0478622 0.0707936 0.0888783 0.103762 0.0637923 0.0337046 0.0602308 0.124433 0.169614 0.0934646 0.0462172 0.0250306 0.0313229 0.00938855 0.002487 0.000210481 0 0
 0 0.00764035 0.051015 0.0998891 0.058973 0.0496711 0.0374665 0.0718981 0.12319 0.153886 0.159021 0.0857701 0.0377988 0.023471 0.0147837 0.00900784 0.00315554 0.000888139 0.00291439 0.00214683 0.00393193 0.00274676 0.000635225 9.99891e-05 0 0
 0 0 0 0 0 0 0 0 0 0 0 0 0 0 0 0 0 0 0 0 0 0 0 0 0 0
 0 0 0 0 0 0 0 0 0 0 0 0 0 0 0 0 0 0 0 0 0 0 0 0 0 0
 0 0 0 0 0 0 0 0 0 0 0 0 0 0 0 0 0 0 0 0 0 0 0 0 0 0
 0 0 0 0 0 0 0 0 0 0 0 0 0 0 0 0 0 0 0 0 0 0 0 0 0 0
 0 0 0 0 0 0 0 0 0 0 0 0 0 0 0 0 0 0 0 0 0 0 0 0 0 0
 0 0 0 0 0 0 0 0 0 0 0 0 0 0 0 0 0 0 0 0 0 0 0 0 0 0
 0 0 0 0 0 0 0 0 0 0 0 0 0 0 0 0 0 0 0 0 0 0 0 0 0 0
 0 0 0 0 0 0 0 0 0 0 0 0 0 0 0 0 0 0 0 0 0 0 0 0 0 0
 0 0 0 0 0 0 0 0 0 0 0 0 0 0 0 0 0 0 0 0 0 0 0 0 0 0
ppred_pel_tallas
 1.21623e-16 1.96309e-05 0.000190819 0.00126806 0.00576443 0.0179354 0.038214 0.0557784 0.0557978 0.038309 0.0182568 0.00670243 0.00365857 0.00552852 0.0105062 0.0182494 0.0284117 0.0401603 0.0525149 0.0648172 0.0766899 0.0874151 0.0954011 0.0984787 0.0950015 0.08493
 1.24231e-16 4.41539e-05 0.000429192 0.00285213 0.0129654 0.0403402 0.0859497 0.12545 0.125467 0.0860357 0.0406293 0.0138024 0.00496168 0.0050632 0.00893304 0.0149393 0.022111 0.0291311 0.0347657 0.0386568 0.0415844 0.0448445 0.0491836 0.0541272 0.0581643 0.0595687
 1.04065e-16 7.02074e-05 0.000682441 0.00453506 0.0206157 0.0641432 0.136664 0.199468 0.199478 0.136714 0.0643099 0.0210973 0.00574449 0.00332467 0.00509457 0.00832868 0.0120347 0.0152333 0.0169862 0.0168858 0.0153044 0.013142 0.0112707 0.0101047 0.00954619 0.00922209
 1.01714e-16 5.09982e-05 0.000495721 0.00329424 0.0149752 0.0465935 0.0992735 0.1449 0.144934 0.0994388 0.0471484 0.0165773 0.00731373 0.00926295 0.0166799 0.0274377 0.0393866 0.0492486 0.0537184 0.0512725 0.0430901 0.0322857 0.022095 0.0144088 0.00949164 0.00662751
 1.0241e-16 5.75605e-05 0.000559509 0.00371813 0.0169021 0.0525888 0.112047 0.16354 0.163563 0.112157 0.052958 0.0179688 0.0063979 0.0064166 0.011202 0.0184815 0.0267405 0.0338777 0.0377746 0.0374247 0.0334907 0.0277846 0.0221206 0.0174611 0.0138529 0.0109144
 1.00196e-16 8.03171e-05 0.000780711 0.0051881 0.0235843 0.0733797 0.156343 0.228188 0.22819 0.156353 0.0734122 0.0236782 0.00542364 0.00129505 0.00105759 0.00162244 0.00233201 0.00293776 0.00324613 0.00316898 0.00277046 0.00222088 0.00169285 0.0012809 0.00099113 0.000782783
 1.00585e-16 2.21301e-05 0.000215112 0.0014295 0.00649834 0.0202191 0.0430816 0.0628934 0.0629628 0.0434206 0.0213571 0.00978316 0.0096673 0.0181733 0.0340542 0.0560701 0.0803148 0.100042 0.108391 0.102205 0.0839635 0.0602338 0.0379199 0.0211762 0.0107354 0.00517018
 1.12338e-16 2.51168e-05 0.000244145 0.00162243 0.00737534 0.0229476 0.0488932 0.0713669 0.0713947 0.0490294 0.0234063 0.00870737 0.00499297 0.00769103 0.0144277 0.0244859 0.0368302 0.0495414 0.0605338 0.0686084 0.0737917 0.0766209 0.0771191 0.0745273 0.0680378 0.0577793
 1.06814e-16 6.69028e-05 0.000650319 0.0043216 0.0196454 0.0611241 0.130232 0.190079 0.190087 0.130274 0.0612652 0.020054 0.00535078 0.00290905 0.00439278 0.00725339 0.0106769 0.0139369 0.0163554 0.0176634 0.0181503 0.0184031 0.0188393 0.0194124 0.0196882 0.0191695
 1.00715e-16 7.4207e-05 0.000721319 0.00479342 0.0217902 0.0677974 0.14445 0.210831 0.210839 0.144492 0.0679402 0.0222024 0.00582746 0.00297662 0.00435152 0.00706107 0.0101287 0.0126628 0.0138112 0.0131866 0.0110999 0.0083606 0.00580614 0.00392038 0.0027588 0.00211686
 1.00174e-16 7.50646e-05 0.000729655 0.00484881 0.022042 0.0685809 0.146119 0.213267 0.213275 0.146159 0.0687142 0.0224269 0.00581421 0.00283491 0.00406681 0.00658729 0.00944146 0.0117871 0.0128213 0.0121747 0.010131 0.00744428 0.00490342 0.00297709 0.00174248 0.00103663
 1.00168e-16 7.4885e-05 0.000727909 0.00483721 0.0219893 0.0684168 0.14577 0.212757 0.212765 0.14581 0.068553 0.0223824 0.00582332 0.00287842 0.00415272 0.00672994 0.00964772 0.0120479 0.0131111 0.0124596 0.010382 0.00764632 0.00505532 0.00308565 0.00181586 0.00108132
 1.00684e-16 5.15463e-05 0.000501048 0.00332964 0.0151361 0.0470942 0.10034 0.146457 0.146491 0.100508 0.0476554 0.0167564 0.00739421 0.00936506 0.0168594 0.0277205 0.0397624 0.0496527 0.0540292 0.0513359 0.0427629 0.0314777 0.0207914 0.0126705 0.00743928 0.00441843
 1.01182e-16 6.85646e-05 0.000666472 0.00442894 0.0201333 0.0626423 0.133467 0.194801 0.194814 0.133529 0.0628509 0.0207361 0.00594303 0.0039753 0.00636296 0.0104373 0.0150892 0.0190981 0.02126 0.0210037 0.0187057 0.0153978 0.0121178 0.00942373 0.00735316 0.00569541
 1.00091e-16 8.00629e-05 0.00077824 0.00517168 0.0235097 0.0731474 0.155848 0.227466 0.227468 0.155861 0.0731885 0.0236283 0.00546913 0.00142702 0.00131058 0.00203563 0.00291444 0.00364328 0.00397261 0.00378906 0.00317939 0.0023737 0.00161131 0.00103255 0.000658065 0.000436521
 1.00031e-16 7.89454e-05 0.000767378 0.00509949 0.0231816 0.0721265 0.153673 0.224291 0.224295 0.153692 0.0721911 0.0233681 0.00556732 0.00178723 0.00201169 0.0031899 0.0045619 0.00568257 0.00615774 0.00580768 0.00477294 0.0034261 0.00215876 0.00120663 0.000611453 0.000292693
 1.00667e-16 2.29934e-05 0.000223504 0.00148527 0.00675185 0.0210079 0.044762 0.0653456 0.0654134 0.045093 0.022119 0.00995938 0.00952984 0.0177623 0.033266 0.0547844 0.078506 0.0978567 0.10615 0.100301 0.0827088 0.0597435 0.0380934 0.0217726 0.0114838 0.00585738
 1.01609e-16 7.49168e-05 0.000728218 0.00483926 0.0219986 0.0684458 0.145831 0.212846 0.212849 0.145849 0.0685067 0.0221754 0.00528657 0.00171598 0.00198381 0.00324663 0.00486773 0.00653111 0.00795248 0.00897287 0.00960189 0.00992261 0.00995235 0.00960142 0.00876551 0.00745474
 1.00714e-16 6.39786e-05 0.000621895 0.00413271 0.0187867 0.0584526 0.12454 0.181774 0.181795 0.12464 0.0587894 0.0197591 0.00657165 0.00593961 0.0101442 0.0166192 0.0238178 0.0297075 0.0322672 0.0305721 0.025359 0.0185616 0.0121969 0.00745592 0.00451405 0.00291729
 1.00632e-16 6.99243e-05 0.000679689 0.00451678 0.0205326 0.0638846 0.136113 0.198664 0.198677 0.136176 0.0640945 0.0211388 0.00603808 0.00400006 0.0063739 0.0104211 0.0149912 0.0188201 0.0206662 0.0199501 0.0170911 0.0132167 0.00949003 0.00657954 0.00457495 0.00323915
 1.00489e-16 6.9661e-05 0.00067713 0.00449977 0.0204553 0.0636441 0.135601 0.197917 0.19793 0.135668 0.0638681 0.021102 0.00612233 0.00421668 0.00678448 0.0110862 0.0159168 0.0199165 0.0217493 0.0207968 0.0175256 0.0131785 0.00904665 0.00588529 0.00380583 0.00253751
 1.00569e-16 6.75551e-05 0.00065666 0.00436374 0.0198369 0.0617201 0.131502 0.191934 0.19195 0.131579 0.0619798 0.0205866 0.00624482 0.00476048 0.00785375 0.0128565 0.0184651 0.0231164 0.0252638 0.0241899 0.0204314 0.0154215 0.0106483 0.00698109 0.00454842 0.00304212
 1.02739e-16 2.13607e-05 0.000207634 0.0013798 0.00627243 0.0195162 0.0415837 0.0607061 0.0607702 0.041897 0.020568 0.00930985 0.00900185 0.0168389 0.0315843 0.0521203 0.0749327 0.0939139 0.102835 0.0987939 0.0839406 0.0640224 0.0449892 0.0302894 0.0204053 0.0141003
 1.02882e-16 7.1226e-05 0.000692342 0.00460085 0.0209148 0.0650738 0.138647 0.20236 0.202365 0.138673 0.0651614 0.0211693 0.00524456 0.00211416 0.00282007 0.00467584 0.00702259 0.00944158 0.0115358 0.0130883 0.0141228 0.0147614 0.015018 0.0147365 0.0137269 0.0119625
 1.01344e-16 6.12835e-05 0.000595698 0.00395862 0.0179953 0.0559903 0.119294 0.174118 0.174141 0.119406 0.0563659 0.0190796 0.00667842 0.00652682 0.0113074 0.0185492 0.0266052 0.0332289 0.0361801 0.0344371 0.0288216 0.0214749 0.0146166 0.00953545 0.00638861 0.00464402
 1.0361e-16 3.05806e-05 0.000297254 0.00197536 0.00897974 0.0279396 0.0595301 0.0868967 0.0869478 0.0597797 0.0287777 0.0114009 0.00805366 0.0135694 0.0252456 0.0417094 0.0601279 0.0757002 0.0835269 0.0813058 0.070662 0.0559832 0.041756 0.0305015 0.0224956 0.0168073
 1.03097e-16 6.86886e-05 0.000667677 0.00443695 0.0201697 0.0627556 0.133708 0.195152 0.195161 0.133749 0.0628951 0.0205738 0.00545545 0.0029053 0.00436001 0.00720794 0.0106297 0.0138944 0.016289 0.0174594 0.0175635 0.0170554 0.016297 0.0153389 0.0140141 0.0121927
 1.01515e-16 6.14442e-05 0.00059726 0.003969 0.0180425 0.0561371 0.119607 0.174574 0.174597 0.119715 0.0565017 0.0190953 0.00661019 0.00635828 0.0109889 0.0180338 0.0258893 0.0323837 0.0353513 0.0338016 0.0285199 0.0215579 0.0150342 0.0101679 0.00709602 0.00530961
 1.03673e-16 3.18971e-05 0.000310052 0.0020604 0.00936633 0.0291424 0.0620928 0.0906366 0.0906863 0.0623356 0.0299578 0.0117218 0.00797387 0.0132222 0.024563 0.0405782 0.0584972 0.0736486 0.0812677 0.0791186 0.0687871 0.0545455 0.0407594 0.029876 0.0221524 0.0166682
 1.05587e-16 5.73357e-05 0.000557323 0.00370361 0.0168361 0.0523834 0.111609 0.1629 0.162916 0.111686 0.0526433 0.0175889 0.00560096 0.00472447 0.00804534 0.0134024 0.0197494 0.0257697 0.0301293 0.0321664 0.0321869 0.0310648 0.0295114 0.0276555 0.025204 0.0219093
 1.03925e-16 5.41372e-05 0.000526233 0.00349701 0.0158969 0.0494613 0.105384 0.153816 0.153843 0.105516 0.0499057 0.0171804 0.00671869 0.00755936 0.0134121 0.02209 0.0318251 0.0400453 0.0441716 0.0430298 0.0375529 0.0301409 0.0232098 0.0180547 0.0146881 0.0124214
 1.05118e-16 3.80573e-05 0.00036993 0.00245832 0.0111752 0.0347704 0.0740834 0.108136 0.108176 0.0742833 0.0354416 0.0131146 0.00732911 0.0110118 0.0202746 0.0335247 0.0484444 0.0612389 0.0680439 0.0670472 0.0595208 0.0488704 0.0385162 0.0302848 0.0242475 0.0195989
 1.01584e-16 7.4367e-05 0.000722873 0.00480375 0.0218371 0.0679435 0.144761 0.211284 0.21129 0.14479 0.0680409 0.0221189 0.00551256 0.00227559 0.00303903 0.00494761 0.0072161 0.00927509 0.010593 0.0109178 0.010403 0.00946243 0.00847694 0.00759727 0.00676254 0.00585443
pSPR Fmed_Fpbrs
1   0.983945 0.6 0.325 0.983945 0.983945 0.983945
Fs Fmed_Fpbrs
0   0.01 0.361343 0.937106 0.01 0.01 0.01
SSBpbr Bo_Bmed_Bpbrs
262645  249513  245296 144455 72227.4 245296 245296 245296
Ro
78368.3
SPR SPRFo_SPRFmed_SPRFpbrs
564592 564592 555527
Fref
0
Nvult_r0
 70456.8 5509.66 2305.18 413.934 69.2242
CTP_r0
 32910.1 3537.78 1509.94 271.423 45.394
YTP_r0
356322
Np
 83196.1 30606.1 11259.4 4142.09 2084.36
Nvult_p0
 52590 19346.8 7117.28 2618.3 1317.57
CTP_p0
 0 0 0 0 0
 0 0 0 0 0
 0 0 0 0 0
 0 0 0 0 0
 0 0 0 0 0
 0 0 0 0 0
YTP_p0
 0 0 0 0 0 0
CBA_c0
0
log_Ro
11.0892
likeval ReclasPelacesDesembMPH_pf_preclas_ppelaces_ptallas_desvR_qrecl_qpela
 24.4711 0.000357609 0.114549 46.3401 261.515 137.942 122.623 0 36.1805 0.000142768 0.00023603 0.030789 2065.25 0 0
q_reclas_q_pelaces
5.41829 8.78192
M
1
N
 51937.7 24191.1 49927 6917.46 0.130341
 60666.7 15791.2 6024.72 12154.5 1681.92
 137084 13111.8 1955.72 700.257 1602.48
 48694.4 29519.1 1611.71 225.512 264.544
 22597.1 7245.94 1702.94 83.4573 25.219
 272882 3789.16 533.794 114.223 7.25077
 30676.8 70676.4 679.658 91.8186 20.8458
 10998.5 5873.54 6830.52 60.76 10.0278
 31928 3328.55 1448.99 1646.26 17.0386
 30845.3 5379.65 247.637 98.2084 112.148
 44576.7 2621.57 98.619 3.81127 3.20514
 156464 12076.2 515.554 18.6987 1.32758
 74374.1 31849.3 1322.96 52.6276 2.0362
 37850.8 16529 4176.23 163.345 6.72661
 67674.8 1886.4 101.615 20.2244 0.812684
 303581 10362.7 115.392 5.59844 1.15226
 37858.5 63129.7 1185.96 12.3368 0.718964
 302159 9787.34 11281 203.188 2.23154
 220591 64145.2 1168.49 1261.27 22.8828
 215005 33187 3784.52 61.9614 67.6894
 265943 35026.2 2304.44 238.443 8.12315
 327582 56358.9 4166.82 256.677 27.3625
 32466.5 62669.5 5437.72 371.847 25.2369
 155159 7233.45 8259.59 675.031 49.1283
 154867 34881.2 971.049 1045.5 91.3626
 39332.6 37216.9 5367.59 142.023 165.801
 133243 10125.9 6593.66 911.304 52.1341
 153187 30803.5 1439.39 886.731 129.163
 49160.8 40397.6 5733.05 257.458 181.304
 90864.6 13740.1 8468.29 1163.01 88.8408
 70899.6 24000.3 2565.55 1519.9 224.185
 23680 14885.1 2800.96 280.024 189.647
 83196.1 5868.64 2439.58 437.919 73.2341
pred_Ctot
 5786.33 5098.12 11037.8 1533.26 0.0288941
 16511.4 7211.51 2850.48 5761.55 797.352
 37515.5 6014 929.241 333.348 762.916
 19692.2 18065.3 1012.07 141.804 166.36
 8275.25 4138.65 1000.73 49.1178 14.8435
 52526.7 1299.87 190.881 40.9365 2.59892
 9798.69 36523 362.589 49.0674 11.1409
 1252.75 1263.23 1540.79 13.7412 2.26814
 11640.8 1895.19 848.919 965.96 9.99837
 16775 3960.48 185.41 73.5958 84.0458
 7614.41 811.032 31.8568 1.23402 1.03789
 46329.8 5890.54 260.067 9.44935 0.670951
 19384 14051.8 605.244 24.1234 0.933449
 23972.2 13201.1 3376.31 132.143 5.44185
 26770 1137.16 62.8926 12.535 0.503736
 87342.6 4943.29 56.9611 2.76862 0.569886
 7320.23 21740.3 425.701 4.43817 0.258678
 84436.7 4563.65 5446.61 98.2847 1.07953
 88466.2 39033.6 729.767 788.798 14.312
 80793.2 19304.4 2263.38 37.1115 40.5454
 74503.1 16364.2 1114.74 115.559 3.93718
 104735 29145 2224.48 137.262 14.6338
 8427.77 27560.7 2479.91 169.914 11.533
 39689.8 3143.82 3723.76 304.929 22.1948
 35135.1 13744.2 397.779 429.171 37.5078
 7683.05 12928.6 1943.24 51.5308 60.1654
 32493.5 4233.88 2862.46 396.414 22.6806
 28169.1 10159.8 495.207 305.763 44.5435
 7634.96 11493.8 1705.24 76.762 54.0631
 16639.7 4515.66 2903.19 399.621 30.5303
 20128.5 11330.5 1253.71 744.1 109.765
 5043.43 5563.96 1089.63 109.169 73.9432
 32910.1 3537.78 1509.94 271.423 45.394
F
 0.19059 0.390115 0.412863 0.414134 0.414201
 0.53188 1.08869 1.15218 1.15573 1.15591
 0.535557 1.09622 1.16014 1.16372 1.1639
 0.905123 1.85268 1.96071 1.96675 1.96707
 0.785676 1.60819 1.70196 1.7072 1.70748
 0.350929 0.718309 0.760195 0.762536 0.762659
 0.653048 1.33671 1.41466 1.41901 1.41924
 0.195219 0.399591 0.422892 0.424193 0.424262
 0.78086 1.59833 1.69153 1.69674 1.69701
 1.46521 2.99912 3.174 3.18377 3.18429
 0.305971 0.626287 0.662807 0.664847 0.664955
 0.59181 1.21137 1.282 1.28595 1.28616
 0.503989 1.03161 1.09176 1.09512 1.0953
 1.99898 4.09168 4.33028 4.34361 4.34431
 0.876497 1.79409 1.8987 1.90455 1.90486
 0.570459 1.16766 1.23575 1.23956 1.23976
 0.352766 0.722071 0.764176 0.766529 0.766653
 0.549802 1.12538 1.191 1.19467 1.19486
 0.894155 1.83023 1.93695 1.94292 1.94323
 0.814565 1.66732 1.76454 1.76998 1.77026
 0.551542 1.12894 1.19477 1.19845 1.19865
 0.653864 1.33838 1.41643 1.42079 1.42102
 0.501494 1.0265 1.08636 1.0897 1.08988
 0.492502 1.00809 1.06688 1.07016 1.07034
 0.425803 0.871569 0.922391 0.925231 0.925381
 0.356959 0.730653 0.773258 0.775639 0.775764
 0.464548 0.950876 1.00632 1.00942 1.00958
 0.332888 0.681382 0.721115 0.723335 0.723452
 0.27478 0.562442 0.595239 0.597071 0.597168
 0.331305 0.678143 0.717687 0.719896 0.720013
 0.560904 1.1481 1.21505 1.21879 1.21899
 0.395008 0.808534 0.855681 0.858315 0.858454
 0.876511 1.79412 1.89873 1.90458 1.90489
YTP_r0W_actual
 248142 61734.3 36344.3 8500.97 1600.14
YTP_p0W_proyectada
 0 0 0 0 0
 0 0 0 0 0
 0 0 0 0 0
 0 0 0 0 0
 0 0 0 0 0
 0 0 0 0 0
CTP_r0_actual
 32910.1 3537.78 1509.94 271.423 45.394
CTP_p0_proyectada
 0 0 0 0 0
 0 0 0 0 0
 0 0 0 0 0
 0 0 0 0 0
 0 0 0 0 0
 0 0 0 0 0
Wmedp
 7.54 17.45 24.07 31.32 35.25
Frms_r0
 0.876511 1.79412 1.89873 1.90458 1.90489
Zrms_r0
 1.87651 2.79412 2.89873 2.90458 2.90489
nmprior
 7.29 8.9 8.7 0
nm_flota  nm_reclas  nm_pelaces    nm_pelaL
inf 15.9868 6.68879 14.305
cv_recla  cv_pelaces  cv_mph
0.428408 0.690516 0.545803
 ------------------------------------------------
Talla a la edad & desviaci?n 
 8 13.2811 15.8009 17.003 17.5766
 0.8 1.32811 1.58009 1.7003 1.75766
