years
 1991 1992 1993 1994 1995 1996 1997 1998 1999 2000 2001 2002 2003 2004 2005 2006 2007 2008 2009 2010 2011 2012 2013 2014 2015 2016 2017 2018 2019 2020 2021 2022 2023
reclasobs
 0 0 0 0 0 0 0 0 0 252601 567819 844713 477998 351125 339783 2.1784e+06 2.13404e+06 4.81314e+06 1.55562e+06 2.62356e+06 3.21686e+06 3.843e+06 1.13348e+06 3.07943e+06 1.97215e+06 2.03268e+06 2.025e+06 2.42433e+06 2.27542e+06 1.05018e+06 2.36338e+06 3.18982e+06 1.53035e+06
reclaspred
 2.92772e+06 1.57131e+06 830936 879624 938910 1.56867e+06 823282 759982 539188 377295 614435 945862 743807 257323 708138 1.92645e+06 1.88474e+06 2.66399e+06 1.80588e+06 1.48238e+06 3.05259e+06 2.48262e+06 1.80246e+06 2.85234e+06 2.24544e+06 2.02096e+06 2.49431e+06 2.82634e+06 2.41203e+06 1.86423e+06 1.57729e+06 1.47066e+06 1.47644e+06
pelacesobs
 0 0 0 0 0 0 0 0 0 0 0 0 0 0 0 552880 188675 0 991730 2.46772e+06 1.41603e+06 1.21717e+06 2.29649e+06 1.80582e+06 0 1.4828e+06 1.56532e+06 1.57751e+06 1.42118e+06 867257 1.10002e+06 1.06204e+06 0
pelacespred
 1.56958e+06 913935 458770 395379 472353 809108 367804 466298 297835 190917 332808 446828 381192 108915 380134 886310 922775 1.39328e+06 939732 658320 1.53429e+06 1.26131e+06 979796 1.67603e+06 1.25918e+06 1.15659e+06 1.61847e+06 1.63452e+06 1.32299e+06 1.1545e+06 842863 811194 777534
mphobs
 0 0 0 0 0 0 0 0 0 0 0 0 498337 0 5186 125008 0 168611 109162 213762 579715 649985 157893 87575 83554 210694 70296 0 107559 103333 445601 22526 28222
mphpred
 465506 318871 149826 88690.3 100146 125796 161316 82282.6 78947.5 49859.8 32873.3 82088.2 109921 54267.2 13657.5 70928.4 250825 233017 239656 326996 407808 604019 103318 80088.2 126150 107476 92090.6 106765 157277 121150 77273.2 73983.1 47873
desembarqueobs
 494567 514787 250237 358949 120608 361735 552515 73892 212993 205616 52469 317467 293654 387597 252695 516296 358380 742168 942051 627588 828172 859565 418607 520667 417249 300574 415391 372974 316634 284311 391294 218835 356480
desembarquepred
 494566 513906 250645 359019 120617 361764 552575 73899.4 213074 205689 52471.4 317472 293827 387980 252627 516162 358383 742117 941631 627298 828202 859608 418680 520719 417218 300593 415399 372944 316596 284249 391331 218870 356517
Reclutas
 171025 81759.1 97867.6 130414 114937 189564 73455.9 35673.2 33583.8 46368.1 102461 157415 72278.1 35937.2 106999 445440 95687.3 358074 266454 266032 385773 438846 79479.6 255332 253095 96385.7 236385 279345 112442 110272 118808 64751.7 165533
log_desv_Rt
 0.269565 -0.468467 -0.28863 -0.00152701 -0.127864 0.372485 -0.57556 -1.29785 -1.3582 -1.03563 -0.242765 0.186642 -0.591723 -1.29047 -0.199424 1.22682 -0.311159 1.00849 0.712958 0.71137 1.083 1.2119 -0.496744 0.670321 0.66152 -0.303887 0.593219 0.760204 -0.149811 -0.169294 -0.0947369 -0.701684 0.236926
SSB
 1.6417e+06 1.12456e+06 528394 312785 353184 443645 568915 290187 278425 175841 115935 289501 368856 185205 46294.1 241900 884585 821784 878600 531183 679641 1.06123e+06 986657 736048 1.0791e+06 976017 788181 877510 1.34007e+06 970978 713644 697269 417994
BT
 2.42177e+06 1.66285e+06 825849 819542 717588 1.39509e+06 974649 681971 607707 449804 499215 865773 762758 539562 780463 1.6526e+06 1.48263e+06 2.5226e+06 2.18389e+06 1.43273e+06 2.76351e+06 2.47887e+06 1.63266e+06 2.75871e+06 2.0441e+06 1.76985e+06 2.60926e+06 2.55835e+06 1.96118e+06 1.7721e+06 1.47132e+06 1.23939e+06 1.3683e+06
Ftot
 0.272452 0.494785 0.486535 0.795523 0.244866 0.485516 1.05049 0.180946 0.729478 1.01523 0.215338 0.702554 0.690907 2.36218 1.03227 0.722186 0.327153 0.57462 0.985907 0.891833 0.595822 0.685301 0.381598 0.405189 0.349429 0.257302 0.359645 0.299276 0.211039 0.264704 0.470737 0.255039 0.527739
BD_Bspro_t
 0.957861 0.74368 0.523178 0.438472 0.445974 0.551258 0.531903 0.335456 0.405908 0.34295 0.315073 0.612811 0.527678 0.306331 0.11196 0.384687 0.582645 0.537279 0.498252 0.357135 0.369248 0.462711 0.473105 0.441931 0.570246 0.603613 0.604036 0.654036 0.728234 0.667176 0.619242 0.5955 0.578318
BD_Bspro
 1.74466 1.19509 0.561532 0.332401 0.375334 0.471468 0.604595 0.308386 0.295886 0.186869 0.123205 0.307657 0.391989 0.19682 0.0491975 0.257071 0.940061 0.873322 0.933702 0.564496 0.722264 1.12778 1.04853 0.782209 1.14678 1.03723 0.837611 0.932543 1.42412 1.03187 0.7584 0.740999 0.444209
BD_Bo
 2.40436 1.64699 0.773861 0.45809 0.517258 0.649742 0.833207 0.424994 0.407768 0.257528 0.169792 0.42399 0.54021 0.271242 0.0678003 0.354275 1.29552 1.20355 1.28676 0.777947 0.995371 1.55423 1.44501 1.07798 1.58041 1.42943 1.15433 1.28516 1.96261 1.42205 1.04517 1.02119 0.612175
BD_Brms
 2.57317 1.76261 0.828191 0.490251 0.553572 0.695358 0.891703 0.454831 0.436396 0.275608 0.181713 0.453756 0.578136 0.290285 0.0725603 0.379148 1.38648 1.28804 1.3771 0.832563 1.06525 1.66334 1.54646 1.15366 1.69136 1.52978 1.23537 1.37539 2.1004 1.52189 1.11855 1.09288 0.655154
Sel_flota
 0.420249 0.932308 0.996193 0.999799 0.999989
 0.420249 0.932308 0.996193 0.999799 0.999989
 0.420249 0.932308 0.996193 0.999799 0.999989
 0.420249 0.932308 0.996193 0.999799 0.999989
 0.420249 0.932308 0.996193 0.999799 0.999989
 0.420249 0.932308 0.996193 0.999799 0.999989
 0.420249 0.932308 0.996193 0.999799 0.999989
 0.420249 0.932308 0.996193 0.999799 0.999989
 0.420249 0.932308 0.996193 0.999799 0.999989
 0.420249 0.932308 0.996193 0.999799 0.999989
 0.420249 0.932308 0.996193 0.999799 0.999989
 0.420249 0.932308 0.996193 0.999799 0.999989
 0.420249 0.932308 0.996193 0.999799 0.999989
 0.420249 0.932308 0.996193 0.999799 0.999989
 0.420249 0.932308 0.996193 0.999799 0.999989
 0.420249 0.932308 0.996193 0.999799 0.999989
 0.420249 0.932308 0.996193 0.999799 0.999989
 0.420249 0.932308 0.996193 0.999799 0.999989
 0.420249 0.932308 0.996193 0.999799 0.999989
 0.420249 0.932308 0.996193 0.999799 0.999989
 0.420249 0.932308 0.996193 0.999799 0.999989
 0.420249 0.932308 0.996193 0.999799 0.999989
 0.420249 0.932308 0.996193 0.999799 0.999989
 0.420249 0.932308 0.996193 0.999799 0.999989
 0.420249 0.932308 0.996193 0.999799 0.999989
 0.420249 0.932308 0.996193 0.999799 0.999989
 0.420249 0.932308 0.996193 0.999799 0.999989
 0.420249 0.932308 0.996193 0.999799 0.999989
 0.420249 0.932308 0.996193 0.999799 0.999989
 0.420249 0.932308 0.996193 0.999799 0.999989
 0.420249 0.932308 0.996193 0.999799 0.999989
 0.420249 0.932308 0.996193 0.999799 0.999989
 0.420249 0.932308 0.996193 0.999799 0.999989
Sel_reclas
 1 1 1 1 1
 1 1 1 1 1
 1 1 1 1 1
 1 1 1 1 1
 1 1 1 1 1
 1 1 1 1 1
 1 1 1 1 1
 1 1 1 1 1
 1 1 1 1 1
 1 1 1 1 1
 1 1 1 1 1
 1 1 1 1 1
 1 1 1 1 1
 1 1 1 1 1
 1 1 1 1 1
 1 1 1 1 1
 1 1 1 1 1
 1 1 1 1 1
 1 1 1 1 1
 1 1 1 1 1
 1 1 1 1 1
 1 1 1 1 1
 1 1 1 1 1
 1 1 1 1 1
 1 1 1 1 1
 1 1 1 1 1
 1 1 1 1 1
 1 1 1 1 1
 1 1 1 1 1
 1 1 1 1 1
 1 1 1 1 1
 1 1 1 1 1
 1 1 1 1 1
Sel_pelaces
 0.875797 0.972593 0.994432 0.998889 0.999779
 0.875797 0.972593 0.994432 0.998889 0.999779
 0.875797 0.972593 0.994432 0.998889 0.999779
 0.875797 0.972593 0.994432 0.998889 0.999779
 0.875797 0.972593 0.994432 0.998889 0.999779
 0.875797 0.972593 0.994432 0.998889 0.999779
 0.875797 0.972593 0.994432 0.998889 0.999779
 0.875797 0.972593 0.994432 0.998889 0.999779
 0.875797 0.972593 0.994432 0.998889 0.999779
 0.875797 0.972593 0.994432 0.998889 0.999779
 0.875797 0.972593 0.994432 0.998889 0.999779
 0.875797 0.972593 0.994432 0.998889 0.999779
 0.875797 0.972593 0.994432 0.998889 0.999779
 0.875797 0.972593 0.994432 0.998889 0.999779
 0.875797 0.972593 0.994432 0.998889 0.999779
 0.875797 0.972593 0.994432 0.998889 0.999779
 0.875797 0.972593 0.994432 0.998889 0.999779
 0.875797 0.972593 0.994432 0.998889 0.999779
 0.875797 0.972593 0.994432 0.998889 0.999779
 0.875797 0.972593 0.994432 0.998889 0.999779
 0.875797 0.972593 0.994432 0.998889 0.999779
 0.875797 0.972593 0.994432 0.998889 0.999779
 0.875797 0.972593 0.994432 0.998889 0.999779
 0.875797 0.972593 0.994432 0.998889 0.999779
 0.875797 0.972593 0.994432 0.998889 0.999779
 0.875797 0.972593 0.994432 0.998889 0.999779
 0.875797 0.972593 0.994432 0.998889 0.999779
 0.875797 0.972593 0.994432 0.998889 0.999779
 0.875797 0.972593 0.994432 0.998889 0.999779
 0.875797 0.972593 0.994432 0.998889 0.999779
 0.875797 0.972593 0.994432 0.998889 0.999779
 0.875797 0.972593 0.994432 0.998889 0.999779
 0.875797 0.972593 0.994432 0.998889 0.999779
pf_obs 
 0.8446 0.082 0.0669 0.0065 0
 0.8095 0.147 0.0364 0.0071 0
 0.9664 0.0169 0.016 0.0007 0
 0.9276 0.0648 0.0075 0.0001 0
 0.7033 0.2144 0.0806 0.0017 0
 0.9318 0.0425 0.0243 0.0014 0
 0.5671 0.3108 0.0964 0.0239 0.0018
 0.0768 0.2599 0.5324 0.112 0.0189
 0.490249 0.384438 0.106611 0.0170017 0.00170017
 0.7925 0.1577 0.0466 0.003 0.0002
 0.840416 0.127587 0.0312969 0.00059994 9.999e-05
 0.8084 0.0986 0.0794 0.0134 0.0002
 0.7335 0.1905 0.0724 0.0035 0.0001
 0.4001 0.4547 0.1325 0.0127 0
 0.49795 0.308269 0.164784 0.0264974 0.00249975
 0.9179 0.0499 0.0305 0.0017 0
 0.2467 0.6533 0.0926 0.0074 0
 0.9418 0.0223 0.034 0.0019 0
 0.707729 0.231977 0.0356964 0.0245975 0
 0.517169 0.277429 0.184464 0.0207286 0.00020938
 0.811772 0.124168 0.05621 0.00726502 0.000585176
 0.764997 0.148141 0.077277 0.00933861 0.000247198
 0.163321 0.427699 0.378323 0.0303852 0.000271297
 0.753843 0.0900009 0.118128 0.0371064 0.000921714
 0.721811 0.176058 0.0630433 0.0369309 0.00215725
 0.143369 0.312575 0.442814 0.0836902 0.0175525
 0.692698 0.0596174 0.167031 0.0765114 0.00414204
 0.394062 0.376323 0.152708 0.0712218 0.00568511
 0.125707 0.32114 0.495352 0.0537591 0.00404204
 0.23352 0.215282 0.420074 0.123614 0.00750983
 0.796117 0.104755 0.0508955 0.0450114 0.00322123
 0.162477 0.292055 0.404252 0.121198 0.0200186
 0 0 0 0 0
pf_pred 
 0.41866 0.153999 0.399711 0.0276294 1.15388e-06
 0.315182 0.434497 0.0699848 0.168721 0.0116159
 0.51706 0.259678 0.146062 0.0216548 0.055545
 0.631051 0.270206 0.0551617 0.0285583 0.0150228
 0.567079 0.357291 0.0568068 0.0105401 0.00828266
 0.649429 0.262982 0.0731969 0.0108215 0.00357106
 0.368431 0.520204 0.0852545 0.0218365 0.0042738
 0.379216 0.394611 0.18973 0.0279376 0.00850516
 0.4554 0.317462 0.148089 0.0663543 0.0126954
 0.660363 0.237531 0.0618667 0.0262825 0.0139566
 0.787355 0.18148 0.0224863 0.00527052 0.00340767
 0.678784 0.287154 0.0293728 0.00338722 0.00130199
 0.423487 0.48947 0.0785507 0.00732856 0.00116395
 0.440057 0.37345 0.160496 0.0234732 0.00252475
 0.905594 0.0758475 0.0130809 0.00472051 0.000757175
 0.897514 0.0990602 0.00280901 0.00043534 0.000181216
 0.267663 0.701977 0.0294326 0.000760926 0.000166153
 0.73082 0.12393 0.139654 0.00542627 0.000170199
 0.551041 0.394362 0.0263198 0.0271929 0.00108451
 0.632291 0.288182 0.0707359 0.00425066 0.0045403
 0.707406 0.243224 0.0395127 0.00877292 0.00108408
 0.638293 0.311745 0.0421337 0.00627193 0.00155706
 0.208416 0.65149 0.122222 0.0150837 0.00278857
 0.659671 0.131477 0.174222 0.0302287 0.00440117
 0.561664 0.363127 0.0304892 0.0373323 0.0073881
 0.299844 0.526031 0.146157 0.0113667 0.0166015
 0.641672 0.17807 0.137866 0.0356069 0.00678553
 0.592901 0.33099 0.0393073 0.0281748 0.00862657
 0.310801 0.531792 0.129767 0.0143039 0.0133366
 0.412029 0.297064 0.228075 0.0518344 0.0109967
 0.50274 0.309917 0.0981325 0.070004 0.0192067
 0.380575 0.443544 0.113039 0.0329885 0.0298533
 0.694865 0.179339 0.0919558 0.0217816 0.0120593
pobs_RECLAS
 0 0 0 0 0
 0 0 0 0 0
 0 0 0 0 0
 0 0 0 0 0
 0 0 0 0 0
 0 0 0 0 0
 0 0 0 0 0
 0 0 0 0 0
 0 0 0 0 0
 0 0 0 0 0
 0.991045 0.00858322 0.000360255 1.14367e-05 0
 0.934742 0.0480273 0.0164251 0.00080598 0
 0.827803 0.169806 0.00239088 0 0
 0.941827 0.0461693 0.0120037 0 0
 0.791401 0.0380133 0.147996 0.0225897 0
 0.846168 0.0940531 0.0597789 0 0
 0.134021 0.677848 0.182769 0.00536245 0
 0.80878 0.0450904 0.141981 0.00414843 0
 0.846168 0.0940531 0.0597789 0 0
 0.905697 0.0802665 0.012482 0.00150086 5.37128e-05
 0.989698 0.0102097 9.19794e-05 0 0
 0.975433 0.0193895 0.00387452 0.00125025 5.28907e-05
 0.303575 0.632131 0.0575291 0.00676475 0
 0.966965 0.00978017 0.0227588 0.000495775 0
 0.843318 0.132988 0.00938335 0.0141283 0.000182051
 0.564624 0.303363 0.111486 0.0197234 0.00080311
 0.826376 0.0876187 0.0782897 0.00655872 0.00115652
 0.89761 0.0855135 0.0140674 0.00269457 0.000114338
 0.34875 0.467042 0.161289 0.0227151 0.000203297
 0.318654 0.224769 0.449479 0.00709798 0
 0.937255 0.0296025 0.0250945 0.00804832 0
 0.456809 0.399803 0.12412 0.0192676 0
 0.883104 0.0372192 0.0704036 0.00927362 0
ppred_RECLAS
 0.62989 0.103044 0.249858 0.0172071 7.18473e-07
 0.518537 0.313521 0.0470834 0.113076 0.00778336
 0.715903 0.157781 0.0827514 0.0122217 0.0313427
 0.802715 0.147342 0.0279506 0.0144125 0.00757996
 0.748448 0.210046 0.0312052 0.00576851 0.00453214
 0.811112 0.144149 0.0374113 0.00550981 0.00181785
 0.585224 0.34621 0.0525426 0.0134012 0.00262228
 0.58338 0.271328 0.121954 0.0178918 0.00544581
 0.666624 0.200291 0.0868893 0.0387781 0.00741775
 0.825534 0.124832 0.0301239 0.0127439 0.00676581
 0.8934 0.0918707 0.0106389 0.00248444 0.00160601
 0.831341 0.151906 0.0144549 0.00166034 0.000638074
 0.63198 0.315791 0.0471513 0.00438175 0.000695782
 0.695147 0.210131 0.081582 0.0118646 0.00127576
 0.958671 0.0337002 0.00538356 0.00193462 0.000310247
 0.953172 0.0453696 0.00119655 0.000184706 7.68703e-05
 0.452567 0.526185 0.0206012 0.000530618 0.000115841
 0.866027 0.0640496 0.0672394 0.00260249 8.16124e-05
 0.746093 0.225086 0.013924 0.0143261 0.00057123
 0.804262 0.155843 0.0355015 0.00212464 0.00226892
 0.848892 0.127098 0.0192309 0.00425323 0.000525469
 0.804684 0.169983 0.0213764 0.00316952 0.000786694
 0.376184 0.519584 0.0909793 0.0111858 0.00206753
 0.820885 0.0721835 0.0892569 0.0154283 0.00224585
 0.745457 0.213376 0.0167263 0.0204037 0.00403711
 0.494498 0.38615 0.100243 0.00776712 0.011342
 0.807288 0.0991234 0.0716421 0.0184339 0.0035122
 0.768617 0.190537 0.0211341 0.0150922 0.00462003
 0.506424 0.386675 0.0881881 0.00968498 0.00902828
 0.619565 0.198748 0.14256 0.0322795 0.00684677
 0.70264 0.190285 0.0561899 0.0399312 0.0109535
 0.584524 0.303269 0.0722137 0.0209963 0.0189972
 0.842673 0.0951708 0.0454831 0.0107322 0.00594064
pobs_PELACES
 0 0 0 0 0
 0 0 0 0 0
 0 0 0 0 0
 0 0 0 0 0
 0 0 0 0 0
 0 0 0 0 0
 0 0 0 0 0
 0 0 0 0 0
 0 0 0 0 0
 0 0 0 0 0
 0 0 0 0 0
 0 0 0 0 0
 0 0 0 0 0
 0 0 0 0 0
 0 0 0 0 0
 0 0 0 0 0
 0.505614 0.472636 0.0217494 0 0
 0 0 0 0 0
 0.443492 0.261883 0.143347 0.151278 0
 0.227955 0.32914 0.350689 0.0885471 0.00366901
 0.970185 0.0296113 0.000203453 0 0
 0.997202 0.00247181 0.000326279 0 0
 0.445219 0.490057 0.0546422 0.010081 0
 0.90214 0.0892962 0.00764917 0.000914606 0
 0 0 0 0 0
 0.581667 0.319106 0.0959925 0.00289975 0.000334073
 0.762889 0.0836404 0.116647 0.0363945 0.000428098
 0.88444 0.0763242 0.0277011 0.0115352 0
 0.521256 0.241999 0.230069 0.00667565 0
 0.616807 0.101726 0.260614 0.0208532 0
 0.833518 0.0704572 0.0857862 0.0102388 0
 0.697417 0.212968 0.0787535 0.0105354 0.000325836
 0 0 0 0 0
ppred_PELACES
 0.613216 0.106391 0.262256 0.0181359 7.57919e-07
 0.511957 0.316182 0.0480455 0.115835 0.00798016
 0.710042 0.160069 0.0849604 0.0125969 0.0323326
 0.807079 0.143823 0.0274317 0.0141949 0.00747179
 0.735727 0.220003 0.0332461 0.00617155 0.00485303
 0.807128 0.146747 0.0385442 0.00569882 0.00188183
 0.602716 0.331563 0.0503227 0.0128764 0.00252167
 0.56358 0.282324 0.129252 0.0190433 0.0058014
 0.669989 0.197625 0.0863201 0.0386631 0.00740202
 0.83485 0.118093 0.0285204 0.012105 0.00643193
 0.886439 0.0976123 0.0115052 0.0026981 0.00174566
 0.833169 0.150141 0.014393 0.00165925 0.000638194
 0.634483 0.313286 0.047136 0.00439634 0.00069869
 0.755292 0.1701 0.0642427 0.00935845 0.00100703
 0.961333 0.0315217 0.00503778 0.00181624 0.000291504
 0.953924 0.044631 0.00118531 0.000183634 7.64887e-05
 0.440174 0.537773 0.0213797 0.000552922 0.000120816
 0.864501 0.064433 0.068328 0.00265466 8.33196e-05
 0.75755 0.214853 0.0133098 0.0137395 0.000548295
 0.811263 0.150152 0.0343216 0.00206105 0.00220285
 0.848145 0.127514 0.0194808 0.00432475 0.000534762
 0.806233 0.168452 0.0213488 0.00317702 0.000789227
 0.36619 0.526605 0.0935238 0.0115449 0.00213576
 0.814181 0.0742452 0.0930692 0.0161516 0.00235317
 0.736124 0.220575 0.0175492 0.0214945 0.00425664
 0.478132 0.396994 0.104802 0.00815428 0.0119178
 0.799122 0.10254 0.0752036 0.0194286 0.00370495
 0.758241 0.198445 0.022364 0.0160364 0.00491334
 0.488121 0.399392 0.0927203 0.0102258 0.00954078
 0.603287 0.205514 0.149885 0.0340793 0.00723485
 0.696243 0.193381 0.0578098 0.0412433 0.0113232
 0.568226 0.313587 0.0759379 0.0221713 0.0200779
 0.839938 0.0963585 0.0465638 0.0110296 0.00611045
pobs_pel_tallas
 0 0 0 0 0 0 0 0 0 0 0 0 0 0 0 0 0 0 0 0 0 0 0 0 0 0
 0 0 0 0 0 0 0 0 0 0 0 0 0 0 0 0 0 0 0 0 0 0 0 0 0 0
 0 0 0 0 0 0 0 0 0 0 0 0 0 0 0 0 0 0 0 0 0 0 0 0 0 0
 0 0 0 0 0 0 0 0 0 0 0 0 0 0 0 0 0 0 0 0 0 0 0 0 0 0
 0 0 0 0 0 0 0 0 0 0 0 0 0 0 0 0 0 0 0 0 0 0 0 0 0 0
 0 0 0 0 0 0 0 0 0 0 0 0 0 0 0 0 0 0 0 0 0 0 0 0 0 0
 0 0 0 0 0 0 0 0 0 0 0 0 0 0 0 0 0 0 0 0 0 0 0 0 0 0
 0 0 0 0 0 0 0 0 0 0 0 0 0 0 0 0 0 0 0 0 0 0 0 0 0 0
 0 0 0 0 0 0 0 0 0 0 0 0 0 0 0 0 0 0 0 0 0 0 0 0 0 0
 0 0 0 0 0 0 0 0 0 0 0 0 0 0 0 0 0 0 0 0 0 0 0 0 0 0
 0 0 0 0 0 0 0 0 0 0 0 0 0 0 0 0 0 0 0 0 0 0 0 0 0 0
 0 0 0 0 0 0 0 0 0 0 0 0 0 0 0 0 0 0 0 0 0 0 0 0 0 0
 0.00862536 0 0 0.000197151 0.00414017 0.0128641 0.00837892 0.0270097 0.101434 0.158115 0.152841 0.127902 0.109271 0.109419 0.0830992 0.0579132 0.0238553 0.00714673 0.00463305 0.00128148 0.00103504 0.000492878 0.000147863 0.000147863 4.92878e-05 0
 0 0 0 0 0 0 0 0 0 0 0 0 0 0 0 0 0 0 0 0 0 0 0 0 0 0
 0 0 0 0 0 0 0 0.0054083 0.00873648 0.0413646 0.0450493 0.0745869 0.0622846 0.0627006 0.0613931 0.0827291 0.12552 0.122667 0.0946155 0.0697135 0.0546179 0.0294188 0.0215738 0.0213955 0.0102223 0.00600262
 0 0 0 0 0.00359764 0.0251062 0.0480494 0.140153 0.205849 0.193036 0.1447 0.116669 0.0760912 0.0342217 0.00950174 0.001854 0.000860785 0 0 0 0.000165536 0 0.000143464 0 0 0
 0 0 0 0 0 0 0 0.000145254 0.000435761 0.0275982 0.070085 0.0708112 0.156366 0.174668 0.174014 0.160142 0.0824315 0.0480064 0.0283245 0.00493863 0.00203355 0 0 0 0 0
 0 0 0 0 0 0 0 0 0 0 0 0 0 0 0 0 0 0 0 0 0 0 0 0 0 0
 0 0 1.00437e-05 0.000401748 0.00122533 0.00171747 0.00176769 0.0269171 0.070346 0.194647 0.189555 0.159765 0.064822 0.0314167 0.0384472 0.0292271 0.0345202 0.0313363 0.0194345 0.0106764 0.0143323 0.0359363 0.0279516 0.0138201 0.00172751 0
 0 0.0021121 0.0136068 0.0755702 0.200478 0.177729 0.0527432 0.0373336 0.0318909 0.0142505 0.0149659 0.0166563 0.0217959 0.0798694 0.0677717 0.0528807 0.04013 0.0224614 0.0357745 0.0225083 0.00881397 0.00855152 0.00135912 0.000746735 0 0
 0 0 0 0 5.4009e-05 0.00500934 0.000945158 0.0243581 0.138947 0.33067 0.221406 0.137944 0.0707744 0.0437923 0.0131692 0.00525238 0.0047753 0.00276346 9.45158e-05 9.00151e-06 2.25038e-05 9.00151e-06 4.50075e-06 0 0 0
 0.000866109 0.00284123 0.00948549 0.0512746 0.133035 0.25785 0.225252 0.132002 0.0553304 0.0519788 0.0540692 0.017754 0.00435017 0.00159236 0.00146478 0.000404838 0.000125132 0.000115318 0.000107957 0.000100596 0 0 0 0 0 0
 0 0 0 0 0.00144013 0.00171154 0.00461396 0.0210425 0.0478622 0.0707936 0.0888783 0.103762 0.0637923 0.0337046 0.0602308 0.124433 0.169614 0.0934646 0.0462172 0.0250306 0.0313229 0.00938855 0.002487 0.000210481 0 0
 0 0.00764035 0.051015 0.0998891 0.058973 0.0496711 0.0374665 0.0718981 0.12319 0.153886 0.159021 0.0857701 0.0377988 0.023471 0.0147837 0.00900784 0.00315554 0.000888139 0.00291439 0.00214683 0.00393193 0.00274676 0.000635225 9.99891e-05 0 0
 0 0 0 0 0 0 0 0 0 0 0 0 0 0 0 0 0 0 0 0 0 0 0 0 0 0
 0 0 0 0 0 0 0 0 0 0 0 0 0 0 0 0 0 0 0 0 0 0 0 0 0 0
 0 0 0 0 0 0 0 0 0 0 0 0 0 0 0 0 0 0 0 0 0 0 0 0 0 0
 0 0 0 0 0 0 0 0 0 0 0 0 0 0 0 0 0 0 0 0 0 0 0 0 0 0
 0 0 0 0 0 0 0 0 0 0 0 0 0 0 0 0 0 0 0 0 0 0 0 0 0 0
 0 0 0 0 0 0 0 0 0 0 0 0 0 0 0 0 0 0 0 0 0 0 0 0 0 0
 0 0 0 0 0 0 0 0 0 0 0 0 0 0 0 0 0 0 0 0 0 0 0 0 0 0
 0 0 0 0 0 0 0 0 0 0 0 0 0 0 0 0 0 0 0 0 0 0 0 0 0 0
 0 0 0 0 0 0 0 0 0 0 0 0 0 0 0 0 0 0 0 0 0 0 0 0 0 0
ppred_pel_tallas
 1.09415e-16 5.05098e-05 0.000490973 0.00326269 0.0148317 0.0461471 0.0983216 0.143505 0.143516 0.0983738 0.0463234 0.0153459 0.00457182 0.00341007 0.00577356 0.00993111 0.0153842 0.0215955 0.0279675 0.0340915 0.0397488 0.0445957 0.0478811 0.0485927 0.0460161 0.0402713
 1.14435e-16 4.21693e-05 0.0004099 0.00272393 0.0123826 0.0385271 0.0820872 0.119815 0.119846 0.0822364 0.039028 0.0138302 0.00636016 0.00835742 0.0151662 0.0250915 0.0363601 0.0462306 0.0519891 0.0525167 0.049004 0.0441274 0.0403235 0.0384926 0.0379184 0.0371342
 1.09228e-16 5.84852e-05 0.000568497 0.00377786 0.0171736 0.0534336 0.113847 0.166166 0.166181 0.113923 0.0536889 0.0179124 0.00563758 0.00464559 0.00785286 0.0130251 0.0190778 0.024672 0.0284825 0.0299139 0.0294214 0.0281039 0.0269111 0.0261111 0.0253459 0.02407
 1.03517e-16 6.64781e-05 0.000646191 0.00429416 0.0195207 0.0607361 0.129405 0.188873 0.188887 0.129473 0.0609638 0.0201787 0.0059468 0.0042567 0.00693195 0.0113776 0.0164392 0.0207954 0.0231517 0.0229268 0.0205956 0.017352 0.0143655 0.0122136 0.0108212 0.0097809
 1.02456e-16 6.06009e-05 0.000589062 0.00391453 0.0177949 0.0553666 0.117965 0.172178 0.172199 0.118069 0.0557146 0.0188 0.00643762 0.00609757 0.0105239 0.0173066 0.024935 0.0313777 0.0346042 0.0336768 0.0293008 0.0233328 0.0176598 0.0133217 0.0103863 0.00838784
 1.0204e-16 6.64821e-05 0.00064623 0.00429442 0.0195218 0.0607397 0.129413 0.188885 0.188899 0.129482 0.0609724 0.0201941 0.0059833 0.00433747 0.00708973 0.0116491 0.0168525 0.021354 0.0238227 0.0236343 0.0212201 0.0177337 0.0143217 0.0115776 0.00950043 0.00780872
 1.03256e-16 4.9645e-05 0.000482567 0.00320683 0.0145778 0.0453571 0.0966393 0.141055 0.141087 0.0967955 0.0458816 0.0160926 0.00700951 0.00878479 0.0158198 0.026082 0.037584 0.0472974 0.0521638 0.0507666 0.0441622 0.0351391 0.0265307 0.019898 0.0153466 0.0121911
 1.06694e-16 4.64214e-05 0.000451232 0.0029986 0.0136312 0.0424119 0.090364 0.131895 0.131922 0.0904978 0.0428613 0.0149311 0.00626828 0.00761165 0.0137118 0.0227681 0.0331974 0.0425884 0.0484845 0.0497114 0.0469876 0.0422603 0.0373509 0.0330279 0.0290692 0.0249523
 1.07672e-16 5.51862e-05 0.000536429 0.00356476 0.0162049 0.0504196 0.107425 0.156794 0.156813 0.107519 0.0507342 0.0171151 0.00585458 0.00555221 0.00963166 0.0159695 0.0233163 0.0299953 0.0343324 0.0355662 0.0342594 0.0318038 0.0294369 0.027571 0.025849 0.0236813
 1.03156e-16 6.87655e-05 0.000668425 0.00444192 0.0201923 0.0628259 0.133858 0.195372 0.195383 0.133913 0.0630131 0.0207334 0.00580109 0.00363932 0.00572239 0.00938176 0.0135808 0.0172349 0.0192905 0.0192722 0.0175574 0.0150968 0.01281 0.0111327 0.0099821 0.00902842
 1.00924e-16 7.30148e-05 0.00070973 0.00471641 0.0214401 0.0667082 0.142129 0.207444 0.207453 0.142175 0.0668624 0.0218857 0.00583469 0.00315039 0.00470662 0.00766113 0.011019 0.0138357 0.0152021 0.0147006 0.0126508 0.00989196 0.00728286 0.00530539 0.00400108 0.00316144
 1.00729e-16 6.8627e-05 0.000667079 0.00443298 0.0201517 0.0626994 0.133588 0.194979 0.194994 0.133659 0.0629366 0.0208366 0.00615153 0.00441671 0.00718399 0.0117524 0.0168863 0.0211561 0.0231532 0.0222254 0.0188627 0.0143689 0.010093 0.00681562 0.0046413 0.00327999
 1.02e-16 5.22616e-05 0.000508001 0.00337585 0.0153461 0.0477477 0.101733 0.148488 0.148518 0.10188 0.0482431 0.0167772 0.00696795 0.00834966 0.014945 0.024624 0.0354639 0.0445861 0.0490827 0.0475949 0.0411047 0.0322456 0.0237172 0.0170451 0.0123996 0.00920446
 1.03007e-16 6.22125e-05 0.000604727 0.00401863 0.0182681 0.0568389 0.121102 0.176755 0.176772 0.121182 0.0571092 0.0190496 0.00598342 0.00490392 0.00825654 0.0136277 0.0198028 0.0252716 0.0285239 0.0288408 0.0266777 0.0232715 0.0198153 0.0168709 0.0143724 0.0120186
 1.00386e-16 7.91837e-05 0.000769694 0.00511489 0.0232515 0.0723442 0.154137 0.224968 0.224971 0.154152 0.072394 0.0233956 0.00547656 0.00155942 0.00157962 0.00248771 0.00357975 0.00450962 0.00498361 0.00486822 0.00426436 0.00343601 0.00264933 0.00204784 0.00163611 0.00134459
 1.00078e-16 7.85734e-05 0.000763762 0.00507547 0.0230723 0.0717866 0.152949 0.223235 0.223239 0.15297 0.071857 0.0232756 0.00558519 0.00187511 0.0021852 0.00347759 0.00497701 0.00620592 0.00673676 0.00637436 0.00527082 0.00382906 0.00247129 0.00144968 0.000806536 0.000453441
 1.00831e-16 3.62566e-05 0.000352428 0.00234201 0.0106465 0.0331254 0.070579 0.103023 0.103075 0.0708318 0.0339738 0.013096 0.00848612 0.0137501 0.0254367 0.0418784 0.0600499 0.0749349 0.0814425 0.0772191 0.064076 0.0468309 0.0305285 0.0181774 0.0102865 0.00582224
 1.02269e-16 7.12078e-05 0.000692165 0.00459968 0.0209095 0.0650572 0.138612 0.202309 0.202315 0.138642 0.065161 0.0212105 0.00535951 0.00236529 0.00329087 0.00543709 0.0080787 0.0106835 0.012739 0.0139733 0.0144535 0.0144261 0.0140548 0.0133014 0.0120335 0.0102243
 1.0191e-16 6.23984e-05 0.000606535 0.00403064 0.0183227 0.0570088 0.121464 0.177285 0.177305 0.121565 0.0573481 0.0193023 0.00648834 0.00596802 0.0102341 0.0167928 0.0241216 0.0302052 0.0330397 0.0317146 0.026966 0.0206963 0.0148551 0.0105404 0.00783788 0.00623881
 1.01609e-16 6.68227e-05 0.00064954 0.00431642 0.0196218 0.0610509 0.130076 0.189853 0.189867 0.130147 0.0612887 0.020309 0.00604232 0.00442017 0.00723659 0.0118801 0.0171583 0.0216814 0.0240734 0.0236878 0.0209723 0.0171337 0.0133882 0.0103931 0.00818738 0.00649945
 1.0112e-16 6.98606e-05 0.00067907 0.00451266 0.0205139 0.0638265 0.135989 0.198483 0.198495 0.13605 0.0640281 0.0210965 0.00597508 0.00387186 0.00613447 0.0100333 0.0144517 0.0181834 0.0200475 0.0194966 0.0169346 0.0134325 0.0100806 0.00748347 0.00568886 0.00444184
 1.01112e-16 6.64084e-05 0.000645513 0.00428966 0.0195002 0.0606724 0.12927 0.188676 0.188692 0.129349 0.0609387 0.0202692 0.00621979 0.00485815 0.00806444 0.0132202 0.0190212 0.0238833 0.0262369 0.0253536 0.0217733 0.0169329 0.0123082 0.00873711 0.00631291 0.00470904
 1.04353e-16 3.01627e-05 0.000293192 0.00194837 0.00885703 0.0275578 0.0587167 0.0857093 0.0857601 0.0589648 0.0283911 0.0112642 0.00799189 0.0134902 0.0251052 0.0414854 0.0598238 0.0753602 0.0832405 0.0811927 0.0708434 0.0565492 0.0427429 0.0318795 0.0241701 0.0186323
 1.04723e-16 6.7063e-05 0.000651876 0.00433195 0.0196924 0.0612704 0.130543 0.190533 0.190541 0.130579 0.0613906 0.0200412 0.00521393 0.00259853 0.00382655 0.00638302 0.00956928 0.0128296 0.0156236 0.0176719 0.0190451 0.0199603 0.020478 0.020391 0.019396 0.0173708
 1.03439e-16 6.06336e-05 0.00058938 0.00391664 0.0178045 0.0553965 0.118029 0.172271 0.172292 0.118133 0.055745 0.0188109 0.00644208 0.00610036 0.0105213 0.017284 0.0248631 0.0312129 0.0343021 0.0332203 0.0287352 0.0227879 0.017335 0.0134292 0.0110683 0.00965
 1.05961e-16 3.93832e-05 0.000382818 0.00254396 0.0115645 0.0359817 0.0766642 0.111902 0.11194 0.0768516 0.036611 0.0133832 0.00711274 0.0103683 0.0190383 0.0315016 0.0455839 0.0577554 0.0644221 0.0638961 0.0573478 0.0479079 0.0386927 0.0313239 0.0258077 0.0213773
 1.04772e-16 6.58227e-05 0.00063982 0.00425183 0.0193282 0.0601373 0.128129 0.18701 0.18702 0.128178 0.0603015 0.0198039 0.0054507 0.00327317 0.0051147 0.00847645 0.0124974 0.0163317 0.0191518 0.020563 0.0207846 0.0203853 0.0198081 0.019093 0.0179803 0.0162239
 1.03136e-16 6.24554e-05 0.000607088 0.00403432 0.0183394 0.0570609 0.121575 0.177446 0.177465 0.121668 0.0573746 0.0192455 0.00630847 0.00557111 0.00948889 0.015586 0.0224431 0.0282222 0.0311005 0.030255 0.0263582 0.021125 0.0162809 0.0127492 0.0105286 0.00910371
 1.05418e-16 4.02059e-05 0.000390816 0.00259711 0.0118061 0.0367334 0.0782659 0.114239 0.114278 0.0784543 0.0373662 0.0136344 0.00718902 0.0104238 0.0191206 0.0316138 0.0456929 0.0577835 0.0642509 0.0633948 0.0564197 0.0465347 0.0369541 0.0293798 0.0238523 0.0195842
 1.0902e-16 4.9692e-05 0.000483024 0.00320986 0.0145916 0.0453999 0.0967301 0.141185 0.141205 0.096828 0.0457291 0.0155447 0.00561191 0.00575858 0.0101626 0.0169675 0.025012 0.0326587 0.0382429 0.0409635 0.0412531 0.0402554 0.038876 0.0372276 0.0348297 0.0312251
 1.07771e-16 5.73486e-05 0.000557449 0.00370445 0.0168399 0.0523952 0.111634 0.162937 0.162956 0.111726 0.0527023 0.0177277 0.00593613 0.00543996 0.00936225 0.0154732 0.0224921 0.0287363 0.0325415 0.0331772 0.0312724 0.0283308 0.0257305 0.0239993 0.0228059 0.0214648
 1.07893e-16 4.68041e-05 0.000454952 0.00302332 0.0137436 0.0427616 0.0911092 0.132983 0.133013 0.0912572 0.0432586 0.01518 0.00663182 0.00834184 0.0150537 0.0248878 0.0360263 0.0456882 0.0510707 0.0508977 0.0461618 0.0393913 0.0330522 0.0283461 0.0251084 0.0225107
 1.03509e-16 6.91846e-05 0.000672499 0.00446899 0.0203154 0.0632088 0.134673 0.196562 0.196571 0.134719 0.0633623 0.0207595 0.00558647 0.00312087 0.00474535 0.00780449 0.0113981 0.0146753 0.0168135 0.0174307 0.0167841 0.0155341 0.0142742 0.0132148 0.0122127 0.011024
pSPR Fmed_Fpbrs
1   0.9844 0.6 0.325 0.9844 0.9844 0.9844
Fs Fmed_Fpbrs
0   0.01 0.375003 0.983508 0.01 0.01 0.01
SSBpbr Bo_Bmed_Bpbrs
682802  648662  638010 375541 187770 638010 638010 638010
Ro
130614
SPR SPRFo_SPRFmed_SPRFpbrs
940986 940986 926306
Fref
0
Nvult_r0
 116750 16586.6 8139.21 1923.38 1064.74
CTP_r0
 21192.8 5469.68 2804.58 664.321 367.798
YTP_r0
356517
Np
 165533 60896.2 22402.5 8241.4 4147.2
Nvult_p0
 104637 38493.7 14161.1 5209.56 2621.53
CTP_p0
 0 0 0 0 0
 0 0 0 0 0
 0 0 0 0 0
 0 0 0 0 0
 0 0 0 0 0
 0 0 0 0 0
YTP_p0
 0 0 0 0 0 0
CBA_c0
0
log_Ro
11.6
likeval ReclasPelacesDesembMPH_pf_preclas_ppelaces_ptallas_desvR_qrecl_qpela
 18.5308 0.000276236 0.0398822 57.7376 238.559 135.654 112.277 0 23.1275 6.49726e-06 1.96726e-05 0.15396 2063.37 0 0
q_reclas_q_pelaces
1.43402 1.87247
M
1
N
 171025 29999.5 73377.5 5055.79 0.211108
 81759.1 56109.9 8560.61 20577.6 1416.49
 97867.6 24430.8 13013.9 1923.74 4933.66
 130414 29345.8 5710.14 2948.62 1550.88
 114937 34343.1 5142.18 950.991 747.181
 189564 38148.1 10055.4 1482.22 489.053
 73455.9 56865.6 8924.72 2280.61 446.301
 35673.2 17378.2 7856.28 1152.96 350.939
 33583.8 12162.5 5400.66 2413.45 461.694
 46368.1 9092.77 2266.55 960.616 510.047
 102461 11133.5 1298.19 303.277 196.051
 157415 34431.9 3350.8 385.371 148.109
 72278.1 43105 6579.69 612.21 97.2197
 35937.2 19889 8326.98 1216.17 130.801
 106999 4899.17 808.873 291.216 46.7057
 445440 25508.5 688.442 106.41 44.2886
 95687.3 120973 4786.08 123.346 26.929
 358074 30679.7 32804.2 1271 39.8598
 266454 103467 6605.33 6808.18 271.491
 266032 64772.2 15181.6 910.031 971.913
 385773 67277.3 10375.2 2297.1 283.814
 438846 110482 14201.3 2108.25 523.316
 79479.6 121044 21454.7 2639.64 487.918
 255332 24906.6 31198.9 5396.76 785.62
 253095 79224.4 6280.02 7665.55 1516.77
 96385.7 80392.2 21041.8 1631.13 2381.93
 236385 31824.2 23266.9 5990.58 1141.42
 279345 74763 8372.29 5982.01 1831.27
 112442 90620.3 20807.3 2285.97 2131.01
 110272 37854.3 27383.1 6203.23 1315.79
 118808 36296 10880.4 7738.65 2122.89
 64751.7 35862.1 8609.25 2504.31 2265.92
 165533 21399.8 10401 2456.58 1359.86
pred_Ctot
 11805.8 4342.6 11271.4 779.121 0.0325382
 9868.47 13604.3 2191.25 5282.71 363.699
 11632 5841.83 3285.87 487.155 1249.56
 24071 10306.8 2104.11 1089.34 573.037
 7164.63 4514.11 717.712 133.167 104.645
 22487.3 9106.1 2534.54 374.709 123.653
 17174.5 24249.4 3974.15 1017.91 199.224
 1661.47 1728.92 831.267 122.404 37.2638
 5746.39 4005.84 1868.64 837.282 160.195
 10537.2 3790.19 987.184 419.38 222.701
 5645.43 1301.23 161.229 37.7902 24.4334
 26056.7 11023.1 1127.54 130.026 49.98
 11788.5 13625.3 2186.6 204.004 32.4006
 15462.2 13121.9 5639.31 824.775 88.7117
 24655.6 2065.02 356.138 128.52 20.6148
 75547 8338.25 236.444 36.6441 15.2536
 7857.37 20606.8 864.006 22.3373 4.8775
 49524.1 8398.11 9463.66 367.712 11.5335
 59082.8 42283.6 2822.01 2915.63 116.282
 54183.9 24695.6 6061.68 364.258 389.079
 55127.5 18954.3 3079.19 683.665 84.4815
 71060.9 34706.4 4690.73 698.251 173.346
 7542.17 23576.2 4422.98 545.851 100.913
 25624.4 5107.13 6767.49 1174.21 170.96
 22113.6 14296.9 1200.41 1469.83 290.881
 6299.88 11052.2 3070.83 238.821 348.807
 21220.4 5888.88 4559.29 1177.54 224.401
 21084.2 11770.4 1397.81 1001.93 306.771
 6076.2 10396.6 2536.95 279.642 260.732
 7405.43 5339.16 4099.21 931.624 197.645
 13698.9 8444.78 2673.96 1907.5 523.353
 4196.66 4891.03 1246.5 363.769 329.197
 21192.8 5469.68 2804.58 664.321 367.798
F
 0.114498 0.254009 0.271414 0.272397 0.272449
 0.207933 0.461292 0.492901 0.494686 0.49478
 0.204466 0.4536 0.484683 0.486437 0.48653
 0.334318 0.741672 0.792494 0.795363 0.795514
 0.102905 0.22829 0.243934 0.244817 0.244863
 0.204038 0.452651 0.483668 0.485419 0.485511
 0.441467 0.979378 1.04649 1.05028 1.05048
 0.0760424 0.168697 0.180257 0.180909 0.180944
 0.306563 0.680098 0.726701 0.729331 0.72947
 0.426651 0.946509 1.01137 1.01503 1.01522
 0.0904956 0.200761 0.214518 0.215295 0.215336
 0.295248 0.654997 0.69988 0.702413 0.702547
 0.290353 0.644138 0.688277 0.690768 0.6909
 0.992706 2.20228 2.35319 2.36171 2.36216
 0.43381 0.962391 1.02834 1.03206 1.03226
 0.303498 0.6733 0.719437 0.722041 0.722179
 0.137486 0.305008 0.325908 0.327087 0.32715
 0.241484 0.535723 0.572432 0.574504 0.574614
 0.414327 0.919168 0.982154 0.985709 0.985896
 0.374792 0.831463 0.888438 0.891654 0.891824
 0.250394 0.555489 0.593554 0.595702 0.595816
 0.287997 0.638912 0.682692 0.685163 0.685294
 0.160367 0.355767 0.380146 0.381522 0.381594
 0.170281 0.377761 0.403647 0.405108 0.405185
 0.146847 0.325775 0.348098 0.349358 0.349425
 0.108131 0.239884 0.256322 0.25725 0.257299
 0.151141 0.3353 0.358276 0.359573 0.359641
 0.12577 0.279017 0.298136 0.299215 0.299272
 0.0886892 0.196754 0.210236 0.210997 0.211037
 0.111242 0.246786 0.263697 0.264651 0.264701
 0.197827 0.438872 0.468945 0.470643 0.470732
 0.10718 0.237775 0.254068 0.254987 0.255036
 0.221782 0.492015 0.52573 0.527633 0.527733
YTP_r0W_actual
 159794 95445.9 67506.2 20806.5 12964.9
YTP_p0W_proyectada
 0 0 0 0 0
 0 0 0 0 0
 0 0 0 0 0
 0 0 0 0 0
 0 0 0 0 0
 0 0 0 0 0
CTP_r0_actual
 21192.8 5469.68 2804.58 664.321 367.798
CTP_p0_proyectada
 0 0 0 0 0
 0 0 0 0 0
 0 0 0 0 0
 0 0 0 0 0
 0 0 0 0 0
 0 0 0 0 0
Wmedp
 7.54 17.45 24.07 31.32 35.25
Frms_r0
 0.221782 0.492015 0.52573 0.527633 0.527733
Zrms_r0
 1.22178 1.49202 1.52573 1.52763 1.52773
nmprior
 7.29 8.9 8.7 0
nm_flota  nm_reclas  nm_pelaces    nm_pelaL
inf 12.956 14.9802 44.2308
cv_recla  cv_pelaces  cv_mph
0.372802 0.606889 0.609238
 ------------------------------------------------
Talla a la edad & desviaci?n 
 8 13.2811 15.8009 17.003 17.5766
 0.8 1.32811 1.58009 1.7003 1.75766
