years
 1991 1992 1993 1994 1995 1996 1997 1998 1999 2000 2001 2002 2003 2004 2005 2006 2007 2008 2009 2010 2011 2012 2013 2014 2015 2016 2017 2018 2019 2020 2021 2022 2023
reclasobs
 0 0 0 0 0 0 0 0 0 252601 567819 844713 477998 351125 339783 2.1784e+06 2.13404e+06 4.81314e+06 1.55562e+06 2.62356e+06 3.21686e+06 3.843e+06 1.13348e+06 3.07943e+06 1.97215e+06 2.03268e+06 2.025e+06 2.42433e+06 2.27542e+06 1.05018e+06 2.36338e+06 3.18982e+06 1.53035e+06
reclaspred
 3.01876e+06 1.69955e+06 900335 968689 1.01747e+06 1.49374e+06 1.02269e+06 974404 729319 568783 636691 762581 607568 334849 670271 1.68278e+06 1.81421e+06 2.3511e+06 1.68411e+06 1.37998e+06 2.82569e+06 2.38515e+06 1.92771e+06 2.90039e+06 2.30067e+06 2.08429e+06 2.47115e+06 2.70926e+06 2.40863e+06 1.84856e+06 1.66265e+06 1.62419e+06 1.61662e+06
pelacesobs
 0 0 0 0 0 0 0 0 0 0 0 0 0 0 0 552880 188675 0 991730 2.46772e+06 1.41603e+06 1.21717e+06 2.29649e+06 1.80582e+06 0 1.4828e+06 1.56532e+06 1.57751e+06 1.42118e+06 867257 1.10002e+06 1.06204e+06 0
pelacespred
 1.71756e+06 1.085e+06 573310 504708 544909 832086 552349 615627 461125 346358 388067 400290 340782 192257 415458 869131 926866 1.31991e+06 1.01657e+06 734460 1.52207e+06 1.37453e+06 1.11177e+06 1.81718e+06 1.38703e+06 1.24679e+06 1.69901e+06 1.67992e+06 1.3401e+06 1.18397e+06 965013 929729 934309
mphobs
 0 0 0 0 0 0 0 0 0 0 0 0 498337 0 5186 125008 0 168611 109162 213762 579715 649985 157893 87575 83554 210694 70296 0 107559 103333 445601 22526 28222
mphpred
 449679 301597 151715 88520.8 106354 122118 153088 107434 97135.7 72146.5 51185.1 75152.2 82146.3 51040.6 24264.6 68190.2 205024 211312 207035 343252 404719 579804 102141 87175.6 125325 104996 92074.8 101876 142382 114104 76114.3 77080.8 52393.9
desembarqueobs
 494567 514787 250237 358949 120608 361735 552515 73892 212993 205616 52469 317467 293654 387597 252695 516296 358380 742168 942051 627588 828172 859565 418607 520667 417249 300574 415391 372974 316634 284311 391294 218835 356480
desembarquepred
 494570 513154 251090 358982 120613 361760 552587 73895.6 213035 205654 52470.6 317497 293829 388053 252682 516251 358389 742202 942012 627512 828216 859654 418658 520709 417250 300589 415407 372972 316626 284293 391329 218852 356497
Reclutas
 232375 120694 162605 261980 222777 329123 146842 79003.4 69632 92784.8 188028 197314 96866 56648.9 186422 773801 187720 544296 412097 400134 666453 771755 161339 503807 482658 197695 466050 553649 217388 202761 246496 139409 352411
log_desv_Rt
 -0.0116805 -0.666775 -0.368707 0.108235 -0.0538597 0.3364 -0.470674 -1.09054 -1.21681 -0.929748 -0.223438 -0.175236 -0.886702 -1.42316 -0.232017 1.19128 -0.225079 0.839461 0.561226 0.531767 1.04194 1.18864 -0.376526 0.762162 0.719278 -0.173307 0.684262 0.856499 -0.0783456 -0.148004 0.0473148 -0.522622 0.404765
SSB
 4.33059e+06 2.9045e+06 1.46107e+06 852492 1.02423e+06 1.17605e+06 1.4743e+06 1.03464e+06 935457 694800 492934 723747 760231 482812 227337 639954 1.97447e+06 2.03502e+06 2.05066e+06 1.42068e+06 1.71322e+06 2.55327e+06 2.47455e+06 2.04178e+06 2.76978e+06 2.44932e+06 2.03537e+06 2.17648e+06 3.14244e+06 2.38438e+06 1.78659e+06 1.85686e+06 1.17356e+06
BT
 5.72536e+06 3.86209e+06 2.02521e+06 1.859e+06 1.77535e+06 2.87061e+06 2.21224e+06 1.95935e+06 1.63612e+06 1.26673e+06 1.24305e+06 1.50376e+06 1.31782e+06 1.00004e+06 1.53233e+06 3.10826e+06 3.13686e+06 4.71349e+06 4.09244e+06 2.84298e+06 5.35374e+06 5.05851e+06 3.79406e+06 6.0814e+06 4.67027e+06 4.10644e+06 5.65743e+06 5.53639e+06 4.39006e+06 3.92064e+06 3.33981e+06 3.04769e+06 3.1977e+06
Ftot
 0.105178 0.189177 0.182994 0.288695 0.087699 0.193629 0.363189 0.0546247 0.210872 0.260095 0.0713518 0.318167 0.336225 0.80775 0.384948 0.305124 0.14004 0.245478 0.417779 0.357383 0.243966 0.280909 0.147661 0.151455 0.134772 0.101848 0.140107 0.120098 0.087615 0.107641 0.179734 0.0943756 0.186448
BD_Bspro_t
 0.983423 0.883378 0.759396 0.702206 0.71466 0.775527 0.757257 0.645061 0.703857 0.680066 0.665236 0.803391 0.707045 0.555368 0.381761 0.625326 0.759626 0.744713 0.702611 0.598777 0.603235 0.682248 0.698636 0.693825 0.777539 0.796111 0.801166 0.826073 0.864109 0.832413 0.805178 0.798257 0.796064
BD_Bspro
 2.55677 1.71481 0.862615 0.503309 0.604705 0.694334 0.870422 0.610848 0.552291 0.410208 0.291027 0.427298 0.448838 0.285051 0.134219 0.377827 1.16572 1.20147 1.21071 0.838764 1.01148 1.50745 1.46097 1.20546 1.63527 1.44607 1.20168 1.28499 1.85529 1.40773 1.05479 1.09629 0.692869
BD_Bo
 2.45711 1.64797 0.828991 0.48369 0.581134 0.66727 0.836494 0.587038 0.530764 0.394219 0.279683 0.410643 0.431343 0.27394 0.128988 0.3631 1.12028 1.15464 1.16351 0.80607 0.972054 1.44869 1.40402 1.15847 1.57153 1.3897 1.15484 1.2349 1.78297 1.35286 1.01368 1.05355 0.665861
BD_Brms
 2.63184 1.76516 0.887942 0.518086 0.622459 0.71472 0.895978 0.628783 0.568507 0.422252 0.299572 0.439844 0.462016 0.29342 0.13816 0.38892 1.19995 1.23675 1.24625 0.863391 1.04118 1.5517 1.50386 1.24085 1.68328 1.48853 1.23696 1.32271 1.90976 1.44906 1.08576 1.12847 0.713212
Sel_flota
 0.490124 0.94809 0.997127 0.999848 0.999992
 0.490124 0.94809 0.997127 0.999848 0.999992
 0.490124 0.94809 0.997127 0.999848 0.999992
 0.490124 0.94809 0.997127 0.999848 0.999992
 0.490124 0.94809 0.997127 0.999848 0.999992
 0.490124 0.94809 0.997127 0.999848 0.999992
 0.490124 0.94809 0.997127 0.999848 0.999992
 0.490124 0.94809 0.997127 0.999848 0.999992
 0.490124 0.94809 0.997127 0.999848 0.999992
 0.490124 0.94809 0.997127 0.999848 0.999992
 0.490124 0.94809 0.997127 0.999848 0.999992
 0.490124 0.94809 0.997127 0.999848 0.999992
 0.490124 0.94809 0.997127 0.999848 0.999992
 0.490124 0.94809 0.997127 0.999848 0.999992
 0.490124 0.94809 0.997127 0.999848 0.999992
 0.490124 0.94809 0.997127 0.999848 0.999992
 0.490124 0.94809 0.997127 0.999848 0.999992
 0.490124 0.94809 0.997127 0.999848 0.999992
 0.490124 0.94809 0.997127 0.999848 0.999992
 0.490124 0.94809 0.997127 0.999848 0.999992
 0.490124 0.94809 0.997127 0.999848 0.999992
 0.490124 0.94809 0.997127 0.999848 0.999992
 0.490124 0.94809 0.997127 0.999848 0.999992
 0.490124 0.94809 0.997127 0.999848 0.999992
 0.490124 0.94809 0.997127 0.999848 0.999992
 0.490124 0.94809 0.997127 0.999848 0.999992
 0.490124 0.94809 0.997127 0.999848 0.999992
 0.490124 0.94809 0.997127 0.999848 0.999992
 0.490124 0.94809 0.997127 0.999848 0.999992
 0.490124 0.94809 0.997127 0.999848 0.999992
 0.490124 0.94809 0.997127 0.999848 0.999992
 0.490124 0.94809 0.997127 0.999848 0.999992
 0.490124 0.94809 0.997127 0.999848 0.999992
Sel_reclas
 1 1 1 1 1
 1 1 1 1 1
 1 1 1 1 1
 1 1 1 1 1
 1 1 1 1 1
 1 1 1 1 1
 1 1 1 1 1
 1 1 1 1 1
 1 1 1 1 1
 1 1 1 1 1
 1 1 1 1 1
 1 1 1 1 1
 1 1 1 1 1
 1 1 1 1 1
 1 1 1 1 1
 1 1 1 1 1
 1 1 1 1 1
 1 1 1 1 1
 1 1 1 1 1
 1 1 1 1 1
 1 1 1 1 1
 1 1 1 1 1
 1 1 1 1 1
 1 1 1 1 1
 1 1 1 1 1
 1 1 1 1 1
 1 1 1 1 1
 1 1 1 1 1
 1 1 1 1 1
 1 1 1 1 1
 1 1 1 1 1
 1 1 1 1 1
 1 1 1 1 1
Sel_pelaces
 1 1 1 1 1
 1 1 1 1 1
 1 1 1 1 1
 1 1 1 1 1
 1 1 1 1 1
 1 1 1 1 1
 1 1 1 1 1
 1 1 1 1 1
 1 1 1 1 1
 1 1 1 1 1
 1 1 1 1 1
 1 1 1 1 1
 1 1 1 1 1
 1 1 1 1 1
 1 1 1 1 1
 1 1 1 1 1
 1 1 1 1 1
 1 1 1 1 1
 1 1 1 1 1
 1 1 1 1 1
 1 1 1 1 1
 1 1 1 1 1
 1 1 1 1 1
 1 1 1 1 1
 1 1 1 1 1
 1 1 1 1 1
 1 1 1 1 1
 1 1 1 1 1
 1 1 1 1 1
 1 1 1 1 1
 1 1 1 1 1
 1 1 1 1 1
 1 1 1 1 1
pf_obs 
 0.8446 0.082 0.0669 0.0065 0
 0.8095 0.147 0.0364 0.0071 0
 0.9664 0.0169 0.016 0.0007 0
 0.9276 0.0648 0.0075 0.0001 0
 0.7033 0.2144 0.0806 0.0017 0
 0.9318 0.0425 0.0243 0.0014 0
 0.5671 0.3108 0.0964 0.0239 0.0018
 0.0768 0.2599 0.5324 0.112 0.0189
 0.490249 0.384438 0.106611 0.0170017 0.00170017
 0.7925 0.1577 0.0466 0.003 0.0002
 0.840416 0.127587 0.0312969 0.00059994 9.999e-05
 0.8084 0.0986 0.0794 0.0134 0.0002
 0.7335 0.1905 0.0724 0.0035 0.0001
 0.4001 0.4547 0.1325 0.0127 0
 0.49795 0.308269 0.164784 0.0264974 0.00249975
 0.9179 0.0499 0.0305 0.0017 0
 0.2467 0.6533 0.0926 0.0074 0
 0.9418 0.0223 0.034 0.0019 0
 0.707729 0.231977 0.0356964 0.0245975 0
 0.517169 0.277429 0.184464 0.0207286 0.00020938
 0.811772 0.124168 0.05621 0.00726502 0.000585176
 0.764997 0.148141 0.077277 0.00933861 0.000247198
 0.163321 0.427699 0.378323 0.0303852 0.000271297
 0.753843 0.0900009 0.118128 0.0371064 0.000921714
 0.721811 0.176058 0.0630433 0.0369309 0.00215725
 0.143369 0.312575 0.442814 0.0836902 0.0175525
 0.692698 0.0596174 0.167031 0.0765114 0.00414204
 0.394062 0.376323 0.152708 0.0712218 0.00568511
 0.125707 0.32114 0.495352 0.0537591 0.00404204
 0.23352 0.215282 0.420074 0.123614 0.00750983
 0.796117 0.104755 0.0508955 0.0450114 0.00322123
 0.162477 0.292055 0.404252 0.121198 0.0200186
 0 0 0 0 0
pf_pred 
 0.30991 0.114257 0.548081 0.0277522 1.01421e-06
 0.272648 0.342485 0.0664844 0.303078 0.0153046
 0.47947 0.223078 0.144204 0.0265368 0.126711
 0.628833 0.240786 0.0576355 0.0353214 0.0374231
 0.520356 0.371784 0.0713879 0.0161514 0.0203213
 0.602544 0.268167 0.101357 0.0185045 0.00942753
 0.356043 0.483418 0.110215 0.039477 0.0108469
 0.327326 0.358607 0.239222 0.0514354 0.0234095
 0.389757 0.294592 0.172209 0.10933 0.0341126
 0.550703 0.252783 0.0975926 0.0540413 0.0448801
 0.700406 0.213606 0.0495802 0.0181089 0.0182989
 0.569537 0.351828 0.056881 0.0125575 0.00919558
 0.38489 0.448909 0.137263 0.0209512 0.00798681
 0.386129 0.347046 0.197795 0.0570428 0.0119871
 0.816188 0.110777 0.0426209 0.0225695 0.00784482
 0.870643 0.116867 0.00770777 0.00279405 0.0019873
 0.274602 0.675618 0.0452205 0.00281743 0.00174221
 0.658205 0.144127 0.184749 0.0117386 0.00118021
 0.507907 0.392491 0.0433552 0.0525811 0.0036657
 0.55034 0.307937 0.114441 0.0118975 0.0153841
 0.676775 0.231975 0.0636442 0.0223055 0.00529994
 0.609402 0.315532 0.0547164 0.0142058 0.00614309
 0.208182 0.600631 0.156108 0.0255918 0.00948804
 0.621441 0.128044 0.192412 0.0474673 0.010636
 0.532388 0.357984 0.0383901 0.0547516 0.0164862
 0.30125 0.480599 0.169075 0.0172175 0.0318587
 0.618584 0.173023 0.145611 0.0486889 0.0140923
 0.58211 0.318279 0.0464928 0.0371478 0.0159709
 0.3024 0.508238 0.146014 0.0202629 0.0230853
 0.387617 0.27761 0.247235 0.0675416 0.0199953
 0.507334 0.272412 0.102678 0.0868955 0.0306804
 0.372253 0.421312 0.116923 0.0417935 0.0477178
 0.672523 0.174581 0.10435 0.0275295 0.021016
pobs_RECLAS
 0 0 0 0 0
 0 0 0 0 0
 0 0 0 0 0
 0 0 0 0 0
 0 0 0 0 0
 0 0 0 0 0
 0 0 0 0 0
 0 0 0 0 0
 0 0 0 0 0
 0 0 0 0 0
 0.991045 0.00858322 0.000360255 1.14367e-05 0
 0.934742 0.0480273 0.0164251 0.00080598 0
 0.827803 0.169806 0.00239088 0 0
 0.941827 0.0461693 0.0120037 0 0
 0.791401 0.0380133 0.147996 0.0225897 0
 0.846168 0.0940531 0.0597789 0 0
 0.134021 0.677848 0.182769 0.00536245 0
 0.80878 0.0450904 0.141981 0.00414843 0
 0.846168 0.0940531 0.0597789 0 0
 0.905697 0.0802665 0.012482 0.00150086 5.37128e-05
 0.989698 0.0102097 9.19794e-05 0 0
 0.975433 0.0193895 0.00387452 0.00125025 5.28907e-05
 0.303575 0.632131 0.0575291 0.00676475 0
 0.966965 0.00978017 0.0227588 0.000495775 0
 0.843318 0.132988 0.00938335 0.0141283 0.000182051
 0.564624 0.303363 0.111486 0.0197234 0.00080311
 0.826376 0.0876187 0.0782897 0.00655872 0.00115652
 0.89761 0.0855135 0.0140674 0.00269457 0.000114338
 0.34875 0.467042 0.161289 0.0227151 0.000203297
 0.318654 0.224769 0.449479 0.00709798 0
 0.937255 0.0296025 0.0250945 0.00804832 0
 0.456809 0.399803 0.12412 0.0192676 0
 0.883104 0.0372192 0.0704036 0.00927362 0
ppred_RECLAS
 0.476488 0.0904304 0.412264 0.0208177 7.60679e-07
 0.429132 0.276439 0.0509787 0.231749 0.011701
 0.649122 0.154923 0.0951401 0.0174594 0.0833553
 0.771794 0.150804 0.0342713 0.020944 0.0221869
 0.680519 0.250479 0.0457128 0.0103141 0.0129751
 0.750394 0.171232 0.0614796 0.0111931 0.00570173
 0.524296 0.36179 0.078276 0.0279575 0.00768058
 0.491313 0.27767 0.17608 0.0377557 0.017181
 0.561549 0.217436 0.120733 0.0764362 0.0238459
 0.710482 0.166663 0.0611004 0.0337394 0.0280157
 0.821488 0.129152 0.0284946 0.010379 0.0104864
 0.723875 0.227828 0.0349642 0.00769726 0.00563569
 0.554891 0.329411 0.0956007 0.0145509 0.00554614
 0.566424 0.251149 0.135339 0.0389125 0.00817588
 0.899329 0.0619584 0.0226185 0.0119434 0.00415073
 0.92991 0.0636403 0.00398459 0.00144035 0.00102431
 0.424971 0.537413 0.0341794 0.00212366 0.00131301
 0.79503 0.0890316 0.108381 0.00686711 0.000690326
 0.673126 0.263536 0.0276147 0.0333955 0.00232782
 0.709904 0.201944 0.0712232 0.0073835 0.00954587
 0.805968 0.141294 0.0368145 0.0128665 0.00305671
 0.755299 0.199641 0.0328704 0.00851009 0.00367952
 0.341234 0.505849 0.124923 0.020423 0.00757063
 0.767759 0.0812665 0.116033 0.0285459 0.00639539
 0.691512 0.23905 0.0243601 0.0346464 0.0104309
 0.459671 0.377556 0.126236 0.0128197 0.0237177
 0.764431 0.109899 0.0878837 0.0293051 0.00848069
 0.732701 0.206094 0.0286094 0.0227961 0.00979925
 0.460356 0.398585 0.108838 0.0150624 0.017158
 0.558404 0.205851 0.174229 0.0474662 0.01405
 0.672599 0.185289 0.0663491 0.0559951 0.0197674
 0.539375 0.314394 0.0829257 0.02956 0.0337453
 0.803978 0.107044 0.0607817 0.0159909 0.0122056
pobs_PELACES
 0 0 0 0 0
 0 0 0 0 0
 0 0 0 0 0
 0 0 0 0 0
 0 0 0 0 0
 0 0 0 0 0
 0 0 0 0 0
 0 0 0 0 0
 0 0 0 0 0
 0 0 0 0 0
 0 0 0 0 0
 0 0 0 0 0
 0 0 0 0 0
 0 0 0 0 0
 0 0 0 0 0
 0 0 0 0 0
 0.505614 0.472636 0.0217494 0 0
 0 0 0 0 0
 0.443492 0.261883 0.143347 0.151278 0
 0.227955 0.32914 0.350689 0.0885471 0.00366901
 0.970185 0.0296113 0.000203453 0 0
 0.997202 0.00247181 0.000326279 0 0
 0.445219 0.490057 0.0546422 0.010081 0
 0.90214 0.0892962 0.00764917 0.000914606 0
 0 0 0 0 0
 0.581667 0.319106 0.0959925 0.00289975 0.000334073
 0.762889 0.0836404 0.116647 0.0363945 0.000428098
 0.88444 0.0763242 0.0277011 0.0115352 0
 0.521256 0.241999 0.230069 0.00667565 0
 0.616807 0.101726 0.260614 0.0208532 0
 0.833518 0.0704572 0.0857862 0.0102388 0
 0.697417 0.212968 0.0787535 0.0105354 0.000325836
 0 0 0 0 0
ppred_PELACES
 0.480806 0.089811 0.408744 0.020638 7.5411e-07
 0.436556 0.273295 0.0502448 0.228374 0.0115305
 0.655779 0.152243 0.0932176 0.0171038 0.0816568
 0.779668 0.145839 0.0329884 0.0201547 0.0213506
 0.683462 0.248249 0.0452417 0.010207 0.0128403
 0.756018 0.16754 0.0599659 0.0109156 0.00556033
 0.538319 0.351627 0.0756313 0.0270041 0.00741853
 0.493478 0.276601 0.175247 0.0375752 0.0170989
 0.569811 0.213715 0.118262 0.074858 0.0233533
 0.718871 0.162131 0.0591892 0.0326765 0.0271327
 0.823112 0.128019 0.0282121 0.0102754 0.0103817
 0.73356 0.220037 0.0335952 0.00739377 0.00541339
 0.567753 0.320348 0.0924661 0.0140696 0.00536259
 0.597463 0.234469 0.12471 0.0358304 0.007528
 0.904686 0.0588049 0.021334 0.0112612 0.00391358
 0.932886 0.0609668 0.00379839 0.00137266 0.000976163
 0.430187 0.532617 0.0337977 0.00209968 0.00129818
 0.801368 0.0864731 0.104849 0.00664186 0.000667675
 0.687153 0.252567 0.026287 0.0317779 0.00221503
 0.721256 0.194386 0.0681622 0.0070639 0.00913252
 0.811835 0.137171 0.0355993 0.0124391 0.00295513
 0.763213 0.193348 0.0316898 0.00820238 0.00354643
 0.346395 0.502167 0.123718 0.0202233 0.00749655
 0.772099 0.0798765 0.11377 0.0279852 0.00626972
 0.695948 0.235733 0.0239697 0.0340871 0.0102624
 0.463621 0.374984 0.12517 0.0127103 0.0235151
 0.768442 0.108161 0.0862979 0.0287727 0.00832656
 0.73633 0.203389 0.0281791 0.0224508 0.00965078
 0.463741 0.396234 0.108043 0.0149512 0.0170312
 0.562644 0.204067 0.172418 0.0469684 0.0139026
 0.678836 0.181996 0.0649806 0.0548313 0.0193564
 0.54304 0.312047 0.0821811 0.0292921 0.0334393
 0.808597 0.104667 0.0592533 0.0155862 0.0118966
pobs_pel_tallas
 0 0 0 0 0 0 0 0 0 0 0 0 0 0 0 0 0 0 0 0 0 0 0 0 0 0
 0 0 0 0 0 0 0 0 0 0 0 0 0 0 0 0 0 0 0 0 0 0 0 0 0 0
 0 0 0 0 0 0 0 0 0 0 0 0 0 0 0 0 0 0 0 0 0 0 0 0 0 0
 0 0 0 0 0 0 0 0 0 0 0 0 0 0 0 0 0 0 0 0 0 0 0 0 0 0
 0 0 0 0 0 0 0 0 0 0 0 0 0 0 0 0 0 0 0 0 0 0 0 0 0 0
 0 0 0 0 0 0 0 0 0 0 0 0 0 0 0 0 0 0 0 0 0 0 0 0 0 0
 0 0 0 0 0 0 0 0 0 0 0 0 0 0 0 0 0 0 0 0 0 0 0 0 0 0
 0 0 0 0 0 0 0 0 0 0 0 0 0 0 0 0 0 0 0 0 0 0 0 0 0 0
 0 0 0 0 0 0 0 0 0 0 0 0 0 0 0 0 0 0 0 0 0 0 0 0 0 0
 0 0 0 0 0 0 0 0 0 0 0 0 0 0 0 0 0 0 0 0 0 0 0 0 0 0
 0 0 0 0 0 0 0 0 0 0 0 0 0 0 0 0 0 0 0 0 0 0 0 0 0 0
 0 0 0 0 0 0 0 0 0 0 0 0 0 0 0 0 0 0 0 0 0 0 0 0 0 0
 0.00862536 0 0 0.000197151 0.00414017 0.0128641 0.00837892 0.0270097 0.101434 0.158115 0.152841 0.127902 0.109271 0.109419 0.0830992 0.0579132 0.0238553 0.00714673 0.00463305 0.00128148 0.00103504 0.000492878 0.000147863 0.000147863 4.92878e-05 0
 0 0 0 0 0 0 0 0 0 0 0 0 0 0 0 0 0 0 0 0 0 0 0 0 0 0
 0 0 0 0 0 0 0 0.0054083 0.00873648 0.0413646 0.0450493 0.0745869 0.0622846 0.0627006 0.0613931 0.0827291 0.12552 0.122667 0.0946155 0.0697135 0.0546179 0.0294188 0.0215738 0.0213955 0.0102223 0.00600262
 0 0 0 0 0.00359764 0.0251062 0.0480494 0.140153 0.205849 0.193036 0.1447 0.116669 0.0760912 0.0342217 0.00950174 0.001854 0.000860785 0 0 0 0.000165536 0 0.000143464 0 0 0
 0 0 0 0 0 0 0 0.000145254 0.000435761 0.0275982 0.070085 0.0708112 0.156366 0.174668 0.174014 0.160142 0.0824315 0.0480064 0.0283245 0.00493863 0.00203355 0 0 0 0 0
 0 0 0 0 0 0 0 0 0 0 0 0 0 0 0 0 0 0 0 0 0 0 0 0 0 0
 0 0 1.00437e-05 0.000401748 0.00122533 0.00171747 0.00176769 0.0269171 0.070346 0.194647 0.189555 0.159765 0.064822 0.0314167 0.0384472 0.0292271 0.0345202 0.0313363 0.0194345 0.0106764 0.0143323 0.0359363 0.0279516 0.0138201 0.00172751 0
 0 0.0021121 0.0136068 0.0755702 0.200478 0.177729 0.0527432 0.0373336 0.0318909 0.0142505 0.0149659 0.0166563 0.0217959 0.0798694 0.0677717 0.0528807 0.04013 0.0224614 0.0357745 0.0225083 0.00881397 0.00855152 0.00135912 0.000746735 0 0
 0 0 0 0 5.4009e-05 0.00500934 0.000945158 0.0243581 0.138947 0.33067 0.221406 0.137944 0.0707744 0.0437923 0.0131692 0.00525238 0.0047753 0.00276346 9.45158e-05 9.00151e-06 2.25038e-05 9.00151e-06 4.50075e-06 0 0 0
 0.000866109 0.00284123 0.00948549 0.0512746 0.133035 0.25785 0.225252 0.132002 0.0553304 0.0519788 0.0540692 0.017754 0.00435017 0.00159236 0.00146478 0.000404838 0.000125132 0.000115318 0.000107957 0.000100596 0 0 0 0 0 0
 0 0 0 0 0.00144013 0.00171154 0.00461396 0.0210425 0.0478622 0.0707936 0.0888783 0.103762 0.0637923 0.0337046 0.0602308 0.124433 0.169614 0.0934646 0.0462172 0.0250306 0.0313229 0.00938855 0.002487 0.000210481 0 0
 0 0.00764035 0.051015 0.0998891 0.058973 0.0496711 0.0374665 0.0718981 0.12319 0.153886 0.159021 0.0857701 0.0377988 0.023471 0.0147837 0.00900784 0.00315554 0.000888139 0.00291439 0.00214683 0.00393193 0.00274676 0.000635225 9.99891e-05 0 0
 0 0 0 0 0 0 0 0 0 0 0 0 0 0 0 0 0 0 0 0 0 0 0 0 0 0
 0 0 0 0 0 0 0 0 0 0 0 0 0 0 0 0 0 0 0 0 0 0 0 0 0 0
 0 0 0 0 0 0 0 0 0 0 0 0 0 0 0 0 0 0 0 0 0 0 0 0 0 0
 0 0 0 0 0 0 0 0 0 0 0 0 0 0 0 0 0 0 0 0 0 0 0 0 0 0
 0 0 0 0 0 0 0 0 0 0 0 0 0 0 0 0 0 0 0 0 0 0 0 0 0 0
 0 0 0 0 0 0 0 0 0 0 0 0 0 0 0 0 0 0 0 0 0 0 0 0 0 0
 0 0 0 0 0 0 0 0 0 0 0 0 0 0 0 0 0 0 0 0 0 0 0 0 0 0
 0 0 0 0 0 0 0 0 0 0 0 0 0 0 0 0 0 0 0 0 0 0 0 0 0 0
 0 0 0 0 0 0 0 0 0 0 0 0 0 0 0 0 0 0 0 0 0 0 0 0 0 0
ppred_pel_tallas
 1.13889e-16 3.96034e-05 0.000384959 0.00255819 0.0116292 0.0361827 0.0770914 0.112519 0.112528 0.077137 0.0363376 0.0120844 0.00373054 0.00304192 0.00537134 0.00956031 0.0154934 0.023065 0.0320557 0.0421456 0.0527183 0.0625417 0.0697313 0.0723083 0.0691359 0.0606082
 1.26374e-16 3.59586e-05 0.00034953 0.00232275 0.0105589 0.0328528 0.0699974 0.102169 0.102195 0.0701267 0.0332871 0.0118147 0.00548105 0.00726517 0.013236 0.0220112 0.0321789 0.0415601 0.0480684 0.051019 0.0516424 0.0522255 0.0544888 0.0584383 0.0624352 0.0642399
 1.18263e-16 5.40157e-05 0.000525051 0.00348915 0.0158612 0.0493501 0.105146 0.153467 0.153482 0.105219 0.0495936 0.0165662 0.00526562 0.00442558 0.00752916 0.012542 0.0184961 0.0242024 0.0285135 0.0309907 0.032173 0.033137 0.0346888 0.036826 0.0388077 0.0396492
 1.06624e-16 6.42202e-05 0.000624244 0.00414832 0.0188577 0.0586733 0.12501 0.182459 0.182473 0.125079 0.0589045 0.0195259 0.00582725 0.00429462 0.00705095 0.0115987 0.0168098 0.0213783 0.0240333 0.0242292 0.0224791 0.0199933 0.0179083 0.0167054 0.0161622 0.0157106
 1.04566e-16 5.62959e-05 0.000547216 0.00363644 0.0165308 0.0514335 0.109585 0.159948 0.159972 0.109702 0.0518264 0.017666 0.00648694 0.00677303 0.0118897 0.0195921 0.0282779 0.0356904 0.0395691 0.03888 0.0344243 0.0282722 0.022493 0.0181746 0.0153011 0.0132716
 1.0381e-16 6.22722e-05 0.000605308 0.00402249 0.0182857 0.0568935 0.121218 0.176925 0.176941 0.121298 0.0571597 0.0190552 0.00595694 0.00483769 0.00812811 0.0134115 0.0194838 0.0248576 0.0280514 0.028371 0.0262867 0.0230421 0.0198295 0.0171983 0.01505 0.013029
 1.06237e-16 4.43407e-05 0.000431008 0.0028642 0.0130203 0.040511 0.0863143 0.125985 0.126019 0.0864801 0.041068 0.0146297 0.00690642 0.00926294 0.0168408 0.0278318 0.0402328 0.0509015 0.0566604 0.056048 0.0501658 0.0418689 0.0339806 0.0279384 0.0236642 0.02033
 1.1179e-16 4.06472e-05 0.000395106 0.00262562 0.0119357 0.0371365 0.0791242 0.11549 0.115517 0.0792557 0.0375786 0.0132154 0.00584872 0.00746731 0.0135784 0.0226624 0.0332961 0.0432456 0.0502304 0.0531694 0.0527117 0.0505429 0.0480776 0.0456452 0.0426837 0.0385268
 1.14927e-16 4.69346e-05 0.000456221 0.00303175 0.0137819 0.0428808 0.0913628 0.133351 0.133372 0.0914643 0.0432222 0.0147702 0.00552079 0.00591779 0.0105029 0.0175115 0.0257532 0.0335298 0.0391555 0.0419136 0.0424464 0.0421643 0.0421558 0.0424919 0.0423723 0.0408242
 1.09619e-16 5.92125e-05 0.000575566 0.00382484 0.0173872 0.0540981 0.115262 0.168232 0.168248 0.115339 0.0543559 0.018133 0.00570049 0.00468246 0.00789595 0.0130592 0.0190463 0.024473 0.027985 0.0290069 0.0280815 0.026448 0.0251949 0.0246584 0.0244329 0.0238206
 1.03635e-16 6.77986e-05 0.000659027 0.00437947 0.0199084 0.0619426 0.131976 0.192625 0.192637 0.132036 0.0621454 0.0204946 0.00585185 0.00387665 0.00618889 0.0101517 0.0146836 0.0186093 0.0207835 0.0206924 0.0187553 0.0160224 0.0135157 0.0117285 0.0105777 0.00969167
 1.02684e-16 6.04224e-05 0.000587328 0.003903 0.0177425 0.0552036 0.117618 0.171671 0.171692 0.117721 0.0555516 0.0187478 0.00642676 0.0060975 0.0105275 0.0173147 0.0249512 0.0314082 0.0346588 0.033769 0.0294465 0.023548 0.0179551 0.0136975 0.0108292 0.00887121
 1.05069e-16 4.67652e-05 0.000454574 0.00302081 0.0137322 0.042726 0.0910335 0.132872 0.132903 0.0911847 0.0432342 0.0152008 0.00671079 0.0085217 0.0154024 0.0254798 0.0369106 0.0468542 0.052428 0.0522768 0.0473279 0.0400608 0.0329189 0.0271364 0.0226688 0.0188935
 1.08527e-16 4.92123e-05 0.000478361 0.00317888 0.0144507 0.0449617 0.0957965 0.139823 0.139845 0.0959078 0.0453357 0.0155328 0.00590253 0.00644892 0.0114615 0.0190622 0.0279058 0.0360418 0.0414968 0.0433451 0.0421824 0.0395447 0.0367788 0.0343027 0.0317178 0.0284493
 1.02423e-16 7.45178e-05 0.00072434 0.00481349 0.0218814 0.0680813 0.145055 0.211713 0.211718 0.145082 0.0681748 0.0221518 0.00549337 0.0022126 0.00291319 0.00473058 0.00688479 0.00882412 0.0100429 0.0103175 0.00982941 0.0090178 0.00828016 0.00776068 0.00735533 0.00686764
 1.00429e-16 7.68406e-05 0.000746918 0.00496353 0.0225635 0.0702035 0.149576 0.218312 0.218318 0.149605 0.0702997 0.0228414 0.00566075 0.00226774 0.00296162 0.00476531 0.00683565 0.00855102 0.00933598 0.00892851 0.00753528 0.0056974 0.00397434 0.00268895 0.00187921 0.0014122
 1.01542e-16 3.5434e-05 0.000344432 0.00228887 0.0104049 0.0323738 0.0689777 0.100686 0.100737 0.0692282 0.0332146 0.0128324 0.00837879 0.0136272 0.0252277 0.0415602 0.0596527 0.0745633 0.0812735 0.0774589 0.0648895 0.0482754 0.0325258 0.0205344 0.0127526 0.00815724
 1.03827e-16 6.60076e-05 0.000641618 0.00426378 0.0193825 0.0603062 0.128489 0.187535 0.187544 0.128531 0.060446 0.019788 0.00528851 0.00290145 0.00442456 0.00738371 0.0110328 0.0147096 0.017754 0.0198102 0.0209434 0.0214196 0.0213641 0.0206297 0.0189777 0.0163674
 1.04385e-16 5.66e-05 0.000550172 0.00365609 0.0166201 0.0517113 0.110177 0.160812 0.160836 0.110296 0.0521106 0.0177732 0.00655053 0.00686834 0.0120552 0.0198396 0.0285772 0.0359538 0.039662 0.0386692 0.0338449 0.0273761 0.0214444 0.0171872 0.0145493 0.0128223
 1.04271e-16 5.94089e-05 0.000577476 0.00383753 0.0174449 0.0542776 0.115645 0.168791 0.16881 0.115737 0.0545863 0.0183374 0.00608107 0.00548545 0.00941078 0.0155428 0.0225684 0.0287652 0.0324069 0.0326822 0.0301378 0.026228 0.0223598 0.0192015 0.0166674 0.01436
 1.02811e-16 6.68698e-05 0.000649999 0.00431947 0.0196357 0.061094 0.130168 0.189986 0.19 0.130232 0.0613115 0.0202643 0.00589871 0.00410215 0.00663692 0.0109027 0.0157853 0.0200328 0.0224153 0.0223671 0.0203068 0.0173179 0.0144565 0.0122372 0.0105987 0.00921419
 1.02387e-16 6.28649e-05 0.000611069 0.00406077 0.0184597 0.0574351 0.122372 0.17861 0.178628 0.122463 0.057741 0.0193434 0.00627928 0.00545537 0.00926688 0.0152306 0.0219579 0.0276631 0.0305688 0.0298553 0.0261392 0.021039 0.0161893 0.0124767 0.00993786 0.00815375
 1.06996e-16 2.85322e-05 0.000277343 0.00184304 0.00837824 0.0260681 0.0555426 0.0810762 0.0811247 0.0557795 0.0268639 0.0106779 0.00761956 0.0129008 0.0240414 0.0398011 0.0575668 0.0728798 0.0811881 0.0803598 0.0718933 0.0597801 0.0479957 0.0386115 0.0316332 0.0260689
 1.07172e-16 6.35968e-05 0.000618183 0.00410805 0.0186746 0.0581036 0.123796 0.180686 0.180694 0.123835 0.0582334 0.0190517 0.00506298 0.00273007 0.00415464 0.00697805 0.0105389 0.0142888 0.0176928 0.0204825 0.0227283 0.0246029 0.0260539 0.0267088 0.0261013 0.0240125
 1.05908e-16 5.73244e-05 0.000557213 0.00370288 0.0168328 0.0523731 0.111587 0.16287 0.162892 0.111698 0.0527458 0.0179093 0.00640506 0.00645635 0.0112622 0.0185338 0.0267126 0.0336484 0.0372087 0.0364576 0.0322357 0.0266023 0.0215856 0.0182012 0.0163124 0.0151522
 1.08963e-16 3.81879e-05 0.0003712 0.00246676 0.0112135 0.0348897 0.0743375 0.108505 0.108542 0.0745147 0.0354851 0.0129347 0.00679269 0.00983333 0.0180631 0.0299443 0.0434666 0.0553618 0.0623036 0.062738 0.0577477 0.050181 0.0427954 0.0369043 0.0323277 0.0282422
 1.06813e-16 6.32956e-05 0.000615255 0.00408859 0.0185861 0.0578284 0.12321 0.179831 0.179841 0.123262 0.058002 0.019089 0.00535667 0.00340317 0.00541615 0.00900674 0.0133288 0.0175233 0.0207507 0.0226228 0.023379 0.0235929 0.0236643 0.0235356 0.0228234 0.0211803
 1.0475e-16 6.06506e-05 0.000589545 0.00391774 0.0178095 0.055412 0.118062 0.172319 0.172338 0.118158 0.0557337 0.0187389 0.00625123 0.0056851 0.00974292 0.0160251 0.0231157 0.0291557 0.032304 0.0317406 0.0281637 0.0233134 0.0189079 0.0158155 0.0139459 0.0126947
 1.07601e-16 3.81978e-05 0.000371296 0.0024674 0.0112164 0.0348987 0.0743569 0.108534 0.108572 0.0745439 0.0355271 0.0130323 0.00702956 0.010344 0.0190177 0.0314833 0.0455915 0.0578409 0.0646709 0.0644233 0.0582818 0.0493639 0.0407396 0.0339539 0.0289196 0.0247815
 1.12091e-16 4.63443e-05 0.000450483 0.00299362 0.0136086 0.0423414 0.0902136 0.131674 0.131693 0.090311 0.0426691 0.0145581 0.00538874 0.00571783 0.0101643 0.0170302 0.0252331 0.0332163 0.0393976 0.0430263 0.0445145 0.0448927 0.0448705 0.0443288 0.0425861 0.0390738
 1.10697e-16 5.59148e-05 0.000543512 0.00361183 0.0164189 0.0510853 0.108843 0.158864 0.158881 0.108929 0.0513748 0.0172562 0.00571786 0.00515539 0.00885802 0.0146723 0.0214131 0.0275447 0.0315606 0.0328278 0.0319613 0.0303403 0.0291503 0.0287115 0.0285071 0.0277158
 1.11048e-16 4.47296e-05 0.000434787 0.00288932 0.0131344 0.0408662 0.087071 0.127089 0.127119 0.0872183 0.0413612 0.014565 0.00648386 0.00829404 0.0150078 0.024839 0.0360149 0.0458053 0.0514672 0.051777 0.0477524 0.0419011 0.0366145 0.032968 0.0306391 0.0286429
 1.05314e-16 6.66031e-05 0.000647405 0.00430224 0.0195574 0.0608502 0.129648 0.189228 0.189238 0.129698 0.0610173 0.0200409 0.00551978 0.00331767 0.0051744 0.00854506 0.01253 0.0162377 0.0188033 0.0198324 0.019603 0.0187984 0.0179969 0.01734 0.0165885 0.0154194
pSPR Fmed_Fpbrs
1   0.983609 0.6 0.325 0.983609 0.983609 0.983609
Fs Fmed_Fpbrs
0   0.01 0.351901 0.905699 0.01 0.01 0.01
SSBpbr Bo_Bmed_Bpbrs
1.76247e+06  1.67435e+06  1.64546e+06 969361 484680 1.64546e+06 1.64546e+06 1.64546e+06
Ro
235105
SPR SPRFo_SPRFmed_SPRFpbrs
1.69377e+06 1.69377e+06 1.66601e+06
Fref
0
Nvult_r0
 234088 33872 19399.8 5106.27 3897.65
CTP_r0
 19600.4 5088.11 3041.25 802.337 612.503
YTP_r0
356497
Np
 352411 129645 47693.6 17545.5 8829.15
Nvult_p0
 222766 81951 30148.1 11090.9 5581.09
CTP_p0
 0 0 0 0 0
 0 0 0 0 0
 0 0 0 0 0
 0 0 0 0 0
 0 0 0 0 0
 0 0 0 0 0
YTP_p0
 0 0 0 0 0 0
CBA_c0
0
log_Ro
12.1878
likeval ReclasPelacesDesembMPH_pf_preclas_ppelaces_ptallas_desvR_qrecl_qpela
 20.7813 0.000246498 0.118092 71.3615 240.013 138.937 108.655 0 21.6948 1.16967e-05 4.25298e-06 0.554749 2066.64 0 0
q_reclas_q_pelaces
0.616519 0.74703
M
1
N
 232375 45176.3 206487 10428.2 0.381051
 120694 81190.7 15042.1 68399 3453.51
 162605 40469 24964.2 4582.4 21877.7
 261980 54687.5 12516.4 7652.07 8106.36
 222777 83660.8 15301.1 3452.77 4343.6
 329123 78507 28321.6 5157.64 2627.32
 146842 110115 24037.4 8589.59 2359.82
 79003.4 45211.4 28708.5 6156.23 2801.46
 69632 28295.9 15792.9 10001.4 3120.19
 92784.8 23100.9 8523.2 4708.15 3909.51
 188028 30048.2 6641.09 2419.22 2444.26
 197314 66794.6 10331.1 2275.34 1665.97
 96866 62106.7 18173.6 2767.39 1054.83
 56648.9 30221 16611.3 4781.3 1004.65
 186422 14026.9 5169.2 2730.96 949.125
 773801 56789 3582.32 1295.47 921.301
 187720 245125 15643.5 972.158 601.07
 544296 64477.4 78964.3 5004.91 503.135
 412097 177537 18794.8 22742.2 1585.29
 400134 123531 43951.5 4558.53 5893.72
 666453 123549 32384 11321.8 2689.78
 771755 217543 36065.4 9340.86 4038.8
 161339 247395 61317.8 10026.5 3716.78
 503807 55209.4 79122 19469.2 4361.9
 482658 172080 17593.7 25027.4 7534.97
 197695 166210 55711.5 5658.48 10468.8
 466050 69186.5 55517.2 18515.9 5358.43
 553649 160072 22286.3 17760.7 7634.78
 217388 192033 52549.7 7273.37 8285.33
 202761 76611.2 65013.8 17714.7 5243.62
 246496 70758.3 25449.3 21483.1 7584.09
 139409 83034.3 21952.2 7826.16 8934.3
 352411 48967.3 27932.1 7350.45 5610.58
pred_Ctot
 7411.53 2732.46 13107.4 663.697 0.024255
 6807.28 8550.91 1659.93 7567.02 382.115
 8882.42 4132.63 2671.46 491.608 2347.39
 22103.9 8463.79 2025.92 1241.57 1315.45
 5945.65 4248.05 815.688 184.548 232.194
 18982.8 8448.46 3193.19 582.975 297.009
 15357.3 20851.4 4753.96 1702.77 467.861
 1322.19 1448.54 966.3 207.766 94.5593
 4358.66 3294.43 1925.81 1222.63 381.482
 7093.34 3255.97 1257.04 696.08 578.079
 4096.44 1249.31 289.978 105.913 107.024
 18240 11267.7 1821.67 402.167 294.498
 9428.77 10997.1 3362.56 513.248 195.655
 12088.3 10864.7 6192.22 1785.8 375.273
 20576.1 2792.67 1074.47 568.977 197.768
 68777.4 9232.06 608.883 220.719 156.989
 7915.71 19475.4 1303.53 81.2156 50.2212
 39387.7 8624.7 11055.6 702.448 70.625
 49045 37900.1 4186.51 5077.39 353.971
 41225.9 23067.5 8572.81 891.238 1152.42
 47944.9 16433.9 4508.75 1580.2 375.464
 63457.2 32856.5 5697.64 1479.25 639.682
 7162.43 20664.5 5370.85 880.48 326.433
 22923.1 4723.15 7097.51 1750.93 392.332
 19607.8 13184.5 1413.9 2016.5 607.187
 6109.9 9747.42 3429.16 349.202 646.152
 19661.3 5499.42 4628.16 1547.54 447.913
 20102.5 10991.4 1605.57 1282.86 551.536
 5796.38 9741.86 2798.79 388.397 442.497
 6615.16 4737.76 4219.37 1152.68 341.243
 13233.9 7105.88 2678.37 2266.68 800.301
 3998.47 4525.43 1255.9 448.915 512.55
 19600.4 5088.11 3041.25 802.337 612.503
F
 0.0515505 0.0997185 0.104876 0.105162 0.105178
 0.0927201 0.179356 0.188633 0.189148 0.189175
 0.0896896 0.173494 0.182468 0.182966 0.182992
 0.141497 0.273709 0.287866 0.288651 0.288693
 0.0429834 0.0831465 0.087447 0.0876857 0.0876983
 0.0949022 0.183578 0.193073 0.1936 0.193627
 0.178008 0.344336 0.362146 0.363134 0.363186
 0.0267729 0.0517891 0.0544677 0.0546164 0.0546243
 0.103353 0.199925 0.210266 0.21084 0.21087
 0.127479 0.246594 0.259348 0.260056 0.260093
 0.0349712 0.0676479 0.0711467 0.0713409 0.0713512
 0.155941 0.301651 0.317253 0.318119 0.318164
 0.164792 0.318771 0.335259 0.336174 0.336222
 0.395898 0.76582 0.805429 0.807628 0.807744
 0.188672 0.364965 0.383842 0.38489 0.384945
 0.149549 0.289285 0.304247 0.305078 0.305122
 0.0686371 0.132771 0.139638 0.140019 0.140039
 0.120315 0.232736 0.244773 0.245441 0.245477
 0.204764 0.396092 0.416579 0.417716 0.417776
 0.175162 0.338831 0.356356 0.357329 0.35738
 0.119574 0.231302 0.243265 0.243929 0.243964
 0.13768 0.266327 0.280102 0.280867 0.280907
 0.0723721 0.139996 0.147236 0.147638 0.147659
 0.0742319 0.143593 0.15102 0.151432 0.151454
 0.0660551 0.127776 0.134385 0.134752 0.134771
 0.0499182 0.0965611 0.101555 0.101833 0.101847
 0.0686697 0.132834 0.139704 0.140085 0.140106
 0.058863 0.113864 0.119753 0.12008 0.120097
 0.0429422 0.0830669 0.0873633 0.0876017 0.0876143
 0.0527577 0.102054 0.107332 0.107625 0.107641
 0.0880919 0.170404 0.179217 0.179707 0.179732
 0.0462557 0.0894765 0.0941044 0.0943612 0.0943748
 0.0913826 0.176769 0.185912 0.186419 0.186446
YTP_r0W_actual
 147787 88787.5 73202.8 25129.2 21590.7
YTP_p0W_proyectada
 0 0 0 0 0
 0 0 0 0 0
 0 0 0 0 0
 0 0 0 0 0
 0 0 0 0 0
 0 0 0 0 0
CTP_r0_actual
 19600.4 5088.11 3041.25 802.337 612.503
CTP_p0_proyectada
 0 0 0 0 0
 0 0 0 0 0
 0 0 0 0 0
 0 0 0 0 0
 0 0 0 0 0
 0 0 0 0 0
Wmedp
 7.54 17.45 24.07 31.32 35.25
Frms_r0
 0.0913826 0.176769 0.185912 0.186419 0.186446
Zrms_r0
 1.09138 1.17677 1.18591 1.18642 1.18645
nmprior
 7.29 8.9 8.7 0
nm_flota  nm_reclas  nm_pelaces    nm_pelaL
inf 11.4237 15.6416 46.9888
cv_recla  cv_pelaces  cv_mph
0.394791 0.573292 0.677313
 ------------------------------------------------
Talla a la edad & desviaci?n 
 8 13.2811 15.8009 17.003 17.5766
 0.8 1.32811 1.58009 1.7003 1.75766
