years
 1991 1992 1993 1994 1995 1996 1997 1998 1999 2000 2001 2002 2003 2004 2005 2006 2007 2008 2009 2010 2011 2012 2013 2014 2015 2016 2017 2018 2019 2020 2021 2022 2023
reclasobs
 0 0 0 0 0 0 0 0 0 252601 567819 844713 477998 351125 339783 2.1784e+06 2.13404e+06 4.81314e+06 1.55562e+06 2.62356e+06 3.21686e+06 3.843e+06 1.13348e+06 3.07943e+06 1.97215e+06 2.03268e+06 2.025e+06 2.42433e+06 2.27542e+06 1.05018e+06 2.36338e+06 3.18982e+06 1.53035e+06
reclaspred
 2.97636e+06 1.62874e+06 864682 940787 997811 1.52281e+06 918930 867488 636168 477230 629890 834745 645068 268672 675690 1.79106e+06 1.84019e+06 2.48765e+06 1.73406e+06 1.42309e+06 2.94183e+06 2.44392e+06 1.88098e+06 2.89947e+06 2.29801e+06 2.08496e+06 2.51978e+06 2.79824e+06 2.43977e+06 1.87683e+06 1.63921e+06 1.57036e+06 1.59125e+06
pelacesobs
 0 0 0 0 0 0 0 0 0 0 0 0 0 0 0 552880 188675 0 991730 2.46772e+06 1.41603e+06 1.21717e+06 2.29649e+06 1.80582e+06 0 1.4828e+06 1.56532e+06 1.57751e+06 1.42118e+06 867257 1.10002e+06 1.06204e+06 0
pelacespred
 1.60169e+06 965539 498765 453454 512461 814366 444896 536011 375286 266805 363875 412194 337954 128458 394360 880709 902824 1.34251e+06 960269 684171 1.53786e+06 1.30974e+06 1.03316e+06 1.76433e+06 1.3186e+06 1.20033e+06 1.68438e+06 1.67463e+06 1.3163e+06 1.16083e+06 902824 868803 880979
mphobs
 0 0 0 0 0 0 0 0 0 0 0 0 498337 0 5186 125008 0 168611 109162 213762 579715 649985 157893 87575 83554 210694 70296 0 107559 103333 445601 22526 28222
mphpred
 480884 323400 156673 93012.7 110476 132164 162975 98693.1 92948.8 64885.3 44750.3 82499.3 96063.9 51305.4 16608 70580.4 234440 229993 229602 332955 405792 596155 101832 83579.9 125246 106209 92561.4 104521 149335 117535 76681.4 75625.9 50508.2
desembarqueobs
 494567 514787 250237 358949 120608 361735 552515 73892 212993 205616 52469 317467 293654 387597 252695 516296 358380 742168 942051 627588 828172 859565 418607 520667 417249 300574 415391 372974 316634 284311 391294 218835 356480
desembarquepred
 494571 513558 250872 359005 120616 361773 552616 73898.2 213062 205679 52471.5 317497 293864 388122 252656 516213 358392 742183 941857 627417 828224 859658 418678 520724 417242 300595 415409 372964 316615 284276 391340 218863 356510
Reclutas
 185430 91225.7 117836 173241 148788 224474 95622.2 49474.9 44303.4 60168.4 128759 160623 75395 39853.4 130963 541650 123131 408807 308796 305059 470631 538855 105654 330919 325287 128834 308065 363729 145504 138302 158197 88532.1 228117
log_desv_Rt
 0.135321 -0.57402 -0.318065 0.0673278 -0.0848323 0.326403 -0.526951 -1.18589 -1.29629 -0.990209 -0.229411 -0.00829818 -0.764615 -1.40215 -0.212439 1.20726 -0.274109 0.925888 0.645324 0.633151 1.06672 1.20209 -0.427183 0.714517 0.697352 -0.228828 0.642954 0.809053 -0.107152 -0.157914 -0.0235146 -0.603991 0.342502
SSB
 2.46111e+06 1.65512e+06 801836 476028 565405 676399 834085 505100 475701 332075 229027 422222 469625 255817 82164 350594 1.19984e+06 1.17708e+06 1.21526e+06 785709 980896 1.50889e+06 1.43609e+06 1.13686e+06 1.59735e+06 1.43365e+06 1.18091e+06 1.28491e+06 1.89973e+06 1.41122e+06 1.04663e+06 1.05638e+06 654756
BT
 3.41869e+06 2.31197e+06 1.17926e+06 1.14273e+06 1.05167e+06 1.82375e+06 1.33518e+06 1.06292e+06 915285 694749 725071 1.0346e+06 893668 639332 985221 2.07016e+06 1.96404e+06 3.14974e+06 2.73291e+06 1.83893e+06 3.5337e+06 3.25259e+06 2.29235e+06 3.77441e+06 2.85416e+06 2.50147e+06 3.56502e+06 3.48403e+06 2.71663e+06 2.43727e+06 2.04956e+06 1.80328e+06 1.96159e+06
Ftot
 0.184085 0.334937 0.326687 0.518036 0.156754 0.334983 0.678561 0.107966 0.422237 0.544129 0.134355 0.523089 0.54834 1.65181 0.722303 0.522908 0.236024 0.414425 0.709665 0.624479 0.419038 0.479727 0.258037 0.269437 0.235345 0.174697 0.242569 0.205862 0.147087 0.182577 0.315065 0.167315 0.335419
BD_Bspro_t
 0.971241 0.811118 0.629852 0.556165 0.571456 0.657864 0.63198 0.469377 0.543634 0.500569 0.477999 0.700921 0.593234 0.38821 0.183757 0.476872 0.655738 0.625358 0.58069 0.451472 0.460959 0.554193 0.5696 0.553521 0.665338 0.693344 0.697965 0.735812 0.792726 0.74547 0.706252 0.691699 0.68421
BD_Bspro
 2.10924 1.41849 0.687196 0.40797 0.484568 0.579693 0.714834 0.432885 0.407689 0.284598 0.196282 0.361856 0.402482 0.219243 0.0704169 0.300469 1.0283 1.00879 1.04151 0.673374 0.840655 1.29316 1.23077 0.974319 1.36897 1.22868 1.01207 1.1012 1.62812 1.20946 0.896992 0.905347 0.561144
BD_Bo
 2.44176 1.64211 0.795531 0.472285 0.56096 0.671081 0.827527 0.501128 0.471961 0.329464 0.227226 0.418902 0.465933 0.253806 0.081518 0.347837 1.1904 1.16782 1.2057 0.779531 0.973183 1.49702 1.4248 1.12792 1.58479 1.42237 1.17162 1.2748 1.8848 1.40012 1.0384 1.04807 0.649608
BD_Brms
 2.61404 1.75797 0.851663 0.505609 0.60054 0.718431 0.885916 0.536487 0.505262 0.352711 0.243259 0.448459 0.498808 0.271714 0.0872698 0.37238 1.2744 1.25022 1.29078 0.834533 1.04185 1.60265 1.52533 1.2075 1.69661 1.52273 1.25429 1.36475 2.01778 1.49891 1.11167 1.12202 0.695443
Sel_flota
 0.44714 0.938901 0.996587 0.99982 0.999991
 0.44714 0.938901 0.996587 0.99982 0.999991
 0.44714 0.938901 0.996587 0.99982 0.999991
 0.44714 0.938901 0.996587 0.99982 0.999991
 0.44714 0.938901 0.996587 0.99982 0.999991
 0.44714 0.938901 0.996587 0.99982 0.999991
 0.44714 0.938901 0.996587 0.99982 0.999991
 0.44714 0.938901 0.996587 0.99982 0.999991
 0.44714 0.938901 0.996587 0.99982 0.999991
 0.44714 0.938901 0.996587 0.99982 0.999991
 0.44714 0.938901 0.996587 0.99982 0.999991
 0.44714 0.938901 0.996587 0.99982 0.999991
 0.44714 0.938901 0.996587 0.99982 0.999991
 0.44714 0.938901 0.996587 0.99982 0.999991
 0.44714 0.938901 0.996587 0.99982 0.999991
 0.44714 0.938901 0.996587 0.99982 0.999991
 0.44714 0.938901 0.996587 0.99982 0.999991
 0.44714 0.938901 0.996587 0.99982 0.999991
 0.44714 0.938901 0.996587 0.99982 0.999991
 0.44714 0.938901 0.996587 0.99982 0.999991
 0.44714 0.938901 0.996587 0.99982 0.999991
 0.44714 0.938901 0.996587 0.99982 0.999991
 0.44714 0.938901 0.996587 0.99982 0.999991
 0.44714 0.938901 0.996587 0.99982 0.999991
 0.44714 0.938901 0.996587 0.99982 0.999991
 0.44714 0.938901 0.996587 0.99982 0.999991
 0.44714 0.938901 0.996587 0.99982 0.999991
 0.44714 0.938901 0.996587 0.99982 0.999991
 0.44714 0.938901 0.996587 0.99982 0.999991
 0.44714 0.938901 0.996587 0.99982 0.999991
 0.44714 0.938901 0.996587 0.99982 0.999991
 0.44714 0.938901 0.996587 0.99982 0.999991
 0.44714 0.938901 0.996587 0.99982 0.999991
Sel_reclas
 1 1 1 1 1
 1 1 1 1 1
 1 1 1 1 1
 1 1 1 1 1
 1 1 1 1 1
 1 1 1 1 1
 1 1 1 1 1
 1 1 1 1 1
 1 1 1 1 1
 1 1 1 1 1
 1 1 1 1 1
 1 1 1 1 1
 1 1 1 1 1
 1 1 1 1 1
 1 1 1 1 1
 1 1 1 1 1
 1 1 1 1 1
 1 1 1 1 1
 1 1 1 1 1
 1 1 1 1 1
 1 1 1 1 1
 1 1 1 1 1
 1 1 1 1 1
 1 1 1 1 1
 1 1 1 1 1
 1 1 1 1 1
 1 1 1 1 1
 1 1 1 1 1
 1 1 1 1 1
 1 1 1 1 1
 1 1 1 1 1
 1 1 1 1 1
 1 1 1 1 1
Sel_pelaces
 1 1 1 1 1
 1 1 1 1 1
 1 1 1 1 1
 1 1 1 1 1
 1 1 1 1 1
 1 1 1 1 1
 1 1 1 1 1
 1 1 1 1 1
 1 1 1 1 1
 1 1 1 1 1
 1 1 1 1 1
 1 1 1 1 1
 1 1 1 1 1
 1 1 1 1 1
 1 1 1 1 1
 1 1 1 1 1
 1 1 1 1 1
 1 1 1 1 1
 1 1 1 1 1
 1 1 1 1 1
 1 1 1 1 1
 1 1 1 1 1
 1 1 1 1 1
 1 1 1 1 1
 1 1 1 1 1
 1 1 1 1 1
 1 1 1 1 1
 1 1 1 1 1
 1 1 1 1 1
 1 1 1 1 1
 1 1 1 1 1
 1 1 1 1 1
 1 1 1 1 1
pf_obs 
 0.8446 0.082 0.0669 0.0065 0
 0.8095 0.147 0.0364 0.0071 0
 0.9664 0.0169 0.016 0.0007 0
 0.9276 0.0648 0.0075 0.0001 0
 0.7033 0.2144 0.0806 0.0017 0
 0.9318 0.0425 0.0243 0.0014 0
 0.5671 0.3108 0.0964 0.0239 0.0018
 0.0768 0.2599 0.5324 0.112 0.0189
 0.490249 0.384438 0.106611 0.0170017 0.00170017
 0.7925 0.1577 0.0466 0.003 0.0002
 0.840416 0.127587 0.0312969 0.00059994 9.999e-05
 0.8084 0.0986 0.0794 0.0134 0.0002
 0.7335 0.1905 0.0724 0.0035 0.0001
 0.4001 0.4547 0.1325 0.0127 0
 0.49795 0.308269 0.164784 0.0264974 0.00249975
 0.9179 0.0499 0.0305 0.0017 0
 0.2467 0.6533 0.0926 0.0074 0
 0.9418 0.0223 0.034 0.0019 0
 0.707729 0.231977 0.0356964 0.0245975 0
 0.517169 0.277429 0.184464 0.0207286 0.00020938
 0.811772 0.124168 0.05621 0.00726502 0.000585176
 0.764997 0.148141 0.077277 0.00933861 0.000247198
 0.163321 0.427699 0.378323 0.0303852 0.000271297
 0.753843 0.0900009 0.118128 0.0371064 0.000921714
 0.721811 0.176058 0.0630433 0.0369309 0.00215725
 0.143369 0.312575 0.442814 0.0836902 0.0175525
 0.692698 0.0596174 0.167031 0.0765114 0.00414204
 0.394062 0.376323 0.152708 0.0712218 0.00568511
 0.125707 0.32114 0.495352 0.0537591 0.00404204
 0.23352 0.215282 0.420074 0.123614 0.00750983
 0.796117 0.104755 0.0508955 0.0450114 0.00322123
 0.162477 0.292055 0.404252 0.121198 0.0200186
 0 0 0 0 0
pf_pred 
 0.361695 0.133391 0.47682 0.0280927 1.09653e-06
 0.291129 0.394167 0.0691216 0.231963 0.01362
 0.499814 0.241302 0.148499 0.0243161 0.0860689
 0.628443 0.258329 0.0566081 0.0325323 0.0240882
 0.536619 0.370958 0.0657477 0.0133645 0.0133112
 0.613622 0.274246 0.0908765 0.0151357 0.00611963
 0.362659 0.498444 0.100551 0.0311001 0.00724629
 0.351812 0.379396 0.213906 0.0397827 0.0151034
 0.413616 0.313201 0.16394 0.086996 0.0222476
 0.594977 0.252511 0.0842444 0.041033 0.0272342
 0.738882 0.203516 0.0369566 0.0114261 0.00921973
 0.618857 0.326438 0.0432181 0.00737905 0.00410816
 0.40354 0.473319 0.106596 0.0130824 0.00346256
 0.416639 0.363261 0.177417 0.036969 0.00571339
 0.880112 0.0863837 0.0218298 0.00942299 0.00225137
 0.885856 0.108361 0.00426379 0.000991184 0.000527622
 0.269715 0.692104 0.0363828 0.00132759 0.000470911
 0.695998 0.134428 0.161241 0.00794217 0.00039119
 0.531445 0.395456 0.0336282 0.0375381 0.00193243
 0.594243 0.300633 0.0898731 0.00703306 0.00821722
 0.691597 0.241429 0.0506336 0.0139793 0.00236147
 0.62156 0.316974 0.0488624 0.00953761 0.00306586
 0.207834 0.627715 0.13937 0.0199554 0.00512619
 0.635631 0.132414 0.186281 0.0387299 0.00694475
 0.545116 0.362357 0.0350665 0.0461786 0.0112815
 0.298421 0.505828 0.158017 0.0143329 0.0234021
 0.625396 0.178045 0.144187 0.0423054 0.010067
 0.582703 0.328249 0.0437914 0.0332301 0.0120267
 0.304624 0.520827 0.139184 0.0174229 0.0179425
 0.39541 0.290068 0.239203 0.0601012 0.0152185
 0.500798 0.292917 0.102264 0.0791773 0.0248446
 0.373853 0.433398 0.116326 0.037957 0.038465
 0.682646 0.177782 0.0984851 0.0248311 0.016256
pobs_RECLAS
 0 0 0 0 0
 0 0 0 0 0
 0 0 0 0 0
 0 0 0 0 0
 0 0 0 0 0
 0 0 0 0 0
 0 0 0 0 0
 0 0 0 0 0
 0 0 0 0 0
 0 0 0 0 0
 0.991045 0.00858322 0.000360255 1.14367e-05 0
 0.934742 0.0480273 0.0164251 0.00080598 0
 0.827803 0.169806 0.00239088 0 0
 0.941827 0.0461693 0.0120037 0 0
 0.791401 0.0380133 0.147996 0.0225897 0
 0.846168 0.0940531 0.0597789 0 0
 0.134021 0.677848 0.182769 0.00536245 0
 0.80878 0.0450904 0.141981 0.00414843 0
 0.846168 0.0940531 0.0597789 0 0
 0.905697 0.0802665 0.012482 0.00150086 5.37128e-05
 0.989698 0.0102097 9.19794e-05 0 0
 0.975433 0.0193895 0.00387452 0.00125025 5.28907e-05
 0.303575 0.632131 0.0575291 0.00676475 0
 0.966965 0.00978017 0.0227588 0.000495775 0
 0.843318 0.132988 0.00938335 0.0141283 0.000182051
 0.564624 0.303363 0.111486 0.0197234 0.00080311
 0.826376 0.0876187 0.0782897 0.00655872 0.00115652
 0.89761 0.0855135 0.0140674 0.00269457 0.000114338
 0.34875 0.467042 0.161289 0.0227151 0.000203297
 0.318654 0.224769 0.449479 0.00709798 0
 0.937255 0.0296025 0.0250945 0.00804832 0
 0.456809 0.399803 0.12412 0.0192676 0
 0.883104 0.0372192 0.0704036 0.00927362 0
ppred_RECLAS
 0.557238 0.0970582 0.326528 0.0191747 7.48305e-07
 0.474141 0.30072 0.0495794 0.165824 0.00973489
 0.687678 0.155598 0.0900327 0.0146931 0.0519983
 0.788304 0.150061 0.0308683 0.0176788 0.0130877
 0.712491 0.232933 0.0388618 0.00787351 0.00784074
 0.77532 0.162322 0.0505702 0.00839436 0.00339339
 0.557602 0.350854 0.0663365 0.0204454 0.00476287
 0.539967 0.276025 0.146534 0.0271637 0.0103108
 0.609156 0.214945 0.105704 0.0559024 0.0142934
 0.764982 0.150081 0.0469917 0.0228093 0.0151361
 0.85829 0.111923 0.019134 0.00589644 0.004757
 0.779681 0.190391 0.0236608 0.00402595 0.00224097
 0.597255 0.32374 0.0684225 0.00836846 0.0022145
 0.638585 0.231703 0.104646 0.0217118 0.0033547
 0.942475 0.0422079 0.0099924 0.00429796 0.00102669
 0.943875 0.05345 0.0019742 0.000457354 0.000243412
 0.440257 0.532128 0.0263181 0.000957154 0.000339454
 0.835594 0.0752422 0.0847962 0.00416263 0.000204993
 0.714999 0.242996 0.0193607 0.0215352 0.0011084
 0.764086 0.17768 0.0498116 0.0038844 0.00453758
 0.829825 0.135015 0.0266039 0.00732013 0.00123634
 0.781344 0.184993 0.026779 0.00520922 0.0016742
 0.360887 0.5128 0.107103 0.0152845 0.00392563
 0.794136 0.0777833 0.102928 0.0213288 0.00382385
 0.720365 0.225559 0.0205368 0.026955 0.006584
 0.47791 0.382763 0.112543 0.0101746 0.0166098
 0.785451 0.10529 0.080219 0.0234588 0.0055813
 0.749916 0.199294 0.0250197 0.0189229 0.00684747
 0.484496 0.391936 0.098599 0.012302 0.0126667
 0.588302 0.203841 0.158206 0.0396196 0.0100305
 0.68698 0.188444 0.061863 0.0477369 0.0149765
 0.562732 0.308358 0.0779029 0.025336 0.0256707
 0.825118 0.10066 0.0524254 0.0131737 0.00862282
pobs_PELACES
 0 0 0 0 0
 0 0 0 0 0
 0 0 0 0 0
 0 0 0 0 0
 0 0 0 0 0
 0 0 0 0 0
 0 0 0 0 0
 0 0 0 0 0
 0 0 0 0 0
 0 0 0 0 0
 0 0 0 0 0
 0 0 0 0 0
 0 0 0 0 0
 0 0 0 0 0
 0 0 0 0 0
 0 0 0 0 0
 0.505614 0.472636 0.0217494 0 0
 0 0 0 0 0
 0.443492 0.261883 0.143347 0.151278 0
 0.227955 0.32914 0.350689 0.0885471 0.00366901
 0.970185 0.0296113 0.000203453 0 0
 0.997202 0.00247181 0.000326279 0 0
 0.445219 0.490057 0.0546422 0.010081 0
 0.90214 0.0892962 0.00764917 0.000914606 0
 0 0 0 0 0
 0.581667 0.319106 0.0959925 0.00289975 0.000334073
 0.762889 0.0836404 0.116647 0.0363945 0.000428098
 0.88444 0.0763242 0.0277011 0.0115352 0
 0.521256 0.241999 0.230069 0.00667565 0
 0.616807 0.101726 0.260614 0.0208532 0
 0.833518 0.0704572 0.0857862 0.0102388 0
 0.697417 0.212968 0.0787535 0.0105354 0.000325836
 0 0 0 0 0
ppred_PELACES
 0.56527 0.0955594 0.320361 0.0188088 7.34021e-07
 0.48842 0.293388 0.0480631 0.160696 0.00943362
 0.699621 0.150127 0.0863283 0.0140837 0.0498405
 0.80246 0.140439 0.0286055 0.0163738 0.0121213
 0.71779 0.228771 0.0380537 0.00770851 0.00767636
 0.784949 0.155643 0.0481811 0.00799493 0.00323186
 0.585223 0.329837 0.0615625 0.0189603 0.00441674
 0.544522 0.273519 0.144905 0.0268587 0.010195
 0.626207 0.206328 0.100654 0.0532078 0.0136041
 0.781139 0.140299 0.0434761 0.0210906 0.0139952
 0.860987 0.109853 0.0187322 0.00577178 0.0046564
 0.794139 0.178139 0.0219189 0.00372748 0.00207477
 0.618946 0.306933 0.0641968 0.00784704 0.00207645
 0.700269 0.19434 0.0850543 0.0176159 0.00272159
 0.948691 0.037787 0.00882363 0.00379232 0.000905869
 0.948228 0.0493279 0.0018039 0.000417669 0.000222284
 0.449771 0.5232 0.0257605 0.000936639 0.000332174
 0.845187 0.0711559 0.079561 0.0039039 0.000192247
 0.73827 0.223611 0.0175772 0.0195365 0.00100549
 0.782365 0.164397 0.0455431 0.00354917 0.00414584
 0.839438 0.1276 0.0249431 0.00686009 0.00115861
 0.794585 0.174038 0.0249641 0.00485369 0.0015599
 0.370828 0.505317 0.105023 0.0149835 0.00384828
 0.801705 0.0751652 0.0989549 0.0204996 0.00367513
 0.728171 0.219459 0.0198921 0.0261023 0.00637563
 0.485212 0.377748 0.1107 0.0100061 0.0163345
 0.792402 0.102122 0.0774467 0.0226422 0.00538694
 0.756279 0.194382 0.0243075 0.0183803 0.00665103
 0.490629 0.387536 0.0972194 0.012128 0.0124875
 0.595887 0.200442 0.155028 0.0388161 0.00982697
 0.698384 0.182024 0.059398 0.0458194 0.0143746
 0.569637 0.30378 0.0765024 0.0248761 0.0252044
 0.833217 0.0962628 0.0498163 0.0125136 0.00819059
pobs_pel_tallas
 0 0 0 0 0 0 0 0 0 0 0 0 0 0 0 0 0 0 0 0 0 0 0 0 0 0
 0 0 0 0 0 0 0 0 0 0 0 0 0 0 0 0 0 0 0 0 0 0 0 0 0 0
 0 0 0 0 0 0 0 0 0 0 0 0 0 0 0 0 0 0 0 0 0 0 0 0 0 0
 0 0 0 0 0 0 0 0 0 0 0 0 0 0 0 0 0 0 0 0 0 0 0 0 0 0
 0 0 0 0 0 0 0 0 0 0 0 0 0 0 0 0 0 0 0 0 0 0 0 0 0 0
 0 0 0 0 0 0 0 0 0 0 0 0 0 0 0 0 0 0 0 0 0 0 0 0 0 0
 0 0 0 0 0 0 0 0 0 0 0 0 0 0 0 0 0 0 0 0 0 0 0 0 0 0
 0 0 0 0 0 0 0 0 0 0 0 0 0 0 0 0 0 0 0 0 0 0 0 0 0 0
 0 0 0 0 0 0 0 0 0 0 0 0 0 0 0 0 0 0 0 0 0 0 0 0 0 0
 0 0 0 0 0 0 0 0 0 0 0 0 0 0 0 0 0 0 0 0 0 0 0 0 0 0
 0 0 0 0 0 0 0 0 0 0 0 0 0 0 0 0 0 0 0 0 0 0 0 0 0 0
 0 0 0 0 0 0 0 0 0 0 0 0 0 0 0 0 0 0 0 0 0 0 0 0 0 0
 0.00862536 0 0 0.000197151 0.00414017 0.0128641 0.00837892 0.0270097 0.101434 0.158115 0.152841 0.127902 0.109271 0.109419 0.0830992 0.0579132 0.0238553 0.00714673 0.00463305 0.00128148 0.00103504 0.000492878 0.000147863 0.000147863 4.92878e-05 0
 0 0 0 0 0 0 0 0 0 0 0 0 0 0 0 0 0 0 0 0 0 0 0 0 0 0
 0 0 0 0 0 0 0 0.0054083 0.00873648 0.0413646 0.0450493 0.0745869 0.0622846 0.0627006 0.0613931 0.0827291 0.12552 0.122667 0.0946155 0.0697135 0.0546179 0.0294188 0.0215738 0.0213955 0.0102223 0.00600262
 0 0 0 0 0.00359764 0.0251062 0.0480494 0.140153 0.205849 0.193036 0.1447 0.116669 0.0760912 0.0342217 0.00950174 0.001854 0.000860785 0 0 0 0.000165536 0 0.000143464 0 0 0
 0 0 0 0 0 0 0 0.000145254 0.000435761 0.0275982 0.070085 0.0708112 0.156366 0.174668 0.174014 0.160142 0.0824315 0.0480064 0.0283245 0.00493863 0.00203355 0 0 0 0 0
 0 0 0 0 0 0 0 0 0 0 0 0 0 0 0 0 0 0 0 0 0 0 0 0 0 0
 0 0 1.00437e-05 0.000401748 0.00122533 0.00171747 0.00176769 0.0269171 0.070346 0.194647 0.189555 0.159765 0.064822 0.0314167 0.0384472 0.0292271 0.0345202 0.0313363 0.0194345 0.0106764 0.0143323 0.0359363 0.0279516 0.0138201 0.00172751 0
 0 0.0021121 0.0136068 0.0755702 0.200478 0.177729 0.0527432 0.0373336 0.0318909 0.0142505 0.0149659 0.0166563 0.0217959 0.0798694 0.0677717 0.0528807 0.04013 0.0224614 0.0357745 0.0225083 0.00881397 0.00855152 0.00135912 0.000746735 0 0
 0 0 0 0 5.4009e-05 0.00500934 0.000945158 0.0243581 0.138947 0.33067 0.221406 0.137944 0.0707744 0.0437923 0.0131692 0.00525238 0.0047753 0.00276346 9.45158e-05 9.00151e-06 2.25038e-05 9.00151e-06 4.50075e-06 0 0 0
 0.000866109 0.00284123 0.00948549 0.0512746 0.133035 0.25785 0.225252 0.132002 0.0553304 0.0519788 0.0540692 0.017754 0.00435017 0.00159236 0.00146478 0.000404838 0.000125132 0.000115318 0.000107957 0.000100596 0 0 0 0 0 0
 0 0 0 0 0.00144013 0.00171154 0.00461396 0.0210425 0.0478622 0.0707936 0.0888783 0.103762 0.0637923 0.0337046 0.0602308 0.124433 0.169614 0.0934646 0.0462172 0.0250306 0.0313229 0.00938855 0.002487 0.000210481 0 0
 0 0.00764035 0.051015 0.0998891 0.058973 0.0496711 0.0374665 0.0718981 0.12319 0.153886 0.159021 0.0857701 0.0377988 0.023471 0.0147837 0.00900784 0.00315554 0.000888139 0.00291439 0.00214683 0.00393193 0.00274676 0.000635225 9.99891e-05 0 0
 0 0 0 0 0 0 0 0 0 0 0 0 0 0 0 0 0 0 0 0 0 0 0 0 0 0
 0 0 0 0 0 0 0 0 0 0 0 0 0 0 0 0 0 0 0 0 0 0 0 0 0 0
 0 0 0 0 0 0 0 0 0 0 0 0 0 0 0 0 0 0 0 0 0 0 0 0 0 0
 0 0 0 0 0 0 0 0 0 0 0 0 0 0 0 0 0 0 0 0 0 0 0 0 0 0
 0 0 0 0 0 0 0 0 0 0 0 0 0 0 0 0 0 0 0 0 0 0 0 0 0 0
 0 0 0 0 0 0 0 0 0 0 0 0 0 0 0 0 0 0 0 0 0 0 0 0 0 0
 0 0 0 0 0 0 0 0 0 0 0 0 0 0 0 0 0 0 0 0 0 0 0 0 0 0
 0 0 0 0 0 0 0 0 0 0 0 0 0 0 0 0 0 0 0 0 0 0 0 0 0 0
 0 0 0 0 0 0 0 0 0 0 0 0 0 0 0 0 0 0 0 0 0 0 0 0 0 0
ppred_pel_tallas
 1.11156e-16 4.65605e-05 0.000452585 0.00300759 0.0136721 0.0425389 0.090634 0.132285 0.132295 0.0906816 0.0427 0.0141435 0.00421387 0.00316178 0.0054136 0.00945311 0.0149531 0.0215864 0.0289456 0.0366751 0.0443832 0.0513347 0.0562889 0.057827 0.0550649 0.0482422
 1.19174e-16 4.02305e-05 0.000391055 0.0025987 0.0118133 0.0367558 0.0783132 0.114306 0.114335 0.0784517 0.0372212 0.0131584 0.00597909 0.00778464 0.0141265 0.0234161 0.0340488 0.043559 0.0495358 0.0510583 0.0493156 0.0467809 0.045556 0.0461564 0.0474942 0.0478039
 1.12377e-16 5.76269e-05 0.000560154 0.00372242 0.0169216 0.0526494 0.112176 0.163727 0.163741 0.112247 0.0528892 0.0176156 0.00547027 0.00439475 0.00739683 0.0122877 0.0180539 0.0234734 0.0273495 0.0291736 0.0294094 0.0290901 0.0290558 0.0294467 0.0297662 0.0293251
 1.04555e-16 6.60976e-05 0.000642493 0.00426959 0.0194089 0.0603885 0.128665 0.187793 0.187806 0.128731 0.060611 0.0200519 0.00588449 0.00417146 0.00677924 0.0111327 0.016104 0.0204136 0.0228128 0.0227504 0.020702 0.0178332 0.0152676 0.0135295 0.0124908 0.0116956
 1.03229e-16 5.91235e-05 0.000574701 0.00381909 0.0173611 0.0540168 0.115089 0.167981 0.168003 0.115197 0.0543788 0.0184067 0.00644426 0.00630712 0.010951 0.0180238 0.0259895 0.0327496 0.0362047 0.0353889 0.0310359 0.025064 0.0194086 0.0151157 0.0122199 0.0102104
 1.02779e-16 6.46552e-05 0.000628472 0.00417642 0.0189854 0.0590707 0.125857 0.183695 0.18371 0.12593 0.0593177 0.0196993 0.00597052 0.00455169 0.00753515 0.0124059 0.0179841 0.0228641 0.0256509 0.02569 0.0234277 0.0200536 0.0167304 0.0140304 0.0119105 0.0100599
 1.0451e-16 4.82041e-05 0.000468561 0.00311376 0.0141547 0.0440407 0.0938345 0.136961 0.136993 0.09399 0.0445628 0.0156631 0.00690141 0.00874139 0.0157726 0.0260329 0.0375766 0.0474229 0.0525609 0.0515998 0.0455779 0.0372158 0.0292398 0.0230963 0.0188012 0.0156306
 1.08671e-16 4.48516e-05 0.000435974 0.0028972 0.0131703 0.0409777 0.0873084 0.127435 0.127461 0.0874381 0.0414139 0.0144321 0.00607295 0.00739633 0.0133451 0.0222037 0.032478 0.0418834 0.0480922 0.0499963 0.0482708 0.0447122 0.0409333 0.0375033 0.0340621 0.0300359
 1.10596e-16 5.15798e-05 0.000501375 0.00333181 0.0151459 0.0471247 0.100405 0.146548 0.146568 0.100503 0.0474537 0.0160979 0.00572773 0.00575342 0.0100908 0.0167718 0.0245633 0.0317618 0.0366688 0.0385309 0.0379465 0.0363274 0.0348629 0.0338331 0.0327025 0.0307277
 1.05775e-16 6.43414e-05 0.000625421 0.00415615 0.0188932 0.058784 0.125246 0.182803 0.182817 0.125312 0.0590068 0.0195374 0.00577529 0.00416775 0.00681496 0.0112264 0.0163142 0.0208365 0.02358 0.0240092 0.0225769 0.0203762 0.0184191 0.0171105 0.0162352 0.0153127
 1.01936e-16 7.09184e-05 0.000689352 0.00458099 0.0208245 0.0647928 0.138048 0.201488 0.201498 0.1381 0.0649667 0.0213267 0.00584196 0.0034432 0.00530439 0.00866613 0.0124992 0.0157663 0.0174632 0.0171324 0.015131 0.0123796 0.0097995 0.00787568 0.00660171 0.00570921
 1.01404e-16 6.54123e-05 0.00063583 0.00422532 0.0192077 0.0597623 0.127331 0.185846 0.185864 0.127414 0.0600439 0.0200209 0.00626631 0.00509037 0.00852254 0.0139784 0.020112 0.0252527 0.0277427 0.0268153 0.0230466 0.0179617 0.0131247 0.0094197 0.00693629 0.00531427
 1.0307e-16 5.09819e-05 0.000495562 0.00329318 0.0149704 0.0465785 0.0992415 0.144852 0.144882 0.0993862 0.0470645 0.0163745 0.00681926 0.00819784 0.014693 0.0242459 0.0350049 0.0441887 0.0489837 0.0480706 0.0423784 0.0343995 0.0266507 0.0204974 0.0160234 0.0126578
 1.04732e-16 5.76802e-05 0.000560673 0.00372587 0.0169373 0.0526982 0.11228 0.16388 0.163898 0.112372 0.0530075 0.0178317 0.00597553 0.00548666 0.0094569 0.0156576 0.0228177 0.0292542 0.0332752 0.0340786 0.0321725 0.0289148 0.0255737 0.0226801 0.0200659 0.0173422
 1.00799e-16 7.81424e-05 0.000759572 0.00504763 0.0229458 0.0713928 0.15211 0.22201 0.222014 0.152128 0.0714527 0.0231188 0.00548235 0.00170966 0.00188575 0.00300236 0.00433767 0.00549792 0.00614007 0.00610902 0.00552323 0.00468627 0.00389467 0.00329359 0.0028654 0.00251483
 1.00145e-16 7.81043e-05 0.000759202 0.00504516 0.0229346 0.071358 0.152036 0.221902 0.221907 0.152059 0.0714358 0.0231593 0.00560873 0.0019881 0.00240798 0.00384666 0.00550878 0.00687487 0.00747426 0.00709205 0.0058959 0.00432891 0.00285391 0.00174512 0.00104549 0.000655357
 1.01028e-16 3.70472e-05 0.000360112 0.00239307 0.0108786 0.0338476 0.0721177 0.105268 0.105319 0.0723637 0.0346732 0.0132623 0.0083725 0.0133999 0.0247627 0.0407756 0.0584909 0.0730365 0.0794677 0.0754964 0.0628744 0.0462642 0.0305401 0.0185975 0.0109137 0.00648724
 1.02739e-16 6.96169e-05 0.000676701 0.00449692 0.0204423 0.0636038 0.135515 0.197789 0.197796 0.135549 0.0637185 0.0207752 0.00533758 0.00252888 0.00363692 0.00603142 0.00898096 0.0119138 0.0142725 0.0157595 0.016441 0.0165688 0.0162943 0.0155453 0.0141573 0.0120994
 1.02694e-16 6.08103e-05 0.000591098 0.00392806 0.0178564 0.055558 0.118373 0.172773 0.172795 0.118478 0.0559112 0.0188765 0.00648778 0.00617651 0.0106614 0.0175115 0.025181 0.0315895 0.034668 0.033481 0.0287955 0.022574 0.0168076 0.012587 0.00994919 0.00832899
 1.02414e-16 6.44424e-05 0.000626403 0.00416267 0.0189229 0.0588762 0.125443 0.18309 0.183106 0.12552 0.0591369 0.0196763 0.00605536 0.00476356 0.00793741 0.0130611 0.0189034 0.0239676 0.0267646 0.0265941 0.0239338 0.0200682 0.016273 0.0132087 0.0108763 0.00896744
 1.01637e-16 6.91434e-05 0.000672099 0.00446633 0.0203033 0.0631712 0.134593 0.196446 0.196458 0.134654 0.0633732 0.020887 0.00593194 0.00387342 0.00615459 0.0100799 0.0145478 0.0183657 0.0203656 0.020007 0.0176869 0.014451 0.0113478 0.00893462 0.00722172 0.00593948
 1.01516e-16 6.54489e-05 0.000636187 0.00422769 0.0192185 0.0597958 0.127402 0.18595 0.185967 0.127484 0.0600711 0.0200134 0.00622303 0.00499205 0.00833799 0.0136806 0.0197004 0.0247712 0.0272801 0.0264799 0.0229258 0.0180892 0.0134718 0.00991109 0.00747931 0.00582599
 1.05314e-16 3.05447e-05 0.000296906 0.00197304 0.0089692 0.0279068 0.0594601 0.086794 0.0868428 0.0596984 0.0287069 0.0112809 0.00777816 0.0129775 0.0241364 0.0399139 0.0576323 0.0727574 0.0806637 0.0791847 0.069856 0.0567851 0.0441144 0.0340834 0.0268134 0.021344
 1.05553e-16 6.60354e-05 0.000641888 0.00426557 0.0193907 0.0603316 0.128543 0.187614 0.187621 0.128579 0.0604534 0.0197445 0.00516063 0.0026189 0.00388858 0.00650162 0.0097747 0.0131621 0.0161336 0.0184186 0.0200874 0.0213385 0.0221914 0.0223818 0.0215506 0.0195403
 1.04327e-16 5.99785e-05 0.000583013 0.00387432 0.0176121 0.054798 0.116754 0.17041 0.170431 0.116857 0.0551448 0.0186138 0.0063884 0.00607029 0.0104789 0.017224 0.0247991 0.0311818 0.0343671 0.0334644 0.0292447 0.0236312 0.0185427 0.0149794 0.0128837 0.0116068
 1.07059e-16 3.99663e-05 0.000388487 0.00258163 0.0117358 0.0365145 0.0777993 0.113558 0.113594 0.0779777 0.0371137 0.0134677 0.00693332 0.00990261 0.0181511 0.0300541 0.0435462 0.055295 0.0619092 0.0617998 0.0560705 0.0476546 0.0394387 0.0328741 0.0278885 0.0237111
 1.05444e-16 6.52692e-05 0.000634439 0.00421607 0.0191657 0.0596315 0.127052 0.185438 0.185448 0.1271 0.0597952 0.0196398 0.00541136 0.00326086 0.00510374 0.00846664 0.0125014 0.0163768 0.0192812 0.0208326 0.021253 0.0210993 0.0207874 0.0203189 0.0193926 0.0177286
 1.03721e-16 6.22938e-05 0.000605518 0.00402388 0.018292 0.0569132 0.12126 0.176987 0.177006 0.121352 0.0572206 0.0191799 0.00625267 0.00547142 0.00930511 0.0152897 0.0220342 0.0277468 0.0306539 0.0299591 0.0263246 0.0214216 0.0169174 0.0136821 0.0116762 0.0103629
 1.06235e-16 4.04125e-05 0.000392824 0.00261046 0.0118668 0.0369222 0.0786679 0.114826 0.114863 0.0788508 0.0375364 0.0136417 0.00706901 0.0101366 0.0185769 0.0307293 0.0444535 0.0562996 0.0627607 0.0621998 0.05578 0.046585 0.0376797 0.0306514 0.0254825 0.0213772
 1.10081e-16 4.90825e-05 0.000477099 0.00317049 0.0144126 0.0448431 0.0955437 0.139453 0.139472 0.0956392 0.0451644 0.0153434 0.00551707 0.00563352 0.0099416 0.0166188 0.0245475 0.0321565 0.0378503 0.0408661 0.0416212 0.041192 0.0403891 0.0392313 0.0371669 0.0336998
 1.08789e-16 5.7525e-05 0.000559164 0.00371584 0.0168917 0.0525564 0.111978 0.163438 0.163456 0.112064 0.0528457 0.0177282 0.00581909 0.00516262 0.00883653 0.0146148 0.0212828 0.0272758 0.0310537 0.0319525 0.0305733 0.0283138 0.0264201 0.0253098 0.0245813 0.0235137
 1.09046e-16 4.69203e-05 0.000456082 0.00303083 0.0137777 0.0428677 0.0913353 0.133313 0.133342 0.0914787 0.0433494 0.0151698 0.00652816 0.00810127 0.0145978 0.0241424 0.0349734 0.0444115 0.0497617 0.0498082 0.0455258 0.0393596 0.0336703 0.029568 0.0268229 0.0245618
 1.04104e-16 6.8631e-05 0.000667118 0.00443323 0.0201528 0.062703 0.133596 0.194989 0.194998 0.133641 0.0628565 0.020597 0.00555103 0.00311721 0.0047511 0.00782302 0.0114444 0.0147756 0.017006 0.0177623 0.0173014 0.01627 0.0152357 0.0143746 0.0135102 0.0123753
pSPR Fmed_Fpbrs
1   0.984092 0.6 0.325 0.984092 0.984092 0.984092
Fs Fmed_Fpbrs
0   0.01 0.365645 0.951598 0.01 0.01 0.01
SSBpbr Bo_Bmed_Bpbrs
1.00793e+06  957529  941495 554359 277179 941495 941495 941495
Ro
161961
SPR SPRFo_SPRFmed_SPRFpbrs
1.16682e+06 1.16682e+06 1.14826e+06
Fref
0
Nvult_r0
 155885 22107.2 11707.5 2944.66 1927.51
CTP_r0
 20330.4 5294.67 2933.07 739.514 484.132
YTP_r0
356510
Np
 228117 83919.5 30872.3 11357.3 5715.15
Nvult_p0
 144197 53047.3 19515 7179.17 3612.66
CTP_p0
 0 0 0 0 0
 0 0 0 0 0
 0 0 0 0 0
 0 0 0 0 0
 0 0 0 0 0
 0 0 0 0 0
YTP_p0
 0 0 0 0 0 0
CBA_c0
0
log_Ro
11.8151
likeval ReclasPelacesDesembMPH_pf_preclas_ppelaces_ptallas_desvR_qrecl_qpela
 19.3142 0.000259444 0.0752753 62.7882 238.91 136.709 110.262 0 22.4576 3.63682e-08 2.24649e-06 0.318609 2064.64 0 0
q_reclas_q_pelaces
1.02734 1.23611
M
1
N
 185430 33793.2 114294 6713.66 0.26201
 91225.7 62825.7 10458.6 34998.9 2054.7
 117836 28892.2 16876 2755.58 9752.13
 173241 37457.9 7821.26 4483.13 3319.04
 148788 50554.3 8472.55 1717 1709.88
 224474 51031 16052.6 2666.09 1077.79
 95622.2 71092 13707.1 4229.28 985.292
 49474.9 25971.3 13830.5 2564.27 973.359
 44303.4 17343 8633.28 4568.92 1168.25
 60168.4 13494.2 4291.99 2085.12 1383.74
 128759 17354.4 2978.38 918.033 740.64
 160623 44606 5627.69 958.374 533.486
 75395 46766.3 10041.6 1229.24 325.302
 39853.4 21705.3 10281.3 2138.86 330.523
 130963 7004.93 1693.28 729.169 174.194
 541650 34881.2 1307.93 303.258 161.407
 123131 157718 7853.73 285.738 101.339
 408807 40760.4 46488.5 2283.64 112.464
 308796 124953 10161.5 11315.7 582.451
 305059 82711.6 23609.1 1842.94 2152.96
 470631 84883.3 16929.1 4661.26 787.293
 538855 143553 21069.8 4101.81 1318.34
 105654 159963 33659.3 4805.46 1234.25
 330919 34632.6 46185.7 9574.79 1716.62
 325287 107921 9892.93 12989.7 3172.9
 128834 107714 31830.7 2878.53 4699.18
 308065 43834.2 33631.1 9838.77 2340.88
 363729 101682 12841.3 9715.39 3515.68
 145504 122041 30832.3 3847.82 3961.94
 138302 50120.8 39105.4 9796.05 2480.1
 158197 46890 15533.7 11992.8 3762.59
 88532.1 50550 12832.6 4174.62 4229.83
 228117 30221.4 15892.9 3995.81 2615.52
pred_Ctot
 9324.26 3438.75 12292.1 724.211 0.0282678
 8119.31 10992.9 1927.74 6469.24 379.85
 10244.7 4945.96 3043.79 498.408 1764.15
 23073.8 9484.77 2078.42 1194.45 884.421
 6403.12 4426.39 784.524 159.47 158.834
 19981.3 8930.23 2959.2 492.862 199.273
 16213.5 22284.1 4495.35 1390.4 323.962
 1479.76 1595.79 899.713 167.331 63.5267
 4892.96 3705.08 1939.36 1029.14 263.183
 8378.27 3555.78 1186.3 577.814 383.503
 4769.05 1313.57 238.533 73.749 59.5079
 21582.3 11384.4 1507.21 257.341 143.27
 10571.9 12399.9 2792.57 342.731 90.7113
 13954.7 12166.9 5942.35 1238.23 191.362
 23456.1 2302.23 581.793 251.135 60.002
 72756.9 8899.87 350.193 81.4076 43.3345
 7863.17 20177.4 1060.69 38.704 13.7288
 44376.7 8571.11 10280.7 506.391 24.9422
 54459.8 40524.4 3446.05 3846.71 198.026
 48060 24314 7268.57 568.805 664.575
 51613.4 18017.7 3778.75 1043.27 176.235
 66919.8 34126.7 5260.73 1026.86 330.084
 7346.74 22189.1 4926.58 705.403 181.206
 23977.3 4994.92 7026.89 1460.97 261.97
 20715.8 13770.5 1332.62 1754.9 428.725
 6158.65 10439 3261.06 295.795 482.96
 20194.5 5749.21 4655.9 1366.07 325.071
 20371.9 11475.9 1531 1161.76 420.468
 5886.1 10063.7 2689.38 336.654 346.694
 6899.41 5061.33 4173.79 1048.69 265.544
 13292.5 7774.79 2714.36 2101.58 659.442
 4058.77 4705.22 1262.91 412.083 417.599
 20330.4 5294.67 2933.07 739.514 484.132
F
 0.0823117 0.172837 0.183456 0.184052 0.184083
 0.149764 0.314472 0.333794 0.334877 0.334934
 0.146075 0.306726 0.325572 0.326628 0.326684
 0.231635 0.486385 0.516268 0.517943 0.518032
 0.0700912 0.147177 0.156219 0.156726 0.156753
 0.149784 0.314516 0.33384 0.334923 0.33498
 0.303412 0.637101 0.676244 0.678438 0.678554
 0.048276 0.101369 0.107598 0.107947 0.107965
 0.188799 0.396438 0.420796 0.422161 0.422233
 0.243302 0.510883 0.542272 0.544031 0.544124
 0.0600755 0.126146 0.133896 0.134331 0.134354
 0.233894 0.491128 0.521303 0.522994 0.523084
 0.245185 0.514837 0.546468 0.548241 0.548335
 0.738593 1.55089 1.64618 1.65152 1.6518
 0.322971 0.678171 0.719838 0.722173 0.722296
 0.233813 0.490958 0.521123 0.522814 0.522903
 0.105536 0.221603 0.235218 0.235981 0.236022
 0.185306 0.389104 0.413011 0.414351 0.414421
 0.31732 0.666305 0.707243 0.709537 0.709658
 0.27923 0.586324 0.622348 0.624367 0.624473
 0.187369 0.393435 0.417608 0.418962 0.419034
 0.214505 0.450416 0.478089 0.47964 0.479722
 0.115379 0.242271 0.257156 0.25799 0.258034
 0.120476 0.252975 0.268518 0.269389 0.269435
 0.105232 0.220965 0.234542 0.235302 0.235343
 0.0781142 0.164023 0.174101 0.174666 0.174696
 0.108462 0.227748 0.241741 0.242526 0.242567
 0.0920492 0.193284 0.205159 0.205825 0.20586
 0.0657686 0.1381 0.146585 0.147061 0.147086
 0.0816373 0.171421 0.181953 0.182544 0.182575
 0.140878 0.295815 0.31399 0.315008 0.315062
 0.0748134 0.157092 0.166744 0.167285 0.167314
 0.149979 0.314925 0.334274 0.335359 0.335416
YTP_r0W_actual
 153291 92392.1 70598.9 23161.6 17065.6
YTP_p0W_proyectada
 0 0 0 0 0
 0 0 0 0 0
 0 0 0 0 0
 0 0 0 0 0
 0 0 0 0 0
 0 0 0 0 0
CTP_r0_actual
 20330.4 5294.67 2933.07 739.514 484.132
CTP_p0_proyectada
 0 0 0 0 0
 0 0 0 0 0
 0 0 0 0 0
 0 0 0 0 0
 0 0 0 0 0
 0 0 0 0 0
Wmedp
 7.54 17.45 24.07 31.32 35.25
Frms_r0
 0.149979 0.314925 0.334274 0.335359 0.335416
Zrms_r0
 1.14998 1.31493 1.33427 1.33536 1.33542
nmprior
 7.29 8.9 8.7 0
nm_flota  nm_reclas  nm_pelaces    nm_pelaL
inf 11.8894 16.8055 51.9554
cv_recla  cv_pelaces  cv_mph
0.380601 0.588154 0.635326
 ------------------------------------------------
Talla a la edad & desviaci?n 
 8 13.2811 15.8009 17.003 17.5766
 0.8 1.32811 1.58009 1.7003 1.75766
