years
 1991 1992 1993 1994 1995 1996 1997 1998 1999 2000 2001 2002 2003 2004 2005 2006 2007 2008 2009 2010 2011 2012 2013 2014 2015 2016 2017 2018 2019 2020 2021 2022 2023
reclasobs
 0 0 0 0 0 0 0 0 0 252601 567819 844713 477998 351125 339783 2.1784e+06 2.13404e+06 4.81314e+06 1.55562e+06 2.62356e+06 3.21686e+06 3.843e+06 1.13348e+06 3.07943e+06 1.97215e+06 2.03268e+06 2.025e+06 2.42433e+06 2.27542e+06 1.05018e+06 2.36338e+06 3.18982e+06 1.53035e+06
reclaspred
 8.91671e+06 2.39613e+06 1.40835e+06 1.0908e+06 117704 1.13275e+07 1.01814e+07 5.81698e+06 2.57648e+06 216963 319153 1.52448e+06 965596 293555 692025 2.85734e+06 1.84689e+06 3.70509e+06 2.06407e+06 1.82868e+06 3.34107e+06 3.58639e+06 1.59236e+06 2.58286e+06 2.54447e+06 1.60975e+06 2.17207e+06 3.23943e+06 2.24059e+06 1.94812e+06 1.85569e+06 1.00906e+06 832662
pelacesobs
 0 0 0 0 0 0 0 0 0 0 0 0 0 0 0 552880 188675 0 991730 2.46772e+06 1.41603e+06 1.21717e+06 2.29649e+06 1.80582e+06 0 1.4828e+06 1.56532e+06 1.57751e+06 1.42118e+06 867257 1.10002e+06 1.06204e+06 0
pelacespred
 4.74785e+06 1.16688e+06 702920 344998 23869.2 8.42223e+06 5.1065e+06 3.36497e+06 1.46348e+06 63621.2 185003 822672 403023 102270 394203 1.54523e+06 679195 2.23543e+06 896139 753485 1.77596e+06 1.77218e+06 561234 1.65785e+06 1.29419e+06 652424 1.52341e+06 1.97619e+06 942980 1.2339e+06 886152 374740 391253
mphobs
 0 0 0 0 0 0 0 0 0 0 0 0 498337 0 5186 125008 0 168611 109162 213762 579715 649985 157893 87575 83554 210694 70296 0 107559 103333 445601 22526 28222
mphpred
 2.00433e+06 794705 128961 197683 57903.2 3908.56 2.14707e+06 1.2233e+06 666176 143016 5039.25 44682 199147 42491.3 9393.95 64724.3 411098 145414 337720 277452 460957 629796 170368 51416.1 143014 151742 62230.3 122328 246907 100764 99901.5 96110.2 19065.3
desembarqueobs
 494567 514787 250237 358949 120608 361735 552515 73892 212993 205616 52469 317467 293654 387597 252695 516296 358380 742168 942051 627588 828172 859565 418607 520667 417249 300574 415391 372974 316634 284311 391294 218835 356480
desembarquepred
 494489 514234 250267 358109 120424 361623 552148 73879 212789 205148 52437.7 317054 293206 386617 252262 515579 357959 741045 939035 626109 827027 858045 418006 519992 416586 300155 414776 372500 316063 283733 390615 218576 356025
Reclutas
 3049.65 1934.41 196353 35506.2 2372.68 791803 2822.56 901.547 1675.76 2894.16 30627.1 165638 39578.9 53967.6 57140.9 305248 6988.25 326202 183267 216790 224837 395081 6800.51 137294 178187 14438.6 124996 153343 15247.8 99097.5 80226.1 5978.89 79275.2
log_desv_Rt
 -2.48425 -2.93948 1.68063 -0.0295728 -2.73526 3.07503 -2.56164 -3.70292 -3.08301 -2.53658 -0.177395 1.51053 0.079016 0.389105 0.446242 2.12185 -1.65505 2.18824 1.61166 1.77965 1.8161 2.37981 -1.68228 1.32284 1.58355 -0.929376 1.229 1.4334 -0.874846 0.996825 0.78557 -1.81104 0.773646
SSB
 1.83255e+06 726593 117908 180740 52940.4 3573.57 1.96305e+06 1.11845e+06 609079 130759 4607.35 40852.4 169294 36777 8103.15 56836.5 375863 132951 328235 113153 195053 284791 366041 102824 255118 298082 111651 206257 438075 163847 199287 202569 36494.1
BT
 2.25838e+06 1.00715e+06 476419 379495 108224 3.48826e+06 2.41625e+06 1.33499e+06 776466 260151 113502 571093 403966 428415 395753 994237 540229 1.52441e+06 1.21331e+06 761154 1.38348e+06 1.3967e+06 555444 1.13317e+06 843515 491239 1.01798e+06 1.08125e+06 620655 744206 664039 316129 460960
Ftot
 0.286781 1.00636 0.996055 1.54554 3.16833 0.20045 0.289395 0.0668903 0.419779 2.98171 0.971057 1.19005 1.47585 4.56936 1.977 1.05421 0.959448 1.13741 2.12642 1.804 1.34213 1.30246 1.24165 1.13861 0.908468 0.93662 1.08069 0.670473 0.720925 0.818642 1.13457 1.05825 2.19063
BD_Bspro_t
 0.955334 0.640614 0.23707 0.328511 0.0973707 0.0103592 0.79079 0.639683 0.575468 0.256371 0.0230064 0.255644 0.340484 0.0847335 0.0211925 0.130651 0.360782 0.165403 0.262569 0.104723 0.137079 0.182492 0.229177 0.0902649 0.22306 0.28971 0.166304 0.29788 0.445134 0.252327 0.313813 0.276561 0.104845
BD_Bspro
 6.95526 2.75772 0.447511 0.685984 0.200931 0.0135632 7.45059 4.24497 2.31171 0.496283 0.0174868 0.155051 0.642541 0.139584 0.0307548 0.215718 1.42656 0.504602 1.24579 0.429464 0.740306 1.0809 1.38928 0.390259 0.968278 1.13134 0.42376 0.782829 1.66268 0.621866 0.756376 0.768834 0.13851
BD_Bo
 5.28891 2.09702 0.340296 0.521635 0.152791 0.0103137 5.66557 3.22796 1.75786 0.377383 0.0132973 0.117904 0.4886 0.106142 0.0233865 0.164036 1.08478 0.383709 0.947319 0.326572 0.562943 0.821937 1.05643 0.29676 0.736297 0.860295 0.322235 0.595278 1.26433 0.472879 0.575163 0.584636 0.105326
BD_Brms
 5.67165 2.24877 0.364922 0.559384 0.163848 0.01106 6.07557 3.46155 1.88507 0.404693 0.0142596 0.126436 0.523959 0.113823 0.0250789 0.175907 1.16328 0.411477 1.01587 0.350205 0.603681 0.881417 1.13288 0.318236 0.78958 0.922552 0.345554 0.638356 1.35582 0.507099 0.616785 0.626944 0.112948
Sel_flota
 0.590248 0.964751 0.998081 0.999899 0.999995
 0.590248 0.964751 0.998081 0.999899 0.999995
 0.590248 0.964751 0.998081 0.999899 0.999995
 0.590248 0.964751 0.998081 0.999899 0.999995
 0.590248 0.964751 0.998081 0.999899 0.999995
 0.590248 0.964751 0.998081 0.999899 0.999995
 0.590248 0.964751 0.998081 0.999899 0.999995
 0.590248 0.964751 0.998081 0.999899 0.999995
 0.590248 0.964751 0.998081 0.999899 0.999995
 0.590248 0.964751 0.998081 0.999899 0.999995
 0.590248 0.964751 0.998081 0.999899 0.999995
 0.590248 0.964751 0.998081 0.999899 0.999995
 0.590248 0.964751 0.998081 0.999899 0.999995
 0.590248 0.964751 0.998081 0.999899 0.999995
 0.590248 0.964751 0.998081 0.999899 0.999995
 0.590248 0.964751 0.998081 0.999899 0.999995
 0.590248 0.964751 0.998081 0.999899 0.999995
 0.590248 0.964751 0.998081 0.999899 0.999995
 0.590248 0.964751 0.998081 0.999899 0.999995
 0.590248 0.964751 0.998081 0.999899 0.999995
 0.590248 0.964751 0.998081 0.999899 0.999995
 0.590248 0.964751 0.998081 0.999899 0.999995
 0.590248 0.964751 0.998081 0.999899 0.999995
 0.590248 0.964751 0.998081 0.999899 0.999995
 0.590248 0.964751 0.998081 0.999899 0.999995
 0.590248 0.964751 0.998081 0.999899 0.999995
 0.590248 0.964751 0.998081 0.999899 0.999995
 0.590248 0.964751 0.998081 0.999899 0.999995
 0.590248 0.964751 0.998081 0.999899 0.999995
 0.590248 0.964751 0.998081 0.999899 0.999995
 0.590248 0.964751 0.998081 0.999899 0.999995
 0.590248 0.964751 0.998081 0.999899 0.999995
 0.590248 0.964751 0.998081 0.999899 0.999995
Sel_reclas
 0.709181 1 1 1 1
 0.709181 1 1 1 1
 0.709181 1 1 1 1
 0.709181 1 1 1 1
 0.709181 1 1 1 1
 0.709181 1 1 1 1
 0.709181 1 1 1 1
 0.709181 1 1 1 1
 0.709181 1 1 1 1
 0.709181 1 1 1 1
 0.709181 1 1 1 1
 0.709181 1 1 1 1
 0.709181 1 1 1 1
 0.709181 1 1 1 1
 0.709181 1 1 1 1
 0.709181 1 1 1 1
 0.709181 1 1 1 1
 0.709181 1 1 1 1
 0.709181 1 1 1 1
 0.709181 1 1 1 1
 0.709181 1 1 1 1
 0.709181 1 1 1 1
 0.709181 1 1 1 1
 0.709181 1 1 1 1
 0.709181 1 1 1 1
 0.709181 1 1 1 1
 0.709181 1 1 1 1
 0.709181 1 1 1 1
 0.709181 1 1 1 1
 0.709181 1 1 1 1
 0.709181 1 1 1 1
 0.709181 1 1 1 1
 0.709181 1 1 1 1
Sel_pelaces
 1 1 1 1 1
 1 1 1 1 1
 1 1 1 1 1
 1 1 1 1 1
 1 1 1 1 1
 1 1 1 1 1
 1 1 1 1 1
 1 1 1 1 1
 1 1 1 1 1
 1 1 1 1 1
 1 1 1 1 1
 1 1 1 1 1
 1 1 1 1 1
 1 1 1 1 1
 1 1 1 1 1
 1 1 1 1 1
 1 1 1 1 1
 1 1 1 1 1
 1 1 1 1 1
 1 1 1 1 1
 1 1 1 1 1
 1 1 1 1 1
 1 1 1 1 1
 1 1 1 1 1
 1 1 1 1 1
 1 1 1 1 1
 1 1 1 1 1
 1 1 1 1 1
 1 1 1 1 1
 1 1 1 1 1
 1 1 1 1 1
 1 1 1 1 1
 1 1 1 1 1
pf_obs 
 0.8446 0.082 0.0669 0.0065 0
 0.8095 0.147 0.0364 0.0071 0
 0.9664 0.0169 0.016 0.0007 0
 0.9276 0.0648 0.0075 0.0001 0
 0.7033 0.2144 0.0806 0.0017 0
 0.9318 0.0425 0.0243 0.0014 0
 0.5671 0.3108 0.0964 0.0239 0.0018
 0.0768 0.2599 0.5324 0.112 0.0189
 0.490249 0.384438 0.106611 0.0170017 0.00170017
 0.7925 0.1577 0.0466 0.003 0.0002
 0.840416 0.127587 0.0312969 0.00059994 9.999e-05
 0.8084 0.0986 0.0794 0.0134 0.0002
 0.7335 0.1905 0.0724 0.0035 0.0001
 0.4001 0.4547 0.1325 0.0127 0
 0.49795 0.308269 0.164784 0.0264974 0.00249975
 0.9179 0.0499 0.0305 0.0017 0
 0.2467 0.6533 0.0926 0.0074 0
 0.9418 0.0223 0.034 0.0019 0
 0.707729 0.231977 0.0356964 0.0245975 0
 0.517169 0.277429 0.184464 0.0207286 0.00020938
 0.811772 0.124168 0.05621 0.00726502 0.000585176
 0.764997 0.148141 0.077277 0.00933861 0.000247198
 0.163321 0.427699 0.378323 0.0303852 0.000271297
 0.753843 0.0900009 0.118128 0.0371064 0.000921714
 0.721811 0.176058 0.0630433 0.0369309 0.00215725
 0.143369 0.312575 0.442814 0.0836902 0.0175525
 0.692698 0.0596174 0.167031 0.0765114 0.00414204
 0.394062 0.376323 0.152708 0.0712218 0.00568511
 0.125707 0.32114 0.495352 0.0537591 0.00404204
 0.23352 0.215282 0.420074 0.123614 0.00750983
 0.796117 0.104755 0.0508955 0.0450114 0.00322123
 0.162477 0.292055 0.404252 0.121198 0.0200186
 0 0 0 0 0
pf_pred 
 0.0170072 0.160945 0.722862 0.0991858 6.80529e-07
 0.0405676 0.0283608 0.157454 0.680445 0.093173
 0.96683 0.00276534 0.000950032 0.00499335 0.0244608
 0.392112 0.598336 0.000839483 0.000273038 0.00843899
 0.185421 0.493874 0.316014 0.000413814 0.00427765
 0.999435 0.00026919 0.000187462 0.000107032 1.57867e-06
 0.00691844 0.992749 0.000161244 0.000108281 6.26127e-05
 0.00734431 0.0115346 0.980805 0.000153361 0.0001622
 0.0399968 0.0116933 0.011393 0.936616 0.000300783
 0.262173 0.0530284 0.00871357 0.00814066 0.667944
 0.985662 0.00845108 0.000470563 6.93497e-05 0.00534742
 0.948738 0.0509037 0.000216088 1.13994e-05 0.000130819
 0.48478 0.502564 0.0125722 5.0288e-05 3.29856e-05
 0.842446 0.10849 0.0479357 0.00112105 7.39783e-06
 0.969617 0.029535 0.000611623 0.000230673 5.38362e-06
 0.970118 0.0295355 0.000337221 6.44669e-06 2.47733e-06
 0.073718 0.912644 0.0134889 0.000145636 3.84224e-06
 0.956425 0.00602036 0.0370298 0.000518686 5.7312e-06
 0.694945 0.298955 0.000886143 0.0051413 7.25816e-05
 0.880876 0.103027 0.0158021 4.30483e-05 0.000252129
 0.849388 0.143077 0.0065813 0.000936144 1.74122e-05
 0.876049 0.114855 0.00866812 0.000374289 5.40449e-05
 0.063826 0.880004 0.0522799 0.00370765 0.000182593
 0.912962 0.011247 0.0714968 0.00399771 0.000296501
 0.821015 0.171597 0.00100407 0.00602355 0.000360648
 0.190789 0.729214 0.0768642 0.000426803 0.00270605
 0.902813 0.0312511 0.0597242 0.00596961 0.000242582
 0.801698 0.188841 0.00316045 0.0057088 0.000591988
 0.193571 0.712108 0.0900245 0.00143784 0.00285928
 0.85295 0.0460433 0.0896855 0.0108072 0.000514475
 0.700103 0.276202 0.00768001 0.0142246 0.00179079
 0.18823 0.675091 0.126462 0.00331851 0.00689845
 0.945137 0.0179654 0.030973 0.00548348 0.000441616
pobs_RECLAS
 0 0 0 0 0
 0 0 0 0 0
 0 0 0 0 0
 0 0 0 0 0
 0 0 0 0 0
 0 0 0 0 0
 0 0 0 0 0
 0 0 0 0 0
 0 0 0 0 0
 0 0 0 0 0
 0.991045 0.00858322 0.000360255 1.14367e-05 0
 0.934742 0.0480273 0.0164251 0.00080598 0
 0.827803 0.169806 0.00239088 0 0
 0.941827 0.0461693 0.0120037 0 0
 0.791401 0.0380133 0.147996 0.0225897 0
 0.846168 0.0940531 0.0597789 0 0
 0.134021 0.677848 0.182769 0.00536245 0
 0.80878 0.0450904 0.141981 0.00414843 0
 0.846168 0.0940531 0.0597789 0 0
 0.905697 0.0802665 0.012482 0.00150086 5.37128e-05
 0.989698 0.0102097 9.19794e-05 0 0
 0.975433 0.0193895 0.00387452 0.00125025 5.28907e-05
 0.303575 0.632131 0.0575291 0.00676475 0
 0.966965 0.00978017 0.0227588 0.000495775 0
 0.843318 0.132988 0.00938335 0.0141283 0.000182051
 0.564624 0.303363 0.111486 0.0197234 0.00080311
 0.826376 0.0876187 0.0782897 0.00655872 0.00115652
 0.89761 0.0855135 0.0140674 0.00269457 0.000114338
 0.34875 0.467042 0.161289 0.0227151 0.000203297
 0.318654 0.224769 0.449479 0.00709798 0
 0.937255 0.0296025 0.0250945 0.00804832 0
 0.456809 0.399803 0.12412 0.0192676 0
 0.883104 0.0372192 0.0704036 0.00927362 0
ppred_RECLAS
 0.020447 0.165156 0.716295 0.0981008 6.73018e-07
 0.051039 0.0291876 0.155818 0.671955 0.0920004
 0.973667 0.00227979 0.000753184 0.0039504 0.0193496
 0.452232 0.539542 0.000724571 0.000235108 0.00726574
 0.265046 0.456553 0.274343 0.000358025 0.00370029
 0.999525 0.000230615 0.000155135 8.84102e-05 1.30388e-06
 0.008097 0.991583 0.00015552 0.000104242 6.02709e-05
 0.00881136 0.011913 0.978961 0.000152792 0.000161583
 0.0484947 0.0120264 0.0113082 0.927873 0.000297945
 0.362398 0.0486112 0.00751999 0.00700262 0.574468
 0.988402 0.00695019 0.000372218 5.47413e-05 0.00422053
 0.958256 0.0414644 0.000169011 8.89645e-06 0.000102083
 0.544827 0.444453 0.0106492 4.24973e-05 2.7872e-05
 0.912553 0.0617481 0.0251107 0.000584609 3.85692e-06
 0.977107 0.0222836 0.000439752 0.000165421 3.86019e-06
 0.975519 0.0242081 0.000265678 5.06821e-06 1.94739e-06
 0.0884341 0.898649 0.012776 0.000137652 3.6312e-06
 0.965583 0.00492239 0.0290835 0.0004065 4.4911e-06
 0.755862 0.239499 0.0006754 0.00390805 5.51636e-05
 0.907057 0.0808787 0.0118432 3.2183e-05 0.000188467
 0.876497 0.117567 0.0051859 0.000735994 1.36878e-05
 0.898706 0.0941426 0.00681565 0.000293642 4.23949e-05
 0.0784269 0.868382 0.0495144 0.00350378 0.000172533
 0.930626 0.00928395 0.056692 0.00316305 0.000234569
 0.847963 0.145999 0.000822044 0.00492135 0.000294624
 0.223515 0.702363 0.0712252 0.00039467 0.00250205
 0.921455 0.0259461 0.0476533 0.00475291 0.000193118
 0.82879 0.163334 0.00263448 0.00474931 0.000492439
 0.22422 0.687991 0.0837973 0.00133571 0.0026559
 0.877789 0.039274 0.0736578 0.00885779 0.00042163
 0.74301 0.23745 0.00634248 0.011722 0.00147555
 0.222664 0.650724 0.117167 0.00306806 0.00637711
 0.960588 0.013352 0.0218845 0.00386387 0.000311135
pobs_PELACES
 0 0 0 0 0
 0 0 0 0 0
 0 0 0 0 0
 0 0 0 0 0
 0 0 0 0 0
 0 0 0 0 0
 0 0 0 0 0
 0 0 0 0 0
 0 0 0 0 0
 0 0 0 0 0
 0 0 0 0 0
 0 0 0 0 0
 0 0 0 0 0
 0 0 0 0 0
 0 0 0 0 0
 0 0 0 0 0
 0.505614 0.472636 0.0217494 0 0
 0 0 0 0 0
 0.443492 0.261883 0.143347 0.151278 0
 0.227955 0.32914 0.350689 0.0885471 0.00366901
 0.970185 0.0296113 0.000203453 0 0
 0.997202 0.00247181 0.000326279 0 0
 0.445219 0.490057 0.0546422 0.010081 0
 0.90214 0.0892962 0.00764917 0.000914606 0
 0 0 0 0 0
 0.581667 0.319106 0.0959925 0.00289975 0.000334073
 0.762889 0.0836404 0.116647 0.0363945 0.000428098
 0.88444 0.0763242 0.0277011 0.0115352 0
 0.521256 0.241999 0.230069 0.00667565 0
 0.616807 0.101726 0.260614 0.0208532 0
 0.833518 0.0704572 0.0857862 0.0102388 0
 0.697417 0.212968 0.0787535 0.0105354 0.000325836
 0 0 0 0 0
ppred_PELACES
 0.029669 0.164034 0.709186 0.0971104 6.66218e-07
 0.0799118 0.0286188 0.151099 0.651213 0.0891576
 0.983497 0.00144396 0.000471847 0.00247333 0.0121144
 0.584983 0.408894 0.000539863 0.000175012 0.00540827
 0.432507 0.357163 0.20727 0.000269978 0.00279002
 0.999671 0.00015957 0.000107106 6.10316e-05 9.00094e-07
 0.0117891 0.987893 0.000154449 0.000103506 5.98449e-05
 0.0124904 0.0118774 0.975319 0.000152218 0.000160975
 0.0706818 0.0118025 0.0110466 0.906178 0.000290975
 0.544665 0.0358427 0.00536586 0.00498776 0.409138
 0.992706 0.00439058 0.00023264 3.41939e-05 0.00263626
 0.974026 0.0258017 0.000103801 5.46004e-06 6.26495e-05
 0.669563 0.322778 0.00760932 3.03392e-05 1.98972e-05
 0.963318 0.026281 0.0101637 0.000235975 1.55661e-06
 0.987161 0.0125048 0.000241466 9.07245e-05 2.11697e-06
 0.984619 0.0152113 0.000165017 3.14595e-06 1.20875e-06
 0.133479 0.854369 0.012019 0.000129421 3.41397e-06
 0.978733 0.0030744 0.017939 0.000250562 2.76816e-06
 0.850309 0.146914 0.000404729 0.00233889 3.3012e-05
 0.945183 0.0478241 0.00686541 1.8636e-05 0.000109128
 0.922004 0.0743002 0.00322936 0.000457949 8.51647e-06
 0.936347 0.0592184 0.00422626 0.000181939 2.62667e-05
 0.122815 0.827206 0.0465268 0.00328991 0.000161995
 0.956544 0.00587905 0.0354534 0.00197672 0.000146587
 0.897986 0.0980031 0.000546318 0.00326887 0.00019569
 0.313261 0.621794 0.0624087 0.000345622 0.00219104
 0.950143 0.0166012 0.0301301 0.00300321 0.000122021
 0.881209 0.113366 0.00181509 0.00327083 0.000339134
 0.308401 0.613886 0.0741808 0.00118191 0.00235004
 0.918535 0.0263408 0.048959 0.00588472 0.000280105
 0.824409 0.162398 0.004284 0.00791215 0.00099594
 0.315639 0.573979 0.102153 0.0026732 0.0055562
 0.978624 0.00735879 0.0117742 0.00207609 0.000167164
pobs_pel_tallas
 0 0 0 0 0 0 0 0 0 0 0 0 0 0 0 0 0 0 0 0 0 0 0 0 0 0
 0 0 0 0 0 0 0 0 0 0 0 0 0 0 0 0 0 0 0 0 0 0 0 0 0 0
 0 0 0 0 0 0 0 0 0 0 0 0 0 0 0 0 0 0 0 0 0 0 0 0 0 0
 0 0 0 0 0 0 0 0 0 0 0 0 0 0 0 0 0 0 0 0 0 0 0 0 0 0
 0 0 0 0 0 0 0 0 0 0 0 0 0 0 0 0 0 0 0 0 0 0 0 0 0 0
 0 0 0 0 0 0 0 0 0 0 0 0 0 0 0 0 0 0 0 0 0 0 0 0 0 0
 0 0 0 0 0 0 0 0 0 0 0 0 0 0 0 0 0 0 0 0 0 0 0 0 0 0
 0 0 0 0 0 0 0 0 0 0 0 0 0 0 0 0 0 0 0 0 0 0 0 0 0 0
 0 0 0 0 0 0 0 0 0 0 0 0 0 0 0 0 0 0 0 0 0 0 0 0 0 0
 0 0 0 0 0 0 0 0 0 0 0 0 0 0 0 0 0 0 0 0 0 0 0 0 0 0
 0 0 0 0 0 0 0 0 0 0 0 0 0 0 0 0 0 0 0 0 0 0 0 0 0 0
 0 0 0 0 0 0 0 0 0 0 0 0 0 0 0 0 0 0 0 0 0 0 0 0 0 0
 0.00862536 0 0 0.000197151 0.00414017 0.0128641 0.00837892 0.0270097 0.101434 0.158115 0.152841 0.127902 0.109271 0.109419 0.0830992 0.0579132 0.0238553 0.00714673 0.00463305 0.00128148 0.00103504 0.000492878 0.000147863 0.000147863 4.92878e-05 0
 0 0 0 0 0 0 0 0 0 0 0 0 0 0 0 0 0 0 0 0 0 0 0 0 0 0
 0 0 0 0 0 0 0 0.0054083 0.00873648 0.0413646 0.0450493 0.0745869 0.0622846 0.0627006 0.0613931 0.0827291 0.12552 0.122667 0.0946155 0.0697135 0.0546179 0.0294188 0.0215738 0.0213955 0.0102223 0.00600262
 0 0 0 0 0.00359764 0.0251062 0.0480494 0.140153 0.205849 0.193036 0.1447 0.116669 0.0760912 0.0342217 0.00950174 0.001854 0.000860785 0 0 0 0.000165536 0 0.000143464 0 0 0
 0 0 0 0 0 0 0 0.000145254 0.000435761 0.0275982 0.070085 0.0708112 0.156366 0.174668 0.174014 0.160142 0.0824315 0.0480064 0.0283245 0.00493863 0.00203355 0 0 0 0 0
 0 0 0 0 0 0 0 0 0 0 0 0 0 0 0 0 0 0 0 0 0 0 0 0 0 0
 0 0 1.00437e-05 0.000401748 0.00122533 0.00171747 0.00176769 0.0269171 0.070346 0.194647 0.189555 0.159765 0.064822 0.0314167 0.0384472 0.0292271 0.0345202 0.0313363 0.0194345 0.0106764 0.0143323 0.0359363 0.0279516 0.0138201 0.00172751 0
 0 0.0021121 0.0136068 0.0755702 0.200478 0.177729 0.0527432 0.0373336 0.0318909 0.0142505 0.0149659 0.0166563 0.0217959 0.0798694 0.0677717 0.0528807 0.04013 0.0224614 0.0357745 0.0225083 0.00881397 0.00855152 0.00135912 0.000746735 0 0
 0 0 0 0 5.4009e-05 0.00500934 0.000945158 0.0243581 0.138947 0.33067 0.221406 0.137944 0.0707744 0.0437923 0.0131692 0.00525238 0.0047753 0.00276346 9.45158e-05 9.00151e-06 2.25038e-05 9.00151e-06 4.50075e-06 0 0 0
 0.000866109 0.00284123 0.00948549 0.0512746 0.133035 0.25785 0.225252 0.132002 0.0553304 0.0519788 0.0540692 0.017754 0.00435017 0.00159236 0.00146478 0.000404838 0.000125132 0.000115318 0.000107957 0.000100596 0 0 0 0 0 0
 0 0 0 0 0.00144013 0.00171154 0.00461396 0.0210425 0.0478622 0.0707936 0.0888783 0.103762 0.0637923 0.0337046 0.0602308 0.124433 0.169614 0.0934646 0.0462172 0.0250306 0.0313229 0.00938855 0.002487 0.000210481 0 0
 0 0.00764035 0.051015 0.0998891 0.058973 0.0496711 0.0374665 0.0718981 0.12319 0.153886 0.159021 0.0857701 0.0377988 0.023471 0.0147837 0.00900784 0.00315554 0.000888139 0.00291439 0.00214683 0.00393193 0.00274676 0.000635225 9.99891e-05 0 0
 0 0 0 0 0 0 0 0 0 0 0 0 0 0 0 0 0 0 0 0 0 0 0 0 0 0
 0 0 0 0 0 0 0 0 0 0 0 0 0 0 0 0 0 0 0 0 0 0 0 0 0 0
 0 0 0 0 0 0 0 0 0 0 0 0 0 0 0 0 0 0 0 0 0 0 0 0 0 0
 0 0 0 0 0 0 0 0 0 0 0 0 0 0 0 0 0 0 0 0 0 0 0 0 0 0
 0 0 0 0 0 0 0 0 0 0 0 0 0 0 0 0 0 0 0 0 0 0 0 0 0 0
 0 0 0 0 0 0 0 0 0 0 0 0 0 0 0 0 0 0 0 0 0 0 0 0 0 0
 0 0 0 0 0 0 0 0 0 0 0 0 0 0 0 0 0 0 0 0 0 0 0 0 0 0
 0 0 0 0 0 0 0 0 0 0 0 0 0 0 0 0 0 0 0 0 0 0 0 0 0 0
 0 0 0 0 0 0 0 0 0 0 0 0 0 0 0 0 0 0 0 0 0 0 0 0 0 0
ppred_pel_tallas
 1.30247e-16 2.44383e-06 2.37549e-05 0.000157861 0.000717622 0.00223288 0.004758 0.00694797 0.00696487 0.0048411 0.00251505 0.00154658 0.00229129 0.00485526 0.00968886 0.0173456 0.0280903 0.0417966 0.0581242 0.0766117 0.0963188 0.115187 0.129869 0.136641 0.133078 0.119395
 1.84764e-16 6.58224e-06 6.39817e-05 0.000425181 0.00193281 0.00601372 0.012813 0.0187016 0.0187048 0.012829 0.00606911 0.00209968 0.000871001 0.00113023 0.00231785 0.00461256 0.00861585 0.0152816 0.0259205 0.0419988 0.0645499 0.093284 0.125812 0.157554 0.182656 0.195736
 1.02313e-16 8.10093e-05 0.000787439 0.00523281 0.0237876 0.074012 0.15769 0.230154 0.230154 0.157691 0.0740144 0.0237945 0.00525035 0.000826595 0.000158198 0.000141503 0.000217501 0.000324874 0.000470588 0.00068089 0.000993869 0.00144283 0.00203173 0.00271534 0.00339699 0.00394928
 1.01053e-16 4.81843e-05 0.000468369 0.00311248 0.0141489 0.0440227 0.0937964 0.136907 0.136946 0.0939885 0.0446673 0.0160097 0.00777881 0.0106401 0.0193221 0.0317522 0.0454665 0.0566113 0.0613001 0.0577535 0.0473986 0.0339873 0.0214594 0.0121795 0.00654323 0.00369174
 1.06572e-16 3.56251e-05 0.000346288 0.00230121 0.010461 0.0325482 0.0693487 0.101224 0.101258 0.0695182 0.033118 0.0121096 0.00645076 0.00944194 0.0174181 0.0290195 0.0424472 0.0547116 0.0627188 0.0649256 0.0620879 0.0564389 0.0500551 0.0437983 0.0374812 0.0307364
 1.0001e-16 8.23416e-05 0.00080039 0.00531887 0.0241788 0.0752293 0.160284 0.233939 0.233939 0.160284 0.0752295 0.0241796 0.00532074 0.000804485 9.01944e-05 1.8966e-05 1.97274e-05 2.54586e-05 2.9931e-05 3.23332e-05 3.30594e-05 3.30377e-05 3.29444e-05 3.2745e-05 3.18608e-05 2.97069e-05
 1.00278e-16 9.71257e-07 9.44106e-06 6.27438e-05 0.000285283 0.00088813 0.00189576 0.00278684 0.00288183 0.00235979 0.00244553 0.00478063 0.0113355 0.0245809 0.0465574 0.0766808 0.109789 0.136647 0.147849 0.139064 0.113711 0.0808364 0.0499677 0.0268661 0.0125771 0.00514094
 1.28192e-16 1.02883e-06 1.00005e-05 6.64572e-05 0.000302106 0.000939978 0.00200281 0.0029237 0.00292634 0.00201645 0.000990096 0.000465934 0.000549452 0.00130119 0.00314472 0.00699325 0.0142364 0.0265241 0.0451754 0.0702105 0.0993786 0.127882 0.149399 0.158294 0.152012 0.132254
 1.91248e-16 5.82197e-06 5.65916e-05 0.000376071 0.00170957 0.0053191 0.011333 0.0165411 0.0165426 0.0113404 0.00534505 0.00178985 0.000598994 0.000618959 0.00131325 0.00284265 0.00584336 0.0114167 0.0211537 0.0369212 0.0602204 0.0911659 0.127484 0.164181 0.194408 0.211473
 1.69903e-16 4.48634e-05 0.000436088 0.00289796 0.0131737 0.0409883 0.08733 0.127461 0.127465 0.0873473 0.0410468 0.0133441 0.0033316 0.00140394 0.00195213 0.00335994 0.00538032 0.008091 0.0118514 0.0174458 0.0260122 0.038605 0.0555036 0.0755998 0.096235 0.113693
 1.00458e-16 8.17679e-05 0.000794813 0.00528181 0.0240104 0.0747051 0.159167 0.232309 0.23231 0.159169 0.0747121 0.0240304 0.00533214 0.000904712 0.000290612 0.000351481 0.000499842 0.000632562 0.00070771 0.00071188 0.000666326 0.000614939 0.000598329 0.000632453 0.000704051 0.000781267
 1.00021e-16 8.02293e-05 0.000779857 0.00518242 0.0235585 0.0732994 0.156172 0.227938 0.227941 0.156184 0.0733401 0.023676 0.00547688 0.00142173 0.00129648 0.00200909 0.00286926 0.00357197 0.00386692 0.00364095 0.00298324 0.00212968 0.00132844 0.000729212 0.000358617 0.00016509
 1.00309e-16 5.51511e-05 0.000536088 0.0035625 0.0161946 0.0503876 0.107357 0.156698 0.156729 0.107509 0.0508967 0.0176642 0.00724837 0.00857211 0.0152867 0.0251051 0.035972 0.04484 0.0486433 0.0459678 0.0379125 0.027395 0.0174786 0.0100013 0.0052851 0.0027029
 1.00325e-16 7.93472e-05 0.000771283 0.00512545 0.0232995 0.0724935 0.154455 0.225432 0.225435 0.154468 0.0725353 0.0234203 0.00542898 0.0014354 0.00134499 0.00210924 0.00305666 0.00389685 0.0043901 0.00442224 0.0040607 0.00349503 0.00291105 0.00240137 0.00196529 0.00156694
 1.0002e-16 8.13111e-05 0.000790373 0.00525231 0.0238762 0.0742878 0.158278 0.231012 0.231013 0.158284 0.0743075 0.0239332 0.00539509 0.00110167 0.000671331 0.000978019 0.0013936 0.00173675 0.00188402 0.00178055 0.00146919 0.00106326 0.000681548 0.000395081 0.000215781 0.000118594
 1.0001e-16 8.11018e-05 0.000788338 0.00523878 0.0238148 0.0740966 0.157871 0.230417 0.230419 0.157878 0.0741205 0.023884 0.00541242 0.00116685 0.000798399 0.00118743 0.00169294 0.00210824 0.00228381 0.00215277 0.00176735 0.00126603 0.000794447 0.000440339 0.000219366 0.000101627
 1.00579e-16 1.09947e-05 0.000106872 0.000710209 0.00322856 0.0100457 0.0214064 0.0312605 0.0313427 0.0218078 0.011393 0.00711765 0.0104636 0.0213694 0.0403063 0.0663913 0.0951073 0.118481 0.128394 0.121103 0.0995361 0.0714566 0.0450262 0.0251578 0.0127243 0.0060521
 1.00545e-16 8.0617e-05 0.000783626 0.00520747 0.0236724 0.0736536 0.156927 0.229039 0.22904 0.156928 0.073659 0.0236884 0.00524896 0.000878479 0.000273226 0.000356475 0.000580704 0.000885484 0.00126346 0.00170278 0.0021723 0.00260997 0.0029264 0.00303328 0.00288472 0.00250455
 1.0029e-16 7.00389e-05 0.000680803 0.00452417 0.0205662 0.0639893 0.136336 0.19899 0.199004 0.136405 0.0642209 0.0212349 0.00620095 0.004336 0.00699655 0.0114157 0.0163439 0.0203558 0.0220531 0.0207968 0.0170982 0.0123008 0.00781317 0.00447692 0.00242886 0.00136086
 1.00231e-16 7.78535e-05 0.000756763 0.00502896 0.0228609 0.0711288 0.151548 0.221189 0.221194 0.15157 0.0712044 0.0230793 0.00557713 0.0019533 0.00234989 0.00376045 0.00540639 0.00679098 0.00746438 0.00721757 0.00620015 0.00481577 0.00348036 0.00243233 0.00170345 0.00120997
 1.0016e-16 7.59443e-05 0.000738205 0.00490563 0.0223003 0.0693846 0.147831 0.215766 0.215773 0.147866 0.0695018 0.0226388 0.00575466 0.00258966 0.00358637 0.00579351 0.00830237 0.0103642 0.0112724 0.0107024 0.00890449 0.0065428 0.00431157 0.00262281 0.00154326 0.000927857
 1.0016e-16 7.71257e-05 0.000749689 0.00498195 0.0226472 0.0704639 0.150131 0.219122 0.219128 0.150159 0.0705574 0.0229172 0.0056592 0.00222696 0.00287923 0.00462862 0.00663823 0.00830079 0.00905428 0.00863971 0.00725238 0.00541339 0.00366562 0.00232871 0.00145276 0.000926273
 1.01912e-16 1.01163e-05 9.83343e-05 0.00065347 0.00297063 0.00924315 0.0196965 0.0287642 0.0288439 0.0200854 0.0105488 0.00674009 0.0101095 0.0207214 0.0391194 0.0645043 0.0925614 0.115639 0.125933 0.119829 0.100087 0.074047 0.0493734 0.0306011 0.0184584 0.0113619
 1.01248e-16 7.87893e-05 0.00076586 0.00508941 0.0231357 0.0719838 0.153369 0.223847 0.223847 0.153372 0.0719942 0.0231665 0.00516931 0.000948867 0.000451415 0.000686781 0.00113312 0.0017393 0.00250055 0.00339797 0.00437217 0.00529903 0.00599621 0.00627943 0.00604572 0.00533037
 1.00402e-16 7.39659e-05 0.000718975 0.00477784 0.0217194 0.0675771 0.143981 0.210146 0.210155 0.144027 0.0677317 0.0221655 0.00589665 0.00315806 0.00469665 0.00762247 0.0109152 0.0136051 0.0147616 0.0139625 0.0115513 0.00842349 0.00551229 0.00336762 0.00206601 0.00138827
 1.02366e-16 2.5803e-05 0.000250815 0.00166675 0.00757686 0.0235747 0.0502307 0.0733257 0.0733856 0.0505233 0.024557 0.0104133 0.00878433 0.0157805 0.0294954 0.0486569 0.0699362 0.0876157 0.0958685 0.0919799 0.0779606 0.0591949 0.0412676 0.0274325 0.0181676 0.0123288
 1.01196e-16 7.82621e-05 0.000760735 0.00505535 0.0229809 0.0715021 0.152343 0.222349 0.222351 0.152351 0.0715293 0.0230599 0.00525581 0.00120528 0.00094289 0.00148793 0.00225909 0.00309716 0.00388932 0.00457145 0.00513536 0.00558193 0.00586478 0.00588768 0.00556548 0.00489541
 1.00467e-16 7.25841e-05 0.000705543 0.00468858 0.0213136 0.0663146 0.141291 0.20622 0.206231 0.141344 0.0664934 0.0218298 0.00598315 0.00352806 0.0054227 0.00882291 0.0126397 0.0157634 0.0171193 0.0162182 0.0134543 0.00985737 0.00650071 0.0040159 0.00249146 0.00167872
 1.02814e-16 2.54027e-05 0.000246923 0.0016409 0.00745931 0.023209 0.0494514 0.0721882 0.0722473 0.0497404 0.0241792 0.0102612 0.00867252 0.0155922 0.0291543 0.0481183 0.0692178 0.0868321 0.0952287 0.0917305 0.0782949 0.0601749 0.0427993 0.0293018 0.0201137 0.0141198
 1.02058e-16 7.56585e-05 0.000735428 0.00488718 0.0222164 0.0691235 0.147275 0.214953 0.214955 0.147288 0.0691666 0.0223419 0.00520575 0.00144229 0.00145153 0.00236703 0.00360524 0.00495594 0.00624702 0.00737948 0.00833972 0.00912358 0.00964695 0.00974402 0.00926762 0.00820639
 1.01128e-16 6.79056e-05 0.000660066 0.00438637 0.0199398 0.0620403 0.132184 0.19293 0.192945 0.13226 0.0622965 0.0206795 0.00624179 0.00470609 0.00773931 0.0126542 0.018146 0.0226618 0.0246735 0.0234887 0.0196744 0.0146989 0.0100799 0.00669323 0.00463352 0.00351923
 1.04303e-16 2.59989e-05 0.000252719 0.00167941 0.00763438 0.0237537 0.0506118 0.0738809 0.0739363 0.0508822 0.0246619 0.0102579 0.00826593 0.0146349 0.027351 0.0452021 0.0651706 0.0820644 0.0905802 0.0882283 0.0767726 0.060966 0.0456638 0.0335853 0.0250139 0.0189236
 1.00579e-16 8.06079e-05 0.000783538 0.00520688 0.0236697 0.0736454 0.156909 0.229014 0.229015 0.156913 0.0736574 0.0237046 0.00529525 0.000979207 0.000460328 0.000654607 0.000984557 0.00134116 0.00167088 0.00194686 0.00217071 0.00235103 0.00247577 0.00250708 0.00240503 0.00215909
pSPR Fmed_Fpbrs
1   0.982517 0.6 0.325 0.982517 0.982517 0.982517
Fs Fmed_Fpbrs
0   0.01 0.324449 0.81737 0.01 0.01 0.01
SSBpbr Bo_Bmed_Bpbrs
346488  329164  323106 190568 95284.2 323106 323106 323106
Ro
36571.9
SPR SPRFo_SPRFmed_SPRFpbrs
263476 263476 258870
Fref
0
Nvult_r0
 71271.4 1125.4 1919.42 339.622 27.3508
CTP_r0
 40189.5 763.93 1317.05 233.171 18.7786
YTP_r0
356025
Np
 79275.2 29163.7 10728.7 3946.88 1986.13
Nvult_p0
 50111.5 18435 6781.85 2494.9 1255.47
CTP_p0
 0 0 0 0 0
 0 0 0 0 0
 0 0 0 0 0
 0 0 0 0 0
 0 0 0 0 0
 0 0 0 0 0
YTP_p0
 0 0 0 0 0 0
CBA_c0
0
log_Ro
10.327
likeval ReclasPelacesDesembMPH_pf_preclas_ppelaces_ptallas_desvR_qrecl_qpela
 25.5882 0.000422487 0.406894 49.6276 377.822 151.116 146.823 0 163.868 0.00014544 0.00016376 0.0586424 2071.15 0 0
q_reclas_q_pelaces
5.50426 6.10893
M
1
N
 3049.65 18432.9 80328 11004.2 0.0754954
 1934.41 947.2 5142.12 22195.5 3039.02
 196353 392.899 131.976 692.833 3393.76
 35506.2 40124.7 55.2908 17.9659 555.258
 2372.68 5245.93 3323.2 4.34937 44.9588
 791803 134.515 90.7907 51.7505 0.763228
 2822.56 258785 40.784 27.3439 15.81
 901.547 875.315 72009.9 11.2397 11.8864
 1675.76 318.821 301.887 24780.1 7.95719
 2894.16 481.183 78.2297 73.0452 5993.21
 30627.1 183.187 9.97064 1.46766 113.161
 165638 6351.68 26.4083 1.3916 15.969
 39578.9 30186.1 741.278 2.96215 1.94287
 53967.6 6093.23 2673.95 62.512 0.41251
 57140.9 1338.2 27.2931 10.2853 0.240035
 305248 6544.34 73.0956 1.39574 0.536322
 6988.25 60272.6 870.705 9.38938 0.247698
 326202 1459.24 8786.79 122.94 1.35834
 183267 61323.6 179.174 1038.76 14.6639
 216790 19217.7 2899.97 7.89335 46.2283
 224837 27498.3 1240.39 176.254 3.27813
 395081 37456.8 2771.27 119.537 17.2594
 6800.51 67378.1 3922.17 277.857 13.683
 137294 1202.15 7481.51 417.853 30.9893
 178187 25792 147.436 883.391 52.8878
 14438.6 38344.5 3949.61 21.9041 138.869
 124996 3055.87 5714.5 570.521 23.1824
 153343 24298.4 396.322 714.905 74.1285
 15247.8 37975.1 4681.28 74.6672 148.472
 99097.5 3665.29 6968.63 838.643 39.9209
 80226.1 22486.2 612.089 1132.41 142.555
 5978.89 15107.2 2768.55 72.5651 150.838
 79275.2 1177.75 2002.15 354.199 28.5245
pred_Ctot
 304.365 2880.3 12936.5 1775.05 0.0121789
 574.442 401.592 2229.57 9635.17 1319.34
 57842.6 165.442 56.8376 298.737 1463.42
 14435.8 22028.1 30.9061 10.0521 310.686
 1458.35 3884.35 2485.47 3.25467 33.644
 56392 15.1888 10.5773 6.03915 0.0890747
 284.091 40765.2 6.62114 4.44633 2.57106
 22.1332 34.7615 2955.82 0.462177 0.488816
 237.21 69.3498 67.5689 5554.81 1.78386
 1728.72 349.659 57.4556 53.6779 4404.29
 8844.45 75.8325 4.22241 0.622282 47.983
 55887.8 2998.61 12.7292 0.671512 7.70623
 15589.6 16161.5 404.297 1.61716 1.06075
 38393.9 4944.34 2184.64 51.0912 0.337151
 27247.1 829.96 17.1871 6.48212 0.151284
 93965.5 2860.8 32.6632 0.624425 0.239954
 1999.05 24748.7 365.786 3.9493 0.104192
 106397 669.732 4119.36 57.701 0.637565
 91303.8 39277.5 116.424 675.479 9.53598
 97616.3 11417.2 1751.15 4.7705 27.9403
 82826.5 13951.9 641.763 91.2863 1.69792
 142432 18673.6 1409.3 60.8535 8.78684
 2367.69 32644.7 1939.38 137.539 6.77349
 44816.6 552.105 3509.72 196.244 14.555
 48812.3 10202.1 59.6957 358.122 21.4418
 4052.44 15488.8 1632.63 9.06549 57.4778
 39216.9 1357.5 2594.34 259.312 10.5374
 32711.1 7705.14 128.953 232.932 24.1544
 3457.41 12719.1 1607.95 25.6816 51.0702
 24958.7 1347.3 2624.34 316.235 15.0543
 26118.1 10304 286.511 530.665 66.8074
 1845.92 6620.44 1240.18 32.5437 67.6513
 40189.5 763.93 1317.05 233.171 18.7786
F
 0.169272 0.276672 0.286231 0.286752 0.286779
 0.594004 0.970891 1.00443 1.00626 1.00636
 0.587919 0.960945 0.994143 0.995954 0.996049
 0.912253 1.49106 1.54258 1.54539 1.54553
 1.8701 3.05665 3.16225 3.16801 3.16831
 0.118315 0.193384 0.200065 0.200429 0.200449
 0.170815 0.279194 0.28884 0.289366 0.289394
 0.0394819 0.0645325 0.0667619 0.0668835 0.0668899
 0.247774 0.404982 0.418973 0.419736 0.419777
 1.75995 2.8766 2.97598 2.9814 2.98169
 0.573164 0.936828 0.969193 0.970958 0.971051
 0.702423 1.1481 1.18776 1.18993 1.19004
 0.871117 1.42383 1.47302 1.4757 1.47584
 2.69706 4.4083 4.56059 4.5689 4.56934
 1.16692 1.90731 1.97321 1.9768 1.97699
 0.622247 1.01705 1.05219 1.05411 1.05421
 0.566312 0.925629 0.957607 0.959351 0.959443
 0.671353 1.09732 1.13523 1.13729 1.1374
 1.25511 2.05146 2.12234 2.1262 2.12641
 1.0648 1.74041 1.80053 1.80381 1.80399
 0.792188 1.29482 1.33955 1.34199 1.34212
 0.768772 1.25655 1.29996 1.30232 1.30245
 0.732883 1.19789 1.23927 1.24153 1.24165
 0.67206 1.09847 1.13642 1.13849 1.1386
 0.536221 0.876446 0.906725 0.908376 0.908463
 0.552838 0.903605 0.934822 0.936525 0.936615
 0.637872 1.04259 1.07861 1.08058 1.08068
 0.395745 0.64684 0.669186 0.670405 0.67047
 0.425524 0.695513 0.719541 0.720852 0.720921
 0.483202 0.789786 0.817071 0.81856 0.818638
 0.669679 1.09458 1.13239 1.13446 1.13457
 0.624631 1.02095 1.05622 1.05814 1.05825
 1.29302 2.11342 2.18643 2.19041 2.19062
YTP_r0W_actual
 303029 13330.6 31701.4 7302.91 661.944
YTP_p0W_proyectada
 0 0 0 0 0
 0 0 0 0 0
 0 0 0 0 0
 0 0 0 0 0
 0 0 0 0 0
 0 0 0 0 0
CTP_r0_actual
 40189.5 763.93 1317.05 233.171 18.7786
CTP_p0_proyectada
 0 0 0 0 0
 0 0 0 0 0
 0 0 0 0 0
 0 0 0 0 0
 0 0 0 0 0
 0 0 0 0 0
Wmedp
 7.54 17.45 24.07 31.32 35.25
Frms_r0
 1.29302 2.11342 2.18643 2.19041 2.19062
Zrms_r0
 2.29302 3.11342 3.18643 3.19041 3.19062
nmprior
 7.29 8.9 8.7 0
nm_flota  nm_reclas  nm_pelaces    nm_pelaL
inf 14.0185 3.59367 5.99451
cv_recla  cv_pelaces  cv_mph
0.438077 0.750544 0.564832
 ------------------------------------------------
Talla a la edad & desviaci?n 
 8 13.2811 15.8009 17.003 17.5766
 0.8 1.32811 1.58009 1.7003 1.75766
