years
 1991 1992 1993 1994 1995 1996 1997 1998 1999 2000 2001 2002 2003 2004 2005 2006 2007 2008 2009 2010 2011 2012 2013 2014 2015 2016 2017 2018 2019 2020 2021 2022 2023
reclasobs
 0 0 0 0 0 0 0 0 0 252601 567819 844713 477998 351125 339783 2.1784e+06 2.13404e+06 4.81314e+06 1.55562e+06 2.62356e+06 3.21686e+06 3.843e+06 1.13348e+06 3.07943e+06 1.97215e+06 2.03268e+06 2.025e+06 2.42433e+06 2.27542e+06 1.05018e+06 2.36338e+06 3.18982e+06 1.53035e+06
reclaspred
 3.47214e+06 1.80484e+06 907808 745629 738909 2.05302e+06 1.04137e+06 817943 528579 275120 543477 1.1597e+06 1.0249e+06 267894 727484 2.09147e+06 2.04884e+06 3.00742e+06 1.99528e+06 1.6085e+06 3.28932e+06 2.60851e+06 1.71692e+06 2.67481e+06 2.15485e+06 1.89575e+06 2.31009e+06 2.73756e+06 2.44279e+06 1.9254e+06 1.4856e+06 1.28008e+06 1.13255e+06
pelacesobs
 0 0 0 0 0 0 0 0 0 0 0 0 0 0 0 552880 188675 0 991730 2.46772e+06 1.41603e+06 1.21717e+06 2.29649e+06 1.80582e+06 0 1.4828e+06 1.56532e+06 1.57751e+06 1.42118e+06 867257 1.10002e+06 1.06204e+06 0
pelacespred
 1.91646e+06 998300 461349 284977 347211 1.01316e+06 436470 499594 260634 108850 272343 511117 506670 92134.8 352073 892569 994012 1.4893e+06 926895 632954 1.54932e+06 1.21084e+06 881524 1.47375e+06 1.14118e+06 1.04408e+06 1.41555e+06 1.51331e+06 1.3425e+06 1.16611e+06 737090 676546 525460
mphobs
 0 0 0 0 0 0 0 0 0 0 0 0 498337 0 5186 125008 0 168611 109162 213762 579715 649985 157893 87575 83554 210694 70296 0 107559 103333 445601 22526 28222
mphpred
 507107 327553 146754 81959.9 69678.6 93620.4 217187 87662.4 74110.3 36449 18998.5 75035.6 137011 62146.5 10999.9 71378.9 277477 219552 251767 316491 413230 615880 112109 71312.1 132680 111813 87470.6 111951 178142 126878 81379.8 71787.5 39329.5
desembarqueobs
 494567 514787 250237 358949 120608 361735 552515 73892 212993 205616 52469 317467 293654 387597 252695 516296 358380 742168 942051 627588 828172 859565 418607 520667 417249 300574 415391 372974 316634 284311 391294 218835 356480
desembarquepred
 494537 514443 250190 358956 120605 361667 552307 73894.1 213008 205624 52468.3 317384 293687 387531 252553 516024 358328 741849 941004 626994 828034 859308 418606 520607 417094 300550 415306 372858 316513 284139 391213 218858 356480
Reclutas
 138073 87623.8 83396.8 83642.7 70760.1 212842 55759.9 22848.1 27066.2 35623.1 67121.2 157053 73887.7 35297.9 81486.5 344510 62566.2 312448 232395 229632 303532 343691 50216.2 181529 178307 59100.7 161717 189267 74086.9 89237.8 81052 37274.6 101832
log_desv_Rt
 0.329977 -0.124755 -0.174198 -0.171254 -0.338513 0.762744 -0.576752 -1.46894 -1.29952 -1.02481 -0.391308 0.458774 -0.295261 -1.03399 -0.19737 1.24432 -0.461583 1.14663 0.85063 0.83867 1.11768 1.24194 -0.68147 0.60361 0.5857 -0.518565 0.488041 0.64535 -0.292569 -0.106503 -0.202716 -0.979496 0.0255161
SSB
 1.01519e+06 655734 293790 164077 139491 187421 434791 175493 148363 72967.9 38033.4 150215 259401 119135 20976.9 137348 555486 439525 529176 287492 386336 616443 534956 324443 552261 498749 364425 443982 736033 488654 373776 335843 169637
BT
 1.60659e+06 1.12873e+06 525206 502153 355150 1.18103e+06 778392 428013 407649 281333 282430 692561 637461 460730 576898 1.22206e+06 962801 1.87287e+06 1.64119e+06 1.03685e+06 2.00931e+06 1.71487e+06 956226 1.734e+06 1.21402e+06 985539 1.58985e+06 1.56693e+06 1.13803e+06 1.09066e+06 890378 650718 751597
Ftot
 0.425259 0.80019 0.798828 1.45095 0.532421 0.662178 1.35164 0.284245 1.25352 2.16257 0.389967 0.96459 0.859705 3.33437 1.42847 0.979722 0.501049 0.859523 1.43548 1.32195 0.881 1.04931 0.681697 0.716495 0.611991 0.469376 0.643118 0.493445 0.365588 0.464712 0.835034 0.501898 1.0991
BD_Bspro_t
 0.934222 0.628124 0.372167 0.271948 0.229113 0.33459 0.449535 0.225912 0.255344 0.17181 0.129817 0.449665 0.431376 0.212746 0.0529189 0.260172 0.463718 0.384168 0.371068 0.229627 0.244623 0.326326 0.320046 0.253217 0.396784 0.428863 0.406571 0.484278 0.588954 0.498065 0.454551 0.40641 0.350979
BD_Bspro
 1.41955 0.916918 0.410809 0.22943 0.195051 0.262072 0.607972 0.245394 0.207457 0.102032 0.0531824 0.210047 0.362723 0.166588 0.0293322 0.192054 0.776741 0.614592 0.739952 0.402003 0.540217 0.861978 0.748034 0.453672 0.772232 0.697405 0.509579 0.620824 1.0292 0.683289 0.522654 0.469612 0.237206
BD_Bo
 2.73194 1.76463 0.79061 0.441543 0.37538 0.504362 1.17005 0.472264 0.399255 0.196362 0.10235 0.404239 0.698067 0.320601 0.0564504 0.369612 1.49485 1.18279 1.42405 0.773662 1.03966 1.65889 1.4396 0.873099 1.48617 1.34217 0.980694 1.19479 1.98072 1.315 1.00586 0.903777 0.456506
BD_Brms
 2.9263 1.89017 0.846857 0.472956 0.402086 0.540244 1.25329 0.505863 0.427659 0.210332 0.109632 0.432999 0.747731 0.343409 0.0604665 0.395908 1.6012 1.26694 1.52536 0.828703 1.11362 1.77691 1.54202 0.935215 1.59191 1.43765 1.05047 1.27979 2.12163 1.40856 1.07742 0.968076 0.488984
Sel_flota
 0.458756 1 1 1 1
 0.458756 1 1 1 1
 0.458756 1 1 1 1
 0.458756 1 1 1 1
 0.458756 1 1 1 1
 0.458756 1 1 1 1
 0.458756 1 1 1 1
 0.458756 1 1 1 1
 0.458756 1 1 1 1
 0.458756 1 1 1 1
 0.458756 1 1 1 1
 0.458756 1 1 1 1
 0.458756 1 1 1 1
 0.458756 1 1 1 1
 0.458756 1 1 1 1
 0.458756 1 1 1 1
 0.458756 1 1 1 1
 0.458756 1 1 1 1
 0.458756 1 1 1 1
 0.458756 1 1 1 1
 0.458756 1 1 1 1
 0.458756 1 1 1 1
 0.458756 1 1 1 1
 0.458756 1 1 1 1
 0.458756 1 1 1 1
 0.458756 1 1 1 1
 0.458756 1 1 1 1
 0.458756 1 1 1 1
 0.458756 1 1 1 1
 0.458756 1 1 1 1
 0.458756 1 1 1 1
 0.458756 1 1 1 1
 0.458756 1 1 1 1
Sel_reclas
 0.743147 0.935736 0.986537 0.997296 0.999461
 0.743147 0.935736 0.986537 0.997296 0.999461
 0.743147 0.935736 0.986537 0.997296 0.999461
 0.743147 0.935736 0.986537 0.997296 0.999461
 0.743147 0.935736 0.986537 0.997296 0.999461
 0.743147 0.935736 0.986537 0.997296 0.999461
 0.743147 0.935736 0.986537 0.997296 0.999461
 0.743147 0.935736 0.986537 0.997296 0.999461
 0.743147 0.935736 0.986537 0.997296 0.999461
 0.743147 0.935736 0.986537 0.997296 0.999461
 0.743147 0.935736 0.986537 0.997296 0.999461
 0.743147 0.935736 0.986537 0.997296 0.999461
 0.743147 0.935736 0.986537 0.997296 0.999461
 0.743147 0.935736 0.986537 0.997296 0.999461
 0.743147 0.935736 0.986537 0.997296 0.999461
 0.743147 0.935736 0.986537 0.997296 0.999461
 0.743147 0.935736 0.986537 0.997296 0.999461
 0.743147 0.935736 0.986537 0.997296 0.999461
 0.743147 0.935736 0.986537 0.997296 0.999461
 0.743147 0.935736 0.986537 0.997296 0.999461
 0.743147 0.935736 0.986537 0.997296 0.999461
 0.743147 0.935736 0.986537 0.997296 0.999461
 0.743147 0.935736 0.986537 0.997296 0.999461
 0.743147 0.935736 0.986537 0.997296 0.999461
 0.743147 0.935736 0.986537 0.997296 0.999461
 0.743147 0.935736 0.986537 0.997296 0.999461
 0.743147 0.935736 0.986537 0.997296 0.999461
 0.743147 0.935736 0.986537 0.997296 0.999461
 0.743147 0.935736 0.986537 0.997296 0.999461
 0.743147 0.935736 0.986537 0.997296 0.999461
 0.743147 0.935736 0.986537 0.997296 0.999461
 0.743147 0.935736 0.986537 0.997296 0.999461
 0.743147 0.935736 0.986537 0.997296 0.999461
Sel_pelaces
 0.560267 0.865086 0.969943 0.99388 0.998778
 0.560267 0.865086 0.969943 0.99388 0.998778
 0.560267 0.865086 0.969943 0.99388 0.998778
 0.560267 0.865086 0.969943 0.99388 0.998778
 0.560267 0.865086 0.969943 0.99388 0.998778
 0.560267 0.865086 0.969943 0.99388 0.998778
 0.560267 0.865086 0.969943 0.99388 0.998778
 0.560267 0.865086 0.969943 0.99388 0.998778
 0.560267 0.865086 0.969943 0.99388 0.998778
 0.560267 0.865086 0.969943 0.99388 0.998778
 0.560267 0.865086 0.969943 0.99388 0.998778
 0.560267 0.865086 0.969943 0.99388 0.998778
 0.560267 0.865086 0.969943 0.99388 0.998778
 0.560267 0.865086 0.969943 0.99388 0.998778
 0.560267 0.865086 0.969943 0.99388 0.998778
 0.560267 0.865086 0.969943 0.99388 0.998778
 0.560267 0.865086 0.969943 0.99388 0.998778
 0.560267 0.865086 0.969943 0.99388 0.998778
 0.560267 0.865086 0.969943 0.99388 0.998778
 0.560267 0.865086 0.969943 0.99388 0.998778
 0.560267 0.865086 0.969943 0.99388 0.998778
 0.560267 0.865086 0.969943 0.99388 0.998778
 0.560267 0.865086 0.969943 0.99388 0.998778
 0.560267 0.865086 0.969943 0.99388 0.998778
 0.560267 0.865086 0.969943 0.99388 0.998778
 0.560267 0.865086 0.969943 0.99388 0.998778
 0.560267 0.865086 0.969943 0.99388 0.998778
 0.560267 0.865086 0.969943 0.99388 0.998778
 0.560267 0.865086 0.969943 0.99388 0.998778
 0.560267 0.865086 0.969943 0.99388 0.998778
 0.560267 0.865086 0.969943 0.99388 0.998778
 0.560267 0.865086 0.969943 0.99388 0.998778
 0.560267 0.865086 0.969943 0.99388 0.998778
pf_obs 
 0.8446 0.082 0.0669 0.0065 0
 0.8095 0.147 0.0364 0.0071 0
 0.9664 0.0169 0.016 0.0007 0
 0.9276 0.0648 0.0075 0.0001 0
 0.7033 0.2144 0.0806 0.0017 0
 0.9318 0.0425 0.0243 0.0014 0
 0.5671 0.3108 0.0964 0.0239 0.0018
 0.0768 0.2599 0.5324 0.112 0.0189
 0.490249 0.384438 0.106611 0.0170017 0.00170017
 0.7925 0.1577 0.0466 0.003 0.0002
 0.840416 0.127587 0.0312969 0.00059994 9.999e-05
 0.8084 0.0986 0.0794 0.0134 0.0002
 0.7335 0.1905 0.0724 0.0035 0.0001
 0.4001 0.4547 0.1325 0.0127 0
 0.49795 0.308269 0.164784 0.0264974 0.00249975
 0.9179 0.0499 0.0305 0.0017 0
 0.2467 0.6533 0.0926 0.0074 0
 0.9418 0.0223 0.034 0.0019 0
 0.707729 0.231977 0.0356964 0.0245975 0
 0.517169 0.277429 0.184464 0.0207286 0.00020938
 0.811772 0.124168 0.05621 0.00726502 0.000585176
 0.764997 0.148141 0.077277 0.00933861 0.000247198
 0.163321 0.427699 0.378323 0.0303852 0.000271297
 0.753843 0.0900009 0.118128 0.0371064 0.000921714
 0.721811 0.176058 0.0630433 0.0369309 0.00215725
 0.143369 0.312575 0.442814 0.0836902 0.0175525
 0.692698 0.0596174 0.167031 0.0765114 0.00414204
 0.394062 0.376323 0.152708 0.0712218 0.00568511
 0.125707 0.32114 0.495352 0.0537591 0.00404204
 0.23352 0.215282 0.420074 0.123614 0.00750983
 0.796117 0.104755 0.0508955 0.0450114 0.00322123
 0.162477 0.292055 0.404252 0.121198 0.0200186
 0 0 0 0 0
pf_pred 
 0.491611 0.179397 0.29919 0.0298009 1.14057e-06
 0.444566 0.39319 0.0572514 0.095481 0.00951079
 0.583547 0.289823 0.0896413 0.0130524 0.0239365
 0.653425 0.277328 0.0481918 0.0149056 0.00615052
 0.667215 0.290672 0.0336989 0.00585592 0.00255858
 0.821606 0.149683 0.0250776 0.00290735 0.000725958
 0.345355 0.606274 0.0405861 0.00679971 0.000985162
 0.396443 0.392319 0.19563 0.0130961 0.00251199
 0.565852 0.265208 0.109813 0.0547584 0.00436884
 0.77298 0.185109 0.0256019 0.0106009 0.00570788
 0.866665 0.125807 0.00613806 0.000848939 0.000540785
 0.798961 0.189279 0.0110957 0.000541354 0.000122568
 0.50047 0.461313 0.0359819 0.00210929 0.000126211
 0.512807 0.363151 0.114552 0.00893496 0.000555116
 0.939468 0.0543094 0.00463817 0.00146307 0.000121207
 0.923655 0.0750129 0.0011951 0.000102065 3.48626e-05
 0.277535 0.703429 0.0187032 0.000297978 3.41405e-05
 0.822283 0.0883273 0.0870346 0.00231412 4.10927e-05
 0.625349 0.348848 0.0128244 0.0126367 0.000341958
 0.723649 0.237282 0.036379 0.00133737 0.00135346
 0.764598 0.212124 0.0199873 0.00306436 0.00022666
 0.701468 0.270277 0.025461 0.00239906 0.000395019
 0.229975 0.677987 0.0833271 0.00784971 0.000861422
 0.762559 0.106867 0.114967 0.0141298 0.00147715
 0.634652 0.328485 0.0165913 0.0178489 0.00242302
 0.332185 0.5495 0.106377 0.00537294 0.00656486
 0.72974 0.150971 0.0981552 0.0190017 0.0021324
 0.656758 0.301882 0.0231043 0.0150215 0.00323432
 0.354891 0.53593 0.0960229 0.00734903 0.00580682
 0.529736 0.270244 0.166168 0.0297725 0.00407905
 0.551296 0.332503 0.0667762 0.0410595 0.00836456
 0.421946 0.451234 0.0939773 0.0188733 0.013969
 0.77589 0.146243 0.0607838 0.0126593 0.00442405
pobs_RECLAS
 0 0 0 0 0
 0 0 0 0 0
 0 0 0 0 0
 0 0 0 0 0
 0 0 0 0 0
 0 0 0 0 0
 0 0 0 0 0
 0 0 0 0 0
 0 0 0 0 0
 0 0 0 0 0
 0.991045 0.00858322 0.000360255 1.14367e-05 0
 0.934742 0.0480273 0.0164251 0.00080598 0
 0.827803 0.169806 0.00239088 0 0
 0.941827 0.0461693 0.0120037 0 0
 0.791401 0.0380133 0.147996 0.0225897 0
 0.846168 0.0940531 0.0597789 0 0
 0.134021 0.677848 0.182769 0.00536245 0
 0.80878 0.0450904 0.141981 0.00414843 0
 0.846168 0.0940531 0.0597789 0 0
 0.905697 0.0802665 0.012482 0.00150086 5.37128e-05
 0.989698 0.0102097 9.19794e-05 0 0
 0.975433 0.0193895 0.00387452 0.00125025 5.28907e-05
 0.303575 0.632131 0.0575291 0.00676475 0
 0.966965 0.00978017 0.0227588 0.000495775 0
 0.843318 0.132988 0.00938335 0.0141283 0.000182051
 0.564624 0.303363 0.111486 0.0197234 0.00080311
 0.826376 0.0876187 0.0782897 0.00655872 0.00115652
 0.89761 0.0855135 0.0140674 0.00269457 0.000114338
 0.34875 0.467042 0.161289 0.0227151 0.000203297
 0.318654 0.224769 0.449479 0.00709798 0
 0.937255 0.0296025 0.0250945 0.00804832 0
 0.456809 0.399803 0.12412 0.0192676 0
 0.883104 0.0372192 0.0704036 0.00927362 0
ppred_RECLAS
 0.623515 0.128259 0.225517 0.0227077 8.70981e-07
 0.589791 0.285232 0.0437866 0.0738215 0.00736926
 0.71573 0.194399 0.0633912 0.00933089 0.0171488
 0.785365 0.169782 0.0311052 0.00972564 0.00402183
 0.780668 0.19021 0.0232491 0.00408411 0.00178831
 0.891857 0.0899306 0.0158848 0.00186167 0.000465864
 0.50468 0.456824 0.0322417 0.00546061 0.000792867
 0.53108 0.29903 0.157207 0.0106387 0.00204506
 0.709565 0.173477 0.0757305 0.0381749 0.00305236
 0.879703 0.0970301 0.0141486 0.00592231 0.0031957
 0.919782 0.0754482 0.00388092 0.000542614 0.000346402
 0.880387 0.112256 0.00693779 0.000342182 7.76421e-05
 0.647234 0.324413 0.0266776 0.00158092 9.48012e-05
 0.734932 0.194843 0.064798 0.00510929 0.000318122
 0.967956 0.0285819 0.00257349 0.000820636 6.81331e-05
 0.957431 0.0417857 0.000701869 6.05953e-05 2.07426e-05
 0.406265 0.577262 0.0161818 0.00026062 2.99251e-05
 0.892257 0.0521182 0.0541435 0.0014553 2.58983e-05
 0.765101 0.217819 0.00844223 0.00840939 0.000228058
 0.833923 0.141494 0.0228709 0.000849955 0.000862047
 0.856165 0.128898 0.0128048 0.00198458 0.000147111
 0.814162 0.167371 0.0166229 0.00158337 0.000261277
 0.349354 0.569108 0.0737428 0.00702259 0.000772328
 0.849767 0.0656074 0.0744121 0.00924525 0.00096861
 0.756483 0.217612 0.011588 0.0126023 0.0017145
 0.467116 0.434199 0.0886192 0.00452485 0.00554064
 0.826161 0.0947511 0.0649479 0.0127102 0.00142947
 0.772045 0.199059 0.0160619 0.0105567 0.00227793
 0.490535 0.419284 0.0792017 0.00612774 0.00485234
 0.661834 0.189789 0.123033 0.0222843 0.00305975
 0.68945 0.226644 0.0479876 0.0298285 0.00608981
 0.562536 0.337233 0.0740475 0.015033 0.0111508
 0.864807 0.0865087 0.0379081 0.00798111 0.00279522
pobs_PELACES
 0 0 0 0 0
 0 0 0 0 0
 0 0 0 0 0
 0 0 0 0 0
 0 0 0 0 0
 0 0 0 0 0
 0 0 0 0 0
 0 0 0 0 0
 0 0 0 0 0
 0 0 0 0 0
 0 0 0 0 0
 0 0 0 0 0
 0 0 0 0 0
 0 0 0 0 0
 0 0 0 0 0
 0 0 0 0 0
 0.505614 0.472636 0.0217494 0 0
 0 0 0 0 0
 0.443492 0.261883 0.143347 0.151278 0
 0.227955 0.32914 0.350689 0.0885471 0.00366901
 0.970185 0.0296113 0.000203453 0 0
 0.997202 0.00247181 0.000326279 0 0
 0.445219 0.490057 0.0546422 0.010081 0
 0.90214 0.0892962 0.00764917 0.000914606 0
 0 0 0 0 0
 0.581667 0.319106 0.0959925 0.00289975 0.000334073
 0.762889 0.0836404 0.116647 0.0363945 0.000428098
 0.88444 0.0763242 0.0277011 0.0115352 0
 0.521256 0.241999 0.230069 0.00667565 0
 0.616807 0.101726 0.260614 0.0208532 0
 0.833518 0.0704572 0.0857862 0.0102388 0
 0.697417 0.212968 0.0787535 0.0105354 0.000325836
 0 0 0 0 0
ppred_PELACES
 0.582887 0.136278 0.254825 0.0260084 1.00033e-06
 0.569554 0.292786 0.0477991 0.0816843 0.00817661
 0.698616 0.201746 0.0699626 0.0104385 0.0192372
 0.792201 0.162066 0.0315761 0.0100074 0.00414973
 0.759855 0.206435 0.0268338 0.00477805 0.00209793
 0.882176 0.0969142 0.0182049 0.00216266 0.000542671
 0.512761 0.447082 0.0335569 0.00576081 0.000838756
 0.487039 0.319635 0.178705 0.0122584 0.00236289
 0.708047 0.169692 0.0787803 0.0402533 0.00322739
 0.896464 0.0824023 0.0127783 0.00542161 0.00293357
 0.90897 0.0852804 0.00466511 0.000661143 0.000423232
 0.876583 0.115369 0.0075828 0.000379091 8.62534e-05
 0.634442 0.334447 0.0292484 0.00175688 0.000105643
 0.801293 0.143605 0.0507894 0.00405928 0.00025344
 0.969291 0.0271937 0.00260392 0.000841652 7.00701e-05
 0.956184 0.0429586 0.000767371 6.7153e-05 2.30507e-05
 0.378557 0.603135 0.0179803 0.00029353 3.37967e-05
 0.884025 0.0543096 0.0600012 0.00163472 2.91713e-05
 0.773492 0.208962 0.00861303 0.00869643 0.000236491
 0.837033 0.13753 0.0236412 0.000890551 0.000905705
 0.849463 0.133992 0.0141557 0.00222385 0.000165301
 0.810658 0.169433 0.0178958 0.00172784 0.000285901
 0.329114 0.582078 0.0802108 0.00774262 0.000853858
 0.834888 0.0695486 0.0838891 0.0105647 0.00110989
 0.737154 0.233107 0.013201 0.0145521 0.00198522
 0.434417 0.455352 0.0988354 0.00511524 0.00628079
 0.808442 0.10136 0.0738881 0.0146569 0.00165293
 0.749359 0.216939 0.0186158 0.0124019 0.00268345
 0.453125 0.444921 0.0893791 0.00700937 0.00556574
 0.627604 0.203116 0.140031 0.0257086 0.00353963
 0.67349 0.233875 0.0526619 0.03318 0.00679268
 0.530403 0.356483 0.0832427 0.0171301 0.0127412
 0.861087 0.0867993 0.0404497 0.00863225 0.00303159
pobs_pel_tallas
 0 0 0 0 0 0 0 0 0 0 0 0 0 0 0 0 0 0 0 0 0 0 0 0 0 0
 0 0 0 0 0 0 0 0 0 0 0 0 0 0 0 0 0 0 0 0 0 0 0 0 0 0
 0 0 0 0 0 0 0 0 0 0 0 0 0 0 0 0 0 0 0 0 0 0 0 0 0 0
 0 0 0 0 0 0 0 0 0 0 0 0 0 0 0 0 0 0 0 0 0 0 0 0 0 0
 0 0 0 0 0 0 0 0 0 0 0 0 0 0 0 0 0 0 0 0 0 0 0 0 0 0
 0 0 0 0 0 0 0 0 0 0 0 0 0 0 0 0 0 0 0 0 0 0 0 0 0 0
 0 0 0 0 0 0 0 0 0 0 0 0 0 0 0 0 0 0 0 0 0 0 0 0 0 0
 0 0 0 0 0 0 0 0 0 0 0 0 0 0 0 0 0 0 0 0 0 0 0 0 0 0
 0 0 0 0 0 0 0 0 0 0 0 0 0 0 0 0 0 0 0 0 0 0 0 0 0 0
 0 0 0 0 0 0 0 0 0 0 0 0 0 0 0 0 0 0 0 0 0 0 0 0 0 0
 0 0 0 0 0 0 0 0 0 0 0 0 0 0 0 0 0 0 0 0 0 0 0 0 0 0
 0 0 0 0 0 0 0 0 0 0 0 0 0 0 0 0 0 0 0 0 0 0 0 0 0 0
 0.00862536 0 0 0.000197151 0.00414017 0.0128641 0.00837892 0.0270097 0.101434 0.158115 0.152841 0.127902 0.109271 0.109419 0.0830992 0.0579132 0.0238553 0.00714673 0.00463305 0.00128148 0.00103504 0.000492878 0.000147863 0.000147863 4.92878e-05 0
 0 0 0 0 0 0 0 0 0 0 0 0 0 0 0 0 0 0 0 0 0 0 0 0 0 0
 0 0 0 0 0 0 0 0.0054083 0.00873648 0.0413646 0.0450493 0.0745869 0.0622846 0.0627006 0.0613931 0.0827291 0.12552 0.122667 0.0946155 0.0697135 0.0546179 0.0294188 0.0215738 0.0213955 0.0102223 0.00600262
 0 0 0 0 0.00359764 0.0251062 0.0480494 0.140153 0.205849 0.193036 0.1447 0.116669 0.0760912 0.0342217 0.00950174 0.001854 0.000860785 0 0 0 0.000165536 0 0.000143464 0 0 0
 0 0 0 0 0 0 0 0.000145254 0.000435761 0.0275982 0.070085 0.0708112 0.156366 0.174668 0.174014 0.160142 0.0824315 0.0480064 0.0283245 0.00493863 0.00203355 0 0 0 0 0
 0 0 0 0 0 0 0 0 0 0 0 0 0 0 0 0 0 0 0 0 0 0 0 0 0 0
 0 0 1.00437e-05 0.000401748 0.00122533 0.00171747 0.00176769 0.0269171 0.070346 0.194647 0.189555 0.159765 0.064822 0.0314167 0.0384472 0.0292271 0.0345202 0.0313363 0.0194345 0.0106764 0.0143323 0.0359363 0.0279516 0.0138201 0.00172751 0
 0 0.0021121 0.0136068 0.0755702 0.200478 0.177729 0.0527432 0.0373336 0.0318909 0.0142505 0.0149659 0.0166563 0.0217959 0.0798694 0.0677717 0.0528807 0.04013 0.0224614 0.0357745 0.0225083 0.00881397 0.00855152 0.00135912 0.000746735 0 0
 0 0 0 0 5.4009e-05 0.00500934 0.000945158 0.0243581 0.138947 0.33067 0.221406 0.137944 0.0707744 0.0437923 0.0131692 0.00525238 0.0047753 0.00276346 9.45158e-05 9.00151e-06 2.25038e-05 9.00151e-06 4.50075e-06 0 0 0
 0.000866109 0.00284123 0.00948549 0.0512746 0.133035 0.25785 0.225252 0.132002 0.0553304 0.0519788 0.0540692 0.017754 0.00435017 0.00159236 0.00146478 0.000404838 0.000125132 0.000115318 0.000107957 0.000100596 0 0 0 0 0 0
 0 0 0 0 0.00144013 0.00171154 0.00461396 0.0210425 0.0478622 0.0707936 0.0888783 0.103762 0.0637923 0.0337046 0.0602308 0.124433 0.169614 0.0934646 0.0462172 0.0250306 0.0313229 0.00938855 0.002487 0.000210481 0 0
 0 0.00764035 0.051015 0.0998891 0.058973 0.0496711 0.0374665 0.0718981 0.12319 0.153886 0.159021 0.0857701 0.0377988 0.023471 0.0147837 0.00900784 0.00315554 0.000888139 0.00291439 0.00214683 0.00393193 0.00274676 0.000635225 9.99891e-05 0 0
 0 0 0 0 0 0 0 0 0 0 0 0 0 0 0 0 0 0 0 0 0 0 0 0 0 0
 0 0 0 0 0 0 0 0 0 0 0 0 0 0 0 0 0 0 0 0 0 0 0 0 0 0
 0 0 0 0 0 0 0 0 0 0 0 0 0 0 0 0 0 0 0 0 0 0 0 0 0 0
 0 0 0 0 0 0 0 0 0 0 0 0 0 0 0 0 0 0 0 0 0 0 0 0 0 0
 0 0 0 0 0 0 0 0 0 0 0 0 0 0 0 0 0 0 0 0 0 0 0 0 0 0
 0 0 0 0 0 0 0 0 0 0 0 0 0 0 0 0 0 0 0 0 0 0 0 0 0 0
 0 0 0 0 0 0 0 0 0 0 0 0 0 0 0 0 0 0 0 0 0 0 0 0 0 0
 0 0 0 0 0 0 0 0 0 0 0 0 0 0 0 0 0 0 0 0 0 0 0 0 0 0
 0 0 0 0 0 0 0 0 0 0 0 0 0 0 0 0 0 0 0 0 0 0 0 0 0 0
ppred_pel_tallas
 1.09998e-16 4.80117e-05 0.000466691 0.00310132 0.0140982 0.0438647 0.093459 0.136409 0.136422 0.0935251 0.044088 0.0147477 0.00474957 0.00412378 0.00716609 0.0122206 0.0186452 0.0256223 0.0322736 0.0380755 0.0429432 0.0468444 0.0493455 0.0496084 0.0469106 0.0412415
 1.1103e-16 4.69135e-05 0.000456016 0.00303039 0.0137757 0.0428615 0.0913221 0.133293 0.133321 0.0914602 0.0433253 0.0151158 0.00639639 0.00781168 0.0140406 0.0232046 0.0335921 0.0426316 0.0477679 0.0479127 0.0441209 0.038854 0.0344115 0.0317466 0.030375 0.0291261
 1.06373e-16 5.75441e-05 0.00055935 0.00371708 0.0168973 0.0525739 0.112015 0.163493 0.163513 0.11211 0.0528943 0.0178238 0.0060461 0.0056549 0.00976816 0.0161452 0.0234587 0.0299372 0.0338105 0.0342653 0.0319 0.0282464 0.0247613 0.0220957 0.0200763 0.01818
 1.02659e-16 6.52526e-05 0.000634278 0.004215 0.0191608 0.0596164 0.12702 0.185392 0.185408 0.127096 0.059873 0.0199022 0.00607672 0.00470103 0.0077965 0.0128064 0.0184906 0.0233566 0.025929 0.0255304 0.0226739 0.0186932 0.0149174 0.0120394 0.0100456 0.00856007
 1.01662e-16 6.25883e-05 0.000608381 0.0040429 0.0183785 0.0571823 0.121834 0.177824 0.177844 0.121931 0.0575087 0.019321 0.00640862 0.00577202 0.00986707 0.0162073 0.0233268 0.0293031 0.0322181 0.0311839 0.0268648 0.0210203 0.0154523 0.0111754 0.00828821 0.00637512
 1.00859e-16 7.26637e-05 0.000706317 0.00469372 0.021337 0.0663873 0.141446 0.206446 0.206455 0.141491 0.0665407 0.0217801 0.00580631 0.00313609 0.0046901 0.00764596 0.0110237 0.0138958 0.0153664 0.0150179 0.0131476 0.0105526 0.00804203 0.00606121 0.00464514 0.00361316
 1.01803e-16 4.22356e-05 0.000410545 0.00272822 0.0124021 0.0385878 0.0822169 0.120007 0.12005 0.0824272 0.0392937 0.0144405 0.00784234 0.0115666 0.0212055 0.0349269 0.05016 0.0627612 0.0685318 0.0655287 0.0552316 0.0415678 0.0286137 0.0187467 0.0123035 0.00840723
 1.06868e-16 4.01168e-05 0.000389949 0.00259135 0.0117799 0.0366519 0.0780919 0.113984 0.114015 0.0782436 0.0371617 0.0132549 0.00630359 0.00852635 0.0155877 0.0259531 0.037955 0.0489147 0.0560753 0.0580801 0.055641 0.0507913 0.0454033 0.0402222 0.0350084 0.0293337
 1.069e-16 5.83209e-05 0.0005669 0.00376725 0.0171254 0.0532835 0.113527 0.165699 0.165716 0.113607 0.0535539 0.0179076 0.00573557 0.00487996 0.00829766 0.0137525 0.0201066 0.025926 0.0297872 0.0310445 0.030174 0.0283421 0.0265625 0.0251329 0.0237014 0.0217456
 1.01431e-16 7.38406e-05 0.000717757 0.00476975 0.0216826 0.0674626 0.143737 0.209789 0.209797 0.143775 0.067593 0.0220592 0.00571524 0.00278238 0.00399677 0.00649564 0.00936253 0.0118015 0.0130571 0.0127872 0.0112629 0.00918036 0.0072361 0.00579721 0.00485755 0.00421043
 1.00295e-16 7.48707e-05 0.00072777 0.00483629 0.0219851 0.0684037 0.145742 0.212716 0.212724 0.145782 0.0685383 0.0223737 0.00581115 0.00285392 0.00410693 0.0066556 0.00954393 0.0119247 0.01299 0.0123685 0.0103466 0.00768252 0.00516639 0.00326348 0.00204416 0.001339
 1.00302e-16 7.2203e-05 0.000701839 0.00466396 0.0212017 0.0659665 0.140549 0.205138 0.205149 0.140603 0.0661486 0.0217276 0.00598317 0.00357921 0.00552958 0.00900803 0.012924 0.0161555 0.0176116 0.0167881 0.0140671 0.0104671 0.00704997 0.00444207 0.00274226 0.00173169
 1.01124e-16 5.22582e-05 0.000507969 0.00337563 0.0153452 0.0477446 0.101726 0.148479 0.148511 0.101884 0.0482729 0.0168704 0.00720254 0.00885683 0.0158925 0.0261489 0.037564 0.0470248 0.0513896 0.0491989 0.0415439 0.0313408 0.0216181 0.0141457 0.00918712 0.00611727
 1.01953e-16 6.60015e-05 0.000641558 0.00426338 0.0193807 0.0603007 0.128477 0.187519 0.187533 0.128545 0.0605287 0.02004 0.00592051 0.0042664 0.00697149 0.0114759 0.0166523 0.0212028 0.0238386 0.0239429 0.0219006 0.0187719 0.0155964 0.0128918 0.0106445 0.00862731
 1.00179e-16 7.98392e-05 0.000776065 0.00515723 0.023444 0.072943 0.155413 0.22683 0.226833 0.155426 0.072986 0.0235681 0.00546854 0.00145535 0.00136899 0.00213439 0.00306113 0.0038371 0.004204 0.00404456 0.00344829 0.00265129 0.00189655 0.00132262 0.000944667 0.000706561
 1.00044e-16 7.87596e-05 0.000765571 0.00508749 0.023127 0.0719567 0.153312 0.223763 0.223768 0.153332 0.0720244 0.0233226 0.00557797 0.00183486 0.00210534 0.00334489 0.00478488 0.00596233 0.00646466 0.00610362 0.0050262 0.00362199 0.00230012 0.00130627 0.000683297 0.000346677
 1.00709e-16 3.11814e-05 0.000303094 0.00201417 0.00915617 0.0284885 0.0607 0.0886056 0.0886636 0.0609835 0.02944 0.0119027 0.00890289 0.0153229 0.0285027 0.0469296 0.0672672 0.0838855 0.0910661 0.0861677 0.0712353 0.051702 0.0332661 0.0193391 0.0105106 0.00561405
 1.01915e-16 7.2816e-05 0.000707797 0.00470356 0.0213817 0.0665265 0.141742 0.206878 0.206883 0.141768 0.0666141 0.0216356 0.00534481 0.00212033 0.0027925 0.00459744 0.0068383 0.00905978 0.0108315 0.011923 0.0123841 0.0124104 0.0121255 0.0114864 0.0103803 0.00879335
 1.01215e-16 6.37115e-05 0.000619299 0.00411546 0.0187083 0.0582086 0.12402 0.181015 0.181035 0.124118 0.0585383 0.0196604 0.00650379 0.00582799 0.00994123 0.0162957 0.0233794 0.0292155 0.0318394 0.0303546 0.0254789 0.0190834 0.0131047 0.00866289 0.00588957 0.00431946
 1.00961e-16 6.89453e-05 0.000670173 0.00445354 0.0202451 0.0629902 0.134208 0.195883 0.195896 0.134273 0.0632078 0.0208737 0.00603142 0.0041154 0.00661401 0.0108299 0.0156044 0.0196415 0.0216654 0.0210787 0.0183054 0.0144879 0.0107942 0.00788095 0.00581895 0.00436287
 1.00694e-16 6.99691e-05 0.000680125 0.00451967 0.0205458 0.0639256 0.136201 0.198792 0.198805 0.136264 0.0641373 0.0211572 0.0060539 0.00402795 0.00642391 0.0104982 0.0150898 0.018919 0.0207307 0.0199436 0.0169922 0.0130327 0.00925848 0.00635566 0.00441116 0.00316654
 1.00782e-16 6.67729e-05 0.000649056 0.00431321 0.0196072 0.0610054 0.129979 0.189712 0.189728 0.130059 0.0612731 0.0203803 0.00625313 0.00488205 0.00810045 0.0132712 0.0190758 0.023912 0.0261922 0.0251793 0.021421 0.0163795 0.0115667 0.00785588 0.00536462 0.00377344
 1.03385e-16 2.71088e-05 0.000263508 0.0017511 0.0079603 0.0247677 0.0527723 0.0770345 0.0770906 0.0530464 0.025688 0.0106183 0.00842245 0.0148254 0.0276775 0.0456986 0.0657898 0.0826444 0.0908512 0.0878835 0.0755814 0.0588741 0.042827 0.0303214 0.0216993 0.015884
 1.03687e-16 6.87686e-05 0.000668455 0.00444212 0.0201932 0.0628287 0.133863 0.195379 0.195386 0.133897 0.0629411 0.0205195 0.00526666 0.00248713 0.00357754 0.00594839 0.0088948 0.0118783 0.0143772 0.0161174 0.0171624 0.01773 0.0179103 0.0175568 0.0164358 0.0144702
 1.02236e-16 6.07185e-05 0.000590205 0.00392212 0.0178294 0.055474 0.118194 0.172512 0.172535 0.118304 0.0558421 0.0188921 0.00658824 0.00640609 0.0110938 0.0182124 0.0261574 0.0327462 0.0358052 0.0343488 0.0291814 0.0223759 0.0160565 0.0114195 0.00855459 0.00689816
 1.04545e-16 3.57824e-05 0.000347818 0.00231137 0.0105072 0.032692 0.0696555 0.101673 0.101717 0.0698702 0.0334131 0.0125906 0.00754335 0.0117769 0.0217639 0.0359804 0.0519577 0.0656026 0.0727419 0.0714122 0.0629807 0.051132 0.0395929 0.0303943 0.0236795 0.0186275
 1.03908e-16 6.65903e-05 0.000647282 0.00430141 0.0195536 0.0608386 0.129623 0.189191 0.189201 0.129672 0.0610009 0.0200236 0.00548579 0.00324823 0.00505156 0.00836426 0.0123191 0.0160701 0.0187863 0.0200636 0.0201071 0.0194774 0.0186269 0.0176293 0.0162762 0.0143748
 1.02291e-16 6.17238e-05 0.000599977 0.00398706 0.0181246 0.0563925 0.120151 0.175368 0.175389 0.120253 0.0567352 0.0191143 0.00647045 0.00601876 0.0103458 0.0169878 0.0244241 0.0306305 0.0335922 0.032392 0.0277637 0.0216062 0.0158574 0.0115973 0.00889597 0.00724108
 1.04338e-16 3.73234e-05 0.000362797 0.00241091 0.0109597 0.0340999 0.072655 0.106051 0.106094 0.0728648 0.0348043 0.0129946 0.00752063 0.0115232 0.02125 0.0351149 0.0506801 0.0639333 0.0707889 0.0693309 0.0609141 0.0491739 0.0377939 0.0287914 0.0223138 0.0175364
 1.07271e-16 5.1695e-05 0.000502494 0.00333925 0.0151797 0.0472299 0.100629 0.146875 0.146895 0.100726 0.0475549 0.0161205 0.00570945 0.00570535 0.010017 0.0166983 0.0245628 0.0319613 0.0372157 0.0395083 0.0392639 0.0376462 0.0356244 0.0334124 0.0306399 0.0269315
 1.06057e-16 5.54746e-05 0.000539232 0.00358339 0.0162896 0.0506831 0.107986 0.157614 0.157637 0.108097 0.0510537 0.0173608 0.00627432 0.00642061 0.0112464 0.0185617 0.0268706 0.0340888 0.0381362 0.0380772 0.0346685 0.0298017 0.0253001 0.0220163 0.0197655 0.0178725
 1.06368e-16 4.36887e-05 0.00042467 0.00282208 0.0128288 0.0399153 0.0850451 0.124133 0.124167 0.0852133 0.0404802 0.014461 0.00692179 0.00938325 0.0170839 0.0282427 0.0408424 0.0517021 0.0575998 0.0570446 0.0511338 0.042738 0.034702 0.0284851 0.0240344 0.0205518
 1.02569e-16 7.09266e-05 0.000689432 0.00458152 0.0208269 0.0648003 0.138064 0.201511 0.201519 0.138105 0.0649386 0.0212267 0.00558735 0.0028926 0.00427698 0.00701567 0.0102334 0.0131499 0.0150147 0.0154753 0.0147588 0.0134625 0.0121348 0.0109884 0.0099243 0.00875154
pSPR Fmed_Fpbrs
1   0.983581 0.6 0.325 0.983581 0.983581 0.983581
Fs Fmed_Fpbrs
0   0.01 0.352857 0.91624 0.01 0.01 0.01
SSBpbr Bo_Bmed_Bpbrs
371599  353019  346918 204380 102190 346918 346918 346918
Ro
99266.5
SPR SPRFo_SPRFmed_SPRFpbrs
715149 715149 703407
Fref
0
Nvult_r0
 79205.8 9557.34 3972.37 827.313 289.122
CTP_r0
 26550 5004.27 2079.95 433.186 151.386
YTP_r0
356480
Np
 101832 37461.9 13781.5 5069.91 2551.26
Nvult_p0
 64370.1 23680.4 8711.54 3204.8 1612.7
CTP_p0
 0 0 0 0 0
 0 0 0 0 0
 0 0 0 0 0
 0 0 0 0 0
 0 0 0 0 0
 0 0 0 0 0
YTP_p0
 0 0 0 0 0 0
CBA_c0
0
log_Ro
11.3256
likeval ReclasPelacesDesembMPH_pf_preclas_ppelaces_ptallas_desvR_qrecl_qpela
 20.9444 0.000320117 0.023484 50.2775 243.485 136.101 116.392 0 25.2179 5.87049e-05 0.000107836 0.0122204 2066.75 0 0
q_reclas_q_pelaces
2.95517 4.34306
M
1
N
 138073 25307.8 42207.1 4204.05 0.160902
 87623.8 41791.6 6085.16 10148.5 1010.89
 83396.8 22330.7 6906.79 1005.68 1844.29
 83642.7 21266.7 3695.56 1143.02 471.649
 70760.1 15814.4 1833.43 318.599 139.203
 212842 20390 3416.1 396.043 98.8909
 55759.9 57787.6 3868.5 648.121 93.9016
 22848.1 11034 5502.11 368.33 70.65
 27066.2 7377.75 3054.87 1523.31 121.536
 35623.1 5602.58 774.879 320.85 172.757
 67121.2 4859.34 237.085 32.7906 20.888
 157053 20647.6 1210.38 59.0539 13.3704
 73887.7 37116.8 2895.07 169.712 10.1549
 35297.9 18322.9 5779.78 450.817 28.0086
 81486.5 2812.75 240.216 75.7738 6.27747
 344510 15566.4 248.004 21.1802 7.23458
 62566.2 80856.1 2149.85 34.2512 3.9243
 312448 18290.2 18022.5 479.193 8.50918
 232395 77488.4 2848.64 2806.95 75.958
 229632 44252 6784.53 249.414 252.414
 303532 46063.7 4340.34 665.442 49.2205
 343691 74539 7021.84 661.631 108.941
 50216.2 78129.2 9602.36 904.576 99.2676
 181529 13512.4 14536.6 1786.59 186.773
 178307 48073 2428.1 2612.14 354.604
 59100.7 49538.7 9590.09 484.382 591.837
 161717 17530 11397.3 2206.38 247.605
 189267 44292.5 3389.89 2203.97 474.543
 74086.9 55522.4 9947.98 761.36 601.588
 89237.8 23046.7 14171 2539.03 347.866
 81052 26525.7 5327.12 3275.55 667.29
 37274.6 20328.3 4233.72 850.252 629.31
 101832 10892.4 4527.26 942.879 329.509
pred_Ctot
 15717.3 5735.51 9565.4 952.765 0.0364652
 17532.5 15506.4 2257.85 3765.52 375.081
 16662.4 8275.52 2559.59 372.695 683.475
 27106.1 11504.4 1999.15 618.329 255.143
 9887.85 4307.64 499.403 86.7824 37.9172
 36127.5 6581.82 1102.71 127.842 31.9217
 17118.6 30051.8 2011.77 337.049 48.8326
 1784.61 1766.04 880.637 58.9529 11.3078
 7836.44 3672.85 1520.8 758.346 60.5038
 15320.8 3668.93 507.441 210.113 113.132
 7052.43 1023.75 49.948 6.90818 4.4006
 36792.1 8716.29 510.957 24.9293 5.64427
 15716.1 14486.5 1129.93 66.2376 3.96339
 19643.4 13910.8 4388.01 342.26 21.2641
 26096.9 1508.63 128.841 40.6416 3.36695
 81755.1 6639.59 105.782 9.03404 3.08578
 8275.12 20973.8 557.662 8.88465 1.01795
 66446.7 7137.52 7033.06 186.999 3.3206
 74703.8 41673.1 1531.99 1509.57 40.8501
 69298.8 22722.8 3483.76 128.071 129.611
 65911.6 18286 1722.99 264.161 19.5391
 86295.2 33249.7 3132.24 295.134 48.5955
 8743.97 25778.1 3168.22 298.457 32.7525
 33014.8 4626.76 4977.45 611.747 63.9529
 28227.4 14610 737.932 793.865 107.769
 7365.4 12183.8 2358.65 119.132 145.56
 26751.6 5534.45 3598.28 696.584 78.1721
 24687.3 11347.7 868.484 564.654 121.577
 7330.77 11070.4 1983.49 151.805 119.948
 11020.2 5621.93 3456.83 619.361 84.8571
 16818.9 10144 2037.2 1252.64 255.186
 4937.6 5280.33 1099.72 220.855 163.465
 26550 5004.27 2079.95 433.186 151.386
F
 0.19509 0.425259 0.425259 0.425259 0.425259
 0.367092 0.80019 0.80019 0.80019 0.80019
 0.366467 0.798828 0.798828 0.798828 0.798828
 0.665633 1.45095 1.45095 1.45095 1.45095
 0.244252 0.532421 0.532421 0.532421 0.532421
 0.303778 0.662178 0.662178 0.662178 0.662178
 0.620074 1.35164 1.35164 1.35164 1.35164
 0.130399 0.284245 0.284245 0.284245 0.284245
 0.575059 1.25352 1.25352 1.25352 1.25352
 0.99209 2.16257 2.16257 2.16257 2.16257
 0.1789 0.389967 0.389967 0.389967 0.389967
 0.442512 0.96459 0.96459 0.96459 0.96459
 0.394395 0.859705 0.859705 0.859705 0.859705
 1.52966 3.33437 3.33437 3.33437 3.33437
 0.65532 1.42847 1.42847 1.42847 1.42847
 0.449453 0.979722 0.979722 0.979722 0.979722
 0.229859 0.501049 0.501049 0.501049 0.501049
 0.394312 0.859523 0.859523 0.859523 0.859523
 0.658537 1.43548 1.43548 1.43548 1.43548
 0.606452 1.32195 1.32195 1.32195 1.32195
 0.404164 0.881 0.881 0.881 0.881
 0.481379 1.04931 1.04931 1.04931 1.04931
 0.312733 0.681697 0.681697 0.681697 0.681697
 0.328696 0.716495 0.716495 0.716495 0.716495
 0.280755 0.611991 0.611991 0.611991 0.611991
 0.215329 0.469376 0.469376 0.469376 0.469376
 0.295034 0.643118 0.643118 0.643118 0.643118
 0.226371 0.493445 0.493445 0.493445 0.493445
 0.167716 0.365588 0.365588 0.365588 0.365588
 0.21319 0.464712 0.464712 0.464712 0.464712
 0.383077 0.835034 0.835034 0.835034 0.835034
 0.230249 0.501898 0.501898 0.501898 0.501898
 0.504219 1.0991 1.0991 1.0991 1.0991
YTP_r0W_actual
 200187 87324.5 50064.4 13567.4 5336.35
YTP_p0W_proyectada
 0 0 0 0 0
 0 0 0 0 0
 0 0 0 0 0
 0 0 0 0 0
 0 0 0 0 0
 0 0 0 0 0
CTP_r0_actual
 26550 5004.27 2079.95 433.186 151.386
CTP_p0_proyectada
 0 0 0 0 0
 0 0 0 0 0
 0 0 0 0 0
 0 0 0 0 0
 0 0 0 0 0
 0 0 0 0 0
Wmedp
 7.54 17.45 24.07 31.32 35.25
Frms_r0
 0.504219 1.0991 1.0991 1.0991 1.0991
Zrms_r0
 1.50422 2.0991 2.0991 2.0991 2.0991
nmprior
 7.29 8.9 8.7 0
nm_flota  nm_reclas  nm_pelaces    nm_pelaL
inf 14.6737 10.2458 25.9874
cv_recla  cv_pelaces  cv_mph
0.396337 0.653316 0.568518
 ------------------------------------------------
Talla a la edad & desviaci?n 
 8 13.2811 15.8009 17.003 17.5766
 0.8 1.32811 1.58009 1.7003 1.75766
