years
 1997 1998 1999 2000 2001 2002 2003 2004 2005 2006 2007 2008 2009 2010 2011 2012 2013 2014 2015 2016 2017 2018 2019 2020 2021 2022 2023
reclasobs
 0 0 0 370054 412103 1.49427e+06 250295 1.28982e+06 931140 785840 897777 1.04006e+06 184774 17550 25797 100020 73551 82996 120727 218422 84188 347160 605670 569463 516374 1.08416e+06 1.01767e+06
reclaspred
 785872 175066 367922 182720 304133 383101 821473 639478 726258 874431 839225 595721 338252 133230 78701 76537 83522.6 109885 126738 150790 233249 235373 387766 508185 719634 661590 446499
pelacesobs
 0 0 0 0 0 0 0 0 0 2.06254e+06 1.5e+06 0 1.87456e+06 323000 250000 174000 83755 137374 0 501740 490994 745055 786931 1.00524e+06 1.33801e+06 1.41789e+06 0
pelacespred
 2.4704e+06 589683 558294 531418 857176 693732 2.26085e+06 1.81423e+06 1.9865e+06 2.44094e+06 1.88155e+06 1.37745e+06 829081 267303 164524 160704 179965 252797 276055 325970 617645 565115 735118 1.13993e+06 1.50824e+06 1.46686e+06 871696
mphobs
 0 0 0 0 0 0 112323 0 153150 637223 0 255016 313432 73983 77613 109348 50772 17779 17303 59886 28197 0 207744 136588 643089 65757 70829
mphpred
 239022 116008 114353 74878.5 78920.4 148175 190709 284769 258588 299358 358566 249373 152859 82379.9 39128.8 30127.4 29458.9 35341 45322.5 48110.5 68615.2 88164.5 105930 149749 234885 226153 171903
desembarqueobs
 350755 77701 442110 56441 14545 235359 269955 359681 431902 328805 639364 411747 362871 311530 167758 66681 60226 58785 57116 73181 50977 67692 138656 160484 209506 203330 245020
desembarquepred
 350741 77680 441838 56438.2 14545.1 235400 270013 359439 431736 328684 638771 411449 362560 311320 167379 66646.7 60229.6 58747.3 57071.5 73147.3 50974.4 67660.5 138622 160459 209431 203241 244932
Reclutas
 28945.8 40956.8 12041.7 16899.6 39947.6 24143.8 64912.3 62379 82089.3 113701 65587.4 46371.5 50710.7 28450.5 13475.6 10739.3 7763.6 9673.23 9355.98 13083.9 18997.3 22601 37168.5 54766.7 22781.8 31846.3 21214
log_desv_Rt
 0.0531789 0.400272 -0.823866 -0.484954 0.375324 -0.128215 0.860793 0.820984 1.09556 1.42133 0.87114 0.524441 0.613893 0.0359204 -0.711363 -0.938332 -1.2628 -1.04288 -1.07623 -0.740859 -0.367948 -0.194252 0.303216 0.690837 -0.186283 0.148675 -0.257583
SSB
 448501 217677 214573 140502 148086 278036 357846 534340 485214 561714 672812 467923 286825 154577 73421.2 56530.9 55276.7 66313.7 85043.1 90274.4 128749 165432 198767 280988 440738 424353 322558
BT
 1.34414e+06 341919 460044 257408 352138 421075 1.2046e+06 1.12002e+06 1.24824e+06 1.31785e+06 1.29132e+06 899998 703038 401130 209716 120352 122486 151602 149265 187563 287873 258142 369862 571067 674740 675082 505143
Ftot
 1.03383 1.14929 2.31167 0.720938 0.135144 1.26428 0.909996 1.45847 1.59564 1.0455 1.68167 1.48022 2.51164 4.86201 4.95303 2.17143 1.80785 1.37685 1.04444 1.17728 0.562498 0.65122 0.813692 0.796849 0.617161 0.629603 1.10363
BD_Bspro_t
 0.906502 0.607668 0.495233 0.248236 0.369709 0.576283 0.493351 0.552957 0.487712 0.478429 0.487472 0.333836 0.236364 0.158393 0.0922894 0.0876541 0.117259 0.186293 0.275037 0.339441 0.454129 0.582077 0.584864 0.595578 0.632894 0.553555 0.48044
BD_Bspro
 0.79116 0.383985 0.378508 0.247847 0.261225 0.490458 0.631244 0.942582 0.855922 0.99087 1.18685 0.825422 0.505963 0.272676 0.129516 0.0997212 0.0975087 0.116978 0.150017 0.159245 0.227115 0.291823 0.350627 0.495666 0.777468 0.748564 0.568997
BD_Bo
 0.806649 0.391503 0.385919 0.252699 0.26634 0.50006 0.643603 0.961036 0.872679 1.01027 1.21008 0.841581 0.515868 0.278015 0.132052 0.101673 0.0994177 0.119268 0.152954 0.162363 0.231562 0.297536 0.357492 0.50537 0.792689 0.763219 0.580136
BD_Brms
 1.46663 0.711824 0.70167 0.459453 0.484254 0.9092 1.17019 1.74734 1.58669 1.83685 2.20015 1.53015 0.937942 0.505481 0.240094 0.184861 0.180759 0.216851 0.278098 0.295205 0.421021 0.540975 0.649985 0.918855 1.44125 1.38767 1.05479
S_f
 0.0748234 0.605775 0.966883 0.998201 0.999905
 0.0748234 0.605775 0.966883 0.998201 0.999905
 0.0748234 0.605775 0.966883 0.998201 0.999905
 0.0748234 0.605775 0.966883 0.998201 0.999905
 0.0748234 0.605775 0.966883 0.998201 0.999905
 0.0748234 0.605775 0.966883 0.998201 0.999905
 0.0748234 0.605775 0.966883 0.998201 0.999905
 0.0748234 0.605775 0.966883 0.998201 0.999905
 0.0748234 0.605775 0.966883 0.998201 0.999905
 0.0748234 0.605775 0.966883 0.998201 0.999905
 0.0748234 0.605775 0.966883 0.998201 0.999905
 0.0748234 0.605775 0.966883 0.998201 0.999905
 0.0748234 0.605775 0.966883 0.998201 0.999905
 0.0748234 0.605775 0.966883 0.998201 0.999905
 0.0748234 0.605775 0.966883 0.998201 0.999905
 0.0748234 0.605775 0.966883 0.998201 0.999905
 0.0748234 0.605775 0.966883 0.998201 0.999905
 0.0748234 0.605775 0.966883 0.998201 0.999905
 0.0748234 0.605775 0.966883 0.998201 0.999905
 0.0748234 0.605775 0.966883 0.998201 0.999905
 0.0748234 0.605775 0.966883 0.998201 0.999905
 0.0748234 0.605775 0.966883 0.998201 0.999905
 0.0748234 0.605775 0.966883 0.998201 0.999905
 0.0748234 0.605775 0.966883 0.998201 0.999905
 0.0748234 0.605775 0.966883 0.998201 0.999905
 0.0748234 0.605775 0.966883 0.998201 0.999905
 0.0748234 0.605775 0.966883 0.998201 0.999905
Scru_reclas
 0.310218 0.693566 0.919293 0.982855 0.996546
 0.310218 0.693566 0.919293 0.982855 0.996546
 0.310218 0.693566 0.919293 0.982855 0.996546
 0.310218 0.693566 0.919293 0.982855 0.996546
 0.310218 0.693566 0.919293 0.982855 0.996546
 0.310218 0.693566 0.919293 0.982855 0.996546
 0.310218 0.693566 0.919293 0.982855 0.996546
 0.310218 0.693566 0.919293 0.982855 0.996546
 0.310218 0.693566 0.919293 0.982855 0.996546
 0.310218 0.693566 0.919293 0.982855 0.996546
 0.310218 0.693566 0.919293 0.982855 0.996546
 0.310218 0.693566 0.919293 0.982855 0.996546
 0.310218 0.693566 0.919293 0.982855 0.996546
 0.310218 0.693566 0.919293 0.982855 0.996546
 0.310218 0.693566 0.919293 0.982855 0.996546
 0.310218 0.693566 0.919293 0.982855 0.996546
 0.310218 0.693566 0.919293 0.982855 0.996546
 0.310218 0.693566 0.919293 0.982855 0.996546
 0.310218 0.693566 0.919293 0.982855 0.996546
 0.310218 0.693566 0.919293 0.982855 0.996546
 0.310218 0.693566 0.919293 0.982855 0.996546
 0.310218 0.693566 0.919293 0.982855 0.996546
 0.310218 0.693566 0.919293 0.982855 0.996546
 0.310218 0.693566 0.919293 0.982855 0.996546
 0.310218 0.693566 0.919293 0.982855 0.996546
 0.310218 0.693566 0.919293 0.982855 0.996546
 0.310218 0.693566 0.919293 0.982855 0.996546
Scru_pelaces
 0.526353 0.875012 0.977829 0.996414 0.999429
 0.526353 0.875012 0.977829 0.996414 0.999429
 0.526353 0.875012 0.977829 0.996414 0.999429
 0.526353 0.875012 0.977829 0.996414 0.999429
 0.526353 0.875012 0.977829 0.996414 0.999429
 0.526353 0.875012 0.977829 0.996414 0.999429
 0.526353 0.875012 0.977829 0.996414 0.999429
 0.526353 0.875012 0.977829 0.996414 0.999429
 0.526353 0.875012 0.977829 0.996414 0.999429
 0.526353 0.875012 0.977829 0.996414 0.999429
 0.526353 0.875012 0.977829 0.996414 0.999429
 0.526353 0.875012 0.977829 0.996414 0.999429
 0.526353 0.875012 0.977829 0.996414 0.999429
 0.526353 0.875012 0.977829 0.996414 0.999429
 0.526353 0.875012 0.977829 0.996414 0.999429
 0.526353 0.875012 0.977829 0.996414 0.999429
 0.526353 0.875012 0.977829 0.996414 0.999429
 0.526353 0.875012 0.977829 0.996414 0.999429
 0.526353 0.875012 0.977829 0.996414 0.999429
 0.526353 0.875012 0.977829 0.996414 0.999429
 0.526353 0.875012 0.977829 0.996414 0.999429
 0.526353 0.875012 0.977829 0.996414 0.999429
 0.526353 0.875012 0.977829 0.996414 0.999429
 0.526353 0.875012 0.977829 0.996414 0.999429
 0.526353 0.875012 0.977829 0.996414 0.999429
 0.526353 0.875012 0.977829 0.996414 0.999429
 0.526353 0.875012 0.977829 0.996414 0.999429
pf_obs 
 0.256992 0.487395 0.22802 0.0275931 0
 0.321318 0.546541 0.124235 0.00734118 0.000564706
 0.182869 0.594174 0.210203 0.0122559 0.00049798
 0.330522 0.361315 0.267642 0.0388342 0.00168674
 0.649043 0.306663 0.0425973 0.00169635 0
 0.582887 0.30429 0.105238 0.00758474 0
 0.465427 0.430635 0.0974691 0.00646863 0
 0.296916 0.608066 0.0921331 0.00288517 0
 0.311714 0.524322 0.152257 0.0117073 0
 0.15457 0.633149 0.183074 0.0267441 0.00246327
 0.131901 0.49318 0.331252 0.0422183 0.00144891
 0.196976 0.569456 0.194076 0.0375587 0.00193317
 0.518974 0.381816 0.0799577 0.0180837 0.00116848
 0.0928022 0.601141 0.25162 0.0475244 0.00691264
 0.122501 0.610282 0.24278 0.0234846 0.000952079
 0.383417 0.481906 0.127806 0.00687128 0
 0.0376549 0.599619 0.316969 0.0457579 0
 0.0361596 0.667082 0.258105 0.0386534 0
 0.158088 0.579412 0.248529 0.0139706 0
 0.0477256 0.309471 0.559284 0.082774 0.000745712
 0.0406174 0.521527 0.379366 0.0568643 0.0016247
 0.151134 0.462217 0.34131 0.0453401 0
 0.294876 0.26143 0.354403 0.0886775 0.000613685
 0.281977 0.475581 0.204845 0.0348837 0.00271318
 0.0841818 0.532909 0.334909 0.0458182 0.00218182
 0.115287 0.27431 0.454777 0.147771 0.00785563
 0 0 0 0 0
pf_pred 
 0.201744 0.538923 0.230668 0.0286537 1.14716e-05
 0.257837 0.527675 0.172652 0.0374195 0.00441684
 0.0917033 0.720773 0.156738 0.0250412 0.00574438
 0.221532 0.454125 0.296872 0.0232667 0.00420412
 0.307559 0.480278 0.15234 0.054959 0.00486424
 0.131553 0.658781 0.164883 0.0324562 0.0123258
 0.34968 0.388833 0.227257 0.0272438 0.00698635
 0.227775 0.651654 0.0894519 0.0272173 0.00390184
 0.280266 0.547384 0.159213 0.00989889 0.00323707
 0.284515 0.582512 0.116903 0.0149168 0.00115281
 0.148935 0.673398 0.159473 0.016094 0.00209988
 0.156107 0.570572 0.245804 0.0248646 0.00265227
 0.261625 0.521359 0.178861 0.0345246 0.00363047
 0.254919 0.65698 0.0774976 0.0088723 0.00173084
 0.270957 0.686325 0.0418485 0.000778166 9.08959e-05
 0.295613 0.660756 0.0432177 0.000405899 7.18301e-06
 0.207588 0.672446 0.117093 0.00284831 2.51451e-05
 0.265381 0.556304 0.166096 0.011946 0.00027335
 0.20942 0.624285 0.144809 0.0200925 0.00139299
 0.256184 0.527072 0.191196 0.0223933 0.00315447
 0.254816 0.568773 0.146909 0.0261888 0.0033129
 0.203774 0.570148 0.192369 0.0282638 0.0054453
 0.256664 0.498465 0.200837 0.0377083 0.00632649
 0.258374 0.555254 0.147791 0.031906 0.0066753
 0.0850949 0.674049 0.204253 0.0293016 0.00730189
 0.148014 0.352663 0.416271 0.0708813 0.0121706
 0.121718 0.550437 0.183757 0.120972 0.0231162
pobs_RECLAS
 0 0 0 0 0
 0 0 0 0 0
 0 0 0 0 0
 0 0 0 0 0
 0.835266 0.146461 0.0176864 0.000547809 3.91292e-05
 0.385257 0.428462 0.181853 0.0044286 0
 0.867414 0.0963971 0.0333333 0.00285562 0
 0.441836 0.489002 0.0689373 0.000224442 0
 0.779404 0.147425 0.0564933 0.0165055 0.000172143
 0.814271 0.122319 0.05973 0.00367925 0
 0.40263 0.566651 0.0304383 0.000280538 0
 0.475488 0.404961 0.113038 0.00651328 0
 0.955842 0.0263864 0.0167828 0.000988607 0
 0.975058 0.0227948 0.00214734 0 0
 0.738997 0.206755 0.0527124 0.00153531 0
 0.850938 0.134255 0.0134407 0.00136685 0
 0.542534 0.407297 0.0501686 0 0
 0.764087 0.199537 0.0359546 0.000420521 0
 0.470689 0.182191 0.310203 0.0369168 0
 0.84361 0.089868 0.0606195 0.00523954 0.000663233
 0.607945 0.314616 0.071237 0.00620181 0
 0.523733 0.453247 0.0230204 0 0
 0.530135 0.295979 0.169645 0.0042399 0
 0.562478 0.366248 0.0663022 0.0049721 0
 0.250443 0.683176 0.0655157 0.000865301 0
 0.195077 0.31981 0.436473 0.0351445 0.0134964
 0.565238 0.351407 0.0832357 0.000118908 0
ppred_RECLAS
 0.506755 0.356596 0.121129 0.0155137 6.28518e-06
 0.585603 0.313454 0.0807574 0.0180318 0.00215376
 0.310291 0.582035 0.0896794 0.0146059 0.0033885
 0.535395 0.294213 0.155501 0.0125886 0.00230209
 0.629752 0.270372 0.0709869 0.0265135 0.00237522
 0.380904 0.495173 0.0967781 0.0196095 0.00753544
 0.687537 0.202856 0.0948321 0.0117306 0.00304425
 0.544113 0.398719 0.0420944 0.0131639 0.0019094
 0.619564 0.306824 0.0678485 0.00433063 0.00143277
 0.610918 0.329251 0.0523994 0.00689312 0.000539085
 0.422603 0.481315 0.0860031 0.00890357 0.00117526
 0.438701 0.410057 0.135622 0.0140978 0.00152149
 0.624408 0.29131 0.0692419 0.0135949 0.0014456
 0.675087 0.304512 0.0179726 0.002029 0.000399581
 0.68925 0.301496 0.00906823 0.000166061 1.95798e-05
 0.638559 0.345049 0.0162332 0.000155654 2.78597e-06
 0.522082 0.421765 0.054775 0.00136524 1.21924e-05
 0.597265 0.32254 0.0745525 0.00551467 0.000127678
 0.512499 0.402189 0.0739862 0.0105836 0.000742516
 0.584326 0.313867 0.0894739 0.010794 0.00153861
 0.56936 0.343351 0.072266 0.0133172 0.00170502
 0.500967 0.377075 0.10323 0.0156724 0.00305591
 0.580029 0.300497 0.0973907 0.0188785 0.00320545
 0.578041 0.331678 0.0710814 0.0158445 0.00335485
 0.266115 0.568018 0.139895 0.0207409 0.00523105
 0.419478 0.269159 0.258061 0.0454104 0.00789136
 0.363343 0.430988 0.113653 0.0771061 0.0149098
pobs_PELACES
 0 0 0 0 0
 0 0 0 0 0
 0 0 0 0 0
 0 0 0 0 0
 0 0 0 0 0
 0 0 0 0 0
 0 0 0 0 0
 0 0 0 0 0
 0 0 0 0 0
 0 0 0 0 0
 0.450072 0.473896 0.0757376 0.000293798 0
 0 0 0 0 0
 0.463077 0.371075 0.160297 0.00555027 0
 0.529543 0.364841 0.0842815 0.0213345 0
 0.631943 0.363953 0.00410389 0 0
 0.735681 0.248677 0.0153453 0.000297389 0
 0.695825 0.281241 0.0229344 0 0
 0.275771 0.60734 0.115278 0.00161068 0
 0 0 0 0 0
 0.896147 0.0623911 0.0374545 0.00400742 0
 0.803859 0.145111 0.0509908 3.86294e-05 0
 0.739449 0.233085 0.0266225 0.000797448 4.60066e-05
 0.878498 0.100942 0.0204185 0.000141795 0
 0.694673 0.275183 0.0284847 0.00165964 0
 0.469039 0.446079 0.0841089 0.000773354 0
 0.822795 0.102175 0.0682046 0.00682512 0
 0 0 0 0 0
ppred_PELACES
 0.640851 0.279758 0.0708325 0.00855462 3.42654e-06
 0.7135 0.232181 0.0439783 0.00924866 0.00109209
 0.49042 0.456205 0.0449934 0.00681947 0.00156304
 0.657593 0.236811 0.0968379 0.00741641 0.00134112
 0.711261 0.221745 0.0483013 0.0171705 0.00152157
 0.522681 0.404847 0.0573802 0.0109375 0.00415486
 0.791823 0.148113 0.0523777 0.00611739 0.00156968
 0.682981 0.288219 0.0215616 0.00633051 0.000907606
 0.75486 0.210169 0.0323983 0.00193871 0.000633945
 0.725443 0.242052 0.0286736 0.00355648 0.000274986
 0.582402 0.367343 0.0452905 0.00439189 0.000572949
 0.596972 0.320118 0.0748297 0.00730118 0.000778848
 0.791593 0.176841 0.0262721 0.00479037 0.000503192
 0.871414 0.124685 0.00347599 0.000355688 6.91049e-05
 0.878337 0.119946 0.00168567 2.7953e-05 3.25136e-06
 0.779347 0.214039 0.00655421 5.85698e-05 1.03577e-06
 0.676983 0.296251 0.0261512 0.000609742 5.38132e-06
 0.729204 0.230044 0.0380466 0.00264445 6.05204e-05
 0.640172 0.311082 0.0426015 0.00574593 0.00039855
 0.713455 0.231841 0.0484278 0.00550094 0.000775177
 0.672491 0.273245 0.0453439 0.00791798 0.00100253
 0.615668 0.307417 0.065658 0.00943701 0.00181964
 0.697059 0.232841 0.0577442 0.0105791 0.00177613
 0.690816 0.256332 0.0421195 0.00887507 0.00185813
 0.363971 0.51846 0.100022 0.0140441 0.00350275
 0.552407 0.236029 0.177002 0.0294935 0.00506844
 0.50594 0.367776 0.071691 0.0458312 0.00876151
pobs_pel_tallas
 0 0 0 0 0 0 0 0 0 0 0 0 0 0 0 0 0 0 0 0 0 0 0 0 0 0 0 0 0 0 0 0 0 0 0 0
 0 0 0 0 0 0 0 0 0 0 0 0 0 0 0 0 0 0 0 0 0 0 0 0 0 0 0 0 0 0 0 0 0 0 0 0
 0 0 0 0 0 0 0 0 0 0 0 0 0 0 0 0 0 0 0 0 0 0 0 0 0 0 0 0 0 0 0 0 0 0 0 0
 0 0 0 0 0 0 0 0 0 0 0 0 0 0 0 0 0 0 0 0 0 0 0 0 0 0 0 0 0 0 0 0 0 0 0 0
 0 0 0 0 0 0 0 0 0 0 0 0 0 0 0 0 0 0 0 0 0 0 0 0 0 0 0 0 0 0 0 0 0 0 0 0
 0 0 0 0 0 0 0 0 0 0 0 0 0 0 0 0 0 0 0 0 0 0 0 0 0 0 0 0 0 0 0 0 0 0 0 0
 0 0 0 0 0 0 0 0 0 0 0 0 0 0 0 0 0 0 0 0 0 0 0 0 0 0 0 0 0 0 0 0 0 0 0 0
 0 0 0 0 0 0 0 0 0 0 0 0 0 0 0 0 0 0 0 0 0 0 0 0 0 0 0 0 0 0 0 0 0 0 0 0
 0 0 0 0 0 0 0 0 0 0 0 0 0 0 0 0 0 0 0 0 0 0 0 0 0 0 0 0 0 0 0 0 0 0 0 0
 0 0 0 0 0 0 0 0 0 0 0 0 0 0 0 0 0 0 0 0 0 0 0 0 0 0 0 0 0 0 0 0 0 0 0 0
 0 0 0 0 0 0 0 0 1.78061e-05 0.00172719 0.00360574 0.0105946 0.0120993 0.0124554 0.0147524 0.0171206 0.0266825 0.0428682 0.0675386 0.121331 0.153587 0.119568 0.100827 0.0573624 0.0630603 0.0341343 0.0324427 0.0444173 0.0211091 0.0280891 0.0125444 0.00206551 0 0 0 0
 0 0 0 0 0 0 0 0 0 0 0 0 0 0 0 0 0 0 0 0 0 0 0 0 0 0 0 0 0 0 0 0 0 0 0 0
 0 0 0 0 0 0 0.0133647 0.0140871 0.0187388 0.0205184 0.03894 0.0496705 0.03968 0.0493445 0.0407372 0.0367815 0.0215668 0.0243155 0.0234873 0.0199281 0.019796 0.0243948 0.0301388 0.0376714 0.0412746 0.0863199 0.0771752 0.113111 0.0741005 0.0525337 0.0229764 0.00759418 0.00175318 0 0 0
 0 0 0 0 0 0 0 0 0 0 0.00219441 0.00772107 0.0458388 0.0604681 0.0671733 0.0775358 0.0609151 0.0617685 0.073594 0.0568108 0.0755445 0.0548602 0.0670107 0.0636378 0.0643287 0.046367 0.0373049 0.0286899 0.0247887 0.0153202 0.00654259 0.00121912 0.000365735 0 0 0
 0 0 0 0 0 0 0 0 0 0 0 0 0.000112435 0.00938835 0.0111873 0.0202946 0.0414886 0.0713402 0.111592 0.104902 0.108894 0.110636 0.117776 0.105296 0.107544 0.0401394 0.0192827 0.0124803 0.00416011 0.0028671 0.000618394 0 0 0 0 0
 0 0 0 0 0 0 0 0 0 0 0.00291406 0.0102884 0.027416 0.0768956 0.0749926 0.110853 0.0956884 0.0897413 0.0766577 0.0534642 0.0500743 0.0551293 0.0594112 0.0620874 0.0668451 0.0424026 0.0208742 0.0120726 0.0048766 0.00582813 0.00118941 0.000297354 0 0 0 0
 0 0.00264628 0.0354308 0.0461629 0.0458689 0.0383711 0.0214643 0.0164657 0.0346957 0.0420465 0.0363128 0.0245516 0.0311673 0.0291091 0.0169068 0.0133784 0.00837989 0.0085269 0.0148486 0.0160247 0.0276389 0.0546898 0.0760071 0.122758 0.109233 0.0665981 0.0333725 0.0166128 0.00676272 0.00308733 0.000882094 0 0 0 0 0
 0 0 0 0 0 0 0 0.000805153 0.000690131 0.00759144 0.0133425 0.0154129 0.00931677 0.000345066 0.00356568 0.00563607 0.00851162 0.0253048 0.0502646 0.0516448 0.0657925 0.0565908 0.0611916 0.0827007 0.0866115 0.110766 0.145733 0.0935128 0.0569358 0.0249597 0.0138026 0.00621118 0.00161031 0.00115022 0 0
 0 0 0 0 0 0 0 0 0 0 0 0 0 0 0 0 0 0 0 0 0 0 0 0 0 0 0 0 0 0 0 0 0 0 0 0
 0.00147267 0.00158595 0.00478618 0.00569244 0.00954404 0.0108468 0.00647125 0.017049 0.0510054 0.094081 0.124002 0.0959785 0.0687766 0.0820023 0.061753 0.0591476 0.0492212 0.0479892 0.0443925 0.0268479 0.0217502 0.0140895 0.0121071 0.0120363 0.00920419 0.00665534 0.0049561 0.00860946 0.00930331 0.0156896 0.0114698 0.00855282 0.00243557 0.00046729 0 2.83206e-05
 0 0 0 0 0.000772559 0.00158375 0.000888443 0.00281984 0.00712685 0.0440552 0.0773331 0.111326 0.0921469 0.0852325 0.0710754 0.0886704 0.0786465 0.0553345 0.0373146 0.0185414 0.00753245 0.00457741 0.012979 0.0271748 0.0457355 0.0583668 0.034881 0.0177882 0.00938659 0.00492506 0.0015258 0.00185414 0.000309023 5.79419e-05 3.86279e-05 0
 0 0.00173294 0.00326652 0 0.00397197 0.00683976 0.00946217 0.0152591 0.00757587 0.0136028 0.0228656 0.0392903 0.0559909 0.0764795 0.0681675 0.0726916 0.0566044 0.0477403 0.0527397 0.0444891 0.0609904 0.0582453 0.0661739 0.0445044 0.0529084 0.0360697 0.0280645 0.0235558 0.0158879 0.00826598 0.00280645 0.00217768 0.000904811 0.00058276 9.20147e-05 0
 0 0 0 0 0 0 0 0 0 0 0 0 0 0 0 0 0 0 0 0 0 0 0 0 0 0 0 0 0 0 0 0 0 0 0 0
 0 0 0 0 0 0 0 0 0 0 0 0 0 0 0 0 0 0 0 0 0 0 0 0 0 0 0 0 0 0 0 0 0 0 0 0
 0 0 0 0 0 0 0 0 0 0 0 0 0 0 0 0 0 0 0 0 0 0 0 0 0 0 0 0 0 0 0 0 0 0 0 0
 0 0 0 0 0 0 0 0 0 0 0 0 0 0 0 0 0 0 0 0 0 0 0 0 0 0 0 0 0 0 0 0 0 0 0 0
 0 0 0 0 0 0 0 0 0 0 0 0 0 0 0 0 0 0 0 0 0 0 0 0 0 0 0 0 0 0 0 0 0 0 0 0
ppred_pel_tallas
 1.01391e-16 2.79683e-05 0.000164133 0.000780179 0.00300367 0.00936661 0.0236595 0.0484115 0.0802514 0.107788 0.117326 0.103566 0.074302 0.0436979 0.0218331 0.0106838 0.00725754 0.00800201 0.0107155 0.0143689 0.0184304 0.0224588 0.0259954 0.0286074 0.0299741 0.0299588 0.0286359 0.0262622 0.0232048 0.0198525 0.0165374 0.0134903 0.0108313 0.00859007 0.0067391 0.00522586
 1.01069e-16 3.11341e-05 0.000182724 0.000868572 0.00334402 0.010428 0.0263404 0.0538964 0.0893413 0.119989 0.130588 0.115225 0.082564 0.0483503 0.0237737 0.0109969 0.0066498 0.00674897 0.00883658 0.0117941 0.015097 0.0183584 0.0211945 0.023248 0.0242585 0.0241211 0.0229083 0.0208446 0.0182454 0.0154408 0.0127101 0.0102428 0.00813228 0.00639287 0.00498964 0.00386696
 1.01095e-16 2.14158e-05 0.000125649 0.000597183 0.00229903 0.00716917 0.0181091 0.0370564 0.0614354 0.082537 0.0898981 0.0794903 0.0573244 0.0343073 0.0182415 0.0107434 0.00962299 0.0122276 0.0168666 0.0226419 0.0289152 0.0350126 0.0401937 0.0437646 0.0452295 0.0444097 0.041485 0.03694 0.0314386 0.0256677 0.0202018 0.0154231 0.0115062 0.00845475 0.00616326 0.00447985
 1.0177e-16 2.86966e-05 0.000168413 0.000800535 0.00308206 0.00961107 0.0242769 0.0496745 0.0823437 0.110593 0.120369 0.106226 0.0761522 0.04467 0.0221043 0.0104641 0.00666094 0.0070403 0.00934917 0.01256 0.0161801 0.0198302 0.0231212 0.0256808 0.0272237 0.0276117 0.0268781 0.0252066 0.0228755 0.0201872 0.017407 0.0147276 0.0122621 0.0100587 0.0081248 0.00644933
 1.0142e-16 3.1036e-05 0.00018215 0.000865842 0.00333351 0.0103952 0.0262576 0.053727 0.0890602 0.119611 0.130174 0.114855 0.0822885 0.0481678 0.023645 0.0108726 0.00648842 0.00652066 0.00852167 0.0113835 0.0145952 0.0177872 0.0205941 0.0226746 0.0237777 0.0237976 0.0227955 0.020975 0.0186258 0.0160516 0.0135097 0.0111751 0.00913503 0.00740598 0.00596137 0.00475777
 1.01517e-16 2.28205e-05 0.0001339 0.000636422 0.00245012 0.00764037 0.0192993 0.0394912 0.0654695 0.0879495 0.0957745 0.0846417 0.0609418 0.0362773 0.0189344 0.010602 0.00891393 0.0110227 0.015131 0.0203214 0.0259942 0.0315468 0.0363225 0.0397033 0.0412431 0.0407712 0.0384311 0.0346333 0.0299468 0.024963 0.0201788 0.0159273 0.0123656 0.00950608 0.0072705 0.00554255
 1.01076e-16 3.45459e-05 0.000202762 0.000963853 0.00371091 0.0115721 0.0292303 0.0598087 0.0991386 0.133137 0.144871 0.127767 0.0914169 0.0532645 0.0256876 0.0110387 0.00553248 0.00471773 0.00586882 0.0077938 0.0100144 0.0122528 0.0142584 0.015799 0.016699 0.0168767 0.0163587 0.0152661 0.0137784 0.0120887 0.0103644 0.00872493 0.00723708 0.00592528 0.00478754 0.00381043
 1.0066e-16 2.98055e-05 0.000174919 0.000831456 0.0032011 0.00998228 0.0252146 0.0515934 0.0855256 0.11487 0.125031 0.110358 0.0791541 0.0465092 0.0231577 0.0111959 0.00742243 0.00803825 0.0106846 0.0142558 0.0181818 0.0219972 0.0252273 0.0274339 0.0283062 0.027735 0.0258388 0.0229286 0.0194284 0.0157753 0.0123335 0.00934344 0.00691233 0.00503779 0.00364785 0.00264137
 1.00625e-16 3.29367e-05 0.000193309 0.000918898 0.0035378 0.0110323 0.0278667 0.0570193 0.0945168 0.126936 0.13814 0.121868 0.0872774 0.0510169 0.0249102 0.0112278 0.00638708 0.00615987 0.00794203 0.0105611 0.0134908 0.0163668 0.0188381 0.0205814 0.0213639 0.0210963 0.0198526 0.0178464 0.0153745 0.0127462 0.0102226 0.00798019 0.0061039 0.004603 0.00343849 0.00255026
 1.00622e-16 3.16552e-05 0.000185783 0.000883112 0.0034 0.0106026 0.0267813 0.0547987 0.0908371 0.121998 0.132775 0.117157 0.0839529 0.0491721 0.0241929 0.0112148 0.00681086 0.00692883 0.00906501 0.0120743 0.0154126 0.0186744 0.0214579 0.0233927 0.0242139 0.0238237 0.0223138 0.0199373 0.0170428 0.0139918 0.0110877 0.00853367 0.00642425 0.00476466 0.00350301 0.0025629
 1.00941e-16 2.54231e-05 0.000149183 0.000709086 0.00272991 0.00851289 0.0215032 0.0440001 0.0729421 0.0979801 0.106677 0.0942281 0.0677378 0.0401095 0.0205437 0.0108831 0.00845245 0.010051 0.0136713 0.018322 0.0234078 0.0283673 0.0326009 0.0355476 0.0368046 0.0362226 0.03394 0.0303397 0.0259497 0.0213183 0.0169059 0.0130211 0.00980853 0.00727718 0.00534965 0.00391111
 1.01454e-16 2.60566e-05 0.000152906 0.000726796 0.00279812 0.0087256 0.0220404 0.045099 0.0747621 0.10042 0.109321 0.0965341 0.0693312 0.0409241 0.0207245 0.0106001 0.0077894 0.00900156 0.0121867 0.0163615 0.0209763 0.0255389 0.0295269 0.0324459 0.0339316 0.0338317 0.0322373 0.0294485 0.0258924 0.0220193 0.0182134 0.0147397 0.0117343 0.00922728 0.00718129 0.00552964
 1.00619e-16 3.4537e-05 0.000202708 0.000963587 0.00370987 0.0115689 0.0292221 0.0597923 0.0991121 0.133104 0.144841 0.127755 0.0914391 0.0533398 0.0258397 0.0113004 0.00594547 0.00532804 0.00671653 0.00889962 0.0113655 0.013792 0.015881 0.0173608 0.0180356 0.0178303 0.0168069 0.0151441 0.0130902 0.0109038 0.00880234 0.00693236 0.00536364 0.00410295 0.00311723 0.00235652
 1.00106e-16 3.80154e-05 0.000223134 0.00106071 0.00408383 0.0127351 0.0321677 0.0658188 0.109099 0.14651 0.159412 0.140566 0.100518 0.0584535 0.0279756 0.0116506 0.00528807 0.00396776 0.00467718 0.00610711 0.00775363 0.0093536 0.0106899 0.0115719 0.0118673 0.0115328 0.0106252 0.00928593 0.00770521 0.00607837 0.00456745 0.0032785 0.0022572 0.00149921 0.00096808 0.000613623
 1.00065e-16 3.83171e-05 0.000224906 0.00106913 0.00411626 0.0128362 0.0324232 0.0663415 0.109966 0.147673 0.160676 0.141676 0.101305 0.0588963 0.0281596 0.011679 0.00522795 0.00384521 0.00449395 0.00585662 0.00743024 0.00895712 0.0102275 0.0110582 0.0113224 0.0109796 0.0100859 0.00877893 0.00724351 0.00566895 0.00421207 0.00297523 0.00200197 0.00128714 0.000794235 0.000473317
 1.00165e-16 3.40045e-05 0.000199578 0.0009487 0.00365254 0.0113901 0.0287706 0.0588686 0.0975821 0.131053 0.142618 0.125815 0.090096 0.052648 0.0256751 0.0115174 0.0064704 0.00616283 0.00789962 0.0104646 0.0133105 0.0160605 0.0183557 0.0198707 0.0203781 0.0198037 0.0182446 0.0159433 0.0132265 0.0104296 0.00783107 0.00561335 0.00385538 0.00255019 0.00163563 0.00102578
 1.0049e-16 2.95443e-05 0.000173385 0.00082416 0.003173 0.00989467 0.0249933 0.0511407 0.0847755 0.113863 0.123938 0.1094 0.0784796 0.0461394 0.0230228 0.0112122 0.00753918 0.00824097 0.0109795 0.0146538 0.0186888 0.0226076 0.0259217 0.0281792 0.0290594 0.0284487 0.026468 0.0234373 0.0197938 0.0159893 0.0124022 0.00928397 0.00674927 0.00479936 0.00336261 0.00233562
 1.00709e-16 3.18188e-05 0.000186744 0.000887683 0.00341761 0.0106575 0.02692 0.0550824 0.0913069 0.122628 0.133458 0.117753 0.0843647 0.0493833 0.0242414 0.0111448 0.00664471 0.00666566 0.00869311 0.011584 0.0148059 0.0179706 0.0206958 0.0226275 0.0235098 0.0232432 0.0219068 0.0197321 0.0170415 0.0141721 0.0114086 0.00894419 0.00687294 0.00520682 0.00390546 0.00290551
 1.00923e-16 2.79398e-05 0.000163964 0.000779367 0.00300053 0.00935682 0.0236348 0.0483612 0.0801689 0.107679 0.117215 0.103484 0.0742769 0.0437515 0.0219857 0.0109642 0.00770673 0.00866783 0.0116409 0.0155765 0.0199065 0.0241413 0.0277707 0.0303187 0.0314427 0.0310133 0.0291434 0.0261525 0.0224827 0.0185936 0.0148721 0.011578 0.00883438 0.00665135 0.00496731 0.00368976
 1.00989e-16 3.11321e-05 0.000182713 0.000868517 0.00334381 0.0104273 0.0263387 0.053893 0.0893357 0.119981 0.130579 0.115218 0.0825588 0.0483472 0.0237722 0.0109963 0.00664987 0.00674999 0.00883936 0.0118 0.0151078 0.0183761 0.0212211 0.023285 0.0243059 0.0241771 0.0229688 0.0209035 0.0182951 0.0154734 0.0127185 0.0102225 0.00808161 0.00631384 0.00488738 0.00374889
 1.01052e-16 2.93476e-05 0.000172232 0.000818682 0.00315192 0.00982892 0.0248272 0.0508007 0.0842113 0.113104 0.123108 0.108656 0.0779242 0.0457686 0.0227565 0.01095 0.00719599 0.00775575 0.0103126 0.0137887 0.0176386 0.021423 0.0246923 0.0270275 0.0281245 0.0278642 0.0263383 0.0238186 0.0206839 0.0173298 0.0140902 0.0111905 0.00873981 0.00675154 0.00517863 0.00394842
 1.01442e-16 2.68713e-05 0.000157691 0.000749544 0.00288571 0.00899874 0.0227303 0.0465105 0.0771014 0.10356 0.112734 0.099534 0.0714564 0.0421193 0.0212202 0.0106744 0.00762299 0.00866385 0.0116811 0.0156687 0.0200791 0.0244352 0.0282349 0.0310048 0.0323974 0.0322696 0.0307128 0.0280188 0.0246006 0.0208924 0.0172626 0.0139638 0.0111227 0.00876351 0.00684551 0.00530048
 1.01343e-16 3.04173e-05 0.000178516 0.000848564 0.00326698 0.0101878 0.0257335 0.0526548 0.0872834 0.117226 0.127582 0.112578 0.0806771 0.0472652 0.0232779 0.0108319 0.00663991 0.00681479 0.00895897 0.011981 0.0153666 0.0187322 0.0216941 0.0238923 0.0250604 0.0250846 0.0240261 0.0220971 0.0196005 0.0168565 0.0141382 0.0116338 0.00944029 0.00758051 0.00603097 0.00474885
 1.01074e-16 3.01459e-05 0.000176921 0.000840976 0.00323776 0.0100966 0.0255034 0.0521841 0.0865037 0.116181 0.126451 0.111593 0.0799998 0.0469264 0.0232184 0.0109831 0.00697078 0.00733342 0.00969082 0.0129459 0.0165608 0.0201175 0.0231938 0.0253964 0.0264405 0.0262144 0.0248035 0.0224619 0.0195438 0.0164189 0.0133985 0.0106925 0.00840199 0.0065386 0.00505805 0.00389266
 1.02235e-16 1.59047e-05 9.32879e-05 0.000443322 0.0017066 0.0053217 0.0134427 0.027509 0.0456124 0.0612961 0.0668074 0.059179 0.0429079 0.0261424 0.0147453 0.0100015 0.0103716 0.0139505 0.0194977 0.0262839 0.0336824 0.0409568 0.0472727 0.0518353 0.0540627 0.0537208 0.0509722 0.0463201 0.040471 0.0341657 0.0280312 0.0224945 0.0177665 0.013881 0.0107602 0.00827859
 1.0384e-16 2.41101e-05 0.000141486 0.00067252 0.00258917 0.00807401 0.0203944 0.0417307 0.069177 0.0929142 0.101139 0.0892838 0.0640693 0.0377094 0.0188993 0.00935404 0.0065109 0.00733136 0.00994796 0.0135092 0.0175936 0.0218519 0.025906 0.0293754 0.0319452 0.0334244 0.0337733 0.0330889 0.0315614 0.0294159 0.0268642 0.024078 0.0211849 0.01828 0.0154419 0.0127428
 1.03122e-16 2.2089e-05 0.000129609 0.000616029 0.00237162 0.00739557 0.0186809 0.0382256 0.0633709 0.0851286 0.092698 0.0819118 0.0589526 0.0350459 0.0182064 0.0100624 0.00831908 0.0102212 0.0140393 0.0189075 0.0242807 0.0296198 0.0343363 0.0378703 0.0398089 0.0399784 0.0384789 0.0356433 0.0319427 0.0278684 0.0238315 0.0201064 0.0168237 0.0140005 0.0115882 0.00951681
pSPR Fmed_Fpbrs
0.540075   0.6 0.325
Fs Fmed_Fpbrs
0.64   0.491465 1.77681
SSBpbr Bo_Bmed_Bpbrs
556005  272484  305802 152901
Ro
27446.7
SPR SPRFo_SPRFmed_SPRFpbrs
566890 306163 184239
log_Ro
10.04
likeval ReclasPelacesDesembMPH_pf_preclas_ppelaces_ptallas_desvR_qrecl_qpela
 73.3039 12.6138 0.0560934 0.000505337 334.143 208.426 56.5107 0 19.3377 1.91402e-05 0.000178663 1.07336e-13 0 0 0
q_reclas_q_pelaces
1.85883 6.69691
M
0.7
N
 28945.8 11987.8 3702.62 450.787 0.180281
 40956.8 13304.1 3182.34 676.682 79.7919
 12041.7 18662.6 3293.19 520.161 119.252
 16899.6 5029.96 2284.55 174.949 31.573
 39947.6 7951.4 1613.95 565.021 49.9278
 24143.8 19637.8 3638.17 703.293 266.832
 64912.3 10907.3 4533.92 532.096 136.295
 62379 30112.7 3121.08 934.006 133.78
 82089.3 27774 6180.77 378.329 123.617
 113701 36176.7 5246.19 656.158 50.6558
 65587.4 52213.8 9536.04 948.025 123.596
 46371.5 28718.9 9361.78 931.559 99.2814
 50710.7 20613.2 5817.53 1111.2 116.785
 28450.5 20867.8 2235.45 254.721 49.6798
 13475.6 9819.53 544.943 10.0866 1.17791
 10739.3 4619.47 242.671 2.25169 0.0398216
 7763.6 4533.25 615.623 14.7639 0.130239
 9673.23 3367.52 752.985 53.2319 1.21695
 9355.98 4333.35 726.233 98.7699 6.84033
 13083.9 4296.79 1142.99 131.371 18.4873
 18997.3 5949.44 1045.71 181.837 22.972
 22601 9044.97 2101.29 301.444 58.0023
 37168.5 10689.5 3027.44 555.936 93.1618
 54766.7 17367.1 3242.52 684.526 143.045
 22781.8 25622.2 5322.09 745.196 185.461
 31846.3 10802.6 8754.77 1455.2 249.543
 21214 15086.7 3663.38 2365.16 451.485
pred_Ctot
 1556.51 4157.95 1779.67 221.072 0.0885064
 2439.16 4991.86 1633.31 353.992 41.7838
 1389.3 10919.6 2374.56 379.372 87.0268
 640.227 1312.42 857.958 67.2406 12.1499
 289.209 451.623 143.251 51.68 4.57402
 1575.83 7891.3 1975.07 388.781 147.647
 3084.89 3430.3 2004.87 240.346 61.6338
 4667.2 13352.7 1832.91 557.693 79.9503
 6689.79 13065.7 3800.33 236.281 77.267
 6180.75 12654.4 2539.58 324.051 25.0435
 5617.5 25399.1 6014.97 607.031 79.203
 3518.78 12861.2 5540.65 560.471 59.7844
 6316.23 12586.8 4318.12 833.503 87.6481
 6371.35 16420.3 1936.94 221.751 43.26
 3065.67 7765.22 473.483 8.80433 1.02842
 1169.11 2613.21 170.921 1.60528 0.0284079
 711.932 2306.19 401.575 9.76841 0.0862365
 685.06 1436.05 428.763 30.8377 0.705632
 508.087 1514.62 351.33 48.7476 3.37962
 797.457 1640.68 595.159 69.7064 9.81932
 564.453 1259.91 325.424 58.0117 7.33852
 775.185 2168.92 731.797 107.52 20.7147
 1584.44 3077.12 1239.8 232.78 39.0547
 2287.56 4916.04 1308.5 282.486 59.101
 741.349 5872.33 1779.46 255.277 63.6143
 1056.78 2517.92 2972.06 506.073 86.8947
 1215 5494.52 1834.29 1207.55 230.748
F
 0.0773549 0.62627 0.999595 1.03197 1.03373
 0.0859941 0.696213 1.11123 1.14723 1.14919
 0.172967 1.40035 2.23512 2.30751 2.31145
 0.0539431 0.436726 0.697063 0.719641 0.72087
 0.0101119 0.0818665 0.130668 0.1349 0.135131
 0.0945979 0.76587 1.22241 1.26201 1.26416
 0.068089 0.551252 0.879859 0.908358 0.909909
 0.109128 0.883505 1.41017 1.45585 1.45833
 0.119391 0.966598 1.5428 1.59277 1.59549
 0.0782279 0.633338 1.01088 1.04362 1.0454
 0.125828 1.01871 1.62597 1.67864 1.68151
 0.110755 0.89668 1.4312 1.47756 1.48008
 0.187929 1.52149 2.42846 2.50712 2.5114
 0.363792 2.94528 4.70099 4.85326 4.86155
 0.370603 3.00042 4.789 4.94412 4.95256
 0.162474 1.3154 2.09952 2.16753 2.17123
 0.135269 1.09515 1.74798 1.8046 1.80768
 0.103021 0.834061 1.33125 1.37437 1.37672
 0.0781483 0.632693 1.00985 1.04256 1.04434
 0.0880884 0.713169 1.1383 1.17517 1.17717
 0.042088 0.340747 0.543869 0.561486 0.562444
 0.0487265 0.394493 0.629653 0.650048 0.651158
 0.0608832 0.492914 0.786745 0.812228 0.813615
 0.059623 0.482711 0.77046 0.795415 0.796773
 0.0461781 0.373861 0.596722 0.61605 0.617102
 0.0471091 0.381398 0.608753 0.62847 0.629544
 0.0825776 0.668553 1.06708 1.10165 1.10353
Np
 17791.5 8516.01 3576.43 1185.39 248.08
YTP_r0W_actual
 4526.45 61385.4 32151.3 27198.1 5769.41
YTP_p0W_proyectada
 3796.19 39466.2 33694.2 7196.56 5809.29
 3796.19 34650.4 31388.3 13631.3 3170.15
CTP_r0_actual
 552.006 2841.92 1023.93 678.257 129.65
CTP_p0_proyectada
 462.95 1827.14 1073.06 179.465 130.546
 462.95 1604.19 999.627 339.933 71.2393
Wmedp
 8.2 21.6 31.4 40.1 44.5
nmprior
 10.8 10.6 4.6 0
nm_flota  nm_reclas  nm_pelaces    nm_pelaL
inf 23.4361 14.8036 43.5025
cv_recla  cv_pelaces  cv_mph
0.741471 0.389057 0.600795
 ------------------------------------------------
Talla a la edad & desviaci?n 
 7.2 14.2025 17.0495 18.207 18.6776
 1.08 2.13037 2.55742 2.73105 2.80164
