years
 1997 1998 1999 2000 2001 2002 2003 2004 2005 2006 2007 2008 2009 2010 2011 2012 2013 2014 2015 2016 2017 2018 2019 2020 2021 2022 2023
reclasobs
 0 0 0 370054 412103 1.49427e+06 250295 1.28982e+06 931140 785840 897777 1.04006e+06 184774 17550 25797 100020 73551 82996 120727 218422 84188 347160 605670 569463 516374 1.08416e+06 1.01767e+06
reclaspred
 610587 149774 378069 227504 346099 436195 944749 666986 757303 805881 702465 474120 284237 114166 67972.9 67670.8 80464.6 108883 121226 161274 244321 234860 398875 533876 710005 676052 589384
pelacesobs
 0 0 0 0 0 0 0 0 0 2.06254e+06 1.5e+06 0 1.87456e+06 323000 250000 174000 83755 137374 0 501740 490994 745055 786931 1.00524e+06 1.33801e+06 1.41789e+06 0
pelacespred
 2.31015e+06 509296 703792 702421 977066 867832 2.54738e+06 2.00419e+06 2.14828e+06 2.28252e+06 1.62966e+06 1.13095e+06 717939 228585 149891 150561 185631 260875 279160 379383 669474 583618 814171 1.26937e+06 1.56644e+06 1.61312e+06 1.34983e+06
mphobs
 0 0 0 0 0 0 112323 0 153150 637223 0 255016 313432 73983 77613 109348 50772 17779 17303 59886 28197 0 207744 136588 643089 65757 70829
mphpred
 189102 102010 108035 96750.3 101248 169465 236682 306155 268561 293179 315796 213374 128736 68533 29808.6 24795.7 27562.9 35241.6 44694 51094.8 76299.2 94435.4 116430 166370 253973 259699 220308
desembarqueobs
 350755 77701 442110 56441 14545 235359 269955 359681 431902 328805 639364 411747 362871 311530 167758 66681 60226 58785 57116 73181 50977 67692 138656 160484 209506 203330 245020
desembarquepred
 350755 77696.1 442053 56443.4 14545.2 235435 270010 359628 431899 328783 639193 411733 362888 311587 167558 66672.4 60249.4 58772.2 57097 73173.4 50977.7 67677 138653 160484 209476 203301 244993
Reclutas
 36542.4 45387.4 19908.1 27806 54049.2 37893.9 75478 73206.8 96353.9 117609 63262.4 43978.1 50437.9 26757 15011.1 12932.1 9363.4 11282.7 12116.2 18706.2 24883.3 30786.2 50841.3 73026 31721.8 45165.6 53768.3
log_desv_Rt
 0.0462276 0.262989 -0.561117 -0.226991 0.43765 0.0825446 0.771597 0.741043 1.01578 1.21512 0.595047 0.231446 0.368498 -0.265449 -0.843456 -0.992528 -1.31544 -1.12898 -1.0577 -0.623388 -0.338046 -0.125179 0.376464 0.738571 -0.0952398 0.258091 0.432439
SSB
 506672 273321 289465 259229 271280 454056 634156 820299 719570 785532 846130 571706 344931 183624 79867.8 66436.5 73850.9 94424.9 119751 136901 204433 253026 311959 445765 680483 695827 590283
BT
 1.61251e+06 407180 635086 444690 554908 647755 1.63517e+06 1.50582e+06 1.60651e+06 1.5859e+06 1.45968e+06 994561 755303 415822 221783 138846 151762 192921 199893 269123 413938 376371 540574 828787 998028 1.04238e+06 937549
Ftot
 0.64113 0.609511 1.08028 0.270331 0.0517382 0.496898 0.335152 0.594341 0.670188 0.473204 0.866013 0.841529 1.40943 2.55051 2.705 1.07987 0.817661 0.606558 0.478055 0.507882 0.231082 0.291117 0.355579 0.334004 0.271812 0.294741 0.416248
BD_Bspro_t
 0.92263 0.66271 0.574818 0.372306 0.509731 0.689889 0.629231 0.655943 0.588806 0.563085 0.549753 0.382139 0.274398 0.185865 0.100862 0.102542 0.152033 0.246623 0.347814 0.438532 0.566781 0.679629 0.688602 0.699442 0.725345 0.668916 0.629854
BD_Bspro
 0.703068 0.379266 0.401667 0.359711 0.376434 0.630058 0.879967 1.13826 0.99849 1.09002 1.17411 0.793311 0.478633 0.254801 0.110826 0.0921886 0.102477 0.131026 0.166169 0.189967 0.283675 0.351104 0.43288 0.618553 0.944253 0.965544 0.819089
BD_Bo
 0.519058 0.280003 0.296541 0.265566 0.277912 0.465157 0.649659 0.840353 0.737161 0.804736 0.866815 0.585682 0.353363 0.188114 0.0818203 0.0680607 0.0756563 0.0967333 0.122679 0.140248 0.20943 0.259212 0.319585 0.456663 0.697119 0.712838 0.604714
BD_Brms
 0.943742 0.509096 0.539166 0.482847 0.505295 0.845739 1.1812 1.52791 1.34029 1.46316 1.57603 1.06488 0.642479 0.342025 0.148764 0.123747 0.137557 0.175879 0.223052 0.254997 0.380783 0.471294 0.581064 0.830296 1.26749 1.29607 1.09948
S_f
 0.1436 1 1 1 1
 0.1436 1 1 1 1
 0.1436 1 1 1 1
 0.1436 1 1 1 1
 0.1436 1 1 1 1
 0.1436 1 1 1 1
 0.1436 1 1 1 1
 0.1436 1 1 1 1
 0.1436 1 1 1 1
 0.1436 1 1 1 1
 0.1436 1 1 1 1
 0.1436 1 1 1 1
 0.1436 1 1 1 1
 0.1436 1 1 1 1
 0.1436 1 1 1 1
 0.1436 1 1 1 1
 0.1436 1 1 1 1
 0.1436 1 1 1 1
 0.1436 1 1 1 1
 0.1436 1 1 1 1
 0.1436 1 1 1 1
 0.1436 1 1 1 1
 0.1436 1 1 1 1
 0.1436 1 1 1 1
 0.1436 1 1 1 1
 0.1436 1 1 1 1
 0.1436 1 1 1 1
Scru_reclas
 0.533523 0.864906 0.972854 0.99504 0.99911
 0.533523 0.864906 0.972854 0.99504 0.99911
 0.533523 0.864906 0.972854 0.99504 0.99911
 0.533523 0.864906 0.972854 0.99504 0.99911
 0.533523 0.864906 0.972854 0.99504 0.99911
 0.533523 0.864906 0.972854 0.99504 0.99911
 0.533523 0.864906 0.972854 0.99504 0.99911
 0.533523 0.864906 0.972854 0.99504 0.99911
 0.533523 0.864906 0.972854 0.99504 0.99911
 0.533523 0.864906 0.972854 0.99504 0.99911
 0.533523 0.864906 0.972854 0.99504 0.99911
 0.533523 0.864906 0.972854 0.99504 0.99911
 0.533523 0.864906 0.972854 0.99504 0.99911
 0.533523 0.864906 0.972854 0.99504 0.99911
 0.533523 0.864906 0.972854 0.99504 0.99911
 0.533523 0.864906 0.972854 0.99504 0.99911
 0.533523 0.864906 0.972854 0.99504 0.99911
 0.533523 0.864906 0.972854 0.99504 0.99911
 0.533523 0.864906 0.972854 0.99504 0.99911
 0.533523 0.864906 0.972854 0.99504 0.99911
 0.533523 0.864906 0.972854 0.99504 0.99911
 0.533523 0.864906 0.972854 0.99504 0.99911
 0.533523 0.864906 0.972854 0.99504 0.99911
 0.533523 0.864906 0.972854 0.99504 0.99911
 0.533523 0.864906 0.972854 0.99504 0.99911
 0.533523 0.864906 0.972854 0.99504 0.99911
 0.533523 0.864906 0.972854 0.99504 0.99911
Scru_pelaces
 0.85891 1 1 1 1
 0.85891 1 1 1 1
 0.85891 1 1 1 1
 0.85891 1 1 1 1
 0.85891 1 1 1 1
 0.85891 1 1 1 1
 0.85891 1 1 1 1
 0.85891 1 1 1 1
 0.85891 1 1 1 1
 0.85891 1 1 1 1
 0.85891 1 1 1 1
 0.85891 1 1 1 1
 0.85891 1 1 1 1
 0.85891 1 1 1 1
 0.85891 1 1 1 1
 0.85891 1 1 1 1
 0.85891 1 1 1 1
 0.85891 1 1 1 1
 0.85891 1 1 1 1
 0.85891 1 1 1 1
 0.85891 1 1 1 1
 0.85891 1 1 1 1
 0.85891 1 1 1 1
 0.85891 1 1 1 1
 0.85891 1 1 1 1
 0.85891 1 1 1 1
 0.85891 1 1 1 1
pf_obs 
 0.256992 0.487395 0.22802 0.0275931 0
 0.321318 0.546541 0.124235 0.00734118 0.000564706
 0.182869 0.594174 0.210203 0.0122559 0.00049798
 0.330522 0.361315 0.267642 0.0388342 0.00168674
 0.649043 0.306663 0.0425973 0.00169635 0
 0.582887 0.30429 0.105238 0.00758474 0
 0.465427 0.430635 0.0974691 0.00646863 0
 0.296916 0.608066 0.0921331 0.00288517 0
 0.311714 0.524322 0.152257 0.0117073 0
 0.15457 0.633149 0.183074 0.0267441 0.00246327
 0.131901 0.49318 0.331252 0.0422183 0.00144891
 0.196976 0.569456 0.194076 0.0375587 0.00193317
 0.518974 0.381816 0.0799577 0.0180837 0.00116848
 0.0928022 0.601141 0.25162 0.0475244 0.00691264
 0.122501 0.610282 0.24278 0.0234846 0.000952079
 0.383417 0.481906 0.127806 0.00687128 0
 0.0376549 0.599619 0.316969 0.0457579 0
 0.0361596 0.667082 0.258105 0.0386534 0
 0.158088 0.579412 0.248529 0.0139706 0
 0.0477256 0.309471 0.559284 0.082774 0.000745712
 0.0406174 0.521527 0.379366 0.0568643 0.0016247
 0.151134 0.462217 0.34131 0.0453401 0
 0.294876 0.26143 0.354403 0.0886775 0.000613685
 0.281977 0.475581 0.204845 0.0348837 0.00271318
 0.0841818 0.532909 0.334909 0.0458182 0.00218182
 0.115287 0.27431 0.454777 0.147771 0.00785563
 0 0 0 0 0
pf_pred 
 0.281493 0.503739 0.19172 0.0230393 9.80021e-06
 0.278656 0.569994 0.10611 0.0403848 0.00485518
 0.135265 0.678857 0.146877 0.0273427 0.0116576
 0.254789 0.489034 0.201111 0.0435124 0.0115538
 0.303399 0.509192 0.122985 0.0505764 0.0138483
 0.155933 0.638661 0.150145 0.0362645 0.0189969
 0.30316 0.433592 0.199186 0.0468274 0.0172349
 0.221181 0.608454 0.106005 0.0486972 0.0156621
 0.276242 0.526209 0.154336 0.0268885 0.0163249
 0.266485 0.578299 0.11285 0.0330985 0.00926744
 0.146042 0.650622 0.160309 0.0312827 0.0117441
 0.165189 0.54235 0.222823 0.0549021 0.0147357
 0.286712 0.484473 0.148653 0.061074 0.0190871
 0.250444 0.641218 0.0735847 0.0225784 0.0121753
 0.313318 0.623915 0.0536945 0.00616186 0.00291022
 0.331406 0.626842 0.0379355 0.00326475 0.000551603
 0.217897 0.671131 0.104042 0.00629647 0.000633432
 0.266177 0.547709 0.159706 0.0247585 0.00164908
 0.237479 0.59016 0.128646 0.0375119 0.00620262
 0.296139 0.516157 0.145275 0.0316677 0.0107608
 0.262659 0.582844 0.113296 0.0318878 0.00931306
 0.232288 0.564403 0.160709 0.0312395 0.0113604
 0.28652 0.505442 0.152944 0.0435495 0.0115439
 0.275275 0.557387 0.118545 0.0358711 0.0129215
 0.0993139 0.681882 0.168283 0.0357905 0.0147312
 0.18225 0.382057 0.32985 0.0814043 0.0244391
 0.211397 0.506235 0.131923 0.113896 0.0365475
pobs_RECLAS
 0 0 0 0 0
 0 0 0 0 0
 0 0 0 0 0
 0 0 0 0 0
 0.835266 0.146461 0.0176864 0.000547809 3.91292e-05
 0.385257 0.428462 0.181853 0.0044286 0
 0.867414 0.0963971 0.0333333 0.00285562 0
 0.441836 0.489002 0.0689373 0.000224442 0
 0.779404 0.147425 0.0564933 0.0165055 0.000172143
 0.814271 0.122319 0.05973 0.00367925 0
 0.40263 0.566651 0.0304383 0.000280538 0
 0.475488 0.404961 0.113038 0.00651328 0
 0.955842 0.0263864 0.0167828 0.000988607 0
 0.975058 0.0227948 0.00214734 0 0
 0.738997 0.206755 0.0527124 0.00153531 0
 0.850938 0.134255 0.0134407 0.00136685 0
 0.542534 0.407297 0.0501686 0 0
 0.764087 0.199537 0.0359546 0.000420521 0
 0.470689 0.182191 0.310203 0.0369168 0
 0.84361 0.089868 0.0606195 0.00523954 0.000663233
 0.607945 0.314616 0.071237 0.00620181 0
 0.523733 0.453247 0.0230204 0 0
 0.530135 0.295979 0.169645 0.0042399 0
 0.562478 0.366248 0.0663022 0.0049721 0
 0.250443 0.683176 0.0655157 0.000865301 0
 0.195077 0.31981 0.436473 0.0351445 0.0134964
 0.565238 0.351407 0.0832357 0.000118908 0
ppred_RECLAS
 0.629707 0.250074 0.107055 0.0131584 5.62008e-06
 0.628028 0.285968 0.0598802 0.0233098 0.00281383
 0.419021 0.443652 0.107969 0.0205578 0.00880068
 0.588256 0.258597 0.119619 0.0264709 0.00705755
 0.644214 0.25102 0.0681956 0.0286845 0.00788621
 0.443114 0.408238 0.107953 0.0266683 0.0140272
 0.64518 0.21034 0.108687 0.0261344 0.00965818
 0.553051 0.339169 0.0664653 0.0312294 0.0100851
 0.624831 0.263364 0.0868847 0.0154823 0.00943828
 0.610582 0.298667 0.0655561 0.0196659 0.0055289
 0.433652 0.418491 0.115982 0.023149 0.00872614
 0.465497 0.331995 0.153423 0.0386645 0.01042
 0.656859 0.223447 0.0771184 0.0324065 0.0101693
 0.668681 0.278063 0.0358926 0.0112643 0.00609907
 0.741898 0.231783 0.022437 0.00263354 0.0012489
 0.699781 0.279253 0.0190092 0.00167325 0.000283864
 0.556844 0.373575 0.0651416 0.00403217 0.0004073
 0.612039 0.280427 0.0919752 0.0145836 0.00097534
 0.573083 0.32088 0.078677 0.0234646 0.00389576
 0.644018 0.252246 0.0798569 0.0178046 0.00607482
 0.601497 0.30653 0.0670216 0.0192938 0.00565793
 0.561187 0.311832 0.0998736 0.0198567 0.00725054
 0.629516 0.25274 0.0860228 0.0250529 0.00666804
 0.617835 0.285189 0.0682242 0.021115 0.00763715
 0.318165 0.500269 0.138872 0.0302088 0.0124846
 0.476729 0.22849 0.221888 0.0560091 0.0168837
 0.529947 0.287432 0.0842525 0.0743984 0.0239709
pobs_PELACES
 0 0 0 0 0
 0 0 0 0 0
 0 0 0 0 0
 0 0 0 0 0
 0 0 0 0 0
 0 0 0 0 0
 0 0 0 0 0
 0 0 0 0 0
 0 0 0 0 0
 0 0 0 0 0
 0.450072 0.473896 0.0757376 0.000293798 0
 0 0 0 0 0
 0.463077 0.371075 0.160297 0.00555027 0
 0.529543 0.364841 0.0842815 0.0213345 0
 0.631943 0.363953 0.00410389 0 0
 0.735681 0.248677 0.0153453 0.000297389 0
 0.695825 0.281241 0.0229344 0 0
 0.275771 0.60734 0.115278 0.00161068 0
 0 0 0 0 0
 0.896147 0.0623911 0.0374545 0.00400742 0
 0.803859 0.145111 0.0509908 3.86294e-05 0
 0.739449 0.233085 0.0266225 0.000797448 4.60066e-05
 0.878498 0.100942 0.0204185 0.000141795 0
 0.694673 0.275183 0.0284847 0.00165964 0
 0.469039 0.446079 0.0841089 0.000773354 0
 0.822795 0.102175 0.0682046 0.00682512 0
 0 0 0 0 0
ppred_PELACES
 0.746607 0.177651 0.067613 0.00812517 3.4562e-06
 0.741637 0.204154 0.0380054 0.0144646 0.00173898
 0.583509 0.326965 0.0707421 0.0131694 0.00561475
 0.6917 0.202317 0.0832012 0.0180014 0.0047799
 0.726067 0.200236 0.0483628 0.0198888 0.00544575
 0.568216 0.326708 0.0768072 0.0185512 0.00971791
 0.744995 0.158671 0.0728909 0.0171362 0.00630703
 0.677234 0.252162 0.0439318 0.0201816 0.00649082
 0.743762 0.186298 0.0546408 0.00951956 0.00577963
 0.719521 0.221128 0.043151 0.0126561 0.00354365
 0.584047 0.316911 0.0780846 0.0152375 0.00572044
 0.616695 0.249021 0.10231 0.0252084 0.00676593
 0.805467 0.132129 0.0405418 0.0166565 0.00520557
 0.854852 0.124169 0.0142493 0.00437219 0.00235769
 0.896881 0.0936929 0.00806327 0.000925322 0.000437025
 0.816135 0.172383 0.0104324 0.000897814 0.000151692
 0.691737 0.264524 0.0410079 0.00248173 0.000249665
 0.729168 0.202143 0.0589428 0.00913761 0.000608625
 0.687801 0.24163 0.0526716 0.0153585 0.00253954
 0.750581 0.182905 0.0514795 0.0112218 0.0038132
 0.697476 0.239135 0.0464844 0.0130833 0.00382106
 0.666688 0.245043 0.0697739 0.013563 0.00493227
 0.730938 0.190609 0.0576771 0.0164231 0.00435334
 0.718283 0.216669 0.0460813 0.0139439 0.00502287
 0.419937 0.439148 0.108378 0.0230499 0.00948721
 0.595992 0.188755 0.162962 0.0402177 0.0120741
 0.64958 0.224948 0.0586209 0.0506105 0.0162401
pobs_pel_tallas
 0 0 0 0 0 0 0 0 0 0 0 0 0 0 0 0 0 0 0 0 0 0 0 0 0 0 0 0 0 0 0 0 0 0 0 0
 0 0 0 0 0 0 0 0 0 0 0 0 0 0 0 0 0 0 0 0 0 0 0 0 0 0 0 0 0 0 0 0 0 0 0 0
 0 0 0 0 0 0 0 0 0 0 0 0 0 0 0 0 0 0 0 0 0 0 0 0 0 0 0 0 0 0 0 0 0 0 0 0
 0 0 0 0 0 0 0 0 0 0 0 0 0 0 0 0 0 0 0 0 0 0 0 0 0 0 0 0 0 0 0 0 0 0 0 0
 0 0 0 0 0 0 0 0 0 0 0 0 0 0 0 0 0 0 0 0 0 0 0 0 0 0 0 0 0 0 0 0 0 0 0 0
 0 0 0 0 0 0 0 0 0 0 0 0 0 0 0 0 0 0 0 0 0 0 0 0 0 0 0 0 0 0 0 0 0 0 0 0
 0 0 0 0 0 0 0 0 0 0 0 0 0 0 0 0 0 0 0 0 0 0 0 0 0 0 0 0 0 0 0 0 0 0 0 0
 0 0 0 0 0 0 0 0 0 0 0 0 0 0 0 0 0 0 0 0 0 0 0 0 0 0 0 0 0 0 0 0 0 0 0 0
 0 0 0 0 0 0 0 0 0 0 0 0 0 0 0 0 0 0 0 0 0 0 0 0 0 0 0 0 0 0 0 0 0 0 0 0
 0 0 0 0 0 0 0 0 0 0 0 0 0 0 0 0 0 0 0 0 0 0 0 0 0 0 0 0 0 0 0 0 0 0 0 0
 0 0 0 0 0 0 0 0 1.78061e-05 0.00172719 0.00360574 0.0105946 0.0120993 0.0124554 0.0147524 0.0171206 0.0266825 0.0428682 0.0675386 0.121331 0.153587 0.119568 0.100827 0.0573624 0.0630603 0.0341343 0.0324427 0.0444173 0.0211091 0.0280891 0.0125444 0.00206551 0 0 0 0
 0 0 0 0 0 0 0 0 0 0 0 0 0 0 0 0 0 0 0 0 0 0 0 0 0 0 0 0 0 0 0 0 0 0 0 0
 0 0 0 0 0 0 0.0133647 0.0140871 0.0187388 0.0205184 0.03894 0.0496705 0.03968 0.0493445 0.0407372 0.0367815 0.0215668 0.0243155 0.0234873 0.0199281 0.019796 0.0243948 0.0301388 0.0376714 0.0412746 0.0863199 0.0771752 0.113111 0.0741005 0.0525337 0.0229764 0.00759418 0.00175318 0 0 0
 0 0 0 0 0 0 0 0 0 0 0.00219441 0.00772107 0.0458388 0.0604681 0.0671733 0.0775358 0.0609151 0.0617685 0.073594 0.0568108 0.0755445 0.0548602 0.0670107 0.0636378 0.0643287 0.046367 0.0373049 0.0286899 0.0247887 0.0153202 0.00654259 0.00121912 0.000365735 0 0 0
 0 0 0 0 0 0 0 0 0 0 0 0 0.000112435 0.00938835 0.0111873 0.0202946 0.0414886 0.0713402 0.111592 0.104902 0.108894 0.110636 0.117776 0.105296 0.107544 0.0401394 0.0192827 0.0124803 0.00416011 0.0028671 0.000618394 0 0 0 0 0
 0 0 0 0 0 0 0 0 0 0 0.00291406 0.0102884 0.027416 0.0768956 0.0749926 0.110853 0.0956884 0.0897413 0.0766577 0.0534642 0.0500743 0.0551293 0.0594112 0.0620874 0.0668451 0.0424026 0.0208742 0.0120726 0.0048766 0.00582813 0.00118941 0.000297354 0 0 0 0
 0 0.00264628 0.0354308 0.0461629 0.0458689 0.0383711 0.0214643 0.0164657 0.0346957 0.0420465 0.0363128 0.0245516 0.0311673 0.0291091 0.0169068 0.0133784 0.00837989 0.0085269 0.0148486 0.0160247 0.0276389 0.0546898 0.0760071 0.122758 0.109233 0.0665981 0.0333725 0.0166128 0.00676272 0.00308733 0.000882094 0 0 0 0 0
 0 0 0 0 0 0 0 0.000805153 0.000690131 0.00759144 0.0133425 0.0154129 0.00931677 0.000345066 0.00356568 0.00563607 0.00851162 0.0253048 0.0502646 0.0516448 0.0657925 0.0565908 0.0611916 0.0827007 0.0866115 0.110766 0.145733 0.0935128 0.0569358 0.0249597 0.0138026 0.00621118 0.00161031 0.00115022 0 0
 0 0 0 0 0 0 0 0 0 0 0 0 0 0 0 0 0 0 0 0 0 0 0 0 0 0 0 0 0 0 0 0 0 0 0 0
 0.00147267 0.00158595 0.00478618 0.00569244 0.00954404 0.0108468 0.00647125 0.017049 0.0510054 0.094081 0.124002 0.0959785 0.0687766 0.0820023 0.061753 0.0591476 0.0492212 0.0479892 0.0443925 0.0268479 0.0217502 0.0140895 0.0121071 0.0120363 0.00920419 0.00665534 0.0049561 0.00860946 0.00930331 0.0156896 0.0114698 0.00855282 0.00243557 0.00046729 0 2.83206e-05
 0 0 0 0 0.000772559 0.00158375 0.000888443 0.00281984 0.00712685 0.0440552 0.0773331 0.111326 0.0921469 0.0852325 0.0710754 0.0886704 0.0786465 0.0553345 0.0373146 0.0185414 0.00753245 0.00457741 0.012979 0.0271748 0.0457355 0.0583668 0.034881 0.0177882 0.00938659 0.00492506 0.0015258 0.00185414 0.000309023 5.79419e-05 3.86279e-05 0
 0 0.00173294 0.00326652 0 0.00397197 0.00683976 0.00946217 0.0152591 0.00757587 0.0136028 0.0228656 0.0392903 0.0559909 0.0764795 0.0681675 0.0726916 0.0566044 0.0477403 0.0527397 0.0444891 0.0609904 0.0582453 0.0661739 0.0445044 0.0529084 0.0360697 0.0280645 0.0235558 0.0158879 0.00826598 0.00280645 0.00217768 0.000904811 0.00058276 9.20147e-05 0
 0 0 0 0 0 0 0 0 0 0 0 0 0 0 0 0 0 0 0 0 0 0 0 0 0 0 0 0 0 0 0 0 0 0 0 0
 0 0 0 0 0 0 0 0 0 0 0 0 0 0 0 0 0 0 0 0 0 0 0 0 0 0 0 0 0 0 0 0 0 0 0 0
 0 0 0 0 0 0 0 0 0 0 0 0 0 0 0 0 0 0 0 0 0 0 0 0 0 0 0 0 0 0 0 0 0 0 0 0
 0 0 0 0 0 0 0 0 0 0 0 0 0 0 0 0 0 0 0 0 0 0 0 0 0 0 0 0 0 0 0 0 0 0 0 0
 0 0 0 0 0 0 0 0 0 0 0 0 0 0 0 0 0 0 0 0 0 0 0 0 0 0 0 0 0 0 0 0 0 0 0 0
ppred_pel_tallas
 1.01298e-16 3.25756e-05 0.000191192 0.000908838 0.00349908 0.0109115 0.0275617 0.0563949 0.0934811 0.125543 0.136618 0.120511 0.0862744 0.0503684 0.0244788 0.0108422 0.00590807 0.00549347 0.00703211 0.00938766 0.0120775 0.01479 0.0172286 0.0191142 0.0202344 0.0204883 0.0199041 0.018623 0.0168569 0.0148347 0.0127564 0.0107658 0.00894541 0.00732836 0.00591659 0.00469827
 1.01185e-16 3.23598e-05 0.000189923 0.000902802 0.00347582 0.010839 0.0273786 0.0560204 0.092861 0.124713 0.13572 0.119732 0.0857472 0.050121 0.0244705 0.0110268 0.00627112 0.00605155 0.00781309 0.010409 0.0133287 0.0162215 0.018749 0.0205977 0.021539 0.0214795 0.0204813 0.0187381 0.016523 0.0141209 0.011772 0.00963837 0.00779849 0.00626346 0.00500309 0.00397106
 1.01826e-16 2.54698e-05 0.000149461 0.000710414 0.00273504 0.00852889 0.0215435 0.0440824 0.0730774 0.0981585 0.106863 0.0943711 0.0677954 0.0400531 0.0203491 0.0105154 0.00785925 0.00916861 0.0124407 0.0167095 0.021426 0.0260919 0.0301757 0.033175 0.0347202 0.0346578 0.033082 0.0302992 0.0267435 0.0228707 0.0190669 0.0155957 0.0125888 0.0100703 0.00799807 0.00630251
 1.02089e-16 3.01824e-05 0.000177139 0.000842027 0.00324183 0.0101093 0.0255354 0.0522491 0.0866102 0.116319 0.12659 0.111688 0.0800091 0.0468131 0.022943 0.0104903 0.00618543 0.00616932 0.00807068 0.0108276 0.0139651 0.0171487 0.0200467 0.0223423 0.0237917 0.0242741 0.0238125 0.0225551 0.0207288 0.0185795 0.0163215 0.0141089 0.0120312 0.0101269 0.00840448 0.00686122
 1.0169e-16 3.16807e-05 0.000185937 0.00088385 0.00340286 0.0106115 0.0268038 0.0548444 0.0909117 0.122095 0.132871 0.117221 0.0839516 0.0490774 0.0239727 0.0108235 0.00618738 0.00600289 0.00777258 0.010378 0.0133236 0.0162693 0.0188854 0.020864 0.0219767 0.022124 0.0213549 0.019845 0.0178458 0.0156221 0.0133974 0.0113236 0.00947659 0.00787211 0.0064905 0.00529967
 1.02289e-16 2.48029e-05 0.000145546 0.000691801 0.00266338 0.00830541 0.020979 0.0429275 0.071163 0.095588 0.104066 0.0919074 0.0660377 0.0390392 0.0198797 0.0103481 0.00782751 0.00919516 0.0125038 0.0168128 0.0215836 0.0263226 0.0305013 0.0336181 0.0353013 0.0353928 0.0339789 0.0313555 0.0279447 0.0241902 0.0204681 0.0170346 0.0140185 0.0114455 0.00927919 0.0074588
 1.01971e-16 3.25045e-05 0.000190776 0.000906867 0.00349149 0.0108879 0.027502 0.0562726 0.0932777 0.125269 0.136315 0.120234 0.0860555 0.0501988 0.0243188 0.0106405 0.00561537 0.00506706 0.0064386 0.00860859 0.0111175 0.0136844 0.0160464 0.0179541 0.0192136 0.0197246 0.0194975 0.018639 0.0173165 0.0157134 0.0139903 0.0122639 0.0106039 0.00904396 0.0075975 0.00627107
 1.01703e-16 2.95535e-05 0.000173443 0.000824444 0.00317411 0.00989814 0.025002 0.0511582 0.0848033 0.113897 0.123966 0.109401 0.0784313 0.046012 0.0227767 0.010793 0.00687703 0.00725903 0.00960862 0.0128535 0.0164697 0.02005 0.0231823 0.0254816 0.0266666 0.0266237 0.0254296 0.0233235 0.0206407 0.0177303 0.0148849 0.0122997 0.0100672 0.00819698 0.00664923 0.00536598
 1.01434e-16 3.24518e-05 0.000190465 0.00090538 0.00348576 0.01087 0.0274568 0.0561803 0.0931256 0.125067 0.136101 0.120059 0.0859613 0.0502056 0.0244367 0.0108858 0.00601838 0.00566854 0.00727771 0.00970787 0.012468 0.0152343 0.0176974 0.0195684 0.0206312 0.0207891 0.0200831 0.0186727 0.01679 0.0146812 0.012557 0.0105637 0.00877851 0.00722322 0.00588581 0.00474096
 1.01286e-16 3.13962e-05 0.000184264 0.000875894 0.00337222 0.0105159 0.0265625 0.0543508 0.0900941 0.120999 0.131684 0.116185 0.0832362 0.0487123 0.023893 0.0109535 0.00649044 0.00648337 0.00845458 0.0112827 0.014452 0.0175916 0.0203361 0.0223461 0.0233732 0.0233157 0.0222397 0.0203547 0.0179556 0.0153511 0.0128014 0.0104828 0.00848124 0.00680969 0.0054364 0.00431185
 1.02003e-16 2.54928e-05 0.000149597 0.000711064 0.00273755 0.0085367 0.0215632 0.0441227 0.0731439 0.098247 0.106957 0.094449 0.06784 0.0400567 0.0203092 0.0104276 0.00771365 0.00895099 0.0121372 0.0163121 0.0209383 0.0255327 0.0295809 0.0325946 0.0342118 0.0342777 0.0328749 0.0302905 0.0269349 0.0232413 0.0195779 0.016198 0.0132311 0.0107063 0.00859114 0.00682792
 1.02716e-16 2.69137e-05 0.000157945 0.000750765 0.00289043 0.00901348 0.0227675 0.0465861 0.0772251 0.103722 0.112897 0.0996483 0.0714736 0.0419996 0.0209213 0.0101366 0.00676427 0.00738934 0.00990473 0.0133419 0.017221 0.021156 0.0247435 0.0275951 0.0294106 0.0300409 0.029513 0.0280074 0.0258005 0.023192 0.0204427 0.0177395 0.0151907 0.0128429 0.0107068 0.00878073
 1.01435e-16 3.51402e-05 0.000206253 0.00098045 0.00377482 0.0117714 0.0297337 0.0608386 0.100845 0.135427 0.147359 0.12995 0.0929551 0.054113 0.0260074 0.0110228 0.00530016 0.00430568 0.00526632 0.00697743 0.00897021 0.0109886 0.0128101 0.0142299 0.0150939 0.0153306 0.0149636 0.0140985 0.0128904 0.0115038 0.0100789 0.00871185 0.00745319 0.00631768 0.00530004 0.00438884
 1.00504e-16 3.72933e-05 0.000218894 0.00104055 0.00400622 0.0124931 0.0315564 0.064568 0.107026 0.143726 0.156384 0.137897 0.0986144 0.0573557 0.0274677 0.0114703 0.00525567 0.00400019 0.00475204 0.00622986 0.00794131 0.00962878 0.0110779 0.0120979 0.0125531 0.0123929 0.0116635 0.0104925 0.00905605 0.00753623 0.00608509 0.00480342 0.00373714 0.00288737 0.00222737 0.00171917
 1.00198e-16 3.91247e-05 0.000229649 0.00109169 0.00420312 0.0131071 0.0331073 0.0677411 0.112285 0.150785 0.164055 0.14464 0.10339 0.0600395 0.028577 0.0116295 0.00487035 0.00322678 0.00359996 0.00465924 0.00592004 0.00716038 0.00821281 0.00893272 0.00921853 0.00903426 0.00841796 0.00747042 0.00632926 0.00513667 0.00401139 0.00303219 0.00223468 0.00161885 0.00116194 0.000831526
 1.00243e-16 3.5607e-05 0.00020899 0.000993453 0.00382487 0.0119275 0.0301279 0.0616456 0.102184 0.137228 0.149326 0.131704 0.0942503 0.0549489 0.0265612 0.0115157 0.00591196 0.00515882 0.00643572 0.00849338 0.0108089 0.01306 0.0149544 0.0162288 0.0166982 0.0162992 0.0151058 0.0133082 0.0111642 0.00893976 0.00685614 0.00505947 0.00361459 0.00251901 0.00172712 0.00117478
 1.00766e-16 3.01864e-05 0.000177158 0.000842101 0.00324209 0.0101101 0.0255375 0.0522539 0.0866197 0.116337 0.126623 0.111748 0.0801202 0.0470148 0.0232948 0.0110733 0.00709871 0.00751889 0.00994885 0.0132847 0.0169786 0.020599 0.0237089 0.0259021 0.0268855 0.0265465 0.0249782 0.0224496 0.0193341 0.0160214 0.0128405 0.0100137 0.00764844 0.00575673 0.00428972 0.00317189
 1.01246e-16 3.18161e-05 0.000186731 0.000887627 0.0034174 0.0106568 0.0269183 0.0550787 0.0913002 0.122617 0.13344 0.117723 0.0843129 0.049292 0.024084 0.0108848 0.00623782 0.00606487 0.00785774 0.0104924 0.0134691 0.0164431 0.0190789 0.021062 0.0221579 0.0222624 0.021422 0.0198132 0.0176921 0.0153315 0.0129655 0.0107581 0.00879692 0.00710787 0.005678 0.00447784
 1.01473e-16 3.00139e-05 0.000176147 0.000837299 0.00322361 0.0100525 0.0253919 0.0519559 0.0861251 0.115671 0.125893 0.111094 0.079628 0.0466795 0.0230432 0.0108126 0.00674908 0.0070202 0.00925999 0.0123862 0.0158803 0.0193481 0.0223925 0.0246421 0.025823 0.0258207 0.0247028 0.0226929 0.0201083 0.0172821 0.0144965 0.0119437 0.00971978 0.00784276 0.00628299 0.00499176
 1.01355e-16 3.2749e-05 0.00019221 0.000913676 0.0035177 0.0109696 0.0277084 0.0566952 0.0939789 0.126212 0.137346 0.121155 0.0867386 0.0506458 0.0246251 0.0109256 0.00597774 0.00557528 0.00713544 0.00951113 0.0122108 0.014914 0.0173167 0.0191352 0.0201581 0.0202915 0.0195772 0.0181734 0.0163095 0.0142287 0.0121386 0.0101831 0.0084379 0.00692325 0.00562617 0.00452038
 1.01366e-16 3.04356e-05 0.000178623 0.000849073 0.00326894 0.0101939 0.025749 0.0526865 0.0873361 0.117297 0.127661 0.11265 0.0807349 0.0473114 0.0233231 0.0108901 0.00672414 0.00693602 0.00912472 0.0121935 0.0156202 0.0190119 0.0219752 0.0241429 0.0252466 0.0251766 0.0240047 0.021958 0.0193559 0.016533 0.0137712 0.0112616 0.00909722 0.00729219 0.00581187 0.00460224
 1.01767e-16 2.90934e-05 0.000170742 0.000811606 0.00312468 0.009744 0.0246127 0.0503615 0.0834827 0.112123 0.122035 0.107697 0.0772092 0.0452945 0.0224212 0.0106254 0.00677497 0.00716188 0.0094969 0.0127309 0.0163554 0.0199764 0.0231927 0.025625 0.0269898 0.0271612 0.026195 0.0243034 0.0217943 0.0189941 0.016182 0.013552 0.0112063 0.00917298 0.00743498 0.00595711
 1.01649e-16 3.18928e-05 0.000187182 0.000889774 0.00342567 0.0106826 0.0269835 0.055212 0.0915207 0.122912 0.133758 0.117997 0.0844953 0.0493703 0.0240694 0.0107893 0.0060607 0.00579306 0.00747364 0.00998277 0.0128329 0.0156973 0.018261 0.0202287 0.0213784 0.021609 0.0209588 0.0195864 0.0177237 0.0156172 0.0134777 0.0114517 0.00961682 0.00799623 0.00658056 0.00534834
 1.01439e-16 3.1342e-05 0.000183946 0.000874385 0.00336641 0.0104978 0.0265167 0.0542571 0.0899387 0.12079 0.131455 0.115982 0.0830861 0.0486158 0.0238296 0.0108979 0.0064218 0.00638776 0.00832338 0.0111123 0.0142449 0.0173575 0.0200927 0.0221177 0.0231875 0.0232002 0.0222163 0.0204363 0.0181438 0.0156362 0.0131646 0.0108993 0.00892414 0.00725349 0.0058595 0.00469812
 1.02917e-16 1.83419e-05 0.000107603 0.000511396 0.00196873 0.00613915 0.0155074 0.031733 0.0526114 0.0706874 0.0770056 0.0681234 0.0491993 0.0295897 0.0159996 0.00984297 0.00927672 0.012059 0.016761 0.0226135 0.0290451 0.035428 0.0410575 0.0452586 0.0475298 0.0476558 0.0457502 0.0422087 0.0375977 0.0325143 0.0274663 0.0228019 0.0186989 0.015197 0.0122514 0.00978354
 1.04321e-16 2.60087e-05 0.000152637 0.00072554 0.00279333 0.00871068 0.0220025 0.0450207 0.0746288 0.100231 0.109087 0.0962616 0.0689925 0.0404379 0.0199533 0.00935809 0.00585716 0.00615031 0.00821967 0.0111721 0.0146121 0.0182532 0.0217951 0.0249332 0.0274079 0.0290496 0.0298017 0.0297098 0.0288907 0.0274903 0.0256501 0.0234892 0.0211046 0.0185808 0.0160007 0.0134507
 1.03404e-16 2.83465e-05 0.00016636 0.000790775 0.00304449 0.00949391 0.0239809 0.0490688 0.0813394 0.109244 0.118898 0.104922 0.0752052 0.0440898 0.0217713 0.0102295 0.00640955 0.00669855 0.00887159 0.0119195 0.0153682 0.0188621 0.0220416 0.0245653 0.0261754 0.0267518 0.0263332 0.0250925 0.0232823 0.0211666 0.0189646 0.0168201 0.0148015 0.0129214 0.0111654 0.0095167
pSPR Fmed_Fpbrs
0.456477   0.6 0.325
Fs Fmed_Fpbrs
0.64   0.359282 1.13474
SSBpbr Bo_Bmed_Bpbrs
976137  396777  536875 268438
Ro
34891.6
SPR SPRFo_SPRFmed_SPRFpbrs
720658 328964 234214
log_Ro
10.28
likeval ReclasPelacesDesembMPH_pf_preclas_ppelaces_ptallas_desvR_qrecl_qpela
 65.2759 15.0895 0.0108319 0.000629514 336.53 208.969 56.0868 0 16.9326 3.20638e-07 7.68949e-05 6.54879e-16 0 0 0
q_reclas_q_pelaces
0.922895 3.48184
M
0.7
N
 36542.4 11779.8 4483.32 538.769 0.229176
 45387.4 16550.3 3081.01 1172.61 140.975
 19908.1 20649.9 4467.79 831.725 354.606
 27806 8465.5 3481.37 753.228 200.004
 54049.2 13282.3 3208.07 1319.29 361.235
 37893.9 26641.4 6263.23 1512.75 792.446
 75478 17521.6 8049.15 1892.31 696.469
 73206.8 35720.1 6223.19 2858.84 919.462
 96353.9 33379.4 9790.11 1705.64 1035.55
 117609 43457.7 8480.36 2487.27 696.425
 63262.4 54566.1 13444.7 2623.6 984.952
 43978.1 27741.6 11397.6 2808.28 753.742
 50437.9 19353 5938.18 2439.69 762.463
 26757 20457.5 2347.65 720.342 388.443
 15011.1 9212.32 792.817 90.9819 42.9703
 12932.1 5054.86 305.912 26.327 4.44813
 9363.4 5499.44 852.552 51.5951 5.19052
 11282.7 4134.61 1205.61 186.9 12.4488
 12116.2 5135.44 1119.45 326.419 53.9737
 18706.2 5617.53 1581.08 344.652 117.114
 24883.3 8635.87 1678.69 472.474 137.989
 30786.2 11953.4 3403.63 661.615 240.6
 50841.3 14662 4436.64 1263.3 334.868
 73026 23990.2 5102.25 1543.91 556.147
 31721.8 34565.4 8530.46 1814.26 746.739
 45165.6 15149.6 13079.4 3227.9 969.074
 53768.3 21499.1 5602.6 4837.02 1552.12
pred_Ctot
 2323.79 4158.48 1582.69 190.195 0.0809031
 2749.34 5623.81 1046.93 398.454 47.9033
 2075.81 10417.9 2254.01 419.608 178.9
 763.116 1464.7 602.347 130.324 34.6048
 287.845 483.087 116.68 47.9836 13.1384
 1884.55 7718.65 1814.61 438.281 229.591
 2557.67 3658.1 1680.47 395.069 145.406
 4328.23 11906.6 2074.39 952.941 306.486
 6393.41 12178.7 3571.97 622.312 377.826
 5578.35 12105.6 2362.28 692.852 193.996
 5358.54 23872.4 5881.99 1147.81 430.912
 3625.28 11902.6 4890.16 1204.9 323.395
 6724.2 11362.2 3486.33 1432.35 447.646
 6026.52 15429.8 1770.69 543.311 292.98
 3553.15 7075.43 608.915 69.8777 33.0029
 1347.95 2549.6 154.297 13.2789 2.24357
 751.081 2313.36 358.629 21.7037 2.18341
 680.261 1399.76 408.156 63.2745 4.2145
 580.4 1442.36 314.412 91.6793 15.1593
 950.214 1656.18 466.14 101.611 34.528
 585.203 1298.57 252.424 71.0459 20.7494
 908.679 2207.87 628.672 122.205 44.4404
 1825.48 3220.28 974.437 277.463 73.5483
 2466.28 4993.82 1062.09 321.381 115.768
 875.271 6009.54 1483.11 315.428 129.828
 1349.39 2828.76 2442.22 602.72 180.948
 2251.37 5391.38 1404.98 1212.99 389.229
F
 0.0920665 0.64113 0.64113 0.64113 0.64113
 0.0875259 0.609511 0.609511 0.609511 0.609511
 0.155129 1.08028 1.08028 1.08028 1.08028
 0.0388196 0.270331 0.270331 0.270331 0.270331
 0.00742962 0.0517382 0.0517382 0.0517382 0.0517382
 0.0713548 0.496898 0.496898 0.496898 0.496898
 0.048128 0.335152 0.335152 0.335152 0.335152
 0.0853476 0.594341 0.594341 0.594341 0.594341
 0.0962392 0.670188 0.670188 0.670188 0.670188
 0.0679523 0.473204 0.473204 0.473204 0.473204
 0.12436 0.866013 0.866013 0.866013 0.866013
 0.120844 0.841529 0.841529 0.841529 0.841529
 0.202395 1.40943 1.40943 1.40943 1.40943
 0.366254 2.55051 2.55051 2.55051 2.55051
 0.388439 2.705 2.705 2.705 2.705
 0.15507 1.07987 1.07987 1.07987 1.07987
 0.117416 0.817661 0.817661 0.817661 0.817661
 0.0871019 0.606558 0.606558 0.606558 0.606558
 0.0686488 0.478055 0.478055 0.478055 0.478055
 0.0729319 0.507882 0.507882 0.507882 0.507882
 0.0331835 0.231082 0.231082 0.231082 0.231082
 0.0418045 0.291117 0.291117 0.291117 0.291117
 0.0510613 0.355579 0.355579 0.355579 0.355579
 0.0479631 0.334004 0.334004 0.334004 0.334004
 0.0390323 0.271812 0.271812 0.271812 0.271812
 0.0423249 0.294741 0.294741 0.294741 0.294741
 0.0597734 0.416248 0.416248 0.416248 0.416248
Np
 24278.7 11450.2 8720.08 2441.18 856.725
YTP_r0W_actual
 15991.8 102898 38981 42978.9 15304.5
YTP_p0W_proyectada
 7221.01 120378 48989.5 16303.7 20736.1
 7221.01 54802.4 60671.3 21690.9 8447.63
CTP_r0_actual
 1950.23 4763.8 1241.43 1071.79 343.921
CTP_p0_proyectada
 880.611 5573.06 1560.17 406.577 465.98
 880.611 2537.15 1932.21 540.92 189.834
Wmedp
 8.2 21.6 31.4 40.1 44.5
nmprior
 10.8 10.6 4.6 0
nm_flota  nm_reclas  nm_pelaces    nm_pelaL
inf 22.982 14.9233 43.9957
cv_recla  cv_pelaces  cv_mph
0.699692 0.425528 0.670562
 ------------------------------------------------
Talla a la edad & desviaci?n 
 7.2 14.2025 17.0495 18.207 18.6776
 1.08 2.13037 2.55742 2.73105 2.80164
