years
 1997 1998 1999 2000 2001 2002 2003 2004 2005 2006 2007 2008 2009 2010 2011 2012 2013 2014 2015 2016 2017 2018 2019 2020 2021 2022 2023
reclasobs
 0 0 0 370054 412103 1.49427e+06 250295 1.28982e+06 931140 785840 897777 1.04006e+06 184774 17550 25797 100020 73551 82996 120727 218422 84188 347160 605670 569463 516374 1.08416e+06 1.01767e+06
reclaspred
 729742 167314 386012 205818 328711 418940 879846 656061 744838 851019 779182 525454 311683 124110 72474.5 72502.4 83126 109429 123540 156020 239179 232095 391840 528562 711454 630818 497955
pelacesobs
 0 0 0 0 0 0 0 0 0 2.06254e+06 1.5e+06 0 1.87456e+06 323000 250000 174000 83755 137374 0 501740 490994 745055 786931 1.00524e+06 1.33801e+06 1.41789e+06 0
pelacespred
 2.47603e+06 582056 651795 631257 933938 808884 2.40946e+06 1.90863e+06 2.0703e+06 2.381e+06 1.77902e+06 1.25511e+06 779810 242304 153839 152702 182867 255661 276051 353991 643369 571903 783685 1.22615e+06 1.54248e+06 1.52181e+06 1.10088e+06
mphobs
 0 0 0 0 0 0 112323 0 153150 637223 0 255016 313432 73983 77613 109348 50772 17779 17303 59886 28197 0 207744 136588 643089 65757 70829
mphpred
 227548 115351 114310 88628.8 91582.6 163305 216734 293175 262229 294803 339791 233250 141545 74892.6 32695.4 26741.8 28259.6 35108.8 44542.5 49843.3 72369.1 91289 112131 160685 247442 244158 196327
desembarqueobs
 350755 77701 442110 56441 14545 235359 269955 359681 431902 328805 639364 411747 362871 311530 167758 66681 60226 58785 57116 73181 50977 67692 138656 160484 209506 203330 245020
desembarquepred
 350747 77688.6 441958 56441.2 14545.1 235417 270001 359541 431817 328733 638966 411580 362721 311444 167480 66658.8 60240.5 58759 57085.8 73161.7 50975.5 67668.6 138640 160469 209451 203275 244969
Reclutas
 32482.8 42522.6 15831.4 21521.5 47472.4 29889.9 68224.2 67370.6 88507 117365 65190.6 45133.4 51098.5 27433.8 14506.1 11776.2 8492.4 10297.8 10752.4 15467.7 21623 26474.3 43970.1 63293.8 26338.9 37339.1 34444.4
log_desv_Rt
 0.0484669 0.31779 -0.670252 -0.36319 0.427903 -0.0347252 0.790555 0.777964 1.05084 1.33304 0.745071 0.377379 0.50151 -0.12047 -0.757675 -0.966164 -1.29307 -1.10031 -1.05712 -0.693492 -0.358489 -0.15607 0.351265 0.715542 -0.161197 0.187797 0.107102
SSB
 507453 257244 254922 197650 204238 364186 483338 653808 584794 657439 757766 520169 315657 167017 72913.9 59636.6 63021.6 78295.9 99333.9 111155 161390 203583 250062 358343 551818 544495 437828
BT
 1.50324e+06 385732 547282 343973 449565 528044 1.38109e+06 1.28171e+06 1.39991e+06 1.44171e+06 1.37498e+06 945547 728722 404673 213269 127230 134607 168450 170992 222698 342615 310035 448352 690651 819974 834510 685411
Ftot
 0.632315 0.666392 1.26841 0.364712 0.0691794 0.637765 0.458528 0.764148 0.856474 0.576662 0.984652 0.941527 1.57991 2.88308 3.05949 1.24664 0.989196 0.756408 0.586639 0.641626 0.297885 0.366837 0.450378 0.420497 0.339045 0.384189 0.581385
BD_Bspro_t
 0.921598 0.648582 0.5421 0.313946 0.442791 0.641531 0.565439 0.602043 0.535799 0.517333 0.519017 0.357433 0.254284 0.169006 0.0914375 0.0917431 0.131101 0.211687 0.305078 0.386369 0.507326 0.629371 0.638318 0.65096 0.680622 0.611246 0.556037
BD_Bspro
 0.793929 0.402468 0.398835 0.309232 0.319537 0.569783 0.7562 1.02291 0.914932 1.02859 1.18555 0.813823 0.493858 0.261305 0.114077 0.0933038 0.0985996 0.122497 0.155412 0.173906 0.252501 0.318513 0.391232 0.560642 0.86334 0.851883 0.684998
BD_Bo
 0.628571 0.318642 0.315767 0.244825 0.252985 0.45111 0.5987 0.809858 0.724371 0.814355 0.938628 0.644321 0.390998 0.206881 0.0903168 0.0738706 0.0780635 0.0969835 0.123043 0.137685 0.19991 0.252174 0.309747 0.443872 0.683525 0.674454 0.542328
BD_Brms
 1.14286 0.57935 0.574121 0.445137 0.459972 0.820199 1.08855 1.47247 1.31704 1.48065 1.7066 1.17149 0.710905 0.376147 0.164212 0.13431 0.141934 0.176334 0.223714 0.250337 0.363473 0.458498 0.563176 0.80704 1.24277 1.22628 0.98605
S_f
 0.133878 1 1 1 1
 0.133878 1 1 1 1
 0.133878 1 1 1 1
 0.133878 1 1 1 1
 0.133878 1 1 1 1
 0.133878 1 1 1 1
 0.133878 1 1 1 1
 0.133878 1 1 1 1
 0.133878 1 1 1 1
 0.133878 1 1 1 1
 0.133878 1 1 1 1
 0.133878 1 1 1 1
 0.133878 1 1 1 1
 0.133878 1 1 1 1
 0.133878 1 1 1 1
 0.133878 1 1 1 1
 0.133878 1 1 1 1
 0.133878 1 1 1 1
 0.133878 1 1 1 1
 0.133878 1 1 1 1
 0.133878 1 1 1 1
 0.133878 1 1 1 1
 0.133878 1 1 1 1
 0.133878 1 1 1 1
 0.133878 1 1 1 1
 0.133878 1 1 1 1
 0.133878 1 1 1 1
Scru_reclas
 0.520379 1 1 1 1
 0.520379 1 1 1 1
 0.520379 1 1 1 1
 0.520379 1 1 1 1
 0.520379 1 1 1 1
 0.520379 1 1 1 1
 0.520379 1 1 1 1
 0.520379 1 1 1 1
 0.520379 1 1 1 1
 0.520379 1 1 1 1
 0.520379 1 1 1 1
 0.520379 1 1 1 1
 0.520379 1 1 1 1
 0.520379 1 1 1 1
 0.520379 1 1 1 1
 0.520379 1 1 1 1
 0.520379 1 1 1 1
 0.520379 1 1 1 1
 0.520379 1 1 1 1
 0.520379 1 1 1 1
 0.520379 1 1 1 1
 0.520379 1 1 1 1
 0.520379 1 1 1 1
 0.520379 1 1 1 1
 0.520379 1 1 1 1
 0.520379 1 1 1 1
 0.520379 1 1 1 1
Scru_pelaces
 0.725726 1 1 1 1
 0.725726 1 1 1 1
 0.725726 1 1 1 1
 0.725726 1 1 1 1
 0.725726 1 1 1 1
 0.725726 1 1 1 1
 0.725726 1 1 1 1
 0.725726 1 1 1 1
 0.725726 1 1 1 1
 0.725726 1 1 1 1
 0.725726 1 1 1 1
 0.725726 1 1 1 1
 0.725726 1 1 1 1
 0.725726 1 1 1 1
 0.725726 1 1 1 1
 0.725726 1 1 1 1
 0.725726 1 1 1 1
 0.725726 1 1 1 1
 0.725726 1 1 1 1
 0.725726 1 1 1 1
 0.725726 1 1 1 1
 0.725726 1 1 1 1
 0.725726 1 1 1 1
 0.725726 1 1 1 1
 0.725726 1 1 1 1
 0.725726 1 1 1 1
 0.725726 1 1 1 1
pf_obs 
 0.256992 0.487395 0.22802 0.0275931 0
 0.321318 0.546541 0.124235 0.00734118 0.000564706
 0.182869 0.594174 0.210203 0.0122559 0.00049798
 0.330522 0.361315 0.267642 0.0388342 0.00168674
 0.649043 0.306663 0.0425973 0.00169635 0
 0.582887 0.30429 0.105238 0.00758474 0
 0.465427 0.430635 0.0974691 0.00646863 0
 0.296916 0.608066 0.0921331 0.00288517 0
 0.311714 0.524322 0.152257 0.0117073 0
 0.15457 0.633149 0.183074 0.0267441 0.00246327
 0.131901 0.49318 0.331252 0.0422183 0.00144891
 0.196976 0.569456 0.194076 0.0375587 0.00193317
 0.518974 0.381816 0.0799577 0.0180837 0.00116848
 0.0928022 0.601141 0.25162 0.0475244 0.00691264
 0.122501 0.610282 0.24278 0.0234846 0.000952079
 0.383417 0.481906 0.127806 0.00687128 0
 0.0376549 0.599619 0.316969 0.0457579 0
 0.0361596 0.667082 0.258105 0.0386534 0
 0.158088 0.579412 0.248529 0.0139706 0
 0.0477256 0.309471 0.559284 0.082774 0.000745712
 0.0406174 0.521527 0.379366 0.0568643 0.0016247
 0.151134 0.462217 0.34131 0.0453401 0
 0.294876 0.26143 0.354403 0.0886775 0.000613685
 0.281977 0.475581 0.204845 0.0348837 0.00271318
 0.0841818 0.532909 0.334909 0.0458182 0.00218182
 0.115287 0.27431 0.454777 0.147771 0.00785563
 0 0 0 0 0
pf_pred 
 0.238615 0.53017 0.206008 0.0251987 8.89358e-06
 0.271118 0.556472 0.120053 0.0466488 0.00570805
 0.117766 0.702227 0.137428 0.0296487 0.0129302
 0.247449 0.498079 0.20255 0.0396399 0.0122815
 0.323668 0.504884 0.113473 0.0461455 0.0118288
 0.144881 0.673057 0.13591 0.030546 0.0156061
 0.335178 0.423067 0.190284 0.0384238 0.0130479
 0.234392 0.632202 0.0848942 0.038183 0.0103285
 0.290058 0.548018 0.133709 0.0179549 0.0102601
 0.289614 0.586837 0.0953697 0.023269 0.00491016
 0.154273 0.679134 0.137619 0.0223651 0.00660828
 0.170135 0.576594 0.203381 0.0412129 0.00867669
 0.291795 0.505744 0.140671 0.0496185 0.0121715
 0.261088 0.649415 0.0639116 0.0177768 0.00780849
 0.313031 0.641955 0.0395626 0.00389352 0.00155866
 0.32321 0.645624 0.0291237 0.00179485 0.000247351
 0.220114 0.681355 0.0939938 0.00424 0.000297315
 0.275346 0.564735 0.139715 0.0192738 0.000930397
 0.236927 0.615843 0.114739 0.0283862 0.00410495
 0.285562 0.541079 0.13991 0.0260669 0.00738152
 0.269754 0.58809 0.107661 0.0278387 0.00665543
 0.230501 0.586181 0.147632 0.0270269 0.00865927
 0.287728 0.519015 0.147217 0.0370771 0.00896244
 0.275505 0.572961 0.11042 0.0313202 0.00979485
 0.0947472 0.704297 0.158924 0.0306275 0.0114042
 0.181241 0.393462 0.330886 0.0746641 0.0197469
 0.177146 0.548786 0.131706 0.110759 0.0316027
pobs_RECLAS
 0 0 0 0 0
 0 0 0 0 0
 0 0 0 0 0
 0 0 0 0 0
 0.835266 0.146461 0.0176864 0.000547809 3.91292e-05
 0.385257 0.428462 0.181853 0.0044286 0
 0.867414 0.0963971 0.0333333 0.00285562 0
 0.441836 0.489002 0.0689373 0.000224442 0
 0.779404 0.147425 0.0564933 0.0165055 0.000172143
 0.814271 0.122319 0.05973 0.00367925 0
 0.40263 0.566651 0.0304383 0.000280538 0
 0.475488 0.404961 0.113038 0.00651328 0
 0.955842 0.0263864 0.0167828 0.000988607 0
 0.975058 0.0227948 0.00214734 0 0
 0.738997 0.206755 0.0527124 0.00153531 0
 0.850938 0.134255 0.0134407 0.00136685 0
 0.542534 0.407297 0.0501686 0 0
 0.764087 0.199537 0.0359546 0.000420521 0
 0.470689 0.182191 0.310203 0.0369168 0
 0.84361 0.089868 0.0606195 0.00523954 0.000663233
 0.607945 0.314616 0.071237 0.00620181 0
 0.523733 0.453247 0.0230204 0 0
 0.530135 0.295979 0.169645 0.0042399 0
 0.562478 0.366248 0.0663022 0.0049721 0
 0.250443 0.683176 0.0655157 0.000865301 0
 0.195077 0.31981 0.436473 0.0351445 0.0134964
 0.565238 0.351407 0.0832357 0.000118908 0
ppred_RECLAS
 0.560875 0.305772 0.118814 0.0145332 5.12932e-06
 0.603357 0.302821 0.0653303 0.0253853 0.00310621
 0.370301 0.501218 0.0980903 0.0211619 0.00922903
 0.566825 0.286699 0.11659 0.0228171 0.00706932
 0.651202 0.260379 0.0585206 0.0237982 0.00610037
 0.408593 0.465491 0.0939963 0.0211258 0.0107933
 0.669084 0.210582 0.0947138 0.0191255 0.0064946
 0.558496 0.364573 0.0489561 0.022019 0.00595615
 0.630417 0.285288 0.0696065 0.00934699 0.0053412
 0.623009 0.311425 0.0506112 0.0123485 0.00260574
 0.436118 0.452808 0.0917565 0.0149118 0.00440602
 0.463701 0.372623 0.131435 0.0266338 0.0056073
 0.655764 0.245826 0.0683756 0.024118 0.00591617
 0.680437 0.280858 0.0276404 0.00768807 0.003377
 0.741302 0.241746 0.0148984 0.00146621 0.000586959
 0.677136 0.307997 0.0138935 0.000856236 0.000117999
 0.544906 0.397597 0.0548491 0.00247421 0.000173495
 0.610693 0.303393 0.0750592 0.0103545 0.000499839
 0.557483 0.357136 0.0665387 0.0164616 0.00238052
 0.619847 0.287909 0.0744465 0.0138703 0.00392772
 0.593923 0.327027 0.0598687 0.0154806 0.00370097
 0.54385 0.347481 0.0875144 0.0160212 0.00513311
 0.618164 0.278235 0.0789204 0.0198764 0.0048046
 0.6032 0.313806 0.0604759 0.0171538 0.00536456
 0.293628 0.549566 0.124009 0.0238987 0.00889875
 0.46873 0.255306 0.214703 0.0484474 0.0128132
 0.466114 0.356065 0.0854537 0.0718632 0.0205046
pobs_PELACES
 0 0 0 0 0
 0 0 0 0 0
 0 0 0 0 0
 0 0 0 0 0
 0 0 0 0 0
 0 0 0 0 0
 0 0 0 0 0
 0 0 0 0 0
 0 0 0 0 0
 0 0 0 0 0
 0.450072 0.473896 0.0757376 0.000293798 0
 0 0 0 0 0
 0.463077 0.371075 0.160297 0.00555027 0
 0.529543 0.364841 0.0842815 0.0213345 0
 0.631943 0.363953 0.00410389 0 0
 0.735681 0.248677 0.0153453 0.000297389 0
 0.695825 0.281241 0.0229344 0 0
 0.275771 0.60734 0.115278 0.00161068 0
 0 0 0 0 0
 0.896147 0.0623911 0.0374545 0.00400742 0
 0.803859 0.145111 0.0509908 3.86294e-05 0
 0.739449 0.233085 0.0266225 0.000797448 4.60066e-05
 0.878498 0.100942 0.0204185 0.000141795 0
 0.694673 0.275183 0.0284847 0.00165964 0
 0.469039 0.446079 0.0841089 0.000773354 0
 0.822795 0.102175 0.0682046 0.00682512 0
 0 0 0 0 0
ppred_PELACES
 0.680932 0.222174 0.0863301 0.0105598 3.72696e-06
 0.719616 0.214062 0.0461815 0.0179447 0.00219576
 0.540964 0.365376 0.0715055 0.0154265 0.00672774
 0.669465 0.218766 0.0889641 0.0174106 0.00539426
 0.726456 0.204202 0.0458947 0.0186637 0.00478421
 0.536216 0.365041 0.0737124 0.016567 0.00846417
 0.762732 0.150988 0.0679101 0.013713 0.00465665
 0.68699 0.258469 0.034708 0.0156107 0.00422269
 0.752394 0.191132 0.0466337 0.00626212 0.0035784
 0.731015 0.222204 0.0361114 0.00881071 0.00185921
 0.588342 0.330569 0.0669861 0.0108862 0.00321658
 0.612129 0.269495 0.0950583 0.0192625 0.0040554
 0.806692 0.138045 0.0383967 0.0135436 0.00332226
 0.871293 0.113118 0.0111324 0.00309645 0.00136012
 0.905495 0.0883125 0.00544255 0.000535624 0.000214422
 0.806834 0.18427 0.00831232 0.000512275 7.05974e-05
 0.689002 0.271707 0.0374823 0.0016908 0.000118562
 0.73087 0.209738 0.0518889 0.00715815 0.000345542
 0.675078 0.262231 0.0488567 0.0120871 0.00174792
 0.732021 0.202953 0.052479 0.00977746 0.00276874
 0.689539 0.250025 0.0457719 0.0118355 0.00282953
 0.648697 0.267612 0.067399 0.0123387 0.00395325
 0.719727 0.204228 0.0579288 0.0145896 0.00352665
 0.705083 0.233233 0.0449481 0.0127494 0.00398715
 0.389763 0.474771 0.107132 0.0206462 0.00768765
 0.578637 0.20249 0.170286 0.0384248 0.0101625
 0.589775 0.273592 0.0656606 0.0552179 0.0157552
pobs_pel_tallas
 0 0 0 0 0 0 0 0 0 0 0 0 0 0 0 0 0 0 0 0 0 0 0 0 0 0 0 0 0 0 0 0 0 0 0 0
 0 0 0 0 0 0 0 0 0 0 0 0 0 0 0 0 0 0 0 0 0 0 0 0 0 0 0 0 0 0 0 0 0 0 0 0
 0 0 0 0 0 0 0 0 0 0 0 0 0 0 0 0 0 0 0 0 0 0 0 0 0 0 0 0 0 0 0 0 0 0 0 0
 0 0 0 0 0 0 0 0 0 0 0 0 0 0 0 0 0 0 0 0 0 0 0 0 0 0 0 0 0 0 0 0 0 0 0 0
 0 0 0 0 0 0 0 0 0 0 0 0 0 0 0 0 0 0 0 0 0 0 0 0 0 0 0 0 0 0 0 0 0 0 0 0
 0 0 0 0 0 0 0 0 0 0 0 0 0 0 0 0 0 0 0 0 0 0 0 0 0 0 0 0 0 0 0 0 0 0 0 0
 0 0 0 0 0 0 0 0 0 0 0 0 0 0 0 0 0 0 0 0 0 0 0 0 0 0 0 0 0 0 0 0 0 0 0 0
 0 0 0 0 0 0 0 0 0 0 0 0 0 0 0 0 0 0 0 0 0 0 0 0 0 0 0 0 0 0 0 0 0 0 0 0
 0 0 0 0 0 0 0 0 0 0 0 0 0 0 0 0 0 0 0 0 0 0 0 0 0 0 0 0 0 0 0 0 0 0 0 0
 0 0 0 0 0 0 0 0 0 0 0 0 0 0 0 0 0 0 0 0 0 0 0 0 0 0 0 0 0 0 0 0 0 0 0 0
 0 0 0 0 0 0 0 0 1.78061e-05 0.00172719 0.00360574 0.0105946 0.0120993 0.0124554 0.0147524 0.0171206 0.0266825 0.0428682 0.0675386 0.121331 0.153587 0.119568 0.100827 0.0573624 0.0630603 0.0341343 0.0324427 0.0444173 0.0211091 0.0280891 0.0125444 0.00206551 0 0 0 0
 0 0 0 0 0 0 0 0 0 0 0 0 0 0 0 0 0 0 0 0 0 0 0 0 0 0 0 0 0 0 0 0 0 0 0 0
 0 0 0 0 0 0 0.0133647 0.0140871 0.0187388 0.0205184 0.03894 0.0496705 0.03968 0.0493445 0.0407372 0.0367815 0.0215668 0.0243155 0.0234873 0.0199281 0.019796 0.0243948 0.0301388 0.0376714 0.0412746 0.0863199 0.0771752 0.113111 0.0741005 0.0525337 0.0229764 0.00759418 0.00175318 0 0 0
 0 0 0 0 0 0 0 0 0 0 0.00219441 0.00772107 0.0458388 0.0604681 0.0671733 0.0775358 0.0609151 0.0617685 0.073594 0.0568108 0.0755445 0.0548602 0.0670107 0.0636378 0.0643287 0.046367 0.0373049 0.0286899 0.0247887 0.0153202 0.00654259 0.00121912 0.000365735 0 0 0
 0 0 0 0 0 0 0 0 0 0 0 0 0.000112435 0.00938835 0.0111873 0.0202946 0.0414886 0.0713402 0.111592 0.104902 0.108894 0.110636 0.117776 0.105296 0.107544 0.0401394 0.0192827 0.0124803 0.00416011 0.0028671 0.000618394 0 0 0 0 0
 0 0 0 0 0 0 0 0 0 0 0.00291406 0.0102884 0.027416 0.0768956 0.0749926 0.110853 0.0956884 0.0897413 0.0766577 0.0534642 0.0500743 0.0551293 0.0594112 0.0620874 0.0668451 0.0424026 0.0208742 0.0120726 0.0048766 0.00582813 0.00118941 0.000297354 0 0 0 0
 0 0.00264628 0.0354308 0.0461629 0.0458689 0.0383711 0.0214643 0.0164657 0.0346957 0.0420465 0.0363128 0.0245516 0.0311673 0.0291091 0.0169068 0.0133784 0.00837989 0.0085269 0.0148486 0.0160247 0.0276389 0.0546898 0.0760071 0.122758 0.109233 0.0665981 0.0333725 0.0166128 0.00676272 0.00308733 0.000882094 0 0 0 0 0
 0 0 0 0 0 0 0 0.000805153 0.000690131 0.00759144 0.0133425 0.0154129 0.00931677 0.000345066 0.00356568 0.00563607 0.00851162 0.0253048 0.0502646 0.0516448 0.0657925 0.0565908 0.0611916 0.0827007 0.0866115 0.110766 0.145733 0.0935128 0.0569358 0.0249597 0.0138026 0.00621118 0.00161031 0.00115022 0 0
 0 0 0 0 0 0 0 0 0 0 0 0 0 0 0 0 0 0 0 0 0 0 0 0 0 0 0 0 0 0 0 0 0 0 0 0
 0.00147267 0.00158595 0.00478618 0.00569244 0.00954404 0.0108468 0.00647125 0.017049 0.0510054 0.094081 0.124002 0.0959785 0.0687766 0.0820023 0.061753 0.0591476 0.0492212 0.0479892 0.0443925 0.0268479 0.0217502 0.0140895 0.0121071 0.0120363 0.00920419 0.00665534 0.0049561 0.00860946 0.00930331 0.0156896 0.0114698 0.00855282 0.00243557 0.00046729 0 2.83206e-05
 0 0 0 0 0.000772559 0.00158375 0.000888443 0.00281984 0.00712685 0.0440552 0.0773331 0.111326 0.0921469 0.0852325 0.0710754 0.0886704 0.0786465 0.0553345 0.0373146 0.0185414 0.00753245 0.00457741 0.012979 0.0271748 0.0457355 0.0583668 0.034881 0.0177882 0.00938659 0.00492506 0.0015258 0.00185414 0.000309023 5.79419e-05 3.86279e-05 0
 0 0.00173294 0.00326652 0 0.00397197 0.00683976 0.00946217 0.0152591 0.00757587 0.0136028 0.0228656 0.0392903 0.0559909 0.0764795 0.0681675 0.0726916 0.0566044 0.0477403 0.0527397 0.0444891 0.0609904 0.0582453 0.0661739 0.0445044 0.0529084 0.0360697 0.0280645 0.0235558 0.0158879 0.00826598 0.00280645 0.00217768 0.000904811 0.00058276 9.20147e-05 0
 0 0 0 0 0 0 0 0 0 0 0 0 0 0 0 0 0 0 0 0 0 0 0 0 0 0 0 0 0 0 0 0 0 0 0 0
 0 0 0 0 0 0 0 0 0 0 0 0 0 0 0 0 0 0 0 0 0 0 0 0 0 0 0 0 0 0 0 0 0 0 0 0
 0 0 0 0 0 0 0 0 0 0 0 0 0 0 0 0 0 0 0 0 0 0 0 0 0 0 0 0 0 0 0 0 0 0 0 0
 0 0 0 0 0 0 0 0 0 0 0 0 0 0 0 0 0 0 0 0 0 0 0 0 0 0 0 0 0 0 0 0 0 0 0 0
 0 0 0 0 0 0 0 0 0 0 0 0 0 0 0 0 0 0 0 0 0 0 0 0 0 0 0 0 0 0 0 0 0 0 0 0
ppred_pel_tallas
 1.01661e-16 2.97137e-05 0.000174386 0.000828932 0.0031914 0.00995205 0.0251382 0.0514366 0.0852639 0.114513 0.12463 0.109972 0.0788075 0.0461664 0.022731 0.01057 0.00647392 0.00664975 0.00876196 0.0117538 0.0151342 0.0185403 0.0216063 0.0239836 0.025406 0.0257459 0.0250372 0.0234548 0.0212618 0.0187429 0.0161472 0.0136541 0.0113675 0.00932961 0.00754458 0.00599938
 1.01445e-16 3.14e-05 0.000184287 0.000876006 0.00337265 0.0105173 0.0265659 0.0543577 0.0901053 0.121013 0.131698 0.116194 0.0832347 0.0486956 0.0238555 0.0108874 0.00638532 0.00632737 0.00823694 0.0109973 0.0141008 0.0171877 0.0199049 0.0219235 0.0230009 0.0230354 0.0220854 0.020347 0.0180987 0.0156324 0.0131949 0.0109538 0.00899208 0.00732491 0.00592642 0.00475509
 1.01979e-16 2.36162e-05 0.000138575 0.000658654 0.00253574 0.00790736 0.0199736 0.0408707 0.067755 0.0910151 0.0991006 0.087552 0.0629741 0.0373605 0.0192687 0.0104249 0.00835993 0.010115 0.0138343 0.0185967 0.0238366 0.0290076 0.033518 0.0368081 0.0384677 0.0383298 0.0365052 0.0333425 0.0293325 0.0249886 0.0207447 0.0168948 0.0135827 0.0108304 0.00858465 0.00676122
 1.02185e-16 2.92135e-05 0.00017145 0.000814974 0.00313766 0.00978447 0.0247149 0.0505704 0.0838282 0.112585 0.122532 0.108121 0.0774834 0.0453949 0.0223591 0.0104111 0.00639743 0.006591 0.00869843 0.0116838 0.0150677 0.0184962 0.0216116 0.0240716 0.0256131 0.0261064 0.0255779 0.0241898 0.0221897 0.0198455 0.017391 0.0149939 0.0127515 0.0107049 0.00886207 0.00721815
 1.01583e-16 3.16979e-05 0.000186037 0.000884326 0.00340469 0.0106172 0.0268182 0.0548739 0.0909607 0.122161 0.132944 0.117287 0.0840032 0.049116 0.0240071 0.0108652 0.00624683 0.00608896 0.00789183 0.0105338 0.0135142 0.0164868 0.019115 0.0210851 0.0221654 0.0222571 0.0214134 0.0198176 0.0177311 0.0154279 0.0131393 0.0110219 0.00915331 0.0075478 0.00618224 0.00501994
 1.02131e-16 2.34091e-05 0.000137359 0.000652875 0.00251349 0.00783798 0.0197984 0.040512 0.0671605 0.0902169 0.0982323 0.0867869 0.0624279 0.0370449 0.0191215 0.0103706 0.00834638 0.0101178 0.0138463 0.0186189 0.0238733 0.0290653 0.0336044 0.0369314 0.0386357 0.0385488 0.0367788 0.0336706 0.0297106 0.0254082 0.0211933 0.0173576 0.0140441 0.0112753 0.00899977 0.00713644
 1.01703e-16 3.32776e-05 0.000195316 0.00092845 0.0035746 0.0111471 0.0281565 0.0576119 0.0954974 0.128248 0.139554 0.123084 0.08808 0.0513483 0.0248166 0.0107571 0.00553028 0.00485544 0.00611251 0.00815587 0.0105232 0.0129405 0.0151557 0.0169311 0.0180826 0.0185163 0.0182444 0.0173718 0.0160619 0.014493 0.0128219 0.0111622 0.00958198 0.00811304 0.00676662 0.0055462
 1.01311e-16 2.99791e-05 0.000175941 0.00083632 0.00321984 0.0100407 0.0253622 0.0518952 0.086025 0.115538 0.125752 0.110978 0.0795629 0.0466781 0.0231103 0.0109563 0.00698582 0.00737271 0.00974971 0.0130241 0.0166582 0.020232 0.0233214 0.0255325 0.0265808 0.0263572 0.024951 0.0226204 0.0197232 0.0166302 0.0136514 0.0109925 0.00874853 0.00692441 0.00546998 0.0043137
 1.01107e-16 3.28284e-05 0.000192675 0.000915887 0.00352621 0.0109962 0.0277755 0.0568324 0.0942065 0.126518 0.137681 0.121454 0.0869613 0.0507925 0.0247275 0.0110231 0.00610331 0.00575235 0.00737912 0.00982807 0.0125968 0.0153514 0.0177734 0.0195671 0.0205141 0.0205218 0.0196416 0.0180486 0.0159929 0.013738 0.0115087 0.0094595 0.00766949 0.00615634 0.00489945 0.00386228
 1.00975e-16 3.18974e-05 0.000187206 0.000889883 0.00342608 0.0106839 0.0269867 0.0552188 0.0915329 0.122931 0.133785 0.118037 0.0845585 0.0494766 0.0242498 0.011086 0.00652458 0.00647825 0.00842709 0.01123 0.0143624 0.0174482 0.0201191 0.0220342 0.0229466 0.0227594 0.0215467 0.0195282 0.0170105 0.014313 0.0117049 0.00936715 0.00738656 0.00577276 0.0044872 0.00347145
 1.01583e-16 2.56807e-05 0.000150699 0.000716299 0.0027577 0.00859954 0.021722 0.0444476 0.0736827 0.0989717 0.107748 0.0951529 0.0683571 0.040385 0.0205176 0.0106018 0.00792188 0.00923809 0.0125293 0.0168193 0.0215517 0.0262208 0.0302885 0.0332468 0.0347235 0.0345668 0.0328771 0.0299707 0.0262934 0.022313 0.0184256 0.0149014 0.0118745 0.00936784 0.0073347 0.00569908
 1.02289e-16 2.67155e-05 0.000156779 0.000745218 0.00286907 0.00894686 0.0225992 0.046242 0.0766553 0.102958 0.112071 0.098931 0.0709848 0.041764 0.0208992 0.010283 0.00706301 0.0078537 0.0105605 0.0142088 0.0182979 0.0224109 0.0261097 0.0289751 0.0306881 0.0310985 0.0302516 0.0283628 0.0257524 0.0227644 0.0196962 0.0167586 0.0140691 0.0116702 0.00955959 0.00771667
 1.01211e-16 3.51939e-05 0.000206567 0.000981944 0.00378057 0.0117894 0.029779 0.0609313 0.100999 0.135634 0.147585 0.130153 0.0931064 0.0542137 0.0260793 0.0110933 0.00539237 0.00443652 0.0054471 0.00721361 0.00925958 0.0113192 0.0131593 0.014566 0.0153796 0.0155287 0.015043 0.0140395 0.0126875 0.0111666 0.00962938 0.00818072 0.00687501 0.00572653 0.00472597 0.00385557
 1.00365e-16 3.80097e-05 0.000223101 0.00106055 0.00408324 0.0127332 0.0321631 0.0658092 0.109083 0.146487 0.159385 0.140536 0.100484 0.0584083 0.0279065 0.0115407 0.00511765 0.00371643 0.00432749 0.00564961 0.00719248 0.00871105 0.0100078 0.0109089 0.0112913 0.0111102 0.0104096 0.00930847 0.00796975 0.00656197 0.00522572 0.00405408 0.00308914 0.00233118 0.00175419 0.00132137
 1.00135e-16 3.95e-05 0.000231853 0.00110217 0.00424347 0.0132329 0.0334252 0.0683914 0.113363 0.152231 0.165627 0.146023 0.10437 0.0605921 0.0288089 0.0116697 0.0048031 0.00308545 0.00338751 0.00436789 0.00554258 0.00669558 0.00766776 0.0083229 0.00856603 0.00836464 0.00775647 0.00683872 0.00574333 0.00460622 0.00354062 0.0026212 0.00188109 0.00131902 0.0009117 0.000626424
 1.002e-16 3.52019e-05 0.00020661 0.00098214 0.0037813 0.0117917 0.0297848 0.0609436 0.101021 0.135667 0.147631 0.130216 0.0932023 0.0543715 0.0263448 0.0115286 0.00607277 0.00544161 0.00684605 0.00904425 0.0115055 0.0138919 0.0158917 0.0172241 0.0176925 0.0172311 0.0159212 0.0139691 0.0116531 0.00925985 0.00702755 0.00511284 0.00358432 0.00243761 0.0016215 0.00106466
 1.00685e-16 3.00674e-05 0.000176458 0.000838776 0.00322928 0.0100702 0.0254366 0.0520476 0.086278 0.115879 0.126125 0.111314 0.0798184 0.0468567 0.0232517 0.0111113 0.0071996 0.00768119 0.0101795 0.0135904 0.0173593 0.0210444 0.0241969 0.0264001 0.0273548 0.0269483 0.0252804 0.0226319 0.0193911 0.0159624 0.0126861 0.00979164 0.00738817 0.00548524 0.00402866 0.00293626
 1.01068e-16 3.18906e-05 0.000187168 0.000889701 0.00342538 0.0106817 0.0269812 0.0552075 0.0915137 0.122904 0.133754 0.118004 0.0845212 0.0494288 0.0241783 0.0109732 0.00635072 0.00622332 0.00807492 0.0107735 0.0138092 0.0168251 0.0194727 0.0214272 0.0224484 0.0224345 0.0214419 0.0196635 0.0173751 0.0148679 0.0123907 0.0101156 0.00813187 0.00646071 0.00508057 0.00395141
 1.01277e-16 2.94599e-05 0.000172893 0.000821825 0.00316402 0.00986668 0.0249226 0.0509957 0.0845342 0.113537 0.123576 0.109063 0.0782021 0.045904 0.0227723 0.0108725 0.0070353 0.00750531 0.00995869 0.0133206 0.0170568 0.0207444 0.0239528 0.0262793 0.0274302 0.027287 0.0259318 0.0236174 0.0206993 0.0175494 0.0144814 0.0117082 0.00933387 0.0073736 0.00578754 0.00451303
 1.01277e-16 3.19405e-05 0.000187461 0.000891099 0.00343077 0.0106985 0.0270236 0.0552942 0.0916573 0.123096 0.133961 0.118183 0.0846415 0.0494824 0.0241736 0.0109192 0.00624833 0.00606576 0.00785242 0.0104787 0.0134419 0.0163956 0.0190031 0.0209504 0.0220044 0.0220646 0.0211821 0.0195388 0.0173961 0.0150303 0.0126769 0.0104987 0.00857996 0.00694138 0.00556424 0.00441366
 1.01271e-16 3.009e-05 0.000176593 0.000839418 0.00323177 0.0100779 0.0254562 0.0520874 0.0863434 0.115965 0.126214 0.111381 0.079842 0.0468214 0.0231433 0.0109094 0.00687447 0.00719702 0.00950282 0.0127011 0.0162622 0.0197784 0.0228384 0.0250587 0.0261594 0.026028 0.0247429 0.0225454 0.0197742 0.0167832 0.0138707 0.0112388 0.00898522 0.00712373 0.00561548 0.00440038
 1.01653e-16 2.83099e-05 0.00016614 0.000789722 0.00304042 0.00948121 0.0239489 0.0490036 0.0812325 0.109104 0.118755 0.104819 0.0751816 0.0441766 0.0220007 0.0106477 0.00708175 0.00770286 0.0102827 0.013787 0.0176927 0.0215757 0.0249984 0.0275475 0.0289168 0.0289746 0.0277901 0.025605 0.0227656 0.0196377 0.0165328 0.0136657 0.011147 0.0090028 0.00720676 0.00571107
 1.01556e-16 3.14045e-05 0.000184314 0.000876136 0.00337316 0.0105189 0.0265698 0.0543657 0.0901184 0.12103 0.131714 0.116204 0.0832311 0.0486725 0.0238055 0.0108001 0.00624713 0.00612343 0.00795439 0.0106299 0.013654 0.0166818 0.019376 0.0214205 0.022579 0.0227459 0.021967 0.0204177 0.0183526 0.0160419 0.0137162 0.0115355 0.00958369 0.00788396 0.00642258 0.00517145
 1.01339e-16 3.07671e-05 0.000180569 0.000858328 0.00330458 0.010305 0.0260297 0.0532608 0.0882877 0.118574 0.129049 0.11387 0.0815985 0.0477957 0.0235214 0.0109147 0.00664778 0.00678611 0.00890215 0.0118904 0.0152307 0.018537 0.0214253 0.0235375 0.0246119 0.0245418 0.0233975 0.0214006 0.0188631 0.0161111 0.0134197 0.010975 0.00886747 0.00711057 0.00567011 0.00449315
 1.02745e-16 1.70276e-05 9.98842e-05 0.000474691 0.00182739 0.00569839 0.0143941 0.0294554 0.0488373 0.0656227 0.0715042 0.0632948 0.0457948 0.0277078 0.0152824 0.00986035 0.00976009 0.0129205 0.0180156 0.0243025 0.0311882 0.0379977 0.0439687 0.0483722 0.0506699 0.050636 0.0484035 0.0444125 0.0392888 0.0336902 0.028175 0.0231249 0.0187323 0.0150351 0.0119761 0.00945878
 1.04279e-16 2.52525e-05 0.000148196 0.000704427 0.00271203 0.00845716 0.0213622 0.0437105 0.0724576 0.0973164 0.10592 0.0934787 0.0670233 0.0393348 0.0195042 0.00930752 0.00604056 0.00650661 0.00874866 0.0118935 0.0155412 0.0193884 0.0231126 0.0263868 0.0289341 0.0305767 0.0312594 0.0310393 0.0300507 0.028459 0.0264238 0.0240783 0.0215289 0.0188649 0.016171 0.0135331
 1.03655e-16 2.57407e-05 0.000151057 0.000718013 0.00276432 0.0086202 0.0217741 0.0445538 0.0738572 0.0992011 0.107985 0.0953316 0.068419 0.0402883 0.0202235 0.0100542 0.00703829 0.00791842 0.0106778 0.014374 0.0185159 0.0226887 0.0264568 0.029405 0.0312217 0.0317659 0.0310921 0.0294211 0.027072 0.0243778 0.0216153 0.0189673 0.0165201 0.0142877 0.0122474 0.0103699
pSPR Fmed_Fpbrs
0.459111   0.6 0.325
Fs Fmed_Fpbrs
0.64   0.362229 1.15262
SSBpbr Bo_Bmed_Bpbrs
807312  330280  444022 222011
Ro
30946
SPR SPRFo_SPRFmed_SPRFpbrs
639166 293448 207729
log_Ro
10.16
likeval ReclasPelacesDesembMPH_pf_preclas_ppelaces_ptallas_desvR_qrecl_qpela
 69.0116 13.7743 0.0253309 0.000569396 340.003 207.618 56.4136 0 17.7688 1.79914e-07 0.000112951 1.40276e-15 0 0 0
q_reclas_q_pelaces
1.06195 4.5359
M
0.7
N
 32482.8 12117.9 4708.66 575.959 0.203278
 42522.6 14821.2 3197.51 1242.45 152.029
 15831.4 19313.8 3779.78 815.446 355.629
 21521.5 6633.82 2697.73 527.956 163.574
 47472.4 10178 2287.52 930.25 238.458
 29889.9 23356.8 4716.41 1060.02 541.572
 68224.2 13628.1 6129.55 1237.74 420.309
 67370.6 31862 4278.53 1924.36 520.54
 88507 30201.9 7368.88 989.517 565.445
 117365 39189.9 6368.93 1553.94 327.908
 65190.6 53951.6 10932.7 1776.72 524.973
 45133.4 28374.6 10008.5 2028.11 426.985
 51098.5 19758.3 5495.7 1938.49 475.513
 27433.8 20537.3 2021.16 562.177 246.938
 14506.1 9260.85 570.731 56.168 22.4853
 11776.2 4782.55 215.738 13.2956 1.83228
 8492.4 4948.99 682.72 30.7971 2.15954
 10297.8 3694.11 913.92 126.076 6.08603
 10752.4 4621.25 860.994 213.009 30.8034
 15467.7 4936.17 1276.38 237.804 67.3403
 21623 7048.77 1290.42 333.671 79.7711
 26474.3 10317.9 2598.59 475.723 152.419
 43970.1 12516.7 3550.32 894.162 216.14
 63293.8 20557.3 3961.75 1123.74 351.43
 26338.9 29710.2 6704.09 1292 481.078
 37339.1 12499.1 10511.3 2371.85 627.3
 34444.4 17612.5 4226.9 3554.66 1014.24
pred_Ctot
 1905.43 4233.62 1645.06 201.222 0.0710188
 2623.58 5384.92 1161.74 451.415 55.2362
 1795.61 10707.1 2095.42 452.064 197.152
 739.649 1488.8 605.442 118.487 36.7104
 314.903 491.21 110.4 44.8958 11.5085
 1767.88 8212.88 1658.42 372.733 190.432
 2931.7 3700.44 1664.35 336.081 114.126
 4739.4 12783.1 1716.56 772.058 208.842
 6941.32 13114.5 3199.76 429.675 245.531
 6299.07 12763.6 2074.28 506.097 106.795
 5834.41 25684 5204.58 845.821 249.917
 3872.06 13122.6 4628.7 937.954 197.471
 7091.63 12291.3 3418.78 1205.9 295.809
 6459.03 16065.8 1581.1 439.778 193.173
 3589.36 7360.95 453.643 44.6449 17.8724
 1314.39 2625.56 118.437 7.29909 1.0059
 763.358 2362.94 325.971 14.7044 1.03109
 717.419 1471.43 364.029 50.2183 2.42416
 586.732 1525.09 284.142 70.2963 10.1656
 920.192 1743.56 450.845 83.9978 23.7861
 609.355 1328.45 243.199 62.8857 15.0341
 915.052 2327.05 586.076 107.293 34.376
 1856.76 3349.3 950.018 239.265 57.8362
 2499.8 5198.79 1001.9 284.185 88.8741
 842.775 6264.72 1413.63 272.431 101.44
 1350.25 2931.31 2465.11 556.25 147.115
 1863.28 5772.32 1385.33 1165.01 332.408
F
 0.0846527 0.632315 0.632315 0.632315 0.632315
 0.089215 0.666392 0.666392 0.666392 0.666392
 0.169811 1.26841 1.26841 1.26841 1.26841
 0.0488268 0.364712 0.364712 0.364712 0.364712
 0.00926157 0.0691794 0.0691794 0.0691794 0.0691794
 0.0853824 0.637765 0.637765 0.637765 0.637765
 0.0613865 0.458528 0.458528 0.458528 0.458528
 0.102302 0.764148 0.764148 0.764148 0.764148
 0.114663 0.856474 0.856474 0.856474 0.856474
 0.0772021 0.576662 0.576662 0.576662 0.576662
 0.131823 0.984652 0.984652 0.984652 0.984652
 0.126049 0.941527 0.941527 0.941527 0.941527
 0.211514 1.57991 1.57991 1.57991 1.57991
 0.385979 2.88308 2.88308 2.88308 2.88308
 0.409597 3.05949 3.05949 3.05949 3.05949
 0.166898 1.24664 1.24664 1.24664 1.24664
 0.132431 0.989196 0.989196 0.989196 0.989196
 0.101266 0.756408 0.756408 0.756408 0.756408
 0.0785378 0.586639 0.586639 0.586639 0.586639
 0.0858993 0.641626 0.641626 0.641626 0.641626
 0.0398801 0.297885 0.297885 0.297885 0.297885
 0.0491113 0.366837 0.366837 0.366837 0.366837
 0.0602954 0.450378 0.450378 0.450378 0.450378
 0.0562951 0.420497 0.420497 0.420497 0.420497
 0.0453905 0.339045 0.339045 0.339045 0.339045
 0.0514342 0.384189 0.384189 0.384189 0.384189
 0.0778344 0.581385 0.581385 0.581385 0.581385
Np
 20772.7 9827.1 5470.03 1690.45 545.942
YTP_r0W_actual
 9642.31 84884.1 29614.5 31804.9 10070.6
YTP_p0W_proyectada
 5815.07 76263.3 34261.3 10500.7 12520.6
 5815.07 47362.2 38324 15125.1 5420.74
CTP_r0_actual
 1175.89 3929.82 943.136 793.14 226.305
CTP_p0_proyectada
 709.154 3530.71 1091.12 261.864 281.361
 709.154 2192.69 1220.51 377.185 121.814
Wmedp
 8.2 21.6 31.4 40.1 44.5
nmprior
 10.8 10.6 4.6 0
nm_flota  nm_reclas  nm_pelaces    nm_pelaL
inf 27.7129 14.3492 41.6447
cv_recla  cv_pelaces  cv_mph
0.719435 0.406561 0.637739
 ------------------------------------------------
Talla a la edad & desviaci?n 
 7.2 14.2025 17.0495 18.207 18.6776
 1.08 2.13037 2.55742 2.73105 2.80164
