years
 1997 1998 1999 2000 2001 2002 2003 2004 2005 2006 2007 2008 2009 2010 2011 2012 2013 2014 2015 2016 2017 2018 2019 2020 2021 2022 2023
reclasobs
 0 0 0 370054 412103 1.49427e+06 250295 1.28982e+06 931140 785840 897777 1.04006e+06 184774 17550 25797 100020 73551 82996 120727 218422 84188 347160 605670 569463 516374 1.08416e+06 1.01767e+06
reclaspred
 467314 130152 405389 281900 399870 488588 1.05368e+06 697986 758499 691761 550637 365160 221170 95148.2 62663.4 64555 81293.3 114182 125974 176697 255993 236259 409940 560145 716440 715281 726825
pelacesobs
 0 0 0 0 0 0 0 0 0 2.06254e+06 1.5e+06 0 1.87456e+06 323000 250000 174000 83755 137374 0 501740 490994 745055 786931 1.00524e+06 1.33801e+06 1.41789e+06 0
pelacespred
 1.93195e+06 446916 857273 911327 1.12442e+06 1.08584e+06 2.7789e+06 2.24398e+06 2.18076e+06 1.989e+06 1.3736e+06 937003 570533 194637 134468 148014 195613 282333 311541 437244 712346 624552 891415 1.3835e+06 1.71341e+06 1.88389e+06 1.83932e+06
mphobs
 0 0 0 0 0 0 112323 0 153150 637223 0 255016 313432 73983 77613 109348 50772 17779 17303 59886 28197 0 207744 136588 643089 65757 70829
mphpred
 132020 82184.4 101711 122401 125029 191320 283875 336315 282422 280527 261266 178316 107831 55624.7 24596.8 21443.7 26532.1 36686.3 47388.4 55772.6 82929.2 98204.8 123133 177496 268146 291408 266772
desembarqueobs
 350755 77701 442110 56441 14545 235359 269955 359681 431902 328805 639364 411747 362871 311530 167758 66681 60226 58785 57116 73181 50977 67692 138656 160484 209506 203330 245020
desembarquepred
 350766 77704.8 442157 56443.8 14545.2 235416 269998 359711 431979 328854 639605 411995 363210 311933 167747 66692.7 60252.9 58787.3 57111.4 73183.5 50978.8 67687 138662 160493 209500 203323 245012
Reclutas
 51007.9 62510.7 36949.7 53380.3 91857.4 68226.2 110478 101587 122057 123517 64501 41359.2 44631.5 24073.8 16831.1 17817.3 13700.5 16619 18826.2 30791.3 38845.3 49957.7 82520.1 117628 54866 80465 119126
log_desv_Rt
 0.0197352 0.223093 -0.302686 0.0651972 0.607992 0.310584 0.792569 0.70867 0.892242 0.90413 0.254436 -0.18995 -0.113804 -0.73112 -1.08901 -1.03207 -1.29481 -1.1017 -0.976994 -0.485012 -0.252657 -0.00106783 0.500798 0.855284 0.0926493 0.475578 0.867936
SSB
 620048 385989 477698 574869 587215 898559 1.33326e+06 1.57955e+06 1.32643e+06 1.31753e+06 1.22707e+06 837481 506441 261248 115522 100713 124612 172302 222565 261943 389488 461231 578310 833631 1.25938e+06 1.36863e+06 1.25293e+06
BT
 2.13112e+06 557486 1.05723e+06 928451 1.08265e+06 1.22113e+06 2.83083e+06 2.54623e+06 2.47342e+06 2.21285e+06 1.88685e+06 1.27154e+06 897461 479377 266829 195354 234875 316006 345373 475675 720442 658858 945306 1.44819e+06 1.79354e+06 1.97152e+06 1.95998e+06
Ftot
 0.507238 0.401703 0.590474 0.116402 0.0236282 0.237107 0.150445 0.295184 0.339578 0.273491 0.572766 0.547486 0.894547 1.65007 1.70018 0.650675 0.45261 0.309247 0.247499 0.253279 0.118333 0.155316 0.185724 0.173556 0.143392 0.144628 0.185842
BD_Bspro_t
 0.940144 0.735583 0.693913 0.562129 0.687187 0.814708 0.779855 0.787996 0.728645 0.687538 0.647508 0.483763 0.36672 0.256914 0.146974 0.156246 0.245115 0.388329 0.509414 0.607482 0.717921 0.798214 0.806206 0.814398 0.831269 0.800289 0.784771
BD_Bspro
 0.600275 0.37368 0.462464 0.556537 0.568489 0.869904 1.29074 1.52917 1.28413 1.27552 1.18794 0.810774 0.490291 0.252917 0.111838 0.0975011 0.120638 0.166807 0.215468 0.25359 0.377067 0.446523 0.559868 0.807047 1.21922 1.32499 1.21297
BD_Bo
 0.350151 0.217974 0.269763 0.324638 0.331609 0.50743 0.75291 0.891994 0.749055 0.744031 0.692944 0.472939 0.285995 0.147531 0.0652369 0.0568741 0.07037 0.0973015 0.125686 0.147923 0.21995 0.260464 0.326581 0.470764 0.711192 0.772888 0.707548
BD_Brms
 0.636638 0.396317 0.490478 0.59025 0.602926 0.9226 1.36893 1.62181 1.36192 1.35278 1.2599 0.859888 0.519991 0.268238 0.118613 0.103407 0.127946 0.176912 0.22852 0.268951 0.399908 0.473572 0.593783 0.855935 1.29308 1.40525 1.28645
S_f
 0.171709 1 1 1 1
 0.171709 1 1 1 1
 0.171709 1 1 1 1
 0.171709 1 1 1 1
 0.171709 1 1 1 1
 0.171709 1 1 1 1
 0.171709 1 1 1 1
 0.171709 1 1 1 1
 0.171709 1 1 1 1
 0.171709 1 1 1 1
 0.171709 1 1 1 1
 0.171709 1 1 1 1
 0.171709 1 1 1 1
 0.171709 1 1 1 1
 0.171709 1 1 1 1
 0.171709 1 1 1 1
 0.171709 1 1 1 1
 0.171709 1 1 1 1
 0.171709 1 1 1 1
 0.171709 1 1 1 1
 0.171709 1 1 1 1
 0.171709 1 1 1 1
 0.171709 1 1 1 1
 0.171709 1 1 1 1
 0.171709 1 1 1 1
 0.171709 1 1 1 1
 0.171709 1 1 1 1
Scru_reclas
 0.838195 1 1 1 1
 0.838195 1 1 1 1
 0.838195 1 1 1 1
 0.838195 1 1 1 1
 0.838195 1 1 1 1
 0.838195 1 1 1 1
 0.838195 1 1 1 1
 0.838195 1 1 1 1
 0.838195 1 1 1 1
 0.838195 1 1 1 1
 0.838195 1 1 1 1
 0.838195 1 1 1 1
 0.838195 1 1 1 1
 0.838195 1 1 1 1
 0.838195 1 1 1 1
 0.838195 1 1 1 1
 0.838195 1 1 1 1
 0.838195 1 1 1 1
 0.838195 1 1 1 1
 0.838195 1 1 1 1
 0.838195 1 1 1 1
 0.838195 1 1 1 1
 0.838195 1 1 1 1
 0.838195 1 1 1 1
 0.838195 1 1 1 1
 0.838195 1 1 1 1
 0.838195 1 1 1 1
Scru_pelaces
 1 1 1 1 1
 1 1 1 1 1
 1 1 1 1 1
 1 1 1 1 1
 1 1 1 1 1
 1 1 1 1 1
 1 1 1 1 1
 1 1 1 1 1
 1 1 1 1 1
 1 1 1 1 1
 1 1 1 1 1
 1 1 1 1 1
 1 1 1 1 1
 1 1 1 1 1
 1 1 1 1 1
 1 1 1 1 1
 1 1 1 1 1
 1 1 1 1 1
 1 1 1 1 1
 1 1 1 1 1
 1 1 1 1 1
 1 1 1 1 1
 1 1 1 1 1
 1 1 1 1 1
 1 1 1 1 1
 1 1 1 1 1
 1 1 1 1 1
pf_obs 
 0.256992 0.487395 0.22802 0.0275931 0
 0.321318 0.546541 0.124235 0.00734118 0.000564706
 0.182869 0.594174 0.210203 0.0122559 0.00049798
 0.330522 0.361315 0.267642 0.0388342 0.00168674
 0.649043 0.306663 0.0425973 0.00169635 0
 0.582887 0.30429 0.105238 0.00758474 0
 0.465427 0.430635 0.0974691 0.00646863 0
 0.296916 0.608066 0.0921331 0.00288517 0
 0.311714 0.524322 0.152257 0.0117073 0
 0.15457 0.633149 0.183074 0.0267441 0.00246327
 0.131901 0.49318 0.331252 0.0422183 0.00144891
 0.196976 0.569456 0.194076 0.0375587 0.00193317
 0.518974 0.381816 0.0799577 0.0180837 0.00116848
 0.0928022 0.601141 0.25162 0.0475244 0.00691264
 0.122501 0.610282 0.24278 0.0234846 0.000952079
 0.383417 0.481906 0.127806 0.00687128 0
 0.0376549 0.599619 0.316969 0.0457579 0
 0.0361596 0.667082 0.258105 0.0386534 0
 0.158088 0.579412 0.248529 0.0139706 0
 0.0477256 0.309471 0.559284 0.082774 0.000745712
 0.0406174 0.521527 0.379366 0.0568643 0.0016247
 0.151134 0.462217 0.34131 0.0453401 0
 0.294876 0.26143 0.354403 0.0886775 0.000613685
 0.281977 0.475581 0.204845 0.0348837 0.00271318
 0.0841818 0.532909 0.334909 0.0458182 0.00218182
 0.115287 0.27431 0.454777 0.147771 0.00785563
 0 0 0 0 0
pf_pred 
 0.352293 0.457457 0.170183 0.0200561 1.10821e-05
 0.299092 0.561965 0.0981319 0.036507 0.00430473
 0.167587 0.624876 0.166396 0.0290566 0.0120842
 0.260074 0.451037 0.216863 0.0577479 0.0142779
 0.295083 0.48193 0.135926 0.0653547 0.0217059
 0.166417 0.59299 0.164486 0.0463924 0.0297143
 0.258162 0.419322 0.22943 0.0636401 0.0294459
 0.198822 0.548803 0.142655 0.0780529 0.0316682
 0.235254 0.477475 0.196779 0.0511504 0.0393416
 0.217011 0.530849 0.157425 0.0648787 0.0298356
 0.129848 0.563427 0.207953 0.0616692 0.037103
 0.13633 0.461381 0.260484 0.0961407 0.0456644
 0.231136 0.419028 0.186886 0.105511 0.0574392
 0.208358 0.579378 0.115683 0.0515945 0.0449864
 0.29647 0.551775 0.111065 0.0221761 0.0185143
 0.344007 0.562196 0.0735651 0.0148077 0.00542503
 0.219416 0.630282 0.128811 0.0168553 0.00463574
 0.253224 0.500641 0.198742 0.0406169 0.0067766
 0.238906 0.529525 0.155245 0.0616283 0.0146963
 0.302838 0.46892 0.158797 0.0465556 0.0228887
 0.260382 0.547561 0.12918 0.043746 0.0191308
 0.2472 0.515075 0.175995 0.0415204 0.0202095
 0.296712 0.473202 0.157428 0.0537911 0.0188672
 0.282881 0.522293 0.131087 0.0436109 0.0201279
 0.11101 0.634417 0.185411 0.0465351 0.0226269
 0.193253 0.352926 0.323864 0.0946505 0.0353065
 0.251461 0.448248 0.131368 0.12055 0.0483732
pobs_RECLAS
 0 0 0 0 0
 0 0 0 0 0
 0 0 0 0 0
 0 0 0 0 0
 0.835266 0.146461 0.0176864 0.000547809 3.91292e-05
 0.385257 0.428462 0.181853 0.0044286 0
 0.867414 0.0963971 0.0333333 0.00285562 0
 0.441836 0.489002 0.0689373 0.000224442 0
 0.779404 0.147425 0.0564933 0.0165055 0.000172143
 0.814271 0.122319 0.05973 0.00367925 0
 0.40263 0.566651 0.0304383 0.000280538 0
 0.475488 0.404961 0.113038 0.00651328 0
 0.955842 0.0263864 0.0167828 0.000988607 0
 0.975058 0.0227948 0.00214734 0 0
 0.738997 0.206755 0.0527124 0.00153531 0
 0.850938 0.134255 0.0134407 0.00136685 0
 0.542534 0.407297 0.0501686 0 0
 0.764087 0.199537 0.0359546 0.000420521 0
 0.470689 0.182191 0.310203 0.0369168 0
 0.84361 0.089868 0.0606195 0.00523954 0.000663233
 0.607945 0.314616 0.071237 0.00620181 0
 0.523733 0.453247 0.0230204 0 0
 0.530135 0.295979 0.169645 0.0042399 0
 0.562478 0.366248 0.0663022 0.0049721 0
 0.250443 0.683176 0.0655157 0.000865301 0
 0.195077 0.31981 0.436473 0.0351445 0.0134964
 0.565238 0.351407 0.0832357 0.000118908 0
ppred_RECLAS
 0.733176 0.18845 0.0701071 0.00826213 4.5653e-06
 0.681218 0.255589 0.0446316 0.0166038 0.00195784
 0.506115 0.37075 0.0987258 0.0172398 0.00716979
 0.633201 0.22359 0.107504 0.0286269 0.0070779
 0.671678 0.224464 0.0633089 0.0304396 0.0101098
 0.496946 0.35786 0.0992645 0.0279971 0.0179321
 0.631349 0.208379 0.114014 0.0316255 0.014633
 0.552143 0.306779 0.0797437 0.0436314 0.0177025
 0.605242 0.24647 0.101576 0.0264036 0.0203079
 0.578914 0.285487 0.0846622 0.0348913 0.0160454
 0.431273 0.368253 0.135917 0.0403067 0.0242503
 0.444537 0.296734 0.167528 0.0618322 0.0293687
 0.612337 0.211275 0.0942281 0.0531988 0.028961
 0.606111 0.288275 0.0575592 0.0256713 0.0223834
 0.713017 0.225079 0.0453055 0.00904606 0.00755232
 0.728603 0.232591 0.0304353 0.00612624 0.00224444
 0.585661 0.334558 0.0683736 0.0089469 0.00246068
 0.627738 0.249566 0.0990714 0.0202472 0.00337808
 0.608503 0.272381 0.0798558 0.0317008 0.0075596
 0.682717 0.213409 0.0722696 0.0211878 0.0104168
 0.633599 0.271257 0.0639947 0.0216714 0.00947723
 0.617805 0.261503 0.0893522 0.0210798 0.0102604
 0.675398 0.218406 0.0726607 0.0248272 0.00870812
 0.660324 0.247394 0.0620917 0.0206571 0.00953393
 0.380522 0.442083 0.129201 0.0324272 0.0157672
 0.540956 0.200817 0.18428 0.0538567 0.0200896
 0.623605 0.225397 0.066057 0.0606174 0.024324
pobs_PELACES
 0 0 0 0 0
 0 0 0 0 0
 0 0 0 0 0
 0 0 0 0 0
 0 0 0 0 0
 0 0 0 0 0
 0 0 0 0 0
 0 0 0 0 0
 0 0 0 0 0
 0 0 0 0 0
 0.450072 0.473896 0.0757376 0.000293798 0
 0 0 0 0 0
 0.463077 0.371075 0.160297 0.00555027 0
 0.529543 0.364841 0.0842815 0.0213345 0
 0.631943 0.363953 0.00410389 0 0
 0.735681 0.248677 0.0153453 0.000297389 0
 0.695825 0.281241 0.0229344 0 0
 0.275771 0.60734 0.115278 0.00161068 0
 0 0 0 0 0
 0.896147 0.0623911 0.0374545 0.00400742 0
 0.803859 0.145111 0.0509908 3.86294e-05 0
 0.739449 0.233085 0.0266225 0.000797448 4.60066e-05
 0.878498 0.100942 0.0204185 0.000141795 0
 0.694673 0.275183 0.0284847 0.00165964 0
 0.469039 0.446079 0.0841089 0.000773354 0
 0.822795 0.102175 0.0682046 0.00682512 0
 0 0 0 0 0
ppred_PELACES
 0.790169 0.148197 0.0551323 0.00649734 3.59015e-06
 0.739945 0.208504 0.0364095 0.0135451 0.00159717
 0.589612 0.30807 0.082035 0.0143252 0.00595765
 0.680114 0.194993 0.0937546 0.0249656 0.00617265
 0.710692 0.197791 0.0557861 0.0268225 0.00890843
 0.557026 0.315121 0.0874094 0.0246534 0.0157905
 0.680405 0.18065 0.0988418 0.0274171 0.0126858
 0.61456 0.264024 0.06863 0.0375505 0.0152353
 0.667451 0.20763 0.085569 0.0222427 0.0171077
 0.638665 0.244977 0.0726488 0.0299403 0.0137685
 0.514097 0.314624 0.116123 0.0344368 0.0207187
 0.525823 0.25331 0.143012 0.0527838 0.0250709
 0.706442 0.159988 0.0713545 0.0402849 0.0219307
 0.742408 0.188523 0.0376421 0.0167883 0.0146381
 0.825102 0.137171 0.0276108 0.00551299 0.00460265
 0.792803 0.177571 0.0232358 0.00467706 0.00171351
 0.65617 0.277625 0.0567382 0.00742437 0.00204194
 0.686446 0.210207 0.0834472 0.0170541 0.00284534
 0.664894 0.233147 0.0683535 0.0271347 0.00647073
 0.733415 0.179308 0.0607217 0.0178022 0.0087523
 0.680602 0.23646 0.0557853 0.0188914 0.00826148
 0.66801 0.227152 0.0776148 0.0183108 0.00891255
 0.723116 0.186299 0.0619792 0.0211775 0.00742799
 0.708618 0.21222 0.0532637 0.0177201 0.00817843
 0.432506 0.404985 0.118359 0.0297061 0.0144441
 0.593928 0.177644 0.163015 0.0476418 0.0177713
 0.675283 0.19445 0.0569875 0.0522947 0.0209843
pobs_pel_tallas
 0 0 0 0 0 0 0 0 0 0 0 0 0 0 0 0 0 0 0 0 0 0 0 0 0 0 0 0 0 0 0 0 0 0 0 0
 0 0 0 0 0 0 0 0 0 0 0 0 0 0 0 0 0 0 0 0 0 0 0 0 0 0 0 0 0 0 0 0 0 0 0 0
 0 0 0 0 0 0 0 0 0 0 0 0 0 0 0 0 0 0 0 0 0 0 0 0 0 0 0 0 0 0 0 0 0 0 0 0
 0 0 0 0 0 0 0 0 0 0 0 0 0 0 0 0 0 0 0 0 0 0 0 0 0 0 0 0 0 0 0 0 0 0 0 0
 0 0 0 0 0 0 0 0 0 0 0 0 0 0 0 0 0 0 0 0 0 0 0 0 0 0 0 0 0 0 0 0 0 0 0 0
 0 0 0 0 0 0 0 0 0 0 0 0 0 0 0 0 0 0 0 0 0 0 0 0 0 0 0 0 0 0 0 0 0 0 0 0
 0 0 0 0 0 0 0 0 0 0 0 0 0 0 0 0 0 0 0 0 0 0 0 0 0 0 0 0 0 0 0 0 0 0 0 0
 0 0 0 0 0 0 0 0 0 0 0 0 0 0 0 0 0 0 0 0 0 0 0 0 0 0 0 0 0 0 0 0 0 0 0 0
 0 0 0 0 0 0 0 0 0 0 0 0 0 0 0 0 0 0 0 0 0 0 0 0 0 0 0 0 0 0 0 0 0 0 0 0
 0 0 0 0 0 0 0 0 0 0 0 0 0 0 0 0 0 0 0 0 0 0 0 0 0 0 0 0 0 0 0 0 0 0 0 0
 0 0 0 0 0 0 0 0 1.78061e-05 0.00172719 0.00360574 0.0105946 0.0120993 0.0124554 0.0147524 0.0171206 0.0266825 0.0428682 0.0675386 0.121331 0.153587 0.119568 0.100827 0.0573624 0.0630603 0.0341343 0.0324427 0.0444173 0.0211091 0.0280891 0.0125444 0.00206551 0 0 0 0
 0 0 0 0 0 0 0 0 0 0 0 0 0 0 0 0 0 0 0 0 0 0 0 0 0 0 0 0 0 0 0 0 0 0 0 0
 0 0 0 0 0 0 0.0133647 0.0140871 0.0187388 0.0205184 0.03894 0.0496705 0.03968 0.0493445 0.0407372 0.0367815 0.0215668 0.0243155 0.0234873 0.0199281 0.019796 0.0243948 0.0301388 0.0376714 0.0412746 0.0863199 0.0771752 0.113111 0.0741005 0.0525337 0.0229764 0.00759418 0.00175318 0 0 0
 0 0 0 0 0 0 0 0 0 0 0.00219441 0.00772107 0.0458388 0.0604681 0.0671733 0.0775358 0.0609151 0.0617685 0.073594 0.0568108 0.0755445 0.0548602 0.0670107 0.0636378 0.0643287 0.046367 0.0373049 0.0286899 0.0247887 0.0153202 0.00654259 0.00121912 0.000365735 0 0 0
 0 0 0 0 0 0 0 0 0 0 0 0 0.000112435 0.00938835 0.0111873 0.0202946 0.0414886 0.0713402 0.111592 0.104902 0.108894 0.110636 0.117776 0.105296 0.107544 0.0401394 0.0192827 0.0124803 0.00416011 0.0028671 0.000618394 0 0 0 0 0
 0 0 0 0 0 0 0 0 0 0 0.00291406 0.0102884 0.027416 0.0768956 0.0749926 0.110853 0.0956884 0.0897413 0.0766577 0.0534642 0.0500743 0.0551293 0.0594112 0.0620874 0.0668451 0.0424026 0.0208742 0.0120726 0.0048766 0.00582813 0.00118941 0.000297354 0 0 0 0
 0 0.00264628 0.0354308 0.0461629 0.0458689 0.0383711 0.0214643 0.0164657 0.0346957 0.0420465 0.0363128 0.0245516 0.0311673 0.0291091 0.0169068 0.0133784 0.00837989 0.0085269 0.0148486 0.0160247 0.0276389 0.0546898 0.0760071 0.122758 0.109233 0.0665981 0.0333725 0.0166128 0.00676272 0.00308733 0.000882094 0 0 0 0 0
 0 0 0 0 0 0 0 0.000805153 0.000690131 0.00759144 0.0133425 0.0154129 0.00931677 0.000345066 0.00356568 0.00563607 0.00851162 0.0253048 0.0502646 0.0516448 0.0657925 0.0565908 0.0611916 0.0827007 0.0866115 0.110766 0.145733 0.0935128 0.0569358 0.0249597 0.0138026 0.00621118 0.00161031 0.00115022 0 0
 0 0 0 0 0 0 0 0 0 0 0 0 0 0 0 0 0 0 0 0 0 0 0 0 0 0 0 0 0 0 0 0 0 0 0 0
 0.00147267 0.00158595 0.00478618 0.00569244 0.00954404 0.0108468 0.00647125 0.017049 0.0510054 0.094081 0.124002 0.0959785 0.0687766 0.0820023 0.061753 0.0591476 0.0492212 0.0479892 0.0443925 0.0268479 0.0217502 0.0140895 0.0121071 0.0120363 0.00920419 0.00665534 0.0049561 0.00860946 0.00930331 0.0156896 0.0114698 0.00855282 0.00243557 0.00046729 0 2.83206e-05
 0 0 0 0 0.000772559 0.00158375 0.000888443 0.00281984 0.00712685 0.0440552 0.0773331 0.111326 0.0921469 0.0852325 0.0710754 0.0886704 0.0786465 0.0553345 0.0373146 0.0185414 0.00753245 0.00457741 0.012979 0.0271748 0.0457355 0.0583668 0.034881 0.0177882 0.00938659 0.00492506 0.0015258 0.00185414 0.000309023 5.79419e-05 3.86279e-05 0
 0 0.00173294 0.00326652 0 0.00397197 0.00683976 0.00946217 0.0152591 0.00757587 0.0136028 0.0228656 0.0392903 0.0559909 0.0764795 0.0681675 0.0726916 0.0566044 0.0477403 0.0527397 0.0444891 0.0609904 0.0582453 0.0661739 0.0445044 0.0529084 0.0360697 0.0280645 0.0235558 0.0158879 0.00826598 0.00280645 0.00217768 0.000904811 0.00058276 9.20147e-05 0
 0 0 0 0 0 0 0 0 0 0 0 0 0 0 0 0 0 0 0 0 0 0 0 0 0 0 0 0 0 0 0 0 0 0 0 0
 0 0 0 0 0 0 0 0 0 0 0 0 0 0 0 0 0 0 0 0 0 0 0 0 0 0 0 0 0 0 0 0 0 0 0 0
 0 0 0 0 0 0 0 0 0 0 0 0 0 0 0 0 0 0 0 0 0 0 0 0 0 0 0 0 0 0 0 0 0 0 0 0
 0 0 0 0 0 0 0 0 0 0 0 0 0 0 0 0 0 0 0 0 0 0 0 0 0 0 0 0 0 0 0 0 0 0 0 0
 0 0 0 0 0 0 0 0 0 0 0 0 0 0 0 0 0 0 0 0 0 0 0 0 0 0 0 0 0 0 0 0 0 0 0 0
ppred_pel_tallas
 1.01055e-16 3.44739e-05 0.000202339 0.000961841 0.00370316 0.011548 0.0291692 0.0596839 0.0989316 0.132859 0.144569 0.127501 0.0912274 0.0531558 0.0256386 0.0110236 0.00553387 0.00472817 0.005887 0.00782122 0.0100536 0.0123065 0.0143292 0.0158885 0.0168078 0.0170035 0.0165004 0.0154176 0.0139332 0.0122391 0.010503 0.00884492 0.00733361 0.00599579 0.004832 0.0038311
 1.01125e-16 3.22862e-05 0.00018949 0.000900744 0.0034679 0.0108143 0.0273161 0.0558928 0.0926495 0.124429 0.135412 0.119464 0.0855604 0.050023 0.0244435 0.0110498 0.0063328 0.00615096 0.00795457 0.0105967 0.013563 0.0164963 0.0190511 0.0209074 0.0218325 0.0217331 0.0206746 0.0188581 0.0165653 0.0140902 0.01168 0.00950134 0.00763422 0.00608867 0.00483162 0.003813
 1.02036e-16 2.57351e-05 0.000151021 0.000717833 0.00276361 0.00861799 0.0217686 0.0445428 0.0738398 0.0991808 0.107971 0.0953378 0.0684643 0.040397 0.0204296 0.0104048 0.00759386 0.00874718 0.0118439 0.0159208 0.020447 0.0249516 0.0289342 0.0319192 0.0335525 0.0336797 0.0323766 0.0299168 0.0266941 0.0231255 0.0195665 0.0162632 0.0133435 0.0108394 0.00872446 0.00694784
 1.02541e-16 2.96769e-05 0.000174172 0.000827923 0.00318752 0.00993997 0.0251076 0.0513739 0.0851593 0.114371 0.124469 0.109816 0.0786654 0.0460225 0.0225478 0.0102979 0.0060587 0.00603795 0.0079082 0.0106317 0.0137496 0.0169423 0.019892 0.0222924 0.0239034 0.0245986 0.0243864 0.0233926 0.0218175 0.0198816 0.0177788 0.0156508 0.0135842 0.0116231 0.0097883 0.00809321
 1.02195e-16 3.10102e-05 0.000182 0.000865137 0.00333081 0.0103868 0.0262363 0.0536832 0.0889869 0.11951 0.130059 0.114742 0.0821807 0.0480511 0.0234885 0.0106348 0.00612342 0.00598222 0.00777014 0.0103958 0.0133764 0.0163805 0.0190848 0.0211853 0.0224534 0.0227848 0.0222176 0.0209126 0.0191044 0.0170402 0.0149293 0.012914 0.0110665 0.00940533 0.00791855 0.00658582
 1.02929e-16 2.43145e-05 0.000142679 0.000678177 0.00261092 0.00814184 0.0205659 0.042082 0.0697613 0.093705 0.102016 0.0900947 0.0647317 0.0382604 0.0194711 0.0101174 0.00763445 0.00896321 0.0121995 0.0164287 0.0211332 0.0258411 0.0300452 0.0332614 0.0351268 0.0354789 0.0343864 0.0321164 0.0290556 0.0256129 0.0221349 0.0188592 0.0159073 0.0133091 0.0110412 0.0090614
 1.02997e-16 2.9689e-05 0.000174245 0.00082827 0.00318887 0.00994416 0.0251182 0.0513954 0.0851945 0.114417 0.124516 0.10985 0.0786735 0.0459945 0.0224736 0.0101626 0.0058417 0.00571484 0.00745621 0.0100369 0.0130145 0.016092 0.0189767 0.0213844 0.0230883 0.0239633 0.0240041 0.0233112 0.0220529 0.0204162 0.0185673 0.0166287 0.0146785 0.0127617 0.0109077 0.00914323
 1.03063e-16 2.68211e-05 0.000157401 0.000748174 0.00288045 0.00898235 0.0226888 0.0464254 0.076959 0.103365 0.112512 0.0993161 0.0712511 0.0419005 0.02093 0.0102353 0.00694889 0.007668 0.0102882 0.0138329 0.0178058 0.0217995 0.0253895 0.0281729 0.029847 0.0302755 0.0295126 0.0277758 0.0253797 0.0226548 0.0198785 0.0172374 0.0148232 0.0126549 0.0107121 0.00896363
 1.02847e-16 2.91252e-05 0.000170932 0.000812517 0.0031282 0.00975498 0.0246404 0.0504179 0.0835751 0.112245 0.122159 0.107787 0.0772313 0.0452227 0.022229 0.0102751 0.0062133 0.00632613 0.00832888 0.0111957 0.0144611 0.01779 0.0208459 0.0233062 0.0249215 0.0255663 0.0252598 0.0241469 0.02245 0.0204093 0.0182321 0.0160645 0.0139893 0.0120406 0.0102266 0.00854903
 1.02784e-16 2.78715e-05 0.000163569 0.000777502 0.00299337 0.00933451 0.0235783 0.0482452 0.0799749 0.107413 0.116911 0.103182 0.0739882 0.0434362 0.02156 0.0103167 0.00671282 0.00720324 0.00959994 0.0128995 0.0166119 0.0203521 0.0237246 0.0263529 0.0279531 0.028394 0.0277209 0.0261303 0.0239103 0.0213656 0.0187542 0.0162523 0.0139503 0.0118726 0.0100066 0.00832926
 1.03903e-16 2.24426e-05 0.00013169 0.000625931 0.00240976 0.00751453 0.0189813 0.0388399 0.0643877 0.0864897 0.0941673 0.0831799 0.0597995 0.035418 0.0181601 0.00965919 0.00756471 0.00906859 0.0124237 0.0167872 0.0216704 0.0266145 0.0311176 0.0346938 0.0369701 0.0377647 0.0371183 0.0352644 0.0325541 0.029364 0.0260173 0.0227395 0.0196543 0.0168068 0.0141989 0.0118202
 1.05098e-16 2.29515e-05 0.000134683 0.000640173 0.00246462 0.00768561 0.0194134 0.0397235 0.0658505 0.0884488 0.0962852 0.0850147 0.0610403 0.0359959 0.0181689 0.00920372 0.00667299 0.00769257 0.0104853 0.0142298 0.0185013 0.0229338 0.0271289 0.0306916 0.0333029 0.0347814 0.0351091 0.0344119 0.0329071 0.0308372 0.028416 0.0258003 0.0230902 0.0203469 0.0176172 0.0149507
 1.03475e-16 3.08234e-05 0.000180907 0.000859946 0.00331083 0.0103245 0.0260789 0.0533609 0.0884518 0.118789 0.129266 0.114024 0.0816258 0.0476455 0.0231397 0.0102251 0.0055441 0.00514409 0.00660671 0.00887222 0.0115048 0.0142337 0.0168024 0.018965 0.0205274 0.021385 0.0215374 0.0210746 0.0201414 0.018894 0.0174646 0.0159437 0.0143814 0.0128008 0.0112164 0.0096468
 1.01857e-16 3.23928e-05 0.000190118 0.000903732 0.00347941 0.0108502 0.0274068 0.0560781 0.0929562 0.124839 0.135854 0.119842 0.0858075 0.0501191 0.0244006 0.0108792 0.00602693 0.00568464 0.00729694 0.00972554 0.0124774 0.0152267 0.0176631 0.0194993 0.0205239 0.0206479 0.0199221 0.0185159 0.0166689 0.0146302 0.0126073 0.0107374 0.00908443 0.00765443 0.00642088 0.00534752
 1.00842e-16 3.59966e-05 0.00021128 0.00100435 0.00386683 0.0120584 0.0304585 0.0623217 0.103303 0.138729 0.150951 0.133117 0.0952196 0.0554292 0.0266354 0.0112796 0.00540635 0.00436777 0.00531811 0.00701684 0.00897622 0.0109266 0.0126342 0.0138875 0.014532 0.0145045 0.0138457 0.012685 0.0112049 0.00959643 0.00802068 0.00658655 0.00534717 0.0043105 0.00345681 0.00275553
 1.00629e-16 3.45898e-05 0.000203017 0.000965059 0.00371554 0.0115866 0.0292668 0.0598837 0.0992635 0.133307 0.145063 0.12795 0.0915791 0.0534217 0.0258799 0.0113185 0.00595546 0.00533658 0.00672559 0.00890856 0.011372 0.0137922 0.0158703 0.0173339 0.0179878 0.0177584 0.0167102 0.0150251 0.0129545 0.0107593 0.00865834 0.00679806 0.00524676 0.00400875 0.00304806 0.00231187
 1.01247e-16 2.86361e-05 0.000168055 0.000798822 0.00307545 0.00959046 0.0242249 0.0495683 0.0821688 0.110362 0.120126 0.106031 0.0760574 0.0447035 0.0222854 0.0108212 0.00724099 0.00790211 0.0105469 0.0141218 0.0180873 0.0220014 0.0254086 0.0278813 0.0291068 0.0289576 0.0275185 0.0250558 0.0219453 0.0185813 0.0152983 0.0123248 0.0097746 0.00766789 0.00596556 0.00460326
 1.01973e-16 2.99536e-05 0.000175796 0.000835636 0.00321722 0.0100326 0.0253415 0.0518526 0.0859531 0.115438 0.125633 0.110849 0.0794194 0.0464912 0.0228284 0.0105105 0.00629671 0.00635974 0.00834598 0.0111971 0.0144324 0.0177065 0.0206744 0.0230072 0.0244524 0.0248868 0.0243378 0.022964 0.021006 0.0187242 0.0163457 0.0140333 0.0118811 0.00992819 0.00818085 0.00663229
 1.02282e-16 2.90147e-05 0.000170281 0.000809417 0.00311626 0.00971773 0.0245463 0.0502256 0.0832571 0.111819 0.121702 0.107397 0.0769814 0.0451353 0.0222951 0.0104874 0.00658478 0.00688772 0.00911538 0.012229 0.0157353 0.0192598 0.0224234 0.0248666 0.0263189 0.0266565 0.0259252 0.0243165 0.02211 0.0196022 0.0170455 0.0146135 0.0123967 0.0104207 0.00867335 0.00713
 1.01942e-16 3.20004e-05 0.000187815 0.000892784 0.00343726 0.0107188 0.0270748 0.0553987 0.0918299 0.123326 0.134206 0.118386 0.08476 0.0494972 0.0240796 0.0107069 0.00589376 0.00553364 0.0071069 0.00949716 0.0122283 0.0149908 0.0174891 0.0194452 0.0206481 0.0209981 0.0205242 0.0193665 0.0177331 0.015846 0.0138955 0.0120139 0.0102725 0.00869508 0.00727812 0.00600928
 1.01905e-16 2.96997e-05 0.000174303 0.000828535 0.00318987 0.00994728 0.0251261 0.051412 0.0852236 0.11446 0.124575 0.10993 0.0787914 0.0461852 0.0227921 0.0106838 0.00665528 0.00691546 0.00912531 0.0122177 0.0156847 0.0191426 0.0222049 0.0245085 0.0257843 0.0259167 0.0249656 0.0231413 0.0207446 0.0180911 0.0154477 0.0129952 0.0108237 0.00895095 0.00735138 0.00598418
 1.02222e-16 2.91504e-05 0.000171078 0.000813207 0.00313085 0.00976324 0.0246612 0.0504608 0.0836467 0.112342 0.122269 0.107894 0.0773299 0.0453238 0.022359 0.0104689 0.00650936 0.00676221 0.00893703 0.0119943 0.0154455 0.0189245 0.0220607 0.0245017 0.02598 0.0263698 0.0257093 0.0241787 0.0220454 0.0195953 0.0170741 0.0146539 0.0124286 0.0104301 0.00865385 0.00708252
 1.02016e-16 3.15516e-05 0.000185179 0.000880253 0.00338901 0.0105683 0.0266947 0.0546211 0.0905413 0.121596 0.132326 0.116734 0.0835889 0.048838 0.023805 0.0106633 0.00598098 0.00571251 0.00737438 0.0098626 0.0126998 0.0155684 0.0181622 0.0201927 0.021441 0.0218038 0.0213114 0.0201095 0.0184143 0.0164565 0.0144333 0.0124818 0.0106755 0.00903883 0.00756778 0.00624952
 1.01817e-16 3.09204e-05 0.000181471 0.00086262 0.00332111 0.0103566 0.0261599 0.053527 0.0887285 0.119164 0.129686 0.114421 0.0819679 0.0479614 0.023509 0.0107522 0.00633927 0.00631227 0.00823498 0.01101 0.0141391 0.0172686 0.02005 0.022157 0.0233468 0.0235136 0.022708 0.0211154 0.0190017 0.016647 0.0142881 0.0120863 0.0101227 0.00841464 0.00694214 0.00567186
 1.03508e-16 1.88886e-05 0.000110816 0.000526676 0.00202758 0.00632267 0.0159709 0.0326811 0.054182 0.0727934 0.079289 0.0701178 0.0505837 0.0303107 0.0161878 0.00965172 0.00878655 0.0112725 0.015642 0.0211274 0.027189 0.0332491 0.0386601 0.0427985 0.0451951 0.0456382 0.0442136 0.0412625 0.0372819 0.0327988 0.0282627 0.0239843 0.0201265 0.0167341 0.0137822 0.0112201
 1.0484e-16 2.59182e-05 0.000152107 0.000723024 0.00278364 0.00868048 0.0219262 0.0448645 0.0743696 0.0998816 0.108705 0.095919 0.0687352 0.0402636 0.0198238 0.00922518 0.00567913 0.00589554 0.00786579 0.0107071 0.0140383 0.0175912 0.0210862 0.024237 0.0267958 0.0285954 0.0295693 0.0297439 0.0292096 0.0280846 0.0264853 0.024512 0.0222511 0.0197843 0.0171989 0.0145908
 1.0365e-16 2.94661e-05 0.000172935 0.000822041 0.00316488 0.00986936 0.0249293 0.0510089 0.0845542 0.113558 0.123584 0.109035 0.0781045 0.0456915 0.02238 0.0102108 0.00599131 0.00595449 0.00778758 0.0104588 0.0135127 0.0166343 0.0195137 0.0218566 0.0234382 0.0241489 0.024012 0.023164 0.0218072 0.0201536 0.0183776 0.0165926 0.0148516 0.0131656 0.0115283 0.00993642
pSPR Fmed_Fpbrs
0.448953   0.6 0.325
Fs Fmed_Fpbrs
0.64   0.351073 1.08697
SSBpbr Bo_Bmed_Bpbrs
1.7708e+06  706468  973942 486971
Ro
50011.1
SPR SPRFo_SPRFmed_SPRFpbrs
1.03294e+06 463742 335706
log_Ro
10.64
likeval ReclasPelacesDesembMPH_pf_preclas_ppelaces_ptallas_desvR_qrecl_qpela
 61.7739 20.9882 0.0173352 0.00077209 335.255 215.319 54.6911 0 17.1802 3.7399e-05 1.96793e-05 8.84495e-16 0 0 0
q_reclas_q_pelaces
0.420383 1.87973
M
0.7
N
 51007.9 13558.2 5043.93 594.427 0.328455
 62510.7 23217 4054.21 1508.25 177.845
 36949.7 28972.9 7715.1 1347.23 560.296
 53380.3 16579.5 7971.61 2122.73 524.838
 91857.4 25983.3 7328.47 3523.6 1170.28
 68226.2 45430.3 12601.6 3554.23 2276.48
 110478 32528.4 17797.8 4936.81 2284.24
 101587 53462.5 13897 7603.65 3085.01
 122057 47953.4 19762.7 5137.09 3951.12
 123517 57178.5 16956.5 6988.17 3213.63
 64501 58522.7 21599.9 6405.52 3853.85
 41359.2 29030 16389.6 6049.17 2873.2
 44631.5 18695.6 8338.18 4707.52 2562.73
 24073.8 19007.6 3795.21 1692.65 1475.86
 16831.1 9005.12 1812.62 361.921 302.158
 17817.3 6241.96 816.781 164.408 60.2332
 13700.5 7912.5 1617.08 211.6 58.1966
 16619 6294.74 2498.86 510.691 85.2047
 18826.2 7825.95 2294.39 910.816 217.2
 30791.3 8959.84 3034.19 889.556 437.343
 38845.3 14639.8 3453.8 1169.61 511.486
 49957.7 18902 6458.58 1523.7 741.642
 82520.1 24155.4 8036.17 2745.86 963.107
 117628 39692.1 9962.06 3314.24 1529.63
 54866 56697.3 16570 4158.81 2022.15
 80465 26583 24394 7129.24 2659.35
 119126 38977.7 11423.2 10482.5 4206.32
pred_Ctot
 3075.24 3993.25 1485.57 175.074 0.0967383
 3008.29 5652.29 987.018 367.19 43.2973
 2577.19 9609.43 2558.86 446.836 185.833
 760.559 1319.01 634.195 168.878 41.7544
 267.539 436.945 123.238 59.2542 19.6798
 1962.13 6991.59 1939.35 546.985 350.344
 2029.2 3295.93 1803.35 500.221 231.45
 3621.29 9995.77 2598.28 1421.64 576.798
 4988.68 10125.1 4172.8 1084.67 834.26
 4086.11 9995.4 2964.17 1221.61 561.776
 4369.69 18960.6 6998.08 2075.31 1248.6
 2683.31 9081.07 5126.93 1892.28 898.783
 4610.91 8359.16 3728.17 2104.83 1145.85
 4341.81 12073.2 2410.63 1075.14 937.438
 3116.49 5800.25 1167.52 233.116 194.622
 1363.31 2228 291.54 58.6834 21.4995
 740.056 2125.84 434.458 56.8503 15.6356
 619.99 1225.76 486.598 99.4459 16.5918
 564.715 1251.67 366.961 145.674 34.7386
 944.779 1462.91 495.407 145.242 71.4069
 562.562 1183.02 279.096 94.5142 41.3325
 946.961 1973.12 674.191 159.054 77.4177
 1866.13 2976.14 990.121 338.312 118.662
 2488.09 4593.84 1152.98 383.58 177.035
 961.018 5492.16 1605.11 402.855 195.881
 1421.42 2595.86 2382.1 696.178 259.688
 2695.64 4805.19 1408.26 1292.29 518.558
F
 0.0870973 0.507238 0.507238 0.507238 0.507238
 0.0689761 0.401703 0.401703 0.401703 0.401703
 0.10139 0.590474 0.590474 0.590474 0.590474
 0.0199873 0.116402 0.116402 0.116402 0.116402
 0.00405718 0.0236282 0.0236282 0.0236282 0.0236282
 0.0407134 0.237107 0.237107 0.237107 0.237107
 0.0258327 0.150445 0.150445 0.150445 0.150445
 0.0506857 0.295184 0.295184 0.295184 0.295184
 0.0583085 0.339578 0.339578 0.339578 0.339578
 0.0469608 0.273491 0.273491 0.273491 0.273491
 0.0983491 0.572766 0.572766 0.572766 0.572766
 0.0940083 0.547486 0.547486 0.547486 0.547486
 0.153602 0.894547 0.894547 0.894547 0.894547
 0.283331 1.65007 1.65007 1.65007 1.65007
 0.291936 1.70018 1.70018 1.70018 1.70018
 0.111727 0.650675 0.650675 0.650675 0.650675
 0.0777172 0.45261 0.45261 0.45261 0.45261
 0.0531006 0.309247 0.309247 0.309247 0.309247
 0.0424978 0.247499 0.247499 0.247499 0.247499
 0.0434902 0.253279 0.253279 0.253279 0.253279
 0.0203188 0.118333 0.118333 0.118333 0.118333
 0.0266692 0.155316 0.155316 0.155316 0.155316
 0.0318904 0.185724 0.185724 0.185724 0.185724
 0.0298011 0.173556 0.173556 0.173556 0.173556
 0.0246217 0.143392 0.143392 0.143392 0.143392
 0.0248339 0.144628 0.144628 0.144628 0.144628
 0.0319108 0.185842 0.185842 0.185842 0.185842
Np
 38380.4 17944.1 20029.3 5618.55 2222.23
YTP_r0W_actual
 41240.8 182911 77926.8 91322.9 40666.1
YTP_p0W_proyectada
 13287.1 268884 109648 41037.9 59023.7
 13287.1 84206.7 136636 48948.4 21484.2
CTP_r0_actual
 5029.37 8468.1 2481.74 2277.38 913.845
CTP_p0_proyectada
 1620.38 12448.3 3491.96 1023.39 1326.37
 1620.38 3898.46 4351.47 1220.66 482.79
Wmedp
 8.2 21.6 31.4 40.1 44.5
nmprior
 10.8 10.6 4.6 0
nm_flota  nm_reclas  nm_pelaces    nm_pelaL
inf 15.4917 17.2774 54.0093
cv_recla  cv_pelaces  cv_mph
0.680664 0.501855 0.742626
 ------------------------------------------------
Talla a la edad & desviaci?n 
 7.2 14.2025 17.0495 18.207 18.6776
 1.08 2.13037 2.55742 2.73105 2.80164
