years
 1997 1998 1999 2000 2001 2002 2003 2004 2005 2006 2007 2008 2009 2010 2011 2012 2013 2014 2015 2016 2017 2018 2019 2020 2021 2022 2023
reclasobs
 0 0 0 370054 412103 1.49427e+06 250295 1.28982e+06 931140 785840 897777 1.04006e+06 184774 17550 25797 100020 73551 82996 120727 218422 84188 347160 605670 569463 516374 1.08416e+06 1.01767e+06
reclaspred
 484898 126574 330415 221949 350587 443922 970257 670410 757933 776225 659232 450115 270446 109669 66773.2 66976.8 79733.6 108346 120877 164342 247980 236818 404015 539359 718649 710597 666308
pelacesobs
 0 0 0 0 0 0 0 0 0 2.06254e+06 1.5e+06 0 1.87456e+06 323000 250000 174000 83755 137374 0 501740 490994 745055 786931 1.00524e+06 1.33801e+06 1.41789e+06 0
pelacespred
 2.03447e+06 402258 677928 692496 986281 894253 2.59547e+06 2.02773e+06 2.16164e+06 2.19178e+06 1.54472e+06 1.08745e+06 686322 222528 148486 150573 184985 261791 280338 389654 680892 590732 828887 1.28618e+06 1.60632e+06 1.71865e+06 1.55871e+06
mphobs
 0 0 0 0 0 0 112323 0 153150 637223 0 255016 313432 73983 77613 109348 50772 17779 17303 59886 28197 0 207744 136588 643089 65757 70829
mphpred
 148375 82684.9 92990.4 90362.1 102483 171476 245608 309938 268680 288879 297807 203758 124270 65421 28441 24056.8 27069.2 34913.3 44484 51510.6 77797.1 95532.1 118498 168817 256928 272604 241788
desembarqueobs
 350755 77701 442110 56441 14545 235359 269955 359681 431902 328805 639364 411747 362871 311530 167758 66681 60226 58785 57116 73181 50977 67692 138656 160484 209506 203330 245020
desembarquepred
 350763 77701 442111 56445 14545.3 235452 270028 359689 431962 328820 639360 411828 362983 311683 167605 66677.9 60253.9 58781.1 57102.6 73179 50979.6 67682.8 138661 160497 209495 203313 245004
Reclutas
 36932.6 44490.7 22747.6 32765.8 58478.3 42521.4 78828.1 75820.1 99698.3 114350 63530.6 43867.1 47760.3 25434.1 15066.7 13477.4 9761.92 11840.6 12964.2 20438.2 26706.7 33610.2 54651.4 78256.4 36921.7 52717.5 69695
log_desv_Rt
 -0.00315127 0.183036 -0.487785 -0.122861 0.456411 0.137763 0.755025 0.716119 0.989903 1.12701 0.539277 0.16892 0.253949 -0.376155 -0.899757 -1.01123 -1.33376 -1.14071 -1.05005 -0.59484 -0.327329 -0.0974147 0.388729 0.747745 -0.00344461 0.352702 0.631884
SSB
 438346 244276 274722 266957 302767 506593 725600 915651 793761 853437 879812 601962 367132 193274 84023.4 71071.2 79970.7 103145 131419 152178 229836 282231 350079 498736 759045 805356 714316
BT
 1.54913e+06 374147 656681 478794 610618 718876 1.7788e+06 1.63335e+06 1.71652e+06 1.64597e+06 1.50208e+06 1.02878e+06 767941 421597 227050 146120 161413 206703 217114 296356 455660 416754 597032 911429 1.12013e+06 1.20353e+06 1.14631e+06
Ftot
 1.02644 0.915689 1.55171 0.331034 0.0589949 0.565773 0.35632 0.68836 0.771662 0.568263 1.0692 0.969445 1.62077 3.19894 3.57233 1.42048 1.03431 0.720073 0.570149 0.587042 0.270886 0.330598 0.401241 0.388848 0.312363 0.295288 0.413637
BD_Bspro_t
 0.90761 0.636799 0.560486 0.379207 0.536035 0.712122 0.659703 0.681834 0.615669 0.587793 0.564247 0.399847 0.29177 0.198147 0.108348 0.1121 0.167025 0.26883 0.374582 0.469381 0.599596 0.707053 0.715714 0.725193 0.750587 0.705307 0.677204
BD_Bspro
 0.572836 0.319223 0.35901 0.348863 0.39566 0.662021 0.948222 1.19658 1.0373 1.11528 1.14975 0.786651 0.479773 0.252572 0.109803 0.0928767 0.104507 0.13479 0.17174 0.198868 0.300353 0.368823 0.457487 0.651754 0.991929 1.05245 0.933477
BD_Bo
 0.478351 0.26657 0.299794 0.29132 0.330399 0.552826 0.79182 0.999216 0.866202 0.931325 0.960107 0.656899 0.400638 0.210912 0.0916916 0.0775574 0.0872691 0.112558 0.143413 0.166066 0.250812 0.307988 0.382028 0.544252 0.828318 0.878855 0.779507
BD_Brms
 0.869729 0.484672 0.54508 0.529673 0.600725 1.00514 1.43967 1.81676 1.57491 1.69332 1.74565 1.19436 0.728433 0.383477 0.166712 0.141013 0.158671 0.204651 0.260751 0.301938 0.456022 0.559979 0.694596 0.989549 1.50603 1.59792 1.41729
S_f
 0.0987683 0.675563 0.975347 0.998671 0.99993
 0.0987683 0.675563 0.975347 0.998671 0.99993
 0.0987683 0.675563 0.975347 0.998671 0.99993
 0.0987683 0.675563 0.975347 0.998671 0.99993
 0.0987683 0.675563 0.975347 0.998671 0.99993
 0.0987683 0.675563 0.975347 0.998671 0.99993
 0.0987683 0.675563 0.975347 0.998671 0.99993
 0.0987683 0.675563 0.975347 0.998671 0.99993
 0.0987683 0.675563 0.975347 0.998671 0.99993
 0.0987683 0.675563 0.975347 0.998671 0.99993
 0.0987683 0.675563 0.975347 0.998671 0.99993
 0.0987683 0.675563 0.975347 0.998671 0.99993
 0.0987683 0.675563 0.975347 0.998671 0.99993
 0.0987683 0.675563 0.975347 0.998671 0.99993
 0.0987683 0.675563 0.975347 0.998671 0.99993
 0.0987683 0.675563 0.975347 0.998671 0.99993
 0.0987683 0.675563 0.975347 0.998671 0.99993
 0.0987683 0.675563 0.975347 0.998671 0.99993
 0.0987683 0.675563 0.975347 0.998671 0.99993
 0.0987683 0.675563 0.975347 0.998671 0.99993
 0.0987683 0.675563 0.975347 0.998671 0.99993
 0.0987683 0.675563 0.975347 0.998671 0.99993
 0.0987683 0.675563 0.975347 0.998671 0.99993
 0.0987683 0.675563 0.975347 0.998671 0.99993
 0.0987683 0.675563 0.975347 0.998671 0.99993
 0.0987683 0.675563 0.975347 0.998671 0.99993
 0.0987683 0.675563 0.975347 0.998671 0.99993
Scru_reclas
 0.584817 0.876373 0.972734 0.994461 0.998895
 0.584817 0.876373 0.972734 0.994461 0.998895
 0.584817 0.876373 0.972734 0.994461 0.998895
 0.584817 0.876373 0.972734 0.994461 0.998895
 0.584817 0.876373 0.972734 0.994461 0.998895
 0.584817 0.876373 0.972734 0.994461 0.998895
 0.584817 0.876373 0.972734 0.994461 0.998895
 0.584817 0.876373 0.972734 0.994461 0.998895
 0.584817 0.876373 0.972734 0.994461 0.998895
 0.584817 0.876373 0.972734 0.994461 0.998895
 0.584817 0.876373 0.972734 0.994461 0.998895
 0.584817 0.876373 0.972734 0.994461 0.998895
 0.584817 0.876373 0.972734 0.994461 0.998895
 0.584817 0.876373 0.972734 0.994461 0.998895
 0.584817 0.876373 0.972734 0.994461 0.998895
 0.584817 0.876373 0.972734 0.994461 0.998895
 0.584817 0.876373 0.972734 0.994461 0.998895
 0.584817 0.876373 0.972734 0.994461 0.998895
 0.584817 0.876373 0.972734 0.994461 0.998895
 0.584817 0.876373 0.972734 0.994461 0.998895
 0.584817 0.876373 0.972734 0.994461 0.998895
 0.584817 0.876373 0.972734 0.994461 0.998895
 0.584817 0.876373 0.972734 0.994461 0.998895
 0.584817 0.876373 0.972734 0.994461 0.998895
 0.584817 0.876373 0.972734 0.994461 0.998895
 0.584817 0.876373 0.972734 0.994461 0.998895
 0.584817 0.876373 0.972734 0.994461 0.998895
Scru_pelaces
 0.922465 1 1 1 1
 0.922465 1 1 1 1
 0.922465 1 1 1 1
 0.922465 1 1 1 1
 0.922465 1 1 1 1
 0.922465 1 1 1 1
 0.922465 1 1 1 1
 0.922465 1 1 1 1
 0.922465 1 1 1 1
 0.922465 1 1 1 1
 0.922465 1 1 1 1
 0.922465 1 1 1 1
 0.922465 1 1 1 1
 0.922465 1 1 1 1
 0.922465 1 1 1 1
 0.922465 1 1 1 1
 0.922465 1 1 1 1
 0.922465 1 1 1 1
 0.922465 1 1 1 1
 0.922465 1 1 1 1
 0.922465 1 1 1 1
 0.922465 1 1 1 1
 0.922465 1 1 1 1
 0.922465 1 1 1 1
 0.922465 1 1 1 1
 0.922465 1 1 1 1
 0.922465 1 1 1 1
pf_obs 
 0.256992 0.487395 0.22802 0.0275931 0
 0.321318 0.546541 0.124235 0.00734118 0.000564706
 0.182869 0.594174 0.210203 0.0122559 0.00049798
 0.330522 0.361315 0.267642 0.0388342 0.00168674
 0.649043 0.306663 0.0425973 0.00169635 0
 0.582887 0.30429 0.105238 0.00758474 0
 0.465427 0.430635 0.0974691 0.00646863 0
 0.296916 0.608066 0.0921331 0.00288517 0
 0.311714 0.524322 0.152257 0.0117073 0
 0.15457 0.633149 0.183074 0.0267441 0.00246327
 0.131901 0.49318 0.331252 0.0422183 0.00144891
 0.196976 0.569456 0.194076 0.0375587 0.00193317
 0.518974 0.381816 0.0799577 0.0180837 0.00116848
 0.0928022 0.601141 0.25162 0.0475244 0.00691264
 0.122501 0.610282 0.24278 0.0234846 0.000952079
 0.383417 0.481906 0.127806 0.00687128 0
 0.0376549 0.599619 0.316969 0.0457579 0
 0.0361596 0.667082 0.258105 0.0386534 0
 0.158088 0.579412 0.248529 0.0139706 0
 0.0477256 0.309471 0.559284 0.082774 0.000745712
 0.0406174 0.521527 0.379366 0.0568643 0.0016247
 0.151134 0.462217 0.34131 0.0453401 0
 0.294876 0.26143 0.354403 0.0886775 0.000613685
 0.281977 0.475581 0.204845 0.0348837 0.00271318
 0.0841818 0.532909 0.334909 0.0458182 0.00218182
 0.115287 0.27431 0.454777 0.147771 0.00785563
 0 0 0 0 0
pf_pred 
 0.307861 0.472808 0.195959 0.0233577 1.42137e-05
 0.279164 0.571602 0.117665 0.0283176 0.00325139
 0.151752 0.646771 0.174698 0.0212754 0.00550276
 0.253223 0.471734 0.236826 0.0333426 0.00487422
 0.270517 0.490858 0.171834 0.0577245 0.00906594
 0.144084 0.582573 0.204391 0.0499792 0.0189733
 0.251421 0.398687 0.269672 0.0604487 0.0197709
 0.194807 0.561966 0.154175 0.0690718 0.0199804
 0.242472 0.485777 0.214655 0.0366261 0.0204695
 0.229213 0.547291 0.166737 0.0451557 0.0116042
 0.131899 0.592339 0.219325 0.042435 0.014002
 0.140082 0.492392 0.290365 0.0618571 0.0153039
 0.236011 0.463413 0.209718 0.0723452 0.0185131
 0.220218 0.62806 0.114654 0.0262462 0.0108224
 0.29527 0.61265 0.0851504 0.00533851 0.00159089
 0.32056 0.61696 0.0596864 0.00260011 0.000193592
 0.202684 0.646723 0.142886 0.00737598 0.000330052
 0.239671 0.509022 0.22143 0.028403 0.00147443
 0.217839 0.547406 0.179961 0.0484663 0.0063269
 0.271646 0.479254 0.195943 0.0410411 0.012116
 0.238441 0.54656 0.161794 0.0421265 0.0110777
 0.211907 0.512813 0.217844 0.0435047 0.0139318
 0.255581 0.467822 0.203974 0.0577971 0.0148262
 0.250241 0.51807 0.1671 0.0479832 0.0166055
 0.0954908 0.611972 0.226228 0.0481988 0.0181108
 0.154668 0.331398 0.389857 0.0965398 0.027538
 0.198427 0.446948 0.174329 0.13765 0.0426458
pobs_RECLAS
 0 0 0 0 0
 0 0 0 0 0
 0 0 0 0 0
 0 0 0 0 0
 0.835266 0.146461 0.0176864 0.000547809 3.91292e-05
 0.385257 0.428462 0.181853 0.0044286 0
 0.867414 0.0963971 0.0333333 0.00285562 0
 0.441836 0.489002 0.0689373 0.000224442 0
 0.779404 0.147425 0.0564933 0.0165055 0.000172143
 0.814271 0.122319 0.05973 0.00367925 0
 0.40263 0.566651 0.0304383 0.000280538 0
 0.475488 0.404961 0.113038 0.00651328 0
 0.955842 0.0263864 0.0167828 0.000988607 0
 0.975058 0.0227948 0.00214734 0 0
 0.738997 0.206755 0.0527124 0.00153531 0
 0.850938 0.134255 0.0134407 0.00136685 0
 0.542534 0.407297 0.0501686 0 0
 0.764087 0.199537 0.0359546 0.000420521 0
 0.470689 0.182191 0.310203 0.0369168 0
 0.84361 0.089868 0.0606195 0.00523954 0.000663233
 0.607945 0.314616 0.071237 0.00620181 0
 0.523733 0.453247 0.0230204 0 0
 0.530135 0.295979 0.169645 0.0042399 0
 0.562478 0.366248 0.0663022 0.0049721 0
 0.250443 0.683176 0.0655157 0.000865301 0
 0.195077 0.31981 0.436473 0.0351445 0.0134964
 0.565238 0.351407 0.0832357 0.000118908 0
ppred_RECLAS
 0.699993 0.223368 0.0685074 0.00812675 4.96021e-06
 0.661432 0.283511 0.0434473 0.0104115 0.00119907
 0.490414 0.416803 0.0805284 0.00973111 0.00252408
 0.632122 0.254658 0.0975125 0.0136987 0.00200888
 0.647333 0.25682 0.0690428 0.0231559 0.00364835
 0.460638 0.398122 0.105665 0.0257635 0.00981096
 0.636316 0.217954 0.112357 0.0251287 0.00824473
 0.551955 0.338036 0.0697993 0.0311668 0.00904353
 0.62474 0.264413 0.0876047 0.0148931 0.00834906
 0.599569 0.305971 0.070511 0.0190405 0.00490834
 0.444496 0.413514 0.113029 0.0217595 0.0072014
 0.467482 0.342758 0.150044 0.0318198 0.0078963
 0.637591 0.248138 0.0799135 0.0273417 0.0070165
 0.648096 0.306737 0.0343013 0.00768806 0.00317685
 0.737637 0.241131 0.0196699 0.00120309 0.000359216
 0.70599 0.273984 0.0191368 0.000827873 6.18184e-05
 0.562839 0.372942 0.0609479 0.00313101 0.000140525
 0.618433 0.278331 0.0909984 0.0116322 0.000605707
 0.584416 0.313844 0.0780397 0.0209563 0.00274421
 0.655906 0.247074 0.0763535 0.0159452 0.00472194
 0.607402 0.301892 0.0682829 0.0177426 0.00468039
 0.575521 0.301194 0.0975908 0.0194468 0.00624724
 0.636136 0.250985 0.0832802 0.0235418 0.00605796
 0.625597 0.279335 0.0685946 0.019651 0.00682202
 0.34567 0.479468 0.135266 0.0287572 0.0108397
 0.49666 0.230498 0.20704 0.0511615 0.01464
 0.562479 0.272928 0.0809804 0.063788 0.0198245
pobs_PELACES
 0 0 0 0 0
 0 0 0 0 0
 0 0 0 0 0
 0 0 0 0 0
 0 0 0 0 0
 0 0 0 0 0
 0 0 0 0 0
 0 0 0 0 0
 0 0 0 0 0
 0 0 0 0 0
 0.450072 0.473896 0.0757376 0.000293798 0
 0 0 0 0 0
 0.463077 0.371075 0.160297 0.00555027 0
 0.529543 0.364841 0.0842815 0.0213345 0
 0.631943 0.363953 0.00410389 0 0
 0.735681 0.248677 0.0153453 0.000297389 0
 0.695825 0.281241 0.0229344 0 0
 0.275771 0.60734 0.115278 0.00161068 0
 0 0 0 0 0
 0.896147 0.0623911 0.0374545 0.00400742 0
 0.803859 0.145111 0.0509908 3.86294e-05 0
 0.739449 0.233085 0.0266225 0.000797448 4.60066e-05
 0.878498 0.100942 0.0204185 0.000141795 0
 0.694673 0.275183 0.0284847 0.00165964 0
 0.469039 0.446079 0.0841089 0.000773354 0
 0.822795 0.102175 0.0682046 0.00682512 0
 0 0 0 0 0
ppred_PELACES
 0.80468 0.152785 0.038141 0.00439083 2.66694e-06
 0.768139 0.200083 0.0252323 0.00587287 0.000673109
 0.651065 0.297921 0.0444781 0.00519493 0.00134063
 0.724983 0.198381 0.0662332 0.00907807 0.00132519
 0.725661 0.205939 0.0495893 0.0162608 0.00255055
 0.578071 0.324526 0.0733758 0.0174237 0.00660408
 0.732392 0.169575 0.0760294 0.016587 0.00541723
 0.669351 0.26013 0.0452063 0.0196402 0.00567199
 0.73731 0.194906 0.0539027 0.00891038 0.00497137
 0.705299 0.23368 0.0458646 0.0120616 0.00309476
 0.587925 0.322805 0.0715152 0.0133563 0.00439878
 0.609894 0.268979 0.0963818 0.0198444 0.0049007
 0.781787 0.161674 0.0399601 0.0132075 0.00337203
 0.830539 0.154678 0.0113561 0.00242911 0.000997973
 0.887738 0.106358 0.0054895 0.000319517 9.48363e-05
 0.815347 0.174673 0.00955072 0.000399749 2.96998e-05
 0.690262 0.271739 0.0361182 0.00180053 8.04176e-05
 0.728903 0.206916 0.0567577 0.00705753 0.000365756
 0.692452 0.241341 0.0511013 0.0133638 0.00174181
 0.754964 0.183977 0.0483326 0.00982847 0.00289693
 0.698852 0.238643 0.047344 0.012008 0.00315323
 0.674898 0.239925 0.0677843 0.0131786 0.00421423
 0.731685 0.193479 0.0555884 0.0153231 0.00392491
 0.720551 0.216138 0.0460135 0.0128554 0.00444235
 0.445441 0.42116 0.103789 0.0215314 0.00807896
 0.60823 0.193039 0.15172 0.0365889 0.0104223
 0.670508 0.217537 0.0558199 0.0428718 0.0132626
pobs_pel_tallas
 0 0 0 0 0 0 0 0 0 0 0 0 0 0 0 0 0 0 0 0 0 0 0 0 0 0 0 0 0 0 0 0 0 0 0 0
 0 0 0 0 0 0 0 0 0 0 0 0 0 0 0 0 0 0 0 0 0 0 0 0 0 0 0 0 0 0 0 0 0 0 0 0
 0 0 0 0 0 0 0 0 0 0 0 0 0 0 0 0 0 0 0 0 0 0 0 0 0 0 0 0 0 0 0 0 0 0 0 0
 0 0 0 0 0 0 0 0 0 0 0 0 0 0 0 0 0 0 0 0 0 0 0 0 0 0 0 0 0 0 0 0 0 0 0 0
 0 0 0 0 0 0 0 0 0 0 0 0 0 0 0 0 0 0 0 0 0 0 0 0 0 0 0 0 0 0 0 0 0 0 0 0
 0 0 0 0 0 0 0 0 0 0 0 0 0 0 0 0 0 0 0 0 0 0 0 0 0 0 0 0 0 0 0 0 0 0 0 0
 0 0 0 0 0 0 0 0 0 0 0 0 0 0 0 0 0 0 0 0 0 0 0 0 0 0 0 0 0 0 0 0 0 0 0 0
 0 0 0 0 0 0 0 0 0 0 0 0 0 0 0 0 0 0 0 0 0 0 0 0 0 0 0 0 0 0 0 0 0 0 0 0
 0 0 0 0 0 0 0 0 0 0 0 0 0 0 0 0 0 0 0 0 0 0 0 0 0 0 0 0 0 0 0 0 0 0 0 0
 0 0 0 0 0 0 0 0 0 0 0 0 0 0 0 0 0 0 0 0 0 0 0 0 0 0 0 0 0 0 0 0 0 0 0 0
 0 0 0 0 0 0 0 0 1.78061e-05 0.00172719 0.00360574 0.0105946 0.0120993 0.0124554 0.0147524 0.0171206 0.0266825 0.0428682 0.0675386 0.121331 0.153587 0.119568 0.100827 0.0573624 0.0630603 0.0341343 0.0324427 0.0444173 0.0211091 0.0280891 0.0125444 0.00206551 0 0 0 0
 0 0 0 0 0 0 0 0 0 0 0 0 0 0 0 0 0 0 0 0 0 0 0 0 0 0 0 0 0 0 0 0 0 0 0 0
 0 0 0 0 0 0 0.0133647 0.0140871 0.0187388 0.0205184 0.03894 0.0496705 0.03968 0.0493445 0.0407372 0.0367815 0.0215668 0.0243155 0.0234873 0.0199281 0.019796 0.0243948 0.0301388 0.0376714 0.0412746 0.0863199 0.0771752 0.113111 0.0741005 0.0525337 0.0229764 0.00759418 0.00175318 0 0 0
 0 0 0 0 0 0 0 0 0 0 0.00219441 0.00772107 0.0458388 0.0604681 0.0671733 0.0775358 0.0609151 0.0617685 0.073594 0.0568108 0.0755445 0.0548602 0.0670107 0.0636378 0.0643287 0.046367 0.0373049 0.0286899 0.0247887 0.0153202 0.00654259 0.00121912 0.000365735 0 0 0
 0 0 0 0 0 0 0 0 0 0 0 0 0.000112435 0.00938835 0.0111873 0.0202946 0.0414886 0.0713402 0.111592 0.104902 0.108894 0.110636 0.117776 0.105296 0.107544 0.0401394 0.0192827 0.0124803 0.00416011 0.0028671 0.000618394 0 0 0 0 0
 0 0 0 0 0 0 0 0 0 0 0.00291406 0.0102884 0.027416 0.0768956 0.0749926 0.110853 0.0956884 0.0897413 0.0766577 0.0534642 0.0500743 0.0551293 0.0594112 0.0620874 0.0668451 0.0424026 0.0208742 0.0120726 0.0048766 0.00582813 0.00118941 0.000297354 0 0 0 0
 0 0.00264628 0.0354308 0.0461629 0.0458689 0.0383711 0.0214643 0.0164657 0.0346957 0.0420465 0.0363128 0.0245516 0.0311673 0.0291091 0.0169068 0.0133784 0.00837989 0.0085269 0.0148486 0.0160247 0.0276389 0.0546898 0.0760071 0.122758 0.109233 0.0665981 0.0333725 0.0166128 0.00676272 0.00308733 0.000882094 0 0 0 0 0
 0 0 0 0 0 0 0 0.000805153 0.000690131 0.00759144 0.0133425 0.0154129 0.00931677 0.000345066 0.00356568 0.00563607 0.00851162 0.0253048 0.0502646 0.0516448 0.0657925 0.0565908 0.0611916 0.0827007 0.0866115 0.110766 0.145733 0.0935128 0.0569358 0.0249597 0.0138026 0.00621118 0.00161031 0.00115022 0 0
 0 0 0 0 0 0 0 0 0 0 0 0 0 0 0 0 0 0 0 0 0 0 0 0 0 0 0 0 0 0 0 0 0 0 0 0
 0.00147267 0.00158595 0.00478618 0.00569244 0.00954404 0.0108468 0.00647125 0.017049 0.0510054 0.094081 0.124002 0.0959785 0.0687766 0.0820023 0.061753 0.0591476 0.0492212 0.0479892 0.0443925 0.0268479 0.0217502 0.0140895 0.0121071 0.0120363 0.00920419 0.00665534 0.0049561 0.00860946 0.00930331 0.0156896 0.0114698 0.00855282 0.00243557 0.00046729 0 2.83206e-05
 0 0 0 0 0.000772559 0.00158375 0.000888443 0.00281984 0.00712685 0.0440552 0.0773331 0.111326 0.0921469 0.0852325 0.0710754 0.0886704 0.0786465 0.0553345 0.0373146 0.0185414 0.00753245 0.00457741 0.012979 0.0271748 0.0457355 0.0583668 0.034881 0.0177882 0.00938659 0.00492506 0.0015258 0.00185414 0.000309023 5.79419e-05 3.86279e-05 0
 0 0.00173294 0.00326652 0 0.00397197 0.00683976 0.00946217 0.0152591 0.00757587 0.0136028 0.0228656 0.0392903 0.0559909 0.0764795 0.0681675 0.0726916 0.0566044 0.0477403 0.0527397 0.0444891 0.0609904 0.0582453 0.0661739 0.0445044 0.0529084 0.0360697 0.0280645 0.0235558 0.0158879 0.00826598 0.00280645 0.00217768 0.000904811 0.00058276 9.20147e-05 0
 0 0 0 0 0 0 0 0 0 0 0 0 0 0 0 0 0 0 0 0 0 0 0 0 0 0 0 0 0 0 0 0 0 0 0 0
 0 0 0 0 0 0 0 0 0 0 0 0 0 0 0 0 0 0 0 0 0 0 0 0 0 0 0 0 0 0 0 0 0 0 0 0
 0 0 0 0 0 0 0 0 0 0 0 0 0 0 0 0 0 0 0 0 0 0 0 0 0 0 0 0 0 0 0 0 0 0 0 0
 0 0 0 0 0 0 0 0 0 0 0 0 0 0 0 0 0 0 0 0 0 0 0 0 0 0 0 0 0 0 0 0 0 0 0 0
 0 0 0 0 0 0 0 0 0 0 0 0 0 0 0 0 0 0 0 0 0 0 0 0 0 0 0 0 0 0 0 0 0 0 0 0
ppred_pel_tallas
 1.00743e-16 3.51068e-05 0.000206055 0.000979503 0.00377116 0.01176 0.0297049 0.0607799 0.100748 0.135299 0.147224 0.129842 0.0929016 0.0541298 0.0261047 0.0112165 0.00561662 0.00477922 0.00593038 0.00785352 0.0100563 0.0122501 0.0141756 0.0155951 0.0163336 0.0163168 0.015586 0.0142818 0.0126057 0.0107703 0.00895766 0.00729389 0.0058446 0.00462566 0.00362153 0.0028029
 1.00657e-16 3.35152e-05 0.000196707 0.000935053 0.0036 0.0112263 0.0283567 0.0580218 0.0961781 0.129166 0.140563 0.123997 0.0887848 0.0518621 0.0252558 0.0112698 0.00625183 0.0058946 0.00754723 0.0100217 0.0127946 0.0155141 0.0178454 0.0194822 0.0202048 0.0199307 0.0187334 0.0168191 0.0144719 0.0119871 0.00961216 0.00751261 0.00576567 0.00437602 0.00330255 0.00248496
 1.0097e-16 2.84143e-05 0.000166751 0.000792618 0.00305156 0.00951594 0.0240367 0.0491834 0.0815314 0.109508 0.119201 0.105227 0.0755056 0.0444302 0.0222434 0.010956 0.00752921 0.00835255 0.0111824 0.01496 0.0191254 0.0232065 0.0267142 0.0291921 0.0303107 0.0299439 0.0281967 0.0253716 0.0218886 0.0181848 0.0146286 0.0114683 0.00882247 0.00670284 0.00505329 0.00378859
 1.01379e-16 3.16335e-05 0.000185659 0.000882531 0.00339778 0.0105956 0.0267638 0.0547625 0.0907759 0.121913 0.132673 0.117046 0.0838258 0.0490034 0.023936 0.0108067 0.00617889 0.00599843 0.00777342 0.0103894 0.0133539 0.0163291 0.0189858 0.0210146 0.0221817 0.02238 0.0216482 0.0201515 0.0181339 0.0158563 0.0135447 0.0113589 0.00938739 0.00766048 0.00617248 0.00490219
 1.0145e-16 3.16633e-05 0.000185834 0.000883359 0.00340097 0.0106056 0.0267889 0.054814 0.0908614 0.122028 0.1328 0.117161 0.0839154 0.04907 0.0239946 0.0108765 0.00627701 0.00613823 0.00796332 0.010631 0.0136393 0.0166391 0.0192903 0.0212754 0.0223592 0.0224408 0.0215727 0.0199392 0.0178042 0.0154457 0.0130994 0.0109265 0.0090089 0.00736439 0.00597217 0.00479653
 1.02055e-16 2.52325e-05 0.000148068 0.000703794 0.00270955 0.00844941 0.0213428 0.0436717 0.0723965 0.0972441 0.105867 0.0934929 0.0671662 0.0396848 0.0201685 0.0104332 0.00781233 0.00912524 0.0123894 0.0166492 0.0213624 0.0260358 0.0301432 0.0331862 0.0347966 0.0348193 0.0333436 0.0306677 0.027216 0.0234344 0.0197007 0.0162727 0.0132796 0.0107465 0.00863479 0.00688055
 1.01958e-16 3.19554e-05 0.000187552 0.000891534 0.00343245 0.0107038 0.0270369 0.0553211 0.091701 0.123152 0.134015 0.118214 0.0846267 0.0494002 0.0239972 0.0106113 0.00576018 0.00534271 0.00684577 0.00916173 0.0118267 0.0145462 0.0170398 0.019041 0.0203433 0.020841 0.0205477 0.0195805 0.0181221 0.0163722 0.0145055 0.0126488 0.0108779 0.00922809 0.00771202 0.00633395
 1.01667e-16 2.92101e-05 0.000171426 0.000814854 0.00313719 0.00978298 0.0247112 0.0505632 0.0838172 0.112574 0.122528 0.108138 0.0775396 0.0455163 0.0225821 0.0107855 0.00698463 0.00745662 0.00989837 0.0132454 0.0169698 0.0206539 0.0238727 0.0262289 0.0274324 0.0273662 0.0261102 0.0239125 0.0211204 0.0180959 0.0151426 0.0124636 0.0101551 0.00822781 0.00664028 0.0053319
 1.01368e-16 3.21708e-05 0.000188814 0.000897531 0.00345553 0.0107758 0.0272187 0.0556934 0.0923187 0.123984 0.134925 0.119028 0.085235 0.0498064 0.024289 0.010899 0.00613661 0.00587479 0.00757674 0.0101094 0.012976 0.0158411 0.0183814 0.0202947 0.0213564 0.0214674 0.0206738 0.0191466 0.0171327 0.0148936 0.0126527 0.0105647 0.00871048 0.00711126 0.00575169 0.00460161
 1.01287e-16 3.07766e-05 0.000180625 0.000858592 0.0033056 0.0103082 0.0260377 0.0532772 0.0883149 0.118611 0.129089 0.113906 0.0816243 0.0478118 0.0235312 0.0109223 0.00665652 0.00679824 0.00891912 0.0119131 0.0152593 0.0185709 0.0214629 0.0235762 0.0246481 0.0245715 0.0234166 0.0214055 0.018851 0.0160806 0.0133709 0.0109094 0.00878802 0.00702113 0.00557517 0.00439731
 1.01785e-16 2.56622e-05 0.000150591 0.000715787 0.00275573 0.0085934 0.0217065 0.0444158 0.0736298 0.0989001 0.107668 0.0950788 0.0682957 0.0403322 0.0204607 0.0105239 0.00780592 0.00906855 0.0122938 0.0165112 0.0211738 0.0257882 0.0298296 0.0328015 0.0343381 0.034287 0.03274 0.0299985 0.0264898 0.0226633 0.0189004 0.0154618 0.0124786 0.00997624 0.00791455 0.00622631
 1.02367e-16 2.6618e-05 0.000156207 0.000742498 0.00285859 0.00891419 0.0225167 0.0460732 0.0763755 0.102582 0.111662 0.0985705 0.0707271 0.0416143 0.020828 0.0102541 0.00705143 0.00784733 0.0105554 0.0142052 0.0182981 0.0224186 0.0261298 0.0290132 0.03075 0.0311891 0.0303743 0.0285184 0.0259388 0.0229767 0.0199272 0.0169996 0.0143107 0.0119037 0.0097774 0.00791314
 1.01232e-16 3.41088e-05 0.000200195 0.000951645 0.0036639 0.0114255 0.02886 0.0590512 0.0978833 0.131453 0.143042 0.126162 0.0902862 0.0526416 0.0254541 0.0110524 0.00570466 0.00501922 0.00630348 0.00837249 0.0107387 0.0131064 0.0152049 0.0167844 0.01766 0.0177516 0.0170992 0.0158457 0.0141964 0.0123671 0.0105413 0.00884413 0.00733909 0.00604023 0.00493202 0.00398784
 1.00342e-16 3.62343e-05 0.000212674 0.00101097 0.00389233 0.0121379 0.0306593 0.0627328 0.103985 0.139646 0.151952 0.134008 0.0958742 0.055845 0.0268996 0.0115007 0.00567079 0.00473214 0.00581531 0.00765891 0.00975114 0.0117935 0.0135222 0.0147008 0.0151625 0.014849 0.0138243 0.0122558 0.0103716 0.00840686 0.0065575 0.00495277 0.00365028 0.0026485 0.00190841 0.00137517
 1.00129e-16 3.87265e-05 0.00022731 0.00108056 0.00416029 0.0129735 0.03277 0.067051 0.111141 0.14925 0.162389 0.143179 0.102362 0.059475 0.0283698 0.0116516 0.00504308 0.00352646 0.00403358 0.00524046 0.00665376 0.00803433 0.00919426 0.00997017 0.0102482 0.00998982 0.00924156 0.00812166 0.00679028 0.00541223 0.00412469 0.00301796 0.00213185 0.00146423 0.00098614 0.000657034
 1.00208e-16 3.55727e-05 0.000208788 0.000992495 0.00382118 0.011916 0.0300989 0.0615861 0.102085 0.137096 0.149183 0.131579 0.0941637 0.0549041 0.0265502 0.0115289 0.00594463 0.00521095 0.00650974 0.0085915 0.0109311 0.0132031 0.0151113 0.0163888 0.0168488 0.0164277 0.0152016 0.0133643 0.0111786 0.00891483 0.00679839 0.00497775 0.00351856 0.00241775 0.00162819 0.00108369
 1.00667e-16 3.01224e-05 0.000176781 0.000840309 0.00323519 0.0100886 0.0254831 0.0521428 0.0864357 0.116091 0.126356 0.111517 0.0799631 0.0469401 0.0232901 0.0111245 0.00720126 0.00767744 0.0101719 0.0135782 0.0173411 0.0210182 0.0241607 0.0263522 0.0272937 0.0268735 0.0251924 0.0225324 0.0192831 0.0158496 0.0125729 0.00968238 0.0072868 0.0053948 0.00395108 0.00287225
 1.01133e-16 3.18047e-05 0.000186664 0.000887305 0.00341616 0.010653 0.0269086 0.0550588 0.0912673 0.122573 0.133393 0.117684 0.0842906 0.0492899 0.0241031 0.0109273 0.00630854 0.00617083 0.00800594 0.0106871 0.0137092 0.01672 0.0193759 0.0213553 0.0224194 0.0224643 0.0215412 0.0198355 0.0176143 0.0151612 0.0127194 0.0104584 0.00846817 0.00677311 0.00535666 0.00418428
 1.01345e-16 3.02167e-05 0.000177337 0.00084296 0.00324541 0.0101205 0.0255636 0.0523071 0.0867073 0.116453 0.126743 0.111843 0.0801619 0.0469867 0.0231838 0.0108601 0.00675327 0.00700403 0.0092295 0.01234 0.0158141 0.0192568 0.022271 0.0244851 0.0256265 0.025582 0.0244213 0.0223705 0.0197496 0.0168948 0.0140905 0.0115308 0.00931246 0.00745308 0.0059215 0.00466665
 1.0122e-16 3.29402e-05 0.000193332 0.000919012 0.00353825 0.0110337 0.0278702 0.0570263 0.0945277 0.126949 0.138148 0.121862 0.0872441 0.0509394 0.024765 0.0109824 0.00600053 0.00558777 0.00714507 0.00951737 0.0122089 0.0148964 0.0172734 0.0190547 0.0200291 0.0201045 0.0193262 0.017858 0.015935 0.0138061 0.0116835 0.0097137 0.00797282 0.00647972 0.00521824 0.00415798
 1.0131e-16 3.04956e-05 0.000178975 0.000850748 0.00327539 0.010214 0.0257998 0.0527904 0.0875082 0.117528 0.127912 0.112871 0.0808923 0.0474012 0.0233629 0.0109011 0.00672079 0.00692465 0.00910689 0.0121689 0.0155882 0.0189721 0.0219278 0.0240883 0.0251855 0.0251095 0.0239318 0.0218789 0.0192701 0.0164398 0.0136705 0.0111537 0.00898384 0.00717578 0.00569568 0.00448989
 1.01691e-16 2.94512e-05 0.000172843 0.000821596 0.00316315 0.00986395 0.0249156 0.0509814 0.0845099 0.113502 0.123534 0.109015 0.0781435 0.0458214 0.0226425 0.0106642 0.00671179 0.00702863 0.00929664 0.0124564 0.0160001 0.0195394 0.0226808 0.0250528 0.0263781 0.0265338 0.025575 0.0237104 0.0212422 0.0184911 0.0157312 0.0131529 0.0108565 0.00886956 0.00717491 0.00573744
 1.01563e-16 3.19255e-05 0.000187374 0.000890685 0.00342917 0.0106936 0.0270111 0.0552685 0.0916144 0.123038 0.133896 0.11812 0.0845861 0.049429 0.0241085 0.0108243 0.00610438 0.00585405 0.00755729 0.0100913 0.0129646 0.0158458 0.018415 0.0203726 0.0214944 0.0216799 0.0209709 0.019532 0.0176025 0.0154359 0.013249 0.0111918 0.00934306 0.00772471 0.00632458 0.00511752
 1.01373e-16 3.14409e-05 0.000184527 0.000877145 0.00337703 0.010531 0.0266004 0.0544284 0.0902225 0.121171 0.13187 0.116347 0.0833459 0.0487644 0.0238962 0.0109177 0.00641869 0.00637234 0.00829818 0.0110765 0.0141968 0.0172954 0.0200157 0.0220251 0.0230796 0.0230773 0.0220793 0.0202863 0.0179824 0.0154654 0.0129871 0.0107184 0.00874395 0.00707836 0.00569378 0.00454568
 1.02728e-16 1.94532e-05 0.00011413 0.000542426 0.00208821 0.00651175 0.0164485 0.0336584 0.0558024 0.0749705 0.0816606 0.0722155 0.052098 0.0312197 0.0166755 0.00994397 0.00904979 0.0115998 0.0160758 0.0216784 0.0278403 0.0339545 0.0393441 0.0433613 0.0455252 0.0456297 0.043784 0.0403688 0.0359282 0.0310364 0.0261815 0.0216989 0.0177596 0.0144023 0.0115838 0.00922826
 1.03961e-16 2.65424e-05 0.00015577 0.000740437 0.00285068 0.00888954 0.0224543 0.045945 0.076161 0.102288 0.111326 0.0982364 0.0704056 0.0412615 0.0203503 0.00952732 0.00593755 0.00620965 0.00828007 0.0112324 0.0146581 0.0182603 0.0217306 0.0247587 0.0270847 0.0285454 0.0290967 0.0288021 0.0277982 0.0262498 0.0243125 0.0221133 0.0197495 0.0172994 0.0148345 0.0124275
 1.02957e-16 2.92588e-05 0.000171716 0.000816242 0.00314254 0.0097997 0.0247533 0.0506491 0.0839585 0.11276 0.122721 0.108286 0.0775972 0.0454523 0.0223698 0.0103857 0.00633873 0.00649331 0.00855002 0.0114702 0.0147747 0.0181132 0.0211354 0.0235101 0.0249882 0.0254555 0.0249527 0.0236526 0.0218057 0.019675 0.0174791 0.0153635 0.0133978 0.0115956 0.00994123 0.00841451
pSPR Fmed_Fpbrs
0.519878   0.6 0.325
Fs Fmed_Fpbrs
0.64   0.454211 1.56387
SSBpbr Bo_Bmed_Bpbrs
916369  430581  504003 252002
Ro
37049.1
SPR SPRFo_SPRFmed_SPRFpbrs
765221 397821 248697
log_Ro
10.34
likeval ReclasPelacesDesembMPH_pf_preclas_ppelaces_ptallas_desvR_qrecl_qpela
 64.0998 15.8195 0.00892815 0.000665123 329.781 209.571 55.2714 0 16.7936 2.27376e-06 6.23207e-05 1.20152e-14 0 0 0
q_reclas_q_pelaces
0.80761 3.07446
M
0.7
N
 36932.6 10573.7 3407.68 400.169 0.243319
 44490.7 16572 2624.65 621.819 71.337
 22747.6 20183 4433.14 533.569 137.919
 32765.8 9691.01 3513.31 484.638 70.7704
 58478.3 15747.6 3848.04 1263.25 198.156
 42521.4 28870.7 7514.49 1804.03 684.184
 78828.1 19967.9 9782.68 2149.01 702.12
 75820.1 37791.2 7794.44 3431.77 991.793
 99698.3 35176.4 11787.6 1977.87 1104.4
 114350 45875.6 10371.6 2757.73 707.996
 63530.6 53685 15518.5 2958.9 975.572
 43867.1 28386.6 12946.4 2716.09 671.434
 47760.3 19794.7 7322.84 2497.46 638.713
 25434.1 20208.7 3288.66 748.4 308.501
 15066.7 9208.58 1156.08 72.1079 21.4825
 13477.4 5257.49 409.344 17.6109 1.31037
 9761.92 5816.61 1000.03 50.8608 2.27407
 11840.6 4376.86 1436.17 181.087 9.39187
 12964.2 5476.22 1336.26 353.334 46.08
 20438.2 6085.33 1850.11 380.521 112.227
 26706.7 9577.57 2032.56 518.235 136.124
 33610.2 12912 3960.71 774.986 247.908
 54651.4 16154.2 5128.54 1424.72 365.086
 78256.4 26084.6 6117.26 1721.97 595.292
 36921.7 37396.8 9960.75 2078.93 780.306
 52717.5 17777.8 15037.7 3647.31 1039.25
 69695 25426.2 7231.62 5598.82 1732.77
pred_Ctot
 2575.75 3955.79 1639.51 195.425 0.11892
 2781.26 5694.77 1172.28 282.124 32.393
 2345.19 9995.25 2699.8 328.792 85.0401
 759.415 1414.72 710.24 99.9942 14.6177
 244.42 443.504 155.257 52.1557 8.19133
 1667.33 6741.49 2365.19 578.355 219.557
 1964.41 3115.03 2107.01 472.299 154.474
 3598.1 10379.5 2847.61 1275.76 369.039
 5284.79 10587.8 4678.52 798.284 446.143
 4503.06 10751.9 3275.66 887.115 227.973
 4606.88 20688.8 7660.44 1482.14 489.052
 2896.56 10181.5 6004.07 1279.06 316.448
 5127.99 10068.9 4556.69 1571.9 402.247
 5046 14391.2 2627.14 601.396 247.981
 3287.34 6820.83 948.007 59.4354 17.7118
 1279.07 2461.74 238.156 10.3747 0.772456
 685.802 2188.25 483.47 24.9573 1.11676
 586.988 1246.67 542.313 69.563 3.6111
 512.182 1287.06 423.124 113.954 14.8758
 830.774 1465.7 599.252 125.516 37.0542
 507.841 1164.08 344.596 89.7226 23.5936
 777.975 1882.69 799.77 159.719 51.1477
 1530.63 2801.71 1221.57 346.138 88.7915
 2125.19 4399.74 1419.1 407.5 141.023
 808.128 5179.05 1914.54 407.901 153.27
 1091.59 2338.89 2751.48 681.346 194.354
 2011.18 4530.1 1766.93 1395.17 432.241
F
 0.10138 0.693426 1.00114 1.02508 1.02637
 0.0904411 0.618606 0.893115 0.914473 0.915625
 0.15326 1.04828 1.51346 1.54965 1.55161
 0.0326957 0.223634 0.322873 0.330594 0.331011
 0.00582683 0.0398548 0.0575405 0.0589165 0.0589908
 0.0558805 0.382215 0.551825 0.565021 0.565733
 0.0351932 0.240717 0.347536 0.355847 0.356295
 0.0679882 0.465031 0.67139 0.687446 0.688312
 0.0762158 0.521306 0.752638 0.770637 0.771608
 0.0561264 0.383897 0.554253 0.567508 0.568223
 0.105603 0.722313 1.04284 1.06778 1.06913
 0.0957504 0.654921 0.945545 0.968157 0.969377
 0.160081 1.09493 1.58082 1.61862 1.62066
 0.315954 2.16108 3.12007 3.19469 3.19871
 0.352834 2.41334 3.48427 3.56759 3.57208
 0.140299 0.959624 1.38546 1.41859 1.42038
 0.102157 0.69874 1.00881 1.03293 1.03424
 0.0711204 0.486454 0.702321 0.719116 0.720022
 0.0563127 0.385172 0.556093 0.569392 0.570109
 0.0579812 0.396584 0.57257 0.586262 0.587001
 0.026755 0.183 0.264208 0.270526 0.270867
 0.0326526 0.223339 0.322447 0.330158 0.330574
 0.03963 0.271064 0.39135 0.400708 0.401213
 0.0384059 0.262691 0.379262 0.388332 0.388821
 0.0308516 0.211021 0.304663 0.311948 0.312341
 0.0291651 0.199485 0.288008 0.294895 0.295267
 0.0408542 0.279438 0.40344 0.413087 0.413608
Np
 26538.4 12600.4 12139 3044.48 995.503
YTP_r0W_actual
 18077.6 106223 59947.3 60428.1 20775.2
YTP_p0W_proyectada
 6883.57 138800 79150.2 25891.7 29296.3
 6883.57 52640.6 100628 32859.1 11935.7
CTP_r0_actual
 2204.58 4917.72 1909.15 1506.93 466.858
CTP_p0_proyectada
 839.46 6425.9 2520.71 645.678 658.344
 839.46 2437.06 3204.71 819.429 268.217
Wmedp
 8.2 21.6 31.4 40.1 44.5
nmprior
 10.8 10.6 4.6 0
nm_flota  nm_reclas  nm_pelaces    nm_pelaL
inf 21.4768 17.6185 55.5081
cv_recla  cv_pelaces  cv_mph
0.693361 0.4357 0.689266
 ------------------------------------------------
Talla a la edad & desviaci?n 
 7.2 14.2025 17.0495 18.207 18.6776
 1.08 2.13037 2.55742 2.73105 2.80164
