years
 1997 1998 1999 2000 2001 2002 2003 2004 2005 2006 2007 2008 2009 2010 2011 2012 2013 2014 2015 2016 2017 2018 2019 2020 2021 2022 2023
reclasobs
 0 0 0 370054 412103 1.49427e+06 250295 1.28982e+06 931140 785840 897777 1.04006e+06 184774 17550 25797 100020 73551 82996 120727 218422 84188 347160 605670 569463 516374 1.08416e+06 1.01767e+06
reclaspred
 7.69727e+06 1.39662e+06 1.64388e+06 256333 229366 349465 658060 653844 665656 853525 983961 725318 367244 141235 77198.4 80351.7 82079.5 109754 145783 146341 208953 241881 378085 480239 815292 710205 330104
pelacesobs
 0 0 0 0 0 0 0 0 0 2.06254e+06 1.5e+06 0 1.87456e+06 323000 250000 174000 83755 137374 0 501740 490994 745055 786931 1.00524e+06 1.33801e+06 1.41789e+06 0
pelacespred
 1.42115e+07 6.88934e+06 1.40287e+06 499369 687650 595659 2.06673e+06 1.8805e+06 1.69902e+06 2.46917e+06 2.17215e+06 1.60096e+06 916179 291376 164434 165362 172555 250632 318413 284260 558145 580822 666757 1.066e+06 1.67621e+06 1.39705e+06 471340
mphobs
 0 0 0 0 0 0 112323 0 153150 637223 0 255016 313432 73983 77613 109348 50772 17779 17303 59886 28197 0 207744 136588 643089 65757 70829
mphpred
 1.29011e+06 539283 213414 63961.5 41779.4 146684 159299 311966 268929 291117 420190 281402 172143 103925 48908.9 35844.6 31303.4 37001.4 49988.2 47067.1 57762.1 81913.1 93459.2 131693 233937 180595 136873
desembarqueobs
 350755 77701 442110 56441 14545 235359 269955 359681 431902 328805 639364 411747 362871 311530 167758 66681 60226 58785 57116 73181 50977 67692 138656 160484 209506 203330 245020
desembarquepred
 350744 77677.2 441478 56401.7 14541.6 235134 269842 359015 431284 328442 638058 410928 362034 310927 167207 66589.4 60179 58683.7 57023 73071.3 50952.4 67602.7 138499 160336 209269 202998 244677
Reclutas
 7606.39 10561.6 1250.47 3778.72 39233.7 12088.4 64846.9 55675.9 61094.4 114676 63695.8 48698.1 57952 28949.7 12138.7 9048.21 6867.93 8792.78 7616.6 8297.95 15392.5 16747.4 27306.4 47355.5 12284.3 31128 1283
log_desv_Rt
 -0.803256 -0.475017 -2.60872 -1.50286 0.837292 -0.339995 1.33979 1.1873 1.28017 1.90986 1.32187 1.0534 1.22737 0.533315 -0.335845 -0.629678 -0.905382 -0.658314 -0.801914 -0.716236 -0.0983647 -0.0140006 0.474877 1.02544 -0.32392 0.605861 -2.58304
SSB
 1.61554e+06 675314 267247 80095.5 52318 183685 199481 390658 336765 364550 526181 352385 215565 130139 61245.9 44886.2 39199.5 46334.8 62597.4 58939.6 72332.3 102575 117034 164912 292946 226149 171399
BT
 2.05969e+06 808099 385727 127186 241250 289777 1.02774e+06 919138 940689 1.10661e+06 1.12688e+06 793733 673173 388615 195386 102602 100216 124306 116645 127505 199383 173259 246334 410519 442837 454535 258044
Ftot
 0.173823 0.297521 1.37596 1.21002 0.36646 1.75695 1.88866 1.741 2.15061 1.46702 1.90245 1.84701 3.20059 4.95303 4.95303 2.32271 2.23735 1.80812 1.20873 1.64477 0.902093 0.934017 1.25687 1.20058 0.793587 1.17981 2.0083
BD_Bspro_t
 0.975754 0.824808 0.553361 0.170305 0.215644 0.534643 0.377428 0.477823 0.38874 0.369398 0.419931 0.269509 0.184285 0.131564 0.075088 0.0683454 0.0831525 0.135237 0.216018 0.248012 0.318085 0.461227 0.449532 0.461696 0.529194 0.389429 0.320936
BD_Bspro
 4.60553 1.92517 0.761861 0.228334 0.149147 0.523643 0.568676 1.11368 0.960042 1.03925 1.50002 1.00457 0.614526 0.370998 0.174598 0.127961 0.111749 0.13209 0.178451 0.168023 0.206203 0.292419 0.333637 0.470126 0.835122 0.644698 0.488619
BD_Bo
 2.88544 1.20615 0.477317 0.143055 0.0934427 0.328071 0.356284 0.697735 0.601481 0.651106 0.939787 0.629378 0.38501 0.232436 0.109388 0.0801692 0.0700125 0.0827565 0.111802 0.105269 0.129189 0.183205 0.209029 0.294541 0.523217 0.403913 0.306127
BD_Brms
 5.24625 2.193 0.86785 0.2601 0.169896 0.596492 0.64779 1.26861 1.0936 1.18383 1.7087 1.14432 0.700018 0.422611 0.198888 0.145762 0.127295 0.150466 0.203277 0.191399 0.23489 0.3331 0.380052 0.535529 0.951303 0.734388 0.556595
S_f
 0.0748865 0.815635 0.995881 0.999924 0.999999
 0.0748865 0.815635 0.995881 0.999924 0.999999
 0.0748865 0.815635 0.995881 0.999924 0.999999
 0.0748865 0.815635 0.995881 0.999924 0.999999
 0.0748865 0.815635 0.995881 0.999924 0.999999
 0.0748865 0.815635 0.995881 0.999924 0.999999
 0.0748865 0.815635 0.995881 0.999924 0.999999
 0.0748865 0.815635 0.995881 0.999924 0.999999
 0.0748865 0.815635 0.995881 0.999924 0.999999
 0.0748865 0.815635 0.995881 0.999924 0.999999
 0.0748865 0.815635 0.995881 0.999924 0.999999
 0.0748865 0.815635 0.995881 0.999924 0.999999
 0.0748865 0.815635 0.995881 0.999924 0.999999
 0.0748865 0.815635 0.995881 0.999924 0.999999
 0.0748865 0.815635 0.995881 0.999924 0.999999
 0.0748865 0.815635 0.995881 0.999924 0.999999
 0.0748865 0.815635 0.995881 0.999924 0.999999
 0.0748865 0.815635 0.995881 0.999924 0.999999
 0.0748865 0.815635 0.995881 0.999924 0.999999
 0.0748865 0.815635 0.995881 0.999924 0.999999
 0.0748865 0.815635 0.995881 0.999924 0.999999
 0.0748865 0.815635 0.995881 0.999924 0.999999
 0.0748865 0.815635 0.995881 0.999924 0.999999
 0.0748865 0.815635 0.995881 0.999924 0.999999
 0.0748865 0.815635 0.995881 0.999924 0.999999
 0.0748865 0.815635 0.995881 0.999924 0.999999
 0.0748865 0.815635 0.995881 0.999924 0.999999
Scru_reclas
 0.0813673 0.308323 0.691677 0.918633 0.982704
 0.0813673 0.308323 0.691677 0.918633 0.982704
 0.0813673 0.308323 0.691677 0.918633 0.982704
 0.0813673 0.308323 0.691677 0.918633 0.982704
 0.0813673 0.308323 0.691677 0.918633 0.982704
 0.0813673 0.308323 0.691677 0.918633 0.982704
 0.0813673 0.308323 0.691677 0.918633 0.982704
 0.0813673 0.308323 0.691677 0.918633 0.982704
 0.0813673 0.308323 0.691677 0.918633 0.982704
 0.0813673 0.308323 0.691677 0.918633 0.982704
 0.0813673 0.308323 0.691677 0.918633 0.982704
 0.0813673 0.308323 0.691677 0.918633 0.982704
 0.0813673 0.308323 0.691677 0.918633 0.982704
 0.0813673 0.308323 0.691677 0.918633 0.982704
 0.0813673 0.308323 0.691677 0.918633 0.982704
 0.0813673 0.308323 0.691677 0.918633 0.982704
 0.0813673 0.308323 0.691677 0.918633 0.982704
 0.0813673 0.308323 0.691677 0.918633 0.982704
 0.0813673 0.308323 0.691677 0.918633 0.982704
 0.0813673 0.308323 0.691677 0.918633 0.982704
 0.0813673 0.308323 0.691677 0.918633 0.982704
 0.0813673 0.308323 0.691677 0.918633 0.982704
 0.0813673 0.308323 0.691677 0.918633 0.982704
 0.0813673 0.308323 0.691677 0.918633 0.982704
 0.0813673 0.308323 0.691677 0.918633 0.982704
 0.0813673 0.308323 0.691677 0.918633 0.982704
 0.0813673 0.308323 0.691677 0.918633 0.982704
Scru_pelaces
 0.177097 0.51994 0.844978 0.964828 0.992808
 0.177097 0.51994 0.844978 0.964828 0.992808
 0.177097 0.51994 0.844978 0.964828 0.992808
 0.177097 0.51994 0.844978 0.964828 0.992808
 0.177097 0.51994 0.844978 0.964828 0.992808
 0.177097 0.51994 0.844978 0.964828 0.992808
 0.177097 0.51994 0.844978 0.964828 0.992808
 0.177097 0.51994 0.844978 0.964828 0.992808
 0.177097 0.51994 0.844978 0.964828 0.992808
 0.177097 0.51994 0.844978 0.964828 0.992808
 0.177097 0.51994 0.844978 0.964828 0.992808
 0.177097 0.51994 0.844978 0.964828 0.992808
 0.177097 0.51994 0.844978 0.964828 0.992808
 0.177097 0.51994 0.844978 0.964828 0.992808
 0.177097 0.51994 0.844978 0.964828 0.992808
 0.177097 0.51994 0.844978 0.964828 0.992808
 0.177097 0.51994 0.844978 0.964828 0.992808
 0.177097 0.51994 0.844978 0.964828 0.992808
 0.177097 0.51994 0.844978 0.964828 0.992808
 0.177097 0.51994 0.844978 0.964828 0.992808
 0.177097 0.51994 0.844978 0.964828 0.992808
 0.177097 0.51994 0.844978 0.964828 0.992808
 0.177097 0.51994 0.844978 0.964828 0.992808
 0.177097 0.51994 0.844978 0.964828 0.992808
 0.177097 0.51994 0.844978 0.964828 0.992808
 0.177097 0.51994 0.844978 0.964828 0.992808
 0.177097 0.51994 0.844978 0.964828 0.992808
pf_obs 
 0.256992 0.487395 0.22802 0.0275931 0
 0.321318 0.546541 0.124235 0.00734118 0.000564706
 0.182869 0.594174 0.210203 0.0122559 0.00049798
 0.330522 0.361315 0.267642 0.0388342 0.00168674
 0.649043 0.306663 0.0425973 0.00169635 0
 0.582887 0.30429 0.105238 0.00758474 0
 0.465427 0.430635 0.0974691 0.00646863 0
 0.296916 0.608066 0.0921331 0.00288517 0
 0.311714 0.524322 0.152257 0.0117073 0
 0.15457 0.633149 0.183074 0.0267441 0.00246327
 0.131901 0.49318 0.331252 0.0422183 0.00144891
 0.196976 0.569456 0.194076 0.0375587 0.00193317
 0.518974 0.381816 0.0799577 0.0180837 0.00116848
 0.0928022 0.601141 0.25162 0.0475244 0.00691264
 0.122501 0.610282 0.24278 0.0234846 0.000952079
 0.383417 0.481906 0.127806 0.00687128 0
 0.0376549 0.599619 0.316969 0.0457579 0
 0.0361596 0.667082 0.258105 0.0386534 0
 0.158088 0.579412 0.248529 0.0139706 0
 0.0477256 0.309471 0.559284 0.082774 0.000745712
 0.0406174 0.521527 0.379366 0.0568643 0.0016247
 0.151134 0.462217 0.34131 0.0453401 0
 0.294876 0.26143 0.354403 0.0886775 0.000613685
 0.281977 0.475581 0.204845 0.0348837 0.00271318
 0.0841818 0.532909 0.334909 0.0458182 0.00218182
 0.115287 0.27431 0.454777 0.147771 0.00785563
 0 0 0 0 0
pf_pred 
 0.01055 0.638542 0.30997 0.0409361 1.93275e-06
 0.0280676 0.0981279 0.605357 0.237251 0.0311967
 0.00930335 0.278153 0.0882408 0.433133 0.19117
 0.135752 0.153197 0.25609 0.0567249 0.398236
 0.643347 0.272453 0.019579 0.0233824 0.0412389
 0.084252 0.875801 0.0321362 0.00182309 0.00598748
 0.564095 0.294143 0.137613 0.0033443 0.000805518
 0.225313 0.752848 0.0166297 0.0050581 0.000151111
 0.265148 0.637295 0.0957182 0.00140321 0.000435676
 0.362046 0.580634 0.0523085 0.00491851 9.35295e-05
 0.151837 0.778912 0.0648415 0.00402659 0.000382748
 0.182302 0.66626 0.143184 0.00773338 0.000520972
 0.324051 0.575728 0.0872662 0.012255 0.000700003
 0.249126 0.723181 0.0253511 0.00204284 0.000299068
 0.244111 0.740403 0.0152549 0.00021216 1.91988e-05
 0.26743 0.716306 0.0161303 0.000131965 1.96059e-06
 0.219388 0.715919 0.0638092 0.000876347 7.19798e-06
 0.293288 0.630035 0.0726232 0.00399949 5.48017e-05
 0.191848 0.731464 0.0710052 0.00538512 0.000297922
 0.22092 0.62662 0.141855 0.00982447 0.000780679
 0.304665 0.597102 0.0844111 0.0128682 0.000953864
 0.198127 0.693653 0.0964533 0.0101204 0.00164679
 0.269668 0.575812 0.138555 0.0142384 0.00172598
 0.3041 0.604855 0.076496 0.0130561 0.00149331
 0.0555897 0.83058 0.102783 0.00929255 0.0017548
 0.241804 0.342671 0.376728 0.0350524 0.00374491
 0.0123839 0.853527 0.0717988 0.0565117 0.00577854
pobs_RECLAS
 0 0 0 0 0
 0 0 0 0 0
 0 0 0 0 0
 0 0 0 0 0
 0.835266 0.146461 0.0176864 0.000547809 3.91292e-05
 0.385257 0.428462 0.181853 0.0044286 0
 0.867414 0.0963971 0.0333333 0.00285562 0
 0.441836 0.489002 0.0689373 0.000224442 0
 0.779404 0.147425 0.0564933 0.0165055 0.000172143
 0.814271 0.122319 0.05973 0.00367925 0
 0.40263 0.566651 0.0304383 0.000280538 0
 0.475488 0.404961 0.113038 0.00651328 0
 0.955842 0.0263864 0.0167828 0.000988607 0
 0.975058 0.0227948 0.00214734 0 0
 0.738997 0.206755 0.0527124 0.00153531 0
 0.850938 0.134255 0.0134407 0.00136685 0
 0.542534 0.407297 0.0501686 0 0
 0.764087 0.199537 0.0359546 0.000420521 0
 0.470689 0.182191 0.310203 0.0369168 0
 0.84361 0.089868 0.0606195 0.00523954 0.000663233
 0.607945 0.314616 0.071237 0.00620181 0
 0.523733 0.453247 0.0230204 0 0
 0.530135 0.295979 0.169645 0.0042399 0
 0.562478 0.366248 0.0663022 0.0049721 0
 0.250443 0.683176 0.0655157 0.000865301 0
 0.195077 0.31981 0.436473 0.0351445 0.0134964
 0.565238 0.351407 0.0832357 0.000118908 0
ppred_RECLAS
 0.0228748 0.47772 0.425138 0.0742631 3.75051e-06
 0.042167 0.0505197 0.570182 0.29556 0.0415714
 0.0152404 0.142299 0.0798581 0.518035 0.244567
 0.196492 0.0705086 0.209944 0.0614673 0.461588
 0.799991 0.115617 0.0151804 0.0239774 0.0452344
 0.22914 0.710255 0.0452876 0.00339387 0.0119226
 0.780552 0.119261 0.0962991 0.00309103 0.00079636
 0.487173 0.486395 0.0186849 0.00750767 0.000239911
 0.538628 0.365556 0.093408 0.00180799 0.000600444
 0.6312 0.312847 0.0496581 0.00617019 0.000125503
 0.365604 0.548526 0.0787534 0.00645922 0.000656738
 0.398749 0.429417 0.159626 0.0113876 0.000820569
 0.648421 0.272873 0.0657835 0.0121781 0.000744025
 0.667006 0.315725 0.0153841 0.00162911 0.000255085
 0.66268 0.327745 0.00938626 0.000171549 1.66033e-05
 0.566492 0.417499 0.0158349 0.000171007 2.71752e-06
 0.487952 0.443856 0.0669675 0.0012142 1.06674e-05
 0.564087 0.358916 0.0717047 0.00521619 7.64506e-05
 0.409093 0.496028 0.0857719 0.00859826 0.000508817
 0.448223 0.384556 0.152118 0.013919 0.00118307
 0.543123 0.34875 0.0888075 0.0178997 0.00141925
 0.403789 0.461837 0.115554 0.01603 0.00279008
 0.497768 0.336291 0.143866 0.0195406 0.00253369
 0.551919 0.349404 0.0787404 0.0177638 0.00217329
 0.138777 0.685788 0.153394 0.0183372 0.003704
 0.406548 0.183772 0.360303 0.0443129 0.00506403
 0.0369912 0.734787 0.105997 0.110174 0.0120502
pobs_PELACES
 0 0 0 0 0
 0 0 0 0 0
 0 0 0 0 0
 0 0 0 0 0
 0 0 0 0 0
 0 0 0 0 0
 0 0 0 0 0
 0 0 0 0 0
 0 0 0 0 0
 0 0 0 0 0
 0.450072 0.473896 0.0757376 0.000293798 0
 0 0 0 0 0
 0.463077 0.371075 0.160297 0.00555027 0
 0.529543 0.364841 0.0842815 0.0213345 0
 0.631943 0.363953 0.00410389 0 0
 0.735681 0.248677 0.0153453 0.000297389 0
 0.695825 0.281241 0.0229344 0 0
 0.275771 0.60734 0.115278 0.00161068 0
 0 0 0 0 0
 0.896147 0.0623911 0.0374545 0.00400742 0
 0.803859 0.145111 0.0509908 3.86294e-05 0
 0.739449 0.233085 0.0266225 0.000797448 4.60066e-05
 0.878498 0.100942 0.0204185 0.000141795 0
 0.694673 0.275183 0.0284847 0.00165964 0
 0.469039 0.446079 0.0841089 0.000773354 0
 0.822795 0.102175 0.0682046 0.00682512 0
 0 0 0 0 0
ppred_PELACES
 0.0358573 0.556066 0.354803 0.0532715 2.58789e-06
 0.0812796 0.0701569 0.563549 0.251049 0.0339655
 0.0420617 0.217372 0.0814276 0.453294 0.205845
 0.40323 0.0834022 0.167408 0.0420709 0.303888
 0.870845 0.0891577 0.00829753 0.0112622 0.0204371
 0.377871 0.590637 0.024575 0.00157964 0.00533764
 0.896901 0.0669149 0.0349827 0.000962954 0.000238631
 0.656763 0.33195 0.00832904 0.00287056 8.82325e-05
 0.733902 0.228127 0.0371575 0.000616564 0.000196955
 0.769445 0.206436 0.0217542 0.00231936 4.53777e-05
 0.554573 0.404914 0.0376085 0.0026452 0.000258694
 0.599597 0.318525 0.0768509 0.00470191 0.00032589
 0.851608 0.126984 0.0183325 0.00290532 0.000170727
 0.898915 0.0982335 0.00258268 0.000233584 3.51771e-05
 0.896077 0.102315 0.00158104 2.46794e-05 2.29732e-06
 0.751056 0.243073 0.00581689 5.38403e-05 8.22959e-07
 0.69084 0.281777 0.0269605 0.000419009 3.5408e-06
 0.734939 0.232879 0.0302672 0.00188841 2.66219e-05
 0.559276 0.390998 0.045581 0.00392207 0.000223248
 0.63693 0.283224 0.0735969 0.00577695 0.000472301
 0.674845 0.269301 0.0470831 0.00814898 0.000621501
 0.542586 0.382676 0.0656139 0.00781571 0.00130851
 0.662156 0.254919 0.0733119 0.00854652 0.00106593
 0.697654 0.255166 0.0387859 0.00751072 0.000883864
 0.212728 0.670865 0.103693 0.0106458 0.00206844
 0.605785 0.159009 0.210536 0.0222266 0.00244321
 0.0822784 0.775051 0.0718749 0.064057 0.006739
pobs_pel_tallas
 0 0 0 0 0 0 0 0 0 0 0 0 0 0 0 0 0 0 0 0 0 0 0 0 0 0 0 0 0 0 0 0 0 0 0 0
 0 0 0 0 0 0 0 0 0 0 0 0 0 0 0 0 0 0 0 0 0 0 0 0 0 0 0 0 0 0 0 0 0 0 0 0
 0 0 0 0 0 0 0 0 0 0 0 0 0 0 0 0 0 0 0 0 0 0 0 0 0 0 0 0 0 0 0 0 0 0 0 0
 0 0 0 0 0 0 0 0 0 0 0 0 0 0 0 0 0 0 0 0 0 0 0 0 0 0 0 0 0 0 0 0 0 0 0 0
 0 0 0 0 0 0 0 0 0 0 0 0 0 0 0 0 0 0 0 0 0 0 0 0 0 0 0 0 0 0 0 0 0 0 0 0
 0 0 0 0 0 0 0 0 0 0 0 0 0 0 0 0 0 0 0 0 0 0 0 0 0 0 0 0 0 0 0 0 0 0 0 0
 0 0 0 0 0 0 0 0 0 0 0 0 0 0 0 0 0 0 0 0 0 0 0 0 0 0 0 0 0 0 0 0 0 0 0 0
 0 0 0 0 0 0 0 0 0 0 0 0 0 0 0 0 0 0 0 0 0 0 0 0 0 0 0 0 0 0 0 0 0 0 0 0
 0 0 0 0 0 0 0 0 0 0 0 0 0 0 0 0 0 0 0 0 0 0 0 0 0 0 0 0 0 0 0 0 0 0 0 0
 0 0 0 0 0 0 0 0 0 0 0 0 0 0 0 0 0 0 0 0 0 0 0 0 0 0 0 0 0 0 0 0 0 0 0 0
 0 0 0 0 0 0 0 0 1.78061e-05 0.00172719 0.00360574 0.0105946 0.0120993 0.0124554 0.0147524 0.0171206 0.0266825 0.0428682 0.0675386 0.121331 0.153587 0.119568 0.100827 0.0573624 0.0630603 0.0341343 0.0324427 0.0444173 0.0211091 0.0280891 0.0125444 0.00206551 0 0 0 0
 0 0 0 0 0 0 0 0 0 0 0 0 0 0 0 0 0 0 0 0 0 0 0 0 0 0 0 0 0 0 0 0 0 0 0 0
 0 0 0 0 0 0 0.0133647 0.0140871 0.0187388 0.0205184 0.03894 0.0496705 0.03968 0.0493445 0.0407372 0.0367815 0.0215668 0.0243155 0.0234873 0.0199281 0.019796 0.0243948 0.0301388 0.0376714 0.0412746 0.0863199 0.0771752 0.113111 0.0741005 0.0525337 0.0229764 0.00759418 0.00175318 0 0 0
 0 0 0 0 0 0 0 0 0 0 0.00219441 0.00772107 0.0458388 0.0604681 0.0671733 0.0775358 0.0609151 0.0617685 0.073594 0.0568108 0.0755445 0.0548602 0.0670107 0.0636378 0.0643287 0.046367 0.0373049 0.0286899 0.0247887 0.0153202 0.00654259 0.00121912 0.000365735 0 0 0
 0 0 0 0 0 0 0 0 0 0 0 0 0.000112435 0.00938835 0.0111873 0.0202946 0.0414886 0.0713402 0.111592 0.104902 0.108894 0.110636 0.117776 0.105296 0.107544 0.0401394 0.0192827 0.0124803 0.00416011 0.0028671 0.000618394 0 0 0 0 0
 0 0 0 0 0 0 0 0 0 0 0.00291406 0.0102884 0.027416 0.0768956 0.0749926 0.110853 0.0956884 0.0897413 0.0766577 0.0534642 0.0500743 0.0551293 0.0594112 0.0620874 0.0668451 0.0424026 0.0208742 0.0120726 0.0048766 0.00582813 0.00118941 0.000297354 0 0 0 0
 0 0.00264628 0.0354308 0.0461629 0.0458689 0.0383711 0.0214643 0.0164657 0.0346957 0.0420465 0.0363128 0.0245516 0.0311673 0.0291091 0.0169068 0.0133784 0.00837989 0.0085269 0.0148486 0.0160247 0.0276389 0.0546898 0.0760071 0.122758 0.109233 0.0665981 0.0333725 0.0166128 0.00676272 0.00308733 0.000882094 0 0 0 0 0
 0 0 0 0 0 0 0 0.000805153 0.000690131 0.00759144 0.0133425 0.0154129 0.00931677 0.000345066 0.00356568 0.00563607 0.00851162 0.0253048 0.0502646 0.0516448 0.0657925 0.0565908 0.0611916 0.0827007 0.0866115 0.110766 0.145733 0.0935128 0.0569358 0.0249597 0.0138026 0.00621118 0.00161031 0.00115022 0 0
 0 0 0 0 0 0 0 0 0 0 0 0 0 0 0 0 0 0 0 0 0 0 0 0 0 0 0 0 0 0 0 0 0 0 0 0
 0.00147267 0.00158595 0.00478618 0.00569244 0.00954404 0.0108468 0.00647125 0.017049 0.0510054 0.094081 0.124002 0.0959785 0.0687766 0.0820023 0.061753 0.0591476 0.0492212 0.0479892 0.0443925 0.0268479 0.0217502 0.0140895 0.0121071 0.0120363 0.00920419 0.00665534 0.0049561 0.00860946 0.00930331 0.0156896 0.0114698 0.00855282 0.00243557 0.00046729 0 2.83206e-05
 0 0 0 0 0.000772559 0.00158375 0.000888443 0.00281984 0.00712685 0.0440552 0.0773331 0.111326 0.0921469 0.0852325 0.0710754 0.0886704 0.0786465 0.0553345 0.0373146 0.0185414 0.00753245 0.00457741 0.012979 0.0271748 0.0457355 0.0583668 0.034881 0.0177882 0.00938659 0.00492506 0.0015258 0.00185414 0.000309023 5.79419e-05 3.86279e-05 0
 0 0.00173294 0.00326652 0 0.00397197 0.00683976 0.00946217 0.0152591 0.00757587 0.0136028 0.0228656 0.0392903 0.0559909 0.0764795 0.0681675 0.0726916 0.0566044 0.0477403 0.0527397 0.0444891 0.0609904 0.0582453 0.0661739 0.0445044 0.0529084 0.0360697 0.0280645 0.0235558 0.0158879 0.00826598 0.00280645 0.00217768 0.000904811 0.00058276 9.20147e-05 0
 0 0 0 0 0 0 0 0 0 0 0 0 0 0 0 0 0 0 0 0 0 0 0 0 0 0 0 0 0 0 0 0 0 0 0 0
 0 0 0 0 0 0 0 0 0 0 0 0 0 0 0 0 0 0 0 0 0 0 0 0 0 0 0 0 0 0 0 0 0 0 0 0
 0 0 0 0 0 0 0 0 0 0 0 0 0 0 0 0 0 0 0 0 0 0 0 0 0 0 0 0 0 0 0 0 0 0 0 0
 0 0 0 0 0 0 0 0 0 0 0 0 0 0 0 0 0 0 0 0 0 0 0 0 0 0 0 0 0 0 0 0 0 0 0 0
 0 0 0 0 0 0 0 0 0 0 0 0 0 0 0 0 0 0 0 0 0 0 0 0 0 0 0 0 0 0 0 0 0 0 0 0
ppred_pel_tallas
 1.07049e-16 1.59957e-06 9.29907e-06 4.40185e-05 0.000169164 0.000527237 0.00133237 0.00273081 0.00454422 0.00615608 0.0068397 0.0063679 0.00528966 0.00456568 0.00498732 0.0069386 0.0105331 0.0157947 0.0226791 0.0309812 0.0402495 0.049778 0.0586922 0.0661057 0.0713 0.0738663 0.0737693 0.0713077 0.0670013 0.0614455 0.0551869 0.0486516 0.0421343 0.0358261 0.0298583 0.0243353
 1.18236e-16 3.56072e-06 2.08569e-05 9.90637e-05 0.000381268 0.00118879 0.00300283 0.00614514 0.0101902 0.0136976 0.0149384 0.0132551 0.00966149 0.00599477 0.00359538 0.00280273 0.00335592 0.00495174 0.00747921 0.0109809 0.0155425 0.0212095 0.0279382 0.0355684 0.0438114 0.0522537 0.0603788 0.0676091 0.0733668 0.0771469 0.0785909 0.0775458 0.074095 0.0685487 0.0614 0.0532493
 1.26421e-16 1.85472e-06 1.08323e-05 5.1386e-05 0.000197664 0.000616214 0.0015567 0.00318714 0.00529063 0.00712828 0.00781802 0.00704142 0.00535861 0.00377305 0.00304929 0.00344777 0.00492016 0.00737824 0.0107907 0.0151412 0.020363 0.026307 0.0327528 0.0394437 0.0461298 0.0525951 0.0586613 0.0641637 0.068918 0.0726959 0.0752278 0.0762393 0.0755111 0.0729415 0.0685921 0.0626989
 1.18049e-16 1.75985e-05 0.000103273 0.000490884 0.00188988 0.00589336 0.0148861 0.0304591 0.0504901 0.0678091 0.073796 0.0651082 0.0466397 0.027289 0.0133829 0.00615414 0.0037238 0.00388913 0.00534083 0.00756186 0.0104023 0.0138062 0.0177078 0.0220087 0.02658 0.0312667 0.0358902 0.0402468 0.0441096 0.0472374 0.0493962 0.0503901 0.0500954 0.048488 0.0456559 0.0417937
 1.01489e-16 3.79892e-05 0.000222983 0.00106 0.00408111 0.0127266 0.0321463 0.0657746 0.109025 0.146407 0.159293 0.140442 0.100389 0.0582968 0.0277484 0.011295 0.00473718 0.00315229 0.00353594 0.00460245 0.00588939 0.00719043 0.00835202 0.00924081 0.00976124 0.00987563 0.00961118 0.00904894 0.00829982 0.00747555 0.00666466 0.00591986 0.00525818 0.00467064 0.00413586 0.00363241
 1.00845e-16 1.65136e-05 9.68561e-05 0.000460272 0.00177184 0.00552512 0.0139566 0.028561 0.047358 0.0636456 0.0693781 0.0614796 0.0446265 0.0272892 0.0155679 0.0108106 0.0114282 0.0154413 0.0215415 0.0289266 0.036876 0.0445377 0.0509567 0.0552402 0.0567595 0.0553048 0.0511376 0.0449182 0.0375382 0.0299135 0.0228046 0.0167098 0.0118449 0.00819273 0.00558678 0.0037975
 1.00563e-16 3.91245e-05 0.00022965 0.0010917 0.00420317 0.0131073 0.0331077 0.0677417 0.112285 0.150783 0.164048 0.144621 0.103347 0.059957 0.0284304 0.0113855 0.00448841 0.00266376 0.00281914 0.00364242 0.00468046 0.00575255 0.00673509 0.00751956 0.00802223 0.00819958 0.00805545 0.00763567 0.00701323 0.00626932 0.00547689 0.00469093 0.00394652 0.00326236 0.00264674 0.00210278
 1.0033e-16 2.8664e-05 0.000168214 0.000799568 0.00307831 0.00959935 0.0242474 0.0496148 0.0822472 0.110472 0.120256 0.106173 0.0762175 0.0449141 0.022605 0.0113279 0.00802535 0.00905649 0.0121489 0.0162108 0.0206386 0.024906 0.0284673 0.0308199 0.0316124 0.0307299 0.0283237 0.0247698 0.0205743 0.0162565 0.0122465 0.00882557 0.00611427 0.0041002 0.00268595 0.00173795
 1.00633e-16 3.20235e-05 0.000187947 0.0008934 0.00343962 0.0107261 0.0270934 0.0554371 0.0918948 0.123417 0.134316 0.118508 0.0849012 0.0496882 0.0243741 0.0111771 0.00662435 0.00661288 0.00861139 0.0114704 0.0146564 0.0177831 0.0204705 0.0223677 0.0232209 0.0229324 0.0215817 0.0193999 0.0167087 0.0138441 0.0110904 0.00864032 0.00658765 0.00494416 0.00366895 0.00269775
 1.00458e-16 3.35724e-05 0.000197042 0.000936646 0.00360613 0.0112454 0.028405 0.0581206 0.0963421 0.129387 0.140804 0.124213 0.0889459 0.0519692 0.0253321 0.0113443 0.00634904 0.00603221 0.00773689 0.0102687 0.013096 0.0158563 0.0182041 0.0198233 0.0204887 0.0201189 0.0187946 0.0167345 0.0142387 0.0116183 0.00913376 0.00695905 0.00517439 0.00378263 0.00273718 0.00197004
 1.00769e-16 2.42111e-05 0.000142065 0.000675236 0.00259957 0.00810641 0.0204765 0.0418997 0.0694617 0.0933099 0.101605 0.0897786 0.0646057 0.0383883 0.0199072 0.0109406 0.00896301 0.0109406 0.0149595 0.0200494 0.0255894 0.0309674 0.0355232 0.0386403 0.0398795 0.0390841 0.0364173 0.0323137 0.0273675 0.0221937 0.0173067 0.013049 0.00957694 0.00689311 0.00490146 0.00346326
 1.01372e-16 2.6171e-05 0.000153578 0.00072999 0.00281042 0.00876394 0.0221372 0.0452972 0.0750906 0.100861 0.1098 0.0969556 0.0696303 0.0410933 0.0207966 0.0106148 0.00777311 0.0089652 0.0121322 0.0162876 0.0208818 0.0254245 0.0293949 0.0323006 0.0337781 0.033675 0.0320809 0.0292942 0.0257396 0.0218662 0.0180575 0.0145793 0.0115692 0.00905902 0.00701329 0.00536647
 1.0041e-16 3.71519e-05 0.000218064 0.0010366 0.00399102 0.0124457 0.0314367 0.064323 0.10662 0.143181 0.155792 0.137378 0.0982471 0.057151 0.0273865 0.0114655 0.00529755 0.00407859 0.00486836 0.00638923 0.00814782 0.00988279 0.0113747 0.0124274 0.0129006 0.0127407 0.0119928 0.0107863 0.00930032 0.00772144 0.0062067 0.00486179 0.00373698 0.00283695 0.00213745 0.00160181
 1.00079e-16 3.92135e-05 0.00023017 0.00109416 0.00421265 0.0131368 0.0331824 0.0678948 0.11254 0.151127 0.164429 0.144972 0.103631 0.0601884 0.0286642 0.0116927 0.00493865 0.00331766 0.00372245 0.00481585 0.0061066 0.00736513 0.00841628 0.00910929 0.00933989 0.00907409 0.00835681 0.00729956 0.00605246 0.00476955 0.0035786 0.00256321 0.00175937 0.00116355 0.000746902 0.000469726
 1.00057e-16 3.90899e-05 0.000229444 0.00109071 0.00419936 0.0130954 0.0330777 0.0676806 0.112185 0.150651 0.163912 0.144518 0.103312 0.0600136 0.0286006 0.0117009 0.00499433 0.00341371 0.00386121 0.00500165 0.00634087 0.00764371 0.00872845 0.00943832 0.00966513 0.00937422 0.00861334 0.00749975 0.00619096 0.00484835 0.00360567 0.0025502 0.00171915 0.00110819 0.00068632 0.000411071
 1.00164e-16 3.2772e-05 0.00019234 0.000914283 0.00352002 0.0109768 0.0277267 0.056733 0.0940432 0.126303 0.137458 0.121283 0.0868961 0.0508689 0.0249769 0.0114908 0.00685607 0.00687029 0.00893548 0.0118629 0.0150903 0.0182035 0.0207972 0.0225026 0.0230623 0.0223927 0.0206057 0.0179779 0.0148819 0.0116996 0.00874793 0.00623419 0.00424748 0.00277883 0.00175631 0.00108087
 1.0049e-16 3.0148e-05 0.00017693 0.000841017 0.00323791 0.0100971 0.0255046 0.0521867 0.0865088 0.11619 0.126466 0.111619 0.0800465 0.04701 0.0233634 0.0112231 0.00734691 0.00788953 0.0104654 0.0139602 0.0178065 0.0215463 0.024714 0.0268793 0.0277363 0.0271757 0.025311 0.0224448 0.0189912 0.0153787 0.0119664 0.00899347 0.00656989 0.00469814 0.00331181 0.00231437
 1.00572e-16 3.20689e-05 0.000188213 0.000894664 0.00344448 0.0107413 0.0271317 0.0555155 0.092025 0.123592 0.134507 0.118679 0.0850281 0.0497714 0.0244313 0.0112303 0.00669195 0.00670725 0.00873995 0.0116354 0.0148541 0.0180018 0.0206912 0.0225651 0.0233676 0.0230033 0.0215589 0.0192766 0.0164906 0.0135483 0.010742 0.00826819 0.00621958 0.00460316 0.00337103 0.00245128
 1.0092e-16 2.44156e-05 0.000143266 0.000680952 0.00262158 0.00817506 0.0206499 0.0422544 0.0700492 0.0940977 0.102459 0.090524 0.0651221 0.0386553 0.0199728 0.0108612 0.00876767 0.0106294 0.0145184 0.0194661 0.0248647 0.0301225 0.0346021 0.0377066 0.0390086 0.0383508 0.0358829 0.0320154 0.0273135 0.0223633 0.017657 0.0135237 0.0101173 0.00744583 0.0054246 0.00392861
 1.01358e-16 2.77974e-05 0.00016313 0.000775408 0.0029853 0.00930932 0.0235148 0.0481154 0.0797608 0.107129 0.116611 0.102938 0.0738577 0.04345 0.0217341 0.0106766 0.00730567 0.00809259 0.0108494 0.0145512 0.0186649 0.0227447 0.0263262 0.0289706 0.0303527 0.0303333 0.0289875 0.0265747 0.023467 0.0200585 0.0166868 0.0135867 0.0108816 0.00860292 0.00672374 0.00519132
 1.01066e-16 2.94501e-05 0.000172834 0.000821545 0.00316294 0.00986331 0.0249141 0.0509784 0.0845057 0.113499 0.123536 0.109032 0.0781879 0.0459119 0.0228063 0.0109384 0.00714238 0.0076652 0.0101826 0.0136153 0.0174213 0.0211664 0.0244075 0.0267311 0.0278366 0.0276052 0.0261253 0.0236624 0.020588 0.0172903 0.0140972 0.0112312 0.00880043 0.00681981 0.00524508 0.00400685
 1.01386e-16 2.36876e-05 0.000138993 0.000660636 0.00254336 0.00793114 0.0200337 0.0409937 0.0679594 0.091291 0.0994044 0.0878287 0.063191 0.0375249 0.0194188 0.0106096 0.00862566 0.0105012 0.0143712 0.0193008 0.0247029 0.0300035 0.0345802 0.0378464 0.0393758 0.0390009 0.0368496 0.0333026 0.0288911 0.0241704 0.0196097 0.0155271 0.0120776 0.00928153 0.00707433 0.00535452
 1.01468e-16 2.88963e-05 0.000169584 0.000806096 0.00310347 0.00967783 0.0244455 0.0500197 0.0829163 0.111364 0.121211 0.106976 0.0767066 0.045028 0.022342 0.0106758 0.00692308 0.00740414 0.00984472 0.013197 0.016944 0.0206773 0.0239782 0.0264508 0.0277997 0.0278947 0.0267963 0.0247295 0.0220205 0.0190157 0.0160132 0.0132213 0.0107515 0.00863596 0.00685696 0.00537504
 1.00934e-16 3.0444e-05 0.000178671 0.000849297 0.0032698 0.0101965 0.0257558 0.0527004 0.0873596 0.11733 0.1277 0.112693 0.0807833 0.0473753 0.0234204 0.0110447 0.00696417 0.00729053 0.00961891 0.0128417 0.0164179 0.0199292 0.0229547 0.0251031 0.026092 0.0258122 0.0243523 0.0219689 0.0190191 0.0158746 0.0128484 0.0101514 0.0078841 0.00605677 0.00462252 0.00351035
 1.02153e-16 9.31601e-06 5.45923e-05 0.000259327 0.000998124 0.00311229 0.00786211 0.0160919 0.0266929 0.0359046 0.0392212 0.0349522 0.0257973 0.016624 0.0109989 0.00983723 0.0123995 0.0176835 0.0249689 0.0336758 0.0430996 0.0523085 0.060225 0.0658241 0.0683626 0.0675548 0.0636351 0.0572825 0.0494406 0.0410933 0.0330703 0.0259319 0.0199473 0.0151456 0.0114035 0.00853149
 1.03919e-16 2.64346e-05 0.00015514 0.000737446 0.00283918 0.00885367 0.0223637 0.0457594 0.0758524 0.101871 0.110866 0.0978151 0.0700704 0.0409986 0.0200987 0.00920881 0.00547839 0.00554908 0.00737619 0.0100723 0.0132708 0.0167268 0.0201837 0.0233707 0.0260408 0.0280094 0.0291764 0.0295252 0.029104 0.0280005 0.0263199 0.0241733 0.0216768 0.018953 0.0161318 0.0133445
 1.03789e-16 3.63186e-06 2.12121e-05 0.000100614 0.000387003 0.00120651 0.00304841 0.00624347 0.010372 0.0139983 0.0154148 0.0140294 0.0109862 0.00831507 0.00759206 0.00940149 0.013683 0.0202061 0.0287015 0.0387334 0.0495618 0.0601318 0.0692108 0.0756289 0.0785455 0.0776498 0.0732302 0.0660827 0.0572984 0.0480022 0.0391273 0.0312855 0.0247469 0.0195058 0.0153888 0.0121595
pSPR Fmed_Fpbrs
0.503159   0.6 0.325
Fs Fmed_Fpbrs
0.64   0.424055 1.46764
SSBpbr Bo_Bmed_Bpbrs
559894  253721  307942 153971
Ro
16983.5
SPR SPRFo_SPRFmed_SPRFpbrs
350782 176499 114004
log_Ro
9.56
likeval ReclasPelacesDesembMPH_pf_preclas_ppelaces_ptallas_desvR_qrecl_qpela
 74.7908 12.4329 0.294675 0.000428993 405.986 225.181 58.9664 0 48.9444 0.000197251 0.000482427 4.07644e-15 0 0 0
q_reclas_q_pelaces
7.31684 22.7564
M
0.7
N
 7606.39 44709.3 18016.1 2370.38 0.111907
 10561.6 3728.37 19267.2 7524.44 989.343
 1250.47 5129.19 1452.52 7114.32 3139.88
 3778.72 560.166 829.165 183.234 1286.34
 39233.7 1713.9 103.679 123.395 217.614
 12088.4 18955.5 631.204 35.7429 117.385
 64846.9 5262.88 2245.8 54.4844 13.1228
 55675.9 27955 560.023 170.024 5.07929
 61094.4 24268.3 3355.42 49.1144 15.2489
 114676 25825.6 2085.6 195.699 3.72124
 63695.8 51021.5 3876.05 240.288 22.8399
 48698.1 27430.4 5368.46 289.443 19.4981
 57952 21058.9 3019.71 423.643 24.1979
 28949.7 22644.9 768.595 61.8993 9.06187
 12138.7 9920.91 197.912 2.75091 0.248933
 9048.21 4159.87 86.7068 0.708355 0.0105237
 6867.93 3775.86 310.677 4.26051 0.0349933
 8792.78 2884.4 302.331 16.6202 0.227726
 7616.6 3813.42 327.768 24.8002 1.37197
 8297.95 3454.97 706.553 48.8402 3.88084
 15392.5 3643.11 448.557 68.1971 5.0549
 16747.4 7144.38 866.805 90.7091 14.7594
 27306.4 7754.7 1656.17 169.804 20.5828
 47355.5 12341.9 1381.48 235.233 26.9041
 12284.3 21494.1 2301.97 207.531 39.188
 31128 5748.25 5587.32 518.637 55.4074
 1283 14150.6 1090.47 856.889 87.6176
pred_Ctot
 70.7978 4285.08 2080.12 274.711 0.0129701
 167.575 585.865 3614.24 1416.49 186.258
 88.5753 2648.24 840.123 4123.77 1820.09
 236.653 267.066 446.436 98.8874 694.238
 764.999 323.972 23.2813 27.8038 49.0368
 1079.95 11226.1 411.923 23.3684 76.7477
 6201.09 3233.51 1512.77 36.7639 8.85505
 4931.3 16477.1 363.964 110.704 3.30727
 6596.68 15855.4 2381.4 34.9107 10.8393
 8634.85 13848.2 1247.56 117.307 2.23069
 6132.76 31460.6 2618.98 162.636 15.4594
 4560.28 16666.5 3581.75 193.45 13.0321
 9005.65 16000 2425.2 340.577 19.4537
 6590.69 19131.9 670.669 54.0437 7.91192
 2763.5 8381.85 172.696 2.4018 0.217343
 1049.35 2810.67 63.2927 0.517809 0.00769304
 769.33 2510.51 223.76 3.07309 0.0252412
 807.062 1733.72 199.843 11.0057 0.150802
 476.525 1816.86 176.367 13.3759 0.74
 696.504 1975.57 447.231 30.974 2.46128
 725.939 1422.74 201.13 30.6617 2.27282
 816.939 2860.15 397.707 41.7298 6.79021
 1773.65 3787.2 911.299 93.6479 11.352
 2943.54 5854.71 740.445 126.377 14.4546
 511.479 7642.13 945.706 85.5004 16.1459
 1902.68 2696.37 2964.35 275.816 29.4675
 129.959 8957.09 753.472 593.045 60.6412
F
 0.013017 0.141776 0.173107 0.17381 0.173823
 0.0222803 0.242669 0.296295 0.297498 0.29752
 0.103041 1.12228 1.3703 1.37586 1.37596
 0.0906138 0.986932 1.20503 1.20992 1.21001
 0.0274429 0.298897 0.36495 0.366432 0.366459
 0.131572 1.43303 1.74971 1.75682 1.75695
 0.141435 1.54046 1.88088 1.88851 1.88866
 0.130377 1.42002 1.73383 1.74086 1.74099
 0.161052 1.75411 2.14175 2.15045 2.15061
 0.10986 1.19655 1.46097 1.46691 1.46702
 0.142468 1.55171 1.89462 1.90231 1.90245
 0.138316 1.50649 1.83941 1.84687 1.84701
 0.239681 2.61052 3.18741 3.20035 3.20059
 0.370915 4.03987 4.93263 4.95266 4.95303
 0.370915 4.03987 4.93263 4.95266 4.95303
 0.17394 1.89448 2.31314 2.32253 2.32271
 0.167547 1.82486 2.22813 2.23718 2.23735
 0.135404 1.47477 1.80067 1.80798 1.80812
 0.0905176 0.985884 1.20375 1.20864 1.20873
 0.123171 1.34153 1.638 1.64465 1.64477
 0.0675545 0.735779 0.898377 0.902024 0.902091
 0.0699453 0.761818 0.93017 0.933947 0.934016
 0.0941222 1.02514 1.25169 1.25677 1.25686
 0.0899069 0.979233 1.19563 1.20049 1.20057
 0.0594289 0.647277 0.790318 0.793527 0.793585
 0.0883515 0.962291 1.17495 1.17972 1.1798
 0.150395 1.63804 2.00003 2.00815 2.0083
Np
 11596.1 5578.45 192.614 444.593 31.5536
YTP_r0W_actual
 236.928 65562.3 8690.08 8749.97 992.923
YTP_p0W_proyectada
 2141.4 2539.72 10884 748.317 690.456
 2141.4 25846 1534.97 4539.88 357.58
CTP_r0_actual
 28.8936 3035.29 276.754 218.204 22.3129
CTP_p0_proyectada
 261.147 117.58 346.623 18.6613 15.5159
 261.147 1196.57 48.8844 113.214 8.03551
Wmedp
 8.2 21.6 31.4 40.1 44.5
nmprior
 10.8 10.6 4.6 0
nm_flota  nm_reclas  nm_pelaces    nm_pelaL
inf 18.4414 15.6122 46.8652
cv_recla  cv_pelaces  cv_mph
0.748953 0.386258 0.553555
 ------------------------------------------------
Talla a la edad & desviaci?n 
 7.2 14.2025 17.0495 18.207 18.6776
 1.08 2.13037 2.55742 2.73105 2.80164
