years
 1997 1998 1999 2000 2001 2002 2003 2004 2005 2006 2007 2008 2009 2010 2011 2012 2013 2014 2015 2016 2017 2018 2019 2020 2021 2022 2023
reclasobs
 0 0 0 370054 412103 1.49427e+06 250295 1.28982e+06 931140 785840 897777 1.04006e+06 184774 17550 25797 100020 73551 82996 120727 218422 84188 347160 605670 569463 516374 1.08416e+06 1.01767e+06
reclaspred
 1.94598e+06 341189 643370 215673 283277 365299 740019 645153 693134 873843 926016 655824 350329 129611 73016.5 76664.8 82641.8 110260 135226 148247 223099 242489 387201 499702 773433 699496 377277
pelacesobs
 0 0 0 0 0 0 0 0 0 2.06254e+06 1.5e+06 0 1.87456e+06 323000 250000 174000 83755 137374 0 501740 490994 745055 786931 1.00524e+06 1.33801e+06 1.41789e+06 0
pelacespred
 4.19893e+06 1.33383e+06 705043 535393 814986 611337 2.19716e+06 1.83969e+06 1.84135e+06 2.5084e+06 2.02805e+06 1.45884e+06 876654 272514 162772 160003 177847 252234 290986 303801 594724 572296 703677 1.11439e+06 1.57083e+06 1.42799e+06 606630
mphobs
 0 0 0 0 0 0 112323 0 153150 637223 0 255016 313432 73983 77613 109348 50772 17779 17303 59886 28197 0 207744 136588 643089 65757 70829
mphpred
 461390 199981 163239 77206 64016 143475 173161 298010 266082 297921 395740 263676 160564 90664.6 42766.7 33155.8 30589.1 36555.8 47488.2 47924.1 63649.9 85765.9 100082 141748 234365 206298 148679
desembarqueobs
 350755 77701 442110 56441 14545 235359 269955 359681 431902 328805 639364 411747 362871 311530 167758 66681 60226 58785 57116 73181 50977 67692 138656 160484 209506 203330 245020
desembarquepred
 350734 77668.6 441664 56426.1 14543.9 235287 269939 359244 431558 328593 638443 411217 362342 311196 167316 66623.9 60213.9 58718.2 57052.3 73120.5 50967.1 67636.3 138579 160409 209359 203150 244821
Reclutas
 22031.2 40803.2 5504.3 9014.88 36427.5 17940.2 63457.9 58014 69089.9 113745 63306.4 48175.8 56245.6 29259 12922.2 9598.62 7241.21 8911.48 8271.71 10142 16530.9 18612.4 31078.7 48778.4 17430.6 29310.4 7902.42
log_desv_Rt
 -0.0397869 0.576517 -1.42672 -0.933368 0.463081 -0.245198 1.01813 0.928439 1.10316 1.60172 1.01574 0.742612 0.897483 0.243942 -0.573299 -0.870625 -1.15246 -0.944904 -1.0194 -0.815564 -0.327015 -0.208414 0.304277 0.755042 -0.27402 0.245699 -1.06508
SSB
 666029 288679 235640 111449 92408.9 207110 249963 430186 384097 430058 571261 380624 231779 130877 61734.9 47861.3 44156.3 52769.3 68550.6 69179.8 91880.4 123806 144471 204618 338312 297797 214622
BT
 1.3947e+06 421062 397388 185671 273483 328818 1.06492e+06 975726 1.0444e+06 1.17194e+06 1.16882e+06 817599 676005 387741 198593 107353 107205 131642 125952 147853 228952 201240 288278 459553 525589 521593 330337
Ftot
 0.435 0.646777 1.38301 0.732871 0.164481 1.25969 1.09783 1.26228 1.49887 0.978923 1.41756 1.41759 2.42925 3.99701 3.94864 1.72564 1.57781 1.26054 0.903655 1.14183 0.566293 0.63793 0.840492 0.784877 0.574146 0.761531 1.33128
BD_Bspro_t
 0.939597 0.671783 0.52422 0.210497 0.277588 0.510239 0.412098 0.496537 0.423016 0.408437 0.44121 0.285422 0.196208 0.132781 0.0759553 0.0726533 0.0927872 0.150668 0.230728 0.279181 0.370251 0.506968 0.502782 0.515236 0.564874 0.458805 0.373924
BD_Bspro
 1.40659 0.609662 0.497649 0.23537 0.195159 0.437397 0.527898 0.908512 0.811175 0.908241 1.20645 0.803841 0.489495 0.276399 0.130378 0.101079 0.0932539 0.111444 0.144772 0.146101 0.194043 0.261466 0.30511 0.432133 0.714483 0.628918 0.453262
BD_Bo
 1.21858 0.528173 0.431132 0.20391 0.169073 0.378934 0.457338 0.787078 0.702752 0.786843 1.04519 0.696398 0.424068 0.239455 0.112952 0.0875682 0.0807893 0.0965479 0.125422 0.126573 0.168107 0.226517 0.264328 0.374373 0.618983 0.544856 0.392677
BD_Brms
 2.2156 0.960315 0.783877 0.370745 0.307406 0.68897 0.831524 1.43105 1.27773 1.43062 1.90035 1.26618 0.771032 0.435373 0.205367 0.159215 0.14689 0.175542 0.228039 0.230132 0.305648 0.41185 0.480596 0.680679 1.12542 0.990647 0.713959
S_f
 0.101144 1 1 1 1
 0.101144 1 1 1 1
 0.101144 1 1 1 1
 0.101144 1 1 1 1
 0.101144 1 1 1 1
 0.101144 1 1 1 1
 0.101144 1 1 1 1
 0.101144 1 1 1 1
 0.101144 1 1 1 1
 0.101144 1 1 1 1
 0.101144 1 1 1 1
 0.101144 1 1 1 1
 0.101144 1 1 1 1
 0.101144 1 1 1 1
 0.101144 1 1 1 1
 0.101144 1 1 1 1
 0.101144 1 1 1 1
 0.101144 1 1 1 1
 0.101144 1 1 1 1
 0.101144 1 1 1 1
 0.101144 1 1 1 1
 0.101144 1 1 1 1
 0.101144 1 1 1 1
 0.101144 1 1 1 1
 0.101144 1 1 1 1
 0.101144 1 1 1 1
 0.101144 1 1 1 1
Scru_reclas
 0.153853 0.477826 0.821594 0.958637 0.991499
 0.153853 0.477826 0.821594 0.958637 0.991499
 0.153853 0.477826 0.821594 0.958637 0.991499
 0.153853 0.477826 0.821594 0.958637 0.991499
 0.153853 0.477826 0.821594 0.958637 0.991499
 0.153853 0.477826 0.821594 0.958637 0.991499
 0.153853 0.477826 0.821594 0.958637 0.991499
 0.153853 0.477826 0.821594 0.958637 0.991499
 0.153853 0.477826 0.821594 0.958637 0.991499
 0.153853 0.477826 0.821594 0.958637 0.991499
 0.153853 0.477826 0.821594 0.958637 0.991499
 0.153853 0.477826 0.821594 0.958637 0.991499
 0.153853 0.477826 0.821594 0.958637 0.991499
 0.153853 0.477826 0.821594 0.958637 0.991499
 0.153853 0.477826 0.821594 0.958637 0.991499
 0.153853 0.477826 0.821594 0.958637 0.991499
 0.153853 0.477826 0.821594 0.958637 0.991499
 0.153853 0.477826 0.821594 0.958637 0.991499
 0.153853 0.477826 0.821594 0.958637 0.991499
 0.153853 0.477826 0.821594 0.958637 0.991499
 0.153853 0.477826 0.821594 0.958637 0.991499
 0.153853 0.477826 0.821594 0.958637 0.991499
 0.153853 0.477826 0.821594 0.958637 0.991499
 0.153853 0.477826 0.821594 0.958637 0.991499
 0.153853 0.477826 0.821594 0.958637 0.991499
 0.153853 0.477826 0.821594 0.958637 0.991499
 0.153853 0.477826 0.821594 0.958637 0.991499
Scru_pelaces
 0.338799 0.752799 0.947641 0.990789 0.998438
 0.338799 0.752799 0.947641 0.990789 0.998438
 0.338799 0.752799 0.947641 0.990789 0.998438
 0.338799 0.752799 0.947641 0.990789 0.998438
 0.338799 0.752799 0.947641 0.990789 0.998438
 0.338799 0.752799 0.947641 0.990789 0.998438
 0.338799 0.752799 0.947641 0.990789 0.998438
 0.338799 0.752799 0.947641 0.990789 0.998438
 0.338799 0.752799 0.947641 0.990789 0.998438
 0.338799 0.752799 0.947641 0.990789 0.998438
 0.338799 0.752799 0.947641 0.990789 0.998438
 0.338799 0.752799 0.947641 0.990789 0.998438
 0.338799 0.752799 0.947641 0.990789 0.998438
 0.338799 0.752799 0.947641 0.990789 0.998438
 0.338799 0.752799 0.947641 0.990789 0.998438
 0.338799 0.752799 0.947641 0.990789 0.998438
 0.338799 0.752799 0.947641 0.990789 0.998438
 0.338799 0.752799 0.947641 0.990789 0.998438
 0.338799 0.752799 0.947641 0.990789 0.998438
 0.338799 0.752799 0.947641 0.990789 0.998438
 0.338799 0.752799 0.947641 0.990789 0.998438
 0.338799 0.752799 0.947641 0.990789 0.998438
 0.338799 0.752799 0.947641 0.990789 0.998438
 0.338799 0.752799 0.947641 0.990789 0.998438
 0.338799 0.752799 0.947641 0.990789 0.998438
 0.338799 0.752799 0.947641 0.990789 0.998438
 0.338799 0.752799 0.947641 0.990789 0.998438
pf_obs 
 0.256992 0.487395 0.22802 0.0275931 0
 0.321318 0.546541 0.124235 0.00734118 0.000564706
 0.182869 0.594174 0.210203 0.0122559 0.00049798
 0.330522 0.361315 0.267642 0.0388342 0.00168674
 0.649043 0.306663 0.0425973 0.00169635 0
 0.582887 0.30429 0.105238 0.00758474 0
 0.465427 0.430635 0.0974691 0.00646863 0
 0.296916 0.608066 0.0921331 0.00288517 0
 0.311714 0.524322 0.152257 0.0117073 0
 0.15457 0.633149 0.183074 0.0267441 0.00246327
 0.131901 0.49318 0.331252 0.0422183 0.00144891
 0.196976 0.569456 0.194076 0.0375587 0.00193317
 0.518974 0.381816 0.0799577 0.0180837 0.00116848
 0.0928022 0.601141 0.25162 0.0475244 0.00691264
 0.122501 0.610282 0.24278 0.0234846 0.000952079
 0.383417 0.481906 0.127806 0.00687128 0
 0.0376549 0.599619 0.316969 0.0457579 0
 0.0361596 0.667082 0.258105 0.0386534 0
 0.158088 0.579412 0.248529 0.0139706 0
 0.0477256 0.309471 0.559284 0.082774 0.000745712
 0.0406174 0.521527 0.379366 0.0568643 0.0016247
 0.151134 0.462217 0.34131 0.0453401 0
 0.294876 0.26143 0.354403 0.0886775 0.000613685
 0.281977 0.475581 0.204845 0.0348837 0.00271318
 0.0841818 0.532909 0.334909 0.0458182 0.00218182
 0.115287 0.27431 0.454777 0.147771 0.00785563
 0 0 0 0 0
pf_pred 
 0.0953345 0.610738 0.259784 0.034138 5.46409e-06
 0.221134 0.441057 0.228054 0.0970055 0.0127494
 0.0363082 0.768895 0.11031 0.0570372 0.0274501
 0.18282 0.363723 0.361797 0.0519054 0.0397548
 0.419771 0.444106 0.0605875 0.0602667 0.0152684
 0.12298 0.777088 0.0764881 0.0104349 0.0130093
 0.470273 0.3893 0.124426 0.0122471 0.00375385
 0.233157 0.721604 0.0332463 0.010626 0.00136648
 0.282372 0.615407 0.0961905 0.00443176 0.00159861
 0.332937 0.600283 0.0572675 0.00895114 0.000561164
 0.15384 0.755849 0.0812699 0.00775321 0.00128783
 0.188428 0.647702 0.14638 0.015739 0.00175092
 0.326504 0.56213 0.0888794 0.0200867 0.00240001
 0.270255 0.695171 0.0288573 0.00456268 0.00115437
 0.273059 0.71159 0.014623 0.000607019 0.000120259
 0.281327 0.703176 0.0151699 0.000311739 1.55044e-05
 0.221135 0.709889 0.0674884 0.00145596 3.14077e-05
 0.284645 0.623745 0.0834972 0.00793799 0.000174944
 0.209047 0.701788 0.0777462 0.0104074 0.00101123
 0.248925 0.607865 0.127065 0.0140767 0.00206746
 0.283658 0.615599 0.0815341 0.0170435 0.00216544
 0.205588 0.667654 0.108931 0.0144276 0.00339905
 0.278077 0.564309 0.132465 0.0216123 0.00353686
 0.284415 0.612886 0.0802771 0.0188441 0.00357765
 0.0772225 0.790339 0.113431 0.0148574 0.00414974
 0.202205 0.421108 0.322625 0.0463037 0.00775893
 0.0691247 0.735146 0.103314 0.0791522 0.0132636
pobs_RECLAS
 0 0 0 0 0
 0 0 0 0 0
 0 0 0 0 0
 0 0 0 0 0
 0.835266 0.146461 0.0176864 0.000547809 3.91292e-05
 0.385257 0.428462 0.181853 0.0044286 0
 0.867414 0.0963971 0.0333333 0.00285562 0
 0.441836 0.489002 0.0689373 0.000224442 0
 0.779404 0.147425 0.0564933 0.0165055 0.000172143
 0.814271 0.122319 0.05973 0.00367925 0
 0.40263 0.566651 0.0304383 0.000280538 0
 0.475488 0.404961 0.113038 0.00651328 0
 0.955842 0.0263864 0.0167828 0.000988607 0
 0.975058 0.0227948 0.00214734 0 0
 0.738997 0.206755 0.0527124 0.00153531 0
 0.850938 0.134255 0.0134407 0.00136685 0
 0.542534 0.407297 0.0501686 0 0
 0.764087 0.199537 0.0359546 0.000420521 0
 0.470689 0.182191 0.310203 0.0369168 0
 0.84361 0.089868 0.0606195 0.00523954 0.000663233
 0.607945 0.314616 0.071237 0.00620181 0
 0.523733 0.453247 0.0230204 0 0
 0.530135 0.295979 0.169645 0.0042399 0
 0.562478 0.366248 0.0663022 0.0049721 0
 0.250443 0.683176 0.0655157 0.000865301 0
 0.195077 0.31981 0.436473 0.0351445 0.0134964
 0.565238 0.351407 0.0832357 0.000118908 0
ppred_RECLAS
 0.217405 0.424505 0.310477 0.0476049 7.88077e-06
 0.412489 0.24579 0.218523 0.108455 0.0147429
 0.10579 0.608478 0.1501 0.0905567 0.0450759
 0.344999 0.203199 0.34754 0.0581767 0.0460855
 0.658132 0.216623 0.0508146 0.0589766 0.0154537
 0.317234 0.554679 0.0938757 0.0149433 0.0192686
 0.723255 0.169504 0.0931521 0.0106983 0.00339152
 0.512152 0.43844 0.0347329 0.0129528 0.00172281
 0.571808 0.332294 0.089306 0.00480088 0.00179112
 0.617268 0.320039 0.052498 0.00957436 0.00062081
 0.383929 0.509575 0.0942085 0.0104867 0.00180158
 0.42737 0.396846 0.154212 0.0193468 0.00222605
 0.65811 0.2528 0.0687273 0.0181231 0.00223963
 0.704944 0.271194 0.0193568 0.00357103 0.000934449
 0.70924 0.280278 0.00990342 0.000479674 9.82879e-05
 0.600375 0.384984 0.0142807 0.000342417 1.76139e-05
 0.503389 0.4253 0.069522 0.00175 3.90449e-05
 0.567645 0.344153 0.0792145 0.00878698 0.000200294
 0.456208 0.444555 0.0846811 0.0132266 0.00132921
 0.50737 0.348656 0.125315 0.0161985 0.00246064
 0.542449 0.354532 0.0807392 0.0196925 0.00258777
 0.435563 0.422973 0.118659 0.0183374 0.00446828
 0.530116 0.314628 0.12699 0.024175 0.00409186
 0.548266 0.347752 0.0783193 0.0214511 0.00421221
 0.200415 0.617255 0.152325 0.0232798 0.00672504
 0.387103 0.237911 0.313406 0.0524835 0.00909591
 0.18681 0.543907 0.131431 0.117489 0.0203628
pobs_PELACES
 0 0 0 0 0
 0 0 0 0 0
 0 0 0 0 0
 0 0 0 0 0
 0 0 0 0 0
 0 0 0 0 0
 0 0 0 0 0
 0 0 0 0 0
 0 0 0 0 0
 0 0 0 0 0
 0.450072 0.473896 0.0757376 0.000293798 0
 0 0 0 0 0
 0.463077 0.371075 0.160297 0.00555027 0
 0.529543 0.364841 0.0842815 0.0213345 0
 0.631943 0.363953 0.00410389 0 0
 0.735681 0.248677 0.0153453 0.000297389 0
 0.695825 0.281241 0.0229344 0 0
 0.275771 0.60734 0.115278 0.00161068 0
 0 0 0 0 0
 0.896147 0.0623911 0.0374545 0.00400742 0
 0.803859 0.145111 0.0509908 3.86294e-05 0
 0.739449 0.233085 0.0266225 0.000797448 4.60066e-05
 0.878498 0.100942 0.0204185 0.000141795 0
 0.694673 0.275183 0.0284847 0.00165964 0
 0.469039 0.446079 0.0841089 0.000773354 0
 0.822795 0.102175 0.0682046 0.00682512 0
 0 0 0 0 0
ppred_PELACES
 0.336059 0.412633 0.220946 0.0303564 4.89631e-06
 0.589524 0.207447 0.135025 0.0600498 0.00795328
 0.216486 0.591073 0.106746 0.0577077 0.0279872
 0.532926 0.18069 0.226253 0.0339374 0.0261936
 0.761574 0.1708 0.0293324 0.0305056 0.00778817
 0.499522 0.430045 0.0532846 0.00760037 0.00954862
 0.850093 0.102921 0.0414088 0.00426141 0.00131624
 0.687363 0.289508 0.0167907 0.0056109 0.000727124
 0.756186 0.201552 0.0396571 0.0019103 0.000694397
 0.759551 0.210743 0.0253086 0.00413596 0.000261293
 0.582123 0.363021 0.049135 0.00490095 0.000820347
 0.634546 0.276846 0.0787608 0.00885405 0.000992592
 0.856642 0.114528 0.022795 0.00538622 0.000648529
 0.917931 0.0771981 0.004034 0.000666863 0.00017002
 0.917411 0.0804012 0.00207986 9.02686e-05 1.80216e-05
 0.77966 0.214387 0.00582214 0.000125092 6.26947e-06
 0.701812 0.265662 0.0317931 0.000717118 1.5589e-05
 0.738637 0.220442 0.0371469 0.00369232 8.20027e-05
 0.617652 0.329359 0.0459311 0.00642849 0.00062944
 0.687355 0.240843 0.0633749 0.00734054 0.00108644
 0.676844 0.267551 0.0446079 0.0097492 0.00124823
 0.583666 0.335598 0.0689261 0.0095447 0.00226603
 0.690542 0.228515 0.0675248 0.0115186 0.00189958
 0.696306 0.250347 0.0412779 0.0101307 0.00193822
 0.307399 0.571276 0.103212 0.0141344 0.00397828
 0.571932 0.200633 0.193496 0.0290354 0.00490291
 0.346716 0.486601 0.0860839 0.0689548 0.011644
pobs_pel_tallas
 0 0 0 0 0 0 0 0 0 0 0 0 0 0 0 0 0 0 0 0 0 0 0 0 0 0 0 0 0 0 0 0 0 0 0 0
 0 0 0 0 0 0 0 0 0 0 0 0 0 0 0 0 0 0 0 0 0 0 0 0 0 0 0 0 0 0 0 0 0 0 0 0
 0 0 0 0 0 0 0 0 0 0 0 0 0 0 0 0 0 0 0 0 0 0 0 0 0 0 0 0 0 0 0 0 0 0 0 0
 0 0 0 0 0 0 0 0 0 0 0 0 0 0 0 0 0 0 0 0 0 0 0 0 0 0 0 0 0 0 0 0 0 0 0 0
 0 0 0 0 0 0 0 0 0 0 0 0 0 0 0 0 0 0 0 0 0 0 0 0 0 0 0 0 0 0 0 0 0 0 0 0
 0 0 0 0 0 0 0 0 0 0 0 0 0 0 0 0 0 0 0 0 0 0 0 0 0 0 0 0 0 0 0 0 0 0 0 0
 0 0 0 0 0 0 0 0 0 0 0 0 0 0 0 0 0 0 0 0 0 0 0 0 0 0 0 0 0 0 0 0 0 0 0 0
 0 0 0 0 0 0 0 0 0 0 0 0 0 0 0 0 0 0 0 0 0 0 0 0 0 0 0 0 0 0 0 0 0 0 0 0
 0 0 0 0 0 0 0 0 0 0 0 0 0 0 0 0 0 0 0 0 0 0 0 0 0 0 0 0 0 0 0 0 0 0 0 0
 0 0 0 0 0 0 0 0 0 0 0 0 0 0 0 0 0 0 0 0 0 0 0 0 0 0 0 0 0 0 0 0 0 0 0 0
 0 0 0 0 0 0 0 0 1.78061e-05 0.00172719 0.00360574 0.0105946 0.0120993 0.0124554 0.0147524 0.0171206 0.0266825 0.0428682 0.0675386 0.121331 0.153587 0.119568 0.100827 0.0573624 0.0630603 0.0341343 0.0324427 0.0444173 0.0211091 0.0280891 0.0125444 0.00206551 0 0 0 0
 0 0 0 0 0 0 0 0 0 0 0 0 0 0 0 0 0 0 0 0 0 0 0 0 0 0 0 0 0 0 0 0 0 0 0 0
 0 0 0 0 0 0 0.0133647 0.0140871 0.0187388 0.0205184 0.03894 0.0496705 0.03968 0.0493445 0.0407372 0.0367815 0.0215668 0.0243155 0.0234873 0.0199281 0.019796 0.0243948 0.0301388 0.0376714 0.0412746 0.0863199 0.0771752 0.113111 0.0741005 0.0525337 0.0229764 0.00759418 0.00175318 0 0 0
 0 0 0 0 0 0 0 0 0 0 0.00219441 0.00772107 0.0458388 0.0604681 0.0671733 0.0775358 0.0609151 0.0617685 0.073594 0.0568108 0.0755445 0.0548602 0.0670107 0.0636378 0.0643287 0.046367 0.0373049 0.0286899 0.0247887 0.0153202 0.00654259 0.00121912 0.000365735 0 0 0
 0 0 0 0 0 0 0 0 0 0 0 0 0.000112435 0.00938835 0.0111873 0.0202946 0.0414886 0.0713402 0.111592 0.104902 0.108894 0.110636 0.117776 0.105296 0.107544 0.0401394 0.0192827 0.0124803 0.00416011 0.0028671 0.000618394 0 0 0 0 0
 0 0 0 0 0 0 0 0 0 0 0.00291406 0.0102884 0.027416 0.0768956 0.0749926 0.110853 0.0956884 0.0897413 0.0766577 0.0534642 0.0500743 0.0551293 0.0594112 0.0620874 0.0668451 0.0424026 0.0208742 0.0120726 0.0048766 0.00582813 0.00118941 0.000297354 0 0 0 0
 0 0.00264628 0.0354308 0.0461629 0.0458689 0.0383711 0.0214643 0.0164657 0.0346957 0.0420465 0.0363128 0.0245516 0.0311673 0.0291091 0.0169068 0.0133784 0.00837989 0.0085269 0.0148486 0.0160247 0.0276389 0.0546898 0.0760071 0.122758 0.109233 0.0665981 0.0333725 0.0166128 0.00676272 0.00308733 0.000882094 0 0 0 0 0
 0 0 0 0 0 0 0 0.000805153 0.000690131 0.00759144 0.0133425 0.0154129 0.00931677 0.000345066 0.00356568 0.00563607 0.00851162 0.0253048 0.0502646 0.0516448 0.0657925 0.0565908 0.0611916 0.0827007 0.0866115 0.110766 0.145733 0.0935128 0.0569358 0.0249597 0.0138026 0.00621118 0.00161031 0.00115022 0 0
 0 0 0 0 0 0 0 0 0 0 0 0 0 0 0 0 0 0 0 0 0 0 0 0 0 0 0 0 0 0 0 0 0 0 0 0
 0.00147267 0.00158595 0.00478618 0.00569244 0.00954404 0.0108468 0.00647125 0.017049 0.0510054 0.094081 0.124002 0.0959785 0.0687766 0.0820023 0.061753 0.0591476 0.0492212 0.0479892 0.0443925 0.0268479 0.0217502 0.0140895 0.0121071 0.0120363 0.00920419 0.00665534 0.0049561 0.00860946 0.00930331 0.0156896 0.0114698 0.00855282 0.00243557 0.00046729 0 2.83206e-05
 0 0 0 0 0.000772559 0.00158375 0.000888443 0.00281984 0.00712685 0.0440552 0.0773331 0.111326 0.0921469 0.0852325 0.0710754 0.0886704 0.0786465 0.0553345 0.0373146 0.0185414 0.00753245 0.00457741 0.012979 0.0271748 0.0457355 0.0583668 0.034881 0.0177882 0.00938659 0.00492506 0.0015258 0.00185414 0.000309023 5.79419e-05 3.86279e-05 0
 0 0.00173294 0.00326652 0 0.00397197 0.00683976 0.00946217 0.0152591 0.00757587 0.0136028 0.0228656 0.0392903 0.0559909 0.0764795 0.0681675 0.0726916 0.0566044 0.0477403 0.0527397 0.0444891 0.0609904 0.0582453 0.0661739 0.0445044 0.0529084 0.0360697 0.0280645 0.0235558 0.0158879 0.00826598 0.00280645 0.00217768 0.000904811 0.00058276 9.20147e-05 0
 0 0 0 0 0 0 0 0 0 0 0 0 0 0 0 0 0 0 0 0 0 0 0 0 0 0 0 0 0 0 0 0 0 0 0 0
 0 0 0 0 0 0 0 0 0 0 0 0 0 0 0 0 0 0 0 0 0 0 0 0 0 0 0 0 0 0 0 0 0 0 0 0
 0 0 0 0 0 0 0 0 0 0 0 0 0 0 0 0 0 0 0 0 0 0 0 0 0 0 0 0 0 0 0 0 0 0 0 0
 0 0 0 0 0 0 0 0 0 0 0 0 0 0 0 0 0 0 0 0 0 0 0 0 0 0 0 0 0 0 0 0 0 0 0 0
 0 0 0 0 0 0 0 0 0 0 0 0 0 0 0 0 0 0 0 0 0 0 0 0 0 0 0 0 0 0 0 0 0 0 0 0
ppred_pel_tallas
 1.04315e-16 1.46836e-05 8.61281e-05 0.000409303 0.00157566 0.00491337 0.0124111 0.0253977 0.0421101 0.0565851 0.0616613 0.054593 0.0395235 0.0239637 0.0133118 0.00873977 0.00881832 0.0117962 0.0165602 0.0225009 0.0291341 0.0358951 0.042126 0.0471737 0.0505211 0.0518925 0.0512984 0.0490037 0.045437 0.0410769 0.036353 0.0315892 0.026994 0.0226835 0.0187177 0.015132
 1.0442e-16 2.57273e-05 0.000150984 0.000717678 0.00276305 0.00861626 0.0217641 0.0445328 0.0738206 0.0991469 0.107912 0.0952351 0.0682796 0.0400657 0.019854 0.00945149 0.00609967 0.00653705 0.00876407 0.0118848 0.0154861 0.0192553 0.0228641 0.0259857 0.0283507 0.0297974 0.0302933 0.0299215 0.0288396 0.0272297 0.0252564 0.0230463 0.0206876 0.018245 0.0157763 0.0133435
 1.04999e-16 9.47654e-06 5.55423e-05 0.000263861 0.00101561 0.00316684 0.00799978 0.016373 0.0271566 0.0365205 0.0398735 0.0354849 0.0260858 0.0166055 0.0106422 0.00909179 0.0111695 0.0158385 0.0223782 0.0302534 0.0388495 0.0473613 0.0548537 0.0604307 0.0634331 0.0635892 0.0610693 0.0564194 0.050407 0.04383 0.0373541 0.0314206 0.0262344 0.0218143 0.0180706 0.0148783
 1.05661e-16 2.32585e-05 0.000136491 0.000648785 0.0024978 0.00778909 0.0196747 0.0402577 0.066734 0.0896295 0.0975546 0.0860977 0.0617358 0.036242 0.0179919 0.00862674 0.00566466 0.00617441 0.00837137 0.0114734 0.0151364 0.0191033 0.0230918 0.0268012 0.0299576 0.0323559 0.0338844 0.0345207 0.0343107 0.0333386 0.0317034 0.0295085 0.0268628 0.0238868 0.0207163 0.0174978
 1.01885e-16 3.32278e-05 0.000195022 0.000927049 0.00356919 0.0111302 0.028114 0.057525 0.0953538 0.128057 0.13935 0.122913 0.0879779 0.0513292 0.0248821 0.0109112 0.00578708 0.00523611 0.00663631 0.00882923 0.0113298 0.013835 0.0160635 0.0177562 0.0187228 0.0188831 0.0182824 0.0170721 0.0154654 0.0136831 0.0119073 0.0102568 0.00878456 0.00749329 0.00635842 0.00534899
 1.01604e-16 2.18117e-05 0.000127975 0.000608248 0.00234164 0.00730206 0.0184448 0.037743 0.0625726 0.0840618 0.0915511 0.0809333 0.0583245 0.0348247 0.0183693 0.010591 0.0092461 0.0116255 0.0160106 0.0215054 0.0274962 0.0333473 0.0383625 0.0418873 0.0434508 0.0428771 0.0403249 0.0362373 0.0312249 0.025921 0.0208553 0.0163808 0.0126602 0.00970028 0.00741017 0.00565859
 1.0083e-16 3.70849e-05 0.000217673 0.00103475 0.00398389 0.0124234 0.0313805 0.0642079 0.106429 0.142922 0.155505 0.137113 0.0980324 0.0569749 0.0272071 0.0112284 0.00494923 0.00357214 0.00416803 0.00547833 0.00703887 0.00862598 0.0100601 0.0111781 0.0118563 0.0120345 0.0117273 0.0110144 0.0100159 0.00886238 0.00766808 0.00651547 0.00545258 0.00449949 0.00365897 0.00292625
 1.0056e-16 2.99966e-05 0.000176041 0.000836789 0.00322163 0.0100463 0.0253763 0.0519244 0.0860742 0.115607 0.125833 0.111065 0.0796596 0.0468031 0.0232981 0.0112535 0.00744641 0.00805223 0.0106959 0.0142632 0.0181801 0.0219777 0.0251789 0.0273442 0.0281633 0.0275296 0.0255662 0.0225905 0.0190331 0.0153372 0.0118713 0.00887777 0.00646311 0.00462198 0.00327788 0.00232448
 1.00727e-16 3.29942e-05 0.000193647 0.000920508 0.003544 0.0110516 0.0279156 0.0571192 0.0946821 0.127158 0.138379 0.122074 0.0874152 0.0510775 0.024903 0.0111629 0.00626538 0.00597397 0.00768162 0.0102196 0.0130709 0.0158841 0.0183222 0.020074 0.0209126 0.0207474 0.0196424 0.0177947 0.0154815 0.0129935 0.0105774 0.00840209 0.00655177 0.00504081 0.00383899 0.0028964
 1.00583e-16 3.31412e-05 0.00019451 0.000924607 0.00355978 0.0111008 0.0280399 0.0573736 0.095104 0.127725 0.138998 0.122624 0.0878168 0.0513283 0.0250549 0.0112802 0.00639795 0.00615256 0.00792228 0.0105263 0.0134345 0.0162806 0.0187126 0.0204078 0.0211352 0.0208093 0.0195093 0.0174547 0.0149479 0.0123026 0.00978187 0.00756194 0.00572481 0.00427506 0.00316801 0.00233794
 1.01023e-16 2.54107e-05 0.000149111 0.000708745 0.0027286 0.0085088 0.0214928 0.0439789 0.0729068 0.0979325 0.106624 0.0941794 0.0676985 0.0400774 0.0205111 0.0108402 0.0083895 0.00995943 0.0135446 0.0181571 0.0232067 0.0281391 0.0323616 0.0353194 0.0366127 0.0360913 0.033888 0.0303771 0.026076 0.0215227 0.0171701 0.0133222 0.0101231 0.00758422 0.00563292 0.0041599
 1.01559e-16 2.76932e-05 0.000162519 0.000772505 0.00297412 0.00927447 0.0234267 0.0479352 0.079462 0.106727 0.116172 0.102548 0.0735729 0.0432717 0.0216252 0.0105912 0.00720775 0.00795933 0.010668 0.0143172 0.0183828 0.0224297 0.0260046 0.0286779 0.0301293 0.0302178 0.0290101 0.0267517 0.0237977 0.0205257 0.01726 0.0142274 0.0115491 0.00925935 0.00733824 0.00574192
 1.00577e-16 3.73709e-05 0.000219351 0.00104272 0.00401459 0.0125192 0.0316223 0.0647028 0.10725 0.144025 0.156707 0.138178 0.0988039 0.0574441 0.0274694 0.0114016 0.00512119 0.00379339 0.00446213 0.00584979 0.00747421 0.0090921 0.0105046 0.0115341 0.0120516 0.0120043 0.011427 0.0104288 0.00916365 0.00779295 0.00645323 0.00523736 0.00419128 0.00332266 0.00261531 0.0020432
 1.00114e-16 4.00419e-05 0.000235035 0.0011173 0.00430173 0.0134146 0.0338841 0.0693302 0.114918 0.154319 0.167896 0.148016 0.10578 0.0613793 0.0291249 0.0116963 0.004657 0.002809 0.00298004 0.0038155 0.00483609 0.00583972 0.00668483 0.00725214 0.00745888 0.007277 0.00674002 0.00593343 0.00497305 0.00397807 0.00304759 0.00224681 0.00160436 0.00111867 0.000768791 0.000525588
 1.0006e-16 4.00193e-05 0.000234902 0.00111666 0.00429929 0.013407 0.0338649 0.069291 0.114853 0.154232 0.167803 0.147935 0.105725 0.0613551 0.029127 0.0117208 0.00470311 0.00287965 0.00307926 0.00394603 0.00499727 0.00602601 0.00688539 0.00745151 0.00763897 0.00741998 0.0068314 0.00596455 0.00494245 0.00389126 0.00291567 0.00208419 0.00142628 0.000939083 0.000598931 0.000373244
 1.00158e-16 3.40182e-05 0.000199658 0.000949081 0.00365401 0.0113947 0.0287821 0.0588923 0.0976213 0.131105 0.142675 0.125865 0.0901325 0.0526697 0.0256865 0.0115237 0.00647559 0.00616893 0.00790745 0.0104742 0.0133213 0.0160714 0.0183649 0.0198759 0.0203773 0.0197948 0.0182265 0.0159158 0.0131905 0.010387 0.00778454 0.00556577 0.0038095 0.00250827 0.00159921 0.00099562
 1.00564e-16 3.06258e-05 0.000179737 0.000854363 0.0032893 0.0102574 0.0259094 0.0530148 0.087881 0.118031 0.128465 0.113372 0.0812793 0.0476847 0.0236074 0.0111889 0.00712766 0.00751241 0.00992102 0.013232 0.0168893 0.0204571 0.0234955 0.0255979 0.0264734 0.0260151 0.0243246 0.0216814 0.0184703 0.0150906 0.0118779 0.00905751 0.00673487 0.00491643 0.00354495 0.00253529
 1.0073e-16 3.22297e-05 0.000189158 0.000899159 0.00346179 0.0107953 0.027268 0.0557944 0.0924869 0.124212 0.135178 0.119264 0.0854316 0.0499765 0.0244742 0.0111536 0.00651594 0.00642933 0.00834678 0.011116 0.0142094 0.0172512 0.0198746 0.0217403 0.0226027 0.0223659 0.0211047 0.0190395 0.0164781 0.0137418 0.0111023 0.00874412 0.00675687 0.00515238 0.00389277 0.00291848
 1.0101e-16 2.69586e-05 0.000158202 0.000751969 0.00289504 0.00902783 0.0228038 0.0466611 0.0773515 0.103898 0.113106 0.0998725 0.0717216 0.0423201 0.0214029 0.0108982 0.00794356 0.00912737 0.0123215 0.0165016 0.0210932 0.0255845 0.0294366 0.0321456 0.0333486 0.0329078 0.0309422 0.0277888 0.0239146 0.0198055 0.01587 0.0123829 0.00947448 0.00715589 0.00536261 0.00399766
 1.01282e-16 2.99945e-05 0.000176033 0.000836757 0.00322152 0.010046 0.0253755 0.0519222 0.0860694 0.115596 0.125812 0.111022 0.0795766 0.0466498 0.0230293 0.0108078 0.00674918 0.00702421 0.00926944 0.0124044 0.015912 0.0193986 0.0224672 0.0247445 0.0259535 0.0259751 0.0248713 0.0228603 0.0202557 0.0173897 0.0145465 0.0119236 0.00962486 0.00767673 0.00605747 0.00472419
 1.01114e-16 2.95371e-05 0.000173345 0.000823977 0.00317231 0.0098925 0.0249878 0.0511293 0.0847557 0.113835 0.123901 0.109352 0.0784142 0.046038 0.0228564 0.0109414 0.00711658 0.00761694 0.010111 0.0135174 0.0172946 0.0210108 0.0242261 0.0265302 0.0276253 0.0273944 0.0259262 0.0234854 0.0204411 0.0171789 0.0140235 0.0111944 0.00879743 0.00684537 0.00529271 0.00406949
 1.01522e-16 2.54769e-05 0.000149502 0.000710609 0.00273579 0.00853122 0.0215494 0.0440946 0.0730977 0.0981866 0.106895 0.0944041 0.0678288 0.0400921 0.0204044 0.0106013 0.00799193 0.00936475 0.0127148 0.0170704 0.0218723 0.0266084 0.0307319 0.0337268 0.0352149 0.0350418 0.0333095 0.0303395 0.0265854 0.0225233 0.018557 0.0149626 0.0118778 0.009327 0.00726345 0.00560987
 1.01518e-16 3.01329e-05 0.000176847 0.000840629 0.00323644 0.0100925 0.0254929 0.0521625 0.0864672 0.11613 0.126389 0.111525 0.0799212 0.0468207 0.023056 0.0107245 0.00657024 0.00674393 0.00887296 0.0118798 0.0152595 0.0186371 0.0216364 0.0239024 0.0251697 0.0253198 0.0244037 0.022619 0.020253 0.0176114 0.0149568 0.0124726 0.0102571 0.00833943 0.00670576 0.0053244
 1.01107e-16 3.03851e-05 0.000178325 0.000847655 0.00326348 0.0101768 0.025706 0.0525985 0.0871906 0.117103 0.127452 0.112472 0.08062 0.0472703 0.0233515 0.0109841 0.00688931 0.00718613 0.0094755 0.0126552 0.0161907 0.0196719 0.0226861 0.0248497 0.0258842 0.0256801 0.0243202 0.0220517 0.0192194 0.0161827 0.0132444 0.0106086 0.00837319 0.00654949 0.00509459 0.00394324
 1.02323e-16 1.34401e-05 7.88133e-05 0.000374498 0.00144159 0.00449526 0.0113552 0.0232383 0.0385353 0.0517977 0.0564871 0.0501133 0.0365004 0.0225684 0.0133199 0.0099 0.0110672 0.0152536 0.0214141 0.028878 0.0369943 0.0449603 0.0518578 0.0568122 0.0591851 0.0587229 0.0556112 0.0504109 0.0439079 0.0369238 0.0301536 0.0240686 0.0188996 0.0146794 0.011316 0.00866435
 1.04039e-16 2.49601e-05 0.00014648 0.000696266 0.00268061 0.00835917 0.0211147 0.0432041 0.0716182 0.0961893 0.104694 0.0923982 0.066252 0.0388893 0.019297 0.00923276 0.00602631 0.00652129 0.00878694 0.0119635 0.0156578 0.0195704 0.0233796 0.0267559 0.0294151 0.031168 0.0319448 0.0317875 0.0308171 0.0291919 0.0270711 0.0245959 0.0218869 0.019052 0.0161945 0.0134164
 1.04294e-16 1.51509e-05 8.88656e-05 0.000422305 0.00162569 0.0050694 0.0128053 0.0262047 0.0434497 0.0583893 0.0636383 0.0563693 0.0408656 0.024888 0.0140205 0.00948686 0.00982133 0.0132131 0.0184883 0.0249654 0.0320659 0.0391108 0.0453289 0.0499828 0.0525292 0.0527424 0.0507584 0.0470211 0.0421549 0.0368093 0.0315251 0.0266601 0.0223807 0.0187028 0.0155562 0.0128443
pSPR Fmed_Fpbrs
0.468097   0.6 0.325
Fs Fmed_Fpbrs
0.64   0.372591 1.21899
SSBpbr Bo_Bmed_Bpbrs
546561  228516  300608 150304
Ro
22925.4
SPR SPRFo_SPRFmed_SPRFpbrs
473506 221647 153890
log_Ro
9.86
likeval ReclasPelacesDesembMPH_pf_preclas_ppelaces_ptallas_desvR_qrecl_qpela
 71.3157 12.6122 0.125258 0.000462925 362.47 212.154 58.6793 0 26.0269 8.95112e-05 0.000299385 9.83481e-15 0 0 0
q_reclas_q_pelaces
3.8216 11.7242
M
0.7
N
 22031.2 16841.9 7163.9 941.402 0.150679
 40803.2 10469.4 5413.36 2302.64 302.636
 5504.3 18979.2 2722.86 1407.89 677.572
 9014.88 2376.54 2363.96 339.147 259.755
 36427.5 4156.82 567.097 564.095 142.912
 17940.2 17790.9 1751.15 238.901 297.841
 63457.9 7843.12 2506.77 246.739 75.6277
 58014 28200.4 1299.27 415.265 53.4025
 69089.9 25355.9 3963.23 182.597 65.8656
 113745 29482.8 2812.68 439.633 27.5614
 63306.4 51159.6 5500.74 524.775 87.1667
 48175.8 27237.9 6155.74 661.873 73.6315
 56245.6 20727.8 3277.31 740.67 88.4972
 29259 21846.1 906.857 143.385 36.2766
 12922.2 9697.94 199.291 8.27278 1.63896
 9598.62 4304.09 92.8541 1.90813 0.0949012
 7241.21 4003.15 380.575 8.21033 0.177112
 8911.48 3065.48 410.358 39.0123 0.859787
 8271.71 3895.59 431.565 57.7711 5.61328
 10142 3748.83 783.636 86.8135 12.7504
 16530.9 4487.03 594.293 124.228 15.7836
 18612.4 7752.01 1264.78 167.516 39.4657
 31078.7 8665.14 2034.04 331.863 54.3096
 48778.4 14175.4 1856.73 435.845 82.7475
 17430.6 22374 3211.17 420.605 117.477
 29310.4 8167.42 6257.34 898.065 150.485
 7902.42 13476.1 1893.87 1450.96 243.139
pred_Ctot
 683.722 4380.1 1863.13 244.832 0.0391875
 1865.22 3720.22 1923.59 818.221 107.539
 520.928 11031.6 1582.66 818.336 393.838
 465.177 925.478 920.578 132.071 101.154
 432.637 457.718 62.4445 62.1138 15.7363
 1554.82 9824.68 967.035 131.928 164.476
 4827.08 3995.95 1277.16 125.71 38.5312
 5037.63 15591.1 718.325 229.587 29.5245
 7050.84 15366.7 2401.88 110.661 39.9172
 7755.5 13983.1 1334 208.51 13.0719
 6131.8 30127 3239.29 309.031 51.331
 4666.33 16040 3625.04 389.769 43.3606
 8937.32 15387.1 2432.88 549.829 65.6951
 7161.28 18420.8 764.668 120.903 30.5887
 3130.76 8158.73 167.66 6.95977 1.37883
 1116.73 2791.25 60.217 1.23745 0.0615445
 775.242 2488.68 236.596 5.1042 0.110107
 772.821 1693.49 226.698 21.5519 0.47498
 522.351 1753.58 194.266 26.0053 2.52678
 800.843 1955.63 408.795 45.2875 6.65143
 663.994 1441.01 190.857 39.8958 5.06891
 839.513 2726.35 444.818 58.9147 13.8799
 1830.49 3714.67 871.973 142.267 23.282
 2689.45 5795.51 759.107 178.191 33.8306
 709.594 7262.39 1042.31 136.524 38.1318
 1569.61 3268.84 2504.37 359.431 60.2284
 721.542 7673.64 1078.42 826.211 138.449
F
 0.0439976 0.435 0.435 0.435 0.435
 0.0654175 0.646777 0.646777 0.646777 0.646777
 0.139882 1.38301 1.38301 1.38301 1.38301
 0.0741254 0.732871 0.732871 0.732871 0.732871
 0.0166362 0.164481 0.164481 0.164481 0.164481
 0.12741 1.25969 1.25969 1.25969 1.25969
 0.111039 1.09783 1.09783 1.09783 1.09783
 0.127672 1.26228 1.26228 1.26228 1.26228
 0.151602 1.49887 1.49887 1.49887 1.49887
 0.099012 0.978923 0.978923 0.978923 0.978923
 0.143378 1.41756 1.41756 1.41756 1.41756
 0.14338 1.41759 1.41759 1.41759 1.41759
 0.245703 2.42925 2.42925 2.42925 2.42925
 0.404273 3.99701 3.99701 3.99701 3.99701
 0.39938 3.94864 3.94864 3.94864 3.94864
 0.174537 1.72564 1.72564 1.72564 1.72564
 0.159585 1.57781 1.57781 1.57781 1.57781
 0.127496 1.26054 1.26054 1.26054 1.26054
 0.0913991 0.903655 0.903655 0.903655 0.903655
 0.115489 1.14183 1.14183 1.14183 1.14183
 0.0572771 0.566293 0.566293 0.566293 0.566293
 0.0645227 0.63793 0.63793 0.63793 0.63793
 0.0850105 0.840492 0.840492 0.840492 0.840492
 0.0793855 0.784877 0.784877 0.784877 0.784877
 0.0580714 0.574146 0.574146 0.574146 0.574146
 0.0770242 0.761531 0.761531 0.761531 0.761531
 0.134651 1.33128 1.33128 1.33128 1.33128
Np
 14510.6 6939.25 1173.43 604.742 114.063
YTP_r0W_actual
 1727.28 66521.7 13590.1 13296.7 2472.63
YTP_p0W_proyectada
 3171.67 16930.7 12684.2 2276.48 2189.33
 3171.67 34253.9 8420.34 5541.9 1159.98
CTP_r0_actual
 210.644 3079.71 432.807 331.588 55.5647
CTP_p0_proyectada
 386.789 783.827 403.957 56.7701 49.1984
 386.789 1585.83 268.164 138.202 26.067
Wmedp
 8.2 21.6 31.4 40.1 44.5
nmprior
 10.8 10.6 4.6 0
nm_flota  nm_reclas  nm_pelaces    nm_pelaL
inf 21.7704 11.6568 31.1322
cv_recla  cv_pelaces  cv_mph
0.731346 0.389032 0.575031
 ------------------------------------------------
Talla a la edad & desviaci?n 
 7.2 14.2025 17.0495 18.207 18.6776
 1.08 2.13037 2.55742 2.73105 2.80164
