years
 1991 1992 1993 1994 1995 1996 1997 1998 1999 2000 2001 2002 2003 2004 2005 2006 2007 2008 2009 2010 2011 2012 2013 2014 2015 2016 2017 2018 2019 2020 2021 2022 2023
reclasobs
 0 0 0 0 0 0 0 0 0 252601 567819 844713 477998 351125 339783 2.1784e+06 2.13404e+06 4.81314e+06 1.55562e+06 2.62356e+06 3.21686e+06 3.843e+06 1.13348e+06 3.07943e+06 1.97215e+06 2.03268e+06 2.025e+06 2.42433e+06 2.27542e+06 1.05018e+06 2.36338e+06 3.18982e+06 1.53035e+06
reclaspred
 3.87569e+06 2.1537e+06 770625 749101 145939 3.47681e+06 1.47031e+06 321414 1.06818e+06 234695 361125 976068 731383 669877 423574 2.02232e+06 848099 5.22794e+06 2.63894e+06 2.41211e+06 3.01301e+06 3.39716e+06 1.71963e+06 3.39585e+06 2.60374e+06 1.6006e+06 2.18608e+06 3.72465e+06 2.98909e+06 915266 2.07195e+06 1.77804e+06 737443
pelacesobs
 0 0 0 0 0 0 0 0 0 0 0 0 0 0 0 552880 188675 0 991730 2.46772e+06 1.41603e+06 1.21717e+06 2.29649e+06 1.80582e+06 0 1.4828e+06 1.56532e+06 1.57751e+06 1.42118e+06 867257 1.10002e+06 1.06204e+06 0
pelacespred
 3.40691e+06 1.29077e+06 410705 283296 45849.3 2.02161e+06 755743 237726 571819 82082.8 190556 426320 339559 311845 179535 888220 361973 3.02524e+06 1.38239e+06 1.06041e+06 1.48537e+06 1.63607e+06 939596 2.1512e+06 1.57236e+06 978941 1.45757e+06 2.27603e+06 2.00494e+06 610399 980839 1.06598e+06 319208
mphobs
 0 0 0 0 0 0 0 0 0 0 0 0 498337 0 5186 125008 0 168611 109162 213762 579715 649985 157893 87575 83554 210694 70296 0 107559 103333 445601 22526 28222
mphpred
 954421 276207 210453 39463.6 52700.3 6369.49 454223 83285.7 20368.9 96472.5 7261.38 43862.1 87902.6 40459.2 29476.6 25527.6 226178 50980.4 605026 159511 300902 236659 389662 133280 385746 296796 125623 221220 571373 240474 58540.8 315477 78952.9
desembarqueobs
 494567 514787 250237 358949 120608 361735 552515 73892 212993 205616 52469 317467 293654 387597 252695 516296 358380 742168 942051 627588 828172 859565 418607 520667 417249 300574 415391 372974 316634 284311 391294 218835 356480
desembarquepred
 494451 514569 249686 358433 120502 361491 551760 73854.8 212793 205352 52442.2 317041 293158 386669 252239 515548 357994 741253 939955 626151 827375 858087 418091 520170 416640 300157 414828 372563 316206 283569 390698 218731 356042
Reclutas
 5508.07 184881 8640.9 108770 3864.51 283294 4247.68 1347.19 57796.8 5111.98 33798.6 121299 64347.1 73437.4 40228.7 257759 7924.03 483134 109558 253437 164573 420034 10738.8 171560 137270 23463.3 126509 182943 26443.6 19295.8 135380 10064.8 61406.2
log_desv_Rt
 -2.14438 1.36912 -1.69409 0.838646 -2.49876 1.79589 -2.40422 -3.55257 0.206339 -2.21901 -0.330173 0.947664 0.313698 0.44584 -0.156014 1.70143 -1.78069 2.3297 0.845863 1.68452 1.25276 2.18974 -1.47673 1.29434 1.07135 -0.695158 0.989721 1.35858 -0.575581 -0.890704 1.05749 -1.54155 0.266917
SSB
 954421 276207 210453 39463.6 52700.3 6369.49 454223 83285.7 20368.9 96472.5 7261.38 43862.1 87902.6 40459.2 29476.6 25527.6 226178 50980.4 605026 159511 300902 236659 389662 133280 385746 296796 125623 221220 571373 240474 58540.8 315477 78952.9
BT
 1.24467e+06 938312 320899 408599 105150 1.25493e+06 689909 127778 445807 200829 128302 446554 394531 541092 327290 812642 380943 2.051e+06 1.32576e+06 925427 1.25357e+06 1.40483e+06 598409 1.4189e+06 904825 543520 1.05158e+06 1.25777e+06 806974 455782 733868 467227 449237
Ftot
 0.592767 1.34807 1.3614 2.70666 2.71494 0.754071 1.51146 1.03012 1.35085 2.82213 1.00429 1.96844 2.06653 3.13751 3.20419 1.70708 1.70115 0.995591 1.62208 1.58309 1.47591 1.52991 1.08131 1.004 0.872208 0.907792 1.20141 0.652591 0.51106 1.40821 1.2601 0.589556 2.54126
BD_Bspro_t
 0.909516 0.449452 0.303474 0.0836375 0.09276 0.0165317 0.441131 0.119536 0.0491142 0.201725 0.0292137 0.218782 0.212048 0.0955849 0.0667727 0.0613169 0.248367 0.0730214 0.37857 0.139357 0.194325 0.162542 0.249074 0.115495 0.299297 0.296411 0.191728 0.321073 0.517659 0.315599 0.130701 0.379297 0.193452
BD_Bspro
 2.81744 0.815358 0.621255 0.116496 0.15557 0.0188027 1.34086 0.245858 0.0601288 0.284785 0.0214355 0.12948 0.259487 0.119435 0.0870145 0.075357 0.667675 0.150493 1.78603 0.470876 0.888259 0.698615 1.15028 0.39344 1.13872 0.876138 0.370837 0.653038 1.68668 0.709875 0.172812 0.931283 0.233068
BD_Bo
 4.38414 1.26876 0.966718 0.181276 0.242079 0.0292583 2.08648 0.382573 0.0935647 0.443147 0.0333552 0.201481 0.403781 0.185849 0.135401 0.117261 1.03895 0.234179 2.77919 0.732717 1.38219 1.0871 1.78991 0.612222 1.77193 1.36333 0.57705 1.01617 2.6246 1.10462 0.268907 1.44914 0.36267
BD_Brms
 4.69697 1.35929 1.0357 0.194211 0.259353 0.0313461 2.23536 0.409872 0.100241 0.474768 0.0357353 0.215858 0.432594 0.199111 0.145063 0.125628 1.11309 0.250889 2.9775 0.785001 1.48082 1.16467 1.91764 0.655908 1.89836 1.46062 0.618226 1.08869 2.81189 1.18344 0.288096 1.55255 0.388549
Sel_flota
 0.477577 1 1 1 1
 0.477577 1 1 1 1
 0.477577 1 1 1 1
 0.477577 1 1 1 1
 0.477577 1 1 1 1
 0.477577 1 1 1 1
 0.477577 1 1 1 1
 0.477577 1 1 1 1
 0.477577 1 1 1 1
 0.477577 1 1 1 1
 0.477577 1 1 1 1
 0.477577 1 1 1 1
 0.477577 1 1 1 1
 0.477577 1 1 1 1
 0.477577 1 1 1 1
 0.477577 1 1 1 1
 0.477577 1 1 1 1
 0.477577 1 1 1 1
 0.477577 1 1 1 1
 0.477577 1 1 1 1
 0.477577 1 1 1 1
 0.477577 1 1 1 1
 0.477577 1 1 1 1
 0.477577 1 1 1 1
 0.477577 1 1 1 1
 0.477577 1 1 1 1
 0.477577 1 1 1 1
 0.477577 1 1 1 1
 0.477577 1 1 1 1
 0.477577 1 1 1 1
 0.477577 1 1 1 1
 0.477577 1 1 1 1
 0.477577 1 1 1 1
Sel_reclas
 0.732981 1 1 1 1
 0.732981 1 1 1 1
 0.732981 1 1 1 1
 0.732981 1 1 1 1
 0.732981 1 1 1 1
 0.732981 1 1 1 1
 0.732981 1 1 1 1
 0.732981 1 1 1 1
 0.732981 1 1 1 1
 0.732981 1 1 1 1
 0.732981 1 1 1 1
 0.732981 1 1 1 1
 0.732981 1 1 1 1
 0.732981 1 1 1 1
 0.732981 1 1 1 1
 0.732981 1 1 1 1
 0.732981 1 1 1 1
 0.732981 1 1 1 1
 0.732981 1 1 1 1
 0.732981 1 1 1 1
 0.732981 1 1 1 1
 0.732981 1 1 1 1
 0.732981 1 1 1 1
 0.732981 1 1 1 1
 0.732981 1 1 1 1
 0.732981 1 1 1 1
 0.732981 1 1 1 1
 0.732981 1 1 1 1
 0.732981 1 1 1 1
 0.732981 1 1 1 1
 0.732981 1 1 1 1
 0.732981 1 1 1 1
 0.732981 1 1 1 1
Sel_pelaces
 0.457405 0.80925 0.955259 0.990779 0.998154
 0.457405 0.80925 0.955259 0.990779 0.998154
 0.457405 0.80925 0.955259 0.990779 0.998154
 0.457405 0.80925 0.955259 0.990779 0.998154
 0.457405 0.80925 0.955259 0.990779 0.998154
 0.457405 0.80925 0.955259 0.990779 0.998154
 0.457405 0.80925 0.955259 0.990779 0.998154
 0.457405 0.80925 0.955259 0.990779 0.998154
 0.457405 0.80925 0.955259 0.990779 0.998154
 0.457405 0.80925 0.955259 0.990779 0.998154
 0.457405 0.80925 0.955259 0.990779 0.998154
 0.457405 0.80925 0.955259 0.990779 0.998154
 0.457405 0.80925 0.955259 0.990779 0.998154
 0.457405 0.80925 0.955259 0.990779 0.998154
 0.457405 0.80925 0.955259 0.990779 0.998154
 0.457405 0.80925 0.955259 0.990779 0.998154
 0.457405 0.80925 0.955259 0.990779 0.998154
 0.457405 0.80925 0.955259 0.990779 0.998154
 0.457405 0.80925 0.955259 0.990779 0.998154
 0.457405 0.80925 0.955259 0.990779 0.998154
 0.457405 0.80925 0.955259 0.990779 0.998154
 0.457405 0.80925 0.955259 0.990779 0.998154
 0.457405 0.80925 0.955259 0.990779 0.998154
 0.457405 0.80925 0.955259 0.990779 0.998154
 0.457405 0.80925 0.955259 0.990779 0.998154
 0.457405 0.80925 0.955259 0.990779 0.998154
 0.457405 0.80925 0.955259 0.990779 0.998154
 0.457405 0.80925 0.955259 0.990779 0.998154
 0.457405 0.80925 0.955259 0.990779 0.998154
 0.457405 0.80925 0.955259 0.990779 0.998154
 0.457405 0.80925 0.955259 0.990779 0.998154
 0.457405 0.80925 0.955259 0.990779 0.998154
 0.457405 0.80925 0.955259 0.990779 0.998154
pf_obs 
 0.8446 0.082 0.0669 0.0065 0
 0.8095 0.147 0.0364 0.0071 0
 0.9664 0.0169 0.016 0.0007 0
 0.9276 0.0648 0.0075 0.0001 0
 0.7033 0.2144 0.0806 0.0017 0
 0.9318 0.0425 0.0243 0.0014 0
 0.5671 0.3108 0.0964 0.0239 0.0018
 0.0768 0.2599 0.5324 0.112 0.0189
 0.490249 0.384438 0.106611 0.0170017 0.00170017
 0.7925 0.1577 0.0466 0.003 0.0002
 0.840416 0.127587 0.0312969 0.00059994 9.999e-05
 0.8084 0.0986 0.0794 0.0134 0.0002
 0.7335 0.1905 0.0724 0.0035 0.0001
 0.4001 0.4547 0.1325 0.0127 0
 0.49795 0.308269 0.164784 0.0264974 0.00249975
 0.9179 0.0499 0.0305 0.0017 0
 0.2467 0.6533 0.0926 0.0074 0
 0.9418 0.0223 0.034 0.0019 0
 0.707729 0.231977 0.0356964 0.0245975 0
 0.517169 0.277429 0.184464 0.0207286 0.00020938
 0.811772 0.124168 0.05621 0.00726502 0.000585176
 0.764997 0.148141 0.077277 0.00933861 0.000247198
 0.163321 0.427699 0.378323 0.0303852 0.000271297
 0.753843 0.0900009 0.118128 0.0371064 0.000921714
 0.721811 0.176058 0.0630433 0.0369309 0.00215725
 0.143369 0.312575 0.442814 0.0836902 0.0175525
 0.692698 0.0596174 0.167031 0.0765114 0.00414204
 0.394062 0.376323 0.152708 0.0712218 0.00568511
 0.125707 0.32114 0.495352 0.0537591 0.00404204
 0.23352 0.215282 0.420074 0.123614 0.00750983
 0.796117 0.104755 0.0508955 0.0450114 0.00322123
 0.162477 0.292055 0.404252 0.121198 0.0200186
 0 0 0 0 0
pf_pred 
 0.0470323 0.241331 0.535741 0.175894 1.59656e-06
 0.891195 0.0120942 0.0244912 0.0543691 0.0178505
 0.12452 0.844459 0.00344816 0.00698268 0.0205905
 0.937598 0.020098 0.0408046 0.000166617 0.00133235
 0.198503 0.792372 0.00293909 0.00596718 0.000219206
 0.995813 0.00246825 0.00169881 6.30128e-06 1.32633e-05
 0.0350469 0.963441 0.000891654 0.000613693 7.0677e-06
 0.104858 0.101918 0.79198 0.000732969 0.000510285
 0.967585 0.00833345 0.00274185 0.0213061 3.34465e-05
 0.245963 0.74652 0.00193253 0.000635835 0.00494865
 0.963699 0.0241277 0.0120519 3.1199e-05 9.01568e-05
 0.911216 0.0876555 0.000749862 0.000374561 3.77161e-06
 0.706521 0.286886 0.00650951 5.56866e-05 2.80959e-05
 0.848748 0.138239 0.0127212 0.000288646 3.7151e-06
 0.828088 0.167633 0.00391026 0.000359834 8.26982e-06
 0.980377 0.0190727 0.000536744 1.25202e-05 1.17863e-06
 0.107086 0.888258 0.00452561 0.00012736 3.2505e-06
 0.985408 0.00457603 0.00996395 5.07656e-05 1.46511e-06
 0.384036 0.612853 0.000975488 0.00212405 1.11342e-05
 0.856738 0.0998818 0.0431612 6.87003e-05 0.000150374
 0.690107 0.296272 0.00949636 0.00410359 2.08287e-05
 0.885893 0.101097 0.0124379 0.00039867 0.000173149
 0.0752808 0.892456 0.0285849 0.00351677 0.00016168
 0.892127 0.0212292 0.0836212 0.00267834 0.000344663
 0.655896 0.330449 0.00268711 0.0105845 0.00038264
 0.25215 0.629539 0.113616 0.000923892 0.00377075
 0.867911 0.0644619 0.0569281 0.0102741 0.000424528
 0.783502 0.206507 0.00487574 0.00430589 0.000809218
 0.204359 0.718832 0.0732642 0.0017298 0.00181473
 0.37595 0.241938 0.345224 0.0351856 0.00170228
 0.937822 0.0417814 0.00790761 0.0112834 0.00120566
 0.162695 0.820388 0.0113674 0.00215141 0.0033979
 0.835462 0.0542441 0.108066 0.00149738 0.000730984
pobs_RECLAS
 0 0 0 0 0
 0 0 0 0 0
 0 0 0 0 0
 0 0 0 0 0
 0 0 0 0 0
 0 0 0 0 0
 0 0 0 0 0
 0 0 0 0 0
 0 0 0 0 0
 0 0 0 0 0
 0.991045 0.00858322 0.000360255 1.14367e-05 0
 0.934742 0.0480273 0.0164251 0.00080598 0
 0.827803 0.169806 0.00239088 0 0
 0.941827 0.0461693 0.0120037 0 0
 0.791401 0.0380133 0.147996 0.0225897 0
 0.846168 0.0940531 0.0597789 0 0
 0.134021 0.677848 0.182769 0.00536245 0
 0.80878 0.0450904 0.141981 0.00414843 0
 0.846168 0.0940531 0.0597789 0 0
 0.905697 0.0802665 0.012482 0.00150086 5.37128e-05
 0.989698 0.0102097 9.19794e-05 0 0
 0.975433 0.0193895 0.00387452 0.00125025 5.28907e-05
 0.303575 0.632131 0.0575291 0.00676475 0
 0.966965 0.00978017 0.0227588 0.000495775 0
 0.843318 0.132988 0.00938335 0.0141283 0.000182051
 0.564624 0.303363 0.111486 0.0197234 0.00080311
 0.826376 0.0876187 0.0782897 0.00655872 0.00115652
 0.89761 0.0855135 0.0140674 0.00269457 0.000114338
 0.34875 0.467042 0.161289 0.0227151 0.000203297
 0.318654 0.224769 0.449479 0.00709798 0
 0.937255 0.0296025 0.0250945 0.00804832 0
 0.456809 0.399803 0.12412 0.0192676 0
 0.883104 0.0372192 0.0704036 0.00927362 0
ppred_RECLAS
 0.0727985 0.234806 0.521256 0.171138 1.55339e-06
 0.93347 0.00739512 0.0149754 0.0332447 0.0109149
 0.196156 0.775361 0.00316602 0.00641132 0.0189057
 0.969121 0.00994537 0.0201919 8.24491e-05 0.000659303
 0.341262 0.651238 0.0024156 0.00490433 0.000180162
 0.997399 0.00153353 0.00105547 3.91499e-06 8.24051e-06
 0.0596713 0.938855 0.0008689 0.000598032 6.88734e-06
 0.162346 0.0953731 0.741118 0.000685896 0.000477514
 0.980824 0.00492978 0.00162198 0.012604 1.97858e-05
 0.410066 0.584053 0.00151195 0.000497456 0.00387166
 0.977683 0.0148333 0.00740931 1.91806e-05 5.54268e-05
 0.950179 0.0491877 0.000420784 0.000210184 2.11643e-06
 0.81944 0.176504 0.00400491 3.42606e-05 1.72857e-05
 0.926765 0.0669344 0.00615951 0.000139761 1.79883e-06
 0.91665 0.0812752 0.00189585 0.000174462 4.00953e-06
 0.988953 0.0107368 0.000302156 7.04818e-06 6.63502e-07
 0.176773 0.818934 0.00417241 0.00011742 2.99681e-06
 0.991098 0.00279146 0.00607819 3.09679e-05 8.93742e-07
 0.52489 0.472711 0.000752421 0.00163834 8.58811e-06
 0.913372 0.0603965 0.0260987 4.15417e-05 9.09279e-05
 0.79482 0.196162 0.00628755 0.00271699 1.37907e-05
 0.931489 0.0607002 0.00746791 0.000239367 0.000103961
 0.119253 0.850017 0.0272256 0.00334954 0.000153991
 0.931726 0.0134361 0.0529243 0.00169514 0.000218139
 0.75643 0.233905 0.00190204 0.00749209 0.000270848
 0.355331 0.542682 0.0979407 0.000796423 0.0032505
 0.917148 0.0404336 0.035708 0.00644442 0.000266284
 0.852609 0.140589 0.00331938 0.00293144 0.000550913
 0.288812 0.642532 0.0654876 0.00154619 0.0016221
 0.50965 0.190104 0.271261 0.0276473 0.00133758
 0.962373 0.0252838 0.00478525 0.00682811 0.000729598
 0.23608 0.748486 0.0103711 0.00196285 0.00310009
 0.911617 0.0291375 0.0580482 0.000804325 0.000392653
pobs_PELACES
 0 0 0 0 0
 0 0 0 0 0
 0 0 0 0 0
 0 0 0 0 0
 0 0 0 0 0
 0 0 0 0 0
 0 0 0 0 0
 0 0 0 0 0
 0 0 0 0 0
 0 0 0 0 0
 0 0 0 0 0
 0 0 0 0 0
 0 0 0 0 0
 0 0 0 0 0
 0 0 0 0 0
 0 0 0 0 0
 0.505614 0.472636 0.0217494 0 0
 0 0 0 0 0
 0.443492 0.261883 0.143347 0.151278 0
 0.227955 0.32914 0.350689 0.0885471 0.00366901
 0.970185 0.0296113 0.000203453 0 0
 0.997202 0.00247181 0.000326279 0 0
 0.445219 0.490057 0.0546422 0.010081 0
 0.90214 0.0892962 0.00764917 0.000914606 0
 0 0 0 0 0
 0.581667 0.319106 0.0959925 0.00289975 0.000334073
 0.762889 0.0836404 0.116647 0.0363945 0.000428098
 0.88444 0.0763242 0.0277011 0.0115352 0
 0.521256 0.241999 0.230069 0.00667565 0
 0.616807 0.101726 0.260614 0.0208532 0
 0.833518 0.0704572 0.0857862 0.0102388 0
 0.697417 0.212968 0.0787535 0.0105354 0.000325836
 0 0 0 0 0
ppred_PELACES
 0.0554253 0.209309 0.548489 0.186775 1.70795e-06
 0.919751 0.00748958 0.0179032 0.0412219 0.0136348
 0.19098 0.774168 0.00373149 0.00783741 0.023283
 0.97171 0.00810963 0.0194354 8.23113e-05 0.000663101
 0.388905 0.602694 0.00263888 0.00555688 0.000205653
 0.99682 0.00174524 0.00141791 5.45492e-06 1.15673e-05
 0.0596915 0.938543 0.00102533 0.000731937 8.49223e-06
 0.133361 0.0850669 0.780298 0.00074901 0.000525335
 0.977174 0.00504594 0.00195974 0.0157949 2.49794e-05
 0.465245 0.52827 0.00161428 0.000550875 0.00431933
 0.974273 0.0161213 0.00950563 2.55224e-05 7.43018e-05
 0.953699 0.0455992 0.000460466 0.000238558 2.42002e-06
 0.832697 0.162882 0.00436265 3.87087e-05 1.96753e-05
 0.942866 0.0514154 0.00558506 0.000131439 1.70431e-06
 0.936172 0.0619556 0.00170594 0.000162823 3.76991e-06
 0.989269 0.0103771 0.000344723 8.34012e-06 7.90966e-07
 0.181541 0.81342 0.00489205 0.000142791 3.67147e-06
 0.989094 0.00304288 0.00782107 4.13295e-05 1.20166e-06
 0.529546 0.467581 0.000878538 0.00198408 1.04779e-05
 0.910135 0.0594039 0.0303012 5.00243e-05 0.00011031
 0.792537 0.196669 0.00744117 0.00333506 1.70538e-05
 0.930412 0.0603971 0.00877128 0.000291598 0.000127589
 0.11111 0.852361 0.0322264 0.00411221 0.000190462
 0.916082 0.0144086 0.0669951 0.00222561 0.000288535
 0.734024 0.253252 0.00243092 0.00993139 0.000361704
 0.325733 0.551673 0.117527 0.000991229 0.00407569
 0.905492 0.0420834 0.0438704 0.00821194 0.000341844
 0.831803 0.158942 0.00442976 0.00405751 0.000768214
 0.251536 0.664492 0.0799452 0.00195773 0.00206913
 0.478595 0.181605 0.305888 0.0323357 0.00157605
 0.958236 0.0262724 0.00586949 0.00868665 0.000935096
 0.208083 0.772847 0.0126408 0.00248137 0.0039482
 0.916599 0.0245147 0.0576501 0.000828511 0.00040747
pobs_pel_tallas
 0 0 0 0 0 0 0 0 0 0 0 0 0 0 0 0 0 0 0 0 0 0 0 0 0 0
 0 0 0 0 0 0 0 0 0 0 0 0 0 0 0 0 0 0 0 0 0 0 0 0 0 0
 0 0 0 0 0 0 0 0 0 0 0 0 0 0 0 0 0 0 0 0 0 0 0 0 0 0
 0 0 0 0 0 0 0 0 0 0 0 0 0 0 0 0 0 0 0 0 0 0 0 0 0 0
 0 0 0 0 0 0 0 0 0 0 0 0 0 0 0 0 0 0 0 0 0 0 0 0 0 0
 0 0 0 0 0 0 0 0 0 0 0 0 0 0 0 0 0 0 0 0 0 0 0 0 0 0
 0 0 0 0 0 0 0 0 0 0 0 0 0 0 0 0 0 0 0 0 0 0 0 0 0 0
 0 0 0 0 0 0 0 0 0 0 0 0 0 0 0 0 0 0 0 0 0 0 0 0 0 0
 0 0 0 0 0 0 0 0 0 0 0 0 0 0 0 0 0 0 0 0 0 0 0 0 0 0
 0 0 0 0 0 0 0 0 0 0 0 0 0 0 0 0 0 0 0 0 0 0 0 0 0 0
 0 0 0 0 0 0 0 0 0 0 0 0 0 0 0 0 0 0 0 0 0 0 0 0 0 0
 0 0 0 0 0 0 0 0 0 0 0 0 0 0 0 0 0 0 0 0 0 0 0 0 0 0
 0.00862536 0 0 0.000197151 0.00414017 0.0128641 0.00837892 0.0270097 0.101434 0.158115 0.152841 0.127902 0.109271 0.109419 0.0830992 0.0579132 0.0238553 0.00714673 0.00463305 0.00128148 0.00103504 0.000492878 0.000147863 0.000147863 4.92878e-05 0
 0 0 0 0 0 0 0 0 0 0 0 0 0 0 0 0 0 0 0 0 0 0 0 0 0 0
 0 0 0 0 0 0 0 0.0054083 0.00873648 0.0413646 0.0450493 0.0745869 0.0622846 0.0627006 0.0613931 0.0827291 0.12552 0.122667 0.0946155 0.0697135 0.0546179 0.0294188 0.0215738 0.0213955 0.0102223 0.00600262
 0 0 0 0 0.00359764 0.0251062 0.0480494 0.140153 0.205849 0.193036 0.1447 0.116669 0.0760912 0.0342217 0.00950174 0.001854 0.000860785 0 0 0 0.000165536 0 0.000143464 0 0 0
 0 0 0 0 0 0 0 0.000145254 0.000435761 0.0275982 0.070085 0.0708112 0.156366 0.174668 0.174014 0.160142 0.0824315 0.0480064 0.0283245 0.00493863 0.00203355 0 0 0 0 0
 0 0 0 0 0 0 0 0 0 0 0 0 0 0 0 0 0 0 0 0 0 0 0 0 0 0
 0 0 1.00437e-05 0.000401748 0.00122533 0.00171747 0.00176769 0.0269171 0.070346 0.194647 0.189555 0.159765 0.064822 0.0314167 0.0384472 0.0292271 0.0345202 0.0313363 0.0194345 0.0106764 0.0143323 0.0359363 0.0279516 0.0138201 0.00172751 0
 0 0.0021121 0.0136068 0.0755702 0.200478 0.177729 0.0527432 0.0373336 0.0318909 0.0142505 0.0149659 0.0166563 0.0217959 0.0798694 0.0677717 0.0528807 0.04013 0.0224614 0.0357745 0.0225083 0.00881397 0.00855152 0.00135912 0.000746735 0 0
 0 0 0 0 5.4009e-05 0.00500934 0.000945158 0.0243581 0.138947 0.33067 0.221406 0.137944 0.0707744 0.0437923 0.0131692 0.00525238 0.0047753 0.00276346 9.45158e-05 9.00151e-06 2.25038e-05 9.00151e-06 4.50075e-06 0 0 0
 0.000866109 0.00284123 0.00948549 0.0512746 0.133035 0.25785 0.225252 0.132002 0.0553304 0.0519788 0.0540692 0.017754 0.00435017 0.00159236 0.00146478 0.000404838 0.000125132 0.000115318 0.000107957 0.000100596 0 0 0 0 0 0
 0 0 0 0 0.00144013 0.00171154 0.00461396 0.0210425 0.0478622 0.0707936 0.0888783 0.103762 0.0637923 0.0337046 0.0602308 0.124433 0.169614 0.0934646 0.0462172 0.0250306 0.0313229 0.00938855 0.002487 0.000210481 0 0
 0 0.00764035 0.051015 0.0998891 0.058973 0.0496711 0.0374665 0.0718981 0.12319 0.153886 0.159021 0.0857701 0.0377988 0.023471 0.0147837 0.00900784 0.00315554 0.000888139 0.00291439 0.00214683 0.00393193 0.00274676 0.000635225 9.99891e-05 0 0
 0 0 0 0 0 0 0 0 0 0 0 0 0 0 0 0 0 0 0 0 0 0 0 0 0 0
 0 0 0 0 0 0 0 0 0 0 0 0 0 0 0 0 0 0 0 0 0 0 0 0 0 0
 0 0 0 0 0 0 0 0 0 0 0 0 0 0 0 0 0 0 0 0 0 0 0 0 0 0
 0 0 0 0 0 0 0 0 0 0 0 0 0 0 0 0 0 0 0 0 0 0 0 0 0 0
 0 0 0 0 0 0 0 0 0 0 0 0 0 0 0 0 0 0 0 0 0 0 0 0 0 0
 0 0 0 0 0 0 0 0 0 0 0 0 0 0 0 0 0 0 0 0 0 0 0 0 0 0
 0 0 0 0 0 0 0 0 0 0 0 0 0 0 0 0 0 0 0 0 0 0 0 0 0 0
 0 0 0 0 0 0 0 0 0 0 0 0 0 0 0 0 0 0 0 0 0 0 0 0 0 0
 0 0 0 0 0 0 0 0 0 0 0 0 0 0 0 0 0 0 0 0 0 0 0 0 0 0
ppred_pel_tallas
 1.34613e-16 4.56535e-06 4.43769e-05 0.000294901 0.00134059 0.00417118 0.00888792 0.0129766 0.0129976 0.00899113 0.00452025 0.00235998 0.00289606 0.00586341 0.0114703 0.0200435 0.0314277 0.0448999 0.0596195 0.0751046 0.0910963 0.106765 0.120032 0.127883 0.127687 0.118623
 1.06961e-16 7.57586e-05 0.000736401 0.00489364 0.0222458 0.0692149 0.14747 0.215237 0.215237 0.147473 0.0692277 0.0222833 0.00499006 0.00095499 0.000515642 0.000800269 0.00131249 0.0020229 0.00298149 0.00427475 0.00598801 0.00812768 0.0105419 0.0129006 0.0147656 0.0157291
 1.05032e-16 1.57309e-05 0.00015291 0.00101615 0.0046193 0.0143727 0.0306254 0.0447143 0.0447887 0.0309891 0.0155935 0.0081431 0.00985339 0.0194183 0.0365271 0.0601609 0.0861961 0.107425 0.116534 0.110199 0.0911618 0.0665358 0.0437432 0.0271634 0.0173975 0.0126534
 1.00684e-16 8.00384e-05 0.000778002 0.0051701 0.0235025 0.073125 0.155801 0.227396 0.227397 0.155805 0.0731384 0.0235416 0.0052696 0.000999685 0.000514093 0.000757091 0.00116138 0.0016231 0.00208998 0.00252934 0.00292533 0.00325567 0.00347008 0.00349975 0.00329721 0.00287435
 1.00823e-16 3.20337e-05 0.000311379 0.00206922 0.00940643 0.0292672 0.062359 0.091027 0.0910849 0.0626421 0.0302175 0.0121494 0.00894794 0.0153061 0.0284464 0.046811 0.067041 0.0834896 0.0904298 0.0852329 0.0699873 0.0502 0.0316528 0.0178148 0.00927474 0.00479936
 1.00044e-16 8.21067e-05 0.000798107 0.0053037 0.0241098 0.0750147 0.159827 0.233272 0.233272 0.159828 0.0750175 0.0241179 0.00532412 0.000842966 0.00016812 0.000150087 0.000213068 0.000277713 0.000324547 0.000345813 0.000344245 0.000328715 0.000306684 0.000279979 0.0002466 0.000205459
 1.00345e-16 4.9169e-06 4.77941e-05 0.000317613 0.00144388 0.00449293 0.00957599 0.0139954 0.0140856 0.0100168 0.00597256 0.00571477 0.0110276 0.0233928 0.0442384 0.0728572 0.104319 0.12985 0.140514 0.132201 0.108157 0.0769705 0.0476869 0.0257709 0.012209 0.00513666
 1.22704e-16 1.09848e-05 0.000106776 0.000709563 0.00322558 0.010036 0.0213831 0.0312113 0.0312207 0.0214295 0.0101952 0.00370052 0.00195832 0.0030195 0.00608786 0.0114627 0.0197917 0.0316817 0.0474696 0.0668426 0.0882635 0.108587 0.123481 0.128876 0.122798 0.106451
 1.01647e-16 8.04886e-05 0.000782378 0.00519917 0.0236347 0.0735363 0.156677 0.228675 0.228675 0.156679 0.0735444 0.0236583 0.00525892 0.000914375 0.000336071 0.000441917 0.000663488 0.000913708 0.00117198 0.00144956 0.00178524 0.00221651 0.00273874 0.00328275 0.0037295 0.00395571
 1.00968e-16 3.83217e-05 0.000372501 0.0024754 0.0112528 0.0350121 0.0745988 0.10889 0.108941 0.0748469 0.0358449 0.013657 0.00850428 0.0135144 0.0249407 0.0410234 0.0587455 0.0731466 0.0792042 0.0746142 0.0612123 0.043836 0.0275689 0.0154666 0.00805298 0.00424104
 1.00294e-16 8.02496e-05 0.000780055 0.00518374 0.0235645 0.073318 0.156212 0.227996 0.227997 0.156219 0.0733437 0.0236389 0.00537109 0.00119075 0.00086523 0.00131628 0.0019181 0.00247313 0.00283713 0.00294011 0.00281574 0.00256397 0.00227749 0.00199441 0.00170613 0.00139668
 1.0005e-16 7.8555e-05 0.000763582 0.00507427 0.0230669 0.0717697 0.152913 0.223182 0.223187 0.152935 0.0718416 0.0232745 0.00559478 0.00189828 0.00222889 0.00354825 0.00507504 0.00632139 0.00684944 0.00645965 0.00530911 0.00381309 0.0024078 0.00135522 0.000700663 0.000352744
 1.00175e-16 6.85882e-05 0.000666702 0.00443047 0.0201403 0.0626639 0.133513 0.194869 0.194885 0.133589 0.0629209 0.0208819 0.00629065 0.00472243 0.00775624 0.0126748 0.0181596 0.0226411 0.0245706 0.0232345 0.0191861 0.0138953 0.00890433 0.00513749 0.00275554 0.00144282
 1.00188e-16 7.76627e-05 0.000754909 0.00501663 0.0228049 0.0709545 0.151176 0.220647 0.220652 0.1512 0.0710358 0.0230395 0.00560533 0.00203947 0.00251559 0.00403132 0.00578874 0.00725546 0.00794559 0.00763427 0.00648646 0.00494493 0.00346844 0.00232353 0.001549 0.00105181
 1.00083e-16 7.71113e-05 0.000749549 0.00498102 0.022643 0.0704507 0.150103 0.219081 0.219087 0.150132 0.0705485 0.0229251 0.0056886 0.00229232 0.00300151 0.00482532 0.00690888 0.00861474 0.00935104 0.00884651 0.00731177 0.00530563 0.00341403 0.0019875 0.00108597 0.000588388
 1.00014e-16 8.14848e-05 0.000792061 0.00526352 0.0239272 0.0744465 0.158616 0.231505 0.231506 0.158621 0.0744628 0.0239745 0.00538206 0.00105052 0.000571443 0.000813356 0.00115811 0.00144422 0.00156847 0.00148516 0.0012294 0.00089449 0.000578229 0.000339088 0.000187089 0.000102201
 1.00365e-16 1.49535e-05 0.000145353 0.000965928 0.00439102 0.0136625 0.0291123 0.0425067 0.0425849 0.0294944 0.014945 0.00809297 0.0102495 0.0203821 0.0383616 0.0631688 0.0904623 0.112636 0.121949 0.114839 0.0941086 0.0671815 0.0418717 0.0228949 0.0110992 0.00487931
 1.00231e-16 8.14703e-05 0.000791921 0.00526259 0.023923 0.0744332 0.158588 0.231464 0.231464 0.158589 0.0744383 0.0239377 0.0053001 0.000875601 0.000245623 0.00029068 0.000442206 0.000620832 0.000804211 0.000979425 0.00113868 0.0012705 0.00135251 0.00135652 0.00126483 0.00108496
 1.00346e-16 4.36181e-05 0.000423983 0.00281752 0.0128081 0.0398509 0.0849082 0.123935 0.12398 0.0851278 0.040588 0.0149359 0.00815352 0.0120553 0.022083 0.0363059 0.0519845 0.0647175 0.0700544 0.0659503 0.0540241 0.0385536 0.0240381 0.0131892 0.00648514 0.00298559
 1.00914e-16 7.49666e-05 0.000728702 0.00484248 0.0220132 0.0684913 0.145928 0.212988 0.212993 0.145956 0.0685859 0.0222869 0.00553113 0.00223719 0.00295483 0.004805 0.00700375 0.00899079 0.0102406 0.0104953 0.00988949 0.00881491 0.00764448 0.00654698 0.00550452 0.00445165
 1.00603e-16 6.52803e-05 0.000634548 0.00421679 0.0191689 0.0596418 0.127074 0.185472 0.185491 0.127166 0.0599521 0.0200648 0.00646392 0.00553473 0.00935599 0.0153231 0.0219712 0.0274275 0.0298325 0.0283317 0.0235936 0.0173819 0.0115363 0.00714185 0.00436232 0.00279616
 1.0032e-16 7.66368e-05 0.000744937 0.00495037 0.0225037 0.0700173 0.14918 0.217733 0.217739 0.149208 0.0701128 0.0227795 0.00564271 0.00225622 0.00294647 0.00474872 0.00683026 0.00858164 0.0094367 0.00913206 0.00785688 0.00612036 0.00444647 0.00313424 0.00222159 0.00160103
 1.01593e-16 9.15213e-06 8.8962e-05 0.000591188 0.0026875 0.00836226 0.0178197 0.0260256 0.0261076 0.0182204 0.00970707 0.00656985 0.0103292 0.0213233 0.0402667 0.0663695 0.0951717 0.118762 0.129079 0.122397 0.101599 0.074327 0.0485807 0.0291205 0.0167327 0.0097523
 1.0221e-16 7.54565e-05 0.000733464 0.00487412 0.0221571 0.0689389 0.146882 0.214378 0.21438 0.146889 0.0689637 0.0222302 0.00506263 0.00116092 0.000933876 0.00154562 0.00250034 0.00372728 0.00518763 0.00682829 0.00854601 0.0101364 0.0112905 0.0116877 0.0111482 0.00974314
 1.01193e-16 6.04607e-05 0.000587699 0.00390547 0.0177537 0.0552385 0.117692 0.171781 0.171805 0.117811 0.0556379 0.0189067 0.00679709 0.00689203 0.0120098 0.0196974 0.0282259 0.0351976 0.0382199 0.0362047 0.0300396 0.0220331 0.0145865 0.00910707 0.00577964 0.00402991
 1.04322e-16 2.68303e-05 0.0002608 0.00173311 0.00787851 0.0245133 0.0522301 0.0762425 0.0762957 0.0524902 0.0253868 0.0104022 0.00807035 0.0141032 0.0263394 0.0435611 0.0628825 0.0793431 0.0878689 0.0860621 0.0755671 0.0608522 0.0464604 0.0349048 0.026427 0.0200981
 1.02159e-16 7.45842e-05 0.000724985 0.00481778 0.0219009 0.068142 0.145184 0.211901 0.211905 0.145204 0.0682098 0.0220976 0.0053144 0.00181888 0.00218075 0.00356206 0.0052988 0.00702844 0.00842595 0.00932806 0.00979154 0.00998229 0.00999569 0.00977446 0.0091836 0.0081538
 1.00706e-16 6.85145e-05 0.000665986 0.00442571 0.0201186 0.0625966 0.133369 0.19466 0.194675 0.133444 0.0628474 0.0208425 0.00624137 0.00462505 0.00757422 0.0123786 0.0177444 0.0221453 0.0240789 0.0228591 0.019034 0.0140384 0.00936602 0.00589327 0.00374142 0.00256648
 1.03024e-16 2.07188e-05 0.000201394 0.00133834 0.00608393 0.0189297 0.0403341 0.0588822 0.0589462 0.0406469 0.0199799 0.00911673 0.00894953 0.0168114 0.0315503 0.0520831 0.0749209 0.0939849 0.10307 0.0992798 0.0847328 0.0651162 0.0463071 0.0316973 0.0217524 0.0152638
 1.12384e-16 3.94213e-05 0.000383189 0.00254643 0.0115757 0.0360164 0.0767374 0.112004 0.112022 0.0768253 0.0363128 0.0124374 0.00473075 0.00522187 0.00943469 0.0160711 0.0243943 0.0332719 0.0414842 0.0483294 0.0537739 0.0579471 0.060499 0.060518 0.0571373 0.0502862
 1.01206e-16 7.89287e-05 0.000767215 0.00509841 0.0231766 0.0721111 0.153641 0.224243 0.224246 0.153653 0.0721528 0.0232971 0.00540115 0.00142929 0.00133998 0.00210034 0.00304269 0.00388144 0.00438796 0.00446782 0.00421468 0.00384191 0.00354198 0.00338306 0.00330601 0.00319678
 1.0148e-16 1.71396e-05 0.000166604 0.00110714 0.00503296 0.0156598 0.0333676 0.0487166 0.0487909 0.0337307 0.0168786 0.00855129 0.00993093 0.0194034 0.0364761 0.0600779 0.0860798 0.107274 0.11633 0.109876 0.0905698 0.0654325 0.0418294 0.024169 0.0131929 0.00733804
 1.01823e-16 7.54991e-05 0.000733878 0.00487688 0.0221696 0.0689778 0.146965 0.2145 0.214502 0.146977 0.0690183 0.0222876 0.00517725 0.00140278 0.00138437 0.00226918 0.00349332 0.00487295 0.0062569 0.00754442 0.00868717 0.00962046 0.0101981 0.0102203 0.00955239 0.00823819
pSPR Fmed_Fpbrs
1   0.983396 0.6 0.325 0.983396 0.983396 0.983396
Fs Fmed_Fpbrs
0   0.01 0.347712 0.898467 0.01 0.01 0.01
SSBpbr Bo_Bmed_Bpbrs
217699  206814  203199 119734 59867.2 203199 203199 203199
Ro
47021
SPR SPRFo_SPRFmed_SPRFpbrs
338755 338755 333130
Fref
0
Nvult_r0
 54694.4 2713.08 5405.03 74.8929 36.5609
CTP_r0
 29986.6 1946.94 3878.72 53.7442 26.2367
YTP_r0
356042
Np
 61406.2 22590.1 8310.43 3057.23 1538.45
Nvult_p0
 38816.1 14279.7 5253.19 1932.54 972.483
CTP_p0
 0 0 0 0 0
 0 0 0 0 0
 0 0 0 0 0
 0 0 0 0 0
 0 0 0 0 0
 0 0 0 0 0
YTP_p0
 0 0 0 0 0 0
CBA_c0
0
log_Ro
10.5783
likeval ReclasPelacesDesembMPH_pf_preclas_ppelaces_ptallas_desvR_qrecl_qpela
 19.6706 16.4381 0.340609 0.00169434 331.252 144.664 139.14 0 109.201 0.000133461 0.000284429 0.0484502 2067.52 0 0
q_reclas_q_pelaces
5.12317 10.8599
M
1
N
 5508.07 15202.8 33749.4 11080.5 0.100576
 184881 1526.72 3091.67 6863.35 2253.38
 8640.9 35727 145.883 295.42 871.134
 108770 1659.2 3368.63 13.7551 109.992
 3864.51 10985.7 40.7487 82.7313 3.03915
 283294 388.773 267.579 0.992513 2.0891
 4247.68 72701.3 67.2842 46.3093 0.533329
 1347.19 759.216 5899.66 5.46007 3.80125
 57796.8 303.024 99.7 774.741 1.21619
 5111.98 11154 28.8745 9.50019 73.9393
 33798.6 488.607 244.063 0.631809 1.82576
 121299 7696.72 65.8427 32.8889 0.331172
 64347.1 17429.7 395.485 3.38324 1.70697
 73437.4 8823.02 811.921 18.4227 0.237115
 40228.7 6037.74 140.838 12.9604 0.297859
 257759 3203.78 90.1608 2.10312 0.197983
 7924.03 41961.9 213.793 6.01656 0.153556
 483134 1293.65 2816.82 14.3515 0.414188
 109558 110479 175.85 382.9 2.00715
 253437 18574.5 8026.45 12.7758 27.9642
 164573 43775.1 1403.12 606.318 3.0775
 420034 29919 3680.91 117.983 51.2421
 10738.8 74417.2 2383.54 293.245 13.4816
 171560 2357.16 9284.81 297.387 38.2694
 137270 39073.6 317.734 1251.55 45.2449
 23463.3 33294.8 6008.89 48.8624 199.426
 126509 5595.12 4941.2 891.766 36.8478
 182943 26220.7 619.082 546.728 102.748
 26443.6 49279.7 5022.64 118.587 124.409
 19295.8 7621.26 10874.9 1108.38 53.6234
 135380 3623.22 685.736 978.482 104.553
 10064.8 27283.7 378.047 71.5498 113.004
 61406.2 2794.04 5566.32 77.1278 37.652
pred_Ctot
 878.415 4507.3 10006 3285.14 0.0298187
 58417.3 792.764 1605.38 3563.86 1170.09
 2750.81 18655.3 76.1748 154.257 454.874
 55133.2 1181.82 2399.42 9.79748 78.3455
 1962.31 7833.02 29.0545 58.9888 2.16696
 55759.7 138.207 95.1232 0.352834 0.742668
 1462.45 40202.9 37.2074 25.6085 0.294924
 344.304 334.651 2600.48 2.40671 1.67553
 18290.9 157.532 51.8309 402.763 0.63226
 2654.12 8055.5 20.8534 6.86113 53.3996
 8461.03 211.835 105.813 0.273919 0.791554
 50330.6 4841.61 41.4183 20.6887 0.208323
 27579.4 11198.7 254.102 2.17375 1.09674
 40422.6 6583.78 605.859 13.7471 0.176936
 22392 4532.9 105.736 9.73013 0.223621
 96917.7 1885.48 53.0612 1.23772 0.116516
 2972.1 24653.1 125.606 3.53479 0.0902156
 120088 557.666 1214.27 6.18663 0.178548
 39715.7 63379.3 100.882 219.662 1.15146
 90267.7 10523.8 4547.56 7.23841 15.8437
 55671.4 23900.4 766.077 331.039 1.68026
 145913 16651.4 2048.62 65.6639 28.5189
 2854.35 33838.4 1083.83 133.342 6.13026
 42937.6 1021.75 4024.65 128.907 16.5885
 30574.6 15403.9 125.26 493.395 17.8368
 5403.8 13491.6 2434.9 19.7998 80.8106
 36563.4 2715.65 2398.27 432.828 17.8845
 31759.6 8370.87 197.64 174.541 32.802
 3692.69 12989 1323.85 31.2568 32.7914
 6302 4055.57 5786.93 589.811 28.5351
 40611.8 1809.32 342.434 488.622 52.2103
 1597.39 8054.85 111.609 21.1233 33.3617
 29986.6 1946.94 3878.72 53.7442 26.2367
F
 0.283092 0.592767 0.592767 0.592767 0.592767
 0.643808 1.34807 1.34807 1.34807 1.34807
 0.650174 1.3614 1.3614 1.3614 1.3614
 1.29264 2.70666 2.70666 2.70666 2.70666
 1.29659 2.71494 2.71494 2.71494 2.71494
 0.360127 0.754071 0.754071 0.754071 0.754071
 0.721841 1.51146 1.51146 1.51146 1.51146
 0.491962 1.03012 1.03012 1.03012 1.03012
 0.645137 1.35085 1.35085 1.35085 1.35085
 1.34778 2.82213 2.82213 2.82213 2.82213
 0.479626 1.00429 1.00429 1.00429 1.00429
 0.940081 1.96844 1.96844 1.96844 1.96844
 0.986927 2.06653 2.06653 2.06653 2.06653
 1.4984 3.13751 3.13751 3.13751 3.13751
 1.53025 3.20419 3.20419 3.20419 3.20419
 0.815262 1.70708 1.70708 1.70708 1.70708
 0.812431 1.70115 1.70115 1.70115 1.70115
 0.475471 0.995591 0.995591 0.995591 0.995591
 0.774668 1.62208 1.62208 1.62208 1.62208
 0.756049 1.58309 1.58309 1.58309 1.58309
 0.704859 1.47591 1.47591 1.47591 1.47591
 0.730648 1.52991 1.52991 1.52991 1.52991
 0.516408 1.08131 1.08131 1.08131 1.08131
 0.479487 1.004 1.004 1.004 1.004
 0.416547 0.872208 0.872208 0.872208 0.872208
 0.433541 0.907792 0.907792 0.907792 0.907792
 0.573767 1.20141 1.20141 1.20141 1.20141
 0.311663 0.652591 0.652591 0.652591 0.652591
 0.24407 0.51106 0.51106 0.51106 0.51106
 0.672527 1.40821 1.40821 1.40821 1.40821
 0.601794 1.2601 1.2601 1.2601 1.2601
 0.281559 0.589556 0.589556 0.589556 0.589556
 1.21365 2.54126 2.54126 2.54126 2.54126
YTP_r0W_actual
 226099 33974.1 93360.9 1683.27 924.842
YTP_p0W_proyectada
 0 0 0 0 0
 0 0 0 0 0
 0 0 0 0 0
 0 0 0 0 0
 0 0 0 0 0
 0 0 0 0 0
CTP_r0_actual
 29986.6 1946.94 3878.72 53.7442 26.2367
CTP_p0_proyectada
 0 0 0 0 0
 0 0 0 0 0
 0 0 0 0 0
 0 0 0 0 0
 0 0 0 0 0
 0 0 0 0 0
Wmedp
 7.54 17.45 24.07 31.32 35.25
Frms_r0
 1.21365 2.54126 2.54126 2.54126 2.54126
Zrms_r0
 2.21365 3.54126 3.54126 3.54126 3.54126
nmprior
 7.29 8.9 8.7 0
nm_flota  nm_reclas  nm_pelaces    nm_pelaL
inf 18.764 3.96984 6.89099
cv_recla  cv_pelaces  cv_mph
0.384095 0.444137 1.10011
 ------------------------------------------------
Talla a la edad & desviaci?n 
 8 13.2811 15.8009 17.003 17.5766
 0.8 1.32811 1.58009 1.7003 1.75766
