years
 1991 1992 1993 1994 1995 1996 1997 1998 1999 2000 2001 2002 2003 2004 2005 2006 2007 2008 2009 2010 2011 2012 2013 2014 2015 2016 2017 2018 2019 2020 2021 2022 2023
reclasobs
 0 0 0 0 0 0 0 0 0 252601 567819 844713 477998 351125 339783 2.1784e+06 2.13404e+06 4.81314e+06 1.55562e+06 2.62356e+06 3.21686e+06 3.843e+06 1.13348e+06 3.07943e+06 1.97215e+06 2.03268e+06 2.025e+06 2.42433e+06 2.27542e+06 1.05018e+06 2.36338e+06 3.18982e+06 1.53035e+06
reclaspred
 7.38718e+06 2.05005e+06 1.56199e+06 1.05373e+06 76381.2 1.06096e+07 8.48472e+06 4.8625e+06 2.1614e+06 191084 301603 1.11224e+06 578234 668674 380575 2.01489e+06 812333 5.39749e+06 5.29354e+06 1.65429e+06 2.95994e+06 3.46499e+06 1.65385e+06 3.43767e+06 2.62045e+06 1.45696e+06 2.14119e+06 4.0431e+06 3.09411e+06 795228 2.94409e+06 3.32503e+06 436083
pelacesobs
 0 0 0 0 0 0 0 0 0 0 0 0 0 0 0 552880 188675 0 991730 2.46772e+06 1.41603e+06 1.21717e+06 2.29649e+06 1.80582e+06 0 1.4828e+06 1.56532e+06 1.57751e+06 1.42118e+06 867257 1.10002e+06 1.06204e+06 0
pelacespred
 5.2784e+06 1.36254e+06 720968 390025 18838.1 6.10612e+06 5.725e+06 3.77112e+06 1.64857e+06 75985.5 139841 465352 230570 290712 145590 818252 318415 2.87886e+06 2.96553e+06 806728 1.38175e+06 1.54222e+06 809960 1.96259e+06 1.42071e+06 767112 1.28421e+06 2.23416e+06 1.84073e+06 447106 1.32584e+06 1.89715e+06 155614
mphobs
 0 0 0 0 0 0 0 0 0 0 0 0 498337 0 5186 125008 0 168611 109162 213762 579715 649985 157893 87575 83554 210694 70296 0 107559 103333 445601 22526 28222
mphpred
 1.89675e+06 766268 130575 259704 53622 2272.93 2.04717e+06 1.17528e+06 641215 141164 5113.99 40112.1 117384 31227.8 32637.3 24600.2 253314 56978.9 768811 543070 150864 299892 445430 153709 435372 342869 127052 242781 702688 286969 55805 564315 216075
desembarqueobs
 494567 514787 250237 358949 120608 361735 552515 73892 212993 205616 52469 317467 293654 387597 252695 516296 358380 742168 942051 627588 828172 859565 418607 520667 417249 300574 415391 372974 316634 284311 391294 218835 356480
desembarquepred
 494505 514299 250091 358357 120437 361624 552156 73880.4 212788 205131 52434.9 317001 293051 386574 252162 515478 357964 741222 939981 625251 826953 857979 418041 520115 416590 300090 414764 372552 316191 283466 390765 218669 355383
Reclutas
 1665.75 1067.1 238881 2966.99 1246.25 820943 1462.28 470.266 828.067 1692.72 31721.7 142676 42297.1 79413.2 38717.3 269337 3864.63 522247 318203 39261.7 247651 420422 4570.36 181279 145562 14349.1 133571 212823 14844.2 9972.88 193181 34814 2280.79
log_desv_Rt
 -2.75253 -3.19786 2.21316 -2.17526 -3.04266 3.44765 -2.88281 -4.01726 -3.45147 -2.73647 0.194195 1.69777 0.481911 1.11186 0.393479 2.33316 -1.91094 2.99533 2.49988 0.407444 2.24921 2.77845 -1.74322 1.93723 1.71779 -0.599123 1.63183 2.09765 -0.565197 -0.962937 2.00082 0.287213 -2.43829
SSB
 1.89675e+06 766268 130575 259704 53622 2272.93 2.04717e+06 1.17528e+06 641215 141164 5113.99 40112.1 117384 31227.8 32637.3 24600.2 253314 56978.9 768811 543070 150864 299892 445430 153709 435372 342869 127052 242781 702688 286969 55805 564315 216075
BT
 2.32995e+06 1.04925e+06 560359 380506 112966 3.61492e+06 2.51118e+06 1.3977e+06 808141 267692 118216 503911 357434 560060 323812 845416 395946 2.21853e+06 2.21618e+06 907445 1.44138e+06 1.48852e+06 633165 1.51413e+06 986125 546353 1.10074e+06 1.43962e+06 926624 470463 1.0025e+06 902681 382184
Ftot
 0.274918 0.945893 0.941749 1.2343 3.48223 0.239162 0.267376 0.0636591 0.399794 2.81903 1.12963 1.6828 2.09071 3.0561 3.24848 1.6192 1.53628 0.90801 0.881317 1.43231 1.57805 1.35988 0.963643 0.918118 0.777051 0.840244 1.14602 0.560971 0.421143 1.34479 0.866947 0.291042 2.37299
BD_Bspro_t
 0.956966 0.653333 0.255403 0.408656 0.098964 0.00710864 0.804299 0.654833 0.59022 0.271925 0.0256453 0.248897 0.265516 0.0781606 0.0742147 0.0602264 0.270884 0.0808459 0.452326 0.326229 0.109225 0.194155 0.274979 0.133293 0.327411 0.328436 0.195631 0.343598 0.568806 0.352293 0.129393 0.525476 0.355093
BD_Bspro
 10.0785 4.07162 0.693818 1.37996 0.284925 0.0120774 10.8778 6.24495 3.40714 0.750086 0.0271736 0.213139 0.62373 0.165931 0.173421 0.130715 1.34601 0.302761 4.08513 2.88564 0.801626 1.5935 2.36682 0.816745 2.31338 1.82186 0.6751 1.29004 3.73378 1.52483 0.296524 2.99853 1.14813
BD_Bo
 4.57018 1.84631 0.314617 0.625753 0.129201 0.00547659 4.93262 2.83182 1.545 0.340133 0.0123221 0.0966494 0.282835 0.0752428 0.078639 0.0592738 0.610357 0.13729 1.85244 1.30852 0.363504 0.722585 1.07326 0.370359 1.04902 0.826137 0.306129 0.584978 1.69311 0.691447 0.134461 1.35971 0.520628
BD_Brms
 4.89624 1.97804 0.337064 0.670397 0.138419 0.00586732 5.28454 3.03386 1.65522 0.364399 0.0132012 0.103545 0.303014 0.080611 0.0842495 0.0635027 0.653903 0.147085 1.9846 1.40187 0.389438 0.774138 1.14983 0.396783 1.12386 0.885078 0.32797 0.626713 1.81391 0.740778 0.144054 1.45672 0.557773
Sel_flota
 0.476565 1 1 1 1
 0.476565 1 1 1 1
 0.476565 1 1 1 1
 0.476565 1 1 1 1
 0.476565 1 1 1 1
 0.476565 1 1 1 1
 0.476565 1 1 1 1
 0.476565 1 1 1 1
 0.476565 1 1 1 1
 0.476565 1 1 1 1
 0.476565 1 1 1 1
 0.476565 1 1 1 1
 0.476565 1 1 1 1
 0.476565 1 1 1 1
 0.476565 1 1 1 1
 0.476565 1 1 1 1
 0.476565 1 1 1 1
 0.476565 1 1 1 1
 0.476565 1 1 1 1
 0.476565 1 1 1 1
 0.476565 1 1 1 1
 0.476565 1 1 1 1
 0.476565 1 1 1 1
 0.476565 1 1 1 1
 0.476565 1 1 1 1
 0.476565 1 1 1 1
 0.476565 1 1 1 1
 0.476565 1 1 1 1
 0.476565 1 1 1 1
 0.476565 1 1 1 1
 0.476565 1 1 1 1
 0.476565 1 1 1 1
 0.476565 1 1 1 1
Sel_reclas
 0.802898 1 1 1 1
 0.802898 1 1 1 1
 0.802898 1 1 1 1
 0.802898 1 1 1 1
 0.802898 1 1 1 1
 0.802898 1 1 1 1
 0.802898 1 1 1 1
 0.802898 1 1 1 1
 0.802898 1 1 1 1
 0.802898 1 1 1 1
 0.802898 1 1 1 1
 0.802898 1 1 1 1
 0.802898 1 1 1 1
 0.802898 1 1 1 1
 0.802898 1 1 1 1
 0.802898 1 1 1 1
 0.802898 1 1 1 1
 0.802898 1 1 1 1
 0.802898 1 1 1 1
 0.802898 1 1 1 1
 0.802898 1 1 1 1
 0.802898 1 1 1 1
 0.802898 1 1 1 1
 0.802898 1 1 1 1
 0.802898 1 1 1 1
 0.802898 1 1 1 1
 0.802898 1 1 1 1
 0.802898 1 1 1 1
 0.802898 1 1 1 1
 0.802898 1 1 1 1
 0.802898 1 1 1 1
 0.802898 1 1 1 1
 0.802898 1 1 1 1
Sel_pelaces
 0.651885 1 1 1 1
 0.651885 1 1 1 1
 0.651885 1 1 1 1
 0.651885 1 1 1 1
 0.651885 1 1 1 1
 0.651885 1 1 1 1
 0.651885 1 1 1 1
 0.651885 1 1 1 1
 0.651885 1 1 1 1
 0.651885 1 1 1 1
 0.651885 1 1 1 1
 0.651885 1 1 1 1
 0.651885 1 1 1 1
 0.651885 1 1 1 1
 0.651885 1 1 1 1
 0.651885 1 1 1 1
 0.651885 1 1 1 1
 0.651885 1 1 1 1
 0.651885 1 1 1 1
 0.651885 1 1 1 1
 0.651885 1 1 1 1
 0.651885 1 1 1 1
 0.651885 1 1 1 1
 0.651885 1 1 1 1
 0.651885 1 1 1 1
 0.651885 1 1 1 1
 0.651885 1 1 1 1
 0.651885 1 1 1 1
 0.651885 1 1 1 1
 0.651885 1 1 1 1
 0.651885 1 1 1 1
 0.651885 1 1 1 1
 0.651885 1 1 1 1
pf_obs 
 0.8446 0.082 0.0669 0.0065 0
 0.8095 0.147 0.0364 0.0071 0
 0.9664 0.0169 0.016 0.0007 0
 0.9276 0.0648 0.0075 0.0001 0
 0.7033 0.2144 0.0806 0.0017 0
 0.9318 0.0425 0.0243 0.0014 0
 0.5671 0.3108 0.0964 0.0239 0.0018
 0.0768 0.2599 0.5324 0.112 0.0189
 0.490249 0.384438 0.106611 0.0170017 0.00170017
 0.7925 0.1577 0.0466 0.003 0.0002
 0.840416 0.127587 0.0312969 0.00059994 9.999e-05
 0.8084 0.0986 0.0794 0.0134 0.0002
 0.7335 0.1905 0.0724 0.0035 0.0001
 0.4001 0.4547 0.1325 0.0127 0
 0.49795 0.308269 0.164784 0.0264974 0.00249975
 0.9179 0.0499 0.0305 0.0017 0
 0.2467 0.6533 0.0926 0.0074 0
 0.9418 0.0223 0.034 0.0019 0
 0.707729 0.231977 0.0356964 0.0245975 0
 0.517169 0.277429 0.184464 0.0207286 0.00020938
 0.811772 0.124168 0.05621 0.00726502 0.000585176
 0.764997 0.148141 0.077277 0.00933861 0.000247198
 0.163321 0.427699 0.378323 0.0303852 0.000271297
 0.753843 0.0900009 0.118128 0.0371064 0.000921714
 0.721811 0.176058 0.0630433 0.0369309 0.00215725
 0.143369 0.312575 0.442814 0.0836902 0.0175525
 0.692698 0.0596174 0.167031 0.0765114 0.00414204
 0.394062 0.376323 0.152708 0.0712218 0.00568511
 0.125707 0.32114 0.495352 0.0537591 0.00404204
 0.23352 0.215282 0.420074 0.123614 0.00750983
 0.796117 0.104755 0.0508955 0.0450114 0.00322123
 0.162477 0.292055 0.404252 0.121198 0.0200186
 0 0 0 0 0
pf_pred 
 0.00733294 0.162915 0.740503 0.0892483 4.90036e-07
 0.0184812 0.0163058 0.15841 0.720023 0.0867804
 0.965483 0.00177176 0.000543987 0.00528479 0.0269162
 0.0302628 0.957803 0.000612567 0.000188078 0.0111331
 0.123417 0.0794483 0.787325 0.000503537 0.00930616
 0.999604 0.000211845 1.66484e-05 0.000164984 2.05563e-06
 0.00272796 0.997098 9.34661e-05 7.3453e-06 7.36981e-05
 0.0029668 0.00618336 0.990676 9.28642e-05 8.05215e-05
 0.0159011 0.00622609 0.00606454 0.971638 0.000170054
 0.151701 0.0314341 0.00516805 0.00503395 0.806663
 0.983566 0.00856898 0.00029143 4.79137e-05 0.00752535
 0.929815 0.0698055 0.000197959 6.73257e-06 0.000174956
 0.540631 0.450409 0.00891208 2.52735e-05 2.31963e-05
 0.894782 0.088419 0.0164715 0.000325915 1.77254e-06
 0.805933 0.19075 0.00278707 0.0005192 1.03291e-05
 0.98192 0.017508 0.000562279 8.21551e-06 1.56091e-06
 0.0497634 0.945532 0.00455587 0.000146314 2.54398e-06
 0.985606 0.00227409 0.0120598 5.81079e-05 1.89861e-06
 0.589267 0.408628 0.000332575 0.00176369 8.77569e-06
 0.200925 0.640173 0.158088 0.000128665 0.000685725
 0.908045 0.0426632 0.03949 0.0097519 5.02369e-05
 0.852857 0.143162 0.00184709 0.00170971 0.000424381
 0.0298466 0.922614 0.0462527 0.000596757 0.000689481
 0.88795 0.00915481 0.0978535 0.00490561 0.00013642
 0.642376 0.342436 0.00124088 0.0132635 0.000683418
 0.152932 0.702566 0.138366 0.000501395 0.00563543
 0.881192 0.0395847 0.0657085 0.0129409 0.000573956
 0.792729 0.198607 0.0028866 0.00479161 0.000985531
 0.10444 0.811162 0.0808709 0.0011754 0.0023524
 0.228543 0.168613 0.546032 0.054438 0.00237473
 0.965475 0.0171433 0.00379899 0.0123025 0.00128004
 0.270279 0.720499 0.00457917 0.00101476 0.00362807
 0.0608259 0.431907 0.500857 0.00318322 0.00322747
pobs_RECLAS
 0 0 0 0 0
 0 0 0 0 0
 0 0 0 0 0
 0 0 0 0 0
 0 0 0 0 0
 0 0 0 0 0
 0 0 0 0 0
 0 0 0 0 0
 0 0 0 0 0
 0 0 0 0 0
 0.991045 0.00858322 0.000360255 1.14367e-05 0
 0.934742 0.0480273 0.0164251 0.00080598 0
 0.827803 0.169806 0.00239088 0 0
 0.941827 0.0461693 0.0120037 0 0
 0.791401 0.0380133 0.147996 0.0225897 0
 0.846168 0.0940531 0.0597789 0 0
 0.134021 0.677848 0.182769 0.00536245 0
 0.80878 0.0450904 0.141981 0.00414843 0
 0.846168 0.0940531 0.0597789 0 0
 0.905697 0.0802665 0.012482 0.00150086 5.37128e-05
 0.989698 0.0102097 9.19794e-05 0 0
 0.975433 0.0193895 0.00387452 0.00125025 5.28907e-05
 0.303575 0.632131 0.0575291 0.00676475 0
 0.966965 0.00978017 0.0227588 0.000495775 0
 0.843318 0.132988 0.00938335 0.0141283 0.000182051
 0.564624 0.303363 0.111486 0.0197234 0.00080311
 0.826376 0.0876187 0.0782897 0.00655872 0.00115652
 0.89761 0.0855135 0.0140674 0.00269457 0.000114338
 0.34875 0.467042 0.161289 0.0227151 0.000203297
 0.318654 0.224769 0.449479 0.00709798 0
 0.937255 0.0296025 0.0250945 0.00804832 0
 0.456809 0.399803 0.12412 0.0192676 0
 0.883104 0.0372192 0.0704036 0.00927362 0
ppred_RECLAS
 0.0124648 0.162073 0.736675 0.0887869 4.87503e-07
 0.0328037 0.0160679 0.156098 0.709516 0.0855141
 0.980531 0.000999355 0.000306834 0.00298087 0.015182
 0.0547598 0.933608 0.000597093 0.000183327 0.0108519
 0.271253 0.0660494 0.654542 0.000418615 0.00773668
 0.999768 0.000124262 9.7655e-06 9.67752e-05 1.20577e-06
 0.0046501 0.995176 9.3286e-05 7.33114e-06 7.35561e-05
 0.00500241 0.00617074 0.988654 9.26746e-05 8.03571e-05
 0.0270738 0.0061554 0.00599568 0.960607 0.000168123
 0.294931 0.0261267 0.00429546 0.004184 0.670463
 0.990978 0.00470421 0.00015999 2.63037e-05 0.00413128
 0.962937 0.0368622 0.000104536 3.55527e-06 9.23892e-05
 0.709726 0.284612 0.00563151 1.59702e-05 1.46576e-05
 0.954028 0.038632 0.00719671 0.000142399 7.74458e-07
 0.913051 0.0854633 0.00124871 0.000232621 4.62783e-06
 0.990621 0.00908206 0.000291675 4.26169e-06 8.09699e-07
 0.0915492 0.903953 0.00435552 0.00013988 2.43211e-06
 0.991928 0.00127523 0.00676273 3.25849e-05 1.06468e-06
 0.719758 0.278805 0.000226915 0.00120336 5.98762e-06
 0.323263 0.542163 0.133885 0.000108966 0.000580741
 0.950257 0.0230785 0.021362 0.00527525 2.71754e-05
 0.916079 0.0816502 0.00105346 0.000975106 0.000242039
 0.0525921 0.900984 0.0451683 0.000582766 0.000673316
 0.934366 0.00536246 0.057318 0.00287347 7.99083e-05
 0.761068 0.228784 0.000829045 0.00886145 0.000456598
 0.243559 0.627399 0.123562 0.000447751 0.0050325
 0.931676 0.0227644 0.0377878 0.00744206 0.000330072
 0.869503 0.125042 0.00181739 0.00301678 0.000620487
 0.167451 0.754089 0.0751808 0.0010927 0.00218688
 0.357717 0.14038 0.454603 0.0453228 0.0019771
 0.98039 0.00973715 0.00215778 0.00698768 0.000727045
 0.38781 0.604453 0.00384164 0.000851316 0.00304372
 0.123244 0.403202 0.46757 0.00297166 0.00301297
pobs_PELACES
 0 0 0 0 0
 0 0 0 0 0
 0 0 0 0 0
 0 0 0 0 0
 0 0 0 0 0
 0 0 0 0 0
 0 0 0 0 0
 0 0 0 0 0
 0 0 0 0 0
 0 0 0 0 0
 0 0 0 0 0
 0 0 0 0 0
 0 0 0 0 0
 0 0 0 0 0
 0 0 0 0 0
 0 0 0 0 0
 0.505614 0.472636 0.0217494 0 0
 0 0 0 0 0
 0.443492 0.261883 0.143347 0.151278 0
 0.227955 0.32914 0.350689 0.0885471 0.00366901
 0.970185 0.0296113 0.000203453 0 0
 0.997202 0.00247181 0.000326279 0 0
 0.445219 0.490057 0.0546422 0.010081 0
 0.90214 0.0892962 0.00764917 0.000914606 0
 0 0 0 0 0
 0.581667 0.319106 0.0959925 0.00289975 0.000334073
 0.762889 0.0836404 0.116647 0.0363945 0.000428098
 0.88444 0.0763242 0.0277011 0.0115352 0
 0.521256 0.241999 0.230069 0.00667565 0
 0.616807 0.101726 0.260614 0.0208532 0
 0.833518 0.0704572 0.0857862 0.0102388 0
 0.697417 0.212968 0.0787535 0.0105354 0.000325836
 0 0 0 0 0
ppred_PELACES
 0.0106322 0.162374 0.738042 0.0889517 4.88407e-07
 0.0314064 0.0160911 0.156324 0.710541 0.0856377
 0.979639 0.00104512 0.000320886 0.00311738 0.0158773
 0.0550112 0.93336 0.000596934 0.000183278 0.010849
 0.355457 0.0584176 0.578912 0.000370246 0.00684273
 0.999726 0.000146848 1.15405e-05 0.000114365 1.42494e-06
 0.0039567 0.995869 9.3351e-05 7.33625e-06 7.36073e-05
 0.00411012 0.00617627 0.98954 9.27577e-05 8.04292e-05
 0.0236365 0.00617715 0.00601687 0.964001 0.000168717
 0.355953 0.0238655 0.00392369 0.00382188 0.612436
 0.990859 0.00476631 0.000162102 2.66509e-05 0.00418581
 0.965766 0.0340491 9.65587e-05 3.28395e-06 8.53386e-05
 0.740166 0.254766 0.00504096 1.42955e-05 1.31206e-05
 0.966177 0.0284231 0.00529491 0.000104769 5.698e-07
 0.937276 0.0616523 0.000900808 0.00016781 3.33846e-06
 0.991261 0.00846226 0.00027177 3.97085e-06 7.54442e-07
 0.0964021 0.899124 0.00433226 0.000139133 2.41912e-06
 0.991505 0.00134207 0.00711721 3.42929e-05 1.12048e-06
 0.708299 0.290206 0.000236193 0.00125257 6.23246e-06
 0.331864 0.535272 0.132183 0.000107582 0.00057336
 0.953207 0.0217101 0.0200953 0.00496246 2.55641e-05
 0.918097 0.079687 0.00102813 0.000951661 0.000236219
 0.0505428 0.902932 0.045266 0.000584027 0.000674772
 0.931247 0.00561729 0.0600418 0.00301002 8.37056e-05
 0.747328 0.241942 0.000876723 0.00937107 0.000482857
 0.232101 0.636902 0.125434 0.000454533 0.00510872
 0.93101 0.0229861 0.0381557 0.00751451 0.000333285
 0.856327 0.137668 0.0020009 0.00332139 0.000683137
 0.149387 0.77045 0.076812 0.0011164 0.00223433
 0.363234 0.139174 0.450698 0.0449335 0.00196012
 0.979231 0.0103127 0.00228532 0.0074007 0.000770018
 0.351007 0.640791 0.00407258 0.000902494 0.0032267
 0.146724 0.392404 0.455048 0.00289208 0.00293228
pobs_pel_tallas
 0 0 0 0 0 0 0 0 0 0 0 0 0 0 0 0 0 0 0 0 0 0 0 0 0 0
 0 0 0 0 0 0 0 0 0 0 0 0 0 0 0 0 0 0 0 0 0 0 0 0 0 0
 0 0 0 0 0 0 0 0 0 0 0 0 0 0 0 0 0 0 0 0 0 0 0 0 0 0
 0 0 0 0 0 0 0 0 0 0 0 0 0 0 0 0 0 0 0 0 0 0 0 0 0 0
 0 0 0 0 0 0 0 0 0 0 0 0 0 0 0 0 0 0 0 0 0 0 0 0 0 0
 0 0 0 0 0 0 0 0 0 0 0 0 0 0 0 0 0 0 0 0 0 0 0 0 0 0
 0 0 0 0 0 0 0 0 0 0 0 0 0 0 0 0 0 0 0 0 0 0 0 0 0 0
 0 0 0 0 0 0 0 0 0 0 0 0 0 0 0 0 0 0 0 0 0 0 0 0 0 0
 0 0 0 0 0 0 0 0 0 0 0 0 0 0 0 0 0 0 0 0 0 0 0 0 0 0
 0 0 0 0 0 0 0 0 0 0 0 0 0 0 0 0 0 0 0 0 0 0 0 0 0 0
 0 0 0 0 0 0 0 0 0 0 0 0 0 0 0 0 0 0 0 0 0 0 0 0 0 0
 0 0 0 0 0 0 0 0 0 0 0 0 0 0 0 0 0 0 0 0 0 0 0 0 0 0
 0.00862536 0 0 0.000197151 0.00414017 0.0128641 0.00837892 0.0270097 0.101434 0.158115 0.152841 0.127902 0.109271 0.109419 0.0830992 0.0579132 0.0238553 0.00714673 0.00463305 0.00128148 0.00103504 0.000492878 0.000147863 0.000147863 4.92878e-05 0
 0 0 0 0 0 0 0 0 0 0 0 0 0 0 0 0 0 0 0 0 0 0 0 0 0 0
 0 0 0 0 0 0 0 0.0054083 0.00873648 0.0413646 0.0450493 0.0745869 0.0622846 0.0627006 0.0613931 0.0827291 0.12552 0.122667 0.0946155 0.0697135 0.0546179 0.0294188 0.0215738 0.0213955 0.0102223 0.00600262
 0 0 0 0 0.00359764 0.0251062 0.0480494 0.140153 0.205849 0.193036 0.1447 0.116669 0.0760912 0.0342217 0.00950174 0.001854 0.000860785 0 0 0 0.000165536 0 0.000143464 0 0 0
 0 0 0 0 0 0 0 0.000145254 0.000435761 0.0275982 0.070085 0.0708112 0.156366 0.174668 0.174014 0.160142 0.0824315 0.0480064 0.0283245 0.00493863 0.00203355 0 0 0 0 0
 0 0 0 0 0 0 0 0 0 0 0 0 0 0 0 0 0 0 0 0 0 0 0 0 0 0
 0 0 1.00437e-05 0.000401748 0.00122533 0.00171747 0.00176769 0.0269171 0.070346 0.194647 0.189555 0.159765 0.064822 0.0314167 0.0384472 0.0292271 0.0345202 0.0313363 0.0194345 0.0106764 0.0143323 0.0359363 0.0279516 0.0138201 0.00172751 0
 0 0.0021121 0.0136068 0.0755702 0.200478 0.177729 0.0527432 0.0373336 0.0318909 0.0142505 0.0149659 0.0166563 0.0217959 0.0798694 0.0677717 0.0528807 0.04013 0.0224614 0.0357745 0.0225083 0.00881397 0.00855152 0.00135912 0.000746735 0 0
 0 0 0 0 5.4009e-05 0.00500934 0.000945158 0.0243581 0.138947 0.33067 0.221406 0.137944 0.0707744 0.0437923 0.0131692 0.00525238 0.0047753 0.00276346 9.45158e-05 9.00151e-06 2.25038e-05 9.00151e-06 4.50075e-06 0 0 0
 0.000866109 0.00284123 0.00948549 0.0512746 0.133035 0.25785 0.225252 0.132002 0.0553304 0.0519788 0.0540692 0.017754 0.00435017 0.00159236 0.00146478 0.000404838 0.000125132 0.000115318 0.000107957 0.000100596 0 0 0 0 0 0
 0 0 0 0 0.00144013 0.00171154 0.00461396 0.0210425 0.0478622 0.0707936 0.0888783 0.103762 0.0637923 0.0337046 0.0602308 0.124433 0.169614 0.0934646 0.0462172 0.0250306 0.0313229 0.00938855 0.002487 0.000210481 0 0
 0 0.00764035 0.051015 0.0998891 0.058973 0.0496711 0.0374665 0.0718981 0.12319 0.153886 0.159021 0.0857701 0.0377988 0.023471 0.0147837 0.00900784 0.00315554 0.000888139 0.00291439 0.00214683 0.00393193 0.00274676 0.000635225 9.99891e-05 0 0
 0 0 0 0 0 0 0 0 0 0 0 0 0 0 0 0 0 0 0 0 0 0 0 0 0 0
 0 0 0 0 0 0 0 0 0 0 0 0 0 0 0 0 0 0 0 0 0 0 0 0 0 0
 0 0 0 0 0 0 0 0 0 0 0 0 0 0 0 0 0 0 0 0 0 0 0 0 0 0
 0 0 0 0 0 0 0 0 0 0 0 0 0 0 0 0 0 0 0 0 0 0 0 0 0 0
 0 0 0 0 0 0 0 0 0 0 0 0 0 0 0 0 0 0 0 0 0 0 0 0 0 0
 0 0 0 0 0 0 0 0 0 0 0 0 0 0 0 0 0 0 0 0 0 0 0 0 0 0
 0 0 0 0 0 0 0 0 0 0 0 0 0 0 0 0 0 0 0 0 0 0 0 0 0 0
 0 0 0 0 0 0 0 0 0 0 0 0 0 0 0 0 0 0 0 0 0 0 0 0 0 0
 0 0 0 0 0 0 0 0 0 0 0 0 0 0 0 0 0 0 0 0 0 0 0 0 0 0
ppred_pel_tallas
 1.30261e-16 8.75799e-07 8.51309e-06 5.65732e-05 0.000257184 0.000800284 0.0017057 0.00249303 0.00250981 0.00178824 0.0010807 0.00108161 0.00218058 0.00482588 0.00967901 0.0173795 0.0282484 0.0422175 0.0589895 0.0780952 0.0985072 0.118006 0.133059 0.139809 0.135815 0.121406
 1.90265e-16 2.58691e-06 2.51457e-05 0.000167102 0.000759623 0.00236348 0.00503572 0.0073502 0.00735226 0.00504603 0.00239973 0.000871675 0.000477159 0.000801394 0.00178285 0.00378943 0.00756866 0.0142787 0.0254622 0.042758 0.0672324 0.0984522 0.133722 0.168041 0.195104 0.209157
 1.0301e-16 8.06916e-05 0.000784351 0.00521229 0.0236943 0.0737218 0.157072 0.229251 0.229251 0.157073 0.0737235 0.0236994 0.00522548 0.000814255 0.000141037 0.000115788 0.000186266 0.000299688 0.000474127 0.000747489 0.00116726 0.00177082 0.00255746 0.00346539 0.00436872 0.00510256
 1.02111e-16 4.53139e-06 4.40468e-05 0.000292711 0.00133068 0.00414071 0.00882554 0.0128999 0.0129897 0.00926396 0.0056122 0.0055781 0.010944 0.0232614 0.0439975 0.0724651 0.103769 0.129194 0.139871 0.131735 0.10804 0.0773509 0.0486665 0.0273934 0.0144477 0.00788259
 1.17917e-16 2.92786e-05 0.000284598 0.00189125 0.00859737 0.0267496 0.0569932 0.0831846 0.0831911 0.0570254 0.0268604 0.00892847 0.00276448 0.00232986 0.00431955 0.00814939 0.0141817 0.0229002 0.0346087 0.0491102 0.0652634 0.0807037 0.0921724 0.0966033 0.0924872 0.0806708
 1.00013e-16 8.23461e-05 0.000800433 0.00531916 0.0241801 0.0752334 0.160293 0.233952 0.233952 0.160293 0.0752336 0.0241808 0.00532085 0.00080413 8.93889e-05 1.74941e-05 1.73079e-05 2.18243e-05 2.48952e-05 2.58722e-05 2.54188e-05 2.48318e-05 2.51594e-05 2.65558e-05 2.82749e-05 2.91897e-05
 1.00271e-16 3.26115e-07 3.17005e-06 2.10708e-05 9.58435e-05 0.000298719 0.00063999 0.000954159 0.00104992 0.00110776 0.00186869 0.00462747 0.0113848 0.0247729 0.0469324 0.0772993 0.110674 0.137748 0.149038 0.140179 0.114617 0.0814726 0.0503499 0.0270579 0.0126513 0.00515516
 1.28581e-16 3.38551e-07 3.29083e-06 2.18688e-05 9.94136e-05 0.000309323 0.000659117 0.00096242 0.000964539 0.000670193 0.000350911 0.000238896 0.000444865 0.00116717 0.00291294 0.00663898 0.0137906 0.0260971 0.0449525 0.0704027 0.100143 0.129254 0.151261 0.160417 0.154122 0.134115
 1.9688e-16 1.94691e-06 1.89247e-05 0.000125761 0.000571692 0.00177875 0.00378985 0.00553159 0.00553254 0.00379466 0.00179611 0.000627422 0.000288073 0.000452649 0.00107694 0.00249277 0.00543096 0.0111157 0.0212918 0.0379723 0.0627456 0.0957036 0.134404 0.173531 0.205807 0.224119
 2.04145e-16 2.93194e-05 0.000284995 0.00189389 0.00860936 0.0267869 0.0570725 0.0832995 0.0833019 0.0570844 0.0268274 0.00872837 0.0022013 0.000987654 0.00146674 0.0026817 0.00467129 0.00784827 0.0130238 0.0214945 0.0348646 0.0544598 0.0804476 0.111039 0.142262 0.168632
 1.00718e-16 8.16158e-05 0.000793334 0.00527198 0.0239657 0.0745661 0.158871 0.231877 0.231877 0.158873 0.0745737 0.0239875 0.00532666 0.000912767 0.000308731 0.00038219 0.000545556 0.000693804 0.000783914 0.000804341 0.000781648 0.00076637 0.00080316 0.000905853 0.00105181 0.00119467
 1.00027e-16 7.95489e-05 0.000773243 0.00513847 0.0233588 0.0726778 0.154848 0.226006 0.226009 0.154864 0.0727314 0.0235137 0.00552704 0.00162024 0.00168446 0.00264917 0.00378577 0.00471267 0.00510111 0.00480184 0.00393264 0.002805 0.0017467 0.000955528 0.000466734 0.000212203
 1.00215e-16 6.09665e-05 0.000592616 0.00393815 0.0179023 0.0557007 0.118677 0.173218 0.173242 0.118797 0.0561025 0.0190621 0.00684704 0.0069344 0.0120805 0.0198104 0.0283796 0.0353671 0.0383506 0.0362138 0.0298263 0.0214959 0.0136468 0.00773555 0.00401865 0.00199972
 1.00171e-16 7.95827e-05 0.000773572 0.00514066 0.0233687 0.0727087 0.154914 0.226102 0.226104 0.154927 0.0727537 0.0234986 0.00546689 0.00148596 0.00143318 0.00224495 0.00322961 0.00406756 0.00449131 0.00437664 0.00380962 0.00302391 0.00225847 0.00164756 0.00120659 0.0008878
 1.0006e-16 7.72022e-05 0.000750433 0.00498689 0.0226697 0.0705338 0.15028 0.219339 0.219345 0.150309 0.070631 0.0229503 0.00569073 0.00228484 0.00298518 0.00479679 0.00686454 0.00855231 0.00926994 0.00874744 0.00719628 0.00517654 0.00327654 0.00184972 0.000957784 0.000478805
 1.00011e-16 8.16489e-05 0.000793656 0.00527412 0.0239754 0.0745964 0.158936 0.231971 0.231972 0.158939 0.0746097 0.0240139 0.00537078 0.00100441 0.000481169 0.000664273 0.000944321 0.00117746 0.00127857 0.00121034 0.00100143 0.000727948 0.000469727 0.000274517 0.000150536 8.14512e-05
 1.0037e-16 7.9407e-06 7.71865e-05 0.000512936 0.00233179 0.00725551 0.0154618 0.0225851 0.0226716 0.0158842 0.00867311 0.00642366 0.0107743 0.022445 0.0423921 0.0698171 0.0999793 0.124476 0.13475 0.126863 0.103915 0.074118 0.0461166 0.0251294 0.0120969 0.00524299
 1.0021e-16 8.1669e-05 0.000793852 0.00527542 0.0239813 0.0746147 0.158975 0.232028 0.232028 0.158975 0.0746171 0.0239882 0.00529328 0.000834508 0.000163798 0.000154283 0.000243838 0.000367553 0.000518221 0.000690308 0.000871779 0.00103912 0.00115822 0.00119512 0.00113222 0.000979224
 1.00208e-16 5.83417e-05 0.000567102 0.00376859 0.0171315 0.0533026 0.113568 0.165761 0.165789 0.113704 0.0537601 0.0184521 0.00708029 0.00778581 0.0137364 0.0225337 0.0322605 0.0401595 0.0434662 0.0409114 0.0335006 0.0238903 0.0148751 0.00813964 0.00398135 0.00181597
 1.0406e-16 2.73353e-05 0.000265709 0.00176573 0.00802678 0.0249746 0.0532129 0.0776766 0.0777283 0.0534654 0.0258227 0.0104774 0.00792077 0.0137143 0.0256034 0.042373 0.0612385 0.077414 0.0859955 0.0846486 0.074916 0.0610357 0.0472982 0.036051 0.0275089 0.0208389
 1.01088e-16 7.85144e-05 0.000763188 0.00507165 0.023055 0.0717326 0.152834 0.223066 0.223068 0.152844 0.0717675 0.0231562 0.005327 0.0013251 0.00115883 0.00182592 0.00270314 0.00356767 0.00424681 0.00465721 0.00483493 0.00487808 0.00485076 0.00473472 0.00446248 0.00398978
 1.00186e-16 7.56225e-05 0.000735077 0.00488485 0.0222058 0.0690905 0.147205 0.214852 0.214859 0.147242 0.0692162 0.0225686 0.00579461 0.00271844 0.00383459 0.00619921 0.00887498 0.0110599 0.0119943 0.0113313 0.00934639 0.00676457 0.00434529 0.00254143 0.00142604 0.000833833
 1.0171e-16 4.16333e-06 4.04691e-05 0.000268936 0.0012226 0.00380442 0.00810893 0.0118534 0.0119403 0.00853342 0.00522934 0.00533644 0.0105884 0.022545 0.0426769 0.070369 0.100949 0.126056 0.137161 0.130311 0.108529 0.079855 0.0526996 0.0320597 0.0187646 0.0110938
 1.02051e-16 7.67056e-05 0.000745606 0.00495481 0.0225239 0.0700801 0.149313 0.217927 0.217928 0.149316 0.0700909 0.0225563 0.00504058 0.000947487 0.000502926 0.0008214 0.00143442 0.00234068 0.00357592 0.00512626 0.00687513 0.00857229 0.00986794 0.010427 0.0100742 0.00888181
 1.01109e-16 6.15564e-05 0.00059835 0.00397625 0.0180755 0.0562396 0.119825 0.174893 0.174917 0.119939 0.0566211 0.0191768 0.00673822 0.00661966 0.0114734 0.0188089 0.0269461 0.0335886 0.0364484 0.0344858 0.0285525 0.0208612 0.013716 0.00846987 0.00530324 0.00366454
 1.04693e-16 1.9118e-05 0.000185834 0.00123493 0.00561386 0.0174671 0.0372179 0.0543334 0.0543949 0.0375181 0.0184753 0.00852625 0.00854753 0.0161562 0.0303692 0.0502255 0.0724595 0.0913352 0.10098 0.0986233 0.0861885 0.0688863 0.0520309 0.0385862 0.0288605 0.0217649
 1.01918e-16 7.66861e-05 0.000745416 0.00495355 0.0225181 0.0700623 0.149275 0.217872 0.217874 0.149286 0.0700998 0.0226272 0.00523015 0.00135828 0.00126717 0.00204288 0.00309741 0.00423382 0.0052991 0.00621176 0.00697478 0.00760782 0.00806158 0.00820464 0.00790212 0.00711766
 1.00542e-16 7.05345e-05 0.000685621 0.00455619 0.0207118 0.0644422 0.137301 0.200398 0.200411 0.137366 0.0646593 0.0213386 0.00612816 0.00411285 0.00656661 0.0107108 0.0153442 0.0191325 0.0207706 0.0196637 0.0162905 0.0119032 0.00780798 0.00477585 0.00291798 0.00193441
 1.02904e-16 1.2305e-05 0.000119609 0.000794847 0.00361331 0.0112427 0.0239566 0.0349809 0.0350551 0.0243191 0.0124598 0.00712789 0.00961392 0.0193616 0.0365264 0.0602859 0.0866511 0.108553 0.118773 0.113946 0.0965664 0.0733066 0.0510886 0.0339447 0.0224665 0.0152345
 1.1788e-16 2.99191e-05 0.000290824 0.00193263 0.00878547 0.0273349 0.0582404 0.0850066 0.0850207 0.0583096 0.0275692 0.00947078 0.00368557 0.00422564 0.00781943 0.0137046 0.0216586 0.0312317 0.0418455 0.0530224 0.0642631 0.0745815 0.0822305 0.0851338 0.0819009 0.0727056
 1.00942e-16 8.0658e-05 0.000784024 0.00521012 0.0236844 0.0736911 0.157007 0.229156 0.229157 0.157012 0.0737075 0.0237318 0.00532934 0.00104509 0.000578983 0.000836521 0.00121486 0.00156785 0.00181082 0.00191593 0.00192751 0.00193042 0.00199013 0.00211026 0.00223495 0.0022864
 1.00918e-16 2.89122e-05 0.000281036 0.00186759 0.00848983 0.0264153 0.0562829 0.0821595 0.0822211 0.056584 0.0274257 0.0114062 0.00918126 0.016224 0.0302402 0.0497711 0.0712808 0.0887685 0.0961432 0.0906061 0.0743743 0.0533014 0.0335391 0.0187868 0.00968524 0.00493593
 1.14019e-16 1.20855e-05 0.000117476 0.00078067 0.00354883 0.0110419 0.0235275 0.0343471 0.0343855 0.0237155 0.0116752 0.00538578 0.00542086 0.0103434 0.0197139 0.0333011 0.0496576 0.0659348 0.0790731 0.0873991 0.0912128 0.0918243 0.0900076 0.0853671 0.0770799 0.0651269
pSPR Fmed_Fpbrs
1   0.983406 0.6 0.325 0.983406 0.983406 0.983406
Fs Fmed_Fpbrs
0   0.01 0.347985 0.899403 0.01 0.01 0.01
SSBpbr Bo_Bmed_Bpbrs
415027  394276  387389 228265 114132 387389 387389 387389
Ro
26122.8
SPR SPRFo_SPRFmed_SPRFpbrs
188197 188197 185074
Fref
0
Nvult_r0
 2009.98 10766.4 12485.2 79.3502 80.4532
CTP_r0
 1066.72 7574.46 8783.65 55.825 56.601
YTP_r0
355383
Np
 2280.79 839.055 308.671 113.554 57.1419
Nvult_p0
 1441.73 530.384 195.117 71.7797 36.1206
CTP_p0
 0 0 0 0 0
 0 0 0 0 0
 0 0 0 0 0
 0 0 0 0 0
 0 0 0 0 0
 0 0 0 0 0
YTP_p0
 0 0 0 0 0 0
CBA_c0
0
log_Ro
9.99056
likeval ReclasPelacesDesembMPH_pf_preclas_ppelaces_ptallas_desvR_qrecl_qpela
 33.9395 30.5503 0.477086 0.00222442 428.221 167.762 140.768 0 225.936 0.00010929 0.000176047 0.00984029 2067.48 0 0
q_reclas_q_pelaces
4.38612 6.53006
M
1
N
 1665.75 18687.2 84939.3 10237.2 0.0562096
 1067.1 537.545 5222.2 23736.6 2860.84
 238881 250.116 76.7935 746.042 3799.7
 2966.99 56101.3 35.8798 11.0163 652.1
 1246.25 606.122 6006.6 3.84155 70.998
 820943 87.2162 6.85413 67.9237 0.846298
 1462.28 269475 25.2601 1.98514 19.9176
 470.266 473.585 75876 7.11248 6.16715
 828.067 167.832 163.477 26191.7 4.584
 1692.72 251.783 41.3953 40.3212 6461.25
 31721.7 162.494 5.52639 0.908588 142.703
 142676 6811.83 19.3175 0.656984 17.0728
 42297.1 23537.9 465.736 1.32077 1.21221
 79413.2 5745.17 1070.26 21.1769 0.115174
 38717.3 6808.95 99.4862 18.5332 0.368703
 269337 3028.83 97.2723 1.42126 0.270031
 3864.63 45801.1 220.684 7.08738 0.123229
 522247 683.676 3625.64 17.4694 0.570795
 318203 124638 101.441 537.955 2.67673
 39261.7 76913.7 18993.5 15.4585 82.3866
 247651 7298.45 6755.61 1668.27 8.59409
 420422 42947.4 554.112 512.898 127.311
 4570.36 80897.8 4055.58 52.3256 60.4559
 181279 1062.21 11353.7 569.186 15.8285
 145562 43055.8 156.021 1667.67 85.9288
 14349.1 36976.6 7282.29 26.3888 296.597
 133571 3536.91 5871.09 1156.27 51.2832
 212823 28459.4 413.636 686.615 141.222
 14844.2 59926.6 5974.54 86.8354 173.789
 9972.88 4467.85 14468.6 1442.48 62.9247
 193181 1932.84 428.323 1387.07 144.32
 34814 47015.2 298.808 66.2166 236.745
 2280.79 11148.7 12928.4 82.1674 83.3096
pred_Ctot
 130.69 2903.54 13197.5 1590.62 0.0087336
 253.85 223.97 2175.85 9889.94 1191.98
 56620.5 103.904 31.902 309.925 1578.49
 874.386 27673.9 17.699 5.43415 321.671
 723.228 465.569 4613.74 2.95074 54.5343
 56423.2 11.9577 0.939729 9.31262 0.116031
 111.743 40843.4 3.82858 0.30088 3.01884
 8.90501 18.5597 2973.57 0.278737 0.24169
 92.2264 36.1114 35.1744 5635.51 0.986313
 877.244 181.775 29.8854 29.11 4664.71
 8717.21 75.9456 2.5829 0.424652 66.6961
 53022.1 3980.62 11.2885 0.383921 9.97678
 18242.6 15198.2 300.722 0.852808 0.782716
 43047.4 4253.78 792.432 15.6796 0.0852758
 21682.6 5131.89 74.9825 13.9684 0.277891
 97362.1 1736.01 55.7527 0.814608 0.154771
 1344.52 25546.6 123.091 3.95315 0.0687338
 120090 277.082 1469.41 7.08006 0.231333
 71367.6 49490 40.279 213.606 1.06285
 12966.8 41313.9 10202.3 8.30346 44.2536
 87866.3 4128.28 3821.23 943.637 4.86114
 133511 22411.4 289.154 267.648 66.435
 1104.05 34128.2 1710.92 22.0745 25.5044
 42070.9 433.753 4636.27 232.427 6.46354
 29344.1 15642.7 56.6843 605.883 31.2189
 3091.56 14202.6 2797.1 10.1358 113.922
 37128.9 1667.9 2768.62 545.262 24.1836
 32252.7 8080.46 117.443 194.95 40.097
 1734.45 13471.1 1343.04 19.52 39.0667
 3140.2 2316.76 7502.52 747.983 32.6289
 42733.6 758.791 168.15 544.532 56.6567
 2882.57 7684.24 48.8376 10.8225 38.6939
 1066.72 7574.46 8783.65 55.825 56.601
F
 0.131016 0.274918 0.274918 0.274918 0.274918
 0.450779 0.945893 0.945893 0.945893 0.945893
 0.448804 0.941749 0.941749 0.941749 0.941749
 0.588224 1.2343 1.2343 1.2343 1.2343
 1.65951 3.48223 3.48223 3.48223 3.48223
 0.113976 0.239162 0.239162 0.239162 0.239162
 0.127422 0.267376 0.267376 0.267376 0.267376
 0.0303377 0.0636591 0.0636591 0.0636591 0.0636591
 0.190528 0.399794 0.399794 0.399794 0.399794
 1.34345 2.81903 2.81903 2.81903 2.81903
 0.538342 1.12963 1.12963 1.12963 1.12963
 0.801961 1.6828 1.6828 1.6828 1.6828
 0.996358 2.09071 2.09071 2.09071 2.09071
 1.45643 3.0561 3.0561 3.0561 3.0561
 1.54811 3.24848 3.24848 3.24848 3.24848
 0.771653 1.6192 1.6192 1.6192 1.6192
 0.732136 1.53628 1.53628 1.53628 1.53628
 0.432725 0.90801 0.90801 0.90801 0.90801
 0.420004 0.881317 0.881317 0.881317 0.881317
 0.682588 1.43231 1.43231 1.43231 1.43231
 0.752043 1.57805 1.57805 1.57805 1.57805
 0.648071 1.35988 1.35988 1.35988 1.35988
 0.459238 0.963643 0.963643 0.963643 0.963643
 0.437542 0.918118 0.918118 0.918118 0.918118
 0.370315 0.777051 0.777051 0.777051 0.777051
 0.400431 0.840244 0.840244 0.840244 0.840244
 0.546154 1.14602 1.14602 1.14602 1.14602
 0.267339 0.560971 0.560971 0.560971 0.560971
 0.200702 0.421143 0.421143 0.421143 0.421143
 0.640877 1.34479 1.34479 1.34479 1.34479
 0.413156 0.866947 0.866947 0.866947 0.866947
 0.1387 0.291042 0.291042 0.291042 0.291042
 1.13088 2.37299 2.37299 2.37299 2.37299
YTP_r0W_actual
 8043.07 132174 211422 1748.44 1995.18
YTP_p0W_proyectada
 0 0 0 0 0
 0 0 0 0 0
 0 0 0 0 0
 0 0 0 0 0
 0 0 0 0 0
 0 0 0 0 0
CTP_r0_actual
 1066.72 7574.46 8783.65 55.825 56.601
CTP_p0_proyectada
 0 0 0 0 0
 0 0 0 0 0
 0 0 0 0 0
 0 0 0 0 0
 0 0 0 0 0
 0 0 0 0 0
Wmedp
 7.54 17.45 24.07 31.32 35.25
Frms_r0
 1.13088 2.37299 2.37299 2.37299 2.37299
Zrms_r0
 2.13088 3.37299 3.37299 3.37299 3.37299
nmprior
 7.29 8.9 8.7 0
nm_flota  nm_reclas  nm_pelaces    nm_pelaL
inf 9.98097 4.10382 7.21878
cv_recla  cv_pelaces  cv_mph
0.504526 0.605478 1.2605
 ------------------------------------------------
Talla a la edad & desviaci?n 
 8 13.2811 15.8009 17.003 17.5766
 0.8 1.32811 1.58009 1.7003 1.75766
