years
 1991 1992 1993 1994 1995 1996 1997 1998 1999 2000 2001 2002 2003 2004 2005 2006 2007 2008 2009 2010 2011 2012 2013 2014 2015 2016 2017 2018 2019 2020 2021 2022 2023
reclasobs
 0 0 0 0 0 0 0 0 0 252601 567819 844713 477998 351125 339783 2.1784e+06 2.13404e+06 4.81314e+06 1.55562e+06 2.62356e+06 3.21686e+06 3.843e+06 1.13348e+06 3.07943e+06 1.97215e+06 2.03268e+06 2.025e+06 2.42433e+06 2.27542e+06 1.05018e+06 2.36338e+06 3.18982e+06 1.53035e+06
reclaspred
 2.92807e+06 1.64209e+06 866921 895535 917286 1.33807e+06 884652 841306 630056 480608 508412 621345 620078 511483 548397 1.25596e+06 1.30332e+06 2.68857e+06 2.23269e+06 1.70555e+06 3.01132e+06 2.42158e+06 2.01173e+06 3.00974e+06 2.27735e+06 2.06522e+06 2.38516e+06 2.52107e+06 2.15524e+06 1.55157e+06 2.00113e+06 2.2126e+06 1.80548e+06
pelacesobs
 0 0 0 0 0 0 0 0 0 0 0 0 0 0 0 552880 188675 0 991730 2.46772e+06 1.41603e+06 1.21717e+06 2.29649e+06 1.80582e+06 0 1.4828e+06 1.56532e+06 1.57751e+06 1.42118e+06 867257 1.10002e+06 1.06204e+06 0
pelacespred
 1.62218e+06 1.01837e+06 535028 452463 479928 724656 455904 518561 384005 280729 302426 311750 339971 303394 329800 619285 639098 1.5004e+06 1.30741e+06 925775 1.56223e+06 1.3815e+06 1.13369e+06 1.84368e+06 1.35348e+06 1.21913e+06 1.59976e+06 1.53038e+06 1.17367e+06 975492 1.08389e+06 1.20194e+06 1.03e+06
mphobs
 0 0 0 0 0 0 0 0 0 0 0 0 498337 0 5186 125008 0 168611 109162 213762 579715 649985 157893 87575 83554 210694 70296 0 107559 103333 445601 22526 28222
mphpred
 297239 199260 99741.5 57904.9 66065.1 74440 91792.7 61941.5 56719 41791.2 28889.5 40103.9 42741.8 37023.7 27589.5 35828.5 99950.4 101572 180899 140560 153528 187120 177570 151452 203921 169488 142836 148030 205967 148497 104668 170801 113393
desembarqueobs
 494567 514787 250237 358949 120608 361735 552515 73892 212993 205616 52469 317467 293654 387597 252695 516296 358380 742168 942051 627588 828172 859565 418607 520667 417249 300574 415391 372974 316634 284311 391294 218835 356480
desembarquepred
 494571 513290 250987 358989 120614 361764 552592 73896.2 213039 205661 52471.8 317547 293725 387677 252705 516280 358406 742089 941931 627499 828274 859645 418630 520708 417263 300583 415406 372973 316638 284321 391283 218841 356493
Reclutas
 222485 114704 151239 226088 191682 287381 127072 67934.5 60668.7 77470.3 140837 171484 146531 105864 116362 561389 140494 847826 496958 389097 576936 759432 177383 494442 420206 201367 421978 484661 163208 153804 396035 175831 311587
log_desv_Rt
 -0.00971009 -0.672215 -0.395706 0.00635485 -0.158731 0.246239 -0.569811 -1.19602 -1.30914 -1.06467 -0.466965 -0.270077 -0.427329 -0.752416 -0.65786 0.915845 -0.469408 1.32811 0.793936 0.54926 0.943162 1.218 -0.23626 0.788861 0.626176 -0.109442 0.630385 0.768881 -0.319545 -0.378892 0.566933 -0.245044 0.327111
SSB
 3.97739e+06 2.66632e+06 1.33465e+06 774832 884025 996091 1.22829e+06 828847 758964 559213 386574 536635 571933 495419 369179 479426 1.33745e+06 1.35915e+06 2.42064e+06 1.88086e+06 2.05438e+06 2.50387e+06 2.37609e+06 2.0266e+06 2.72869e+06 2.26794e+06 1.9113e+06 1.9808e+06 2.75607e+06 1.98706e+06 1.40057e+06 2.28551e+06 1.51733e+06
BT
 5.28726e+06 3.56554e+06 1.85876e+06 1.65819e+06 1.5333e+06 2.47618e+06 1.87415e+06 1.6148e+06 1.36464e+06 1.03912e+06 953307 1.20374e+06 1.28395e+06 1.30843e+06 1.24308e+06 2.28544e+06 2.19611e+06 5.13847e+06 4.83014e+06 3.36071e+06 5.32574e+06 4.97393e+06 3.75931e+06 5.99701e+06 4.44957e+06 3.91569e+06 5.2092e+06 4.94281e+06 3.77521e+06 3.19678e+06 3.59166e+06 3.76762e+06 3.40109e+06
Ftot
 0.114665 0.20665 0.200584 0.327875 0.10296 0.230531 0.442922 0.0675608 0.260539 0.326224 0.0943402 0.422625 0.385637 0.633462 0.435445 0.431767 0.207954 0.264542 0.33722 0.292871 0.229926 0.294539 0.151714 0.155131 0.14176 0.110066 0.153487 0.136589 0.102131 0.133864 0.179878 0.0737005 0.166342
BD_Bspro_t
 0.981952 0.8742 0.742133 0.680183 0.684036 0.746469 0.722504 0.593799 0.658557 0.630478 0.608578 0.75188 0.648858 0.566995 0.479898 0.539819 0.677651 0.669127 0.732899 0.65326 0.632881 0.674923 0.69414 0.696036 0.776487 0.784967 0.792467 0.812955 0.848576 0.806061 0.770881 0.826603 0.828728
BD_Bspro
 2.45746 1.64741 0.824626 0.478736 0.546202 0.615442 0.758908 0.512109 0.468932 0.345514 0.238848 0.331564 0.353373 0.306098 0.2281 0.296217 0.826353 0.839761 1.49561 1.1621 1.26931 1.54704 1.46809 1.25215 1.68594 1.40126 1.18091 1.22385 1.70286 1.22772 0.865352 1.41212 0.937493
BD_Bo
 2.41453 1.61863 0.810219 0.470372 0.536659 0.60469 0.745649 0.503162 0.460739 0.339477 0.234675 0.325771 0.347199 0.300751 0.224115 0.291042 0.811916 0.825089 1.46948 1.1418 1.24714 1.52001 1.44244 1.23027 1.65648 1.37678 1.16028 1.20247 1.67311 1.20627 0.850233 1.38745 0.921113
BD_Brms
 2.5858 1.73344 0.867692 0.503738 0.574727 0.647583 0.798542 0.538854 0.493421 0.363558 0.251321 0.34888 0.371828 0.322084 0.240013 0.311687 0.869509 0.883617 1.57371 1.22279 1.3356 1.62783 1.54476 1.31754 1.77399 1.47444 1.24259 1.28777 1.79179 1.29184 0.910545 1.48587 0.986453
Sel_flota
 0.4763 0.945296 0.996963 0.99984 0.999992
 0.4763 0.945296 0.996963 0.99984 0.999992
 0.4763 0.945296 0.996963 0.99984 0.999992
 0.4763 0.945296 0.996963 0.99984 0.999992
 0.4763 0.945296 0.996963 0.99984 0.999992
 0.4763 0.945296 0.996963 0.99984 0.999992
 0.4763 0.945296 0.996963 0.99984 0.999992
 0.4763 0.945296 0.996963 0.99984 0.999992
 0.4763 0.945296 0.996963 0.99984 0.999992
 0.4763 0.945296 0.996963 0.99984 0.999992
 0.4763 0.945296 0.996963 0.99984 0.999992
 0.4763 0.945296 0.996963 0.99984 0.999992
 0.4763 0.945296 0.996963 0.99984 0.999992
 0.4763 0.945296 0.996963 0.99984 0.999992
 0.4763 0.945296 0.996963 0.99984 0.999992
 0.4763 0.945296 0.996963 0.99984 0.999992
 0.4763 0.945296 0.996963 0.99984 0.999992
 0.4763 0.945296 0.996963 0.99984 0.999992
 0.4763 0.945296 0.996963 0.99984 0.999992
 0.4763 0.945296 0.996963 0.99984 0.999992
 0.4763 0.945296 0.996963 0.99984 0.999992
 0.4763 0.945296 0.996963 0.99984 0.999992
 0.4763 0.945296 0.996963 0.99984 0.999992
 0.4763 0.945296 0.996963 0.99984 0.999992
 0.4763 0.945296 0.996963 0.99984 0.999992
 0.4763 0.945296 0.996963 0.99984 0.999992
 0.4763 0.945296 0.996963 0.99984 0.999992
 0.4763 0.945296 0.996963 0.99984 0.999992
 0.4763 0.945296 0.996963 0.99984 0.999992
 0.4763 0.945296 0.996963 0.99984 0.999992
 0.4763 0.945296 0.996963 0.99984 0.999992
 0.4763 0.945296 0.996963 0.99984 0.999992
 0.4763 0.945296 0.996963 0.99984 0.999992
Sel_reclas
 1 1 1 1 1
 1 1 1 1 1
 1 1 1 1 1
 1 1 1 1 1
 1 1 1 1 1
 1 1 1 1 1
 1 1 1 1 1
 1 1 1 1 1
 1 1 1 1 1
 1 1 1 1 1
 1 1 1 1 1
 1 1 1 1 1
 1 1 1 1 1
 1 1 1 1 1
 1 1 1 1 1
 1 1 1 1 1
 1 1 1 1 1
 1 1 1 1 1
 1 1 1 1 1
 1 1 1 1 1
 1 1 1 1 1
 1 1 1 1 1
 1 1 1 1 1
 1 1 1 1 1
 1 1 1 1 1
 1 1 1 1 1
 1 1 1 1 1
 1 1 1 1 1
 1 1 1 1 1
 1 1 1 1 1
 1 1 1 1 1
 1 1 1 1 1
 1 1 1 1 1
Sel_pelaces
 1 1 1 1 1
 1 1 1 1 1
 1 1 1 1 1
 1 1 1 1 1
 1 1 1 1 1
 1 1 1 1 1
 1 1 1 1 1
 1 1 1 1 1
 1 1 1 1 1
 1 1 1 1 1
 1 1 1 1 1
 1 1 1 1 1
 1 1 1 1 1
 1 1 1 1 1
 1 1 1 1 1
 1 1 1 1 1
 1 1 1 1 1
 1 1 1 1 1
 1 1 1 1 1
 1 1 1 1 1
 1 1 1 1 1
 1 1 1 1 1
 1 1 1 1 1
 1 1 1 1 1
 1 1 1 1 1
 1 1 1 1 1
 1 1 1 1 1
 1 1 1 1 1
 1 1 1 1 1
 1 1 1 1 1
 1 1 1 1 1
 1 1 1 1 1
 1 1 1 1 1
pf_obs 
 0.8446 0.082 0.0669 0.0065 0
 0.8095 0.147 0.0364 0.0071 0
 0.9664 0.0169 0.016 0.0007 0
 0.9276 0.0648 0.0075 0.0001 0
 0.7033 0.2144 0.0806 0.0017 0
 0.9318 0.0425 0.0243 0.0014 0
 0.5671 0.3108 0.0964 0.0239 0.0018
 0.0768 0.2599 0.5324 0.112 0.0189
 0.490249 0.384438 0.106611 0.0170017 0.00170017
 0.7925 0.1577 0.0466 0.003 0.0002
 0.840416 0.127587 0.0312969 0.00059994 9.999e-05
 0.8084 0.0986 0.0794 0.0134 0.0002
 0.7335 0.1905 0.0724 0.0035 0.0001
 0.4001 0.4547 0.1325 0.0127 0
 0.49795 0.308269 0.164784 0.0264974 0.00249975
 0.9179 0.0499 0.0305 0.0017 0
 0.2467 0.6533 0.0926 0.0074 0
 0.9418 0.0223 0.034 0.0019 0
 0.707729 0.231977 0.0356964 0.0245975 0
 0.517169 0.277429 0.184464 0.0207286 0.00020938
 0.811772 0.124168 0.05621 0.00726502 0.000585176
 0.764997 0.148141 0.077277 0.00933861 0.000247198
 0.163321 0.427699 0.378323 0.0303852 0.000271297
 0.753843 0.0900009 0.118128 0.0371064 0.000921714
 0.721811 0.176058 0.0630433 0.0369309 0.00215725
 0.143369 0.312575 0.442814 0.0836902 0.0175525
 0.692698 0.0596174 0.167031 0.0765114 0.00414204
 0.394062 0.376323 0.152708 0.0712218 0.00568511
 0.125707 0.32114 0.495352 0.0537591 0.00404204
 0.23352 0.215282 0.420074 0.123614 0.00750983
 0.796117 0.104755 0.0508955 0.0450114 0.00322123
 0.162477 0.292055 0.404252 0.121198 0.0200186
 0 0 0 0 0
pf_pred 
 0.312182 0.119211 0.540191 0.0284147 1.04636e-06
 0.27162 0.350147 0.0685451 0.294254 0.0154333
 0.473782 0.228833 0.147379 0.0272539 0.122752
 0.609214 0.254308 0.0613192 0.0373082 0.0378505
 0.515103 0.371976 0.0750754 0.0170356 0.0208095
 0.603895 0.268014 0.0994959 0.0190305 0.00956435
 0.357534 0.487452 0.106855 0.0374344 0.010724
 0.333884 0.364442 0.232447 0.0477725 0.0214539
 0.39757 0.299603 0.169674 0.102667 0.030487
 0.550058 0.261317 0.0966472 0.0516083 0.0403693
 0.681283 0.23 0.0528644 0.0184007 0.0174525
 0.60401 0.32022 0.055504 0.0120907 0.00817553
 0.541337 0.35203 0.0872826 0.0141885 0.00516215
 0.488868 0.366904 0.112311 0.0261414 0.00577537
 0.603484 0.273542 0.090046 0.0256639 0.00726454
 0.87138 0.0989504 0.0208789 0.00644279 0.00234764
 0.290847 0.663955 0.0352866 0.00698204 0.00292914
 0.812651 0.0847036 0.0964483 0.00484156 0.0013556
 0.466468 0.480903 0.0245672 0.0263724 0.00168903
 0.462553 0.347615 0.172145 0.0082716 0.0094165
 0.610772 0.250407 0.0916748 0.0427661 0.00437959
 0.618908 0.291074 0.0591183 0.020428 0.0104724
 0.226243 0.596986 0.136925 0.0261981 0.0136482
 0.608918 0.144023 0.193012 0.0418931 0.0121541
 0.494839 0.384221 0.046123 0.0584886 0.0163283
 0.321531 0.448265 0.177431 0.0201634 0.032609
 0.601391 0.193054 0.138302 0.0518715 0.0153813
 0.566955 0.326308 0.0531939 0.036061 0.0174823
 0.266082 0.53 0.155752 0.0240403 0.0241252
 0.366812 0.26381 0.270723 0.0754056 0.0232491
 0.677383 0.17411 0.0638838 0.0620717 0.0225518
 0.35255 0.524601 0.0680564 0.023612 0.0311812
 0.571802 0.220324 0.170131 0.0209366 0.0168067
pobs_RECLAS
 0 0 0 0 0
 0 0 0 0 0
 0 0 0 0 0
 0 0 0 0 0
 0 0 0 0 0
 0 0 0 0 0
 0 0 0 0 0
 0 0 0 0 0
 0 0 0 0 0
 0 0 0 0 0
 0.991045 0.00858322 0.000360255 1.14367e-05 0
 0.934742 0.0480273 0.0164251 0.00080598 0
 0.827803 0.169806 0.00239088 0 0
 0.941827 0.0461693 0.0120037 0 0
 0.791401 0.0380133 0.147996 0.0225897 0
 0.846168 0.0940531 0.0597789 0 0
 0.134021 0.677848 0.182769 0.00536245 0
 0.80878 0.0450904 0.141981 0.00414843 0
 0.846168 0.0940531 0.0597789 0 0
 0.905697 0.0802665 0.012482 0.00150086 5.37128e-05
 0.989698 0.0102097 9.19794e-05 0 0
 0.975433 0.0193895 0.00387452 0.00125025 5.28907e-05
 0.303575 0.632131 0.0575291 0.00676475 0
 0.966965 0.00978017 0.0227588 0.000495775 0
 0.843318 0.132988 0.00938335 0.0141283 0.000182051
 0.564624 0.303363 0.111486 0.0197234 0.00080311
 0.826376 0.0876187 0.0782897 0.00655872 0.00115652
 0.89761 0.0855135 0.0140674 0.00269457 0.000114338
 0.34875 0.467042 0.161289 0.0227151 0.000203297
 0.318654 0.224769 0.449479 0.00709798 0
 0.937255 0.0296025 0.0250945 0.00804832 0
 0.456809 0.399803 0.12412 0.0192676 0
 0.883104 0.0372192 0.0704036 0.00927362 0
ppred_RECLAS
 0.486157 0.0930966 0.399778 0.0209677 7.7201e-07
 0.434658 0.279776 0.0518766 0.222046 0.0116442
 0.650306 0.156878 0.095704 0.0176461 0.0794657
 0.762116 0.157845 0.0360221 0.0218515 0.0221657
 0.681916 0.247073 0.0472594 0.0106926 0.0130594
 0.756744 0.167495 0.0588877 0.0112302 0.00564323
 0.533676 0.358588 0.0743365 0.0259634 0.00743668
 0.50542 0.277216 0.167598 0.0343451 0.0154215
 0.576728 0.216418 0.116053 0.0700142 0.0207876
 0.716055 0.168797 0.0590872 0.0314578 0.0246032
 0.812137 0.137615 0.0299779 0.0104042 0.00986659
 0.757518 0.198169 0.0324879 0.00705562 0.00477015
 0.707364 0.227482 0.0533607 0.00864818 0.00314594
 0.66634 0.243389 0.0703436 0.0163222 0.00360542
 0.758476 0.169512 0.0527727 0.0149952 0.00424394
 0.93295 0.0522476 0.0104264 0.00320766 0.00116863
 0.451829 0.514987 0.0259239 0.00511441 0.00214529
 0.899748 0.0466894 0.0503378 0.00251941 0.000705305
 0.639341 0.326859 0.0158028 0.0169134 0.00108305
 0.6383 0.238457 0.111792 0.00535569 0.00609604
 0.762357 0.155882 0.0540476 0.0251389 0.00257402
 0.767967 0.179527 0.0345181 0.0118922 0.00609557
 0.371557 0.490831 0.106664 0.0203488 0.0105993
 0.762958 0.0903276 0.114693 0.0248213 0.00720007
 0.664597 0.258458 0.0293982 0.0371712 0.0103755
 0.490349 0.342889 0.128622 0.0145742 0.0235663
 0.756057 0.121495 0.0824658 0.0308393 0.00914325
 0.725915 0.209307 0.0323313 0.0218541 0.0105932
 0.423085 0.42284 0.117765 0.0181243 0.0181855
 0.544052 0.196047 0.190636 0.0529441 0.0163213
 0.811576 0.104294 0.0362517 0.0351203 0.0127579
 0.522675 0.390715 0.0480445 0.0166207 0.0219453
 0.732609 0.141224 0.103315 0.012677 0.0101748
pobs_PELACES
 0 0 0 0 0
 0 0 0 0 0
 0 0 0 0 0
 0 0 0 0 0
 0 0 0 0 0
 0 0 0 0 0
 0 0 0 0 0
 0 0 0 0 0
 0 0 0 0 0
 0 0 0 0 0
 0 0 0 0 0
 0 0 0 0 0
 0 0 0 0 0
 0 0 0 0 0
 0 0 0 0 0
 0 0 0 0 0
 0.505614 0.472636 0.0217494 0 0
 0 0 0 0 0
 0.443492 0.261883 0.143347 0.151278 0
 0.227955 0.32914 0.350689 0.0885471 0.00366901
 0.970185 0.0296113 0.000203453 0 0
 0.997202 0.00247181 0.000326279 0 0
 0.445219 0.490057 0.0546422 0.010081 0
 0.90214 0.0892962 0.00764917 0.000914606 0
 0 0 0 0 0
 0.581667 0.319106 0.0959925 0.00289975 0.000334073
 0.762889 0.0836404 0.116647 0.0363945 0.000428098
 0.88444 0.0763242 0.0277011 0.0115352 0
 0.521256 0.241999 0.230069 0.00667565 0
 0.616807 0.101726 0.260614 0.0208532 0
 0.833518 0.0704572 0.0857862 0.0102388 0
 0.697417 0.212968 0.0787535 0.0105354 0.000325836
 0 0 0 0 0
ppred_PELACES
 0.490992 0.0923686 0.395878 0.0207608 7.6439e-07
 0.442991 0.276165 0.0510269 0.218366 0.0114511
 0.657769 0.153828 0.093523 0.0172406 0.0776391
 0.771534 0.151889 0.0344697 0.0209033 0.0212035
 0.685448 0.244426 0.0466712 0.0105585 0.0128956
 0.763475 0.163062 0.0571042 0.0108877 0.00547106
 0.551128 0.345779 0.071142 0.0248372 0.00711395
 0.508161 0.27582 0.166563 0.0341307 0.0153252
 0.587078 0.211595 0.112964 0.0681338 0.020229
 0.726667 0.162865 0.0566943 0.0301745 0.0235992
 0.814421 0.136001 0.0295788 0.0102648 0.00973433
 0.769565 0.188574 0.0306929 0.00666312 0.00450469
 0.719861 0.218088 0.050822 0.00823371 0.00299511
 0.688403 0.227966 0.0651782 0.0151145 0.00333856
 0.771002 0.161082 0.0497772 0.0141382 0.0040013
 0.937108 0.0490881 0.00972409 0.00299036 0.00108944
 0.459866 0.507547 0.0254589 0.00502168 0.00210637
 0.903592 0.0450079 0.0483065 0.00241714 0.000676665
 0.651412 0.316095 0.0151947 0.0162574 0.00104103
 0.649087 0.231741 0.108102 0.00517749 0.00589311
 0.768988 0.151741 0.0524059 0.02437 0.00249526
 0.776192 0.173364 0.0331661 0.0114232 0.0058551
 0.377191 0.486709 0.105496 0.0201229 0.0104815
 0.767569 0.0887176 0.112351 0.0243109 0.00705196
 0.669596 0.254752 0.0289066 0.0365448 0.0102006
 0.494762 0.340131 0.127348 0.0144284 0.0233304
 0.760655 0.119364 0.080808 0.0302149 0.00895806
 0.730212 0.206142 0.0317683 0.0214707 0.0104073
 0.427063 0.420122 0.116805 0.0179747 0.0180353
 0.549513 0.193955 0.188171 0.0522529 0.0161081
 0.816009 0.101984 0.0353404 0.0342316 0.0124349
 0.525578 0.388429 0.0477034 0.0165015 0.021788
 0.737883 0.138625 0.101127 0.0124066 0.00995764
pobs_pel_tallas
 0 0 0 0 0 0 0 0 0 0 0 0 0 0 0 0 0 0 0 0 0 0 0 0 0 0
 0 0 0 0 0 0 0 0 0 0 0 0 0 0 0 0 0 0 0 0 0 0 0 0 0 0
 0 0 0 0 0 0 0 0 0 0 0 0 0 0 0 0 0 0 0 0 0 0 0 0 0 0
 0 0 0 0 0 0 0 0 0 0 0 0 0 0 0 0 0 0 0 0 0 0 0 0 0 0
 0 0 0 0 0 0 0 0 0 0 0 0 0 0 0 0 0 0 0 0 0 0 0 0 0 0
 0 0 0 0 0 0 0 0 0 0 0 0 0 0 0 0 0 0 0 0 0 0 0 0 0 0
 0 0 0 0 0 0 0 0 0 0 0 0 0 0 0 0 0 0 0 0 0 0 0 0 0 0
 0 0 0 0 0 0 0 0 0 0 0 0 0 0 0 0 0 0 0 0 0 0 0 0 0 0
 0 0 0 0 0 0 0 0 0 0 0 0 0 0 0 0 0 0 0 0 0 0 0 0 0 0
 0 0 0 0 0 0 0 0 0 0 0 0 0 0 0 0 0 0 0 0 0 0 0 0 0 0
 0 0 0 0 0 0 0 0 0 0 0 0 0 0 0 0 0 0 0 0 0 0 0 0 0 0
 0 0 0 0 0 0 0 0 0 0 0 0 0 0 0 0 0 0 0 0 0 0 0 0 0 0
 0.00862536 0 0 0.000197151 0.00414017 0.0128641 0.00837892 0.0270097 0.101434 0.158115 0.152841 0.127902 0.109271 0.109419 0.0830992 0.0579132 0.0238553 0.00714673 0.00463305 0.00128148 0.00103504 0.000492878 0.000147863 0.000147863 4.92878e-05 0
 0 0 0 0 0 0 0 0 0 0 0 0 0 0 0 0 0 0 0 0 0 0 0 0 0 0
 0 0 0 0 0 0 0 0.0054083 0.00873648 0.0413646 0.0450493 0.0745869 0.0622846 0.0627006 0.0613931 0.0827291 0.12552 0.122667 0.0946155 0.0697135 0.0546179 0.0294188 0.0215738 0.0213955 0.0102223 0.00600262
 0 0 0 0 0.00359764 0.0251062 0.0480494 0.140153 0.205849 0.193036 0.1447 0.116669 0.0760912 0.0342217 0.00950174 0.001854 0.000860785 0 0 0 0.000165536 0 0.000143464 0 0 0
 0 0 0 0 0 0 0 0.000145254 0.000435761 0.0275982 0.070085 0.0708112 0.156366 0.174668 0.174014 0.160142 0.0824315 0.0480064 0.0283245 0.00493863 0.00203355 0 0 0 0 0
 0 0 0 0 0 0 0 0 0 0 0 0 0 0 0 0 0 0 0 0 0 0 0 0 0 0
 0 0 1.00437e-05 0.000401748 0.00122533 0.00171747 0.00176769 0.0269171 0.070346 0.194647 0.189555 0.159765 0.064822 0.0314167 0.0384472 0.0292271 0.0345202 0.0313363 0.0194345 0.0106764 0.0143323 0.0359363 0.0279516 0.0138201 0.00172751 0
 0 0.0021121 0.0136068 0.0755702 0.200478 0.177729 0.0527432 0.0373336 0.0318909 0.0142505 0.0149659 0.0166563 0.0217959 0.0798694 0.0677717 0.0528807 0.04013 0.0224614 0.0357745 0.0225083 0.00881397 0.00855152 0.00135912 0.000746735 0 0
 0 0 0 0 5.4009e-05 0.00500934 0.000945158 0.0243581 0.138947 0.33067 0.221406 0.137944 0.0707744 0.0437923 0.0131692 0.00525238 0.0047753 0.00276346 9.45158e-05 9.00151e-06 2.25038e-05 9.00151e-06 4.50075e-06 0 0 0
 0.000866109 0.00284123 0.00948549 0.0512746 0.133035 0.25785 0.225252 0.132002 0.0553304 0.0519788 0.0540692 0.017754 0.00435017 0.00159236 0.00146478 0.000404838 0.000125132 0.000115318 0.000107957 0.000100596 0 0 0 0 0 0
 0 0 0 0 0.00144013 0.00171154 0.00461396 0.0210425 0.0478622 0.0707936 0.0888783 0.103762 0.0637923 0.0337046 0.0602308 0.124433 0.169614 0.0934646 0.0462172 0.0250306 0.0313229 0.00938855 0.002487 0.000210481 0 0
 0 0.00764035 0.051015 0.0998891 0.058973 0.0496711 0.0374665 0.0718981 0.12319 0.153886 0.159021 0.0857701 0.0377988 0.023471 0.0147837 0.00900784 0.00315554 0.000888139 0.00291439 0.00214683 0.00393193 0.00274676 0.000635225 9.99891e-05 0 0
 0 0 0 0 0 0 0 0 0 0 0 0 0 0 0 0 0 0 0 0 0 0 0 0 0 0
 0 0 0 0 0 0 0 0 0 0 0 0 0 0 0 0 0 0 0 0 0 0 0 0 0 0
 0 0 0 0 0 0 0 0 0 0 0 0 0 0 0 0 0 0 0 0 0 0 0 0 0 0
 0 0 0 0 0 0 0 0 0 0 0 0 0 0 0 0 0 0 0 0 0 0 0 0 0 0
 0 0 0 0 0 0 0 0 0 0 0 0 0 0 0 0 0 0 0 0 0 0 0 0 0 0
 0 0 0 0 0 0 0 0 0 0 0 0 0 0 0 0 0 0 0 0 0 0 0 0 0 0
 0 0 0 0 0 0 0 0 0 0 0 0 0 0 0 0 0 0 0 0 0 0 0 0 0 0
 0 0 0 0 0 0 0 0 0 0 0 0 0 0 0 0 0 0 0 0 0 0 0 0 0 0
 0 0 0 0 0 0 0 0 0 0 0 0 0 0 0 0 0 0 0 0 0 0 0 0 0 0
ppred_pel_tallas
 1.1353e-16 4.04424e-05 0.000393114 0.00261238 0.0118755 0.0369492 0.0787245 0.114903 0.114912 0.0787712 0.0371077 0.012341 0.00380934 0.00310059 0.00545872 0.00967906 0.0156079 0.0230918 0.0318686 0.0416062 0.0517278 0.0610891 0.0679152 0.0703165 0.067192 0.0589071
 1.25381e-16 3.64887e-05 0.000354683 0.00235699 0.0107146 0.0333371 0.0710293 0.103675 0.103702 0.0711598 0.0337759 0.0119833 0.00554738 0.00733964 0.0133659 0.0222182 0.0324595 0.0418715 0.0483228 0.0510948 0.0514095 0.0515752 0.0533607 0.0568393 0.0604494 0.0620214
 1.17606e-16 5.41796e-05 0.000526645 0.00349974 0.0159093 0.0494999 0.105465 0.153933 0.153948 0.105538 0.0497459 0.0166216 0.0052942 0.00446628 0.00760299 0.0126621 0.0186642 0.024402 0.0287068 0.0311243 0.0321883 0.0329812 0.0343219 0.0362273 0.0379824 0.0386342
 1.06719e-16 6.35503e-05 0.000617731 0.00410504 0.0186609 0.0580612 0.123706 0.180556 0.18057 0.123778 0.058302 0.0193569 0.00585361 0.0044403 0.00733988 0.0120789 0.017505 0.0222598 0.0250181 0.0252091 0.0233643 0.0207418 0.0185247 0.0172171 0.0165947 0.0160756
 1.04651e-16 5.64595e-05 0.000548807 0.00364701 0.0165788 0.051583 0.109904 0.160413 0.160436 0.110019 0.0519699 0.0176968 0.00645444 0.00668111 0.0117138 0.019305 0.0278738 0.0352022 0.0390688 0.0384573 0.0341532 0.0281845 0.0225734 0.018375 0.0155625 0.0135421
 1.03708e-16 6.28864e-05 0.000611279 0.00406216 0.018466 0.0574547 0.122414 0.17867 0.178686 0.122491 0.0577137 0.0192148 0.00594449 0.00472934 0.00791006 0.013046 0.0189479 0.0241643 0.0272521 0.027536 0.0254775 0.0222933 0.0191515 0.0165925 0.0145215 0.0125875
 1.05837e-16 4.53957e-05 0.000441263 0.00293235 0.01333 0.0414749 0.0883679 0.128983 0.129016 0.088531 0.0420225 0.0149123 0.00690602 0.0091225 0.0165525 0.0273452 0.0395121 0.0499532 0.0555358 0.0548183 0.0488881 0.0405687 0.0326623 0.0266111 0.0223612 0.0191069
 1.10894e-16 4.18566e-05 0.000406861 0.00270374 0.0122908 0.0382414 0.0814784 0.118926 0.118953 0.0816094 0.038682 0.0135659 0.00591442 0.00744951 0.0135162 0.0225385 0.033072 0.0428673 0.0496288 0.052267 0.0514387 0.0488625 0.0460116 0.0432862 0.0401837 0.036065
 1.13571e-16 4.83569e-05 0.000470046 0.00312362 0.0141996 0.0441802 0.0941313 0.137392 0.137412 0.0942318 0.044518 0.0151773 0.00558579 0.00587104 0.0103835 0.0172963 0.025405 0.0330085 0.0384154 0.0408967 0.0410811 0.0403797 0.0399133 0.0398177 0.0393757 0.0376861
 1.08698e-16 5.98547e-05 0.000581809 0.00386632 0.0175758 0.0546848 0.116512 0.170056 0.170072 0.116589 0.0549437 0.0183245 0.00574903 0.0047031 0.00792085 0.013091 0.0190714 0.0244592 0.0278786 0.0287375 0.0275742 0.0256406 0.0240552 0.0231977 0.0227116 0.021943
 1.03566e-16 6.70828e-05 0.000652069 0.00433323 0.0196982 0.0612886 0.130582 0.190591 0.190604 0.130646 0.061504 0.0203209 0.00589714 0.00406951 0.00656763 0.0107788 0.0155866 0.0197434 0.0220288 0.0218927 0.0197772 0.0167975 0.0140435 0.0120493 0.0107407 0.00973878
 1.02365e-16 6.33881e-05 0.000616155 0.00409457 0.0186133 0.0579131 0.123391 0.180096 0.180114 0.123479 0.0582114 0.0194751 0.00625815 0.00534043 0.00903903 0.0148519 0.0214098 0.0269681 0.0297923 0.0290824 0.0254408 0.0204489 0.0157056 0.0120811 0.00961516 0.00789917
 1.02856e-16 5.92941e-05 0.000576359 0.00383011 0.0174111 0.0541726 0.115421 0.168465 0.168486 0.115524 0.0545182 0.0184095 0.00633771 0.00605546 0.0104797 0.0172691 0.024959 0.0315694 0.0351147 0.034667 0.0308822 0.0255081 0.0202916 0.0161533 0.0131091 0.0107294
 1.0402e-16 5.67029e-05 0.000551172 0.00366273 0.0166503 0.0518053 0.110377 0.161104 0.161126 0.110485 0.0521669 0.0176954 0.00628882 0.00629263 0.0109863 0.0181395 0.0262813 0.0333765 0.0373803 0.0373377 0.0339175 0.0288864 0.0239746 0.0200372 0.0170088 0.0144119
 1.03573e-16 6.35064e-05 0.000617305 0.00410221 0.0186481 0.0580211 0.123621 0.180431 0.180447 0.123697 0.0582768 0.0193871 0.00595955 0.00467931 0.00779981 0.0128515 0.0186418 0.023727 0.0266754 0.0268236 0.024645 0.0213726 0.0181954 0.0156718 0.0137092 0.0119365
 1.00778e-16 7.71884e-05 0.000750298 0.004986 0.0226656 0.0705212 0.150253 0.2193 0.219304 0.150276 0.0705989 0.0228902 0.00554993 0.0019822 0.00241921 0.00388368 0.00560221 0.00707694 0.0078574 0.00773775 0.00687257 0.00566469 0.00451575 0.00363541 0.00302053 0.0025593
 1.01725e-16 3.78787e-05 0.000368194 0.00244678 0.0111228 0.0346073 0.0737363 0.10763 0.107679 0.0739749 0.0354083 0.0134353 0.00824797 0.0130199 0.0240292 0.0395695 0.0567728 0.0709193 0.0772236 0.0734787 0.0613943 0.0454943 0.0304937 0.0191702 0.0119432 0.0077959
 1.01763e-16 7.44277e-05 0.000723463 0.00480767 0.021855 0.0679989 0.144879 0.211456 0.211461 0.144901 0.0680715 0.0220653 0.00533872 0.00189303 0.00232572 0.00380522 0.00565558 0.00748776 0.00894519 0.0098406 0.0102218 0.0102593 0.0100624 0.00959563 0.00875707 0.00751922
 1.02326e-16 5.3656e-05 0.000521556 0.00346592 0.0157556 0.0490217 0.104447 0.15245 0.15248 0.104596 0.0495206 0.0171961 0.00707981 0.00840389 0.0150038 0.024668 0.0354115 0.0442867 0.0483344 0.0462071 0.038992 0.0295104 0.0206694 0.0141313 0.0100619 0.00773221
 1.04696e-16 5.34645e-05 0.000519694 0.00345355 0.0156993 0.0488466 0.104074 0.151903 0.151926 0.104183 0.0492155 0.0167663 0.00613722 0.00639647 0.011268 0.0186824 0.0272292 0.0349077 0.0396861 0.0405808 0.0381627 0.0340215 0.0296654 0.0257678 0.0222126 0.0186415
 1.04418e-16 6.33405e-05 0.000615693 0.00409149 0.0185993 0.0578695 0.123298 0.17996 0.179974 0.123369 0.0581106 0.0192965 0.00584406 0.00445071 0.00737383 0.0121619 0.0176833 0.0225985 0.0255852 0.0260393 0.0244087 0.0218256 0.0193455 0.0174051 0.0158276 0.0142029
 1.03138e-16 6.39339e-05 0.000621461 0.00412983 0.0187736 0.0584117 0.124453 0.181646 0.181663 0.124535 0.0586862 0.0195666 0.00612125 0.00497152 0.00833377 0.0136983 0.0197795 0.024987 0.0277456 0.0273355 0.0243117 0.0201065 0.0161439 0.0131604 0.0111283 0.00962668
 1.06961e-16 3.10688e-05 0.000302 0.0020069 0.00912309 0.0283856 0.0604802 0.0882825 0.0883294 0.0607097 0.0291565 0.0113504 0.00760069 0.0125228 0.0232686 0.0384917 0.0556166 0.0702973 0.0781068 0.0769862 0.0684306 0.056387 0.0448021 0.0357552 0.0292649 0.0243122
 1.06897e-16 6.32236e-05 0.000614556 0.00408394 0.018565 0.0577627 0.12307 0.179626 0.179635 0.123113 0.0579064 0.0189822 0.00513895 0.00294398 0.00456461 0.00764892 0.0114874 0.0154426 0.0188879 0.0215101 0.0234093 0.0248475 0.0258765 0.0262014 0.0253915 0.0232284
 1.06291e-16 5.51538e-05 0.000536115 0.00356267 0.0161954 0.05039 0.107362 0.156703 0.156728 0.107482 0.0507929 0.0173591 0.00648386 0.00691402 0.0121714 0.0200456 0.0289032 0.0364303 0.0403249 0.0395731 0.0350738 0.0290356 0.0236313 0.0199452 0.0178296 0.016471
 1.09158e-16 4.0753e-05 0.000396134 0.00263245 0.0119668 0.0372332 0.0793305 0.115792 0.115825 0.0794913 0.0377737 0.0135296 0.00656161 0.00899407 0.0164302 0.0272561 0.0396299 0.0506133 0.0572177 0.0580455 0.0540556 0.0477664 0.0415801 0.0365853 0.0325476 0.0287055
 1.06909e-16 6.26542e-05 0.000609021 0.00404716 0.0183978 0.0572424 0.121961 0.178009 0.17802 0.122018 0.0574335 0.018951 0.00544129 0.0036705 0.00593039 0.00984589 0.0145101 0.0189525 0.0222226 0.0238871 0.024241 0.0239895 0.0236729 0.0233211 0.0225621 0.0210005
 1.04884e-16 6.01466e-05 0.000584647 0.00388518 0.0176615 0.0549516 0.117081 0.170887 0.170907 0.117178 0.0552778 0.0186039 0.00625132 0.00575218 0.00988123 0.01626 0.0234668 0.0296231 0.0328665 0.0323648 0.0288175 0.0239733 0.0195556 0.0164308 0.0145048 0.0131745
 1.08333e-16 3.51767e-05 0.00034193 0.00227225 0.0103293 0.0321386 0.0684763 0.0999516 0.0999922 0.0686746 0.0328049 0.012255 0.00711046 0.0109188 0.0201666 0.0333993 0.0483801 0.0614075 0.0687138 0.0685453 0.0621554 0.0528383 0.0438288 0.0367403 0.0314584 0.0270652
 1.13447e-16 4.52627e-05 0.000439969 0.00292375 0.013291 0.0413532 0.0881081 0.1286 0.128619 0.0882009 0.0416655 0.0141964 0.00520971 0.00547377 0.00973365 0.016357 0.0243505 0.0322908 0.0387285 0.0429747 0.0453837 0.0468184 0.0477734 0.0479427 0.0465383 0.0429811
 1.06584e-16 6.72136e-05 0.00065334 0.00434167 0.0197366 0.061408 0.130837 0.190962 0.190972 0.130885 0.0615702 0.0202058 0.00552185 0.00323785 0.00500035 0.00822694 0.0120071 0.015456 0.0177347 0.0184996 0.0181073 0.0173393 0.0168581 0.016825 0.0169167 0.0166309
 1.06818e-16 4.32912e-05 0.000420806 0.00279641 0.0127121 0.0395522 0.0842716 0.123005 0.123042 0.0844545 0.0401663 0.0144858 0.00724843 0.010139 0.0184987 0.0305116 0.0439478 0.0552728 0.0609222 0.0592817 0.0516644 0.0414285 0.031963 0.0250967 0.0208506 0.0182247
 1.05884e-16 6.07785e-05 0.000590789 0.003926 0.017847 0.0555288 0.11831 0.17268 0.172694 0.118376 0.0557507 0.0184897 0.00554555 0.00414719 0.00687635 0.0114321 0.0168367 0.0219555 0.0256528 0.0273772 0.0274158 0.0265486 0.0254131 0.0241277 0.0224154 0.0200009
pSPR Fmed_Fpbrs
1   0.983764 0.6 0.325 0.983764 0.983764 0.983764
Fs Fmed_Fpbrs
0   0.01 0.356172 0.91984 0.01 0.01 0.01
SSBpbr Bo_Bmed_Bpbrs
1.64728e+06  1.56491e+06  1.53817e+06 906002 453001 1.53817e+06 1.53817e+06 1.53817e+06
Ro
224656
SPR SPRFo_SPRFmed_SPRFpbrs
1.6185e+06 1.6185e+06 1.59222e+06
Fref
0
Nvult_r0
 205692 42821.1 31585 3877.32 3112.08
CTP_r0
 15100.3 5818.4 4492.87 552.902 443.837
YTP_r0
356493
Np
 311587 114627 42168.8 15513 7806.38
Nvult_p0
 196961 72457.8 26655.7 9806.1 4934.57
CTP_p0
 0 0 0 0 0
 0 0 0 0 0
 0 0 0 0 0
 0 0 0 0 0
 0 0 0 0 0
 0 0 0 0 0
YTP_p0
 0 0 0 0 0 0
CBA_c0
0
log_Ro
12.1423
likeval ReclasPelacesDesembMPH_pf_preclas_ppelaces_ptallas_desvR_qrecl_qpela
 17.2273 17.6059 0.0891886 0.00123709 236.587 137.11 108.335 0 21.809 9.38657e-06 3.43552e-06 0.448329 2066 0 0
q_reclas_q_pelaces
0.648379 0.769414
M
1
N
 222485 43765.9 188498 9888.04 0.364071
 114704 77497.4 14446.6 61853.7 3243.71
 151239 38241.7 23450.7 4325.12 19477.6
 226088 50568.3 11638.5 7063.38 7165.12
 191682 71147.6 13645.2 3087.73 3771.22
 287381 67141.2 23746.4 4530.08 2276.42
 127072 94727.7 19863.4 6942.06 1988.48
 67934.5 37856.2 22927 4698.77 2109.84
 60668.7 24200.3 13064.9 7884.97 2341.13
 77470.3 19714.1 6959.3 3706.84 2899.21
 140837 24398.3 5327.89 1849.37 1753.81
 171484 49534.5 8209.85 1784.08 1206.21
 146531 51583.2 12221.1 1981.77 720.93
 105864 44860.7 13179.4 3060.87 676.152
 116362 28801.7 9068.01 2578.27 729.724
 561389 34789.2 7020.33 2161.13 787.376
 140494 168134 8509.29 1679.26 704.393
 847826 46810.7 50814.7 2544.25 712.272
 496958 274973 13410.6 14360 919.571
 389097 155693 73545.2 3524.88 4012.23
 576936 124504 43425.1 20204.8 2068.85
 759432 190227 36854.8 12702.6 6511.11
 177383 242811 52973.4 10108.1 5265.2
 494442 60706.3 77390.8 16752.3 4859.51
 420206 168940 19286.5 24390.9 6808.22
 201367 144492 54355 6159.98 9960.69
 421978 70295.1 47903.1 17918 5312.4
 484661 144293 22367.6 15122.1 7330.13
 163208 167067 46652.7 7180.99 7205.3
 153804 57190 55804.2 15501.1 4778.63
 396035 53086.2 18538.3 17964.4 6525.87
 175831 133730 16475.6 5700.23 7526.41
 311587 62453.4 45885.9 5631.65 4520.12
pred_Ctot
 7508.4 2867.19 12992.3 683.412 0.0251664
 6851.59 8832.41 1729.04 7422.52 389.303
 8779.17 4240.27 2730.93 505.014 2274.59
 20928.2 8736.21 2106.49 1281.64 1300.27
 5821.93 4204.25 848.536 192.544 235.199
 19060.8 8459.34 3140.4 600.66 301.88
 15542.5 21190.2 4645.15 1627.32 466.189
 1363.46 1488.25 949.227 195.085 87.6099
 4521.2 3407.1 1929.54 1167.53 346.7
 7137.35 3390.76 1254.06 669.65 523.818
 3926.19 1325.47 304.655 106.042 100.578
 20091.4 10651.6 1846.25 402.176 271.945
 15776.9 10259.7 2543.79 413.514 150.447
 17861.8 13405.6 4103.5 955.129 211.015
 14012.3 6351.38 2090.78 595.89 168.676
 67078.4 7617.15 1607.25 495.962 180.72
 8442.89 19273.7 1024.32 202.679 85.0288
 64103 6681.54 7607.98 381.909 106.931
 47227.7 48689.1 2487.31 2670.07 171.006
 32391 24342.3 12054.7 579.232 659.405
 38169.9 15649.1 5729.17 2672.64 273.7
 63559.6 29892.2 6071.23 2097.89 1075.48
 7862.99 20748 4758.77 910.506 474.338
 22396.1 5297.18 7099.01 1540.84 447.029
 17438.8 13540.4 1625.44 2061.22 575.429
 6529.07 9102.55 3602.95 409.442 662.164
 18917.4 6072.74 4350.46 1631.68 483.836
 19399.8 11165.5 1820.17 1233.92 598.202
 4917.98 9795.94 2878.75 444.335 445.904
 6036.79 4341.64 4455.4 1240.98 382.621
 20699.7 5320.51 1952.18 1896.81 689.145
 3844.99 5721.42 742.239 257.518 340.07
 15100.3 5818.4 4492.87 552.902 443.837
F
 0.0546148 0.108392 0.114317 0.114646 0.114664
 0.0984273 0.195345 0.206022 0.206617 0.206648
 0.0955382 0.189611 0.199975 0.200552 0.200582
 0.156167 0.309939 0.326879 0.327822 0.327872
 0.0490396 0.0973272 0.102647 0.102943 0.102959
 0.109802 0.21792 0.229831 0.230494 0.230529
 0.210964 0.418693 0.441577 0.442851 0.442918
 0.0321792 0.063865 0.0673556 0.0675499 0.0675602
 0.124095 0.246287 0.259748 0.260497 0.260537
 0.155381 0.308379 0.325234 0.326172 0.326222
 0.0449342 0.0891795 0.0940538 0.0943251 0.0943394
 0.201296 0.399506 0.421342 0.422558 0.422622
 0.183679 0.364541 0.384466 0.385575 0.385633
 0.301718 0.598809 0.631538 0.63336 0.633456
 0.207403 0.411625 0.434123 0.435376 0.435442
 0.205651 0.408148 0.430456 0.431698 0.431763
 0.0990486 0.196578 0.207323 0.207921 0.207952
 0.126001 0.25007 0.263738 0.264499 0.264539
 0.160618 0.318773 0.336196 0.337166 0.337218
 0.139495 0.27685 0.291982 0.292824 0.292869
 0.109514 0.217349 0.229228 0.22989 0.229925
 0.140289 0.278427 0.293645 0.294492 0.294536
 0.0722613 0.143414 0.151253 0.151689 0.151713
 0.0738887 0.146644 0.154659 0.155106 0.155129
 0.0675202 0.134005 0.141329 0.141737 0.141759
 0.0524245 0.104045 0.109732 0.110049 0.110065
 0.0731059 0.145091 0.153021 0.153462 0.153486
 0.0650576 0.129118 0.136175 0.136568 0.136588
 0.0486448 0.0965437 0.10182 0.102114 0.10213
 0.0637595 0.126541 0.133458 0.133843 0.133863
 0.0856759 0.170038 0.179332 0.179849 0.179877
 0.0351036 0.0696688 0.0734767 0.0736887 0.0736999
 0.0792287 0.157243 0.165837 0.166315 0.166341
YTP_r0W_actual
 113857 101531 108143 17316.9 15645.3
YTP_p0W_proyectada
 0 0 0 0 0
 0 0 0 0 0
 0 0 0 0 0
 0 0 0 0 0
 0 0 0 0 0
 0 0 0 0 0
CTP_r0_actual
 15100.3 5818.4 4492.87 552.902 443.837
CTP_p0_proyectada
 0 0 0 0 0
 0 0 0 0 0
 0 0 0 0 0
 0 0 0 0 0
 0 0 0 0 0
 0 0 0 0 0
Wmedp
 7.54 17.45 24.07 31.32 35.25
Frms_r0
 0.0792287 0.157243 0.165837 0.166315 0.166341
Zrms_r0
 1.07923 1.15724 1.16584 1.16632 1.16634
nmprior
 7.29 8.9 8.7 0
nm_flota  nm_reclas  nm_pelaces    nm_pelaL
inf 11.6943 19.8378 65.5376
cv_recla  cv_pelaces  cv_mph
0.359451 0.459641 0.940017
 ------------------------------------------------
Talla a la edad & desviaci?n 
 8 13.2811 15.8009 17.003 17.5766
 0.8 1.32811 1.58009 1.7003 1.75766
