years
 1991 1992 1993 1994 1995 1996 1997 1998 1999 2000 2001 2002 2003 2004 2005 2006 2007 2008 2009 2010 2011 2012 2013 2014 2015 2016 2017 2018 2019 2020 2021 2022 2023
reclasobs
 0 0 0 0 0 0 0 0 0 252601 567819 844713 477998 351125 339783 2.1784e+06 2.13404e+06 4.81314e+06 1.55562e+06 2.62356e+06 3.21686e+06 3.843e+06 1.13348e+06 3.07943e+06 1.97215e+06 2.03268e+06 2.025e+06 2.42433e+06 2.27542e+06 1.05018e+06 2.36338e+06 3.18982e+06 1.53035e+06
reclaspred
 3.54707e+06 1.73593e+06 869695 589169 427070 2.31699e+06 1.12109e+06 759841 515237 252560 487869 782664 794300 566752 477632 1.5904e+06 1.05545e+06 4.0434e+06 2.99423e+06 2.00772e+06 3.23749e+06 2.80404e+06 1.84505e+06 3.09425e+06 2.25568e+06 1.86117e+06 2.33031e+06 2.92333e+06 2.31823e+06 1.25112e+06 1.93531e+06 1.98637e+06 1.05648e+06
pelacesobs
 0 0 0 0 0 0 0 0 0 0 0 0 0 0 0 552880 188675 0 991730 2.46772e+06 1.41603e+06 1.21717e+06 2.29649e+06 1.80582e+06 0 1.4828e+06 1.56532e+06 1.57751e+06 1.42118e+06 867257 1.10002e+06 1.06204e+06 0
pelacespred
 2.15501e+06 1.004e+06 448627 223245 197079 1.28628e+06 517652 507269 264284 104529 269330 347610 402081 275770 232960 698182 488861 2.27067e+06 1.6732e+06 959312 1.67876e+06 1.39943e+06 1.02462e+06 1.91458e+06 1.33358e+06 1.12032e+06 1.56901e+06 1.76831e+06 1.39153e+06 791472 960002 1.15936e+06 545654
mphobs
 0 0 0 0 0 0 0 0 0 0 0 0 498337 0 5186 125008 0 168611 109162 213762 579715 649985 157893 87575 83554 210694 70296 0 107559 103333 445601 22526 28222
mphpred
 1.06423e+06 573129 248014 132625 78573.4 83100.7 441516 161016 116637 57590 27776.3 103692 120256 91296.1 49509.5 57300.4 304358 165522 755601 411265 413383 487379 516680 313056 561743 438510 312299 385640 681225 375620 187292 468318 229077
desembarqueobs
 494567 514787 250237 358949 120608 361735 552515 73892 212993 205616 52469 317467 293654 387597 252695 516296 358380 742168 942051 627588 828172 859565 418607 520667 417249 300574 415391 372974 316634 284311 391294 218835 356480
desembarquepred
 494518 514571 250000 358871 120588 361614 552165 73888 212939 205554 52465.2 317350 293496 387149 252506 515928 358316 741646 941082 626750 828035 858961 418443 520536 417047 300458 415215 372787 316486 284130 391018 218819 356419
Reclutas
 96445.8 94921.2 83870.2 64887.7 42471.9 247831 45030 17454 27791.8 34482 54289.7 107199 88914.1 67195.8 48985.5 270967 31841.5 489706 226143 204503 243677 383245 47198 186862 151006 57350.8 150495 184682 47485.9 43653.2 146279 38372 65863
log_desv_Rt
 0.0823988 0.0664645 -0.0573118 -0.313923 -0.73774 1.02617 -0.679253 -1.62701 -1.16184 -0.946145 -0.492248 0.188105 0.00108883 -0.278972 -0.595058 1.11541 -1.02581 1.70722 0.934584 0.834002 1.00926 1.46209 -0.63223 0.743789 0.530736 -0.437395 0.52735 0.732053 -0.62615 -0.710306 0.498933 -0.839253 -0.299005
SSB
 1.06423e+06 573129 248014 132625 78573.4 83100.7 441516 161016 116637 57590 27776.3 103692 120256 91296.1 49509.5 57300.4 304358 165522 755601 411265 413383 487379 516680 313056 561743 438510 312299 385640 681225 375620 187292 468318 229077
BT
 1.57031e+06 1.05471e+06 471667 412839 214489 1.20021e+06 761161 361563 373359 257897 225339 488218 522889 582213 410089 898459 550853 2.23069e+06 1.8864e+06 1.13129e+06 1.76058e+06 1.64702e+06 918822 1.75698e+06 1.15304e+06 904796 1.4501e+06 1.47179e+06 996503 726841 954872 811537 657332
Ftot
 0.434684 0.921679 0.925032 1.92237 1.00601 0.738844 1.36008 0.331316 1.47321 2.61708 0.502521 1.54873 1.38477 2.46272 2.14481 1.50556 1.01732 0.859913 1.05451 1.1393 0.970102 1.16291 0.699303 0.709991 0.639437 0.536172 0.726851 0.534659 0.41307 0.730918 0.872904 0.350804 1.18072
BD_Bspro_t
 0.932814 0.598816 0.340473 0.232149 0.143597 0.187441 0.449631 0.20817 0.209806 0.139289 0.0982139 0.353697 0.267666 0.186245 0.107213 0.124648 0.313528 0.197754 0.443994 0.284435 0.249111 0.279347 0.314301 0.243935 0.395383 0.396331 0.372309 0.451751 0.568874 0.429327 0.312411 0.48051 0.404252
BD_Bspro
 1.66319 0.895695 0.387601 0.207269 0.122796 0.129871 0.690009 0.251639 0.182282 0.0900025 0.0434092 0.162051 0.187938 0.142679 0.0773742 0.0895499 0.475656 0.258681 1.18086 0.642731 0.646041 0.761684 0.807476 0.489248 0.877901 0.685311 0.488066 0.602685 1.06463 0.587025 0.292703 0.731894 0.358006
BD_Bo
 3.20396 1.72546 0.74667 0.399281 0.236553 0.250182 1.32923 0.484755 0.351146 0.17338 0.083623 0.312174 0.362042 0.274855 0.149053 0.172508 0.916299 0.49832 2.27481 1.23815 1.24453 1.4673 1.55551 0.942483 1.69118 1.32018 0.940206 1.16101 2.05089 1.13084 0.563861 1.40991 0.689659
BD_Brms
 3.43196 1.84825 0.799805 0.427695 0.253386 0.267986 1.42382 0.519251 0.376135 0.185718 0.0895739 0.334389 0.387806 0.294415 0.15966 0.184784 0.981506 0.533782 2.43669 1.32626 1.33309 1.57172 1.66621 1.00955 1.81153 1.41412 1.00711 1.24363 2.19684 1.21131 0.603987 1.51025 0.738737
Sel_flota
 0.460413 1 1 1 1
 0.460413 1 1 1 1
 0.460413 1 1 1 1
 0.460413 1 1 1 1
 0.460413 1 1 1 1
 0.460413 1 1 1 1
 0.460413 1 1 1 1
 0.460413 1 1 1 1
 0.460413 1 1 1 1
 0.460413 1 1 1 1
 0.460413 1 1 1 1
 0.460413 1 1 1 1
 0.460413 1 1 1 1
 0.460413 1 1 1 1
 0.460413 1 1 1 1
 0.460413 1 1 1 1
 0.460413 1 1 1 1
 0.460413 1 1 1 1
 0.460413 1 1 1 1
 0.460413 1 1 1 1
 0.460413 1 1 1 1
 0.460413 1 1 1 1
 0.460413 1 1 1 1
 0.460413 1 1 1 1
 0.460413 1 1 1 1
 0.460413 1 1 1 1
 0.460413 1 1 1 1
 0.460413 1 1 1 1
 0.460413 1 1 1 1
 0.460413 1 1 1 1
 0.460413 1 1 1 1
 0.460413 1 1 1 1
 0.460413 1 1 1 1
Sel_reclas
 0.839858 1 1 1 1
 0.839858 1 1 1 1
 0.839858 1 1 1 1
 0.839858 1 1 1 1
 0.839858 1 1 1 1
 0.839858 1 1 1 1
 0.839858 1 1 1 1
 0.839858 1 1 1 1
 0.839858 1 1 1 1
 0.839858 1 1 1 1
 0.839858 1 1 1 1
 0.839858 1 1 1 1
 0.839858 1 1 1 1
 0.839858 1 1 1 1
 0.839858 1 1 1 1
 0.839858 1 1 1 1
 0.839858 1 1 1 1
 0.839858 1 1 1 1
 0.839858 1 1 1 1
 0.839858 1 1 1 1
 0.839858 1 1 1 1
 0.839858 1 1 1 1
 0.839858 1 1 1 1
 0.839858 1 1 1 1
 0.839858 1 1 1 1
 0.839858 1 1 1 1
 0.839858 1 1 1 1
 0.839858 1 1 1 1
 0.839858 1 1 1 1
 0.839858 1 1 1 1
 0.839858 1 1 1 1
 0.839858 1 1 1 1
 0.839858 1 1 1 1
Sel_pelaces
 0.705673 1 1 1 1
 0.705673 1 1 1 1
 0.705673 1 1 1 1
 0.705673 1 1 1 1
 0.705673 1 1 1 1
 0.705673 1 1 1 1
 0.705673 1 1 1 1
 0.705673 1 1 1 1
 0.705673 1 1 1 1
 0.705673 1 1 1 1
 0.705673 1 1 1 1
 0.705673 1 1 1 1
 0.705673 1 1 1 1
 0.705673 1 1 1 1
 0.705673 1 1 1 1
 0.705673 1 1 1 1
 0.705673 1 1 1 1
 0.705673 1 1 1 1
 0.705673 1 1 1 1
 0.705673 1 1 1 1
 0.705673 1 1 1 1
 0.705673 1 1 1 1
 0.705673 1 1 1 1
 0.705673 1 1 1 1
 0.705673 1 1 1 1
 0.705673 1 1 1 1
 0.705673 1 1 1 1
 0.705673 1 1 1 1
 0.705673 1 1 1 1
 0.705673 1 1 1 1
 0.705673 1 1 1 1
 0.705673 1 1 1 1
 0.705673 1 1 1 1
pf_obs 
 0.8446 0.082 0.0669 0.0065 0
 0.8095 0.147 0.0364 0.0071 0
 0.9664 0.0169 0.016 0.0007 0
 0.9276 0.0648 0.0075 0.0001 0
 0.7033 0.2144 0.0806 0.0017 0
 0.9318 0.0425 0.0243 0.0014 0
 0.5671 0.3108 0.0964 0.0239 0.0018
 0.0768 0.2599 0.5324 0.112 0.0189
 0.490249 0.384438 0.106611 0.0170017 0.00170017
 0.7925 0.1577 0.0466 0.003 0.0002
 0.840416 0.127587 0.0312969 0.00059994 9.999e-05
 0.8084 0.0986 0.0794 0.0134 0.0002
 0.7335 0.1905 0.0724 0.0035 0.0001
 0.4001 0.4547 0.1325 0.0127 0
 0.49795 0.308269 0.164784 0.0264974 0.00249975
 0.9179 0.0499 0.0305 0.0017 0
 0.2467 0.6533 0.0926 0.0074 0
 0.9418 0.0223 0.034 0.0019 0
 0.707729 0.231977 0.0356964 0.0245975 0
 0.517169 0.277429 0.184464 0.0207286 0.00020938
 0.811772 0.124168 0.05621 0.00726502 0.000585176
 0.764997 0.148141 0.077277 0.00933861 0.000247198
 0.163321 0.427699 0.378323 0.0303852 0.000271297
 0.753843 0.0900009 0.118128 0.0371064 0.000921714
 0.721811 0.176058 0.0630433 0.0369309 0.00215725
 0.143369 0.312575 0.442814 0.0836902 0.0175525
 0.692698 0.0596174 0.167031 0.0765114 0.00414204
 0.394062 0.376323 0.152708 0.0712218 0.00568511
 0.125707 0.32114 0.495352 0.0537591 0.00404204
 0.23352 0.215282 0.420074 0.123614 0.00750983
 0.796117 0.104755 0.0508955 0.0450114 0.00322123
 0.162477 0.292055 0.404252 0.121198 0.0200186
 0 0 0 0 0
pf_pred 
 0.398506 0.199085 0.358669 0.0437393 1.19277e-06
 0.52978 0.293382 0.0585305 0.105448 0.0128596
 0.609906 0.300476 0.0559154 0.0111553 0.0225481
 0.629077 0.305371 0.0504921 0.00939606 0.00566354
 0.680667 0.281671 0.0310057 0.00512668 0.00152907
 0.921245 0.068316 0.00920778 0.00101357 0.000217575
 0.285266 0.693446 0.0184658 0.00248886 0.000332778
 0.362613 0.372108 0.257378 0.00685373 0.00104727
 0.637599 0.209861 0.0890533 0.0615961 0.00189088
 0.798974 0.174095 0.0155952 0.00661771 0.00471784
 0.875159 0.119771 0.00439056 0.000393299 0.000285874
 0.796054 0.193193 0.010316 0.000378164 5.8498e-05
 0.719348 0.262866 0.0168483 0.000899657 3.80811e-05
 0.704233 0.26647 0.0274404 0.00175878 9.78897e-05
 0.789975 0.195259 0.0133028 0.00136988 9.26888e-05
 0.95862 0.0392266 0.00200223 0.000136409 1.49975e-05
 0.261801 0.729735 0.00802313 0.000409522 3.09677e-05
 0.950171 0.0260271 0.0235295 0.000258697 1.42031e-05
 0.508629 0.48267 0.00454449 0.0041084 4.76501e-05
 0.636114 0.277987 0.0843772 0.000794438 0.000726533
 0.721456 0.236614 0.0320324 0.00972276 0.000175261
 0.773148 0.20121 0.0217821 0.00294882 0.000911188
 0.217911 0.717458 0.0573253 0.00620577 0.00109973
 0.774033 0.0979437 0.117444 0.00938381 0.00119587
 0.591296 0.369561 0.0169663 0.0203441 0.00183266
 0.362153 0.507386 0.117967 0.00541576 0.007079
 0.743754 0.152595 0.0824509 0.0191698 0.00203042
 0.681021 0.283726 0.0209933 0.0113432 0.00291662
 0.275703 0.61343 0.0986143 0.00729662 0.00495627
 0.439772 0.272373 0.243794 0.039192 0.00486964
 0.827289 0.118397 0.0264067 0.023636 0.00427181
 0.330578 0.624799 0.0305896 0.00682259 0.00721041
 0.633174 0.200241 0.155481 0.00761219 0.0034921
pobs_RECLAS
 0 0 0 0 0
 0 0 0 0 0
 0 0 0 0 0
 0 0 0 0 0
 0 0 0 0 0
 0 0 0 0 0
 0 0 0 0 0
 0 0 0 0 0
 0 0 0 0 0
 0 0 0 0 0
 0.991045 0.00858322 0.000360255 1.14367e-05 0
 0.934742 0.0480273 0.0164251 0.00080598 0
 0.827803 0.169806 0.00239088 0 0
 0.941827 0.0461693 0.0120037 0 0
 0.791401 0.0380133 0.147996 0.0225897 0
 0.846168 0.0940531 0.0597789 0 0
 0.134021 0.677848 0.182769 0.00536245 0
 0.80878 0.0450904 0.141981 0.00414843 0
 0.846168 0.0940531 0.0597789 0 0
 0.905697 0.0802665 0.012482 0.00150086 5.37128e-05
 0.989698 0.0102097 9.19794e-05 0 0
 0.975433 0.0193895 0.00387452 0.00125025 5.28907e-05
 0.303575 0.632131 0.0575291 0.00676475 0
 0.966965 0.00978017 0.0227588 0.000495775 0
 0.843318 0.132988 0.00938335 0.0141283 0.000182051
 0.564624 0.303363 0.111486 0.0197234 0.00080311
 0.826376 0.0876187 0.0782897 0.00655872 0.00115652
 0.89761 0.0855135 0.0140674 0.00269457 0.000114338
 0.34875 0.467042 0.161289 0.0227151 0.000203297
 0.318654 0.224769 0.449479 0.00709798 0
 0.937255 0.0296025 0.0250945 0.00804832 0
 0.456809 0.399803 0.12412 0.0192676 0
 0.883104 0.0372192 0.0704036 0.00927362 0
ppred_RECLAS
 0.553407 0.147815 0.266302 0.0324753 8.85599e-07
 0.687104 0.195224 0.0389477 0.0701676 0.00855711
 0.752986 0.190266 0.0354066 0.00706372 0.0142779
 0.789005 0.173707 0.0287218 0.00534483 0.00322163
 0.807316 0.169959 0.0187087 0.00309341 0.000922631
 0.957291 0.0370479 0.0049934 0.000549661 0.000117991
 0.449408 0.534194 0.014225 0.00191728 0.000256354
 0.513773 0.28386 0.196339 0.00522832 0.000798906
 0.784882 0.124571 0.052861 0.0365628 0.0011224
 0.90735 0.080238 0.00718758 0.00305 0.00217438
 0.929461 0.0676749 0.00248082 0.000222228 0.000161529
 0.890988 0.103265 0.00551408 0.000202135 3.12681e-05
 0.840191 0.149681 0.00959375 0.000512283 2.16842e-05
 0.85108 0.134169 0.0138163 0.00088555 4.92878e-05
 0.895577 0.0970818 0.00661405 0.000681097 4.60843e-05
 0.979691 0.0192517 0.000982657 6.69471e-05 7.36049e-06
 0.411047 0.5822 0.00640105 0.000326726 2.47067e-05
 0.973646 0.0137653 0.0124444 0.000136821 7.5118e-06
 0.671591 0.322594 0.00303732 0.00274586 3.18471e-05
 0.777043 0.170326 0.0516988 0.000486761 0.000445155
 0.835327 0.139884 0.0189372 0.005748 0.000103613
 0.871999 0.113532 0.0122905 0.00166386 0.000514134
 0.347282 0.598779 0.0478427 0.00517923 0.000917813
 0.867498 0.0574318 0.0688661 0.00550244 0.000701227
 0.733246 0.241206 0.0110736 0.0132783 0.00119615
 0.516888 0.384299 0.0893492 0.00410195 0.00536171
 0.847462 0.0908367 0.0490813 0.0114114 0.00120867
 0.800905 0.177091 0.0131032 0.00708 0.00182044
 0.415505 0.495027 0.07958 0.00588825 0.00399963
 0.600495 0.194232 0.173852 0.0279483 0.00347259
 0.902838 0.0666063 0.0148556 0.0132969 0.00240319
 0.478725 0.486528 0.02382 0.00531271 0.00561471
 0.775638 0.122474 0.0950968 0.00465585 0.00213588
pobs_PELACES
 0 0 0 0 0
 0 0 0 0 0
 0 0 0 0 0
 0 0 0 0 0
 0 0 0 0 0
 0 0 0 0 0
 0 0 0 0 0
 0 0 0 0 0
 0 0 0 0 0
 0 0 0 0 0
 0 0 0 0 0
 0 0 0 0 0
 0 0 0 0 0
 0 0 0 0 0
 0 0 0 0 0
 0 0 0 0 0
 0.505614 0.472636 0.0217494 0 0
 0 0 0 0 0
 0.443492 0.261883 0.143347 0.151278 0
 0.227955 0.32914 0.350689 0.0885471 0.00366901
 0.970185 0.0296113 0.000203453 0 0
 0.997202 0.00247181 0.000326279 0 0
 0.445219 0.490057 0.0546422 0.010081 0
 0.90214 0.0892962 0.00764917 0.000914606 0
 0 0 0 0 0
 0.581667 0.319106 0.0959925 0.00289975 0.000334073
 0.762889 0.0836404 0.116647 0.0363945 0.000428098
 0.88444 0.0763242 0.0277011 0.0115352 0
 0.521256 0.241999 0.230069 0.00667565 0
 0.616807 0.101726 0.260614 0.0208532 0
 0.833518 0.0704572 0.0857862 0.0102388 0
 0.697417 0.212968 0.0787535 0.0105354 0.000325836
 0 0 0 0 0
ppred_PELACES
 0.529407 0.155759 0.280613 0.0342205 9.3319e-07
 0.684958 0.196562 0.0392148 0.0706488 0.0086158
 0.751239 0.191611 0.0356569 0.00711365 0.0143788
 0.815652 0.151769 0.0250945 0.00466982 0.00281477
 0.808101 0.169267 0.0186325 0.00308081 0.000918873
 0.955518 0.0385855 0.00520064 0.000572473 0.000122888
 0.46631 0.517794 0.0137883 0.00185842 0.000248484
 0.48501 0.300652 0.207954 0.00553761 0.000846166
 0.799408 0.11616 0.0492918 0.034094 0.00104662
 0.929145 0.0613629 0.00549679 0.00233253 0.00166288
 0.923708 0.0731935 0.00268312 0.000240349 0.000174701
 0.90048 0.0942734 0.00503397 0.000184535 2.85456e-05
 0.849687 0.140787 0.00902368 0.000481843 2.03957e-05
 0.881586 0.106684 0.0109861 0.000704145 3.91912e-05
 0.913477 0.08044 0.00548026 0.000564343 3.81845e-05
 0.98148 0.0175564 0.000896124 6.10517e-05 6.71232e-06
 0.412759 0.580508 0.00638244 0.000325777 2.46349e-05
 0.973103 0.014049 0.0127009 0.000139641 7.66663e-06
 0.674603 0.319635 0.00300946 0.00272067 3.1555e-05
 0.781991 0.166546 0.0505516 0.000475959 0.000435276
 0.835143 0.14004 0.0189584 0.00575443 0.000103729
 0.875637 0.110306 0.0119412 0.00161658 0.000499523
 0.336134 0.609005 0.0486598 0.00526769 0.000933488
 0.861924 0.059848 0.0717633 0.00573393 0.000730728
 0.721303 0.252005 0.0115694 0.0138727 0.0012497
 0.497243 0.399926 0.0929825 0.00426875 0.00557974
 0.841599 0.0943278 0.0509677 0.0118499 0.00125512
 0.788029 0.188544 0.0139507 0.00753789 0.00193818
 0.391317 0.515513 0.0828733 0.00613192 0.00416514
 0.589911 0.199378 0.178458 0.0286887 0.00356459
 0.90119 0.0677362 0.0151076 0.0135224 0.00244396
 0.450967 0.512436 0.0250884 0.00559562 0.0059137
 0.781868 0.119073 0.0924561 0.00452656 0.00207657
pobs_pel_tallas
 0 0 0 0 0 0 0 0 0 0 0 0 0 0 0 0 0 0 0 0 0 0 0 0 0 0
 0 0 0 0 0 0 0 0 0 0 0 0 0 0 0 0 0 0 0 0 0 0 0 0 0 0
 0 0 0 0 0 0 0 0 0 0 0 0 0 0 0 0 0 0 0 0 0 0 0 0 0 0
 0 0 0 0 0 0 0 0 0 0 0 0 0 0 0 0 0 0 0 0 0 0 0 0 0 0
 0 0 0 0 0 0 0 0 0 0 0 0 0 0 0 0 0 0 0 0 0 0 0 0 0 0
 0 0 0 0 0 0 0 0 0 0 0 0 0 0 0 0 0 0 0 0 0 0 0 0 0 0
 0 0 0 0 0 0 0 0 0 0 0 0 0 0 0 0 0 0 0 0 0 0 0 0 0 0
 0 0 0 0 0 0 0 0 0 0 0 0 0 0 0 0 0 0 0 0 0 0 0 0 0 0
 0 0 0 0 0 0 0 0 0 0 0 0 0 0 0 0 0 0 0 0 0 0 0 0 0 0
 0 0 0 0 0 0 0 0 0 0 0 0 0 0 0 0 0 0 0 0 0 0 0 0 0 0
 0 0 0 0 0 0 0 0 0 0 0 0 0 0 0 0 0 0 0 0 0 0 0 0 0 0
 0 0 0 0 0 0 0 0 0 0 0 0 0 0 0 0 0 0 0 0 0 0 0 0 0 0
 0.00862536 0 0 0.000197151 0.00414017 0.0128641 0.00837892 0.0270097 0.101434 0.158115 0.152841 0.127902 0.109271 0.109419 0.0830992 0.0579132 0.0238553 0.00714673 0.00463305 0.00128148 0.00103504 0.000492878 0.000147863 0.000147863 4.92878e-05 0
 0 0 0 0 0 0 0 0 0 0 0 0 0 0 0 0 0 0 0 0 0 0 0 0 0 0
 0 0 0 0 0 0 0 0.0054083 0.00873648 0.0413646 0.0450493 0.0745869 0.0622846 0.0627006 0.0613931 0.0827291 0.12552 0.122667 0.0946155 0.0697135 0.0546179 0.0294188 0.0215738 0.0213955 0.0102223 0.00600262
 0 0 0 0 0.00359764 0.0251062 0.0480494 0.140153 0.205849 0.193036 0.1447 0.116669 0.0760912 0.0342217 0.00950174 0.001854 0.000860785 0 0 0 0.000165536 0 0.000143464 0 0 0
 0 0 0 0 0 0 0 0.000145254 0.000435761 0.0275982 0.070085 0.0708112 0.156366 0.174668 0.174014 0.160142 0.0824315 0.0480064 0.0283245 0.00493863 0.00203355 0 0 0 0 0
 0 0 0 0 0 0 0 0 0 0 0 0 0 0 0 0 0 0 0 0 0 0 0 0 0 0
 0 0 1.00437e-05 0.000401748 0.00122533 0.00171747 0.00176769 0.0269171 0.070346 0.194647 0.189555 0.159765 0.064822 0.0314167 0.0384472 0.0292271 0.0345202 0.0313363 0.0194345 0.0106764 0.0143323 0.0359363 0.0279516 0.0138201 0.00172751 0
 0 0.0021121 0.0136068 0.0755702 0.200478 0.177729 0.0527432 0.0373336 0.0318909 0.0142505 0.0149659 0.0166563 0.0217959 0.0798694 0.0677717 0.0528807 0.04013 0.0224614 0.0357745 0.0225083 0.00881397 0.00855152 0.00135912 0.000746735 0 0
 0 0 0 0 5.4009e-05 0.00500934 0.000945158 0.0243581 0.138947 0.33067 0.221406 0.137944 0.0707744 0.0437923 0.0131692 0.00525238 0.0047753 0.00276346 9.45158e-05 9.00151e-06 2.25038e-05 9.00151e-06 4.50075e-06 0 0 0
 0.000866109 0.00284123 0.00948549 0.0512746 0.133035 0.25785 0.225252 0.132002 0.0553304 0.0519788 0.0540692 0.017754 0.00435017 0.00159236 0.00146478 0.000404838 0.000125132 0.000115318 0.000107957 0.000100596 0 0 0 0 0 0
 0 0 0 0 0.00144013 0.00171154 0.00461396 0.0210425 0.0478622 0.0707936 0.0888783 0.103762 0.0637923 0.0337046 0.0602308 0.124433 0.169614 0.0934646 0.0462172 0.0250306 0.0313229 0.00938855 0.002487 0.000210481 0 0
 0 0.00764035 0.051015 0.0998891 0.058973 0.0496711 0.0374665 0.0718981 0.12319 0.153886 0.159021 0.0857701 0.0377988 0.023471 0.0147837 0.00900784 0.00315554 0.000888139 0.00291439 0.00214683 0.00393193 0.00274676 0.000635225 9.99891e-05 0 0
 0 0 0 0 0 0 0 0 0 0 0 0 0 0 0 0 0 0 0 0 0 0 0 0 0 0
 0 0 0 0 0 0 0 0 0 0 0 0 0 0 0 0 0 0 0 0 0 0 0 0 0 0
 0 0 0 0 0 0 0 0 0 0 0 0 0 0 0 0 0 0 0 0 0 0 0 0 0 0
 0 0 0 0 0 0 0 0 0 0 0 0 0 0 0 0 0 0 0 0 0 0 0 0 0 0
 0 0 0 0 0 0 0 0 0 0 0 0 0 0 0 0 0 0 0 0 0 0 0 0 0 0
 0 0 0 0 0 0 0 0 0 0 0 0 0 0 0 0 0 0 0 0 0 0 0 0 0 0
 0 0 0 0 0 0 0 0 0 0 0 0 0 0 0 0 0 0 0 0 0 0 0 0 0 0
 0 0 0 0 0 0 0 0 0 0 0 0 0 0 0 0 0 0 0 0 0 0 0 0 0 0
 0 0 0 0 0 0 0 0 0 0 0 0 0 0 0 0 0 0 0 0 0 0 0 0 0 0
ppred_pel_tallas
 1.1157e-16 4.36066e-05 0.000423872 0.00281678 0.0128047 0.0398402 0.0848843 0.123894 0.12391 0.0849598 0.040095 0.013546 0.00469726 0.00459416 0.0081546 0.0139097 0.0211913 0.0290606 0.0365074 0.0429417 0.0482992 0.0525967 0.0553973 0.0557806 0.052915 0.0467363
 1.09726e-16 5.64191e-05 0.000548414 0.00364441 0.016567 0.051546 0.109825 0.160297 0.160316 0.109918 0.0518578 0.0174679 0.00590836 0.00549896 0.00948409 0.015661 0.022733 0.0289908 0.0327626 0.0333588 0.0315046 0.0288233 0.0267714 0.0258503 0.0255766 0.0250329
 1.04225e-16 6.18786e-05 0.000601482 0.00399706 0.0181701 0.056534 0.120452 0.175807 0.175826 0.120543 0.0568373 0.0190464 0.00619766 0.00540817 0.00919899 0.0151322 0.0218466 0.0275906 0.0306254 0.0301615 0.0268254 0.0222195 0.0179379 0.0148064 0.0127877 0.0113855
 1.01708e-16 6.71842e-05 0.000653054 0.00433978 0.019728 0.0613812 0.13078 0.19088 0.190895 0.130851 0.0616213 0.0204216 0.00608112 0.00445533 0.00729109 0.0119543 0.0172304 0.0217015 0.0239684 0.023384 0.020429 0.0163726 0.012501 0.00951843 0.00746635 0.00602893
 1.01046e-16 6.65623e-05 0.000647009 0.0042996 0.0195454 0.060813 0.129569 0.189113 0.18913 0.129649 0.0610805 0.0203178 0.00623805 0.00487713 0.00809577 0.0132665 0.0190757 0.0239266 0.0262379 0.0252775 0.0215947 0.0166477 0.0119383 0.00832529 0.00590979 0.00435836
 1.00239e-16 7.87048e-05 0.000765039 0.00508395 0.0231109 0.0719066 0.153205 0.223608 0.223611 0.153223 0.0719676 0.0232871 0.00552616 0.00173024 0.0019114 0.00303421 0.00436037 0.00547657 0.0060195 0.00582171 0.00500571 0.00389895 0.00283784 0.00201352 0.00144809 0.00106896
 1.00759e-16 3.84095e-05 0.000373354 0.00248107 0.0112786 0.0350922 0.0747695 0.109139 0.109189 0.0750129 0.035909 0.0136364 0.00839464 0.0132668 0.0244784 0.0402834 0.0577359 0.0719925 0.0781442 0.0739271 0.0611039 0.0443478 0.0285576 0.0166622 0.0091585 0.00502835
 1.06777e-16 3.99497e-05 0.000388326 0.00258056 0.0117309 0.0364993 0.0777666 0.113509 0.113538 0.0779096 0.03698 0.0131225 0.00608589 0.00808027 0.0147643 0.024646 0.0361953 0.0469538 0.0543728 0.0571637 0.055889 0.0522578 0.0477834 0.0429709 0.0375445 0.031228
 1.05049e-16 6.58462e-05 0.000640048 0.00425335 0.0193351 0.0601587 0.128175 0.187077 0.187089 0.12823 0.0603437 0.0198702 0.00559962 0.00358941 0.00569831 0.00939892 0.0137303 0.0176892 0.0203029 0.0211404 0.0205462 0.0193404 0.0182308 0.0174158 0.016625 0.0154546
 1.0069e-16 7.65324e-05 0.000743923 0.00494363 0.022473 0.0699219 0.148976 0.217436 0.217442 0.149005 0.0700189 0.022753 0.0056461 0.00227672 0.00298558 0.00480947 0.00690899 0.00866415 0.00950116 0.00915998 0.00784798 0.00610264 0.00447357 0.00326862 0.00251001 0.00205392
 1.0015e-16 7.60847e-05 0.00073957 0.0049147 0.0223415 0.0695128 0.148105 0.216165 0.216172 0.148139 0.0696283 0.0226749 0.00575089 0.0025629 0.00353282 0.00570398 0.00817162 0.0101961 0.0110805 0.0105048 0.00871692 0.00637391 0.00416347 0.00249502 0.00143614 0.000843126
 1.00193e-16 7.41713e-05 0.000720972 0.00479111 0.0217797 0.0677648 0.14438 0.210729 0.210738 0.144425 0.0679136 0.0222093 0.00586866 0.00307097 0.00453044 0.00735438 0.0105447 0.0131701 0.0143363 0.0136307 0.0113679 0.00838611 0.00556093 0.00341176 0.00202371 0.00121716
 1.00349e-16 6.99876e-05 0.000680305 0.00452086 0.0205512 0.0639425 0.136237 0.198844 0.198858 0.136303 0.0641647 0.0211929 0.00613062 0.00419137 0.00672909 0.0109899 0.015768 0.0197086 0.0214807 0.020469 0.0171401 0.012738 0.00856 0.00537186 0.00329529 0.00206339
 1.00422e-16 7.26151e-05 0.000705845 0.00469059 0.0213227 0.066343 0.141351 0.206308 0.206319 0.141401 0.0665116 0.0218095 0.00591193 0.00337076 0.00512995 0.00835572 0.0120053 0.0150441 0.0164694 0.0158158 0.0134278 0.0102273 0.00716904 0.00480711 0.00322012 0.00221045
 1.00242e-16 7.52419e-05 0.000731378 0.00486027 0.0220941 0.0687429 0.146464 0.213771 0.213778 0.146502 0.0688699 0.0224607 0.00578016 0.00273787 0.00388108 0.00628429 0.00901511 0.0112722 0.012294 0.0117297 0.00984551 0.00735073 0.00498363 0.0031782 0.00200077 0.00129706
 1.00038e-16 8.08432e-05 0.000785825 0.00522208 0.0237388 0.0738603 0.157367 0.229682 0.229684 0.157375 0.073888 0.0238188 0.00542274 0.00122343 0.000910638 0.0013741 0.00196352 0.00245189 0.00266856 0.00253657 0.00211464 0.00155908 0.00103316 0.000633693 0.000376426 0.000227629
 1.0037e-16 3.39986e-05 0.000330478 0.00219615 0.0099834 0.0310623 0.0661837 0.0966087 0.0966645 0.0664564 0.0319777 0.0126257 0.00882254 0.0147757 0.0274085 0.0451014 0.0645991 0.0804602 0.0871645 0.0821689 0.0674677 0.0483448 0.030357 0.0168513 0.00842362 0.00393166
 1.00386e-16 8.01532e-05 0.000779118 0.00517751 0.0235362 0.0732299 0.156024 0.227722 0.227723 0.156031 0.0732524 0.0236016 0.00534236 0.00114156 0.000775996 0.00117546 0.00173045 0.00226872 0.00267054 0.00287535 0.00290215 0.00281571 0.00266737 0.00246406 0.00218611 0.00182709
 1.00447e-16 5.55662e-05 0.000540124 0.00358931 0.0163165 0.0507669 0.108165 0.157877 0.157908 0.108316 0.0512709 0.0177714 0.00723795 0.00849406 0.015129 0.0248381 0.0355749 0.0443163 0.0480247 0.045305 0.0372607 0.026804 0.0169913 0.00965438 0.00510349 0.00268982
 1.01623e-16 6.44116e-05 0.000626104 0.00416068 0.0189139 0.0588481 0.125383 0.183003 0.183019 0.125461 0.0591123 0.0196774 0.00607919 0.00482032 0.00804765 0.0132479 0.0191819 0.0243337 0.0271892 0.0270242 0.0242978 0.0202818 0.0162477 0.0128677 0.0101788 0.00793292
 1.01178e-16 6.87896e-05 0.00066866 0.00444348 0.0201994 0.062848 0.133905 0.195441 0.195454 0.133971 0.0630694 0.020839 0.00604876 0.0041728 0.00672326 0.0110046 0.0158424 0.0199146 0.0219221 0.0212649 0.0183925 0.0144927 0.0107764 0.00791771 0.00597103 0.00464895
 1.0062e-16 7.21251e-05 0.000701081 0.00465893 0.0211788 0.0658953 0.140397 0.204916 0.204927 0.140449 0.0660696 0.0216822 0.00592205 0.00345738 0.00530361 0.0086452 0.0124262 0.0155822 0.0170798 0.0164407 0.0140224 0.0107759 0.00768248 0.00530518 0.00371409 0.00269533
 1.02247e-16 2.76871e-05 0.000269128 0.00178845 0.00813009 0.025296 0.053898 0.0786781 0.0787367 0.0541845 0.0262577 0.010907 0.00875559 0.0154679 0.0288615 0.0475873 0.0683527 0.0855386 0.0934267 0.0893647 0.0753565 0.0567362 0.0390438 0.0255154 0.0166227 0.0111973
 1.02786e-16 7.09956e-05 0.000690102 0.00458597 0.0208472 0.0648633 0.138198 0.201706 0.201712 0.138227 0.06496 0.0211277 0.00529502 0.00225368 0.00308646 0.00510972 0.00763161 0.0101739 0.0122796 0.0137052 0.0145005 0.0148541 0.014855 0.014399 0.0133127 0.0115557
 1.02002e-16 5.94128e-05 0.000577514 0.00383778 0.017446 0.0542812 0.115653 0.168804 0.168828 0.115771 0.054679 0.0185945 0.00671886 0.00686144 0.0119778 0.0196667 0.0282303 0.035306 0.0385354 0.0368469 0.0311111 0.0235808 0.016575 0.0114157 0.00822701 0.00641631
 1.04158e-16 4.09573e-05 0.00039812 0.00264565 0.0120268 0.0374199 0.0797285 0.116374 0.116413 0.0799171 0.0380534 0.0138573 0.00724297 0.0104423 0.0191405 0.0316396 0.0457143 0.0577731 0.0641588 0.0631472 0.0559243 0.0456953 0.035693 0.0276662 0.0217256 0.0171624
 1.02896e-16 6.93215e-05 0.000673829 0.00447783 0.0203556 0.0633338 0.13494 0.19695 0.19696 0.134984 0.0634843 0.0207909 0.00557352 0.0030756 0.00465973 0.00766968 0.0112193 0.0144805 0.0166497 0.017345 0.0167956 0.015612 0.0143373 0.0131546 0.0119324 0.0104754
 1.01535e-16 6.49089e-05 0.000630938 0.00419281 0.0190599 0.0593025 0.126351 0.184417 0.184435 0.12644 0.0596003 0.0199197 0.00635003 0.00533719 0.00899424 0.014744 0.0211808 0.0265276 0.0290227 0.0278609 0.0236791 0.0181377 0.0129441 0.00906889 0.00660599 0.0051335
 1.03844e-16 3.22323e-05 0.00031331 0.00208206 0.00946476 0.0294486 0.0627453 0.091589 0.0916387 0.0629881 0.0302641 0.0118201 0.00799482 0.0132224 0.024553 0.0405498 0.0584303 0.0735122 0.0810243 0.0787359 0.0682562 0.0538974 0.0400691 0.0292476 0.021688 0.0164328
 1.08682e-16 4.85902e-05 0.000472314 0.0031387 0.0142681 0.0443934 0.0945855 0.138054 0.138074 0.0946807 0.0447137 0.0151963 0.0054802 0.00562226 0.00994191 0.0166532 0.0246706 0.0324558 0.0384283 0.0417962 0.0428857 0.0426334 0.0417112 0.04007 0.0372118 0.0328143
 1.02224e-16 7.42298e-05 0.00072154 0.00479489 0.0217969 0.0678182 0.144494 0.210895 0.210901 0.144526 0.0679256 0.0221072 0.00557459 0.00242598 0.00331838 0.00538776 0.00780114 0.00991376 0.0111275 0.0111806 0.0103002 0.00903585 0.00790672 0.00713751 0.00664251 0.00619281
 1.02417e-16 3.71456e-05 0.000361069 0.00239943 0.0109075 0.0339375 0.0723093 0.105548 0.105597 0.0725502 0.0347463 0.0132424 0.00825654 0.0131348 0.0242602 0.0399528 0.0573261 0.0716195 0.078008 0.0742728 0.0621519 0.0462231 0.0312491 0.0200236 0.0129431 0.00894252
 1.03504e-16 6.44015e-05 0.000626005 0.00416003 0.0189109 0.0588388 0.125363 0.182973 0.182985 0.125419 0.0590296 0.0194633 0.00555221 0.00368365 0.00592542 0.0098343 0.0144858 0.0188905 0.0220582 0.0234881 0.0233873 0.0223853 0.0210088 0.0193806 0.017336 0.0147508
pSPR Fmed_Fpbrs
1   0.983565 0.6 0.325 0.983565 0.983565 0.983565
Fs Fmed_Fpbrs
0   0.01 0.352397 0.914642 0.01 0.01 0.01
SSBpbr Bo_Bmed_Bpbrs
332160  315552  310093 182688 91344.1 310093 310093 310093
Ro
88817.4
SPR SPRFo_SPRFmed_SPRFpbrs
639871 639871 629354
Fref
0
Nvult_r0
 51794.2 10654.1 8272.6 405.019 185.803
CTP_r0
 18240.4 5768.52 4479.07 219.291 100.6
YTP_r0
356419
Np
 65863 24229.7 8913.59 3279.13 1650.11
Nvult_p0
 41633.4 15316.1 5634.47 2072.8 1043.07
CTP_p0
 0 0 0 0 0
 0 0 0 0 0
 0 0 0 0 0
 0 0 0 0 0
 0 0 0 0 0
 0 0 0 0 0
YTP_p0
 0 0 0 0 0 0
CBA_c0
0
log_Ro
11.2143
likeval ReclasPelacesDesembMPH_pf_preclas_ppelaces_ptallas_desvR_qrecl_qpela
 14.4849 16.4277 0.0537506 0.0020463 245.263 135.783 116.87 0 30.4016 6.2321e-05 0.000116826 0.0141024 2066.82 0 0
q_reclas_q_pelaces
3.05394 4.61156
M
1
N
 96445.8 24327.4 43827.9 5344.78 0.145752
 94921.2 29045 5794.56 10439.4 1273.11
 83870.2 22844.1 4251.06 848.098 1714.26
 64887.7 20153.4 3332.3 620.107 373.773
 42471.9 9851.02 1084.38 179.298 53.4768
 247831 9832.21 1325.21 145.876 31.314
 45030 64882.2 1727.75 232.87 31.1363
 17454 8856.31 6125.71 163.122 24.9255
 27791.8 5512.54 2339.21 1617.98 49.6688
 34482 5188.55 464.781 197.227 140.605
 54289.7 3801.89 139.369 12.4845 9.07449
 107199 15846.8 846.18 31.0192 4.79834
 88914.1 19329.5 1238.91 66.1549 2.80024
 67195.8 17289.6 1780.43 114.116 6.35145
 48985.5 7954.54 541.932 55.8067 3.77598
 270967 6712.86 342.642 23.3437 2.56653
 31841.5 49840 547.97 27.9698 2.11505
 489706 7333 6629.32 72.8866 4.00166
 226143 121254 1141.65 1032.09 11.9704
 204503 51195.6 15539.4 146.308 133.802
 243677 44524.3 6027.62 1829.56 32.9793
 383245 57351.2 6208.58 840.507 259.717
 47198 82537.5 6594.79 713.922 126.514
 186862 12583.5 15088.7 1205.6 153.641
 151006 49574.8 2275.94 2729.06 245.842
 57350.8 41384.8 9621.93 441.735 577.397
 150495 16482.9 8906.14 2070.67 219.321
 184682 39617.9 2931.39 1583.9 407.26
 47485.9 53115.6 8538.81 631.8 429.154
 43653.2 14443.6 12928.1 2078.3 258.231
 146279 11470.2 2558.27 2289.84 413.851
 38372 36003.6 1762.7 393.147 415.495
 65863 12010.9 9326.07 456.596 209.464
pred_Ctot
 11239.7 5615.12 10116.1 1233.65 0.0336416
 21473.7 11891.7 2372.43 4274.14 521.242
 19031.4 9375.98 1744.77 348.087 703.587
 25840.8 12543.8 2074.08 385.965 232.643
 10332.3 4275.67 470.655 77.8212 23.2107
 46437.5 3443.63 464.14 51.0914 10.9674
 13929.4 33860.5 901.672 121.529 16.2493
 1580.48 1621.87 1121.81 29.8727 4.56465
 9135.21 3006.79 1275.91 882.52 27.0916
 16765.8 3653.25 327.252 138.867 99
 7223.21 988.542 36.2379 3.24613 2.35949
 36575.6 8876.45 473.981 17.3752 2.68775
 27886.2 10190.2 653.138 34.876 1.47625
 31478.9 11911.1 1226.57 78.6165 4.37562
 21003.4 5191.44 353.685 36.4216 2.46435
 90528.3 3704.41 189.083 12.8819 1.41631
 7817.71 21790.8 239.58 12.2288 0.924732
 104502 2862.51 2587.82 28.452 1.56209
 57178.2 54260 510.875 461.851 5.35664
 55043.8 24054.6 7301.27 68.7437 62.8678
 57527.3 18867.1 2554.2 775.272 13.9749
 104860 27289.8 2954.26 399.943 123.583
 8430.45 27756.7 2217.78 240.087 42.5458
 33821.8 4279.7 5131.76 410.031 52.254
 24932.7 15583 715.402 857.834 77.2763
 8091.26 11336.1 2635.63 121 158.16
 27801.5 5704 3082.01 716.566 75.897
 25989.2 10827.6 801.151 432.882 111.305
 5279.92 11747.7 1888.54 139.736 94.9165
 8103.38 5018.83 4492.23 722.166 89.7296
 31613.8 4524.37 1009.1 903.219 163.242
 3665.66 6928.16 339.196 75.6531 79.9535
 18240.4 5768.52 4479.07 219.291 100.6
F
 0.200134 0.434684 0.434684 0.434684 0.434684
 0.424353 0.921679 0.921679 0.921679 0.921679
 0.425897 0.925032 0.925032 0.925032 0.925032
 0.885084 1.92237 1.92237 1.92237 1.92237
 0.463179 1.00601 1.00601 1.00601 1.00601
 0.340174 0.738844 0.738844 0.738844 0.738844
 0.626198 1.36008 1.36008 1.36008 1.36008
 0.152542 0.331316 0.331316 0.331316 0.331316
 0.678287 1.47321 1.47321 1.47321 1.47321
 1.20494 2.61708 2.61708 2.61708 2.61708
 0.231367 0.502521 0.502521 0.502521 0.502521
 0.713057 1.54873 1.54873 1.54873 1.54873
 0.637568 1.38477 1.38477 1.38477 1.38477
 1.13387 2.46272 2.46272 2.46272 2.46272
 0.987499 2.14481 2.14481 2.14481 2.14481
 0.693179 1.50556 1.50556 1.50556 1.50556
 0.468385 1.01732 1.01732 1.01732 1.01732
 0.395915 0.859913 0.859913 0.859913 0.859913
 0.485512 1.05451 1.05451 1.05451 1.05451
 0.52455 1.1393 1.1393 1.1393 1.1393
 0.446648 0.970102 0.970102 0.970102 0.970102
 0.535421 1.16291 1.16291 1.16291 1.16291
 0.321968 0.699303 0.699303 0.699303 0.699303
 0.326889 0.709991 0.709991 0.709991 0.709991
 0.294405 0.639437 0.639437 0.639437 0.639437
 0.246861 0.536172 0.536172 0.536172 0.536172
 0.334652 0.726851 0.726851 0.726851 0.726851
 0.246164 0.534659 0.534659 0.534659 0.534659
 0.190183 0.41307 0.41307 0.41307 0.41307
 0.336524 0.730918 0.730918 0.730918 0.730918
 0.401896 0.872904 0.872904 0.872904 0.872904
 0.161515 0.350804 0.350804 0.350804 0.350804
 0.543617 1.18072 1.18072 1.18072 1.18072
YTP_r0W_actual
 137533 100661 107811 6868.21 3546.15
YTP_p0W_proyectada
 0 0 0 0 0
 0 0 0 0 0
 0 0 0 0 0
 0 0 0 0 0
 0 0 0 0 0
 0 0 0 0 0
CTP_r0_actual
 18240.4 5768.52 4479.07 219.291 100.6
CTP_p0_proyectada
 0 0 0 0 0
 0 0 0 0 0
 0 0 0 0 0
 0 0 0 0 0
 0 0 0 0 0
 0 0 0 0 0
Wmedp
 7.54 17.45 24.07 31.32 35.25
Frms_r0
 0.543617 1.18072 1.18072 1.18072 1.18072
Zrms_r0
 1.54362 2.18072 2.18072 2.18072 2.18072
nmprior
 7.29 8.9 8.7 0
nm_flota  nm_reclas  nm_pelaces    nm_pelaL
inf 18.0112 11.7452 31.4634
cv_recla  cv_pelaces  cv_mph
0.329601 0.443996 1.20899
 ------------------------------------------------
Talla a la edad & desviaci?n 
 8 13.2811 15.8009 17.003 17.5766
 0.8 1.32811 1.58009 1.7003 1.75766
