years
 1991 1992 1993 1994 1995 1996 1997 1998 1999 2000 2001 2002 2003 2004 2005 2006 2007 2008 2009 2010 2011 2012 2013 2014 2015 2016 2017 2018 2019 2020 2021 2022 2023
reclasobs
 0 0 0 0 0 0 0 0 0 252601 567819 844713 477998 351125 339783 2.1784e+06 2.13404e+06 4.81314e+06 1.55562e+06 2.62356e+06 3.21686e+06 3.843e+06 1.13348e+06 3.07943e+06 1.97215e+06 2.03268e+06 2.025e+06 2.42433e+06 2.27542e+06 1.05018e+06 2.36338e+06 3.18982e+06 1.53035e+06
reclaspred
 2.96866e+06 1.62162e+06 850366 864721 890254 1.41264e+06 795652 734062 533500 382422 500372 656567 651139 492805 513769 1.33468e+06 1.26024e+06 3.04615e+06 2.42449e+06 1.77993e+06 3.08675e+06 2.47892e+06 1.96346e+06 3.02376e+06 2.25633e+06 2.04319e+06 2.41638e+06 2.6251e+06 2.16763e+06 1.50534e+06 1.99295e+06 2.16196e+06 1.72695e+06
pelacesobs
 0 0 0 0 0 0 0 0 0 0 0 0 0 0 0 552880 188675 0 991730 2.46772e+06 1.41603e+06 1.21717e+06 2.29649e+06 1.80582e+06 0 1.4828e+06 1.56532e+06 1.57751e+06 1.42118e+06 867257 1.10002e+06 1.06204e+06 0
pelacespred
 1.60506e+06 964052 491632 416485 461405 760845 372611 458932 308767 207457 288941 315464 346732 273485 294594 637711 604079 1.71335e+06 1.38224e+06 923739 1.61139e+06 1.35321e+06 1.09159e+06 1.86771e+06 1.32269e+06 1.20444e+06 1.63274e+06 1.58894e+06 1.18423e+06 943702 1.06334e+06 1.1848e+06 980889
mphobs
 0 0 0 0 0 0 0 0 0 0 0 0 498337 0 5186 125008 0 168611 109162 213762 579715 649985 157893 87575 83554 210694 70296 0 107559 103333 445601 22526 28222
mphpred
 303139 206339 99455.2 57607.8 62893.4 74555.9 93708.8 51901.2 49078.5 32872.2 21709.5 40617.8 43331.3 35628.6 22970.6 30498.8 104245 96856.8 207300 147870 157036 191113 181336 148867 208264 172774 144191 152612 221050 152280 102001 175083 113305
desembarqueobs
 494567 514787 250237 358949 120608 361735 552515 73892 212993 205616 52469 317467 293654 387597 252695 516296 358380 742168 942051 627588 828172 859565 418607 520667 417249 300574 415391 372974 316634 284311 391294 218835 356480
desembarquepred
 494569 513761 250714 359007 120616 361763 552580 73898.3 213061 205680 52472.5 317551 293714 387613 252682 516224 358409 742012 941800 627391 828298 859602 418625 520713 417254 300579 415399 372955 316627 284314 391257 218843 356500
Reclutas
 185818 88559.8 107184 146559 126478 205109 82727.4 40827.1 38252.9 50842.4 97016.3 130993 111410 78008.3 78235.2 400164 85757.9 642492 350396 282053 393501 527542 113144 317112 272923 127083 271578 315200 103019 95930.9 251829 105203 187630
log_desv_Rt
 0.204101 -0.536987 -0.346122 -0.0332384 -0.180595 0.302879 -0.605114 -1.31132 -1.37644 -1.09193 -0.445786 -0.14552 -0.30745 -0.66385 -0.660945 0.971211 -0.569137 1.44469 0.838399 0.621429 0.95442 1.24756 -0.292006 0.738591 0.588524 -0.175825 0.583585 0.732543 -0.385747 -0.457036 0.508085 -0.36477 0.213806
SSB
 2.20102e+06 1.49818e+06 722121 418277 456654 541333 680398 376842 356347 238677 157628 294917 314618 258691 166784 221445 756901 703255 1.50515e+06 1.07365e+06 1.1402e+06 1.38763e+06 1.31664e+06 1.08089e+06 1.51216e+06 1.25447e+06 1.04693e+06 1.10808e+06 1.60499e+06 1.10567e+06 740604 1.27123e+06 822679
BT
 3.113e+06 2.11916e+06 1.06813e+06 992910 868067 1.57784e+06 1.12388e+06 831613 731171 542856 529836 792811 843465 855126 747363 1.49198e+06 1.29181e+06 3.51668e+06 3.21593e+06 2.1233e+06 3.35212e+06 3.08122e+06 2.18825e+06 3.60769e+06 2.60925e+06 2.27988e+06 3.15531e+06 3.01881e+06 2.24431e+06 1.85596e+06 2.12283e+06 2.15344e+06 1.96004e+06
Ftot
 0.200294 0.359879 0.352863 0.579931 0.183684 0.38257 0.808944 0.135496 0.537733 0.715562 0.17661 0.694001 0.639216 1.12888 0.820672 0.717606 0.355395 0.418757 0.5197 0.485696 0.388982 0.49414 0.261897 0.270214 0.243591 0.18919 0.263159 0.226088 0.1695 0.236391 0.315118 0.126145 0.297652
BD_Bspro_t
 0.968461 0.795089 0.601871 0.517263 0.514888 0.604907 0.580672 0.395799 0.46751 0.414964 0.383739 0.616583 0.497446 0.40014 0.291633 0.351273 0.538782 0.507346 0.624321 0.514383 0.484209 0.530417 0.551701 0.542801 0.652286 0.664181 0.672574 0.706431 0.76305 0.695747 0.639134 0.723197 0.720932
BD_Bspro
 2.01643 1.37253 0.66156 0.383197 0.418356 0.495934 0.623336 0.345238 0.326462 0.21866 0.144408 0.270183 0.288233 0.236996 0.152797 0.202873 0.693423 0.644275 1.37892 0.983609 1.04458 1.27125 1.20622 0.990241 1.38534 1.14927 0.959131 1.01515 1.47039 1.01294 0.678492 1.16462 0.753684
BD_Bo
 2.43521 1.65759 0.798957 0.462782 0.505243 0.598932 0.752794 0.416939 0.394264 0.264073 0.174399 0.326296 0.348095 0.286217 0.184531 0.245007 0.837437 0.778083 1.66531 1.18789 1.26152 1.53527 1.45673 1.1959 1.67306 1.38795 1.15833 1.22599 1.77576 1.22331 0.819406 1.4065 0.910214
BD_Brms
 2.60914 1.77598 0.85602 0.495835 0.541329 0.641709 0.80656 0.446718 0.422422 0.282934 0.186855 0.349601 0.372956 0.306659 0.19771 0.262506 0.897249 0.833655 1.78424 1.27273 1.35162 1.64493 1.56078 1.28131 1.79255 1.48708 1.24106 1.31355 1.90259 1.31068 0.877929 1.50695 0.975223
Sel_flota
 0.483344 1 1 1 1
 0.483344 1 1 1 1
 0.483344 1 1 1 1
 0.483344 1 1 1 1
 0.483344 1 1 1 1
 0.483344 1 1 1 1
 0.483344 1 1 1 1
 0.483344 1 1 1 1
 0.483344 1 1 1 1
 0.483344 1 1 1 1
 0.483344 1 1 1 1
 0.483344 1 1 1 1
 0.483344 1 1 1 1
 0.483344 1 1 1 1
 0.483344 1 1 1 1
 0.483344 1 1 1 1
 0.483344 1 1 1 1
 0.483344 1 1 1 1
 0.483344 1 1 1 1
 0.483344 1 1 1 1
 0.483344 1 1 1 1
 0.483344 1 1 1 1
 0.483344 1 1 1 1
 0.483344 1 1 1 1
 0.483344 1 1 1 1
 0.483344 1 1 1 1
 0.483344 1 1 1 1
 0.483344 1 1 1 1
 0.483344 1 1 1 1
 0.483344 1 1 1 1
 0.483344 1 1 1 1
 0.483344 1 1 1 1
 0.483344 1 1 1 1
Sel_reclas
 1 1 1 1 1
 1 1 1 1 1
 1 1 1 1 1
 1 1 1 1 1
 1 1 1 1 1
 1 1 1 1 1
 1 1 1 1 1
 1 1 1 1 1
 1 1 1 1 1
 1 1 1 1 1
 1 1 1 1 1
 1 1 1 1 1
 1 1 1 1 1
 1 1 1 1 1
 1 1 1 1 1
 1 1 1 1 1
 1 1 1 1 1
 1 1 1 1 1
 1 1 1 1 1
 1 1 1 1 1
 1 1 1 1 1
 1 1 1 1 1
 1 1 1 1 1
 1 1 1 1 1
 1 1 1 1 1
 1 1 1 1 1
 1 1 1 1 1
 1 1 1 1 1
 1 1 1 1 1
 1 1 1 1 1
 1 1 1 1 1
 1 1 1 1 1
 1 1 1 1 1
Sel_pelaces
 1 1 1 1 1
 1 1 1 1 1
 1 1 1 1 1
 1 1 1 1 1
 1 1 1 1 1
 1 1 1 1 1
 1 1 1 1 1
 1 1 1 1 1
 1 1 1 1 1
 1 1 1 1 1
 1 1 1 1 1
 1 1 1 1 1
 1 1 1 1 1
 1 1 1 1 1
 1 1 1 1 1
 1 1 1 1 1
 1 1 1 1 1
 1 1 1 1 1
 1 1 1 1 1
 1 1 1 1 1
 1 1 1 1 1
 1 1 1 1 1
 1 1 1 1 1
 1 1 1 1 1
 1 1 1 1 1
 1 1 1 1 1
 1 1 1 1 1
 1 1 1 1 1
 1 1 1 1 1
 1 1 1 1 1
 1 1 1 1 1
 1 1 1 1 1
 1 1 1 1 1
pf_obs 
 0.8446 0.082 0.0669 0.0065 0
 0.8095 0.147 0.0364 0.0071 0
 0.9664 0.0169 0.016 0.0007 0
 0.9276 0.0648 0.0075 0.0001 0
 0.7033 0.2144 0.0806 0.0017 0
 0.9318 0.0425 0.0243 0.0014 0
 0.5671 0.3108 0.0964 0.0239 0.0018
 0.0768 0.2599 0.5324 0.112 0.0189
 0.490249 0.384438 0.106611 0.0170017 0.00170017
 0.7925 0.1577 0.0466 0.003 0.0002
 0.840416 0.127587 0.0312969 0.00059994 9.999e-05
 0.8084 0.0986 0.0794 0.0134 0.0002
 0.7335 0.1905 0.0724 0.0035 0.0001
 0.4001 0.4547 0.1325 0.0127 0
 0.49795 0.308269 0.164784 0.0264974 0.00249975
 0.9179 0.0499 0.0305 0.0017 0
 0.2467 0.6533 0.0926 0.0074 0
 0.9418 0.0223 0.034 0.0019 0
 0.707729 0.231977 0.0356964 0.0245975 0
 0.517169 0.277429 0.184464 0.0207286 0.00020938
 0.811772 0.124168 0.05621 0.00726502 0.000585176
 0.764997 0.148141 0.077277 0.00933861 0.000247198
 0.163321 0.427699 0.378323 0.0303852 0.000271297
 0.753843 0.0900009 0.118128 0.0371064 0.000921714
 0.721811 0.176058 0.0630433 0.0369309 0.00215725
 0.143369 0.312575 0.442814 0.0836902 0.0175525
 0.692698 0.0596174 0.167031 0.0765114 0.00414204
 0.394062 0.376323 0.152708 0.0712218 0.00568511
 0.125707 0.32114 0.495352 0.0537591 0.00404204
 0.23352 0.215282 0.420074 0.123614 0.00750983
 0.796117 0.104755 0.0508955 0.0450114 0.00322123
 0.162477 0.292055 0.404252 0.121198 0.0200186
 0 0 0 0 0
pf_pred 
 0.401 0.140078 0.431077 0.0278436 1.05285e-06
 0.306689 0.412936 0.0655666 0.201775 0.0130333
 0.507195 0.249294 0.145035 0.0230289 0.0754471
 0.62726 0.262349 0.0558436 0.0324889 0.0220593
 0.557341 0.35731 0.0600718 0.0127869 0.0124903
 0.648822 0.257671 0.0754774 0.0126895 0.00533951
 0.376752 0.505815 0.0861645 0.0252394 0.00602883
 0.379216 0.38438 0.19186 0.0326829 0.0118603
 0.45413 0.310289 0.145868 0.0728089 0.0169037
 0.636004 0.24429 0.0680448 0.0319882 0.0196735
 0.750925 0.204204 0.0301143 0.00838809 0.0063685
 0.65766 0.2972 0.0370085 0.0054577 0.00267438
 0.596047 0.336253 0.0587726 0.0073186 0.00160816
 0.548824 0.356085 0.0791547 0.0138352 0.00210137
 0.67652 0.254154 0.0547147 0.0121626 0.00244875
 0.907089 0.0789355 0.0109801 0.00236381 0.000631247
 0.291916 0.68131 0.0227471 0.00316417 0.000863097
 0.8613 0.0676714 0.0683433 0.0022818 0.000403981
 0.47683 0.489736 0.0163121 0.0164741 0.000647405
 0.508381 0.339055 0.142814 0.00475686 0.00499288
 0.64175 0.255697 0.0707274 0.0297913 0.00203381
 0.654598 0.278785 0.0475472 0.0131518 0.00591791
 0.236736 0.626533 0.11036 0.018822 0.00754895
 0.644602 0.145811 0.172041 0.0303039 0.00724125
 0.521256 0.384486 0.038672 0.0456286 0.0099577
 0.336541 0.469927 0.155428 0.0156331 0.0224708
 0.631148 0.194214 0.123696 0.0409124 0.0100298
 0.590239 0.325093 0.0445805 0.0283935 0.0116934
 0.274357 0.552653 0.137245 0.0188206 0.0169235
 0.386575 0.27709 0.256155 0.063613 0.0165674
 0.706634 0.171243 0.0551641 0.0509962 0.0159626
 0.357094 0.543923 0.0577787 0.0186128 0.0225924
 0.59044 0.2229 0.157921 0.0167753 0.0119634
pobs_RECLAS
 0 0 0 0 0
 0 0 0 0 0
 0 0 0 0 0
 0 0 0 0 0
 0 0 0 0 0
 0 0 0 0 0
 0 0 0 0 0
 0 0 0 0 0
 0 0 0 0 0
 0 0 0 0 0
 0.991045 0.00858322 0.000360255 1.14367e-05 0
 0.934742 0.0480273 0.0164251 0.00080598 0
 0.827803 0.169806 0.00239088 0 0
 0.941827 0.0461693 0.0120037 0 0
 0.791401 0.0380133 0.147996 0.0225897 0
 0.846168 0.0940531 0.0597789 0 0
 0.134021 0.677848 0.182769 0.00536245 0
 0.80878 0.0450904 0.141981 0.00414843 0
 0.846168 0.0940531 0.0597789 0 0
 0.905697 0.0802665 0.012482 0.00150086 5.37128e-05
 0.989698 0.0102097 9.19794e-05 0 0
 0.975433 0.0193895 0.00387452 0.00125025 5.28907e-05
 0.303575 0.632131 0.0575291 0.00676475 0
 0.966965 0.00978017 0.0227588 0.000495775 0
 0.843318 0.132988 0.00938335 0.0141283 0.000182051
 0.564624 0.303363 0.111486 0.0197234 0.00080311
 0.826376 0.0876187 0.0782897 0.00655872 0.00115652
 0.89761 0.0855135 0.0140674 0.00269457 0.000114338
 0.34875 0.467042 0.161289 0.0227151 0.000203297
 0.318654 0.224769 0.449479 0.00709798 0
 0.937255 0.0296025 0.0250945 0.00804832 0
 0.456809 0.399803 0.12412 0.0192676 0
 0.883104 0.0372192 0.0704036 0.00927362 0
ppred_RECLAS
 0.583078 0.0974985 0.300043 0.01938 7.32819e-07
 0.482633 0.308144 0.0489275 0.15057 0.00972581
 0.68449 0.159606 0.0928562 0.0147439 0.0483037
 0.782797 0.152875 0.0325411 0.0189319 0.0128544
 0.724362 0.222492 0.0374059 0.00796224 0.00777754
 0.796 0.149682 0.0438451 0.00737135 0.00310174
 0.56884 0.349921 0.0596082 0.0174605 0.00417071
 0.559824 0.272551 0.136041 0.0231743 0.00840974
 0.639778 0.204761 0.0962593 0.048047 0.0111548
 0.79092 0.14032 0.039085 0.0183741 0.0113005
 0.86283 0.112458 0.0165844 0.00461945 0.00350724
 0.805888 0.168517 0.0209844 0.0030946 0.00151641
 0.76046 0.199395 0.0348515 0.00433985 0.000953619
 0.73253 0.211097 0.0469252 0.0082019 0.00124576
 0.820443 0.141076 0.0303711 0.00675123 0.00135926
 0.954834 0.0383723 0.00533766 0.0011491 0.000306864
 0.464999 0.514772 0.0171869 0.00239072 0.000652123
 0.929309 0.0344897 0.0348321 0.00116295 0.000205895
 0.660232 0.318055 0.0105938 0.010699 0.000420452
 0.687434 0.215568 0.0907997 0.00302435 0.00317442
 0.791006 0.149168 0.0412607 0.0173795 0.00118648
 0.801316 0.160365 0.0273504 0.00756528 0.00340413
 0.394013 0.497431 0.0876193 0.0149436 0.00599342
 0.791842 0.0854024 0.100765 0.0177491 0.00424124
 0.695129 0.244846 0.0246269 0.029057 0.00634121
 0.514339 0.343993 0.113776 0.0114437 0.0164489
 0.782007 0.114781 0.0731047 0.0241794 0.00592768
 0.75084 0.197677 0.0271077 0.017265 0.00711033
 0.44089 0.425821 0.105748 0.0145013 0.0130397
 0.568808 0.194774 0.180058 0.0447152 0.0116456
 0.835132 0.0962363 0.0310015 0.0286592 0.00897078
 0.536149 0.392435 0.0416867 0.0134289 0.0163002
 0.751771 0.135097 0.0957139 0.0101673 0.00725087
pobs_PELACES
 0 0 0 0 0
 0 0 0 0 0
 0 0 0 0 0
 0 0 0 0 0
 0 0 0 0 0
 0 0 0 0 0
 0 0 0 0 0
 0 0 0 0 0
 0 0 0 0 0
 0 0 0 0 0
 0 0 0 0 0
 0 0 0 0 0
 0 0 0 0 0
 0 0 0 0 0
 0 0 0 0 0
 0 0 0 0 0
 0.505614 0.472636 0.0217494 0 0
 0 0 0 0 0
 0.443492 0.261883 0.143347 0.151278 0
 0.227955 0.32914 0.350689 0.0885471 0.00366901
 0.970185 0.0296113 0.000203453 0 0
 0.997202 0.00247181 0.000326279 0 0
 0.445219 0.490057 0.0546422 0.010081 0
 0.90214 0.0892962 0.00764917 0.000914606 0
 0 0 0 0 0
 0.581667 0.319106 0.0959925 0.00289975 0.000334073
 0.762889 0.0836404 0.116647 0.0363945 0.000428098
 0.88444 0.0763242 0.0277011 0.0115352 0
 0.521256 0.241999 0.230069 0.00667565 0
 0.616807 0.101726 0.260614 0.0208532 0
 0.833518 0.0704572 0.0857862 0.0102388 0
 0.697417 0.212968 0.0787535 0.0105354 0.000325836
 0 0 0 0 0
ppred_PELACES
 0.591355 0.0955628 0.294086 0.0189952 7.1827e-07
 0.497966 0.299012 0.0474775 0.146108 0.00943758
 0.697336 0.153108 0.0890755 0.0141435 0.0463369
 0.799138 0.141374 0.0300929 0.0175075 0.0118873
 0.730571 0.21748 0.0365634 0.00778289 0.00760235
 0.806387 0.14206 0.0416125 0.006996 0.0029438
 0.602296 0.322768 0.0549828 0.0161056 0.00384708
 0.565508 0.269031 0.134285 0.0228751 0.00830114
 0.660625 0.192911 0.0906884 0.0452663 0.0105093
 0.81038 0.12726 0.0354472 0.0166639 0.0102487
 0.866355 0.109568 0.0161582 0.00450074 0.00341711
 0.823731 0.153026 0.0190554 0.00281014 0.00137702
 0.779746 0.183341 0.0320455 0.00399043 0.00087684
 0.768519 0.182694 0.0406112 0.0070983 0.00107813
 0.84014 0.1256 0.0270394 0.00601062 0.00121014
 0.959826 0.0341309 0.00474767 0.00102209 0.000272945
 0.4801 0.500241 0.0167017 0.00232324 0.000633715
 0.933858 0.0322703 0.0325907 0.00108812 0.000192645
 0.679817 0.299721 0.0099831 0.0100822 0.000396215
 0.704945 0.20349 0.0857127 0.00285492 0.00299657
 0.801758 0.141493 0.0391379 0.0164854 0.00112543
 0.814389 0.149812 0.0255507 0.00706748 0.00318014
 0.404723 0.488639 0.0860707 0.0146795 0.00588749
 0.799334 0.0823287 0.0971387 0.0171103 0.00408859
 0.703858 0.237836 0.0239217 0.028225 0.00615964
 0.522392 0.338289 0.111889 0.0112539 0.0161761
 0.789559 0.110805 0.0705722 0.0233418 0.00572233
 0.757981 0.192011 0.0263307 0.0167702 0.00690654
 0.448025 0.420387 0.104398 0.0143163 0.0128732
 0.578664 0.190321 0.175942 0.0436931 0.0113794
 0.842397 0.0919957 0.0296354 0.0273963 0.00857548
 0.541494 0.387913 0.0412064 0.0132742 0.0161124
 0.76112 0.130009 0.0921091 0.00978437 0.00697778
pobs_pel_tallas
 0 0 0 0 0 0 0 0 0 0 0 0 0 0 0 0 0 0 0 0 0 0 0 0 0 0
 0 0 0 0 0 0 0 0 0 0 0 0 0 0 0 0 0 0 0 0 0 0 0 0 0 0
 0 0 0 0 0 0 0 0 0 0 0 0 0 0 0 0 0 0 0 0 0 0 0 0 0 0
 0 0 0 0 0 0 0 0 0 0 0 0 0 0 0 0 0 0 0 0 0 0 0 0 0 0
 0 0 0 0 0 0 0 0 0 0 0 0 0 0 0 0 0 0 0 0 0 0 0 0 0 0
 0 0 0 0 0 0 0 0 0 0 0 0 0 0 0 0 0 0 0 0 0 0 0 0 0 0
 0 0 0 0 0 0 0 0 0 0 0 0 0 0 0 0 0 0 0 0 0 0 0 0 0 0
 0 0 0 0 0 0 0 0 0 0 0 0 0 0 0 0 0 0 0 0 0 0 0 0 0 0
 0 0 0 0 0 0 0 0 0 0 0 0 0 0 0 0 0 0 0 0 0 0 0 0 0 0
 0 0 0 0 0 0 0 0 0 0 0 0 0 0 0 0 0 0 0 0 0 0 0 0 0 0
 0 0 0 0 0 0 0 0 0 0 0 0 0 0 0 0 0 0 0 0 0 0 0 0 0 0
 0 0 0 0 0 0 0 0 0 0 0 0 0 0 0 0 0 0 0 0 0 0 0 0 0 0
 0.00862536 0 0 0.000197151 0.00414017 0.0128641 0.00837892 0.0270097 0.101434 0.158115 0.152841 0.127902 0.109271 0.109419 0.0830992 0.0579132 0.0238553 0.00714673 0.00463305 0.00128148 0.00103504 0.000492878 0.000147863 0.000147863 4.92878e-05 0
 0 0 0 0 0 0 0 0 0 0 0 0 0 0 0 0 0 0 0 0 0 0 0 0 0 0
 0 0 0 0 0 0 0 0.0054083 0.00873648 0.0413646 0.0450493 0.0745869 0.0622846 0.0627006 0.0613931 0.0827291 0.12552 0.122667 0.0946155 0.0697135 0.0546179 0.0294188 0.0215738 0.0213955 0.0102223 0.00600262
 0 0 0 0 0.00359764 0.0251062 0.0480494 0.140153 0.205849 0.193036 0.1447 0.116669 0.0760912 0.0342217 0.00950174 0.001854 0.000860785 0 0 0 0.000165536 0 0.000143464 0 0 0
 0 0 0 0 0 0 0 0.000145254 0.000435761 0.0275982 0.070085 0.0708112 0.156366 0.174668 0.174014 0.160142 0.0824315 0.0480064 0.0283245 0.00493863 0.00203355 0 0 0 0 0
 0 0 0 0 0 0 0 0 0 0 0 0 0 0 0 0 0 0 0 0 0 0 0 0 0 0
 0 0 1.00437e-05 0.000401748 0.00122533 0.00171747 0.00176769 0.0269171 0.070346 0.194647 0.189555 0.159765 0.064822 0.0314167 0.0384472 0.0292271 0.0345202 0.0313363 0.0194345 0.0106764 0.0143323 0.0359363 0.0279516 0.0138201 0.00172751 0
 0 0.0021121 0.0136068 0.0755702 0.200478 0.177729 0.0527432 0.0373336 0.0318909 0.0142505 0.0149659 0.0166563 0.0217959 0.0798694 0.0677717 0.0528807 0.04013 0.0224614 0.0357745 0.0225083 0.00881397 0.00855152 0.00135912 0.000746735 0 0
 0 0 0 0 5.4009e-05 0.00500934 0.000945158 0.0243581 0.138947 0.33067 0.221406 0.137944 0.0707744 0.0437923 0.0131692 0.00525238 0.0047753 0.00276346 9.45158e-05 9.00151e-06 2.25038e-05 9.00151e-06 4.50075e-06 0 0 0
 0.000866109 0.00284123 0.00948549 0.0512746 0.133035 0.25785 0.225252 0.132002 0.0553304 0.0519788 0.0540692 0.017754 0.00435017 0.00159236 0.00146478 0.000404838 0.000125132 0.000115318 0.000107957 0.000100596 0 0 0 0 0 0
 0 0 0 0 0.00144013 0.00171154 0.00461396 0.0210425 0.0478622 0.0707936 0.0888783 0.103762 0.0637923 0.0337046 0.0602308 0.124433 0.169614 0.0934646 0.0462172 0.0250306 0.0313229 0.00938855 0.002487 0.000210481 0 0
 0 0.00764035 0.051015 0.0998891 0.058973 0.0496711 0.0374665 0.0718981 0.12319 0.153886 0.159021 0.0857701 0.0377988 0.023471 0.0147837 0.00900784 0.00315554 0.000888139 0.00291439 0.00214683 0.00393193 0.00274676 0.000635225 9.99891e-05 0 0
 0 0 0 0 0 0 0 0 0 0 0 0 0 0 0 0 0 0 0 0 0 0 0 0 0 0
 0 0 0 0 0 0 0 0 0 0 0 0 0 0 0 0 0 0 0 0 0 0 0 0 0 0
 0 0 0 0 0 0 0 0 0 0 0 0 0 0 0 0 0 0 0 0 0 0 0 0 0 0
 0 0 0 0 0 0 0 0 0 0 0 0 0 0 0 0 0 0 0 0 0 0 0 0 0 0
 0 0 0 0 0 0 0 0 0 0 0 0 0 0 0 0 0 0 0 0 0 0 0 0 0 0
 0 0 0 0 0 0 0 0 0 0 0 0 0 0 0 0 0 0 0 0 0 0 0 0 0 0
 0 0 0 0 0 0 0 0 0 0 0 0 0 0 0 0 0 0 0 0 0 0 0 0 0 0
 0 0 0 0 0 0 0 0 0 0 0 0 0 0 0 0 0 0 0 0 0 0 0 0 0 0
 0 0 0 0 0 0 0 0 0 0 0 0 0 0 0 0 0 0 0 0 0 0 0 0 0 0
ppred_pel_tallas
 1.10417e-16 4.87092e-05 0.000473471 0.00314638 0.014303 0.044502 0.0948165 0.138389 0.138399 0.0948638 0.0446622 0.0147715 0.00434336 0.00315597 0.00534645 0.00929036 0.0146064 0.0209186 0.027781 0.0348365 0.0417555 0.047935 0.0523073 0.0536061 0.0510152 0.0447262
 1.17697e-16 4.10168e-05 0.000398698 0.00264949 0.0120442 0.0374742 0.0798438 0.11654 0.116569 0.0799849 0.0379483 0.0134144 0.00609248 0.00792741 0.0143791 0.0238191 0.0345955 0.044169 0.0500473 0.0512539 0.0489747 0.0457364 0.0437364 0.0436067 0.0443768 0.0443766
 1.1187e-16 5.74387e-05 0.000558325 0.00371026 0.0168663 0.0524775 0.111809 0.163192 0.163207 0.111882 0.052722 0.0175742 0.00549292 0.0044693 0.00754275 0.0125317 0.0184107 0.0239312 0.0278664 0.0296872 0.0298522 0.0294019 0.0291868 0.0293591 0.0294403 0.0287706
 1.04673e-16 6.5824e-05 0.000639833 0.00425191 0.0193286 0.0601385 0.128132 0.187015 0.187029 0.128199 0.0603625 0.019976 0.00587811 0.00419385 0.00682775 0.0112166 0.0162324 0.0205911 0.0230391 0.0230229 0.0210193 0.0181945 0.0156684 0.0139567 0.0129212 0.0121006
 1.03178e-16 6.01762e-05 0.000584934 0.00388709 0.0176702 0.0549786 0.117138 0.170971 0.170992 0.117241 0.0553227 0.0186643 0.00638289 0.00603502 0.010416 0.0171383 0.0247152 0.0311501 0.0344492 0.0336957 0.0295878 0.0239476 0.0186115 0.0145681 0.0118437 0.00994744
 1.02438e-16 6.64211e-05 0.000645637 0.00429048 0.0195039 0.060684 0.129294 0.188712 0.188725 0.129361 0.0609094 0.0201553 0.00592715 0.00422398 0.00687847 0.0113084 0.0163819 0.0208053 0.0233008 0.0232703 0.0211262 0.0179661 0.0148675 0.0123683 0.0104378 0.00879036
 1.03936e-16 4.96104e-05 0.000482231 0.0032046 0.0145676 0.0453255 0.096572 0.140956 0.140987 0.0967241 0.0458363 0.0160431 0.00690895 0.0085716 0.0154209 0.0254367 0.0366882 0.0462432 0.0511422 0.0500174 0.0438922 0.035454 0.0274121 0.0212272 0.0169505 0.0138865
 1.07643e-16 4.65802e-05 0.000452776 0.00300886 0.0136779 0.042557 0.0906732 0.132346 0.132372 0.0908007 0.0429857 0.0149179 0.00612915 0.00728922 0.0131031 0.0217787 0.0318133 0.0409363 0.0468366 0.0484121 0.0463361 0.0424137 0.0382949 0.0346123 0.0310716 0.027135
 1.08985e-16 5.44149e-05 0.000528932 0.00351494 0.0159784 0.0497149 0.105923 0.154602 0.154621 0.106015 0.0500223 0.0168679 0.0057533 0.00543431 0.00942706 0.0156483 0.0228921 0.0295462 0.0340055 0.0355506 0.0347362 0.032895 0.0311733 0.0298843 0.0285847 0.0266256
 1.04462e-16 6.675e-05 0.000648833 0.00431173 0.0196005 0.0609845 0.129934 0.189645 0.189658 0.129994 0.0611864 0.0201842 0.00577861 0.00385676 0.00617625 0.0101506 0.0147255 0.0187548 0.0211229 0.0213331 0.0197951 0.0175159 0.0154463 0.0139979 0.0130205 0.0121109
 1.01525e-16 7.13606e-05 0.00069365 0.00460955 0.0209544 0.0651968 0.138909 0.202744 0.202755 0.138961 0.0653701 0.0214549 0.00586618 0.00343723 0.005283 0.00862386 0.0124234 0.0156391 0.017261 0.0168273 0.0146949 0.0117926 0.00905892 0.00700325 0.00564317 0.00472665
 1.01104e-16 6.78497e-05 0.000659523 0.00438276 0.0199234 0.0619892 0.132075 0.192771 0.192785 0.132147 0.0622311 0.020622 0.00613605 0.00448614 0.00733284 0.0120087 0.0172766 0.0216915 0.0238275 0.0230243 0.0197746 0.0153865 0.0112032 0.0079862 0.00581748 0.00439447
 1.01521e-16 6.42267e-05 0.000624307 0.00414874 0.0188596 0.0586792 0.125023 0.182478 0.182496 0.125109 0.0589693 0.0196976 0.00625265 0.00521842 0.00879293 0.0144441 0.0208216 0.0262246 0.0289591 0.0282343 0.0246178 0.0196293 0.0148156 0.0110342 0.0083592 0.00644679
 1.02114e-16 6.33019e-05 0.000615317 0.004089 0.018588 0.0578343 0.123223 0.179851 0.179868 0.123309 0.0581237 0.0194241 0.00618887 0.005203 0.00878677 0.0144537 0.0208788 0.0263876 0.0293112 0.0288691 0.0256123 0.021012 0.0165443 0.012995 0.0103904 0.00837833
 1.01621e-16 6.92013e-05 0.000672661 0.00447007 0.0203203 0.063224 0.134706 0.19661 0.196622 0.134765 0.063423 0.0208951 0.00591352 0.00382614 0.00606528 0.009936 0.0143493 0.018134 0.0201425 0.0198419 0.0176158 0.0144812 0.0114557 0.00907703 0.00735402 0.0060305
 1.00295e-16 7.90596e-05 0.000768488 0.00510687 0.0232151 0.0722308 0.153896 0.224616 0.224619 0.153912 0.0722848 0.023371 0.00549814 0.00162259 0.00170105 0.00268677 0.00386197 0.00485466 0.00534434 0.00518434 0.00448392 0.00353235 0.00262488 0.00192639 0.00145108 0.00112975
 1.00951e-16 3.95453e-05 0.000384395 0.00255444 0.0116121 0.0361299 0.0769804 0.112365 0.112413 0.0772156 0.0369191 0.0138904 0.00826881 0.0128444 0.0236605 0.0389406 0.0558272 0.0696466 0.0756624 0.0716899 0.059426 0.0433691 0.0282283 0.0168092 0.00957664 0.00554547
 1.01091e-16 7.69207e-05 0.000747696 0.00496871 0.022587 0.0702766 0.149732 0.218539 0.218542 0.149747 0.0703285 0.0227376 0.00534866 0.00158395 0.001685 0.00271554 0.00402395 0.00530764 0.00630482 0.00687896 0.00706738 0.00700206 0.00677639 0.00638152 0.00575642 0.0048851
 1.01443e-16 5.59957e-05 0.000544298 0.00361706 0.0164426 0.0511593 0.109001 0.159097 0.159125 0.109142 0.0516322 0.0178079 0.00704164 0.00801219 0.0142155 0.0233513 0.0334909 0.0418196 0.0455137 0.0432827 0.0361575 0.026834 0.0181119 0.0116242 0.00758377 0.0053362
 1.03319e-16 5.80655e-05 0.000564417 0.00375075 0.0170504 0.0530502 0.11303 0.164974 0.164994 0.113126 0.0533738 0.0179861 0.00610371 0.00571453 0.00987866 0.0163421 0.0237728 0.030384 0.0343704 0.0348593 0.0323653 0.0283266 0.0241327 0.0204449 0.0172122 0.0141354
 1.0301e-16 6.60398e-05 0.00064193 0.00426585 0.019392 0.0603356 0.128552 0.187628 0.187642 0.128619 0.0605601 0.0200407 0.00589595 0.00420604 0.00685148 0.0112661 0.0163262 0.0207501 0.0232764 0.0233251 0.0213235 0.0183737 0.0155402 0.0133251 0.0116438 0.0101535
 1.02023e-16 6.70802e-05 0.000652043 0.00433306 0.0196975 0.0612862 0.130577 0.190584 0.190599 0.130648 0.0615233 0.0203823 0.00605248 0.00440687 0.00720208 0.0118107 0.0170318 0.0214703 0.0237514 0.0232424 0.0204212 0.0165375 0.0128495 0.010033 0.00810567 0.00673556
 1.05078e-16 3.33366e-05 0.000324044 0.00215339 0.00978901 0.0304575 0.0648947 0.0947255 0.0947726 0.0651249 0.0312307 0.0120227 0.00776152 0.0125707 0.0233038 0.0385036 0.055533 0.0699787 0.0773489 0.0755531 0.066118 0.0530975 0.040599 0.030871 0.0240558 0.019177
 1.05233e-16 6.58401e-05 0.000639989 0.00425295 0.0193333 0.0601531 0.128163 0.187059 0.187067 0.128202 0.0602862 0.0197194 0.00522881 0.00279242 0.00421866 0.00703992 0.0105317 0.0140741 0.0170604 0.0191823 0.0205346 0.0213911 0.021861 0.0217498 0.0207337 0.0186591
 1.04625e-16 5.79759e-05 0.000563547 0.00374497 0.0170241 0.0529684 0.112856 0.164721 0.164744 0.112968 0.0533443 0.0181099 0.00647035 0.00651257 0.0113552 0.0186794 0.0269042 0.033847 0.0373374 0.0364085 0.0318884 0.0258481 0.0203516 0.0164717 0.014145 0.0126797
 1.07182e-16 4.30288e-05 0.000418255 0.00277946 0.012635 0.0393124 0.0837605 0.122258 0.12229 0.0839203 0.0398495 0.0141875 0.0066814 0.00895247 0.0162987 0.0270012 0.0391823 0.0498794 0.0560807 0.0563723 0.0517204 0.0446907 0.0377782 0.0321906 0.0278024 0.023915
 1.05375e-16 6.50349e-05 0.000632163 0.00420094 0.0190969 0.0594176 0.126596 0.184773 0.184783 0.126648 0.0595947 0.0196098 0.00549295 0.0034678 0.00549523 0.00909969 0.0133798 0.0174122 0.0202944 0.0216081 0.0216234 0.021012 0.0203171 0.0196263 0.0186583 0.0170956
 1.0366e-16 6.2434e-05 0.00060688 0.00403293 0.0183331 0.0570413 0.121533 0.177385 0.177404 0.121624 0.057345 0.0192104 0.00623526 0.00541547 0.00919773 0.0151154 0.0217905 0.0274555 0.0303594 0.0297137 0.0261656 0.0213547 0.0169164 0.013703 0.0116777 0.0103217
 1.06735e-16 3.69033e-05 0.000358714 0.00238378 0.0108363 0.0337161 0.0718372 0.104857 0.104898 0.0720356 0.0343824 0.0127616 0.00721997 0.0109276 0.0201425 0.0333286 0.0482111 0.0610522 0.0680477 0.0674224 0.060441 0.0504526 0.0407862 0.0331652 0.0275693 0.0231305
 1.11434e-16 4.76639e-05 0.00046331 0.00307886 0.013996 0.043547 0.0927822 0.135422 0.135441 0.0928731 0.0438531 0.0148833 0.00531794 0.00539102 0.0095233 0.0159754 0.0237283 0.0313525 0.0373912 0.0411416 0.0429484 0.0436934 0.0439391 0.0434913 0.0416856 0.0380335
 1.05078e-16 6.93871e-05 0.000674468 0.00448208 0.0203749 0.0633938 0.135068 0.197137 0.197146 0.135111 0.0635401 0.0207977 0.0055454 0.00300211 0.00450934 0.00739724 0.0107761 0.0138294 0.0157856 0.0163211 0.0157507 0.0147855 0.0140468 0.0137208 0.0135648 0.013171
 1.05347e-16 4.46022e-05 0.000433549 0.00288109 0.013097 0.0407499 0.0868235 0.126729 0.126767 0.087006 0.041363 0.0148675 0.0073243 0.0101304 0.0184532 0.0304172 0.0437708 0.054961 0.0604034 0.0584657 0.0504549 0.0397467 0.0297763 0.0224429 0.0178451 0.0150462
 1.04854e-16 6.26925e-05 0.000609393 0.00404963 0.018409 0.0572774 0.122036 0.178118 0.178131 0.122098 0.0574855 0.0190114 0.00556725 0.00394102 0.00644477 0.010698 0.0157376 0.0204847 0.0238627 0.0253448 0.025198 0.0241627 0.0228599 0.0214342 0.019662 0.0173148
pSPR Fmed_Fpbrs
1   0.983339 0.6 0.325 0.983339 0.983339 0.983339
Fs Fmed_Fpbrs
0   0.01 0.346169 0.893184 0.01 0.01 0.01
SSBpbr Bo_Bmed_Bpbrs
903830  858639  843580 497107 248553 843580 843580 843580
Ro
151512
SPR SPRFo_SPRFmed_SPRFpbrs
1.09154e+06 1.09154e+06 1.07336e+06
Fref
0
Nvult_r0
 127854 26465.9 18750.6 1991.8 1420.47
CTP_r0
 16080.6 6070.68 4300.97 456.875 325.823
YTP_r0
356500
Np
 187630 69025.1 25392.9 9341.53 4700.8
Nvult_p0
 118605 43632.2 16051.4 5904.98 2971.47
CTP_p0
 0 0 0 0 0
 0 0 0 0 0
 0 0 0 0 0
 0 0 0 0 0
 0 0 0 0 0
 0 0 0 0 0
YTP_p0
 0 0 0 0 0 0
CBA_c0
0
log_Ro
11.7484
likeval ReclasPelacesDesembMPH_pf_preclas_ppelaces_ptallas_desvR_qrecl_qpela
 14.3654 17.395 0.0414042 0.00124497 234.493 134.879 109.214 0 22.959 6.86252e-07 5.15362e-06 0.204031 2067.75 0 0
q_reclas_q_pelaces
1.12429 1.37857
M
1
N
 185818 32721.2 100696 6504.07 0.245939
 88559.8 62050.9 9852.54 30320.3 1958.49
 107184 27377.8 15928 2529.07 8285.7
 146559 33247.8 7077.14 4117.36 2795.61
 126478 40736.3 6848.69 1457.82 1424
 205109 42575.9 12471.4 2096.72 882.264
 82727.4 62716.9 10683.7 3129.48 747.525
 40827.1 20584.8 10274.7 1750.28 635.158
 38252.9 14067.3 6613.13 3300.89 766.351
 50842.4 10851.6 3022.62 1420.95 873.918
 97016.3 13235 1951.79 543.655 412.76
 130993 32770.1 4080.66 601.781 294.884
 111410 34456.7 6022.57 749.954 164.792
 78008.3 30091.8 6689.16 1169.18 177.582
 78235.2 16629.5 3580.02 795.809 160.224
 400164 19357 2692.59 579.666 154.798
 85757.9 104066 3474.49 483.307 131.833
 642492 26569.1 26832.9 895.881 158.611
 350396 193050 6430.12 6493.97 255.203
 282053 100270 42235.1 1406.77 1476.57
 393501 82050.5 22695.7 9559.7 652.628
 527542 119950 20457.6 5658.69 2546.23
 113144 152839 26921.7 4591.53 1841.52
 317112 36674.2 43271.4 7621.98 1821.3
 272923 102376 10297.1 12149.4 2651.4
 127083 89250.8 29519.7 2969.12 4267.76
 271578 42665.7 27174 8987.8 2203.4
 315200 87975.1 12064.1 7683.71 3164.42
 103019 103952 25815.3 3540.08 3183.26
 95930.9 34917.6 32279.4 8016.21 2087.75
 251829 31480.6 10141.1 9374.92 2934.5
 105203 79554.3 8450.73 2722.31 3304.37
 187630 36412.9 25797.9 2740.41 1954.34
pred_Ctot
 10924.4 3816.11 11743.7 758.537 0.0286827
 9065.42 12206 1938.09 5964.28 385.252
 10772.7 5294.95 3080.52 489.129 1602.48
 23168.4 9690.09 2062.64 1200.01 814.781
 6841.63 4386.15 737.41 156.965 153.324
 22221.2 8824.87 2584.99 434.596 182.87
 17467.8 23451.7 3994.94 1170.2 279.521
 1644.81 1667.21 832.171 141.758 51.4427
 5652.69 3862.25 1815.66 906.273 210.405
 9664.41 3712.11 1033.98 486.078 298.95
 5052.93 1374.08 202.637 56.4429 42.8533
 24248.4 10958 1364.53 201.229 98.6061
 19193.9 10828 1892.59 235.673 51.7858
 21667.8 14058.4 3125.07 546.22 82.9633
 16722 6282.08 1352.42 300.631 60.5274
 76253.3 6635.61 923.025 198.711 53.065
 8676.83 20251.1 676.131 94.0509 25.6545
 75655.6 5944.18 6003.2 200.431 35.4853
 50216 51575.1 1717.86 1734.92 68.1796
 38025.3 25360.3 10682.1 355.798 373.452
 43291.6 17249 4771.18 2009.68 137.198
 72239.9 30766.1 5247.2 1451.41 653.087
 8592.31 22740 4005.5 683.144 273.988
 24806.1 5611.23 6620.63 1166.18 278.664
 19347.3 14270.8 1435.38 1693.58 369.597
 7072.68 9875.9 3266.45 328.543 472.241
 20718.3 6375.35 4060.49 1343.01 329.243
 20810.6 11462.1 1571.82 1001.1 412.287
 5156.87 10387.8 2579.68 353.755 318.098
 6608.87 4737.13 4379.21 1087.53 283.236
 22770.9 5518.22 1777.64 1643.33 514.387
 3953.23 6021.53 639.643 206.054 250.111
 16080.6 6070.68 4300.97 456.875 325.823
F
 0.0968108 0.200294 0.200294 0.200294 0.200294
 0.173945 0.359879 0.359879 0.359879 0.359879
 0.170554 0.352863 0.352863 0.352863 0.352863
 0.280306 0.579931 0.579931 0.579931 0.579931
 0.0887824 0.183684 0.183684 0.183684 0.183684
 0.184913 0.38257 0.38257 0.38257 0.38257
 0.390998 0.808944 0.808944 0.808944 0.808944
 0.0654911 0.135496 0.135496 0.135496 0.135496
 0.25991 0.537733 0.537733 0.537733 0.537733
 0.345862 0.715562 0.715562 0.715562 0.715562
 0.0853632 0.17661 0.17661 0.17661 0.17661
 0.335441 0.694001 0.694001 0.694001 0.694001
 0.308961 0.639216 0.639216 0.639216 0.639216
 0.545639 1.12888 1.12888 1.12888 1.12888
 0.396667 0.820672 0.820672 0.820672 0.820672
 0.34685 0.717606 0.717606 0.717606 0.717606
 0.171778 0.355395 0.355395 0.355395 0.355395
 0.202403 0.418757 0.418757 0.418757 0.418757
 0.251193 0.5197 0.5197 0.5197 0.5197
 0.234758 0.485696 0.485696 0.485696 0.485696
 0.188012 0.388982 0.388982 0.388982 0.388982
 0.238839 0.49414 0.49414 0.49414 0.49414
 0.126586 0.261897 0.261897 0.261897 0.261897
 0.130606 0.270214 0.270214 0.270214 0.270214
 0.117738 0.243591 0.243591 0.243591 0.243591
 0.0914438 0.18919 0.18919 0.18919 0.18919
 0.127196 0.263159 0.263159 0.263159 0.263159
 0.109278 0.226088 0.226088 0.226088 0.226088
 0.0819266 0.1695 0.1695 0.1695 0.1695
 0.114258 0.236391 0.236391 0.236391 0.236391
 0.15231 0.315118 0.315118 0.315118 0.315118
 0.0609716 0.126145 0.126145 0.126145 0.126145
 0.143868 0.297652 0.297652 0.297652 0.297652
YTP_r0W_actual
 121248 105933 103524 14309.3 11485.3
YTP_p0W_proyectada
 0 0 0 0 0
 0 0 0 0 0
 0 0 0 0 0
 0 0 0 0 0
 0 0 0 0 0
 0 0 0 0 0
CTP_r0_actual
 16080.6 6070.68 4300.97 456.875 325.823
CTP_p0_proyectada
 0 0 0 0 0
 0 0 0 0 0
 0 0 0 0 0
 0 0 0 0 0
 0 0 0 0 0
 0 0 0 0 0
Wmedp
 7.54 17.45 24.07 31.32 35.25
Frms_r0
 0.143868 0.297652 0.297652 0.297652 0.297652
Zrms_r0
 1.14387 1.29765 1.29765 1.29765 1.29765
nmprior
 7.29 8.9 8.7 0
nm_flota  nm_reclas  nm_pelaces    nm_pelaL
inf 12.9448 23.8516 84.8253
cv_recla  cv_pelaces  cv_mph
0.328239 0.456881 0.943008
 ------------------------------------------------
Talla a la edad & desviaci?n 
 8 13.2811 15.8009 17.003 17.5766
 0.8 1.32811 1.58009 1.7003 1.75766
