years
 1991 1992 1993 1994 1995 1996 1997 1998 1999 2000 2001 2002 2003 2004 2005 2006 2007 2008 2009 2010 2011 2012 2013 2014 2015 2016 2017 2018 2019 2020 2021 2022 2023
reclasobs
 0 0 0 0 0 0 0 0 0 252601 567819 844713 477998 351125 339783 2.1784e+06 2.13404e+06 4.81314e+06 1.55562e+06 2.62356e+06 3.21686e+06 3.843e+06 1.13348e+06 3.07943e+06 1.97215e+06 2.03268e+06 2.025e+06 2.42433e+06 2.27542e+06 1.05018e+06 2.36338e+06 3.18982e+06 1.53035e+06
reclaspred
 2.96291e+06 1.58664e+06 826665 806616 838931 1.60947e+06 788120 694212 483166 309126 502123 706021 710595 509951 502097 1.42919e+06 1.19901e+06 3.43521e+06 2.62092e+06 1.84774e+06 3.15185e+06 2.55708e+06 1.89817e+06 3.04396e+06 2.21962e+06 1.98003e+06 2.41394e+06 2.71652e+06 2.15247e+06 1.42339e+06 1.96857e+06 2.07466e+06 1.54752e+06
pelacesobs
 0 0 0 0 0 0 0 0 0 0 0 0 0 0 0 552880 188675 0 991730 2.46772e+06 1.41603e+06 1.21717e+06 2.29649e+06 1.80582e+06 0 1.4828e+06 1.56532e+06 1.57751e+06 1.42118e+06 867257 1.10002e+06 1.06204e+06 0
pelacespred
 1.62323e+06 939726 462581 366183 434400 861061 352214 443153 265076 151672 278286 326580 369444 264616 267079 642829 577648 1.89459e+06 1.48183e+06 931545 1.63989e+06 1.3432e+06 1.07074e+06 1.86625e+06 1.31443e+06 1.19035e+06 1.62343e+06 1.62917e+06 1.23742e+06 911781 1.01842e+06 1.17871e+06 869518
mphobs
 0 0 0 0 0 0 0 0 0 0 0 0 498337 0 5186 125008 0 168611 109162 213762 579715 649985 157893 87575 83554 210694 70296 0 107559 103333 445601 22526 28222
mphpred
 303745 209832 97869.9 56184.7 56876.4 72605.7 105994 48869.7 45494.8 26441.7 16040.7 41402.7 45294.6 36255.1 20951.2 27106.6 109429 89942.2 238114 156023 159711 194406 187400 143792 213074 174322 141738 155132 236334 153498 95901.3 178151 109968
desembarqueobs
 494567 514787 250237 358949 120608 361735 552515 73892 212993 205616 52469 317467 293654 387597 252695 516296 358380 742168 942051 627588 828172 859565 418607 520667 417249 300574 415391 372974 316634 284311 391294 218835 356480
desembarquepred
 494559 514141 250448 359006 120614 361730 552474 73898 213054 205671 52471.7 317513 293661 387478 252636 516142 358401 741907 941610 627224 828274 859471 418596 520692 417219 300561 415370 372919 316602 284288 391205 218842 356500
Reclutas
 167981 82668.2 90172.8 109412 97702 191378 65762 29674.5 30270.6 40745.3 76922.3 117172 99983.9 69512.5 62436.8 329033 60891.7 557397 287530 234855 315245 436285 81850.9 243229 206574 92686.6 205972 241744 75154.4 69665.5 190518 72558.8 124905
log_desv_Rt
 0.334986 -0.374028 -0.287136 -0.093747 -0.206941 0.465385 -0.602822 -1.39857 -1.37869 -1.08152 -0.446068 -0.0252221 -0.183854 -0.547356 -0.654708 1.00729 -0.679767 1.53442 0.872465 0.670104 0.964488 1.28943 -0.383963 0.705142 0.541797 -0.259639 0.538878 0.699015 -0.469318 -0.545158 0.460882 -0.504466 0.0386904
SSB
 1.41453e+06 977182 455777 261650 264871 338122 493613 227584 211868 123138 74700.8 192811 210935 168839 97569.2 126234 509610 418858 1.10889e+06 726595 743770 905343 872714 669636 992281 811813 660070 722445 1.1006e+06 714834 446609 829645 512117
BT
 2.14613e+06 1.4913e+06 727504 695108 570402 1.27428e+06 868942 552473 505186 362539 360991 628667 675944 696048 559127 1.16217e+06 902233 2.82545e+06 2.52253e+06 1.5893e+06 2.50272e+06 2.28503e+06 1.50891e+06 2.59096e+06 1.81409e+06 1.55412e+06 2.24753e+06 2.17573e+06 1.56971e+06 1.25931e+06 1.48165e+06 1.43959e+06 1.28113e+06
Ftot
 0.304967 0.546698 0.541093 0.923317 0.300649 0.534574 1.16508 0.216806 0.902156 1.34445 0.285746 0.99786 0.902895 1.65298 1.29239 1.04413 0.545529 0.589167 0.713513 0.709676 0.582115 0.731347 0.397977 0.414522 0.371059 0.290492 0.40401 0.335031 0.249891 0.37038 0.493489 0.193662 0.493531
BD_Bspro_t
 0.952377 0.715619 0.482006 0.386479 0.371194 0.48151 0.491591 0.280563 0.336863 0.264019 0.226901 0.506559 0.394491 0.299414 0.192843 0.236513 0.43777 0.379767 0.545936 0.415147 0.377334 0.421679 0.445465 0.418698 0.546748 0.557652 0.561391 0.609276 0.686219 0.594416 0.516482 0.627935 0.612794
BD_Bspro
 1.63396 1.12877 0.526479 0.302239 0.30596 0.390574 0.570184 0.262888 0.244734 0.14224 0.0862888 0.222721 0.243657 0.19503 0.112705 0.145817 0.588663 0.483833 1.28091 0.839308 0.859147 1.04578 1.00809 0.773513 1.14621 0.937746 0.762463 0.834514 1.27133 0.825723 0.515889 0.958344 0.591559
BD_Bo
 2.41202 1.66626 0.777178 0.446159 0.451651 0.576557 0.841694 0.38807 0.361271 0.209972 0.127378 0.328776 0.359681 0.287899 0.166372 0.215251 0.868972 0.714224 1.89085 1.23897 1.26826 1.54376 1.48813 1.14184 1.69201 1.38428 1.12553 1.23189 1.87671 1.21891 0.761545 1.41469 0.873247
BD_Brms
 2.58361 1.7848 0.832468 0.4779 0.483783 0.617574 0.901574 0.415679 0.386973 0.22491 0.13644 0.352166 0.38527 0.308381 0.178208 0.230565 0.930793 0.765036 2.02537 1.32711 1.35848 1.65359 1.594 1.22308 1.81238 1.48276 1.2056 1.31953 2.01022 1.30563 0.815723 1.51533 0.935373
Sel_flota
 0.458624 1 1 1 1
 0.458624 1 1 1 1
 0.458624 1 1 1 1
 0.458624 1 1 1 1
 0.458624 1 1 1 1
 0.458624 1 1 1 1
 0.458624 1 1 1 1
 0.458624 1 1 1 1
 0.458624 1 1 1 1
 0.458624 1 1 1 1
 0.458624 1 1 1 1
 0.458624 1 1 1 1
 0.458624 1 1 1 1
 0.458624 1 1 1 1
 0.458624 1 1 1 1
 0.458624 1 1 1 1
 0.458624 1 1 1 1
 0.458624 1 1 1 1
 0.458624 1 1 1 1
 0.458624 1 1 1 1
 0.458624 1 1 1 1
 0.458624 1 1 1 1
 0.458624 1 1 1 1
 0.458624 1 1 1 1
 0.458624 1 1 1 1
 0.458624 1 1 1 1
 0.458624 1 1 1 1
 0.458624 1 1 1 1
 0.458624 1 1 1 1
 0.458624 1 1 1 1
 0.458624 1 1 1 1
 0.458624 1 1 1 1
 0.458624 1 1 1 1
Sel_reclas
 1 1 1 1 1
 1 1 1 1 1
 1 1 1 1 1
 1 1 1 1 1
 1 1 1 1 1
 1 1 1 1 1
 1 1 1 1 1
 1 1 1 1 1
 1 1 1 1 1
 1 1 1 1 1
 1 1 1 1 1
 1 1 1 1 1
 1 1 1 1 1
 1 1 1 1 1
 1 1 1 1 1
 1 1 1 1 1
 1 1 1 1 1
 1 1 1 1 1
 1 1 1 1 1
 1 1 1 1 1
 1 1 1 1 1
 1 1 1 1 1
 1 1 1 1 1
 1 1 1 1 1
 1 1 1 1 1
 1 1 1 1 1
 1 1 1 1 1
 1 1 1 1 1
 1 1 1 1 1
 1 1 1 1 1
 1 1 1 1 1
 1 1 1 1 1
 1 1 1 1 1
Sel_pelaces
 0.886989 1 1 1 1
 0.886989 1 1 1 1
 0.886989 1 1 1 1
 0.886989 1 1 1 1
 0.886989 1 1 1 1
 0.886989 1 1 1 1
 0.886989 1 1 1 1
 0.886989 1 1 1 1
 0.886989 1 1 1 1
 0.886989 1 1 1 1
 0.886989 1 1 1 1
 0.886989 1 1 1 1
 0.886989 1 1 1 1
 0.886989 1 1 1 1
 0.886989 1 1 1 1
 0.886989 1 1 1 1
 0.886989 1 1 1 1
 0.886989 1 1 1 1
 0.886989 1 1 1 1
 0.886989 1 1 1 1
 0.886989 1 1 1 1
 0.886989 1 1 1 1
 0.886989 1 1 1 1
 0.886989 1 1 1 1
 0.886989 1 1 1 1
 0.886989 1 1 1 1
 0.886989 1 1 1 1
 0.886989 1 1 1 1
 0.886989 1 1 1 1
 0.886989 1 1 1 1
 0.886989 1 1 1 1
 0.886989 1 1 1 1
 0.886989 1 1 1 1
pf_obs 
 0.8446 0.082 0.0669 0.0065 0
 0.8095 0.147 0.0364 0.0071 0
 0.9664 0.0169 0.016 0.0007 0
 0.9276 0.0648 0.0075 0.0001 0
 0.7033 0.2144 0.0806 0.0017 0
 0.9318 0.0425 0.0243 0.0014 0
 0.5671 0.3108 0.0964 0.0239 0.0018
 0.0768 0.2599 0.5324 0.112 0.0189
 0.490249 0.384438 0.106611 0.0170017 0.00170017
 0.7925 0.1577 0.0466 0.003 0.0002
 0.840416 0.127587 0.0312969 0.00059994 9.999e-05
 0.8084 0.0986 0.0794 0.0134 0.0002
 0.7335 0.1905 0.0724 0.0035 0.0001
 0.4001 0.4547 0.1325 0.0127 0
 0.49795 0.308269 0.164784 0.0264974 0.00249975
 0.9179 0.0499 0.0305 0.0017 0
 0.2467 0.6533 0.0926 0.0074 0
 0.9418 0.0223 0.034 0.0019 0
 0.707729 0.231977 0.0356964 0.0245975 0
 0.517169 0.277429 0.184464 0.0207286 0.00020938
 0.811772 0.124168 0.05621 0.00726502 0.000585176
 0.764997 0.148141 0.077277 0.00933861 0.000247198
 0.163321 0.427699 0.378323 0.0303852 0.000271297
 0.753843 0.0900009 0.118128 0.0371064 0.000921714
 0.721811 0.176058 0.0630433 0.0369309 0.00215725
 0.143369 0.312575 0.442814 0.0836902 0.0175525
 0.692698 0.0596174 0.167031 0.0765114 0.00414204
 0.394062 0.376323 0.152708 0.0712218 0.00568511
 0.125707 0.32114 0.495352 0.0537591 0.00404204
 0.23352 0.215282 0.420074 0.123614 0.00750983
 0.796117 0.104755 0.0508955 0.0450114 0.00322123
 0.162477 0.292055 0.404252 0.121198 0.0200186
 0 0 0 0 0
pf_pred 
 0.463848 0.161036 0.347662 0.0274541 1.09535e-06
 0.34836 0.440248 0.0634924 0.137075 0.0108249
 0.532911 0.272263 0.131624 0.0189828 0.0442186
 0.635461 0.272869 0.0534335 0.0258321 0.0124037
 0.603624 0.332611 0.0477302 0.00934657 0.00668819
 0.711237 0.226805 0.0519908 0.00746077 0.00250641
 0.371894 0.543359 0.0665633 0.0152584 0.00292519
 0.399144 0.396494 0.176789 0.0216572 0.00591625
 0.505606 0.30075 0.127782 0.0569755 0.00888638
 0.710516 0.217766 0.0436278 0.0185365 0.00955413
 0.806107 0.173738 0.0151618 0.00303756 0.00195579
 0.70528 0.267791 0.02413 0.00210578 0.000693513
 0.639207 0.317645 0.0392056 0.00353273 0.000409828
 0.596853 0.338764 0.0566837 0.00699624 0.000703549
 0.722607 0.237071 0.0338822 0.00566934 0.000770112
 0.929116 0.0637705 0.00607922 0.000868842 0.000165127
 0.289574 0.693522 0.0152075 0.00144973 0.000246573
 0.895244 0.0540288 0.0495201 0.00108587 0.000121122
 0.482903 0.495255 0.0112654 0.0103253 0.000251667
 0.540929 0.33117 0.122498 0.00278643 0.00261615
 0.666935 0.254927 0.0563681 0.0208503 0.000919567
 0.687577 0.262829 0.0379588 0.00839325 0.00324155
 0.23448 0.65832 0.0901831 0.0130246 0.00399219
 0.677316 0.139424 0.157597 0.0215892 0.00407371
 0.538026 0.387975 0.0319733 0.036141 0.00588515
 0.343685 0.48657 0.142556 0.0117481 0.0154419
 0.657558 0.19055 0.112607 0.0329918 0.00629262
 0.610226 0.32233 0.0375289 0.0221781 0.0077371
 0.274317 0.574715 0.124845 0.0145357 0.0115867
 0.39838 0.283887 0.251633 0.054662 0.0114374
 0.735372 0.163987 0.0474895 0.0420939 0.0110573
 0.352719 0.56768 0.0493279 0.014285 0.0159881
 0.592414 0.227589 0.157862 0.0137172 0.00841839
pobs_RECLAS
 0 0 0 0 0
 0 0 0 0 0
 0 0 0 0 0
 0 0 0 0 0
 0 0 0 0 0
 0 0 0 0 0
 0 0 0 0 0
 0 0 0 0 0
 0 0 0 0 0
 0 0 0 0 0
 0.991045 0.00858322 0.000360255 1.14367e-05 0
 0.934742 0.0480273 0.0164251 0.00080598 0
 0.827803 0.169806 0.00239088 0 0
 0.941827 0.0461693 0.0120037 0 0
 0.791401 0.0380133 0.147996 0.0225897 0
 0.846168 0.0940531 0.0597789 0 0
 0.134021 0.677848 0.182769 0.00536245 0
 0.80878 0.0450904 0.141981 0.00414843 0
 0.846168 0.0940531 0.0597789 0 0
 0.905697 0.0802665 0.012482 0.00150086 5.37128e-05
 0.989698 0.0102097 9.19794e-05 0 0
 0.975433 0.0193895 0.00387452 0.00125025 5.28907e-05
 0.303575 0.632131 0.0575291 0.00676475 0
 0.966965 0.00978017 0.0227588 0.000495775 0
 0.843318 0.132988 0.00938335 0.0141283 0.000182051
 0.564624 0.303363 0.111486 0.0197234 0.00080311
 0.826376 0.0876187 0.0782897 0.00655872 0.00115652
 0.89761 0.0855135 0.0140674 0.00269457 0.000114338
 0.34875 0.467042 0.161289 0.0227151 0.000203297
 0.318654 0.224769 0.449479 0.00709798 0
 0.937255 0.0296025 0.0250945 0.00804832 0
 0.456809 0.399803 0.12412 0.0192676 0
 0.883104 0.0372192 0.0704036 0.00927362 0
ppred_RECLAS
 0.657252 0.102946 0.222251 0.0175507 7.0023e-07
 0.546535 0.306361 0.0441832 0.0953878 0.00753287
 0.719975 0.163225 0.07891 0.0113804 0.0265095
 0.802475 0.147854 0.0289528 0.0139971 0.00672091
 0.771404 0.191822 0.0275268 0.00539032 0.00385719
 0.847277 0.119955 0.0274973 0.00394591 0.00132561
 0.585986 0.358154 0.043875 0.0100575 0.00192813
 0.594252 0.267746 0.119382 0.0146247 0.00399514
 0.704011 0.180056 0.076502 0.0341107 0.00532019
 0.856947 0.107612 0.0215593 0.00916009 0.00472132
 0.902 0.0878132 0.00766331 0.00153529 0.000988526
 0.848924 0.137272 0.0123693 0.00107944 0.000355501
 0.804717 0.171928 0.0212204 0.00191212 0.000221823
 0.789851 0.176587 0.0295475 0.00364693 0.000366739
 0.863363 0.116776 0.0166896 0.00279259 0.000379339
 0.968678 0.0281789 0.00268628 0.000383923 7.29663e-05
 0.47886 0.50874 0.0111556 0.00106346 0.000180876
 0.950815 0.0253674 0.0232505 0.000509834 5.68687e-05
 0.680971 0.305553 0.00695033 0.00637031 0.000155269
 0.729167 0.195377 0.0722689 0.00164388 0.00154342
 0.819071 0.138482 0.0306204 0.0113264 0.00049953
 0.834385 0.139325 0.020122 0.00444926 0.00171834
 0.405857 0.510942 0.0699938 0.0101088 0.00309846
 0.824144 0.0759831 0.0858875 0.0117657 0.00222009
 0.721645 0.233768 0.019265 0.0217761 0.003546
 0.53696 0.343282 0.100575 0.00828846 0.0108945
 0.810754 0.105305 0.0622311 0.0182325 0.00347754
 0.776628 0.184721 0.0215071 0.0127098 0.00443398
 0.455053 0.431579 0.0937515 0.0109155 0.008701
 0.595795 0.190733 0.169063 0.0367253 0.00768437
 0.861875 0.0855947 0.0247876 0.0219713 0.00577146
 0.545419 0.398678 0.0346427 0.0100323 0.0112283
 0.765461 0.130963 0.090839 0.00789336 0.00484423
pobs_PELACES
 0 0 0 0 0
 0 0 0 0 0
 0 0 0 0 0
 0 0 0 0 0
 0 0 0 0 0
 0 0 0 0 0
 0 0 0 0 0
 0 0 0 0 0
 0 0 0 0 0
 0 0 0 0 0
 0 0 0 0 0
 0 0 0 0 0
 0 0 0 0 0
 0 0 0 0 0
 0 0 0 0 0
 0 0 0 0 0
 0.505614 0.472636 0.0217494 0 0
 0 0 0 0 0
 0.443492 0.261883 0.143347 0.151278 0
 0.227955 0.32914 0.350689 0.0885471 0.00366901
 0.970185 0.0296113 0.000203453 0 0
 0.997202 0.00247181 0.000326279 0 0
 0.445219 0.490057 0.0546422 0.010081 0
 0.90214 0.0892962 0.00764917 0.000914606 0
 0 0 0 0 0
 0.581667 0.319106 0.0959925 0.00289975 0.000334073
 0.762889 0.0836404 0.116647 0.0363945 0.000428098
 0.88444 0.0763242 0.0277011 0.0115352 0
 0.521256 0.241999 0.230069 0.00667565 0
 0.616807 0.101726 0.260614 0.0208532 0
 0.833518 0.0704572 0.0857862 0.0102388 0
 0.697417 0.212968 0.0787535 0.0105354 0.000325836
 0 0 0 0 0
ppred_PELACES
 0.642363 0.107418 0.231906 0.0183131 7.30649e-07
 0.541015 0.310091 0.0447211 0.0965491 0.00762458
 0.715263 0.165972 0.080238 0.0115719 0.0269556
 0.809516 0.142584 0.0279208 0.0134981 0.00648135
 0.759519 0.201795 0.0289579 0.00567057 0.00405773
 0.84409 0.122458 0.0280711 0.00402824 0.00135327
 0.607214 0.339789 0.0416253 0.00954181 0.00182927
 0.574536 0.280756 0.125183 0.0153354 0.00418927
 0.712533 0.174872 0.0742992 0.0331285 0.005167
 0.871067 0.0969902 0.0194313 0.00825592 0.00425529
 0.895741 0.0934216 0.00815274 0.00163334 0.00105166
 0.856256 0.13061 0.011769 0.00102706 0.000338248
 0.811139 0.166275 0.0205227 0.00184925 0.000214529
 0.817488 0.153365 0.0256618 0.00316733 0.00031851
 0.875934 0.106032 0.0151541 0.00253566 0.000344439
 0.970637 0.0264162 0.00251825 0.000359908 6.8402e-05
 0.473258 0.514209 0.0112755 0.00107489 0.000182821
 0.950125 0.0257235 0.0235768 0.000516991 5.7667e-05
 0.682609 0.303985 0.00691465 0.00633761 0.000154472
 0.73052 0.1944 0.0719078 0.00163567 0.00153571
 0.816699 0.140298 0.0310219 0.0114749 0.000506079
 0.835863 0.138082 0.0199424 0.00440955 0.00170301
 0.39414 0.521018 0.0713741 0.0103081 0.00315956
 0.817397 0.0788982 0.0891825 0.0122171 0.00230526
 0.710745 0.242922 0.0200194 0.0226289 0.00368486
 0.520011 0.355847 0.104257 0.00859186 0.0112933
 0.803319 0.109442 0.0646758 0.0189488 0.00361415
 0.766035 0.193481 0.022527 0.0133126 0.00464426
 0.436457 0.446307 0.0969507 0.011288 0.00899792
 0.582786 0.196871 0.174504 0.0379072 0.00793168
 0.85805 0.0879647 0.0254739 0.0225797 0.00593127
 0.524194 0.417292 0.0362602 0.0105007 0.0117526
 0.759712 0.134172 0.0930654 0.00808682 0.00496296
pobs_pel_tallas
 0 0 0 0 0 0 0 0 0 0 0 0 0 0 0 0 0 0 0 0 0 0 0 0 0 0
 0 0 0 0 0 0 0 0 0 0 0 0 0 0 0 0 0 0 0 0 0 0 0 0 0 0
 0 0 0 0 0 0 0 0 0 0 0 0 0 0 0 0 0 0 0 0 0 0 0 0 0 0
 0 0 0 0 0 0 0 0 0 0 0 0 0 0 0 0 0 0 0 0 0 0 0 0 0 0
 0 0 0 0 0 0 0 0 0 0 0 0 0 0 0 0 0 0 0 0 0 0 0 0 0 0
 0 0 0 0 0 0 0 0 0 0 0 0 0 0 0 0 0 0 0 0 0 0 0 0 0 0
 0 0 0 0 0 0 0 0 0 0 0 0 0 0 0 0 0 0 0 0 0 0 0 0 0 0
 0 0 0 0 0 0 0 0 0 0 0 0 0 0 0 0 0 0 0 0 0 0 0 0 0 0
 0 0 0 0 0 0 0 0 0 0 0 0 0 0 0 0 0 0 0 0 0 0 0 0 0 0
 0 0 0 0 0 0 0 0 0 0 0 0 0 0 0 0 0 0 0 0 0 0 0 0 0 0
 0 0 0 0 0 0 0 0 0 0 0 0 0 0 0 0 0 0 0 0 0 0 0 0 0 0
 0 0 0 0 0 0 0 0 0 0 0 0 0 0 0 0 0 0 0 0 0 0 0 0 0 0
 0.00862536 0 0 0.000197151 0.00414017 0.0128641 0.00837892 0.0270097 0.101434 0.158115 0.152841 0.127902 0.109271 0.109419 0.0830992 0.0579132 0.0238553 0.00714673 0.00463305 0.00128148 0.00103504 0.000492878 0.000147863 0.000147863 4.92878e-05 0
 0 0 0 0 0 0 0 0 0 0 0 0 0 0 0 0 0 0 0 0 0 0 0 0 0 0
 0 0 0 0 0 0 0 0.0054083 0.00873648 0.0413646 0.0450493 0.0745869 0.0622846 0.0627006 0.0613931 0.0827291 0.12552 0.122667 0.0946155 0.0697135 0.0546179 0.0294188 0.0215738 0.0213955 0.0102223 0.00600262
 0 0 0 0 0.00359764 0.0251062 0.0480494 0.140153 0.205849 0.193036 0.1447 0.116669 0.0760912 0.0342217 0.00950174 0.001854 0.000860785 0 0 0 0.000165536 0 0.000143464 0 0 0
 0 0 0 0 0 0 0 0.000145254 0.000435761 0.0275982 0.070085 0.0708112 0.156366 0.174668 0.174014 0.160142 0.0824315 0.0480064 0.0283245 0.00493863 0.00203355 0 0 0 0 0
 0 0 0 0 0 0 0 0 0 0 0 0 0 0 0 0 0 0 0 0 0 0 0 0 0 0
 0 0 1.00437e-05 0.000401748 0.00122533 0.00171747 0.00176769 0.0269171 0.070346 0.194647 0.189555 0.159765 0.064822 0.0314167 0.0384472 0.0292271 0.0345202 0.0313363 0.0194345 0.0106764 0.0143323 0.0359363 0.0279516 0.0138201 0.00172751 0
 0 0.0021121 0.0136068 0.0755702 0.200478 0.177729 0.0527432 0.0373336 0.0318909 0.0142505 0.0149659 0.0166563 0.0217959 0.0798694 0.0677717 0.0528807 0.04013 0.0224614 0.0357745 0.0225083 0.00881397 0.00855152 0.00135912 0.000746735 0 0
 0 0 0 0 5.4009e-05 0.00500934 0.000945158 0.0243581 0.138947 0.33067 0.221406 0.137944 0.0707744 0.0437923 0.0131692 0.00525238 0.0047753 0.00276346 9.45158e-05 9.00151e-06 2.25038e-05 9.00151e-06 4.50075e-06 0 0 0
 0.000866109 0.00284123 0.00948549 0.0512746 0.133035 0.25785 0.225252 0.132002 0.0553304 0.0519788 0.0540692 0.017754 0.00435017 0.00159236 0.00146478 0.000404838 0.000125132 0.000115318 0.000107957 0.000100596 0 0 0 0 0 0
 0 0 0 0 0.00144013 0.00171154 0.00461396 0.0210425 0.0478622 0.0707936 0.0888783 0.103762 0.0637923 0.0337046 0.0602308 0.124433 0.169614 0.0934646 0.0462172 0.0250306 0.0313229 0.00938855 0.002487 0.000210481 0 0
 0 0.00764035 0.051015 0.0998891 0.058973 0.0496711 0.0374665 0.0718981 0.12319 0.153886 0.159021 0.0857701 0.0377988 0.023471 0.0147837 0.00900784 0.00315554 0.000888139 0.00291439 0.00214683 0.00393193 0.00274676 0.000635225 9.99891e-05 0 0
 0 0 0 0 0 0 0 0 0 0 0 0 0 0 0 0 0 0 0 0 0 0 0 0 0 0
 0 0 0 0 0 0 0 0 0 0 0 0 0 0 0 0 0 0 0 0 0 0 0 0 0 0
 0 0 0 0 0 0 0 0 0 0 0 0 0 0 0 0 0 0 0 0 0 0 0 0 0 0
 0 0 0 0 0 0 0 0 0 0 0 0 0 0 0 0 0 0 0 0 0 0 0 0 0 0
 0 0 0 0 0 0 0 0 0 0 0 0 0 0 0 0 0 0 0 0 0 0 0 0 0 0
 0 0 0 0 0 0 0 0 0 0 0 0 0 0 0 0 0 0 0 0 0 0 0 0 0 0
 0 0 0 0 0 0 0 0 0 0 0 0 0 0 0 0 0 0 0 0 0 0 0 0 0 0
 0 0 0 0 0 0 0 0 0 0 0 0 0 0 0 0 0 0 0 0 0 0 0 0 0 0
 0 0 0 0 0 0 0 0 0 0 0 0 0 0 0 0 0 0 0 0 0 0 0 0 0 0
ppred_pel_tallas
 1.08557e-16 5.29106e-05 0.00051431 0.00341777 0.0155367 0.0483405 0.102995 0.150326 0.150337 0.103047 0.0485174 0.0160521 0.00472781 0.003428 0.00574407 0.00982239 0.0150972 0.0209651 0.0267745 0.0321102 0.0368288 0.0407486 0.0433284 0.0437382 0.0413432 0.0362064
 1.12343e-16 4.45627e-05 0.000433166 0.00287854 0.0130854 0.0407138 0.0867462 0.126615 0.126645 0.0868924 0.0412049 0.0145043 0.00644226 0.00822024 0.0148571 0.0245582 0.0355446 0.0450985 0.0505222 0.0506817 0.0467218 0.0412781 0.0367993 0.0342773 0.0331459 0.0320896
 1.08081e-16 5.89153e-05 0.000572678 0.00380565 0.0172999 0.0538266 0.114684 0.167388 0.167404 0.114762 0.054091 0.0180649 0.00573065 0.00479056 0.00811552 0.0134449 0.0196492 0.0253186 0.0290537 0.0302184 0.0292846 0.0274188 0.0256617 0.0243658 0.0232342 0.0217562
 1.03293e-16 6.66788e-05 0.000648142 0.00430713 0.0195796 0.0609195 0.129796 0.189444 0.189458 0.129863 0.0611453 0.020232 0.00594568 0.00422797 0.00687402 0.0112818 0.0163014 0.020622 0.0229587 0.0227316 0.0204069 0.0171626 0.0141549 0.0119582 0.0105064 0.00940922
 1.02143e-16 6.25606e-05 0.000608111 0.00404111 0.0183703 0.057157 0.12178 0.177745 0.177765 0.121875 0.0574761 0.0192921 0.00635483 0.0056591 0.00965566 0.0158647 0.0228499 0.0287389 0.0316663 0.0307707 0.0267018 0.0211697 0.015915 0.011902 0.00919928 0.00738036
 1.01475e-16 6.95266e-05 0.000675823 0.00449108 0.0204158 0.0635213 0.135339 0.197534 0.197546 0.135397 0.0637153 0.0209763 0.00589888 0.00375166 0.00591875 0.00969468 0.0140047 0.0177059 0.019679 0.0194008 0.0172389 0.0141764 0.0111987 0.00882985 0.00708656 0.0057341
 1.02555e-16 5.00155e-05 0.000486169 0.00323076 0.0146866 0.0456956 0.0973606 0.142107 0.14214 0.0975206 0.0462327 0.0162378 0.00712386 0.00898305 0.0161819 0.0266587 0.0383647 0.0481735 0.052928 0.0511665 0.0439869 0.0342956 0.0250709 0.0179935 0.0132301 0.0100942
 1.05932e-16 4.73238e-05 0.000460005 0.00305689 0.0138962 0.0432364 0.0921207 0.134459 0.134486 0.0922537 0.0436832 0.0151883 0.0063068 0.00757594 0.0136242 0.0226114 0.0329463 0.0422173 0.0479674 0.0490171 0.0460792 0.0411038 0.0359334 0.0313766 0.0272587 0.0230947
 1.06386e-16 5.86905e-05 0.000570492 0.00379112 0.0172339 0.0536212 0.114246 0.166749 0.166766 0.114329 0.0538995 0.018039 0.00581639 0.00500611 0.00852553 0.0141146 0.0205946 0.0264674 0.0302435 0.0312437 0.0299656 0.0276485 0.0254041 0.0236195 0.0220014 0.0200446
 1.02134e-16 7.17487e-05 0.000697423 0.00463462 0.0210683 0.0655514 0.139665 0.203846 0.203856 0.13971 0.065705 0.0215121 0.00574928 0.0031327 0.00470269 0.00767673 0.0110897 0.0140282 0.0156152 0.015454 0.0138586 0.011628 0.00954809 0.0080125 0.00698313 0.00620357
 1.00602e-16 7.3781e-05 0.000717178 0.0047659 0.0216651 0.0674082 0.143621 0.20962 0.209629 0.143664 0.0675557 0.0220912 0.00583503 0.00304976 0.00449982 0.00731195 0.0105016 0.0131544 0.0143932 0.0138146 0.0117281 0.00895029 0.00632418 0.00433487 0.00304081 0.00224987
 1.00534e-16 7.05287e-05 0.000685564 0.00455581 0.0207101 0.0644368 0.13729 0.200381 0.200394 0.137351 0.0646431 0.0213058 0.00605049 0.00394651 0.00625788 0.0102186 0.014677 0.0183789 0.020096 0.0192593 0.0162958 0.0123429 0.00858027 0.00569423 0.00378233 0.0025959
 1.00857e-16 6.68125e-05 0.000649441 0.00431576 0.0196188 0.0610416 0.130056 0.189824 0.18984 0.130134 0.0613044 0.0203778 0.0062206 0.00480661 0.00795871 0.0130426 0.01876 0.023543 0.025838 0.024922 0.0213256 0.0164689 0.0118155 0.00820449 0.00574284 0.00412167
 1.01152e-16 6.73354e-05 0.000654524 0.00434954 0.0197724 0.0615194 0.131074 0.19131 0.191324 0.131146 0.061762 0.0204733 0.00610902 0.00449622 0.00736553 0.0120754 0.0174001 0.0219029 0.0241636 0.0235191 0.0204456 0.0162193 0.0121422 0.00894037 0.0066829 0.005085
 1.00778e-16 7.21495e-05 0.000701319 0.00466051 0.021186 0.0659176 0.140445 0.204985 0.204996 0.140495 0.0660853 0.0216703 0.00587608 0.00335484 0.00511141 0.00833518 0.0119978 0.0150816 0.0166 0.0160954 0.013904 0.0109213 0.00806373 0.00584611 0.00431961 0.00327909
 1.00128e-16 7.99501e-05 0.000777144 0.00516439 0.0234766 0.0730444 0.155629 0.227145 0.227148 0.155641 0.0730861 0.0235971 0.00546676 0.00143686 0.00133184 0.00207252 0.00297125 0.00372231 0.00407377 0.00391073 0.00331942 0.00252924 0.00177744 0.00120122 0.000818777 0.000578949
 1.00596e-16 3.89817e-05 0.000378916 0.00251803 0.0114466 0.035615 0.0758834 0.110764 0.110814 0.076125 0.036426 0.0137878 0.00838972 0.0131804 0.0243027 0.0399879 0.0573002 0.0714238 0.0774785 0.0732142 0.0603856 0.0436454 0.0278766 0.0160063 0.00854051 0.00447019
 1.00749e-16 7.82605e-05 0.00076072 0.00505525 0.0229805 0.0715007 0.15234 0.222345 0.222348 0.152352 0.071542 0.0231002 0.00535723 0.00142475 0.00135342 0.00215002 0.00317385 0.00416523 0.00491012 0.00529852 0.00536499 0.00522664 0.00497464 0.00461823 0.00411832 0.00346137
 1.0094e-16 5.62256e-05 0.000546533 0.00363191 0.0165101 0.0513693 0.109449 0.15975 0.159779 0.109592 0.0518488 0.0178944 0.00710369 0.00811624 0.0144054 0.0236552 0.0339053 0.04229 0.0459336 0.0435177 0.0360888 0.0263965 0.0173113 0.0105305 0.00630941 0.00400941
 1.02549e-16 6.0172e-05 0.000584894 0.00388682 0.017669 0.0549748 0.11713 0.170959 0.170978 0.117222 0.0552836 0.0185617 0.00613095 0.00549423 0.00941413 0.0155464 0.0225693 0.0287512 0.0323485 0.0325212 0.0297795 0.0255446 0.0212131 0.0174848 0.0143543 0.0115378
 1.02168e-16 6.72705e-05 0.000653893 0.00434535 0.0197533 0.06146 0.130948 0.191125 0.191138 0.131014 0.0616823 0.0203956 0.00595841 0.00417845 0.00677058 0.0111118 0.0160597 0.0203208 0.0226227 0.022378 0.0200194 0.0166772 0.0134708 0.0109724 0.00915912 0.00771876
 1.01342e-16 6.8849e-05 0.000669236 0.00444731 0.0202168 0.0629022 0.13402 0.195609 0.195623 0.134085 0.0631205 0.0208476 0.00603055 0.00412556 0.00663334 0.010858 0.0156364 0.0196662 0.0216688 0.0210535 0.0182625 0.0144636 0.0108458 0.00806823 0.00618068 0.00489707
 1.03762e-16 3.24649e-05 0.000315571 0.00209708 0.00953305 0.0296611 0.063198 0.0922499 0.0923001 0.0634434 0.0304849 0.0119123 0.00806889 0.0133509 0.024785 0.0409128 0.0589068 0.0740168 0.0814084 0.0788325 0.0679488 0.0531758 0.039042 0.0281028 0.0206244 0.0155962
 1.0421e-16 6.73279e-05 0.000654451 0.00434906 0.0197702 0.0615125 0.131059 0.191286 0.191294 0.131097 0.0616398 0.0201396 0.00528239 0.00271175 0.00403264 0.00671188 0.0100157 0.0133325 0.0160642 0.0179027 0.0189369 0.0194459 0.0195708 0.019176 0.0180034 0.0159441
 1.03533e-16 5.85432e-05 0.00056906 0.00378161 0.0171907 0.0534866 0.11396 0.166333 0.166356 0.114074 0.0538704 0.018299 0.00656299 0.0066386 0.0115795 0.0190353 0.0273828 0.0343745 0.0377712 0.0365657 0.0315979 0.0249999 0.0189248 0.0145366 0.0118456 0.0102062
 1.05873e-16 4.28327e-05 0.000416349 0.00276679 0.0125774 0.0391332 0.0833788 0.121701 0.121735 0.0835468 0.0396977 0.0142088 0.00686586 0.00937791 0.0171012 0.0283048 0.0410041 0.0520503 0.0582399 0.0580649 0.0525536 0.0444616 0.0365109 0.0300858 0.0251511 0.0210228
 1.04407e-16 6.61684e-05 0.00064318 0.00427416 0.0194297 0.0604531 0.128802 0.187993 0.188003 0.128854 0.0606279 0.0199356 0.00554798 0.00343728 0.00541197 0.00894553 0.0131223 0.017012 0.0197048 0.0207738 0.0204858 0.0195255 0.0184732 0.0174737 0.0163065 0.0146974
 1.02821e-16 6.30973e-05 0.000613328 0.00407578 0.0185279 0.0576474 0.122825 0.17927 0.179289 0.122916 0.0579532 0.0194113 0.00629308 0.00545324 0.00925374 0.0151958 0.0218796 0.0275093 0.0303041 0.0294564 0.025616 0.0204508 0.0156444 0.0121059 0.00985084 0.00839612
 1.05567e-16 3.59504e-05 0.000349451 0.00232223 0.0105565 0.0328455 0.0699825 0.102151 0.102194 0.070193 0.0335524 0.0125988 0.00745104 0.0115539 0.021339 0.0352828 0.050966 0.0643877 0.0714739 0.0703201 0.0622834 0.0509805 0.0400475 0.0314312 0.0252062 0.0204964
 1.1023e-16 4.80034e-05 0.00046661 0.00310079 0.0140957 0.0438572 0.0934431 0.136387 0.136406 0.0935371 0.0441735 0.0150124 0.00541338 0.00555353 0.0098222 0.0164585 0.0243982 0.0321363 0.038135 0.0416426 0.0430118 0.0431848 0.0428118 0.0417877 0.0395247 0.035592
 1.04026e-16 7.06765e-05 0.000687001 0.00456536 0.0207535 0.0645718 0.137577 0.2008 0.200808 0.137619 0.0647115 0.0211573 0.00558061 0.00290832 0.00430451 0.00704525 0.0102414 0.0130962 0.0148571 0.0152016 0.0144259 0.0132199 0.0122059 0.0116054 0.0112362 0.0107498
 1.04196e-16 4.31773e-05 0.000419699 0.00278905 0.0126786 0.0394481 0.0840499 0.122682 0.122722 0.0842462 0.0401073 0.014582 0.00756524 0.0108407 0.0198189 0.0326554 0.0469429 0.058838 0.0644567 0.0620217 0.052938 0.0408671 0.0295673 0.021167 0.0158579 0.0126955
 1.04371e-16 6.25765e-05 0.000608266 0.00404214 0.018375 0.0571715 0.12181 0.177789 0.177802 0.121874 0.0573861 0.0189963 0.00560734 0.0040436 0.00664105 0.011021 0.0161983 0.0210527 0.0244626 0.0258752 0.0255614 0.0242916 0.0227247 0.0210397 0.0190407 0.0165229
pSPR Fmed_Fpbrs
1   0.983582 0.6 0.325 0.983582 0.983582 0.983582
Fs Fmed_Fpbrs
0   0.01 0.352893 0.916367 0.01 0.01 0.01
SSBpbr Bo_Bmed_Bpbrs
586451  557129  547501 322548 161274 547501 547501 547501
Ro
120165
SPR SPRFo_SPRFmed_SPRFpbrs
865707 865707 851494
Fref
0
Nvult_r0
 88262.5 18939.1 13136.7 1141.5 700.549
CTP_r0
 16290.5 6258.36 4340.96 377.203 231.494
YTP_r0
356500
Np
 124905 45950 16904.1 6218.65 3129.32
Nvult_p0
 78955 29045.9 10685.4 3930.94 1978.11
CTP_p0
 0 0 0 0 0
 0 0 0 0 0
 0 0 0 0 0
 0 0 0 0 0
 0 0 0 0 0
 0 0 0 0 0
YTP_p0
 0 0 0 0 0 0
CBA_c0
0
log_Ro
11.5166
likeval ReclasPelacesDesembMPH_pf_preclas_ppelaces_ptallas_desvR_qrecl_qpela
 13.1154 17.1597 0.017792 0.00125998 235.237 134.37 111.045 0 24.1097 1.2307e-05 3.2051e-05 0.0668824 2066.75 0 0
q_reclas_q_pelaces
1.64234 2.22696
M
1
N
 167981 28575 61691 4871.61 0.194366
 82668.2 53730.7 7749.02 16729.5 1321.14
 90172.8 23667.6 11441.9 1650.15 3843.88
 109412 25882.6 5068.34 2450.26 1176.53
 97702 26355.1 3782 740.594 529.952
 191378 31313.1 7177.93 1030.05 346.039
 65762 55096.2 6749.46 1547.19 296.612
 29674.5 14178.3 6321.8 774.441 211.559
 30270.6 9883.4 4199.24 1872.36 292.028
 40745.3 7362.7 1475.06 626.722 323.027
 76922.3 8090.91 706.08 141.458 91.0805
 117172 24822.4 2236.69 195.192 64.2839
 99983.9 27275.7 3366.54 303.351 35.1914
 69512.5 24310.8 4067.8 502.073 50.4889
 62436.8 11982.1 1712.47 286.54 38.923
 329033 12697.9 1210.48 173.002 32.8798
 60891.7 74985.3 1644.27 156.748 26.6601
 557397 17442.4 15986.8 350.557 39.1024
 287530 156503 3559.92 3262.84 79.5279
 234855 76255.8 28206.7 641.609 602.399
 315245 62395.5 13796.6 5103.28 225.072
 436285 88799.3 12824.8 2835.74 1095.19
 81850.9 114764 15721.6 2270.57 695.955
 243229 25087.7 28357.9 3884.74 733.018
 206574 73987.4 6097.36 6892.15 1122.31
 92686.6 64102.5 18780.8 1547.74 2034.37
 205972 29844.4 17636.9 5167.27 985.567
 241744 62957 7330.08 4331.79 1511.2
 75154.4 76265.8 16567.1 1928.91 1537.58
 69665.5 24654 21852.9 4747.08 993.276
 190518 21624.8 6262.37 5550.87 1458.11
 72558.8 55891.9 4856.66 1406.45 1574.13
 124905 24424.3 16941.3 1472.1 903.443
pred_Ctot
 14018.9 4866.98 10507.4 829.747 0.0331049
 11827.6 14947.4 2155.71 4653.99 367.531
 12782.1 6530.38 3157.07 455.311 1060.6
 24708 10609.7 2077.6 1004.4 482.279
 8044.78 4432.86 636.123 124.566 89.1366
 26833.2 8556.82 1961.49 281.477 94.561
 17964.1 26246.6 3215.3 737.045 141.299
 1789.91 1778.02 792.785 97.1188 26.5306
 6704.27 3987.91 1694.38 755.488 117.832
 12454.9 3817.31 764.771 324.934 167.479
 6036.6 1301.05 113.541 22.747 14.6461
 28223.8 10716.4 965.632 84.2691 27.753
 22159.5 11011.8 1359.15 122.469 14.2076
 24807.3 14080.2 2355.97 290.789 29.242
 18510.1 6072.74 867.915 145.224 19.7269
 82262.2 5646.12 538.243 76.9256 14.62
 8695.22 20824.8 456.646 43.5319 7.40401
 85280.8 5146.78 4717.27 103.44 11.5381
 52090.5 53422.9 1215.19 1113.78 27.1472
 42347.9 25926.5 9590.08 218.143 204.812
 47715.9 18238.8 4032.86 1491.74 65.7905
 80755.6 30869.1 4458.25 985.784 380.719
 8761.38 24598.3 3369.71 486.667 149.169
 27035 5565.07 6290.47 861.731 162.601
 20719.4 14940.9 1231.29 1391.79 226.637
 7387.99 10459.5 3064.44 252.543 331.945
 22356.7 6478.6 3828.6 1121.71 213.946
 22039.7 11641.7 1355.44 801.014 279.443
 5192.55 10878.8 2363.18 275.145 219.325
 6975.55 4970.8 4406.04 957.119 200.267
 24846 5540.64 1604.53 1422.23 373.593
 3926.47 6319.4 549.117 159.02 177.979
 16290.5 6258.36 4340.96 377.203 231.494
F
 0.139865 0.304967 0.304967 0.304967 0.304967
 0.250729 0.546698 0.546698 0.546698 0.546698
 0.248158 0.541093 0.541093 0.541093 0.541093
 0.423455 0.923317 0.923317 0.923317 0.923317
 0.137885 0.300649 0.300649 0.300649 0.300649
 0.245168 0.534574 0.534574 0.534574 0.534574
 0.534332 1.16508 1.16508 1.16508 1.16508
 0.0994325 0.216806 0.216806 0.216806 0.216806
 0.413751 0.902156 0.902156 0.902156 0.902156
 0.616599 1.34445 1.34445 1.34445 1.34445
 0.13105 0.285746 0.285746 0.285746 0.285746
 0.457643 0.99786 0.99786 0.99786 0.99786
 0.41409 0.902895 0.902895 0.902895 0.902895
 0.758097 1.65298 1.65298 1.65298 1.65298
 0.592722 1.29239 1.29239 1.29239 1.29239
 0.478866 1.04413 1.04413 1.04413 1.04413
 0.250193 0.545529 0.545529 0.545529 0.545529
 0.270206 0.589167 0.589167 0.589167 0.589167
 0.327234 0.713513 0.713513 0.713513 0.713513
 0.325474 0.709676 0.709676 0.709676 0.709676
 0.266972 0.582115 0.582115 0.582115 0.582115
 0.335413 0.731347 0.731347 0.731347 0.731347
 0.182522 0.397977 0.397977 0.397977 0.397977
 0.19011 0.414522 0.414522 0.414522 0.414522
 0.170176 0.371059 0.371059 0.371059 0.371059
 0.133227 0.290492 0.290492 0.290492 0.290492
 0.185289 0.40401 0.40401 0.40401 0.40401
 0.153653 0.335031 0.335031 0.335031 0.335031
 0.114606 0.249891 0.249891 0.249891 0.249891
 0.169865 0.37038 0.37038 0.37038 0.37038
 0.226326 0.493489 0.493489 0.493489 0.493489
 0.088818 0.193662 0.193662 0.193662 0.193662
 0.226345 0.493531 0.493531 0.493531 0.493531
YTP_r0W_actual
 122831 109208 104487 11814 8160.15
YTP_p0W_proyectada
 0 0 0 0 0
 0 0 0 0 0
 0 0 0 0 0
 0 0 0 0 0
 0 0 0 0 0
 0 0 0 0 0
CTP_r0_actual
 16290.5 6258.36 4340.96 377.203 231.494
CTP_p0_proyectada
 0 0 0 0 0
 0 0 0 0 0
 0 0 0 0 0
 0 0 0 0 0
 0 0 0 0 0
 0 0 0 0 0
Wmedp
 7.54 17.45 24.07 31.32 35.25
Frms_r0
 0.226345 0.493531 0.493531 0.493531 0.493531
Zrms_r0
 1.22635 1.49353 1.49353 1.49353 1.49353
nmprior
 7.29 8.9 8.7 0
nm_flota  nm_reclas  nm_pelaces    nm_pelaL
inf 15.6154 20.1899 67.172
cv_recla  cv_pelaces  cv_mph
0.313633 0.45378 0.948675
 ------------------------------------------------
Talla a la edad & desviaci?n 
 8 13.2811 15.8009 17.003 17.5766
 0.8 1.32811 1.58009 1.7003 1.75766
