years
 1991 1992 1993 1994 1995 1996 1997 1998 1999 2000 2001 2002 2003 2004 2005 2006 2007 2008 2009 2010 2011 2012 2013 2014 2015 2016 2017 2018 2019 2020 2021 2022 2023
reclasobs
 0 0 0 0 0 0 0 0 0 252601 567819 844713 477998 351125 339783 2.1784e+06 2.13404e+06 4.81314e+06 1.55562e+06 2.62356e+06 3.21686e+06 3.843e+06 1.13348e+06 3.07943e+06 1.97215e+06 2.03268e+06 2.025e+06 2.42433e+06 2.27542e+06 1.05018e+06 2.36338e+06 3.18982e+06 1.53035e+06
reclaspred
 6.10746e+06 1.43134e+06 1.33649e+06 922568 66620.6 3.22072e+06 1.22871e+06 253510 1.02503e+06 223227 339217 1.03818e+06 655511 705169 403937 1.98852e+06 834546 5.38572e+06 2.47475e+06 2.42297e+06 2.92277e+06 3.3602e+06 1.71266e+06 3.34563e+06 2.54699e+06 1.54366e+06 2.16448e+06 3.87672e+06 2.95692e+06 844841 2.80128e+06 3.13922e+06 460412
pelacesobs
 0 0 0 0 0 0 0 0 0 0 0 0 0 0 0 552880 188675 0 991730 2.46772e+06 1.41603e+06 1.21717e+06 2.29649e+06 1.80582e+06 0 1.4828e+06 1.56532e+06 1.57751e+06 1.42118e+06 867257 1.10002e+06 1.06204e+06 0
pelacespred
 4.20717e+06 840492 614548 326269 15105.8 1.94301e+06 539029 138556 560720 72673.1 182169 483025 300624 358999 181146 915775 328800 3.25635e+06 1.2187e+06 1.06291e+06 1.43575e+06 1.63478e+06 833893 2.12566e+06 1.4248e+06 828472 1.45215e+06 2.34499e+06 1.71972e+06 479528 1.41444e+06 1.80154e+06 168336
mphobs
 0 0 0 0 0 0 0 0 0 0 0 0 498337 0 5186 125008 0 168611 109162 213762 579715 649985 157893 87575 83554 210694 70296 0 107559 103333 445601 22526 28222
mphpred
 1.6525e+06 611437 78667.1 225688 47288 2194.82 460204 83135.8 18330.8 107300 8304.48 45790 111444 40594.2 36710.3 27696.7 258280 63415.1 714289 174955 354133 267197 455933 169431 429607 349812 145503 250578 685788 291178 64873.5 542611 216368
desembarqueobs
 494567 514787 250237 358949 120608 361735 552515 73892 212993 205616 52469 317467 293654 387597 252695 516296 358380 742168 942051 627588 828172 859565 418607 520667 417249 300574 415391 372974 316634 284311 391294 218835 356480
desembarquepred
 494485 514144 250448 358078 120405 361460 551733 73851.2 212775 205344 52438.1 317019 293121 386602 252191 515490 357992 741220 939948 626106 827297 857981 418095 520133 416625 300146 414786 372541 316215 283567 390746 218679 355519
Reclutas
 3099.68 1944.05 234853 11551.6 2408.53 286682 2571.69 832.028 60237 3304.48 34284 134490 53282.2 78791.5 38984.9 269020 5561.74 527008 83673.6 270572 160479 438710 7658.93 176318 147409 19594.7 132712 206608 19348.5 12866.2 186045 36761.2 4619.6
log_desv_Rt
 -2.46798 -2.93451 1.85968 -1.15246 -2.72026 2.05909 -2.65472 -3.78317 0.499007 -2.404 -0.0645989 1.30221 0.376323 0.767526 0.0638946 1.99551 -1.88337 2.66794 0.827644 2.00126 1.47889 2.48456 -1.56341 1.57301 1.39393 -0.624021 1.28891 1.73154 -0.636663 -1.04468 1.62671 0.00516479 -2.06897
SSB
 1.6525e+06 611437 78667.1 225688 47288 2194.82 460204 83135.8 18330.8 107300 8304.48 45790 111444 40594.2 36710.3 27696.7 258280 63415.1 714289 174955 354133 267197 455933 169431 429607 349812 145503 250578 685788 291178 64873.5 542611 216368
BT
 2.04849e+06 881790 488147 366343 107675 1.26435e+06 692861 123534 460871 204934 131598 489830 388934 575038 334584 850418 407050 2.24804e+06 1.37088e+06 994724 1.30595e+06 1.49693e+06 658701 1.50278e+06 987121 583980 1.12251e+06 1.41974e+06 920155 487326 982162 889126 389610
Ftot
 0.319841 1.24829 1.22927 1.3847 3.78324 0.85069 1.49664 1.07096 1.45851 2.57334 1.0909 1.90717 2.03573 3.13375 3.32915 1.80126 1.48276 0.998534 1.47472 1.57564 1.3962 1.52412 0.917462 0.998998 0.815061 0.79796 1.19718 0.619838 0.430091 1.27662 0.986499 0.304568 2.29012
BD_Bspro_t
 0.950113 0.595762 0.174828 0.370755 0.0859891 0.00655694 0.460854 0.123038 0.0454002 0.221137 0.0334234 0.228327 0.249479 0.0963725 0.0813526 0.066442 0.274897 0.0889543 0.416015 0.150879 0.221815 0.181294 0.283565 0.143468 0.325027 0.334954 0.217254 0.350843 0.565061 0.358347 0.146096 0.516228 0.358434
BD_Bspro
 6.27191 2.32066 0.298574 0.85658 0.179477 0.00833025 1.74666 0.315535 0.0695728 0.407246 0.0315189 0.173792 0.422974 0.154071 0.139331 0.10512 0.980278 0.240687 2.71102 0.664026 1.34408 1.01412 1.73045 0.643061 1.63054 1.32768 0.552242 0.951045 2.60285 1.10514 0.246222 2.05943 0.821205
BD_Bo
 5.76182 2.13192 0.274291 0.786914 0.16488 0.00765275 1.60461 0.289872 0.0639144 0.374124 0.0289555 0.159657 0.388574 0.141541 0.127999 0.096571 0.900552 0.221111 2.49053 0.610021 1.23476 0.931644 1.58972 0.590761 1.49792 1.2197 0.507328 0.873696 2.39116 1.01526 0.226196 1.89194 0.754416
BD_Brms
 6.16931 2.28269 0.293689 0.842567 0.176541 0.00819397 1.71809 0.310373 0.0684347 0.400584 0.0310033 0.170949 0.416055 0.151551 0.137051 0.103401 0.964242 0.236749 2.66667 0.653164 1.32209 0.997533 1.70214 0.632541 1.60386 1.30596 0.543208 0.935487 2.56027 1.08706 0.242194 2.02574 0.807771
Sel_flota
 0.421423 1 1 1 1
 0.421423 1 1 1 1
 0.421423 1 1 1 1
 0.421423 1 1 1 1
 0.421423 1 1 1 1
 0.421423 1 1 1 1
 0.421423 1 1 1 1
 0.421423 1 1 1 1
 0.421423 1 1 1 1
 0.421423 1 1 1 1
 0.421423 1 1 1 1
 0.421423 1 1 1 1
 0.421423 1 1 1 1
 0.421423 1 1 1 1
 0.421423 1 1 1 1
 0.421423 1 1 1 1
 0.421423 1 1 1 1
 0.421423 1 1 1 1
 0.421423 1 1 1 1
 0.421423 1 1 1 1
 0.421423 1 1 1 1
 0.421423 1 1 1 1
 0.421423 1 1 1 1
 0.421423 1 1 1 1
 0.421423 1 1 1 1
 0.421423 1 1 1 1
 0.421423 1 1 1 1
 0.421423 1 1 1 1
 0.421423 1 1 1 1
 0.421423 1 1 1 1
 0.421423 1 1 1 1
 0.421423 1 1 1 1
 0.421423 1 1 1 1
Sel_reclas
 0.816259 1 1 1 1
 0.816259 1 1 1 1
 0.816259 1 1 1 1
 0.816259 1 1 1 1
 0.816259 1 1 1 1
 0.816259 1 1 1 1
 0.816259 1 1 1 1
 0.816259 1 1 1 1
 0.816259 1 1 1 1
 0.816259 1 1 1 1
 0.816259 1 1 1 1
 0.816259 1 1 1 1
 0.816259 1 1 1 1
 0.816259 1 1 1 1
 0.816259 1 1 1 1
 0.816259 1 1 1 1
 0.816259 1 1 1 1
 0.816259 1 1 1 1
 0.816259 1 1 1 1
 0.816259 1 1 1 1
 0.816259 1 1 1 1
 0.816259 1 1 1 1
 0.816259 1 1 1 1
 0.816259 1 1 1 1
 0.816259 1 1 1 1
 0.816259 1 1 1 1
 0.816259 1 1 1 1
 0.816259 1 1 1 1
 0.816259 1 1 1 1
 0.816259 1 1 1 1
 0.816259 1 1 1 1
 0.816259 1 1 1 1
 0.816259 1 1 1 1
Sel_pelaces
 0.77263 1 1 1 1
 0.77263 1 1 1 1
 0.77263 1 1 1 1
 0.77263 1 1 1 1
 0.77263 1 1 1 1
 0.77263 1 1 1 1
 0.77263 1 1 1 1
 0.77263 1 1 1 1
 0.77263 1 1 1 1
 0.77263 1 1 1 1
 0.77263 1 1 1 1
 0.77263 1 1 1 1
 0.77263 1 1 1 1
 0.77263 1 1 1 1
 0.77263 1 1 1 1
 0.77263 1 1 1 1
 0.77263 1 1 1 1
 0.77263 1 1 1 1
 0.77263 1 1 1 1
 0.77263 1 1 1 1
 0.77263 1 1 1 1
 0.77263 1 1 1 1
 0.77263 1 1 1 1
 0.77263 1 1 1 1
 0.77263 1 1 1 1
 0.77263 1 1 1 1
 0.77263 1 1 1 1
 0.77263 1 1 1 1
 0.77263 1 1 1 1
 0.77263 1 1 1 1
 0.77263 1 1 1 1
 0.77263 1 1 1 1
 0.77263 1 1 1 1
pf_obs 
 0.8446 0.082 0.0669 0.0065 0
 0.8095 0.147 0.0364 0.0071 0
 0.9664 0.0169 0.016 0.0007 0
 0.9276 0.0648 0.0075 0.0001 0
 0.7033 0.2144 0.0806 0.0017 0
 0.9318 0.0425 0.0243 0.0014 0
 0.5671 0.3108 0.0964 0.0239 0.0018
 0.0768 0.2599 0.5324 0.112 0.0189
 0.490249 0.384438 0.106611 0.0170017 0.00170017
 0.7925 0.1577 0.0466 0.003 0.0002
 0.840416 0.127587 0.0312969 0.00059994 9.999e-05
 0.8084 0.0986 0.0794 0.0134 0.0002
 0.7335 0.1905 0.0724 0.0035 0.0001
 0.4001 0.4547 0.1325 0.0127 0
 0.49795 0.308269 0.164784 0.0264974 0.00249975
 0.9179 0.0499 0.0305 0.0017 0
 0.2467 0.6533 0.0926 0.0074 0
 0.9418 0.0223 0.034 0.0019 0
 0.707729 0.231977 0.0356964 0.0245975 0
 0.517169 0.277429 0.184464 0.0207286 0.00020938
 0.811772 0.124168 0.05621 0.00726502 0.000585176
 0.764997 0.148141 0.077277 0.00933861 0.000247198
 0.163321 0.427699 0.378323 0.0303852 0.000271297
 0.753843 0.0900009 0.118128 0.0371064 0.000921714
 0.721811 0.176058 0.0630433 0.0369309 0.00215725
 0.143369 0.312575 0.442814 0.0836902 0.0175525
 0.692698 0.0596174 0.167031 0.0765114 0.00414204
 0.394062 0.376323 0.152708 0.0712218 0.00568511
 0.125707 0.32114 0.495352 0.0537591 0.00404204
 0.23352 0.215282 0.420074 0.123614 0.00750983
 0.796117 0.104755 0.0508955 0.0450114 0.00322123
 0.162477 0.292055 0.404252 0.121198 0.0200186
 0 0 0 0 0
pf_pred 
 0.0140632 0.152275 0.732682 0.100979 7.08594e-07
 0.0371849 0.0350866 0.143285 0.689425 0.095018
 0.974635 0.00323877 0.000806299 0.00329273 0.0180267
 0.110192 0.883693 0.000780858 0.000194396 0.00514005
 0.196408 0.266671 0.533231 0.00047118 0.00321887
 0.998351 0.00123803 0.000136544 0.000273032 1.88943e-06
 0.0193418 0.980157 0.000375996 4.1469e-05 8.34947e-05
 0.0625006 0.0717836 0.865274 0.000331926 0.000110317
 0.970648 0.00558755 0.00181964 0.0219338 1.12104e-05
 0.151213 0.842628 0.00117253 0.000381846 0.0046051
 0.960283 0.0217711 0.0178154 2.47904e-05 0.000105437
 0.909242 0.089714 0.000572118 0.000468167 3.42222e-06
 0.590171 0.401843 0.00789376 5.03396e-05 4.14942e-05
 0.852256 0.130683 0.0167285 0.000328612 3.82298e-06
 0.775693 0.220026 0.00378682 0.000484742 9.63301e-06
 0.977694 0.0216668 0.000626636 1.07849e-05 1.40799e-06
 0.0631613 0.932401 0.00431029 0.00012466 2.42559e-06
 0.982147 0.00392469 0.0138624 6.40828e-05 1.88943e-06
 0.269271 0.726872 0.000847764 0.00299438 1.42505e-05
 0.850096 0.0907675 0.0588241 6.86076e-05 0.000243481
 0.626196 0.359234 0.00882203 0.00571733 3.03331e-05
 0.86876 0.114308 0.016272 0.000399606 0.000260349
 0.0427309 0.924436 0.028597 0.00407085 0.000165104
 0.860752 0.0179643 0.117124 0.00362317 0.000536686
 0.624311 0.358752 0.00218492 0.0142453 0.000505945
 0.176745 0.692543 0.12482 0.000760192 0.00513234
 0.84889 0.0611628 0.075666 0.0136376 0.000643807
 0.763848 0.225344 0.00437438 0.00541164 0.00102141
 0.122134 0.794836 0.07923 0.00153801 0.00226183
 0.247016 0.20886 0.49266 0.0491088 0.00235524
 0.951131 0.0272261 0.00600336 0.0141607 0.00147925
 0.266157 0.72295 0.006069 0.00133821 0.00348632
 0.10686 0.436624 0.449739 0.00377546 0.00300129
pobs_RECLAS
 0 0 0 0 0
 0 0 0 0 0
 0 0 0 0 0
 0 0 0 0 0
 0 0 0 0 0
 0 0 0 0 0
 0 0 0 0 0
 0 0 0 0 0
 0 0 0 0 0
 0 0 0 0 0
 0.991045 0.00858322 0.000360255 1.14367e-05 0
 0.934742 0.0480273 0.0164251 0.00080598 0
 0.827803 0.169806 0.00239088 0 0
 0.941827 0.0461693 0.0120037 0 0
 0.791401 0.0380133 0.147996 0.0225897 0
 0.846168 0.0940531 0.0597789 0 0
 0.134021 0.677848 0.182769 0.00536245 0
 0.80878 0.0450904 0.141981 0.00414843 0
 0.846168 0.0940531 0.0597789 0 0
 0.905697 0.0802665 0.012482 0.00150086 5.37128e-05
 0.989698 0.0102097 9.19794e-05 0 0
 0.975433 0.0193895 0.00387452 0.00125025 5.28907e-05
 0.303575 0.632131 0.0575291 0.00676475 0
 0.966965 0.00978017 0.0227588 0.000495775 0
 0.843318 0.132988 0.00938335 0.0141283 0.000182051
 0.564624 0.303363 0.111486 0.0197234 0.00080311
 0.826376 0.0876187 0.0782897 0.00655872 0.00115652
 0.89761 0.0855135 0.0140674 0.00269457 0.000114338
 0.34875 0.467042 0.161289 0.0227151 0.000203297
 0.318654 0.224769 0.449479 0.00709798 0
 0.937255 0.0296025 0.0250945 0.00804832 0
 0.456809 0.399803 0.12412 0.0192676 0
 0.883104 0.0372192 0.0704036 0.00927362 0
ppred_RECLAS
 0.0273723 0.15022 0.722791 0.0996159 6.99029e-07
 0.0768677 0.0336405 0.13738 0.66101 0.0911018
 0.988046 0.00152637 0.000379994 0.0015518 0.00849565
 0.213587 0.781008 0.000690123 0.000171808 0.00454278
 0.451177 0.182126 0.364177 0.000321798 0.00219837
 0.9992 0.000600606 6.62415e-05 0.000132456 9.16615e-07
 0.0420521 0.957459 0.000367289 4.05087e-05 8.15611e-05
 0.123413 0.0671196 0.809054 0.00031036 0.000103149
 0.986528 0.00256455 0.000835173 0.0100671 5.14531e-06
 0.319902 0.675163 0.000939498 0.000305958 0.00368987
 0.980834 0.0105063 0.00859734 1.19633e-05 5.08818e-05
 0.959444 0.0400894 0.000255656 0.000209204 1.52925e-06
 0.776268 0.219373 0.00430933 2.74812e-05 2.26524e-05
 0.944272 0.0492926 0.00630984 0.00012395 1.442e-06
 0.913552 0.0847984 0.00145944 0.00018682 3.71258e-06
 0.990278 0.00944358 0.000273122 4.70064e-06 6.13677e-07
 0.130266 0.865614 0.00400155 0.000115731 2.25185e-06
 0.991398 0.00189099 0.00667914 3.08763e-05 9.10363e-07
 0.449873 0.547224 0.000638237 0.00225431 1.07285e-05
 0.927317 0.0440097 0.0285216 3.32652e-05 0.000118055
 0.7863 0.205371 0.00504347 0.00326855 1.73411e-05
 0.936661 0.0551673 0.0078532 0.000192858 0.000125649
 0.0848517 0.88376 0.0273387 0.00389173 0.000157839
 0.92832 0.00924742 0.0602914 0.00186509 0.000276268
 0.773567 0.216226 0.00131688 0.00858584 0.000304941
 0.305859 0.583929 0.105244 0.000640968 0.00432741
 0.923299 0.0310451 0.0384066 0.00692217 0.000326785
 0.86722 0.126703 0.00245956 0.00304278 0.000574301
 0.216708 0.709207 0.0706944 0.00137232 0.00201816
 0.415116 0.162233 0.382676 0.0381454 0.00182944
 0.976032 0.0133532 0.00294438 0.0069452 0.000725506
 0.416859 0.574485 0.00482267 0.0010634 0.00277037
 0.231125 0.375876 0.387166 0.00325017 0.00258371
pobs_PELACES
 0 0 0 0 0
 0 0 0 0 0
 0 0 0 0 0
 0 0 0 0 0
 0 0 0 0 0
 0 0 0 0 0
 0 0 0 0 0
 0 0 0 0 0
 0 0 0 0 0
 0 0 0 0 0
 0 0 0 0 0
 0 0 0 0 0
 0 0 0 0 0
 0 0 0 0 0
 0 0 0 0 0
 0 0 0 0 0
 0.505614 0.472636 0.0217494 0 0
 0 0 0 0 0
 0.443492 0.261883 0.143347 0.151278 0
 0.227955 0.32914 0.350689 0.0885471 0.00366901
 0.970185 0.0296113 0.000203453 0 0
 0.997202 0.00247181 0.000326279 0 0
 0.445219 0.490057 0.0546422 0.010081 0
 0.90214 0.0892962 0.00764917 0.000914606 0
 0 0 0 0 0
 0.581667 0.319106 0.0959925 0.00289975 0.000334073
 0.762889 0.0836404 0.116647 0.0363945 0.000428098
 0.88444 0.0763242 0.0277011 0.0115352 0
 0.521256 0.241999 0.230069 0.00667565 0
 0.616807 0.101726 0.260614 0.0208532 0
 0.833518 0.0704572 0.0857862 0.0102388 0
 0.697417 0.212968 0.0787535 0.0105354 0.000325836
 0 0 0 0 0
ppred_PELACES
 0.0275362 0.150194 0.72267 0.0995991 6.98911e-07
 0.0909342 0.0331279 0.135286 0.650938 0.0897136
 0.989993 0.00127774 0.000318095 0.00129902 0.00711176
 0.250868 0.743983 0.000657407 0.000163663 0.00432742
 0.615736 0.127517 0.254982 0.00022531 0.00153921
 0.999281 0.000539439 5.94953e-05 0.000118966 8.23265e-07
 0.0523982 0.947118 0.000363322 4.00712e-05 8.06802e-05
 0.140523 0.0658095 0.793262 0.000304302 0.000101136
 0.989198 0.00205637 0.000669679 0.00807225 4.12574e-06
 0.421206 0.574594 0.000799555 0.000260384 0.00314025
 0.983514 0.00903719 0.00739517 1.02905e-05 4.3767e-05
 0.969906 0.0297477 0.000189705 0.000155236 1.13475e-06
 0.828893 0.167773 0.00329572 2.10173e-05 1.73242e-05
 0.966861 0.0293126 0.00375225 7.37087e-05 8.57506e-07
 0.949717 0.0493233 0.000848892 0.000108665 2.15943e-06
 0.9927 0.00709077 0.000205076 3.52951e-06 4.60784e-07
 0.158366 0.837647 0.00387227 0.000111992 2.1791e-06
 0.992482 0.0016528 0.00583785 2.69872e-05 7.95696e-07
 0.506363 0.491032 0.000572699 0.00202282 9.6268e-06
 0.942247 0.0349695 0.0226628 2.64321e-05 9.38048e-05
 0.819714 0.173259 0.00425488 0.00275748 1.46297e-05
 0.949304 0.0441552 0.0062856 0.000154361 0.000100568
 0.0946667 0.874282 0.0270455 0.00384999 0.000156146
 0.936848 0.00814726 0.0531186 0.0016432 0.0002434
 0.790717 0.199849 0.00121714 0.00793555 0.000281845
 0.326925 0.566208 0.10205 0.000621516 0.00419609
 0.934728 0.0264194 0.032684 0.00589076 0.000278093
 0.874354 0.119896 0.00232742 0.0028793 0.000543446
 0.221358 0.704997 0.0702747 0.00136417 0.00200618
 0.461566 0.149349 0.352285 0.0351161 0.00168415
 0.978962 0.0117204 0.00258435 0.00609597 0.000636794
 0.417642 0.573713 0.0048162 0.00106197 0.00276665
 0.305838 0.339351 0.349544 0.00293434 0.00233265
pobs_pel_tallas
 0 0 0 0 0 0 0 0 0 0 0 0 0 0 0 0 0 0 0 0 0 0 0 0 0 0
 0 0 0 0 0 0 0 0 0 0 0 0 0 0 0 0 0 0 0 0 0 0 0 0 0 0
 0 0 0 0 0 0 0 0 0 0 0 0 0 0 0 0 0 0 0 0 0 0 0 0 0 0
 0 0 0 0 0 0 0 0 0 0 0 0 0 0 0 0 0 0 0 0 0 0 0 0 0 0
 0 0 0 0 0 0 0 0 0 0 0 0 0 0 0 0 0 0 0 0 0 0 0 0 0 0
 0 0 0 0 0 0 0 0 0 0 0 0 0 0 0 0 0 0 0 0 0 0 0 0 0 0
 0 0 0 0 0 0 0 0 0 0 0 0 0 0 0 0 0 0 0 0 0 0 0 0 0 0
 0 0 0 0 0 0 0 0 0 0 0 0 0 0 0 0 0 0 0 0 0 0 0 0 0 0
 0 0 0 0 0 0 0 0 0 0 0 0 0 0 0 0 0 0 0 0 0 0 0 0 0 0
 0 0 0 0 0 0 0 0 0 0 0 0 0 0 0 0 0 0 0 0 0 0 0 0 0 0
 0 0 0 0 0 0 0 0 0 0 0 0 0 0 0 0 0 0 0 0 0 0 0 0 0 0
 0 0 0 0 0 0 0 0 0 0 0 0 0 0 0 0 0 0 0 0 0 0 0 0 0 0
 0.00862536 0 0 0.000197151 0.00414017 0.0128641 0.00837892 0.0270097 0.101434 0.158115 0.152841 0.127902 0.109271 0.109419 0.0830992 0.0579132 0.0238553 0.00714673 0.00463305 0.00128148 0.00103504 0.000492878 0.000147863 0.000147863 4.92878e-05 0
 0 0 0 0 0 0 0 0 0 0 0 0 0 0 0 0 0 0 0 0 0 0 0 0 0 0
 0 0 0 0 0 0 0 0.0054083 0.00873648 0.0413646 0.0450493 0.0745869 0.0622846 0.0627006 0.0613931 0.0827291 0.12552 0.122667 0.0946155 0.0697135 0.0546179 0.0294188 0.0215738 0.0213955 0.0102223 0.00600262
 0 0 0 0 0.00359764 0.0251062 0.0480494 0.140153 0.205849 0.193036 0.1447 0.116669 0.0760912 0.0342217 0.00950174 0.001854 0.000860785 0 0 0 0.000165536 0 0.000143464 0 0 0
 0 0 0 0 0 0 0 0.000145254 0.000435761 0.0275982 0.070085 0.0708112 0.156366 0.174668 0.174014 0.160142 0.0824315 0.0480064 0.0283245 0.00493863 0.00203355 0 0 0 0 0
 0 0 0 0 0 0 0 0 0 0 0 0 0 0 0 0 0 0 0 0 0 0 0 0 0 0
 0 0 1.00437e-05 0.000401748 0.00122533 0.00171747 0.00176769 0.0269171 0.070346 0.194647 0.189555 0.159765 0.064822 0.0314167 0.0384472 0.0292271 0.0345202 0.0313363 0.0194345 0.0106764 0.0143323 0.0359363 0.0279516 0.0138201 0.00172751 0
 0 0.0021121 0.0136068 0.0755702 0.200478 0.177729 0.0527432 0.0373336 0.0318909 0.0142505 0.0149659 0.0166563 0.0217959 0.0798694 0.0677717 0.0528807 0.04013 0.0224614 0.0357745 0.0225083 0.00881397 0.00855152 0.00135912 0.000746735 0 0
 0 0 0 0 5.4009e-05 0.00500934 0.000945158 0.0243581 0.138947 0.33067 0.221406 0.137944 0.0707744 0.0437923 0.0131692 0.00525238 0.0047753 0.00276346 9.45158e-05 9.00151e-06 2.25038e-05 9.00151e-06 4.50075e-06 0 0 0
 0.000866109 0.00284123 0.00948549 0.0512746 0.133035 0.25785 0.225252 0.132002 0.0553304 0.0519788 0.0540692 0.017754 0.00435017 0.00159236 0.00146478 0.000404838 0.000125132 0.000115318 0.000107957 0.000100596 0 0 0 0 0 0
 0 0 0 0 0.00144013 0.00171154 0.00461396 0.0210425 0.0478622 0.0707936 0.0888783 0.103762 0.0637923 0.0337046 0.0602308 0.124433 0.169614 0.0934646 0.0462172 0.0250306 0.0313229 0.00938855 0.002487 0.000210481 0 0
 0 0.00764035 0.051015 0.0998891 0.058973 0.0496711 0.0374665 0.0718981 0.12319 0.153886 0.159021 0.0857701 0.0377988 0.023471 0.0147837 0.00900784 0.00315554 0.000888139 0.00291439 0.00214683 0.00393193 0.00274676 0.000635225 9.99891e-05 0 0
 0 0 0 0 0 0 0 0 0 0 0 0 0 0 0 0 0 0 0 0 0 0 0 0 0 0
 0 0 0 0 0 0 0 0 0 0 0 0 0 0 0 0 0 0 0 0 0 0 0 0 0 0
 0 0 0 0 0 0 0 0 0 0 0 0 0 0 0 0 0 0 0 0 0 0 0 0 0 0
 0 0 0 0 0 0 0 0 0 0 0 0 0 0 0 0 0 0 0 0 0 0 0 0 0 0
 0 0 0 0 0 0 0 0 0 0 0 0 0 0 0 0 0 0 0 0 0 0 0 0 0 0
 0 0 0 0 0 0 0 0 0 0 0 0 0 0 0 0 0 0 0 0 0 0 0 0 0 0
 0 0 0 0 0 0 0 0 0 0 0 0 0 0 0 0 0 0 0 0 0 0 0 0 0 0
 0 0 0 0 0 0 0 0 0 0 0 0 0 0 0 0 0 0 0 0 0 0 0 0 0 0
 0 0 0 0 0 0 0 0 0 0 0 0 0 0 0 0 0 0 0 0 0 0 0 0 0 0
ppred_pel_tallas
 1.30882e-16 2.26815e-06 2.20472e-05 0.000146512 0.000666034 0.00207236 0.00441596 0.00644847 0.00646406 0.00449267 0.00233317 0.0014336 0.00212706 0.00452381 0.00907419 0.0163604 0.0267429 0.0402524 0.0567049 0.0757059 0.0962395 0.116053 0.13157 0.138893 0.13553 0.121727
 1.84375e-16 7.49014e-06 7.28068e-05 0.000483827 0.00219941 0.0068432 0.0145803 0.0212811 0.0212848 0.0145983 0.00690518 0.00238502 0.000975472 0.00123508 0.00248942 0.00486436 0.00890801 0.015503 0.0258944 0.0415281 0.0634912 0.0916157 0.123662 0.155166 0.180321 0.193705
 1.01344e-16 8.15444e-05 0.000792641 0.00526738 0.0239447 0.074501 0.158732 0.231674 0.231674 0.158733 0.074503 0.0239507 0.00528258 0.000826323 0.000147113 0.000118782 0.000175396 0.000249651 0.000339258 0.000457318 0.000627328 0.00087256 0.00119961 0.00158503 0.00197357 0.00229079
 1.00958e-16 2.06638e-05 0.00020086 0.00133479 0.0060678 0.0188795 0.0402275 0.0587282 0.0587998 0.040577 0.0200525 0.00945338 0.00982475 0.0187069 0.035086 0.0577589 0.0827035 0.102955 0.111435 0.104894 0.085916 0.0613178 0.0382713 0.0210985 0.0105569 0.00513316
 1.07674e-16 5.07174e-05 0.000492991 0.0032761 0.0148927 0.0463367 0.0987258 0.144096 0.144108 0.0987878 0.046546 0.0155017 0.00482212 0.00392529 0.00673658 0.0114909 0.0175539 0.0241553 0.0304551 0.035917 0.040387 0.0437531 0.0455616 0.04506 0.0417006 0.0356669
 1.00015e-16 8.23095e-05 0.000800077 0.0053168 0.0241694 0.0751999 0.160221 0.233848 0.233848 0.160222 0.0752008 0.0241718 0.00532298 0.000813589 0.000107984 4.82712e-05 6.15924e-05 7.73931e-05 8.5867e-05 8.4657e-05 7.56782e-05 6.35807e-05 5.28714e-05 4.56908e-05 4.15518e-05 3.86054e-05
 1.00271e-16 4.31617e-06 4.19548e-05 0.000278809 0.00126748 0.00394409 0.00840666 0.0122889 0.0123799 0.00885154 0.00543721 0.0055773 0.0110864 0.0235994 0.0446397 0.0735173 0.10526 0.131012 0.141755 0.133338 0.109037 0.0775241 0.0479329 0.0257856 0.0120842 0.00495056
 1.22957e-16 1.15747e-05 0.00011251 0.000747671 0.00339881 0.010575 0.0225314 0.0328868 0.0328944 0.0225689 0.0107043 0.00378756 0.00178123 0.00255929 0.00521469 0.0100472 0.0178197 0.029341 0.0451488 0.0650138 0.0872998 0.108619 0.12437 0.130297 0.12438 0.107889
 1.00831e-16 8.14789e-05 0.000792004 0.00526314 0.0239255 0.0744411 0.158605 0.231488 0.231488 0.158606 0.0744444 0.0239351 0.0052876 0.000846129 0.000186594 0.000186056 0.000276741 0.00038618 0.000505881 0.000643717 0.000818468 0.00104615 0.00132156 0.00160826 0.00184578 0.00197164
 1.00728e-16 3.46943e-05 0.000337241 0.00224109 0.0101877 0.031698 0.0675379 0.0985852 0.0986404 0.0678078 0.0326039 0.0128025 0.00879817 0.0146302 0.0271171 0.0446116 0.0638776 0.0795216 0.0860765 0.0810319 0.0663822 0.0473911 0.029595 0.01633 0.00818086 0.00397991
 1.00225e-16 8.10107e-05 0.000787453 0.0052329 0.023788 0.0740133 0.157693 0.230158 0.230159 0.157698 0.0740278 0.02383 0.00533866 0.00101979 0.000526522 0.000753262 0.00110271 0.00143906 0.00168231 0.00179326 0.00178592 0.00170592 0.00159161 0.00145228 0.00127767 0.00106252
 1.00029e-16 7.98899e-05 0.000776558 0.0051605 0.0234589 0.0729894 0.155512 0.226974 0.226977 0.155526 0.0730363 0.0235943 0.00550003 0.00151669 0.00148242 0.00231611 0.00330945 0.00412108 0.00446345 0.0042063 0.00345235 0.00247308 0.00155379 0.00086604 0.000439682 0.000214915
 1.00144e-16 6.82748e-05 0.000663656 0.00441023 0.0200483 0.0623777 0.132903 0.193979 0.193995 0.132982 0.0626423 0.0208121 0.00632584 0.00483995 0.00798359 0.0130478 0.018689 0.0232902 0.0252547 0.0238472 0.0196406 0.0141547 0.00898603 0.00509391 0.00264717 0.00131871
 1.00124e-16 7.9639e-05 0.00077412 0.0051443 0.0233852 0.0727602 0.155023 0.226262 0.226264 0.155037 0.0728065 0.023519 0.00548012 0.00150705 0.00147104 0.00230433 0.00330788 0.00415092 0.00455514 0.00439226 0.00375501 0.00289295 0.00206387 0.00141642 0.000971239 0.000676295
 1.00049e-16 7.82269e-05 0.000760394 0.00505308 0.0229706 0.07147 0.152275 0.22225 0.222255 0.152298 0.0715478 0.0231951 0.00561622 0.00198808 0.002405 0.00383944 0.00549342 0.00684505 0.00742133 0.00700618 0.00576842 0.00415548 0.00263726 0.00149592 0.000780654 0.00039436
 1.00009e-16 8.17674e-05 0.000794808 0.00528178 0.0240102 0.0747047 0.159166 0.232308 0.232309 0.15917 0.0747158 0.0240425 0.00536277 0.000971383 0.000416477 0.000557412 0.00079102 0.000986052 0.00107034 0.00101259 0.000836854 0.000607028 0.00039015 0.000226364 0.000122617 6.51826e-05
 1.00338e-16 1.30446e-05 0.000126798 0.000842623 0.00383049 0.0119185 0.0253966 0.037084 0.0371645 0.0257901 0.0132392 0.00764257 0.0104023 0.0209651 0.0394988 0.0650428 0.093141 0.11596 0.125529 0.118177 0.0967921 0.0690272 0.042936 0.0233815 0.0112405 0.00485821
 1.00172e-16 8.17494e-05 0.000794633 0.00528062 0.0240049 0.0746882 0.159131 0.232257 0.232257 0.159132 0.074691 0.0240131 0.00530156 0.00084171 0.000175127 0.000170428 0.000261393 0.00037782 0.000507646 0.000643866 0.000778514 0.00089736 0.000977748 0.000995044 0.000935422 0.000805744
 1.00347e-16 4.17085e-05 0.000405422 0.00269417 0.0122474 0.0381063 0.0811913 0.118511 0.118558 0.0814219 0.0388804 0.0144819 0.00829766 0.0126197 0.0231854 0.0381242 0.0545868 0.0679537 0.073551 0.069231 0.0566945 0.0404356 0.0251818 0.013783 0.00674271 0.00307349
 1.00682e-16 7.76117e-05 0.000754413 0.00501334 0.0227899 0.0709079 0.151077 0.220502 0.220505 0.151094 0.0709638 0.0229516 0.00542045 0.00164735 0.0017857 0.002861 0.00418701 0.00541591 0.00624345 0.00651808 0.00630779 0.00581898 0.00523933 0.00463991 0.00399733 0.00328137
 1.00447e-16 6.75188e-05 0.000656307 0.00436139 0.0198262 0.0616869 0.131431 0.191831 0.191848 0.131513 0.0619602 0.0206152 0.0063402 0.0049708 0.00824609 0.0134851 0.0193246 0.0241022 0.0261754 0.0247908 0.0205425 0.0149959 0.00978719 0.00588689 0.00344657 0.00210977
 1.00226e-16 7.81929e-05 0.000760063 0.00505089 0.0229606 0.071439 0.152208 0.222154 0.222158 0.152229 0.0715088 0.0231622 0.00555699 0.00186478 0.00217589 0.00347235 0.0049916 0.00627007 0.00689222 0.00666533 0.00572788 0.00445282 0.00322417 0.00226162 0.00159359 0.00114166
 1.01417e-16 7.79775e-06 7.5797e-05 0.000503702 0.00228981 0.00712489 0.0151834 0.0221783 0.0222624 0.0155943 0.00850408 0.00627131 0.01049 0.02185 0.0412844 0.068038 0.0975377 0.121659 0.132123 0.125108 0.103582 0.0754173 0.0488577 0.0288236 0.0161405 0.00909315
 1.01742e-16 7.71669e-05 0.00075009 0.00498461 0.0226593 0.0705015 0.150211 0.219238 0.219238 0.150215 0.0705161 0.0227024 0.00509667 0.00100747 0.000603264 0.00097212 0.0016178 0.00250084 0.00362042 0.00494854 0.0063918 0.00775817 0.00877143 0.00915881 0.00877513 0.00768409
 1.0093e-16 6.51303e-05 0.00063309 0.00420711 0.0191249 0.0595048 0.126782 0.185046 0.185065 0.126876 0.0598199 0.0200347 0.00648874 0.00560735 0.00949298 0.0155409 0.0222652 0.0277587 0.0301313 0.0285246 0.0236408 0.0173051 0.0114168 0.0070901 0.00447185 0.00310696
 1.03863e-16 2.69285e-05 0.000261755 0.00173945 0.00790734 0.024603 0.0524212 0.0765218 0.0765764 0.0526881 0.0254989 0.0104954 0.008237 0.0144498 0.0269832 0.0445924 0.0642914 0.0809557 0.0893495 0.0870099 0.0756673 0.0600014 0.0447985 0.0327487 0.0241515 0.0180235
 1.01588e-16 7.69923e-05 0.000748393 0.00497333 0.022608 0.070342 0.149871 0.218742 0.218745 0.149884 0.0703848 0.0227321 0.005287 0.00144059 0.00141346 0.00227193 0.00339848 0.00455171 0.00553478 0.00624718 0.00671383 0.00701315 0.00716921 0.00711174 0.00673649 0.00600308
 1.00479e-16 7.20194e-05 0.000700054 0.00465211 0.0211478 0.0657987 0.140192 0.204616 0.204628 0.140248 0.0659878 0.0216937 0.00602135 0.00368544 0.00573102 0.00933239 0.013371 0.0166771 0.0181142 0.0171643 0.0142428 0.010437 0.00688083 0.00424247 0.00261766 0.00174678
 1.02685e-16 1.82331e-05 0.000177233 0.00117778 0.00535404 0.0166588 0.0354958 0.0518214 0.0518893 0.0358275 0.0177725 0.00857005 0.00924766 0.0177846 0.0334305 0.0551654 0.0792911 0.099334 0.108688 0.104277 0.0883813 0.0671076 0.046789 0.0311135 0.02062 0.0140075
 1.14012e-16 3.80186e-05 0.000369554 0.00245582 0.0111638 0.0347348 0.0740068 0.108018 0.108033 0.0740799 0.0349819 0.0118841 0.00428887 0.00445413 0.00803836 0.0138619 0.0214378 0.0300238 0.0387808 0.0471582 0.0549063 0.0616261 0.0663433 0.0676712 0.0645648 0.0570785
 1.00797e-16 8.06358e-05 0.000783809 0.00520869 0.0236779 0.0736709 0.156964 0.229093 0.229094 0.156969 0.0736895 0.0237317 0.00534395 0.0010798 0.000644991 0.000944802 0.00136853 0.00175555 0.0020056 0.00208159 0.00202957 0.00194547 0.00190967 0.00193988 0.00199163 0.00199567
 1.00861e-16 3.44007e-05 0.000334387 0.00222212 0.0101015 0.0314298 0.0669665 0.0977511 0.0978063 0.067236 0.0323344 0.0127127 0.00877064 0.0146097 0.0270864 0.0445693 0.0638356 0.0795079 0.0861345 0.0812099 0.0667163 0.0478886 0.0302262 0.0170333 0.00887936 0.00460315
 1.10863e-16 2.51916e-05 0.000244871 0.00162725 0.00739728 0.0230159 0.049039 0.0715808 0.0716139 0.0492013 0.0235621 0.00898093 0.00562446 0.00904341 0.0169471 0.0285266 0.042363 0.0559016 0.0664316 0.0725031 0.0744791 0.0737133 0.0711644 0.0667457 0.0598591 0.0504091
pSPR Fmed_Fpbrs
1   0.983948 0.6 0.325 0.983948 0.983948 0.983948
Fs Fmed_Fpbrs
0   0.01 0.363582 0.954092 0.01 0.01 0.01
SSBpbr Bo_Bmed_Bpbrs
286802  272462  267858 157741 78870.5 267858 267858 267858
Ro
36571.9
SPR SPRFo_SPRFmed_SPRFpbrs
263476 263476 259247
Fref
0
Nvult_r0
 3972.21 11451.6 11795.6 99.0213 78.7167
CTP_r0
 1950.84 7971.01 8210.43 68.9248 54.7915
YTP_r0
355519
Np
 4619.6 1699.46 625.195 229.996 115.738
Nvult_p0
 2920.14 1074.26 395.198 145.385 73.1601
CTP_p0
 0 0 0 0 0
 0 0 0 0 0
 0 0 0 0 0
 0 0 0 0 0
 0 0 0 0 0
 0 0 0 0 0
YTP_p0
 0 0 0 0 0 0
CBA_c0
0
log_Ro
10.327
likeval ReclasPelacesDesembMPH_pf_preclas_ppelaces_ptallas_desvR_qrecl_qpela
 23.4537 20.4814 0.409808 0.00207104 367.69 156.219 142.913 0 151.365 0.000104059 0.000164805 0.132964 2065.24 0 0
q_reclas_q_pelaces
4.2318 6.14425
M
1
N
 3099.68 15231.5 73287.5 10100.6 0.0708781
 1944.05 996.516 4069.53 19580.8 2698.66
 234853 422.617 105.211 429.658 2352.25
 11551.6 51465.8 45.4767 11.3215 299.354
 2408.53 2370.92 4740.86 4.18917 28.6184
 286682 179.905 19.8419 39.6756 0.274562
 2571.69 73690.4 28.2682 3.11773 6.27731
 832.028 503.508 6069.24 2.32821 0.773789
 60237 194.91 63.4746 765.118 0.391053
 3304.48 11984.7 16.6769 5.43102 65.4985
 34284 410.989 336.314 0.467985 1.99041
 134490 7964.15 50.7885 41.5604 0.3038
 53282.2 22148.4 435.081 2.77457 2.28704
 78791.5 8311.98 1064 20.9011 0.243157
 38984.9 7738.21 133.18 17.0481 0.338788
 269020 3526.1 101.98 1.75516 0.229139
 5561.74 46325.5 214.153 6.19363 0.120513
 527008 1095.31 3868.75 17.8844 0.527308
 83673.6 127283 148.452 524.346 2.49541
 270572 16534.4 10715.5 12.4977 44.3531
 160479 51240.3 1258.35 815.506 4.32664
 438710 32778.5 4666.1 114.589 74.6565
 7658.93 84905.6 2626.51 373.89 15.1641
 176318 1914.07 12479.4 386.043 57.183
 147409 42575.9 259.301 1690.59 60.0443
 19594.7 38464.2 6932.54 42.2214 285.053
 132712 5149.91 6371.07 1148.28 54.2085
 206608 29478.6 572.238 707.93 133.616
 19348.5 58534.1 5834.73 113.264 166.568
 12866.2 5937.96 14006.5 1396.18 66.9601
 186045 2763.8 609.418 1437.49 150.163
 36761.2 45161.9 379.124 83.5968 217.787
 4619.6 11894.7 12252 102.852 81.7622
pred_Ctot
 249.811 2704.93 13014.9 1793.73 0.012587
 524.463 494.868 2020.92 9723.78 1340.15
 62581.9 207.964 51.773 211.428 1157.51
 3383.12 27131.3 23.974 5.96838 157.811
 1369.59 1859.56 3718.34 3.28564 22.4459
 56207.2 69.7014 7.68744 15.3717 0.106375
 799.917 40536.3 15.55 1.71503 3.45308
 198.128 227.555 2742.93 1.05221 0.349706
 18368.2 105.737 34.4344 415.069 0.212143
 1505.37 8388.62 11.6729 3.8014 45.8451
 8289.23 187.93 153.784 0.213992 0.910141
 50058.8 4939.25 31.4982 25.7751 0.188412
 20765.4 14139 277.745 1.77122 1.45999
 40435.2 6200.25 793.682 15.591 0.181381
 20702.6 5872.32 101.067 12.9374 0.257097
 96098.1 2129.64 61.5924 1.06005 0.138392
 1717.64 25356.2 117.216 3.39007 0.0659627
 118388 473.083 1670.97 7.72455 0.227753
 25733.1 69464 81.0171 286.16 1.36186
 87522.6 9345.07 6056.3 7.06357 25.0679
 47304.6 27137.5 666.44 431.903 2.29144
 138372 18206.4 2591.73 63.6473 41.467
 1601.85 34654.3 1072.01 152.604 6.18925
 39623.9 826.97 5391.69 166.789 24.7058
 27853.8 16005.8 97.4806 635.555 22.5728
 3635.07 14243.4 2567.14 15.6347 105.556
 34618 2494.24 3085.68 556.143 26.2546
 30668.1 9047.44 175.629 217.274 41.0088
 2057.71 13391.4 1334.87 25.9124 38.1073
 3533.85 2987.99 7048.07 702.558 33.6944
 41370.6 1184.24 261.124 615.938 64.3419
 2828.62 7683.26 64.4992 14.2221 37.0514
 1950.84 7971.01 8210.43 68.9248 54.7915
F
 0.134789 0.319841 0.319841 0.319841 0.319841
 0.52606 1.24829 1.24829 1.24829 1.24829
 0.518041 1.22927 1.22927 1.22927 1.22927
 0.583544 1.3847 1.3847 1.3847 1.3847
 1.59435 3.78324 3.78324 3.78324 3.78324
 0.358501 0.85069 0.85069 0.85069 0.85069
 0.630718 1.49664 1.49664 1.49664 1.49664
 0.451327 1.07096 1.07096 1.07096 1.07096
 0.614652 1.45851 1.45851 1.45851 1.45851
 1.08447 2.57334 2.57334 2.57334 2.57334
 0.45973 1.0909 1.0909 1.0909 1.0909
 0.803727 1.90717 1.90717 1.90717 1.90717
 0.857905 2.03573 2.03573 2.03573 2.03573
 1.32063 3.13375 3.13375 3.13375 3.13375
 1.40298 3.32915 3.32915 3.32915 3.32915
 0.759092 1.80126 1.80126 1.80126 1.80126
 0.624871 1.48276 1.48276 1.48276 1.48276
 0.420805 0.998534 0.998534 0.998534 0.998534
 0.621481 1.47472 1.47472 1.47472 1.47472
 0.664011 1.57564 1.57564 1.57564 1.57564
 0.588393 1.3962 1.3962 1.3962 1.3962
 0.642298 1.52412 1.52412 1.52412 1.52412
 0.38664 0.917462 0.917462 0.917462 0.917462
 0.421001 0.998998 0.998998 0.998998 0.998998
 0.343486 0.815061 0.815061 0.815061 0.815061
 0.336279 0.79796 0.79796 0.79796 0.79796
 0.504519 1.19718 1.19718 1.19718 1.19718
 0.261214 0.619838 0.619838 0.619838 0.619838
 0.18125 0.430091 0.430091 0.430091 0.430091
 0.537996 1.27662 1.27662 1.27662 1.27662
 0.415734 0.986499 0.986499 0.986499 0.986499
 0.128352 0.304568 0.304568 0.304568 0.304568
 0.965111 2.29012 2.29012 2.29012 2.29012
YTP_r0W_actual
 14709.3 139094 197625 2158.72 1931.4
YTP_p0W_proyectada
 0 0 0 0 0
 0 0 0 0 0
 0 0 0 0 0
 0 0 0 0 0
 0 0 0 0 0
 0 0 0 0 0
CTP_r0_actual
 1950.84 7971.01 8210.43 68.9248 54.7915
CTP_p0_proyectada
 0 0 0 0 0
 0 0 0 0 0
 0 0 0 0 0
 0 0 0 0 0
 0 0 0 0 0
 0 0 0 0 0
Wmedp
 7.54 17.45 24.07 31.32 35.25
Frms_r0
 0.965111 2.29012 2.29012 2.29012 2.29012
Zrms_r0
 1.96511 3.29012 3.29012 3.29012 3.29012
nmprior
 7.29 8.9 8.7 0
nm_flota  nm_reclas  nm_pelaces    nm_pelaL
inf 13.0257 3.77037 6.41117
cv_recla  cv_pelaces  cv_mph
0.419407 0.495758 1.21627
 ------------------------------------------------
Talla a la edad & desviaci?n 
 8 13.2811 15.8009 17.003 17.5766
 0.8 1.32811 1.58009 1.7003 1.75766
