years
 1991 1992 1993 1994 1995 1996 1997 1998 1999 2000 2001 2002 2003 2004 2005 2006 2007 2008 2009 2010 2011 2012 2013 2014 2015 2016 2017 2018 2019 2020 2021 2022 2023
reclasobs
 0 0 0 0 0 0 0 0 0 252601 567819 844713 477998 351125 339783 2.1784e+06 2.13404e+06 4.81314e+06 1.55562e+06 2.62356e+06 3.21686e+06 3.843e+06 1.13348e+06 3.07943e+06 1.97215e+06 2.03268e+06 2.025e+06 2.42433e+06 2.27542e+06 1.05018e+06 2.36338e+06 3.18982e+06 1.53035e+06
reclaspred
 2.95384e+06 1.5933e+06 834234 838087 872472 1.51696e+06 781816 705279 499042 336204 501845 686166 686182 501205 507194 1.38568e+06 1.23792e+06 3.26477e+06 2.54886e+06 1.81201e+06 3.1265e+06 2.51543e+06 1.91953e+06 3.03856e+06 2.22874e+06 2.00395e+06 2.4148e+06 2.65761e+06 2.14212e+06 1.45538e+06 1.97366e+06 2.12275e+06 1.64682e+06
pelacesobs
 0 0 0 0 0 0 0 0 0 0 0 0 0 0 0 552880 188675 0 991730 2.46772e+06 1.41603e+06 1.21717e+06 2.29649e+06 1.80582e+06 0 1.4828e+06 1.56532e+06 1.57751e+06 1.42118e+06 867257 1.10002e+06 1.06204e+06 0
pelacespred
 1.67142e+06 980837 489293 389936 455553 802832 360672 447656 281634 171425 277218 317590 355549 261269 270501 616237 599492 1.76596e+06 1.44079e+06 930781 1.61045e+06 1.33801e+06 1.0928e+06 1.84505e+06 1.33192e+06 1.21145e+06 1.61139e+06 1.58568e+06 1.23651e+06 946036 1.02618e+06 1.20283e+06 931664
mphobs
 0 0 0 0 0 0 0 0 0 0 0 0 498337 0 5186 125008 0 168611 109162 213762 579715 649985 157893 87575 83554 210694 70296 0 107559 103333 445601 22526 28222
mphpred
 301541 207843 98141.5 56830.1 60219.6 74671.4 99768.1 49329.6 46648.3 28799.2 18167.5 41208.3 44510.5 35960.3 21633.1 28444.8 106986 94305.4 224246 153346 157786 193393 184038 145603 211554 173151 142800 154148 227982 152010 98495.3 176635 112655
desembarqueobs
 494567 514787 250237 358949 120608 361735 552515 73892 212993 205616 52469 317467 293654 387597 252695 516296 358380 742168 942051 627588 828172 859565 418607 520667 417249 300574 415391 372974 316634 284311 391294 218835 356480
desembarquepred
 494564 513989 250564 359011 120616 361749 552532 73898.7 213063 205681 52472.3 317535 293688 387541 252658 516181 358412 741955 941700 627302 828298 859547 418615 520708 417240 300572 415388 372940 316618 284305 391233 218844 356502
Reclutas
 175036 83316.3 95680.7 122950 108409 191579 71186.9 33425 32600.6 43820.3 83857.5 121279 103516 71930 67696.6 351031 71529.2 579679 311697 246771 342263 461750 92383.6 267898 225886 104481 227206 262537 84498.2 78975.6 209587 85186.2 147450
log_desv_Rt
 0.292744 -0.4496 -0.311228 -0.0604696 -0.186333 0.383057 -0.606936 -1.36294 -1.38791 -1.09215 -0.443125 -0.0741523 -0.232514 -0.596551 -0.657209 0.988629 -0.602139 1.49023 0.869788 0.636216 0.963336 1.26278 -0.346295 0.718363 0.547784 -0.223244 0.553612 0.698149 -0.435514 -0.503106 0.472896 -0.427405 0.121242
SSB
 1.65632e+06 1.14166e+06 539078 312160 330778 410160 548013 270961 256233 158190 99791.6 226352 244490 197525 118828 156243 587661 518007 1.23176e+06 842308 866698 1.06228e+06 1.0109e+06 799776 1.16204e+06 951096 784381 846717 1.25228e+06 834970 541022 970232 618801
BT
 2.44721e+06 1.68604e+06 834402 795704 674806 1.36231e+06 943911 638327 573748 417275 415191 681545 729750 745385 619815 1.26551e+06 1.03599e+06 3.0376e+06 2.75414e+06 1.7578e+06 2.77961e+06 2.53456e+06 1.7243e+06 2.92228e+06 2.06739e+06 1.78832e+06 2.54057e+06 2.43273e+06 1.77539e+06 1.449e+06 1.68504e+06 1.68014e+06 1.51911e+06
Ftot
 0.26262 0.47018 0.463507 0.773128 0.246431 0.475317 1.03421 0.183962 0.749906 1.06381 0.239928 0.875772 0.798944 1.4479 1.09875 0.919653 0.463589 0.522747 0.63812 0.619889 0.504134 0.636237 0.342603 0.355071 0.318292 0.248741 0.345839 0.29278 0.218697 0.314624 0.419919 0.164943 0.402587
BD_Bspro_t
 0.958851 0.746557 0.526272 0.435022 0.42825 0.532077 0.521515 0.31872 0.383506 0.317377 0.282091 0.548654 0.43199 0.334867 0.225961 0.276711 0.47424 0.430582 0.573815 0.452399 0.415014 0.462061 0.483717 0.464877 0.587656 0.598025 0.604717 0.646906 0.714319 0.632273 0.56391 0.664725 0.658087
BD_Bspro
 1.7602 1.21325 0.572887 0.331737 0.351523 0.435883 0.582381 0.287954 0.272302 0.168111 0.10605 0.240548 0.259823 0.209913 0.12628 0.166042 0.624516 0.550494 1.309 0.895133 0.921053 1.1289 1.0743 0.849934 1.23492 1.01074 0.833574 0.899819 1.33081 0.887335 0.574952 1.03108 0.65761
BD_Bo
 2.40981 1.66101 0.784312 0.454166 0.481253 0.596747 0.79731 0.394224 0.372796 0.230153 0.145188 0.329322 0.355712 0.287381 0.172884 0.22732 0.854995 0.753655 1.7921 1.22548 1.26097 1.54552 1.47077 1.1636 1.69066 1.38376 1.14121 1.2319 1.82195 1.21481 0.787139 1.4116 0.900301
BD_Brms
 2.5814 1.77928 0.840159 0.486505 0.515522 0.639239 0.854083 0.422295 0.399341 0.246541 0.155526 0.352772 0.381041 0.307845 0.185195 0.243507 0.915876 0.80732 1.9197 1.31275 1.35076 1.65557 1.57549 1.24646 1.81105 1.48229 1.22247 1.31962 1.95168 1.30131 0.843188 1.51212 0.964408
Sel_flota
 0.464255 1 1 1 1
 0.464255 1 1 1 1
 0.464255 1 1 1 1
 0.464255 1 1 1 1
 0.464255 1 1 1 1
 0.464255 1 1 1 1
 0.464255 1 1 1 1
 0.464255 1 1 1 1
 0.464255 1 1 1 1
 0.464255 1 1 1 1
 0.464255 1 1 1 1
 0.464255 1 1 1 1
 0.464255 1 1 1 1
 0.464255 1 1 1 1
 0.464255 1 1 1 1
 0.464255 1 1 1 1
 0.464255 1 1 1 1
 0.464255 1 1 1 1
 0.464255 1 1 1 1
 0.464255 1 1 1 1
 0.464255 1 1 1 1
 0.464255 1 1 1 1
 0.464255 1 1 1 1
 0.464255 1 1 1 1
 0.464255 1 1 1 1
 0.464255 1 1 1 1
 0.464255 1 1 1 1
 0.464255 1 1 1 1
 0.464255 1 1 1 1
 0.464255 1 1 1 1
 0.464255 1 1 1 1
 0.464255 1 1 1 1
 0.464255 1 1 1 1
Sel_reclas
 1 1 1 1 1
 1 1 1 1 1
 1 1 1 1 1
 1 1 1 1 1
 1 1 1 1 1
 1 1 1 1 1
 1 1 1 1 1
 1 1 1 1 1
 1 1 1 1 1
 1 1 1 1 1
 1 1 1 1 1
 1 1 1 1 1
 1 1 1 1 1
 1 1 1 1 1
 1 1 1 1 1
 1 1 1 1 1
 1 1 1 1 1
 1 1 1 1 1
 1 1 1 1 1
 1 1 1 1 1
 1 1 1 1 1
 1 1 1 1 1
 1 1 1 1 1
 1 1 1 1 1
 1 1 1 1 1
 1 1 1 1 1
 1 1 1 1 1
 1 1 1 1 1
 1 1 1 1 1
 1 1 1 1 1
 1 1 1 1 1
 1 1 1 1 1
 1 1 1 1 1
Sel_pelaces
 0.832112 0.961455 0.992097 0.99842 0.999686
 0.832112 0.961455 0.992097 0.99842 0.999686
 0.832112 0.961455 0.992097 0.99842 0.999686
 0.832112 0.961455 0.992097 0.99842 0.999686
 0.832112 0.961455 0.992097 0.99842 0.999686
 0.832112 0.961455 0.992097 0.99842 0.999686
 0.832112 0.961455 0.992097 0.99842 0.999686
 0.832112 0.961455 0.992097 0.99842 0.999686
 0.832112 0.961455 0.992097 0.99842 0.999686
 0.832112 0.961455 0.992097 0.99842 0.999686
 0.832112 0.961455 0.992097 0.99842 0.999686
 0.832112 0.961455 0.992097 0.99842 0.999686
 0.832112 0.961455 0.992097 0.99842 0.999686
 0.832112 0.961455 0.992097 0.99842 0.999686
 0.832112 0.961455 0.992097 0.99842 0.999686
 0.832112 0.961455 0.992097 0.99842 0.999686
 0.832112 0.961455 0.992097 0.99842 0.999686
 0.832112 0.961455 0.992097 0.99842 0.999686
 0.832112 0.961455 0.992097 0.99842 0.999686
 0.832112 0.961455 0.992097 0.99842 0.999686
 0.832112 0.961455 0.992097 0.99842 0.999686
 0.832112 0.961455 0.992097 0.99842 0.999686
 0.832112 0.961455 0.992097 0.99842 0.999686
 0.832112 0.961455 0.992097 0.99842 0.999686
 0.832112 0.961455 0.992097 0.99842 0.999686
 0.832112 0.961455 0.992097 0.99842 0.999686
 0.832112 0.961455 0.992097 0.99842 0.999686
 0.832112 0.961455 0.992097 0.99842 0.999686
 0.832112 0.961455 0.992097 0.99842 0.999686
 0.832112 0.961455 0.992097 0.99842 0.999686
 0.832112 0.961455 0.992097 0.99842 0.999686
 0.832112 0.961455 0.992097 0.99842 0.999686
 0.832112 0.961455 0.992097 0.99842 0.999686
pf_obs 
 0.8446 0.082 0.0669 0.0065 0
 0.8095 0.147 0.0364 0.0071 0
 0.9664 0.0169 0.016 0.0007 0
 0.9276 0.0648 0.0075 0.0001 0
 0.7033 0.2144 0.0806 0.0017 0
 0.9318 0.0425 0.0243 0.0014 0
 0.5671 0.3108 0.0964 0.0239 0.0018
 0.0768 0.2599 0.5324 0.112 0.0189
 0.490249 0.384438 0.106611 0.0170017 0.00170017
 0.7925 0.1577 0.0466 0.003 0.0002
 0.840416 0.127587 0.0312969 0.00059994 9.999e-05
 0.8084 0.0986 0.0794 0.0134 0.0002
 0.7335 0.1905 0.0724 0.0035 0.0001
 0.4001 0.4547 0.1325 0.0127 0
 0.49795 0.308269 0.164784 0.0264974 0.00249975
 0.9179 0.0499 0.0305 0.0017 0
 0.2467 0.6533 0.0926 0.0074 0
 0.9418 0.0223 0.034 0.0019 0
 0.707729 0.231977 0.0356964 0.0245975 0
 0.517169 0.277429 0.184464 0.0207286 0.00020938
 0.811772 0.124168 0.05621 0.00726502 0.000585176
 0.764997 0.148141 0.077277 0.00933861 0.000247198
 0.163321 0.427699 0.378323 0.0303852 0.000271297
 0.753843 0.0900009 0.118128 0.0371064 0.000921714
 0.721811 0.176058 0.0630433 0.0369309 0.00215725
 0.143369 0.312575 0.442814 0.0836902 0.0175525
 0.692698 0.0596174 0.167031 0.0765114 0.00414204
 0.394062 0.376323 0.152708 0.0712218 0.00568511
 0.125707 0.32114 0.495352 0.0537591 0.00404204
 0.23352 0.215282 0.420074 0.123614 0.00750983
 0.796117 0.104755 0.0508955 0.0450114 0.00322123
 0.162477 0.292055 0.404252 0.121198 0.0200186
 0 0 0 0 0
pf_pred 
 0.441328 0.152673 0.378551 0.0274479 1.08425e-06
 0.32713 0.436832 0.0645041 0.159937 0.0115972
 0.522036 0.262738 0.139726 0.0206324 0.0548674
 0.632347 0.269252 0.0540913 0.0287661 0.0155435
 0.581717 0.346167 0.0528141 0.0106101 0.00869139
 0.678548 0.245654 0.0627297 0.00957055 0.00349765
 0.375352 0.525649 0.0756554 0.0193192 0.00402469
 0.392642 0.393836 0.179682 0.0258612 0.0079796
 0.481728 0.308975 0.135717 0.0619189 0.0116616
 0.679819 0.230562 0.0534277 0.0234681 0.0127235
 0.783512 0.187964 0.0205406 0.00475985 0.00322429
 0.684374 0.282106 0.0291031 0.00318038 0.00123621
 0.620784 0.327122 0.0465619 0.00480349 0.000728962
 0.576095 0.348358 0.0651688 0.009276 0.00110217
 0.704406 0.245371 0.0412723 0.00772099 0.00122957
 0.920125 0.0704698 0.00780685 0.00131314 0.000284775
 0.296724 0.683124 0.0177794 0.00196965 0.000403151
 0.879025 0.0621649 0.0571249 0.00148677 0.000198421
 0.483274 0.49033 0.0135641 0.0124644 0.0003677
 0.521174 0.341568 0.130247 0.00360304 0.0034086
 0.658022 0.253787 0.0629105 0.023989 0.00129142
 0.670458 0.273571 0.0415363 0.0102963 0.00413756
 0.2355 0.645229 0.0990133 0.0150332 0.00522404
 0.663253 0.143324 0.163247 0.0250509 0.00512519
 0.526059 0.391623 0.0350354 0.0399053 0.0073765
 0.341392 0.478095 0.14916 0.0133442 0.0180086
 0.644741 0.194426 0.116752 0.0364252 0.0076564
 0.597402 0.32763 0.0410285 0.0246374 0.00930227
 0.275244 0.564091 0.130747 0.0163733 0.0135443
 0.394878 0.282743 0.250914 0.0581578 0.0133077
 0.720485 0.170124 0.0511126 0.0453588 0.0129191
 0.358348 0.554507 0.0530398 0.0159354 0.0181694
 0.589397 0.229522 0.156488 0.0149685 0.00962477
pobs_RECLAS
 0 0 0 0 0
 0 0 0 0 0
 0 0 0 0 0
 0 0 0 0 0
 0 0 0 0 0
 0 0 0 0 0
 0 0 0 0 0
 0 0 0 0 0
 0 0 0 0 0
 0 0 0 0 0
 0.991045 0.00858322 0.000360255 1.14367e-05 0
 0.934742 0.0480273 0.0164251 0.00080598 0
 0.827803 0.169806 0.00239088 0 0
 0.941827 0.0461693 0.0120037 0 0
 0.791401 0.0380133 0.147996 0.0225897 0
 0.846168 0.0940531 0.0597789 0 0
 0.134021 0.677848 0.182769 0.00536245 0
 0.80878 0.0450904 0.141981 0.00414843 0
 0.846168 0.0940531 0.0597789 0 0
 0.905697 0.0802665 0.012482 0.00150086 5.37128e-05
 0.989698 0.0102097 9.19794e-05 0 0
 0.975433 0.0193895 0.00387452 0.00125025 5.28907e-05
 0.303575 0.632131 0.0575291 0.00676475 0
 0.966965 0.00978017 0.0227588 0.000495775 0
 0.843318 0.132988 0.00938335 0.0141283 0.000182051
 0.564624 0.303363 0.111486 0.0197234 0.00080311
 0.826376 0.0876187 0.0782897 0.00655872 0.00115652
 0.89761 0.0855135 0.0140674 0.00269457 0.000114338
 0.34875 0.467042 0.161289 0.0227151 0.000203297
 0.318654 0.224769 0.449479 0.00709798 0
 0.937255 0.0296025 0.0250945 0.00804832 0
 0.456809 0.399803 0.12412 0.0192676 0
 0.883104 0.0372192 0.0704036 0.00927362 0
ppred_RECLAS
 0.633022 0.100287 0.24866 0.0180298 7.12215e-07
 0.518372 0.312676 0.0461708 0.11448 0.00830104
 0.707327 0.160883 0.0855587 0.0126339 0.0335971
 0.796012 0.149392 0.0300119 0.0159605 0.00862415
 0.7521 0.20516 0.0313009 0.00628818 0.00515106
 0.823784 0.134665 0.0343877 0.00524646 0.00191737
 0.583013 0.350899 0.0505041 0.0128966 0.0026867
 0.584245 0.269592 0.122998 0.0177027 0.00546228
 0.677885 0.192033 0.0843504 0.0384837 0.0072479
 0.83209 0.120912 0.0280187 0.0123072 0.00667249
 0.887543 0.0976399 0.0106701 0.00247256 0.0016749
 0.832393 0.149807 0.0154546 0.00168888 0.000656467
 0.788259 0.182654 0.0259986 0.0026821 0.000407028
 0.768249 0.190449 0.0356282 0.00507124 0.000602561
 0.848083 0.126106 0.0212114 0.00396811 0.000631923
 0.963632 0.0320861 0.00355459 0.000597895 0.000129663
 0.482831 0.50235 0.0130745 0.00144843 0.000296466
 0.941686 0.0299656 0.0275361 0.000716672 9.56456e-05
 0.677159 0.306349 0.00847461 0.00778752 0.000229732
 0.709084 0.207523 0.0791328 0.00218907 0.00207093
 0.81026 0.140809 0.0349048 0.0133099 0.000716519
 0.820211 0.149253 0.0226611 0.00561739 0.00225733
 0.403346 0.503569 0.0772749 0.0117327 0.0040771
 0.812236 0.079915 0.0910232 0.0139679 0.00285771
 0.708631 0.240762 0.0215391 0.024533 0.00453492
 0.530724 0.340655 0.106281 0.00950808 0.0128316
 0.799341 0.109817 0.0659442 0.0205738 0.00432452
 0.764492 0.191654 0.0240005 0.0144121 0.00544155
 0.452698 0.425975 0.0987342 0.0123643 0.010228
 0.588393 0.192323 0.170673 0.0395592 0.00905194
 0.850436 0.0910307 0.0273495 0.0242707 0.00691281
 0.548068 0.390554 0.0373573 0.0112237 0.0127972
 0.759773 0.134284 0.0915549 0.00875743 0.00563106
pobs_PELACES
 0 0 0 0 0
 0 0 0 0 0
 0 0 0 0 0
 0 0 0 0 0
 0 0 0 0 0
 0 0 0 0 0
 0 0 0 0 0
 0 0 0 0 0
 0 0 0 0 0
 0 0 0 0 0
 0 0 0 0 0
 0 0 0 0 0
 0 0 0 0 0
 0 0 0 0 0
 0 0 0 0 0
 0 0 0 0 0
 0.505614 0.472636 0.0217494 0 0
 0 0 0 0 0
 0.443492 0.261883 0.143347 0.151278 0
 0.227955 0.32914 0.350689 0.0885471 0.00366901
 0.970185 0.0296113 0.000203453 0 0
 0.997202 0.00247181 0.000326279 0 0
 0.445219 0.490057 0.0546422 0.010081 0
 0.90214 0.0892962 0.00764917 0.000914606 0
 0 0 0 0 0
 0.581667 0.319106 0.0959925 0.00289975 0.000334073
 0.762889 0.0836404 0.116647 0.0363945 0.000428098
 0.88444 0.0763242 0.0277011 0.0115352 0
 0.521256 0.241999 0.230069 0.00667565 0
 0.616807 0.101726 0.260614 0.0208532 0
 0.833518 0.0704572 0.0857862 0.0102388 0
 0.697417 0.212968 0.0787535 0.0105354 0.000325836
 0 0 0 0 0
ppred_PELACES
 0.604426 0.105621 0.270233 0.0197189 7.79925e-07
 0.499843 0.320577 0.0488462 0.121885 0.00884921
 0.690933 0.167295 0.0918043 0.0136425 0.0363254
 0.793216 0.150032 0.0311011 0.0166452 0.00900551
 0.731672 0.22078 0.0347576 0.00702709 0.00576365
 0.813662 0.141298 0.0372315 0.00571654 0.00209181
 0.591031 0.342337 0.050842 0.0130656 0.00272536
 0.553975 0.285907 0.134598 0.0194959 0.00602318
 0.672261 0.19272 0.0873499 0.0401061 0.00756305
 0.836777 0.116406 0.0278342 0.0123041 0.00667926
 0.876465 0.106782 0.012041 0.00280803 0.00190455
 0.83335 0.148435 0.0158011 0.00173775 0.000676318
 0.786971 0.182945 0.02687 0.00278967 0.000423888
 0.786528 0.174408 0.0336672 0.00482266 0.000573751
 0.853687 0.120775 0.0209623 0.0039465 0.000629278
 0.964127 0.0315264 0.0036039 0.000610052 0.000132467
 0.467008 0.517235 0.0138909 0.00154868 0.000317388
 0.937865 0.0314389 0.0298107 0.000780816 0.000104338
 0.669803 0.312769 0.00892796 0.0082564 0.000243873
 0.699907 0.21211 0.0834594 0.00232347 0.00220087
 0.800221 0.146979 0.0375954 0.0144272 0.000777655
 0.814585 0.153048 0.0239779 0.00598171 0.00240678
 0.382112 0.518816 0.0821519 0.0125526 0.00436757
 0.796435 0.0850317 0.0999378 0.0154336 0.00316159
 0.688763 0.255591 0.0235945 0.0270454 0.00500567
 0.503376 0.357262 0.115014 0.010355 0.0139922
 0.783076 0.116932 0.0724548 0.0227491 0.00478782
 0.746163 0.205232 0.0265199 0.0160266 0.00605877
 0.424843 0.444385 0.106284 0.0133946 0.0110943
 0.562384 0.200903 0.183969 0.0429128 0.00983175
 0.839428 0.0963906 0.0298828 0.0266879 0.0076109
 0.518203 0.414409 0.0409024 0.0123672 0.0141188
 0.743407 0.141385 0.0994686 0.00957502 0.00616458
pobs_pel_tallas
 0 0 0 0 0 0 0 0 0 0 0 0 0 0 0 0 0 0 0 0 0 0 0 0 0 0
 0 0 0 0 0 0 0 0 0 0 0 0 0 0 0 0 0 0 0 0 0 0 0 0 0 0
 0 0 0 0 0 0 0 0 0 0 0 0 0 0 0 0 0 0 0 0 0 0 0 0 0 0
 0 0 0 0 0 0 0 0 0 0 0 0 0 0 0 0 0 0 0 0 0 0 0 0 0 0
 0 0 0 0 0 0 0 0 0 0 0 0 0 0 0 0 0 0 0 0 0 0 0 0 0 0
 0 0 0 0 0 0 0 0 0 0 0 0 0 0 0 0 0 0 0 0 0 0 0 0 0 0
 0 0 0 0 0 0 0 0 0 0 0 0 0 0 0 0 0 0 0 0 0 0 0 0 0 0
 0 0 0 0 0 0 0 0 0 0 0 0 0 0 0 0 0 0 0 0 0 0 0 0 0 0
 0 0 0 0 0 0 0 0 0 0 0 0 0 0 0 0 0 0 0 0 0 0 0 0 0 0
 0 0 0 0 0 0 0 0 0 0 0 0 0 0 0 0 0 0 0 0 0 0 0 0 0 0
 0 0 0 0 0 0 0 0 0 0 0 0 0 0 0 0 0 0 0 0 0 0 0 0 0 0
 0 0 0 0 0 0 0 0 0 0 0 0 0 0 0 0 0 0 0 0 0 0 0 0 0 0
 0.00862536 0 0 0.000197151 0.00414017 0.0128641 0.00837892 0.0270097 0.101434 0.158115 0.152841 0.127902 0.109271 0.109419 0.0830992 0.0579132 0.0238553 0.00714673 0.00463305 0.00128148 0.00103504 0.000492878 0.000147863 0.000147863 4.92878e-05 0
 0 0 0 0 0 0 0 0 0 0 0 0 0 0 0 0 0 0 0 0 0 0 0 0 0 0
 0 0 0 0 0 0 0 0.0054083 0.00873648 0.0413646 0.0450493 0.0745869 0.0622846 0.0627006 0.0613931 0.0827291 0.12552 0.122667 0.0946155 0.0697135 0.0546179 0.0294188 0.0215738 0.0213955 0.0102223 0.00600262
 0 0 0 0 0.00359764 0.0251062 0.0480494 0.140153 0.205849 0.193036 0.1447 0.116669 0.0760912 0.0342217 0.00950174 0.001854 0.000860785 0 0 0 0.000165536 0 0.000143464 0 0 0
 0 0 0 0 0 0 0 0.000145254 0.000435761 0.0275982 0.070085 0.0708112 0.156366 0.174668 0.174014 0.160142 0.0824315 0.0480064 0.0283245 0.00493863 0.00203355 0 0 0 0 0
 0 0 0 0 0 0 0 0 0 0 0 0 0 0 0 0 0 0 0 0 0 0 0 0 0 0
 0 0 1.00437e-05 0.000401748 0.00122533 0.00171747 0.00176769 0.0269171 0.070346 0.194647 0.189555 0.159765 0.064822 0.0314167 0.0384472 0.0292271 0.0345202 0.0313363 0.0194345 0.0106764 0.0143323 0.0359363 0.0279516 0.0138201 0.00172751 0
 0 0.0021121 0.0136068 0.0755702 0.200478 0.177729 0.0527432 0.0373336 0.0318909 0.0142505 0.0149659 0.0166563 0.0217959 0.0798694 0.0677717 0.0528807 0.04013 0.0224614 0.0357745 0.0225083 0.00881397 0.00855152 0.00135912 0.000746735 0 0
 0 0 0 0 5.4009e-05 0.00500934 0.000945158 0.0243581 0.138947 0.33067 0.221406 0.137944 0.0707744 0.0437923 0.0131692 0.00525238 0.0047753 0.00276346 9.45158e-05 9.00151e-06 2.25038e-05 9.00151e-06 4.50075e-06 0 0 0
 0.000866109 0.00284123 0.00948549 0.0512746 0.133035 0.25785 0.225252 0.132002 0.0553304 0.0519788 0.0540692 0.017754 0.00435017 0.00159236 0.00146478 0.000404838 0.000125132 0.000115318 0.000107957 0.000100596 0 0 0 0 0 0
 0 0 0 0 0.00144013 0.00171154 0.00461396 0.0210425 0.0478622 0.0707936 0.0888783 0.103762 0.0637923 0.0337046 0.0602308 0.124433 0.169614 0.0934646 0.0462172 0.0250306 0.0313229 0.00938855 0.002487 0.000210481 0 0
 0 0.00764035 0.051015 0.0998891 0.058973 0.0496711 0.0374665 0.0718981 0.12319 0.153886 0.159021 0.0857701 0.0377988 0.023471 0.0147837 0.00900784 0.00315554 0.000888139 0.00291439 0.00214683 0.00393193 0.00274676 0.000635225 9.99891e-05 0 0
 0 0 0 0 0 0 0 0 0 0 0 0 0 0 0 0 0 0 0 0 0 0 0 0 0 0
 0 0 0 0 0 0 0 0 0 0 0 0 0 0 0 0 0 0 0 0 0 0 0 0 0 0
 0 0 0 0 0 0 0 0 0 0 0 0 0 0 0 0 0 0 0 0 0 0 0 0 0 0
 0 0 0 0 0 0 0 0 0 0 0 0 0 0 0 0 0 0 0 0 0 0 0 0 0 0
 0 0 0 0 0 0 0 0 0 0 0 0 0 0 0 0 0 0 0 0 0 0 0 0 0 0
 0 0 0 0 0 0 0 0 0 0 0 0 0 0 0 0 0 0 0 0 0 0 0 0 0 0
 0 0 0 0 0 0 0 0 0 0 0 0 0 0 0 0 0 0 0 0 0 0 0 0 0 0
 0 0 0 0 0 0 0 0 0 0 0 0 0 0 0 0 0 0 0 0 0 0 0 0 0 0
 0 0 0 0 0 0 0 0 0 0 0 0 0 0 0 0 0 0 0 0 0 0 0 0 0 0
ppred_pel_tallas
 1.09804e-16 4.97858e-05 0.000483936 0.00321592 0.0146191 0.0454856 0.0969122 0.141448 0.141459 0.0969641 0.0456609 0.0151307 0.00451925 0.00339247 0.00575893 0.00992417 0.0154119 0.021709 0.0282402 0.0346038 0.0405626 0.0457255 0.0492775 0.0501465 0.0475841 0.0417145
 1.15213e-16 4.11714e-05 0.000400201 0.00265948 0.0120896 0.0376155 0.0801449 0.11698 0.117011 0.0802961 0.0381234 0.0135574 0.00634675 0.0084597 0.0153796 0.0254511 0.0368911 0.0469285 0.0528216 0.0534468 0.0500203 0.0452567 0.0416142 0.039978 0.0395832 0.0389033
 1.10208e-16 5.69112e-05 0.000553197 0.00367619 0.0167114 0.0519956 0.110783 0.161694 0.16171 0.110862 0.0522626 0.017484 0.00562112 0.00481799 0.00821277 0.0136359 0.0199893 0.0258859 0.0299502 0.0315672 0.0312126 0.0300243 0.0289738 0.0283134 0.027641 0.0263657
 1.0413e-16 6.53362e-05 0.000635091 0.00422041 0.0191854 0.0596929 0.127182 0.18563 0.185644 0.127253 0.0599305 0.0198722 0.00594551 0.00440475 0.00723585 0.0118893 0.0171945 0.0217845 0.0243183 0.0241962 0.0219138 0.0187064 0.015773 0.0136875 0.0123434 0.0112957
 1.0274e-16 6.02669e-05 0.000585815 0.00389295 0.0176968 0.0550614 0.117315 0.171229 0.17125 0.117419 0.0554107 0.0187056 0.00642559 0.0061156 0.0105653 0.0173792 0.0250485 0.0315393 0.0348193 0.0339513 0.0296434 0.0237536 0.0181639 0.0139027 0.011022 0.00904313
 1.02038e-16 6.70203e-05 0.000651461 0.00432919 0.0196799 0.0612315 0.130461 0.190414 0.190428 0.130527 0.0614555 0.0203272 0.00595543 0.00420586 0.0068301 0.0112183 0.0162302 0.0205685 0.0229523 0.0227819 0.020473 0.0171366 0.0138753 0.0112578 0.00927902 0.00766427
 1.03327e-16 4.86825e-05 0.000473211 0.00314466 0.0142952 0.0444777 0.0947658 0.13832 0.138353 0.094927 0.0450192 0.0158591 0.00707048 0.00904401 0.0163282 0.0269221 0.0387897 0.0488043 0.0538062 0.0523326 0.0454767 0.0361236 0.0272064 0.0203446 0.0156509 0.0124163
 1.06932e-16 4.56303e-05 0.000443543 0.0029475 0.0133989 0.0416891 0.0888242 0.129647 0.129675 0.0889596 0.0421444 0.0147157 0.00626003 0.00769871 0.0138945 0.0230807 0.0336694 0.0432268 0.0492714 0.050615 0.0479774 0.043312 0.0384382 0.0341113 0.0300937 0.0258603
 1.07873e-16 5.53733e-05 0.000538248 0.00357685 0.0162599 0.0505905 0.107789 0.157325 0.157344 0.10788 0.0508975 0.0171479 0.0058112 0.0054335 0.00940462 0.0155983 0.0227923 0.0293593 0.0336766 0.0350076 0.0338985 0.0316914 0.0295659 0.0278913 0.0262905 0.0241736
 1.03198e-16 6.89242e-05 0.000669968 0.00445217 0.0202389 0.0629709 0.134167 0.195822 0.195834 0.134222 0.0631554 0.0207722 0.00579188 0.0035983 0.00564152 0.0092473 0.013386 0.0169879 0.0190154 0.0190013 0.0173198 0.0149099 0.0126792 0.0110555 0.00995299 0.00904039
 1.00979e-16 7.21932e-05 0.000701744 0.00466334 0.0211989 0.0659576 0.14053 0.20511 0.20512 0.14058 0.0661263 0.0216862 0.00588646 0.00337108 0.00513951 0.00837657 0.0120462 0.01512 0.0166028 0.0160377 0.013775 0.0107358 0.00786341 0.00568896 0.00426046 0.00334997
 1.00783e-16 6.8642e-05 0.000667224 0.00443394 0.0201561 0.0627131 0.133617 0.195021 0.195036 0.133687 0.0629476 0.0208333 0.00613354 0.00437589 0.00710742 0.011629 0.0167158 0.0209571 0.0229627 0.0220883 0.0188148 0.0144235 0.0102373 0.00701813 0.00486425 0.00349053
 1.01174e-16 6.48218e-05 0.000630091 0.00418718 0.0190343 0.0592229 0.126181 0.184169 0.184187 0.126267 0.0595122 0.0198699 0.00628459 0.00520867 0.00876 0.0143781 0.0207019 0.0260221 0.0286379 0.0277562 0.0239525 0.0187679 0.0137826 0.00989008 0.00718972 0.00534206
 1.01597e-16 6.47853e-05 0.000629736 0.00418482 0.0190236 0.0591896 0.12611 0.184065 0.184082 0.126192 0.0594656 0.0198212 0.00618744 0.00500352 0.00837734 0.0137622 0.0198535 0.025037 0.0277073 0.0271138 0.0237902 0.0191656 0.0146878 0.0111491 0.00860561 0.00673054
 1.01139e-16 7.03171e-05 0.000683507 0.00454214 0.0206479 0.0642435 0.136878 0.19978 0.199791 0.136935 0.0644346 0.0212 0.00592816 0.0037101 0.00582101 0.0095188 0.0137209 0.0172858 0.0190984 0.0186405 0.0162887 0.0130449 0.00992582 0.00748964 0.00577538 0.00454606
 1.00196e-16 7.94139e-05 0.000771931 0.00512975 0.0233191 0.0725545 0.154585 0.225622 0.225625 0.1546 0.0726043 0.023463 0.00549085 0.00155994 0.00157524 0.00247649 0.00355495 0.00445991 0.00489299 0.00471765 0.00403581 0.00311834 0.00224399 0.00157182 0.00112032 0.000827688
 1.00743e-16 3.84669e-05 0.000373912 0.00248478 0.0112955 0.0351447 0.0748814 0.109302 0.109352 0.0751244 0.0359606 0.0136507 0.00839198 0.0132535 0.0244521 0.0402401 0.0576738 0.071915 0.0780596 0.0738457 0.0610337 0.0442909 0.028511 0.0166205 0.0091174 0.00498644
 1.00965e-16 7.72507e-05 0.000750905 0.00499002 0.0226839 0.0705781 0.150374 0.219476 0.219479 0.150389 0.0706287 0.0228304 0.00535947 0.00156354 0.0016385 0.00263298 0.00389298 0.00511788 0.00604899 0.00655237 0.00666827 0.00653486 0.00625666 0.00583818 0.00522769 0.00440901
 1.01207e-16 5.51708e-05 0.00053628 0.00356377 0.0162004 0.0504056 0.107396 0.156753 0.156783 0.107543 0.0508991 0.0176249 0.00713669 0.00832709 0.0148252 0.0243536 0.0349177 0.0435772 0.0473791 0.0449712 0.0374288 0.0275724 0.0183387 0.0114539 0.00716212 0.00479601
 1.03069e-16 5.76504e-05 0.000560383 0.00372394 0.0169285 0.052671 0.112222 0.163795 0.163816 0.112322 0.0530081 0.0179032 0.00617436 0.00592229 0.0102777 0.0169949 0.0246957 0.0315074 0.035537 0.0358709 0.0330561 0.0286193 0.0240497 0.0200773 0.0166752 0.0135343
 1.02702e-16 6.59132e-05 0.000640699 0.00425767 0.0193548 0.06022 0.128306 0.187269 0.187283 0.128375 0.060453 0.0200282 0.0059496 0.00433903 0.00710398 0.0116776 0.0169044 0.0214455 0.0239806 0.0239004 0.0216508 0.0183909 0.0152535 0.0127943 0.0109562 0.0094013
 1.01739e-16 6.70963e-05 0.0006522 0.0043341 0.0197022 0.0613009 0.130609 0.19063 0.190645 0.130681 0.061543 0.0204015 0.00608974 0.00448546 0.00734919 0.0120488 0.0173629 0.0218608 0.0241314 0.0235237 0.0205267 0.0164261 0.0125245 0.00953427 0.00749381 0.00607674
 1.04502e-16 3.14742e-05 0.00030594 0.00203308 0.00924213 0.028756 0.0612695 0.0894351 0.0894851 0.0615139 0.0295766 0.0116126 0.00798388 0.0132983 0.0247112 0.040815 0.0588195 0.0740193 0.0816233 0.0794002 0.0689833 0.0547195 0.0410387 0.0304045 0.0230278 0.0178941
 1.04989e-16 6.56013e-05 0.000637668 0.00423753 0.0192632 0.059935 0.127698 0.186381 0.186389 0.127739 0.0600724 0.0196619 0.00524502 0.00285956 0.00435143 0.00726248 0.010858 0.0144951 0.0175406 0.0196688 0.0209724 0.021734 0.0220746 0.0218115 0.0206347 0.0184109
 1.04306e-16 5.67326e-05 0.000551461 0.00366465 0.016659 0.0518324 0.110435 0.161189 0.161213 0.110556 0.0522364 0.0178255 0.00659236 0.00694124 0.0121883 0.0200515 0.0288637 0.0362739 0.0399381 0.0388064 0.0337644 0.027045 0.0208888 0.0164842 0.0138037 0.0121387
 1.06817e-16 4.14625e-05 0.00040303 0.00267828 0.0121751 0.0378814 0.0807117 0.117808 0.117843 0.0808805 0.0384485 0.0138142 0.00679764 0.00941173 0.0171977 0.0284886 0.0413209 0.0525583 0.0590076 0.0591651 0.0540484 0.046377 0.038811 0.0326619 0.0278371 0.0236319
 1.05213e-16 6.4501e-05 0.000626973 0.00416645 0.0189401 0.0589297 0.125556 0.183256 0.183267 0.125612 0.0591166 0.0194811 0.00552893 0.00361659 0.00578749 0.00958451 0.0140798 0.0182948 0.0212686 0.0225532 0.0224318 0.0216212 0.0207128 0.019825 0.0186886 0.0169899
 1.03451e-16 6.14605e-05 0.000597418 0.00397005 0.0180473 0.0561519 0.119638 0.17462 0.17464 0.119735 0.0564765 0.0189847 0.00632319 0.00573468 0.00981929 0.01614 0.023256 0.029275 0.0323181 0.031535 0.027615 0.0223164 0.0174025 0.0138085 0.0115222 0.0100118
 1.06402e-16 3.49938e-05 0.000340152 0.00226043 0.0102756 0.0319715 0.0681203 0.0994326 0.0994755 0.06833 0.0326757 0.0123103 0.00737095 0.0115072 0.0212749 0.0351986 0.0508929 0.0643971 0.0716769 0.0708461 0.0632419 0.0524205 0.0419323 0.0336402 0.0275629 0.0228105
 1.11328e-16 4.63228e-05 0.000450274 0.00299223 0.0136023 0.0423218 0.0901718 0.131613 0.131632 0.0902678 0.0426448 0.0145385 0.00535477 0.00564888 0.0100405 0.016843 0.0250019 0.0330015 0.0392924 0.0431205 0.0448434 0.0453963 0.0453929 0.0446631 0.0425482 0.0385724
 1.04852e-16 6.91426e-05 0.00067209 0.00446628 0.0203031 0.0631704 0.134592 0.196442 0.196452 0.134637 0.0633236 0.0207459 0.00557972 0.00310894 0.00471583 0.00773719 0.0112613 0.0144292 0.0164251 0.0169022 0.0161866 0.0150265 0.0140858 0.0135816 0.0132871 0.0127999
 1.04916e-16 4.26837e-05 0.000414901 0.00275717 0.0125337 0.0389972 0.0830892 0.121279 0.121319 0.0832842 0.039652 0.0144246 0.00750241 0.0107699 0.0196974 0.0324674 0.0467005 0.0585942 0.0643062 0.0620815 0.0533132 0.0416174 0.0306893 0.0225956 0.0174833 0.0143872
 1.04911e-16 6.12335e-05 0.000595211 0.00395539 0.0179806 0.0559445 0.119196 0.173973 0.173987 0.119263 0.0561707 0.0186356 0.00560537 0.0042171 0.00699834 0.0116252 0.0170956 0.0222378 0.0258759 0.0274316 0.0271913 0.0259615 0.0244246 0.0227523 0.0207204 0.0180998
pSPR Fmed_Fpbrs
1   0.983527 0.6 0.325 0.983527 0.983527 0.983527
Fs Fmed_Fpbrs
0   0.01 0.351336 0.910961 0.01 0.01 0.01
SSBpbr Bo_Bmed_Bpbrs
687327  652961  641638 378030 189015 641638 641638 641638
Ro
130614
SPR SPRFo_SPRFmed_SPRFpbrs
940986 940986 925485
Fref
0
Nvult_r0
 102453 21888.3 14923.5 1427.47 917.866
CTP_r0
 16133.4 6282.65 4283.52 409.728 263.457
YTP_r0
356502
Np
 147450 54243.7 19955.1 7341.08 3694.14
Nvult_p0
 93205.9 34288.5 12614 4640.45 2335.14
CTP_p0
 0 0 0 0 0
 0 0 0 0 0
 0 0 0 0 0
 0 0 0 0 0
 0 0 0 0 0
 0 0 0 0 0
YTP_p0
 0 0 0 0 0 0
CBA_c0
0
log_Ro
11.6
likeval ReclasPelacesDesembMPH_pf_preclas_ppelaces_ptallas_desvR_qrecl_qpela
 13.4292 17.2493 0.0251271 0.00125151 234.712 134.549 110.092 0 23.3984 6.37488e-06 2.36388e-05 0.11503 2066.98 0 0
q_reclas_q_pelaces
1.42913 1.98891
M
1
N
 175036 29751.1 73767.7 5348.74 0.211286
 83316.3 57000.8 8416.95 20869.7 1513.28
 95680.7 24639.8 13103.6 1934.92 5145.5
 122950 28384.2 5702.21 3032.48 1638.58
 108409 31590.2 4819.66 968.242 793.15
 191579 35570.1 9083.1 1385.79 506.451
 71186.9 56522.2 8135.09 2077.36 432.768
 33425 16202.6 7392.22 1063.94 328.286
 32600.6 11289.8 4959.04 2262.49 426.111
 43820.3 8467.06 1962.06 861.833 467.253
 83857.5 9837.67 1075.06 249.122 168.754
 121279 27597.7 2847.07 311.128 120.935
 103516 29710.8 4228.98 436.276 66.2079
 71930 26280.2 4916.35 699.784 83.1478
 67696.6 13510.9 2272.59 425.144 67.7043
 351031 14953.4 1656.58 278.642 60.428
 71529.2 84261.1 2193.03 242.95 49.7273
 579679 21218.7 19498.4 507.476 67.7268
 311697 167300 4628.05 4252.83 125.459
 246771 85266.5 32513.8 899.438 850.898
 342263 68079.4 16876 6435.16 346.428
 461750 99637 15127.9 3750.01 1506.93
 92383.6 126425 19400.5 2945.57 1023.59
 267898 28988.4 33017.7 5066.72 1036.61
 225886 83576.6 7476.94 8516.23 1574.22
 104481 71683.5 22364.4 2000.77 2700.12
 227206 34244.4 20563.5 6415.59 1348.53
 262537 71186.2 8914.53 5353.12 2021.16
 84498.2 84307.4 19541.1 2447.1 2024.29
 78975.6 28084 24922.5 5776.64 1321.81
 209587 25105.2 7542.66 6693.57 1906.47
 85186.2 63446.1 6068.76 1823.31 2078.92
 147450 29028.1 19791.4 1893.09 1217.26
pred_Ctot
 12827.2 4437.43 11002.6 797.774 0.0315137
 10513.3 14038.8 2073.02 5140.04 372.708
 11916.9 5997.7 3189.62 470.99 1252.5
 24130.4 10274.7 2064.13 1097.72 593.144
 7477.78 4449.87 678.908 136.389 111.725
 24415.2 8838.99 2257.11 344.363 125.851
 17836.1 24978 3595.03 918.019 191.247
 1741.71 1747.01 797.047 114.717 35.3966
 6232.28 3997.32 1755.82 801.067 150.871
 11234.7 3810.27 882.948 387.834 210.269
 5638.58 1352.69 147.822 34.2545 23.2038
 26468.3 10910.5 1125.57 123.002 47.8108
 20897 11011.7 1567.38 161.696 24.5385
 23483.5 14200.2 2656.49 378.119 44.9278
 17816.2 6206.06 1043.88 195.284 31.099
 79819.2 6113.13 677.229 113.913 24.7037
 8910.31 20513.5 533.896 59.1465 12.1062
 80534.7 5695.44 5233.68 136.215 18.179
 51749.5 52505 1452.46 1334.7 39.3737
 39932.9 26171.2 9979.61 276.068 261.17
 46016 17747.5 4399.38 1677.57 90.3098
 76462.1 31199.3 4736.99 1174.24 471.866
 8699.63 23835.5 3657.66 555.343 192.982
 26084.4 5636.66 6420.16 985.202 201.563
 19852.7 14779.2 1322.18 1505.96 278.377
 7271.16 10182.7 3176.9 284.212 383.557
 21584.6 6508.98 3908.61 1219.44 256.32
 21327 11696.2 1464.7 879.543 332.087
 5199.86 10656.7 2470.05 309.32 255.876
 6865.79 4916.08 4362.67 1011.2 231.382
 23842.2 5629.72 1691.41 1501 427.517
 3994.47 6181.03 591.229 177.63 202.532
 16133.4 6282.65 4283.52 409.728 263.457
F
 0.121923 0.26262 0.26262 0.26262 0.26262
 0.218283 0.47018 0.47018 0.47018 0.47018
 0.215185 0.463507 0.463507 0.463507 0.463507
 0.358929 0.773128 0.773128 0.773128 0.773128
 0.114407 0.246431 0.246431 0.246431 0.246431
 0.220668 0.475317 0.475317 0.475317 0.475317
 0.480135 1.03421 1.03421 1.03421 1.03421
 0.0854052 0.183962 0.183962 0.183962 0.183962
 0.348148 0.749906 0.749906 0.749906 0.749906
 0.493878 1.06381 1.06381 1.06381 1.06381
 0.111388 0.239928 0.239928 0.239928 0.239928
 0.406582 0.875772 0.875772 0.875772 0.875772
 0.370914 0.798944 0.798944 0.798944 0.798944
 0.672193 1.4479 1.4479 1.4479 1.4479
 0.510099 1.09875 1.09875 1.09875 1.09875
 0.426954 0.919653 0.919653 0.919653 0.919653
 0.215224 0.463589 0.463589 0.463589 0.463589
 0.242688 0.522747 0.522747 0.522747 0.522747
 0.296251 0.63812 0.63812 0.63812 0.63812
 0.287786 0.619889 0.619889 0.619889 0.619889
 0.234047 0.504134 0.504134 0.504134 0.504134
 0.295376 0.636237 0.636237 0.636237 0.636237
 0.159055 0.342603 0.342603 0.342603 0.342603
 0.164843 0.355071 0.355071 0.355071 0.355071
 0.147769 0.318292 0.318292 0.318292 0.318292
 0.115479 0.248741 0.248741 0.248741 0.248741
 0.160558 0.345839 0.345839 0.345839 0.345839
 0.135924 0.29278 0.29278 0.29278 0.29278
 0.101531 0.218697 0.218697 0.218697 0.218697
 0.146066 0.314624 0.314624 0.314624 0.314624
 0.19495 0.419919 0.419919 0.419919 0.419919
 0.0765757 0.164943 0.164943 0.164943 0.164943
 0.186903 0.402587 0.402587 0.402587 0.402587
YTP_r0W_actual
 121646 109632 103104 12832.7 9286.85
YTP_p0W_proyectada
 0 0 0 0 0
 0 0 0 0 0
 0 0 0 0 0
 0 0 0 0 0
 0 0 0 0 0
 0 0 0 0 0
CTP_r0_actual
 16133.4 6282.65 4283.52 409.728 263.457
CTP_p0_proyectada
 0 0 0 0 0
 0 0 0 0 0
 0 0 0 0 0
 0 0 0 0 0
 0 0 0 0 0
 0 0 0 0 0
Wmedp
 7.54 17.45 24.07 31.32 35.25
Frms_r0
 0.186903 0.402587 0.402587 0.402587 0.402587
Zrms_r0
 1.1869 1.40259 1.40259 1.40259 1.40259
nmprior
 7.29 8.9 8.7 0
nm_flota  nm_reclas  nm_pelaces    nm_pelaL
inf 14.2354 19.2696 62.9246
cv_recla  cv_pelaces  cv_mph
0.317363 0.454964 0.945483
 ------------------------------------------------
Talla a la edad & desviaci?n 
 8 13.2811 15.8009 17.003 17.5766
 0.8 1.32811 1.58009 1.7003 1.75766
