years
 1991 1992 1993 1994 1995 1996 1997 1998 1999 2000 2001 2002 2003 2004 2005 2006 2007 2008 2009 2010 2011 2012 2013 2014 2015 2016 2017 2018 2019 2020 2021 2022 2023
reclasobs
 0 0 0 0 0 0 0 0 0 252601 567819 844713 477998 351125 339783 2.1784e+06 2.13404e+06 4.81314e+06 1.55562e+06 2.62356e+06 3.21686e+06 3.843e+06 1.13348e+06 3.07943e+06 1.97215e+06 2.03268e+06 2.025e+06 2.42433e+06 2.27542e+06 1.05018e+06 2.36338e+06 3.18982e+06 1.53035e+06
reclaspred
 2.84058e+06 1.53452e+06 809477 825715 860492 1.40501e+06 748671 694944 502062 355583 498778 666401 665601 495954 515678 1.35637e+06 1.25417e+06 3.13988e+06 2.47427e+06 1.79645e+06 3.09957e+06 2.48159e+06 1.94566e+06 3.01658e+06 2.24218e+06 2.03381e+06 2.41726e+06 2.63964e+06 2.16304e+06 1.49086e+06 1.98691e+06 2.15748e+06 1.70304e+06
pelacesobs
 0 0 0 0 0 0 0 0 0 0 0 0 0 0 0 552880 188675 0 991730 2.46772e+06 1.41603e+06 1.21717e+06 2.29649e+06 1.80582e+06 0 1.4828e+06 1.56532e+06 1.57751e+06 1.42118e+06 867257 1.10002e+06 1.06204e+06 0
pelacespred
 1.53089e+06 901852 456644 388463 444167 753345 339927 435917 285247 187989 284827 317276 352718 271802 291721 639964 601305 1.76177e+06 1.40621e+06 923852 1.61983e+06 1.33916e+06 1.08313e+06 1.86286e+06 1.31512e+06 1.20276e+06 1.63371e+06 1.59448e+06 1.19325e+06 937982 1.05264e+06 1.1911e+06 965800
mphobs
 0 0 0 0 0 0 0 0 0 0 0 0 498337 0 5186 125008 0 168611 109162 213762 579715 649985 157893 87575 83554 210694 70296 0 107559 103333 445601 22526 28222
mphpred
 290159 197054 93627.5 54936.8 59666.9 72413.2 91644.8 47709.6 45865.2 29974.9 19800.9 40595.2 43612.6 35584.5 22387.4 29816.4 105538 95693.2 214392 149754 157681 191436 181599 147370 208486 172848 143946 153113 223994 152499 100822 176145 113489
desembarqueobs
 494567 514787 250237 358949 120608 361735 552515 73892 212993 205616 52469 317467 293654 387597 252695 516296 358380 742168 942051 627588 828172 859565 418607 520667 417249 300574 415391 372974 316634 284311 391294 218835 356480
desembarquepred
 494567 513863 250645 359019 120617 361763 552570 73899 213067 205684 52472.7 317549 293707 387586 252672 516203 358409 741983 941754 627352 828311 859590 418624 520718 417251 300577 415398 372951 316624 284312 391248 218844 356503
Reclutas
 173985 84174.4 101479 132107 116318 192018 75114.5 37043.6 35340.2 47548.6 91126.5 126004 107739 74936.8 73948.1 377290 78979.9 614494 330092 266344 367344 492758 104068 292314 251828 117103 250599 291082 94775.9 88313.2 232013 96577.5 169563
log_desv_Rt
 0.209764 -0.516314 -0.32935 -0.0655929 -0.192878 0.308386 -0.630193 -1.33711 -1.38418 -1.08745 -0.436957 -0.112889 -0.269498 -0.632561 -0.645842 0.98381 -0.580012 1.47159 0.850165 0.635581 0.957092 1.25081 -0.30416 0.728624 0.579541 -0.186156 0.574647 0.724398 -0.397691 -0.468316 0.497588 -0.37886 0.18402
SSB
 1.8731e+06 1.27207e+06 604408 354641 385176 467460 591608 307987 296080 193502 127823 262060 281539 229714 144521 192478 681296 617742 1.384e+06 966729 1.0179e+06 1.2358e+06 1.1723e+06 951341 1.34587e+06 1.11581e+06 929235 988411 1.44598e+06 984448 650851 1.1371e+06 732623
BT
 2.7011e+06 1.84294e+06 921333 875432 758963 1.43462e+06 1.00498e+06 715676 640812 475990 474151 739825 791348 804519 693536 1.3904e+06 1.17646e+06 3.30354e+06 3.00335e+06 1.95908e+06 3.08357e+06 2.82095e+06 1.97386e+06 3.27972e+06 2.35673e+06 2.05832e+06 2.8748e+06 2.75249e+06 2.03364e+06 1.67477e+06 1.92467e+06 1.94471e+06 1.76548e+06
Ftot
 0.24117 0.438601 0.431126 0.726906 0.229932 0.470071 1.00847 0.17188 0.683984 0.932854 0.223088 0.840016 0.764376 1.37202 1.02224 0.894409 0.42946 0.505929 0.615718 0.577789 0.467986 0.599335 0.313452 0.327599 0.293693 0.225453 0.317779 0.275801 0.200175 0.277552 0.384944 0.150872 0.359982
BD_Bspro_t
 0.962591 0.766849 0.558742 0.473996 0.472296 0.569226 0.544856 0.350326 0.422638 0.365702 0.336671 0.586765 0.469013 0.370922 0.263053 0.320037 0.512746 0.474888 0.604133 0.488448 0.456535 0.502152 0.52446 0.512253 0.626605 0.639005 0.646693 0.68287 0.744653 0.671432 0.609306 0.702067 0.697614
BD_Bspro
 1.84313 1.25171 0.594734 0.348966 0.379012 0.459978 0.58214 0.303058 0.291342 0.190405 0.125778 0.257866 0.277033 0.226037 0.142208 0.189398 0.670392 0.607856 1.36185 0.951257 1.00161 1.21602 1.15354 0.936116 1.32433 1.09795 0.914363 0.972592 1.42284 0.968692 0.640434 1.1189 0.720898
BD_Bo
 2.35437 1.59891 0.759702 0.445762 0.484142 0.587567 0.743614 0.38712 0.372154 0.243219 0.160666 0.329393 0.353876 0.288736 0.181653 0.241933 0.856346 0.776463 1.7396 1.21512 1.27944 1.55332 1.47351 1.19578 1.69167 1.4025 1.16799 1.24237 1.8175 1.23739 0.818078 1.42926 0.92086
BD_Brms
 2.51952 1.71107 0.812993 0.477031 0.518103 0.628783 0.795776 0.414275 0.398259 0.26028 0.171936 0.352499 0.3787 0.30899 0.194396 0.258904 0.916416 0.830929 1.86162 1.30035 1.36919 1.66229 1.57687 1.27966 1.81034 1.50088 1.24992 1.32952 1.945 1.32419 0.875464 1.52952 0.985456
Sel_flota
 0.415819 0.931149 0.996123 0.999795 0.999989
 0.415819 0.931149 0.996123 0.999795 0.999989
 0.415819 0.931149 0.996123 0.999795 0.999989
 0.415819 0.931149 0.996123 0.999795 0.999989
 0.415819 0.931149 0.996123 0.999795 0.999989
 0.415819 0.931149 0.996123 0.999795 0.999989
 0.415819 0.931149 0.996123 0.999795 0.999989
 0.415819 0.931149 0.996123 0.999795 0.999989
 0.415819 0.931149 0.996123 0.999795 0.999989
 0.415819 0.931149 0.996123 0.999795 0.999989
 0.415819 0.931149 0.996123 0.999795 0.999989
 0.415819 0.931149 0.996123 0.999795 0.999989
 0.415819 0.931149 0.996123 0.999795 0.999989
 0.415819 0.931149 0.996123 0.999795 0.999989
 0.415819 0.931149 0.996123 0.999795 0.999989
 0.415819 0.931149 0.996123 0.999795 0.999989
 0.415819 0.931149 0.996123 0.999795 0.999989
 0.415819 0.931149 0.996123 0.999795 0.999989
 0.415819 0.931149 0.996123 0.999795 0.999989
 0.415819 0.931149 0.996123 0.999795 0.999989
 0.415819 0.931149 0.996123 0.999795 0.999989
 0.415819 0.931149 0.996123 0.999795 0.999989
 0.415819 0.931149 0.996123 0.999795 0.999989
 0.415819 0.931149 0.996123 0.999795 0.999989
 0.415819 0.931149 0.996123 0.999795 0.999989
 0.415819 0.931149 0.996123 0.999795 0.999989
 0.415819 0.931149 0.996123 0.999795 0.999989
 0.415819 0.931149 0.996123 0.999795 0.999989
 0.415819 0.931149 0.996123 0.999795 0.999989
 0.415819 0.931149 0.996123 0.999795 0.999989
 0.415819 0.931149 0.996123 0.999795 0.999989
 0.415819 0.931149 0.996123 0.999795 0.999989
 0.415819 0.931149 0.996123 0.999795 0.999989
Sel_reclas
 1 1 1 1 1
 1 1 1 1 1
 1 1 1 1 1
 1 1 1 1 1
 1 1 1 1 1
 1 1 1 1 1
 1 1 1 1 1
 1 1 1 1 1
 1 1 1 1 1
 1 1 1 1 1
 1 1 1 1 1
 1 1 1 1 1
 1 1 1 1 1
 1 1 1 1 1
 1 1 1 1 1
 1 1 1 1 1
 1 1 1 1 1
 1 1 1 1 1
 1 1 1 1 1
 1 1 1 1 1
 1 1 1 1 1
 1 1 1 1 1
 1 1 1 1 1
 1 1 1 1 1
 1 1 1 1 1
 1 1 1 1 1
 1 1 1 1 1
 1 1 1 1 1
 1 1 1 1 1
 1 1 1 1 1
 1 1 1 1 1
 1 1 1 1 1
 1 1 1 1 1
Sel_pelaces
 0.976605 1 1 1 1
 0.976605 1 1 1 1
 0.976605 1 1 1 1
 0.976605 1 1 1 1
 0.976605 1 1 1 1
 0.976605 1 1 1 1
 0.976605 1 1 1 1
 0.976605 1 1 1 1
 0.976605 1 1 1 1
 0.976605 1 1 1 1
 0.976605 1 1 1 1
 0.976605 1 1 1 1
 0.976605 1 1 1 1
 0.976605 1 1 1 1
 0.976605 1 1 1 1
 0.976605 1 1 1 1
 0.976605 1 1 1 1
 0.976605 1 1 1 1
 0.976605 1 1 1 1
 0.976605 1 1 1 1
 0.976605 1 1 1 1
 0.976605 1 1 1 1
 0.976605 1 1 1 1
 0.976605 1 1 1 1
 0.976605 1 1 1 1
 0.976605 1 1 1 1
 0.976605 1 1 1 1
 0.976605 1 1 1 1
 0.976605 1 1 1 1
 0.976605 1 1 1 1
 0.976605 1 1 1 1
 0.976605 1 1 1 1
 0.976605 1 1 1 1
pf_obs 
 0.8446 0.082 0.0669 0.0065 0
 0.8095 0.147 0.0364 0.0071 0
 0.9664 0.0169 0.016 0.0007 0
 0.9276 0.0648 0.0075 0.0001 0
 0.7033 0.2144 0.0806 0.0017 0
 0.9318 0.0425 0.0243 0.0014 0
 0.5671 0.3108 0.0964 0.0239 0.0018
 0.0768 0.2599 0.5324 0.112 0.0189
 0.490249 0.384438 0.106611 0.0170017 0.00170017
 0.7925 0.1577 0.0466 0.003 0.0002
 0.840416 0.127587 0.0312969 0.00059994 9.999e-05
 0.8084 0.0986 0.0794 0.0134 0.0002
 0.7335 0.1905 0.0724 0.0035 0.0001
 0.4001 0.4547 0.1325 0.0127 0
 0.49795 0.308269 0.164784 0.0264974 0.00249975
 0.9179 0.0499 0.0305 0.0017 0
 0.2467 0.6533 0.0926 0.0074 0
 0.9418 0.0223 0.034 0.0019 0
 0.707729 0.231977 0.0356964 0.0245975 0
 0.517169 0.277429 0.184464 0.0207286 0.00020938
 0.811772 0.124168 0.05621 0.00726502 0.000585176
 0.764997 0.148141 0.077277 0.00933861 0.000247198
 0.163321 0.427699 0.378323 0.0303852 0.000271297
 0.753843 0.0900009 0.118128 0.0371064 0.000921714
 0.721811 0.176058 0.0630433 0.0369309 0.00215725
 0.143369 0.312575 0.442814 0.0836902 0.0175525
 0.692698 0.0596174 0.167031 0.0765114 0.00414204
 0.394062 0.376323 0.152708 0.0712218 0.00568511
 0.125707 0.32114 0.495352 0.0537591 0.00404204
 0.23352 0.215282 0.420074 0.123614 0.00750983
 0.796117 0.104755 0.0508955 0.0450114 0.00322123
 0.162477 0.292055 0.404252 0.121198 0.0200186
 0 0 0 0 0
pf_pred 
 0.390604 0.15103 0.429527 0.0288379 1.16694e-06
 0.301073 0.424132 0.0719673 0.190114 0.012713
 0.498874 0.260172 0.151072 0.0236183 0.0662637
 0.609536 0.279607 0.0598652 0.0320265 0.0189654
 0.5513 0.363356 0.0627541 0.0122291 0.0103613
 0.641863 0.264643 0.076759 0.0123188 0.0044163
 0.364032 0.521198 0.086646 0.0231092 0.00501475
 0.373052 0.395142 0.193561 0.0289155 0.00932947
 0.451338 0.317089 0.149799 0.0683271 0.0134471
 0.642983 0.247955 0.0655345 0.0282085 0.0153192
 0.751372 0.209134 0.0282966 0.00674368 0.00445302
 0.654541 0.302201 0.0368077 0.00462708 0.00182336
 0.590116 0.345414 0.0570823 0.00629165 0.00109642
 0.543207 0.365811 0.0778106 0.0116694 0.0015022
 0.674154 0.26237 0.0520655 0.00976847 0.001642
 0.906591 0.0806165 0.010513 0.00187179 0.000407736
 0.279711 0.695282 0.0218755 0.00257617 0.000555413
 0.858569 0.0686607 0.0704371 0.00204247 0.000291066
 0.461023 0.506853 0.0162788 0.0153395 0.000505796
 0.494656 0.348316 0.148447 0.00435884 0.00422177
 0.627177 0.267934 0.0742433 0.0289794 0.00166676
 0.64325 0.28857 0.0501442 0.0127836 0.00525256
 0.224276 0.639032 0.112415 0.0178777 0.00639846
 0.627422 0.15096 0.184993 0.0301439 0.00648186
 0.506064 0.397333 0.0409654 0.0464753 0.00916212
 0.320542 0.47942 0.163313 0.0156112 0.0211137
 0.6137 0.201425 0.133236 0.0421909 0.00944854
 0.574728 0.337254 0.0476012 0.0291624 0.0112547
 0.259657 0.561666 0.143898 0.0188451 0.0159343
 0.36654 0.281455 0.27165 0.0647649 0.0155902
 0.692458 0.178788 0.0596369 0.0533898 0.0157272
 0.341335 0.557541 0.0607832 0.0187298 0.0216115
 0.567376 0.232189 0.171484 0.0174294 0.0115221
pobs_RECLAS
 0 0 0 0 0
 0 0 0 0 0
 0 0 0 0 0
 0 0 0 0 0
 0 0 0 0 0
 0 0 0 0 0
 0 0 0 0 0
 0 0 0 0 0
 0 0 0 0 0
 0 0 0 0 0
 0.991045 0.00858322 0.000360255 1.14367e-05 0
 0.934742 0.0480273 0.0164251 0.00080598 0
 0.827803 0.169806 0.00239088 0 0
 0.941827 0.0461693 0.0120037 0 0
 0.791401 0.0380133 0.147996 0.0225897 0
 0.846168 0.0940531 0.0597789 0 0
 0.134021 0.677848 0.182769 0.00536245 0
 0.80878 0.0450904 0.141981 0.00414843 0
 0.846168 0.0940531 0.0597789 0 0
 0.905697 0.0802665 0.012482 0.00150086 5.37128e-05
 0.989698 0.0102097 9.19794e-05 0 0
 0.975433 0.0193895 0.00387452 0.00125025 5.28907e-05
 0.303575 0.632131 0.0575291 0.00676475 0
 0.966965 0.00978017 0.0227588 0.000495775 0
 0.843318 0.132988 0.00938335 0.0141283 0.000182051
 0.564624 0.303363 0.111486 0.0197234 0.00080311
 0.826376 0.0876187 0.0782897 0.00655872 0.00115652
 0.89761 0.0855135 0.0140674 0.00269457 0.000114338
 0.34875 0.467042 0.161289 0.0227151 0.000203297
 0.318654 0.224769 0.449479 0.00709798 0
 0.937255 0.0296025 0.0250945 0.00804832 0
 0.456809 0.399803 0.12412 0.0192676 0
 0.883104 0.0372192 0.0704036 0.00927362 0
ppred_RECLAS
 0.604634 0.103178 0.273868 0.018318 7.41099e-07
 0.504001 0.309625 0.0489504 0.128812 0.00861192
 0.702442 0.159834 0.0864787 0.0134678 0.0377777
 0.788732 0.154486 0.0307217 0.0163691 0.00969132
 0.738113 0.214836 0.0346321 0.00672353 0.0056955
 0.807477 0.144882 0.0391414 0.00625733 0.0022428
 0.582114 0.347211 0.053413 0.0141851 0.00307751
 0.579349 0.271835 0.124341 0.0185056 0.00596959
 0.664455 0.200003 0.0878045 0.0398893 0.00784874
 0.814606 0.131788 0.0322661 0.0138303 0.00750916
 0.873657 0.107427 0.0135677 0.00322133 0.0021267
 0.818866 0.159916 0.0180654 0.00226164 0.000891034
 0.773802 0.192804 0.0295808 0.00324717 0.00056575
 0.750703 0.202899 0.0397077 0.00592774 0.000762895
 0.834627 0.135146 0.024812 0.00463535 0.000778991
 0.958832 0.0358929 0.00433821 0.000769187 0.000167516
 0.471481 0.511389 0.0149924 0.00175878 0.00037911
 0.935479 0.0324764 0.0310213 0.00089602 0.000127663
 0.666063 0.315383 0.00942044 0.00884166 0.000291479
 0.69849 0.212428 0.0842329 0.00246358 0.00238561
 0.797665 0.148315 0.0382804 0.0148841 0.000855889
 0.809115 0.156522 0.0252997 0.00642431 0.00263909
 0.39968 0.500523 0.0821296 0.0130117 0.00465598
 0.799849 0.0845116 0.0965896 0.0156791 0.00337081
 0.702409 0.24267 0.0233411 0.0263803 0.00519956
 0.521436 0.344491 0.109536 0.0104313 0.0141053
 0.788924 0.113777 0.070197 0.0221444 0.00495819
 0.756826 0.195621 0.0257622 0.0157233 0.00606694
 0.446282 0.426997 0.102131 0.0133252 0.0112648
 0.5772 0.195207 0.175791 0.0417526 0.0100487
 0.841273 0.0950511 0.0295554 0.0263581 0.00776279
 0.541463 0.392203 0.0399325 0.012259 0.0141423
 0.755493 0.135504 0.0933109 0.00944783 0.00624443
pobs_PELACES
 0 0 0 0 0
 0 0 0 0 0
 0 0 0 0 0
 0 0 0 0 0
 0 0 0 0 0
 0 0 0 0 0
 0 0 0 0 0
 0 0 0 0 0
 0 0 0 0 0
 0 0 0 0 0
 0 0 0 0 0
 0 0 0 0 0
 0 0 0 0 0
 0 0 0 0 0
 0 0 0 0 0
 0 0 0 0 0
 0.505614 0.472636 0.0217494 0 0
 0 0 0 0 0
 0.443492 0.261883 0.143347 0.151278 0
 0.227955 0.32914 0.350689 0.0885471 0.00366901
 0.970185 0.0296113 0.000203453 0 0
 0.997202 0.00247181 0.000326279 0 0
 0.445219 0.490057 0.0546422 0.010081 0
 0.90214 0.0892962 0.00764917 0.000914606 0
 0 0 0 0 0
 0.581667 0.319106 0.0959925 0.00289975 0.000334073
 0.762889 0.0836404 0.116647 0.0363945 0.000428098
 0.88444 0.0763242 0.0277011 0.0115352 0
 0.521256 0.241999 0.230069 0.00667565 0
 0.616807 0.101726 0.260614 0.0208532 0
 0.833518 0.0704572 0.0857862 0.0102388 0
 0.697417 0.212968 0.0787535 0.0105354 0.000325836
 0 0 0 0 0
ppred_PELACES
 0.609684 0.102252 0.270009 0.0180546 7.30429e-07
 0.51764 0.302218 0.0473321 0.124488 0.00832257
 0.713605 0.15451 0.0828289 0.0128927 0.0361634
 0.805576 0.142778 0.0279543 0.0148814 0.00881015
 0.741256 0.212448 0.0340787 0.00661424 0.00560285
 0.816449 0.138477 0.0370358 0.00591735 0.00212088
 0.618446 0.31819 0.0479016 0.0127059 0.00275641
 0.581022 0.271109 0.123553 0.0183845 0.00593046
 0.686083 0.18824 0.0814374 0.0369661 0.00727324
 0.834942 0.118024 0.0283239 0.0121269 0.00658387
 0.875303 0.106105 0.0133368 0.00316565 0.00208991
 0.836166 0.144948 0.0160822 0.00201131 0.000792369
 0.792266 0.177495 0.0267893 0.00293802 0.000511862
 0.78876 0.172865 0.0328492 0.00489574 0.000630021
 0.854826 0.119117 0.0213949 0.00399203 0.000670834
 0.9637 0.0317272 0.00376188 0.000666278 0.000145096
 0.48387 0.499551 0.0145111 0.00170143 0.000366738
 0.939449 0.0306424 0.0289537 0.000835786 0.000119077
 0.684 0.298666 0.00880411 0.00825704 0.000272195
 0.714708 0.201738 0.0790092 0.00230918 0.00223602
 0.806962 0.141885 0.0362551 0.0140886 0.000810122
 0.821252 0.146912 0.0234432 0.00594858 0.00244357
 0.407082 0.494908 0.0806643 0.0127747 0.00457108
 0.80557 0.0824324 0.0935538 0.0151803 0.0032635
 0.708119 0.238299 0.0227768 0.0257334 0.00507196
 0.525435 0.342079 0.108245 0.0103055 0.013935
 0.794457 0.111148 0.0681093 0.0214775 0.00480878
 0.761291 0.192257 0.0251699 0.0153567 0.00592536
 0.449091 0.425253 0.101278 0.0132107 0.0111678
 0.583719 0.192822 0.172612 0.0409838 0.00986346
 0.847215 0.0918046 0.0283113 0.0252368 0.00743237
 0.542074 0.391868 0.0397695 0.0122067 0.0140819
 0.762988 0.131806 0.0900663 0.00911533 0.00602453
pobs_pel_tallas
 0 0 0 0 0 0 0 0 0 0 0 0 0 0 0 0 0 0 0 0 0 0 0 0 0 0
 0 0 0 0 0 0 0 0 0 0 0 0 0 0 0 0 0 0 0 0 0 0 0 0 0 0
 0 0 0 0 0 0 0 0 0 0 0 0 0 0 0 0 0 0 0 0 0 0 0 0 0 0
 0 0 0 0 0 0 0 0 0 0 0 0 0 0 0 0 0 0 0 0 0 0 0 0 0 0
 0 0 0 0 0 0 0 0 0 0 0 0 0 0 0 0 0 0 0 0 0 0 0 0 0 0
 0 0 0 0 0 0 0 0 0 0 0 0 0 0 0 0 0 0 0 0 0 0 0 0 0 0
 0 0 0 0 0 0 0 0 0 0 0 0 0 0 0 0 0 0 0 0 0 0 0 0 0 0
 0 0 0 0 0 0 0 0 0 0 0 0 0 0 0 0 0 0 0 0 0 0 0 0 0 0
 0 0 0 0 0 0 0 0 0 0 0 0 0 0 0 0 0 0 0 0 0 0 0 0 0 0
 0 0 0 0 0 0 0 0 0 0 0 0 0 0 0 0 0 0 0 0 0 0 0 0 0 0
 0 0 0 0 0 0 0 0 0 0 0 0 0 0 0 0 0 0 0 0 0 0 0 0 0 0
 0 0 0 0 0 0 0 0 0 0 0 0 0 0 0 0 0 0 0 0 0 0 0 0 0 0
 0.00862536 0 0 0.000197151 0.00414017 0.0128641 0.00837892 0.0270097 0.101434 0.158115 0.152841 0.127902 0.109271 0.109419 0.0830992 0.0579132 0.0238553 0.00714673 0.00463305 0.00128148 0.00103504 0.000492878 0.000147863 0.000147863 4.92878e-05 0
 0 0 0 0 0 0 0 0 0 0 0 0 0 0 0 0 0 0 0 0 0 0 0 0 0 0
 0 0 0 0 0 0 0 0.0054083 0.00873648 0.0413646 0.0450493 0.0745869 0.0622846 0.0627006 0.0613931 0.0827291 0.12552 0.122667 0.0946155 0.0697135 0.0546179 0.0294188 0.0215738 0.0213955 0.0102223 0.00600262
 0 0 0 0 0.00359764 0.0251062 0.0480494 0.140153 0.205849 0.193036 0.1447 0.116669 0.0760912 0.0342217 0.00950174 0.001854 0.000860785 0 0 0 0.000165536 0 0.000143464 0 0 0
 0 0 0 0 0 0 0 0.000145254 0.000435761 0.0275982 0.070085 0.0708112 0.156366 0.174668 0.174014 0.160142 0.0824315 0.0480064 0.0283245 0.00493863 0.00203355 0 0 0 0 0
 0 0 0 0 0 0 0 0 0 0 0 0 0 0 0 0 0 0 0 0 0 0 0 0 0 0
 0 0 1.00437e-05 0.000401748 0.00122533 0.00171747 0.00176769 0.0269171 0.070346 0.194647 0.189555 0.159765 0.064822 0.0314167 0.0384472 0.0292271 0.0345202 0.0313363 0.0194345 0.0106764 0.0143323 0.0359363 0.0279516 0.0138201 0.00172751 0
 0 0.0021121 0.0136068 0.0755702 0.200478 0.177729 0.0527432 0.0373336 0.0318909 0.0142505 0.0149659 0.0166563 0.0217959 0.0798694 0.0677717 0.0528807 0.04013 0.0224614 0.0357745 0.0225083 0.00881397 0.00855152 0.00135912 0.000746735 0 0
 0 0 0 0 5.4009e-05 0.00500934 0.000945158 0.0243581 0.138947 0.33067 0.221406 0.137944 0.0707744 0.0437923 0.0131692 0.00525238 0.0047753 0.00276346 9.45158e-05 9.00151e-06 2.25038e-05 9.00151e-06 4.50075e-06 0 0 0
 0.000866109 0.00284123 0.00948549 0.0512746 0.133035 0.25785 0.225252 0.132002 0.0553304 0.0519788 0.0540692 0.017754 0.00435017 0.00159236 0.00146478 0.000404838 0.000125132 0.000115318 0.000107957 0.000100596 0 0 0 0 0 0
 0 0 0 0 0.00144013 0.00171154 0.00461396 0.0210425 0.0478622 0.0707936 0.0888783 0.103762 0.0637923 0.0337046 0.0602308 0.124433 0.169614 0.0934646 0.0462172 0.0250306 0.0313229 0.00938855 0.002487 0.000210481 0 0
 0 0.00764035 0.051015 0.0998891 0.058973 0.0496711 0.0374665 0.0718981 0.12319 0.153886 0.159021 0.0857701 0.0377988 0.023471 0.0147837 0.00900784 0.00315554 0.000888139 0.00291439 0.00214683 0.00393193 0.00274676 0.000635225 9.99891e-05 0 0
 0 0 0 0 0 0 0 0 0 0 0 0 0 0 0 0 0 0 0 0 0 0 0 0 0 0
 0 0 0 0 0 0 0 0 0 0 0 0 0 0 0 0 0 0 0 0 0 0 0 0 0 0
 0 0 0 0 0 0 0 0 0 0 0 0 0 0 0 0 0 0 0 0 0 0 0 0 0 0
 0 0 0 0 0 0 0 0 0 0 0 0 0 0 0 0 0 0 0 0 0 0 0 0 0 0
 0 0 0 0 0 0 0 0 0 0 0 0 0 0 0 0 0 0 0 0 0 0 0 0 0 0
 0 0 0 0 0 0 0 0 0 0 0 0 0 0 0 0 0 0 0 0 0 0 0 0 0 0
 0 0 0 0 0 0 0 0 0 0 0 0 0 0 0 0 0 0 0 0 0 0 0 0 0 0
 0 0 0 0 0 0 0 0 0 0 0 0 0 0 0 0 0 0 0 0 0 0 0 0 0 0
 0 0 0 0 0 0 0 0 0 0 0 0 0 0 0 0 0 0 0 0 0 0 0 0 0 0
ppred_pel_tallas
 1.09629e-16 5.02189e-05 0.000488146 0.0032439 0.0147463 0.0458813 0.0977553 0.142679 0.142689 0.0978056 0.0460513 0.0152425 0.00450854 0.00331217 0.00559865 0.00965785 0.0150264 0.0212198 0.0276912 0.0340505 0.0400462 0.0452577 0.0488431 0.0497211 0.047153 0.0412813
 1.15336e-16 4.26374e-05 0.000414451 0.00275417 0.0125201 0.0389548 0.0829983 0.121145 0.121174 0.0831409 0.0394337 0.0139042 0.00623163 0.00801643 0.0145137 0.0240214 0.0348417 0.0443741 0.0500532 0.0508401 0.0478942 0.0437686 0.0407478 0.039606 0.0395468 0.0390627
 1.09843e-16 5.87788e-05 0.00057135 0.00379683 0.0172598 0.0537018 0.114418 0.166999 0.167014 0.114491 0.0539483 0.0179732 0.00559259 0.00450874 0.00758764 0.012586 0.0184454 0.0238794 0.0276195 0.0291037 0.0287833 0.0277238 0.0268345 0.0263502 0.0258856 0.0248663
 1.03827e-16 6.63543e-05 0.000644987 0.00428617 0.0194843 0.060623 0.129164 0.188522 0.188536 0.129232 0.0608491 0.0201377 0.0059272 0.00423047 0.00688517 0.0113029 0.0163376 0.020681 0.023053 0.0228813 0.0206404 0.0175146 0.014658 0.012631 0.0113422 0.0103705
 1.0265e-16 6.10564e-05 0.00059349 0.00394395 0.0179286 0.0557827 0.118852 0.173472 0.173492 0.118952 0.0561188 0.0188995 0.00638122 0.00591519 0.0101713 0.0167273 0.024111 0.030364 0.0335311 0.0327105 0.0285818 0.0229298 0.0175618 0.0134641 0.0106862 0.00876885
 1.02057e-16 6.72499e-05 0.000653693 0.00434402 0.0197473 0.0614412 0.130907 0.191066 0.191079 0.130973 0.0616608 0.0203818 0.00593801 0.00413779 0.00669703 0.0109986 0.0159152 0.0201756 0.0225261 0.0223795 0.020143 0.0169026 0.0137344 0.0111906 0.00926215 0.00767769
 1.03205e-16 5.09406e-05 0.000495161 0.00329052 0.0149582 0.0465408 0.0991613 0.144735 0.144766 0.0993111 0.0470441 0.0164119 0.00693974 0.00846229 0.0151845 0.025029 0.0360658 0.0453859 0.0500548 0.0487146 0.0423812 0.0337335 0.025492 0.0191544 0.0148181 0.011819
 1.06483e-16 4.78581e-05 0.000465198 0.0030914 0.0140531 0.0437245 0.0931607 0.135976 0.136003 0.0932891 0.0441561 0.0153013 0.00623104 0.0073407 0.0131691 0.0218611 0.0318729 0.0408859 0.0465409 0.0477112 0.0450891 0.0405481 0.0358405 0.0317061 0.0279299 0.0240054
 1.07337e-16 5.65118e-05 0.000549315 0.00365039 0.0165942 0.0516307 0.110005 0.16056 0.160578 0.110094 0.0519304 0.017461 0.00583122 0.00532617 0.00917634 0.0152071 0.0222 0.0285539 0.0326733 0.0338338 0.032574 0.0302239 0.0279671 0.0261993 0.0245801 0.0225435
 1.03178e-16 6.87731e-05 0.000668499 0.00444241 0.0201946 0.0628328 0.133872 0.195393 0.195404 0.133928 0.0630199 0.0207352 0.00580074 0.00363751 0.00571873 0.00937545 0.0135711 0.0172217 0.0192742 0.0192539 0.017539 0.0150806 0.012799 0.01113 0.00999016 0.00904796
 1.01084e-16 7.20976e-05 0.000700814 0.00465716 0.0211708 0.0658701 0.140344 0.204838 0.204848 0.140394 0.0660379 0.0216552 0.00587306 0.00335476 0.00511132 0.00833305 0.0119904 0.0150645 0.0165694 0.0160524 0.0138596 0.0108996 0.00809986 0.00597733 0.00457204 0.00365539
 1.00838e-16 6.88739e-05 0.000669479 0.00444893 0.0202242 0.062925 0.134069 0.19568 0.195694 0.134137 0.063154 0.0208856 0.00610886 0.0042918 0.00694435 0.0113608 0.0163337 0.0204857 0.0224609 0.021631 0.0184652 0.0142114 0.0101565 0.00703859 0.00494855 0.0036057
 1.012e-16 6.52579e-05 0.00063433 0.00421535 0.0191624 0.0596213 0.12703 0.185408 0.185425 0.127114 0.0599021 0.0199732 0.00625056 0.00507732 0.00850353 0.013955 0.0200961 0.0252683 0.027823 0.0269916 0.0233311 0.0183335 0.0135266 0.00977128 0.0071598 0.00536146
 1.0159e-16 6.49692e-05 0.000631523 0.0041967 0.0190776 0.0593575 0.126468 0.184587 0.184604 0.12655 0.0596311 0.019868 0.00618142 0.00496612 0.00830272 0.0136375 0.0196717 0.0248039 0.0274423 0.0268436 0.023538 0.0189449 0.0145023 0.0109979 0.00848719 0.00664408
 1.01162e-16 7.04109e-05 0.000684419 0.0045482 0.0206755 0.0643292 0.137061 0.200046 0.200058 0.137117 0.0645177 0.02122 0.00591545 0.00367022 0.00574414 0.00939291 0.0135426 0.0170682 0.018871 0.0184404 0.0161463 0.0129735 0.00991958 0.00753021 0.00584091 0.00461802
 1.00209e-16 7.93787e-05 0.000771589 0.00512748 0.0233088 0.0725223 0.154516 0.225522 0.225525 0.154531 0.0725724 0.0234536 0.00549092 0.00156477 0.00158514 0.00249319 0.00357967 0.00449239 0.00493143 0.00475952 0.00407902 0.00316188 0.0022876 0.00161515 0.00116229 0.000866585
 1.0078e-16 3.98558e-05 0.000387413 0.0025745 0.0117033 0.0364136 0.0775849 0.113248 0.113296 0.0778197 0.0372017 0.0139782 0.00828014 0.0128278 0.0236219 0.0388718 0.0557176 0.0694867 0.0754446 0.0714074 0.0590731 0.0429443 0.0277393 0.0162771 0.00903362 0.00502835
 1.00948e-16 7.73812e-05 0.000752173 0.00499845 0.0227222 0.0706973 0.150628 0.219847 0.21985 0.150643 0.0707466 0.022865 0.00535851 0.00154414 0.00159888 0.00256596 0.00379343 0.00498653 0.00589303 0.00638256 0.00649476 0.00636485 0.00609516 0.00569025 0.00509927 0.00430557
 1.01205e-16 5.63403e-05 0.000547647 0.00363931 0.0165438 0.051474 0.109672 0.160075 0.160104 0.109812 0.0519452 0.0179041 0.00705127 0.00798757 0.0141615 0.0232583 0.0333489 0.0416236 0.0452635 0.0429784 0.035795 0.0264052 0.0176108 0.0110562 0.00697079 0.00471459
 1.02942e-16 5.88696e-05 0.000572233 0.00380269 0.0172865 0.0537848 0.114595 0.167259 0.167278 0.11469 0.0541054 0.0182135 0.00613317 0.00567163 0.0097783 0.0161623 0.0234842 0.0299594 0.0337871 0.0340988 0.0314162 0.0271936 0.0228494 0.0190789 0.0158562 0.0128845
 1.02633e-16 6.64684e-05 0.000646096 0.00429354 0.0195178 0.0607272 0.129386 0.188846 0.18886 0.129453 0.0609522 0.0201679 0.00592683 0.00421626 0.00686065 0.0112732 0.0163189 0.0207033 0.023152 0.0230773 0.02091 0.0177694 0.014749 0.0123842 0.0106186 0.009124
 1.01725e-16 6.76455e-05 0.000657538 0.00436957 0.0198635 0.0618027 0.131678 0.19219 0.192204 0.131747 0.0620351 0.0205348 0.00605501 0.00433764 0.00705914 0.0115693 0.0166738 0.0209984 0.0231892 0.0226223 0.0197666 0.0158545 0.012133 0.00928179 0.00733425 0.00597512
 1.0451e-16 3.35309e-05 0.000325932 0.00216594 0.00984606 0.030635 0.0652729 0.0952777 0.0953254 0.065506 0.0314179 0.0121076 0.00784343 0.0127222 0.0235829 0.0389509 0.0561446 0.0706784 0.0779871 0.075945 0.0661072 0.0526094 0.0396602 0.0295907 0.0225872 0.0176766
 1.04796e-16 6.63537e-05 0.000644982 0.00428613 0.0194841 0.0606224 0.129163 0.188519 0.188527 0.129202 0.0607555 0.0198703 0.00526167 0.00279565 0.00421263 0.00702066 0.0104837 0.0139708 0.0168638 0.0188477 0.0200209 0.0206746 0.0209476 0.0206802 0.0195778 0.017502
 1.04158e-16 5.83269e-05 0.000566958 0.00376764 0.0171271 0.053289 0.113539 0.165718 0.165741 0.113651 0.0536656 0.0182149 0.00649761 0.00652545 0.0113718 0.0187018 0.026925 0.033848 0.0372876 0.036267 0.0316121 0.0254014 0.0197175 0.0156597 0.0131939 0.0116533
 1.06603e-16 4.32795e-05 0.000420692 0.00279565 0.0127086 0.0395414 0.0842485 0.12297 0.123003 0.0844101 0.0400844 0.0142779 0.00673934 0.00904481 0.016466 0.0272679 0.0395436 0.0502846 0.0564323 0.0565489 0.0516149 0.0442448 0.0369971 0.0311347 0.0265675 0.0226098
 1.04962e-16 6.54384e-05 0.000636084 0.004227 0.0192154 0.0597862 0.127381 0.185919 0.18593 0.127434 0.0599638 0.0197295 0.00552182 0.00347704 0.00550332 0.00910598 0.0133734 0.0173707 0.0201835 0.0213859 0.0212496 0.02046 0.0195848 0.0187408 0.0176737 0.0160828
 1.03319e-16 6.27066e-05 0.00060953 0.00405054 0.0184132 0.0572904 0.122064 0.17816 0.178178 0.122154 0.0575944 0.0192914 0.00625508 0.00542248 0.0092049 0.0151231 0.0217925 0.027438 0.0303003 0.0295846 0.0259367 0.0210027 0.0164314 0.0130943 0.0109748 0.00957068
 1.06247e-16 3.69911e-05 0.000359567 0.00238945 0.0108621 0.0337963 0.0720081 0.105107 0.105148 0.0722087 0.0344701 0.0128091 0.00727986 0.0110457 0.0203619 0.0336823 0.0486998 0.0616217 0.0685883 0.0677966 0.0605293 0.0501926 0.0401859 0.0322907 0.0265192 0.0220115
 1.1081e-16 4.80802e-05 0.000467357 0.00310575 0.0141183 0.0439274 0.0935926 0.136605 0.136624 0.0936847 0.0442373 0.0150165 0.00537185 0.00545283 0.00962983 0.0161412 0.0239442 0.0315741 0.037538 0.0411126 0.042651 0.0430716 0.04299 0.0422656 0.0402758 0.0365544
 1.0463e-16 6.9784e-05 0.000678325 0.00450771 0.0204914 0.0637564 0.13584 0.198264 0.198273 0.135883 0.0639023 0.0209132 0.00556812 0.00299906 0.00449495 0.00736829 0.0107233 0.0137383 0.0156359 0.016086 0.0153994 0.0142898 0.0133911 0.0129115 0.0126353 0.0121787
 1.04856e-16 4.465e-05 0.000434014 0.00288418 0.0131111 0.0407936 0.0869165 0.126865 0.126903 0.0871009 0.0414128 0.0148993 0.00737179 0.0102272 0.018634 0.0307104 0.0441796 0.0554455 0.0608786 0.058822 0.0505932 0.0396075 0.0293505 0.0217651 0.0169788 0.0140707
 1.04567e-16 6.28464e-05 0.000610889 0.00405957 0.0184542 0.057418 0.122336 0.178555 0.178568 0.122398 0.0576288 0.0190645 0.00559685 0.00398477 0.00652318 0.0108222 0.0159039 0.0206672 0.0240124 0.0254012 0.0251078 0.023898 0.0224252 0.0208628 0.019006 0.0166323
pSPR Fmed_Fpbrs
1   0.984451 0.6 0.325 0.984451 0.984451 0.984451
Fs Fmed_Fpbrs
0   0.01 0.376608 0.989034 0.01 0.01 0.01
SSBpbr Bo_Bmed_Bpbrs
795586  755806  743436 437572 218786 743436 743436 743436
Ro
141063
SPR SPRFo_SPRFmed_SPRFpbrs
1.01626e+06 1.01626e+06 1.00046e+06
Fref
0
Nvult_r0
 115856 24589 17273.1 1750.88 1157.29
CTP_r0
 15084.3 6172.99 4559.08 463.38 306.327
YTP_r0
356503
Np
 169563 62378.8 22947.9 8442.05 4248.16
Nvult_p0
 107184 39430.9 14505.8 5336.39 2685.35
CTP_p0
 0 0 0 0 0
 0 0 0 0 0
 0 0 0 0 0
 0 0 0 0 0
 0 0 0 0 0
 0 0 0 0 0
YTP_p0
 0 0 0 0 0 0
CBA_c0
0
log_Ro
11.677
likeval ReclasPelacesDesembMPH_pf_preclas_ppelaces_ptallas_desvR_qrecl_qpela
 13.8944 17.4589 0.0335149 0.00124817 234.891 134.744 109.825 0 23.1407 2.41411e-06 9.91754e-06 0.160592 2063.16 0 0
q_reclas_q_pelaces
1.24574 1.56106
M
1
N
 173985 31593.3 84518.4 5655.62 0.228817
 84174.4 57898.2 9284.82 24452.5 1634.88
 101479 25803.6 14158 2206.66 6190.01
 132107 31205.2 6353.9 3389.99 2007.19
 116318 35922 5834.14 1133.13 959.894
 192018 38889.2 10668 1706.91 611.832
 75114.5 58097.7 9235.09 2457.15 533.139
 37043.6 18168.2 8356.94 1244.15 401.348
 35340.2 12687.6 5695.22 2590.57 509.762
 47548.6 9782.62 2468.8 1060.03 575.592
 91126.5 11868.1 1509.81 358.615 236.761
 126004 30553.7 3547.08 444.751 175.236
 107739 32688.4 5141.29 565.167 98.4755
 74936.8 28843 5901.9 883.284 113.693
 73948.1 15582.2 2957.4 553.537 93.0334
 377290 17784 2212.84 392.992 85.5947
 78979.9 95688.9 2844.73 333.983 71.9939
 614494 24303.4 23599.2 682.272 97.2133
 330092 183172 5581.85 5244.84 172.914
 266344 94004.6 37981.5 1112.03 1076.9
 367344 77055.9 20193 7858.13 451.891
 492758 111241 18334.2 4660.69 1914.71
 104068 141288 23420.9 3712.68 1328.55
 292314 33606.1 38819.8 6305.31 1355.6
 251828 93841.5 9112.65 10304.7 2031.12
 117103 81992.1 26262.3 2502.05 3383.35
 250599 39224.5 24451.5 7718.01 1728.13
 291082 80778.8 10733.9 6554.46 2529.15
 94775.9 95480.3 22986.4 3000.17 2536.31
 88313.2 32081.5 29152.1 6927.53 1667.3
 232013 28947.3 9114.22 8133.99 2395.65
 96577.5 72728 7441.24 2285.04 2636.13
 169563 33368.4 23248.5 2355.5 1556.89
pred_Ctot
 10580.5 4091.02 11634.8 781.148 0.0316095
 9003.56 12683.6 2152.17 5685.34 380.179
 10683 5571.35 3235.08 505.766 1418.98
 22325 10240.9 2192.64 1173.01 694.631
 6756.94 4453.43 769.139 149.885 126.993
 21896.7 9028.14 2618.58 420.248 150.659
 16824.6 24088.5 4004.56 1068.05 231.769
 1624.63 1720.84 842.955 125.926 40.6297
 5659.34 3975.99 1878.34 856.757 168.614
 9972.21 3845.6 1016.39 437.494 237.589
 5142 1431.2 193.647 46.1502 30.4741
 24156.9 11153.2 1358.45 170.77 67.2942
 19028.3 11137.9 1840.62 202.875 35.3542
 21561.4 14520.1 3088.52 463.191 59.6267
 16752.6 6519.83 1293.81 242.744 40.8034
 76339.5 6788.31 885.246 157.614 34.3334
 8284.57 20593.1 647.915 76.3018 16.4504
 74968 5995.28 6150.39 178.343 25.4151
 48123.8 52907.9 1699.27 1601.21 52.7975
 36667.8 25819.9 11004.1 323.112 312.951
 41718.6 17822.5 4938.52 1927.65 110.87
 70117.2 31455.5 5465.96 1393.47 572.554
 8124.98 23150.6 4072.53 647.663 231.8
 23794.9 5725.13 7015.83 1143.21 245.824
 18483.7 14512.3 1496.23 1697.48 334.641
 6675.11 9983.65 3400.89 325.094 439.681
 19820.7 6505.42 4303.12 1362.64 305.16
 20124.3 11809.1 1666.78 1021.13 394.088
 4817.49 10420.8 2669.77 349.639 295.633
 6142.58 4716.71 4552.38 1085.35 261.265
 21978.3 5674.64 1892.85 1694.57 499.173
 3731.35 6094.84 664.461 204.747 236.249
 15084.3 6172.99 4559.08 463.38 306.327
F
 0.100283 0.224565 0.240235 0.241121 0.241167
 0.182379 0.408403 0.436901 0.438511 0.438597
 0.179271 0.401443 0.429455 0.431038 0.431122
 0.302262 0.676858 0.724088 0.726757 0.726898
 0.0956101 0.214101 0.229041 0.229885 0.229929
 0.195465 0.437707 0.468249 0.469975 0.470066
 0.419341 0.939035 1.00456 1.00826 1.00846
 0.071471 0.160046 0.171214 0.171845 0.171878
 0.284414 0.636892 0.681333 0.683844 0.683977
 0.387899 0.868626 0.929238 0.932663 0.932844
 0.0927642 0.207728 0.222223 0.223042 0.223085
 0.349295 0.782181 0.83676 0.839844 0.840007
 0.317842 0.711748 0.761412 0.764219 0.764367
 0.570512 1.27756 1.3667 1.37174 1.372
 0.425067 0.951857 1.01828 1.02203 1.02223
 0.371912 0.832828 0.890942 0.894226 0.894399
 0.178578 0.399892 0.427795 0.429372 0.429456
 0.210375 0.471095 0.503967 0.505825 0.505923
 0.256028 0.573326 0.613331 0.615592 0.615712
 0.240256 0.538008 0.575549 0.577671 0.577783
 0.194598 0.435765 0.466172 0.46789 0.467981
 0.249215 0.55807 0.597012 0.599212 0.599329
 0.130339 0.291871 0.312237 0.313388 0.313449
 0.136222 0.305043 0.326329 0.327531 0.327595
 0.122123 0.273472 0.292555 0.293633 0.29369
 0.0937477 0.20993 0.224579 0.225407 0.225451
 0.132138 0.295899 0.316547 0.317714 0.317775
 0.114684 0.256812 0.274732 0.275745 0.275799
 0.0832367 0.186393 0.199399 0.200134 0.200173
 0.115411 0.258442 0.276476 0.277495 0.277549
 0.160067 0.358441 0.383452 0.384866 0.38494
 0.0627353 0.140484 0.150287 0.150841 0.15087
 0.149687 0.335197 0.358586 0.359908 0.359978
YTP_r0W_actual
 113736 107719 109737 14513.1 10798
YTP_p0W_proyectada
 0 0 0 0 0
 0 0 0 0 0
 0 0 0 0 0
 0 0 0 0 0
 0 0 0 0 0
 0 0 0 0 0
CTP_r0_actual
 15084.3 6172.99 4559.08 463.38 306.327
CTP_p0_proyectada
 0 0 0 0 0
 0 0 0 0 0
 0 0 0 0 0
 0 0 0 0 0
 0 0 0 0 0
 0 0 0 0 0
Wmedp
 7.54 17.45 24.07 31.32 35.25
Frms_r0
 0.149687 0.335197 0.358586 0.359908 0.359978
Zrms_r0
 1.14969 1.3352 1.35859 1.35991 1.35998
nmprior
 7.29 8.9 8.7 0
nm_flota  nm_reclas  nm_pelaces    nm_pelaL
inf 13.3518 24.0241 85.6854
cv_recla  cv_pelaces  cv_mph
0.322813 0.45772 0.944219
 ------------------------------------------------
Talla a la edad & desviaci?n 
 8 13.2811 15.8009 17.003 17.5766
 0.8 1.32811 1.58009 1.7003 1.75766
