years
 1991 1992 1993 1994 1995 1996 1997 1998 1999 2000 2001 2002 2003 2004 2005 2006 2007 2008 2009 2010 2011 2012 2013 2014 2015 2016 2017 2018 2019 2020 2021 2022 2023
reclasobs
 0 0 0 0 0 0 0 0 0 252601 567819 844713 477998 351125 339783 2.1784e+06 2.13404e+06 4.81314e+06 1.55562e+06 2.62356e+06 3.21686e+06 3.843e+06 1.13348e+06 3.07943e+06 1.97215e+06 2.03268e+06 2.025e+06 2.42433e+06 2.27542e+06 1.05018e+06 2.36338e+06 3.18982e+06 1.53035e+06
reclaspred
 2.90421e+06 1.61142e+06 851236 880875 904832 1.34099e+06 843494 799782 596023 449665 505135 629519 625292 501236 536122 1.27646e+06 1.29378e+06 2.79224e+06 2.29086e+06 1.72767e+06 3.03398e+06 2.43379e+06 1.9972e+06 3.01311e+06 2.27164e+06 2.06327e+06 2.39801e+06 2.55075e+06 2.1598e+06 1.54151e+06 2.00147e+06 2.20766e+06 1.79751e+06
pelacesobs
 0 0 0 0 0 0 0 0 0 0 0 0 0 0 0 552880 188675 0 991730 2.46772e+06 1.41603e+06 1.21717e+06 2.29649e+06 1.80582e+06 0 1.4828e+06 1.56532e+06 1.57751e+06 1.42118e+06 867257 1.10002e+06 1.06204e+06 0
pelacespred
 1.59719e+06 985281 513147 437343 471563 723481 421409 494786 357958 257242 297468 310903 338987 290762 317660 622271 629539 1.55998e+06 1.32824e+06 923613 1.57608e+06 1.36796e+06 1.12036e+06 1.84979e+06 1.34396e+06 1.21689e+06 1.61147e+06 1.5464e+06 1.17684e+06 967934 1.07874e+06 1.2023e+06 1.02417e+06
mphobs
 0 0 0 0 0 0 0 0 0 0 0 0 498337 0 5186 125008 0 168611 109162 213762 579715 649985 157893 87575 83554 210694 70296 0 107559 103333 445601 22526 28222
mphpred
 296289 198577 98042.5 57256.2 64832.7 74109 90843.1 57839 53877.2 38910.2 26702.5 40223.6 42697.1 36273.5 25854.9 34016.7 101062 100515 188329 142717 154618 188305 178346 150793 205247 170618 143648 149606 210319 149770 104210 172472 114063
desembarqueobs
 494567 514787 250237 358949 120608 361735 552515 73892 212993 205616 52469 317467 293654 387597 252695 516296 358380 742168 942051 627588 828172 859565 418607 520667 417249 300574 415391 372974 316634 284311 391294 218835 356480
desembarquepred
 494571 513444 250901 358998 120615 361768 552600 73897.1 213049 205669 52472.2 317555 293728 387669 252701 516266 358409 742067 941895 627470 828290 859646 418632 520714 417264 300583 415407 372971 316637 284321 391278 218842 356496
Reclutas
 202056 102175 132659 191330 163062 247067 107199 56491.5 51024.4 66072 122149 152987 130484 93183.5 100275 492371 118310 757899 435268 343021 498359 657446 150805 418762 357759 170590 358196 412065 138198 129863 334849 147347 261555
log_desv_Rt
 0.0442595 -0.637599 -0.376502 -0.0102848 -0.170158 0.245372 -0.5896 -1.2302 -1.33198 -1.07354 -0.459047 -0.233932 -0.39304 -0.729716 -0.656369 0.934946 -0.490977 1.36626 0.811676 0.573506 0.947033 1.22408 -0.248299 0.773017 0.615574 -0.125024 0.616794 0.756894 -0.335596 -0.397805 0.549394 -0.271494 0.302357
SSB
 3.19439e+06 2.14092e+06 1.05703e+06 617298 698983 798994 979410 623581 580869 419504 287889 433664 460331 391077 278750 366746 1.08959e+06 1.08369e+06 2.03044e+06 1.53868e+06 1.66699e+06 2.03018e+06 1.92281e+06 1.62575e+06 2.21283e+06 1.83949e+06 1.54872e+06 1.61295e+06 2.26752e+06 1.61472e+06 1.12352e+06 1.85948e+06 1.22975e+06
BT
 4.31941e+06 2.91324e+06 1.50302e+06 1.36594e+06 1.24451e+06 2.0675e+06 1.53337e+06 1.26735e+06 1.08657e+06 823997 771770 1.02553e+06 1.0904e+06 1.10694e+06 1.02866e+06 1.94459e+06 1.81478e+06 4.44476e+06 4.14574e+06 2.83542e+06 4.48647e+06 4.16379e+06 3.09206e+06 4.98182e+06 3.66973e+06 3.22832e+06 4.34388e+06 4.12659e+06 3.12713e+06 2.63333e+06 2.97305e+06 3.09683e+06 2.81146e+06
Ftot
 0.142645 0.258361 0.251588 0.413094 0.129725 0.28698 0.568053 0.0885543 0.342512 0.434337 0.120921 0.52107 0.477677 0.806179 0.563927 0.539897 0.258032 0.322409 0.40642 0.359462 0.284266 0.364502 0.188271 0.193528 0.175861 0.136 0.190252 0.168629 0.125008 0.165804 0.22481 0.0909937 0.207216
BD_Bspro_t
 0.97762 0.84779 0.693785 0.624733 0.628311 0.700151 0.672684 0.523552 0.594829 0.560097 0.535699 0.707978 0.596304 0.506558 0.409941 0.472805 0.630214 0.615796 0.695563 0.605622 0.582002 0.626344 0.646647 0.646269 0.737119 0.746936 0.755139 0.779401 0.821537 0.771304 0.729508 0.794852 0.796442
BD_Bspro
 2.29374 1.53729 0.759 0.443251 0.501905 0.573718 0.703266 0.447763 0.417093 0.301225 0.206719 0.311393 0.330541 0.280813 0.200157 0.263342 0.782378 0.778142 1.45796 1.10485 1.19699 1.45777 1.38068 1.16737 1.58893 1.32085 1.11206 1.15818 1.62819 1.15945 0.806745 1.3352 0.883021
BD_Bo
 2.40578 1.61238 0.796075 0.464903 0.526422 0.601742 0.737618 0.469635 0.437467 0.315939 0.216816 0.326603 0.346687 0.29453 0.209934 0.276205 0.820595 0.816152 1.52918 1.15882 1.25545 1.52898 1.44812 1.22439 1.66654 1.38537 1.16638 1.21475 1.70773 1.21608 0.846152 1.40042 0.926153
BD_Brms
 2.57587 1.72638 0.852359 0.497772 0.563641 0.644286 0.789769 0.502839 0.468396 0.338276 0.232146 0.349695 0.371198 0.315354 0.224776 0.295734 0.878612 0.873855 1.63729 1.24075 1.34422 1.63708 1.5505 1.31096 1.78437 1.48332 1.24884 1.30064 1.82847 1.30206 0.905976 1.49943 0.991634
Sel_flota
 0.458186 0.941409 0.996735 0.999828 0.999991
 0.458186 0.941409 0.996735 0.999828 0.999991
 0.458186 0.941409 0.996735 0.999828 0.999991
 0.458186 0.941409 0.996735 0.999828 0.999991
 0.458186 0.941409 0.996735 0.999828 0.999991
 0.458186 0.941409 0.996735 0.999828 0.999991
 0.458186 0.941409 0.996735 0.999828 0.999991
 0.458186 0.941409 0.996735 0.999828 0.999991
 0.458186 0.941409 0.996735 0.999828 0.999991
 0.458186 0.941409 0.996735 0.999828 0.999991
 0.458186 0.941409 0.996735 0.999828 0.999991
 0.458186 0.941409 0.996735 0.999828 0.999991
 0.458186 0.941409 0.996735 0.999828 0.999991
 0.458186 0.941409 0.996735 0.999828 0.999991
 0.458186 0.941409 0.996735 0.999828 0.999991
 0.458186 0.941409 0.996735 0.999828 0.999991
 0.458186 0.941409 0.996735 0.999828 0.999991
 0.458186 0.941409 0.996735 0.999828 0.999991
 0.458186 0.941409 0.996735 0.999828 0.999991
 0.458186 0.941409 0.996735 0.999828 0.999991
 0.458186 0.941409 0.996735 0.999828 0.999991
 0.458186 0.941409 0.996735 0.999828 0.999991
 0.458186 0.941409 0.996735 0.999828 0.999991
 0.458186 0.941409 0.996735 0.999828 0.999991
 0.458186 0.941409 0.996735 0.999828 0.999991
 0.458186 0.941409 0.996735 0.999828 0.999991
 0.458186 0.941409 0.996735 0.999828 0.999991
 0.458186 0.941409 0.996735 0.999828 0.999991
 0.458186 0.941409 0.996735 0.999828 0.999991
 0.458186 0.941409 0.996735 0.999828 0.999991
 0.458186 0.941409 0.996735 0.999828 0.999991
 0.458186 0.941409 0.996735 0.999828 0.999991
 0.458186 0.941409 0.996735 0.999828 0.999991
Sel_reclas
 1 1 1 1 1
 1 1 1 1 1
 1 1 1 1 1
 1 1 1 1 1
 1 1 1 1 1
 1 1 1 1 1
 1 1 1 1 1
 1 1 1 1 1
 1 1 1 1 1
 1 1 1 1 1
 1 1 1 1 1
 1 1 1 1 1
 1 1 1 1 1
 1 1 1 1 1
 1 1 1 1 1
 1 1 1 1 1
 1 1 1 1 1
 1 1 1 1 1
 1 1 1 1 1
 1 1 1 1 1
 1 1 1 1 1
 1 1 1 1 1
 1 1 1 1 1
 1 1 1 1 1
 1 1 1 1 1
 1 1 1 1 1
 1 1 1 1 1
 1 1 1 1 1
 1 1 1 1 1
 1 1 1 1 1
 1 1 1 1 1
 1 1 1 1 1
 1 1 1 1 1
Sel_pelaces
 1 1 1 1 1
 1 1 1 1 1
 1 1 1 1 1
 1 1 1 1 1
 1 1 1 1 1
 1 1 1 1 1
 1 1 1 1 1
 1 1 1 1 1
 1 1 1 1 1
 1 1 1 1 1
 1 1 1 1 1
 1 1 1 1 1
 1 1 1 1 1
 1 1 1 1 1
 1 1 1 1 1
 1 1 1 1 1
 1 1 1 1 1
 1 1 1 1 1
 1 1 1 1 1
 1 1 1 1 1
 1 1 1 1 1
 1 1 1 1 1
 1 1 1 1 1
 1 1 1 1 1
 1 1 1 1 1
 1 1 1 1 1
 1 1 1 1 1
 1 1 1 1 1
 1 1 1 1 1
 1 1 1 1 1
 1 1 1 1 1
 1 1 1 1 1
 1 1 1 1 1
pf_obs 
 0.8446 0.082 0.0669 0.0065 0
 0.8095 0.147 0.0364 0.0071 0
 0.9664 0.0169 0.016 0.0007 0
 0.9276 0.0648 0.0075 0.0001 0
 0.7033 0.2144 0.0806 0.0017 0
 0.9318 0.0425 0.0243 0.0014 0
 0.5671 0.3108 0.0964 0.0239 0.0018
 0.0768 0.2599 0.5324 0.112 0.0189
 0.490249 0.384438 0.106611 0.0170017 0.00170017
 0.7925 0.1577 0.0466 0.003 0.0002
 0.840416 0.127587 0.0312969 0.00059994 9.999e-05
 0.8084 0.0986 0.0794 0.0134 0.0002
 0.7335 0.1905 0.0724 0.0035 0.0001
 0.4001 0.4547 0.1325 0.0127 0
 0.49795 0.308269 0.164784 0.0264974 0.00249975
 0.9179 0.0499 0.0305 0.0017 0
 0.2467 0.6533 0.0926 0.0074 0
 0.9418 0.0223 0.034 0.0019 0
 0.707729 0.231977 0.0356964 0.0245975 0
 0.517169 0.277429 0.184464 0.0207286 0.00020938
 0.811772 0.124168 0.05621 0.00726502 0.000585176
 0.764997 0.148141 0.077277 0.00933861 0.000247198
 0.163321 0.427699 0.378323 0.0303852 0.000271297
 0.753843 0.0900009 0.118128 0.0371064 0.000921714
 0.721811 0.176058 0.0630433 0.0369309 0.00215725
 0.143369 0.312575 0.442814 0.0836902 0.0175525
 0.692698 0.0596174 0.167031 0.0765114 0.00414204
 0.394062 0.376323 0.152708 0.0712218 0.00568511
 0.125707 0.32114 0.495352 0.0537591 0.00404204
 0.23352 0.215282 0.420074 0.123614 0.00750983
 0.796117 0.104755 0.0508955 0.0450114 0.00322123
 0.162477 0.292055 0.404252 0.121198 0.0200186
 0 0 0 0 0
pf_pred 
 0.329422 0.126504 0.51535 0.0287225 1.07959e-06
 0.277588 0.369565 0.0698194 0.268132 0.0148967
 0.480076 0.236379 0.149702 0.0265575 0.107287
 0.607516 0.262185 0.06133 0.0364743 0.0324942
 0.52056 0.372357 0.0731801 0.0159899 0.0179128
 0.608264 0.270416 0.0954582 0.0176927 0.00816973
 0.359719 0.494044 0.102954 0.0340816 0.00920083
 0.343313 0.37293 0.222621 0.0430939 0.0180431
 0.407765 0.306717 0.16619 0.0936817 0.0256459
 0.568844 0.261275 0.0908421 0.0460757 0.0329627
 0.696231 0.22775 0.0473404 0.0153633 0.0133156
 0.614549 0.318096 0.051244 0.0100457 0.00606581
 0.552364 0.352196 0.0797489 0.0119491 0.0037417
 0.501644 0.368639 0.103592 0.0218439 0.00428092
 0.622496 0.271929 0.0797715 0.0206258 0.00517771
 0.881102 0.0946489 0.017828 0.00485634 0.00156444
 0.288072 0.672842 0.0315742 0.00552908 0.00198327
 0.8239 0.0811511 0.0900407 0.00396737 0.000940659
 0.464822 0.48828 0.0223767 0.0232582 0.00126322
 0.469687 0.348951 0.166457 0.00712532 0.00777911
 0.613427 0.256124 0.0877758 0.0391783 0.00349491
 0.622995 0.292141 0.0574479 0.0184684 0.00894722
 0.225925 0.607035 0.131376 0.0241714 0.0114926
 0.611383 0.146959 0.191968 0.0391088 0.0105811
 0.496393 0.388209 0.0453141 0.0557111 0.0143724
 0.320577 0.456354 0.174356 0.0191672 0.0295464
 0.602347 0.19624 0.137896 0.0496814 0.0138348
 0.566971 0.330245 0.0523052 0.0345968 0.0158825
 0.264177 0.5376 0.153338 0.0228782 0.0220066
 0.365776 0.268889 0.271105 0.0729463 0.0212833
 0.678902 0.176504 0.0634516 0.0602645 0.0208776
 0.349766 0.532239 0.0667083 0.0225489 0.0287376
 0.570527 0.223722 0.170173 0.0201422 0.015436
pobs_RECLAS
 0 0 0 0 0
 0 0 0 0 0
 0 0 0 0 0
 0 0 0 0 0
 0 0 0 0 0
 0 0 0 0 0
 0 0 0 0 0
 0 0 0 0 0
 0 0 0 0 0
 0 0 0 0 0
 0.991045 0.00858322 0.000360255 1.14367e-05 0
 0.934742 0.0480273 0.0164251 0.00080598 0
 0.827803 0.169806 0.00239088 0 0
 0.941827 0.0461693 0.0120037 0 0
 0.791401 0.0380133 0.147996 0.0225897 0
 0.846168 0.0940531 0.0597789 0 0
 0.134021 0.677848 0.182769 0.00536245 0
 0.80878 0.0450904 0.141981 0.00414843 0
 0.846168 0.0940531 0.0597789 0 0
 0.905697 0.0802665 0.012482 0.00150086 5.37128e-05
 0.989698 0.0102097 9.19794e-05 0 0
 0.975433 0.0193895 0.00387452 0.00125025 5.28907e-05
 0.303575 0.632131 0.0575291 0.00676475 0
 0.966965 0.00978017 0.0227588 0.000495775 0
 0.843318 0.132988 0.00938335 0.0141283 0.000182051
 0.564624 0.303363 0.111486 0.0197234 0.00080311
 0.826376 0.0876187 0.0782897 0.00655872 0.00115652
 0.89761 0.0855135 0.0140674 0.00269457 0.000114338
 0.34875 0.467042 0.161289 0.0227151 0.000203297
 0.318654 0.224769 0.449479 0.00709798 0
 0.937255 0.0296025 0.0250945 0.00804832 0
 0.456809 0.399803 0.12412 0.0192676 0
 0.883104 0.0372192 0.0704036 0.00927362 0
ppred_RECLAS
 0.51557 0.0957663 0.368206 0.0204573 7.688e-07
 0.451413 0.28901 0.0514951 0.197132 0.0109503
 0.664704 0.157446 0.0940452 0.016631 0.0671744
 0.76814 0.158012 0.0348202 0.0206413 0.0183858
 0.694409 0.240403 0.044595 0.00971351 0.0108798
 0.767047 0.163734 0.0545009 0.0100693 0.00464878
 0.546939 0.354452 0.0694922 0.0229283 0.00618874
 0.524979 0.276521 0.155839 0.0300726 0.012589
 0.596831 0.214882 0.109744 0.0616643 0.0168781
 0.739461 0.161678 0.052947 0.0267679 0.0191465
 0.827658 0.13109 0.0257203 0.00832086 0.00721063
 0.77291 0.189378 0.0287144 0.00561054 0.00338719
 0.724703 0.219359 0.0467673 0.00698443 0.0021867
 0.688211 0.234422 0.0618282 0.0129925 0.00254578
 0.780373 0.160902 0.0444089 0.0114444 0.00287239
 0.940717 0.0477748 0.00846834 0.00229917 0.000740533
 0.457723 0.514127 0.022754 0.0039719 0.00142447
 0.90971 0.0429381 0.044912 0.00197258 0.000467617
 0.646764 0.32397 0.0139872 0.0144912 0.000786926
 0.653923 0.232315 0.104441 0.0044563 0.00486437
 0.771187 0.154628 0.0499694 0.0222326 0.00198293
 0.777925 0.174386 0.0323171 0.0103559 0.00501619
 0.379761 0.492463 0.100563 0.018444 0.00876799
 0.77172 0.0895042 0.110313 0.0224027 0.00606017
 0.674123 0.2546 0.0280429 0.0343686 0.00886495
 0.498424 0.343303 0.123797 0.0135665 0.0209095
 0.763754 0.120079 0.0796138 0.0285929 0.00796096
 0.733189 0.206312 0.0308353 0.0203316 0.00933214
 0.429601 0.423215 0.113939 0.0169468 0.0162984
 0.552424 0.19621 0.186685 0.0500735 0.0146073
 0.818426 0.102504 0.0347608 0.0329104 0.0113993
 0.528545 0.389953 0.0461413 0.0155481 0.0198122
 0.739079 0.139742 0.100281 0.0118322 0.00906608
pobs_PELACES
 0 0 0 0 0
 0 0 0 0 0
 0 0 0 0 0
 0 0 0 0 0
 0 0 0 0 0
 0 0 0 0 0
 0 0 0 0 0
 0 0 0 0 0
 0 0 0 0 0
 0 0 0 0 0
 0 0 0 0 0
 0 0 0 0 0
 0 0 0 0 0
 0 0 0 0 0
 0 0 0 0 0
 0 0 0 0 0
 0.505614 0.472636 0.0217494 0 0
 0 0 0 0 0
 0.443492 0.261883 0.143347 0.151278 0
 0.227955 0.32914 0.350689 0.0885471 0.00366901
 0.970185 0.0296113 0.000203453 0 0
 0.997202 0.00247181 0.000326279 0 0
 0.445219 0.490057 0.0546422 0.010081 0
 0.90214 0.0892962 0.00764917 0.000914606 0
 0 0 0 0 0
 0.581667 0.319106 0.0959925 0.00289975 0.000334073
 0.762889 0.0836404 0.116647 0.0363945 0.000428098
 0.88444 0.0763242 0.0277011 0.0115352 0
 0.521256 0.241999 0.230069 0.00667565 0
 0.616807 0.101726 0.260614 0.0208532 0
 0.833518 0.0704572 0.0857862 0.0102388 0
 0.697417 0.212968 0.0787535 0.0105354 0.000325836
 0 0 0 0 0
ppred_PELACES
 0.521771 0.0947386 0.363307 0.0201822 7.58455e-07
 0.462213 0.28398 0.0503609 0.192739 0.0107061
 0.674135 0.1534 0.0912089 0.0161253 0.0651308
 0.780088 0.15024 0.0328587 0.0194703 0.0173424
 0.698889 0.237 0.0438597 0.00955211 0.010699
 0.775398 0.158113 0.0523548 0.00966994 0.00446435
 0.569836 0.337309 0.0654489 0.0215817 0.0058251
 0.528669 0.27456 0.154484 0.0298084 0.0124784
 0.610611 0.208158 0.105647 0.0593415 0.016242
 0.753155 0.153653 0.0499215 0.0252271 0.018044
 0.830467 0.129023 0.0252589 0.00817058 0.00708036
 0.787429 0.177553 0.0266664 0.00520761 0.00314385
 0.73998 0.207556 0.0438666 0.00654803 0.00205002
 0.715856 0.214423 0.0557272 0.0117008 0.00229258
 0.795848 0.14998 0.0409706 0.0105523 0.0026484
 0.94544 0.0440539 0.00773218 0.00209814 0.000675766
 0.468014 0.504495 0.0222228 0.00387815 0.00139083
 0.914088 0.0409826 0.042615 0.00187108 0.000443548
 0.661567 0.310589 0.0133104 0.0137843 0.00074852
 0.667259 0.223847 0.0999757 0.00426421 0.00465459
 0.779382 0.149345 0.0480125 0.0213557 0.00190469
 0.788046 0.16668 0.0306841 0.00982899 0.00476085
 0.387028 0.487042 0.099115 0.0181749 0.00863997
 0.777487 0.0874327 0.10738 0.0218027 0.00589781
 0.680411 0.249869 0.0274335 0.0336157 0.00867067
 0.504044 0.339726 0.122203 0.01339 0.0206373
 0.769492 0.117366 0.0775452 0.0278446 0.00775252
 0.738555 0.202308 0.0301439 0.0198723 0.00912124
 0.434639 0.419727 0.112743 0.0167666 0.0161251
 0.559377 0.193496 0.183545 0.0492231 0.0143591
 0.82396 0.0995628 0.0336252 0.031828 0.0110243
 0.532233 0.387017 0.0457179 0.015404 0.0196284
 0.745737 0.136418 0.0975259 0.0115046 0.00881504
pobs_pel_tallas
 0 0 0 0 0 0 0 0 0 0 0 0 0 0 0 0 0 0 0 0 0 0 0 0 0 0
 0 0 0 0 0 0 0 0 0 0 0 0 0 0 0 0 0 0 0 0 0 0 0 0 0 0
 0 0 0 0 0 0 0 0 0 0 0 0 0 0 0 0 0 0 0 0 0 0 0 0 0 0
 0 0 0 0 0 0 0 0 0 0 0 0 0 0 0 0 0 0 0 0 0 0 0 0 0 0
 0 0 0 0 0 0 0 0 0 0 0 0 0 0 0 0 0 0 0 0 0 0 0 0 0 0
 0 0 0 0 0 0 0 0 0 0 0 0 0 0 0 0 0 0 0 0 0 0 0 0 0 0
 0 0 0 0 0 0 0 0 0 0 0 0 0 0 0 0 0 0 0 0 0 0 0 0 0 0
 0 0 0 0 0 0 0 0 0 0 0 0 0 0 0 0 0 0 0 0 0 0 0 0 0 0
 0 0 0 0 0 0 0 0 0 0 0 0 0 0 0 0 0 0 0 0 0 0 0 0 0 0
 0 0 0 0 0 0 0 0 0 0 0 0 0 0 0 0 0 0 0 0 0 0 0 0 0 0
 0 0 0 0 0 0 0 0 0 0 0 0 0 0 0 0 0 0 0 0 0 0 0 0 0 0
 0 0 0 0 0 0 0 0 0 0 0 0 0 0 0 0 0 0 0 0 0 0 0 0 0 0
 0.00862536 0 0 0.000197151 0.00414017 0.0128641 0.00837892 0.0270097 0.101434 0.158115 0.152841 0.127902 0.109271 0.109419 0.0830992 0.0579132 0.0238553 0.00714673 0.00463305 0.00128148 0.00103504 0.000492878 0.000147863 0.000147863 4.92878e-05 0
 0 0 0 0 0 0 0 0 0 0 0 0 0 0 0 0 0 0 0 0 0 0 0 0 0 0
 0 0 0 0 0 0 0 0.0054083 0.00873648 0.0413646 0.0450493 0.0745869 0.0622846 0.0627006 0.0613931 0.0827291 0.12552 0.122667 0.0946155 0.0697135 0.0546179 0.0294188 0.0215738 0.0213955 0.0102223 0.00600262
 0 0 0 0 0.00359764 0.0251062 0.0480494 0.140153 0.205849 0.193036 0.1447 0.116669 0.0760912 0.0342217 0.00950174 0.001854 0.000860785 0 0 0 0.000165536 0 0.000143464 0 0 0
 0 0 0 0 0 0 0 0.000145254 0.000435761 0.0275982 0.070085 0.0708112 0.156366 0.174668 0.174014 0.160142 0.0824315 0.0480064 0.0283245 0.00493863 0.00203355 0 0 0 0 0
 0 0 0 0 0 0 0 0 0 0 0 0 0 0 0 0 0 0 0 0 0 0 0 0 0 0
 0 0 1.00437e-05 0.000401748 0.00122533 0.00171747 0.00176769 0.0269171 0.070346 0.194647 0.189555 0.159765 0.064822 0.0314167 0.0384472 0.0292271 0.0345202 0.0313363 0.0194345 0.0106764 0.0143323 0.0359363 0.0279516 0.0138201 0.00172751 0
 0 0.0021121 0.0136068 0.0755702 0.200478 0.177729 0.0527432 0.0373336 0.0318909 0.0142505 0.0149659 0.0166563 0.0217959 0.0798694 0.0677717 0.0528807 0.04013 0.0224614 0.0357745 0.0225083 0.00881397 0.00855152 0.00135912 0.000746735 0 0
 0 0 0 0 5.4009e-05 0.00500934 0.000945158 0.0243581 0.138947 0.33067 0.221406 0.137944 0.0707744 0.0437923 0.0131692 0.00525238 0.0047753 0.00276346 9.45158e-05 9.00151e-06 2.25038e-05 9.00151e-06 4.50075e-06 0 0 0
 0.000866109 0.00284123 0.00948549 0.0512746 0.133035 0.25785 0.225252 0.132002 0.0553304 0.0519788 0.0540692 0.017754 0.00435017 0.00159236 0.00146478 0.000404838 0.000125132 0.000115318 0.000107957 0.000100596 0 0 0 0 0 0
 0 0 0 0 0.00144013 0.00171154 0.00461396 0.0210425 0.0478622 0.0707936 0.0888783 0.103762 0.0637923 0.0337046 0.0602308 0.124433 0.169614 0.0934646 0.0462172 0.0250306 0.0313229 0.00938855 0.002487 0.000210481 0 0
 0 0.00764035 0.051015 0.0998891 0.058973 0.0496711 0.0374665 0.0718981 0.12319 0.153886 0.159021 0.0857701 0.0377988 0.023471 0.0147837 0.00900784 0.00315554 0.000888139 0.00291439 0.00214683 0.00393193 0.00274676 0.000635225 9.99891e-05 0 0
 0 0 0 0 0 0 0 0 0 0 0 0 0 0 0 0 0 0 0 0 0 0 0 0 0 0
 0 0 0 0 0 0 0 0 0 0 0 0 0 0 0 0 0 0 0 0 0 0 0 0 0 0
 0 0 0 0 0 0 0 0 0 0 0 0 0 0 0 0 0 0 0 0 0 0 0 0 0 0
 0 0 0 0 0 0 0 0 0 0 0 0 0 0 0 0 0 0 0 0 0 0 0 0 0 0
 0 0 0 0 0 0 0 0 0 0 0 0 0 0 0 0 0 0 0 0 0 0 0 0 0 0
 0 0 0 0 0 0 0 0 0 0 0 0 0 0 0 0 0 0 0 0 0 0 0 0 0 0
 0 0 0 0 0 0 0 0 0 0 0 0 0 0 0 0 0 0 0 0 0 0 0 0 0 0
 0 0 0 0 0 0 0 0 0 0 0 0 0 0 0 0 0 0 0 0 0 0 0 0 0 0
 0 0 0 0 0 0 0 0 0 0 0 0 0 0 0 0 0 0 0 0 0 0 0 0 0 0
ppred_pel_tallas
 1.12533e-16 4.29776e-05 0.000417758 0.00277615 0.01262 0.0392655 0.0836596 0.122106 0.122115 0.0837071 0.0394267 0.0130925 0.0039885 0.00315077 0.0054862 0.00965927 0.0154372 0.0225828 0.0307621 0.0396293 0.0486912 0.0569891 0.0629873 0.0650037 0.0620301 0.0543733
 1.22667e-16 3.8072e-05 0.000370073 0.00245927 0.0111795 0.0347837 0.0741113 0.108173 0.108201 0.0742455 0.0352345 0.0124829 0.00573618 0.00754134 0.0137132 0.0227673 0.0331929 0.0426615 0.0489174 0.0511516 0.0505709 0.0495555 0.0500193 0.052229 0.0548307 0.055834
 1.15311e-16 5.55276e-05 0.000539748 0.00358682 0.0163052 0.0507315 0.108089 0.157763 0.157778 0.108162 0.0509767 0.017015 0.00537478 0.00446393 0.00757104 0.012596 0.0185408 0.0241821 0.0283287 0.0304972 0.0311925 0.0314815 0.0321978 0.0334139 0.0345096 0.0346476
 1.05875e-16 6.42549e-05 0.00062458 0.00415056 0.0188678 0.0587049 0.125078 0.182557 0.182572 0.125148 0.0589431 0.019556 0.00587938 0.00440343 0.00725557 0.011933 0.0172812 0.0219478 0.0246118 0.0246976 0.0227229 0.0199315 0.0175052 0.0159677 0.0151327 0.0144637
 1.04095e-16 5.75666e-05 0.000559568 0.00371853 0.0169039 0.0525944 0.112059 0.163558 0.163581 0.112171 0.0529696 0.0179877 0.00644 0.00650364 0.0113556 0.0187063 0.0269995 0.034077 0.0377784 0.0371127 0.0328391 0.0269277 0.0213501 0.0171471 0.014313 0.0122907
 1.03277e-16 6.38686e-05 0.000620825 0.0041256 0.0187544 0.058352 0.124326 0.18146 0.181475 0.1244 0.058603 0.0194801 0.00594959 0.00461042 0.00766374 0.0126286 0.0183258 0.0233386 0.0262596 0.0264302 0.0243014 0.0210665 0.0178804 0.0152922 0.0132299 0.0113621
 1.05126e-16 4.69367e-05 0.000456241 0.00303189 0.0137825 0.0428827 0.0913674 0.13336 0.133393 0.0915264 0.0434168 0.0153255 0.0069065 0.00891984 0.0161365 0.0266441 0.0384755 0.048593 0.0539277 0.0530649 0.0470676 0.0387078 0.0307518 0.0246478 0.0203807 0.0171867
 1.0963e-16 4.35459e-05 0.000423281 0.00281285 0.0127868 0.0397848 0.0847666 0.123725 0.123752 0.0848969 0.0402229 0.0140546 0.0060043 0.00742054 0.0134217 0.022353 0.0327421 0.0423191 0.0487699 0.0509941 0.0496584 0.0465248 0.0431455 0.0400165 0.0367165 0.0326447
 1.11802e-16 5.02953e-05 0.000488888 0.00324883 0.0147687 0.0459511 0.0979045 0.142899 0.142919 0.0980033 0.0462832 0.0157298 0.00566814 0.00579375 0.0101951 0.0169609 0.0248709 0.0322256 0.0373323 0.039449 0.0391853 0.0379497 0.0369006 0.0362577 0.035411 0.0335536
 1.07064e-16 6.20364e-05 0.000603016 0.00400725 0.0182164 0.0566781 0.120759 0.176255 0.17627 0.120832 0.0569222 0.0189222 0.00578167 0.00448592 0.0074643 0.0123166 0.0179164 0.0229204 0.0260121 0.0266161 0.0252329 0.0230533 0.0211647 0.0199772 0.0192152 0.0183169
 1.0278e-16 6.84045e-05 0.000664916 0.0044186 0.0200863 0.0624961 0.133155 0.194346 0.194359 0.133216 0.0627004 0.0206766 0.00590101 0.00390333 0.00622567 0.0102026 0.0147353 0.0186269 0.0207088 0.0204505 0.0182702 0.0152359 0.0124042 0.0103133 0.00892613 0.00790869
 1.0187e-16 6.48596e-05 0.000630458 0.00418962 0.0190454 0.0592574 0.126255 0.184276 0.184293 0.126338 0.0595382 0.0198565 0.0062258 0.00507585 0.00850862 0.0139668 0.0201203 0.0253159 0.027913 0.0271535 0.0236053 0.0187664 0.0141599 0.0106275 0.00822744 0.00658876
 1.02323e-16 6.09512e-05 0.000592467 0.00393715 0.0178977 0.0556866 0.118647 0.173173 0.173193 0.118745 0.0560153 0.0188474 0.00632189 0.00580186 0.00996474 0.0164037 0.0236853 0.0299107 0.0331798 0.0326044 0.0288154 0.023497 0.0183451 0.0142716 0.0113182 0.00908487
 1.03225e-16 5.89642e-05 0.000573153 0.0038088 0.0173143 0.0538712 0.114779 0.167528 0.167549 0.11488 0.0542112 0.0182966 0.00627662 0.00596697 0.010322 0.0170213 0.0246313 0.0312189 0.0348463 0.0346074 0.0311381 0.0261268 0.0212438 0.0173428 0.0144013 0.0119862
 1.02728e-16 6.5553e-05 0.000637198 0.00423441 0.019249 0.0598909 0.127604 0.186245 0.18626 0.127675 0.0601288 0.0199364 0.00596153 0.00441284 0.00725184 0.011926 0.0172698 0.0219195 0.0245272 0.0244667 0.0221846 0.0188537 0.0156233 0.0130626 0.0111258 0.00948704
 1.0056e-16 7.78747e-05 0.000756969 0.00503033 0.0228671 0.0711482 0.151589 0.221249 0.221254 0.15161 0.0712179 0.0230685 0.00553601 0.0018613 0.00217646 0.0034782 0.00501073 0.00631748 0.00699058 0.0068433 0.00601498 0.00487156 0.00378154 0.00294307 0.0023623 0.00194412
 1.01395e-16 3.85498e-05 0.000374717 0.00249013 0.0113198 0.0352204 0.0750425 0.109537 0.109585 0.0752797 0.0360165 0.0136181 0.0082552 0.0129467 0.0238762 0.0393093 0.056383 0.0703975 0.0765884 0.0727576 0.0606083 0.0446514 0.0295967 0.0182315 0.0109938 0.00688183
 1.01504e-16 7.52922e-05 0.000731867 0.00486351 0.0221088 0.0687888 0.146562 0.213912 0.213916 0.146582 0.0688548 0.0223002 0.00534654 0.00179532 0.00212126 0.00345599 0.0051295 0.00677842 0.0080747 0.00884662 0.00913995 0.00911657 0.00888572 0.00842571 0.0076508 0.00653752
 1.01973e-16 5.44925e-05 0.000529686 0.00351995 0.0160012 0.0497859 0.106075 0.154826 0.154856 0.106221 0.0502761 0.0174164 0.00707011 0.00827242 0.0147381 0.0242236 0.0347619 0.0434491 0.0473707 0.0451972 0.0379965 0.0285481 0.0197249 0.0131825 0.00910648 0.00679616
 1.04158e-16 5.49613e-05 0.000534243 0.00355024 0.0161389 0.0502141 0.106987 0.156156 0.156177 0.107093 0.0505703 0.0171689 0.00614078 0.0062059 0.0108746 0.0180157 0.026236 0.0335901 0.0381055 0.0388281 0.036316 0.0321248 0.027743 0.023854 0.0203697 0.0169508
 1.03888e-16 6.41967e-05 0.000624015 0.0041468 0.0188507 0.0586517 0.124964 0.182392 0.182406 0.125035 0.0588889 0.0195364 0.00587015 0.004394 0.00724745 0.0119417 0.0173424 0.0221192 0.0249595 0.0252616 0.0234691 0.0207131 0.0180626 0.0159846 0.0143377 0.0127364
 1.0272e-16 6.49104e-05 0.000630952 0.0041929 0.0190603 0.0593038 0.126354 0.18442 0.184436 0.126432 0.0595676 0.0198226 0.00610696 0.0048116 0.00801138 0.0131594 0.0189927 0.0239746 0.0265853 0.026128 0.0231353 0.0189886 0.0150678 0.0120972 0.0100676 0.00858839
 1.0627e-16 3.18791e-05 0.000309876 0.00205924 0.00936102 0.0291259 0.0620575 0.0905845 0.0906315 0.0622871 0.029897 0.0115891 0.00765427 0.0125316 0.0232657 0.0384715 0.0555539 0.070147 0.0778045 0.0764574 0.067609 0.0552381 0.0433418 0.0340548 0.0274398 0.0224961
 1.06306e-16 6.40406e-05 0.000622497 0.00413671 0.0188049 0.0585091 0.12466 0.181947 0.181955 0.124702 0.0586506 0.0192156 0.005175 0.00291398 0.00448915 0.00751166 0.0112629 0.0151035 0.0184048 0.0208511 0.0225428 0.0237528 0.0245597 0.0247077 0.023804 0.0216527
 1.05695e-16 5.60446e-05 0.000544774 0.00362022 0.016457 0.0512039 0.109096 0.159234 0.159258 0.109214 0.051599 0.0175982 0.0064848 0.00679863 0.0119352 0.0196494 0.028322 0.0356756 0.0394445 0.0386266 0.0340986 0.0280288 0.0225601 0.0187779 0.0165653 0.0151507
 1.08449e-16 4.15175e-05 0.000403565 0.00268183 0.0121912 0.0379316 0.0808186 0.117964 0.117997 0.0809792 0.0384713 0.0137516 0.00660429 0.00898541 0.0163961 0.027187 0.0395031 0.0503957 0.0568661 0.0575095 0.0532875 0.0467352 0.040288 0.035076 0.0309032 0.0270313
 1.06373e-16 6.33821e-05 0.000616096 0.00409418 0.0186115 0.0579075 0.123378 0.180077 0.180088 0.123434 0.0580952 0.0191552 0.00546405 0.00362365 0.0058258 0.00966407 0.0142295 0.0185593 0.0217108 0.0232515 0.0234702 0.0230678 0.0225931 0.0221001 0.0212489 0.0196704
 1.04459e-16 6.08338e-05 0.000591326 0.00392957 0.0178633 0.0555794 0.118418 0.172839 0.172859 0.118514 0.0558995 0.018788 0.00625116 0.00566117 0.00969503 0.0159474 0.0230074 0.0290254 0.0321679 0.031613 0.0280451 0.0231834 0.0187293 0.0155489 0.0135687 0.0122137
 1.07772e-16 3.58007e-05 0.000347996 0.00231256 0.0105126 0.0327087 0.0696909 0.101724 0.101765 0.069889 0.0333742 0.0124359 0.00714459 0.0109102 0.020136 0.0333384 0.0482705 0.0612228 0.0684201 0.0681031 0.0615267 0.0519982 0.0427787 0.0355156 0.0301263 0.025712
 1.12713e-16 4.60752e-05 0.000447867 0.00297624 0.0135295 0.0420955 0.0896897 0.130909 0.130928 0.0897822 0.0424069 0.0144323 0.00525493 0.00546437 0.00969731 0.0162842 0.024218 0.0320649 0.0383646 0.0424192 0.0445831 0.0457349 0.0464031 0.046328 0.0447676 0.0411733
 1.06054e-16 6.78685e-05 0.000659706 0.00438398 0.0199289 0.0620064 0.132111 0.192823 0.192832 0.132159 0.0621647 0.0203868 0.00553561 0.00318131 0.00487973 0.00802158 0.0116991 0.0150419 0.0172247 0.017906 0.0174306 0.0165638 0.0159622 0.0158006 0.0157848 0.0154447
 1.06285e-16 4.38394e-05 0.000426134 0.00283181 0.012873 0.040053 0.0853385 0.124562 0.124599 0.0855207 0.0406648 0.01464 0.00726679 0.0101066 0.0184256 0.0303847 0.0437524 0.0549998 0.0605673 0.0588393 0.0511215 0.0407652 0.0311617 0.0241561 0.019795 0.0171051
 1.05495e-16 6.14254e-05 0.000597077 0.00396778 0.018037 0.0561198 0.11957 0.174518 0.174532 0.119635 0.0563381 0.0186692 0.00556072 0.00409443 0.00676213 0.011235 0.0165357 0.0215405 0.0251262 0.026746 0.0266837 0.0257149 0.0244819 0.02312 0.0213732 0.0189811
pSPR Fmed_Fpbrs
1   0.983967 0.6 0.325 0.983967 0.983967 0.983967
Fs Fmed_Fpbrs
0   0.01 0.361979 0.939243 0.01 0.01 0.01
SSBpbr Bo_Bmed_Bpbrs
1.3278e+06  1.26141e+06  1.24012e+06 730290 365145 1.24012e+06 1.24012e+06 1.24012e+06
Ro
193308
SPR SPRFo_SPRFmed_SPRFpbrs
1.39266e+06 1.39266e+06 1.37033e+06
Fref
0
Nvult_r0
 174049 36255.4 26296.5 3104.57 2378.87
CTP_r0
 15091.9 5918.04 4501.52 532.816 408.324
YTP_r0
356496
Np
 261555 96220.7 35397.6 13022.1 6552.89
Nvult_p0
 165334 60823.1 22375.6 8231.51 4142.22
CTP_p0
 0 0 0 0 0
 0 0 0 0 0
 0 0 0 0 0
 0 0 0 0 0
 0 0 0 0 0
 0 0 0 0 0
YTP_p0
 0 0 0 0 0 0
CBA_c0
0
log_Ro
11.992
likeval ReclasPelacesDesembMPH_pf_preclas_ppelaces_ptallas_desvR_qrecl_qpela
 16.224 17.5646 0.071809 0.0012394 235.948 136.262 108.542 0 22.1114 2.77693e-06 1.49889e-07 0.359499 2065.16 0 0
q_reclas_q_pelaces
0.790044 0.94672
M
1
N
 202056 38847.7 149954 8333.17 0.31317
 102175 69629.5 12495.4 47853.7 2658.23
 132659 33391.8 20084.8 3553.19 14352
 191330 43489.1 9693.58 5750 5121.84
 163062 58249.1 10844.1 2362.5 2646.19
 247067 56525.4 18965.2 3505.45 1618.44
 107199 79692 15871.5 5241.26 1414.77
 56491.5 30399.1 17174 3314.57 1387.56
 51024.4 19955.7 10288.7 5784.22 1583.24
 66072 16044.6 5317.87 2690.3 1924.39
 122149 19920.3 3921.53 1268.9 1099.61
 152987 42514.1 6539.77 1278.84 772.095
 130484 44327.6 9576.35 1431.23 448.111
 93183.5 38566.4 10401.2 2188.42 428.831
 100275 23693.3 6642.17 1713.21 430.014
 492371 28489.5 5125.89 1392.85 448.639
 118310 141438 6304.54 1100.95 394.85
 757899 38670.7 40810.8 1793.34 425.139
 435268 240526 10502 10887.2 591.236
 343021 132920 60353.6 2576.6 2812.63
 498359 107028 34860.2 15516.9 1383.99
 657446 160947 30128.8 9660.14 4679.3
 150805 204661 42010.9 7707.32 3664
 418762 50893 63061.7 12810.6 3465.46
 357759 140982 15604.1 19129.2 4934.22
 170590 121423 43951 4817.48 7425.04
 358196 58965.3 39301.1 14119 3931.12
 412065 120773 18135 11960.6 5489.98
 138198 140319 37908 5639.33 5423.64
 129863 48010.2 45889.4 12311.8 3591.63
 334849 44279.1 15109.5 14310.2 4956.77
 147347 111127 13182.3 4442.64 5661.06
 261555 51992.6 37525.3 4429.02 3393.68
pred_Ctot
 8124.14 3119.82 12709.5 708.349 0.0266247
 7280.53 9692.89 1831.21 7032.52 390.708
 9216.56 4538.03 2873.99 509.855 2059.7
 21180 9140.63 2138.16 1271.61 1132.85
 5977.05 4275.38 840.251 183.595 205.673
 19450.6 8647.12 3052.48 565.762 261.245
 15860.8 21783.5 4539.48 1502.74 405.685
 1424.61 1547.51 923.786 178.823 74.8715
 4744.9 3569.07 1933.85 1090.11 298.425
 7660.1 3518.36 1223.29 620.46 443.879
 4180.48 1367.51 284.253 92.248 79.9528
 20942.2 10839.9 1746.26 342.33 206.707
 16505 10523.9 2382.96 357.048 111.805
 18744.5 13774.6 3870.81 816.221 159.961
 14739.7 6438.86 1888.86 488.387 122.6
 69595.4 7476 1408.17 383.587 123.57
 8420.02 19666.4 922.879 161.609 57.9687
 66591.1 6558.97 7277.47 320.659 76.028
 47463.5 49858.8 2284.91 2374.93 128.989
 33371.8 24793.4 11827 506.262 552.715
 38882.4 16234.5 5563.72 2483.34 221.527
 64797.6 30385.6 5975.15 1920.9 930.599
 7934.29 21318.5 4613.81 848.877 403.61
 22625 5438.41 7104.04 1447.27 391.568
 17623.2 13782.4 1608.76 1977.88 510.253
 6547.69 9320.9 3561.18 391.485 603.478
 19036.9 6202.09 4358.16 1570.16 437.243
 19490.1 11352.5 1798.04 1189.3 545.975
 4885.87 9942.74 2835.93 423.125 407.004
 6042.69 4442.09 4478.71 1205.09 351.604
 20892.4 5431.71 1952.65 1854.57 642.483
 3816.42 5807.44 727.877 246.038 313.565
 15091.9 5918.04 4501.52 532.816 408.324
F
 0.0653577 0.134287 0.142179 0.14262 0.142643
 0.118377 0.243223 0.257518 0.258317 0.258359
 0.115274 0.236847 0.250766 0.251544 0.251585
 0.189274 0.38889 0.411745 0.413023 0.41309
 0.059438 0.122124 0.129301 0.129702 0.129724
 0.13149 0.270165 0.286043 0.28693 0.286977
 0.260274 0.53477 0.566198 0.567955 0.568048
 0.0405743 0.0833658 0.0882652 0.088539 0.0885535
 0.156934 0.322444 0.341394 0.342453 0.342509
 0.199007 0.408889 0.432919 0.434262 0.434333
 0.0554042 0.113836 0.120526 0.1209 0.12092
 0.238747 0.49054 0.519369 0.52098 0.521065
 0.218865 0.44969 0.476118 0.477595 0.477673
 0.36938 0.758944 0.803547 0.80604 0.806172
 0.258383 0.530886 0.562086 0.56383 0.563922
 0.247373 0.508263 0.538134 0.539804 0.539892
 0.118226 0.242913 0.257189 0.257987 0.258029
 0.147723 0.303519 0.321357 0.322354 0.322406
 0.186216 0.382607 0.405093 0.40635 0.406416
 0.1647 0.338401 0.358288 0.3594 0.359459
 0.130247 0.26761 0.283338 0.284217 0.284263
 0.167009 0.343145 0.363311 0.364439 0.364498
 0.0862631 0.17724 0.187656 0.188239 0.188269
 0.0886715 0.182189 0.192896 0.193494 0.193526
 0.0805768 0.165557 0.175286 0.17583 0.175859
 0.0623133 0.128032 0.135556 0.135977 0.135999
 0.0871709 0.179105 0.189631 0.19022 0.190251
 0.0772634 0.158749 0.168078 0.1686 0.168628
 0.057277 0.117684 0.1246 0.124987 0.125007
 0.0759691 0.15609 0.165263 0.165776 0.165803
 0.103005 0.211638 0.224076 0.224771 0.224808
 0.041692 0.0856623 0.0906966 0.090978 0.0909929
 0.0949432 0.195075 0.206539 0.20718 0.207214
YTP_r0W_actual
 113793 103270 108352 16687.8 14393.4
YTP_p0W_proyectada
 0 0 0 0 0
 0 0 0 0 0
 0 0 0 0 0
 0 0 0 0 0
 0 0 0 0 0
 0 0 0 0 0
CTP_r0_actual
 15091.9 5918.04 4501.52 532.816 408.324
CTP_p0_proyectada
 0 0 0 0 0
 0 0 0 0 0
 0 0 0 0 0
 0 0 0 0 0
 0 0 0 0 0
 0 0 0 0 0
Wmedp
 7.54 17.45 24.07 31.32 35.25
Frms_r0
 0.0949432 0.195075 0.206539 0.20718 0.207214
Zrms_r0
 1.09494 1.19507 1.20654 1.20718 1.20721
nmprior
 7.29 8.9 8.7 0
nm_flota  nm_reclas  nm_pelaces    nm_pelaL
inf 11.9441 21.1611 71.7389
cv_recla  cv_pelaces  cv_mph
0.348826 0.459102 0.940897
 ------------------------------------------------
Talla a la edad & desviaci?n 
 8 13.2811 15.8009 17.003 17.5766
 0.8 1.32811 1.58009 1.7003 1.75766
