years
 1991 1992 1993 1994 1995 1996 1997 1998 1999 2000 2001 2002 2003 2004 2005 2006 2007 2008 2009 2010 2011 2012 2013 2014 2015 2016 2017 2018 2019 2020 2021 2022 2023
reclasobs
 0 0 0 0 0 0 0 0 0 252601 567819 844713 477998 351125 339783 2.1784e+06 2.13404e+06 4.81314e+06 1.55562e+06 2.62356e+06 3.21686e+06 3.843e+06 1.13348e+06 3.07943e+06 1.97215e+06 2.03268e+06 2.025e+06 2.42433e+06 2.27542e+06 1.05018e+06 2.36338e+06 3.18982e+06 1.53035e+06
reclaspred
 2.86228e+06 1.51514e+06 786197 723168 755174 1.72158e+06 788682 678936 466082 281784 504394 732664 749416 529680 505032 1.4842e+06 1.16271e+06 3.66605e+06 2.73759e+06 1.88084e+06 3.17743e+06 2.59781e+06 1.85782e+06 3.04791e+06 2.19609e+06 1.93696e+06 2.40052e+06 2.76312e+06 2.14296e+06 1.37139e+06 1.95436e+06 2.02635e+06 1.41528e+06
pelacesobs
 0 0 0 0 0 0 0 0 0 0 0 0 0 0 0 552880 188675 0 991730 2.46772e+06 1.41603e+06 1.21717e+06 2.29649e+06 1.80582e+06 0 1.4828e+06 1.56532e+06 1.57751e+06 1.42118e+06 867257 1.10002e+06 1.06204e+06 0
pelacespred
 1.57406e+06 887236 427013 311708 385098 915089 347786 438551 247423 130439 274089 333423 386718 268850 259786 649338 564931 2.00178e+06 1.5537e+06 936864 1.65192e+06 1.33722e+06 1.06031e+06 1.86032e+06 1.30971e+06 1.17858e+06 1.60918e+06 1.64891e+06 1.27413e+06 889454 990056 1.17844e+06 787209
mphobs
 0 0 0 0 0 0 0 0 0 0 0 0 498337 0 5186 125008 0 168611 109162 213762 579715 649985 157893 87575 83554 210694 70296 0 107559 103333 445601 22526 28222
mphpred
 294701 202691 93006.6 52470.1 49041.1 65710.9 113844 48188.4 43566.5 23728.4 14051.3 41507.1 46607 37069.4 20736.9 26056.3 112820 85345 257705 161476 160987 195312 191364 139789 215004 174549 138844 155379 244687 153324 91335.6 179994 106734
desembarqueobs
 494567 514787 250237 358949 120608 361735 552515 73892 212993 205616 52469 317467 293654 387597 252695 516296 358380 742168 942051 627588 828172 859565 418607 520667 417249 300574 415391 372974 316634 284311 391294 218835 356480
desembarquepred
 494549 514295 250309 359000 120611 361701 552387 73896.7 213037 205652 52470.7 317478 293622 387383 252601 516079 358388 741827 941474 627097 828246 859364 418569 520671 417188 300543 415343 372890 316580 284263 391160 218839 356494
Reclutas
 156697 82258.5 83886.8 92619.7 84826.5 195680 58908 26031.2 28492.4 38258.2 70016.2 113909 97471.5 67583 57908.8 307855 52126.6 537693 267279 218604 290462 409573 70484.3 221001 185909 81259.6 185796 220147 65839.8 60967.5 172554 61706.1 102226
log_desv_Rt
 0.356423 -0.288025 -0.268423 -0.169389 -0.257283 0.578589 -0.621914 -1.43859 -1.34825 -1.05353 -0.449165 0.0375121 -0.118332 -0.484535 -0.639023 1.03174 -0.744217 1.5894 0.8904 0.689372 0.973583 1.31722 -0.442501 0.700276 0.527364 -0.300243 0.526759 0.696406 -0.510666 -0.58755 0.452818 -0.575508 -0.0707033
SSB
 1.14507e+06 787560 361379 203874 190550 255321 442341 187237 169279 92197.2 54596.6 161277 181092 144034 80573.5 101242 438364 331610 1.00132e+06 627418 625517 758887 743550 543154 835402 678216 539480 603728 950738 595745 354886 699370 414717
BT
 1.80444e+06 1.26976e+06 607295 578883 450957 1.19337e+06 796854 471463 444084 316540 312952 582009 631731 657097 510014 1.06901e+06 785090 2.64099e+06 2.32708e+06 1.43362e+06 2.24551e+06 2.0498e+06 1.30137e+06 2.28419e+06 1.57402e+06 1.33004e+06 1.96862e+06 1.92304e+06 1.36686e+06 1.07567e+06 1.28896e+06 1.22217e+06 1.05636e+06
Ftot
 0.388248 0.707315 0.703302 1.29048 0.437365 0.682015 1.43195 0.2796 1.19734 1.90699 0.386271 1.27182 1.1231 2.07968 1.70224 1.35586 0.70747 0.743477 0.872289 0.889458 0.7462 0.937207 0.506873 0.537223 0.477603 0.372224 0.525556 0.432208 0.311676 0.470689 0.651792 0.249065 0.673643
BD_Bspro_t
 0.94076 0.669229 0.423591 0.324152 0.296783 0.412531 0.46043 0.242315 0.286816 0.210869 0.177416 0.460051 0.357497 0.265589 0.164458 0.199328 0.40062 0.327119 0.519063 0.379352 0.337565 0.379512 0.406716 0.368446 0.503488 0.513203 0.511421 0.566267 0.654157 0.549704 0.459938 0.588171 0.560334
BD_Bspro
 1.44867 0.996371 0.457194 0.257928 0.241072 0.323016 0.559622 0.236881 0.214161 0.116642 0.0690722 0.204037 0.229107 0.182222 0.101937 0.128085 0.55459 0.419532 1.26681 0.79377 0.791365 0.960096 0.940692 0.687165 1.0569 0.858035 0.682516 0.763798 1.20281 0.753699 0.44898 0.884798 0.524674
BD_Bo
 2.34631 1.61375 0.740486 0.417749 0.390448 0.523167 0.906383 0.38366 0.346862 0.188917 0.111872 0.330465 0.371069 0.295133 0.1651 0.207451 0.898232 0.679488 2.05176 1.28562 1.28172 1.555 1.52358 1.11295 1.71179 1.3897 1.10543 1.23707 1.94812 1.22072 0.727182 1.43305 0.849779
BD_Brms
 2.51013 1.72643 0.792188 0.446917 0.41771 0.559695 0.969668 0.410447 0.37108 0.202108 0.119683 0.353539 0.396977 0.31574 0.176627 0.221936 0.960948 0.726931 2.19502 1.37538 1.37121 1.66358 1.62996 1.19066 1.83131 1.48673 1.18261 1.32345 2.08414 1.30595 0.777955 1.53311 0.909112
Sel_flota
 0.391438 0.924364 0.995712 0.999773 0.999988
 0.391438 0.924364 0.995712 0.999773 0.999988
 0.391438 0.924364 0.995712 0.999773 0.999988
 0.391438 0.924364 0.995712 0.999773 0.999988
 0.391438 0.924364 0.995712 0.999773 0.999988
 0.391438 0.924364 0.995712 0.999773 0.999988
 0.391438 0.924364 0.995712 0.999773 0.999988
 0.391438 0.924364 0.995712 0.999773 0.999988
 0.391438 0.924364 0.995712 0.999773 0.999988
 0.391438 0.924364 0.995712 0.999773 0.999988
 0.391438 0.924364 0.995712 0.999773 0.999988
 0.391438 0.924364 0.995712 0.999773 0.999988
 0.391438 0.924364 0.995712 0.999773 0.999988
 0.391438 0.924364 0.995712 0.999773 0.999988
 0.391438 0.924364 0.995712 0.999773 0.999988
 0.391438 0.924364 0.995712 0.999773 0.999988
 0.391438 0.924364 0.995712 0.999773 0.999988
 0.391438 0.924364 0.995712 0.999773 0.999988
 0.391438 0.924364 0.995712 0.999773 0.999988
 0.391438 0.924364 0.995712 0.999773 0.999988
 0.391438 0.924364 0.995712 0.999773 0.999988
 0.391438 0.924364 0.995712 0.999773 0.999988
 0.391438 0.924364 0.995712 0.999773 0.999988
 0.391438 0.924364 0.995712 0.999773 0.999988
 0.391438 0.924364 0.995712 0.999773 0.999988
 0.391438 0.924364 0.995712 0.999773 0.999988
 0.391438 0.924364 0.995712 0.999773 0.999988
 0.391438 0.924364 0.995712 0.999773 0.999988
 0.391438 0.924364 0.995712 0.999773 0.999988
 0.391438 0.924364 0.995712 0.999773 0.999988
 0.391438 0.924364 0.995712 0.999773 0.999988
 0.391438 0.924364 0.995712 0.999773 0.999988
 0.391438 0.924364 0.995712 0.999773 0.999988
Sel_reclas
 1 1 1 1 1
 1 1 1 1 1
 1 1 1 1 1
 1 1 1 1 1
 1 1 1 1 1
 1 1 1 1 1
 1 1 1 1 1
 1 1 1 1 1
 1 1 1 1 1
 1 1 1 1 1
 1 1 1 1 1
 1 1 1 1 1
 1 1 1 1 1
 1 1 1 1 1
 1 1 1 1 1
 1 1 1 1 1
 1 1 1 1 1
 1 1 1 1 1
 1 1 1 1 1
 1 1 1 1 1
 1 1 1 1 1
 1 1 1 1 1
 1 1 1 1 1
 1 1 1 1 1
 1 1 1 1 1
 1 1 1 1 1
 1 1 1 1 1
 1 1 1 1 1
 1 1 1 1 1
 1 1 1 1 1
 1 1 1 1 1
 1 1 1 1 1
 1 1 1 1 1
Sel_pelaces
 0.826474 1 1 1 1
 0.826474 1 1 1 1
 0.826474 1 1 1 1
 0.826474 1 1 1 1
 0.826474 1 1 1 1
 0.826474 1 1 1 1
 0.826474 1 1 1 1
 0.826474 1 1 1 1
 0.826474 1 1 1 1
 0.826474 1 1 1 1
 0.826474 1 1 1 1
 0.826474 1 1 1 1
 0.826474 1 1 1 1
 0.826474 1 1 1 1
 0.826474 1 1 1 1
 0.826474 1 1 1 1
 0.826474 1 1 1 1
 0.826474 1 1 1 1
 0.826474 1 1 1 1
 0.826474 1 1 1 1
 0.826474 1 1 1 1
 0.826474 1 1 1 1
 0.826474 1 1 1 1
 0.826474 1 1 1 1
 0.826474 1 1 1 1
 0.826474 1 1 1 1
 0.826474 1 1 1 1
 0.826474 1 1 1 1
 0.826474 1 1 1 1
 0.826474 1 1 1 1
 0.826474 1 1 1 1
 0.826474 1 1 1 1
 0.826474 1 1 1 1
pf_obs 
 0.8446 0.082 0.0669 0.0065 0
 0.8095 0.147 0.0364 0.0071 0
 0.9664 0.0169 0.016 0.0007 0
 0.9276 0.0648 0.0075 0.0001 0
 0.7033 0.2144 0.0806 0.0017 0
 0.9318 0.0425 0.0243 0.0014 0
 0.5671 0.3108 0.0964 0.0239 0.0018
 0.0768 0.2599 0.5324 0.112 0.0189
 0.490249 0.384438 0.106611 0.0170017 0.00170017
 0.7925 0.1577 0.0466 0.003 0.0002
 0.840416 0.127587 0.0312969 0.00059994 9.999e-05
 0.8084 0.0986 0.0794 0.0134 0.0002
 0.7335 0.1905 0.0724 0.0035 0.0001
 0.4001 0.4547 0.1325 0.0127 0
 0.49795 0.308269 0.164784 0.0264974 0.00249975
 0.9179 0.0499 0.0305 0.0017 0
 0.2467 0.6533 0.0926 0.0074 0
 0.9418 0.0223 0.034 0.0019 0
 0.707729 0.231977 0.0356964 0.0245975 0
 0.517169 0.277429 0.184464 0.0207286 0.00020938
 0.811772 0.124168 0.05621 0.00726502 0.000585176
 0.764997 0.148141 0.077277 0.00933861 0.000247198
 0.163321 0.427699 0.378323 0.0303852 0.000271297
 0.753843 0.0900009 0.118128 0.0371064 0.000921714
 0.721811 0.176058 0.0630433 0.0369309 0.00215725
 0.143369 0.312575 0.442814 0.0836902 0.0175525
 0.692698 0.0596174 0.167031 0.0765114 0.00414204
 0.394062 0.376323 0.152708 0.0712218 0.00568511
 0.125707 0.32114 0.495352 0.0537591 0.00404204
 0.23352 0.215282 0.420074 0.123614 0.00750983
 0.796117 0.104755 0.0508955 0.0450114 0.00322123
 0.162477 0.292055 0.404252 0.121198 0.0200186
 0 0 0 0 0
pf_pred 
 0.461977 0.179892 0.329305 0.0288251 1.21567e-06
 0.361585 0.445062 0.068518 0.114832 0.0100032
 0.526479 0.294632 0.128665 0.0178641 0.0323602
 0.620897 0.290751 0.057134 0.0224911 0.00872717
 0.620592 0.323923 0.0438497 0.00754439 0.00409129
 0.745765 0.205877 0.0418208 0.00517161 0.00136533
 0.345475 0.585417 0.0570311 0.0104525 0.00162441
 0.384609 0.406479 0.189498 0.0160433 0.00337055
 0.519987 0.294264 0.126155 0.0540787 0.00551451
 0.73271 0.212815 0.0350705 0.0132095 0.00619476
 0.817004 0.169377 0.0112017 0.00156141 0.000855686
 0.718257 0.25918 0.0210179 0.0012719 0.000273082
 0.644247 0.320105 0.0331235 0.0023522 0.000171616
 0.602858 0.341492 0.0506752 0.00462453 0.000349891
 0.727085 0.240851 0.0282215 0.00350148 0.000340257
 0.93377 0.0608014 0.00487417 0.000488251 6.58796e-05
 0.27291 0.713067 0.0130109 0.00090967 0.000102624
 0.903607 0.0496221 0.0459559 0.000756184 5.84952e-05
 0.467999 0.513798 0.00984866 0.00820956 0.000144682
 0.534371 0.337997 0.123723 0.00212092 0.00178794
 0.662957 0.263069 0.0553115 0.0180944 0.000568011
 0.690416 0.263902 0.0364684 0.00689998 0.00231446
 0.217275 0.683619 0.0858671 0.0105822 0.00265657
 0.676036 0.137349 0.164864 0.0188593 0.00289251
 0.529914 0.401196 0.0308236 0.0336503 0.00441634
 0.329052 0.501212 0.146806 0.0102886 0.0126414
 0.654097 0.192536 0.117062 0.031422 0.00488354
 0.606086 0.33022 0.0369448 0.0204424 0.00630674
 0.258227 0.592437 0.126991 0.0129885 0.00935689
 0.381838 0.28725 0.268709 0.0529331 0.00926983
 0.737468 0.164714 0.0477218 0.0407188 0.00937766
 0.3325 0.593082 0.0484542 0.0127028 0.0132604
 0.569498 0.236031 0.174348 0.0131232 0.00699922
pobs_RECLAS
 0 0 0 0 0
 0 0 0 0 0
 0 0 0 0 0
 0 0 0 0 0
 0 0 0 0 0
 0 0 0 0 0
 0 0 0 0 0
 0 0 0 0 0
 0 0 0 0 0
 0 0 0 0 0
 0.991045 0.00858322 0.000360255 1.14367e-05 0
 0.934742 0.0480273 0.0164251 0.00080598 0
 0.827803 0.169806 0.00239088 0 0
 0.941827 0.0461693 0.0120037 0 0
 0.791401 0.0380133 0.147996 0.0225897 0
 0.846168 0.0940531 0.0597789 0 0
 0.134021 0.677848 0.182769 0.00536245 0
 0.80878 0.0450904 0.141981 0.00414843 0
 0.846168 0.0940531 0.0597789 0 0
 0.905697 0.0802665 0.012482 0.00150086 5.37128e-05
 0.989698 0.0102097 9.19794e-05 0 0
 0.975433 0.0193895 0.00387452 0.00125025 5.28907e-05
 0.303575 0.632131 0.0575291 0.00676475 0
 0.966965 0.00978017 0.0227588 0.000495775 0
 0.843318 0.132988 0.00938335 0.0141283 0.000182051
 0.564624 0.303363 0.111486 0.0197234 0.00080311
 0.826376 0.0876187 0.0782897 0.00655872 0.00115652
 0.89761 0.0855135 0.0140674 0.00269457 0.000114338
 0.34875 0.467042 0.161289 0.0227151 0.000203297
 0.318654 0.224769 0.449479 0.00709798 0
 0.937255 0.0296025 0.0250945 0.00804832 0
 0.456809 0.399803 0.12412 0.0192676 0
 0.883104 0.0372192 0.0704036 0.00927362 0
ppred_RECLAS
 0.68548 0.110674 0.187502 0.0163431 6.89097e-07
 0.589022 0.293672 0.0416893 0.069558 0.00605784
 0.738796 0.167527 0.0674633 0.00932504 0.0168881
 0.813598 0.145951 0.0262051 0.0102644 0.00398182
 0.800086 0.172592 0.0216124 0.00370256 0.00200743
 0.880039 0.0986089 0.0184765 0.0022747 0.00060039
 0.585632 0.374154 0.0332165 0.00605659 0.00094099
 0.605642 0.267187 0.115398 0.00972904 0.00204352
 0.743346 0.162769 0.063865 0.0272432 0.00277732
 0.887369 0.0915344 0.01361 0.00509705 0.0023896
 0.915447 0.0787006 0.00481715 0.00066862 0.000366336
 0.869918 0.120497 0.00893135 0.000537803 0.000115438
 0.824063 0.15965 0.0151387 0.00106988 7.8038e-05
 0.816225 0.160311 0.0213788 0.0019394 0.000146689
 0.880726 0.10644 0.0113036 0.00139482 0.000135502
 0.973918 0.024118 0.00176446 0.000175855 2.37218e-05
 0.481342 0.509423 0.00857102 0.000596585 6.72875e-05
 0.960207 0.0212955 0.0181771 0.000297756 2.30277e-05
 0.688358 0.301825 0.00532263 0.00441646 7.78151e-05
 0.746371 0.188255 0.0633814 0.00108152 0.000911499
 0.832159 0.133328 0.0258357 0.0084139 0.000264063
 0.850426 0.12906 0.016392 0.00308705 0.00103523
 0.405285 0.524474 0.0608931 0.00747208 0.00187537
 0.841744 0.0701853 0.0778447 0.00886638 0.00135955
 0.734506 0.229192 0.0162816 0.0176984 0.00232225
 0.546366 0.345419 0.0936512 0.00653556 0.00802832
 0.826571 0.099937 0.0561529 0.0150075 0.0023319
 0.790282 0.178012 0.0184239 0.0101509 0.00313096
 0.458957 0.438691 0.0870926 0.00887036 0.00638878
 0.609616 0.189103 0.163578 0.0320851 0.00561758
 0.876764 0.0796742 0.0213006 0.0180947 0.00416628
 0.545705 0.407037 0.0308164 0.00804521 0.00839649
 0.771473 0.129866 0.0884934 0.00663142 0.00353602
pobs_PELACES
 0 0 0 0 0
 0 0 0 0 0
 0 0 0 0 0
 0 0 0 0 0
 0 0 0 0 0
 0 0 0 0 0
 0 0 0 0 0
 0 0 0 0 0
 0 0 0 0 0
 0 0 0 0 0
 0 0 0 0 0
 0 0 0 0 0
 0 0 0 0 0
 0 0 0 0 0
 0 0 0 0 0
 0 0 0 0 0
 0.505614 0.472636 0.0217494 0 0
 0 0 0 0 0
 0.443492 0.261883 0.143347 0.151278 0
 0.227955 0.32914 0.350689 0.0885471 0.00366901
 0.970185 0.0296113 0.000203453 0 0
 0.997202 0.00247181 0.000326279 0 0
 0.445219 0.490057 0.0546422 0.010081 0
 0.90214 0.0892962 0.00764917 0.000914606 0
 0 0 0 0 0
 0.581667 0.319106 0.0959925 0.00289975 0.000334073
 0.762889 0.0836404 0.116647 0.0363945 0.000428098
 0.88444 0.0763242 0.0277011 0.0115352 0
 0.521256 0.241999 0.230069 0.00667565 0
 0.616807 0.101726 0.260614 0.0208532 0
 0.833518 0.0704572 0.0857862 0.0102388 0
 0.697417 0.212968 0.0787535 0.0105354 0.000325836
 0 0 0 0 0
ppred_PELACES
 0.659868 0.120399 0.202123 0.0176083 7.42425e-07
 0.574107 0.305825 0.0426974 0.0711725 0.00619814
 0.726875 0.176228 0.0698017 0.00963916 0.0174561
 0.820033 0.141852 0.0247069 0.00966085 0.00374735
 0.781525 0.188883 0.0234101 0.00400819 0.00217307
 0.872697 0.104944 0.0193503 0.0023801 0.000628179
 0.601192 0.361277 0.03101 0.00564343 0.00087671
 0.571934 0.290643 0.124705 0.0105098 0.00220747
 0.749101 0.160783 0.0613324 0.0261209 0.00266268
 0.901797 0.0804839 0.0114415 0.00427399 0.00200346
 0.905511 0.0880049 0.00533789 0.000740515 0.000405716
 0.873857 0.117104 0.00842377 0.000506375 0.000108682
 0.825415 0.158809 0.0146659 0.0010349 7.54809e-05
 0.84188 0.138782 0.0176233 0.00159427 0.000120567
 0.892099 0.0967023 0.00986604 0.00121465 0.000117985
 0.975164 0.0230203 0.00163123 0.000162282 2.18887e-05
 0.464923 0.525705 0.00869884 0.000604908 6.82229e-05
 0.958182 0.022561 0.0189231 0.000309667 2.39476e-05
 0.680469 0.309669 0.00534994 0.00443393 7.81181e-05
 0.740881 0.193364 0.0637525 0.00108656 0.000915686
 0.824232 0.140133 0.0266815 0.00868068 0.000272422
 0.847511 0.131974 0.0163963 0.00308399 0.00103414
 0.38142 0.546292 0.0626737 0.00768536 0.00192883
 0.829519 0.0761433 0.0833914 0.0094913 0.00145532
 0.71353 0.24769 0.0173989 0.0189009 0.00247995
 0.515738 0.369516 0.0993102 0.00692703 0.00850897
 0.812852 0.108415 0.0601672 0.0160691 0.00249675
 0.770939 0.194737 0.0199507 0.0109857 0.00338837
 0.425821 0.466209 0.0918789 0.00935394 0.00673692
 0.585077 0.202151 0.172937 0.0338995 0.00593506
 0.868953 0.0851962 0.02243 0.0190374 0.00438316
 0.509291 0.439936 0.0331124 0.00864175 0.00901891
 0.759765 0.137459 0.0921936 0.00690247 0.00368037
pobs_pel_tallas
 0 0 0 0 0 0 0 0 0 0 0 0 0 0 0 0 0 0 0 0 0 0 0 0 0 0
 0 0 0 0 0 0 0 0 0 0 0 0 0 0 0 0 0 0 0 0 0 0 0 0 0 0
 0 0 0 0 0 0 0 0 0 0 0 0 0 0 0 0 0 0 0 0 0 0 0 0 0 0
 0 0 0 0 0 0 0 0 0 0 0 0 0 0 0 0 0 0 0 0 0 0 0 0 0 0
 0 0 0 0 0 0 0 0 0 0 0 0 0 0 0 0 0 0 0 0 0 0 0 0 0 0
 0 0 0 0 0 0 0 0 0 0 0 0 0 0 0 0 0 0 0 0 0 0 0 0 0 0
 0 0 0 0 0 0 0 0 0 0 0 0 0 0 0 0 0 0 0 0 0 0 0 0 0 0
 0 0 0 0 0 0 0 0 0 0 0 0 0 0 0 0 0 0 0 0 0 0 0 0 0 0
 0 0 0 0 0 0 0 0 0 0 0 0 0 0 0 0 0 0 0 0 0 0 0 0 0 0
 0 0 0 0 0 0 0 0 0 0 0 0 0 0 0 0 0 0 0 0 0 0 0 0 0 0
 0 0 0 0 0 0 0 0 0 0 0 0 0 0 0 0 0 0 0 0 0 0 0 0 0 0
 0 0 0 0 0 0 0 0 0 0 0 0 0 0 0 0 0 0 0 0 0 0 0 0 0 0
 0.00862536 0 0 0.000197151 0.00414017 0.0128641 0.00837892 0.0270097 0.101434 0.158115 0.152841 0.127902 0.109271 0.109419 0.0830992 0.0579132 0.0238553 0.00714673 0.00463305 0.00128148 0.00103504 0.000492878 0.000147863 0.000147863 4.92878e-05 0
 0 0 0 0 0 0 0 0 0 0 0 0 0 0 0 0 0 0 0 0 0 0 0 0 0 0
 0 0 0 0 0 0 0 0.0054083 0.00873648 0.0413646 0.0450493 0.0745869 0.0622846 0.0627006 0.0613931 0.0827291 0.12552 0.122667 0.0946155 0.0697135 0.0546179 0.0294188 0.0215738 0.0213955 0.0102223 0.00600262
 0 0 0 0 0.00359764 0.0251062 0.0480494 0.140153 0.205849 0.193036 0.1447 0.116669 0.0760912 0.0342217 0.00950174 0.001854 0.000860785 0 0 0 0.000165536 0 0.000143464 0 0 0
 0 0 0 0 0 0 0 0.000145254 0.000435761 0.0275982 0.070085 0.0708112 0.156366 0.174668 0.174014 0.160142 0.0824315 0.0480064 0.0283245 0.00493863 0.00203355 0 0 0 0 0
 0 0 0 0 0 0 0 0 0 0 0 0 0 0 0 0 0 0 0 0 0 0 0 0 0 0
 0 0 1.00437e-05 0.000401748 0.00122533 0.00171747 0.00176769 0.0269171 0.070346 0.194647 0.189555 0.159765 0.064822 0.0314167 0.0384472 0.0292271 0.0345202 0.0313363 0.0194345 0.0106764 0.0143323 0.0359363 0.0279516 0.0138201 0.00172751 0
 0 0.0021121 0.0136068 0.0755702 0.200478 0.177729 0.0527432 0.0373336 0.0318909 0.0142505 0.0149659 0.0166563 0.0217959 0.0798694 0.0677717 0.0528807 0.04013 0.0224614 0.0357745 0.0225083 0.00881397 0.00855152 0.00135912 0.000746735 0 0
 0 0 0 0 5.4009e-05 0.00500934 0.000945158 0.0243581 0.138947 0.33067 0.221406 0.137944 0.0707744 0.0437923 0.0131692 0.00525238 0.0047753 0.00276346 9.45158e-05 9.00151e-06 2.25038e-05 9.00151e-06 4.50075e-06 0 0 0
 0.000866109 0.00284123 0.00948549 0.0512746 0.133035 0.25785 0.225252 0.132002 0.0553304 0.0519788 0.0540692 0.017754 0.00435017 0.00159236 0.00146478 0.000404838 0.000125132 0.000115318 0.000107957 0.000100596 0 0 0 0 0 0
 0 0 0 0 0.00144013 0.00171154 0.00461396 0.0210425 0.0478622 0.0707936 0.0888783 0.103762 0.0637923 0.0337046 0.0602308 0.124433 0.169614 0.0934646 0.0462172 0.0250306 0.0313229 0.00938855 0.002487 0.000210481 0 0
 0 0.00764035 0.051015 0.0998891 0.058973 0.0496711 0.0374665 0.0718981 0.12319 0.153886 0.159021 0.0857701 0.0377988 0.023471 0.0147837 0.00900784 0.00315554 0.000888139 0.00291439 0.00214683 0.00393193 0.00274676 0.000635225 9.99891e-05 0 0
 0 0 0 0 0 0 0 0 0 0 0 0 0 0 0 0 0 0 0 0 0 0 0 0 0 0
 0 0 0 0 0 0 0 0 0 0 0 0 0 0 0 0 0 0 0 0 0 0 0 0 0 0
 0 0 0 0 0 0 0 0 0 0 0 0 0 0 0 0 0 0 0 0 0 0 0 0 0 0
 0 0 0 0 0 0 0 0 0 0 0 0 0 0 0 0 0 0 0 0 0 0 0 0 0 0
 0 0 0 0 0 0 0 0 0 0 0 0 0 0 0 0 0 0 0 0 0 0 0 0 0 0
 0 0 0 0 0 0 0 0 0 0 0 0 0 0 0 0 0 0 0 0 0 0 0 0 0 0
 0 0 0 0 0 0 0 0 0 0 0 0 0 0 0 0 0 0 0 0 0 0 0 0 0 0
 0 0 0 0 0 0 0 0 0 0 0 0 0 0 0 0 0 0 0 0 0 0 0 0 0 0
 0 0 0 0 0 0 0 0 0 0 0 0 0 0 0 0 0 0 0 0 0 0 0 0 0 0
ppred_pel_tallas
 1.0763e-16 5.43525e-05 0.000528326 0.00351091 0.0159601 0.0496579 0.105802 0.154423 0.154435 0.10586 0.0498543 0.0165312 0.00495841 0.0037343 0.00627783 0.0106433 0.0161421 0.0219936 0.0273775 0.031818 0.0352855 0.0378669 0.0393445 0.0391423 0.0367229 0.0320757
 1.09497e-16 4.72885e-05 0.000459661 0.00305461 0.0138858 0.0432042 0.0920521 0.134359 0.134388 0.0921963 0.0436882 0.0152844 0.0065665 0.00813111 0.0146326 0.0241608 0.0349165 0.0441805 0.0492433 0.0489323 0.0443374 0.0380606 0.032588 0.0290426 0.0270595 0.0255281
 1.05981e-16 5.98718e-05 0.000581975 0.00386743 0.0175808 0.0547004 0.116546 0.170105 0.170122 0.116629 0.0549806 0.0183911 0.00590505 0.00504215 0.008566 0.0141598 0.0206112 0.0263824 0.0299413 0.0305804 0.0288049 0.02591 0.0231096 0.020917 0.0191495 0.017356
 1.02353e-16 6.75451e-05 0.000656562 0.00436309 0.019834 0.0617109 0.131482 0.191905 0.191918 0.131549 0.0619354 0.0204826 0.00599164 0.00421336 0.00682751 0.0111936 0.0161503 0.020379 0.0225851 0.0221778 0.0196148 0.0160784 0.0127491 0.010245 0.00855448 0.00733562
 1.01494e-16 6.43733e-05 0.000625731 0.0041582 0.0189026 0.0588131 0.125308 0.182895 0.182913 0.125397 0.0591117 0.0197649 0.00632235 0.00534911 0.00903204 0.0148222 0.0213274 0.0267805 0.0294242 0.0284458 0.0244557 0.0190702 0.0139464 0.0100204 0.00738668 0.00566333
 1.00931e-16 7.18829e-05 0.000698728 0.00464329 0.0211077 0.0656741 0.139926 0.204228 0.204238 0.139975 0.0658402 0.0215875 0.00584794 0.00332947 0.00507099 0.00827686 0.0119326 0.0150386 0.0166249 0.0162394 0.014205 0.0113869 0.00866345 0.00651872 0.00499096 0.00388329
 1.01702e-16 4.95195e-05 0.000481347 0.00319872 0.014541 0.0452425 0.0963952 0.140699 0.140734 0.0965651 0.0458131 0.0161886 0.00733282 0.00950058 0.0171623 0.0282513 0.0405903 0.0508271 0.0555758 0.0532693 0.0450959 0.0342101 0.0238778 0.0159913 0.0108037 0.00760421
 1.05101e-16 4.71095e-05 0.000457921 0.00304305 0.0138333 0.0430406 0.0917036 0.13385 0.133878 0.0918412 0.0435029 0.0151702 0.00640506 0.00781759 0.0140839 0.0233634 0.0340091 0.0435078 0.0492954 0.0501343 0.0467597 0.0412107 0.0354408 0.0303518 0.0258298 0.0214226
 1.04882e-16 6.17025e-05 0.00059977 0.00398568 0.0181183 0.056373 0.120109 0.175306 0.175322 0.120185 0.0566286 0.0188577 0.00584478 0.00466932 0.00782344 0.012923 0.0188154 0.0240965 0.0273746 0.0280107 0.0264663 0.023912 0.0214271 0.0194387 0.0177417 0.0159097
 1.01119e-16 7.42798e-05 0.000722027 0.00479812 0.0218116 0.0678639 0.144592 0.211037 0.211045 0.144629 0.0679912 0.0221792 0.00572109 0.00273709 0.0039019 0.00633489 0.00912313 0.0114833 0.0126727 0.0123527 0.0107869 0.00865877 0.00665813 0.00515788 0.00416801 0.00349999
 1.0032e-16 7.45858e-05 0.000725 0.00481788 0.0219014 0.0681434 0.145187 0.211907 0.211915 0.145228 0.0682823 0.0223025 0.00582408 0.00291962 0.00423687 0.00687138 0.00985594 0.0123194 0.013429 0.0128018 0.0107319 0.00799918 0.00541541 0.00345742 0.00219623 0.00145774
 1.00343e-16 7.19785e-05 0.000699656 0.00464946 0.0211358 0.0657614 0.140112 0.2045 0.204511 0.140167 0.0659462 0.0216696 0.00598877 0.00362107 0.00561345 0.00914819 0.0131286 0.0164184 0.0179117 0.0170969 0.0143605 0.0107327 0.00728635 0.00465206 0.00292731 0.00189011
 1.00581e-16 6.79884e-05 0.000660871 0.00439172 0.0199641 0.0621159 0.132345 0.193165 0.19318 0.13242 0.0623668 0.0206885 0.00620919 0.0046261 0.00759179 0.0124249 0.0178483 0.0223513 0.024441 0.0234246 0.0198189 0.0150048 0.0104147 0.00688321 0.00453186 0.00306343
 1.00725e-16 6.93446e-05 0.000674054 0.00447933 0.0203624 0.063355 0.134985 0.197017 0.197031 0.13505 0.0635743 0.0209959 0.00606938 0.00414435 0.00665766 0.0108901 0.0156648 0.019663 0.0215879 0.0208362 0.0178494 0.0138101 0.00993673 0.00692656 0.00486754 0.00350289
 1.00452e-16 7.3481e-05 0.000714262 0.00474652 0.021577 0.0671341 0.143037 0.208768 0.208777 0.143082 0.0672869 0.0220182 0.00585361 0.00312992 0.00465788 0.00757517 0.0108838 0.0136408 0.0149376 0.0143538 0.0122032 0.00932181 0.00657436 0.00446017 0.00304584 0.00214712
 1.00074e-16 8.0323e-05 0.000780768 0.00518848 0.0235861 0.073385 0.156355 0.228205 0.228207 0.156365 0.0734214 0.023691 0.00545176 0.00135505 0.00116965 0.00180298 0.00258101 0.00322756 0.00352128 0.00336156 0.00282452 0.00211281 0.00143731 0.000921812 0.00058505 0.000382882
 1.00458e-16 3.82952e-05 0.000372243 0.00247369 0.0112451 0.0349878 0.0745471 0.108814 0.108865 0.0747941 0.0358168 0.0136382 0.00847559 0.0134568 0.0248365 0.040863 0.058541 0.0729425 0.0790728 0.07463 0.0614138 0.0441948 0.027985 0.0157967 0.00815903 0.00404017
 1.00588e-16 7.89242e-05 0.000767171 0.00509812 0.0231753 0.0721071 0.153632 0.224231 0.224233 0.153643 0.0721433 0.0232801 0.00536234 0.00134773 0.00119253 0.00187516 0.00275966 0.00360667 0.00422497 0.00451754 0.00451853 0.0043394 0.00407209 0.00373582 0.00330219 0.00275751
 1.00692e-16 5.60494e-05 0.00054482 0.00362053 0.0164584 0.0512083 0.109106 0.159249 0.159279 0.109251 0.0516967 0.0178682 0.00715643 0.00825375 0.0146674 0.0240826 0.0345067 0.0430158 0.0466737 0.0441332 0.0364605 0.026465 0.0170872 0.0100775 0.00571605 0.00336504
 1.02154e-16 6.10254e-05 0.000593189 0.00394195 0.0179195 0.0557544 0.118791 0.173383 0.173402 0.118883 0.0560613 0.0188066 0.00617126 0.00546817 0.0093438 0.0154133 0.0223415 0.0283897 0.0318099 0.0317636 0.028774 0.0242929 0.019762 0.0159277 0.012813 0.0101314
 1.01723e-16 6.78909e-05 0.000659924 0.00438543 0.0199355 0.0620269 0.132155 0.192887 0.192901 0.132221 0.0622487 0.0205764 0.00599479 0.00417512 0.00674961 0.011066 0.0159697 0.0201563 0.0223432 0.0219368 0.0193743 0.0158058 0.0123848 0.00972394 0.00783442 0.00641921
 1.00992e-16 6.98084e-05 0.000678563 0.00450929 0.0204986 0.0637788 0.135888 0.198335 0.198348 0.13595 0.0639874 0.0211011 0.00602141 0.00397886 0.00633568 0.0103583 0.0149021 0.0187122 0.0205593 0.0198748 0.0170845 0.0133166 0.00972784 0.00697218 0.00511637 0.00389589
 1.03046e-16 3.14172e-05 0.000305387 0.0020294 0.00922541 0.0287039 0.0611587 0.089274 0.0893266 0.0614159 0.0295672 0.0117186 0.0082862 0.0139595 0.0259493 0.0428133 0.0615837 0.0772543 0.0847304 0.0816432 0.0697527 0.0537506 0.0384729 0.0266919 0.018751 0.0136045
 1.03625e-16 6.83264e-05 0.000664157 0.00441355 0.0200634 0.0624247 0.133003 0.194123 0.19413 0.133039 0.0625475 0.0204195 0.00531308 0.0026461 0.00388588 0.00645538 0.00961699 0.012769 0.0153247 0.0169798 0.0178207 0.0181286 0.0180634 0.0175248 0.0162932 0.0142824
 1.02881e-16 5.87726e-05 0.000571291 0.00379643 0.017258 0.0536962 0.114406 0.166984 0.167008 0.114523 0.0540874 0.0183876 0.00663087 0.00675548 0.0117939 0.0193799 0.0278562 0.0349194 0.0382723 0.0368761 0.0315839 0.0245823 0.0180975 0.0133606 0.0104299 0.00868377
 1.05096e-16 4.24807e-05 0.000412928 0.00274405 0.0124741 0.0388117 0.0826937 0.120701 0.120737 0.0828681 0.0393975 0.014167 0.00699703 0.00970847 0.0177292 0.0293279 0.0424408 0.0537773 0.0599889 0.0594974 0.0533804 0.0445384 0.0358622 0.0288623 0.0235619 0.0192779
 1.03799e-16 6.69536e-05 0.000650813 0.00432488 0.0196603 0.0611705 0.130331 0.190223 0.190234 0.130382 0.0613435 0.0201609 0.00558505 0.00341376 0.00534957 0.00883044 0.012931 0.0167167 0.0192737 0.0201706 0.0196737 0.0184788 0.0171934 0.016002 0.0147237 0.0131097
 1.02301e-16 6.35012e-05 0.000617255 0.00410187 0.0186465 0.0580164 0.123611 0.180417 0.180436 0.123702 0.0583241 0.0195353 0.0063323 0.00548488 0.00930401 0.0152708 0.0219697 0.0275838 0.03031 0.0293272 0.0252888 0.0198846 0.0148333 0.0110832 0.00868337 0.00717214
 1.04849e-16 3.50744e-05 0.000340936 0.00226564 0.0102993 0.0320452 0.0682774 0.0996623 0.0997072 0.0684972 0.0327832 0.0124315 0.00761945 0.0120343 0.02226 0.036789 0.0530941 0.0669746 0.0741523 0.072626 0.0638246 0.0515686 0.0397242 0.0304017 0.0237394 0.018847
 1.09447e-16 4.81921e-05 0.000468444 0.00311298 0.0141512 0.0440296 0.0938104 0.136923 0.136943 0.0939069 0.0443541 0.0150915 0.00548477 0.00568361 0.0100629 0.0168478 0.0249385 0.0327702 0.0387419 0.0420654 0.043104 0.0428521 0.0420315 0.0406053 0.0380385 0.0339342
 1.03321e-16 7.15745e-05 0.00069573 0.00462337 0.0210172 0.0653923 0.139325 0.203351 0.20336 0.139366 0.0655275 0.021408 0.00560553 0.00284381 0.00416329 0.0068022 0.00987131 0.0125873 0.0142103 0.0144185 0.0134962 0.01212 0.010915 0.0101284 0.00961973 0.00908059
 1.03461e-16 4.19497e-05 0.000407766 0.00270975 0.0123182 0.0383266 0.0816605 0.119195 0.119237 0.0818674 0.0390213 0.0143242 0.00774288 0.0113878 0.0208736 0.0343859 0.0493999 0.0618505 0.0676254 0.0648378 0.0549686 0.0418971 0.0296261 0.0204527 0.0146328 0.0112092
 1.04011e-16 6.25808e-05 0.000608308 0.00404242 0.0183763 0.0571755 0.121819 0.177801 0.177814 0.121884 0.0573952 0.0190124 0.00564463 0.00412395 0.00679207 0.0112666 0.0165422 0.0214634 0.0248717 0.0261944 0.0257107 0.0242229 0.0224307 0.0205476 0.0184008 0.0157976
pSPR Fmed_Fpbrs
1   0.984735 0.6 0.325 0.984735 0.984735 0.984735
Fs Fmed_Fpbrs
0   0.01 0.385791 1.02096 0.01 0.01 0.01
SSBpbr Bo_Bmed_Bpbrs
488029  463628  456178 268416 134208 456178 456178 456178
Ro
109716
SPR SPRFo_SPRFmed_SPRFpbrs
790428 790428 778363
Fref
0
Nvult_r0
 73336.1 16527.6 11669.3 876.213 467.265
CTP_r0
 15302.8 6342.3 4684.85 352.629 188.073
YTP_r0
356494
Np
 102226 37606.9 13834.8 5089.54 2561.13
Nvult_p0
 64619.3 23772.1 8745.27 3217.2 1618.94
CTP_p0
 0 0 0 0 0
 0 0 0 0 0
 0 0 0 0 0
 0 0 0 0 0
 0 0 0 0 0
 0 0 0 0 0
YTP_p0
 0 0 0 0 0 0
CBA_c0
0
log_Ro
11.4256
likeval ReclasPelacesDesembMPH_pf_preclas_ppelaces_ptallas_desvR_qrecl_qpela
 13.1971 17.1599 0.0166704 0.00127207 236.262 134.948 112.629 0 25.0218 2.07748e-05 5.10206e-05 0.0311655 2061.99 0 0
q_reclas_q_pelaces
1.90521 2.74603
M
1
N
 156697 28056.9 48196.6 4204.23 0.177277
 82258.5 49518.2 7209.16 12045.7 1049.14
 83886.8 22942.6 9473.74 1311.37 2375.12
 92619.7 23433.6 4405.66 1730.2 671.283
 84826.5 20560.3 2615.09 448.408 243.126
 195680 26295.7 5048.43 622.389 164.287
 58908 55120 5149.89 941.751 146.339
 26031.2 12372.3 5397.15 455.285 95.6325
 28492.4 8583.57 3514.88 1503.01 153.245
 38258.2 6559.76 1044.02 392.509 184.053
 70016.2 6671.81 414.038 57.5136 31.5129
 113909 22143.1 1717.44 103.684 22.2584
 97471.5 25471.6 2514.06 178.078 12.9908
 67583 23102.4 3318.17 302.285 22.8688
 57908.8 11015.4 1243.04 153.916 14.9552
 307855 10941.3 840.13 83.9625 11.3277
 52126.6 66612.4 1149.4 80.1186 9.03709
 537693 14537.7 12742.4 209.046 16.1684
 267279 147859 2689.89 2235.9 39.3987
 218604 69884.5 24287.2 415.178 349.943
 290462 56774.9 11298.4 3685.13 115.664
 409573 79788.8 10478.6 1977.16 663.102
 70484.3 104403 12342.7 1516.11 380.539
 221001 21263.3 24040.1 2741.11 420.34
 185909 65882.9 4760.69 5179.99 679.713
 81259.6 56730 15586.4 1088.54 1337.22
 185796 25840.6 14794.2 3958.13 615.058
 220147 55641.4 5848.24 3224.99 994.773
 65839.8 68382.3 13727.6 1399.04 1007.68
 60967.5 21439.3 18859.4 3702.73 648.321
 172554 18654.6 5104.57 4342.03 999.82
 61706.1 49184.2 3756.93 981.316 1024.19
 102226 20591.7 14372.9 1078.54 575.141
pred_Ctot
 14139.6 5505.91 10079 882.244 0.0372077
 12861.7 15831.1 2437.22 4084.64 355.818
 13050.1 7303.17 3189.28 442.804 802.126
 24183.9 11324.8 2225.37 876.027 339.923
 8555.79 4465.76 604.534 104.011 56.4046
 29617.8 8176.35 1660.9 205.389 54.2235
 16715.1 28324.2 2759.33 505.725 78.5939
 1721.2 1819.07 848.038 71.797 15.0838
 6999.1 3960.84 1698.06 727.907 74.226
 13500.5 3921.23 646.19 243.392 114.141
 6287.75 1303.54 86.2095 12.0168 6.58545
 29394.3 10606.8 860.144 52.052 11.1757
 22710.4 11284 1167.64 82.9176 6.04964
 25384.8 14379.4 2133.81 194.727 14.733
 18781.1 6221.37 728.982 90.4458 8.78908
 83643.4 5446.35 436.609 43.7355 5.90123
 8151.98 21299.7 388.642 27.1723 3.06543
 87877 4825.81 4469.27 73.5398 5.68873
 50244 55160.9 1057.34 881.372 15.5329
 41792.8 26434.5 9676.32 165.876 139.834
 47625 18898.2 3973.43 1299.85 40.8044
 81906.4 31307.6 4326.37 818.569 274.572
 8149.06 25639.7 3220.51 396.894 99.6366
 26952 5475.78 6572.74 751.879 115.318
 20346.4 15404.2 1183.49 1292.03 169.568
 7047.81 10735.2 3144.37 220.366 270.759
 22207.3 6536.78 3974.38 1066.81 165.801
 21960.7 11965 1338.64 740.701 228.516
 4827.93 11076.5 2374.28 242.839 174.941
 6583.06 4952.33 4632.68 912.592 159.816
 25077.8 5601.13 1622.79 1384.65 318.89
 3652.31 6514.64 532.24 139.533 145.657
 15302.8 6342.3 4684.85 352.629 188.073
F
 0.151975 0.358882 0.386583 0.38816 0.388243
 0.27687 0.653816 0.704282 0.707154 0.707306
 0.275299 0.650107 0.700286 0.703143 0.703294
 0.505141 1.19287 1.28494 1.29018 1.29046
 0.171201 0.404285 0.43549 0.437266 0.43736
 0.266967 0.63043 0.679091 0.681861 0.682007
 0.56052 1.32364 1.42581 1.43162 1.43193
 0.109446 0.258452 0.278401 0.279537 0.279597
 0.468683 1.10677 1.1922 1.19707 1.19732
 0.746468 1.76275 1.89881 1.90656 1.90696
 0.151201 0.357055 0.384614 0.386183 0.386266
 0.49784 1.17563 1.26637 1.27153 1.27181
 0.439623 1.03815 1.11828 1.12284 1.12308
 0.814066 1.92238 2.07076 2.07921 2.07965
 0.666322 1.57349 1.69494 1.70186 1.70222
 0.530736 1.25331 1.35005 1.35556 1.35585
 0.276931 0.653959 0.704436 0.707309 0.707461
 0.291025 0.687243 0.740289 0.743309 0.743468
 0.341447 0.806312 0.868549 0.872091 0.872279
 0.348168 0.822183 0.885644 0.889256 0.889447
 0.292091 0.68976 0.743 0.746031 0.746191
 0.366859 0.86632 0.933188 0.936995 0.937196
 0.198409 0.468535 0.504699 0.506758 0.506867
 0.210289 0.496589 0.534919 0.537101 0.537216
 0.186952 0.441479 0.475555 0.477494 0.477597
 0.145703 0.34407 0.370628 0.372139 0.372219
 0.205723 0.485805 0.523303 0.525437 0.52555
 0.169183 0.399518 0.430355 0.43211 0.432203
 0.122002 0.288101 0.310339 0.311605 0.311672
 0.184246 0.435088 0.468671 0.470583 0.470684
 0.255136 0.602493 0.648997 0.651644 0.651784
 0.0974935 0.230227 0.247997 0.249008 0.249062
 0.263689 0.622691 0.670754 0.67349 0.673635
YTP_r0W_actual
 115383 110673 112764 11044.3 6629.59
YTP_p0W_proyectada
 0 0 0 0 0
 0 0 0 0 0
 0 0 0 0 0
 0 0 0 0 0
 0 0 0 0 0
 0 0 0 0 0
CTP_r0_actual
 15302.8 6342.3 4684.85 352.629 188.073
CTP_p0_proyectada
 0 0 0 0 0
 0 0 0 0 0
 0 0 0 0 0
 0 0 0 0 0
 0 0 0 0 0
 0 0 0 0 0
Wmedp
 7.54 17.45 24.07 31.32 35.25
Frms_r0
 0.263689 0.622691 0.670754 0.67349 0.673635
Zrms_r0
 1.26369 1.62269 1.67075 1.67349 1.67363
nmprior
 7.29 8.9 8.7 0
nm_flota  nm_reclas  nm_pelaces    nm_pelaL
inf 17.1914 17.2746 53.9971
cv_recla  cv_pelaces  cv_mph
0.314608 0.453782 0.953215
 ------------------------------------------------
Talla a la edad & desviaci?n 
 8 13.2811 15.8009 17.003 17.5766
 0.8 1.32811 1.58009 1.7003 1.75766
