    unsorted:	 5.394951266e-06 0.001298750275 0.008108317573 3.590308941 8.442954156 39.85899368 30.16373901 23.70770261 44.58013037 67.76881756 86.31023327 123.5953823 165.6541208 197.1473748 269.3061551 394.4127543 436.4554872 504.2219854 619.2273931 679.3399991 720.2537936 848.6108133 821.6200229 1010.061169 1078.080171 1280.001402 1389.439299 1652.271244 1790.723275 2070.952144 2310.355261 2694.097647 2779.939945 3155.880383 3314.836834 4086.043966 4257.399371 4307.625083 4649.963063 5449.828303 213479.9775 398958.3332 374288.9367 420261.3138 341036.0977 447959.5579 478316.3946 269823.1615 542010.5976 599200.2740 667004.8859 744677.5917 871955.5388 974818.6281 1095302.998 1259436.758 1407540.056 1551559.630 1811123.564 1927058.916 2338975.613 2498587.759 2677608.861 29485073.82
      sorted:	 5.394951266e-06 0.001298750275 0.008108317573 3.590308941 8.442954156 23.70770261 30.16373901 39.85899368 44.58013037 67.76881756 86.31023327 123.5953823 165.6541208 197.1473748 269.3061551 394.4127543 436.4554872 504.2219854 619.2273931 679.3399991 720.2537936 821.6200229 848.6108133 1010.061169 1078.080171 1280.001402 1389.439299 1652.271244 1790.723275 2070.952144 2310.355261 2694.097647 2779.939945 3155.880383 3314.836834 4086.043966 4257.399371 4307.625083 4649.963063 5449.828303 213479.9775 269823.1615 341036.0977 374288.9367 398958.3332 420261.3138 447959.5579 478316.3946 542010.5976 599200.2740 667004.8859 744677.5917 871955.5388 974818.6281 1095302.998 1259436.758 1407540.056 1551559.630 1811123.564 1927058.916 2338975.613 2498587.759 2677608.861 29485073.82
