years
 1997 1998 1999 2000 2001 2002 2003 2004 2005 2006 2007 2008 2009 2010 2011 2012 2013 2014 2015 2016 2017 2018 2019 2020
reclasobs
 0 0 0 370054 412103 1.49427e+06 250295 1.28982e+06 931140 785840 897777 1.04006e+06 184774 17550 25797 100020 73551 82996 120727 218422 84188 347160 605670 569463
reclaspred
 2.78268e+06 689785 1.48697e+06 607901 304132 1.07583e+06 4.22933e+06 3.13175e+06 3.62947e+06 3.25375e+06 4.49495e+06 4.55169e+06 3.30853e+06 2.07873e+06 1.32144e+06 751216 533367 508047 512509 603371 487092 560119 1.25752e+06 1.41762e+06
pelacesobs
 0 0 0 0 0 0 0 0 0 2.06254e+06 1.5e+06 0 1.87456e+06 323000 250000 174000 83755 137374 0 501740 490994 745055 786931 1.00524e+06
pelacespred
 2.37954e+06 871148 517918 482597 216621 431255 1.5072e+06 2.21985e+06 2.20074e+06 2.07709e+06 2.69042e+06 2.73684e+06 2.0972e+06 1.38662e+06 840212 482683 325167 281222 298005 323178 307869 309521 535665 801452
mphobs
 0 0 0 0 0 0 112323 0 153150 637223 0 255016 313432 73983 77613 109348 50772 17779 17303 59886 28197 0 207744 136588
mphpred
 1.79946e+06 1.49705e+06 888193 829863 370569 317104 2.61335e+06 2.71806e+06 3.61205e+06 2.91068e+06 3.49323e+06 4.55423e+06 3.32152e+06 2.33484e+06 1.393e+06 775357 447321 406289 418269 504383 450200 407939 835694 1.05586e+06
desembarqueobs
 350755 77701 442110 56441 14545 235359 269955 359681 431902 328805 639364 411747 362871 311530 167758 66681 60226 58785 57116 73181 50977 67692 138656 160484
desembarquepred
 316256 78538.5 169310 69217.1 34628 122125 481546 355986 413147 370090 511203 518192 376600 236683 150460 85529.3 60687.9 57817.6 58298.6 68690.3 55426.2 63675.9 143140 161185
Reclutas
 212272 4340.01 674.509 473.818 1292.03 411387 9424.87 413323 79189.8 327813 478782 65260.1 106434 8383.5 3183.39 6529.59 28570.7 18623.2 46270.6 8259.42 24335.4 120828 49069.8 205987
log_desv_Rt
 2.02452 -1.86547 -3.72712 -4.08028 -3.07713 2.68618 -1.09 2.69088 1.0385 2.45909 2.8379 0.845032 1.33417 -1.20708 -2.1754 -1.457 0.0190341 -0.40894 0.501157 -1.22199 -0.141417 1.46102 0.559896 1.99447
SSB
 1.79946e+06 1.49705e+06 888193 829863 370569 317104 2.55058e+06 2.69632e+06 3.55403e+06 2.86413e+06 3.49323e+06 4.55423e+06 3.37573e+06 2.37301e+06 1.43892e+06 820623 488905 433441 428521 538156 461246 407939 856234 1.03901e+06
BT
 7.83985e+06 1.71121e+06 1.0199e+06 947244 427849 1.43332e+06 3.01525e+06 5.90679e+06 4.63804e+06 5.05521e+06 6.84742e+06 5.58199e+06 4.43517e+06 2.73741e+06 1.65732e+06 960391 735357 621308 700949 658629 698516 779387 1.14111e+06 2.04199e+06
Ftot
 0.110803 0.110803 0.110803 0.110803 0.110803 0.110803 0.110803 0.110803 0.110803 0.110803 0.110803 0.110803 0.110803 0.110803 0.110803 0.110803 0.110803 0.110803 0.110803 0.110803 0.110803 0.110803 0.110803 0.110803
BD_Bspro_t
 0.986141 0.915838 0.825271 0.741123 0.666521 0.733905 0.903274 0.84333 0.86224 0.814187 0.836052 0.838575 0.781185 0.743823 0.685407 0.635245 0.606824 0.685597 0.73026 0.79139 0.767626 0.790616 0.858316 0.838313
BD_Bspro
 3.1198 2.5955 1.5399 1.43877 0.64247 0.549777 4.42204 4.67471 6.16177 4.96565 6.05636 7.89586 5.85264 4.11418 2.49471 1.42275 0.847634 0.751474 0.742945 0.933024 0.799682 0.70726 1.48449 1.80137
BD_Bo
 0.363189 0.302153 0.179266 0.167493 0.0747926 0.0640018 0.514788 0.544203 0.717317 0.578072 0.705046 0.91919 0.68133 0.478949 0.290419 0.165628 0.0986766 0.0874822 0.0864893 0.108617 0.0930943 0.082335 0.172815 0.209704
BD_Brms
 1.7678 1.47071 0.872565 0.815262 0.364048 0.311525 2.5057 2.64887 3.4915 2.81373 3.43177 4.4741 3.31633 2.33126 1.4136 0.806184 0.480303 0.425814 0.420981 0.528687 0.453131 0.400761 0.841168 1.02072
S_f
 0.5 1 1 1 1
 0.5 1 1 1 1
 0.5 1 1 1 1
 0.5 1 1 1 1
 0.5 1 1 1 1
 0.5 1 1 1 1
 0.5 1 1 1 1
 0.5 1 1 1 1
 0.5 1 1 1 1
 0.5 1 1 1 1
 0.5 1 1 1 1
 0.5 1 1 1 1
 0.5 1 1 1 1
 0.5 1 1 1 1
 0.5 1 1 1 1
 0.5 1 1 1 1
 0.5 1 1 1 1
 0.5 1 1 1 1
 0.5 1 1 1 1
 0.5 1 1 1 1
 0.5 1 1 1 1
 0.5 1 1 1 1
 0.5 1 1 1 1
 0.5 1 1 1 1
Scru_reclas
 0.5 1 1 1 1
 0.5 1 1 1 1
 0.5 1 1 1 1
 0.5 1 1 1 1
 0.5 1 1 1 1
 0.5 1 1 1 1
 0.5 1 1 1 1
 0.5 1 1 1 1
 0.5 1 1 1 1
 0.5 1 1 1 1
 0.5 1 1 1 1
 0.5 1 1 1 1
 0.5 1 1 1 1
 0.5 1 1 1 1
 0.5 1 1 1 1
 0.5 1 1 1 1
 0.5 1 1 1 1
 0.5 1 1 1 1
 0.5 1 1 1 1
 0.5 1 1 1 1
 0.5 1 1 1 1
 0.5 1 1 1 1
 0.5 1 1 1 1
 0.5 1 1 1 1
Scru_pelaces
 0.5 1 1 1 1
 0.5 1 1 1 1
 0.5 1 1 1 1
 0.5 1 1 1 1
 0.5 1 1 1 1
 0.5 1 1 1 1
 0.5 1 1 1 1
 0.5 1 1 1 1
 0.5 1 1 1 1
 0.5 1 1 1 1
 0.5 1 1 1 1
 0.5 1 1 1 1
 0.5 1 1 1 1
 0.5 1 1 1 1
 0.5 1 1 1 1
 0.5 1 1 1 1
 0.5 1 1 1 1
 0.5 1 1 1 1
 0.5 1 1 1 1
 0.5 1 1 1 1
 0.5 1 1 1 1
 0.5 1 1 1 1
 0.5 1 1 1 1
 0.5 1 1 1 1
pf_obs 
 0.256992 0.487395 0.22802 0.0275931 0
 0.321318 0.546541 0.124235 0.00734118 0.000564706
 0.182869 0.594174 0.210203 0.0122559 0.00049798
 0.330522 0.361315 0.267642 0.0388342 0.00168674
 0.649043 0.306663 0.0425973 0.00169635 0
 0.582887 0.30429 0.105238 0.00758474 0
 0.465427 0.430635 0.0974691 0.00646863 0
 0.296916 0.608066 0.0921331 0.00288517 0
 0.311714 0.524322 0.152257 0.0117073 0
 0.15457 0.633149 0.183074 0.0267441 0.00246327
 0.131901 0.49318 0.331252 0.0422183 0.00144891
 0.196976 0.569456 0.194076 0.0375587 0.00193317
 0.518974 0.381816 0.0799577 0.0180837 0.00116848
 0.0928022 0.601141 0.25162 0.0475244 0.00691264
 0.122501 0.610282 0.24278 0.0234846 0.000952079
 0.383417 0.481906 0.127806 0.00687128 0
 0.0376549 0.599619 0.316969 0.0457579 0
 0.0361596 0.667082 0.258105 0.0386534 0
 0.158088 0.579412 0.248529 0.0139706 0
 0.0477256 0.309471 0.559284 0.082774 0.000745712
 0.0406174 0.521527 0.379366 0.0568643 0.0016247
 0.151134 0.462217 0.34131 0.0453401 0
 0.294876 0.26143 0.354403 0.0886775 0.000613685
 0.281977 0.475581 0.204845 0.0348837 0.00271318
pf_pred 
 0.76659 0.117502 0.0583499 0.0289757 0.0285826
 0.0190539 0.854817 0.0634953 0.0315308 0.0311031
 0.00648738 0.0382877 0.832403 0.0618304 0.0609916
 0.0100794 0.0131613 0.0376421 0.818366 0.120751
 0.0576507 0.0193923 0.012271 0.0350958 0.87559
 0.974944 0.0028086 0.000457826 0.000289701 0.0215001
 0.0240757 0.963919 0.00134566 0.000219355 0.01044
 0.698432 0.0146082 0.28343 0.000395677 0.00313425
 0.147292 0.705159 0.00714737 0.138674 0.00172709
 0.54253 0.120214 0.278899 0.00282687 0.0555302
 0.530603 0.333231 0.0357817 0.0830144 0.01737
 0.0942122 0.633993 0.19295 0.0207187 0.0581255
 0.239076 0.13446 0.438485 0.133449 0.0545305
 0.0326733 0.380481 0.103699 0.338172 0.144975
 0.0262657 0.0634472 0.358045 0.0975842 0.454657
 0.105473 0.0471663 0.0552128 0.311578 0.480571
 0.482812 0.101212 0.0219334 0.0256753 0.368367
 0.318707 0.448483 0.0455599 0.00987324 0.177377
 0.5709 0.210764 0.143726 0.0146007 0.0600084
 0.12484 0.641501 0.114768 0.0782635 0.040627
 0.422137 0.131417 0.32725 0.0585466 0.0606498
 0.764941 0.141315 0.0213192 0.0530883 0.0193367
 0.278169 0.628273 0.0562461 0.00848548 0.0288267
 0.669668 0.146326 0.160157 0.014338 0.00951146
pobs_RECLAS
 0 0 0 0 0
 0 0 0 0 0
 0 0 0 0 0
 0 0 0 0 0
 0.835266 0.146461 0.0176864 0.000547809 3.91292e-05
 0.385257 0.428462 0.181853 0.0044286 0
 0.867414 0.0963971 0.0333333 0.00285562 0
 0.441836 0.489002 0.0689373 0.000224442 0
 0.779404 0.147425 0.0564933 0.0165055 0.000172143
 0.814271 0.122319 0.05973 0.00367925 0
 0.40263 0.566651 0.0304383 0.000280538 0
 0.475488 0.404961 0.113038 0.00651328 0
 0.955842 0.0263864 0.0167828 0.000988607 0
 0.975058 0.0227948 0.00214734 0 0
 0.738997 0.206755 0.0527124 0.00153531 0
 0.850938 0.134255 0.0134407 0.00136685 0
 0.542534 0.407297 0.0501686 0 0
 0.764087 0.199537 0.0359546 0.000420521 0
 0.470689 0.182191 0.310203 0.0369168 0
 0.84361 0.089868 0.0606195 0.00523954 0.000663233
 0.607945 0.314616 0.071237 0.00620181 0
 0.523733 0.453247 0.0230204 0 0
 0.530135 0.295979 0.169645 0.0042399 0
 0.562478 0.366248 0.0663022 0.0049721 0
ppred_RECLAS
 0.767229 0.11718 0.05819 0.0288963 0.0285043
 0.0191209 0.854758 0.063491 0.0315287 0.031101
 0.00651048 0.0382868 0.832383 0.061829 0.0609902
 0.0101152 0.0131608 0.0376407 0.818337 0.120747
 0.0578454 0.0193883 0.0122684 0.0350885 0.875409
 0.975031 0.00279882 0.000456231 0.000288692 0.0214252
 0.0241599 0.963836 0.00134555 0.000219336 0.0104391
 0.699185 0.0145717 0.282722 0.000394689 0.00312642
 0.147743 0.704787 0.0071436 0.1386 0.00172618
 0.543418 0.119981 0.278358 0.00282138 0.0554224
 0.531495 0.332598 0.0357138 0.0828568 0.017337
 0.0945181 0.633779 0.192885 0.0207117 0.0581059
 0.239728 0.134344 0.43811 0.133335 0.0544838
 0.0327866 0.380436 0.103687 0.338132 0.144958
 0.0263574 0.0634412 0.358012 0.097575 0.454615
 0.105811 0.0471484 0.055192 0.31146 0.480389
 0.483706 0.101037 0.0218955 0.0256309 0.367731
 0.319485 0.447971 0.0455079 0.00986197 0.177174
 0.571777 0.210334 0.143433 0.0145709 0.0598858
 0.125232 0.641214 0.114716 0.0782285 0.0406088
 0.42301 0.131218 0.326755 0.0584582 0.0605581
 0.765584 0.140928 0.0212609 0.0529431 0.0192838
 0.278888 0.627647 0.0561901 0.00847703 0.0287979
 0.670459 0.145975 0.159773 0.0143037 0.00948868
pobs_PELACES
 0 0 0 0 0
 0 0 0 0 0
 0 0 0 0 0
 0 0 0 0 0
 0 0 0 0 0
 0 0 0 0 0
 0 0 0 0 0
 0 0 0 0 0
 0 0 0 0 0
 0 0 0 0 0
 0.450072 0.473896 0.0757376 0.000293798 0
 0 0 0 0 0
 0.463077 0.371075 0.160297 0.00555027 0
 0.529543 0.364841 0.0842815 0.0213345 0
 0.631943 0.363953 0.00410389 0 0
 0.735681 0.248677 0.0153453 0.000297389 0
 0.695825 0.281241 0.0229344 0 0
 0.275771 0.60734 0.115278 0.00161068 0
 0 0 0 0 0
 0.896147 0.0623911 0.0374545 0.00400742 0
 0.803859 0.145111 0.0509908 3.86294e-05 0
 0.739449 0.233085 0.0266225 0.000797448 4.60066e-05
 0.878498 0.100942 0.0204185 0.000141795 0
 0.694673 0.275183 0.0284847 0.00165964 0
ppred_PELACES
 0.770478 0.115545 0.0573777 0.0284929 0.0281064
 0.0194669 0.854457 0.0634686 0.0315176 0.03109
 0.00662981 0.0382822 0.832284 0.0618216 0.0609829
 0.0102999 0.0131583 0.0376337 0.818184 0.120724
 0.0588499 0.0193676 0.0122554 0.0350511 0.874476
 0.975472 0.00274936 0.000448169 0.00028359 0.0210465
 0.0245947 0.963407 0.00134495 0.000219238 0.0104344
 0.703017 0.0143862 0.279121 0.000389662 0.00308661
 0.150059 0.702871 0.00712418 0.138224 0.00172148
 0.547951 0.11879 0.275594 0.00279337 0.0548722
 0.536044 0.329368 0.035367 0.0820522 0.0171687
 0.0960944 0.632676 0.192549 0.0206756 0.0580047
 0.243076 0.133753 0.43618 0.132748 0.0542439
 0.0333713 0.380206 0.103624 0.337928 0.14487
 0.0268307 0.0634103 0.357838 0.0975276 0.454394
 0.107553 0.0470566 0.0550844 0.310853 0.479453
 0.488273 0.100143 0.0217018 0.0254042 0.364478
 0.323473 0.445346 0.0452412 0.00980417 0.176136
 0.576247 0.208138 0.141935 0.0144188 0.0592607
 0.127248 0.639736 0.114452 0.0780482 0.0405152
 0.427478 0.130202 0.324225 0.0580054 0.0600891
 0.768849 0.138965 0.0209648 0.0522057 0.0190152
 0.28258 0.624433 0.0559024 0.00843363 0.0286505
 0.674486 0.144192 0.157821 0.0141289 0.00937274
pobs_pel_tallas
 0 0 0 0 0 0 0 0 0 0 0 0 0 0 0 0 0 0 0 0 0 0 0 0 0 0 0 0 0 0 0 0 0 0 0 0
 0 0 0 0 0 0 0 0 0 0 0 0 0 0 0 0 0 0 0 0 0 0 0 0 0 0 0 0 0 0 0 0 0 0 0 0
 0 0 0 0 0 0 0 0 0 0 0 0 0 0 0 0 0 0 0 0 0 0 0 0 0 0 0 0 0 0 0 0 0 0 0 0
 0 0 0 0 0 0 0 0 0 0 0 0 0 0 0 0 0 0 0 0 0 0 0 0 0 0 0 0 0 0 0 0 0 0 0 0
 0 0 0 0 0 0 0 0 0 0 0 0 0 0 0 0 0 0 0 0 0 0 0 0 0 0 0 0 0 0 0 0 0 0 0 0
 0 0 0 0 0 0 0 0 0 0 0 0 0 0 0 0 0 0 0 0 0 0 0 0 0 0 0 0 0 0 0 0 0 0 0 0
 0 0 0 0 0 0 0 0 0 0 0 0 0 0 0 0 0 0 0 0 0 0 0 0 0 0 0 0 0 0 0 0 0 0 0 0
 0 0 0 0 0 0 0 0 0 0 0 0 0 0 0 0 0 0 0 0 0 0 0 0 0 0 0 0 0 0 0 0 0 0 0 0
 0 0 0 0 0 0 0 0 0 0 0 0 0 0 0 0 0 0 0 0 0 0 0 0 0 0 0 0 0 0 0 0 0 0 0 0
 0 0 0 0 0 0 0 0 0 0 0 0 0 0 0 0 0 0 0 0 0 0 0 0 0 0 0 0 0 0 0 0 0 0 0 0
 0 0 0 0 0 0 0 0 1.78061e-05 0.00172719 0.00360574 0.0105946 0.0120993 0.0124554 0.0147524 0.0171206 0.0266825 0.0428682 0.0675386 0.121331 0.153587 0.119568 0.100827 0.0573624 0.0630603 0.0341343 0.0324427 0.0444173 0.0211091 0.0280891 0.0125444 0.00206551 0 0 0 0
 0 0 0 0 0 0 0 0 0 0 0 0 0 0 0 0 0 0 0 0 0 0 0 0 0 0 0 0 0 0 0 0 0 0 0 0
 0 0 0 0 0 0 0.0133647 0.0140871 0.0187388 0.0205184 0.03894 0.0496705 0.03968 0.0493445 0.0407372 0.0367815 0.0215668 0.0243155 0.0234873 0.0199281 0.019796 0.0243948 0.0301388 0.0376714 0.0412746 0.0863199 0.0771752 0.113111 0.0741005 0.0525337 0.0229764 0.00759418 0.00175318 0 0 0
 0 0 0 0 0 0 0 0 0 0 0.00219441 0.00772107 0.0458388 0.0604681 0.0671733 0.0775358 0.0609151 0.0617685 0.073594 0.0568108 0.0755445 0.0548602 0.0670107 0.0636378 0.0643287 0.046367 0.0373049 0.0286899 0.0247887 0.0153202 0.00654259 0.00121912 0.000365735 0 0 0
 0 0 0 0 0 0 0 0 0 0 0 0 0.000112435 0.00938835 0.0111873 0.0202946 0.0414886 0.0713402 0.111592 0.104902 0.108894 0.110636 0.117776 0.105296 0.107544 0.0401394 0.0192827 0.0124803 0.00416011 0.0028671 0.000618394 0 0 0 0 0
 0 0 0 0 0 0 0 0 0 0 0.00291406 0.0102884 0.027416 0.0768956 0.0749926 0.110853 0.0956884 0.0897413 0.0766577 0.0534642 0.0500743 0.0551293 0.0594112 0.0620874 0.0668451 0.0424026 0.0208742 0.0120726 0.0048766 0.00582813 0.00118941 0.000297354 0 0 0 0
 0 0.00264628 0.0354308 0.0461629 0.0458689 0.0383711 0.0214643 0.0164657 0.0346957 0.0420465 0.0363128 0.0245516 0.0311673 0.0291091 0.0169068 0.0133784 0.00837989 0.0085269 0.0148486 0.0160247 0.0276389 0.0546898 0.0760071 0.122758 0.109233 0.0665981 0.0333725 0.0166128 0.00676272 0.00308733 0.000882094 0 0 0 0 0
 0 0 0 0 0 0 0 0.000805153 0.000690131 0.00759144 0.0133425 0.0154129 0.00931677 0.000345066 0.00356568 0.00563607 0.00851162 0.0253048 0.0502646 0.0516448 0.0657925 0.0565908 0.0611916 0.0827007 0.0866115 0.110766 0.145733 0.0935128 0.0569358 0.0249597 0.0138026 0.00621118 0.00161031 0.00115022 0 0
 0 0 0 0 0 0 0 0 0 0 0 0 0 0 0 0 0 0 0 0 0 0 0 0 0 0 0 0 0 0 0 0 0 0 0 0
 0.00147267 0.00158595 0.00478618 0.00569244 0.00954404 0.0108468 0.00647125 0.017049 0.0510054 0.094081 0.124002 0.0959785 0.0687766 0.0820023 0.061753 0.0591476 0.0492212 0.0479892 0.0443925 0.0268479 0.0217502 0.0140895 0.0121071 0.0120363 0.00920419 0.00665534 0.0049561 0.00860946 0.00930331 0.0156896 0.0114698 0.00855282 0.00243557 0.00046729 0 2.83206e-05
 0 0 0 0 0.000772559 0.00158375 0.000888443 0.00281984 0.00712685 0.0440552 0.0773331 0.111326 0.0921469 0.0852325 0.0710754 0.0886704 0.0786465 0.0553345 0.0373146 0.0185414 0.00753245 0.00457741 0.012979 0.0271748 0.0457355 0.0583668 0.034881 0.0177882 0.00938659 0.00492506 0.0015258 0.00185414 0.000309023 5.79419e-05 3.86279e-05 0
 0 0.00173294 0.00326652 0 0.00397197 0.00683976 0.00946217 0.0152591 0.00757587 0.0136028 0.0228656 0.0392903 0.0559909 0.0764795 0.0681675 0.0726916 0.0566044 0.0477403 0.0527397 0.0444891 0.0609904 0.0582453 0.0661739 0.0445044 0.0529084 0.0360697 0.0280645 0.0235558 0.0158879 0.00826598 0.00280645 0.00217768 0.000904811 0.00058276 9.20147e-05 0
 0 0 0 0 0 0 0 0 0 0 0 0 0 0 0 0 0 0 0 0 0 0 0 0 0 0 0 0 0 0 0 0 0 0 0 0
 0 0 0 0 0 0 0 0 0 0 0 0 0 0 0 0 0 0 0 0 0 0 0 0 0 0 0 0 0 0 0 0 0 0 0 0
ppred_pel_tallas
 1.03145e-16 3.36138e-05 0.000197293 0.000937859 0.00361084 0.0112601 0.028442 0.0581956 0.096464 0.129543 0.140955 0.124299 0.0889049 0.0517398 0.024839 0.0104825 0.00497982 0.00399842 0.00489517 0.00653353 0.00848691 0.0105361 0.0124934 0.0141814 0.0154588 0.0162456 0.0165345 0.0163804 0.0158759 0.0151213 0.0142003 0.013169 0.0120582 0.0108835 0.00965868 0.00840461
 1.03715e-16 8.96168e-07 5.144e-06 2.42084e-05 9.27945e-05 0.000289015 0.000730985 0.00150245 0.00251603 0.00345623 0.00396479 0.00398178 0.00390727 0.00441264 0.00612506 0.00948061 0.0147557 0.022096 0.0314443 0.0424156 0.0542183 0.0656909 0.0754733 0.0822778 0.085186 0.0838706 0.0786715 0.0704924 0.0605642 0.0501517 0.0403022 0.0316982 0.0246342 0.0190897 0.0148502 0.0116272
 1.16801e-16 3.05225e-07 1.74503e-06 8.20537e-06 3.14426e-05 9.78756e-05 0.000247244 0.000506891 0.000844443 0.00114711 0.00128296 0.00121479 0.0010536 0.0009952 0.0012191 0.00185365 0.00301249 0.00483862 0.007514 0.0112366 0.0161807 0.0224506 0.0300338 0.0387602 0.0482773 0.0580515 0.0674025 0.0755729 0.0818251 0.085551 0.0863704 0.0841968 0.079256 0.0720466 0.063258 0.0536605
 1.34294e-16 4.6109e-07 2.67029e-06 1.26264e-05 4.85035e-05 0.000151118 0.000381668 0.000781406 0.00129741 0.00174911 0.00192125 0.00173745 0.00133844 0.000977563 0.000857616 0.00107194 0.00166067 0.00268639 0.00426665 0.00656759 0.00978178 0.0141007 0.0196815 0.0266085 0.0348506 0.0442242 0.0543701 0.0647537 0.0746981 0.083449 0.0902666 0.0945282 0.0958237 0.0940189 0.0892815 0.0820523
 1.42245e-16 2.57764e-06 1.50975e-05 7.17093e-05 0.000275993 0.000860541 0.0021736 0.0044478 0.00737429 0.0099084 0.0107954 0.00955364 0.0069081 0.00417537 0.00230739 0.00152751 0.00162453 0.00236397 0.00366886 0.005605 0.00831432 0.0119636 0.0167095 0.0226677 0.0298781 0.038269 0.047626 0.0575741 0.0675834 0.0770029 0.0851254 0.0912726 0.0948904 0.0956319 0.0934109 0.0884205
 1.01001e-16 4.25479e-05 0.000249755 0.00118729 0.00457124 0.0142551 0.036007 0.0736733 0.122115 0.163976 0.178384 0.157218 0.112259 0.064944 0.0304503 0.0115921 0.0036224 0.000996885 0.000347483 0.000272842 0.000342061 0.000453971 0.000589835 0.000746197 0.000921262 0.00111253 0.00131603 0.00152556 0.00173218 0.00192422 0.00208801 0.00220955 0.00227661 0.00228091 0.00221966 0.0020964
 1.00828e-16 1.12411e-06 6.47235e-06 3.05017e-05 0.000116989 0.000364437 0.000921621 0.00189329 0.0031668 0.0043389 0.00494823 0.00490369 0.00468568 0.00510492 0.00690273 0.0105679 0.0163841 0.0244808 0.0347597 0.0467546 0.0595433 0.0717922 0.0819535 0.0885785 0.0906571 0.0878706 0.0806772 0.0701887 0.0578936 0.0453132 0.0337039 0.0238801 0.0161811 0.0105534 0.00669254 0.00418855
 1.04125e-16 3.06688e-05 0.000180011 0.000855713 0.00329458 0.0102739 0.0259508 0.0530978 0.0880119 0.118187 0.128582 0.113352 0.0809949 0.0469772 0.0222603 0.00890618 0.00353819 0.0022152 0.00257093 0.00365562 0.0052075 0.00717788 0.0095392 0.012225 0.0151143 0.0180322 0.0207632 0.0230736 0.0247439 0.0256016 0.0255513 0.0245921 0.0228199 0.0204114 0.0175954 0.0146167
 1.0516e-16 6.58425e-06 3.85525e-05 0.000183069 0.000704501 0.00219664 0.00554928 0.0113599 0.0188503 0.0253762 0.0277744 0.0248798 0.0186404 0.0125543 0.00922317 0.00939301 0.0126399 0.0183242 0.0259396 0.0349831 0.0447534 0.0542932 0.0624957 0.0683167 0.0710146 0.0703282 0.0665364 0.0603685 0.052809 0.0448564 0.0373205 0.0307089 0.0252156 0.0207892 0.0172394 0.0143371
 1.06611e-16 2.39113e-05 0.000140329 0.000667041 0.00256811 0.00800837 0.0202285 0.0413903 0.0686098 0.0921432 0.100276 0.0884643 0.0633566 0.0370404 0.0181054 0.00821387 0.00479138 0.0048125 0.00645176 0.00894412 0.0120077 0.0154768 0.0191701 0.0228735 0.0263619 0.0294247 0.0318862 0.0336143 0.0345215 0.0345637 0.0337405 0.032099 0.0297376 0.0268047 0.0234876 0.0199945
 1.04232e-16 2.34e-05 0.00013731 0.000652647 0.00251262 0.00783529 0.0197915 0.0404978 0.0671359 0.0901806 0.0981843 0.0867245 0.0623396 0.0369052 0.0188894 0.00998911 0.0077455 0.00921991 0.0125779 0.0169274 0.0217474 0.0265529 0.030824 0.0340697 0.035931 0.036262 0.0351577 0.0329146 0.0299441 0.0266661 0.0234206 0.0204201 0.0177486 0.0153936 0.0132943 0.0113833
 1.06361e-16 4.22879e-06 2.47291e-05 0.000117362 0.000451532 0.00140778 0.00355662 0.00728229 0.0120901 0.0162939 0.0178818 0.0161319 0.0123311 0.00877842 0.00722003 0.00823087 0.0116412 0.0171249 0.0243946 0.0330884 0.0426232 0.0521606 0.060703 0.0672796 0.0711577 0.0720048 0.06995 0.0655196 0.0594808 0.0526462 0.0457069 0.0391378 0.0331846 0.0279115 0.0232774 0.0192046
 1.13332e-16 1.06181e-05 6.22848e-05 0.000296005 0.00113952 0.00355336 0.00897558 0.0183663 0.0304482 0.0409037 0.0445446 0.0393711 0.0283581 0.0169082 0.00888967 0.00511675 0.00454011 0.00591799 0.00853478 0.0121214 0.0165812 0.0218132 0.0276467 0.0338353 0.0400754 0.0460302 0.0513547 0.0557174 0.0588224 0.060434 0.0604052 0.0587047 0.0554344 0.0508272 0.045225 0.0390349
 1.19976e-16 1.48272e-06 8.63252e-06 4.08928e-05 0.000157203 0.000489993 0.00123807 0.00253644 0.00421669 0.00570009 0.00630096 0.00579146 0.00465602 0.00374986 0.00375814 0.00497931 0.00746429 0.0112037 0.0161724 0.0222662 0.0292354 0.0366718 0.0440595 0.0508707 0.0566733 0.0612091 0.0644173 0.0663936 0.0673078 0.0673128 0.0664839 0.0648077 0.0622188 0.0586607 0.0541475 0.0487981
 1.29684e-16 1.18496e-06 6.91288e-06 3.27804e-05 0.000126075 0.000392998 0.000992703 0.00203211 0.00337225 0.00454057 0.00497217 0.0044602 0.0033567 0.00229578 0.00176108 0.00192198 0.00276691 0.00428579 0.00654237 0.00965299 0.0137389 0.0188862 0.0251157 0.0323615 0.0404537 0.0491092 0.0579333 0.0664346 0.0740611 0.0802528 0.0845091 0.0864575 0.0859121 0.0829044 0.0776819 0.0706743
 1.33882e-16 4.70308e-06 2.75716e-05 0.000131004 0.000504275 0.00157242 0.00397177 0.00812724 0.0134739 0.0181017 0.0197157 0.0174324 0.0125709 0.00752656 0.00402077 0.00243095 0.00232215 0.00319192 0.00479398 0.00710747 0.0102162 0.0142245 0.0192141 0.0252178 0.0321968 0.040017 0.0484302 0.057064 0.0654316 0.0729654 0.0790759 0.0832282 0.0850224 0.0842584 0.0809727 0.0754373
 1.18245e-16 2.13069e-05 0.000125044 0.000594387 0.0022884 0.00713611 0.0180252 0.036882 0.0611361 0.0821047 0.0893478 0.0788149 0.0564268 0.0329497 0.0160308 0.00714218 0.00397954 0.00383792 0.00508665 0.00705048 0.00950164 0.0123386 0.0154722 0.0188094 0.0222635 0.0257625 0.0292437 0.0326367 0.0358416 0.0387132 0.0410624 0.0426774 0.0433611 0.0429734 0.0414651 0.0388973
 1.09355e-16 1.41353e-05 8.2908e-05 0.000393992 0.0015167 0.00472952 0.0119468 0.0244477 0.0405362 0.0544733 0.0593685 0.0525828 0.038111 0.0231915 0.0130312 0.00876928 0.00903664 0.0121451 0.0170053 0.0229947 0.0295953 0.0362042 0.0421389 0.0467508 0.0495688 0.0504064 0.0493971 0.0469378 0.0435683 0.0398271 0.0361323 0.0327206 0.029652 0.0268606 0.0242257 0.0216366
 1.05348e-16 2.51484e-05 0.000147585 0.000701519 0.00270083 0.00842224 0.021274 0.0435301 0.0721587 0.0969153 0.105485 0.0930965 0.0667542 0.0391866 0.0194482 0.00930861 0.00607497 0.00656248 0.0088188 0.0119685 0.0156057 0.0194203 0.0230857 0.0262764 0.0287242 0.0302681 0.030876 0.0306299 0.0296851 0.0282188 0.0263889 0.0243127 0.0220686 0.0197112 0.0172895 0.01486
 1.06408e-16 5.5873e-06 3.27047e-05 0.000155279 0.000597521 0.00186304 0.00470657 0.0096352 0.0159901 0.0215308 0.023579 0.0211531 0.0159163 0.0108518 0.00818918 0.00859079 0.0117305 0.0170976 0.0242858 0.0328743 0.0422507 0.0515601 0.0597975 0.0659969 0.069446 0.0698477 0.0673791 0.062619 0.0563815 0.0495109 0.0427076 0.0364311 0.0308899 0.0260973 0.021957 0.0183424
 1.09446e-16 1.86586e-05 0.00010949 0.000520427 0.00200361 0.00624798 0.0157819 0.0322925 0.0535305 0.0718966 0.0782554 0.0690691 0.0495349 0.0291 0.0144898 0.0070327 0.00475787 0.00534445 0.00740345 0.0103614 0.014003 0.0181802 0.0227084 0.0273562 0.0318675 0.0359882 0.0394873 0.0421691 0.0438788 0.0445085 0.0440057 0.0423849 0.0397379 0.0362339 0.0321074 0.0276323
 1.03026e-16 3.35436e-05 0.000196879 0.000935887 0.00360323 0.0112364 0.0283821 0.0580733 0.0962618 0.129274 0.140666 0.124056 0.0887558 0.0517027 0.0249134 0.0106705 0.00529741 0.00447249 0.00555211 0.00738571 0.00952029 0.0117019 0.0137064 0.0153283 0.0164141 0.0168948 0.0167962 0.0162233 0.0153244 0.0142499 0.0131173 0.0119955 0.010907 0.00984341 0.00878597 0.00772246
 1.02626e-16 1.23598e-05 7.24668e-05 0.000344316 0.00132537 0.00413281 0.0104398 0.0213656 0.0354326 0.0476358 0.051971 0.0461602 0.033737 0.021089 0.0128497 0.0101118 0.0117711 0.0164086 0.023056 0.031046 0.0396812 0.0480847 0.0552557 0.0602506 0.0623952 0.0614467 0.0576501 0.0516632 0.0443843 0.0367386 0.0294945 0.0231553 0.0179421 0.0138455 0.0107134 0.00833763
 1.03211e-16 2.94296e-05 0.000172725 0.00082105 0.00316108 0.00985751 0.0248993 0.0509472 0.0844508 0.113415 0.123419 0.108866 0.0779344 0.045493 0.0221005 0.00978129 0.00533616 0.00500178 0.00648408 0.00879027 0.011525 0.014448 0.0173239 0.0199121 0.022002 0.0234468 0.0241828 0.0242247 0.023645 0.0225454 0.0210335 0.0192101 0.0171673 0.0149931 0.0127757 0.0106031
pSPR Fmed_Fpbrs
0.37021   0.255447 0.255447
Fs Fmed_Fpbrs
0.64   1.005 1.005
SSBpbr Bo_Bmed_Bpbrs
4.95462e+06  1.58652e+06  1.01791e+06 1.01791e+06
Ro
28032.1
SPR SPRFo_SPRFmed_SPRFpbrs
576787 213533 147338
log_Ro
10.0611
likeval ReclasPelacesDesembMPH_pf_preclas_ppelaces_ptallas_desvR_qrecl_qpela
 464.194 0.000436134 13888.7 573.218 556.288 415.008 87.2212 0 135.522 0 0 0 0 0 0
q_reclas_q_pelaces
1 1
M
0.7
N
 212272 16665.6 8275.91 4109.7 4053.94
 4340.01 99730 7407.89 3678.65 3628.74
 674.509 2039.03 44330.1 3292.81 3248.14
 473.818 316.899 906.352 19704.8 2907.46
 1292.03 222.61 140.862 402.874 10051.2
 411387 607.025 98.9503 62.6133 4646.83
 9424.87 193278 269.823 43.9835 2093.35
 413323 4428.01 85912.5 119.937 950.047
 79189.8 194188 1968.25 38188.2 475.609
 327813 37205.1 86316.7 874.891 17186.1
 478782 154014 16537.7 38367.9 8028.12
 65260.1 224942 68459.2 7351.03 20623.1
 106434 30660.6 99987.1 30430.2 12434.5
 8383.5 50004.8 13628.7 44444.4 19053.4
 3183.39 3938.75 22227.2 6057.96 28224.8
 6529.59 1495.63 1750.78 9880.01 15238.7
 28570.7 3067.74 664.807 778.223 11165.3
 18623.2 13423.2 1363.61 295.507 5308.91
 46270.6 8749.59 5966.61 606.128 2491.17
 8259.42 21738.9 3889.2 2652.16 1376.75
 24335.4 3880.45 9662.97 1728.75 1790.86
 120828 11433.3 1724.87 4295.2 1564.47
 49069.8 56767.5 5082.11 766.704 2604.63
 205987 23054.1 25233.2 2259 1498.56
pred_Ctot
 8253.89 1265.15 628.255 311.982 307.75
 168.755 7570.87 562.36 279.26 275.471
 26.2273 154.791 3365.26 249.97 246.579
 18.4237 24.057 68.8045 1495.86 220.716
 50.2388 16.8991 10.6934 30.5837 763.02
 15996.2 46.0815 7.51168 4.75321 352.758
 366.472 14672.5 20.4833 3.33895 158.914
 16071.5 336.146 6521.93 9.10484 72.1215
 3079.18 14741.5 149.417 2899 36.1052
 12746.5 2824.38 6552.62 66.4162 1304.66
 18616.8 11691.7 1255.44 2912.65 609.444
 2537.54 17076.2 5196.99 558.044 1565.57
 4138.52 2327.56 7590.39 2310.07 943.949
 325.98 3796.05 1034.6 3373.93 1446.41
 123.781 299.005 1687.35 459.882 2142.65
 253.894 113.538 132.908 750.028 1156.83
 1110.93 232.884 50.4679 59.0778 847.599
 724.137 1019 103.517 22.433 403.019
 1799.16 664.214 452.947 46.0134 189.114
 321.156 1650.28 295.244 201.335 104.514
 946.247 294.58 733.552 131.236 135.95
 4698.21 867.944 130.941 326.064 118.765
 1908.01 4309.43 385.802 58.2034 197.727
 8009.52 1750.12 1915.55 171.489 113.761
F
 0.0554016 0.110803 0.110803 0.110803 0.110803
 0.0554016 0.110803 0.110803 0.110803 0.110803
 0.0554016 0.110803 0.110803 0.110803 0.110803
 0.0554016 0.110803 0.110803 0.110803 0.110803
 0.0554016 0.110803 0.110803 0.110803 0.110803
 0.0554016 0.110803 0.110803 0.110803 0.110803
 0.0554016 0.110803 0.110803 0.110803 0.110803
 0.0554016 0.110803 0.110803 0.110803 0.110803
 0.0554016 0.110803 0.110803 0.110803 0.110803
 0.0554016 0.110803 0.110803 0.110803 0.110803
 0.0554016 0.110803 0.110803 0.110803 0.110803
 0.0554016 0.110803 0.110803 0.110803 0.110803
 0.0554016 0.110803 0.110803 0.110803 0.110803
 0.0554016 0.110803 0.110803 0.110803 0.110803
 0.0554016 0.110803 0.110803 0.110803 0.110803
 0.0554016 0.110803 0.110803 0.110803 0.110803
 0.0554016 0.110803 0.110803 0.110803 0.110803
 0.0554016 0.110803 0.110803 0.110803 0.110803
 0.0554016 0.110803 0.110803 0.110803 0.110803
 0.0554016 0.110803 0.110803 0.110803 0.110803
 0.0554016 0.110803 0.110803 0.110803 0.110803
 0.0554016 0.110803 0.110803 0.110803 0.110803
 0.0554016 0.110803 0.110803 0.110803 0.110803
 0.0554016 0.110803 0.110803 0.110803 0.110803
Np
 28254.9 8488.96 17591.4 1862.72 2409.39
YTP_r0W_actual
 481732 211260 334673 39222.5 31801.1
YTP_p0W_proyectada
 67730.2 1.00819e+06 155191 216923 31130.3
 67730.2 88435 266408 36025.4 51711
CTP_r0_actual
 60216.4 11118.9 12169.9 1089.51 722.753
CTP_p0_proyectada
 8259.78 46675.6 4942.38 5409.55 699.557
 8259.78 4094.21 8484.33 898.389 1162.04
Wmedp
 8.2 21.6 31.4 40.1 44.5
nmprior
 10.8 10.6 4.6 0
nm_flota  nm_reclas  nm_pelaces    nm_pelaL
inf 1.32203 3.28264 4.16359
cv_recla  cv_pelaces  cv_mph
1.99469 0.819131 2.03154
 ------------------------------------------------
Talla a la edad & desviaci?n 
 7.2 14.2025 17.0495 18.207 18.6776
 1.08 2.13037 2.55742 2.73105 2.80164
