    unsorted:	 1.667159612e-06 0.001498734400 0.008265638090 0.6277679859 40.43204939 39.68833944 52.38643697 10.20039848 25.74927402 67.90813457 87.72516764 141.7608662 169.1803835 203.9808627 278.1513419 395.7560151 460.0381516 500.7325307 619.0089782 674.6130303 717.0964525 849.9709144 850.6299079 792.1673628 1075.934398 1150.123921 1385.147616 1462.851993 1658.482636 1781.492209 2065.443082 2112.599624 2648.174106 2790.137618 3282.248519 3389.633876 3674.145257 4121.149600 4340.013659 4401.526256 4626.530843 23194.08180 196382.1014 269919.3649 341031.6017 374416.9198 399042.5469 416993.3552 447336.7240 463697.6138 523773.5150 543405.6441 624631.6933 670278.4121 745283.1859 869439.8583 958043.9508 1078436.553 1218558.684 1394472.788 1531076.052 1655402.717 1919362.421 1976228.741 2500780.731 2484367.324 2676287.675 32061198.46
      sorted:	 1.667159612e-06 0.001498734400 0.008265638090 0.6277679859 10.20039848 25.74927402 39.68833944 40.43204939 52.38643697 67.90813457 87.72516764 141.7608662 169.1803835 203.9808627 278.1513419 395.7560151 460.0381516 500.7325307 619.0089782 674.6130303 717.0964525 792.1673628 849.9709144 850.6299079 1075.934398 1150.123921 1385.147616 1462.851993 1658.482636 1781.492209 2065.443082 2112.599624 2648.174106 2790.137618 3282.248519 3389.633876 3674.145257 4121.149600 4340.013659 4401.526256 4626.530843 23194.08180 196382.1014 269919.3649 341031.6017 374416.9198 399042.5469 416993.3552 447336.7240 463697.6138 523773.5150 543405.6441 624631.6933 670278.4121 745283.1859 869439.8583 958043.9508 1078436.553 1218558.684 1394472.788 1531076.052 1655402.717 1919362.421 1976228.741 2484367.324 2500780.731 2676287.675 32061198.46
