years
 1997 1998 1999 2000 2001 2002 2003 2004 2005 2006 2007 2008 2009 2010 2011 2012 2013 2014 2015 2016 2017 2018 2019 2020 2021
reclasobs
 0 0 0 370054 412103 1.49427e+06 250295 1.28982e+06 931140 785840 897777 1.04006e+06 184774 17550 25797 100020 73551 82996 120727 218422 84188 347160 605670 569463 516374
reclaspred
 489437 125965 313917 201730 307021 361542 778893 560642 732972 798082 689775 472743 265200 102040 72591.1 71964.2 77066.1 98351.2 107038 138261 221131 236680 448772 622743 814574
pelacesobs
 0 0 0 0 0 0 0 0 0 2.06254e+06 1.5e+06 0 1.87456e+06 323000 250000 174000 83755 137374 0 501740 490994 745055 786931 1.00524e+06 1.33801e+06
pelacespred
 1.63005e+06 400080 541929 599085 806334 738597 1.84462e+06 1.54092e+06 1.86449e+06 2.09859e+06 1.56382e+06 1.10963e+06 589877 175057 130703 146826 161769 214624 238004 296587 562162 582615 887775 1.42134e+06 1.88383e+06
mphobs
 0 0 0 0 0 0 112323 0 153150 637223 0 255016 313432 73983 77613 109348 50772 17779 17303 59886 28197 0 207744 136588 643089
mphpred
 176842 96870.4 106317 98049.1 107570 171401 235864 298579 283801 355368 363997 252432 145912 103444 49189.7 45364.8 44455.7 55230.8 36750.9 39171.9 61236.7 86125.9 119129 189645 267699
desembarqueobs
 350755 77701 442110 56441 14545 235359 269955 359681 431902 328805 639364 411747 362871 311530 167758 66681 60226 58785 57116 73181 50977 67692 138656 160484 209506
desembarquepred
 350760 77699 442086 56445 14545.4 235493 270030 359635 431852 328808 639384 411816 363094 311450 167536 66680.6 60263.3 58787.4 57097.3 73182.5 50976.4 67677.5 138656 160482 209508
Reclutas
 35812.9 43331.1 20970.5 28809.5 48533 33174.2 69064.8 71620.8 115021 114960 64428.3 43560.6 41072.3 28271.7 16358.6 12602.6 8616.58 10585.5 11893.9 16495.7 27327.4 39392.6 60742.2 87781.5 33634.2
log_desv_Rt
 0.0452079 0.235771 -0.489983 -0.172396 0.349145 -0.0313287 0.701945 0.738285 1.21201 1.21148 0.632453 0.241052 0.182232 -0.191237 -0.738349 -0.999195 -1.37941 -1.17361 -1.05707 -0.729999 -0.22521 0.140478 0.573538 0.94175 -0.0175571
SSB
 433907 237686 260864 240578 263939 420557 560952 722760 678065 852911 893121 619378 372235 168252 84035.5 76921.7 79244.1 93088.7 113763 129004 188069 257209 366458 555584 860054
BT
 1.51402e+06 365379 619707 429167 521360 599985 1.47985e+06 1.39025e+06 1.70017e+06 1.64796e+06 1.52152e+06 1.04608e+06 738187 411159 233338 149138 153906 187129 192638 248821 413325 403528 635272 1.01452e+06 1.21195e+06
Ftot
 1.04729 0.958644 1.6759 0.374955 0.0685895 0.704894 0.481368 0.914085 0.949747 0.588394 1.05543 0.9432 1.61001 3.78119 3.6469 1.3218 1.06769 0.815797 0.678344 0.715701 0.339713 0.369484 0.383268 0.349855 0.275781
BD_Bspro_t
 0.906008 0.630249 0.546876 0.355904 0.50287 0.671608 0.600914 0.628938 0.578497 0.585635 0.563595 0.402866 0.291626 0.175655 0.10903 0.120615 0.166541 0.249017 0.341996 0.429419 0.552057 0.688111 0.724324 0.74394 0.770926
BD_Bspro
 0.616521 0.337718 0.370652 0.341827 0.37502 0.597553 0.797034 1.02694 0.963435 1.21187 1.269 0.88005 0.528894 0.239062 0.119403 0.109295 0.112595 0.132266 0.161641 0.183296 0.26722 0.365458 0.520686 0.789408 1.22202
BD_Bo
 0.537665 0.294522 0.323243 0.298106 0.327053 0.521122 0.695089 0.89559 0.840206 1.05686 1.10669 0.767486 0.461246 0.208485 0.10413 0.0953156 0.0981933 0.115349 0.140966 0.159852 0.233041 0.318714 0.454087 0.688438 1.06571
BD_Brms
 0.977573 0.535495 0.587715 0.54201 0.594642 0.947495 1.2638 1.62835 1.52765 1.92157 2.01216 1.39543 0.838628 0.379063 0.189328 0.173301 0.178533 0.209725 0.256302 0.290639 0.423711 0.57948 0.825613 1.25171 1.93766
S_f
 0.0951609 0.666467 0.974337 0.998616 0.999927
 0.0951609 0.666467 0.974337 0.998616 0.999927
 0.0951609 0.666467 0.974337 0.998616 0.999927
 0.0951609 0.666467 0.974337 0.998616 0.999927
 0.0951609 0.666467 0.974337 0.998616 0.999927
 0.0951609 0.666467 0.974337 0.998616 0.999927
 0.0951609 0.666467 0.974337 0.998616 0.999927
 0.0951609 0.666467 0.974337 0.998616 0.999927
 0.0951609 0.666467 0.974337 0.998616 0.999927
 0.0951609 0.666467 0.974337 0.998616 0.999927
 0.0951609 0.666467 0.974337 0.998616 0.999927
 0.0951609 0.666467 0.974337 0.998616 0.999927
 0.0951609 0.666467 0.974337 0.998616 0.999927
 0.0951609 0.666467 0.974337 0.998616 0.999927
 0.0951609 0.666467 0.974337 0.998616 0.999927
 0.0951609 0.666467 0.974337 0.998616 0.999927
 0.0951609 0.666467 0.974337 0.998616 0.999927
 0.0951609 0.666467 0.974337 0.998616 0.999927
 0.0951609 0.666467 0.974337 0.998616 0.999927
 0.0951609 0.666467 0.974337 0.998616 0.999927
 0.0951609 0.666467 0.974337 0.998616 0.999927
 0.0951609 0.666467 0.974337 0.998616 0.999927
 0.0951609 0.666467 0.974337 0.998616 0.999927
 0.0951609 0.666467 0.974337 0.998616 0.999927
 0.0951609 0.666467 0.974337 0.998616 0.999927
Scru_reclas
 0.604647 0.905272 0.98353 0.997327 0.999571
 0.604647 0.905272 0.98353 0.997327 0.999571
 0.604647 0.905272 0.98353 0.997327 0.999571
 0.604647 0.905272 0.98353 0.997327 0.999571
 0.604647 0.905272 0.98353 0.997327 0.999571
 0.604647 0.905272 0.98353 0.997327 0.999571
 0.604647 0.905272 0.98353 0.997327 0.999571
 0.604647 0.905272 0.98353 0.997327 0.999571
 0.604647 0.905272 0.98353 0.997327 0.999571
 0.604647 0.905272 0.98353 0.997327 0.999571
 0.604647 0.905272 0.98353 0.997327 0.999571
 0.604647 0.905272 0.98353 0.997327 0.999571
 0.604647 0.905272 0.98353 0.997327 0.999571
 0.604647 0.905272 0.98353 0.997327 0.999571
 0.604647 0.905272 0.98353 0.997327 0.999571
 0.604647 0.905272 0.98353 0.997327 0.999571
 0.604647 0.905272 0.98353 0.997327 0.999571
 0.604647 0.905272 0.98353 0.997327 0.999571
 0.604647 0.905272 0.98353 0.997327 0.999571
 0.604647 0.905272 0.98353 0.997327 0.999571
 0.604647 0.905272 0.98353 0.997327 0.999571
 0.604647 0.905272 0.98353 0.997327 0.999571
 0.604647 0.905272 0.98353 0.997327 0.999571
 0.604647 0.905272 0.98353 0.997327 0.999571
 0.604647 0.905272 0.98353 0.997327 0.999571
Scru_pelaces
 0.602178 1 1 1 1
 0.602178 1 1 1 1
 0.602178 1 1 1 1
 0.602178 1 1 1 1
 0.602178 1 1 1 1
 0.602178 1 1 1 1
 0.602178 1 1 1 1
 0.602178 1 1 1 1
 0.602178 1 1 1 1
 0.602178 1 1 1 1
 0.602178 1 1 1 1
 0.602178 1 1 1 1
 0.602178 1 1 1 1
 0.602178 1 1 1 1
 0.602178 1 1 1 1
 0.602178 1 1 1 1
 0.602178 1 1 1 1
 0.602178 1 1 1 1
 0.602178 1 1 1 1
 0.602178 1 1 1 1
 0.602178 1 1 1 1
 0.602178 1 1 1 1
 0.602178 1 1 1 1
 0.602178 1 1 1 1
 0.602178 1 1 1 1
pf_obs 
 0.256992 0.487395 0.22802 0.0275931 0
 0.321318 0.546541 0.124235 0.00734118 0.000564706
 0.182869 0.594174 0.210203 0.0122559 0.00049798
 0.330522 0.361315 0.267642 0.0388342 0.00168674
 0.649043 0.306663 0.0425973 0.00169635 0
 0.582887 0.30429 0.105238 0.00758474 0
 0.465427 0.430635 0.0974691 0.00646863 0
 0.296916 0.608066 0.0921331 0.00288517 0
 0.311714 0.524322 0.152257 0.0117073 0
 0.15457 0.633149 0.183074 0.0267441 0.00246327
 0.131901 0.49318 0.331252 0.0422183 0.00144891
 0.196976 0.569456 0.194076 0.0375587 0.00193317
 0.518974 0.381816 0.0799577 0.0180837 0.00116848
 0.0928022 0.601141 0.25162 0.0475244 0.00691264
 0.122501 0.610282 0.24278 0.0234846 0.000952079
 0.383417 0.481906 0.127806 0.00687128 0
 0.0376549 0.599619 0.316969 0.0457579 0
 0.0361596 0.667082 0.258105 0.0386534 0
 0.158088 0.579412 0.248529 0.0139706 0
 0.0477256 0.309471 0.559284 0.082774 0.000745712
 0.0406174 0.521527 0.379366 0.0568643 0.0016247
 0.151134 0.462217 0.34131 0.0453401 0
 0.294876 0.26143 0.354403 0.0886775 0.000613685
 0.281977 0.475581 0.204845 0.0348837 0.00271318
 0.0841818 0.532909 0.334909 0.0458182 0.00218182
pf_pred 
 0.296373 0.479906 0.199797 0.0239108 1.34201e-05
 0.275341 0.571366 0.121297 0.0286952 0.00330139
 0.145396 0.65527 0.172822 0.0211464 0.00536526
 0.243786 0.479818 0.240341 0.0314706 0.00458427
 0.254529 0.498386 0.17958 0.0589177 0.00858687
 0.1358 0.57951 0.212627 0.052727 0.0193353
 0.278886 0.387357 0.257111 0.0577413 0.0189048
 0.223871 0.577659 0.12845 0.0543223 0.0156975
 0.306661 0.486496 0.17264 0.0224328 0.0117706
 0.220972 0.609141 0.136371 0.0281506 0.00536455
 0.127581 0.584597 0.245419 0.0342557 0.00814788
 0.131974 0.491376 0.294792 0.0702092 0.0116489
 0.201496 0.472916 0.226147 0.078477 0.0209641
 0.271019 0.56807 0.120408 0.0285689 0.0119335
 0.308315 0.637276 0.0504446 0.00303816 0.000926507
 0.27916 0.657361 0.0619181 0.00145744 0.000104246
 0.181473 0.633986 0.175485 0.00884332 0.00021322
 0.23603 0.496962 0.229281 0.0359452 0.00178176
 0.226144 0.55011 0.169576 0.0467492 0.00742005
 0.256515 0.50783 0.188864 0.0357522 0.0110392
 0.283694 0.511651 0.159653 0.0363114 0.00869034
 0.250137 0.533514 0.171529 0.035183 0.00963724
 0.254916 0.505177 0.189877 0.0399022 0.0101272
 0.243875 0.51914 0.181203 0.0444165 0.0113652
 0.0753509 0.617866 0.236391 0.0541845 0.0162075
pobs_RECLAS
 0 0 0 0 0
 0 0 0 0 0
 0 0 0 0 0
 0 0 0 0 0
 0.835266 0.146461 0.0176864 0.000547809 3.91292e-05
 0.385257 0.428462 0.181853 0.0044286 0
 0.867414 0.0963971 0.0333333 0.00285562 0
 0.441836 0.489002 0.0689373 0.000224442 0
 0.779404 0.147425 0.0564933 0.0165055 0.000172143
 0.814271 0.122319 0.05973 0.00367925 0
 0.40263 0.566651 0.0304383 0.000280538 0
 0.475488 0.404961 0.113038 0.00651328 0
 0.955842 0.0263864 0.0167828 0.000988607 0
 0.975058 0.0227948 0.00214734 0 0
 0.738997 0.206755 0.0527124 0.00153531 0
 0.850938 0.134255 0.0134407 0.00136685 0
 0.542534 0.407297 0.0501686 0 0
 0.764087 0.199537 0.0359546 0.000420521 0
 0.470689 0.182191 0.310203 0.0369168 0
 0.84361 0.089868 0.0606195 0.00523954 0.000663233
 0.607945 0.314616 0.071237 0.00620181 0
 0.523733 0.453247 0.0230204 0 0
 0.530135 0.295979 0.169645 0.0042399 0
 0.562478 0.366248 0.0663022 0.0049721 0
 0.250443 0.683176 0.0655157 0.000865301 0
ppred_RECLAS
 0.695852 0.228294 0.0678444 0.008005 4.49619e-06
 0.664831 0.281199 0.0428262 0.00999316 0.0011506
 0.488016 0.424003 0.0764602 0.00918861 0.00233259
 0.628908 0.260708 0.0961268 0.0124433 0.00181422
 0.636613 0.265852 0.0710946 0.0230749 0.00336614
 0.454971 0.401985 0.10717 0.0262427 0.00963138
 0.678209 0.197392 0.0960855 0.0213255 0.0069882
 0.603434 0.318292 0.0508973 0.0212357 0.00614127
 0.703205 0.227518 0.0579495 0.00742752 0.00390026
 0.591302 0.339677 0.0555356 0.0113254 0.00216008
 0.443825 0.411813 0.123349 0.0169739 0.00404031
 0.459445 0.349026 0.150344 0.0353208 0.00586485
 0.59906 0.272629 0.0895949 0.0305499 0.0081656
 0.733568 0.230825 0.0268905 0.0061487 0.00256711
 0.751081 0.237613 0.0105088 0.000610802 0.00018619
 0.667 0.311877 0.0206113 0.00047759 3.41829e-05
 0.539544 0.381366 0.0752614 0.00373889 9.02145e-05
 0.624631 0.270512 0.0902066 0.0139583 0.000692453
 0.60488 0.305111 0.0684221 0.0186284 0.00295918
 0.646264 0.264736 0.0715042 0.0133656 0.00413031
 0.670086 0.254948 0.0586255 0.0131829 0.00315786
 0.631638 0.283822 0.0671821 0.013623 0.0037349
 0.639917 0.266994 0.0738501 0.0153419 0.00389724
 0.625225 0.280643 0.072165 0.0174884 0.0044789
 0.296819 0.514889 0.145453 0.0329682 0.00987028
pobs_PELACES
 0 0 0 0 0
 0 0 0 0 0
 0 0 0 0 0
 0 0 0 0 0
 0 0 0 0 0
 0 0 0 0 0
 0 0 0 0 0
 0 0 0 0 0
 0 0 0 0 0
 0 0 0 0 0
 0.450072 0.473896 0.0757376 0.000293798 0
 0 0 0 0 0
 0.463077 0.371075 0.160297 0.00555027 0
 0.529543 0.364841 0.0842815 0.0213345 0
 0.631943 0.363953 0.00410389 0 0
 0.735681 0.248677 0.0153453 0.000297389 0
 0.695825 0.281241 0.0229344 0 0
 0.275771 0.60734 0.115278 0.00161068 0
 0 0 0 0 0
 0.896147 0.0623911 0.0374545 0.00400742 0
 0.803859 0.145111 0.0509908 3.86294e-05 0
 0.739449 0.233085 0.0266225 0.000797448 4.60066e-05
 0.878498 0.100942 0.0204185 0.000141795 0
 0.694673 0.275183 0.0284847 0.00165964 0
 0.469039 0.446079 0.0841089 0.000773354 0
ppred_PELACES
 0.724307 0.216346 0.0532047 0.00613907 3.43885e-06
 0.687738 0.269296 0.0342468 0.00782038 0.000898035
 0.550848 0.38703 0.0541823 0.00633563 0.00160357
 0.629414 0.26965 0.0880925 0.0112118 0.00163073
 0.621132 0.284007 0.0694211 0.0222078 0.00323229
 0.472068 0.405055 0.0925262 0.0222177 0.00813335
 0.686346 0.202345 0.0863324 0.0188231 0.00615304
 0.627649 0.309077 0.0414568 0.0169331 0.00488405
 0.726687 0.218029 0.0464125 0.00582203 0.00304908
 0.598672 0.341403 0.0483952 0.0096869 0.00184296
 0.479123 0.404126 0.100086 0.0134678 0.0031971
 0.49321 0.347878 0.125323 0.0288166 0.00477217
 0.662879 0.247007 0.0634416 0.0210595 0.00561238
 0.842132 0.144087 0.0105219 0.00230182 0.000957294
 0.846202 0.149298 0.00419581 0.000233573 7.09281e-05
 0.701139 0.283422 0.0150739 0.000340821 2.43251e-05
 0.571194 0.366164 0.0596744 0.00289863 6.97509e-05
 0.646517 0.266284 0.0752303 0.011405 0.000564321
 0.618616 0.304555 0.0586768 0.0156688 0.00248271
 0.661905 0.262782 0.0607474 0.0111338 0.00343184
 0.667139 0.264071 0.0539955 0.0119412 0.00285359
 0.630049 0.292885 0.0614602 0.0122539 0.00335149
 0.639824 0.275458 0.0674505 0.0137762 0.00349108
 0.623283 0.290506 0.0663565 0.0158139 0.00404034
 0.292213 0.53375 0.134949 0.0300977 0.00898958
pobs_pel_tallas
 0 0 0 0 0 0 0 0 0 0 0 0 0 0 0 0 0 0 0 0 0 0 0 0 0 0 0 0 0 0 0 0 0 0 0 0
 0 0 0 0 0 0 0 0 0 0 0 0 0 0 0 0 0 0 0 0 0 0 0 0 0 0 0 0 0 0 0 0 0 0 0 0
 0 0 0 0 0 0 0 0 0 0 0 0 0 0 0 0 0 0 0 0 0 0 0 0 0 0 0 0 0 0 0 0 0 0 0 0
 0 0 0 0 0 0 0 0 0 0 0 0 0 0 0 0 0 0 0 0 0 0 0 0 0 0 0 0 0 0 0 0 0 0 0 0
 0 0 0 0 0 0 0 0 0 0 0 0 0 0 0 0 0 0 0 0 0 0 0 0 0 0 0 0 0 0 0 0 0 0 0 0
 0 0 0 0 0 0 0 0 0 0 0 0 0 0 0 0 0 0 0 0 0 0 0 0 0 0 0 0 0 0 0 0 0 0 0 0
 0 0 0 0 0 0 0 0 0 0 0 0 0 0 0 0 0 0 0 0 0 0 0 0 0 0 0 0 0 0 0 0 0 0 0 0
 0 0 0 0 0 0 0 0 0 0 0 0 0 0 0 0 0 0 0 0 0 0 0 0 0 0 0 0 0 0 0 0 0 0 0 0
 0 0 0 0 0 0 0 0 0 0 0 0 0 0 0 0 0 0 0 0 0 0 0 0 0 0 0 0 0 0 0 0 0 0 0 0
 0 0 0 0 0 0 0 0 0 0 0 0 0 0 0 0 0 0 0 0 0 0 0 0 0 0 0 0 0 0 0 0 0 0 0 0
 0 0 0 0 0 0 0 0 1.78061e-05 0.00172719 0.00360574 0.0105946 0.0120993 0.0124554 0.0147524 0.0171206 0.0266825 0.0428682 0.0675386 0.121331 0.153587 0.119568 0.100827 0.0573624 0.0630603 0.0341343 0.0324427 0.0444173 0.0211091 0.0280891 0.0125444 0.00206551 0 0 0 0
 0 0 0 0 0 0 0 0 0 0 0 0 0 0 0 0 0 0 0 0 0 0 0 0 0 0 0 0 0 0 0 0 0 0 0 0
 0 0 0 0 0 0 0.0133647 0.0140871 0.0187388 0.0205184 0.03894 0.0496705 0.03968 0.0493445 0.0407372 0.0367815 0.0215668 0.0243155 0.0234873 0.0199281 0.019796 0.0243948 0.0301388 0.0376714 0.0412746 0.0863199 0.0771752 0.113111 0.0741005 0.0525337 0.0229764 0.00759418 0.00175318 0 0 0
 0 0 0 0 0 0 0 0 0 0 0.00219441 0.00772107 0.0458388 0.0604681 0.0671733 0.0775358 0.0609151 0.0617685 0.073594 0.0568108 0.0755445 0.0548602 0.0670107 0.0636378 0.0643287 0.046367 0.0373049 0.0286899 0.0247887 0.0153202 0.00654259 0.00121912 0.000365735 0 0 0
 0 0 0 0 0 0 0 0 0 0 0 0 0.000112435 0.00938835 0.0111873 0.0202946 0.0414886 0.0713402 0.111592 0.104902 0.108894 0.110636 0.117776 0.105296 0.107544 0.0401394 0.0192827 0.0124803 0.00416011 0.0028671 0.000618394 0 0 0 0 0
 0 0 0 0 0 0 0 0 0 0 0.00291406 0.0102884 0.027416 0.0768956 0.0749926 0.110853 0.0956884 0.0897413 0.0766577 0.0534642 0.0500743 0.0551293 0.0594112 0.0620874 0.0668451 0.0424026 0.0208742 0.0120726 0.0048766 0.00582813 0.00118941 0.000297354 0 0 0 0
 0 0.00264628 0.0354308 0.0461629 0.0458689 0.0383711 0.0214643 0.0164657 0.0346957 0.0420465 0.0363128 0.0245516 0.0311673 0.0291091 0.0169068 0.0133784 0.00837989 0.0085269 0.0148486 0.0160247 0.0276389 0.0546898 0.0760071 0.122758 0.109233 0.0665981 0.0333725 0.0166128 0.00676272 0.00308733 0.000882094 0 0 0 0 0
 0 0 0 0 0 0 0 0.000805153 0.000690131 0.00759144 0.0133425 0.0154129 0.00931677 0.000345066 0.00356568 0.00563607 0.00851162 0.0253048 0.0502646 0.0516448 0.0657925 0.0565908 0.0611916 0.0827007 0.0866115 0.110766 0.145733 0.0935128 0.0569358 0.0249597 0.0138026 0.00621118 0.00161031 0.00115022 0 0
 0 0 0 0 0 0 0 0 0 0 0 0 0 0 0 0 0 0 0 0 0 0 0 0 0 0 0 0 0 0 0 0 0 0 0 0
 0.00147267 0.00158595 0.00478618 0.00569244 0.00954404 0.0108468 0.00647125 0.017049 0.0510054 0.094081 0.124002 0.0959785 0.0687766 0.0820023 0.061753 0.0591476 0.0492212 0.0479892 0.0443925 0.0268479 0.0217502 0.0140895 0.0121071 0.0120363 0.00920419 0.00665534 0.0049561 0.00860946 0.00930331 0.0156896 0.0114698 0.00855282 0.00243557 0.00046729 0 2.83206e-05
 0 0 0 0 0.000772559 0.00158375 0.000888443 0.00281984 0.00712685 0.0440552 0.0773331 0.111326 0.0921469 0.0852325 0.0710754 0.0886704 0.0786465 0.0553345 0.0373146 0.0185414 0.00753245 0.00457741 0.012979 0.0271748 0.0457355 0.0583668 0.034881 0.0177882 0.00938659 0.00492506 0.0015258 0.00185414 0.000309023 5.79419e-05 3.86279e-05 0
 0 0.00173294 0.00326652 0 0.00397197 0.00683976 0.00946217 0.0152591 0.00757587 0.0136028 0.0228656 0.0392903 0.0559909 0.0764795 0.0681675 0.0726916 0.0566044 0.0477403 0.0527397 0.0444891 0.0609904 0.0582453 0.0661739 0.0445044 0.0529084 0.0360697 0.0280645 0.0235558 0.0158879 0.00826598 0.00280645 0.00217768 0.000904811 0.00058276 9.20147e-05 0
 0 0 0 0 0 0 0 0 0 0 0 0 0 0 0 0 0 0 0 0 0 0 0 0 0 0 0 0 0 0 0 0 0 0 0 0
 0 0 0 0 0 0 0 0 0 0 0 0 0 0 0 0 0 0 0 0 0 0 0 0 0 0 0 0 0 0 0 0 0 0 0 0
 0 0 0 0 0 0 0 0 0 0 0 0 0 0 0 0 0 0 0 0 0 0 0 0 0 0 0 0 0 0 0 0 0 0 0 0
ppred_pel_tallas
 1.01037e-16 3.16047e-05 0.000185489 0.000881717 0.00339464 0.0105859 0.0267391 0.0547121 0.0906928 0.121802 0.132557 0.116952 0.083779 0.049016 0.0240162 0.0109669 0.0064401 0.00638755 0.00831581 0.0110994 0.0142252 0.0173276 0.0200475 0.0220496 0.0230866 0.0230536 0.0220098 0.0201553 0.0177757 0.0151732 0.0126057 0.0102518 0.00820429 0.0064851 0.00507154 0.00392137
 1.00885e-16 3.00122e-05 0.000176135 0.000837237 0.00322336 0.0100517 0.0253899 0.0519521 0.0861196 0.115666 0.125893 0.111108 0.0796684 0.0467641 0.0231973 0.0110712 0.0071554 0.00762104 0.0100964 0.0134806 0.0172228 0.0208856 0.0240253 0.0262303 0.0272049 0.0268382 0.0252287 0.0226536 0.0194954 0.0161512 0.0129541 0.010127 0.0077739 0.0059013 0.00445411 0.00335138
 1.01188e-16 2.4048e-05 0.000141108 0.000670694 0.00258209 0.0080519 0.0203388 0.0416178 0.068994 0.0926805 0.100917 0.0891632 0.0641473 0.0380849 0.0196937 0.0107353 0.00869754 0.0105667 0.0144465 0.0193849 0.0247846 0.0300622 0.0345879 0.0377701 0.0391822 0.0386626 0.0363509 0.0326435 0.0280894 0.0232595 0.0186342 0.0145366 0.0111198 0.0083968 0.00629168 0.00469024
 1.018e-16 2.74692e-05 0.000161204 0.000766256 0.00295006 0.00919945 0.0232372 0.0475474 0.078819 0.105863 0.115231 0.101716 0.0729712 0.0429093 0.0214287 0.0104704 0.00709605 0.00781937 0.0104829 0.0140834 0.0181086 0.0221361 0.0257252 0.028456 0.030012 0.0302488 0.0292209 0.0271556 0.0243869 0.021272 0.0181196 0.0151481 0.0124776 0.0101483 0.00815081 0.00645382
 1.01993e-16 2.71085e-05 0.000159086 0.000756181 0.00291127 0.00907847 0.0229317 0.0469223 0.0777833 0.104474 0.113723 0.100393 0.0720427 0.042404 0.0212513 0.0105068 0.00727698 0.00812452 0.0109181 0.0146578 0.01882 0.022963 0.0266249 0.0293687 0.0308699 0.0309885 0.0297964 0.0275472 0.0246042 0.0213503 0.0181106 0.0151079 0.0124557 0.0101792 0.00825075 0.00662174
 1.02589e-16 2.06136e-05 0.000120944 0.000574825 0.00221296 0.00690078 0.0174312 0.0356689 0.0591341 0.0794429 0.0865218 0.07649 0.0551285 0.0329291 0.0173941 0.0100709 0.00884605 0.0111685 0.015426 0.0207853 0.0266803 0.0325218 0.0376581 0.0414675 0.0434902 0.043532 0.0417033 0.0383755 0.0340771 0.0293637 0.0247062 0.0204261 0.0166847 0.0135142 0.0108671 0.00866471
 1.02226e-16 2.99489e-05 0.000175769 0.000835511 0.00321674 0.0100311 0.0253378 0.0518448 0.08594 0.115419 0.125611 0.110826 0.0793941 0.0464588 0.0227798 0.0104336 0.00617738 0.00618331 0.00809964 0.0108733 0.0140328 0.0172453 0.0201794 0.0225183 0.0240171 0.0245527 0.0241452 0.0229389 0.0211566 0.0190403 0.0168016 0.0145928 0.0125032 0.0105727 0.00881235 0.00722288
 1.015e-16 2.73937e-05 0.000160758 0.000764125 0.00294185 0.00917382 0.0231725 0.0474153 0.0786011 0.105574 0.114924 0.101464 0.0728336 0.0429139 0.0215882 0.010805 0.00764532 0.00863595 0.0116157 0.0155567 0.0199013 0.0241672 0.0278508 0.0304812 0.0317184 0.0314322 0.0297302 0.0269223 0.0234376 0.0197212 0.0161451 0.0129569 0.0102707 0.00809296 0.00636318 0.00499493
 1.01073e-16 3.17085e-05 0.000186098 0.000884614 0.00340579 0.0106206 0.0268269 0.0548919 0.0909909 0.122203 0.132993 0.117337 0.0840547 0.0491778 0.0240962 0.0110044 0.00646243 0.00640815 0.00833869 0.0111232 0.0142448 0.017335 0.0200322 0.0220002 0.0229925 0.0229079 0.0218111 0.0199091 0.0174945 0.0148747 0.0123104 0.00997986 0.00797229 0.00630406 0.00494588 0.00384914
 1.01218e-16 2.61315e-05 0.000153345 0.000728875 0.00280612 0.00875053 0.0221034 0.0452281 0.0749766 0.10071 0.109641 0.0968259 0.0695618 0.0411023 0.0208916 0.0108092 0.00809048 0.00943636 0.0127853 0.0171361 0.0219131 0.0265909 0.0306127 0.0334566 0.0347463 0.0343377 0.0323522 0.0291363 0.0251704 0.0209542 0.0169077 0.0133127 0.0103025 0.00788819 0.00600409 0.00455201
 1.02165e-16 2.09213e-05 0.00012275 0.000583411 0.00224602 0.00700388 0.0176916 0.0362017 0.0600173 0.0806287 0.0878115 0.0776263 0.0559388 0.0333958 0.0176089 0.0101456 0.00885777 0.0111537 0.0153964 0.0207424 0.0266219 0.0324447 0.0375579 0.0413383 0.0433238 0.0433181 0.0414293 0.0380282 0.0336445 0.0288379 0.0240859 0.0197186 0.0159062 0.0126889 0.0100249 0.00783737
 1.03106e-16 2.15333e-05 0.000126348 0.000600529 0.00231195 0.00720948 0.0182108 0.0372637 0.061776 0.0829857 0.0903633 0.079846 0.0574599 0.034147 0.0177198 0.0097653 0.00804847 0.00988867 0.0136094 0.0183815 0.0236916 0.0290336 0.0338488 0.0375964 0.039864 0.0404551 0.0394251 0.0370474 0.0337308 0.0299145 0.0259787 0.0221933 0.0187091 0.0155826 0.0128137 0.01038
 1.01967e-16 2.89274e-05 0.000169768 0.000806972 0.00310684 0.00968835 0.0244721 0.050074 0.083006 0.111484 0.121339 0.107085 0.0767742 0.0450471 0.0223131 0.0105982 0.00678913 0.00720004 0.00955462 0.0128083 0.0164529 0.0200928 0.023325 0.0257693 0.0271423 0.0273201 0.0263614 0.0244818 0.0219917 0.0192186 0.0164405 0.0138476 0.011537 0.00953153 0.0078095 0.00633288
 1.00321e-16 3.67394e-05 0.000215641 0.00102508 0.00394664 0.0123073 0.0310871 0.063608 0.105436 0.141592 0.154067 0.135866 0.0971877 0.0565781 0.027193 0.0115237 0.00553161 0.00447006 0.00542948 0.00713631 0.00908341 0.0109856 0.0125958 0.0136936 0.0141237 0.0138317 0.0128773 0.0114164 0.00966157 0.00783182 0.0061096 0.0046153 0.0034025 0.00246975 0.00178064 0.00128407
 1.0012e-16 3.6917e-05 0.000216683 0.00103003 0.00396572 0.0123668 0.0312374 0.0639155 0.105945 0.142277 0.154813 0.136526 0.0976641 0.0568641 0.0273464 0.0116154 0.00561392 0.00457193 0.00556388 0.00730592 0.00928212 0.011198 0.0127973 0.0138523 0.0142046 0.0138025 0.0127139 0.0111083 0.00921365 0.0072639 0.00545325 0.00390881 0.0026854 0.00177785 0.00114252 0.00071925
 1.0032e-16 3.05971e-05 0.000179567 0.000853553 0.00328618 0.0102476 0.0258848 0.0529646 0.0877982 0.117921 0.128349 0.113279 0.081232 0.0476959 0.0236849 0.0113443 0.0073809 0.00788904 0.0104448 0.0139154 0.0177247 0.0214093 0.0245005 0.0265673 0.0273066 0.0266157 0.0246185 0.0216301 0.0180773 0.0143996 0.0109629 0.00800849 0.00564283 0.00386077 0.00258538 0.00170876
 1.0107e-16 2.49343e-05 0.000146314 0.000695445 0.00267739 0.00834911 0.0210895 0.0431537 0.071539 0.0960962 0.104628 0.0924222 0.0664491 0.0393655 0.0201981 0.0107583 0.00842677 0.0100686 0.013718 0.0184035 0.0235386 0.0285667 0.0328902 0.0359474 0.0373315 0.036885 0.034735 0.0312512 0.0269489 0.0223661 0.0179574 0.0140315 0.0107381 0.00809592 0.00603981 0.00446748
 1.01573e-16 2.82148e-05 0.000165582 0.000787068 0.0030302 0.00944934 0.0238684 0.0488389 0.0809595 0.108737 0.118356 0.104467 0.0749295 0.0440294 0.0219293 0.0106167 0.00706671 0.0076923 0.0102739 0.0137821 0.017697 0.0215968 0.0250454 0.0276297 0.0290417 0.0291457 0.0280052 0.0258554 0.0230364 0.0199097 0.0167854 0.0138802 0.0113094 0.00910544 0.0072493 0.00569962
 1.01587e-16 2.69997e-05 0.000158445 0.00075313 0.00289952 0.00904181 0.0228391 0.0467331 0.0774701 0.104055 0.113271 0.100006 0.0717893 0.0423037 0.0212911 0.0106737 0.00757668 0.00857989 0.0115568 0.0154979 0.0198572 0.0241615 0.0279143 0.0306484 0.0320219 0.0318958 0.0303631 0.0277147 0.0243603 0.0207287 0.0171821 0.013966 0.011201 0.00890563 0.00703547 0.00552032
 1.01491e-16 2.88856e-05 0.000169521 0.000805794 0.0031023 0.00967419 0.0244364 0.0500009 0.0828854 0.111323 0.121168 0.106942 0.0766903 0.0450348 0.0223754 0.010741 0.00702844 0.00755972 0.0100592 0.0134739 0.0172775 0.02105 0.0243605 0.0268039 0.0280816 0.0280677 0.026835 0.0246264 0.0217876 0.0186826 0.0156207 0.012814 0.0103701 0.00831126 0.00660701 0.005205
 1.01397e-16 2.91138e-05 0.000170861 0.000812164 0.00312683 0.00975067 0.0246296 0.0503962 0.0835406 0.112203 0.122125 0.107786 0.0772935 0.0453848 0.0225412 0.0108066 0.00705204 0.00756878 0.0100617 0.0134679 0.0172563 0.0210034 0.024276 0.0266682 0.0278823 0.0277962 0.0264884 0.0242092 0.0213118 0.0181666 0.0150872 0.012287 0.00987165 0.00785936 0.00621374 0.0048761
 1.01546e-16 2.74977e-05 0.00016137 0.000767039 0.00295307 0.00920882 0.0232609 0.0475961 0.0789003 0.105974 0.115357 0.101837 0.0730828 0.0430233 0.0215745 0.0106867 0.00742453 0.00829986 0.011147 0.0149455 0.0191554 0.0233182 0.0269557 0.0296176 0.0309732 0.0308864 0.0294432 0.0269203 0.0237087 0.0202189 0.0167987 0.0136851 0.0109963 0.00875345 0.00691729 0.00542373
 1.01684e-16 2.79233e-05 0.00016387 0.000778927 0.00299885 0.00935158 0.0236215 0.0483338 0.0801225 0.107614 0.117136 0.103397 0.0741757 0.0436145 0.0217744 0.0106272 0.00718368 0.00789655 0.0105683 0.0141739 0.0181872 0.0221744 0.0256855 0.0282956 0.02969 0.0297345 0.0285013 0.0262407 0.0233102 0.0200873 0.016893 0.0139483 0.0113663 0.00917253 0.00733868 0.00581418
 1.01769e-16 2.72026e-05 0.000159638 0.000758803 0.00292136 0.00910994 0.0230112 0.0470851 0.0780532 0.104837 0.114119 0.100745 0.0723014 0.0425677 0.0213545 0.0105921 0.00737841 0.00826436 0.0111095 0.0149062 0.0191215 0.0233031 0.0269773 0.0296973 0.0311331 0.0311455 0.0298142 0.0274063 0.0243021 0.0209014 0.0175435 0.0144605 0.0117693 0.00949357 0.0075995 0.00603021
 1.03544e-16 1.27764e-05 7.49204e-05 0.000355997 0.00137037 0.00427318 0.0107942 0.0220902 0.0366313 0.0492381 0.053695 0.0476344 0.034691 0.0214424 0.012644 0.00938537 0.0104895 0.014473 0.020354 0.0275122 0.0353506 0.0431295 0.0499964 0.0551308 0.0579219 0.0581059 0.0558179 0.051536 0.0459458 0.0397711 0.033628 0.0279404 0.022926 0.0186359 0.015019 0.0119832
pSPR Fmed_Fpbrs
0.522287   0.6 0.325
Fs Fmed_Fpbrs
0.64   0.458248 1.59039
SSBpbr Bo_Bmed_Bpbrs
807021  381145  443862 221931
Ro
34229.9
SPR SPRFo_SPRFmed_SPRFpbrs
703799 367585 228735
log_Ro
10.2609
likeval ReclasPelacesDesembMPH_pf_preclas_ppelaces_ptallas_desvR_qrecl_qpela
 62.4864 0.000170134 0.0160569 37.7089 318.191 183.38 51.3206 0 17.6573 2.33772e-06 7.92103e-05 1.98185e-14 0 0 0
q_reclas_q_pelaces
0.805204 3.54736
M
0.7
N
 35812.9 10584.3 3401.65 400.874 0.224809
 43331.1 16097.2 2615.34 608.87 69.9912
 20970.5 19641.5 4219.61 510.355 129.408
 28809.5 8878.54 3192.2 409.364 59.5651
 48533 13804.9 3434.06 1100.08 160.125
 33174.2 23944 6548.99 1595.06 584.361
 69064.8 15405 7432.99 1636.41 535.205
 71620.8 32761 5550.44 2309.23 666.72
 115021 32602.9 8846.57 1131.17 593.021
 114960 52181.9 8597.1 1741.34 331.508
 64428.3 53978.7 17506.8 2406.4 571.908
 43560.6 28936.9 13265.6 3108.82 515.363
 41072.3 19774.6 7663.78 2627.89 701.565
 28271.7 17498.6 3358.11 792.8 331.074
 16358.6 9796.66 699.13 41.8873 12.7703
 12602.6 5741.43 428.056 9.93959 0.710431
 8616.58 5518.59 1181.49 58.6378 1.41267
 10585.5 3865.48 1345.2 207.314 10.267
 11893.9 4863.97 1114.48 301.7 47.8396
 16495.7 5537.13 1536.89 285.775 88.1544
 27327.4 7652.21 1706.57 380.004 90.8431
 39392.6 13138.7 3030.07 608.651 166.535
 60742.2 18886 5100.38 1049.78 266.141
 87781.5 29083.4 7264.38 1743.48 445.616
 33634.2 42163.6 11438.7 2565.38 766.458
pred_Ctot
 2457.14 3978.75 1656.45 198.237 0.111262
 2731.32 5667.82 1203.24 284.65 32.7491
 2243.72 10112 2666.96 326.326 82.7956
 727.732 1432.32 717.448 93.9438 13.6846
 227.159 444.792 160.269 52.582 7.66348
 1553.85 6630.85 2432.92 603.311 221.238
 2229.78 3097.04 2055.68 461.66 151.15
 4312.64 11128 2474.45 1046.46 302.396
 7185.56 11399.4 4045.22 525.635 275.803
 4516.52 12450.4 2787.33 575.377 109.648
 4453.34 20406 8566.64 1195.73 284.411
 2703.28 10065 6038.33 1438.12 238.609
 4233.08 9935.12 4750.95 1648.66 440.419
 6272.5 13147.5 2786.74 661.203 276.191
 3519.05 7273.75 575.765 34.677 10.575
 1079.04 2540.91 239.333 5.63348 0.402942
 602.2 2103.82 582.33 29.3457 0.707551
 571.189 1202.64 554.857 86.9868 4.31184
 536.711 1305.58 402.457 110.95 17.6101
 784.14 1552.39 577.339 109.291 33.7456
 626.337 1129.62 352.48 80.1679 19.1864
 980.771 2091.87 672.553 137.95 37.787
 1567.83 3107.03 1167.82 245.413 62.2859
 2071.11 4408.81 1538.87 377.209 96.519
 627.487 5145.29 1968.55 451.222 134.968
F
 0.0996608 0.697983 1.02041 1.04584 1.04721
 0.0912254 0.638905 0.934041 0.957316 0.958574
 0.15948 1.11694 1.63289 1.67358 1.67578
 0.035681 0.249895 0.365332 0.374436 0.374927
 0.00652704 0.0457127 0.0668293 0.0684946 0.0685845
 0.0670784 0.469789 0.686804 0.703919 0.704843
 0.0458075 0.320816 0.469015 0.480702 0.481333
 0.0869852 0.609208 0.890627 0.91282 0.914019
 0.0903788 0.632975 0.925373 0.948432 0.949678
 0.0559921 0.392145 0.573294 0.58758 0.588351
 0.100436 0.703412 1.02835 1.05397 1.05536
 0.0897558 0.628612 0.918995 0.941895 0.943131
 0.15321 1.07302 1.56869 1.60778 1.60989
 0.359822 2.52004 3.68415 3.77596 3.78092
 0.347043 2.43054 3.55331 3.64186 3.64664
 0.125783 0.880934 1.28787 1.31997 1.3217
 0.101603 0.711583 1.04029 1.06622 1.06762
 0.077632 0.543702 0.794861 0.814668 0.815738
 0.0645519 0.452095 0.660936 0.677405 0.678295
 0.0681068 0.476992 0.697334 0.71471 0.715649
 0.0323274 0.226408 0.330995 0.339243 0.339688
 0.0351604 0.246249 0.360002 0.368973 0.369457
 0.0364721 0.255436 0.373432 0.382737 0.38324
 0.0332925 0.233167 0.340876 0.34937 0.349829
 0.0262436 0.183799 0.268703 0.275399 0.275761
Np
 23893.1 11358.7 5952.98 5536 1792.83
YTP_r0W_actual
 11589 178673 100293 28582.7 8902.38
YTP_p0W_proyectada
 6027.44 67690.7 145352 47198.4 16083.5
 6027.44 47258.4 49664.6 60179.8 21650.8
CTP_r0_actual
 1034.73 8121.49 3039.19 695.444 208
CTP_p0_proyectada
 735.054 3133.83 4629.05 1177.02 361.426
 735.054 2187.89 1581.68 1500.74 486.534
Wmedp
 8.2 21.6 31.4 40.1 44.5
nmprior
 10.8 10.6 4.6 0
nm_flota  nm_reclas  nm_pelaces    nm_pelaL
inf 19.179 13.2396 28.7368
cv_recla  cv_pelaces  cv_mph
0.715019 0.492999 0.510942
 ------------------------------------------------
Talla a la edad & desviaci?n 
 7.2 14.2025 17.0495 18.207 18.6776
 1.08 2.13037 2.55742 2.73105 2.80164
