years
 1997 1998 1999 2000 2001 2002 2003 2004 2005 2006 2007 2008 2009 2010 2011 2012 2013 2014 2015 2016 2017 2018 2019 2020 2021
reclasobs
 0 0 0 370054 412103 1.49427e+06 250295 1.28982e+06 931140 785840 897777 1.04006e+06 184774 17550 25797 100020 73551 82996 120727 218422 84188 347160 605670 569463 516374
reclaspred
 489428 125963 313914 201730 307020 361540 778891 560640 732971 798077 689767 472736 265196 102039 72591.2 71964.2 77066.2 98351.6 107038 138262 221134 236682 448777 622749 814574
pelacesobs
 0 0 0 0 0 0 0 0 0 2.06254e+06 1.5e+06 0 1.87456e+06 323000 250000 174000 83755 137374 0 501740 490994 745055 786931 1.00524e+06 1.33801e+06
pelacespred
 459542 112786 152781 168891 227319 208221 520035 434412 525639 591626 440863 312821 166296 49352.4 36848.3 41392.9 45605.7 60506.8 67097.6 83614.6 158486 164249 250281 400705 531079
mphobs
 0 0 0 0 0 0 112323 0 153150 637223 0 255016 313432 73983 77613 109348 50772 17779 17303 59886 28197 0 207744 136588 643089
mphpred
 176839 96868.8 106316 98049.1 107570 171401 235866 298579 283801 355368 363996 252431 145911 103444 49189.4 45364.7 44455.9 55231.3 36750.7 39172 61236.8 86125.9 119129 189646 267698
desembarqueobs
 350755 77701 442110 56441 14545 235359 269955 359681 431902 328805 639364 411747 362871 311530 167758 66681 60226 58785 57116 73181 50977 67692 138656 160484 209506
desembarquepred
 350760 77699 442086 56445 14545.4 235493 270030 359635 431852 328808 639384 411816 363094 311450 167536 66680.6 60263.3 58787.4 57097.3 73182.5 50976.4 67677.5 138656 160482 209508
Reclutas
 35813.1 43331.4 20970.9 28810.2 48534.1 33174.8 69065.5 71621.8 115022 114961 64428.2 43560.3 41071.9 28271.6 16358.7 12602.8 8616.73 10585.7 11894.2 16496.2 27328.2 39393.8 60744.2 87783.8 33634.5
log_desv_Rt
 0.0451978 0.235762 -0.489977 -0.172384 0.349152 -0.0313235 0.701941 0.738284 1.21201 1.21148 0.632436 0.241032 0.18221 -0.191257 -0.738356 -0.999195 -1.37941 -1.17361 -1.05706 -0.729982 -0.225195 0.140494 0.573557 0.941763 -0.0175631
SSB
 433910 237688 260868 240584 263946 420569 560969 722778 678082 852931 893140 619391 372243 168255 84037 76923.4 79246.3 93091.7 113766 129009 188077 257219 366473 555607 860086
BT
 1.51402e+06 365381 619716 429178 521374 599999 1.47987e+06 1.39028e+06 1.7002e+06 1.64799e+06 1.52154e+06 1.04609e+06 738193 411162 233340 149141 153909 187134 192644 248829 413340 403542 635295 1.01456e+06 1.21199e+06
Ftot
 1.04727 0.958628 1.67587 0.374942 0.0685872 0.704868 0.481349 0.914053 0.949711 0.588374 1.0554 0.94317 1.60995 3.78106 3.64678 1.32175 1.06765 0.81576 0.678315 0.715666 0.339696 0.369466 0.383249 0.349837 0.275768
BD_Bspro_t
 0.906009 0.630251 0.546879 0.355909 0.502877 0.671614 0.600921 0.628944 0.578503 0.585641 0.563601 0.402871 0.291631 0.175659 0.109032 0.120618 0.166546 0.249024 0.342004 0.429429 0.552067 0.68812 0.724332 0.743948 0.770932
BD_Bspro
 0.616516 0.337716 0.370651 0.341831 0.375025 0.597561 0.797047 1.02695 0.963445 1.21188 1.26901 0.880055 0.528897 0.239064 0.119403 0.109296 0.112596 0.132268 0.161644 0.183301 0.267227 0.365467 0.520699 0.789429 1.22204
BD_Bo
 0.537652 0.294516 0.323238 0.298104 0.327052 0.521122 0.69509 0.895586 0.840203 1.05686 1.10668 0.76748 0.461241 0.208483 0.104129 0.0953149 0.0981931 0.115349 0.140967 0.159853 0.233044 0.318717 0.454092 0.688446 1.06572
BD_Brms
 1.45573 0.797421 0.875187 0.807137 0.885515 1.41097 1.882 2.42486 2.2749 2.86151 2.9964 2.078 1.24884 0.564481 0.281936 0.258071 0.265864 0.312314 0.381676 0.432812 0.630981 0.862946 1.22948 1.86401 2.88551
S_f
 0.0951627 0.666472 0.974337 0.998616 0.999927
 0.0951627 0.666472 0.974337 0.998616 0.999927
 0.0951627 0.666472 0.974337 0.998616 0.999927
 0.0951627 0.666472 0.974337 0.998616 0.999927
 0.0951627 0.666472 0.974337 0.998616 0.999927
 0.0951627 0.666472 0.974337 0.998616 0.999927
 0.0951627 0.666472 0.974337 0.998616 0.999927
 0.0951627 0.666472 0.974337 0.998616 0.999927
 0.0951627 0.666472 0.974337 0.998616 0.999927
 0.0951627 0.666472 0.974337 0.998616 0.999927
 0.0951627 0.666472 0.974337 0.998616 0.999927
 0.0951627 0.666472 0.974337 0.998616 0.999927
 0.0951627 0.666472 0.974337 0.998616 0.999927
 0.0951627 0.666472 0.974337 0.998616 0.999927
 0.0951627 0.666472 0.974337 0.998616 0.999927
 0.0951627 0.666472 0.974337 0.998616 0.999927
 0.0951627 0.666472 0.974337 0.998616 0.999927
 0.0951627 0.666472 0.974337 0.998616 0.999927
 0.0951627 0.666472 0.974337 0.998616 0.999927
 0.0951627 0.666472 0.974337 0.998616 0.999927
 0.0951627 0.666472 0.974337 0.998616 0.999927
 0.0951627 0.666472 0.974337 0.998616 0.999927
 0.0951627 0.666472 0.974337 0.998616 0.999927
 0.0951627 0.666472 0.974337 0.998616 0.999927
 0.0951627 0.666472 0.974337 0.998616 0.999927
Scru_reclas
 0.604677 0.905301 0.983538 0.997329 0.999572
 0.604677 0.905301 0.983538 0.997329 0.999572
 0.604677 0.905301 0.983538 0.997329 0.999572
 0.604677 0.905301 0.983538 0.997329 0.999572
 0.604677 0.905301 0.983538 0.997329 0.999572
 0.604677 0.905301 0.983538 0.997329 0.999572
 0.604677 0.905301 0.983538 0.997329 0.999572
 0.604677 0.905301 0.983538 0.997329 0.999572
 0.604677 0.905301 0.983538 0.997329 0.999572
 0.604677 0.905301 0.983538 0.997329 0.999572
 0.604677 0.905301 0.983538 0.997329 0.999572
 0.604677 0.905301 0.983538 0.997329 0.999572
 0.604677 0.905301 0.983538 0.997329 0.999572
 0.604677 0.905301 0.983538 0.997329 0.999572
 0.604677 0.905301 0.983538 0.997329 0.999572
 0.604677 0.905301 0.983538 0.997329 0.999572
 0.604677 0.905301 0.983538 0.997329 0.999572
 0.604677 0.905301 0.983538 0.997329 0.999572
 0.604677 0.905301 0.983538 0.997329 0.999572
 0.604677 0.905301 0.983538 0.997329 0.999572
 0.604677 0.905301 0.983538 0.997329 0.999572
 0.604677 0.905301 0.983538 0.997329 0.999572
 0.604677 0.905301 0.983538 0.997329 0.999572
 0.604677 0.905301 0.983538 0.997329 0.999572
 0.604677 0.905301 0.983538 0.997329 0.999572
Scru_pelaces
 0.602229 1 1 1 1
 0.602229 1 1 1 1
 0.602229 1 1 1 1
 0.602229 1 1 1 1
 0.602229 1 1 1 1
 0.602229 1 1 1 1
 0.602229 1 1 1 1
 0.602229 1 1 1 1
 0.602229 1 1 1 1
 0.602229 1 1 1 1
 0.602229 1 1 1 1
 0.602229 1 1 1 1
 0.602229 1 1 1 1
 0.602229 1 1 1 1
 0.602229 1 1 1 1
 0.602229 1 1 1 1
 0.602229 1 1 1 1
 0.602229 1 1 1 1
 0.602229 1 1 1 1
 0.602229 1 1 1 1
 0.602229 1 1 1 1
 0.602229 1 1 1 1
 0.602229 1 1 1 1
 0.602229 1 1 1 1
 0.602229 1 1 1 1
pf_obs 
 0.256992 0.487395 0.22802 0.0275931 0
 0.321318 0.546541 0.124235 0.00734118 0.000564706
 0.182869 0.594174 0.210203 0.0122559 0.00049798
 0.330522 0.361315 0.267642 0.0388342 0.00168674
 0.649043 0.306663 0.0425973 0.00169635 0
 0.582887 0.30429 0.105238 0.00758474 0
 0.465427 0.430635 0.0974691 0.00646863 0
 0.296916 0.608066 0.0921331 0.00288517 0
 0.311714 0.524322 0.152257 0.0117073 0
 0.15457 0.633149 0.183074 0.0267441 0.00246327
 0.131901 0.49318 0.331252 0.0422183 0.00144891
 0.196976 0.569456 0.194076 0.0375587 0.00193317
 0.518974 0.381816 0.0799577 0.0180837 0.00116848
 0.0928022 0.601141 0.25162 0.0475244 0.00691264
 0.122501 0.610282 0.24278 0.0234846 0.000952079
 0.383417 0.481906 0.127806 0.00687128 0
 0.0376549 0.599619 0.316969 0.0457579 0
 0.0361596 0.667082 0.258105 0.0386534 0
 0.158088 0.579412 0.248529 0.0139706 0
 0.0477256 0.309471 0.559284 0.082774 0.000745712
 0.0406174 0.521527 0.379366 0.0568643 0.0016247
 0.151134 0.462217 0.34131 0.0453401 0
 0.294876 0.26143 0.354403 0.0886775 0.000613685
 0.281977 0.475581 0.204845 0.0348837 0.00271318
 0.0841818 0.532909 0.334909 0.0458182 0.00218182
pf_pred 
 0.296375 0.479905 0.199796 0.0239107 1.34201e-05
 0.275343 0.571363 0.121297 0.0286955 0.00330142
 0.145398 0.655267 0.172822 0.0211467 0.00536541
 0.243789 0.479816 0.24034 0.0314712 0.00458443
 0.254531 0.498386 0.179579 0.0589177 0.00858709
 0.135801 0.579509 0.212628 0.0527271 0.0193356
 0.278884 0.387355 0.257113 0.0577427 0.0189054
 0.223871 0.577655 0.128451 0.0543242 0.0156984
 0.306661 0.486493 0.172641 0.0224337 0.0117714
 0.220972 0.609139 0.136373 0.0281517 0.00536502
 0.127579 0.584594 0.245422 0.034257 0.00814848
 0.131973 0.491369 0.294796 0.0702123 0.0116498
 0.201494 0.47291 0.226149 0.0784809 0.0209659
 0.271016 0.568067 0.120411 0.0285709 0.011935
 0.308314 0.637273 0.0504478 0.00303861 0.000926703
 0.27916 0.657357 0.061921 0.00145768 0.000104274
 0.181473 0.633982 0.175488 0.0088441 0.000213266
 0.236029 0.496959 0.229284 0.035947 0.00178199
 0.226145 0.550105 0.169578 0.0467513 0.00742071
 0.256515 0.507827 0.188864 0.0357534 0.01104
 0.283694 0.511649 0.159654 0.0363124 0.00869096
 0.250138 0.533511 0.17153 0.0351839 0.00963778
 0.254918 0.505174 0.189877 0.039903 0.0101277
 0.243874 0.519139 0.181204 0.0444173 0.0113657
 0.0753498 0.617863 0.236393 0.0541857 0.0162082
pobs_RECLAS
 0 0 0 0 0
 0 0 0 0 0
 0 0 0 0 0
 0 0 0 0 0
 0.835266 0.146461 0.0176864 0.000547809 3.91292e-05
 0.385257 0.428462 0.181853 0.0044286 0
 0.867414 0.0963971 0.0333333 0.00285562 0
 0.441836 0.489002 0.0689373 0.000224442 0
 0.779404 0.147425 0.0564933 0.0165055 0.000172143
 0.814271 0.122319 0.05973 0.00367925 0
 0.40263 0.566651 0.0304383 0.000280538 0
 0.475488 0.404961 0.113038 0.00651328 0
 0.955842 0.0263864 0.0167828 0.000988607 0
 0.975058 0.0227948 0.00214734 0 0
 0.738997 0.206755 0.0527124 0.00153531 0
 0.850938 0.134255 0.0134407 0.00136685 0
 0.542534 0.407297 0.0501686 0 0
 0.764087 0.199537 0.0359546 0.000420521 0
 0.470689 0.182191 0.310203 0.0369168 0
 0.84361 0.089868 0.0606195 0.00523954 0.000663233
 0.607945 0.314616 0.071237 0.00620181 0
 0.523733 0.453247 0.0230204 0 0
 0.530135 0.295979 0.169645 0.0042399 0
 0.562478 0.366248 0.0663022 0.0049721 0
 0.250443 0.683176 0.0655157 0.000865301 0
ppred_RECLAS
 0.695856 0.228292 0.0678427 0.00800474 4.49608e-06
 0.664836 0.281196 0.0428252 0.00999297 0.00115058
 0.488022 0.423998 0.0764586 0.0091885 0.00233258
 0.628914 0.260705 0.0961239 0.0124432 0.00181422
 0.636617 0.26585 0.0710925 0.0230743 0.00336613
 0.454974 0.401984 0.107168 0.0262422 0.00963127
 0.67821 0.197391 0.096085 0.0213256 0.00698826
 0.603437 0.318289 0.0508971 0.0212359 0.00614145
 0.703207 0.227516 0.057949 0.00742768 0.00390044
 0.591304 0.339675 0.0555353 0.0113256 0.00216021
 0.443824 0.411813 0.123349 0.0169742 0.00404054
 0.459445 0.349023 0.150345 0.0353219 0.00586523
 0.599059 0.272628 0.0895952 0.0305511 0.0081662
 0.733564 0.230827 0.0268917 0.0061492 0.00256744
 0.751079 0.237614 0.0105096 0.000610896 0.00018623
 0.667001 0.311875 0.020612 0.000477659 3.41914e-05
 0.539546 0.381363 0.0752616 0.00373914 9.0232e-05
 0.624632 0.270511 0.0902065 0.0139587 0.000692528
 0.604883 0.305107 0.0684216 0.0186288 0.00295937
 0.646267 0.264733 0.071503 0.0133658 0.00413052
 0.670088 0.254947 0.0586247 0.0131829 0.00315801
 0.631642 0.283819 0.0671811 0.0136229 0.003735
 0.639921 0.266992 0.0738486 0.0153418 0.00389731
 0.625227 0.280642 0.0721639 0.0174883 0.00447898
 0.296819 0.51489 0.145453 0.0329684 0.00987053
pobs_PELACES
 0 0 0 0 0
 0 0 0 0 0
 0 0 0 0 0
 0 0 0 0 0
 0 0 0 0 0
 0 0 0 0 0
 0 0 0 0 0
 0 0 0 0 0
 0 0 0 0 0
 0 0 0 0 0
 0.450072 0.473896 0.0757376 0.000293798 0
 0 0 0 0 0
 0.463077 0.371075 0.160297 0.00555027 0
 0.529543 0.364841 0.0842815 0.0213345 0
 0.631943 0.363953 0.00410389 0 0
 0.735681 0.248677 0.0153453 0.000297389 0
 0.695825 0.281241 0.0229344 0 0
 0.275771 0.60734 0.115278 0.00161068 0
 0 0 0 0 0
 0.896147 0.0623911 0.0374545 0.00400742 0
 0.803859 0.145111 0.0509908 3.86294e-05 0
 0.739449 0.233085 0.0266225 0.000797448 4.60066e-05
 0.878498 0.100942 0.0204185 0.000141795 0
 0.694673 0.275183 0.0284847 0.00165964 0
 0.469039 0.446079 0.0841089 0.000773354 0
ppred_PELACES
 0.724322 0.216333 0.0532022 0.00613878 3.43872e-06
 0.687755 0.269281 0.0342454 0.00782014 0.000898008
 0.550869 0.387012 0.0541807 0.00633556 0.00160357
 0.629434 0.269636 0.0880883 0.0112116 0.00163072
 0.62115 0.283993 0.0694178 0.0222069 0.00323224
 0.472085 0.40504 0.0925243 0.0222173 0.00813329
 0.686358 0.202335 0.0863303 0.0188229 0.00615302
 0.627664 0.309062 0.0414561 0.0169332 0.00488418
 0.726699 0.218018 0.0464114 0.0058221 0.00304921
 0.598688 0.341388 0.0483943 0.00968702 0.00184307
 0.479136 0.404113 0.100086 0.0134682 0.0031973
 0.493224 0.347864 0.125323 0.0288175 0.00477248
 0.662889 0.246997 0.0634412 0.0210603 0.0056128
 0.842135 0.144083 0.0105225 0.00230204 0.000957436
 0.846207 0.149293 0.00419612 0.000233612 7.09442e-05
 0.701152 0.283408 0.0150742 0.000340869 2.43311e-05
 0.571209 0.366149 0.0596741 0.00289883 6.97646e-05
 0.646529 0.266272 0.0752293 0.0114054 0.00056438
 0.618633 0.30454 0.0586756 0.015669 0.00248286
 0.66192 0.262769 0.0607455 0.0111339 0.003432
 0.667154 0.264058 0.0539938 0.0119411 0.0028537
 0.630066 0.29287 0.0614583 0.0122538 0.00335156
 0.639841 0.275444 0.067448 0.013776 0.00349112
 0.623299 0.290493 0.0663544 0.0158137 0.00404039
 0.292224 0.533739 0.134949 0.0300981 0.0089899
pobs_pel_tallas
 0 0 0 0 0 0 0 0 0 0 0 0 0 0 0 0 0 0 0 0 0 0 0 0 0 0 0 0 0 0 0 0 0 0 0 0
 0 0 0 0 0 0 0 0 0 0 0 0 0 0 0 0 0 0 0 0 0 0 0 0 0 0 0 0 0 0 0 0 0 0 0 0
 0 0 0 0 0 0 0 0 0 0 0 0 0 0 0 0 0 0 0 0 0 0 0 0 0 0 0 0 0 0 0 0 0 0 0 0
 0 0 0 0 0 0 0 0 0 0 0 0 0 0 0 0 0 0 0 0 0 0 0 0 0 0 0 0 0 0 0 0 0 0 0 0
 0 0 0 0 0 0 0 0 0 0 0 0 0 0 0 0 0 0 0 0 0 0 0 0 0 0 0 0 0 0 0 0 0 0 0 0
 0 0 0 0 0 0 0 0 0 0 0 0 0 0 0 0 0 0 0 0 0 0 0 0 0 0 0 0 0 0 0 0 0 0 0 0
 0 0 0 0 0 0 0 0 0 0 0 0 0 0 0 0 0 0 0 0 0 0 0 0 0 0 0 0 0 0 0 0 0 0 0 0
 0 0 0 0 0 0 0 0 0 0 0 0 0 0 0 0 0 0 0 0 0 0 0 0 0 0 0 0 0 0 0 0 0 0 0 0
 0 0 0 0 0 0 0 0 0 0 0 0 0 0 0 0 0 0 0 0 0 0 0 0 0 0 0 0 0 0 0 0 0 0 0 0
 0 0 0 0 0 0 0 0 0 0 0 0 0 0 0 0 0 0 0 0 0 0 0 0 0 0 0 0 0 0 0 0 0 0 0 0
 0 0 0 0 0 0 0 0 1.78061e-05 0.00172719 0.00360574 0.0105946 0.0120993 0.0124554 0.0147524 0.0171206 0.0266825 0.0428682 0.0675386 0.121331 0.153587 0.119568 0.100827 0.0573624 0.0630603 0.0341343 0.0324427 0.0444173 0.0211091 0.0280891 0.0125444 0.00206551 0 0 0 0
 0 0 0 0 0 0 0 0 0 0 0 0 0 0 0 0 0 0 0 0 0 0 0 0 0 0 0 0 0 0 0 0 0 0 0 0
 0 0 0 0 0 0 0.0133647 0.0140871 0.0187388 0.0205184 0.03894 0.0496705 0.03968 0.0493445 0.0407372 0.0367815 0.0215668 0.0243155 0.0234873 0.0199281 0.019796 0.0243948 0.0301388 0.0376714 0.0412746 0.0863199 0.0771752 0.113111 0.0741005 0.0525337 0.0229764 0.00759418 0.00175318 0 0 0
 0 0 0 0 0 0 0 0 0 0 0.00219441 0.00772107 0.0458388 0.0604681 0.0671733 0.0775358 0.0609151 0.0617685 0.073594 0.0568108 0.0755445 0.0548602 0.0670107 0.0636378 0.0643287 0.046367 0.0373049 0.0286899 0.0247887 0.0153202 0.00654259 0.00121912 0.000365735 0 0 0
 0 0 0 0 0 0 0 0 0 0 0 0 0.000112435 0.00938835 0.0111873 0.0202946 0.0414886 0.0713402 0.111592 0.104902 0.108894 0.110636 0.117776 0.105296 0.107544 0.0401394 0.0192827 0.0124803 0.00416011 0.0028671 0.000618394 0 0 0 0 0
 0 0 0 0 0 0 0 0 0 0 0.00291406 0.0102884 0.027416 0.0768956 0.0749926 0.110853 0.0956884 0.0897413 0.0766577 0.0534642 0.0500743 0.0551293 0.0594112 0.0620874 0.0668451 0.0424026 0.0208742 0.0120726 0.0048766 0.00582813 0.00118941 0.000297354 0 0 0 0
 0 0.00264628 0.0354308 0.0461629 0.0458689 0.0383711 0.0214643 0.0164657 0.0346957 0.0420465 0.0363128 0.0245516 0.0311673 0.0291091 0.0169068 0.0133784 0.00837989 0.0085269 0.0148486 0.0160247 0.0276389 0.0546898 0.0760071 0.122758 0.109233 0.0665981 0.0333725 0.0166128 0.00676272 0.00308733 0.000882094 0 0 0 0 0
 0 0 0 0 0 0 0 0.000805153 0.000690131 0.00759144 0.0133425 0.0154129 0.00931677 0.000345066 0.00356568 0.00563607 0.00851162 0.0253048 0.0502646 0.0516448 0.0657925 0.0565908 0.0611916 0.0827007 0.0866115 0.110766 0.145733 0.0935128 0.0569358 0.0249597 0.0138026 0.00621118 0.00161031 0.00115022 0 0
 0 0 0 0 0 0 0 0 0 0 0 0 0 0 0 0 0 0 0 0 0 0 0 0 0 0 0 0 0 0 0 0 0 0 0 0
 0.00147267 0.00158595 0.00478618 0.00569244 0.00954404 0.0108468 0.00647125 0.017049 0.0510054 0.094081 0.124002 0.0959785 0.0687766 0.0820023 0.061753 0.0591476 0.0492212 0.0479892 0.0443925 0.0268479 0.0217502 0.0140895 0.0121071 0.0120363 0.00920419 0.00665534 0.0049561 0.00860946 0.00930331 0.0156896 0.0114698 0.00855282 0.00243557 0.00046729 0 2.83206e-05
 0 0 0 0 0.000772559 0.00158375 0.000888443 0.00281984 0.00712685 0.0440552 0.0773331 0.111326 0.0921469 0.0852325 0.0710754 0.0886704 0.0786465 0.0553345 0.0373146 0.0185414 0.00753245 0.00457741 0.012979 0.0271748 0.0457355 0.0583668 0.034881 0.0177882 0.00938659 0.00492506 0.0015258 0.00185414 0.000309023 5.79419e-05 3.86279e-05 0
 0 0.00173294 0.00326652 0 0.00397197 0.00683976 0.00946217 0.0152591 0.00757587 0.0136028 0.0228656 0.0392903 0.0559909 0.0764795 0.0681675 0.0726916 0.0566044 0.0477403 0.0527397 0.0444891 0.0609904 0.0582453 0.0661739 0.0445044 0.0529084 0.0360697 0.0280645 0.0235558 0.0158879 0.00826598 0.00280645 0.00217768 0.000904811 0.00058276 9.20147e-05 0
 0 0 0 0 0 0 0 0 0 0 0 0 0 0 0 0 0 0 0 0 0 0 0 0 0 0 0 0 0 0 0 0 0 0 0 0
 0 0 0 0 0 0 0 0 0 0 0 0 0 0 0 0 0 0 0 0 0 0 0 0 0 0 0 0 0 0 0 0 0 0 0 0
 0 0 0 0 0 0 0 0 0 0 0 0 0 0 0 0 0 0 0 0 0 0 0 0 0 0 0 0 0 0 0 0 0 0 0 0
ppred_pel_tallas
 1.01037e-16 3.16054e-05 0.000185493 0.000881736 0.00339471 0.0105861 0.0267396 0.0547132 0.0906948 0.121805 0.13256 0.116955 0.0837807 0.049017 0.0240166 0.010967 0.00643994 0.00638723 0.00831535 0.0110988 0.0142244 0.0173266 0.0200464 0.0220484 0.0230853 0.0230523 0.0220086 0.0201542 0.0177748 0.0151724 0.012605 0.0102513 0.00820387 0.00648477 0.00507129 0.00392118
 1.00885e-16 3.0013e-05 0.000176139 0.000837257 0.00322344 0.010052 0.0253906 0.0519533 0.0861217 0.115669 0.125896 0.111111 0.0796703 0.0467652 0.0231977 0.0110713 0.0071552 0.00762066 0.0100958 0.0134798 0.0172219 0.0208845 0.024024 0.0262289 0.0272034 0.0268367 0.0252273 0.0226524 0.0194943 0.0161503 0.0129535 0.0101265 0.00777353 0.00590102 0.00445391 0.00335123
 1.01188e-16 2.40489e-05 0.000141114 0.000670719 0.00258218 0.00805219 0.0203395 0.0416194 0.0689965 0.0926839 0.10092 0.0891664 0.0641496 0.0380862 0.0196943 0.0107353 0.0086973 0.0105662 0.0144458 0.019384 0.0247834 0.0300608 0.0345863 0.0377684 0.0391804 0.0386608 0.0363492 0.0326421 0.0280881 0.0232585 0.0186334 0.014536 0.0111194 0.0083965 0.00629147 0.0046901
 1.018e-16 2.747e-05 0.000161209 0.000766279 0.00295015 0.00919972 0.0232379 0.0475489 0.0788214 0.105867 0.115235 0.101719 0.0729733 0.0429106 0.0214292 0.0104704 0.00709586 0.007819 0.0104823 0.0140826 0.0181076 0.022135 0.0257238 0.0284545 0.0300104 0.0302472 0.0292194 0.0271542 0.0243857 0.0212709 0.0181187 0.0151473 0.012477 0.0101479 0.00815045 0.00645354
 1.01993e-16 2.71093e-05 0.000159091 0.000756204 0.00291136 0.00907874 0.0229323 0.0469237 0.0777856 0.104477 0.113726 0.100396 0.0720448 0.0424051 0.0212518 0.0105069 0.0072768 0.00812416 0.0109175 0.0146571 0.0188191 0.0229618 0.0266236 0.0293672 0.0308684 0.030987 0.0297949 0.0275458 0.024603 0.0213492 0.0181097 0.0151072 0.0124551 0.0101788 0.00825037 0.00662144
 1.02589e-16 2.06144e-05 0.000120948 0.000574845 0.00221304 0.00690103 0.0174318 0.0356701 0.0591362 0.0794457 0.0865248 0.0764927 0.0551304 0.0329302 0.0173945 0.0100709 0.00884587 0.0111682 0.0154255 0.0207846 0.0266793 0.0325207 0.0376568 0.0414661 0.0434887 0.0435306 0.041702 0.0383743 0.0340761 0.0293628 0.0247055 0.0204255 0.0166843 0.0135139 0.0108669 0.00866452
 1.02226e-16 2.99495e-05 0.000175772 0.000835526 0.00321679 0.0100313 0.0253382 0.0518457 0.0859415 0.115421 0.125613 0.110828 0.0793954 0.0464595 0.0227801 0.0104336 0.00617725 0.00618307 0.00809928 0.0108728 0.0140322 0.0172445 0.0201785 0.0225173 0.0240161 0.0245517 0.0241442 0.022938 0.0211558 0.0190397 0.0168011 0.0145924 0.0125029 0.0105724 0.00881214 0.00722272
 1.015e-16 2.73943e-05 0.000160762 0.000764144 0.00294192 0.00917404 0.0231731 0.0474165 0.078603 0.105577 0.114927 0.101467 0.0728354 0.0429149 0.0215886 0.010805 0.00764512 0.00863558 0.0116152 0.015556 0.0199003 0.0241661 0.0278495 0.0304798 0.031717 0.0314308 0.0297289 0.0269211 0.0234366 0.0197204 0.0161446 0.0129565 0.0102705 0.0080928 0.00636308 0.00499488
 1.01073e-16 3.17091e-05 0.000186101 0.000884629 0.00340585 0.0106208 0.0268274 0.0548928 0.0909924 0.122205 0.132995 0.117339 0.084056 0.0491786 0.0240965 0.0110044 0.00646228 0.00640788 0.00833829 0.0111226 0.0142441 0.0173342 0.0200313 0.0219991 0.0229914 0.0229068 0.0218101 0.0199082 0.0174938 0.0148741 0.01231 0.00997952 0.00797204 0.00630389 0.00494576 0.00384907
 1.01218e-16 2.61322e-05 0.000153349 0.000728894 0.00280619 0.00875076 0.022104 0.0452292 0.0749786 0.100712 0.109644 0.0968284 0.0695636 0.0411032 0.020892 0.0108092 0.00809029 0.00943599 0.0127847 0.0171354 0.0219121 0.0265898 0.0306114 0.0334552 0.0347448 0.0343363 0.0323509 0.0291352 0.0251694 0.0209535 0.0169071 0.0133123 0.0103022 0.00788801 0.00600398 0.00455194
 1.02165e-16 2.09218e-05 0.000122753 0.000583427 0.00224608 0.00700406 0.017692 0.0362026 0.0600189 0.0806308 0.0878139 0.0776283 0.0559402 0.0333966 0.0176092 0.0101457 0.0088576 0.0111534 0.015396 0.0207418 0.0266211 0.0324438 0.0375568 0.0413371 0.0433226 0.0433169 0.0414283 0.0380273 0.0336438 0.0288373 0.0240855 0.0197183 0.0159061 0.0126888 0.0100248 0.00783735
 1.03106e-16 2.15339e-05 0.000126351 0.000600545 0.00231201 0.00720967 0.0182113 0.0372647 0.0617777 0.0829879 0.0903658 0.0798481 0.0574614 0.0341479 0.0177201 0.0097653 0.00804828 0.00988832 0.0136089 0.0183808 0.0236907 0.0290326 0.0338476 0.0375951 0.0398627 0.0404539 0.039424 0.0370465 0.03373 0.0299139 0.0259784 0.022193 0.018709 0.0155826 0.0128137 0.01038
 1.01968e-16 2.89278e-05 0.00016977 0.000806984 0.00310689 0.00968849 0.0244725 0.0500747 0.0830073 0.111485 0.121341 0.107086 0.0767753 0.0450477 0.0223134 0.0105982 0.00678899 0.00719977 0.00955424 0.0128078 0.0164522 0.020092 0.0233241 0.0257683 0.0271414 0.0273192 0.0263605 0.024481 0.0219911 0.0192182 0.0164402 0.0138474 0.0115369 0.00953152 0.00780953 0.00633294
 1.00321e-16 3.67395e-05 0.000215641 0.00102508 0.00394666 0.0123073 0.0310872 0.0636082 0.105436 0.141593 0.154067 0.135867 0.097188 0.0565783 0.0271931 0.0115237 0.00553156 0.00446997 0.00542935 0.00713614 0.0090832 0.0109853 0.0125955 0.0136933 0.0141234 0.0138314 0.012877 0.0114162 0.00966143 0.00783173 0.00610956 0.00461529 0.00340252 0.00246979 0.00178069 0.00128411
 1.0012e-16 3.69173e-05 0.000216684 0.00103004 0.00396574 0.0123668 0.0312376 0.0639159 0.105946 0.142278 0.154814 0.136527 0.0976647 0.0568644 0.0273465 0.0116154 0.00561385 0.0045718 0.00556369 0.00730566 0.00928179 0.0111976 0.0127968 0.0138518 0.0142041 0.013802 0.0127135 0.011108 0.00921337 0.00726369 0.0054531 0.00390872 0.00268534 0.00177782 0.00114251 0.000719253
 1.0032e-16 3.05977e-05 0.00017957 0.000853569 0.00328624 0.0102478 0.0258852 0.0529656 0.0877998 0.117923 0.128352 0.113281 0.0812335 0.0476967 0.0236852 0.0113443 0.00738072 0.00788871 0.0104443 0.0139148 0.0177239 0.0214084 0.0244994 0.0265661 0.0273053 0.0266145 0.0246174 0.0216291 0.0180765 0.014399 0.0109625 0.0080082 0.00564266 0.00386066 0.00258533 0.00170874
 1.0107e-16 2.4935e-05 0.000146318 0.000695463 0.00267746 0.00834933 0.02109 0.0431548 0.0715409 0.0960987 0.10463 0.0924246 0.0664508 0.0393665 0.0201985 0.0107583 0.00842657 0.0100682 0.0137174 0.0184028 0.0235377 0.0285656 0.0328889 0.0359461 0.0373301 0.0368837 0.0347337 0.0312501 0.026948 0.0223654 0.0179569 0.0140311 0.0107378 0.00809578 0.00603973 0.00446744
 1.01573e-16 2.82153e-05 0.000165585 0.000787083 0.00303026 0.00944953 0.0238689 0.0488399 0.0809611 0.108739 0.118359 0.104469 0.074931 0.0440302 0.0219297 0.0106167 0.00706655 0.007692 0.0102735 0.0137815 0.0176962 0.0215959 0.0250443 0.0276286 0.0290405 0.0291446 0.0280042 0.0258545 0.0230356 0.019909 0.0167849 0.0138799 0.0113091 0.00910529 0.00724921 0.00569956
 1.01587e-16 2.70004e-05 0.000158449 0.00075315 0.00289959 0.00904205 0.0228397 0.0467343 0.0774722 0.104058 0.113274 0.100009 0.0717911 0.0423047 0.0212915 0.0106737 0.00757647 0.0085795 0.0115562 0.0154972 0.0198562 0.0241603 0.0279129 0.0306469 0.0320204 0.0318944 0.0303617 0.0277135 0.0243593 0.0207279 0.0171815 0.0139656 0.0112007 0.00890544 0.00703535 0.00552025
 1.01491e-16 2.88862e-05 0.000169524 0.000805812 0.00310237 0.00967441 0.0244369 0.0500021 0.0828873 0.111325 0.121171 0.106944 0.076692 0.0450358 0.0223758 0.010741 0.00702827 0.00755939 0.0100588 0.0134732 0.0172767 0.021049 0.0243593 0.0268026 0.0280802 0.0280664 0.0268337 0.0246253 0.0217867 0.0186818 0.0156201 0.0128136 0.0103698 0.00831102 0.00660684 0.00520488
 1.01397e-16 2.91145e-05 0.000170864 0.000812182 0.0031269 0.00975089 0.0246301 0.0503973 0.0835425 0.112205 0.122128 0.107788 0.0772951 0.0453857 0.0225416 0.0108067 0.00705187 0.00756845 0.0100612 0.0134672 0.0172555 0.0210024 0.0242749 0.0266669 0.027881 0.0277949 0.0264872 0.0242081 0.0213108 0.0181658 0.0150866 0.0122865 0.00987131 0.00785911 0.00621357 0.00487598
 1.01546e-16 2.74985e-05 0.000161374 0.000767059 0.00295315 0.00920907 0.0232615 0.0475974 0.0789024 0.105977 0.11536 0.10184 0.0730847 0.0430244 0.021575 0.0106867 0.00742434 0.0082995 0.0111465 0.0149448 0.0191544 0.0233171 0.0269544 0.0296161 0.0309717 0.0308849 0.0294418 0.026919 0.0237077 0.0202181 0.016798 0.0136846 0.0109959 0.00875317 0.00691709 0.00542358
 1.01684e-16 2.7924e-05 0.000163874 0.000778947 0.00299893 0.00935183 0.0236221 0.048335 0.0801246 0.107617 0.11714 0.103399 0.0741777 0.0436156 0.0217749 0.0106272 0.0071835 0.0078962 0.0105677 0.0141731 0.0181863 0.0221733 0.0256842 0.0282942 0.0296886 0.0297331 0.0285 0.0262394 0.0233092 0.0200864 0.0168923 0.0139478 0.0113658 0.0091722 0.00733843 0.005814
 1.01769e-16 2.72033e-05 0.000159642 0.000758822 0.00292144 0.00911017 0.0230117 0.0470862 0.0780551 0.104839 0.114122 0.100748 0.0723031 0.0425687 0.0213549 0.0105922 0.00737824 0.00826403 0.011109 0.0149055 0.0191207 0.0233021 0.0269761 0.029696 0.0311318 0.0311442 0.029813 0.0274052 0.0243011 0.0209006 0.0175429 0.01446 0.011769 0.00949328 0.00759928 0.00603005
 1.03544e-16 1.27769e-05 7.49232e-05 0.000356011 0.00137043 0.00427334 0.0107946 0.022091 0.0366326 0.0492399 0.053697 0.0476362 0.0346922 0.0214431 0.0126442 0.00938538 0.0104894 0.0144728 0.0203536 0.0275116 0.0353499 0.0431286 0.0499954 0.0551297 0.0579208 0.0581049 0.055817 0.0515352 0.0459452 0.0397706 0.0336276 0.0279401 0.0229259 0.0186358 0.015019 0.0119832
pSPR Fmed_Fpbrs
0.522285   0.419336 0.419336
Fs Fmed_Fpbrs
0.64   1.005 1.005
SSBpbr Bo_Bmed_Bpbrs
807045  381156  298071 298071
Ro
34230.4
SPR SPRFo_SPRFmed_SPRFpbrs
703809 367589 295132
log_Ro
10.2609
likeval ReclasPelacesDesembMPH_pf_preclas_ppelaces_ptallas_desvR_qrecl_qpela
 62.4866 0.00145068 0.0160563 37.7091 318.191 183.38 51.3205 0 17.6572 2.33908e-06 0 0 0 0 0
q_reclas_q_pelaces
0.805153 1
M
0.7
N
 35813.1 10584.4 3401.67 400.876 0.224812
 43331.4 16097.3 2615.36 608.883 69.9927
 20970.9 19641.6 4219.65 510.368 129.413
 28810.2 8878.72 3192.27 409.382 59.569
 48534.1 13805.3 3434.15 1100.11 160.134
 33174.8 23944.5 6549.17 1595.11 584.385
 69065.5 15405.3 7433.27 1636.5 535.236
 71621.8 32761.3 5550.62 2309.36 666.769
 115022 32603.4 8846.83 1131.24 593.076
 114961 52182.6 8597.4 1741.45 331.544
 64428.2 53979.2 17507.2 2406.53 571.959
 43560.3 28936.9 13266 3109 515.412
 41071.9 19774.5 7663.89 2628.04 701.63
 28271.6 17498.5 3358.2 792.853 331.113
 16358.7 9796.67 699.177 41.8937 12.7731
 12602.8 5741.5 428.084 9.94141 0.710637
 8616.73 5518.68 1181.53 58.6443 1.413
 10585.7 3865.56 1345.25 207.331 10.2686
 11894.2 4864.06 1114.52 301.723 47.8454
 16496.2 5537.28 1536.94 285.794 88.1642
 27328.2 7652.47 1706.65 380.03 90.8535
 39393.8 13139.1 3030.21 608.69 166.551
 60744.2 18886.5 5100.58 1049.85 266.164
 87783.8 29084.4 7264.69 1743.58 445.653
 33634.5 42164.8 11439.2 2565.53 766.52
pred_Ctot
 2457.16 3978.75 1656.45 198.237 0.111262
 2731.35 5667.8 1203.24 284.653 32.7494
 2243.76 10112 2666.96 326.331 82.7978
 727.741 1432.31 717.445 93.9455 13.6851
 227.16 444.792 160.268 52.5821 7.66368
 1553.85 6630.83 2432.92 603.312 221.241
 2229.75 3097.01 2055.69 461.669 151.154
 4312.63 11127.9 2474.47 1046.49 302.411
 7185.52 11399.3 4045.24 525.656 275.821
 4516.49 12450.3 2787.36 575.399 109.657
 4453.27 20405.8 8566.69 1195.78 284.431
 2703.23 10064.8 6038.37 1438.17 238.626
 4232.99 9934.92 4750.94 1648.73 440.453
 6272.38 13147.3 2786.79 661.242 276.222
 3519.03 7273.7 575.8 34.6821 10.5772
 1079.04 2540.89 239.344 5.6344 0.403051
 602.198 2103.81 582.339 29.3483 0.707703
 571.184 1202.63 554.861 86.9909 4.31237
 536.711 1305.57 402.46 110.955 17.6116
 784.141 1552.37 577.338 109.295 33.7482
 626.335 1129.61 352.481 80.1699 19.1878
 980.772 2091.86 672.555 137.953 37.789
 1567.84 3107.01 1167.82 245.418 62.2888
 2071.11 4408.79 1538.87 377.214 96.523
 627.476 5145.26 1968.56 451.231 134.974
F
 0.0996612 0.697977 1.0204 1.04582 1.0472
 0.0912256 0.638899 0.934026 0.957301 0.958558
 0.15948 1.11692 1.63286 1.67355 1.67574
 0.0356805 0.249889 0.36532 0.374423 0.374915
 0.00652694 0.0457115 0.0668271 0.0684922 0.0685822
 0.0670771 0.469775 0.686779 0.703892 0.704817
 0.0458064 0.320805 0.468996 0.480682 0.481314
 0.0869837 0.60919 0.890595 0.912787 0.913986
 0.0903771 0.632956 0.925339 0.948396 0.949642
 0.0559913 0.392135 0.573275 0.58756 0.588331
 0.100435 0.703394 1.02831 1.05394 1.05532
 0.0897546 0.628597 0.918966 0.941864 0.943101
 0.153207 1.07299 1.56864 1.60772 1.60984
 0.359815 2.51997 3.68402 3.77582 3.78078
 0.347038 2.43048 3.5532 3.64173 3.64652
 0.125781 0.880908 1.28783 1.31992 1.32165
 0.101601 0.71156 1.04025 1.06617 1.06757
 0.0776299 0.543681 0.794825 0.814631 0.815701
 0.0645502 0.452078 0.660907 0.677376 0.678265
 0.0681047 0.476971 0.6973 0.714675 0.715614
 0.0323263 0.226398 0.330978 0.339225 0.339671
 0.0351594 0.246239 0.359985 0.368955 0.369439
 0.036471 0.255425 0.373414 0.382719 0.383221
 0.0332914 0.233157 0.340859 0.349353 0.349812
 0.0262429 0.183792 0.268691 0.275387 0.275748
Np
 23893.5 10783 4135.07 3249.77 934.046
YTP_r0W_actual
 24846.2 338306 179071 50810.5 15822
YTP_p0W_proyectada
 12922.6 128166 259520 83902.8 28584.7
 12922.6 84943.3 61592.7 62796 20045.8
CTP_r0_actual
 2218.41 15377.6 5426.4 1236.27 369.674
CTP_p0_proyectada
 1575.93 5933.6 8264.96 2092.34 642.353
 1575.93 3932.56 1961.55 1565.98 450.468
Wmedp
 8.2 21.6 31.4 40.1 44.5
nmprior
 10.8 10.6 4.6 0
nm_flota  nm_reclas  nm_pelaces    nm_pelaL
inf 19.1787 13.2412 28.7411
cv_recla  cv_pelaces  cv_mph
0.71502 1.43958 0.510943
 ------------------------------------------------
Talla a la edad & desviaci?n 
 7.2 14.2025 17.0495 18.207 18.6776
 1.08 2.13037 2.55742 2.73105 2.80164
