years
 1997 1998 1999 2000 2001 2002 2003 2004 2005 2006 2007 2008 2009 2010 2011 2012 2013 2014 2015 2016 2017 2018 2019 2020 2021 2022
reclasobs
 0 0 0 370054 412103 1.49427e+06 250295 1.28982e+06 931140 785840 897777 1.04006e+06 184774 17550 25797 100020 73551 82996 120727 218422 84188 347160 605670 569463 516374 1.08416e+06
reclaspred
 1.14123e+06 228562 554276 275470 320108 352988 664460 481050 621075 745382 684649 429768 232137 89191 73037.2 71108.5 71535.8 81789.2 82318 101162 167299 185089 325751 411378 496777 343432
pelacesobs
 0 0 0 0 0 0 0 0 0 2.06254e+06 1.5e+06 0 1.87456e+06 323000 250000 174000 83755 137374 0 501740 490994 745055 786931 1.00524e+06 1.33801e+06 1.41789e+06
pelacespred
 652574 229043 185947 192004 192540 154243 338027 280861 335403 418787 321673 207603 104729 27712.1 26609.7 30285.9 31575.1 37257.8 37716.7 44514.7 90737.2 96787.9 133991 197545 231488 172427
mphobs
 0 0 0 0 0 0 112323 0 153150 637223 0 255016 313432 73983 77613 109348 50772 17779 17303 59886 28197 0 207744 136588 643089 65757
mphpred
 808640 427301 358580 306566 249450 341075 415418 522616 485882 625279 707884 462637 251183 113093 51238.1 54273.7 51892.6 59019.7 68751.7 69552.5 108717 164573 213857 312773 397615 311930
desembarqueobs
 350755 77701 442110 56441 14545 235359 269955 359681 431902 328805 639364 411747 362871 311530 167758 66681 60226 58785 57116 73181 50977 67692 138656 160484 209506 203330
desembarquepred
 350756 77698.8 442093 56443.1 14545.2 235493 269952 359559 431733 328722 639145 411657 362906 311213 167560 66681.9 60254.6 58779.3 57085 73172.8 50966.3 67668.2 138645 160458 209509 203308
Reclutas
 40013 42250.3 20204.9 20945.7 37927.9 26857.5 57657.7 60130.3 99575.4 113765 66113.4 42477.9 46252.4 35183.8 22747.6 12579.7 7748.76 8369.1 9785.79 12842.7 21416.8 27591.8 40291.8 54641.8 17777.6 18095.5
log_desv_Rt
 0.314488 0.368896 -0.368791 -0.332784 0.26097 -0.0841718 0.679808 0.721798 1.2262 1.35942 0.816655 0.374267 0.459396 0.18587 -0.250255 -0.842634 -1.32718 -1.25017 -1.09378 -0.821941 -0.31054 -0.0571988 0.321432 0.626084 -0.496774 -0.479053
SSB
 808640 427301 358580 306566 249450 341075 402575 515538 473508 611746 707884 462637 261353 120394 56319.7 60357.1 60803.9 65673 71536.9 77407 111920 164573 220966 306238 434019 357813
BT
 2.03747e+06 569479 709103 461217 455795 491083 1.15821e+06 1.0546e+06 1.32718e+06 1.35236e+06 1.30058e+06 851162 616810 349128 219008 127315 125128 138852 133545 167407 283455 266409 399794 590793 631598 528197
Ftot
 0.295761 0.326552 0.737469 0.198445 0.0444259 0.623543 0.389386 0.699075 0.654985 0.421765 0.855375 0.875511 1.36569 2.6062 1.93641 0.863203 0.780568 0.672961 0.649858 0.677526 0.293885 0.3507 0.406411 0.373823 0.40197 0.556783
BD_Bspro_t
 0.95773 0.754771 0.626508 0.407182 0.486602 0.625058 0.516993 0.542305 0.483673 0.49016 0.491075 0.31922 0.213266 0.125385 0.0690883 0.0839081 0.113304 0.161277 0.213668 0.277415 0.384351 0.545125 0.579186 0.583228 0.592764 0.479535
BD_Bspro
 1.34006 0.708112 0.59423 0.508033 0.413381 0.56522 0.667137 0.854335 0.784685 1.01377 1.17309 0.76667 0.433108 0.199514 0.0933315 0.100022 0.100763 0.108832 0.118549 0.128277 0.18547 0.272725 0.366179 0.50749 0.719245 0.592959
BD_Bo
 0.839199 0.443449 0.372131 0.318151 0.258877 0.353964 0.417789 0.53502 0.491402 0.634864 0.734636 0.480121 0.27123 0.124944 0.058448 0.0626381 0.0631017 0.0681548 0.0742403 0.0803323 0.116149 0.170792 0.229317 0.317811 0.450421 0.371335
BD_Brms
 4.07898 2.15541 1.80877 1.54639 1.25829 1.72046 2.03069 2.6005 2.38849 3.0858 3.57074 2.33366 1.31833 0.607297 0.28409 0.304456 0.30671 0.331271 0.36085 0.39046 0.56455 0.830144 1.11461 1.54474 2.1893 1.8049
S_f
 0.5 1 1 1 1
 0.5 1 1 1 1
 0.5 1 1 1 1
 0.5 1 1 1 1
 0.5 1 1 1 1
 0.5 1 1 1 1
 0.5 1 1 1 1
 0.5 1 1 1 1
 0.5 1 1 1 1
 0.5 1 1 1 1
 0.5 1 1 1 1
 0.5 1 1 1 1
 0.5 1 1 1 1
 0.5 1 1 1 1
 0.5 1 1 1 1
 0.5 1 1 1 1
 0.5 1 1 1 1
 0.5 1 1 1 1
 0.5 1 1 1 1
 0.5 1 1 1 1
 0.5 1 1 1 1
 0.5 1 1 1 1
 0.5 1 1 1 1
 0.5 1 1 1 1
 0.5 1 1 1 1
 0.5 1 1 1 1
Scru_reclas
 0.5 1 1 1 1
 0.5 1 1 1 1
 0.5 1 1 1 1
 0.5 1 1 1 1
 0.5 1 1 1 1
 0.5 1 1 1 1
 0.5 1 1 1 1
 0.5 1 1 1 1
 0.5 1 1 1 1
 0.5 1 1 1 1
 0.5 1 1 1 1
 0.5 1 1 1 1
 0.5 1 1 1 1
 0.5 1 1 1 1
 0.5 1 1 1 1
 0.5 1 1 1 1
 0.5 1 1 1 1
 0.5 1 1 1 1
 0.5 1 1 1 1
 0.5 1 1 1 1
 0.5 1 1 1 1
 0.5 1 1 1 1
 0.5 1 1 1 1
 0.5 1 1 1 1
 0.5 1 1 1 1
 0.5 1 1 1 1
Scru_pelaces
 0.5 1 1 1 1
 0.5 1 1 1 1
 0.5 1 1 1 1
 0.5 1 1 1 1
 0.5 1 1 1 1
 0.5 1 1 1 1
 0.5 1 1 1 1
 0.5 1 1 1 1
 0.5 1 1 1 1
 0.5 1 1 1 1
 0.5 1 1 1 1
 0.5 1 1 1 1
 0.5 1 1 1 1
 0.5 1 1 1 1
 0.5 1 1 1 1
 0.5 1 1 1 1
 0.5 1 1 1 1
 0.5 1 1 1 1
 0.5 1 1 1 1
 0.5 1 1 1 1
 0.5 1 1 1 1
 0.5 1 1 1 1
 0.5 1 1 1 1
 0.5 1 1 1 1
 0.5 1 1 1 1
 0.5 1 1 1 1
pf_obs 
 0.256992 0.487395 0.22802 0.0275931 0
 0.321318 0.546541 0.124235 0.00734118 0.000564706
 0.182869 0.594174 0.210203 0.0122559 0.00049798
 0.330522 0.361315 0.267642 0.0388342 0.00168674
 0.649043 0.306663 0.0425973 0.00169635 0
 0.582887 0.30429 0.105238 0.00758474 0
 0.465427 0.430635 0.0974691 0.00646863 0
 0.296916 0.608066 0.0921331 0.00288517 0
 0.311714 0.524322 0.152257 0.0117073 0
 0.15457 0.633149 0.183074 0.0267441 0.00246327
 0.131901 0.49318 0.331252 0.0422183 0.00144891
 0.196976 0.569456 0.194076 0.0375587 0.00193317
 0.518974 0.381816 0.0799577 0.0180837 0.00116848
 0.0928022 0.601141 0.25162 0.0475244 0.00691264
 0.122501 0.610282 0.24278 0.0234846 0.000952079
 0.383417 0.481906 0.127806 0.00687128 0
 0.0376549 0.599619 0.316969 0.0457579 0
 0.0361596 0.667082 0.258105 0.0386534 0
 0.158088 0.579412 0.248529 0.0139706 0
 0.0477256 0.309471 0.559284 0.082774 0.000745712
 0.0406174 0.521527 0.379366 0.0568643 0.0016247
 0.151134 0.462217 0.34131 0.0453401 0
 0.294876 0.26143 0.354403 0.0886775 0.000613685
 0.281977 0.475581 0.204845 0.0348837 0.00271318
 0.0841818 0.532909 0.334909 0.0458182 0.00218182
 0.115287 0.27431 0.454777 0.147771 0.00785563
pf_pred 
 0.430043 0.400016 0.151749 0.0181884 3.87555e-06
 0.450847 0.341388 0.145817 0.0553166 0.00663156
 0.296989 0.452326 0.155841 0.0665644 0.028279
 0.44706 0.283843 0.17314 0.0596525 0.0363039
 0.562022 0.276428 0.0829292 0.0505854 0.0280351
 0.373924 0.452098 0.109806 0.0329419 0.0312304
 0.653894 0.204145 0.102513 0.0248982 0.014551
 0.542738 0.369854 0.0515558 0.0258891 0.00996271
 0.667946 0.247503 0.0683884 0.00953299 0.00662923
 0.591325 0.339312 0.0517016 0.0142858 0.00337617
 0.395506 0.463013 0.117468 0.0178988 0.00611447
 0.425525 0.361512 0.16312 0.0413839 0.00845988
 0.589298 0.27075 0.0880708 0.0397389 0.0121428
 0.64709 0.287952 0.0428226 0.0139295 0.00820577
 0.748879 0.226274 0.0202737 0.00301499 0.00155847
 0.614711 0.354142 0.0280649 0.00251457 0.000567251
 0.473148 0.424553 0.0940297 0.00745164 0.000818268
 0.560925 0.304957 0.108076 0.0239366 0.00210523
 0.58737 0.312586 0.0694844 0.0246251 0.00593363
 0.619065 0.295448 0.0647607 0.0143956 0.00633106
 0.667134 0.266032 0.0518358 0.0113621 0.00363645
 0.568211 0.351265 0.0643562 0.0125397 0.00362833
 0.586762 0.307636 0.0859085 0.0157395 0.00395419
 0.579555 0.320257 0.0745849 0.0208281 0.00477466
 0.244744 0.569815 0.141252 0.0328962 0.0112923
 0.371771 0.264785 0.274206 0.0679731 0.0212644
pobs_RECLAS
 0 0 0 0 0
 0 0 0 0 0
 0 0 0 0 0
 0 0 0 0 0
 0.835266 0.146461 0.0176864 0.000547809 3.91292e-05
 0.385257 0.428462 0.181853 0.0044286 0
 0.867414 0.0963971 0.0333333 0.00285562 0
 0.441836 0.489002 0.0689373 0.000224442 0
 0.779404 0.147425 0.0564933 0.0165055 0.000172143
 0.814271 0.122319 0.05973 0.00367925 0
 0.40263 0.566651 0.0304383 0.000280538 0
 0.475488 0.404961 0.113038 0.00651328 0
 0.955842 0.0263864 0.0167828 0.000988607 0
 0.975058 0.0227948 0.00214734 0 0
 0.738997 0.206755 0.0527124 0.00153531 0
 0.850938 0.134255 0.0134407 0.00136685 0
 0.542534 0.407297 0.0501686 0 0
 0.764087 0.199537 0.0359546 0.000420521 0
 0.470689 0.182191 0.310203 0.0369168 0
 0.84361 0.089868 0.0606195 0.00523954 0.000663233
 0.607945 0.314616 0.071237 0.00620181 0
 0.523733 0.453247 0.0230204 0 0
 0.530135 0.295979 0.169645 0.0042399 0
 0.562478 0.366248 0.0663022 0.0049721 0
 0.250443 0.683176 0.0655157 0.000865301 0
 0.195077 0.31981 0.436473 0.0351445 0.0134964
ppred_RECLAS
 0.43279 0.398088 0.151017 0.0181007 3.85687e-06
 0.453986 0.339437 0.144983 0.0550005 0.00659366
 0.304881 0.447248 0.154092 0.0658172 0.0279615
 0.448775 0.282963 0.172603 0.0594675 0.0361913
 0.562353 0.276219 0.0828665 0.0505472 0.0280139
 0.380892 0.447066 0.108583 0.0325753 0.0308828
 0.657468 0.202036 0.101454 0.0246411 0.0144007
 0.551358 0.362882 0.050584 0.0254011 0.00977492
 0.674951 0.242282 0.0669457 0.00933189 0.00648938
 0.595561 0.335794 0.0511657 0.0141377 0.00334117
 0.406653 0.454475 0.115301 0.0175687 0.00600172
 0.437299 0.354102 0.159777 0.0405358 0.0082865
 0.611706 0.255978 0.0832656 0.0375708 0.0114803
 0.703559 0.241877 0.0359705 0.0117007 0.00689277
 0.777947 0.200082 0.0179271 0.002666 0.00137808
 0.625786 0.343962 0.0272582 0.00244229 0.000550945
 0.483297 0.416374 0.0922183 0.00730809 0.000802505
 0.569029 0.299328 0.106081 0.0234948 0.00206637
 0.594961 0.306836 0.0682062 0.0241721 0.00582448
 0.626884 0.289384 0.0634314 0.0141001 0.00620112
 0.669597 0.264063 0.0514522 0.0112781 0.00360953
 0.571608 0.348501 0.0638499 0.012441 0.00359979
 0.590813 0.30462 0.0850663 0.0155852 0.00391543
 0.583213 0.317471 0.073936 0.0206469 0.00473312
 0.247807 0.567505 0.140679 0.0327628 0.0112465
 0.377721 0.262277 0.271609 0.0673293 0.021063
pobs_PELACES
 0 0 0 0 0
 0 0 0 0 0
 0 0 0 0 0
 0 0 0 0 0
 0 0 0 0 0
 0 0 0 0 0
 0 0 0 0 0
 0 0 0 0 0
 0 0 0 0 0
 0 0 0 0 0
 0.450072 0.473896 0.0757376 0.000293798 0
 0 0 0 0 0
 0.463077 0.371075 0.160297 0.00555027 0
 0.529543 0.364841 0.0842815 0.0213345 0
 0.631943 0.363953 0.00410389 0 0
 0.735681 0.248677 0.0153453 0.000297389 0
 0.695825 0.281241 0.0229344 0 0
 0.275771 0.60734 0.115278 0.00161068 0
 0 0 0 0 0
 0.896147 0.0623911 0.0374545 0.00400742 0
 0.803859 0.145111 0.0509908 3.86294e-05 0
 0.739449 0.233085 0.0266225 0.000797448 4.60066e-05
 0.878498 0.100942 0.0204185 0.000141795 0
 0.694673 0.275183 0.0284847 0.00165964 0
 0.469039 0.446079 0.0841089 0.000773354 0
 0.822795 0.102175 0.0682046 0.00682512 0
ppred_PELACES
 0.444807 0.389654 0.147818 0.0177172 3.77516e-06
 0.467372 0.331115 0.141429 0.0536521 0.00643201
 0.331263 0.430274 0.148244 0.0633193 0.0269003
 0.456888 0.278798 0.170062 0.0585922 0.0356586
 0.564156 0.275081 0.082525 0.0503389 0.0278985
 0.405433 0.429345 0.104279 0.031284 0.0296587
 0.671788 0.19359 0.0972126 0.023611 0.0137987
 0.579691 0.339965 0.0473894 0.0237969 0.0091576
 0.698199 0.224954 0.0621577 0.00866446 0.00602525
 0.612206 0.321975 0.0490599 0.0135559 0.00320366
 0.441104 0.428087 0.108607 0.0165486 0.00565325
 0.473108 0.331568 0.149609 0.0379562 0.00775916
 0.6637 0.221701 0.072116 0.0325399 0.00994307
 0.784878 0.175526 0.0261031 0.00849094 0.00500195
 0.828246 0.15476 0.0138662 0.0020621 0.00106592
 0.658499 0.313894 0.0248754 0.00222879 0.000502783
 0.515484 0.390437 0.0864737 0.00685284 0.000752514
 0.596025 0.280578 0.0994363 0.0220231 0.00193693
 0.620516 0.287477 0.0639028 0.022647 0.00545699
 0.65264 0.269408 0.0590528 0.0131268 0.00577306
 0.680236 0.255561 0.0497955 0.0109149 0.00349331
 0.585715 0.337025 0.0617473 0.0120313 0.00348124
 0.606921 0.292628 0.0817177 0.0149717 0.0037613
 0.598125 0.306113 0.0712907 0.0199082 0.00456378
 0.260375 0.558022 0.138328 0.0322154 0.0110586
 0.399545 0.253079 0.262084 0.064968 0.0203243
pobs_pel_tallas
 0 0 0 0 0 0 0 0 0 0 0 0 0 0 0 0 0 0 0 0 0 0 0 0 0 0 0 0 0 0 0 0 0 0 0 0
 0 0 0 0 0 0 0 0 0 0 0 0 0 0 0 0 0 0 0 0 0 0 0 0 0 0 0 0 0 0 0 0 0 0 0 0
 0 0 0 0 0 0 0 0 0 0 0 0 0 0 0 0 0 0 0 0 0 0 0 0 0 0 0 0 0 0 0 0 0 0 0 0
 0 0 0 0 0 0 0 0 0 0 0 0 0 0 0 0 0 0 0 0 0 0 0 0 0 0 0 0 0 0 0 0 0 0 0 0
 0 0 0 0 0 0 0 0 0 0 0 0 0 0 0 0 0 0 0 0 0 0 0 0 0 0 0 0 0 0 0 0 0 0 0 0
 0 0 0 0 0 0 0 0 0 0 0 0 0 0 0 0 0 0 0 0 0 0 0 0 0 0 0 0 0 0 0 0 0 0 0 0
 0 0 0 0 0 0 0 0 0 0 0 0 0 0 0 0 0 0 0 0 0 0 0 0 0 0 0 0 0 0 0 0 0 0 0 0
 0 0 0 0 0 0 0 0 0 0 0 0 0 0 0 0 0 0 0 0 0 0 0 0 0 0 0 0 0 0 0 0 0 0 0 0
 0 0 0 0 0 0 0 0 0 0 0 0 0 0 0 0 0 0 0 0 0 0 0 0 0 0 0 0 0 0 0 0 0 0 0 0
 0 0 0 0 0 0 0 0 0 0 0 0 0 0 0 0 0 0 0 0 0 0 0 0 0 0 0 0 0 0 0 0 0 0 0 0
 0 0 0 0 0 0 0 0 1.78061e-05 0.00172719 0.00360574 0.0105946 0.0120993 0.0124554 0.0147524 0.0171206 0.0266825 0.0428682 0.0675386 0.121331 0.153587 0.119568 0.100827 0.0573624 0.0630603 0.0341343 0.0324427 0.0444173 0.0211091 0.0280891 0.0125444 0.00206551 0 0 0 0
 0 0 0 0 0 0 0 0 0 0 0 0 0 0 0 0 0 0 0 0 0 0 0 0 0 0 0 0 0 0 0 0 0 0 0 0
 0 0 0 0 0 0 0.0133647 0.0140871 0.0187388 0.0205184 0.03894 0.0496705 0.03968 0.0493445 0.0407372 0.0367815 0.0215668 0.0243155 0.0234873 0.0199281 0.019796 0.0243948 0.0301388 0.0376714 0.0412746 0.0863199 0.0771752 0.113111 0.0741005 0.0525337 0.0229764 0.00759418 0.00175318 0 0 0
 0 0 0 0 0 0 0 0 0 0 0.00219441 0.00772107 0.0458388 0.0604681 0.0671733 0.0775358 0.0609151 0.0617685 0.073594 0.0568108 0.0755445 0.0548602 0.0670107 0.0636378 0.0643287 0.046367 0.0373049 0.0286899 0.0247887 0.0153202 0.00654259 0.00121912 0.000365735 0 0 0
 0 0 0 0 0 0 0 0 0 0 0 0 0.000112435 0.00938835 0.0111873 0.0202946 0.0414886 0.0713402 0.111592 0.104902 0.108894 0.110636 0.117776 0.105296 0.107544 0.0401394 0.0192827 0.0124803 0.00416011 0.0028671 0.000618394 0 0 0 0 0
 0 0 0 0 0 0 0 0 0 0 0.00291406 0.0102884 0.027416 0.0768956 0.0749926 0.110853 0.0956884 0.0897413 0.0766577 0.0534642 0.0500743 0.0551293 0.0594112 0.0620874 0.0668451 0.0424026 0.0208742 0.0120726 0.0048766 0.00582813 0.00118941 0.000297354 0 0 0 0
 0 0.00264628 0.0354308 0.0461629 0.0458689 0.0383711 0.0214643 0.0164657 0.0346957 0.0420465 0.0363128 0.0245516 0.0311673 0.0291091 0.0169068 0.0133784 0.00837989 0.0085269 0.0148486 0.0160247 0.0276389 0.0546898 0.0760071 0.122758 0.109233 0.0665981 0.0333725 0.0166128 0.00676272 0.00308733 0.000882094 0 0 0 0 0
 0 0 0 0 0 0 0 0.000805153 0.000690131 0.00759144 0.0133425 0.0154129 0.00931677 0.000345066 0.00356568 0.00563607 0.00851162 0.0253048 0.0502646 0.0516448 0.0657925 0.0565908 0.0611916 0.0827007 0.0866115 0.110766 0.145733 0.0935128 0.0569358 0.0249597 0.0138026 0.00621118 0.00161031 0.00115022 0 0
 0 0 0 0 0 0 0 0 0 0 0 0 0 0 0 0 0 0 0 0 0 0 0 0 0 0 0 0 0 0 0 0 0 0 0 0
 0.00147267 0.00158595 0.00478618 0.00569244 0.00954404 0.0108468 0.00647125 0.017049 0.0510054 0.094081 0.124002 0.0959785 0.0687766 0.0820023 0.061753 0.0591476 0.0492212 0.0479892 0.0443925 0.0268479 0.0217502 0.0140895 0.0121071 0.0120363 0.00920419 0.00665534 0.0049561 0.00860946 0.00930331 0.0156896 0.0114698 0.00855282 0.00243557 0.00046729 0 2.83206e-05
 0 0 0 0 0.000772559 0.00158375 0.000888443 0.00281984 0.00712685 0.0440552 0.0773331 0.111326 0.0921469 0.0852325 0.0710754 0.0886704 0.0786465 0.0553345 0.0373146 0.0185414 0.00753245 0.00457741 0.012979 0.0271748 0.0457355 0.0583668 0.034881 0.0177882 0.00938659 0.00492506 0.0015258 0.00185414 0.000309023 5.79419e-05 3.86279e-05 0
 0 0.00173294 0.00326652 0 0.00397197 0.00683976 0.00946217 0.0152591 0.00757587 0.0136028 0.0228656 0.0392903 0.0559909 0.0764795 0.0681675 0.0726916 0.0566044 0.0477403 0.0527397 0.0444891 0.0609904 0.0582453 0.0661739 0.0445044 0.0529084 0.0360697 0.0280645 0.0235558 0.0158879 0.00826598 0.00280645 0.00217768 0.000904811 0.00058276 9.20147e-05 0
 0 0 0 0 0 0 0 0 0 0 0 0 0 0 0 0 0 0 0 0 0 0 0 0 0 0 0 0 0 0 0 0 0 0 0 0
 0 0 0 0 0 0 0 0 0 0 0 0 0 0 0 0 0 0 0 0 0 0 0 0 0 0 0 0 0 0 0 0 0 0 0 0
 0 0 0 0 0 0 0 0 0 0 0 0 0 0 0 0 0 0 0 0 0 0 0 0 0 0 0 0 0 0 0 0 0 0 0 0
 0 0 0 0 0 0 0 0 0 0 0 0 0 0 0 0 0 0 0 0 0 0 0 0 0 0 0 0 0 0 0 0 0 0 0 0
ppred_pel_tallas
 1.02835e-16 1.94245e-05 0.000113963 0.000541641 0.0020852 0.00650236 0.0164248 0.0336096 0.0557207 0.0748584 0.0815323 0.0720874 0.0519738 0.0310823 0.0164885 0.00965974 0.00861597 0.0109659 0.0152022 0.0205492 0.0264772 0.0324273 0.0377721 0.0419028 0.0443542 0.0449049 0.0436174 0.0408022 0.0369242 0.0324862 0.0279268 0.0235615 0.0195715 0.016029 0.0129377 0.0102714
 1.0426e-16 2.04059e-05 0.000119731 0.000569074 0.00219084 0.00683183 0.0172569 0.0353118 0.0585403 0.0786396 0.0856323 0.075669 0.0544616 0.0323809 0.0168331 0.00932696 0.00775068 0.00957209 0.0132121 0.017895 0.0231443 0.0284882 0.0334007 0.0373671 0.0399859 0.041052 0.0405899 0.0388247 0.0361061 0.0328145 0.0292807 0.0257418 0.0223365 0.0191284 0.0161406 0.0133845
 1.05678e-16 1.44749e-05 8.49018e-05 0.000403472 0.0015532 0.00484333 0.0122343 0.0250359 0.0415108 0.0557815 0.0607899 0.0538319 0.0389949 0.0236875 0.0132368 0.00880435 0.00898586 0.0120553 0.0169081 0.022927 0.0296097 0.0363687 0.0425276 0.0474261 0.0505577 0.0516774 0.0508435 0.048376 0.0447534 0.0404861 0.0360083 0.0316194 0.0274789 0.0236403 0.0201005 0.0168431
 1.06185e-16 1.99467e-05 0.00011704 0.000556289 0.00214164 0.00667839 0.0168693 0.0345183 0.0572237 0.0768674 0.0836933 0.0739337 0.0531652 0.0315153 0.0162109 0.00871253 0.00694413 0.0084276 0.011632 0.0158333 0.0206226 0.0256135 0.0303722 0.0344637 0.0375327 0.0393712 0.0399475 0.0393851 0.0379069 0.035765 0.0331827 0.0303256 0.0273027 0.0241863 0.0210377 0.0179246
 1.04295e-16 2.46237e-05 0.000144499 0.000686835 0.00264427 0.00824585 0.0208285 0.0426191 0.0706505 0.0948956 0.103302 0.0912066 0.0654786 0.0385975 0.0194508 0.00979666 0.00702143 0.00801762 0.0108616 0.0146524 0.0189141 0.0232367 0.0271848 0.0303399 0.0323834 0.0331637 0.0327217 0.0312627 0.0290897 0.0265214 0.0238242 0.0211751 0.0186611 0.016303 0.0140891 0.0120048
 1.04081e-16 1.7709e-05 0.000103889 0.000493738 0.00190075 0.00592716 0.0149719 0.0306372 0.050795 0.0682475 0.0743492 0.0657774 0.0475136 0.0285931 0.0154926 0.00958058 0.00908235 0.011838 0.016472 0.0222446 0.0286049 0.0349459 0.0405844 0.0448651 0.0472996 0.0476759 0.0460982 0.0429415 0.0387423 0.0340635 0.029379 0.0250079 0.0211069 0.0177044 0.0147546 0.0121874
 1.029e-16 2.93138e-05 0.000172041 0.000817788 0.0031485 0.00981829 0.0248003 0.050745 0.0841169 0.112971 0.122946 0.108473 0.077706 0.045466 0.0222844 0.0101936 0.00602056 0.00602123 0.00789852 0.0106292 0.0137614 0.0169804 0.0199721 0.022433 0.0241235 0.0249158 0.0248133 0.0239347 0.0224718 0.0206356 0.018612 0.0165363 0.0144916 0.0125214 0.0106486 0.00889144
 1.0203e-16 2.53037e-05 0.000148485 0.000705773 0.00271717 0.00847315 0.0214027 0.0437945 0.0726004 0.0975191 0.10617 0.0937665 0.0673771 0.0398381 0.0202988 0.010584 0.00802292 0.00942603 0.0128004 0.0171767 0.0219931 0.0267329 0.0308459 0.0338155 0.0352674 0.035056 0.0332954 0.0303203 0.0265953 0.0226017 0.0187409 0.0152787 0.0123369 0.00992113 0.00796718 0.00638474
 1.01535e-16 3.04666e-05 0.000178806 0.000849947 0.00327231 0.0102044 0.0257755 0.0527406 0.0874254 0.117416 0.127787 0.112755 0.0807943 0.0473152 0.0232678 0.0107694 0.00652451 0.00663849 0.00871117 0.0116545 0.0149624 0.0182636 0.0211874 0.0233857 0.024599 0.0247135 0.0237829 0.0220055 0.0196671 0.0170708 0.0144755 0.0120606 0.0099199 0.00807801 0.0065168 0.00520073
 1.01417e-16 2.67208e-05 0.000156806 0.000745337 0.0028695 0.00894821 0.0226027 0.0462495 0.0766691 0.102981 0.112107 0.0989885 0.0710826 0.0419348 0.021193 0.0107674 0.00782027 0.00897063 0.0121115 0.0162321 0.0207703 0.0252276 0.0290791 0.0318329 0.0331324 0.0328391 0.0310626 0.0281236 0.0244681 0.0205603 0.0167904 0.0134199 0.0105728 0.00826077 0.00642517 0.00497893
 1.02514e-16 1.92644e-05 0.000113021 0.000537152 0.0020679 0.00644842 0.0162886 0.0333312 0.0552602 0.0742431 0.080871 0.0715236 0.0516126 0.0309566 0.0165853 0.00996815 0.00915383 0.0117758 0.0163308 0.0220223 0.0282778 0.0344805 0.039941 0.0439994 0.0461658 0.0462296 0.0443022 0.0407718 0.0361942 0.031157 0.0261615 0.0215537 0.0175128 0.0140815 0.0112179 0.00884455
 1.03899e-16 2.06561e-05 0.0001212 0.000576055 0.00221772 0.00691565 0.0174686 0.035745 0.0592584 0.0796038 0.0866814 0.0765939 0.0551226 0.0327645 0.0170152 0.00940021 0.00777986 0.00958931 0.0132291 0.0179145 0.0231646 0.0285045 0.033405 0.0373479 0.0399285 0.0409393 0.0404042 0.0385499 0.0357302 0.0323325 0.0286961 0.0250674 0.0215942 0.0183466 0.0153515 0.0126201
 1.02679e-16 2.89622e-05 0.000169974 0.000807958 0.00311065 0.00970023 0.0245021 0.0501351 0.0831067 0.111617 0.121479 0.107194 0.076824 0.0450185 0.022192 0.0103638 0.00640856 0.00663217 0.00876025 0.0117635 0.0151625 0.0186016 0.0217218 0.0241814 0.0257207 0.0262163 0.0257025 0.0243496 0.0224105 0.0201537 0.0178082 0.0155313 0.0134063 0.0114596 0.00968641 0.00807372
 1.00954e-16 3.42442e-05 0.000200988 0.000955414 0.00367841 0.0114708 0.0289743 0.0592851 0.0982714 0.131975 0.143613 0.126672 0.0906648 0.0528899 0.0256252 0.0112126 0.00590877 0.00530533 0.0066951 0.00887848 0.0113496 0.0137903 0.0159067 0.0174301 0.0181664 0.0180402 0.0171104 0.0155506 0.0136016 0.0115137 0.00949628 0.00768886 0.00615625 0.00490288 0.00389618 0.00308924
 1.00369e-16 3.61343e-05 0.000212087 0.00100818 0.00388159 0.0121044 0.0305747 0.0625596 0.103698 0.13926 0.151533 0.133639 0.0956111 0.0556937 0.0268307 0.0114781 0.00566997 0.00474224 0.00583383 0.00768718 0.00979191 0.01185 0.0135976 0.0147976 0.0152824 0.0149921 0.0139888 0.012438 0.0105661 0.00860671 0.0067552 0.00514097 0.0038226 0.00280019 0.00203672 0.00147939
 1.00556e-16 2.8739e-05 0.000168656 0.000801673 0.00308641 0.00962464 0.0243113 0.0497453 0.0824631 0.11076 0.120566 0.106438 0.0763865 0.0449724 0.0225583 0.0111812 0.00776956 0.00867096 0.0116109 0.0155072 0.0197762 0.0239191 0.0274196 0.0297998 0.0307208 0.0300638 0.0279585 0.0247453 0.0208884 0.0168669 0.0130811 0.00979624 0.00713184 0.00508699 0.00358368 0.00251068
 1.01626e-16 2.25062e-05 0.000132056 0.000627657 0.00241638 0.00753515 0.0190335 0.0389472 0.0645676 0.0867374 0.0944533 0.0834709 0.0600922 0.0357583 0.0186402 0.0104023 0.00871088 0.0107602 0.0147834 0.0198857 0.0254892 0.0310149 0.0358289 0.0393294 0.041074 0.0408803 0.0388638 0.0353963 0.0310042 0.0262421 0.021582 0.017349 0.0137086 0.0106945 0.00825686 0.00630913
 1.02351e-16 2.60137e-05 0.000152658 0.000725625 0.00279362 0.00871159 0.0220049 0.0450262 0.0746404 0.100254 0.109132 0.096347 0.0691542 0.0407342 0.0204718 0.0102181 0.00720467 0.0081416 0.0109909 0.0147974 0.0190582 0.0233435 0.0271981 0.0301851 0.0319723 0.0324026 0.0315228 0.0295564 0.0268366 0.0237211 0.0205198 0.0174525 0.0146423 0.0121344 0.00992742 0.00800083
 1.02034e-16 2.70818e-05 0.000158929 0.000755434 0.00290839 0.00906949 0.022909 0.046876 0.0777065 0.104371 0.113611 0.100297 0.0719775 0.0423735 0.0212504 0.0105299 0.00732206 0.00819343 0.0110138 0.0147819 0.0189701 0.0231318 0.0268 0.0295336 0.0310068 0.0310817 0.0298353 0.0275292 0.024535 0.0212431 0.0179832 0.0149792 0.0123424 0.0100935 0.00819868 0.00660382
 1.01647e-16 2.84818e-05 0.00016715 0.000794521 0.00305889 0.00953882 0.0240944 0.0493014 0.0817261 0.109767 0.119477 0.105455 0.0756369 0.0444421 0.0221289 0.0107025 0.00710775 0.00772128 0.0102997 0.0138006 0.0176962 0.0215588 0.0249479 0.0274494 0.0287583 0.0287474 0.0274925 0.0252436 0.0223553 0.0192001 0.0160931 0.013249 0.0107748 0.00869032 0.00696163 0.00553341
 1.01329e-16 2.96846e-05 0.000174212 0.000828099 0.00318818 0.00994201 0.0251129 0.051385 0.0851793 0.114402 0.124516 0.109888 0.0787831 0.0462238 0.0228917 0.0108641 0.00694417 0.00734546 0.0097267 0.0130089 0.0166622 0.0202727 0.0234205 0.025713 0.0268633 0.0267546 0.025465 0.023239 0.0204204 0.0173696 0.0143908 0.0116905 0.00937012 0.00744526 0.00587855 0.00461082
 1.01563e-16 2.55664e-05 0.000150027 0.000713104 0.00274539 0.00856118 0.0216251 0.0442494 0.0733544 0.0985313 0.10727 0.0947352 0.0680661 0.0402312 0.0204728 0.0106326 0.0080096 0.00938004 0.0127308 0.0170855 0.0218819 0.0266053 0.0307072 0.0336708 0.0351194 0.0349018 0.0331252 0.0301174 0.0263376 0.0222664 0.0183095 0.0147417 0.0116969 0.00919438 0.007181 0.00557391
 1.01946e-16 2.64893e-05 0.000155449 0.000738891 0.0028447 0.00887085 0.0224072 0.0458494 0.0760052 0.102087 0.111128 0.0981122 0.0704261 0.0414931 0.0208704 0.0104437 0.00739351 0.00836721 0.0112841 0.0151628 0.0194787 0.0237805 0.0275916 0.0304596 0.0320464 0.032203 0.0309981 0.0286884 0.0256449 0.0222612 0.018874 0.0157175 0.012915 0.0105 0.00845091 0.00672318
 1.0201e-16 2.61062e-05 0.000153199 0.000728192 0.0028035 0.00874237 0.0220827 0.0451856 0.0749052 0.100611 0.109526 0.0967068 0.0694381 0.0409527 0.0206754 0.0104719 0.00756992 0.00866943 0.0117185 0.0157406 0.0202016 0.0246316 0.0285336 0.0314369 0.0329935 0.0330551 0.0317034 0.0292167 0.0259918 0.0224464 0.0189346 0.0156985 0.0128603 0.010445 0.00841894 0.00672493
 1.0377e-16 1.13891e-05 6.67735e-05 0.000317261 0.00122122 0.00380804 0.00961938 0.0196866 0.0326479 0.0438915 0.0478845 0.0425275 0.0310753 0.019413 0.0118101 0.00927543 0.010798 0.0150834 0.0212605 0.0287458 0.036935 0.0450594 0.0522292 0.0575873 0.0604965 0.0606823 0.0582876 0.0538135 0.0479775 0.0415366 0.0351339 0.0292111 0.0239934 0.0195317 0.0157703 0.012611
 1.06985e-16 1.74455e-05 0.000102357 0.00048649 0.0018729 0.00584035 0.0147524 0.0301869 0.0500439 0.067225 0.0732003 0.0646777 0.0465386 0.0276474 0.0143354 0.0078958 0.00653381 0.00810678 0.011302 0.0155105 0.0203923 0.0256151 0.0307884 0.0355 0.0393853 0.0421887 0.0437939 0.0442157 0.0435626 0.0419882 0.0396526 0.0367035 0.0332783 0.0295148 0.0255624 0.0215821
pSPR Fmed_Fpbrs
0.370712   0.255738 0.255738
Fs Fmed_Fpbrs
0.64   1.005 1.005
SSBpbr Bo_Bmed_Bpbrs
963585  309034  198246 198246
Ro
29216
SPR SPRFo_SPRFmed_SPRFpbrs
603437 223702 154322
log_Ro
10.1025
likeval ReclasPelacesDesembMPH_pf_preclas_ppelaces_ptallas_desvR_qrecl_qpela
 69.4198 0.00280885 0.0200798 71.2232 396.844 199.041 55.9338 0 18.034 0 0 0 0 0 0
q_reclas_q_pelaces
1 1
M
0.7
N
 40013 19814.5 7516.79 900.949 0.191973
 42250.3 17138.4 7320.33 2777.02 332.92
 20204.9 17820.3 6139.68 2622.44 1114.11
 20945.7 6939.23 4232.81 1458.35 887.534
 37927.9 9418.82 2825.67 1723.61 955.248
 26857.5 18420.7 4474.01 1342.21 1272.48
 57657.7 9764.69 4903.4 1190.94 696.006
 60130.3 23566.6 3285.07 1649.62 634.811
 99575.4 21051.6 5816.84 810.837 563.855
 113765 35638.3 5430.28 1500.46 354.603
 66113.4 45752.7 11607.6 1768.67 604.202
 42477.9 21406.3 9658.85 2450.47 500.937
 46252.4 13615.8 4429 1998.43 610.653
 35183.8 11603 1725.53 561.29 330.651
 22747.6 4746.87 425.312 63.2499 32.6943
 12579.7 4289.88 339.963 30.4601 6.87135
 7748.76 4057.15 898.576 71.21 7.8196
 8369.1 2604.52 923.036 204.433 17.9799
 9785.79 2968.53 659.87 233.856 56.3497
 12842.7 3511.36 769.672 171.089 75.2438
 21416.8 4544.93 885.57 194.113 62.1256
 27591.8 9181.9 1682.24 327.781 94.8429
 40291.8 11497.9 3210.84 588.268 147.789
 54641.8 16329 3802.87 1061.97 243.446
 17777.6 22508.4 5579.61 1299.44 446.059
 18095.5 7220.74 7477.65 1853.64 579.883
pred_Ctot
 3989.59 3711.03 1407.8 168.737 0.0359543
 4620.58 3498.77 1494.43 566.921 67.9646
 4576.92 6970.81 2401.68 1025.83 435.808
 1431.04 908.585 554.222 190.948 116.209
 599.979 295.097 88.5299 54.0018 29.9285
 5267.04 6368.2 1546.71 464.016 439.908
 7418.52 2316.05 1163.02 282.474 165.083
 13014.8 8869.03 1236.3 620.815 238.904
 20378.6 7551.18 2086.49 290.846 202.254
 15745.8 9035.17 1376.71 380.402 89.9004
 16955.7 19849.7 5035.92 767.334 262.132
 11104.8 9434.26 4256.89 1079.98 220.775
 17109.7 7860.99 2557.06 1153.79 352.557
 19800.5 8811.14 1310.34 426.233 251.091
 10712.6 3236.82 290.014 43.1291 22.2937
 3250.55 1872.68 148.406 13.2969 2.99959
 1841.46 1652.33 365.958 29.0013 3.18464
 1753.23 953.176 337.803 74.8165 6.58011
 1989.16 1058.59 235.312 83.3941 20.0945
 2706.08 1291.47 283.085 62.9265 27.6746
 2122.73 846.478 164.934 36.1528 11.5707
 3223.91 1993 365.144 71.1475 20.5864
 5391.22 2826.58 789.334 144.616 36.3314
 6771.94 3742.11 871.503 243.371 55.7905
 2354.95 5482.82 1359.14 316.531 108.656
 3213.34 2288.63 2370.06 587.515 183.795
F
 0.14788 0.295761 0.295761 0.295761 0.295761
 0.163276 0.326552 0.326552 0.326552 0.326552
 0.368735 0.737469 0.737469 0.737469 0.737469
 0.0992224 0.198445 0.198445 0.198445 0.198445
 0.022213 0.0444259 0.0444259 0.0444259 0.0444259
 0.311771 0.623543 0.623543 0.623543 0.623543
 0.194693 0.389386 0.389386 0.389386 0.389386
 0.349538 0.699075 0.699075 0.699075 0.699075
 0.327493 0.654985 0.654985 0.654985 0.654985
 0.210882 0.421765 0.421765 0.421765 0.421765
 0.427688 0.855375 0.855375 0.855375 0.855375
 0.437755 0.875511 0.875511 0.875511 0.875511
 0.682845 1.36569 1.36569 1.36569 1.36569
 1.3031 2.6062 2.6062 2.6062 2.6062
 0.968203 1.93641 1.93641 1.93641 1.93641
 0.431601 0.863203 0.863203 0.863203 0.863203
 0.390284 0.780568 0.780568 0.780568 0.780568
 0.336481 0.672961 0.672961 0.672961 0.672961
 0.324929 0.649858 0.649858 0.649858 0.649858
 0.338763 0.677526 0.677526 0.677526 0.677526
 0.146943 0.293885 0.293885 0.293885 0.293885
 0.17535 0.3507 0.3507 0.3507 0.3507
 0.203206 0.406411 0.406411 0.406411 0.406411
 0.186912 0.373823 0.373823 0.373823 0.373823
 0.200985 0.40197 0.40197 0.40197 0.40197
 0.278391 0.556783 0.556783 0.556783 0.556783
Np
 18706.3 5620.15 1236.48 373.504 457.102
YTP_r0W_actual
 47608.9 88456.8 127308 37011.9 12585.4
YTP_p0W_proyectada
 44841 70864.8 31118.1 41154 14542.7
 44841 58548.7 18725.5 7223.64 9810.45
CTP_r0_actual
 5289.87 3482.55 3606.46 894.007 279.677
CTP_p0_proyectada
 5468.42 3280.78 991.023 1026.28 326.802
 5468.42 2710.59 596.354 180.141 220.46
Wmedp
 8.2 21.6 31.4 40.1 44.5
nmprior
 10.8 10.6 4.6 0
nm_flota  nm_reclas  nm_pelaces    nm_pelaL
inf 20.4809 10.2945 26.1606
cv_recla  cv_pelaces  cv_mph
0.737079 1.93523 0.689073
 ------------------------------------------------
Talla a la edad & desviaci?n 
 7.2 14.2025 17.0495 18.207 18.6776
 1.08 2.13037 2.55742 2.73105 2.80164
