years
 1997 1998 1999 2000 2001 2002 2003 2004 2005 2006 2007 2008 2009 2010 2011 2012 2013 2014 2015 2016 2017 2018 2019 2020
reclasobs
 0 0 0 370054 412103 1.49427e+06 250295 1.28982e+06 931140 785840 897777 1.04006e+06 184774 17550 25797 100020 73551 82996 120727 218422 84188 347160 605670 569463
reclaspred
 498650 127741 318490 203882 308553 362513 782395 562291 735904 800002 691768 474465 266585 102704 73150.5 72668.5 79021.1 104167 116131 152503 241835 258349 473718 560571
pelacesobs
 0 0 0 0 0 0 0 0 0 2.06254e+06 1.5e+06 0 1.87456e+06 323000 250000 174000 83755 137374 0 501740 490994 745055 786931 1.00524e+06
pelacespred
 1.63402e+06 408653 544251 603727 806247 740017 1.8326e+06 1.53761e+06 1.85514e+06 2.09522e+06 1.5626e+06 1.107e+06 587415 173949 130183 148054 165847 227258 260348 329881 614476 641324 941353 1.3006e+06
mphobs
 0 0 0 0 0 0 112323 0 153150 637223 0 255016 313432 73983 77613 109348 50772 17779 17303 59886 28197 0 207744 136588
mphpred
 179651 98406.4 107620 99128 108015 171415 235882 298588 284081 355671 364288 252262 145730 102363 48639.3 45013.1 44636.5 56656.3 31009.6 33781 52915.2 73577.5 101072 147983
desembarqueobs
 350755 77701 442110 56441 14545 235359 269955 359681 431902 328805 639364 411747 362871 311530 167758 66681 60226 58785 57116 73181 50977 67692 138656 160484
desembarquepred
 350761 77699 442086 56445 14545.4 235492 270028 359633 431850 328807 639380 411815 363094 311448 167537 66680.7 60262.1 58785.5 57098.3 73183.2 50976.9 67678.3 138655 160490
Reclutas
 35954.6 43463 20974.1 28710.8 48307.6 33249.1 68916 71663.6 114999 114896 64389.4 43554.9 41309 28375.3 16485.9 12764.4 8865.26 11328.4 12649.5 17721.7 28917 42082.6 57595.9 63554.9
log_desv_Rt
 0.0482486 0.237902 -0.49072 -0.176735 0.343581 -0.0299805 0.698881 0.737975 1.21092 1.21002 0.630941 0.240014 0.187074 -0.188489 -0.731499 -0.98735 -1.35187 -1.1067 -0.996389 -0.659219 -0.169579 0.205626 0.519444 0.617896
SSB
 439727 240867 263417 242633 264384 419569 559647 721035 677125 851576 891659 617455 370863 168449 84042.7 77206.6 80378.4 96432 122002 141005 206663 279609 395394 551514
BT
 1.524e+06 368940 622237 430924 520812 598992 1.47643e+06 1.3881e+06 1.69839e+06 1.64585e+06 1.51924e+06 1.0437e+06 737547 410950 233696 150021 156608 195805 205165 268874 445431 435516 656983 909968
Ftot
 1.01197 0.928332 1.62834 0.366235 0.0675391 0.698713 0.476688 0.90225 0.935166 0.580072 1.04455 0.93733 1.59886 3.71504 3.56419 1.2906 1.03249 0.771633 0.618526 0.638489 0.302502 0.333091 0.349186 0.351654
BD_Bspro_t
 0.907804 0.633373 0.549443 0.357646 0.503156 0.671081 0.600323 0.628327 0.578056 0.58494 0.562899 0.401788 0.290625 0.175709 0.108853 0.120681 0.168049 0.255041 0.357126 0.450546 0.574327 0.705457 0.739049 0.741926
BD_Bspro
 0.623767 0.341677 0.373666 0.344183 0.375038 0.595172 0.793877 1.02281 0.960524 1.20799 1.26485 0.87588 0.526081 0.23895 0.119217 0.10952 0.114019 0.136792 0.173064 0.20002 0.293158 0.396634 0.560879 0.782341
BD_Bo
 0.564647 0.309293 0.33825 0.311561 0.339492 0.538762 0.718634 0.92587 0.869486 1.0935 1.14497 0.792864 0.476219 0.216302 0.107918 0.0991398 0.103213 0.123827 0.156661 0.181062 0.265373 0.359041 0.507719 0.708191
BD_Brms
 1.54468 0.846121 0.925337 0.852326 0.928734 1.47387 1.96594 2.53287 2.37862 2.99143 3.13224 2.16901 1.30277 0.59173 0.295227 0.271213 0.282355 0.338748 0.428571 0.495325 0.725969 0.982216 1.38895 1.93737
S_f
 0.0994928 0.677338 0.975541 0.998682 0.999931
 0.0994928 0.677338 0.975541 0.998682 0.999931
 0.0994928 0.677338 0.975541 0.998682 0.999931
 0.0994928 0.677338 0.975541 0.998682 0.999931
 0.0994928 0.677338 0.975541 0.998682 0.999931
 0.0994928 0.677338 0.975541 0.998682 0.999931
 0.0994928 0.677338 0.975541 0.998682 0.999931
 0.0994928 0.677338 0.975541 0.998682 0.999931
 0.0994928 0.677338 0.975541 0.998682 0.999931
 0.0994928 0.677338 0.975541 0.998682 0.999931
 0.0994928 0.677338 0.975541 0.998682 0.999931
 0.0994928 0.677338 0.975541 0.998682 0.999931
 0.0994928 0.677338 0.975541 0.998682 0.999931
 0.0994928 0.677338 0.975541 0.998682 0.999931
 0.0994928 0.677338 0.975541 0.998682 0.999931
 0.0994928 0.677338 0.975541 0.998682 0.999931
 0.0994928 0.677338 0.975541 0.998682 0.999931
 0.0994928 0.677338 0.975541 0.998682 0.999931
 0.0994928 0.677338 0.975541 0.998682 0.999931
 0.0994928 0.677338 0.975541 0.998682 0.999931
 0.0994928 0.677338 0.975541 0.998682 0.999931
 0.0994928 0.677338 0.975541 0.998682 0.999931
 0.0994928 0.677338 0.975541 0.998682 0.999931
 0.0994928 0.677338 0.975541 0.998682 0.999931
Scru_reclas
 0.593382 0.880156 0.973657 0.994653 0.998933
 0.593382 0.880156 0.973657 0.994653 0.998933
 0.593382 0.880156 0.973657 0.994653 0.998933
 0.593382 0.880156 0.973657 0.994653 0.998933
 0.593382 0.880156 0.973657 0.994653 0.998933
 0.593382 0.880156 0.973657 0.994653 0.998933
 0.593382 0.880156 0.973657 0.994653 0.998933
 0.593382 0.880156 0.973657 0.994653 0.998933
 0.593382 0.880156 0.973657 0.994653 0.998933
 0.593382 0.880156 0.973657 0.994653 0.998933
 0.593382 0.880156 0.973657 0.994653 0.998933
 0.593382 0.880156 0.973657 0.994653 0.998933
 0.593382 0.880156 0.973657 0.994653 0.998933
 0.593382 0.880156 0.973657 0.994653 0.998933
 0.593382 0.880156 0.973657 0.994653 0.998933
 0.593382 0.880156 0.973657 0.994653 0.998933
 0.593382 0.880156 0.973657 0.994653 0.998933
 0.593382 0.880156 0.973657 0.994653 0.998933
 0.593382 0.880156 0.973657 0.994653 0.998933
 0.593382 0.880156 0.973657 0.994653 0.998933
 0.593382 0.880156 0.973657 0.994653 0.998933
 0.593382 0.880156 0.973657 0.994653 0.998933
 0.593382 0.880156 0.973657 0.994653 0.998933
 0.593382 0.880156 0.973657 0.994653 0.998933
Scru_pelaces
 0.590738 1 1 1 1
 0.590738 1 1 1 1
 0.590738 1 1 1 1
 0.590738 1 1 1 1
 0.590738 1 1 1 1
 0.590738 1 1 1 1
 0.590738 1 1 1 1
 0.590738 1 1 1 1
 0.590738 1 1 1 1
 0.590738 1 1 1 1
 0.590738 1 1 1 1
 0.590738 1 1 1 1
 0.590738 1 1 1 1
 0.590738 1 1 1 1
 0.590738 1 1 1 1
 0.590738 1 1 1 1
 0.590738 1 1 1 1
 0.590738 1 1 1 1
 0.590738 1 1 1 1
 0.590738 1 1 1 1
 0.590738 1 1 1 1
 0.590738 1 1 1 1
 0.590738 1 1 1 1
 0.590738 1 1 1 1
pf_obs 
 0.256992 0.487395 0.22802 0.0275931 0
 0.321318 0.546541 0.124235 0.00734118 0.000564706
 0.182869 0.594174 0.210203 0.0122559 0.00049798
 0.330522 0.361315 0.267642 0.0388342 0.00168674
 0.649043 0.306663 0.0425973 0.00169635 0
 0.582887 0.30429 0.105238 0.00758474 0
 0.465427 0.430635 0.0974691 0.00646863 0
 0.296916 0.608066 0.0921331 0.00288517 0
 0.311714 0.524322 0.152257 0.0117073 0
 0.15457 0.633149 0.183074 0.0267441 0.00246327
 0.131901 0.49318 0.331252 0.0422183 0.00144891
 0.196976 0.569456 0.194076 0.0375587 0.00193317
 0.518974 0.381816 0.0799577 0.0180837 0.00116848
 0.0928022 0.601141 0.25162 0.0475244 0.00691264
 0.122501 0.610282 0.24278 0.0234846 0.000952079
 0.383417 0.481906 0.127806 0.00687128 0
 0.0376549 0.599619 0.316969 0.0457579 0
 0.0361596 0.667082 0.258105 0.0386534 0
 0.158088 0.579412 0.248529 0.0139706 0
 0.0477256 0.309471 0.559284 0.082774 0.000745712
 0.0406174 0.521527 0.379366 0.0568643 0.0016247
 0.151134 0.462217 0.34131 0.0453401 0
 0.294876 0.26143 0.354403 0.0886775 0.000613685
 0.281977 0.475581 0.204845 0.0348837 0.00271318
pf_pred 
 0.299655 0.478114 0.198473 0.0237444 1.31111e-05
 0.279349 0.565939 0.121773 0.0295341 0.00340516
 0.147621 0.651779 0.172852 0.0220093 0.00573968
 0.247811 0.475147 0.239402 0.0326466 0.00499314
 0.26001 0.495159 0.176491 0.0592727 0.00906714
 0.140364 0.577929 0.209748 0.0522126 0.0197462
 0.285928 0.386747 0.251469 0.0569493 0.0189068
 0.229917 0.574429 0.126617 0.0533982 0.0156382
 0.313648 0.483185 0.169177 0.0222756 0.0117141
 0.226562 0.605973 0.134114 0.02794 0.0054107
 0.131332 0.583957 0.242396 0.034096 0.00821967
 0.136347 0.49106 0.29078 0.0700464 0.0117671
 0.208594 0.470954 0.221812 0.0775967 0.0210439
 0.276942 0.564983 0.117804 0.0282889 0.0119819
 0.31556 0.630062 0.0502364 0.00315761 0.000984523
 0.286636 0.650291 0.0614078 0.00154896 0.000116954
 0.188025 0.63021 0.172556 0.00897521 0.000233384
 0.247789 0.490948 0.223746 0.0356841 0.00183362
 0.228828 0.551618 0.165645 0.0463881 0.00752122
 0.258066 0.501109 0.192666 0.0366121 0.0115468
 0.281479 0.507427 0.162138 0.0394122 0.00954367
 0.252991 0.524818 0.17385 0.0373588 0.0109826
 0.235426 0.515698 0.194211 0.0430234 0.011642
 0.195093 0.528883 0.209127 0.0525155 0.0143819
pobs_RECLAS
 0 0 0 0 0
 0 0 0 0 0
 0 0 0 0 0
 0 0 0 0 0
 0.835266 0.146461 0.0176864 0.000547809 3.91292e-05
 0.385257 0.428462 0.181853 0.0044286 0
 0.867414 0.0963971 0.0333333 0.00285562 0
 0.441836 0.489002 0.0689373 0.000224442 0
 0.779404 0.147425 0.0564933 0.0165055 0.000172143
 0.814271 0.122319 0.05973 0.00367925 0
 0.40263 0.566651 0.0304383 0.000280538 0
 0.475488 0.404961 0.113038 0.00651328 0
 0.955842 0.0263864 0.0167828 0.000988607 0
 0.975058 0.0227948 0.00214734 0 0
 0.738997 0.206755 0.0527124 0.00153531 0
 0.850938 0.134255 0.0134407 0.00136685 0
 0.542534 0.407297 0.0501686 0 0
 0.764087 0.199537 0.0359546 0.000420521 0
 0.470689 0.182191 0.310203 0.0369168 0
 0.84361 0.089868 0.0606195 0.00523954 0.000663233
 0.607945 0.314616 0.071237 0.00620181 0
 0.523733 0.453247 0.0230204 0 0
 0.530135 0.295979 0.169645 0.0042399 0
 0.562478 0.366248 0.0663022 0.0049721 0
ppred_RECLAS
 0.692809 0.228602 0.0702272 0.00835747 4.62809e-06
 0.663617 0.279615 0.0447253 0.0107946 0.00124818
 0.48558 0.422166 0.079583 0.0100447 0.00262654
 0.627228 0.258208 0.0990325 0.0134664 0.00206582
 0.636584 0.263515 0.0720514 0.0241444 0.00370469
 0.457306 0.397256 0.108373 0.0268716 0.0101926
 0.678357 0.195944 0.0966223 0.0218126 0.00726333
 0.605219 0.315024 0.0516894 0.0216952 0.00637211
 0.704099 0.22549 0.0586695 0.00768715 0.00405414
 0.592904 0.336821 0.0563132 0.0116908 0.0022707
 0.444914 0.408183 0.12516 0.01751 0.00423331
 0.460782 0.344941 0.151768 0.0363801 0.00612917
 0.601944 0.268315 0.0900259 0.0312244 0.00849077
 0.733762 0.229424 0.0276161 0.0064581 0.00274007
 0.752639 0.235441 0.0110316 0.000676252 0.000211231
 0.670221 0.308038 0.0211702 0.000530419 4.01613e-05
 0.54357 0.376238 0.07615 0.00393957 0.000102735
 0.632094 0.263081 0.0898246 0.0142655 0.00073518
 0.600893 0.307013 0.0695362 0.0194027 0.00315522
 0.641067 0.263542 0.0763615 0.0144573 0.00457309
 0.661693 0.256851 0.0625957 0.0151748 0.00368568
 0.628966 0.280563 0.0708191 0.0151765 0.00447496
 0.608422 0.28637 0.0821381 0.0181451 0.00492482
 0.551325 0.321112 0.0966972 0.0242143 0.0066513
pobs_PELACES
 0 0 0 0 0
 0 0 0 0 0
 0 0 0 0 0
 0 0 0 0 0
 0 0 0 0 0
 0 0 0 0 0
 0 0 0 0 0
 0 0 0 0 0
 0 0 0 0 0
 0 0 0 0 0
 0.450072 0.473896 0.0757376 0.000293798 0
 0 0 0 0 0
 0.463077 0.371075 0.160297 0.00555027 0
 0.529543 0.364841 0.0842815 0.0213345 0
 0.631943 0.363953 0.00410389 0 0
 0.735681 0.248677 0.0153453 0.000297389 0
 0.695825 0.281241 0.0229344 0 0
 0.275771 0.60734 0.115278 0.00161068 0
 0 0 0 0 0
 0.896147 0.0623911 0.0374545 0.00400742 0
 0.803859 0.145111 0.0509908 3.86294e-05 0
 0.739449 0.233085 0.0266225 0.000797448 4.60066e-05
 0.878498 0.100942 0.0204185 0.000141795 0
 0.694673 0.275183 0.0284847 0.00165964 0
ppred_PELACES
 0.715533 0.222161 0.0558469 0.00645574 3.55818e-06
 0.68031 0.274062 0.0361677 0.00848454 0.00097649
 0.540775 0.39334 0.0571041 0.00696817 0.00181304
 0.622253 0.272622 0.0911741 0.0121022 0.00184831
 0.615702 0.287148 0.0705035 0.023115 0.00353146
 0.46862 0.406631 0.0936147 0.0226013 0.00853359
 0.681864 0.205246 0.0872972 0.0192214 0.0063718
 0.623513 0.311844 0.0423241 0.01727 0.00504877
 0.722475 0.220928 0.0473938 0.00603543 0.00316818
 0.594071 0.344822 0.049223 0.00995892 0.00192557
 0.474231 0.406859 0.101758 0.0138248 0.0033266
 0.489203 0.349537 0.126772 0.0295347 0.00495265
 0.660666 0.247765 0.0642074 0.0215349 0.005827
 0.838101 0.147265 0.0111174 0.00247377 0.00104349
 0.842646 0.152459 0.00454712 0.000265534 8.24646e-05
 0.697778 0.286155 0.0156573 0.000380248 2.86523e-05
 0.567694 0.368294 0.0608737 0.00305857 7.93854e-05
 0.646685 0.265141 0.0758506 0.0117227 0.000601353
 0.60621 0.314152 0.0605219 0.0164531 0.00266342
 0.648368 0.269321 0.0662464 0.0122178 0.00384712
 0.65194 0.272622 0.0582974 0.0138026 0.0033376
 0.620425 0.296406 0.0654524 0.0136954 0.00402041
 0.601342 0.302207 0.07571 0.0163285 0.00441213
 0.544683 0.338571 0.0890291 0.021765 0.00595203
pobs_pel_tallas
 0 0 0 0 0 0 0 0 0 0 0 0 0 0 0 0 0 0 0 0 0 0 0 0 0 0 0 0 0 0 0 0 0 0 0 0
 0 0 0 0 0 0 0 0 0 0 0 0 0 0 0 0 0 0 0 0 0 0 0 0 0 0 0 0 0 0 0 0 0 0 0 0
 0 0 0 0 0 0 0 0 0 0 0 0 0 0 0 0 0 0 0 0 0 0 0 0 0 0 0 0 0 0 0 0 0 0 0 0
 0 0 0 0 0 0 0 0 0 0 0 0 0 0 0 0 0 0 0 0 0 0 0 0 0 0 0 0 0 0 0 0 0 0 0 0
 0 0 0 0 0 0 0 0 0 0 0 0 0 0 0 0 0 0 0 0 0 0 0 0 0 0 0 0 0 0 0 0 0 0 0 0
 0 0 0 0 0 0 0 0 0 0 0 0 0 0 0 0 0 0 0 0 0 0 0 0 0 0 0 0 0 0 0 0 0 0 0 0
 0 0 0 0 0 0 0 0 0 0 0 0 0 0 0 0 0 0 0 0 0 0 0 0 0 0 0 0 0 0 0 0 0 0 0 0
 0 0 0 0 0 0 0 0 0 0 0 0 0 0 0 0 0 0 0 0 0 0 0 0 0 0 0 0 0 0 0 0 0 0 0 0
 0 0 0 0 0 0 0 0 0 0 0 0 0 0 0 0 0 0 0 0 0 0 0 0 0 0 0 0 0 0 0 0 0 0 0 0
 0 0 0 0 0 0 0 0 0 0 0 0 0 0 0 0 0 0 0 0 0 0 0 0 0 0 0 0 0 0 0 0 0 0 0 0
 0 0 0 0 0 0 0 0 1.78061e-05 0.00172719 0.00360574 0.0105946 0.0120993 0.0124554 0.0147524 0.0171206 0.0266825 0.0428682 0.0675386 0.121331 0.153587 0.119568 0.100827 0.0573624 0.0630603 0.0341343 0.0324427 0.0444173 0.0211091 0.0280891 0.0125444 0.00206551 0 0 0 0
 0 0 0 0 0 0 0 0 0 0 0 0 0 0 0 0 0 0 0 0 0 0 0 0 0 0 0 0 0 0 0 0 0 0 0 0
 0 0 0 0 0 0 0.0133647 0.0140871 0.0187388 0.0205184 0.03894 0.0496705 0.03968 0.0493445 0.0407372 0.0367815 0.0215668 0.0243155 0.0234873 0.0199281 0.019796 0.0243948 0.0301388 0.0376714 0.0412746 0.0863199 0.0771752 0.113111 0.0741005 0.0525337 0.0229764 0.00759418 0.00175318 0 0 0
 0 0 0 0 0 0 0 0 0 0 0.00219441 0.00772107 0.0458388 0.0604681 0.0671733 0.0775358 0.0609151 0.0617685 0.073594 0.0568108 0.0755445 0.0548602 0.0670107 0.0636378 0.0643287 0.046367 0.0373049 0.0286899 0.0247887 0.0153202 0.00654259 0.00121912 0.000365735 0 0 0
 0 0 0 0 0 0 0 0 0 0 0 0 0.000112435 0.00938835 0.0111873 0.0202946 0.0414886 0.0713402 0.111592 0.104902 0.108894 0.110636 0.117776 0.105296 0.107544 0.0401394 0.0192827 0.0124803 0.00416011 0.0028671 0.000618394 0 0 0 0 0
 0 0 0 0 0 0 0 0 0 0 0.00291406 0.0102884 0.027416 0.0768956 0.0749926 0.110853 0.0956884 0.0897413 0.0766577 0.0534642 0.0500743 0.0551293 0.0594112 0.0620874 0.0668451 0.0424026 0.0208742 0.0120726 0.0048766 0.00582813 0.00118941 0.000297354 0 0 0 0
 0 0.00264628 0.0354308 0.0461629 0.0458689 0.0383711 0.0214643 0.0164657 0.0346957 0.0420465 0.0363128 0.0245516 0.0311673 0.0291091 0.0169068 0.0133784 0.00837989 0.0085269 0.0148486 0.0160247 0.0276389 0.0546898 0.0760071 0.122758 0.109233 0.0665981 0.0333725 0.0166128 0.00676272 0.00308733 0.000882094 0 0 0 0 0
 0 0 0 0 0 0 0 0.000805153 0.000690131 0.00759144 0.0133425 0.0154129 0.00931677 0.000345066 0.00356568 0.00563607 0.00851162 0.0253048 0.0502646 0.0516448 0.0657925 0.0565908 0.0611916 0.0827007 0.0866115 0.110766 0.145733 0.0935128 0.0569358 0.0249597 0.0138026 0.00621118 0.00161031 0.00115022 0 0
 0 0 0 0 0 0 0 0 0 0 0 0 0 0 0 0 0 0 0 0 0 0 0 0 0 0 0 0 0 0 0 0 0 0 0 0
 0.00147267 0.00158595 0.00478618 0.00569244 0.00954404 0.0108468 0.00647125 0.017049 0.0510054 0.094081 0.124002 0.0959785 0.0687766 0.0820023 0.061753 0.0591476 0.0492212 0.0479892 0.0443925 0.0268479 0.0217502 0.0140895 0.0121071 0.0120363 0.00920419 0.00665534 0.0049561 0.00860946 0.00930331 0.0156896 0.0114698 0.00855282 0.00243557 0.00046729 0 2.83206e-05
 0 0 0 0 0.000772559 0.00158375 0.000888443 0.00281984 0.00712685 0.0440552 0.0773331 0.111326 0.0921469 0.0852325 0.0710754 0.0886704 0.0786465 0.0553345 0.0373146 0.0185414 0.00753245 0.00457741 0.012979 0.0271748 0.0457355 0.0583668 0.034881 0.0177882 0.00938659 0.00492506 0.0015258 0.00185414 0.000309023 5.79419e-05 3.86279e-05 0
 0 0.00173294 0.00326652 0 0.00397197 0.00683976 0.00946217 0.0152591 0.00757587 0.0136028 0.0228656 0.0392903 0.0559909 0.0764795 0.0681675 0.0726916 0.0566044 0.0477403 0.0527397 0.0444891 0.0609904 0.0582453 0.0661739 0.0445044 0.0529084 0.0360697 0.0280645 0.0235558 0.0158879 0.00826598 0.00280645 0.00217768 0.000904811 0.00058276 9.20147e-05 0
 0 0 0 0 0 0 0 0 0 0 0 0 0 0 0 0 0 0 0 0 0 0 0 0 0 0 0 0 0 0 0 0 0 0 0 0
 0 0 0 0 0 0 0 0 0 0 0 0 0 0 0 0 0 0 0 0 0 0 0 0 0 0 0 0 0 0 0 0 0 0 0 0
ppred_pel_tallas
 1.01088e-16 3.12223e-05 0.000183243 0.000871041 0.00335353 0.0104577 0.0264153 0.0540496 0.089595 0.120329 0.130955 0.115544 0.0827811 0.0484542 0.0237819 0.0109293 0.00651381 0.00653925 0.00854308 0.0114105 0.0146275 0.0178218 0.0206252 0.0226933 0.0237717 0.023752 0.0226939 0.0208018 0.0183677 0.015701 0.0130659 0.0106459 0.00853626 0.00676046 0.00529621 0.00410128
 1.0094e-16 2.96885e-05 0.000174234 0.000828198 0.00318856 0.00994318 0.0251158 0.0513912 0.0851901 0.114418 0.124537 0.109916 0.0788233 0.0462878 0.0229979 0.0110376 0.00721495 0.00774519 0.0102827 0.0137358 0.017553 0.0212915 0.0245004 0.0267605 0.0277707 0.0274168 0.0257983 0.0231955 0.0199961 0.016603 0.0133541 0.0104758 0.0080742 0.00615657 0.00466808 0.00352777
 1.01263e-16 2.3609e-05 0.000138531 0.000658437 0.00253489 0.00790472 0.019967 0.0408573 0.0677335 0.0909886 0.0990778 0.0875462 0.063001 0.0374387 0.0194226 0.0106884 0.0087763 0.0107321 0.0146951 0.0197258 0.0252261 0.0306057 0.0352251 0.0384828 0.0399445 0.0394446 0.0371231 0.0333808 0.0287733 0.0238788 0.0191843 0.0150175 0.0115343 0.00874909 0.00658655 0.00493271
 1.01886e-16 2.71571e-05 0.000159372 0.000757542 0.00291651 0.00909482 0.0229729 0.0470067 0.0779229 0.10466 0.113923 0.100565 0.0721537 0.0424451 0.0212274 0.0104229 0.0071298 0.00790409 0.0106138 0.0142658 0.0183491 0.0224385 0.0260889 0.0288758 0.0304784 0.0307492 0.0297413 0.0276822 0.0249069 0.0217745 0.0185954 0.0155897 0.012879 0.0105053 0.0084607 0.00671607
 1.02054e-16 2.68719e-05 0.000157696 0.000749575 0.00288583 0.00899914 0.0227313 0.0465124 0.0771039 0.103562 0.112731 0.0995212 0.0714243 0.0420546 0.0211034 0.0104786 0.00731476 0.00820667 0.0110421 0.0148282 0.019041 0.0232356 0.0269454 0.0297287 0.0312574 0.0313894 0.030197 0.0279357 0.024972 0.0216921 0.0184239 0.0153919 0.0127105 0.0104053 0.00844855 0.00679186
 1.02637e-16 2.04633e-05 0.000120061 0.000570629 0.0021968 0.0068504 0.0173039 0.0354085 0.0587026 0.0788636 0.085892 0.075936 0.0547351 0.0327059 0.0172978 0.0100491 0.00886399 0.0112118 0.0154924 0.0208773 0.0268007 0.0326723 0.0378378 0.041673 0.0437163 0.0437722 0.0419507 0.0386236 0.0343204 0.0295979 0.0249281 0.0206331 0.0168748 0.0136857 0.0110189 0.00879616
 1.02265e-16 2.97536e-05 0.000174622 0.000830057 0.00319574 0.00996558 0.0251723 0.0515063 0.0853791 0.114667 0.124793 0.110107 0.0788841 0.0461714 0.0226595 0.0104134 0.00621342 0.00625835 0.00821217 0.0110273 0.0142319 0.0174897 0.0204651 0.0228368 0.0243564 0.0248993 0.0244858 0.0232627 0.0214559 0.0193109 0.0170421 0.0148039 0.0126868 0.0107307 0.00894695 0.0073359
 1.01532e-16 2.72135e-05 0.000159699 0.000759093 0.00292247 0.0091134 0.0230199 0.0471031 0.0780837 0.104879 0.114169 0.100801 0.0723633 0.0426491 0.0214777 0.0107873 0.00767996 0.00870723 0.0117224 0.0157026 0.0200896 0.0243982 0.0281202 0.0307808 0.0320366 0.031756 0.0300469 0.0272215 0.0237121 0.0199673 0.0163618 0.0131452 0.0104329 0.00823124 0.00647991 0.00509219
 1.01101e-16 3.1525e-05 0.00018502 0.000879489 0.00338606 0.0105591 0.0266715 0.0545738 0.0904638 0.121495 0.132224 0.116661 0.0835758 0.0489084 0.0239843 0.0109872 0.00649909 0.00648282 0.00845028 0.0112756 0.0144416 0.0175761 0.0203132 0.0223121 0.023323 0.0232432 0.0221377 0.0202159 0.0177739 0.0151227 0.0125261 0.0101646 0.00812873 0.00643512 0.00505445 0.00393788
 1.01244e-16 2.5931e-05 0.000152167 0.000723277 0.00278456 0.00868331 0.0219336 0.0448807 0.0744009 0.0999371 0.108801 0.0960877 0.0690391 0.0408088 0.0207707 0.0107927 0.00813416 0.00952327 0.0129146 0.0173124 0.0221398 0.0268677 0.0309337 0.033811 0.035119 0.0347122 0.0327128 0.0294702 0.0254694 0.0212145 0.0171294 0.0134986 0.0104567 0.00801518 0.00610783 0.00463595
 1.02208e-16 2.07081e-05 0.000121498 0.000577459 0.0022231 0.0069324 0.017511 0.0358323 0.0594051 0.0798069 0.0869183 0.0768407 0.0553815 0.0330809 0.0174754 0.0101198 0.0088912 0.0112269 0.0155073 0.020895 0.0268205 0.0326906 0.0378482 0.0416658 0.043678 0.0436862 0.0417986 0.0383872 0.0339843 0.0291524 0.0243715 0.0199735 0.0161303 0.0128825 0.0101891 0.00797382
 1.0316e-16 2.13586e-05 0.000125323 0.000595653 0.00229317 0.00715093 0.0180629 0.0369611 0.0612746 0.0823125 0.0896315 0.079202 0.0570024 0.0338872 0.017607 0.00973847 0.00806695 0.00993543 0.0136817 0.0184821 0.0238241 0.0292001 0.0340489 0.0378273 0.0401205 0.0407305 0.0397118 0.0373383 0.0340191 0.0301947 0.0262461 0.0224437 0.0189393 0.0157899 0.0129962 0.0105367
 1.02005e-16 2.88309e-05 0.000169201 0.000804279 0.00309647 0.00965601 0.0243904 0.0499068 0.0827291 0.111112 0.120935 0.106729 0.0765213 0.044903 0.0222499 0.0105817 0.0067968 0.00722209 0.00958926 0.0128569 0.0165173 0.0201745 0.0234244 0.0258855 0.0272736 0.0274637 0.0265141 0.0246403 0.0221528 0.0193792 0.0165975 0.0139982 0.0116785 0.00966157 0.00792618 0.00643492
 1.0034e-16 3.65637e-05 0.000214609 0.00102017 0.00392776 0.0122484 0.0309384 0.0633036 0.104931 0.140915 0.153331 0.13522 0.0967301 0.0563215 0.0270882 0.0115109 0.00557254 0.00455014 0.00554825 0.00729787 0.00929084 0.0112381 0.0128877 0.0140143 0.0144591 0.0141663 0.0131964 0.0117085 0.0099193 0.00805231 0.0062937 0.00476636 0.00352509 0.00256858 0.00185995 0.00134737
 1.00128e-16 3.67621e-05 0.000215773 0.00102571 0.00394906 0.0123148 0.0311062 0.0636471 0.105501 0.14168 0.154164 0.135956 0.0972611 0.056639 0.0272559 0.0116076 0.00565536 0.00465048 0.00567968 0.0074629 0.00948289 0.0114412 0.0130766 0.0141566 0.0145194 0.0141118 0.0130033 0.0113664 0.0094337 0.00744398 0.00559537 0.00401765 0.00276684 0.00183785 0.00118633 0.000751097
 1.0033e-16 3.04507e-05 0.000178707 0.000849464 0.00327043 0.0101985 0.0257607 0.0527109 0.0873777 0.117357 0.127736 0.11274 0.0808506 0.0474823 0.023598 0.0113346 0.00741645 0.00795794 0.0105468 0.0140542 0.0179027 0.0216259 0.0247505 0.0268416 0.0275927 0.0269002 0.0248886 0.0218756 0.0182917 0.0145805 0.0111112 0.00812715 0.00573612 0.00393315 0.00264096 0.001751
 1.01093e-16 2.47818e-05 0.000145418 0.000691187 0.002661 0.00829798 0.0209603 0.0428895 0.0711012 0.0955084 0.103989 0.0918604 0.0660508 0.0391409 0.0201036 0.0107416 0.00845342 0.010125 0.013803 0.0185202 0.02369 0.0287534 0.0331097 0.0361936 0.0375956 0.037157 0.0350045 0.0315096 0.0271894 0.0225844 0.0181515 0.0142009 0.0108834 0.00821853 0.00614133 0.0045498
 1.01595e-16 2.8222e-05 0.000165625 0.000787272 0.00303098 0.00945179 0.0238746 0.0488515 0.0809804 0.108765 0.118387 0.104493 0.0749468 0.0440369 0.021928 0.0106077 0.00705013 0.00766698 0.0102384 0.0137353 0.0176392 0.02153 0.0249734 0.0275581 0.028977 0.0290944 0.0279725 0.0258445 0.023048 0.0199419 0.0168344 0.0139408 0.011376 0.00917298 0.00731362 0.00575774
 1.01652e-16 2.64591e-05 0.00015527 0.000738036 0.0028414 0.00886056 0.0223813 0.0457964 0.0759179 0.101972 0.111007 0.0980161 0.0703807 0.0415135 0.0209672 0.0106327 0.00769984 0.0088222 0.0119165 0.0159875 0.0204862 0.0249278 0.0288009 0.0316238 0.0330438 0.0329175 0.0313405 0.0286129 0.025157 0.0214147 0.0177593 0.014444 0.0115927 0.00922459 0.00729388 0.0057283
 1.01628e-16 2.82956e-05 0.000166056 0.000789322 0.00303887 0.0094764 0.0239368 0.0489788 0.0811914 0.109049 0.118696 0.104767 0.0751466 0.0441602 0.0220002 0.01066 0.00710611 0.00774043 0.0103356 0.0138565 0.0177785 0.021675 0.0251053 0.0276539 0.0290132 0.0290516 0.0278402 0.0256237 0.0227524 0.0195955 0.0164676 0.013585 0.0110589 0.00891447 0.00712382 0.00563735
 1.01547e-16 2.84515e-05 0.000166971 0.000793671 0.00305562 0.00952862 0.0240687 0.0492487 0.0816389 0.10965 0.11935 0.105345 0.0755623 0.0444065 0.0221263 0.0107263 0.00715571 0.00779582 0.0104052 0.0139404 0.0178707 0.0217632 0.025172 0.0276779 0.0289727 0.0289284 0.0276235 0.025313 0.0223581 0.019138 0.0159739 0.0130848 0.0105797 0.00847856 0.00674635 0.00532549
 1.01685e-16 2.70782e-05 0.000158907 0.000755328 0.00290798 0.00906821 0.0229057 0.0468694 0.0776959 0.104358 0.113599 0.10029 0.0719833 0.0423978 0.0213011 0.010618 0.0074623 0.00840241 0.0113072 0.0151697 0.0194522 0.0236936 0.0274107 0.0301475 0.0315682 0.0315327 0.030125 0.027621 0.0244126 0.0209112 0.017466 0.0143155 0.0115794 0.0092807 0.00738266 0.00582402
 1.01941e-16 2.62464e-05 0.000154022 0.000732106 0.00281857 0.00878937 0.0222014 0.0454284 0.0753076 0.101151 0.110112 0.0972218 0.0698014 0.0411539 0.020753 0.0104721 0.00752197 0.00858359 0.0115944 0.0155753 0.0199947 0.0243876 0.0282627 0.0311541 0.0327161 0.0327999 0.0314829 0.0290373 0.0258525 0.0223402 0.0188504 0.0156241 0.0127853 0.0103626 0.00832658 0.00662394
 1.02401e-16 2.37773e-05 0.000139523 0.000663167 0.00255312 0.00796158 0.0201106 0.0411506 0.0682182 0.091635 0.0997692 0.0881277 0.0633554 0.0375212 0.0192318 0.0102148 0.00797464 0.00952791 0.0130113 0.0175156 0.0225042 0.0274714 0.0318701 0.0351788 0.0370085 0.0371894 0.0358032 0.0331487 0.0296556 0.0257784 0.0219042 0.0182999 0.0151033 0.0123486 0.0100068 0.00802372
pSPR Fmed_Fpbrs
0.518833   0.415542 0.415542
Fs Fmed_Fpbrs
0.64   1.005 1.005
SSBpbr Bo_Bmed_Bpbrs
778765  365110  284672 284672
Ro
34261
SPR SPRFo_SPRFmed_SPRFpbrs
704954 365753 292938
log_Ro
10.2618
likeval ReclasPelacesDesembMPH_pf_preclas_ppelaces_ptallas_desvR_qrecl_qpela
 61.4775 0.000162527 0.0157474 32.89 306.073 173.843 47.0572 0 16.1833 1.82995e-06 8.01164e-05 0 0 0 0
q_reclas_q_pelaces
0.825562 3.57307
M
0.7
N
 35954.6 10714.6 3460.06 407.824 0.225014
 43463 16144.4 2680.91 640.225 73.7548
 20974.1 19678.9 4274.97 538.229 140.278
 28710.8 8857.63 3243.36 433.555 66.2398
 48307.6 13747.2 3432.25 1126.75 172.153
 33249.1 23828.2 6521.39 1595.72 602.936
 68916 15402.2 7371.37 1637.98 543.252
 71663.6 32637.5 5537.99 2299.23 672.793
 114999 32531.7 8796.32 1140.48 599.253
 114896 52033.4 8574.49 1754.25 339.391
 64389.4 53856.1 17443.7 2417.92 582.444
 43554.9 28818.7 13181.4 3126.71 524.825
 41309 19702.9 7584.71 2623.22 710.977
 28375.3 17496.6 3312.8 791.661 335.226
 16485.9 9736.67 701.642 43.8762 13.6767
 12764.4 5742.52 432.462 10.7662 0.812335
 8865.26 5574.77 1189.72 60.9745 1.58429
 11328.4 3972.58 1375.62 215.775 11.0778
 12649.5 5209.78 1169.71 321.79 52.1248
 17721.7 5906.65 1701.63 317.702 100.104
 28917 8258.67 1903.33 453.262 109.638
 42082.6 13934 3341.32 703.634 206.629
 57595.9 20216.4 5521.87 1198.92 324.079
 63554.9 27624.7 7924.63 1950.47 533.586
pred_Ctot
 2491.08 3974.64 1649.93 197.391 0.108995
 2772.41 5616.69 1208.54 293.113 33.7947
 2277.2 10054.4 2666.42 339.516 88.5404
 740.373 1419.57 715.251 97.5368 14.9178
 232.756 443.257 157.991 53.0597 8.11672
 1612.26 6638.25 2409.23 599.728 226.811
 2302 3113.71 2024.58 458.499 152.219
 4447.85 11112.6 2449.47 1033.01 302.527
 7387.38 11380.5 3984.65 524.661 275.903
 4649.26 12435.2 2752.15 573.356 111.033
 4598.29 20445.9 8486.93 1193.79 287.793
 2804.11 10099.1 5980.18 1440.57 242.001
 4409.36 9955.27 4688.78 1640.28 444.838
 6440.8 13139.7 2739.75 657.91 278.661
 3612.46 7212.81 575.096 36.1476 11.2706
 1114.41 2528.27 238.748 6.02222 0.454708
 626.121 2098.6 574.612 29.8874 0.777166
 604.728 1198.16 546.051 87.0871 4.47495
 544.88 1313.5 394.431 110.458 17.9094
 787.319 1528.8 587.792 111.698 35.2275
 617.643 1113.44 355.777 86.4815 20.9415
 988.416 2050.42 679.217 145.958 42.908
 1417.16 3104.28 1169.06 258.982 70.08
 1574.66 4268.8 1687.93 423.871 116.081
F
 0.100684 0.685449 0.987222 1.01064 1.0119
 0.0923624 0.628795 0.905627 0.927109 0.928268
 0.162008 1.10294 1.58851 1.62619 1.62823
 0.0364377 0.248065 0.357277 0.365752 0.366209
 0.00671965 0.0457468 0.0658871 0.06745 0.0675344
 0.0695169 0.473265 0.681623 0.697792 0.698664
 0.047427 0.322879 0.465028 0.476059 0.476654
 0.0897673 0.611128 0.880182 0.901061 0.902187
 0.0930423 0.633424 0.912293 0.933934 0.935101
 0.057713 0.392905 0.565884 0.579308 0.580032
 0.103925 0.707512 1.019 1.04317 1.04447
 0.0932576 0.634889 0.914404 0.936094 0.937265
 0.159075 1.08297 1.55976 1.59676 1.59875
 0.36962 2.51634 3.62418 3.71014 3.71478
 0.354611 2.41416 3.47701 3.55949 3.56394
 0.128406 0.874175 1.25904 1.2889 1.29051
 0.102726 0.699347 1.00724 1.03113 1.03242
 0.076772 0.522657 0.75276 0.770617 0.77158
 0.0615389 0.418951 0.603398 0.617711 0.618483
 0.063525 0.432473 0.622872 0.637647 0.638444
 0.0300968 0.204896 0.295103 0.302104 0.302481
 0.0331401 0.225615 0.324944 0.332652 0.333068
 0.0347415 0.236517 0.340645 0.348726 0.349162
 0.034987 0.238188 0.343053 0.35119 0.351629
Np
 24384 10956.6 7661.38 2013.96 600.66
YTP_r0W_actual
 34994.6 193717 103460 33837.2 11322.8
YTP_p0W_proyectada
 13762 242951 161153 53961.5 19742.4
 13762 87346.2 114208 38917.8 12891
CTP_r0_actual
 4374.32 10195.6 3762.18 939.923 257.336
CTP_p0_proyectada
 1678.29 11247.7 5132.25 1345.67 443.65
 1678.29 4043.81 3637.2 970.518 289.685
Wmedp
 8.2 21.6 31.4 40.1 44.5
nmprior
 10.8 10.6 4.6 0
nm_flota  nm_reclas  nm_pelaces    nm_pelaL
inf 21.1892 11.1554 18.071
cv_recla  cv_pelaces  cv_mph
0.725913 0.500042 0.486629
 ------------------------------------------------
Talla a la edad & desviaci?n 
 7.2 14.2025 17.0495 18.207 18.6776
 1.08 2.13037 2.55742 2.73105 2.80164
