years
 1997 1998 1999 2000 2001 2002 2003 2004 2005 2006 2007 2008 2009 2010 2011 2012 2013 2014 2015 2016 2017 2018 2019
reclasobs
 0 0 0 370054 412103 1.49427e+06 250295 1.28982e+06 931140 785840 897777 1.04006e+06 184774 17550 25797 100020 73551 82996 120727 218422 84188 347160 605670
reclaspred
 489229 125793 314136 201554 305597 360190 776504 557695 728080 792107 686529 471167 263935 101157 72034 71856.9 78171.5 103259 115425 152007 244667 269023 519020
pelacesobs
 0 0 0 0 0 0 0 0 0 2.06254e+06 1.5e+06 0 1.87456e+06 323000 250000 174000 83755 137374 0 501740 490994 745055 786931
pelacespred
 426785 110978 144318 163735 218431 204070 489493 416386 494433 566940 425431 301659 157736 45831.9 34100.1 39908.5 44682.4 61299.3 71188.3 89804.3 169181 183925 284461
mphobs
 0 0 0 0 0 0 112323 0 153150 637223 0 255016 313432 73983 77613 109348 50772 17779 17303 59886 28197 0 207744
mphpred
 178138 97590.5 107170 98712.8 107851 171385 235920 299326 284328 355835 363865 252328 145475 102118 48707.7 45066.6 44604.7 56685.7 31000.5 33779.8 53447.3 75699 108449
desembarqueobs
 350755 77701 442110 56441 14545 235359 269955 359681 431902 328805 639364 411747 362871 311530 167758 66681 60226 58785 57116 73181 50977 67692 138656
desembarquepred
 350760 77698.8 442083 56445 14545.4 235494 270030 359634 431852 328808 639386 411816 363097 311453 167538 66681.1 60262.8 58785.9 57098.5 73183.4 50976.9 67678 138649
Reclutas
 35842.4 43463.3 20917.2 28686.2 48291.8 33126.7 69167.2 71483.3 114853 114489 64554.5 43372.4 41302.8 28353.1 16397 12716.8 8853.71 11358.6 12624.2 17897 29908.1 45568.6 66989.5
log_desv_Rt
 0.061231 0.254015 -0.477328 -0.161484 0.35936 -0.0175617 0.718625 0.751562 1.22575 1.22257 0.649609 0.251921 0.203028 -0.173164 -0.7208 -0.974981 -1.33706 -1.08792 -0.982285 -0.633266 -0.119771 0.301318 0.686634
SSB
 435402 238529 261942 241272 263606 418895 558904 721769 676690 850718 889351 616735 369752 167611 83956 77084.3 80121.1 96209 122086 141148 208925 287943 424384
BT
 1.51644e+06 366501 620136 429316 519877 598035 1.47873e+06 1.38814e+06 1.69736e+06 1.64294e+06 1.51814e+06 1.04205e+06 736778 410787 233422 149752 156307 195808 205174 270061 455033 453873 721022
Ftot
 1.04095 0.953239 1.66405 0.373135 0.0685851 0.707383 0.483069 0.914559 0.950574 0.589394 1.05966 0.947998 1.6219 3.79793 3.64456 1.31612 1.05193 0.784366 0.626161 0.64587 0.303266 0.326331 0.327125
BD_Bspro_t
 0.906397 0.631088 0.547982 0.356536 0.502583 0.670759 0.600136 0.628658 0.577953 0.58493 0.562471 0.401801 0.290187 0.175051 0.108873 0.120714 0.16787 0.255 0.357762 0.451248 0.577475 0.712001 0.75285
BD_Bspro
 0.626564 0.343254 0.376947 0.347201 0.379341 0.602809 0.804289 1.03866 0.973787 1.22422 1.27982 0.88751 0.53209 0.2412 0.120817 0.110928 0.115298 0.138449 0.175687 0.203118 0.300652 0.414363 0.610709
BD_Bo
 0.57541 0.31523 0.346172 0.318855 0.348371 0.553595 0.738625 0.953861 0.894285 1.12427 1.17533 0.815052 0.488649 0.221508 0.110953 0.101872 0.105885 0.127146 0.161344 0.186535 0.276106 0.380534 0.560849
BD_Brms
 1.5538 0.851229 0.934783 0.861018 0.940721 1.4949 1.99454 2.57575 2.41488 3.03593 3.17379 2.20092 1.31952 0.598148 0.299611 0.275088 0.285925 0.343337 0.435683 0.503709 0.745582 1.02757 1.51448
S_f
 0.0955039 0.667351 0.974436 0.998621 0.999927
 0.0955039 0.667351 0.974436 0.998621 0.999927
 0.0955039 0.667351 0.974436 0.998621 0.999927
 0.0955039 0.667351 0.974436 0.998621 0.999927
 0.0955039 0.667351 0.974436 0.998621 0.999927
 0.0955039 0.667351 0.974436 0.998621 0.999927
 0.0955039 0.667351 0.974436 0.998621 0.999927
 0.0955039 0.667351 0.974436 0.998621 0.999927
 0.0955039 0.667351 0.974436 0.998621 0.999927
 0.0955039 0.667351 0.974436 0.998621 0.999927
 0.0955039 0.667351 0.974436 0.998621 0.999927
 0.0955039 0.667351 0.974436 0.998621 0.999927
 0.0955039 0.667351 0.974436 0.998621 0.999927
 0.0955039 0.667351 0.974436 0.998621 0.999927
 0.0955039 0.667351 0.974436 0.998621 0.999927
 0.0955039 0.667351 0.974436 0.998621 0.999927
 0.0955039 0.667351 0.974436 0.998621 0.999927
 0.0955039 0.667351 0.974436 0.998621 0.999927
 0.0955039 0.667351 0.974436 0.998621 0.999927
 0.0955039 0.667351 0.974436 0.998621 0.999927
 0.0955039 0.667351 0.974436 0.998621 0.999927
 0.0955039 0.667351 0.974436 0.998621 0.999927
 0.0955039 0.667351 0.974436 0.998621 0.999927
Scru_reclas
 0.581995 0.87511 0.972424 0.994397 0.998882
 0.581995 0.87511 0.972424 0.994397 0.998882
 0.581995 0.87511 0.972424 0.994397 0.998882
 0.581995 0.87511 0.972424 0.994397 0.998882
 0.581995 0.87511 0.972424 0.994397 0.998882
 0.581995 0.87511 0.972424 0.994397 0.998882
 0.581995 0.87511 0.972424 0.994397 0.998882
 0.581995 0.87511 0.972424 0.994397 0.998882
 0.581995 0.87511 0.972424 0.994397 0.998882
 0.581995 0.87511 0.972424 0.994397 0.998882
 0.581995 0.87511 0.972424 0.994397 0.998882
 0.581995 0.87511 0.972424 0.994397 0.998882
 0.581995 0.87511 0.972424 0.994397 0.998882
 0.581995 0.87511 0.972424 0.994397 0.998882
 0.581995 0.87511 0.972424 0.994397 0.998882
 0.581995 0.87511 0.972424 0.994397 0.998882
 0.581995 0.87511 0.972424 0.994397 0.998882
 0.581995 0.87511 0.972424 0.994397 0.998882
 0.581995 0.87511 0.972424 0.994397 0.998882
 0.581995 0.87511 0.972424 0.994397 0.998882
 0.581995 0.87511 0.972424 0.994397 0.998882
 0.581995 0.87511 0.972424 0.994397 0.998882
 0.581995 0.87511 0.972424 0.994397 0.998882
Scru_pelaces
 0.5437 1 1 1 1
 0.5437 1 1 1 1
 0.5437 1 1 1 1
 0.5437 1 1 1 1
 0.5437 1 1 1 1
 0.5437 1 1 1 1
 0.5437 1 1 1 1
 0.5437 1 1 1 1
 0.5437 1 1 1 1
 0.5437 1 1 1 1
 0.5437 1 1 1 1
 0.5437 1 1 1 1
 0.5437 1 1 1 1
 0.5437 1 1 1 1
 0.5437 1 1 1 1
 0.5437 1 1 1 1
 0.5437 1 1 1 1
 0.5437 1 1 1 1
 0.5437 1 1 1 1
 0.5437 1 1 1 1
 0.5437 1 1 1 1
 0.5437 1 1 1 1
 0.5437 1 1 1 1
pf_obs 
 0.256992 0.487395 0.22802 0.0275931 0
 0.321318 0.546541 0.124235 0.00734118 0.000564706
 0.182869 0.594174 0.210203 0.0122559 0.00049798
 0.330522 0.361315 0.267642 0.0388342 0.00168674
 0.649043 0.306663 0.0425973 0.00169635 0
 0.582887 0.30429 0.105238 0.00758474 0
 0.465427 0.430635 0.0974691 0.00646863 0
 0.296916 0.608066 0.0921331 0.00288517 0
 0.311714 0.524322 0.152257 0.0117073 0
 0.15457 0.633149 0.183074 0.0267441 0.00246327
 0.131901 0.49318 0.331252 0.0422183 0.00144891
 0.196976 0.569456 0.194076 0.0375587 0.00193317
 0.518974 0.381816 0.0799577 0.0180837 0.00116848
 0.0928022 0.601141 0.25162 0.0475244 0.00691264
 0.122501 0.610282 0.24278 0.0234846 0.000952079
 0.383417 0.481906 0.127806 0.00687128 0
 0.0376549 0.599619 0.316969 0.0457579 0
 0.0361596 0.667082 0.258105 0.0386534 0
 0.158088 0.579412 0.248529 0.0139706 0
 0.0477256 0.309471 0.559284 0.082774 0.000745712
 0.0406174 0.521527 0.379366 0.0568643 0.0016247
 0.151134 0.462217 0.34131 0.0453401 0
 0.294876 0.26143 0.354403 0.0886775 0.000613685
pf_pred 
 0.296001 0.480169 0.199888 0.0239288 1.31716e-05
 0.275727 0.570311 0.121749 0.0288873 0.00332531
 0.144651 0.655543 0.173023 0.0213493 0.00543439
 0.24293 0.478313 0.242182 0.031886 0.00468902
 0.254471 0.497502 0.179609 0.0596629 0.0087551
 0.136528 0.578804 0.212249 0.0527968 0.0196216
 0.280703 0.387483 0.255492 0.0574008 0.0189215
 0.22411 0.578574 0.127933 0.0538021 0.0155811
 0.307377 0.485944 0.172668 0.0223442 0.011666
 0.221136 0.609358 0.136017 0.0281539 0.00533475
 0.128676 0.583892 0.245136 0.0341565 0.00813991
 0.132271 0.493471 0.292881 0.069809 0.0115675
 0.204184 0.471798 0.225745 0.0775433 0.0207285
 0.27267 0.569283 0.118359 0.028078 0.0116108
 0.30952 0.636785 0.0498582 0.0029417 0.000894294
 0.281042 0.655848 0.0615695 0.0014391 0.000100807
 0.184183 0.632538 0.174288 0.00878146 0.000210019
 0.243333 0.493448 0.226006 0.0354562 0.00175766
 0.223083 0.555409 0.16783 0.0463162 0.00736144
 0.254242 0.501515 0.196021 0.0368257 0.011396
 0.28049 0.507986 0.162639 0.0394891 0.00939619
 0.256653 0.523844 0.172257 0.0365593 0.010686
 0.243917 0.514746 0.189295 0.0410882 0.0109543
pobs_RECLAS
 0 0 0 0 0
 0 0 0 0 0
 0 0 0 0 0
 0 0 0 0 0
 0.835266 0.146461 0.0176864 0.000547809 3.91292e-05
 0.385257 0.428462 0.181853 0.0044286 0
 0.867414 0.0963971 0.0333333 0.00285562 0
 0.441836 0.489002 0.0689373 0.000224442 0
 0.779404 0.147425 0.0564933 0.0165055 0.000172143
 0.814271 0.122319 0.05973 0.00367925 0
 0.40263 0.566651 0.0304383 0.000280538 0
 0.475488 0.404961 0.113038 0.00651328 0
 0.955842 0.0263864 0.0167828 0.000988607 0
 0.975058 0.0227948 0.00214734 0 0
 0.738997 0.206755 0.0527124 0.00153531 0
 0.850938 0.134255 0.0134407 0.00136685 0
 0.542534 0.407297 0.0501686 0 0
 0.764087 0.199537 0.0359546 0.000420521 0
 0.470689 0.182191 0.310203 0.0369168 0
 0.84361 0.089868 0.0606195 0.00523954 0.000663233
 0.607945 0.314616 0.071237 0.00620181 0
 0.523733 0.453247 0.0230204 0 0
 0.530135 0.295979 0.169645 0.0042399 0
ppred_RECLAS
 0.69266 0.22924 0.0697886 0.00830756 4.58666e-06
 0.662856 0.281376 0.0441451 0.01042 0.00120312
 0.483551 0.425624 0.078743 0.00962531 0.00245696
 0.624686 0.260781 0.0995392 0.0130668 0.0019276
 0.633453 0.265863 0.0729482 0.024177 0.00355912
 0.453233 0.400378 0.109239 0.0270618 0.0100884
 0.676478 0.196944 0.0975192 0.0218374 0.00722103
 0.600827 0.319139 0.0519697 0.0217466 0.00631698
 0.701318 0.227584 0.0594389 0.00765198 0.00400726
 0.588884 0.340356 0.056816 0.0117173 0.00222718
 0.443103 0.409682 0.125647 0.0174074 0.00416084
 0.456099 0.349334 0.152418 0.0361419 0.00600697
 0.599719 0.270146 0.0908993 0.0309409 0.00829429
 0.733543 0.230708 0.0269593 0.00621557 0.00257479
 0.75067 0.237866 0.0106655 0.000612552 0.000186564
 0.667176 0.311295 0.0210078 0.000487528 3.42506e-05
 0.541024 0.378785 0.0762779 0.00382147 9.16695e-05
 0.630168 0.265072 0.090004 0.0140577 0.000699022
 0.596575 0.310911 0.0701522 0.0192867 0.00307494
 0.640106 0.264022 0.076991 0.0144082 0.00447258
 0.663871 0.255721 0.0618558 0.0149772 0.00357501
 0.636618 0.276082 0.0685413 0.0145058 0.00425332
 0.622274 0.279012 0.0774634 0.0167665 0.00448418
pobs_PELACES
 0 0 0 0 0
 0 0 0 0 0
 0 0 0 0 0
 0 0 0 0 0
 0 0 0 0 0
 0 0 0 0 0
 0 0 0 0 0
 0 0 0 0 0
 0 0 0 0 0
 0 0 0 0 0
 0.450072 0.473896 0.0757376 0.000293798 0
 0 0 0 0 0
 0.463077 0.371075 0.160297 0.00555027 0
 0.529543 0.364841 0.0842815 0.0213345 0
 0.631943 0.363953 0.00410389 0 0
 0.735681 0.248677 0.0153453 0.000297389 0
 0.695825 0.281241 0.0229344 0 0
 0.275771 0.60734 0.115278 0.00161068 0
 0 0 0 0 0
 0.896147 0.0623911 0.0374545 0.00400742 0
 0.803859 0.145111 0.0509908 3.86294e-05 0
 0.739449 0.233085 0.0266225 0.000797448 4.60066e-05
 0.878498 0.100942 0.0204185 0.000141795 0
ppred_PELACES
 0.702196 0.233568 0.0575841 0.00664782 3.65219e-06
 0.66509 0.288485 0.0369805 0.0084713 0.000973325
 0.522603 0.411032 0.0578139 0.00681966 0.00173173
 0.603707 0.287314 0.09503 0.0121629 0.00178592
 0.59623 0.302158 0.0740934 0.0240008 0.00351721
 0.44783 0.423433 0.0967758 0.0233125 0.00864909
 0.665328 0.216288 0.0917754 0.0200198 0.00658889
 0.603134 0.329753 0.0440469 0.017893 0.0051722
 0.7062 0.234287 0.050009 0.00624816 0.00325607
 0.573579 0.36282 0.0513447 0.0103064 0.00194971
 0.455854 0.422106 0.10464 0.0140573 0.00334346
 0.467777 0.366458 0.130709 0.0300808 0.00497511
 0.643775 0.261192 0.0671037 0.0220492 0.00588006
 0.829549 0.155853 0.0111537 0.00243963 0.00100443
 0.832871 0.162281 0.00452611 0.000246916 7.47476e-05
 0.680531 0.30298 0.0161029 0.000361625 2.52771e-05
 0.548764 0.385342 0.0627717 0.00304961 7.27928e-05
 0.629362 0.279269 0.0788146 0.0119629 0.000591987
 0.585534 0.331668 0.063206 0.0169083 0.00268292
 0.631879 0.28222 0.0693695 0.0126298 0.00390184
 0.638426 0.284077 0.0599668 0.0141646 0.00336543
 0.611491 0.305002 0.0659267 0.0136087 0.0039718
 0.597529 0.308097 0.0744683 0.015721 0.00418509
pobs_pel_tallas
 0 0 0 0 0 0 0 0 0 0 0 0 0 0 0 0 0 0 0 0 0 0 0 0 0 0 0 0 0 0 0 0 0 0 0 0
 0 0 0 0 0 0 0 0 0 0 0 0 0 0 0 0 0 0 0 0 0 0 0 0 0 0 0 0 0 0 0 0 0 0 0 0
 0 0 0 0 0 0 0 0 0 0 0 0 0 0 0 0 0 0 0 0 0 0 0 0 0 0 0 0 0 0 0 0 0 0 0 0
 0 0 0 0 0 0 0 0 0 0 0 0 0 0 0 0 0 0 0 0 0 0 0 0 0 0 0 0 0 0 0 0 0 0 0 0
 0 0 0 0 0 0 0 0 0 0 0 0 0 0 0 0 0 0 0 0 0 0 0 0 0 0 0 0 0 0 0 0 0 0 0 0
 0 0 0 0 0 0 0 0 0 0 0 0 0 0 0 0 0 0 0 0 0 0 0 0 0 0 0 0 0 0 0 0 0 0 0 0
 0 0 0 0 0 0 0 0 0 0 0 0 0 0 0 0 0 0 0 0 0 0 0 0 0 0 0 0 0 0 0 0 0 0 0 0
 0 0 0 0 0 0 0 0 0 0 0 0 0 0 0 0 0 0 0 0 0 0 0 0 0 0 0 0 0 0 0 0 0 0 0 0
 0 0 0 0 0 0 0 0 0 0 0 0 0 0 0 0 0 0 0 0 0 0 0 0 0 0 0 0 0 0 0 0 0 0 0 0
 0 0 0 0 0 0 0 0 0 0 0 0 0 0 0 0 0 0 0 0 0 0 0 0 0 0 0 0 0 0 0 0 0 0 0 0
 0 0 0 0 0 0 0 0 1.78061e-05 0.00172719 0.00360574 0.0105946 0.0120993 0.0124554 0.0147524 0.0171206 0.0266825 0.0428682 0.0675386 0.121331 0.153587 0.119568 0.100827 0.0573624 0.0630603 0.0341343 0.0324427 0.0444173 0.0211091 0.0280891 0.0125444 0.00206551 0 0 0 0
 0 0 0 0 0 0 0 0 0 0 0 0 0 0 0 0 0 0 0 0 0 0 0 0 0 0 0 0 0 0 0 0 0 0 0 0
 0 0 0 0 0 0 0.0133647 0.0140871 0.0187388 0.0205184 0.03894 0.0496705 0.03968 0.0493445 0.0407372 0.0367815 0.0215668 0.0243155 0.0234873 0.0199281 0.019796 0.0243948 0.0301388 0.0376714 0.0412746 0.0863199 0.0771752 0.113111 0.0741005 0.0525337 0.0229764 0.00759418 0.00175318 0 0 0
 0 0 0 0 0 0 0 0 0 0 0.00219441 0.00772107 0.0458388 0.0604681 0.0671733 0.0775358 0.0609151 0.0617685 0.073594 0.0568108 0.0755445 0.0548602 0.0670107 0.0636378 0.0643287 0.046367 0.0373049 0.0286899 0.0247887 0.0153202 0.00654259 0.00121912 0.000365735 0 0 0
 0 0 0 0 0 0 0 0 0 0 0 0 0.000112435 0.00938835 0.0111873 0.0202946 0.0414886 0.0713402 0.111592 0.104902 0.108894 0.110636 0.117776 0.105296 0.107544 0.0401394 0.0192827 0.0124803 0.00416011 0.0028671 0.000618394 0 0 0 0 0
 0 0 0 0 0 0 0 0 0 0 0.00291406 0.0102884 0.027416 0.0768956 0.0749926 0.110853 0.0956884 0.0897413 0.0766577 0.0534642 0.0500743 0.0551293 0.0594112 0.0620874 0.0668451 0.0424026 0.0208742 0.0120726 0.0048766 0.00582813 0.00118941 0.000297354 0 0 0 0
 0 0.00264628 0.0354308 0.0461629 0.0458689 0.0383711 0.0214643 0.0164657 0.0346957 0.0420465 0.0363128 0.0245516 0.0311673 0.0291091 0.0169068 0.0133784 0.00837989 0.0085269 0.0148486 0.0160247 0.0276389 0.0546898 0.0760071 0.122758 0.109233 0.0665981 0.0333725 0.0166128 0.00676272 0.00308733 0.000882094 0 0 0 0 0
 0 0 0 0 0 0 0 0.000805153 0.000690131 0.00759144 0.0133425 0.0154129 0.00931677 0.000345066 0.00356568 0.00563607 0.00851162 0.0253048 0.0502646 0.0516448 0.0657925 0.0565908 0.0611916 0.0827007 0.0866115 0.110766 0.145733 0.0935128 0.0569358 0.0249597 0.0138026 0.00621118 0.00161031 0.00115022 0 0
 0 0 0 0 0 0 0 0 0 0 0 0 0 0 0 0 0 0 0 0 0 0 0 0 0 0 0 0 0 0 0 0 0 0 0 0
 0.00147267 0.00158595 0.00478618 0.00569244 0.00954404 0.0108468 0.00647125 0.017049 0.0510054 0.094081 0.124002 0.0959785 0.0687766 0.0820023 0.061753 0.0591476 0.0492212 0.0479892 0.0443925 0.0268479 0.0217502 0.0140895 0.0121071 0.0120363 0.00920419 0.00665534 0.0049561 0.00860946 0.00930331 0.0156896 0.0114698 0.00855282 0.00243557 0.00046729 0 2.83206e-05
 0 0 0 0 0.000772559 0.00158375 0.000888443 0.00281984 0.00712685 0.0440552 0.0773331 0.111326 0.0921469 0.0852325 0.0710754 0.0886704 0.0786465 0.0553345 0.0373146 0.0185414 0.00753245 0.00457741 0.012979 0.0271748 0.0457355 0.0583668 0.034881 0.0177882 0.00938659 0.00492506 0.0015258 0.00185414 0.000309023 5.79419e-05 3.86279e-05 0
 0 0.00173294 0.00326652 0 0.00397197 0.00683976 0.00946217 0.0152591 0.00757587 0.0136028 0.0228656 0.0392903 0.0559909 0.0764795 0.0681675 0.0726916 0.0566044 0.0477403 0.0527397 0.0444891 0.0609904 0.0582453 0.0661739 0.0445044 0.0529084 0.0360697 0.0280645 0.0235558 0.0158879 0.00826598 0.00280645 0.00217768 0.000904811 0.00058276 9.20147e-05 0
 0 0 0 0 0 0 0 0 0 0 0 0 0 0 0 0 0 0 0 0 0 0 0 0 0 0 0 0 0 0 0 0 0 0 0 0
ppred_pel_tallas
 1.01123e-16 3.06413e-05 0.000179831 0.000854815 0.00329105 0.0102628 0.0259232 0.0530428 0.0879265 0.118089 0.128522 0.113406 0.0812688 0.0476084 0.0234401 0.0108958 0.00666286 0.00682442 0.00896431 0.0119823 0.0153597 0.0187104 0.0216481 0.0238111 0.0249322 0.0248983 0.0237731 0.0217723 0.0192045 0.0163955 0.0136238 0.0110822 0.00887084 0.00701355 0.00548595 0.00424255
 1.00956e-16 2.90255e-05 0.00017034 0.000809682 0.00311726 0.00972084 0.0245542 0.0502423 0.0832862 0.111863 0.121761 0.107477 0.0770999 0.0453271 0.0226157 0.0110124 0.00740538 0.00810064 0.0108051 0.0144427 0.0184552 0.0223815 0.0257479 0.0281134 0.0291613 0.0287725 0.0270524 0.0242975 0.0209173 0.0173368 0.0139128 0.0108839 0.00836155 0.0063529 0.00479921 0.00361407
 1.0127e-16 2.28174e-05 0.000133881 0.00063633 0.00244977 0.00763926 0.0192965 0.0394855 0.0654603 0.0879377 0.0957631 0.0846348 0.0609441 0.036293 0.0189689 0.0106627 0.00901066 0.0111669 0.0153333 0.0205888 0.0263266 0.0319339 0.0367431 0.040126 0.0416294 0.0410815 0.0386304 0.0346968 0.0298633 0.024736 0.0198249 0.015473 0.0118429 0.00894865 0.00670979 0.00500536
 1.01945e-16 2.6349e-05 0.000154626 0.000734977 0.00282963 0.00882387 0.0222886 0.0456066 0.0756025 0.101546 0.110539 0.0975904 0.0700487 0.0412652 0.0207458 0.0103658 0.00732069 0.00827657 0.0111663 0.0150177 0.0193148 0.023615 0.0274498 0.030372 0.032044 0.032311 0.0312303 0.0290428 0.0261031 0.0227909 0.0194344 0.016266 0.0134141 0.0109222 0.00878117 0.00695891
 1.0214e-16 2.60235e-05 0.000152714 0.000725884 0.00279461 0.00871467 0.0220128 0.0450423 0.0746677 0.100292 0.109178 0.0963982 0.0692135 0.0408144 0.0205951 0.0104143 0.00750819 0.00858728 0.0116074 0.0155978 0.0200302 0.0244415 0.0283418 0.0312662 0.0328695 0.0330026 0.0317414 0.0293554 0.0262306 0.0227738 0.0193306 0.0161375 0.0133152 0.0108907 0.00883459 0.00709578
 1.02717e-16 1.95575e-05 0.000114741 0.000545335 0.00209941 0.00654667 0.0165367 0.0338389 0.0561016 0.0753725 0.0820982 0.0726021 0.0523759 0.0313842 0.0167594 0.00998756 0.00908167 0.0116346 0.0161187 0.0217289 0.0278933 0.0340013 0.0393723 0.0433565 0.0454733 0.0455198 0.0436111 0.0401353 0.0356448 0.03072 0.0258532 0.0213801 0.0174695 0.0141547 0.0113862 0.00908195
 1.0237e-16 2.9033e-05 0.00017039 0.000809937 0.00311827 0.009724 0.0245621 0.0502579 0.0833101 0.111889 0.121774 0.107453 0.0770037 0.0451128 0.0222183 0.010343 0.00635296 0.00654508 0.00864147 0.0116147 0.0149909 0.0184214 0.0215532 0.024048 0.0256442 0.0262106 0.0257689 0.0244741 0.0225648 0.0203001 0.0179063 0.0155465 0.0133159 0.0112567 0.00938054 0.00768754
 1.0159e-16 2.63256e-05 0.000154485 0.0007343 0.00282701 0.00881568 0.0222679 0.0455646 0.0755342 0.101458 0.110451 0.0975338 0.0700532 0.041358 0.0209579 0.0107401 0.00791396 0.00915213 0.0123786 0.0165923 0.0212277 0.0257772 0.0297046 0.0325078 0.0338242 0.0335149 0.031695 0.0286953 0.0249741 0.0210064 0.0171895 0.0137875 0.0109223 0.00860066 0.0067579 0.00530155
 1.01154e-16 3.08159e-05 0.000180856 0.000859689 0.00330982 0.0103213 0.0260709 0.0533452 0.0884277 0.118762 0.129254 0.114051 0.0817294 0.0478745 0.0235641 0.0109411 0.00667285 0.00681884 0.00894766 0.0119516 0.0153085 0.0186302 0.0215295 0.0236452 0.0247127 0.0246229 0.0234454 0.0214025 0.0188085 0.0159935 0.0132378 0.0107329 0.00857468 0.00678092 0.00532021 0.00414044
 1.01293e-16 2.50382e-05 0.000146924 0.000698347 0.00268857 0.00838395 0.0211775 0.0433337 0.0718374 0.0964964 0.105062 0.092803 0.0667163 0.0395106 0.0202482 0.0107455 0.00836979 0.00997118 0.0135753 0.0182084 0.0232862 0.0282572 0.0325306 0.0355522 0.0369219 0.0364869 0.034376 0.0309576 0.0267423 0.0222614 0.017961 0.0141407 0.0109421 0.00837709 0.0063756 0.00483328
 1.02263e-16 1.99074e-05 0.000116796 0.0005551 0.00213701 0.00666393 0.0168329 0.0344449 0.057106 0.0767211 0.083565 0.0738941 0.0532969 0.0319139 0.0170018 0.0100694 0.00908984 0.0116099 0.016074 0.0216649 0.0278076 0.0338903 0.0392318 0.0431812 0.0452561 0.0452511 0.0432792 0.0397276 0.0351495 0.0301293 0.025166 0.020604 0.0166214 0.0132602 0.0104766 0.00819078
 1.03241e-16 2.04251e-05 0.00011984 0.000569585 0.0021928 0.00683791 0.0172723 0.0353436 0.058594 0.0787145 0.0857215 0.0757658 0.0545704 0.0325238 0.01705 0.00967166 0.00828602 0.0103635 0.0143167 0.0193461 0.0249337 0.0305516 0.0356119 0.0395454 0.0419181 0.042524 0.0414224 0.0389027 0.035397 0.031369 0.0272202 0.0232349 0.0195718 0.0162898 0.0133873 0.0108396
 1.02071e-16 2.8095e-05 0.000164879 0.000783729 0.00301734 0.00940925 0.0237672 0.0486317 0.0806159 0.108275 0.117853 0.10402 0.0746042 0.0438285 0.0218113 0.0105298 0.0069706 0.00756114 0.010092 0.0135407 0.0173953 0.0212435 0.02466 0.0272429 0.0286927 0.0288783 0.0278618 0.0258714 0.0232356 0.0203008 0.017361 0.0146178 0.0121739 0.0100534 0.00823354 0.00667386
 1.0034e-16 3.61912e-05 0.000212421 0.00100977 0.0038877 0.0121235 0.0306228 0.0626581 0.103862 0.139479 0.151771 0.13385 0.0957625 0.0557832 0.0268761 0.0115012 0.00568653 0.0047602 0.00585613 0.0077138 0.00982066 0.0118767 0.0136162 0.014801 0.0152633 0.0149443 0.0139088 0.0123257 0.0104252 0.00844446 0.00658088 0.00496479 0.00365412 0.00264715 0.00190433 0.00137012
 1.0013e-16 3.63363e-05 0.000213273 0.00101382 0.00390328 0.012172 0.0307455 0.0629092 0.104278 0.140039 0.152381 0.13439 0.0961552 0.0560237 0.0270135 0.0115965 0.00578566 0.00489056 0.00603155 0.00793822 0.0100883 0.0121708 0.0139089 0.0150553 0.0154378 0.0150003 0.0138166 0.012071 0.0100112 0.00789172 0.00592353 0.00424485 0.00291524 0.00192906 0.00123887 0.000779221
 1.00341e-16 2.96993e-05 0.000174294 0.000828481 0.00318964 0.00994654 0.0251243 0.0514088 0.0852201 0.114461 0.12459 0.109977 0.0788984 0.046395 0.0231674 0.0113104 0.0076391 0.00837085 0.0111528 0.0148735 0.0189474 0.0228864 0.0261908 0.0284001 0.0291902 0.0284516 0.0263164 0.0231216 0.0193235 0.0153919 0.0117181 0.00855983 0.00603099 0.00412605 0.00276278 0.0018258
 1.01125e-16 2.39571e-05 0.000140575 0.000668156 0.00257232 0.00802143 0.0202618 0.0414604 0.0687329 0.0923299 0.100535 0.0888263 0.0639056 0.037943 0.0196233 0.010702 0.00867754 0.0105484 0.0144267 0.0193655 0.0247708 0.0300623 0.0346121 0.0378292 0.0392854 0.0388153 0.0365523 0.0328857 0.0283579 0.0235349 0.0188954 0.0147638 0.0112981 0.0085178 0.00635429 0.0046999
 1.01649e-16 2.74673e-05 0.000161192 0.000766196 0.00294983 0.00919872 0.0232354 0.0475438 0.0788132 0.105856 0.115226 0.101715 0.0729814 0.0429361 0.0214803 0.010558 0.00723391 0.00802293 0.0107654 0.0144518 0.0185585 0.0226481 0.0262642 0.0289738 0.0304538 0.0305621 0.0293651 0.0271097 0.0241527 0.0208732 0.0175966 0.01455 0.0118543 0.00954363 0.0075978 0.00597342
 1.01712e-16 2.55583e-05 0.00014998 0.000712881 0.00274454 0.00855851 0.0216183 0.0442356 0.0733313 0.0984999 0.107235 0.0947013 0.0680359 0.0402016 0.0204363 0.0105791 0.00792828 0.00926041 0.0125641 0.0168667 0.0216124 0.0262951 0.0303755 0.0333454 0.0348327 0.0346864 0.0330084 0.0301163 0.0264569 0.0224978 0.0186339 0.0151328 0.0121255 0.00963181 0.00760282 0.00596134
 1.01694e-16 2.75771e-05 0.000161837 0.000769261 0.00296163 0.00923552 0.0233283 0.047734 0.0791285 0.10628 0.115687 0.102123 0.0732749 0.0431107 0.0215709 0.0106075 0.00727289 0.00806718 0.0108204 0.0145165 0.0186265 0.0227082 0.0263008 0.028969 0.0303904 0.0304273 0.0291542 0.0268279 0.0238154 0.0205042 0.017224 0.0142019 0.0115543 0.00930772 0.00743294 0.00587778
 1.01588e-16 2.78626e-05 0.000163513 0.000777229 0.00299231 0.00933119 0.02357 0.0482284 0.0799481 0.107381 0.116884 0.103179 0.0740297 0.043549 0.0217793 0.0106913 0.00730501 0.0080822 0.0108284 0.0145149 0.0186066 0.0226565 0.0262006 0.0288024 0.030141 0.0300836 0.0287126 0.0262946 0.0232069 0.0198455 0.0165456 0.0135356 0.0109291 0.00874649 0.00695051 0.00548034
 1.01689e-16 2.6689e-05 0.000156621 0.000744458 0.00286613 0.00893769 0.0225761 0.046195 0.0765782 0.102857 0.111969 0.0988588 0.0709718 0.0418342 0.0210775 0.0106045 0.00757609 0.00861405 0.011618 0.0155901 0.0199886 0.0243414 0.0281516 0.0309503 0.0323924 0.0323347 0.0308651 0.028269 0.0249514 0.0213371 0.0177865 0.0145456 0.0117373 0.00938453 0.00744823 0.00586382
 1.01894e-16 2.60803e-05 0.000153047 0.000727468 0.00280071 0.00873368 0.0220608 0.0451406 0.0748308 0.100511 0.109418 0.0966128 0.0693735 0.0409205 0.0206702 0.0104872 0.00760322 0.00872224 0.0117943 0.0158429 0.0203317 0.0247879 0.0287105 0.0316248 0.0331795 0.0332245 0.0318416 0.0293111 0.0260335 0.022431 0.0188628 0.0155755 0.0126949 0.0102491 0.00820544 0.0065067
pSPR Fmed_Fpbrs
0.523063   0.420323 0.420323
Fs Fmed_Fpbrs
0.64   1.005 1.005
SSBpbr Bo_Bmed_Bpbrs
756682  357958  280217 280217
Ro
33713.6
SPR SPRFo_SPRFmed_SPRFpbrs
694905 363479 292085
log_Ro
10.2457
likeval ReclasPelacesDesembMPH_pf_preclas_ppelaces_ptallas_desvR_qrecl_qpela
 61.1008 0.00137328 0.0157769 32.3861 293.412 164.241 43.2788 0 15.9315 1.77679e-06 0 0 0 0 0
q_reclas_q_pelaces
0.827881 1
M
0.7
N
 35842.4 10623.9 3415.07 402.579 0.221419
 43463.3 16114.5 2633.8 614.993 70.7338
 20917.2 19705.1 4235.8 516.622 131.424
 28686.2 8860.91 3223.19 415.637 61.0541
 48291.8 13746.5 3430.26 1112.68 163.071
 33126.7 23824.4 6520.89 1593.3 591.576
 69167.2 15375.6 7379 1625.33 535.208
 71483.3 32798.8 5531.2 2288.55 662.191
 114853 32528.6 8846.83 1126.62 587.717
 114489 52084.8 8565.59 1739.83 329.342
 64554.5 53741.5 17453.5 2395.1 570.321
 43372.4 28971.4 13157.9 3086.29 510.969
 41302.8 19673.7 7642.02 2594.14 693.021
 28353.1 17567.2 3309.86 781.313 323.005
 16397 9796.45 691.759 40.6024 12.34
 12716.8 5749.03 427.338 9.85372 0.689743
 8853.71 5569.06 1186.15 58.8562 1.40647
 11358.6 3976.38 1370.56 211.332 10.4667
 12624.2 5233.43 1169.91 316.923 50.3217
 17897 5905.1 1711.2 315.616 97.5747
 29908.1 8355.77 1905.59 452.865 107.633
 45568.6 14427.9 3389.11 704.181 205.594
 66989.5 21934.3 5762.61 1224.56 326.105
pred_Ctot
 2453.36 3979.82 1656.75 198.331 0.109171
 2734.25 5655.49 1207.33 286.461 32.9755
 2230.74 10109.5 2668.28 329.239 83.8067
 723.716 1424.95 721.486 94.9921 13.9691
 226.827 443.457 160.097 53.1816 7.80401
 1562.39 6623.68 2428.93 604.193 224.544
 2248.73 3104.14 2046.76 459.84 151.581
 4321.44 11156.4 2466.89 1037.45 300.445
 7205.95 11392.2 4047.92 523.822 273.49
 4521.3 12458.8 2780.98 575.628 109.073
 4494.59 20395.1 8562.52 1193.08 284.324
 2714.12 10125.7 6009.73 1432.43 237.357
 4300.63 9937.24 4754.75 1633.25 436.593
 6333.59 13223.3 2749.25 652.197 269.697
 3536.26 7275.26 569.628 33.6088 10.2173
 1088.09 2539.2 238.374 5.57165 0.390286
 612.138 2102.26 579.251 29.1854 0.698003
 592.118 1200.74 549.955 86.278 4.27704
 528.834 1316.64 397.854 109.796 17.4508
 772.678 1524.17 595.737 111.918 34.6341
 615.056 1113.91 356.633 86.5916 20.6039
 1007.41 2056.18 676.14 143.501 41.9442
 1484.53 3132.84 1152.09 250.071 66.6704
F
 0.099415 0.694681 1.01434 1.03952 1.04088
 0.0910381 0.636145 0.928871 0.951925 0.95317
 0.158924 1.11051 1.62151 1.66176 1.66393
 0.0356358 0.249012 0.363596 0.37262 0.373108
 0.00655015 0.0457703 0.0668318 0.0684905 0.0685801
 0.0675579 0.472073 0.6893 0.706408 0.707332
 0.046135 0.322377 0.47072 0.482403 0.483034
 0.087344 0.610332 0.89118 0.913298 0.914493
 0.0907835 0.634366 0.926273 0.949263 0.950505
 0.0562894 0.393332 0.574326 0.588581 0.589351
 0.101202 0.707166 1.03257 1.0582 1.05958
 0.0905375 0.632647 0.923763 0.94669 0.947929
 0.154898 1.08238 1.58044 1.61967 1.62179
 0.362717 2.53455 3.70083 3.79269 3.79765
 0.34807 2.4322 3.55139 3.63953 3.64429
 0.125695 0.878317 1.28248 1.31431 1.31603
 0.100464 0.702009 1.02504 1.05048 1.05186
 0.07491 0.523447 0.764314 0.783284 0.784309
 0.0598008 0.417869 0.610153 0.625297 0.626115
 0.0616831 0.431022 0.629359 0.64498 0.645823
 0.0289631 0.202385 0.295513 0.302848 0.303244
 0.0311658 0.217777 0.317988 0.325881 0.326307
 0.0312417 0.218307 0.318762 0.326674 0.327101
Np
 24905.2 11235.7 8187.48 1633.03 447.553
YTP_r0W_actual
 29261.6 193776 91308.3 25727.7 8618.55
YTP_p0W_proyectada
 13516.1 254241 130432 40202.8 12784.1
 13516.1 88595.7 121962 31555.5 9605.07
CTP_r0_actual
 4433.57 8007.27 2733.78 590.086 157.273
CTP_p0_proyectada
 1648.3 11770.4 4153.88 1002.56 287.283
 1648.3 4101.65 3884.14 786.92 215.844
Wmedp
 8.2 21.6 31.4 40.1 44.5
nmprior
 10.8 10.6 4.6 0
nm_flota  nm_reclas  nm_pelaces    nm_pelaL
inf 18.6837 10.2627 12.9535
cv_recla  cv_pelaces  cv_mph
0.741558 1.51288 0.492845
 ------------------------------------------------
Talla a la edad & desviaci?n 
 7.2 14.2025 17.0495 18.207 18.6776
 1.08 2.13037 2.55742 2.73105 2.80164
