years
 1997 1998 1999 2000 2001 2002 2003 2004 2005 2006 2007 2008 2009 2010 2011 2012 2013 2014 2015 2016 2017 2018 2019 2020 2021 2022 2023
reclasobs
 0 0 0 370054 412103 1.49427e+06 250295 1.28982e+06 931140 785840 897777 1.04006e+06 184774 17550 25797 100020 73551 82996 120727 218422 84188 347160 605670 569463 516374 1.08416e+06 1.01767e+06
reclaspred
 914431 212642 459828 234660 347270 390722 763651 588922 705675 937208 913580 630836 358154 135701 84195.5 91190.2 94359 107427 112137 123377 197622 231336 414173 502925 669552 519945 410600
pelacesobs
 0 0 0 0 0 0 0 0 0 2.06254e+06 1.5e+06 0 1.87456e+06 323000 250000 174000 83755 137374 0 501740 490994 745055 786931 1.00524e+06 1.33801e+06 1.41789e+06 0
pelacespred
 295552 82350.1 70273.3 71332.2 99900.8 70714.4 208704 167104 198391 270208 205297 147489 87418.6 26465.7 17748 19824.2 20327.2 23951.4 24525.7 25599.5 54532.8 57765.3 79098.4 113950 141588 109707 87231.6
mphobs
 0 0 0 0 0 0 112323 0 153150 637223 0 255016 313432 73983 77613 109348 50772 17779 17303 59886 28197 0 207744 136588 643089 65757 70829
mphpred
 422693 221862 210631 144313 143354 232607 291584 433788 402225 525784 608661 401139 243653 129123 57084 49615.9 43871.4 49521.4 59835.5 56685.3 84294.6 129411 164217 239913 303621 230659 187613
desembarqueobs
 350755 77701 442110 56441 14545 235359 269955 359681 431902 328805 639364 411747 362871 311530 167758 66681 60226 58785 57116 73181 50977 67692 138656 160484 209506 203330 245020
desembarquepred
 350758 77696.6 442060 56448 14545.6 235531 270037 359432 431700 328718 639076 411568 362732 310931 167522 66667.1 60258.9 58772.1 57066.3 73163.1 50969.9 67659.9 138653 160473 209526 203315 244922
Reclutas
 33452 38575.9 13967.6 16376 32460.4 20997.4 58714 55208.6 87217.2 108837 61780.9 50096.2 52935.2 29075.3 15256.8 10642.3 6911.65 7690.19 8672.26 9624.15 17999.9 22771.2 32672 44773 15483.5 23875.3 54508.5
log_desv_Rt
 0.234533 0.377048 -0.638841 -0.479762 0.204442 -0.23118 0.7971 0.73554 1.19282 1.41427 0.848014 0.638365 0.69349 0.0943105 -0.550557 -0.910745 -1.34237 -1.23563 -1.11545 -1.0113 -0.385214 -0.150081 0.210939 0.526026 -0.535802 -0.102736 0.722778
SSB
 422693 221862 210631 144313 143354 232607 279995 425986 387766 511713 608661 401139 256038 139455 65779.8 56703.8 53589.5 56768.4 62835.6 65353.5 87351.8 129411 170935 233599 336208 272533 202325
BT
 1.43747e+06 341130 479845 258618 312326 364669 1.0429e+06 949993 1.17396e+06 1.23273e+06 1.19783e+06 849007 678250 386021 209844 119710 115218 127656 121663 140700 234121 217847 322691 476293 512108 468252 511843
Ftot
 1.06658 1.04319 2.18227 0.660642 0.127606 1.44779 1.1257 1.72719 1.89135 1.06248 1.74596 1.67465 2.69419 4.95303 4.93519 1.9393 1.69599 1.50347 1.35821 1.58785 0.78925 0.797635 0.888617 0.897448 0.779711 1.0029 1.7481
BD_Bspro_t
 0.902903 0.613155 0.487815 0.251146 0.358081 0.52629 0.432343 0.494516 0.43141 0.45226 0.456445 0.296099 0.213695 0.142443 0.0814973 0.0850042 0.110162 0.158582 0.213415 0.26635 0.356798 0.51551 0.541099 0.542298 0.560133 0.436892 0.366979
BD_Bspro
 0.773482 0.405983 0.385431 0.264077 0.262321 0.425645 0.51236 0.779508 0.709568 0.936379 1.11378 0.734041 0.468522 0.255187 0.12037 0.103762 0.0980629 0.10388 0.114982 0.11959 0.159844 0.236808 0.312793 0.42746 0.615224 0.498705 0.370233
BD_Bo
 0.872136 0.457764 0.434591 0.297759 0.295779 0.479934 0.577709 0.87893 0.80007 1.05581 1.25584 0.827664 0.528279 0.287735 0.135722 0.116996 0.11057 0.117129 0.129648 0.134843 0.180231 0.267012 0.352688 0.48198 0.693692 0.562312 0.417454
BD_Brms
 2.36281 1.24018 1.1774 0.806693 0.80133 1.30025 1.56514 2.38121 2.16756 2.86042 3.40234 2.24232 1.43122 0.779536 0.367701 0.316967 0.299559 0.317329 0.351243 0.365318 0.488286 0.723394 0.955508 1.30579 1.87936 1.52342 1.13097
S_f
 0.0956386 0.667697 0.974475 0.998623 0.999927
 0.0956386 0.667697 0.974475 0.998623 0.999927
 0.0956386 0.667697 0.974475 0.998623 0.999927
 0.0956386 0.667697 0.974475 0.998623 0.999927
 0.0956386 0.667697 0.974475 0.998623 0.999927
 0.0956386 0.667697 0.974475 0.998623 0.999927
 0.0956386 0.667697 0.974475 0.998623 0.999927
 0.0956386 0.667697 0.974475 0.998623 0.999927
 0.0956386 0.667697 0.974475 0.998623 0.999927
 0.0956386 0.667697 0.974475 0.998623 0.999927
 0.0956386 0.667697 0.974475 0.998623 0.999927
 0.0956386 0.667697 0.974475 0.998623 0.999927
 0.0956386 0.667697 0.974475 0.998623 0.999927
 0.0956386 0.667697 0.974475 0.998623 0.999927
 0.0956386 0.667697 0.974475 0.998623 0.999927
 0.0956386 0.667697 0.974475 0.998623 0.999927
 0.0956386 0.667697 0.974475 0.998623 0.999927
 0.0956386 0.667697 0.974475 0.998623 0.999927
 0.0956386 0.667697 0.974475 0.998623 0.999927
 0.0956386 0.667697 0.974475 0.998623 0.999927
 0.0956386 0.667697 0.974475 0.998623 0.999927
 0.0956386 0.667697 0.974475 0.998623 0.999927
 0.0956386 0.667697 0.974475 0.998623 0.999927
 0.0956386 0.667697 0.974475 0.998623 0.999927
 0.0956386 0.667697 0.974475 0.998623 0.999927
 0.0956386 0.667697 0.974475 0.998623 0.999927
 0.0956386 0.667697 0.974475 0.998623 0.999927
Scru_reclas
 0.210175 0.572503 0.870796 0.971362 0.994176
 0.210175 0.572503 0.870796 0.971362 0.994176
 0.210175 0.572503 0.870796 0.971362 0.994176
 0.210175 0.572503 0.870796 0.971362 0.994176
 0.210175 0.572503 0.870796 0.971362 0.994176
 0.210175 0.572503 0.870796 0.971362 0.994176
 0.210175 0.572503 0.870796 0.971362 0.994176
 0.210175 0.572503 0.870796 0.971362 0.994176
 0.210175 0.572503 0.870796 0.971362 0.994176
 0.210175 0.572503 0.870796 0.971362 0.994176
 0.210175 0.572503 0.870796 0.971362 0.994176
 0.210175 0.572503 0.870796 0.971362 0.994176
 0.210175 0.572503 0.870796 0.971362 0.994176
 0.210175 0.572503 0.870796 0.971362 0.994176
 0.210175 0.572503 0.870796 0.971362 0.994176
 0.210175 0.572503 0.870796 0.971362 0.994176
 0.210175 0.572503 0.870796 0.971362 0.994176
 0.210175 0.572503 0.870796 0.971362 0.994176
 0.210175 0.572503 0.870796 0.971362 0.994176
 0.210175 0.572503 0.870796 0.971362 0.994176
 0.210175 0.572503 0.870796 0.971362 0.994176
 0.210175 0.572503 0.870796 0.971362 0.994176
 0.210175 0.572503 0.870796 0.971362 0.994176
 0.210175 0.572503 0.870796 0.971362 0.994176
 0.210175 0.572503 0.870796 0.971362 0.994176
 0.210175 0.572503 0.870796 0.971362 0.994176
 0.210175 0.572503 0.870796 0.971362 0.994176
Scru_pelaces
 0.369414 0.837838 0.978526 0.997518 0.999718
 0.369414 0.837838 0.978526 0.997518 0.999718
 0.369414 0.837838 0.978526 0.997518 0.999718
 0.369414 0.837838 0.978526 0.997518 0.999718
 0.369414 0.837838 0.978526 0.997518 0.999718
 0.369414 0.837838 0.978526 0.997518 0.999718
 0.369414 0.837838 0.978526 0.997518 0.999718
 0.369414 0.837838 0.978526 0.997518 0.999718
 0.369414 0.837838 0.978526 0.997518 0.999718
 0.369414 0.837838 0.978526 0.997518 0.999718
 0.369414 0.837838 0.978526 0.997518 0.999718
 0.369414 0.837838 0.978526 0.997518 0.999718
 0.369414 0.837838 0.978526 0.997518 0.999718
 0.369414 0.837838 0.978526 0.997518 0.999718
 0.369414 0.837838 0.978526 0.997518 0.999718
 0.369414 0.837838 0.978526 0.997518 0.999718
 0.369414 0.837838 0.978526 0.997518 0.999718
 0.369414 0.837838 0.978526 0.997518 0.999718
 0.369414 0.837838 0.978526 0.997518 0.999718
 0.369414 0.837838 0.978526 0.997518 0.999718
 0.369414 0.837838 0.978526 0.997518 0.999718
 0.369414 0.837838 0.978526 0.997518 0.999718
 0.369414 0.837838 0.978526 0.997518 0.999718
 0.369414 0.837838 0.978526 0.997518 0.999718
 0.369414 0.837838 0.978526 0.997518 0.999718
 0.369414 0.837838 0.978526 0.997518 0.999718
 0.369414 0.837838 0.978526 0.997518 0.999718
pf_obs 
 0.256992 0.487395 0.22802 0.0275931 0
 0.321318 0.546541 0.124235 0.00734118 0.000564706
 0.182869 0.594174 0.210203 0.0122559 0.00049798
 0.330522 0.361315 0.267642 0.0388342 0.00168674
 0.649043 0.306663 0.0425973 0.00169635 0
 0.582887 0.30429 0.105238 0.00758474 0
 0.465427 0.430635 0.0974691 0.00646863 0
 0.296916 0.608066 0.0921331 0.00288517 0
 0.311714 0.524322 0.152257 0.0117073 0
 0.15457 0.633149 0.183074 0.0267441 0.00246327
 0.131901 0.49318 0.331252 0.0422183 0.00144891
 0.196976 0.569456 0.194076 0.0375587 0.00193317
 0.518974 0.381816 0.0799577 0.0180837 0.00116848
 0.0928022 0.601141 0.25162 0.0475244 0.00691264
 0.122501 0.610282 0.24278 0.0234846 0.000952079
 0.383417 0.481906 0.127806 0.00687128 0
 0.0376549 0.599619 0.316969 0.0457579 0
 0.0361596 0.667082 0.258105 0.0386534 0
 0.158088 0.579412 0.248529 0.0139706 0
 0.0477256 0.309471 0.559284 0.082774 0.000745712
 0.0406174 0.521527 0.379366 0.0568643 0.0016247
 0.151134 0.462217 0.34131 0.0453401 0
 0.294876 0.26143 0.354403 0.0886775 0.000613685
 0.281977 0.475581 0.204845 0.0348837 0.00271318
 0.0841818 0.532909 0.334909 0.0458182 0.00218182
 0.115287 0.27431 0.454777 0.147771 0.00785563
 0 0 0 0 0
pf_pred 
 0.285465 0.486916 0.203188 0.0244212 1.05811e-05
 0.268993 0.57164 0.126093 0.0298285 0.00344559
 0.125082 0.676446 0.171606 0.0214335 0.00543272
 0.240785 0.492718 0.236242 0.0263731 0.0038821
 0.302333 0.480781 0.162518 0.0483756 0.00599307
 0.162304 0.617755 0.168633 0.0386924 0.0126156
 0.444816 0.369247 0.157095 0.022356 0.00648589
 0.282759 0.636476 0.0631489 0.0149786 0.00263723
 0.399564 0.489668 0.10439 0.00504318 0.00133441
 0.328887 0.594397 0.0693549 0.00695924 0.000402021
 0.177869 0.664798 0.146677 0.00967003 0.00098573
 0.223502 0.555484 0.198316 0.0212348 0.00146304
 0.329794 0.526236 0.120527 0.0211454 0.00229806
 0.308929 0.627378 0.0577406 0.00504115 0.000911783
 0.357965 0.614367 0.0271109 0.000510417 4.6488e-05
 0.321566 0.650756 0.0274225 0.000250501 4.55144e-06
 0.217953 0.661157 0.118554 0.00231592 2.03558e-05
 0.285939 0.538472 0.161125 0.0141986 0.000265694
 0.293327 0.571869 0.115516 0.0177686 0.00152018
 0.295513 0.56658 0.122668 0.0131418 0.00209645
 0.38023 0.501379 0.105465 0.0115597 0.00136623
 0.280739 0.589607 0.113584 0.0143705 0.00169972
 0.291146 0.527851 0.159985 0.018493 0.00252458
 0.289907 0.544473 0.13789 0.0246144 0.00311529
 0.0907839 0.693096 0.183481 0.0273424 0.00529684
 0.208712 0.34393 0.376998 0.0600515 0.0103088
 0.4409 0.411894 0.0846171 0.053069 0.00952017
pobs_RECLAS
 0 0 0 0 0
 0 0 0 0 0
 0 0 0 0 0
 0 0 0 0 0
 0.835266 0.146461 0.0176864 0.000547809 3.91292e-05
 0.385257 0.428462 0.181853 0.0044286 0
 0.867414 0.0963971 0.0333333 0.00285562 0
 0.441836 0.489002 0.0689373 0.000224442 0
 0.779404 0.147425 0.0564933 0.0165055 0.000172143
 0.814271 0.122319 0.05973 0.00367925 0
 0.40263 0.566651 0.0304383 0.000280538 0
 0.475488 0.404961 0.113038 0.00651328 0
 0.955842 0.0263864 0.0167828 0.000988607 0
 0.975058 0.0227948 0.00214734 0 0
 0.738997 0.206755 0.0527124 0.00153531 0
 0.850938 0.134255 0.0134407 0.00136685 0
 0.542534 0.407297 0.0501686 0 0
 0.764087 0.199537 0.0359546 0.000420521 0
 0.470689 0.182191 0.310203 0.0369168 0
 0.84361 0.089868 0.0606195 0.00523954 0.000663233
 0.607945 0.314616 0.071237 0.00620181 0
 0.523733 0.453247 0.0230204 0 0
 0.530135 0.295979 0.169645 0.0042399 0
 0.562478 0.366248 0.0663022 0.0049721 0
 0.250443 0.683176 0.0655157 0.000865301 0
 0.195077 0.31981 0.436473 0.0351445 0.0134964
 0.565238 0.351407 0.0832357 0.000118908 0
ppred_RECLAS
 0.518954 0.326854 0.136402 0.0177815 7.8734e-06
 0.49766 0.391149 0.0864021 0.0221715 0.00261735
 0.302598 0.548073 0.127712 0.0171712 0.0044461
 0.452973 0.351131 0.171905 0.020853 0.00313725
 0.522491 0.322725 0.113398 0.0367344 0.00465164
 0.350964 0.479177 0.127613 0.0316883 0.0105575
 0.684675 0.208992 0.0886071 0.0136724 0.00405361
 0.530379 0.418026 0.0396182 0.0101511 0.0018261
 0.660892 0.279281 0.0561116 0.00292479 0.000790651
 0.569985 0.380488 0.0444088 0.00483327 0.000285338
 0.384171 0.501904 0.105621 0.00752088 0.000783305
 0.452309 0.395485 0.135433 0.0156707 0.00110316
 0.614728 0.310243 0.0620636 0.01167 0.00129529
 0.669894 0.309202 0.0188616 0.00172421 0.000318091
 0.712766 0.278882 0.00817647 0.000161212 1.49768e-05
 0.580604 0.403285 0.0159509 0.000157154 2.91717e-06
 0.444058 0.472995 0.0812172 0.00171421 1.53946e-05
 0.529969 0.356353 0.103611 0.0098778 0.000188871
 0.534929 0.376813 0.0747234 0.012446 0.00108809
 0.543208 0.369206 0.0771872 0.00894122 0.00145742
 0.618904 0.306841 0.0655142 0.00779872 0.000942023
 0.508321 0.401187 0.0784155 0.0107744 0.00130244
 0.522331 0.353861 0.108319 0.0135922 0.00189637
 0.520848 0.365317 0.0933963 0.0180978 0.00234091
 0.208596 0.599115 0.16106 0.0260676 0.00516112
 0.4132 0.252526 0.277834 0.0480164 0.00842392
 0.693617 0.226458 0.0443651 0.0300519 0.00550817
pobs_PELACES
 0 0 0 0 0
 0 0 0 0 0
 0 0 0 0 0
 0 0 0 0 0
 0 0 0 0 0
 0 0 0 0 0
 0 0 0 0 0
 0 0 0 0 0
 0 0 0 0 0
 0 0 0 0 0
 0.450072 0.473896 0.0757376 0.000293798 0
 0 0 0 0 0
 0.463077 0.371075 0.160297 0.00555027 0
 0.529543 0.364841 0.0842815 0.0213345 0
 0.631943 0.363953 0.00410389 0 0
 0.735681 0.248677 0.0153453 0.000297389 0
 0.695825 0.281241 0.0229344 0 0
 0.275771 0.60734 0.115278 0.00161068 0
 0 0 0 0 0
 0.896147 0.0623911 0.0374545 0.00400742 0
 0.803859 0.145111 0.0509908 3.86294e-05 0
 0.739449 0.233085 0.0266225 0.000797448 4.60066e-05
 0.878498 0.100942 0.0204185 0.000141795 0
 0.694673 0.275183 0.0284847 0.00165964 0
 0.469039 0.446079 0.0841089 0.000773354 0
 0.822795 0.102175 0.0682046 0.00682512 0
 0 0 0 0 0
ppred_PELACES
 0.638291 0.273684 0.078722 0.00929902 4.03e-06
 0.609479 0.327562 0.04999 0.0116259 0.0013433
 0.46214 0.461616 0.0662216 0.00799654 0.00202557
 0.556974 0.317335 0.111575 0.0123039 0.00181207
 0.595165 0.298799 0.079582 0.0235356 0.00291816
 0.484699 0.419235 0.0740414 0.0166094 0.00541527
 0.783729 0.161053 0.0467831 0.0065381 0.00189721
 0.662052 0.313585 0.0191594 0.00442493 0.000778877
 0.781598 0.192433 0.0245137 0.00115024 0.000304229
 0.668798 0.304169 0.0244795 0.00241424 0.000139501
 0.527488 0.412681 0.0558794 0.00358603 0.000365447
 0.601822 0.319387 0.0708853 0.00739618 0.00050947
 0.776551 0.196225 0.0229461 0.00385925 0.000418956
 0.865383 0.130562 0.0037039 0.000297449 5.36196e-05
 0.88487 0.11355 0.00155104 2.68695e-05 2.43911e-06
 0.708648 0.284196 0.0070925 6.28799e-05 1.14199e-06
 0.582487 0.375065 0.041649 0.000792567 6.96463e-06
 0.662504 0.279258 0.053543 0.00460932 8.62453e-05
 0.656194 0.297823 0.0395227 0.0059512 0.000509165
 0.674031 0.282651 0.0386357 0.00403858 0.00064416
 0.706216 0.251172 0.038016 0.00410967 0.000485928
 0.604427 0.341672 0.0473008 0.00590175 0.000698351
 0.627871 0.299471 0.0643325 0.00732529 0.00100038
 0.625446 0.308334 0.055271 0.00971787 0.00123037
 0.283534 0.58524 0.111636 0.0164098 0.00318034
 0.555099 0.233745 0.178403 0.0279524 0.00479989
 0.807887 0.157888 0.0198985 0.0121474 0.00217855
pobs_pel_tallas
 0 0 0 0 0 0 0 0 0 0 0 0 0 0 0 0 0 0 0 0 0 0 0 0 0 0 0 0 0 0 0 0 0 0 0 0
 0 0 0 0 0 0 0 0 0 0 0 0 0 0 0 0 0 0 0 0 0 0 0 0 0 0 0 0 0 0 0 0 0 0 0 0
 0 0 0 0 0 0 0 0 0 0 0 0 0 0 0 0 0 0 0 0 0 0 0 0 0 0 0 0 0 0 0 0 0 0 0 0
 0 0 0 0 0 0 0 0 0 0 0 0 0 0 0 0 0 0 0 0 0 0 0 0 0 0 0 0 0 0 0 0 0 0 0 0
 0 0 0 0 0 0 0 0 0 0 0 0 0 0 0 0 0 0 0 0 0 0 0 0 0 0 0 0 0 0 0 0 0 0 0 0
 0 0 0 0 0 0 0 0 0 0 0 0 0 0 0 0 0 0 0 0 0 0 0 0 0 0 0 0 0 0 0 0 0 0 0 0
 0 0 0 0 0 0 0 0 0 0 0 0 0 0 0 0 0 0 0 0 0 0 0 0 0 0 0 0 0 0 0 0 0 0 0 0
 0 0 0 0 0 0 0 0 0 0 0 0 0 0 0 0 0 0 0 0 0 0 0 0 0 0 0 0 0 0 0 0 0 0 0 0
 0 0 0 0 0 0 0 0 0 0 0 0 0 0 0 0 0 0 0 0 0 0 0 0 0 0 0 0 0 0 0 0 0 0 0 0
 0 0 0 0 0 0 0 0 0 0 0 0 0 0 0 0 0 0 0 0 0 0 0 0 0 0 0 0 0 0 0 0 0 0 0 0
 0 0 0 0 0 0 0 0 1.78061e-05 0.00172719 0.00360574 0.0105946 0.0120993 0.0124554 0.0147524 0.0171206 0.0266825 0.0428682 0.0675386 0.121331 0.153587 0.119568 0.100827 0.0573624 0.0630603 0.0341343 0.0324427 0.0444173 0.0211091 0.0280891 0.0125444 0.00206551 0 0 0 0
 0 0 0 0 0 0 0 0 0 0 0 0 0 0 0 0 0 0 0 0 0 0 0 0 0 0 0 0 0 0 0 0 0 0 0 0
 0 0 0 0 0 0 0.0133647 0.0140871 0.0187388 0.0205184 0.03894 0.0496705 0.03968 0.0493445 0.0407372 0.0367815 0.0215668 0.0243155 0.0234873 0.0199281 0.019796 0.0243948 0.0301388 0.0376714 0.0412746 0.0863199 0.0771752 0.113111 0.0741005 0.0525337 0.0229764 0.00759418 0.00175318 0 0 0
 0 0 0 0 0 0 0 0 0 0 0.00219441 0.00772107 0.0458388 0.0604681 0.0671733 0.0775358 0.0609151 0.0617685 0.073594 0.0568108 0.0755445 0.0548602 0.0670107 0.0636378 0.0643287 0.046367 0.0373049 0.0286899 0.0247887 0.0153202 0.00654259 0.00121912 0.000365735 0 0 0
 0 0 0 0 0 0 0 0 0 0 0 0 0.000112435 0.00938835 0.0111873 0.0202946 0.0414886 0.0713402 0.111592 0.104902 0.108894 0.110636 0.117776 0.105296 0.107544 0.0401394 0.0192827 0.0124803 0.00416011 0.0028671 0.000618394 0 0 0 0 0
 0 0 0 0 0 0 0 0 0 0 0.00291406 0.0102884 0.027416 0.0768956 0.0749926 0.110853 0.0956884 0.0897413 0.0766577 0.0534642 0.0500743 0.0551293 0.0594112 0.0620874 0.0668451 0.0424026 0.0208742 0.0120726 0.0048766 0.00582813 0.00118941 0.000297354 0 0 0 0
 0 0.00264628 0.0354308 0.0461629 0.0458689 0.0383711 0.0214643 0.0164657 0.0346957 0.0420465 0.0363128 0.0245516 0.0311673 0.0291091 0.0169068 0.0133784 0.00837989 0.0085269 0.0148486 0.0160247 0.0276389 0.0546898 0.0760071 0.122758 0.109233 0.0665981 0.0333725 0.0166128 0.00676272 0.00308733 0.000882094 0 0 0 0 0
 0 0 0 0 0 0 0 0.000805153 0.000690131 0.00759144 0.0133425 0.0154129 0.00931677 0.000345066 0.00356568 0.00563607 0.00851162 0.0253048 0.0502646 0.0516448 0.0657925 0.0565908 0.0611916 0.0827007 0.0866115 0.110766 0.145733 0.0935128 0.0569358 0.0249597 0.0138026 0.00621118 0.00161031 0.00115022 0 0
 0 0 0 0 0 0 0 0 0 0 0 0 0 0 0 0 0 0 0 0 0 0 0 0 0 0 0 0 0 0 0 0 0 0 0 0
 0.00147267 0.00158595 0.00478618 0.00569244 0.00954404 0.0108468 0.00647125 0.017049 0.0510054 0.094081 0.124002 0.0959785 0.0687766 0.0820023 0.061753 0.0591476 0.0492212 0.0479892 0.0443925 0.0268479 0.0217502 0.0140895 0.0121071 0.0120363 0.00920419 0.00665534 0.0049561 0.00860946 0.00930331 0.0156896 0.0114698 0.00855282 0.00243557 0.00046729 0 2.83206e-05
 0 0 0 0 0.000772559 0.00158375 0.000888443 0.00281984 0.00712685 0.0440552 0.0773331 0.111326 0.0921469 0.0852325 0.0710754 0.0886704 0.0786465 0.0553345 0.0373146 0.0185414 0.00753245 0.00457741 0.012979 0.0271748 0.0457355 0.0583668 0.034881 0.0177882 0.00938659 0.00492506 0.0015258 0.00185414 0.000309023 5.79419e-05 3.86279e-05 0
 0 0.00173294 0.00326652 0 0.00397197 0.00683976 0.00946217 0.0152591 0.00757587 0.0136028 0.0228656 0.0392903 0.0559909 0.0764795 0.0681675 0.0726916 0.0566044 0.0477403 0.0527397 0.0444891 0.0609904 0.0582453 0.0661739 0.0445044 0.0529084 0.0360697 0.0280645 0.0235558 0.0158879 0.00826598 0.00280645 0.00217768 0.000904811 0.00058276 9.20147e-05 0
 0 0 0 0 0 0 0 0 0 0 0 0 0 0 0 0 0 0 0 0 0 0 0 0 0 0 0 0 0 0 0 0 0 0 0 0
 0 0 0 0 0 0 0 0 0 0 0 0 0 0 0 0 0 0 0 0 0 0 0 0 0 0 0 0 0 0 0 0 0 0 0 0
 0 0 0 0 0 0 0 0 0 0 0 0 0 0 0 0 0 0 0 0 0 0 0 0 0 0 0 0 0 0 0 0 0 0 0 0
 0 0 0 0 0 0 0 0 0 0 0 0 0 0 0 0 0 0 0 0 0 0 0 0 0 0 0 0 0 0 0 0 0 0 0 0
 0 0 0 0 0 0 0 0 0 0 0 0 0 0 0 0 0 0 0 0 0 0 0 0 0 0 0 0 0 0 0 0 0 0 0 0
ppred_pel_tallas
 1.01527e-16 2.78564e-05 0.000163477 0.00077706 0.00299166 0.00932917 0.0235649 0.0482179 0.0799304 0.107356 0.116856 0.103149 0.0739977 0.0435095 0.0217217 0.0106014 0.00716734 0.00788152 0.0105531 0.0141615 0.0181837 0.0221886 0.0257277 0.0283762 0.0298167 0.0299096 0.0287201 0.02649 0.0235701 0.0203332 0.0171 0.0140949 0.0114385 0.00916556 0.00725727 0.00567112
 1.01279e-16 2.66022e-05 0.000156109 0.000742021 0.00285674 0.00890839 0.0225021 0.0460438 0.0763282 0.102524 0.111611 0.0985544 0.0707793 0.0417729 0.0211427 0.0107933 0.00790231 0.00910569 0.0123054 0.0164916 0.0210976 0.0256166 0.0295142 0.0322893 0.0335791 0.0332432 0.0313941 0.0283601 0.0245976 0.0205821 0.0167135 0.013261 0.0103528 0.00800187 0.00614844 0.00470258
 1.0146e-16 2.0183e-05 0.00011841 0.000562769 0.00216652 0.00675596 0.0170654 0.0349209 0.057896 0.077785 0.0847305 0.0749406 0.054086 0.0324547 0.0174129 0.0105001 0.00966941 0.0124346 0.0172079 0.0231348 0.0295896 0.0358974 0.0413109 0.0451249 0.0468299 0.0462322 0.0434968 0.0390949 0.0336794 0.0279297 0.0224178 0.0175285 0.0134448 0.010183 0.00765404 0.00572334
 1.02195e-16 2.43124e-05 0.000142667 0.000678116 0.00261069 0.0081411 0.020564 0.0420782 0.0697552 0.0936971 0.102008 0.0900899 0.0647328 0.0382703 0.0194936 0.010158 0.00770151 0.00906745 0.0123535 0.0166452 0.0214227 0.0262093 0.0304898 0.0337692 0.0356723 0.0360243 0.0348836 0.0325111 0.0292937 0.0256473 0.0219327 0.0184073 0.0152156 0.0124101 0.0099861 0.00791351
 1.02173e-16 2.59769e-05 0.000152441 0.000724587 0.00278962 0.00869909 0.0219734 0.0449618 0.0745342 0.100112 0.108982 0.0962239 0.0690857 0.0407338 0.0205448 0.0103735 0.0074606 0.00852259 0.0115201 0.0154866 0.0198985 0.0242981 0.0282008 0.0311459 0.0327894 0.0329802 0.0317885 0.0294757 0.0264184 0.0230151 0.0196057 0.0164244 0.0135929 0.0111425 0.0090492 0.00726802
 1.02012e-16 2.11649e-05 0.000124179 0.000590203 0.00227217 0.00708541 0.0178975 0.0366232 0.0607163 0.0815684 0.0888368 0.0785367 0.0566037 0.0338103 0.0178588 0.0103368 0.00907204 0.0114411 0.0157824 0.0212322 0.0271993 0.033069 0.0381642 0.0418437 0.0436397 0.0433658 0.0411566 0.0374207 0.0327302 0.0276825 0.0227813 0.0183664 0.0146025 0.0115107 0.00902306 0.0070349
 1.0103e-16 3.41935e-05 0.000200692 0.000954008 0.003673 0.0114539 0.0289317 0.0591979 0.0981264 0.131779 0.143397 0.126475 0.0905091 0.0527698 0.025513 0.0110728 0.00570797 0.00501601 0.0062979 0.00836629 0.0107332 0.0131028 0.015204 0.0167861 0.017662 0.0177491 0.0170845 0.0158087 0.0141258 0.0122526 0.0103752 0.00862377 0.00706748 0.00572631 0.00458955 0.00363346
 1.00563e-16 2.8894e-05 0.000169565 0.000805997 0.00310306 0.00967656 0.0244424 0.0500137 0.0829079 0.111357 0.121216 0.10701 0.0767937 0.0452058 0.0226634 0.0112132 0.0077657 0.00864739 0.0115705 0.0154471 0.0196914 0.0238043 0.0272702 0.0296128 0.0304959 0.0298036 0.0276692 0.0244365 0.0205723 0.0165573 0.0127916 0.00953879 0.00691525 0.00491602 0.00345878 0.00242842
 1.00465e-16 3.41018e-05 0.000200151 0.000951431 0.00366306 0.0114229 0.0288534 0.059038 0.0978623 0.131427 0.143021 0.126159 0.0903181 0.0527289 0.025624 0.0113424 0.00616254 0.00569775 0.00724979 0.00961357 0.0122657 0.0148623 0.0170797 0.0186225 0.0192793 0.0189716 0.0177717 0.0158801 0.0135736 0.0111398 0.00882041 0.00677789 0.00508871 0.00375828 0.00274647 0.00199329
 1.00537e-16 2.91877e-05 0.000171291 0.000814202 0.00313466 0.0097751 0.0246913 0.0505228 0.0837515 0.112489 0.122445 0.108088 0.0775528 0.0456228 0.0228173 0.0111987 0.00764152 0.00843169 0.0112592 0.0150314 0.0191691 0.0231857 0.0265804 0.0288899 0.0297856 0.0291522 0.027115 0.0240035 0.0202673 0.0163704 0.0127007 0.00951508 0.00692981 0.00494431 0.00348336 0.00243956
 1.01068e-16 2.30304e-05 0.000135132 0.000642276 0.00247266 0.00771065 0.0194768 0.0398545 0.0660719 0.0887591 0.0966568 0.0854232 0.0615084 0.0366221 0.0191281 0.0107316 0.00904507 0.0111945 0.0153636 0.0206223 0.0263587 0.0319559 0.0367426 0.0400876 0.041537 0.0409201 0.0383889 0.0343701 0.0294537 0.0242535 0.0192859 0.0148987 0.0112567 0.00837345 0.00616604 0.0045092
 1.01389e-16 2.6268e-05 0.000154148 0.000732699 0.00282085 0.00879647 0.0222194 0.0454653 0.0753692 0.101235 0.110208 0.0973146 0.069887 0.0412424 0.0208676 0.0106435 0.00778416 0.00897006 0.0121337 0.0162842 0.0208694 0.025397 0.0293455 0.0322223 0.0336652 0.0335246 0.0318943 0.0290773 0.0255029 0.0216232 0.017823 0.0143671 0.0113902 0.00891983 0.0069157 0.0053079
 1.00542e-16 3.38819e-05 0.00019886 0.000945289 0.00363941 0.0113492 0.0286671 0.0586569 0.0972307 0.130579 0.142099 0.125349 0.0897445 0.0524065 0.0254906 0.011323 0.0062081 0.00578923 0.00738554 0.00979768 0.0125012 0.0151477 0.0174082 0.018982 0.0196545 0.0193462 0.0181315 0.0162151 0.013879 0.0114155 0.00906999 0.00700612 0.00530003 0.0039555 0.00293041 0.00216303
 1.00108e-16 3.77527e-05 0.000221591 0.00105337 0.00405557 0.012647 0.0319452 0.0653635 0.108345 0.145497 0.158312 0.139599 0.0998352 0.0580732 0.027825 0.0116421 0.00536593 0.00411216 0.00488914 0.0063937 0.00811909 0.00979466 0.011194 0.0121175 0.0124267 0.0120762 0.0111255 0.00972261 0.0080668 0.00636262 0.00477979 0.00342943 0.00235942 0.00156529 0.0010089 0.000637729
 1.00061e-16 3.86017e-05 0.000226577 0.00107708 0.00414686 0.0129316 0.0326642 0.0668346 0.110783 0.148769 0.161867 0.142723 0.102044 0.059308 0.0283226 0.0116879 0.0051433 0.00368835 0.00426378 0.00554547 0.00703358 0.00847858 0.00968086 0.0104668 0.0107165 0.0103915 0.00954497 0.00830732 0.00685348 0.00536271 0.0039835 0.00281273 0.00189164 0.00121529 0.000749106 0.000445769
 1.00196e-16 3.09245e-05 0.000181489 0.000862691 0.00332136 0.0103573 0.0261619 0.0535317 0.0887381 0.119183 0.129722 0.114489 0.0820955 0.0481947 0.023917 0.011429 0.00739994 0.00788027 0.0104182 0.0138679 0.0176471 0.0212894 0.0243243 0.0263209 0.0269782 0.0261984 0.024112 0.0210422 0.0174243 0.0137047 0.0102538 0.00731387 0.0049893 0.00326976 0.00207138 0.00127861
 1.00742e-16 2.54271e-05 0.000149206 0.000709193 0.00273032 0.00851417 0.0215064 0.0440068 0.0729533 0.0979959 0.106696 0.0942486 0.0677611 0.0401403 0.0205904 0.0109575 0.00856791 0.0102215 0.0139089 0.0186336 0.0237911 0.0288079 0.033071 0.0360078 0.037209 0.0365257 0.034104 0.0303417 0.0257846 0.0209992 0.0164608 0.0124875 0.00922737 0.00668746 0.00478421 0.0033944
 1.01014e-16 2.89124e-05 0.000169676 0.000806531 0.00310513 0.00968301 0.0244587 0.0500467 0.0829617 0.111427 0.121284 0.107053 0.076788 0.0451283 0.0224885 0.0109051 0.007277 0.00792498 0.010568 0.014141 0.0180984 0.0219938 0.0253678 0.0277902 0.0289478 0.0287151 0.0271816 0.024621 0.0214174 0.0179737 0.0146316 0.0116243 0.00906787 0.00698133 0.00532211 0.00402056
 1.00887e-16 2.86379e-05 0.000168063 0.00079886 0.00307559 0.00959089 0.024226 0.0495707 0.0821733 0.11037 0.120138 0.106053 0.0760944 0.0447689 0.0223985 0.0110081 0.00753335 0.00833349 0.0111462 0.014904 0.0190439 0.0230923 0.0265602 0.028992 0.0300601 0.0296412 0.0278444 0.0249763 0.0214608 0.0177384 0.0141795 0.0110325 0.00841447 0.00633432 0.004732 0.00351806
 1.0081e-16 2.94151e-05 0.000172627 0.00082056 0.00315915 0.00985146 0.0248842 0.0509173 0.0844048 0.113365 0.123393 0.108912 0.0781173 0.0459008 0.0228567 0.0110547 0.00733701 0.00795676 0.0105897 0.0141492 0.0180777 0.0219207 0.0252126 0.0275205 0.0285333 0.0281335 0.0264242 0.0236964 0.0203523 0.0168106 0.0134234 0.0104273 0.00793445 0.00595412 0.00442998 0.00327739
 1.00786e-16 3.08172e-05 0.000180862 0.000859717 0.00330992 0.0103216 0.0260718 0.053347 0.0884311 0.118768 0.129264 0.114069 0.0817603 0.0479296 0.0236597 0.0110993 0.00692054 0.0071848 0.00945693 0.0126178 0.0161255 0.0195655 0.0225221 0.02461 0.0255511 0.0252387 0.0237614 0.0213741 0.0184309 0.0153009 0.012295 0.00962329 0.00738637 0.00559479 0.0042017 0.00313542
 1.01019e-16 2.63825e-05 0.000154818 0.000735879 0.00283308 0.00883463 0.0223158 0.0456627 0.075697 0.101677 0.110693 0.0977532 0.0702237 0.0414846 0.0210697 0.0108746 0.00810641 0.00943245 0.0127703 0.0171094 0.0218696 0.0265236 0.030513 0.033315 0.0345533 0.0340854 0.0320352 0.0287531 0.0247243 0.0204538 0.0163659 0.0127464 0.00973052 0.00732966 0.00547648 0.00406969
 1.0131e-16 2.74031e-05 0.000160813 0.000764392 0.00294288 0.00917703 0.0231806 0.0474319 0.0786282 0.10561 0.114961 0.101493 0.0728446 0.0429017 0.0215479 0.0107299 0.00752571 0.00846105 0.0113772 0.0152533 0.019543 0.0237781 0.0274683 0.030152 0.0314907 0.031345 0.0298045 0.0271546 0.0237991 0.0201627 0.0166064 0.0133779 0.0106022 0.00830349 0.00644231 0.00495144
 1.01277e-16 2.72977e-05 0.000160194 0.000761445 0.00293153 0.00914163 0.0230912 0.047249 0.0783254 0.105204 0.114522 0.10111 0.0725808 0.0427686 0.021522 0.0107839 0.00764655 0.00865061 0.011644 0.0156035 0.0199742 0.0242748 0.0280012 0.0306801 0.0319669 0.0317248 0.0300535 0.0272554 0.0237542 0.0199925 0.0163447 0.0130646 0.0102761 0.00799693 0.00617749 0.00473989
 1.02488e-16 1.24e-05 7.27059e-05 0.000345459 0.00132978 0.00414658 0.0104745 0.0214364 0.035549 0.0477891 0.0521299 0.0462817 0.0337832 0.0210344 0.0126724 0.00978055 0.0112407 0.0156264 0.0219769 0.0296519 0.0380001 0.0462034 0.0533223 0.0584599 0.0609601 0.0605591 0.0574417 0.0521767 0.0455632 0.038438 0.0315097 0.0252605 0.0199285 0.0155512 0.0120398 0.00925167
 1.03794e-16 2.42274e-05 0.000142175 0.000675795 0.00260178 0.00811334 0.0204938 0.0419339 0.0695138 0.0933663 0.101631 0.0897156 0.0643748 0.0378806 0.0189692 0.00936228 0.00648328 0.00727775 0.00986898 0.0134026 0.0174581 0.0216889 0.0257201 0.0291744 0.0317387 0.0332221 0.0335834 0.0329168 0.0314087 0.0292814 0.0267445 0.0239687 0.0210824 0.0181817 0.0153471 0.0126521
 1.00854e-16 3.52467e-05 0.000206876 0.000983408 0.0037862 0.0118069 0.0298233 0.0610222 0.10115 0.135839 0.147812 0.130362 0.0932773 0.0543554 0.0262259 0.0112887 0.00568018 0.00485535 0.00602654 0.00796766 0.0101782 0.0123612 0.0142506 0.0156051 0.0162512 0.0161225 0.0152738 0.0138627 0.0121071 0.0102326 0.0084275 0.00681601 0.00545482 0.00434598 0.00345826 0.00274796
pSPR Fmed_Fpbrs
0.522232   0.41911 0.41911
Fs Fmed_Fpbrs
0.64   1.005 1.005
SSBpbr Bo_Bmed_Bpbrs
484665  228874  178895 178895
Ro
26458.5
SPR SPRFo_SPRFmed_SPRFpbrs
546481 285390 229036
log_Ro
10.0033
likeval ReclasPelacesDesembMPH_pf_preclas_ppelaces_ptallas_desvR_qrecl_qpela
 73.4836 0.00411735 0.0464237 58.0501 344.905 211.09 56.5817 0 21.093 5.48956e-05 0 0 0 0 0
q_reclas_q_pelaces
2.85739 1
M
0.7
N
 33452 10494 3390.96 401.42 0.173785
 38575.9 15000.8 2556.54 595.565 68.7397
 13967.6 17337.3 3712 459.365 116.378
 16376 5629.54 2005.23 219.808 32.3242
 32460.4 7634.17 1798.44 523.081 64.7226
 20997.4 15923.8 3481.39 788.653 256.966
 58714 9078.73 3007.57 421.725 122.254
 55208.6 26180.6 2126.14 498.657 87.7444
 87217.2 23241.4 4103.26 196.166 51.8762
 108837 36144.2 3264.42 322.615 18.6218
 61780.9 48824.6 8829.51 575.636 58.6438
 50096.2 25961.4 7556.88 799.876 55.0763
 52935.2 21195.4 4214.18 733.856 79.7235
 29075.3 20315.8 1741.74 151.532 27.4022
 15256.8 8990.68 369.456 6.93121 0.631167
 10642.3 4725.76 165.46 1.49603 0.0271671
 6911.65 4390.14 642.853 12.4153 0.109059
 7690.19 2918.32 702.546 61.1432 1.1434
 8672.26 3307.38 531.072 80.6095 6.89164
 9624.15 3781.92 663.174 70.2005 11.1917
 17999.9 4105.86 650.526 70.0853 8.27572
 22771.2 8288.61 1203.74 149.707 17.691
 32672 10477.3 2416.46 274.765 37.4769
 44773 14902.5 2874.52 504.781 63.8314
 15483.5 20404.9 4064.57 595.321 115.221
 23875.3 7136.39 6020.46 944.122 161.94
 54508.5 10771.7 1814.07 1125.09 201.713
pred_Ctot
 2346.79 4002.91 1670.4 200.766 0.0869864
 2649.46 5630.41 1241.96 293.798 33.9376
 1915.05 10356.6 2627.35 328.154 83.1769
 723.724 1480.96 710.07 79.2693 11.6684
 283.364 450.617 152.321 45.3405 5.61706
 1968.26 7491.49 2045.01 469.221 152.989
 4336.69 3599.93 1531.58 217.958 63.2335
 6103.35 13738.3 1363.07 323.314 56.9247
 10487.6 12852.7 2739.99 132.372 35.0252
 7607.26 13748.6 1604.2 160.969 9.29887
 6898.86 25784.9 5689.02 375.063 38.2326
 5381.29 13374.4 4774.86 511.272 35.2256
 8776.5 14004.2 3207.46 562.723 61.1561
 8106.08 16462 1515.08 132.276 23.9246
 4241.13 7278.96 321.207 6.04736 0.550785
 1309.58 2650.21 111.678 1.02017 0.0185358
 751.247 2278.89 408.634 7.98259 0.070163
 746.873 1406.49 420.857 37.0868 0.693992
 765.447 1492.31 301.443 46.3677 3.96696
 983.74 1886.1 408.352 43.748 6.97892
 945.261 1246.44 262.189 28.7378 3.39648
 1208.11 2537.27 488.786 61.8407 7.31443
 1923.8 3487.86 1057.13 122.196 16.6816
 2661.56 4998.65 1265.93 225.978 28.6006
 803.607 6135.19 1624.15 242.031 46.8869
 1579.11 2602.17 2852.36 454.348 77.9965
 6093.7 5692.8 1169.5 733.468 131.579
F
 0.102007 0.712154 1.03936 1.06511 1.06651
 0.0997692 0.696535 1.01656 1.04175 1.04311
 0.20871 1.4571 2.12657 2.17927 2.18212
 0.0631828 0.441108 0.643779 0.659732 0.660594
 0.0122041 0.0852021 0.124349 0.12743 0.127597
 0.138465 0.966685 1.41083 1.4458 1.44768
 0.107661 0.751628 1.09697 1.12415 1.12562
 0.165186 1.15324 1.6831 1.72481 1.72706
 0.180886 1.26285 1.84308 1.88875 1.89122
 0.101614 0.709416 1.03536 1.06102 1.06241
 0.166982 1.16578 1.7014 1.74356 1.74584
 0.160161 1.11816 1.6319 1.67234 1.67452
 0.257668 1.7989 2.62542 2.69048 2.69399
 0.473701 3.30712 4.8266 4.94621 4.95267
 0.471995 3.29521 4.80922 4.9284 4.93483
 0.185472 1.29487 1.8898 1.93663 1.93916
 0.162202 1.13241 1.6527 1.69365 1.69587
 0.14379 1.00386 1.4651 1.5014 1.50336
 0.129897 0.906873 1.32354 1.35634 1.35811
 0.15186 1.06021 1.54732 1.58567 1.58774
 0.0754828 0.52698 0.769104 0.788163 0.789193
 0.0762847 0.532578 0.777275 0.796537 0.797577
 0.0849861 0.593327 0.865935 0.887394 0.888553
 0.0858307 0.599224 0.874541 0.896213 0.897383
 0.0745705 0.520611 0.759809 0.778637 0.779654
 0.0959163 0.669636 0.977305 1.00152 1.00283
 0.167186 1.1672 1.70348 1.74569 1.74797
Np
 16831.6 7592.37 5813.23 310.484 35.2779
YTP_r0W_actual
 29621.8 84970.1 27023.3 21740.3 4329.02
YTP_p0W_proyectada
 9146.9 180647 24800.3 3168.95 2273.56
 9146.9 59890.4 86597 5999.57 757.109
CTP_r0_actual
 3612.42 3933.8 860.615 542.153 97.2814
CTP_p0_proyectada
 1115.48 8363.28 789.817 79.0262 51.0913
 1115.48 2772.7 2757.87 149.615 17.0137
Wmedp
 8.2 21.6 31.4 40.1 44.5
nmprior
 10.8 10.6 4.6 0
nm_flota  nm_reclas  nm_pelaces    nm_pelaL
inf 23.1407 9.96756 25.0049
cv_recla  cv_pelaces  cv_mph
0.742379 2.34303 0.610884
 ------------------------------------------------
Talla a la edad & desviaci?n 
 7.2 14.2025 17.0495 18.207 18.6776
 1.08 2.13037 2.55742 2.73105 2.80164
