years
 1997 1998 1999 2000 2001 2002 2003 2004 2005 2006 2007 2008 2009 2010 2011 2012 2013 2014 2015 2016 2017 2018 2019 2020 2021 2022 2023
reclasobs
 0 0 0 370054 412103 1.49427e+06 250295 1.28982e+06 931140 785840 897777 1.04006e+06 184774 17550 25797 100020 73551 82996 120727 218422 84188 347160 605670 569463 516374 1.08416e+06 1.01767e+06
reclaspred
 1.13708e+06 228444 555526 276702 321319 354346 666971 482455 622060 745522 684393 429753 232178 89200.9 73020.4 71101.7 71580.6 81877.3 82440.9 101397 167725 185298 323647 397842 468188 326067 354804
pelacesobs
 0 0 0 0 0 0 0 0 0 2.06254e+06 1.5e+06 0 1.87456e+06 323000 250000 174000 83755 137374 0 501740 490994 745055 786931 1.00524e+06 1.33801e+06 1.41789e+06 0
pelacespred
 651597 228639 186554 192891 193310 154971 339258 281892 335984 418906 321550 207610 104747 27715.9 26601.2 30282.5 31597.6 37304.2 37784 44636.8 90982.6 96954.2 133039 190803 217025 161897 161388
mphobs
 0 0 0 0 0 0 112323 0 153150 637223 0 255016 313432 73983 77613 109348 50772 17779 17303 59886 28197 0 207744 136588 643089 65757 70829
mphpred
 805513 426478 358991 307796 250628 342194 417121 524340 487022 625815 707652 462510 251253 113104 51235.9 54257.2 51910.4 59080.3 68843.3 69695.6 109010 164946 213397 307104 377098 291416 226432
desembarqueobs
 350755 77701 442110 56441 14545 235359 269955 359681 431902 328805 639364 411747 362871 311530 167758 66681 60226 58785 57116 73181 50977 67692 138656 160484 209506 203330 245020
desembarquepred
 350757 77699.1 442097 56443.2 14545.2 235495 269953 359562 431736 328723 639152 411662 362911 311217 167562 66682.3 60255.1 58779.7 57085.5 73173.3 50966.4 67668.5 138646 160461 209522 203332 244970
Reclutas
 40181.6 42352.9 20322.6 21040.4 37961.2 26944.5 57728.5 60168.1 99544.1 113636 66129.3 42529.5 46238.7 35183 22742.8 12585.9 7755.42 8373.94 9795.93 12866 21452.9 27517.8 39543.7 51685.6 17155.6 20189.2 76962.1
log_desv_Rt
 0.281867 0.334497 -0.39981 -0.365094 0.225023 -0.117762 0.64421 0.685601 1.18906 1.32146 0.78007 0.338656 0.422276 0.149021 -0.287292 -0.878964 -1.36315 -1.28642 -1.12957 -0.856954 -0.345683 -0.0967092 0.265865 0.533637 -0.569216 -0.406394 0.931773
SSB
 805513 426478 358991 307796 250628 342194 404240 517247 474626 612271 707652 462510 261425 120406 56318.1 60339 60821.7 65737.1 71630.4 77557.7 112218 164946 220510 300612 412390 335248 238452
BT
 2.03854e+06 568684 711016 463074 457269 492542 1.16093e+06 1.05681e+06 1.32825e+06 1.35228e+06 1.30042e+06 851313 616824 349139 218982 127317 125187 138957 133695 167702 284047 266646 396826 572496 603652 512937 628116
Ftot
 0.296824 0.326721 0.735951 0.197573 0.0442589 0.621294 0.387953 0.697145 0.653985 0.421686 0.855682 0.875558 1.36548 2.606 1.93677 0.863292 0.780122 0.672279 0.648944 0.676045 0.293151 0.350311 0.408954 0.386161 0.425708 0.58531 0.65133
BD_Bspro_t
 0.957613 0.754406 0.626723 0.408012 0.48754 0.625648 0.517916 0.543105 0.484268 0.490408 0.491052 0.319212 0.213338 0.125401 0.0690849 0.0838837 0.113334 0.161407 0.213884 0.277802 0.384973 0.545666 0.578621 0.578664 0.580897 0.464553 0.395385
BD_Bspro
 1.28662 0.6812 0.573405 0.491632 0.40032 0.546576 0.645679 0.826182 0.758105 0.97796 1.13031 0.738751 0.417566 0.192321 0.089955 0.0963774 0.0971486 0.105 0.114413 0.12388 0.179243 0.263462 0.352213 0.480158 0.658697 0.53548 0.380871
BD_Bo
 0.846536 0.448198 0.377273 0.323471 0.263392 0.359621 0.424826 0.543589 0.498797 0.643452 0.743691 0.486064 0.274739 0.126538 0.0591862 0.0634118 0.0639192 0.0690849 0.0752783 0.0815075 0.117933 0.173346 0.231739 0.315921 0.433391 0.352321 0.250595
BD_Brms
 4.12436 2.18364 1.8381 1.57597 1.28326 1.75209 2.06978 2.64839 2.43017 3.13493 3.6233 2.36813 1.33854 0.6165 0.288358 0.308946 0.311418 0.336585 0.36676 0.397109 0.574578 0.844549 1.12905 1.53919 2.11151 1.71653 1.22091
S_f
 0.5 1 1 1 1
 0.5 1 1 1 1
 0.5 1 1 1 1
 0.5 1 1 1 1
 0.5 1 1 1 1
 0.5 1 1 1 1
 0.5 1 1 1 1
 0.5 1 1 1 1
 0.5 1 1 1 1
 0.5 1 1 1 1
 0.5 1 1 1 1
 0.5 1 1 1 1
 0.5 1 1 1 1
 0.5 1 1 1 1
 0.5 1 1 1 1
 0.5 1 1 1 1
 0.5 1 1 1 1
 0.5 1 1 1 1
 0.5 1 1 1 1
 0.5 1 1 1 1
 0.5 1 1 1 1
 0.5 1 1 1 1
 0.5 1 1 1 1
 0.5 1 1 1 1
 0.5 1 1 1 1
 0.5 1 1 1 1
 0.5 1 1 1 1
Scru_reclas
 0.5 1 1 1 1
 0.5 1 1 1 1
 0.5 1 1 1 1
 0.5 1 1 1 1
 0.5 1 1 1 1
 0.5 1 1 1 1
 0.5 1 1 1 1
 0.5 1 1 1 1
 0.5 1 1 1 1
 0.5 1 1 1 1
 0.5 1 1 1 1
 0.5 1 1 1 1
 0.5 1 1 1 1
 0.5 1 1 1 1
 0.5 1 1 1 1
 0.5 1 1 1 1
 0.5 1 1 1 1
 0.5 1 1 1 1
 0.5 1 1 1 1
 0.5 1 1 1 1
 0.5 1 1 1 1
 0.5 1 1 1 1
 0.5 1 1 1 1
 0.5 1 1 1 1
 0.5 1 1 1 1
 0.5 1 1 1 1
 0.5 1 1 1 1
Scru_pelaces
 0.5 1 1 1 1
 0.5 1 1 1 1
 0.5 1 1 1 1
 0.5 1 1 1 1
 0.5 1 1 1 1
 0.5 1 1 1 1
 0.5 1 1 1 1
 0.5 1 1 1 1
 0.5 1 1 1 1
 0.5 1 1 1 1
 0.5 1 1 1 1
 0.5 1 1 1 1
 0.5 1 1 1 1
 0.5 1 1 1 1
 0.5 1 1 1 1
 0.5 1 1 1 1
 0.5 1 1 1 1
 0.5 1 1 1 1
 0.5 1 1 1 1
 0.5 1 1 1 1
 0.5 1 1 1 1
 0.5 1 1 1 1
 0.5 1 1 1 1
 0.5 1 1 1 1
 0.5 1 1 1 1
 0.5 1 1 1 1
 0.5 1 1 1 1
pf_obs 
 0.256992 0.487395 0.22802 0.0275931 0
 0.321318 0.546541 0.124235 0.00734118 0.000564706
 0.182869 0.594174 0.210203 0.0122559 0.00049798
 0.330522 0.361315 0.267642 0.0388342 0.00168674
 0.649043 0.306663 0.0425973 0.00169635 0
 0.582887 0.30429 0.105238 0.00758474 0
 0.465427 0.430635 0.0974691 0.00646863 0
 0.296916 0.608066 0.0921331 0.00288517 0
 0.311714 0.524322 0.152257 0.0117073 0
 0.15457 0.633149 0.183074 0.0267441 0.00246327
 0.131901 0.49318 0.331252 0.0422183 0.00144891
 0.196976 0.569456 0.194076 0.0375587 0.00193317
 0.518974 0.381816 0.0799577 0.0180837 0.00116848
 0.0928022 0.601141 0.25162 0.0475244 0.00691264
 0.122501 0.610282 0.24278 0.0234846 0.000952079
 0.383417 0.481906 0.127806 0.00687128 0
 0.0376549 0.599619 0.316969 0.0457579 0
 0.0361596 0.667082 0.258105 0.0386534 0
 0.158088 0.579412 0.248529 0.0139706 0
 0.0477256 0.309471 0.559284 0.082774 0.000745712
 0.0406174 0.521527 0.379366 0.0568643 0.0016247
 0.151134 0.462217 0.34131 0.0453401 0
 0.294876 0.26143 0.354403 0.0886775 0.000613685
 0.281977 0.475581 0.204845 0.0348837 0.00271318
 0.0841818 0.532909 0.334909 0.0458182 0.00218182
 0.115287 0.27431 0.454777 0.147771 0.00785563
 0 0 0 0 0
pf_pred 
 0.432414 0.398501 0.150999 0.018083 4.02513e-06
 0.451479 0.342281 0.1448 0.0548673 0.00657215
 0.297851 0.45219 0.155976 0.0659848 0.0279977
 0.446945 0.284405 0.173013 0.0596782 0.0359588
 0.560945 0.277034 0.083318 0.0506852 0.0280174
 0.374071 0.451436 0.110101 0.0331129 0.0312786
 0.653112 0.204598 0.102623 0.0250287 0.0146378
 0.542141 0.370062 0.0517837 0.0259737 0.0100396
 0.667312 0.247785 0.0686226 0.00960253 0.00667813
 0.590873 0.339503 0.0518554 0.014361 0.00340715
 0.395731 0.462636 0.117531 0.0179516 0.00615108
 0.425897 0.361417 0.162835 0.0413678 0.00848349
 0.589057 0.27105 0.088067 0.0396784 0.0121473
 0.647079 0.287905 0.0428835 0.0139333 0.00819948
 0.748831 0.226314 0.020276 0.00302012 0.00155873
 0.614923 0.353944 0.0280522 0.00251326 0.000567559
 0.473275 0.424526 0.0939362 0.00744501 0.000817644
 0.560797 0.30508 0.108099 0.0239195 0.00210396
 0.587315 0.312573 0.0695401 0.0246403 0.0059318
 0.619049 0.295425 0.0647777 0.0144115 0.00633578
 0.666883 0.266203 0.051891 0.0113781 0.00364423
 0.566969 0.352187 0.0646051 0.0125935 0.00364578
 0.582615 0.310311 0.0870837 0.0159746 0.0040154
 0.570497 0.325881 0.07704 0.02162 0.00496286
 0.248935 0.561975 0.14347 0.0339171 0.0117032
 0.414544 0.251014 0.250242 0.0638858 0.0203143
 0.786334 0.134073 0.0341257 0.0340207 0.0114471
pobs_RECLAS
 0 0 0 0 0
 0 0 0 0 0
 0 0 0 0 0
 0 0 0 0 0
 0.835266 0.146461 0.0176864 0.000547809 3.91292e-05
 0.385257 0.428462 0.181853 0.0044286 0
 0.867414 0.0963971 0.0333333 0.00285562 0
 0.441836 0.489002 0.0689373 0.000224442 0
 0.779404 0.147425 0.0564933 0.0165055 0.000172143
 0.814271 0.122319 0.05973 0.00367925 0
 0.40263 0.566651 0.0304383 0.000280538 0
 0.475488 0.404961 0.113038 0.00651328 0
 0.955842 0.0263864 0.0167828 0.000988607 0
 0.975058 0.0227948 0.00214734 0 0
 0.738997 0.206755 0.0527124 0.00153531 0
 0.850938 0.134255 0.0134407 0.00136685 0
 0.542534 0.407297 0.0501686 0 0
 0.764087 0.199537 0.0359546 0.000420521 0
 0.470689 0.182191 0.310203 0.0369168 0
 0.84361 0.089868 0.0606195 0.00523954 0.000663233
 0.607945 0.314616 0.071237 0.00620181 0
 0.523733 0.453247 0.0230204 0 0
 0.530135 0.295979 0.169645 0.0042399 0
 0.562478 0.366248 0.0663022 0.0049721 0
 0.250443 0.683176 0.0655157 0.000865301 0
 0.195077 0.31981 0.436473 0.0351445 0.0134964
 0.565238 0.351407 0.0832357 0.000118908 0
ppred_RECLAS
 0.435177 0.39656 0.150264 0.017995 4.00553e-06
 0.454621 0.340321 0.143971 0.0545531 0.00653451
 0.305732 0.447115 0.154225 0.0652441 0.0276834
 0.448651 0.283527 0.17248 0.0594941 0.0358478
 0.561275 0.276826 0.0832553 0.0506471 0.0279963
 0.381006 0.446435 0.108881 0.0327461 0.0309321
 0.656674 0.202498 0.101569 0.0247717 0.0144875
 0.550729 0.363121 0.0508124 0.0254865 0.00985125
 0.674308 0.242574 0.0671794 0.00940057 0.00653768
 0.595109 0.335988 0.0513185 0.0142123 0.00337187
 0.406885 0.454096 0.115361 0.0176202 0.00603753
 0.437674 0.354003 0.159495 0.0405191 0.00830946
 0.611465 0.256271 0.083265 0.0375149 0.011485
 0.703543 0.241843 0.0360226 0.0117041 0.00688765
 0.77791 0.200112 0.0179285 0.00267046 0.00137826
 0.625998 0.343765 0.0272454 0.00244098 0.000551236
 0.483416 0.416353 0.0921276 0.00730167 0.000801902
 0.568891 0.299458 0.106107 0.0234787 0.00206519
 0.594891 0.306834 0.0682635 0.0241879 0.00582291
 0.626845 0.28938 0.0634522 0.0141166 0.00620613
 0.66934 0.26424 0.0515083 0.0112942 0.00361735
 0.570363 0.349426 0.0640987 0.0124947 0.0036172
 0.586712 0.307266 0.0862291 0.0158178 0.003976
 0.574331 0.322971 0.0763522 0.021427 0.00491855
 0.252272 0.559477 0.142833 0.0337664 0.0116512
 0.421157 0.248179 0.247415 0.0631642 0.0200848
 0.79158 0.130781 0.0332878 0.0331855 0.0111661
pobs_PELACES
 0 0 0 0 0
 0 0 0 0 0
 0 0 0 0 0
 0 0 0 0 0
 0 0 0 0 0
 0 0 0 0 0
 0 0 0 0 0
 0 0 0 0 0
 0 0 0 0 0
 0 0 0 0 0
 0.450072 0.473896 0.0757376 0.000293798 0
 0 0 0 0 0
 0.463077 0.371075 0.160297 0.00555027 0
 0.529543 0.364841 0.0842815 0.0213345 0
 0.631943 0.363953 0.00410389 0 0
 0.735681 0.248677 0.0153453 0.000297389 0
 0.695825 0.281241 0.0229344 0 0
 0.275771 0.60734 0.115278 0.00161068 0
 0 0 0 0 0
 0.896147 0.0623911 0.0374545 0.00400742 0
 0.803859 0.145111 0.0509908 3.86294e-05 0
 0.739449 0.233085 0.0266225 0.000797448 4.60066e-05
 0.878498 0.100942 0.0204185 0.000141795 0
 0.694673 0.275183 0.0284847 0.00165964 0
 0.469039 0.446079 0.0841089 0.000773354 0
 0.822795 0.102175 0.0682046 0.00682512 0
 0 0 0 0 0
ppred_PELACES
 0.447251 0.388083 0.147051 0.0176103 3.91991e-06
 0.468016 0.331962 0.140435 0.0532131 0.00637401
 0.332097 0.430136 0.148369 0.0627665 0.0266321
 0.456728 0.279374 0.169953 0.0586226 0.0353227
 0.563073 0.275692 0.0829142 0.0504396 0.0278816
 0.405459 0.428798 0.10458 0.0314524 0.0297101
 0.670958 0.194073 0.0973432 0.0237411 0.0138847
 0.578994 0.340276 0.0476156 0.0238831 0.00923148
 0.697547 0.225266 0.062386 0.00872983 0.00607121
 0.611758 0.322173 0.0492084 0.013628 0.00323322
 0.441354 0.427706 0.108657 0.0165962 0.00568666
 0.473489 0.331455 0.149337 0.0379384 0.00778021
 0.663466 0.221972 0.0721209 0.0324939 0.00994784
 0.78486 0.175506 0.0261418 0.00849373 0.0049984
 0.828225 0.154777 0.0138668 0.00206547 0.00106602
 0.658705 0.313702 0.0248628 0.00222751 0.00050303
 0.515585 0.390426 0.0863906 0.00684698 0.000751965
 0.595862 0.280723 0.099469 0.0220098 0.00193599
 0.620413 0.287504 0.063963 0.0226641 0.00545607
 0.652546 0.269449 0.0590818 0.0131443 0.00577867
 0.679957 0.255756 0.0498545 0.0109316 0.00350121
 0.584466 0.337956 0.0619946 0.0120846 0.00349847
 0.602972 0.295176 0.0828364 0.0151955 0.00381956
 0.589829 0.311212 0.0735722 0.0206469 0.00473947
 0.265751 0.549392 0.140258 0.0331577 0.0114412
 0.444863 0.238015 0.237283 0.0605774 0.0192623
 0.808755 0.120003 0.0305446 0.0304507 0.0102459
pobs_pel_tallas
 0 0 0 0 0 0 0 0 0 0 0 0 0 0 0 0 0 0 0 0 0 0 0 0 0 0 0 0 0 0 0 0 0 0 0 0
 0 0 0 0 0 0 0 0 0 0 0 0 0 0 0 0 0 0 0 0 0 0 0 0 0 0 0 0 0 0 0 0 0 0 0 0
 0 0 0 0 0 0 0 0 0 0 0 0 0 0 0 0 0 0 0 0 0 0 0 0 0 0 0 0 0 0 0 0 0 0 0 0
 0 0 0 0 0 0 0 0 0 0 0 0 0 0 0 0 0 0 0 0 0 0 0 0 0 0 0 0 0 0 0 0 0 0 0 0
 0 0 0 0 0 0 0 0 0 0 0 0 0 0 0 0 0 0 0 0 0 0 0 0 0 0 0 0 0 0 0 0 0 0 0 0
 0 0 0 0 0 0 0 0 0 0 0 0 0 0 0 0 0 0 0 0 0 0 0 0 0 0 0 0 0 0 0 0 0 0 0 0
 0 0 0 0 0 0 0 0 0 0 0 0 0 0 0 0 0 0 0 0 0 0 0 0 0 0 0 0 0 0 0 0 0 0 0 0
 0 0 0 0 0 0 0 0 0 0 0 0 0 0 0 0 0 0 0 0 0 0 0 0 0 0 0 0 0 0 0 0 0 0 0 0
 0 0 0 0 0 0 0 0 0 0 0 0 0 0 0 0 0 0 0 0 0 0 0 0 0 0 0 0 0 0 0 0 0 0 0 0
 0 0 0 0 0 0 0 0 0 0 0 0 0 0 0 0 0 0 0 0 0 0 0 0 0 0 0 0 0 0 0 0 0 0 0 0
 0 0 0 0 0 0 0 0 1.78061e-05 0.00172719 0.00360574 0.0105946 0.0120993 0.0124554 0.0147524 0.0171206 0.0266825 0.0428682 0.0675386 0.121331 0.153587 0.119568 0.100827 0.0573624 0.0630603 0.0341343 0.0324427 0.0444173 0.0211091 0.0280891 0.0125444 0.00206551 0 0 0 0
 0 0 0 0 0 0 0 0 0 0 0 0 0 0 0 0 0 0 0 0 0 0 0 0 0 0 0 0 0 0 0 0 0 0 0 0
 0 0 0 0 0 0 0.0133647 0.0140871 0.0187388 0.0205184 0.03894 0.0496705 0.03968 0.0493445 0.0407372 0.0367815 0.0215668 0.0243155 0.0234873 0.0199281 0.019796 0.0243948 0.0301388 0.0376714 0.0412746 0.0863199 0.0771752 0.113111 0.0741005 0.0525337 0.0229764 0.00759418 0.00175318 0 0 0
 0 0 0 0 0 0 0 0 0 0 0.00219441 0.00772107 0.0458388 0.0604681 0.0671733 0.0775358 0.0609151 0.0617685 0.073594 0.0568108 0.0755445 0.0548602 0.0670107 0.0636378 0.0643287 0.046367 0.0373049 0.0286899 0.0247887 0.0153202 0.00654259 0.00121912 0.000365735 0 0 0
 0 0 0 0 0 0 0 0 0 0 0 0 0.000112435 0.00938835 0.0111873 0.0202946 0.0414886 0.0713402 0.111592 0.104902 0.108894 0.110636 0.117776 0.105296 0.107544 0.0401394 0.0192827 0.0124803 0.00416011 0.0028671 0.000618394 0 0 0 0 0
 0 0 0 0 0 0 0 0 0 0 0.00291406 0.0102884 0.027416 0.0768956 0.0749926 0.110853 0.0956884 0.0897413 0.0766577 0.0534642 0.0500743 0.0551293 0.0594112 0.0620874 0.0668451 0.0424026 0.0208742 0.0120726 0.0048766 0.00582813 0.00118941 0.000297354 0 0 0 0
 0 0.00264628 0.0354308 0.0461629 0.0458689 0.0383711 0.0214643 0.0164657 0.0346957 0.0420465 0.0363128 0.0245516 0.0311673 0.0291091 0.0169068 0.0133784 0.00837989 0.0085269 0.0148486 0.0160247 0.0276389 0.0546898 0.0760071 0.122758 0.109233 0.0665981 0.0333725 0.0166128 0.00676272 0.00308733 0.000882094 0 0 0 0 0
 0 0 0 0 0 0 0 0.000805153 0.000690131 0.00759144 0.0133425 0.0154129 0.00931677 0.000345066 0.00356568 0.00563607 0.00851162 0.0253048 0.0502646 0.0516448 0.0657925 0.0565908 0.0611916 0.0827007 0.0866115 0.110766 0.145733 0.0935128 0.0569358 0.0249597 0.0138026 0.00621118 0.00161031 0.00115022 0 0
 0 0 0 0 0 0 0 0 0 0 0 0 0 0 0 0 0 0 0 0 0 0 0 0 0 0 0 0 0 0 0 0 0 0 0 0
 0.00147267 0.00158595 0.00478618 0.00569244 0.00954404 0.0108468 0.00647125 0.017049 0.0510054 0.094081 0.124002 0.0959785 0.0687766 0.0820023 0.061753 0.0591476 0.0492212 0.0479892 0.0443925 0.0268479 0.0217502 0.0140895 0.0121071 0.0120363 0.00920419 0.00665534 0.0049561 0.00860946 0.00930331 0.0156896 0.0114698 0.00855282 0.00243557 0.00046729 0 2.83206e-05
 0 0 0 0 0.000772559 0.00158375 0.000888443 0.00281984 0.00712685 0.0440552 0.0773331 0.111326 0.0921469 0.0852325 0.0710754 0.0886704 0.0786465 0.0553345 0.0373146 0.0185414 0.00753245 0.00457741 0.012979 0.0271748 0.0457355 0.0583668 0.034881 0.0177882 0.00938659 0.00492506 0.0015258 0.00185414 0.000309023 5.79419e-05 3.86279e-05 0
 0 0.00173294 0.00326652 0 0.00397197 0.00683976 0.00946217 0.0152591 0.00757587 0.0136028 0.0228656 0.0392903 0.0559909 0.0764795 0.0681675 0.0726916 0.0566044 0.0477403 0.0527397 0.0444891 0.0609904 0.0582453 0.0661739 0.0445044 0.0529084 0.0360697 0.0280645 0.0235558 0.0158879 0.00826598 0.00280645 0.00217768 0.000904811 0.00058276 9.20147e-05 0
 0 0 0 0 0 0 0 0 0 0 0 0 0 0 0 0 0 0 0 0 0 0 0 0 0 0 0 0 0 0 0 0 0 0 0 0
 0 0 0 0 0 0 0 0 0 0 0 0 0 0 0 0 0 0 0 0 0 0 0 0 0 0 0 0 0 0 0 0 0 0 0 0
 0 0 0 0 0 0 0 0 0 0 0 0 0 0 0 0 0 0 0 0 0 0 0 0 0 0 0 0 0 0 0 0 0 0 0 0
 0 0 0 0 0 0 0 0 0 0 0 0 0 0 0 0 0 0 0 0 0 0 0 0 0 0 0 0 0 0 0 0 0 0 0 0
 0 0 0 0 0 0 0 0 0 0 0 0 0 0 0 0 0 0 0 0 0 0 0 0 0 0 0 0 0 0 0 0 0 0 0 0
ppred_pel_tallas
 1.0282e-16 1.9531e-05 0.000114589 0.000544615 0.00209665 0.00653807 0.016515 0.0337942 0.0560265 0.0752689 0.0819785 0.0724797 0.0522519 0.0312389 0.016554 0.00967067 0.00859616 0.0109247 0.0151404 0.0204645 0.0263675 0.0322924 0.0376142 0.0417263 0.0441658 0.0447122 0.0434278 0.0406221 0.0367583 0.0323372 0.0277959 0.0234485 0.0194756 0.0159488 0.0128718 0.0102183
 1.04228e-16 2.04341e-05 0.000119896 0.000569859 0.00219386 0.00684125 0.0172807 0.0353605 0.058621 0.078748 0.0857504 0.0757735 0.0545371 0.0324262 0.0168575 0.00934169 0.00776403 0.00958869 0.013234 0.0179227 0.0231769 0.0285231 0.0334339 0.0373934 0.0399997 0.041048 0.0405644 0.0387757 0.0360345 0.0327235 0.0291754 0.0256284 0.0222215 0.0190175 0.0160384 0.0132942
 1.05648e-16 1.45113e-05 8.51154e-05 0.000404487 0.00155711 0.00485552 0.0122651 0.0250989 0.0416152 0.0559217 0.0609424 0.0539662 0.0390905 0.0237424 0.0132617 0.00881231 0.0089858 0.0120512 0.0169012 0.022917 0.029596 0.0363508 0.0425048 0.047398 0.0505238 0.0516374 0.0507973 0.0483234 0.0446947 0.0404216 0.0359391 0.0315469 0.0274049 0.0235668 0.0200296 0.0167768
 1.06169e-16 1.99397e-05 0.000116999 0.000556094 0.00214089 0.00667605 0.0168634 0.0345062 0.0572037 0.0768406 0.0836642 0.0739084 0.0531478 0.0315066 0.0162094 0.0087164 0.00695265 0.008441 0.011651 0.0158586 0.0206541 0.0256505 0.030413 0.0345055 0.0375723 0.0394051 0.0399727 0.0393996 0.0379099 0.0357567 0.0331645 0.0302995 0.0272712 0.0241519 0.0210027 0.0178908
 1.04303e-16 2.45765e-05 0.000144221 0.000685516 0.0026392 0.00823002 0.0207885 0.0425373 0.0705149 0.0947135 0.103104 0.0910326 0.0653552 0.0385277 0.0194212 0.00979101 0.00702895 0.00803401 0.0108864 0.0146866 0.0189585 0.0232917 0.0272497 0.0304132 0.0324626 0.033246 0.0328042 0.0313427 0.0291652 0.026591 0.0238871 0.0212309 0.0187098 0.0163446 0.0141239 0.0120334
 1.04094e-16 1.77101e-05 0.000103895 0.00049377 0.00190087 0.00592754 0.0149729 0.0306392 0.0507982 0.0682518 0.0743538 0.0657812 0.0475156 0.0285931 0.0154903 0.0095757 0.00907429 0.0118259 0.0164552 0.0222225 0.0285777 0.0349146 0.0405509 0.0448321 0.0472705 0.0476537 0.0460854 0.0429397 0.0387519 0.0340835 0.0294074 0.0250421 0.0211442 0.0177421 0.0147906 0.01222
 1.0291e-16 2.92776e-05 0.000171828 0.000816779 0.00314462 0.00980617 0.0247696 0.0506824 0.084013 0.112831 0.122794 0.10834 0.0776115 0.0454126 0.0222618 0.0101893 0.00602633 0.00603376 0.00791743 0.0106551 0.013795 0.0170218 0.0200208 0.0224876 0.0241822 0.0249765 0.0248739 0.0239935 0.0225274 0.0206875 0.0186598 0.01658 0.0145312 0.0125568 0.0106801 0.00891887
 1.02039e-16 2.52733e-05 0.000148307 0.000704925 0.0027139 0.00846297 0.021377 0.0437419 0.0725132 0.097402 0.106042 0.0936545 0.0672976 0.039793 0.0202793 0.0105796 0.00802643 0.0094346 0.0128136 0.017195 0.0220171 0.0267629 0.0308818 0.0338567 0.0353128 0.0351043 0.0333453 0.0303705 0.0266447 0.0226494 0.0187862 0.0153211 0.0123758 0.00995627 0.00799827 0.00641164
 1.01543e-16 3.04382e-05 0.000178639 0.000849153 0.00326926 0.0101949 0.0257515 0.0526914 0.0873439 0.117306 0.127668 0.11265 0.0807199 0.047273 0.0232497 0.0107654 0.00652815 0.00664705 0.00872426 0.0116726 0.0149861 0.0182931 0.0212227 0.0234259 0.0246431 0.0247601 0.0238306 0.0220529 0.0197132 0.0171147 0.0145165 0.0120983 0.00995409 0.00810841 0.00654329 0.0052233
 1.01423e-16 2.67013e-05 0.000156692 0.000744791 0.0028674 0.00894166 0.0225861 0.0462157 0.076613 0.102906 0.112025 0.0989165 0.0710314 0.0419057 0.0211804 0.0107645 0.00782251 0.00897612 0.0121199 0.0162438 0.0207857 0.0252469 0.0291022 0.0318593 0.0331616 0.0328703 0.0310948 0.028156 0.0245 0.0205911 0.0168196 0.0134472 0.0105979 0.00828329 0.00644502 0.00499603
 1.02518e-16 1.92753e-05 0.000113085 0.000537456 0.00206907 0.00645207 0.0162978 0.03335 0.0552914 0.074285 0.0809164 0.0715634 0.0516406 0.0309718 0.0165907 0.00996719 0.00914854 0.0117668 0.0163178 0.0220048 0.0282558 0.0344543 0.0399116 0.0439685 0.0461352 0.0462014 0.0442783 0.0407534 0.0361819 0.0311507 0.0261605 0.021557 0.017519 0.0140894 0.0112265 0.00885312
 1.03895e-16 2.06727e-05 0.000121297 0.00057652 0.00221951 0.00692123 0.0174827 0.0357738 0.0593062 0.079668 0.0867511 0.0766553 0.0551662 0.0327894 0.0170262 0.00940311 0.00777863 0.00958562 0.0132233 0.0179062 0.0231535 0.0284902 0.0333874 0.037327 0.0399046 0.0409129 0.040376 0.0385205 0.0357006 0.0323034 0.0286684 0.0250418 0.0215711 0.0183266 0.0153346 0.0126064
 1.02678e-16 2.8952e-05 0.000169914 0.000807673 0.00310955 0.00969681 0.0244934 0.0501174 0.0830774 0.111577 0.121436 0.107157 0.0767976 0.0450039 0.0221864 0.0103638 0.00641224 0.00663874 0.00876982 0.0117764 0.0151789 0.0186213 0.0217441 0.0242053 0.0257449 0.0262393 0.025723 0.0243668 0.0224237 0.0201631 0.017814 0.0155341 0.0134069 0.0114586 0.00968456 0.00807146
 1.00954e-16 3.42434e-05 0.000200984 0.000955391 0.00367832 0.0114705 0.0289736 0.0592837 0.0982691 0.131972 0.14361 0.126669 0.0906626 0.0528886 0.0256245 0.0112122 0.00590848 0.00530499 0.00669467 0.00887795 0.011349 0.0137897 0.0159062 0.0174298 0.0181665 0.0180407 0.0171115 0.0155522 0.0136036 0.0115161 0.00949899 0.00769164 0.00615894 0.00490535 0.00389834 0.00309104
 1.00369e-16 3.61334e-05 0.000212082 0.00100816 0.00388149 0.0121041 0.0305739 0.062558 0.103696 0.139257 0.151529 0.133636 0.0956087 0.0556924 0.0268301 0.011478 0.00567019 0.00474266 0.00583446 0.00768804 0.00979301 0.0118513 0.0135991 0.0147993 0.0152842 0.0149939 0.0139905 0.0124395 0.0105674 0.00860785 0.00675615 0.00514176 0.00382325 0.00280073 0.00203717 0.00147977
 1.00556e-16 2.8748e-05 0.000168709 0.000801923 0.00308738 0.00962765 0.0243189 0.0497609 0.0824889 0.110795 0.120604 0.106471 0.0764098 0.0449854 0.0225635 0.0111815 0.00776702 0.00866622 0.0116039 0.0154977 0.0197642 0.0239045 0.0274029 0.0297816 0.0307021 0.0300456 0.0279416 0.0247304 0.0208758 0.0168569 0.0130734 0.00979053 0.00712774 0.00508413 0.00358171 0.00250933
 1.01624e-16 2.25106e-05 0.000132082 0.000627779 0.00241685 0.00753662 0.0190372 0.0389548 0.0645802 0.0867544 0.0944717 0.0834871 0.0601037 0.0357649 0.0186432 0.0104032 0.00871083 0.0107596 0.0147824 0.0198843 0.0254872 0.0310122 0.0358254 0.039325 0.0410687 0.040874 0.0388568 0.0353886 0.030996 0.0262337 0.0215737 0.017341 0.0137012 0.0106878 0.0082511 0.00630431
 1.02351e-16 2.60066e-05 0.000152617 0.000725427 0.00279286 0.00870921 0.0219989 0.0450139 0.07462 0.100226 0.109102 0.0963209 0.0691357 0.0407239 0.0204676 0.0102177 0.00720659 0.00814523 0.0109962 0.0148046 0.0190675 0.0233548 0.027211 0.0301992 0.0319869 0.032417 0.0315363 0.0295685 0.0268468 0.0237294 0.0205263 0.0174573 0.0146457 0.0121368 0.00992895 0.00800176
 1.02036e-16 2.70773e-05 0.000158902 0.000755308 0.00290791 0.00906798 0.0229052 0.0468681 0.0776936 0.104354 0.113593 0.10028 0.0719657 0.0423667 0.0212474 0.010529 0.00732232 0.00819433 0.0110153 0.0147839 0.0189729 0.0231354 0.0268044 0.0295389 0.0310129 0.0310884 0.0298427 0.0275369 0.024543 0.0212511 0.017991 0.0149866 0.0123492 0.0100996 0.008204 0.00660831
 1.01649e-16 2.84778e-05 0.000167126 0.000794407 0.00305846 0.00953746 0.024091 0.0492944 0.0817145 0.109751 0.11946 0.10544 0.0756263 0.0444361 0.0221263 0.0107019 0.00710821 0.00772241 0.0103014 0.013803 0.0176994 0.0215628 0.0249526 0.0274548 0.0287644 0.0287538 0.0274991 0.0252503 0.022362 0.0192065 0.0160991 0.0132547 0.0107801 0.00869507 0.00696583 0.00553704
 1.01331e-16 2.96724e-05 0.000174141 0.00082776 0.00318688 0.00993794 0.0251026 0.051364 0.0851444 0.114356 0.124465 0.109843 0.0787514 0.046206 0.0228843 0.010863 0.00694664 0.00735047 0.00973418 0.0130191 0.0166754 0.0202888 0.0234392 0.0257338 0.0268853 0.0267769 0.0254867 0.0232592 0.0204388 0.0173859 0.0144049 0.0117026 0.0093803 0.00745379 0.00588563 0.00461662
 1.01569e-16 2.55119e-05 0.000149707 0.000711584 0.00273954 0.00854292 0.021579 0.0441551 0.0731981 0.0983215 0.107042 0.0945348 0.0679242 0.0401515 0.0204401 0.0106282 0.00802154 0.00940376 0.0127661 0.0171336 0.0219438 0.0266809 0.0307948 0.0337676 0.0352211 0.035004 0.0332236 0.0302084 0.026419 0.0223371 0.0183695 0.0147916 0.0117381 0.00922798 0.00720816 0.00559564
 1.01973e-16 2.63172e-05 0.000154439 0.000734087 0.0028262 0.00881316 0.0222615 0.0455513 0.0755112 0.101424 0.110408 0.0974785 0.069977 0.0412401 0.0207646 0.0104261 0.00742551 0.00843372 0.0113839 0.0152994 0.0196556 0.0239979 0.0278461 0.0307436 0.0323493 0.0325127 0.0313026 0.0289777 0.0259116 0.022501 0.0190854 0.0159008 0.0130717 0.0106321 0.00856065 0.00681277
 1.02077e-16 2.57447e-05 0.000151077 0.000718099 0.00276463 0.00862118 0.0217766 0.0445593 0.0738673 0.0992179 0.108011 0.0953752 0.068494 0.0404201 0.0204515 0.0104323 0.00763313 0.00880319 0.0119197 0.0160167 0.0205593 0.0250722 0.0290506 0.0320159 0.0336136 0.0336927 0.0323347 0.0298216 0.0265555 0.0229597 0.0193937 0.0161029 0.0132118 0.0107465 0.00867372 0.00693644
 1.03844e-16 1.16232e-05 6.81485e-05 0.0003238 0.0012464 0.00388657 0.00981771 0.0200923 0.0333202 0.0447935 0.0488638 0.0433859 0.031678 0.019741 0.0119251 0.00925108 0.0106786 0.0148807 0.0209686 0.0283555 0.0364436 0.0444765 0.051578 0.0569043 0.0598262 0.0600708 0.0577749 0.0534271 0.0477292 0.0414217 0.0351348 0.0293017 0.0241448 0.0197161 0.0159644 0.0127977
 1.06428e-16 1.94209e-05 0.000113956 0.000541636 0.00208523 0.0065025 0.0164249 0.0336089 0.0557153 0.0748389 0.0814788 0.0719633 0.0517178 0.0305968 0.0156292 0.0082294 0.00637167 0.00764613 0.0105773 0.0144906 0.0190336 0.023885 0.0286759 0.0330197 0.0365771 0.0391133 0.0405265 0.0408391 0.0401611 0.0386439 0.0364419 0.0336947 0.0305283 0.0270667 0.0234425 0.0197987
 1.01998e-16 3.5283e-05 0.000207093 0.000984446 0.00379021 0.0118194 0.0298549 0.0610865 0.101256 0.135977 0.147954 0.130468 0.09331 0.0542881 0.0260324 0.0109319 0.0051064 0.0040005 0.00483049 0.00639353 0.00823262 0.0101107 0.0118279 0.0132016 0.0140944 0.0144422 0.0142642 0.0136509 0.0127341 0.0116513 0.0105157 0.00940053 0.00833956 0.00733792 0.00638783 0.00548166
pSPR Fmed_Fpbrs
0.37029   0.255252 0.255252
Fs Fmed_Fpbrs
0.64   1.005 1.005
SSBpbr Bo_Bmed_Bpbrs
951541  304769  195306 195306
Ro
30311.9
SPR SPRFo_SPRFmed_SPRFpbrs
626069 231827 159806
log_Ro
10.1393
likeval ReclasPelacesDesembMPH_pf_preclas_ppelaces_ptallas_desvR_qrecl_qpela
 76.3849 0.00283914 0.0198621 77.8752 397.147 211.506 55.6139 0 19.0806 0 0 0 0 0 0
q_reclas_q_pelaces
1 1
M
0.7
N
 40181.6 19718.2 7471.57 894.766 0.199168
 42352.9 17201.5 7277 2757.38 330.287
 20322.6 17862 6161.22 2606.47 1105.94
 21040.4 6984.93 4249.18 1465.69 883.142
 37961.2 9465.56 2846.76 1731.78 957.283
 26944.5 18438.4 4496.96 1352.46 1277.54
 57728.5 9807.35 4919.17 1199.74 701.656
 60168.1 23612.4 3304.15 1657.3 640.591
 99544.1 21085.1 5839.41 817.122 568.272
 113636 35645 5444.38 1507.79 357.721
 66129.3 45702.9 11610.6 1773.4 607.653
 42529.5 21408.1 9645.38 2450.37 502.51
 46238.7 13632 4429.17 1995.55 610.928
 35183 11600.8 1727.95 561.428 330.39
 22742.8 4747.23 425.315 63.3509 32.6963
 12585.9 4288.19 339.865 30.4492 6.87622
 7755.42 4058.98 898.141 71.1831 7.81765
 8373.94 2607.34 923.864 204.426 17.9814
 9795.93 2971.26 661.035 234.226 56.3866
 12866 3516.6 771.082 171.548 75.418
 21452.9 4556.54 888.207 194.756 62.3775
 27517.8 9200.73 1687.78 328.998 95.2444
 39543.7 11469.3 3218.68 590.434 148.412
 51685.6 16005.4 3783.77 1061.86 243.748
 17155.6 21159.7 5401.99 1277.06 440.654
 20189.2 6885.86 6864.68 1752.53 557.265
 76962.1 7481.94 1904.39 1898.53 638.808
pred_Ctot
 4019.88 3704.61 1403.74 168.107 0.0374192
 4634.04 3513.21 1486.24 563.164 67.4573
 4595.54 6976.83 2406.55 1018.08 431.976
 1431.48 910.891 554.127 191.137 115.169
 598.27 295.468 88.862 54.0578 29.8817
 5267.52 6356.95 1550.4 466.283 440.454
 7402.56 2318.98 1163.15 283.683 165.909
 12992.2 8868.36 1240.97 622.447 240.593
 20345.4 7554.61 2092.2 292.767 203.607
 15725.3 9035.46 1380.07 382.201 90.6769
 16964.7 19832.9 5038.48 769.573 263.693
 11118.8 9435.42 4251.11 1079.98 221.476
 17102.8 7869.71 2556.95 1152.03 352.688
 19799.2 8809.24 1312.14 426.328 250.886
 10711.7 3237.32 290.038 43.2014 22.2968
 3252.44 1872.07 148.373 13.2931 3.00192
 1842.16 1652.41 365.634 28.9787 3.18257
 1752.71 953.494 337.853 74.7578 6.57572
 1988.8 1058.45 235.48 83.4382 20.0866
 2705.89 1291.32 283.147 62.9935 27.694
 2121.33 846.782 165.063 36.1933 11.5922
 3211.97 1995.2 365.998 71.344 20.6539
 5321.34 2834.24 795.383 145.905 36.6749
 6599.57 3769.82 891.207 250.103 57.4109
 2394.64 5405.94 1380.12 326.267 112.579
 3746.35 2268.49 2261.51 577.355 183.586
 15674.7 2672.59 680.259 678.167 228.186
F
 0.148412 0.296824 0.296824 0.296824 0.296824
 0.16336 0.326721 0.326721 0.326721 0.326721
 0.367976 0.735951 0.735951 0.735951 0.735951
 0.0987866 0.197573 0.197573 0.197573 0.197573
 0.0221295 0.0442589 0.0442589 0.0442589 0.0442589
 0.310647 0.621294 0.621294 0.621294 0.621294
 0.193977 0.387953 0.387953 0.387953 0.387953
 0.348573 0.697145 0.697145 0.697145 0.697145
 0.326993 0.653985 0.653985 0.653985 0.653985
 0.210843 0.421686 0.421686 0.421686 0.421686
 0.427841 0.855682 0.855682 0.855682 0.855682
 0.437779 0.875558 0.875558 0.875558 0.875558
 0.682742 1.36548 1.36548 1.36548 1.36548
 1.303 2.606 2.606 2.606 2.606
 0.968385 1.93677 1.93677 1.93677 1.93677
 0.431646 0.863292 0.863292 0.863292 0.863292
 0.390061 0.780122 0.780122 0.780122 0.780122
 0.33614 0.672279 0.672279 0.672279 0.672279
 0.324472 0.648944 0.648944 0.648944 0.648944
 0.338023 0.676045 0.676045 0.676045 0.676045
 0.146576 0.293151 0.293151 0.293151 0.293151
 0.175156 0.350311 0.350311 0.350311 0.350311
 0.204477 0.408954 0.408954 0.408954 0.408954
 0.19308 0.386161 0.386161 0.386161 0.386161
 0.212854 0.425708 0.425708 0.425708 0.425708
 0.292655 0.58531 0.58531 0.58531 0.58531
 0.325665 0.65133 0.65133 0.65133 0.65133
Np
 19871.9 5970.34 5016.08 352.101 105.911
YTP_r0W_actual
 184487 77944.2 28840.4 36717.9 13710.3
YTP_p0W_proyectada
 47635.1 287479 29334.9 9535.43 13280.3
 47635.1 62196.9 75964.3 6809.68 2273.1
CTP_r0_actual
 22498.4 3608.53 918.483 915.658 308.096
CTP_p0_proyectada
 5809.15 13309.2 934.232 237.791 298.434
 5809.15 2879.49 2419.25 169.818 51.0808
Wmedp
 8.2 21.6 31.4 40.1 44.5
nmprior
 10.8 10.6 4.6 0
nm_flota  nm_reclas  nm_pelaces    nm_pelaL
inf 18.8554 10.3577 26.3858
cv_recla  cv_pelaces  cv_mph
0.756893 1.94564 0.70755
 ------------------------------------------------
Talla a la edad & desviaci?n 
 7.2 14.2025 17.0495 18.207 18.6776
 1.08 2.13037 2.55742 2.73105 2.80164
