years
 1997 1998 1999 2000 2001 2002 2003 2004 2005 2006 2007 2008 2009 2010 2011 2012 2013 2014 2015 2016 2017 2018 2019 2020 2021 2022 2023
reclasobs
 0 0 0 370054 412103 1.49427e+06 250295 1.28982e+06 931140 785840 897777 1.04006e+06 184774 17550 25797 100020 73551 82996 120727 218422 84188 347160 605670 569463 516374 1.08416e+06 1.01767e+06
reclaspred
 522002 133253 329536 205632 310254 369043 788180 569777 738798 826836 728882 503557 278598 103860 74021.7 75315.2 81483.3 107170 121610 158057 248752 266481 490262 621172 780080 682792 563336
pelacesobs
 0 0 0 0 0 0 0 0 0 2.06254e+06 1.5e+06 0 1.87456e+06 323000 250000 174000 83755 137374 0 501740 490994 745055 786931 1.00524e+06 1.33801e+06 1.41789e+06 0
pelacespred
 497895 113369 155817 162671 220370 190087 523167 423331 529474 590202 433840 308510 168293 51570 39261.9 42083.8 46550.9 64023.5 72103 92190.7 173767 173675 255942 379482 454823 426459 333453
mphobs
 0 0 0 0 0 0 112323 0 153150 637223 0 255016 313432 73983 77613 109348 50772 17779 17303 59886 28197 0 207744 136588 643089 65757 70829
mphpred
 185944 101572 110011 98153 105554 167959 229553 297519 282977 357502 370396 255237 147819 101585 49166 45577 44422 56049.3 29283.4 31972.2 49744.9 69182.2 93472.9 140509 181212 165153 135646
desembarqueobs
 350755 77701 442110 56441 14545 235359 269955 359681 431902 328805 639364 411747 362871 311530 167758 66681 60226 58785 57116 73181 50977 67692 138656 160484 209506 203330 245020
desembarquepred
 350760 77698.9 442086 56445.5 14545.5 235503 270036 359623 431846 328805 639361 411797 363063 311425 167527 66679.8 60262.3 58784.2 57097.1 73183.7 50977.5 67678.2 138659 160495 209544 203350 245007
Reclutas
 35562.1 42746.7 19947.3 26439.2 45516.4 31248.8 67839.9 69043.4 111628 113963 63715.5 44467.5 41808.9 28734.5 16311.1 12387.2 8604.67 11081.3 12417 16892.9 27808.5 39146.4 56266 73868.7 26225.3 36786.1 56295.5
log_desv_Rt
 0.04397 0.22798 -0.53422 -0.252463 0.29076 -0.0853292 0.689839 0.707424 1.18786 1.20856 0.627116 0.267447 0.205797 -0.169214 -0.735468 -1.01065 -1.37501 -1.12205 -1.00825 -0.700418 -0.20197 0.139997 0.50278 0.774977 -0.260586 0.0778075 0.503302
SSB
 428851 234261 253724 226375 243445 387372 512681 676644 634915 806139 854262 588665 354947 160210 81467.4 74877.3 76783.3 91411.5 116282 134875 196020 265152 369029 528045 749370 706234 544640
BT
 1.50182e+06 360842 599397 401254 484535 558589 1.41145e+06 1.32162e+06 1.6274e+06 1.59038e+06 1.47512e+06 1.01811e+06 724194 405878 230638 146094 151135 188638 197772 257552 425700 411831 623202 926456 1.0413e+06 1.01389e+06 901092
Ftot
 1.07455 0.986607 1.75138 0.404266 0.0750268 0.781823 0.53989 0.999198 1.0398 0.634987 1.12675 1.01327 1.73461 4.07702 3.85289 1.38569 1.11906 0.843017 0.668627 0.686804 0.328007 0.36078 0.383797 0.374364 0.320922 0.341372 0.56802
BD_Bspro_t
 0.904472 0.626755 0.53932 0.342435 0.483143 0.652911 0.579665 0.613088 0.561496 0.57109 0.551302 0.389768 0.280943 0.167626 0.105332 0.116806 0.160884 0.244125 0.345501 0.439004 0.561199 0.694151 0.725642 0.734349 0.746861 0.677568 0.616112
BD_Bspro
 0.610106 0.333272 0.360961 0.322053 0.346338 0.551096 0.729367 0.962629 0.903264 1.14686 1.21532 0.837466 0.504966 0.227923 0.1159 0.106524 0.109236 0.130047 0.165428 0.19188 0.278868 0.377219 0.525 0.751224 1.06609 1.00473 0.774834
BD_Bo
 0.53382 0.2916 0.315827 0.281784 0.303033 0.482188 0.638169 0.842265 0.790322 1.00346 1.06336 0.732752 0.441826 0.199424 0.101408 0.0932049 0.0955774 0.113786 0.144744 0.167888 0.243999 0.330053 0.459355 0.657293 0.932792 0.879097 0.67795
BD_Brms
 1.43546 0.784126 0.849272 0.75773 0.814868 1.29662 1.71606 2.26489 2.12521 2.69834 2.85941 1.9704 1.18809 0.53626 0.27269 0.250632 0.257012 0.305976 0.389222 0.451458 0.656124 0.887526 1.23523 1.76749 2.50832 2.36393 1.82304
S_f
 0.0924566 0.659358 0.973529 0.998571 0.999925
 0.0924566 0.659358 0.973529 0.998571 0.999925
 0.0924566 0.659358 0.973529 0.998571 0.999925
 0.0924566 0.659358 0.973529 0.998571 0.999925
 0.0924566 0.659358 0.973529 0.998571 0.999925
 0.0924566 0.659358 0.973529 0.998571 0.999925
 0.0924566 0.659358 0.973529 0.998571 0.999925
 0.0924566 0.659358 0.973529 0.998571 0.999925
 0.0924566 0.659358 0.973529 0.998571 0.999925
 0.0924566 0.659358 0.973529 0.998571 0.999925
 0.0924566 0.659358 0.973529 0.998571 0.999925
 0.0924566 0.659358 0.973529 0.998571 0.999925
 0.0924566 0.659358 0.973529 0.998571 0.999925
 0.0924566 0.659358 0.973529 0.998571 0.999925
 0.0924566 0.659358 0.973529 0.998571 0.999925
 0.0924566 0.659358 0.973529 0.998571 0.999925
 0.0924566 0.659358 0.973529 0.998571 0.999925
 0.0924566 0.659358 0.973529 0.998571 0.999925
 0.0924566 0.659358 0.973529 0.998571 0.999925
 0.0924566 0.659358 0.973529 0.998571 0.999925
 0.0924566 0.659358 0.973529 0.998571 0.999925
 0.0924566 0.659358 0.973529 0.998571 0.999925
 0.0924566 0.659358 0.973529 0.998571 0.999925
 0.0924566 0.659358 0.973529 0.998571 0.999925
 0.0924566 0.659358 0.973529 0.998571 0.999925
 0.0924566 0.659358 0.973529 0.998571 0.999925
 0.0924566 0.659358 0.973529 0.998571 0.999925
Scru_reclas
 0.502078 0.835381 0.962319 0.99228 0.998456
 0.502078 0.835381 0.962319 0.99228 0.998456
 0.502078 0.835381 0.962319 0.99228 0.998456
 0.502078 0.835381 0.962319 0.99228 0.998456
 0.502078 0.835381 0.962319 0.99228 0.998456
 0.502078 0.835381 0.962319 0.99228 0.998456
 0.502078 0.835381 0.962319 0.99228 0.998456
 0.502078 0.835381 0.962319 0.99228 0.998456
 0.502078 0.835381 0.962319 0.99228 0.998456
 0.502078 0.835381 0.962319 0.99228 0.998456
 0.502078 0.835381 0.962319 0.99228 0.998456
 0.502078 0.835381 0.962319 0.99228 0.998456
 0.502078 0.835381 0.962319 0.99228 0.998456
 0.502078 0.835381 0.962319 0.99228 0.998456
 0.502078 0.835381 0.962319 0.99228 0.998456
 0.502078 0.835381 0.962319 0.99228 0.998456
 0.502078 0.835381 0.962319 0.99228 0.998456
 0.502078 0.835381 0.962319 0.99228 0.998456
 0.502078 0.835381 0.962319 0.99228 0.998456
 0.502078 0.835381 0.962319 0.99228 0.998456
 0.502078 0.835381 0.962319 0.99228 0.998456
 0.502078 0.835381 0.962319 0.99228 0.998456
 0.502078 0.835381 0.962319 0.99228 0.998456
 0.502078 0.835381 0.962319 0.99228 0.998456
 0.502078 0.835381 0.962319 0.99228 0.998456
 0.502078 0.835381 0.962319 0.99228 0.998456
 0.502078 0.835381 0.962319 0.99228 0.998456
Scru_pelaces
 0.677551 1 1 1 1
 0.677551 1 1 1 1
 0.677551 1 1 1 1
 0.677551 1 1 1 1
 0.677551 1 1 1 1
 0.677551 1 1 1 1
 0.677551 1 1 1 1
 0.677551 1 1 1 1
 0.677551 1 1 1 1
 0.677551 1 1 1 1
 0.677551 1 1 1 1
 0.677551 1 1 1 1
 0.677551 1 1 1 1
 0.677551 1 1 1 1
 0.677551 1 1 1 1
 0.677551 1 1 1 1
 0.677551 1 1 1 1
 0.677551 1 1 1 1
 0.677551 1 1 1 1
 0.677551 1 1 1 1
 0.677551 1 1 1 1
 0.677551 1 1 1 1
 0.677551 1 1 1 1
 0.677551 1 1 1 1
 0.677551 1 1 1 1
 0.677551 1 1 1 1
 0.677551 1 1 1 1
pf_obs 
 0.256992 0.487395 0.22802 0.0275931 0
 0.321318 0.546541 0.124235 0.00734118 0.000564706
 0.182869 0.594174 0.210203 0.0122559 0.00049798
 0.330522 0.361315 0.267642 0.0388342 0.00168674
 0.649043 0.306663 0.0425973 0.00169635 0
 0.582887 0.30429 0.105238 0.00758474 0
 0.465427 0.430635 0.0974691 0.00646863 0
 0.296916 0.608066 0.0921331 0.00288517 0
 0.311714 0.524322 0.152257 0.0117073 0
 0.15457 0.633149 0.183074 0.0267441 0.00246327
 0.131901 0.49318 0.331252 0.0422183 0.00144891
 0.196976 0.569456 0.194076 0.0375587 0.00193317
 0.518974 0.381816 0.0799577 0.0180837 0.00116848
 0.0928022 0.601141 0.25162 0.0475244 0.00691264
 0.122501 0.610282 0.24278 0.0234846 0.000952079
 0.383417 0.481906 0.127806 0.00687128 0
 0.0376549 0.599619 0.316969 0.0457579 0
 0.0361596 0.667082 0.258105 0.0386534 0
 0.158088 0.579412 0.248529 0.0139706 0
 0.0477256 0.309471 0.559284 0.082774 0.000745712
 0.0406174 0.521527 0.379366 0.0568643 0.0016247
 0.151134 0.462217 0.34131 0.0453401 0
 0.294876 0.26143 0.354403 0.0886775 0.000613685
 0.281977 0.475581 0.204845 0.0348837 0.00271318
 0.0841818 0.532909 0.334909 0.0458182 0.00218182
 0.115287 0.27431 0.454777 0.147771 0.00785563
 0 0 0 0 0
pf_pred 
 0.29399 0.481229 0.200737 0.0240298 1.35825e-05
 0.271822 0.5757 0.121095 0.0281485 0.00323366
 0.140478 0.660378 0.173399 0.0206154 0.00512965
 0.235494 0.484934 0.244449 0.030795 0.00432799
 0.254346 0.494682 0.183169 0.0595075 0.00829528
 0.137062 0.583239 0.208287 0.0524787 0.0189333
 0.292577 0.389743 0.24766 0.0526303 0.0173895
 0.225697 0.591555 0.121527 0.0480721 0.0131487
 0.312524 0.489872 0.168523 0.0196011 0.00947863
 0.226857 0.613855 0.129951 0.025171 0.004166
 0.12941 0.595481 0.237701 0.0307095 0.00669761
 0.138358 0.499371 0.289117 0.0635715 0.00958214
 0.208746 0.487411 0.216349 0.0704003 0.0170941
 0.280436 0.573327 0.113295 0.0238262 0.00911604
 0.31227 0.641697 0.0432907 0.00217429 0.000567427
 0.278474 0.663714 0.056707 0.00104543 5.97939e-05
 0.183842 0.636255 0.172122 0.00763958 0.000141966
 0.245377 0.498563 0.221518 0.0331077 0.00143447
 0.22525 0.561189 0.164288 0.0428404 0.00643357
 0.247049 0.513063 0.195091 0.0347363 0.0100613
 0.274097 0.510659 0.167842 0.0388006 0.00860165
 0.239455 0.535077 0.177106 0.0379535 0.010409
 0.235274 0.510546 0.199945 0.0428729 0.0113624
 0.21928 0.521012 0.196882 0.0497365 0.0130891
 0.0674808 0.601039 0.251127 0.0613551 0.0189985
 0.123144 0.277622 0.441388 0.120426 0.0374204
 0.209485 0.409644 0.159343 0.164444 0.0570847
pobs_RECLAS
 0 0 0 0 0
 0 0 0 0 0
 0 0 0 0 0
 0 0 0 0 0
 0.835266 0.146461 0.0176864 0.000547809 3.91292e-05
 0.385257 0.428462 0.181853 0.0044286 0
 0.867414 0.0963971 0.0333333 0.00285562 0
 0.441836 0.489002 0.0689373 0.000224442 0
 0.779404 0.147425 0.0564933 0.0165055 0.000172143
 0.814271 0.122319 0.05973 0.00367925 0
 0.40263 0.566651 0.0304383 0.000280538 0
 0.475488 0.404961 0.113038 0.00651328 0
 0.955842 0.0263864 0.0167828 0.000988607 0
 0.975058 0.0227948 0.00214734 0 0
 0.738997 0.206755 0.0527124 0.00153531 0
 0.850938 0.134255 0.0134407 0.00136685 0
 0.542534 0.407297 0.0501686 0 0
 0.764087 0.199537 0.0359546 0.000420521 0
 0.470689 0.182191 0.310203 0.0369168 0
 0.84361 0.089868 0.0606195 0.00523954 0.000663233
 0.607945 0.314616 0.071237 0.00620181 0
 0.523733 0.453247 0.0230204 0 0
 0.530135 0.295979 0.169645 0.0042399 0
 0.562478 0.366248 0.0663022 0.0049721 0
 0.250443 0.683176 0.0655157 0.000865301 0
 0.195077 0.31981 0.436473 0.0351445 0.0134964
 0.565238 0.351407 0.0832357 0.000118908 0
ppred_RECLAS
 0.67214 0.242988 0.0757807 0.00908523 5.15921e-06
 0.639288 0.300809 0.0475501 0.0110747 0.00127821
 0.455556 0.448184 0.0838372 0.0099391 0.00248404
 0.594075 0.280862 0.109283 0.0138272 0.00195266
 0.612831 0.277371 0.080011 0.0261278 0.00365987
 0.43349 0.41511 0.112624 0.0284598 0.0103164
 0.669252 0.203326 0.0992254 0.0211689 0.0070279
 0.582435 0.338872 0.0522796 0.0207194 0.00569372
 0.688742 0.238997 0.0615976 0.00717661 0.00348663
 0.576032 0.353706 0.0572768 0.0111337 0.00185151
 0.423494 0.428818 0.127571 0.0165015 0.00361561
 0.447151 0.35792 0.15549 0.034252 0.00518694
 0.58585 0.286714 0.0907883 0.0294624 0.00718552
 0.731186 0.235756 0.0257498 0.00528114 0.00202707
 0.741489 0.248389 0.00953132 0.000468008 0.000122544
 0.646304 0.33248 0.0208107 0.000383534 2.20363e-05
 0.520116 0.396323 0.0799422 0.0035527 6.63264e-05
 0.612435 0.278997 0.0938859 0.0140695 0.000612472
 0.578538 0.326479 0.0730003 0.0191011 0.00288217
 0.610598 0.286933 0.0832649 0.0148752 0.00432907
 0.637191 0.273494 0.0695619 0.0161545 0.00359856
 0.594637 0.305676 0.0782114 0.0168359 0.00463962
 0.59148 0.294958 0.0892269 0.019217 0.00511752
 0.569175 0.310916 0.090782 0.0230354 0.0060914
 0.254449 0.522287 0.168908 0.0414574 0.0128991
 0.418929 0.217458 0.267431 0.0732963 0.0228854
 0.566928 0.252473 0.0753349 0.078043 0.0272213
pobs_PELACES
 0 0 0 0 0
 0 0 0 0 0
 0 0 0 0 0
 0 0 0 0 0
 0 0 0 0 0
 0 0 0 0 0
 0 0 0 0 0
 0 0 0 0 0
 0 0 0 0 0
 0 0 0 0 0
 0.450072 0.473896 0.0757376 0.000293798 0
 0 0 0 0 0
 0.463077 0.371075 0.160297 0.00555027 0
 0.529543 0.364841 0.0842815 0.0213345 0
 0.631943 0.363953 0.00410389 0 0
 0.735681 0.248677 0.0153453 0.000297389 0
 0.695825 0.281241 0.0229344 0 0
 0.275771 0.60734 0.115278 0.00161068 0
 0 0 0 0 0
 0.896147 0.0623911 0.0374545 0.00400742 0
 0.803859 0.145111 0.0509908 3.86294e-05 0
 0.739449 0.233085 0.0266225 0.000797448 4.60066e-05
 0.878498 0.100942 0.0204185 0.000141795 0
 0.694673 0.275183 0.0284847 0.00165964 0
 0.469039 0.446079 0.0841089 0.000773354 0
 0.822795 0.102175 0.0682046 0.00682512 0
 0 0 0 0 0
ppred_PELACES
 0.750116 0.196741 0.0476487 0.00549107 3.09743e-06
 0.713894 0.24775 0.0306914 0.00687611 0.000788361
 0.579345 0.364337 0.0493392 0.00559116 0.00138764
 0.652601 0.253746 0.0821906 0.0100517 0.00141045
 0.653715 0.258796 0.0643035 0.0203518 0.00283307
 0.51387 0.377105 0.0819018 0.0199422 0.00718161
 0.731039 0.178084 0.0713363 0.0146938 0.00484687
 0.664504 0.284479 0.0343496 0.0130938 0.00357434
 0.761759 0.193027 0.0387737 0.00434356 0.00209622
 0.640516 0.309799 0.0407748 0.00764646 0.00126336
 0.520848 0.37891 0.0870662 0.0108209 0.00235508
 0.544819 0.32004 0.108658 0.0230194 0.00346281
 0.707388 0.22199 0.0509773 0.0158152 0.0038303
 0.874216 0.116615 0.00724532 0.00139337 0.000530543
 0.871126 0.125898 0.00281271 0.000129743 3.37038e-05
 0.730459 0.25721 0.0121055 0.0002139 1.22062e-05
 0.610708 0.334817 0.052205 0.00222927 4.13409e-05
 0.688975 0.237791 0.0636508 0.00918634 0.000397275
 0.647279 0.285914 0.0517804 0.0130673 0.00195894
 0.679496 0.24909 0.0584359 0.010067 0.00291075
 0.68707 0.246023 0.0525043 0.0117931 0.00261036
 0.648676 0.276484 0.0591561 0.0123128 0.00337161
 0.648107 0.266827 0.0673363 0.01402 0.00370981
 0.626545 0.28306 0.0690152 0.016931 0.00444873
 0.300751 0.515688 0.140037 0.0332452 0.0102785
 0.492208 0.212615 0.21909 0.0580704 0.0180164
 0.641536 0.227878 0.0556512 0.0556492 0.0192854
pobs_pel_tallas
 0 0 0 0 0 0 0 0 0 0 0 0 0 0 0 0 0 0 0 0 0 0 0 0 0 0 0 0 0 0 0 0 0 0 0 0
 0 0 0 0 0 0 0 0 0 0 0 0 0 0 0 0 0 0 0 0 0 0 0 0 0 0 0 0 0 0 0 0 0 0 0 0
 0 0 0 0 0 0 0 0 0 0 0 0 0 0 0 0 0 0 0 0 0 0 0 0 0 0 0 0 0 0 0 0 0 0 0 0
 0 0 0 0 0 0 0 0 0 0 0 0 0 0 0 0 0 0 0 0 0 0 0 0 0 0 0 0 0 0 0 0 0 0 0 0
 0 0 0 0 0 0 0 0 0 0 0 0 0 0 0 0 0 0 0 0 0 0 0 0 0 0 0 0 0 0 0 0 0 0 0 0
 0 0 0 0 0 0 0 0 0 0 0 0 0 0 0 0 0 0 0 0 0 0 0 0 0 0 0 0 0 0 0 0 0 0 0 0
 0 0 0 0 0 0 0 0 0 0 0 0 0 0 0 0 0 0 0 0 0 0 0 0 0 0 0 0 0 0 0 0 0 0 0 0
 0 0 0 0 0 0 0 0 0 0 0 0 0 0 0 0 0 0 0 0 0 0 0 0 0 0 0 0 0 0 0 0 0 0 0 0
 0 0 0 0 0 0 0 0 0 0 0 0 0 0 0 0 0 0 0 0 0 0 0 0 0 0 0 0 0 0 0 0 0 0 0 0
 0 0 0 0 0 0 0 0 0 0 0 0 0 0 0 0 0 0 0 0 0 0 0 0 0 0 0 0 0 0 0 0 0 0 0 0
 0 0 0 0 0 0 0 0 1.78061e-05 0.00172719 0.00360574 0.0105946 0.0120993 0.0124554 0.0147524 0.0171206 0.0266825 0.0428682 0.0675386 0.121331 0.153587 0.119568 0.100827 0.0573624 0.0630603 0.0341343 0.0324427 0.0444173 0.0211091 0.0280891 0.0125444 0.00206551 0 0 0 0
 0 0 0 0 0 0 0 0 0 0 0 0 0 0 0 0 0 0 0 0 0 0 0 0 0 0 0 0 0 0 0 0 0 0 0 0
 0 0 0 0 0 0 0.0133647 0.0140871 0.0187388 0.0205184 0.03894 0.0496705 0.03968 0.0493445 0.0407372 0.0367815 0.0215668 0.0243155 0.0234873 0.0199281 0.019796 0.0243948 0.0301388 0.0376714 0.0412746 0.0863199 0.0771752 0.113111 0.0741005 0.0525337 0.0229764 0.00759418 0.00175318 0 0 0
 0 0 0 0 0 0 0 0 0 0 0.00219441 0.00772107 0.0458388 0.0604681 0.0671733 0.0775358 0.0609151 0.0617685 0.073594 0.0568108 0.0755445 0.0548602 0.0670107 0.0636378 0.0643287 0.046367 0.0373049 0.0286899 0.0247887 0.0153202 0.00654259 0.00121912 0.000365735 0 0 0
 0 0 0 0 0 0 0 0 0 0 0 0 0.000112435 0.00938835 0.0111873 0.0202946 0.0414886 0.0713402 0.111592 0.104902 0.108894 0.110636 0.117776 0.105296 0.107544 0.0401394 0.0192827 0.0124803 0.00416011 0.0028671 0.000618394 0 0 0 0 0
 0 0 0 0 0 0 0 0 0 0 0.00291406 0.0102884 0.027416 0.0768956 0.0749926 0.110853 0.0956884 0.0897413 0.0766577 0.0534642 0.0500743 0.0551293 0.0594112 0.0620874 0.0668451 0.0424026 0.0208742 0.0120726 0.0048766 0.00582813 0.00118941 0.000297354 0 0 0 0
 0 0.00264628 0.0354308 0.0461629 0.0458689 0.0383711 0.0214643 0.0164657 0.0346957 0.0420465 0.0363128 0.0245516 0.0311673 0.0291091 0.0169068 0.0133784 0.00837989 0.0085269 0.0148486 0.0160247 0.0276389 0.0546898 0.0760071 0.122758 0.109233 0.0665981 0.0333725 0.0166128 0.00676272 0.00308733 0.000882094 0 0 0 0 0
 0 0 0 0 0 0 0 0.000805153 0.000690131 0.00759144 0.0133425 0.0154129 0.00931677 0.000345066 0.00356568 0.00563607 0.00851162 0.0253048 0.0502646 0.0516448 0.0657925 0.0565908 0.0611916 0.0827007 0.0866115 0.110766 0.145733 0.0935128 0.0569358 0.0249597 0.0138026 0.00621118 0.00161031 0.00115022 0 0
 0 0 0 0 0 0 0 0 0 0 0 0 0 0 0 0 0 0 0 0 0 0 0 0 0 0 0 0 0 0 0 0 0 0 0 0
 0.00147267 0.00158595 0.00478618 0.00569244 0.00954404 0.0108468 0.00647125 0.017049 0.0510054 0.094081 0.124002 0.0959785 0.0687766 0.0820023 0.061753 0.0591476 0.0492212 0.0479892 0.0443925 0.0268479 0.0217502 0.0140895 0.0121071 0.0120363 0.00920419 0.00665534 0.0049561 0.00860946 0.00930331 0.0156896 0.0114698 0.00855282 0.00243557 0.00046729 0 2.83206e-05
 0 0 0 0 0.000772559 0.00158375 0.000888443 0.00281984 0.00712685 0.0440552 0.0773331 0.111326 0.0921469 0.0852325 0.0710754 0.0886704 0.0786465 0.0553345 0.0373146 0.0185414 0.00753245 0.00457741 0.012979 0.0271748 0.0457355 0.0583668 0.034881 0.0177882 0.00938659 0.00492506 0.0015258 0.00185414 0.000309023 5.79419e-05 3.86279e-05 0
 0 0.00173294 0.00326652 0 0.00397197 0.00683976 0.00946217 0.0152591 0.00757587 0.0136028 0.0228656 0.0392903 0.0559909 0.0764795 0.0681675 0.0726916 0.0566044 0.0477403 0.0527397 0.0444891 0.0609904 0.0582453 0.0661739 0.0445044 0.0529084 0.0360697 0.0280645 0.0235558 0.0158879 0.00826598 0.00280645 0.00217768 0.000904811 0.00058276 9.20147e-05 0
 0 0 0 0 0 0 0 0 0 0 0 0 0 0 0 0 0 0 0 0 0 0 0 0 0 0 0 0 0 0 0 0 0 0 0 0
 0 0 0 0 0 0 0 0 0 0 0 0 0 0 0 0 0 0 0 0 0 0 0 0 0 0 0 0 0 0 0 0 0 0 0 0
 0 0 0 0 0 0 0 0 0 0 0 0 0 0 0 0 0 0 0 0 0 0 0 0 0 0 0 0 0 0 0 0 0 0 0 0
 0 0 0 0 0 0 0 0 0 0 0 0 0 0 0 0 0 0 0 0 0 0 0 0 0 0 0 0 0 0 0 0 0 0 0 0
 0 0 0 0 0 0 0 0 0 0 0 0 0 0 0 0 0 0 0 0 0 0 0 0 0 0 0 0 0 0 0 0 0 0 0 0
ppred_pel_tallas
 1.0093e-16 3.27293e-05 0.000192093 0.000913118 0.00351555 0.0109629 0.0276914 0.0566606 0.0939218 0.126137 0.137267 0.121092 0.0867097 0.0506606 0.0246913 0.0110545 0.00618727 0.00588821 0.00757359 0.0100881 0.0129244 0.0157403 0.0182074 0.0200207 0.0209554 0.0209169 0.0199593 0.0182654 0.0160958 0.0137256 0.0113898 0.00925102 0.00739332 0.00583621 0.00455844 0.00352088
 1.0079e-16 3.11519e-05 0.000182827 0.000869059 0.00334589 0.0104338 0.0263551 0.0539267 0.0893919 0.120058 0.130666 0.115302 0.0826358 0.0484257 0.0238724 0.0111449 0.00687572 0.00708049 0.00929645 0.0123938 0.0158294 0.0191922 0.0220723 0.0240909 0.0249763 0.0246269 0.0231342 0.0207542 0.0178396 0.0147567 0.0118126 0.00921239 0.00705184 0.00533641 0.00401471 0.00301135
 1.01077e-16 2.52897e-05 0.0001484 0.000705365 0.00271559 0.00846822 0.0213903 0.0437692 0.0725592 0.0974659 0.106117 0.0937332 0.0673816 0.0398976 0.0204335 0.0108226 0.00840379 0.0099939 0.0135973 0.0182299 0.0233016 0.028257 0.0325015 0.0354784 0.0367868 0.0362754 0.0340773 0.0305674 0.0262642 0.0217067 0.0173483 0.0134934 0.0102859 0.00773704 0.00577388 0.00428724
 1.01661e-16 2.84796e-05 0.000167138 0.000794467 0.00305869 0.00953819 0.0240928 0.049298 0.0817201 0.109758 0.119464 0.105436 0.0756071 0.0443924 0.022045 0.0105652 0.00689432 0.00740835 0.00986844 0.0132435 0.0170244 0.0208071 0.0241756 0.0267345 0.0281864 0.0283959 0.027415 0.0254586 0.022842 0.0199023 0.0169309 0.0141337 0.0116237 0.00943854 0.00756851 0.00598342
 1.01829e-16 2.85283e-05 0.000167423 0.000795825 0.00306392 0.0095545 0.024134 0.0493823 0.0818599 0.109946 0.119669 0.105619 0.0757422 0.0444792 0.0221017 0.0106142 0.00695305 0.00748739 0.00997218 0.0133704 0.017166 0.0209476 0.0242927 0.0268027 0.0281813 0.0283005 0.0272248 0.0251843 0.0225093 0.0195479 0.0165959 0.0138564 0.011433 0.00934955 0.00758162 0.00608598
 1.02307e-16 2.24352e-05 0.000131641 0.000625685 0.00240879 0.00751149 0.0189737 0.0388248 0.0643643 0.0864634 0.0941521 0.0831983 0.059882 0.0356053 0.0185094 0.0102491 0.00849372 0.0104444 0.014342 0.0193026 0.0247646 0.0301713 0.0349138 0.0384137 0.0402445 0.0402282 0.0384712 0.0353238 0.0312823 0.0268677 0.0225213 0.0185431 0.0150826 0.0121671 0.00974899 0.00775061
 1.01803e-16 3.18968e-05 0.000187207 0.000889892 0.00342613 0.0106841 0.0269871 0.0552193 0.0915324 0.122927 0.133772 0.118003 0.0844861 0.0493381 0.024004 0.0106769 0.00588337 0.00553138 0.00711085 0.00951069 0.012258 0.0150452 0.0175777 0.0195768 0.0208286 0.021228 0.020797 0.0196683 0.0180436 0.0161411 0.0141506 0.0122081 0.0103919 0.00873446 0.00724145 0.00590829
 1.01198e-16 2.89997e-05 0.000170189 0.000808966 0.00311451 0.00971225 0.0245325 0.0501978 0.0832124 0.111764 0.121652 0.107379 0.0770249 0.045274 0.0225727 0.0109642 0.0073382 0.00800316 0.0106686 0.0142618 0.0182295 0.0221174 0.0254595 0.0278223 0.0288943 0.0285584 0.0269178 0.024263 0.0209946 0.0175276 0.0142085 0.0112677 0.00881081 0.00684176 0.00530147 0.00410559
 1.00861e-16 3.32368e-05 0.000195073 0.000927286 0.0035701 0.011133 0.0281212 0.0575398 0.095379 0.128093 0.139394 0.122964 0.0880403 0.0514183 0.0250234 0.0111395 0.00614437 0.00576751 0.00738321 0.00981906 0.0125642 0.0152792 0.0176414 0.019353 0.0201965 0.0200839 0.0190749 0.0173554 0.0151874 0.0128457 0.0105633 0.00849905 0.00673185 0.00527507 0.00410076 0.00316331
 1.01002e-16 2.79548e-05 0.000164052 0.000779786 0.00300215 0.00936185 0.0236475 0.0483871 0.0802119 0.107737 0.117277 0.103538 0.074314 0.0437697 0.0219879 0.010954 0.00768521 0.00863389 0.0115923 0.015511 0.0198231 0.0240412 0.0276576 0.0301989 0.0313245 0.030906 0.0290565 0.026094 0.0224582 0.0186061 0.0149212 0.0116604 0.00894429 0.00678139 0.00510919 0.00383517
 1.01842e-16 2.27396e-05 0.000133427 0.000634179 0.0024415 0.00761347 0.0192313 0.0393519 0.065238 0.0876367 0.0954289 0.0843245 0.060688 0.0360754 0.0187371 0.0103482 0.00854467 0.0104878 0.0143935 0.0193654 0.0248356 0.0302417 0.0349694 0.0384349 0.0402076 0.0401078 0.0382432 0.0349686 0.0307883 0.0262336 0.021757 0.0176698 0.0141307 0.0111733 0.00875254 0.00678944
 1.026e-16 2.37825e-05 0.000139556 0.000663324 0.00255373 0.0079635 0.0201154 0.0411603 0.0682339 0.0916545 0.0997867 0.088134 0.0633401 0.0374726 0.0191347 0.0100484 0.00771246 0.00914113 0.0124752 0.0168182 0.0216552 0.026509 0.0308626 0.0342191 0.0362013 0.0366333 0.0355726 0.0332793 0.0301381 0.0265613 0.0229047 0.0194199 0.0162455 0.0134301 0.0109674 0.00882908
 1.01519e-16 3.08671e-05 0.000181158 0.000861128 0.00331536 0.0103386 0.0261146 0.0534345 0.0885753 0.11896 0.129466 0.114232 0.0818439 0.0479122 0.0235283 0.0108338 0.00648619 0.00653613 0.00855012 0.0114264 0.0146565 0.0178713 0.0207054 0.0228171 0.0239542 0.0240095 0.0230418 0.0212529 0.0189297 0.0163742 0.0138419 0.0115072 0.00945732 0.00770982 0.00623971 0.00500568
 1.00214e-16 3.81373e-05 0.00022385 0.00106411 0.00409694 0.012776 0.032271 0.0660301 0.109449 0.146979 0.159921 0.14101 0.100826 0.058613 0.0280155 0.0116047 0.0051738 0.0037853 0.00441821 0.0057641 0.00732664 0.00885448 0.0101438 0.0110158 0.0113452 0.0110888 0.0102961 0.00909486 0.00765872 0.00616632 0.00476642 0.003557 0.00258135 0.00183764 0.00129528 0.000911501
 1.00088e-16 3.80029e-05 0.00022306 0.00106036 0.00408248 0.0127309 0.0321571 0.065797 0.109063 0.146462 0.15936 0.14052 0.100487 0.0584383 0.0279736 0.0116589 0.00530542 0.00399479 0.00471531 0.00615741 0.00781595 0.00942596 0.0107683 0.0116507 0.0119397 0.011592 0.0106659 0.00930457 0.00770113 0.00605345 0.00452563 0.00322495 0.00219742 0.00143826 0.000910046 0.00056136
 1.00264e-16 3.18745e-05 0.000187069 0.000889223 0.00342353 0.0106759 0.0269666 0.055178 0.0914661 0.122844 0.133698 0.117978 0.0845547 0.0495518 0.0244299 0.0114074 0.00703672 0.00723771 0.00948482 0.0126142 0.0160607 0.0193937 0.022186 0.0240465 0.0247005 0.024056 0.0222266 0.0194997 0.0162641 0.0129198 0.00979973 0.00712277 0.00498515 0.00338119 0.00223977 0.00146148
 1.00929e-16 2.6656e-05 0.000156425 0.00074352 0.0028625 0.00892637 0.0225475 0.0461368 0.0764826 0.102732 0.111838 0.098759 0.0709338 0.0418792 0.0212243 0.01088 0.00802033 0.00927548 0.0125419 0.0168033 0.0214835 0.026064 0.0299963 0.032767 0.0340049 0.0335676 0.0315732 0.0283623 0.0244083 0.0202052 0.01617 0.0125851 0.00958711 0.00719162 0.00533693 0.00392722
 1.01316e-16 3.00649e-05 0.000176447 0.000838727 0.00322911 0.0100696 0.0254352 0.0520444 0.0862718 0.115868 0.126106 0.11128 0.0797574 0.046747 0.0230612 0.010796 0.00670606 0.00695255 0.00916663 0.0122672 0.0157396 0.0191947 0.0222404 0.0245081 0.0257239 0.0257691 0.0247036 0.022741 0.0201891 0.0173739 0.0145746 0.0119856 0.00970919 0.00777228 0.00615471 0.00481591
 1.01369e-16 2.82487e-05 0.00016578 0.000788005 0.0030338 0.00946056 0.0238968 0.0488971 0.0810565 0.108869 0.118504 0.104606 0.0750497 0.0441405 0.0220591 0.0108013 0.00734362 0.00809612 0.0108314 0.014505 0.0185735 0.0225847 0.0260708 0.0285933 0.0298325 0.0296602 0.0281669 0.0256299 0.0224381 0.0189978 0.0156519 0.0126326 0.0100528 0.00792818 0.00621398 0.00484051
 1.01393e-16 2.96521e-05 0.000174022 0.000827196 0.00318471 0.00993118 0.0250855 0.051329 0.0850862 0.114277 0.124378 0.109763 0.0786875 0.0461551 0.0228343 0.0107986 0.00685294 0.00721491 0.00954756 0.0127777 0.0163836 0.0199615 0.0231018 0.0254202 0.0266332 0.0266212 0.0254526 0.0233574 0.0206632 0.017715 0.0148063 0.0121387 0.00981482 0.00785665 0.00623593 0.00490347
 1.01353e-16 2.99822e-05 0.00017596 0.000836412 0.00322019 0.0100418 0.025365 0.0519008 0.086034 0.115549 0.125761 0.11098 0.0795518 0.0466457 0.0230466 0.0108477 0.00681522 0.00712187 0.00940347 0.0125761 0.0161167 0.0196241 0.0226938 0.0249471 0.0261058 0.0260547 0.024865 0.0227673 0.0200887 0.017172 0.0143082 0.0116954 0.00943267 0.00753825 0.00598022 0.00470618
 1.01511e-16 2.83093e-05 0.000166136 0.0007897 0.00304033 0.00948093 0.0239482 0.0490023 0.0812305 0.109102 0.118755 0.104823 0.0751941 0.0442031 0.0220492 0.0107289 0.00720925 0.00789103 0.010544 0.0141276 0.0181088 0.0220495 0.0254973 0.0280271 0.0293263 0.0292654 0.0279244 0.025563 0.0225488 0.0192676 0.0160466 0.0131088 0.0105656 0.00843769 0.00668901 0.00526046
 1.01698e-16 2.82841e-05 0.000165989 0.000789003 0.00303765 0.00947258 0.0239271 0.048959 0.0811586 0.109005 0.118647 0.104723 0.0751123 0.0441348 0.0219779 0.0106334 0.00706829 0.00768568 0.0102596 0.0137572 0.0176568 0.0215358 0.0249579 0.0275114 0.0288907 0.0289643 0.0278003 0.0256389 0.022824 0.019719 0.0166333 0.0137802 0.0112695 0.00912687 0.00732673 0.00582227
 1.01862e-16 2.73445e-05 0.000160471 0.000762769 0.00293664 0.00915757 0.0231314 0.0473311 0.0784608 0.105384 0.114712 0.101264 0.0726631 0.0427596 0.0214118 0.0105566 0.0072735 0.00809343 0.0108656 0.014582 0.0187163 0.0228267 0.026452 0.0291562 0.0306163 0.0306935 0.0294615 0.0271754 0.0242007 0.0209224 0.0176677 0.0146611 0.012017 0.00976093 0.0078638 0.00627493
 1.03779e-16 1.3148e-05 7.71035e-05 0.00036638 0.00141036 0.00439786 0.0111091 0.0227344 0.0376986 0.0506697 0.0552483 0.0489938 0.0356405 0.0219491 0.0128016 0.00930518 0.0102347 0.0140547 0.0197558 0.0267157 0.0343529 0.0419535 0.0486948 0.0537834 0.0566255 0.0569594 0.0549062 0.050916 0.0456391 0.0397635 0.033876 0.0283818 0.0234919 0.0192604 0.0156467 0.0125729
 1.06017e-16 2.14843e-05 0.000126072 0.000599244 0.00230705 0.00719423 0.0181722 0.0371836 0.0616397 0.0827917 0.0901236 0.0795666 0.0571122 0.0336475 0.0169269 0.00848841 0.00606207 0.00695789 0.00953252 0.0130496 0.0171547 0.0215532 0.0259148 0.0298934 0.0331831 0.0355692 0.0369533 0.0373464 0.0368375 0.0355529 0.0336241 0.0311721 0.0283098 0.0251516 0.0218226 0.0184588
 1.03678e-16 2.79959e-05 0.000164301 0.000780986 0.0030068 0.00937637 0.0236841 0.0484614 0.0803327 0.107892 0.117428 0.103628 0.0742854 0.0435653 0.0215399 0.0101671 0.00643264 0.00677058 0.00898429 0.0120756 0.0155723 0.019117 0.0223467 0.0249174 0.0265693 0.0271824 0.0267961 0.0255856 0.0238049 0.0217184 0.019544 0.0174225 0.0154182 0.0135397 0.0117699 0.0100911
pSPR Fmed_Fpbrs
0.524703   0.42188 0.42188
Fs Fmed_Fpbrs
0.64   1.005 1.005
SSBpbr Bo_Bmed_Bpbrs
803362  381358  298754 298754
Ro
34032.4
SPR SPRFo_SPRFmed_SPRFpbrs
702912 368820 296544
log_Ro
10.2551
likeval ReclasPelacesDesembMPH_pf_preclas_ppelaces_ptallas_desvR_qrecl_qpela
 65.1236 0.00147693 0.0169108 48.3554 332.016 209.677 56.2176 0 17.1371 2.17392e-08 0 0 0 0 0
q_reclas_q_pelaces
0.979324 1
M
0.7
N
 35562.1 10478 3358.34 395.758 0.223511
 42746.7 15989.5 2561.94 585.869 67.2457
 19947.3 19376.7 4142.94 486.886 121.076
 26439.2 8424.68 3032.2 373.958 52.4976
 45516.4 12647.7 3204.67 1015.85 141.423
 31248.8 22446.5 5977.5 1479.3 533.195
 67839.9 14435.6 6656.76 1386.63 457.668
 69043.4 32048 5021.44 1954.31 534.084
 111628 31260.4 8235.09 942.677 455.47
 113963 50351.7 7820.53 1486.06 245.705
 63715.5 53365.6 16450.4 2092.95 456.092
 44467.5 28509.9 12606.8 2727.61 410.781
 41808.9 20107.1 7258.31 2334.48 566.495
 28734.5 17685.3 3181.47 665.943 254.731
 16311.1 9787.93 597.209 29.8444 7.78645
 12387.2 5672.43 383.167 6.9683 0.398266
 8604.67 5411.63 1129.7 49.3761 0.916809
 11081.3 3852.96 1284.91 188.721 8.16921
 12417 5090.21 1097.45 280.828 42.1311
 16892.9 5796.46 1626.54 284.24 82.2477
 27808.5 7872.64 1830.15 413.884 91.646
 39146.4 13396.8 3149.11 660.389 180.908
 56266 18801.8 5244.25 1100.64 291.365
 73868.7 26966.8 7249.21 1792.29 471.134
 26225.3 35434.2 10462.2 2500.37 773.325
 36786.1 12642.4 14240.3 3801.29 1179.81
 56295.5 17699.9 5012.66 5072.01 1758.84
pred_Ctot
 2432.64 3981.96 1661.01 198.836 0.112389
 2694.28 5706.3 1200.29 279.006 32.0519
 2164.7 10176.1 2671.99 317.673 79.0453
 699.083 1439.57 725.668 91.4175 12.848
 226.37 440.271 163.022 52.9621 7.38286
 1573.69 6696.52 2391.47 602.54 217.385
 2382.4 3173.6 2016.65 428.559 141.6
 4405.05 11545.7 2371.91 938.248 256.631
 7399.28 11598.2 3989.94 464.074 224.415
 4689.02 12688.1 2686.03 520.272 86.1092
 4560.63 20985.7 8376.99 1082.25 236.035
 2875.4 10378.1 6008.53 1321.16 199.139
 4496.71 10499.6 4660.49 1516.53 368.234
 6631.57 13557.7 2679.13 563.427 215.571
 3588 7373.14 497.413 24.9828 6.51977
 1079.18 2572.12 219.758 4.05141 0.231722
 611.894 2117.7 572.885 25.4274 0.472518
 600.253 1219.61 541.888 80.9898 3.50907
 537.233 1338.47 391.836 102.177 15.3444
 750.206 1558 592.426 105.483 30.5529
 598.437 1114.93 366.451 84.7137 18.7801
 925.368 2067.8 684.421 146.67 40.2255
 1413.58 3067.48 1201.32 257.591 68.2682
 1810.9 4302.74 1625.94 410.744 108.095
 552.337 4919.56 2055.5 502.198 155.504
 823.444 1856.42 2951.5 805.275 250.225
 2077.62 4062.75 1580.32 1630.91 566.152
F
 0.0993492 0.708513 1.04611 1.07301 1.07447
 0.0912183 0.650528 0.96049 0.985197 0.986533
 0.161926 1.15478 1.70502 1.74887 1.75124
 0.037377 0.266556 0.393564 0.403688 0.404235
 0.00693672 0.0494696 0.0730408 0.0749196 0.0750212
 0.0722846 0.515501 0.761127 0.780706 0.781764
 0.0499164 0.355981 0.525598 0.539118 0.539849
 0.0923824 0.65883 0.972748 0.99777 0.999123
 0.0961363 0.685601 1.01227 1.03831 1.03972
 0.0587087 0.418684 0.618179 0.63408 0.63494
 0.104175 0.742931 1.09692 1.12514 1.12666
 0.0936831 0.668106 0.986444 1.01182 1.01319
 0.160376 1.14373 1.6887 1.73214 1.73448
 0.376948 2.68822 3.9691 4.0712 4.07672
 0.356225 2.54043 3.7509 3.84738 3.8526
 0.128116 0.913664 1.34901 1.38371 1.38558
 0.103465 0.737864 1.08944 1.11746 1.11898
 0.0779424 0.55585 0.820701 0.841812 0.842953
 0.0618189 0.440865 0.650928 0.667671 0.668576
 0.0634995 0.45285 0.668623 0.685822 0.686752
 0.0303264 0.216274 0.319324 0.327538 0.327982
 0.0333565 0.237883 0.35123 0.360264 0.360753
 0.0354845 0.25306 0.373637 0.383248 0.383768
 0.0346124 0.24684 0.364454 0.373829 0.374336
 0.0296714 0.211603 0.312427 0.320464 0.320898
 0.0315621 0.225087 0.332336 0.340884 0.341347
 0.0525172 0.374529 0.552984 0.567208 0.567977
Np
 24231.6 10965.3 6789.94 1128.21 308.031
YTP_r0W_actual
 29616.2 138328 74624.9 98004.6 37747
YTP_p0W_proyectada
 12747.8 207300 89975.3 27667.6 39280.7
 12747.8 85696.1 101084 21800 6610.74
CTP_r0_actual
 3611.73 6404.07 2376.59 2444.01 848.246
CTP_p0_proyectada
 1554.62 9597.22 2865.45 689.964 882.711
 1554.62 3967.41 3219.22 543.64 148.556
Wmedp
 8.2 21.6 31.4 40.1 44.5
nmprior
 10.8 10.6 4.6 0
nm_flota  nm_reclas  nm_pelaces    nm_pelaL
inf 21.3569 14.6094 42.7055
cv_recla  cv_pelaces  cv_mph
0.698875 1.4033 0.557545
 ------------------------------------------------
Talla a la edad & desviaci?n 
 7.2 14.2025 17.0495 18.207 18.6776
 1.08 2.13037 2.55742 2.73105 2.80164
