years
 1997 1998 1999 2000 2001 2002 2003 2004 2005 2006 2007 2008 2009 2010 2011 2012 2013 2014 2015 2016 2017 2018 2019 2020 2021 2022
reclasobs
 0 0 0 370054 412103 1.49427e+06 250295 1.28982e+06 931140 785840 897777 1.04006e+06 184774 17550 25797 100020 73551 82996 120727 218422 84188 347160 605670 569463 516374 1.08416e+06
reclaspred
 509646 130286 324434 203804 307185 365227 781133 563495 731734 813497 714331 492448 272696 102264 72950.9 73830.3 79560.4 103426 115641 149738 236775 253145 466553 603300 762923 658113
pelacesobs
 0 0 0 0 0 0 0 0 0 2.06254e+06 1.5e+06 0 1.87456e+06 323000 250000 174000 83755 137374 0 501740 490994 745055 786931 1.00524e+06 1.33801e+06 1.41789e+06
pelacespred
 1.74562e+06 396506 553570 579150 782495 678653 1.85967e+06 1.50555e+06 1.88178e+06 2.08342e+06 1.5298e+06 1.08517e+06 591791 181845 138637 148065 163225 221300 245591 312890 593450 590442 874568 1.3217e+06 1.59916e+06 1.47887e+06
mphobs
 0 0 0 0 0 0 112323 0 153150 637223 0 255016 313432 73983 77613 109348 50772 17779 17303 59886 28197 0 207744 136588 643089 65757
mphpred
 183692 100401 109310 98604 106236 168841 231320 298212 283449 357265 369083 254333 147064 101927 49188.8 45616.7 44477.9 55716.4 31925.7 34568.2 53840.1 75175.6 101526 154136 203226 185533
desembarqueobs
 350755 77701 442110 56441 14545 235359 269955 359681 431902 328805 639364 411747 362871 311530 167758 66681 60226 58785 57116 73181 50977 67692 138656 160484 209506 203330
desembarquepred
 350760 77698.7 442083 56445.2 14545.5 235499 270033 359627 431848 328806 639367 411802 363072 311433 167531 66680.2 60262.5 58785.3 57097 73183.1 50977 67677.8 138658 160493 209536 203337
Reclutas
 35658 43076 20280.1 27081.7 46404.4 31810.4 68488.2 69823.4 112869 114590 63652.1 44130.7 41556.7 28649.5 16380.5 12455 8602.32 10867.7 12225.5 16700 27611.2 38642.4 56432.7 76418.4 26509.5 33452.3
log_desv_Rt
 0.0658948 0.254887 -0.498438 -0.209221 0.329313 -0.048286 0.718582 0.737889 1.21815 1.23328 0.645352 0.279077 0.218978 -0.152943 -0.711986 -0.985959 -1.35605 -1.12229 -1.00456 -0.692668 -0.189857 0.146269 0.524969 0.828144 -0.230575 0.0020402
SSB
 432471 236375 257352 232146 250115 397506 527544 692450 649428 822511 868940 598782 360319 162606 82412.7 75806.2 77750.7 91978.5 115089 132456 192585 261517 363848 525776 762467 719705
BT
 1.5083e+06 363613 607321 410961 496087 571139 1.43567e+06 1.34431e+06 1.65251e+06 1.612e+06 1.49059e+06 1.02705e+06 728352 407510 231842 147353 152180 187810 195588 253781 420427 406436 617943 934357 1.0576e+06 1.01216e+06
Ftot
 1.05573 0.969536 1.70977 0.39107 0.0726166 0.755191 0.5195 0.966312 1.00474 0.61643 1.09722 0.986684 1.69049 3.97167 3.76293 1.35431 1.09623 0.831503 0.672439 0.697254 0.332432 0.364514 0.387803 0.373778 0.314047 0.333315
BD_Bspro_t
 0.905523 0.628907 0.543193 0.347964 0.48975 0.658887 0.586518 0.618722 0.567318 0.576202 0.555914 0.394077 0.284287 0.170084 0.106678 0.118377 0.162957 0.245661 0.343553 0.434942 0.557143 0.691271 0.722732 0.733407 0.749763 0.680965
BD_Bspro
 0.627199 0.342808 0.37323 0.336674 0.362734 0.576491 0.765082 1.00424 0.941845 1.19286 1.2602 0.868396 0.522559 0.235823 0.119521 0.109939 0.11276 0.133394 0.16691 0.192097 0.2793 0.37927 0.527678 0.762518 1.10578 1.04377
BD_Bo
 0.538714 0.294445 0.320575 0.289176 0.311559 0.49516 0.657144 0.862562 0.80897 1.02457 1.08241 0.745883 0.448837 0.202553 0.102659 0.0944292 0.0968515 0.114574 0.143363 0.164996 0.239897 0.325763 0.453233 0.654942 0.949779 0.896513
BD_Brms
 1.45223 0.793743 0.864182 0.77954 0.839879 1.33482 1.77148 2.32523 2.18076 2.76197 2.91788 2.0107 1.20994 0.546028 0.27674 0.254555 0.261085 0.308862 0.386467 0.444785 0.646696 0.878168 1.22179 1.76555 2.56035 2.41675
S_f
 0.0940269 0.663518 0.974003 0.998597 0.999926
 0.0940269 0.663518 0.974003 0.998597 0.999926
 0.0940269 0.663518 0.974003 0.998597 0.999926
 0.0940269 0.663518 0.974003 0.998597 0.999926
 0.0940269 0.663518 0.974003 0.998597 0.999926
 0.0940269 0.663518 0.974003 0.998597 0.999926
 0.0940269 0.663518 0.974003 0.998597 0.999926
 0.0940269 0.663518 0.974003 0.998597 0.999926
 0.0940269 0.663518 0.974003 0.998597 0.999926
 0.0940269 0.663518 0.974003 0.998597 0.999926
 0.0940269 0.663518 0.974003 0.998597 0.999926
 0.0940269 0.663518 0.974003 0.998597 0.999926
 0.0940269 0.663518 0.974003 0.998597 0.999926
 0.0940269 0.663518 0.974003 0.998597 0.999926
 0.0940269 0.663518 0.974003 0.998597 0.999926
 0.0940269 0.663518 0.974003 0.998597 0.999926
 0.0940269 0.663518 0.974003 0.998597 0.999926
 0.0940269 0.663518 0.974003 0.998597 0.999926
 0.0940269 0.663518 0.974003 0.998597 0.999926
 0.0940269 0.663518 0.974003 0.998597 0.999926
 0.0940269 0.663518 0.974003 0.998597 0.999926
 0.0940269 0.663518 0.974003 0.998597 0.999926
 0.0940269 0.663518 0.974003 0.998597 0.999926
 0.0940269 0.663518 0.974003 0.998597 0.999926
 0.0940269 0.663518 0.974003 0.998597 0.999926
 0.0940269 0.663518 0.974003 0.998597 0.999926
Scru_reclas
 0.518369 0.844152 0.964614 0.992763 0.998554
 0.518369 0.844152 0.964614 0.992763 0.998554
 0.518369 0.844152 0.964614 0.992763 0.998554
 0.518369 0.844152 0.964614 0.992763 0.998554
 0.518369 0.844152 0.964614 0.992763 0.998554
 0.518369 0.844152 0.964614 0.992763 0.998554
 0.518369 0.844152 0.964614 0.992763 0.998554
 0.518369 0.844152 0.964614 0.992763 0.998554
 0.518369 0.844152 0.964614 0.992763 0.998554
 0.518369 0.844152 0.964614 0.992763 0.998554
 0.518369 0.844152 0.964614 0.992763 0.998554
 0.518369 0.844152 0.964614 0.992763 0.998554
 0.518369 0.844152 0.964614 0.992763 0.998554
 0.518369 0.844152 0.964614 0.992763 0.998554
 0.518369 0.844152 0.964614 0.992763 0.998554
 0.518369 0.844152 0.964614 0.992763 0.998554
 0.518369 0.844152 0.964614 0.992763 0.998554
 0.518369 0.844152 0.964614 0.992763 0.998554
 0.518369 0.844152 0.964614 0.992763 0.998554
 0.518369 0.844152 0.964614 0.992763 0.998554
 0.518369 0.844152 0.964614 0.992763 0.998554
 0.518369 0.844152 0.964614 0.992763 0.998554
 0.518369 0.844152 0.964614 0.992763 0.998554
 0.518369 0.844152 0.964614 0.992763 0.998554
 0.518369 0.844152 0.964614 0.992763 0.998554
 0.518369 0.844152 0.964614 0.992763 0.998554
Scru_pelaces
 0.689235 1 1 1 1
 0.689235 1 1 1 1
 0.689235 1 1 1 1
 0.689235 1 1 1 1
 0.689235 1 1 1 1
 0.689235 1 1 1 1
 0.689235 1 1 1 1
 0.689235 1 1 1 1
 0.689235 1 1 1 1
 0.689235 1 1 1 1
 0.689235 1 1 1 1
 0.689235 1 1 1 1
 0.689235 1 1 1 1
 0.689235 1 1 1 1
 0.689235 1 1 1 1
 0.689235 1 1 1 1
 0.689235 1 1 1 1
 0.689235 1 1 1 1
 0.689235 1 1 1 1
 0.689235 1 1 1 1
 0.689235 1 1 1 1
 0.689235 1 1 1 1
 0.689235 1 1 1 1
 0.689235 1 1 1 1
 0.689235 1 1 1 1
 0.689235 1 1 1 1
pf_obs 
 0.256992 0.487395 0.22802 0.0275931 0
 0.321318 0.546541 0.124235 0.00734118 0.000564706
 0.182869 0.594174 0.210203 0.0122559 0.00049798
 0.330522 0.361315 0.267642 0.0388342 0.00168674
 0.649043 0.306663 0.0425973 0.00169635 0
 0.582887 0.30429 0.105238 0.00758474 0
 0.465427 0.430635 0.0974691 0.00646863 0
 0.296916 0.608066 0.0921331 0.00288517 0
 0.311714 0.524322 0.152257 0.0117073 0
 0.15457 0.633149 0.183074 0.0267441 0.00246327
 0.131901 0.49318 0.331252 0.0422183 0.00144891
 0.196976 0.569456 0.194076 0.0375587 0.00193317
 0.518974 0.381816 0.0799577 0.0180837 0.00116848
 0.0928022 0.601141 0.25162 0.0475244 0.00691264
 0.122501 0.610282 0.24278 0.0234846 0.000952079
 0.383417 0.481906 0.127806 0.00687128 0
 0.0376549 0.599619 0.316969 0.0457579 0
 0.0361596 0.667082 0.258105 0.0386534 0
 0.158088 0.579412 0.248529 0.0139706 0
 0.0477256 0.309471 0.559284 0.082774 0.000745712
 0.0406174 0.521527 0.379366 0.0568643 0.0016247
 0.151134 0.462217 0.34131 0.0453401 0
 0.294876 0.26143 0.354403 0.0886775 0.000613685
 0.281977 0.475581 0.204845 0.0348837 0.00271318
 0.0841818 0.532909 0.334909 0.0458182 0.00218182
 0.115287 0.27431 0.454777 0.147771 0.00785563
pf_pred 
 0.294432 0.481065 0.200483 0.0240061 1.31743e-05
 0.273779 0.572555 0.121754 0.0286191 0.00329217
 0.14187 0.658521 0.173237 0.0210652 0.00530663
 0.237391 0.481977 0.244607 0.0314807 0.00454452
 0.255254 0.494099 0.182006 0.0600537 0.00858732
 0.137259 0.58192 0.208791 0.0526626 0.0193672
 0.290381 0.388066 0.24961 0.0539778 0.0179657
 0.225399 0.587849 0.123045 0.049806 0.0139009
 0.311691 0.487483 0.17017 0.0204698 0.0101871
 0.225963 0.611629 0.131596 0.0262663 0.00454494
 0.128495 0.592435 0.240003 0.0318552 0.00721206
 0.136806 0.49471 0.292033 0.0661274 0.0103234
 0.207377 0.482297 0.21839 0.0734583 0.0184768
 0.279024 0.570548 0.115155 0.025213 0.0100602
 0.312235 0.639375 0.0452837 0.00243392 0.000672071
 0.278668 0.661469 0.0586074 0.00118204 7.35028e-05
 0.183343 0.634411 0.173945 0.00813481 0.0001664
 0.242307 0.497664 0.224067 0.034387 0.00157458
 0.226878 0.556128 0.165887 0.0442598 0.00684705
 0.251103 0.511618 0.19184 0.0350157 0.0104239
 0.278942 0.510215 0.164534 0.0376868 0.00862192
 0.241718 0.53641 0.174818 0.0369499 0.0101036
 0.240886 0.507908 0.19815 0.042063 0.0109933
 0.228166 0.51943 0.191389 0.0484278 0.0125867
 0.0675571 0.609822 0.245533 0.0588664 0.0182207
 0.11219 0.278672 0.452658 0.1199 0.0365798
pobs_RECLAS
 0 0 0 0 0
 0 0 0 0 0
 0 0 0 0 0
 0 0 0 0 0
 0.835266 0.146461 0.0176864 0.000547809 3.91292e-05
 0.385257 0.428462 0.181853 0.0044286 0
 0.867414 0.0963971 0.0333333 0.00285562 0
 0.441836 0.489002 0.0689373 0.000224442 0
 0.779404 0.147425 0.0564933 0.0165055 0.000172143
 0.814271 0.122319 0.05973 0.00367925 0
 0.40263 0.566651 0.0304383 0.000280538 0
 0.475488 0.404961 0.113038 0.00651328 0
 0.955842 0.0263864 0.0167828 0.000988607 0
 0.975058 0.0227948 0.00214734 0 0
 0.738997 0.206755 0.0527124 0.00153531 0
 0.850938 0.134255 0.0134407 0.00136685 0
 0.542534 0.407297 0.0501686 0 0
 0.764087 0.199537 0.0359546 0.000420521 0
 0.470689 0.182191 0.310203 0.0369168 0
 0.84361 0.089868 0.0606195 0.00523954 0.000663233
 0.607945 0.314616 0.071237 0.00620181 0
 0.523733 0.453247 0.0230204 0 0
 0.530135 0.295979 0.169645 0.0042399 0
 0.562478 0.366248 0.0663022 0.0049721 0
 0.250443 0.683176 0.0655157 0.000865301 0
 0.195077 0.31981 0.436473 0.0351445 0.0134964
ppred_RECLAS
 0.674851 0.241089 0.0750652 0.00899055 4.95514e-06
 0.644069 0.296225 0.0472955 0.0111246 0.00128525
 0.460393 0.44365 0.0833126 0.0100918 0.00255264
 0.599385 0.2765 0.108132 0.013958 0.00202393
 0.616706 0.274803 0.0786875 0.0260598 0.00374313
 0.436414 0.41239 0.112333 0.0283806 0.010483
 0.669488 0.202018 0.0996634 0.0216075 0.00722357
 0.584579 0.335369 0.0527142 0.0213525 0.00598527
 0.690075 0.236803 0.0619412 0.00745468 0.00372593
 0.577541 0.35118 0.0577247 0.0115473 0.00200687
 0.424065 0.426269 0.128699 0.0170824 0.00388405
 0.446768 0.3549 0.157145 0.0356047 0.00558238
 0.586184 0.283509 0.0917808 0.0307577 0.00776803
 0.7297 0.235647 0.0266759 0.00569743 0.00227998
 0.741856 0.247379 0.0100874 0.000530063 0.000146812
 0.648763 0.329387 0.0213922 0.000430823 2.69026e-05
 0.521922 0.393769 0.0804684 0.00376331 7.73096e-05
 0.611321 0.278568 0.0948622 0.0145777 0.000670418
 0.584012 0.320596 0.0728801 0.019484 0.00302745
 0.618575 0.281858 0.0804549 0.014713 0.0043992
 0.645259 0.26888 0.0669439 0.0153818 0.00353472
 0.600235 0.303017 0.0761653 0.0161477 0.00443511
 0.601711 0.288306 0.0866818 0.0184557 0.00484492
 0.58418 0.30241 0.0859124 0.0218046 0.00569239
 0.256404 0.527711 0.164135 0.0394768 0.0122736
 0.396541 0.224386 0.281391 0.074769 0.0229127
pobs_PELACES
 0 0 0 0 0
 0 0 0 0 0
 0 0 0 0 0
 0 0 0 0 0
 0 0 0 0 0
 0 0 0 0 0
 0 0 0 0 0
 0 0 0 0 0
 0 0 0 0 0
 0 0 0 0 0
 0.450072 0.473896 0.0757376 0.000293798 0
 0 0 0 0 0
 0.463077 0.371075 0.160297 0.00555027 0
 0.529543 0.364841 0.0842815 0.0213345 0
 0.631943 0.363953 0.00410389 0 0
 0.735681 0.248677 0.0153453 0.000297389 0
 0.695825 0.281241 0.0229344 0 0
 0.275771 0.60734 0.115278 0.00161068 0
 0 0 0 0 0
 0.896147 0.0623911 0.0374545 0.00400742 0
 0.803859 0.145111 0.0509908 3.86294e-05 0
 0.739449 0.233085 0.0266225 0.000797448 4.60066e-05
 0.878498 0.100942 0.0204185 0.000141795 0
 0.694673 0.275183 0.0284847 0.00165964 0
 0.469039 0.446079 0.0841089 0.000773354 0
 0.822795 0.102175 0.0682046 0.00682512 0
ppred_PELACES
 0.750636 0.195922 0.047911 0.00552801 3.02769e-06
 0.716516 0.244701 0.030957 0.00701964 0.000805944
 0.581072 0.36178 0.0499001 0.00579218 0.00145549
 0.655568 0.250345 0.0823125 0.0102911 0.00148331
 0.655812 0.256831 0.0638802 0.020544 0.00293365
 0.514024 0.375497 0.0828455 0.0202129 0.00742031
 0.729104 0.177782 0.0727753 0.0152661 0.00507285
 0.664069 0.283058 0.0352654 0.0137712 0.00383617
 0.76076 0.192568 0.0397682 0.00461266 0.00229108
 0.640032 0.308807 0.041702 0.00806514 0.00139318
 0.518746 0.378011 0.0892566 0.0114091 0.00257783
 0.541754 0.318528 0.111559 0.0243635 0.0037961
 0.705037 0.221117 0.0526806 0.0169201 0.00424533
 0.871142 0.118822 0.00783595 0.00157456 0.00062536
 0.869371 0.127344 0.00309043 0.000153042 4.20729e-05
 0.730777 0.256284 0.0126787 0.000245387 1.52251e-05
 0.610319 0.333865 0.0533633 0.00240343 4.90637e-05
 0.686329 0.238331 0.0652243 0.00967342 0.000442135
 0.651493 0.280811 0.0521446 0.0134715 0.00208047
 0.685913 0.244259 0.0568084 0.0100372 0.00298281
 0.693333 0.241816 0.0509228 0.0113382 0.00259002
 0.652628 0.274102 0.0580831 0.0119296 0.00325705
 0.656452 0.260536 0.0658799 0.0135862 0.0035453
 0.63912 0.274775 0.0657462 0.0161641 0.00419472
 0.300913 0.520155 0.137098 0.0319575 0.00987684
 0.466314 0.220818 0.234198 0.0603014 0.0183693
pobs_pel_tallas
 0 0 0 0 0 0 0 0 0 0 0 0 0 0 0 0 0 0 0 0 0 0 0 0 0 0 0 0 0 0 0 0 0 0 0 0
 0 0 0 0 0 0 0 0 0 0 0 0 0 0 0 0 0 0 0 0 0 0 0 0 0 0 0 0 0 0 0 0 0 0 0 0
 0 0 0 0 0 0 0 0 0 0 0 0 0 0 0 0 0 0 0 0 0 0 0 0 0 0 0 0 0 0 0 0 0 0 0 0
 0 0 0 0 0 0 0 0 0 0 0 0 0 0 0 0 0 0 0 0 0 0 0 0 0 0 0 0 0 0 0 0 0 0 0 0
 0 0 0 0 0 0 0 0 0 0 0 0 0 0 0 0 0 0 0 0 0 0 0 0 0 0 0 0 0 0 0 0 0 0 0 0
 0 0 0 0 0 0 0 0 0 0 0 0 0 0 0 0 0 0 0 0 0 0 0 0 0 0 0 0 0 0 0 0 0 0 0 0
 0 0 0 0 0 0 0 0 0 0 0 0 0 0 0 0 0 0 0 0 0 0 0 0 0 0 0 0 0 0 0 0 0 0 0 0
 0 0 0 0 0 0 0 0 0 0 0 0 0 0 0 0 0 0 0 0 0 0 0 0 0 0 0 0 0 0 0 0 0 0 0 0
 0 0 0 0 0 0 0 0 0 0 0 0 0 0 0 0 0 0 0 0 0 0 0 0 0 0 0 0 0 0 0 0 0 0 0 0
 0 0 0 0 0 0 0 0 0 0 0 0 0 0 0 0 0 0 0 0 0 0 0 0 0 0 0 0 0 0 0 0 0 0 0 0
 0 0 0 0 0 0 0 0 1.78061e-05 0.00172719 0.00360574 0.0105946 0.0120993 0.0124554 0.0147524 0.0171206 0.0266825 0.0428682 0.0675386 0.121331 0.153587 0.119568 0.100827 0.0573624 0.0630603 0.0341343 0.0324427 0.0444173 0.0211091 0.0280891 0.0125444 0.00206551 0 0 0 0
 0 0 0 0 0 0 0 0 0 0 0 0 0 0 0 0 0 0 0 0 0 0 0 0 0 0 0 0 0 0 0 0 0 0 0 0
 0 0 0 0 0 0 0.0133647 0.0140871 0.0187388 0.0205184 0.03894 0.0496705 0.03968 0.0493445 0.0407372 0.0367815 0.0215668 0.0243155 0.0234873 0.0199281 0.019796 0.0243948 0.0301388 0.0376714 0.0412746 0.0863199 0.0771752 0.113111 0.0741005 0.0525337 0.0229764 0.00759418 0.00175318 0 0 0
 0 0 0 0 0 0 0 0 0 0 0.00219441 0.00772107 0.0458388 0.0604681 0.0671733 0.0775358 0.0609151 0.0617685 0.073594 0.0568108 0.0755445 0.0548602 0.0670107 0.0636378 0.0643287 0.046367 0.0373049 0.0286899 0.0247887 0.0153202 0.00654259 0.00121912 0.000365735 0 0 0
 0 0 0 0 0 0 0 0 0 0 0 0 0.000112435 0.00938835 0.0111873 0.0202946 0.0414886 0.0713402 0.111592 0.104902 0.108894 0.110636 0.117776 0.105296 0.107544 0.0401394 0.0192827 0.0124803 0.00416011 0.0028671 0.000618394 0 0 0 0 0
 0 0 0 0 0 0 0 0 0 0 0.00291406 0.0102884 0.027416 0.0768956 0.0749926 0.110853 0.0956884 0.0897413 0.0766577 0.0534642 0.0500743 0.0551293 0.0594112 0.0620874 0.0668451 0.0424026 0.0208742 0.0120726 0.0048766 0.00582813 0.00118941 0.000297354 0 0 0 0
 0 0.00264628 0.0354308 0.0461629 0.0458689 0.0383711 0.0214643 0.0164657 0.0346957 0.0420465 0.0363128 0.0245516 0.0311673 0.0291091 0.0169068 0.0133784 0.00837989 0.0085269 0.0148486 0.0160247 0.0276389 0.0546898 0.0760071 0.122758 0.109233 0.0665981 0.0333725 0.0166128 0.00676272 0.00308733 0.000882094 0 0 0 0 0
 0 0 0 0 0 0 0 0.000805153 0.000690131 0.00759144 0.0133425 0.0154129 0.00931677 0.000345066 0.00356568 0.00563607 0.00851162 0.0253048 0.0502646 0.0516448 0.0657925 0.0565908 0.0611916 0.0827007 0.0866115 0.110766 0.145733 0.0935128 0.0569358 0.0249597 0.0138026 0.00621118 0.00161031 0.00115022 0 0
 0 0 0 0 0 0 0 0 0 0 0 0 0 0 0 0 0 0 0 0 0 0 0 0 0 0 0 0 0 0 0 0 0 0 0 0
 0.00147267 0.00158595 0.00478618 0.00569244 0.00954404 0.0108468 0.00647125 0.017049 0.0510054 0.094081 0.124002 0.0959785 0.0687766 0.0820023 0.061753 0.0591476 0.0492212 0.0479892 0.0443925 0.0268479 0.0217502 0.0140895 0.0121071 0.0120363 0.00920419 0.00665534 0.0049561 0.00860946 0.00930331 0.0156896 0.0114698 0.00855282 0.00243557 0.00046729 0 2.83206e-05
 0 0 0 0 0.000772559 0.00158375 0.000888443 0.00281984 0.00712685 0.0440552 0.0773331 0.111326 0.0921469 0.0852325 0.0710754 0.0886704 0.0786465 0.0553345 0.0373146 0.0185414 0.00753245 0.00457741 0.012979 0.0271748 0.0457355 0.0583668 0.034881 0.0177882 0.00938659 0.00492506 0.0015258 0.00185414 0.000309023 5.79419e-05 3.86279e-05 0
 0 0.00173294 0.00326652 0 0.00397197 0.00683976 0.00946217 0.0152591 0.00757587 0.0136028 0.0228656 0.0392903 0.0559909 0.0764795 0.0681675 0.0726916 0.0566044 0.0477403 0.0527397 0.0444891 0.0609904 0.0582453 0.0661739 0.0445044 0.0529084 0.0360697 0.0280645 0.0235558 0.0158879 0.00826598 0.00280645 0.00217768 0.000904811 0.00058276 9.20147e-05 0
 0 0 0 0 0 0 0 0 0 0 0 0 0 0 0 0 0 0 0 0 0 0 0 0 0 0 0 0 0 0 0 0 0 0 0 0
 0 0 0 0 0 0 0 0 0 0 0 0 0 0 0 0 0 0 0 0 0 0 0 0 0 0 0 0 0 0 0 0 0 0 0 0
 0 0 0 0 0 0 0 0 0 0 0 0 0 0 0 0 0 0 0 0 0 0 0 0 0 0 0 0 0 0 0 0 0 0 0 0
 0 0 0 0 0 0 0 0 0 0 0 0 0 0 0 0 0 0 0 0 0 0 0 0 0 0 0 0 0 0 0 0 0 0 0 0
ppred_pel_tallas
 1.00935e-16 3.27519e-05 0.000192226 0.00091375 0.00351798 0.0109705 0.0277106 0.0566998 0.0939869 0.126224 0.137362 0.121175 0.086768 0.0506924 0.0247026 0.0110523 0.00617606 0.00586913 0.00754611 0.0100514 0.0128782 0.0156856 0.0181464 0.0199568 0.0208928 0.0208598 0.0199115 0.0182293 0.0160723 0.0137142 0.0113887 0.00925773 0.00740509 0.00585051 0.00457323 0.00353471
 1.00799e-16 3.12661e-05 0.000183498 0.000872249 0.00335817 0.0104721 0.0264519 0.0541246 0.0897199 0.120498 0.131144 0.115722 0.0829318 0.0485894 0.0239351 0.011144 0.00683467 0.00700707 0.0091895 0.0122498 0.0156468 0.0189734 0.0218245 0.0238259 0.024709 0.0243731 0.022908 0.0205657 0.0176938 0.0146536 0.0117477 0.00917886 0.00704148 0.0053414 0.00402843 0.00302882
 1.01094e-16 2.53649e-05 0.000148842 0.000707465 0.00272367 0.00849343 0.021454 0.0438995 0.0727751 0.0977556 0.106432 0.094009 0.0675755 0.0400037 0.0204717 0.0108168 0.00836871 0.00993367 0.0135103 0.0181134 0.0231549 0.0280825 0.0323061 0.0352727 0.0365836 0.0360884 0.0339182 0.0304443 0.0261805 0.0216614 0.0173363 0.0135074 0.0103176 0.00777865 0.00581897 0.00433104
 1.01673e-16 2.86088e-05 0.000167897 0.000798076 0.00307259 0.00958153 0.0242023 0.0495219 0.0820912 0.110256 0.120004 0.105911 0.075942 0.0445778 0.0221161 0.0105645 0.00684839 0.00732603 0.00974843 0.0130819 0.0168192 0.0205609 0.0238963 0.0264354 0.0278842 0.0281081 0.0271575 0.0252431 0.0226744 0.019783 0.0168554 0.0140943 0.0116115 0.00944484 0.00758577 0.00600581
 1.01834e-16 2.86196e-05 0.00016796 0.000798375 0.00307374 0.00958512 0.0242114 0.0495405 0.0821222 0.110298 0.120051 0.105955 0.0759796 0.0446115 0.0221544 0.0106177 0.00692674 0.00743826 0.00989989 0.0132724 0.0170407 0.0207959 0.0241187 0.0266134 0.0279861 0.0281095 0.0270475 0.0250282 0.0223789 0.0194447 0.0165188 0.0138023 0.0113979 0.00932923 0.00757211 0.0060839
 1.0234e-16 2.24419e-05 0.00013168 0.000625872 0.00240951 0.00751374 0.0189794 0.0388364 0.0643835 0.086489 0.0941796 0.0832217 0.0598969 0.0356103 0.0185051 0.0102356 0.00847025 0.010409 0.0142924 0.0192374 0.0246843 0.0300786 0.0348143 0.0383153 0.0401565 0.0401598 0.0384298 0.0353139 0.0313047 0.0269198 0.0225974 0.0186358 0.015184 0.0122698 0.00984686 0.00783937
 1.01853e-16 3.18123e-05 0.000186711 0.000887537 0.00341706 0.0106558 0.0269156 0.0550731 0.0912901 0.122601 0.133418 0.117691 0.0842632 0.049209 0.0239433 0.0106536 0.00587608 0.00552999 0.0071124 0.00951563 0.0122684 0.0150642 0.0176092 0.0196249 0.0208972 0.0213202 0.0209144 0.0198102 0.0182073 0.0163216 0.0143414 0.0124019 0.0105812 0.00891275 0.00740344 0.00605048
 1.01246e-16 2.89807e-05 0.000170077 0.000808437 0.00311247 0.0097059 0.0245165 0.050165 0.0831579 0.11169 0.121572 0.107308 0.0769725 0.0452407 0.0225513 0.0109461 0.00731628 0.00797281 0.010627 0.0142079 0.0181641 0.0220437 0.0253831 0.0277511 0.0288372 0.0285241 0.0269134 0.0242924 0.0210583 0.0176223 0.0143281 0.011404 0.00895508 0.00698571 0.00543812 0.00422976
 1.00893e-16 3.31932e-05 0.000194817 0.00092607 0.00356542 0.0111184 0.0280843 0.0574643 0.0952538 0.127925 0.139211 0.122803 0.0879247 0.0513507 0.0249904 0.0111247 0.00613619 0.00576028 0.00737496 0.00980978 0.0125551 0.0152725 0.0176402 0.0193608 0.0202172 0.0201209 0.0191302 0.0174294 0.0152789 0.0129514 0.0106786 0.00861868 0.00685041 0.00538774 0.00420371 0.00325396
 1.01035e-16 2.79336e-05 0.000163928 0.000779196 0.00299987 0.00935477 0.0236296 0.0483505 0.0801512 0.107655 0.117188 0.103459 0.0742566 0.0437344 0.0219675 0.0109395 0.00766987 0.00861356 0.0115648 0.0154758 0.019781 0.0239947 0.027611 0.0301578 0.0312952 0.0308947 0.0290678 0.0261303 0.0225192 0.0186887 0.0150203 0.0117697 0.00905717 0.00689169 0.00521193 0.00392687
 1.01903e-16 2.26479e-05 0.000132889 0.00063162 0.00243165 0.00758275 0.0191537 0.0391931 0.0649748 0.0872832 0.0950442 0.0839851 0.060445 0.0359335 0.018668 0.0103177 0.00852866 0.0104744 0.0143787 0.0193493 0.0248208 0.0302328 0.0349726 0.0384577 0.0402575 0.0401911 0.0383638 0.035127 0.0309812 0.0264541 0.0219954 0.0179151 0.0143718 0.0114006 0.00895842 0.00696906
 1.02702e-16 2.36488e-05 0.000138771 0.000659594 0.00253937 0.00791871 0.0200022 0.0409288 0.0678501 0.0911392 0.0992257 0.087639 0.0629855 0.0372649 0.0190328 0.0100018 0.00768565 0.00911636 0.0124462 0.0167849 0.0216212 0.0264813 0.030851 0.0342353 0.0362577 0.0367407 0.0357383 0.0335052 0.0304201 0.0268896 0.0232651 0.0197954 0.0166191 0.0137862 0.0112936 0.00911683
 1.016e-16 3.07646e-05 0.000180556 0.000858267 0.00330435 0.0103043 0.0260279 0.0532569 0.088281 0.118564 0.129036 0.113852 0.0815724 0.0477538 0.0234516 0.0108005 0.0064694 0.00652266 0.00853548 0.0114106 0.0146421 0.0178628 0.0207094 0.0228412 0.0240063 0.0240965 0.0231686 0.0214206 0.0191359 0.0166126 0.0141033 0.0117803 0.00973054 0.00797231 0.00648252 0.00522237
 1.00234e-16 3.80033e-05 0.000223063 0.00106037 0.00408254 0.0127311 0.0321576 0.065798 0.109065 0.146463 0.15936 0.140517 0.100477 0.0584167 0.0279343 0.0115929 0.00520183 0.00384166 0.00450222 0.00587871 0.00747427 0.00903495 0.0103535 0.0112478 0.01159 0.0113357 0.0105351 0.00931773 0.00785992 0.00634324 0.00491889 0.00368651 0.00269025 0.00192849 0.00137045 0.000973049
 1.00093e-16 3.79264e-05 0.000222611 0.00105822 0.00407425 0.0127052 0.0320923 0.0656645 0.108844 0.146167 0.15904 0.140239 0.100288 0.0583268 0.0279283 0.0116539 0.00532423 0.00403114 0.0047691 0.00623051 0.00790969 0.00953992 0.0108998 0.0117947 0.0120898 0.011741 0.010807 0.00943252 0.00781259 0.00614716 0.0046021 0.0032859 0.00224517 0.00147521 0.00093839 0.000582923
 1.00273e-16 3.18884e-05 0.00018715 0.00088961 0.00342501 0.0106806 0.0269784 0.055202 0.0915059 0.122897 0.133756 0.118029 0.0845897 0.0495699 0.0244345 0.0114022 0.00702378 0.00721708 0.00945558 0.0125755 0.0160127 0.0193378 0.0221251 0.0239847 0.024643 0.0240076 0.0221914 0.01948 0.0162605 0.0129308 0.00982239 0.00715338 0.00501983 0.00341644 0.00227288 0.00149068
 1.00952e-16 2.66391e-05 0.000156325 0.000743047 0.00286068 0.0089207 0.0225332 0.0461074 0.0764339 0.102666 0.111767 0.0986957 0.0708876 0.0418506 0.0212072 0.0108672 0.00800613 0.00925643 0.0125161 0.0167703 0.0214443 0.0260208 0.0299533 0.0327294 0.0339787 0.0335581 0.0315845 0.0283961 0.0244638 0.0202791 0.0162572 0.0126795 0.00968246 0.00728255 0.00541935 0.00399856
 1.01357e-16 2.99496e-05 0.00017577 0.000835507 0.00321671 0.010031 0.0253376 0.0518447 0.0859407 0.115423 0.125623 0.110855 0.0794544 0.0465738 0.0229837 0.0107733 0.00671043 0.00697189 0.0091984 0.0123129 0.0158019 0.0192761 0.0223427 0.0246323 0.0258696 0.0259348 0.0248866 0.0229376 0.0203945 0.0175828 0.0147814 0.0121847 0.00989531 0.00794126 0.00630353 0.00494297
 1.01392e-16 2.84323e-05 0.000166858 0.00079313 0.00305353 0.00952211 0.0240522 0.0492151 0.0815835 0.109576 0.119272 0.10528 0.0755249 0.0444029 0.0221586 0.0107977 0.00727439 0.00797328 0.0106528 0.0142647 0.0182688 0.0222199 0.0256582 0.028153 0.0293897 0.0292416 0.0277962 0.0253244 0.0222063 0.0188396 0.0155599 0.0125946 0.0100546 0.00795616 0.00625637 0.0048883
 1.01371e-16 2.99317e-05 0.000175664 0.000835003 0.00321477 0.0100249 0.0253223 0.0518134 0.0858891 0.115354 0.125549 0.110793 0.0794162 0.046564 0.0230023 0.0108206 0.00679043 0.00709123 0.0093636 0.0125269 0.0160608 0.0195672 0.0226443 0.0249151 0.026102 0.0260878 0.02494 0.0228844 0.0202424 0.0173524 0.0145023 0.0118896 0.00961455 0.00769832 0.00611281 0.00480946
 1.01313e-16 3.02551e-05 0.000177563 0.000844032 0.00324953 0.0101333 0.0255961 0.0523737 0.0868177 0.116601 0.126905 0.111985 0.080264 0.0470466 0.0232136 0.0108742 0.00676212 0.00701291 0.00924039 0.0123531 0.0158286 0.0192706 0.0222812 0.024488 0.025618 0.0255584 0.0243797 0.0223095 0.0196698 0.0167985 0.0139818 0.0114148 0.0091946 0.00733878 0.00581534 0.00457203
 1.01476e-16 2.84815e-05 0.000167147 0.000794509 0.00305885 0.00953868 0.0240941 0.0493007 0.0817251 0.109766 0.119477 0.105458 0.075644 0.044457 0.0221561 0.0107483 0.0071799 0.00782843 0.0104497 0.0139982 0.0179409 0.0218426 0.0252544 0.0277547 0.029034 0.0289642 0.0276253 0.0252754 0.0222797 0.0190213 0.015825 0.0129123 0.0103937 0.00828926 0.00656275 0.00515495
 1.01653e-16 2.86477e-05 0.000168124 0.000799157 0.00307675 0.0095945 0.0242351 0.049589 0.0822027 0.110406 0.12017 0.106062 0.0760601 0.0446669 0.0221967 0.0106625 0.00698774 0.00752607 0.0100223 0.0134339 0.0172411 0.0210287 0.0243702 0.0268635 0.0282101 0.0282816 0.0271446 0.0250332 0.0222836 0.0192505 0.0162362 0.013449 0.0109961 0.00890309 0.00714478 0.00567559
 1.01775e-16 2.78926e-05 0.00016369 0.00077807 0.00299555 0.00934129 0.0235955 0.0482806 0.0800343 0.107496 0.117007 0.103283 0.0740934 0.0435651 0.021748 0.0106114 0.0071693 0.00787826 0.0105432 0.0141408 0.018146 0.0221264 0.0256336 0.0282445 0.0296459 0.029704 0.0284913 0.026257 0.0233571 0.0201664 0.0170034 0.0140865 0.0115264 0.00934715 0.00751947 0.00599287
 1.03676e-16 1.31552e-05 7.71457e-05 0.00036658 0.00141112 0.00440025 0.0111152 0.0227468 0.0377192 0.0506978 0.0552799 0.0490238 0.0356669 0.0219742 0.0128318 0.00934888 0.0103008 0.0141515 0.0198904 0.0268917 0.0345685 0.0422 0.0489559 0.0540363 0.0568437 0.0571173 0.0549829 0.0508995 0.0455279 0.0395667 0.033611 0.0280712 0.0231595 0.0189284 0.0153332 0.0122907
 1.06327e-16 2.03555e-05 0.000119445 0.000567734 0.00218572 0.00681588 0.0172165 0.0352283 0.058399 0.0784411 0.0853932 0.0754033 0.0541523 0.0319611 0.0161857 0.00829452 0.00614965 0.00721374 0.00993659 0.0136195 0.017916 0.0225254 0.0271059 0.0312969 0.0347784 0.0373232 0.0388239 0.0392863 0.0387971 0.0374833 0.0354791 0.0329101 0.0298961 0.0265602 0.0230379 0.0194765
pSPR Fmed_Fpbrs
0.523829   0.420957 0.420957
Fs Fmed_Fpbrs
0.64   1.005 1.005
SSBpbr Bo_Bmed_Bpbrs
802783  380382  297798 297798
Ro
33384.1
SPR SPRFo_SPRFmed_SPRFpbrs
689527 361194 290261
log_Ro
10.2358
likeval ReclasPelacesDesembMPH_pf_preclas_ppelaces_ptallas_desvR_qrecl_qpela
 63.057 0.000156937 0.0164683 45.7295 332.075 198.491 56.1621 0 17.0029 2.62723e-07 7.53518e-05 0 0 0 0
q_reclas_q_pelaces
0.929942 3.43831
M
0.7
N
 35658 10565.7 3391.63 399.854 0.219255
 43076 16033.9 2604.19 602.315 69.2275
 20280.1 19527.1 4184.57 502.978 126.63
 27081.7 8575.22 3118.46 393.009 56.6711
 46404.4 12962.9 3285.09 1058.06 151.101
 31810.4 22886.9 6134.36 1519.93 558.443
 68488.2 14713.8 6885.95 1459.87 485.385
 69823.4 32388.9 5176.29 2061.61 574.905
 112869 31661.8 8471.01 1002.9 498.687
 114590 50996.6 8072.37 1580.96 273.282
 63652.1 53699.2 16823 2199.09 497.474
 44130.7 28510.3 12876.1 2869.26 447.549
 41556.7 19973 7356.48 2445.73 614.79
 28649.5 17603.7 3230.75 704.014 280.837
 16380.5 9793.24 626.774 33.5168 9.25243
 12455 5710.34 400.486 7.9684 0.495143
 8602.32 5445.44 1154.5 53.1743 1.08681
 10867.7 3853.4 1306.57 197.095 9.01674
 12225.5 4990.87 1102.12 288.668 44.6135
 16700 5699.02 1586.35 284.302 84.5525
 27611.2 7766.74 1781.85 399.439 91.2784
 38642.4 13289.4 3093.42 640.096 174.831
 56432.7 18542.7 5181.55 1077.06 281.179
 76418.4 27020.2 7118.95 1763.64 457.869
 26509.5 36637.7 10470.7 2456.41 759.445
 33452.3 12781.2 14771.5 3829.35 1166.94
pred_Ctot
 2437.27 3982.19 1659.57 198.719 0.109055
 2713.45 5674.63 1206.72 283.646 32.6289
 2186.12 10147.4 2669.48 324.602 81.7719
 704.651 1430.66 726.072 93.4446 13.4896
 227.177 439.751 161.987 53.4481 7.64275
 1574.56 6675.48 2395.14 604.118 222.171
 2354.75 3146.9 2024.13 437.715 145.687
 4384.26 11434.3 2393.36 968.782 270.388
 7357.44 11507 4016.84 483.188 240.465
 4656.29 12603.5 2711.73 541.255 93.6549
 4514.01 20812.1 8431.23 1119.06 253.358
 2827.07 10223.1 6034.79 1366.51 213.33
 4432.57 10308.8 4667.96 1570.13 394.932
 6559.97 13413.8 2707.33 592.769 236.519
 3582.5 7336.01 519.573 27.9261 7.71115
 1078.89 2560.92 226.903 4.57636 0.284572
 609.528 2109.12 578.285 27.0444 0.5532
 590.44 1212.68 545.994 83.7922 3.83683
 540.664 1325.29 395.318 105.474 16.3169
 765.025 1558.73 584.473 106.681 31.7581
 612.186 1119.75 361.098 82.7099 18.9222
 938.203 2082.02 678.536 143.417 39.2162
 1456.28 3070.56 1197.91 254.292 66.46
 1901.8 4329.52 1595.26 403.653 104.912
 555.677 5015.96 2019.58 484.193 149.871
 743.636 1847.14 3000.38 794.74 242.464
F
 0.099267 0.700495 1.02828 1.05425 1.05565
 0.0911625 0.643304 0.944331 0.968176 0.969464
 0.160765 1.13447 1.66533 1.70738 1.70965
 0.0367711 0.259482 0.380904 0.390522 0.391041
 0.00682792 0.0481824 0.0707289 0.0725148 0.0726113
 0.0710082 0.501082 0.735558 0.754131 0.755135
 0.048847 0.344698 0.505995 0.518771 0.519462
 0.0908593 0.641165 0.941191 0.964956 0.96624
 0.0944725 0.666662 0.97862 1.00333 1.00467
 0.057961 0.409012 0.600405 0.615566 0.616385
 0.103168 0.728022 1.06869 1.09568 1.09713
 0.0927749 0.654683 0.961034 0.9853 0.986612
 0.158951 1.12167 1.64654 1.68811 1.69036
 0.373444 2.63528 3.86842 3.9661 3.97138
 0.353816 2.49677 3.6651 3.75765 3.76265
 0.127342 0.89861 1.3191 1.35241 1.35421
 0.103075 0.72737 1.06774 1.0947 1.09615
 0.0781836 0.551717 0.809887 0.830337 0.831442
 0.0632273 0.446175 0.654957 0.671495 0.672389
 0.0655607 0.462641 0.679128 0.696276 0.697203
 0.0312575 0.220574 0.323789 0.331965 0.332407
 0.0342741 0.241861 0.355038 0.364002 0.364487
 0.0364639 0.257314 0.377722 0.387259 0.387774
 0.0351451 0.248008 0.364061 0.373253 0.37375
 0.0295289 0.208376 0.305883 0.313606 0.314024
 0.0313406 0.221161 0.32465 0.332848 0.33329
Np
 22820.5 10310.5 4103.93 949.274 1140.53
YTP_r0W_actual
 19630.3 118009 247299 76393.1 25325.5
YTP_p0W_proyectada
 12201.1 126407 75764.9 102447 39666.8
 12201.1 80954.9 61115.4 18342.8 24477.1
CTP_r0_actual
 2181.14 4646.03 7005.63 1845.25 562.788
CTP_p0_proyectada
 1487.93 5852.19 2412.89 2554.79 891.388
 1487.93 3747.91 1946.35 457.426 550.048
Wmedp
 8.2 21.6 31.4 40.1 44.5
nmprior
 10.8 10.6 4.6 0
nm_flota  nm_reclas  nm_pelaces    nm_pelaL
inf 20.317 15.436 46.1262
cv_recla  cv_pelaces  cv_mph
0.702488 0.457439 0.552144
 ------------------------------------------------
Talla a la edad & desviaci?n 
 7.2 14.2025 17.0495 18.207 18.6776
 1.08 2.13037 2.55742 2.73105 2.80164
