years
 1997 1998 1999 2000 2001 2002 2003 2004 2005 2006 2007 2008 2009 2010 2011 2012 2013 2014 2015 2016 2017 2018 2019
reclasobs
 0 0 0 370054 412103 1.49427e+06 250295 1.28982e+06 931140 785840 897777 1.04006e+06 184774 17550 25797 100020 73551 82996 120727 218422 84188 347160 605670
reclaspred
 1.13963e+06 228515 554753 275942 320572 353508 665422 481589 621453 745435 684550 429762 232153 89194.9 73030.6 71103.8 71545.9 81808.1 82414.4 102030 172354 194449 329473
pelacesobs
 0 0 0 0 0 0 0 0 0 2.06254e+06 1.5e+06 0 1.87456e+06 323000 250000 174000 83755 137374 0 501740 490994 745055 786931
pelacespred
 652194 228886 186179 192344 192835 154522 338499 281256 335626 418832 321626 207606 104736 27713.6 26606.4 30283.5 31580.1 37267.6 37767.1 44962.9 93747.6 102060 135255
mphobs
 0 0 0 0 0 0 112323 0 153150 637223 0 255016 313432 73983 77613 109348 50772 17779 17303 59886 28197 0 207744
mphpred
 807432 426982 358736 307037 249902 341504 416071 523277 486319 625484 707795 462588 251210 113097 51237.2 54266.6 51895.7 59033.5 68788.1 69869.7 110906 171622 223257
desembarqueobs
 350755 77701 442110 56441 14545 235359 269955 359681 431902 328805 639364 411747 362871 311530 167758 66681 60226 58785 57116 73181 50977 67692 138656
desembarquepred
 350756 77698.9 442095 56443.2 14545.2 235494 269952 359561 431734 328722 639148 411659 362907 311215 167561 66682.1 60254.8 58779.5 57085.2 73172.7 50966.1 67667.2 138638
Reclutas
 40077.7 42289.7 20250.1 20982.1 37940.5 26890.9 57684.9 60144.8 99563.4 113715 66119.5 42497.7 46247.1 35183.5 22745.7 12581.5 7750.49 8369.81 9808 13015.1 22346.6 28951.4 35038
log_desv_Rt
 0.301962 0.355685 -0.380698 -0.345191 0.247161 -0.0970723 0.666135 0.707896 1.21194 1.34484 0.802605 0.360592 0.44514 0.171718 -0.264483 -0.856633 -1.3411 -1.26423 -1.10566 -0.822747 -0.282185 -0.0232415 0.167575
SSB
 807432 426982 358736 307037 249902 341504 403213 516193 473937 611947 707795 462588 261381 120399 56319.1 60349.4 60806.8 65687.7 71573.2 77726.1 114145 171622 230666
BT
 2.03787e+06 569170 709836 461928 456360 491642 1.15925e+06 1.05545e+06 1.32759e+06 1.35233e+06 1.30052e+06 851220 616816 349132 218998 127313 125141 138874 133682 168678 292508 277763 393434
Ftot
 0.296171 0.326619 0.736889 0.19811 0.0443618 0.622679 0.388835 0.698334 0.654602 0.421735 0.855494 0.875529 1.36561 2.60612 1.93655 0.86326 0.780468 0.672816 0.649148 0.672121 0.285432 0.334211 0.401705
BD_Bspro_t
 0.957685 0.75463 0.62659 0.407499 0.486962 0.625284 0.517347 0.542611 0.483901 0.490255 0.491066 0.319217 0.213294 0.125391 0.069087 0.0838978 0.113309 0.161306 0.213755 0.278271 0.389001 0.555351 0.588389
BD_Bspro
 1.32197 0.699079 0.587344 0.502698 0.409153 0.559129 0.660164 0.845141 0.775957 1.00191 1.15884 0.757376 0.427948 0.197124 0.0922088 0.0988075 0.0995565 0.107548 0.117184 0.127258 0.186884 0.280989 0.37766
BD_Bo
 0.857765 0.453598 0.381099 0.326176 0.26548 0.362792 0.428348 0.548371 0.503481 0.650094 0.751917 0.491425 0.277675 0.127904 0.0598299 0.0641114 0.0645974 0.0697825 0.0760349 0.0825713 0.12126 0.18232 0.245045
BD_Brms
 4.15126 2.19525 1.84438 1.57857 1.28482 1.75578 2.07305 2.65391 2.43666 3.14621 3.63899 2.37831 1.34384 0.619007 0.289554 0.310275 0.312627 0.337721 0.36798 0.399614 0.586853 0.882361 1.18593
S_f
 0.5 1 1 1 1
 0.5 1 1 1 1
 0.5 1 1 1 1
 0.5 1 1 1 1
 0.5 1 1 1 1
 0.5 1 1 1 1
 0.5 1 1 1 1
 0.5 1 1 1 1
 0.5 1 1 1 1
 0.5 1 1 1 1
 0.5 1 1 1 1
 0.5 1 1 1 1
 0.5 1 1 1 1
 0.5 1 1 1 1
 0.5 1 1 1 1
 0.5 1 1 1 1
 0.5 1 1 1 1
 0.5 1 1 1 1
 0.5 1 1 1 1
 0.5 1 1 1 1
 0.5 1 1 1 1
 0.5 1 1 1 1
 0.5 1 1 1 1
Scru_reclas
 0.5 1 1 1 1
 0.5 1 1 1 1
 0.5 1 1 1 1
 0.5 1 1 1 1
 0.5 1 1 1 1
 0.5 1 1 1 1
 0.5 1 1 1 1
 0.5 1 1 1 1
 0.5 1 1 1 1
 0.5 1 1 1 1
 0.5 1 1 1 1
 0.5 1 1 1 1
 0.5 1 1 1 1
 0.5 1 1 1 1
 0.5 1 1 1 1
 0.5 1 1 1 1
 0.5 1 1 1 1
 0.5 1 1 1 1
 0.5 1 1 1 1
 0.5 1 1 1 1
 0.5 1 1 1 1
 0.5 1 1 1 1
 0.5 1 1 1 1
Scru_pelaces
 0.5 1 1 1 1
 0.5 1 1 1 1
 0.5 1 1 1 1
 0.5 1 1 1 1
 0.5 1 1 1 1
 0.5 1 1 1 1
 0.5 1 1 1 1
 0.5 1 1 1 1
 0.5 1 1 1 1
 0.5 1 1 1 1
 0.5 1 1 1 1
 0.5 1 1 1 1
 0.5 1 1 1 1
 0.5 1 1 1 1
 0.5 1 1 1 1
 0.5 1 1 1 1
 0.5 1 1 1 1
 0.5 1 1 1 1
 0.5 1 1 1 1
 0.5 1 1 1 1
 0.5 1 1 1 1
 0.5 1 1 1 1
 0.5 1 1 1 1
pf_obs 
 0.256992 0.487395 0.22802 0.0275931 0
 0.321318 0.546541 0.124235 0.00734118 0.000564706
 0.182869 0.594174 0.210203 0.0122559 0.00049798
 0.330522 0.361315 0.267642 0.0388342 0.00168674
 0.649043 0.306663 0.0425973 0.00169635 0
 0.582887 0.30429 0.105238 0.00758474 0
 0.465427 0.430635 0.0974691 0.00646863 0
 0.296916 0.608066 0.0921331 0.00288517 0
 0.311714 0.524322 0.152257 0.0117073 0
 0.15457 0.633149 0.183074 0.0267441 0.00246327
 0.131901 0.49318 0.331252 0.0422183 0.00144891
 0.196976 0.569456 0.194076 0.0375587 0.00193317
 0.518974 0.381816 0.0799577 0.0180837 0.00116848
 0.0928022 0.601141 0.25162 0.0475244 0.00691264
 0.122501 0.610282 0.24278 0.0234846 0.000952079
 0.383417 0.481906 0.127806 0.00687128 0
 0.0376549 0.599619 0.316969 0.0457579 0
 0.0361596 0.667082 0.258105 0.0386534 0
 0.158088 0.579412 0.248529 0.0139706 0
 0.0477256 0.309471 0.559284 0.082774 0.000745712
 0.0406174 0.521527 0.379366 0.0568643 0.0016247
 0.151134 0.462217 0.34131 0.0453401 0
 0.294876 0.26143 0.354403 0.0886775 0.000613685
pf_pred 
 0.430955 0.399433 0.15146 0.0181478 3.93235e-06
 0.451092 0.341732 0.145425 0.0551432 0.00660863
 0.297322 0.452274 0.155893 0.0663405 0.0281703
 0.447017 0.28406 0.173091 0.0596621 0.0361704
 0.561608 0.276662 0.0830788 0.0506237 0.0280281
 0.373981 0.451843 0.109919 0.0330077 0.0312488
 0.653594 0.204319 0.102555 0.0249484 0.0145843
 0.542509 0.369934 0.0516432 0.0259215 0.00999217
 0.667703 0.247611 0.0684782 0.00955965 0.00664795
 0.591151 0.339385 0.0517606 0.0143147 0.00338803
 0.395593 0.462868 0.117492 0.017919 0.0061285
 0.425668 0.361475 0.16301 0.0413777 0.00846892
 0.589205 0.270865 0.0880693 0.0397156 0.0121446
 0.647086 0.287934 0.042846 0.013931 0.00820334
 0.74886 0.22629 0.0202747 0.00301698 0.00155857
 0.614784 0.354074 0.0280608 0.00251413 0.000567385
 0.473186 0.424549 0.0939979 0.00744944 0.000818067
 0.560881 0.304999 0.108085 0.0239307 0.0021048
 0.587837 0.312216 0.0694202 0.0246009 0.00592588
 0.621448 0.293712 0.0642673 0.0142896 0.00628371
 0.672974 0.261804 0.0506048 0.0110729 0.00354466
 0.568821 0.352321 0.0631305 0.0122027 0.00352483
 0.538171 0.343594 0.0966112 0.0173112 0.00431269
pobs_RECLAS
 0 0 0 0 0
 0 0 0 0 0
 0 0 0 0 0
 0 0 0 0 0
 0.835266 0.146461 0.0176864 0.000547809 3.91292e-05
 0.385257 0.428462 0.181853 0.0044286 0
 0.867414 0.0963971 0.0333333 0.00285562 0
 0.441836 0.489002 0.0689373 0.000224442 0
 0.779404 0.147425 0.0564933 0.0165055 0.000172143
 0.814271 0.122319 0.05973 0.00367925 0
 0.40263 0.566651 0.0304383 0.000280538 0
 0.475488 0.404961 0.113038 0.00651328 0
 0.955842 0.0263864 0.0167828 0.000988607 0
 0.975058 0.0227948 0.00214734 0 0
 0.738997 0.206755 0.0527124 0.00153531 0
 0.850938 0.134255 0.0134407 0.00136685 0
 0.542534 0.407297 0.0501686 0 0
 0.764087 0.199537 0.0359546 0.000420521 0
 0.470689 0.182191 0.310203 0.0369168 0
 0.84361 0.089868 0.0606195 0.00523954 0.000663233
 0.607945 0.314616 0.071237 0.00620181 0
 0.523733 0.453247 0.0230204 0 0
 0.530135 0.295979 0.169645 0.0042399 0
ppred_RECLAS
 0.433709 0.3975 0.150727 0.01806 3.91332e-06
 0.454231 0.339777 0.144593 0.0548278 0.00657083
 0.30521 0.447197 0.154143 0.0655958 0.0278541
 0.448728 0.283181 0.172555 0.0594774 0.0360585
 0.561938 0.276453 0.0830161 0.0505855 0.0280069
 0.380936 0.446823 0.108698 0.032641 0.0309016
 0.657164 0.202213 0.101498 0.0246912 0.014434
 0.551116 0.362974 0.0506716 0.0254338 0.00980419
 0.674704 0.242394 0.0670353 0.00935822 0.00650788
 0.595387 0.335869 0.0512243 0.0141663 0.00335293
 0.406743 0.454329 0.115324 0.0175884 0.00601544
 0.437443 0.354064 0.159668 0.0405293 0.00829529
 0.611613 0.256091 0.0832654 0.0375492 0.0114821
 0.703553 0.241864 0.0359906 0.011702 0.00689079
 0.777932 0.200095 0.0179277 0.00266773 0.00137815
 0.625859 0.343894 0.027254 0.00244185 0.000551071
 0.483333 0.416371 0.0921873 0.00730595 0.000802309
 0.568983 0.299371 0.10609 0.0234891 0.00206597
 0.595413 0.306477 0.0681441 0.0241487 0.00581695
 0.62916 0.287728 0.0629579 0.0139985 0.00615569
 0.675329 0.259918 0.0502403 0.0109931 0.00351913
 0.572017 0.34971 0.0626626 0.0121122 0.0034987
 0.542265 0.340548 0.0957547 0.0171578 0.00427446
pobs_PELACES
 0 0 0 0 0
 0 0 0 0 0
 0 0 0 0 0
 0 0 0 0 0
 0 0 0 0 0
 0 0 0 0 0
 0 0 0 0 0
 0 0 0 0 0
 0 0 0 0 0
 0 0 0 0 0
 0.450072 0.473896 0.0757376 0.000293798 0
 0 0 0 0 0
 0.463077 0.371075 0.160297 0.00555027 0
 0.529543 0.364841 0.0842815 0.0213345 0
 0.631943 0.363953 0.00410389 0 0
 0.735681 0.248677 0.0153453 0.000297389 0
 0.695825 0.281241 0.0229344 0 0
 0.275771 0.60734 0.115278 0.00161068 0
 0 0 0 0 0
 0.896147 0.0623911 0.0374545 0.00400742 0
 0.803859 0.145111 0.0509908 3.86294e-05 0
 0.739449 0.233085 0.0266225 0.000797448 4.60066e-05
 0.878498 0.100942 0.0204185 0.000141795 0
ppred_PELACES
 0.445748 0.389049 0.147523 0.017676 3.83013e-06
 0.467621 0.331441 0.141045 0.0534827 0.00640962
 0.331586 0.430221 0.148292 0.0631057 0.0267967
 0.456827 0.279021 0.17002 0.0586036 0.0355287
 0.563739 0.275317 0.0826748 0.0503775 0.0278918
 0.405444 0.429134 0.104395 0.0313488 0.0296783
 0.671469 0.193776 0.0972625 0.023661 0.0138317
 0.579424 0.340084 0.0474762 0.0238299 0.00918592
 0.697949 0.225074 0.0622452 0.00868951 0.00604285
 0.612034 0.322051 0.0491169 0.0135835 0.00321498
 0.441201 0.42794 0.108626 0.0165669 0.00566605
 0.473255 0.331525 0.149504 0.0379493 0.00776722
 0.66361 0.221805 0.0721179 0.0325222 0.00994489
 0.784871 0.175518 0.026118 0.00849202 0.00500058
 0.828237 0.154767 0.0138665 0.0020634 0.00106596
 0.658571 0.313827 0.0248712 0.00222836 0.000502891
 0.515517 0.390435 0.086445 0.00685087 0.000752334
 0.595974 0.280624 0.0994468 0.0220182 0.00193659
 0.620931 0.287147 0.0638463 0.0226257 0.00545008
 0.654644 0.267955 0.0586315 0.0130365 0.00573267
 0.685569 0.251721 0.0486558 0.0106464 0.00340814
 0.58546 0.338725 0.0606943 0.0117318 0.0033888
 0.558665 0.328346 0.092324 0.016543 0.00412132
pobs_pel_tallas
 0 0 0 0 0 0 0 0 0 0 0 0 0 0 0 0 0 0 0 0 0 0 0 0 0 0 0 0 0 0 0 0 0 0 0 0
 0 0 0 0 0 0 0 0 0 0 0 0 0 0 0 0 0 0 0 0 0 0 0 0 0 0 0 0 0 0 0 0 0 0 0 0
 0 0 0 0 0 0 0 0 0 0 0 0 0 0 0 0 0 0 0 0 0 0 0 0 0 0 0 0 0 0 0 0 0 0 0 0
 0 0 0 0 0 0 0 0 0 0 0 0 0 0 0 0 0 0 0 0 0 0 0 0 0 0 0 0 0 0 0 0 0 0 0 0
 0 0 0 0 0 0 0 0 0 0 0 0 0 0 0 0 0 0 0 0 0 0 0 0 0 0 0 0 0 0 0 0 0 0 0 0
 0 0 0 0 0 0 0 0 0 0 0 0 0 0 0 0 0 0 0 0 0 0 0 0 0 0 0 0 0 0 0 0 0 0 0 0
 0 0 0 0 0 0 0 0 0 0 0 0 0 0 0 0 0 0 0 0 0 0 0 0 0 0 0 0 0 0 0 0 0 0 0 0
 0 0 0 0 0 0 0 0 0 0 0 0 0 0 0 0 0 0 0 0 0 0 0 0 0 0 0 0 0 0 0 0 0 0 0 0
 0 0 0 0 0 0 0 0 0 0 0 0 0 0 0 0 0 0 0 0 0 0 0 0 0 0 0 0 0 0 0 0 0 0 0 0
 0 0 0 0 0 0 0 0 0 0 0 0 0 0 0 0 0 0 0 0 0 0 0 0 0 0 0 0 0 0 0 0 0 0 0 0
 0 0 0 0 0 0 0 0 1.78061e-05 0.00172719 0.00360574 0.0105946 0.0120993 0.0124554 0.0147524 0.0171206 0.0266825 0.0428682 0.0675386 0.121331 0.153587 0.119568 0.100827 0.0573624 0.0630603 0.0341343 0.0324427 0.0444173 0.0211091 0.0280891 0.0125444 0.00206551 0 0 0 0
 0 0 0 0 0 0 0 0 0 0 0 0 0 0 0 0 0 0 0 0 0 0 0 0 0 0 0 0 0 0 0 0 0 0 0 0
 0 0 0 0 0 0 0.0133647 0.0140871 0.0187388 0.0205184 0.03894 0.0496705 0.03968 0.0493445 0.0407372 0.0367815 0.0215668 0.0243155 0.0234873 0.0199281 0.019796 0.0243948 0.0301388 0.0376714 0.0412746 0.0863199 0.0771752 0.113111 0.0741005 0.0525337 0.0229764 0.00759418 0.00175318 0 0 0
 0 0 0 0 0 0 0 0 0 0 0.00219441 0.00772107 0.0458388 0.0604681 0.0671733 0.0775358 0.0609151 0.0617685 0.073594 0.0568108 0.0755445 0.0548602 0.0670107 0.0636378 0.0643287 0.046367 0.0373049 0.0286899 0.0247887 0.0153202 0.00654259 0.00121912 0.000365735 0 0 0
 0 0 0 0 0 0 0 0 0 0 0 0 0.000112435 0.00938835 0.0111873 0.0202946 0.0414886 0.0713402 0.111592 0.104902 0.108894 0.110636 0.117776 0.105296 0.107544 0.0401394 0.0192827 0.0124803 0.00416011 0.0028671 0.000618394 0 0 0 0 0
 0 0 0 0 0 0 0 0 0 0 0.00291406 0.0102884 0.027416 0.0768956 0.0749926 0.110853 0.0956884 0.0897413 0.0766577 0.0534642 0.0500743 0.0551293 0.0594112 0.0620874 0.0668451 0.0424026 0.0208742 0.0120726 0.0048766 0.00582813 0.00118941 0.000297354 0 0 0 0
 0 0.00264628 0.0354308 0.0461629 0.0458689 0.0383711 0.0214643 0.0164657 0.0346957 0.0420465 0.0363128 0.0245516 0.0311673 0.0291091 0.0169068 0.0133784 0.00837989 0.0085269 0.0148486 0.0160247 0.0276389 0.0546898 0.0760071 0.122758 0.109233 0.0665981 0.0333725 0.0166128 0.00676272 0.00308733 0.000882094 0 0 0 0 0
 0 0 0 0 0 0 0 0.000805153 0.000690131 0.00759144 0.0133425 0.0154129 0.00931677 0.000345066 0.00356568 0.00563607 0.00851162 0.0253048 0.0502646 0.0516448 0.0657925 0.0565908 0.0611916 0.0827007 0.0866115 0.110766 0.145733 0.0935128 0.0569358 0.0249597 0.0138026 0.00621118 0.00161031 0.00115022 0 0
 0 0 0 0 0 0 0 0 0 0 0 0 0 0 0 0 0 0 0 0 0 0 0 0 0 0 0 0 0 0 0 0 0 0 0 0
 0.00147267 0.00158595 0.00478618 0.00569244 0.00954404 0.0108468 0.00647125 0.017049 0.0510054 0.094081 0.124002 0.0959785 0.0687766 0.0820023 0.061753 0.0591476 0.0492212 0.0479892 0.0443925 0.0268479 0.0217502 0.0140895 0.0121071 0.0120363 0.00920419 0.00665534 0.0049561 0.00860946 0.00930331 0.0156896 0.0114698 0.00855282 0.00243557 0.00046729 0 2.83206e-05
 0 0 0 0 0.000772559 0.00158375 0.000888443 0.00281984 0.00712685 0.0440552 0.0773331 0.111326 0.0921469 0.0852325 0.0710754 0.0886704 0.0786465 0.0553345 0.0373146 0.0185414 0.00753245 0.00457741 0.012979 0.0271748 0.0457355 0.0583668 0.034881 0.0177882 0.00938659 0.00492506 0.0015258 0.00185414 0.000309023 5.79419e-05 3.86279e-05 0
 0 0.00173294 0.00326652 0 0.00397197 0.00683976 0.00946217 0.0152591 0.00757587 0.0136028 0.0228656 0.0392903 0.0559909 0.0764795 0.0681675 0.0726916 0.0566044 0.0477403 0.0527397 0.0444891 0.0609904 0.0582453 0.0661739 0.0445044 0.0529084 0.0360697 0.0280645 0.0235558 0.0158879 0.00826598 0.00280645 0.00217768 0.000904811 0.00058276 9.20147e-05 0
 0 0 0 0 0 0 0 0 0 0 0 0 0 0 0 0 0 0 0 0 0 0 0 0 0 0 0 0 0 0 0 0 0 0 0 0
ppred_pel_tallas
 1.02829e-16 1.94655e-05 0.000114204 0.000542786 0.00208961 0.00651611 0.0164595 0.0336807 0.0558384 0.0750164 0.081704 0.0722384 0.0520809 0.0311426 0.0165137 0.00966395 0.00860835 0.01095 0.0151785 0.0205166 0.026435 0.0323754 0.0377113 0.0418349 0.0442817 0.0448307 0.0435445 0.0407328 0.0368603 0.0324289 0.0278764 0.023518 0.0195346 0.0159981 0.0129123 0.0102509
 1.04248e-16 2.04168e-05 0.000119795 0.000569377 0.00219201 0.00683547 0.0172661 0.0353306 0.0585715 0.0786815 0.085678 0.0757094 0.0544908 0.0323984 0.0168425 0.00933265 0.00775582 0.00957848 0.0132205 0.0179057 0.0231568 0.0285016 0.0334135 0.0373772 0.0399912 0.0410504 0.04058 0.0388058 0.0360785 0.0327794 0.0292401 0.0256981 0.0222921 0.0190856 0.0161012 0.0133496
 1.05666e-16 1.4489e-05 8.49844e-05 0.000403864 0.00155471 0.00484805 0.0122462 0.0250602 0.0415512 0.0558357 0.0608489 0.0538838 0.0390319 0.0237087 0.0132464 0.00880743 0.00898584 0.0120537 0.0169054 0.0229232 0.0296044 0.0363618 0.0425188 0.0474152 0.0505446 0.0516619 0.0508257 0.0483556 0.0447307 0.0404611 0.0359815 0.0315913 0.0274503 0.0236119 0.0200731 0.0168174
 1.06179e-16 1.9944e-05 0.000117024 0.000556215 0.00214135 0.0066775 0.016867 0.0345137 0.0572161 0.0768572 0.0836823 0.0739241 0.0531586 0.031512 0.0162104 0.00871403 0.00694742 0.00843277 0.0116394 0.015843 0.0206348 0.0256278 0.0303879 0.0344798 0.0375479 0.0393843 0.0399571 0.0393906 0.037908 0.0357617 0.0331756 0.0303154 0.0272904 0.0241729 0.0210241 0.0179114
 1.04298e-16 2.46056e-05 0.000144392 0.000686328 0.00264232 0.00823976 0.0208131 0.0425876 0.0705983 0.0948255 0.103226 0.0911396 0.0654311 0.0385707 0.0194394 0.00979449 0.00702433 0.00802394 0.0108712 0.0146656 0.0189312 0.0232579 0.0272098 0.0303681 0.0324139 0.0331954 0.0327534 0.0312935 0.0291187 0.0265482 0.0238484 0.0211965 0.0186798 0.0163189 0.0141024 0.0120158
 1.04086e-16 1.77094e-05 0.000103891 0.000493751 0.0019008 0.00592731 0.0149723 0.030638 0.0507963 0.0682492 0.0743511 0.065779 0.0475144 0.0285932 0.0154917 0.0095787 0.00907924 0.0118333 0.0164655 0.0222361 0.0285945 0.0349339 0.0405715 0.0448524 0.0472884 0.0476673 0.0460933 0.0429408 0.0387459 0.0340712 0.0293899 0.0250211 0.0211212 0.0177189 0.0147684 0.0121999
 1.02904e-16 2.92999e-05 0.000171959 0.000817401 0.00314701 0.00981364 0.0247885 0.050721 0.084077 0.112917 0.122888 0.108422 0.0776697 0.0454455 0.0222757 0.0101919 0.00602278 0.00602605 0.00790579 0.0106391 0.0137743 0.0169963 0.0199908 0.0224539 0.0241461 0.0249391 0.0248365 0.0239573 0.0224931 0.0206555 0.0186303 0.0165531 0.0145068 0.012535 0.0106607 0.00890196
 1.02033e-16 2.52921e-05 0.000148417 0.000705448 0.00271591 0.00846924 0.0213929 0.0437743 0.072567 0.0974742 0.106121 0.0937235 0.0673466 0.0398208 0.0202913 0.0105823 0.00802427 0.00942932 0.0128055 0.0171838 0.0220023 0.0267444 0.0308597 0.0338313 0.0352849 0.0350745 0.0333145 0.0303396 0.0266143 0.02262 0.0187583 0.015295 0.0123518 0.0099346 0.0079791 0.00639505
 1.01538e-16 3.04557e-05 0.000178742 0.000849642 0.00327114 0.0102007 0.0257663 0.0527218 0.0873941 0.117374 0.127742 0.112714 0.0807658 0.047299 0.0232608 0.0107678 0.00652591 0.00664177 0.00871619 0.0116614 0.0149715 0.0182749 0.021201 0.0234011 0.0246159 0.0247314 0.0238012 0.0220237 0.0196848 0.0170876 0.0144912 0.012075 0.00993301 0.00808967 0.00652696 0.00520939
 1.0142e-16 2.67133e-05 0.000156762 0.000745127 0.0028687 0.00894569 0.0225963 0.0462365 0.0766475 0.102952 0.112075 0.0989608 0.0710629 0.0419236 0.0211881 0.0107663 0.00782113 0.00897274 0.0121147 0.0162366 0.0207762 0.025235 0.029088 0.031843 0.0331436 0.0328511 0.031075 0.028136 0.0244803 0.0205722 0.0168016 0.0134304 0.0105824 0.00826941 0.00643279 0.00498549
 1.02516e-16 1.92686e-05 0.000113045 0.000537269 0.00206835 0.00644983 0.0162921 0.0333385 0.0552722 0.0742593 0.0808885 0.0715389 0.0516234 0.0309625 0.0165874 0.00996778 0.00915179 0.0117723 0.0163258 0.0220156 0.0282693 0.0344704 0.0399297 0.0439875 0.046154 0.0462187 0.044293 0.0407647 0.0361895 0.0311546 0.0261611 0.021555 0.0175152 0.0140845 0.0112212 0.00884784
 1.03898e-16 2.06625e-05 0.000121237 0.000576234 0.00221841 0.0069178 0.017474 0.0357561 0.0592768 0.0796285 0.0867082 0.0766175 0.0551394 0.0327741 0.0170194 0.00940133 0.00777939 0.00958789 0.0132269 0.0179113 0.0231603 0.028499 0.0333982 0.0373398 0.0399193 0.0409291 0.0403934 0.0385386 0.0357188 0.0323213 0.0286854 0.0250576 0.0215853 0.0183389 0.015345 0.0126148
 1.02679e-16 2.89582e-05 0.000169951 0.000807848 0.00311022 0.00969891 0.0244988 0.0501283 0.0830954 0.111601 0.121462 0.10718 0.0768138 0.0450129 0.0221899 0.0103638 0.00640998 0.0066347 0.00876394 0.0117684 0.0151688 0.0186092 0.0217304 0.0241906 0.02573 0.0262251 0.0257104 0.0243563 0.0224156 0.0201573 0.0178104 0.0155323 0.0134065 0.0114592 0.0096857 0.00807285
 1.00954e-16 3.42439e-05 0.000200987 0.000955405 0.00367837 0.0114707 0.028974 0.0592846 0.0982706 0.131974 0.143612 0.126671 0.090664 0.0528894 0.0256249 0.0112125 0.00590866 0.0053052 0.00669493 0.00887827 0.0113493 0.0137901 0.0159065 0.01743 0.0181665 0.0180404 0.0171108 0.0155512 0.0136024 0.0115146 0.00949732 0.00768993 0.00615728 0.00490383 0.00389701 0.00308994
 1.00369e-16 3.6134e-05 0.000212085 0.00100817 0.00388155 0.0121043 0.0305744 0.062559 0.103697 0.139259 0.151531 0.133638 0.0956101 0.0556932 0.0268304 0.011478 0.00567006 0.00474241 0.00583409 0.00768753 0.00979236 0.0118505 0.0135982 0.0147983 0.0152832 0.0149928 0.0139895 0.0124386 0.0105666 0.00860717 0.00675558 0.00514129 0.00382286 0.00280041 0.0020369 0.00147954
 1.00556e-16 2.87422e-05 0.000168674 0.00080176 0.00308675 0.00962569 0.0243139 0.0497508 0.0824721 0.110772 0.12058 0.106449 0.0763946 0.0449769 0.0225602 0.0111813 0.00776867 0.0086693 0.0116085 0.0155039 0.019772 0.023914 0.0274137 0.0297934 0.0307143 0.0300575 0.0279526 0.0247401 0.020884 0.0168634 0.0130784 0.00979426 0.00713042 0.005086 0.003583 0.00251022
 1.01625e-16 2.25076e-05 0.000132064 0.000627696 0.00241653 0.00753562 0.0190347 0.0389497 0.0645717 0.0867429 0.0944592 0.0834761 0.0600959 0.0357604 0.0186412 0.0104026 0.0087109 0.0107601 0.0147832 0.0198853 0.0254887 0.0310142 0.0358279 0.0393281 0.0410724 0.0408783 0.0388616 0.0353938 0.0310015 0.0262393 0.0215792 0.0173463 0.0137061 0.0106922 0.00825489 0.00630747
 1.02351e-16 2.60115e-05 0.000152645 0.000725563 0.00279338 0.00871084 0.022003 0.0450223 0.074634 0.100245 0.109122 0.0963388 0.0691484 0.040731 0.0204705 0.010218 0.00720528 0.00814275 0.0109926 0.0147997 0.0190612 0.0233471 0.0272022 0.0301896 0.0319769 0.0324072 0.0315271 0.0295602 0.0268398 0.0237237 0.0205218 0.017454 0.0146433 0.0121351 0.00992784 0.00800107
 1.02033e-16 2.70999e-05 0.000159035 0.000755938 0.00291033 0.00907554 0.0229243 0.0469073 0.0777584 0.104441 0.113687 0.100363 0.0720246 0.0423998 0.0212612 0.0105311 0.00731781 0.00818514 0.0110015 0.0147652 0.0189487 0.0231057 0.0267698 0.0295005 0.0309722 0.0310472 0.0298025 0.0274992 0.0245086 0.0212206 0.0179644 0.0149639 0.01233 0.0100834 0.00819066 0.00659742
 1.01636e-16 2.85692e-05 0.000167663 0.000796959 0.00306828 0.00956811 0.0241684 0.0494527 0.0819769 0.110103 0.119843 0.105777 0.0758647 0.0445701 0.0221818 0.01071 0.00708922 0.00768415 0.0102444 0.0137251 0.017599 0.0214399 0.0248098 0.0272967 0.0285973 0.0285851 0.0273356 0.0250976 0.022224 0.0190851 0.0159945 0.0131659 0.0107056 0.00863329 0.00691505 0.0054958
 1.01298e-16 2.9917e-05 0.000175577 0.000834588 0.00321317 0.0100199 0.0253097 0.0517877 0.0858466 0.115298 0.125489 0.110744 0.0793891 0.0465644 0.0230325 0.0108843 0.00689522 0.00724718 0.0095802 0.012809 0.0164047 0.0199578 0.0230545 0.025308 0.0264359 0.0263234 0.0250479 0.0228503 0.0200702 0.0170625 0.0141273 0.011468 0.00918452 0.00729201 0.00575329 0.00450967
 1.01534e-16 2.55553e-05 0.000149962 0.000712795 0.0027442 0.00855746 0.0216157 0.0442302 0.0733226 0.0984888 0.107224 0.0946956 0.0680397 0.0402198 0.0204746 0.0106458 0.0080341 0.00941747 0.0127834 0.0171546 0.0219672 0.0267038 0.0308131 0.0337759 0.035214 0.0349766 0.0331724 0.0301324 0.0263197 0.0222186 0.0182376 0.0146534 0.0116006 0.00909733 0.00708926 0.00549165
 1.02179e-16 2.43866e-05 0.000143101 0.00068018 0.00261863 0.00816587 0.0206266 0.0422063 0.0699678 0.0939833 0.102321 0.0903713 0.0649447 0.038415 0.0196026 0.0102709 0.00785188 0.00927956 0.0126421 0.0170144 0.0218624 0.0266922 0.0309717 0.0341931 0.0359771 0.036156 0.0348067 0.0322167 0.0288021 0.0250042 0.0212011 0.0176556 0.0145064 0.0117918 0.00948781 0.00754503
pSPR Fmed_Fpbrs
0.371377   0.256628 0.256628
Fs Fmed_Fpbrs
0.64   1.005 1.005
SSBpbr Bo_Bmed_Bpbrs
941321  302519  194503 194503
Ro
29632.1
SPR SPRFo_SPRFmed_SPRFpbrs
610778 226829 156742
log_Ro
10.1166
likeval ReclasPelacesDesembMPH_pf_preclas_ppelaces_ptallas_desvR_qrecl_qpela
 61.1959 0.00228037 0.0198764 53.0394 352.202 165.907 43.1589 0 16.6453 0 0 0 0 0 0
q_reclas_q_pelaces
1 1
M
0.7
N
 40077.7 19777.4 7499.33 898.561 0.194705
 42289.7 17162.6 7303.6 2769.43 331.902
 20250.1 17836.3 6147.94 2616.27 1110.95
 20982.1 6956.78 4239.08 1461.16 885.832
 37940.5 9436.77 2833.77 1726.74 956.019
 26890.9 18427.4 4482.82 1346.14 1274.41
 57684.9 9781.05 4909.44 1194.31 698.17
 60144.8 23584.2 3292.38 1652.56 637.026
 99563.4 21064.5 5825.49 813.246 565.546
 113715 35640.9 5435.69 1503.27 355.797
 66119.5 45733.5 11608.7 1770.48 605.524
 42497.7 21407 9653.66 2450.43 501.54
 46247.1 13622 4429.06 1997.32 610.758
 35183.5 11602.2 1726.46 561.343 330.55
 22745.7 4747.02 425.314 63.2889 32.6951
 12581.5 4289.21 339.925 30.4559 6.87322
 7750.49 4057.62 898.384 71.198 7.81866
 8369.81 2605.23 923.235 204.41 17.9787
 9808 2969 660.147 233.941 56.3517
 13015.1 3520.57 770.339 171.282 75.3196
 22346.6 4618.41 892.707 195.334 62.5305
 28951.4 9621.1 1723.95 333.228 96.2551
 35038 12164.4 3420.37 612.877 152.684
pred_Ctot
 4001.24 3708.56 1406.24 168.494 0.0365102
 4625.77 3504.33 1491.27 565.473 67.769
 4584.1 6973.14 2403.55 1022.84 434.328
 1431.22 909.476 554.185 191.02 115.807
 599.322 295.241 88.6579 54.0232 29.9102
 5267.24 6363.87 1548.13 464.889 440.116
 7412.39 2317.18 1163.07 282.939 165.4
 13006.1 8868.77 1238.09 621.44 239.552
 20365.9 7552.5 2088.68 291.583 202.772
 15737.9 9035.29 1378 381.092 90.1978
 16959.2 19843.3 5036.91 768.193 262.73
 11110.2 9434.71 4254.66 1079.98 221.044
 17107.1 7864.35 2557.02 1153.11 352.607
 19800 8810.41 1311.03 426.27 251.012
 10712.2 3237.02 290.024 43.157 22.295
 3251.2 1872.47 148.396 13.2957 3.00054
 1841.67 1652.37 365.847 28.9938 3.18398
 1753.05 953.285 337.822 74.7961 6.57863
 1991.79 1057.89 235.219 83.3562 20.0789
 2723.59 1287.24 281.661 62.6265 27.5393
 2155.09 838.385 162.054 35.4591 11.3512
 3235.13 2003.8 359.05 69.4018 20.0472
 4638.59 2961.49 832.708 149.209 37.1718
F
 0.148085 0.296171 0.296171 0.296171 0.296171
 0.163309 0.326619 0.326619 0.326619 0.326619
 0.368445 0.736889 0.736889 0.736889 0.736889
 0.099055 0.19811 0.19811 0.19811 0.19811
 0.0221809 0.0443618 0.0443618 0.0443618 0.0443618
 0.31134 0.622679 0.622679 0.622679 0.622679
 0.194418 0.388835 0.388835 0.388835 0.388835
 0.349167 0.698334 0.698334 0.698334 0.698334
 0.327301 0.654602 0.654602 0.654602 0.654602
 0.210867 0.421735 0.421735 0.421735 0.421735
 0.427747 0.855494 0.855494 0.855494 0.855494
 0.437764 0.875529 0.875529 0.875529 0.875529
 0.682806 1.36561 1.36561 1.36561 1.36561
 1.30306 2.60612 2.60612 2.60612 2.60612
 0.968274 1.93655 1.93655 1.93655 1.93655
 0.43163 0.86326 0.86326 0.86326 0.86326
 0.390234 0.780468 0.780468 0.780468 0.780468
 0.336408 0.672816 0.672816 0.672816 0.672816
 0.324574 0.649148 0.649148 0.649148 0.649148
 0.336061 0.672121 0.672121 0.672121 0.672121
 0.142716 0.285432 0.285432 0.285432 0.285432
 0.167105 0.334211 0.334211 0.334211 0.334211
 0.200852 0.401705 0.401705 0.401705 0.401705
Np
 21762.6 6538.41 2587.21 734.774 244.157
YTP_r0W_actual
 67601.8 141978 55097.9 12887.7 4035.43
YTP_p0W_proyectada
 52167.4 148277 61216.9 21982.1 5823.56
 52167.4 68114.8 39181.2 14210.7 5240.18
CTP_r0_actual
 10242.7 5866.86 1649.64 295.59 73.6393
CTP_p0_proyectada
 6361.88 6864.68 1949.58 548.181 130.866
 6361.88 3153.46 1247.81 354.38 117.757
Wmedp
 8.2 21.6 31.4 40.1 44.5
nmprior
 10.8 10.6 4.6 0
nm_flota  nm_reclas  nm_pelaces    nm_pelaL
inf 18.7964 9.97612 12.5562
cv_recla  cv_pelaces  cv_mph
0.742134 1.94952 0.630711
 ------------------------------------------------
Talla a la edad & desviaci?n 
 7.2 14.2025 17.0495 18.207 18.6776
 1.08 2.13037 2.55742 2.73105 2.80164
