years
 1997 1998 1999 2000 2001 2002 2003 2004 2005 2006 2007 2008 2009 2010 2011 2012 2013 2014 2015 2016 2017 2018 2019 2020 2021 2022
reclasobs
 0 0 0 370054 412103 1.49427e+06 250295 1.28982e+06 931140 785840 897777 1.04006e+06 184774 17550 25797 100020 73551 82996 120727 218422 84188 347160 605670 569463 516374 1.08416e+06
reclaspred
 509636 130284 324431 203804 307184 365225 781132 563492 731733 813491 714322 492441 272693 102263 72950.9 73830.1 79560.4 103427 115641 149740 236778 253147 466557 603307 762927 658117
pelacesobs
 0 0 0 0 0 0 0 0 0 2.06254e+06 1.5e+06 0 1.87456e+06 323000 250000 174000 83755 137374 0 501740 490994 745055 786931 1.00524e+06 1.33801e+06 1.41789e+06
pelacespred
 507734 115324 161013 168450 227595 197390 540909 437903 547340 605979 444952 315628 172128 52892.2 40325 43066.3 47475.9 64368 71432.6 91008.6 172614 171736 254378 384431 465127 430141
mphobs
 0 0 0 0 0 0 112323 0 153150 637223 0 255016 313432 73983 77613 109348 50772 17779 17303 59886 28197 0 207744 136588 643089 65757
mphpred
 183689 100399 109309 98604.3 106237 168842 231321 298213 283450 357265 369082 254332 147064 101927 49188.5 45616.6 44478.1 55716.9 31925.5 34568.2 53840.2 75175.5 101526 154136 203226 185534
desembarqueobs
 350755 77701 442110 56441 14545 235359 269955 359681 431902 328805 639364 411747 362871 311530 167758 66681 60226 58785 57116 73181 50977 67692 138656 160484 209506 203330
desembarquepred
 350760 77698.7 442083 56445.2 14545.5 235499 270033 359627 431848 328806 639367 411802 363072 311433 167531 66680.2 60262.5 58785.3 57097 73183.1 50977 67677.8 138658 160493 209536 203337
Reclutas
 35658.2 43076.3 20280.5 27082.4 46405.2 31811.1 68488.9 69824.2 112871 114591 63651.8 44130.5 41556.4 28649.4 16380.7 12455.2 8602.47 10867.9 12225.8 16700.6 27612 38643.5 56434.5 76420.8 26510.3 33452.7
log_desv_Rt
 0.0658848 0.254878 -0.498434 -0.20921 0.329317 -0.0482809 0.718576 0.737886 1.21815 1.23327 0.645333 0.279057 0.218957 -0.152962 -0.711993 -0.98596 -1.35605 -1.12228 -1.00455 -0.692651 -0.189843 0.146283 0.524986 0.82816 -0.230563 0.00203813
SSB
 432473 236377 257356 232152 250122 397517 527560 692466 649443 822529 868957 598793 360325 162610 82414.2 75807.8 77752.9 91981.4 115093 132461 192593 261527 363862 525798 762499 719737
BT
 1.50831e+06 363615 607329 410971 496099 571152 1.43569e+06 1.34433e+06 1.65254e+06 1.61202e+06 1.4906e+06 1.02706e+06 728357 407513 231844 147355 152183 187814 195594 253790 420442 406450 617965 934391 1.05764e+06 1.01219e+06
Ftot
 1.05571 0.96952 1.70973 0.391057 0.0726142 0.755164 0.51948 0.966279 1.0047 0.616411 1.09718 0.986656 1.69044 3.97154 3.76281 1.35427 1.09619 0.831466 0.672409 0.69722 0.332415 0.364496 0.387785 0.373759 0.314032 0.333298
BD_Bspro_t
 0.905524 0.628909 0.543196 0.347969 0.489757 0.658893 0.586525 0.618728 0.567324 0.576207 0.55592 0.394082 0.284291 0.170087 0.10668 0.118379 0.162961 0.245668 0.343561 0.434952 0.557153 0.69128 0.72274 0.733415 0.74977 0.680975
BD_Bspro
 0.627194 0.342806 0.373229 0.336677 0.362738 0.576498 0.765093 1.00425 0.941854 1.19287 1.2602 0.868399 0.522561 0.235824 0.119521 0.10994 0.112761 0.133396 0.166913 0.192102 0.279308 0.379279 0.527691 0.762538 1.10581 1.0438
BD_Bo
 0.538701 0.294439 0.320569 0.289175 0.311559 0.495158 0.657144 0.862556 0.808965 1.02457 1.0824 0.745874 0.448831 0.202551 0.102657 0.0944284 0.0968512 0.114575 0.143363 0.164998 0.239899 0.325766 0.453237 0.654949 0.94979 0.896526
BD_Brms
 1.4522 0.793729 0.864171 0.77954 0.839881 1.33482 1.77149 2.32523 2.18076 2.76196 2.91786 2.01068 1.20993 0.546025 0.276738 0.254554 0.261085 0.308863 0.38647 0.44479 0.646706 0.878179 1.22181 1.76557 2.56039 2.4168
S_f
 0.0940285 0.663522 0.974004 0.998597 0.999926
 0.0940285 0.663522 0.974004 0.998597 0.999926
 0.0940285 0.663522 0.974004 0.998597 0.999926
 0.0940285 0.663522 0.974004 0.998597 0.999926
 0.0940285 0.663522 0.974004 0.998597 0.999926
 0.0940285 0.663522 0.974004 0.998597 0.999926
 0.0940285 0.663522 0.974004 0.998597 0.999926
 0.0940285 0.663522 0.974004 0.998597 0.999926
 0.0940285 0.663522 0.974004 0.998597 0.999926
 0.0940285 0.663522 0.974004 0.998597 0.999926
 0.0940285 0.663522 0.974004 0.998597 0.999926
 0.0940285 0.663522 0.974004 0.998597 0.999926
 0.0940285 0.663522 0.974004 0.998597 0.999926
 0.0940285 0.663522 0.974004 0.998597 0.999926
 0.0940285 0.663522 0.974004 0.998597 0.999926
 0.0940285 0.663522 0.974004 0.998597 0.999926
 0.0940285 0.663522 0.974004 0.998597 0.999926
 0.0940285 0.663522 0.974004 0.998597 0.999926
 0.0940285 0.663522 0.974004 0.998597 0.999926
 0.0940285 0.663522 0.974004 0.998597 0.999926
 0.0940285 0.663522 0.974004 0.998597 0.999926
 0.0940285 0.663522 0.974004 0.998597 0.999926
 0.0940285 0.663522 0.974004 0.998597 0.999926
 0.0940285 0.663522 0.974004 0.998597 0.999926
 0.0940285 0.663522 0.974004 0.998597 0.999926
 0.0940285 0.663522 0.974004 0.998597 0.999926
Scru_reclas
 0.518388 0.844162 0.964616 0.992764 0.998554
 0.518388 0.844162 0.964616 0.992764 0.998554
 0.518388 0.844162 0.964616 0.992764 0.998554
 0.518388 0.844162 0.964616 0.992764 0.998554
 0.518388 0.844162 0.964616 0.992764 0.998554
 0.518388 0.844162 0.964616 0.992764 0.998554
 0.518388 0.844162 0.964616 0.992764 0.998554
 0.518388 0.844162 0.964616 0.992764 0.998554
 0.518388 0.844162 0.964616 0.992764 0.998554
 0.518388 0.844162 0.964616 0.992764 0.998554
 0.518388 0.844162 0.964616 0.992764 0.998554
 0.518388 0.844162 0.964616 0.992764 0.998554
 0.518388 0.844162 0.964616 0.992764 0.998554
 0.518388 0.844162 0.964616 0.992764 0.998554
 0.518388 0.844162 0.964616 0.992764 0.998554
 0.518388 0.844162 0.964616 0.992764 0.998554
 0.518388 0.844162 0.964616 0.992764 0.998554
 0.518388 0.844162 0.964616 0.992764 0.998554
 0.518388 0.844162 0.964616 0.992764 0.998554
 0.518388 0.844162 0.964616 0.992764 0.998554
 0.518388 0.844162 0.964616 0.992764 0.998554
 0.518388 0.844162 0.964616 0.992764 0.998554
 0.518388 0.844162 0.964616 0.992764 0.998554
 0.518388 0.844162 0.964616 0.992764 0.998554
 0.518388 0.844162 0.964616 0.992764 0.998554
 0.518388 0.844162 0.964616 0.992764 0.998554
Scru_pelaces
 0.689293 1 1 1 1
 0.689293 1 1 1 1
 0.689293 1 1 1 1
 0.689293 1 1 1 1
 0.689293 1 1 1 1
 0.689293 1 1 1 1
 0.689293 1 1 1 1
 0.689293 1 1 1 1
 0.689293 1 1 1 1
 0.689293 1 1 1 1
 0.689293 1 1 1 1
 0.689293 1 1 1 1
 0.689293 1 1 1 1
 0.689293 1 1 1 1
 0.689293 1 1 1 1
 0.689293 1 1 1 1
 0.689293 1 1 1 1
 0.689293 1 1 1 1
 0.689293 1 1 1 1
 0.689293 1 1 1 1
 0.689293 1 1 1 1
 0.689293 1 1 1 1
 0.689293 1 1 1 1
 0.689293 1 1 1 1
 0.689293 1 1 1 1
 0.689293 1 1 1 1
pf_obs 
 0.256992 0.487395 0.22802 0.0275931 0
 0.321318 0.546541 0.124235 0.00734118 0.000564706
 0.182869 0.594174 0.210203 0.0122559 0.00049798
 0.330522 0.361315 0.267642 0.0388342 0.00168674
 0.649043 0.306663 0.0425973 0.00169635 0
 0.582887 0.30429 0.105238 0.00758474 0
 0.465427 0.430635 0.0974691 0.00646863 0
 0.296916 0.608066 0.0921331 0.00288517 0
 0.311714 0.524322 0.152257 0.0117073 0
 0.15457 0.633149 0.183074 0.0267441 0.00246327
 0.131901 0.49318 0.331252 0.0422183 0.00144891
 0.196976 0.569456 0.194076 0.0375587 0.00193317
 0.518974 0.381816 0.0799577 0.0180837 0.00116848
 0.0928022 0.601141 0.25162 0.0475244 0.00691264
 0.122501 0.610282 0.24278 0.0234846 0.000952079
 0.383417 0.481906 0.127806 0.00687128 0
 0.0376549 0.599619 0.316969 0.0457579 0
 0.0361596 0.667082 0.258105 0.0386534 0
 0.158088 0.579412 0.248529 0.0139706 0
 0.0477256 0.309471 0.559284 0.082774 0.000745712
 0.0406174 0.521527 0.379366 0.0568643 0.0016247
 0.151134 0.462217 0.34131 0.0453401 0
 0.294876 0.26143 0.354403 0.0886775 0.000613685
 0.281977 0.475581 0.204845 0.0348837 0.00271318
 0.0841818 0.532909 0.334909 0.0458182 0.00218182
 0.115287 0.27431 0.454777 0.147771 0.00785563
pf_pred 
 0.294434 0.481064 0.200482 0.024006 1.31744e-05
 0.273781 0.572553 0.121754 0.0286194 0.00329221
 0.141871 0.658519 0.173237 0.0210655 0.00530677
 0.237393 0.481975 0.244607 0.0314813 0.0045447
 0.255254 0.494099 0.182006 0.0600541 0.0085876
 0.13726 0.581918 0.208792 0.0526629 0.0193676
 0.290378 0.388065 0.249611 0.0539791 0.0179663
 0.225399 0.587845 0.123047 0.0498077 0.0139017
 0.31169 0.48748 0.170171 0.0204707 0.0101878
 0.225962 0.611627 0.131598 0.0262674 0.00454534
 0.128494 0.592432 0.240005 0.0318564 0.0072126
 0.136805 0.494704 0.292037 0.0661303 0.0103242
 0.207375 0.482293 0.218392 0.0734618 0.0184784
 0.279021 0.570545 0.115157 0.0252146 0.0100613
 0.312234 0.639373 0.0452865 0.00243427 0.000672206
 0.278668 0.661466 0.0586103 0.00118224 7.35222e-05
 0.183342 0.634408 0.173948 0.00813554 0.000166435
 0.242306 0.49766 0.22407 0.0343888 0.00157478
 0.226878 0.556124 0.165888 0.0442619 0.00684766
 0.251103 0.511614 0.191841 0.0350169 0.0104247
 0.278942 0.510213 0.164535 0.0376878 0.00862252
 0.241718 0.536408 0.174819 0.0369508 0.0101042
 0.240887 0.507905 0.19815 0.042064 0.0109938
 0.228167 0.519428 0.191389 0.0484287 0.0125873
 0.067557 0.60982 0.245534 0.0588674 0.0182215
 0.112188 0.27867 0.452659 0.119902 0.0365812
pobs_RECLAS
 0 0 0 0 0
 0 0 0 0 0
 0 0 0 0 0
 0 0 0 0 0
 0.835266 0.146461 0.0176864 0.000547809 3.91292e-05
 0.385257 0.428462 0.181853 0.0044286 0
 0.867414 0.0963971 0.0333333 0.00285562 0
 0.441836 0.489002 0.0689373 0.000224442 0
 0.779404 0.147425 0.0564933 0.0165055 0.000172143
 0.814271 0.122319 0.05973 0.00367925 0
 0.40263 0.566651 0.0304383 0.000280538 0
 0.475488 0.404961 0.113038 0.00651328 0
 0.955842 0.0263864 0.0167828 0.000988607 0
 0.975058 0.0227948 0.00214734 0 0
 0.738997 0.206755 0.0527124 0.00153531 0
 0.850938 0.134255 0.0134407 0.00136685 0
 0.542534 0.407297 0.0501686 0 0
 0.764087 0.199537 0.0359546 0.000420521 0
 0.470689 0.182191 0.310203 0.0369168 0
 0.84361 0.089868 0.0606195 0.00523954 0.000663233
 0.607945 0.314616 0.071237 0.00620181 0
 0.523733 0.453247 0.0230204 0 0
 0.530135 0.295979 0.169645 0.0042399 0
 0.562478 0.366248 0.0663022 0.0049721 0
 0.250443 0.683176 0.0655157 0.000865301 0
 0.195077 0.31981 0.436473 0.0351445 0.0134964
ppred_RECLAS
 0.674855 0.241085 0.075064 0.00899038 4.95509e-06
 0.644074 0.296221 0.0472949 0.0111246 0.00128524
 0.460399 0.443644 0.083312 0.0100919 0.00255268
 0.599391 0.276496 0.108131 0.0139581 0.00202397
 0.61671 0.274801 0.0786861 0.0260597 0.0037432
 0.436418 0.412386 0.112332 0.0283805 0.0104831
 0.669488 0.202017 0.0996636 0.0216079 0.00722376
 0.584582 0.335364 0.0527147 0.021353 0.00598556
 0.690077 0.2368 0.0619413 0.00745496 0.00372616
 0.577544 0.351177 0.057725 0.0115477 0.00200703
 0.424065 0.426267 0.128701 0.017083 0.00388434
 0.446768 0.354896 0.157147 0.0356062 0.00558281
 0.586184 0.283506 0.0917816 0.0307592 0.00776869
 0.729697 0.235648 0.0266772 0.00569793 0.0022803
 0.741856 0.247379 0.0100882 0.000530149 0.000146844
 0.648765 0.329384 0.0213932 0.000430892 2.69095e-05
 0.521925 0.393765 0.0804693 0.00376363 7.73255e-05
 0.611323 0.278566 0.094863 0.0145783 0.000670501
 0.584016 0.320591 0.0728803 0.0194847 0.00302769
 0.618579 0.281854 0.0804543 0.0147134 0.00439948
 0.645262 0.268878 0.0669436 0.0153821 0.00353493
 0.600238 0.303013 0.0761651 0.0161479 0.0044353
 0.601716 0.288302 0.086681 0.0184559 0.00484509
 0.584184 0.302407 0.0859117 0.0218047 0.00569258
 0.256406 0.527708 0.164135 0.0394773 0.0122741
 0.39654 0.224385 0.281392 0.0747702 0.0229135
pobs_PELACES
 0 0 0 0 0
 0 0 0 0 0
 0 0 0 0 0
 0 0 0 0 0
 0 0 0 0 0
 0 0 0 0 0
 0 0 0 0 0
 0 0 0 0 0
 0 0 0 0 0
 0 0 0 0 0
 0.450072 0.473896 0.0757376 0.000293798 0
 0 0 0 0 0
 0.463077 0.371075 0.160297 0.00555027 0
 0.529543 0.364841 0.0842815 0.0213345 0
 0.631943 0.363953 0.00410389 0 0
 0.735681 0.248677 0.0153453 0.000297389 0
 0.695825 0.281241 0.0229344 0 0
 0.275771 0.60734 0.115278 0.00161068 0
 0 0 0 0 0
 0.896147 0.0623911 0.0374545 0.00400742 0
 0.803859 0.145111 0.0509908 3.86294e-05 0
 0.739449 0.233085 0.0266225 0.000797448 4.60066e-05
 0.878498 0.100942 0.0204185 0.000141795 0
 0.694673 0.275183 0.0284847 0.00165964 0
 0.469039 0.446079 0.0841089 0.000773354 0
 0.822795 0.102175 0.0682046 0.00682512 0
ppred_PELACES
 0.750651 0.19591 0.0479085 0.00552773 3.02756e-06
 0.716532 0.244687 0.0309556 0.00701939 0.000805916
 0.581091 0.361763 0.0498987 0.0057921 0.00145549
 0.655586 0.250331 0.0823088 0.0102909 0.00148331
 0.655828 0.256818 0.0638771 0.0205432 0.00293362
 0.514041 0.375482 0.0828436 0.0202125 0.00742028
 0.729115 0.177773 0.0727732 0.015266 0.00507284
 0.664084 0.283044 0.0352649 0.0137712 0.00383627
 0.760771 0.192558 0.0397671 0.00461271 0.00229116
 0.640047 0.308793 0.0417012 0.00806521 0.00139326
 0.518758 0.377998 0.0892561 0.0114094 0.00257799
 0.541768 0.318513 0.111558 0.0243641 0.00379634
 0.705047 0.221107 0.05268 0.0169206 0.00424562
 0.871145 0.118819 0.0078363 0.0015747 0.000625446
 0.869375 0.127339 0.00309065 0.000153066 4.20819e-05
 0.730789 0.256271 0.0126789 0.00024542 1.52287e-05
 0.610334 0.33385 0.0533629 0.00240359 4.90729e-05
 0.686342 0.238319 0.0652232 0.00967365 0.000442179
 0.651508 0.280796 0.0521435 0.0134717 0.00208059
 0.685928 0.244246 0.0568065 0.0100372 0.00298293
 0.693347 0.241804 0.0509211 0.0113381 0.0025901
 0.652644 0.274088 0.0580813 0.0119294 0.00325711
 0.656469 0.260523 0.0658775 0.013586 0.00354534
 0.639137 0.274761 0.0657439 0.0161638 0.00419476
 0.300928 0.520141 0.137096 0.0319576 0.00987713
 0.466326 0.22081 0.234194 0.0603013 0.0183697
pobs_pel_tallas
 0 0 0 0 0 0 0 0 0 0 0 0 0 0 0 0 0 0 0 0 0 0 0 0 0 0 0 0 0 0 0 0 0 0 0 0
 0 0 0 0 0 0 0 0 0 0 0 0 0 0 0 0 0 0 0 0 0 0 0 0 0 0 0 0 0 0 0 0 0 0 0 0
 0 0 0 0 0 0 0 0 0 0 0 0 0 0 0 0 0 0 0 0 0 0 0 0 0 0 0 0 0 0 0 0 0 0 0 0
 0 0 0 0 0 0 0 0 0 0 0 0 0 0 0 0 0 0 0 0 0 0 0 0 0 0 0 0 0 0 0 0 0 0 0 0
 0 0 0 0 0 0 0 0 0 0 0 0 0 0 0 0 0 0 0 0 0 0 0 0 0 0 0 0 0 0 0 0 0 0 0 0
 0 0 0 0 0 0 0 0 0 0 0 0 0 0 0 0 0 0 0 0 0 0 0 0 0 0 0 0 0 0 0 0 0 0 0 0
 0 0 0 0 0 0 0 0 0 0 0 0 0 0 0 0 0 0 0 0 0 0 0 0 0 0 0 0 0 0 0 0 0 0 0 0
 0 0 0 0 0 0 0 0 0 0 0 0 0 0 0 0 0 0 0 0 0 0 0 0 0 0 0 0 0 0 0 0 0 0 0 0
 0 0 0 0 0 0 0 0 0 0 0 0 0 0 0 0 0 0 0 0 0 0 0 0 0 0 0 0 0 0 0 0 0 0 0 0
 0 0 0 0 0 0 0 0 0 0 0 0 0 0 0 0 0 0 0 0 0 0 0 0 0 0 0 0 0 0 0 0 0 0 0 0
 0 0 0 0 0 0 0 0 1.78061e-05 0.00172719 0.00360574 0.0105946 0.0120993 0.0124554 0.0147524 0.0171206 0.0266825 0.0428682 0.0675386 0.121331 0.153587 0.119568 0.100827 0.0573624 0.0630603 0.0341343 0.0324427 0.0444173 0.0211091 0.0280891 0.0125444 0.00206551 0 0 0 0
 0 0 0 0 0 0 0 0 0 0 0 0 0 0 0 0 0 0 0 0 0 0 0 0 0 0 0 0 0 0 0 0 0 0 0 0
 0 0 0 0 0 0 0.0133647 0.0140871 0.0187388 0.0205184 0.03894 0.0496705 0.03968 0.0493445 0.0407372 0.0367815 0.0215668 0.0243155 0.0234873 0.0199281 0.019796 0.0243948 0.0301388 0.0376714 0.0412746 0.0863199 0.0771752 0.113111 0.0741005 0.0525337 0.0229764 0.00759418 0.00175318 0 0 0
 0 0 0 0 0 0 0 0 0 0 0.00219441 0.00772107 0.0458388 0.0604681 0.0671733 0.0775358 0.0609151 0.0617685 0.073594 0.0568108 0.0755445 0.0548602 0.0670107 0.0636378 0.0643287 0.046367 0.0373049 0.0286899 0.0247887 0.0153202 0.00654259 0.00121912 0.000365735 0 0 0
 0 0 0 0 0 0 0 0 0 0 0 0 0.000112435 0.00938835 0.0111873 0.0202946 0.0414886 0.0713402 0.111592 0.104902 0.108894 0.110636 0.117776 0.105296 0.107544 0.0401394 0.0192827 0.0124803 0.00416011 0.0028671 0.000618394 0 0 0 0 0
 0 0 0 0 0 0 0 0 0 0 0.00291406 0.0102884 0.027416 0.0768956 0.0749926 0.110853 0.0956884 0.0897413 0.0766577 0.0534642 0.0500743 0.0551293 0.0594112 0.0620874 0.0668451 0.0424026 0.0208742 0.0120726 0.0048766 0.00582813 0.00118941 0.000297354 0 0 0 0
 0 0.00264628 0.0354308 0.0461629 0.0458689 0.0383711 0.0214643 0.0164657 0.0346957 0.0420465 0.0363128 0.0245516 0.0311673 0.0291091 0.0169068 0.0133784 0.00837989 0.0085269 0.0148486 0.0160247 0.0276389 0.0546898 0.0760071 0.122758 0.109233 0.0665981 0.0333725 0.0166128 0.00676272 0.00308733 0.000882094 0 0 0 0 0
 0 0 0 0 0 0 0 0.000805153 0.000690131 0.00759144 0.0133425 0.0154129 0.00931677 0.000345066 0.00356568 0.00563607 0.00851162 0.0253048 0.0502646 0.0516448 0.0657925 0.0565908 0.0611916 0.0827007 0.0866115 0.110766 0.145733 0.0935128 0.0569358 0.0249597 0.0138026 0.00621118 0.00161031 0.00115022 0 0
 0 0 0 0 0 0 0 0 0 0 0 0 0 0 0 0 0 0 0 0 0 0 0 0 0 0 0 0 0 0 0 0 0 0 0 0
 0.00147267 0.00158595 0.00478618 0.00569244 0.00954404 0.0108468 0.00647125 0.017049 0.0510054 0.094081 0.124002 0.0959785 0.0687766 0.0820023 0.061753 0.0591476 0.0492212 0.0479892 0.0443925 0.0268479 0.0217502 0.0140895 0.0121071 0.0120363 0.00920419 0.00665534 0.0049561 0.00860946 0.00930331 0.0156896 0.0114698 0.00855282 0.00243557 0.00046729 0 2.83206e-05
 0 0 0 0 0.000772559 0.00158375 0.000888443 0.00281984 0.00712685 0.0440552 0.0773331 0.111326 0.0921469 0.0852325 0.0710754 0.0886704 0.0786465 0.0553345 0.0373146 0.0185414 0.00753245 0.00457741 0.012979 0.0271748 0.0457355 0.0583668 0.034881 0.0177882 0.00938659 0.00492506 0.0015258 0.00185414 0.000309023 5.79419e-05 3.86279e-05 0
 0 0.00173294 0.00326652 0 0.00397197 0.00683976 0.00946217 0.0152591 0.00757587 0.0136028 0.0228656 0.0392903 0.0559909 0.0764795 0.0681675 0.0726916 0.0566044 0.0477403 0.0527397 0.0444891 0.0609904 0.0582453 0.0661739 0.0445044 0.0529084 0.0360697 0.0280645 0.0235558 0.0158879 0.00826598 0.00280645 0.00217768 0.000904811 0.00058276 9.20147e-05 0
 0 0 0 0 0 0 0 0 0 0 0 0 0 0 0 0 0 0 0 0 0 0 0 0 0 0 0 0 0 0 0 0 0 0 0 0
 0 0 0 0 0 0 0 0 0 0 0 0 0 0 0 0 0 0 0 0 0 0 0 0 0 0 0 0 0 0 0 0 0 0 0 0
 0 0 0 0 0 0 0 0 0 0 0 0 0 0 0 0 0 0 0 0 0 0 0 0 0 0 0 0 0 0 0 0 0 0 0 0
 0 0 0 0 0 0 0 0 0 0 0 0 0 0 0 0 0 0 0 0 0 0 0 0 0 0 0 0 0 0 0 0 0 0 0 0
ppred_pel_tallas
 1.00935e-16 3.27526e-05 0.000192229 0.000913768 0.00351805 0.0109707 0.0277112 0.0567009 0.0939887 0.126226 0.137364 0.121178 0.0867697 0.0506934 0.0247029 0.0110524 0.00617591 0.00586883 0.00754567 0.0100508 0.0128774 0.0156846 0.0181453 0.0199556 0.0208916 0.0208585 0.0199103 0.0182282 0.0160714 0.0137134 0.0113881 0.00925721 0.00740468 0.00585019 0.00457298 0.00353452
 1.00799e-16 3.12668e-05 0.000183502 0.000872268 0.00335825 0.0104724 0.0264524 0.0541258 0.0897219 0.120501 0.131147 0.115724 0.0829336 0.0485904 0.0239355 0.0111441 0.00683448 0.00700672 0.00918898 0.0122491 0.0156459 0.0189723 0.0218232 0.0238245 0.0247076 0.0243717 0.0229067 0.0205645 0.0176928 0.0146528 0.0117471 0.00917838 0.00704111 0.00534113 0.00402824 0.00302868
 1.01094e-16 2.53657e-05 0.000148847 0.000707488 0.00272376 0.00849371 0.0214547 0.043901 0.0727775 0.0977587 0.106435 0.0940121 0.0675776 0.0400049 0.0204722 0.0108169 0.00836848 0.00993324 0.0135097 0.0181126 0.0231538 0.0280812 0.0323046 0.035271 0.0365819 0.0360867 0.0339166 0.0304429 0.0261794 0.0216604 0.0173356 0.0135068 0.0103172 0.00777837 0.00581877 0.0043309
 1.01673e-16 2.86096e-05 0.000167901 0.000798098 0.00307267 0.00958179 0.024203 0.0495233 0.0820934 0.110259 0.120008 0.105914 0.0759441 0.0445789 0.0221166 0.0105646 0.00684821 0.00732567 0.0097479 0.0130811 0.0168183 0.0205598 0.023895 0.026434 0.0278827 0.0281066 0.0271561 0.0252418 0.0226733 0.019782 0.0168545 0.0140936 0.011611 0.00944441 0.00758544 0.00600555
 1.01834e-16 2.86204e-05 0.000167964 0.000798395 0.00307382 0.00958536 0.024212 0.0495418 0.0821243 0.1103 0.120054 0.105958 0.0759815 0.0446126 0.0221548 0.0106177 0.00692658 0.00743793 0.0098994 0.0132717 0.0170399 0.0207949 0.0241175 0.026612 0.0279847 0.0281081 0.0270461 0.025027 0.0223778 0.0194438 0.016518 0.0138017 0.0113974 0.00932881 0.00757177 0.00608364
 1.0234e-16 2.24426e-05 0.000131684 0.000625893 0.0024096 0.00751399 0.01898 0.0388377 0.0643857 0.0864919 0.0941828 0.0832245 0.0598989 0.0356114 0.0185055 0.0102356 0.00847006 0.0104086 0.0142919 0.0192366 0.0246833 0.0300774 0.0348129 0.0383139 0.040155 0.0401583 0.0384284 0.0353126 0.0313036 0.0269189 0.0225966 0.0186352 0.0151835 0.0122695 0.00984661 0.00783919
 1.01853e-16 3.18128e-05 0.000186714 0.00088755 0.00341711 0.0106559 0.026916 0.0550739 0.0912915 0.122603 0.13342 0.117693 0.0842644 0.0492097 0.0239436 0.0106536 0.00587597 0.00552977 0.00711208 0.00951519 0.0122678 0.0150635 0.0176084 0.019624 0.0208963 0.0213193 0.0209135 0.0198094 0.0182066 0.016321 0.0143409 0.0124015 0.0105809 0.0089125 0.00740325 0.00605033
 1.01246e-16 2.89813e-05 0.000170081 0.000808455 0.00311254 0.00970612 0.024517 0.0501661 0.0831597 0.111693 0.121574 0.10731 0.0769742 0.0452416 0.0225517 0.0109461 0.00731609 0.00797245 0.0106265 0.0142072 0.0181632 0.0220426 0.0253819 0.0277497 0.0288358 0.0285228 0.0269121 0.0242914 0.0210574 0.0176216 0.0143275 0.0114036 0.00895483 0.00698554 0.00543802 0.0042297
 1.00893e-16 3.31937e-05 0.00019482 0.000926083 0.00356547 0.0111186 0.0280847 0.0574651 0.0952552 0.127927 0.139213 0.122804 0.087926 0.0513514 0.0249906 0.0111247 0.00613606 0.00576003 0.00737459 0.00980927 0.0125545 0.0152717 0.0176393 0.0193598 0.0202162 0.0201199 0.0191293 0.0174286 0.0152782 0.0129508 0.0106782 0.00861836 0.00685018 0.00538758 0.0042036 0.00325388
 1.01035e-16 2.79343e-05 0.000163932 0.000779214 0.00299995 0.00935499 0.0236301 0.0483517 0.0801531 0.107658 0.117191 0.103461 0.0742583 0.0437354 0.0219679 0.0109395 0.00766968 0.00861321 0.0115643 0.0154751 0.0197801 0.0239936 0.0276097 0.0301564 0.0312938 0.0308934 0.0290665 0.0261292 0.0225183 0.018688 0.0150198 0.0117693 0.0090569 0.00689151 0.00521181 0.0039268
 1.01903e-16 2.26485e-05 0.000132892 0.000631635 0.00243171 0.00758294 0.0191542 0.0391941 0.0649764 0.0872854 0.0950466 0.0839872 0.0604465 0.0359343 0.0186683 0.0103177 0.00852849 0.0104741 0.0143782 0.0193487 0.02482 0.0302319 0.0349716 0.0384565 0.0402563 0.0401899 0.0383627 0.0351261 0.0309804 0.0264535 0.021995 0.0179148 0.0143716 0.0114005 0.00895836 0.00696903
 1.02702e-16 2.36494e-05 0.000138774 0.000659611 0.00253944 0.00791891 0.0200028 0.0409299 0.0678519 0.0911415 0.0992283 0.0876413 0.0629871 0.0372658 0.0190331 0.0100018 0.00768546 0.00911601 0.0124457 0.0167842 0.0216203 0.0264802 0.0308498 0.034234 0.0362564 0.0367394 0.0357372 0.0335042 0.0304193 0.026889 0.0232646 0.0197951 0.0166189 0.0137861 0.0112935 0.00911683
 1.016e-16 3.07651e-05 0.000180559 0.000858279 0.0033044 0.0103044 0.0260282 0.0532577 0.0882823 0.118566 0.129038 0.113854 0.0815735 0.0477544 0.0234518 0.0108005 0.00646927 0.0065224 0.0085351 0.0114101 0.0146414 0.017862 0.0207085 0.0228402 0.0240053 0.0240956 0.0231677 0.0214199 0.0191353 0.0166122 0.0141029 0.0117801 0.0097304 0.00797224 0.0064825 0.00522237
 1.00234e-16 3.80035e-05 0.000223064 0.00106038 0.00408255 0.0127311 0.0321577 0.0657982 0.109065 0.146464 0.15936 0.140517 0.100477 0.0584169 0.0279344 0.0115929 0.00520178 0.00384157 0.0045021 0.00587855 0.00747407 0.00903471 0.0103533 0.0112476 0.0115897 0.0113355 0.0105349 0.00931753 0.00785977 0.00634314 0.00491883 0.00368648 0.00269025 0.0019285 0.00137047 0.000973076
 1.00093e-16 3.79266e-05 0.000222612 0.00105823 0.00407427 0.0127053 0.0320925 0.0656649 0.108844 0.146168 0.15904 0.140239 0.100288 0.058327 0.0279284 0.011654 0.00532417 0.00403103 0.00476894 0.00623029 0.00790941 0.00953959 0.0108994 0.0117943 0.0120894 0.0117406 0.0108066 0.00943221 0.00781234 0.00614697 0.00460197 0.00328581 0.00224512 0.00147519 0.00093838 0.000582922
 1.00273e-16 3.18889e-05 0.000187154 0.000889625 0.00342507 0.0106807 0.0269788 0.0552029 0.0915074 0.122899 0.133758 0.118031 0.0845911 0.0495707 0.0244348 0.0114022 0.00702362 0.00721677 0.00945513 0.0125749 0.0160119 0.0193369 0.022124 0.0239836 0.0246418 0.0240065 0.0221903 0.0194791 0.0162597 0.0129303 0.00982198 0.00715311 0.00501965 0.00341634 0.00227283 0.00149065
 1.00952e-16 2.66397e-05 0.000156329 0.000743065 0.00286075 0.00892091 0.0225337 0.0461085 0.0764358 0.102669 0.11177 0.098698 0.0708893 0.0418515 0.0212076 0.0108672 0.00800594 0.00925607 0.0125156 0.0167696 0.0214434 0.0260197 0.029952 0.0327281 0.0339773 0.0335568 0.0315833 0.0283951 0.024463 0.0202784 0.0162567 0.0126791 0.00968222 0.0072824 0.00541925 0.0039985
 1.01357e-16 2.99502e-05 0.000175773 0.000835522 0.00321677 0.0100312 0.025338 0.0518456 0.0859423 0.115426 0.125625 0.110857 0.0794558 0.0465745 0.022984 0.0107733 0.00671028 0.00697161 0.00919798 0.0123124 0.0158012 0.0192752 0.0223417 0.0246312 0.0258685 0.0259337 0.0248856 0.0229367 0.0203937 0.0175822 0.0147809 0.0121843 0.00989507 0.00794109 0.00630342 0.0049429
 1.01392e-16 2.84329e-05 0.000166862 0.000793149 0.00305361 0.00952234 0.0240528 0.0492163 0.0815854 0.109579 0.119275 0.105283 0.0755266 0.0444039 0.022159 0.0107978 0.00727419 0.00797291 0.0106522 0.0142639 0.0182679 0.0222187 0.0256569 0.0281516 0.0293882 0.0292402 0.0277949 0.0253232 0.0222053 0.0188388 0.0155593 0.0125942 0.0100543 0.00795596 0.00625624 0.00488822
 1.01371e-16 2.99323e-05 0.000175668 0.000835021 0.00321484 0.0100251 0.0253228 0.0518145 0.0858909 0.115357 0.125552 0.110795 0.0794179 0.046565 0.0230027 0.0108206 0.00679025 0.0070909 0.00936311 0.0125262 0.01606 0.0195662 0.0226431 0.0249139 0.0261006 0.0260865 0.0249387 0.0228833 0.0202414 0.0173517 0.0145017 0.0118891 0.00961421 0.00769807 0.00611263 0.00480933
 1.01313e-16 3.02557e-05 0.000177567 0.000844049 0.0032496 0.0101335 0.0255966 0.0523748 0.0868194 0.116603 0.126907 0.111988 0.0802656 0.0470475 0.0232139 0.0108742 0.00676195 0.0070126 0.00923994 0.0123525 0.0158278 0.0192697 0.0222801 0.0244868 0.0256168 0.0255572 0.0243785 0.0223085 0.0196689 0.0167978 0.0139812 0.0114143 0.00919427 0.00733853 0.00581516 0.0045719
 1.01476e-16 2.84822e-05 0.000167152 0.000794529 0.00305892 0.00953891 0.0240947 0.0493019 0.0817271 0.109769 0.11948 0.10546 0.0756458 0.044458 0.0221566 0.0107483 0.00717971 0.00782808 0.0104492 0.0139975 0.0179401 0.0218415 0.0252531 0.0277534 0.0290326 0.0289628 0.027624 0.0252743 0.0222787 0.0190205 0.0158244 0.0129118 0.0103934 0.00828899 0.00656255 0.0051548
 1.01653e-16 2.86484e-05 0.000168129 0.000799177 0.00307682 0.00959474 0.0242357 0.0495903 0.0822047 0.110409 0.120173 0.106064 0.0760619 0.0446679 0.0221971 0.0106625 0.00698756 0.00752572 0.0100218 0.0134332 0.0172402 0.0210276 0.0243689 0.0268621 0.0282087 0.0282802 0.0271432 0.025032 0.0222826 0.0192496 0.0162355 0.0134484 0.0109957 0.00890277 0.00714454 0.0056754
 1.01775e-16 2.78933e-05 0.000163694 0.00077809 0.00299563 0.00934153 0.0235961 0.0482818 0.0800363 0.107498 0.11701 0.103285 0.0740953 0.0435662 0.0217484 0.0106114 0.00716913 0.00787791 0.0105427 0.0141401 0.0181451 0.0221253 0.0256324 0.0282432 0.0296445 0.0297026 0.02849 0.0262559 0.023356 0.0201655 0.0170027 0.0140859 0.011526 0.00934682 0.00751922 0.00599268
 1.03676e-16 1.31559e-05 7.71493e-05 0.000366597 0.00141119 0.00440046 0.0111157 0.0227479 0.037721 0.0507002 0.0552824 0.0490261 0.0356685 0.0219751 0.0128322 0.0093489 0.0103006 0.0141512 0.0198899 0.026891 0.0345676 0.042199 0.0489547 0.054035 0.0568425 0.057116 0.0549817 0.0508985 0.0455271 0.039566 0.0336105 0.0280708 0.0231593 0.0189283 0.0153331 0.0122906
 1.06327e-16 2.03561e-05 0.000119448 0.000567749 0.00218578 0.00681605 0.0172169 0.0352292 0.0584005 0.0784431 0.0853954 0.0754053 0.0541536 0.0319619 0.016186 0.00829456 0.00614954 0.00721352 0.00993627 0.0136191 0.0179154 0.0225247 0.0271051 0.0312961 0.0347775 0.0373222 0.038823 0.0392854 0.0387963 0.0374826 0.0354785 0.0329096 0.0298957 0.0265598 0.0230376 0.0194763
pSPR Fmed_Fpbrs
0.523828   0.420956 0.420956
Fs Fmed_Fpbrs
0.64   1.005 1.005
SSBpbr Bo_Bmed_Bpbrs
802807  380393  297806 297806
Ro
33384.6
SPR SPRFo_SPRFmed_SPRFpbrs
689537 361199 290265
log_Ro
10.2359
likeval ReclasPelacesDesembMPH_pf_preclas_ppelaces_ptallas_desvR_qrecl_qpela
 63.0572 0.00145138 0.0164676 45.7297 332.074 198.491 56.162 0 17.0028 2.63066e-07 0 0 0 0 0
q_reclas_q_pelaces
0.929898 1
M
0.7
N
 35658.2 10565.8 3391.65 399.856 0.219259
 43076.3 16034 2604.22 602.328 69.2289
 20280.5 19527.3 4184.62 502.991 126.635
 27082.4 8575.4 3118.54 393.029 56.6749
 46405.2 12963.2 3285.18 1058.1 151.111
 31811.1 22887.4 6134.53 1519.98 558.468
 68488.9 14714.1 6886.18 1459.95 485.414
 69824.2 32389.2 5176.46 2061.72 574.948
 112871 31662.2 8471.25 1002.97 498.732
 114591 50997.3 8072.64 1581.06 273.312
 63651.8 53699.7 16823.4 2199.2 497.518
 44130.5 28510.2 12876.5 2869.42 447.59
 41556.4 19972.9 7356.57 2445.86 614.846
 28649.4 17603.6 3230.82 704.056 280.868
 16380.7 9793.26 626.816 33.5217 9.25433
 12455.2 5710.41 400.513 7.96984 0.495281
 8602.47 5445.53 1154.54 53.1802 1.08707
 10867.9 3853.48 1306.63 197.111 9.01813
 12225.8 4990.97 1102.17 288.69 44.6187
 16700.6 5699.17 1586.41 284.322 84.5618
 27612 7767.01 1781.93 399.467 91.2886
 38643.5 13289.8 3093.56 640.136 174.848
 56434.5 18543.2 5181.76 1077.13 281.204
 76420.8 27021.1 7119.24 1763.75 457.908
 26510.3 36638.9 10471.1 2456.55 759.507
 33452.7 12781.6 14772.2 3829.57 1167.04
pred_Ctot
 2437.28 3982.18 1659.57 198.718 0.109056
 2713.46 5674.61 1206.72 283.648 32.6293
 2186.15 10147.4 2669.48 324.607 81.774
 704.657 1430.65 726.071 93.4467 13.4901
 227.178 439.75 161.986 53.4484 7.643
 1574.57 6675.45 2395.14 604.12 222.175
 2354.72 3146.88 2024.13 437.724 145.691
 4384.25 11434.2 2393.38 968.812 270.403
 7357.4 11506.9 4016.86 483.208 240.481
 4656.26 12603.4 2711.76 541.275 93.6629
 4513.93 20811.9 8431.28 1119.1 253.376
 2827.02 10222.9 6034.83 1366.56 213.346
 4432.49 10308.6 4667.95 1570.19 394.962
 6559.86 13413.7 2707.38 592.801 236.544
 3582.48 7335.97 519.604 27.93 7.71269
 1078.88 2560.91 226.914 4.5771 0.284646
 609.526 2109.1 578.294 27.0468 0.553316
 590.435 1212.66 545.999 83.7962 3.83731
 540.663 1325.27 395.321 105.478 16.3183
 765.027 1558.71 584.474 106.685 31.7605
 612.183 1119.75 361.099 82.712 18.9235
 938.201 2082 678.539 143.42 39.2182
 1456.28 3070.54 1197.91 254.298 66.4631
 1901.8 4329.5 1595.26 403.66 104.917
 555.674 5015.94 2019.59 484.2 149.876
 743.621 1847.12 3000.38 794.752 242.473
F
 0.0992673 0.70049 1.02827 1.05423 1.05564
 0.0911625 0.643298 0.944316 0.96816 0.969448
 0.160764 1.13445 1.66529 1.70734 1.70961
 0.0367705 0.259475 0.380891 0.390508 0.391028
 0.0068278 0.0481811 0.0707265 0.0725123 0.0726088
 0.0710069 0.501068 0.735533 0.754105 0.755108
 0.0488459 0.344686 0.505975 0.518751 0.519441
 0.0908577 0.641147 0.941159 0.964923 0.966207
 0.0944708 0.666643 0.978585 1.00329 1.00463
 0.0579601 0.409002 0.600386 0.615546 0.616365
 0.103166 0.728005 1.06866 1.09564 1.0971
 0.0927737 0.654668 0.961006 0.985271 0.986583
 0.158949 1.12164 1.64649 1.68806 1.69031
 0.373438 2.63521 3.8683 3.96597 3.97125
 0.353811 2.4967 3.66499 3.75753 3.76253
 0.12734 0.898585 1.31906 1.35237 1.35417
 0.103073 0.727347 1.06769 1.09465 1.09611
 0.0781815 0.551696 0.809851 0.8303 0.831405
 0.0632256 0.446158 0.654929 0.671466 0.67236
 0.0655586 0.462621 0.679095 0.696242 0.697169
 0.0312564 0.220564 0.323773 0.331948 0.33239
 0.034273 0.241851 0.355021 0.363985 0.364469
 0.0364628 0.257304 0.377704 0.387241 0.387756
 0.035144 0.247998 0.364043 0.373235 0.373732
 0.0295279 0.208367 0.305868 0.313591 0.314008
 0.0313395 0.221151 0.324634 0.332831 0.333274
Np
 22821 10310.7 4103.97 949.31 1140.59
YTP_r0W_actual
 19630.9 118013 247309 76397.6 25327.5
YTP_p0W_proyectada
 12201.5 126410 75767.8 102453 39669.9
 12201.5 80956.9 61116 18343.5 24478.5
CTP_r0_actual
 2181.21 4646.18 7005.92 1845.35 562.833
CTP_p0_proyectada
 1487.99 5852.3 2412.99 2554.94 891.459
 1487.99 3748 1946.37 457.443 550.08
Wmedp
 8.2 21.6 31.4 40.1 44.5
nmprior
 10.8 10.6 4.6 0
nm_flota  nm_reclas  nm_pelaces    nm_pelaL
inf 20.3166 15.4412 46.1481
cv_recla  cv_pelaces  cv_mph
0.702489 1.39111 0.552146
 ------------------------------------------------
Talla a la edad & desviaci?n 
 7.2 14.2025 17.0495 18.207 18.6776
 1.08 2.13037 2.55742 2.73105 2.80164
