years
 1997 1998 1999 2000 2001 2002 2003 2004 2005 2006 2007 2008 2009 2010 2011 2012 2013 2014 2015 2016 2017 2018 2019
reclasobs
 0 0 0 370054 412103 1.49427e+06 250295 1.28982e+06 931140 785840 897777 1.04006e+06 184774 17550 25797 100020 73551 82996 120727 218422 84188 347160 605670
reclaspred
 770025 183687 412619 221827 326042 366486 733659 547661 666228 860397 816935 564782 320818 121023 78705.4 82651.1 85107.3 97332.9 100699 112850 186301 219594 437405
pelacesobs
 0 0 0 0 0 0 0 0 0 2.06254e+06 1.5e+06 0 1.87456e+06 323000 250000 174000 83755 137374 0 501740 490994 745055 786931
pelacespred
 199837 63158.5 53750.5 62844 84487 64690.1 154233 125657 141709 196836 156815 114114 60347.2 17073.2 11633.8 14216.4 15049.1 18026.8 18872.6 19700.9 41359.8 48794.6 76663.4
mphobs
 0 0 0 0 0 0 112323 0 153150 637223 0 255016 313432 73983 77613 109348 50772 17779 17303 59886 28197 0 207744
mphpred
 425572 225151 221682 163805 164047 259557 326138 464852 428494 558422 641371 428010 254546 128646 58866 51827.5 46380.3 52699.7 63550.8 60451.3 91976.3 143102 198371
desembarqueobs
 350755 77701 442110 56441 14545 235359 269955 359681 431902 328805 639364 411747 362871 311530 167758 66681 60226 58785 57116 73181 50977 67692 138656
desembarquepred
 350758 77696.7 442061 56447 14545.6 235537 270033 359467 431714 328721 639122 411595 362763 311044 167500 66669.4 60260.6 58775.7 57070.4 73165.6 50970.4 67662.9 138642
Reclutas
 33862.3 39648.4 15381.8 18268.5 34226.6 22159.7 59298.6 56143.9 89908.3 110336 62458.9 48735.6 50804 29428.9 15422.2 10834.3 7039.04 7845.65 8766.01 10227.2 19223.2 26251 45307
log_desv_Rt
 0.227571 0.385319 -0.561549 -0.389556 0.238269 -0.196459 0.787853 0.733185 1.20406 1.4088 0.839775 0.591677 0.633243 0.0872434 -0.558926 -0.912018 -1.34326 -1.23477 -1.12385 -0.969683 -0.338617 -0.0270301 0.518729
SSB
 425572 225151 221682 163805 164047 259557 313726 456814 413685 543878 641371 428010 267187 138969 67610.7 59008.3 56311.8 60123.5 66630.7 69325.7 95194 143102 205693
BT
 1.45182e+06 346314 508711 289892 343645 396408 1.08795e+06 990688 1.22233e+06 1.2769e+06 1.23661e+06 869593 679200 387255 212380 122907 118981 132363 126280 148348 251565 241972 403410
Ftot
 1.06185 1.02595 2.04982 0.573532 0.111228 1.26173 0.974427 1.59065 1.74657 0.992126 1.63265 1.53763 2.5451 4.95303 4.79204 1.84938 1.60194 1.40059 1.26887 1.48079 0.718306 0.710214 0.719201
BD_Bspro_t
 0.903634 0.616849 0.502197 0.275177 0.388805 0.55453 0.459829 0.513375 0.44926 0.468922 0.471464 0.310865 0.221617 0.142885 0.0843734 0.0890101 0.116205 0.167455 0.22451 0.279288 0.377862 0.542142 0.588529
BD_Bspro
 0.765542 0.405014 0.398774 0.29466 0.295097 0.466906 0.564347 0.821741 0.744159 0.978357 1.15373 0.769928 0.480629 0.249985 0.121622 0.106147 0.101297 0.108153 0.119859 0.124707 0.17124 0.25742 0.370012
BD_Bo
 0.84459 0.446835 0.43995 0.325086 0.325568 0.515117 0.62262 0.906592 0.820998 1.07938 1.27286 0.849428 0.530258 0.275798 0.13418 0.117108 0.111756 0.119321 0.132235 0.137584 0.188922 0.284001 0.408218
BD_Brms
 2.27829 1.20534 1.18677 0.876925 0.878224 1.38954 1.67953 2.44554 2.21465 2.91164 3.43357 2.29135 1.43038 0.74397 0.361953 0.3159 0.301464 0.32187 0.356706 0.371134 0.509619 0.766096 1.10118
S_f
 0.0950504 0.666182 0.974304 0.998614 0.999927
 0.0950504 0.666182 0.974304 0.998614 0.999927
 0.0950504 0.666182 0.974304 0.998614 0.999927
 0.0950504 0.666182 0.974304 0.998614 0.999927
 0.0950504 0.666182 0.974304 0.998614 0.999927
 0.0950504 0.666182 0.974304 0.998614 0.999927
 0.0950504 0.666182 0.974304 0.998614 0.999927
 0.0950504 0.666182 0.974304 0.998614 0.999927
 0.0950504 0.666182 0.974304 0.998614 0.999927
 0.0950504 0.666182 0.974304 0.998614 0.999927
 0.0950504 0.666182 0.974304 0.998614 0.999927
 0.0950504 0.666182 0.974304 0.998614 0.999927
 0.0950504 0.666182 0.974304 0.998614 0.999927
 0.0950504 0.666182 0.974304 0.998614 0.999927
 0.0950504 0.666182 0.974304 0.998614 0.999927
 0.0950504 0.666182 0.974304 0.998614 0.999927
 0.0950504 0.666182 0.974304 0.998614 0.999927
 0.0950504 0.666182 0.974304 0.998614 0.999927
 0.0950504 0.666182 0.974304 0.998614 0.999927
 0.0950504 0.666182 0.974304 0.998614 0.999927
 0.0950504 0.666182 0.974304 0.998614 0.999927
 0.0950504 0.666182 0.974304 0.998614 0.999927
 0.0950504 0.666182 0.974304 0.998614 0.999927
Scru_reclas
 0.285934 0.668349 0.910248 0.980784 0.996122
 0.285934 0.668349 0.910248 0.980784 0.996122
 0.285934 0.668349 0.910248 0.980784 0.996122
 0.285934 0.668349 0.910248 0.980784 0.996122
 0.285934 0.668349 0.910248 0.980784 0.996122
 0.285934 0.668349 0.910248 0.980784 0.996122
 0.285934 0.668349 0.910248 0.980784 0.996122
 0.285934 0.668349 0.910248 0.980784 0.996122
 0.285934 0.668349 0.910248 0.980784 0.996122
 0.285934 0.668349 0.910248 0.980784 0.996122
 0.285934 0.668349 0.910248 0.980784 0.996122
 0.285934 0.668349 0.910248 0.980784 0.996122
 0.285934 0.668349 0.910248 0.980784 0.996122
 0.285934 0.668349 0.910248 0.980784 0.996122
 0.285934 0.668349 0.910248 0.980784 0.996122
 0.285934 0.668349 0.910248 0.980784 0.996122
 0.285934 0.668349 0.910248 0.980784 0.996122
 0.285934 0.668349 0.910248 0.980784 0.996122
 0.285934 0.668349 0.910248 0.980784 0.996122
 0.285934 0.668349 0.910248 0.980784 0.996122
 0.285934 0.668349 0.910248 0.980784 0.996122
 0.285934 0.668349 0.910248 0.980784 0.996122
 0.285934 0.668349 0.910248 0.980784 0.996122
Scru_pelaces
 0.225793 0.599746 0.885038 0.975341 0.995103
 0.225793 0.599746 0.885038 0.975341 0.995103
 0.225793 0.599746 0.885038 0.975341 0.995103
 0.225793 0.599746 0.885038 0.975341 0.995103
 0.225793 0.599746 0.885038 0.975341 0.995103
 0.225793 0.599746 0.885038 0.975341 0.995103
 0.225793 0.599746 0.885038 0.975341 0.995103
 0.225793 0.599746 0.885038 0.975341 0.995103
 0.225793 0.599746 0.885038 0.975341 0.995103
 0.225793 0.599746 0.885038 0.975341 0.995103
 0.225793 0.599746 0.885038 0.975341 0.995103
 0.225793 0.599746 0.885038 0.975341 0.995103
 0.225793 0.599746 0.885038 0.975341 0.995103
 0.225793 0.599746 0.885038 0.975341 0.995103
 0.225793 0.599746 0.885038 0.975341 0.995103
 0.225793 0.599746 0.885038 0.975341 0.995103
 0.225793 0.599746 0.885038 0.975341 0.995103
 0.225793 0.599746 0.885038 0.975341 0.995103
 0.225793 0.599746 0.885038 0.975341 0.995103
 0.225793 0.599746 0.885038 0.975341 0.995103
 0.225793 0.599746 0.885038 0.975341 0.995103
 0.225793 0.599746 0.885038 0.975341 0.995103
 0.225793 0.599746 0.885038 0.975341 0.995103
pf_obs 
 0.256992 0.487395 0.22802 0.0275931 0
 0.321318 0.546541 0.124235 0.00734118 0.000564706
 0.182869 0.594174 0.210203 0.0122559 0.00049798
 0.330522 0.361315 0.267642 0.0388342 0.00168674
 0.649043 0.306663 0.0425973 0.00169635 0
 0.582887 0.30429 0.105238 0.00758474 0
 0.465427 0.430635 0.0974691 0.00646863 0
 0.296916 0.608066 0.0921331 0.00288517 0
 0.311714 0.524322 0.152257 0.0117073 0
 0.15457 0.633149 0.183074 0.0267441 0.00246327
 0.131901 0.49318 0.331252 0.0422183 0.00144891
 0.196976 0.569456 0.194076 0.0375587 0.00193317
 0.518974 0.381816 0.0799577 0.0180837 0.00116848
 0.0928022 0.601141 0.25162 0.0475244 0.00691264
 0.122501 0.610282 0.24278 0.0234846 0.000952079
 0.383417 0.481906 0.127806 0.00687128 0
 0.0376549 0.599619 0.316969 0.0457579 0
 0.0361596 0.667082 0.258105 0.0386534 0
 0.158088 0.579412 0.248529 0.0139706 0
 0.0477256 0.309471 0.559284 0.082774 0.000745712
 0.0406174 0.521527 0.379366 0.0568643 0.0016247
 0.151134 0.462217 0.34131 0.0453401 0
 0.294876 0.26143 0.354403 0.0886775 0.000613685
pf_pred 
 0.285947 0.486566 0.203073 0.0244026 1.07523e-05
 0.270256 0.570791 0.125808 0.029714 0.00343108
 0.129146 0.67236 0.17162 0.0214467 0.00542755
 0.234516 0.492149 0.241307 0.0279091 0.00411867
 0.28287 0.483927 0.172916 0.0534205 0.00686682
 0.152616 0.606724 0.18155 0.0441177 0.014993
 0.407702 0.373856 0.180119 0.0292221 0.00910096
 0.26986 0.631886 0.0736893 0.0203936 0.00417102
 0.386514 0.489396 0.115221 0.00673435 0.00213416
 0.314904 0.598972 0.076715 0.00876997 0.000639815
 0.169997 0.659129 0.157936 0.0115738 0.00136472
 0.204737 0.552251 0.215373 0.0256432 0.00199598
 0.309346 0.522704 0.13752 0.0271188 0.0033121
 0.313147 0.615319 0.0635786 0.0065952 0.00136066
 0.352393 0.620408 0.0265791 0.000557871 6.16125e-05
 0.313956 0.655303 0.0304562 0.000279642 5.77915e-06
 0.210553 0.659646 0.12699 0.00278645 2.47126e-05
 0.274969 0.535442 0.172597 0.0166411 0.000350321
 0.280799 0.571399 0.124724 0.021095 0.00198234
 0.294591 0.556488 0.13079 0.0154039 0.00272656
 0.372012 0.503652 0.109292 0.0132888 0.00175559
 0.287479 0.577036 0.117843 0.0155723 0.00207061
 0.318892 0.505809 0.153425 0.0191099 0.00276403
pobs_RECLAS
 0 0 0 0 0
 0 0 0 0 0
 0 0 0 0 0
 0 0 0 0 0
 0.835266 0.146461 0.0176864 0.000547809 3.91292e-05
 0.385257 0.428462 0.181853 0.0044286 0
 0.867414 0.0963971 0.0333333 0.00285562 0
 0.441836 0.489002 0.0689373 0.000224442 0
 0.779404 0.147425 0.0564933 0.0165055 0.000172143
 0.814271 0.122319 0.05973 0.00367925 0
 0.40263 0.566651 0.0304383 0.000280538 0
 0.475488 0.404961 0.113038 0.00651328 0
 0.955842 0.0263864 0.0167828 0.000988607 0
 0.975058 0.0227948 0.00214734 0 0
 0.738997 0.206755 0.0527124 0.00153531 0
 0.850938 0.134255 0.0134407 0.00136685 0
 0.542534 0.407297 0.0501686 0 0
 0.764087 0.199537 0.0359546 0.000420521 0
 0.470689 0.182191 0.310203 0.0369168 0
 0.84361 0.089868 0.0606195 0.00523954 0.000663233
 0.607945 0.314616 0.071237 0.00620181 0
 0.523733 0.453247 0.0230204 0 0
 0.530135 0.295979 0.169645 0.0042399 0
ppred_RECLAS
 0.567224 0.304781 0.113679 0.0143094 6.39393e-06
 0.544358 0.363946 0.071838 0.0177763 0.00208161
 0.346733 0.524057 0.111061 0.0144434 0.00370548
 0.492093 0.335999 0.150851 0.0183152 0.00274131
 0.547563 0.311197 0.103317 0.0335489 0.00437412
 0.373723 0.462393 0.122129 0.0310535 0.0107015
 0.691789 0.201508 0.087196 0.014825 0.00468236
 0.553772 0.392925 0.0395159 0.0114193 0.00236808
 0.684733 0.259111 0.0519699 0.00316829 0.00101798
 0.594612 0.358844 0.0412381 0.00493999 0.00036549
 0.411116 0.481266 0.0991278 0.0075831 0.000906599
 0.468267 0.384487 0.129826 0.0161463 0.00127431
 0.631197 0.293582 0.0611718 0.0125018 0.00154753
 0.709862 0.271454 0.0165821 0.00173895 0.000363122
 0.734555 0.258593 0.00669358 0.000142287 1.5907e-05
 0.608874 0.376211 0.0147705 0.000141354 2.96165e-06
 0.474072 0.449623 0.0745811 0.00170866 1.53649e-05
 0.559951 0.335689 0.0946187 0.00953758 0.000203592
 0.562277 0.3559 0.0685385 0.0121289 0.00115579
 0.583783 0.33729 0.0689222 0.0084822 0.00152236
 0.651154 0.284536 0.0561825 0.00716713 0.000960298
 0.559408 0.362584 0.0674026 0.00934519 0.00126025
 0.597238 0.305736 0.0843809 0.0110269 0.00161755
pobs_PELACES
 0 0 0 0 0
 0 0 0 0 0
 0 0 0 0 0
 0 0 0 0 0
 0 0 0 0 0
 0 0 0 0 0
 0 0 0 0 0
 0 0 0 0 0
 0 0 0 0 0
 0 0 0 0 0
 0.450072 0.473896 0.0757376 0.000293798 0
 0 0 0 0 0
 0.463077 0.371075 0.160297 0.00555027 0
 0.529543 0.364841 0.0842815 0.0213345 0
 0.631943 0.363953 0.00410389 0 0
 0.735681 0.248677 0.0153453 0.000297389 0
 0.695825 0.281241 0.0229344 0 0
 0.275771 0.60734 0.115278 0.00161068 0
 0 0 0 0 0
 0.896147 0.0623911 0.0374545 0.00400742 0
 0.803859 0.145111 0.0509908 3.86294e-05 0
 0.739449 0.233085 0.0266225 0.000797448 4.60066e-05
 0.878498 0.100942 0.0204185 0.000141795 0
ppred_PELACES
 0.586738 0.293279 0.106395 0.0135813 6.09345e-06
 0.561586 0.351649 0.0677578 0.017008 0.00199982
 0.413137 0.482183 0.0898906 0.0117615 0.00302847
 0.485099 0.337827 0.15503 0.0191629 0.00288053
 0.514987 0.325695 0.115845 0.0384393 0.00503429
 0.402557 0.446202 0.11232 0.0289159 0.0100047
 0.704707 0.194127 0.0824326 0.0142228 0.00451069
 0.597961 0.357249 0.0331153 0.00966355 0.00201172
 0.729779 0.225794 0.0410857 0.00252615 0.000814737
 0.609302 0.346589 0.0390152 0.00474227 0.000352307
 0.458974 0.448839 0.0848482 0.00655219 0.000786358
 0.513758 0.358761 0.112259 0.0141045 0.00111749
 0.715662 0.234135 0.0408073 0.00835744 0.00103808
 0.848509 0.14497 0.00579878 0.000597733 0.000125116
 0.858376 0.13917 0.0023978 5.01656e-05 5.62212e-06
 0.660878 0.327466 0.0115426 0.000111314 2.341e-06
 0.520446 0.414739 0.0633363 0.00146514 1.32259e-05
 0.596587 0.312131 0.0826733 0.00842807 0.000180617
 0.591529 0.334975 0.0614362 0.0110071 0.00105308
 0.622996 0.309421 0.0589322 0.00733034 0.00132077
 0.652473 0.282969 0.0562757 0.00730035 0.000982295
 0.560437 0.36107 0.0676606 0.00954013 0.001292
 0.598549 0.304053 0.0845132 0.0112308 0.00165444
pobs_pel_tallas
 0 0 0 0 0 0 0 0 0 0 0 0 0 0 0 0 0 0 0 0 0 0 0 0 0 0 0 0 0 0 0 0 0 0 0 0
 0 0 0 0 0 0 0 0 0 0 0 0 0 0 0 0 0 0 0 0 0 0 0 0 0 0 0 0 0 0 0 0 0 0 0 0
 0 0 0 0 0 0 0 0 0 0 0 0 0 0 0 0 0 0 0 0 0 0 0 0 0 0 0 0 0 0 0 0 0 0 0 0
 0 0 0 0 0 0 0 0 0 0 0 0 0 0 0 0 0 0 0 0 0 0 0 0 0 0 0 0 0 0 0 0 0 0 0 0
 0 0 0 0 0 0 0 0 0 0 0 0 0 0 0 0 0 0 0 0 0 0 0 0 0 0 0 0 0 0 0 0 0 0 0 0
 0 0 0 0 0 0 0 0 0 0 0 0 0 0 0 0 0 0 0 0 0 0 0 0 0 0 0 0 0 0 0 0 0 0 0 0
 0 0 0 0 0 0 0 0 0 0 0 0 0 0 0 0 0 0 0 0 0 0 0 0 0 0 0 0 0 0 0 0 0 0 0 0
 0 0 0 0 0 0 0 0 0 0 0 0 0 0 0 0 0 0 0 0 0 0 0 0 0 0 0 0 0 0 0 0 0 0 0 0
 0 0 0 0 0 0 0 0 0 0 0 0 0 0 0 0 0 0 0 0 0 0 0 0 0 0 0 0 0 0 0 0 0 0 0 0
 0 0 0 0 0 0 0 0 0 0 0 0 0 0 0 0 0 0 0 0 0 0 0 0 0 0 0 0 0 0 0 0 0 0 0 0
 0 0 0 0 0 0 0 0 1.78061e-05 0.00172719 0.00360574 0.0105946 0.0120993 0.0124554 0.0147524 0.0171206 0.0266825 0.0428682 0.0675386 0.121331 0.153587 0.119568 0.100827 0.0573624 0.0630603 0.0341343 0.0324427 0.0444173 0.0211091 0.0280891 0.0125444 0.00206551 0 0 0 0
 0 0 0 0 0 0 0 0 0 0 0 0 0 0 0 0 0 0 0 0 0 0 0 0 0 0 0 0 0 0 0 0 0 0 0 0
 0 0 0 0 0 0 0.0133647 0.0140871 0.0187388 0.0205184 0.03894 0.0496705 0.03968 0.0493445 0.0407372 0.0367815 0.0215668 0.0243155 0.0234873 0.0199281 0.019796 0.0243948 0.0301388 0.0376714 0.0412746 0.0863199 0.0771752 0.113111 0.0741005 0.0525337 0.0229764 0.00759418 0.00175318 0 0 0
 0 0 0 0 0 0 0 0 0 0 0.00219441 0.00772107 0.0458388 0.0604681 0.0671733 0.0775358 0.0609151 0.0617685 0.073594 0.0568108 0.0755445 0.0548602 0.0670107 0.0636378 0.0643287 0.046367 0.0373049 0.0286899 0.0247887 0.0153202 0.00654259 0.00121912 0.000365735 0 0 0
 0 0 0 0 0 0 0 0 0 0 0 0 0.000112435 0.00938835 0.0111873 0.0202946 0.0414886 0.0713402 0.111592 0.104902 0.108894 0.110636 0.117776 0.105296 0.107544 0.0401394 0.0192827 0.0124803 0.00416011 0.0028671 0.000618394 0 0 0 0 0
 0 0 0 0 0 0 0 0 0 0 0.00291406 0.0102884 0.027416 0.0768956 0.0749926 0.110853 0.0956884 0.0897413 0.0766577 0.0534642 0.0500743 0.0551293 0.0594112 0.0620874 0.0668451 0.0424026 0.0208742 0.0120726 0.0048766 0.00582813 0.00118941 0.000297354 0 0 0 0
 0 0.00264628 0.0354308 0.0461629 0.0458689 0.0383711 0.0214643 0.0164657 0.0346957 0.0420465 0.0363128 0.0245516 0.0311673 0.0291091 0.0169068 0.0133784 0.00837989 0.0085269 0.0148486 0.0160247 0.0276389 0.0546898 0.0760071 0.122758 0.109233 0.0665981 0.0333725 0.0166128 0.00676272 0.00308733 0.000882094 0 0 0 0 0
 0 0 0 0 0 0 0 0.000805153 0.000690131 0.00759144 0.0133425 0.0154129 0.00931677 0.000345066 0.00356568 0.00563607 0.00851162 0.0253048 0.0502646 0.0516448 0.0657925 0.0565908 0.0611916 0.0827007 0.0866115 0.110766 0.145733 0.0935128 0.0569358 0.0249597 0.0138026 0.00621118 0.00161031 0.00115022 0 0
 0 0 0 0 0 0 0 0 0 0 0 0 0 0 0 0 0 0 0 0 0 0 0 0 0 0 0 0 0 0 0 0 0 0 0 0
 0.00147267 0.00158595 0.00478618 0.00569244 0.00954404 0.0108468 0.00647125 0.017049 0.0510054 0.094081 0.124002 0.0959785 0.0687766 0.0820023 0.061753 0.0591476 0.0492212 0.0479892 0.0443925 0.0268479 0.0217502 0.0140895 0.0121071 0.0120363 0.00920419 0.00665534 0.0049561 0.00860946 0.00930331 0.0156896 0.0114698 0.00855282 0.00243557 0.00046729 0 2.83206e-05
 0 0 0 0 0.000772559 0.00158375 0.000888443 0.00281984 0.00712685 0.0440552 0.0773331 0.111326 0.0921469 0.0852325 0.0710754 0.0886704 0.0786465 0.0553345 0.0373146 0.0185414 0.00753245 0.00457741 0.012979 0.0271748 0.0457355 0.0583668 0.034881 0.0177882 0.00938659 0.00492506 0.0015258 0.00185414 0.000309023 5.79419e-05 3.86279e-05 0
 0 0.00173294 0.00326652 0 0.00397197 0.00683976 0.00946217 0.0152591 0.00757587 0.0136028 0.0228656 0.0392903 0.0559909 0.0764795 0.0681675 0.0726916 0.0566044 0.0477403 0.0527397 0.0444891 0.0609904 0.0582453 0.0661739 0.0445044 0.0529084 0.0360697 0.0280645 0.0235558 0.0158879 0.00826598 0.00280645 0.00217768 0.000904811 0.00058276 9.20147e-05 0
 0 0 0 0 0 0 0 0 0 0 0 0 0 0 0 0 0 0 0 0 0 0 0 0 0 0 0 0 0 0 0 0 0 0 0 0
ppred_pel_tallas
 1.02073e-16 2.56093e-05 0.000150283 0.000714329 0.00275013 0.00857594 0.0216623 0.0443253 0.073479 0.0986952 0.107439 0.0948629 0.0681104 0.0401625 0.0202643 0.0102459 0.00738952 0.00846154 0.0114559 0.0154249 0.019857 0.0243047 0.0282906 0.0313566 0.0331545 0.0335203 0.0325051 0.0303465 0.0273987 0.024043 0.0206115 0.0173415 0.0143679 0.0117416 0.00946156 0.00750375
 1.01755e-16 2.45148e-05 0.000143852 0.000683745 0.00263235 0.00820864 0.0207346 0.0424276 0.0703351 0.0944785 0.102865 0.0908616 0.0653195 0.0386814 0.0198202 0.0105151 0.00819003 0.00976401 0.0133091 0.0178791 0.0229108 0.0278735 0.0321964 0.0353404 0.0369105 0.0367467 0.0349566 0.0318774 0.0279834 0.0237711 0.0196603 0.0159359 0.0127381 0.0100888 0.00793654 0.00619971
 1.01979e-16 1.80471e-05 0.000105869 0.000503141 0.00193693 0.00603998 0.0152569 0.0312208 0.0517637 0.0695527 0.0757805 0.0670661 0.0484929 0.0292791 0.0160379 0.0101792 0.00990718 0.013025 0.0181199 0.0244053 0.0312641 0.038003 0.043844 0.0480479 0.050075 0.0497094 0.0471057 0.0427351 0.0372588 0.031369 0.0256513 0.0205039 0.0161227 0.0125375 0.00967283 0.00740864
 1.03104e-16 2.11793e-05 0.00012427 0.000590653 0.00227392 0.00709091 0.0179113 0.0366509 0.06076 0.0816207 0.0888768 0.0785318 0.0565129 0.0335821 0.0174233 0.00959853 0.00791117 0.0097282 0.0134063 0.0181373 0.0234255 0.0287816 0.0336619 0.0375348 0.0399872 0.0408097 0.0400332 0.0378994 0.0347841 0.0310992 0.027209 0.0233813 0.0197788 0.0164795 0.0135097 0.0108729
 1.03307e-16 2.24819e-05 0.000131919 0.00062702 0.00241395 0.00752759 0.0190143 0.0389075 0.0645 0.0866414 0.0943349 0.0833335 0.059922 0.0355147 0.0182541 0.00978023 0.00774202 0.0093283 0.0127871 0.0172674 0.0222673 0.0273097 0.0318727 0.0354516 0.0376605 0.0383145 0.0374618 0.0353532 0.032364 0.0288968 0.0252987 0.0218142 0.018579 0.0156431 0.0130074 0.010655
 1.03201e-16 1.75843e-05 0.000103155 0.000490247 0.0018873 0.00588521 0.014866 0.0304206 0.0504364 0.0677675 0.0738311 0.0653301 0.0472146 0.0284616 0.0155087 0.00972361 0.00935194 0.0122541 0.0170633 0.023034 0.0295984 0.0361226 0.0418923 0.0462219 0.0486011 0.0488087 0.0469563 0.0434407 0.0388312 0.0337285 0.0286427 0.0239239 0.0197509 0.0161643 0.0131217 0.0105477
 1.01933e-16 3.07492e-05 0.000180468 0.000857853 0.00330276 0.0102993 0.0260153 0.0532311 0.0882376 0.118504 0.128964 0.113776 0.0814894 0.047648 0.0232941 0.0105525 0.00608668 0.00596057 0.00775728 0.0103989 0.0134114 0.0164694 0.0192531 0.0214578 0.0228486 0.0233086 0.0228588 0.0216411 0.0198731 0.0177914 0.0156031 0.0134582 0.0114446 0.00960142 0.00793843 0.00645382
 1.01013e-16 2.61011e-05 0.000153165 0.000728016 0.0028028 0.0087402 0.0220773 0.0451748 0.0748888 0.100593 0.109517 0.0967248 0.0695067 0.0411048 0.0209571 0.0109463 0.00831571 0.0097718 0.0132518 0.0177449 0.022657 0.0274387 0.0315072 0.0343192 0.0354875 0.0348723 0.0326144 0.0290923 0.0248243 0.0203455 0.0161027 0.0123918 0.00934645 0.00696725 0.00517057 0.00383778
 1.00782e-16 3.18437e-05 0.000186891 0.000888381 0.00342029 0.0106659 0.0269412 0.0551256 0.0913785 0.122724 0.133561 0.117842 0.0844235 0.0494078 0.0242352 0.0111114 0.00658366 0.00657271 0.00856282 0.0114129 0.014595 0.0177275 0.020435 0.0223697 0.0232789 0.0230627 0.0217957 0.0197013 0.0170926 0.0142971 0.0115924 0.0091674 0.0071152 0.00544968 0.00413424 0.00311017
 1.00847e-16 2.65952e-05 0.000156066 0.000741814 0.00285593 0.00890588 0.0224958 0.046031 0.0763076 0.102497 0.111586 0.0985425 0.0707919 0.0418225 0.0212452 0.0109708 0.00818344 0.00952232 0.012886 0.0172524 0.0220324 0.0266897 0.0306574 0.0334063 0.0345582 0.0339742 0.0317876 0.0283628 0.0242007 0.019821 0.0156592 0.0120063 0.00899748 0.00663878 0.0048542 0.00353232
 1.01613e-16 2.00445e-05 0.000117598 0.00055891 0.00215167 0.00670964 0.0169484 0.0346814 0.0574987 0.0772505 0.0841466 0.07442 0.0537013 0.0322061 0.0172478 0.010353 0.00948739 0.0121824 0.0168652 0.0226955 0.0290649 0.035319 0.0407309 0.0446114 0.0464574 0.0460683 0.0435891 0.0394609 0.0343024 0.0287622 0.02339 0.0185609 0.014461 0.0111198 0.00846783 0.00639166
 1.02248e-16 2.24297e-05 0.00013161 0.000625541 0.00240825 0.00750979 0.0189694 0.0388159 0.064349 0.0864414 0.0941246 0.0831655 0.0598399 0.0355434 0.0184105 0.01009 0.00824776 0.0100847 0.0138476 0.0186659 0.0240002 0.0293211 0.0340478 0.0376233 0.0396284 0.039874 0.0384374 0.0356261 0.03189 0.0277091 0.0234978 0.019548 0.0160189 0.0129615 0.0103588 0.0081644
 1.00992e-16 3.12284e-05 0.000183278 0.000871204 0.00335415 0.0104596 0.0264202 0.0540597 0.0896121 0.120353 0.130984 0.115575 0.0828157 0.0484995 0.0238504 0.0110377 0.00668104 0.00678456 0.00888205 0.0118501 0.0151603 0.0184223 0.0212487 0.0232797 0.0242541 0.0240685 0.022799 0.0206759 0.018021 0.0151704 0.012408 0.0099258 0.00781711 0.00609435 0.00471914 0.00363175
 1.00157e-16 3.70175e-05 0.000217273 0.00103284 0.00397652 0.0124005 0.0313225 0.0640896 0.106234 0.142664 0.155233 0.136894 0.0979217 0.0570029 0.0273924 0.0115994 0.00555396 0.00447215 0.0054209 0.00711546 0.00904343 0.0109164 0.0124852 0.0135285 0.0138916 0.0135234 0.0124882 0.0109488 0.00912477 0.0072418 0.00548739 0.00398462 0.0027871 0.00189084 0.00125498 0.00082283
 1.00082e-16 3.74475e-05 0.000219798 0.00104485 0.00402275 0.0125446 0.0316867 0.0648346 0.107469 0.144321 0.157035 0.138478 0.0990451 0.0576371 0.02766 0.0116487 0.00548204 0.00431778 0.00518795 0.00679524 0.00862746 0.0104025 0.0118802 0.0128482 0.0131594 0.0127664 0.0117342 0.0102218 0.00844338 0.00661824 0.00492815 0.00349184 0.00235998 0.00152687 0.00095051 0.000573385
 1.00275e-16 2.88433e-05 0.000169267 0.000804574 0.00309758 0.00965946 0.0243992 0.0499254 0.082762 0.111162 0.121007 0.106833 0.0766828 0.0451727 0.0227062 0.0113315 0.00796897 0.00895367 0.0119992 0.0160102 0.0203855 0.0246046 0.0281283 0.0304601 0.0312521 0.0303893 0.0280195 0.0245121 0.0203657 0.0160923 0.0121174 0.00872 0.00602139 0.00401187 0.00259762 0.00164855
 1.01086e-16 2.27235e-05 0.00013333 0.000633707 0.00243967 0.00760776 0.0192169 0.0393228 0.0651907 0.087576 0.0953705 0.084291 0.0607035 0.0361637 0.0189269 0.0106796 0.00907036 0.0112668 0.0154783 0.0207853 0.0265782 0.0322388 0.037092 0.0405025 0.0420112 0.0414427 0.0389448 0.0349414 0.0300209 0.0247974 0.0197889 0.0153463 0.0116387 0.00868487 0.00640708 0.00468478
 1.01574e-16 2.60395e-05 0.000152807 0.000726324 0.0027963 0.00871994 0.0220261 0.0450697 0.0747133 0.100354 0.109248 0.0964653 0.0692735 0.0408736 0.0206687 0.0105229 0.00767453 0.00883408 0.011955 0.0160603 0.0206098 0.0251238 0.0290931 0.0320341 0.0335878 0.0335998 0.0321505 0.0295237 0.0261267 0.0223912 0.0186875 0.0152731 0.0122839 0.00975523 0.00765933 0.00594032
 1.01409e-16 2.58198e-05 0.000151515 0.000720179 0.00277263 0.00864612 0.0218396 0.0446884 0.074082 0.0995081 0.108332 0.09567 0.0687307 0.0406099 0.0206395 0.0106767 0.00799106 0.00932485 0.0126443 0.0169649 0.021723 0.0264052 0.0304656 0.0333901 0.0348039 0.0345571 0.0327572 0.0297313 0.025938 0.0218575 0.0178956 0.0143278 0.0112895 0.00880064 0.00680868 0.00523039
 1.01252e-16 2.71909e-05 0.000159567 0.000758463 0.00292005 0.00910583 0.0230008 0.047064 0.0780188 0.104792 0.114074 0.100716 0.0723015 0.0426105 0.0214546 0.0107701 0.0076623 0.00868626 0.0116989 0.0156804 0.0200764 0.0244043 0.0281579 0.0308617 0.0321685 0.0319392 0.0302722 0.0274692 0.0239539 0.0201703 0.0164943 0.013182 0.0103601 0.00804868 0.00620051 0.00473936
 1.01188e-16 2.84751e-05 0.000167109 0.000794324 0.00305813 0.00953645 0.0240885 0.0492893 0.0817064 0.109741 0.119452 0.105441 0.0756419 0.0444761 0.0222032 0.0108329 0.00731523 0.00802994 0.0107318 0.0143698 0.0184007 0.0223752 0.0258289 0.0283262 0.0295488 0.0293678 0.0278712 0.0253325 0.0221369 0.0186885 0.0153297 0.0122945 0.00969939 0.00756431 0.00584819 0.00448368
 1.01467e-16 2.44651e-05 0.000143559 0.000682351 0.00262698 0.0081919 0.0206923 0.0423411 0.0701921 0.0942873 0.102659 0.0906851 0.0652044 0.0386368 0.0198406 0.0105952 0.00833336 0.00998233 0.0136166 0.018286 0.023417 0.0284641 0.03284 0.0359903 0.0375103 0.0372384 0.0352898 0.0320172 0.0279154 0.0235026 0.0192173 0.0153581 0.012072 0.00938186 0.00723175 0.00553216
 1.01762e-16 2.61247e-05 0.000153308 0.000728708 0.00280548 0.00874857 0.0220984 0.0452176 0.0749582 0.100682 0.109603 0.0967741 0.0694847 0.0409769 0.0206819 0.0104662 0.00755567 0.00864846 0.0116924 0.0157124 0.0201764 0.0246171 0.0285389 0.0314708 0.0330617 0.0331578 0.0318331 0.029358 0.0261228 0.0225419 0.0189706 0.0156567 0.0127315 0.0102311 0.00813213 0.00638545
pSPR Fmed_Fpbrs
0.523409   0.420712 0.420712
Fs Fmed_Fpbrs
0.64   1.005 1.005
SSBpbr Bo_Bmed_Bpbrs
503881  238542  186794 186794
Ro
26970.2
SPR SPRFo_SPRFmed_SPRFpbrs
555910 290968 233878
log_Ro
10.0225
likeval ReclasPelacesDesembMPH_pf_preclas_ppelaces_ptallas_desvR_qrecl_qpela
 63.6672 0.00416393 0.0387735 43.028 303.614 165.228 44.1492 0 19.2783 2.42882e-05 0 0 0 0 0
q_reclas_q_pelaces
2.01046 1
M
0.7
N
 33862.3 10541.5 3400.05 402.361 0.177144
 39648.4 15201.2 2580.38 600.03 69.2284
 15381.8 17859.5 3811.04 471.586 119.283
 18268.5 6286.14 2263.66 256.855 37.8668
 34226.6 8590.55 2130.32 642.871 82.5331
 22159.7 16817.7 3961.27 949.234 322.35
 59298.6 9760.52 3603.44 575.37 179.042
 56143.9 26842 2532.48 692.465 141.537
 89908.3 23968.1 4619.59 266.982 84.5582
 110336 37817.7 3718.03 418.374 30.497
 62458.9 49860.6 9697.25 702.27 82.7559
 48735.6 26557.8 8344.39 981.321 76.3329
 50804 20910.6 4734.99 926.322 113.087
 29428.9 19807.6 1905.53 196.967 40.6287
 15422.2 9126.56 362.926 7.5894 0.838027
 10834.3 4856.52 186.154 1.69095 0.0349258
 7039.04 4512.86 703.49 15.2521 0.135182
 7845.65 3001.78 770.856 73.3524 1.54311
 8766.01 3410.41 586.346 97.7972 9.18345
 10227.2 3858.49 727.264 84.5755 14.9602
 19223.2 4411.88 714.482 85.3323 11.2626
 26251 8915.94 1357.68 176.216 23.4087
 45307 12184.9 2758.56 337.501 48.7692
pred_Ctot
 2351.58 4001.45 1670.04 200.683 0.088425
 2664.26 5627.03 1240.26 292.93 33.8246
 1980.43 10310.5 2631.76 328.88 83.2305
 699.239 1467.4 719.488 83.2144 12.2803
 259.019 443.124 158.336 48.9163 6.28784
 1813.57 7209.86 2157.41 524.262 178.166
 3792.64 3477.79 1675.56 271.839 84.6616
 5715.16 13382.2 1560.61 431.9 88.3348
 9985.59 12643.5 2976.72 173.982 55.136
 7179.86 13656.7 1749.12 199.957 14.5879
 6514.7 25259.4 6052.48 443.537 52.2994
 4806.1 12963.8 5055.76 601.96 46.8546
 7960.86 13451.5 3538.99 697.888 85.2353
 8163.8 16041.5 1657.51 171.938 35.4726
 4164.92 7332.57 314.137 6.59345 0.728194
 1268.81 2648.32 123.085 1.13014 0.0233557
 721.293 2259.76 435.029 9.54556 0.0846582
 708.716 1380.07 444.86 42.8914 0.902931
 721.271 1467.72 320.37 54.1853 5.09192
 973.537 1839.03 432.222 50.9053 9.01046
 915.984 1240.11 269.104 32.7202 4.3227
 1237.18 2483.31 507.145 67.0164 8.91102
 2161.49 3428.43 1039.93 129.53 18.7349
F
 0.100929 0.707385 1.03456 1.06038 1.06177
 0.0975171 0.683471 0.99959 1.02453 1.02588
 0.194836 1.36555 1.99715 2.04698 2.04967
 0.0545144 0.382076 0.558794 0.572737 0.57349
 0.0105723 0.0740983 0.10837 0.111074 0.11122
 0.119928 0.840539 1.22931 1.25998 1.26163
 0.0926196 0.649145 0.949388 0.973076 0.974355
 0.151191 1.05966 1.54977 1.58844 1.59053
 0.166012 1.16353 1.70169 1.74415 1.74644
 0.0943019 0.660936 0.966632 0.99075 0.992053
 0.155184 1.08764 1.5907 1.63039 1.63253
 0.146153 1.02434 1.49812 1.5355 1.53752
 0.241912 1.6955 2.4797 2.54157 2.54491
 0.470788 3.29962 4.82576 4.94617 4.95267
 0.455485 3.19237 4.66891 4.7854 4.79169
 0.175784 1.23202 1.80186 1.84682 1.84924
 0.152265 1.06718 1.56078 1.59972 1.60182
 0.133127 0.933051 1.36461 1.39865 1.40049
 0.120607 0.845299 1.23627 1.26711 1.26878
 0.140749 0.986472 1.44274 1.47873 1.48068
 0.0682752 0.478522 0.699849 0.71731 0.718253
 0.0675061 0.473132 0.691964 0.709229 0.710162
 0.0683603 0.479119 0.700721 0.718204 0.719149
Np
 20076.3 9061.32 5341.94 699.004 146.227
YTP_r0W_actual
 19700.4 107506 43705.5 7090.81 1288.91
YTP_p0W_proyectada
 10845.9 165471 55817.9 13135.2 2178.24
 10845.9 71358 79567.5 13507 3138.23
CTP_r0_actual
 2984.91 4442.41 1308.55 162.633 23.5202
CTP_p0_proyectada
 1322.67 7660.69 1777.64 327.56 48.9493
 1322.67 3303.61 2534 336.832 70.522
Wmedp
 8.2 21.6 31.4 40.1 44.5
nmprior
 10.8 10.6 4.6 0
nm_flota  nm_reclas  nm_pelaces    nm_pelaL
inf 20.6382 8.99767 11.2084
cv_recla  cv_pelaces  cv_mph
0.756971 2.63437 0.568076
 ------------------------------------------------
Talla a la edad & desviaci?n 
 7.2 14.2025 17.0495 18.207 18.6776
 1.08 2.13037 2.55742 2.73105 2.80164
