years
 1997 1998 1999 2000 2001 2002 2003 2004 2005 2006 2007 2008 2009 2010 2011 2012 2013 2014 2015 2016 2017 2018 2019 2020 2021
reclasobs
 0 0 0 370054 412103 1.49427e+06 250295 1.28982e+06 931140 785840 897777 1.04006e+06 184774 17550 25797 100020 73551 82996 120727 218422 84188 347160 605670 569463 516374
reclaspred
 2.80981e+06 689662 1.48393e+06 606203 302807 1.07555e+06 4.22972e+06 3.1336e+06 3.62847e+06 3.25094e+06 4.49636e+06 4.55088e+06 3.30799e+06 2.07928e+06 1.32145e+06 750514 533282 507907 512136 601632 491531 553769 1.27998e+06 1.37584e+06 1.87246e+06
pelacesobs
 0 0 0 0 0 0 0 0 0 2.06254e+06 1.5e+06 0 1.87456e+06 323000 250000 174000 83755 137374 0 501740 490994 745055 786931 1.00524e+06 1.33801e+06
pelacespred
 2.38194e+06 872368 517159 481310 215706 430945 1.50671e+06 2.22092e+06 2.19991e+06 2.07532e+06 2.69121e+06 2.73607e+06 2.0968e+06 1.38728e+06 840171 482321 325113 281114 297813 322209 311156 309064 552117 771588 984442
mphobs
 0 0 0 0 0 0 112323 0 153150 637223 0 255016 313432 73983 77613 109348 50772 17779 17303 59886 28197 0 207744 136588 643089
mphpred
 1.82346e+06 1.49916e+06 886994 827676 369057 316307 2.61381e+06 2.71794e+06 3.61438e+06 2.90667e+06 3.49275e+06 4.55633e+06 3.31857e+06 2.33627e+06 1.39311e+06 774948 446932 406400 417771 504106 448848 416040 818352 1.13729e+06 1.41314e+06
desembarqueobs
 350755 77701 442110 56441 14545 235359 269955 359681 431902 328805 639364 411747 362871 311530 167758 66681 60226 58785 57116 73181 50977 67692 138656 160484 209506
desembarquepred
 319350 78524.6 168964 69023.8 34477.2 122093 481591 356196 413036 369769 511362 518101 376538 236746 150461 85449.5 60678 57801.8 58256 68493.2 55928.1 62960.1 145666 156516 213089
Reclutas
 210436 4329.64 653.657 459.099 1257.91 411642 9151.8 414044 77930.8 328227 479557 63841.8 107477 8191.34 3105.03 6409.66 28704.8 18511 46369.9 7636.33 26829.2 112232 83381.8 126508 73413.5
log_desv_Rt
 1.98657 -1.89713 -3.78779 -4.14111 -3.13317 2.65754 -1.14867 2.66336 0.993205 2.43109 2.81025 0.793792 1.31466 -1.25954 -2.22959 -1.50481 -0.00555048 -0.444252 0.474034 -1.3297 -0.0731257 1.35795 1.06081 1.47769 0.933491
SSB
 1.82346e+06 1.49916e+06 886994 827676 369057 316307 2.55102e+06 2.6962e+06 3.55633e+06 2.86018e+06 3.49275e+06 4.55633e+06 3.37273e+06 2.37446e+06 1.43903e+06 820190 488479 433560 428010 537863 459858 416040 838439 1.11907e+06 1.50756e+06
BT
 7.81709e+06 1.71359e+06 1.01826e+06 944678 425971 1.43308e+06 3.01252e+06 5.91162e+06 4.63125e+06 5.05298e+06 6.85151e+06 5.57575e+06 4.43755e+06 2.73825e+06 1.65698e+06 959420 735711 620673 700825 654830 714702 766205 1.23712e+06 1.80168e+06 2.1884e+06
Ftot
 0.110803 0.110803 0.110803 0.110803 0.110803 0.110803 0.110803 0.110803 0.110803 0.110803 0.110803 0.110803 0.110803 0.110803 0.110803 0.110803 0.110803 0.110803 0.110803 0.110803 0.110803 0.110803 0.110803 0.110803 0.110803
BD_Bspro_t
 0.98606 0.915457 0.824992 0.740885 0.666301 0.734076 0.903365 0.843341 0.862275 0.813989 0.83609 0.838642 0.78106 0.743953 0.685441 0.635158 0.606575 0.685714 0.730117 0.791367 0.767419 0.79315 0.856994 0.844684 0.844971
BD_Bspro
 3.07247 2.52604 1.49456 1.39461 0.621849 0.532967 4.29838 4.54302 5.9923 4.8193 5.88516 7.67727 5.68294 4.00089 2.42472 1.38199 0.823071 0.730534 0.721184 0.906282 0.774846 0.701014 1.41274 1.8856 2.5402
BD_Bo
 0.368102 0.302635 0.179057 0.167083 0.0745014 0.0638529 0.514974 0.544282 0.717916 0.577383 0.70508 0.919786 0.680853 0.479333 0.290497 0.165572 0.0986092 0.0875226 0.0864024 0.108578 0.0928314 0.083986 0.169256 0.225907 0.304332
BD_Brms
 1.79112 1.47257 0.871263 0.812997 0.362512 0.310698 2.50578 2.64839 3.49326 2.80945 3.4308 4.47553 3.31292 2.33235 1.41351 0.805645 0.479816 0.425871 0.42042 0.528325 0.451703 0.408662 0.82357 1.09922 1.48083
S_f
 0.5 1 1 1 1
 0.5 1 1 1 1
 0.5 1 1 1 1
 0.5 1 1 1 1
 0.5 1 1 1 1
 0.5 1 1 1 1
 0.5 1 1 1 1
 0.5 1 1 1 1
 0.5 1 1 1 1
 0.5 1 1 1 1
 0.5 1 1 1 1
 0.5 1 1 1 1
 0.5 1 1 1 1
 0.5 1 1 1 1
 0.5 1 1 1 1
 0.5 1 1 1 1
 0.5 1 1 1 1
 0.5 1 1 1 1
 0.5 1 1 1 1
 0.5 1 1 1 1
 0.5 1 1 1 1
 0.5 1 1 1 1
 0.5 1 1 1 1
 0.5 1 1 1 1
 0.5 1 1 1 1
Scru_reclas
 0.5 1 1 1 1
 0.5 1 1 1 1
 0.5 1 1 1 1
 0.5 1 1 1 1
 0.5 1 1 1 1
 0.5 1 1 1 1
 0.5 1 1 1 1
 0.5 1 1 1 1
 0.5 1 1 1 1
 0.5 1 1 1 1
 0.5 1 1 1 1
 0.5 1 1 1 1
 0.5 1 1 1 1
 0.5 1 1 1 1
 0.5 1 1 1 1
 0.5 1 1 1 1
 0.5 1 1 1 1
 0.5 1 1 1 1
 0.5 1 1 1 1
 0.5 1 1 1 1
 0.5 1 1 1 1
 0.5 1 1 1 1
 0.5 1 1 1 1
 0.5 1 1 1 1
 0.5 1 1 1 1
Scru_pelaces
 0.5 1 1 1 1
 0.5 1 1 1 1
 0.5 1 1 1 1
 0.5 1 1 1 1
 0.5 1 1 1 1
 0.5 1 1 1 1
 0.5 1 1 1 1
 0.5 1 1 1 1
 0.5 1 1 1 1
 0.5 1 1 1 1
 0.5 1 1 1 1
 0.5 1 1 1 1
 0.5 1 1 1 1
 0.5 1 1 1 1
 0.5 1 1 1 1
 0.5 1 1 1 1
 0.5 1 1 1 1
 0.5 1 1 1 1
 0.5 1 1 1 1
 0.5 1 1 1 1
 0.5 1 1 1 1
 0.5 1 1 1 1
 0.5 1 1 1 1
 0.5 1 1 1 1
 0.5 1 1 1 1
pf_obs 
 0.256992 0.487395 0.22802 0.0275931 0
 0.321318 0.546541 0.124235 0.00734118 0.000564706
 0.182869 0.594174 0.210203 0.0122559 0.00049798
 0.330522 0.361315 0.267642 0.0388342 0.00168674
 0.649043 0.306663 0.0425973 0.00169635 0
 0.582887 0.30429 0.105238 0.00758474 0
 0.465427 0.430635 0.0974691 0.00646863 0
 0.296916 0.608066 0.0921331 0.00288517 0
 0.311714 0.524322 0.152257 0.0117073 0
 0.15457 0.633149 0.183074 0.0267441 0.00246327
 0.131901 0.49318 0.331252 0.0422183 0.00144891
 0.196976 0.569456 0.194076 0.0375587 0.00193317
 0.518974 0.381816 0.0799577 0.0180837 0.00116848
 0.0928022 0.601141 0.25162 0.0475244 0.00691264
 0.122501 0.610282 0.24278 0.0234846 0.000952079
 0.383417 0.481906 0.127806 0.00687128 0
 0.0376549 0.599619 0.316969 0.0457579 0
 0.0361596 0.667082 0.258105 0.0386534 0
 0.158088 0.579412 0.248529 0.0139706 0
 0.0477256 0.309471 0.559284 0.082774 0.000745712
 0.0406174 0.521527 0.379366 0.0568643 0.0016247
 0.151134 0.462217 0.34131 0.0453401 0
 0.294876 0.26143 0.354403 0.0886775 0.000613685
 0.281977 0.475581 0.204845 0.0348837 0.00271318
 0.0841818 0.532909 0.334909 0.0458182 0.00218182
pf_pred 
 0.75973 0.120956 0.0600647 0.0298273 0.0294226
 0.0190788 0.850565 0.0656235 0.0325876 0.0321456
 0.00631108 0.0383435 0.828388 0.0639124 0.0630454
 0.00980847 0.0128095 0.0377143 0.814793 0.124874
 0.056458 0.0189004 0.0119615 0.0352176 0.877462
 0.975131 0.00273325 0.000443414 0.000280625 0.021412
 0.0233824 0.964695 0.00131036 0.00021258 0.0103998
 0.698989 0.0141716 0.283337 0.000384863 0.00311693
 0.145131 0.70727 0.00694893 0.138933 0.00171708
 0.543646 0.118396 0.279607 0.00274714 0.0556034
 0.531016 0.333372 0.0351833 0.0830895 0.0173398
 0.09226 0.635676 0.193394 0.0204103 0.0582605
 0.241389 0.131521 0.439141 0.133601 0.0543477
 0.0318839 0.383723 0.101317 0.33829 0.144786
 0.0256244 0.0620054 0.361628 0.0954828 0.455259
 0.103817 0.0461304 0.054094 0.315487 0.480472
 0.485056 0.0993479 0.0213925 0.0250856 0.369118
 0.317045 0.450955 0.0447596 0.00963806 0.177602
 0.571948 0.209429 0.144356 0.0143281 0.0599378
 0.116417 0.648416 0.115059 0.0793081 0.0408011
 0.450183 0.117531 0.317232 0.0562916 0.0587625
 0.741264 0.162537 0.0205638 0.0555043 0.0201303
 0.409258 0.505276 0.05369 0.00679271 0.024984
 0.49323 0.298188 0.178405 0.0189571 0.0112199
 0.296945 0.469359 0.137509 0.0822712 0.0139161
pobs_RECLAS
 0 0 0 0 0
 0 0 0 0 0
 0 0 0 0 0
 0 0 0 0 0
 0.835266 0.146461 0.0176864 0.000547809 3.91292e-05
 0.385257 0.428462 0.181853 0.0044286 0
 0.867414 0.0963971 0.0333333 0.00285562 0
 0.441836 0.489002 0.0689373 0.000224442 0
 0.779404 0.147425 0.0564933 0.0165055 0.000172143
 0.814271 0.122319 0.05973 0.00367925 0
 0.40263 0.566651 0.0304383 0.000280538 0
 0.475488 0.404961 0.113038 0.00651328 0
 0.955842 0.0263864 0.0167828 0.000988607 0
 0.975058 0.0227948 0.00214734 0 0
 0.738997 0.206755 0.0527124 0.00153531 0
 0.850938 0.134255 0.0134407 0.00136685 0
 0.542534 0.407297 0.0501686 0 0
 0.764087 0.199537 0.0359546 0.000420521 0
 0.470689 0.182191 0.310203 0.0369168 0
 0.84361 0.089868 0.0606195 0.00523954 0.000663233
 0.607945 0.314616 0.071237 0.00620181 0
 0.523733 0.453247 0.0230204 0 0
 0.530135 0.295979 0.169645 0.0042399 0
 0.562478 0.366248 0.0663022 0.0049721 0
 0.250443 0.683176 0.0655157 0.000865301 0
ppred_RECLAS
 0.760383 0.120627 0.0599016 0.0297462 0.0293427
 0.0191459 0.850506 0.065619 0.0325854 0.0321434
 0.00633356 0.0383427 0.828369 0.063911 0.063044
 0.00984329 0.012809 0.037713 0.814765 0.12487
 0.0566489 0.0188965 0.0119591 0.0352105 0.877285
 0.975217 0.00272373 0.000441869 0.000279647 0.0213374
 0.0234643 0.964614 0.00131025 0.000212562 0.0103989
 0.699742 0.0141361 0.282629 0.0003839 0.00310914
 0.145576 0.706902 0.00694531 0.13886 0.00171619
 0.544534 0.118166 0.279063 0.0027418 0.0554953
 0.531907 0.332738 0.0351164 0.0829316 0.0173068
 0.0925601 0.635465 0.19333 0.0204036 0.0582412
 0.242045 0.131408 0.438761 0.133486 0.0543007
 0.0319946 0.38368 0.101305 0.338252 0.144769
 0.0257139 0.0619997 0.361595 0.0954741 0.455218
 0.104151 0.0461132 0.0540739 0.315369 0.480293
 0.48595 0.0991755 0.0213554 0.025042 0.368477
 0.31782 0.450443 0.0447088 0.00962712 0.1774
 0.572824 0.209001 0.144061 0.0142988 0.0598152
 0.116785 0.648145 0.115011 0.079275 0.0407841
 0.451069 0.117342 0.316721 0.0562008 0.0586678
 0.74195 0.162106 0.0205093 0.0553572 0.020077
 0.410123 0.504535 0.0536113 0.00678276 0.0249474
 0.494124 0.297662 0.17809 0.0189236 0.0112
 0.297693 0.46886 0.137363 0.0821837 0.0139013
pobs_PELACES
 0 0 0 0 0
 0 0 0 0 0
 0 0 0 0 0
 0 0 0 0 0
 0 0 0 0 0
 0 0 0 0 0
 0 0 0 0 0
 0 0 0 0 0
 0 0 0 0 0
 0 0 0 0 0
 0.450072 0.473896 0.0757376 0.000293798 0
 0 0 0 0 0
 0.463077 0.371075 0.160297 0.00555027 0
 0.529543 0.364841 0.0842815 0.0213345 0
 0.631943 0.363953 0.00410389 0 0
 0.735681 0.248677 0.0153453 0.000297389 0
 0.695825 0.281241 0.0229344 0 0
 0.275771 0.60734 0.115278 0.00161068 0
 0 0 0 0 0
 0.896147 0.0623911 0.0374545 0.00400742 0
 0.803859 0.145111 0.0509908 3.86294e-05 0
 0.739449 0.233085 0.0266225 0.000797448 4.60066e-05
 0.878498 0.100942 0.0204185 0.000141795 0
 0.694673 0.275183 0.0284847 0.00165964 0
 0.469039 0.446079 0.0841089 0.000773354 0
ppred_PELACES
 0.763698 0.118958 0.0590728 0.0293347 0.0289367
 0.0194923 0.850206 0.0655958 0.0325739 0.032132
 0.00644967 0.0383382 0.828272 0.0639035 0.0630366
 0.0100231 0.0128067 0.0377061 0.814617 0.124847
 0.0576339 0.0188768 0.0119466 0.0351738 0.876369
 0.975655 0.00267558 0.000434059 0.000274704 0.0209603
 0.0238869 0.964197 0.00130969 0.00021247 0.0103944
 0.703569 0.0139559 0.279027 0.000379007 0.00306951
 0.147865 0.705009 0.00692671 0.138488 0.00171159
 0.549064 0.116991 0.276287 0.00271452 0.0549433
 0.536456 0.329504 0.0347752 0.0821257 0.0171386
 0.0941072 0.634382 0.193 0.0203688 0.0581419
 0.245415 0.130823 0.43681 0.132892 0.0540593
 0.0325657 0.383453 0.101246 0.338052 0.144684
 0.0261759 0.0619703 0.361423 0.0954288 0.455002
 0.105869 0.0460248 0.0539702 0.314765 0.479372
 0.490518 0.0982941 0.0211656 0.0248195 0.365203
 0.321797 0.447817 0.0444481 0.00957099 0.176366
 0.577292 0.206815 0.142554 0.0141492 0.0591896
 0.118684 0.646751 0.114763 0.0791046 0.0406964
 0.455599 0.116373 0.314107 0.055737 0.0581835
 0.745435 0.159917 0.0202323 0.0546096 0.0198059
 0.414553 0.500746 0.0532087 0.00673182 0.02476
 0.498695 0.294972 0.176481 0.0187527 0.0110989
 0.301529 0.466298 0.136612 0.0817348 0.0138253
pobs_pel_tallas
 0 0 0 0 0 0 0 0 0 0 0 0 0 0 0 0 0 0 0 0 0 0 0 0 0 0 0 0 0 0 0 0 0 0 0 0
 0 0 0 0 0 0 0 0 0 0 0 0 0 0 0 0 0 0 0 0 0 0 0 0 0 0 0 0 0 0 0 0 0 0 0 0
 0 0 0 0 0 0 0 0 0 0 0 0 0 0 0 0 0 0 0 0 0 0 0 0 0 0 0 0 0 0 0 0 0 0 0 0
 0 0 0 0 0 0 0 0 0 0 0 0 0 0 0 0 0 0 0 0 0 0 0 0 0 0 0 0 0 0 0 0 0 0 0 0
 0 0 0 0 0 0 0 0 0 0 0 0 0 0 0 0 0 0 0 0 0 0 0 0 0 0 0 0 0 0 0 0 0 0 0 0
 0 0 0 0 0 0 0 0 0 0 0 0 0 0 0 0 0 0 0 0 0 0 0 0 0 0 0 0 0 0 0 0 0 0 0 0
 0 0 0 0 0 0 0 0 0 0 0 0 0 0 0 0 0 0 0 0 0 0 0 0 0 0 0 0 0 0 0 0 0 0 0 0
 0 0 0 0 0 0 0 0 0 0 0 0 0 0 0 0 0 0 0 0 0 0 0 0 0 0 0 0 0 0 0 0 0 0 0 0
 0 0 0 0 0 0 0 0 0 0 0 0 0 0 0 0 0 0 0 0 0 0 0 0 0 0 0 0 0 0 0 0 0 0 0 0
 0 0 0 0 0 0 0 0 0 0 0 0 0 0 0 0 0 0 0 0 0 0 0 0 0 0 0 0 0 0 0 0 0 0 0 0
 0 0 0 0 0 0 0 0 1.78061e-05 0.00172719 0.00360574 0.0105946 0.0120993 0.0124554 0.0147524 0.0171206 0.0266825 0.0428682 0.0675386 0.121331 0.153587 0.119568 0.100827 0.0573624 0.0630603 0.0341343 0.0324427 0.0444173 0.0211091 0.0280891 0.0125444 0.00206551 0 0 0 0
 0 0 0 0 0 0 0 0 0 0 0 0 0 0 0 0 0 0 0 0 0 0 0 0 0 0 0 0 0 0 0 0 0 0 0 0
 0 0 0 0 0 0 0.0133647 0.0140871 0.0187388 0.0205184 0.03894 0.0496705 0.03968 0.0493445 0.0407372 0.0367815 0.0215668 0.0243155 0.0234873 0.0199281 0.019796 0.0243948 0.0301388 0.0376714 0.0412746 0.0863199 0.0771752 0.113111 0.0741005 0.0525337 0.0229764 0.00759418 0.00175318 0 0 0
 0 0 0 0 0 0 0 0 0 0 0.00219441 0.00772107 0.0458388 0.0604681 0.0671733 0.0775358 0.0609151 0.0617685 0.073594 0.0568108 0.0755445 0.0548602 0.0670107 0.0636378 0.0643287 0.046367 0.0373049 0.0286899 0.0247887 0.0153202 0.00654259 0.00121912 0.000365735 0 0 0
 0 0 0 0 0 0 0 0 0 0 0 0 0.000112435 0.00938835 0.0111873 0.0202946 0.0414886 0.0713402 0.111592 0.104902 0.108894 0.110636 0.117776 0.105296 0.107544 0.0401394 0.0192827 0.0124803 0.00416011 0.0028671 0.000618394 0 0 0 0 0
 0 0 0 0 0 0 0 0 0 0 0.00291406 0.0102884 0.027416 0.0768956 0.0749926 0.110853 0.0956884 0.0897413 0.0766577 0.0534642 0.0500743 0.0551293 0.0594112 0.0620874 0.0668451 0.0424026 0.0208742 0.0120726 0.0048766 0.00582813 0.00118941 0.000297354 0 0 0 0
 0 0.00264628 0.0354308 0.0461629 0.0458689 0.0383711 0.0214643 0.0164657 0.0346957 0.0420465 0.0363128 0.0245516 0.0311673 0.0291091 0.0169068 0.0133784 0.00837989 0.0085269 0.0148486 0.0160247 0.0276389 0.0546898 0.0760071 0.122758 0.109233 0.0665981 0.0333725 0.0166128 0.00676272 0.00308733 0.000882094 0 0 0 0 0
 0 0 0 0 0 0 0 0.000805153 0.000690131 0.00759144 0.0133425 0.0154129 0.00931677 0.000345066 0.00356568 0.00563607 0.00851162 0.0253048 0.0502646 0.0516448 0.0657925 0.0565908 0.0611916 0.0827007 0.0866115 0.110766 0.145733 0.0935128 0.0569358 0.0249597 0.0138026 0.00621118 0.00161031 0.00115022 0 0
 0 0 0 0 0 0 0 0 0 0 0 0 0 0 0 0 0 0 0 0 0 0 0 0 0 0 0 0 0 0 0 0 0 0 0 0
 0.00147267 0.00158595 0.00478618 0.00569244 0.00954404 0.0108468 0.00647125 0.017049 0.0510054 0.094081 0.124002 0.0959785 0.0687766 0.0820023 0.061753 0.0591476 0.0492212 0.0479892 0.0443925 0.0268479 0.0217502 0.0140895 0.0121071 0.0120363 0.00920419 0.00665534 0.0049561 0.00860946 0.00930331 0.0156896 0.0114698 0.00855282 0.00243557 0.00046729 0 2.83206e-05
 0 0 0 0 0.000772559 0.00158375 0.000888443 0.00281984 0.00712685 0.0440552 0.0773331 0.111326 0.0921469 0.0852325 0.0710754 0.0886704 0.0786465 0.0553345 0.0373146 0.0185414 0.00753245 0.00457741 0.012979 0.0271748 0.0457355 0.0583668 0.034881 0.0177882 0.00938659 0.00492506 0.0015258 0.00185414 0.000309023 5.79419e-05 3.86279e-05 0
 0 0.00173294 0.00326652 0 0.00397197 0.00683976 0.00946217 0.0152591 0.00757587 0.0136028 0.0228656 0.0392903 0.0559909 0.0764795 0.0681675 0.0726916 0.0566044 0.0477403 0.0527397 0.0444891 0.0609904 0.0582453 0.0661739 0.0445044 0.0529084 0.0360697 0.0280645 0.0235558 0.0158879 0.00826598 0.00280645 0.00217768 0.000904811 0.00058276 9.20147e-05 0
 0 0 0 0 0 0 0 0 0 0 0 0 0 0 0 0 0 0 0 0 0 0 0 0 0 0 0 0 0 0 0 0 0 0 0 0
 0 0 0 0 0 0 0 0 0 0 0 0 0 0 0 0 0 0 0 0 0 0 0 0 0 0 0 0 0 0 0 0 0 0 0 0
 0 0 0 0 0 0 0 0 0 0 0 0 0 0 0 0 0 0 0 0 0 0 0 0 0 0 0 0 0 0 0 0 0 0 0 0
ppred_pel_tallas
 1.03238e-16 3.33183e-05 0.000195558 0.000929609 0.00357907 0.011161 0.0281918 0.0576837 0.0956155 0.128404 0.139717 0.12321 0.0881318 0.0513019 0.0246514 0.0104425 0.00501941 0.00408977 0.00503439 0.00672566 0.00873752 0.0108474 0.0128625 0.0146004 0.0159155 0.0167255 0.017023 0.0168643 0.0163449 0.015568 0.0146198 0.0135581 0.0124145 0.0112051 0.00994402 0.0086529
 1.03829e-16 8.97106e-07 5.14989e-06 2.42372e-05 9.29071e-05 0.000289367 0.000731869 0.00150423 0.00251887 0.00345969 0.00396764 0.00398212 0.00390278 0.0044005 0.00610151 0.00944043 0.0146922 0.0220019 0.0313131 0.0422434 0.0540062 0.0654469 0.0752123 0.0820214 0.0849594 0.0836989 0.0785753 0.0704846 0.0606477 0.0503197 0.0405398 0.0319852 0.0249486 0.0194104 0.0151594 0.0119114
 1.16912e-16 2.97355e-07 1.69887e-06 7.98597e-06 3.0598e-05 9.52419e-05 0.000240592 0.000493278 0.000821874 0.00111679 0.00124992 0.00118556 0.00103249 0.000982462 0.00121209 0.00184903 0.00300757 0.00483145 0.00750295 0.0112201 0.016157 0.0224184 0.0299923 0.0387096 0.0482195 0.0579903 0.0673437 0.0755238 0.0817939 0.0855455 0.0863968 0.0842586 0.0793531 0.0721752 0.0634112 0.0538292
 1.34365e-16 4.49003e-07 2.59937e-06 1.22894e-05 4.72059e-05 0.000147072 0.000371447 0.00076049 0.00126273 0.00170251 0.00187047 0.0016925 0.0013059 0.000957845 0.000846689 0.00106481 0.00165355 0.00267697 0.0042536 0.00655016 0.00975976 0.0140745 0.0196524 0.0265784 0.0348222 0.0442008 0.054355 0.0647501 0.0747086 0.0834756 0.0903102 0.0945886 0.0958996 0.0941079 0.0893802 0.0821566
 1.42334e-16 2.52459e-06 1.47861e-05 7.02291e-05 0.000270294 0.000842769 0.00212871 0.00435595 0.00722202 0.0097039 0.0105728 0.00935726 0.00676736 0.00409293 0.00226682 0.00150876 0.00161334 0.00235303 0.00365524 0.00558805 0.00829472 0.0119432 0.0166914 0.0226562 0.0298781 0.0382857 0.0476641 0.0576372 0.0676733 0.0771195 0.0852662 0.0914334 0.0950654 0.0958143 0.0935937 0.088597
 1.00997e-16 4.25558e-05 0.000249801 0.00118751 0.0045721 0.0142578 0.0360138 0.0736872 0.122138 0.164007 0.178418 0.157248 0.11228 0.0649559 0.0304554 0.0115933 0.00362168 0.000994931 0.000344457 0.000268644 0.00033656 0.000447094 0.000581605 0.000736734 0.000910763 0.00110123 0.00130417 0.00151334 0.00171976 0.00191171 0.00207553 0.00219722 0.00226458 0.00226933 0.00220874 0.00208634
 1.00826e-16 1.09327e-06 6.29126e-06 2.96406e-05 0.000113673 0.000354097 0.000895504 0.00183986 0.00307826 0.00422008 0.00481915 0.00479037 0.00460574 0.00506062 0.00688563 0.0105678 0.0163947 0.0245 0.0347876 0.0467922 0.0595912 0.0718496 0.0820187 0.0886484 0.0907279 0.0879383 0.0807381 0.07024 0.0579339 0.0453426 0.0337232 0.0238911 0.0161858 0.0105538 0.0066902 0.00418484
 1.04122e-16 3.06928e-05 0.000180152 0.000856385 0.00329717 0.0102819 0.0259712 0.0531395 0.088081 0.11828 0.128683 0.11344 0.0810576 0.0470123 0.0222747 0.00890797 0.00353265 0.00220433 0.00255479 0.00363365 0.00517928 0.00714351 0.00949943 0.0121813 0.0150685 0.0179865 0.0207194 0.0230335 0.0247084 0.0255712 0.0255259 0.0245712 0.0228028 0.0203976 0.0175845 0.0146079
 1.05167e-16 6.48864e-06 3.7991e-05 0.000180398 0.000694219 0.00216458 0.0054683 0.0111942 0.0185758 0.0250077 0.0273741 0.0245282 0.0183919 0.0124159 0.00916827 0.00938971 0.0126679 0.0183761 0.0260159 0.0350861 0.0448845 0.0544513 0.0626761 0.0685116 0.071214 0.0705216 0.0667142 0.0605239 0.0529381 0.0449589 0.0373989 0.030767 0.025258 0.0208203 0.0172627 0.0143551
 1.06621e-16 2.39597e-05 0.000140614 0.000668395 0.00257333 0.00802463 0.0202696 0.0414744 0.068749 0.09233 0.100479 0.0886421 0.0634814 0.0371084 0.0181293 0.00820893 0.00476683 0.00477084 0.00639182 0.00886411 0.0119072 0.0153579 0.0190376 0.0227351 0.0262267 0.029302 0.0317841 0.033538 0.0344729 0.0345413 0.0337403 0.0321153 0.0297645 0.0268365 0.02352 0.0200244
 1.04224e-16 2.34179e-05 0.000137415 0.000653148 0.00251455 0.00784131 0.0198068 0.0405289 0.0671874 0.0902498 0.0982597 0.086791 0.0623871 0.0369329 0.0189026 0.00999457 0.00774782 0.00922129 0.012579 0.0169281 0.0217471 0.0265509 0.030819 0.0340605 0.0359165 0.0362413 0.0351304 0.0328811 0.0299055 0.0266239 0.0233768 0.0203768 0.0177076 0.0153566 0.0132623 0.0113567
 1.06363e-16 4.14221e-06 2.42206e-05 0.000114944 0.000442223 0.00137875 0.00348329 0.00713227 0.0118415 0.0159602 0.0175192 0.0158134 0.0121058 0.00865244 0.0071692 0.00822606 0.0116637 0.0171679 0.024458 0.0331745 0.0427336 0.0522947 0.0608575 0.0674485 0.0713332 0.0721782 0.0701131 0.065666 0.0596065 0.0527497 0.0457889 0.0392006 0.0332311 0.0279451 0.023301 0.0192207
 1.13336e-16 1.072e-05 6.28833e-05 0.000298851 0.00115048 0.00358754 0.0090619 0.0185428 0.0307408 0.0412964 0.0449711 0.0397454 0.0286219 0.0170537 0.00894455 0.00511419 0.00450077 0.00584853 0.00843395 0.011986 0.01641 0.0216089 0.0274165 0.0335909 0.0398312 0.0458011 0.0511538 0.0555538 0.0587001 0.0603519 0.0603583 0.0586854 0.0554342 0.0508384 0.0452413 0.0390518
 1.19939e-16 1.44771e-06 8.42673e-06 3.99138e-05 0.000153432 0.000478234 0.00120838 0.00247571 0.00411611 0.00556529 0.00615501 0.00566449 0.00456898 0.0037068 0.00375161 0.00500071 0.00750994 0.011275 0.0162728 0.0223985 0.0293989 0.0368611 0.0442639 0.051075 0.0568598 0.0613603 0.0645193 0.0664385 0.0672945 0.0672473 0.0663772 0.0646741 0.0620727 0.058515 0.0540121 0.0486795
 1.2969e-16 1.15637e-06 6.74509e-06 3.1983e-05 0.000123005 0.000383424 0.000968521 0.00198262 0.00329018 0.00443028 0.00485192 0.0043536 0.00327925 0.0022483 0.00173384 0.00190305 0.00274731 0.00426035 0.00650876 0.00961104 0.0136906 0.0188357 0.0250696 0.0323277 0.0404403 0.049123 0.0579782 0.0665106 0.074164 0.0803749 0.0846405 0.086588 0.0860325 0.083008 0.0777649 0.0707362
 1.33996e-16 4.62958e-06 2.71402e-05 0.000128953 0.00049638 0.0015478 0.00390958 0.00799999 0.013263 0.0178184 0.0194073 0.0171601 0.0123753 0.00741117 0.00396247 0.00240147 0.00230114 0.00316857 0.00476369 0.00706898 0.0101705 0.014175 0.0191664 0.0251798 0.0321777 0.0400265 0.0484767 0.0571537 0.0655671 0.0731455 0.0792953 0.0834784 0.0852925 0.0845363 0.0812464 0.0756963
 1.1825e-16 2.14047e-05 0.000125619 0.000597118 0.00229891 0.0071689 0.018108 0.0370514 0.061417 0.0824817 0.0897574 0.0791748 0.0566814 0.0330923 0.0160886 0.00714822 0.00395506 0.00379075 0.00501679 0.00695541 0.00937947 0.0121897 0.0153 0.0186201 0.0220657 0.0255656 0.0290567 0.0324672 0.0356945 0.0385908 0.0409648 0.042603 0.0433071 0.0429366 0.0414424 0.0388855
 1.09347e-16 1.40624e-05 8.24794e-05 0.000391955 0.00150885 0.00470505 0.011885 0.0243213 0.0403267 0.0541922 0.0590632 0.0523151 0.0379227 0.0230885 0.012994 0.00877453 0.00907015 0.0122027 0.0170884 0.0231059 0.0297352 0.0363702 0.0423244 0.0469456 0.0497604 0.0505822 0.049546 0.0470525 0.0436462 0.0398699 0.0361452 0.0327112 0.0296282 0.0268296 0.0241934 0.0216069
 1.05343e-16 2.51939e-05 0.000147852 0.00070279 0.00270573 0.0084375 0.0213125 0.043609 0.0722894 0.0970907 0.105675 0.0932637 0.066872 0.0392516 0.0194727 0.00930756 0.00605757 0.00653177 0.0087743 0.0119089 0.0155305 0.0193309 0.0229855 0.0261706 0.0286191 0.0301702 0.0307908 0.030561 0.0296336 0.0281838 0.0263676 0.0243015 0.0220636 0.0197092 0.0172881 0.0148579
 1.0646e-16 5.21414e-06 3.05133e-05 0.000144859 0.000557401 0.00173792 0.00439055 0.00898864 0.0149186 0.0200927 0.0220162 0.0197798 0.0149445 0.0103074 0.00796753 0.00856564 0.0118204 0.017272 0.0245438 0.0332245 0.0426994 0.0521048 0.0604249 0.0666834 0.0701603 0.0705561 0.0680504 0.0632291 0.0569161 0.0499658 0.0430867 0.0367432 0.0311459 0.0263079 0.0221312 0.0184866
 1.09131e-16 1.98842e-05 0.000116687 0.000554645 0.00213536 0.00665885 0.0168197 0.0344157 0.0570494 0.0766205 0.0833907 0.0735863 0.0527413 0.0309164 0.0152684 0.00719959 0.00459459 0.00496643 0.00682626 0.00956312 0.0129592 0.0168802 0.021162 0.025595 0.0299413 0.033958 0.037417 0.0401174 0.0418946 0.0426289 0.0422569 0.0407846 0.0382979 0.0349611 0.0310045 0.0266975
 1.03142e-16 3.25235e-05 0.000190888 0.000907401 0.00349355 0.0108943 0.0275182 0.0563057 0.0933326 0.125342 0.136394 0.120303 0.086102 0.05022 0.0243172 0.010618 0.00556863 0.00498669 0.00630948 0.00841111 0.0108296 0.013285 0.0155207 0.0173 0.0184479 0.0188884 0.0186568 0.0178813 0.0167414 0.0154185 0.0140556 0.0127372 0.0114915 0.0103079 0.0091609 0.00802988
 1.02307e-16 1.81095e-05 0.000106234 0.000504872 0.00194359 0.00606075 0.0153094 0.0313284 0.0519424 0.0697939 0.0760465 0.0673089 0.0486844 0.0294261 0.0161743 0.0103478 0.0101475 0.0133683 0.0185863 0.0249983 0.0319639 0.0387619 0.0445868 0.0486803 0.0504986 0.0498419 0.0468996 0.0421909 0.036428 0.0303459 0.0245558 0.0194598 0.0152367 0.0118839 0.00928599 0.00728402
 1.03765e-16 2.17704e-05 0.000127745 0.000607179 0.00233757 0.00728939 0.0184126 0.0376762 0.0624584 0.0838977 0.0913444 0.0806842 0.058001 0.0343445 0.017596 0.00934072 0.00730164 0.00876127 0.0120358 0.0163235 0.0211695 0.0261476 0.0307849 0.0346124 0.0372542 0.0385018 0.0383466 0.0369585 0.0346233 0.0316647 0.0283757 0.0249807 0.0216291 0.0184117 0.0153853 0.0125924
 1.05546e-16 1.31798e-05 7.72952e-05 0.000367302 0.00141392 0.004409 0.0111372 0.0227915 0.0377918 0.0507907 0.0553689 0.049074 0.0356408 0.0218344 0.0125322 0.00882496 0.00946707 0.0129103 0.018151 0.0245967 0.031723 0.038895 0.0453792 0.0504629 0.0536049 0.054553 0.0533881 0.0504771 0.0463592 0.0416046 0.0366955 0.0319605 0.0275684 0.0235659 0.019934 0.0166364
pSPR Fmed_Fpbrs
0.370333   0.255515 0.255515
Fs Fmed_Fpbrs
0.64   1.005 1.005
SSBpbr Bo_Bmed_Bpbrs
4.95369e+06  1.58683e+06  1.01805e+06 1.01805e+06
Ro
28864.6
SPR SPRFo_SPRFmed_SPRFpbrs
593483 219787 151644
log_Ro
10.0904
likeval ReclasPelacesDesembMPH_pf_preclas_ppelaces_ptallas_desvR_qrecl_qpela
 473.307 0.000440379 13881.2 577.911 568.889 424.544 91.1191 0 136.845 0 0 0 0 0 0
q_reclas_q_pelaces
1 1
M
0.7
N
 210436 17160.6 8521.7 4231.75 4174.34
 4329.64 98867.5 7627.91 3787.91 3736.52
 653.657 2034.16 43946.7 3390.61 3344.61
 459.099 307.103 904.185 19534.3 2993.81
 1257.91 215.695 136.507 401.911 10013.8
 411642 590.993 95.8766 60.6776 4629.79
 9151.8 193398 262.697 42.6172 2084.92
 414044 4299.71 85965.8 116.769 945.69
 77930.8 194527 1911.23 38211.9 472.264
 328227 36613.6 86467.4 849.542 17195.1
 479557 154208 16274.8 38434.8 8020.88
 63841.8 225306 68545.7 7234.16 20649.6
 107477 29994.3 100149 30468.6 12394.4
 8191.34 50494.9 13332.5 44516.3 19052.6
 3105.03 3848.47 22445 5926.3 28256.4
 6409.66 1458.81 1710.65 9976.84 15194.3
 28704.8 3011.4 648.443 760.385 11188.6
 18511 13486.2 1338.57 288.234 5311.33
 46369.9 8696.87 5994.61 594.996 2489.01
 7636.33 21785.6 3865.77 2664.61 1370.84
 26829.2 3587.72 9683.72 1718.34 1793.76
 112232 12604.9 1594.74 4304.42 1561.13
 83381.8 52728.9 5602.91 708.865 2607.24
 126508 39174.6 23438 2490.5 1474.01
 73413.5 59436.2 17413.1 10418.2 1762.23
pred_Ctot
 8182.5 1302.72 646.914 321.248 316.89
 168.352 7505.39 579.062 287.554 283.653
 25.4165 154.42 3336.15 257.394 253.902
 17.8514 23.3133 68.64 1482.92 227.271
 48.912 16.3742 10.3628 30.5106 760.183
 16006.1 44.8645 7.27834 4.60626 351.464
 355.854 14681.6 19.9423 3.23523 158.274
 16099.5 326.407 6525.98 8.86437 71.7908
 3030.23 14767.3 145.088 2900.8 35.8513
 12762.6 2779.47 6564.06 64.4919 1305.35
 18646.9 11706.5 1235.48 2917.73 608.894
 2482.4 17103.8 5203.55 549.171 1567.59
 4179.08 2276.98 7602.67 2312.98 940.901
 318.509 3833.26 1012.12 3379.4 1446.36
 120.735 292.152 1703.89 449.887 2145.05
 249.23 110.744 129.862 757.379 1153.45
 1116.15 228.606 49.2257 57.7236 849.366
 719.773 1023.78 101.616 21.8809 403.202
 1803.03 660.211 455.073 45.1683 188.95
 296.928 1653.83 293.465 202.28 104.066
 1043.21 272.357 735.127 130.445 136.171
 4363.97 956.888 121.063 326.765 118.511
 3242.18 4002.84 425.337 53.8125 197.926
 4919.08 2973.89 1779.27 189.063 111.898
 2854.58 4512.02 1321.9 790.886 133.777
F
 0.0554016 0.110803 0.110803 0.110803 0.110803
 0.0554016 0.110803 0.110803 0.110803 0.110803
 0.0554016 0.110803 0.110803 0.110803 0.110803
 0.0554016 0.110803 0.110803 0.110803 0.110803
 0.0554016 0.110803 0.110803 0.110803 0.110803
 0.0554016 0.110803 0.110803 0.110803 0.110803
 0.0554016 0.110803 0.110803 0.110803 0.110803
 0.0554016 0.110803 0.110803 0.110803 0.110803
 0.0554016 0.110803 0.110803 0.110803 0.110803
 0.0554016 0.110803 0.110803 0.110803 0.110803
 0.0554016 0.110803 0.110803 0.110803 0.110803
 0.0554016 0.110803 0.110803 0.110803 0.110803
 0.0554016 0.110803 0.110803 0.110803 0.110803
 0.0554016 0.110803 0.110803 0.110803 0.110803
 0.0554016 0.110803 0.110803 0.110803 0.110803
 0.0554016 0.110803 0.110803 0.110803 0.110803
 0.0554016 0.110803 0.110803 0.110803 0.110803
 0.0554016 0.110803 0.110803 0.110803 0.110803
 0.0554016 0.110803 0.110803 0.110803 0.110803
 0.0554016 0.110803 0.110803 0.110803 0.110803
 0.0554016 0.110803 0.110803 0.110803 0.110803
 0.0554016 0.110803 0.110803 0.110803 0.110803
 0.0554016 0.110803 0.110803 0.110803 0.110803
 0.0554016 0.110803 0.110803 0.110803 0.110803
 0.0554016 0.110803 0.110803 0.110803 0.110803
Np
 28362.9 8521.42 6269.56 4802.32 1662.69
YTP_r0W_actual
 240363 630651 277145 206515 36376.6
YTP_p0W_proyectada
 67989.1 359318 400100 149696 143569
 67989.1 88773.1 94947.3 92877.7 35685.1
CTP_r0_actual
 21461 28666 8398.33 5024.7 849.92
CTP_p0_proyectada
 8291.36 16635.1 12742.1 3733.07 3226.27
 8291.36 4109.87 3023.8 2316.15 801.913
Wmedp
 8.2 21.6 31.4 40.1 44.5
nmprior
 10.8 10.6 4.6 0
nm_flota  nm_reclas  nm_pelaces    nm_pelaL
inf 1.65069 3.95944 5.98307
cv_recla  cv_pelaces  cv_mph
1.96787 0.793167 2.00023
 ------------------------------------------------
Talla a la edad & desviaci?n 
 7.2 14.2025 17.0495 18.207 18.6776
 1.08 2.13037 2.55742 2.73105 2.80164
