years
 1997 1998 1999 2000 2001 2002 2003 2004 2005 2006 2007 2008 2009 2010 2011 2012 2013 2014 2015 2016 2017 2018 2019
reclasobs
 0 0 0 370054 412103 1.49427e+06 250295 1.28982e+06 931140 785840 897777 1.04006e+06 184774 17550 25797 100020 73551 82996 120727 218422 84188 347160 605670
reclaspred
 2.7237e+06 690431 1.49382e+06 611554 306858 1.0763e+06 4.22761e+06 3.12919e+06 3.63088e+06 3.25746e+06 4.49318e+06 4.55266e+06 3.30916e+06 2.07801e+06 1.32146e+06 752192 533508 508169 512759 602650 488475 559020 1.26551e+06
pelacesobs
 0 0 0 0 0 0 0 0 0 2.06254e+06 1.5e+06 0 1.87456e+06 323000 250000 174000 83755 137374 0 501740 490994 745055 786931
pelacespred
 2.37608e+06 869044 519624 485402 218535 431827 1.50749e+06 2.21825e+06 2.20186e+06 2.07942e+06 2.68944e+06 2.73779e+06 2.09768e+06 1.38577e+06 840278 483186 325255 281335 298137 322962 308611 309526 540459
mphobs
 0 0 0 0 0 0 112323 0 153150 637223 0 255016 313432 73983 77613 109348 50772 17779 17303 59886 28197 0 207744
mphpred
 1.74674e+06 1.49349e+06 891004 834653 373782 318603 2.61211e+06 2.71761e+06 3.60918e+06 2.91591e+06 3.49395e+06 4.5515e+06 3.32522e+06 2.33298e+06 1.39287e+06 775926 447887 406108 418825 503867 450377 409551 833354
desembarqueobs
 350755 77701 442110 56441 14545 235359 269955 359681 431902 328805 639364 411747 362871 311530 167758 66681 60226 58785 57116 73181 50977 67692 138656
desembarquepred
 309528 78612.1 170090 69633 34938.3 122179 481349 355697 413305 370512 511003 518300 376673 236600 150461 85640.2 60704.2 57831.1 58327.2 68608.1 55583.1 63552 144043
Reclutas
 216592 4237.61 699.063 492.877 1336.56 410891 9791.98 412479 80787 327290 477767 67070.3 105103 8636.55 3287.57 6695.39 28381.7 18765.8 46083.9 8340.93 24723.6 119278 56998.2
log_desv_Rt
 2.11322 -1.8208 -3.62281 -3.97229 -2.9747 2.75353 -0.983235 2.75739 1.12702 2.52605 2.90432 0.940943 1.39014 -1.10879 -2.07465 -1.36338 0.0809452 -0.332764 0.565666 -1.14362 -0.0570403 1.51666 0.778221
SSB
 1.74674e+06 1.49349e+06 891004 834653 373782 318603 2.54936e+06 2.69587e+06 3.55122e+06 2.86927e+06 3.49395e+06 4.5515e+06 3.37949e+06 2.37111e+06 1.43878e+06 821225 489525 433247 429090 537606 461428 409551 853830
BT
 7.89769e+06 1.707e+06 1.02341e+06 952795 431713 1.43373e+06 3.0182e+06 5.9005e+06 4.64677e+06 5.05821e+06 6.84215e+06 5.58988e+06 4.43205e+06 2.73633e+06 1.65779e+06 961739 734880 622066 700738 658455 701488 777183 1.16524e+06
Ftot
 0.110803 0.110803 0.110803 0.110803 0.110803 0.110803 0.110803 0.110803 0.110803 0.110803 0.110803 0.110803 0.110803 0.110803 0.110803 0.110803 0.110803 0.110803 0.110803 0.110803 0.110803 0.110803 0.110803
BD_Bspro_t
 0.986332 0.916701 0.825831 0.741561 0.666873 0.733413 0.903075 0.843298 0.86221 0.814446 0.836003 0.838485 0.781341 0.743657 0.685369 0.63537 0.607172 0.685415 0.730403 0.791179 0.767777 0.791084 0.858173
BD_Bspro
 3.23761 2.76821 1.65149 1.54704 0.692811 0.590536 4.72528 4.99684 6.58223 5.31823 6.47608 8.43626 6.26394 4.39489 2.6668 1.52215 0.907342 0.80303 0.795325 0.99646 0.855263 0.759109 1.58259
BD_Bo
 0.349009 0.298408 0.178028 0.166768 0.0746838 0.0636587 0.509377 0.538651 0.709553 0.573296 0.698111 0.909415 0.675242 0.473762 0.287477 0.164085 0.0978099 0.0865653 0.0857347 0.107417 0.0921959 0.0818307 0.1706
BD_Brms
 1.68907 1.44418 0.861587 0.807097 0.361442 0.308084 2.4652 2.60687 3.43397 2.77454 3.37859 4.40123 3.26792 2.29283 1.39128 0.794111 0.473363 0.418943 0.414924 0.519856 0.446194 0.39603 0.825641
S_f
 0.5 1 1 1 1
 0.5 1 1 1 1
 0.5 1 1 1 1
 0.5 1 1 1 1
 0.5 1 1 1 1
 0.5 1 1 1 1
 0.5 1 1 1 1
 0.5 1 1 1 1
 0.5 1 1 1 1
 0.5 1 1 1 1
 0.5 1 1 1 1
 0.5 1 1 1 1
 0.5 1 1 1 1
 0.5 1 1 1 1
 0.5 1 1 1 1
 0.5 1 1 1 1
 0.5 1 1 1 1
 0.5 1 1 1 1
 0.5 1 1 1 1
 0.5 1 1 1 1
 0.5 1 1 1 1
 0.5 1 1 1 1
 0.5 1 1 1 1
Scru_reclas
 0.5 1 1 1 1
 0.5 1 1 1 1
 0.5 1 1 1 1
 0.5 1 1 1 1
 0.5 1 1 1 1
 0.5 1 1 1 1
 0.5 1 1 1 1
 0.5 1 1 1 1
 0.5 1 1 1 1
 0.5 1 1 1 1
 0.5 1 1 1 1
 0.5 1 1 1 1
 0.5 1 1 1 1
 0.5 1 1 1 1
 0.5 1 1 1 1
 0.5 1 1 1 1
 0.5 1 1 1 1
 0.5 1 1 1 1
 0.5 1 1 1 1
 0.5 1 1 1 1
 0.5 1 1 1 1
 0.5 1 1 1 1
 0.5 1 1 1 1
Scru_pelaces
 0.5 1 1 1 1
 0.5 1 1 1 1
 0.5 1 1 1 1
 0.5 1 1 1 1
 0.5 1 1 1 1
 0.5 1 1 1 1
 0.5 1 1 1 1
 0.5 1 1 1 1
 0.5 1 1 1 1
 0.5 1 1 1 1
 0.5 1 1 1 1
 0.5 1 1 1 1
 0.5 1 1 1 1
 0.5 1 1 1 1
 0.5 1 1 1 1
 0.5 1 1 1 1
 0.5 1 1 1 1
 0.5 1 1 1 1
 0.5 1 1 1 1
 0.5 1 1 1 1
 0.5 1 1 1 1
 0.5 1 1 1 1
 0.5 1 1 1 1
pf_obs 
 0.256992 0.487395 0.22802 0.0275931 0
 0.321318 0.546541 0.124235 0.00734118 0.000564706
 0.182869 0.594174 0.210203 0.0122559 0.00049798
 0.330522 0.361315 0.267642 0.0388342 0.00168674
 0.649043 0.306663 0.0425973 0.00169635 0
 0.582887 0.30429 0.105238 0.00758474 0
 0.465427 0.430635 0.0974691 0.00646863 0
 0.296916 0.608066 0.0921331 0.00288517 0
 0.311714 0.524322 0.152257 0.0117073 0
 0.15457 0.633149 0.183074 0.0267441 0.00246327
 0.131901 0.49318 0.331252 0.0422183 0.00144891
 0.196976 0.569456 0.194076 0.0375587 0.00193317
 0.518974 0.381816 0.0799577 0.0180837 0.00116848
 0.0928022 0.601141 0.25162 0.0475244 0.00691264
 0.122501 0.610282 0.24278 0.0234846 0.000952079
 0.383417 0.481906 0.127806 0.00687128 0
 0.0376549 0.599619 0.316969 0.0457579 0
 0.0361596 0.667082 0.258105 0.0386534 0
 0.158088 0.579412 0.248529 0.0139706 0
 0.0477256 0.309471 0.559284 0.082774 0.000745712
 0.0406174 0.521527 0.379366 0.0568643 0.0016247
 0.151134 0.462217 0.34131 0.0453401 0
 0.294876 0.26143 0.354403 0.0886775 0.000613685
pf_pred 
 0.782084 0.109702 0.0544765 0.0270522 0.0266852
 0.0184459 0.864785 0.0587835 0.029191 0.028795
 0.00666926 0.0370826 0.842489 0.057268 0.056491
 0.0103949 0.0135234 0.0364387 0.827859 0.111784
 0.0590202 0.0199637 0.0125861 0.0339131 0.874517
 0.974625 0.00290794 0.000476661 0.000300511 0.0216901
 0.0250155 0.962836 0.00139215 0.000228197 0.0105278
 0.697813 0.0151948 0.283416 0.000409786 0.00316608
 0.150014 0.702552 0.00741344 0.138277 0.00174464
 0.541101 0.122511 0.27804 0.00293392 0.0554143
 0.530055 0.333062 0.0365432 0.0829352 0.0174044
 0.0967007 0.631834 0.192395 0.0211093 0.0579615
 0.236127 0.138213 0.437632 0.13326 0.0547674
 0.0337135 0.376325 0.106746 0.337996 0.145219
 0.027116 0.0653401 0.353448 0.100257 0.453839
 0.107745 0.0485269 0.0566658 0.306525 0.480537
 0.479674 0.103794 0.0226539 0.0264534 0.367425
 0.320872 0.445134 0.0466768 0.0101876 0.17713
 0.569279 0.212632 0.142946 0.0149894 0.0601536
 0.126167 0.639395 0.115733 0.0778042 0.0408995
 0.425882 0.131789 0.323658 0.0585837 0.0600872
 0.760844 0.144656 0.0216926 0.0532744 0.0195333
 0.311345 0.597622 0.055062 0.0082571 0.0277137
pobs_RECLAS
 0 0 0 0 0
 0 0 0 0 0
 0 0 0 0 0
 0 0 0 0 0
 0.835266 0.146461 0.0176864 0.000547809 3.91292e-05
 0.385257 0.428462 0.181853 0.0044286 0
 0.867414 0.0963971 0.0333333 0.00285562 0
 0.441836 0.489002 0.0689373 0.000224442 0
 0.779404 0.147425 0.0564933 0.0165055 0.000172143
 0.814271 0.122319 0.05973 0.00367925 0
 0.40263 0.566651 0.0304383 0.000280538 0
 0.475488 0.404961 0.113038 0.00651328 0
 0.955842 0.0263864 0.0167828 0.000988607 0
 0.975058 0.0227948 0.00214734 0 0
 0.738997 0.206755 0.0527124 0.00153531 0
 0.850938 0.134255 0.0134407 0.00136685 0
 0.542534 0.407297 0.0501686 0 0
 0.764087 0.199537 0.0359546 0.000420521 0
 0.470689 0.182191 0.310203 0.0369168 0
 0.84361 0.089868 0.0606195 0.00523954 0.000663233
 0.607945 0.314616 0.071237 0.00620181 0
 0.523733 0.453247 0.0230204 0 0
 0.530135 0.295979 0.169645 0.0042399 0
ppred_RECLAS
 0.782693 0.109395 0.0543242 0.0269766 0.0266106
 0.0185108 0.864727 0.0587796 0.0291891 0.0287931
 0.00669301 0.0370817 0.842469 0.0572666 0.0564897
 0.0104318 0.0135229 0.0364373 0.827829 0.111779
 0.0592193 0.0199594 0.0125834 0.033906 0.874332
 0.974713 0.00289781 0.000475002 0.000299464 0.0216146
 0.025103 0.96275 0.00139202 0.000228177 0.0105269
 0.698568 0.0151569 0.282709 0.000408764 0.00315818
 0.150471 0.702174 0.00740946 0.138202 0.0017437
 0.54199 0.122273 0.277501 0.00292824 0.055307
 0.530946 0.332431 0.0364739 0.0827779 0.0173714
 0.0970138 0.631615 0.192328 0.021102 0.0579415
 0.236773 0.138097 0.437262 0.133147 0.0547211
 0.0338303 0.37628 0.106733 0.337955 0.145201
 0.0272106 0.0653337 0.353413 0.100247 0.453795
 0.108089 0.0485082 0.0566439 0.306407 0.480351
 0.480567 0.103616 0.022615 0.026408 0.366794
 0.321652 0.444622 0.0466232 0.0101759 0.176927
 0.570156 0.212199 0.142655 0.0149588 0.060031
 0.126563 0.639106 0.115681 0.077769 0.040881
 0.426757 0.131588 0.323165 0.0584943 0.0599956
 0.761495 0.144262 0.0216336 0.0531295 0.0194802
 0.312113 0.596956 0.0550006 0.0082479 0.0276828
pobs_PELACES
 0 0 0 0 0
 0 0 0 0 0
 0 0 0 0 0
 0 0 0 0 0
 0 0 0 0 0
 0 0 0 0 0
 0 0 0 0 0
 0 0 0 0 0
 0 0 0 0 0
 0 0 0 0 0
 0.450072 0.473896 0.0757376 0.000293798 0
 0 0 0 0 0
 0.463077 0.371075 0.160297 0.00555027 0
 0.529543 0.364841 0.0842815 0.0213345 0
 0.631943 0.363953 0.00410389 0 0
 0.735681 0.248677 0.0153453 0.000297389 0
 0.695825 0.281241 0.0229344 0 0
 0.275771 0.60734 0.115278 0.00161068 0
 0 0 0 0 0
 0.896147 0.0623911 0.0374545 0.00400742 0
 0.803859 0.145111 0.0509908 3.86294e-05 0
 0.739449 0.233085 0.0266225 0.000797448 4.60066e-05
 0.878498 0.100942 0.0204185 0.000141795 0
ppred_PELACES
 0.785787 0.107838 0.0535508 0.0265926 0.0262318
 0.0188459 0.864432 0.0587595 0.0291791 0.0287833
 0.00681566 0.0370771 0.842365 0.0572595 0.0564827
 0.0106222 0.0135203 0.0364303 0.827669 0.111758
 0.0602461 0.0199376 0.0125697 0.0338689 0.873378
 0.97516 0.00284662 0.00046661 0.000294174 0.0212327
 0.0255543 0.962304 0.00139138 0.000228071 0.010522
 0.702403 0.014964 0.279111 0.000403562 0.00311799
 0.152823 0.70023 0.00738895 0.13782 0.00173888
 0.546525 0.121063 0.274754 0.00289925 0.0547594
 0.535497 0.329206 0.03612 0.0819748 0.0172029
 0.0986272 0.630486 0.191984 0.0210643 0.0578379
 0.240093 0.137496 0.43536 0.132568 0.0544831
 0.034433 0.376045 0.106667 0.337744 0.145111
 0.0276988 0.0653009 0.353236 0.100197 0.453567
 0.109865 0.0484116 0.0565312 0.305797 0.479395
 0.485132 0.102705 0.0224162 0.0261759 0.363571
 0.325654 0.441999 0.0463481 0.0101159 0.175883
 0.574631 0.20999 0.14117 0.0148031 0.0594061
 0.128597 0.637617 0.115412 0.0775879 0.0407858
 0.431235 0.13056 0.32064 0.0580374 0.0595269
 0.764799 0.142263 0.0213338 0.0523934 0.0192103
 0.316051 0.593538 0.0546857 0.00820067 0.0275243
pobs_pel_tallas
 0 0 0 0 0 0 0 0 0 0 0 0 0 0 0 0 0 0 0 0 0 0 0 0 0 0 0 0 0 0 0 0 0 0 0 0
 0 0 0 0 0 0 0 0 0 0 0 0 0 0 0 0 0 0 0 0 0 0 0 0 0 0 0 0 0 0 0 0 0 0 0 0
 0 0 0 0 0 0 0 0 0 0 0 0 0 0 0 0 0 0 0 0 0 0 0 0 0 0 0 0 0 0 0 0 0 0 0 0
 0 0 0 0 0 0 0 0 0 0 0 0 0 0 0 0 0 0 0 0 0 0 0 0 0 0 0 0 0 0 0 0 0 0 0 0
 0 0 0 0 0 0 0 0 0 0 0 0 0 0 0 0 0 0 0 0 0 0 0 0 0 0 0 0 0 0 0 0 0 0 0 0
 0 0 0 0 0 0 0 0 0 0 0 0 0 0 0 0 0 0 0 0 0 0 0 0 0 0 0 0 0 0 0 0 0 0 0 0
 0 0 0 0 0 0 0 0 0 0 0 0 0 0 0 0 0 0 0 0 0 0 0 0 0 0 0 0 0 0 0 0 0 0 0 0
 0 0 0 0 0 0 0 0 0 0 0 0 0 0 0 0 0 0 0 0 0 0 0 0 0 0 0 0 0 0 0 0 0 0 0 0
 0 0 0 0 0 0 0 0 0 0 0 0 0 0 0 0 0 0 0 0 0 0 0 0 0 0 0 0 0 0 0 0 0 0 0 0
 0 0 0 0 0 0 0 0 0 0 0 0 0 0 0 0 0 0 0 0 0 0 0 0 0 0 0 0 0 0 0 0 0 0 0 0
 0 0 0 0 0 0 0 0 1.78061e-05 0.00172719 0.00360574 0.0105946 0.0120993 0.0124554 0.0147524 0.0171206 0.0266825 0.0428682 0.0675386 0.121331 0.153587 0.119568 0.100827 0.0573624 0.0630603 0.0341343 0.0324427 0.0444173 0.0211091 0.0280891 0.0125444 0.00206551 0 0 0 0
 0 0 0 0 0 0 0 0 0 0 0 0 0 0 0 0 0 0 0 0 0 0 0 0 0 0 0 0 0 0 0 0 0 0 0 0
 0 0 0 0 0 0 0.0133647 0.0140871 0.0187388 0.0205184 0.03894 0.0496705 0.03968 0.0493445 0.0407372 0.0367815 0.0215668 0.0243155 0.0234873 0.0199281 0.019796 0.0243948 0.0301388 0.0376714 0.0412746 0.0863199 0.0771752 0.113111 0.0741005 0.0525337 0.0229764 0.00759418 0.00175318 0 0 0
 0 0 0 0 0 0 0 0 0 0 0.00219441 0.00772107 0.0458388 0.0604681 0.0671733 0.0775358 0.0609151 0.0617685 0.073594 0.0568108 0.0755445 0.0548602 0.0670107 0.0636378 0.0643287 0.046367 0.0373049 0.0286899 0.0247887 0.0153202 0.00654259 0.00121912 0.000365735 0 0 0
 0 0 0 0 0 0 0 0 0 0 0 0 0.000112435 0.00938835 0.0111873 0.0202946 0.0414886 0.0713402 0.111592 0.104902 0.108894 0.110636 0.117776 0.105296 0.107544 0.0401394 0.0192827 0.0124803 0.00416011 0.0028671 0.000618394 0 0 0 0 0
 0 0 0 0 0 0 0 0 0 0 0.00291406 0.0102884 0.027416 0.0768956 0.0749926 0.110853 0.0956884 0.0897413 0.0766577 0.0534642 0.0500743 0.0551293 0.0594112 0.0620874 0.0668451 0.0424026 0.0208742 0.0120726 0.0048766 0.00582813 0.00118941 0.000297354 0 0 0 0
 0 0.00264628 0.0354308 0.0461629 0.0458689 0.0383711 0.0214643 0.0164657 0.0346957 0.0420465 0.0363128 0.0245516 0.0311673 0.0291091 0.0169068 0.0133784 0.00837989 0.0085269 0.0148486 0.0160247 0.0276389 0.0546898 0.0760071 0.122758 0.109233 0.0665981 0.0333725 0.0166128 0.00676272 0.00308733 0.000882094 0 0 0 0 0
 0 0 0 0 0 0 0 0.000805153 0.000690131 0.00759144 0.0133425 0.0154129 0.00931677 0.000345066 0.00356568 0.00563607 0.00851162 0.0253048 0.0502646 0.0516448 0.0657925 0.0565908 0.0611916 0.0827007 0.0866115 0.110766 0.145733 0.0935128 0.0569358 0.0249597 0.0138026 0.00621118 0.00161031 0.00115022 0 0
 0 0 0 0 0 0 0 0 0 0 0 0 0 0 0 0 0 0 0 0 0 0 0 0 0 0 0 0 0 0 0 0 0 0 0 0
 0.00147267 0.00158595 0.00478618 0.00569244 0.00954404 0.0108468 0.00647125 0.017049 0.0510054 0.094081 0.124002 0.0959785 0.0687766 0.0820023 0.061753 0.0591476 0.0492212 0.0479892 0.0443925 0.0268479 0.0217502 0.0140895 0.0121071 0.0120363 0.00920419 0.00665534 0.0049561 0.00860946 0.00930331 0.0156896 0.0114698 0.00855282 0.00243557 0.00046729 0 2.83206e-05
 0 0 0 0 0.000772559 0.00158375 0.000888443 0.00281984 0.00712685 0.0440552 0.0773331 0.111326 0.0921469 0.0852325 0.0710754 0.0886704 0.0786465 0.0553345 0.0373146 0.0185414 0.00753245 0.00457741 0.012979 0.0271748 0.0457355 0.0583668 0.034881 0.0177882 0.00938659 0.00492506 0.0015258 0.00185414 0.000309023 5.79419e-05 3.86279e-05 0
 0 0.00173294 0.00326652 0 0.00397197 0.00683976 0.00946217 0.0152591 0.00757587 0.0136028 0.0228656 0.0392903 0.0559909 0.0764795 0.0681675 0.0726916 0.0566044 0.0477403 0.0527397 0.0444891 0.0609904 0.0582453 0.0661739 0.0445044 0.0529084 0.0360697 0.0280645 0.0235558 0.0158879 0.00826598 0.00280645 0.00217768 0.000904811 0.00058276 9.20147e-05 0
 0 0 0 0 0 0 0 0 0 0 0 0 0 0 0 0 0 0 0 0 0 0 0 0 0 0 0 0 0 0 0 0 0 0 0 0
ppred_pel_tallas
 1.02935e-16 3.4281e-05 0.000201211 0.000956486 0.00368256 0.0114837 0.0290069 0.0593515 0.0983796 0.132115 0.14375 0.126758 0.0906503 0.0527284 0.0252626 0.0105729 0.00489042 0.00379218 0.00458087 0.00609975 0.00792113 0.00983342 0.0116601 0.0132356 0.0144277 0.0151621 0.0154317 0.0152879 0.014817 0.0141127 0.0132531 0.0122907 0.011254 0.0101576 0.00901448 0.00784405
 1.03464e-16 8.69491e-07 4.98647e-06 2.34574e-05 8.98999e-05 0.000279986 0.00070819 0.00145588 0.00243912 0.00335377 0.00385549 0.00389057 0.00385332 0.00440394 0.00616319 0.00956891 0.0149036 0.022318 0.0317551 0.0428242 0.0547225 0.0662732 0.0760989 0.082897 0.0857405 0.084302 0.0789314 0.0705505 0.0604127 0.0498058 0.0397954 0.0310761 0.0239471 0.0183853 0.0141691 0.0109998
 1.16577e-16 3.13322e-07 1.79258e-06 8.43141e-06 3.23129e-05 0.00010059 0.000254098 0.000520911 0.000867666 0.00117825 0.00131671 0.00124426 0.00107406 0.00100592 0.00122217 0.00185174 0.00300761 0.00483227 0.00750801 0.0112339 0.0161855 0.0224687 0.0300712 0.038822 0.0483657 0.0581641 0.0675311 0.0757033 0.0819387 0.0856273 0.0863903 0.0841466 0.0791295 0.0718464 0.0629954 0.0533532
 1.34184e-16 4.75165e-07 2.75287e-06 1.3019e-05 5.00147e-05 0.000155831 0.000393572 0.000805765 0.00133779 0.00180337 0.00198036 0.00178976 0.00137623 0.00100033 0.00086999 0.00107965 0.00166803 0.00269599 0.00427996 0.00658546 0.00980455 0.014128 0.0197125 0.0266413 0.0348827 0.0442526 0.0543912 0.064764 0.0746939 0.0834272 0.0902246 0.0944646 0.0957382 0.0939128 0.0891578 0.0819154
 1.42158e-16 2.63855e-06 1.5455e-05 7.34089e-05 0.000282536 0.000880946 0.00222515 0.00455327 0.00754911 0.0101432 0.0110509 0.00977912 0.00706967 0.00426999 0.00235388 0.0015489 0.00163713 0.00237612 0.0036838 0.00562338 0.00833522 0.0119847 0.0167271 0.022677 0.0298733 0.0382443 0.0475763 0.0574959 0.0674752 0.0768659 0.0849629 0.0910902 0.0946952 0.0954317 0.0932135 0.088233
 1.0101e-16 4.25342e-05 0.000249675 0.00118691 0.00456978 0.0142505 0.0359955 0.0736497 0.122076 0.163924 0.178327 0.157168 0.112223 0.0649236 0.0304412 0.0115895 0.00362319 0.000999531 0.000351682 0.000278723 0.000349848 0.00046383 0.000601823 0.000760254 0.000937232 0.0011302 0.00133518 0.00154597 0.00175366 0.00194656 0.00211097 0.00223283 0.00229983 0.0023036 0.00224134 0.00211659
 1.00833e-16 1.1659e-06 6.71784e-06 3.1669e-05 0.000121483 0.000378454 0.000957026 0.00196573 0.00328682 0.00449997 0.00512319 0.00505728 0.00479401 0.00516487 0.00692572 0.0105676 0.0163692 0.0244541 0.0347208 0.0467021 0.0594768 0.0717123 0.0818629 0.0884815 0.090559 0.0877772 0.0805937 0.0701188 0.0578392 0.0452746 0.0336795 0.0238676 0.0161776 0.010556 0.00669883 0.00419661
 1.04127e-16 3.0642e-05 0.000179854 0.000854967 0.00329171 0.0102649 0.0259282 0.0530515 0.0879352 0.118084 0.128471 0.113253 0.0809254 0.0469384 0.0222449 0.0089051 0.00354575 0.00222935 0.00259172 0.00368374 0.00524336 0.00722118 0.0095887 0.0122787 0.0151694 0.0180859 0.0208128 0.0231173 0.0247806 0.0256311 0.0255742 0.0246093 0.0228327 0.0204209 0.0176026 0.0146222
 1.0515e-16 6.70464e-06 3.92595e-05 0.00018643 0.000717445 0.002237 0.00565124 0.0115685 0.019196 0.0258401 0.0282785 0.0253226 0.0189533 0.0127287 0.0092926 0.00939765 0.0126055 0.0182599 0.0258453 0.0348556 0.0445909 0.0540974 0.0622721 0.0680749 0.0707667 0.0700873 0.0663141 0.0601735 0.0526457 0.0447253 0.037219 0.030632 0.0251578 0.0207455 0.0172055 0.0143101
 1.06598e-16 2.38492e-05 0.000139964 0.000665307 0.00256143 0.00798755 0.0201759 0.0412827 0.0684315 0.091904 0.100016 0.0882366 0.0631967 0.0369533 0.0180747 0.00821995 0.00482242 0.00486527 0.0065277 0.00904553 0.0121352 0.0156278 0.0193383 0.0230494 0.026534 0.0295811 0.0320169 0.0337125 0.0345848 0.0345937 0.0337423 0.0320796 0.0297047 0.0267652 0.0234471 0.0199568
 1.04241e-16 2.33761e-05 0.000137169 0.00065198 0.00251006 0.00782729 0.0197713 0.0404564 0.0670673 0.0900885 0.0980842 0.0866362 0.0622765 0.0368686 0.0188719 0.00998201 0.00774266 0.00921843 0.0125769 0.0169271 0.0217485 0.0265566 0.0308316 0.0340828 0.035951 0.03629 0.035194 0.0329588 0.0299949 0.0267214 0.0234779 0.0204767 0.017802 0.0154419 0.0133361 0.011418
 1.06357e-16 4.33914e-06 2.53772e-05 0.000120443 0.000463398 0.00144478 0.00365008 0.00747349 0.012407 0.0167192 0.0183439 0.016538 0.0126183 0.00893893 0.00728472 0.00823686 0.0116123 0.0170698 0.0243133 0.0329779 0.0424817 0.0519888 0.0605052 0.0670633 0.0709332 0.0717832 0.0697418 0.0653329 0.0593209 0.0525148 0.0456032 0.0390589 0.0331264 0.0278699 0.0232485 0.0191851
 1.13326e-16 1.04882e-05 6.15219e-05 0.000292377 0.00112555 0.0035098 0.00886555 0.0181411 0.0300752 0.0404031 0.0440009 0.038894 0.0280219 0.0167228 0.00881977 0.00512009 0.00459036 0.0060067 0.00866353 0.0122942 0.0167997 0.022074 0.0279404 0.0341472 0.040387 0.0463223 0.0516108 0.0559258 0.0589779 0.0605381 0.0604646 0.058729 0.0554343 0.0508127 0.0452041 0.0390132
 1.20023e-16 1.52885e-06 8.90372e-06 4.21829e-05 0.000162171 0.000505488 0.00127721 0.00261649 0.00434925 0.00587775 0.00649333 0.00595888 0.00477092 0.00380698 0.0037674 0.0049522 0.00740584 0.0111123 0.0160435 0.0220965 0.0290256 0.0364288 0.0437968 0.0506079 0.0564332 0.0610138 0.0642847 0.0663341 0.0673226 0.0673944 0.0666179 0.0649763 0.0624034 0.0588449 0.0543186 0.048948
 1.29672e-16 1.22288e-06 7.13535e-06 3.38377e-05 0.000130145 0.000405691 0.00102477 0.00209773 0.00348105 0.00468681 0.00513159 0.00460152 0.00345938 0.00235872 0.00179713 0.001947 0.00279279 0.0043194 0.00658682 0.00970853 0.013803 0.0189532 0.0251773 0.0324071 0.0404726 0.0490925 0.0578756 0.0663358 0.0739264 0.0800923 0.0843354 0.0862843 0.0857512 0.0827648 0.0775686 0.0705886
 1.33726e-16 4.80393e-06 2.81635e-05 0.000133817 0.000515108 0.0016062 0.00405711 0.00830186 0.0137634 0.0184905 0.0201389 0.0178061 0.0128391 0.0076847 0.00410038 0.00247078 0.00235 0.00322248 0.00483347 0.00715754 0.0102754 0.0142884 0.0192751 0.0252655 0.0322189 0.0400008 0.0483643 0.0569404 0.0652467 0.0727209 0.0787787 0.0828898 0.0846574 0.083883 0.0806028 0.0750874
 1.1824e-16 2.11701e-05 0.000124241 0.000590566 0.00227368 0.00709023 0.0179093 0.0366449 0.0607432 0.0815773 0.0887747 0.0783113 0.0560705 0.0327502 0.0159498 0.00713343 0.00401333 0.00390322 0.00518341 0.00718219 0.00967087 0.0125448 0.0157108 0.0190717 0.0225379 0.0260358 0.0295035 0.0328729 0.0360472 0.038885 0.0412004 0.0427839 0.0434399 0.0430287 0.0415014 0.0389185
 1.09368e-16 1.42303e-05 8.3466e-05 0.000396646 0.00152692 0.00476138 0.0120273 0.0246124 0.040809 0.0548394 0.0597659 0.0529313 0.0383559 0.0233252 0.013079 0.00876122 0.00899108 0.0120672 0.0168931 0.0228448 0.0294068 0.0359808 0.0418895 0.0464895 0.0493125 0.0501725 0.0492004 0.0467881 0.0434695 0.0397766 0.0361226 0.0327417 0.0296926 0.0269106 0.0242771 0.0216838
 1.05357e-16 2.5078e-05 0.000147171 0.000699552 0.00269326 0.00839863 0.0212143 0.0434081 0.0719565 0.096644 0.10519 0.0928378 0.0665716 0.0390854 0.0194091 0.00930845 0.00609908 0.00660587 0.00888193 0.0120532 0.0157128 0.0195481 0.0232298 0.0264297 0.0288779 0.0304132 0.0310049 0.0307375 0.0297695 0.0282811 0.0264325 0.0243423 0.0220891 0.0197266 0.0173029 0.0148731
 1.06418e-16 5.64604e-06 3.30497e-05 0.000156919 0.000603839 0.00188274 0.00475633 0.009737 0.0161588 0.0217572 0.0238247 0.0213686 0.0160677 0.0109343 0.00821849 0.00858545 0.0117018 0.0170487 0.0242154 0.0327802 0.0421326 0.0514203 0.0596418 0.0658341 0.0692867 0.0697029 0.067258 0.0625276 0.0563218 0.0494813 0.0427034 0.0364456 0.0309162 0.0261291 0.0219896 0.0183723
 1.0937e-16 1.88224e-05 0.000110452 0.000525 0.00202121 0.00630289 0.0159206 0.0325762 0.0540008 0.0725282 0.0789424 0.0696745 0.049967 0.0293496 0.014606 0.00707515 0.00476759 0.00534043 0.00739082 0.0103388 0.0139661 0.018123 0.0226242 0.0272382 0.0317098 0.035787 0.0392419 0.0418827 0.0435585 0.0441648 0.0436514 0.0420338 0.039403 0.035926 0.0318345 0.0273988
 1.03048e-16 3.33672e-05 0.000195843 0.00093096 0.00358426 0.0111772 0.0282327 0.0577676 0.0957551 0.128593 0.139927 0.123406 0.0882962 0.0514452 0.0248085 0.0106586 0.00533986 0.00455487 0.00567407 0.00755138 0.00973263 0.0119598 0.0140039 0.0156541 0.0167535 0.0172318 0.0171158 0.0165139 0.0155791 0.0144662 0.0132968 0.0121423 0.0110262 0.00994011 0.0088646 0.00778647
 1.02538e-16 1.38181e-05 8.10309e-05 0.000385037 0.00148216 0.00462178 0.0116748 0.0238924 0.0396199 0.0532557 0.0580772 0.0515244 0.0375287 0.0232049 0.0136955 0.0101759 0.011366 0.0156475 0.0219361 0.0295301 0.0377458 0.045745 0.0525759 0.057341 0.059399 0.0585181 0.0549298 0.0492578 0.0423543 0.0350974 0.0282162 0.0221889 0.0172259 0.0133191 0.0103251 0.00804779
pSPR Fmed_Fpbrs
0.371377   0.256628 0.256628
Fs Fmed_Fpbrs
0.64   1.005 1.005
SSBpbr Bo_Bmed_Bpbrs
5.00486e+06  1.60845e+06  1.03414e+06 1.03414e+06
Ro
26174.8
SPR SPRFo_SPRFmed_SPRFpbrs
539516 200364 138455
log_Ro
9.99255
likeval ReclasPelacesDesembMPH_pf_preclas_ppelaces_ptallas_desvR_qrecl_qpela
 459.693 0.000433217 13967.7 549.966 537.601 400.745 82.3692 0 128.662 0 0 0 0 0 0
q_reclas_q_pelaces
1 1
M
0.7
N
 216592 15561.5 7727.6 3837.41 3785.35
 4237.61 101760 6917.09 3434.92 3388.33
 699.063 1990.92 45232.3 3074.65 3032.94
 492.877 328.435 884.967 20105.8 2714.83
 1336.56 231.565 145.99 393.369 10143.8
 410891 627.943 102.931 64.8925 4683.78
 9791.98 193045 279.121 45.7528 2110.79
 412479 4600.49 85808.9 124.07 958.584
 80787 193791 2044.92 38142.1 481.241
 327290 37955.5 86140.5 908.969 17168.1
 477767 153768 16871.3 38289.5 8035.28
 67070.3 224465 68350.1 7499.29 20591.4
 105103 31511.1 99775 30381.7 12486.3
 8636.55 49379.5 14006.7 44350.1 19054.9
 3287.57 4057.64 21949.2 6225.99 28183.6
 6695.39 1544.57 1803.63 9756.45 15295.1
 28381.7 3145.64 686.563 801.713 11135.4
 18765.8 13334.3 1398.24 305.178 5306.07
 46083.9 8816.57 5927.12 621.519 2494.2
 8340.93 21651.2 3918.97 2634.61 1384.94
 24723.6 3918.75 9624 1741.99 1786.69
 119278 11615.7 1741.89 4277.88 1568.5
 56998.2 56039.2 5163.18 774.271 2598.72
pred_Ctot
 8421.87 1181.33 586.63 291.312 287.36
 164.773 7724.96 525.102 260.758 257.22
 27.1821 151.138 3433.75 233.408 230.242
 19.1648 24.9327 67.1811 1526.31 206.093
 51.97 17.5789 11.0826 29.8621 770.052
 15976.9 47.6695 7.81384 4.92623 355.563
 380.747 14654.8 21.1891 3.47326 160.238
 16038.6 349.24 6514.07 9.41858 72.7697
 3141.29 14711.4 155.237 2895.51 36.5328
 12726.2 2881.34 6539.24 69.0032 1303.29
 18577.3 11673.1 1280.76 2906.7 609.988
 2607.93 17040 5188.71 569.298 1563.17
 4086.76 2392.12 7574.29 2306.39 947.884
 335.82 3748.58 1063.3 3366.78 1446.53
 127.832 308.031 1666.25 472.638 2139.52
 260.341 117.254 136.92 740.648 1161.11
 1103.58 238.797 52.1195 60.861 845.331
 729.68 1012.26 106.146 23.1672 402.803
 1791.91 669.298 449.95 47.1818 189.344
 324.325 1643.63 297.504 200.003 105.136
 961.341 297.487 730.593 132.241 135.635
 4637.94 881.789 132.233 324.749 119.071
 2216.29 4254.14 391.956 58.7778 197.278
F
 0.0554016 0.110803 0.110803 0.110803 0.110803
 0.0554016 0.110803 0.110803 0.110803 0.110803
 0.0554016 0.110803 0.110803 0.110803 0.110803
 0.0554016 0.110803 0.110803 0.110803 0.110803
 0.0554016 0.110803 0.110803 0.110803 0.110803
 0.0554016 0.110803 0.110803 0.110803 0.110803
 0.0554016 0.110803 0.110803 0.110803 0.110803
 0.0554016 0.110803 0.110803 0.110803 0.110803
 0.0554016 0.110803 0.110803 0.110803 0.110803
 0.0554016 0.110803 0.110803 0.110803 0.110803
 0.0554016 0.110803 0.110803 0.110803 0.110803
 0.0554016 0.110803 0.110803 0.110803 0.110803
 0.0554016 0.110803 0.110803 0.110803 0.110803
 0.0554016 0.110803 0.110803 0.110803 0.110803
 0.0554016 0.110803 0.110803 0.110803 0.110803
 0.0554016 0.110803 0.110803 0.110803 0.110803
 0.0554016 0.110803 0.110803 0.110803 0.110803
 0.0554016 0.110803 0.110803 0.110803 0.110803
 0.0554016 0.110803 0.110803 0.110803 0.110803
 0.0554016 0.110803 0.110803 0.110803 0.110803
 0.0554016 0.110803 0.110803 0.110803 0.110803
 0.0554016 0.110803 0.110803 0.110803 0.110803
 0.0554016 0.110803 0.110803 0.110803 0.110803
Np
 30755.8 9240.34 4867.68 4527.86 493.006
YTP_r0W_actual
 109971 654069 83172.5 16281.5 68684.1
YTP_p0W_proyectada
 73725.1 278974 377234 44386.4 10669.9
 73725.1 96262.5 73717 87569.5 10581
CTP_r0_actual
 16662.3 27027.6 2490.19 373.43 1253.36
CTP_p0_proyectada
 8990.86 12915.5 12013.8 1106.89 239.772
 8990.86 4456.6 2347.67 2183.78 237.776
Wmedp
 8.2 21.6 31.4 40.1 44.5
nmprior
 10.8 10.6 4.6 0
nm_flota  nm_reclas  nm_pelaces    nm_pelaL
inf 1.23809 2.9462 3.28238
cv_recla  cv_pelaces  cv_mph
2.03402 0.849723 2.03095
 ------------------------------------------------
Talla a la edad & desviaci?n 
 7.2 14.2025 17.0495 18.207 18.6776
 1.08 2.13037 2.55742 2.73105 2.80164
