years
 1997 1998 1999 2000 2001 2002 2003 2004 2005 2006 2007 2008 2009 2010 2011 2012 2013 2014 2015 2016 2017 2018 2019 2020 2021 2022
reclasobs
 0 0 0 370054 412103 1.49427e+06 250295 1.28982e+06 931140 785840 897777 1.04006e+06 184774 17550 25797 100020 73551 82996 120727 218422 84188 347160 605670 569463 516374 1.08416e+06
reclaspred
 2.83911e+06 689551 1.48077e+06 604438 301430 1.07527e+06 4.2302e+06 3.13547e+06 3.62748e+06 3.24817e+06 4.49779e+06 4.55008e+06 3.30745e+06 2.07982e+06 1.32146e+06 749798 533192 507824 511957 602285 490178 554839 1.27623e+06 1.38296e+06 1.8464e+06 1.80297e+06
pelacesobs
 0 0 0 0 0 0 0 0 0 2.06254e+06 1.5e+06 0 1.87456e+06 323000 250000 174000 83755 137374 0 501740 490994 745055 786931 1.00524e+06 1.33801e+06 1.41789e+06
pelacespred
 2.38454e+06 873694 516384 479969 214753 430628 1.50627e+06 2.22202e+06 2.19908e+06 2.07357e+06 2.69201e+06 2.73531e+06 2.09639e+06 1.38792e+06 840125 481952 325059 281034 297719 322425 310384 309027 549225 776823 964427 1.05074e+06
mphobs
 0 0 0 0 0 0 112323 0 153150 637223 0 255016 313432 73983 77613 109348 50772 17779 17303 59886 28197 0 207744 136588 643089 65757
mphpred
 1.84938e+06 1.50144e+06 885761 825397 367476 315491 2.6143e+06 2.7179e+06 3.61669e+06 2.90269e+06 3.49229e+06 4.55843e+06 3.31563e+06 2.33768e+06 1.39322e+06 774536 446522 406545 417357 504528 448757 414304 821636 1.12261e+06 1.44227e+06 1.43554e+06
desembarqueobs
 350755 77701 442110 56441 14545 235359 269955 359681 431902 328805 639364 411747 362871 311530 167758 66681 60226 58785 57116 73181 50977 67692 138656 160484 209506 203330
desembarquepred
 322692 78511.9 168604 68822.8 34320.5 122060 481647 356407 412925 369453 511524 518011 376474 236807 150461 85368 60667.6 57792.5 58235.4 68567.6 55774.7 63080.6 145245 157312 210163 205141
Reclutas
 208454 4330.79 633.507 444.848 1224.87 411904 8886.81 414750 76684.3 328645 480326 62427.6 108513 8000.94 3027.64 6283.51 28847.9 18403.3 46513.1 7600.72 26391.6 113850 77170.6 140679 47677.9 120045
log_desv_Rt
 1.94643 -1.92754 -3.84977 -4.20331 -3.19045 2.6275 -1.20872 2.63439 0.946412 2.40169 2.78118 0.740722 1.29358 -1.31373 -2.2855 -1.55536 -0.0312498 -0.480757 0.446449 -1.36504 -0.120239 1.34159 0.952733 1.5532 0.471183 1.39458
SSB
 1.84938e+06 1.50144e+06 885761 825397 367476 315491 2.5515e+06 2.69616e+06 3.5586e+06 2.85626e+06 3.49229e+06 4.55843e+06 3.36974e+06 2.3759e+06 1.43914e+06 819754 488030 433715 427586 538314 459765 414304 841809 1.10464e+06 1.53874e+06 1.56896e+06
BT
 7.79253e+06 1.71619e+06 1.0166e+06 942010 424018 1.43283e+06 3.00994e+06 5.91642e+06 4.62453e+06 5.05081e+06 6.8556e+06 5.56954e+06 4.43991e+06 2.73907e+06 1.65664e+06 958419 736095 620110 701002 655145 711479 768446 1.21991e+06 1.84435e+06 2.05843e+06 2.39124e+06
Ftot
 0.110803 0.110803 0.110803 0.110803 0.110803 0.110803 0.110803 0.110803 0.110803 0.110803 0.110803 0.110803 0.110803 0.110803 0.110803 0.110803 0.110803 0.110803 0.110803 0.110803 0.110803 0.110803 0.110803 0.110803 0.110803 0.110803
BD_Bspro_t
 0.985975 0.915048 0.824697 0.740637 0.666076 0.734265 0.903461 0.843354 0.862307 0.813792 0.836129 0.838709 0.780935 0.744081 0.685473 0.635071 0.606317 0.685851 0.730008 0.791534 0.767302 0.792649 0.857275 0.843595 0.847087 0.811465
BD_Bspro
 3.00835 2.44237 1.44085 1.34266 0.597767 0.513205 4.15048 4.38581 5.78872 4.64623 5.68086 7.41513 5.48151 3.86483 2.34102 1.33348 0.793872 0.705517 0.695547 0.875667 0.747893 0.673942 1.36936 1.7969 2.50304 2.55221
BD_Bo
 0.373585 0.3033 0.178929 0.166735 0.0742322 0.0637311 0.515418 0.544641 0.718858 0.576981 0.705464 0.92083 0.680708 0.479945 0.290714 0.165595 0.098585 0.087613 0.0863749 0.108743 0.0928753 0.0836918 0.17005 0.223144 0.310834 0.31694
BD_Brms
 1.81583 1.47421 0.869695 0.810426 0.36081 0.309769 2.50522 2.64726 3.49406 2.80445 3.42895 4.47575 3.30862 2.3328 1.41303 0.804886 0.479179 0.425848 0.41983 0.52855 0.451426 0.406789 0.82654 1.0846 1.51083 1.54051
S_f
 0.5 1 1 1 1
 0.5 1 1 1 1
 0.5 1 1 1 1
 0.5 1 1 1 1
 0.5 1 1 1 1
 0.5 1 1 1 1
 0.5 1 1 1 1
 0.5 1 1 1 1
 0.5 1 1 1 1
 0.5 1 1 1 1
 0.5 1 1 1 1
 0.5 1 1 1 1
 0.5 1 1 1 1
 0.5 1 1 1 1
 0.5 1 1 1 1
 0.5 1 1 1 1
 0.5 1 1 1 1
 0.5 1 1 1 1
 0.5 1 1 1 1
 0.5 1 1 1 1
 0.5 1 1 1 1
 0.5 1 1 1 1
 0.5 1 1 1 1
 0.5 1 1 1 1
 0.5 1 1 1 1
 0.5 1 1 1 1
Scru_reclas
 0.5 1 1 1 1
 0.5 1 1 1 1
 0.5 1 1 1 1
 0.5 1 1 1 1
 0.5 1 1 1 1
 0.5 1 1 1 1
 0.5 1 1 1 1
 0.5 1 1 1 1
 0.5 1 1 1 1
 0.5 1 1 1 1
 0.5 1 1 1 1
 0.5 1 1 1 1
 0.5 1 1 1 1
 0.5 1 1 1 1
 0.5 1 1 1 1
 0.5 1 1 1 1
 0.5 1 1 1 1
 0.5 1 1 1 1
 0.5 1 1 1 1
 0.5 1 1 1 1
 0.5 1 1 1 1
 0.5 1 1 1 1
 0.5 1 1 1 1
 0.5 1 1 1 1
 0.5 1 1 1 1
 0.5 1 1 1 1
Scru_pelaces
 0.5 1 1 1 1
 0.5 1 1 1 1
 0.5 1 1 1 1
 0.5 1 1 1 1
 0.5 1 1 1 1
 0.5 1 1 1 1
 0.5 1 1 1 1
 0.5 1 1 1 1
 0.5 1 1 1 1
 0.5 1 1 1 1
 0.5 1 1 1 1
 0.5 1 1 1 1
 0.5 1 1 1 1
 0.5 1 1 1 1
 0.5 1 1 1 1
 0.5 1 1 1 1
 0.5 1 1 1 1
 0.5 1 1 1 1
 0.5 1 1 1 1
 0.5 1 1 1 1
 0.5 1 1 1 1
 0.5 1 1 1 1
 0.5 1 1 1 1
 0.5 1 1 1 1
 0.5 1 1 1 1
 0.5 1 1 1 1
pf_obs 
 0.256992 0.487395 0.22802 0.0275931 0
 0.321318 0.546541 0.124235 0.00734118 0.000564706
 0.182869 0.594174 0.210203 0.0122559 0.00049798
 0.330522 0.361315 0.267642 0.0388342 0.00168674
 0.649043 0.306663 0.0425973 0.00169635 0
 0.582887 0.30429 0.105238 0.00758474 0
 0.465427 0.430635 0.0974691 0.00646863 0
 0.296916 0.608066 0.0921331 0.00288517 0
 0.311714 0.524322 0.152257 0.0117073 0
 0.15457 0.633149 0.183074 0.0267441 0.00246327
 0.131901 0.49318 0.331252 0.0422183 0.00144891
 0.196976 0.569456 0.194076 0.0375587 0.00193317
 0.518974 0.381816 0.0799577 0.0180837 0.00116848
 0.0928022 0.601141 0.25162 0.0475244 0.00691264
 0.122501 0.610282 0.24278 0.0234846 0.000952079
 0.383417 0.481906 0.127806 0.00687128 0
 0.0376549 0.599619 0.316969 0.0457579 0
 0.0361596 0.667082 0.258105 0.0386534 0
 0.158088 0.579412 0.248529 0.0139706 0
 0.0477256 0.309471 0.559284 0.082774 0.000745712
 0.0406174 0.521527 0.379366 0.0568643 0.0016247
 0.151134 0.462217 0.34131 0.0453401 0
 0.294876 0.26143 0.354403 0.0886775 0.000613685
 0.281977 0.475581 0.204845 0.0348837 0.00271318
 0.0841818 0.532909 0.334909 0.0458182 0.00218182
 0.115287 0.27431 0.454777 0.147771 0.00785563
pf_pred 
 0.752328 0.124682 0.0619151 0.0307461 0.030329
 0.0191595 0.845892 0.0679352 0.0337356 0.033278
 0.00614128 0.038509 0.823908 0.0661697 0.065272
 0.0095467 0.0124704 0.0378938 0.810747 0.129342
 0.0553048 0.0184235 0.0116623 0.0354383 0.879171
 0.975318 0.00266028 0.00042946 0.000271854 0.0213199
 0.0227088 0.965452 0.00127614 0.000206012 0.0103576
 0.699526 0.0137484 0.283252 0.000374403 0.00309923
 0.142987 0.709356 0.00675611 0.139193 0.00170699
 0.54476 0.116593 0.280301 0.00266967 0.0556766
 0.531421 0.333516 0.0345915 0.0831613 0.0173105
 0.0903094 0.637352 0.19384 0.0201046 0.0583943
 0.243689 0.128593 0.439795 0.133756 0.054167
 0.0311039 0.386938 0.0989486 0.338409 0.144601
 0.0249908 0.0605764 0.365187 0.0933866 0.455859
 0.102061 0.0451075 0.0529856 0.319426 0.48042
 0.487421 0.0973823 0.0208572 0.0244999 0.369839
 0.315402 0.453492 0.0439067 0.00940386 0.177795
 0.57318 0.208017 0.14494 0.014033 0.0598306
 0.115758 0.649767 0.114275 0.0796235 0.0405772
 0.446022 0.117824 0.320499 0.0563662 0.0592892
 0.74593 0.158606 0.020304 0.0552299 0.0199303
 0.388112 0.525199 0.0541166 0.00692775 0.0256448
 0.529777 0.266564 0.174805 0.018012 0.0108413
 0.205315 0.555675 0.135492 0.0888521 0.0146659
 0.488373 0.177915 0.233345 0.0568973 0.0434703
pobs_RECLAS
 0 0 0 0 0
 0 0 0 0 0
 0 0 0 0 0
 0 0 0 0 0
 0.835266 0.146461 0.0176864 0.000547809 3.91292e-05
 0.385257 0.428462 0.181853 0.0044286 0
 0.867414 0.0963971 0.0333333 0.00285562 0
 0.441836 0.489002 0.0689373 0.000224442 0
 0.779404 0.147425 0.0564933 0.0165055 0.000172143
 0.814271 0.122319 0.05973 0.00367925 0
 0.40263 0.566651 0.0304383 0.000280538 0
 0.475488 0.404961 0.113038 0.00651328 0
 0.955842 0.0263864 0.0167828 0.000988607 0
 0.975058 0.0227948 0.00214734 0 0
 0.738997 0.206755 0.0527124 0.00153531 0
 0.850938 0.134255 0.0134407 0.00136685 0
 0.542534 0.407297 0.0501686 0 0
 0.764087 0.199537 0.0359546 0.000420521 0
 0.470689 0.182191 0.310203 0.0369168 0
 0.84361 0.089868 0.0606195 0.00523954 0.000663233
 0.607945 0.314616 0.071237 0.00620181 0
 0.523733 0.453247 0.0230204 0 0
 0.530135 0.295979 0.169645 0.0042399 0
 0.562478 0.366248 0.0663022 0.0049721 0
 0.250443 0.683176 0.0655157 0.000865301 0
 0.195077 0.31981 0.436473 0.0351445 0.0134964
ppred_RECLAS
 0.752995 0.124346 0.0617485 0.0306634 0.0302474
 0.0192268 0.845834 0.0679306 0.0337333 0.0332757
 0.00616317 0.0385081 0.82389 0.0661682 0.0652706
 0.00958061 0.01247 0.0378925 0.810719 0.129338
 0.0554921 0.0184199 0.01166 0.0354313 0.878997
 0.975404 0.00265101 0.000427963 0.000270906 0.0212456
 0.0227883 0.965373 0.00127603 0.000205995 0.0103567
 0.700278 0.013714 0.282543 0.000373467 0.00309148
 0.143426 0.708993 0.00675265 0.139122 0.00170611
 0.545647 0.116366 0.279755 0.00266446 0.0555681
 0.532312 0.332882 0.0345257 0.0830032 0.0172776
 0.0906039 0.637146 0.193777 0.0200981 0.0583754
 0.244349 0.128481 0.439411 0.133639 0.0541197
 0.0312119 0.386895 0.0989376 0.338371 0.144585
 0.0250781 0.060571 0.365155 0.0933782 0.455818
 0.102389 0.045091 0.0529662 0.319309 0.480244
 0.488315 0.0972125 0.0208208 0.0244572 0.369194
 0.316175 0.45298 0.0438571 0.00939324 0.177595
 0.574055 0.20759 0.144643 0.0140042 0.0597079
 0.116124 0.649497 0.114227 0.0795904 0.0405604
 0.446907 0.117636 0.319987 0.0562762 0.0591945
 0.746608 0.158183 0.0202498 0.0550826 0.0198771
 0.388962 0.524469 0.0540414 0.00691812 0.0256092
 0.530669 0.266059 0.174474 0.0179778 0.0108208
 0.205899 0.555266 0.135393 0.0887867 0.0146551
 0.489267 0.177604 0.232937 0.0567979 0.0433943
pobs_PELACES
 0 0 0 0 0
 0 0 0 0 0
 0 0 0 0 0
 0 0 0 0 0
 0 0 0 0 0
 0 0 0 0 0
 0 0 0 0 0
 0 0 0 0 0
 0 0 0 0 0
 0 0 0 0 0
 0.450072 0.473896 0.0757376 0.000293798 0
 0 0 0 0 0
 0.463077 0.371075 0.160297 0.00555027 0
 0.529543 0.364841 0.0842815 0.0213345 0
 0.631943 0.363953 0.00410389 0 0
 0.735681 0.248677 0.0153453 0.000297389 0
 0.695825 0.281241 0.0229344 0 0
 0.275771 0.60734 0.115278 0.00161068 0
 0 0 0 0 0
 0.896147 0.0623911 0.0374545 0.00400742 0
 0.803859 0.145111 0.0509908 3.86294e-05 0
 0.739449 0.233085 0.0266225 0.000797448 4.60066e-05
 0.878498 0.100942 0.0204185 0.000141795 0
 0.694673 0.275183 0.0284847 0.00165964 0
 0.469039 0.446079 0.0841089 0.000773354 0
 0.822795 0.102175 0.0682046 0.00682512 0
ppred_PELACES
 0.756379 0.122642 0.0609024 0.0302432 0.0298329
 0.0195746 0.845534 0.0679065 0.0337214 0.0332639
 0.00627617 0.0385037 0.823796 0.0661607 0.0652632
 0.00975565 0.0124678 0.0378858 0.810576 0.129315
 0.0564582 0.018401 0.0116481 0.035395 0.878098
 0.975839 0.00260415 0.000420398 0.000266117 0.02087
 0.023199 0.964967 0.0012755 0.000205908 0.0103524
 0.704101 0.013539 0.278939 0.000368703 0.00305204
 0.145687 0.707121 0.00673483 0.138755 0.00170161
 0.550176 0.115206 0.276966 0.0026379 0.0550142
 0.53686 0.329644 0.0341899 0.0821959 0.0171096
 0.0921216 0.636082 0.193454 0.0200646 0.058278
 0.24774 0.127904 0.437439 0.13304 0.0538768
 0.0317695 0.386672 0.0988807 0.338176 0.144502
 0.025529 0.060543 0.364986 0.093335 0.455607
 0.104082 0.045006 0.0528664 0.318707 0.479339
 0.492884 0.0963444 0.0206349 0.0242388 0.365897
 0.320141 0.450353 0.0436028 0.00933876 0.176565
 0.578519 0.205414 0.143127 0.0138574 0.0590821
 0.118014 0.648109 0.113983 0.0794203 0.0404737
 0.45143 0.116674 0.31737 0.0558159 0.0587104
 0.750051 0.156033 0.0199746 0.0543341 0.019607
 0.393316 0.520732 0.0536564 0.00686883 0.0254267
 0.535219 0.263479 0.172782 0.0178035 0.0107158
 0.208905 0.553165 0.13488 0.0884507 0.0145996
 0.493836 0.176015 0.230853 0.0562897 0.0430061
pobs_pel_tallas
 0 0 0 0 0 0 0 0 0 0 0 0 0 0 0 0 0 0 0 0 0 0 0 0 0 0 0 0 0 0 0 0 0 0 0 0
 0 0 0 0 0 0 0 0 0 0 0 0 0 0 0 0 0 0 0 0 0 0 0 0 0 0 0 0 0 0 0 0 0 0 0 0
 0 0 0 0 0 0 0 0 0 0 0 0 0 0 0 0 0 0 0 0 0 0 0 0 0 0 0 0 0 0 0 0 0 0 0 0
 0 0 0 0 0 0 0 0 0 0 0 0 0 0 0 0 0 0 0 0 0 0 0 0 0 0 0 0 0 0 0 0 0 0 0 0
 0 0 0 0 0 0 0 0 0 0 0 0 0 0 0 0 0 0 0 0 0 0 0 0 0 0 0 0 0 0 0 0 0 0 0 0
 0 0 0 0 0 0 0 0 0 0 0 0 0 0 0 0 0 0 0 0 0 0 0 0 0 0 0 0 0 0 0 0 0 0 0 0
 0 0 0 0 0 0 0 0 0 0 0 0 0 0 0 0 0 0 0 0 0 0 0 0 0 0 0 0 0 0 0 0 0 0 0 0
 0 0 0 0 0 0 0 0 0 0 0 0 0 0 0 0 0 0 0 0 0 0 0 0 0 0 0 0 0 0 0 0 0 0 0 0
 0 0 0 0 0 0 0 0 0 0 0 0 0 0 0 0 0 0 0 0 0 0 0 0 0 0 0 0 0 0 0 0 0 0 0 0
 0 0 0 0 0 0 0 0 0 0 0 0 0 0 0 0 0 0 0 0 0 0 0 0 0 0 0 0 0 0 0 0 0 0 0 0
 0 0 0 0 0 0 0 0 1.78061e-05 0.00172719 0.00360574 0.0105946 0.0120993 0.0124554 0.0147524 0.0171206 0.0266825 0.0428682 0.0675386 0.121331 0.153587 0.119568 0.100827 0.0573624 0.0630603 0.0341343 0.0324427 0.0444173 0.0211091 0.0280891 0.0125444 0.00206551 0 0 0 0
 0 0 0 0 0 0 0 0 0 0 0 0 0 0 0 0 0 0 0 0 0 0 0 0 0 0 0 0 0 0 0 0 0 0 0 0
 0 0 0 0 0 0 0.0133647 0.0140871 0.0187388 0.0205184 0.03894 0.0496705 0.03968 0.0493445 0.0407372 0.0367815 0.0215668 0.0243155 0.0234873 0.0199281 0.019796 0.0243948 0.0301388 0.0376714 0.0412746 0.0863199 0.0771752 0.113111 0.0741005 0.0525337 0.0229764 0.00759418 0.00175318 0 0 0
 0 0 0 0 0 0 0 0 0 0 0.00219441 0.00772107 0.0458388 0.0604681 0.0671733 0.0775358 0.0609151 0.0617685 0.073594 0.0568108 0.0755445 0.0548602 0.0670107 0.0636378 0.0643287 0.046367 0.0373049 0.0286899 0.0247887 0.0153202 0.00654259 0.00121912 0.000365735 0 0 0
 0 0 0 0 0 0 0 0 0 0 0 0 0.000112435 0.00938835 0.0111873 0.0202946 0.0414886 0.0713402 0.111592 0.104902 0.108894 0.110636 0.117776 0.105296 0.107544 0.0401394 0.0192827 0.0124803 0.00416011 0.0028671 0.000618394 0 0 0 0 0
 0 0 0 0 0 0 0 0 0 0 0.00291406 0.0102884 0.027416 0.0768956 0.0749926 0.110853 0.0956884 0.0897413 0.0766577 0.0534642 0.0500743 0.0551293 0.0594112 0.0620874 0.0668451 0.0424026 0.0208742 0.0120726 0.0048766 0.00582813 0.00118941 0.000297354 0 0 0 0
 0 0.00264628 0.0354308 0.0461629 0.0458689 0.0383711 0.0214643 0.0164657 0.0346957 0.0420465 0.0363128 0.0245516 0.0311673 0.0291091 0.0169068 0.0133784 0.00837989 0.0085269 0.0148486 0.0160247 0.0276389 0.0546898 0.0760071 0.122758 0.109233 0.0665981 0.0333725 0.0166128 0.00676272 0.00308733 0.000882094 0 0 0 0 0
 0 0 0 0 0 0 0 0.000805153 0.000690131 0.00759144 0.0133425 0.0154129 0.00931677 0.000345066 0.00356568 0.00563607 0.00851162 0.0253048 0.0502646 0.0516448 0.0657925 0.0565908 0.0611916 0.0827007 0.0866115 0.110766 0.145733 0.0935128 0.0569358 0.0249597 0.0138026 0.00621118 0.00161031 0.00115022 0 0
 0 0 0 0 0 0 0 0 0 0 0 0 0 0 0 0 0 0 0 0 0 0 0 0 0 0 0 0 0 0 0 0 0 0 0 0
 0.00147267 0.00158595 0.00478618 0.00569244 0.00954404 0.0108468 0.00647125 0.017049 0.0510054 0.094081 0.124002 0.0959785 0.0687766 0.0820023 0.061753 0.0591476 0.0492212 0.0479892 0.0443925 0.0268479 0.0217502 0.0140895 0.0121071 0.0120363 0.00920419 0.00665534 0.0049561 0.00860946 0.00930331 0.0156896 0.0114698 0.00855282 0.00243557 0.00046729 0 2.83206e-05
 0 0 0 0 0.000772559 0.00158375 0.000888443 0.00281984 0.00712685 0.0440552 0.0773331 0.111326 0.0921469 0.0852325 0.0710754 0.0886704 0.0786465 0.0553345 0.0373146 0.0185414 0.00753245 0.00457741 0.012979 0.0271748 0.0457355 0.0583668 0.034881 0.0177882 0.00938659 0.00492506 0.0015258 0.00185414 0.000309023 5.79419e-05 3.86279e-05 0
 0 0.00173294 0.00326652 0 0.00397197 0.00683976 0.00946217 0.0152591 0.00757587 0.0136028 0.0228656 0.0392903 0.0559909 0.0764795 0.0681675 0.0726916 0.0566044 0.0477403 0.0527397 0.0444891 0.0609904 0.0582453 0.0661739 0.0445044 0.0529084 0.0360697 0.0280645 0.0235558 0.0158879 0.00826598 0.00280645 0.00217768 0.000904811 0.00058276 9.20147e-05 0
 0 0 0 0 0 0 0 0 0 0 0 0 0 0 0 0 0 0 0 0 0 0 0 0 0 0 0 0 0 0 0 0 0 0 0 0
 0 0 0 0 0 0 0 0 0 0 0 0 0 0 0 0 0 0 0 0 0 0 0 0 0 0 0 0 0 0 0 0 0 0 0 0
 0 0 0 0 0 0 0 0 0 0 0 0 0 0 0 0 0 0 0 0 0 0 0 0 0 0 0 0 0 0 0 0 0 0 0 0
 0 0 0 0 0 0 0 0 0 0 0 0 0 0 0 0 0 0 0 0 0 0 0 0 0 0 0 0 0 0 0 0 0 0 0 0
ppred_pel_tallas
 1.03338e-16 3.29993e-05 0.000193685 0.000920704 0.00354478 0.0110541 0.0279217 0.0571311 0.0946997 0.127175 0.13838 0.122034 0.0872974 0.0508293 0.0244489 0.0103992 0.00506215 0.00418837 0.00518465 0.00693304 0.00900801 0.0111833 0.0132608 0.0150526 0.0164084 0.0172436 0.0175502 0.0173866 0.0168511 0.0160501 0.0150726 0.013978 0.012799 0.0115521 0.010252 0.00892089
 1.03953e-16 9.0051e-07 5.1703e-06 2.43352e-05 9.3286e-05 0.00029055 0.000734851 0.00151029 0.00252879 0.00347264 0.00398072 0.00399126 0.0039041 0.00439077 0.00607728 0.00939684 0.0146225 0.0218984 0.0311686 0.0420537 0.0537725 0.0651777 0.0749242 0.0817379 0.0847082 0.0835074 0.0784663 0.0704721 0.0607351 0.0504997 0.040796 0.0322957 0.0252892 0.0197582 0.0154949 0.01222
 1.1703e-16 2.89777e-07 1.65441e-06 7.77469e-06 2.97847e-05 9.27057e-05 0.000234185 0.000480169 0.000800143 0.0010876 0.00121814 0.00115748 0.00101228 0.000970422 0.00120572 0.0018452 0.00300375 0.0048258 0.0074939 0.0112059 0.0161359 0.0223885 0.0299524 0.0386594 0.0481605 0.057926 0.0672799 0.0754683 0.0817556 0.0855332 0.0864177 0.0843171 0.0794498 0.0723066 0.0635702 0.054006
 1.34437e-16 4.37324e-07 2.53084e-06 1.19637e-05 4.59521e-05 0.000143162 0.00036157 0.000740279 0.00122922 0.00165748 0.0018214 0.00164906 0.00127446 0.000938796 0.000836135 0.00105794 0.00164669 0.00266789 0.00424099 0.00653331 0.00973845 0.0140491 0.0196241 0.026549 0.0347944 0.0441776 0.0543396 0.0647456 0.0747178 0.0835004 0.0903516 0.0946468 0.0959734 0.0941951 0.0894776 0.0822602
 1.42418e-16 2.4733e-06 1.4485e-05 6.87979e-05 0.000264783 0.000825585 0.00208531 0.00426714 0.0070748 0.00950618 0.0103576 0.00916737 0.00663128 0.00401322 0.0022276 0.00149064 0.00160253 0.00234246 0.00364211 0.00557172 0.00827586 0.0119236 0.0166742 0.0226453 0.0298784 0.0383022 0.0477014 0.0576987 0.0677607 0.0772325 0.0854025 0.0915887 0.0952341 0.0959899 0.0937694 0.0887664
 1.00992e-16 4.25639e-05 0.000249848 0.00118774 0.00457296 0.0142605 0.0360206 0.073701 0.122161 0.164038 0.178451 0.157277 0.112301 0.0649678 0.0304607 0.0115947 0.00362099 0.000993033 0.000341507 0.000264547 0.000331182 0.000440359 0.000573528 0.000727422 0.000900395 0.00109003 0.00129235 0.00150109 0.00170725 0.00189906 0.00206284 0.00218462 0.00225223 0.00225743 0.00219749 0.00207594
 1.00824e-16 1.06331e-06 6.11529e-06 2.88039e-05 0.000110451 0.00034405 0.000870126 0.00178794 0.00299222 0.00410462 0.00469373 0.00468026 0.00452805 0.00501758 0.00686903 0.0105678 0.0164051 0.0245186 0.0348149 0.0468289 0.0596378 0.0719057 0.0820823 0.0887166 0.090797 0.0880042 0.0807973 0.0702899 0.0579731 0.045371 0.0337418 0.0239015 0.0161901 0.0105538 0.00668762 0.00418094
 1.0412e-16 3.0716e-05 0.000180288 0.000857032 0.00329966 0.0102897 0.0259908 0.0531797 0.0881476 0.118369 0.12878 0.113526 0.081118 0.0470462 0.0222886 0.00890967 0.00352728 0.0021938 0.00253917 0.0036124 0.00515199 0.00711027 0.00946099 0.012139 0.0150243 0.0179423 0.0206773 0.0229949 0.0246743 0.025542 0.0255015 0.0245511 0.0227866 0.0203846 0.017574 0.0145996
 1.05174e-16 6.39378e-06 3.74339e-05 0.000177749 0.000684019 0.00213277 0.00538795 0.0110298 0.0183034 0.0246421 0.0269769 0.0241793 0.0181454 0.0122785 0.00911375 0.00938637 0.0126955 0.0184275 0.0260913 0.035188 0.0450143 0.0546077 0.0628546 0.0687045 0.0714115 0.0707132 0.0668905 0.060678 0.0530664 0.045061 0.037477 0.0308252 0.0253006 0.0208517 0.0172863 0.0143734
 1.06631e-16 2.40081e-05 0.000140898 0.000669747 0.00257853 0.00804087 0.0203106 0.0415583 0.068888 0.0925165 0.100681 0.0888196 0.0636061 0.0371763 0.0181532 0.00820409 0.00474247 0.00472947 0.00633229 0.00878464 0.0118074 0.0152397 0.0189059 0.0225974 0.0260921 0.0291799 0.0316823 0.0334617 0.034424 0.0345185 0.0337395 0.032131 0.0297907 0.0268676 0.0235517 0.0200538
 1.04217e-16 2.34356e-05 0.000137519 0.00065364 0.00251645 0.00784722 0.0198217 0.0405594 0.067238 0.0903178 0.0983337 0.0868562 0.0624338 0.03696 0.0189156 0.00999999 0.00775018 0.00922279 0.0125803 0.0169291 0.0217472 0.0265492 0.0308144 0.0340518 0.0359025 0.0362212 0.0351038 0.0328483 0.0298674 0.0265822 0.0233334 0.0203339 0.0176671 0.01532 0.0132305 0.0113304
 1.06366e-16 4.0557e-06 2.37126e-05 0.000112528 0.000432922 0.00134974 0.00341002 0.00698237 0.0115931 0.0156268 0.0171569 0.0154951 0.0118807 0.00852655 0.00711839 0.0082212 0.0116861 0.0172107 0.0245213 0.0332604 0.0428437 0.0524285 0.0610116 0.067617 0.0715083 0.0723512 0.070276 0.0658124 0.0597322 0.0528533 0.0458711 0.0392636 0.0332779 0.0279789 0.0233248 0.0192371
 1.1334e-16 1.08213e-05 6.34782e-05 0.000301679 0.00116137 0.0036215 0.00914769 0.0187184 0.0310317 0.0416866 0.045395 0.0401174 0.028884 0.0171982 0.00899904 0.00511158 0.00446156 0.00577933 0.00833351 0.0118512 0.0162396 0.0214054 0.0271873 0.0333476 0.0395881 0.0455731 0.050954 0.0553912 0.0585787 0.0602707 0.0603121 0.0586666 0.0554345 0.05085 0.045258 0.0390691
 1.19902e-16 1.41312e-06 8.22336e-06 3.89463e-05 0.000149706 0.000466614 0.00117903 0.00241568 0.0040167 0.00543207 0.00601078 0.00553902 0.00448298 0.00366427 0.00374521 0.00502194 0.0075552 0.0113456 0.0163723 0.0225295 0.0295609 0.0370487 0.0444664 0.0512774 0.0570445 0.06151 0.0646203 0.0664827 0.0672811 0.067182 0.0662713 0.0645414 0.0619277 0.0583705 0.0538779 0.0485619
 1.29697e-16 1.12811e-06 6.57932e-06 3.11951e-05 0.000119971 0.000373966 0.000944628 0.00193372 0.00320911 0.00432131 0.00473312 0.00424828 0.00320272 0.00220137 0.00170692 0.00188432 0.0027279 0.00423514 0.00647545 0.00956947 0.0136427 0.0187858 0.025024 0.0322942 0.040427 0.0491367 0.0580227 0.0665859 0.0742658 0.0804957 0.0847705 0.086717 0.0861514 0.0831102 0.0778469 0.070797
 1.34114e-16 4.5516e-06 2.66825e-05 0.000126777 0.000488004 0.00152168 0.00384361 0.00786499 0.0130392 0.0175178 0.01908 0.0168712 0.0121679 0.00728901 0.00390109 0.00237098 0.00228009 0.00314566 0.00473419 0.00703164 0.0101265 0.0141277 0.0191215 0.0251453 0.0321629 0.040041 0.0485291 0.05725 0.0657101 0.0733337 0.0795234 0.0837376 0.0855716 0.084823 0.0815286 0.075963
 1.18254e-16 2.15078e-05 0.000126224 0.000599998 0.00231 0.00720348 0.0181954 0.0372301 0.0617131 0.0828791 0.0901892 0.0795543 0.0569499 0.0332425 0.0161495 0.00715463 0.0039293 0.00374111 0.00494327 0.00685537 0.00925097 0.0120332 0.015119 0.0184213 0.0218579 0.0253588 0.0288605 0.0322892 0.0355399 0.0384621 0.0408619 0.042524 0.0432492 0.0428965 0.0414166 0.038871
 1.09337e-16 1.39903e-05 8.20558e-05 0.00038994 0.0015011 0.00468086 0.0118239 0.0241963 0.0401195 0.0539143 0.0587615 0.0520506 0.0377368 0.0229869 0.0129577 0.00878059 0.00910464 0.0122616 0.0171734 0.0232194 0.029878 0.0365395 0.0425133 0.0471436 0.0499546 0.0507594 0.0496951 0.047166 0.0437213 0.0399085 0.0361529 0.0326957 0.0295979 0.0267923 0.0241551 0.0215718
 1.05336e-16 2.52473e-05 0.000148166 0.000704283 0.00271147 0.00845543 0.0213578 0.0437016 0.0724429 0.0972967 0.105899 0.0934602 0.0670106 0.0393284 0.0195024 0.00930772 0.00603934 0.00649894 0.00872652 0.0118448 0.0154494 0.0192341 0.0228764 0.0260545 0.0285026 0.0300601 0.0306929 0.0304792 0.0295694 0.0281363 0.0263342 0.0242787 0.0220478 0.0196972 0.0172777 0.0148478
 1.0645e-16 5.18498e-06 3.03419e-05 0.000144044 0.000554263 0.00172814 0.00436583 0.00893808 0.0148349 0.0199803 0.0218942 0.0196731 0.0148699 0.0102673 0.00795466 0.00857109 0.0118391 0.0173027 0.0245877 0.0332829 0.0427723 0.0521905 0.0605194 0.0667807 0.0702535 0.070638 0.0681152 0.0632731 0.0569383 0.0499678 0.0430721 0.0367169 0.0311128 0.0262726 0.022097 0.018456
 1.09205e-16 1.97025e-05 0.00011562 0.000549571 0.00211582 0.00659793 0.0166658 0.0341009 0.0565276 0.0759198 0.0826286 0.0729151 0.052263 0.0306416 0.0151433 0.00715885 0.00459377 0.00498558 0.00686063 0.00961476 0.0130326 0.0169804 0.021294 0.0257629 0.0301477 0.0342033 0.0376991 0.0404313 0.0422325 0.042981 0.0426119 0.0411309 0.0386246 0.0352594 0.0312679 0.0269226
 1.03118e-16 3.27246e-05 0.00019207 0.000913017 0.00351517 0.0109617 0.0276885 0.0566542 0.0939101 0.126117 0.137237 0.121043 0.0866255 0.050513 0.024436 0.0106305 0.0055185 0.00489023 0.00616693 0.00821769 0.010582 0.0129847 0.0151752 0.0169225 0.0180559 0.0185009 0.0182913 0.0175512 0.0164546 0.0151773 0.0138577 0.0125773 0.0113631 0.0102046 0.00907737 0.00796197
 1.02356e-16 1.71842e-05 0.0001008 0.000479035 0.00184411 0.0057505 0.0145258 0.0297251 0.0492856 0.0662282 0.0721722 0.0639056 0.0462791 0.0280847 0.0156397 0.0103106 0.01041 0.0138595 0.0193083 0.025975 0.0332102 0.0402672 0.0463091 0.0505476 0.052418 0.0517132 0.0486319 0.0437158 0.037707 0.0313714 0.0253457 0.0200484 0.0156653 0.0121924 0.00950872 0.00744705
 1.03651e-16 2.33618e-05 0.00013709 0.000651615 0.00250867 0.00782298 0.0197604 0.0404336 0.0670278 0.0900306 0.0980086 0.0865396 0.0621423 0.0366603 0.018531 0.00943077 0.00689093 0.00797671 0.0108776 0.0147521 0.0191581 0.0237082 0.0279791 0.0315496 0.0340781 0.0353689 0.0354018 0.034314 0.0323468 0.0297771 0.0268593 0.0237918 0.0207123 0.0177111 0.0148516 0.0121862
 1.05817e-16 9.14448e-06 5.35962e-05 0.000254616 0.000980026 0.00305589 0.00771949 0.0157992 0.0262045 0.0352392 0.0384717 0.0342309 0.0251499 0.0159826 0.010198 0.0086576 0.0106036 0.0150393 0.0212804 0.0288298 0.0371228 0.0454156 0.052838 0.0585479 0.0619138 0.0626545 0.0608912 0.0570891 0.0519183 0.0460822 0.0401721 0.0345855 0.0295186 0.0250113 0.0210167 0.0174631
 1.07279e-16 2.15538e-05 0.000126484 0.000601208 0.00231462 0.00721786 0.0182318 0.0373054 0.0618405 0.0830583 0.0904056 0.0797961 0.0572344 0.0336343 0.0167634 0.00815067 0.0055065 0.00612588 0.00836617 0.0115119 0.0152499 0.019343 0.023525 0.0275068 0.0310185 0.0338489 0.0358679 0.0370241 0.0373256 0.0368157 0.0355544 0.0336132 0.0310806 0.0280708 0.0247271 0.0212161
pSPR Fmed_Fpbrs
0.370712   0.255738 0.255738
Fs Fmed_Fpbrs
0.64   1.005 1.005
SSBpbr Bo_Bmed_Bpbrs
4.95035e+06  1.58764e+06  1.01847e+06 1.01847e+06
Ro
29763.6
SPR SPRFo_SPRFmed_SPRFpbrs
614747 227894 157214
log_Ro
10.121
likeval ReclasPelacesDesembMPH_pf_preclas_ppelaces_ptallas_desvR_qrecl_qpela
 474.509 0.000445581 13836.5 630.644 588.561 442.05 96.0633 0 140.363 0 0 0 0 0 0
q_reclas_q_pelaces
1 1
M
0.7
N
 208454 17695.1 8787.11 4363.55 4304.35
 4330.79 97936.4 7865.47 3905.88 3852.89
 633.507 2034.7 43532.8 3496.21 3448.78
 444.848 297.636 904.426 19350.4 3087.05
 1224.87 208.999 132.299 402.018 9973.46
 411904 575.47 92.9004 58.8071 4611.91
 8886.81 193521 255.797 41.2943 2076.14
 414750 4175.22 86020.4 113.702 941.201
 76684.3 194859 1855.89 38236.1 468.905
 328645 36028 86614.8 824.944 17204.4
 480326 154405 16014.5 38500.4 8014.07
 62427.6 225667 68633 7118.45 20675.7
 108513 29329.9 100309 30507.4 12354.5
 8000.94 50981.7 13037.2 44587.6 19052.2
 3027.64 3759.02 22661.4 5795.03 28287.9
 6283.51 1422.45 1670.89 10073 15149.9
 28847.9 2952.13 632.282 742.711 11211.6
 18403.3 13553.4 1312.22 281.05 5313.71
 46513.1 8646.26 6024.48 583.285 2486.88
 7600.72 21852.9 3843.27 2677.89 1364.69
 26391.6 3570.98 9713.63 1708.34 1796.93
 113850 12399.4 1587.31 4317.72 1558.09
 77170.6 53489.1 5511.53 705.559 2611.8
 140679 36256.4 23776 2449.88 1474.57
 47677.9 66094.3 16116 10568.4 1744.42
 120045 22400.1 29379 7163.59 5473.08
pred_Ctot
 8105.45 1343.3 667.062 331.253 326.759
 168.396 7434.72 597.097 296.51 292.487
 24.633 154.462 3304.74 265.41 261.81
 17.2973 22.5946 68.6583 1468.96 234.35
 47.6273 15.8659 10.0433 30.5187 757.122
 16016.3 43.6861 7.05241 4.46427 350.107
 345.551 14690.9 19.4185 3.1348 157.607
 16127 316.956 6530.12 8.63154 71.45
 2981.76 14792.4 140.887 2902.65 35.5963
 12778.9 2735.02 6575.25 62.6246 1306.05
 18676.8 11721.4 1215.72 2922.7 608.378
 2427.41 17131.3 5210.18 540.388 1569.57
 4219.36 2226.54 7614.86 2315.93 937.878
 311.105 3870.21 989.698 3384.81 1446.32
 117.726 285.361 1720.31 439.922 2147.44
 244.325 107.984 126.843 764.68 1150.09
 1121.71 224.107 47.9988 56.3819 851.115
 715.585 1028.89 99.6158 21.3355 403.383
 1808.6 656.37 457.34 44.2793 188.788
 295.543 1658.93 291.757 203.288 103.599
 1026.2 271.087 737.397 129.686 136.411
 4426.89 941.281 120.498 327.774 118.281
 3000.67 4060.56 418.4 53.5616 198.272
 5470.12 2752.36 1804.92 185.979 111.94
 1853.89 5017.46 1223.43 802.289 132.425
 4667.78 1700.48 2230.27 543.814 415.481
F
 0.0554016 0.110803 0.110803 0.110803 0.110803
 0.0554016 0.110803 0.110803 0.110803 0.110803
 0.0554016 0.110803 0.110803 0.110803 0.110803
 0.0554016 0.110803 0.110803 0.110803 0.110803
 0.0554016 0.110803 0.110803 0.110803 0.110803
 0.0554016 0.110803 0.110803 0.110803 0.110803
 0.0554016 0.110803 0.110803 0.110803 0.110803
 0.0554016 0.110803 0.110803 0.110803 0.110803
 0.0554016 0.110803 0.110803 0.110803 0.110803
 0.0554016 0.110803 0.110803 0.110803 0.110803
 0.0554016 0.110803 0.110803 0.110803 0.110803
 0.0554016 0.110803 0.110803 0.110803 0.110803
 0.0554016 0.110803 0.110803 0.110803 0.110803
 0.0554016 0.110803 0.110803 0.110803 0.110803
 0.0554016 0.110803 0.110803 0.110803 0.110803
 0.0554016 0.110803 0.110803 0.110803 0.110803
 0.0554016 0.110803 0.110803 0.110803 0.110803
 0.0554016 0.110803 0.110803 0.110803 0.110803
 0.0554016 0.110803 0.110803 0.110803 0.110803
 0.0554016 0.110803 0.110803 0.110803 0.110803
 0.0554016 0.110803 0.110803 0.110803 0.110803
 0.0554016 0.110803 0.110803 0.110803 0.110803
 0.0554016 0.110803 0.110803 0.110803 0.110803
 0.0554016 0.110803 0.110803 0.110803 0.110803
 0.0554016 0.110803 0.110803 0.110803 0.110803
 0.0554016 0.110803 0.110803 0.110803 0.110803
Np
 27576.6 8285.17 10251.9 1809.89 2805.25
YTP_r0W_actual
 315836 274410 500181 143036 118785
YTP_p0W_proyectada
 66104.2 587553 150789 252563 98718.1
 66104.2 86312 155257 35003.5 60207
CTP_r0_actual
 35092.9 10803.5 14169.4 3454.99 2639.66
CTP_p0_proyectada
 8061.49 27201.5 4802.19 6298.33 2218.38
 8061.49 3995.93 4944.49 872.905 1352.97
Wmedp
 8.2 21.6 31.4 40.1 44.5
nmprior
 10.8 10.6 4.6 0
nm_flota  nm_reclas  nm_pelaces    nm_pelaL
inf 1.73885 3.74818 6.35842
cv_recla  cv_pelaces  cv_mph
1.92706 0.770784 2.05044
 ------------------------------------------------
Talla a la edad & desviaci?n 
 7.2 14.2025 17.0495 18.207 18.6776
 1.08 2.13037 2.55742 2.73105 2.80164
