years
 1997 1998 1999 2000 2001 2002 2003 2004 2005 2006 2007 2008 2009 2010 2011 2012 2013 2014 2015 2016 2017 2018 2019 2020
reclasobs
 0 0 0 370054 412103 1.49427e+06 250295 1.28982e+06 931140 785840 897777 1.04006e+06 184774 17550 25797 100020 73551 82996 120727 218422 84188 347160 605670 569463
reclaspred
 806468 191071 423284 224971 332438 372962 746755 560060 683327 886963 842932 582315 331868 125189 81328.9 85444.9 87942.4 100250 103709 115970 188954 215070 373426 423264
pelacesobs
 0 0 0 0 0 0 0 0 0 2.06254e+06 1.5e+06 0 1.87456e+06 323000 250000 174000 83755 137374 0 501740 490994 745055 786931 1.00524e+06
pelacespred
 234376 70938.8 60996.9 68132.8 92372.4 69697.8 175555 142245 164046 226177 177556 128370 69995.2 20217.8 13855.5 16460.4 17227.8 20475.6 21248.6 22264.2 46542 51762.8 69063 90390.3
mphobs
 0 0 0 0 0 0 112323 0 153150 637223 0 255016 313432 73983 77613 109348 50772 17779 17303 59886 28197 0 207744 136588
mphpred
 426307 224828 219023 159243 159523 254012 318323 455548 421919 551231 634846 422607 252327 127739 58359.8 51371.1 45926.7 52032.3 62658.9 59653.8 89868 137169 172988 236970
desembarqueobs
 350755 77701 442110 56441 14545 235359 269955 359681 431902 328805 639364 411747 362871 311530 167758 66681 60226 58785 57116 73181 50977 67692 138656 160484
desembarquepred
 350758 77696.7 442060 56447.1 14545.6 235534 270032 359456 431707 328717 639102 411584 362752 311031 167495 66668.1 60259.3 58774.2 57069 73164.2 50969.9 67661.8 138654 160486
Reclutas
 33728.6 39322.9 15093.6 17897 33881.9 21935.2 58764.1 56045.6 89456.6 110126 62336.4 49065.1 50981.6 29508.6 15454 10816.6 7006.63 7799.1 8764.13 10085 18613.2 23526.2 30926.2 40750
log_desv_Rt
 0.232533 0.385995 -0.571544 -0.401181 0.237068 -0.197723 0.787718 0.740352 1.20794 1.41581 0.846732 0.607335 0.645652 0.0988696 -0.547947 -0.904731 -1.33896 -1.2318 -1.11515 -0.974766 -0.361944 -0.127699 0.14579 0.421644
SSB
 426307 224828 219023 159243 159523 254012 306102 447589 407234 536808 634846 422607 264904 138024 67062.3 58523.8 55808.8 59412.2 65716.8 68472.6 93042.7 137169 179912 230611
BT
 1.44888e+06 345427 502339 282906 336984 389813 1.07296e+06 979582 1.21151e+06 1.26767e+06 1.22867e+06 865592 677369 386347 211854 122293 118202 131249 125242 146595 244827 228409 326854 457019
Ftot
 1.05126 1.02111 2.06878 0.588869 0.113839 1.28983 0.997419 1.61653 1.76657 0.999043 1.64409 1.55464 2.55755 4.95303 4.79073 1.85297 1.6073 1.41166 1.28093 1.4927 0.731195 0.742995 0.83566 0.914071
BD_Bspro_t
 0.903967 0.616461 0.49883 0.269673 0.38232 0.549014 0.453726 0.507912 0.445068 0.46527 0.468392 0.307797 0.219904 0.14181 0.0835526 0.0880935 0.114967 0.165392 0.221667 0.276342 0.371996 0.530815 0.554227 0.539096
BD_Bspro
 0.775088 0.408771 0.398216 0.289526 0.290036 0.461831 0.556538 0.813781 0.740411 0.975996 1.15424 0.768362 0.481633 0.250948 0.121929 0.106405 0.101469 0.10802 0.119483 0.124493 0.169165 0.249393 0.327106 0.419284
BD_Bo
 0.85766 0.452318 0.440639 0.32037 0.320934 0.511031 0.615828 0.900476 0.819289 1.07997 1.27721 0.850217 0.532943 0.277682 0.134918 0.11774 0.112278 0.119528 0.132211 0.137756 0.187187 0.275961 0.361953 0.463951
BD_Brms
 2.33197 1.22985 1.19809 0.871082 0.872616 1.38949 1.67443 2.44838 2.22764 2.93643 3.47271 2.31173 1.44906 0.755014 0.366841 0.320134 0.305283 0.324994 0.359481 0.374556 0.508958 0.750334 0.984146 1.26148
S_f
 0.0967989 0.670651 0.974804 0.998641 0.999928
 0.0967989 0.670651 0.974804 0.998641 0.999928
 0.0967989 0.670651 0.974804 0.998641 0.999928
 0.0967989 0.670651 0.974804 0.998641 0.999928
 0.0967989 0.670651 0.974804 0.998641 0.999928
 0.0967989 0.670651 0.974804 0.998641 0.999928
 0.0967989 0.670651 0.974804 0.998641 0.999928
 0.0967989 0.670651 0.974804 0.998641 0.999928
 0.0967989 0.670651 0.974804 0.998641 0.999928
 0.0967989 0.670651 0.974804 0.998641 0.999928
 0.0967989 0.670651 0.974804 0.998641 0.999928
 0.0967989 0.670651 0.974804 0.998641 0.999928
 0.0967989 0.670651 0.974804 0.998641 0.999928
 0.0967989 0.670651 0.974804 0.998641 0.999928
 0.0967989 0.670651 0.974804 0.998641 0.999928
 0.0967989 0.670651 0.974804 0.998641 0.999928
 0.0967989 0.670651 0.974804 0.998641 0.999928
 0.0967989 0.670651 0.974804 0.998641 0.999928
 0.0967989 0.670651 0.974804 0.998641 0.999928
 0.0967989 0.670651 0.974804 0.998641 0.999928
 0.0967989 0.670651 0.974804 0.998641 0.999928
 0.0967989 0.670651 0.974804 0.998641 0.999928
 0.0967989 0.670651 0.974804 0.998641 0.999928
 0.0967989 0.670651 0.974804 0.998641 0.999928
Scru_reclas
 0.281767 0.66379 0.90856 0.980394 0.996042
 0.281767 0.66379 0.90856 0.980394 0.996042
 0.281767 0.66379 0.90856 0.980394 0.996042
 0.281767 0.66379 0.90856 0.980394 0.996042
 0.281767 0.66379 0.90856 0.980394 0.996042
 0.281767 0.66379 0.90856 0.980394 0.996042
 0.281767 0.66379 0.90856 0.980394 0.996042
 0.281767 0.66379 0.90856 0.980394 0.996042
 0.281767 0.66379 0.90856 0.980394 0.996042
 0.281767 0.66379 0.90856 0.980394 0.996042
 0.281767 0.66379 0.90856 0.980394 0.996042
 0.281767 0.66379 0.90856 0.980394 0.996042
 0.281767 0.66379 0.90856 0.980394 0.996042
 0.281767 0.66379 0.90856 0.980394 0.996042
 0.281767 0.66379 0.90856 0.980394 0.996042
 0.281767 0.66379 0.90856 0.980394 0.996042
 0.281767 0.66379 0.90856 0.980394 0.996042
 0.281767 0.66379 0.90856 0.980394 0.996042
 0.281767 0.66379 0.90856 0.980394 0.996042
 0.281767 0.66379 0.90856 0.980394 0.996042
 0.281767 0.66379 0.90856 0.980394 0.996042
 0.281767 0.66379 0.90856 0.980394 0.996042
 0.281767 0.66379 0.90856 0.980394 0.996042
 0.281767 0.66379 0.90856 0.980394 0.996042
Scru_pelaces
 0.274459 0.688897 0.928379 0.986993 0.997754
 0.274459 0.688897 0.928379 0.986993 0.997754
 0.274459 0.688897 0.928379 0.986993 0.997754
 0.274459 0.688897 0.928379 0.986993 0.997754
 0.274459 0.688897 0.928379 0.986993 0.997754
 0.274459 0.688897 0.928379 0.986993 0.997754
 0.274459 0.688897 0.928379 0.986993 0.997754
 0.274459 0.688897 0.928379 0.986993 0.997754
 0.274459 0.688897 0.928379 0.986993 0.997754
 0.274459 0.688897 0.928379 0.986993 0.997754
 0.274459 0.688897 0.928379 0.986993 0.997754
 0.274459 0.688897 0.928379 0.986993 0.997754
 0.274459 0.688897 0.928379 0.986993 0.997754
 0.274459 0.688897 0.928379 0.986993 0.997754
 0.274459 0.688897 0.928379 0.986993 0.997754
 0.274459 0.688897 0.928379 0.986993 0.997754
 0.274459 0.688897 0.928379 0.986993 0.997754
 0.274459 0.688897 0.928379 0.986993 0.997754
 0.274459 0.688897 0.928379 0.986993 0.997754
 0.274459 0.688897 0.928379 0.986993 0.997754
 0.274459 0.688897 0.928379 0.986993 0.997754
 0.274459 0.688897 0.928379 0.986993 0.997754
 0.274459 0.688897 0.928379 0.986993 0.997754
 0.274459 0.688897 0.928379 0.986993 0.997754
pf_obs 
 0.256992 0.487395 0.22802 0.0275931 0
 0.321318 0.546541 0.124235 0.00734118 0.000564706
 0.182869 0.594174 0.210203 0.0122559 0.00049798
 0.330522 0.361315 0.267642 0.0388342 0.00168674
 0.649043 0.306663 0.0425973 0.00169635 0
 0.582887 0.30429 0.105238 0.00758474 0
 0.465427 0.430635 0.0974691 0.00646863 0
 0.296916 0.608066 0.0921331 0.00288517 0
 0.311714 0.524322 0.152257 0.0117073 0
 0.15457 0.633149 0.183074 0.0267441 0.00246327
 0.131901 0.49318 0.331252 0.0422183 0.00144891
 0.196976 0.569456 0.194076 0.0375587 0.00193317
 0.518974 0.381816 0.0799577 0.0180837 0.00116848
 0.0928022 0.601141 0.25162 0.0475244 0.00691264
 0.122501 0.610282 0.24278 0.0234846 0.000952079
 0.383417 0.481906 0.127806 0.00687128 0
 0.0376549 0.599619 0.316969 0.0457579 0
 0.0361596 0.667082 0.258105 0.0386534 0
 0.158088 0.579412 0.248529 0.0139706 0
 0.0477256 0.309471 0.559284 0.082774 0.000745712
 0.0406174 0.521527 0.379366 0.0568643 0.0016247
 0.151134 0.462217 0.34131 0.0453401 0
 0.294876 0.26143 0.354403 0.0886775 0.000613685
 0.281977 0.475581 0.204845 0.0348837 0.00271318
pf_pred 
 0.286844 0.486116 0.202675 0.0243544 1.0583e-05
 0.271526 0.568886 0.126053 0.0300607 0.00347441
 0.129938 0.671572 0.171223 0.0217132 0.0055537
 0.23889 0.491633 0.23769 0.0276368 0.00415086
 0.289529 0.482975 0.169079 0.0517158 0.00670085
 0.156035 0.608646 0.178265 0.0426763 0.0143786
 0.416141 0.372693 0.174808 0.0278341 0.00852447
 0.276586 0.628934 0.0713374 0.0192852 0.00385732
 0.39279 0.48804 0.110888 0.00632882 0.00195282
 0.320431 0.596133 0.0745761 0.00827408 0.00058611
 0.1731 0.659483 0.154973 0.0111687 0.00127643
 0.210508 0.551606 0.211152 0.0248376 0.00189659
 0.314569 0.52284 0.133468 0.0259896 0.00313369
 0.317465 0.61266 0.0622583 0.00632806 0.0012888
 0.357401 0.616118 0.0258757 0.000545518 5.90483e-05
 0.318139 0.652004 0.0295803 0.000271828 5.64484e-06
 0.213432 0.658985 0.124858 0.00270074 2.3999e-05
 0.2791 0.534295 0.169995 0.0162718 0.000337979
 0.286545 0.568978 0.122047 0.0205147 0.00191471
 0.296737 0.557823 0.12792 0.0148997 0.0026212
 0.372605 0.504085 0.10864 0.012976 0.00169502
 0.27648 0.586379 0.11935 0.0157376 0.00205386
 0.26942 0.537411 0.169145 0.0209994 0.00302454
 0.277229 0.537269 0.152785 0.0287754 0.00394271
pobs_RECLAS
 0 0 0 0 0
 0 0 0 0 0
 0 0 0 0 0
 0 0 0 0 0
 0.835266 0.146461 0.0176864 0.000547809 3.91292e-05
 0.385257 0.428462 0.181853 0.0044286 0
 0.867414 0.0963971 0.0333333 0.00285562 0
 0.441836 0.489002 0.0689373 0.000224442 0
 0.779404 0.147425 0.0564933 0.0165055 0.000172143
 0.814271 0.122319 0.05973 0.00367925 0
 0.40263 0.566651 0.0304383 0.000280538 0
 0.475488 0.404961 0.113038 0.00651328 0
 0.955842 0.0263864 0.0167828 0.000988607 0
 0.975058 0.0227948 0.00214734 0 0
 0.738997 0.206755 0.0527124 0.00153531 0
 0.850938 0.134255 0.0134407 0.00136685 0
 0.542534 0.407297 0.0501686 0 0
 0.764087 0.199537 0.0359546 0.000420521 0
 0.470689 0.182191 0.310203 0.0369168 0
 0.84361 0.089868 0.0606195 0.00523954 0.000663233
 0.607945 0.314616 0.071237 0.00620181 0
 0.523733 0.453247 0.0230204 0 0
 0.530135 0.295979 0.169645 0.0042399 0
 0.562478 0.366248 0.0663022 0.0049721 0
ppred_RECLAS
 0.562545 0.307032 0.115809 0.0146074 6.4393e-06
 0.540565 0.36551 0.0733955 0.0183753 0.00215456
 0.344158 0.524839 0.112301 0.0148501 0.00385183
 0.492559 0.335935 0.150322 0.0183832 0.00280127
 0.549909 0.310667 0.102183 0.0329145 0.00432721
 0.375204 0.463146 0.120929 0.0303489 0.0103724
 0.694579 0.201081 0.085586 0.0143084 0.00444552
 0.557684 0.390594 0.0385926 0.0109148 0.00221429
 0.686254 0.259094 0.0506834 0.00302315 0.000946088
 0.595915 0.358332 0.0406746 0.00473817 0.000340497
 0.411549 0.481763 0.09841 0.00741839 0.00085992
 0.471843 0.382878 0.128265 0.0157908 0.00122302
 0.632236 0.293981 0.0601346 0.0121613 0.00148669
 0.710673 0.27074 0.0165329 0.00170343 0.00035128
 0.735804 0.2574 0.00663842 0.000142121 1.55781e-05
 0.609049 0.376216 0.0145918 0.000140052 2.94961e-06
 0.47336 0.45053 0.0744108 0.00168396 1.51775e-05
 0.559905 0.33592 0.0944994 0.00947551 0.000199639
 0.564235 0.354787 0.0678835 0.0119624 0.00113256
 0.581346 0.340211 0.0685859 0.00836429 0.00149255
 0.647055 0.287782 0.0570506 0.00716307 0.000949303
 0.541245 0.377114 0.0705653 0.00978079 0.00129502
 0.535508 0.348946 0.100518 0.0131126 0.00191602
 0.546439 0.344224 0.0892305 0.0176522 0.00245371
pobs_PELACES
 0 0 0 0 0
 0 0 0 0 0
 0 0 0 0 0
 0 0 0 0 0
 0 0 0 0 0
 0 0 0 0 0
 0 0 0 0 0
 0 0 0 0 0
 0 0 0 0 0
 0 0 0 0 0
 0.450072 0.473896 0.0757376 0.000293798 0
 0 0 0 0 0
 0.463077 0.371075 0.160297 0.00555027 0
 0.529543 0.364841 0.0842815 0.0213345 0
 0.631943 0.363953 0.00410389 0 0
 0.735681 0.248677 0.0153453 0.000297389 0
 0.695825 0.281241 0.0229344 0 0
 0.275771 0.60734 0.115278 0.00161068 0
 0 0 0 0 0
 0.896147 0.0623911 0.0374545 0.00400742 0
 0.803859 0.145111 0.0509908 3.86294e-05 0
 0.739449 0.233085 0.0266225 0.000797448 4.60066e-05
 0.878498 0.100942 0.0204185 0.000141795 0
 0.694673 0.275183 0.0284847 0.00165964 0
ppred_PELACES
 0.604071 0.287867 0.0961999 0.0118565 5.19828e-06
 0.578483 0.343478 0.0612925 0.0149977 0.00174901
 0.431698 0.474072 0.0811466 0.0104014 0.00268212
 0.510935 0.332101 0.137916 0.0165403 0.00250728
 0.541914 0.319234 0.102206 0.032407 0.00423908
 0.427506 0.440403 0.0994691 0.0243464 0.00827493
 0.728389 0.186003 0.0705215 0.011525 0.00356142
 0.621149 0.341289 0.0282283 0.00776632 0.00156663
 0.747466 0.215186 0.0347108 0.0020117 0.000625955
 0.628778 0.333404 0.0337061 0.00383817 0.000274331
 0.48029 0.438771 0.0748213 0.00548555 0.000632263
 0.540749 0.348288 0.09828 0.0117759 0.000906921
 0.733564 0.223911 0.0348854 0.00681243 0.00082776
 0.858094 0.136334 0.00498589 0.000486787 9.96753e-05
 0.867407 0.130498 0.00204869 4.16147e-05 4.52949e-06
 0.676497 0.313469 0.00993902 9.26263e-05 1.93955e-06
 0.539441 0.403482 0.0558369 0.00122933 1.10172e-05
 0.617806 0.302282 0.0726638 0.00709922 0.000148739
 0.613834 0.322663 0.0534512 0.00918703 0.000865
 0.6404 0.30098 0.0514286 0.00610718 0.00108367
 0.667626 0.275459 0.0499607 0.00614485 0.000810054
 0.564287 0.363923 0.0622285 0.00844841 0.00111269
 0.565028 0.334867 0.087333 0.0111509 0.00162069
 0.579747 0.327265 0.0762035 0.0147462 0.00203876
pobs_pel_tallas
 0 0 0 0 0 0 0 0 0 0 0 0 0 0 0 0 0 0 0 0 0 0 0 0 0 0 0 0 0 0 0 0 0 0 0 0
 0 0 0 0 0 0 0 0 0 0 0 0 0 0 0 0 0 0 0 0 0 0 0 0 0 0 0 0 0 0 0 0 0 0 0 0
 0 0 0 0 0 0 0 0 0 0 0 0 0 0 0 0 0 0 0 0 0 0 0 0 0 0 0 0 0 0 0 0 0 0 0 0
 0 0 0 0 0 0 0 0 0 0 0 0 0 0 0 0 0 0 0 0 0 0 0 0 0 0 0 0 0 0 0 0 0 0 0 0
 0 0 0 0 0 0 0 0 0 0 0 0 0 0 0 0 0 0 0 0 0 0 0 0 0 0 0 0 0 0 0 0 0 0 0 0
 0 0 0 0 0 0 0 0 0 0 0 0 0 0 0 0 0 0 0 0 0 0 0 0 0 0 0 0 0 0 0 0 0 0 0 0
 0 0 0 0 0 0 0 0 0 0 0 0 0 0 0 0 0 0 0 0 0 0 0 0 0 0 0 0 0 0 0 0 0 0 0 0
 0 0 0 0 0 0 0 0 0 0 0 0 0 0 0 0 0 0 0 0 0 0 0 0 0 0 0 0 0 0 0 0 0 0 0 0
 0 0 0 0 0 0 0 0 0 0 0 0 0 0 0 0 0 0 0 0 0 0 0 0 0 0 0 0 0 0 0 0 0 0 0 0
 0 0 0 0 0 0 0 0 0 0 0 0 0 0 0 0 0 0 0 0 0 0 0 0 0 0 0 0 0 0 0 0 0 0 0 0
 0 0 0 0 0 0 0 0 1.78061e-05 0.00172719 0.00360574 0.0105946 0.0120993 0.0124554 0.0147524 0.0171206 0.0266825 0.0428682 0.0675386 0.121331 0.153587 0.119568 0.100827 0.0573624 0.0630603 0.0341343 0.0324427 0.0444173 0.0211091 0.0280891 0.0125444 0.00206551 0 0 0 0
 0 0 0 0 0 0 0 0 0 0 0 0 0 0 0 0 0 0 0 0 0 0 0 0 0 0 0 0 0 0 0 0 0 0 0 0
 0 0 0 0 0 0 0.0133647 0.0140871 0.0187388 0.0205184 0.03894 0.0496705 0.03968 0.0493445 0.0407372 0.0367815 0.0215668 0.0243155 0.0234873 0.0199281 0.019796 0.0243948 0.0301388 0.0376714 0.0412746 0.0863199 0.0771752 0.113111 0.0741005 0.0525337 0.0229764 0.00759418 0.00175318 0 0 0
 0 0 0 0 0 0 0 0 0 0 0.00219441 0.00772107 0.0458388 0.0604681 0.0671733 0.0775358 0.0609151 0.0617685 0.073594 0.0568108 0.0755445 0.0548602 0.0670107 0.0636378 0.0643287 0.046367 0.0373049 0.0286899 0.0247887 0.0153202 0.00654259 0.00121912 0.000365735 0 0 0
 0 0 0 0 0 0 0 0 0 0 0 0 0.000112435 0.00938835 0.0111873 0.0202946 0.0414886 0.0713402 0.111592 0.104902 0.108894 0.110636 0.117776 0.105296 0.107544 0.0401394 0.0192827 0.0124803 0.00416011 0.0028671 0.000618394 0 0 0 0 0
 0 0 0 0 0 0 0 0 0 0 0.00291406 0.0102884 0.027416 0.0768956 0.0749926 0.110853 0.0956884 0.0897413 0.0766577 0.0534642 0.0500743 0.0551293 0.0594112 0.0620874 0.0668451 0.0424026 0.0208742 0.0120726 0.0048766 0.00582813 0.00118941 0.000297354 0 0 0 0
 0 0.00264628 0.0354308 0.0461629 0.0458689 0.0383711 0.0214643 0.0164657 0.0346957 0.0420465 0.0363128 0.0245516 0.0311673 0.0291091 0.0169068 0.0133784 0.00837989 0.0085269 0.0148486 0.0160247 0.0276389 0.0546898 0.0760071 0.122758 0.109233 0.0665981 0.0333725 0.0166128 0.00676272 0.00308733 0.000882094 0 0 0 0 0
 0 0 0 0 0 0 0 0.000805153 0.000690131 0.00759144 0.0133425 0.0154129 0.00931677 0.000345066 0.00356568 0.00563607 0.00851162 0.0253048 0.0502646 0.0516448 0.0657925 0.0565908 0.0611916 0.0827007 0.0866115 0.110766 0.145733 0.0935128 0.0569358 0.0249597 0.0138026 0.00621118 0.00161031 0.00115022 0 0
 0 0 0 0 0 0 0 0 0 0 0 0 0 0 0 0 0 0 0 0 0 0 0 0 0 0 0 0 0 0 0 0 0 0 0 0
 0.00147267 0.00158595 0.00478618 0.00569244 0.00954404 0.0108468 0.00647125 0.017049 0.0510054 0.094081 0.124002 0.0959785 0.0687766 0.0820023 0.061753 0.0591476 0.0492212 0.0479892 0.0443925 0.0268479 0.0217502 0.0140895 0.0121071 0.0120363 0.00920419 0.00665534 0.0049561 0.00860946 0.00930331 0.0156896 0.0114698 0.00855282 0.00243557 0.00046729 0 2.83206e-05
 0 0 0 0 0.000772559 0.00158375 0.000888443 0.00281984 0.00712685 0.0440552 0.0773331 0.111326 0.0921469 0.0852325 0.0710754 0.0886704 0.0786465 0.0553345 0.0373146 0.0185414 0.00753245 0.00457741 0.012979 0.0271748 0.0457355 0.0583668 0.034881 0.0177882 0.00938659 0.00492506 0.0015258 0.00185414 0.000309023 5.79419e-05 3.86279e-05 0
 0 0.00173294 0.00326652 0 0.00397197 0.00683976 0.00946217 0.0152591 0.00757587 0.0136028 0.0228656 0.0392903 0.0559909 0.0764795 0.0681675 0.0726916 0.0566044 0.0477403 0.0527397 0.0444891 0.0609904 0.0582453 0.0661739 0.0445044 0.0529084 0.0360697 0.0280645 0.0235558 0.0158879 0.00826598 0.00280645 0.00217768 0.000904811 0.00058276 9.20147e-05 0
 0 0 0 0 0 0 0 0 0 0 0 0 0 0 0 0 0 0 0 0 0 0 0 0 0 0 0 0 0 0 0 0 0 0 0 0
 0 0 0 0 0 0 0 0 0 0 0 0 0 0 0 0 0 0 0 0 0 0 0 0 0 0 0 0 0 0 0 0 0 0 0 0
ppred_pel_tallas
 1.01868e-16 2.63649e-05 0.000154719 0.000735421 0.00283134 0.00882919 0.022302 0.0456341 0.0756482 0.101607 0.110606 0.0976497 0.0700918 0.0412916 0.0207609 0.0103764 0.00733195 0.00829183 0.0111875 0.0150461 0.0193507 0.0236575 0.027497 0.0304204 0.0320891 0.0323475 0.0312528 0.0290464 0.026084 0.0227469 0.0193654 0.0161738 0.0133023 0.0107959 0.0086464 0.00682206
 1.0158e-16 2.52512e-05 0.000148176 0.000704305 0.00271151 0.00845551 0.0213582 0.0437034 0.0724495 0.0973169 0.105951 0.0935759 0.0672463 0.0397732 0.0202887 0.0106164 0.00809336 0.0095389 0.0129649 0.0174026 0.0222871 0.0270957 0.0312697 0.034283 0.0357518 0.035523 0.0337063 0.0306363 0.0267818 0.0226326 0.0186023 0.0149704 0.0118731 0.00932892 0.00728335 0.00565135
 1.0179e-16 1.88561e-05 0.000110619 0.000525727 0.0020239 0.00631118 0.015942 0.0326224 0.0540865 0.0726709 0.0791705 0.0700485 0.0506109 0.0304809 0.0165569 0.0102978 0.0098124 0.0127944 0.0177648 0.0239114 0.0306143 0.0371876 0.0428656 0.0469224 0.0488298 0.0483806 0.0457327 0.0413568 0.0359102 0.0300794 0.0244444 0.019398 0.0151309 0.0116682 0.00892936 0.00678931
 1.02752e-16 2.23056e-05 0.000130883 0.000622093 0.00239498 0.00746842 0.0188649 0.0386018 0.0639935 0.085962 0.0935975 0.0826879 0.0594704 0.0352725 0.0181766 0.00981471 0.00785938 0.00952546 0.0130761 0.0176639 0.0227824 0.0279445 0.0326137 0.0362697 0.0385116 0.039143 0.0382065 0.0359543 0.0327699 0.0290705 0.025222 0.02149 0.0180308 0.0149122 0.0121475 0.0097261
 1.02867e-16 2.36558e-05 0.000138812 0.000659788 0.00254012 0.00792103 0.0200081 0.0409409 0.0678701 0.0911659 0.0992549 0.0876648 0.063004 0.0372758 0.019038 0.0100037 0.00768558 0.00911401 0.01244 0.0167721 0.0215979 0.0264431 0.0307937 0.0341561 0.0361563 0.0366209 0.0356085 0.0333782 0.0303118 0.0268165 0.0232419 0.019832 0.0167188 0.0139449 0.0115008 0.00935724
 1.02779e-16 1.8672e-05 0.000109541 0.000520609 0.0020042 0.00624977 0.0157868 0.0323047 0.053559 0.0719598 0.0783899 0.0693436 0.0500706 0.0300939 0.0162362 0.00993256 0.00930256 0.0120599 0.0167478 0.0225832 0.0289883 0.0353315 0.0409055 0.0450347 0.0472196 0.0472498 0.0452464 0.0416141 0.0369288 0.0317956 0.0267273 0.0220739 0.0180106 0.0145718 0.0117051 0.00932389
 1.01625e-16 3.17815e-05 0.000186529 0.00088667 0.00341372 0.0106454 0.0268894 0.0550194 0.0912013 0.122483 0.13329 0.117583 0.0841955 0.0491887 0.0239691 0.0107252 0.00599943 0.00571628 0.00737389 0.00986039 0.0126954 0.0155596 0.0181449 0.02016 0.0213832 0.0217078 0.0211618 0.0198902 0.0181107 0.016058 0.0139365 0.0118918 0.010007 0.00831464 0.00681666 0.00550263
 1.00853e-16 2.71115e-05 0.000159098 0.00075623 0.00291144 0.00907898 0.022933 0.0469255 0.0777901 0.104488 0.11375 0.100446 0.0721429 0.042588 0.0215736 0.0110414 0.00811441 0.00936158 0.0126388 0.0169074 0.0215765 0.0261152 0.0299653 0.0326079 0.0336743 0.0330334 0.030823 0.0274088 0.02329 0.0189817 0.0149136 0.0113695 0.00847716 0.00623504 0.00456021 0.00333556
 1.00662e-16 3.26145e-05 0.000191417 0.000909902 0.00350316 0.0109243 0.0275939 0.056461 0.0935916 0.125695 0.13679 0.120681 0.0864367 0.0505438 0.0247135 0.0111974 0.0064511 0.00629055 0.00813754 0.0108286 0.0138364 0.016791 0.0193334 0.0211326 0.0219495 0.0216916 0.0204338 0.0183931 0.0158722 0.0131867 0.0106034 0.00830283 0.00637247 0.00482283 0.00361527 0.00268964
 1.00732e-16 2.74439e-05 0.00016105 0.00076551 0.00294717 0.00919042 0.0232145 0.0475014 0.0787444 0.105768 0.115141 0.101668 0.0730063 0.0430688 0.0217638 0.011052 0.00801624 0.00918035 0.0123744 0.0165527 0.0211286 0.0255809 0.0293631 0.0319669 0.0330295 0.03242 0.0302699 0.0269334 0.0228966 0.0186623 0.0146518 0.0111456 0.00827287 0.00603709 0.00436182 0.00313608
 1.01424e-16 2.09735e-05 0.000123053 0.000584847 0.00225154 0.00702108 0.0177351 0.0362909 0.0601661 0.0808313 0.0880393 0.0778443 0.0561322 0.0335837 0.0178394 0.0104817 0.00936684 0.0119002 0.016433 0.0220962 0.0282788 0.0343363 0.0395571 0.0432686 0.044982 0.0445062 0.0419899 0.0378721 0.0327653 0.0273101 0.0220478 0.0173463 0.0133851 0.0101883 0.00768064 0.00574378
 1.01956e-16 2.36062e-05 0.000138518 0.000658385 0.00253471 0.00790416 0.0199655 0.0408539 0.0677268 0.090976 0.0990546 0.0875035 0.062922 0.0372952 0.0191725 0.0102744 0.0081288 0.00977725 0.0133697 0.0179979 0.0231164 0.0282048 0.0326979 0.0360561 0.0378765 0.0379825 0.0364582 0.0336131 0.0298944 0.0257773 0.02167 0.0178577 0.0144924 0.0116169 0.00920551 0.00720265
 1.00842e-16 3.20086e-05 0.000187859 0.000892986 0.00343802 0.0107211 0.0270808 0.0554114 0.0918521 0.12336 0.134252 0.11845 0.0848544 0.0496511 0.0243378 0.0111301 0.00655545 0.0065118 0.00846972 0.0112828 0.0144228 0.0175102 0.0201732 0.0220681 0.0229468 0.0227128 0.0214431 0.0193621 0.016782 0.0140284 0.0113752 0.00900736 0.00701323 0.00540228 0.00413412 0.00314734
 1.00137e-16 3.74351e-05 0.000219726 0.0010445 0.00402143 0.0125405 0.0316762 0.0648132 0.107433 0.144273 0.156982 0.13843 0.0990079 0.0576095 0.0276356 0.0116195 0.0054406 0.004258 0.00510541 0.00668795 0.00849693 0.0102548 0.0117259 0.0127021 0.0130381 0.0126859 0.0117068 0.010254 0.0085346 0.00676122 0.00511046 0.00369816 0.00257459 0.00173574 0.00114278 0.000741926
 1.00074e-16 3.7841e-05 0.000222109 0.00105583 0.00406506 0.0126766 0.0320199 0.0655164 0.108598 0.145838 0.158682 0.139925 0.100068 0.0582069 0.0278862 0.0116626 0.00536744 0.00410451 0.0048747 0.00637154 0.00808697 0.00974991 0.0111339 0.0120396 0.0123294 0.0119588 0.0109887 0.00956883 0.00789986 0.00618767 0.00460279 0.00325654 0.00219641 0.00141688 0.000878431 0.000526943
 1.00247e-16 2.95238e-05 0.000173263 0.000823577 0.00317075 0.00988764 0.0249756 0.0511046 0.084716 0.113785 0.123857 0.109336 0.0784529 0.0461613 0.0231029 0.0113647 0.00778508 0.00860589 0.0114867 0.0153155 0.0194972 0.0235286 0.0268929 0.0291147 0.0298615 0.0290238 0.0267439 0.0233767 0.0194001 0.0153052 0.0114997 0.00825081 0.00567417 0.00375982 0.00241703 0.00152026
 1.00967e-16 2.35513e-05 0.000138191 0.000656819 0.00252866 0.00788528 0.0199179 0.0407569 0.0675675 0.0907664 0.0988384 0.0873405 0.0628658 0.037384 0.0194411 0.0107728 0.00892926 0.0109655 0.0150238 0.0201605 0.0257663 0.0312354 0.0359104 0.0391738 0.0405812 0.0399655 0.0374752 0.033528 0.0287015 0.0235969 0.0187211 0.0144154 0.0108428 0.00801774 0.00585971 0.00424619
 1.01381e-16 2.69643e-05 0.000158237 0.000752144 0.00289572 0.00902996 0.0228092 0.0466718 0.0773686 0.103919 0.113123 0.0998742 0.0716937 0.0422455 0.0212586 0.0106527 0.00755715 0.00855705 0.0115302 0.0154708 0.019836 0.0241557 0.0279354 0.030708 0.0321285 0.0320518 0.0305625 0.0279423 0.0245929 0.0209385 0.0173413 0.0140519 0.0111997 0.00881458 0.00686307 0.00528397
 1.01221e-16 2.67919e-05 0.000157223 0.000747319 0.00287713 0.008972 0.0226628 0.0463725 0.076873 0.103255 0.112405 0.0992517 0.0712715 0.0420461 0.021249 0.0107956 0.00784045 0.00899363 0.0121425 0.0162735 0.0208226 0.0252896 0.0291471 0.0319006 0.0331912 0.0328784 0.0310706 0.028089 0.0243815 0.0204157 0.0165859 0.0131591 0.0102642 0.00791703 0.00606205 0.00461321
 1.01089e-16 2.79494e-05 0.000164021 0.000779641 0.00300159 0.00936012 0.0236431 0.0483781 0.0801967 0.107716 0.117253 0.103512 0.074286 0.0437348 0.0219366 0.0108736 0.00756133 0.00845217 0.011341 0.0151849 0.0194273 0.0235944 0.0271927 0.02976 0.0309612 0.0306645 0.0289709 0.0261797 0.0227091 0.0189957 0.0154089 0.0121986 0.00948672 0.00728922 0.00555506 0.00420429
 1.01049e-16 2.91355e-05 0.000170987 0.000812762 0.00312912 0.00975784 0.0246477 0.0504334 0.0836025 0.112287 0.122219 0.107875 0.0773694 0.0454544 0.022622 0.0109215 0.00722507 0.00782284 0.0104157 0.0139324 0.0178285 0.0216621 0.0249801 0.0273592 0.0284911 0.0282537 0.0267367 0.0242114 0.0210576 0.0176728 0.0143933 0.0114478 0.00894849 0.00691194 0.00529395 0.00402417
 1.01345e-16 2.46331e-05 0.000144545 0.000687038 0.00264503 0.00824817 0.0208345 0.042632 0.0706743 0.0949349 0.103364 0.0913076 0.0656514 0.0389005 0.0199736 0.0106618 0.00837957 0.0100318 0.0136782 0.0183601 0.0234982 0.0285416 0.0328977 0.0360086 0.0374689 0.0371192 0.035081 0.0317158 0.0275285 0.0230464 0.0187152 0.0148368 0.0115581 0.00889842 0.0067963 0.00515557
 1.01808e-16 2.46643e-05 0.000144731 0.000687927 0.00264846 0.00825887 0.0208615 0.042687 0.0707648 0.095054 0.103488 0.091402 0.0656873 0.0388578 0.0198349 0.010402 0.0079616 0.00941147 0.0128154 0.0172335 0.0221199 0.0269685 0.0312348 0.0344013 0.0360832 0.0361151 0.0345836 0.0317922 0.0281768 0.0241988 0.0202531 0.0166137 0.0134239 0.0107201 0.00847146 0.00661817
 1.01791e-16 2.53058e-05 0.000148498 0.000705836 0.00271741 0.00847392 0.0214047 0.0437984 0.0726065 0.0975264 0.106175 0.0937657 0.0673642 0.039806 0.0202378 0.0104814 0.00786309 0.00919327 0.0124831 0.0167728 0.0215158 0.026214 0.0303352 0.0333755 0.0349624 0.034939 0.0333956 0.0306346 0.0270869 0.0232063 0.0193788 0.0158698 0.0128143 0.0102414 0.00811389 0.00636707
pSPR Fmed_Fpbrs
0.520836   0.417784 0.417784
Fs Fmed_Fpbrs
0.64   1.005 1.005
SSBpbr Bo_Bmed_Bpbrs
497058  234033  182810 182810
Ro
26730.7
SPR SPRFo_SPRFmed_SPRFpbrs
550011 286465 229786
log_Ro
10.0136
likeval ReclasPelacesDesembMPH_pf_preclas_ppelaces_ptallas_desvR_qrecl_qpela
 65.5807 0.00410347 0.0406083 43.8075 316.548 174.706 48.1303 0 19.3051 2.80356e-05 0 0 0 0 0
q_reclas_q_pelaces
2.11765 1
M
0.7
N
 33728.6 10565.3 3416.24 404.365 0.175572
 39322.9 15128.6 2592.31 608.823 70.3108
 15093.6 17689.4 3787.76 475.762 121.627
 17897 6135.02 2193.58 250.353 37.5643
 33881.9 8394.95 2052.56 613.547 79.4005
 21935.2 16640.9 3862.38 912.212 307.124
 58764.1 9614.16 3479.32 545.504 166.929
 56045.6 26495.7 2445.66 653.475 130.624
 89456.6 23800 4449.78 251.205 77.4672
 110126 37440.4 3614.43 394.867 27.9483
 62336.4 49646 9513.79 677.777 77.4137
 49065.1 26400.9 8185.02 951.299 72.5948
 50981.6 20961 4621.79 893.008 107.63
 29508.6 19764.7 1872.8 189.696 38.6274
 15454 9072.38 354.213 7.44062 0.80524
 10816.6 4826.54 181.287 1.64851 0.0342142
 7006.63 4489.39 691.724 14.7877 0.131324
 7799.1 2978.06 758.644 71.6921 1.4881
 8764.13 3378.26 573.809 95.1487 8.87419
 10085 3844.62 710.567 81.7482 14.372
 18613.2 4334.28 701.59 82.3493 10.7471
 23526.2 8611.43 1318.08 170.814 22.2719
 30926.2 10872 2598.15 317.24 45.6517
 40750 14164.1 3082.55 571.32 78.2137
pred_Ctot
 2360.74 4000.75 1668.02 200.438 0.0870981
 2676.77 5608.22 1242.66 296.345 34.2516
 1992.77 10299.4 2625.93 333.001 85.1732
 715.499 1472.49 711.904 82.7749 12.4323
 267.204 445.734 156.042 47.7281 6.18417
 1864.97 7274.68 2130.66 510.077 171.856
 3911.23 3502.87 1642.98 261.607 80.1199
 5891.25 13396.2 1519.48 410.773 82.1605
 10212.2 12688.6 2883 164.544 50.7717
 7341.21 13657.7 1708.57 189.563 13.428
 6656.61 25360.6 5959.54 429.496 49.0857
 4972.81 13030.6 4988.02 586.738 44.8031
 8155.95 13555.9 3460.48 673.842 81.2485
 8307.38 16032 1629.17 165.592 33.7253
 4234.93 7300.52 306.606 6.46396 0.699676
 1290.57 2644.94 119.996 1.10271 0.0228991
 732.581 2261.9 428.564 9.27 0.0823741
 722.042 1382.24 439.783 42.0957 0.874364
 740.275 1469.93 315.301 52.9988 4.94657
 983.94 1849.67 424.165 49.4053 8.69155
 918.437 1242.52 267.787 31.9847 4.17808
 1179.01 2500.53 508.95 67.1107 8.7584
 1736.35 3463.49 1090.1 135.336 19.4925
 2494.33 4834.01 1374.66 258.904 35.4741
F
 0.10176 0.705025 1.02477 1.04983 1.05118
 0.0988427 0.684811 0.995387 1.01973 1.02104
 0.200256 1.38743 2.01666 2.06597 2.06864
 0.0570019 0.394926 0.574033 0.588069 0.588827
 0.0110195 0.0763462 0.110971 0.113684 0.113831
 0.124854 0.865024 1.25733 1.28808 1.28974
 0.0965491 0.66892 0.972289 0.996064 0.997348
 0.156478 1.08413 1.5758 1.61433 1.61641
 0.171002 1.18475 1.72206 1.76417 1.76644
 0.0967063 0.670009 0.973872 0.997686 0.998972
 0.159146 1.10261 1.60267 1.64186 1.64398
 0.150487 1.04262 1.51547 1.55252 1.55452
 0.247568 1.71522 2.49311 2.55408 2.55737
 0.479448 3.32175 4.82824 4.9463 4.95268
 0.463738 3.21291 4.67003 4.78423 4.79039
 0.179366 1.2427 1.80628 1.85045 1.85284
 0.155585 1.07794 1.56681 1.60512 1.60719
 0.136647 0.94673 1.37609 1.40974 1.41156
 0.123992 0.859054 1.24865 1.27919 1.28083
 0.144492 1.00108 1.45509 1.49067 1.49259
 0.0707789 0.490377 0.712773 0.730202 0.731143
 0.071921 0.49829 0.724274 0.741985 0.742941
 0.080891 0.560436 0.814605 0.834525 0.835601
 0.0884811 0.613023 0.891041 0.91283 0.914006
Np
 18644.1 8400.12 4687.84 710.356 135.079
YTP_r0W_actual
 21855.9 98601.9 40224.7 9911.14 1659.71
YTP_p0W_proyectada
 10249.6 146585 56771.6 12134.3 2930.52
 10249.6 66478.4 69847.8 13726.6 2898.98
CTP_r0_actual
 2731.99 5189.57 1462.72 275.31 37.7206
CTP_p0_proyectada
 1249.95 6786.36 1808.01 302.602 65.8543
 1249.95 3077.71 2224.45 342.308 65.1457
Wmedp
 8.2 21.6 31.4 40.1 44.5
nmprior
 10.8 10.6 4.6 0
nm_flota  nm_reclas  nm_pelaces    nm_pelaL
inf 25.1933 9.1953 14.3311
cv_recla  cv_pelaces  cv_mph
0.749747 2.51257 0.561617
 ------------------------------------------------
Talla a la edad & desviaci?n 
 7.2 14.2025 17.0495 18.207 18.6776
 1.08 2.13037 2.55742 2.73105 2.80164
