years
 1997 1998 1999 2000 2001 2002 2003 2004 2005 2006 2007 2008 2009 2010 2011 2012 2013 2014 2015 2016 2017 2018 2019 2020 2021
reclasobs
 0 0 0 370054 412103 1.49427e+06 250295 1.28982e+06 931140 785840 897777 1.04006e+06 184774 17550 25797 100020 73551 82996 120727 218422 84188 347160 605670 569463 516374
reclaspred
 758598 181904 406963 220230 325996 365562 736550 548255 671022 866639 818360 566357 324177 122706 79878.3 83417.7 85738 97693.1 100860 113539 185457 210092 376271 482690 685678
pelacesobs
 0 0 0 0 0 0 0 0 0 2.06254e+06 1.5e+06 0 1.87456e+06 323000 250000 174000 83755 137374 0 501740 490994 745055 786931 1.00524e+06 1.33801e+06
pelacespred
 261084 75897.2 69247.7 76332.1 103391 78638.6 201778 162021 188622 256715 200117 144737 79996.7 23404.1 16068.5 18758.9 19534.2 23170 23897.7 25322.4 53031.2 58009.9 80535.3 120513 171776
mphobs
 0 0 0 0 0 0 112323 0 153150 637223 0 255016 313432 73983 77613 109348 50772 17779 17303 59886 28197 0 207744 136588 643089
mphpred
 422495 223700 220914 163942 165270 261652 328577 465792 430129 562494 646789 431356 257914 129852 59435.3 52316.4 46919.9 53165.9 63897.6 61079 92259.5 140483 180238 268792 369267
desembarqueobs
 350755 77701 442110 56441 14545 235359 269955 359681 431902 328805 639364 411747 362871 311530 167758 66681 60226 58785 57116 73181 50977 67692 138656 160484 209506
desembarquepred
 350758 77696.8 442062 56447 14545.6 235537 270034 359467 431714 328719 639116 411593 362756 311041 167495 66668.1 60259.2 58775.1 57070 73164.4 50970 67662.7 138654 160472 209507
Reclutas
 33842.4 39632.7 15462.1 18486.5 34406.5 22234 59126.5 56259.7 90349.8 110876 62130.8 49051.8 50505.4 29289.9 15364.9 10874.1 7034.04 7826.36 8830.53 10235.4 18851.1 24059 34921.7 51401.4 24474.3
log_desv_Rt
 0.218588 0.376529 -0.564736 -0.386085 0.235119 -0.201502 0.776554 0.726853 1.20056 1.40529 0.826116 0.589751 0.618954 0.0741186 -0.571039 -0.91674 -1.35236 -1.24563 -1.12491 -0.977274 -0.366555 -0.122617 0.249981 0.636539 -0.105501
SSB
 422495 223700 220914 163942 165270 261652 316078 457729 415267 547876 646789 431356 270638 140225 68234.1 59528.3 56914.7 60632.3 66988.8 70002 95494.4 140483 187292 262102 405190
BT
 1.44806e+06 344773 509067 291173 345848 398917 1.08877e+06 992902 1.22773e+06 1.28449e+06 1.2408e+06 875289 681624 388336 212908 123654 119650 132835 127003 149170 249319 233526 348468 535458 645586
Ftot
 1.08278 1.04377 2.07886 0.577897 0.111343 1.25805 0.974288 1.60415 1.76015 0.995408 1.63013 1.53264 2.53074 4.95303 4.80558 1.85037 1.59818 1.39899 1.27244 1.47801 0.723477 0.734118 0.808903 0.796357 0.635422
BD_Bspro_t
 0.902614 0.615301 0.501252 0.275425 0.390591 0.556542 0.461586 0.513945 0.450407 0.471015 0.473787 0.312693 0.223989 0.144141 0.0852314 0.0899559 0.11765 0.169099 0.225987 0.281805 0.379105 0.537842 0.565333 0.572319 0.607624
BD_Bspro
 0.755526 0.400031 0.395049 0.29317 0.295544 0.467898 0.565227 0.818534 0.742601 0.979738 1.15662 0.771372 0.483968 0.250758 0.12202 0.106451 0.101778 0.108426 0.119793 0.125181 0.170768 0.251218 0.334925 0.468704 0.724581
BD_Bo
 0.813557 0.430757 0.425393 0.315688 0.318245 0.503837 0.608642 0.881405 0.79964 1.05499 1.24546 0.830621 0.521141 0.270018 0.131392 0.114628 0.109595 0.116754 0.128994 0.134796 0.183884 0.270514 0.360651 0.504705 0.780235
BD_Brms
 2.18989 1.15949 1.14505 0.849753 0.856636 1.3562 1.63831 2.37252 2.15243 2.83977 3.35247 2.23582 1.40278 0.726821 0.353674 0.308549 0.295003 0.314272 0.347219 0.362838 0.494971 0.728156 0.970782 1.35854 2.1002
S_f
 0.0926663 0.659919 0.973593 0.998575 0.999925
 0.0926663 0.659919 0.973593 0.998575 0.999925
 0.0926663 0.659919 0.973593 0.998575 0.999925
 0.0926663 0.659919 0.973593 0.998575 0.999925
 0.0926663 0.659919 0.973593 0.998575 0.999925
 0.0926663 0.659919 0.973593 0.998575 0.999925
 0.0926663 0.659919 0.973593 0.998575 0.999925
 0.0926663 0.659919 0.973593 0.998575 0.999925
 0.0926663 0.659919 0.973593 0.998575 0.999925
 0.0926663 0.659919 0.973593 0.998575 0.999925
 0.0926663 0.659919 0.973593 0.998575 0.999925
 0.0926663 0.659919 0.973593 0.998575 0.999925
 0.0926663 0.659919 0.973593 0.998575 0.999925
 0.0926663 0.659919 0.973593 0.998575 0.999925
 0.0926663 0.659919 0.973593 0.998575 0.999925
 0.0926663 0.659919 0.973593 0.998575 0.999925
 0.0926663 0.659919 0.973593 0.998575 0.999925
 0.0926663 0.659919 0.973593 0.998575 0.999925
 0.0926663 0.659919 0.973593 0.998575 0.999925
 0.0926663 0.659919 0.973593 0.998575 0.999925
 0.0926663 0.659919 0.973593 0.998575 0.999925
 0.0926663 0.659919 0.973593 0.998575 0.999925
 0.0926663 0.659919 0.973593 0.998575 0.999925
 0.0926663 0.659919 0.973593 0.998575 0.999925
 0.0926663 0.659919 0.973593 0.998575 0.999925
Scru_reclas
 0.301856 0.685133 0.916323 0.982178 0.996407
 0.301856 0.685133 0.916323 0.982178 0.996407
 0.301856 0.685133 0.916323 0.982178 0.996407
 0.301856 0.685133 0.916323 0.982178 0.996407
 0.301856 0.685133 0.916323 0.982178 0.996407
 0.301856 0.685133 0.916323 0.982178 0.996407
 0.301856 0.685133 0.916323 0.982178 0.996407
 0.301856 0.685133 0.916323 0.982178 0.996407
 0.301856 0.685133 0.916323 0.982178 0.996407
 0.301856 0.685133 0.916323 0.982178 0.996407
 0.301856 0.685133 0.916323 0.982178 0.996407
 0.301856 0.685133 0.916323 0.982178 0.996407
 0.301856 0.685133 0.916323 0.982178 0.996407
 0.301856 0.685133 0.916323 0.982178 0.996407
 0.301856 0.685133 0.916323 0.982178 0.996407
 0.301856 0.685133 0.916323 0.982178 0.996407
 0.301856 0.685133 0.916323 0.982178 0.996407
 0.301856 0.685133 0.916323 0.982178 0.996407
 0.301856 0.685133 0.916323 0.982178 0.996407
 0.301856 0.685133 0.916323 0.982178 0.996407
 0.301856 0.685133 0.916323 0.982178 0.996407
 0.301856 0.685133 0.916323 0.982178 0.996407
 0.301856 0.685133 0.916323 0.982178 0.996407
 0.301856 0.685133 0.916323 0.982178 0.996407
 0.301856 0.685133 0.916323 0.982178 0.996407
Scru_pelaces
 0.316545 0.75039 0.95125 0.992166 0.998785
 0.316545 0.75039 0.95125 0.992166 0.998785
 0.316545 0.75039 0.95125 0.992166 0.998785
 0.316545 0.75039 0.95125 0.992166 0.998785
 0.316545 0.75039 0.95125 0.992166 0.998785
 0.316545 0.75039 0.95125 0.992166 0.998785
 0.316545 0.75039 0.95125 0.992166 0.998785
 0.316545 0.75039 0.95125 0.992166 0.998785
 0.316545 0.75039 0.95125 0.992166 0.998785
 0.316545 0.75039 0.95125 0.992166 0.998785
 0.316545 0.75039 0.95125 0.992166 0.998785
 0.316545 0.75039 0.95125 0.992166 0.998785
 0.316545 0.75039 0.95125 0.992166 0.998785
 0.316545 0.75039 0.95125 0.992166 0.998785
 0.316545 0.75039 0.95125 0.992166 0.998785
 0.316545 0.75039 0.95125 0.992166 0.998785
 0.316545 0.75039 0.95125 0.992166 0.998785
 0.316545 0.75039 0.95125 0.992166 0.998785
 0.316545 0.75039 0.95125 0.992166 0.998785
 0.316545 0.75039 0.95125 0.992166 0.998785
 0.316545 0.75039 0.95125 0.992166 0.998785
 0.316545 0.75039 0.95125 0.992166 0.998785
 0.316545 0.75039 0.95125 0.992166 0.998785
 0.316545 0.75039 0.95125 0.992166 0.998785
 0.316545 0.75039 0.95125 0.992166 0.998785
pf_obs 
 0.256992 0.487395 0.22802 0.0275931 0
 0.321318 0.546541 0.124235 0.00734118 0.000564706
 0.182869 0.594174 0.210203 0.0122559 0.00049798
 0.330522 0.361315 0.267642 0.0388342 0.00168674
 0.649043 0.306663 0.0425973 0.00169635 0
 0.582887 0.30429 0.105238 0.00758474 0
 0.465427 0.430635 0.0974691 0.00646863 0
 0.296916 0.608066 0.0921331 0.00288517 0
 0.311714 0.524322 0.152257 0.0117073 0
 0.15457 0.633149 0.183074 0.0267441 0.00246327
 0.131901 0.49318 0.331252 0.0422183 0.00144891
 0.196976 0.569456 0.194076 0.0375587 0.00193317
 0.518974 0.381816 0.0799577 0.0180837 0.00116848
 0.0928022 0.601141 0.25162 0.0475244 0.00691264
 0.122501 0.610282 0.24278 0.0234846 0.000952079
 0.383417 0.481906 0.127806 0.00687128 0
 0.0376549 0.599619 0.316969 0.0457579 0
 0.0361596 0.667082 0.258105 0.0386534 0
 0.158088 0.579412 0.248529 0.0139706 0
 0.0477256 0.309471 0.559284 0.082774 0.000745712
 0.0406174 0.521527 0.379366 0.0568643 0.0016247
 0.151134 0.462217 0.34131 0.0453401 0
 0.294876 0.26143 0.354403 0.0886775 0.000613685
 0.281977 0.475581 0.204845 0.0348837 0.00271318
 0.0841818 0.532909 0.334909 0.0458182 0.00218182
pf_pred 
 0.284513 0.487307 0.203691 0.0244774 1.09867e-05
 0.268048 0.574077 0.125348 0.029164 0.0033626
 0.128411 0.67395 0.171536 0.0209012 0.00520236
 0.233109 0.494788 0.241044 0.0271708 0.00388791
 0.278191 0.487336 0.174782 0.0530747 0.00661681
 0.149549 0.606872 0.184217 0.0445446 0.0148179
 0.399809 0.37664 0.184337 0.0299828 0.00923121
 0.266883 0.632844 0.0751325 0.0208769 0.00426449
 0.382929 0.492238 0.115902 0.00677854 0.00215276
 0.310615 0.602488 0.0775518 0.00871044 0.00063509
 0.165435 0.661407 0.16016 0.0116501 0.00134805
 0.201638 0.550057 0.220157 0.0261347 0.00201248
 0.30098 0.527948 0.139751 0.0279271 0.00339371
 0.307069 0.618407 0.0662829 0.00681866 0.00142246
 0.345854 0.625939 0.027561 0.000582604 6.37105e-05
 0.309256 0.658993 0.031457 0.000287362 5.95339e-06
 0.205622 0.662076 0.129404 0.00287224 2.53058e-05
 0.269004 0.536555 0.176978 0.0170986 0.000363609
 0.277852 0.571419 0.126991 0.0216974 0.002041
 0.288746 0.56072 0.132113 0.0156295 0.00279131
 0.361708 0.509682 0.113182 0.0136207 0.00180762
 0.270146 0.587695 0.123486 0.0165025 0.00217065
 0.280217 0.526561 0.168828 0.0212891 0.00310573
 0.289691 0.534608 0.144506 0.0273835 0.00381235
 0.113092 0.669896 0.181789 0.0291565 0.00606633
pobs_RECLAS
 0 0 0 0 0
 0 0 0 0 0
 0 0 0 0 0
 0 0 0 0 0
 0.835266 0.146461 0.0176864 0.000547809 3.91292e-05
 0.385257 0.428462 0.181853 0.0044286 0
 0.867414 0.0963971 0.0333333 0.00285562 0
 0.441836 0.489002 0.0689373 0.000224442 0
 0.779404 0.147425 0.0564933 0.0165055 0.000172143
 0.814271 0.122319 0.05973 0.00367925 0
 0.40263 0.566651 0.0304383 0.000280538 0
 0.475488 0.404961 0.113038 0.00651328 0
 0.955842 0.0263864 0.0167828 0.000988607 0
 0.975058 0.0227948 0.00214734 0 0
 0.738997 0.206755 0.0527124 0.00153531 0
 0.850938 0.134255 0.0134407 0.00136685 0
 0.542534 0.407297 0.0501686 0 0
 0.764087 0.199537 0.0359546 0.000420521 0
 0.470689 0.182191 0.310203 0.0369168 0
 0.84361 0.089868 0.0606195 0.00523954 0.000663233
 0.607945 0.314616 0.071237 0.00620181 0
 0.523733 0.453247 0.0230204 0 0
 0.530135 0.295979 0.169645 0.0042399 0
 0.562478 0.366248 0.0663022 0.0049721 0
 0.250443 0.683176 0.0655157 0.000865301 0
ppred_RECLAS
 0.578925 0.298976 0.108516 0.0135762 6.17237e-06
 0.554376 0.358952 0.0682151 0.0165269 0.00193018
 0.357237 0.519562 0.106414 0.0134073 0.00337891
 0.503768 0.332481 0.144316 0.016975 0.00246065
 0.555226 0.308804 0.100172 0.0317831 0.00401434
 0.380361 0.459562 0.119798 0.0301283 0.010151
 0.696522 0.199297 0.0852356 0.0144417 0.00450391
 0.562201 0.386048 0.0383911 0.0110702 0.00229007
 0.692317 0.254201 0.0495152 0.00300181 0.000965406
 0.601426 0.353829 0.0397513 0.00465041 0.000343454
 0.415158 0.479578 0.0970784 0.00732664 0.000858562
 0.476586 0.378768 0.127682 0.0157366 0.00122725
 0.633068 0.29331 0.059799 0.0123082 0.00151412
 0.71263 0.268846 0.0164657 0.00170046 0.000358608
 0.737149 0.25612 0.00657587 0.000139785 1.54543e-05
 0.614426 0.370897 0.0145367 0.000137556 2.88581e-06
 0.478641 0.446521 0.0731378 0.00168468 1.50318e-05
 0.565242 0.332053 0.0931509 0.00935208 0.000201422
 0.571111 0.349322 0.0666044 0.0118347 0.00112755
 0.588937 0.334699 0.0666881 0.00819418 0.00148211
 0.65263 0.283666 0.0557641 0.00699874 0.000940889
 0.550961 0.369494 0.0686952 0.00957371 0.00127565
 0.566785 0.326879 0.0923948 0.0121463 0.00179495
 0.577221 0.327179 0.0780137 0.0154128 0.00217365
 0.296843 0.545058 0.131465 0.0219975 0.00463644
pobs_PELACES
 0 0 0 0 0
 0 0 0 0 0
 0 0 0 0 0
 0 0 0 0 0
 0 0 0 0 0
 0 0 0 0 0
 0 0 0 0 0
 0 0 0 0 0
 0 0 0 0 0
 0 0 0 0 0
 0.450072 0.473896 0.0757376 0.000293798 0
 0 0 0 0 0
 0.463077 0.371075 0.160297 0.00555027 0
 0.529543 0.364841 0.0842815 0.0213345 0
 0.631943 0.363953 0.00410389 0 0
 0.735681 0.248677 0.0153453 0.000297389 0
 0.695825 0.281241 0.0229344 0 0
 0.275771 0.60734 0.115278 0.00161068 0
 0 0 0 0 0
 0.896147 0.0623911 0.0374545 0.00400742 0
 0.803859 0.145111 0.0509908 3.86294e-05 0
 0.739449 0.233085 0.0266225 0.000797448 4.60066e-05
 0.878498 0.100942 0.0204185 0.000141795 0
 0.694673 0.275183 0.0284847 0.00165964 0
 0.469039 0.446079 0.0841089 0.000773354 0
ppred_PELACES
 0.628055 0.276606 0.0850702 0.0102644 4.62847e-06
 0.598941 0.333148 0.0538633 0.0125897 0.00145834
 0.451522 0.464762 0.0727566 0.00876836 0.00219075
 0.529212 0.327386 0.126871 0.0144524 0.00207829
 0.554989 0.315734 0.0959656 0.0296015 0.00370979
 0.437963 0.436702 0.0947261 0.0229424 0.00766607
 0.735388 0.183127 0.0671131 0.0109765 0.00339538
 0.629842 0.334537 0.0267087 0.00739574 0.00151707
 0.756695 0.208724 0.0321175 0.00186738 0.000595471
 0.639011 0.325891 0.0313051 0.0035346 0.000258919
 0.489006 0.434821 0.0704735 0.00510646 0.000593351
 0.551096 0.34335 0.0936109 0.0110859 0.000857303
 0.737477 0.222208 0.0330438 0.00648155 0.000790306
 0.86062 0.134171 0.00466452 0.000449998 9.39603e-05
 0.869693 0.128366 0.00189959 3.77668e-05 4.13437e-06
 0.685074 0.305469 0.00936979 8.49707e-05 1.76742e-06
 0.549578 0.397017 0.0522393 0.00115557 1.0224e-05
 0.628326 0.296688 0.0682532 0.00659149 0.000140784
 0.625738 0.315013 0.0499041 0.00853854 0.000806785
 0.652231 0.293565 0.0475762 0.00561956 0.00100794
 0.678227 0.26889 0.046487 0.00564358 0.000752618
 0.57957 0.353823 0.0577879 0.00778952 0.00102958
 0.601015 0.31115 0.0766654 0.00974197 0.00142804
 0.610031 0.311121 0.0647514 0.0123668 0.00173002
 0.31862 0.542508 0.116129 0.0188096 0.00393285
pobs_pel_tallas
 0 0 0 0 0 0 0 0 0 0 0 0 0 0 0 0 0 0 0 0 0 0 0 0 0 0 0 0 0 0 0 0 0 0 0 0
 0 0 0 0 0 0 0 0 0 0 0 0 0 0 0 0 0 0 0 0 0 0 0 0 0 0 0 0 0 0 0 0 0 0 0 0
 0 0 0 0 0 0 0 0 0 0 0 0 0 0 0 0 0 0 0 0 0 0 0 0 0 0 0 0 0 0 0 0 0 0 0 0
 0 0 0 0 0 0 0 0 0 0 0 0 0 0 0 0 0 0 0 0 0 0 0 0 0 0 0 0 0 0 0 0 0 0 0 0
 0 0 0 0 0 0 0 0 0 0 0 0 0 0 0 0 0 0 0 0 0 0 0 0 0 0 0 0 0 0 0 0 0 0 0 0
 0 0 0 0 0 0 0 0 0 0 0 0 0 0 0 0 0 0 0 0 0 0 0 0 0 0 0 0 0 0 0 0 0 0 0 0
 0 0 0 0 0 0 0 0 0 0 0 0 0 0 0 0 0 0 0 0 0 0 0 0 0 0 0 0 0 0 0 0 0 0 0 0
 0 0 0 0 0 0 0 0 0 0 0 0 0 0 0 0 0 0 0 0 0 0 0 0 0 0 0 0 0 0 0 0 0 0 0 0
 0 0 0 0 0 0 0 0 0 0 0 0 0 0 0 0 0 0 0 0 0 0 0 0 0 0 0 0 0 0 0 0 0 0 0 0
 0 0 0 0 0 0 0 0 0 0 0 0 0 0 0 0 0 0 0 0 0 0 0 0 0 0 0 0 0 0 0 0 0 0 0 0
 0 0 0 0 0 0 0 0 1.78061e-05 0.00172719 0.00360574 0.0105946 0.0120993 0.0124554 0.0147524 0.0171206 0.0266825 0.0428682 0.0675386 0.121331 0.153587 0.119568 0.100827 0.0573624 0.0630603 0.0341343 0.0324427 0.0444173 0.0211091 0.0280891 0.0125444 0.00206551 0 0 0 0
 0 0 0 0 0 0 0 0 0 0 0 0 0 0 0 0 0 0 0 0 0 0 0 0 0 0 0 0 0 0 0 0 0 0 0 0
 0 0 0 0 0 0 0.0133647 0.0140871 0.0187388 0.0205184 0.03894 0.0496705 0.03968 0.0493445 0.0407372 0.0367815 0.0215668 0.0243155 0.0234873 0.0199281 0.019796 0.0243948 0.0301388 0.0376714 0.0412746 0.0863199 0.0771752 0.113111 0.0741005 0.0525337 0.0229764 0.00759418 0.00175318 0 0 0
 0 0 0 0 0 0 0 0 0 0 0.00219441 0.00772107 0.0458388 0.0604681 0.0671733 0.0775358 0.0609151 0.0617685 0.073594 0.0568108 0.0755445 0.0548602 0.0670107 0.0636378 0.0643287 0.046367 0.0373049 0.0286899 0.0247887 0.0153202 0.00654259 0.00121912 0.000365735 0 0 0
 0 0 0 0 0 0 0 0 0 0 0 0 0.000112435 0.00938835 0.0111873 0.0202946 0.0414886 0.0713402 0.111592 0.104902 0.108894 0.110636 0.117776 0.105296 0.107544 0.0401394 0.0192827 0.0124803 0.00416011 0.0028671 0.000618394 0 0 0 0 0
 0 0 0 0 0 0 0 0 0 0 0.00291406 0.0102884 0.027416 0.0768956 0.0749926 0.110853 0.0956884 0.0897413 0.0766577 0.0534642 0.0500743 0.0551293 0.0594112 0.0620874 0.0668451 0.0424026 0.0208742 0.0120726 0.0048766 0.00582813 0.00118941 0.000297354 0 0 0 0
 0 0.00264628 0.0354308 0.0461629 0.0458689 0.0383711 0.0214643 0.0164657 0.0346957 0.0420465 0.0363128 0.0245516 0.0311673 0.0291091 0.0169068 0.0133784 0.00837989 0.0085269 0.0148486 0.0160247 0.0276389 0.0546898 0.0760071 0.122758 0.109233 0.0665981 0.0333725 0.0166128 0.00676272 0.00308733 0.000882094 0 0 0 0 0
 0 0 0 0 0 0 0 0.000805153 0.000690131 0.00759144 0.0133425 0.0154129 0.00931677 0.000345066 0.00356568 0.00563607 0.00851162 0.0253048 0.0502646 0.0516448 0.0657925 0.0565908 0.0611916 0.0827007 0.0866115 0.110766 0.145733 0.0935128 0.0569358 0.0249597 0.0138026 0.00621118 0.00161031 0.00115022 0 0
 0 0 0 0 0 0 0 0 0 0 0 0 0 0 0 0 0 0 0 0 0 0 0 0 0 0 0 0 0 0 0 0 0 0 0 0
 0.00147267 0.00158595 0.00478618 0.00569244 0.00954404 0.0108468 0.00647125 0.017049 0.0510054 0.094081 0.124002 0.0959785 0.0687766 0.0820023 0.061753 0.0591476 0.0492212 0.0479892 0.0443925 0.0268479 0.0217502 0.0140895 0.0121071 0.0120363 0.00920419 0.00665534 0.0049561 0.00860946 0.00930331 0.0156896 0.0114698 0.00855282 0.00243557 0.00046729 0 2.83206e-05
 0 0 0 0 0.000772559 0.00158375 0.000888443 0.00281984 0.00712685 0.0440552 0.0773331 0.111326 0.0921469 0.0852325 0.0710754 0.0886704 0.0786465 0.0553345 0.0373146 0.0185414 0.00753245 0.00457741 0.012979 0.0271748 0.0457355 0.0583668 0.034881 0.0177882 0.00938659 0.00492506 0.0015258 0.00185414 0.000309023 5.79419e-05 3.86279e-05 0
 0 0.00173294 0.00326652 0 0.00397197 0.00683976 0.00946217 0.0152591 0.00757587 0.0136028 0.0228656 0.0392903 0.0559909 0.0764795 0.0681675 0.0726916 0.0566044 0.0477403 0.0527397 0.0444891 0.0609904 0.0582453 0.0661739 0.0445044 0.0529084 0.0360697 0.0280645 0.0235558 0.0158879 0.00826598 0.00280645 0.00217768 0.000904811 0.00058276 9.20147e-05 0
 0 0 0 0 0 0 0 0 0 0 0 0 0 0 0 0 0 0 0 0 0 0 0 0 0 0 0 0 0 0 0 0 0 0 0 0
 0 0 0 0 0 0 0 0 0 0 0 0 0 0 0 0 0 0 0 0 0 0 0 0 0 0 0 0 0 0 0 0 0 0 0 0
 0 0 0 0 0 0 0 0 0 0 0 0 0 0 0 0 0 0 0 0 0 0 0 0 0 0 0 0 0 0 0 0 0 0 0 0
ppred_pel_tallas
 1.01651e-16 2.74102e-05 0.000160857 0.000764604 0.0029437 0.00917961 0.0231871 0.047445 0.0786494 0.105636 0.114986 0.101503 0.0728271 0.0428419 0.021427 0.0105219 0.00719749 0.00797608 0.0107037 0.014375 0.0184703 0.0225568 0.0261818 0.0289153 0.0304344 0.0305945 0.0294567 0.0272602 0.024354 0.0211104 0.0178507 0.014801 0.0120844 0.0097396 0.00775237 0.00608507
 1.01374e-16 2.61429e-05 0.000153412 0.000729198 0.00280736 0.00875442 0.0221132 0.0452481 0.0750096 0.100753 0.109686 0.096862 0.0695785 0.0410937 0.0208534 0.0107349 0.00797001 0.00925706 0.0125353 0.0168089 0.0215114 0.0261304 0.030123 0.0329791 0.0343287 0.034027 0.0321857 0.0291356 0.0253376 0.0212726 0.0173454 0.013829 0.0108546 0.00843699 0.0065182 0.00500979
 1.01588e-16 1.97201e-05 0.000115693 0.000549849 0.00211678 0.00660082 0.0166735 0.0341192 0.0565672 0.076001 0.0827908 0.0732333 0.0528719 0.0317625 0.0171078 0.0104187 0.00970235 0.0125352 0.0173676 0.0233608 0.0298924 0.0362856 0.0417885 0.0456904 0.047476 0.0469464 0.0442626 0.0398932 0.0344895 0.0287308 0.0231899 0.0182534 0.014107 0.0107711 0.0081611 0.00614732
 1.02502e-16 2.31023e-05 0.000135562 0.000644335 0.00248062 0.00773548 0.0195394 0.039982 0.066281 0.089033 0.0969369 0.0856275 0.0615616 0.0364663 0.018706 0.0099619 0.00781379 0.00936892 0.0128245 0.0173057 0.0222995 0.027321 0.0318403 0.0353454 0.0374445 0.03795 0.036912 0.0345882 0.0313662 0.0276652 0.0238514 0.0201885 0.0168286 0.0138331 0.0112072 0.00893141
 1.02656e-16 2.42258e-05 0.000142158 0.0006757 0.00260138 0.00811209 0.0204907 0.0419282 0.0695066 0.093363 0.101644 0.0897678 0.0645 0.0381298 0.0194167 0.010109 0.00765305 0.00900242 0.012261 0.016518 0.0212565 0.0260037 0.0302503 0.0335085 0.0354104 0.0357881 0.0347046 0.0324223 0.0293252 0.0258222 0.0222631 0.0188915 0.0158376 0.013141 0.0107873 0.00874185
 1.02634e-16 1.91278e-05 0.000112218 0.000533333 0.0020532 0.00640255 0.0161727 0.0330942 0.0548676 0.0737167 0.0803 0.0710245 0.0512654 0.030774 0.0165338 0.0100081 0.00926295 0.0119505 0.0165765 0.0223431 0.0286697 0.0349276 0.0404147 0.0444615 0.0465741 0.0465466 0.0445025 0.0408477 0.0361578 0.0310369 0.0259963 0.0213845 0.0173748 0.0139991 0.0112021 0.00889368
 1.01549e-16 3.20866e-05 0.000188321 0.000895187 0.00344651 0.0107476 0.0271477 0.0555479 0.0920772 0.123659 0.134569 0.118708 0.0849945 0.0496425 0.0241659 0.0107716 0.00596638 0.00563332 0.00724554 0.00968142 0.0124593 0.0152624 0.0177869 0.0197463 0.020923 0.0212137 0.0206478 0.0193705 0.0175982 0.0155644 0.0134712 0.0114626 0.00961988 0.00797356 0.00652365 0.00525759
 1.00814e-16 2.74903e-05 0.000161323 0.000766806 0.00295216 0.00920597 0.0232538 0.0475818 0.0788777 0.105947 0.115336 0.10184 0.0731298 0.0431415 0.0218002 0.0110696 0.00802738 0.00919067 0.0123851 0.016562 0.0211328 0.0255745 0.0293395 0.0319194 0.032953 0.0323124 0.0301336 0.0267761 0.02273 0.0185013 0.0145116 0.0110395 0.00820969 0.00602033 0.00438923 0.00320061
 1.00616e-16 3.30166e-05 0.000193779 0.000921131 0.00354639 0.0110591 0.0279344 0.0571578 0.0947464 0.127245 0.138475 0.122162 0.0874857 0.0511336 0.0249579 0.0112337 0.00636847 0.00612345 0.007888 0.0104876 0.0133964 0.0162519 0.0187052 0.0204355 0.0212113 0.020944 0.0197073 0.0177134 0.015257 0.0126457 0.0101387 0.0079114 0.00604812 0.00455809 0.00340251 0.00252161
 1.00685e-16 2.78898e-05 0.000163669 0.000777961 0.00299511 0.00933992 0.0235921 0.048274 0.0800247 0.107487 0.117009 0.103309 0.0741687 0.0437217 0.0220329 0.0110891 0.00791978 0.00898796 0.0120879 0.0161619 0.0206252 0.0249657 0.0286486 0.031177 0.0321971 0.031582 0.0294614 0.0261834 0.0222245 0.0180776 0.0141552 0.010732 0.00793343 0.00576212 0.00414187 0.00296263
 1.01346e-16 2.13534e-05 0.000125284 0.000595453 0.00229237 0.00714842 0.0180567 0.036949 0.0612568 0.0822954 0.089631 0.0792446 0.0571265 0.0341475 0.0180821 0.0105358 0.00931983 0.0117882 0.0162609 0.0218571 0.0279645 0.0339425 0.0390855 0.0427272 0.0443849 0.0438713 0.041337 0.0372203 0.0321318 0.0267089 0.0214902 0.0168403 0.0129361 0.00979928 0.00735215 0.00547386
 1.01862e-16 2.40572e-05 0.000141166 0.000670975 0.00258319 0.00805533 0.0203474 0.0416352 0.0690215 0.0927141 0.100944 0.0891656 0.0641019 0.0379638 0.0194594 0.0103365 0.00806972 0.00963947 0.0131589 0.0177056 0.0227333 0.0277263 0.0321269 0.0354034 0.0371601 0.0372248 0.0356833 0.0328439 0.0291508 0.025075 0.0210208 0.0172697 0.0139709 0.0111644 0.00882217 0.00688615
 1.00802e-16 3.21792e-05 0.000188861 0.000897747 0.00345636 0.0107783 0.0272252 0.0557068 0.0923418 0.124017 0.134967 0.119078 0.0853009 0.0499045 0.0244473 0.0111552 0.00653557 0.00646334 0.00839505 0.0111789 0.0142861 0.0173386 0.0199673 0.0218312 0.0226846 0.0224329 0.0211537 0.0190714 0.0164975 0.0137562 0.0111204 0.00877378 0.00680375 0.00521868 0.00397715 0.00301665
 1.0013e-16 3.75452e-05 0.000220372 0.00104757 0.00403326 0.0125774 0.0317694 0.0650039 0.107749 0.144698 0.157443 0.138835 0.0992943 0.0577697 0.0277004 0.0116258 0.00541236 0.00420397 0.0050256 0.00657962 0.00835821 0.0100864 0.0115321 0.0124904 0.0128183 0.0124689 0.0115025 0.0100703 0.00837622 0.00662977 0.00500487 0.00361553 0.00251117 0.0016877 0.00110668 0.000714969
 1.00071e-16 3.79405e-05 0.000222694 0.00105861 0.00407576 0.0127099 0.0321042 0.0656889 0.108884 0.146221 0.159099 0.140291 0.100326 0.0583513 0.0279438 0.0116667 0.00533934 0.00405186 0.00479726 0.00626671 0.00795311 0.00958807 0.0109485 0.0118384 0.0121222 0.0117564 0.010801 0.00940323 0.00776074 0.00607607 0.00451702 0.0031931 0.00215097 0.00138514 0.000856649 0.000512139
 1.00236e-16 2.98975e-05 0.000175458 0.000834011 0.00321093 0.0100129 0.0252921 0.051752 0.085789 0.115225 0.125421 0.110711 0.0794243 0.0467031 0.0233191 0.0113801 0.00767962 0.00840831 0.0111961 0.0149221 0.0189948 0.0229212 0.0261971 0.0283593 0.0290838 0.0282641 0.0260392 0.022755 0.0188779 0.0148863 0.0111778 0.00801269 0.00550368 0.00364083 0.00233545 0.00146491
 1.00912e-16 2.3993e-05 0.000140785 0.000669153 0.00257615 0.00803338 0.020292 0.0415222 0.0688358 0.0924689 0.100689 0.0889675 0.064019 0.0380338 0.019713 0.0108184 0.00884738 0.010795 0.0147678 0.0198094 0.0253115 0.0306754 0.035254 0.0384399 0.0397968 0.0391621 0.036684 0.0327759 0.0280085 0.0229755 0.0181764 0.0139476 0.0104483 0.00769119 0.00559464 0.00403569
 1.01299e-16 2.74228e-05 0.00016093 0.000764944 0.00294501 0.00918366 0.0231974 0.0474661 0.078685 0.105686 0.115044 0.101564 0.0728924 0.0429234 0.0215471 0.0107105 0.00748862 0.00840445 0.0112984 0.0151508 0.0194184 0.023637 0.0273205 0.0300109 0.0313708 0.0312597 0.0297631 0.0271605 0.0238492 0.0202478 0.0167134 0.0134923 0.0107108 0.00839603 0.00651272 0.00499783
 1.01143e-16 2.73106e-05 0.000160269 0.000761803 0.0029329 0.00914592 0.0231021 0.0472712 0.0783624 0.105254 0.114578 0.101162 0.0726257 0.0428091 0.0215683 0.010849 0.00774421 0.00879342 0.011842 0.0158618 0.0202898 0.0246342 0.0283798 0.0310438 0.0322767 0.0319429 0.0301502 0.0272143 0.023575 0.0196905 0.0159474 0.0126064 0.00979307 0.00752136 0.00573505 0.00434788
 1.01012e-16 2.8465e-05 0.000167049 0.000794035 0.00305701 0.00953296 0.0240797 0.0492713 0.081677 0.109703 0.119412 0.105411 0.0756321 0.0444936 0.0222548 0.0109282 0.00746821 0.0082569 0.0110475 0.0147823 0.0189056 0.0229519 0.026439 0.0289167 0.0300588 0.0297386 0.0280567 0.0253076 0.0219015 0.0182667 0.0147645 0.0116392 0.0090089 0.00688769 0.00522351 0.00393589
 1.00977e-16 2.95975e-05 0.0001737 0.000825661 0.00317879 0.00991272 0.0250389 0.0512338 0.084929 0.114067 0.124154 0.109576 0.0785758 0.0461347 0.0229076 0.0109712 0.00714276 0.00764954 0.010155 0.0135748 0.0173648 0.0210907 0.0243095 0.0266081 0.0276866 0.0274271 0.0259193 0.0234301 0.0203325 0.0170165 0.0138115 0.0109412 0.00851456 0.00654624 0.00499116 0.00377844
 1.01252e-16 2.52991e-05 0.000148456 0.000705633 0.00271662 0.00847145 0.0213985 0.0437858 0.0725865 0.0975016 0.106154 0.0937603 0.0673895 0.0398792 0.0203818 0.0107277 0.00825184 0.00976854 0.0132838 0.0178202 0.0228002 0.0276842 0.0318955 0.0348918 0.03628 0.0359069 0.0338931 0.0305925 0.0264987 0.0221268 0.0179113 0.0141464 0.0109741 0.00841165 0.00639682 0.00483353
 1.01592e-16 2.62325e-05 0.00015394 0.000731712 0.00281705 0.00878464 0.0221895 0.045404 0.0752675 0.101098 0.110057 0.0971774 0.06978 0.0411625 0.0207964 0.0105576 0.0076616 0.00879277 0.0118883 0.0159642 0.0204784 0.0249518 0.0288769 0.031773 0.0332845 0.0332605 0.031785 0.0291447 0.0257489 0.0220299 0.0183571 0.0149855 0.0120473 0.00957345 0.00753149 0.00586148
 1.01527e-16 2.66256e-05 0.000156248 0.000742685 0.0028593 0.00891638 0.0225223 0.0460849 0.076396 0.102613 0.111705 0.0986292 0.0708149 0.0417577 0.0210685 0.0106481 0.00766675 0.00875555 0.0118183 0.0158557 0.0203198 0.0247292 0.0285765 0.0313831 0.0327981 0.0326773 0.0311131 0.0284012 0.0249589 0.0212244 0.0175695 0.0142477 0.0113859 0.00900693 0.00706882 0.00550229
 1.02656e-16 1.39282e-05 8.16817e-05 0.00038814 0.00149413 0.0046591 0.011769 0.0240848 0.0399375 0.0536782 0.0585265 0.0518956 0.03774 0.023219 0.0135 0.00974985 0.0106624 0.0146011 0.020486 0.0276473 0.0354603 0.0431639 0.0498872 0.0547973 0.0572812 0.057086 0.0543713 0.0496507 0.0436509 0.0371352 0.0307519 0.0249443 0.019935 0.0157662 0.0123667 0.00961739
pSPR Fmed_Fpbrs
0.524222   0.421505 0.421505
Fs Fmed_Fpbrs
0.64   1.005 1.005
SSBpbr Bo_Bmed_Bpbrs
519318  246272  192929 192929
Ro
27197.5
SPR SPRFo_SPRFmed_SPRFpbrs
559206 293148 235708
log_Ro
10.0309
likeval ReclasPelacesDesembMPH_pf_preclas_ppelaces_ptallas_desvR_qrecl_qpela
 65.7092 0.00386581 0.0395741 47.6898 327.815 183.455 52.4362 0 19.6049 2.18648e-05 0 0 0 0 0
q_reclas_q_pelaces
1.93984 1
M
0.7
N
 33842.4 10468.2 3366.73 398.314 0.178636
 39632.7 15201.2 2544.16 582.608 67.1181
 15462.1 17866.6 3790.79 457.305 113.764
 18486.5 6332.84 2250.27 248.728 35.5539
 34406.5 8701.45 2147.67 636.617 79.265
 22234 16910.4 4014.9 956.936 318.084
 59126.5 9826.13 3660.93 585.778 180.195
 56259.7 26826.7 2565.35 704.095 143.73
 90349.8 24078.7 4621.8 267.216 84.8124
 110876 38114 3742.57 413.588 30.1293
 62130.8 50207.9 9812.86 705.146 81.5412
 49051.8 26527.5 8502.98 996.615 76.6918
 50505.4 21133.4 4791.14 949.57 115.342
 29289.9 19837.3 1975.4 202.474 42.2306
 15364.9 9191.37 374.923 7.89544 0.863232
 10874.1 4887.94 191.469 1.72986 0.0358173
 7034.04 4549.05 715.823 15.6931 0.138173
 7826.36 3012.18 786.822 74.9972 1.5937
 8830.53 3413.91 594.19 100.079 9.40691
 10235.4 3897.37 732.092 85.4866 15.2567
 18851.1 4432.17 729.741 86.2218 11.4314
 24059 8754.16 1365.41 179.167 23.5438
 34921.7 11161.6 2678 331.782 48.3561
 51401.4 16089.2 3250.05 605.033 84.1537
 24474.3 23709.4 4723.82 743.299 154.495
pred_Ctot
 2337.01 4002.77 1673.13 201.059 0.0902455
 2642.41 5659.22 1235.67 287.497 33.1484
 1970.18 10340.2 2631.83 320.683 79.8185
 695.381 1475.99 719.051 81.0522 11.5979
 254.14 445.204 159.671 48.4862 6.04476
 1771.41 7188.43 2182.06 527.633 175.518
 3690 3476.17 1701.32 276.724 85.1988
 5636.87 13366.4 1586.89 440.946 90.0711
 9871.31 12689.2 2987.77 174.74 55.4949
 7063.6 13701 1763.58 198.081 14.4424
 6319.38 25264.9 6117.89 445.018 51.4938
 4708.98 12845.8 5141.46 610.34 46.9987
 7696.08 13499.7 3573.44 714.098 86.7775
 7959.44 16029.5 1718.1 176.744 36.8711
 4073.6 7372.56 324.624 6.86214 0.750407
 1244.5 2651.9 126.588 1.15639 0.0239574
 702.312 2261.35 441.986 9.81025 0.0864329
 689.488 1375.25 453.615 43.8257 0.931969
 711.177 1462.58 325.041 55.5356 5.22404
 949.65 1844.14 434.504 51.4035 9.18025
 882.504 1243.54 276.144 33.2321 4.41027
 1142.38 2485.23 522.195 69.7852 9.17918
 1821.57 3422.95 1097.48 138.392 20.1891
 2640.94 4873.7 1317.37 249.639 34.7549
 1009.9 5982.1 1623.36 260.364 54.1717
F
 0.100337 0.714545 1.05418 1.08123 1.0827
 0.096722 0.688802 1.0162 1.04228 1.04369
 0.192641 1.37188 2.02397 2.0759 2.07871
 0.0535516 0.381365 0.562637 0.577074 0.577854
 0.0103177 0.0734773 0.108403 0.111184 0.111335
 0.116579 0.830209 1.22483 1.25625 1.25795
 0.0902836 0.642951 0.94856 0.972899 0.974214
 0.148651 1.05861 1.56179 1.60187 1.60403
 0.163107 1.16156 1.71367 1.75764 1.76002
 0.0922407 0.656888 0.969122 0.993989 0.995333
 0.151058 1.07575 1.58708 1.62781 1.63001
 0.142024 1.01142 1.49216 1.53045 1.53252
 0.234514 1.67008 2.46391 2.52713 2.53055
 0.458979 3.2686 4.82224 4.94597 4.95266
 0.445315 3.17129 4.67868 4.79873 4.80522
 0.171467 1.22109 1.80151 1.84773 1.85023
 0.148098 1.05467 1.55598 1.59591 1.59806
 0.129639 0.923219 1.36205 1.39699 1.39888
 0.117912 0.839708 1.23884 1.27063 1.27235
 0.136962 0.975369 1.43898 1.47591 1.4779
 0.0670419 0.477436 0.704372 0.722445 0.723422
 0.068028 0.484458 0.714732 0.733071 0.734063
 0.074958 0.533811 0.787542 0.80775 0.808842
 0.0737954 0.525531 0.775327 0.795221 0.796297
 0.0588822 0.419327 0.618643 0.634516 0.635374
Np
 18226.8 8246.28 2931.53 1444.96 271.834
YTP_r0W_actual
 17624.4 188844 73911.4 14720.7 3188.99
YTP_p0W_proyectada
 9609.7 89607.8 115249 24416.4 5304.8
 9609.7 64487 43644.3 27920.5 5833.89
CTP_r0_actual
 1573.61 8583.8 2239.74 358.168 74.509
CTP_p0_proyectada
 1171.91 4148.51 3670.34 608.888 119.209
 1171.91 2985.51 1389.95 696.272 131.099
Wmedp
 8.2 21.6 31.4 40.1 44.5
nmprior
 10.8 10.6 4.6 0
nm_flota  nm_reclas  nm_pelaces    nm_pelaL
inf 24.2813 10.402 21.0015
cv_recla  cv_pelaces  cv_mph
0.733226 2.35002 0.574595
 ------------------------------------------------
Talla a la edad & desviaci?n 
 7.2 14.2025 17.0495 18.207 18.6776
 1.08 2.13037 2.55742 2.73105 2.80164
