years
 1997 1998 1999 2000 2001 2002 2003 2004 2005 2006 2007 2008 2009 2010 2011 2012 2013 2014 2015 2016 2017 2018 2019 2020
reclasobs
 0 0 0 370054 412103 1.49427e+06 250295 1.28982e+06 931140 785840 897777 1.04006e+06 184774 17550 25797 100020 73551 82996 120727 218422 84188 347160 605670 569463
reclaspred
 1.13914e+06 228501 554900 276086 320714 353668 665717 481754 621568 745451 684520 429761 232157 89196 73028.7 71104.6 71556.5 81829.8 82393.1 101473 168797 187736 317972 324983
pelacesobs
 0 0 0 0 0 0 0 0 0 2.06254e+06 1.5e+06 0 1.87456e+06 323000 250000 174000 83755 137374 0 501740 490994 745055 786931 1.00524e+06
pelacespred
 652079 228838 186250 192448 192925 154607 338643 281377 335694 418846 321611 207606 104738 27714 26605.4 30283.9 31585.5 37279.1 37757.2 44675.6 91628.8 98288.8 130129 154778
mphobs
 0 0 0 0 0 0 112323 0 153150 637223 0 255016 313432 73983 77613 109348 50772 17779 17303 59886 28197 0 207744 136588
mphpred
 807064 426885 358784 307181 250040 341635 416270 523480 486453 625547 707767 462573 251218 113098 51237 54265.2 51900.6 59047.8 68798.3 69690.7 109397 166608 214565 279293
desembarqueobs
 350755 77701 442110 56441 14545 235359 269955 359681 431902 328805 639364 411747 362871 311530 167758 66681 60226 58785 57116 73181 50977 67692 138656 160484
desembarquepred
 350756 77699 442095 56443.2 14545.2 235494 269952 359561 431735 328723 639149 411659 362908 311215 167561 66682.1 60254.9 58779.5 57085.3 73173 50966.3 67668 138644 160470
Reclutas
 40097.5 42301.8 20264 20993.2 37944.5 26901.1 57693.2 60149.2 99559.7 113700 66121.4 42503.8 46245.5 35183.4 22745.2 12582.6 7751.89 8371.26 9795.73 12894.4 21681.1 27956.7 35372.8 35017.4
log_desv_Rt
 0.29813 0.351645 -0.384341 -0.348986 0.242939 -0.101018 0.661954 0.703644 1.20757 1.34038 0.798308 0.356409 0.44078 0.16739 -0.268831 -0.860866 -1.34525 -1.26838 -1.11124 -0.836393 -0.316743 -0.0625287 0.172759 0.162659
SSB
 807064 426885 358784 307181 250040 341635 403409 516394 474068 612009 707767 462573 261389 120400 56318.9 60347.8 60811.9 65702.7 71584.3 77548.9 112611 166608 221772 272925
BT
 2.038e+06 569076 710061 462146 456533 491813 1.15957e+06 1.05571e+06 1.32771e+06 1.35232e+06 1.3005e+06 851238 616817 349134 218995 127315 125155 138900 133642 167841 286095 269618 384535 474470
Ftot
 0.296296 0.326639 0.736711 0.198008 0.0443422 0.622415 0.388667 0.698107 0.654484 0.421726 0.85553 0.875534 1.36559 2.6061 1.93659 0.863253 0.780362 0.672647 0.649301 0.675575 0.291327 0.345874 0.415858 0.469267
BD_Bspro_t
 0.957671 0.754587 0.626615 0.407597 0.487072 0.625353 0.517455 0.542705 0.483971 0.490284 0.491063 0.319216 0.213302 0.125393 0.0690866 0.0838956 0.113317 0.161337 0.213778 0.277789 0.385804 0.548132 0.579255 0.553732
BD_Bspro
 1.31797 0.697122 0.585911 0.50164 0.408326 0.557905 0.658784 0.843294 0.774174 0.999437 1.15582 0.755402 0.42686 0.196619 0.0919712 0.0985507 0.0993085 0.107295 0.1169 0.126641 0.183899 0.272079 0.362164 0.445699
BD_Bo
 0.859545 0.454644 0.382115 0.327156 0.266299 0.36385 0.429641 0.549973 0.504895 0.651806 0.753791 0.492653 0.278387 0.128229 0.0599811 0.064272 0.0647663 0.0699751 0.0762392 0.0825916 0.119934 0.177442 0.236193 0.290673
BD_Brms
 4.18378 2.21295 1.85992 1.59241 1.2962 1.77102 2.09125 2.67696 2.45755 3.17262 3.66903 2.39796 1.35503 0.624148 0.291954 0.31284 0.315246 0.3406 0.37109 0.40201 0.583772 0.863689 1.14966 1.41483
S_f
 0.5 1 1 1 1
 0.5 1 1 1 1
 0.5 1 1 1 1
 0.5 1 1 1 1
 0.5 1 1 1 1
 0.5 1 1 1 1
 0.5 1 1 1 1
 0.5 1 1 1 1
 0.5 1 1 1 1
 0.5 1 1 1 1
 0.5 1 1 1 1
 0.5 1 1 1 1
 0.5 1 1 1 1
 0.5 1 1 1 1
 0.5 1 1 1 1
 0.5 1 1 1 1
 0.5 1 1 1 1
 0.5 1 1 1 1
 0.5 1 1 1 1
 0.5 1 1 1 1
 0.5 1 1 1 1
 0.5 1 1 1 1
 0.5 1 1 1 1
 0.5 1 1 1 1
Scru_reclas
 0.5 1 1 1 1
 0.5 1 1 1 1
 0.5 1 1 1 1
 0.5 1 1 1 1
 0.5 1 1 1 1
 0.5 1 1 1 1
 0.5 1 1 1 1
 0.5 1 1 1 1
 0.5 1 1 1 1
 0.5 1 1 1 1
 0.5 1 1 1 1
 0.5 1 1 1 1
 0.5 1 1 1 1
 0.5 1 1 1 1
 0.5 1 1 1 1
 0.5 1 1 1 1
 0.5 1 1 1 1
 0.5 1 1 1 1
 0.5 1 1 1 1
 0.5 1 1 1 1
 0.5 1 1 1 1
 0.5 1 1 1 1
 0.5 1 1 1 1
 0.5 1 1 1 1
Scru_pelaces
 0.5 1 1 1 1
 0.5 1 1 1 1
 0.5 1 1 1 1
 0.5 1 1 1 1
 0.5 1 1 1 1
 0.5 1 1 1 1
 0.5 1 1 1 1
 0.5 1 1 1 1
 0.5 1 1 1 1
 0.5 1 1 1 1
 0.5 1 1 1 1
 0.5 1 1 1 1
 0.5 1 1 1 1
 0.5 1 1 1 1
 0.5 1 1 1 1
 0.5 1 1 1 1
 0.5 1 1 1 1
 0.5 1 1 1 1
 0.5 1 1 1 1
 0.5 1 1 1 1
 0.5 1 1 1 1
 0.5 1 1 1 1
 0.5 1 1 1 1
 0.5 1 1 1 1
pf_obs 
 0.256992 0.487395 0.22802 0.0275931 0
 0.321318 0.546541 0.124235 0.00734118 0.000564706
 0.182869 0.594174 0.210203 0.0122559 0.00049798
 0.330522 0.361315 0.267642 0.0388342 0.00168674
 0.649043 0.306663 0.0425973 0.00169635 0
 0.582887 0.30429 0.105238 0.00758474 0
 0.465427 0.430635 0.0974691 0.00646863 0
 0.296916 0.608066 0.0921331 0.00288517 0
 0.311714 0.524322 0.152257 0.0117073 0
 0.15457 0.633149 0.183074 0.0267441 0.00246327
 0.131901 0.49318 0.331252 0.0422183 0.00144891
 0.196976 0.569456 0.194076 0.0375587 0.00193317
 0.518974 0.381816 0.0799577 0.0180837 0.00116848
 0.0928022 0.601141 0.25162 0.0475244 0.00691264
 0.122501 0.610282 0.24278 0.0234846 0.000952079
 0.383417 0.481906 0.127806 0.00687128 0
 0.0376549 0.599619 0.316969 0.0457579 0
 0.0361596 0.667082 0.258105 0.0386534 0
 0.158088 0.579412 0.248529 0.0139706 0
 0.0477256 0.309471 0.559284 0.082774 0.000745712
 0.0406174 0.521527 0.379366 0.0568643 0.0016247
 0.151134 0.462217 0.34131 0.0453401 0
 0.294876 0.26143 0.354403 0.0886775 0.000613685
 0.281977 0.475581 0.204845 0.0348837 0.00271318
pf_pred 
 0.431234 0.399255 0.151372 0.0181354 3.94988e-06
 0.451166 0.341837 0.145305 0.0550904 0.00660164
 0.297424 0.452258 0.155909 0.0662724 0.0281372
 0.447003 0.284126 0.173076 0.0596651 0.0361298
 0.561481 0.276733 0.0831245 0.0506354 0.028026
 0.373998 0.451766 0.109954 0.0330278 0.0312544
 0.653502 0.204372 0.102568 0.0249637 0.0145945
 0.542439 0.369958 0.05167 0.0259314 0.0100012
 0.667628 0.247645 0.0685057 0.00956781 0.00665369
 0.591098 0.339408 0.0517787 0.0143235 0.00339167
 0.395619 0.462823 0.117499 0.0179252 0.00613279
 0.425712 0.361464 0.162977 0.0413758 0.00847169
 0.589177 0.270901 0.0880689 0.0397085 0.0121451
 0.647084 0.287928 0.0428532 0.0139314 0.0082026
 0.748855 0.226294 0.0202749 0.00301757 0.0015586
 0.614815 0.354045 0.0280587 0.00251393 0.00056741
 0.473209 0.424541 0.0939838 0.0074484 0.000817964
 0.560863 0.305017 0.108088 0.0239281 0.0021046
 0.58747 0.312484 0.0694899 0.0246248 0.00593086
 0.619636 0.295021 0.0646462 0.014376 0.00632131
 0.668712 0.264866 0.0515186 0.011289 0.0036143
 0.568165 0.351718 0.0640542 0.012459 0.00360415
 0.551387 0.333831 0.0934867 0.0170256 0.0042696
 0.498512 0.368641 0.0988566 0.027684 0.0063061
pobs_RECLAS
 0 0 0 0 0
 0 0 0 0 0
 0 0 0 0 0
 0 0 0 0 0
 0.835266 0.146461 0.0176864 0.000547809 3.91292e-05
 0.385257 0.428462 0.181853 0.0044286 0
 0.867414 0.0963971 0.0333333 0.00285562 0
 0.441836 0.489002 0.0689373 0.000224442 0
 0.779404 0.147425 0.0564933 0.0165055 0.000172143
 0.814271 0.122319 0.05973 0.00367925 0
 0.40263 0.566651 0.0304383 0.000280538 0
 0.475488 0.404961 0.113038 0.00651328 0
 0.955842 0.0263864 0.0167828 0.000988607 0
 0.975058 0.0227948 0.00214734 0 0
 0.738997 0.206755 0.0527124 0.00153531 0
 0.850938 0.134255 0.0134407 0.00136685 0
 0.542534 0.407297 0.0501686 0 0
 0.764087 0.199537 0.0359546 0.000420521 0
 0.470689 0.182191 0.310203 0.0369168 0
 0.84361 0.089868 0.0606195 0.00523954 0.000663233
 0.607945 0.314616 0.071237 0.00620181 0
 0.523733 0.453247 0.0230204 0 0
 0.530135 0.295979 0.169645 0.0042399 0
 0.562478 0.366248 0.0663022 0.0049721 0
ppred_RECLAS
 0.433989 0.39732 0.150639 0.0180475 3.93075e-06
 0.454306 0.339881 0.144474 0.0547752 0.00656388
 0.30531 0.447181 0.154159 0.0655285 0.0278214
 0.448714 0.283247 0.17254 0.0594806 0.0360181
 0.561812 0.276525 0.0830618 0.0505972 0.0280048
 0.38095 0.446749 0.108733 0.032661 0.0309074
 0.65707 0.202268 0.101511 0.0247066 0.0144442
 0.551043 0.363002 0.0506985 0.0254438 0.00981315
 0.674629 0.242428 0.0670628 0.00936628 0.00651355
 0.595334 0.335892 0.0512422 0.0141751 0.00335653
 0.40677 0.454284 0.115331 0.0175945 0.00601964
 0.437487 0.354052 0.159635 0.0405274 0.00829799
 0.611584 0.256125 0.0832653 0.0375427 0.0114827
 0.703551 0.24186 0.0359967 0.0117024 0.00689019
 0.777928 0.200098 0.0179278 0.00266825 0.00137817
 0.62589 0.343865 0.027252 0.00244165 0.000551095
 0.483354 0.416365 0.0921738 0.00730495 0.000802211
 0.568962 0.299391 0.106094 0.0234868 0.00206579
 0.595052 0.306741 0.0682128 0.0241723 0.00582186
 0.627419 0.288984 0.0633235 0.0140818 0.00619197
 0.671143 0.262923 0.0511405 0.0112061 0.00358778
 0.571503 0.348999 0.063559 0.0123627 0.00357629
 0.555648 0.33066 0.0925989 0.0168639 0.00422905
 0.503561 0.36493 0.0978614 0.0274053 0.00624262
pobs_PELACES
 0 0 0 0 0
 0 0 0 0 0
 0 0 0 0 0
 0 0 0 0 0
 0 0 0 0 0
 0 0 0 0 0
 0 0 0 0 0
 0 0 0 0 0
 0 0 0 0 0
 0 0 0 0 0
 0.450072 0.473896 0.0757376 0.000293798 0
 0 0 0 0 0
 0.463077 0.371075 0.160297 0.00555027 0
 0.529543 0.364841 0.0842815 0.0213345 0
 0.631943 0.363953 0.00410389 0 0
 0.735681 0.248677 0.0153453 0.000297389 0
 0.695825 0.281241 0.0229344 0 0
 0.275771 0.60734 0.115278 0.00161068 0
 0 0 0 0 0
 0.896147 0.0623911 0.0374545 0.00400742 0
 0.803859 0.145111 0.0509908 3.86294e-05 0
 0.739449 0.233085 0.0266225 0.000797448 4.60066e-05
 0.878498 0.100942 0.0204185 0.000141795 0
 0.694673 0.275183 0.0284847 0.00165964 0
ppred_PELACES
 0.446035 0.388865 0.147433 0.0176635 3.84709e-06
 0.467697 0.331541 0.140928 0.0534311 0.0064028
 0.331684 0.430204 0.148306 0.0630407 0.0267651
 0.456809 0.279088 0.170007 0.0586072 0.0354892
 0.563612 0.275388 0.0827206 0.0503893 0.0278898
 0.405447 0.42907 0.10443 0.0313686 0.0296843
 0.671372 0.193832 0.0972779 0.0236762 0.0138418
 0.579342 0.340121 0.0475028 0.02384 0.0091946
 0.697872 0.22511 0.0622721 0.00869719 0.00604824
 0.611981 0.322074 0.0491343 0.013592 0.00321845
 0.44123 0.427896 0.108632 0.0165725 0.00566997
 0.4733 0.331512 0.149472 0.0379472 0.00776969
 0.663582 0.221837 0.0721185 0.0325168 0.00994545
 0.784869 0.175516 0.0261225 0.00849234 0.00500016
 0.828235 0.154769 0.0138665 0.0020638 0.00106597
 0.6586 0.313799 0.0248692 0.00222816 0.000502911
 0.515533 0.390432 0.0864328 0.00684997 0.000752246
 0.595947 0.280648 0.099452 0.0220164 0.00193646
 0.620583 0.287402 0.0639121 0.0226483 0.0054548
 0.653085 0.269076 0.0589612 0.0131117 0.00576541
 0.681664 0.254511 0.0495044 0.0108476 0.003473
 0.585418 0.337666 0.061495 0.0119613 0.00346015
 0.572518 0.318106 0.0890832 0.0162237 0.00406849
 0.522902 0.350712 0.0940487 0.0263376 0.00599941
pobs_pel_tallas
 0 0 0 0 0 0 0 0 0 0 0 0 0 0 0 0 0 0 0 0 0 0 0 0 0 0 0 0 0 0 0 0 0 0 0 0
 0 0 0 0 0 0 0 0 0 0 0 0 0 0 0 0 0 0 0 0 0 0 0 0 0 0 0 0 0 0 0 0 0 0 0 0
 0 0 0 0 0 0 0 0 0 0 0 0 0 0 0 0 0 0 0 0 0 0 0 0 0 0 0 0 0 0 0 0 0 0 0 0
 0 0 0 0 0 0 0 0 0 0 0 0 0 0 0 0 0 0 0 0 0 0 0 0 0 0 0 0 0 0 0 0 0 0 0 0
 0 0 0 0 0 0 0 0 0 0 0 0 0 0 0 0 0 0 0 0 0 0 0 0 0 0 0 0 0 0 0 0 0 0 0 0
 0 0 0 0 0 0 0 0 0 0 0 0 0 0 0 0 0 0 0 0 0 0 0 0 0 0 0 0 0 0 0 0 0 0 0 0
 0 0 0 0 0 0 0 0 0 0 0 0 0 0 0 0 0 0 0 0 0 0 0 0 0 0 0 0 0 0 0 0 0 0 0 0
 0 0 0 0 0 0 0 0 0 0 0 0 0 0 0 0 0 0 0 0 0 0 0 0 0 0 0 0 0 0 0 0 0 0 0 0
 0 0 0 0 0 0 0 0 0 0 0 0 0 0 0 0 0 0 0 0 0 0 0 0 0 0 0 0 0 0 0 0 0 0 0 0
 0 0 0 0 0 0 0 0 0 0 0 0 0 0 0 0 0 0 0 0 0 0 0 0 0 0 0 0 0 0 0 0 0 0 0 0
 0 0 0 0 0 0 0 0 1.78061e-05 0.00172719 0.00360574 0.0105946 0.0120993 0.0124554 0.0147524 0.0171206 0.0266825 0.0428682 0.0675386 0.121331 0.153587 0.119568 0.100827 0.0573624 0.0630603 0.0341343 0.0324427 0.0444173 0.0211091 0.0280891 0.0125444 0.00206551 0 0 0 0
 0 0 0 0 0 0 0 0 0 0 0 0 0 0 0 0 0 0 0 0 0 0 0 0 0 0 0 0 0 0 0 0 0 0 0 0
 0 0 0 0 0 0 0.0133647 0.0140871 0.0187388 0.0205184 0.03894 0.0496705 0.03968 0.0493445 0.0407372 0.0367815 0.0215668 0.0243155 0.0234873 0.0199281 0.019796 0.0243948 0.0301388 0.0376714 0.0412746 0.0863199 0.0771752 0.113111 0.0741005 0.0525337 0.0229764 0.00759418 0.00175318 0 0 0
 0 0 0 0 0 0 0 0 0 0 0.00219441 0.00772107 0.0458388 0.0604681 0.0671733 0.0775358 0.0609151 0.0617685 0.073594 0.0568108 0.0755445 0.0548602 0.0670107 0.0636378 0.0643287 0.046367 0.0373049 0.0286899 0.0247887 0.0153202 0.00654259 0.00121912 0.000365735 0 0 0
 0 0 0 0 0 0 0 0 0 0 0 0 0.000112435 0.00938835 0.0111873 0.0202946 0.0414886 0.0713402 0.111592 0.104902 0.108894 0.110636 0.117776 0.105296 0.107544 0.0401394 0.0192827 0.0124803 0.00416011 0.0028671 0.000618394 0 0 0 0 0
 0 0 0 0 0 0 0 0 0 0 0.00291406 0.0102884 0.027416 0.0768956 0.0749926 0.110853 0.0956884 0.0897413 0.0766577 0.0534642 0.0500743 0.0551293 0.0594112 0.0620874 0.0668451 0.0424026 0.0208742 0.0120726 0.0048766 0.00582813 0.00118941 0.000297354 0 0 0 0
 0 0.00264628 0.0354308 0.0461629 0.0458689 0.0383711 0.0214643 0.0164657 0.0346957 0.0420465 0.0363128 0.0245516 0.0311673 0.0291091 0.0169068 0.0133784 0.00837989 0.0085269 0.0148486 0.0160247 0.0276389 0.0546898 0.0760071 0.122758 0.109233 0.0665981 0.0333725 0.0166128 0.00676272 0.00308733 0.000882094 0 0 0 0 0
 0 0 0 0 0 0 0 0.000805153 0.000690131 0.00759144 0.0133425 0.0154129 0.00931677 0.000345066 0.00356568 0.00563607 0.00851162 0.0253048 0.0502646 0.0516448 0.0657925 0.0565908 0.0611916 0.0827007 0.0866115 0.110766 0.145733 0.0935128 0.0569358 0.0249597 0.0138026 0.00621118 0.00161031 0.00115022 0 0
 0 0 0 0 0 0 0 0 0 0 0 0 0 0 0 0 0 0 0 0 0 0 0 0 0 0 0 0 0 0 0 0 0 0 0 0
 0.00147267 0.00158595 0.00478618 0.00569244 0.00954404 0.0108468 0.00647125 0.017049 0.0510054 0.094081 0.124002 0.0959785 0.0687766 0.0820023 0.061753 0.0591476 0.0492212 0.0479892 0.0443925 0.0268479 0.0217502 0.0140895 0.0121071 0.0120363 0.00920419 0.00665534 0.0049561 0.00860946 0.00930331 0.0156896 0.0114698 0.00855282 0.00243557 0.00046729 0 2.83206e-05
 0 0 0 0 0.000772559 0.00158375 0.000888443 0.00281984 0.00712685 0.0440552 0.0773331 0.111326 0.0921469 0.0852325 0.0710754 0.0886704 0.0786465 0.0553345 0.0373146 0.0185414 0.00753245 0.00457741 0.012979 0.0271748 0.0457355 0.0583668 0.034881 0.0177882 0.00938659 0.00492506 0.0015258 0.00185414 0.000309023 5.79419e-05 3.86279e-05 0
 0 0.00173294 0.00326652 0 0.00397197 0.00683976 0.00946217 0.0152591 0.00757587 0.0136028 0.0228656 0.0392903 0.0559909 0.0764795 0.0681675 0.0726916 0.0566044 0.0477403 0.0527397 0.0444891 0.0609904 0.0582453 0.0661739 0.0445044 0.0529084 0.0360697 0.0280645 0.0235558 0.0158879 0.00826598 0.00280645 0.00217768 0.000904811 0.00058276 9.20147e-05 0
 0 0 0 0 0 0 0 0 0 0 0 0 0 0 0 0 0 0 0 0 0 0 0 0 0 0 0 0 0 0 0 0 0 0 0 0
 0 0 0 0 0 0 0 0 0 0 0 0 0 0 0 0 0 0 0 0 0 0 0 0 0 0 0 0 0 0 0 0 0 0 0 0
ppred_pel_tallas
 1.02827e-16 1.9478e-05 0.000114278 0.000543135 0.00209095 0.0065203 0.0164701 0.0337023 0.0558743 0.0750647 0.0817565 0.0722845 0.0521135 0.031161 0.0165214 0.00966523 0.00860602 0.0109452 0.0151712 0.0205067 0.0264221 0.0323596 0.0376928 0.0418142 0.0442596 0.044808 0.0435222 0.0407117 0.0368408 0.0324113 0.027861 0.0235047 0.0195233 0.0159887 0.0129046 0.0102447
 1.04244e-16 2.04201e-05 0.000119814 0.00056947 0.00219237 0.00683658 0.0172689 0.0353363 0.058581 0.0786943 0.0856919 0.0757217 0.0544997 0.0324038 0.0168454 0.00933438 0.00775739 0.00958043 0.0132231 0.0179089 0.0231607 0.0285057 0.0334174 0.0373803 0.0399928 0.0410499 0.040577 0.0388 0.03607 0.0327687 0.0292277 0.0256847 0.0222786 0.0190725 0.0160892 0.013339
 1.05663e-16 1.44933e-05 8.50095e-05 0.000403984 0.00155517 0.00484948 0.0122498 0.0250676 0.0415635 0.0558522 0.0608668 0.0538996 0.0390431 0.0237152 0.0132493 0.00880837 0.00898583 0.0120532 0.0169046 0.022922 0.0296028 0.0363597 0.0425161 0.0474119 0.0505406 0.0516572 0.0508202 0.0483495 0.0447238 0.0404536 0.0359734 0.0315828 0.0274416 0.0236032 0.0200647 0.0168096
 1.06177e-16 1.99432e-05 0.000117019 0.000556192 0.00214126 0.00667723 0.0168663 0.0345123 0.0572137 0.0768541 0.0836789 0.0739212 0.0531565 0.031511 0.0162102 0.00871449 0.00694842 0.00843435 0.0116416 0.015846 0.0206385 0.0256321 0.0303927 0.0344847 0.0375526 0.0393882 0.0399601 0.0393923 0.0379083 0.0357608 0.0331734 0.0303124 0.0272867 0.0241689 0.02102 0.0179075
 1.04299e-16 2.46e-05 0.000144359 0.000686173 0.00264172 0.0082379 0.0208084 0.042578 0.0705824 0.0948041 0.103202 0.0911192 0.0654166 0.0385625 0.0194359 0.00979383 0.00702521 0.00802586 0.0108741 0.0146696 0.0189364 0.0232644 0.0272174 0.0303767 0.0324232 0.033205 0.0327631 0.0313029 0.0291276 0.0265564 0.0238557 0.0212031 0.0186855 0.0163238 0.0141065 0.0120191
 1.04088e-16 1.77096e-05 0.000103892 0.000493755 0.00190081 0.00592736 0.0149724 0.0306383 0.0507967 0.0682498 0.0743517 0.0657794 0.0475147 0.0285932 0.0154914 0.00957813 0.00907829 0.0118319 0.0164636 0.0222335 0.0285913 0.0349302 0.0405676 0.0448485 0.0472849 0.0476647 0.0460918 0.0429406 0.038747 0.0340735 0.0293932 0.0250251 0.0211256 0.0177233 0.0147726 0.0122037
 1.02905e-16 2.92956e-05 0.000171934 0.000817282 0.00314656 0.00981221 0.0247849 0.0507136 0.0840648 0.112901 0.12287 0.108406 0.0776586 0.0454392 0.0222731 0.0101914 0.00602346 0.00602752 0.00790801 0.0106422 0.0137783 0.0170012 0.0199965 0.0224604 0.024153 0.0249462 0.0248437 0.0239642 0.0224997 0.0206616 0.0186359 0.0165582 0.0145114 0.0125391 0.0106644 0.00890518
 1.02034e-16 2.52885e-05 0.000148396 0.000705348 0.00271553 0.00846805 0.0213898 0.0437681 0.0725567 0.0974604 0.106106 0.0937104 0.0673373 0.0398155 0.020289 0.0105818 0.00802468 0.00943033 0.012807 0.0171859 0.0220051 0.0267479 0.0308639 0.0338361 0.0352902 0.0350802 0.0333204 0.0303455 0.0266201 0.0226256 0.0187636 0.0153 0.0123564 0.00993873 0.00798275 0.00639821
 1.01539e-16 3.04524e-05 0.000178723 0.000849549 0.00327078 0.0101996 0.0257635 0.052716 0.0873846 0.117361 0.127728 0.112702 0.080757 0.047294 0.0232587 0.0107674 0.00652633 0.00664278 0.00871773 0.0116635 0.0149743 0.0182784 0.0212051 0.0234059 0.0246211 0.0247368 0.0238068 0.0220292 0.0196902 0.0170928 0.014496 0.0120795 0.00993702 0.00809324 0.00653007 0.00521204
 1.0142e-16 2.6711e-05 0.000156749 0.000745063 0.00286845 0.00894492 0.0225944 0.0462325 0.0766409 0.102943 0.112066 0.0989524 0.0710569 0.0419202 0.0211867 0.010766 0.00782139 0.00897338 0.0121157 0.016238 0.020778 0.0252373 0.0290907 0.0318461 0.033147 0.0328548 0.0310788 0.0281398 0.0244841 0.0205758 0.016805 0.0134336 0.0105854 0.00827205 0.00643512 0.0049875
 1.02516e-16 1.92699e-05 0.000113053 0.000537305 0.00206849 0.00645026 0.0162932 0.0333407 0.0552759 0.0742642 0.0808938 0.0715436 0.0516267 0.0309642 0.016588 0.00996767 0.00915117 0.0117712 0.0163243 0.0220135 0.0282667 0.0344674 0.0399262 0.0439839 0.0461504 0.0462154 0.0442902 0.0407625 0.036188 0.0311539 0.026161 0.0215553 0.0175159 0.0140855 0.0112222 0.00884884
 1.03897e-16 2.06645e-05 0.000121249 0.000576289 0.00221862 0.00691845 0.0174757 0.0357595 0.0592824 0.0796361 0.0867164 0.0766248 0.0551445 0.032777 0.0170207 0.00940167 0.00777924 0.00958746 0.0132262 0.0179103 0.023159 0.0284973 0.0333961 0.0373374 0.0399165 0.040926 0.04039 0.0385351 0.0357154 0.0323179 0.0286821 0.0250546 0.0215826 0.0183365 0.015343 0.0126132
 1.02679e-16 2.8957e-05 0.000169944 0.000807815 0.0031101 0.00969851 0.0244977 0.0501262 0.083092 0.111597 0.121457 0.107176 0.0768107 0.0450111 0.0221892 0.0103638 0.00641041 0.00663548 0.00876506 0.01177 0.0151708 0.0186115 0.021733 0.0241934 0.0257329 0.0262278 0.0257128 0.0243583 0.0224171 0.0201584 0.0178111 0.0155327 0.0134066 0.0114591 0.00968548 0.00807258
 1.00954e-16 3.42438e-05 0.000200986 0.000955403 0.00367836 0.0114706 0.0289739 0.0592844 0.0982703 0.131973 0.143611 0.12667 0.0906637 0.0528892 0.0256248 0.0112124 0.00590862 0.00530516 0.00669488 0.00887821 0.0113493 0.01379 0.0159065 0.01743 0.0181665 0.0180405 0.017111 0.0155514 0.0136026 0.0115149 0.00949764 0.00769026 0.0061576 0.00490412 0.00389726 0.00309015
 1.00369e-16 3.61339e-05 0.000212085 0.00100817 0.00388154 0.0121042 0.0305743 0.0625588 0.103697 0.139258 0.151531 0.133637 0.0956099 0.055693 0.0268304 0.011478 0.00567008 0.00474245 0.00583416 0.00768762 0.00979247 0.0118506 0.0135983 0.0147985 0.0152833 0.014993 0.0139896 0.0124388 0.0105667 0.00860729 0.00675568 0.00514137 0.00382293 0.00280047 0.00203695 0.00147958
 1.00556e-16 2.87435e-05 0.000168682 0.000801796 0.00308689 0.00962612 0.024315 0.049753 0.0824758 0.110777 0.120585 0.106454 0.076398 0.0449788 0.0225609 0.0111813 0.00776831 0.00866862 0.0116075 0.0155025 0.0197703 0.0239119 0.0274113 0.0297908 0.0307116 0.0300548 0.0279502 0.0247379 0.0208822 0.016862 0.0130773 0.00979343 0.00712982 0.00508558 0.00358271 0.00251002
 1.01625e-16 2.25083e-05 0.000132069 0.000627716 0.00241661 0.00753586 0.0190353 0.0389509 0.0645737 0.0867457 0.0944622 0.0834787 0.0600978 0.0357615 0.0186417 0.0104027 0.00871086 0.0107599 0.014783 0.019885 0.0254883 0.0310136 0.0358272 0.0393273 0.0410714 0.0408773 0.0388604 0.0353925 0.0310002 0.026238 0.0215779 0.0173451 0.0137049 0.0106912 0.00825403 0.00630676
 1.02351e-16 2.60103e-05 0.000152638 0.00072553 0.00279326 0.00871044 0.022002 0.0450203 0.0746306 0.10024 0.109117 0.0963345 0.0691453 0.0407293 0.0204698 0.0102179 0.0072056 0.00814335 0.0109935 0.0148009 0.0190627 0.023349 0.0272043 0.0301919 0.0319793 0.0324096 0.0315293 0.0295622 0.0268415 0.0237251 0.0205229 0.0174548 0.0146439 0.0121355 0.00992813 0.00800125
 1.02035e-16 2.70847e-05 0.000158946 0.000755515 0.00290871 0.00907047 0.0229114 0.046881 0.0777149 0.104382 0.113624 0.100307 0.0719851 0.0423776 0.0212521 0.0105299 0.00732106 0.00819163 0.0110112 0.0147783 0.0189656 0.0231264 0.0267939 0.0295271 0.0310002 0.0310754 0.0298297 0.0275244 0.0245313 0.0212404 0.0179814 0.0149782 0.0123419 0.0100933 0.00819871 0.00660394
 1.01645e-16 2.85012e-05 0.000167264 0.000795063 0.00306098 0.00954533 0.0241109 0.049335 0.0817819 0.109842 0.119558 0.105527 0.0756876 0.0444705 0.0221406 0.0107041 0.0071035 0.00771284 0.0102871 0.0137834 0.0176741 0.0215319 0.0249167 0.0274149 0.0287221 0.0287109 0.0274574 0.0252111 0.0223263 0.0191749 0.0160716 0.0132311 0.0107601 0.00867833 0.00695195 0.00552568
 1.01321e-16 2.97468e-05 0.000174577 0.000829837 0.00319487 0.00996288 0.0251655 0.0514928 0.085358 0.114642 0.124777 0.110117 0.0789453 0.046315 0.0229293 0.0108693 0.00693075 0.00731869 0.00968684 0.0129545 0.0165922 0.0201872 0.0233212 0.0256033 0.0267478 0.0266384 0.0253529 0.0231349 0.0203271 0.0172882 0.0143214 0.0116324 0.00932193 0.00740573 0.00584643 0.00458501
 1.01556e-16 2.55534e-05 0.000149951 0.000712742 0.002744 0.00855683 0.0216141 0.0442269 0.0733172 0.0984814 0.107216 0.0946878 0.068033 0.0402136 0.0204674 0.0106355 0.00801856 0.00939472 0.0127518 0.0171134 0.0219168 0.0266463 0.0307524 0.0337175 0.035164 0.034941 0.0331561 0.030138 0.0263474 0.022266 0.0183004 0.0147263 0.0116778 0.00917367 0.00716062 0.0055552
 1.02116e-16 2.49902e-05 0.000146646 0.000697034 0.00268353 0.00836825 0.0211377 0.0432521 0.0717009 0.0963097 0.10485 0.0925935 0.0665183 0.0392987 0.0199666 0.0103205 0.00772026 0.00901756 0.0122521 0.0164825 0.0211776 0.0258554 0.03 0.0331195 0.0348464 0.0350186 0.0337106 0.0312012 0.0278936 0.0242154 0.0205329 0.0171005 0.0140523 0.011425 0.00919534 0.00731505
 1.02635e-16 2.2828e-05 0.000133949 0.000636665 0.00245108 0.00764336 0.0193068 0.0395061 0.0654928 0.0879765 0.0957924 0.0846301 0.0608742 0.0361186 0.0186362 0.0100978 0.00812025 0.00984875 0.0134969 0.0181837 0.0233725 0.0285451 0.0331363 0.036606 0.0385505 0.0387922 0.037413 0.0347184 0.0311496 0.027173 0.023186 0.0194627 0.0161449 0.0132688 0.0108065 0.00870549
pSPR Fmed_Fpbrs
0.37021   0.255447 0.255447
Fs Fmed_Fpbrs
0.64   1.005 1.005
SSBpbr Bo_Bmed_Bpbrs
938943  300660  192903 192903
Ro
29760.6
SPR SPRFo_SPRFmed_SPRFpbrs
612353 226700 156424
log_Ro
10.1209
likeval ReclasPelacesDesembMPH_pf_preclas_ppelaces_ptallas_desvR_qrecl_qpela
 63.2985 0.00247514 0.0197699 55.6632 365.947 175.766 46.8324 0 16.74 0 0 0 0 0 0
q_reclas_q_pelaces
1 1
M
0.7
N
 40097.5 19766 7494.02 897.834 0.195548
 42301.8 17170.1 7298.5 2767.13 331.593
 20264 17841.2 6150.47 2614.39 1109.99
 20993.2 6962.15 4241 1462.02 885.315
 37944.5 9442.26 2836.24 1727.7 956.258
 26901.1 18429.5 4485.51 1347.35 1275.01
 57693.2 9786.06 4911.29 1195.35 698.833
 60149.2 23589.6 3294.62 1653.46 637.704
 99559.7 21068.4 5828.14 813.984 566.065
 113700 35641.7 5437.35 1504.13 356.163
 66121.4 45727.6 11609.1 1771.04 605.929
 42503.8 21407.2 9652.08 2450.42 501.724
 46245.5 13623.9 4429.09 1996.99 610.79
 35183.4 11601.9 1726.75 561.359 330.52
 22745.2 4747.06 425.314 63.3007 32.6953
 12582.6 4289.02 339.913 30.4546 6.8738
 7751.89 4058.01 898.351 71.1961 7.81857
 8371.26 2605.84 923.421 204.425 17.9802
 9795.73 2969.76 660.412 234.027 56.3652
 12894.4 3515.9 770.42 171.325 75.3341
 21681.1 4567.67 888.448 194.681 62.3294
 27956.7 9307.11 1694.99 329.689 95.3723
 35372.8 11678.1 3270.37 595.594 149.36
 35017.4 14267.9 3826.16 1071.49 244.072
pred_Ctot
 4004.79 3707.81 1405.77 168.42 0.0366819
 4627.36 3506.03 1490.31 565.031 67.7093
 4586.29 6973.85 2404.13 1021.93 433.878
 1431.27 909.748 554.174 191.043 115.685
 599.121 295.284 88.6969 54.0298 29.9047
 5267.29 6362.55 1548.57 465.155 440.18
 7410.51 2317.52 1163.09 283.081 165.497
 13003.4 8868.7 1238.64 621.632 239.75
 20362 7552.9 2089.35 291.808 202.931
 15735.5 9035.32 1378.39 381.303 90.289
 16960.2 19841.3 5037.21 768.456 262.914
 11111.8 9434.85 4253.98 1079.98 221.126
 17106.3 7865.37 2557.01 1152.9 352.622
 19799.8 8810.19 1311.24 426.281 250.988
 10712.1 3237.07 290.026 43.1654 22.2953
 3251.48 1872.38 148.39 13.295 3.00077
 1841.8 1652.37 365.798 28.9902 3.18363
 1752.98 953.332 337.828 74.7875 6.57795
 1989.7 1058.35 235.355 83.4017 20.0872
 2710.24 1290.4 282.758 62.8795 27.649
 2131.39 844.212 164.206 35.9815 11.5199
 3224.93 1996.37 363.575 70.7181 20.4573
 4833.32 2926.28 819.481 149.242 37.4262
 5338.43 3947.68 1058.63 296.461 67.5304
F
 0.148148 0.296296 0.296296 0.296296 0.296296
 0.163319 0.326639 0.326639 0.326639 0.326639
 0.368355 0.736711 0.736711 0.736711 0.736711
 0.0990038 0.198008 0.198008 0.198008 0.198008
 0.0221711 0.0443422 0.0443422 0.0443422 0.0443422
 0.311208 0.622415 0.622415 0.622415 0.622415
 0.194334 0.388667 0.388667 0.388667 0.388667
 0.349054 0.698107 0.698107 0.698107 0.698107
 0.327242 0.654484 0.654484 0.654484 0.654484
 0.210863 0.421726 0.421726 0.421726 0.421726
 0.427765 0.85553 0.85553 0.85553 0.85553
 0.437767 0.875534 0.875534 0.875534 0.875534
 0.682794 1.36559 1.36559 1.36559 1.36559
 1.30305 2.6061 2.6061 2.6061 2.6061
 0.968295 1.93659 1.93659 1.93659 1.93659
 0.431627 0.863253 0.863253 0.863253 0.863253
 0.390181 0.780362 0.780362 0.780362 0.780362
 0.336324 0.672647 0.672647 0.672647 0.672647
 0.32465 0.649301 0.649301 0.649301 0.649301
 0.337787 0.675575 0.675575 0.675575 0.675575
 0.145663 0.291327 0.291327 0.291327 0.291327
 0.172937 0.345874 0.345874 0.345874 0.345874
 0.207929 0.415858 0.415858 0.415858 0.415858
 0.234633 0.469267 0.469267 0.469267 0.469267
Np
 20619.6 6195.01 2499.8 805.532 255.281
YTP_r0W_actual
 81893.2 130747 50747.1 18603.9 5179.49
YTP_p0W_proyectada
 49427.6 143267 67112 22983.5 9361.04
 49427.6 64537.4 37857.4 15579.1 5478.91
CTP_r0_actual
 10236.7 6881.4 1845.35 516.776 117.716
CTP_p0_proyectada
 6027.75 6632.74 2137.33 573.155 210.361
 6027.75 2987.84 1205.65 388.507 123.122
Wmedp
 8.2 21.6 31.4 40.1 44.5
nmprior
 10.8 10.6 4.6 0
nm_flota  nm_reclas  nm_pelaces    nm_pelaL
inf 20.6967 10.3268 16.4725
cv_recla  cv_pelaces  cv_mph
0.736586 1.95138 0.633068
 ------------------------------------------------
Talla a la edad & desviaci?n 
 7.2 14.2025 17.0495 18.207 18.6776
 1.08 2.13037 2.55742 2.73105 2.80164
