years
 1997 1998 1999 2000 2001 2002 2003 2004 2005 2006 2007 2008 2009 2010 2011 2012 2013 2014 2015 2016 2017 2018 2019 2020
reclasobs
 0 0 0 370054 412103 1.49427e+06 250295 1.28982e+06 931140 785840 897777 1.04006e+06 184774 17550 25797 100020 73551 82996 120727 218422 84188 347160 605670 569463
reclaspred
 498641 127739 318487 203882 308552 362512 782394 562290 735903 799996 691761 474459 266583 102703 73150.6 72668.5 79021.3 104167 116132 152505 241837 258352 473722 560573
pelacesobs
 0 0 0 0 0 0 0 0 0 2.06254e+06 1.5e+06 0 1.87456e+06 323000 250000 174000 83755 137374 0 501740 490994 745055 786931 1.00524e+06
pelacespred
 457346 114373 152331 168975 225658 207118 512928 430360 519238 586422 437347 309832 164410 48687.3 36437.6 41438.8 46418.9 63607.5 72868.3 92331.3 171987 179499 263474 364022
mphobs
 0 0 0 0 0 0 112323 0 153150 637223 0 255016 313432 73983 77613 109348 50772 17779 17303 59886 28197 0 207744 136588
mphpred
 179648 98405.1 107619 99128.2 108015 171416 235884 298588 284081 355671 364288 252261 145730 102363 48639 45013 44636.7 56656.8 31009.4 33781.1 52915.3 73577.6 101072 147982
desembarqueobs
 350755 77701 442110 56441 14545 235359 269955 359681 431902 328805 639364 411747 362871 311530 167758 66681 60226 58785 57116 73181 50977 67692 138656 160484
desembarquepred
 350761 77699 442086 56445 14545.4 235492 270028 359633 431850 328807 639380 411815 363094 311448 167537 66680.7 60262.1 58785.5 57098.3 73183.2 50976.9 67678.3 138655 160490
Reclutas
 35954.7 43463.3 20974.4 28711.4 48308.4 33249.7 68916.6 71664.5 115001 114897 64389.1 43554.7 41308.8 28375.2 16486.1 12764.5 8865.41 11328.6 12649.8 17722.2 28917.8 42083.7 57597.5 63555.6
log_desv_Rt
 0.0482403 0.237896 -0.490716 -0.176725 0.343585 -0.0299745 0.698877 0.737974 1.21092 1.21002 0.630924 0.239997 0.187055 -0.188506 -0.731505 -0.987349 -1.35186 -1.10669 -0.996378 -0.659201 -0.169565 0.20564 0.519458 0.617894
SSB
 439730 240868 263421 242639 264391 419579 559662 721051 677140 851594 891676 617466 370870 168452 84044.3 77208.3 80380.6 96435.1 122006 141010 206671 279619 395408 551534
BT
 1.52401e+06 368943 622245 430934 520823 599004 1.47645e+06 1.38813e+06 1.69842e+06 1.64587e+06 1.51926e+06 1.04371e+06 737553 410952 233698 150023 156611 195810 205170 268883 445446 435531 657004 909993
Ftot
 1.01196 0.928318 1.62831 0.366224 0.067537 0.69869 0.476671 0.902221 0.935135 0.580055 1.04452 0.937304 1.59882 3.71492 3.56408 1.29056 1.03245 0.771601 0.618501 0.63846 0.302488 0.333076 0.349171 0.351639
BD_Bspro_t
 0.907805 0.633375 0.549447 0.357651 0.503162 0.671086 0.60033 0.628333 0.578061 0.584946 0.562904 0.401792 0.290629 0.175712 0.108855 0.120683 0.168053 0.255047 0.357134 0.450555 0.574337 0.705465 0.739056 0.741933
BD_Bspro
 0.623763 0.341675 0.373666 0.344186 0.375042 0.595178 0.793889 1.02282 0.960533 1.208 1.26485 0.875884 0.526084 0.238952 0.119218 0.109521 0.114021 0.136795 0.173067 0.200025 0.293166 0.396644 0.560892 0.782359
BD_Bo
 0.564636 0.309288 0.338246 0.31156 0.339492 0.538761 0.718635 0.925867 0.869483 1.09349 1.14496 0.792858 0.476216 0.216301 0.107917 0.0991394 0.103213 0.123828 0.156662 0.181064 0.265376 0.359046 0.507725 0.708198
BD_Brms
 1.54466 0.846109 0.925329 0.852327 0.928737 1.47387 1.96595 2.53287 2.37862 2.99143 3.13223 2.169 1.30277 0.591729 0.295226 0.271213 0.282356 0.338752 0.428576 0.495332 0.725982 0.98223 1.38897 1.9374
S_f
 0.0994943 0.677342 0.975542 0.998682 0.999931
 0.0994943 0.677342 0.975542 0.998682 0.999931
 0.0994943 0.677342 0.975542 0.998682 0.999931
 0.0994943 0.677342 0.975542 0.998682 0.999931
 0.0994943 0.677342 0.975542 0.998682 0.999931
 0.0994943 0.677342 0.975542 0.998682 0.999931
 0.0994943 0.677342 0.975542 0.998682 0.999931
 0.0994943 0.677342 0.975542 0.998682 0.999931
 0.0994943 0.677342 0.975542 0.998682 0.999931
 0.0994943 0.677342 0.975542 0.998682 0.999931
 0.0994943 0.677342 0.975542 0.998682 0.999931
 0.0994943 0.677342 0.975542 0.998682 0.999931
 0.0994943 0.677342 0.975542 0.998682 0.999931
 0.0994943 0.677342 0.975542 0.998682 0.999931
 0.0994943 0.677342 0.975542 0.998682 0.999931
 0.0994943 0.677342 0.975542 0.998682 0.999931
 0.0994943 0.677342 0.975542 0.998682 0.999931
 0.0994943 0.677342 0.975542 0.998682 0.999931
 0.0994943 0.677342 0.975542 0.998682 0.999931
 0.0994943 0.677342 0.975542 0.998682 0.999931
 0.0994943 0.677342 0.975542 0.998682 0.999931
 0.0994943 0.677342 0.975542 0.998682 0.999931
 0.0994943 0.677342 0.975542 0.998682 0.999931
 0.0994943 0.677342 0.975542 0.998682 0.999931
Scru_reclas
 0.593401 0.880164 0.973659 0.994653 0.998933
 0.593401 0.880164 0.973659 0.994653 0.998933
 0.593401 0.880164 0.973659 0.994653 0.998933
 0.593401 0.880164 0.973659 0.994653 0.998933
 0.593401 0.880164 0.973659 0.994653 0.998933
 0.593401 0.880164 0.973659 0.994653 0.998933
 0.593401 0.880164 0.973659 0.994653 0.998933
 0.593401 0.880164 0.973659 0.994653 0.998933
 0.593401 0.880164 0.973659 0.994653 0.998933
 0.593401 0.880164 0.973659 0.994653 0.998933
 0.593401 0.880164 0.973659 0.994653 0.998933
 0.593401 0.880164 0.973659 0.994653 0.998933
 0.593401 0.880164 0.973659 0.994653 0.998933
 0.593401 0.880164 0.973659 0.994653 0.998933
 0.593401 0.880164 0.973659 0.994653 0.998933
 0.593401 0.880164 0.973659 0.994653 0.998933
 0.593401 0.880164 0.973659 0.994653 0.998933
 0.593401 0.880164 0.973659 0.994653 0.998933
 0.593401 0.880164 0.973659 0.994653 0.998933
 0.593401 0.880164 0.973659 0.994653 0.998933
 0.593401 0.880164 0.973659 0.994653 0.998933
 0.593401 0.880164 0.973659 0.994653 0.998933
 0.593401 0.880164 0.973659 0.994653 0.998933
 0.593401 0.880164 0.973659 0.994653 0.998933
Scru_pelaces
 0.590787 1 1 1 1
 0.590787 1 1 1 1
 0.590787 1 1 1 1
 0.590787 1 1 1 1
 0.590787 1 1 1 1
 0.590787 1 1 1 1
 0.590787 1 1 1 1
 0.590787 1 1 1 1
 0.590787 1 1 1 1
 0.590787 1 1 1 1
 0.590787 1 1 1 1
 0.590787 1 1 1 1
 0.590787 1 1 1 1
 0.590787 1 1 1 1
 0.590787 1 1 1 1
 0.590787 1 1 1 1
 0.590787 1 1 1 1
 0.590787 1 1 1 1
 0.590787 1 1 1 1
 0.590787 1 1 1 1
 0.590787 1 1 1 1
 0.590787 1 1 1 1
 0.590787 1 1 1 1
 0.590787 1 1 1 1
pf_obs 
 0.256992 0.487395 0.22802 0.0275931 0
 0.321318 0.546541 0.124235 0.00734118 0.000564706
 0.182869 0.594174 0.210203 0.0122559 0.00049798
 0.330522 0.361315 0.267642 0.0388342 0.00168674
 0.649043 0.306663 0.0425973 0.00169635 0
 0.582887 0.30429 0.105238 0.00758474 0
 0.465427 0.430635 0.0974691 0.00646863 0
 0.296916 0.608066 0.0921331 0.00288517 0
 0.311714 0.524322 0.152257 0.0117073 0
 0.15457 0.633149 0.183074 0.0267441 0.00246327
 0.131901 0.49318 0.331252 0.0422183 0.00144891
 0.196976 0.569456 0.194076 0.0375587 0.00193317
 0.518974 0.381816 0.0799577 0.0180837 0.00116848
 0.0928022 0.601141 0.25162 0.0475244 0.00691264
 0.122501 0.610282 0.24278 0.0234846 0.000952079
 0.383417 0.481906 0.127806 0.00687128 0
 0.0376549 0.599619 0.316969 0.0457579 0
 0.0361596 0.667082 0.258105 0.0386534 0
 0.158088 0.579412 0.248529 0.0139706 0
 0.0477256 0.309471 0.559284 0.082774 0.000745712
 0.0406174 0.521527 0.379366 0.0568643 0.0016247
 0.151134 0.462217 0.34131 0.0453401 0
 0.294876 0.26143 0.354403 0.0886775 0.000613685
 0.281977 0.475581 0.204845 0.0348837 0.00271318
pf_pred 
 0.299657 0.478113 0.198472 0.0237443 1.31112e-05
 0.279351 0.565937 0.121773 0.0295343 0.00340519
 0.147622 0.651776 0.172852 0.0220096 0.00573981
 0.247813 0.475144 0.239402 0.0326472 0.00499331
 0.260011 0.495159 0.17649 0.0592729 0.0090674
 0.140364 0.577927 0.209749 0.0522127 0.0197466
 0.285926 0.386747 0.25147 0.0569505 0.0189073
 0.229917 0.574425 0.126619 0.0533997 0.0156389
 0.313647 0.483183 0.169178 0.0222765 0.0117148
 0.226561 0.605971 0.134116 0.027941 0.00541111
 0.13133 0.583954 0.242398 0.0340972 0.0082202
 0.136346 0.491053 0.290784 0.0700492 0.0117679
 0.208592 0.47095 0.221813 0.0776001 0.0210455
 0.276939 0.564981 0.117807 0.0282905 0.0119831
 0.315558 0.630059 0.0502395 0.00315803 0.000984706
 0.286635 0.650288 0.0614108 0.00154921 0.000116983
 0.188024 0.630207 0.172559 0.00897598 0.00023343
 0.247787 0.490945 0.223749 0.0356858 0.00183384
 0.228828 0.551613 0.165647 0.04639 0.00752183
 0.258067 0.501106 0.192666 0.0366132 0.0115476
 0.281478 0.507425 0.162139 0.0394131 0.00954426
 0.252991 0.524815 0.173851 0.0373595 0.0109831
 0.235426 0.515696 0.194211 0.0430243 0.0116425
 0.19509 0.528883 0.209128 0.0525165 0.0143825
pobs_RECLAS
 0 0 0 0 0
 0 0 0 0 0
 0 0 0 0 0
 0 0 0 0 0
 0.835266 0.146461 0.0176864 0.000547809 3.91292e-05
 0.385257 0.428462 0.181853 0.0044286 0
 0.867414 0.0963971 0.0333333 0.00285562 0
 0.441836 0.489002 0.0689373 0.000224442 0
 0.779404 0.147425 0.0564933 0.0165055 0.000172143
 0.814271 0.122319 0.05973 0.00367925 0
 0.40263 0.566651 0.0304383 0.000280538 0
 0.475488 0.404961 0.113038 0.00651328 0
 0.955842 0.0263864 0.0167828 0.000988607 0
 0.975058 0.0227948 0.00214734 0 0
 0.738997 0.206755 0.0527124 0.00153531 0
 0.850938 0.134255 0.0134407 0.00136685 0
 0.542534 0.407297 0.0501686 0 0
 0.764087 0.199537 0.0359546 0.000420521 0
 0.470689 0.182191 0.310203 0.0369168 0
 0.84361 0.089868 0.0606195 0.00523954 0.000663233
 0.607945 0.314616 0.071237 0.00620181 0
 0.523733 0.453247 0.0230204 0 0
 0.530135 0.295979 0.169645 0.0042399 0
 0.562478 0.366248 0.0663022 0.0049721 0
ppred_RECLAS
 0.692813 0.228599 0.0702261 0.00835732 4.62804e-06
 0.663622 0.279611 0.0447248 0.0107945 0.00124817
 0.485585 0.422161 0.0795824 0.0100448 0.00262657
 0.627233 0.258203 0.099031 0.0134665 0.00206586
 0.636588 0.263513 0.0720502 0.0241442 0.00370475
 0.45731 0.397253 0.108373 0.0268715 0.0101926
 0.678358 0.195943 0.0966223 0.021813 0.00726348
 0.605222 0.31502 0.0516897 0.0216957 0.00637236
 0.704101 0.225488 0.0586695 0.00768739 0.00405436
 0.592906 0.336818 0.0563135 0.0116911 0.00227086
 0.444913 0.408181 0.125161 0.0175106 0.00423358
 0.460783 0.344936 0.15177 0.0363815 0.00612959
 0.601944 0.268312 0.0900266 0.0312258 0.00849142
 0.733758 0.229425 0.0276175 0.00645862 0.00274042
 0.752638 0.235442 0.0110325 0.000676355 0.000211274
 0.670223 0.308035 0.0211711 0.000530499 4.01709e-05
 0.543572 0.376234 0.0761509 0.00393989 0.000102755
 0.632095 0.263078 0.0898254 0.0142661 0.000735266
 0.600896 0.307009 0.0695363 0.0194033 0.00315545
 0.64107 0.263538 0.0763609 0.0144576 0.00457336
 0.661695 0.256849 0.0625954 0.015175 0.00368587
 0.62897 0.28056 0.0708189 0.0151766 0.00447513
 0.608426 0.286366 0.0821375 0.0181453 0.00492498
 0.551325 0.321112 0.0966975 0.0242147 0.00665156
pobs_PELACES
 0 0 0 0 0
 0 0 0 0 0
 0 0 0 0 0
 0 0 0 0 0
 0 0 0 0 0
 0 0 0 0 0
 0 0 0 0 0
 0 0 0 0 0
 0 0 0 0 0
 0 0 0 0 0
 0.450072 0.473896 0.0757376 0.000293798 0
 0 0 0 0 0
 0.463077 0.371075 0.160297 0.00555027 0
 0.529543 0.364841 0.0842815 0.0213345 0
 0.631943 0.363953 0.00410389 0 0
 0.735681 0.248677 0.0153453 0.000297389 0
 0.695825 0.281241 0.0229344 0 0
 0.275771 0.60734 0.115278 0.00161068 0
 0 0 0 0 0
 0.896147 0.0623911 0.0374545 0.00400742 0
 0.803859 0.145111 0.0509908 3.86294e-05 0
 0.739449 0.233085 0.0266225 0.000797448 4.60066e-05
 0.878498 0.100942 0.0204185 0.000141795 0
 0.694673 0.275183 0.0284847 0.00165964 0
ppred_PELACES
 0.715548 0.222149 0.0558441 0.00645543 3.55803e-06
 0.680326 0.274047 0.0361661 0.00848425 0.000976458
 0.540794 0.393322 0.0571025 0.00696808 0.00181304
 0.622272 0.272607 0.0911701 0.012102 0.0018483
 0.615719 0.287135 0.0705002 0.0231142 0.00353141
 0.468638 0.406615 0.0936126 0.0226008 0.00853353
 0.681876 0.205236 0.0872945 0.0192211 0.00637175
 0.623529 0.311829 0.0423233 0.01727 0.00504886
 0.722487 0.220917 0.0473925 0.00603545 0.00316826
 0.594087 0.344807 0.049222 0.00995896 0.00192566
 0.474244 0.406847 0.101757 0.013825 0.00332677
 0.489218 0.349522 0.126772 0.0295354 0.00495292
 0.660677 0.247754 0.0642064 0.0215354 0.00582733
 0.838104 0.147261 0.0111179 0.00247396 0.00104361
 0.842651 0.152453 0.00454742 0.000265572 8.24806e-05
 0.697792 0.286142 0.0156577 0.000380297 2.86586e-05
 0.567709 0.368279 0.0608733 0.00305877 7.93996e-05
 0.646698 0.265129 0.0758494 0.0117229 0.00060141
 0.606227 0.314136 0.0605206 0.0164532 0.00266356
 0.648384 0.269307 0.0662441 0.0122177 0.00384725
 0.651956 0.272609 0.0582955 0.0138024 0.00333769
 0.620442 0.296392 0.0654504 0.0136952 0.00402045
 0.601359 0.302193 0.0757075 0.0163282 0.00441216
 0.544696 0.33856 0.0890273 0.0217649 0.00595214
pobs_pel_tallas
 0 0 0 0 0 0 0 0 0 0 0 0 0 0 0 0 0 0 0 0 0 0 0 0 0 0 0 0 0 0 0 0 0 0 0 0
 0 0 0 0 0 0 0 0 0 0 0 0 0 0 0 0 0 0 0 0 0 0 0 0 0 0 0 0 0 0 0 0 0 0 0 0
 0 0 0 0 0 0 0 0 0 0 0 0 0 0 0 0 0 0 0 0 0 0 0 0 0 0 0 0 0 0 0 0 0 0 0 0
 0 0 0 0 0 0 0 0 0 0 0 0 0 0 0 0 0 0 0 0 0 0 0 0 0 0 0 0 0 0 0 0 0 0 0 0
 0 0 0 0 0 0 0 0 0 0 0 0 0 0 0 0 0 0 0 0 0 0 0 0 0 0 0 0 0 0 0 0 0 0 0 0
 0 0 0 0 0 0 0 0 0 0 0 0 0 0 0 0 0 0 0 0 0 0 0 0 0 0 0 0 0 0 0 0 0 0 0 0
 0 0 0 0 0 0 0 0 0 0 0 0 0 0 0 0 0 0 0 0 0 0 0 0 0 0 0 0 0 0 0 0 0 0 0 0
 0 0 0 0 0 0 0 0 0 0 0 0 0 0 0 0 0 0 0 0 0 0 0 0 0 0 0 0 0 0 0 0 0 0 0 0
 0 0 0 0 0 0 0 0 0 0 0 0 0 0 0 0 0 0 0 0 0 0 0 0 0 0 0 0 0 0 0 0 0 0 0 0
 0 0 0 0 0 0 0 0 0 0 0 0 0 0 0 0 0 0 0 0 0 0 0 0 0 0 0 0 0 0 0 0 0 0 0 0
 0 0 0 0 0 0 0 0 1.78061e-05 0.00172719 0.00360574 0.0105946 0.0120993 0.0124554 0.0147524 0.0171206 0.0266825 0.0428682 0.0675386 0.121331 0.153587 0.119568 0.100827 0.0573624 0.0630603 0.0341343 0.0324427 0.0444173 0.0211091 0.0280891 0.0125444 0.00206551 0 0 0 0
 0 0 0 0 0 0 0 0 0 0 0 0 0 0 0 0 0 0 0 0 0 0 0 0 0 0 0 0 0 0 0 0 0 0 0 0
 0 0 0 0 0 0 0.0133647 0.0140871 0.0187388 0.0205184 0.03894 0.0496705 0.03968 0.0493445 0.0407372 0.0367815 0.0215668 0.0243155 0.0234873 0.0199281 0.019796 0.0243948 0.0301388 0.0376714 0.0412746 0.0863199 0.0771752 0.113111 0.0741005 0.0525337 0.0229764 0.00759418 0.00175318 0 0 0
 0 0 0 0 0 0 0 0 0 0 0.00219441 0.00772107 0.0458388 0.0604681 0.0671733 0.0775358 0.0609151 0.0617685 0.073594 0.0568108 0.0755445 0.0548602 0.0670107 0.0636378 0.0643287 0.046367 0.0373049 0.0286899 0.0247887 0.0153202 0.00654259 0.00121912 0.000365735 0 0 0
 0 0 0 0 0 0 0 0 0 0 0 0 0.000112435 0.00938835 0.0111873 0.0202946 0.0414886 0.0713402 0.111592 0.104902 0.108894 0.110636 0.117776 0.105296 0.107544 0.0401394 0.0192827 0.0124803 0.00416011 0.0028671 0.000618394 0 0 0 0 0
 0 0 0 0 0 0 0 0 0 0 0.00291406 0.0102884 0.027416 0.0768956 0.0749926 0.110853 0.0956884 0.0897413 0.0766577 0.0534642 0.0500743 0.0551293 0.0594112 0.0620874 0.0668451 0.0424026 0.0208742 0.0120726 0.0048766 0.00582813 0.00118941 0.000297354 0 0 0 0
 0 0.00264628 0.0354308 0.0461629 0.0458689 0.0383711 0.0214643 0.0164657 0.0346957 0.0420465 0.0363128 0.0245516 0.0311673 0.0291091 0.0169068 0.0133784 0.00837989 0.0085269 0.0148486 0.0160247 0.0276389 0.0546898 0.0760071 0.122758 0.109233 0.0665981 0.0333725 0.0166128 0.00676272 0.00308733 0.000882094 0 0 0 0 0
 0 0 0 0 0 0 0 0.000805153 0.000690131 0.00759144 0.0133425 0.0154129 0.00931677 0.000345066 0.00356568 0.00563607 0.00851162 0.0253048 0.0502646 0.0516448 0.0657925 0.0565908 0.0611916 0.0827007 0.0866115 0.110766 0.145733 0.0935128 0.0569358 0.0249597 0.0138026 0.00621118 0.00161031 0.00115022 0 0
 0 0 0 0 0 0 0 0 0 0 0 0 0 0 0 0 0 0 0 0 0 0 0 0 0 0 0 0 0 0 0 0 0 0 0 0
 0.00147267 0.00158595 0.00478618 0.00569244 0.00954404 0.0108468 0.00647125 0.017049 0.0510054 0.094081 0.124002 0.0959785 0.0687766 0.0820023 0.061753 0.0591476 0.0492212 0.0479892 0.0443925 0.0268479 0.0217502 0.0140895 0.0121071 0.0120363 0.00920419 0.00665534 0.0049561 0.00860946 0.00930331 0.0156896 0.0114698 0.00855282 0.00243557 0.00046729 0 2.83206e-05
 0 0 0 0 0.000772559 0.00158375 0.000888443 0.00281984 0.00712685 0.0440552 0.0773331 0.111326 0.0921469 0.0852325 0.0710754 0.0886704 0.0786465 0.0553345 0.0373146 0.0185414 0.00753245 0.00457741 0.012979 0.0271748 0.0457355 0.0583668 0.034881 0.0177882 0.00938659 0.00492506 0.0015258 0.00185414 0.000309023 5.79419e-05 3.86279e-05 0
 0 0.00173294 0.00326652 0 0.00397197 0.00683976 0.00946217 0.0152591 0.00757587 0.0136028 0.0228656 0.0392903 0.0559909 0.0764795 0.0681675 0.0726916 0.0566044 0.0477403 0.0527397 0.0444891 0.0609904 0.0582453 0.0661739 0.0445044 0.0529084 0.0360697 0.0280645 0.0235558 0.0158879 0.00826598 0.00280645 0.00217768 0.000904811 0.00058276 9.20147e-05 0
 0 0 0 0 0 0 0 0 0 0 0 0 0 0 0 0 0 0 0 0 0 0 0 0 0 0 0 0 0 0 0 0 0 0 0 0
 0 0 0 0 0 0 0 0 0 0 0 0 0 0 0 0 0 0 0 0 0 0 0 0 0 0 0 0 0 0 0 0 0 0 0 0
ppred_pel_tallas
 1.01088e-16 3.1223e-05 0.000183247 0.00087106 0.00335361 0.0104579 0.0264159 0.0540508 0.0895969 0.120331 0.130958 0.115547 0.0827829 0.0484552 0.0237823 0.0109294 0.00651365 0.00653894 0.00854261 0.0114099 0.0146267 0.0178208 0.020624 0.022692 0.0237704 0.0237507 0.0226927 0.0208006 0.0183667 0.0157002 0.0130652 0.0106453 0.00853581 0.00676011 0.00529594 0.00410108
 1.0094e-16 2.96892e-05 0.000174238 0.000828219 0.00318864 0.00994343 0.0251164 0.0513925 0.0851922 0.114421 0.12454 0.109919 0.0788252 0.0462889 0.0229984 0.0110377 0.00721476 0.00774481 0.0102821 0.013735 0.017552 0.0212904 0.024499 0.0267591 0.0277692 0.0274154 0.0257969 0.0231942 0.019995 0.0166021 0.0133534 0.0104753 0.00807381 0.00615628 0.00466786 0.00352761
 1.01263e-16 2.36099e-05 0.000138536 0.000658461 0.00253498 0.007905 0.0199677 0.0408587 0.0677359 0.0909918 0.0990813 0.0875493 0.0630032 0.0374399 0.0194231 0.0106884 0.00877607 0.0107317 0.0146945 0.019725 0.025225 0.0306044 0.0352236 0.0384811 0.0399428 0.0394429 0.0371216 0.0333795 0.0287721 0.0238779 0.0191836 0.0150169 0.0115339 0.0087488 0.00658635 0.00493256
 1.01886e-16 2.71579e-05 0.000159376 0.000757565 0.0029166 0.00909509 0.0229736 0.0470082 0.0779253 0.104664 0.113927 0.100568 0.0721559 0.0424463 0.0212279 0.0104229 0.00712961 0.00790372 0.0106133 0.0142651 0.0183481 0.0224373 0.0260876 0.0288743 0.0304768 0.0307476 0.0297398 0.0276808 0.0249057 0.0217734 0.0185945 0.0155889 0.0128784 0.0105048 0.00846034 0.00671579
 1.02054e-16 2.68727e-05 0.000157701 0.000749596 0.00288592 0.0089994 0.0227319 0.0465137 0.0771061 0.103565 0.112734 0.0995241 0.0714263 0.0420558 0.0211039 0.0104787 0.00731459 0.00820633 0.0110416 0.0148275 0.0190401 0.0232345 0.0269442 0.0297274 0.0312559 0.0313879 0.0301956 0.0279344 0.0249709 0.0216912 0.0184231 0.0153913 0.0127099 0.0104049 0.00844819 0.00679158
 1.02637e-16 2.04641e-05 0.000120066 0.00057065 0.00219689 0.00685066 0.0173046 0.0354098 0.0587048 0.0788666 0.0858953 0.0759388 0.0547371 0.0327071 0.0172983 0.0100491 0.00886379 0.0112114 0.0154918 0.0208765 0.0267998 0.0326711 0.0378364 0.0416715 0.0437148 0.0437707 0.0419492 0.0386223 0.0343193 0.029597 0.0249273 0.0206325 0.0168744 0.0136854 0.0110186 0.00879596
 1.02265e-16 2.97541e-05 0.000174625 0.000830072 0.0031958 0.00996577 0.0251728 0.0515073 0.0853806 0.114669 0.124795 0.110109 0.0788855 0.0461722 0.0226598 0.0104134 0.0062133 0.00625811 0.00821181 0.0110269 0.0142313 0.017489 0.0204642 0.0228358 0.0243553 0.0248983 0.0244848 0.0232618 0.0214551 0.0193102 0.0170415 0.0148034 0.0126864 0.0107304 0.0089467 0.00733571
 1.01532e-16 2.72141e-05 0.000159703 0.000759112 0.00292255 0.00911363 0.0230205 0.0471043 0.0780856 0.104882 0.114172 0.100803 0.0723651 0.0426501 0.0214781 0.0107873 0.00767976 0.00870686 0.0117219 0.0157018 0.0200887 0.024397 0.0281189 0.0307794 0.0320352 0.0317546 0.0300456 0.0272204 0.0237112 0.0199665 0.0163612 0.0131448 0.0104326 0.00823105 0.00647978 0.0050921
 1.01101e-16 3.15255e-05 0.000185023 0.000879504 0.00338612 0.0105593 0.026672 0.0545748 0.0904654 0.121497 0.132226 0.116663 0.0835772 0.0489092 0.0239846 0.0109872 0.00649894 0.00648254 0.00844986 0.0112751 0.0144408 0.0175752 0.0203122 0.022311 0.0233219 0.023242 0.0221367 0.020215 0.0177732 0.0151221 0.0125256 0.0101643 0.00812845 0.00643492 0.00505431 0.00393779
 1.01244e-16 2.59317e-05 0.000152171 0.000723296 0.00278463 0.00868354 0.0219342 0.0448819 0.0744029 0.0999398 0.108804 0.0960903 0.0690409 0.0408098 0.0207711 0.0107927 0.00813396 0.0095229 0.012914 0.0173117 0.0221389 0.0268666 0.0309324 0.0338096 0.0351175 0.0347108 0.0327115 0.0294691 0.0254684 0.0212138 0.0171288 0.0134982 0.0104564 0.00801497 0.00610769 0.00463586
 1.02208e-16 2.07086e-05 0.000121501 0.000577474 0.00222316 0.00693259 0.0175115 0.0358333 0.0594067 0.0798091 0.0869206 0.0768428 0.055383 0.0330817 0.0174757 0.0101198 0.00889104 0.0112266 0.0155068 0.0208944 0.0268197 0.0326896 0.0378471 0.0416646 0.0436768 0.043685 0.0417975 0.0383862 0.0339835 0.0291518 0.024371 0.0199732 0.0161301 0.0128824 0.0101891 0.00797378
 1.0316e-16 2.13593e-05 0.000125326 0.00059567 0.00229324 0.00715114 0.0180635 0.0369622 0.0612764 0.082315 0.0896341 0.0792044 0.0570041 0.0338881 0.0176073 0.00973849 0.00806675 0.00993507 0.0136812 0.0184814 0.0238232 0.029199 0.0340477 0.037826 0.0401191 0.0407291 0.0397106 0.0373372 0.0340183 0.0301941 0.0262457 0.0224434 0.0189391 0.0157898 0.0129962 0.0105367
 1.02005e-16 2.88314e-05 0.000169204 0.000804292 0.00309652 0.00965618 0.0243908 0.0499077 0.0827305 0.111114 0.120937 0.106731 0.0765225 0.0449037 0.0222502 0.0105817 0.00679666 0.00722182 0.00958886 0.0128564 0.0165167 0.0201737 0.0234234 0.0258845 0.0272725 0.0274627 0.0265131 0.0246395 0.0221522 0.0193787 0.0165971 0.0139979 0.0116783 0.00966148 0.00792614 0.00643492
 1.0034e-16 3.65639e-05 0.00021461 0.00102018 0.00392777 0.0122484 0.0309385 0.0633039 0.104932 0.140916 0.153332 0.13522 0.0967304 0.0563217 0.0270882 0.0115109 0.00557248 0.00455005 0.00554811 0.00729769 0.0092906 0.0112378 0.0128874 0.014014 0.0144588 0.0141659 0.0131961 0.0117082 0.00991912 0.00805219 0.00629363 0.00476633 0.00352509 0.0025686 0.00185999 0.0013474
 1.00128e-16 3.67624e-05 0.000215775 0.00102571 0.00394909 0.0123149 0.0311064 0.0636475 0.105501 0.141681 0.154165 0.135957 0.0972617 0.0566393 0.0272561 0.0116076 0.00565529 0.00465035 0.00567949 0.00746265 0.00948257 0.0114408 0.0130762 0.0141562 0.0145189 0.0141114 0.0130029 0.011366 0.00943342 0.00744377 0.00559523 0.00401756 0.00276679 0.00183783 0.00118632 0.0007511
 1.0033e-16 3.04512e-05 0.000178711 0.00084948 0.00327049 0.0101987 0.0257612 0.0527119 0.0873793 0.117359 0.127738 0.112742 0.0808521 0.0474831 0.0235983 0.0113346 0.00741627 0.00795761 0.0105463 0.0140535 0.0179019 0.0216249 0.0247494 0.0268403 0.0275915 0.026899 0.0248875 0.0218746 0.018291 0.0145799 0.0111108 0.00812686 0.00573594 0.00393305 0.00264091 0.00175098
 1.01093e-16 2.47825e-05 0.000145422 0.000691206 0.00266107 0.0082982 0.0209609 0.0428906 0.0711031 0.095511 0.103992 0.0918629 0.0660525 0.0391418 0.020104 0.0107416 0.00845322 0.0101246 0.0138024 0.0185195 0.0236891 0.0287523 0.0331084 0.0361922 0.0375942 0.0371556 0.0350033 0.0315085 0.0271885 0.0225837 0.018151 0.0142005 0.0108832 0.00821837 0.00614124 0.00454974
 1.01595e-16 2.82226e-05 0.000165628 0.000787288 0.00303104 0.00945198 0.0238751 0.0488525 0.0809821 0.108767 0.118389 0.104495 0.0749483 0.0440377 0.0219283 0.0106078 0.00704997 0.00766668 0.0102379 0.0137347 0.0176384 0.021529 0.0249723 0.027557 0.0289758 0.0290932 0.0279715 0.0258436 0.0230472 0.0199413 0.0168339 0.0139404 0.0113757 0.00917281 0.0073135 0.00575766
 1.01652e-16 2.64598e-05 0.000155275 0.000738056 0.00284147 0.0088608 0.0223819 0.0457977 0.07592 0.101974 0.11101 0.0980188 0.0703826 0.0415145 0.0209676 0.0106327 0.00769963 0.00882181 0.011916 0.0159868 0.0204852 0.0249266 0.0287995 0.0316223 0.0330422 0.032916 0.0313391 0.0286117 0.025156 0.0214139 0.0177587 0.0144435 0.0115924 0.00922437 0.00729373 0.00572821
 1.01628e-16 2.82963e-05 0.00016606 0.000789341 0.00303895 0.00947663 0.0239374 0.04898 0.0811934 0.109052 0.118699 0.10477 0.0751484 0.0441612 0.0220006 0.0106601 0.00710593 0.00774009 0.010335 0.0138558 0.0177776 0.0216739 0.0251041 0.0276526 0.0290118 0.0290502 0.0278389 0.0256226 0.0227514 0.0195947 0.0164669 0.0135845 0.0110586 0.00891418 0.00712361 0.0056372
 1.01547e-16 2.84521e-05 0.000166975 0.00079369 0.00305569 0.00952884 0.0240692 0.0492498 0.0816408 0.109652 0.119353 0.105348 0.075564 0.0444074 0.0221267 0.0107263 0.00715554 0.00779549 0.0104047 0.0139398 0.0178698 0.0217622 0.0251708 0.0276766 0.0289713 0.0289271 0.0276223 0.0253119 0.0223572 0.0191373 0.0159733 0.0130843 0.0105793 0.00847828 0.00674615 0.00532534
 1.01685e-16 2.7079e-05 0.000158911 0.000755348 0.00290806 0.00906845 0.0229064 0.0468707 0.077698 0.10436 0.113602 0.100293 0.0719852 0.0423988 0.0213016 0.0106181 0.00746211 0.00840205 0.0113066 0.0151689 0.0194513 0.0236925 0.0274094 0.0301461 0.0315668 0.0315313 0.0301236 0.0276198 0.0244115 0.0209103 0.0174653 0.014315 0.011579 0.0092804 0.00738243 0.00582386
 1.01941e-16 2.62471e-05 0.000154027 0.000732126 0.00281865 0.00878962 0.0222021 0.0454297 0.0753098 0.101154 0.110116 0.0972245 0.0698033 0.041155 0.0207535 0.0104721 0.00752179 0.00858324 0.0115938 0.0155746 0.0199938 0.0243865 0.0282614 0.0311527 0.0327147 0.0327985 0.0314816 0.029036 0.0258515 0.0223393 0.0188496 0.0156235 0.0127848 0.0103623 0.00832632 0.00662375
 1.02401e-16 2.37779e-05 0.000139527 0.000663183 0.00255319 0.00796178 0.0201111 0.0411516 0.06822 0.0916373 0.0997717 0.0881299 0.063357 0.0375221 0.0192322 0.0102148 0.00797449 0.00952762 0.0130109 0.017515 0.0225034 0.0274704 0.0318691 0.0351776 0.0370073 0.0371882 0.0358021 0.0331477 0.0296547 0.0257777 0.0219037 0.0182994 0.015103 0.0123484 0.0100066 0.00802359
pSPR Fmed_Fpbrs
0.518832   0.415541 0.415541
Fs Fmed_Fpbrs
0.64   1.005 1.005
SSBpbr Bo_Bmed_Bpbrs
778785  365119  284678 284678
Ro
34261.4
SPR SPRFo_SPRFmed_SPRFpbrs
704963 365757 292941
log_Ro
10.2618
likeval ReclasPelacesDesembMPH_pf_preclas_ppelaces_ptallas_desvR_qrecl_qpela
 61.4777 0.00137669 0.0157468 32.8902 306.073 173.843 47.0571 0 16.1831 1.83077e-06 0 0 0 0 0
q_reclas_q_pelaces
0.825526 1
M
0.7
N
 35954.7 10714.6 3460.08 407.826 0.225017
 43463.3 16144.5 2680.94 640.237 73.7562
 20974.4 19679 4275.02 538.242 140.283
 28711.4 8857.79 3243.44 433.574 66.2438
 48308.4 13747.5 3432.33 1126.78 172.163
 33249.7 23828.6 6521.56 1595.77 602.96
 68916.6 15402.5 7371.6 1638.06 543.28
 71664.5 32637.8 5538.15 2299.34 672.837
 115001 32532.2 8796.54 1140.55 599.3
 114897 52034.1 8574.76 1754.34 339.423
 64389.1 53856.6 17444.1 2418.03 582.49
 43554.7 28818.6 13181.7 3126.87 524.869
 41308.8 19702.8 7584.79 2623.35 711.035
 28375.2 17496.5 3312.87 791.704 335.26
 16486.1 9736.69 701.687 43.8823 13.6793
 12764.5 5742.59 432.49 10.768 0.812549
 8865.41 5574.87 1189.77 60.9811 1.58464
 11328.6 3972.65 1375.67 215.792 11.0794
 12649.8 5209.88 1169.76 321.813 52.1305
 17722.2 5906.8 1701.69 317.723 100.114
 28917.8 8258.94 1903.41 453.29 109.649
 42083.7 13934.4 3341.46 703.674 206.646
 57597.5 20217 5522.08 1198.99 324.104
 63555.6 27625.5 7924.93 1950.57 533.626
pred_Ctot
 2491.1 3974.64 1649.93 197.39 0.108996
 2772.43 5616.67 1208.54 293.115 33.795
 2277.22 10054.3 2666.42 339.521 88.5425
 740.38 1419.57 715.25 97.5386 14.9183
 232.756 443.256 157.99 53.0599 8.11695
 1612.26 6638.23 2409.23 599.729 226.814
 2301.98 3113.69 2024.58 458.507 152.222
 4447.83 11112.5 2449.49 1033.04 302.54
 7387.35 11380.5 3984.67 524.68 275.919
 4649.24 12435.1 2752.18 573.374 111.041
 4598.22 20445.8 8486.98 1193.83 287.811
 2804.06 10098.9 5980.22 1440.62 242.017
 4409.28 9955.1 4688.77 1640.34 444.868
 6440.68 13139.6 2739.79 657.942 278.687
 3612.44 7212.76 575.129 36.1524 11.2727
 1114.41 2528.25 238.759 6.02315 0.454819
 626.119 2098.58 574.62 29.8899 0.777321
 604.722 1198.15 546.056 87.0909 4.47547
 544.88 1313.49 394.434 110.463 17.9108
 787.32 1528.79 587.792 111.701 35.2299
 617.641 1113.43 355.778 86.4832 20.9427
 988.415 2050.41 679.22 145.96 42.91
 1417.16 3104.26 1169.06 258.987 70.0828
 1574.64 4268.78 1687.94 423.878 116.086
F
 0.100684 0.685443 0.98721 1.01063 1.01189
 0.0923624 0.628789 0.905613 0.927095 0.928254
 0.162007 1.10292 1.58848 1.62616 1.62819
 0.0364372 0.248059 0.357267 0.365741 0.366198
 0.00671955 0.0457456 0.0658852 0.067448 0.0675323
 0.0695157 0.473252 0.681602 0.69777 0.698642
 0.047426 0.322869 0.465012 0.476042 0.476637
 0.0897659 0.611112 0.880155 0.901032 0.902159
 0.0930407 0.633406 0.912263 0.933903 0.93507
 0.0577122 0.392896 0.565868 0.579291 0.580015
 0.103924 0.707496 1.01897 1.04314 1.04445
 0.0932564 0.634875 0.914379 0.936069 0.937239
 0.159073 1.08295 1.55971 1.59671 1.59871
 0.369613 2.51627 3.62406 3.71002 3.71466
 0.354605 2.4141 3.4769 3.55938 3.56383
 0.128403 0.87415 1.259 1.28886 1.29047
 0.102723 0.699325 1.0072 1.03109 1.03238
 0.0767699 0.522637 0.752729 0.770584 0.771547
 0.0615373 0.418937 0.603373 0.617686 0.618458
 0.0635231 0.432456 0.622844 0.637618 0.638415
 0.0300958 0.204888 0.29509 0.302089 0.302467
 0.0331392 0.225606 0.324929 0.332637 0.333053
 0.0347405 0.236508 0.340631 0.348711 0.349147
 0.0349861 0.23818 0.343038 0.351175 0.351614
Np
 24384.4 10956.7 7661.44 2014.03 600.691
YTP_r0W_actual
 34995.5 193723 103464 33839 11323.6
YTP_p0W_proyectada
 13762.4 242955 161159 53964.3 19743.8
 13762.4 87347.7 114209 38919.2 12891.6
CTP_r0_actual
 4374.44 10196 3762.32 939.972 257.356
CTP_p0_proyectada
 1678.34 11247.9 5132.44 1345.74 443.681
 1678.34 4043.88 3637.23 970.553 289.7
Wmedp
 8.2 21.6 31.4 40.1 44.5
nmprior
 10.8 10.6 4.6 0
nm_flota  nm_reclas  nm_pelaces    nm_pelaL
inf 21.1888 11.1564 18.0729
cv_recla  cv_pelaces  cv_mph
0.725915 1.45533 0.486631
 ------------------------------------------------
Talla a la edad & desviaci?n 
 7.2 14.2025 17.0495 18.207 18.6776
 1.08 2.13037 2.55742 2.73105 2.80164
