    unsorted:	 2.180790610e-06 0.001598725999 0.008077762207 4.502050192 9.005803627 40.10750866 43.01063332 54.69750809 25.22689997 68.08874929 88.95074383 148.6318702 159.1020075 207.7278479 283.9967065 361.2333735 478.7008824 504.1566400 611.8127617 680.5361625 712.5314197 752.8761498 829.5779327 847.0393398 1060.804926 1105.547424 1341.721346 1393.043067 1611.287577 1745.884794 1964.671263 2016.525575 2530.396586 2703.045011 3126.863619 3217.955850 3510.505718 4060.621992 4235.927989 4300.157185 4508.202879 4686.740468 8348.995225 188901.0129 340610.9498 363554.9509 375430.8290 401223.6012 419977.4469 453118.5117 466966.9475 270123.0880 543279.2019 551956.7187 663196.9109 694415.5168 755180.2456 902629.2211 1013256.112 1122146.501 1260789.938 1438678.499 1565255.521 1774331.479 1924271.382 2166960.956 2504332.777 2615544.900 2678906.764 33282373.28
      sorted:	 2.180790610e-06 0.001598725999 0.008077762207 4.502050192 9.005803627 25.22689997 40.10750866 43.01063332 54.69750809 68.08874929 88.95074383 148.6318702 159.1020075 207.7278479 283.9967065 361.2333735 478.7008824 504.1566400 611.8127617 680.5361625 712.5314197 752.8761498 829.5779327 847.0393398 1060.804926 1105.547424 1341.721346 1393.043067 1611.287577 1745.884794 1964.671263 2016.525575 2530.396586 2703.045011 3126.863619 3217.955850 3510.505718 4060.621992 4235.927989 4300.157185 4508.202879 4686.740468 8348.995225 188901.0129 270123.0880 340610.9498 363554.9509 375430.8290 401223.6012 419977.4469 453118.5117 466966.9475 543279.2019 551956.7187 663196.9109 694415.5168 755180.2456 902629.2211 1013256.112 1122146.501 1260789.938 1438678.499 1565255.521 1774331.479 1924271.382 2166960.956 2504332.777 2615544.900 2678906.764 33282373.28
