    unsorted:	 1.264127463e-06 0.008307011822 0.001598726475 5.000187098 8.943441155 40.14328091 44.16331323 24.65325800 59.76314236 68.02345088 88.35725803 154.5350749 150.4962826 208.0100674 280.0515943 337.3576157 482.9217785 507.3149422 601.9239759 657.9544677 698.6330604 714.7109443 816.3490375 843.5698267 1041.926748 1053.554193 1219.494996 1316.983299 1354.646935 1581.320466 1655.167021 1961.049156 2026.890413 2588.938430 2666.379564 3165.924512 3252.771581 3579.631084 4261.670657 4045.293694 4279.681026 4541.447851 4793.887594 15384.36429 181930.0631 340398.1660 351609.2025 376391.6391 403285.0836 421625.9051 457233.4304 463077.2549 270173.7305 509555.0457 548028.1561 581534.3245 679866.8980 719946.8051 762724.8111 919231.0765 1034604.824 1141396.730 1275283.761 1459403.730 1579612.462 1803500.216 1927717.734 2234847.048 2505693.358 2674949.040 2700218.565 34610766.97
      sorted:	 1.264127463e-06 0.001598726475 0.008307011822 5.000187098 8.943441155 24.65325800 40.14328091 44.16331323 59.76314236 68.02345088 88.35725803 150.4962826 154.5350749 208.0100674 280.0515943 337.3576157 482.9217785 507.3149422 601.9239759 657.9544677 698.6330604 714.7109443 816.3490375 843.5698267 1041.926748 1053.554193 1219.494996 1316.983299 1354.646935 1581.320466 1655.167021 1961.049156 2026.890413 2588.938430 2666.379564 3165.924512 3252.771581 3579.631084 4045.293694 4261.670657 4279.681026 4541.447851 4793.887594 15384.36429 181930.0631 270173.7305 340398.1660 351609.2025 376391.6391 403285.0836 421625.9051 457233.4304 463077.2549 509555.0457 548028.1561 581534.3245 679866.8980 719946.8051 762724.8111 919231.0765 1034604.824 1141396.730 1275283.761 1459403.730 1579612.462 1803500.216 1927717.734 2234847.048 2505693.358 2674949.040 2700218.565 34610766.97
