years
 1997 1998 1999 2000 2001 2002 2003 2004 2005 2006 2007 2008 2009 2010 2011 2012 2013 2014 2015 2016 2017 2018 2019 2020 2021 2022 2023
reclasobs
 0 0 0 370054 412103 1.49427e+06 250295 1.28982e+06 931140 785840 897777 1.04006e+06 184774 17550 25797 100020 73551 82996 120727 218422 84188 347160 605670 569463 516374 1.08416e+06 1.01767e+06
reclaspred
 2.9059e+06 689225 1.47407e+06 600764 298608 1.07477e+06 4.23191e+06 3.13837e+06 3.62591e+06 3.24414e+06 4.49996e+06 4.54884e+06 3.30658e+06 2.0806e+06 1.32148e+06 748776 533077 507695 511642 602587 489789 554515 1.27713e+06 1.37905e+06 1.85977e+06 1.78063e+06 2.16333e+06
pelacesobs
 0 0 0 0 0 0 0 0 0 2.06254e+06 1.5e+06 0 1.87456e+06 323000 250000 174000 83755 137374 0 501740 490994 745055 786931 1.00524e+06 1.33801e+06 1.41789e+06 0
pelacespred
 2.38968e+06 876502 514802 477156 212771 430031 1.50593e+06 2.22381e+06 2.19783e+06 2.07103e+06 2.69322e+06 2.73415e+06 2.09575e+06 1.38887e+06 840064 481425 324990 280913 297555 322420 310362 308911 549874 774566 973102 1.03859e+06 1.17531e+06
mphobs
 0 0 0 0 0 0 112323 0 153150 637223 0 255016 313432 73983 77613 109348 50772 17779 17303 59886 28197 0 207744 136588 643089 65757 70829
mphpred
 1.9087e+06 1.5062e+06 883175 820594 364148 313940 2.61554e+06 2.71839e+06 3.61996e+06 2.89682e+06 3.49171e+06 4.56153e+06 3.3112e+06 2.33975e+06 1.39337e+06 773953 445948 406752 416735 504947 448295 414462 820898 1.12544e+06 1.43418e+06 1.46335e+06 1.50272e+06
desembarqueobs
 350755 77701 442110 56441 14545 235359 269955 359681 431902 328805 639364 411747 362871 311530 167758 66681 60226 58785 57116 73181 50977 67692 138656 160484 209506 203330 245020
desembarquepred
 330310 78474.7 167841 68404.5 33999.1 122003 481842 356736 412749 368993 511769 517873 376373 236896 150464 85251.9 60654.2 57778 58199.3 68602.2 55730.1 63043.9 145346 156871 211670 202630 246011
Reclutas
 203789 4455.52 606.616 424.816 1178.33 412410 8505.08 415706 74874.9 329286 481446 60312.9 110060 7722.96 2915.53 6100.41 29053.5 18245.8 46707.7 7393.28 26546.4 113502 78564.6 136649 56931.2 94324.2 273613
log_desv_Rt
 1.85654 -1.9664 -3.9604 -4.31664 -3.29644 2.56148 -1.31988 2.56944 0.855276 2.33638 2.71625 0.639004 1.24048 -1.41634 -2.39049 -1.65219 -0.0914037 -0.55661 0.383368 -1.45997 -0.18165 1.27128 0.903379 1.45687 0.581301 1.0862 2.15117
SSB
 1.9087e+06 1.5062e+06 883175 820594 364148 313940 2.55271e+06 2.69665e+06 3.56181e+06 2.85049e+06 3.49171e+06 4.56153e+06 3.36524e+06 2.378e+06 1.4393e+06 819138 487402 433936 426948 538762 459291 414462 841052 1.10742e+06 1.53008e+06 1.59947e+06 1.5519e+06
BT
 7.7328e+06 1.7218e+06 1.01331e+06 936440 420016 1.43239e+06 3.00681e+06 5.92353e+06 4.61466e+06 5.04775e+06 6.86166e+06 5.56021e+06 4.44338e+06 2.74028e+06 1.65615e+06 956985 736666 619281 701172 654502 712042 767721 1.22377e+06 1.83071e+06 2.10806e+06 2.29636e+06 2.9555e+06
Ftot
 0.110803 0.110803 0.110803 0.110803 0.110803 0.110803 0.110803 0.110803 0.110803 0.110803 0.110803 0.110803 0.110803 0.110803 0.110803 0.110803 0.110803 0.110803 0.110803 0.110803 0.110803 0.110803 0.110803 0.110803 0.110803 0.110803 0.110803
BD_Bspro_t
 0.985788 0.914107 0.824076 0.740147 0.66568 0.734767 0.903664 0.84339 0.862343 0.813498 0.836189 0.838805 0.780745 0.74427 0.685525 0.63495 0.605947 0.686044 0.729838 0.791722 0.767112 0.792741 0.857236 0.843807 0.84663 0.81365 0.813171
BD_Bspro
 2.90292 2.29075 1.34321 1.24803 0.553828 0.477467 3.88238 4.1013 5.41711 4.33527 5.3105 6.93757 5.11814 3.61666 2.18901 1.24581 0.741283 0.659968 0.64934 0.819395 0.69853 0.63035 1.27914 1.68426 2.32707 2.43261 2.36027
BD_Bo
 0.384721 0.303592 0.178014 0.1654 0.0733984 0.0632783 0.514529 0.543542 0.717925 0.57455 0.703796 0.919431 0.678303 0.479314 0.290108 0.165107 0.0982416 0.087465 0.0860565 0.108594 0.0925756 0.0835398 0.169524 0.223214 0.308405 0.322392 0.312804
BD_Brms
 1.87438 1.47912 0.867295 0.805839 0.357601 0.308295 2.50681 2.64816 3.49777 2.79924 3.42893 4.47952 3.30473 2.33524 1.41342 0.804409 0.478638 0.426134 0.419272 0.529075 0.451033 0.40701 0.82593 1.08751 1.50256 1.57071 1.524
S_f
 0.5 1 1 1 1
 0.5 1 1 1 1
 0.5 1 1 1 1
 0.5 1 1 1 1
 0.5 1 1 1 1
 0.5 1 1 1 1
 0.5 1 1 1 1
 0.5 1 1 1 1
 0.5 1 1 1 1
 0.5 1 1 1 1
 0.5 1 1 1 1
 0.5 1 1 1 1
 0.5 1 1 1 1
 0.5 1 1 1 1
 0.5 1 1 1 1
 0.5 1 1 1 1
 0.5 1 1 1 1
 0.5 1 1 1 1
 0.5 1 1 1 1
 0.5 1 1 1 1
 0.5 1 1 1 1
 0.5 1 1 1 1
 0.5 1 1 1 1
 0.5 1 1 1 1
 0.5 1 1 1 1
 0.5 1 1 1 1
 0.5 1 1 1 1
Scru_reclas
 0.5 1 1 1 1
 0.5 1 1 1 1
 0.5 1 1 1 1
 0.5 1 1 1 1
 0.5 1 1 1 1
 0.5 1 1 1 1
 0.5 1 1 1 1
 0.5 1 1 1 1
 0.5 1 1 1 1
 0.5 1 1 1 1
 0.5 1 1 1 1
 0.5 1 1 1 1
 0.5 1 1 1 1
 0.5 1 1 1 1
 0.5 1 1 1 1
 0.5 1 1 1 1
 0.5 1 1 1 1
 0.5 1 1 1 1
 0.5 1 1 1 1
 0.5 1 1 1 1
 0.5 1 1 1 1
 0.5 1 1 1 1
 0.5 1 1 1 1
 0.5 1 1 1 1
 0.5 1 1 1 1
 0.5 1 1 1 1
 0.5 1 1 1 1
Scru_pelaces
 0.5 1 1 1 1
 0.5 1 1 1 1
 0.5 1 1 1 1
 0.5 1 1 1 1
 0.5 1 1 1 1
 0.5 1 1 1 1
 0.5 1 1 1 1
 0.5 1 1 1 1
 0.5 1 1 1 1
 0.5 1 1 1 1
 0.5 1 1 1 1
 0.5 1 1 1 1
 0.5 1 1 1 1
 0.5 1 1 1 1
 0.5 1 1 1 1
 0.5 1 1 1 1
 0.5 1 1 1 1
 0.5 1 1 1 1
 0.5 1 1 1 1
 0.5 1 1 1 1
 0.5 1 1 1 1
 0.5 1 1 1 1
 0.5 1 1 1 1
 0.5 1 1 1 1
 0.5 1 1 1 1
 0.5 1 1 1 1
 0.5 1 1 1 1
pf_obs 
 0.256992 0.487395 0.22802 0.0275931 0
 0.321318 0.546541 0.124235 0.00734118 0.000564706
 0.182869 0.594174 0.210203 0.0122559 0.00049798
 0.330522 0.361315 0.267642 0.0388342 0.00168674
 0.649043 0.306663 0.0425973 0.00169635 0
 0.582887 0.30429 0.105238 0.00758474 0
 0.465427 0.430635 0.0974691 0.00646863 0
 0.296916 0.608066 0.0921331 0.00288517 0
 0.311714 0.524322 0.152257 0.0117073 0
 0.15457 0.633149 0.183074 0.0267441 0.00246327
 0.131901 0.49318 0.331252 0.0422183 0.00144891
 0.196976 0.569456 0.194076 0.0375587 0.00193317
 0.518974 0.381816 0.0799577 0.0180837 0.00116848
 0.0928022 0.601141 0.25162 0.0475244 0.00691264
 0.122501 0.610282 0.24278 0.0234846 0.000952079
 0.383417 0.481906 0.127806 0.00687128 0
 0.0376549 0.599619 0.316969 0.0457579 0
 0.0361596 0.667082 0.258105 0.0386534 0
 0.158088 0.579412 0.248529 0.0139706 0
 0.0477256 0.309471 0.559284 0.082774 0.000745712
 0.0406174 0.521527 0.379366 0.0568643 0.0016247
 0.151134 0.462217 0.34131 0.0453401 0
 0.294876 0.26143 0.354403 0.0886775 0.000613685
 0.281977 0.475581 0.204845 0.0348837 0.00271318
 0.0841818 0.532909 0.334909 0.0458182 0.00218182
 0.115287 0.27431 0.454777 0.147771 0.00785563
 0 0 0 0 0
pf_pred 
 0.735202 0.133303 0.0661965 0.0328722 0.0324262
 0.0198901 0.834463 0.0733207 0.03641 0.0359161
 0.00593069 0.0399555 0.81233 0.071376 0.0704077
 0.00919972 0.0120497 0.0393398 0.799812 0.139599
 0.0537932 0.0177888 0.011291 0.0368629 0.880264
 0.975648 0.00255693 0.000409754 0.000260082 0.0211255
 0.0217319 0.966577 0.00122757 0.000196722 0.0102671
 0.700209 0.0131404 0.283225 0.000359701 0.0030661
 0.139876 0.71233 0.00647807 0.139627 0.00168889
 0.546422 0.113967 0.281256 0.0025578 0.0557972
 0.531996 0.333749 0.0337331 0.0832491 0.0172725
 0.0873872 0.639841 0.194523 0.019661 0.058588
 0.247126 0.124219 0.440756 0.133997 0.053902
 0.029967 0.391719 0.0954179 0.338563 0.144333
 0.0240711 0.0584858 0.370482 0.0902448 0.456716
 0.0994892 0.0436135 0.0513524 0.325295 0.48025
 0.490826 0.0945313 0.020082 0.0236454 0.370915
 0.313006 0.457168 0.0426687 0.00906442 0.178093
 0.574905 0.205995 0.145803 0.0136081 0.0596894
 0.112724 0.653214 0.113423 0.0802805 0.0403584
 0.448455 0.114561 0.321708 0.0558609 0.0594148
 0.74494 0.159812 0.019784 0.0555568 0.0199073
 0.392924 0.520683 0.054131 0.00670117 0.025561
 0.520234 0.274352 0.176181 0.018316 0.0109164
 0.238918 0.526007 0.134427 0.0863251 0.0143233
 0.415238 0.229885 0.245266 0.0626806 0.0469303
 0.65274 0.206402 0.0553749 0.05908 0.0264032
pobs_RECLAS
 0 0 0 0 0
 0 0 0 0 0
 0 0 0 0 0
 0 0 0 0 0
 0.835266 0.146461 0.0176864 0.000547809 3.91292e-05
 0.385257 0.428462 0.181853 0.0044286 0
 0.867414 0.0963971 0.0333333 0.00285562 0
 0.441836 0.489002 0.0689373 0.000224442 0
 0.779404 0.147425 0.0564933 0.0165055 0.000172143
 0.814271 0.122319 0.05973 0.00367925 0
 0.40263 0.566651 0.0304383 0.000280538 0
 0.475488 0.404961 0.113038 0.00651328 0
 0.955842 0.0263864 0.0167828 0.000988607 0
 0.975058 0.0227948 0.00214734 0 0
 0.738997 0.206755 0.0527124 0.00153531 0
 0.850938 0.134255 0.0134407 0.00136685 0
 0.542534 0.407297 0.0501686 0 0
 0.764087 0.199537 0.0359546 0.000420521 0
 0.470689 0.182191 0.310203 0.0369168 0
 0.84361 0.089868 0.0606195 0.00523954 0.000663233
 0.607945 0.314616 0.071237 0.00620181 0
 0.523733 0.453247 0.0230204 0 0
 0.530135 0.295979 0.169645 0.0042399 0
 0.562478 0.366248 0.0663022 0.0049721 0
 0.250443 0.683176 0.0655157 0.000865301 0
 0.195077 0.31981 0.436473 0.0351445 0.0134964
 0.565238 0.351407 0.0832357 0.000118908 0
ppred_RECLAS
 0.735898 0.132953 0.0660224 0.0327858 0.032341
 0.01996 0.834404 0.0733155 0.0364074 0.0359135
 0.00595183 0.0399547 0.812313 0.0713745 0.0704062
 0.0092324 0.0120493 0.0393385 0.799786 0.139594
 0.0539756 0.0177854 0.0112888 0.0368558 0.880094
 0.975733 0.00254801 0.000408326 0.000259175 0.0210518
 0.0218081 0.966501 0.00122748 0.000196706 0.0102663
 0.70096 0.0131074 0.282515 0.000358801 0.00305842
 0.140307 0.711973 0.00647482 0.139557 0.00168804
 0.547309 0.113744 0.280706 0.0025528 0.0556881
 0.532887 0.333114 0.0336689 0.0830906 0.0172396
 0.087673 0.639641 0.194462 0.0196549 0.0585697
 0.247792 0.124109 0.440366 0.133879 0.0538543
 0.0300712 0.391677 0.0954076 0.338527 0.144318
 0.0241553 0.0584807 0.37045 0.090237 0.456677
 0.0998103 0.043598 0.0513341 0.325179 0.480078
 0.491721 0.0943652 0.0200467 0.0236038 0.370264
 0.313776 0.456656 0.0426209 0.00905426 0.177894
 0.575779 0.205571 0.145503 0.0135801 0.0595666
 0.113083 0.65295 0.113377 0.0802481 0.0403421
 0.44934 0.114377 0.321192 0.0557712 0.0593194
 0.74562 0.159386 0.0197313 0.0554089 0.0198543
 0.393778 0.519951 0.0540548 0.00669175 0.0255251
 0.521128 0.273841 0.175853 0.0182819 0.0108961
 0.23957 0.525556 0.134312 0.0862512 0.014311
 0.416107 0.229543 0.244902 0.0625874 0.0468606
 0.653551 0.20592 0.0552456 0.0589421 0.0263415
pobs_PELACES
 0 0 0 0 0
 0 0 0 0 0
 0 0 0 0 0
 0 0 0 0 0
 0 0 0 0 0
 0 0 0 0 0
 0 0 0 0 0
 0 0 0 0 0
 0 0 0 0 0
 0 0 0 0 0
 0.450072 0.473896 0.0757376 0.000293798 0
 0 0 0 0 0
 0.463077 0.371075 0.160297 0.00555027 0
 0.529543 0.364841 0.0842815 0.0213345 0
 0.631943 0.363953 0.00410389 0 0
 0.735681 0.248677 0.0153453 0.000297389 0
 0.695825 0.281241 0.0229344 0 0
 0.275771 0.60734 0.115278 0.00161068 0
 0 0 0 0 0
 0.896147 0.0623911 0.0374545 0.00400742 0
 0.803859 0.145111 0.0509908 3.86294e-05 0
 0.739449 0.233085 0.0266225 0.000797448 4.60066e-05
 0.878498 0.100942 0.0204185 0.000141795 0
 0.694673 0.275183 0.0284847 0.00165964 0
 0.469039 0.446079 0.0841089 0.000773354 0
 0.822795 0.102175 0.0682046 0.00682512 0
 0 0 0 0 0
ppred_PELACES
 0.739436 0.131172 0.065138 0.0323466 0.0319078
 0.0203208 0.834096 0.0732885 0.036394 0.0359003
 0.00606098 0.0399503 0.812224 0.0713667 0.0703985
 0.00940115 0.0120472 0.0393318 0.799649 0.13957
 0.0549168 0.0177677 0.0112776 0.0368191 0.879219
 0.976162 0.00250295 0.000401105 0.000254592 0.0206795
 0.0222016 0.966113 0.00122698 0.000196627 0.0102622
 0.704778 0.0129401 0.278908 0.000354219 0.00301937
 0.142527 0.710134 0.00645811 0.139197 0.00168368
 0.551835 0.112607 0.2779 0.00252728 0.0551313
 0.537435 0.329871 0.0333411 0.0822816 0.0170718
 0.0891465 0.638608 0.194148 0.0196231 0.0584751
 0.251216 0.123544 0.438361 0.133269 0.0536092
 0.0306091 0.39146 0.0953547 0.338339 0.144238
 0.0245901 0.0584547 0.370285 0.0901968 0.456473
 0.101465 0.0435178 0.0512398 0.324581 0.479196
 0.496291 0.0935168 0.0198665 0.0233916 0.366935
 0.317726 0.454027 0.0423755 0.00900214 0.17687
 0.580239 0.20341 0.143973 0.0134374 0.0589404
 0.114929 0.651591 0.113141 0.080081 0.0402581
 0.453868 0.113437 0.318551 0.0553127 0.0588316
 0.749072 0.157223 0.0194635 0.0546569 0.0195849
 0.39815 0.5162 0.0536649 0.00664348 0.025341
 0.525688 0.271233 0.174178 0.0181078 0.0107923
 0.242916 0.523244 0.133721 0.0858716 0.0142481
 0.420556 0.227794 0.243036 0.0621105 0.0465035
 0.657679 0.203467 0.0545874 0.0582398 0.0260277
pobs_pel_tallas
 0 0 0 0 0 0 0 0 0 0 0 0 0 0 0 0 0 0 0 0 0 0 0 0 0 0 0 0 0 0 0 0 0 0 0 0
 0 0 0 0 0 0 0 0 0 0 0 0 0 0 0 0 0 0 0 0 0 0 0 0 0 0 0 0 0 0 0 0 0 0 0 0
 0 0 0 0 0 0 0 0 0 0 0 0 0 0 0 0 0 0 0 0 0 0 0 0 0 0 0 0 0 0 0 0 0 0 0 0
 0 0 0 0 0 0 0 0 0 0 0 0 0 0 0 0 0 0 0 0 0 0 0 0 0 0 0 0 0 0 0 0 0 0 0 0
 0 0 0 0 0 0 0 0 0 0 0 0 0 0 0 0 0 0 0 0 0 0 0 0 0 0 0 0 0 0 0 0 0 0 0 0
 0 0 0 0 0 0 0 0 0 0 0 0 0 0 0 0 0 0 0 0 0 0 0 0 0 0 0 0 0 0 0 0 0 0 0 0
 0 0 0 0 0 0 0 0 0 0 0 0 0 0 0 0 0 0 0 0 0 0 0 0 0 0 0 0 0 0 0 0 0 0 0 0
 0 0 0 0 0 0 0 0 0 0 0 0 0 0 0 0 0 0 0 0 0 0 0 0 0 0 0 0 0 0 0 0 0 0 0 0
 0 0 0 0 0 0 0 0 0 0 0 0 0 0 0 0 0 0 0 0 0 0 0 0 0 0 0 0 0 0 0 0 0 0 0 0
 0 0 0 0 0 0 0 0 0 0 0 0 0 0 0 0 0 0 0 0 0 0 0 0 0 0 0 0 0 0 0 0 0 0 0 0
 0 0 0 0 0 0 0 0 1.78061e-05 0.00172719 0.00360574 0.0105946 0.0120993 0.0124554 0.0147524 0.0171206 0.0266825 0.0428682 0.0675386 0.121331 0.153587 0.119568 0.100827 0.0573624 0.0630603 0.0341343 0.0324427 0.0444173 0.0211091 0.0280891 0.0125444 0.00206551 0 0 0 0
 0 0 0 0 0 0 0 0 0 0 0 0 0 0 0 0 0 0 0 0 0 0 0 0 0 0 0 0 0 0 0 0 0 0 0 0
 0 0 0 0 0 0 0.0133647 0.0140871 0.0187388 0.0205184 0.03894 0.0496705 0.03968 0.0493445 0.0407372 0.0367815 0.0215668 0.0243155 0.0234873 0.0199281 0.019796 0.0243948 0.0301388 0.0376714 0.0412746 0.0863199 0.0771752 0.113111 0.0741005 0.0525337 0.0229764 0.00759418 0.00175318 0 0 0
 0 0 0 0 0 0 0 0 0 0 0.00219441 0.00772107 0.0458388 0.0604681 0.0671733 0.0775358 0.0609151 0.0617685 0.073594 0.0568108 0.0755445 0.0548602 0.0670107 0.0636378 0.0643287 0.046367 0.0373049 0.0286899 0.0247887 0.0153202 0.00654259 0.00121912 0.000365735 0 0 0
 0 0 0 0 0 0 0 0 0 0 0 0 0.000112435 0.00938835 0.0111873 0.0202946 0.0414886 0.0713402 0.111592 0.104902 0.108894 0.110636 0.117776 0.105296 0.107544 0.0401394 0.0192827 0.0124803 0.00416011 0.0028671 0.000618394 0 0 0 0 0
 0 0 0 0 0 0 0 0 0 0 0.00291406 0.0102884 0.027416 0.0768956 0.0749926 0.110853 0.0956884 0.0897413 0.0766577 0.0534642 0.0500743 0.0551293 0.0594112 0.0620874 0.0668451 0.0424026 0.0208742 0.0120726 0.0048766 0.00582813 0.00118941 0.000297354 0 0 0 0
 0 0.00264628 0.0354308 0.0461629 0.0458689 0.0383711 0.0214643 0.0164657 0.0346957 0.0420465 0.0363128 0.0245516 0.0311673 0.0291091 0.0169068 0.0133784 0.00837989 0.0085269 0.0148486 0.0160247 0.0276389 0.0546898 0.0760071 0.122758 0.109233 0.0665981 0.0333725 0.0166128 0.00676272 0.00308733 0.000882094 0 0 0 0 0
 0 0 0 0 0 0 0 0.000805153 0.000690131 0.00759144 0.0133425 0.0154129 0.00931677 0.000345066 0.00356568 0.00563607 0.00851162 0.0253048 0.0502646 0.0516448 0.0657925 0.0565908 0.0611916 0.0827007 0.0866115 0.110766 0.145733 0.0935128 0.0569358 0.0249597 0.0138026 0.00621118 0.00161031 0.00115022 0 0
 0 0 0 0 0 0 0 0 0 0 0 0 0 0 0 0 0 0 0 0 0 0 0 0 0 0 0 0 0 0 0 0 0 0 0 0
 0.00147267 0.00158595 0.00478618 0.00569244 0.00954404 0.0108468 0.00647125 0.017049 0.0510054 0.094081 0.124002 0.0959785 0.0687766 0.0820023 0.061753 0.0591476 0.0492212 0.0479892 0.0443925 0.0268479 0.0217502 0.0140895 0.0121071 0.0120363 0.00920419 0.00665534 0.0049561 0.00860946 0.00930331 0.0156896 0.0114698 0.00855282 0.00243557 0.00046729 0 2.83206e-05
 0 0 0 0 0.000772559 0.00158375 0.000888443 0.00281984 0.00712685 0.0440552 0.0773331 0.111326 0.0921469 0.0852325 0.0710754 0.0886704 0.0786465 0.0553345 0.0373146 0.0185414 0.00753245 0.00457741 0.012979 0.0271748 0.0457355 0.0583668 0.034881 0.0177882 0.00938659 0.00492506 0.0015258 0.00185414 0.000309023 5.79419e-05 3.86279e-05 0
 0 0.00173294 0.00326652 0 0.00397197 0.00683976 0.00946217 0.0152591 0.00757587 0.0136028 0.0228656 0.0392903 0.0559909 0.0764795 0.0681675 0.0726916 0.0566044 0.0477403 0.0527397 0.0444891 0.0609904 0.0582453 0.0661739 0.0445044 0.0529084 0.0360697 0.0280645 0.0235558 0.0158879 0.00826598 0.00280645 0.00217768 0.000904811 0.00058276 9.20147e-05 0
 0 0 0 0 0 0 0 0 0 0 0 0 0 0 0 0 0 0 0 0 0 0 0 0 0 0 0 0 0 0 0 0 0 0 0 0
 0 0 0 0 0 0 0 0 0 0 0 0 0 0 0 0 0 0 0 0 0 0 0 0 0 0 0 0 0 0 0 0 0 0 0 0
 0 0 0 0 0 0 0 0 0 0 0 0 0 0 0 0 0 0 0 0 0 0 0 0 0 0 0 0 0 0 0 0 0 0 0 0
 0 0 0 0 0 0 0 0 0 0 0 0 0 0 0 0 0 0 0 0 0 0 0 0 0 0 0 0 0 0 0 0 0 0 0 0
 0 0 0 0 0 0 0 0 0 0 0 0 0 0 0 0 0 0 0 0 0 0 0 0 0 0 0 0 0 0 0 0 0 0 0 0
ppred_pel_tallas
 1.0357e-16 3.22609e-05 0.000189349 0.000900087 0.0034654 0.0108065 0.0272964 0.0558518 0.0925795 0.124329 0.135286 0.119313 0.0853656 0.0497351 0.0239801 0.0102992 0.00516109 0.00441663 0.00553252 0.00741314 0.00963422 0.0119611 0.0141831 0.0160995 0.0175496 0.0184428 0.0187708 0.0185958 0.0180231 0.0171664 0.0161208 0.0149501 0.0136891 0.0123555 0.010965 0.00954132
 1.0424e-16 9.32587e-07 5.35966e-06 2.52377e-05 9.67648e-05 0.000301401 0.000762247 0.00156626 0.00262126 0.00359586 0.00411229 0.00410133 0.00396988 0.004403 0.00603462 0.00929596 0.0144529 0.0216437 0.0308121 0.0415849 0.0531939 0.0645094 0.0742061 0.0810268 0.0840711 0.083011 0.0781662 0.0704031 0.060906 0.0508934 0.0413741 0.0330058 0.026074 0.0205629 0.0162731 0.0129369
 1.17285e-16 2.80404e-07 1.59937e-06 7.513e-06 2.8777e-05 8.95636e-05 0.00022625 0.000463938 0.000773259 0.00105156 0.00117908 0.00112341 0.000988692 0.000958211 0.00120252 0.00184799 0.00301033 0.00483456 0.00750283 0.0112117 0.0161337 0.0223717 0.0299137 0.0385928 0.048063 0.0577999 0.0671344 0.0753193 0.0816244 0.0854434 0.0863913 0.0843702 0.0795899 0.0725308 0.063866 0.0543534
 1.34561e-16 4.21844e-07 2.44001e-06 1.1532e-05 4.42901e-05 0.000137979 0.000348479 0.00071349 0.0011848 0.0015978 0.00175638 0.00159152 0.00123286 0.000913692 0.000822408 0.00104926 0.00163829 0.00265687 0.00422571 0.00651281 0.00971237 0.0140178 0.0195887 0.0265116 0.0347577 0.0441453 0.0543155 0.0647338 0.0747222 0.0835246 0.0903984 0.0947179 0.096069 0.0943139 0.0896163 0.0824139
 1.42513e-16 2.40606e-06 1.40903e-05 6.69217e-05 0.000257559 0.000803058 0.00202841 0.00415071 0.0068818 0.00924697 0.0100755 0.00891845 0.00645291 0.00390875 0.00217625 0.00146698 0.00158856 0.00232895 0.00362547 0.00555125 0.00825257 0.0119001 0.0166545 0.0226349 0.0298836 0.0383295 0.0477563 0.0577851 0.0678803 0.0773841 0.0855822 0.0917904 0.0954499 0.0962111 0.0939873 0.0889732
 1.00982e-16 4.25779e-05 0.000249931 0.00118813 0.00457448 0.0142652 0.0360325 0.0737254 0.122201 0.164092 0.17851 0.157329 0.112338 0.0649889 0.03047 0.0115972 0.00362017 0.000990282 0.000337147 0.000258439 0.000323098 0.000430128 0.000561094 0.000712851 0.000883853 0.00107174 0.00127255 0.00148001 0.00168508 0.00187602 0.00203918 0.00216065 0.00222834 0.00223409 0.00217521 0.0020552
 1.00819e-16 1.01986e-06 5.8601e-06 2.75905e-05 0.000105779 0.000329479 0.000833323 0.00171265 0.00286745 0.00393718 0.00451185 0.0045206 0.00441545 0.00495527 0.00684513 0.010568 0.0164206 0.0245464 0.0348553 0.0468834 0.059707 0.0719886 0.0821764 0.0888175 0.0908989 0.0881013 0.0808841 0.0703626 0.0580296 0.0454112 0.0337672 0.0239146 0.0161938 0.0105511 0.00668115 0.00417262
 1.04117e-16 3.07455e-05 0.000180462 0.000857856 0.00330283 0.0102996 0.0260158 0.0532308 0.0882323 0.118483 0.128904 0.113634 0.0811947 0.0470891 0.0223059 0.00891122 0.00351948 0.002179 0.00251735 0.00358282 0.00511418 0.0070645 0.00940846 0.0120818 0.0149651 0.0178843 0.020623 0.0229464 0.0246328 0.0255078 0.0254741 0.0245297 0.02277 0.0203717 0.017564 0.0145917
 1.05185e-16 6.2561e-06 3.66253e-05 0.000173905 0.000669216 0.0020866 0.00527135 0.0107913 0.0179081 0.0241116 0.0264004 0.0236729 0.0177876 0.012079 0.00903432 0.009381 0.0127348 0.0185009 0.026199 0.0353336 0.0451998 0.0548315 0.0631101 0.0689809 0.0716949 0.0709888 0.0671449 0.0609014 0.0532535 0.0452113 0.0375936 0.0309134 0.0253669 0.0209017 0.017325 0.0144041
 1.06645e-16 2.40804e-05 0.000141323 0.000671765 0.0025863 0.0080651 0.0203718 0.0416835 0.0690955 0.0927948 0.100983 0.0890845 0.0637922 0.0372778 0.0181892 0.00819745 0.00470702 0.00466906 0.0062453 0.00866843 0.0116613 0.0150665 0.0187128 0.0223952 0.025894 0.0289994 0.0315309 0.0333472 0.0343493 0.0344817 0.0337348 0.0321506 0.0298259 0.0269106 0.0235961 0.0200952
 1.04206e-16 2.34606e-05 0.000137666 0.000654339 0.00251914 0.00785561 0.0198429 0.0406028 0.0673099 0.0904144 0.0984387 0.0869489 0.0625001 0.0369987 0.0189342 0.0100079 0.00775395 0.00922552 0.012583 0.0169315 0.0217486 0.0265483 0.0308095 0.034041 0.035884 0.0361936 0.0350664 0.0328016 0.0298127 0.0265219 0.0232703 0.020271 0.0176075 0.0152659 0.0131836 0.0112913
 1.06371e-16 3.92607e-06 2.29513e-05 0.000108909 0.000418984 0.00130628 0.00330024 0.00675776 0.0112209 0.0151272 0.0166141 0.0150181 0.0115433 0.00833786 0.00704214 0.00821373 0.0117193 0.0172744 0.0246154 0.0333883 0.0430076 0.0526277 0.0612412 0.0678683 0.0717696 0.0726098 0.0705197 0.0660317 0.0599211 0.0530094 0.0459955 0.0393594 0.0333495 0.028031 0.0233619 0.0192628
 1.13348e-16 1.09727e-05 6.43672e-05 0.000305907 0.00117765 0.00367227 0.00927592 0.0189807 0.0314663 0.0422699 0.0460286 0.0406733 0.0292757 0.0174143 0.00908049 0.00510768 0.00440298 0.00567593 0.00818341 0.0116497 0.0159848 0.0211013 0.0268448 0.0329838 0.0392245 0.0452321 0.0506551 0.055148 0.058397 0.0601491 0.060243 0.0586386 0.0554352 0.0508677 0.0452833 0.0390954
 1.19847e-16 1.3627e-06 7.92696e-06 3.75363e-05 0.000144276 0.000449678 0.00113625 0.0023282 0.00387182 0.00523792 0.0058006 0.00535623 0.00435779 0.00360259 0.00373641 0.00505378 0.00762255 0.0114506 0.0165203 0.0227243 0.0298016 0.0373273 0.0447671 0.0515777 0.0573182 0.0617315 0.0647689 0.0665467 0.0672592 0.0670829 0.0661116 0.0643419 0.0617099 0.0581535 0.0536764 0.0483854
 1.29704e-16 1.0871e-06 6.33869e-06 3.00515e-05 0.000115569 0.000360237 0.000909947 0.00186275 0.00309142 0.00416314 0.00456067 0.00409541 0.00309163 0.00213323 0.00166779 0.00185707 0.00269963 0.00419843 0.00642697 0.00950902 0.0135732 0.0187134 0.0249581 0.0322462 0.0404087 0.0491579 0.0580888 0.0666967 0.0744152 0.0806722 0.0849598 0.086904 0.086323 0.0832568 0.0779633 0.0708824
 1.34286e-16 4.43743e-06 2.60124e-05 0.000123592 0.000475739 0.00148343 0.003747 0.00766732 0.0127115 0.0170776 0.0186009 0.0164482 0.0118643 0.00711015 0.00381125 0.00232638 0.00224935 0.00311224 0.00469114 0.00697719 0.0100623 0.0140587 0.0190562 0.0250952 0.0321417 0.0400627 0.0486062 0.0573915 0.0659196 0.0736093 0.0798572 0.0841168 0.0859798 0.0852421 0.0819407 0.0763524
 1.18262e-16 2.16562e-05 0.000127096 0.000604142 0.00232595 0.00725324 0.0183211 0.0374872 0.0621392 0.083451 0.0908107 0.0801004 0.0573362 0.0334587 0.0162371 0.00716363 0.00389189 0.00366915 0.00483673 0.00671042 0.00906481 0.0118065 0.014857 0.0181335 0.0215574 0.0250599 0.0285771 0.0320326 0.0353176 0.0382776 0.0407151 0.0424121 0.043168 0.042841 0.0413819 0.0388525
 1.09324e-16 1.38851e-05 8.1438e-05 0.000387002 0.00148978 0.00464558 0.0117348 0.024014 0.0398175 0.053509 0.0583214 0.0516647 0.0374656 0.0228388 0.0129047 0.0087892 0.00915459 0.0123471 0.0172966 0.0233841 0.0300851 0.036785 0.0427872 0.0474307 0.0502364 0.0510168 0.0499119 0.0473313 0.0438311 0.0399656 0.0361653 0.0326748 0.0295557 0.0267398 0.0241012 0.0215224
 1.05326e-16 2.53222e-05 0.000148606 0.000706375 0.00271953 0.00848055 0.0214213 0.0438314 0.072658 0.0975853 0.106213 0.0937354 0.0672047 0.0394359 0.0195438 0.00930758 0.00601319 0.00645206 0.00865836 0.0117533 0.0153339 0.0190962 0.0227212 0.0258896 0.0283376 0.0299046 0.0305553 0.0303649 0.0294805 0.0280715 0.0262897 0.0242493 0.0220283 0.019683 0.0172655 0.0148357
 1.06452e-16 5.0506e-06 2.95527e-05 0.000140291 0.000539812 0.00168307 0.00425201 0.00870521 0.014449 0.0194625 0.0213317 0.0191792 0.0145214 0.0100743 0.00788009 0.00857079 0.0118852 0.0173858 0.0247087 0.0334457 0.0429786 0.0524375 0.0607989 0.0670795 0.0705548 0.0709244 0.0683714 0.0634884 0.0571077 0.0500921 0.0431565 0.0367694 0.0311424 0.0262873 0.0221034 0.0184585
 1.09209e-16 1.98086e-05 0.000116243 0.000552536 0.00212724 0.00663353 0.0167558 0.0342849 0.0568324 0.0763289 0.0830729 0.0733049 0.0525375 0.0307927 0.0151996 0.00715469 0.00455048 0.00490984 0.00675099 0.0094679 0.0128474 0.01676 0.0210467 0.0255017 0.0298885 0.0339625 0.0374907 0.0402647 0.0421116 0.0429036 0.0425718 0.0411191 0.0386316 0.0352765 0.0312885 0.0269421
 1.03121e-16 3.2682e-05 0.000191819 0.000911826 0.00351059 0.0109474 0.0276524 0.0565803 0.0937876 0.125953 0.137058 0.120886 0.0865151 0.0504519 0.0244127 0.010631 0.00553413 0.00491803 0.00620729 0.0082718 0.0106503 0.0130661 0.0152667 0.0170196 0.0181528 0.0185918 0.0183712 0.0176167 0.0165046 0.0152125 0.0138803 0.0125905 0.0113702 0.0102084 0.00907992 0.00796455
 1.02343e-16 1.73948e-05 0.000102037 0.000484917 0.00186675 0.00582113 0.0147042 0.0300901 0.0498904 0.0670399 0.0730542 0.0646803 0.0468267 0.0283902 0.0157616 0.0103193 0.0103506 0.0137483 0.0191448 0.0257538 0.032928 0.0399264 0.0459192 0.0501249 0.0519834 0.0512894 0.0482394 0.0433698 0.0374162 0.0311374 0.0251644 0.019912 0.0155646 0.0121185 0.00945396 0.00740581
 1.03688e-16 2.29465e-05 0.000134652 0.000640019 0.00246402 0.00768373 0.0194087 0.039714 0.0658353 0.0884301 0.0962693 0.0850112 0.0610608 0.0360545 0.0182844 0.00940301 0.00699145 0.00817163 0.0111662 0.0151444 0.0196613 0.0243201 0.0286854 0.032324 0.0348858 0.0361715 0.0361636 0.0350066 0.0329525 0.0302893 0.0272805 0.0241312 0.0209818 0.0179231 0.0150175 0.0123152
 1.05685e-16 1.06263e-05 6.22986e-05 0.000295995 0.00113935 0.00355275 0.00897449 0.0183668 0.0304595 0.04095 0.0446771 0.0396829 0.0290054 0.0181376 0.011066 0.00873722 0.0102147 0.0142995 0.0201895 0.0273514 0.0352328 0.0431269 0.0502105 0.0556861 0.0589542 0.0597445 0.058166 0.0546517 0.0498284 0.0443552 0.0387866 0.0334968 0.0286721 0.0243538 0.0205029 0.0170583
 1.07832e-16 1.83605e-05 0.000107732 0.000512048 0.00197131 0.00614725 0.0155276 0.0317728 0.0526717 0.0707513 0.0770301 0.0680381 0.0489054 0.0289506 0.0148217 0.00786077 0.00615897 0.00744585 0.0103353 0.0141988 0.0187113 0.0235755 0.0284454 0.0329537 0.0367717 0.0396625 0.0415081 0.0423014 0.0421143 0.0410567 0.0392442 0.0367855 0.0337873 0.0303664 0.0266609 0.0228293
 1.04059e-16 2.86988e-05 0.00016843 0.00080062 0.0030824 0.00961215 0.0242796 0.0496797 0.0823513 0.110601 0.120369 0.106207 0.0760968 0.0445535 0.0218908 0.010103 0.00608752 0.00618068 0.00813151 0.010931 0.0141245 0.0173886 0.0204013 0.0228567 0.0245215 0.0252834 0.0251687 0.0243206 0.0229504 0.0212774 0.0194803 0.0176722 0.0159031 0.0141791 0.0124895 0.0108289
pSPR Fmed_Fpbrs
0.37029   0.255252 0.255252
Fs Fmed_Fpbrs
0.64   1.005 1.005
SSBpbr Bo_Bmed_Bpbrs
4.96126e+06  1.58904e+06  1.01831e+06 1.01831e+06
Ro
31834.2
SPR SPRFo_SPRFmed_SPRFpbrs
657512 243470 167831
log_Ro
10.1883
likeval ReclasPelacesDesembMPH_pf_preclas_ppelaces_ptallas_desvR_qrecl_qpela
 477.63 0.00044566 13769.7 683.085 589.927 455.081 96.8374 0 148.193 0 0 0 0 0 0
q_reclas_q_pelaces
1 1
M
0.7
N
 203789 18926.1 9398.43 4667.12 4603.81
 4455.52 95744.6 8412.67 4177.61 4120.93
 606.616 2093.3 42558.5 3739.44 3688.71
 424.816 285.001 930.473 18917.3 3301.82
 1178.33 199.588 126.683 413.596 9876.42
 412410 553.606 88.7169 56.3109 4573.92
 8505.08 193759 246.079 39.4347 2058.14
 415706 3995.87 86126.3 109.382 932.375
 74874.9 195308 1776.17 38283.2 463.062
 329286 35177.9 86814.5 789.509 17222.8
 481446 154706 15636.6 38589.1 8006.47
 60312.9 226194 68766.8 6950.48 20711.8
 110060 28336.3 100543 30566.9 12295.9
 7722.96 51708.4 12595.5 44691.6 19052.6
 2915.53 3628.42 22984.4 5598.72 28334.3
 6100.41 1369.78 1612.83 10216.6 15083.3
 29053.5 2866.11 608.867 716.906 11245.8
 18245.8 13650 1273.99 270.642 5317.44
 46707.7 8572.25 6067.42 566.288 2483.91
 7393.28 21944.3 3810.37 2696.97 1355.82
 26546.4 3473.52 9754.27 1693.71 1801.47
 113502 12472.1 1543.98 4335.78 1553.61
 78564.6 53325.9 5543.84 686.303 2617.84
 136649 36911.4 23703.4 2464.24 1468.69
 56931.2 64200.5 16407.1 10536.2 1748.19
 94324.2 26747.5 28537.2 7292.99 5460.42
 273613 44315.6 11889.3 12684.8 5668.9
pred_Ctot
 7924.04 1436.75 713.469 354.298 349.492
 173.246 7268.32 638.637 317.138 312.835
 23.5874 158.91 3230.78 283.875 280.024
 16.5183 21.6355 70.6356 1436.08 250.653
 45.8178 15.1514 9.617 31.3976 749.756
 16036 42.0263 6.73483 4.27477 347.223
 330.708 14709 18.6807 2.99364 156.241
 16164.1 303.341 6538.16 8.3036 70.7801
 2911.4 14826.5 134.835 2906.22 35.1528
 12803.8 2670.48 6590.41 59.9345 1307.44
 18720.3 11744.3 1187.03 2929.44 607.8
 2345.18 17171.2 5220.34 527.636 1572.31
 4279.51 2151.12 7632.62 2320.45 933.427
 300.296 3925.37 956.173 3392.71 1446.35
 113.366 275.446 1744.83 425.02 2150.96
 237.206 103.985 122.436 775.58 1145.03
 1129.7 217.577 46.2214 54.423 853.712
 709.46 1036.22 96.713 20.5454 403.667
 1816.16 650.751 460.6 42.989 188.563
 287.477 1665.87 289.26 204.737 102.925
 1032.22 263.688 740.482 128.576 136.756
 4413.38 946.8 117.21 329.145 117.94
 3054.87 4048.17 420.853 52.0998 198.73
 5313.38 2802.08 1799.41 187.07 111.494
 2213.69 4873.69 1245.53 799.842 132.712
 3667.66 2030.5 2166.36 553.638 414.521
 10639.1 3364.16 902.56 962.95 430.347
F
 0.0554016 0.110803 0.110803 0.110803 0.110803
 0.0554016 0.110803 0.110803 0.110803 0.110803
 0.0554016 0.110803 0.110803 0.110803 0.110803
 0.0554016 0.110803 0.110803 0.110803 0.110803
 0.0554016 0.110803 0.110803 0.110803 0.110803
 0.0554016 0.110803 0.110803 0.110803 0.110803
 0.0554016 0.110803 0.110803 0.110803 0.110803
 0.0554016 0.110803 0.110803 0.110803 0.110803
 0.0554016 0.110803 0.110803 0.110803 0.110803
 0.0554016 0.110803 0.110803 0.110803 0.110803
 0.0554016 0.110803 0.110803 0.110803 0.110803
 0.0554016 0.110803 0.110803 0.110803 0.110803
 0.0554016 0.110803 0.110803 0.110803 0.110803
 0.0554016 0.110803 0.110803 0.110803 0.110803
 0.0554016 0.110803 0.110803 0.110803 0.110803
 0.0554016 0.110803 0.110803 0.110803 0.110803
 0.0554016 0.110803 0.110803 0.110803 0.110803
 0.0554016 0.110803 0.110803 0.110803 0.110803
 0.0554016 0.110803 0.110803 0.110803 0.110803
 0.0554016 0.110803 0.110803 0.110803 0.110803
 0.0554016 0.110803 0.110803 0.110803 0.110803
 0.0554016 0.110803 0.110803 0.110803 0.110803
 0.0554016 0.110803 0.110803 0.110803 0.110803
 0.0554016 0.110803 0.110803 0.110803 0.110803
 0.0554016 0.110803 0.110803 0.110803 0.110803
 0.0554016 0.110803 0.110803 0.110803 0.110803
 0.0554016 0.110803 0.110803 0.110803 0.110803
Np
 35731.2 10735.1 23366.7 3580.61 1135.25
YTP_r0W_actual
 655882 461664 180053 245326 121668
YTP_p0W_proyectada
 85651.6 1.33918e+06 298315 102209 174803
 85651.6 111835 353870 69249.6 24365
CTP_r0_actual
 79985.6 21373.3 5734.19 6117.86 2734.1
CTP_p0_proyectada
 10445.3 61999.2 9500.47 2548.85 3928.17
 10445.3 5177.55 11269.7 1726.92 547.528
Wmedp
 8.2 21.6 31.4 40.1 44.5
nmprior
 10.8 10.6 4.6 0
nm_flota  nm_reclas  nm_pelaces    nm_pelaL
inf 1.9322 3.72422 6.30159
cv_recla  cv_pelaces  cv_mph
1.89268 0.770852 2.09553
 ------------------------------------------------
Talla a la edad & desviaci?n 
 7.2 14.2025 17.0495 18.207 18.6776
 1.08 2.13037 2.55742 2.73105 2.80164
