    unsorted:	 5.767009879e-06 0.001398742804 0.008133601722 1.990145218 39.89630537 8.734429619 35.07229460 27.75840329 45.05248527 68.32230580 124.8585129 89.55422212 172.8432276 205.0399948 275.1731717 419.8719014 444.3049508 512.5997283 632.2821537 681.5533014 730.6008837 877.1415171 861.4552044 838.0998430 1090.562521 1228.299815 1413.166813 1656.964601 1705.953677 2093.798721 2155.167741 2601.667603 2805.918129 3129.086670 3224.878928 3341.829778 4071.681800 4225.641228 4398.532760 4688.908925 5033.290069 204612.3463 397817.8560 420265.3852 374073.9857 341233.8340 445721.6348 468011.7858 270749.3786 538345.4927 558502.2204 654404.6694 711125.5831 752806.9869 894740.0217 1027653.297 1152699.623 1315300.948 1452095.345 1562519.170 1874197.164 1930115.105 2424934.171 2497554.129 2675934.112 30795200.66
      sorted:	 5.767009879e-06 0.001398742804 0.008133601722 1.990145218 8.734429619 27.75840329 35.07229460 39.89630537 45.05248527 68.32230580 89.55422212 124.8585129 172.8432276 205.0399948 275.1731717 419.8719014 444.3049508 512.5997283 632.2821537 681.5533014 730.6008837 838.0998430 861.4552044 877.1415171 1090.562521 1228.299815 1413.166813 1656.964601 1705.953677 2093.798721 2155.167741 2601.667603 2805.918129 3129.086670 3224.878928 3341.829778 4071.681800 4225.641228 4398.532760 4688.908925 5033.290069 204612.3463 270749.3786 341233.8340 374073.9857 397817.8560 420265.3852 445721.6348 468011.7858 538345.4927 558502.2204 654404.6694 711125.5831 752806.9869 894740.0217 1027653.297 1152699.623 1315300.948 1452095.345 1562519.170 1874197.164 1930115.105 2424934.171 2497554.129 2675934.112 30795200.66
