years
 1997 1998 1999 2000 2001 2002 2003 2004 2005 2006 2007 2008 2009 2010 2011 2012 2013 2014 2015 2016 2017 2018 2019 2020 2021
reclasobs
 0 0 0 370054 412103 1.49427e+06 250295 1.28982e+06 931140 785840 897777 1.04006e+06 184774 17550 25797 100020 73551 82996 120727 218422 84188 347160 605670 569463 516374
reclaspred
 1.13791e+06 228467 555273 276453 321075 354072 666465 482172 621861 745493 684444 429756 232169 89198.9 73023.8 71103.1 71571.7 81859 82407.2 101327 167913 187500 336640 428548 528395
pelacesobs
 0 0 0 0 0 0 0 0 0 2.06254e+06 1.5e+06 0 1.87456e+06 323000 250000 174000 83755 137374 0 501740 490994 745055 786931 1.00524e+06 1.33801e+06
pelacespred
 651790 228719 186431 192712 193155 154824 339010 281684 335867 418882 321575 207608 104743 27715.1 26602.9 30283.2 31593.1 37294.5 37765.8 44601.4 91105.2 98000.7 138825 206562 248579
mphobs
 0 0 0 0 0 0 112323 0 153150 637223 0 255016 313432 73983 77613 109348 50772 17779 17303 59886 28197 0 207744 136588 643089
mphpred
 806137 426642 358907 307547 250391 341968 416777 523993 486792 625707 707699 462535 251239 113102 51236.3 54260.5 51906.9 59068 68822 69652.3 109009 165659 219136 326185 417032
desembarqueobs
 350755 77701 442110 56441 14545 235359 269955 359681 431902 328805 639364 411747 362871 311530 167758 66681 60226 58785 57116 73181 50977 67692 138656 160484 209506
desembarquepred
 350756 77699 442096 56443.2 14545.2 235495 269953 359562 431736 328723 639151 411661 362910 311217 167562 66682.2 60255 58779.7 57085.4 73173.2 50966.4 67668.4 138643 160453 209496
Reclutas
 40147.6 42332.3 20298.9 21021.4 37954.4 26927 57714.2 60160.5 99550.4 113662 66126.1 42519.1 46241.5 35183.1 22743.8 12584.7 7754.07 8372.83 9791.69 12860.1 21522.3 28332.2 42016.9 55563.5 20550.3
log_desv_Rt
 0.288431 0.341417 -0.393565 -0.358593 0.232253 -0.111004 0.651371 0.692883 1.19653 1.3291 0.787431 0.345821 0.429744 0.156434 -0.279841 -0.871654 -1.35591 -1.27914 -1.1226 -0.850001 -0.335044 -0.0601352 0.33394 0.613395 -0.381259
SSB
 806137 426642 358907 307547 250391 341968 403904 516903 474401 612165 707699 462535 261411 120404 56318.4 60342.6 60818.2 65724.1 71608.7 77512.1 112217 165659 226336 319456 454357
BT
 2.03832e+06 568841 710630 462699 456972 492247 1.16038e+06 1.05636e+06 1.32803e+06 1.3523e+06 1.30046e+06 851282 616821 349137 218987 127317 125175 138935 133652 167619 284533 269485 411500 609473 671642
Ftot
 0.296611 0.326688 0.736259 0.197748 0.0442925 0.621747 0.388241 0.697533 0.654187 0.421702 0.85562 0.875548 1.36553 2.60604 1.9367 0.863273 0.780211 0.672421 0.649194 0.676483 0.292831 0.346321 0.393663 0.359167 0.378689
BD_Bspro_t
 0.957636 0.754478 0.626679 0.407844 0.487351 0.625528 0.51773 0.542943 0.484148 0.490358 0.491057 0.319213 0.213323 0.125398 0.0690856 0.0838886 0.113328 0.16138 0.213833 0.277686 0.384982 0.546859 0.585017 0.592868 0.603793
BD_Bspro
 1.30308 0.689643 0.580154 0.497133 0.404743 0.552773 0.652889 0.835545 0.766844 0.989532 1.14396 0.747663 0.422556 0.194626 0.0910357 0.0975406 0.0983094 0.106239 0.115752 0.125294 0.181393 0.267779 0.36586 0.516383 0.734443
BD_Bo
 0.836098 0.442498 0.372246 0.318977 0.259697 0.354678 0.418915 0.536114 0.492032 0.634916 0.734001 0.479726 0.271126 0.124879 0.0584115 0.0625853 0.0630786 0.0681668 0.0742701 0.0803928 0.116387 0.171816 0.234748 0.331329 0.471243
BD_Brms
 4.06831 2.15312 1.81129 1.55209 1.26364 1.7258 2.03837 2.60864 2.39415 3.0894 3.57153 2.33427 1.31926 0.607638 0.284221 0.30453 0.30693 0.331688 0.361386 0.391178 0.566322 0.836028 1.14225 1.61219 2.29299
S_f
 0.5 1 1 1 1
 0.5 1 1 1 1
 0.5 1 1 1 1
 0.5 1 1 1 1
 0.5 1 1 1 1
 0.5 1 1 1 1
 0.5 1 1 1 1
 0.5 1 1 1 1
 0.5 1 1 1 1
 0.5 1 1 1 1
 0.5 1 1 1 1
 0.5 1 1 1 1
 0.5 1 1 1 1
 0.5 1 1 1 1
 0.5 1 1 1 1
 0.5 1 1 1 1
 0.5 1 1 1 1
 0.5 1 1 1 1
 0.5 1 1 1 1
 0.5 1 1 1 1
 0.5 1 1 1 1
 0.5 1 1 1 1
 0.5 1 1 1 1
 0.5 1 1 1 1
 0.5 1 1 1 1
Scru_reclas
 0.5 1 1 1 1
 0.5 1 1 1 1
 0.5 1 1 1 1
 0.5 1 1 1 1
 0.5 1 1 1 1
 0.5 1 1 1 1
 0.5 1 1 1 1
 0.5 1 1 1 1
 0.5 1 1 1 1
 0.5 1 1 1 1
 0.5 1 1 1 1
 0.5 1 1 1 1
 0.5 1 1 1 1
 0.5 1 1 1 1
 0.5 1 1 1 1
 0.5 1 1 1 1
 0.5 1 1 1 1
 0.5 1 1 1 1
 0.5 1 1 1 1
 0.5 1 1 1 1
 0.5 1 1 1 1
 0.5 1 1 1 1
 0.5 1 1 1 1
 0.5 1 1 1 1
 0.5 1 1 1 1
Scru_pelaces
 0.5 1 1 1 1
 0.5 1 1 1 1
 0.5 1 1 1 1
 0.5 1 1 1 1
 0.5 1 1 1 1
 0.5 1 1 1 1
 0.5 1 1 1 1
 0.5 1 1 1 1
 0.5 1 1 1 1
 0.5 1 1 1 1
 0.5 1 1 1 1
 0.5 1 1 1 1
 0.5 1 1 1 1
 0.5 1 1 1 1
 0.5 1 1 1 1
 0.5 1 1 1 1
 0.5 1 1 1 1
 0.5 1 1 1 1
 0.5 1 1 1 1
 0.5 1 1 1 1
 0.5 1 1 1 1
 0.5 1 1 1 1
 0.5 1 1 1 1
 0.5 1 1 1 1
 0.5 1 1 1 1
pf_obs 
 0.256992 0.487395 0.22802 0.0275931 0
 0.321318 0.546541 0.124235 0.00734118 0.000564706
 0.182869 0.594174 0.210203 0.0122559 0.00049798
 0.330522 0.361315 0.267642 0.0388342 0.00168674
 0.649043 0.306663 0.0425973 0.00169635 0
 0.582887 0.30429 0.105238 0.00758474 0
 0.465427 0.430635 0.0974691 0.00646863 0
 0.296916 0.608066 0.0921331 0.00288517 0
 0.311714 0.524322 0.152257 0.0117073 0
 0.15457 0.633149 0.183074 0.0267441 0.00246327
 0.131901 0.49318 0.331252 0.0422183 0.00144891
 0.196976 0.569456 0.194076 0.0375587 0.00193317
 0.518974 0.381816 0.0799577 0.0180837 0.00116848
 0.0928022 0.601141 0.25162 0.0475244 0.00691264
 0.122501 0.610282 0.24278 0.0234846 0.000952079
 0.383417 0.481906 0.127806 0.00687128 0
 0.0376549 0.599619 0.316969 0.0457579 0
 0.0361596 0.667082 0.258105 0.0386534 0
 0.158088 0.579412 0.248529 0.0139706 0
 0.0477256 0.309471 0.559284 0.082774 0.000745712
 0.0406174 0.521527 0.379366 0.0568643 0.0016247
 0.151134 0.462217 0.34131 0.0453401 0
 0.294876 0.26143 0.354403 0.0886775 0.000613685
 0.281977 0.475581 0.204845 0.0348837 0.00271318
 0.0841818 0.532909 0.334909 0.0458182 0.00218182
pf_pred 
 0.431938 0.398805 0.151149 0.0181041 3.9946e-06
 0.451353 0.342102 0.145003 0.0549571 0.00658402
 0.297679 0.452218 0.155949 0.0661005 0.0280538
 0.446969 0.284293 0.173038 0.0596729 0.0360276
 0.561161 0.276913 0.08324 0.0506651 0.0280208
 0.374042 0.451569 0.110042 0.0330786 0.0312688
 0.65327 0.204507 0.1026 0.0250025 0.0146203
 0.542262 0.37002 0.0517378 0.0259566 0.0100241
 0.667439 0.247728 0.0685754 0.0095885 0.00666825
 0.590964 0.339465 0.0518244 0.0143459 0.00340089
 0.395686 0.462711 0.117518 0.0179409 0.00614369
 0.425822 0.361436 0.162892 0.041371 0.00847872
 0.589106 0.27099 0.0880677 0.0396905 0.0121464
 0.647081 0.287914 0.0428713 0.0139326 0.00820074
 0.748841 0.226306 0.0202755 0.00301909 0.00155867
 0.614881 0.353984 0.0280547 0.00251352 0.000567497
 0.473249 0.424532 0.093955 0.00744634 0.00081777
 0.560819 0.305058 0.108096 0.0239232 0.00210424
 0.587278 0.312611 0.0695377 0.0246404 0.00593293
 0.619088 0.29539 0.0647769 0.0144091 0.00633518
 0.667749 0.265528 0.0517427 0.0113468 0.00363371
 0.573264 0.347314 0.063473 0.0123688 0.00358101
 0.59055 0.306313 0.0839418 0.0153407 0.00385489
 0.571813 0.327067 0.0756485 0.0207306 0.00474063
 0.265114 0.549487 0.141615 0.0327548 0.0110287
pobs_RECLAS
 0 0 0 0 0
 0 0 0 0 0
 0 0 0 0 0
 0 0 0 0 0
 0.835266 0.146461 0.0176864 0.000547809 3.91292e-05
 0.385257 0.428462 0.181853 0.0044286 0
 0.867414 0.0963971 0.0333333 0.00285562 0
 0.441836 0.489002 0.0689373 0.000224442 0
 0.779404 0.147425 0.0564933 0.0165055 0.000172143
 0.814271 0.122319 0.05973 0.00367925 0
 0.40263 0.566651 0.0304383 0.000280538 0
 0.475488 0.404961 0.113038 0.00651328 0
 0.955842 0.0263864 0.0167828 0.000988607 0
 0.975058 0.0227948 0.00214734 0 0
 0.738997 0.206755 0.0527124 0.00153531 0
 0.850938 0.134255 0.0134407 0.00136685 0
 0.542534 0.407297 0.0501686 0 0
 0.764087 0.199537 0.0359546 0.000420521 0
 0.470689 0.182191 0.310203 0.0369168 0
 0.84361 0.089868 0.0606195 0.00523954 0.000663233
 0.607945 0.314616 0.071237 0.00620181 0
 0.523733 0.453247 0.0230204 0 0
 0.530135 0.295979 0.169645 0.0042399 0
 0.562478 0.366248 0.0663022 0.0049721 0
 0.250443 0.683176 0.0655157 0.000865301 0
ppred_RECLAS
 0.434698 0.396867 0.150415 0.0180162 3.97519e-06
 0.454494 0.340144 0.144173 0.0546425 0.00654634
 0.305563 0.447142 0.154198 0.0653586 0.0277389
 0.448677 0.283415 0.172504 0.0594886 0.0359163
 0.561491 0.276705 0.0831773 0.0506269 0.0279997
 0.380983 0.446561 0.108822 0.0327118 0.0309221
 0.656834 0.202405 0.101546 0.0247454 0.01447
 0.550856 0.363073 0.0507664 0.0254693 0.00983586
 0.674438 0.242515 0.0671323 0.00938672 0.00652793
 0.5952 0.335949 0.0512877 0.0141973 0.00336567
 0.406839 0.454172 0.115349 0.0176098 0.0060303
 0.437599 0.354023 0.159552 0.0405225 0.00830482
 0.611513 0.256212 0.0832651 0.0375261 0.011484
 0.703546 0.24185 0.0360122 0.0117034 0.00688868
 0.777918 0.200106 0.0179282 0.00266957 0.00137822
 0.625955 0.343804 0.027248 0.00244124 0.000551178
 0.483391 0.416358 0.0921459 0.00730296 0.000802023
 0.568915 0.299434 0.106103 0.0234822 0.00206545
 0.594859 0.306869 0.0682605 0.0241878 0.00582396
 0.62689 0.28934 0.0634501 0.014114 0.00620542
 0.6702 0.263569 0.0513611 0.0112631 0.00360692
 0.576597 0.344601 0.0629772 0.0122722 0.00355304
 0.594427 0.303412 0.0831469 0.0151954 0.00381839
 0.575307 0.324399 0.0750313 0.0205615 0.00470195
 0.268102 0.547253 0.14104 0.0326216 0.0109839
pobs_PELACES
 0 0 0 0 0
 0 0 0 0 0
 0 0 0 0 0
 0 0 0 0 0
 0 0 0 0 0
 0 0 0 0 0
 0 0 0 0 0
 0 0 0 0 0
 0 0 0 0 0
 0 0 0 0 0
 0.450072 0.473896 0.0757376 0.000293798 0
 0 0 0 0 0
 0.463077 0.371075 0.160297 0.00555027 0
 0.529543 0.364841 0.0842815 0.0213345 0
 0.631943 0.363953 0.00410389 0 0
 0.735681 0.248677 0.0153453 0.000297389 0
 0.695825 0.281241 0.0229344 0 0
 0.275771 0.60734 0.115278 0.00161068 0
 0 0 0 0 0
 0.896147 0.0623911 0.0374545 0.00400742 0
 0.803859 0.145111 0.0509908 3.86294e-05 0
 0.739449 0.233085 0.0266225 0.000797448 4.60066e-05
 0.878498 0.100942 0.0204185 0.000141795 0
 0.694673 0.275183 0.0284847 0.00165964 0
 0.469039 0.446079 0.0841089 0.000773354 0
ppred_PELACES
 0.446761 0.388398 0.147205 0.0176317 3.89036e-06
 0.467888 0.331792 0.140634 0.0533009 0.0063856
 0.331931 0.430163 0.148343 0.0628769 0.0266857
 0.456761 0.279259 0.169974 0.0586163 0.0353897
 0.56329 0.27557 0.0828362 0.0504193 0.0278849
 0.405454 0.428908 0.10452 0.0314186 0.0296997
 0.671125 0.193976 0.0973168 0.0237149 0.0138674
 0.579134 0.340213 0.0475701 0.0238657 0.00921658
 0.697678 0.225203 0.06234 0.00871664 0.00606192
 0.611848 0.322133 0.0491785 0.0136134 0.00322725
 0.441304 0.427782 0.108647 0.0165866 0.00567992
 0.473413 0.331478 0.149391 0.0379419 0.00777596
 0.663513 0.221917 0.0721199 0.0325031 0.00994687
 0.784864 0.17551 0.026134 0.00849317 0.00499911
 0.828229 0.154774 0.0138667 0.00206479 0.001066
 0.658663 0.31374 0.0248653 0.00222777 0.00050298
 0.515564 0.390428 0.0864074 0.00684816 0.000752076
 0.595892 0.280696 0.0994635 0.0220127 0.0019362
 0.62039 0.28753 0.0639588 0.0226635 0.00545694
 0.652607 0.269397 0.0590768 0.0131412 0.00577771
 0.68079 0.255106 0.0497118 0.0109014 0.00349109
 0.590483 0.333299 0.0609118 0.0118697 0.00343651
 0.609985 0.291773 0.0799572 0.0146125 0.00367191
 0.589718 0.313391 0.0724853 0.0198638 0.0045424
 0.280539 0.537954 0.138643 0.0320673 0.0107972
pobs_pel_tallas
 0 0 0 0 0 0 0 0 0 0 0 0 0 0 0 0 0 0 0 0 0 0 0 0 0 0 0 0 0 0 0 0 0 0 0 0
 0 0 0 0 0 0 0 0 0 0 0 0 0 0 0 0 0 0 0 0 0 0 0 0 0 0 0 0 0 0 0 0 0 0 0 0
 0 0 0 0 0 0 0 0 0 0 0 0 0 0 0 0 0 0 0 0 0 0 0 0 0 0 0 0 0 0 0 0 0 0 0 0
 0 0 0 0 0 0 0 0 0 0 0 0 0 0 0 0 0 0 0 0 0 0 0 0 0 0 0 0 0 0 0 0 0 0 0 0
 0 0 0 0 0 0 0 0 0 0 0 0 0 0 0 0 0 0 0 0 0 0 0 0 0 0 0 0 0 0 0 0 0 0 0 0
 0 0 0 0 0 0 0 0 0 0 0 0 0 0 0 0 0 0 0 0 0 0 0 0 0 0 0 0 0 0 0 0 0 0 0 0
 0 0 0 0 0 0 0 0 0 0 0 0 0 0 0 0 0 0 0 0 0 0 0 0 0 0 0 0 0 0 0 0 0 0 0 0
 0 0 0 0 0 0 0 0 0 0 0 0 0 0 0 0 0 0 0 0 0 0 0 0 0 0 0 0 0 0 0 0 0 0 0 0
 0 0 0 0 0 0 0 0 0 0 0 0 0 0 0 0 0 0 0 0 0 0 0 0 0 0 0 0 0 0 0 0 0 0 0 0
 0 0 0 0 0 0 0 0 0 0 0 0 0 0 0 0 0 0 0 0 0 0 0 0 0 0 0 0 0 0 0 0 0 0 0 0
 0 0 0 0 0 0 0 0 1.78061e-05 0.00172719 0.00360574 0.0105946 0.0120993 0.0124554 0.0147524 0.0171206 0.0266825 0.0428682 0.0675386 0.121331 0.153587 0.119568 0.100827 0.0573624 0.0630603 0.0341343 0.0324427 0.0444173 0.0211091 0.0280891 0.0125444 0.00206551 0 0 0 0
 0 0 0 0 0 0 0 0 0 0 0 0 0 0 0 0 0 0 0 0 0 0 0 0 0 0 0 0 0 0 0 0 0 0 0 0
 0 0 0 0 0 0 0.0133647 0.0140871 0.0187388 0.0205184 0.03894 0.0496705 0.03968 0.0493445 0.0407372 0.0367815 0.0215668 0.0243155 0.0234873 0.0199281 0.019796 0.0243948 0.0301388 0.0376714 0.0412746 0.0863199 0.0771752 0.113111 0.0741005 0.0525337 0.0229764 0.00759418 0.00175318 0 0 0
 0 0 0 0 0 0 0 0 0 0 0.00219441 0.00772107 0.0458388 0.0604681 0.0671733 0.0775358 0.0609151 0.0617685 0.073594 0.0568108 0.0755445 0.0548602 0.0670107 0.0636378 0.0643287 0.046367 0.0373049 0.0286899 0.0247887 0.0153202 0.00654259 0.00121912 0.000365735 0 0 0
 0 0 0 0 0 0 0 0 0 0 0 0 0.000112435 0.00938835 0.0111873 0.0202946 0.0414886 0.0713402 0.111592 0.104902 0.108894 0.110636 0.117776 0.105296 0.107544 0.0401394 0.0192827 0.0124803 0.00416011 0.0028671 0.000618394 0 0 0 0 0
 0 0 0 0 0 0 0 0 0 0 0.00291406 0.0102884 0.027416 0.0768956 0.0749926 0.110853 0.0956884 0.0897413 0.0766577 0.0534642 0.0500743 0.0551293 0.0594112 0.0620874 0.0668451 0.0424026 0.0208742 0.0120726 0.0048766 0.00582813 0.00118941 0.000297354 0 0 0 0
 0 0.00264628 0.0354308 0.0461629 0.0458689 0.0383711 0.0214643 0.0164657 0.0346957 0.0420465 0.0363128 0.0245516 0.0311673 0.0291091 0.0169068 0.0133784 0.00837989 0.0085269 0.0148486 0.0160247 0.0276389 0.0546898 0.0760071 0.122758 0.109233 0.0665981 0.0333725 0.0166128 0.00676272 0.00308733 0.000882094 0 0 0 0 0
 0 0 0 0 0 0 0 0.000805153 0.000690131 0.00759144 0.0133425 0.0154129 0.00931677 0.000345066 0.00356568 0.00563607 0.00851162 0.0253048 0.0502646 0.0516448 0.0657925 0.0565908 0.0611916 0.0827007 0.0866115 0.110766 0.145733 0.0935128 0.0569358 0.0249597 0.0138026 0.00621118 0.00161031 0.00115022 0 0
 0 0 0 0 0 0 0 0 0 0 0 0 0 0 0 0 0 0 0 0 0 0 0 0 0 0 0 0 0 0 0 0 0 0 0 0
 0.00147267 0.00158595 0.00478618 0.00569244 0.00954404 0.0108468 0.00647125 0.017049 0.0510054 0.094081 0.124002 0.0959785 0.0687766 0.0820023 0.061753 0.0591476 0.0492212 0.0479892 0.0443925 0.0268479 0.0217502 0.0140895 0.0121071 0.0120363 0.00920419 0.00665534 0.0049561 0.00860946 0.00930331 0.0156896 0.0114698 0.00855282 0.00243557 0.00046729 0 2.83206e-05
 0 0 0 0 0.000772559 0.00158375 0.000888443 0.00281984 0.00712685 0.0440552 0.0773331 0.111326 0.0921469 0.0852325 0.0710754 0.0886704 0.0786465 0.0553345 0.0373146 0.0185414 0.00753245 0.00457741 0.012979 0.0271748 0.0457355 0.0583668 0.034881 0.0177882 0.00938659 0.00492506 0.0015258 0.00185414 0.000309023 5.79419e-05 3.86279e-05 0
 0 0.00173294 0.00326652 0 0.00397197 0.00683976 0.00946217 0.0152591 0.00757587 0.0136028 0.0228656 0.0392903 0.0559909 0.0764795 0.0681675 0.0726916 0.0566044 0.0477403 0.0527397 0.0444891 0.0609904 0.0582453 0.0661739 0.0445044 0.0529084 0.0360697 0.0280645 0.0235558 0.0158879 0.00826598 0.00280645 0.00217768 0.000904811 0.00058276 9.20147e-05 0
 0 0 0 0 0 0 0 0 0 0 0 0 0 0 0 0 0 0 0 0 0 0 0 0 0 0 0 0 0 0 0 0 0 0 0 0
 0 0 0 0 0 0 0 0 0 0 0 0 0 0 0 0 0 0 0 0 0 0 0 0 0 0 0 0 0 0 0 0 0 0 0 0
 0 0 0 0 0 0 0 0 0 0 0 0 0 0 0 0 0 0 0 0 0 0 0 0 0 0 0 0 0 0 0 0 0 0 0 0
ppred_pel_tallas
 1.02823e-16 1.95096e-05 0.000114463 0.000544018 0.00209435 0.00653091 0.0164969 0.0337571 0.0559651 0.0751866 0.081889 0.072401 0.0521961 0.0312075 0.0165408 0.00966848 0.00860014 0.0109329 0.0151528 0.0204815 0.0263895 0.0323195 0.0376458 0.0417617 0.0442036 0.0447508 0.0434659 0.0406582 0.0367915 0.0323671 0.0278221 0.0234711 0.0194948 0.0159649 0.012885 0.0102289
 1.04235e-16 2.04285e-05 0.000119863 0.000569702 0.00219326 0.00683937 0.017276 0.0353508 0.0586049 0.0787264 0.0857269 0.0757527 0.054522 0.0324172 0.0168526 0.00933875 0.00776135 0.00958536 0.0132296 0.0179171 0.0231703 0.0285161 0.0334272 0.0373881 0.0399969 0.0410488 0.0405694 0.0387855 0.0360488 0.0327417 0.0291965 0.0256511 0.0222445 0.0190396 0.0160588 0.0133122
 1.05654e-16 1.45041e-05 8.50728e-05 0.000404285 0.00155633 0.00485309 0.0122589 0.0250863 0.0415944 0.0558937 0.060912 0.0539394 0.0390715 0.0237314 0.0132567 0.00881073 0.00898581 0.0120521 0.0169025 0.022919 0.0295987 0.0363543 0.0425094 0.0474036 0.0505306 0.0516454 0.0508065 0.0483339 0.0447064 0.0404345 0.0359529 0.0315613 0.0274197 0.0235814 0.0200437 0.01679
 1.06172e-16 1.99411e-05 0.000117007 0.000556134 0.00214104 0.00667653 0.0168646 0.0345087 0.0572078 0.076846 0.0836702 0.0739136 0.0531513 0.0315084 0.0162097 0.00871563 0.00695095 0.00843832 0.0116472 0.0158535 0.0206478 0.0256431 0.0304048 0.0344971 0.0375643 0.0393983 0.0399676 0.0393967 0.0379093 0.0357583 0.0331681 0.0303047 0.0272774 0.0241587 0.0210097 0.0178975
 1.04302e-16 2.4586e-05 0.000144277 0.000685781 0.00264022 0.0082332 0.0207966 0.0425537 0.0705421 0.0947501 0.103144 0.0910675 0.0653799 0.0385417 0.0194272 0.00979215 0.00702744 0.00803073 0.0108815 0.0146798 0.0189496 0.0232807 0.0272367 0.0303985 0.0324467 0.0332295 0.0327876 0.0313267 0.02915 0.0265771 0.0238744 0.0212197 0.0187 0.0163362 0.0141169 0.0120276
 1.04091e-16 1.77099e-05 0.000103894 0.000493764 0.00190085 0.00592747 0.0149727 0.0306388 0.0507976 0.068251 0.074353 0.0657805 0.0475153 0.0285931 0.0154907 0.00957668 0.0090759 0.0118283 0.0164586 0.0222269 0.0285832 0.0349209 0.0405576 0.0448387 0.0472763 0.0476581 0.046088 0.04294 0.0387499 0.0340795 0.0294016 0.0250353 0.0211367 0.0177345 0.0147833 0.0122134
 1.02908e-16 2.92849e-05 0.000171871 0.000816982 0.0031454 0.00980861 0.0247758 0.050695 0.0840339 0.112859 0.122825 0.108367 0.0776305 0.0454234 0.0222663 0.0101902 0.00602517 0.00603124 0.00791363 0.0106499 0.0137883 0.0170135 0.020011 0.0224766 0.0241704 0.0249643 0.0248617 0.0239816 0.0225162 0.0206771 0.0186502 0.0165712 0.0145232 0.0125497 0.0106738 0.00891334
 1.02037e-16 2.52795e-05 0.000148343 0.000705096 0.00271456 0.00846502 0.0213822 0.0437525 0.0725308 0.0974256 0.106068 0.0936771 0.0673136 0.0398021 0.0202832 0.0105805 0.00802572 0.00943287 0.012811 0.0171913 0.0220123 0.0267568 0.0308745 0.0338484 0.0353037 0.0350946 0.0333352 0.0303604 0.0266348 0.0226398 0.0187771 0.0153125 0.0123679 0.00994918 0.007992 0.00640622
 1.01542e-16 3.04439e-05 0.000178673 0.000849313 0.00326987 0.0101968 0.0257563 0.0527013 0.0873603 0.117328 0.127692 0.112671 0.0807349 0.0472815 0.0232533 0.0107662 0.00652742 0.00664532 0.00872162 0.0116689 0.0149814 0.0182872 0.0212156 0.0234178 0.0246342 0.0247507 0.023821 0.0220434 0.0197039 0.0171058 0.0145083 0.0120907 0.0099472 0.00810228 0.00653795 0.00521875
 1.01422e-16 2.67052e-05 0.000156715 0.000744901 0.00286783 0.00894298 0.0225895 0.0462225 0.0766243 0.102921 0.112041 0.098931 0.0710417 0.0419116 0.0211829 0.0107651 0.00782206 0.00897501 0.0121182 0.0162415 0.0207826 0.025243 0.0290976 0.031854 0.0331557 0.032864 0.0310883 0.0281495 0.0244935 0.0205849 0.0168137 0.0134417 0.0105928 0.00827875 0.00644102 0.00499258
 1.02517e-16 1.92731e-05 0.000113072 0.000537395 0.00206884 0.00645134 0.0162959 0.0333463 0.0552851 0.0742766 0.0809073 0.0715555 0.051635 0.0309688 0.0165896 0.00996738 0.0091496 0.0117686 0.0163204 0.0220083 0.0282602 0.0344596 0.0399175 0.0439747 0.0461413 0.0462071 0.0442831 0.0407571 0.0361844 0.031152 0.0261607 0.0215563 0.0175178 0.0140878 0.0112248 0.00885139
 1.03896e-16 2.06694e-05 0.000121278 0.000576427 0.00221915 0.00692011 0.0174799 0.035768 0.0592966 0.0796551 0.0867371 0.076643 0.0551575 0.0327844 0.017024 0.00940253 0.00777888 0.00958636 0.0132245 0.0179079 0.0231557 0.0284931 0.0333909 0.0373312 0.0399094 0.0409182 0.0403817 0.0385264 0.0357066 0.0323093 0.0286739 0.025047 0.0215758 0.0183306 0.015338 0.0126091
 1.02678e-16 2.8954e-05 0.000169926 0.00080773 0.00310977 0.00969749 0.0244952 0.050121 0.0830833 0.111585 0.121444 0.107164 0.0768029 0.0450068 0.0221876 0.0103638 0.0064115 0.00663742 0.0087679 0.0117738 0.0151756 0.0186174 0.0217396 0.0242005 0.02574 0.0262347 0.0257189 0.0243634 0.0224211 0.0201612 0.0178128 0.0155335 0.0134067 0.0114588 0.00968493 0.00807191
 1.00954e-16 3.42435e-05 0.000200985 0.000955396 0.00367834 0.0114706 0.0289737 0.059284 0.0982696 0.131973 0.14361 0.126669 0.0906631 0.0528888 0.0256246 0.0112123 0.00590854 0.00530506 0.00669476 0.00887806 0.0113491 0.0137899 0.0159063 0.0174299 0.0181665 0.0180406 0.0171113 0.0155518 0.0136032 0.0115156 0.00949845 0.00769108 0.0061584 0.00490486 0.00389791 0.00309068
 1.00369e-16 3.61336e-05 0.000212083 0.00100816 0.00388151 0.0121042 0.0305741 0.0625584 0.103696 0.139257 0.15153 0.133636 0.0956092 0.0556927 0.0268302 0.011478 0.00567014 0.00474258 0.00583434 0.00768786 0.00979278 0.011851 0.0135988 0.014799 0.0152838 0.0149935 0.0139901 0.0124392 0.0105671 0.00860762 0.00675596 0.0051416 0.00382312 0.00280063 0.00203708 0.00147969
 1.00556e-16 2.87462e-05 0.000168698 0.000801873 0.00308719 0.00962705 0.0243173 0.0497578 0.0824837 0.110788 0.120597 0.106464 0.0764052 0.0449828 0.0225625 0.0111815 0.00776753 0.00866717 0.0116053 0.0154996 0.0197666 0.0239074 0.0274062 0.0297853 0.0307059 0.0300493 0.027945 0.0247334 0.0208783 0.0168589 0.013075 0.00979167 0.00712856 0.0050847 0.0035821 0.0025096
 1.01625e-16 2.25097e-05 0.000132077 0.000627754 0.00241676 0.00753632 0.0190364 0.0389533 0.0645776 0.0867509 0.0944679 0.0834837 0.0601013 0.0357636 0.0186426 0.010403 0.00871085 0.0107598 0.0147827 0.0198846 0.0254877 0.0310128 0.0358261 0.0393259 0.0410698 0.0408753 0.0388582 0.0353901 0.0309977 0.0262354 0.0215754 0.0173427 0.0137027 0.0106891 0.00825226 0.00630528
 1.02351e-16 2.60079e-05 0.000152624 0.000725462 0.002793 0.00870963 0.022 0.0450161 0.0746237 0.100231 0.109107 0.0963256 0.069139 0.0407258 0.0204683 0.0102178 0.00720623 0.00814456 0.0109952 0.0148033 0.0190658 0.0233527 0.0272086 0.0301967 0.0319843 0.0324144 0.0315339 0.0295663 0.026845 0.023728 0.0205252 0.0174565 0.0146451 0.0121364 0.00992874 0.00800165
 1.02036e-16 2.70763e-05 0.000158897 0.000755281 0.0029078 0.00906765 0.0229043 0.0468665 0.0776908 0.10435 0.113588 0.100277 0.0719632 0.0423653 0.0212469 0.010529 0.00732267 0.00819495 0.0110162 0.0147851 0.0189744 0.0231372 0.0268065 0.0295411 0.0310151 0.0310906 0.0298446 0.0275385 0.0245442 0.0212519 0.0179915 0.0149869 0.0123493 0.0100995 0.00820393 0.00660822
 1.01648e-16 2.84804e-05 0.000167141 0.000794481 0.00305874 0.00953835 0.0240932 0.0492989 0.0817221 0.109761 0.119471 0.10545 0.0756332 0.0444399 0.0221279 0.0107021 0.00710754 0.00772113 0.0102995 0.0138004 0.0176961 0.0215588 0.0249481 0.0274498 0.0287592 0.0287487 0.0274943 0.0252459 0.0223582 0.0192033 0.0160966 0.0132526 0.0107784 0.0086938 0.00696484 0.00553626
 1.01327e-16 2.97087e-05 0.000174354 0.000828774 0.00319078 0.00995011 0.0251333 0.0514269 0.0852487 0.114495 0.124617 0.109977 0.078846 0.0462591 0.022906 0.0108657 0.00693825 0.00733403 0.00970978 0.0129859 0.0166327 0.0202368 0.0233791 0.0256677 0.026816 0.0267077 0.0254206 0.0231986 0.0203852 0.0173399 0.0143666 0.0116711 0.00935482 0.00743334 0.00586934 0.00460375
 1.01542e-16 2.57741e-05 0.000151247 0.000718905 0.00276773 0.00863083 0.021801 0.0446093 0.0739509 0.0993319 0.10814 0.0954999 0.0686073 0.0405347 0.020597 0.0106479 0.00796152 0.00928579 0.012591 0.0168952 0.0216374 0.0263074 0.0303625 0.0332918 0.0347225 0.0345054 0.0327466 0.0297702 0.0260309 0.0220038 0.0180903 0.0145622 0.011552 0.00907843 0.00708897 0.0055015
 1.01904e-16 2.66229e-05 0.000156234 0.00074262 0.00285905 0.00891563 0.0225203 0.0460808 0.0763888 0.102602 0.111688 0.0986051 0.0707767 0.0416931 0.0209588 0.0104678 0.00738497 0.00833965 0.0112401 0.0151004 0.0193949 0.0236728 0.0274587 0.0303016 0.031865 0.0320014 0.0307806 0.0284602 0.0254115 0.0220284 0.0186477 0.015503 0.012717 0.0103223 0.00829589 0.00659194
 1.02026e-16 2.57399e-05 0.000151048 0.000717964 0.00276411 0.00861956 0.0217725 0.0445509 0.0738535 0.0991995 0.107992 0.0953591 0.0684849 0.0404198 0.0204605 0.0104517 0.00766535 0.0088514 0.0119871 0.0161052 0.0206684 0.025198 0.0291853 0.0321486 0.0337317 0.0337834 0.0323877 0.0298305 0.0265188 0.0228811 0.0192808 0.0159661 0.013062 0.0105944 0.00852789 0.00680342
 1.0375e-16 1.22675e-05 7.19324e-05 0.000341791 0.00131568 0.0041026 0.0103634 0.0212087 0.0351703 0.0472767 0.0515624 0.0457576 0.033357 0.020683 0.0123113 0.00930044 0.0105326 0.0145932 0.0205419 0.027775 0.0356983 0.043569 0.0505287 0.0557508 0.0586186 0.0588642 0.0566208 0.0523661 0.0467866 0.0406071 0.034445 0.0287248 0.023665 0.0193179 0.0156344 0.012525
pSPR Fmed_Fpbrs
0.370333   0.255515 0.255515
Fs Fmed_Fpbrs
0.64   1.005 1.005
SSBpbr Bo_Bmed_Bpbrs
964166  308854  198150 198150
Ro
30088.2
SPR SPRFo_SPRFmed_SPRFpbrs
618641 229103 158072
log_Ro
10.1319
likeval ReclasPelacesDesembMPH_pf_preclas_ppelaces_ptallas_desvR_qrecl_qpela
 61.5669 0.00255741 0.0198088 58.0649 380.932 184.995 51.2016 0 17.563 0 0 0 0 0 0
q_reclas_q_pelaces
1 1
M
0.7
N
 40147.6 19737.5 7480.61 896.001 0.197699
 42332.3 17188.8 7285.65 2761.3 330.812
 20298.9 17853.6 6156.88 2609.66 1107.57
 21021.4 6975.74 4245.87 1464.2 884.015
 37954.4 9456.15 2842.52 1730.13 956.866
 26927 18434.8 4492.34 1350.39 1276.51
 57714.2 9798.75 4915.99 1197.97 700.515
 60160.5 23603.2 3300.3 1655.75 639.425
 99550.4 21078.4 5834.86 815.854 567.38
 113662 35643.6 5441.54 1506.31 357.092
 66126.1 45712.9 11610 1772.44 606.956
 42519.1 21407.8 9648.08 2450.39 502.193
 46241.5 13628.7 4429.14 1996.13 610.872
 35183.1 11601.3 1727.46 561.4 330.442
 22743.8 4747.16 425.314 63.3306 32.6959
 12584.7 4288.53 339.884 30.4514 6.87525
 7754.07 4058.61 898.229 71.1886 7.81804
 8372.83 2606.77 923.699 204.428 17.9811
 9791.69 2970.65 660.798 234.151 56.379
 12860.1 3514.64 770.734 171.444 75.3778
 21522.3 4553.48 887.324 194.583 62.3138
 28332.2 9231.98 1687.18 328.777 95.1871
 42016.9 11832.3 3242.53 592.585 148.908
 55563.5 17137 3963.68 1086.2 248.39
 20550.3 23056.4 5942.17 1374.39 462.763
pred_Ctot
 4013.8 3705.9 1404.56 168.233 0.0371199
 4631.35 3510.32 1487.88 563.916 67.5588
 4591.81 6975.64 2405.57 1019.63 432.741
 1431.39 910.431 554.146 191.099 115.376
 598.613 295.394 88.7954 54.0465 29.8909
 5267.43 6359.21 1549.66 465.828 440.343
 7405.77 2318.39 1163.13 283.44 165.742
 12996.7 8868.5 1240.03 622.118 240.253
 20352.1 7553.92 2091.05 292.38 203.333
 15729.4 9035.4 1379.39 381.838 90.5201
 16962.9 19836.3 5037.97 769.122 263.378
 11116 9435.19 4252.27 1079.98 221.335
 17104.2 7867.96 2556.97 1152.38 352.661
 19799.4 8809.62 1311.78 426.309 250.927
 10711.9 3237.22 290.033 43.1869 22.2962
 3252.06 1872.2 148.38 13.2938 3.00145
 1842.01 1652.4 365.699 28.9832 3.18298
 1752.8 953.435 337.846 74.7701 6.57664
 1988.6 1058.54 235.463 83.4354 20.0896
 2706.17 1291.21 283.153 62.9852 27.6924
 2126.01 845.4 164.741 36.1264 11.5692
 3272.15 1982.45 362.3 70.6005 20.4402
 5460.5 2832.32 776.166 141.848 35.6442
 6636.94 3796.21 878.039 240.617 55.0237
 2577.33 5341.89 1376.73 318.428 107.217
F
 0.148306 0.296611 0.296611 0.296611 0.296611
 0.163344 0.326688 0.326688 0.326688 0.326688
 0.368129 0.736259 0.736259 0.736259 0.736259
 0.0988742 0.197748 0.197748 0.197748 0.197748
 0.0221463 0.0442925 0.0442925 0.0442925 0.0442925
 0.310873 0.621747 0.621747 0.621747 0.621747
 0.194121 0.388241 0.388241 0.388241 0.388241
 0.348767 0.697533 0.697533 0.697533 0.697533
 0.327093 0.654187 0.654187 0.654187 0.654187
 0.210851 0.421702 0.421702 0.421702 0.421702
 0.42781 0.85562 0.85562 0.85562 0.85562
 0.437774 0.875548 0.875548 0.875548 0.875548
 0.682763 1.36553 1.36553 1.36553 1.36553
 1.30302 2.60604 2.60604 2.60604 2.60604
 0.968348 1.9367 1.9367 1.9367 1.9367
 0.431637 0.863273 0.863273 0.863273 0.863273
 0.390105 0.780211 0.780211 0.780211 0.780211
 0.33621 0.672421 0.672421 0.672421 0.672421
 0.324597 0.649194 0.649194 0.649194 0.649194
 0.338241 0.676483 0.676483 0.676483 0.676483
 0.146415 0.292831 0.292831 0.292831 0.292831
 0.173161 0.346321 0.346321 0.346321 0.346321
 0.196832 0.393663 0.393663 0.393663 0.393663
 0.179583 0.359167 0.359167 0.359167 0.359167
 0.189344 0.378689 0.378689 0.378689 0.378689
Np
 20478.1 6152.49 1535 1425.12 434.049
YTP_r0W_actual
 67283.7 244642 94574.7 27243.7 9552.53
YTP_p0W_proyectada
 49088.4 87973 118732 39078.4 13441.1
 49088.4 64094.5 23246.3 27562 9315.67
CTP_r0_actual
 6007.47 11120.1 2865.9 662.864 223.19
CTP_p0_proyectada
 5986.39 4072.83 3781.28 974.524 302.047
 5986.39 2967.34 740.327 687.333 209.341
Wmedp
 8.2 21.6 31.4 40.1 44.5
nmprior
 10.8 10.6 4.6 0
nm_flota  nm_reclas  nm_pelaces    nm_pelaL
inf 21.043 11.4962 23.9179
cv_recla  cv_pelaces  cv_mph
0.709739 1.9114 0.634025
 ------------------------------------------------
Talla a la edad & desviaci?n 
 7.2 14.2025 17.0495 18.207 18.6776
 1.08 2.13037 2.55742 2.73105 2.80164
