years
 1997 1998 1999 2000 2001 2002 2003 2004 2005 2006 2007 2008 2009 2010 2011 2012 2013 2014 2015 2016 2017 2018 2019
reclasobs
 0 0 0 370054 412103 1.49427e+06 250295 1.28982e+06 931140 785840 897777 1.04006e+06 184774 17550 25797 100020 73551 82996 120727 218422 84188 347160 605670
reclaspred
 489237 125795 314139 201554 305598 360191 776506 557696 728080 792112 686536 471172 263937 101157 72033.8 71856.8 78171.2 103258 115424 152005 244664 269021 519020
pelacesobs
 0 0 0 0 0 0 0 0 0 2.06254e+06 1.5e+06 0 1.87456e+06 323000 250000 174000 83755 137374 0 501740 490994 745055 786931
pelacespred
 1.58994e+06 413454 537642 609989 813752 760259 1.82355e+06 1.55122e+06 1.84195e+06 2.11211e+06 1.58493e+06 1.12383e+06 587636 170740 127034 148676 166460 228364 265207 334555 630262 685200 1.05975e+06
mphobs
 0 0 0 0 0 0 112323 0 153150 637223 0 255016 313432 73983 77613 109348 50772 17779 17303 59886 28197 0 207744
mphpred
 178141 97591.8 107171 98712.7 107850 171384 235919 299326 284328 355835 363866 252329 145475 102118 48708 45066.7 44604.5 56685.2 31000.6 33779.8 53447.1 75698.9 108449
desembarqueobs
 350755 77701 442110 56441 14545 235359 269955 359681 431902 328805 639364 411747 362871 311530 167758 66681 60226 58785 57116 73181 50977 67692 138656
desembarquepred
 350760 77698.8 442083 56445 14545.4 235494 270030 359634 431852 328808 639386 411816 363097 311453 167538 66681.1 60262.8 58785.9 57098.5 73183.4 50976.9 67678 138649
Reclutas
 35842.3 43463 20916.9 28685.6 48291 33126.1 69166.6 71482.4 114852 114488 64554.8 43372.5 41303 28353.2 16396.9 12716.6 8853.56 11358.4 12623.9 17896.5 29907.3 45567.6 66988.9
log_desv_Rt
 0.0612384 0.254021 -0.477333 -0.161495 0.359355 -0.0175684 0.718629 0.751562 1.22575 1.22258 0.649625 0.251937 0.203045 -0.173149 -0.720795 -0.974983 -1.33707 -1.08793 -0.982297 -0.633285 -0.119786 0.301307 0.686638
SSB
 435400 238527 261939 241266 263600 418886 558889 721754 676675 850700 889334 616724 369745 167608 83954.5 77082.7 80118.9 96206 122082 141143 208917 287933 424371
BT
 1.51643e+06 366498 620129 429307 519866 598023 1.47871e+06 1.38812e+06 1.69734e+06 1.64291e+06 1.51813e+06 1.04203e+06 736772 410784 233420 149750 156304 195804 205169 270052 455019 453858 721006
Ftot
 1.04097 0.953254 1.66409 0.373146 0.0685871 0.707405 0.483086 0.914587 0.950604 0.589411 1.05969 0.948023 1.62195 3.79805 3.64467 1.31617 1.05197 0.784399 0.626186 0.645899 0.30328 0.326345 0.327137
BD_Bspro_t
 0.906397 0.631086 0.547979 0.356531 0.502578 0.670754 0.600129 0.628653 0.577947 0.584925 0.562466 0.401797 0.290183 0.175048 0.108871 0.120711 0.167865 0.254994 0.357755 0.451239 0.577465 0.711993 0.752844
BD_Bspro
 0.626568 0.343255 0.376947 0.347198 0.379337 0.602803 0.804277 1.03865 0.973778 1.22421 1.27981 0.887505 0.532086 0.241198 0.120816 0.110927 0.115296 0.138446 0.175684 0.203113 0.300644 0.414354 0.610696
BD_Bo
 0.57542 0.315235 0.346176 0.318856 0.348371 0.553595 0.738623 0.953863 0.894287 1.12428 1.17534 0.815057 0.488652 0.221509 0.110953 0.101872 0.105884 0.127145 0.161342 0.186533 0.276102 0.380529 0.560845
BD_Brms
 1.55383 0.85124 0.934791 0.861016 0.940718 1.49489 1.99453 2.57575 2.41487 3.03593 3.1738 2.20093 1.31952 0.598149 0.299611 0.275088 0.285923 0.343334 0.435679 0.503702 0.745569 1.02756 1.51447
S_f
 0.0955024 0.667347 0.974435 0.998621 0.999927
 0.0955024 0.667347 0.974435 0.998621 0.999927
 0.0955024 0.667347 0.974435 0.998621 0.999927
 0.0955024 0.667347 0.974435 0.998621 0.999927
 0.0955024 0.667347 0.974435 0.998621 0.999927
 0.0955024 0.667347 0.974435 0.998621 0.999927
 0.0955024 0.667347 0.974435 0.998621 0.999927
 0.0955024 0.667347 0.974435 0.998621 0.999927
 0.0955024 0.667347 0.974435 0.998621 0.999927
 0.0955024 0.667347 0.974435 0.998621 0.999927
 0.0955024 0.667347 0.974435 0.998621 0.999927
 0.0955024 0.667347 0.974435 0.998621 0.999927
 0.0955024 0.667347 0.974435 0.998621 0.999927
 0.0955024 0.667347 0.974435 0.998621 0.999927
 0.0955024 0.667347 0.974435 0.998621 0.999927
 0.0955024 0.667347 0.974435 0.998621 0.999927
 0.0955024 0.667347 0.974435 0.998621 0.999927
 0.0955024 0.667347 0.974435 0.998621 0.999927
 0.0955024 0.667347 0.974435 0.998621 0.999927
 0.0955024 0.667347 0.974435 0.998621 0.999927
 0.0955024 0.667347 0.974435 0.998621 0.999927
 0.0955024 0.667347 0.974435 0.998621 0.999927
 0.0955024 0.667347 0.974435 0.998621 0.999927
Scru_reclas
 0.581977 0.875101 0.972422 0.994396 0.998882
 0.581977 0.875101 0.972422 0.994396 0.998882
 0.581977 0.875101 0.972422 0.994396 0.998882
 0.581977 0.875101 0.972422 0.994396 0.998882
 0.581977 0.875101 0.972422 0.994396 0.998882
 0.581977 0.875101 0.972422 0.994396 0.998882
 0.581977 0.875101 0.972422 0.994396 0.998882
 0.581977 0.875101 0.972422 0.994396 0.998882
 0.581977 0.875101 0.972422 0.994396 0.998882
 0.581977 0.875101 0.972422 0.994396 0.998882
 0.581977 0.875101 0.972422 0.994396 0.998882
 0.581977 0.875101 0.972422 0.994396 0.998882
 0.581977 0.875101 0.972422 0.994396 0.998882
 0.581977 0.875101 0.972422 0.994396 0.998882
 0.581977 0.875101 0.972422 0.994396 0.998882
 0.581977 0.875101 0.972422 0.994396 0.998882
 0.581977 0.875101 0.972422 0.994396 0.998882
 0.581977 0.875101 0.972422 0.994396 0.998882
 0.581977 0.875101 0.972422 0.994396 0.998882
 0.581977 0.875101 0.972422 0.994396 0.998882
 0.581977 0.875101 0.972422 0.994396 0.998882
 0.581977 0.875101 0.972422 0.994396 0.998882
 0.581977 0.875101 0.972422 0.994396 0.998882
Scru_pelaces
 0.543653 1 1 1 1
 0.543653 1 1 1 1
 0.543653 1 1 1 1
 0.543653 1 1 1 1
 0.543653 1 1 1 1
 0.543653 1 1 1 1
 0.543653 1 1 1 1
 0.543653 1 1 1 1
 0.543653 1 1 1 1
 0.543653 1 1 1 1
 0.543653 1 1 1 1
 0.543653 1 1 1 1
 0.543653 1 1 1 1
 0.543653 1 1 1 1
 0.543653 1 1 1 1
 0.543653 1 1 1 1
 0.543653 1 1 1 1
 0.543653 1 1 1 1
 0.543653 1 1 1 1
 0.543653 1 1 1 1
 0.543653 1 1 1 1
 0.543653 1 1 1 1
 0.543653 1 1 1 1
pf_obs 
 0.256992 0.487395 0.22802 0.0275931 0
 0.321318 0.546541 0.124235 0.00734118 0.000564706
 0.182869 0.594174 0.210203 0.0122559 0.00049798
 0.330522 0.361315 0.267642 0.0388342 0.00168674
 0.649043 0.306663 0.0425973 0.00169635 0
 0.582887 0.30429 0.105238 0.00758474 0
 0.465427 0.430635 0.0974691 0.00646863 0
 0.296916 0.608066 0.0921331 0.00288517 0
 0.311714 0.524322 0.152257 0.0117073 0
 0.15457 0.633149 0.183074 0.0267441 0.00246327
 0.131901 0.49318 0.331252 0.0422183 0.00144891
 0.196976 0.569456 0.194076 0.0375587 0.00193317
 0.518974 0.381816 0.0799577 0.0180837 0.00116848
 0.0928022 0.601141 0.25162 0.0475244 0.00691264
 0.122501 0.610282 0.24278 0.0234846 0.000952079
 0.383417 0.481906 0.127806 0.00687128 0
 0.0376549 0.599619 0.316969 0.0457579 0
 0.0361596 0.667082 0.258105 0.0386534 0
 0.158088 0.579412 0.248529 0.0139706 0
 0.0477256 0.309471 0.559284 0.082774 0.000745712
 0.0406174 0.521527 0.379366 0.0568643 0.0016247
 0.151134 0.462217 0.34131 0.0453401 0
 0.294876 0.26143 0.354403 0.0886775 0.000613685
pf_pred 
 0.295999 0.48017 0.199889 0.0239288 1.31715e-05
 0.275726 0.570313 0.121749 0.0288871 0.00332528
 0.144649 0.655545 0.173023 0.021349 0.00543426
 0.242928 0.478316 0.242182 0.0318855 0.00468886
 0.25447 0.497502 0.17961 0.0596627 0.00875487
 0.136528 0.578806 0.212249 0.0527966 0.0196213
 0.280705 0.387484 0.25549 0.0573996 0.018921
 0.22411 0.578578 0.127932 0.0538006 0.0155804
 0.307378 0.485946 0.172667 0.0223433 0.0116653
 0.221137 0.60936 0.136016 0.028153 0.00533436
 0.128677 0.583894 0.245134 0.0341554 0.00813939
 0.132273 0.493477 0.292877 0.0698062 0.0115667
 0.204187 0.471802 0.225744 0.0775399 0.0207269
 0.272673 0.569285 0.118356 0.0280764 0.0116096
 0.309522 0.636788 0.0498551 0.00294129 0.000894125
 0.281043 0.655851 0.0615664 0.00143887 0.000100782
 0.184184 0.632541 0.174285 0.0087807 0.000209976
 0.243334 0.493451 0.226003 0.0354545 0.00175745
 0.223082 0.555414 0.167829 0.0463142 0.00736083
 0.254241 0.501518 0.196021 0.0368246 0.0113952
 0.28049 0.507988 0.162638 0.0394883 0.00939562
 0.256654 0.523846 0.172256 0.0365585 0.0106855
 0.243919 0.514746 0.189294 0.0410872 0.0109538
pobs_RECLAS
 0 0 0 0 0
 0 0 0 0 0
 0 0 0 0 0
 0 0 0 0 0
 0.835266 0.146461 0.0176864 0.000547809 3.91292e-05
 0.385257 0.428462 0.181853 0.0044286 0
 0.867414 0.0963971 0.0333333 0.00285562 0
 0.441836 0.489002 0.0689373 0.000224442 0
 0.779404 0.147425 0.0564933 0.0165055 0.000172143
 0.814271 0.122319 0.05973 0.00367925 0
 0.40263 0.566651 0.0304383 0.000280538 0
 0.475488 0.404961 0.113038 0.00651328 0
 0.955842 0.0263864 0.0167828 0.000988607 0
 0.975058 0.0227948 0.00214734 0 0
 0.738997 0.206755 0.0527124 0.00153531 0
 0.850938 0.134255 0.0134407 0.00136685 0
 0.542534 0.407297 0.0501686 0 0
 0.764087 0.199537 0.0359546 0.000420521 0
 0.470689 0.182191 0.310203 0.0369168 0
 0.84361 0.089868 0.0606195 0.00523954 0.000663233
 0.607945 0.314616 0.071237 0.00620181 0
 0.523733 0.453247 0.0230204 0 0
 0.530135 0.295979 0.169645 0.0042399 0
ppred_RECLAS
 0.692655 0.229243 0.0697897 0.0083077 4.58671e-06
 0.662851 0.28138 0.0441456 0.0104201 0.00120312
 0.483545 0.425629 0.0787437 0.00962527 0.00245692
 0.62468 0.260785 0.0995408 0.0130667 0.00192756
 0.633449 0.265866 0.0729495 0.0241772 0.00355907
 0.453229 0.400381 0.109239 0.0270619 0.0100884
 0.676477 0.196946 0.0975192 0.0218371 0.0072209
 0.600824 0.319144 0.0519694 0.0217462 0.00631674
 0.701316 0.227587 0.059439 0.00765176 0.00400706
 0.588881 0.340359 0.0568158 0.011717 0.00222704
 0.443103 0.409683 0.125646 0.0174068 0.00416058
 0.456098 0.349339 0.152416 0.0361406 0.00600656
 0.59972 0.270149 0.0908987 0.0309395 0.00829366
 0.733546 0.230706 0.026958 0.00621507 0.00257446
 0.750671 0.237866 0.0106647 0.000612457 0.000186525
 0.667174 0.311298 0.0210068 0.000487453 3.42422e-05
 0.541022 0.378788 0.076277 0.00382115 9.16512e-05
 0.630167 0.265074 0.0900032 0.0140571 0.000698939
 0.596571 0.310916 0.070152 0.0192861 0.00307471
 0.640102 0.264026 0.0769917 0.0144079 0.00447232
 0.663869 0.255723 0.0618561 0.014977 0.00357483
 0.636615 0.276085 0.0685414 0.0145056 0.00425317
 0.622274 0.279012 0.0774631 0.0167662 0.00448399
pobs_PELACES
 0 0 0 0 0
 0 0 0 0 0
 0 0 0 0 0
 0 0 0 0 0
 0 0 0 0 0
 0 0 0 0 0
 0 0 0 0 0
 0 0 0 0 0
 0 0 0 0 0
 0 0 0 0 0
 0.450072 0.473896 0.0757376 0.000293798 0
 0 0 0 0 0
 0.463077 0.371075 0.160297 0.00555027 0
 0.529543 0.364841 0.0842815 0.0213345 0
 0.631943 0.363953 0.00410389 0 0
 0.735681 0.248677 0.0153453 0.000297389 0
 0.695825 0.281241 0.0229344 0 0
 0.275771 0.60734 0.115278 0.00161068 0
 0 0 0 0 0
 0.896147 0.0623911 0.0374545 0.00400742 0
 0.803859 0.145111 0.0509908 3.86294e-05 0
 0.739449 0.233085 0.0266225 0.000797448 4.60066e-05
 0.878498 0.100942 0.0204185 0.000141795 0
ppred_PELACES
 0.702179 0.233582 0.057587 0.00664816 3.65235e-06
 0.665072 0.288501 0.0369821 0.00847159 0.000973358
 0.522583 0.41105 0.0578155 0.00681975 0.00173174
 0.603687 0.28733 0.0950343 0.0121632 0.00178593
 0.596211 0.302173 0.0740969 0.0240017 0.00351727
 0.447811 0.423449 0.096778 0.023313 0.00864917
 0.665314 0.216299 0.0917783 0.0200201 0.00658896
 0.603117 0.32977 0.0440478 0.0178931 0.00517213
 0.706186 0.234299 0.0500106 0.00624816 0.003256
 0.573562 0.362836 0.0513458 0.0103064 0.00194962
 0.45584 0.422119 0.10464 0.014057 0.0033433
 0.467762 0.366474 0.130709 0.0300802 0.00497485
 0.643763 0.261204 0.0671048 0.0220487 0.00587973
 0.829545 0.155858 0.0111533 0.00243945 0.00100431
 0.832866 0.162287 0.00452582 0.00024688 7.47329e-05
 0.680516 0.302994 0.0161026 0.000361578 2.52714e-05
 0.548747 0.385358 0.0627721 0.00304942 7.27795e-05
 0.629348 0.279282 0.078816 0.0119627 0.00059193
 0.585516 0.331685 0.0632074 0.0169082 0.00268278
 0.631862 0.282234 0.069372 0.0126298 0.00390171
 0.63841 0.284091 0.0599689 0.0141649 0.00336536
 0.611474 0.305017 0.0659287 0.0136089 0.00397176
 0.597514 0.308109 0.0744701 0.0157211 0.00418502
pobs_pel_tallas
 0 0 0 0 0 0 0 0 0 0 0 0 0 0 0 0 0 0 0 0 0 0 0 0 0 0 0 0 0 0 0 0 0 0 0 0
 0 0 0 0 0 0 0 0 0 0 0 0 0 0 0 0 0 0 0 0 0 0 0 0 0 0 0 0 0 0 0 0 0 0 0 0
 0 0 0 0 0 0 0 0 0 0 0 0 0 0 0 0 0 0 0 0 0 0 0 0 0 0 0 0 0 0 0 0 0 0 0 0
 0 0 0 0 0 0 0 0 0 0 0 0 0 0 0 0 0 0 0 0 0 0 0 0 0 0 0 0 0 0 0 0 0 0 0 0
 0 0 0 0 0 0 0 0 0 0 0 0 0 0 0 0 0 0 0 0 0 0 0 0 0 0 0 0 0 0 0 0 0 0 0 0
 0 0 0 0 0 0 0 0 0 0 0 0 0 0 0 0 0 0 0 0 0 0 0 0 0 0 0 0 0 0 0 0 0 0 0 0
 0 0 0 0 0 0 0 0 0 0 0 0 0 0 0 0 0 0 0 0 0 0 0 0 0 0 0 0 0 0 0 0 0 0 0 0
 0 0 0 0 0 0 0 0 0 0 0 0 0 0 0 0 0 0 0 0 0 0 0 0 0 0 0 0 0 0 0 0 0 0 0 0
 0 0 0 0 0 0 0 0 0 0 0 0 0 0 0 0 0 0 0 0 0 0 0 0 0 0 0 0 0 0 0 0 0 0 0 0
 0 0 0 0 0 0 0 0 0 0 0 0 0 0 0 0 0 0 0 0 0 0 0 0 0 0 0 0 0 0 0 0 0 0 0 0
 0 0 0 0 0 0 0 0 1.78061e-05 0.00172719 0.00360574 0.0105946 0.0120993 0.0124554 0.0147524 0.0171206 0.0266825 0.0428682 0.0675386 0.121331 0.153587 0.119568 0.100827 0.0573624 0.0630603 0.0341343 0.0324427 0.0444173 0.0211091 0.0280891 0.0125444 0.00206551 0 0 0 0
 0 0 0 0 0 0 0 0 0 0 0 0 0 0 0 0 0 0 0 0 0 0 0 0 0 0 0 0 0 0 0 0 0 0 0 0
 0 0 0 0 0 0 0.0133647 0.0140871 0.0187388 0.0205184 0.03894 0.0496705 0.03968 0.0493445 0.0407372 0.0367815 0.0215668 0.0243155 0.0234873 0.0199281 0.019796 0.0243948 0.0301388 0.0376714 0.0412746 0.0863199 0.0771752 0.113111 0.0741005 0.0525337 0.0229764 0.00759418 0.00175318 0 0 0
 0 0 0 0 0 0 0 0 0 0 0.00219441 0.00772107 0.0458388 0.0604681 0.0671733 0.0775358 0.0609151 0.0617685 0.073594 0.0568108 0.0755445 0.0548602 0.0670107 0.0636378 0.0643287 0.046367 0.0373049 0.0286899 0.0247887 0.0153202 0.00654259 0.00121912 0.000365735 0 0 0
 0 0 0 0 0 0 0 0 0 0 0 0 0.000112435 0.00938835 0.0111873 0.0202946 0.0414886 0.0713402 0.111592 0.104902 0.108894 0.110636 0.117776 0.105296 0.107544 0.0401394 0.0192827 0.0124803 0.00416011 0.0028671 0.000618394 0 0 0 0 0
 0 0 0 0 0 0 0 0 0 0 0.00291406 0.0102884 0.027416 0.0768956 0.0749926 0.110853 0.0956884 0.0897413 0.0766577 0.0534642 0.0500743 0.0551293 0.0594112 0.0620874 0.0668451 0.0424026 0.0208742 0.0120726 0.0048766 0.00582813 0.00118941 0.000297354 0 0 0 0
 0 0.00264628 0.0354308 0.0461629 0.0458689 0.0383711 0.0214643 0.0164657 0.0346957 0.0420465 0.0363128 0.0245516 0.0311673 0.0291091 0.0169068 0.0133784 0.00837989 0.0085269 0.0148486 0.0160247 0.0276389 0.0546898 0.0760071 0.122758 0.109233 0.0665981 0.0333725 0.0166128 0.00676272 0.00308733 0.000882094 0 0 0 0 0
 0 0 0 0 0 0 0 0.000805153 0.000690131 0.00759144 0.0133425 0.0154129 0.00931677 0.000345066 0.00356568 0.00563607 0.00851162 0.0253048 0.0502646 0.0516448 0.0657925 0.0565908 0.0611916 0.0827007 0.0866115 0.110766 0.145733 0.0935128 0.0569358 0.0249597 0.0138026 0.00621118 0.00161031 0.00115022 0 0
 0 0 0 0 0 0 0 0 0 0 0 0 0 0 0 0 0 0 0 0 0 0 0 0 0 0 0 0 0 0 0 0 0 0 0 0
 0.00147267 0.00158595 0.00478618 0.00569244 0.00954404 0.0108468 0.00647125 0.017049 0.0510054 0.094081 0.124002 0.0959785 0.0687766 0.0820023 0.061753 0.0591476 0.0492212 0.0479892 0.0443925 0.0268479 0.0217502 0.0140895 0.0121071 0.0120363 0.00920419 0.00665534 0.0049561 0.00860946 0.00930331 0.0156896 0.0114698 0.00855282 0.00243557 0.00046729 0 2.83206e-05
 0 0 0 0 0.000772559 0.00158375 0.000888443 0.00281984 0.00712685 0.0440552 0.0773331 0.111326 0.0921469 0.0852325 0.0710754 0.0886704 0.0786465 0.0553345 0.0373146 0.0185414 0.00753245 0.00457741 0.012979 0.0271748 0.0457355 0.0583668 0.034881 0.0177882 0.00938659 0.00492506 0.0015258 0.00185414 0.000309023 5.79419e-05 3.86279e-05 0
 0 0.00173294 0.00326652 0 0.00397197 0.00683976 0.00946217 0.0152591 0.00757587 0.0136028 0.0228656 0.0392903 0.0559909 0.0764795 0.0681675 0.0726916 0.0566044 0.0477403 0.0527397 0.0444891 0.0609904 0.0582453 0.0661739 0.0445044 0.0529084 0.0360697 0.0280645 0.0235558 0.0158879 0.00826598 0.00280645 0.00217768 0.000904811 0.00058276 9.20147e-05 0
 0 0 0 0 0 0 0 0 0 0 0 0 0 0 0 0 0 0 0 0 0 0 0 0 0 0 0 0 0 0 0 0 0 0 0 0
ppred_pel_tallas
 1.01123e-16 3.06405e-05 0.000179826 0.000854795 0.00329098 0.0102626 0.0259225 0.0530415 0.0879244 0.118087 0.128519 0.113404 0.0812669 0.0476073 0.0234397 0.0108958 0.00666303 0.00682477 0.00896481 0.0119829 0.0153606 0.0187115 0.0216493 0.0238124 0.0249336 0.0248997 0.0237744 0.0217736 0.0192056 0.0163964 0.0136245 0.0110828 0.00887131 0.00701392 0.00548623 0.00424277
 1.00956e-16 2.90247e-05 0.000170335 0.00080966 0.00311718 0.00972058 0.0245536 0.0502409 0.0832839 0.11186 0.121758 0.107474 0.0770978 0.0453259 0.0226153 0.0110124 0.00740559 0.00810104 0.0108057 0.0144435 0.0184562 0.0223828 0.0257493 0.028115 0.0291629 0.0287741 0.0270539 0.0242988 0.0209184 0.0173377 0.0139136 0.0108845 0.00836196 0.0063532 0.00479944 0.00361423
 1.0127e-16 2.28165e-05 0.000133876 0.000636306 0.00244968 0.00763897 0.0192958 0.039484 0.0654578 0.0879343 0.0957594 0.0846316 0.0609418 0.0362918 0.0189684 0.0106627 0.0090109 0.0111673 0.015334 0.0205897 0.0263277 0.0319353 0.0367447 0.0401277 0.0416312 0.0410833 0.0386321 0.0346983 0.0298645 0.024737 0.0198257 0.0154736 0.0118433 0.00894895 0.00671001 0.00500551
 1.01945e-16 2.63481e-05 0.000154621 0.000734953 0.00282953 0.00882357 0.0222878 0.045605 0.0756 0.101543 0.110535 0.0975872 0.0700464 0.0412639 0.0207453 0.0103658 0.00732089 0.00827697 0.0111669 0.0150185 0.0193159 0.0236162 0.0274512 0.0303736 0.0320457 0.0323127 0.031232 0.0290443 0.0261044 0.022792 0.0194353 0.0162668 0.0134148 0.0109227 0.00878155 0.0069592
 1.0214e-16 2.60226e-05 0.000152709 0.000725861 0.00279452 0.00871439 0.0220121 0.0450409 0.0746654 0.100289 0.109174 0.0963951 0.0692114 0.0408132 0.0205946 0.0104142 0.00750837 0.00858765 0.0116079 0.0155985 0.0200311 0.0244427 0.0283432 0.0312677 0.0328711 0.0330041 0.0317429 0.0293568 0.0262318 0.0227749 0.0193315 0.0161383 0.0133158 0.0108912 0.00883498 0.00709609
 1.02717e-16 1.95567e-05 0.000114737 0.000545312 0.00209932 0.0065464 0.016536 0.0338375 0.0560993 0.0753694 0.0820948 0.0725991 0.0523738 0.031383 0.0167589 0.00998751 0.00908188 0.011635 0.0161193 0.0217296 0.0278943 0.0340025 0.0393737 0.043358 0.0454749 0.0455214 0.0436126 0.0401367 0.0356459 0.030721 0.0258539 0.0213807 0.01747 0.014155 0.0113865 0.00908216
 1.0237e-16 2.90324e-05 0.000170387 0.000809921 0.0031182 0.0097238 0.0245616 0.0502569 0.0833084 0.111887 0.121772 0.107451 0.0770022 0.0451119 0.022218 0.0103429 0.00635309 0.00654534 0.00864186 0.0116152 0.0149916 0.0184222 0.0215542 0.0240491 0.0256453 0.0262117 0.02577 0.0244751 0.0225657 0.0203009 0.017907 0.015547 0.0133163 0.0112571 0.00938082 0.00768776
 1.0159e-16 2.63248e-05 0.000154481 0.000734279 0.00282693 0.00881543 0.0222673 0.0455633 0.075532 0.101455 0.110448 0.0975311 0.0700513 0.041357 0.0209575 0.0107401 0.00791418 0.00915253 0.0123792 0.0165931 0.0212287 0.0257784 0.029706 0.0325093 0.0338258 0.0335165 0.0316964 0.0286966 0.0249751 0.0210072 0.0171901 0.0137879 0.0109226 0.00860088 0.00675805 0.00530164
 1.01154e-16 3.08153e-05 0.000180852 0.000859672 0.00330975 0.0103211 0.0260704 0.0533441 0.088426 0.11876 0.129251 0.114049 0.0817278 0.0478736 0.0235637 0.0109411 0.00667301 0.00681915 0.00894811 0.0119522 0.0153093 0.0186311 0.0215306 0.0236464 0.0247139 0.0246242 0.0234466 0.0214035 0.0188093 0.0159942 0.0132383 0.0107333 0.00857499 0.00678114 0.00532037 0.00414055
 1.01293e-16 2.50375e-05 0.00014692 0.000698326 0.00268849 0.0083837 0.0211768 0.0433324 0.0718352 0.0964936 0.105059 0.0928003 0.0667144 0.0395095 0.0202477 0.0107454 0.00837 0.00997158 0.0135759 0.0182092 0.0232872 0.0282584 0.032532 0.0355537 0.0369234 0.0364884 0.0343774 0.0309588 0.0267434 0.0222622 0.0179616 0.0141411 0.0109424 0.00837731 0.00637575 0.00483338
 1.02263e-16 1.99068e-05 0.000116792 0.000555084 0.00213695 0.00666373 0.0168324 0.0344439 0.0571043 0.0767188 0.0835626 0.073892 0.0532953 0.031913 0.0170015 0.0100693 0.00909002 0.0116103 0.0160744 0.0216656 0.0278084 0.0338913 0.0392329 0.0431824 0.0452573 0.0452523 0.0432804 0.0397286 0.0351503 0.03013 0.0251664 0.0206043 0.0166216 0.0132603 0.0104767 0.00819082
 1.03241e-16 2.04244e-05 0.000119836 0.000569566 0.00219272 0.00683769 0.0172717 0.0353424 0.058592 0.0787119 0.0857187 0.0757634 0.0545687 0.0325229 0.0170497 0.00967165 0.00828623 0.0103639 0.0143172 0.0193469 0.0249347 0.0305528 0.0356132 0.0395469 0.0419196 0.0425254 0.0414237 0.0389039 0.0353979 0.0313697 0.0272207 0.0232352 0.019572 0.0162899 0.0133874 0.0108396
 1.02071e-16 2.80944e-05 0.000164876 0.000783714 0.00301729 0.00940908 0.0237667 0.0486308 0.0806143 0.108273 0.11785 0.104018 0.0746028 0.0438278 0.021811 0.0105298 0.00697076 0.00756143 0.0100924 0.0135413 0.0173961 0.0212444 0.024661 0.027244 0.0286939 0.0288794 0.0278628 0.0258723 0.0232363 0.0203013 0.0173614 0.014618 0.0121741 0.0100535 0.00823359 0.00667388
 1.0034e-16 3.6191e-05 0.00021242 0.00100977 0.00388768 0.0121234 0.0306227 0.0626578 0.103861 0.139479 0.151771 0.133849 0.0957621 0.055783 0.026876 0.0115012 0.0056866 0.00476031 0.0058563 0.00771401 0.00982093 0.011877 0.0136166 0.0148014 0.0152637 0.0149447 0.0139091 0.012326 0.0104255 0.00844461 0.00658097 0.00496483 0.00365412 0.00264714 0.0019043 0.00137009
 1.0013e-16 3.63361e-05 0.000213271 0.00101381 0.00390325 0.0121719 0.0307453 0.0629088 0.104277 0.140038 0.15238 0.13439 0.0961546 0.0560233 0.0270134 0.0115965 0.00578574 0.00489071 0.00603176 0.00793851 0.0100887 0.0121713 0.0139094 0.0150558 0.0154384 0.0150008 0.0138171 0.0120714 0.0100116 0.00789196 0.0059237 0.00424496 0.0029153 0.0019291 0.00123888 0.000779221
 1.00341e-16 2.96987e-05 0.000174291 0.000828463 0.00318957 0.00994633 0.0251238 0.0514078 0.0852183 0.114459 0.124587 0.109974 0.0788967 0.0463941 0.0231671 0.0113103 0.00763929 0.00837121 0.0111534 0.0148742 0.0189483 0.0228875 0.026192 0.0284014 0.0291916 0.0284529 0.0263176 0.0231226 0.0193243 0.0153926 0.0117186 0.00856014 0.00603119 0.00412616 0.00276284 0.00182583
 1.01125e-16 2.39564e-05 0.00014057 0.000668137 0.00257224 0.00802119 0.0202612 0.0414591 0.0687309 0.0923272 0.100532 0.0888237 0.0639038 0.037942 0.0196229 0.010702 0.00867776 0.0105488 0.0144273 0.0193663 0.0247718 0.0300635 0.0346134 0.0378306 0.0392869 0.0388167 0.0365536 0.0328869 0.0283589 0.0235357 0.0188959 0.0147642 0.0112984 0.00851797 0.00635439 0.00469996
 1.01649e-16 2.74667e-05 0.000161189 0.000766179 0.00294977 0.00919851 0.0232349 0.0475427 0.0788114 0.105854 0.115223 0.101713 0.0729798 0.0429352 0.0214799 0.0105579 0.00723409 0.00802325 0.0107659 0.0144524 0.0185593 0.0226491 0.0262654 0.0289751 0.0304551 0.0305633 0.0293663 0.0271108 0.0241536 0.0208739 0.0175972 0.0145504 0.0118546 0.00954382 0.00759793 0.0059735
 1.01712e-16 2.55575e-05 0.000149975 0.000712859 0.00274445 0.00855824 0.0216177 0.0442342 0.073329 0.0984968 0.107231 0.0946984 0.0680338 0.0402005 0.0204359 0.0105791 0.00792851 0.00926083 0.0125647 0.0168675 0.0216135 0.0262963 0.030377 0.033347 0.0348343 0.0346881 0.0330099 0.0301176 0.026458 0.0224987 0.0186346 0.0151333 0.0121258 0.00963205 0.00760297 0.00596144
 1.01694e-16 2.75764e-05 0.000161833 0.00076924 0.00296155 0.00923527 0.0233277 0.0477327 0.0791264 0.106277 0.115684 0.10212 0.0732729 0.0431096 0.0215705 0.0106074 0.00727309 0.00806755 0.010821 0.0145172 0.0186274 0.0227093 0.0263021 0.0289705 0.0303919 0.0304288 0.0291556 0.0268291 0.0238165 0.0205051 0.0172247 0.0142025 0.0115547 0.00930804 0.00743317 0.00587795
 1.01588e-16 2.78619e-05 0.000163509 0.000777209 0.00299223 0.00933095 0.0235694 0.0482272 0.0799461 0.107378 0.116881 0.103176 0.0740278 0.043548 0.0217789 0.0106912 0.00730519 0.00808256 0.0108289 0.0145156 0.0186075 0.0226576 0.0262019 0.0288038 0.0301424 0.030085 0.0287139 0.0262958 0.0232079 0.0198463 0.0165463 0.0135361 0.0109295 0.0087468 0.00695073 0.00548051
 1.01689e-16 2.66883e-05 0.000156617 0.000744438 0.00286605 0.00893744 0.0225754 0.0461937 0.0765761 0.102855 0.111966 0.0988561 0.0709699 0.0418331 0.0210771 0.0106044 0.00757628 0.00861442 0.0116185 0.0155909 0.0199896 0.0243426 0.0281529 0.0309517 0.0323939 0.0323362 0.0308664 0.0282703 0.0249524 0.021338 0.0177872 0.0145461 0.0117377 0.00938483 0.00744845 0.00586398
 1.01894e-16 2.60797e-05 0.000153043 0.00072745 0.00280064 0.00873347 0.0220602 0.0451395 0.074829 0.100509 0.109415 0.0966105 0.0693719 0.0409196 0.0206698 0.0104871 0.00760339 0.00872256 0.0117948 0.0158435 0.0203325 0.0247889 0.0287116 0.0316261 0.0331807 0.0332258 0.0318428 0.0293122 0.0260344 0.0224318 0.0188634 0.0155759 0.0126953 0.0102494 0.00820562 0.00650683
pSPR Fmed_Fpbrs
0.523064   0.420325 0.420325
Fs Fmed_Fpbrs
0.64   1.005 1.005
SSBpbr Bo_Bmed_Bpbrs
756664  357950  280211 280211
Ro
33713.2
SPR SPRFo_SPRFmed_SPRFpbrs
694897 363475 292082
log_Ro
10.2456
likeval ReclasPelacesDesembMPH_pf_preclas_ppelaces_ptallas_desvR_qrecl_qpela
 61.1006 0.000164551 0.0157775 32.3859 293.413 164.241 43.2789 0 15.9317 1.776e-06 8.54644e-05 0 0 0 0
q_reclas_q_pelaces
0.827915 3.72565
M
0.7
N
 35842.3 10623.9 3415.05 402.577 0.221416
 43463 16114.4 2633.77 614.982 70.7325
 20916.9 19705 4235.76 516.61 131.419
 28685.6 8860.76 3223.11 415.62 61.0506
 48291 13746.1 3430.19 1112.65 163.062
 33126.1 23824 6520.73 1593.26 591.554
 69166.6 15375.3 7378.79 1625.26 535.181
 71482.4 32798.5 5531.04 2288.45 662.149
 114852 32528.2 8846.62 1126.56 587.671
 114488 52084 8565.33 1739.73 329.311
 64554.8 53741 17453.1 2394.99 570.277
 43372.5 28971.5 13157.5 3086.13 510.928
 41303 19673.8 7641.94 2594.02 692.964
 28353.2 17567.2 3309.79 781.271 322.972
 16396.9 9796.43 691.714 40.5967 12.3376
 12716.6 5748.96 427.31 9.85199 0.689559
 8853.56 5568.97 1186.11 58.8498 1.40615
 11358.4 3976.31 1370.5 211.316 10.4651
 12623.9 5233.34 1169.86 316.901 50.3161
 17896.5 5904.95 1711.15 315.597 97.5649
 29907.3 8355.5 1905.51 452.838 107.623
 45567.6 14427.5 3388.97 704.142 205.577
 66988.9 21933.8 5762.4 1224.49 326.081
pred_Ctot
 2453.35 3979.83 1656.75 198.331 0.109171
 2734.23 5655.51 1207.33 286.459 32.9752
 2230.71 10109.5 2668.28 329.235 83.8048
 723.709 1424.96 721.488 94.9904 13.9686
 226.826 443.457 160.098 53.1814 7.8038
 1562.39 6623.7 2428.92 604.191 224.541
 2248.75 3104.16 2046.75 459.832 151.578
 4321.45 11156.6 2466.87 1037.42 300.432
 7205.98 11392.2 4047.91 523.804 273.475
 4521.33 12458.9 2780.96 575.61 109.065
 4494.67 20395.3 8562.47 1193.04 284.307
 2714.16 10125.9 6009.68 1432.38 237.342
 4300.7 9937.4 4754.77 1633.19 436.563
 6333.71 13223.5 2749.21 652.166 269.671
 3536.29 7275.3 569.595 33.6043 10.2154
 1088.09 2539.21 238.362 5.57078 0.390189
 612.14 2102.27 579.242 29.183 0.697861
 592.124 1200.75 549.951 86.2741 4.27653
 528.834 1316.65 397.85 109.791 17.4494
 772.676 1524.18 595.737 111.915 34.6318
 615.059 1113.92 356.633 86.59 20.6027
 1007.41 2056.19 676.137 143.499 41.9424
 1484.55 3132.86 1152.08 250.066 66.6675
F
 0.0994148 0.694686 1.01435 1.03953 1.04089
 0.091038 0.636151 0.928884 0.951939 0.953184
 0.158924 1.11052 1.62155 1.66179 1.66397
 0.0356363 0.249018 0.363606 0.372631 0.373118
 0.00655024 0.0457714 0.0668337 0.0684925 0.0685821
 0.0675589 0.472085 0.689321 0.70643 0.707354
 0.0461359 0.322386 0.470736 0.48242 0.483051
 0.0873453 0.610347 0.891206 0.913326 0.914521
 0.090785 0.634383 0.926302 0.949293 0.950535
 0.0562902 0.393342 0.574343 0.588598 0.589368
 0.101203 0.707182 1.0326 1.05823 1.05961
 0.0905385 0.632661 0.923787 0.946716 0.947954
 0.1549 1.0824 1.58048 1.61971 1.62183
 0.362723 2.53462 3.70095 3.79281 3.79777
 0.348075 2.43226 3.5515 3.63965 3.64441
 0.125697 0.878342 1.28252 1.31435 1.31607
 0.100466 0.70203 1.02508 1.05052 1.0519
 0.074912 0.523467 0.764346 0.783317 0.784342
 0.0598022 0.417883 0.610177 0.625322 0.62614
 0.0616849 0.431039 0.629387 0.645008 0.645852
 0.028964 0.202393 0.295527 0.302862 0.303258
 0.0311667 0.217785 0.318002 0.325895 0.326321
 0.0312424 0.218314 0.318774 0.326686 0.327114
Np
 24904.9 11235.6 8187.44 1632.98 447.532
YTP_r0W_actual
 29260.9 193771 91305 25726.3 8617.9
YTP_p0W_proyectada
 13515.7 254238 130428 40200.9 12783.2
 13515.7 88594.5 121961 31554.5 9604.61
CTP_r0_actual
 4433.47 8007.05 2733.68 590.054 157.261
CTP_p0_proyectada
 1648.26 11770.3 4153.75 1002.52 287.263
 1648.26 4101.6 3884.12 786.896 215.834
Wmedp
 8.2 21.6 31.4 40.1 44.5
nmprior
 10.8 10.6 4.6 0
nm_flota  nm_reclas  nm_pelaces    nm_pelaL
inf 18.684 10.2621 12.9527
cv_recla  cv_pelaces  cv_mph
0.741556 0.523691 0.492843
 ------------------------------------------------
Talla a la edad & desviaci?n 
 7.2 14.2025 17.0495 18.207 18.6776
 1.08 2.13037 2.55742 2.73105 2.80164
