years
 1997 1998 1999 2000 2001 2002 2003 2004 2005 2006 2007 2008 2009 2010 2011 2012 2013 2014 2015 2016 2017 2018 2019 2020 2021 2022
reclasobs
 0 0 0 370054 412103 1.49427e+06 250295 1.28982e+06 931140 785840 897777 1.04006e+06 184774 17550 25797 100020 73551 82996 120727 218422 84188 347160 605670 569463 516374 1.08416e+06
reclaspred
 851399 199608 440134 228869 336431 379143 745263 568695 684623 902616 875124 604389 341182 128390 81329.8 87696.2 90529 103125 107335 119080 191814 222953 398309 486165 640580 477689
pelacesobs
 0 0 0 0 0 0 0 0 0 2.06254e+06 1.5e+06 0 1.87456e+06 323000 250000 174000 83755 137374 0 501740 490994 745055 786931 1.00524e+06 1.33801e+06 1.41789e+06
pelacespred
 354438 96304.2 87375 87232 120340 87116.2 257363 206772 246462 332733 251274 178850 105964 32292.1 22060.9 24617.2 24961 29283.9 29915.7 31578.7 67391.4 70512.4 96019.1 138992 170287 121653
mphobs
 0 0 0 0 0 0 112323 0 153150 637223 0 255016 313432 73983 77613 109348 50772 17779 17303 59886 28197 0 207744 136588 643089 65757
mphpred
 424617 223378 215352 151785 150732 242083 303906 446661 412907 540573 624584 412410 248616 129166 58023.8 50848.7 45135.5 50954.1 61433.5 58497.1 87479.4 134176 170263 249147 315696 235475
desembarqueobs
 350755 77701 442110 56441 14545 235359 269955 359681 431902 328805 639364 411747 362871 311530 167758 66681 60226 58785 57116 73181 50977 67692 138656 160484 209506 203330
desembarquepred
 350757 77696.3 442055 56447.4 14545.6 235533 270035 359445 431704 328718 639088 411576 362738 310972 167514 66667.6 60258.6 58772.9 57067.5 73163 50969.6 67660.6 138652 160472 209523 203314
Reclutas
 33565 39074.9 14437.2 16986.1 33079.3 21358.5 59223.2 55480.1 88546.8 109821 61653.2 49642.8 52019.9 29199.2 15352.3 10724.5 6952.74 7743.3 8751.03 9849.11 18417 23172.2 33395.9 45760.4 15083 20303
log_desv_Rt
 0.262249 0.414245 -0.581428 -0.418838 0.247672 -0.189784 0.830077 0.764789 1.2323 1.44761 0.87029 0.653619 0.70039 0.122905 -0.519972 -0.878702 -1.3121 -1.20441 -1.08206 -0.963855 -0.337961 -0.108281 0.257198 0.572183 -0.537668 -0.240464
SSB
 424617 223378 215352 151785 150732 242083 292020 438760 398303 526289 624584 412410 261122 139503 66749.4 57991.3 54969.3 58285.6 64468.2 67266.8 90606.1 134176 177111 242702 348986 278050
BT
 1.44269e+06 343560 490464 270025 323446 375696 1.06254e+06 966060 1.19541e+06 1.25441e+06 1.21406e+06 858395 679060 386743 211271 121405 116995 129680 123828 144023 240733 224188 332014 490564 523740 456896
Ftot
 1.06336 1.0368 2.12591 0.624877 0.121403 1.37897 1.07003 1.67242 1.83366 1.03177 1.69239 1.61536 2.63138 4.95303 4.86835 1.89185 1.6502 1.45751 1.32039 1.53721 0.759687 0.767583 0.85546 0.862271 0.748323 0.980848
BD_Bspro_t
 0.903331 0.61485 0.494084 0.260581 0.369466 0.536692 0.442574 0.502511 0.438709 0.459798 0.463665 0.302323 0.217321 0.142904 0.0829698 0.0871569 0.113177 0.162644 0.21831 0.272677 0.365802 0.525213 0.550471 0.552285 0.569891 0.442089
BD_Bspro
 0.796145 0.418827 0.403779 0.284593 0.282618 0.453899 0.54753 0.822663 0.746808 0.986776 1.17108 0.773257 0.489596 0.261565 0.125153 0.108732 0.103066 0.109284 0.120876 0.126123 0.169884 0.251576 0.332079 0.45506 0.65434 0.521337
BD_Bo
 0.850387 0.447362 0.431289 0.303982 0.301873 0.484824 0.584834 0.878712 0.797689 1.05401 1.25086 0.82594 0.522952 0.279386 0.13368 0.11614 0.110088 0.116729 0.129111 0.134716 0.181458 0.268716 0.354703 0.486063 0.698921 0.556856
BD_Brms
 2.29729 1.20853 1.16511 0.821198 0.8155 1.30974 1.57991 2.37381 2.15493 2.84736 3.37917 2.23125 1.41274 0.754751 0.361133 0.313749 0.297399 0.315341 0.34879 0.363931 0.490204 0.725927 0.95822 1.31308 1.88811 1.50433
S_f
 0.0949372 0.665889 0.974271 0.998612 0.999927
 0.0949372 0.665889 0.974271 0.998612 0.999927
 0.0949372 0.665889 0.974271 0.998612 0.999927
 0.0949372 0.665889 0.974271 0.998612 0.999927
 0.0949372 0.665889 0.974271 0.998612 0.999927
 0.0949372 0.665889 0.974271 0.998612 0.999927
 0.0949372 0.665889 0.974271 0.998612 0.999927
 0.0949372 0.665889 0.974271 0.998612 0.999927
 0.0949372 0.665889 0.974271 0.998612 0.999927
 0.0949372 0.665889 0.974271 0.998612 0.999927
 0.0949372 0.665889 0.974271 0.998612 0.999927
 0.0949372 0.665889 0.974271 0.998612 0.999927
 0.0949372 0.665889 0.974271 0.998612 0.999927
 0.0949372 0.665889 0.974271 0.998612 0.999927
 0.0949372 0.665889 0.974271 0.998612 0.999927
 0.0949372 0.665889 0.974271 0.998612 0.999927
 0.0949372 0.665889 0.974271 0.998612 0.999927
 0.0949372 0.665889 0.974271 0.998612 0.999927
 0.0949372 0.665889 0.974271 0.998612 0.999927
 0.0949372 0.665889 0.974271 0.998612 0.999927
 0.0949372 0.665889 0.974271 0.998612 0.999927
 0.0949372 0.665889 0.974271 0.998612 0.999927
 0.0949372 0.665889 0.974271 0.998612 0.999927
 0.0949372 0.665889 0.974271 0.998612 0.999927
 0.0949372 0.665889 0.974271 0.998612 0.999927
 0.0949372 0.665889 0.974271 0.998612 0.999927
Scru_reclas
 0.229536 0.599891 0.88298 0.974342 0.994795
 0.229536 0.599891 0.88298 0.974342 0.994795
 0.229536 0.599891 0.88298 0.974342 0.994795
 0.229536 0.599891 0.88298 0.974342 0.994795
 0.229536 0.599891 0.88298 0.974342 0.994795
 0.229536 0.599891 0.88298 0.974342 0.994795
 0.229536 0.599891 0.88298 0.974342 0.994795
 0.229536 0.599891 0.88298 0.974342 0.994795
 0.229536 0.599891 0.88298 0.974342 0.994795
 0.229536 0.599891 0.88298 0.974342 0.994795
 0.229536 0.599891 0.88298 0.974342 0.994795
 0.229536 0.599891 0.88298 0.974342 0.994795
 0.229536 0.599891 0.88298 0.974342 0.994795
 0.229536 0.599891 0.88298 0.974342 0.994795
 0.229536 0.599891 0.88298 0.974342 0.994795
 0.229536 0.599891 0.88298 0.974342 0.994795
 0.229536 0.599891 0.88298 0.974342 0.994795
 0.229536 0.599891 0.88298 0.974342 0.994795
 0.229536 0.599891 0.88298 0.974342 0.994795
 0.229536 0.599891 0.88298 0.974342 0.994795
 0.229536 0.599891 0.88298 0.974342 0.994795
 0.229536 0.599891 0.88298 0.974342 0.994795
 0.229536 0.599891 0.88298 0.974342 0.994795
 0.229536 0.599891 0.88298 0.974342 0.994795
 0.229536 0.599891 0.88298 0.974342 0.994795
 0.229536 0.599891 0.88298 0.974342 0.994795
Scru_pelaces
 0.451837 1 1 1 1
 0.451837 1 1 1 1
 0.451837 1 1 1 1
 0.451837 1 1 1 1
 0.451837 1 1 1 1
 0.451837 1 1 1 1
 0.451837 1 1 1 1
 0.451837 1 1 1 1
 0.451837 1 1 1 1
 0.451837 1 1 1 1
 0.451837 1 1 1 1
 0.451837 1 1 1 1
 0.451837 1 1 1 1
 0.451837 1 1 1 1
 0.451837 1 1 1 1
 0.451837 1 1 1 1
 0.451837 1 1 1 1
 0.451837 1 1 1 1
 0.451837 1 1 1 1
 0.451837 1 1 1 1
 0.451837 1 1 1 1
 0.451837 1 1 1 1
 0.451837 1 1 1 1
 0.451837 1 1 1 1
 0.451837 1 1 1 1
 0.451837 1 1 1 1
pf_obs 
 0.256992 0.487395 0.22802 0.0275931 0
 0.321318 0.546541 0.124235 0.00734118 0.000564706
 0.182869 0.594174 0.210203 0.0122559 0.00049798
 0.330522 0.361315 0.267642 0.0388342 0.00168674
 0.649043 0.306663 0.0425973 0.00169635 0
 0.582887 0.30429 0.105238 0.00758474 0
 0.465427 0.430635 0.0974691 0.00646863 0
 0.296916 0.608066 0.0921331 0.00288517 0
 0.311714 0.524322 0.152257 0.0117073 0
 0.15457 0.633149 0.183074 0.0267441 0.00246327
 0.131901 0.49318 0.331252 0.0422183 0.00144891
 0.196976 0.569456 0.194076 0.0375587 0.00193317
 0.518974 0.381816 0.0799577 0.0180837 0.00116848
 0.0928022 0.601141 0.25162 0.0475244 0.00691264
 0.122501 0.610282 0.24278 0.0234846 0.000952079
 0.383417 0.481906 0.127806 0.00687128 0
 0.0376549 0.599619 0.316969 0.0457579 0
 0.0361596 0.667082 0.258105 0.0386534 0
 0.158088 0.579412 0.248529 0.0139706 0
 0.0477256 0.309471 0.559284 0.082774 0.000745712
 0.0406174 0.521527 0.379366 0.0568643 0.0016247
 0.151134 0.462217 0.34131 0.0453401 0
 0.294876 0.26143 0.354403 0.0886775 0.000613685
 0.281977 0.475581 0.204845 0.0348837 0.00271318
 0.0841818 0.532909 0.334909 0.0458182 0.00218182
 0.115287 0.27431 0.454777 0.147771 0.00785563
pf_pred 
 0.28394 0.487836 0.203714 0.0244996 1.03197e-05
 0.2691 0.570738 0.126774 0.0299299 0.00345848
 0.125397 0.67592 0.171679 0.0215523 0.00545106
 0.236301 0.491604 0.240891 0.0271814 0.00402253
 0.294232 0.481091 0.167198 0.0510766 0.00640216
 0.157922 0.614311 0.173257 0.0408307 0.013679
 0.431745 0.370429 0.165755 0.0246652 0.00740622
 0.275944 0.637345 0.0667846 0.0168061 0.00312045
 0.394183 0.489133 0.109455 0.0056344 0.0015956
 0.322394 0.597206 0.0722377 0.00768196 0.000480129
 0.172344 0.664045 0.152053 0.0104268 0.00113171
 0.215409 0.551821 0.207798 0.0232922 0.00168023
 0.319853 0.526479 0.127187 0.0237672 0.00271413
 0.309498 0.623196 0.0605748 0.00563873 0.00109251
 0.35467 0.617664 0.0270799 0.000533906 5.23578e-05
 0.316204 0.654535 0.0289897 0.000266048 5.09748e-06
 0.213092 0.660703 0.123626 0.00255656 2.26085e-05
 0.279771 0.537007 0.167415 0.0154993 0.000307196
 0.288174 0.571023 0.119744 0.0193199 0.00173925
 0.292756 0.564569 0.126199 0.0141049 0.00237065
 0.374631 0.502853 0.108591 0.0123856 0.00153927
 0.275387 0.590386 0.117084 0.0152549 0.0018882
 0.286876 0.52604 0.16465 0.019656 0.00277752
 0.284976 0.544227 0.14123 0.0261361 0.00343159
 0.0849616 0.691559 0.188703 0.0289384 0.00583798
 0.178201 0.340921 0.402729 0.0663465 0.0118021
pobs_RECLAS
 0 0 0 0 0
 0 0 0 0 0
 0 0 0 0 0
 0 0 0 0 0
 0.835266 0.146461 0.0176864 0.000547809 3.91292e-05
 0.385257 0.428462 0.181853 0.0044286 0
 0.867414 0.0963971 0.0333333 0.00285562 0
 0.441836 0.489002 0.0689373 0.000224442 0
 0.779404 0.147425 0.0564933 0.0165055 0.000172143
 0.814271 0.122319 0.05973 0.00367925 0
 0.40263 0.566651 0.0304383 0.000280538 0
 0.475488 0.404961 0.113038 0.00651328 0
 0.955842 0.0263864 0.0167828 0.000988607 0
 0.975058 0.0227948 0.00214734 0 0
 0.738997 0.206755 0.0527124 0.00153531 0
 0.850938 0.134255 0.0134407 0.00136685 0
 0.542534 0.407297 0.0501686 0 0
 0.764087 0.199537 0.0359546 0.000420521 0
 0.470689 0.182191 0.310203 0.0369168 0
 0.84361 0.089868 0.0606195 0.00523954 0.000663233
 0.607945 0.314616 0.071237 0.00620181 0
 0.523733 0.453247 0.0230204 0 0
 0.530135 0.295979 0.169645 0.0042399 0
 0.562478 0.366248 0.0663022 0.0049721 0
 0.250443 0.683176 0.0655157 0.000865301 0
 0.195077 0.31981 0.436473 0.0351445 0.0134964
ppred_RECLAS
 0.53136 0.322059 0.129825 0.0167487 7.1921e-06
 0.511214 0.383195 0.0822924 0.0208439 0.00245543
 0.313127 0.543289 0.122914 0.0164346 0.00423588
 0.460855 0.34757 0.16811 0.0203885 0.00307626
 0.527235 0.319847 0.111551 0.0366794 0.00468784
 0.354726 0.475469 0.12686 0.0320126 0.0109323
 0.684744 0.207159 0.0894481 0.0142777 0.00437054
 0.533096 0.413913 0.04015 0.010798 0.00204347
 0.666206 0.273838 0.055991 0.00307676 0.000888017
 0.574442 0.376208 0.0440089 0.00502116 0.000319933
 0.386273 0.499428 0.105697 0.00774499 0.000856805
 0.452997 0.392064 0.137277 0.0164514 0.00120961
 0.614759 0.308151 0.0631248 0.0125096 0.00145542
 0.681069 0.298284 0.018511 0.00178386 0.000351668
 0.716653 0.275375 0.00779713 0.000159297 1.58955e-05
 0.584914 0.398863 0.0160631 0.000157296 3.07152e-06
 0.448514 0.4684 0.0812734 0.0017965 1.61929e-05
 0.534917 0.351552 0.103108 0.0102164 0.000206402
 0.541027 0.37111 0.0739164 0.0127746 0.00117229
 0.551797 0.361935 0.0756711 0.00904704 0.0015499
 0.625278 0.301925 0.0639663 0.00783753 0.000993066
 0.514292 0.39645 0.0771052 0.0107917 0.00136184
 0.530324 0.347794 0.106293 0.0136258 0.00196298
 0.527811 0.360347 0.0912761 0.0181377 0.00242787
 0.205303 0.601565 0.161126 0.0265453 0.00545981
 0.381864 0.259173 0.296944 0.0524984 0.00952058
pobs_PELACES
 0 0 0 0 0
 0 0 0 0 0
 0 0 0 0 0
 0 0 0 0 0
 0 0 0 0 0
 0 0 0 0 0
 0 0 0 0 0
 0 0 0 0 0
 0 0 0 0 0
 0 0 0 0 0
 0.450072 0.473896 0.0757376 0.000293798 0
 0 0 0 0 0
 0.463077 0.371075 0.160297 0.00555027 0
 0.529543 0.364841 0.0842815 0.0213345 0
 0.631943 0.363953 0.00410389 0 0
 0.735681 0.248677 0.0153453 0.000297389 0
 0.695825 0.281241 0.0229344 0 0
 0.275771 0.60734 0.115278 0.00161068 0
 0 0 0 0 0
 0.896147 0.0623911 0.0374545 0.00400742 0
 0.803859 0.145111 0.0509908 3.86294e-05 0
 0.739449 0.233085 0.0266225 0.000797448 4.60066e-05
 0.878498 0.100942 0.0204185 0.000141795 0
 0.694673 0.275183 0.0284847 0.00165964 0
 0.469039 0.446079 0.0841089 0.000773354 0
 0.822795 0.102175 0.0682046 0.00682512 0
ppred_PELACES
 0.651338 0.273614 0.0672493 0.00779542 3.27711e-06
 0.621859 0.324689 0.0426291 0.00970392 0.00111913
 0.470722 0.463356 0.0573654 0.00683329 0.00172343
 0.566646 0.321703 0.0991999 0.0108483 0.00160273
 0.602777 0.302662 0.0708347 0.0210868 0.00263946
 0.486646 0.425993 0.067109 0.0151777 0.0050736
 0.784447 0.164278 0.0432191 0.00619825 0.00185747
 0.660475 0.316889 0.0176154 0.00423597 0.000784588
 0.783338 0.193014 0.0222481 0.00109172 0.000308369
 0.66986 0.305869 0.0218862 0.00224426 0.000139995
 0.526511 0.419083 0.050724 0.00332282 0.000359772
 0.601595 0.325224 0.0656375 0.00703656 0.000506382
 0.774313 0.200195 0.0213164 0.00374815 0.000426624
 0.869603 0.126843 0.00323057 0.000271126 5.22381e-05
 0.883716 0.114911 0.00134689 2.39806e-05 2.33877e-06
 0.707451 0.286036 0.00645557 5.64238e-05 1.07825e-06
 0.583458 0.378108 0.0376822 0.0007449 6.57146e-06
 0.665723 0.281534 0.0483659 0.00429239 8.48825e-05
 0.659817 0.298855 0.0353561 0.00547903 0.000492176
 0.679072 0.282344 0.0342974 0.0036704 0.00061546
 0.710509 0.251785 0.033545 0.00370207 0.000459281
 0.608382 0.343671 0.0419987 0.00529423 0.000654143
 0.635122 0.300217 0.0571391 0.00659241 0.000929852
 0.631077 0.310145 0.0488892 0.00874317 0.00114585
 0.279079 0.601422 0.101417 0.0150509 0.00303102
 0.532669 0.254493 0.17928 0.0284985 0.00505978
pobs_pel_tallas
 0 0 0 0 0 0 0 0 0 0 0 0 0 0 0 0 0 0 0 0 0 0 0 0 0 0 0 0 0 0 0 0 0 0 0 0
 0 0 0 0 0 0 0 0 0 0 0 0 0 0 0 0 0 0 0 0 0 0 0 0 0 0 0 0 0 0 0 0 0 0 0 0
 0 0 0 0 0 0 0 0 0 0 0 0 0 0 0 0 0 0 0 0 0 0 0 0 0 0 0 0 0 0 0 0 0 0 0 0
 0 0 0 0 0 0 0 0 0 0 0 0 0 0 0 0 0 0 0 0 0 0 0 0 0 0 0 0 0 0 0 0 0 0 0 0
 0 0 0 0 0 0 0 0 0 0 0 0 0 0 0 0 0 0 0 0 0 0 0 0 0 0 0 0 0 0 0 0 0 0 0 0
 0 0 0 0 0 0 0 0 0 0 0 0 0 0 0 0 0 0 0 0 0 0 0 0 0 0 0 0 0 0 0 0 0 0 0 0
 0 0 0 0 0 0 0 0 0 0 0 0 0 0 0 0 0 0 0 0 0 0 0 0 0 0 0 0 0 0 0 0 0 0 0 0
 0 0 0 0 0 0 0 0 0 0 0 0 0 0 0 0 0 0 0 0 0 0 0 0 0 0 0 0 0 0 0 0 0 0 0 0
 0 0 0 0 0 0 0 0 0 0 0 0 0 0 0 0 0 0 0 0 0 0 0 0 0 0 0 0 0 0 0 0 0 0 0 0
 0 0 0 0 0 0 0 0 0 0 0 0 0 0 0 0 0 0 0 0 0 0 0 0 0 0 0 0 0 0 0 0 0 0 0 0
 0 0 0 0 0 0 0 0 1.78061e-05 0.00172719 0.00360574 0.0105946 0.0120993 0.0124554 0.0147524 0.0171206 0.0266825 0.0428682 0.0675386 0.121331 0.153587 0.119568 0.100827 0.0573624 0.0630603 0.0341343 0.0324427 0.0444173 0.0211091 0.0280891 0.0125444 0.00206551 0 0 0 0
 0 0 0 0 0 0 0 0 0 0 0 0 0 0 0 0 0 0 0 0 0 0 0 0 0 0 0 0 0 0 0 0 0 0 0 0
 0 0 0 0 0 0 0.0133647 0.0140871 0.0187388 0.0205184 0.03894 0.0496705 0.03968 0.0493445 0.0407372 0.0367815 0.0215668 0.0243155 0.0234873 0.0199281 0.019796 0.0243948 0.0301388 0.0376714 0.0412746 0.0863199 0.0771752 0.113111 0.0741005 0.0525337 0.0229764 0.00759418 0.00175318 0 0 0
 0 0 0 0 0 0 0 0 0 0 0.00219441 0.00772107 0.0458388 0.0604681 0.0671733 0.0775358 0.0609151 0.0617685 0.073594 0.0568108 0.0755445 0.0548602 0.0670107 0.0636378 0.0643287 0.046367 0.0373049 0.0286899 0.0247887 0.0153202 0.00654259 0.00121912 0.000365735 0 0 0
 0 0 0 0 0 0 0 0 0 0 0 0 0.000112435 0.00938835 0.0111873 0.0202946 0.0414886 0.0713402 0.111592 0.104902 0.108894 0.110636 0.117776 0.105296 0.107544 0.0401394 0.0192827 0.0124803 0.00416011 0.0028671 0.000618394 0 0 0 0 0
 0 0 0 0 0 0 0 0 0 0 0.00291406 0.0102884 0.027416 0.0768956 0.0749926 0.110853 0.0956884 0.0897413 0.0766577 0.0534642 0.0500743 0.0551293 0.0594112 0.0620874 0.0668451 0.0424026 0.0208742 0.0120726 0.0048766 0.00582813 0.00118941 0.000297354 0 0 0 0
 0 0.00264628 0.0354308 0.0461629 0.0458689 0.0383711 0.0214643 0.0164657 0.0346957 0.0420465 0.0363128 0.0245516 0.0311673 0.0291091 0.0169068 0.0133784 0.00837989 0.0085269 0.0148486 0.0160247 0.0276389 0.0546898 0.0760071 0.122758 0.109233 0.0665981 0.0333725 0.0166128 0.00676272 0.00308733 0.000882094 0 0 0 0 0
 0 0 0 0 0 0 0 0.000805153 0.000690131 0.00759144 0.0133425 0.0154129 0.00931677 0.000345066 0.00356568 0.00563607 0.00851162 0.0253048 0.0502646 0.0516448 0.0657925 0.0565908 0.0611916 0.0827007 0.0866115 0.110766 0.145733 0.0935128 0.0569358 0.0249597 0.0138026 0.00621118 0.00161031 0.00115022 0 0
 0 0 0 0 0 0 0 0 0 0 0 0 0 0 0 0 0 0 0 0 0 0 0 0 0 0 0 0 0 0 0 0 0 0 0 0
 0.00147267 0.00158595 0.00478618 0.00569244 0.00954404 0.0108468 0.00647125 0.017049 0.0510054 0.094081 0.124002 0.0959785 0.0687766 0.0820023 0.061753 0.0591476 0.0492212 0.0479892 0.0443925 0.0268479 0.0217502 0.0140895 0.0121071 0.0120363 0.00920419 0.00665534 0.0049561 0.00860946 0.00930331 0.0156896 0.0114698 0.00855282 0.00243557 0.00046729 0 2.83206e-05
 0 0 0 0 0.000772559 0.00158375 0.000888443 0.00281984 0.00712685 0.0440552 0.0773331 0.111326 0.0921469 0.0852325 0.0710754 0.0886704 0.0786465 0.0553345 0.0373146 0.0185414 0.00753245 0.00457741 0.012979 0.0271748 0.0457355 0.0583668 0.034881 0.0177882 0.00938659 0.00492506 0.0015258 0.00185414 0.000309023 5.79419e-05 3.86279e-05 0
 0 0.00173294 0.00326652 0 0.00397197 0.00683976 0.00946217 0.0152591 0.00757587 0.0136028 0.0228656 0.0392903 0.0559909 0.0764795 0.0681675 0.0726916 0.0566044 0.0477403 0.0527397 0.0444891 0.0609904 0.0582453 0.0661739 0.0445044 0.0529084 0.0360697 0.0280645 0.0235558 0.0158879 0.00826598 0.00280645 0.00217768 0.000904811 0.00058276 9.20147e-05 0
 0 0 0 0 0 0 0 0 0 0 0 0 0 0 0 0 0 0 0 0 0 0 0 0 0 0 0 0 0 0 0 0 0 0 0 0
 0 0 0 0 0 0 0 0 0 0 0 0 0 0 0 0 0 0 0 0 0 0 0 0 0 0 0 0 0 0 0 0 0 0 0 0
 0 0 0 0 0 0 0 0 0 0 0 0 0 0 0 0 0 0 0 0 0 0 0 0 0 0 0 0 0 0 0 0 0 0 0 0
 0 0 0 0 0 0 0 0 0 0 0 0 0 0 0 0 0 0 0 0 0 0 0 0 0 0 0 0 0 0 0 0 0 0 0 0
ppred_pel_tallas
 1.01312e-16 2.84253e-05 0.000166817 0.000792938 0.0030528 0.00951982 0.0240464 0.0492032 0.0815635 0.109549 0.119241 0.10525 0.0754959 0.0443719 0.0221176 0.0107363 0.00718141 0.00783841 0.0104686 0.0140294 0.0179894 0.0219138 0.0253537 0.0278857 0.029197 0.0291551 0.027835 0.0254895 0.0224801 0.0191888 0.0159418 0.0129651 0.0103759 0.00820186 0.00641436 0.0049599
 1.01097e-16 2.71419e-05 0.000159278 0.000757086 0.00291474 0.00908928 0.022959 0.0469786 0.0778776 0.104604 0.113873 0.100546 0.0721963 0.0425827 0.0215032 0.0108962 0.00787652 0.00900723 0.0121456 0.0162631 0.020788 0.0252148 0.0290126 0.0316856 0.0328768 0.0324517 0.0305278 0.0274381 0.0236422 0.0196179 0.015766 0.0123548 0.00951024 0.00724081 0.00548132 0.00413549
 1.01281e-16 2.05572e-05 0.000120607 0.000573214 0.00220674 0.00688137 0.0173822 0.0355691 0.0589703 0.0792276 0.0863 0.0763242 0.0550745 0.0330277 0.0176833 0.0106055 0.0097048 0.0124449 0.0172061 0.0231182 0.0295479 0.0358153 0.0411695 0.0449038 0.0465104 0.0458005 0.0429476 0.0384335 0.0329223 0.0271037 0.0215566 0.0166687 0.0126211 0.00942481 0.00698261 0.00515062
 1.01961e-16 2.47343e-05 0.000145144 0.00068989 0.00265602 0.00828246 0.0209211 0.0428088 0.0709663 0.0953236 0.103778 0.0916514 0.065851 0.0389237 0.0198117 0.0102988 0.00777573 0.00912962 0.0124215 0.0167178 0.0214871 0.0262432 0.0304631 0.0336469 0.0354195 0.0356125 0.0342968 0.0317503 0.0283786 0.0246141 0.02083 0.0172888 0.0141333 0.011408 0.00909622 0.00715427
 1.01953e-16 2.6309e-05 0.00015439 0.000733853 0.00282529 0.00881035 0.0222544 0.0455368 0.0754873 0.101392 0.110375 0.0974532 0.0699667 0.0412496 0.020798 0.0104892 0.00752682 0.00858326 0.0115904 0.0155664 0.0199779 0.0243593 0.0282187 0.0310907 0.0326306 0.0326917 0.0313542 0.028893 0.0257003 0.022189 0.0187096 0.0155019 0.0126873 0.0102915 0.00828189 0.00660249
 1.01851e-16 2.12501e-05 0.000124679 0.000592577 0.0022813 0.0071139 0.0179695 0.0367705 0.0609606 0.0818971 0.0891956 0.0788562 0.0568389 0.0339606 0.0179557 0.0104198 0.00917271 0.0115802 0.0159722 0.021477 0.0274941 0.0333979 0.0384998 0.0421493 0.0438741 0.0434902 0.0411414 0.0372513 0.0324098 0.0272312 0.0222321 0.0177598 0.0139797 0.0109086 0.00847018 0.00655014
 1.00967e-16 3.4225e-05 0.000200877 0.000954885 0.00367637 0.0114644 0.0289582 0.0592522 0.0982166 0.131901 0.14353 0.126593 0.0905971 0.0528275 0.0255527 0.0111099 0.00575519 0.00508216 0.00638836 0.00848305 0.0108739 0.0132601 0.0153651 0.0169336 0.0177769 0.0178132 0.0170843 0.0157378 0.0139861 0.012054 0.0101335 0.00835773 0.00679624 0.00546655 0.00435387 0.00342974
 1.00536e-16 2.88253e-05 0.000169162 0.000804079 0.00309568 0.00965353 0.0243842 0.0498946 0.0827107 0.111093 0.120929 0.106758 0.0766182 0.0451119 0.0226338 0.0112272 0.00781149 0.00872265 0.011678 0.0155899 0.0198699 0.024014 0.0275014 0.029851 0.0307237 0.0300035 0.0278265 0.024542 0.0206232 0.0165574 0.0127497 0.00946674 0.00682567 0.00482037 0.00336616 0.00234502
 1.00431e-16 3.41777e-05 0.000200597 0.000953548 0.00367121 0.0114483 0.0289176 0.0591694 0.09808 0.13172 0.143339 0.126439 0.0905188 0.0528456 0.0256799 0.0113657 0.00617265 0.00570413 0.00725529 0.00961773 0.0122662 0.0148555 0.0170608 0.0185864 0.0192209 0.0188872 0.0176595 0.0157412 0.0134119 0.0109618 0.00863419 0.00659225 0.00491191 0.0035971 0.00260559 0.00187509
 1.00495e-16 2.92341e-05 0.000171563 0.000815496 0.00313964 0.00979063 0.0247305 0.0506031 0.0838847 0.112668 0.12264 0.108261 0.0776777 0.0456983 0.0228589 0.0112253 0.00766707 0.00846416 0.0113023 0.0150857 0.0192326 0.0232535 0.0266447 0.0289407 0.0298122 0.0291449 0.0270669 0.0239122 0.0201354 0.0162052 0.0125127 0.00931664 0.00673301 0.00475952 0.00331821 0.00229856
 1.00988e-16 2.29881e-05 0.000134883 0.00064109 0.00246809 0.0076964 0.0194408 0.0397809 0.0659501 0.0885961 0.0964809 0.0852713 0.061407 0.0365776 0.0191338 0.0107801 0.00913577 0.011333 0.0155577 0.020877 0.026672 0.0323163 0.037128 0.0404673 0.0418753 0.0411824 0.038548 0.0344108 0.0293755 0.0240697 0.0190208 0.014582 0.010919 0.00804189 0.00586119 0.00424419
 1.01304e-16 2.62584e-05 0.000154091 0.000732425 0.00281979 0.00879318 0.0222111 0.0454483 0.0753413 0.101198 0.110169 0.0972831 0.0698708 0.0412458 0.020893 0.0106947 0.00786769 0.00909435 0.0123066 0.01651 0.0211456 0.0257122 0.0296786 0.0325442 0.0339429 0.0337261 0.031995 0.029064 0.0253764 0.0213974 0.0175219 0.0140201 0.0110273 0.00856721 0.00659342 0.00502856
 1.00517e-16 3.37845e-05 0.000198287 0.000942568 0.00362894 0.0113165 0.0285846 0.0584881 0.096951 0.130204 0.141692 0.124992 0.0894943 0.052271 0.0254446 0.0113362 0.00626262 0.0058806 0.00751662 0.00997234 0.0127201 0.0154061 0.0176948 0.0192799 0.0199431 0.0196048 0.0183425 0.016367 0.013968 0.0114454 0.00905036 0.00695014 0.00522181 0.00386789 0.00284363 0.00208408
 1.001e-16 3.79366e-05 0.000222671 0.0010585 0.00407534 0.0127086 0.0321009 0.0656821 0.108873 0.146206 0.159082 0.140276 0.100314 0.0583406 0.0279326 0.0116517 0.00531716 0.00401955 0.00475254 0.00620846 0.00788208 0.0095074 0.0108638 0.0117576 0.012054 0.0117095 0.010782 0.00941571 0.00780449 0.00614737 0.00460938 0.00329851 0.00226116 0.00149275 0.000955933 0.00059932
 1.00058e-16 3.85514e-05 0.000226282 0.00107567 0.00414146 0.0129148 0.0326216 0.0667475 0.110638 0.148576 0.161657 0.142538 0.101914 0.059236 0.028295 0.0116885 0.00516156 0.00372093 0.00431119 0.00560923 0.00711438 0.0085753 0.00979023 0.0105835 0.0108339 0.0105026 0.00964371 0.00838925 0.0069165 0.00540702 0.00401118 0.00282704 0.00189623 0.00121364 0.000744082 0.000439468
 1.00187e-16 3.08724e-05 0.000181183 0.000861235 0.00331576 0.0103398 0.0261178 0.0534413 0.0885884 0.118982 0.129504 0.114298 0.0819612 0.0481213 0.0238908 0.0114334 0.007425 0.00792308 0.0104799 0.0139503 0.0177508 0.0214123 0.0244614 0.0264646 0.0271192 0.0263271 0.0242203 0.0211246 0.0174787 0.0137325 0.010259 0.00730206 0.00496652 0.00324155 0.00204217 0.00125147
 1.00685e-16 2.54695e-05 0.000149455 0.000710376 0.00273488 0.00852837 0.0215423 0.0440803 0.0730751 0.0981597 0.106875 0.0944076 0.0678777 0.040214 0.0206367 0.0109953 0.0086124 0.0102823 0.0139914 0.0187393 0.0239174 0.0289473 0.0332109 0.0361316 0.0372984 0.0365638 0.0340787 0.0302477 0.0256251 0.0207848 0.0162077 0.0122148 0.00895391 0.00642938 0.00455337 0.00319778
 1.0093e-16 2.90528e-05 0.000170501 0.00081045 0.00312022 0.00973007 0.0245775 0.0502899 0.0833649 0.111968 0.121874 0.107573 0.0771615 0.0453483 0.0225988 0.0109592 0.00731314 0.00796248 0.0106139 0.0141953 0.0181564 0.0220462 0.0254016 0.0277897 0.0288967 0.0285998 0.0269936 0.0243594 0.0210895 0.0175941 0.0142203 0.0112037 0.00865956 0.00660349 0.00498782 0.00373715
 1.00811e-16 2.8796e-05 0.000168991 0.00080327 0.00309257 0.00964384 0.0243597 0.0498444 0.082627 0.110979 0.120801 0.106637 0.0765123 0.0450118 0.0225143 0.0110552 0.00755235 0.00834379 0.0111536 0.0149076 0.0190391 0.023072 0.0265152 0.0289123 0.0299361 0.0294657 0.027614 0.024693 0.0211319 0.0173763 0.0137999 0.0106525 0.00805051 0.00599995 0.00443696 0.00326771
 1.00734e-16 2.96349e-05 0.000173918 0.000826696 0.00318277 0.00992514 0.0250703 0.0512981 0.0850359 0.114212 0.124315 0.109724 0.0786958 0.0462331 0.0230081 0.0111042 0.00733823 0.00793387 0.0105484 0.0140867 0.0179885 0.0217983 0.0250507 0.0273139 0.0282787 0.0278305 0.0260758 0.0233092 0.0199367 0.0163797 0.0129918 0.01001 0.00754498 0.00560328 0.00412499 0.00302155
 1.00707e-16 3.10044e-05 0.000181961 0.000864941 0.00333003 0.0103844 0.0262302 0.0536712 0.0889685 0.11949 0.130049 0.114761 0.0822543 0.0482153 0.0237934 0.0111494 0.00693417 0.00718389 0.0094475 0.0125983 0.0160907 0.0195081 0.0224336 0.0244816 0.0253749 0.0250096 0.0234781 0.0210404 0.0180557 0.0148973 0.0118794 0.00921271 0.00699698 0.00523984 0.00389044 0.00287266
 1.00921e-16 2.6555e-05 0.000155831 0.000740693 0.00285162 0.00889243 0.0224618 0.0459614 0.0761922 0.102342 0.111417 0.0983918 0.0706813 0.0417524 0.0212009 0.0109341 0.00813976 0.00946228 0.0128043 0.017147 0.0219056 0.0265484 0.0305134 0.0332758 0.0344589 0.0339231 0.0317975 0.0284401 0.0243443 0.0200221 0.0159035 0.0122763 0.00927505 0.00690782 0.00510205 0.00375056
 1.01179e-16 2.77192e-05 0.00016267 0.000773216 0.00297685 0.00928298 0.0234482 0.0479795 0.0795359 0.106828 0.116287 0.102661 0.0736786 0.0433834 0.0217722 0.010812 0.00754471 0.00845357 0.0113531 0.0152096 0.0194713 0.0236666 0.0273036 0.0299208 0.0311812 0.0309501 0.0293232 0.0265937 0.0231733 0.0194936 0.0159199 0.0127015 0.00996153 0.00771978 0.0059303 0.00451878
 1.0115e-16 2.75432e-05 0.000161635 0.000768297 0.00295791 0.00922391 0.0232991 0.0476743 0.0790303 0.10615 0.115552 0.102018 0.0732305 0.0431466 0.0217031 0.0108592 0.00767941 0.00867157 0.0116625 0.0156184 0.0199783 0.0242567 0.0279461 0.0305713 0.0317882 0.0314634 0.0297031 0.0268181 0.0232408 0.0194223 0.0157426 0.012458 0.00969156 0.00745676 0.00569803 0.00433048
 1.02295e-16 1.22064e-05 7.15679e-05 0.000340046 0.00130893 0.00408156 0.0103103 0.0211005 0.0349928 0.0470435 0.0513223 0.0455783 0.0332991 0.020791 0.0126269 0.00988339 0.011469 0.0159851 0.0224833 0.0303201 0.0388278 0.0471647 0.0543646 0.0595078 0.0619249 0.0613535 0.0579947 0.052446 0.0455414 0.0381519 0.0310125 0.0246206 0.0192173 0.0148331 0.0113652 0.00865422
 1.03844e-16 2.32502e-05 0.000136436 0.000648507 0.0024967 0.00778566 0.0196661 0.0402406 0.0667078 0.0896003 0.0975385 0.0861209 0.0618339 0.0364628 0.0184027 0.00931982 0.00675559 0.00778917 0.0106214 0.0144211 0.0187585 0.0232611 0.027521 0.0311297 0.0337522 0.0351901 0.035411 0.0345322 0.0327709 0.030381 0.0275986 0.0246114 0.0215551 0.0185252 0.0155963 0.0128342
pSPR Fmed_Fpbrs
0.523126   0.420169 0.420169
Fs Fmed_Fpbrs
0.64   1.005 1.005
SSBpbr Bo_Bmed_Bpbrs
499322  236242  184834 184834
Ro
25822.2
SPR SPRFo_SPRFmed_SPRFpbrs
533341 279005 224094
log_Ro
9.97899
likeval ReclasPelacesDesembMPH_pf_preclas_ppelaces_ptallas_desvR_qrecl_qpela
 68.6691 0.00347107 0.0430969 54.5128 343.558 199.846 56.7815 0 20.2924 4.24962e-05 0 0 0 0 0
q_reclas_q_pelaces
2.51874 1
M
0.7
N
 33565 10545 3402.52 402.979 0.169605
 39074.9 15067.4 2579.46 599.607 69.2294
 14437.2 17585.1 3751.42 466.475 117.923
 16986.1 5859 2120.03 234.787 34.7112
 33079.3 7949.22 1919.15 572.713 71.6968
 21358.5 16238.4 3640.9 846.708 283.463
 59223.2 9304.86 3219.24 471.775 141.545
 55480.1 26568.5 2265.99 563.629 104.586
 88546.8 23505.9 4332.23 220.606 62.4377
 109821 36945.7 3442.63 360.451 22.5099
 61653.2 49446.6 9229.49 625.634 67.8645
 49642.8 26071.8 7956.19 881.225 63.5287
 52019.9 21147 4415.86 818.852 93.4718
 29199.2 20121.9 1820.82 168.895 32.7175
 15352.3 9060.4 369.221 7.2532 0.711154
 10724.5 4802.21 175.896 1.59728 0.0305869
 6952.74 4450.1 676.593 13.8283 0.122212
 7743.3 2951.96 736.441 67.311 1.3332
 8751.03 3348.31 555.399 88.3954 7.95192
 9849.11 3833.65 690.196 76.1926 12.7976
 18417 4226.79 684 76.6547 9.51771
 23172.2 8509.23 1265.64 162.036 20.0375
 33395.9 10698.3 2534.58 297.524 42.0046
 45760.4 15290.3 3005.49 546.936 71.7471
 15083 20937.8 4276.1 644.265 129.851
 20303 6976.34 6317.08 1024.26 182.048
pred_Ctot
 2331.44 4005.64 1672.7 201.168 0.0847357
 2649.29 5618.9 1248.08 294.659 34.0487
 1919.78 10348.1 2628.34 329.957 83.4536
 706.032 1468.84 719.748 81.2142 12.0187
 272.797 446.043 155.017 47.3556 5.93575
 1899.12 7387.5 2083.54 491.016 164.5
 4138.37 3550.64 1588.79 236.421 70.9902
 5911.56 13653.9 1430.73 360.039 66.8496
 10276.9 12752.4 2853.63 146.897 41.5996
 7411.25 13728.7 1660.61 176.594 11.0373
 6642.36 25593.2 5860.32 401.862 43.6178
 5121.03 13118.7 4940.08 553.737 39.9449
 8389.65 13809.4 3336.07 623.407 71.1907
 8092.27 16294.4 1583.82 147.433 28.5654
 4195.63 7306.75 320.346 6.31593 0.619375
 1281.17 2652 117.459 1.07795 0.0206536
 731.656 2268.54 424.471 8.77801 0.0776268
 725.385 1392.34 434.069 40.1862 0.79649
 746.85 1479.9 310.338 50.0707 4.50754
 969.946 1870.5 418.116 46.7316 7.85432
 925.467 1242.22 268.257 30.5965 3.80252
 1176.14 2521.46 500.048 65.1517 8.06424
 1882.26 3451.47 1080.31 128.967 18.224
 2598.94 4963.28 1288 238.358 31.2957
 746.944 6079.87 1658.99 254.413 51.3249
 1305.27 2497.14 2949.86 485.967 86.4467
F
 0.100952 0.708077 1.036 1.06188 1.06328
 0.0984313 0.690397 1.01013 1.03537 1.03673
 0.201828 1.41562 2.07121 2.12296 2.12575
 0.0593241 0.416099 0.6088 0.62401 0.624832
 0.0115257 0.080841 0.11828 0.121235 0.121394
 0.130915 0.918238 1.34349 1.37705 1.37886
 0.101586 0.712524 1.0425 1.06855 1.06996
 0.158775 1.11365 1.62939 1.6701 1.6723
 0.174082 1.22101 1.78648 1.83111 1.83352
 0.0979535 0.687045 1.00523 1.03034 1.0317
 0.160671 1.12694 1.64885 1.69004 1.69226
 0.153358 1.07565 1.5738 1.61312 1.61525
 0.249816 1.75221 2.56368 2.62773 2.63119
 0.470227 3.29817 4.8256 4.94616 4.95267
 0.462187 3.24178 4.74309 4.86159 4.86799
 0.179607 1.25976 1.84317 1.88922 1.89171
 0.156666 1.09885 1.60775 1.64791 1.65008
 0.138372 0.970539 1.42001 1.45549 1.4574
 0.125355 0.879236 1.28642 1.31856 1.3203
 0.145939 1.02361 1.49766 1.53508 1.5371
 0.0721225 0.505867 0.740141 0.758632 0.759631
 0.0728722 0.511125 0.747835 0.766518 0.767527
 0.081215 0.569642 0.83345 0.854273 0.855397
 0.0818616 0.574177 0.840086 0.861074 0.862208
 0.0710437 0.4983 0.72907 0.747284 0.748268
 0.093119 0.653136 0.955612 0.979486 0.980776
Np
 15986.7 7216.34 2335.98 336.299 259.517
YTP_r0W_actual
 12024.7 64582.9 105776 20433.6 3950.89
YTP_p0W_proyectada
 8626.68 72314.3 26853.2 23311.5 4862.32
 8626.68 56810.3 34793.5 6498.35 5569.56
CTP_r0_actual
 1336.08 2542.63 2996.5 493.565 87.7975
CTP_p0_proyectada
 1052.03 3347.88 855.196 581.335 109.266
 1052.03 2630.1 1108.07 162.054 125.159
Wmedp
 8.2 21.6 31.4 40.1 44.5
nmprior
 10.8 10.6 4.6 0
nm_flota  nm_reclas  nm_pelaces    nm_pelaL
inf 23.7957 9.8542 24.6076
cv_recla  cv_pelaces  cv_mph
0.733083 2.1513 0.602842
 ------------------------------------------------
Talla a la edad & desviaci?n 
 7.2 14.2025 17.0495 18.207 18.6776
 1.08 2.13037 2.55742 2.73105 2.80164
