years
 1997 1998 1999 2000 2001 2002 2003 2004 2005 2006 2007 2008 2009 2010 2011 2012 2013 2014 2015 2016 2017 2018 2019 2020
reclasobs
 0 0 0 370054 412103 1.49427e+06 250295 1.28982e+06 931140 785840 897777 1.04006e+06 184774 17550 25797 100020 73551 82996 120727 218422 84188 347160 605670 569463
reclaspred
 487565 125589 318658 217537 353890 435755 952608 658447 748379 763794 642436 440119 272414 112737 68322.7 66162.2 78174.3 105988 116624 159119 238361 225565 385864 453148
pelacesobs
 0 0 0 0 0 0 0 0 0 2.06254e+06 1.5e+06 0 1.87456e+06 323000 250000 174000 83755 137374 0 501740 490994 745055 786931 1.00524e+06
pelacespred
 1.9971e+06 436165 675967 734726 1.05675e+06 1.01843e+06 2.67038e+06 2.16102e+06 2.23701e+06 2.30001e+06 1.66994e+06 1.19485e+06 726930 232659 145946 152814 189219 271075 298198 402637 699562 635431 874859 1.16988e+06
mphobs
 0 0 0 0 0 0 112323 0 153150 637223 0 255016 313432 73983 77613 109348 50772 17779 17303 59886 28197 0 207744 136588
mphpred
 165320 90797 100588 97687.4 113870 193814 284625 345689 303427 324096 327816 228737 136852 77306.5 30899.8 25486 27498.2 37779 51720.7 56317.1 89892.8 114630 140617 201791
desembarqueobs
 350755 77701 442110 56441 14545 235359 269955 359681 431902 328805 639364 411747 362871 311530 167758 66681 60226 58785 57116 73181 50977 67692 138656 160484
desembarquepred
 350761 77699.4 442090 56444.1 14545.3 235436 270018 359673 431941 328809 639308 411785 362947 311635 167589 66675.7 60251.6 58778.8 57100.5 73176.6 50978.7 67681 138654 160488
Reclutas
 36360.1 44139.3 22726.9 34284.8 61309.2 43555.6 77790.4 76976 100197 115311 65951.1 44958.9 46768.5 24809.8 14877.7 13464.9 9814.36 12025.2 12933.1 20295.1 26457.8 34932.7 53199.7 55537.8
log_desv_Rt
 0.0312423 0.225122 -0.438681 -0.0275281 0.5537 0.211808 0.791789 0.781264 1.04491 1.1854 0.626684 0.24352 0.28298 -0.350992 -0.862366 -0.96214 -1.27838 -1.07522 -1.00244 -0.551849 -0.286678 -0.00880674 0.411824 0.454835
SSB
 450842 247611 274312 266402 310534 528547 754420 931465 807215 864619 893982 623787 387336 202698 85972 70682 79474.8 103070 132474 152691 228700 280279 354330 483525
BT
 1.54678e+06 377098 655629 485808 632322 745603 1.79857e+06 1.65826e+06 1.73434e+06 1.66309e+06 1.53075e+06 1.05851e+06 782842 427031 227531 145538 161063 207765 218056 296023 452556 417897 596615 800325
Ftot
 0.951137 0.871846 1.50855 0.322609 0.0560371 0.527761 0.332783 0.656022 0.736271 0.543614 1.02261 0.911104 1.47552 2.89887 3.32873 1.37282 1.00652 0.699939 0.550399 0.569159 0.264699 0.324978 0.386608 0.395248
BD_Bspro_t
 0.911076 0.639903 0.560348 0.37875 0.542392 0.720909 0.667698 0.685052 0.619716 0.590985 0.568406 0.40823 0.302799 0.205703 0.110459 0.111763 0.166788 0.26948 0.376883 0.470139 0.597853 0.705057 0.717607 0.717261
BD_Bspro
 0.621738 0.341471 0.378292 0.367384 0.428244 0.728898 1.04039 1.28454 1.1132 1.19236 1.23285 0.860239 0.53416 0.279533 0.11856 0.0974746 0.1096 0.142139 0.18269 0.21057 0.31539 0.386521 0.488642 0.666809
BD_Bo
 0.526292 0.28905 0.320219 0.310985 0.362503 0.617001 0.880674 1.08735 0.942305 1.00932 1.04359 0.72818 0.452158 0.23662 0.10036 0.0825108 0.0927752 0.120319 0.154644 0.178245 0.266973 0.327184 0.413629 0.564444
BD_Brms
 0.956894 0.525545 0.582216 0.565428 0.659096 1.12182 1.60123 1.977 1.71328 1.83512 1.89744 1.32396 0.822106 0.430219 0.182472 0.15002 0.168682 0.218762 0.281171 0.324081 0.485406 0.594881 0.752052 1.02626
S_f
 0.10803 0.697077 0.97764 0.998798 0.999937
 0.10803 0.697077 0.97764 0.998798 0.999937
 0.10803 0.697077 0.97764 0.998798 0.999937
 0.10803 0.697077 0.97764 0.998798 0.999937
 0.10803 0.697077 0.97764 0.998798 0.999937
 0.10803 0.697077 0.97764 0.998798 0.999937
 0.10803 0.697077 0.97764 0.998798 0.999937
 0.10803 0.697077 0.97764 0.998798 0.999937
 0.10803 0.697077 0.97764 0.998798 0.999937
 0.10803 0.697077 0.97764 0.998798 0.999937
 0.10803 0.697077 0.97764 0.998798 0.999937
 0.10803 0.697077 0.97764 0.998798 0.999937
 0.10803 0.697077 0.97764 0.998798 0.999937
 0.10803 0.697077 0.97764 0.998798 0.999937
 0.10803 0.697077 0.97764 0.998798 0.999937
 0.10803 0.697077 0.97764 0.998798 0.999937
 0.10803 0.697077 0.97764 0.998798 0.999937
 0.10803 0.697077 0.97764 0.998798 0.999937
 0.10803 0.697077 0.97764 0.998798 0.999937
 0.10803 0.697077 0.97764 0.998798 0.999937
 0.10803 0.697077 0.97764 0.998798 0.999937
 0.10803 0.697077 0.97764 0.998798 0.999937
 0.10803 0.697077 0.97764 0.998798 0.999937
 0.10803 0.697077 0.97764 0.998798 0.999937
Scru_reclas
 0.753615 1 1 1 1
 0.753615 1 1 1 1
 0.753615 1 1 1 1
 0.753615 1 1 1 1
 0.753615 1 1 1 1
 0.753615 1 1 1 1
 0.753615 1 1 1 1
 0.753615 1 1 1 1
 0.753615 1 1 1 1
 0.753615 1 1 1 1
 0.753615 1 1 1 1
 0.753615 1 1 1 1
 0.753615 1 1 1 1
 0.753615 1 1 1 1
 0.753615 1 1 1 1
 0.753615 1 1 1 1
 0.753615 1 1 1 1
 0.753615 1 1 1 1
 0.753615 1 1 1 1
 0.753615 1 1 1 1
 0.753615 1 1 1 1
 0.753615 1 1 1 1
 0.753615 1 1 1 1
 0.753615 1 1 1 1
Scru_pelaces
 0.786387 1 1 1 1
 0.786387 1 1 1 1
 0.786387 1 1 1 1
 0.786387 1 1 1 1
 0.786387 1 1 1 1
 0.786387 1 1 1 1
 0.786387 1 1 1 1
 0.786387 1 1 1 1
 0.786387 1 1 1 1
 0.786387 1 1 1 1
 0.786387 1 1 1 1
 0.786387 1 1 1 1
 0.786387 1 1 1 1
 0.786387 1 1 1 1
 0.786387 1 1 1 1
 0.786387 1 1 1 1
 0.786387 1 1 1 1
 0.786387 1 1 1 1
 0.786387 1 1 1 1
 0.786387 1 1 1 1
 0.786387 1 1 1 1
 0.786387 1 1 1 1
 0.786387 1 1 1 1
 0.786387 1 1 1 1
pf_obs 
 0.256992 0.487395 0.22802 0.0275931 0
 0.321318 0.546541 0.124235 0.00734118 0.000564706
 0.182869 0.594174 0.210203 0.0122559 0.00049798
 0.330522 0.361315 0.267642 0.0388342 0.00168674
 0.649043 0.306663 0.0425973 0.00169635 0
 0.582887 0.30429 0.105238 0.00758474 0
 0.465427 0.430635 0.0974691 0.00646863 0
 0.296916 0.608066 0.0921331 0.00288517 0
 0.311714 0.524322 0.152257 0.0117073 0
 0.15457 0.633149 0.183074 0.0267441 0.00246327
 0.131901 0.49318 0.331252 0.0422183 0.00144891
 0.196976 0.569456 0.194076 0.0375587 0.00193317
 0.518974 0.381816 0.0799577 0.0180837 0.00116848
 0.0928022 0.601141 0.25162 0.0475244 0.00691264
 0.122501 0.610282 0.24278 0.0234846 0.000952079
 0.383417 0.481906 0.127806 0.00687128 0
 0.0376549 0.599619 0.316969 0.0457579 0
 0.0361596 0.667082 0.258105 0.0386534 0
 0.158088 0.579412 0.248529 0.0139706 0
 0.0477256 0.309471 0.559284 0.082774 0.000745712
 0.0406174 0.521527 0.379366 0.0568643 0.0016247
 0.151134 0.462217 0.34131 0.0453401 0
 0.294876 0.26143 0.354403 0.0886775 0.000613685
 0.281977 0.475581 0.204845 0.0348837 0.00271318
pf_pred 
 0.307106 0.473877 0.195626 0.0233782 1.28825e-05
 0.288384 0.555291 0.121904 0.0308527 0.0035681
 0.160206 0.639147 0.171006 0.023279 0.00636255
 0.276857 0.460282 0.224313 0.0330552 0.00549247
 0.288109 0.491375 0.158287 0.0532927 0.00893679
 0.149125 0.585797 0.200715 0.0464766 0.0178861
 0.253402 0.394619 0.270952 0.0617606 0.0192666
 0.205909 0.546664 0.153809 0.0724787 0.0211394
 0.252377 0.482723 0.205322 0.0374467 0.022132
 0.240166 0.539071 0.163691 0.0445394 0.0125332
 0.142119 0.586733 0.213769 0.0428497 0.0145284
 0.146446 0.493869 0.281584 0.0620238 0.016077
 0.232305 0.459905 0.212979 0.0747555 0.0200553
 0.217738 0.612485 0.124669 0.0316169 0.0134903
 0.298629 0.595826 0.0952426 0.00769955 0.00260231
 0.334576 0.599007 0.0624628 0.00359376 0.000360296
 0.214964 0.638997 0.137468 0.00807922 0.000491348
 0.255131 0.503406 0.212084 0.0277095 0.00166947
 0.226982 0.546422 0.173269 0.0470062 0.00632108
 0.282979 0.472368 0.192262 0.0403207 0.0120705
 0.250044 0.540163 0.156538 0.0421003 0.0111555
 0.231957 0.503689 0.208369 0.0420258 0.0139594
 0.25937 0.477793 0.193328 0.0550741 0.014435
 0.204444 0.544602 0.182865 0.0504187 0.01767
pobs_RECLAS
 0 0 0 0 0
 0 0 0 0 0
 0 0 0 0 0
 0 0 0 0 0
 0.835266 0.146461 0.0176864 0.000547809 3.91292e-05
 0.385257 0.428462 0.181853 0.0044286 0
 0.867414 0.0963971 0.0333333 0.00285562 0
 0.441836 0.489002 0.0689373 0.000224442 0
 0.779404 0.147425 0.0564933 0.0165055 0.000172143
 0.814271 0.122319 0.05973 0.00367925 0
 0.40263 0.566651 0.0304383 0.000280538 0
 0.475488 0.404961 0.113038 0.00651328 0
 0.955842 0.0263864 0.0167828 0.000988607 0
 0.975058 0.0227948 0.00214734 0 0
 0.738997 0.206755 0.0527124 0.00153531 0
 0.850938 0.134255 0.0134407 0.00136685 0
 0.542534 0.407297 0.0501686 0 0
 0.764087 0.199537 0.0359546 0.000420521 0
 0.470689 0.182191 0.310203 0.0369168 0
 0.84361 0.089868 0.0606195 0.00523954 0.000663233
 0.607945 0.314616 0.071237 0.00620181 0
 0.523733 0.453247 0.0230204 0 0
 0.530135 0.295979 0.169645 0.0042399 0
 0.562478 0.366248 0.0663022 0.0049721 0
ppred_RECLAS
 0.715251 0.215992 0.0615693 0.007183 3.95311e-06
 0.6885 0.260859 0.0396971 0.00981143 0.00113325
 0.525504 0.392504 0.070157 0.00929775 0.00253759
 0.678671 0.229034 0.0790141 0.0113905 0.00189044
 0.68434 0.239546 0.0549668 0.0181131 0.00303396
 0.490442 0.38706 0.0932661 0.0211153 0.00811628
 0.66033 0.208639 0.101381 0.0226058 0.00704376
 0.589691 0.312259 0.0614845 0.0283164 0.00824877
 0.65608 0.249084 0.0738954 0.013168 0.00777298
 0.633115 0.285257 0.0608806 0.0161956 0.00455188
 0.485879 0.390584 0.0978999 0.0191517 0.00648507
 0.501614 0.331973 0.130957 0.028165 0.00729129
 0.650645 0.241864 0.0749933 0.0256308 0.0068664
 0.655979 0.295831 0.0357337 0.00873609 0.00372021
 0.750984 0.226349 0.0205347 0.00159449 0.000537744
 0.732886 0.248565 0.0174712 0.000979328 9.80468e-05
 0.598612 0.34688 0.0513823 0.00294736 0.000179016
 0.656308 0.257613 0.0758165 0.00967969 0.000582477
 0.616118 0.297617 0.0663141 0.0175886 0.00236235
 0.686952 0.229858 0.065694 0.0134687 0.00402715
 0.640998 0.281824 0.0579072 0.0152373 0.00403279
 0.623554 0.274823 0.0804763 0.0158783 0.00526798
 0.659263 0.245769 0.0702643 0.0195783 0.00512544
 0.583706 0.314532 0.0746022 0.0201182 0.00704244
pobs_PELACES
 0 0 0 0 0
 0 0 0 0 0
 0 0 0 0 0
 0 0 0 0 0
 0 0 0 0 0
 0 0 0 0 0
 0 0 0 0 0
 0 0 0 0 0
 0 0 0 0 0
 0 0 0 0 0
 0.450072 0.473896 0.0757376 0.000293798 0
 0 0 0 0 0
 0.463077 0.371075 0.160297 0.00555027 0
 0.529543 0.364841 0.0842815 0.0213345 0
 0.631943 0.363953 0.00410389 0 0
 0.735681 0.248677 0.0153453 0.000297389 0
 0.695825 0.281241 0.0229344 0 0
 0.275771 0.60734 0.115278 0.00161068 0
 0 0 0 0 0
 0.896147 0.0623911 0.0374545 0.00400742 0
 0.803859 0.145111 0.0509908 3.86294e-05 0
 0.739449 0.233085 0.0266225 0.000797448 4.60066e-05
 0.878498 0.100942 0.0204185 0.000141795 0
 0.694673 0.275183 0.0284847 0.00165964 0
ppred_PELACES
 0.763001 0.183536 0.0479075 0.00555214 3.05449e-06
 0.734592 0.225143 0.031605 0.007764 0.000896475
 0.613235 0.327382 0.050889 0.00667355 0.00182035
 0.70298 0.213532 0.0714981 0.0102838 0.00170656
 0.696043 0.230959 0.0527222 0.0173667 0.00290887
 0.529629 0.361512 0.0829558 0.018712 0.00719106
 0.686541 0.194859 0.0918121 0.0204246 0.00636334
 0.633522 0.282998 0.0524391 0.0240402 0.00700136
 0.70061 0.220913 0.0612193 0.0108532 0.0064048
 0.669303 0.260014 0.0527692 0.0139846 0.00392967
 0.551598 0.348331 0.0794222 0.0154265 0.00522164
 0.563146 0.299193 0.108478 0.0231826 0.00599939
 0.729526 0.195082 0.0527641 0.0178486 0.00477893
 0.783403 0.19272 0.0177992 0.0042643 0.00181395
 0.860336 0.130111 0.0086732 0.000657988 0.00022163
 0.79036 0.196719 0.0121767 0.000676039 6.76477e-05
 0.657036 0.30003 0.0404881 0.00230619 0.00014002
 0.698779 0.229416 0.0632813 0.0080399 0.000483675
 0.653414 0.271788 0.0575503 0.0152056 0.00204186
 0.721731 0.207192 0.0561763 0.0114717 0.00342931
 0.663524 0.265549 0.0532422 0.0139839 0.00370069
 0.649891 0.25769 0.0732226 0.0144143 0.00478171
 0.687352 0.227784 0.0628327 0.0174604 0.00457032
 0.614532 0.293874 0.0671979 0.0180715 0.00632505
pobs_pel_tallas
 0 0 0 0 0 0 0 0 0 0 0 0 0 0 0 0 0 0 0 0 0 0 0 0 0 0 0 0 0 0 0 0 0 0 0 0
 0 0 0 0 0 0 0 0 0 0 0 0 0 0 0 0 0 0 0 0 0 0 0 0 0 0 0 0 0 0 0 0 0 0 0 0
 0 0 0 0 0 0 0 0 0 0 0 0 0 0 0 0 0 0 0 0 0 0 0 0 0 0 0 0 0 0 0 0 0 0 0 0
 0 0 0 0 0 0 0 0 0 0 0 0 0 0 0 0 0 0 0 0 0 0 0 0 0 0 0 0 0 0 0 0 0 0 0 0
 0 0 0 0 0 0 0 0 0 0 0 0 0 0 0 0 0 0 0 0 0 0 0 0 0 0 0 0 0 0 0 0 0 0 0 0
 0 0 0 0 0 0 0 0 0 0 0 0 0 0 0 0 0 0 0 0 0 0 0 0 0 0 0 0 0 0 0 0 0 0 0 0
 0 0 0 0 0 0 0 0 0 0 0 0 0 0 0 0 0 0 0 0 0 0 0 0 0 0 0 0 0 0 0 0 0 0 0 0
 0 0 0 0 0 0 0 0 0 0 0 0 0 0 0 0 0 0 0 0 0 0 0 0 0 0 0 0 0 0 0 0 0 0 0 0
 0 0 0 0 0 0 0 0 0 0 0 0 0 0 0 0 0 0 0 0 0 0 0 0 0 0 0 0 0 0 0 0 0 0 0 0
 0 0 0 0 0 0 0 0 0 0 0 0 0 0 0 0 0 0 0 0 0 0 0 0 0 0 0 0 0 0 0 0 0 0 0 0
 0 0 0 0 0 0 0 0 1.78061e-05 0.00172719 0.00360574 0.0105946 0.0120993 0.0124554 0.0147524 0.0171206 0.0266825 0.0428682 0.0675386 0.121331 0.153587 0.119568 0.100827 0.0573624 0.0630603 0.0341343 0.0324427 0.0444173 0.0211091 0.0280891 0.0125444 0.00206551 0 0 0 0
 0 0 0 0 0 0 0 0 0 0 0 0 0 0 0 0 0 0 0 0 0 0 0 0 0 0 0 0 0 0 0 0 0 0 0 0
 0 0 0 0 0 0 0.0133647 0.0140871 0.0187388 0.0205184 0.03894 0.0496705 0.03968 0.0493445 0.0407372 0.0367815 0.0215668 0.0243155 0.0234873 0.0199281 0.019796 0.0243948 0.0301388 0.0376714 0.0412746 0.0863199 0.0771752 0.113111 0.0741005 0.0525337 0.0229764 0.00759418 0.00175318 0 0 0
 0 0 0 0 0 0 0 0 0 0 0.00219441 0.00772107 0.0458388 0.0604681 0.0671733 0.0775358 0.0609151 0.0617685 0.073594 0.0568108 0.0755445 0.0548602 0.0670107 0.0636378 0.0643287 0.046367 0.0373049 0.0286899 0.0247887 0.0153202 0.00654259 0.00121912 0.000365735 0 0 0
 0 0 0 0 0 0 0 0 0 0 0 0 0.000112435 0.00938835 0.0111873 0.0202946 0.0414886 0.0713402 0.111592 0.104902 0.108894 0.110636 0.117776 0.105296 0.107544 0.0401394 0.0192827 0.0124803 0.00416011 0.0028671 0.000618394 0 0 0 0 0
 0 0 0 0 0 0 0 0 0 0 0.00291406 0.0102884 0.027416 0.0768956 0.0749926 0.110853 0.0956884 0.0897413 0.0766577 0.0534642 0.0500743 0.0551293 0.0594112 0.0620874 0.0668451 0.0424026 0.0208742 0.0120726 0.0048766 0.00582813 0.00118941 0.000297354 0 0 0 0
 0 0.00264628 0.0354308 0.0461629 0.0458689 0.0383711 0.0214643 0.0164657 0.0346957 0.0420465 0.0363128 0.0245516 0.0311673 0.0291091 0.0169068 0.0133784 0.00837989 0.0085269 0.0148486 0.0160247 0.0276389 0.0546898 0.0760071 0.122758 0.109233 0.0665981 0.0333725 0.0166128 0.00676272 0.00308733 0.000882094 0 0 0 0 0
 0 0 0 0 0 0 0 0.000805153 0.000690131 0.00759144 0.0133425 0.0154129 0.00931677 0.000345066 0.00356568 0.00563607 0.00851162 0.0253048 0.0502646 0.0516448 0.0657925 0.0565908 0.0611916 0.0827007 0.0866115 0.110766 0.145733 0.0935128 0.0569358 0.0249597 0.0138026 0.00621118 0.00161031 0.00115022 0 0
 0 0 0 0 0 0 0 0 0 0 0 0 0 0 0 0 0 0 0 0 0 0 0 0 0 0 0 0 0 0 0 0 0 0 0 0
 0.00147267 0.00158595 0.00478618 0.00569244 0.00954404 0.0108468 0.00647125 0.017049 0.0510054 0.094081 0.124002 0.0959785 0.0687766 0.0820023 0.061753 0.0591476 0.0492212 0.0479892 0.0443925 0.0268479 0.0217502 0.0140895 0.0121071 0.0120363 0.00920419 0.00665534 0.0049561 0.00860946 0.00930331 0.0156896 0.0114698 0.00855282 0.00243557 0.00046729 0 2.83206e-05
 0 0 0 0 0.000772559 0.00158375 0.000888443 0.00281984 0.00712685 0.0440552 0.0773331 0.111326 0.0921469 0.0852325 0.0710754 0.0886704 0.0786465 0.0553345 0.0373146 0.0185414 0.00753245 0.00457741 0.012979 0.0271748 0.0457355 0.0583668 0.034881 0.0177882 0.00938659 0.00492506 0.0015258 0.00185414 0.000309023 5.79419e-05 3.86279e-05 0
 0 0.00173294 0.00326652 0 0.00397197 0.00683976 0.00946217 0.0152591 0.00757587 0.0136028 0.0228656 0.0392903 0.0559909 0.0764795 0.0681675 0.0726916 0.0566044 0.0477403 0.0527397 0.0444891 0.0609904 0.0582453 0.0661739 0.0445044 0.0529084 0.0360697 0.0280645 0.0235558 0.0158879 0.00826598 0.00280645 0.00217768 0.000904811 0.00058276 9.20147e-05 0
 0 0 0 0 0 0 0 0 0 0 0 0 0 0 0 0 0 0 0 0 0 0 0 0 0 0 0 0 0 0 0 0 0 0 0 0
 0 0 0 0 0 0 0 0 0 0 0 0 0 0 0 0 0 0 0 0 0 0 0 0 0 0 0 0 0 0 0 0 0 0 0 0
ppred_pel_tallas
 1.00931e-16 3.32906e-05 0.000195389 0.000928793 0.0035759 0.0111511 0.0281669 0.0576332 0.0955337 0.1283 0.139617 0.123156 0.0881671 0.0514709 0.0250094 0.0110667 0.00601181 0.00556628 0.00710218 0.00945166 0.0121142 0.0147648 0.0170958 0.0188222 0.0197329 0.0197374 0.0188833 0.0173379 0.0153409 0.0131462 0.0109714 0.00896777 0.00721464 0.00573241 0.00450421 0.00349683
 1.00831e-16 3.20535e-05 0.000188122 0.000894237 0.00344284 0.0107362 0.0271188 0.055489 0.0919808 0.123533 0.13444 0.118616 0.0849744 0.0497227 0.0243754 0.0111512 0.00657284 0.00653221 0.00849571 0.0113143 0.0144576 0.017544 0.0201998 0.0220801 0.0229365 0.0226743 0.021373 0.0192609 0.0166542 0.0138819 0.0112201 0.00885416 0.00687135 0.00527882 0.00403322 0.00307014
 1.01144e-16 2.67659e-05 0.000157071 0.000746592 0.00287433 0.00896327 0.0226407 0.0463274 0.0767984 0.103155 0.112297 0.0991593 0.0712108 0.0420216 0.0212574 0.0108335 0.00790881 0.00909755 0.0122881 0.0164649 0.0210587 0.0255619 0.0294394 0.0321898 0.0334502 0.0330807 0.0311947 0.0281221 0.0243216 0.0202714 0.0163744 0.0129023 0.00998561 0.00763816 0.00580014 0.00438021
 1.01518e-16 3.06747e-05 0.000180029 0.00085576 0.0032947 0.0102742 0.0259518 0.0531013 0.088023 0.118217 0.128657 0.113515 0.0813245 0.0475962 0.0233514 0.010717 0.00637078 0.00638907 0.00835722 0.0111872 0.0143834 0.0175906 0.0204562 0.0226471 0.023912 0.0241351 0.0233577 0.0217572 0.0195953 0.0171522 0.0146704 0.0123213 0.0101999 0.00833872 0.00673192 0.00535712
 1.01557e-16 3.03728e-05 0.000178255 0.000847326 0.00326222 0.0101729 0.025696 0.052578 0.087156 0.117055 0.127396 0.112412 0.0805563 0.0471904 0.0232334 0.0107985 0.00660219 0.00676278 0.00888627 0.0118838 0.0152439 0.0185867 0.0215327 0.0237265 0.0249058 0.0249589 0.0239476 0.0220816 0.0196599 0.0169969 0.0143588 0.011927 0.00979279 0.0079743 0.00644565 0.00516377
 1.02275e-16 2.31218e-05 0.000135673 0.000644858 0.00248262 0.00774172 0.0195552 0.0400145 0.0663358 0.0891093 0.0970268 0.0857231 0.0616656 0.0365984 0.0189021 0.0102701 0.00828862 0.0100649 0.0137856 0.018551 0.0238076 0.0290183 0.0335988 0.0369938 0.038793 0.0388228 0.037182 0.0342024 0.0303561 0.0261397 0.0219744 0.0181478 0.0148046 0.0119738 0.00961326 0.00765247
 1.02366e-16 2.99571e-05 0.000175818 0.000835744 0.00321764 0.0100339 0.0253448 0.0518592 0.0859637 0.115451 0.125644 0.110851 0.0794036 0.0464478 0.0227437 0.010366 0.00606849 0.00602154 0.00787433 0.0105786 0.0136714 0.0168315 0.0197401 0.0220911 0.0236452 0.0242783 0.0240017 0.0229453 0.0213143 0.0193335 0.0172009 0.0150612 0.0130021 0.0110668 0.00927378 0.00763265
 1.0199e-16 2.76487e-05 0.000162257 0.000771259 0.00296933 0.00925951 0.0233889 0.047858 0.0793341 0.106556 0.115987 0.102387 0.073463 0.0432183 0.0216189 0.0106207 0.00726738 0.00804837 0.0107865 0.0144613 0.018542 0.0225854 0.0261318 0.0287491 0.0301204 0.030116 0.0288191 0.0264947 0.0235155 0.0202703 0.0170853 0.0141788 0.0116551 0.0095271 0.00775289 0.00627087
 1.01614e-16 3.05716e-05 0.000179423 0.000852879 0.0032836 0.0102396 0.0258644 0.0529226 0.0877269 0.11782 0.128226 0.113139 0.081064 0.0474613 0.0233176 0.0107554 0.00646609 0.00654009 0.00856922 0.011464 0.0147216 0.0179762 0.0208644 0.0230443 0.0242612 0.0244026 0.0235203 0.0218071 0.0195418 0.0170194 0.0144921 0.0121339 0.0100359 0.00822175 0.00667417 0.00535964
 1.01498e-16 2.9208e-05 0.000171414 0.000814796 0.00313696 0.00978228 0.0247094 0.0505595 0.0838112 0.112566 0.122519 0.108131 0.0775347 0.0455144 0.0225832 0.0107895 0.00699229 0.00746949 0.00991873 0.0132761 0.017014 0.0207145 0.0239515 0.0263259 0.0275448 0.0274876 0.026231 0.0240198 0.0212 0.0181341 0.0151281 0.01239 0.0100221 0.00804108 0.00641124 0.00507568
 1.02015e-16 2.40792e-05 0.000141295 0.000671588 0.00258554 0.00806268 0.0203659 0.0416732 0.0690847 0.0927992 0.101038 0.0892502 0.0641668 0.0380104 0.0194982 0.0103803 0.00812967 0.00972368 0.0132717 0.0178464 0.0228953 0.0278953 0.032282 0.0355196 0.0372129 0.0371955 0.0355644 0.0326419 0.0288862 0.0247797 0.0207317 0.0170223 0.0137932 0.0110728 0.0088198 0.00696435
 1.02715e-16 2.45808e-05 0.000144244 0.000685619 0.00263958 0.00823122 0.0207916 0.0425437 0.0705263 0.094731 0.103128 0.0910675 0.0654093 0.038618 0.0195746 0.0100447 0.00742957 0.00863354 0.0117348 0.0158202 0.0203869 0.0249854 0.0291323 0.0323625 0.0343209 0.0348384 0.0339622 0.0319269 0.0290835 0.0258093 0.0224307 0.0191793 0.0161846 0.0134952 0.0111109 0.00901266
 1.0165e-16 3.18314e-05 0.000186821 0.000888058 0.00341906 0.010662 0.0269314 0.0551055 0.0913443 0.122675 0.133502 0.117774 0.0843405 0.0492906 0.0240504 0.0108142 0.00612077 0.00588821 0.00760772 0.0101588 0.0130496 0.015947 0.018529 0.0204946 0.0216189 0.0218022 0.0210881 0.0196438 0.017711 0.0155453 0.013364 0.0113161 0.00947848 0.00787051 0.00647752 0.00527248
 1.00547e-16 3.41805e-05 0.000200613 0.000953626 0.00367152 0.0114493 0.02892 0.0591742 0.0980881 0.13173 0.14335 0.126449 0.0905251 0.0528479 0.0256783 0.0113601 0.00616248 0.00568795 0.00723117 0.00958353 0.0122201 0.0147962 0.0169885 0.0185028 0.01913 0.0187949 0.0175737 0.015671 0.0133664 0.0109491 0.00866026 0.00665952 0.00501899 0.00373872 0.00277329 0.00205836
 1.00199e-16 3.75326e-05 0.000220299 0.00104723 0.00403192 0.0125732 0.0317589 0.0649823 0.107713 0.144649 0.157389 0.138786 0.0992548 0.0577381 0.0276693 0.0115856 0.00535368 0.00411881 0.00490794 0.00642669 0.0081722 0.00987587 0.0113123 0.0122821 0.0126451 0.0123531 0.0114613 0.0101124 0.00850042 0.00682528 0.00525372 0.00389592 0.00280101 0.00196758 0.00136188 0.000936205
 1.00264e-16 3.4484e-05 0.000202395 0.000962096 0.00370413 0.011551 0.0291769 0.0596998 0.0989594 0.1329 0.144624 0.127574 0.0913315 0.0533216 0.0259136 0.0114724 0.00623353 0.00575948 0.0073187 0.00968844 0.0123345 0.0149038 0.0170654 0.0185191 0.0190537 0.0185969 0.017233 0.015179 0.0127294 0.0101875 0.00780633 0.00575291 0.00410149 0.00284951 0.00194511 0.00131512
 1.00759e-16 2.86747e-05 0.000168279 0.000799886 0.00307954 0.0096032 0.0242571 0.0496344 0.0822789 0.110512 0.120293 0.10619 0.0761953 0.0448324 0.0224379 0.0110399 0.00757062 0.008385 0.0112172 0.0149973 0.0191587 0.0232245 0.026701 0.0291288 0.0301776 0.0297236 0.0278775 0.0249499 0.0213701 0.0175848 0.0139699 0.0107785 0.00813046 0.00603587 0.00443414 0.00323394
 1.01272e-16 3.04921e-05 0.000178955 0.000850655 0.00327504 0.0102129 0.025797 0.0527846 0.0874984 0.117514 0.127895 0.112852 0.0808692 0.0473691 0.0233129 0.0108213 0.00659773 0.00674488 0.00885998 0.0118513 0.0152074 0.0185495 0.0214985 0.0236984 0.0248842 0.0249405 0.0239236 0.0220387 0.0195814 0.0168656 0.0141606 0.0116543 0.00944614 0.00756351 0.00598834 0.00468276
 1.01524e-16 2.85157e-05 0.000167348 0.000795464 0.00306253 0.00955015 0.0241231 0.04936 0.0818233 0.109897 0.119619 0.105582 0.0757302 0.0445013 0.0221665 0.010734 0.00714553 0.00777362 0.0103716 0.0138943 0.0178108 0.0216892 0.0250849 0.02758 0.0288673 0.0288195 0.0275149 0.0252079 0.022259 0.0190462 0.01589 0.0130087 0.010511 0.00841684 0.00669108 0.00527631
 1.0142e-16 3.1492e-05 0.000184828 0.000878577 0.00338255 0.0105482 0.0266439 0.0545172 0.0903696 0.121368 0.132082 0.116529 0.0834667 0.048815 0.0238839 0.0108501 0.00629535 0.0061852 0.00803718 0.0107359 0.0137807 0.0168212 0.0195149 0.0215409 0.0226606 0.0227692 0.0219163 0.0202842 0.018136 0.0157503 0.0133648 0.0111443 0.00917457 0.00747796 0.00603776 0.00482153
 1.01496e-16 2.89563e-05 0.000169935 0.000807765 0.00310989 0.00969786 0.0244961 0.0501233 0.0830883 0.111595 0.121465 0.107205 0.0768805 0.0451498 0.0224385 0.0107807 0.00706577 0.00760623 0.0101196 0.013548 0.017361 0.0211338 0.0244315 0.0268464 0.0280797 0.0280087 0.0267124 0.0244418 0.0215512 0.0184115 0.0153364 0.0125384 0.0101221 0.00810458 0.0064486 0.00509529
 1.01843e-16 2.83615e-05 0.000166444 0.00079117 0.003046 0.00949861 0.0239928 0.0490934 0.0813811 0.109303 0.118969 0.105003 0.0753016 0.0442238 0.0219811 0.0105672 0.00693763 0.00748404 0.00997597 0.0133837 0.0171953 0.0210016 0.0243816 0.0269366 0.0283684 0.0285449 0.0275246 0.0255313 0.0228886 0.0199404 0.0169805 0.014213 0.0117456 0.00960783 0.00778174 0.00623015
 1.0178e-16 2.99938e-05 0.00017603 0.000836747 0.00322149 0.0100459 0.0253752 0.0519216 0.0860679 0.115593 0.125805 0.11101 0.0795527 0.0466056 0.0229516 0.0106784 0.00654548 0.0067215 0.00884515 0.0118443 0.0152168 0.0185902 0.021591 0.0238673 0.0251562 0.0253411 0.0244736 0.02275 0.0204547 0.0178887 0.0153086 0.0128914 0.0107295 0.00884706 0.0072274 0.0058383
 1.01967e-16 2.68211e-05 0.000157398 0.000748154 0.00288036 0.00898207 0.0226882 0.0464242 0.076958 0.103366 0.11252 0.0993387 0.0713015 0.0419987 0.0211056 0.0105291 0.0074115 0.00835525 0.0112509 0.0151028 0.0193801 0.0236276 0.0273674 0.0301482 0.0316361 0.0316899 0.0303888 0.0280009 0.0249079 0.0215108 0.0181496 0.0150559 0.0123456 0.0100415 0.00810971 0.00649419
pSPR Fmed_Fpbrs
0.512805   0.6 0.325
Fs Fmed_Fpbrs
0.64   0.442056 1.50244
SSBpbr Bo_Bmed_Bpbrs
856639  396457  471151 235576
Ro
35241.7
SPR SPRFo_SPRFmed_SPRFpbrs
725132 371852 235668
log_Ro
10.29
likeval ReclasPelacesDesembMPH_pf_preclas_ppelaces_ptallas_desvR_qrecl_qpela
 63.2331 14.9693 0.00835782 0.000462731 303.662 172.911 46.5101 0 15.5748 8.15514e-06 7.52032e-05 7.33836e-15 0 0 0
q_reclas_q_pelaces
0.667199 3.43412
M
0.7
N
 36360.1 10950 3566.86 420.337 0.231455
 44139.3 16292.7 2801.97 698.945 80.7706
 22726.9 19948.7 4406.04 593.316 162.07
 34284.8 9588.64 3461.11 500.653 83.1067
 61309.2 16442.2 3802.64 1253.82 210.023
 43555.6 30261.5 7852.15 1787.67 687.348
 77790.4 20430.4 10401.9 2327.57 725.389
 76976 37265.5 8044.98 3730.88 1087.24
 100197 35609.9 11713.8 2103.69 1242.32
 115311 45952.2 10584.4 2831.94 796.182
 65951.1 53995.7 15621.7 3089.24 1046.67
 44958.9 29325 13145.3 2854.56 739.364
 46768.5 20233.1 7716.27 2678.71 718.221
 24809.8 19802.5 3592.23 905.569 386.268
 14877.7 9007.62 1303.52 104.844 35.426
 13464.9 5156.51 439.415 24.9912 2.50399
 9814.36 5764.87 983.433 57.0151 3.46494
 12025.2 4371.52 1419.29 182.551 10.9894
 12933.1 5536.67 1332.69 355.535 47.7675
 20295.1 6051.66 1873.34 386.396 115.57
 26457.8 9477.25 2020.98 533.279 141.162
 34932.7 12768.2 3913.29 774.765 257.094
 53199.7 16748.6 5055.22 1414.34 370.346
 55537.8 25337.6 6352.32 1720.23 602.306
pred_Ctot
 2568.6 3963.47 1636.2 195.533 0.107748
 2868.86 5524.08 1212.71 306.925 35.4957
 2481.11 9898.5 2648.37 360.523 98.537
 846.215 1406.85 685.615 101.034 16.7878
 266.203 454.015 146.252 49.2407 8.25731
 1741.66 6841.68 2344.21 542.812 208.896
 1979.62 3082.82 2116.71 482.483 150.514
 3803.01 10096.6 2840.76 1338.64 390.431
 5534.85 10586.5 4502.89 821.24 485.374
 4745.9 10652.6 3234.69 880.141 247.667
 4992.38 20610.8 7509.29 1505.23 510.355
 3048.09 10279.2 5860.79 1290.95 334.622
 5001.61 9901.94 4585.52 1609.51 431.797
 4884.39 13739.5 2796.63 709.242 302.621
 3299.14 6582.45 1052.2 85.0616 28.7493
 1346.18 2410.12 251.321 14.4596 1.44966
 731.794 2175.31 467.978 27.5037 1.67268
 632.571 1248.14 525.841 68.7027 4.13928
 538.766 1296.99 411.273 111.574 15.0038
 873.492 1458.09 593.468 124.461 37.2588
 537.284 1160.68 336.362 90.4635 23.9704
 868.44 1885.79 780.126 157.343 52.2634
 1568.79 2889.91 1169.34 333.113 87.3093
 1673.65 4458.31 1497 412.745 144.653
F
 0.102752 0.663016 0.929869 0.949993 0.951076
 0.0941859 0.607744 0.852352 0.870798 0.871791
 0.162969 1.05158 1.47482 1.50673 1.50845
 0.0348516 0.224884 0.315396 0.322221 0.322589
 0.00605371 0.0390622 0.0547841 0.0559697 0.0560336
 0.0570142 0.367891 0.515961 0.527127 0.527728
 0.0359507 0.231976 0.325342 0.332383 0.332762
 0.0708703 0.457298 0.641354 0.655234 0.655981
 0.0795396 0.513238 0.719807 0.735385 0.736224
 0.0587268 0.378941 0.531459 0.542961 0.54358
 0.110473 0.712838 0.999744 1.02138 1.02254
 0.0984268 0.63511 0.890731 0.910008 0.911046
 0.1594 1.02855 1.44252 1.47374 1.47542
 0.313166 2.02074 2.83405 2.89539 2.89869
 0.359604 2.32038 3.2543 3.32473 3.32852
 0.148307 0.956965 1.34213 1.37117 1.37274
 0.108735 0.701626 0.984019 1.00531 1.00646
 0.0756147 0.487912 0.684289 0.699098 0.699895
 0.0594598 0.383671 0.538092 0.549738 0.550365
 0.0614864 0.396748 0.556432 0.568475 0.569123
 0.0285956 0.184516 0.258781 0.264381 0.264683
 0.0351075 0.226535 0.317712 0.324588 0.324958
 0.0417654 0.269496 0.377963 0.386143 0.386583
 0.0426987 0.275518 0.38641 0.394773 0.395223
Np
 24015.8 11369.8 9642.87 3078.98 902.929
YTP_r0W_actual
 14941.7 93454.1 45188.2 16304 6983.62
YTP_p0W_proyectada
 6622.65 110808 77587.6 22628.7 9007.63
 6622.65 47674.4 78324.2 32505.4 10588.3
CTP_r0_actual
 1867.71 4918.64 1643.21 452.888 158.719
CTP_p0_proyectada
 807.641 5130.02 2470.94 564.307 202.419
 807.641 2207.15 2494.4 810.609 237.938
Wmedp
 8.2 21.6 31.4 40.1 44.5
nmprior
 10.8 10.6 4.6 0
nm_flota  nm_reclas  nm_pelaces    nm_pelaL
inf 20.8048 13.4188 22.5557
cv_recla  cv_pelaces  cv_mph
0.736205 0.455266 0.608428
 ------------------------------------------------
Talla a la edad & desviaci?n 
 7.2 14.2025 17.0495 18.207 18.6776
 1.08 2.13037 2.55742 2.73105 2.80164
