years
 1997 1998 1999 2000 2001 2002 2003 2004 2005 2006 2007 2008 2009 2010 2011 2012 2013 2014 2015 2016 2017 2018 2019 2020 2021
reclasobs
 0 0 0 370054 412103 1.49427e+06 250295 1.28982e+06 931140 785840 897777 1.04006e+06 184774 17550 25797 100020 73551 82996 120727 218422 84188 347160 605670 569463 516374
reclaspred
 489621 126050 318645 215765 350292 434480 950055 657457 746674 766451 648236 444907 273643 112562 67980.3 66086.5 77938.2 105674 116690 158139 236561 222306 375540 462214 542192
pelacesobs
 0 0 0 0 0 0 0 0 0 2.06254e+06 1.5e+06 0 1.87456e+06 323000 250000 174000 83755 137374 0 501740 490994 745055 786931 1.00524e+06 1.33801e+06
pelacespred
 2.02682e+06 438104 676294 728950 1.05079e+06 1.00316e+06 2.67147e+06 2.15247e+06 2.23892e+06 2.31209e+06 1.67542e+06 1.19776e+06 730770 233860 147687 153691 189373 270852 297058 399982 694926 623105 846139 1.18511e+06 1.36067e+06
mphobs
 0 0 0 0 0 0 112323 0 153150 637223 0 255016 313432 73983 77613 109348 50772 17779 17303 59886 28197 0 207744 136588 643089
mphpred
 167220 91680.1 101391 97354.7 113105 192517 282196 345330 303398 325094 330077 229693 137044 77314.1 31076.5 25709.4 27533.9 37708.5 51629.7 56050.3 89291.8 160365 192948 278350 339744
desembarqueobs
 350755 77701 442110 56441 14545 235359 269955 359681 431902 328805 639364 411747 362871 311530 167758 66681 60226 58785 57116 73181 50977 67692 138656 160484 209506
desembarquepred
 350761 77699.2 442087 56444.2 14545.3 235440 270020 359672 431941 328809 639300 411780 362940 311630 167584 66675.1 60251.8 58778.4 57100.1 73176.6 50979 67681.2 138658 160495 209510
Reclutas
 36127.4 43885.5 22273 33308.4 59767.9 42490.5 77187.9 75916.4 99213.6 114810 65574 44938.6 47030.9 25039.1 14829.6 13288.1 9679.22 11860.9 12722.5 19834.6 25790.5 32984.1 51116.4 61141.9 26066.9
log_desv_Rt
 0.0468429 0.241375 -0.436833 -0.0344014 0.550259 0.20907 0.806034 0.789423 1.05707 1.20307 0.64297 0.265087 0.310595 -0.31977 -0.843581 -0.953338 -1.27023 -1.06697 -0.996837 -0.552782 -0.290202 -0.0441853 0.393896 0.572987 -0.279544
SSB
 445478 244238 270107 259355 301315 512868 730490 908847 788223 847063 879333 611908 379148 198551 84735.1 69840.1 78005.2 100767 129423 148840 222296 271548 336896 461792 623307
BT
 1.53477e+06 373133 645590 472987 614913 725549 1.7648e+06 1.62614e+06 1.70628e+06 1.64098e+06 1.51289e+06 1.04561e+06 775955 424422 226264 143989 158658 204130 213722 289240 440671 403147 570262 799246 899594
Ftot
 0.97938 0.898459 1.55842 0.336114 0.0584745 0.551285 0.348454 0.682776 0.766437 0.563595 1.05514 0.941459 1.53359 3.02191 3.45337 1.41814 1.04394 0.728033 0.571567 0.592505 0.276132 0.339944 0.412659 0.41829 0.380396
BD_Bspro_t
 0.909519 0.636685 0.556265 0.372746 0.535202 0.714811 0.660761 0.679756 0.613946 0.585925 0.564031 0.403444 0.298087 0.202046 0.108898 0.110378 0.163885 0.264699 0.371202 0.46365 0.591109 0.698472 0.707348 0.708517 0.711266
BD_Bspro
 0.628478 0.344569 0.381066 0.365897 0.425094 0.723552 1.03057 1.2822 1.11202 1.19503 1.24056 0.863276 0.534901 0.280114 0.119544 0.09853 0.110049 0.142162 0.182589 0.209983 0.313614 0.383098 0.475291 0.651493 0.879358
BD_Bo
 0.523866 0.287215 0.317637 0.304992 0.354336 0.603115 0.859031 1.06877 0.926922 0.996116 1.03406 0.719582 0.445865 0.233488 0.0996454 0.0821295 0.0917313 0.118499 0.152197 0.175031 0.261412 0.31933 0.396178 0.54305 0.732987
BD_Brms
 0.952484 0.522209 0.577521 0.554531 0.644247 1.09657 1.56187 1.94322 1.68531 1.81112 1.88012 1.30833 0.810664 0.424524 0.181174 0.149326 0.166784 0.215452 0.276721 0.318238 0.475294 0.580601 0.720323 0.987364 1.3327
S_f
 0.10387 0.687723 0.976659 0.998744 0.999934
 0.10387 0.687723 0.976659 0.998744 0.999934
 0.10387 0.687723 0.976659 0.998744 0.999934
 0.10387 0.687723 0.976659 0.998744 0.999934
 0.10387 0.687723 0.976659 0.998744 0.999934
 0.10387 0.687723 0.976659 0.998744 0.999934
 0.10387 0.687723 0.976659 0.998744 0.999934
 0.10387 0.687723 0.976659 0.998744 0.999934
 0.10387 0.687723 0.976659 0.998744 0.999934
 0.10387 0.687723 0.976659 0.998744 0.999934
 0.10387 0.687723 0.976659 0.998744 0.999934
 0.10387 0.687723 0.976659 0.998744 0.999934
 0.10387 0.687723 0.976659 0.998744 0.999934
 0.10387 0.687723 0.976659 0.998744 0.999934
 0.10387 0.687723 0.976659 0.998744 0.999934
 0.10387 0.687723 0.976659 0.998744 0.999934
 0.10387 0.687723 0.976659 0.998744 0.999934
 0.10387 0.687723 0.976659 0.998744 0.999934
 0.10387 0.687723 0.976659 0.998744 0.999934
 0.10387 0.687723 0.976659 0.998744 0.999934
 0.10387 0.687723 0.976659 0.998744 0.999934
 0.10387 0.687723 0.976659 0.998744 0.999934
 0.10387 0.687723 0.976659 0.998744 0.999934
 0.10387 0.687723 0.976659 0.998744 0.999934
 0.10387 0.687723 0.976659 0.998744 0.999934
Scru_reclas
 0.705509 0.971175 0.997894 0.99985 0.999989
 0.705509 0.971175 0.997894 0.99985 0.999989
 0.705509 0.971175 0.997894 0.99985 0.999989
 0.705509 0.971175 0.997894 0.99985 0.999989
 0.705509 0.971175 0.997894 0.99985 0.999989
 0.705509 0.971175 0.997894 0.99985 0.999989
 0.705509 0.971175 0.997894 0.99985 0.999989
 0.705509 0.971175 0.997894 0.99985 0.999989
 0.705509 0.971175 0.997894 0.99985 0.999989
 0.705509 0.971175 0.997894 0.99985 0.999989
 0.705509 0.971175 0.997894 0.99985 0.999989
 0.705509 0.971175 0.997894 0.99985 0.999989
 0.705509 0.971175 0.997894 0.99985 0.999989
 0.705509 0.971175 0.997894 0.99985 0.999989
 0.705509 0.971175 0.997894 0.99985 0.999989
 0.705509 0.971175 0.997894 0.99985 0.999989
 0.705509 0.971175 0.997894 0.99985 0.999989
 0.705509 0.971175 0.997894 0.99985 0.999989
 0.705509 0.971175 0.997894 0.99985 0.999989
 0.705509 0.971175 0.997894 0.99985 0.999989
 0.705509 0.971175 0.997894 0.99985 0.999989
 0.705509 0.971175 0.997894 0.99985 0.999989
 0.705509 0.971175 0.997894 0.99985 0.999989
 0.705509 0.971175 0.997894 0.99985 0.999989
 0.705509 0.971175 0.997894 0.99985 0.999989
Scru_pelaces
 0.788811 1 1 1 1
 0.788811 1 1 1 1
 0.788811 1 1 1 1
 0.788811 1 1 1 1
 0.788811 1 1 1 1
 0.788811 1 1 1 1
 0.788811 1 1 1 1
 0.788811 1 1 1 1
 0.788811 1 1 1 1
 0.788811 1 1 1 1
 0.788811 1 1 1 1
 0.788811 1 1 1 1
 0.788811 1 1 1 1
 0.788811 1 1 1 1
 0.788811 1 1 1 1
 0.788811 1 1 1 1
 0.788811 1 1 1 1
 0.788811 1 1 1 1
 0.788811 1 1 1 1
 0.788811 1 1 1 1
 0.788811 1 1 1 1
 0.788811 1 1 1 1
 0.788811 1 1 1 1
 0.788811 1 1 1 1
 0.788811 1 1 1 1
pf_obs 
 0.256992 0.487395 0.22802 0.0275931 0
 0.321318 0.546541 0.124235 0.00734118 0.000564706
 0.182869 0.594174 0.210203 0.0122559 0.00049798
 0.330522 0.361315 0.267642 0.0388342 0.00168674
 0.649043 0.306663 0.0425973 0.00169635 0
 0.582887 0.30429 0.105238 0.00758474 0
 0.465427 0.430635 0.0974691 0.00646863 0
 0.296916 0.608066 0.0921331 0.00288517 0
 0.311714 0.524322 0.152257 0.0117073 0
 0.15457 0.633149 0.183074 0.0267441 0.00246327
 0.131901 0.49318 0.331252 0.0422183 0.00144891
 0.196976 0.569456 0.194076 0.0375587 0.00193317
 0.518974 0.381816 0.0799577 0.0180837 0.00116848
 0.0928022 0.601141 0.25162 0.0475244 0.00691264
 0.122501 0.610282 0.24278 0.0234846 0.000952079
 0.383417 0.481906 0.127806 0.00687128 0
 0.0376549 0.599619 0.316969 0.0457579 0
 0.0361596 0.667082 0.258105 0.0386534 0
 0.158088 0.579412 0.248529 0.0139706 0
 0.0477256 0.309471 0.559284 0.082774 0.000745712
 0.0406174 0.521527 0.379366 0.0568643 0.0016247
 0.151134 0.462217 0.34131 0.0453401 0
 0.294876 0.26143 0.354403 0.0886775 0.000613685
 0.281977 0.475581 0.204845 0.0348837 0.00271318
 0.0841818 0.532909 0.334909 0.0458182 0.00218182
pf_pred 
 0.3032 0.476126 0.197092 0.0235691 1.28832e-05
 0.284494 0.559852 0.121908 0.0302518 0.00349421
 0.156138 0.644 0.171197 0.0226166 0.00604885
 0.270473 0.464731 0.227342 0.0322856 0.00516805
 0.282995 0.493277 0.161398 0.0537074 0.00862326
 0.146424 0.587108 0.201875 0.0468857 0.0177071
 0.252904 0.395973 0.271287 0.060907 0.0189292
 0.202857 0.553113 0.15298 0.0707654 0.0202842
 0.249968 0.48592 0.206815 0.0363341 0.0209627
 0.238064 0.543264 0.163431 0.0435592 0.0116816
 0.140049 0.591052 0.213591 0.0416417 0.0136667
 0.145153 0.49752 0.28212 0.0601876 0.01502
 0.232146 0.464605 0.21221 0.0724054 0.0186333
 0.218483 0.618017 0.121894 0.0295069 0.0120983
 0.296183 0.60404 0.0909398 0.00670899 0.00212749
 0.329048 0.606738 0.0608441 0.00309272 0.000276918
 0.211657 0.642506 0.137865 0.00756999 0.000401758
 0.25189 0.507467 0.212162 0.0269761 0.00150423
 0.223304 0.550902 0.173954 0.0458725 0.00596743
 0.277686 0.476701 0.194262 0.0398246 0.0115261
 0.24519 0.543647 0.158522 0.0418895 0.0107502
 0.222163 0.509466 0.212211 0.0424225 0.0137371
 0.256844 0.474364 0.198367 0.0559904 0.0144355
 0.225047 0.533726 0.175256 0.0490294 0.0169422
 0.0877269 0.588786 0.248847 0.0546284 0.0200121
pobs_RECLAS
 0 0 0 0 0
 0 0 0 0 0
 0 0 0 0 0
 0 0 0 0 0
 0.835266 0.146461 0.0176864 0.000547809 3.91292e-05
 0.385257 0.428462 0.181853 0.0044286 0
 0.867414 0.0963971 0.0333333 0.00285562 0
 0.441836 0.489002 0.0689373 0.000224442 0
 0.779404 0.147425 0.0564933 0.0165055 0.000172143
 0.814271 0.122319 0.05973 0.00367925 0
 0.40263 0.566651 0.0304383 0.000280538 0
 0.475488 0.404961 0.113038 0.00651328 0
 0.955842 0.0263864 0.0167828 0.000988607 0
 0.975058 0.0227948 0.00214734 0 0
 0.738997 0.206755 0.0527124 0.00153531 0
 0.850938 0.134255 0.0134407 0.00136685 0
 0.542534 0.407297 0.0501686 0 0
 0.764087 0.199537 0.0359546 0.000420521 0
 0.470689 0.182191 0.310203 0.0369168 0
 0.84361 0.089868 0.0606195 0.00523954 0.000663233
 0.607945 0.314616 0.071237 0.00620181 0
 0.523733 0.453247 0.0230204 0 0
 0.530135 0.295979 0.169645 0.0042399 0
 0.562478 0.366248 0.0663022 0.0049721 0
 0.250443 0.683176 0.0655157 0.000865301 0
ppred_RECLAS
 0.708907 0.219992 0.0636594 0.0074375 4.06054e-06
 0.681675 0.266559 0.040744 0.0098816 0.00114001
 0.515267 0.401101 0.0719078 0.00925264 0.00247124
 0.668361 0.235566 0.0827291 0.0115041 0.00183951
 0.675885 0.244439 0.0578072 0.0188462 0.00302274
 0.481821 0.392031 0.0960746 0.0218359 0.00823744
 0.656053 0.210583 0.103537 0.0227607 0.0070661
 0.581545 0.319377 0.0626273 0.0283375 0.00811336
 0.650023 0.253228 0.0761329 0.0130792 0.00753721
 0.627067 0.29018 0.0621886 0.0162198 0.00434491
 0.478238 0.396718 0.0998097 0.0190046 0.00622961
 0.495272 0.336347 0.13359 0.0278492 0.00694151
 0.6476 0.245149 0.0756459 0.0251428 0.0064616
 0.656418 0.29746 0.0347146 0.00809503 0.00331255
 0.748336 0.230266 0.0195738 0.00138568 0.000438455
 0.725887 0.25571 0.0174611 0.000865186 7.73649e-05
 0.591206 0.353042 0.052772 0.00283014 0.000150019
 0.649298 0.262763 0.0777344 0.00966638 0.000538392
 0.607789 0.303934 0.0683483 0.0176369 0.00229176
 0.678235 0.23573 0.0683588 0.0137121 0.00396411
 0.631801 0.288135 0.0604198 0.0156359 0.00400836
 0.607028 0.285495 0.0853628 0.0167094 0.0054049
 0.653679 0.246743 0.0738987 0.0204203 0.00525901
 0.609573 0.295385 0.0694542 0.0190221 0.00656589
 0.343363 0.471732 0.14294 0.0307226 0.0112423
pobs_PELACES
 0 0 0 0 0
 0 0 0 0 0
 0 0 0 0 0
 0 0 0 0 0
 0 0 0 0 0
 0 0 0 0 0
 0 0 0 0 0
 0 0 0 0 0
 0 0 0 0 0
 0 0 0 0 0
 0.450072 0.473896 0.0757376 0.000293798 0
 0 0 0 0 0
 0.463077 0.371075 0.160297 0.00555027 0
 0.529543 0.364841 0.0842815 0.0213345 0
 0.631943 0.363953 0.00410389 0 0
 0.735681 0.248677 0.0153453 0.000297389 0
 0.695825 0.281241 0.0229344 0 0
 0.275771 0.60734 0.115278 0.00161068 0
 0 0 0 0 0
 0.896147 0.0623911 0.0374545 0.00400742 0
 0.803859 0.145111 0.0509908 3.86294e-05 0
 0.739449 0.233085 0.0266225 0.000797448 4.60066e-05
 0.878498 0.100942 0.0204185 0.000141795 0
 0.694673 0.275183 0.0284847 0.00165964 0
 0.469039 0.446079 0.0841089 0.000773354 0
ppred_PELACES
 0.766647 0.181424 0.046538 0.00538793 2.94003e-06
 0.737829 0.223473 0.0305143 0.0073379 0.000846137
 0.615901 0.327011 0.0491772 0.00624411 0.00166646
 0.703675 0.214082 0.0708633 0.00981076 0.00156831
 0.697759 0.229796 0.0525952 0.0171061 0.00274321
 0.533695 0.359609 0.0813773 0.0183853 0.00693325
 0.693941 0.191815 0.0887842 0.0194301 0.00603043
 0.637535 0.282699 0.0505503 0.0227148 0.00650089
 0.706056 0.218535 0.0594371 0.0101342 0.00583752
 0.674434 0.257849 0.0509664 0.0132125 0.00353804
 0.556789 0.347113 0.0768566 0.0144936 0.0047483
 0.570259 0.297488 0.10512 0.0217216 0.00541144
 0.73828 0.191537 0.0496952 0.0163019 0.00418642
 0.794055 0.185127 0.0157627 0.00358857 0.00146652
 0.865698 0.126115 0.00750627 0.000517166 0.000163397
 0.792423 0.195615 0.0113557 0.000555796 4.96646e-05
 0.66125 0.297394 0.0391646 0.00208039 0.000110216
 0.703106 0.227747 0.0611742 0.00755204 0.00042045
 0.656697 0.270892 0.0561423 0.0143987 0.00187031
 0.723962 0.206731 0.0551393 0.0109912 0.00317633
 0.665322 0.264956 0.0526667 0.0135755 0.0034793
 0.645398 0.261821 0.0737583 0.014374 0.0046482
 0.693416 0.222626 0.0623869 0.0171539 0.00441645
 0.651284 0.268142 0.0589613 0.0160676 0.00554441
 0.383446 0.450867 0.128223 0.0274294 0.0100344
pobs_pel_tallas
 0 0 0 0 0 0 0 0 0 0 0 0 0 0 0 0 0 0 0 0 0 0 0 0 0 0 0 0 0 0 0 0 0 0 0 0
 0 0 0 0 0 0 0 0 0 0 0 0 0 0 0 0 0 0 0 0 0 0 0 0 0 0 0 0 0 0 0 0 0 0 0 0
 0 0 0 0 0 0 0 0 0 0 0 0 0 0 0 0 0 0 0 0 0 0 0 0 0 0 0 0 0 0 0 0 0 0 0 0
 0 0 0 0 0 0 0 0 0 0 0 0 0 0 0 0 0 0 0 0 0 0 0 0 0 0 0 0 0 0 0 0 0 0 0 0
 0 0 0 0 0 0 0 0 0 0 0 0 0 0 0 0 0 0 0 0 0 0 0 0 0 0 0 0 0 0 0 0 0 0 0 0
 0 0 0 0 0 0 0 0 0 0 0 0 0 0 0 0 0 0 0 0 0 0 0 0 0 0 0 0 0 0 0 0 0 0 0 0
 0 0 0 0 0 0 0 0 0 0 0 0 0 0 0 0 0 0 0 0 0 0 0 0 0 0 0 0 0 0 0 0 0 0 0 0
 0 0 0 0 0 0 0 0 0 0 0 0 0 0 0 0 0 0 0 0 0 0 0 0 0 0 0 0 0 0 0 0 0 0 0 0
 0 0 0 0 0 0 0 0 0 0 0 0 0 0 0 0 0 0 0 0 0 0 0 0 0 0 0 0 0 0 0 0 0 0 0 0
 0 0 0 0 0 0 0 0 0 0 0 0 0 0 0 0 0 0 0 0 0 0 0 0 0 0 0 0 0 0 0 0 0 0 0 0
 0 0 0 0 0 0 0 0 1.78061e-05 0.00172719 0.00360574 0.0105946 0.0120993 0.0124554 0.0147524 0.0171206 0.0266825 0.0428682 0.0675386 0.121331 0.153587 0.119568 0.100827 0.0573624 0.0630603 0.0341343 0.0324427 0.0444173 0.0211091 0.0280891 0.0125444 0.00206551 0 0 0 0
 0 0 0 0 0 0 0 0 0 0 0 0 0 0 0 0 0 0 0 0 0 0 0 0 0 0 0 0 0 0 0 0 0 0 0 0
 0 0 0 0 0 0 0.0133647 0.0140871 0.0187388 0.0205184 0.03894 0.0496705 0.03968 0.0493445 0.0407372 0.0367815 0.0215668 0.0243155 0.0234873 0.0199281 0.019796 0.0243948 0.0301388 0.0376714 0.0412746 0.0863199 0.0771752 0.113111 0.0741005 0.0525337 0.0229764 0.00759418 0.00175318 0 0 0
 0 0 0 0 0 0 0 0 0 0 0.00219441 0.00772107 0.0458388 0.0604681 0.0671733 0.0775358 0.0609151 0.0617685 0.073594 0.0568108 0.0755445 0.0548602 0.0670107 0.0636378 0.0643287 0.046367 0.0373049 0.0286899 0.0247887 0.0153202 0.00654259 0.00121912 0.000365735 0 0 0
 0 0 0 0 0 0 0 0 0 0 0 0 0.000112435 0.00938835 0.0111873 0.0202946 0.0414886 0.0713402 0.111592 0.104902 0.108894 0.110636 0.117776 0.105296 0.107544 0.0401394 0.0192827 0.0124803 0.00416011 0.0028671 0.000618394 0 0 0 0 0
 0 0 0 0 0 0 0 0 0 0 0.00291406 0.0102884 0.027416 0.0768956 0.0749926 0.110853 0.0956884 0.0897413 0.0766577 0.0534642 0.0500743 0.0551293 0.0594112 0.0620874 0.0668451 0.0424026 0.0208742 0.0120726 0.0048766 0.00582813 0.00118941 0.000297354 0 0 0 0
 0 0.00264628 0.0354308 0.0461629 0.0458689 0.0383711 0.0214643 0.0164657 0.0346957 0.0420465 0.0363128 0.0245516 0.0311673 0.0291091 0.0169068 0.0133784 0.00837989 0.0085269 0.0148486 0.0160247 0.0276389 0.0546898 0.0760071 0.122758 0.109233 0.0665981 0.0333725 0.0166128 0.00676272 0.00308733 0.000882094 0 0 0 0 0
 0 0 0 0 0 0 0 0.000805153 0.000690131 0.00759144 0.0133425 0.0154129 0.00931677 0.000345066 0.00356568 0.00563607 0.00851162 0.0253048 0.0502646 0.0516448 0.0657925 0.0565908 0.0611916 0.0827007 0.0866115 0.110766 0.145733 0.0935128 0.0569358 0.0249597 0.0138026 0.00621118 0.00161031 0.00115022 0 0
 0 0 0 0 0 0 0 0 0 0 0 0 0 0 0 0 0 0 0 0 0 0 0 0 0 0 0 0 0 0 0 0 0 0 0 0
 0.00147267 0.00158595 0.00478618 0.00569244 0.00954404 0.0108468 0.00647125 0.017049 0.0510054 0.094081 0.124002 0.0959785 0.0687766 0.0820023 0.061753 0.0591476 0.0492212 0.0479892 0.0443925 0.0268479 0.0217502 0.0140895 0.0121071 0.0120363 0.00920419 0.00665534 0.0049561 0.00860946 0.00930331 0.0156896 0.0114698 0.00855282 0.00243557 0.00046729 0 2.83206e-05
 0 0 0 0 0.000772559 0.00158375 0.000888443 0.00281984 0.00712685 0.0440552 0.0773331 0.111326 0.0921469 0.0852325 0.0710754 0.0886704 0.0786465 0.0553345 0.0373146 0.0185414 0.00753245 0.00457741 0.012979 0.0271748 0.0457355 0.0583668 0.034881 0.0177882 0.00938659 0.00492506 0.0015258 0.00185414 0.000309023 5.79419e-05 3.86279e-05 0
 0 0.00173294 0.00326652 0 0.00397197 0.00683976 0.00946217 0.0152591 0.00757587 0.0136028 0.0228656 0.0392903 0.0559909 0.0764795 0.0681675 0.0726916 0.0566044 0.0477403 0.0527397 0.0444891 0.0609904 0.0582453 0.0661739 0.0445044 0.0529084 0.0360697 0.0280645 0.0235558 0.0158879 0.00826598 0.00280645 0.00217768 0.000904811 0.00058276 9.20147e-05 0
 0 0 0 0 0 0 0 0 0 0 0 0 0 0 0 0 0 0 0 0 0 0 0 0 0 0 0 0 0 0 0 0 0 0 0 0
 0 0 0 0 0 0 0 0 0 0 0 0 0 0 0 0 0 0 0 0 0 0 0 0 0 0 0 0 0 0 0 0 0 0 0 0
 0 0 0 0 0 0 0 0 0 0 0 0 0 0 0 0 0 0 0 0 0 0 0 0 0 0 0 0 0 0 0 0 0 0 0 0
ppred_pel_tallas
 1.00906e-16 3.34495e-05 0.000196322 0.00093323 0.00359299 0.0112044 0.0283014 0.0579085 0.0959899 0.128912 0.140283 0.123741 0.0885823 0.0517054 0.0251084 0.0110851 0.00598556 0.00550969 0.0070167 0.00933407 0.0119614 0.0145757 0.0168729 0.0185712 0.0194623 0.0194571 0.0186037 0.0170678 0.0150874 0.0129141 0.0107634 0.00878477 0.00705658 0.00559842 0.00439291 0.00340646
 1.00798e-16 3.21946e-05 0.000188951 0.000898177 0.00345801 0.0107835 0.0272383 0.0557335 0.092386 0.124076 0.135032 0.119136 0.0853434 0.0499316 0.0244646 0.0111697 0.00655287 0.00648695 0.00842684 0.0112192 0.0143335 0.0173898 0.0200169 0.0218725 0.0227104 0.0224372 0.0211326 0.0190243 0.016427 0.0136683 0.011023 0.00867519 0.00671153 0.0051386 0.00391261 0.00296865
 1.01098e-16 2.68822e-05 0.000157753 0.000749837 0.00288683 0.00900223 0.0227391 0.0465287 0.0771321 0.103603 0.112784 0.0995884 0.0715164 0.0421968 0.0213364 0.010858 0.00790696 0.00908184 0.0122614 0.0164258 0.0210044 0.0254896 0.0293466 0.0320748 0.0333123 0.0329204 0.0310139 0.0279241 0.0241111 0.020054 0.0161564 0.0126902 0.0097855 0.00745513 0.00563791 0.00424088
 1.01487e-16 3.0705e-05 0.000180207 0.000856607 0.00329796 0.0102844 0.0259775 0.0531539 0.0881101 0.118334 0.128784 0.113628 0.0814054 0.047644 0.0233758 0.0107297 0.00638011 0.00639953 0.00837058 0.0112037 0.0144023 0.0176098 0.0204729 0.0226575 0.023912 0.024121 0.0233266 0.0217079 0.0195283 0.0170699 0.0145765 0.0122205 0.0100973 0.0082389 0.0066388 0.00527355
 1.01538e-16 3.04476e-05 0.000178694 0.000849413 0.00327026 0.010198 0.0257593 0.0527076 0.0873707 0.117343 0.127709 0.112688 0.0807514 0.0473003 0.0232793 0.0108059 0.00658789 0.00673336 0.0088423 0.0118238 0.0151666 0.0184921 0.0214227 0.0236046 0.0247767 0.024828 0.0238197 0.0219608 0.0195487 0.0168964 0.0142689 0.0118472 0.00972198 0.00791164 0.0063905 0.00511572
 1.02229e-16 2.3299e-05 0.000136713 0.000649805 0.00250167 0.00780112 0.0197053 0.0403215 0.0668446 0.0897923 0.0977693 0.0863763 0.0621294 0.0368613 0.0190152 0.0102951 0.00826637 0.0100122 0.0137049 0.0184392 0.0236611 0.0288352 0.0333803 0.036744 0.0385184 0.0385319 0.0368836 0.0339048 0.0300665 0.0258638 0.0217163 0.0179107 0.0145907 0.0117845 0.00944918 0.00751353
 1.02273e-16 3.02797e-05 0.000177712 0.000844749 0.00325231 0.010142 0.0256179 0.052418 0.0868897 0.116694 0.126995 0.11204 0.0802484 0.0469276 0.022952 0.0104154 0.00603424 0.00593494 0.00774036 0.010392 0.0134254 0.0165222 0.019368 0.0216614 0.0231676 0.0237654 0.0234676 0.0224039 0.0207783 0.018814 0.0167073 0.0146011 0.0125817 0.010691 0.00894551 0.00735302
 1.01894e-16 2.78237e-05 0.000163285 0.000776144 0.00298813 0.00931816 0.0235371 0.0481611 0.0798364 0.10723 0.116721 0.103033 0.0739236 0.0434831 0.0217397 0.0106607 0.00726952 0.00803214 0.0107568 0.0144167 0.0184786 0.0224988 0.0260174 0.0286028 0.0299393 0.0298986 0.0285659 0.0262084 0.0232014 0.0199358 0.0167397 0.0138324 0.0113185 0.00920991 0.00746313 0.00601425
 1.01536e-16 3.0809e-05 0.000180817 0.000859506 0.00330912 0.0103192 0.0260654 0.0533338 0.0884084 0.118735 0.129221 0.114014 0.0816856 0.0478141 0.0234702 0.0107909 0.00643939 0.00647422 0.00846778 0.0113231 0.0145366 0.0177447 0.0205872 0.022726 0.0239094 0.0240271 0.0231316 0.021415 0.0191549 0.0166448 0.0141353 0.0117997 0.00972801 0.00794329 0.00642748 0.005146
 1.01427e-16 2.94317e-05 0.000172727 0.000821039 0.003161 0.00985725 0.0248987 0.0509469 0.0844533 0.113428 0.123456 0.108955 0.0781205 0.045847 0.0227274 0.0108235 0.00696811 0.00740886 0.00982512 0.0131459 0.0168427 0.0204996 0.0236936 0.0260288 0.0272154 0.0271348 0.0258643 0.0236486 0.0208325 0.0177773 0.014788 0.0120713 0.00972873 0.00777642 0.0061776 0.00487425
 1.01924e-16 2.43055e-05 0.000142624 0.000677905 0.00260986 0.00813853 0.0205575 0.0420652 0.0697344 0.0936714 0.101986 0.0900851 0.064761 0.03835 0.0196495 0.0104237 0.00811937 0.00968325 0.013206 0.0177527 0.0227686 0.0277311 0.0320773 0.0352736 0.0369268 0.0368728 0.0352105 0.0322637 0.0284921 0.0243787 0.0203336 0.0166369 0.0134296 0.0107389 0.00852169 0.00670569
 1.02589e-16 2.48909e-05 0.000146065 0.000694275 0.00267291 0.00833514 0.0210541 0.0430808 0.0714165 0.0959261 0.104428 0.0922117 0.0662234 0.0390832 0.0197818 0.010104 0.00741508 0.00857762 0.0116441 0.0156909 0.0202123 0.0247594 0.0288511 0.0320249 0.0339288 0.0343967 0.0334782 0.0314102 0.0285451 0.0252616 0.0218867 0.0186521 0.0156867 0.0130373 0.0107014 0.00865675
 1.01524e-16 3.2213e-05 0.000189062 0.00089871 0.00346008 0.0107899 0.0272545 0.0557665 0.0924398 0.124146 0.135101 0.119181 0.08534 0.0498586 0.0242973 0.0108737 0.00608179 0.00578813 0.00745272 0.00994289 0.0127651 0.0155893 0.0180985 0.0199972 0.0210655 0.0212068 0.0204664 0.0190111 0.0170814 0.0149309 0.012775 0.0107616 0.00896618 0.00740676 0.00606701 0.00491782
 1.00477e-16 3.46447e-05 0.000203339 0.000966587 0.00372142 0.0116049 0.0293131 0.0599785 0.099421 0.133519 0.145295 0.128159 0.0917358 0.0535285 0.02596 0.0114014 0.00606625 0.00549396 0.00694187 0.00918878 0.0117115 0.0141743 0.0162656 0.0177027 0.0182852 0.0179418 0.0167472 0.0148992 0.0126684 0.0103339 0.00812857 0.00620644 0.00463665 0.0034186 0.00250747 0.00183996
 1.00174e-16 3.77663e-05 0.000221671 0.00105375 0.00405704 0.0126516 0.0319567 0.0653871 0.108384 0.14555 0.158368 0.139646 0.0998639 0.0580801 0.02781 0.0116045 0.00530235 0.00401684 0.00475621 0.00621985 0.00790599 0.00955079 0.0109351 0.0118656 0.0122069 0.0119129 0.0110376 0.00972042 0.00815023 0.00652162 0.00499669 0.00368238 0.0026261 0.00182596 0.00124844 0.000846444
 1.00247e-16 3.4574e-05 0.000202923 0.000964606 0.00371379 0.0115811 0.029253 0.0598556 0.0992175 0.133247 0.145001 0.127905 0.0915666 0.0534545 0.0259701 0.0114836 0.00622004 0.00572948 0.00727315 0.0096256 0.0122525 0.014802 0.0169448 0.0183825 0.0189054 0.018442 0.0170768 0.0150263 0.0125841 0.0100525 0.00768345 0.00564316 0.00400528 0.0027668 0.0018755 0.00125791
 1.0073e-16 2.88584e-05 0.000169358 0.000805014 0.00309928 0.00966478 0.0244126 0.0499526 0.0828063 0.111219 0.121063 0.106867 0.0766748 0.0451028 0.0225513 0.0110594 0.0075376 0.00831567 0.011113 0.0148543 0.0189735 0.0229964 0.0264335 0.0288294 0.0298572 0.0293948 0.0275527 0.0246399 0.0210828 0.017325 0.0137398 0.0105782 0.00795885 0.00589108 0.00431403 0.00313622
 1.01222e-16 3.06807e-05 0.000180063 0.00085592 0.00329531 0.0102761 0.0259567 0.0531113 0.0880399 0.118241 0.128686 0.113548 0.0813633 0.04765 0.0234352 0.0108511 0.00657899 0.0066961 0.00878413 0.0117453 0.0150672 0.0183723 0.0212843 0.0234497 0.0246061 0.0246399 0.0236088 0.0217179 0.0192626 0.0165561 0.0138666 0.011381 0.00919798 0.00734353 0.0057983 0.00452301
 1.01468e-16 2.86588e-05 0.000168188 0.000799459 0.00307791 0.00959812 0.0242442 0.0496078 0.0822341 0.110449 0.120219 0.10611 0.0761057 0.0447157 0.0222616 0.0107604 0.0071373 0.00774553 0.0103266 0.0138305 0.0177252 0.0215792 0.0249491 0.0274185 0.0286815 0.0286123 0.02729 0.02497 0.0220131 0.0187979 0.0156448 0.012772 0.0102881 0.00821228 0.00650832 0.00511753
 1.01377e-16 3.15893e-05 0.000185399 0.000881293 0.00339301 0.0105808 0.0267262 0.0546857 0.0906489 0.121743 0.13249 0.116888 0.0837222 0.0489612 0.0239493 0.0108694 0.00629199 0.00616943 0.00801124 0.0106987 0.01373 0.0167551 0.0194319 0.0214404 0.0225426 0.0226347 0.0217672 0.0201232 0.0179663 0.0155758 0.0131898 0.0109732 0.00901161 0.00732695 0.00590172 0.00470246
 1.01464e-16 2.90347e-05 0.000170396 0.000809954 0.00311832 0.00972413 0.0245625 0.0502591 0.0833133 0.111898 0.121794 0.107494 0.0770861 0.045267 0.02249 0.0107943 0.00705994 0.00758893 0.0100924 0.0135098 0.0173102 0.0210692 0.0243528 0.0267542 0.0279752 0.0278941 0.0265899 0.0243139 0.0214205 0.0182805 0.0152073 0.0124137 0.0100042 0.00799544 0.00634997 0.00500843
 1.01844e-16 2.81658e-05 0.000165295 0.000785705 0.00302495 0.00943298 0.0238271 0.0487543 0.0808191 0.108548 0.11815 0.104283 0.0747927 0.0439398 0.0218677 0.0105588 0.00699227 0.00758668 0.0101271 0.0135885 0.017457 0.0213184 0.024745 0.0273319 0.0287763 0.0289443 0.0278963 0.0258602 0.0231658 0.0201633 0.0171519 0.0143392 0.0118348 0.00966832 0.00782103 0.0062544
 1.01754e-16 3.0258e-05 0.000177582 0.000844125 0.0032499 0.0101345 0.025599 0.0523794 0.0868266 0.116612 0.126912 0.111982 0.0802405 0.0469904 0.0231073 0.0106942 0.00647861 0.00659324 0.00865569 0.0115872 0.0148878 0.0181911 0.0211319 0.0233659 0.0246359 0.0248273 0.0239896 0.022314 0.0200774 0.0175733 0.0150521 0.0126868 0.0105679 0.00871971 0.00712677 0.00575849
 1.01736e-16 2.84227e-05 0.000166802 0.000792871 0.00305254 0.00951901 0.0240444 0.049199 0.0815564 0.109539 0.119228 0.105236 0.0754789 0.044348 0.0220798 0.0106751 0.00708512 0.00769413 0.0102638 0.0137549 0.0176418 0.0214995 0.0248899 0.0274011 0.0287296 0.0287479 0.0275303 0.0253239 0.0224794 0.019365 0.0162922 0.0134729 0.0110124 0.00893024 0.00719337 0.0057483
 1.03379e-16 1.67512e-05 9.82637e-05 0.000466991 0.00179776 0.00560597 0.0141607 0.0289775 0.0480446 0.0645564 0.0703394 0.0622565 0.0450281 0.0272134 0.0149554 0.00957026 0.00940086 0.0124204 0.0173312 0.0234171 0.0301172 0.0367957 0.0427311 0.0472283 0.0497662 0.0501126 0.0483692 0.0449248 0.0403436 0.0352236 0.0300762 0.0252555 0.0209479 0.0172044 0.0139938 0.0112526
pSPR Fmed_Fpbrs
0.515888   0.6 0.325
Fs Fmed_Fpbrs
0.64   0.447262 1.52942
SSBpbr Bo_Bmed_Bpbrs
850366  396175  467701 233851
Ro
34474.1
SPR SPRFo_SPRFmed_SPRFpbrs
708820 365672 230367
log_Ro
10.268
likeval ReclasPelacesDesembMPH_pf_preclas_ppelaces_ptallas_desvR_qrecl_qpela
 63.2189 14.8472 0.00872856 0.000489356 315.326 182.638 51.152 0 15.8867 5.92109e-06 7.78889e-05 2.56335e-14 0 0 0
q_reclas_q_pelaces
0.708353 3.50994
M
0.7
N
 36127.4 10839.9 3516.77 414.529 0.226415
 43885.5 16205.1 2744.77 671.006 77.4427
 22273 19851.1 4338.09 566.775 151.496
 33308.4 9407.46 3375.36 470.194 75.1884
 59767.9 15972.9 3707.47 1207.11 193.589
 42490.5 29500.1 7619.28 1738.88 656.104
 77187.9 19925.8 10026.8 2208.39 685.644
 75916.4 36967.9 7786.39 3542.89 1014.64
 99213.6 35118 11478.6 1984.84 1144.17
 114810 45497.8 10294.6 2696.46 722.463
 65574 53771 15333.9 2948.14 966.859
 44938.6 29182.9 12924 2717.06 677.523
 47030.9 20236.9 7584.59 2558.96 658.152
 25039.1 19915.7 3500.2 842.25 345.227
 14829.6 9084.35 1237.72 90.8489 28.8015
 13288.1 5144.49 419.62 21.0788 1.88619
 9679.22 5694.89 963.327 52.1596 2.76619
 11860.9 4312.63 1379.37 172.574 9.61472
 12722.5 5460.95 1298.05 336.415 43.7231
 19834.6 5953.65 1830.41 368.85 106.656
 25790.5 9261.66 1967.03 509.598 130.642
 32984.1 12445.1 3803.73 745.901 241.288
 51116.4 15811.1 4891.69 1355.23 349.061
 61141.9 24318.6 5911.61 1623.38 560.407
 26066.9 29071.2 9057.33 1951.1 714.029
pred_Ctot
 2527.87 3969.62 1643.22 196.503 0.107412
 2827.3 5563.82 1211.52 300.642 34.7255
 2416.35 9966.41 2649.41 350.009 93.6108
 823.524 1414.99 692.2 98.3015 15.7354
 260.368 453.837 148.493 49.4132 7.93378
 1706.27 6841.56 2352.45 546.359 206.341
 1977.37 3095.97 2121.09 476.21 148.001
 3753.21 10233.5 2830.4 1309.28 375.292
 5485.18 10662.8 4538.26 797.3 459.996
 4710.68 10749.8 3233.88 861.926 231.149
 4926.39 20790.9 7513.3 1464.8 480.742
 3027.82 10378.1 5884.9 1255.49 313.31
 5026.56 10059.9 4594.9 1567.76 403.46
 4939.39 13971.9 2755.75 667.082 273.514
 3281.45 6692.24 1007.53 74.3297 23.5707
 1320.08 2434.11 244.095 12.4074 1.11094
 719.812 2185.06 468.855 25.7443 1.36631
 623.973 1257.08 525.56 66.8241 3.72622
 529.202 1305.57 412.25 108.712 14.1421
 854.443 1466.81 597.747 122.541 35.4659
 525.293 1164.7 339.617 89.7437 23.0312
 824.654 1891.1 787.71 157.469 50.9911
 1546.22 2855.71 1194.19 337.067 86.9028
 1874.24 4445 1459.57 408.329 141.099
 727.92 4885.49 2064.82 453.283 166.051
F
 0.101728 0.673542 0.95652 0.97815 0.979315
 0.0933231 0.617891 0.877488 0.897331 0.8984
 0.161873 1.07176 1.52204 1.55646 1.55831
 0.0349122 0.231154 0.328269 0.335692 0.336092
 0.00607376 0.0402143 0.0571097 0.0584011 0.0584706
 0.0572621 0.379132 0.538418 0.550593 0.551249
 0.036194 0.23964 0.340321 0.348017 0.348431
 0.07092 0.46956 0.666839 0.681918 0.68273
 0.0796099 0.527096 0.748547 0.765474 0.766386
 0.0585407 0.387597 0.550441 0.562887 0.563558
 0.109598 0.725647 1.03052 1.05382 1.05507
 0.0977895 0.647463 0.919485 0.940277 0.941397
 0.159294 1.05469 1.4978 1.53167 1.53349
 0.313886 2.07824 2.95138 3.01812 3.02171
 0.358702 2.37496 3.37276 3.44903 3.45314
 0.147303 0.975289 1.38504 1.41636 1.41805
 0.108434 0.717939 1.01957 1.04262 1.04387
 0.0756209 0.500685 0.71104 0.727119 0.727985
 0.0593688 0.39308 0.558227 0.570849 0.57153
 0.0615436 0.407479 0.578676 0.591761 0.592466
 0.0286818 0.189902 0.269686 0.275785 0.276113
 0.03531 0.233787 0.332009 0.339517 0.339921
 0.042863 0.283795 0.403028 0.412141 0.412632
 0.0434479 0.287668 0.408527 0.417765 0.418262
 0.0395117 0.261607 0.371517 0.379918 0.38037
Np
 22861.3 10837.2 4542.88 3565.56 1298.36
YTP_r0W_actual
 9556.63 123961 78001.1 21314.4 8130.83
YTP_p0W_proyectada
 6136.37 52092.5 91066.6 33063 10508.6
 6136.37 45370.1 37226.1 38003.5 15372
CTP_r0_actual
 853.271 5634.58 2363.67 518.598 189.973
CTP_p0_proyectada
 748.338 2411.69 2900.21 824.515 236.148
 748.338 2100.47 1185.54 947.719 345.439
Wmedp
 8.2 21.6 31.4 40.1 44.5
nmprior
 10.8 10.6 4.6 0
nm_flota  nm_reclas  nm_pelaces    nm_pelaL
inf 20.1652 15.9937 36.7395
cv_recla  cv_pelaces  cv_mph
0.719198 0.436913 0.613537
 ------------------------------------------------
Talla a la edad & desviaci?n 
 7.2 14.2025 17.0495 18.207 18.6776
 1.08 2.13037 2.55742 2.73105 2.80164
