years
 1997 1998 1999 2000 2001 2002 2003 2004 2005 2006 2007 2008 2009 2010 2011 2012 2013 2014 2015 2016 2017 2018 2019
reclasobs
 0 0 0 370054 412103 1.49427e+06 250295 1.28982e+06 931140 785840 897777 1.04006e+06 184774 17550 25797 100020 73551 82996 120727 218422 84188 347160 605670
reclaspred
 476752 123163 312858 215579 351807 432162 945824 651841 739884 752020 631536 433536 268733 111427 67491.4 65014.9 76839.8 104632 115043 157611 237260 224360 381793
pelacesobs
 0 0 0 0 0 0 0 0 0 2.06254e+06 1.5e+06 0 1.87456e+06 323000 250000 174000 83755 137374 0 501740 490994 745055 786931
pelacespred
 1.96959e+06 441126 676053 748253 1.07559e+06 1.05545e+06 2.7009e+06 2.20561e+06 2.2586e+06 2.32414e+06 1.69598e+06 1.21683e+06 733013 234496 145060 153329 190251 273990 304331 409368 714918 657498 895872
mphobs
 0 0 0 0 0 0 112323 0 153150 637223 0 255016 313432 73983 77613 109348 50772 17779 17303 59886 28197 0 207744
mphpred
 163055 89581.1 99656.8 97316.6 114202 194614 286284 346520 303451 323157 325938 228125 136809 77392.2 30944.8 25393.2 27336.9 37684.6 51797.9 56431.8 90429 169685 207744
desembarqueobs
 350755 77701 442110 56441 14545 235359 269955 359681 431902 328805 639364 411747 362871 311530 167758 66681 60226 58785 57116 73181 50977 67692 138656
desembarquepred
 350761 77699.3 442088 56443.9 14545.3 235435 270017 359674 431943 328811 639313 411785 362949 311637 167590 66676.3 60252.1 58779.2 57100.8 73176.9 50978.6 67680.5 138651
Reclutas
 36345.4 44275.9 22872.4 34932.7 62191.4 44142.1 78282.5 77371 100476 115306 66297.9 45053.1 46495.2 24707.1 14802.4 13444.2 9869.2 12145.1 12993.2 20560.1 27021.7 35313.8 53226.3
log_desv_Rt
 0.0451421 0.242515 -0.417994 0.00549755 0.58229 0.239488 0.812397 0.800686 1.062 1.19966 0.646232 0.259915 0.291422 -0.340835 -0.853138 -0.949381 -1.25851 -1.051 -0.983503 -0.524572 -0.251285 0.0163491 0.426626
SSB
 450153 247310 275127 268666 315281 537280 768276 945289 817336 872805 899831 629795 391895 204781 86867.6 71082.2 79753.4 103769 133925 154414 232248 285988 360785
BT
 1.54569e+06 377015 658390 491657 641702 756834 1.81994e+06 1.67654e+06 1.74784e+06 1.67234e+06 1.53938e+06 1.06573e+06 786364 428781 228147 145922 161734 209369 219955 299435 460545 425274 603964
Ftot
 0.957473 0.876884 1.5099 0.320847 0.0554295 0.51981 0.327162 0.647743 0.728505 0.539998 1.01783 0.903353 1.45853 2.87014 3.30544 1.37057 1.00744 0.697554 0.54598 0.564358 0.261505 0.31926 0.380552
BD_Bspro_t
 0.910807 0.639636 0.561174 0.380773 0.546168 0.724255 0.671705 0.688285 0.622818 0.593527 0.57039 0.410908 0.305569 0.207636 0.111645 0.112585 0.167719 0.271457 0.380098 0.473445 0.60192 0.709515 0.721396
BD_Bspro
 0.62863 0.345364 0.384209 0.375187 0.440284 0.750301 1.07288 1.32008 1.14139 1.21886 1.2566 0.879497 0.547273 0.285973 0.121309 0.0992649 0.111374 0.144912 0.187024 0.215637 0.324329 0.399377 0.50383
BD_Bo
 0.527173 0.289625 0.322201 0.314635 0.369225 0.629207 0.899727 1.10703 0.957181 1.02214 1.05379 0.737552 0.458947 0.239819 0.101731 0.0832442 0.0933991 0.121524 0.15684 0.180835 0.271985 0.334921 0.422515
BD_Brms
 0.958497 0.526591 0.585819 0.572063 0.671319 1.14401 1.63587 2.01277 1.74033 1.85844 1.91598 1.341 0.83445 0.436034 0.184965 0.151353 0.169817 0.220952 0.285163 0.32879 0.494518 0.608947 0.768209
S_f
 0.106635 0.693994 0.977319 0.99878 0.999936
 0.106635 0.693994 0.977319 0.99878 0.999936
 0.106635 0.693994 0.977319 0.99878 0.999936
 0.106635 0.693994 0.977319 0.99878 0.999936
 0.106635 0.693994 0.977319 0.99878 0.999936
 0.106635 0.693994 0.977319 0.99878 0.999936
 0.106635 0.693994 0.977319 0.99878 0.999936
 0.106635 0.693994 0.977319 0.99878 0.999936
 0.106635 0.693994 0.977319 0.99878 0.999936
 0.106635 0.693994 0.977319 0.99878 0.999936
 0.106635 0.693994 0.977319 0.99878 0.999936
 0.106635 0.693994 0.977319 0.99878 0.999936
 0.106635 0.693994 0.977319 0.99878 0.999936
 0.106635 0.693994 0.977319 0.99878 0.999936
 0.106635 0.693994 0.977319 0.99878 0.999936
 0.106635 0.693994 0.977319 0.99878 0.999936
 0.106635 0.693994 0.977319 0.99878 0.999936
 0.106635 0.693994 0.977319 0.99878 0.999936
 0.106635 0.693994 0.977319 0.99878 0.999936
 0.106635 0.693994 0.977319 0.99878 0.999936
 0.106635 0.693994 0.977319 0.99878 0.999936
 0.106635 0.693994 0.977319 0.99878 0.999936
 0.106635 0.693994 0.977319 0.99878 0.999936
Scru_reclas
 0.767987 1 1 1 1
 0.767987 1 1 1 1
 0.767987 1 1 1 1
 0.767987 1 1 1 1
 0.767987 1 1 1 1
 0.767987 1 1 1 1
 0.767987 1 1 1 1
 0.767987 1 1 1 1
 0.767987 1 1 1 1
 0.767987 1 1 1 1
 0.767987 1 1 1 1
 0.767987 1 1 1 1
 0.767987 1 1 1 1
 0.767987 1 1 1 1
 0.767987 1 1 1 1
 0.767987 1 1 1 1
 0.767987 1 1 1 1
 0.767987 1 1 1 1
 0.767987 1 1 1 1
 0.767987 1 1 1 1
 0.767987 1 1 1 1
 0.767987 1 1 1 1
 0.767987 1 1 1 1
Scru_pelaces
 0.750195 1 1 1 1
 0.750195 1 1 1 1
 0.750195 1 1 1 1
 0.750195 1 1 1 1
 0.750195 1 1 1 1
 0.750195 1 1 1 1
 0.750195 1 1 1 1
 0.750195 1 1 1 1
 0.750195 1 1 1 1
 0.750195 1 1 1 1
 0.750195 1 1 1 1
 0.750195 1 1 1 1
 0.750195 1 1 1 1
 0.750195 1 1 1 1
 0.750195 1 1 1 1
 0.750195 1 1 1 1
 0.750195 1 1 1 1
 0.750195 1 1 1 1
 0.750195 1 1 1 1
 0.750195 1 1 1 1
 0.750195 1 1 1 1
 0.750195 1 1 1 1
 0.750195 1 1 1 1
pf_obs 
 0.256992 0.487395 0.22802 0.0275931 0
 0.321318 0.546541 0.124235 0.00734118 0.000564706
 0.182869 0.594174 0.210203 0.0122559 0.00049798
 0.330522 0.361315 0.267642 0.0388342 0.00168674
 0.649043 0.306663 0.0425973 0.00169635 0
 0.582887 0.30429 0.105238 0.00758474 0
 0.465427 0.430635 0.0974691 0.00646863 0
 0.296916 0.608066 0.0921331 0.00288517 0
 0.311714 0.524322 0.152257 0.0117073 0
 0.15457 0.633149 0.183074 0.0267441 0.00246327
 0.131901 0.49318 0.331252 0.0422183 0.00144891
 0.196976 0.569456 0.194076 0.0375587 0.00193317
 0.518974 0.381816 0.0799577 0.0180837 0.00116848
 0.0928022 0.601141 0.25162 0.0475244 0.00691264
 0.122501 0.610282 0.24278 0.0234846 0.000952079
 0.383417 0.481906 0.127806 0.00687128 0
 0.0376549 0.599619 0.316969 0.0457579 0
 0.0361596 0.667082 0.258105 0.0386534 0
 0.158088 0.579412 0.248529 0.0139706 0
 0.0477256 0.309471 0.559284 0.082774 0.000745712
 0.0406174 0.521527 0.379366 0.0568643 0.0016247
 0.151134 0.462217 0.34131 0.0453401 0
 0.294876 0.26143 0.354403 0.0886775 0.000613685
pf_pred 
 0.305516 0.474809 0.196205 0.0234566 1.27709e-05
 0.287394 0.556218 0.122108 0.030727 0.00355289
 0.159435 0.640188 0.170969 0.0231265 0.00628105
 0.276969 0.459937 0.224833 0.0328483 0.00541277
 0.285617 0.493913 0.15836 0.0532672 0.00884268
 0.147324 0.585638 0.20265 0.0465288 0.0178581
 0.248795 0.394812 0.274072 0.0628878 0.0194327
 0.202748 0.545416 0.156045 0.0740921 0.0216988
 0.248499 0.482473 0.207749 0.0383979 0.0228811
 0.236638 0.538893 0.165912 0.0455362 0.0130211
 0.140847 0.585024 0.215537 0.0436247 0.0149676
 0.144141 0.493911 0.282797 0.062698 0.0164525
 0.227134 0.46008 0.216292 0.0759422 0.0205514
 0.213902 0.611618 0.127692 0.0327767 0.0140108
 0.293327 0.597708 0.0980787 0.00811142 0.00277516
 0.330898 0.600392 0.0645273 0.00379327 0.000390013
 0.213924 0.638445 0.138755 0.00835605 0.000520159
 0.253863 0.504185 0.212361 0.0278691 0.00172197
 0.223972 0.548145 0.174422 0.0470933 0.00636771
 0.281426 0.471177 0.19448 0.0407678 0.0121499
 0.249357 0.540154 0.156667 0.042564 0.011258
 0.228224 0.506175 0.209373 0.0421089 0.0141198
 0.253983 0.478147 0.197218 0.0559885 0.0146636
pobs_RECLAS
 0 0 0 0 0
 0 0 0 0 0
 0 0 0 0 0
 0 0 0 0 0
 0.835266 0.146461 0.0176864 0.000547809 3.91292e-05
 0.385257 0.428462 0.181853 0.0044286 0
 0.867414 0.0963971 0.0333333 0.00285562 0
 0.441836 0.489002 0.0689373 0.000224442 0
 0.779404 0.147425 0.0564933 0.0165055 0.000172143
 0.814271 0.122319 0.05973 0.00367925 0
 0.40263 0.566651 0.0304383 0.000280538 0
 0.475488 0.404961 0.113038 0.00651328 0
 0.955842 0.0263864 0.0167828 0.000988607 0
 0.975058 0.0227948 0.00214734 0 0
 0.738997 0.206755 0.0527124 0.00153531 0
 0.850938 0.134255 0.0134407 0.00136685 0
 0.542534 0.407297 0.0501686 0 0
 0.764087 0.199537 0.0359546 0.000420521 0
 0.470689 0.182191 0.310203 0.0369168 0
 0.84361 0.089868 0.0606195 0.00523954 0.000663233
 0.607945 0.314616 0.071237 0.00620181 0
 0.523733 0.453247 0.0230204 0 0
 0.530135 0.295979 0.169645 0.0042399 0
ppred_RECLAS
 0.71959 0.212892 0.0604601 0.00705374 3.83539e-06
 0.693504 0.256914 0.0389178 0.00956015 0.001104
 0.530978 0.388495 0.0689834 0.00908069 0.00246269
 0.685004 0.224681 0.0774306 0.0110632 0.00182085
 0.687761 0.237493 0.054019 0.0177785 0.00294792
 0.493985 0.38403 0.0930858 0.0208903 0.00800815
 0.661509 0.207283 0.101425 0.0227591 0.00702436
 0.592071 0.309267 0.061679 0.0286134 0.00836942
 0.65801 0.246873 0.0738502 0.0133324 0.00793477
 0.635398 0.282675 0.0609179 0.0163413 0.00466709
 0.490492 0.386187 0.0974766 0.0192483 0.00659534
 0.504128 0.330067 0.130235 0.0281838 0.00738613
 0.650387 0.241139 0.0756366 0.0258513 0.00698579
 0.656475 0.294327 0.0363641 0.00899558 0.00383766
 0.750778 0.226014 0.0209736 0.00166545 0.000568558
 0.735144 0.245994 0.0177416 0.00101574 0.000104288
 0.603956 0.341926 0.0509389 0.00299297 0.000186066
 0.661159 0.254217 0.0744861 0.00954907 0.000589281
 0.618711 0.295714 0.0658514 0.0173771 0.00234677
 0.691569 0.225891 0.065205 0.0133584 0.00397628
 0.646669 0.277425 0.0568191 0.0150986 0.00398879
 0.62523 0.273916 0.0798803 0.0157113 0.00526201
 0.659578 0.24457 0.0709908 0.0197065 0.00515505
pobs_PELACES
 0 0 0 0 0
 0 0 0 0 0
 0 0 0 0 0
 0 0 0 0 0
 0 0 0 0 0
 0 0 0 0 0
 0 0 0 0 0
 0 0 0 0 0
 0 0 0 0 0
 0 0 0 0 0
 0.450072 0.473896 0.0757376 0.000293798 0
 0 0 0 0 0
 0.463077 0.371075 0.160297 0.00555027 0
 0.529543 0.364841 0.0842815 0.0213345 0
 0.631943 0.363953 0.00410389 0 0
 0.735681 0.248677 0.0153453 0.000297389 0
 0.695825 0.281241 0.0229344 0 0
 0.275771 0.60734 0.115278 0.00161068 0
 0 0 0 0 0
 0.896147 0.0623911 0.0374545 0.00400742 0
 0.803859 0.145111 0.0509908 3.86294e-05 0
 0.739449 0.233085 0.0266225 0.000797448 4.60066e-05
 0.878498 0.100942 0.0204185 0.000141795 0
ppred_PELACES
 0.75502 0.189939 0.0493225 0.00571544 3.10657e-06
 0.726333 0.232402 0.0324334 0.00791795 0.000914053
 0.60262 0.336845 0.0519373 0.0067641 0.00183337
 0.695131 0.219336 0.0733548 0.0104571 0.00172087
 0.685301 0.239667 0.0542317 0.0178415 0.0029583
 0.516235 0.371468 0.0857693 0.0191777 0.00735014
 0.673036 0.202631 0.0961614 0.0215282 0.00664361
 0.619956 0.292398 0.0548878 0.0253464 0.00741199
 0.688045 0.229463 0.0641225 0.0115167 0.00685222
 0.656563 0.269303 0.0551787 0.0147452 0.00421039
 0.53951 0.356998 0.0819291 0.016062 0.00550143
 0.548859 0.308787 0.11197 0.0240767 0.0063076
 0.715297 0.204637 0.0560047 0.0189448 0.00511659
 0.771252 0.202948 0.0191727 0.00464742 0.0019805
 0.851352 0.13825 0.00941856 0.000730595 0.000249099
 0.78104 0.205131 0.0130151 0.000737943 7.57266e-05
 0.647078 0.308502 0.0418281 0.00244018 0.000151642
 0.689175 0.236967 0.0650481 0.00829803 0.000511942
 0.640582 0.281954 0.0596626 0.0156832 0.00211757
 0.712485 0.213556 0.058476 0.011932 0.00355095
 0.65407 0.273057 0.0545738 0.0144751 0.0038237
 0.636064 0.268153 0.0759 0.0148947 0.00498791
 0.673008 0.237302 0.0664736 0.0184029 0.00481333
pobs_pel_tallas
 0 0 0 0 0 0 0 0 0 0 0 0 0 0 0 0 0 0 0 0 0 0 0 0 0 0 0 0 0 0 0 0 0 0 0 0
 0 0 0 0 0 0 0 0 0 0 0 0 0 0 0 0 0 0 0 0 0 0 0 0 0 0 0 0 0 0 0 0 0 0 0 0
 0 0 0 0 0 0 0 0 0 0 0 0 0 0 0 0 0 0 0 0 0 0 0 0 0 0 0 0 0 0 0 0 0 0 0 0
 0 0 0 0 0 0 0 0 0 0 0 0 0 0 0 0 0 0 0 0 0 0 0 0 0 0 0 0 0 0 0 0 0 0 0 0
 0 0 0 0 0 0 0 0 0 0 0 0 0 0 0 0 0 0 0 0 0 0 0 0 0 0 0 0 0 0 0 0 0 0 0 0
 0 0 0 0 0 0 0 0 0 0 0 0 0 0 0 0 0 0 0 0 0 0 0 0 0 0 0 0 0 0 0 0 0 0 0 0
 0 0 0 0 0 0 0 0 0 0 0 0 0 0 0 0 0 0 0 0 0 0 0 0 0 0 0 0 0 0 0 0 0 0 0 0
 0 0 0 0 0 0 0 0 0 0 0 0 0 0 0 0 0 0 0 0 0 0 0 0 0 0 0 0 0 0 0 0 0 0 0 0
 0 0 0 0 0 0 0 0 0 0 0 0 0 0 0 0 0 0 0 0 0 0 0 0 0 0 0 0 0 0 0 0 0 0 0 0
 0 0 0 0 0 0 0 0 0 0 0 0 0 0 0 0 0 0 0 0 0 0 0 0 0 0 0 0 0 0 0 0 0 0 0 0
 0 0 0 0 0 0 0 0 1.78061e-05 0.00172719 0.00360574 0.0105946 0.0120993 0.0124554 0.0147524 0.0171206 0.0266825 0.0428682 0.0675386 0.121331 0.153587 0.119568 0.100827 0.0573624 0.0630603 0.0341343 0.0324427 0.0444173 0.0211091 0.0280891 0.0125444 0.00206551 0 0 0 0
 0 0 0 0 0 0 0 0 0 0 0 0 0 0 0 0 0 0 0 0 0 0 0 0 0 0 0 0 0 0 0 0 0 0 0 0
 0 0 0 0 0 0 0.0133647 0.0140871 0.0187388 0.0205184 0.03894 0.0496705 0.03968 0.0493445 0.0407372 0.0367815 0.0215668 0.0243155 0.0234873 0.0199281 0.019796 0.0243948 0.0301388 0.0376714 0.0412746 0.0863199 0.0771752 0.113111 0.0741005 0.0525337 0.0229764 0.00759418 0.00175318 0 0 0
 0 0 0 0 0 0 0 0 0 0 0.00219441 0.00772107 0.0458388 0.0604681 0.0671733 0.0775358 0.0609151 0.0617685 0.073594 0.0568108 0.0755445 0.0548602 0.0670107 0.0636378 0.0643287 0.046367 0.0373049 0.0286899 0.0247887 0.0153202 0.00654259 0.00121912 0.000365735 0 0 0
 0 0 0 0 0 0 0 0 0 0 0 0 0.000112435 0.00938835 0.0111873 0.0202946 0.0414886 0.0713402 0.111592 0.104902 0.108894 0.110636 0.117776 0.105296 0.107544 0.0401394 0.0192827 0.0124803 0.00416011 0.0028671 0.000618394 0 0 0 0 0
 0 0 0 0 0 0 0 0 0 0 0.00291406 0.0102884 0.027416 0.0768956 0.0749926 0.110853 0.0956884 0.0897413 0.0766577 0.0534642 0.0500743 0.0551293 0.0594112 0.0620874 0.0668451 0.0424026 0.0208742 0.0120726 0.0048766 0.00582813 0.00118941 0.000297354 0 0 0 0
 0 0.00264628 0.0354308 0.0461629 0.0458689 0.0383711 0.0214643 0.0164657 0.0346957 0.0420465 0.0363128 0.0245516 0.0311673 0.0291091 0.0169068 0.0133784 0.00837989 0.0085269 0.0148486 0.0160247 0.0276389 0.0546898 0.0760071 0.122758 0.109233 0.0665981 0.0333725 0.0166128 0.00676272 0.00308733 0.000882094 0 0 0 0 0
 0 0 0 0 0 0 0 0.000805153 0.000690131 0.00759144 0.0133425 0.0154129 0.00931677 0.000345066 0.00356568 0.00563607 0.00851162 0.0253048 0.0502646 0.0516448 0.0657925 0.0565908 0.0611916 0.0827007 0.0866115 0.110766 0.145733 0.0935128 0.0569358 0.0249597 0.0138026 0.00621118 0.00161031 0.00115022 0 0
 0 0 0 0 0 0 0 0 0 0 0 0 0 0 0 0 0 0 0 0 0 0 0 0 0 0 0 0 0 0 0 0 0 0 0 0
 0.00147267 0.00158595 0.00478618 0.00569244 0.00954404 0.0108468 0.00647125 0.017049 0.0510054 0.094081 0.124002 0.0959785 0.0687766 0.0820023 0.061753 0.0591476 0.0492212 0.0479892 0.0443925 0.0268479 0.0217502 0.0140895 0.0121071 0.0120363 0.00920419 0.00665534 0.0049561 0.00860946 0.00930331 0.0156896 0.0114698 0.00855282 0.00243557 0.00046729 0 2.83206e-05
 0 0 0 0 0.000772559 0.00158375 0.000888443 0.00281984 0.00712685 0.0440552 0.0773331 0.111326 0.0921469 0.0852325 0.0710754 0.0886704 0.0786465 0.0553345 0.0373146 0.0185414 0.00753245 0.00457741 0.012979 0.0271748 0.0457355 0.0583668 0.034881 0.0177882 0.00938659 0.00492506 0.0015258 0.00185414 0.000309023 5.79419e-05 3.86279e-05 0
 0 0.00173294 0.00326652 0 0.00397197 0.00683976 0.00946217 0.0152591 0.00757587 0.0136028 0.0228656 0.0392903 0.0559909 0.0764795 0.0681675 0.0726916 0.0566044 0.0477403 0.0527397 0.0444891 0.0609904 0.0582453 0.0661739 0.0445044 0.0529084 0.0360697 0.0280645 0.0235558 0.0158879 0.00826598 0.00280645 0.00217768 0.000904811 0.00058276 9.20147e-05 0
 0 0 0 0 0 0 0 0 0 0 0 0 0 0 0 0 0 0 0 0 0 0 0 0 0 0 0 0 0 0 0 0 0 0 0 0
ppred_pel_tallas
 1.00959e-16 3.29429e-05 0.000193347 0.000919083 0.00353852 0.0110345 0.0278724 0.0570307 0.0945352 0.12696 0.138161 0.121876 0.0872614 0.0509635 0.0248025 0.0110428 0.00609489 0.00572791 0.00734172 0.00977747 0.0125325 0.0152738 0.017684 0.0194681 0.0204077 0.0204093 0.0195226 0.0179207 0.015852 0.0135796 0.0113286 0.0092557 0.00744291 0.00591117 0.0046428 0.0036032
 1.00851e-16 3.16936e-05 0.000186009 0.00088419 0.00340415 0.0106155 0.026814 0.0548656 0.0909476 0.122146 0.132934 0.117292 0.0840382 0.0491995 0.0241648 0.0111322 0.00666785 0.00671279 0.00876207 0.0116755 0.0149197 0.0181041 0.0208434 0.0227818 0.023663 0.0233893 0.022043 0.01986 0.0171669 0.0143035 0.0115551 0.00911287 0.00706709 0.00542498 0.0041416 0.00315026
 1.01166e-16 2.63034e-05 0.000154354 0.000733677 0.00282461 0.0088082 0.022249 0.045526 0.0754704 0.101373 0.110361 0.0974579 0.0700078 0.0413496 0.0209875 0.0108104 0.00803297 0.00933269 0.0126348 0.0169348 0.0216596 0.0262898 0.0302753 0.0331003 0.0343917 0.0340058 0.0320595 0.0288929 0.0249783 0.0208081 0.0167972 0.0132253 0.0102265 0.00781483 0.00592844 0.00447287
 1.01553e-16 3.03327e-05 0.00017802 0.00084621 0.00325793 0.0101595 0.0256622 0.0525088 0.087041 0.116899 0.127224 0.112256 0.0804329 0.0470956 0.0231452 0.010689 0.00644543 0.00653763 0.00857837 0.0114888 0.0147718 0.0180651 0.0210071 0.0232558 0.0245531 0.0247801 0.0239792 0.022333 0.0201102 0.0175991 0.0150488 0.0126354 0.0104565 0.00854564 0.00689661 0.00548632
 1.016e-16 2.99048e-05 0.000175507 0.000834256 0.0032119 0.010016 0.0252996 0.0517671 0.0858121 0.115251 0.125435 0.11069 0.0793373 0.0465075 0.0229554 0.0107668 0.00671493 0.00698163 0.00921041 0.0123244 0.0158091 0.019274 0.022326 0.0245966 0.0258134 0.0258613 0.0248045 0.0228613 0.0203427 0.0175752 0.0148356 0.0123124 0.0101001 0.00821726 0.0066367 0.00531318
 1.02341e-16 2.25381e-05 0.000132245 0.000628561 0.00241987 0.00754603 0.019061 0.0390033 0.06466 0.0868599 0.0945822 0.0835744 0.0601442 0.0357441 0.0185504 0.0102224 0.00841633 0.0103188 0.0141635 0.0190661 0.0244706 0.0298278 0.0345382 0.038031 0.0398844 0.0399197 0.0382381 0.0351801 0.0312304 0.0268989 0.0226183 0.0186843 0.0152456 0.0123325 0.00990202 0.00788227
 1.02482e-16 2.93686e-05 0.000172362 0.000819312 0.00315437 0.00983657 0.0248465 0.0508396 0.0842739 0.113182 0.123178 0.108682 0.0778657 0.0455792 0.0223763 0.0102967 0.00616396 0.00622837 0.00818684 0.0110084 0.0142299 0.0175219 0.0205537 0.023007 0.0246327 0.0253013 0.0250239 0.0239348 0.0222464 0.020192 0.017977 0.0157514 0.0136065 0.0115877 0.00971496 0.00799886
 1.02092e-16 2.70576e-05 0.000158786 0.000754754 0.00290577 0.00906133 0.0228884 0.0468338 0.0776368 0.104278 0.113511 0.10021 0.0719209 0.0423507 0.0212585 0.0105654 0.00738559 0.00828894 0.0111458 0.014952 0.0191746 0.0233598 0.0270332 0.0297486 0.0311783 0.0311877 0.029862 0.027474 0.0244077 0.0210639 0.0177785 0.014777 0.0121667 0.00996133 0.00811833 0.00657492
 1.01701e-16 3.00241e-05 0.000176208 0.000837591 0.00322474 0.010056 0.0254008 0.051974 0.0861548 0.11571 0.125933 0.111123 0.0796355 0.0466573 0.0229831 0.0107031 0.00657391 0.00676053 0.00889886 0.0119146 0.0153031 0.0186891 0.0216956 0.0239677 0.0252407 0.0253974 0.0244909 0.0227209 0.0203761 0.0177624 0.015141 0.0126925 0.0105113 0.00862225 0.00700788 0.00563401
 1.01575e-16 2.86529e-05 0.000168154 0.000799295 0.00307728 0.00959615 0.0242392 0.0495977 0.0822172 0.110426 0.120194 0.106087 0.0760873 0.0447012 0.0222475 0.0107422 0.00711061 0.00770628 0.0102714 0.0137571 0.0176332 0.0214709 0.0248299 0.0272967 0.0285677 0.0285178 0.0272257 0.0249445 0.0220317 0.018862 0.015752 0.0129167 0.0104619 0.00840546 0.00671064 0.00531917
 1.02089e-16 2.35524e-05 0.000138202 0.00065688 0.00252891 0.00788608 0.0199199 0.0407606 0.0675723 0.0907691 0.0988313 0.0873107 0.0627931 0.0372383 0.0191788 0.0103341 0.00823991 0.00994538 0.0136022 0.0182975 0.0234764 0.0286059 0.033108 0.0364338 0.0381778 0.0381694 0.0365072 0.033521 0.0296797 0.0254769 0.0213314 0.0175304 0.0142187 0.0114259 0.00911012 0.00720028
 1.02813e-16 2.39582e-05 0.000140588 0.000668235 0.00257265 0.00802248 0.0202643 0.041465 0.0687386 0.0923314 0.10052 0.0887747 0.0637846 0.0377034 0.0191935 0.00998411 0.00755046 0.0088817 0.0121061 0.0163281 0.0210429 0.0257901 0.0300715 0.0334072 0.0354307 0.0359675 0.0350661 0.0329685 0.0300369 0.0266604 0.0231757 0.0198214 0.0167314 0.0139554 0.0114935 0.00932617
 1.01752e-16 3.12113e-05 0.00018318 0.000870746 0.0033524 0.0104541 0.0264064 0.0540312 0.089564 0.120286 0.130905 0.11549 0.0827225 0.0483797 0.0236708 0.0107537 0.00624088 0.00613488 0.00797688 0.0106636 0.0137015 0.0167464 0.0194618 0.0215319 0.0227206 0.0229228 0.0221838 0.020678 0.0186583 0.0163921 0.0141067 0.0119582 0.0100274 0.00833494 0.00686594 0.00559279
 1.00591e-16 3.36511e-05 0.000197504 0.000938843 0.00361459 0.0112718 0.0284716 0.0582569 0.096568 0.12969 0.141133 0.124501 0.089147 0.0520767 0.0253658 0.0113278 0.00629542 0.00594348 0.00760887 0.0100963 0.012877 0.0155936 0.0179069 0.019507 0.0201737 0.0198275 0.0185482 0.0165507 0.014129 0.0115872 0.00917878 0.00707178 0.00534214 0.00399013 0.00296832 0.0022094
 1.00216e-16 3.71412e-05 0.000218 0.0010363 0.00398984 0.012442 0.0314274 0.0643041 0.106589 0.143141 0.15575 0.137346 0.0982368 0.0571697 0.0274415 0.0115672 0.0054606 0.00432052 0.00520502 0.0068292 0.00868665 0.0104986 0.0120267 0.0130593 0.0134475 0.0131398 0.0121947 0.0107637 0.00905269 0.00727392 0.00560448 0.00416138 0.00299686 0.00210957 0.0014638 0.00100906
 1.00281e-16 3.4078e-05 0.00020001 0.000950757 0.00366046 0.0114148 0.0288329 0.0589962 0.0977934 0.131336 0.142924 0.12608 0.0902753 0.0527318 0.0256772 0.011453 0.00634404 0.00596815 0.0076261 0.010105 0.012867 0.0155485 0.0178052 0.0193243 0.0198853 0.0194127 0.0179941 0.0158554 0.0133035 0.0106544 0.00817183 0.00602983 0.00430596 0.00299774 0.00205136 0.00139083
 1.00786e-16 2.82409e-05 0.000165732 0.000787771 0.00303289 0.00945773 0.0238897 0.0488827 0.0810332 0.10884 0.118477 0.104594 0.0750661 0.0442007 0.0221824 0.0110144 0.00768125 0.00859696 0.0115304 0.0154224 0.0197033 0.0238855 0.0274622 0.0299609 0.0310419 0.0305779 0.0286825 0.0256747 0.021996 0.0181052 0.0143889 0.0111071 0.00838326 0.00622775 0.0045785 0.00334179
 1.0131e-16 3.00737e-05 0.000176498 0.00083897 0.00323005 0.0100726 0.0254426 0.0520595 0.0862969 0.115902 0.126143 0.111312 0.0797791 0.0467579 0.023063 0.0107911 0.0066954 0.00693598 0.00914348 0.0122371 0.015703 0.0191532 0.0221968 0.0244662 0.0256879 0.0257428 0.0246893 0.0227397 0.0201995 0.0173933 0.0145992 0.0120114 0.0097325 0.00779058 0.00616668 0.00482142
 1.01577e-16 2.79566e-05 0.000164065 0.000779852 0.00300241 0.00936269 0.0236496 0.0483912 0.0802179 0.107743 0.117278 0.103524 0.0742737 0.0436849 0.0218331 0.0106941 0.00727692 0.00803023 0.0107521 0.0144119 0.0184754 0.0224984 0.0260203 0.0286077 0.029942 0.0298911 0.0285363 0.0261417 0.0230812 0.0197473 0.0164724 0.013483 0.010892 0.00871996 0.00693051 0.00546392
 1.01476e-16 3.10891e-05 0.000182462 0.000867327 0.00333924 0.0104131 0.0263027 0.0538192 0.0892127 0.119815 0.130394 0.115046 0.0824155 0.0482237 0.0236382 0.0108124 0.00637607 0.0063495 0.00828273 0.0110715 0.0142138 0.017352 0.0201337 0.0222281 0.023389 0.0235082 0.0226362 0.0209603 0.0187511 0.0162953 0.0138377 0.0115478 0.00951439 0.00776068 0.00627002 0.00500952
 1.0154e-16 2.85443e-05 0.000167516 0.000796263 0.0030656 0.00955974 0.0241473 0.0494095 0.0819055 0.110008 0.11974 0.105689 0.0758074 0.0445483 0.0221928 0.0107513 0.00716256 0.00779523 0.0103999 0.0139291 0.0178501 0.021729 0.0251192 0.0276016 0.028869 0.0287953 0.0274618 0.0251267 0.0221544 0.0189264 0.0157651 0.0128891 0.0104058 0.00833246 0.00663085 0.00524028
 1.0191e-16 2.7759e-05 0.000162906 0.000774347 0.00298122 0.0092966 0.0234826 0.0480495 0.0796512 0.106981 0.116446 0.102785 0.0737313 0.0433424 0.021619 0.0105197 0.00707205 0.00774996 0.0103713 0.0139223 0.0178879 0.0218466 0.025361 0.0280164 0.0295026 0.0296821 0.0286165 0.0265387 0.0237859 0.020716 0.0176352 0.0147559 0.0121899 0.00996802 0.00807119 0.00646043
 1.01879e-16 2.93687e-05 0.000172359 0.000819294 0.00315429 0.00983632 0.0248458 0.0508386 0.0842731 0.113184 0.123187 0.108708 0.0779214 0.045687 0.0225684 0.0106166 0.00666527 0.00696833 0.00921482 0.0123501 0.0158704 0.0193925 0.0225281 0.0249107 0.026266 0.0264718 0.025581 0.0237971 0.0214153 0.0187483 0.0160627 0.0135428 0.011285 0.00931506 0.00761655 0.0061569
pSPR Fmed_Fpbrs
0.51501   0.6 0.325
Fs Fmed_Fpbrs
0.64   0.445668 1.52298
SSBpbr Bo_Bmed_Bpbrs
853899  397072  469644 234822
Ro
34741.2
SPR SPRFo_SPRFmed_SPRFpbrs
716086 368792 232728
log_Ro
10.2757
likeval ReclasPelacesDesembMPH_pf_preclas_ppelaces_ptallas_desvR_qrecl_qpela
 63.0105 14.9477 0.00831351 0.000449719 290.723 163.138 42.8187 0 15.2665 9.42816e-06 7.81628e-05 8.70627e-15 0 0 0
q_reclas_q_pelaces
0.647195 3.51769
M
0.7
N
 36345.4 10939.5 3558.06 419.397 0.228169
 44275.9 16296.8 2795.18 693.128 80.0824
 22872.4 20024.1 4403.57 589.136 159.913
 34932.7 9668.99 3487.12 499.956 82.3006
 62191.4 16763.6 3843.02 1265.55 209.852
 44142.1 30701.3 8010.41 1807.75 693.197
 78282.5 20738.3 10628.7 2393.42 738.842
 77371 37541.1 8206.58 3833.65 1121.76
 100476 35857 11892.5 2163.84 1288.35
 115306 46165.7 10739.9 2897.72 827.851
 66297.9 54055.1 15760.1 3146.25 1078.68
 45053.1 29536.3 13245.2 2894.28 758.901
 46495.2 20318.1 7835.77 2720.38 735.747
 24707.1 19763.1 3666.72 935.425 399.73
 14802.4 9034.34 1339.05 110.169 37.6817
 13444.2 5167.1 452.52 26.2914 2.70154
 9869.2 5768.4 991.183 58.871 3.662
 12145.1 4401.7 1423.66 183.884 11.3522
 12993.2 5598.73 1347.02 357.543 48.3014
 20560.1 6087.29 1903.38 392.309 116.814
 27021.7 9613.55 2043.25 544.479 143.864
 35313.8 13049.6 3981.62 785.816 263.233
 53226.3 16949.4 5192.37 1447.26 378.674
pred_Ctot
 2552.02 3966.15 1638.92 195.936 0.106677
 2857.84 5531.03 1214.24 305.549 35.33
 2469.04 9914.07 2647.65 358.142 97.2694
 846.662 1405.97 687.29 100.414 16.5462
 263.673 455.965 146.193 49.1746 8.16329
 1717.27 6826.42 2362.17 542.357 208.161
 1934.1 3069.22 2130.6 488.882 151.068
 3728.48 10030 2869.63 1362.53 399.034
 5425.19 10533.3 4535.55 838.297 499.536
 4655.58 10602.1 3264.13 895.873 256.174
 4934.81 20497.3 7551.7 1528.47 524.414
 2992.11 10252.7 5870.37 1301.5 341.524
 4859.76 9843.84 4627.78 1624.86 439.716
 4767.9 13633 2846.26 730.595 312.303
 3226.88 6575.35 1078.96 89.2334 30.5294
 1325.8 2405.57 258.539 15.1983 1.56265
 727.457 2171.06 471.842 28.4151 1.76882
 628.813 1248.85 526.013 69.0312 4.26528
 530.275 1297.79 412.962 111.498 15.0762
 866.599 1450.9 598.865 125.537 37.4134
 535.282 1159.52 336.308 91.3701 24.167
 851.731 1889.05 781.38 157.15 52.6951
 1525.83 2872.52 1184.81 336.357 88.0934
F
 0.102101 0.664481 0.935757 0.956305 0.957412
 0.0935069 0.608552 0.856996 0.875814 0.876828
 0.161008 1.04786 1.47565 1.50805 1.5098
 0.0342136 0.222666 0.31357 0.320455 0.320826
 0.00591074 0.0384677 0.0541723 0.0553619 0.0554259
 0.0554302 0.360745 0.508021 0.519176 0.519777
 0.034887 0.227048 0.319741 0.326763 0.327141
 0.0690723 0.44953 0.633052 0.646953 0.647701
 0.0776844 0.505578 0.711982 0.727616 0.728458
 0.0575829 0.374756 0.527751 0.53934 0.539964
 0.108537 0.706368 0.994744 1.01659 1.01776
 0.0963294 0.626922 0.882864 0.902251 0.903295
 0.155531 1.01221 1.42545 1.45675 1.45844
 0.306058 1.99186 2.80504 2.86664 2.86995
 0.352477 2.29396 3.23047 3.30141 3.30523
 0.146151 0.951167 1.33948 1.3689 1.37048
 0.107429 0.69916 0.984595 1.00622 1.00738
 0.074384 0.484099 0.681733 0.696703 0.697509
 0.0582208 0.378907 0.533597 0.545314 0.545945
 0.0601806 0.391661 0.551558 0.56367 0.564322
 0.0278857 0.181483 0.255574 0.261186 0.261489
 0.0340445 0.221565 0.312019 0.318871 0.31924
 0.0405803 0.264101 0.371921 0.380088 0.380528
Np
 24440.9 11573.7 9250.53 2076.26 745.482
YTP_r0W_actual
 11757.8 79882.4 45150.8 16723.5 5504.95
YTP_p0W_proyectada
 6707.9 106766 52836.3 18892 7770.56
 6707.9 48686.4 75622.2 22065.9 8800.44
CTP_r0_actual
 1781.48 3300.93 1351.82 383.568 100.455
CTP_p0_proyectada
 818.037 4942.86 1682.69 471.121 174.619
 818.037 2254 2408.35 550.273 197.763
Wmedp
 8.2 21.6 31.4 40.1 44.5
nmprior
 10.8 10.6 4.6 0
nm_flota  nm_reclas  nm_pelaces    nm_pelaL
inf 18.3435 11.7386 15.0168
cv_recla  cv_pelaces  cv_mph
0.753057 0.473514 0.612181
 ------------------------------------------------
Talla a la edad & desviaci?n 
 7.2 14.2025 17.0495 18.207 18.6776
 1.08 2.13037 2.55742 2.73105 2.80164
