years
 1997 1998 1999 2000 2001 2002 2003 2004 2005 2006 2007 2008 2009 2010 2011 2012 2013 2014 2015 2016 2017 2018 2019
reclasobs
 0 0 0 370054 412103 1.49427e+06 250295 1.28982e+06 931140 785840 897777 1.04006e+06 184774 17550 25797 100020 73551 82996 120727 218422 84188 347160 605670
reclaspred
 311936 72563.2 134042 77592.5 142843 168762 561412 416763 599273 668030 572557 411593 297275 167557 130478 122451 133293 179772 188636 278467 420746 353954 515694
pelacesobs
 0 0 0 0 0 0 0 0 0 2.06254e+06 1.5e+06 0 1.87456e+06 323000 250000 174000 83755 137374 0 501740 490994 745055 786931
pelacespred
 668558 123186 141849 125655 209300 179191 881137 679046 937713 1.03941e+06 808904 609976 447319 220884 171127 170320 192097 253814 274298 391605 655682 556011 657251
mphobs
 0 0 0 0 0 0 112323 0 153150 637223 0 255016 313432 73983 77613 109348 50772 17779 17303 59886 28197 0 207744
mphpred
 137140 71351 64626.1 45559 51150.8 96037 168435 272457 262446 345799 389735 294869 194385 88790.5 52817.6 45948.1 45459.7 57858.8 33606.8 37115.3 60195.1 74823.6 80842
desembarqueobs
 350755 77701 442110 56441 14545 235359 269955 359681 431902 328805 639364 411747 362871 311530 167758 66681 60226 58785 57116 73181 50977 67692 138656
desembarquepred
 350764 77702.6 442148 56447.8 14545.2 235396 269959 359660 431819 328770 639426 411821 362931 311835 167875 66705 60247.4 58787.8 57112 73178.6 50976.5 67688.1 138654
Reclutas
 33979 37215.8 15163.3 20393.2 42398 40630.4 95840.3 76841.1 140306 156536 74850.4 48443.2 60767.5 30376.5 19852.7 21640 18480 23349 26123.6 49740.7 66468 59722.8 79682.6
log_desv_Rt
 -0.252978 -0.161989 -1.05985 -0.76352 -0.031619 -0.0742052 0.783962 0.563018 1.1651 1.27457 0.53677 0.101671 0.328334 -0.365052 -0.790383 -0.704176 -0.862033 -0.628166 -0.515881 0.128103 0.417999 0.310992 0.59933
SSB
 453829 236117 213863 150765 169270 317809 541063 891016 848601 1.12198e+06 1.28972e+06 975790 660415 438767 266830 235486 241254 297137 367020 422830 655792 796689 882260
BT
 1.48334e+06 352956 495916 285394 386916 503156 1.76814e+06 1.60507e+06 2.0715e+06 2.17183e+06 2.01397e+06 1.46611e+06 1.1537e+06 691246 449008 361263 395688 501832 540634 761019 1.21526e+06 1.05961e+06 1.27663e+06
Ftot
 0.71175 0.702715 1.56804 0.467008 0.078553 0.717132 0.377385 0.516947 0.529928 0.312449 0.5271 0.454908 0.652086 0.870613 0.655419 0.27257 0.241881 0.177506 0.150782 0.156484 0.0696796 0.0898837 0.126233
BD_Bspro_t
 0.91445 0.628295 0.491904 0.257793 0.393907 0.606827 0.589679 0.66824 0.622746 0.641464 0.648073 0.510404 0.420208 0.362337 0.280048 0.299163 0.385777 0.532475 0.644071 0.724346 0.816381 0.875231 0.865195
BD_Bspro
 0.503147 0.261776 0.237103 0.167149 0.187664 0.352345 0.59986 0.987842 0.940818 1.2439 1.42988 1.08183 0.732182 0.486448 0.295826 0.261077 0.267471 0.329427 0.406904 0.468778 0.727057 0.883264 0.978134
BD_Bo
 0.334912 0.174247 0.157824 0.11126 0.124916 0.234533 0.399288 0.657543 0.626242 0.827985 0.951777 0.720103 0.487366 0.323797 0.196912 0.173782 0.178038 0.219278 0.27085 0.312036 0.483955 0.587932 0.651081
BD_Brms
 1.14007 0.593154 0.537248 0.37874 0.425226 0.798373 1.35921 2.23834 2.13179 2.81854 3.23994 2.4513 1.65904 1.10224 0.670308 0.59157 0.606059 0.746443 0.921999 1.0622 1.64743 2.00138 2.21634
S_f
 0.170666 1 1 1 1
 0.170666 1 1 1 1
 0.170666 1 1 1 1
 0.170666 1 1 1 1
 0.170666 1 1 1 1
 0.170666 1 1 1 1
 0.170666 1 1 1 1
 0.170666 1 1 1 1
 0.170666 1 1 1 1
 0.170666 1 1 1 1
 0.170666 1 1 1 1
 0.170666 1 1 1 1
 0.170666 1 1 1 1
 0.170666 1 1 1 1
 0.170666 1 1 1 1
 0.170666 1 1 1 1
 0.170666 1 1 1 1
 0.170666 1 1 1 1
 0.170666 1 1 1 1
 0.170666 1 1 1 1
 0.170666 1 1 1 1
 0.170666 1 1 1 1
 0.170666 1 1 1 1
Scru_reclas
 1 1 1 1 1
 1 1 1 1 1
 1 1 1 1 1
 1 1 1 1 1
 1 1 1 1 1
 1 1 1 1 1
 1 1 1 1 1
 1 1 1 1 1
 1 1 1 1 1
 1 1 1 1 1
 1 1 1 1 1
 1 1 1 1 1
 1 1 1 1 1
 1 1 1 1 1
 1 1 1 1 1
 1 1 1 1 1
 1 1 1 1 1
 1 1 1 1 1
 1 1 1 1 1
 1 1 1 1 1
 1 1 1 1 1
 1 1 1 1 1
 1 1 1 1 1
Scru_pelaces
 1 1 1 1 1
 1 1 1 1 1
 1 1 1 1 1
 1 1 1 1 1
 1 1 1 1 1
 1 1 1 1 1
 1 1 1 1 1
 1 1 1 1 1
 1 1 1 1 1
 1 1 1 1 1
 1 1 1 1 1
 1 1 1 1 1
 1 1 1 1 1
 1 1 1 1 1
 1 1 1 1 1
 1 1 1 1 1
 1 1 1 1 1
 1 1 1 1 1
 1 1 1 1 1
 1 1 1 1 1
 1 1 1 1 1
 1 1 1 1 1
 1 1 1 1 1
pf_obs 
 0.256992 0.487395 0.22802 0.0275931 0
 0.321318 0.546541 0.124235 0.00734118 0.000564706
 0.182869 0.594174 0.210203 0.0122559 0.00049798
 0.330522 0.361315 0.267642 0.0388342 0.00168674
 0.649043 0.306663 0.0425973 0.00169635 0
 0.582887 0.30429 0.105238 0.00758474 0
 0.465427 0.430635 0.0974691 0.00646863 0
 0.296916 0.608066 0.0921331 0.00288517 0
 0.311714 0.524322 0.152257 0.0117073 0
 0.15457 0.633149 0.183074 0.0267441 0.00246327
 0.131901 0.49318 0.331252 0.0422183 0.00144891
 0.196976 0.569456 0.194076 0.0375587 0.00193317
 0.518974 0.381816 0.0799577 0.0180837 0.00116848
 0.0928022 0.601141 0.25162 0.0475244 0.00691264
 0.122501 0.610282 0.24278 0.0234846 0.000952079
 0.383417 0.481906 0.127806 0.00687128 0
 0.0376549 0.599619 0.316969 0.0457579 0
 0.0361596 0.667082 0.258105 0.0386534 0
 0.158088 0.579412 0.248529 0.0139706 0
 0.0477256 0.309471 0.559284 0.082774 0.000745712
 0.0406174 0.521527 0.379366 0.0568643 0.0016247
 0.151134 0.462217 0.34131 0.0453401 0
 0.294876 0.26143 0.354403 0.0886775 0.000613685
pf_pred 
 0.328553 0.473552 0.176949 0.0209322 1.27905e-05
 0.302167 0.560034 0.0971862 0.036315 0.00429849
 0.166694 0.651347 0.146028 0.0253411 0.0105899
 0.340492 0.479029 0.141071 0.0316271 0.00778204
 0.386458 0.485367 0.0930989 0.027417 0.00765914
 0.252329 0.592818 0.122503 0.0234975 0.00885296
 0.435599 0.416297 0.117429 0.0242663 0.0064082
 0.228835 0.650952 0.088668 0.0250115 0.00653342
 0.362482 0.440242 0.166524 0.0226827 0.00806972
 0.275615 0.587811 0.0943119 0.0356741 0.00658803
 0.130451 0.627064 0.196767 0.0315705 0.014147
 0.131621 0.461452 0.29345 0.092082 0.0213947
 0.234052 0.402084 0.193356 0.12296 0.0475484
 0.154332 0.601339 0.12826 0.0616783 0.0543904
 0.1686 0.51731 0.223343 0.0476372 0.043109
 0.222713 0.48243 0.183465 0.079209 0.0321833
 0.180343 0.537995 0.174816 0.0664812 0.0403647
 0.221846 0.459912 0.208883 0.0678743 0.0414842
 0.212518 0.507807 0.165297 0.0750744 0.0393044
 0.308918 0.434845 0.165234 0.0537854 0.0372174
 0.263136 0.543895 0.121421 0.0461379 0.0254105
 0.180822 0.560057 0.191263 0.042698 0.0251602
 0.218672 0.448668 0.227433 0.0776697 0.0275565
pobs_RECLAS
 0 0 0 0 0
 0 0 0 0 0
 0 0 0 0 0
 0 0 0 0 0
 0.835266 0.146461 0.0176864 0.000547809 3.91292e-05
 0.385257 0.428462 0.181853 0.0044286 0
 0.867414 0.0963971 0.0333333 0.00285562 0
 0.441836 0.489002 0.0689373 0.000224442 0
 0.779404 0.147425 0.0564933 0.0165055 0.000172143
 0.814271 0.122319 0.05973 0.00367925 0
 0.40263 0.566651 0.0304383 0.000280538 0
 0.475488 0.404961 0.113038 0.00651328 0
 0.955842 0.0263864 0.0167828 0.000988607 0
 0.975058 0.0227948 0.00214734 0 0
 0.738997 0.206755 0.0527124 0.00153531 0
 0.850938 0.134255 0.0134407 0.00136685 0
 0.542534 0.407297 0.0501686 0 0
 0.764087 0.199537 0.0359546 0.000420521 0
 0.470689 0.182191 0.310203 0.0369168 0
 0.84361 0.089868 0.0606195 0.00523954 0.000663233
 0.607945 0.314616 0.071237 0.00620181 0
 0.523733 0.453247 0.0230204 0 0
 0.530135 0.295979 0.169645 0.0042399 0
ppred_RECLAS
 0.75158 0.175204 0.0654672 0.00774442 4.73218e-06
 0.727875 0.218389 0.0378984 0.0141613 0.00167622
 0.580768 0.327689 0.0734658 0.012749 0.00532772
 0.757286 0.176293 0.0519172 0.0116395 0.00286397
 0.787485 0.168118 0.032247 0.00949651 0.00265292
 0.676146 0.256779 0.0530624 0.010178 0.00383467
 0.822398 0.130997 0.0369518 0.00763594 0.00201649
 0.642988 0.301359 0.041049 0.0115791 0.00302466
 0.775528 0.15501 0.0586336 0.00798665 0.00284137
 0.694353 0.248021 0.039794 0.0150523 0.00277975
 0.47681 0.377292 0.118391 0.0189953 0.00851199
 0.477826 0.277481 0.176458 0.0553708 0.012865
 0.652545 0.182396 0.0877114 0.0557781 0.0215693
 0.534433 0.331056 0.0706114 0.0339559 0.0299436
 0.554919 0.276937 0.119565 0.0255021 0.023078
 0.630443 0.229369 0.0872274 0.0376595 0.0153014
 0.566584 0.28448 0.0924388 0.0351538 0.021344
 0.627817 0.219971 0.0999065 0.0324635 0.0198414
 0.614523 0.248574 0.0809137 0.0367494 0.0192398
 0.725386 0.172794 0.0656587 0.0213726 0.014789
 0.6774 0.238118 0.0531581 0.0201992 0.0111247
 0.565102 0.297332 0.101541 0.0226682 0.0133575
 0.622768 0.216621 0.109807 0.0374997 0.0133045
pobs_PELACES
 0 0 0 0 0
 0 0 0 0 0
 0 0 0 0 0
 0 0 0 0 0
 0 0 0 0 0
 0 0 0 0 0
 0 0 0 0 0
 0 0 0 0 0
 0 0 0 0 0
 0 0 0 0 0
 0.450072 0.473896 0.0757376 0.000293798 0
 0 0 0 0 0
 0.463077 0.371075 0.160297 0.00555027 0
 0.529543 0.364841 0.0842815 0.0213345 0
 0.631943 0.363953 0.00410389 0 0
 0.735681 0.248677 0.0153453 0.000297389 0
 0.695825 0.281241 0.0229344 0 0
 0.275771 0.60734 0.115278 0.00161068 0
 0 0 0 0 0
 0.896147 0.0623911 0.0374545 0.00400742 0
 0.803859 0.145111 0.0509908 3.86294e-05 0
 0.739449 0.233085 0.0266225 0.000797448 4.60066e-05
 0.878498 0.100942 0.0204185 0.000141795 0
ppred_PELACES
 0.786146 0.150825 0.0563579 0.00666684 4.07373e-06
 0.764262 0.189187 0.0328309 0.0122677 0.00145209
 0.680282 0.249905 0.0560271 0.00972273 0.00406306
 0.78 0.159795 0.0470585 0.0105502 0.00259595
 0.791061 0.16529 0.0317044 0.00933673 0.00260829
 0.717558 0.223944 0.0462771 0.00887647 0.00334432
 0.836985 0.120238 0.0339169 0.00700879 0.00185087
 0.674769 0.274532 0.0373949 0.0105484 0.00275541
 0.799765 0.138273 0.0523028 0.00712432 0.00253458
 0.712193 0.233544 0.0374713 0.0141737 0.0026175
 0.512855 0.351299 0.110234 0.0176867 0.00792556
 0.508935 0.260949 0.165945 0.052072 0.0120986
 0.691834 0.161772 0.0777932 0.0494709 0.0191303
 0.592961 0.289438 0.0617346 0.0296871 0.0261793
 0.598673 0.249712 0.107811 0.022995 0.0208093
 0.647647 0.218691 0.0831665 0.0359063 0.014589
 0.582762 0.273861 0.0889881 0.0338416 0.0205472
 0.639097 0.213305 0.0968788 0.0314797 0.0192401
 0.624251 0.242301 0.0788718 0.035822 0.0187542
 0.733834 0.167478 0.0636388 0.0207151 0.0143341
 0.681553 0.235052 0.0524738 0.0199392 0.0109815
 0.571137 0.293206 0.100131 0.0223536 0.0131721
 0.630849 0.211981 0.107454 0.0366963 0.0130195
pobs_pel_tallas
 0 0 0 0 0 0 0 0 0 0 0 0 0 0 0 0 0 0 0 0 0 0 0 0 0 0 0 0 0 0 0 0 0 0 0 0
 0 0 0 0 0 0 0 0 0 0 0 0 0 0 0 0 0 0 0 0 0 0 0 0 0 0 0 0 0 0 0 0 0 0 0 0
 0 0 0 0 0 0 0 0 0 0 0 0 0 0 0 0 0 0 0 0 0 0 0 0 0 0 0 0 0 0 0 0 0 0 0 0
 0 0 0 0 0 0 0 0 0 0 0 0 0 0 0 0 0 0 0 0 0 0 0 0 0 0 0 0 0 0 0 0 0 0 0 0
 0 0 0 0 0 0 0 0 0 0 0 0 0 0 0 0 0 0 0 0 0 0 0 0 0 0 0 0 0 0 0 0 0 0 0 0
 0 0 0 0 0 0 0 0 0 0 0 0 0 0 0 0 0 0 0 0 0 0 0 0 0 0 0 0 0 0 0 0 0 0 0 0
 0 0 0 0 0 0 0 0 0 0 0 0 0 0 0 0 0 0 0 0 0 0 0 0 0 0 0 0 0 0 0 0 0 0 0 0
 0 0 0 0 0 0 0 0 0 0 0 0 0 0 0 0 0 0 0 0 0 0 0 0 0 0 0 0 0 0 0 0 0 0 0 0
 0 0 0 0 0 0 0 0 0 0 0 0 0 0 0 0 0 0 0 0 0 0 0 0 0 0 0 0 0 0 0 0 0 0 0 0
 0 0 0 0 0 0 0 0 0 0 0 0 0 0 0 0 0 0 0 0 0 0 0 0 0 0 0 0 0 0 0 0 0 0 0 0
 0 0 0 0 0 0 0 0 1.78061e-05 0.00172719 0.00360574 0.0105946 0.0120993 0.0124554 0.0147524 0.0171206 0.0266825 0.0428682 0.0675386 0.121331 0.153587 0.119568 0.100827 0.0573624 0.0630603 0.0341343 0.0324427 0.0444173 0.0211091 0.0280891 0.0125444 0.00206551 0 0 0 0
 0 0 0 0 0 0 0 0 0 0 0 0 0 0 0 0 0 0 0 0 0 0 0 0 0 0 0 0 0 0 0 0 0 0 0 0
 0 0 0 0 0 0 0.0133647 0.0140871 0.0187388 0.0205184 0.03894 0.0496705 0.03968 0.0493445 0.0407372 0.0367815 0.0215668 0.0243155 0.0234873 0.0199281 0.019796 0.0243948 0.0301388 0.0376714 0.0412746 0.0863199 0.0771752 0.113111 0.0741005 0.0525337 0.0229764 0.00759418 0.00175318 0 0 0
 0 0 0 0 0 0 0 0 0 0 0.00219441 0.00772107 0.0458388 0.0604681 0.0671733 0.0775358 0.0609151 0.0617685 0.073594 0.0568108 0.0755445 0.0548602 0.0670107 0.0636378 0.0643287 0.046367 0.0373049 0.0286899 0.0247887 0.0153202 0.00654259 0.00121912 0.000365735 0 0 0
 0 0 0 0 0 0 0 0 0 0 0 0 0.000112435 0.00938835 0.0111873 0.0202946 0.0414886 0.0713402 0.111592 0.104902 0.108894 0.110636 0.117776 0.105296 0.107544 0.0401394 0.0192827 0.0124803 0.00416011 0.0028671 0.000618394 0 0 0 0 0
 0 0 0 0 0 0 0 0 0 0 0.00291406 0.0102884 0.027416 0.0768956 0.0749926 0.110853 0.0956884 0.0897413 0.0766577 0.0534642 0.0500743 0.0551293 0.0594112 0.0620874 0.0668451 0.0424026 0.0208742 0.0120726 0.0048766 0.00582813 0.00118941 0.000297354 0 0 0 0
 0 0.00264628 0.0354308 0.0461629 0.0458689 0.0383711 0.0214643 0.0164657 0.0346957 0.0420465 0.0363128 0.0245516 0.0311673 0.0291091 0.0169068 0.0133784 0.00837989 0.0085269 0.0148486 0.0160247 0.0276389 0.0546898 0.0760071 0.122758 0.109233 0.0665981 0.0333725 0.0166128 0.00676272 0.00308733 0.000882094 0 0 0 0 0
 0 0 0 0 0 0 0 0.000805153 0.000690131 0.00759144 0.0133425 0.0154129 0.00931677 0.000345066 0.00356568 0.00563607 0.00851162 0.0253048 0.0502646 0.0516448 0.0657925 0.0565908 0.0611916 0.0827007 0.0866115 0.110766 0.145733 0.0935128 0.0569358 0.0249597 0.0138026 0.00621118 0.00161031 0.00115022 0 0
 0 0 0 0 0 0 0 0 0 0 0 0 0 0 0 0 0 0 0 0 0 0 0 0 0 0 0 0 0 0 0 0 0 0 0 0
 0.00147267 0.00158595 0.00478618 0.00569244 0.00954404 0.0108468 0.00647125 0.017049 0.0510054 0.094081 0.124002 0.0959785 0.0687766 0.0820023 0.061753 0.0591476 0.0492212 0.0479892 0.0443925 0.0268479 0.0217502 0.0140895 0.0121071 0.0120363 0.00920419 0.00665534 0.0049561 0.00860946 0.00930331 0.0156896 0.0114698 0.00855282 0.00243557 0.00046729 0 2.83206e-05
 0 0 0 0 0.000772559 0.00158375 0.000888443 0.00281984 0.00712685 0.0440552 0.0773331 0.111326 0.0921469 0.0852325 0.0710754 0.0886704 0.0786465 0.0553345 0.0373146 0.0185414 0.00753245 0.00457741 0.012979 0.0271748 0.0457355 0.0583668 0.034881 0.0177882 0.00938659 0.00492506 0.0015258 0.00185414 0.000309023 5.79419e-05 3.86279e-05 0
 0 0.00173294 0.00326652 0 0.00397197 0.00683976 0.00946217 0.0152591 0.00757587 0.0136028 0.0228656 0.0392903 0.0559909 0.0764795 0.0681675 0.0726916 0.0566044 0.0477403 0.0527397 0.0444891 0.0609904 0.0582453 0.0661739 0.0445044 0.0529084 0.0360697 0.0280645 0.0235558 0.0158879 0.00826598 0.00280645 0.00217768 0.000904811 0.00058276 9.20147e-05 0
 0 0 0 0 0 0 0 0 0 0 0 0 0 0 0 0 0 0 0 0 0 0 0 0 0 0 0 0 0 0 0 0 0 0 0 0
ppred_pel_tallas
 1.01079e-16 3.42985e-05 0.00020131 0.000956946 0.00368431 0.0114892 0.0290208 0.0593801 0.0984282 0.132184 0.143835 0.126855 0.0907697 0.0528981 0.0255309 0.011006 0.00556708 0.00479687 0.00599001 0.0079623 0.0102362 0.0125309 0.0145917 0.0161813 0.0171199 0.0173222 0.0168132 0.015714 0.0142054 0.0124827 0.0107163 0.0090283 0.00748878 0.00612506 0.00493792 0.00391627
 1.01018e-16 3.33458e-05 0.000195713 0.00093033 0.00358182 0.0111696 0.0282135 0.0577286 0.0956919 0.128513 0.13985 0.123363 0.0883204 0.0515701 0.0250753 0.0111252 0.00608354 0.00566435 0.00723312 0.00961554 0.0123035 0.0149634 0.0172797 0.018962 0.0197991 0.0197066 0.0187439 0.0170937 0.0150117 0.012765 0.0105779 0.00860161 0.00690868 0.00550807 0.00436962 0.00344767
 1.01401e-16 2.96864e-05 0.000174223 0.000828153 0.00318839 0.00994267 0.0251145 0.0513884 0.0851847 0.114409 0.124522 0.109891 0.078779 0.0462093 0.0228622 0.0108133 0.00686408 0.00722726 0.00956283 0.0127956 0.0164024 0.019978 0.0231116 0.0254182 0.0266144 0.0265818 0.0253911 0.023275 0.020564 0.0176054 0.0146942 0.0120321 0.00972065 0.00777981 0.00617886 0.00486618
 1.01204e-16 3.40309e-05 0.000199738 0.00094947 0.00365552 0.0113994 0.028794 0.0589162 0.0976596 0.131152 0.142715 0.125873 0.0900783 0.0525184 0.025391 0.0110195 0.00568037 0.00499282 0.00627144 0.00833578 0.0107017 0.0130767 0.0151927 0.0168013 0.0177167 0.0178556 0.0172528 0.0160445 0.0144292 0.0126178 0.010791 0.00907446 0.00753507 0.00619214 0.00503627 0.00404657
 1.00947e-16 3.45134e-05 0.00020257 0.000962933 0.00370736 0.0115611 0.0292023 0.0597517 0.0990445 0.133012 0.144739 0.127659 0.0913577 0.0532669 0.0257572 0.0111844 0.00577148 0.00507297 0.00636157 0.0084345 0.0107938 0.0131355 0.0151817 0.0166779 0.0174387 0.0173884 0.0165769 0.0151613 0.0133627 0.0114122 0.00950499 0.00777267 0.00627947 0.00503479 0.00401439 0.00318072
 1.01192e-16 3.13107e-05 0.000183762 0.000873506 0.00336302 0.0104873 0.02649 0.0542026 0.0898486 0.120669 0.131326 0.115872 0.0830159 0.0485922 0.0238505 0.0109618 0.00653347 0.00655714 0.00856192 0.011428 0.0146378 0.0178161 0.0205927 0.0226229 0.023654 0.0235825 0.0224747 0.0205427 0.018086 0.0154189 0.0128072 0.0104321 0.00838319 0.00667607 0.00527997 0.00414512
 1.00849e-16 3.6514e-05 0.00021432 0.0010188 0.00392249 0.012232 0.0308969 0.0632185 0.104789 0.140723 0.153116 0.135017 0.0965559 0.056162 0.0269034 0.0112489 0.00517901 0.00397464 0.00475054 0.00625802 0.00802133 0.00979371 0.0113684 0.0125578 0.0132229 0.0133018 0.0128224 0.011889 0.010653 0.00927497 0.00789229 0.00660029 0.0054492 0.0044528 0.0036026 0.00288108
 1.01112e-16 2.94469e-05 0.000172815 0.000821455 0.0031626 0.00986222 0.0249113 0.0509728 0.0844966 0.113487 0.123524 0.109024 0.0781874 0.0459222 0.0228308 0.0109818 0.00721093 0.00776574 0.0103206 0.0137925 0.0176332 0.0214007 0.0246443 0.0269446 0.0279992 0.0276931 0.0261234 0.0235681 0.0204121 0.0170551 0.0138321 0.0109672 0.00856497 0.00663251 0.00511606 0.00393688
 1.01151e-16 3.48918e-05 0.000204794 0.000973514 0.00374811 0.0116881 0.0295233 0.0604082 0.100132 0.13447 0.146319 0.129038 0.0923121 0.0537582 0.0258735 0.0110292 0.00539747 0.00447934 0.00552215 0.0073273 0.00942276 0.0115438 0.013456 0.0149421 0.015837 0.0160621 0.0156386 0.0146754 0.0133354 0.0117946 0.010206 0.00867917 0.00727633 0.00602185 0.00491687 0.00395278
 1.01218e-16 3.10771e-05 0.00018239 0.000866982 0.0033379 0.0104089 0.0262921 0.0537978 0.0891778 0.119769 0.130349 0.115016 0.0824155 0.0482667 0.0237389 0.010991 0.00665976 0.00676889 0.00886463 0.0118293 0.0151377 0.0184013 0.0212354 0.0232824 0.024283 0.0241348 0.0229139 0.0208488 0.018258 0.0154733 0.0127732 0.0103442 0.0082749 0.00657421 0.00520202 0.00409896
 1.02658e-16 2.239e-05 0.000131377 0.000624438 0.002404 0.00749655 0.018936 0.0387474 0.0642353 0.0862881 0.0939561 0.083013 0.0597222 0.0354577 0.0183373 0.0100041 0.00812596 0.00990757 0.0135998 0.0183384 0.0235929 0.0288463 0.033532 0.0371058 0.0391578 0.0395014 0.038209 0.0355765 0.0320371 0.0280525 0.0240199 0.0202172 0.0167946 0.0137988 0.0112136 0.00899679
 1.04796e-16 2.22155e-05 0.000130361 0.000619624 0.0023855 0.00743887 0.0187902 0.0384484 0.0637373 0.0856121 0.0932016 0.0823024 0.0591158 0.0349073 0.0177055 0.00911124 0.00678491 0.00794345 0.0108712 0.0147709 0.0192205 0.0238457 0.028234 0.0319734 0.034727 0.0362979 0.0366568 0.0359239 0.0343169 0.0320847 0.029453 0.0265947 0.0236287 0.0206357 0.0176807 0.0148275
 1.03751e-16 3.01865e-05 0.000177168 0.000842169 0.00324239 0.0101111 0.0255398 0.0522578 0.0866234 0.116334 0.126596 0.111673 0.0799507 0.0466843 0.0227042 0.0100868 0.00554782 0.00522039 0.00673905 0.00906715 0.0117765 0.0145979 0.0172735 0.0195543 0.0212416 0.0222247 0.0224962 0.0221384 0.0212883 0.0200951 0.0186858 0.0171484 0.0155334 0.0138681 0.0121734 0.0104771
 1.03215e-16 2.58803e-05 0.000151875 0.000721898 0.00277927 0.00866683 0.0218919 0.044795 0.0742573 0.0997397 0.108574 0.095859 0.0688129 0.0405512 0.0204125 0.0102407 0.00728295 0.00826547 0.0111567 0.0149984 0.0192787 0.0235567 0.0273684 0.0302743 0.0319489 0.0322524 0.0312571 0.029216 0.0264883 0.0234478 0.0204057 0.017567 0.0150269 0.0127954 0.0108355 0.00909748
 1.03375e-16 2.61279e-05 0.000153332 0.000728833 0.00280598 0.00875014 0.0221023 0.0452251 0.0749693 0.100693 0.109602 0.0967458 0.0694036 0.0408074 0.0203725 0.00994653 0.00673771 0.00743606 0.00999951 0.0134885 0.017434 0.0214545 0.0251484 0.0281275 0.0300901 0.0308828 0.0305263 0.0291923 0.0271469 0.0246784 0.0220369 0.0194003 0.0168711 0.0144939 0.0122822 0.0102404
 1.03168e-16 2.82621e-05 0.000165864 0.00078842 0.00303542 0.00946564 0.0239095 0.0489227 0.0810971 0.108918 0.118543 0.104606 0.0749746 0.0439461 0.021685 0.0101644 0.00633838 0.006606 0.00875212 0.011776 0.0152125 0.0187151 0.0219319 0.0245253 0.0262348 0.0269304 0.0266338 0.0254983 0.023757 0.0216603 0.0194221 0.0171912 0.0150489 0.0130267 0.0111301 0.00935969
 1.03476e-16 2.5435e-05 0.000149262 0.000709479 0.00273146 0.00851774 0.0215153 0.0440243 0.0729795 0.0980228 0.106703 0.0942034 0.067616 0.039829 0.0200186 0.00999542 0.00705359 0.00797803 0.0107787 0.0145255 0.0187318 0.0229833 0.0268417 0.0298863 0.031797 0.0324221 0.0318046 0.0301553 0.0277859 0.0250276 0.0221613 0.0193795 0.0167825 0.0144003 0.012225 0.0102388
 1.03426e-16 2.7889e-05 0.000163675 0.000778011 0.00299535 0.00934067 0.0235939 0.0482767 0.0800263 0.10748 0.116977 0.103224 0.0739835 0.0433638 0.0213955 0.0100262 0.00625125 0.00651934 0.00864799 0.0116545 0.0150856 0.0186054 0.0218715 0.0245524 0.0263886 0.0272439 0.0271273 0.026174 0.0245976 0.0226304 0.0204738 0.0182705 0.0161037 0.0140124 0.0120142 0.010123
 1.03306e-16 2.72428e-05 0.000159878 0.000759957 0.00292582 0.00912386 0.0230462 0.0471565 0.0781703 0.10499 0.114275 0.100858 0.0723271 0.0424725 0.0211033 0.0101352 0.00664555 0.00717282 0.00958186 0.0128947 0.0166338 0.020423 0.0238733 0.0266131 0.0283591 0.0289757 0.0284988 0.0271108 0.0250829 0.0227031 0.0202145 0.0177832 0.015495 0.0133757 0.0114193 0.0096132
 1.0234e-16 3.20181e-05 0.00018792 0.000893288 0.00343921 0.0107248 0.0270901 0.05543 0.0918814 0.123394 0.134278 0.118443 0.0847872 0.0494857 0.0240233 0.0105963 0.00571357 0.00526428 0.00672943 0.00899956 0.011612 0.0142759 0.0167165 0.0186743 0.0199502 0.0204455 0.020179 0.0192704 0.0179015 0.016267 0.0145338 0.0128177 0.0111821 0.00965042 0.00822542 0.0069049
 1.0202e-16 2.97412e-05 0.000174546 0.000829693 0.00319433 0.00996118 0.0251612 0.0514838 0.0853426 0.11462 0.124748 0.110082 0.0788979 0.0462428 0.0228115 0.0106776 0.00663086 0.00687404 0.00906462 0.0121346 0.0155771 0.0190104 0.022051 0.0243389 0.0256081 0.0257449 0.0248102 0.0230141 0.0206554 0.0180471 0.0154523 0.0130482 0.0109212 0.0090854 0.0075131 0.00616209
 1.02901e-16 2.4929e-05 0.000146289 0.000695341 0.00267702 0.00834796 0.0210865 0.043147 0.071526 0.0960728 0.104587 0.0923489 0.0663159 0.0391257 0.0197807 0.0100667 0.00734261 0.00846469 0.0114826 0.0154734 0.0199358 0.0244278 0.0284767 0.0316285 0.0335382 0.0340436 0.0331941 0.0312225 0.0284739 0.0253171 0.0220691 0.0189515 0.0160849 0.01351 0.0112207 0.00919396
 1.03464e-16 2.75294e-05 0.000161563 0.000767973 0.0029567 0.00922014 0.0232894 0.0476538 0.0789938 0.106093 0.115469 0.101895 0.0730345 0.042815 0.0211391 0.00993089 0.00622691 0.00652445 0.00867187 0.0117014 0.0151671 0.0187371 0.0220712 0.0248381 0.0267748 0.0277387 0.0277293 0.0268704 0.0253644 0.0234347 0.0212772 0.0190349 0.0167954 0.0146065 0.0124966 0.010491
pSPR Fmed_Fpbrs
0.450246   0.343764 0.343764
Fs Fmed_Fpbrs
0.64   1.005 1.005
SSBpbr Bo_Bmed_Bpbrs
1.35507e+06  542361  398070 398070
Ro
43760.1
SPR SPRFo_SPRFmed_SPRFpbrs
901982 406114 310069
log_Ro
10.5065
likeval ReclasPelacesDesembMPH_pf_preclas_ppelaces_ptallas_desvR_qrecl_qpela
 0.00116699 25.1205 0.00942493 11.1009 287.259 168.307 43.8433 0 13.0938 4.77001e-05 0 0 0 0 0
q_reclas_q_pelaces
0.375805 1
M
0.7
N
 33979 10640.4 3975.91 470.329 0.287392
 37215.8 14943.4 2593.23 968.995 114.697
 15163.3 16392.2 3675.02 637.749 266.511
 20393.2 5761.88 1696.83 380.419 93.6044
 42398 9351.15 1793.66 528.219 147.562
 40630.4 20773.9 4292.83 823.413 310.231
 95840.3 17852.2 5035.76 1040.62 274.805
 76841.1 44624.2 6078.4 1714.6 447.881
 140306 34935.9 13214.7 1800.01 640.381
 156536 63649 10212.2 3862.84 713.361
 74850.4 73697 23125.4 3710.39 1662.66
 48443.2 33971.9 21603.7 6779.03 1575.06
 60767.5 22259.2 10704.1 6807.02 2632.26
 30376.5 26998.1 5758.46 2769.15 2441.94
 19852.7 13001.8 5613.38 1197.29 1083.48
 21640 8815.23 3352.37 1447.35 588.07
 18480 10257.7 3333.13 1267.56 769.613
 23349 8805.78 3999.41 1299.56 794.283
 26123.6 11248.8 3661.61 1663.03 870.661
 49740.7 12643 4804.14 1563.8 1082.09
 66468 24049.6 5368.9 2040.09 1123.58
 59722.8 32616.8 11138.8 2486.67 1465.29
 79682.6 29206 14804.7 5055.89 1793.79
pred_Ctot
 2814.8 4057.05 1515.97 179.331 0.109579
 3045.83 5645.11 979.632 366.053 43.3286
 2600.12 10159.8 2277.76 395.275 165.183
 1128.74 1587.99 467.651 104.844 25.7976
 406.361 510.365 97.8937 28.829 8.05361
 3389.9 7964.19 1645.77 315.676 118.935
 4315.32 4124.11 1163.33 240.397 63.4837
 4690.4 13342.5 1817.42 512.658 133.915
 8770.91 10652.5 4029.35 548.85 195.262
 5863.81 12505.9 2006.52 758.977 140.162
 4655.12 22376.7 7021.59 1126.59 504.835
 2614.15 9164.99 5828.27 1828.86 424.923
 4632.33 7958 3826.87 2433.61 941.073
 3042.25 11853.8 2528.32 1215.83 1072.17
 1520.74 4666.01 2014.5 429.676 388.833
 709.278 1536.4 584.282 252.258 102.494
 538.743 1607.17 522.231 198.601 120.582
 501.945 1040.59 472.614 153.571 93.8612
 478 1142.17 371.789 168.859 88.4043
 944.15 1329.02 505.006 164.385 113.748
 565.473 1168.82 260.93 99.1492 54.6066
 654.416 2026.91 692.2 154.529 91.0576
 1222.88 2509.08 1271.87 434.35 154.104
F
 0.121471 0.71175 0.71175 0.71175 0.71175
 0.119929 0.702715 0.702715 0.702715 0.702715
 0.267611 1.56804 1.56804 1.56804 1.56804
 0.0797024 0.467008 0.467008 0.467008 0.467008
 0.0134063 0.078553 0.078553 0.078553 0.078553
 0.12239 0.717132 0.717132 0.717132 0.717132
 0.0644067 0.377385 0.377385 0.377385 0.377385
 0.0882252 0.516947 0.516947 0.516947 0.516947
 0.0904406 0.529928 0.529928 0.529928 0.529928
 0.0533244 0.312449 0.312449 0.312449 0.312449
 0.089958 0.5271 0.5271 0.5271 0.5271
 0.0776373 0.454908 0.454908 0.454908 0.454908
 0.111289 0.652086 0.652086 0.652086 0.652086
 0.148584 0.870613 0.870613 0.870613 0.870613
 0.111858 0.655419 0.655419 0.655419 0.655419
 0.0465184 0.27257 0.27257 0.27257 0.27257
 0.0412808 0.241881 0.241881 0.241881 0.241881
 0.0302942 0.177506 0.177506 0.177506 0.177506
 0.0257333 0.150782 0.150782 0.150782 0.150782
 0.0267065 0.156484 0.156484 0.156484 0.156484
 0.0118919 0.0696796 0.0696796 0.0696796 0.0696796
 0.0153401 0.0898837 0.0898837 0.0898837 0.0898837
 0.0215437 0.126233 0.126233 0.126233 0.126233
Np
 39164.1 16383 7039.3 2323.65 1391.98
YTP_r0W_actual
 60204.8 340881 238486 106316 47409.7
YTP_p0W_proyectada
 36764.2 403432 193593 125323 68282.9
 36764.2 170672 106604 44939.8 29875.1
CTP_r0_actual
 9121.93 14086 7140.28 2438.45 865.14
CTP_p0_proyectada
 4483.44 18677.4 6165.37 3125.27 1534.45
 4483.44 7901.47 3395.04 1120.69 671.35
Wmedp
 8.2 21.6 31.4 40.1 44.5
nmprior
 10.8 10.6 4.6 0
nm_flota  nm_reclas  nm_pelaces    nm_pelaL
inf 20.2119 14.6899 19.2185
cv_recla  cv_pelaces  cv_mph
1.08027 0.613847 0.480905
 ------------------------------------------------
Talla a la edad & desviaci?n 
 7.2 14.2025 17.0495 18.207 18.6776
 1.08 2.13037 2.55742 2.73105 2.80164
