years
 1997 1998 1999 2000 2001 2002 2003 2004 2005 2006 2007 2008 2009 2010 2011 2012 2013 2014 2015 2016 2017 2018 2019 2020 2021 2022 2023
reclasobs
 0 0 0 370054 412103 1.49427e+06 250295 1.28982e+06 931140 785840 897777 1.04006e+06 184774 17550 25797 100020 73551 82996 120727 218422 84188 347160 605670 569463 516374 1.08416e+06 1.01767e+06
reclaspred
 554697 129765 186878 92981.1 197697 227244 762897 579954 749544 879763 757315 542795 385148 190158 113707 95593.7 98063 128526 141868 198233 310522 281439 449846 579070 682593 541508 355751
pelacesobs
 0 0 0 0 0 0 0 0 0 2.06254e+06 1.5e+06 0 1.87456e+06 323000 250000 174000 83755 137374 0 501740 490994 745055 786931 1.00524e+06 1.33801e+06 1.41789e+06 0
pelacespred
 1.78058e+06 327862 270001 213006 439020 326117 1.8161e+06 1.34454e+06 1.71904e+06 2.00108e+06 1.48033e+06 1.13167e+06 810379 319236 189328 173695 183740 251891 275218 382623 702343 616996 785621 1.13313e+06 1.31432e+06 1.14131e+06 660785
mphobs
 0 0 0 0 0 0 112323 0 153150 637223 0 255016 313432 73983 77613 109348 50772 17779 17303 59886 28197 0 207744 136588 643089 65757 70829
mphpred
 198900 102122 83590.8 43916.3 51820.5 106588 181447 305797 274560 353948 393794 275498 180362 129315 59009.6 42015.5 37446.8 47207.6 34470.4 37822 63271.5 81830.9 91238.6 129897 167362 147484 102906
desembarqueobs
 350755 77701 442110 56441 14545 235359 269955 359681 431902 328805 639364 411747 362871 311530 167758 66681 60226 58785 57116 73181 50977 67692 138656 160484 209506 203330 245020
desembarquepred
 350759 77697.7 442088 56451.3 14545.3 235383 269951 359622 431763 328742 639195 411650 362754 311690 167809 66708.9 60258.9 58778.1 57095.7 73171.5 50977.8 67686 138660 160487 209514 203342 245032
Reclutas
 32021.1 34348.2 10555 14231.5 33109 30670.5 74791.1 58096.7 100267 115973 64202.2 51288.7 57067.7 25542.6 12889.3 11441.1 8791.16 11084.4 12208.1 19683.8 26535.6 28099.8 47114.1 63268 22790.5 24771 27555.3
log_desv_Rt
 0.0818988 0.152054 -1.0279 -0.729036 0.115309 0.0388052 0.930202 0.677613 1.22334 1.36886 0.777541 0.552973 0.659741 -0.14415 -0.828101 -0.947288 -1.21075 -0.97896 -0.882397 -0.404703 -0.106011 -0.0487329 0.468076 0.762883 -0.258152 -0.174822 -0.0683016
SSB
 387809 199114 162982 85626.4 101038 207822 341281 587327 518895 673577 767805 537155 365490 240842 115170 82886.7 78147.6 92805.6 117452 136827 213820 269106 309803 418190 597046 546857 358962
BT
 1.36154e+06 310621 393397 183080 267828 361737 1.29883e+06 1.14714e+06 1.41735e+06 1.45383e+06 1.38467e+06 1.00336e+06 817002 466828 247294 151675 154270 190350 198262 275296 436597 387980 527413 759994 849419 776291 574636
Ftot
 1.27172 1.27573 3.26663 1.31182 0.200085 1.75738 0.970536 1.26946 1.39237 0.827447 1.36049 1.18774 1.76712 2.60393 2.57038 1.24142 1.15365 0.868856 0.690757 0.704704 0.313109 0.368894 0.483201 0.500993 0.425826 0.461128 0.947434
BD_Bspro_t
 0.891089 0.586144 0.414991 0.168193 0.285245 0.499665 0.480008 0.569237 0.499429 0.519487 0.519617 0.365311 0.285074 0.231641 0.138914 0.12518 0.161074 0.250318 0.353562 0.447745 0.585712 0.698349 0.690478 0.689797 0.705054 0.620929 0.511558
BD_Bspro
 0.636415 0.326757 0.267463 0.140517 0.165808 0.341047 0.56006 0.963835 0.851534 1.10538 1.26001 0.881501 0.599788 0.395234 0.189001 0.136021 0.128244 0.152299 0.192745 0.224541 0.35089 0.441617 0.508403 0.686272 0.979784 0.897422 0.589075
BD_Bo
 0.595612 0.305808 0.250315 0.131508 0.155178 0.319181 0.524153 0.902041 0.796939 1.03451 1.17923 0.824984 0.561334 0.369894 0.176883 0.127301 0.120022 0.142534 0.180387 0.210145 0.328393 0.413303 0.475808 0.642273 0.916967 0.839885 0.551308
BD_Brms
 1.55654 0.799181 0.654159 0.343677 0.405533 0.834129 1.36979 2.35734 2.08268 2.70352 3.08172 2.15597 1.46696 0.966661 0.462256 0.33268 0.313659 0.372492 0.471415 0.549181 0.858205 1.0801 1.24345 1.67848 2.39635 2.19491 1.44076
S_f
 0.0810379 0.626238 0.969544 0.998349 0.999913
 0.0810379 0.626238 0.969544 0.998349 0.999913
 0.0810379 0.626238 0.969544 0.998349 0.999913
 0.0810379 0.626238 0.969544 0.998349 0.999913
 0.0810379 0.626238 0.969544 0.998349 0.999913
 0.0810379 0.626238 0.969544 0.998349 0.999913
 0.0810379 0.626238 0.969544 0.998349 0.999913
 0.0810379 0.626238 0.969544 0.998349 0.999913
 0.0810379 0.626238 0.969544 0.998349 0.999913
 0.0810379 0.626238 0.969544 0.998349 0.999913
 0.0810379 0.626238 0.969544 0.998349 0.999913
 0.0810379 0.626238 0.969544 0.998349 0.999913
 0.0810379 0.626238 0.969544 0.998349 0.999913
 0.0810379 0.626238 0.969544 0.998349 0.999913
 0.0810379 0.626238 0.969544 0.998349 0.999913
 0.0810379 0.626238 0.969544 0.998349 0.999913
 0.0810379 0.626238 0.969544 0.998349 0.999913
 0.0810379 0.626238 0.969544 0.998349 0.999913
 0.0810379 0.626238 0.969544 0.998349 0.999913
 0.0810379 0.626238 0.969544 0.998349 0.999913
 0.0810379 0.626238 0.969544 0.998349 0.999913
 0.0810379 0.626238 0.969544 0.998349 0.999913
 0.0810379 0.626238 0.969544 0.998349 0.999913
 0.0810379 0.626238 0.969544 0.998349 0.999913
 0.0810379 0.626238 0.969544 0.998349 0.999913
 0.0810379 0.626238 0.969544 0.998349 0.999913
 0.0810379 0.626238 0.969544 0.998349 0.999913
Scru_reclas
 0.72821 1 1 1 1
 0.72821 1 1 1 1
 0.72821 1 1 1 1
 0.72821 1 1 1 1
 0.72821 1 1 1 1
 0.72821 1 1 1 1
 0.72821 1 1 1 1
 0.72821 1 1 1 1
 0.72821 1 1 1 1
 0.72821 1 1 1 1
 0.72821 1 1 1 1
 0.72821 1 1 1 1
 0.72821 1 1 1 1
 0.72821 1 1 1 1
 0.72821 1 1 1 1
 0.72821 1 1 1 1
 0.72821 1 1 1 1
 0.72821 1 1 1 1
 0.72821 1 1 1 1
 0.72821 1 1 1 1
 0.72821 1 1 1 1
 0.72821 1 1 1 1
 0.72821 1 1 1 1
 0.72821 1 1 1 1
 0.72821 1 1 1 1
 0.72821 1 1 1 1
 0.72821 1 1 1 1
Scru_pelaces
 0.772765 1 1 1 1
 0.772765 1 1 1 1
 0.772765 1 1 1 1
 0.772765 1 1 1 1
 0.772765 1 1 1 1
 0.772765 1 1 1 1
 0.772765 1 1 1 1
 0.772765 1 1 1 1
 0.772765 1 1 1 1
 0.772765 1 1 1 1
 0.772765 1 1 1 1
 0.772765 1 1 1 1
 0.772765 1 1 1 1
 0.772765 1 1 1 1
 0.772765 1 1 1 1
 0.772765 1 1 1 1
 0.772765 1 1 1 1
 0.772765 1 1 1 1
 0.772765 1 1 1 1
 0.772765 1 1 1 1
 0.772765 1 1 1 1
 0.772765 1 1 1 1
 0.772765 1 1 1 1
 0.772765 1 1 1 1
 0.772765 1 1 1 1
 0.772765 1 1 1 1
 0.772765 1 1 1 1
pf_obs 
 0.256992 0.487395 0.22802 0.0275931 0
 0.321318 0.546541 0.124235 0.00734118 0.000564706
 0.182869 0.594174 0.210203 0.0122559 0.00049798
 0.330522 0.361315 0.267642 0.0388342 0.00168674
 0.649043 0.306663 0.0425973 0.00169635 0
 0.582887 0.30429 0.105238 0.00758474 0
 0.465427 0.430635 0.0974691 0.00646863 0
 0.296916 0.608066 0.0921331 0.00288517 0
 0.311714 0.524322 0.152257 0.0117073 0
 0.15457 0.633149 0.183074 0.0267441 0.00246327
 0.131901 0.49318 0.331252 0.0422183 0.00144891
 0.196976 0.569456 0.194076 0.0375587 0.00193317
 0.518974 0.381816 0.0799577 0.0180837 0.00116848
 0.0928022 0.601141 0.25162 0.0475244 0.00691264
 0.122501 0.610282 0.24278 0.0234846 0.000952079
 0.383417 0.481906 0.127806 0.00687128 0
 0.0376549 0.599619 0.316969 0.0457579 0
 0.0361596 0.667082 0.258105 0.0386534 0
 0.158088 0.579412 0.248529 0.0139706 0
 0.0477256 0.309471 0.559284 0.082774 0.000745712
 0.0406174 0.521527 0.379366 0.0568643 0.0016247
 0.151134 0.462217 0.34131 0.0453401 0
 0.294876 0.26143 0.354403 0.0886775 0.000613685
 0.281977 0.475581 0.204845 0.0348837 0.00271318
 0.0841818 0.532909 0.334909 0.0458182 0.00218182
 0.115287 0.27431 0.454777 0.147771 0.00785563
 0 0 0 0 0
pf_pred 
 0.277743 0.490658 0.206768 0.0248186 1.31707e-05
 0.247962 0.603222 0.120645 0.0252888 0.00288221
 0.116437 0.696608 0.166886 0.0164311 0.00363791
 0.312222 0.510331 0.164841 0.0113709 0.00123559
 0.362487 0.512625 0.106524 0.0171232 0.00124204
 0.22237 0.621784 0.135209 0.0176842 0.00295284
 0.411289 0.45073 0.124343 0.011929 0.00170882
 0.200093 0.689668 0.0948006 0.0139759 0.0014634
 0.323348 0.477669 0.184429 0.0126063 0.00194788
 0.253167 0.621188 0.104607 0.0195756 0.00146195
 0.133143 0.639606 0.204578 0.0190121 0.00366109
 0.157193 0.519021 0.276239 0.0430314 0.00451538
 0.239168 0.512998 0.188705 0.0508168 0.00831191
 0.157237 0.689502 0.126933 0.0203489 0.00597977
 0.174055 0.636158 0.176376 0.0112641 0.00214642
 0.225736 0.601509 0.156387 0.0152982 0.00107024
 0.174761 0.609989 0.188261 0.0245494 0.00243974
 0.225839 0.513669 0.220737 0.0349833 0.00477109
 0.204815 0.56727 0.17848 0.0421668 0.00726687
 0.258643 0.49493 0.200691 0.0361276 0.00960782
 0.225379 0.562758 0.165125 0.0383485 0.00838967
 0.167818 0.543613 0.234119 0.0427492 0.0117009
 0.227021 0.450478 0.243571 0.0644512 0.014479
 0.219514 0.53668 0.171025 0.0554573 0.0173238
 0.0671669 0.621793 0.245169 0.0467153 0.0191564
 0.0987341 0.302342 0.460172 0.110188 0.0285634
 0.155696 0.417502 0.195905 0.178893 0.0520037
pobs_RECLAS
 0 0 0 0 0
 0 0 0 0 0
 0 0 0 0 0
 0 0 0 0 0
 0.835266 0.146461 0.0176864 0.000547809 3.91292e-05
 0.385257 0.428462 0.181853 0.0044286 0
 0.867414 0.0963971 0.0333333 0.00285562 0
 0.441836 0.489002 0.0689373 0.000224442 0
 0.779404 0.147425 0.0564933 0.0165055 0.000172143
 0.814271 0.122319 0.05973 0.00367925 0
 0.40263 0.566651 0.0304383 0.000280538 0
 0.475488 0.404961 0.113038 0.00651328 0
 0.955842 0.0263864 0.0167828 0.000988607 0
 0.975058 0.0227948 0.00214734 0 0
 0.738997 0.206755 0.0527124 0.00153531 0
 0.850938 0.134255 0.0134407 0.00136685 0
 0.542534 0.407297 0.0501686 0 0
 0.764087 0.199537 0.0359546 0.000420521 0
 0.470689 0.182191 0.310203 0.0369168 0
 0.84361 0.089868 0.0606195 0.00523954 0.000663233
 0.607945 0.314616 0.071237 0.00620181 0
 0.523733 0.453247 0.0230204 0 0
 0.530135 0.295979 0.169645 0.0042399 0
 0.562478 0.366248 0.0663022 0.0049721 0
 0.250443 0.683176 0.0655157 0.000865301 0
 0.195077 0.31981 0.436473 0.0351445 0.0134964
 0.565238 0.351407 0.0832357 0.000118908 0
ppred_RECLAS
 0.725474 0.213437 0.0547406 0.00634529 3.36102e-06
 0.682398 0.276387 0.0336326 0.00680796 0.000774464
 0.518085 0.425555 0.0505987 0.00471895 0.00104174
 0.752688 0.204308 0.0400471 0.00266703 0.000289258
 0.776109 0.193691 0.0258712 0.00403698 0.000292359
 0.660464 0.296289 0.0377105 0.00474527 0.000790703
 0.818722 0.152404 0.0261043 0.00242314 0.0003465
 0.613613 0.352276 0.0294755 0.00419649 0.000438586
 0.766268 0.186892 0.0435259 0.00287065 0.000442713
 0.678769 0.285297 0.0300773 0.0054503 0.000406339
 0.508862 0.404536 0.0782359 0.00701703 0.00134867
 0.567141 0.313661 0.102203 0.0153837 0.00161127
 0.694397 0.238763 0.051362 0.013306 0.00217189
 0.579323 0.376111 0.0372056 0.00569193 0.00166843
 0.613448 0.333122 0.0498154 0.00303711 0.000577287
 0.65688 0.292115 0.0463221 0.00437689 0.000305633
 0.583996 0.342214 0.0648112 0.00816813 0.000810272
 0.661722 0.257207 0.0690362 0.0105924 0.0014421
 0.625667 0.29908 0.0593327 0.013583 0.0023369
 0.697861 0.230307 0.0588431 0.0102636 0.00272491
 0.647767 0.284162 0.053406 0.0120361 0.00262897
 0.568394 0.322715 0.0888492 0.0157409 0.0043015
 0.665552 0.230295 0.0792529 0.0203389 0.00456167
 0.646024 0.275192 0.055775 0.0175394 0.00547
 0.319316 0.516823 0.129996 0.0240282 0.00983715
 0.453655 0.24249 0.235117 0.0546061 0.0141321
 0.574413 0.262003 0.076438 0.0675455 0.0196008
pobs_PELACES
 0 0 0 0 0
 0 0 0 0 0
 0 0 0 0 0
 0 0 0 0 0
 0 0 0 0 0
 0 0 0 0 0
 0 0 0 0 0
 0 0 0 0 0
 0 0 0 0 0
 0 0 0 0 0
 0.450072 0.473896 0.0757376 0.000293798 0
 0 0 0 0 0
 0.463077 0.371075 0.160297 0.00555027 0
 0.529543 0.364841 0.0842815 0.0213345 0
 0.631943 0.363953 0.00410389 0 0
 0.735681 0.248677 0.0153453 0.000297389 0
 0.695825 0.281241 0.0229344 0 0
 0.275771 0.60734 0.115278 0.00161068 0
 0 0 0 0 0
 0.896147 0.0623911 0.0374545 0.00400742 0
 0.803859 0.145111 0.0509908 3.86294e-05 0
 0.739449 0.233085 0.0266225 0.000797448 4.60066e-05
 0.878498 0.100942 0.0204185 0.000141795 0
 0.694673 0.275183 0.0284847 0.00165964 0
 0.469039 0.446079 0.0841089 0.000773354 0
 0.822795 0.102175 0.0682046 0.00682512 0
 0 0 0 0 0
ppred_PELACES
 0.784237 0.172956 0.0384065 0.00439842 2.32826e-06
 0.744901 0.225999 0.0238002 0.0047596 0.000541089
 0.680612 0.292698 0.024037 0.00217321 0.000478943
 0.807344 0.163094 0.0275537 0.00181226 0.000196419
 0.79275 0.179845 0.0234834 0.00365742 0.000264843
 0.743535 0.229119 0.0238969 0.00295723 0.000492316
 0.85303 0.12566 0.0192825 0.00177346 0.000253472
 0.68186 0.293563 0.0212725 0.00299229 0.000312527
 0.821582 0.146986 0.0292364 0.00190287 0.000293251
 0.724436 0.247246 0.0237334 0.00426702 0.000317986
 0.590327 0.346222 0.0573937 0.00508154 0.000975985
 0.640829 0.26972 0.0768206 0.0114333 0.00119678
 0.775441 0.182827 0.0321936 0.00820126 0.00133744
 0.705917 0.270331 0.01991 0.00297148 0.000869837
 0.734853 0.236807 0.026466 0.00157461 0.000298902
 0.721517 0.241837 0.0333179 0.00311122 0.000217113
 0.652111 0.292601 0.0486258 0.00606146 0.000600934
 0.712935 0.223345 0.0543278 0.00826704 0.00112501
 0.67103 0.266945 0.0489714 0.0111376 0.0019155
 0.739234 0.202519 0.0477729 0.00827707 0.0021967
 0.675208 0.263833 0.0478572 0.0107535 0.00234844
 0.601471 0.30114 0.0795158 0.014038 0.00383543
 0.700885 0.209509 0.0682589 0.0174372 0.00390989
 0.682175 0.250234 0.0479182 0.0149971 0.00467592
 0.352214 0.497583 0.119262 0.0219551 0.00898644
 0.496424 0.230144 0.211788 0.0489728 0.0126712
 0.639079 0.231641 0.0607021 0.0531594 0.0154186
pobs_pel_tallas
 0 0 0 0 0 0 0 0 0 0 0 0 0 0 0 0 0 0 0 0 0 0 0 0 0 0 0 0 0 0 0 0 0 0 0 0
 0 0 0 0 0 0 0 0 0 0 0 0 0 0 0 0 0 0 0 0 0 0 0 0 0 0 0 0 0 0 0 0 0 0 0 0
 0 0 0 0 0 0 0 0 0 0 0 0 0 0 0 0 0 0 0 0 0 0 0 0 0 0 0 0 0 0 0 0 0 0 0 0
 0 0 0 0 0 0 0 0 0 0 0 0 0 0 0 0 0 0 0 0 0 0 0 0 0 0 0 0 0 0 0 0 0 0 0 0
 0 0 0 0 0 0 0 0 0 0 0 0 0 0 0 0 0 0 0 0 0 0 0 0 0 0 0 0 0 0 0 0 0 0 0 0
 0 0 0 0 0 0 0 0 0 0 0 0 0 0 0 0 0 0 0 0 0 0 0 0 0 0 0 0 0 0 0 0 0 0 0 0
 0 0 0 0 0 0 0 0 0 0 0 0 0 0 0 0 0 0 0 0 0 0 0 0 0 0 0 0 0 0 0 0 0 0 0 0
 0 0 0 0 0 0 0 0 0 0 0 0 0 0 0 0 0 0 0 0 0 0 0 0 0 0 0 0 0 0 0 0 0 0 0 0
 0 0 0 0 0 0 0 0 0 0 0 0 0 0 0 0 0 0 0 0 0 0 0 0 0 0 0 0 0 0 0 0 0 0 0 0
 0 0 0 0 0 0 0 0 0 0 0 0 0 0 0 0 0 0 0 0 0 0 0 0 0 0 0 0 0 0 0 0 0 0 0 0
 0 0 0 0 0 0 0 0 1.78061e-05 0.00172719 0.00360574 0.0105946 0.0120993 0.0124554 0.0147524 0.0171206 0.0266825 0.0428682 0.0675386 0.121331 0.153587 0.119568 0.100827 0.0573624 0.0630603 0.0341343 0.0324427 0.0444173 0.0211091 0.0280891 0.0125444 0.00206551 0 0 0 0
 0 0 0 0 0 0 0 0 0 0 0 0 0 0 0 0 0 0 0 0 0 0 0 0 0 0 0 0 0 0 0 0 0 0 0 0
 0 0 0 0 0 0 0.0133647 0.0140871 0.0187388 0.0205184 0.03894 0.0496705 0.03968 0.0493445 0.0407372 0.0367815 0.0215668 0.0243155 0.0234873 0.0199281 0.019796 0.0243948 0.0301388 0.0376714 0.0412746 0.0863199 0.0771752 0.113111 0.0741005 0.0525337 0.0229764 0.00759418 0.00175318 0 0 0
 0 0 0 0 0 0 0 0 0 0 0.00219441 0.00772107 0.0458388 0.0604681 0.0671733 0.0775358 0.0609151 0.0617685 0.073594 0.0568108 0.0755445 0.0548602 0.0670107 0.0636378 0.0643287 0.046367 0.0373049 0.0286899 0.0247887 0.0153202 0.00654259 0.00121912 0.000365735 0 0 0
 0 0 0 0 0 0 0 0 0 0 0 0 0.000112435 0.00938835 0.0111873 0.0202946 0.0414886 0.0713402 0.111592 0.104902 0.108894 0.110636 0.117776 0.105296 0.107544 0.0401394 0.0192827 0.0124803 0.00416011 0.0028671 0.000618394 0 0 0 0 0
 0 0 0 0 0 0 0 0 0 0 0.00291406 0.0102884 0.027416 0.0768956 0.0749926 0.110853 0.0956884 0.0897413 0.0766577 0.0534642 0.0500743 0.0551293 0.0594112 0.0620874 0.0668451 0.0424026 0.0208742 0.0120726 0.0048766 0.00582813 0.00118941 0.000297354 0 0 0 0
 0 0.00264628 0.0354308 0.0461629 0.0458689 0.0383711 0.0214643 0.0164657 0.0346957 0.0420465 0.0363128 0.0245516 0.0311673 0.0291091 0.0169068 0.0133784 0.00837989 0.0085269 0.0148486 0.0160247 0.0276389 0.0546898 0.0760071 0.122758 0.109233 0.0665981 0.0333725 0.0166128 0.00676272 0.00308733 0.000882094 0 0 0 0 0
 0 0 0 0 0 0 0 0.000805153 0.000690131 0.00759144 0.0133425 0.0154129 0.00931677 0.000345066 0.00356568 0.00563607 0.00851162 0.0253048 0.0502646 0.0516448 0.0657925 0.0565908 0.0611916 0.0827007 0.0866115 0.110766 0.145733 0.0935128 0.0569358 0.0249597 0.0138026 0.00621118 0.00161031 0.00115022 0 0
 0 0 0 0 0 0 0 0 0 0 0 0 0 0 0 0 0 0 0 0 0 0 0 0 0 0 0 0 0 0 0 0 0 0 0 0
 0.00147267 0.00158595 0.00478618 0.00569244 0.00954404 0.0108468 0.00647125 0.017049 0.0510054 0.094081 0.124002 0.0959785 0.0687766 0.0820023 0.061753 0.0591476 0.0492212 0.0479892 0.0443925 0.0268479 0.0217502 0.0140895 0.0121071 0.0120363 0.00920419 0.00665534 0.0049561 0.00860946 0.00930331 0.0156896 0.0114698 0.00855282 0.00243557 0.00046729 0 2.83206e-05
 0 0 0 0 0.000772559 0.00158375 0.000888443 0.00281984 0.00712685 0.0440552 0.0773331 0.111326 0.0921469 0.0852325 0.0710754 0.0886704 0.0786465 0.0553345 0.0373146 0.0185414 0.00753245 0.00457741 0.012979 0.0271748 0.0457355 0.0583668 0.034881 0.0177882 0.00938659 0.00492506 0.0015258 0.00185414 0.000309023 5.79419e-05 3.86279e-05 0
 0 0.00173294 0.00326652 0 0.00397197 0.00683976 0.00946217 0.0152591 0.00757587 0.0136028 0.0228656 0.0392903 0.0559909 0.0764795 0.0681675 0.0726916 0.0566044 0.0477403 0.0527397 0.0444891 0.0609904 0.0582453 0.0661739 0.0445044 0.0529084 0.0360697 0.0280645 0.0235558 0.0158879 0.00826598 0.00280645 0.00217768 0.000904811 0.00058276 9.20147e-05 0
 0 0 0 0 0 0 0 0 0 0 0 0 0 0 0 0 0 0 0 0 0 0 0 0 0 0 0 0 0 0 0 0 0 0 0 0
 0 0 0 0 0 0 0 0 0 0 0 0 0 0 0 0 0 0 0 0 0 0 0 0 0 0 0 0 0 0 0 0 0 0 0 0
 0 0 0 0 0 0 0 0 0 0 0 0 0 0 0 0 0 0 0 0 0 0 0 0 0 0 0 0 0 0 0 0 0 0 0 0
 0 0 0 0 0 0 0 0 0 0 0 0 0 0 0 0 0 0 0 0 0 0 0 0 0 0 0 0 0 0 0 0 0 0 0 0
 0 0 0 0 0 0 0 0 0 0 0 0 0 0 0 0 0 0 0 0 0 0 0 0 0 0 0 0 0 0 0 0 0 0 0 0
ppred_pel_tallas
 1.00753e-16 3.42161e-05 0.000200824 0.000954633 0.0036754 0.0114614 0.0289506 0.0592366 0.098191 0.131867 0.143495 0.126567 0.090588 0.0528417 0.0255957 0.0111898 0.00588375 0.00527338 0.00665526 0.0088332 0.0113049 0.013756 0.015895 0.0174541 0.0182368 0.0181622 0.0172809 0.0157569 0.0138224 0.0117222 0.00966457 0.00779287 0.00618002 0.00484101 0.00375416 0.00288173
 1.00601e-16 3.2503e-05 0.000190762 0.000906784 0.00349115 0.0108868 0.0274993 0.0562676 0.0932713 0.125265 0.136326 0.120277 0.08616 0.0504075 0.0246941 0.0112677 0.00659966 0.00652168 0.00846223 0.0112545 0.0143604 0.0173938 0.0199787 0.0217698 0.0225207 0.0221416 0.0207201 0.0184941 0.0157904 0.0129472 0.0102476 0.00788029 0.00593174 0.00440458 0.00324815 0.00238918
 1.00534e-16 2.97024e-05 0.000174314 0.000828575 0.00319 0.00994769 0.0251272 0.0514147 0.0852295 0.114473 0.1246 0.109981 0.0788902 0.0463677 0.0231124 0.0112157 0.00748959 0.00814967 0.0108452 0.0144715 0.018455 0.0223237 0.0255949 0.0278228 0.0286911 0.0280883 0.0261347 0.023147 0.019557 0.0158112 0.0122821 0.00921698 0.00672763 0.00481368 0.0034031 0.00239297
 1.00516e-16 3.52233e-05 0.000206738 0.00098275 0.00378366 0.011799 0.0298033 0.0609814 0.101083 0.135749 0.147715 0.13028 0.093225 0.0543386 0.0262431 0.0113396 0.00576928 0.00499153 0.00622041 0.0082278 0.0105076 0.0127542 0.0146911 0.0160664 0.0166985 0.0165164 0.0155757 0.0140399 0.0121373 0.0101061 0.00814801 0.00639993 0.00492859 0.00374283 0.00281448 0.00209915
 1.00531e-16 3.45876e-05 0.000203004 0.000964996 0.0037153 0.0115858 0.0292649 0.0598797 0.0992571 0.133299 0.145054 0.127944 0.0915771 0.053426 0.0258919 0.0113407 0.00599123 0.00539005 0.00680073 0.00900801 0.0114958 0.0139368 0.016028 0.0174931 0.0181344 0.0178777 0.016789 0.0150539 0.0129287 0.0106797 0.00853048 0.00663124 0.00505253 0.00379942 0.00283539 0.00210609
 1.00539e-16 3.24436e-05 0.000190412 0.000905123 0.00348475 0.0108669 0.0274489 0.0561646 0.0931006 0.125036 0.136077 0.12006 0.0860086 0.0503274 0.0246706 0.0112834 0.00664505 0.0065956 0.00856797 0.0113956 0.0145375 0.0176032 0.0202113 0.0220116 0.0227543 0.022349 0.0208853 0.0186056 0.015843 0.012942 0.0101912 0.00778314 0.00580631 0.00426349 0.00310276 0.00224875
 1.00388e-16 3.72139e-05 0.000218428 0.00103833 0.00399768 0.0124664 0.0314892 0.0644304 0.106798 0.14342 0.156052 0.137606 0.0984083 0.0572411 0.0274228 0.0114689 0.00528134 0.00404788 0.00482333 0.00632864 0.00807104 0.00979078 0.0112703 0.0123154 0.0127866 0.0126304 0.0118911 0.0106961 0.00922252 0.00765503 0.00614938 0.00481075 0.00368972 0.00279176 0.00209358 0.00155945
 1.00516e-16 2.97569e-05 0.000174633 0.000830094 0.00319585 0.00996592 0.0251733 0.0515089 0.0853857 0.114683 0.124829 0.110183 0.0790348 0.0464527 0.0231548 0.011236 0.00750245 0.0081624 0.0108603 0.0144886 0.018472 0.0223369 0.0255993 0.0278124 0.02866 0.028032 0.026051 0.0230367 0.0194242 0.0156627 0.0121265 0.00906327 0.0065839 0.0046862 0.00329572 0.00230704
 1.00543e-16 3.58435e-05 0.00021038 0.00100007 0.00385035 0.012007 0.0303287 0.0620561 0.102864 0.138139 0.150311 0.132559 0.0948329 0.0552292 0.0265862 0.0113392 0.00555357 0.00460361 0.00565481 0.00746625 0.00954118 0.0115952 0.0133775 0.0146601 0.0152776 0.0151633 0.0143638 0.0130223 0.0113403 0.00952943 0.00776922 0.00618264 0.00483113 0.00372538 0.00284374 0.00215029
 1.0058e-16 3.16115e-05 0.000185526 0.000881888 0.00339529 0.0105879 0.0267442 0.0547228 0.0907114 0.12183 0.132593 0.117 0.0838458 0.0491215 0.0241907 0.0112512 0.00688307 0.00704008 0.009221 0.0122788 0.015664 0.0189633 0.0217666 0.0236965 0.0244846 0.0240342 0.0224431 0.0199746 0.0169888 0.0138584 0.010895 0.00830585 0.00618544 0.00453539 0.00329818 0.00239111
 1.01148e-16 2.57678e-05 0.000151209 0.000718721 0.00276702 0.0086286 0.0217954 0.044598 0.0739324 0.0993082 0.108117 0.0954863 0.0686122 0.040567 0.0206673 0.0107712 0.00815761 0.00957727 0.0129986 0.0174315 0.0223 0.0270735 0.0311867 0.0341084 0.0354537 0.0350727 0.0330835 0.0298333 0.0258062 0.0215076 0.0173646 0.0136664 0.0105537 0.00804398 0.00607677 0.00455751
 1.01628e-16 2.79669e-05 0.000164126 0.000780147 0.00300355 0.00936624 0.0236585 0.0484095 0.0802478 0.107782 0.117318 0.103554 0.0742821 0.0436641 0.0217754 0.0105889 0.00710902 0.00778246 0.0104097 0.0139684 0.0179385 0.0218944 0.0253947 0.0280212 0.0294615 0.0295779 0.0284341 0.0262676 0.023422 0.0202627 0.0171033 0.0141627 0.0115575 0.00932092 0.00743399 0.00585547
 1.00861e-16 3.3833e-05 0.000198574 0.000943932 0.00363419 0.0113329 0.028626 0.0585726 0.0970907 0.13039 0.141891 0.125158 0.0895939 0.05229 0.025381 0.0111854 0.00600917 0.00550052 0.0069856 0.00927587 0.0118633 0.0144208 0.0166422 0.0182462 0.0190286 0.0189081 0.0179433 0.0163123 0.0142646 0.0120609 0.00992079 0.00799277 0.00634875 0.00499821 0.0039117 0.00304377
 1.00514e-16 3.08049e-05 0.000180788 0.000859362 0.00330855 0.0103174 0.026061 0.053325 0.0883952 0.118722 0.129217 0.114037 0.0817582 0.04797 0.0237563 0.0112715 0.0071945 0.00759019 0.0100199 0.0133519 0.0170218 0.0205857 0.0235964 0.0256424 0.0264326 0.0258651 0.0240523 0.0212881 0.0179724 0.0145179 0.0112686 0.00845189 0.00616963 0.0044197 0.00313379 0.00221534
 1.00521e-16 3.20653e-05 0.000188191 0.000894561 0.00344409 0.01074 0.0271286 0.0555092 0.0920145 0.123579 0.134493 0.118669 0.0850248 0.049778 0.0244503 0.0112653 0.00674792 0.00679015 0.00885508 0.0117855 0.0150372 0.0182102 0.0209104 0.0227756 0.0235471 0.0231305 0.0216176 0.0192585 0.0163968 0.013389 0.010534 0.00803176 0.00597511 0.00436835 0.00315906 0.00227015
 1.00669e-16 3.1484e-05 0.000184778 0.000878333 0.0033816 0.0105452 0.0266364 0.0545022 0.0903456 0.121338 0.132057 0.116525 0.0835017 0.048912 0.0240729 0.0111727 0.00680443 0.00693874 0.00908649 0.0121094 0.0154663 0.0187528 0.0215678 0.0235404 0.0244041 0.0240584 0.0225915 0.0202524 0.0173855 0.0143495 0.0114459 0.00887771 0.00674137 0.00504508 0.00374085 0.0027563
 1.01022e-16 2.84597e-05 0.000167018 0.000793888 0.00305645 0.0095312 0.0240752 0.0492622 0.0816618 0.109682 0.11939 0.105391 0.0756167 0.0444827 0.0222459 0.0109182 0.0074544 0.00823714 0.0110204 0.0147472 0.0188633 0.0229044 0.0263902 0.0288715 0.0300228 0.0297171 0.0280535 0.0253245 0.0219377 0.0183191 0.0148283 0.0117089 0.00907888 0.00695322 0.0052812 0.0039838
 1.01181e-16 3.11091e-05 0.000182578 0.00086788 0.00334136 0.0104197 0.0263194 0.0538535 0.0892699 0.119892 0.130481 0.115127 0.0824844 0.0482855 0.0237084 0.0109111 0.00652424 0.00656684 0.00858536 0.0114684 0.0147022 0.0179136 0.020733 0.022815 0.0239043 0.0238929 0.0228412 0.0209548 0.018527 0.0158677 0.0132411 0.0108295 0.00872676 0.00695458 0.00548924 0.00428773
 1.01255e-16 2.92836e-05 0.000171857 0.000816902 0.00314507 0.00980755 0.0247732 0.0506902 0.084028 0.112857 0.122838 0.108415 0.0777454 0.0456514 0.0226758 0.0108744 0.00709937 0.00761976 0.0101255 0.0135452 0.017342 0.0210867 0.0243409 0.0266949 0.0278499 0.0276861 0.0262879 0.0239141 0.020928 0.0177094 0.014579 0.011754 0.00934054 0.00735378 0.00575223 0.00447089
 1.01132e-16 3.2255e-05 0.000189308 0.000899877 0.00346456 0.0108039 0.0272899 0.0558389 0.0925602 0.124309 0.13528 0.119344 0.0854692 0.0499583 0.0243909 0.0109911 0.0062521 0.00603627 0.00779825 0.0103967 0.0133248 0.0162345 0.0187894 0.0206763 0.0216646 0.021657 0.0207087 0.0190067 0.016817 0.01442 0.0120542 0.00988379 0.00799223 0.00639761 0.00507722 0.00399133
 1.01245e-16 2.94657e-05 0.000172926 0.000821985 0.00316464 0.00986859 0.0249274 0.0510056 0.0845507 0.113559 0.1236 0.109085 0.0782199 0.0459178 0.0227854 0.0108889 0.00705901 0.00753972 0.0100063 0.0133827 0.0171326 0.0208307 0.0240435 0.0263661 0.0275035 0.0273377 0.0259523 0.0236038 0.0206514 0.0174709 0.0143791 0.0115908 0.00921039 0.00725233 0.00567511 0.00441395
 1.01889e-16 2.6252e-05 0.000154055 0.000732262 0.00281917 0.00879125 0.0222062 0.0454381 0.0753237 0.101173 0.110136 0.0972418 0.0698147 0.0411597 0.0207523 0.0104658 0.00751047 0.00856653 0.0115714 0.0155468 0.0199621 0.0243539 0.0282321 0.0311316 0.0327063 0.0328058 0.0315051 0.0290731 0.0258966 0.0223849 0.0188876 0.0156467 0.012788 0.0103435 0.00828681 0.0065673
 1.0182e-16 3.05832e-05 0.000179492 0.000853209 0.00328488 0.0102436 0.0258745 0.052943 0.0877604 0.117864 0.128272 0.113174 0.0810761 0.047443 0.0232618 0.0106517 0.00629937 0.00629243 0.00822417 0.0110124 0.0141675 0.0173414 0.0201899 0.0223877 0.0236887 0.0239793 0.023298 0.0218156 0.0197836 0.0174709 0.0151084 0.0128579 0.0108074 0.00898572 0.00738666 0.00599051
 1.01496e-16 2.97689e-05 0.000174708 0.000830457 0.00319726 0.00997033 0.0251844 0.0515313 0.0854216 0.114727 0.124868 0.110195 0.0789962 0.0463342 0.022919 0.0108316 0.00686345 0.00721601 0.0095417 0.0127616 0.0163509 0.0199036 0.0230093 0.0252844 0.0264482 0.0263862 0.0251734 0.023047 0.0203407 0.0174033 0.0145288 0.0119155 0.00965969 0.00777523 0.00622541 0.00495384
 1.0303e-16 1.53912e-05 9.02751e-05 0.000429003 0.00165148 0.0051498 0.0130084 0.0266204 0.044139 0.059316 0.0646492 0.0572669 0.0415211 0.0252968 0.014268 0.00967948 0.010044 0.013523 0.0189229 0.025548 0.0328037 0.0399898 0.0463089 0.0509962 0.053485 0.0535343 0.0512776 0.0471694 0.0418587 0.0360292 0.0302622 0.0249566 0.0203156 0.0163831 0.0131047 0.0103861
 1.05357e-16 2.16688e-05 0.000127154 0.000604384 0.00232683 0.00725592 0.018328 0.0375026 0.0621689 0.0835037 0.090902 0.0802615 0.0576276 0.0339845 0.0171575 0.00870294 0.00633539 0.00734274 0.010063 0.0137414 0.0180004 0.0225164 0.0269276 0.030861 0.0339947 0.0361145 0.0371412 0.0371198 0.0361827 0.0345003 0.0322414 0.0295526 0.0265578 0.0233691 0.0200989 0.0168638
 1.03485e-16 2.78889e-05 0.000163672 0.000777997 0.00299529 0.00934048 0.0235934 0.0482759 0.0800254 0.10748 0.116981 0.103236 0.0740103 0.0434163 0.021489 0.0101813 0.00649257 0.00687225 0.00913234 0.0122766 0.0158302 0.01943 0.0227062 0.0253073 0.0269674 0.0275627 0.0271325 0.0258547 0.0239891 0.0218074 0.0195353 0.0173214 0.0152365 0.013294 0.01148 0.0097777
pSPR Fmed_Fpbrs
0.534292   0.432651 0.432651
Fs Fmed_Fpbrs
0.64   1.005 1.005
SSBpbr Bo_Bmed_Bpbrs
651110  315327  249148 249148
Ro
29503.1
SPR SPRFo_SPRFmed_SPRFpbrs
609365 325579 263643
log_Ro
10.1123
likeval ReclasPelacesDesembMPH_pf_preclas_ppelaces_ptallas_desvR_qrecl_qpela
 0.00103085 11.4751 0.00723396 16.398 318.32 208.266 54.4447 0 18.8337 3.60395e-07 8.23587e-05 0 0 0 0
q_reclas_q_pelaces
0.918449 3.63687
M
0.7
N
 32021.1 9702.8 3095.58 365.459 0.193772
 34348.2 14344.1 2172.79 447.976 51.012
 10555 15381.5 3204.08 313.215 69.3214
 14231.5 4022.38 987.558 67.0232 7.27659
 33109 6354.44 878.416 137.465 9.95679
 30670.5 16177 2783.9 359.29 59.9507
 74791.1 13208.9 2672.6 251.577 36.0019
 58096.7 34331 3571.91 517.925 54.1833
 100267 26029.6 7698.78 518.041 79.9796
 115973 44478.5 5404.76 991.137 73.9406
 64202.2 53855.6 13155.3 1203.26 231.512
 51288.7 28553.7 11408 1746.77 183.125
 57067.7 23132 6739.43 1790.95 292.733
 25542.6 24557.9 3798.4 603.31 177.204
 12889.3 10271.1 2387.76 151.066 28.772
 11441.1 5197.09 1019.86 98.103 6.85705
 8791.16 5137.71 1186.11 151.989 15.0908
 11084.4 3975.93 1238.81 192.466 26.2211
 12208.1 5130.11 1145.85 264.942 45.6068
 19683.8 5732.33 1652.93 291.25 77.3673
 26535.6 9232.1 1830.91 414.496 90.5578
 28099.8 12847 3768.23 671.15 183.458
 47114.1 13543 5063.7 1308.59 293.605
 63268 22497.7 4969.26 1573.99 491.069
 22790.5 30167.9 8163.51 1518.22 621.764
 24771 10933.6 11474.3 2682.68 694.53
 27555.3 11849.7 4067.63 3643.8 1058.16
pred_Ctot
 2268.52 4007.55 1688.82 202.711 0.107574
 2440.71 5937.56 1187.52 248.92 28.3699
 1792.55 10724.3 2569.21 252.957 56.0058
 1038.55 1697.53 548.315 37.8234 4.10996
 383.326 542.095 112.647 18.1076 1.31344
 2951.98 8254.27 1794.92 234.76 39.1994
 4086.81 4478.72 1235.55 118.534 16.9799
 4108.86 14162.2 1946.71 286.993 30.0505
 7744.42 11440.5 4417.19 301.929 46.653
 5430.23 13324 2243.73 419.881 31.3576
 4850.72 23302.4 7453.26 692.655 133.382
 3403.62 11238.1 5981.24 931.736 97.769
 5521.23 11842.6 4356.29 1173.11 191.881
 3537.31 15511.5 2855.57 457.783 134.525
 1764.03 6447.4 1787.56 114.161 21.7538
 792.065 2110.58 548.733 53.6785 3.75528
 567.333 1980.23 611.158 79.6955 7.9202
 544.18 1237.73 531.886 84.2954 11.4964
 479.509 1328.08 417.854 98.7198 17.013
 788.356 1508.57 611.714 110.118 29.285
 478.827 1195.6 350.816 81.4731 17.8242
 596.207 1931.3 831.756 151.875 41.57
 1304.08 2587.68 1399.14 370.227 83.1717
 1814.53 4436.27 1413.71 458.418 143.201
 557.054 5156.89 2033.33 387.437 158.875
 654.833 2005.22 3052 730.802 189.441
 1471.06 3944.7 1850.98 1690.24 491.347
F
 0.103058 0.7964 1.23299 1.26962 1.27161
 0.103383 0.798912 1.23688 1.27363 1.27562
 0.264721 2.04569 3.16714 3.26124 3.26635
 0.106307 0.82151 1.27187 1.30965 1.3117
 0.0162145 0.125301 0.193991 0.199755 0.200067
 0.142415 1.10054 1.70386 1.75448 1.75723
 0.0786502 0.607787 0.940978 0.968934 0.970452
 0.102875 0.794986 1.2308 1.26737 1.26935
 0.112835 0.871956 1.34997 1.39007 1.39225
 0.0670546 0.518179 0.802247 0.826081 0.827375
 0.110252 0.851993 1.31906 1.35825 1.36038
 0.0962522 0.74381 1.15157 1.18578 1.18764
 0.143204 1.10664 1.7133 1.7642 1.76697
 0.211017 1.63068 2.52462 2.59963 2.6037
 0.208298 1.60967 2.4921 2.56614 2.57015
 0.100602 0.777422 1.20361 1.23937 1.24131
 0.0934892 0.722458 1.11851 1.15174 1.15355
 0.0704103 0.544111 0.842394 0.867422 0.86878
 0.0559775 0.432578 0.66972 0.689617 0.690697
 0.0571077 0.441312 0.683241 0.70354 0.704642
 0.0253737 0.19608 0.303573 0.312592 0.313081
 0.0298944 0.231015 0.357659 0.368285 0.368862
 0.0391576 0.302599 0.468485 0.482404 0.483159
 0.0405994 0.313741 0.485735 0.500166 0.500949
 0.0345081 0.266669 0.412857 0.425123 0.425789
 0.0373688 0.288776 0.447084 0.460367 0.461088
 0.0767781 0.593319 0.918579 0.94587 0.947351
Np
 20588 9424.05 3353.65 609.324 173.456
YTP_r0W_actual
 12769.7 89108.7 60396.6 70398 22709.4
YTP_p0W_proyectada
 9540.88 95294.1 48272.4 15574.2 17984.3
 9540.88 70867.7 49795.3 11772.1 3722.56
CTP_r0_actual
 1557.28 4125.4 1923.46 1755.56 510.323
CTP_p0_proyectada
 1163.52 4411.76 1537.34 388.385 404.142
 1163.52 3280.91 1585.84 293.568 83.653
Wmedp
 8.2 21.6 31.4 40.1 44.5
nmprior
 10.8 10.6 4.6 0
nm_flota  nm_reclas  nm_pelaces    nm_pelaL
inf 18.6423 19.6378 64.6146
cv_recla  cv_pelaces  cv_mph
0.926846 0.371081 0.54113
 ------------------------------------------------
Talla a la edad & desviaci?n 
 7.2 14.2025 17.0495 18.207 18.6776
 1.08 2.13037 2.55742 2.73105 2.80164
