years
 1997 1998 1999 2000 2001 2002 2003 2004 2005 2006 2007 2008 2009 2010 2011 2012 2013 2014 2015 2016 2017 2018 2019
reclasobs
 0 0 0 370054 412103 1.49427e+06 250295 1.28982e+06 931140 785840 897777 1.04006e+06 184774 17550 25797 100020 73551 82996 120727 218422 84188 347160 605670
reclaspred
 424757 97434.6 155247 81437.3 154539 161355 560605 402574 607311 785424 667743 466686 344098 179229 125732 108695 111574 139711 141001 232059 406431 350865 530978
pelacesobs
 0 0 0 0 0 0 0 0 0 2.06254e+06 1.5e+06 0 1.87456e+06 323000 250000 174000 83755 137374 0 501740 490994 745055 786931
pelacespred
 637741 112644 111379 88854.1 156848 109777 624602 430056 650535 831459 636531 467886 350008 153146 107349 100124 106841 132978 136117 218473 436452 373371 462009
mphobs
 0 0 0 0 0 0 112323 0 153150 637223 0 255016 313432 73983 77613 109348 50772 17779 17303 59886 28197 0 207744
mphpred
 436740 221749 188923 111899 122167 227755 364992 602227 562220 811843 1.04621e+06 763499 484066 322491 170203 135207 125363 151407 184239 201367 385113 542697 592694
desembarqueobs
 350755 77701 442110 56441 14545 235359 269955 359681 431902 328805 639364 411747 362871 311530 167758 66681 60226 58785 57116 73181 50977 67692 138656
desembarquepred
 350761 77700.2 442120 56449.5 14545.3 235402 269937 359605 431715 328712 639401 411807 362834 311789 167868 66710.4 60258.1 58790.2 57109.8 73170.1 50974.5 67686 138649
Reclutas
 32406.3 35569.5 12400.7 15906.7 33470.5 29875.1 74987.8 59008.4 116369 155018 67172.5 44852 60918.2 27196.6 15864.6 14902.3 11778.4 13464.5 15367.6 35130.8 52383.8 43087.6 66745.9
log_desv_Rt
 -0.0697599 0.0233754 -1.03036 -0.781371 -0.0374483 -0.151086 0.769213 0.529569 1.20865 1.49543 0.659152 0.255256 0.561419 -0.245019 -0.784022 -0.846599 -1.08184 -0.948055 -0.815852 0.0109669 0.410485 0.215122 0.652781
SSB
 436740 221749 188923 111899 122167 227755 352639 593506 546404 794231 1.04621e+06 763499 499143 334709 181887 146365 141518 164193 189782 217750 394500 542697 608489
BT
 1.42244e+06 335281 437438 219669 293077 378908 1.31124e+06 1.15544e+06 1.55787e+06 1.7964e+06 1.69895e+06 1.20931e+06 977567 566888 332621 235115 242616 285657 293154 450267 822277 732099 926604
Ftot
 0.757921 0.768759 1.86122 0.662982 0.110997 1.07938 0.62095 0.820763 0.881322 0.450387 0.664102 0.597158 0.901898 1.20556 1.01969 0.453822 0.427396 0.334779 0.300659 0.309236 0.115024 0.13173 0.18448
BD_Bspro_t
 0.909401 0.613123 0.457303 0.206598 0.321888 0.522431 0.486535 0.571249 0.514074 0.55825 0.594782 0.444168 0.348512 0.295886 0.205045 0.204219 0.261391 0.376913 0.475133 0.569752 0.724691 0.823586 0.813129
BD_Bspro
 0.609785 0.309611 0.263778 0.156236 0.170573 0.317997 0.492362 0.828666 0.762902 1.10892 1.46075 1.06601 0.696915 0.467328 0.253954 0.204359 0.197591 0.22925 0.264978 0.304028 0.550809 0.757725 0.849586
BD_Bo
 0.460927 0.23403 0.199386 0.118097 0.128933 0.240369 0.372168 0.626375 0.576665 0.838217 1.10415 0.805783 0.526786 0.353245 0.19196 0.154471 0.149356 0.173286 0.200292 0.22981 0.416347 0.572752 0.642188
BD_Brms
 1.53968 0.781754 0.666028 0.39449 0.430688 0.802927 1.24319 2.09234 1.92629 2.79998 3.68831 2.69164 1.75968 1.17998 0.641222 0.515996 0.498908 0.578845 0.669057 0.767656 1.39077 1.91322 2.14517
S_f
 0.152744 1 1 1 1
 0.152744 1 1 1 1
 0.152744 1 1 1 1
 0.152744 1 1 1 1
 0.152744 1 1 1 1
 0.152744 1 1 1 1
 0.152744 1 1 1 1
 0.152744 1 1 1 1
 0.152744 1 1 1 1
 0.152744 1 1 1 1
 0.152744 1 1 1 1
 0.152744 1 1 1 1
 0.152744 1 1 1 1
 0.152744 1 1 1 1
 0.152744 1 1 1 1
 0.152744 1 1 1 1
 0.152744 1 1 1 1
 0.152744 1 1 1 1
 0.152744 1 1 1 1
 0.152744 1 1 1 1
 0.152744 1 1 1 1
 0.152744 1 1 1 1
 0.152744 1 1 1 1
Scru_reclas
 0.992011 1 1 1 1
 0.992011 1 1 1 1
 0.992011 1 1 1 1
 0.992011 1 1 1 1
 0.992011 1 1 1 1
 0.992011 1 1 1 1
 0.992011 1 1 1 1
 0.992011 1 1 1 1
 0.992011 1 1 1 1
 0.992011 1 1 1 1
 0.992011 1 1 1 1
 0.992011 1 1 1 1
 0.992011 1 1 1 1
 0.992011 1 1 1 1
 0.992011 1 1 1 1
 0.992011 1 1 1 1
 0.992011 1 1 1 1
 0.992011 1 1 1 1
 0.992011 1 1 1 1
 0.992011 1 1 1 1
 0.992011 1 1 1 1
 0.992011 1 1 1 1
 0.992011 1 1 1 1
Scru_pelaces
 1 1 1 1 1
 1 1 1 1 1
 1 1 1 1 1
 1 1 1 1 1
 1 1 1 1 1
 1 1 1 1 1
 1 1 1 1 1
 1 1 1 1 1
 1 1 1 1 1
 1 1 1 1 1
 1 1 1 1 1
 1 1 1 1 1
 1 1 1 1 1
 1 1 1 1 1
 1 1 1 1 1
 1 1 1 1 1
 1 1 1 1 1
 1 1 1 1 1
 1 1 1 1 1
 1 1 1 1 1
 1 1 1 1 1
 1 1 1 1 1
 1 1 1 1 1
pf_obs 
 0.256992 0.487395 0.22802 0.0275931 0
 0.321318 0.546541 0.124235 0.00734118 0.000564706
 0.182869 0.594174 0.210203 0.0122559 0.00049798
 0.330522 0.361315 0.267642 0.0388342 0.00168674
 0.649043 0.306663 0.0425973 0.00169635 0
 0.582887 0.30429 0.105238 0.00758474 0
 0.465427 0.430635 0.0974691 0.00646863 0
 0.296916 0.608066 0.0921331 0.00288517 0
 0.311714 0.524322 0.152257 0.0117073 0
 0.15457 0.633149 0.183074 0.0267441 0.00246327
 0.131901 0.49318 0.331252 0.0422183 0.00144891
 0.196976 0.569456 0.194076 0.0375587 0.00193317
 0.518974 0.381816 0.0799577 0.0180837 0.00116848
 0.0928022 0.601141 0.25162 0.0475244 0.00691264
 0.122501 0.610282 0.24278 0.0234846 0.000952079
 0.383417 0.481906 0.127806 0.00687128 0
 0.0376549 0.599619 0.316969 0.0457579 0
 0.0361596 0.667082 0.258105 0.0386534 0
 0.158088 0.579412 0.248529 0.0139706 0
 0.0477256 0.309471 0.559284 0.082774 0.000745712
 0.0406174 0.521527 0.379366 0.0568643 0.0016247
 0.151134 0.462217 0.34131 0.0453401 0
 0.294876 0.26143 0.354403 0.0886775 0.000613685
pf_pred 
 0.304961 0.489157 0.183982 0.0218899 1.0824e-05
 0.285264 0.577361 0.0966823 0.0363641 0.00432869
 0.144583 0.678863 0.142619 0.0238824 0.0100519
 0.331931 0.502406 0.131471 0.0276202 0.00657185
 0.379351 0.508351 0.0844511 0.0220995 0.00574747
 0.244391 0.610833 0.11858 0.0196995 0.00649572
 0.47099 0.41617 0.0912195 0.0177084 0.0039119
 0.238464 0.676311 0.0670462 0.0146957 0.00348308
 0.412439 0.444309 0.127221 0.012612 0.0034196
 0.325813 0.591797 0.0623029 0.0178394 0.00224803
 0.125563 0.697631 0.155199 0.0163389 0.00526793
 0.137144 0.48917 0.298129 0.0663232 0.00923357
 0.266118 0.428004 0.173408 0.105685 0.0267844
 0.15606 0.666345 0.103575 0.0419637 0.0320568
 0.173949 0.572855 0.199915 0.0310742 0.0222074
 0.217237 0.547236 0.163335 0.0570007 0.0151919
 0.174076 0.573338 0.176584 0.0527056 0.0232954
 0.210594 0.497132 0.20289 0.0624889 0.0268949
 0.217026 0.526684 0.1614 0.0658709 0.0290196
 0.358069 0.434806 0.139327 0.0426963 0.025102
 0.28878 0.575557 0.0918902 0.0294449 0.0143282
 0.16621 0.614847 0.17718 0.0282876 0.0134752
 0.232281 0.44648 0.236886 0.0682633 0.0160902
pobs_RECLAS
 0 0 0 0 0
 0 0 0 0 0
 0 0 0 0 0
 0 0 0 0 0
 0.835266 0.146461 0.0176864 0.000547809 3.91292e-05
 0.385257 0.428462 0.181853 0.0044286 0
 0.867414 0.0963971 0.0333333 0.00285562 0
 0.441836 0.489002 0.0689373 0.000224442 0
 0.779404 0.147425 0.0564933 0.0165055 0.000172143
 0.814271 0.122319 0.05973 0.00367925 0
 0.40263 0.566651 0.0304383 0.000280538 0
 0.475488 0.404961 0.113038 0.00651328 0
 0.955842 0.0263864 0.0167828 0.000988607 0
 0.975058 0.0227948 0.00214734 0 0
 0.738997 0.206755 0.0527124 0.00153531 0
 0.850938 0.134255 0.0134407 0.00136685 0
 0.542534 0.407297 0.0501686 0 0
 0.764087 0.199537 0.0359546 0.000420521 0
 0.470689 0.182191 0.310203 0.0369168 0
 0.84361 0.089868 0.0606195 0.00523954 0.000663233
 0.607945 0.314616 0.071237 0.00620181 0
 0.523733 0.453247 0.0230204 0 0
 0.530135 0.295979 0.169645 0.0042399 0
ppred_RECLAS
 0.751505 0.174887 0.0657783 0.00782621 3.86986e-06
 0.733627 0.215175 0.0360322 0.0135524 0.00161325
 0.577608 0.335212 0.0704233 0.0117928 0.00496349
 0.772263 0.171264 0.0448169 0.00941541 0.00224027
 0.799728 0.164035 0.0272508 0.00713109 0.0018546
 0.698434 0.243786 0.0473259 0.00786215 0.00259247
 0.858184 0.111566 0.024454 0.00474723 0.0010487
 0.684859 0.279873 0.0277452 0.00608141 0.00144138
 0.830661 0.128053 0.0366657 0.00363486 0.000985551
 0.763835 0.207304 0.0218244 0.00624906 0.000787473
 0.494986 0.402904 0.089632 0.00943624 0.00304239
 0.51873 0.272841 0.166285 0.0369927 0.00515015
 0.717524 0.164742 0.066746 0.0406789 0.0103095
 0.573889 0.336442 0.0522955 0.0211878 0.0161857
 0.599423 0.277794 0.0969446 0.0150688 0.010769
 0.650094 0.244622 0.0730129 0.02548 0.00679098
 0.584697 0.288294 0.0887927 0.0265022 0.0117137
 0.638866 0.227426 0.0928174 0.0285871 0.0123038
 0.64707 0.237405 0.072752 0.0296917 0.0130807
 0.786867 0.144364 0.0462593 0.014176 0.00833435
 0.726277 0.221511 0.0353652 0.0113323 0.00551442
 0.565959 0.320067 0.0922336 0.0147255 0.00701469
 0.66505 0.194796 0.103352 0.0297828 0.00702003
pobs_PELACES
 0 0 0 0 0
 0 0 0 0 0
 0 0 0 0 0
 0 0 0 0 0
 0 0 0 0 0
 0 0 0 0 0
 0 0 0 0 0
 0 0 0 0 0
 0 0 0 0 0
 0 0 0 0 0
 0.450072 0.473896 0.0757376 0.000293798 0
 0 0 0 0 0
 0.463077 0.371075 0.160297 0.00555027 0
 0.529543 0.364841 0.0842815 0.0213345 0
 0.631943 0.363953 0.00410389 0 0
 0.735681 0.248677 0.0153453 0.000297389 0
 0.695825 0.281241 0.0229344 0 0
 0.275771 0.60734 0.115278 0.00161068 0
 0 0 0 0 0
 0.896147 0.0623911 0.0374545 0.00400742 0
 0.803859 0.145111 0.0509908 3.86294e-05 0
 0.739449 0.233085 0.0266225 0.000797448 4.60066e-05
 0.878498 0.100942 0.0204185 0.000141795 0
ppred_PELACES
 0.790275 0.147601 0.0555155 0.00660516 3.26608e-06
 0.774879 0.181852 0.0304521 0.0114537 0.00136341
 0.698754 0.23907 0.0502253 0.0084105 0.00353991
 0.804478 0.147037 0.0384773 0.00808353 0.00192336
 0.80591 0.158972 0.0264096 0.00691097 0.00179736
 0.759449 0.194461 0.0377506 0.00627142 0.00206794
 0.878886 0.0952801 0.0208843 0.00405424 0.000895609
 0.733743 0.23646 0.0234415 0.00513809 0.0012178
 0.86351 0.103213 0.0295532 0.00292976 0.000794371
 0.78714 0.186847 0.0196708 0.00563242 0.000709766
 0.543302 0.364357 0.0810566 0.00853345 0.00275132
 0.562162 0.248219 0.151279 0.0336544 0.00468539
 0.767169 0.135788 0.0550152 0.0335295 0.0084976
 0.655392 0.27209 0.0422929 0.0171351 0.0130898
 0.667341 0.230694 0.0805077 0.0125139 0.00894316
 0.680128 0.223625 0.0667459 0.023293 0.00620808
 0.61529 0.267057 0.0822519 0.02455 0.0108508
 0.661966 0.212878 0.0868803 0.0267585 0.0115167
 0.667804 0.223458 0.068478 0.0279474 0.0123123
 0.802283 0.133922 0.0429134 0.0131506 0.00773153
 0.734192 0.215106 0.0343426 0.0110046 0.00535497
 0.576942 0.311968 0.0898996 0.0143529 0.00683718
 0.678193 0.187152 0.0992961 0.0286141 0.00674457
pobs_pel_tallas
 0 0 0 0 0 0 0 0 0 0 0 0 0 0 0 0 0 0 0 0 0 0 0 0 0 0 0 0 0 0 0 0 0 0 0 0
 0 0 0 0 0 0 0 0 0 0 0 0 0 0 0 0 0 0 0 0 0 0 0 0 0 0 0 0 0 0 0 0 0 0 0 0
 0 0 0 0 0 0 0 0 0 0 0 0 0 0 0 0 0 0 0 0 0 0 0 0 0 0 0 0 0 0 0 0 0 0 0 0
 0 0 0 0 0 0 0 0 0 0 0 0 0 0 0 0 0 0 0 0 0 0 0 0 0 0 0 0 0 0 0 0 0 0 0 0
 0 0 0 0 0 0 0 0 0 0 0 0 0 0 0 0 0 0 0 0 0 0 0 0 0 0 0 0 0 0 0 0 0 0 0 0
 0 0 0 0 0 0 0 0 0 0 0 0 0 0 0 0 0 0 0 0 0 0 0 0 0 0 0 0 0 0 0 0 0 0 0 0
 0 0 0 0 0 0 0 0 0 0 0 0 0 0 0 0 0 0 0 0 0 0 0 0 0 0 0 0 0 0 0 0 0 0 0 0
 0 0 0 0 0 0 0 0 0 0 0 0 0 0 0 0 0 0 0 0 0 0 0 0 0 0 0 0 0 0 0 0 0 0 0 0
 0 0 0 0 0 0 0 0 0 0 0 0 0 0 0 0 0 0 0 0 0 0 0 0 0 0 0 0 0 0 0 0 0 0 0 0
 0 0 0 0 0 0 0 0 0 0 0 0 0 0 0 0 0 0 0 0 0 0 0 0 0 0 0 0 0 0 0 0 0 0 0 0
 0 0 0 0 0 0 0 0 1.78061e-05 0.00172719 0.00360574 0.0105946 0.0120993 0.0124554 0.0147524 0.0171206 0.0266825 0.0428682 0.0675386 0.121331 0.153587 0.119568 0.100827 0.0573624 0.0630603 0.0341343 0.0324427 0.0444173 0.0211091 0.0280891 0.0125444 0.00206551 0 0 0 0
 0 0 0 0 0 0 0 0 0 0 0 0 0 0 0 0 0 0 0 0 0 0 0 0 0 0 0 0 0 0 0 0 0 0 0 0
 0 0 0 0 0 0 0.0133647 0.0140871 0.0187388 0.0205184 0.03894 0.0496705 0.03968 0.0493445 0.0407372 0.0367815 0.0215668 0.0243155 0.0234873 0.0199281 0.019796 0.0243948 0.0301388 0.0376714 0.0412746 0.0863199 0.0771752 0.113111 0.0741005 0.0525337 0.0229764 0.00759418 0.00175318 0 0 0
 0 0 0 0 0 0 0 0 0 0 0.00219441 0.00772107 0.0458388 0.0604681 0.0671733 0.0775358 0.0609151 0.0617685 0.073594 0.0568108 0.0755445 0.0548602 0.0670107 0.0636378 0.0643287 0.046367 0.0373049 0.0286899 0.0247887 0.0153202 0.00654259 0.00121912 0.000365735 0 0 0
 0 0 0 0 0 0 0 0 0 0 0 0 0.000112435 0.00938835 0.0111873 0.0202946 0.0414886 0.0713402 0.111592 0.104902 0.108894 0.110636 0.117776 0.105296 0.107544 0.0401394 0.0192827 0.0124803 0.00416011 0.0028671 0.000618394 0 0 0 0 0
 0 0 0 0 0 0 0 0 0 0 0.00291406 0.0102884 0.027416 0.0768956 0.0749926 0.110853 0.0956884 0.0897413 0.0766577 0.0534642 0.0500743 0.0551293 0.0594112 0.0620874 0.0668451 0.0424026 0.0208742 0.0120726 0.0048766 0.00582813 0.00118941 0.000297354 0 0 0 0
 0 0.00264628 0.0354308 0.0461629 0.0458689 0.0383711 0.0214643 0.0164657 0.0346957 0.0420465 0.0363128 0.0245516 0.0311673 0.0291091 0.0169068 0.0133784 0.00837989 0.0085269 0.0148486 0.0160247 0.0276389 0.0546898 0.0760071 0.122758 0.109233 0.0665981 0.0333725 0.0166128 0.00676272 0.00308733 0.000882094 0 0 0 0 0
 0 0 0 0 0 0 0 0.000805153 0.000690131 0.00759144 0.0133425 0.0154129 0.00931677 0.000345066 0.00356568 0.00563607 0.00851162 0.0253048 0.0502646 0.0516448 0.0657925 0.0565908 0.0611916 0.0827007 0.0866115 0.110766 0.145733 0.0935128 0.0569358 0.0249597 0.0138026 0.00621118 0.00161031 0.00115022 0 0
 0 0 0 0 0 0 0 0 0 0 0 0 0 0 0 0 0 0 0 0 0 0 0 0 0 0 0 0 0 0 0 0 0 0 0 0
 0.00147267 0.00158595 0.00478618 0.00569244 0.00954404 0.0108468 0.00647125 0.017049 0.0510054 0.094081 0.124002 0.0959785 0.0687766 0.0820023 0.061753 0.0591476 0.0492212 0.0479892 0.0443925 0.0268479 0.0217502 0.0140895 0.0121071 0.0120363 0.00920419 0.00665534 0.0049561 0.00860946 0.00930331 0.0156896 0.0114698 0.00855282 0.00243557 0.00046729 0 2.83206e-05
 0 0 0 0 0.000772559 0.00158375 0.000888443 0.00281984 0.00712685 0.0440552 0.0773331 0.111326 0.0921469 0.0852325 0.0710754 0.0886704 0.0786465 0.0553345 0.0373146 0.0185414 0.00753245 0.00457741 0.012979 0.0271748 0.0457355 0.0583668 0.034881 0.0177882 0.00938659 0.00492506 0.0015258 0.00185414 0.000309023 5.79419e-05 3.86279e-05 0
 0 0.00173294 0.00326652 0 0.00397197 0.00683976 0.00946217 0.0152591 0.00757587 0.0136028 0.0228656 0.0392903 0.0559909 0.0764795 0.0681675 0.0726916 0.0566044 0.0477403 0.0527397 0.0444891 0.0609904 0.0582453 0.0661739 0.0445044 0.0529084 0.0360697 0.0280645 0.0235558 0.0158879 0.00826598 0.00280645 0.00217768 0.000904811 0.00058276 9.20147e-05 0
 0 0 0 0 0 0 0 0 0 0 0 0 0 0 0 0 0 0 0 0 0 0 0 0 0 0 0 0 0 0 0 0 0 0 0 0
ppred_pel_tallas
 1.01064e-16 3.44785e-05 0.000202366 0.00096197 0.00370366 0.0115495 0.0291731 0.0596919 0.0989449 0.132877 0.144588 0.127518 0.0912385 0.053161 0.0256385 0.0110191 0.00552533 0.00471505 0.00586856 0.00779696 0.0100237 0.0122719 0.014292 0.0158515 0.0167743 0.0169769 0.0164833 0.0154116 0.0139385 0.0122547 0.0105267 0.00887407 0.0073654 0.00602767 0.00486193 0.00385772
 1.00949e-16 3.38084e-05 0.00019843 0.000943247 0.00363156 0.0113247 0.0286052 0.0585301 0.0970202 0.130296 0.141788 0.125067 0.0895273 0.0522491 0.0253573 0.0111684 0.00599074 0.00547556 0.00695105 0.00923015 0.0118063 0.0143543 0.01657 0.0181744 0.0189648 0.0188606 0.0179202 0.0163203 0.014308 0.0121409 0.0100356 0.00813748 0.00651621 0.00517973 0.00409806 0.00322616
 1.01246e-16 3.04914e-05 0.00017895 0.000850629 0.00327493 0.0102125 0.0257962 0.052783 0.087496 0.117512 0.127895 0.112856 0.0808821 0.0473967 0.0233636 0.0109062 0.00673054 0.00694003 0.00912936 0.0121999 0.0156289 0.0190227 0.0219873 0.0241545 0.0252544 0.0251761 0.0239901 0.0219229 0.0192943 0.0164399 0.0136442 0.0111012 0.00890742 0.00708013 0.00558698 0.00437506
 1.00962e-16 3.50977e-05 0.000206002 0.000979255 0.00377021 0.0117571 0.0296974 0.0607644 0.100723 0.135264 0.147184 0.129804 0.0928681 0.0540971 0.0260645 0.0111576 0.0055271 0.00464722 0.00574582 0.00761029 0.00975515 0.0119009 0.0137987 0.0152202 0.0159963 0.0160535 0.0154284 0.0142518 0.0127119 0.0110078 0.00930936 0.00773378 0.00634195 0.005149 0.004142 0.00329651
 1.00749e-16 3.51606e-05 0.00020637 0.000981003 0.00377693 0.011778 0.0297504 0.0608729 0.100903 0.135507 0.147451 0.130045 0.0930527 0.0542294 0.0261741 0.0112822 0.0057005 0.00489598 0.00608847 0.00805474 0.0102944 0.012509 0.0144299 0.0158125 0.0164798 0.016362 0.0155114 0.014084 0.0122981 0.0103809 0.00852381 0.00685563 0.00543806 0.0042781 0.00334871 0.00260897
 1.00912e-16 3.31361e-05 0.000194481 0.000924475 0.00355927 0.0110993 0.0280359 0.0573653 0.0950899 0.127705 0.138972 0.122593 0.0877772 0.0512696 0.0249605 0.0111275 0.00616022 0.0058019 0.0074348 0.00988929 0.0126544 0.0153891 0.0177689 0.0194941 0.0203463 0.0202371 0.0192269 0.0175032 0.0153298 0.012983 0.0106963 0.00862874 0.00685861 0.00539829 0.00421887 0.00327411
 1.00509e-16 3.83401e-05 0.000225042 0.00106979 0.00411879 0.0128441 0.0324431 0.0663821 0.110032 0.14776 0.160766 0.141743 0.101326 0.0588542 0.0280385 0.0114559 0.00487029 0.00331446 0.00375522 0.00489089 0.00624703 0.00760414 0.00879365 0.00966702 0.0101161 0.0100961 0.00963426 0.00881985 0.0077794 0.00664589 0.00553222 0.00451558 0.00363479 0.00289736 0.00229134 0.00179663
 1.00644e-16 3.20169e-05 0.000187907 0.00089321 0.00343888 0.0107238 0.0270876 0.0554253 0.0918755 0.123392 0.13429 0.118489 0.0848962 0.0497025 0.0244128 0.0112473 0.00673619 0.00677751 0.00883824 0.011763 0.0150088 0.0181765 0.0208737 0.0227394 0.0235167 0.0231122 0.0216186 0.0192858 0.0164563 0.0134846 0.0106668 0.00819961 0.00617265 0.00458744 0.00338971 0.00250169
 1.00592e-16 3.767e-05 0.000221108 0.00105108 0.00404676 0.0126195 0.0318757 0.0652212 0.108108 0.145178 0.157958 0.139274 0.0995738 0.0578631 0.0276164 0.0113707 0.0049694 0.00353629 0.00409299 0.00535824 0.0068586 0.0083663 0.00970034 0.0106988 0.0112419 0.0112772 0.0108293 0.00998968 0.00889053 0.00767248 0.00645632 0.00532653 0.0043282 0.00347417 0.00275703 0.0021605
 1.00567e-16 3.43432e-05 0.000201569 0.000958172 0.00368902 0.0115039 0.0290579 0.0594563 0.0985554 0.132357 0.144031 0.127046 0.0909444 0.0530765 0.0257593 0.011345 0.00608245 0.00555163 0.00703489 0.00932142 0.0118907 0.0144061 0.0165539 0.0180481 0.0186852 0.0183906 0.0172359 0.0154167 0.013202 0.0108696 0.00865232 0.00670455 0.00509702 0.00383155 0.00286655 0.00214227
 1.01692e-16 2.37181e-05 0.000139173 0.000661499 0.00254669 0.00794152 0.0200599 0.0410472 0.0680475 0.0914079 0.0995278 0.0879283 0.0632422 0.0375144 0.0193387 0.010448 0.00836191 0.0101085 0.0138244 0.018586 0.0238274 0.0290026 0.0335197 0.0368175 0.0384831 0.0383454 0.0365109 0.033324 0.0292729 0.0248715 0.0205571 0.01663 0.0132423 0.0104249 0.00813164 0.00628345
 1.03604e-16 2.45359e-05 0.000143985 0.000684397 0.00263489 0.0082166 0.0207546 0.0424677 0.070399 0.0945559 0.102927 0.090865 0.0652095 0.0383914 0.0192607 0.00956316 0.00669037 0.00754734 0.0102275 0.0138544 0.0179855 0.0222507 0.0262516 0.0295942 0.0319602 0.0331696 0.0332073 0.0322055 0.0303923 0.028027 0.0253448 0.0225262 0.0196931 0.0169231 0.0142702 0.0117804
 1.02375e-16 3.34704e-05 0.000196449 0.000933842 0.00359536 0.0112118 0.0283201 0.0579464 0.0960515 0.128991 0.140359 0.123784 0.0885611 0.0515886 0.0248577 0.0106467 0.00528835 0.00447285 0.00556573 0.00742315 0.00959742 0.0118381 0.0139218 0.0156384 0.0168245 0.0173954 0.0173578 0.0167976 0.0158491 0.0146565 0.013343 0.0119937 0.0106561 0.0093503 0.00808485 0.00686837
 1.0189e-16 2.86019e-05 0.000167854 0.000797871 0.00307179 0.00957905 0.0241961 0.0495093 0.0820708 0.11023 0.119981 0.1059 0.075956 0.0446296 0.0222219 0.0107461 0.0071332 0.00774299 0.0103204 0.0138157 0.0176961 0.0215295 0.0248729 0.0273124 0.0285471 0.0284577 0.0271317 0.0248317 0.0219236 0.0187869 0.0157381 0.0129866 0.0106284 0.00866895 0.00705939 0.00573163
 1.02066e-16 2.91213e-05 0.000170908 0.000812394 0.00312772 0.00975348 0.0246366 0.0504104 0.0835632 0.11223 0.122148 0.10779 0.0772596 0.0452919 0.0223605 0.0104985 0.00656616 0.0068502 0.00906212 0.0121614 0.0156558 0.0191736 0.0223375 0.0247887 0.026255 0.0266087 0.0258896 0.0242826 0.0220625 0.0195233 0.0169189 0.0144281 0.0121493 0.010117 0.00832692 0.00675993
 1.02111e-16 2.96786e-05 0.00017418 0.000827953 0.00318763 0.0099403 0.0251085 0.0513759 0.0851633 0.114378 0.124483 0.109842 0.0787153 0.0461134 0.0227064 0.0105604 0.00646934 0.00664343 0.0087484 0.0117267 0.015086 0.0184624 0.0214908 0.0238259 0.0252079 0.0255177 0.0247994 0.0232371 0.0211 0.0186739 0.0162025 0.013854 0.0117171 0.00981711 0.008143 0.0066709
 1.02606e-16 2.68531e-05 0.000157588 0.000749064 0.00288387 0.00899303 0.0227158 0.0464806 0.0770507 0.103489 0.112647 0.0994372 0.0713421 0.0419623 0.0209762 0.0102836 0.00701503 0.00776507 0.0104271 0.0140223 0.0180504 0.0220981 0.0257332 0.0285439 0.030219 0.0306154 0.0297842 0.0279432 0.0254121 0.0225307 0.0195886 0.0167864 0.0142297 0.0119497 0.00993435 0.00815648
 1.02761e-16 2.88863e-05 0.000169529 0.000805844 0.00310251 0.00967486 0.024438 0.0500039 0.082889 0.111324 0.121158 0.106908 0.0766105 0.0448771 0.0220925 0.0102681 0.00628549 0.00645993 0.00852587 0.0114632 0.0148041 0.0182067 0.0213259 0.0238306 0.0254649 0.0261004 0.0257572 0.024585 0.0228132 0.0206899 0.0184298 0.0161847 0.0140413 0.0120359 0.0101776 0.008468
 1.02581e-16 2.91412e-05 0.000171025 0.000812954 0.00312988 0.00976021 0.0246536 0.0504451 0.0836205 0.112307 0.12223 0.107857 0.0772984 0.0452956 0.0223269 0.0104233 0.00643983 0.00665836 0.00878911 0.0117947 0.015191 0.0186183 0.0217142 0.0241349 0.0256205 0.0260497 0.0254621 0.0240346 0.0220279 0.0197179 0.0173389 0.0150512 0.012938 0.0110229 0.00929639 0.00773969
 1.01467e-16 3.50014e-05 0.000205438 0.000976576 0.0037599 0.0117249 0.0296161 0.0605982 0.100447 0.134892 0.146777 0.129439 0.0925925 0.0539082 0.0259209 0.0110067 0.00532299 0.00435503 0.00534099 0.00708036 0.00910433 0.0111549 0.0130065 0.0144515 0.0153332 0.0155785 0.0152108 0.0143366 0.0131126 0.0117058 0.0102582 0.00886798 0.00758698 0.00643084 0.00539476 0.00446751
 1.01187e-16 3.20356e-05 0.000188019 0.000893746 0.00344095 0.0107303 0.0271039 0.0554585 0.09193 0.123463 0.134363 0.118543 0.0849106 0.049663 0.0243045 0.0110493 0.00641869 0.00630543 0.00817922 0.0108982 0.0139438 0.0169504 0.0195622 0.0214501 0.0223754 0.0222441 0.0211267 0.0192335 0.0168578 0.0143049 0.0118305 0.00960561 0.00771075 0.00615309 0.00489486 0.00388082
 1.02191e-16 2.51829e-05 0.000147778 0.000702416 0.00270425 0.00843287 0.021301 0.0435861 0.0722542 0.0970521 0.105656 0.0933007 0.0670159 0.0395715 0.0200664 0.010309 0.00763529 0.0088703 0.0120388 0.0161961 0.0208152 0.0254226 0.0295123 0.0326018 0.03433 0.0345363 0.033292 0.0308677 0.0276561 0.0240742 0.0204789 0.0171184 0.0141241 0.0115327 0.00932276 0.00744915
 1.02769e-16 2.95928e-05 0.00017368 0.000825581 0.00317851 0.00991186 0.0250366 0.0512285 0.0849181 0.114046 0.124114 0.109499 0.0784311 0.04587 0.0224447 0.0102035 0.0059396 0.00587111 0.00767918 0.0103345 0.0133886 0.016535 0.0194692 0.0218964 0.0235826 0.0244001 0.0243475 0.0235342 0.0221407 0.0203677 0.0183934 0.0163497 0.0143204 0.0123526 0.010475 0.00871115
pSPR Fmed_Fpbrs
0.455026   0.349365 0.349365
Fs Fmed_Fpbrs
0.64   1.005 1.005
SSBpbr Bo_Bmed_Bpbrs
947525  383772  283656 283656
Ro
34747.7
SPR SPRFo_SPRFmed_SPRFpbrs
716219 325898 250222
log_Ro
10.2759
likeval ReclasPelacesDesembMPH_pf_preclas_ppelaces_ptallas_desvR_qrecl_qpela
 0.00111982 41.5544 0.0102991 55.5271 288.398 165.162 43.0349 0 16.4628 1.90144e-05 0 0 0 0 0
q_reclas_q_pelaces
0.539071 1
M
0.7
N
 32406.3 10313.6 3879.17 461.538 0.228218
 35569.5 14333.3 2400.19 902.758 107.462
 12400.7 15706.3 3299.68 552.549 232.564
 15906.7 4634.18 1212.69 254.768 60.6186
 33470.5 7138.3 1185.87 310.322 80.7065
 29875.1 16341.5 3172.37 527.018 173.779
 74987.8 12580.6 2757.52 535.314 118.255
 59008.4 33868.3 3357.54 735.931 174.426
 116369 25850.1 7401.75 733.773 198.954
 155018 50508.7 5317.44 1522.56 191.865
 67172.5 71861.8 15986.7 1683.04 542.64
 44852 30139.2 18368.6 4086.37 568.907
 60918.2 20331.2 8237.26 5020.27 1272.32
 27196.6 26358 4097.01 1659.92 1268.04
 15864.6 11234.1 3920.46 609.385 435.502
 14902.3 6741.88 2012.27 702.241 187.162
 11778.4 6904.64 2126.58 634.727 280.544
 13464.5 5479.36 2236.24 688.748 296.434
 15367.6 6352.96 1946.84 794.548 350.04
 35130.8 7288.78 2335.59 715.731 420.793
 52383.8 16640.6 2656.74 851.315 414.26
 43087.6 25560 7365.61 1175.95 560.18
 66745.9 20970.4 11126.1 3206.22 755.73
pred_Ctot
 2564.8 4113.92 1547.33 184.099 0.0910321
 2853.36 5775.07 967.066 363.733 43.2978
 2243.19 10532.4 2212.72 370.531 155.954
 1108.18 1677.33 438.929 92.2127 21.9407
 405.056 542.796 90.1735 23.5969 6.13691
 3296.83 8240.12 1599.65 265.746 87.6271
 4906.66 4335.57 950.304 184.482 40.7532
 5036.5 14284.1 1416.06 310.382 73.5649
 10622.7 11443.5 3276.66 324.832 88.0745
 7441.04 13515.7 1422.9 407.423 51.3413
 4687.3 26042.7 5793.6 609.936 196.653
 2826.81 10082.7 6145.02 1367.05 190.322
 5683.02 9140.13 3703.16 2256.92 571.988
 3324.57 14195.2 2206.46 893.957 682.909
 1660.39 5468.06 1908.24 296.612 211.976
 720.618 1815.29 541.815 189.083 50.3946
 537.342 1769.79 545.083 162.693 71.9086
 484.138 1142.86 466.428 143.657 61.8291
 497.384 1207.07 369.9 150.964 66.5077
 1168.8 1419.28 454.789 139.368 81.9375
 656.764 1308.97 208.983 66.9656 32.5863
 617.979 2286.04 658.768 105.175 50.1016
 1335.89 2567.79 1362.37 392.595 92.5377
F
 0.115768 0.757921 0.757921 0.757921 0.757921
 0.117424 0.768759 0.768759 0.768759 0.768759
 0.284292 1.86122 1.86122 1.86122 1.86122
 0.101267 0.662982 0.662982 0.662982 0.662982
 0.0169541 0.110997 0.110997 0.110997 0.110997
 0.164869 1.07938 1.07938 1.07938 1.07938
 0.0948466 0.62095 0.62095 0.62095 0.62095
 0.125367 0.820763 0.820763 0.820763 0.820763
 0.134617 0.881322 0.881322 0.881322 0.881322
 0.0687941 0.450387 0.450387 0.450387 0.450387
 0.101438 0.664102 0.664102 0.664102 0.664102
 0.0912126 0.597158 0.597158 0.597158 0.597158
 0.13776 0.901898 0.901898 0.901898 0.901898
 0.184143 1.20556 1.20556 1.20556 1.20556
 0.155752 1.01969 1.01969 1.01969 1.01969
 0.0693187 0.453822 0.453822 0.453822 0.453822
 0.0652823 0.427396 0.427396 0.427396 0.427396
 0.0511357 0.334779 0.334779 0.334779 0.334779
 0.045924 0.300659 0.300659 0.300659 0.300659
 0.047234 0.309236 0.309236 0.309236 0.309236
 0.0175692 0.115024 0.115024 0.115024 0.115024
 0.020121 0.13173 0.13173 0.13173 0.13173
 0.0281783 0.18448 0.18448 0.18448 0.18448
Np
 29893.3 12732.1 5857.45 1574.02 986.919
YTP_r0W_actual
 45484.8 244759 179228 67421 19973.9
YTP_p0W_proyectada
 25309.6 335699 131138 88854.6 40148
 25309.6 132639 88706.2 30441.8 21181.5
CTP_r0_actual
 6891.63 10114 5366.12 1546.35 364.487
CTP_p0_proyectada
 3086.54 15541.6 4176.37 2215.83 902.203
 3086.54 6140.67 2825.04 759.148 475.99
Wmedp
 8.2 21.6 31.4 40.1 44.5
nmprior
 10.8 10.6 4.6 0
nm_flota  nm_reclas  nm_pelaces    nm_pelaL
inf 20.1424 16.0906 21.2437
cv_recla  cv_pelaces  cv_mph
1.05822 0.789504 1.07555
 ------------------------------------------------
Talla a la edad & desviaci?n 
 7.2 14.2025 17.0495 18.207 18.6776
 1.08 2.13037 2.55742 2.73105 2.80164
