years
 1997 1998 1999 2000 2001 2002 2003 2004 2005 2006 2007 2008 2009 2010 2011 2012 2013 2014 2015 2016 2017 2018 2019 2020 2021 2022 2023
reclasobs
 0 0 0 370054 412103 1.49427e+06 250295 1.28982e+06 931140 785840 897777 1.04006e+06 184774 17550 25797 100020 73551 82996 120727 218422 84188 347160 605670 569463 516374 1.08416e+06 1.01767e+06
reclaspred
 2.90787e+06 689177 1.47377e+06 600611 298492 1.07726e+06 4.2433e+06 3.14702e+06 3.63833e+06 3.24754e+06 4.51046e+06 4.56883e+06 3.32271e+06 2.08998e+06 1.32704e+06 751445 534747 509561 513606 604639 491374 555569 1.28015e+06 1.38301e+06 1.86334e+06 1.78811e+06 2.16667e+06
pelacesobs
 0 0 0 0 0 0 0 0 0 2.06254e+06 1.5e+06 0 1.87456e+06 323000 250000 174000 83755 137374 0 501740 490994 745055 786931 1.00524e+06 1.33801e+06 1.41789e+06 0
pelacespred
 2.38972e+06 876546 514722 477038 212691 430906 1.50992e+06 2.22992e+06 2.20543e+06 2.07376e+06 2.70006e+06 2.74615e+06 2.10517e+06 1.39511e+06 843766 483212 326018 281934 298684 323572 311310 309565 551206 776626 975098 1.04269e+06 1.17713e+06
mphobs
 0 0 0 0 0 0 112323 0 153150 637223 0 255016 313432 73983 77613 109348 50772 17779 17303 59886 28197 0 207744 136588 643089 65757 70829
mphpred
 1.91049e+06 1.50627e+06 883040 820393 364019 314256 2.62247e+06 2.7258e+06 3.63066e+06 2.9062e+06 3.49198e+06 4.5815e+06 3.32704e+06 2.35033e+06 1.39955e+06 776875 447312 408097 418457 506630 449956 415366 822554 1.12883e+06 1.43737e+06 1.46664e+06 1.51133e+06
desembarqueobs
 350755 77701 442110 56441 14545 235359 269955 359681 431902 328805 639364 411747 362871 311530 167758 66681 60226 58785 57116 73181 50977 67692 138656 160484 209506 203330 245020
desembarquepred
 330535 78469.3 167807 68387.1 33985.9 122285 483138 357720 414162 369384 512959 520148 378210 237964 151098 85555.8 60844.2 57990.3 58422.7 68835.7 55910.6 63163.8 145690 157322 212077 203480 246396
Reclutas
 203631 4457.33 606.078 424.146 1173.72 413561 8524.83 416869 75736.7 327199 486283 60599.4 110111 7714.52 2910.45 6089.31 29166 18364.3 46805.9 7479.34 26521.6 113717 79009 136777 56942.2 96053.5 270270
log_desv_Rt
 1.85375 -1.96801 -3.9633 -4.32023 -3.30238 2.56225 -1.31957 2.57021 0.864706 2.32801 2.72424 0.641729 1.23893 -1.41945 -2.39425 -1.65602 -0.0895529 -0.55215 0.383452 -1.45041 -0.184597 1.27116 0.907006 1.45579 0.579481 1.10235 2.13686
SSB
 1.91049e+06 1.50627e+06 883040 820393 364019 314256 2.55947e+06 2.704e+06 3.57234e+06 2.85972e+06 3.49198e+06 4.5815e+06 3.38134e+06 2.38875e+06 1.44568e+06 822230 488892 435371 428713 540557 460993 415366 842748 1.11076e+06 1.53348e+06 1.60306e+06 1.5608e+06
BT
 7.73051e+06 1.72189e+06 1.01315e+06 936207 419847 1.43575e+06 3.01474e+06 5.93988e+06 4.63309e+06 5.04683e+06 6.89097e+06 5.58468e+06 4.462e+06 2.75248e+06 1.66339e+06 960462 739066 621728 703633 657024 713803 769309 1.22721e+06 1.83504e+06 2.11201e+06 2.30916e+06 2.95111e+06
Ftot
 0.110803 0.110803 0.110803 0.110803 0.110803 0.110803 0.110803 0.110803 0.110803 0.110803 0.110803 0.110803 0.110803 0.110803 0.110803 0.110803 0.110803 0.110803 0.110803 0.110803 0.110803 0.110803 0.110803 0.110803 0.110803 0.110803 0.110803
BD_Bspro_t
 0.985782 0.914077 0.824056 0.740131 0.665666 0.735018 0.903739 0.84342 0.862375 0.813517 0.835941 0.839099 0.780988 0.744325 0.68549 0.634838 0.605762 0.685982 0.729934 0.791669 0.76713 0.792555 0.857179 0.843871 0.846572 0.813651 0.813483
BD_Bspro
 2.89979 2.28626 1.3403 1.24521 0.552517 0.476986 3.88484 4.10419 5.42219 4.34055 5.30022 6.95392 5.13228 3.62571 2.1943 1.248 0.742053 0.660818 0.650712 0.820471 0.699707 0.630454 1.27914 1.68593 2.32756 2.43317 2.36903
BD_Bo
 0.383989 0.302745 0.177482 0.16489 0.073164 0.0631622 0.514427 0.543475 0.718003 0.574773 0.701852 0.920833 0.679614 0.480114 0.290567 0.16526 0.0982622 0.0875051 0.0861668 0.108646 0.0926548 0.0834843 0.169384 0.22325 0.308214 0.322199 0.313705
BD_Brms
 1.87081 1.47499 0.864701 0.803354 0.356459 0.30773 2.50632 2.64784 3.49815 2.80032 3.41946 4.48635 3.31111 2.33914 1.41566 0.805154 0.478739 0.426329 0.419809 0.52933 0.451419 0.40674 0.825245 1.08769 1.50164 1.56977 1.52839
S_f
 0.5 1 1 1 1
 0.5 1 1 1 1
 0.5 1 1 1 1
 0.5 1 1 1 1
 0.5 1 1 1 1
 0.5 1 1 1 1
 0.5 1 1 1 1
 0.5 1 1 1 1
 0.5 1 1 1 1
 0.5 1 1 1 1
 0.5 1 1 1 1
 0.5 1 1 1 1
 0.5 1 1 1 1
 0.5 1 1 1 1
 0.5 1 1 1 1
 0.5 1 1 1 1
 0.5 1 1 1 1
 0.5 1 1 1 1
 0.5 1 1 1 1
 0.5 1 1 1 1
 0.5 1 1 1 1
 0.5 1 1 1 1
 0.5 1 1 1 1
 0.5 1 1 1 1
 0.5 1 1 1 1
 0.5 1 1 1 1
 0.5 1 1 1 1
Scru_reclas
 0.5 1 1 1 1
 0.5 1 1 1 1
 0.5 1 1 1 1
 0.5 1 1 1 1
 0.5 1 1 1 1
 0.5 1 1 1 1
 0.5 1 1 1 1
 0.5 1 1 1 1
 0.5 1 1 1 1
 0.5 1 1 1 1
 0.5 1 1 1 1
 0.5 1 1 1 1
 0.5 1 1 1 1
 0.5 1 1 1 1
 0.5 1 1 1 1
 0.5 1 1 1 1
 0.5 1 1 1 1
 0.5 1 1 1 1
 0.5 1 1 1 1
 0.5 1 1 1 1
 0.5 1 1 1 1
 0.5 1 1 1 1
 0.5 1 1 1 1
 0.5 1 1 1 1
 0.5 1 1 1 1
 0.5 1 1 1 1
 0.5 1 1 1 1
Scru_pelaces
 0.5 1 1 1 1
 0.5 1 1 1 1
 0.5 1 1 1 1
 0.5 1 1 1 1
 0.5 1 1 1 1
 0.5 1 1 1 1
 0.5 1 1 1 1
 0.5 1 1 1 1
 0.5 1 1 1 1
 0.5 1 1 1 1
 0.5 1 1 1 1
 0.5 1 1 1 1
 0.5 1 1 1 1
 0.5 1 1 1 1
 0.5 1 1 1 1
 0.5 1 1 1 1
 0.5 1 1 1 1
 0.5 1 1 1 1
 0.5 1 1 1 1
 0.5 1 1 1 1
 0.5 1 1 1 1
 0.5 1 1 1 1
 0.5 1 1 1 1
 0.5 1 1 1 1
 0.5 1 1 1 1
 0.5 1 1 1 1
 0.5 1 1 1 1
pf_obs 
 0.256992 0.487395 0.22802 0.0275931 0
 0.321318 0.546541 0.124235 0.00734118 0.000564706
 0.182869 0.594174 0.210203 0.0122559 0.00049798
 0.330522 0.361315 0.267642 0.0388342 0.00168674
 0.649043 0.306663 0.0425973 0.00169635 0
 0.582887 0.30429 0.105238 0.00758474 0
 0.465427 0.430635 0.0974691 0.00646863 0
 0.296916 0.608066 0.0921331 0.00288517 0
 0.311714 0.524322 0.152257 0.0117073 0
 0.15457 0.633149 0.183074 0.0267441 0.00246327
 0.131901 0.49318 0.331252 0.0422183 0.00144891
 0.196976 0.569456 0.194076 0.0375587 0.00193317
 0.518974 0.381816 0.0799577 0.0180837 0.00116848
 0.0928022 0.601141 0.25162 0.0475244 0.00691264
 0.122501 0.610282 0.24278 0.0234846 0.000952079
 0.383417 0.481906 0.127806 0.00687128 0
 0.0376549 0.599619 0.316969 0.0457579 0
 0.0361596 0.667082 0.258105 0.0386534 0
 0.158088 0.579412 0.248529 0.0139706 0
 0.0477256 0.309471 0.559284 0.082774 0.000745712
 0.0406174 0.521527 0.379366 0.0568643 0.0016247
 0.151134 0.462217 0.34131 0.0453401 0
 0.294876 0.26143 0.354403 0.0886775 0.000613685
 0.281977 0.475581 0.204845 0.0348837 0.00271318
 0.0841818 0.532909 0.334909 0.0458182 0.00218182
 0.115287 0.27431 0.454777 0.147771 0.00785563
 0 0 0 0 0
pf_pred 
 0.734658 0.133577 0.0663324 0.0329397 0.0324928
 0.0199051 0.834104 0.0734941 0.0364961 0.036001
 0.00592742 0.0399852 0.81197 0.0715439 0.0705733
 0.00918844 0.0120432 0.0393696 0.79947 0.139929
 0.0536122 0.0177706 0.0112872 0.0368983 0.880432
 0.975731 0.00254005 0.000408005 0.00025915 0.0210615
 0.0217229 0.966626 0.00121943 0.000195875 0.0102356
 0.700223 0.0131344 0.283229 0.000357301 0.00305651
 0.140922 0.711472 0.00646721 0.139458 0.00168091
 0.543614 0.115418 0.282383 0.00256683 0.056018
 0.535255 0.330346 0.0339889 0.0831577 0.0172524
 0.0872786 0.642415 0.192137 0.0197687 0.0584008
 0.24612 0.124244 0.443167 0.132545 0.0539248
 0.0298281 0.390511 0.0955313 0.340752 0.143377
 0.0239504 0.0582303 0.369438 0.0903762 0.458005
 0.099044 0.0434217 0.0511598 0.32458 0.481795
 0.491233 0.0940733 0.0199862 0.0235479 0.371159
 0.313684 0.456965 0.042408 0.00900973 0.177933
 0.574233 0.206656 0.14589 0.0135391 0.0596828
 0.113602 0.652094 0.113725 0.0802845 0.0402948
 0.447075 0.115646 0.321692 0.056103 0.0594844
 0.74508 0.159391 0.0199802 0.0555789 0.0199701
 0.393844 0.519948 0.0539022 0.00675683 0.0255488
 0.519472 0.275242 0.176091 0.018255 0.0109409
 0.238612 0.525722 0.134988 0.0863606 0.0143187
 0.419359 0.228031 0.243469 0.0625147 0.046626
 0.647367 0.211034 0.0556093 0.0593741 0.0266158
pobs_RECLAS
 0 0 0 0 0
 0 0 0 0 0
 0 0 0 0 0
 0 0 0 0 0
 0.835266 0.146461 0.0176864 0.000547809 3.91292e-05
 0.385257 0.428462 0.181853 0.0044286 0
 0.867414 0.0963971 0.0333333 0.00285562 0
 0.441836 0.489002 0.0689373 0.000224442 0
 0.779404 0.147425 0.0564933 0.0165055 0.000172143
 0.814271 0.122319 0.05973 0.00367925 0
 0.40263 0.566651 0.0304383 0.000280538 0
 0.475488 0.404961 0.113038 0.00651328 0
 0.955842 0.0263864 0.0167828 0.000988607 0
 0.975058 0.0227948 0.00214734 0 0
 0.738997 0.206755 0.0527124 0.00153531 0
 0.850938 0.134255 0.0134407 0.00136685 0
 0.542534 0.407297 0.0501686 0 0
 0.764087 0.199537 0.0359546 0.000420521 0
 0.470689 0.182191 0.310203 0.0369168 0
 0.84361 0.089868 0.0606195 0.00523954 0.000663233
 0.607945 0.314616 0.071237 0.00620181 0
 0.523733 0.453247 0.0230204 0 0
 0.530135 0.295979 0.169645 0.0042399 0
 0.562478 0.366248 0.0663022 0.0049721 0
 0.250443 0.683176 0.0655157 0.000865301 0
 0.195077 0.31981 0.436473 0.0351445 0.0134964
 0.565238 0.351407 0.0832357 0.000118908 0
ppred_RECLAS
 0.735355 0.133226 0.0661582 0.0328532 0.0324075
 0.019975 0.834044 0.0734888 0.0364935 0.0359984
 0.00594854 0.0399843 0.811953 0.0715423 0.0705718
 0.00922108 0.0120428 0.0393683 0.799443 0.139925
 0.0537941 0.0177672 0.0112851 0.0368912 0.880262
 0.975816 0.0025312 0.000406583 0.000258247 0.0209881
 0.021799 0.966551 0.00121933 0.00019586 0.0102348
 0.700974 0.0131015 0.282519 0.000356407 0.00304885
 0.141355 0.711113 0.00646394 0.139388 0.00168007
 0.544502 0.115193 0.281834 0.00256184 0.0559091
 0.536145 0.329714 0.0339238 0.0829985 0.0172194
 0.0875641 0.642214 0.192077 0.0197625 0.0583825
 0.246785 0.124134 0.442776 0.132428 0.0538773
 0.0299319 0.390469 0.0955211 0.340716 0.143362
 0.0240342 0.0582253 0.369407 0.0903684 0.457965
 0.0993638 0.0434063 0.0511416 0.324465 0.481624
 0.492128 0.0939079 0.0199511 0.0235065 0.370507
 0.314455 0.456452 0.0423603 0.00899961 0.177733
 0.575107 0.206231 0.14559 0.0135112 0.0595602
 0.113963 0.651828 0.113679 0.0802519 0.0402784
 0.447959 0.115461 0.321177 0.0560132 0.0593892
 0.745759 0.158966 0.019927 0.0554308 0.0199169
 0.394698 0.519215 0.0538262 0.0067473 0.0255128
 0.520365 0.27473 0.175763 0.0182211 0.0109206
 0.239262 0.525272 0.134872 0.0862867 0.0143064
 0.420231 0.227689 0.243104 0.0624208 0.046556
 0.648183 0.210546 0.0554805 0.0592366 0.0265542
pobs_PELACES
 0 0 0 0 0
 0 0 0 0 0
 0 0 0 0 0
 0 0 0 0 0
 0 0 0 0 0
 0 0 0 0 0
 0 0 0 0 0
 0 0 0 0 0
 0 0 0 0 0
 0 0 0 0 0
 0.450072 0.473896 0.0757376 0.000293798 0
 0 0 0 0 0
 0.463077 0.371075 0.160297 0.00555027 0
 0.529543 0.364841 0.0842815 0.0213345 0
 0.631943 0.363953 0.00410389 0 0
 0.735681 0.248677 0.0153453 0.000297389 0
 0.695825 0.281241 0.0229344 0 0
 0.275771 0.60734 0.115278 0.00161068 0
 0 0 0 0 0
 0.896147 0.0623911 0.0374545 0.00400742 0
 0.803859 0.145111 0.0509908 3.86294e-05 0
 0.739449 0.233085 0.0266225 0.000797448 4.60066e-05
 0.878498 0.100942 0.0204185 0.000141795 0
 0.694673 0.275183 0.0284847 0.00165964 0
 0.469039 0.446079 0.0841089 0.000773354 0
 0.822795 0.102175 0.0682046 0.00682512 0
 0 0 0 0 0
ppred_PELACES
 0.738898 0.131443 0.0652726 0.0324134 0.0319737
 0.0203361 0.833737 0.0734618 0.03648 0.0359851
 0.00605763 0.0399799 0.811864 0.0715345 0.070564
 0.00938961 0.0120408 0.0393616 0.799307 0.139901
 0.0547323 0.0177496 0.0112739 0.0368546 0.87939
 0.976244 0.00248643 0.000399392 0.000253679 0.0206169
 0.0221923 0.966162 0.00121884 0.000195781 0.0102307
 0.704792 0.0129342 0.278912 0.000351856 0.00300992
 0.143589 0.709263 0.00644713 0.139025 0.0016757
 0.549033 0.114048 0.27903 0.00253636 0.055353
 0.540688 0.326484 0.0335915 0.0821855 0.0170507
 0.0890359 0.641178 0.191767 0.0197306 0.0582883
 0.250199 0.123571 0.440769 0.131827 0.053633
 0.0304673 0.390254 0.0954683 0.340528 0.143282
 0.0244668 0.0581995 0.369243 0.0903284 0.457762
 0.101012 0.0433269 0.051048 0.323871 0.480742
 0.496698 0.0930629 0.0197716 0.023295 0.367173
 0.31841 0.453819 0.042116 0.00894769 0.176708
 0.579569 0.204066 0.144061 0.0133694 0.0589348
 0.115822 0.650461 0.11344 0.0800835 0.0401938
 0.452485 0.114514 0.318544 0.055554 0.0589024
 0.74921 0.156809 0.0196565 0.0546784 0.0196465
 0.399075 0.515461 0.0534371 0.00669852 0.0253284
 0.524926 0.272117 0.174092 0.0180478 0.0108167
 0.242606 0.522964 0.134279 0.0859075 0.0142435
 0.424691 0.225937 0.241233 0.0619406 0.0461978
 0.652341 0.208057 0.0548248 0.0585365 0.0262403
pobs_pel_tallas
 0 0 0 0 0 0 0 0 0 0 0 0 0 0 0 0 0 0 0 0 0 0 0 0 0 0 0 0 0 0 0 0 0 0 0 0
 0 0 0 0 0 0 0 0 0 0 0 0 0 0 0 0 0 0 0 0 0 0 0 0 0 0 0 0 0 0 0 0 0 0 0 0
 0 0 0 0 0 0 0 0 0 0 0 0 0 0 0 0 0 0 0 0 0 0 0 0 0 0 0 0 0 0 0 0 0 0 0 0
 0 0 0 0 0 0 0 0 0 0 0 0 0 0 0 0 0 0 0 0 0 0 0 0 0 0 0 0 0 0 0 0 0 0 0 0
 0 0 0 0 0 0 0 0 0 0 0 0 0 0 0 0 0 0 0 0 0 0 0 0 0 0 0 0 0 0 0 0 0 0 0 0
 0 0 0 0 0 0 0 0 0 0 0 0 0 0 0 0 0 0 0 0 0 0 0 0 0 0 0 0 0 0 0 0 0 0 0 0
 0 0 0 0 0 0 0 0 0 0 0 0 0 0 0 0 0 0 0 0 0 0 0 0 0 0 0 0 0 0 0 0 0 0 0 0
 0 0 0 0 0 0 0 0 0 0 0 0 0 0 0 0 0 0 0 0 0 0 0 0 0 0 0 0 0 0 0 0 0 0 0 0
 0 0 0 0 0 0 0 0 0 0 0 0 0 0 0 0 0 0 0 0 0 0 0 0 0 0 0 0 0 0 0 0 0 0 0 0
 0 0 0 0 0 0 0 0 0 0 0 0 0 0 0 0 0 0 0 0 0 0 0 0 0 0 0 0 0 0 0 0 0 0 0 0
 0 0 0 0 0 0 0 0 1.78061e-05 0.00172719 0.00360574 0.0105946 0.0120993 0.0124554 0.0147524 0.0171206 0.0266825 0.0428682 0.0675386 0.121331 0.153587 0.119568 0.100827 0.0573624 0.0630603 0.0341343 0.0324427 0.0444173 0.0211091 0.0280891 0.0125444 0.00206551 0 0 0 0
 0 0 0 0 0 0 0 0 0 0 0 0 0 0 0 0 0 0 0 0 0 0 0 0 0 0 0 0 0 0 0 0 0 0 0 0
 0 0 0 0 0 0 0.0133647 0.0140871 0.0187388 0.0205184 0.03894 0.0496705 0.03968 0.0493445 0.0407372 0.0367815 0.0215668 0.0243155 0.0234873 0.0199281 0.019796 0.0243948 0.0301388 0.0376714 0.0412746 0.0863199 0.0771752 0.113111 0.0741005 0.0525337 0.0229764 0.00759418 0.00175318 0 0 0
 0 0 0 0 0 0 0 0 0 0 0.00219441 0.00772107 0.0458388 0.0604681 0.0671733 0.0775358 0.0609151 0.0617685 0.073594 0.0568108 0.0755445 0.0548602 0.0670107 0.0636378 0.0643287 0.046367 0.0373049 0.0286899 0.0247887 0.0153202 0.00654259 0.00121912 0.000365735 0 0 0
 0 0 0 0 0 0 0 0 0 0 0 0 0.000112435 0.00938835 0.0111873 0.0202946 0.0414886 0.0713402 0.111592 0.104902 0.108894 0.110636 0.117776 0.105296 0.107544 0.0401394 0.0192827 0.0124803 0.00416011 0.0028671 0.000618394 0 0 0 0 0
 0 0 0 0 0 0 0 0 0 0 0.00291406 0.0102884 0.027416 0.0768956 0.0749926 0.110853 0.0956884 0.0897413 0.0766577 0.0534642 0.0500743 0.0551293 0.0594112 0.0620874 0.0668451 0.0424026 0.0208742 0.0120726 0.0048766 0.00582813 0.00118941 0.000297354 0 0 0 0
 0 0.00264628 0.0354308 0.0461629 0.0458689 0.0383711 0.0214643 0.0164657 0.0346957 0.0420465 0.0363128 0.0245516 0.0311673 0.0291091 0.0169068 0.0133784 0.00837989 0.0085269 0.0148486 0.0160247 0.0276389 0.0546898 0.0760071 0.122758 0.109233 0.0665981 0.0333725 0.0166128 0.00676272 0.00308733 0.000882094 0 0 0 0 0
 0 0 0 0 0 0 0 0.000805153 0.000690131 0.00759144 0.0133425 0.0154129 0.00931677 0.000345066 0.00356568 0.00563607 0.00851162 0.0253048 0.0502646 0.0516448 0.0657925 0.0565908 0.0611916 0.0827007 0.0866115 0.110766 0.145733 0.0935128 0.0569358 0.0249597 0.0138026 0.00621118 0.00161031 0.00115022 0 0
 0 0 0 0 0 0 0 0 0 0 0 0 0 0 0 0 0 0 0 0 0 0 0 0 0 0 0 0 0 0 0 0 0 0 0 0
 0.00147267 0.00158595 0.00478618 0.00569244 0.00954404 0.0108468 0.00647125 0.017049 0.0510054 0.094081 0.124002 0.0959785 0.0687766 0.0820023 0.061753 0.0591476 0.0492212 0.0479892 0.0443925 0.0268479 0.0217502 0.0140895 0.0121071 0.0120363 0.00920419 0.00665534 0.0049561 0.00860946 0.00930331 0.0156896 0.0114698 0.00855282 0.00243557 0.00046729 0 2.83206e-05
 0 0 0 0 0.000772559 0.00158375 0.000888443 0.00281984 0.00712685 0.0440552 0.0773331 0.111326 0.0921469 0.0852325 0.0710754 0.0886704 0.0786465 0.0553345 0.0373146 0.0185414 0.00753245 0.00457741 0.012979 0.0271748 0.0457355 0.0583668 0.034881 0.0177882 0.00938659 0.00492506 0.0015258 0.00185414 0.000309023 5.79419e-05 3.86279e-05 0
 0 0.00173294 0.00326652 0 0.00397197 0.00683976 0.00946217 0.0152591 0.00757587 0.0136028 0.0228656 0.0392903 0.0559909 0.0764795 0.0681675 0.0726916 0.0566044 0.0477403 0.0527397 0.0444891 0.0609904 0.0582453 0.0661739 0.0445044 0.0529084 0.0360697 0.0280645 0.0235558 0.0158879 0.00826598 0.00280645 0.00217768 0.000904811 0.00058276 9.20147e-05 0
 0 0 0 0 0 0 0 0 0 0 0 0 0 0 0 0 0 0 0 0 0 0 0 0 0 0 0 0 0 0 0 0 0 0 0 0
 0 0 0 0 0 0 0 0 0 0 0 0 0 0 0 0 0 0 0 0 0 0 0 0 0 0 0 0 0 0 0 0 0 0 0 0
 0 0 0 0 0 0 0 0 0 0 0 0 0 0 0 0 0 0 0 0 0 0 0 0 0 0 0 0 0 0 0 0 0 0 0 0
 0 0 0 0 0 0 0 0 0 0 0 0 0 0 0 0 0 0 0 0 0 0 0 0 0 0 0 0 0 0 0 0 0 0 0 0
 0 0 0 0 0 0 0 0 0 0 0 0 0 0 0 0 0 0 0 0 0 0 0 0 0 0 0 0 0 0 0 0 0 0 0 0
ppred_pel_tallas
 1.03578e-16 3.22374e-05 0.000189211 0.000899432 0.00346288 0.0107987 0.0272765 0.0558111 0.0925121 0.124238 0.135188 0.119226 0.0853042 0.0497003 0.0239652 0.010296 0.00516423 0.00442388 0.00554357 0.0074284 0.00965412 0.0119858 0.0142124 0.0161327 0.0175858 0.0184809 0.0188095 0.0186342 0.0180603 0.0172018 0.0161541 0.014981 0.0137174 0.012381 0.0109877 0.00956103
 1.0425e-16 9.3324e-07 5.36352e-06 2.52562e-05 9.6836e-05 0.000301623 0.000762808 0.00156741 0.00262314 0.00359837 0.00411494 0.00410348 0.00397101 0.00440285 0.00603303 0.00929271 0.0144476 0.0216357 0.0308009 0.0415703 0.0531758 0.0644886 0.0741837 0.0810047 0.0840514 0.0829958 0.0781573 0.0704015 0.060912 0.0509065 0.041393 0.0330289 0.0260994 0.0205889 0.0162982 0.01296
 1.17293e-16 2.80258e-07 1.59852e-06 7.50892e-06 2.87614e-05 8.95147e-05 0.000226126 0.000463686 0.000772841 0.001051 0.00117847 0.00112287 0.000988316 0.000958001 0.00120243 0.00184796 0.0030103 0.00483447 0.0075026 0.0112112 0.0161327 0.0223702 0.0299114 0.0385896 0.0480589 0.0577951 0.0671292 0.0753143 0.0816203 0.0854409 0.086391 0.0843727 0.0795952 0.0725388 0.0638763 0.0543652
 1.34565e-16 4.2134e-07 2.43706e-06 1.15179e-05 4.42361e-05 0.000137811 0.000348053 0.000712618 0.00118336 0.00159586 0.00175427 0.00158965 0.00123152 0.000912896 0.000821997 0.00104904 0.0016381 0.00265665 0.00422539 0.00651237 0.0097118 0.0140171 0.0195878 0.0265106 0.0347567 0.0441443 0.0543147 0.0647333 0.0747221 0.0835251 0.0903996 0.0947198 0.0960719 0.0943175 0.0896207 0.0824189
 1.42523e-16 2.39801e-06 1.40431e-05 6.66971e-05 0.000256695 0.000800362 0.0020216 0.00413677 0.00685871 0.00921596 0.0100418 0.00888871 0.00643167 0.00389644 0.00217046 0.00146474 0.00158782 0.00232872 0.00362543 0.00555138 0.00825301 0.011901 0.0166563 0.0226378 0.0298881 0.0383358 0.0477649 0.0577962 0.0678938 0.0774 0.0856002 0.09181 0.0954704 0.0962319 0.0940076 0.0889925
 1.00979e-16 4.25815e-05 0.000249952 0.00118823 0.00457486 0.0142664 0.0360355 0.0737316 0.122211 0.164106 0.178525 0.157342 0.112347 0.0649943 0.0304724 0.011598 0.00362011 0.000989807 0.000336354 0.000257307 0.00032157 0.000428149 0.000558618 0.000709849 0.000880308 0.00106765 0.00126791 0.00147483 0.0016794 0.00186987 0.00203264 0.00215384 0.0022214 0.00222719 0.00216852 0.0020489
 1.00817e-16 1.01946e-06 5.85775e-06 2.75793e-05 0.000105736 0.000329344 0.000832982 0.00171195 0.0028663 0.00393564 0.00451018 0.00451916 0.00441448 0.00495482 0.00684514 0.0105684 0.0164213 0.0245475 0.0348569 0.0468856 0.0597097 0.0719918 0.0821799 0.088821 0.0909022 0.088104 0.0808861 0.0703636 0.0580296 0.0454101 0.0337652 0.0239119 0.0161906 0.0105477 0.00667764 0.00416924
 1.04117e-16 3.07461e-05 0.000180465 0.000857873 0.0033029 0.0102998 0.0260163 0.0532318 0.088234 0.118485 0.128906 0.113636 0.0811963 0.04709 0.0223063 0.00891132 0.00351943 0.00217885 0.00251712 0.00358252 0.00511378 0.00706401 0.00940788 0.0120812 0.0149644 0.0178835 0.0206221 0.0229455 0.0246319 0.0255069 0.0254732 0.0245288 0.022769 0.0203707 0.017563 0.0145908
 1.05178e-16 6.30237e-06 3.68971e-05 0.000175197 0.000674191 0.00210212 0.00531053 0.0108714 0.0180409 0.0242899 0.0265942 0.0238432 0.0179081 0.0121465 0.00906181 0.00938412 0.0127237 0.0184793 0.026167 0.0352902 0.0451443 0.054764 0.0630325 0.068896 0.0716066 0.0709012 0.067062 0.060826 0.0531874 0.045155 0.0375465 0.0308746 0.0253348 0.0208752 0.0173028 0.0143856
 1.06672e-16 2.39583e-05 0.000140605 0.000668356 0.00257317 0.00802416 0.0202684 0.0414719 0.0687448 0.0923242 0.100472 0.0886345 0.0634729 0.037097 0.018112 0.00818152 0.0047244 0.00470839 0.00630517 0.00875113 0.0117693 0.0152009 0.0188723 0.0225763 0.0260913 0.0292063 0.0317407 0.0335535 0.0345469 0.0346668 0.033905 0.0323042 0.0299621 0.0270292 0.0236974 0.0201797
 1.04204e-16 2.36024e-05 0.000138498 0.000658297 0.00253438 0.00790314 0.0199629 0.0408484 0.0677169 0.0909606 0.0990321 0.08747 0.062868 0.0372032 0.0190143 0.0100107 0.00770906 0.00914339 0.0124628 0.0167694 0.0215425 0.0263003 0.0305274 0.0337374 0.0355749 0.0358962 0.0347961 0.0325695 0.0296247 0.0263783 0.0231671 0.0202013 0.0175632 0.0152395 0.0131686 0.0112831
 1.06333e-16 3.92135e-06 2.29234e-05 0.000108775 0.00041847 0.00130467 0.00329619 0.0067495 0.0112072 0.0151091 0.0165949 0.0150025 0.011535 0.00833862 0.00705298 0.00823613 0.0117561 0.017329 0.0246915 0.0334877 0.0431292 0.0527664 0.0613879 0.0680102 0.071892 0.0726988 0.0705645 0.0660265 0.0598663 0.0529112 0.0458642 0.039208 0.033191 0.027877 0.0232209 0.0191405
 1.13333e-16 1.09283e-05 6.41069e-05 0.00030467 0.00117289 0.00365741 0.00923839 0.0189039 0.0313391 0.0420991 0.0458427 0.0405097 0.0291592 0.0173475 0.00905037 0.00509845 0.00440403 0.00568271 0.00819522 0.0116676 0.0160105 0.0211366 0.0268914 0.0330428 0.039296 0.0453151 0.050747 0.0552452 0.0584949 0.0602424 0.0603267 0.0587085 0.0554886 0.0509037 0.0453026 0.0391002
 1.19879e-16 1.35647e-06 7.89049e-06 3.73632e-05 0.000143609 0.000447601 0.00113101 0.00231745 0.00385398 0.00521386 0.00577416 0.00533231 0.00433937 0.00358922 0.00372507 0.0050406 0.00760398 0.0114238 0.016483 0.0226756 0.0297418 0.0372587 0.0446944 0.0515072 0.0572574 0.061688 0.064749 0.0665542 0.067295 0.0671449 0.0661951 0.0644404 0.0618162 0.0582606 0.0537783 0.0484777
 1.29754e-16 1.08171e-06 6.30708e-06 2.99013e-05 0.000114991 0.000358434 0.000905393 0.00185343 0.00307596 0.00414235 0.00453799 0.00407524 0.00307685 0.00212391 0.00166196 0.00185225 0.00269379 0.00419013 0.00641516 0.00949292 0.0135524 0.0186879 0.0249288 0.0322146 0.040377 0.0491291 0.0580661 0.0666835 0.0744143 0.0806858 0.084989 0.0869487 0.0863818 0.0833271 0.0780414 0.0709644
 1.34331e-16 4.41766e-06 2.58964e-05 0.00012304 0.000473616 0.00147681 0.00373027 0.00763309 0.0126548 0.0170014 0.018518 0.016375 0.0118118 0.00707935 0.00379598 0.00231912 0.00224473 0.00310744 0.00468497 0.00696927 0.0100527 0.0140481 0.0190457 0.0250863 0.0321364 0.0400632 0.0486147 0.0574098 0.0659491 0.0736505 0.07991 0.0841799 0.0860514 0.0853196 0.0820211 0.0764326
 1.18268e-16 2.1674e-05 0.0001272 0.000604637 0.00232786 0.00725918 0.0183361 0.037518 0.0621901 0.0835193 0.090885 0.0801655 0.0573822 0.0334841 0.0162469 0.00716354 0.00388559 0.00365783 0.00482018 0.00668804 0.00903626 0.0117721 0.0148176 0.018091 0.021514 0.0250182 0.0285393 0.0320006 0.0352925 0.0382598 0.0407042 0.0424075 0.0431685 0.0428454 0.041389 0.0388612
 1.0931e-16 1.39149e-05 8.1613e-05 0.000387835 0.00149299 0.00465557 0.01176 0.0240656 0.0399031 0.053624 0.0584463 0.0517747 0.0375438 0.0228834 0.0129244 0.00879453 0.00915262 0.0123409 0.0172867 0.0233702 0.0300665 0.0367613 0.0427582 0.0473966 0.0501974 0.0509737 0.0498655 0.0472826 0.0437811 0.0399151 0.0361154 0.0326264 0.0295098 0.0266972 0.0240625 0.0214882
 1.05325e-16 2.5293e-05 0.000148434 0.000705559 0.00271639 0.00847076 0.0213965 0.0437808 0.0725741 0.0974728 0.10609 0.0936281 0.0671289 0.0393937 0.0195271 0.00930671 0.00602197 0.00646829 0.00868219 0.0117856 0.015375 0.019146 0.022778 0.0259512 0.0284008 0.0299661 0.0306119 0.0304142 0.0295212 0.0281032 0.026313 0.0242652 0.0220383 0.0196885 0.0172679 0.0148361
 1.06452e-16 5.08948e-06 2.97811e-05 0.000141377 0.000543994 0.00169611 0.00428495 0.0087726 0.0145607 0.0196123 0.0214944 0.019322 0.0146221 0.0101297 0.00790098 0.00856973 0.01187 0.0173591 0.02467 0.0333938 0.042913 0.0523593 0.0607109 0.0669862 0.0704617 0.0708373 0.0682953 0.0634266 0.0570618 0.0500614 0.0431391 0.0367622 0.0311423 0.0262912 0.0221089 0.0184641
 1.09221e-16 1.97484e-05 0.00011589 0.000550853 0.00212076 0.00661333 0.0167047 0.0341805 0.0566594 0.0760966 0.0828205 0.0730831 0.0523805 0.0307046 0.0151634 0.00715003 0.00456406 0.0049366 0.00679067 0.00952182 0.0129165 0.016844 0.0211437 0.025608 0.0299996 0.0340733 0.0375965 0.040362 0.0421982 0.042979 0.0426364 0.0411743 0.0386788 0.0353171 0.0313235 0.0269723
 1.03128e-16 3.2688e-05 0.000191854 0.000911994 0.00351123 0.0109495 0.0276574 0.0565907 0.0938049 0.125976 0.137083 0.120908 0.0865302 0.0504597 0.0244146 0.0106286 0.00552825 0.00490865 0.00619399 0.00825419 0.0106284 0.0130405 0.0152387 0.016991 0.0181261 0.018569 0.0183544 0.0176071 0.0165025 0.0152174 0.0138911 0.0126055 0.0113876 0.0102267 0.00909767 0.00798084
 1.02341e-16 1.74351e-05 0.000102273 0.000486041 0.00187108 0.00583463 0.0147383 0.0301599 0.050006 0.0671951 0.0732228 0.0648286 0.0469316 0.0284489 0.0157855 0.0103221 0.010341 0.0137295 0.0191169 0.025716 0.0328793 0.0398671 0.0458506 0.0500495 0.0519045 0.0512108 0.0481645 0.0433016 0.0373565 0.031087 0.0251231 0.0198792 0.015539 0.012099 0.00943945 0.0073952
 1.03686e-16 2.29133e-05 0.000134457 0.000639092 0.00246045 0.0076726 0.0193806 0.0396565 0.0657401 0.0883023 0.0961304 0.0848893 0.0609749 0.0360069 0.0182662 0.00940325 0.00700333 0.00819289 0.0111972 0.0151861 0.0197142 0.0243835 0.0287571 0.0324006 0.034963 0.0362449 0.036229 0.0350611 0.0329947 0.0303192 0.0272995 0.0241412 0.0209853 0.0179223 0.0150143 0.0123109
 1.05694e-16 1.06128e-05 6.22192e-05 0.000295617 0.0011379 0.00354822 0.00896304 0.0183434 0.0304206 0.0408978 0.0446203 0.0396327 0.0289694 0.0181162 0.0110551 0.00873145 0.0102104 0.0142946 0.0201833 0.0273438 0.0352244 0.0431187 0.0502038 0.055683 0.0589564 0.0597537 0.0581833 0.0546773 0.0498616 0.0443943 0.0388296 0.0335411 0.0287153 0.0243939 0.0205384 0.0170885
 1.07785e-16 1.85408e-05 0.00010879 0.00051708 0.00199069 0.00620767 0.0156802 0.032085 0.0531892 0.071446 0.0777854 0.0687026 0.0493773 0.0292183 0.0149372 0.00788683 0.00613731 0.00739372 0.0102552 0.0140875 0.0185651 0.0233925 0.0282263 0.0327024 0.0364944 0.0393675 0.0412041 0.0419969 0.0418169 0.0407724 0.0389779 0.0365407 0.0335666 0.0301715 0.0264926 0.0226875
 1.04084e-16 2.84662e-05 0.000167064 0.000794126 0.00305739 0.00953417 0.0240826 0.0492767 0.0816835 0.109704 0.119395 0.105351 0.0754915 0.044215 0.021754 0.0100895 0.00614695 0.00629441 0.00829938 0.0111586 0.0144157 0.0177415 0.0208069 0.0232991 0.0249799 0.0257353 0.0255934 0.0247023 0.0232799 0.0215523 0.0197035 0.0178505 0.0160444 0.0142912 0.0125792 0.0109011
pSPR Fmed_Fpbrs
0.37029   0.255252 0.255252
Fs Fmed_Fpbrs
0.64   1.005 1.005
SSBpbr Bo_Bmed_Bpbrs
4.97538e+06  1.59356e+06  1.02121e+06 1.02121e+06
Ro
31898.4
SPR SPRFo_SPRFmed_SPRFpbrs
658837 243961 168170
log_Ro
10.1903
likeval ReclasPelacesDesembMPH_pf_preclas_ppelaces_ptallas_desvR_qrecl_qpela
 0.00431101 49.6989 13767.2 246.57 590.019 455.287 96.8511 0 148.33 0 0 0 0 0 0
q_reclas_q_pelaces
1 1
M
0.7
N
 203631 18964.3 9417.37 4676.53 4613.09
 4457.33 95670.1 8429.63 4186.03 4129.24
 606.078 2094.15 42525.5 3746.98 3696.15
 424.146 284.749 930.851 18902.6 3308.48
 1173.72 199.273 126.571 413.764 9872.85
 413561 551.44 88.577 56.2609 4572.41
 8524.83 194300 245.115 39.3726 2057.45
 416869 4005.15 86366.6 108.954 932.038
 75736.7 195854 1780.29 38390 462.722
 327199 35582.7 87057.3 791.342 17270.1
 486283 153725 15816.6 38697 8028.32
 60599.4 228467 68330.9 7030.48 20769.5
 110111 28470.9 101554 30373.2 12357.1
 7714.52 51732.4 12655.4 45140.7 18993.6
 2910.45 3624.45 22995.1 5625.32 28507.8
 6089.31 1367.39 1611.07 10221.3 15172.2
 29166 2860.89 607.807 716.122 11287.4
 18364.3 13702.8 1271.67 270.171 5335.6
 46805.9 8627.93 6090.92 565.258 2491.77
 7479.34 21990.4 3835.12 2707.42 1358.85
 26521.6 3513.96 9774.76 1704.72 1807.46
 113717 12460.4 1561.96 4344.89 1561.17
 79009 53426.8 5538.67 694.291 2625.25
 136777 37120.2 23748.3 2461.95 1475.54
 56942.2 64260.6 16500 10556.1 1750.22
 96053.5 26752.7 28563.9 7334.24 5470.18
 270270 45128 11891.6 12696.7 5691.58
pred_Ctot
 7917.88 1439.65 714.908 355.013 350.196
 173.317 7262.67 639.924 317.777 313.466
 23.5665 158.975 3228.26 284.447 280.588
 16.4923 21.6163 70.6643 1434.97 251.159
 45.6384 15.1275 9.60847 31.4104 749.484
 16080.7 41.8618 6.72421 4.27098 347.108
 331.476 14750 18.6076 2.98892 156.188
 16209.3 304.046 6556.41 8.2711 70.7545
 2944.91 14868 135.149 2914.33 35.1269
 12722.6 2701.22 6608.84 60.0737 1311.04
 18908.4 11669.8 1200.69 2937.63 609.459
 2356.32 17343.7 5187.25 533.709 1576.69
 4281.49 2161.33 7709.31 2305.74 938.073
 299.968 3927.2 960.715 3426.79 1441.88
 113.169 275.145 1745.64 427.039 2164.13
 236.774 103.804 122.302 775.94 1151.78
 1134.08 217.181 46.1409 54.3635 856.872
 714.068 1040.23 96.5371 20.5097 405.045
 1819.98 654.978 462.384 42.9108 189.159
 290.823 1669.37 291.138 205.53 103.155
 1031.25 266.757 742.038 129.411 137.211
 4421.73 945.917 118.574 329.837 118.514
 3072.15 4055.82 420.461 52.7062 199.292
 5318.36 2817.93 1802.82 186.895 112.014
 2214.12 4878.26 1252.57 801.354 132.865
 3734.9 2030.9 2168.39 556.769 415.261
 10509.1 3425.84 902.735 963.852 432.069
F
 0.0554016 0.110803 0.110803 0.110803 0.110803
 0.0554016 0.110803 0.110803 0.110803 0.110803
 0.0554016 0.110803 0.110803 0.110803 0.110803
 0.0554016 0.110803 0.110803 0.110803 0.110803
 0.0554016 0.110803 0.110803 0.110803 0.110803
 0.0554016 0.110803 0.110803 0.110803 0.110803
 0.0554016 0.110803 0.110803 0.110803 0.110803
 0.0554016 0.110803 0.110803 0.110803 0.110803
 0.0554016 0.110803 0.110803 0.110803 0.110803
 0.0554016 0.110803 0.110803 0.110803 0.110803
 0.0554016 0.110803 0.110803 0.110803 0.110803
 0.0554016 0.110803 0.110803 0.110803 0.110803
 0.0554016 0.110803 0.110803 0.110803 0.110803
 0.0554016 0.110803 0.110803 0.110803 0.110803
 0.0554016 0.110803 0.110803 0.110803 0.110803
 0.0554016 0.110803 0.110803 0.110803 0.110803
 0.0554016 0.110803 0.110803 0.110803 0.110803
 0.0554016 0.110803 0.110803 0.110803 0.110803
 0.0554016 0.110803 0.110803 0.110803 0.110803
 0.0554016 0.110803 0.110803 0.110803 0.110803
 0.0554016 0.110803 0.110803 0.110803 0.110803
 0.0554016 0.110803 0.110803 0.110803 0.110803
 0.0554016 0.110803 0.110803 0.110803 0.110803
 0.0554016 0.110803 0.110803 0.110803 0.110803
 0.0554016 0.110803 0.110803 0.110803 0.110803
 0.0554016 0.110803 0.110803 0.110803 0.110803
 0.0554016 0.110803 0.110803 0.110803 0.110803
Np
 35824.9 10763.3 23081.2 3646.26 1135.47
YTP_r0W_actual
 647867 470128 180088 245556 122154
YTP_p0W_proyectada
 85876.3 1.32282e+06 303784 102229 174967
 85876.3 112128 349546 70519.2 24369.7
CTP_r0_actual
 79008.2 21765.2 5735.3 6123.59 2745.04
CTP_p0_proyectada
 10472.7 61241.6 9674.64 2549.35 3931.85
 10472.7 5191.12 11132 1758.58 547.634
Wmedp
 8.2 21.6 31.4 40.1 44.5
nmprior
 10.8 10.6 4.6 0
nm_flota  nm_reclas  nm_pelaces    nm_pelaL
inf 1.93167 3.71031 6.26864
cv_recla  cv_pelaces  cv_mph
1.89539 0.772261 2.09834
 ------------------------------------------------
Talla a la edad & desviaci?n 
 7.2 14.2025 17.0495 18.207 18.6776
 1.08 2.13037 2.55742 2.73105 2.80164
