    unsorted:	 1.026461108e-06 0.007915332595 0.002399445970 1.641245427 8.756628004 14.86717574 16.66882931 19.06035604 34.47178402 41.20182070 59.20667861 71.47899887 137.5060562 147.0971462 203.9591476 207.6750645 290.8365892 357.6550616 409.8196545 465.6281169 524.4728611 630.0461498 683.6025982 723.4136188 769.5232264 877.5640786 1006.406156 1165.102881 1296.798022 1462.564319 1734.509575 1827.131574 2068.127839 2283.905589 2419.567894 2617.251962 2753.550229 3009.103540 3602.590786 4082.307679 4313.815229 4608.141727 19392.40149 188799.4663 428780.4715 406304.2433 398805.2622 356585.5366 354004.7730 453329.8704 274749.4624 500591.3495 529717.0881 606349.2259 648983.1931 694602.8559 830013.6782 925410.7426 1050395.066 1176038.282 1270047.438 1489612.016 1780321.037 1871361.492 2103697.433 2229113.628 2407463.682 2455103.866 2629688.022 32869702.19
      sorted:	 1.026461108e-06 0.002399445970 0.007915332595 1.641245427 8.756628004 14.86717574 16.66882931 19.06035604 34.47178402 41.20182070 59.20667861 71.47899887 137.5060562 147.0971462 203.9591476 207.6750645 290.8365892 357.6550616 409.8196545 465.6281169 524.4728611 630.0461498 683.6025982 723.4136188 769.5232264 877.5640786 1006.406156 1165.102881 1296.798022 1462.564319 1734.509575 1827.131574 2068.127839 2283.905589 2419.567894 2617.251962 2753.550229 3009.103540 3602.590786 4082.307679 4313.815229 4608.141727 19392.40149 188799.4663 274749.4624 354004.7730 356585.5366 398805.2622 406304.2433 428780.4715 453329.8704 500591.3495 529717.0881 606349.2259 648983.1931 694602.8559 830013.6782 925410.7426 1050395.066 1176038.282 1270047.438 1489612.016 1780321.037 1871361.492 2103697.433 2229113.628 2407463.682 2455103.866 2629688.022 32869702.19
