years
 1997 1998 1999 2000 2001 2002 2003 2004 2005 2006 2007 2008 2009 2010 2011 2012 2013 2014 2015 2016 2017 2018 2019 2020 2021 2022
reclasobs
 0 0 0 370054 412103 1.49427e+06 250295 1.28982e+06 931140 785840 897777 1.04006e+06 184774 17550 25797 100020 73551 82996 120727 218422 84188 347160 605670 569463 516374 1.08416e+06
reclaspred
 2.84109e+06 689497 1.48046e+06 604281 301312 1.07775e+06 4.24161e+06 3.14411e+06 3.63988e+06 3.25162e+06 4.50829e+06 4.57005e+06 3.32357e+06 2.0892e+06 1.32702e+06 752473 534864 509692 513919 604315 491812 555845 1.27943e+06 1.38636e+06 1.85225e+06 1.8062e+06
pelacesobs
 0 0 0 0 0 0 0 0 0 2.06254e+06 1.5e+06 0 1.87456e+06 323000 250000 174000 83755 137374 0 501740 490994 745055 786931 1.00524e+06 1.33801e+06 1.41789e+06
pelacespred
 2.38456e+06 873732 516300 479848 214671 431503 1.51026e+06 2.22812e+06 2.20667e+06 2.07632e+06 2.69885e+06 2.7473e+06 2.10581e+06 1.39416e+06 843829 483742 326088 282055 298848 323568 311364 309682 550693 778533 967931 1.05253e+06
mphobs
 0 0 0 0 0 0 112323 0 153150 637223 0 255016 313432 73983 77613 109348 50772 17779 17303 59886 28197 0 207744 136588 643089 65757
mphpred
 1.85118e+06 1.5015e+06 885620 825190 367343 315807 2.62123e+06 2.72532e+06 3.62737e+06 2.91207e+06 3.49262e+06 4.57835e+06 3.33148e+06 2.34826e+06 1.3994e+06 777464 447890 407889 419082 506201 450412 415285 823144 1.12663e+06 1.44403e+06 1.44359e+06
desembarqueobs
 350755 77701 442110 56441 14545 235359 269955 359681 431902 328805 639364 411747 362871 311530 167758 66681 60226 58785 57116 73181 50977 67692 138656 160484 209506 203330
desembarquepred
 322918 78505.8 168568 68805 34307 122342 482945 357389 414336 369849 512713 520284 378310 237876 151095 85672.7 60857.8 58005 58458.7 68798.6 55960.7 63195 145608 157700 210826 205512
Reclutas
 208291 4333.48 633.062 444.215 1220.24 413055 8908.48 415906 77548.3 326574 485138 62728.2 108561 7993.18 3022.78 6272.95 28959.5 18522.6 46609.4 7683.89 26388.7 113991 77900.9 140069 49309 117182
log_desv_Rt
 1.94347 -1.9291 -3.85265 -4.20692 -3.19642 2.62811 -1.20846 2.63499 0.955433 2.39319 2.78896 0.743343 1.29184 -1.31688 -2.28929 -1.55922 -0.0295695 -0.476476 0.446333 -1.35634 -0.122531 1.34065 0.959969 1.54666 0.502639 1.36826
SSB
 1.85118e+06 1.5015e+06 885620 825190 367343 315807 2.55827e+06 2.70352e+06 3.56911e+06 2.86549e+06 3.49262e+06 4.57835e+06 3.38585e+06 2.38664e+06 1.44552e+06 822853 489525 435149 429353 540098 461461 415285 843353 1.10859e+06 1.54061e+06 1.57778e+06
BT
 7.79013e+06 1.71627e+06 1.01644e+06 941772 423847 1.43619e+06 3.0179e+06 5.93273e+06 4.64294e+06 5.04998e+06 6.88482e+06 5.59404e+06 4.45852e+06 2.75127e+06 1.66388e+06 961905 738494 622562 703457 657639 713389 769930 1.22414e+06 1.8463e+06 2.07104e+06 2.38685e+06
Ftot
 0.110803 0.110803 0.110803 0.110803 0.110803 0.110803 0.110803 0.110803 0.110803 0.110803 0.110803 0.110803 0.110803 0.110803 0.110803 0.110803 0.110803 0.110803 0.110803 0.110803 0.110803 0.110803 0.110803 0.110803 0.110803 0.110803
BD_Bspro_t
 0.985969 0.915018 0.824677 0.740621 0.666063 0.734516 0.903537 0.843384 0.862339 0.81381 0.835883 0.839001 0.781177 0.744137 0.685439 0.634959 0.606132 0.685789 0.730103 0.791478 0.767321 0.792488 0.857206 0.843705 0.846939 0.811847
BD_Bspro
 3.00472 2.43715 1.43748 1.3394 0.596249 0.512599 4.15242 4.38819 5.79315 4.65108 5.669 7.43129 5.49571 3.87385 2.34629 1.3356 0.794566 0.706306 0.6969 0.876654 0.749014 0.674066 1.36888 1.7994 2.50062 2.56095
BD_Bo
 0.372888 0.302452 0.178393 0.16622 0.0739949 0.0636139 0.515318 0.544577 0.718935 0.577203 0.703527 0.922228 0.682021 0.480748 0.291176 0.165749 0.0986062 0.0876531 0.0864858 0.108793 0.0929532 0.083652 0.169879 0.223307 0.310329 0.317816
BD_Brms
 1.81244 1.47009 0.867089 0.807923 0.359657 0.309199 2.50474 2.64695 3.49443 2.80553 3.41954 4.48255 3.31501 2.33671 1.41528 0.805635 0.479282 0.426043 0.420369 0.528797 0.451805 0.406596 0.825707 1.0854 1.50837 1.54476
S_f
 0.5 1 1 1 1
 0.5 1 1 1 1
 0.5 1 1 1 1
 0.5 1 1 1 1
 0.5 1 1 1 1
 0.5 1 1 1 1
 0.5 1 1 1 1
 0.5 1 1 1 1
 0.5 1 1 1 1
 0.5 1 1 1 1
 0.5 1 1 1 1
 0.5 1 1 1 1
 0.5 1 1 1 1
 0.5 1 1 1 1
 0.5 1 1 1 1
 0.5 1 1 1 1
 0.5 1 1 1 1
 0.5 1 1 1 1
 0.5 1 1 1 1
 0.5 1 1 1 1
 0.5 1 1 1 1
 0.5 1 1 1 1
 0.5 1 1 1 1
 0.5 1 1 1 1
 0.5 1 1 1 1
 0.5 1 1 1 1
Scru_reclas
 0.5 1 1 1 1
 0.5 1 1 1 1
 0.5 1 1 1 1
 0.5 1 1 1 1
 0.5 1 1 1 1
 0.5 1 1 1 1
 0.5 1 1 1 1
 0.5 1 1 1 1
 0.5 1 1 1 1
 0.5 1 1 1 1
 0.5 1 1 1 1
 0.5 1 1 1 1
 0.5 1 1 1 1
 0.5 1 1 1 1
 0.5 1 1 1 1
 0.5 1 1 1 1
 0.5 1 1 1 1
 0.5 1 1 1 1
 0.5 1 1 1 1
 0.5 1 1 1 1
 0.5 1 1 1 1
 0.5 1 1 1 1
 0.5 1 1 1 1
 0.5 1 1 1 1
 0.5 1 1 1 1
 0.5 1 1 1 1
Scru_pelaces
 0.5 1 1 1 1
 0.5 1 1 1 1
 0.5 1 1 1 1
 0.5 1 1 1 1
 0.5 1 1 1 1
 0.5 1 1 1 1
 0.5 1 1 1 1
 0.5 1 1 1 1
 0.5 1 1 1 1
 0.5 1 1 1 1
 0.5 1 1 1 1
 0.5 1 1 1 1
 0.5 1 1 1 1
 0.5 1 1 1 1
 0.5 1 1 1 1
 0.5 1 1 1 1
 0.5 1 1 1 1
 0.5 1 1 1 1
 0.5 1 1 1 1
 0.5 1 1 1 1
 0.5 1 1 1 1
 0.5 1 1 1 1
 0.5 1 1 1 1
 0.5 1 1 1 1
 0.5 1 1 1 1
 0.5 1 1 1 1
pf_obs 
 0.256992 0.487395 0.22802 0.0275931 0
 0.321318 0.546541 0.124235 0.00734118 0.000564706
 0.182869 0.594174 0.210203 0.0122559 0.00049798
 0.330522 0.361315 0.267642 0.0388342 0.00168674
 0.649043 0.306663 0.0425973 0.00169635 0
 0.582887 0.30429 0.105238 0.00758474 0
 0.465427 0.430635 0.0974691 0.00646863 0
 0.296916 0.608066 0.0921331 0.00288517 0
 0.311714 0.524322 0.152257 0.0117073 0
 0.15457 0.633149 0.183074 0.0267441 0.00246327
 0.131901 0.49318 0.331252 0.0422183 0.00144891
 0.196976 0.569456 0.194076 0.0375587 0.00193317
 0.518974 0.381816 0.0799577 0.0180837 0.00116848
 0.0928022 0.601141 0.25162 0.0475244 0.00691264
 0.122501 0.610282 0.24278 0.0234846 0.000952079
 0.383417 0.481906 0.127806 0.00687128 0
 0.0376549 0.599619 0.316969 0.0457579 0
 0.0361596 0.667082 0.258105 0.0386534 0
 0.158088 0.579412 0.248529 0.0139706 0
 0.0477256 0.309471 0.559284 0.082774 0.000745712
 0.0406174 0.521527 0.379366 0.0568643 0.0016247
 0.151134 0.462217 0.34131 0.0453401 0
 0.294876 0.26143 0.354403 0.0886775 0.000613685
 0.281977 0.475581 0.204845 0.0348837 0.00271318
 0.0841818 0.532909 0.334909 0.0458182 0.00218182
 0.115287 0.27431 0.454777 0.147771 0.00785563
pf_pred 
 0.751775 0.12496 0.0620533 0.0308147 0.0303967
 0.0191782 0.84553 0.0681079 0.0338214 0.0333625
 0.00613905 0.0385459 0.823542 0.0663367 0.0654368
 0.00953645 0.012466 0.0379307 0.810397 0.12967
 0.0551262 0.0184074 0.0116605 0.0354798 0.879326
 0.975403 0.00264307 0.00042769 0.000270929 0.0212552
 0.0227018 0.9655 0.00126783 0.000205155 0.0103257
 0.699536 0.0137438 0.283258 0.000371957 0.00308954
 0.144023 0.708505 0.00674565 0.139027 0.00169896
 0.541966 0.118046 0.281414 0.00267933 0.0558957
 0.534664 0.33013 0.0348456 0.08307 0.0172906
 0.0902042 0.639906 0.191472 0.0202101 0.0582081
 0.24269 0.128626 0.442185 0.13231 0.0541882
 0.0309632 0.385734 0.0990718 0.340584 0.143647
 0.0248687 0.0603188 0.364149 0.093528 0.457135
 0.101618 0.044915 0.052793 0.318716 0.481959
 0.487826 0.0969243 0.0207606 0.024402 0.370088
 0.316082 0.453289 0.0436444 0.00934837 0.177636
 0.572498 0.208685 0.145028 0.0139639 0.059825
 0.116587 0.648678 0.114586 0.0796329 0.0405164
 0.444876 0.11882 0.320372 0.0565921 0.0593398
 0.745854 0.158377 0.0204987 0.0552702 0.0200005
 0.390043 0.523512 0.0538702 0.00697243 0.0256026
 0.527221 0.268956 0.174936 0.0180012 0.0108852
 0.211067 0.549948 0.135955 0.0884289 0.0146019
 0.479594 0.185108 0.233729 0.0577811 0.0437883
pobs_RECLAS
 0 0 0 0 0
 0 0 0 0 0
 0 0 0 0 0
 0 0 0 0 0
 0.835266 0.146461 0.0176864 0.000547809 3.91292e-05
 0.385257 0.428462 0.181853 0.0044286 0
 0.867414 0.0963971 0.0333333 0.00285562 0
 0.441836 0.489002 0.0689373 0.000224442 0
 0.779404 0.147425 0.0564933 0.0165055 0.000172143
 0.814271 0.122319 0.05973 0.00367925 0
 0.40263 0.566651 0.0304383 0.000280538 0
 0.475488 0.404961 0.113038 0.00651328 0
 0.955842 0.0263864 0.0167828 0.000988607 0
 0.975058 0.0227948 0.00214734 0 0
 0.738997 0.206755 0.0527124 0.00153531 0
 0.850938 0.134255 0.0134407 0.00136685 0
 0.542534 0.407297 0.0501686 0 0
 0.764087 0.199537 0.0359546 0.000420521 0
 0.470689 0.182191 0.310203 0.0369168 0
 0.84361 0.089868 0.0606195 0.00523954 0.000663233
 0.607945 0.314616 0.071237 0.00620181 0
 0.523733 0.453247 0.0230204 0 0
 0.530135 0.295979 0.169645 0.0042399 0
 0.562478 0.366248 0.0663022 0.0049721 0
 0.250443 0.683176 0.0655157 0.000865301 0
 0.195077 0.31981 0.436473 0.0351445 0.0134964
ppred_RECLAS
 0.752443 0.124624 0.0618865 0.0307319 0.030315
 0.0192456 0.845472 0.0681032 0.033819 0.0333602
 0.00616092 0.0385451 0.823523 0.0663352 0.0654353
 0.00957031 0.0124656 0.0379294 0.810369 0.129666
 0.0553129 0.0184038 0.0116582 0.0354728 0.879152
 0.975489 0.00263386 0.000426199 0.000269985 0.0211811
 0.0227813 0.965421 0.00126773 0.000205138 0.0103249
 0.700288 0.0137094 0.28255 0.000371027 0.00308181
 0.144465 0.708139 0.00674217 0.138956 0.00169808
 0.542854 0.117817 0.280868 0.00267413 0.0557873
 0.535554 0.329498 0.0347789 0.082911 0.0172576
 0.0904983 0.639699 0.19141 0.0202036 0.0581893
 0.243349 0.128514 0.441801 0.132195 0.0541411
 0.0310708 0.385691 0.0990608 0.340547 0.143631
 0.0249556 0.0603134 0.364117 0.0935197 0.457094
 0.101945 0.0448986 0.0527738 0.3186 0.481783
 0.48872 0.096755 0.0207243 0.0243594 0.369441
 0.316856 0.452776 0.043595 0.00933779 0.177435
 0.573374 0.208257 0.144731 0.0139353 0.0597025
 0.116956 0.648407 0.114538 0.0795996 0.0404995
 0.44576 0.118631 0.319861 0.056502 0.0592453
 0.746532 0.157954 0.020444 0.0551228 0.0199471
 0.390895 0.522781 0.053795 0.00696269 0.0255668
 0.528113 0.268449 0.174606 0.0179673 0.0108647
 0.211663 0.549532 0.135852 0.0883621 0.0145908
 0.480487 0.18479 0.233328 0.057682 0.0437131
pobs_PELACES
 0 0 0 0 0
 0 0 0 0 0
 0 0 0 0 0
 0 0 0 0 0
 0 0 0 0 0
 0 0 0 0 0
 0 0 0 0 0
 0 0 0 0 0
 0 0 0 0 0
 0 0 0 0 0
 0.450072 0.473896 0.0757376 0.000293798 0
 0 0 0 0 0
 0.463077 0.371075 0.160297 0.00555027 0
 0.529543 0.364841 0.0842815 0.0213345 0
 0.631943 0.363953 0.00410389 0 0
 0.735681 0.248677 0.0153453 0.000297389 0
 0.695825 0.281241 0.0229344 0 0
 0.275771 0.60734 0.115278 0.00161068 0
 0 0 0 0 0
 0.896147 0.0623911 0.0374545 0.00400742 0
 0.803859 0.145111 0.0509908 3.86294e-05 0
 0.739449 0.233085 0.0266225 0.000797448 4.60066e-05
 0.878498 0.100942 0.0204185 0.000141795 0
 0.694673 0.275183 0.0284847 0.00165964 0
 0.469039 0.446079 0.0841089 0.000773354 0
 0.822795 0.102175 0.0682046 0.00682512 0
ppred_PELACES
 0.755832 0.122918 0.0610391 0.0303111 0.0298999
 0.0195938 0.845172 0.068079 0.033807 0.0333484
 0.00627388 0.0385407 0.82343 0.0663277 0.0654279
 0.00974517 0.0124634 0.0379227 0.810226 0.129643
 0.0562761 0.018385 0.0116464 0.0354367 0.878256
 0.975922 0.00258729 0.000418664 0.000265211 0.0208066
 0.0231919 0.965015 0.0012672 0.000205052 0.0103205
 0.704111 0.0135345 0.278946 0.000366294 0.0030425
 0.146739 0.706257 0.00672424 0.138586 0.00169357
 0.547387 0.116648 0.278083 0.00264762 0.0552341
 0.540099 0.326274 0.0344386 0.0820998 0.0170887
 0.0920144 0.638632 0.191091 0.0201699 0.0580923
 0.246731 0.12794 0.439826 0.131604 0.0538991
 0.031626 0.38547 0.099004 0.340351 0.143549
 0.0254044 0.0602857 0.363949 0.0934766 0.456884
 0.103631 0.0448143 0.0526747 0.318001 0.480879
 0.493289 0.0958904 0.0205391 0.0241417 0.36614
 0.320826 0.450144 0.0433416 0.00928352 0.176404
 0.57784 0.206077 0.143216 0.0137894 0.0590775
 0.118858 0.647011 0.114291 0.0794282 0.0404123
 0.450282 0.117663 0.317252 0.0560411 0.058762
 0.749976 0.155808 0.0201663 0.0543738 0.0196761
 0.395257 0.519037 0.0534098 0.00691284 0.0253837
 0.532667 0.265858 0.172921 0.0177939 0.0107599
 0.21473 0.547394 0.135324 0.0880183 0.0145341
 0.485052 0.183166 0.231277 0.0571751 0.043329
pobs_pel_tallas
 0 0 0 0 0 0 0 0 0 0 0 0 0 0 0 0 0 0 0 0 0 0 0 0 0 0 0 0 0 0 0 0 0 0 0 0
 0 0 0 0 0 0 0 0 0 0 0 0 0 0 0 0 0 0 0 0 0 0 0 0 0 0 0 0 0 0 0 0 0 0 0 0
 0 0 0 0 0 0 0 0 0 0 0 0 0 0 0 0 0 0 0 0 0 0 0 0 0 0 0 0 0 0 0 0 0 0 0 0
 0 0 0 0 0 0 0 0 0 0 0 0 0 0 0 0 0 0 0 0 0 0 0 0 0 0 0 0 0 0 0 0 0 0 0 0
 0 0 0 0 0 0 0 0 0 0 0 0 0 0 0 0 0 0 0 0 0 0 0 0 0 0 0 0 0 0 0 0 0 0 0 0
 0 0 0 0 0 0 0 0 0 0 0 0 0 0 0 0 0 0 0 0 0 0 0 0 0 0 0 0 0 0 0 0 0 0 0 0
 0 0 0 0 0 0 0 0 0 0 0 0 0 0 0 0 0 0 0 0 0 0 0 0 0 0 0 0 0 0 0 0 0 0 0 0
 0 0 0 0 0 0 0 0 0 0 0 0 0 0 0 0 0 0 0 0 0 0 0 0 0 0 0 0 0 0 0 0 0 0 0 0
 0 0 0 0 0 0 0 0 0 0 0 0 0 0 0 0 0 0 0 0 0 0 0 0 0 0 0 0 0 0 0 0 0 0 0 0
 0 0 0 0 0 0 0 0 0 0 0 0 0 0 0 0 0 0 0 0 0 0 0 0 0 0 0 0 0 0 0 0 0 0 0 0
 0 0 0 0 0 0 0 0 1.78061e-05 0.00172719 0.00360574 0.0105946 0.0120993 0.0124554 0.0147524 0.0171206 0.0266825 0.0428682 0.0675386 0.121331 0.153587 0.119568 0.100827 0.0573624 0.0630603 0.0341343 0.0324427 0.0444173 0.0211091 0.0280891 0.0125444 0.00206551 0 0 0 0
 0 0 0 0 0 0 0 0 0 0 0 0 0 0 0 0 0 0 0 0 0 0 0 0 0 0 0 0 0 0 0 0 0 0 0 0
 0 0 0 0 0 0 0.0133647 0.0140871 0.0187388 0.0205184 0.03894 0.0496705 0.03968 0.0493445 0.0407372 0.0367815 0.0215668 0.0243155 0.0234873 0.0199281 0.019796 0.0243948 0.0301388 0.0376714 0.0412746 0.0863199 0.0771752 0.113111 0.0741005 0.0525337 0.0229764 0.00759418 0.00175318 0 0 0
 0 0 0 0 0 0 0 0 0 0 0.00219441 0.00772107 0.0458388 0.0604681 0.0671733 0.0775358 0.0609151 0.0617685 0.073594 0.0568108 0.0755445 0.0548602 0.0670107 0.0636378 0.0643287 0.046367 0.0373049 0.0286899 0.0247887 0.0153202 0.00654259 0.00121912 0.000365735 0 0 0
 0 0 0 0 0 0 0 0 0 0 0 0 0.000112435 0.00938835 0.0111873 0.0202946 0.0414886 0.0713402 0.111592 0.104902 0.108894 0.110636 0.117776 0.105296 0.107544 0.0401394 0.0192827 0.0124803 0.00416011 0.0028671 0.000618394 0 0 0 0 0
 0 0 0 0 0 0 0 0 0 0 0.00291406 0.0102884 0.027416 0.0768956 0.0749926 0.110853 0.0956884 0.0897413 0.0766577 0.0534642 0.0500743 0.0551293 0.0594112 0.0620874 0.0668451 0.0424026 0.0208742 0.0120726 0.0048766 0.00582813 0.00118941 0.000297354 0 0 0 0
 0 0.00264628 0.0354308 0.0461629 0.0458689 0.0383711 0.0214643 0.0164657 0.0346957 0.0420465 0.0363128 0.0245516 0.0311673 0.0291091 0.0169068 0.0133784 0.00837989 0.0085269 0.0148486 0.0160247 0.0276389 0.0546898 0.0760071 0.122758 0.109233 0.0665981 0.0333725 0.0166128 0.00676272 0.00308733 0.000882094 0 0 0 0 0
 0 0 0 0 0 0 0 0.000805153 0.000690131 0.00759144 0.0133425 0.0154129 0.00931677 0.000345066 0.00356568 0.00563607 0.00851162 0.0253048 0.0502646 0.0516448 0.0657925 0.0565908 0.0611916 0.0827007 0.0866115 0.110766 0.145733 0.0935128 0.0569358 0.0249597 0.0138026 0.00621118 0.00161031 0.00115022 0 0
 0 0 0 0 0 0 0 0 0 0 0 0 0 0 0 0 0 0 0 0 0 0 0 0 0 0 0 0 0 0 0 0 0 0 0 0
 0.00147267 0.00158595 0.00478618 0.00569244 0.00954404 0.0108468 0.00647125 0.017049 0.0510054 0.094081 0.124002 0.0959785 0.0687766 0.0820023 0.061753 0.0591476 0.0492212 0.0479892 0.0443925 0.0268479 0.0217502 0.0140895 0.0121071 0.0120363 0.00920419 0.00665534 0.0049561 0.00860946 0.00930331 0.0156896 0.0114698 0.00855282 0.00243557 0.00046729 0 2.83206e-05
 0 0 0 0 0.000772559 0.00158375 0.000888443 0.00281984 0.00712685 0.0440552 0.0773331 0.111326 0.0921469 0.0852325 0.0710754 0.0886704 0.0786465 0.0553345 0.0373146 0.0185414 0.00753245 0.00457741 0.012979 0.0271748 0.0457355 0.0583668 0.034881 0.0177882 0.00938659 0.00492506 0.0015258 0.00185414 0.000309023 5.79419e-05 3.86279e-05 0
 0 0.00173294 0.00326652 0 0.00397197 0.00683976 0.00946217 0.0152591 0.00757587 0.0136028 0.0228656 0.0392903 0.0559909 0.0764795 0.0681675 0.0726916 0.0566044 0.0477403 0.0527397 0.0444891 0.0609904 0.0582453 0.0661739 0.0445044 0.0529084 0.0360697 0.0280645 0.0235558 0.0158879 0.00826598 0.00280645 0.00217768 0.000904811 0.00058276 9.20147e-05 0
 0 0 0 0 0 0 0 0 0 0 0 0 0 0 0 0 0 0 0 0 0 0 0 0 0 0 0 0 0 0 0 0 0 0 0 0
 0 0 0 0 0 0 0 0 0 0 0 0 0 0 0 0 0 0 0 0 0 0 0 0 0 0 0 0 0 0 0 0 0 0 0 0
 0 0 0 0 0 0 0 0 0 0 0 0 0 0 0 0 0 0 0 0 0 0 0 0 0 0 0 0 0 0 0 0 0 0 0 0
 0 0 0 0 0 0 0 0 0 0 0 0 0 0 0 0 0 0 0 0 0 0 0 0 0 0 0 0 0 0 0 0 0 0 0 0
ppred_pel_tallas
 1.03346e-16 3.29755e-05 0.000193545 0.000920038 0.00354222 0.0110461 0.0279015 0.0570898 0.0946312 0.127083 0.13828 0.121946 0.087235 0.050794 0.0244338 0.010396 0.00506534 0.00419573 0.00519588 0.00694853 0.00902822 0.0112084 0.0132906 0.0150864 0.0164452 0.0172823 0.0175896 0.0174256 0.016889 0.0160862 0.0151064 0.0140094 0.0128277 0.011578 0.010275 0.00894092
 1.03962e-16 9.01329e-07 5.17514e-06 2.43583e-05 9.33749e-05 0.000290827 0.000735552 0.00151172 0.00253116 0.00347578 0.00398406 0.00399401 0.00390566 0.00439086 0.0060758 0.0093936 0.0146172 0.0218903 0.0311573 0.0420389 0.0537542 0.0651566 0.0749016 0.0817155 0.0846882 0.0834919 0.078457 0.0704702 0.0607409 0.0505126 0.0408147 0.0323186 0.0253144 0.019784 0.0155198 0.012243
 1.17038e-16 2.89677e-07 1.65383e-06 7.77191e-06 2.9774e-05 9.26723e-05 0.000234101 0.000479997 0.000799858 0.00108722 0.00121773 0.00115712 0.00101204 0.000970306 0.00120571 0.00184525 0.00300383 0.00482587 0.00749387 0.0112057 0.0161353 0.0223874 0.0299505 0.0386566 0.0481567 0.0579214 0.0672748 0.0754632 0.0817513 0.0855303 0.086417 0.084319 0.0794545 0.072314 0.0635799 0.0540173
 1.34441e-16 4.36866e-07 2.52816e-06 1.19509e-05 4.5903e-05 0.000143009 0.000361184 0.000739487 0.00122791 0.00165572 0.00181948 0.00164736 0.00127324 0.000938078 0.000835772 0.00105775 0.00164655 0.00266773 0.00424077 0.00653299 0.00973802 0.0140486 0.0196234 0.0265483 0.0347936 0.0441768 0.0543389 0.0647451 0.0747176 0.0835007 0.0903526 0.0946485 0.0959758 0.0941983 0.0894814 0.0822646
 1.42426e-16 2.46536e-06 1.44384e-05 6.85763e-05 0.00026393 0.000822924 0.00207859 0.00425338 0.00705201 0.00947556 0.0103243 0.00913802 0.00661032 0.00400108 0.0022219 0.00148845 0.00160183 0.00234228 0.00364214 0.00557195 0.00827642 0.0119247 0.0166761 0.0226484 0.029883 0.0383087 0.04771 0.0577097 0.0677741 0.0772482 0.0854201 0.0916079 0.0952541 0.0960101 0.0937891 0.0887851
 1.00989e-16 4.25675e-05 0.00024987 0.00118784 0.00457335 0.0142617 0.0360236 0.0737073 0.122171 0.164052 0.178467 0.157291 0.11231 0.0649733 0.0304631 0.0115954 0.00362092 0.000992549 0.000340701 0.000263395 0.000329628 0.000438347 0.000571012 0.000724372 0.000896797 0.00108588 0.00128764 0.00149585 0.00170149 0.00189283 0.00205622 0.00217773 0.0022452 0.00225044 0.00219073 0.00206958
 1.00822e-16 1.063e-06 6.11348e-06 2.87953e-05 0.000110418 0.000343946 0.000869864 0.00178741 0.00299133 0.00410343 0.00469245 0.00467916 0.00452732 0.00501727 0.0068691 0.0105682 0.0164058 0.0245198 0.0348164 0.046831 0.0596404 0.0719087 0.0820856 0.08872 0.0908001 0.0880068 0.0807991 0.0702907 0.0579729 0.0453698 0.0337397 0.0238987 0.0161868 0.0105502 0.00668406 0.00417751
 1.04119e-16 3.07164e-05 0.000180291 0.000857045 0.00329971 0.0102899 0.0259912 0.0531804 0.0881489 0.118371 0.128782 0.113527 0.0811191 0.0470469 0.0222889 0.00890975 0.00352724 0.0021937 0.00253901 0.00361218 0.00515171 0.00710993 0.00946059 0.0121386 0.0150238 0.0179418 0.0206767 0.0229943 0.0246737 0.0255413 0.0255008 0.0245504 0.0227858 0.0203837 0.0175731 0.0145988
 1.05167e-16 6.43961e-06 3.77031e-05 0.000179029 0.000688948 0.00214814 0.00542677 0.0111092 0.018435 0.0248188 0.0271689 0.024348 0.0182648 0.0123454 0.00914097 0.00938945 0.0126845 0.0184061 0.0260596 0.035145 0.0449592 0.0545408 0.0627775 0.0686203 0.0713239 0.0706264 0.0668083 0.0606033 0.053001 0.0450053 0.0374305 0.0307868 0.025269 0.0208255 0.0172645 0.0143552
 1.06658e-16 2.38866e-05 0.000140185 0.000666354 0.00256547 0.00800013 0.0202077 0.0413477 0.0685391 0.0920481 0.100172 0.0883717 0.0632883 0.0369964 0.0180764 0.00818832 0.00475989 0.0047688 0.00639213 0.00886728 0.0119153 0.0153738 0.0190651 0.0227781 0.0262889 0.0293861 0.0318911 0.0336669 0.0346205 0.0347024 0.0339084 0.0322833 0.0299257 0.0269851 0.023652 0.0201375
 1.04215e-16 2.35766e-05 0.000138347 0.00065758 0.00253162 0.00789452 0.0199412 0.0408039 0.0676431 0.0908614 0.0989243 0.0873748 0.0628 0.0371636 0.0189953 0.0100027 0.00770552 0.00914107 0.0124608 0.0167678 0.021542 0.0263024 0.0305337 0.0337496 0.0355949 0.0359253 0.0348347 0.0326173 0.0296803 0.0264393 0.0232306 0.0202644 0.0176229 0.0152936 0.0132156 0.0113222
 1.06328e-16 4.05112e-06 2.36855e-05 0.000112399 0.000432423 0.00134818 0.0034061 0.00697435 0.0115799 0.0156093 0.0171384 0.01548 0.0118727 0.00852748 0.00712922 0.00824346 0.0117225 0.0172649 0.0245968 0.033359 0.0429643 0.0525661 0.0611571 0.0677577 0.0716296 0.0724394 0.0703203 0.0658071 0.0596777 0.0527556 0.0457406 0.0391131 0.0331204 0.0278258 0.0231848 0.0191155
 1.13326e-16 1.07773e-05 6.32198e-05 0.000300451 0.00115664 0.00360675 0.00911044 0.0186421 0.0309053 0.041517 0.0452105 0.0399549 0.0287683 0.0171319 0.00896919 0.0051025 0.00446273 0.00578626 0.00834549 0.0118693 0.0162655 0.021441 0.0272341 0.0334067 0.0396595 0.0456558 0.0510455 0.0554878 0.0586757 0.0603629 0.0603947 0.0587354 0.0554869 0.0508851 0.0452765 0.0390732
 1.19934e-16 1.40681e-06 8.18644e-06 3.87711e-05 0.000149032 0.000464511 0.00117371 0.0024048 0.00399863 0.00540771 0.00598402 0.00551482 0.00446436 0.0036508 0.00373384 0.00500878 0.00753669 0.0113189 0.0163352 0.022481 0.0295014 0.0369805 0.0443941 0.0512073 0.0569841 0.0614669 0.0646006 0.0664904 0.067317 0.0672441 0.0663547 0.0646397 0.0620337 0.0584772 0.0539794 0.0486537
 1.29747e-16 1.12266e-06 6.54735e-06 3.10432e-05 0.000119387 0.000372143 0.000940022 0.0019243 0.00319347 0.00430029 0.00471018 0.00422789 0.00318778 0.00219195 0.00170104 0.00187948 0.00272204 0.00422681 0.0064636 0.00955333 0.0136219 0.0187603 0.0249947 0.0322626 0.0403954 0.049108 0.0580001 0.0665728 0.0742652 0.0805096 0.0848 0.0867619 0.0862104 0.0831806 0.077925 0.070879
 1.34159e-16 4.53193e-06 2.65671e-05 0.000126229 0.000485891 0.00151509 0.00382696 0.00783094 0.0129827 0.0174419 0.0189975 0.0167983 0.0121157 0.00725835 0.00388589 0.00236374 0.00227547 0.00314085 0.00472799 0.00702369 0.0101169 0.014117 0.019111 0.0251363 0.0321575 0.0400414 0.0485374 0.0572682 0.0657394 0.0733748 0.079576 0.0838006 0.085643 0.0849003 0.0816087 0.076043
 1.18261e-16 2.15255e-05 0.000126328 0.00060049 0.00231189 0.00720939 0.0182103 0.0372606 0.0617636 0.082947 0.090263 0.079619 0.0569955 0.0332678 0.0161592 0.00715451 0.00392299 0.00372979 0.00492672 0.00683299 0.00922243 0.0119988 0.0150797 0.0183788 0.0218146 0.0253171 0.0288228 0.0322573 0.035515 0.0384445 0.0408513 0.0425197 0.04325 0.0429012 0.041424 0.03888
 1.09324e-16 1.40201e-05 8.22312e-05 0.000390774 0.00150431 0.00469087 0.0118492 0.024248 0.0402053 0.0540295 0.0588867 0.0521608 0.0378152 0.0230316 0.0129775 0.00878593 0.00910267 0.0122554 0.0171635 0.0232055 0.0298595 0.0365158 0.0424842 0.0471093 0.0499156 0.0507162 0.0496487 0.0471172 0.0436711 0.0398579 0.0361028 0.0326472 0.0295519 0.0267496 0.0241164 0.0215376
 1.05335e-16 2.52177e-05 0.000147992 0.000703456 0.00270829 0.00844551 0.0213328 0.0436503 0.0723579 0.0971827 0.105775 0.0933514 0.0669337 0.0392856 0.0194855 0.00930682 0.0060482 0.00651535 0.00875061 0.0118774 0.015491 0.0192844 0.0229339 0.0261168 0.0285666 0.0301224 0.0307503 0.0305292 0.0296107 0.0281685 0.0263579 0.0242949 0.0220581 0.0197029 0.0172803 0.0148483
 1.06451e-16 5.22171e-06 3.05577e-05 0.00014507 0.000558213 0.00174046 0.00439695 0.00900174 0.0149404 0.0201219 0.022048 0.0198079 0.0149649 0.0103197 0.00797422 0.00856981 0.0118243 0.0172769 0.0245503 0.0332327 0.0427089 0.0521149 0.0604345 0.0666909 0.0701641 0.0705547 0.0680427 0.0632148 0.0568957 0.0499402 0.0430574 0.0367121 0.0311148 0.0262783 0.0221041 0.0184629
 1.09214e-16 1.96524e-05 0.000115326 0.000548173 0.00211044 0.00658115 0.0166235 0.0340142 0.0563839 0.0757269 0.0824191 0.0727309 0.0521327 0.0305687 0.0151138 0.00715583 0.00460638 0.00500976 0.0068963 0.00966306 0.0130943 0.017055 0.0213795 0.025856 0.0302439 0.034298 0.037788 0.0405112 0.0423019 0.0430395 0.0426604 0.041171 0.038658 0.0352876 0.0312922 0.0269436
 1.03125e-16 3.27213e-05 0.00019205 0.000912925 0.00351482 0.0109607 0.0276857 0.0566485 0.0939007 0.126105 0.137223 0.121031 0.0866165 0.0505073 0.0244324 0.0106276 0.00551506 0.0048855 0.00616048 0.00820936 0.010572 0.0129734 0.0151636 0.0169119 0.0180476 0.0184963 0.0182915 0.0175567 0.0164655 0.0151929 0.013877 0.012599 0.0113858 0.0102271 0.00909854 0.00798104
 1.02351e-16 1.72688e-05 0.000101296 0.000481396 0.0018532 0.00577885 0.0145974 0.0298716 0.0495284 0.066554 0.0725263 0.0642167 0.0464991 0.0282077 0.0156893 0.0103152 0.0103878 0.0138172 0.0192459 0.0258904 0.0331019 0.0401359 0.0461581 0.0503829 0.0522473 0.0515451 0.0484742 0.0435746 0.037586 0.0312718 0.0252665 0.0199873 0.0156192 0.0121582 0.00948346 0.00742855
 1.03656e-16 2.32506e-05 0.000136437 0.00064851 0.00249671 0.00778568 0.0196662 0.0402409 0.0667085 0.0896021 0.0975429 0.0861305 0.0618532 0.036499 0.0184666 0.00942613 0.00692224 0.00803539 0.0109639 0.014869 0.0193073 0.0238885 0.0281856 0.0317737 0.0343088 0.0355942 0.0356108 0.0344984 0.0325018 0.0299016 0.0269553 0.0238632 0.020764 0.0177478 0.0148775 0.0122044
 1.05803e-16 9.39826e-06 5.50866e-05 0.000261703 0.00100731 0.00314098 0.00793442 0.0162389 0.0269332 0.0362171 0.0395342 0.0351641 0.0258091 0.0163497 0.0103431 0.00866534 0.0105278 0.014899 0.0210747 0.028552 0.0367692 0.0449896 0.0523523 0.0580236 0.0613779 0.0621358 0.0604156 0.0566755 0.0515768 0.0458138 0.0399702 0.0344392 0.0294151 0.0249386 0.0209647 0.0174247
 1.07332e-16 2.1171e-05 0.000124236 0.000590521 0.00227347 0.00708953 0.0179077 0.0366422 0.0607415 0.0815832 0.0888027 0.0783874 0.0562376 0.0330758 0.0165358 0.00812449 0.00559811 0.00630385 0.00862957 0.0118695 0.0157082 0.0198995 0.0241663 0.0282088 0.0317495 0.0345744 0.036556 0.0376502 0.0378751 0.0372841 0.0359453 0.0339356 0.0313456 0.0282892 0.0249079 0.021366
pSPR Fmed_Fpbrs
0.370712   0.255738 0.255738
Fs Fmed_Fpbrs
0.64   1.005 1.005
SSBpbr Bo_Bmed_Bpbrs
4.96444e+06  1.59216e+06  1.02137e+06 1.02137e+06
Ro
29828.6
SPR SPRFo_SPRFmed_SPRFpbrs
616091 228392 157557
log_Ro
10.1232
likeval ReclasPelacesDesembMPH_pf_preclas_ppelaces_ptallas_desvR_qrecl_qpela
 0.00428283 49.6924 13834.5 227.663 588.476 442.118 96.1076 0 140.46 0 0 0 0 0 0
q_reclas_q_pelaces
1 1
M
0.7
N
 208291 17733.7 8806.31 4373.08 4313.76
 4333.48 97859.8 7882.66 3914.41 3861.31
 633.062 2035.96 43498.8 3503.85 3456.31
 444.215 297.427 904.988 19335.2 3093.8
 1220.24 208.702 132.206 402.268 9969.73
 413055 573.296 92.7681 58.7659 4610.36
 8908.48 194062 254.831 41.2355 2075.43
 415906 4185.4 86260.9 113.272 940.861
 77548.3 195402 1860.41 38343 468.563
 326574 36433.9 86856.3 826.956 17251.8
 485138 153432 16194.9 38607.7 8036.02
 62728.2 227928 68200.5 7198.65 20733.2
 108561 29471.1 101314 30315.2 12415.7
 7993.18 51004.3 13099.9 45034.3 18993.9
 3022.78 3755.37 22671.5 5822.93 28460.6
 6272.95 1420.17 1669.27 10077.5 15239.1
 28959.5 2947.17 631.266 741.99 11253.2
 18522.6 13605.8 1310.02 280.598 5331.89
 46609.4 8702.33 6047.8 582.305 2494.75
 7683.89 21898.1 3868.19 2688.25 1367.76
 26388.7 3610.06 9733.73 1719.42 1802.9
 113991 12398 1604.68 4326.65 1565.67
 77900.9 53555.3 5510.92 713.28 2619.14
 140069 36599.5 23805.4 2449.61 1481.26
 49309 65807.3 16268.5 10581.5 1747.28
 117182 23166.5 29251.4 7231.38 5480.15
pred_Ctot
 8099.11 1346.23 668.519 331.977 327.473
 168.501 7428.9 598.402 297.157 293.126
 24.6157 154.557 3302.15 265.99 262.382
 17.2726 22.5788 68.7009 1467.81 234.862
 47.4473 15.8433 10.0363 30.5376 756.839
 16061.1 43.521 7.04237 4.46113 349.99
 346.393 14732 19.3451 3.13034 157.554
 16171.9 317.729 6548.38 8.59893 71.4242
 3015.35 14833.7 141.231 2910.76 35.5704
 12698.4 2765.83 6593.58 62.7772 1309.65
 18863.9 11647.6 1229.41 2930.85 610.044
 2439.1 17302.9 5177.35 546.476 1573.93
 4221.24 2237.26 7691.14 2301.34 942.523
 310.803 3871.92 994.464 3418.72 1441.9
 117.536 285.084 1721.07 442.04 2160.55
 243.915 107.81 126.72 765.019 1156.85
 1126.05 223.731 47.9217 56.3272 854.274
 720.225 1032.87 99.4484 21.3013 404.763
 1812.34 660.626 459.11 44.2049 189.386
 298.777 1662.37 293.649 204.075 103.831
 1026.09 274.053 738.923 130.527 136.865
 4432.36 941.178 121.817 328.452 118.856
 3029.06 4065.58 418.354 54.1477 198.829
 5446.37 2778.41 1807.15 185.959 112.448
 1917.31 4995.68 1235 803.281 132.642
 4556.47 1758.65 2220.58 548.96 416.019
F
 0.0554016 0.110803 0.110803 0.110803 0.110803
 0.0554016 0.110803 0.110803 0.110803 0.110803
 0.0554016 0.110803 0.110803 0.110803 0.110803
 0.0554016 0.110803 0.110803 0.110803 0.110803
 0.0554016 0.110803 0.110803 0.110803 0.110803
 0.0554016 0.110803 0.110803 0.110803 0.110803
 0.0554016 0.110803 0.110803 0.110803 0.110803
 0.0554016 0.110803 0.110803 0.110803 0.110803
 0.0554016 0.110803 0.110803 0.110803 0.110803
 0.0554016 0.110803 0.110803 0.110803 0.110803
 0.0554016 0.110803 0.110803 0.110803 0.110803
 0.0554016 0.110803 0.110803 0.110803 0.110803
 0.0554016 0.110803 0.110803 0.110803 0.110803
 0.0554016 0.110803 0.110803 0.110803 0.110803
 0.0554016 0.110803 0.110803 0.110803 0.110803
 0.0554016 0.110803 0.110803 0.110803 0.110803
 0.0554016 0.110803 0.110803 0.110803 0.110803
 0.0554016 0.110803 0.110803 0.110803 0.110803
 0.0554016 0.110803 0.110803 0.110803 0.110803
 0.0554016 0.110803 0.110803 0.110803 0.110803
 0.0554016 0.110803 0.110803 0.110803 0.110803
 0.0554016 0.110803 0.110803 0.110803 0.110803
 0.0554016 0.110803 0.110803 0.110803 0.110803
 0.0554016 0.110803 0.110803 0.110803 0.110803
 0.0554016 0.110803 0.110803 0.110803 0.110803
 0.0554016 0.110803 0.110803 0.110803 0.110803
Np
 27650.3 8307.33 10007.5 1871.8 2793.07
YTP_r0W_actual
 308304 283798 498009 144390 118938
YTP_p0W_proyectada
 66281 573542 155947 251466 99652.3
 66281 86542.8 151555 36201 59945.6
CTP_r0_actual
 34256 11173.1 14107.9 3487.68 2643.07
CTP_p0_proyectada
 8083.05 26552.9 4966.47 6270.98 2239.38
 8083.05 4006.61 4826.58 902.768 1347.09
Wmedp
 8.2 21.6 31.4 40.1 44.5
nmprior
 10.8 10.6 4.6 0
nm_flota  nm_reclas  nm_pelaces    nm_pelaL
inf 1.7392 3.73309 6.3226
cv_recla  cv_pelaces  cv_mph
1.92982 0.77221 2.05329
 ------------------------------------------------
Talla a la edad & desviaci?n 
 7.2 14.2025 17.0495 18.207 18.6776
 1.08 2.13037 2.55742 2.73105 2.80164
