years
 1997 1998 1999 2000 2001 2002 2003 2004 2005 2006 2007 2008 2009 2010 2011 2012 2013 2014 2015 2016 2017 2018 2019 2020
reclasobs
 0 0 0 370054 412103 1.49427e+06 250295 1.28982e+06 931140 785840 897777 1.04006e+06 184774 17550 25797 100020 73551 82996 120727 218422 84188 347160 605670 569463
reclaspred
 2.78464e+06 689726 1.48665e+06 607743 304013 1.07832e+06 4.24075e+06 3.14038e+06 3.64184e+06 3.25725e+06 4.50546e+06 4.57163e+06 3.32465e+06 2.08812e+06 1.32701e+06 753900 535040 509917 514470 605380 488764 561089 1.26106e+06 1.42002e+06
pelacesobs
 0 0 0 0 0 0 0 0 0 2.06254e+06 1.5e+06 0 1.87456e+06 323000 250000 174000 83755 137374 0 501740 490994 745055 786931 1.00524e+06
pelacespred
 2.37955e+06 871178 517833 482475 216539 432130 1.5112e+06 2.22595e+06 2.20832e+06 2.07987e+06 2.69726e+06 2.74881e+06 2.10662e+06 1.39285e+06 843918 484479 326197 282245 299133 324313 308870 310174 537323 802626
mphobs
 0 0 0 0 0 0 112323 0 153150 637223 0 255016 313432 73983 77613 109348 50772 17779 17303 59886 28197 0 207744 136588
mphpred
 1.80125e+06 1.4971e+06 888048 829654 370436 317420 2.6203e+06 2.72549e+06 3.62269e+06 2.92006e+06 3.49364e+06 4.57408e+06 3.33737e+06 2.34541e+06 1.39919e+06 778292 448693 407631 420002 506038 451859 408966 837148 1.0605e+06
desembarqueobs
 350755 77701 442110 56441 14545 235359 269955 359681 431902 328805 639364 411747 362871 311530 167758 66681 60226 58785 57116 73181 50977 67692 138656 160484
desembarquepred
 316480 78531.8 169274 69199.1 34614.5 122407 482846 356967 414555 370491 512393 520461 378435 237752 151094 85835 60878.3 58030.3 58521.7 68919 55616.7 63786.3 143542 161460
Reclutas
 212107 4343.36 674.147 473.209 1287.31 412539 9448.87 414472 80054.3 325766 483560 65576.8 106480 8376.39 3178.71 6519.64 28681.1 18744.5 46362.3 8344.64 24343.9 120921 50084.6 204450
log_desv_Rt
 2.02144 -1.867 -3.72996 -4.08387 -3.0831 2.68668 -1.08976 2.69135 1.04705 2.45053 2.84552 0.84757 1.33231 -1.21023 -2.17918 -1.46083 0.0205845 -0.404752 0.500834 -1.21403 -0.143373 1.45949 0.578061 1.98467
SSB
 1.80125e+06 1.4971e+06 888048 829654 370436 317420 2.55735e+06 2.70369e+06 3.56451e+06 2.87336e+06 3.49364e+06 4.57408e+06 3.39184e+06 2.38375e+06 1.44531e+06 823729 490405 434872 430296 539922 462946 408966 857723 1.04357e+06
BT
 7.83739e+06 1.71127e+06 1.01973e+06 947003 427676 1.43668e+06 3.02325e+06 5.92308e+06 4.65643e+06 5.05452e+06 6.87652e+06 5.60651e+06 4.45377e+06 2.74961e+06 1.66457e+06 963889 737754 623770 703392 661113 700511 780801 1.14625e+06 2.04077e+06
Ftot
 0.110803 0.110803 0.110803 0.110803 0.110803 0.110803 0.110803 0.110803 0.110803 0.110803 0.110803 0.110803 0.110803 0.110803 0.110803 0.110803 0.110803 0.110803 0.110803 0.110803 0.110803 0.110803 0.110803 0.110803
BD_Bspro_t
 0.986135 0.915807 0.825251 0.741108 0.666508 0.734154 0.903351 0.843361 0.862271 0.814204 0.835808 0.838866 0.781426 0.743881 0.685375 0.635135 0.60664 0.685533 0.730356 0.791329 0.767648 0.790471 0.858244 0.838487
BD_Bspro
 3.11571 2.58962 1.5361 1.4351 0.640762 0.549058 4.42359 4.67671 6.16572 4.97019 6.04312 7.91202 5.86704 4.1233 2.50002 1.42485 0.848278 0.752221 0.744305 0.933932 0.800783 0.70741 1.48365 1.80512
BD_Bo
 0.362527 0.301313 0.178733 0.16698 0.0745555 0.0638854 0.514704 0.544156 0.717409 0.578304 0.703144 0.920599 0.682657 0.479765 0.290889 0.165787 0.098701 0.0875243 0.0866032 0.108667 0.0931747 0.0823103 0.172629 0.210034
BD_Brms
 1.76458 1.46662 0.86997 0.812764 0.362895 0.310958 2.50529 2.64865 3.49195 2.81486 3.42251 4.48096 3.32279 2.33523 1.41588 0.80696 0.480421 0.426019 0.421536 0.528931 0.453522 0.40064 0.840262 1.02233
S_f
 0.5 1 1 1 1
 0.5 1 1 1 1
 0.5 1 1 1 1
 0.5 1 1 1 1
 0.5 1 1 1 1
 0.5 1 1 1 1
 0.5 1 1 1 1
 0.5 1 1 1 1
 0.5 1 1 1 1
 0.5 1 1 1 1
 0.5 1 1 1 1
 0.5 1 1 1 1
 0.5 1 1 1 1
 0.5 1 1 1 1
 0.5 1 1 1 1
 0.5 1 1 1 1
 0.5 1 1 1 1
 0.5 1 1 1 1
 0.5 1 1 1 1
 0.5 1 1 1 1
 0.5 1 1 1 1
 0.5 1 1 1 1
 0.5 1 1 1 1
 0.5 1 1 1 1
Scru_reclas
 0.5 1 1 1 1
 0.5 1 1 1 1
 0.5 1 1 1 1
 0.5 1 1 1 1
 0.5 1 1 1 1
 0.5 1 1 1 1
 0.5 1 1 1 1
 0.5 1 1 1 1
 0.5 1 1 1 1
 0.5 1 1 1 1
 0.5 1 1 1 1
 0.5 1 1 1 1
 0.5 1 1 1 1
 0.5 1 1 1 1
 0.5 1 1 1 1
 0.5 1 1 1 1
 0.5 1 1 1 1
 0.5 1 1 1 1
 0.5 1 1 1 1
 0.5 1 1 1 1
 0.5 1 1 1 1
 0.5 1 1 1 1
 0.5 1 1 1 1
 0.5 1 1 1 1
Scru_pelaces
 0.5 1 1 1 1
 0.5 1 1 1 1
 0.5 1 1 1 1
 0.5 1 1 1 1
 0.5 1 1 1 1
 0.5 1 1 1 1
 0.5 1 1 1 1
 0.5 1 1 1 1
 0.5 1 1 1 1
 0.5 1 1 1 1
 0.5 1 1 1 1
 0.5 1 1 1 1
 0.5 1 1 1 1
 0.5 1 1 1 1
 0.5 1 1 1 1
 0.5 1 1 1 1
 0.5 1 1 1 1
 0.5 1 1 1 1
 0.5 1 1 1 1
 0.5 1 1 1 1
 0.5 1 1 1 1
 0.5 1 1 1 1
 0.5 1 1 1 1
 0.5 1 1 1 1
pf_obs 
 0.256992 0.487395 0.22802 0.0275931 0
 0.321318 0.546541 0.124235 0.00734118 0.000564706
 0.182869 0.594174 0.210203 0.0122559 0.00049798
 0.330522 0.361315 0.267642 0.0388342 0.00168674
 0.649043 0.306663 0.0425973 0.00169635 0
 0.582887 0.30429 0.105238 0.00758474 0
 0.465427 0.430635 0.0974691 0.00646863 0
 0.296916 0.608066 0.0921331 0.00288517 0
 0.311714 0.524322 0.152257 0.0117073 0
 0.15457 0.633149 0.183074 0.0267441 0.00246327
 0.131901 0.49318 0.331252 0.0422183 0.00144891
 0.196976 0.569456 0.194076 0.0375587 0.00193317
 0.518974 0.381816 0.0799577 0.0180837 0.00116848
 0.0928022 0.601141 0.25162 0.0475244 0.00691264
 0.122501 0.610282 0.24278 0.0234846 0.000952079
 0.383417 0.481906 0.127806 0.00687128 0
 0.0376549 0.599619 0.316969 0.0457579 0
 0.0361596 0.667082 0.258105 0.0386534 0
 0.158088 0.579412 0.248529 0.0139706 0
 0.0477256 0.309471 0.559284 0.082774 0.000745712
 0.0406174 0.521527 0.379366 0.0568643 0.0016247
 0.151134 0.462217 0.34131 0.0453401 0
 0.294876 0.26143 0.354403 0.0886775 0.000613685
 0.281977 0.475581 0.204845 0.0348837 0.00271318
pf_pred 
 0.766038 0.11778 0.0584877 0.0290441 0.0286501
 0.0190754 0.854459 0.0636645 0.0316148 0.031186
 0.00648607 0.0383301 0.832037 0.0619938 0.0611528
 0.0100699 0.0131588 0.0376842 0.818016 0.121071
 0.0574714 0.019378 0.0122711 0.035142 0.875737
 0.97503 0.00279077 0.000456001 0.000288762 0.0214347
 0.0240707 0.963966 0.00133707 0.000218472 0.0104078
 0.698439 0.014605 0.283438 0.000393142 0.00312448
 0.148311 0.704321 0.0071372 0.138512 0.001719
 0.539757 0.121665 0.279994 0.0028373 0.0557468
 0.533825 0.329869 0.0360324 0.0829233 0.0173503
 0.0941079 0.636522 0.190608 0.0208206 0.0579411
 0.238093 0.134498 0.440847 0.132013 0.0545493
 0.0325291 0.379289 0.10383 0.340328 0.144023
 0.0261407 0.0631846 0.357023 0.097735 0.455917
 0.105031 0.0469711 0.0550187 0.310881 0.482098
 0.483212 0.100752 0.021835 0.025576 0.368625
 0.319399 0.448273 0.0452943 0.00981619 0.177218
 0.570191 0.211455 0.143817 0.0145316 0.0600052
 0.125663 0.640403 0.115089 0.078276 0.0405684
 0.421132 0.132411 0.327005 0.0587673 0.0606848
 0.764722 0.141214 0.0215163 0.0531371 0.0194105
 0.282109 0.624745 0.0559064 0.00851829 0.0287215
 0.665868 0.149621 0.16057 0.0143689 0.00957127
pobs_RECLAS
 0 0 0 0 0
 0 0 0 0 0
 0 0 0 0 0
 0 0 0 0 0
 0.835266 0.146461 0.0176864 0.000547809 3.91292e-05
 0.385257 0.428462 0.181853 0.0044286 0
 0.867414 0.0963971 0.0333333 0.00285562 0
 0.441836 0.489002 0.0689373 0.000224442 0
 0.779404 0.147425 0.0564933 0.0165055 0.000172143
 0.814271 0.122319 0.05973 0.00367925 0
 0.40263 0.566651 0.0304383 0.000280538 0
 0.475488 0.404961 0.113038 0.00651328 0
 0.955842 0.0263864 0.0167828 0.000988607 0
 0.975058 0.0227948 0.00214734 0 0
 0.738997 0.206755 0.0527124 0.00153531 0
 0.850938 0.134255 0.0134407 0.00136685 0
 0.542534 0.407297 0.0501686 0 0
 0.764087 0.199537 0.0359546 0.000420521 0
 0.470689 0.182191 0.310203 0.0369168 0
 0.84361 0.089868 0.0606195 0.00523954 0.000663233
 0.607945 0.314616 0.071237 0.00620181 0
 0.523733 0.453247 0.0230204 0 0
 0.530135 0.295979 0.169645 0.0042399 0
 0.562478 0.366248 0.0663022 0.0049721 0
ppred_RECLAS
 0.766679 0.117457 0.0583275 0.0289646 0.0285717
 0.0191425 0.854401 0.0636601 0.0316127 0.0311838
 0.00650917 0.0383292 0.832018 0.0619924 0.0611514
 0.0101057 0.0131583 0.0376828 0.817986 0.121067
 0.0576656 0.019374 0.0122686 0.0351348 0.875557
 0.975117 0.00278104 0.000454413 0.000287756 0.0213601
 0.024155 0.963883 0.00133695 0.000218453 0.0104069
 0.699193 0.0145685 0.28273 0.00039216 0.00311667
 0.148763 0.703947 0.00713341 0.138438 0.00171809
 0.540646 0.12143 0.279453 0.00283182 0.0556391
 0.534716 0.329239 0.0359635 0.0827649 0.0173172
 0.0944135 0.636308 0.190544 0.0208136 0.0579215
 0.238743 0.134383 0.440471 0.1319 0.0545028
 0.0326419 0.379245 0.103818 0.340288 0.144007
 0.026232 0.0631787 0.356989 0.0977259 0.455874
 0.105368 0.0469534 0.054998 0.310764 0.481917
 0.484106 0.100578 0.0217972 0.0255318 0.367987
 0.320178 0.44776 0.0452425 0.00980496 0.177015
 0.571068 0.211023 0.143524 0.0145019 0.0598828
 0.126057 0.640114 0.115038 0.0782408 0.0405502
 0.422005 0.132211 0.326512 0.0586787 0.0605933
 0.765366 0.140828 0.0214575 0.0529918 0.0193575
 0.282834 0.624114 0.0558499 0.00850968 0.0286925
 0.666664 0.149265 0.160188 0.0143347 0.00954848
pobs_PELACES
 0 0 0 0 0
 0 0 0 0 0
 0 0 0 0 0
 0 0 0 0 0
 0 0 0 0 0
 0 0 0 0 0
 0 0 0 0 0
 0 0 0 0 0
 0 0 0 0 0
 0 0 0 0 0
 0.450072 0.473896 0.0757376 0.000293798 0
 0 0 0 0 0
 0.463077 0.371075 0.160297 0.00555027 0
 0.529543 0.364841 0.0842815 0.0213345 0
 0.631943 0.363953 0.00410389 0 0
 0.735681 0.248677 0.0153453 0.000297389 0
 0.695825 0.281241 0.0229344 0 0
 0.275771 0.60734 0.115278 0.00161068 0
 0 0 0 0 0
 0.896147 0.0623911 0.0374545 0.00400742 0
 0.803859 0.145111 0.0509908 3.86294e-05 0
 0.739449 0.233085 0.0266225 0.000797448 4.60066e-05
 0.878498 0.100942 0.0204185 0.000141795 0
 0.694673 0.275183 0.0284847 0.00165964 0
ppred_PELACES
 0.769934 0.115819 0.0575139 0.0285606 0.0281731
 0.0194888 0.854099 0.0636377 0.0316015 0.0311728
 0.00662848 0.0383246 0.831918 0.061985 0.0611441
 0.0102902 0.0131558 0.0376758 0.817834 0.121044
 0.0586672 0.0193534 0.0122555 0.0350974 0.874626
 0.975557 0.00273189 0.000446382 0.00028267 0.0209825
 0.0245897 0.963453 0.00133635 0.000218356 0.0104023
 0.703024 0.0143829 0.279129 0.000387165 0.00307698
 0.151094 0.70202 0.00711389 0.138059 0.00171339
 0.545183 0.12023 0.276693 0.00280385 0.0550896
 0.539261 0.326022 0.0356122 0.0819563 0.017148
 0.0959883 0.635201 0.190212 0.0207774 0.0578208
 0.242081 0.133794 0.43854 0.131322 0.0542638
 0.0332241 0.379017 0.103756 0.340084 0.14392
 0.0267031 0.0631481 0.356816 0.0976786 0.455654
 0.107104 0.0468623 0.0548913 0.310161 0.480982
 0.488673 0.0996874 0.0216043 0.0253057 0.364729
 0.32417 0.44513 0.0449768 0.00974738 0.175975
 0.575541 0.208823 0.142027 0.0143507 0.0592584
 0.128085 0.638629 0.114771 0.0780592 0.0404561
 0.426471 0.13119 0.323989 0.0582253 0.0601251
 0.768633 0.138867 0.0211587 0.0522539 0.0190879
 0.286557 0.620874 0.05556 0.00846551 0.0285436
 0.670715 0.147451 0.158241 0.0141605 0.00943245
pobs_pel_tallas
 0 0 0 0 0 0 0 0 0 0 0 0 0 0 0 0 0 0 0 0 0 0 0 0 0 0 0 0 0 0 0 0 0 0 0 0
 0 0 0 0 0 0 0 0 0 0 0 0 0 0 0 0 0 0 0 0 0 0 0 0 0 0 0 0 0 0 0 0 0 0 0 0
 0 0 0 0 0 0 0 0 0 0 0 0 0 0 0 0 0 0 0 0 0 0 0 0 0 0 0 0 0 0 0 0 0 0 0 0
 0 0 0 0 0 0 0 0 0 0 0 0 0 0 0 0 0 0 0 0 0 0 0 0 0 0 0 0 0 0 0 0 0 0 0 0
 0 0 0 0 0 0 0 0 0 0 0 0 0 0 0 0 0 0 0 0 0 0 0 0 0 0 0 0 0 0 0 0 0 0 0 0
 0 0 0 0 0 0 0 0 0 0 0 0 0 0 0 0 0 0 0 0 0 0 0 0 0 0 0 0 0 0 0 0 0 0 0 0
 0 0 0 0 0 0 0 0 0 0 0 0 0 0 0 0 0 0 0 0 0 0 0 0 0 0 0 0 0 0 0 0 0 0 0 0
 0 0 0 0 0 0 0 0 0 0 0 0 0 0 0 0 0 0 0 0 0 0 0 0 0 0 0 0 0 0 0 0 0 0 0 0
 0 0 0 0 0 0 0 0 0 0 0 0 0 0 0 0 0 0 0 0 0 0 0 0 0 0 0 0 0 0 0 0 0 0 0 0
 0 0 0 0 0 0 0 0 0 0 0 0 0 0 0 0 0 0 0 0 0 0 0 0 0 0 0 0 0 0 0 0 0 0 0 0
 0 0 0 0 0 0 0 0 1.78061e-05 0.00172719 0.00360574 0.0105946 0.0120993 0.0124554 0.0147524 0.0171206 0.0266825 0.0428682 0.0675386 0.121331 0.153587 0.119568 0.100827 0.0573624 0.0630603 0.0341343 0.0324427 0.0444173 0.0211091 0.0280891 0.0125444 0.00206551 0 0 0 0
 0 0 0 0 0 0 0 0 0 0 0 0 0 0 0 0 0 0 0 0 0 0 0 0 0 0 0 0 0 0 0 0 0 0 0 0
 0 0 0 0 0 0 0.0133647 0.0140871 0.0187388 0.0205184 0.03894 0.0496705 0.03968 0.0493445 0.0407372 0.0367815 0.0215668 0.0243155 0.0234873 0.0199281 0.019796 0.0243948 0.0301388 0.0376714 0.0412746 0.0863199 0.0771752 0.113111 0.0741005 0.0525337 0.0229764 0.00759418 0.00175318 0 0 0
 0 0 0 0 0 0 0 0 0 0 0.00219441 0.00772107 0.0458388 0.0604681 0.0671733 0.0775358 0.0609151 0.0617685 0.073594 0.0568108 0.0755445 0.0548602 0.0670107 0.0636378 0.0643287 0.046367 0.0373049 0.0286899 0.0247887 0.0153202 0.00654259 0.00121912 0.000365735 0 0 0
 0 0 0 0 0 0 0 0 0 0 0 0 0.000112435 0.00938835 0.0111873 0.0202946 0.0414886 0.0713402 0.111592 0.104902 0.108894 0.110636 0.117776 0.105296 0.107544 0.0401394 0.0192827 0.0124803 0.00416011 0.0028671 0.000618394 0 0 0 0 0
 0 0 0 0 0 0 0 0 0 0 0.00291406 0.0102884 0.027416 0.0768956 0.0749926 0.110853 0.0956884 0.0897413 0.0766577 0.0534642 0.0500743 0.0551293 0.0594112 0.0620874 0.0668451 0.0424026 0.0208742 0.0120726 0.0048766 0.00582813 0.00118941 0.000297354 0 0 0 0
 0 0.00264628 0.0354308 0.0461629 0.0458689 0.0383711 0.0214643 0.0164657 0.0346957 0.0420465 0.0363128 0.0245516 0.0311673 0.0291091 0.0169068 0.0133784 0.00837989 0.0085269 0.0148486 0.0160247 0.0276389 0.0546898 0.0760071 0.122758 0.109233 0.0665981 0.0333725 0.0166128 0.00676272 0.00308733 0.000882094 0 0 0 0 0
 0 0 0 0 0 0 0 0.000805153 0.000690131 0.00759144 0.0133425 0.0154129 0.00931677 0.000345066 0.00356568 0.00563607 0.00851162 0.0253048 0.0502646 0.0516448 0.0657925 0.0565908 0.0611916 0.0827007 0.0866115 0.110766 0.145733 0.0935128 0.0569358 0.0249597 0.0138026 0.00621118 0.00161031 0.00115022 0 0
 0 0 0 0 0 0 0 0 0 0 0 0 0 0 0 0 0 0 0 0 0 0 0 0 0 0 0 0 0 0 0 0 0 0 0 0
 0.00147267 0.00158595 0.00478618 0.00569244 0.00954404 0.0108468 0.00647125 0.017049 0.0510054 0.094081 0.124002 0.0959785 0.0687766 0.0820023 0.061753 0.0591476 0.0492212 0.0479892 0.0443925 0.0268479 0.0217502 0.0140895 0.0121071 0.0120363 0.00920419 0.00665534 0.0049561 0.00860946 0.00930331 0.0156896 0.0114698 0.00855282 0.00243557 0.00046729 0 2.83206e-05
 0 0 0 0 0.000772559 0.00158375 0.000888443 0.00281984 0.00712685 0.0440552 0.0773331 0.111326 0.0921469 0.0852325 0.0710754 0.0886704 0.0786465 0.0553345 0.0373146 0.0185414 0.00753245 0.00457741 0.012979 0.0271748 0.0457355 0.0583668 0.034881 0.0177882 0.00938659 0.00492506 0.0015258 0.00185414 0.000309023 5.79419e-05 3.86279e-05 0
 0 0.00173294 0.00326652 0 0.00397197 0.00683976 0.00946217 0.0152591 0.00757587 0.0136028 0.0228656 0.0392903 0.0559909 0.0764795 0.0681675 0.0726916 0.0566044 0.0477403 0.0527397 0.0444891 0.0609904 0.0582453 0.0661739 0.0445044 0.0529084 0.0360697 0.0280645 0.0235558 0.0158879 0.00826598 0.00280645 0.00217768 0.000904811 0.00058276 9.20147e-05 0
 0 0 0 0 0 0 0 0 0 0 0 0 0 0 0 0 0 0 0 0 0 0 0 0 0 0 0 0 0 0 0 0 0 0 0 0
 0 0 0 0 0 0 0 0 0 0 0 0 0 0 0 0 0 0 0 0 0 0 0 0 0 0 0 0 0 0 0 0 0 0 0 0
ppred_pel_tallas
 1.03153e-16 3.35901e-05 0.000197154 0.000937196 0.00360828 0.0112521 0.0284219 0.0581545 0.0963958 0.129452 0.140855 0.124211 0.0888428 0.0517046 0.0248239 0.0104793 0.004983 0.00400576 0.00490636 0.00654897 0.00850705 0.0105611 0.012523 0.0142151 0.0154955 0.0162842 0.0165738 0.0164193 0.0159136 0.0151572 0.014234 0.0132003 0.0120869 0.0109094 0.00968161 0.00842456
 1.03724e-16 8.9711e-07 5.14956e-06 2.42349e-05 9.28968e-05 0.000289334 0.00073179 0.00150409 0.00251875 0.00345985 0.00396865 0.003985 0.00390917 0.00441293 0.00612369 0.00947744 0.0147504 0.022088 0.0314332 0.042401 0.0542002 0.0656701 0.0754509 0.0822556 0.0851661 0.0838551 0.0786622 0.0704904 0.0605696 0.0501642 0.0403204 0.0317205 0.0246589 0.019115 0.0148747 0.0116497
 1.16809e-16 3.05167e-07 1.74469e-06 8.20375e-06 3.14364e-05 9.78561e-05 0.000247195 0.00050679 0.000844277 0.00114689 0.00128272 0.00121459 0.00105348 0.000995165 0.00121914 0.00185376 0.00301266 0.00483881 0.00751415 0.0112366 0.0161804 0.0224498 0.0300323 0.0387577 0.0482738 0.0580471 0.0673975 0.0755678 0.0818206 0.0855478 0.0863692 0.0841982 0.0792602 0.0720534 0.0632671 0.0536713
 1.34297e-16 4.60669e-07 2.66782e-06 1.26147e-05 4.84583e-05 0.000150977 0.000381312 0.000780677 0.0012962 0.00174749 0.00191948 0.0017359 0.00133732 0.000976908 0.000857293 0.00107179 0.00166057 0.00268628 0.0042665 0.00656738 0.0097815 0.0141003 0.0196811 0.0266079 0.03485 0.0442236 0.0543695 0.0647533 0.0746979 0.0834492 0.0902673 0.0945295 0.0958257 0.0940216 0.0892849 0.0820563
 1.42254e-16 2.56967e-06 1.50507e-05 7.14869e-05 0.000275136 0.00085787 0.00216686 0.004434 0.00735141 0.00987768 0.010762 0.00952419 0.00688706 0.0041632 0.00230167 0.00152533 0.00162386 0.00236385 0.00366896 0.00560533 0.00831501 0.0119648 0.0167116 0.022671 0.0298829 0.0382757 0.0476348 0.0575853 0.0675968 0.0770186 0.085143 0.0912916 0.0949102 0.0956519 0.0934304 0.0884389
 1.00998e-16 4.25515e-05 0.000249776 0.00118739 0.00457164 0.0142563 0.0360101 0.0736797 0.122125 0.16399 0.1784 0.157232 0.112269 0.0649495 0.0304527 0.0115928 0.00362234 0.000996385 0.000346653 0.000271657 0.000340464 0.000451905 0.000587256 0.000743076 0.000917584 0.0011083 0.00131124 0.00152023 0.00172634 0.0019179 0.0020813 0.00220257 0.00226951 0.00227385 0.00221282 0.00208997
 1.00827e-16 1.12389e-06 6.47107e-06 3.04956e-05 0.000116965 0.000364364 0.000921436 0.00189291 0.00316617 0.00433806 0.00494733 0.00490292 0.00468519 0.00510474 0.00690285 0.0105683 0.0163848 0.0244819 0.0347612 0.0467566 0.0595458 0.0717951 0.0819567 0.0885817 0.09066 0.087873 0.0806789 0.0701894 0.0578932 0.0453119 0.0337017 0.0238772 0.0161777 0.0105498 0.00668892 0.00418507
 1.04125e-16 3.06691e-05 0.000180013 0.000855722 0.00329461 0.010274 0.0259511 0.0530983 0.0880128 0.118188 0.128584 0.113353 0.0809957 0.0469776 0.0222605 0.00890624 0.00353817 0.00221514 0.00257083 0.00365548 0.00520733 0.00717768 0.00953897 0.0122248 0.015114 0.018032 0.0207629 0.0230733 0.0247435 0.0256012 0.0255508 0.0245915 0.0228192 0.0204107 0.0175947 0.0146159
 1.05154e-16 6.62931e-06 3.88171e-05 0.000184327 0.000709345 0.00221174 0.00558744 0.0114379 0.0189797 0.0255498 0.0279631 0.0250457 0.0187577 0.01262 0.00924992 0.00939602 0.012629 0.0183031 0.0259084 0.0349408 0.0446991 0.0542274 0.06242 0.0682339 0.0709284 0.0702429 0.0664555 0.0602951 0.0527447 0.0448016 0.0372749 0.0306713 0.0251846 0.0207636 0.0172181 0.0143193
 1.06638e-16 2.37906e-05 0.000139621 0.000663673 0.00255514 0.00796794 0.0201264 0.0411814 0.0682635 0.0916783 0.0997705 0.0880198 0.0630412 0.0368619 0.0180293 0.00819831 0.00480881 0.00485173 0.00651143 0.0090265 0.0121153 0.0156105 0.0193285 0.0230533 0.0265575 0.0296296 0.0320936 0.0338179 0.0347163 0.0347458 0.0339076 0.0322495 0.029871 0.0269207 0.0235866 0.0200771
 1.0423e-16 2.35401e-05 0.000138133 0.000656561 0.00252769 0.00788229 0.0199103 0.0407406 0.0675383 0.0907207 0.0987711 0.0872398 0.0627034 0.0371074 0.0189686 0.00999182 0.00770115 0.00913876 0.0124592 0.0167672 0.0215437 0.0263079 0.0305453 0.0337696 0.0356256 0.0359681 0.0348904 0.0326851 0.0297581 0.026524 0.0233184 0.020351 0.0177046 0.0153673 0.0132793 0.011375
 1.06323e-16 4.22426e-06 2.47023e-05 0.000117234 0.000451039 0.00140624 0.00355273 0.00727435 0.012077 0.0162765 0.0178634 0.016117 0.0123232 0.00877933 0.00723075 0.0082529 0.0116772 0.0171786 0.0244694 0.033186 0.0427426 0.0522969 0.0608471 0.0674189 0.0712779 0.0720922 0.0699939 0.0655144 0.0594268 0.0525494 0.0455777 0.0389889 0.0330286 0.0277599 0.0231387 0.0190842
 1.13317e-16 1.05748e-05 6.20303e-05 0.000294795 0.00113486 0.00353883 0.00893888 0.0182912 0.0303237 0.0407366 0.0443629 0.0392111 0.0282442 0.0168429 0.00886031 0.00510788 0.00454136 0.00592497 0.00854681 0.0121395 0.0166071 0.0218486 0.0276933 0.033894 0.0401463 0.046112 0.0514451 0.0558127 0.0589179 0.0605246 0.0604862 0.058772 0.0554853 0.050861 0.0452424 0.0390381
 1.20007e-16 1.47625e-06 8.59467e-06 4.07131e-05 0.000156511 0.000487837 0.00123263 0.00252529 0.00419817 0.00567512 0.00627354 0.00576669 0.00463701 0.00373619 0.00374673 0.00496623 0.00744598 0.0111773 0.0161357 0.0222182 0.0291766 0.0366044 0.043988 0.0508015 0.0566139 0.0611668 0.0643983 0.0664017 0.0673439 0.0673747 0.0665669 0.0649054 0.062324 0.0587666 0.0542481 0.0488891
 1.29733e-16 1.17938e-06 6.88016e-06 3.26249e-05 0.000125476 0.000391132 0.000987989 0.00202246 0.00335625 0.00451906 0.00494869 0.00443933 0.00334142 0.00228616 0.00175508 0.00191706 0.00276099 0.00427739 0.00653044 0.00963674 0.013718 0.0188606 0.0250863 0.0323299 0.0404221 0.0490808 0.0579111 0.066422 0.0740609 0.0802672 0.0845391 0.0865029 0.0859714 0.0829749 0.0777601 0.0707562
 1.33927e-16 4.68346e-06 2.74564e-05 0.000130456 0.000502167 0.00156584 0.00395517 0.00809328 0.0134176 0.0180261 0.0196334 0.0173598 0.0125188 0.00749598 0.00400558 0.0024237 0.0023175 0.00318704 0.0047877 0.00709941 0.0102065 0.0142137 0.0192033 0.0252087 0.0321912 0.0400173 0.0484385 0.0570822 0.065461 0.0730065 0.0791285 0.0832912 0.0850939 0.0843357 0.0810529 0.0755173
 1.18251e-16 2.13244e-05 0.000125147 0.000594874 0.00229027 0.00714196 0.01804 0.0369122 0.0611862 0.0821719 0.0894208 0.078879 0.056472 0.0329747 0.0160404 0.007142 0.00397319 0.00382656 0.00507005 0.00702805 0.00947304 0.0123041 0.0154328 0.0187669 0.0222202 0.0257209 0.0292061 0.032605 0.035817 0.038696 0.0410523 0.0426736 0.0433625 0.0429788 0.0414732 0.038907
 1.09341e-16 1.41657e-05 8.30865e-05 0.000394841 0.00151997 0.00473971 0.0119725 0.0245004 0.0406235 0.0545905 0.0594959 0.052695 0.0381907 0.023237 0.0130513 0.00877468 0.00903457 0.0121386 0.0169951 0.0229804 0.0295762 0.0361799 0.0421091 0.0467157 0.0495288 0.0503624 0.0493498 0.0468881 0.0435173 0.0397758 0.0360816 0.0326716 0.0296055 0.0268174 0.0241867 0.0216021
 1.05347e-16 2.51176e-05 0.000147404 0.000700659 0.00269752 0.00841192 0.0212479 0.0434768 0.0720703 0.0967967 0.105356 0.0929834 0.0666742 0.039142 0.0194306 0.00930763 0.00608411 0.00657945 0.00884371 0.0120022 0.0156487 0.0194722 0.0231453 0.0263409 0.0287905 0.0303326 0.0309355 0.0306819 0.0297281 0.0282525 0.0264138 0.0243299 0.0220797 0.0197176 0.0172926 0.014861
 1.0641e-16 5.62374e-06 3.29187e-05 0.000156296 0.00060144 0.00187526 0.00473744 0.00969834 0.0160947 0.0216712 0.0237315 0.0212869 0.0160106 0.0109036 0.00820849 0.00858936 0.0117156 0.0170716 0.0242481 0.0328238 0.042187 0.0514842 0.0597123 0.0659068 0.0693564 0.0697644 0.0673069 0.0625612 0.0563395 0.0494841 0.042694 0.0364276 0.030893 0.0261041 0.0219652 0.0183503
 1.09452e-16 1.86147e-05 0.000109232 0.000519201 0.00199889 0.00623326 0.0157448 0.0322164 0.0534044 0.0717275 0.0780716 0.0689076 0.0494208 0.0290364 0.0144645 0.00703114 0.00477063 0.00536816 0.00743819 0.0104083 0.0140626 0.0182519 0.0227899 0.0274441 0.0319572 0.0360748 0.0395668 0.0422384 0.0439365 0.0445548 0.0440418 0.0424127 0.0397597 0.0362515 0.0321222 0.0276453
 1.03034e-16 3.35342e-05 0.000196824 0.000935624 0.00360222 0.0112332 0.0283741 0.058057 0.0962347 0.129237 0.140627 0.124021 0.0887308 0.051688 0.0249062 0.0106673 0.00529562 0.00447088 0.00555026 0.00738361 0.00951818 0.0117002 0.0137059 0.0153296 0.0164182 0.0169024 0.0168078 0.0162389 0.0153439 0.0142726 0.0131423 0.0120217 0.0109332 0.0098685 0.00880914 0.00774312
 1.02616e-16 1.25331e-05 7.34844e-05 0.000349154 0.001344 0.0041909 0.0105865 0.0216658 0.0359302 0.0483035 0.0526965 0.0467977 0.0341877 0.0213407 0.0129507 0.0101203 0.0117244 0.0163204 0.0229259 0.0308697 0.0394559 0.0478118 0.0549425 0.0599096 0.0620428 0.0611007 0.057327 0.0513755 0.0441393 0.0365385 0.0293368 0.0230346 0.0178516 0.0137784 0.0106639 0.00830104
 1.03222e-16 2.92653e-05 0.00017176 0.000816462 0.00314341 0.00980242 0.0247601 0.0506625 0.083979 0.112782 0.122731 0.108262 0.0775069 0.0452539 0.022004 0.00977209 0.00537873 0.00508303 0.00660402 0.008953 0.0117333 0.0147007 0.0176144 0.0202293 0.0223308 0.0237711 0.0244875 0.0244982 0.0238802 0.0227401 0.0211895 0.0193319 0.0172607 0.015064 0.0128292 0.0106434
pSPR Fmed_Fpbrs
0.37021   0.255447 0.255447
Fs Fmed_Fpbrs
0.64   1.005 1.005
SSBpbr Bo_Bmed_Bpbrs
4.96859e+06  1.59099e+06  1.02078e+06 1.02078e+06
Ro
28096.7
SPR SPRFo_SPRFmed_SPRFpbrs
578117 214025 147678
log_Ro
10.0634
likeval ReclasPelacesDesembMPH_pf_preclas_ppelaces_ptallas_desvR_qrecl_qpela
 0.00418947 48.6614 13886.7 206.922 556.218 415.097 87.2071 0 135.652 0 0 0 0 0 0
q_reclas_q_pelaces
1 1
M
0.7
N
 212107 16704.1 8294.99 4119.17 4063.29
 4343.36 99652.7 7424.97 3687.13 3637.11
 674.147 2040.6 44295.7 3300.41 3255.63
 473.209 316.729 907.051 19689.5 2914.17
 1287.31 222.324 140.786 403.185 10047.3
 412539 604.807 98.8233 62.5797 4645.27
 9448.87 193820 268.837 43.927 2092.64
 414472 4439.29 86153.1 119.498 949.708
 80054.3 194728 1973.27 38295.1 475.263
 325766 37611.2 86556.8 877.119 17233.5
 483560 153052 16718.2 38474.6 8050.18
 65576.8 227187 68031.7 7431.27 20680.3
 106480 30809.4 100985 30240.1 12495.6
 8376.39 50026.7 13694.8 44887.9 18996.1
 3178.71 3935.41 22236.9 6087.36 28396.5
 6519.64 1493.43 1749.29 9884.33 15328.1
 28681.1 3063.07 663.829 777.563 11206.9
 18744.5 13475 1361.54 295.073 5327.13
 46362.3 8806.58 5989.64 605.205 2499.07
 8344.64 21782 3914.53 2662.4 1379.85
 24343.9 3920.5 9682.12 1740.01 1796.79
 120921 11437.3 1742.66 4303.71 1572.11
 50084.6 56811.6 5083.88 774.616 2611.81
 204450 23530.8 25252.8 2259.79 1505.27
pred_Ctot
 8247.49 1268.07 629.704 312.702 308.459
 168.885 7565 563.657 279.904 276.107
 26.2132 154.91 3362.65 250.546 247.147
 18.4001 24.0441 68.8575 1494.7 221.225
 50.0552 16.8774 10.6876 30.6072 762.731
 16041 45.9131 7.50204 4.75065 352.64
 367.406 14713.6 20.4084 3.33466 158.86
 16116.2 337.003 6540.2 9.07156 72.0958
 3112.79 14782.5 149.798 2907.12 36.079
 12666.9 2855.21 6570.85 66.5853 1308.26
 18802.5 11618.7 1269.14 2920.75 611.119
 2549.86 17246.6 5164.54 564.135 1569.92
 4140.33 2338.86 7666.14 2295.64 948.588
 325.704 3797.71 1039.62 3407.61 1442.06
 123.599 298.752 1688.09 462.114 2155.68
 253.507 113.371 132.795 750.356 1163.61
 1115.22 232.529 50.3937 59.0277 850.761
 728.853 1022.94 103.359 22.4 404.402
 1802.73 668.54 454.696 45.9433 189.714
 324.469 1653.55 297.167 202.113 104.75
 946.576 297.619 735.006 132.091 136.401
 4701.86 868.246 132.292 326.711 119.345
 1947.47 4312.77 385.936 58.8039 198.272
 7949.74 1786.31 1917.03 171.549 114.27
F
 0.0554016 0.110803 0.110803 0.110803 0.110803
 0.0554016 0.110803 0.110803 0.110803 0.110803
 0.0554016 0.110803 0.110803 0.110803 0.110803
 0.0554016 0.110803 0.110803 0.110803 0.110803
 0.0554016 0.110803 0.110803 0.110803 0.110803
 0.0554016 0.110803 0.110803 0.110803 0.110803
 0.0554016 0.110803 0.110803 0.110803 0.110803
 0.0554016 0.110803 0.110803 0.110803 0.110803
 0.0554016 0.110803 0.110803 0.110803 0.110803
 0.0554016 0.110803 0.110803 0.110803 0.110803
 0.0554016 0.110803 0.110803 0.110803 0.110803
 0.0554016 0.110803 0.110803 0.110803 0.110803
 0.0554016 0.110803 0.110803 0.110803 0.110803
 0.0554016 0.110803 0.110803 0.110803 0.110803
 0.0554016 0.110803 0.110803 0.110803 0.110803
 0.0554016 0.110803 0.110803 0.110803 0.110803
 0.0554016 0.110803 0.110803 0.110803 0.110803
 0.0554016 0.110803 0.110803 0.110803 0.110803
 0.0554016 0.110803 0.110803 0.110803 0.110803
 0.0554016 0.110803 0.110803 0.110803 0.110803
 0.0554016 0.110803 0.110803 0.110803 0.110803
 0.0554016 0.110803 0.110803 0.110803 0.110803
 0.0554016 0.110803 0.110803 0.110803 0.110803
 0.0554016 0.110803 0.110803 0.110803 0.110803
Np
 28337.9 8513.89 17460.2 1901.24 2411.26
YTP_r0W_actual
 478136 215629 334933 39236.1 31943.5
YTP_p0W_proyectada
 67929.1 1.00067e+06 158400 217091 31141.1
 67929.1 88694.7 264419 36770.4 51751.1
CTP_r0_actual
 59767 11348.9 12179.4 1089.89 725.989
CTP_p0_proyectada
 8284.03 46327.2 5044.59 5413.75 699.801
 8284.03 4106.24 8421 916.967 1162.95
Wmedp
 8.2 21.6 31.4 40.1 44.5
nmprior
 10.8 10.6 4.6 0
nm_flota  nm_reclas  nm_pelaces    nm_pelaL
inf 1.32281 3.2777 4.15607
cv_recla  cv_pelaces  cv_mph
1.99749 0.820837 2.03432
 ------------------------------------------------
Talla a la edad & desviaci?n 
 7.2 14.2025 17.0495 18.207 18.6776
 1.08 2.13037 2.55742 2.73105 2.80164
