    unsorted:	 7.472995920e-06 0.007751573588 0.002099469311 1.206052434 6.500673825 11.40910652 16.69098014 17.18443706 15.18746374 27.06530072 58.23989669 71.40011777 166.4667338 149.3574735 141.9344355 214.5182521 304.0918252 374.6127075 434.9439447 495.9507643 567.9573719 692.2401737 730.6112657 788.4546339 866.2247496 1037.754114 1192.582294 1349.819204 1449.436404 1823.822538 2112.678720 2293.357802 2411.004749 2555.197694 2695.670496 2827.986430 3669.125461 4171.920833 4446.726652 6981.794452 213385.3773 452205.1239 434520.1907 406119.0074 395165.3738 351948.5234 492323.9075 274428.6535 536825.9977 602466.4368 643909.2809 812779.2899 849974.2386 991376.9665 1144323.293 1255421.445 1456348.273 1773609.125 1864095.263 2115015.527 2311304.481 2427626.585 2571818.426 29087343.29
      sorted:	 7.472995920e-06 0.002099469311 0.007751573588 1.206052434 6.500673825 11.40910652 15.18746374 16.69098014 17.18443706 27.06530072 58.23989669 71.40011777 141.9344355 149.3574735 166.4667338 214.5182521 304.0918252 374.6127075 434.9439447 495.9507643 567.9573719 692.2401737 730.6112657 788.4546339 866.2247496 1037.754114 1192.582294 1349.819204 1449.436404 1823.822538 2112.678720 2293.357802 2411.004749 2555.197694 2695.670496 2827.986430 3669.125461 4171.920833 4446.726652 6981.794452 213385.3773 274428.6535 351948.5234 395165.3738 406119.0074 434520.1907 452205.1239 492323.9075 536825.9977 602466.4368 643909.2809 812779.2899 849974.2386 991376.9665 1144323.293 1255421.445 1456348.273 1773609.125 1864095.263 2115015.527 2311304.481 2427626.585 2571818.426 29087343.29
