years
 1997 1998 1999 2000 2001 2002 2003 2004 2005 2006 2007 2008 2009 2010 2011 2012 2013 2014 2015 2016 2017 2018 2019
reclasobs
 0 0 0 370054 412103 1.49427e+06 250295 1.28982e+06 931140 785840 897777 1.04006e+06 184774 17550 25797 100020 73551 82996 120727 218422 84188 347160 605670
reclaspred
 479077 110025 179507 95734.4 185872 208893 704098 508410 682690 775094 644607 453385 333085 164690 104965 88613.2 93601 123959 133775 198505 306974 261043 375763
pelacesobs
 0 0 0 0 0 0 0 0 0 2.06254e+06 1.5e+06 0 1.87456e+06 323000 250000 174000 83755 137374 0 501740 490994 745055 786931
pelacespred
 1.53698e+06 284717 276399 230023 413169 321594 1.68513e+06 1.21904e+06 1.58455e+06 1.79104e+06 1.3196e+06 979348 718835 289807 183967 169537 186274 251860 273184 399999 713683 598812 692470
mphobs
 0 0 0 0 0 0 112323 0 153150 637223 0 255016 313432 73983 77613 109348 50772 17779 17303 59886 28197 0 207744
mphpred
 194404 98568.4 84757.7 51242.8 57401 111296 186616 305275 275401 349449 393023 275762 176913 119304 57335.1 42095.1 39481.9 49853.2 32369.4 36492.5 61569.8 78670.9 83457.5
desembarqueobs
 350755 77701 442110 56441 14545 235359 269955 359681 431902 328805 639364 411747 362871 311530 167758 66681 60226 58785 57116 73181 50977 67692 138656
desembarquepred
 350762 77699.3 442106 56448 14545.2 235385 269946 359629 431773 328751 639212 411671 362795 311709 167820 66705.9 60253.2 58777.8 57099.8 73172.5 50975.7 67683 138652
Reclutas
 32323.3 35868.3 12547.5 16709.9 36445.5 33466.7 81137.8 62087.4 108027 126502 65090.1 48980 59185.8 26444.5 13977.8 13049.6 10075.5 12652 14529.4 24913.8 33002.9 31124.4 42037.5
log_desv_Rt
 0.0150627 0.119129 -0.931206 -0.644726 0.135094 0.0498256 0.935423 0.667817 1.22165 1.37954 0.715047 0.430687 0.619957 -0.185677 -0.823253 -0.891965 -1.15062 -0.922908 -0.784549 -0.245303 0.0358708 -0.0227326 0.277836
SSB
 439465 222822 191601 115838 129759 251594 408288 680784 605633 772368 888458 623382 413891 273209 136388 101360 99522.1 119650 149882 177994 283301 352891 385566
BT
 1.42331e+06 337021 441931 228116 315278 413380 1.44631e+06 1.27309e+06 1.56391e+06 1.61834e+06 1.51509e+06 1.0802e+06 874848 499741 273111 177804 185052 230329 244547 349211 559944 488903 593886
Ftot
 0.753726 0.767093 1.82958 0.638695 0.104643 0.95446 0.528728 0.708074 0.796456 0.473348 0.809408 0.7545 1.11512 1.53936 1.4343 0.676399 0.611431 0.467538 0.377381 0.380737 0.163871 0.207159 0.295313
BD_Bspro_t
 0.909764 0.614305 0.461416 0.212381 0.335286 0.548956 0.522383 0.604912 0.539007 0.551724 0.556201 0.398386 0.309665 0.254251 0.159829 0.147897 0.19516 0.299375 0.409257 0.512027 0.648987 0.74953 0.732753
BD_Bspro
 0.669623 0.339518 0.291947 0.176505 0.197717 0.38336 0.622118 1.03733 0.922816 1.17687 1.35376 0.949861 0.630655 0.416295 0.207818 0.154445 0.151644 0.182313 0.228379 0.271213 0.431673 0.537708 0.587495
BD_Bo
 0.524299 0.265835 0.228588 0.1382 0.154808 0.300162 0.487105 0.812203 0.722544 0.921466 1.05997 0.743719 0.493789 0.325949 0.162717 0.120927 0.118734 0.142747 0.178815 0.212354 0.33799 0.421013 0.459996
BD_Brms
 1.7459 0.885223 0.761192 0.460201 0.515507 0.999531 1.62204 2.70461 2.40605 3.06846 3.52966 2.47657 1.6443 1.0854 0.541842 0.402683 0.39538 0.475344 0.59545 0.707131 1.1255 1.40196 1.53177
S_f
 0.149776 1 1 1 1
 0.149776 1 1 1 1
 0.149776 1 1 1 1
 0.149776 1 1 1 1
 0.149776 1 1 1 1
 0.149776 1 1 1 1
 0.149776 1 1 1 1
 0.149776 1 1 1 1
 0.149776 1 1 1 1
 0.149776 1 1 1 1
 0.149776 1 1 1 1
 0.149776 1 1 1 1
 0.149776 1 1 1 1
 0.149776 1 1 1 1
 0.149776 1 1 1 1
 0.149776 1 1 1 1
 0.149776 1 1 1 1
 0.149776 1 1 1 1
 0.149776 1 1 1 1
 0.149776 1 1 1 1
 0.149776 1 1 1 1
 0.149776 1 1 1 1
 0.149776 1 1 1 1
Scru_reclas
 0.934035 1 1 1 1
 0.934035 1 1 1 1
 0.934035 1 1 1 1
 0.934035 1 1 1 1
 0.934035 1 1 1 1
 0.934035 1 1 1 1
 0.934035 1 1 1 1
 0.934035 1 1 1 1
 0.934035 1 1 1 1
 0.934035 1 1 1 1
 0.934035 1 1 1 1
 0.934035 1 1 1 1
 0.934035 1 1 1 1
 0.934035 1 1 1 1
 0.934035 1 1 1 1
 0.934035 1 1 1 1
 0.934035 1 1 1 1
 0.934035 1 1 1 1
 0.934035 1 1 1 1
 0.934035 1 1 1 1
 0.934035 1 1 1 1
 0.934035 1 1 1 1
 0.934035 1 1 1 1
Scru_pelaces
 0.921497 1 1 1 1
 0.921497 1 1 1 1
 0.921497 1 1 1 1
 0.921497 1 1 1 1
 0.921497 1 1 1 1
 0.921497 1 1 1 1
 0.921497 1 1 1 1
 0.921497 1 1 1 1
 0.921497 1 1 1 1
 0.921497 1 1 1 1
 0.921497 1 1 1 1
 0.921497 1 1 1 1
 0.921497 1 1 1 1
 0.921497 1 1 1 1
 0.921497 1 1 1 1
 0.921497 1 1 1 1
 0.921497 1 1 1 1
 0.921497 1 1 1 1
 0.921497 1 1 1 1
 0.921497 1 1 1 1
 0.921497 1 1 1 1
 0.921497 1 1 1 1
 0.921497 1 1 1 1
pf_obs 
 0.256992 0.487395 0.22802 0.0275931 0
 0.321318 0.546541 0.124235 0.00734118 0.000564706
 0.182869 0.594174 0.210203 0.0122559 0.00049798
 0.330522 0.361315 0.267642 0.0388342 0.00168674
 0.649043 0.306663 0.0425973 0.00169635 0
 0.582887 0.30429 0.105238 0.00758474 0
 0.465427 0.430635 0.0974691 0.00646863 0
 0.296916 0.608066 0.0921331 0.00288517 0
 0.311714 0.524322 0.152257 0.0117073 0
 0.15457 0.633149 0.183074 0.0267441 0.00246327
 0.131901 0.49318 0.331252 0.0422183 0.00144891
 0.196976 0.569456 0.194076 0.0375587 0.00193317
 0.518974 0.381816 0.0799577 0.0180837 0.00116848
 0.0928022 0.601141 0.25162 0.0475244 0.00691264
 0.122501 0.610282 0.24278 0.0234846 0.000952079
 0.383417 0.481906 0.127806 0.00687128 0
 0.0376549 0.599619 0.316969 0.0457579 0
 0.0361596 0.667082 0.258105 0.0386534 0
 0.158088 0.579412 0.248529 0.0139706 0
 0.0477256 0.309471 0.559284 0.082774 0.000745712
 0.0406174 0.521527 0.379366 0.0568643 0.0016247
 0.151134 0.462217 0.34131 0.0453401 0
 0.294876 0.26143 0.354403 0.0886775 0.000613685
pf_pred 
 0.29851 0.493199 0.186098 0.0221837 9.95736e-06
 0.282535 0.578229 0.097893 0.0369378 0.00440514
 0.141783 0.682013 0.142009 0.0240418 0.0101535
 0.330991 0.500712 0.133743 0.0278481 0.00670574
 0.381509 0.506927 0.0834984 0.0223029 0.00576218
 0.240056 0.617362 0.116863 0.0192491 0.00646992
 0.440842 0.43309 0.102415 0.0193866 0.00426657
 0.218086 0.682164 0.0772603 0.0182702 0.00421957
 0.358146 0.466332 0.153131 0.0173432 0.00504845
 0.28549 0.605774 0.0790004 0.0259416 0.00379333
 0.145132 0.659189 0.1659 0.0216354 0.00814333
 0.173447 0.521197 0.23546 0.059259 0.0106369
 0.284477 0.480829 0.14799 0.0668573 0.0198465
 0.17656 0.679609 0.0966542 0.0297484 0.0174288
 0.195807 0.614907 0.156223 0.0222181 0.0108447
 0.255532 0.577912 0.127353 0.0323553 0.00684764
 0.195995 0.613275 0.148059 0.0326274 0.0100437
 0.252404 0.514495 0.177803 0.0429259 0.0123714
 0.239428 0.562407 0.136377 0.0471303 0.0146577
 0.310295 0.494206 0.144562 0.0350547 0.0158821
 0.260405 0.579471 0.114736 0.033562 0.0118256
 0.184211 0.585567 0.180378 0.0357152 0.0141283
 0.226256 0.483531 0.208313 0.0641688 0.0177316
pobs_RECLAS
 0 0 0 0 0
 0 0 0 0 0
 0 0 0 0 0
 0 0 0 0 0
 0.835266 0.146461 0.0176864 0.000547809 3.91292e-05
 0.385257 0.428462 0.181853 0.0044286 0
 0.867414 0.0963971 0.0333333 0.00285562 0
 0.441836 0.489002 0.0689373 0.000224442 0
 0.779404 0.147425 0.0564933 0.0165055 0.000172143
 0.814271 0.122319 0.05973 0.00367925 0
 0.40263 0.566651 0.0304383 0.000280538 0
 0.475488 0.404961 0.113038 0.00651328 0
 0.955842 0.0263864 0.0167828 0.000988607 0
 0.975058 0.0227948 0.00214734 0 0
 0.738997 0.206755 0.0527124 0.00153531 0
 0.850938 0.134255 0.0134407 0.00136685 0
 0.542534 0.407297 0.0501686 0 0
 0.764087 0.199537 0.0359546 0.000420521 0
 0.470689 0.182191 0.310203 0.0369168 0
 0.84361 0.089868 0.0606195 0.00523954 0.000663233
 0.607945 0.314616 0.071237 0.00620181 0
 0.523733 0.453247 0.0230204 0 0
 0.530135 0.295979 0.169645 0.0042399 0
ppred_RECLAS
 0.737911 0.184267 0.0695293 0.00828822 3.72024e-06
 0.722934 0.223297 0.0378037 0.0142644 0.00170115
 0.560769 0.349051 0.0726796 0.0123045 0.00519653
 0.76387 0.176729 0.0472053 0.00982913 0.00236682
 0.794589 0.168359 0.0277313 0.00740719 0.00191372
 0.681381 0.258839 0.0489968 0.00807049 0.00271262
 0.836114 0.126936 0.0300173 0.00568211 0.00125051
 0.647457 0.307569 0.0348345 0.00823751 0.00190249
 0.787641 0.154287 0.0506635 0.00573803 0.00167029
 0.720122 0.237286 0.0309449 0.0101615 0.00148587
 0.530542 0.362 0.0911056 0.0118813 0.00447199
 0.581331 0.263999 0.119266 0.0300161 0.00538783
 0.733134 0.179333 0.0551954 0.0249355 0.00740206
 0.611963 0.320258 0.0455473 0.0140186 0.00821315
 0.637865 0.276898 0.0703486 0.010005 0.00488347
 0.692571 0.238649 0.0525906 0.0133612 0.00282774
 0.613856 0.294541 0.0711092 0.0156702 0.00482373
 0.684845 0.21689 0.0749545 0.0180958 0.00521526
 0.667905 0.245568 0.0595476 0.0205789 0.00640009
 0.741939 0.184913 0.0540896 0.0131161 0.00594247
 0.68904 0.243637 0.0482404 0.014111 0.00497205
 0.587633 0.295994 0.0911779 0.0180534 0.00714159
 0.649939 0.218762 0.0942462 0.0290316 0.00802222
pobs_PELACES
 0 0 0 0 0
 0 0 0 0 0
 0 0 0 0 0
 0 0 0 0 0
 0 0 0 0 0
 0 0 0 0 0
 0 0 0 0 0
 0 0 0 0 0
 0 0 0 0 0
 0 0 0 0 0
 0.450072 0.473896 0.0757376 0.000293798 0
 0 0 0 0 0
 0.463077 0.371075 0.160297 0.00555027 0
 0.529543 0.364841 0.0842815 0.0213345 0
 0.631943 0.363953 0.00410389 0 0
 0.735681 0.248677 0.0153453 0.000297389 0
 0.695825 0.281241 0.0229344 0 0
 0.275771 0.60734 0.115278 0.00161068 0
 0 0 0 0 0
 0.896147 0.0623911 0.0374545 0.00400742 0
 0.803859 0.145111 0.0509908 3.86294e-05 0
 0.739449 0.233085 0.0266225 0.000797448 4.60066e-05
 0.878498 0.100942 0.0204185 0.000141795 0
ppred_PELACES
 0.774361 0.15864 0.0598595 0.00713554 3.20285e-06
 0.761473 0.192237 0.0325453 0.0122803 0.00146452
 0.677892 0.255975 0.0532992 0.00902344 0.00381085
 0.792441 0.155345 0.0414936 0.00863983 0.00208045
 0.797163 0.166249 0.0273837 0.00731436 0.00188973
 0.733882 0.216188 0.0409232 0.00674066 0.00226564
 0.853763 0.113266 0.0267847 0.00507019 0.00111584
 0.688482 0.271777 0.0307808 0.00727892 0.0016811
 0.820644 0.130309 0.0427899 0.00484628 0.00141071
 0.743523 0.217446 0.0283575 0.00931185 0.00136163
 0.583195 0.321398 0.0808874 0.0105487 0.00397042
 0.628647 0.234163 0.105787 0.0266238 0.00477892
 0.787504 0.142797 0.0439503 0.0198553 0.00589402
 0.705569 0.243002 0.0345599 0.0106369 0.00623189
 0.722124 0.212471 0.0539804 0.00767711 0.00374722
 0.728778 0.210543 0.0463968 0.0117876 0.0024947
 0.650579 0.266529 0.0643465 0.0141799 0.00436498
 0.709672 0.199804 0.0690497 0.0166702 0.00480441
 0.688067 0.23066 0.0559325 0.0193296 0.00601154
 0.759398 0.172403 0.0504301 0.0122288 0.00554043
 0.695953 0.23822 0.047168 0.0137973 0.00486152
 0.598399 0.288266 0.0887975 0.017582 0.00695514
 0.665547 0.209008 0.090044 0.0277371 0.00766453
pobs_pel_tallas
 0 0 0 0 0 0 0 0 0 0 0 0 0 0 0 0 0 0 0 0 0 0 0 0 0 0 0 0 0 0 0 0 0 0 0 0
 0 0 0 0 0 0 0 0 0 0 0 0 0 0 0 0 0 0 0 0 0 0 0 0 0 0 0 0 0 0 0 0 0 0 0 0
 0 0 0 0 0 0 0 0 0 0 0 0 0 0 0 0 0 0 0 0 0 0 0 0 0 0 0 0 0 0 0 0 0 0 0 0
 0 0 0 0 0 0 0 0 0 0 0 0 0 0 0 0 0 0 0 0 0 0 0 0 0 0 0 0 0 0 0 0 0 0 0 0
 0 0 0 0 0 0 0 0 0 0 0 0 0 0 0 0 0 0 0 0 0 0 0 0 0 0 0 0 0 0 0 0 0 0 0 0
 0 0 0 0 0 0 0 0 0 0 0 0 0 0 0 0 0 0 0 0 0 0 0 0 0 0 0 0 0 0 0 0 0 0 0 0
 0 0 0 0 0 0 0 0 0 0 0 0 0 0 0 0 0 0 0 0 0 0 0 0 0 0 0 0 0 0 0 0 0 0 0 0
 0 0 0 0 0 0 0 0 0 0 0 0 0 0 0 0 0 0 0 0 0 0 0 0 0 0 0 0 0 0 0 0 0 0 0 0
 0 0 0 0 0 0 0 0 0 0 0 0 0 0 0 0 0 0 0 0 0 0 0 0 0 0 0 0 0 0 0 0 0 0 0 0
 0 0 0 0 0 0 0 0 0 0 0 0 0 0 0 0 0 0 0 0 0 0 0 0 0 0 0 0 0 0 0 0 0 0 0 0
 0 0 0 0 0 0 0 0 1.78061e-05 0.00172719 0.00360574 0.0105946 0.0120993 0.0124554 0.0147524 0.0171206 0.0266825 0.0428682 0.0675386 0.121331 0.153587 0.119568 0.100827 0.0573624 0.0630603 0.0341343 0.0324427 0.0444173 0.0211091 0.0280891 0.0125444 0.00206551 0 0 0 0
 0 0 0 0 0 0 0 0 0 0 0 0 0 0 0 0 0 0 0 0 0 0 0 0 0 0 0 0 0 0 0 0 0 0 0 0
 0 0 0 0 0 0 0.0133647 0.0140871 0.0187388 0.0205184 0.03894 0.0496705 0.03968 0.0493445 0.0407372 0.0367815 0.0215668 0.0243155 0.0234873 0.0199281 0.019796 0.0243948 0.0301388 0.0376714 0.0412746 0.0863199 0.0771752 0.113111 0.0741005 0.0525337 0.0229764 0.00759418 0.00175318 0 0 0
 0 0 0 0 0 0 0 0 0 0 0.00219441 0.00772107 0.0458388 0.0604681 0.0671733 0.0775358 0.0609151 0.0617685 0.073594 0.0568108 0.0755445 0.0548602 0.0670107 0.0636378 0.0643287 0.046367 0.0373049 0.0286899 0.0247887 0.0153202 0.00654259 0.00121912 0.000365735 0 0 0
 0 0 0 0 0 0 0 0 0 0 0 0 0.000112435 0.00938835 0.0111873 0.0202946 0.0414886 0.0713402 0.111592 0.104902 0.108894 0.110636 0.117776 0.105296 0.107544 0.0401394 0.0192827 0.0124803 0.00416011 0.0028671 0.000618394 0 0 0 0 0
 0 0 0 0 0 0 0 0 0 0 0.00291406 0.0102884 0.027416 0.0768956 0.0749926 0.110853 0.0956884 0.0897413 0.0766577 0.0534642 0.0500743 0.0551293 0.0594112 0.0620874 0.0668451 0.0424026 0.0208742 0.0120726 0.0048766 0.00582813 0.00118941 0.000297354 0 0 0 0
 0 0.00264628 0.0354308 0.0461629 0.0458689 0.0383711 0.0214643 0.0164657 0.0346957 0.0420465 0.0363128 0.0245516 0.0311673 0.0291091 0.0169068 0.0133784 0.00837989 0.0085269 0.0148486 0.0160247 0.0276389 0.0546898 0.0760071 0.122758 0.109233 0.0665981 0.0333725 0.0166128 0.00676272 0.00308733 0.000882094 0 0 0 0 0
 0 0 0 0 0 0 0 0.000805153 0.000690131 0.00759144 0.0133425 0.0154129 0.00931677 0.000345066 0.00356568 0.00563607 0.00851162 0.0253048 0.0502646 0.0516448 0.0657925 0.0565908 0.0611916 0.0827007 0.0866115 0.110766 0.145733 0.0935128 0.0569358 0.0249597 0.0138026 0.00621118 0.00161031 0.00115022 0 0
 0 0 0 0 0 0 0 0 0 0 0 0 0 0 0 0 0 0 0 0 0 0 0 0 0 0 0 0 0 0 0 0 0 0 0 0
 0.00147267 0.00158595 0.00478618 0.00569244 0.00954404 0.0108468 0.00647125 0.017049 0.0510054 0.094081 0.124002 0.0959785 0.0687766 0.0820023 0.061753 0.0591476 0.0492212 0.0479892 0.0443925 0.0268479 0.0217502 0.0140895 0.0121071 0.0120363 0.00920419 0.00665534 0.0049561 0.00860946 0.00930331 0.0156896 0.0114698 0.00855282 0.00243557 0.00046729 0 2.83206e-05
 0 0 0 0 0.000772559 0.00158375 0.000888443 0.00281984 0.00712685 0.0440552 0.0773331 0.111326 0.0921469 0.0852325 0.0710754 0.0886704 0.0786465 0.0553345 0.0373146 0.0185414 0.00753245 0.00457741 0.012979 0.0271748 0.0457355 0.0583668 0.034881 0.0177882 0.00938659 0.00492506 0.0015258 0.00185414 0.000309023 5.79419e-05 3.86279e-05 0
 0 0.00173294 0.00326652 0 0.00397197 0.00683976 0.00946217 0.0152591 0.00757587 0.0136028 0.0228656 0.0392903 0.0559909 0.0764795 0.0681675 0.0726916 0.0566044 0.0477403 0.0527397 0.0444891 0.0609904 0.0582453 0.0661739 0.0445044 0.0529084 0.0360697 0.0280645 0.0235558 0.0158879 0.00826598 0.00280645 0.00217768 0.000904811 0.00058276 9.20147e-05 0
 0 0 0 0 0 0 0 0 0 0 0 0 0 0 0 0 0 0 0 0 0 0 0 0 0 0 0 0 0 0 0 0 0 0 0 0
ppred_pel_tallas
 1.01147e-16 3.3785e-05 0.000198294 0.000942607 0.0036291 0.011317 0.0285859 0.0584904 0.0969537 0.130204 0.141684 0.124964 0.0894296 0.0521435 0.0252163 0.0109555 0.0056661 0.00500064 0.00629524 0.00838013 0.0107764 0.0131944 0.0153673 0.0170455 0.0180396 0.0182597 0.0177315 0.0165817 0.015 0.0131913 0.0113344 0.00955772 0.00793511 0.00649565 0.00524065 0.00415905
 1.01016e-16 3.32243e-05 0.000194999 0.000926937 0.00356876 0.0111288 0.0281106 0.0575181 0.0953431 0.128044 0.139341 0.122917 0.0880053 0.0513953 0.0250075 0.0111243 0.0061242 0.00573797 0.00734061 0.00976038 0.0124875 0.0151842 0.0175304 0.0192309 0.0200717 0.0199672 0.0189787 0.0172927 0.0151698 0.0128821 0.0106581 0.00865148 0.00693584 0.00551979 0.00437195 0.00344513
 1.01329e-16 2.95824e-05 0.000173612 0.000825247 0.0031772 0.00990777 0.0250264 0.051208 0.084886 0.114009 0.124088 0.109511 0.0785148 0.0460706 0.0228235 0.0108448 0.00694949 0.00736508 0.0097589 0.0130557 0.0167267 0.0203579 0.0235285 0.0258448 0.027018 0.0269294 0.0256553 0.0234382 0.020621 0.0175634 0.0145702 0.011849 0.00950312 0.0075506 0.00595644 0.00466359
 1.01034e-16 3.45732e-05 0.000202922 0.000964609 0.00371381 0.0115812 0.0292532 0.0598556 0.0992165 0.133242 0.144987 0.127873 0.0914997 0.0533273 0.0257449 0.0111089 0.00563255 0.00486165 0.00606626 0.00804821 0.0103203 0.0125935 0.0146059 0.0161165 0.0169462 0.0170169 0.0163665 0.0151324 0.0135125 0.0117166 0.00992364 0.0082573 0.00678214 0.00551464 0.00444184 0.00353876
 1.00783e-16 3.47795e-05 0.000204132 0.00097036 0.00373596 0.0116502 0.0294276 0.0602126 0.0998084 0.134038 0.145855 0.128643 0.0920604 0.0536739 0.0259487 0.0112581 0.00579486 0.00507796 0.0063576 0.00842022 0.0107627 0.0130778 0.0150853 0.0165297 0.017226 0.0171013 0.0162104 0.0147167 0.0128485 0.0108436 0.00890213 0.00715874 0.00567785 0.0044666 0.00349652 0.00272467
 1.00989e-16 3.20222e-05 0.00018794 0.00089337 0.00343951 0.0107258 0.0270925 0.0554352 0.0918913 0.123412 0.134307 0.118494 0.0848778 0.0496476 0.0243043 0.0110617 0.00644351 0.00634494 0.00823714 0.0109784 0.0140493 0.0170823 0.0197184 0.0216249 0.0225594 0.0224245 0.0212881 0.0193599 0.0169341 0.0143188 0.0117743 0.00947762 0.00751552 0.00590115 0.00460147 0.00356402
 1.00644e-16 3.72454e-05 0.000218614 0.00103922 0.0040011 0.0124771 0.0315161 0.0644854 0.106889 0.143541 0.15618 0.137713 0.0984711 0.0572498 0.027375 0.0113602 0.00509995 0.00377617 0.00444373 0.0058307 0.00745831 0.00908599 0.0105172 0.0115755 0.0121317 0.0121314 0.0116052 0.0106574 0.00943645 0.00809891 0.00677793 0.005565 0.00450678 0.00361341 0.00287233 0.00226158
 1.00855e-16 3.00448e-05 0.000176325 0.000838143 0.00322685 0.0100626 0.0254174 0.0520083 0.0862129 0.115791 0.12603 0.11123 0.079758 0.0468209 0.0232333 0.0111012 0.00719105 0.00766986 0.0101625 0.0135652 0.0173236 0.0209963 0.0241355 0.0263266 0.0272726 0.0268639 0.0252032 0.0225733 0.0193637 0.0159776 0.0127527 0.00991361 0.007564 0.00570774 0.00428589 0.00321321
 1.00883e-16 3.58019e-05 0.000210138 0.000998921 0.00384593 0.0119932 0.0302938 0.0619848 0.102745 0.137978 0.150133 0.132394 0.0946967 0.0551141 0.0264643 0.0111743 0.0053094 0.00424757 0.0051615 0.00682314 0.00875589 0.0107016 0.0124374 0.0137589 0.0145131 0.0146299 0.0141358 0.0131404 0.0118048 0.0103017 0.0087801 0.00734534 0.00605544 0.00492982 0.00396387 0.00314258
 1.00858e-16 3.24426e-05 0.000190408 0.000905104 0.00348468 0.0108667 0.0274484 0.0561633 0.0930983 0.125032 0.13607 0.120048 0.0859869 0.0502885 0.024603 0.0111715 0.0064695 0.00633564 0.00820516 0.0109192 0.0139505 0.0169269 0.0194874 0.0212993 0.0221236 0.0218696 0.0206153 0.0185816 0.0160744 0.0134109 0.010857 0.00859003 0.00669257 0.00516969 0.00397799 0.00305427
 1.01801e-16 2.54559e-05 0.00014938 0.00071003 0.00273356 0.00852428 0.0215319 0.0440586 0.0730377 0.0981049 0.106803 0.0943161 0.0677505 0.0400159 0.0203108 0.0104647 0.00778505 0.0090616 0.0122943 0.0165219 0.0212021 0.025845 0.0299276 0.0329537 0.0345556 0.034576 0.0330998 0.0304202 0.0269566 0.0231523 0.0193856 0.0159179 0.0128842 0.0103168 0.00818313 0.0064237
 1.02717e-16 2.74343e-05 0.000161003 0.000765305 0.00294642 0.00918808 0.0232085 0.0474883 0.0787201 0.105728 0.115076 0.101561 0.0728213 0.0427434 0.0212025 0.010125 0.00656557 0.00703793 0.00939461 0.0126573 0.0163557 0.0201233 0.0235807 0.0263608 0.0281776 0.0288847 0.028499 0.0271808 0.0251805 0.0227723 0.0201964 0.0176276 0.0151706 0.0128755 0.0107614 0.00883607
 1.01629e-16 3.43573e-05 0.000201656 0.000958593 0.00369066 0.011509 0.0290708 0.0594823 0.0985974 0.13241 0.144079 0.127066 0.0909098 0.0529582 0.0255197 0.0109322 0.00542932 0.00458362 0.00568526 0.00755223 0.00971518 0.0119066 0.0138879 0.0154382 0.016391 0.0166686 0.0162957 0.015385 0.0141025 0.0126243 0.0111001 0.00963248 0.00827505 0.00704351 0.00593261 0.00493104
 1.01227e-16 3.07887e-05 0.000180695 0.000858924 0.00330687 0.0103121 0.0260478 0.0532978 0.0883494 0.118658 0.129142 0.113957 0.0816707 0.0478583 0.0235897 0.0110084 0.00678693 0.0069887 0.00918194 0.0122535 0.0156714 0.0190345 0.0219427 0.024025 0.0250136 0.0248051 0.0234831 0.0212901 0.0185622 0.0156483 0.0128404 0.010333 0.00821612 0.0064954 0.00512426 0.00403568
 1.01275e-16 3.15094e-05 0.000184929 0.000879058 0.0033844 0.0105539 0.0266584 0.0545471 0.0904193 0.121435 0.132156 0.116597 0.0835211 0.0488583 0.0239262 0.0109047 0.0063752 0.00630153 0.0081988 0.0109475 0.0140404 0.0171188 0.019831 0.0218481 0.0229268 0.0229627 0.0220109 0.0202639 0.0179974 0.0155027 0.0130282 0.0107453 0.00874264 0.00704107 0.00561971 0.00444012
 1.01249e-16 3.17994e-05 0.000186632 0.000887156 0.00341558 0.0106512 0.026904 0.0550495 0.091252 0.122553 0.133372 0.117667 0.0842816 0.0492915 0.0241163 0.0109539 0.00635134 0.00623326 0.00809048 0.0107935 0.013833 0.0168516 0.0195007 0.021456 0.0224788 0.0224692 0.0214863 0.0197252 0.0174629 0.0149906 0.0125547 0.0103238 0.00838203 0.00674568 0.00538895 0.00426916
 1.01692e-16 2.83919e-05 0.000166622 0.000792012 0.00304923 0.00950871 0.0240184 0.0491457 0.081468 0.10942 0.119099 0.105121 0.0753956 0.0442971 0.0220509 0.0106555 0.00706539 0.00766909 0.0102315 0.0137158 0.0175989 0.0214581 0.0248577 0.0273869 0.0287416 0.0287923 0.027609 0.0254337 0.0226122 0.0195088 0.016433 0.0135972 0.0111098 0.00899438 0.00722271 0.00574569
 1.01843e-16 3.09659e-05 0.00018174 0.000863897 0.00332603 0.0103719 0.0261987 0.0536063 0.0888595 0.119339 0.129874 0.11458 0.0820687 0.0479933 0.0234747 0.0106535 0.00616938 0.00605759 0.00788137 0.0105504 0.0135806 0.0166367 0.0193897 0.021529 0.0228186 0.0231474 0.0225489 0.0211818 0.0192823 0.0171028 0.0148613 0.0127111 0.0107366 0.00896757 0.00740115 0.00602238
 1.01815e-16 3.0025e-05 0.000176213 0.000837618 0.00322484 0.0100563 0.0254016 0.0519756 0.0861575 0.115714 0.125937 0.111127 0.0796392 0.046661 0.0229876 0.0107094 0.00658287 0.00677248 0.00891333 0.0119299 0.0153161 0.0186952 0.0216893 0.0239438 0.0251955 0.0253306 0.0244064 0.0226273 0.0202856 0.0176892 0.0150986 0.0126911 0.0105562 0.00871261 0.00713721 0.00579152
 1.01452e-16 3.3133e-05 0.000194465 0.000924403 0.003559 0.0110984 0.0280337 0.0573607 0.0950817 0.127692 0.138954 0.122566 0.0877331 0.051195 0.0248335 0.0109184 0.00583303 0.00531812 0.00676074 0.00900609 0.0115689 0.014143 0.0164413 0.0181967 0.0192091 0.0193887 0.018772 0.0175049 0.0157994 0.0138808 0.0119412 0.0101136 0.00846781 0.00702337 0.00576968 0.00468483
 1.01449e-16 3.03692e-05 0.000178233 0.000847219 0.0032618 0.0101716 0.0256928 0.0525714 0.0871453 0.117041 0.127382 0.112404 0.0805582 0.0472074 0.0232711 0.0108646 0.00670714 0.0069181 0.00910219 0.0121657 0.0155887 0.01898 0.0219481 0.0241274 0.0252502 0.0252065 0.0240667 0.0220552 0.0194885 0.0166977 0.0139621 0.0114704 0.00931474 0.00750921 0.00602004 0.00479477
 1.02284e-16 2.61175e-05 0.000153267 0.000728518 0.00280476 0.00874631 0.0220926 0.0452057 0.0749382 0.100654 0.109569 0.0967358 0.0694395 0.0409148 0.0205853 0.0103114 0.00731473 0.00829182 0.011194 0.0150567 0.0193664 0.0236807 0.0275318 0.0304735 0.0321698 0.0324682 0.0314281 0.0292917 0.0264136 0.0231709 0.0198874 0.0167889 0.0139964 0.0115467 0.00942541 0.00759824
 1.02658e-16 2.90422e-05 0.000170445 0.0008102 0.00311928 0.00972716 0.0245701 0.0502742 0.0833369 0.111925 0.121811 0.107481 0.0770156 0.0451025 0.0221813 0.0102724 0.0062384 0.0063736 0.00840043 0.0112957 0.0145938 0.0179576 0.0210478 0.0235381 0.0251751 0.0258297 0.0255183 0.0243843 0.0226499 0.0205571 0.0183164 0.0160786 0.0139318 0.0119163 0.0100455 0.00832519
pSPR Fmed_Fpbrs
0.455823   0.350303 0.350303
Fs Fmed_Fpbrs
0.64   1.005 1.005
SSBpbr Bo_Bmed_Bpbrs
838195  340159  251712 251712
Ro
31840.1
SPR SPRFo_SPRFmed_SPRFpbrs
656288 299151 229899
log_Ro
10.1885
likeval ReclasPelacesDesembMPH_pf_preclas_ppelaces_ptallas_desvR_qrecl_qpela
 0.000936579 12.9069 0.0061996 11.4662 285.737 163.251 43.3543 0 16.047 1.09967e-05 4.39424e-05 0 0 0 0
q_reclas_q_pelaces
0.62506 2.56791
M
0.7
N
 32323.3 10386.7 3919.21 467.188 0.209701
 35868.3 14337.8 2427.36 915.911 109.23
 12547.5 15878.5 3306.22 559.736 236.392
 16709.9 4737.42 1265.4 263.481 63.4456
 36445.5 7540.88 1242.09 331.771 85.7162
 33466.7 17816.9 3372.64 555.523 186.72
 81137.8 14405.3 3406.5 644.832 141.913
 62087.4 37224.2 4215.92 996.963 230.253
 108027 27729.3 9105.55 1031.27 300.194
 126502 47612.2 6209.21 2038.94 298.145
 65090.1 58519.8 14727.9 1920.69 722.928
 48980 28632.5 12935.3 3255.46 584.348
 59185.8 21723.8 6686.18 3020.6 896.66
 26444.5 24870.1 3537.03 1088.63 637.803
 13977.8 10427.9 2649.32 376.788 183.911
 13049.6 5599.34 1233.92 313.488 66.3462
 10075.5 5855.92 1413.76 311.546 95.9029
 12652 4565.51 1577.78 380.914 109.781
 14529.4 5857.9 1420.48 490.899 152.671
 24913.8 6818.6 1994.53 483.653 219.127
 33002.9 11686.1 2313.86 676.836 238.485
 31124.4 15991.4 4926 975.355 385.833
 42037.5 14983.7 6455.25 1988.47 549.47
pred_Ctot
 2497.73 4126.76 1557.14 185.619 0.0833166
 2818.38 5768.03 976.515 368.467 43.9427
 2197.23 10569.2 2200.74 372.58 157.351
 1102.37 1667.63 445.435 92.7487 22.3336
 407.962 542.077 89.2881 23.8494 6.16172
 3232.58 8313.36 1573.67 259.207 87.1237
 4463.02 4384.54 1036.84 196.268 43.1942
 4520.49 14139.9 1601.45 378.705 87.4634
 8796.45 11453.6 3761.05 425.968 123.995
 6252.07 13266.1 1730.06 568.105 83.0716
 5381.86 24444.3 6151.99 802.294 301.975
 3788.55 11384.3 5143.08 1294.37 232.337
 6610.42 11173 3438.86 1553.57 461.173
 3968.32 15274.8 2172.38 668.62 391.728
 1967.47 6178.6 1569.74 223.248 108.968
 909.491 2056.91 453.277 115.159 24.3722
 637.452 1994.6 481.544 106.117 32.6658
 617.855 1259.42 435.24 105.077 30.2836
 576.104 1353.25 328.148 113.404 35.2689
 996.418 1586.99 464.217 112.568 51.0005
 576.263 1282.34 253.906 74.2709 26.1696
 685.067 2177.68 670.812 132.822 52.542
 1311.38 2802.55 1207.39 371.924 102.773
F
 0.11289 0.753725 0.753726 0.753726 0.753726
 0.114892 0.767092 0.767093 0.767093 0.767093
 0.274026 1.82958 1.82958 1.82958 1.82958
 0.095661 0.638695 0.638695 0.638695 0.638695
 0.015673 0.104643 0.104643 0.104643 0.104643
 0.142955 0.95446 0.95446 0.95446 0.95446
 0.0791906 0.528728 0.528728 0.528728 0.528728
 0.106052 0.708074 0.708074 0.708074 0.708074
 0.11929 0.796456 0.796456 0.796456 0.796456
 0.070896 0.473348 0.473348 0.473348 0.473348
 0.12123 0.809408 0.809408 0.809408 0.809408
 0.113006 0.7545 0.7545 0.7545 0.7545
 0.167018 1.11512 1.11512 1.11512 1.11512
 0.230559 1.53936 1.53936 1.53936 1.53936
 0.214823 1.4343 1.4343 1.4343 1.4343
 0.101308 0.676399 0.676399 0.676399 0.676399
 0.0915775 0.611431 0.611431 0.611431 0.611431
 0.0700258 0.467538 0.467538 0.467538 0.467538
 0.0565225 0.377381 0.377381 0.377381 0.377381
 0.0570251 0.380737 0.380737 0.380737 0.380737
 0.0245438 0.163871 0.163871 0.163871 0.163871
 0.0310273 0.207159 0.207159 0.207159 0.207159
 0.0442307 0.295313 0.295313 0.295313 0.295313
Np
 25380.6 10842.4 3630.36 1006.67 512.526
YTP_r0W_actual
 28126.2 174885 103986 41814.1 14522.5
YTP_p0W_proyectada
 21098.3 208061 83870 46143.9 21604
 21098.3 112952 54978.7 19469.3 11000
CTP_r0_actual
 4261.54 7226.63 3113.36 959.038 265.009
CTP_p0_proyectada
 2572.96 9632.46 2671.02 1150.72 485.482
 2572.96 5229.26 1750.92 485.518 247.191
Wmedp
 8.2 21.6 31.4 40.1 44.5
nmprior
 10.8 10.6 4.6 0
nm_flota  nm_reclas  nm_pelaces    nm_pelaL
inf 21.4938 13.8645 18.0341
cv_recla  cv_pelaces  cv_mph
0.96777 0.440004 0.488752
 ------------------------------------------------
Talla a la edad & desviaci?n 
 7.2 14.2025 17.0495 18.207 18.6776
 1.08 2.13037 2.55742 2.73105 2.80164
