years
 1997 1998 1999 2000 2001 2002 2003 2004 2005 2006 2007 2008 2009 2010 2011 2012 2013 2014 2015 2016 2017 2018 2019 2020
reclasobs
 0 0 0 370054 412103 1.49427e+06 250295 1.28982e+06 931140 785840 897777 1.04006e+06 184774 17550 25797 100020 73551 82996 120727 218422 84188 347160 605670 569463
reclaspred
 525220 119970 193432 99374.4 194189 221177 735776 541643 716445 819507 695902 494330 355427 174584 107743 89291.6 94260 126067 136666 195749 303472 268018 408168 436951
pelacesobs
 0 0 0 0 0 0 0 0 0 2.06254e+06 1.5e+06 0 1.87456e+06 323000 250000 174000 83755 137374 0 501740 490994 745055 786931 1.00524e+06
pelacespred
 1.6308e+06 332283 288400 242346 436378 348605 1.72036e+06 1.32017e+06 1.64832e+06 1.91735e+06 1.45511e+06 1.0913e+06 766836 308243 186744 172736 188374 258564 286854 399454 717631 640182 772676 926534
mphobs
 0 0 0 0 0 0 112323 0 153150 637223 0 255016 313432 73983 77613 109348 50772 17779 17303 59886 28197 0 207744 136588
mphpred
 201281 101778 86572.4 50694 56277 110241 185040 304140 274989 348302 391372 276246 178959 124270 58440.9 41655.2 38279.2 48943.3 34183.3 37904.7 62819.2 80879.1 89300.5 114061
desembarqueobs
 350755 77701 442110 56441 14545 235359 269955 359681 431902 328805 639364 411747 362871 311530 167758 66681 60226 58785 57116 73181 50977 67692 138656 160484
desembarquepred
 350759 77699 442104 56448.9 14545.2 235386 269947 359628 431768 328749 639207 411655 362783 311708 167815 66708.3 60256.4 58777.6 57099 73172.7 50976.5 67684 138653 160482
Reclutas
 32155.9 35605.3 12148.6 15861.3 35366.3 32842.4 78876.5 61299.7 105216 123145 66140.4 50367.6 57825.7 26496.7 13521.1 12245.7 9684.3 12227.7 13462.7 22276.8 30141.3 31034.8 44934.3 46026.5
log_desv_Rt
 0.019646 0.121545 -0.953733 -0.687068 0.114809 0.0407695 0.916933 0.664825 1.20506 1.36241 0.740829 0.468397 0.606483 -0.173932 -0.846701 -0.945774 -1.18044 -0.947244 -0.85103 -0.347406 -0.0450548 -0.0158428 0.35425 0.378266
SSB
 436771 220853 187858 110004 122119 239219 388390 650852 580096 738666 849259 599442 402172 260550 127623 92135.3 88869.6 107776 137104 160514 250271 313936 357184 433606
BT
 1.41586e+06 334521 433423 217397 301747 398499 1.3973e+06 1.2347e+06 1.51497e+06 1.56254e+06 1.47854e+06 1.06222e+06 854832 487209 261426 164487 170789 214193 225381 315129 502610 445094 571673 704476
Ftot
 0.760648 0.77622 1.87907 0.678985 0.111318 1.01357 0.55918 0.744778 0.838316 0.497473 0.853021 0.788896 1.15398 1.63325 1.55683 0.754231 0.690953 0.523489 0.413539 0.425987 0.186478 0.233089 0.315681 0.359542
BD_Bspro_t
 0.909033 0.612134 0.455827 0.204067 0.322264 0.536094 0.510156 0.593639 0.527772 0.540299 0.544341 0.388722 0.302952 0.244141 0.150288 0.135616 0.177354 0.276814 0.386482 0.484571 0.619248 0.726314 0.717278 0.693758
BD_Bspro
 0.673232 0.340419 0.289562 0.169558 0.188231 0.368728 0.598658 1.00321 0.89415 1.13857 1.30903 0.92397 0.619901 0.401608 0.196716 0.142016 0.136982 0.166124 0.21133 0.247413 0.385763 0.483895 0.550558 0.668352
BD_Bo
 0.540345 0.273225 0.232406 0.136089 0.151077 0.295946 0.480491 0.805192 0.717656 0.913829 1.05065 0.741591 0.497541 0.322336 0.157887 0.113984 0.109944 0.133333 0.169616 0.198577 0.309618 0.388381 0.441885 0.536428
BD_Brms
 0.982445 0.496773 0.422556 0.247435 0.274686 0.538083 0.87362 1.46399 1.30483 1.66151 1.91027 1.34835 0.90462 0.586065 0.287067 0.207243 0.199898 0.242424 0.308393 0.361049 0.562942 0.706146 0.803427 0.975324
S_f
 0.14817 1 1 1 1
 0.14817 1 1 1 1
 0.14817 1 1 1 1
 0.14817 1 1 1 1
 0.14817 1 1 1 1
 0.14817 1 1 1 1
 0.14817 1 1 1 1
 0.14817 1 1 1 1
 0.14817 1 1 1 1
 0.14817 1 1 1 1
 0.14817 1 1 1 1
 0.14817 1 1 1 1
 0.14817 1 1 1 1
 0.14817 1 1 1 1
 0.14817 1 1 1 1
 0.14817 1 1 1 1
 0.14817 1 1 1 1
 0.14817 1 1 1 1
 0.14817 1 1 1 1
 0.14817 1 1 1 1
 0.14817 1 1 1 1
 0.14817 1 1 1 1
 0.14817 1 1 1 1
 0.14817 1 1 1 1
Scru_reclas
 0.858237 1 1 1 1
 0.858237 1 1 1 1
 0.858237 1 1 1 1
 0.858237 1 1 1 1
 0.858237 1 1 1 1
 0.858237 1 1 1 1
 0.858237 1 1 1 1
 0.858237 1 1 1 1
 0.858237 1 1 1 1
 0.858237 1 1 1 1
 0.858237 1 1 1 1
 0.858237 1 1 1 1
 0.858237 1 1 1 1
 0.858237 1 1 1 1
 0.858237 1 1 1 1
 0.858237 1 1 1 1
 0.858237 1 1 1 1
 0.858237 1 1 1 1
 0.858237 1 1 1 1
 0.858237 1 1 1 1
 0.858237 1 1 1 1
 0.858237 1 1 1 1
 0.858237 1 1 1 1
 0.858237 1 1 1 1
Scru_pelaces
 0.758876 1 1 1 1
 0.758876 1 1 1 1
 0.758876 1 1 1 1
 0.758876 1 1 1 1
 0.758876 1 1 1 1
 0.758876 1 1 1 1
 0.758876 1 1 1 1
 0.758876 1 1 1 1
 0.758876 1 1 1 1
 0.758876 1 1 1 1
 0.758876 1 1 1 1
 0.758876 1 1 1 1
 0.758876 1 1 1 1
 0.758876 1 1 1 1
 0.758876 1 1 1 1
 0.758876 1 1 1 1
 0.758876 1 1 1 1
 0.758876 1 1 1 1
 0.758876 1 1 1 1
 0.758876 1 1 1 1
 0.758876 1 1 1 1
 0.758876 1 1 1 1
 0.758876 1 1 1 1
 0.758876 1 1 1 1
pf_obs 
 0.256992 0.487395 0.22802 0.0275931 0
 0.321318 0.546541 0.124235 0.00734118 0.000564706
 0.182869 0.594174 0.210203 0.0122559 0.00049798
 0.330522 0.361315 0.267642 0.0388342 0.00168674
 0.649043 0.306663 0.0425973 0.00169635 0
 0.582887 0.30429 0.105238 0.00758474 0
 0.465427 0.430635 0.0974691 0.00646863 0
 0.296916 0.608066 0.0921331 0.00288517 0
 0.311714 0.524322 0.152257 0.0117073 0
 0.15457 0.633149 0.183074 0.0267441 0.00246327
 0.131901 0.49318 0.331252 0.0422183 0.00144891
 0.196976 0.569456 0.194076 0.0375587 0.00193317
 0.518974 0.381816 0.0799577 0.0180837 0.00116848
 0.0928022 0.601141 0.25162 0.0475244 0.00691264
 0.122501 0.610282 0.24278 0.0234846 0.000952079
 0.383417 0.481906 0.127806 0.00687128 0
 0.0376549 0.599619 0.316969 0.0457579 0
 0.0361596 0.667082 0.258105 0.0386534 0
 0.158088 0.579412 0.248529 0.0139706 0
 0.0477256 0.309471 0.559284 0.082774 0.000745712
 0.0406174 0.521527 0.379366 0.0568643 0.0016247
 0.151134 0.462217 0.34131 0.0453401 0
 0.294876 0.26143 0.354403 0.0886775 0.000613685
 0.281977 0.475581 0.204845 0.0348837 0.00271318
pf_pred 
 0.296869 0.494367 0.186505 0.0222488 9.9099e-06
 0.280859 0.5804 0.0975481 0.036801 0.00439206
 0.139296 0.685119 0.14171 0.0238172 0.0100576
 0.329409 0.504649 0.13209 0.0273214 0.00653101
 0.38702 0.504694 0.0814904 0.0213298 0.00546646
 0.244961 0.61763 0.113135 0.0182674 0.0060068
 0.444076 0.437329 0.0970123 0.0177704 0.00381279
 0.222497 0.681736 0.0753371 0.016712 0.00371805
 0.360169 0.471964 0.147191 0.0162657 0.00441097
 0.287231 0.608176 0.0771514 0.0240612 0.00338
 0.152273 0.658444 0.161508 0.0204884 0.0072873
 0.180817 0.533779 0.221678 0.0543748 0.00935123
 0.280362 0.496168 0.145613 0.0604728 0.0173842
 0.183395 0.675523 0.097272 0.0285468 0.0152636
 0.199755 0.627801 0.142651 0.020541 0.00925148
 0.26003 0.587957 0.119256 0.0270976 0.00565932
 0.206864 0.615696 0.140988 0.0285966 0.00785487
 0.264059 0.52509 0.16368 0.0374809 0.00969044
 0.238098 0.577826 0.131338 0.0409402 0.0117987
 0.306127 0.500293 0.146811 0.0333696 0.0133996
 0.265821 0.577027 0.113309 0.0332508 0.0105926
 0.200263 0.582043 0.171096 0.0335978 0.0130002
 0.247106 0.492561 0.189469 0.0556959 0.0151687
 0.208259 0.570814 0.144536 0.0555972 0.0207943
pobs_RECLAS
 0 0 0 0 0
 0 0 0 0 0
 0 0 0 0 0
 0 0 0 0 0
 0.835266 0.146461 0.0176864 0.000547809 3.91292e-05
 0.385257 0.428462 0.181853 0.0044286 0
 0.867414 0.0963971 0.0333333 0.00285562 0
 0.441836 0.489002 0.0689373 0.000224442 0
 0.779404 0.147425 0.0564933 0.0165055 0.000172143
 0.814271 0.122319 0.05973 0.00367925 0
 0.40263 0.566651 0.0304383 0.000280538 0
 0.475488 0.404961 0.113038 0.00651328 0
 0.955842 0.0263864 0.0167828 0.000988607 0
 0.975058 0.0227948 0.00214734 0 0
 0.738997 0.206755 0.0527124 0.00153531 0
 0.850938 0.134255 0.0134407 0.00136685 0
 0.542534 0.407297 0.0501686 0 0
 0.764087 0.199537 0.0359546 0.000420521 0
 0.470689 0.182191 0.310203 0.0369168 0
 0.84361 0.089868 0.0606195 0.00523954 0.000663233
 0.607945 0.314616 0.071237 0.00620181 0
 0.523733 0.453247 0.0230204 0 0
 0.530135 0.295979 0.169645 0.0042399 0
 0.562478 0.366248 0.0663022 0.0049721 0
ppred_RECLAS
 0.721971 0.19548 0.0737469 0.0087975 3.91852e-06
 0.706406 0.236952 0.0398246 0.0150242 0.00179309
 0.539673 0.36642 0.0757902 0.0127381 0.0053791
 0.749717 0.188349 0.0492994 0.0101971 0.00243755
 0.786279 0.175966 0.0284124 0.00743682 0.00190593
 0.672694 0.26774 0.0490435 0.00791882 0.00260392
 0.828024 0.135288 0.0300109 0.00549729 0.00117949
 0.637294 0.318031 0.0351448 0.00779615 0.00173447
 0.77738 0.164213 0.0512129 0.00565942 0.00153473
 0.707211 0.249825 0.031692 0.00988378 0.00138843
 0.527444 0.367042 0.0900307 0.011421 0.00406222
 0.576583 0.275898 0.11458 0.0281051 0.00483344
 0.715402 0.196222 0.0575859 0.0239154 0.00687498
 0.609129 0.323341 0.0465596 0.013664 0.00730596
 0.631053 0.289443 0.065768 0.00947028 0.00426533
 0.683523 0.251463 0.0510043 0.0115893 0.00242042
 0.61426 0.299443 0.0685691 0.0139079 0.0038202
 0.683106 0.226102 0.0704799 0.0161391 0.00417267
 0.65033 0.265189 0.0602764 0.0187892 0.00541492
 0.724393 0.198716 0.0583135 0.0132544 0.00532234
 0.67943 0.251951 0.0494751 0.0145185 0.00462512
 0.5952 0.294611 0.0866032 0.0170061 0.00658024
 0.659687 0.22264 0.085641 0.0251749 0.00685636
 0.609183 0.281764 0.0713453 0.0274437 0.0102644
pobs_PELACES
 0 0 0 0 0
 0 0 0 0 0
 0 0 0 0 0
 0 0 0 0 0
 0 0 0 0 0
 0 0 0 0 0
 0 0 0 0 0
 0 0 0 0 0
 0 0 0 0 0
 0 0 0 0 0
 0.450072 0.473896 0.0757376 0.000293798 0
 0 0 0 0 0
 0.463077 0.371075 0.160297 0.00555027 0
 0.529543 0.364841 0.0842815 0.0213345 0
 0.631943 0.363953 0.00410389 0 0
 0.735681 0.248677 0.0153453 0.000297389 0
 0.695825 0.281241 0.0229344 0 0
 0.275771 0.60734 0.115278 0.00161068 0
 0 0 0 0 0
 0.896147 0.0623911 0.0374545 0.00400742 0
 0.803859 0.145111 0.0509908 3.86294e-05 0
 0.739449 0.233085 0.0266225 0.000797448 4.60066e-05
 0.878498 0.100942 0.0204185 0.000141795 0
 0.694673 0.275183 0.0284847 0.00165964 0
ppred_PELACES
 0.739821 0.18293 0.0690122 0.00823268 3.66695e-06
 0.725747 0.221343 0.0372011 0.0140345 0.00167497
 0.637423 0.288611 0.0596961 0.0100332 0.00423684
 0.762227 0.178934 0.0468353 0.0096874 0.00231571
 0.770456 0.188994 0.0305159 0.00798739 0.00204704
 0.707293 0.239437 0.0438592 0.00708173 0.00232866
 0.832832 0.131506 0.0291719 0.0053436 0.00114652
 0.657001 0.300751 0.0332353 0.00737256 0.00164024
 0.796259 0.150287 0.0468698 0.00517948 0.00140458
 0.710678 0.246867 0.0313168 0.00976676 0.00137199
 0.556417 0.344538 0.0845108 0.0107208 0.00381317
 0.600484 0.260324 0.108112 0.0265186 0.0045606
 0.754566 0.169219 0.0496614 0.0206244 0.0059289
 0.685621 0.260065 0.0374481 0.01099 0.00587622
 0.700846 0.23469 0.0533269 0.00767882 0.00345847
 0.702449 0.236425 0.0479542 0.0108963 0.00227568
 0.630985 0.28646 0.0655962 0.0133049 0.00365457
 0.688303 0.222394 0.0693241 0.0158745 0.00410424
 0.648784 0.266362 0.0605431 0.0188723 0.00543887
 0.723735 0.199191 0.0584528 0.0132861 0.00533505
 0.663857 0.264191 0.0518785 0.0152238 0.0048498
 0.581269 0.304749 0.0895836 0.0175913 0.0068067
 0.651945 0.227706 0.0875894 0.0257476 0.00701235
 0.603939 0.285544 0.0723026 0.0278119 0.0104022
pobs_pel_tallas
 0 0 0 0 0 0 0 0 0 0 0 0 0 0 0 0 0 0 0 0 0 0 0 0 0 0 0 0 0 0 0 0 0 0 0 0
 0 0 0 0 0 0 0 0 0 0 0 0 0 0 0 0 0 0 0 0 0 0 0 0 0 0 0 0 0 0 0 0 0 0 0 0
 0 0 0 0 0 0 0 0 0 0 0 0 0 0 0 0 0 0 0 0 0 0 0 0 0 0 0 0 0 0 0 0 0 0 0 0
 0 0 0 0 0 0 0 0 0 0 0 0 0 0 0 0 0 0 0 0 0 0 0 0 0 0 0 0 0 0 0 0 0 0 0 0
 0 0 0 0 0 0 0 0 0 0 0 0 0 0 0 0 0 0 0 0 0 0 0 0 0 0 0 0 0 0 0 0 0 0 0 0
 0 0 0 0 0 0 0 0 0 0 0 0 0 0 0 0 0 0 0 0 0 0 0 0 0 0 0 0 0 0 0 0 0 0 0 0
 0 0 0 0 0 0 0 0 0 0 0 0 0 0 0 0 0 0 0 0 0 0 0 0 0 0 0 0 0 0 0 0 0 0 0 0
 0 0 0 0 0 0 0 0 0 0 0 0 0 0 0 0 0 0 0 0 0 0 0 0 0 0 0 0 0 0 0 0 0 0 0 0
 0 0 0 0 0 0 0 0 0 0 0 0 0 0 0 0 0 0 0 0 0 0 0 0 0 0 0 0 0 0 0 0 0 0 0 0
 0 0 0 0 0 0 0 0 0 0 0 0 0 0 0 0 0 0 0 0 0 0 0 0 0 0 0 0 0 0 0 0 0 0 0 0
 0 0 0 0 0 0 0 0 1.78061e-05 0.00172719 0.00360574 0.0105946 0.0120993 0.0124554 0.0147524 0.0171206 0.0266825 0.0428682 0.0675386 0.121331 0.153587 0.119568 0.100827 0.0573624 0.0630603 0.0341343 0.0324427 0.0444173 0.0211091 0.0280891 0.0125444 0.00206551 0 0 0 0
 0 0 0 0 0 0 0 0 0 0 0 0 0 0 0 0 0 0 0 0 0 0 0 0 0 0 0 0 0 0 0 0 0 0 0 0
 0 0 0 0 0 0 0.0133647 0.0140871 0.0187388 0.0205184 0.03894 0.0496705 0.03968 0.0493445 0.0407372 0.0367815 0.0215668 0.0243155 0.0234873 0.0199281 0.019796 0.0243948 0.0301388 0.0376714 0.0412746 0.0863199 0.0771752 0.113111 0.0741005 0.0525337 0.0229764 0.00759418 0.00175318 0 0 0
 0 0 0 0 0 0 0 0 0 0 0.00219441 0.00772107 0.0458388 0.0604681 0.0671733 0.0775358 0.0609151 0.0617685 0.073594 0.0568108 0.0755445 0.0548602 0.0670107 0.0636378 0.0643287 0.046367 0.0373049 0.0286899 0.0247887 0.0153202 0.00654259 0.00121912 0.000365735 0 0 0
 0 0 0 0 0 0 0 0 0 0 0 0 0.000112435 0.00938835 0.0111873 0.0202946 0.0414886 0.0713402 0.111592 0.104902 0.108894 0.110636 0.117776 0.105296 0.107544 0.0401394 0.0192827 0.0124803 0.00416011 0.0028671 0.000618394 0 0 0 0 0
 0 0 0 0 0 0 0 0 0 0 0.00291406 0.0102884 0.027416 0.0768956 0.0749926 0.110853 0.0956884 0.0897413 0.0766577 0.0534642 0.0500743 0.0551293 0.0594112 0.0620874 0.0668451 0.0424026 0.0208742 0.0120726 0.0048766 0.00582813 0.00118941 0.000297354 0 0 0 0
 0 0.00264628 0.0354308 0.0461629 0.0458689 0.0383711 0.0214643 0.0164657 0.0346957 0.0420465 0.0363128 0.0245516 0.0311673 0.0291091 0.0169068 0.0133784 0.00837989 0.0085269 0.0148486 0.0160247 0.0276389 0.0546898 0.0760071 0.122758 0.109233 0.0665981 0.0333725 0.0166128 0.00676272 0.00308733 0.000882094 0 0 0 0 0
 0 0 0 0 0 0 0 0.000805153 0.000690131 0.00759144 0.0133425 0.0154129 0.00931677 0.000345066 0.00356568 0.00563607 0.00851162 0.0253048 0.0502646 0.0516448 0.0657925 0.0565908 0.0611916 0.0827007 0.0866115 0.110766 0.145733 0.0935128 0.0569358 0.0249597 0.0138026 0.00621118 0.00161031 0.00115022 0 0
 0 0 0 0 0 0 0 0 0 0 0 0 0 0 0 0 0 0 0 0 0 0 0 0 0 0 0 0 0 0 0 0 0 0 0 0
 0.00147267 0.00158595 0.00478618 0.00569244 0.00954404 0.0108468 0.00647125 0.017049 0.0510054 0.094081 0.124002 0.0959785 0.0687766 0.0820023 0.061753 0.0591476 0.0492212 0.0479892 0.0443925 0.0268479 0.0217502 0.0140895 0.0121071 0.0120363 0.00920419 0.00665534 0.0049561 0.00860946 0.00930331 0.0156896 0.0114698 0.00855282 0.00243557 0.00046729 0 2.83206e-05
 0 0 0 0 0.000772559 0.00158375 0.000888443 0.00281984 0.00712685 0.0440552 0.0773331 0.111326 0.0921469 0.0852325 0.0710754 0.0886704 0.0786465 0.0553345 0.0373146 0.0185414 0.00753245 0.00457741 0.012979 0.0271748 0.0457355 0.0583668 0.034881 0.0177882 0.00938659 0.00492506 0.0015258 0.00185414 0.000309023 5.79419e-05 3.86279e-05 0
 0 0.00173294 0.00326652 0 0.00397197 0.00683976 0.00946217 0.0152591 0.00757587 0.0136028 0.0228656 0.0392903 0.0559909 0.0764795 0.0681675 0.0726916 0.0566044 0.0477403 0.0527397 0.0444891 0.0609904 0.0582453 0.0661739 0.0445044 0.0529084 0.0360697 0.0280645 0.0235558 0.0158879 0.00826598 0.00280645 0.00217768 0.000904811 0.00058276 9.20147e-05 0
 0 0 0 0 0 0 0 0 0 0 0 0 0 0 0 0 0 0 0 0 0 0 0 0 0 0 0 0 0 0 0 0 0 0 0 0
 0 0 0 0 0 0 0 0 0 0 0 0 0 0 0 0 0 0 0 0 0 0 0 0 0 0 0 0 0 0 0 0 0 0 0 0
ppred_pel_tallas
 1.01323e-16 3.22799e-05 0.000189455 0.000900583 0.00346729 0.0108124 0.0273113 0.0558827 0.0926322 0.124404 0.135379 0.119422 0.0855041 0.0499364 0.024302 0.0108204 0.00597639 0.00562749 0.00723106 0.00965854 0.0124256 0.0152144 0.0177199 0.019655 0.0208012 0.0210549 0.0204458 0.0191199 0.0172959 0.0152103 0.0130691 0.0110205 0.00914951 0.00748975 0.0060427 0.00479559
 1.01161e-16 3.16676e-05 0.000185858 0.000883471 0.00340139 0.0106069 0.0267923 0.0548209 0.0908734 0.122045 0.132822 0.117188 0.0839515 0.0491246 0.0240833 0.0110203 0.00650093 0.00646843 0.00842213 0.0112301 0.0143723 0.0174757 0.0201744 0.0221291 0.0230934 0.0229691 0.021827 0.0198821 0.0174349 0.0147987 0.012237 0.00992682 0.00795286 0.00632486 0.00500646 0.00394301
 1.01485e-16 2.78191e-05 0.000163257 0.000776011 0.00298762 0.00931656 0.023533 0.0481529 0.079823 0.107213 0.116703 0.103021 0.0739225 0.0434976 0.0217751 0.0107245 0.00737237 0.00818694 0.0109765 0.0147111 0.0188509 0.0229422 0.0265129 0.0291195 0.0304365 0.0303306 0.0288879 0.0263825 0.0232014 0.0197506 0.0163741 0.0133061 0.010663 0.00846508 0.00667242 0.00522028
 1.01165e-16 3.32567e-05 0.00019519 0.000927849 0.00357227 0.0111398 0.0281382 0.0575746 0.0954364 0.128169 0.139474 0.123027 0.0880697 0.0514039 0.0249578 0.0110118 0.00593695 0.00545854 0.00695207 0.00925381 0.0118691 0.0144805 0.0167892 0.0185179 0.019461 0.0195291 0.0187667 0.017333 0.0154573 0.013382 0.0113138 0.0093955 0.00770136 0.0062498 0.00502502 0.00399727
 1.00865e-16 3.36159e-05 0.000197298 0.000937868 0.00361085 0.0112601 0.0284421 0.0581964 0.0964672 0.129554 0.140982 0.124361 0.0890318 0.0519797 0.0252635 0.0111898 0.00609133 0.00564599 0.00719677 0.00955922 0.0122214 0.014848 0.0171231 0.0187565 0.0195383 0.019386 0.0183625 0.0166545 0.0145221 0.0122367 0.0100261 0.00804385 0.00636315 0.00499181 0.00389691 0.0030289
 1.01053e-16 3.08637e-05 0.000181136 0.000861021 0.00331495 0.0103373 0.0261114 0.0534279 0.0885649 0.118947 0.129456 0.114232 0.0818636 0.0479629 0.0236257 0.0109996 0.00674784 0.00692406 0.00909159 0.0121373 0.0155324 0.0188803 0.0217854 0.0238796 0.0248951 0.024725 0.0234458 0.0212913 0.0185891 0.0156817 0.0128587 0.0103164 0.00815078 0.00637554 0.00495281 0.00382297
 1.00695e-16 3.63334e-05 0.000213258 0.00101375 0.00390304 0.0121713 0.0307437 0.0629052 0.10427 0.140027 0.152362 0.134357 0.0960982 0.0559233 0.0268405 0.0113107 0.00533866 0.0042308 0.00511462 0.00674076 0.00862304 0.0104983 0.0121411 0.0133474 0.013968 0.0139407 0.0133032 0.0121784 0.010741 0.00917456 0.00763494 0.00622896 0.00501049 0.00399017 0.00315174 0.00246768
 1.009e-16 2.86732e-05 0.00016827 0.000799843 0.00307937 0.00960269 0.0242558 0.0496317 0.0822745 0.110506 0.120287 0.106185 0.0761916 0.0448308 0.022438 0.0110412 0.00757258 0.00838687 0.0112178 0.0149944 0.0191494 0.0232051 0.0266677 0.0290786 0.0301096 0.02964 0.0277845 0.0248572 0.0212905 0.0175318 0.0139558 0.010812 0.00821494 0.00616873 0.00460729 0.0034352
 1.00959e-16 3.47395e-05 0.000203899 0.000969254 0.0037317 0.011637 0.029394 0.0601438 0.0996941 0.133883 0.145683 0.128484 0.0919301 0.0535648 0.0258346 0.0111051 0.00556939 0.00475053 0.00590608 0.0078352 0.0100541 0.0122803 0.0142594 0.0157565 0.0165959 0.0166987 0.0160973 0.0149207 0.0133575 0.0116089 0.00984814 0.00819742 0.0067231 0.00544611 0.00435901 0.00344203
 1.00925e-16 3.10116e-05 0.000182004 0.000865144 0.00333082 0.0103868 0.0262364 0.0536837 0.0889892 0.119517 0.130078 0.114783 0.0822646 0.0482095 0.0237686 0.0111012 0.00685551 0.00706589 0.0092813 0.0123778 0.0158154 0.0191853 0.0220801 0.0241223 0.0250411 0.0247342 0.0232911 0.020964 0.0181015 0.0150652 0.0121581 0.00958214 0.00743137 0.00571108 0.00437114 0.00333861
 1.01859e-16 2.42892e-05 0.000142528 0.000677451 0.00260812 0.00813308 0.0205438 0.042037 0.0696876 0.0936085 0.101917 0.0900233 0.0647145 0.0383184 0.019626 0.0103999 0.00808816 0.00963993 0.0131482 0.0176806 0.0226858 0.0276451 0.0319989 0.0352158 0.0369023 0.0368914 0.0352761 0.0323731 0.0286347 0.0245385 0.0204915 0.0167749 0.0135333 0.0107999 0.00853821 0.00668189
 1.02744e-16 2.62073e-05 0.000153797 0.000731042 0.00281449 0.00877665 0.0221693 0.0453623 0.0751969 0.100999 0.109938 0.0970474 0.0696313 0.0409639 0.0204924 0.0100737 0.00691083 0.00768525 0.0103469 0.0139469 0.0180028 0.0221155 0.0258637 0.0288408 0.0307326 0.0313823 0.0308179 0.0292281 0.0269021 0.0241542 0.0212583 0.0184118 0.0157298 0.0132624 0.0110225 0.00900863
 1.01746e-16 3.29222e-05 0.000193228 0.00091852 0.00353636 0.0110278 0.0278553 0.0569957 0.0944766 0.126879 0.138069 0.121784 0.0871719 0.0508637 0.0246658 0.0108333 0.00577202 0.00525042 0.00667347 0.00889623 0.0114404 0.0140063 0.0163139 0.0181018 0.0191738 0.0194396 0.0189319 0.0177884 0.0162107 0.0144124 0.0125748 0.0108224 0.00921979 0.00778486 0.0065089 0.00537478
 1.01269e-16 2.99195e-05 0.000175591 0.000834655 0.00321342 0.0100207 0.0253117 0.0517919 0.0858538 0.115308 0.125502 0.110759 0.0794087 0.0465932 0.0230786 0.0109586 0.00701031 0.00741596 0.00981311 0.0131104 0.016769 0.0203669 0.0234768 0.0257019 0.0267551 0.0265258 0.0251034 0.0227473 0.0198178 0.016689 0.0136739 0.0109817 0.00870941 0.00686384 0.00539551 0.00423276
 1.01259e-16 3.05824e-05 0.000179485 0.000853172 0.00328473 0.0102431 0.0258733 0.0529408 0.0877575 0.117863 0.128275 0.113189 0.081115 0.0475215 0.0234032 0.0108884 0.00667115 0.00684235 0.0089901 0.0120153 0.015399 0.0187537 0.0216923 0.0238526 0.0249681 0.0249277 0.0237977 0.0217969 0.0192364 0.0164434 0.013696 0.0111848 0.00900637 0.0071801 0.00567758 0.00445019
 1.01239e-16 3.06524e-05 0.000179896 0.000855124 0.00329224 0.0102665 0.0259325 0.053062 0.0879583 0.118132 0.128569 0.113449 0.0813019 0.0476325 0.0234607 0.0109195 0.00669542 0.00686996 0.00902478 0.0120568 0.0154439 0.0187958 0.0217225 0.0238603 0.0249429 0.0248612 0.0236857 0.0216409 0.0190432 0.0162248 0.0134666 0.0109596 0.00879854 0.00699944 0.00552951 0.00433588
 1.01653e-16 2.75383e-05 0.000161609 0.000768174 0.00295745 0.00922246 0.0232954 0.0476665 0.0790169 0.10613 0.115525 0.101982 0.0731792 0.0430647 0.021567 0.0106367 0.00733206 0.00815872 0.010949 0.0146853 0.0188344 0.0229477 0.0265577 0.0292232 0.0306188 0.0306077 0.029269 0.0268677 0.0237802 0.020403 0.0170726 0.0140194 0.0113602 0.00911876 0.0072615 0.00573134
 1.01794e-16 3.0035e-05 0.000176273 0.000837902 0.00322594 0.0100598 0.0254102 0.0519932 0.0861865 0.115752 0.125977 0.111158 0.0796531 0.046652 0.0229516 0.0106406 0.0064721 0.00660906 0.00868803 0.0116391 0.014966 0.018304 0.0212883 0.0235736 0.0249003 0.0251499 0.024367 0.022737 0.0205318 0.0180408 0.0155127 0.0131211 0.0109595 0.00905686 0.00740349 0.00597442
 1.01849e-16 2.83136e-05 0.000166162 0.000789826 0.00304082 0.00948246 0.0239521 0.0490101 0.0812432 0.109118 0.11877 0.104831 0.0751884 0.0441766 0.0219931 0.0106312 0.00705395 0.00766003 0.0102206 0.0137015 0.0175812 0.0214379 0.0248371 0.0273698 0.0287335 0.0287999 0.0276402 0.0254964 0.0227132 0.0196526 0.0166211 0.013827 0.0113747 0.0092843 0.00752522 0.00604746
 1.01601e-16 3.15791e-05 0.00018534 0.000881013 0.00339193 0.0105774 0.0267177 0.0546683 0.0906198 0.121703 0.132445 0.116845 0.0836829 0.0489215 0.0238989 0.0107948 0.00617819 0.00600195 0.00777785 0.0103925 0.0133531 0.0163214 0.0189684 0.0209857 0.022142 0.0223336 0.021603 0.0201197 0.0181298 0.0158946 0.0136378 0.0115143 0.00960589 0.00793581 0.00649192 0.00524845
 1.01573e-16 2.89707e-05 0.00017002 0.00080817 0.00311145 0.00970272 0.0245084 0.0501484 0.0831299 0.111651 0.121525 0.107257 0.0769162 0.045167 0.02244 0.0107698 0.00704352 0.00757135 0.0100698 0.0134811 0.0172763 0.0210326 0.0243178 0.0267268 0.0279628 0.0279041 0.0266293 0.024388 0.0215318 0.0184287 0.0153891 0.0126228 0.0102323 0.00823309 0.00658736 0.00523644
 1.02294e-16 2.53712e-05 0.000148884 0.000707678 0.00272451 0.00849606 0.0214606 0.0439126 0.0727952 0.0977779 0.106444 0.0939911 0.0675002 0.0398342 0.0201566 0.0102854 0.00753281 0.00869745 0.0117897 0.0158625 0.0203944 0.024922 0.0289514 0.0320115 0.0337486 0.0340044 0.0328456 0.0305328 0.0274457 0.0239871 0.0205022 0.0172311 0.0143009 0.0117481 0.00955394 0.00767759
 1.0253e-16 2.84499e-05 0.000166966 0.000793655 0.00305557 0.00952849 0.0240683 0.0492476 0.0816358 0.109642 0.119332 0.105307 0.0754854 0.0442626 0.0218728 0.0103048 0.00649482 0.00681886 0.00904513 0.0121605 0.0156865 0.0192608 0.0225134 0.0250902 0.0267189 0.0272663 0.0267606 0.0253703 0.0233508 0.0209775 0.0184885 0.0160524 0.0137647 0.0116634 0.00975384 0.00803041
 1.02562e-16 2.63589e-05 0.000154685 0.000735258 0.00283071 0.00882724 0.0222971 0.045624 0.0756313 0.101584 0.11058 0.0976248 0.0700694 0.0412693 0.0207326 0.0103334 0.00726411 0.00818751 0.0110341 0.0148312 0.0190645 0.0232952 0.0270619 0.0299268 0.031563 0.0318269 0.030785 0.028684 0.0258787 0.0227427 0.0195918 0.0166408 0.0139977 0.011686 0.00968001 0.00793735
pSPR Fmed_Fpbrs
0.454918   0.6 0.325
Fs Fmed_Fpbrs
0.64   0.357255 1.12644
SSBpbr Bo_Bmed_Bpbrs
808320  327303  444576 222288
Ro
31530.3
SPR SPRFo_SPRFmed_SPRFpbrs
648768 295136 210850
log_Ro
10.1787
likeval ReclasPelacesDesembMPH_pf_preclas_ppelaces_ptallas_desvR_qrecl_qpela
 0.000925568 12.0862 0.00673331 11.446 299.305 173.216 46.4343 0 16.9264 5.34762e-06 6.65001e-05 2.70502e-15 0 0 0
q_reclas_q_pelaces
0.720586 3.1905
M
0.7
N
 32155.9 10331.2 3897.54 464.95 0.207095
 35605.3 14266.2 2397.72 904.564 107.956
 12148.6 15760.1 3259.82 547.879 231.361
 15861.3 4566.72 1195.32 247.239 59.1011
 35366.3 7122.63 1150.06 301.022 77.147
 32842.4 17275.1 3164.38 510.938 168.01
 78876.5 14034.8 3113.32 570.287 122.36
 61299.7 36054.4 3984.29 883.832 196.633
 105216 27260 8501.57 939.489 254.772
 123145 46145.5 5853.88 1825.65 256.458
 66140.4 56806.6 13933.9 1767.62 628.705
 50367.6 28944.7 12020.7 2948.53 507.08
 57825.7 22252.6 6530.55 2712.13 779.659
 26496.7 24202.3 3485.02 1022.76 546.856
 13521.1 10329.7 2347.13 337.976 152.221
 12245.7 5331.18 1081.33 245.702 51.3147
 9684.3 5438.06 1245.26 252.576 69.3771
 12227.7 4341.1 1353.2 309.867 80.1142
 13462.7 5618.93 1277.16 398.113 114.733
 22276.8 6288.02 1845.23 419.413 168.416
 30141.3 10385.7 2039.41 598.466 190.652
 31034.8 14559.8 4279.98 840.449 325.199
 44934.3 14888.2 5726.91 1683.47 458.493
 46026.5 21294 5391.85 2074.03 775.725
pred_Ctot
 2480.94 4131.43 1558.63 185.933 0.0828172
 2800.51 5787.31 972.676 366.952 43.7943
 2157.53 10611.7 2194.92 368.901 155.781
 1098.12 1682.3 440.334 91.0785 21.7718
 416.469 543.098 87.6913 22.9528 5.88243
 3322.3 8376.64 1534.4 247.752 81.4676
 4532.1 4463.25 990.078 181.359 38.9122
 4635.53 14203.4 1569.58 348.18 77.4624
 8902.22 11665.4 3638.09 402.037 109.025
 6320.01 13381.9 1697.58 529.424 74.371
 5688.89 24599.4 6033.9 765.443 272.252
 4023.05 11876.2 4932.18 1209.8 208.058
 6600.73 11681.6 3428.24 1423.74 409.285
 4153.3 15298.4 2202.9 646.493 345.67
 2029.93 6379.78 1449.63 208.74 94.0145
 937.214 2119.15 429.828 97.6666 20.3976
 681.761 2029.15 464.653 94.2458 25.8872
 659.256 1310.95 408.647 93.5758 24.1934
 577.48 1401.45 318.545 99.2959 28.6164
 983.531 1607.35 471.679 107.211 43.0507
 591.679 1284.38 252.211 74.0115 23.5776
 759.186 2206.49 648.616 127.367 49.2828
 1480.72 2951.54 1135.34 333.743 90.8947
 1722.53 4721.27 1195.47 459.85 171.992
F
 0.112705 0.760648 0.760648 0.760648 0.760648
 0.115013 0.77622 0.77622 0.77622 0.77622
 0.278422 1.87907 1.87907 1.87907 1.87907
 0.100605 0.678985 0.678985 0.678985 0.678985
 0.0164941 0.111318 0.111318 0.111318 0.111318
 0.150182 1.01357 1.01357 1.01357 1.01357
 0.0828538 0.55918 0.55918 0.55918 0.55918
 0.110354 0.744778 0.744778 0.744778 0.744778
 0.124214 0.838316 0.838316 0.838316 0.838316
 0.0737108 0.497473 0.497473 0.497473 0.497473
 0.126392 0.853021 0.853021 0.853021 0.853021
 0.116891 0.788896 0.788896 0.788896 0.788896
 0.170986 1.15398 1.15398 1.15398 1.15398
 0.242 1.63325 1.63325 1.63325 1.63325
 0.230676 1.55683 1.55683 1.55683 1.55683
 0.111755 0.754231 0.754231 0.754231 0.754231
 0.102379 0.690953 0.690953 0.690953 0.690953
 0.0775655 0.523489 0.523489 0.523489 0.523489
 0.0612742 0.413539 0.413539 0.413539 0.413539
 0.0631187 0.425987 0.425987 0.425987 0.425987
 0.0276305 0.186478 0.186478 0.186478 0.186478
 0.0345368 0.233089 0.233089 0.233089 0.233089
 0.0467746 0.315681 0.315681 0.315681 0.315681
 0.0532735 0.359542 0.359542 0.359542 0.359542
Np
 24003 11305 7528.45 2564.16 874.831
YTP_r0W_actual
 13694.6 89217.7 32697.2 16464.9 7526.62
YTP_p0W_proyectada
 7320.34 103219 51106.2 16526.1 9499.6
 7320.34 53847.3 52128.5 22674 8584.68
CTP_r0_actual
 1711.83 4695.67 1188.99 457.357 171.06
CTP_p0_proyectada
 892.724 4778.65 1627.59 412.121 213.474
 892.724 2492.93 1660.14 565.437 192.914
Wmedp
 8.2 21.6 31.4 40.1 44.5
nmprior
 10.8 10.6 4.6 0
nm_flota  nm_reclas  nm_pelaces    nm_pelaL
inf 20.8303 15.6414 27.1102
cv_recla  cv_pelaces  cv_mph
0.938879 0.409081 0.478456
 ------------------------------------------------
Talla a la edad & desviaci?n 
 7.2 14.2025 17.0495 18.207 18.6776
 1.08 2.13037 2.55742 2.73105 2.80164
