years
 1997 1998 1999 2000 2001 2002 2003 2004 2005 2006 2007 2008 2009 2010 2011 2012 2013 2014 2015 2016 2017 2018 2019 2020
reclasobs
 0 0 0 370054 412103 1.49427e+06 250295 1.28982e+06 931140 785840 897777 1.04006e+06 184774 17550 25797 100020 73551 82996 120727 218422 84188 347160 605670 569463
reclaspred
 478191 109614 181403 96386.9 185258 210824 698506 507769 675380 767635 643501 452448 329866 163696 103788 87664.4 92263.6 121599 131226 192526 297836 261769 398544 416982
pelacesobs
 0 0 0 0 0 0 0 0 0 2.06254e+06 1.5e+06 0 1.87456e+06 323000 250000 174000 83755 137374 0 501740 490994 745055 786931 1.00524e+06
pelacespred
 1.6073e+06 293624 290753 241410 431840 334584 1.76374e+06 1.26353e+06 1.64674e+06 1.84794e+06 1.35321e+06 1.00499e+06 741987 297336 188777 172726 189649 255607 274800 401700 716362 605805 748342 881488
mphobs
 0 0 0 0 0 0 112323 0 153150 637223 0 255016 313432 73983 77613 109348 50772 17779 17303 59886 28197 0 207744 136588
mphpred
 194997 98993.3 85270.7 51966.6 58125.4 112255 188007 306562 276118 349093 391562 274445 176165 119907 57480.2 42083 39389.8 49605 33671.1 37765.5 63416.3 81256.6 90021.2 114218
desembarqueobs
 350755 77701 442110 56441 14545 235359 269955 359681 431902 328805 639364 411747 362871 311530 167758 66681 60226 58785 57116 73181 50977 67692 138656 160484
desembarquepred
 350760 77699.3 442110 56448.6 14545.2 235386 269948 359630 431773 328750 639214 411669 362797 311709 167819 66705.8 60253.1 58777.6 57099.6 73172.2 50975.9 67683.1 138651 160480
Reclutas
 32407.7 35899.9 12684.9 16850.8 36569 33618.6 81177.6 62126.5 107723 125943 65063.2 49083.3 59156.6 26471 13952 12975.1 9984.01 12469.5 14274.6 24272.7 32220.6 33262.8 47538.1 46021.5
log_desv_Rt
 -0.00256328 0.0997761 -0.940545 -0.65656 0.118244 0.0341212 0.915681 0.648215 1.1986 1.35487 0.694401 0.412561 0.599231 -0.204907 -0.845333 -0.917927 -1.17997 -0.957671 -0.822474 -0.291604 -0.008351 0.0234826 0.380573 0.34815
SSB
 440516 223635 192635 117398 131311 253596 411101 683230 606845 771073 884577 619997 411895 271689 135323 100292 98298.2 117841 147012 173772 275121 343615 391955 473304
BT
 1.42668e+06 337896 444578 230532 317582 415875 1.44989e+06 1.27594e+06 1.56282e+06 1.61375e+06 1.51058e+06 1.07701e+06 872326 498166 271779 176313 183108 227056 240170 340932 545209 484041 619303 748902
Ftot
 0.749932 0.76242 1.8149 0.627827 0.103157 0.944499 0.522905 0.704163 0.792364 0.473252 0.812762 0.75833 1.11866 1.54746 1.44522 0.683442 0.618599 0.474595 0.384831 0.389934 0.16863 0.212092 0.286378 0.329207
BD_Bspro_t
 0.910149 0.615191 0.462905 0.214511 0.337755 0.550909 0.52396 0.605749 0.539534 0.551309 0.555106 0.397093 0.308638 0.253089 0.158657 0.146409 0.193004 0.295845 0.4042 0.505663 0.64202 0.744366 0.736031 0.712139
BD_Bspro
 0.658932 0.334518 0.288146 0.175605 0.196417 0.379333 0.614933 1.02199 0.907729 1.15338 1.32317 0.927402 0.61612 0.406396 0.202418 0.150019 0.147036 0.176268 0.219903 0.259931 0.411531 0.513985 0.586293 0.707976
BD_Bo
 0.516026 0.261969 0.225655 0.137521 0.153819 0.297065 0.481569 0.800345 0.710866 0.903245 1.0362 0.726273 0.482499 0.318259 0.158519 0.117484 0.115148 0.13804 0.172211 0.203559 0.322281 0.402515 0.459141 0.554434
BD_Brms
 1.73053 0.878533 0.75675 0.461187 0.515844 0.99623 1.61498 2.68401 2.38394 3.0291 3.47499 2.43561 1.6181 1.06731 0.531604 0.39399 0.386156 0.462928 0.577523 0.682648 1.08079 1.34986 1.53976 1.85933
S_f
 0.151803 1 1 1 1
 0.151803 1 1 1 1
 0.151803 1 1 1 1
 0.151803 1 1 1 1
 0.151803 1 1 1 1
 0.151803 1 1 1 1
 0.151803 1 1 1 1
 0.151803 1 1 1 1
 0.151803 1 1 1 1
 0.151803 1 1 1 1
 0.151803 1 1 1 1
 0.151803 1 1 1 1
 0.151803 1 1 1 1
 0.151803 1 1 1 1
 0.151803 1 1 1 1
 0.151803 1 1 1 1
 0.151803 1 1 1 1
 0.151803 1 1 1 1
 0.151803 1 1 1 1
 0.151803 1 1 1 1
 0.151803 1 1 1 1
 0.151803 1 1 1 1
 0.151803 1 1 1 1
 0.151803 1 1 1 1
Scru_reclas
 0.89318 1 1 1 1
 0.89318 1 1 1 1
 0.89318 1 1 1 1
 0.89318 1 1 1 1
 0.89318 1 1 1 1
 0.89318 1 1 1 1
 0.89318 1 1 1 1
 0.89318 1 1 1 1
 0.89318 1 1 1 1
 0.89318 1 1 1 1
 0.89318 1 1 1 1
 0.89318 1 1 1 1
 0.89318 1 1 1 1
 0.89318 1 1 1 1
 0.89318 1 1 1 1
 0.89318 1 1 1 1
 0.89318 1 1 1 1
 0.89318 1 1 1 1
 0.89318 1 1 1 1
 0.89318 1 1 1 1
 0.89318 1 1 1 1
 0.89318 1 1 1 1
 0.89318 1 1 1 1
 0.89318 1 1 1 1
Scru_pelaces
 0.951095 1 1 1 1
 0.951095 1 1 1 1
 0.951095 1 1 1 1
 0.951095 1 1 1 1
 0.951095 1 1 1 1
 0.951095 1 1 1 1
 0.951095 1 1 1 1
 0.951095 1 1 1 1
 0.951095 1 1 1 1
 0.951095 1 1 1 1
 0.951095 1 1 1 1
 0.951095 1 1 1 1
 0.951095 1 1 1 1
 0.951095 1 1 1 1
 0.951095 1 1 1 1
 0.951095 1 1 1 1
 0.951095 1 1 1 1
 0.951095 1 1 1 1
 0.951095 1 1 1 1
 0.951095 1 1 1 1
 0.951095 1 1 1 1
 0.951095 1 1 1 1
 0.951095 1 1 1 1
 0.951095 1 1 1 1
pf_obs 
 0.256992 0.487395 0.22802 0.0275931 0
 0.321318 0.546541 0.124235 0.00734118 0.000564706
 0.182869 0.594174 0.210203 0.0122559 0.00049798
 0.330522 0.361315 0.267642 0.0388342 0.00168674
 0.649043 0.306663 0.0425973 0.00169635 0
 0.582887 0.30429 0.105238 0.00758474 0
 0.465427 0.430635 0.0974691 0.00646863 0
 0.296916 0.608066 0.0921331 0.00288517 0
 0.311714 0.524322 0.152257 0.0117073 0
 0.15457 0.633149 0.183074 0.0267441 0.00246327
 0.131901 0.49318 0.331252 0.0422183 0.00144891
 0.196976 0.569456 0.194076 0.0375587 0.00193317
 0.518974 0.381816 0.0799577 0.0180837 0.00116848
 0.0928022 0.601141 0.25162 0.0475244 0.00691264
 0.122501 0.610282 0.24278 0.0234846 0.000952079
 0.383417 0.481906 0.127806 0.00687128 0
 0.0376549 0.599619 0.316969 0.0457579 0
 0.0361596 0.667082 0.258105 0.0386534 0
 0.158088 0.579412 0.248529 0.0139706 0
 0.0477256 0.309471 0.559284 0.082774 0.000745712
 0.0406174 0.521527 0.379366 0.0568643 0.0016247
 0.151134 0.462217 0.34131 0.0453401 0
 0.294876 0.26143 0.354403 0.0886775 0.000613685
 0.281977 0.475581 0.204845 0.0348837 0.00271318
pf_pred 
 0.301074 0.491607 0.185253 0.022056 1.01062e-05
 0.284509 0.576178 0.0979893 0.0369254 0.00439832
 0.143948 0.679299 0.142337 0.0242069 0.0102085
 0.332458 0.498763 0.13393 0.0280631 0.00678532
 0.382697 0.504741 0.0841022 0.0225835 0.00587619
 0.241698 0.614956 0.117207 0.0195296 0.0066087
 0.442056 0.431075 0.102886 0.0196095 0.00437311
 0.219854 0.679565 0.0777104 0.0185474 0.00432338
 0.359805 0.464365 0.153161 0.0175144 0.00515463
 0.287729 0.603016 0.079248 0.0261383 0.00386868
 0.147384 0.656988 0.165621 0.0217658 0.00824152
 0.176432 0.520361 0.233638 0.058898 0.0106712
 0.287697 0.479982 0.146789 0.065907 0.0196248
 0.179349 0.677662 0.0963527 0.0294668 0.0171698
 0.198762 0.61388 0.154713 0.0219977 0.0106473
 0.258972 0.576508 0.12605 0.0317676 0.0067031
 0.19854 0.612417 0.147072 0.0321564 0.00981424
 0.255074 0.513562 0.176792 0.0424567 0.012116
 0.242262 0.560853 0.135735 0.0467262 0.0144236
 0.312723 0.493216 0.143638 0.0347624 0.0156608
 0.264219 0.576741 0.114133 0.0332386 0.0116682
 0.201139 0.574774 0.175651 0.0347601 0.0136767
 0.244836 0.488977 0.191519 0.0585282 0.0161395
 0.198326 0.56955 0.150303 0.0588697 0.0229516
pobs_RECLAS
 0 0 0 0 0
 0 0 0 0 0
 0 0 0 0 0
 0 0 0 0 0
 0.835266 0.146461 0.0176864 0.000547809 3.91292e-05
 0.385257 0.428462 0.181853 0.0044286 0
 0.867414 0.0963971 0.0333333 0.00285562 0
 0.441836 0.489002 0.0689373 0.000224442 0
 0.779404 0.147425 0.0564933 0.0165055 0.000172143
 0.814271 0.122319 0.05973 0.00367925 0
 0.40263 0.566651 0.0304383 0.000280538 0
 0.475488 0.404961 0.113038 0.00651328 0
 0.955842 0.0263864 0.0167828 0.000988607 0
 0.975058 0.0227948 0.00214734 0 0
 0.738997 0.206755 0.0527124 0.00153531 0
 0.850938 0.134255 0.0134407 0.00136685 0
 0.542534 0.407297 0.0501686 0 0
 0.764087 0.199537 0.0359546 0.000420521 0
 0.470689 0.182191 0.310203 0.0369168 0
 0.84361 0.089868 0.0606195 0.00523954 0.000663233
 0.607945 0.314616 0.071237 0.00620181 0
 0.523733 0.453247 0.0230204 0 0
 0.530135 0.295979 0.169645 0.0042399 0
 0.562478 0.366248 0.0663022 0.0049721 0
ppred_RECLAS
 0.728827 0.190736 0.0718753 0.00855741 3.92104e-06
 0.713001 0.231118 0.0393056 0.0148116 0.00176426
 0.550052 0.357046 0.0748137 0.0127234 0.00536567
 0.754233 0.183629 0.0493088 0.0103319 0.00249814
 0.785764 0.175171 0.0291878 0.00783765 0.00203934
 0.670313 0.267365 0.0509582 0.00849089 0.00287327
 0.828603 0.132424 0.0316061 0.00602394 0.00134339
 0.636349 0.316767 0.0362233 0.00864555 0.00201527
 0.778897 0.160377 0.0528968 0.00604891 0.00178024
 0.710493 0.2451 0.0322109 0.0106241 0.00157245
 0.520601 0.369404 0.0931233 0.0122382 0.00463395
 0.572255 0.270266 0.121347 0.0305905 0.0055424
 0.724818 0.18543 0.0567086 0.0254617 0.00758159
 0.602894 0.327915 0.0466243 0.0142587 0.00830835
 0.629033 0.284221 0.0716309 0.0101848 0.00492963
 0.684088 0.245774 0.0537369 0.013543 0.00285763
 0.603976 0.302612 0.0726726 0.0158894 0.00484949
 0.675376 0.2238 0.0770425 0.0185018 0.00527993
 0.658497 0.25277 0.061174 0.0210589 0.00650055
 0.733001 0.191609 0.0558015 0.0135048 0.00608404
 0.680801 0.250204 0.0495135 0.0144197 0.00506194
 0.599937 0.287842 0.0879645 0.0174076 0.00684918
 0.659968 0.220174 0.0862363 0.0263538 0.00726723
 0.597689 0.285822 0.075428 0.0295431 0.011518
pobs_PELACES
 0 0 0 0 0
 0 0 0 0 0
 0 0 0 0 0
 0 0 0 0 0
 0 0 0 0 0
 0 0 0 0 0
 0 0 0 0 0
 0 0 0 0 0
 0 0 0 0 0
 0 0 0 0 0
 0.450072 0.473896 0.0757376 0.000293798 0
 0 0 0 0 0
 0.463077 0.371075 0.160297 0.00555027 0
 0.529543 0.364841 0.0842815 0.0213345 0
 0.631943 0.363953 0.00410389 0 0
 0.735681 0.248677 0.0153453 0.000297389 0
 0.695825 0.281241 0.0229344 0 0
 0.275771 0.60734 0.115278 0.00161068 0
 0 0 0 0 0
 0.896147 0.0623911 0.0374545 0.00400742 0
 0.803859 0.145111 0.0509908 3.86294e-05 0
 0.739449 0.233085 0.0266225 0.000797448 4.60066e-05
 0.878498 0.100942 0.0204185 0.000141795 0
 0.694673 0.275183 0.0284847 0.00165964 0
ppred_PELACES
 0.77927 0.155256 0.0585054 0.00696559 3.19166e-06
 0.766067 0.188384 0.0320381 0.0120729 0.00143805
 0.68389 0.250842 0.0525602 0.00893879 0.00376964
 0.795739 0.152617 0.0409813 0.00858702 0.00207624
 0.800796 0.16288 0.0271398 0.00728771 0.00189625
 0.738231 0.212285 0.0404604 0.00674169 0.00228135
 0.856307 0.111019 0.0264974 0.00505026 0.00112625
 0.694125 0.26644 0.0304682 0.00727196 0.00169508
 0.824026 0.127643 0.0421002 0.00481429 0.00141689
 0.748959 0.212534 0.027931 0.00921246 0.00136352
 0.592129 0.314288 0.0792291 0.0104122 0.00394255
 0.637872 0.228806 0.102732 0.0258978 0.00469218
 0.793218 0.139339 0.0426129 0.0191328 0.00569709
 0.713716 0.236402 0.0336126 0.0102795 0.00598969
 0.730158 0.206744 0.0521046 0.00740844 0.00358583
 0.736285 0.205166 0.0448581 0.0113054 0.00238548
 0.658819 0.260706 0.0626087 0.013689 0.00417791
 0.716724 0.195294 0.0672294 0.0161452 0.00460742
 0.695751 0.225196 0.0545006 0.0187617 0.00579142
 0.765284 0.168441 0.0490545 0.0118719 0.00534841
 0.704222 0.231846 0.0458806 0.0133617 0.00469054
 0.628875 0.267021 0.0816017 0.0161484 0.00635375
 0.691286 0.199896 0.0782939 0.0239266 0.0065979
 0.634325 0.259794 0.0685592 0.0268528 0.0104691
pobs_pel_tallas
 0 0 0 0 0 0 0 0 0 0 0 0 0 0 0 0 0 0 0 0 0 0 0 0 0 0 0 0 0 0 0 0 0 0 0 0
 0 0 0 0 0 0 0 0 0 0 0 0 0 0 0 0 0 0 0 0 0 0 0 0 0 0 0 0 0 0 0 0 0 0 0 0
 0 0 0 0 0 0 0 0 0 0 0 0 0 0 0 0 0 0 0 0 0 0 0 0 0 0 0 0 0 0 0 0 0 0 0 0
 0 0 0 0 0 0 0 0 0 0 0 0 0 0 0 0 0 0 0 0 0 0 0 0 0 0 0 0 0 0 0 0 0 0 0 0
 0 0 0 0 0 0 0 0 0 0 0 0 0 0 0 0 0 0 0 0 0 0 0 0 0 0 0 0 0 0 0 0 0 0 0 0
 0 0 0 0 0 0 0 0 0 0 0 0 0 0 0 0 0 0 0 0 0 0 0 0 0 0 0 0 0 0 0 0 0 0 0 0
 0 0 0 0 0 0 0 0 0 0 0 0 0 0 0 0 0 0 0 0 0 0 0 0 0 0 0 0 0 0 0 0 0 0 0 0
 0 0 0 0 0 0 0 0 0 0 0 0 0 0 0 0 0 0 0 0 0 0 0 0 0 0 0 0 0 0 0 0 0 0 0 0
 0 0 0 0 0 0 0 0 0 0 0 0 0 0 0 0 0 0 0 0 0 0 0 0 0 0 0 0 0 0 0 0 0 0 0 0
 0 0 0 0 0 0 0 0 0 0 0 0 0 0 0 0 0 0 0 0 0 0 0 0 0 0 0 0 0 0 0 0 0 0 0 0
 0 0 0 0 0 0 0 0 1.78061e-05 0.00172719 0.00360574 0.0105946 0.0120993 0.0124554 0.0147524 0.0171206 0.0266825 0.0428682 0.0675386 0.121331 0.153587 0.119568 0.100827 0.0573624 0.0630603 0.0341343 0.0324427 0.0444173 0.0211091 0.0280891 0.0125444 0.00206551 0 0 0 0
 0 0 0 0 0 0 0 0 0 0 0 0 0 0 0 0 0 0 0 0 0 0 0 0 0 0 0 0 0 0 0 0 0 0 0 0
 0 0 0 0 0 0 0.0133647 0.0140871 0.0187388 0.0205184 0.03894 0.0496705 0.03968 0.0493445 0.0407372 0.0367815 0.0215668 0.0243155 0.0234873 0.0199281 0.019796 0.0243948 0.0301388 0.0376714 0.0412746 0.0863199 0.0771752 0.113111 0.0741005 0.0525337 0.0229764 0.00759418 0.00175318 0 0 0
 0 0 0 0 0 0 0 0 0 0 0.00219441 0.00772107 0.0458388 0.0604681 0.0671733 0.0775358 0.0609151 0.0617685 0.073594 0.0568108 0.0755445 0.0548602 0.0670107 0.0636378 0.0643287 0.046367 0.0373049 0.0286899 0.0247887 0.0153202 0.00654259 0.00121912 0.000365735 0 0 0
 0 0 0 0 0 0 0 0 0 0 0 0 0.000112435 0.00938835 0.0111873 0.0202946 0.0414886 0.0713402 0.111592 0.104902 0.108894 0.110636 0.117776 0.105296 0.107544 0.0401394 0.0192827 0.0124803 0.00416011 0.0028671 0.000618394 0 0 0 0 0
 0 0 0 0 0 0 0 0 0 0 0.00291406 0.0102884 0.027416 0.0768956 0.0749926 0.110853 0.0956884 0.0897413 0.0766577 0.0534642 0.0500743 0.0551293 0.0594112 0.0620874 0.0668451 0.0424026 0.0208742 0.0120726 0.0048766 0.00582813 0.00118941 0.000297354 0 0 0 0
 0 0.00264628 0.0354308 0.0461629 0.0458689 0.0383711 0.0214643 0.0164657 0.0346957 0.0420465 0.0363128 0.0245516 0.0311673 0.0291091 0.0169068 0.0133784 0.00837989 0.0085269 0.0148486 0.0160247 0.0276389 0.0546898 0.0760071 0.122758 0.109233 0.0665981 0.0333725 0.0166128 0.00676272 0.00308733 0.000882094 0 0 0 0 0
 0 0 0 0 0 0 0 0.000805153 0.000690131 0.00759144 0.0133425 0.0154129 0.00931677 0.000345066 0.00356568 0.00563607 0.00851162 0.0253048 0.0502646 0.0516448 0.0657925 0.0565908 0.0611916 0.0827007 0.0866115 0.110766 0.145733 0.0935128 0.0569358 0.0249597 0.0138026 0.00621118 0.00161031 0.00115022 0 0
 0 0 0 0 0 0 0 0 0 0 0 0 0 0 0 0 0 0 0 0 0 0 0 0 0 0 0 0 0 0 0 0 0 0 0 0
 0.00147267 0.00158595 0.00478618 0.00569244 0.00954404 0.0108468 0.00647125 0.017049 0.0510054 0.094081 0.124002 0.0959785 0.0687766 0.0820023 0.061753 0.0591476 0.0492212 0.0479892 0.0443925 0.0268479 0.0217502 0.0140895 0.0121071 0.0120363 0.00920419 0.00665534 0.0049561 0.00860946 0.00930331 0.0156896 0.0114698 0.00855282 0.00243557 0.00046729 0 2.83206e-05
 0 0 0 0 0.000772559 0.00158375 0.000888443 0.00281984 0.00712685 0.0440552 0.0773331 0.111326 0.0921469 0.0852325 0.0710754 0.0886704 0.0786465 0.0553345 0.0373146 0.0185414 0.00753245 0.00457741 0.012979 0.0271748 0.0457355 0.0583668 0.034881 0.0177882 0.00938659 0.00492506 0.0015258 0.00185414 0.000309023 5.79419e-05 3.86279e-05 0
 0 0.00173294 0.00326652 0 0.00397197 0.00683976 0.00946217 0.0152591 0.00757587 0.0136028 0.0228656 0.0392903 0.0559909 0.0764795 0.0681675 0.0726916 0.0566044 0.0477403 0.0527397 0.0444891 0.0609904 0.0582453 0.0661739 0.0445044 0.0529084 0.0360697 0.0280645 0.0235558 0.0158879 0.00826598 0.00280645 0.00217768 0.000904811 0.00058276 9.20147e-05 0
 0 0 0 0 0 0 0 0 0 0 0 0 0 0 0 0 0 0 0 0 0 0 0 0 0 0 0 0 0 0 0 0 0 0 0 0
 0 0 0 0 0 0 0 0 0 0 0 0 0 0 0 0 0 0 0 0 0 0 0 0 0 0 0 0 0 0 0 0 0 0 0 0
ppred_pel_tallas
 1.01121e-16 3.39989e-05 0.00019955 0.000948579 0.0036521 0.0113887 0.028767 0.058861 0.0975679 0.131029 0.14258 0.125752 0.0899876 0.0524574 0.0253467 0.0109753 0.00562298 0.004913 0.00616426 0.00820107 0.0105452 0.012911 0.0150368 0.0166784 0.0176504 0.0178648 0.0173469 0.0162208 0.0146721 0.0129015 0.0110841 0.0093455 0.00775794 0.00634987 0.0051225 0.00406491
 1.00999e-16 3.34244e-05 0.000196175 0.000932526 0.00359028 0.0111959 0.0282801 0.0578649 0.0959178 0.128816 0.140179 0.123653 0.0885263 0.0516869 0.0251257 0.0111366 0.00607417 0.0056417 0.00719828 0.00956713 0.0122399 0.0148836 0.0171841 0.0188522 0.019678 0.0195775 0.0186107 0.0169602 0.0148813 0.0126403 0.0104612 0.00849455 0.00681249 0.00542354 0.00429708 0.003387
 1.01312e-16 2.98437e-05 0.000175147 0.000832544 0.0032053 0.00999539 0.0252477 0.0516608 0.0856363 0.115016 0.125182 0.110472 0.0791949 0.0464509 0.0229772 0.0108599 0.00688249 0.00723688 0.00956954 0.0127987 0.0163976 0.0199585 0.0230689 0.0253426 0.0264967 0.0264147 0.0251707 0.0230024 0.0202452 0.0172514 0.0143194 0.0116524 0.00935191 0.00743565 0.00586965 0.00459835
 1.01024e-16 3.47169e-05 0.000203766 0.000968621 0.00372926 0.0116294 0.0293749 0.0601046 0.0996291 0.133796 0.145589 0.128402 0.0918738 0.0535368 0.0258299 0.011118 0.00559703 0.0047931 0.00596482 0.00791038 0.0101436 0.0123787 0.0143582 0.0158451 0.0166635 0.0167365 0.0161011 0.0148919 0.0133034 0.011541 0.00978062 0.00814357 0.00669329 0.0054461 0.00438945 0.00349905
 1.00778e-16 3.49377e-05 0.000205062 0.00097478 0.00375298 0.0117033 0.0295616 0.0604868 0.100263 0.134648 0.146518 0.129225 0.0924719 0.0539035 0.0260403 0.0112648 0.00575049 0.0049947 0.00623512 0.00825438 0.0105509 0.0128216 0.0147918 0.0162109 0.0168977 0.0167804 0.0159124 0.0144535 0.0126269 0.0106654 0.00876462 0.00705649 0.00560411 0.00441463 0.00346045 0.00269983
 1.00982e-16 3.22117e-05 0.000189052 0.000898661 0.00345988 0.0107893 0.027253 0.0557635 0.0924354 0.124142 0.135101 0.119191 0.0853707 0.0499229 0.0244148 0.0110709 0.0063922 0.00624793 0.00809419 0.0107846 0.0138016 0.0167822 0.0193738 0.0212496 0.0221716 0.0220437 0.0209325 0.0190435 0.0166652 0.0140998 0.0116027 0.00934761 0.00741969 0.005832 0.00455233 0.0035295
 1.00639e-16 3.73562e-05 0.000219265 0.00104231 0.00401301 0.0125143 0.0316099 0.0646774 0.107207 0.143968 0.156645 0.138121 0.0987594 0.0574108 0.0274398 0.0113659 0.00507047 0.00372023 0.00436123 0.00571882 0.00731518 0.00891252 0.0103178 0.0113582 0.0119068 0.0119101 0.011398 0.0104723 0.00927839 0.00796936 0.00667553 0.00548652 0.00444809 0.00357029 0.00284104 0.00223906
 1.00849e-16 3.02906e-05 0.000177769 0.000845008 0.00325328 0.010145 0.0256257 0.0524343 0.0869188 0.116739 0.12706 0.112134 0.080397 0.0471772 0.0233751 0.0111107 0.00712059 0.00753827 0.00996908 0.0133034 0.0169895 0.0205926 0.0236735 0.0258255 0.0267574 0.0263615 0.0247382 0.0221646 0.0190218 0.0157051 0.0125449 0.00976171 0.00745688 0.00563444 0.00423686 0.00318092
 1.00871e-16 3.59493e-05 0.000211003 0.00100304 0.00386178 0.0120426 0.0304186 0.0622401 0.103168 0.138546 0.15075 0.132936 0.0950805 0.0553292 0.0265522 0.0111849 0.00527481 0.00417998 0.00506122 0.00668666 0.00858056 0.010488 0.0121903 0.0134872 0.0142286 0.014346 0.0138649 0.0128926 0.0115867 0.010116 0.00862634 0.00722092 0.00595655 0.00485232 0.0039039 0.00309678
 1.00847e-16 3.26794e-05 0.000191799 0.000911717 0.00351015 0.0109461 0.0276489 0.0565737 0.0937783 0.125945 0.137062 0.120919 0.0866028 0.0506324 0.0247409 0.0111828 0.00640503 0.00621392 0.00802588 0.0106763 0.01364 0.0165511 0.0190561 0.0208301 0.0216391 0.0213945 0.0201721 0.0181879 0.0157402 0.013139 0.010644 0.00842827 0.00657269 0.00508225 0.00391474 0.00300864
 1.0177e-16 2.58451e-05 0.000151666 0.000720899 0.00277541 0.00865479 0.0218615 0.044733 0.0741554 0.099605 0.108433 0.0957487 0.0687644 0.0405842 0.0205427 0.010492 0.00769284 0.00888182 0.0120278 0.0161593 0.0207365 0.025278 0.0292721 0.0322336 0.0338026 0.0338254 0.0323849 0.0297674 0.026383 0.0226649 0.0189828 0.0155922 0.0126253 0.0101134 0.00802512 0.00630219
 1.02643e-16 2.78364e-05 0.000163364 0.00077653 0.00298964 0.00932286 0.0235489 0.0481848 0.0798744 0.107277 0.11676 0.103042 0.0738717 0.0433365 0.0214531 0.0101717 0.00649948 0.00689534 0.00917927 0.0123612 0.0159709 0.0196479 0.0230206 0.0257305 0.0274986 0.0281819 0.0277976 0.026503 0.0245434 0.0221871 0.0196693 0.0171608 0.0147638 0.0125268 0.0104678 0.00859394
 1.01575e-16 3.46064e-05 0.000203118 0.000965546 0.00371743 0.0115925 0.0292816 0.0599138 0.0993124 0.13337 0.145122 0.127983 0.0915603 0.0533253 0.0256744 0.0109602 0.00538693 0.00449323 0.00554915 0.00736551 0.00947322 0.0116085 0.013538 0.0150463 0.0159708 0.016236 0.0158663 0.014972 0.0137156 0.0122695 0.0107799 0.00934712 0.00802364 0.0068246 0.0057446 0.00477225
 1.01188e-16 3.11437e-05 0.00018278 0.000868837 0.00334504 0.0104312 0.0263484 0.0539129 0.0893687 0.120026 0.130629 0.115263 0.0825952 0.0483763 0.0238007 0.0110326 0.00670178 0.00682328 0.00893698 0.0119207 0.0152446 0.0185156 0.0213439 0.0233687 0.0243292 0.024125 0.0228374 0.0207022 0.0180468 0.0152107 0.0124779 0.0100378 0.00797804 0.00630417 0.00497085 0.00391283
 1.0123e-16 3.18594e-05 0.000186985 0.000888832 0.00342204 0.0106713 0.0269549 0.0551536 0.0914244 0.122784 0.133622 0.117886 0.084434 0.0493714 0.0241385 0.0109356 0.00630217 0.00615451 0.0079795 0.0106481 0.0136546 0.0166467 0.0192818 0.0212399 0.0222843 0.0223136 0.021382 0.0196771 0.0174676 0.0150374 0.0126285 0.0104077 0.00846117 0.00680903 0.00543056 0.00428795
 1.01204e-16 3.21265e-05 0.000188553 0.000896289 0.00345075 0.0107608 0.027181 0.0556163 0.0921912 0.123813 0.134742 0.118871 0.0851347 0.0497709 0.0243147 0.0109826 0.00628297 0.0060957 0.00788537 0.0105136 0.0134724 0.0164106 0.0189881 0.0208887 0.0218798 0.0218646 0.0209009 0.0191792 0.01697 0.0145573 0.0121819 0.0100078 0.00811733 0.00652602 0.00520842 0.00412253
 1.0164e-16 2.87509e-05 0.00016873 0.000802037 0.00308784 0.00962908 0.0243224 0.0497678 0.0824989 0.110804 0.120603 0.106443 0.076332 0.0448236 0.022269 0.0106878 0.0069915 0.00751983 0.0100088 0.0134117 0.017207 0.0209786 0.0242998 0.0267688 0.0280884 0.0281318 0.0269682 0.0248347 0.0220697 0.0190302 0.0160194 0.0132452 0.0108134 0.00874721 0.00701862 0.00557919
 1.01789e-16 3.12732e-05 0.000183544 0.000872477 0.00335907 0.0104749 0.0264589 0.0541387 0.0897418 0.120524 0.131162 0.115712 0.082871 0.0484455 0.0236641 0.0106856 0.0061131 0.00594012 0.00770506 0.0103089 0.0132681 0.0162525 0.0189401 0.0210271 0.022283 0.0225994 0.0220093 0.0206682 0.0188072 0.0166737 0.0144809 0.0123787 0.0104497 0.00872296 0.00719541 0.00585207
 1.01763e-16 3.03599e-05 0.000178179 0.000846967 0.00326084 0.0101686 0.0256851 0.0525557 0.0871189 0.117004 0.12734 0.11236 0.0805124 0.047152 0.0231909 0.0107394 0.00651369 0.00663291 0.00870516 0.0116458 0.0149502 0.0182477 0.021169 0.0233679 0.0245873 0.0247163 0.023811 0.022071 0.0197821 0.017245 0.0147141 0.012363 0.0102788 0.00847992 0.0069436 0.00563214
 1.0141e-16 3.33895e-05 0.000195972 0.000931564 0.00358658 0.0111844 0.0282509 0.0578051 0.0958182 0.12868 0.140028 0.12351 0.0884024 0.0515718 0.0249904 0.0109433 0.00578317 0.00521582 0.00660767 0.00879679 0.0112987 0.0138116 0.0160546 0.0177667 0.0187526 0.0189244 0.0183182 0.0170768 0.0154076 0.0135309 0.0116347 0.00984889 0.00824185 0.00683248 0.00561025 0.00455351
 1.01406e-16 3.07295e-05 0.000180349 0.000857279 0.00330054 0.0102924 0.0259979 0.0531957 0.0881798 0.118429 0.128891 0.11373 0.0814971 0.0477341 0.0234871 0.0108921 0.00662533 0.00675699 0.00886297 0.0118401 0.0151703 0.0184702 0.0213581 0.0234781 0.0245697 0.0245259 0.0234153 0.0214562 0.0189569 0.0162397 0.0135763 0.0111508 0.00905274 0.00729582 0.00584716 0.00465566
 1.02098e-16 2.74455e-05 0.000161066 0.000765597 0.00294753 0.00919155 0.0232173 0.0475066 0.0787512 0.105772 0.115131 0.101626 0.0729036 0.0428631 0.0213936 0.0104332 0.00704506 0.00774499 0.0103774 0.0139412 0.0179274 0.0219185 0.0254794 0.0281968 0.0297597 0.0300271 0.0290547 0.0270676 0.0243949 0.0213867 0.0183431 0.0154737 0.0128903 0.0106267 0.00866908 0.00698489
 1.02308e-16 3.01642e-05 0.000177033 0.000841521 0.00323988 0.0101032 0.02552 0.0522177 0.086558 0.116249 0.126513 0.111619 0.0799565 0.0467763 0.0229138 0.0104581 0.00614065 0.00610394 0.00797828 0.0107037 0.0138082 0.0169617 0.0198375 0.0221245 0.0235831 0.0240952 0.0236839 0.0224948 0.0207498 0.0186883 0.0165173 0.0143836 0.0123706 0.0105122 0.00881456 0.00727465
 1.0247e-16 2.76828e-05 0.00016246 0.000772226 0.00297306 0.00927115 0.0234183 0.0479179 0.0794327 0.106687 0.116124 0.102496 0.0735154 0.0431972 0.0215128 0.0104122 0.00692849 0.00754369 0.0100828 0.0135397 0.01741 0.0212868 0.0247492 0.0273984 0.0289361 0.0292295 0.0283361 0.0264767 0.0239698 0.0211516 0.0183061 0.015627 0.013212 0.0110839 0.00922164 0.00759014
pSPR Fmed_Fpbrs
0.453944   0.348189 0.348189
Fs Fmed_Fpbrs
0.64   1.005 1.005
SSBpbr Bo_Bmed_Bpbrs
853670  344835  254555 254555
Ro
32490.8
SPR SPRFo_SPRFmed_SPRFpbrs
668531 303475 232775
log_Ro
10.2087
likeval ReclasPelacesDesembMPH_pf_preclas_ppelaces_ptallas_desvR_qrecl_qpela
 0.000927988 12.6427 0.00617818 11.4174 299.189 173.306 46.8349 0 16.4168 1.0155e-05 4.55471e-05 0 0 0 0
q_reclas_q_pelaces
0.636629 2.61211
M
0.7
N
 32407.7 10411.7 3923.44 467.121 0.214037
 35899.9 14361.5 2442.43 920.385 109.63
 12684.9 15879 3327.21 565.85 238.629
 16850.8 4782.23 1284.15 269.074 65.0588
 36569 7607.18 1267.54 340.366 88.5627
 33618.6 17877.5 3407.35 567.748 192.123
 81177.6 14464.6 3452.31 657.991 146.738
 62126.5 37235.4 4257.99 1016.27 236.891
 107723 27723.5 9144 1045.64 307.742
 125943 47431 6233.36 2055.94 304.296
 65063.2 58206.1 14673.2 1928.35 730.161
 49083.3 28559.2 12822.8 3232.52 585.671
 59156.6 21723.7 6643.57 2982.91 888.205
 26471 24788.3 3524.5 1077.87 628.059
 13952 10393.1 2619.32 372.426 180.261
 12975.1 5563.55 1216.43 306.571 64.6878
 9984.01 5808.27 1394.86 304.977 93.0799
 12469.5 4513.53 1553.77 373.139 106.484
 14274.6 5761.75 1394.43 480.027 148.177
 24272.7 6686.33 1947.24 471.26 212.307
 32220.6 11360.7 2248.2 654.737 229.842
 33262.8 15595.9 4766.11 943.18 371.104
 47538.1 15994.5 6264.61 1914.47 527.925
 46021.5 22602.4 5964.74 2336.23 910.828
pred_Ctot
 2524.33 4121.83 1553.24 184.927 0.0847343
 2840.58 5752.65 978.339 368.669 43.9135
 2231.91 10532.5 2206.93 375.327 158.282
 1107.71 1661.82 446.241 93.5031 22.6079
 408.994 539.423 89.8811 24.1353 6.27996
 3256.26 8284.93 1579.06 263.11 89.035
 4475.43 4364.26 1041.63 198.529 44.2739
 4557.57 14087.4 1610.93 384.488 89.6236
 8840.92 11410.1 3763.37 430.353 126.657
 6304.79 13213.4 1736.5 572.748 84.7714
 5469.95 24383.1 6146.75 807.802 305.871
 3863.92 11396.1 5116.76 1289.89 233.703
 6709.79 11194.3 3423.47 1537.11 457.697
 4039.79 15264.2 2170.32 663.732 386.747
 2001.69 6182.26 1558.08 221.535 107.227
 925.096 2059.4 450.274 113.48 23.9448
 647.061 1995.93 479.324 104.801 31.9856
 625.947 1260.27 433.845 104.188 29.7326
 584.499 1353.15 327.483 112.735 34.7994
 1006.73 1587.78 462.404 111.908 50.4159
 586.506 1280.23 253.349 73.7819 25.9007
 759.322 2169.84 663.102 131.223 51.6311
 1458.06 2911.97 1140.54 348.549 96.1145
 1618.02 4646.61 1226.23 480.282 187.248
F
 0.113842 0.749932 0.749932 0.749932 0.749932
 0.115737 0.76242 0.76242 0.76242 0.76242
 0.275507 1.8149 1.8149 1.8149 1.8149
 0.0953058 0.627827 0.627827 0.627827 0.627827
 0.0156595 0.103157 0.103157 0.103157 0.103157
 0.143377 0.944499 0.944499 0.944499 0.944499
 0.0793783 0.522905 0.522905 0.522905 0.522905
 0.106894 0.704163 0.704163 0.704163 0.704163
 0.120283 0.792364 0.792364 0.792364 0.792364
 0.0718409 0.473252 0.473252 0.473252 0.473252
 0.123379 0.812762 0.812762 0.812762 0.812762
 0.115116 0.75833 0.75833 0.75833 0.75833
 0.169816 1.11866 1.11866 1.11866 1.11866
 0.234908 1.54746 1.54746 1.54746 1.54746
 0.219388 1.44522 1.44522 1.44522 1.44522
 0.103748 0.683442 0.683442 0.683442 0.683442
 0.093905 0.618599 0.618599 0.618599 0.618599
 0.0720448 0.474595 0.474595 0.474595 0.474595
 0.0584183 0.384831 0.384831 0.384831 0.384831
 0.0591929 0.389934 0.389934 0.389934 0.389934
 0.0255985 0.16863 0.16863 0.16863 0.16863
 0.0321961 0.212092 0.212092 0.212092 0.212092
 0.043473 0.286378 0.286378 0.286378 0.286378
 0.0499744 0.329207 0.329207 0.329207 0.329207
Np
 24890.3 10611.3 3951.65 1467.93 457.799
YTP_r0W_actual
 37795.4 207121 79111.6 40563.4 19328.8
YTP_p0W_proyectada
 20952.3 226475 122299 41216.7 24315.6
 20952.3 110544 59844.5 28390 9825.41
CTP_r0_actual
 4724.42 10901.1 2876.79 1126.76 439.291
CTP_p0_proyectada
 2555.16 10485 3894.86 1027.85 546.418
 2555.16 5117.79 1905.88 707.979 220.796
Wmedp
 8.2 21.6 31.4 40.1 44.5
nmprior
 10.8 10.6 4.6 0
nm_flota  nm_reclas  nm_pelaces    nm_pelaL
inf 21.6646 16.6758 29.2754
cv_recla  cv_pelaces  cv_mph
0.940105 0.418393 0.477858
 ------------------------------------------------
Talla a la edad & desviaci?n 
 7.2 14.2025 17.0495 18.207 18.6776
 1.08 2.13037 2.55742 2.73105 2.80164
