years
 1997 1998 1999 2000 2001 2002 2003 2004 2005 2006 2007 2008 2009 2010 2011 2012 2013 2014 2015 2016 2017 2018 2019 2020 2021 2022
reclasobs
 0 0 0 370054 412103 1.49427e+06 250295 1.28982e+06 931140 785840 897777 1.04006e+06 184774 17550 25797 100020 73551 82996 120727 218422 84188 347160 605670 569463 516374 1.08416e+06
reclaspred
 523526 122046 175097 87220.9 185571 213078 715918 542957 705134 826574 714665 515654 364891 179321 107386 90575.3 92933.6 121850 134107 188217 295118 270014 435412 571903 691907 566640
pelacesobs
 0 0 0 0 0 0 0 0 0 2.06254e+06 1.5e+06 0 1.87456e+06 323000 250000 174000 83755 137374 0 501740 490994 745055 786931 1.00524e+06 1.33801e+06 1.41789e+06
pelacespred
 1.77106e+06 320580 266809 209178 432958 318865 1.80252e+06 1.32036e+06 1.70144e+06 1.97283e+06 1.4536e+06 1.11139e+06 802143 315416 188085 172019 182158 248786 270107 378294 695969 607949 784053 1.16344e+06 1.373e+06 1.21094e+06
mphobs
 0 0 0 0 0 0 112323 0 153150 637223 0 255016 313432 73983 77613 109348 50772 17779 17303 59886 28197 0 207744 136588 643089 65757
mphpred
 199174 102300 83622.5 43793.8 51732.8 106508 181282 305626 274421 354182 394454 275644 180402 129004 58900.5 42068.7 37546.4 47223.6 35465.3 38939.2 65404 84763.1 94870.5 136952 182131 164031
desembarqueobs
 350755 77701 442110 56441 14545 235359 269955 359681 431902 328805 639364 411747 362871 311530 167758 66681 60226 58785 57116 73181 50977 67692 138656 160484 209506 203330
desembarquepred
 350759 77697.8 442090 56451.5 14545.3 235384 269952 359623 431765 328743 639204 411657 362758 311694 167812 66709.2 60259.3 58778.7 57096.2 73171.7 50977.8 67686.2 138660 160486 209509 203329
Reclutas
 32034.3 34321.8 10520.6 14199.2 33053.8 30613.3 74662.1 58017.8 100213 116048 64076.7 51233.7 57297.4 25522.9 12928.4 11480 8794.59 11039.5 12214.9 19803.7 26711.7 28350.3 48247.2 67430.8 24326.5 25216.2
log_desv_Rt
 0.0726363 0.141611 -1.04084 -0.740982 0.103966 0.0272656 0.918802 0.66658 1.21313 1.35983 0.765911 0.542227 0.654085 -0.154595 -0.83474 -0.953561 -1.22003 -0.992691 -0.891516 -0.408299 -0.109067 -0.0495333 0.482168 0.816932 -0.202603 -0.166683
SSB
 387340 198946 162623 85167.2 100606 207129 340074 585467 517261 672269 767107 536053 364648 241235 115412 83306.4 78638.2 93204.4 117457 136915 214825 270937 313066 428644 630566 589191
BT
 1.3614e+06 310401 392666 182420 267090 360872 1.29596e+06 1.14458e+06 1.41517e+06 1.45278e+06 1.38319e+06 1.00186e+06 817376 467127 247771 152286 154837 190493 198309 276055 438972 390672 534864 788849 896488 825519
Ftot
 1.2752 1.2783 3.27869 1.32167 0.201222 1.76642 0.975833 1.27552 1.39937 0.830224 1.36332 1.19138 1.77395 2.60241 2.56456 1.23472 1.14606 0.864571 0.690977 0.704712 0.311841 0.366415 0.477972 0.487698 0.402001 0.424366
BD_Bspro_t
 0.890919 0.585935 0.414348 0.167455 0.284394 0.498775 0.479135 0.568413 0.498602 0.518983 0.519333 0.364778 0.284571 0.231925 0.13914 0.125694 0.161849 0.251067 0.353553 0.447968 0.586919 0.699816 0.692766 0.695196 0.716244 0.638009
BD_Bspro
 0.629524 0.323335 0.264303 0.138418 0.16351 0.336635 0.552703 0.951528 0.840677 1.0926 1.24674 0.871217 0.592643 0.392067 0.187573 0.135393 0.127806 0.15148 0.190896 0.22252 0.349144 0.440339 0.50881 0.696653 1.02482 0.95758
BD_Bo
 0.592644 0.304393 0.248819 0.130309 0.153931 0.316913 0.520324 0.895784 0.791427 1.02859 1.1737 0.820178 0.557924 0.369098 0.176584 0.127462 0.120319 0.142606 0.179713 0.209484 0.32869 0.414543 0.479002 0.65584 0.964786 0.901481
BD_Brms
 1.07753 0.553442 0.452398 0.236925 0.279874 0.576206 0.946043 1.6287 1.43896 1.87017 2.134 1.49123 1.01441 0.671087 0.321062 0.231748 0.218762 0.259283 0.326751 0.38088 0.597618 0.753714 0.870912 1.19244 1.75416 1.63906
S_f
 0.0808686 0.625705 0.969477 0.998346 0.999913
 0.0808686 0.625705 0.969477 0.998346 0.999913
 0.0808686 0.625705 0.969477 0.998346 0.999913
 0.0808686 0.625705 0.969477 0.998346 0.999913
 0.0808686 0.625705 0.969477 0.998346 0.999913
 0.0808686 0.625705 0.969477 0.998346 0.999913
 0.0808686 0.625705 0.969477 0.998346 0.999913
 0.0808686 0.625705 0.969477 0.998346 0.999913
 0.0808686 0.625705 0.969477 0.998346 0.999913
 0.0808686 0.625705 0.969477 0.998346 0.999913
 0.0808686 0.625705 0.969477 0.998346 0.999913
 0.0808686 0.625705 0.969477 0.998346 0.999913
 0.0808686 0.625705 0.969477 0.998346 0.999913
 0.0808686 0.625705 0.969477 0.998346 0.999913
 0.0808686 0.625705 0.969477 0.998346 0.999913
 0.0808686 0.625705 0.969477 0.998346 0.999913
 0.0808686 0.625705 0.969477 0.998346 0.999913
 0.0808686 0.625705 0.969477 0.998346 0.999913
 0.0808686 0.625705 0.969477 0.998346 0.999913
 0.0808686 0.625705 0.969477 0.998346 0.999913
 0.0808686 0.625705 0.969477 0.998346 0.999913
 0.0808686 0.625705 0.969477 0.998346 0.999913
 0.0808686 0.625705 0.969477 0.998346 0.999913
 0.0808686 0.625705 0.969477 0.998346 0.999913
 0.0808686 0.625705 0.969477 0.998346 0.999913
 0.0808686 0.625705 0.969477 0.998346 0.999913
Scru_reclas
 0.669782 0.910776 0.980906 0.996147 0.999232
 0.669782 0.910776 0.980906 0.996147 0.999232
 0.669782 0.910776 0.980906 0.996147 0.999232
 0.669782 0.910776 0.980906 0.996147 0.999232
 0.669782 0.910776 0.980906 0.996147 0.999232
 0.669782 0.910776 0.980906 0.996147 0.999232
 0.669782 0.910776 0.980906 0.996147 0.999232
 0.669782 0.910776 0.980906 0.996147 0.999232
 0.669782 0.910776 0.980906 0.996147 0.999232
 0.669782 0.910776 0.980906 0.996147 0.999232
 0.669782 0.910776 0.980906 0.996147 0.999232
 0.669782 0.910776 0.980906 0.996147 0.999232
 0.669782 0.910776 0.980906 0.996147 0.999232
 0.669782 0.910776 0.980906 0.996147 0.999232
 0.669782 0.910776 0.980906 0.996147 0.999232
 0.669782 0.910776 0.980906 0.996147 0.999232
 0.669782 0.910776 0.980906 0.996147 0.999232
 0.669782 0.910776 0.980906 0.996147 0.999232
 0.669782 0.910776 0.980906 0.996147 0.999232
 0.669782 0.910776 0.980906 0.996147 0.999232
 0.669782 0.910776 0.980906 0.996147 0.999232
 0.669782 0.910776 0.980906 0.996147 0.999232
 0.669782 0.910776 0.980906 0.996147 0.999232
 0.669782 0.910776 0.980906 0.996147 0.999232
 0.669782 0.910776 0.980906 0.996147 0.999232
 0.669782 0.910776 0.980906 0.996147 0.999232
Scru_pelaces
 0.796088 1 1 1 1
 0.796088 1 1 1 1
 0.796088 1 1 1 1
 0.796088 1 1 1 1
 0.796088 1 1 1 1
 0.796088 1 1 1 1
 0.796088 1 1 1 1
 0.796088 1 1 1 1
 0.796088 1 1 1 1
 0.796088 1 1 1 1
 0.796088 1 1 1 1
 0.796088 1 1 1 1
 0.796088 1 1 1 1
 0.796088 1 1 1 1
 0.796088 1 1 1 1
 0.796088 1 1 1 1
 0.796088 1 1 1 1
 0.796088 1 1 1 1
 0.796088 1 1 1 1
 0.796088 1 1 1 1
 0.796088 1 1 1 1
 0.796088 1 1 1 1
 0.796088 1 1 1 1
 0.796088 1 1 1 1
 0.796088 1 1 1 1
 0.796088 1 1 1 1
pf_obs 
 0.256992 0.487395 0.22802 0.0275931 0
 0.321318 0.546541 0.124235 0.00734118 0.000564706
 0.182869 0.594174 0.210203 0.0122559 0.00049798
 0.330522 0.361315 0.267642 0.0388342 0.00168674
 0.649043 0.306663 0.0425973 0.00169635 0
 0.582887 0.30429 0.105238 0.00758474 0
 0.465427 0.430635 0.0974691 0.00646863 0
 0.296916 0.608066 0.0921331 0.00288517 0
 0.311714 0.524322 0.152257 0.0117073 0
 0.15457 0.633149 0.183074 0.0267441 0.00246327
 0.131901 0.49318 0.331252 0.0422183 0.00144891
 0.196976 0.569456 0.194076 0.0375587 0.00193317
 0.518974 0.381816 0.0799577 0.0180837 0.00116848
 0.0928022 0.601141 0.25162 0.0475244 0.00691264
 0.122501 0.610282 0.24278 0.0234846 0.000952079
 0.383417 0.481906 0.127806 0.00687128 0
 0.0376549 0.599619 0.316969 0.0457579 0
 0.0361596 0.667082 0.258105 0.0386534 0
 0.158088 0.579412 0.248529 0.0139706 0
 0.0477256 0.309471 0.559284 0.082774 0.000745712
 0.0406174 0.521527 0.379366 0.0568643 0.0016247
 0.151134 0.462217 0.34131 0.0453401 0
 0.294876 0.26143 0.354403 0.0886775 0.000613685
 0.281977 0.475581 0.204845 0.0348837 0.00271318
 0.0841818 0.532909 0.334909 0.0458182 0.00218182
 0.115287 0.27431 0.454777 0.147771 0.00785563
pf_pred 
 0.277978 0.490492 0.206709 0.0248073 1.33165e-05
 0.247714 0.603825 0.120401 0.0251893 0.00286986
 0.116223 0.696865 0.16694 0.0163576 0.00361393
 0.312855 0.510352 0.164304 0.0112715 0.00121777
 0.362833 0.513026 0.105998 0.0169227 0.00121965
 0.222495 0.622061 0.135 0.017537 0.00290679
 0.411638 0.450968 0.123896 0.0118191 0.00167924
 0.200256 0.689919 0.0945364 0.0138477 0.00144001
 0.323845 0.477893 0.183851 0.0124942 0.00191648
 0.253477 0.621479 0.104228 0.0193782 0.00143705
 0.132851 0.640348 0.204313 0.0188791 0.00360959
 0.157177 0.518846 0.276604 0.0429027 0.00447021
 0.240248 0.512732 0.188134 0.0506453 0.00824107
 0.156616 0.691111 0.126242 0.0201255 0.00590603
 0.173956 0.635305 0.177385 0.011228 0.00212667
 0.225053 0.601674 0.156758 0.0154452 0.00106987
 0.173554 0.609858 0.189354 0.0247582 0.00247674
 0.223906 0.513124 0.222593 0.0355178 0.00486013
 0.204769 0.565541 0.179461 0.0428002 0.00742919
 0.259525 0.494592 0.199885 0.0362555 0.00974259
 0.225406 0.56348 0.164632 0.0380718 0.00840997
 0.16783 0.543526 0.234416 0.0425985 0.0116299
 0.229099 0.449117 0.243019 0.0643805 0.0143856
 0.226074 0.533634 0.168499 0.0547012 0.0170912
 0.0673771 0.627742 0.240647 0.045536 0.0186985
 0.0928878 0.301748 0.467781 0.109399 0.0281843
pobs_RECLAS
 0 0 0 0 0
 0 0 0 0 0
 0 0 0 0 0
 0 0 0 0 0
 0.835266 0.146461 0.0176864 0.000547809 3.91292e-05
 0.385257 0.428462 0.181853 0.0044286 0
 0.867414 0.0963971 0.0333333 0.00285562 0
 0.441836 0.489002 0.0689373 0.000224442 0
 0.779404 0.147425 0.0564933 0.0165055 0.000172143
 0.814271 0.122319 0.05973 0.00367925 0
 0.40263 0.566651 0.0304383 0.000280538 0
 0.475488 0.404961 0.113038 0.00651328 0
 0.955842 0.0263864 0.0167828 0.000988607 0
 0.975058 0.0227948 0.00214734 0 0
 0.738997 0.206755 0.0527124 0.00153531 0
 0.850938 0.134255 0.0134407 0.00136685 0
 0.542534 0.407297 0.0501686 0 0
 0.764087 0.199537 0.0359546 0.000420521 0
 0.470689 0.182191 0.310203 0.0369168 0
 0.84361 0.089868 0.0606195 0.00523954 0.000663233
 0.607945 0.314616 0.071237 0.00620181 0
 0.523733 0.453247 0.0230204 0 0
 0.530135 0.295979 0.169645 0.0042399 0
 0.562478 0.366248 0.0663022 0.0049721 0
 0.250443 0.683176 0.0655157 0.000865301 0
 0.195077 0.31981 0.436473 0.0351445 0.0134964
ppred_RECLAS
 0.724538 0.21053 0.0580918 0.00683653 3.67429e-06
 0.682277 0.273814 0.03574 0.00733213 0.000836375
 0.518396 0.421568 0.0538412 0.00507359 0.00112109
 0.752904 0.20159 0.0423497 0.00284801 0.000308067
 0.776405 0.191593 0.0273816 0.00430921 0.000311037
 0.661009 0.293048 0.040022 0.00507885 0.000842674
 0.818755 0.150643 0.0276431 0.00259089 0.000368595
 0.614895 0.348845 0.0312966 0.00449548 0.00046805
 0.765942 0.18448 0.0460416 0.00306554 0.000470768
 0.679598 0.282254 0.0318857 0.00582923 0.000432874
 0.507574 0.400364 0.0830973 0.00752491 0.00144043
 0.564658 0.308723 0.108401 0.0164971 0.00172104
 0.694394 0.234844 0.0541909 0.01425 0.0023211
 0.578606 0.373996 0.0395035 0.00610272 0.00179191
 0.613299 0.329394 0.0534078 0.00327724 0.000621099
 0.65581 0.289537 0.0495338 0.00478726 0.000332017
 0.581249 0.339319 0.0696049 0.00893227 0.000894688
 0.657642 0.254795 0.0743095 0.0116569 0.00159726
 0.624649 0.294479 0.0634053 0.0148795 0.00258638
 0.697195 0.226634 0.062105 0.0110836 0.00298254
 0.646741 0.280933 0.0565796 0.0128938 0.00285243
 0.566238 0.317917 0.0943361 0.0168904 0.00461807
 0.665088 0.224915 0.0833757 0.0217538 0.00486787
 0.652761 0.265677 0.0574481 0.0183671 0.00574706
 0.317532 0.512093 0.134889 0.0251451 0.0103405
 0.428651 0.240797 0.256278 0.0590407 0.0152328
pobs_PELACES
 0 0 0 0 0
 0 0 0 0 0
 0 0 0 0 0
 0 0 0 0 0
 0 0 0 0 0
 0 0 0 0 0
 0 0 0 0 0
 0 0 0 0 0
 0 0 0 0 0
 0 0 0 0 0
 0.450072 0.473896 0.0757376 0.000293798 0
 0 0 0 0 0
 0.463077 0.371075 0.160297 0.00555027 0
 0.529543 0.364841 0.0842815 0.0213345 0
 0.631943 0.363953 0.00410389 0 0
 0.735681 0.248677 0.0153453 0.000297389 0
 0.695825 0.281241 0.0229344 0 0
 0.275771 0.60734 0.115278 0.00161068 0
 0 0 0 0 0
 0.896147 0.0623911 0.0374545 0.00400742 0
 0.803859 0.145111 0.0509908 3.86294e-05 0
 0.739449 0.233085 0.0266225 0.000797448 4.60066e-05
 0.878498 0.100942 0.0204185 0.000141795 0
 0.694673 0.275183 0.0284847 0.00165964 0
 0.469039 0.446079 0.0841089 0.000773354 0
 0.822795 0.102175 0.0682046 0.00682512 0
ppred_PELACES
 0.789792 0.168559 0.0373689 0.00427818 2.2907e-06
 0.750551 0.221117 0.0231805 0.0046261 0.000525721
 0.687555 0.286457 0.0234182 0.00210617 0.000463169
 0.812915 0.158538 0.0266184 0.00174064 0.000187574
 0.798021 0.17545 0.0227564 0.00351976 0.000253244
 0.749925 0.223553 0.0232004 0.00285074 0.000471099
 0.857166 0.122242 0.0186452 0.00170489 0.000241676
 0.68902 0.287095 0.0206934 0.00289159 0.000299933
 0.826613 0.143004 0.028274 0.00182918 0.000279834
 0.730962 0.241555 0.0230596 0.00411848 0.000304759
 0.597278 0.340596 0.0562324 0.00494954 0.000943856
 0.648181 0.264249 0.0752599 0.0111509 0.00115901
 0.782068 0.177608 0.0311166 0.00792217 0.00128524
 0.710982 0.265886 0.0194102 0.00288042 0.000842018
 0.740445 0.231656 0.0260714 0.00153731 0.000290065
 0.726594 0.237337 0.0327729 0.00308245 0.000212985
 0.656885 0.288275 0.0482123 0.00602618 0.000601384
 0.717009 0.219673 0.0539285 0.00826201 0.00112808
 0.678032 0.26078 0.0482044 0.0110661 0.00191691
 0.746021 0.197359 0.0463577 0.00809212 0.00217004
 0.681864 0.258691 0.0466937 0.010447 0.00230364
 0.608785 0.295616 0.078131 0.0137269 0.00374083
 0.70954 0.203402 0.0663149 0.0169603 0.00378257
 0.696022 0.239719 0.0455386 0.0142702 0.00445024
 0.358007 0.496163 0.115939 0.0212006 0.00868969
 0.484914 0.23315 0.21957 0.049609 0.012757
pobs_pel_tallas
 0 0 0 0 0 0 0 0 0 0 0 0 0 0 0 0 0 0 0 0 0 0 0 0 0 0 0 0 0 0 0 0 0 0 0 0
 0 0 0 0 0 0 0 0 0 0 0 0 0 0 0 0 0 0 0 0 0 0 0 0 0 0 0 0 0 0 0 0 0 0 0 0
 0 0 0 0 0 0 0 0 0 0 0 0 0 0 0 0 0 0 0 0 0 0 0 0 0 0 0 0 0 0 0 0 0 0 0 0
 0 0 0 0 0 0 0 0 0 0 0 0 0 0 0 0 0 0 0 0 0 0 0 0 0 0 0 0 0 0 0 0 0 0 0 0
 0 0 0 0 0 0 0 0 0 0 0 0 0 0 0 0 0 0 0 0 0 0 0 0 0 0 0 0 0 0 0 0 0 0 0 0
 0 0 0 0 0 0 0 0 0 0 0 0 0 0 0 0 0 0 0 0 0 0 0 0 0 0 0 0 0 0 0 0 0 0 0 0
 0 0 0 0 0 0 0 0 0 0 0 0 0 0 0 0 0 0 0 0 0 0 0 0 0 0 0 0 0 0 0 0 0 0 0 0
 0 0 0 0 0 0 0 0 0 0 0 0 0 0 0 0 0 0 0 0 0 0 0 0 0 0 0 0 0 0 0 0 0 0 0 0
 0 0 0 0 0 0 0 0 0 0 0 0 0 0 0 0 0 0 0 0 0 0 0 0 0 0 0 0 0 0 0 0 0 0 0 0
 0 0 0 0 0 0 0 0 0 0 0 0 0 0 0 0 0 0 0 0 0 0 0 0 0 0 0 0 0 0 0 0 0 0 0 0
 0 0 0 0 0 0 0 0 1.78061e-05 0.00172719 0.00360574 0.0105946 0.0120993 0.0124554 0.0147524 0.0171206 0.0266825 0.0428682 0.0675386 0.121331 0.153587 0.119568 0.100827 0.0573624 0.0630603 0.0341343 0.0324427 0.0444173 0.0211091 0.0280891 0.0125444 0.00206551 0 0 0 0
 0 0 0 0 0 0 0 0 0 0 0 0 0 0 0 0 0 0 0 0 0 0 0 0 0 0 0 0 0 0 0 0 0 0 0 0
 0 0 0 0 0 0 0.0133647 0.0140871 0.0187388 0.0205184 0.03894 0.0496705 0.03968 0.0493445 0.0407372 0.0367815 0.0215668 0.0243155 0.0234873 0.0199281 0.019796 0.0243948 0.0301388 0.0376714 0.0412746 0.0863199 0.0771752 0.113111 0.0741005 0.0525337 0.0229764 0.00759418 0.00175318 0 0 0
 0 0 0 0 0 0 0 0 0 0 0.00219441 0.00772107 0.0458388 0.0604681 0.0671733 0.0775358 0.0609151 0.0617685 0.073594 0.0568108 0.0755445 0.0548602 0.0670107 0.0636378 0.0643287 0.046367 0.0373049 0.0286899 0.0247887 0.0153202 0.00654259 0.00121912 0.000365735 0 0 0
 0 0 0 0 0 0 0 0 0 0 0 0 0.000112435 0.00938835 0.0111873 0.0202946 0.0414886 0.0713402 0.111592 0.104902 0.108894 0.110636 0.117776 0.105296 0.107544 0.0401394 0.0192827 0.0124803 0.00416011 0.0028671 0.000618394 0 0 0 0 0
 0 0 0 0 0 0 0 0 0 0 0.00291406 0.0102884 0.027416 0.0768956 0.0749926 0.110853 0.0956884 0.0897413 0.0766577 0.0534642 0.0500743 0.0551293 0.0594112 0.0620874 0.0668451 0.0424026 0.0208742 0.0120726 0.0048766 0.00582813 0.00118941 0.000297354 0 0 0 0
 0 0.00264628 0.0354308 0.0461629 0.0458689 0.0383711 0.0214643 0.0164657 0.0346957 0.0420465 0.0363128 0.0245516 0.0311673 0.0291091 0.0169068 0.0133784 0.00837989 0.0085269 0.0148486 0.0160247 0.0276389 0.0546898 0.0760071 0.122758 0.109233 0.0665981 0.0333725 0.0166128 0.00676272 0.00308733 0.000882094 0 0 0 0 0
 0 0 0 0 0 0 0 0.000805153 0.000690131 0.00759144 0.0133425 0.0154129 0.00931677 0.000345066 0.00356568 0.00563607 0.00851162 0.0253048 0.0502646 0.0516448 0.0657925 0.0565908 0.0611916 0.0827007 0.0866115 0.110766 0.145733 0.0935128 0.0569358 0.0249597 0.0138026 0.00621118 0.00161031 0.00115022 0 0
 0 0 0 0 0 0 0 0 0 0 0 0 0 0 0 0 0 0 0 0 0 0 0 0 0 0 0 0 0 0 0 0 0 0 0 0
 0.00147267 0.00158595 0.00478618 0.00569244 0.00954404 0.0108468 0.00647125 0.017049 0.0510054 0.094081 0.124002 0.0959785 0.0687766 0.0820023 0.061753 0.0591476 0.0492212 0.0479892 0.0443925 0.0268479 0.0217502 0.0140895 0.0121071 0.0120363 0.00920419 0.00665534 0.0049561 0.00860946 0.00930331 0.0156896 0.0114698 0.00855282 0.00243557 0.00046729 0 2.83206e-05
 0 0 0 0 0.000772559 0.00158375 0.000888443 0.00281984 0.00712685 0.0440552 0.0773331 0.111326 0.0921469 0.0852325 0.0710754 0.0886704 0.0786465 0.0553345 0.0373146 0.0185414 0.00753245 0.00457741 0.012979 0.0271748 0.0457355 0.0583668 0.034881 0.0177882 0.00938659 0.00492506 0.0015258 0.00185414 0.000309023 5.79419e-05 3.86279e-05 0
 0 0.00173294 0.00326652 0 0.00397197 0.00683976 0.00946217 0.0152591 0.00757587 0.0136028 0.0228656 0.0392903 0.0559909 0.0764795 0.0681675 0.0726916 0.0566044 0.0477403 0.0527397 0.0444891 0.0609904 0.0582453 0.0661739 0.0445044 0.0529084 0.0360697 0.0280645 0.0235558 0.0158879 0.00826598 0.00280645 0.00217768 0.000904811 0.00058276 9.20147e-05 0
 0 0 0 0 0 0 0 0 0 0 0 0 0 0 0 0 0 0 0 0 0 0 0 0 0 0 0 0 0 0 0 0 0 0 0 0
 0 0 0 0 0 0 0 0 0 0 0 0 0 0 0 0 0 0 0 0 0 0 0 0 0 0 0 0 0 0 0 0 0 0 0 0
 0 0 0 0 0 0 0 0 0 0 0 0 0 0 0 0 0 0 0 0 0 0 0 0 0 0 0 0 0 0 0 0 0 0 0 0
 0 0 0 0 0 0 0 0 0 0 0 0 0 0 0 0 0 0 0 0 0 0 0 0 0 0 0 0 0 0 0 0 0 0 0 0
ppred_pel_tallas
 1.00733e-16 3.44582e-05 0.000202245 0.000961391 0.00370142 0.0115425 0.0291555 0.059656 0.0988859 0.1328 0.144509 0.127458 0.0912184 0.0531951 0.02574 0.011207 0.00582678 0.00516215 0.00649029 0.00860872 0.0110166 0.0134048 0.015489 0.0170078 0.01777 0.0176965 0.0168369 0.015351 0.0134652 0.0114181 0.00941268 0.00758871 0.00601722 0.00471277 0.00365419 0.00280465
 1.00585e-16 3.27492e-05 0.000192207 0.000913659 0.00351762 0.0109694 0.0277078 0.0566942 0.0939783 0.126214 0.137357 0.121183 0.0868007 0.0507657 0.0248387 0.0112815 0.0065359 0.00639996 0.00828255 0.0110108 0.0140483 0.0170153 0.0195433 0.0212945 0.0220278 0.0216556 0.0202633 0.0180841 0.0154377 0.0126552 0.0100137 0.00769769 0.0057918 0.00429857 0.00316832 0.00232926
 1.0052e-16 3.00049e-05 0.00017609 0.000837022 0.00322253 0.0100491 0.0253834 0.0519388 0.0860981 0.115639 0.125867 0.111094 0.079677 0.0468071 0.0232887 0.0112304 0.00740766 0.00799482 0.010617 0.0141623 0.0180597 0.021845 0.0250455 0.0272248 0.0280732 0.027482 0.0255687 0.0226434 0.0191291 0.0154624 0.0120084 0.0090088 0.00657311 0.00470089 0.00332155 0.00233426
 1.00499e-16 3.5466e-05 0.000208163 0.000989528 0.00380976 0.0118804 0.0300089 0.061402 0.10178 0.136684 0.148732 0.131173 0.0938571 0.0546926 0.0263871 0.0113555 0.00571001 0.00487682 0.00605057 0.00799694 0.0102114 0.012394 0.0142754 0.0156106 0.0162231 0.0160442 0.0151278 0.0136332 0.0117824 0.00980711 0.00790349 0.00620461 0.00477532 0.0036241 0.00272343 0.00202999
 1.00514e-16 3.48172e-05 0.000204353 0.000971409 0.00373999 0.0116628 0.0294594 0.0602777 0.0999166 0.134184 0.146016 0.128789 0.092175 0.0537606 0.0260277 0.011355 0.00593403 0.00527988 0.00663779 0.0087867 0.0112122 0.0135922 0.0156308 0.0170583 0.0176819 0.0174294 0.0163652 0.0146706 0.0125958 0.0104006 0.00830352 0.00645091 0.0049116 0.00369048 0.00275176 0.00204228
 1.00523e-16 3.2722e-05 0.000192048 0.000912898 0.00351469 0.0109602 0.0276847 0.056647 0.0939001 0.126109 0.137243 0.121084 0.0867331 0.0507324 0.0248338 0.0112986 0.00657225 0.00645693 0.00836333 0.011118 0.0141823 0.0171725 0.0197161 0.0214712 0.0221944 0.0217973 0.0203675 0.0181417 0.015445 0.0126136 0.0099293 0.00757986 0.00565167 0.00414735 0.00301616 0.00218441
 1.00375e-16 3.73941e-05 0.000219486 0.00104336 0.00401706 0.0125269 0.0316418 0.0647426 0.107316 0.144115 0.156806 0.138269 0.0988774 0.0575037 0.0275294 0.0114804 0.00523686 0.00396202 0.00469628 0.00615601 0.00784968 0.00952173 0.01096 0.0119754 0.0124324 0.0122791 0.0115585 0.0103947 0.00896024 0.00743474 0.0059698 0.0046678 0.00357789 0.00270532 0.00202735 0.00150911
 1.00501e-16 3.00688e-05 0.000176465 0.000838805 0.00322939 0.0100705 0.0254375 0.0520494 0.0862814 0.115885 0.126135 0.11133 0.0798462 0.0469057 0.0233364 0.0112509 0.00741755 0.00800211 0.0106241 0.0141687 0.0180631 0.0218419 0.0250313 0.0271943 0.0280218 0.0274061 0.0254672 0.0225179 0.0189839 0.0153045 0.0118458 0.00885021 0.00642605 0.00457114 0.00321256 0.00224712
 1.00524e-16 3.60627e-05 0.000211668 0.00100619 0.00387392 0.0120805 0.0305143 0.062436 0.103493 0.138984 0.15123 0.133366 0.095404 0.0555493 0.026717 0.0113548 0.00550195 0.00450282 0.00550532 0.00726284 0.00927993 0.011277 0.0130095 0.0142556 0.0148544 0.0147412 0.0139614 0.0126544 0.0110166 0.00925388 0.00754109 0.00599787 0.00468393 0.0036096 0.00275365 0.00208097
 1.00562e-16 3.18958e-05 0.000187196 0.000889828 0.00342586 0.0106832 0.026985 0.0552155 0.0915278 0.122926 0.133784 0.118046 0.0845857 0.0495351 0.0243573 0.0112667 0.00680867 0.00689838 0.00901192 0.0119952 0.0153011 0.0185233 0.0212607 0.0231447 0.0239129 0.023471 0.0219146 0.0195012 0.0165827 0.0135234 0.0106278 0.00809831 0.00602737 0.00441645 0.00320924 0.00232479
 1.01124e-16 2.60707e-05 0.000152988 0.000727179 0.00279958 0.00873016 0.0220519 0.0451228 0.0748021 0.100476 0.109386 0.096601 0.0694011 0.0410089 0.0208473 0.0107916 0.00808457 0.00943549 0.0127886 0.0171459 0.0219336 0.0266278 0.0306719 0.0335436 0.0348642 0.0344863 0.0325265 0.0293264 0.0253625 0.0211324 0.0170561 0.0134184 0.0103575 0.00789051 0.00595779 0.00446608
 1.01592e-16 2.82873e-05 0.000166008 0.000789093 0.003038 0.00947366 0.0239298 0.0489646 0.0811677 0.109017 0.11866 0.104733 0.0751172 0.044133 0.0219684 0.0106149 0.00703878 0.00764287 0.010202 0.0136852 0.017574 0.0214494 0.0248783 0.0274511 0.0288616 0.028975 0.0278537 0.0257304 0.0229418 0.019846 0.0167502 0.013869 0.0113165 0.00912541 0.00727707 0.00573104
 1.00832e-16 3.41217e-05 0.000200269 0.000951995 0.00366524 0.0114297 0.0288706 0.059073 0.0979199 0.131503 0.1431 0.126221 0.0903462 0.0527118 0.0255535 0.0112063 0.00594181 0.00536874 0.00679012 0.00900992 0.0115218 0.0140049 0.0161613 0.0177177 0.0184757 0.0183564 0.0174169 0.0158305 0.0138396 0.0116976 0.00961813 0.00774532 0.00614907 0.00483847 0.00378478 0.0029437
 1.00501e-16 3.10256e-05 0.000182084 0.000865523 0.00333227 0.0103913 0.0262478 0.0537073 0.0890288 0.119572 0.130141 0.114849 0.0823323 0.0482908 0.0238855 0.0112832 0.00713634 0.0074796 0.00985681 0.0131307 0.0167388 0.0202427 0.0232022 0.0252127 0.0259876 0.0254271 0.0236418 0.0209209 0.0176581 0.0142592 0.0110628 0.00829272 0.00604891 0.00432926 0.00306643 0.00216528
 1.00513e-16 3.2309e-05 0.000189622 0.000901364 0.00347028 0.0108217 0.0273349 0.0559313 0.0927141 0.124518 0.135513 0.119565 0.0856583 0.0501315 0.0245915 0.0112759 0.00668013 0.00666278 0.00866763 0.0115316 0.014713 0.0178179 0.0204608 0.0222871 0.0230435 0.0226379 0.0211596 0.0188534 0.0160551 0.0131133 0.0103205 0.00787204 0.00585903 0.00428571 0.00310096 0.00222952
 1.00659e-16 3.17053e-05 0.000186077 0.000884511 0.00340539 0.0106194 0.0268238 0.0548855 0.0909808 0.122191 0.132984 0.117339 0.0840772 0.0492335 0.0242021 0.011184 0.00674541 0.00682679 0.00892143 0.0118856 0.01518 0.0184059 0.0211693 0.023106 0.0239547 0.0236165 0.0221779 0.0198833 0.0170706 0.0140916 0.0112422 0.00872175 0.00662475 0.00495934 0.0036785 0.00271127
 1.01014e-16 2.86677e-05 0.000168239 0.000799697 0.00307882 0.00960095 0.0242514 0.0496227 0.0822592 0.110484 0.120261 0.106156 0.0761577 0.0447847 0.0223669 0.010928 0.00739753 0.00812988 0.0108624 0.0145331 0.0185897 0.0225732 0.0260102 0.0284581 0.029596 0.0292986 0.0276634 0.024978 0.021644 0.0180806 0.014642 0.0115681 0.00897527 0.0068784 0.0052278 0.00394593
 1.01174e-16 3.12866e-05 0.000183621 0.000872836 0.00336044 0.0104792 0.0264697 0.054161 0.0897795 0.120576 0.131224 0.11578 0.082946 0.0485433 0.0238117 0.0109196 0.00647596 0.00647566 0.00845103 0.0112864 0.0144695 0.0176318 0.0204096 0.0224629 0.0235406 0.023536 0.0225082 0.0206587 0.0182757 0.0156634 0.0130812 0.0107085 0.00863768 0.0068903 0.00544349 0.00425546
 1.0124e-16 2.95887e-05 0.000173649 0.00082542 0.00317787 0.00990984 0.0250316 0.0512188 0.0849039 0.114033 0.124115 0.109538 0.0785391 0.0460949 0.0228543 0.0108903 0.00701858 0.00746629 0.00989911 0.0132382 0.0169493 0.0206106 0.0237938 0.0260984 0.0272323 0.0270784 0.0257185 0.0234053 0.0204929 0.0173521 0.0142959 0.0115362 0.00917673 0.00723252 0.00566335 0.00440615
 1.01102e-16 3.25508e-05 0.000191045 0.000908135 0.00349636 0.0109031 0.0275403 0.0563513 0.0934093 0.125448 0.136519 0.120433 0.08624 0.0503908 0.0245684 0.0110142 0.0061856 0.00590495 0.00760307 0.0101308 0.0129828 0.0158172 0.0183057 0.0201431 0.0211047 0.0210956 0.0201702 0.0185104 0.0163758 0.0140397 0.0117346 0.00962039 0.00777838 0.00622602 0.00494104 0.00388454
 1.01214e-16 2.97557e-05 0.000174629 0.000830083 0.00319582 0.00996583 0.025173 0.0515081 0.0853835 0.114677 0.124815 0.110153 0.0789756 0.0463417 0.0229591 0.0109108 0.00699282 0.00740952 0.00981301 0.0131195 0.0167944 0.0204185 0.0235663 0.0258409 0.026953 0.026787 0.0254253 0.0231194 0.0202221 0.0171018 0.0140696 0.0113359 0.00900311 0.00708532 0.00554159 0.00430815
 1.01852e-16 2.65707e-05 0.000155927 0.000741162 0.00285344 0.00889811 0.0224761 0.0459903 0.0762389 0.102401 0.111471 0.0984151 0.0706454 0.041626 0.0209439 0.0104911 0.00743956 0.00842615 0.0113627 0.0152624 0.0195964 0.0239077 0.027715 0.0305615 0.0321073 0.032205 0.0309281 0.0285405 0.025422 0.0219743 0.0185405 0.0153584 0.0125516 0.0101514 0.00813198 0.00644377
 1.01768e-16 3.09603e-05 0.000181707 0.000863739 0.00332542 0.01037 0.0261939 0.0535965 0.0888433 0.119318 0.129852 0.114562 0.0820598 0.0479961 0.0234909 0.0106856 0.00622176 0.00613562 0.00799016 0.0106929 0.0137555 0.0168372 0.0196032 0.0217374 0.0230012 0.0232839 0.0226231 0.0211845 0.0192122 0.0169672 0.0146737 0.0124888 0.0104977 0.00872868 0.00717565 0.00581956
 1.01423e-16 3.03723e-05 0.000178251 0.000847304 0.00326213 0.0101726 0.0256953 0.0525767 0.0871541 0.117053 0.127395 0.112416 0.0805687 0.0472167 0.0232815 0.010879 0.00672864 0.00694945 0.00914554 0.0122221 0.0156573 0.0190577 0.0220293 0.0242046 0.0253147 0.0252502 0.0240834 0.0220418 0.0194455 0.0166291 0.0138742 0.0113712 0.00921212 0.00741005 0.00592951 0.00471609
 1.02942e-16 1.56438e-05 9.1758e-05 0.000436053 0.00167862 0.00523445 0.0132223 0.0270578 0.044864 0.0602894 0.0657077 0.0581988 0.042184 0.0256755 0.0144363 0.00972702 0.010031 0.0134755 0.0188462 0.0254386 0.0326559 0.0397986 0.046071 0.050711 0.0531545 0.0531632 0.0508729 0.04674 0.0414148 0.0355819 0.0298228 0.0245363 0.0199243 0.0160288 0.0127932 0.0101202
 1.05494e-16 2.11671e-05 0.000124208 0.000590377 0.0022729 0.00708774 0.0179032 0.0366334 0.0607283 0.0815697 0.088799 0.0784103 0.0563109 0.0332329 0.0168247 0.00861123 0.00636571 0.00744386 0.0102253 0.0139724 0.0183119 0.0229186 0.0274265 0.0314568 0.0346817 0.0368811 0.0379707 0.0379918 0.0370741 0.035387 0.0330996 0.0303601 0.0272958 0.0240235 0.0206614 0.0173319
pSPR Fmed_Fpbrs
0.53479   0.6 0.325
Fs Fmed_Fpbrs
0.64   0.481175 1.71824
SSBpbr Bo_Bmed_Bpbrs
653581  316850  359469 179735
Ro
29789.9
SPR SPRFo_SPRFmed_SPRFpbrs
615291 329052 199970
log_Ro
10.1219
likeval ReclasPelacesDesembMPH_pf_preclas_ppelaces_ptallas_desvR_qrecl_qpela
 0.00096959 11.3963 0.00722836 16.0363 318.314 197.329 54.5534 0 18.9382 2.08931e-07 7.86543e-05 4.90485e-14 0 0 0
q_reclas_q_pelaces
0.937282 3.53161
M
0.7
N
 32034.3 9688.52 3090.55 364.799 0.195651
 34321.8 14349 2166.35 445.781 50.744
 10520.6 15369.8 3202.22 311.537 68.803
 14199.2 4007.6 981.094 66.2201 7.14827
 33053.8 6336.37 870.414 135.279 9.73574
 30613.3 16149.1 2774.3 355.629 58.9047
 74662.1 13178.5 2655.43 248.553 35.2783
 58017.8 34262.7 3553.75 511.995 53.1953
 100213 25987.1 7659.58 512.434 78.5365
 116048 44439.6 5376.33 979.51 72.5602
 64076.7 53885.5 13126.8 1193.78 228.052
 51233.7 28497.9 11402.4 1738.37 180.963
 57297.4 23105.1 6715.23 1783.91 290.078
 25522.9 24650.5 3781.35 597.245 175.182
 12928.4 10268.9 2402.37 150.634 28.5171
 11480 5217.6 1024.76 99.278 6.87074
 8794.59 5159.08 1196.58 153.727 15.3641
 11039.5 3980.7 1250.65 195.614 26.7388
 12214.9 5111.86 1150.84 268.604 46.5704
 19803.7 5736.08 1647.43 292.469 78.5028
 26711.7 9289.47 1832.78 413.132 91.1355
 28350.3 12934.3 3795.29 672.678 183.404
 48247.2 13667.3 5107.03 1321.19 294.84
 67430.8 23050.5 5032.59 1595.57 497.904
 24326.5 32190.2 8436.19 1557.57 638.748
 25216.2 11693.8 12430.2 2837.15 729.98
pred_Ctot
 2270.84 4006.9 1688.63 202.654 0.108784
 2438.65 5944.41 1185.3 247.978 28.2526
 1789.24 10728.1 2570.03 251.823 55.636
 1041.54 1699.03 546.991 37.5242 4.05412
 384.048 543.022 112.196 17.9122 1.29096
 2954.89 8261.4 1792.89 232.904 38.6042
 4092.98 4484.05 1231.92 117.52 16.6969
 4113.75 14172.6 1942 284.465 29.5813
 7761.76 11453.9 4406.46 299.455 45.9331
 5440.35 13338.7 2237.03 415.912 30.8431
 4841.16 23334.7 7445.27 687.965 131.536
 3403.12 11233.8 5988.91 928.91 96.7871
 5552.65 11850.3 4348.18 1170.52 190.469
 3525.99 15559.4 2842.16 453.098 132.966
 1762.38 6436.41 1797.12 113.753 21.5457
 789.083 2109.59 549.626 54.1541 3.7512
 562.839 1977.79 614.079 80.2915 8.03214
 538.292 1233.6 535.135 85.3884 11.6842
 478.945 1322.77 419.75 100.108 17.3765
 791.555 1508.52 609.653 110.58 29.7151
 479.085 1197.64 349.913 80.9189 17.8748
 596.299 1931.14 832.878 151.352 41.3209
 1318.52 2584.78 1398.63 370.526 82.7926
 1879.63 4436.75 1400.94 454.797 142.1
 560.649 5223.48 2002.44 378.908 155.591
 612.998 1991.33 3087.04 721.964 185.997
F
 0.103123 0.797898 1.23627 1.27309 1.27509
 0.103374 0.799837 1.23928 1.27618 1.27819
 0.265143 2.05149 3.17862 3.27327 3.27841
 0.106882 0.826978 1.28133 1.31949 1.32156
 0.0162726 0.125906 0.19508 0.200889 0.201205
 0.142848 1.10526 1.7125 1.76349 1.76626
 0.0789142 0.610584 0.946048 0.974219 0.975748
 0.10315 0.7981 1.23659 1.27341 1.27541
 0.113165 0.875595 1.35666 1.39706 1.39925
 0.067139 0.519475 0.804883 0.82885 0.830151
 0.11025 0.853036 1.32171 1.36106 1.3632
 0.0963453 0.745453 1.15502 1.18941 1.19128
 0.143457 1.10997 1.71981 1.77102 1.7738
 0.210453 1.62834 2.52298 2.59811 2.60219
 0.207393 1.60466 2.48629 2.56032 2.56434
 0.0998503 0.772573 1.19704 1.23268 1.23462
 0.0926799 0.717093 1.11107 1.14416 1.14596
 0.0699166 0.540966 0.838181 0.86314 0.864495
 0.0558783 0.432348 0.669886 0.689834 0.690917
 0.0569891 0.440942 0.683202 0.703546 0.704651
 0.0252182 0.195121 0.302323 0.311325 0.311814
 0.0296315 0.229268 0.355231 0.365809 0.366383
 0.0386529 0.29907 0.463383 0.477182 0.477931
 0.0394394 0.305155 0.472812 0.486891 0.487655
 0.0325092 0.251534 0.38973 0.401336 0.401966
 0.0343179 0.265528 0.411413 0.423664 0.424329
Np
 20777 9923.78 4446.4 1386.86 1642.17
YTP_r0W_actual
 6242.92 56502.4 120821 33119 9273.98
YTP_p0W_proyectada
 4686.64 49716.6 38499.2 46252.6 15351.7
 4686.64 40776.4 38444 15680.9 20631
CTP_r0_actual
 693.658 2224.5 3422.7 799.975 206.088
CTP_p0_proyectada
 571.542 2301.69 1226.09 1153.43 344.983
 571.542 1887.79 1224.33 391.045 463.619
Wmedp
 8.2 21.6 31.4 40.1 44.5
nmprior
 10.8 10.6 4.6 0
nm_flota  nm_reclas  nm_pelaces    nm_pelaL
inf 17.991 19.6511 64.6757
cv_recla  cv_pelaces  cv_mph
0.918216 0.369804 0.544948
 ------------------------------------------------
Talla a la edad & desviaci?n 
 7.2 14.2025 17.0495 18.207 18.6776
 1.08 2.13037 2.55742 2.73105 2.80164
