    unsorted:	 3.611107667e-06 0.007807041251 0.002499431164 0.2671282004 8.623732510 14.47874283 16.67941439 19.22456988 36.79559369 45.00989577 59.12487678 71.47710185 135.6724332 145.6180487 213.7202049 203.8476992 260.2901972 288.0935055 356.6149299 408.5205812 456.9493333 573.8237745 654.0138494 711.8838478 753.4615908 818.2698835 928.2869398 1126.390887 1161.268065 1300.176092 1442.743729 1661.673598 1760.989285 2050.489220 2258.144068 2389.385405 2578.577670 2712.980436 3044.773737 3552.182696 4120.852470 4279.489519 4616.457793 6157.775509 424408.4730 406898.1434 399680.0575 357280.5124 454194.5489 332195.1776 485799.8452 509819.7200 540553.2900 274958.4958 181843.4918 616890.3180 657686.1029 726132.6134 834705.4030 947898.6067 1074546.450 1192104.050 1278149.491 1507175.584 1790149.244 1884519.940 2117289.788 2291379.922 2415167.316 2495018.084 2673617.080 34072274.96
      sorted:	 3.611107667e-06 0.002499431164 0.007807041251 0.2671282004 8.623732510 14.47874283 16.67941439 19.22456988 36.79559369 45.00989577 59.12487678 71.47710185 135.6724332 145.6180487 203.8476992 213.7202049 260.2901972 288.0935055 356.6149299 408.5205812 456.9493333 573.8237745 654.0138494 711.8838478 753.4615908 818.2698835 928.2869398 1126.390887 1161.268065 1300.176092 1442.743729 1661.673598 1760.989285 2050.489220 2258.144068 2389.385405 2578.577670 2712.980436 3044.773737 3552.182696 4120.852470 4279.489519 4616.457793 6157.775509 181843.4918 274958.4958 332195.1776 357280.5124 399680.0575 406898.1434 424408.4730 454194.5489 485799.8452 509819.7200 540553.2900 616890.3180 657686.1029 726132.6134 834705.4030 947898.6067 1074546.450 1192104.050 1278149.491 1507175.584 1790149.244 1884519.940 2117289.788 2291379.922 2415167.316 2495018.084 2673617.080 34072274.96
