years
 1997 1998 1999 2000 2001 2002 2003 2004 2005 2006 2007 2008 2009 2010 2011 2012 2013 2014 2015 2016 2017 2018 2019 2020 2021
reclasobs
 0 0 0 370054 412103 1.49427e+06 250295 1.28982e+06 931140 785840 897777 1.04006e+06 184774 17550 25797 100020 73551 82996 120727 218422 84188 347160 605670 569463 516374
reclaspred
 2.81173e+06 689607 1.48362e+06 606048 302691 1.07804e+06 4.24113e+06 3.14224e+06 3.64086e+06 3.25442e+06 4.50686e+06 4.57083e+06 3.32412e+06 2.08867e+06 1.32702e+06 753194 534955 509775 514100 603670 493146 554802 1.28309e+06 1.37943e+06 1.87578e+06
pelacesobs
 0 0 0 0 0 0 0 0 0 2.06254e+06 1.5e+06 0 1.87456e+06 323000 250000 174000 83755 137374 0 501740 490994 745055 786931 1.00524e+06 1.33801e+06
pelacespred
 2.38195e+06 872401 517076 481190 215626 431821 1.51071e+06 2.22702e+06 2.20749e+06 2.07809e+06 2.69805e+06 2.74805e+06 2.10622e+06 1.39351e+06 843875 484114 326143 282136 298943 323356 312123 309721 553518 773428 986492
mphobs
 0 0 0 0 0 0 112323 0 153150 637223 0 255016 313432 73983 77613 109348 50772 17779 17303 59886 28197 0 207744 136588 643089
mphpred
 1.82521e+06 1.49921e+06 886853 827471 368927 316624 2.62074e+06 2.72537e+06 3.62505e+06 2.91605e+06 3.49311e+06 4.57621e+06 3.33442e+06 2.34685e+06 1.3993e+06 777879 448301 407744 419497 505781 450507 416991 819929 1.14098e+06 1.41519e+06
desembarqueobs
 350755 77701 442110 56441 14545 235359 269955 359681 431902 328805 639364 411747 362871 311530 167758 66681 60226 58785 57116 73181 50977 67692 138656 160484 209506
desembarquepred
 319570 78518.3 168928 69006.2 34464 122375 482890 357178 414445 370168 512552 520372 378373 237814 151095 85754.6 60868.3 58014.2 58479.4 68725.1 56112 63077.6 146019 156926 213467
Reclutas
 210276 4332.5 653.261 458.485 1253.25 412794 9174.75 415197 78795.7 326167 484352 64151.4 107523 8184 3100.29 6399.36 28816.2 18630.6 46466.2 7721.35 26817 112407 83974 126226 73940.8
log_desv_Rt
 1.98361 -1.89866 -3.79059 -4.14464 -3.13907 2.65814 -1.14835 2.66394 1.00205 2.4226 2.818 0.796438 1.3129 -1.26263 -2.23331 -1.50861 -0.0038726 -0.440006 0.473916 -1.32082 -0.0757725 1.35731 1.0657 1.47327 0.938456
SSB
 1.82521e+06 1.49921e+06 886853 827471 368927 316624 2.55779e+06 2.70357e+06 3.56682e+06 2.86941e+06 3.49311e+06 4.57621e+06 3.38884e+06 2.38521e+06 1.44542e+06 823293 489976 434993 429779 539650 461557 416991 840055 1.12271e+06 1.50975e+06
BT
 7.81471e+06 1.71366e+06 1.0181e+06 944442 425801 1.43644e+06 3.0205e+06 5.92791e+06 4.64966e+06 5.05222e+06 6.88067e+06 5.60027e+06 4.45616e+06 2.75045e+06 1.66422e+06 962911 738111 623126 703282 657337 716550 767743 1.24096e+06 1.80464e+06 2.19428e+06
Ftot
 0.110803 0.110803 0.110803 0.110803 0.110803 0.110803 0.110803 0.110803 0.110803 0.110803 0.110803 0.110803 0.110803 0.110803 0.110803 0.110803 0.110803 0.110803 0.110803 0.110803 0.110803 0.110803 0.110803 0.110803 0.110803
BD_Bspro_t
 0.986054 0.915428 0.824973 0.74087 0.666288 0.734325 0.903442 0.843372 0.862306 0.814007 0.835845 0.838934 0.781302 0.74401 0.685407 0.635047 0.60639 0.685652 0.730212 0.791312 0.767437 0.792978 0.856931 0.844765 0.844838
BD_Bspro
 3.06869 2.52059 1.49105 1.39121 0.620268 0.532333 4.30035 4.54545 5.99682 4.82427 5.87289 7.69388 5.69759 4.0102 2.43015 1.38418 0.823785 0.731345 0.722578 0.907301 0.776005 0.701077 1.41237 1.88758 2.53831
BD_Bo
 0.367449 0.301819 0.17854 0.166585 0.0742717 0.0637422 0.51493 0.544278 0.718067 0.577664 0.703227 0.921275 0.682237 0.480186 0.29099 0.165744 0.0986411 0.0875722 0.0865224 0.108641 0.0929199 0.083948 0.169118 0.226021 0.30394
BD_Brms
 1.78795 1.4686 0.868745 0.810576 0.361394 0.310159 2.50557 2.64837 3.494 2.81082 3.42179 4.48277 3.31965 2.33651 1.41591 0.806483 0.479972 0.426112 0.421004 0.528632 0.452133 0.408477 0.822903 1.09978 1.47892
S_f
 0.5 1 1 1 1
 0.5 1 1 1 1
 0.5 1 1 1 1
 0.5 1 1 1 1
 0.5 1 1 1 1
 0.5 1 1 1 1
 0.5 1 1 1 1
 0.5 1 1 1 1
 0.5 1 1 1 1
 0.5 1 1 1 1
 0.5 1 1 1 1
 0.5 1 1 1 1
 0.5 1 1 1 1
 0.5 1 1 1 1
 0.5 1 1 1 1
 0.5 1 1 1 1
 0.5 1 1 1 1
 0.5 1 1 1 1
 0.5 1 1 1 1
 0.5 1 1 1 1
 0.5 1 1 1 1
 0.5 1 1 1 1
 0.5 1 1 1 1
 0.5 1 1 1 1
 0.5 1 1 1 1
Scru_reclas
 0.5 1 1 1 1
 0.5 1 1 1 1
 0.5 1 1 1 1
 0.5 1 1 1 1
 0.5 1 1 1 1
 0.5 1 1 1 1
 0.5 1 1 1 1
 0.5 1 1 1 1
 0.5 1 1 1 1
 0.5 1 1 1 1
 0.5 1 1 1 1
 0.5 1 1 1 1
 0.5 1 1 1 1
 0.5 1 1 1 1
 0.5 1 1 1 1
 0.5 1 1 1 1
 0.5 1 1 1 1
 0.5 1 1 1 1
 0.5 1 1 1 1
 0.5 1 1 1 1
 0.5 1 1 1 1
 0.5 1 1 1 1
 0.5 1 1 1 1
 0.5 1 1 1 1
 0.5 1 1 1 1
Scru_pelaces
 0.5 1 1 1 1
 0.5 1 1 1 1
 0.5 1 1 1 1
 0.5 1 1 1 1
 0.5 1 1 1 1
 0.5 1 1 1 1
 0.5 1 1 1 1
 0.5 1 1 1 1
 0.5 1 1 1 1
 0.5 1 1 1 1
 0.5 1 1 1 1
 0.5 1 1 1 1
 0.5 1 1 1 1
 0.5 1 1 1 1
 0.5 1 1 1 1
 0.5 1 1 1 1
 0.5 1 1 1 1
 0.5 1 1 1 1
 0.5 1 1 1 1
 0.5 1 1 1 1
 0.5 1 1 1 1
 0.5 1 1 1 1
 0.5 1 1 1 1
 0.5 1 1 1 1
 0.5 1 1 1 1
pf_obs 
 0.256992 0.487395 0.22802 0.0275931 0
 0.321318 0.546541 0.124235 0.00734118 0.000564706
 0.182869 0.594174 0.210203 0.0122559 0.00049798
 0.330522 0.361315 0.267642 0.0388342 0.00168674
 0.649043 0.306663 0.0425973 0.00169635 0
 0.582887 0.30429 0.105238 0.00758474 0
 0.465427 0.430635 0.0974691 0.00646863 0
 0.296916 0.608066 0.0921331 0.00288517 0
 0.311714 0.524322 0.152257 0.0117073 0
 0.15457 0.633149 0.183074 0.0267441 0.00246327
 0.131901 0.49318 0.331252 0.0422183 0.00144891
 0.196976 0.569456 0.194076 0.0375587 0.00193317
 0.518974 0.381816 0.0799577 0.0180837 0.00116848
 0.0928022 0.601141 0.25162 0.0475244 0.00691264
 0.122501 0.610282 0.24278 0.0234846 0.000952079
 0.383417 0.481906 0.127806 0.00687128 0
 0.0376549 0.599619 0.316969 0.0457579 0
 0.0361596 0.667082 0.258105 0.0386534 0
 0.158088 0.579412 0.248529 0.0139706 0
 0.0477256 0.309471 0.559284 0.082774 0.000745712
 0.0406174 0.521527 0.379366 0.0568643 0.0016247
 0.151134 0.462217 0.34131 0.0453401 0
 0.294876 0.26143 0.354403 0.0886775 0.000613685
 0.281977 0.475581 0.204845 0.0348837 0.00271318
 0.0841818 0.532909 0.334909 0.0458182 0.00218182
pf_pred 
 0.75919 0.121227 0.0601997 0.0298943 0.0294887
 0.0190981 0.850213 0.0657905 0.0326706 0.0322274
 0.00630934 0.0383816 0.82803 0.0640739 0.0632047
 0.00979871 0.0128061 0.0377522 0.814452 0.125191
 0.0562794 0.0188853 0.0119607 0.0352601 0.877614
 0.975216 0.00271577 0.000441624 0.000279696 0.0213471
 0.0233768 0.964742 0.00130193 0.000211714 0.0103678
 0.698998 0.0141678 0.283345 0.000382377 0.00310722
 0.146159 0.706425 0.00693871 0.138768 0.00170903
 0.540861 0.119849 0.280711 0.00275723 0.0558213
 0.534249 0.329997 0.035436 0.0829982 0.01732
 0.0921565 0.638216 0.191038 0.0205142 0.0580751
 0.240397 0.131559 0.441517 0.13216 0.0543679
 0.031742 0.382523 0.101446 0.340457 0.143833
 0.0255011 0.0617462 0.360595 0.0956305 0.456527
 0.103374 0.0459371 0.0539014 0.314781 0.482006
 0.485461 0.0988877 0.0212952 0.0249872 0.369369
 0.317721 0.450758 0.0444955 0.00958196 0.177444
 0.57127 0.210096 0.144444 0.0142585 0.0599321
 0.117269 0.647312 0.115365 0.0793155 0.0407386
 0.448936 0.118564 0.317154 0.0565239 0.0588213
 0.74129 0.162216 0.0207611 0.0555349 0.0201974
 0.410598 0.504139 0.0534616 0.00684223 0.0249591
 0.491473 0.299904 0.178444 0.0189231 0.0112563
 0.298418 0.46728 0.13818 0.0822176 0.0139051
pobs_RECLAS
 0 0 0 0 0
 0 0 0 0 0
 0 0 0 0 0
 0 0 0 0 0
 0.835266 0.146461 0.0176864 0.000547809 3.91292e-05
 0.385257 0.428462 0.181853 0.0044286 0
 0.867414 0.0963971 0.0333333 0.00285562 0
 0.441836 0.489002 0.0689373 0.000224442 0
 0.779404 0.147425 0.0564933 0.0165055 0.000172143
 0.814271 0.122319 0.05973 0.00367925 0
 0.40263 0.566651 0.0304383 0.000280538 0
 0.475488 0.404961 0.113038 0.00651328 0
 0.955842 0.0263864 0.0167828 0.000988607 0
 0.975058 0.0227948 0.00214734 0 0
 0.738997 0.206755 0.0527124 0.00153531 0
 0.850938 0.134255 0.0134407 0.00136685 0
 0.542534 0.407297 0.0501686 0 0
 0.764087 0.199537 0.0359546 0.000420521 0
 0.470689 0.182191 0.310203 0.0369168 0
 0.84361 0.089868 0.0606195 0.00523954 0.000663233
 0.607945 0.314616 0.071237 0.00620181 0
 0.523733 0.453247 0.0230204 0 0
 0.530135 0.295979 0.169645 0.0042399 0
 0.562478 0.366248 0.0663022 0.0049721 0
 0.250443 0.683176 0.0655157 0.000865301 0
ppred_RECLAS
 0.759844 0.120898 0.0600363 0.0298131 0.0294087
 0.0191653 0.850155 0.065786 0.0326684 0.0322252
 0.00633182 0.0383807 0.828012 0.0640725 0.0632033
 0.0098335 0.0128057 0.0377509 0.814423 0.125187
 0.0564698 0.0188815 0.0119583 0.0352529 0.877437
 0.975302 0.0027063 0.000440086 0.000278722 0.0212728
 0.0234586 0.964661 0.00130182 0.000211696 0.010367
 0.69975 0.0141324 0.282636 0.000381422 0.00309945
 0.146607 0.706055 0.00693508 0.138696 0.00170814
 0.54175 0.119617 0.280168 0.00275189 0.0557132
 0.535139 0.329366 0.0353682 0.0828396 0.0172869
 0.0924563 0.638005 0.190975 0.0205074 0.0580559
 0.241051 0.131445 0.441137 0.132046 0.0543211
 0.0318521 0.382479 0.101434 0.340418 0.143816
 0.0255902 0.0617406 0.360562 0.0956217 0.456486
 0.103706 0.0459201 0.0538814 0.314665 0.481828
 0.486356 0.0987159 0.0212582 0.0249438 0.368727
 0.318497 0.450245 0.0444449 0.00957106 0.177242
 0.572146 0.209666 0.144149 0.0142293 0.0598096
 0.11764 0.64704 0.115317 0.0792822 0.0407215
 0.449821 0.118374 0.316645 0.0564331 0.0587267
 0.741976 0.161786 0.020706 0.0553877 0.0201438
 0.411464 0.503398 0.053383 0.00683217 0.0249224
 0.492367 0.299376 0.17813 0.0188898 0.0112365
 0.299168 0.46678 0.138032 0.0821297 0.0138902
pobs_PELACES
 0 0 0 0 0
 0 0 0 0 0
 0 0 0 0 0
 0 0 0 0 0
 0 0 0 0 0
 0 0 0 0 0
 0 0 0 0 0
 0 0 0 0 0
 0 0 0 0 0
 0 0 0 0 0
 0.450072 0.473896 0.0757376 0.000293798 0
 0 0 0 0 0
 0.463077 0.371075 0.160297 0.00555027 0
 0.529543 0.364841 0.0842815 0.0213345 0
 0.631943 0.363953 0.00410389 0 0
 0.735681 0.248677 0.0153453 0.000297389 0
 0.695825 0.281241 0.0229344 0 0
 0.275771 0.60734 0.115278 0.00161068 0
 0 0 0 0 0
 0.896147 0.0623911 0.0374545 0.00400742 0
 0.803859 0.145111 0.0509908 3.86294e-05 0
 0.739449 0.233085 0.0266225 0.000797448 4.60066e-05
 0.878498 0.100942 0.0204185 0.000141795 0
 0.694673 0.275183 0.0284847 0.00165964 0
 0.469039 0.446079 0.0841089 0.000773354 0
ppred_PELACES
 0.763164 0.119227 0.0592062 0.0294009 0.0290021
 0.019512 0.849855 0.0657627 0.0326568 0.0322138
 0.00644789 0.0383763 0.827915 0.064065 0.0631959
 0.0100131 0.0128033 0.037744 0.814275 0.125164
 0.0574518 0.0188619 0.0119459 0.0352163 0.876524
 0.975739 0.00265847 0.000432306 0.000273795 0.0208967
 0.0238811 0.964244 0.00130126 0.000211604 0.0103625
 0.703577 0.0139523 0.279034 0.00037656 0.00305994
 0.148909 0.70415 0.00691637 0.138321 0.00170353
 0.546285 0.118433 0.277395 0.00272466 0.0551619
 0.539684 0.326146 0.0350224 0.0820296 0.0171179
 0.0940019 0.636919 0.19065 0.0204725 0.057957
 0.244411 0.130863 0.439183 0.131461 0.0540806
 0.0324208 0.382255 0.101375 0.340218 0.143732
 0.0260501 0.0617114 0.360392 0.0955766 0.45627
 0.105418 0.0458324 0.0537785 0.314064 0.480908
 0.490924 0.0978379 0.0210691 0.0247219 0.365447
 0.322479 0.447614 0.0441852 0.00951515 0.176207
 0.576615 0.207476 0.142643 0.0140807 0.0591848
 0.119551 0.645638 0.115067 0.0791104 0.0406333
 0.45435 0.1174 0.314038 0.0559686 0.0582434
 0.745461 0.159601 0.0204264 0.0546397 0.0198718
 0.415899 0.499605 0.0529808 0.00678069 0.0247346
 0.496937 0.296681 0.176526 0.0187198 0.0111354
 0.303015 0.464218 0.137275 0.0816789 0.013814
pobs_pel_tallas
 0 0 0 0 0 0 0 0 0 0 0 0 0 0 0 0 0 0 0 0 0 0 0 0 0 0 0 0 0 0 0 0 0 0 0 0
 0 0 0 0 0 0 0 0 0 0 0 0 0 0 0 0 0 0 0 0 0 0 0 0 0 0 0 0 0 0 0 0 0 0 0 0
 0 0 0 0 0 0 0 0 0 0 0 0 0 0 0 0 0 0 0 0 0 0 0 0 0 0 0 0 0 0 0 0 0 0 0 0
 0 0 0 0 0 0 0 0 0 0 0 0 0 0 0 0 0 0 0 0 0 0 0 0 0 0 0 0 0 0 0 0 0 0 0 0
 0 0 0 0 0 0 0 0 0 0 0 0 0 0 0 0 0 0 0 0 0 0 0 0 0 0 0 0 0 0 0 0 0 0 0 0
 0 0 0 0 0 0 0 0 0 0 0 0 0 0 0 0 0 0 0 0 0 0 0 0 0 0 0 0 0 0 0 0 0 0 0 0
 0 0 0 0 0 0 0 0 0 0 0 0 0 0 0 0 0 0 0 0 0 0 0 0 0 0 0 0 0 0 0 0 0 0 0 0
 0 0 0 0 0 0 0 0 0 0 0 0 0 0 0 0 0 0 0 0 0 0 0 0 0 0 0 0 0 0 0 0 0 0 0 0
 0 0 0 0 0 0 0 0 0 0 0 0 0 0 0 0 0 0 0 0 0 0 0 0 0 0 0 0 0 0 0 0 0 0 0 0
 0 0 0 0 0 0 0 0 0 0 0 0 0 0 0 0 0 0 0 0 0 0 0 0 0 0 0 0 0 0 0 0 0 0 0 0
 0 0 0 0 0 0 0 0 1.78061e-05 0.00172719 0.00360574 0.0105946 0.0120993 0.0124554 0.0147524 0.0171206 0.0266825 0.0428682 0.0675386 0.121331 0.153587 0.119568 0.100827 0.0573624 0.0630603 0.0341343 0.0324427 0.0444173 0.0211091 0.0280891 0.0125444 0.00206551 0 0 0 0
 0 0 0 0 0 0 0 0 0 0 0 0 0 0 0 0 0 0 0 0 0 0 0 0 0 0 0 0 0 0 0 0 0 0 0 0
 0 0 0 0 0 0 0.0133647 0.0140871 0.0187388 0.0205184 0.03894 0.0496705 0.03968 0.0493445 0.0407372 0.0367815 0.0215668 0.0243155 0.0234873 0.0199281 0.019796 0.0243948 0.0301388 0.0376714 0.0412746 0.0863199 0.0771752 0.113111 0.0741005 0.0525337 0.0229764 0.00759418 0.00175318 0 0 0
 0 0 0 0 0 0 0 0 0 0 0.00219441 0.00772107 0.0458388 0.0604681 0.0671733 0.0775358 0.0609151 0.0617685 0.073594 0.0568108 0.0755445 0.0548602 0.0670107 0.0636378 0.0643287 0.046367 0.0373049 0.0286899 0.0247887 0.0153202 0.00654259 0.00121912 0.000365735 0 0 0
 0 0 0 0 0 0 0 0 0 0 0 0 0.000112435 0.00938835 0.0111873 0.0202946 0.0414886 0.0713402 0.111592 0.104902 0.108894 0.110636 0.117776 0.105296 0.107544 0.0401394 0.0192827 0.0124803 0.00416011 0.0028671 0.000618394 0 0 0 0 0
 0 0 0 0 0 0 0 0 0 0 0.00291406 0.0102884 0.027416 0.0768956 0.0749926 0.110853 0.0956884 0.0897413 0.0766577 0.0534642 0.0500743 0.0551293 0.0594112 0.0620874 0.0668451 0.0424026 0.0208742 0.0120726 0.0048766 0.00582813 0.00118941 0.000297354 0 0 0 0
 0 0.00264628 0.0354308 0.0461629 0.0458689 0.0383711 0.0214643 0.0164657 0.0346957 0.0420465 0.0363128 0.0245516 0.0311673 0.0291091 0.0169068 0.0133784 0.00837989 0.0085269 0.0148486 0.0160247 0.0276389 0.0546898 0.0760071 0.122758 0.109233 0.0665981 0.0333725 0.0166128 0.00676272 0.00308733 0.000882094 0 0 0 0 0
 0 0 0 0 0 0 0 0.000805153 0.000690131 0.00759144 0.0133425 0.0154129 0.00931677 0.000345066 0.00356568 0.00563607 0.00851162 0.0253048 0.0502646 0.0516448 0.0657925 0.0565908 0.0611916 0.0827007 0.0866115 0.110766 0.145733 0.0935128 0.0569358 0.0249597 0.0138026 0.00621118 0.00161031 0.00115022 0 0
 0 0 0 0 0 0 0 0 0 0 0 0 0 0 0 0 0 0 0 0 0 0 0 0 0 0 0 0 0 0 0 0 0 0 0 0
 0.00147267 0.00158595 0.00478618 0.00569244 0.00954404 0.0108468 0.00647125 0.017049 0.0510054 0.094081 0.124002 0.0959785 0.0687766 0.0820023 0.061753 0.0591476 0.0492212 0.0479892 0.0443925 0.0268479 0.0217502 0.0140895 0.0121071 0.0120363 0.00920419 0.00665534 0.0049561 0.00860946 0.00930331 0.0156896 0.0114698 0.00855282 0.00243557 0.00046729 0 2.83206e-05
 0 0 0 0 0.000772559 0.00158375 0.000888443 0.00281984 0.00712685 0.0440552 0.0773331 0.111326 0.0921469 0.0852325 0.0710754 0.0886704 0.0786465 0.0553345 0.0373146 0.0185414 0.00753245 0.00457741 0.012979 0.0271748 0.0457355 0.0583668 0.034881 0.0177882 0.00938659 0.00492506 0.0015258 0.00185414 0.000309023 5.79419e-05 3.86279e-05 0
 0 0.00173294 0.00326652 0 0.00397197 0.00683976 0.00946217 0.0152591 0.00757587 0.0136028 0.0228656 0.0392903 0.0559909 0.0764795 0.0681675 0.0726916 0.0566044 0.0477403 0.0527397 0.0444891 0.0609904 0.0582453 0.0661739 0.0445044 0.0529084 0.0360697 0.0280645 0.0235558 0.0158879 0.00826598 0.00280645 0.00217768 0.000904811 0.00058276 9.20147e-05 0
 0 0 0 0 0 0 0 0 0 0 0 0 0 0 0 0 0 0 0 0 0 0 0 0 0 0 0 0 0 0 0 0 0 0 0 0
 0 0 0 0 0 0 0 0 0 0 0 0 0 0 0 0 0 0 0 0 0 0 0 0 0 0 0 0 0 0 0 0 0 0 0 0
 0 0 0 0 0 0 0 0 0 0 0 0 0 0 0 0 0 0 0 0 0 0 0 0 0 0 0 0 0 0 0 0 0 0 0 0
ppred_pel_tallas
 1.03245e-16 3.3295e-05 0.000195421 0.000928959 0.00357657 0.0111532 0.0281721 0.0576434 0.0955487 0.128315 0.139619 0.123124 0.088071 0.0512675 0.0246366 0.0104393 0.00502253 0.00409696 0.00504534 0.00674078 0.00875724 0.0108719 0.0128915 0.0146334 0.0159514 0.0167633 0.0170614 0.0169024 0.0163818 0.0156031 0.0146528 0.0135887 0.0124425 0.0112304 0.00996648 0.00867244
 1.03838e-16 8.97951e-07 5.15488e-06 2.4261e-05 9.29989e-05 0.000289654 0.000732592 0.0015057 0.0025213 0.00346294 0.00397109 0.00398498 0.00390443 0.00440067 0.0061001 0.00943729 0.014687 0.0219941 0.0313022 0.0422291 0.0539885 0.0654264 0.0751904 0.0819996 0.08494 0.0836838 0.0785663 0.0704827 0.0606532 0.0503321 0.0405578 0.0320073 0.024973 0.0194354 0.0151835 0.0119337
 1.1692e-16 2.97277e-07 1.69841e-06 7.9838e-06 3.05897e-05 9.52159e-05 0.000240526 0.000493144 0.000821652 0.00111649 0.0012496 0.00118529 0.00103231 0.000982386 0.0012121 0.0018491 0.00300768 0.00483156 0.007503 0.0112199 0.0161565 0.0224174 0.0299905 0.038707 0.048216 0.0579859 0.0673388 0.0755189 0.0817896 0.0855426 0.0863959 0.0842602 0.0793575 0.0721822 0.0634205 0.05384
 1.34368e-16 4.48568e-07 2.59681e-06 1.22772e-05 4.71592e-05 0.000146926 0.000371079 0.000759737 0.00126148 0.00170083 0.00186864 0.00169089 0.00130474 0.000957166 0.000846349 0.00106465 0.00165344 0.00267684 0.00425341 0.0065499 0.00975941 0.014074 0.0196519 0.0265778 0.0348215 0.0442001 0.0543544 0.0647496 0.0747085 0.0834759 0.090311 0.0945901 0.0959018 0.0941108 0.0893838 0.0821607
 1.42342e-16 2.51665e-06 1.47395e-05 7.00075e-05 0.00026944 0.000840108 0.00212199 0.0043422 0.00719923 0.0096733 0.0105395 0.00932791 0.0067464 0.0040808 0.00226113 0.00150658 0.00161266 0.00235288 0.00365531 0.00558834 0.00829534 0.0119444 0.0166935 0.0226594 0.0298828 0.0382922 0.0476728 0.0576482 0.0676867 0.0771351 0.0852838 0.0914524 0.0950852 0.0958343 0.0936133 0.0886155
 1.00993e-16 4.25595e-05 0.000249823 0.00118761 0.00457249 0.014259 0.0360168 0.0736935 0.122148 0.164021 0.178433 0.157261 0.11229 0.0649613 0.0304579 0.0115941 0.00362161 0.000994441 0.000343641 0.000267479 0.000334988 0.000445059 0.000579063 0.000733656 0.000907133 0.00109705 0.00129943 0.00150806 0.00171397 0.00190546 0.00206889 0.0021903 0.00225752 0.00226233 0.00220196 0.00207995
 1.00824e-16 1.09302e-06 6.2898e-06 2.96337e-05 0.000113646 0.000354014 0.000895293 0.00183943 0.00307754 0.00421912 0.00481813 0.00478949 0.00460516 0.0050604 0.00688573 0.0105682 0.0163954 0.024501 0.0347891 0.0467942 0.0595937 0.0718526 0.0820219 0.0886517 0.0907309 0.0879408 0.0807397 0.0702408 0.0579337 0.0453413 0.0337211 0.0238882 0.0161825 0.0105502 0.00668661 0.00418139
 1.04122e-16 3.06932e-05 0.000180154 0.000856395 0.00329721 0.0102821 0.0259715 0.0531401 0.0880821 0.118281 0.128685 0.113442 0.0810586 0.0470129 0.022275 0.00890804 0.00353262 0.00220425 0.00255467 0.00363348 0.00517907 0.00714325 0.00949913 0.0121809 0.0150681 0.0179861 0.020719 0.0230331 0.0247079 0.0255707 0.0255253 0.0245705 0.0228021 0.0203969 0.0175837 0.0146072
 1.0516e-16 6.53413e-06 3.82582e-05 0.000181669 0.000699111 0.00217983 0.00550683 0.011273 0.0187064 0.0251831 0.0275646 0.0246956 0.0185104 0.0124822 0.00919528 0.00939276 0.0126569 0.0183548 0.0259844 0.0350434 0.0448298 0.0543849 0.0625996 0.068428 0.0711271 0.0704354 0.0666326 0.0604498 0.0528732 0.0449037 0.0373528 0.030729 0.0252266 0.0207943 0.0172411 0.014337
 1.06648e-16 2.38386e-05 0.000139903 0.000665014 0.00256031 0.00798403 0.020167 0.0412646 0.0684013 0.0918632 0.0999712 0.0881958 0.0631647 0.0369292 0.0180528 0.00819326 0.00478426 0.00481014 0.00645161 0.00894667 0.012015 0.0154918 0.0191965 0.0229154 0.0264229 0.0295077 0.0319923 0.0337425 0.0346685 0.0347244 0.0339083 0.0322668 0.0298987 0.0269533 0.0236196 0.0201076
 1.04222e-16 2.35586e-05 0.000138241 0.000657075 0.00252967 0.00788846 0.0199259 0.0407726 0.0675912 0.0907917 0.0988484 0.087308 0.0627522 0.0371358 0.0189821 0.00999728 0.00770331 0.00913985 0.0124599 0.0167674 0.0215427 0.026305 0.0305392 0.0337594 0.03561 0.0359464 0.0348623 0.0326509 0.0297189 0.0264814 0.0232743 0.0203075 0.0176636 0.0153303 0.0132474 0.0113485
 1.06326e-16 4.13771e-06 2.4194e-05 0.000114817 0.000441733 0.00137722 0.00347943 0.00712439 0.0118285 0.015943 0.017501 0.0157986 0.012098 0.00865345 0.00718001 0.0082482 0.0116999 0.0172218 0.0245331 0.0332726 0.0428535 0.0524316 0.0610022 0.0675884 0.0714538 0.0722659 0.0701571 0.0656607 0.0595522 0.0526524 0.045659 0.0390508 0.0330744 0.0277927 0.0231616 0.0190997
 1.13321e-16 1.06763e-05 6.26264e-05 0.000297629 0.00114578 0.00357287 0.00902486 0.018467 0.0306152 0.0411277 0.0447877 0.0395838 0.0285068 0.0169878 0.00891489 0.00510522 0.00450201 0.00585553 0.00844603 0.0120042 0.0164361 0.0216445 0.0274634 0.03365 0.0399025 0.0458835 0.0512449 0.0556499 0.0587964 0.0604435 0.0604401 0.0587534 0.0554859 0.0508728 0.0452592 0.0390554
 1.1997e-16 1.44134e-06 8.38946e-06 3.97369e-05 0.000152751 0.000476112 0.00120301 0.00246472 0.00409787 0.0055407 0.00612801 0.00564008 0.00455022 0.00369325 0.00374022 0.00498757 0.0074915 0.0112484 0.0162358 0.0223501 0.0293396 0.0367932 0.0441918 0.0510052 0.0567998 0.0613175 0.0645 0.0664464 0.0673306 0.0673093 0.0664605 0.0647722 0.0621784 0.0586214 0.0541133 0.048771
 1.2974e-16 1.15086e-06 6.71282e-06 3.18296e-05 0.000122414 0.000381584 0.000963872 0.0019731 0.0032744 0.00440906 0.00482877 0.00433302 0.00326417 0.0022388 0.00172792 0.00189818 0.00274143 0.004252 0.00649688 0.00959486 0.0136697 0.0188102 0.0250403 0.0322961 0.0404087 0.0490944 0.0579558 0.0664977 0.0741635 0.080389 0.0846702 0.0866331 0.0860916 0.0830784 0.0778431 0.0708181
 1.34041e-16 4.6099e-06 2.70246e-05 0.000128404 0.000494265 0.0015412 0.00389293 0.00796592 0.0132065 0.0177425 0.0193247 0.0170872 0.012323 0.00738049 0.00394725 0.00239422 0.0022965 0.00316374 0.00475747 0.007061 0.0101609 0.0141643 0.0191558 0.0251708 0.0321723 0.0400269 0.0484851 0.0571719 0.0655965 0.0731866 0.079348 0.0835415 0.085364 0.0846136 0.0813266 0.0757762
 1.18257e-16 2.14224e-05 0.000125723 0.000597612 0.00230081 0.00717483 0.018123 0.0370821 0.0614677 0.0825498 0.0898314 0.0792398 0.0567272 0.0331176 0.0160983 0.0071481 0.00394872 0.00377937 0.00500015 0.00693292 0.0093508 0.0121551 0.0152605 0.0185775 0.0220222 0.0255237 0.0290189 0.0324351 0.0356694 0.0385732 0.0409542 0.0425986 0.043308 0.0429414 0.0414499 0.0388946
 1.09334e-16 1.40921e-05 8.26538e-05 0.000392784 0.00151205 0.004715 0.0119101 0.0243727 0.0404119 0.0543067 0.0591876 0.0524247 0.0380006 0.0231329 0.0130136 0.00877988 0.00906825 0.0121966 0.0170787 0.0230922 0.0297169 0.0363469 0.0422958 0.0469118 0.0497218 0.0505394 0.0495 0.047004 0.0435963 0.0398195 0.0360953 0.0326627 0.0295821 0.0267869 0.0241547 0.0215727
 1.05342e-16 2.51644e-05 0.000147679 0.000701967 0.00270256 0.00842762 0.0212876 0.0435579 0.0722047 0.0969771 0.105552 0.0931553 0.0667954 0.0392089 0.0194559 0.00930667 0.00606641 0.00654814 0.00879833 0.0119414 0.015572 0.019381 0.0230429 0.0262328 0.0286829 0.0302322 0.0308479 0.0306108 0.0296748 0.0282159 0.0263911 0.0243176 0.0220738 0.0197148 0.0172906 0.0148584
 1.06461e-16 5.25189e-06 3.0735e-05 0.000145913 0.00056146 0.00175058 0.00442252 0.00905406 0.015027 0.0202382 0.0221742 0.0199184 0.0150422 0.0103612 0.00798772 0.00856447 0.0118055 0.0172457 0.0245057 0.0331735 0.0426349 0.052028 0.0603385 0.0665919 0.0700692 0.070471 0.0679762 0.0631692 0.0568719 0.0499367 0.0430707 0.0367373 0.0311469 0.0263128 0.0221376 0.0184929
 1.09141e-16 1.98298e-05 0.000116367 0.000553125 0.0021295 0.0066406 0.0167736 0.0343214 0.0568931 0.0764107 0.0831627 0.073386 0.0525996 0.030837 0.015236 0.00719586 0.00460761 0.0049917 0.00686362 0.00961379 0.0130241 0.0169588 0.0212524 0.0256937 0.0300439 0.0340596 0.0375132 0.0402048 0.0419714 0.0426947 0.0423124 0.0408313 0.0383373 0.0349947 0.0310334 0.0267224
 1.03149e-16 3.25246e-05 0.000190895 0.000907432 0.00349367 0.0108947 0.0275191 0.0563077 0.0933358 0.125346 0.136399 0.120307 0.0861044 0.0502206 0.0243162 0.0106153 0.00556401 0.00497974 0.00629975 0.00839834 0.0108139 0.0132669 0.0155013 0.0172808 0.0184308 0.0188752 0.0186489 0.0178797 0.0167462 0.0154291 0.0140709 0.0127558 0.0115118 0.0103284 0.00918051 0.00804768
 1.02304e-16 1.81681e-05 0.000106578 0.000506509 0.0019499 0.0060804 0.0153591 0.0314299 0.0521107 0.0700198 0.0762919 0.0675245 0.0488369 0.0295114 0.0162088 0.0103512 0.0101325 0.0133397 0.018544 0.0249409 0.0318903 0.0386725 0.0444838 0.0485676 0.0503815 0.0497261 0.0467904 0.0420925 0.0363431 0.0302754 0.0244991 0.0194156 0.015203 0.0118586 0.0092673 0.00727036
 1.03767e-16 2.16939e-05 0.000127295 0.000605041 0.00232933 0.00726371 0.0183478 0.0375435 0.0622385 0.0836026 0.0910238 0.0804026 0.057802 0.0342336 0.0175521 0.00933819 0.00732423 0.0088032 0.0120974 0.0164068 0.0212756 0.0262756 0.0309312 0.0347707 0.0374165 0.0386594 0.0384918 0.0370852 0.0347284 0.0317475 0.0284379 0.0250253 0.0216598 0.0184322 0.0153986 0.012601
 1.05552e-16 1.32445e-05 7.76752e-05 0.000369109 0.00142088 0.0044307 0.011192 0.0229036 0.0379776 0.05104 0.0556397 0.0493115 0.0358079 0.0219261 0.0125659 0.00882134 0.00943896 0.0128616 0.0180806 0.0245025 0.0316042 0.0387538 0.045221 0.0502962 0.0534401 0.0544008 0.0532576 0.0503746 0.0462871 0.0415616 0.0366776 0.0319616 0.0275821 0.0235864 0.0199565 0.0166578
pSPR Fmed_Fpbrs
0.370333   0.255515 0.255515
Fs Fmed_Fpbrs
0.64   1.005 1.005
SSBpbr Bo_Bmed_Bpbrs
4.96726e+06  1.59118e+06  1.02084e+06 1.02084e+06
Ro
28928
SPR SPRFo_SPRFmed_SPRFpbrs
594786 220269 151976
log_Ro
10.0926
likeval ReclasPelacesDesembMPH_pf_preclas_ppelaces_ptallas_desvR_qrecl_qpela
 0.00427175 49.1264 13879 208.609 568.923 424.748 91.1564 0 137.012 0 0 0 0 0 0
q_reclas_q_pelaces
1 1
M
0.7
N
 210276 17198.3 8540.41 4241.04 4183.51
 4332.5 98792.1 7644.65 3796.22 3744.72
 653.261 2035.5 43913.2 3398.05 3351.95
 458.485 306.916 904.783 19519.5 3000.38
 1253.25 215.406 136.425 402.177 10010.1
 412794 588.804 95.7484 60.6408 4628.26
 9174.75 193940 261.724 42.5602 2084.22
 415197 4310.5 86206.3 116.337 945.357
 78795.7 195069 1916.02 38318.8 471.924
 326167 37019.9 86708.1 851.673 17242.5
 484352 153241 16455.4 38541.8 8042.88
 64151.4 227559 68115.6 7314.44 20707
 107523 30139.8 101150 30277.4 12455.5
 8184 50516.8 13397.1 44961.4 18994.8
 3100.29 3845.02 22454.8 5955.04 28428.6
 6399.36 1456.58 1709.12 9981.16 15283.6
 28816.2 3006.56 647.453 759.704 11230.2
 18630.6 13538.5 1336.42 287.793 5329.52
 46466.2 8753.04 6017.86 594.039 2496.9
 7721.35 21830.8 3890.74 2674.94 1373.93
 26817 3627.66 9703.82 1729.44 1799.73
 112407 12599.2 1612.5 4313.36 1568.72
 83974 52811.1 5600.36 716.757 2614.59
 126226 39452.8 23474.6 2489.37 1480.79
 73940.8 59303.8 17536.8 10434.5 1764.74
pred_Ctot
 8176.27 1305.58 648.334 321.953 317.585
 168.463 7499.67 580.333 288.185 284.275
 25.4011 154.523 3333.61 257.959 254.459
 17.8275 23.2991 68.6854 1481.79 227.77
 48.7308 16.3523 10.3565 30.5307 759.903
 16050.9 44.6983 7.26861 4.60347 351.348
 356.747 14722.7 19.8684 3.2309 158.221
 16144.3 327.226 6544.24 8.83154 71.7655
 3063.86 14808.4 145.452 2908.92 35.8255
 12682.5 2810.32 6582.33 64.6536 1308.94
 18833.3 11633.1 1249.19 2925.85 610.565
 2494.44 17274.9 5170.9 555.266 1571.94
 4180.89 2288.02 7678.69 2298.47 945.545
 318.223 3834.91 1017.03 3413.18 1441.97
 120.55 291.89 1704.62 452.069 2158.12
 248.83 110.575 129.745 757.706 1160.23
 1120.47 228.239 49.1505 57.6719 852.525
 724.422 1027.75 101.452 21.8475 404.583
 1806.77 664.476 456.838 45.0957 189.549
 300.234 1657.26 295.36 203.065 104.3
 1042.74 275.389 736.653 131.288 136.624
 4370.77 956.453 122.411 327.443 119.087
 3265.21 4009.08 425.144 54.4117 198.483
 4908.12 2995.01 1782.04 188.977 112.412
 2875.08 4501.97 1331.28 792.119 133.968
F
 0.0554016 0.110803 0.110803 0.110803 0.110803
 0.0554016 0.110803 0.110803 0.110803 0.110803
 0.0554016 0.110803 0.110803 0.110803 0.110803
 0.0554016 0.110803 0.110803 0.110803 0.110803
 0.0554016 0.110803 0.110803 0.110803 0.110803
 0.0554016 0.110803 0.110803 0.110803 0.110803
 0.0554016 0.110803 0.110803 0.110803 0.110803
 0.0554016 0.110803 0.110803 0.110803 0.110803
 0.0554016 0.110803 0.110803 0.110803 0.110803
 0.0554016 0.110803 0.110803 0.110803 0.110803
 0.0554016 0.110803 0.110803 0.110803 0.110803
 0.0554016 0.110803 0.110803 0.110803 0.110803
 0.0554016 0.110803 0.110803 0.110803 0.110803
 0.0554016 0.110803 0.110803 0.110803 0.110803
 0.0554016 0.110803 0.110803 0.110803 0.110803
 0.0554016 0.110803 0.110803 0.110803 0.110803
 0.0554016 0.110803 0.110803 0.110803 0.110803
 0.0554016 0.110803 0.110803 0.110803 0.110803
 0.0554016 0.110803 0.110803 0.110803 0.110803
 0.0554016 0.110803 0.110803 0.110803 0.110803
 0.0554016 0.110803 0.110803 0.110803 0.110803
 0.0554016 0.110803 0.110803 0.110803 0.110803
 0.0554016 0.110803 0.110803 0.110803 0.110803
 0.0554016 0.110803 0.110803 0.110803 0.110803
 0.0554016 0.110803 0.110803 0.110803 0.110803
Np
 28434.9 8543.05 6314.59 4791.63 1674.5
YTP_r0W_actual
 242090 629247 279113 206837 36428.3
YTP_p0W_proyectada
 68161.7 361899 399209 150759 143793
 68161.7 88998.5 95629.3 92670.9 35938.6
CTP_r0_actual
 21615.2 28602.1 8457.98 5032.53 851.13
CTP_p0_proyectada
 8312.41 16754.6 12713.7 3759.58 3231.29
 8312.41 4120.3 3045.52 2310.99 807.609
Wmedp
 8.2 21.6 31.4 40.1 44.5
nmprior
 10.8 10.6 4.6 0
nm_flota  nm_reclas  nm_pelaces    nm_pelaL
inf 1.64564 3.94203 5.94888
cv_recla  cv_pelaces  cv_mph
1.97064 0.794748 2.00293
 ------------------------------------------------
Talla a la edad & desviaci?n 
 7.2 14.2025 17.0495 18.207 18.6776
 1.08 2.13037 2.55742 2.73105 2.80164
