years
 1997 1998 1999 2000 2001 2002 2003 2004 2005 2006 2007 2008 2009 2010 2011 2012 2013 2014 2015 2016 2017 2018 2019 2020 2021
reclasobs
 0 0 0 370054 412103 1.49427e+06 250295 1.28982e+06 931140 785840 897777 1.04006e+06 184774 17550 25797 100020 73551 82996 120727 218422 84188 347160 605670 569463 516374
reclaspred
 509322 119267 172364 87937.9 186095 211730 718391 538991 704900 818778 699312 501890 357680 175702 105878 88352.5 90507.6 117838 127812 179601 283475 256186 415843 552170 663448
pelacesobs
 0 0 0 0 0 0 0 0 0 2.06254e+06 1.5e+06 0 1.87456e+06 323000 250000 174000 83755 137374 0 501740 490994 745055 786931 1.00524e+06 1.33801e+06
pelacespred
 1.69126e+06 320054 261979 211404 428949 325807 1.75091e+06 1.32132e+06 1.67151e+06 1.95568e+06 1.46066e+06 1.11368e+06 786309 312570 185040 171001 179534 243379 265112 365292 678018 606162 778167 1.14906e+06 1.39776e+06
mphobs
 0 0 0 0 0 0 112323 0 153150 637223 0 255016 313432 73983 77613 109348 50772 17779 17303 59886 28197 0 207744 136588 643089
mphpred
 195173 100303 82532.7 44106 52235.1 106810 181672 305311 274240 353501 392648 275953 180278 129051 59187.2 42168.8 37452.2 46984.3 41295.5 44900.8 75530.1 98638.5 110846 160822 213561
desembarqueobs
 350755 77701 442110 56441 14545 235359 269955 359681 431902 328805 639364 411747 362871 311530 167758 66681 60226 58785 57116 73181 50977 67692 138656 160484 209506
desembarquepred
 350759 77698 442092 56451.1 14545.3 235384 269952 359624 431767 328743 639209 411657 362761 311699 167815 66710 60260.1 58779.7 57096.3 73170.6 50977.4 67685.9 138658 160481 209502
Reclutas
 32084.5 34415.5 10750.3 14584.3 33488.9 30973.9 75595 58480.9 101466 116706 64645.4 51017.7 56724 25518.5 12921.4 11458.7 8832.25 10977.3 12035.4 19682.8 26901.7 28470.4 48841.5 67213.4 26378
log_desv_Rt
 0.0600614 0.130195 -1.03338 -0.728364 0.102903 0.0248338 0.917078 0.660389 1.21141 1.35134 0.760605 0.523862 0.629886 -0.168908 -0.849429 -0.969558 -1.2299 -1.01248 -0.920462 -0.428564 -0.116122 -0.0594459 0.48027 0.799561 -0.135782
SSB
 388559 199689 164310 87808.2 103992 212643 349020 598855 529427 687051 781702 549380 372817 244309 117319 84507.6 79389.3 93893.2 117413 135587 212982 270667 313995 432151 634605
BT
 1.36398e+06 311272 396920 187194 272887 367512 1.31695e+06 1.1623e+06 1.43754e+06 1.47274e+06 1.40211e+06 1.01486e+06 822793 470059 249586 153506 155900 190817 197443 273904 438238 390650 537848 791772 914121
Ftot
 1.26104 1.2629 3.21397 1.26361 0.192704 1.69561 0.936529 1.23152 1.34713 0.802704 1.32162 1.14758 1.70794 2.53265 2.48947 1.20267 1.12576 0.851341 0.686882 0.708123 0.312904 0.36532 0.474066 0.480495 0.397104
BD_Bspro_t
 0.891519 0.586888 0.417303 0.171642 0.290911 0.505614 0.485404 0.574221 0.504765 0.524562 0.52449 0.370767 0.289364 0.234593 0.141472 0.127677 0.163699 0.253139 0.354143 0.446101 0.585193 0.699766 0.693385 0.696699 0.717276
BD_Bspro
 0.625465 0.32144 0.264491 0.141345 0.167397 0.342292 0.56182 0.96398 0.852222 1.10595 1.25831 0.88434 0.600126 0.393266 0.188849 0.136032 0.127793 0.15114 0.189 0.218254 0.342838 0.435695 0.505439 0.695636 1.02153
BD_Bo
 0.6042 0.310511 0.255498 0.13654 0.161705 0.330654 0.542719 0.931206 0.823248 1.06835 1.21553 0.854274 0.579722 0.379895 0.182429 0.131407 0.123449 0.146002 0.182574 0.210834 0.331182 0.420882 0.488255 0.671986 0.986797
BD_Brms
 1.09855 0.564566 0.464542 0.248254 0.29401 0.60119 0.986762 1.6931 1.49681 1.94245 2.21005 1.55322 1.05404 0.690719 0.331689 0.238923 0.224452 0.265458 0.331953 0.383335 0.60215 0.765239 0.887735 1.22179 1.79418
S_f
 0.0823481 0.630317 0.970056 0.998378 0.999914
 0.0823481 0.630317 0.970056 0.998378 0.999914
 0.0823481 0.630317 0.970056 0.998378 0.999914
 0.0823481 0.630317 0.970056 0.998378 0.999914
 0.0823481 0.630317 0.970056 0.998378 0.999914
 0.0823481 0.630317 0.970056 0.998378 0.999914
 0.0823481 0.630317 0.970056 0.998378 0.999914
 0.0823481 0.630317 0.970056 0.998378 0.999914
 0.0823481 0.630317 0.970056 0.998378 0.999914
 0.0823481 0.630317 0.970056 0.998378 0.999914
 0.0823481 0.630317 0.970056 0.998378 0.999914
 0.0823481 0.630317 0.970056 0.998378 0.999914
 0.0823481 0.630317 0.970056 0.998378 0.999914
 0.0823481 0.630317 0.970056 0.998378 0.999914
 0.0823481 0.630317 0.970056 0.998378 0.999914
 0.0823481 0.630317 0.970056 0.998378 0.999914
 0.0823481 0.630317 0.970056 0.998378 0.999914
 0.0823481 0.630317 0.970056 0.998378 0.999914
 0.0823481 0.630317 0.970056 0.998378 0.999914
 0.0823481 0.630317 0.970056 0.998378 0.999914
 0.0823481 0.630317 0.970056 0.998378 0.999914
 0.0823481 0.630317 0.970056 0.998378 0.999914
 0.0823481 0.630317 0.970056 0.998378 0.999914
 0.0823481 0.630317 0.970056 0.998378 0.999914
 0.0823481 0.630317 0.970056 0.998378 0.999914
Scru_reclas
 0.776512 1 1 1 1
 0.776512 1 1 1 1
 0.776512 1 1 1 1
 0.776512 1 1 1 1
 0.776512 1 1 1 1
 0.776512 1 1 1 1
 0.776512 1 1 1 1
 0.776512 1 1 1 1
 0.776512 1 1 1 1
 0.776512 1 1 1 1
 0.776512 1 1 1 1
 0.776512 1 1 1 1
 0.776512 1 1 1 1
 0.776512 1 1 1 1
 0.776512 1 1 1 1
 0.776512 1 1 1 1
 0.776512 1 1 1 1
 0.776512 1 1 1 1
 0.776512 1 1 1 1
 0.776512 1 1 1 1
 0.776512 1 1 1 1
 0.776512 1 1 1 1
 0.776512 1 1 1 1
 0.776512 1 1 1 1
 0.776512 1 1 1 1
Scru_pelaces
 0.738587 1 1 1 1
 0.738587 1 1 1 1
 0.738587 1 1 1 1
 0.738587 1 1 1 1
 0.738587 1 1 1 1
 0.738587 1 1 1 1
 0.738587 1 1 1 1
 0.738587 1 1 1 1
 0.738587 1 1 1 1
 0.738587 1 1 1 1
 0.738587 1 1 1 1
 0.738587 1 1 1 1
 0.738587 1 1 1 1
 0.738587 1 1 1 1
 0.738587 1 1 1 1
 0.738587 1 1 1 1
 0.738587 1 1 1 1
 0.738587 1 1 1 1
 0.738587 1 1 1 1
 0.738587 1 1 1 1
 0.738587 1 1 1 1
 0.738587 1 1 1 1
 0.738587 1 1 1 1
 0.738587 1 1 1 1
 0.738587 1 1 1 1
pf_obs 
 0.256992 0.487395 0.22802 0.0275931 0
 0.321318 0.546541 0.124235 0.00734118 0.000564706
 0.182869 0.594174 0.210203 0.0122559 0.00049798
 0.330522 0.361315 0.267642 0.0388342 0.00168674
 0.649043 0.306663 0.0425973 0.00169635 0
 0.582887 0.30429 0.105238 0.00758474 0
 0.465427 0.430635 0.0974691 0.00646863 0
 0.296916 0.608066 0.0921331 0.00288517 0
 0.311714 0.524322 0.152257 0.0117073 0
 0.15457 0.633149 0.183074 0.0267441 0.00246327
 0.131901 0.49318 0.331252 0.0422183 0.00144891
 0.196976 0.569456 0.194076 0.0375587 0.00193317
 0.518974 0.381816 0.0799577 0.0180837 0.00116848
 0.0928022 0.601141 0.25162 0.0475244 0.00691264
 0.122501 0.610282 0.24278 0.0234846 0.000952079
 0.383417 0.481906 0.127806 0.00687128 0
 0.0376549 0.599619 0.316969 0.0457579 0
 0.0361596 0.667082 0.258105 0.0386534 0
 0.158088 0.579412 0.248529 0.0139706 0
 0.0477256 0.309471 0.559284 0.082774 0.000745712
 0.0406174 0.521527 0.379366 0.0568643 0.0016247
 0.151134 0.462217 0.34131 0.0453401 0
 0.294876 0.26143 0.354403 0.0886775 0.000613685
 0.281977 0.475581 0.204845 0.0348837 0.00271318
 0.0841818 0.532909 0.334909 0.0458182 0.00218182
pf_pred 
 0.279849 0.48944 0.205988 0.0247093 1.34015e-05
 0.249641 0.601895 0.120134 0.025431 0.00289984
 0.118494 0.694406 0.166802 0.0165851 0.00371293
 0.313432 0.508668 0.164858 0.011746 0.00129554
 0.36008 0.512946 0.107886 0.0177546 0.00133469
 0.221109 0.619843 0.137546 0.0183541 0.00314745
 0.409608 0.448269 0.127438 0.012802 0.00188288
 0.199131 0.688125 0.0962514 0.0148564 0.00163674
 0.322874 0.474288 0.187407 0.0132708 0.00216114
 0.251968 0.61975 0.105963 0.0207032 0.00161642
 0.132778 0.636157 0.207247 0.0198164 0.00400158
 0.154516 0.515907 0.279483 0.0451702 0.00492361
 0.236076 0.507696 0.193123 0.0539077 0.00919763
 0.156444 0.684608 0.130045 0.0221111 0.00679239
 0.172654 0.631799 0.180727 0.0123009 0.00251965
 0.223797 0.597181 0.160933 0.0168164 0.00127313
 0.174617 0.605553 0.190773 0.0262508 0.00280641
 0.22351 0.512693 0.222046 0.0364601 0.00529049
 0.204457 0.56368 0.180547 0.0434842 0.00783223
 0.263269 0.490924 0.199009 0.0367585 0.0100393
 0.230773 0.562103 0.16101 0.0376169 0.00849719
 0.170207 0.546449 0.230533 0.0413512 0.0114591
 0.233035 0.448247 0.24166 0.0630887 0.013969
 0.225822 0.535879 0.167054 0.0544839 0.0167608
 0.0733091 0.62142 0.241122 0.0454515 0.0186975
pobs_RECLAS
 0 0 0 0 0
 0 0 0 0 0
 0 0 0 0 0
 0 0 0 0 0
 0.835266 0.146461 0.0176864 0.000547809 3.91292e-05
 0.385257 0.428462 0.181853 0.0044286 0
 0.867414 0.0963971 0.0333333 0.00285562 0
 0.441836 0.489002 0.0689373 0.000224442 0
 0.779404 0.147425 0.0564933 0.0165055 0.000172143
 0.814271 0.122319 0.05973 0.00367925 0
 0.40263 0.566651 0.0304383 0.000280538 0
 0.475488 0.404961 0.113038 0.00651328 0
 0.955842 0.0263864 0.0167828 0.000988607 0
 0.975058 0.0227948 0.00214734 0 0
 0.738997 0.206755 0.0527124 0.00153531 0
 0.850938 0.134255 0.0134407 0.00136685 0
 0.542534 0.407297 0.0501686 0 0
 0.764087 0.199537 0.0359546 0.000420521 0
 0.470689 0.182191 0.310203 0.0369168 0
 0.84361 0.089868 0.0606195 0.00523954 0.000663233
 0.607945 0.314616 0.071237 0.00620181 0
 0.523733 0.453247 0.0230204 0 0
 0.530135 0.295979 0.169645 0.0042399 0
 0.562478 0.366248 0.0663022 0.0049721 0
 0.250443 0.683176 0.0655157 0.000865301 0
ppred_RECLAS
 0.737871 0.203528 0.0525112 0.00608706 3.29535e-06
 0.695741 0.264523 0.0323621 0.00662014 0.000753495
 0.535306 0.409436 0.0495419 0.00467316 0.00104321
 0.762994 0.195255 0.0387866 0.0026705 0.000294006
 0.783684 0.186574 0.0253808 0.00405677 0.00030449
 0.670085 0.286568 0.0376761 0.00484256 0.000828755
 0.825635 0.145566 0.0259092 0.00252023 0.000370029
 0.624679 0.341153 0.0293141 0.00437327 0.000480928
 0.775143 0.178478 0.0429639 0.00293828 0.000477606
 0.689065 0.275196 0.0296811 0.00561929 0.000437991
 0.521218 0.392151 0.0779775 0.00720213 0.00145165
 0.575008 0.305155 0.102137 0.0159639 0.00173697
 0.701882 0.230036 0.051789 0.0139231 0.00237073
 0.590115 0.364127 0.0377452 0.00613378 0.00187967
 0.622674 0.322741 0.0506177 0.00329427 0.00067315
 0.666551 0.281652 0.0467206 0.00471958 0.000356661
 0.596851 0.329467 0.0642219 0.00854732 0.000912144
 0.670669 0.249097 0.0678738 0.0107966 0.00156396
 0.638039 0.287442 0.058423 0.0136423 0.00245314
 0.714082 0.217341 0.0558495 0.0100006 0.00272676
 0.666355 0.269962 0.049831 0.0113035 0.0025493
 0.584953 0.311668 0.0845773 0.0147272 0.00407467
 0.684313 0.217386 0.0750772 0.0190197 0.00420455
 0.665617 0.26078 0.0520646 0.0164775 0.0050608
 0.351437 0.49371 0.123084 0.0225205 0.00924957
pobs_PELACES
 0 0 0 0 0
 0 0 0 0 0
 0 0 0 0 0
 0 0 0 0 0
 0 0 0 0 0
 0 0 0 0 0
 0 0 0 0 0
 0 0 0 0 0
 0 0 0 0 0
 0 0 0 0 0
 0.450072 0.473896 0.0757376 0.000293798 0
 0 0 0 0 0
 0.463077 0.371075 0.160297 0.00555027 0
 0.529543 0.364841 0.0842815 0.0213345 0
 0.631943 0.363953 0.00410389 0 0
 0.735681 0.248677 0.0153453 0.000297389 0
 0.695825 0.281241 0.0229344 0 0
 0.275771 0.60734 0.115278 0.00161068 0
 0 0 0 0 0
 0.896147 0.0623911 0.0374545 0.00400742 0
 0.803859 0.145111 0.0509908 3.86294e-05 0
 0.739449 0.233085 0.0266225 0.000797448 4.60066e-05
 0.878498 0.100942 0.0204185 0.000141795 0
 0.694673 0.275183 0.0284847 0.00165964 0
 0.469039 0.446079 0.0841089 0.000773354 0
ppred_PELACES
 0.776095 0.179172 0.0401328 0.00459765 2.48744e-06
 0.735564 0.233993 0.0248476 0.00502331 0.00057138
 0.670285 0.30143 0.025438 0.0023285 0.000518956
 0.797585 0.170753 0.029439 0.00200311 0.000220389
 0.7816 0.188933 0.0251524 0.00401303 0.000301177
 0.728762 0.24114 0.0262148 0.00331645 0.000567089
 0.844357 0.132128 0.0211734 0.00204162 0.000299616
 0.66686 0.306449 0.0229363 0.00338262 0.000371754
 0.811627 0.153997 0.0318742 0.00215258 0.000349655
 0.711136 0.258251 0.0254564 0.00478342 0.000372688
 0.574264 0.357685 0.0613292 0.00559492 0.00112695
 0.621236 0.28166 0.0828918 0.0128177 0.00139383
 0.76068 0.192464 0.0357793 0.00946664 0.00161053
 0.690121 0.283198 0.0220996 0.00350728 0.00107341
 0.718507 0.249612 0.0296142 0.001883 0.000384287
 0.706816 0.252629 0.0366202 0.00365791 0.000276262
 0.6383 0.302209 0.0519237 0.00683821 0.000729336
 0.698 0.23367 0.0578742 0.00913301 0.00132241
 0.658507 0.275465 0.0518388 0.0120274 0.00216199
 0.733416 0.20648 0.0490093 0.00871784 0.00237616
 0.669289 0.269391 0.0480116 0.010859 0.00244865
 0.591295 0.310051 0.080762 0.0140149 0.00387688
 0.695483 0.213196 0.0698191 0.0176094 0.00389186
 0.676368 0.255415 0.048319 0.0152235 0.00467454
 0.358848 0.493283 0.117622 0.0214415 0.00880465
pobs_pel_tallas
 0 0 0 0 0 0 0 0 0 0 0 0 0 0 0 0 0 0 0 0 0 0 0 0 0 0 0 0 0 0 0 0 0 0 0 0
 0 0 0 0 0 0 0 0 0 0 0 0 0 0 0 0 0 0 0 0 0 0 0 0 0 0 0 0 0 0 0 0 0 0 0 0
 0 0 0 0 0 0 0 0 0 0 0 0 0 0 0 0 0 0 0 0 0 0 0 0 0 0 0 0 0 0 0 0 0 0 0 0
 0 0 0 0 0 0 0 0 0 0 0 0 0 0 0 0 0 0 0 0 0 0 0 0 0 0 0 0 0 0 0 0 0 0 0 0
 0 0 0 0 0 0 0 0 0 0 0 0 0 0 0 0 0 0 0 0 0 0 0 0 0 0 0 0 0 0 0 0 0 0 0 0
 0 0 0 0 0 0 0 0 0 0 0 0 0 0 0 0 0 0 0 0 0 0 0 0 0 0 0 0 0 0 0 0 0 0 0 0
 0 0 0 0 0 0 0 0 0 0 0 0 0 0 0 0 0 0 0 0 0 0 0 0 0 0 0 0 0 0 0 0 0 0 0 0
 0 0 0 0 0 0 0 0 0 0 0 0 0 0 0 0 0 0 0 0 0 0 0 0 0 0 0 0 0 0 0 0 0 0 0 0
 0 0 0 0 0 0 0 0 0 0 0 0 0 0 0 0 0 0 0 0 0 0 0 0 0 0 0 0 0 0 0 0 0 0 0 0
 0 0 0 0 0 0 0 0 0 0 0 0 0 0 0 0 0 0 0 0 0 0 0 0 0 0 0 0 0 0 0 0 0 0 0 0
 0 0 0 0 0 0 0 0 1.78061e-05 0.00172719 0.00360574 0.0105946 0.0120993 0.0124554 0.0147524 0.0171206 0.0266825 0.0428682 0.0675386 0.121331 0.153587 0.119568 0.100827 0.0573624 0.0630603 0.0341343 0.0324427 0.0444173 0.0211091 0.0280891 0.0125444 0.00206551 0 0 0 0
 0 0 0 0 0 0 0 0 0 0 0 0 0 0 0 0 0 0 0 0 0 0 0 0 0 0 0 0 0 0 0 0 0 0 0 0
 0 0 0 0 0 0 0.0133647 0.0140871 0.0187388 0.0205184 0.03894 0.0496705 0.03968 0.0493445 0.0407372 0.0367815 0.0215668 0.0243155 0.0234873 0.0199281 0.019796 0.0243948 0.0301388 0.0376714 0.0412746 0.0863199 0.0771752 0.113111 0.0741005 0.0525337 0.0229764 0.00759418 0.00175318 0 0 0
 0 0 0 0 0 0 0 0 0 0 0.00219441 0.00772107 0.0458388 0.0604681 0.0671733 0.0775358 0.0609151 0.0617685 0.073594 0.0568108 0.0755445 0.0548602 0.0670107 0.0636378 0.0643287 0.046367 0.0373049 0.0286899 0.0247887 0.0153202 0.00654259 0.00121912 0.000365735 0 0 0
 0 0 0 0 0 0 0 0 0 0 0 0 0.000112435 0.00938835 0.0111873 0.0202946 0.0414886 0.0713402 0.111592 0.104902 0.108894 0.110636 0.117776 0.105296 0.107544 0.0401394 0.0192827 0.0124803 0.00416011 0.0028671 0.000618394 0 0 0 0 0
 0 0 0 0 0 0 0 0 0 0 0.00291406 0.0102884 0.027416 0.0768956 0.0749926 0.110853 0.0956884 0.0897413 0.0766577 0.0534642 0.0500743 0.0551293 0.0594112 0.0620874 0.0668451 0.0424026 0.0208742 0.0120726 0.0048766 0.00582813 0.00118941 0.000297354 0 0 0 0
 0 0.00264628 0.0354308 0.0461629 0.0458689 0.0383711 0.0214643 0.0164657 0.0346957 0.0420465 0.0363128 0.0245516 0.0311673 0.0291091 0.0169068 0.0133784 0.00837989 0.0085269 0.0148486 0.0160247 0.0276389 0.0546898 0.0760071 0.122758 0.109233 0.0665981 0.0333725 0.0166128 0.00676272 0.00308733 0.000882094 0 0 0 0 0
 0 0 0 0 0 0 0 0.000805153 0.000690131 0.00759144 0.0133425 0.0154129 0.00931677 0.000345066 0.00356568 0.00563607 0.00851162 0.0253048 0.0502646 0.0516448 0.0657925 0.0565908 0.0611916 0.0827007 0.0866115 0.110766 0.145733 0.0935128 0.0569358 0.0249597 0.0138026 0.00621118 0.00161031 0.00115022 0 0
 0 0 0 0 0 0 0 0 0 0 0 0 0 0 0 0 0 0 0 0 0 0 0 0 0 0 0 0 0 0 0 0 0 0 0 0
 0.00147267 0.00158595 0.00478618 0.00569244 0.00954404 0.0108468 0.00647125 0.017049 0.0510054 0.094081 0.124002 0.0959785 0.0687766 0.0820023 0.061753 0.0591476 0.0492212 0.0479892 0.0443925 0.0268479 0.0217502 0.0140895 0.0121071 0.0120363 0.00920419 0.00665534 0.0049561 0.00860946 0.00930331 0.0156896 0.0114698 0.00855282 0.00243557 0.00046729 0 2.83206e-05
 0 0 0 0 0.000772559 0.00158375 0.000888443 0.00281984 0.00712685 0.0440552 0.0773331 0.111326 0.0921469 0.0852325 0.0710754 0.0886704 0.0786465 0.0553345 0.0373146 0.0185414 0.00753245 0.00457741 0.012979 0.0271748 0.0457355 0.0583668 0.034881 0.0177882 0.00938659 0.00492506 0.0015258 0.00185414 0.000309023 5.79419e-05 3.86279e-05 0
 0 0.00173294 0.00326652 0 0.00397197 0.00683976 0.00946217 0.0152591 0.00757587 0.0136028 0.0228656 0.0392903 0.0559909 0.0764795 0.0681675 0.0726916 0.0566044 0.0477403 0.0527397 0.0444891 0.0609904 0.0582453 0.0661739 0.0445044 0.0529084 0.0360697 0.0280645 0.0235558 0.0158879 0.00826598 0.00280645 0.00217768 0.000904811 0.00058276 9.20147e-05 0
 0 0 0 0 0 0 0 0 0 0 0 0 0 0 0 0 0 0 0 0 0 0 0 0 0 0 0 0 0 0 0 0 0 0 0 0
 0 0 0 0 0 0 0 0 0 0 0 0 0 0 0 0 0 0 0 0 0 0 0 0 0 0 0 0 0 0 0 0 0 0 0 0
 0 0 0 0 0 0 0 0 0 0 0 0 0 0 0 0 0 0 0 0 0 0 0 0 0 0 0 0 0 0 0 0 0 0 0 0
ppred_pel_tallas
 1.00787e-16 3.38614e-05 0.000198741 0.000944726 0.00363725 0.0113424 0.0286501 0.0586219 0.0971723 0.1305 0.142009 0.125261 0.0896634 0.0523229 0.0253829 0.0111625 0.00596397 0.0054316 0.00689037 0.00915348 0.0117168 0.0142584 0.0164773 0.0180959 0.0189107 0.0188374 0.0179283 0.016353 0.0143516 0.0121776 0.0100464 0.00810658 0.00643375 0.00504364 0.00391411 0.0030064
 1.00629e-16 3.20962e-05 0.000188373 0.000895425 0.00344741 0.0107504 0.0271548 0.0555628 0.0921033 0.123698 0.134622 0.11878 0.0851013 0.0498154 0.0244548 0.0112442 0.00670393 0.00672118 0.00875688 0.0116544 0.0148723 0.0180149 0.0206935 0.0225506 0.023331 0.0229418 0.0214731 0.0191713 0.0163744 0.0134324 0.0106382 0.00818698 0.00616844 0.00458538 0.00338552 0.00249323
 1.00564e-16 2.92525e-05 0.000171671 0.000816011 0.00314162 0.00979681 0.0247461 0.050635 0.0839374 0.112739 0.122716 0.108325 0.0777189 0.0457124 0.0228472 0.0111888 0.00760347 0.00836824 0.0111682 0.0149101 0.0190169 0.0230059 0.0263808 0.0286823 0.0295844 0.0289719 0.0269681 0.0238984 0.0202071 0.0163531 0.0127198 0.00956181 0.00699434 0.00501745 0.00355755 0.0025093
 1.00553e-16 3.47981e-05 0.000204241 0.000970876 0.00373794 0.0116564 0.0294432 0.0602446 0.0998616 0.13411 0.145934 0.128715 0.0921172 0.0537175 0.0259892 0.0113088 0.00586842 0.00518557 0.00650832 0.00861966 0.011011 0.0133676 0.0154007 0.016847 0.0175157 0.0173324 0.0163547 0.0147533 0.0127664 0.0106431 0.00859418 0.00676281 0.00521904 0.00397248 0.00299415 0.00223816
 1.00571e-16 3.41018e-05 0.000200151 0.000951431 0.00366307 0.0114229 0.0288534 0.059038 0.0978622 0.131427 0.143019 0.126156 0.0903121 0.0527174 0.0256036 0.0113085 0.00610914 0.00561855 0.00713907 0.00946789 0.0120857 0.0146541 0.0168558 0.0184007 0.019081 0.0188182 0.0176814 0.015865 0.0136375 0.0112784 0.00902217 0.00702644 0.00536539 0.00404464 0.00302624 0.00225362
 1.00592e-16 3.17999e-05 0.000186632 0.00088715 0.00341555 0.0106511 0.0269038 0.0550493 0.0912524 0.122556 0.133381 0.117691 0.0843324 0.0493885 0.0242885 0.0112406 0.00680108 0.00689808 0.0090159 0.0120045 0.0153186 0.0185532 0.0213079 0.0232141 0.0240087 0.0235957 0.0220685 0.0196813 0.0167833 0.0137363 0.0108435 0.0083072 0.00622077 0.0045878 0.00335458 0.00244281
 1.00428e-16 3.6836e-05 0.000216209 0.00102778 0.00395705 0.0123397 0.0311691 0.0637757 0.105713 0.141964 0.154469 0.136214 0.0974232 0.056688 0.0271952 0.0114383 0.00536446 0.00421295 0.00506893 0.00666345 0.00850193 0.010317 0.0118809 0.0129895 0.0134958 0.013343 0.0125769 0.0113305 0.0097891 0.00814616 0.00656488 0.00515569 0.00397196 0.00301999 0.00227608 0.00170354
 1.0056e-16 2.91033e-05 0.000170795 0.000811845 0.00312558 0.00974679 0.0246198 0.0503766 0.0835092 0.112164 0.122092 0.107778 0.077334 0.0455015 0.0227706 0.0111987 0.00767059 0.00848384 0.0113349 0.0151327 0.0192967 0.0233373 0.0267503 0.0290693 0.0299641 0.0293191 0.0272616 0.0241247 0.0203616 0.0164405 0.0127516 0.00955317 0.00696114 0.00497361 0.00351352 0.00247161
 1.00594e-16 3.54097e-05 0.000207833 0.000987958 0.00380372 0.0118616 0.0299613 0.0613045 0.101618 0.136467 0.148494 0.130962 0.0937015 0.0545931 0.0263228 0.0113004 0.00564315 0.00478449 0.00592482 0.00783508 0.010017 0.0121779 0.014056 0.0154126 0.0160738 0.0159692 0.0151461 0.0137536 0.0120016 0.0101108 0.00826855 0.00660359 0.00518057 0.00401146 0.00307464 0.00233368
 1.00628e-16 3.1032e-05 0.000182123 0.000865707 0.00333298 0.0103936 0.0262534 0.0537188 0.0890475 0.119597 0.130166 0.114867 0.0823371 0.0482768 0.0238476 0.0112142 0.00702594 0.0073159 0.00962907 0.0128331 0.0163746 0.0198266 0.022762 0.0247865 0.0256195 0.0251596 0.0235082 0.0209396 0.0178291 0.0145652 0.0114729 0.00876821 0.00655004 0.00482041 0.00351987 0.00256276
 1.01233e-16 2.50679e-05 0.000147099 0.000699177 0.00269177 0.00839393 0.0212027 0.0433852 0.0719226 0.0966106 0.105185 0.0929091 0.0667869 0.039541 0.020243 0.0107097 0.00830407 0.00987194 0.0134381 0.0180315 0.0230736 0.0280201 0.0322879 0.0353283 0.0367426 0.0363747 0.034345 0.03101 0.0268677 0.0224386 0.0181626 0.0143383 0.0111113 0.00850104 0.00644667 0.00485258
 1.01775e-16 2.71131e-05 0.000159112 0.000756308 0.00291176 0.00907999 0.0229355 0.0469302 0.0777963 0.104491 0.113741 0.100409 0.0720521 0.0424061 0.0212463 0.0104948 0.00725759 0.00809742 0.0108839 0.0146192 0.0187825 0.022935 0.0266169 0.0293913 0.030931 0.0310904 0.0299335 0.0277054 0.024762 0.0214821 0.0181913 0.0151175 0.0123828 0.0100235 0.00802203 0.00633828
 1.00972e-16 3.31897e-05 0.000194796 0.000925972 0.00356504 0.0111172 0.0280813 0.0574582 0.0952438 0.127911 0.139196 0.122789 0.0879149 0.0513442 0.0249857 0.0111201 0.0061298 0.00575057 0.00736043 0.00978893 0.0125266 0.0152354 0.0175944 0.0193074 0.0201588 0.0200617 0.0190758 0.0173866 0.0152542 0.012951 0.0107065 0.00867638 0.00693641 0.00549758 0.00433063 0.00338983
 1.00577e-16 3.01167e-05 0.000176747 0.000840143 0.00323455 0.0100866 0.0254781 0.0521325 0.086419 0.116069 0.126335 0.111504 0.0799659 0.046966 0.0233477 0.0112256 0.00736117 0.00791332 0.0104984 0.0140021 0.0178558 0.0215996 0.0247664 0.026925 0.0277699 0.0271937 0.025313 0.0224341 0.0189746 0.0153655 0.0119662 0.0090147 0.00661761 0.00477347 0.00341182 0.00243282
 1.00585e-16 3.13531e-05 0.000184008 0.000874673 0.00336751 0.0105012 0.0265254 0.0542751 0.0899694 0.120834 0.13151 0.116047 0.0831692 0.0487376 0.0240248 0.0112134 0.00691358 0.00711457 0.00933648 0.0124407 0.0158791 0.0192359 0.0220972 0.024081 0.0249141 0.0244958 0.0229214 0.0204529 0.0174508 0.0142893 0.0112828 0.00864155 0.00646402 0.00475572 0.00346287 0.00250586
 1.00741e-16 3.08435e-05 0.000181016 0.000860448 0.00331273 0.0103304 0.0260939 0.0533923 0.0885064 0.118869 0.129374 0.114167 0.0818317 0.047974 0.0236862 0.0111193 0.0069428 0.00721479 0.00949758 0.0126701 0.0161883 0.0196351 0.0225925 0.024673 0.0255975 0.0252598 0.0237505 0.0213278 0.0183496 0.0151889 0.0121597 0.0094737 0.00723192 0.00544408 0.00406164 0.0030108
 1.01105e-16 2.78579e-05 0.000163483 0.000777084 0.00299175 0.00932942 0.0235656 0.0482195 0.0799338 0.107363 0.116869 0.103174 0.0740468 0.0435997 0.0218795 0.0108629 0.00757638 0.00848464 0.01139 0.0152522 0.0195148 0.0237024 0.0273198 0.029903 0.0311151 0.0308238 0.0291299 0.0263334 0.0228538 0.019129 0.0155293 0.0123056 0.00958036 0.00736975 0.00562296 0.00426022
 1.01274e-16 3.04583e-05 0.000178757 0.000849709 0.00327139 0.0102015 0.0257683 0.0527259 0.0874013 0.117384 0.127755 0.11273 0.0807867 0.0473305 0.0233118 0.0108506 0.00665511 0.00683291 0.00898291 0.0120116 0.0154031 0.0187723 0.0217336 0.0239256 0.025081 0.025086 0.0240026 0.0220449 0.0195183 0.0167458 0.0140029 0.0114799 0.00927505 0.00741156 0.00586558 0.00459327
 1.0134e-16 2.87379e-05 0.000168652 0.000801664 0.00308639 0.00962458 0.0243111 0.0497447 0.082461 0.110754 0.120552 0.106406 0.0763215 0.0448501 0.0223424 0.0108222 0.00720683 0.00783947 0.010454 0.0139943 0.0179217 0.0217973 0.0251695 0.0276155 0.0288266 0.0286781 0.0272559 0.0248256 0.0217603 0.0184506 0.0152262 0.0123108 0.00981406 0.00775221 0.00608365 0.00474276
 1.01174e-16 3.20015e-05 0.000187819 0.000892798 0.00343731 0.0107189 0.0270752 0.0553997 0.0918322 0.123332 0.134218 0.118411 0.0848077 0.049586 0.024236 0.0109669 0.00630194 0.0061382 0.00795066 0.010605 0.0135936 0.0165639 0.0191733 0.0211027 0.0221169 0.0221161 0.0211568 0.0194286 0.0172024 0.0147636 0.012355 0.0101434 0.00821402 0.00658532 0.00523445 0.00412134
 1.01257e-16 2.92078e-05 0.000171412 0.000814784 0.00313691 0.00978212 0.024709 0.0505588 0.0838103 0.112565 0.122521 0.108137 0.0775495 0.0455439 0.0226363 0.0108785 0.00713207 0.00767644 0.0102073 0.0136546 0.0174797 0.02125 0.0245233 0.0268865 0.0280386 0.0278595 0.0264357 0.0240294 0.0210086 0.0177574 0.0145999 0.0117552 0.00932977 0.00733787 0.00573633 0.00445819
 1.01911e-16 2.58086e-05 0.000151452 0.000719883 0.0027715 0.0086426 0.0218307 0.0446699 0.0740507 0.0994641 0.108279 0.0956107 0.0686612 0.0405151 0.0204927 0.0104422 0.00762729 0.0087887 0.0118992 0.0159914 0.0205311 0.0250438 0.0290253 0.0319969 0.0336026 0.0336886 0.0323329 0.0298138 0.0265307 0.0229063 0.0193014 0.0159654 0.0130278 0.010521 0.00841666 0.00666154
 1.01848e-16 3.03478e-05 0.000178109 0.000846636 0.00325957 0.0101646 0.0256751 0.0525352 0.0870846 0.116957 0.127286 0.112307 0.080462 0.0470975 0.0231182 0.0106296 0.00634634 0.00638817 0.00836735 0.0112082 0.0144204 0.0176517 0.020552 0.0227902 0.024116 0.0244133 0.0237214 0.0222135 0.0201458 0.0177915 0.0153858 0.0130934 0.0110041 0.00914747 0.00751758 0.00609457
 1.01511e-16 2.95159e-05 0.000173222 0.000823392 0.00317006 0.0098855 0.0249701 0.0510929 0.0846952 0.113752 0.123809 0.109265 0.0783381 0.0459665 0.0227713 0.0108188 0.00693123 0.00734441 0.00973093 0.0130181 0.0166788 0.0203006 0.023465 0.0257806 0.026961 0.0268898 0.0256441 0.0234665 0.0206983 0.0176962 0.0147604 0.0120937 0.0097942 0.0078757 0.00630025 0.00500969
 1.02979e-16 1.56803e-05 9.19728e-05 0.000437075 0.00168256 0.00524672 0.0132533 0.0271212 0.044969 0.0604302 0.0658602 0.0583317 0.0422757 0.0257219 0.0144458 0.00970913 0.0099903 0.0134113 0.0187554 0.0253187 0.0325072 0.0396256 0.0458829 0.0505212 0.0529788 0.0530172 0.0507694 0.0466867 0.0414134 0.035628 0.0299073 0.0246472 0.0200491 0.0161561 0.0129139 0.0102281
pSPR Fmed_Fpbrs
0.532794   0.6 0.325
Fs Fmed_Fpbrs
0.64   0.477315 1.69896
SSBpbr Bo_Bmed_Bpbrs
643096  310483  353703 176851
Ro
30214.2
SPR SPRFo_SPRFmed_SPRFpbrs
621232 330988 201900
log_Ro
10.1361
likeval ReclasPelacesDesembMPH_pf_preclas_ppelaces_ptallas_desvR_qrecl_qpela
 0.000939634 11.2558 0.0073862 14.0095 304.423 182.904 50.2195 0 18.9095 2.11846e-06 8.02427e-05 3.82138e-14 0 0 0
q_reclas_q_pelaces
0.81363 3.57666
M
0.7
N
 32084.5 9708.17 3103.11 366.191 0.198437
 34415.5 14361.2 2177.36 453.449 51.661
 10750.3 15402.2 3217.17 317.598 71.0745
 14584.3 4097.06 1008.73 70.7058 7.79186
 33488.9 6526.63 917.403 147.035 11.0377
 30973.9 16368.3 2870.33 377.894 64.7569
 75595 13376.7 2791.48 275.158 40.4287
 58480.9 34753.1 3681.07 558.828 61.5123
 101466 26240 7940.83 553.529 90.0672
 116706 45095.8 5574.32 1067.41 83.2494
 64645.4 54247.4 13501.9 1270.62 256.363
 51017.7 28791.6 11710.9 1860.39 202.6
 56724 23050.1 6936.12 1910.37 325.714
 25518.5 24472.5 3900.59 657.011 201.73
 12921.4 10286.6 2462.51 166.014 33.9882
 11458.7 5227.22 1063.63 109.29 8.26678
 8832.25 5153.7 1216.3 164.48 17.5679
 10977.3 3997.65 1258.76 202.658 29.3757
 12035.4 5082.09 1160.78 273.701 49.2426
 19682.8 5647.91 1636.84 296.051 80.7655
 26901.7 9220.55 1794.89 408.955 92.2545
 28470.4 13019.2 3759.2 657.974 182.097
 48841.5 13719 5135.39 1309.74 289.64
 67213.4 23325.4 5052.94 1610.08 494.694
 26378 32082.3 8556.39 1574.38 646.824
pred_Ctot
 2289.57 4004.33 1685.28 202.158 0.109643
 2459.38 5929.66 1183.51 250.537 28.5682
 1825.38 10697.2 2569.55 255.49 57.1969
 1042.78 1692.32 548.476 39.0785 4.31023
 379.517 540.635 113.709 18.7129 1.40673
 2926.41 8203.72 1820.44 242.919 41.6569
 4053.14 4435.7 1261.02 126.678 18.6314
 4079.87 14098.6 1972.04 304.384 33.5341
 7711.25 11327.5 4475.87 316.948 51.615
 5389.07 13255.2 2266.33 442.798 34.5718
 4824.31 23113.9 7530.06 720.002 145.392
 3326.58 11106.9 6016.98 972.469 106
 5395.88 11604.2 4414.13 1232.14 210.226
 3496.46 15300.7 2906.46 494.176 151.808
 1742.9 6377.84 1824.39 124.175 25.4352
 781.486 2085.32 561.968 58.7219 4.44571
 565.391 1960.71 617.7 84.997 9.08684
 536.668 1231.03 533.154 87.5442 12.703
 477.55 1316.59 421.704 101.566 18.2937
 804.527 1500.22 608.153 112.331 30.6791
 492.875 1200.51 343.879 80.3405 18.1479
 607.838 1951.45 823.271 147.672 40.9222
 1347.85 2592.61 1397.73 364.897 80.7951
 1879.56 4460.22 1390.42 453.48 139.503
 611.459 5183.15 2011.16 379.103 155.953
F
 0.103844 0.794853 1.22328 1.25899 1.26093
 0.103997 0.796026 1.22508 1.26085 1.26279
 0.264664 2.02582 3.11773 3.20876 3.2137
 0.104056 0.796477 1.22578 1.26156 1.26351
 0.0158688 0.121465 0.186934 0.192392 0.192688
 0.13963 1.06877 1.64484 1.69286 1.69547
 0.0771214 0.59031 0.908486 0.93501 0.936449
 0.101414 0.77625 1.19465 1.22953 1.23142
 0.110933 0.849116 1.30679 1.34494 1.34701
 0.0661012 0.505958 0.778668 0.801402 0.802636
 0.108833 0.833037 1.28204 1.31947 1.3215
 0.0945013 0.723341 1.11322 1.14572 1.14749
 0.140646 1.07654 1.6568 1.70517 1.70779
 0.208559 1.59637 2.45681 2.52854 2.53243
 0.205003 1.56916 2.41493 2.48543 2.48926
 0.0990377 0.758064 1.16666 1.20072 1.20257
 0.0927041 0.709585 1.09205 1.12393 1.12566
 0.0701063 0.536615 0.825848 0.84996 0.851268
 0.0565635 0.432954 0.666314 0.685768 0.686824
 0.0583126 0.446342 0.686918 0.706974 0.708062
 0.0257671 0.197229 0.303535 0.312397 0.312878
 0.0300834 0.230267 0.35438 0.364727 0.365288
 0.0390385 0.298812 0.459871 0.473298 0.474026
 0.0395678 0.302864 0.466107 0.479716 0.480454
 0.0327008 0.250301 0.385213 0.39646 0.39707
Np
 22244.3 10620.4 4659.78 3876.69 1165.92
YTP_r0W_actual
 8207.78 134183 77279.7 18127.4 7765.2
YTP_p0W_proyectada
 5067.56 52058.9 106597 32472.5 8756.14
 5067.56 43611.8 40045.8 43550.1 14553
CTP_r0_actual
 732.838 6099.21 2341.81 441.056 181.43
CTP_p0_proyectada
 617.995 2410.14 3394.81 809.789 196.767
 617.995 2019.06 1275.34 1086.04 327.034
Wmedp
 8.2 21.6 31.4 40.1 44.5
nmprior
 10.8 10.6 4.6 0
nm_flota  nm_reclas  nm_pelaces    nm_pelaL
inf 17.8717 21.259 53.187
cv_recla  cv_pelaces  cv_mph
0.924237 0.380417 0.519051
 ------------------------------------------------
Talla a la edad & desviaci?n 
 7.2 14.2025 17.0495 18.207 18.6776
 1.08 2.13037 2.55742 2.73105 2.80164
