years
 1997 1998 1999 2000 2001 2002 2003 2004 2005 2006 2007 2008 2009 2010 2011 2012 2013 2014 2015 2016 2017 2018 2019 2020 2021
reclasobs
 0 0 0 370054 412103 1.49427e+06 250295 1.28982e+06 931140 785840 897777 1.04006e+06 184774 17550 25797 100020 73551 82996 120727 218422 84188 347160 605670 569463 516374
reclaspred
 513701 120416 179875 96469.6 199169 226760 765074 564038 744443 856709 722490 510707 368966 183200 113358 96277.3 98643.8 126754 136337 197717 311809 280212 458743 608364 708153
pelacesobs
 0 0 0 0 0 0 0 0 0 2.06254e+06 1.5e+06 0 1.87456e+06 323000 250000 174000 83755 137374 0 501740 490994 745055 786931 1.00524e+06 1.33801e+06
pelacespred
 1.73729e+06 282456 277097 222559 441035 322661 1.88803e+06 1.29744e+06 1.74582e+06 1.9375e+06 1.39022e+06 1.04629e+06 786729 308115 192785 173616 185017 246564 257382 380017 696449 579337 783598 1.16856e+06 1.3013e+06
mphobs
 0 0 0 0 0 0 112323 0 153150 637223 0 255016 313432 73983 77613 109348 50772 17779 17303 59886 28197 0 207744 136588 643089
mphpred
 187578 96483.7 80718.7 45369.7 54433.8 109412 185130 308547 275593 354549 393863 274520 176464 124555 58115.9 42463.4 38632.4 47746.4 40317.5 44457.4 76114.1 98946.1 111944 162831 214370
desembarqueobs
 350755 77701 442110 56441 14545 235359 269955 359681 431902 328805 639364 411747 362871 311530 167758 66681 60226 58785 57116 73181 50977 67692 138656 160484 209506
desembarquepred
 350763 77699.8 442097 56450.6 14545.4 235385 269951 359626 431769 328746 639223 411672 362779 311699 167819 66707.3 60256.3 58780.4 57097.4 73170.2 50975.8 67684.2 138655 160478 209497
Reclutas
 32194.7 34675.4 11343.8 15772.1 34825.9 31756.9 78379.3 59201 104478 120025 63522.9 49147.5 58159.7 25380.4 13315.9 12166.6 9105.47 11206.7 12759 21728.6 29041.9 30853.4 53286.8 72172.5 25356.5
log_desv_Rt
 0.0294219 0.103653 -1.01371 -0.684137 0.107984 0.0157313 0.919182 0.63856 1.2066 1.34532 0.709023 0.452447 0.620814 -0.2084 -0.853421 -0.943684 -1.2335 -1.02587 -0.896145 -0.363748 -0.0736375 -0.0131317 0.533311 0.836681 -0.209344
SSB
 392379 201827 168849 94905.2 113866 228870 374068 636224 559629 724457 823890 574247 383125 256361 124881 92203 88398.9 103473 126822 148118 237555 300717 350791 484999 703880
BT
 1.3708e+06 313772 408089 200828 290102 386494 1.37778e+06 1.20797e+06 1.49241e+06 1.53218e+06 1.44059e+06 1.03042e+06 841222 480970 259322 164661 167495 202980 211241 299082 480924 430361 593849 871341 984903
Ftot
 1.21969 1.22009 3.04448 1.12498 0.17131 1.51429 0.839633 1.12138 1.22567 0.737551 1.21501 1.06153 1.60976 2.33455 2.23571 1.05607 0.974058 0.741013 0.617331 0.630061 0.273589 0.321144 0.414626 0.417534 0.349537
BD_Bspro_t
 0.893291 0.589601 0.425127 0.182659 0.309255 0.524641 0.50215 0.58963 0.519504 0.538274 0.538712 0.381637 0.295739 0.244807 0.150144 0.138404 0.179569 0.272952 0.373214 0.469622 0.612362 0.722102 0.716935 0.720734 0.738052
BD_Bspro
 0.61046 0.314 0.262694 0.147653 0.177151 0.356074 0.581972 0.989832 0.870665 1.1271 1.2818 0.893409 0.596063 0.398843 0.194289 0.143449 0.13753 0.160982 0.197309 0.230441 0.369585 0.467853 0.545758 0.754558 1.09509
BD_Bo
 0.566502 0.291389 0.243778 0.13702 0.164395 0.330434 0.540065 0.918556 0.80797 1.04594 1.1895 0.829076 0.553141 0.370124 0.180298 0.133119 0.127627 0.14939 0.183101 0.213847 0.342972 0.434164 0.506459 0.700224 1.01623
BD_Brms
 1.50313 0.773162 0.64683 0.363565 0.436199 0.876761 1.43299 2.43726 2.14384 2.77527 3.15618 2.19984 1.46768 0.982071 0.478396 0.353213 0.338641 0.396386 0.485833 0.567414 0.910029 1.15199 1.34382 1.85795 2.69644
S_f
 0.0867547 0.643484 0.971666 0.998468 0.999919
 0.0867547 0.643484 0.971666 0.998468 0.999919
 0.0867547 0.643484 0.971666 0.998468 0.999919
 0.0867547 0.643484 0.971666 0.998468 0.999919
 0.0867547 0.643484 0.971666 0.998468 0.999919
 0.0867547 0.643484 0.971666 0.998468 0.999919
 0.0867547 0.643484 0.971666 0.998468 0.999919
 0.0867547 0.643484 0.971666 0.998468 0.999919
 0.0867547 0.643484 0.971666 0.998468 0.999919
 0.0867547 0.643484 0.971666 0.998468 0.999919
 0.0867547 0.643484 0.971666 0.998468 0.999919
 0.0867547 0.643484 0.971666 0.998468 0.999919
 0.0867547 0.643484 0.971666 0.998468 0.999919
 0.0867547 0.643484 0.971666 0.998468 0.999919
 0.0867547 0.643484 0.971666 0.998468 0.999919
 0.0867547 0.643484 0.971666 0.998468 0.999919
 0.0867547 0.643484 0.971666 0.998468 0.999919
 0.0867547 0.643484 0.971666 0.998468 0.999919
 0.0867547 0.643484 0.971666 0.998468 0.999919
 0.0867547 0.643484 0.971666 0.998468 0.999919
 0.0867547 0.643484 0.971666 0.998468 0.999919
 0.0867547 0.643484 0.971666 0.998468 0.999919
 0.0867547 0.643484 0.971666 0.998468 0.999919
 0.0867547 0.643484 0.971666 0.998468 0.999919
 0.0867547 0.643484 0.971666 0.998468 0.999919
Scru_reclas
 0.819893 1 1 1 1
 0.819893 1 1 1 1
 0.819893 1 1 1 1
 0.819893 1 1 1 1
 0.819893 1 1 1 1
 0.819893 1 1 1 1
 0.819893 1 1 1 1
 0.819893 1 1 1 1
 0.819893 1 1 1 1
 0.819893 1 1 1 1
 0.819893 1 1 1 1
 0.819893 1 1 1 1
 0.819893 1 1 1 1
 0.819893 1 1 1 1
 0.819893 1 1 1 1
 0.819893 1 1 1 1
 0.819893 1 1 1 1
 0.819893 1 1 1 1
 0.819893 1 1 1 1
 0.819893 1 1 1 1
 0.819893 1 1 1 1
 0.819893 1 1 1 1
 0.819893 1 1 1 1
 0.819893 1 1 1 1
 0.819893 1 1 1 1
Scru_pelaces
 1 1 1 1 1
 1 1 1 1 1
 1 1 1 1 1
 1 1 1 1 1
 1 1 1 1 1
 1 1 1 1 1
 1 1 1 1 1
 1 1 1 1 1
 1 1 1 1 1
 1 1 1 1 1
 1 1 1 1 1
 1 1 1 1 1
 1 1 1 1 1
 1 1 1 1 1
 1 1 1 1 1
 1 1 1 1 1
 1 1 1 1 1
 1 1 1 1 1
 1 1 1 1 1
 1 1 1 1 1
 1 1 1 1 1
 1 1 1 1 1
 1 1 1 1 1
 1 1 1 1 1
 1 1 1 1 1
pf_obs 
 0.256992 0.487395 0.22802 0.0275931 0
 0.321318 0.546541 0.124235 0.00734118 0.000564706
 0.182869 0.594174 0.210203 0.0122559 0.00049798
 0.330522 0.361315 0.267642 0.0388342 0.00168674
 0.649043 0.306663 0.0425973 0.00169635 0
 0.582887 0.30429 0.105238 0.00758474 0
 0.465427 0.430635 0.0974691 0.00646863 0
 0.296916 0.608066 0.0921331 0.00288517 0
 0.311714 0.524322 0.152257 0.0117073 0
 0.15457 0.633149 0.183074 0.0267441 0.00246327
 0.131901 0.49318 0.331252 0.0422183 0.00144891
 0.196976 0.569456 0.194076 0.0375587 0.00193317
 0.518974 0.381816 0.0799577 0.0180837 0.00116848
 0.0928022 0.601141 0.25162 0.0475244 0.00691264
 0.122501 0.610282 0.24278 0.0234846 0.000952079
 0.383417 0.481906 0.127806 0.00687128 0
 0.0376549 0.599619 0.316969 0.0457579 0
 0.0361596 0.667082 0.258105 0.0386534 0
 0.158088 0.579412 0.248529 0.0139706 0
 0.0477256 0.309471 0.559284 0.082774 0.000745712
 0.0406174 0.521527 0.379366 0.0568643 0.0016247
 0.151134 0.462217 0.34131 0.0453401 0
 0.294876 0.26143 0.354403 0.0886775 0.000613685
 0.281977 0.475581 0.204845 0.0348837 0.00271318
 0.0841818 0.532909 0.334909 0.0458182 0.00218182
pf_pred 
 0.284798 0.486403 0.204226 0.0245584 1.35532e-05
 0.255317 0.595856 0.119608 0.0262121 0.00300713
 0.124601 0.687806 0.166299 0.0172739 0.00402073
 0.318537 0.501412 0.165498 0.0130262 0.00152619
 0.353954 0.513668 0.110992 0.0197284 0.00165754
 0.2162 0.614896 0.144757 0.0203407 0.00380636
 0.406709 0.437858 0.137174 0.0157668 0.0024922
 0.195121 0.685087 0.0997438 0.0177763 0.00227193
 0.322169 0.462261 0.197292 0.0153346 0.00294369
 0.252555 0.612604 0.108477 0.0242246 0.00213925
 0.127604 0.632597 0.212784 0.0218964 0.00511959
 0.148254 0.498139 0.295347 0.05197 0.00628942
 0.244022 0.485824 0.195705 0.0626358 0.0118124
 0.152476 0.686291 0.128074 0.0243889 0.00876956
 0.171128 0.612219 0.198584 0.0145623 0.00350583
 0.222885 0.58109 0.171512 0.0225955 0.00191725
 0.166707 0.598182 0.198888 0.031867 0.00435611
 0.214113 0.495092 0.239074 0.0440374 0.00768319
 0.207333 0.543704 0.185732 0.052338 0.0108934
 0.272277 0.481103 0.19392 0.0396758 0.0130235
 0.230211 0.56224 0.15905 0.0384312 0.0100679
 0.171711 0.538091 0.234782 0.042767 0.0126486
 0.235248 0.441825 0.240686 0.0669315 0.0153092
 0.223883 0.531489 0.168306 0.0573577 0.0189644
 0.0661589 0.615013 0.248105 0.0491566 0.021567
pobs_RECLAS
 0 0 0 0 0
 0 0 0 0 0
 0 0 0 0 0
 0 0 0 0 0
 0.835266 0.146461 0.0176864 0.000547809 3.91292e-05
 0.385257 0.428462 0.181853 0.0044286 0
 0.867414 0.0963971 0.0333333 0.00285562 0
 0.441836 0.489002 0.0689373 0.000224442 0
 0.779404 0.147425 0.0564933 0.0165055 0.000172143
 0.814271 0.122319 0.05973 0.00367925 0
 0.40263 0.566651 0.0304383 0.000280538 0
 0.475488 0.404961 0.113038 0.00651328 0
 0.955842 0.0263864 0.0167828 0.000988607 0
 0.975058 0.0227948 0.00214734 0 0
 0.738997 0.206755 0.0527124 0.00153531 0
 0.850938 0.134255 0.0134407 0.00136685 0
 0.542534 0.407297 0.0501686 0 0
 0.764087 0.199537 0.0359546 0.000420521 0
 0.470689 0.182191 0.310203 0.0369168 0
 0.84361 0.089868 0.0606195 0.00523954 0.000663233
 0.607945 0.314616 0.071237 0.00620181 0
 0.523733 0.453247 0.0230204 0 0
 0.530135 0.295979 0.169645 0.0042399 0
 0.562478 0.366248 0.0663022 0.0049721 0
 0.250443 0.683176 0.0655157 0.000865301 0
ppred_RECLAS
 0.745619 0.19655 0.0517957 0.00603172 3.32304e-06
 0.706058 0.254323 0.0320404 0.00679984 0.000778757
 0.55072 0.393015 0.0501476 0.00496474 0.00115262
 0.769296 0.188143 0.0392192 0.0029911 0.000349858
 0.782867 0.185701 0.0264702 0.0045772 0.000384002
 0.666036 0.285942 0.041356 0.00561641 0.00104908
 0.827104 0.140888 0.0283472 0.00316205 0.000499011
 0.622821 0.339837 0.0312553 0.00539755 0.000688681
 0.77763 0.172142 0.0460935 0.00346932 0.000664841
 0.694154 0.267981 0.0306366 0.00664285 0.000585699
 0.513627 0.393144 0.0830244 0.00827391 0.0019312
 0.568488 0.298043 0.112049 0.0191116 0.00230903
 0.715128 0.213254 0.0523796 0.016191 0.00304774
 0.583438 0.367684 0.0391532 0.00715697 0.00256778
 0.621574 0.314499 0.0587898 0.00414204 0.000995038
 0.669487 0.272442 0.0510056 0.00651372 0.000551775
 0.587037 0.330539 0.0700531 0.0108854 0.00148555
 0.663693 0.244201 0.0761202 0.0136137 0.00237144
 0.647635 0.272068 0.0603447 0.0165193 0.00343294
 0.726541 0.205518 0.0537557 0.0106838 0.00350149
 0.669569 0.26621 0.0495344 0.0116409 0.00304508
 0.59224 0.301526 0.0864074 0.0153062 0.00452015
 0.690496 0.209825 0.0748289 0.02023 0.00462024
 0.667227 0.256248 0.0531168 0.0175982 0.00580979
 0.331305 0.499757 0.132287 0.0254859 0.011165
pobs_PELACES
 0 0 0 0 0
 0 0 0 0 0
 0 0 0 0 0
 0 0 0 0 0
 0 0 0 0 0
 0 0 0 0 0
 0 0 0 0 0
 0 0 0 0 0
 0 0 0 0 0
 0 0 0 0 0
 0.450072 0.473896 0.0757376 0.000293798 0
 0 0 0 0 0
 0.463077 0.371075 0.160297 0.00555027 0
 0.529543 0.364841 0.0842815 0.0213345 0
 0.631943 0.363953 0.00410389 0 0
 0.735681 0.248677 0.0153453 0.000297389 0
 0.695825 0.281241 0.0229344 0 0
 0.275771 0.60734 0.115278 0.00161068 0
 0 0 0 0 0
 0.896147 0.0623911 0.0374545 0.00400742 0
 0.803859 0.145111 0.0509908 3.86294e-05 0
 0.739449 0.233085 0.0266225 0.000797448 4.60066e-05
 0.878498 0.100942 0.0204185 0.000141795 0
 0.694673 0.275183 0.0284847 0.00165964 0
 0.469039 0.446079 0.0841089 0.000773354 0
ppred_PELACES
 0.821539 0.141913 0.03277 0.0037752 2.07865e-06
 0.788536 0.186112 0.0205448 0.00431336 0.000493702
 0.730582 0.244336 0.02242 0.00216066 0.000500892
 0.836324 0.136385 0.0251688 0.00190053 0.000222178
 0.819832 0.154504 0.0216185 0.00373258 0.000313118
 0.76662 0.204312 0.0250801 0.00336074 0.000627293
 0.873741 0.104583 0.0192134 0.00212735 0.000335587
 0.714568 0.260156 0.0211906 0.00362335 0.000462059
 0.8461 0.122602 0.0287477 0.00214042 0.000409937
 0.761948 0.210611 0.0222295 0.00478862 0.000422062
 0.622564 0.312537 0.057864 0.00570488 0.00133079
 0.669049 0.236633 0.0793002 0.0133995 0.00161808
 0.811019 0.147523 0.0304377 0.00927554 0.00174465
 0.729352 0.245416 0.0202952 0.00363402 0.00130236
 0.758191 0.208582 0.0306059 0.00211412 0.000507329
 0.753584 0.20709 0.0345805 0.00437508 0.000370425
 0.67911 0.262142 0.0499951 0.00770196 0.00105062
 0.738108 0.194327 0.0559026 0.00993259 0.00172959
 0.71825 0.220864 0.0458195 0.0124747 0.00259166
 0.787225 0.16262 0.0397296 0.00785228 0.00257271
 0.723298 0.22422 0.0405031 0.0094955 0.00248355
 0.65473 0.257646 0.071309 0.0125958 0.00371916
 0.748707 0.172855 0.0589377 0.0158755 0.00362501
 0.727393 0.212128 0.0420273 0.0138728 0.00457898
 0.394152 0.457154 0.116515 0.0223779 0.0098018
pobs_pel_tallas
 0 0 0 0 0 0 0 0 0 0 0 0 0 0 0 0 0 0 0 0 0 0 0 0 0 0 0 0 0 0 0 0 0 0 0 0
 0 0 0 0 0 0 0 0 0 0 0 0 0 0 0 0 0 0 0 0 0 0 0 0 0 0 0 0 0 0 0 0 0 0 0 0
 0 0 0 0 0 0 0 0 0 0 0 0 0 0 0 0 0 0 0 0 0 0 0 0 0 0 0 0 0 0 0 0 0 0 0 0
 0 0 0 0 0 0 0 0 0 0 0 0 0 0 0 0 0 0 0 0 0 0 0 0 0 0 0 0 0 0 0 0 0 0 0 0
 0 0 0 0 0 0 0 0 0 0 0 0 0 0 0 0 0 0 0 0 0 0 0 0 0 0 0 0 0 0 0 0 0 0 0 0
 0 0 0 0 0 0 0 0 0 0 0 0 0 0 0 0 0 0 0 0 0 0 0 0 0 0 0 0 0 0 0 0 0 0 0 0
 0 0 0 0 0 0 0 0 0 0 0 0 0 0 0 0 0 0 0 0 0 0 0 0 0 0 0 0 0 0 0 0 0 0 0 0
 0 0 0 0 0 0 0 0 0 0 0 0 0 0 0 0 0 0 0 0 0 0 0 0 0 0 0 0 0 0 0 0 0 0 0 0
 0 0 0 0 0 0 0 0 0 0 0 0 0 0 0 0 0 0 0 0 0 0 0 0 0 0 0 0 0 0 0 0 0 0 0 0
 0 0 0 0 0 0 0 0 0 0 0 0 0 0 0 0 0 0 0 0 0 0 0 0 0 0 0 0 0 0 0 0 0 0 0 0
 0 0 0 0 0 0 0 0 1.78061e-05 0.00172719 0.00360574 0.0105946 0.0120993 0.0124554 0.0147524 0.0171206 0.0266825 0.0428682 0.0675386 0.121331 0.153587 0.119568 0.100827 0.0573624 0.0630603 0.0341343 0.0324427 0.0444173 0.0211091 0.0280891 0.0125444 0.00206551 0 0 0 0
 0 0 0 0 0 0 0 0 0 0 0 0 0 0 0 0 0 0 0 0 0 0 0 0 0 0 0 0 0 0 0 0 0 0 0 0
 0 0 0 0 0 0 0.0133647 0.0140871 0.0187388 0.0205184 0.03894 0.0496705 0.03968 0.0493445 0.0407372 0.0367815 0.0215668 0.0243155 0.0234873 0.0199281 0.019796 0.0243948 0.0301388 0.0376714 0.0412746 0.0863199 0.0771752 0.113111 0.0741005 0.0525337 0.0229764 0.00759418 0.00175318 0 0 0
 0 0 0 0 0 0 0 0 0 0 0.00219441 0.00772107 0.0458388 0.0604681 0.0671733 0.0775358 0.0609151 0.0617685 0.073594 0.0568108 0.0755445 0.0548602 0.0670107 0.0636378 0.0643287 0.046367 0.0373049 0.0286899 0.0247887 0.0153202 0.00654259 0.00121912 0.000365735 0 0 0
 0 0 0 0 0 0 0 0 0 0 0 0 0.000112435 0.00938835 0.0111873 0.0202946 0.0414886 0.0713402 0.111592 0.104902 0.108894 0.110636 0.117776 0.105296 0.107544 0.0401394 0.0192827 0.0124803 0.00416011 0.0028671 0.000618394 0 0 0 0 0
 0 0 0 0 0 0 0 0 0 0 0.00291406 0.0102884 0.027416 0.0768956 0.0749926 0.110853 0.0956884 0.0897413 0.0766577 0.0534642 0.0500743 0.0551293 0.0594112 0.0620874 0.0668451 0.0424026 0.0208742 0.0120726 0.0048766 0.00582813 0.00118941 0.000297354 0 0 0 0
 0 0.00264628 0.0354308 0.0461629 0.0458689 0.0383711 0.0214643 0.0164657 0.0346957 0.0420465 0.0363128 0.0245516 0.0311673 0.0291091 0.0169068 0.0133784 0.00837989 0.0085269 0.0148486 0.0160247 0.0276389 0.0546898 0.0760071 0.122758 0.109233 0.0665981 0.0333725 0.0166128 0.00676272 0.00308733 0.000882094 0 0 0 0 0
 0 0 0 0 0 0 0 0.000805153 0.000690131 0.00759144 0.0133425 0.0154129 0.00931677 0.000345066 0.00356568 0.00563607 0.00851162 0.0253048 0.0502646 0.0516448 0.0657925 0.0565908 0.0611916 0.0827007 0.0866115 0.110766 0.145733 0.0935128 0.0569358 0.0249597 0.0138026 0.00621118 0.00161031 0.00115022 0 0
 0 0 0 0 0 0 0 0 0 0 0 0 0 0 0 0 0 0 0 0 0 0 0 0 0 0 0 0 0 0 0 0 0 0 0 0
 0.00147267 0.00158595 0.00478618 0.00569244 0.00954404 0.0108468 0.00647125 0.017049 0.0510054 0.094081 0.124002 0.0959785 0.0687766 0.0820023 0.061753 0.0591476 0.0492212 0.0479892 0.0443925 0.0268479 0.0217502 0.0140895 0.0121071 0.0120363 0.00920419 0.00665534 0.0049561 0.00860946 0.00930331 0.0156896 0.0114698 0.00855282 0.00243557 0.00046729 0 2.83206e-05
 0 0 0 0 0.000772559 0.00158375 0.000888443 0.00281984 0.00712685 0.0440552 0.0773331 0.111326 0.0921469 0.0852325 0.0710754 0.0886704 0.0786465 0.0553345 0.0373146 0.0185414 0.00753245 0.00457741 0.012979 0.0271748 0.0457355 0.0583668 0.034881 0.0177882 0.00938659 0.00492506 0.0015258 0.00185414 0.000309023 5.79419e-05 3.86279e-05 0
 0 0.00173294 0.00326652 0 0.00397197 0.00683976 0.00946217 0.0152591 0.00757587 0.0136028 0.0228656 0.0392903 0.0559909 0.0764795 0.0681675 0.0726916 0.0566044 0.0477403 0.0527397 0.0444891 0.0609904 0.0582453 0.0661739 0.0445044 0.0529084 0.0360697 0.0280645 0.0235558 0.0158879 0.00826598 0.00280645 0.00217768 0.000904811 0.00058276 9.20147e-05 0
 0 0 0 0 0 0 0 0 0 0 0 0 0 0 0 0 0 0 0 0 0 0 0 0 0 0 0 0 0 0 0 0 0 0 0 0
 0 0 0 0 0 0 0 0 0 0 0 0 0 0 0 0 0 0 0 0 0 0 0 0 0 0 0 0 0 0 0 0 0 0 0 0
 0 0 0 0 0 0 0 0 0 0 0 0 0 0 0 0 0 0 0 0 0 0 0 0 0 0 0 0 0 0 0 0 0 0 0 0
ppred_pel_tallas
 1.00642e-16 3.58414e-05 0.000210369 0.00100002 0.00385015 0.0120063 0.030327 0.0620527 0.102858 0.138131 0.150301 0.132548 0.0948193 0.0552102 0.0265565 0.0112914 0.00547931 0.0044941 0.00550256 0.00726726 0.00929743 0.0113166 0.0130825 0.0143744 0.0150309 0.0149845 0.0142757 0.0130379 0.0114606 0.00974341 0.00805671 0.00651793 0.00518726 0.00407778 0.00317279 0.00244254
 1.00524e-16 3.44041e-05 0.000201926 0.000959871 0.00369556 0.0115243 0.0291094 0.0595617 0.0987302 0.132592 0.144286 0.127271 0.0911037 0.0531669 0.0257982 0.0113538 0.00607527 0.00553446 0.00700887 0.00928594 0.0118451 0.0143504 0.0164888 0.0179756 0.0186072 0.0183092 0.0171527 0.0153327 0.0131169 0.010783 0.00856351 0.00661326 0.00500369 0.00373749 0.00277379 0.0020533
 1.00496e-16 3.18794e-05 0.000187099 0.000889367 0.00342408 0.0106777 0.026971 0.0551869 0.0914805 0.122862 0.133716 0.117987 0.0845469 0.0495191 0.0243618 0.0112894 0.00685004 0.00696152 0.00910074 0.0121124 0.0154465 0.0186922 0.0214438 0.0233283 0.0240807 0.0236065 0.0220041 0.0195353 0.0165586 0.0134445 0.0105027 0.00793925 0.00584802 0.00423014 0.00302749 0.00215646
 1.00478e-16 3.64859e-05 0.000214153 0.00101801 0.00391941 0.0122224 0.0308727 0.0631691 0.104708 0.140614 0.153002 0.134924 0.0965079 0.0561704 0.0269751 0.0113945 0.00541734 0.0043304 0.00524743 0.00691005 0.00882407 0.0107176 0.0123564 0.0135291 0.014083 0.0139573 0.0131967 0.0119357 0.0103632 0.00867647 0.00704307 0.00557702 0.00433467 0.0033247 0.00252538 0.00190171
 1.00501e-16 3.57674e-05 0.000209933 0.000997943 0.00384216 0.0119814 0.0302641 0.0619242 0.102645 0.137846 0.149994 0.132284 0.0946443 0.0551366 0.0265738 0.0113885 0.00565688 0.00476416 0.00588029 0.007762 0.00990483 0.0120134 0.0138249 0.0151015 0.0156728 0.0154739 0.0145602 0.0130895 0.0112803 0.00935967 0.00751881 0.0058861 0.00452236 0.00343275 0.00258721 0.00194065
 1.00568e-16 3.34492e-05 0.000196319 0.000933207 0.00359289 0.0112041 0.0283007 0.0579072 0.0959883 0.128912 0.140287 0.123757 0.0886177 0.0517755 0.025234 0.0112946 0.00631373 0.00599375 0.00768846 0.0102096 0.0130299 0.0157911 0.0181514 0.0197976 0.0205058 0.0201926 0.0189348 0.0169448 0.0145154 0.0119508 0.00950605 0.00735199 0.00556842 0.00416004 0.00308385 0.00227636
 1.00396e-16 3.81161e-05 0.000223727 0.00106353 0.0040947 0.012769 0.0322533 0.0659938 0.109389 0.146897 0.159829 0.140923 0.100751 0.0585439 0.0279347 0.0114896 0.00500099 0.00353283 0.00406883 0.00530967 0.00677345 0.00822754 0.00948797 0.0103922 0.0108229 0.0107336 0.0101582 0.00919968 0.00800205 0.00671625 0.00547 0.00435023 0.00339971 0.00262488 0.00200913 0.00152587
 1.00532e-16 3.11817e-05 0.000183001 0.000869884 0.00334907 0.0104437 0.0263801 0.053978 0.0894772 0.120174 0.130794 0.115421 0.0827344 0.0485098 0.0239626 0.0112677 0.00705788 0.00734629 0.00966491 0.0128744 0.0164167 0.019861 0.0227768 0.0247675 0.025552 0.0250312 0.0233112 0.0206728 0.0174989 0.0141848 0.0110604 0.00834443 0.00613531 0.00443243 0.00317193 0.00226297
 1.00541e-16 3.69116e-05 0.000216653 0.0010299 0.0039652 0.0123652 0.0312333 0.0639069 0.105931 0.142255 0.154783 0.136487 0.0976073 0.0567733 0.0271955 0.0113691 0.00522998 0.00400614 0.00477866 0.00628225 0.00803236 0.00977582 0.0113005 0.0124154 0.0129806 0.012938 0.0123224 0.0112493 0.00988231 0.00839445 0.00693318 0.0056004 0.00444844 0.00348891 0.00270746 0.00207833
 1.00569e-16 3.32457e-05 0.000195124 0.000927524 0.00357101 0.0111359 0.0281283 0.0575546 0.095404 0.128128 0.139436 0.12301 0.0880918 0.0514862 0.0251265 0.0113031 0.00639749 0.00613996 0.00789991 0.0104925 0.0133863 0.0162144 0.0186253 0.0202968 0.0209995 0.0206494 0.0193281 0.017257 0.0147404 0.0120933 0.00957934 0.00737402 0.00555796 0.00413359 0.00305383 0.00225058
 1.01182e-16 2.71721e-05 0.000159457 0.000757938 0.00291803 0.00909953 0.0229849 0.0470315 0.0779649 0.10472 0.113997 0.100649 0.0722573 0.042592 0.0214593 0.0107953 0.00770828 0.00875641 0.0117975 0.0158105 0.0202374 0.0245911 0.02836 0.0310638 0.0323525 0.032087 0.0303686 0.0275045 0.0239253 0.0200819 0.0163561 0.0130079 0.0101652 0.00784757 0.0060056 0.00455998
 1.01739e-16 2.91961e-05 0.000171346 0.000814477 0.00313574 0.00977847 0.0246997 0.0505396 0.0837776 0.112519 0.122463 0.10807 0.0774667 0.0454252 0.0224483 0.010576 0.00666243 0.00698514 0.00924858 0.0124057 0.0159564 0.0195188 0.0227048 0.0251457 0.0265629 0.0268277 0.0259852 0.0242308 0.0218533 0.0191616 0.0164231 0.0138267 0.0114768 0.00940961 0.00761896 0.00608103
 1.00881e-16 3.53829e-05 0.000207676 0.000987215 0.00380086 0.0118526 0.0299388 0.0612584 0.101541 0.136363 0.14838 0.130858 0.0936198 0.0545307 0.0262652 0.0112288 0.00553951 0.0046332 0.00571344 0.00755621 0.0096711 0.0117762 0.0136217 0.0149798 0.0156839 0.0156653 0.0149664 0.0137254 0.0121373 0.0104067 0.00870654 0.00715407 0.00580729 0.00467607 0.00374082 0.00297025
 1.00554e-16 3.18258e-05 0.000186784 0.000887871 0.00341832 0.0106597 0.0269256 0.055094 0.0913266 0.122656 0.133491 0.11779 0.0844072 0.0494406 0.0243295 0.0112848 0.00686125 0.00698365 0.00913305 0.0121554 0.0154999 0.018755 0.0215134 0.023401 0.0241527 0.0236745 0.0220663 0.019592 0.0166119 0.0134978 0.0105601 0.00800425 0.00592253 0.00431419 0.00311919 0.0022524
 1.00599e-16 3.30818e-05 0.000194161 0.000922951 0.0035534 0.0110809 0.0279896 0.0572708 0.0949335 0.127496 0.138748 0.122403 0.0876572 0.051232 0.0250024 0.0112477 0.00636779 0.00611508 0.00787346 0.010466 0.013366 0.0162108 0.0186517 0.0203682 0.0211298 0.0208487 0.0195995 0.0175957 0.015133 0.0125194 0.0100145 0.00779368 0.00594055 0.00446338 0.00332223 0.00245611
 1.00727e-16 3.28809e-05 0.000192982 0.000917343 0.00353181 0.0110136 0.0278196 0.0569228 0.0943568 0.126721 0.137905 0.12166 0.0871254 0.0509224 0.0248537 0.0111851 0.0063393 0.00609537 0.00785439 0.0104481 0.0133546 0.0162149 0.0186834 0.0204413 0.0212582 0.0210439 0.0198685 0.0179387 0.015543 0.0129828 0.0105123 0.00830397 0.00644147 0.00493542 0.0037501 0.00282978
 1.01109e-16 2.96358e-05 0.000173925 0.000826733 0.00318292 0.0099256 0.0250714 0.0513003 0.085039 0.114215 0.124313 0.109713 0.0786656 0.0461714 0.0228963 0.010917 0.00704443 0.00749986 0.00994495 0.0132984 0.0170235 0.0206961 0.0238846 0.0261859 0.0273058 0.0271261 0.0257295 0.0233708 0.0204078 0.0172155 0.0141112 0.011311 0.0089216 0.00695988 0.00538619 0.00413669
 1.0128e-16 3.22056e-05 0.000189018 0.000898503 0.00345928 0.0107874 0.0272482 0.0557536 0.0924186 0.124118 0.135071 0.119156 0.085326 0.049858 0.0243112 0.010904 0.00613273 0.00586568 0.00756351 0.0100925 0.0129559 0.015819 0.0183588 0.0202735 0.0213378 0.0214519 0.0206602 0.019132 0.0171128 0.0148634 0.0126075 0.0105009 0.00862669 0.00700845 0.00563324 0.00447284
 1.01273e-16 3.13408e-05 0.000183939 0.000874348 0.00336626 0.0104974 0.0265156 0.0542548 0.089935 0.120785 0.131451 0.11598 0.08309 0.0486277 0.0238535 0.010939 0.006487 0.00648479 0.00845943 0.011292 0.0144679 0.0176168 0.020374 0.0223995 0.0234442 0.0234051 0.0223462 0.0204748 0.0180839 0.0154807 0.0129251 0.0105936 0.0085738 0.00688078 0.00548516 0.00433965
 1.01008e-16 3.4346e-05 0.000201587 0.000958264 0.00368938 0.011505 0.0290607 0.0594619 0.0985642 0.132367 0.144037 0.127039 0.090913 0.0530054 0.0256268 0.0111216 0.00573131 0.00503288 0.00631386 0.00837984 0.0107386 0.0130911 0.015164 0.0167053 0.0175292 0.0175564 0.0168298 0.015497 0.0137693 0.0118691 0.00998602 0.00825023 0.00672827 0.00543505 0.00435362 0.00345402
 1.01091e-16 3.1561e-05 0.000185231 0.000880492 0.00338992 0.0105711 0.0267019 0.0546361 0.0905671 0.121634 0.132375 0.116796 0.0836756 0.0489725 0.0240263 0.0110238 0.00654377 0.0065442 0.00853302 0.0113806 0.0145652 0.0177098 0.0204432 0.022421 0.0233927 0.0232579 0.0220876 0.0200995 0.0175985 0.0149033 0.0122828 0.00991874 0.00789931 0.00623654 0.00489499 0.00381972
 1.01703e-16 2.85725e-05 0.000167683 0.000797059 0.00306867 0.00956932 0.0241715 0.0494589 0.0819869 0.110116 0.119854 0.105782 0.0758576 0.0445441 0.0221289 0.0106189 0.00694567 0.00747265 0.0099518 0.0133455 0.0171385 0.0209205 0.0242697 0.0267873 0.0281761 0.0283053 0.0272361 0.0251951 0.0225097 0.0195272 0.0165443 0.0137674 0.0113047 0.00918533 0.00738954 0.00587736
 1.01608e-16 3.26669e-05 0.000191729 0.000911391 0.00350891 0.0109422 0.0276391 0.0565534 0.0937435 0.125895 0.136999 0.120844 0.0865061 0.0504895 0.0245112 0.0108114 0.00582707 0.00536166 0.00684144 0.00912922 0.0117464 0.014389 0.0167699 0.0186201 0.0197358 0.0200211 0.0195052 0.0183254 0.016686 0.0148053 0.0128713 0.0110162 0.00931251 0.00778532 0.00643196 0.00523931
 1.01357e-16 3.1739e-05 0.000186278 0.00088547 0.00340909 0.0106309 0.0268529 0.054945 0.0910787 0.12232 0.133119 0.117445 0.0841247 0.0492038 0.0240812 0.0109507 0.00636698 0.0062623 0.00813197 0.0108475 0.0138985 0.0169257 0.0195789 0.0215325 0.0225479 0.0225269 0.0215315 0.0197605 0.0174944 0.0150266 0.0126042 0.0103942 0.00847778 0.00686708 0.00553236 0.00442775
 1.0303e-16 1.72183e-05 0.000101005 0.000480023 0.00184793 0.00576244 0.0145559 0.0297862 0.0493852 0.0663569 0.0722991 0.0639862 0.0462686 0.0279418 0.0153168 0.00974175 0.00950788 0.0125264 0.0174592 0.0235679 0.0302773 0.0369385 0.0428185 0.0472139 0.0496015 0.0497551 0.0477906 0.0441177 0.0393241 0.03403 0.028764 0.0238895 0.0195937 0.0159205 0.0128258 0.0102307
pSPR Fmed_Fpbrs
0.529013   0.42688 0.42688
Fs Fmed_Fpbrs
0.64   1.005 1.005
SSBpbr Bo_Bmed_Bpbrs
692635  331781  261041 261041
Ro
31261.2
SPR SPRFo_SPRFmed_SPRFpbrs
642760 340028 274382
log_Ro
10.1701
likeval ReclasPelacesDesembMPH_pf_preclas_ppelaces_ptallas_desvR_qrecl_qpela
 0.000941934 11.6095 0.00662155 13.9696 304.726 182.712 50.9007 0 18.5221 2.78425e-06 5.39194e-05 0 0 0 0
q_reclas_q_pelaces
0.789427 2.8425
M
0.7
N
 32194.7 9771.2 3145.5 372.336 0.205312
 34675.4 14382.1 2213.52 477.513 54.736
 11343.8 15489.8 3257.24 335.903 78.1564
 15772.1 4325.57 1084.49 83.9661 9.82921
 34825.9 7103.9 1041.47 180.504 15.1452
 31756.9 17038.9 3159.48 437.875 81.8801
 78379.3 13828.6 3193.37 360.242 56.8854
 59201 36187.7 4000.61 701.337 89.5573
 104478 26673 8733.16 668.204 128.165
 120025 46648.8 6019.2 1318.09 116.278
 63522.9 55908.4 14411.8 1459.8 341.031
 49147.5 28388.8 12703.5 2197.81 265.741
 58159.7 22258.7 7120.07 2248.86 423.814
 25380.4 25116.8 3923.07 739.903 265.913
 13315.9 10292.8 2776.79 201.589 48.5061
 12166.6 5446.64 1212.64 157.068 13.3154
 9105.47 5512.82 1370.86 215.813 29.4734
 11206.7 4155.24 1462.7 264.207 46.0483
 12759 5218.56 1280.87 353.549 73.5055
 21728.6 6005.51 1741.9 349.134 114.477
 29041.9 10216.2 1988.23 468.963 122.698
 30853.4 14083.5 4254.25 756.847 223.56
 53286.8 14900.4 5687.98 1546.31 353.262
 72172.5 25526.5 5666.55 1887.92 623.46
 25356.5 34564.8 9689.49 1875.5 821.839
pred_Ctot
 2339.02 3994.78 1677.29 201.696 0.111311
 2520.03 5881.21 1180.55 258.719 29.681
 1922.64 10613.1 2566.07 266.544 62.0417
 1060.68 1669.62 551.083 43.375 5.08198
 369.791 536.652 115.958 20.6111 1.73171
 2833 8057.36 1896.84 266.536 49.8771
 3976.66 4281.22 1341.24 154.163 24.3679
 3969.08 13935.7 2028.95 361.598 46.2146
 7626.1 10942.2 4670.11 362.986 69.6805
 5369.95 13025.5 2306.5 515.076 45.4858
 4598.18 22795.5 7667.62 789.032 184.483
 3126.22 10504.2 6227.96 1095.89 132.624
 5495.82 10941.6 4407.63 1410.67 266.036
 3385.74 15239.1 2843.89 541.557 194.728
 1707.36 6108.14 1981.29 145.289 34.9779
 770.08 2007.7 592.585 78.0688 6.62421
 533.221 1913.32 636.154 101.928 13.9333
 503.676 1164.64 562.394 103.593 18.0738
 479.978 1258.68 429.971 121.163 25.2184
 833.858 1473.4 593.888 121.509 39.8849
 490.567 1198.1 338.926 81.8946 21.4542
 610.643 1913.58 834.942 152.09 44.9814
 1356.79 2548.22 1388.15 386.026 88.2957
 1850.34 4392.63 1391.01 474.048 156.737
 545.628 5072.16 2046.18 405.406 177.868
F
 0.105814 0.784854 1.18514 1.21783 1.2196
 0.105848 0.785107 1.18552 1.21822 1.21999
 0.264123 1.95908 2.95822 3.03982 3.04424
 0.0975977 0.72391 1.09311 1.12326 1.12489
 0.014862 0.110235 0.166456 0.171048 0.171296
 0.131372 0.974424 1.47139 1.51197 1.51417
 0.0728421 0.54029 0.815843 0.838346 0.839565
 0.0972851 0.721592 1.08961 1.11966 1.12129
 0.106333 0.7887 1.19094 1.22379 1.22557
 0.063986 0.474602 0.716654 0.736421 0.737492
 0.105408 0.781839 1.18058 1.21315 1.21491
 0.0920924 0.683076 1.03145 1.0599 1.06144
 0.139655 1.03586 1.56415 1.6073 1.60963
 0.202533 1.50224 2.2684 2.33097 2.33436
 0.193959 1.43865 2.17237 2.23229 2.23553
 0.0916186 0.679561 1.02614 1.05445 1.05598
 0.084504 0.626791 0.946459 0.972565 0.973979
 0.0642863 0.47683 0.720017 0.739877 0.740953
 0.0535564 0.397243 0.59984 0.616385 0.617281
 0.0546607 0.405434 0.612209 0.629095 0.63001
 0.0237352 0.17605 0.265838 0.27317 0.273567
 0.0278607 0.206651 0.312045 0.320652 0.321118
 0.0359707 0.266805 0.402878 0.41399 0.414592
 0.036223 0.268676 0.405703 0.416894 0.4175
 0.030324 0.224922 0.339633 0.349001 0.349509
Np
 23283.8 10597 3177.23 2563.54 737.106
YTP_r0W_actual
 17139 270187 151414 37141 16963.8
YTP_p0W_proyectada
 11522.5 93750.7 203811 66196 19035.5
 11522.5 81328.6 47242.2 49531.1 15819.2
CTP_r0_actual
 1530.27 12281.2 4588.31 903.674 396.351
CTP_p0_proyectada
 1405.18 4340.31 6490.79 1650.77 427.765
 1405.18 3765.21 1504.53 1235.19 355.487
Wmedp
 8.2 21.6 31.4 40.1 44.5
nmprior
 10.8 10.6 4.6 0
nm_flota  nm_reclas  nm_pelaces    nm_pelaL
inf 18.5935 21.1275 52.7598
cv_recla  cv_pelaces  cv_mph
0.925367 0.386349 0.518312
 ------------------------------------------------
Talla a la edad & desviaci?n 
 7.2 14.2025 17.0495 18.207 18.6776
 1.08 2.13037 2.55742 2.73105 2.80164
