years
 1997 1998 1999 2000 2001 2002 2003 2004 2005 2006 2007 2008 2009 2010 2011 2012 2013 2014 2015 2016 2017 2018 2019 2020
reclasobs
 0 0 0 370054 412103 1.49427e+06 250295 1.28982e+06 931140 785840 897777 1.04006e+06 184774 17550 25797 100020 73551 82996 120727 218422 84188 347160 605670 569463
reclaspred
 310899 72430.5 136059 79285.9 144597 171433 565717 419241 599304 664160 568827 408968 295120 166461 129705 121677 132260 177812 185872 272413 409904 353099 546027 580248
pelacesobs
 0 0 0 0 0 0 0 0 0 2.06254e+06 1.5e+06 0 1.87456e+06 323000 250000 174000 83755 137374 0 501740 490994 745055 786931 1.00524e+06
pelacespred
 673237 124740 145932 130237 214373 184981 895696 692151 947922 1.04505e+06 812569 612703 448851 221900 171995 171076 192657 253661 273238 387173 645440 555697 698418 846093
mphobs
 0 0 0 0 0 0 112323 0 153150 637223 0 255016 313432 73983 77613 109348 50772 17779 17303 59886 28197 0 207744 136588
mphpred
 136250 71148.6 64870 46574.2 52171.6 97284.1 170582 274332 263657 345058 386777 292580 192966 88775.3 52861.2 45997.2 45465.8 57751.4 35227.3 38715.8 62347.7 77463.4 86951.2 112131
desembarqueobs
 350755 77701 442110 56441 14545 235359 269955 359681 431902 328805 639364 411747 362871 311530 167758 66681 60226 58785 57116 73181 50977 67692 138656 160484
desembarquepred
 350765 77703.1 442153 56447.7 14545.2 235398 269960 359663 431824 328772 639431 411824 362936 311839 167876 66705.2 60247.6 58788.1 57112.2 73178.8 50976.6 67688.5 138654 160482
Reclutas
 34231.2 37431.6 15529.2 20870.1 43049.1 41307.2 96776.4 77574.8 140662 156167 75004.8 48555.3 60702.6 30447.2 19913.1 21677.7 18485.2 23225.9 25884.5 48889.4 65318.4 64325 94222.1 89611.4
log_desv_Rt
 -0.288559 -0.19918 -1.07897 -0.78338 -0.0593548 -0.10066 0.750708 0.529547 1.12467 1.22923 0.495857 0.0610074 0.284292 -0.405702 -0.830318 -0.745411 -0.904728 -0.676426 -0.568053 0.067864 0.357579 0.342252 0.723959 0.673786
SSB
 456251 238250 217225 155960 174703 325768 554603 907920 862811 1.13297e+06 1.29517e+06 979741 663347 440259 267986 236575 242140 297660 366330 420012 646790 785368 903429 1.11811e+06
BT
 1.49275e+06 355535 503798 293581 395996 513571 1.79432e+06 1.62876e+06 2.08986e+06 2.18202e+06 2.02086e+06 1.47113e+06 1.15645e+06 693069 450598 362616 396698 501563 538758 753130 1.19699e+06 1.05889e+06 1.34927e+06 1.65133e+06
Ftot
 0.705239 0.693495 1.53404 0.448924 0.075921 0.69621 0.366063 0.505656 0.518749 0.308682 0.524292 0.45257 0.647657 0.866049 0.651267 0.270919 0.240618 0.176915 0.150994 0.157383 0.0705741 0.0908419 0.121566 0.135954
BD_Bspro_t
 0.915168 0.630435 0.496185 0.26405 0.401096 0.612709 0.595435 0.672461 0.626746 0.64379 0.649196 0.511592 0.421478 0.363268 0.280975 0.300152 0.386673 0.532878 0.643578 0.722942 0.814254 0.873697 0.868052 0.855708
BD_Bspro
 0.485402 0.253473 0.231105 0.165925 0.185866 0.346583 0.590038 0.96593 0.917939 1.20536 1.37792 1.04234 0.70573 0.468388 0.285109 0.251691 0.25761 0.316678 0.389736 0.446848 0.688115 0.835547 0.961152 1.18955
BD_Bo
 0.318435 0.166284 0.15161 0.10885 0.121932 0.227366 0.387079 0.633673 0.602189 0.790745 0.90395 0.683799 0.462975 0.307274 0.187038 0.165115 0.168999 0.207748 0.255676 0.293143 0.45142 0.548138 0.630538 0.780375
BD_Brms
 1.09297 0.570738 0.520372 0.373608 0.418508 0.780391 1.32857 2.17496 2.0669 2.71408 3.10263 2.34701 1.58907 1.05466 0.641972 0.566725 0.580054 0.713056 0.877558 1.00616 1.54941 1.88138 2.1642 2.67849
S_f
 0.173778 1 1 1 1
 0.173778 1 1 1 1
 0.173778 1 1 1 1
 0.173778 1 1 1 1
 0.173778 1 1 1 1
 0.173778 1 1 1 1
 0.173778 1 1 1 1
 0.173778 1 1 1 1
 0.173778 1 1 1 1
 0.173778 1 1 1 1
 0.173778 1 1 1 1
 0.173778 1 1 1 1
 0.173778 1 1 1 1
 0.173778 1 1 1 1
 0.173778 1 1 1 1
 0.173778 1 1 1 1
 0.173778 1 1 1 1
 0.173778 1 1 1 1
 0.173778 1 1 1 1
 0.173778 1 1 1 1
 0.173778 1 1 1 1
 0.173778 1 1 1 1
 0.173778 1 1 1 1
 0.173778 1 1 1 1
Scru_reclas
 1 1 1 1 1
 1 1 1 1 1
 1 1 1 1 1
 1 1 1 1 1
 1 1 1 1 1
 1 1 1 1 1
 1 1 1 1 1
 1 1 1 1 1
 1 1 1 1 1
 1 1 1 1 1
 1 1 1 1 1
 1 1 1 1 1
 1 1 1 1 1
 1 1 1 1 1
 1 1 1 1 1
 1 1 1 1 1
 1 1 1 1 1
 1 1 1 1 1
 1 1 1 1 1
 1 1 1 1 1
 1 1 1 1 1
 1 1 1 1 1
 1 1 1 1 1
 1 1 1 1 1
Scru_pelaces
 1 1 1 1 1
 1 1 1 1 1
 1 1 1 1 1
 1 1 1 1 1
 1 1 1 1 1
 1 1 1 1 1
 1 1 1 1 1
 1 1 1 1 1
 1 1 1 1 1
 1 1 1 1 1
 1 1 1 1 1
 1 1 1 1 1
 1 1 1 1 1
 1 1 1 1 1
 1 1 1 1 1
 1 1 1 1 1
 1 1 1 1 1
 1 1 1 1 1
 1 1 1 1 1
 1 1 1 1 1
 1 1 1 1 1
 1 1 1 1 1
 1 1 1 1 1
 1 1 1 1 1
pf_obs 
 0.256992 0.487395 0.22802 0.0275931 0
 0.321318 0.546541 0.124235 0.00734118 0.000564706
 0.182869 0.594174 0.210203 0.0122559 0.00049798
 0.330522 0.361315 0.267642 0.0388342 0.00168674
 0.649043 0.306663 0.0425973 0.00169635 0
 0.582887 0.30429 0.105238 0.00758474 0
 0.465427 0.430635 0.0974691 0.00646863 0
 0.296916 0.608066 0.0921331 0.00288517 0
 0.311714 0.524322 0.152257 0.0117073 0
 0.15457 0.633149 0.183074 0.0267441 0.00246327
 0.131901 0.49318 0.331252 0.0422183 0.00144891
 0.196976 0.569456 0.194076 0.0375587 0.00193317
 0.518974 0.381816 0.0799577 0.0180837 0.00116848
 0.0928022 0.601141 0.25162 0.0475244 0.00691264
 0.122501 0.610282 0.24278 0.0234846 0.000952079
 0.383417 0.481906 0.127806 0.00687128 0
 0.0376549 0.599619 0.316969 0.0457579 0
 0.0361596 0.667082 0.258105 0.0386534 0
 0.158088 0.579412 0.248529 0.0139706 0
 0.0477256 0.309471 0.559284 0.082774 0.000745712
 0.0406174 0.521527 0.379366 0.0568643 0.0016247
 0.151134 0.462217 0.34131 0.0453401 0
 0.294876 0.26143 0.354403 0.0886775 0.000613685
 0.281977 0.475581 0.204845 0.0348837 0.00271318
pf_pred 
 0.332694 0.470814 0.175714 0.0207645 1.32197e-05
 0.304902 0.5574 0.0971518 0.0362584 0.00428745
 0.17 0.647183 0.146601 0.0255517 0.0106639
 0.341637 0.475995 0.142199 0.0322113 0.00795732
 0.387087 0.482547 0.0942541 0.0281576 0.00795397
 0.253872 0.589527 0.123292 0.0240821 0.00922659
 0.435535 0.413934 0.118937 0.0248741 0.00672002
 0.230396 0.647129 0.0898141 0.0258066 0.0068552
 0.362826 0.437845 0.167608 0.0232621 0.00845948
 0.276968 0.584137 0.0954441 0.0365362 0.00691486
 0.132432 0.623241 0.197391 0.0322524 0.014683
 0.133536 0.459776 0.292155 0.0925306 0.0220018
 0.236178 0.400325 0.192884 0.122565 0.0480484
 0.156615 0.598038 0.128588 0.0619564 0.0548026
 0.170963 0.514937 0.222726 0.0478898 0.0434843
 0.225392 0.47993 0.183033 0.0791671 0.0324786
 0.182579 0.535801 0.174485 0.0665442 0.0405904
 0.223739 0.458033 0.208591 0.0679283 0.0417082
 0.214487 0.505144 0.165432 0.0753385 0.0395983
 0.310671 0.432695 0.165035 0.0540481 0.0375509
 0.26629 0.540185 0.121477 0.0463328 0.0257159
 0.197668 0.548267 0.187052 0.0420643 0.0249487
 0.245049 0.450389 0.20812 0.0710045 0.0254379
 0.191625 0.5368 0.162016 0.074866 0.0346927
pobs_RECLAS
 0 0 0 0 0
 0 0 0 0 0
 0 0 0 0 0
 0 0 0 0 0
 0.835266 0.146461 0.0176864 0.000547809 3.91292e-05
 0.385257 0.428462 0.181853 0.0044286 0
 0.867414 0.0963971 0.0333333 0.00285562 0
 0.441836 0.489002 0.0689373 0.000224442 0
 0.779404 0.147425 0.0564933 0.0165055 0.000172143
 0.814271 0.122319 0.05973 0.00367925 0
 0.40263 0.566651 0.0304383 0.000280538 0
 0.475488 0.404961 0.113038 0.00651328 0
 0.955842 0.0263864 0.0167828 0.000988607 0
 0.975058 0.0227948 0.00214734 0 0
 0.738997 0.206755 0.0527124 0.00153531 0
 0.850938 0.134255 0.0134407 0.00136685 0
 0.542534 0.407297 0.0501686 0 0
 0.764087 0.199537 0.0359546 0.000420521 0
 0.470689 0.182191 0.310203 0.0369168 0
 0.84361 0.089868 0.0606195 0.00523954 0.000663233
 0.607945 0.314616 0.071237 0.00620181 0
 0.523733 0.453247 0.0230204 0 0
 0.530135 0.295979 0.169645 0.0042399 0
 0.562478 0.366248 0.0663022 0.0049721 0
ppred_RECLAS
 0.751547 0.175294 0.0654223 0.00773107 4.92198e-06
 0.726643 0.219206 0.0382063 0.0142591 0.0016861
 0.580701 0.326943 0.0740597 0.0129082 0.00538718
 0.754597 0.177426 0.0530045 0.0120067 0.00296607
 0.784867 0.169374 0.0330833 0.00988334 0.00279185
 0.673471 0.257996 0.0539565 0.0105391 0.00403785
 0.819565 0.132316 0.0380189 0.00795115 0.0021481
 0.64061 0.302196 0.0419414 0.0120512 0.00320124
 0.772436 0.156375 0.0598606 0.00830797 0.00302127
 0.691877 0.248932 0.0406739 0.0155701 0.0029468
 0.476543 0.37604 0.119098 0.0194599 0.00885913
 0.477401 0.277309 0.176211 0.0558089 0.0132702
 0.650997 0.182915 0.0881321 0.0560018 0.0219541
 0.534087 0.330375 0.0710363 0.0342267 0.0302747
 0.554461 0.276736 0.119697 0.0257368 0.0233692
 0.629783 0.229378 0.0874788 0.0378372 0.0155229
 0.565809 0.284602 0.0926816 0.0353463 0.0215605
 0.626131 0.220602 0.100463 0.0327162 0.0200878
 0.613015 0.248861 0.0815004 0.0371157 0.0195082
 0.723419 0.173611 0.0662175 0.0216858 0.0150666
 0.676999 0.237805 0.0534775 0.020397 0.0113209
 0.587516 0.281868 0.0961648 0.0216255 0.0128263
 0.652755 0.207159 0.0957265 0.032659 0.0117003
 0.578768 0.279719 0.084424 0.0390116 0.0180778
pobs_PELACES
 0 0 0 0 0
 0 0 0 0 0
 0 0 0 0 0
 0 0 0 0 0
 0 0 0 0 0
 0 0 0 0 0
 0 0 0 0 0
 0 0 0 0 0
 0 0 0 0 0
 0 0 0 0 0
 0.450072 0.473896 0.0757376 0.000293798 0
 0 0 0 0 0
 0.463077 0.371075 0.160297 0.00555027 0
 0.529543 0.364841 0.0842815 0.0213345 0
 0.631943 0.363953 0.00410389 0 0
 0.735681 0.248677 0.0153453 0.000297389 0
 0.695825 0.281241 0.0229344 0 0
 0.275771 0.60734 0.115278 0.00161068 0
 0 0 0 0 0
 0.896147 0.0623911 0.0374545 0.00400742 0
 0.803859 0.145111 0.0509908 3.86294e-05 0
 0.739449 0.233085 0.0266225 0.000797448 4.60066e-05
 0.878498 0.100942 0.0204185 0.000141795 0
 0.694673 0.275183 0.0284847 0.00165964 0
ppred_PELACES
 0.785695 0.151202 0.0564306 0.0066685 4.2455e-06
 0.762555 0.190408 0.033187 0.0123858 0.00146459
 0.677851 0.251192 0.0569004 0.00991744 0.00413899
 0.776551 0.161553 0.0482626 0.0109325 0.00270072
 0.788342 0.166639 0.0325489 0.00972372 0.00274676
 0.713767 0.226157 0.0472979 0.00923851 0.00353955
 0.833857 0.121836 0.0350075 0.00732136 0.00197795
 0.671699 0.276054 0.0383132 0.0110087 0.00292431
 0.796337 0.139951 0.0535734 0.00743538 0.00270395
 0.709524 0.234676 0.0383444 0.0146783 0.00277803
 0.512261 0.350381 0.110972 0.018132 0.00825464
 0.508233 0.260949 0.165815 0.0525163 0.0124872
 0.689977 0.162485 0.0782887 0.049747 0.0195021
 0.592109 0.289232 0.0621898 0.0299643 0.0265045
 0.597793 0.249821 0.108055 0.0232337 0.0210964
 0.646834 0.218814 0.0834498 0.0360946 0.0148079
 0.581852 0.274087 0.0892573 0.0340404 0.0207639
 0.637352 0.213981 0.097448 0.0317342 0.0194849
 0.622734 0.24261 0.0794534 0.0361835 0.0190182
 0.731922 0.168273 0.0641817 0.0210191 0.0146034
 0.681193 0.234718 0.0527833 0.0201322 0.0111739
 0.593505 0.277775 0.0947685 0.0213115 0.01264
 0.660229 0.2027 0.093666 0.031956 0.0114485
 0.587778 0.273736 0.0826182 0.0381771 0.0176912
pobs_pel_tallas
 0 0 0 0 0 0 0 0 0 0 0 0 0 0 0 0 0 0 0 0 0 0 0 0 0 0 0 0 0 0 0 0 0 0 0 0
 0 0 0 0 0 0 0 0 0 0 0 0 0 0 0 0 0 0 0 0 0 0 0 0 0 0 0 0 0 0 0 0 0 0 0 0
 0 0 0 0 0 0 0 0 0 0 0 0 0 0 0 0 0 0 0 0 0 0 0 0 0 0 0 0 0 0 0 0 0 0 0 0
 0 0 0 0 0 0 0 0 0 0 0 0 0 0 0 0 0 0 0 0 0 0 0 0 0 0 0 0 0 0 0 0 0 0 0 0
 0 0 0 0 0 0 0 0 0 0 0 0 0 0 0 0 0 0 0 0 0 0 0 0 0 0 0 0 0 0 0 0 0 0 0 0
 0 0 0 0 0 0 0 0 0 0 0 0 0 0 0 0 0 0 0 0 0 0 0 0 0 0 0 0 0 0 0 0 0 0 0 0
 0 0 0 0 0 0 0 0 0 0 0 0 0 0 0 0 0 0 0 0 0 0 0 0 0 0 0 0 0 0 0 0 0 0 0 0
 0 0 0 0 0 0 0 0 0 0 0 0 0 0 0 0 0 0 0 0 0 0 0 0 0 0 0 0 0 0 0 0 0 0 0 0
 0 0 0 0 0 0 0 0 0 0 0 0 0 0 0 0 0 0 0 0 0 0 0 0 0 0 0 0 0 0 0 0 0 0 0 0
 0 0 0 0 0 0 0 0 0 0 0 0 0 0 0 0 0 0 0 0 0 0 0 0 0 0 0 0 0 0 0 0 0 0 0 0
 0 0 0 0 0 0 0 0 1.78061e-05 0.00172719 0.00360574 0.0105946 0.0120993 0.0124554 0.0147524 0.0171206 0.0266825 0.0428682 0.0675386 0.121331 0.153587 0.119568 0.100827 0.0573624 0.0630603 0.0341343 0.0324427 0.0444173 0.0211091 0.0280891 0.0125444 0.00206551 0 0 0 0
 0 0 0 0 0 0 0 0 0 0 0 0 0 0 0 0 0 0 0 0 0 0 0 0 0 0 0 0 0 0 0 0 0 0 0 0
 0 0 0 0 0 0 0.0133647 0.0140871 0.0187388 0.0205184 0.03894 0.0496705 0.03968 0.0493445 0.0407372 0.0367815 0.0215668 0.0243155 0.0234873 0.0199281 0.019796 0.0243948 0.0301388 0.0376714 0.0412746 0.0863199 0.0771752 0.113111 0.0741005 0.0525337 0.0229764 0.00759418 0.00175318 0 0 0
 0 0 0 0 0 0 0 0 0 0 0.00219441 0.00772107 0.0458388 0.0604681 0.0671733 0.0775358 0.0609151 0.0617685 0.073594 0.0568108 0.0755445 0.0548602 0.0670107 0.0636378 0.0643287 0.046367 0.0373049 0.0286899 0.0247887 0.0153202 0.00654259 0.00121912 0.000365735 0 0 0
 0 0 0 0 0 0 0 0 0 0 0 0 0.000112435 0.00938835 0.0111873 0.0202946 0.0414886 0.0713402 0.111592 0.104902 0.108894 0.110636 0.117776 0.105296 0.107544 0.0401394 0.0192827 0.0124803 0.00416011 0.0028671 0.000618394 0 0 0 0 0
 0 0 0 0 0 0 0 0 0 0 0.00291406 0.0102884 0.027416 0.0768956 0.0749926 0.110853 0.0956884 0.0897413 0.0766577 0.0534642 0.0500743 0.0551293 0.0594112 0.0620874 0.0668451 0.0424026 0.0208742 0.0120726 0.0048766 0.00582813 0.00118941 0.000297354 0 0 0 0
 0 0.00264628 0.0354308 0.0461629 0.0458689 0.0383711 0.0214643 0.0164657 0.0346957 0.0420465 0.0363128 0.0245516 0.0311673 0.0291091 0.0169068 0.0133784 0.00837989 0.0085269 0.0148486 0.0160247 0.0276389 0.0546898 0.0760071 0.122758 0.109233 0.0665981 0.0333725 0.0166128 0.00676272 0.00308733 0.000882094 0 0 0 0 0
 0 0 0 0 0 0 0 0.000805153 0.000690131 0.00759144 0.0133425 0.0154129 0.00931677 0.000345066 0.00356568 0.00563607 0.00851162 0.0253048 0.0502646 0.0516448 0.0657925 0.0565908 0.0611916 0.0827007 0.0866115 0.110766 0.145733 0.0935128 0.0569358 0.0249597 0.0138026 0.00621118 0.00161031 0.00115022 0 0
 0 0 0 0 0 0 0 0 0 0 0 0 0 0 0 0 0 0 0 0 0 0 0 0 0 0 0 0 0 0 0 0 0 0 0 0
 0.00147267 0.00158595 0.00478618 0.00569244 0.00954404 0.0108468 0.00647125 0.017049 0.0510054 0.094081 0.124002 0.0959785 0.0687766 0.0820023 0.061753 0.0591476 0.0492212 0.0479892 0.0443925 0.0268479 0.0217502 0.0140895 0.0121071 0.0120363 0.00920419 0.00665534 0.0049561 0.00860946 0.00930331 0.0156896 0.0114698 0.00855282 0.00243557 0.00046729 0 2.83206e-05
 0 0 0 0 0.000772559 0.00158375 0.000888443 0.00281984 0.00712685 0.0440552 0.0773331 0.111326 0.0921469 0.0852325 0.0710754 0.0886704 0.0786465 0.0553345 0.0373146 0.0185414 0.00753245 0.00457741 0.012979 0.0271748 0.0457355 0.0583668 0.034881 0.0177882 0.00938659 0.00492506 0.0015258 0.00185414 0.000309023 5.79419e-05 3.86279e-05 0
 0 0.00173294 0.00326652 0 0.00397197 0.00683976 0.00946217 0.0152591 0.00757587 0.0136028 0.0228656 0.0392903 0.0559909 0.0764795 0.0681675 0.0726916 0.0566044 0.0477403 0.0527397 0.0444891 0.0609904 0.0582453 0.0661739 0.0445044 0.0529084 0.0360697 0.0280645 0.0235558 0.0158879 0.00826598 0.00280645 0.00217768 0.000904811 0.00058276 9.20147e-05 0
 0 0 0 0 0 0 0 0 0 0 0 0 0 0 0 0 0 0 0 0 0 0 0 0 0 0 0 0 0 0 0 0 0 0 0 0
 0 0 0 0 0 0 0 0 0 0 0 0 0 0 0 0 0 0 0 0 0 0 0 0 0 0 0 0 0 0 0 0 0 0 0 0
ppred_pel_tallas
 1.0108e-16 3.42789e-05 0.000201194 0.000956397 0.0036822 0.0114826 0.0290041 0.059346 0.0983718 0.132108 0.143752 0.126783 0.0907186 0.0528694 0.0255193 0.0110048 0.005572 0.00480633 0.006004 0.00798131 0.0102605 0.0125605 0.0146258 0.0162187 0.0171588 0.0173607 0.0168497 0.015747 0.014234 0.0125066 0.0107356 0.00904358 0.0075006 0.00613408 0.00494472 0.00392134
 1.01028e-16 3.32714e-05 0.000195276 0.000928253 0.00357382 0.0111446 0.0281505 0.0575997 0.0954783 0.128226 0.139538 0.12309 0.0881265 0.0514611 0.0250302 0.0111187 0.00609906 0.00569559 0.00727971 0.00967911 0.0123854 0.0150636 0.0173962 0.0190909 0.0199353 0.0198441 0.0188771 0.0172179 0.015124 0.0128636 0.0106628 0.00867353 0.00696889 0.00555797 0.00441055 0.00348083
 1.01424e-16 2.95804e-05 0.000173601 0.000825195 0.003177 0.00990715 0.0250248 0.0512048 0.0848805 0.114001 0.124078 0.1095 0.0785019 0.0460526 0.0227954 0.0107998 0.00687963 0.00726209 0.00961574 0.0128686 0.0164976 0.0200961 0.0232516 0.0255768 0.0267867 0.026762 0.0255731 0.0234534 0.0207343 0.0177646 0.0148401 0.0121636 0.00983716 0.00788123 0.00626544 0.0049385
 1.0124e-16 3.38806e-05 0.000198855 0.000945273 0.00363937 0.011349 0.0286667 0.0586558 0.097228 0.130573 0.142085 0.125319 0.0896851 0.0522958 0.0252959 0.0109996 0.00570135 0.00504059 0.0063442 0.00843628 0.010833 0.0132399 0.0153864 0.0170213 0.0179566 0.0181076 0.0175086 0.0162967 0.0146717 0.0128461 0.0110021 0.00926634 0.00770659 0.00634275 0.00516592 0.00415574
 1.00979e-16 3.43948e-05 0.000201874 0.000959625 0.00369462 0.0115213 0.029102 0.0595464 0.0987043 0.132556 0.144242 0.127222 0.0910477 0.0530913 0.0256819 0.0111683 0.0057873 0.00510955 0.0064174 0.00851165 0.0108946 0.0132609 0.0153307 0.0168475 0.0176239 0.0175834 0.0167756 0.0153583 0.0135533 0.0115932 0.00967389 0.00792789 0.00641993 0.00515975 0.00412346 0.00327389
 1.01228e-16 3.11455e-05 0.000182792 0.000868893 0.00334526 0.0104319 0.0263501 0.0539164 0.0893742 0.120033 0.130634 0.115263 0.0825842 0.0483484 0.0237475 0.0109425 0.00656049 0.00661548 0.00864997 0.011549 0.0147948 0.0180099 0.0208207 0.0228791 0.0239297 0.0238675 0.0227589 0.0208175 0.0183449 0.0156577 0.0130239 0.0106259 0.00855453 0.00682552 0.00540836 0.00425348
 1.00881e-16 3.63777e-05 0.000213519 0.001015 0.00390783 0.0121863 0.0307814 0.0629823 0.104398 0.140197 0.152545 0.134514 0.0961994 0.0559602 0.0268172 0.0112309 0.00519807 0.00401802 0.0048166 0.00634927 0.00814046 0.00994182 0.0115442 0.0127575 0.0134405 0.0135303 0.0130543 0.0121175 0.0108727 0.00948183 0.00808351 0.00677414 0.00560466 0.0045894 0.00372029 0.00298028
 1.01149e-16 2.93131e-05 0.00017203 0.00081772 0.00314821 0.00981737 0.024798 0.050741 0.0841125 0.112972 0.122964 0.108531 0.0778374 0.0457239 0.0227458 0.0109636 0.00722874 0.00780695 0.0103834 0.0138794 0.0177467 0.0215419 0.0248121 0.0271354 0.0282077 0.0279126 0.0263472 0.0237899 0.020627 0.0172593 0.014023 0.0111429 0.00872432 0.00677464 0.00524045 0.00404346
 1.01189e-16 3.47424e-05 0.000203917 0.000969343 0.00373205 0.0116381 0.0293968 0.0601493 0.0997029 0.133894 0.145693 0.128487 0.0919212 0.0535367 0.0257785 0.0110089 0.0054173 0.00452532 0.00559239 0.00742448 0.00954988 0.0117022 0.0136445 0.0151569 0.0160722 0.0163101 0.0158916 0.0149262 0.013578 0.0120244 0.0104197 0.00887435 0.00745159 0.00617633 0.00505026 0.00406541
 1.01256e-16 3.09608e-05 0.000181707 0.000863733 0.00332539 0.0103699 0.0261936 0.0535962 0.0888437 0.119321 0.129862 0.114587 0.0821108 0.0480936 0.0236639 0.0109733 0.00667235 0.00680045 0.00891333 0.0118971 0.0152267 0.018513 0.0213694 0.0234366 0.0244539 0.0243178 0.0231041 0.0210414 0.0184487 0.0156586 0.0129501 0.0105103 0.00842806 0.0067127 0.00532458 0.00420487
 1.02699e-16 2.2364e-05 0.000131225 0.000623715 0.00240122 0.00748787 0.018914 0.0387025 0.0641609 0.086188 0.0938471 0.0829164 0.0596524 0.0354154 0.0183138 0.00998901 0.00811123 0.00988864 0.0135745 0.0183059 0.0235542 0.0288037 0.0334897 0.0370693 0.0391331 0.0394945 0.0382246 0.0356171 0.0321026 0.0281404 0.0241254 0.0203343 0.0169167 0.0139196 0.0113278 0.00910059
 1.04827e-16 2.21849e-05 0.000130181 0.00061877 0.00238221 0.00742861 0.0187642 0.0383954 0.0636495 0.0854941 0.0930733 0.0821894 0.0590351 0.0348607 0.0176838 0.00910334 0.00678308 0.00794404 0.0108731 0.0147741 0.0192255 0.0238531 0.0282448 0.0319885 0.0347475 0.0363249 0.0366911 0.0359663 0.0343674 0.032143 0.029518 0.0266649 0.0237019 0.0207096 0.0177529 0.0148957
 1.03785e-16 3.01055e-05 0.000176692 0.000839909 0.00323369 0.0100839 0.0254712 0.0521176 0.086391 0.116022 0.126257 0.111374 0.0797386 0.0465636 0.0226515 0.0100736 0.00555524 0.00524032 0.00677006 0.00911037 0.0118335 0.0146696 0.0173599 0.0196544 0.0213534 0.0223456 0.0226234 0.0222692 0.0214201 0.0202258 0.0188134 0.0172711 0.0156494 0.0139756 0.0122712 0.0105638
 1.03246e-16 2.58431e-05 0.000151657 0.000720861 0.00277528 0.00865438 0.0218604 0.0447306 0.0741507 0.0995965 0.108418 0.0957215 0.0687147 0.0404941 0.0203852 0.0102295 0.00727834 0.00826273 0.0111543 0.0149964 0.019278 0.0235586 0.0273749 0.0302876 0.0319712 0.0322857 0.0313029 0.0292746 0.026559 0.0235289 0.0204944 0.01766 0.0151207 0.0128865 0.0109208 0.00917475
 1.034e-16 2.60896e-05 0.000153107 0.000727762 0.00280186 0.00873728 0.0220698 0.0451587 0.0748592 0.100545 0.109442 0.0966042 0.0693027 0.0407494 0.0203462 0.00993804 0.00673767 0.00744021 0.0100068 0.0134992 0.0174489 0.0214743 0.0251741 0.0281597 0.0301291 0.030929 0.0305796 0.0292524 0.0272128 0.024749 0.0221106 0.0194752 0.0169453 0.0145653 0.012349 0.0103011
 1.03189e-16 2.82266e-05 0.000165656 0.000787431 0.00303161 0.00945376 0.0238795 0.0488613 0.0809953 0.108781 0.118394 0.104475 0.0748814 0.0438926 0.0216608 0.0101568 0.00633875 0.00661047 0.00875975 0.0117871 0.0152278 0.0187353 0.0219578 0.0245573 0.0262732 0.0269752 0.0266848 0.0255548 0.0238182 0.021725 0.0194888 0.0172581 0.0151144 0.013089 0.0111877 0.0094115
 1.03497e-16 2.53953e-05 0.000149029 0.000708371 0.00272719 0.00850443 0.0214817 0.0439555 0.0728655 0.0978698 0.106537 0.0940569 0.0675117 0.0397694 0.019992 0.00998777 0.00705534 0.00798499 0.01079 0.0145415 0.0187534 0.0230111 0.0268761 0.0299274 0.0318447 0.0324758 0.0318637 0.0302188 0.0278527 0.0250965 0.022231 0.0194485 0.0168493 0.0144634 0.0122831 0.0102909
 1.03454e-16 2.7813e-05 0.000163228 0.000775889 0.00298717 0.00931518 0.0235295 0.048145 0.079808 0.107187 0.116659 0.102944 0.0737843 0.0432505 0.0213461 0.010014 0.00625846 0.00653843 0.00867767 0.0116959 0.0151402 0.0186742 0.0219544 0.0246485 0.0264959 0.0273598 0.027249 0.0262986 0.0247226 0.0227536 0.020593 0.0183839 0.0162097 0.0141096 0.0121013 0.0101992
 1.03339e-16 2.71767e-05 0.00015949 0.000758112 0.00291872 0.0091017 0.0229903 0.047042 0.0779805 0.104735 0.113998 0.100614 0.0721534 0.0423731 0.0210587 0.0101219 0.0066476 0.00718316 0.00959892 0.0129192 0.0166671 0.0204664 0.0239278 0.0266793 0.0284369 0.0290646 0.0285977 0.0272181 0.0251969 0.0228211 0.020334 0.0179013 0.0156088 0.0134825 0.0115168 0.00969969
 1.02371e-16 3.19348e-05 0.000187431 0.000890961 0.00343025 0.0106969 0.0270195 0.0552856 0.0916421 0.123073 0.133929 0.118136 0.0845689 0.0493617 0.0239695 0.0105834 0.00572222 0.00528631 0.00676349 0.00904691 0.0116743 0.014354 0.0168102 0.0187822 0.0200698 0.0205739 0.0203128 0.0194064 0.0180369 0.0163996 0.0146616 0.012939 0.0112953 0.00975418 0.0083186 0.00698668
 1.0204e-16 2.97254e-05 0.000174454 0.000829254 0.00319264 0.00995591 0.0251479 0.0514566 0.0852974 0.114559 0.124682 0.110023 0.0788558 0.0462178 0.0227985 0.0106705 0.00662521 0.0068674 0.00905598 0.0121237 0.0155644 0.018997 0.0220385 0.0243296 0.0256043 0.025749 0.024824 0.0230385 0.0206903 0.0180913 0.0155039 0.0131045 0.0109794 0.00914285 0.00756747 0.0062116
 1.02759e-16 2.59037e-05 0.000152013 0.000722556 0.00278181 0.00867474 0.0219119 0.0448357 0.0743246 0.0998293 0.108669 0.095938 0.0688586 0.0405562 0.0203749 0.0101577 0.00714712 0.00806696 0.0108882 0.0146613 0.0188879 0.0231439 0.0269804 0.0299674 0.0317781 0.0322587 0.031456 0.0295906 0.0269892 0.0240012 0.0209265 0.017975 0.0152608 0.0128221 0.0106531 0.0087322
 1.03029e-16 2.88101e-05 0.000169083 0.000803725 0.00309436 0.00964943 0.0243737 0.0498724 0.0826707 0.11103 0.120836 0.106619 0.0763934 0.0447293 0.0219818 0.0101537 0.00613231 0.00624181 0.00822515 0.0110719 0.0143274 0.0176662 0.0207606 0.0232946 0.0250201 0.0258071 0.0256635 0.024718 0.023175 0.0212574 0.0191597 0.0170216 0.014926 0.0129135 0.0110031 0.00920929
 1.03401e-16 2.56537e-05 0.000150546 0.000715583 0.00275496 0.00859102 0.0217004 0.044403 0.0736073 0.0988657 0.10762 0.0950109 0.0681916 0.0401599 0.0201697 0.0100454 0.00705592 0.0079567 0.0107392 0.014465 0.0186443 0.0228616 0.0266789 0.0296766 0.0315369 0.0321114 0.0314472 0.0297592 0.027363 0.0245926 0.0217302 0.0189678 0.0164034 0.0140634 0.0119359 0.00999888
pSPR Fmed_Fpbrs
0.448098   0.341349 0.341349
Fs Fmed_Fpbrs
0.64   1.005 1.005
SSBpbr Bo_Bmed_Bpbrs
1.43279e+06  570391  417443 417443
Ro
45681.6
SPR SPRFo_SPRFmed_SPRFpbrs
939944 421187 320849
log_Ro
10.5495
likeval ReclasPelacesDesembMPH_pf_preclas_ppelaces_ptallas_desvR_qrecl_qpela
 0.0011496 25.0243 0.00964039 11.1075 300.765 178.678 47.3283 0 14.029 4.87001e-05 0 0 0 0 0
q_reclas_q_pelaces
0.37199 1
M
0.7
N
 34231.2 10684.7 3987.67 471.23 0.300008
 37431.6 15038 2621.04 978.209 115.67
 15529.2 16477.6 3732.53 650.559 271.508
 20870.1 5907.02 1764.67 399.736 98.7491
 43049.1 9585.99 1872.39 559.362 158.009
 41307.2 21097.4 4412.23 861.825 330.191
 96776.4 18175 5222.3 1092.17 295.064
 77574.8 45095.8 6258.79 1798.36 477.711
 140662 35281.9 13506 1874.48 681.672
 156167 63829.5 10429.3 3992.37 755.597
 75004.8 73499.6 23278.6 3803.57 1731.58
 48555.3 34002.8 21606.4 6843.11 1627.14
 60702.6 22288.2 10738.9 6823.82 2675.11
 30447.2 26935.3 5791.55 2790.49 2468.28
 19913.1 13007.1 5625.95 1209.67 1098.39
 21677.7 8830.41 3367.69 1456.63 597.586
 18485.2 10269.8 3344.39 1275.46 778.002
 23225.9 8803.54 4009.18 1305.6 801.644
 25884.5 11184.5 3662.84 1668.08 876.751
 48889.4 12520.9 4775.66 1564 1086.62
 65318.4 23622.7 5312.28 2026.17 1124.58
 64325 32040.8 10931.4 2458.24 1458
 94222.1 31442.5 14529.3 4956.97 1775.87
 89611.4 45811.2 13826.6 6389.16 2960.72
pred_Ctot
 2859.65 4046.85 1510.34 178.479 0.113629
 3077.66 5626.35 980.643 365.989 43.2771
 2653.79 10102.9 2288.51 398.875 166.469
 1131.48 1576.47 470.956 106.682 26.3542
 406.087 506.233 98.8805 29.5397 8.34439
 3408.91 7915.98 1655.52 323.367 123.892
 4305.32 4091.79 1175.71 245.884 66.4283
 4716.96 13248.9 1838.79 528.346 140.349
 8765.82 10578.3 4049.39 562.009 204.38
 5884.01 12409.6 2027.65 776.187 146.902
 4722.13 22222.8 7038.35 1150.02 523.548
 2653.1 9134.82 5804.54 1838.4 437.131
 4677.22 7927.95 3819.85 2427.25 951.542
 3086.12 11784.4 2533.85 1220.86 1079.89
 1542.46 4645.87 2009.48 432.072 392.324
 718.911 1530.78 583.801 252.511 103.594
 545.729 1601.51 521.538 198.901 121.325
 506.611 1037.12 472.311 153.81 94.4395
 482.832 1137.13 372.403 169.594 89.1397
 950.071 1323.24 504.7 165.286 114.836
 572.997 1162.36 261.391 99.6979 55.3349
 725.208 2011.5 686.263 154.327 91.5323
 1418.21 2606.6 1204.49 410.935 147.22
 1506.79 4220.97 1273.96 588.686 272.795
F
 0.122555 0.705239 0.705239 0.705239 0.705239
 0.120514 0.693495 0.693495 0.693495 0.693495
 0.266582 1.53404 1.53404 1.53404 1.53404
 0.0780133 0.448924 0.448924 0.448924 0.448924
 0.0131934 0.075921 0.075921 0.075921 0.075921
 0.120986 0.69621 0.69621 0.69621 0.69621
 0.0636139 0.366063 0.366063 0.366063 0.366063
 0.0878721 0.505656 0.505656 0.505656 0.505656
 0.0901474 0.518749 0.518749 0.518749 0.518749
 0.0536422 0.308682 0.308682 0.308682 0.308682
 0.0911106 0.524292 0.524292 0.524292 0.524292
 0.0786468 0.45257 0.45257 0.45257 0.45257
 0.112549 0.647657 0.647657 0.647657 0.647657
 0.150501 0.866049 0.866049 0.866049 0.866049
 0.113176 0.651267 0.651267 0.651267 0.651267
 0.0470798 0.270919 0.270919 0.270919 0.270919
 0.0418142 0.240618 0.240618 0.240618 0.240618
 0.030744 0.176915 0.176915 0.176915 0.176915
 0.0262395 0.150994 0.150994 0.150994 0.150994
 0.0273497 0.157383 0.157383 0.157383 0.157383
 0.0122643 0.0705741 0.0705741 0.0705741 0.0705741
 0.0157864 0.0908419 0.0908419 0.0908419 0.0908419
 0.0211255 0.121566 0.121566 0.121566 0.121566
 0.0236259 0.135954 0.135954 0.135954 0.135954
Np
 40329.7 16817.9 7899.95 3609.52 1287.44
YTP_r0W_actual
 83453.4 419799 183385 110933 62829.7
YTP_p0W_proyectada
 38497.2 452758 300723 115911 85203
 38497.2 175202 119638 69808.7 27631.4
CTP_r0_actual
 10431.7 22094.7 6668.56 3081.48 1427.95
CTP_p0_proyectada
 4694.79 20961 9577.18 2890.56 1914.67
 4694.79 8111.22 3810.13 1740.87 620.931
Wmedp
 8.2 21.6 31.4 40.1 44.5
nmprior
 10.8 10.6 4.6 0
nm_flota  nm_reclas  nm_pelaces    nm_pelaL
inf 20.12 16.3958 28.6866
cv_recla  cv_pelaces  cv_mph
1.04636 0.588634 0.471329
 ------------------------------------------------
Talla a la edad & desviaci?n 
 7.2 14.2025 17.0495 18.207 18.6776
 1.08 2.13037 2.55742 2.73105 2.80164
