years
 1997 1998 1999 2000 2001 2002 2003 2004 2005 2006 2007 2008 2009 2010 2011 2012 2013 2014 2015 2016 2017 2018 2019 2020 2021
reclasobs
 0 0 0 370054 412103 1.49427e+06 250295 1.28982e+06 931140 785840 897777 1.04006e+06 184774 17550 25797 100020 73551 82996 120727 218422 84188 347160 605670 569463 516374
reclaspred
 409661 93950.3 151593 78608.8 147980 157448 534300 389544 579001 750731 650974 456156 331857 174279 122020 106208 108930 136670 138459 220258 375087 329923 530520 706529 836403
pelacesobs
 0 0 0 0 0 0 0 0 0 2.06254e+06 1.5e+06 0 1.87456e+06 323000 250000 174000 83755 137374 0 501740 490994 745055 786931 1.00524e+06 1.33801e+06
pelacespred
 637925 112337 111672 88787.6 156517 109724 622309 430225 648454 825652 631702 464820 347748 151987 106835 99842.6 106870 133306 136453 214483 414453 354862 468644 693588 805233
mphobs
 0 0 0 0 0 0 112323 0 153150 637223 0 255016 313432 73983 77613 109348 50772 17779 17303 59886 28197 0 207744 136588 643089
mphpred
 434540 221189 188786 112061 121983 227210 364829 600560 562173 808434 1.038e+06 757249 480646 320235 169049 134690 125173 151634 184776 200854 373890 513826 572568 813070 1.08729e+06
desembarqueobs
 350755 77701 442110 56441 14545 235359 269955 359681 431902 328805 639364 411747 362871 311530 167758 66681 60226 58785 57116 73181 50977 67692 138656 160484 209506
desembarquepred
 350761 77700.8 442128 56449.9 14545.3 235407 269940 359611 431722 328715 639416 411816 362843 311800 167872 66711.2 60258.8 58790.8 57110.3 73170.9 50974.9 67687.4 138655 160474 209493
Reclutas
 32527.2 35568.2 12455.4 15848.1 33387 30059.4 74625.3 59320.8 115854 153802 67247.6 45088.9 60845.1 27246 15915.2 14922.4 11821 13510.3 15364.3 33950.4 48665.1 42803.6 76952.2 108902 41887.7
log_desv_Rt
 -0.120898 -0.0315227 -1.08082 -0.839925 -0.0948085 -0.1998 0.709504 0.479983 1.14936 1.43269 0.605405 0.205661 0.505355 -0.298068 -0.835701 -0.900113 -1.1331 -0.999527 -0.870932 -0.0780744 0.281986 0.153647 0.740209 1.08748 0.132017
SSB
 434540 221189 188786 112061 121983 227210 352474 591851 546344 790858 1.038e+06 757249 495678 332426 180700 145821 141310 164432 190330 217236 383049 513826 587889 798984 1.16408e+06
BT
 1.42332e+06 334648 437999 219560 292488 378795 1.30681e+06 1.15574e+06 1.5541e+06 1.78607e+06 1.6904e+06 1.20385e+06 973366 564673 331622 234585 242643 286236 293752 443187 783007 699096 937915 1.37366e+06 1.60401e+06
Ftot
 0.76397 0.77056 1.86354 0.662348 0.111253 1.08246 0.621012 0.823486 0.88228 0.452861 0.67032 0.602801 0.909067 1.21532 1.02714 0.455502 0.427934 0.334261 0.299773 0.310729 0.118902 0.139557 0.189762 0.18565 0.157202
BD_Bspro_t
 0.908928 0.612516 0.457042 0.206775 0.321433 0.521721 0.48634 0.570535 0.514 0.557176 0.592852 0.442196 0.34695 0.294344 0.20383 0.203409 0.26086 0.376918 0.475533 0.56886 0.718734 0.815733 0.808358 0.808111 0.82165
BD_Bspro
 0.575751 0.293068 0.250135 0.148477 0.161624 0.301045 0.467016 0.784182 0.723887 1.04786 1.37531 1.00333 0.656756 0.440454 0.239421 0.193208 0.18723 0.217867 0.252181 0.28783 0.507526 0.680802 0.778934 1.05863 1.54237
BD_Bo
 0.410185 0.208792 0.178205 0.10578 0.115146 0.214475 0.332718 0.558678 0.515721 0.746531 0.97982 0.714806 0.467895 0.313794 0.170572 0.137648 0.133389 0.155216 0.179662 0.20506 0.361579 0.485026 0.554938 0.754202 1.09883
BD_Brms
 1.37595 0.700385 0.597781 0.354834 0.386254 0.719448 1.11609 1.87407 1.72997 2.50421 3.28677 2.39779 1.56954 1.05261 0.572177 0.461736 0.447449 0.520665 0.602671 0.687866 1.2129 1.627 1.86152 2.52994 3.686
S_f
 0.152371 1 1 1 1
 0.152371 1 1 1 1
 0.152371 1 1 1 1
 0.152371 1 1 1 1
 0.152371 1 1 1 1
 0.152371 1 1 1 1
 0.152371 1 1 1 1
 0.152371 1 1 1 1
 0.152371 1 1 1 1
 0.152371 1 1 1 1
 0.152371 1 1 1 1
 0.152371 1 1 1 1
 0.152371 1 1 1 1
 0.152371 1 1 1 1
 0.152371 1 1 1 1
 0.152371 1 1 1 1
 0.152371 1 1 1 1
 0.152371 1 1 1 1
 0.152371 1 1 1 1
 0.152371 1 1 1 1
 0.152371 1 1 1 1
 0.152371 1 1 1 1
 0.152371 1 1 1 1
 0.152371 1 1 1 1
 0.152371 1 1 1 1
Scru_reclas
 0.925349 1 1 1 1
 0.925349 1 1 1 1
 0.925349 1 1 1 1
 0.925349 1 1 1 1
 0.925349 1 1 1 1
 0.925349 1 1 1 1
 0.925349 1 1 1 1
 0.925349 1 1 1 1
 0.925349 1 1 1 1
 0.925349 1 1 1 1
 0.925349 1 1 1 1
 0.925349 1 1 1 1
 0.925349 1 1 1 1
 0.925349 1 1 1 1
 0.925349 1 1 1 1
 0.925349 1 1 1 1
 0.925349 1 1 1 1
 0.925349 1 1 1 1
 0.925349 1 1 1 1
 0.925349 1 1 1 1
 0.925349 1 1 1 1
 0.925349 1 1 1 1
 0.925349 1 1 1 1
 0.925349 1 1 1 1
 0.925349 1 1 1 1
Scru_pelaces
 1 1 1 1 1
 1 1 1 1 1
 1 1 1 1 1
 1 1 1 1 1
 1 1 1 1 1
 1 1 1 1 1
 1 1 1 1 1
 1 1 1 1 1
 1 1 1 1 1
 1 1 1 1 1
 1 1 1 1 1
 1 1 1 1 1
 1 1 1 1 1
 1 1 1 1 1
 1 1 1 1 1
 1 1 1 1 1
 1 1 1 1 1
 1 1 1 1 1
 1 1 1 1 1
 1 1 1 1 1
 1 1 1 1 1
 1 1 1 1 1
 1 1 1 1 1
 1 1 1 1 1
 1 1 1 1 1
pf_obs 
 0.256992 0.487395 0.22802 0.0275931 0
 0.321318 0.546541 0.124235 0.00734118 0.000564706
 0.182869 0.594174 0.210203 0.0122559 0.00049798
 0.330522 0.361315 0.267642 0.0388342 0.00168674
 0.649043 0.306663 0.0425973 0.00169635 0
 0.582887 0.30429 0.105238 0.00758474 0
 0.465427 0.430635 0.0974691 0.00646863 0
 0.296916 0.608066 0.0921331 0.00288517 0
 0.311714 0.524322 0.152257 0.0117073 0
 0.15457 0.633149 0.183074 0.0267441 0.00246327
 0.131901 0.49318 0.331252 0.0422183 0.00144891
 0.196976 0.569456 0.194076 0.0375587 0.00193317
 0.518974 0.381816 0.0799577 0.0180837 0.00116848
 0.0928022 0.601141 0.25162 0.0475244 0.00691264
 0.122501 0.610282 0.24278 0.0234846 0.000952079
 0.383417 0.481906 0.127806 0.00687128 0
 0.0376549 0.599619 0.316969 0.0457579 0
 0.0361596 0.667082 0.258105 0.0386534 0
 0.158088 0.579412 0.248529 0.0139706 0
 0.0477256 0.309471 0.559284 0.082774 0.000745712
 0.0406174 0.521527 0.379366 0.0568643 0.0016247
 0.151134 0.462217 0.34131 0.0453401 0
 0.294876 0.26143 0.354403 0.0886775 0.000613685
 0.281977 0.475581 0.204845 0.0348837 0.00271318
 0.0841818 0.532909 0.334909 0.0458182 0.00218182
pf_pred 
 0.307154 0.487842 0.18322 0.0217722 1.14783e-05
 0.284898 0.57944 0.0955211 0.035875 0.00426531
 0.14498 0.678797 0.142792 0.0235394 0.00989182
 0.329907 0.504858 0.13118 0.0275951 0.00646069
 0.378707 0.508243 0.0851735 0.0221311 0.00574547
 0.245732 0.609733 0.118236 0.0198145 0.0064851
 0.468303 0.419318 0.0908445 0.017616 0.00391839
 0.239832 0.674477 0.0675799 0.0146411 0.00347062
 0.410308 0.447177 0.126449 0.0126697 0.00339553
 0.324529 0.592513 0.0629085 0.0177888 0.00226004
 0.126494 0.6966 0.15518 0.0164758 0.00525079
 0.138394 0.491484 0.295163 0.0657527 0.00920598
 0.266256 0.430779 0.17282 0.103788 0.0263576
 0.156827 0.66675 0.103578 0.0415532 0.0312925
 0.174901 0.574645 0.19805 0.0307664 0.0216379
 0.217428 0.549299 0.162465 0.055993 0.0148158
 0.174296 0.573978 0.17669 0.0522592 0.0227767
 0.210384 0.498062 0.20267 0.0623888 0.026495
 0.215975 0.527563 0.161768 0.065826 0.0288689
 0.349515 0.440013 0.141625 0.0434267 0.0254209
 0.279231 0.579444 0.095598 0.0307697 0.014958
 0.174206 0.602067 0.17986 0.0296737 0.0141939
 0.265005 0.438635 0.216069 0.0645478 0.0157431
 0.256678 0.536391 0.123494 0.0608322 0.0226052
 0.0839593 0.652627 0.190083 0.0437629 0.029568
pobs_RECLAS
 0 0 0 0 0
 0 0 0 0 0
 0 0 0 0 0
 0 0 0 0 0
 0.835266 0.146461 0.0176864 0.000547809 3.91292e-05
 0.385257 0.428462 0.181853 0.0044286 0
 0.867414 0.0963971 0.0333333 0.00285562 0
 0.441836 0.489002 0.0689373 0.000224442 0
 0.779404 0.147425 0.0564933 0.0165055 0.000172143
 0.814271 0.122319 0.05973 0.00367925 0
 0.40263 0.566651 0.0304383 0.000280538 0
 0.475488 0.404961 0.113038 0.00651328 0
 0.955842 0.0263864 0.0167828 0.000988607 0
 0.975058 0.0227948 0.00214734 0 0
 0.738997 0.206755 0.0527124 0.00153531 0
 0.850938 0.134255 0.0134407 0.00136685 0
 0.542534 0.407297 0.0501686 0 0
 0.764087 0.199537 0.0359546 0.000420521 0
 0.470689 0.182191 0.310203 0.0369168 0
 0.84361 0.089868 0.0606195 0.00523954 0.000663233
 0.607945 0.314616 0.071237 0.00620181 0
 0.523733 0.453247 0.0230204 0 0
 0.530135 0.295979 0.169645 0.0042399 0
 0.562478 0.366248 0.0663022 0.0049721 0
 0.250443 0.683176 0.0655157 0.000865301 0
ppred_RECLAS
 0.740878 0.182452 0.0685236 0.00814274 4.29285e-06
 0.71999 0.22689 0.0374029 0.0140475 0.00167016
 0.562059 0.347679 0.0731381 0.0120568 0.00506658
 0.758566 0.1819 0.047264 0.00994249 0.00232778
 0.788309 0.173172 0.0290209 0.00754064 0.00195764
 0.685768 0.254018 0.0492576 0.0082548 0.00270172
 0.848438 0.119528 0.0258955 0.0050215 0.00111695
 0.671929 0.291089 0.0291659 0.00631874 0.00149784
 0.819733 0.136701 0.0386551 0.00387309 0.001038
 0.750462 0.218891 0.0232402 0.00657167 0.000834924
 0.48049 0.414297 0.0922917 0.00979882 0.00312286
 0.504729 0.282516 0.169667 0.0377962 0.00529181
 0.704052 0.17375 0.069705 0.0418617 0.0106311
 0.559177 0.348587 0.0541518 0.0217246 0.0163602
 0.585047 0.288996 0.0996016 0.0154728 0.010882
 0.634974 0.256217 0.0757806 0.0261176 0.00691076
 0.568701 0.299812 0.0922926 0.0272972 0.0118972
 0.622938 0.237838 0.0967802 0.0297923 0.012652
 0.63014 0.248875 0.0763131 0.0310531 0.0136188
 0.768832 0.156371 0.0503303 0.0154329 0.00903405
 0.703071 0.238708 0.0393827 0.0126759 0.0061621
 0.563496 0.318245 0.0950715 0.0156851 0.0075027
 0.68879 0.185726 0.0914874 0.0273307 0.00666592
 0.679399 0.23135 0.0532638 0.0262374 0.00974979
 0.35958 0.456263 0.13289 0.0305954 0.0206715
pobs_PELACES
 0 0 0 0 0
 0 0 0 0 0
 0 0 0 0 0
 0 0 0 0 0
 0 0 0 0 0
 0 0 0 0 0
 0 0 0 0 0
 0 0 0 0 0
 0 0 0 0 0
 0 0 0 0 0
 0.450072 0.473896 0.0757376 0.000293798 0
 0 0 0 0 0
 0.463077 0.371075 0.160297 0.00555027 0
 0.529543 0.364841 0.0842815 0.0213345 0
 0.631943 0.363953 0.00410389 0 0
 0.735681 0.248677 0.0153453 0.000297389 0
 0.695825 0.281241 0.0229344 0 0
 0.275771 0.60734 0.115278 0.00161068 0
 0 0 0 0 0
 0.896147 0.0623911 0.0374545 0.00400742 0
 0.803859 0.145111 0.0509908 3.86294e-05 0
 0.739449 0.233085 0.0266225 0.000797448 4.60066e-05
 0.878498 0.100942 0.0204185 0.000141795 0
 0.694673 0.275183 0.0284847 0.00165964 0
 0.469039 0.446079 0.0841089 0.000773354 0
ppred_PELACES
 0.792788 0.145901 0.0547961 0.00651148 3.43285e-06
 0.775134 0.182207 0.0300368 0.011281 0.00134124
 0.700226 0.237989 0.0500636 0.00825301 0.00346812
 0.803401 0.148121 0.0384869 0.00809614 0.00189551
 0.805881 0.158797 0.0266119 0.0069147 0.00179514
 0.761473 0.192819 0.0373904 0.00626604 0.00205082
 0.878008 0.0962082 0.0208433 0.00404181 0.000899033
 0.735916 0.234314 0.0234774 0.00508633 0.0012057
 0.86282 0.104027 0.0294158 0.00294735 0.000789901
 0.786732 0.187076 0.0198623 0.0056165 0.00071357
 0.546616 0.361563 0.0805444 0.00855158 0.00272537
 0.565893 0.247627 0.148713 0.0331285 0.00463829
 0.768264 0.136051 0.0545811 0.032779 0.00832444
 0.658216 0.27027 0.0419856 0.0168438 0.0126846
 0.670053 0.229794 0.0791977 0.0123031 0.00865274
 0.681052 0.223874 0.0662146 0.0228207 0.00603839
 0.616291 0.26673 0.0821088 0.0242851 0.0105845
 0.662201 0.213072 0.0867024 0.02669 0.0113346
 0.666912 0.224131 0.0687258 0.0279657 0.0122648
 0.79677 0.137473 0.0442476 0.0135677 0.00794223
 0.725679 0.220533 0.0363841 0.0117108 0.00569293
 0.591938 0.297508 0.0888767 0.0146631 0.00701383
 0.716087 0.169435 0.0834628 0.0249335 0.00608124
 0.706931 0.211482 0.0486897 0.0239842 0.00891251
 0.388023 0.435999 0.126988 0.0292366 0.0197534
pobs_pel_tallas
 0 0 0 0 0 0 0 0 0 0 0 0 0 0 0 0 0 0 0 0 0 0 0 0 0 0 0 0 0 0 0 0 0 0 0 0
 0 0 0 0 0 0 0 0 0 0 0 0 0 0 0 0 0 0 0 0 0 0 0 0 0 0 0 0 0 0 0 0 0 0 0 0
 0 0 0 0 0 0 0 0 0 0 0 0 0 0 0 0 0 0 0 0 0 0 0 0 0 0 0 0 0 0 0 0 0 0 0 0
 0 0 0 0 0 0 0 0 0 0 0 0 0 0 0 0 0 0 0 0 0 0 0 0 0 0 0 0 0 0 0 0 0 0 0 0
 0 0 0 0 0 0 0 0 0 0 0 0 0 0 0 0 0 0 0 0 0 0 0 0 0 0 0 0 0 0 0 0 0 0 0 0
 0 0 0 0 0 0 0 0 0 0 0 0 0 0 0 0 0 0 0 0 0 0 0 0 0 0 0 0 0 0 0 0 0 0 0 0
 0 0 0 0 0 0 0 0 0 0 0 0 0 0 0 0 0 0 0 0 0 0 0 0 0 0 0 0 0 0 0 0 0 0 0 0
 0 0 0 0 0 0 0 0 0 0 0 0 0 0 0 0 0 0 0 0 0 0 0 0 0 0 0 0 0 0 0 0 0 0 0 0
 0 0 0 0 0 0 0 0 0 0 0 0 0 0 0 0 0 0 0 0 0 0 0 0 0 0 0 0 0 0 0 0 0 0 0 0
 0 0 0 0 0 0 0 0 0 0 0 0 0 0 0 0 0 0 0 0 0 0 0 0 0 0 0 0 0 0 0 0 0 0 0 0
 0 0 0 0 0 0 0 0 1.78061e-05 0.00172719 0.00360574 0.0105946 0.0120993 0.0124554 0.0147524 0.0171206 0.0266825 0.0428682 0.0675386 0.121331 0.153587 0.119568 0.100827 0.0573624 0.0630603 0.0341343 0.0324427 0.0444173 0.0211091 0.0280891 0.0125444 0.00206551 0 0 0 0
 0 0 0 0 0 0 0 0 0 0 0 0 0 0 0 0 0 0 0 0 0 0 0 0 0 0 0 0 0 0 0 0 0 0 0 0
 0 0 0 0 0 0 0.0133647 0.0140871 0.0187388 0.0205184 0.03894 0.0496705 0.03968 0.0493445 0.0407372 0.0367815 0.0215668 0.0243155 0.0234873 0.0199281 0.019796 0.0243948 0.0301388 0.0376714 0.0412746 0.0863199 0.0771752 0.113111 0.0741005 0.0525337 0.0229764 0.00759418 0.00175318 0 0 0
 0 0 0 0 0 0 0 0 0 0 0.00219441 0.00772107 0.0458388 0.0604681 0.0671733 0.0775358 0.0609151 0.0617685 0.073594 0.0568108 0.0755445 0.0548602 0.0670107 0.0636378 0.0643287 0.046367 0.0373049 0.0286899 0.0247887 0.0153202 0.00654259 0.00121912 0.000365735 0 0 0
 0 0 0 0 0 0 0 0 0 0 0 0 0.000112435 0.00938835 0.0111873 0.0202946 0.0414886 0.0713402 0.111592 0.104902 0.108894 0.110636 0.117776 0.105296 0.107544 0.0401394 0.0192827 0.0124803 0.00416011 0.0028671 0.000618394 0 0 0 0 0
 0 0 0 0 0 0 0 0 0 0 0.00291406 0.0102884 0.027416 0.0768956 0.0749926 0.110853 0.0956884 0.0897413 0.0766577 0.0534642 0.0500743 0.0551293 0.0594112 0.0620874 0.0668451 0.0424026 0.0208742 0.0120726 0.0048766 0.00582813 0.00118941 0.000297354 0 0 0 0
 0 0.00264628 0.0354308 0.0461629 0.0458689 0.0383711 0.0214643 0.0164657 0.0346957 0.0420465 0.0363128 0.0245516 0.0311673 0.0291091 0.0169068 0.0133784 0.00837989 0.0085269 0.0148486 0.0160247 0.0276389 0.0546898 0.0760071 0.122758 0.109233 0.0665981 0.0333725 0.0166128 0.00676272 0.00308733 0.000882094 0 0 0 0 0
 0 0 0 0 0 0 0 0.000805153 0.000690131 0.00759144 0.0133425 0.0154129 0.00931677 0.000345066 0.00356568 0.00563607 0.00851162 0.0253048 0.0502646 0.0516448 0.0657925 0.0565908 0.0611916 0.0827007 0.0866115 0.110766 0.145733 0.0935128 0.0569358 0.0249597 0.0138026 0.00621118 0.00161031 0.00115022 0 0
 0 0 0 0 0 0 0 0 0 0 0 0 0 0 0 0 0 0 0 0 0 0 0 0 0 0 0 0 0 0 0 0 0 0 0 0
 0.00147267 0.00158595 0.00478618 0.00569244 0.00954404 0.0108468 0.00647125 0.017049 0.0510054 0.094081 0.124002 0.0959785 0.0687766 0.0820023 0.061753 0.0591476 0.0492212 0.0479892 0.0443925 0.0268479 0.0217502 0.0140895 0.0121071 0.0120363 0.00920419 0.00665534 0.0049561 0.00860946 0.00930331 0.0156896 0.0114698 0.00855282 0.00243557 0.00046729 0 2.83206e-05
 0 0 0 0 0.000772559 0.00158375 0.000888443 0.00281984 0.00712685 0.0440552 0.0773331 0.111326 0.0921469 0.0852325 0.0710754 0.0886704 0.0786465 0.0553345 0.0373146 0.0185414 0.00753245 0.00457741 0.012979 0.0271748 0.0457355 0.0583668 0.034881 0.0177882 0.00938659 0.00492506 0.0015258 0.00185414 0.000309023 5.79419e-05 3.86279e-05 0
 0 0.00173294 0.00326652 0 0.00397197 0.00683976 0.00946217 0.0152591 0.00757587 0.0136028 0.0228656 0.0392903 0.0559909 0.0764795 0.0681675 0.0726916 0.0566044 0.0477403 0.0527397 0.0444891 0.0609904 0.0582453 0.0661739 0.0445044 0.0529084 0.0360697 0.0280645 0.0235558 0.0158879 0.00826598 0.00280645 0.00217768 0.000904811 0.00058276 9.20147e-05 0
 0 0 0 0 0 0 0 0 0 0 0 0 0 0 0 0 0 0 0 0 0 0 0 0 0 0 0 0 0 0 0 0 0 0 0 0
 0 0 0 0 0 0 0 0 0 0 0 0 0 0 0 0 0 0 0 0 0 0 0 0 0 0 0 0 0 0 0 0 0 0 0 0
 0 0 0 0 0 0 0 0 0 0 0 0 0 0 0 0 0 0 0 0 0 0 0 0 0 0 0 0 0 0 0 0 0 0 0 0
ppred_pel_tallas
 1.0105e-16 3.4588e-05 0.000203009 0.000965027 0.00371543 0.0115862 0.0292659 0.0598816 0.0992593 0.133299 0.145047 0.127921 0.0915242 0.0533217 0.0257053 0.0110296 0.00550373 0.00467088 0.00580248 0.00770657 0.00990691 0.0121286 0.0141247 0.0156654 0.0165766 0.0167759 0.016287 0.0152267 0.0137698 0.012105 0.0103967 0.00876333 0.00727249 0.00595086 0.00479943 0.00380775
 1.00937e-16 3.38196e-05 0.000198495 0.000943559 0.00363276 0.0113284 0.0286147 0.0585495 0.0970523 0.130339 0.141834 0.125108 0.0895573 0.0522671 0.0253671 0.0111744 0.00599629 0.00548253 0.00696028 0.00924183 0.01182 0.014369 0.0165842 0.0181857 0.018971 0.0188596 0.0179103 0.0163007 0.0142791 0.0121041 0.00999281 0.00809138 0.00646942 0.00513464 0.00405655 0.00318952
 1.01234e-16 3.05555e-05 0.000179327 0.00085242 0.00328183 0.0102341 0.0258505 0.0528941 0.0876802 0.117759 0.128163 0.113092 0.0810494 0.0474907 0.0234024 0.0109117 0.0067169 0.00691274 0.00908874 0.0121446 0.0155577 0.0189359 0.0218866 0.0240434 0.0251376 0.0250586 0.0238769 0.0218177 0.0191995 0.0163566 0.0135722 0.0110395 0.0088549 0.00703549 0.00554915 0.00434322
 1.00962e-16 3.50508e-05 0.000205726 0.000977944 0.00376516 0.0117413 0.0296576 0.0606831 0.100588 0.135083 0.146988 0.129632 0.0927461 0.0540293 0.0260378 0.0111564 0.00554149 0.00467373 0.00578467 0.00766278 0.00982203 0.0119815 0.0138907 0.0153195 0.0160978 0.0161518 0.0155184 0.0143298 0.0127758 0.0110573 0.00934549 0.00775861 0.00635791 0.00515851 0.0041471 0.00329883
 1.00752e-16 3.51593e-05 0.000206363 0.000980967 0.0037768 0.0117776 0.0297493 0.0608707 0.100899 0.135502 0.147446 0.13004 0.093049 0.0542269 0.0261723 0.0112803 0.00569797 0.0048924 0.00608356 0.00804839 0.0102867 0.0125004 0.0144211 0.0158043 0.0164734 0.0163583 0.015511 0.0140874 0.012305 0.0103909 0.00853597 0.00686897 0.00545159 0.00429096 0.00336025 0.00261882
 1.00905e-16 3.32243e-05 0.000195 0.000926938 0.00356876 0.0111288 0.0281106 0.0575182 0.0953432 0.128045 0.139342 0.122918 0.0880069 0.0513983 0.0250128 0.0111334 0.00613887 0.00576049 0.00737346 0.00980588 0.0125473 0.0152589 0.0176186 0.0193292 0.0201741 0.0200658 0.0190642 0.0173553 0.0152005 0.0128737 0.0106067 0.00855696 0.00680209 0.00535436 0.00418506 0.00324835
 1.00509e-16 3.83018e-05 0.000224818 0.00106872 0.00411468 0.0128313 0.0324107 0.0663158 0.109922 0.147613 0.160606 0.141603 0.101227 0.0587991 0.028017 0.0114553 0.00488266 0.003337 0.00378818 0.00493535 0.00630357 0.00767214 0.008871 0.00975023 0.0102008 0.0101774 0.00970803 0.00888293 0.00783015 0.00668419 0.00555917 0.00453309 0.00364509 0.00290261 0.00229336 0.00179681
 1.00641e-16 3.21116e-05 0.000188463 0.000895854 0.00344906 0.0107556 0.0271678 0.0555894 0.0921474 0.123757 0.134686 0.118837 0.0851422 0.0498395 0.0244669 0.0112502 0.00670785 0.00672508 0.00876135 0.0116591 0.0148764 0.018017 0.0206916 0.0225426 0.0233153 0.022917 0.0214394 0.0191298 0.0163276 0.0133837 0.0105915 0.00814591 0.00613584 0.00456295 0.00337366 0.00249114
 1.0059e-16 3.76399e-05 0.000220931 0.00105024 0.00404353 0.0126094 0.0318503 0.0651691 0.108022 0.145062 0.157833 0.139164 0.0994959 0.05782 0.0275999 0.0113711 0.0049803 0.00355575 0.00412131 0.00539632 0.00690684 0.00842404 0.0097656 0.0107684 0.011312 0.0113435 0.0108882 0.0100385 0.00892808 0.00769892 0.00647291 0.00533521 0.00433117 0.00347349 0.00275439 0.00215713
 1.0057e-16 3.43254e-05 0.000201465 0.000957675 0.00368711 0.0114979 0.0290428 0.0594255 0.0985044 0.132289 0.143957 0.126981 0.0908979 0.0530503 0.0257482 0.0113429 0.00608531 0.00555786 0.00704432 0.00933443 0.0119076 0.0144271 0.0165787 0.0180762 0.0187156 0.0184222 0.0172675 0.0154474 0.0132308 0.010896 0.00867592 0.00672518 0.00511466 0.0038463 0.00287857 0.00215181
 1.01683e-16 2.38625e-05 0.000140021 0.000665531 0.00256222 0.00798993 0.0201822 0.0412974 0.0684621 0.0919644 0.100132 0.0884596 0.063618 0.0377247 0.0194238 0.0104567 0.00832542 0.0100384 0.0137209 0.0184454 0.0236472 0.0287837 0.0332674 0.0365415 0.0381961 0.0380614 0.0362429 0.0330822 0.0290637 0.0246972 0.0204165 0.0165194 0.0131572 0.0103603 0.00808313 0.00624736
 1.03547e-16 2.46986e-05 0.00014494 0.000688938 0.00265238 0.00827113 0.0208923 0.0427495 0.070866 0.095183 0.103609 0.0914655 0.0656371 0.0386364 0.0193709 0.00959662 0.0066864 0.00752326 0.0101871 0.0137955 0.0179043 0.0221432 0.0261147 0.0294256 0.0317596 0.0329383 0.0329487 0.0319248 0.0300966 0.0277245 0.0250445 0.0222369 0.0194231 0.0166789 0.0140563 0.011599
 1.02335e-16 3.35181e-05 0.00019673 0.000935175 0.00360049 0.0112278 0.0283605 0.0580291 0.0961885 0.129175 0.140559 0.123961 0.0886874 0.051662 0.0248927 0.010661 0.00529438 0.00447652 0.005569 0.00742601 0.00959882 0.0118363 0.0139142 0.0156223 0.0167969 0.0173536 0.0173 0.0167231 0.0157585 0.0145521 0.0132283 0.0118731 0.0105342 0.00923171 0.00797358 0.00676755
 1.01856e-16 2.87249e-05 0.000168577 0.000801307 0.00308502 0.00962031 0.0243003 0.0497225 0.0824241 0.110704 0.120496 0.106353 0.0762773 0.0448107 0.0222979 0.0107592 0.00711104 0.0076966 0.0102508 0.0137206 0.0175733 0.021379 0.0246973 0.0271171 0.0283393 0.0282457 0.0269231 0.0246329 0.0217387 0.0186179 0.0155853 0.0128492 0.0105053 0.0085591 0.0069621 0.00564646
 1.02027e-16 2.92395e-05 0.000171602 0.000815694 0.00314043 0.0097931 0.0247367 0.0506152 0.0839026 0.112686 0.122644 0.108226 0.0775696 0.0454685 0.022438 0.0105186 0.00655674 0.0068231 0.00901947 0.0121014 0.015576 0.0190721 0.0222136 0.0246434 0.0260906 0.0264285 0.0256978 0.0240839 0.0218614 0.0193243 0.0167262 0.0142456 0.0119803 0.00996426 0.00819233 0.00664443
 1.0208e-16 2.97189e-05 0.000174417 0.000829078 0.00319196 0.00995381 0.0251426 0.0514457 0.085279 0.114534 0.124652 0.109992 0.0788219 0.0461754 0.0227361 0.0105727 0.00647465 0.00664684 0.00875156 0.0117296 0.0150876 0.0184611 0.0214845 0.0238121 0.0251839 0.0254813 0.024749 0.0231723 0.0210217 0.0185843 0.0161047 0.013752 0.0116148 0.00971854 0.00805139 0.00658866
 1.02582e-16 2.68968e-05 0.000157844 0.000750282 0.00288856 0.00900766 0.0227528 0.0465562 0.077176 0.103657 0.11283 0.0995983 0.0714566 0.0420276 0.021005 0.0102914 0.00701209 0.00775592 0.0104127 0.0140021 0.0180236 0.0220641 0.0256919 0.0284955 0.0301642 0.0305552 0.0297194 0.0278749 0.0253414 0.0224585 0.019516 0.0167145 0.0141598 0.0118831 0.00987233 0.00810016
 1.02747e-16 2.88965e-05 0.000169589 0.00080613 0.00310361 0.00967829 0.0244467 0.0500217 0.0829184 0.111363 0.121201 0.106946 0.0766379 0.0448933 0.0221008 0.0102725 0.00628884 0.00646376 0.00853082 0.0114694 0.0148113 0.0182143 0.0213328 0.0238356 0.0254665 0.0260972 0.0257482 0.0245695 0.0227913 0.0206623 0.0183976 0.0161495 0.0140046 0.0119995 0.0101429 0.00843616
 1.02583e-16 2.91023e-05 0.000170797 0.000811869 0.0031257 0.00974718 0.0246207 0.0503778 0.083509 0.112157 0.122067 0.107714 0.0771972 0.0452388 0.0223035 0.0104203 0.00644858 0.00667564 0.00881481 0.0118297 0.0152361 0.0186734 0.0217782 0.0242056 0.0256948 0.0261244 0.0255339 0.0241008 0.0220867 0.0197684 0.017381 0.0150854 0.0129652 0.0110439 0.0093123 0.00775142
 1.01511e-16 3.47612e-05 0.000204027 0.000969868 0.00373407 0.0116444 0.0294127 0.060182 0.0997569 0.133967 0.145771 0.128554 0.0919653 0.0535549 0.025773 0.0109818 0.00536726 0.00444724 0.00547933 0.00726977 0.00934929 0.0114559 0.0133586 0.0148442 0.0157518 0.0160065 0.0156318 0.0147369 0.0134825 0.0120398 0.0105544 0.00912711 0.00781108 0.00662253 0.00555669 0.00460225
 1.01257e-16 3.16646e-05 0.00018584 0.000883388 0.00340107 0.0106059 0.0267897 0.0548158 0.0908648 0.122034 0.132809 0.117176 0.0839421 0.049117 0.0240758 0.0110103 0.00648616 0.00644651 0.008391 0.0111882 0.014319 0.0174116 0.020102 0.0220525 0.0230183 0.0229021 0.0217748 0.019851 0.0174298 0.0148228 0.0122913 0.0100101 0.00806183 0.00645449 0.00515038 0.00409417
 1.02191e-16 2.58362e-05 0.000151615 0.000720659 0.0027745 0.00865194 0.0218543 0.0447181 0.0741302 0.0995698 0.108391 0.0957033 0.0687135 0.0405173 0.0204414 0.0103312 0.0074435 0.00851385 0.0115153 0.0154879 0.0199116 0.0243312 0.0282639 0.031249 0.032941 0.0331847 0.032045 0.0297765 0.02675 0.0233597 0.0199436 0.0167373 0.0138664 0.0113676 0.00922328 0.00739365
 1.02381e-16 3.12444e-05 0.000183378 0.00087169 0.00335605 0.0104655 0.0264351 0.0540898 0.0896601 0.120412 0.131034 0.115587 0.0827532 0.0483201 0.0234983 0.0104355 0.00573062 0.00537768 0.00692298 0.00928592 0.0120136 0.0148166 0.0174169 0.0195482 0.0210011 0.0216641 0.0215413 0.0207382 0.0194243 0.0177867 0.01599 0.0141545 0.0123543 0.0106283 0.00899669 0.00747469
 1.02001e-16 3.08468e-05 0.00018104 0.000860567 0.00331321 0.0103319 0.0260976 0.0533996 0.0885173 0.118881 0.129378 0.114148 0.0817722 0.047846 0.0234509 0.010723 0.00631842 0.00628859 0.00820319 0.0109678 0.0140861 0.0172064 0.0199826 0.022091 0.0232914 0.0234797 0.0227073 0.021159 0.0190985 0.0168022 0.0145023 0.012355 0.0104363 0.00875963 0.0073025 0.0060309
 1.03873e-16 1.69502e-05 9.94331e-05 0.000472554 0.00181918 0.00567279 0.0143294 0.0293227 0.0486163 0.0653228 0.0711696 0.0629801 0.0455271 0.0274663 0.0150069 0.00947199 0.00917674 0.0120651 0.0168253 0.0227427 0.0292709 0.0357961 0.0416233 0.0460816 0.0486666 0.049151 0.0476273 0.0444632 0.0401935 0.0353851 0.0305208 0.0259338 0.0217977 0.0181593 0.0149904 0.0122355
pSPR Fmed_Fpbrs
0.453947   0.34811 0.34811
Fs Fmed_Fpbrs
0.64   1.005 1.005
SSBpbr Bo_Bmed_Bpbrs
1.05938e+06  427932  315811 315811
Ro
36707.3
SPR SPRFo_SPRFmed_SPRFpbrs
754736 342610 262731
log_Ro
10.3307
likeval ReclasPelacesDesembMPH_pf_preclas_ppelaces_ptallas_desvR_qrecl_qpela
 0.00112581 44.7188 0.0108292 61.895 313.369 185.602 50.9233 0 18.3415 1.87792e-05 0 0 0 0 0
q_reclas_q_pelaces
0.541141 1
M
0.7
N
 32527.2 10246.4 3848.25 457.292 0.241084
 35568.2 14377.6 2370.15 890.162 105.835
 12455.4 15706 3303.93 544.654 228.877
 15848.1 4656.24 1209.85 254.506 59.5861
 33387 7114.46 1192.27 309.794 80.426
 30059.4 16300.8 3160.96 529.727 173.375
 74625.3 12657.4 2742.2 531.751 118.279
 59320.8 33712.1 3377.81 731.797 173.47
 115854 25984.1 7347.57 736.197 197.304
 153802 50294.6 5339.89 1509.97 191.84
 67247.6 71283.4 15879.6 1685.97 537.316
 45088.9 30151.8 18107.8 4033.83 564.773
 60845.1 20425.6 8194.33 4921.15 1249.76
 27246 26306.5 4086.63 1639.47 1234.64
 15915.2 11242.8 3874.8 601.938 423.341
 14922.4 6758.28 1998.88 688.908 182.286
 11821 6913.38 2128.18 629.446 274.338
 13510.3 5499.58 2237.87 688.894 292.556
 15364.3 6375.85 1955.04 795.538 348.895
 33950.4 7289.01 2346.08 719.382 421.109
 48665.1 16079.7 2652.86 853.863 415.086
 42803.6 23732.5 7089.78 1169.69 559.5
 76952.2 20808.4 10250.1 3062.09 746.839
 108902 37124.3 8547.14 4210.27 1564.53
 41887.7 52571 15311.7 3525.23 2381.79
pred_Ctot
 2587.85 4110.2 1543.67 183.436 0.0967075
 2852.97 5802.5 956.546 359.251 42.7127
 2250.7 10537.8 2216.75 365.432 153.563
 1100.51 1684.11 437.592 92.0522 21.5517
 403.988 542.171 90.8593 23.6084 6.12902
 3318.4 8233.93 1596.68 267.578 87.5758
 4871.97 4362.36 945.097 183.268 40.7648
 5067.3 14250.7 1427.87 309.344 73.3292
 10562.1 11511.2 3255.05 326.143 87.4076
 7404.42 13518.7 1435.31 405.866 51.5649
 4723.46 26011.9 5794.61 615.226 196.071
 2860.79 10159.6 6101.42 1359.2 190.3
 5705.47 9230.93 3703.26 2224.02 564.804
 3347.88 14233.5 2211.13 887.06 668.019
 1673.21 5497.42 1894.67 294.331 207.002
 722.465 1825.2 539.835 186.052 49.2298
 538.659 1773.87 546.059 161.506 70.3911
 483.887 1145.55 466.144 143.495 60.9389
 494.652 1208.29 370.5 150.763 66.1192
 1132.15 1425.29 458.752 140.668 82.3437
 629.017 1305.3 215.352 69.3141 33.6955
 648.464 2241.13 669.51 110.457 52.8353
 1579.88 2615 1288.13 384.814 93.8555
 2187.99 4572.35 1052.69 518.551 192.693
 713.98 5549.86 1616.44 372.155 251.443
F
 0.116407 0.76397 0.76397 0.76397 0.76397
 0.117411 0.77056 0.77056 0.77056 0.77056
 0.28395 1.86354 1.86354 1.86354 1.86354
 0.100922 0.662348 0.662348 0.662348 0.662348
 0.0169517 0.111253 0.111253 0.111253 0.111253
 0.164935 1.08246 1.08246 1.08246 1.08246
 0.0946242 0.621012 0.621012 0.621012 0.621012
 0.125475 0.823486 0.823486 0.823486 0.823486
 0.134434 0.88228 0.88228 0.88228 0.88228
 0.0690029 0.452861 0.452861 0.452861 0.452861
 0.102137 0.67032 0.67032 0.67032 0.67032
 0.0918493 0.602801 0.602801 0.602801 0.602801
 0.138515 0.909067 0.909067 0.909067 0.909067
 0.18518 1.21532 1.21532 1.21532 1.21532
 0.156506 1.02714 1.02714 1.02714 1.02714
 0.0694053 0.455502 0.455502 0.455502 0.455502
 0.0652046 0.427934 0.427934 0.427934 0.427934
 0.0509316 0.334261 0.334261 0.334261 0.334261
 0.0456766 0.299773 0.299773 0.299773 0.299773
 0.047346 0.310729 0.310729 0.310729 0.310729
 0.0181171 0.118902 0.118902 0.118902 0.118902
 0.0212644 0.139557 0.139557 0.139557 0.139557
 0.0289142 0.189762 0.189762 0.189762 0.189762
 0.0282877 0.18565 0.18565 0.18565 0.18565
 0.023953 0.157202 0.157202 0.157202 0.157202
Np
 30957.2 13190.2 3691.53 4055.05 1395.75
YTP_r0W_actual
 48329.1 557808 243699 69878.8 49165.8
YTP_p0W_proyectada
 26150.5 211567 337842 125663 45730
 26150.5 137411 55905.1 78425.3 29956
CTP_r0_actual
 4315.1 25354.9 7384.83 1700.21 1148.73
CTP_p0_proyectada
 3189.08 9794.76 10759.3 3133.74 1027.64
 3189.08 6361.6 1780.42 1955.74 673.169
Wmedp
 8.2 21.6 31.4 40.1 44.5
nmprior
 10.8 10.6 4.6 0
nm_flota  nm_reclas  nm_pelaces    nm_pelaL
inf 18.1316 20.7329 51.4822
cv_recla  cv_pelaces  cv_mph
1.01166 0.758258 1.091
 ------------------------------------------------
Talla a la edad & desviaci?n 
 7.2 14.2025 17.0495 18.207 18.6776
 1.08 2.13037 2.55742 2.73105 2.80164
