years
 1997 1998 1999 2000 2001 2002 2003 2004 2005 2006 2007 2008 2009 2010 2011 2012 2013 2014 2015 2016 2017 2018 2019 2020 2021 2022
reclasobs
 0 0 0 370054 412103 1.49427e+06 250295 1.28982e+06 931140 785840 897777 1.04006e+06 184774 17550 25797 100020 73551 82996 120727 218422 84188 347160 605670 569463 516374 1.08416e+06
reclaspred
 872333 170343 348848 157251 217656 272242 706497 587927 899613 1.18472e+06 1.20069e+06 874980 569000 320398 220240 192800 194333 252099 268093 373171 620866 600637 908362 1.09521e+06 1.4263e+06 1.20416e+06
pelacesobs
 0 0 0 0 0 0 0 0 0 2.06254e+06 1.5e+06 0 1.87456e+06 323000 250000 174000 83755 137374 0 501740 490994 745055 786931 1.00524e+06 1.33801e+06 1.41789e+06
pelacespred
 505130 160958 108720 102925 126191 108442 372711 352083 510779 695632 622250 475815 315048 154964 103619 99836.8 103641 131120 146961 195623 354647 366037 430664 589128 737488 698735
mphobs
 0 0 0 0 0 0 112323 0 153150 637223 0 255016 313432 73983 77613 109348 50772 17779 17303 59886 28197 0 207744 136588 643089 65757
mphpred
 629989 320185 249955 171218 151992 250287 391504 622818 641091 987782 1.1845e+06 894394 585561 368269 202006 158956 147661 182908 228730 250500 436904 582026 636935 863517 1.11601e+06 1.05985e+06
desembarqueobs
 350755 77701 442110 56441 14545 235359 269955 359681 431902 328805 639364 411747 362871 311530 167758 66681 60226 58785 57116 73181 50977 67692 138656 160484 209506 203330
desembarquepred
 350765 77703.2 442171 56446.3 14545.2 235405 269935 359616 431755 328721 639372 411789 362866 311769 167857 66708.2 60251.2 58790.3 57111.6 73172.2 50974.6 67688.1 138653 160475 209499 203320
Reclutas
 34720.5 34572.9 16407.9 16269.2 32696.3 34434.1 74323.7 66423.2 143895 157211 76477.4 48398.8 57762.2 30965 17948.7 16634.9 14199.4 16535.6 18351.4 38053.1 54016.9 46136.1 78529.5 111617 40080.5 39819.1
log_desv_Rt
 -0.141963 -0.146223 -0.891531 -0.900024 -0.202032 -0.150246 0.619136 0.506752 1.27979 1.36829 0.647701 0.19018 0.36704 -0.256437 -0.801779 -0.877792 -1.0361 -0.883778 -0.77959 -0.0503131 0.300003 0.142301 0.674179 1.02578 0.00159536 -0.00494868
SSB
 629989 320185 249955 171218 151992 250287 379794 615080 627038 969146 1.1845e+06 894394 600729 379995 213520 170763 164610 196830 234999 268777 447188 582026 653274 849177 1.19364e+06 1.16525e+06
BT
 1.69344e+06 437787 542892 285519 322435 406999 1.32599e+06 1.20787e+06 1.82538e+06 1.99036e+06 1.89233e+06 1.36771e+06 1.05878e+06 620352 374299 267725 281745 341587 356075 521313 891625 782792 1.01422e+06 1.43703e+06 1.62354e+06 1.53849e+06
Ftot
 0.384555 0.434792 1.12266 0.344387 0.065279 0.796717 0.367226 0.577477 0.458796 0.267919 0.503657 0.447055 0.599129 0.886467 0.708493 0.331978 0.298396 0.225546 0.206215 0.190183 0.0801203 0.109734 0.1483 0.142466 0.142698 0.163802
BD_Bspro_t
 0.945915 0.697148 0.533755 0.277908 0.364186 0.548216 0.495536 0.571751 0.545142 0.596484 0.614878 0.473747 0.384743 0.31769 0.22657 0.222958 0.282839 0.406253 0.512119 0.60404 0.73219 0.819822 0.81282 0.805895 0.8115 0.760727
BD_Bspro
 0.762222 0.38739 0.30242 0.207156 0.183895 0.302821 0.459512 0.744183 0.758651 1.17257 1.43312 1.08212 0.72682 0.459754 0.258337 0.206605 0.199161 0.238144 0.284325 0.325193 0.541052 0.704192 0.790394 1.02742 1.44419 1.40984
BD_Bo
 0.387278 0.196829 0.153657 0.105254 0.0934354 0.15386 0.233474 0.378113 0.385464 0.59577 0.728153 0.549817 0.36929 0.233597 0.131259 0.104974 0.101192 0.120999 0.144463 0.165227 0.274903 0.357793 0.401592 0.522021 0.733778 0.716326
BD_Brms
 1.88239 0.956702 0.746858 0.511594 0.454149 0.747848 1.13481 1.83784 1.87357 2.89578 3.53923 2.67242 1.79496 1.13541 0.63799 0.510233 0.491848 0.588123 0.70217 0.803098 1.33618 1.73908 1.95196 2.53731 3.56657 3.48174
S_f
 0.5 1 1 1 1
 0.5 1 1 1 1
 0.5 1 1 1 1
 0.5 1 1 1 1
 0.5 1 1 1 1
 0.5 1 1 1 1
 0.5 1 1 1 1
 0.5 1 1 1 1
 0.5 1 1 1 1
 0.5 1 1 1 1
 0.5 1 1 1 1
 0.5 1 1 1 1
 0.5 1 1 1 1
 0.5 1 1 1 1
 0.5 1 1 1 1
 0.5 1 1 1 1
 0.5 1 1 1 1
 0.5 1 1 1 1
 0.5 1 1 1 1
 0.5 1 1 1 1
 0.5 1 1 1 1
 0.5 1 1 1 1
 0.5 1 1 1 1
 0.5 1 1 1 1
 0.5 1 1 1 1
 0.5 1 1 1 1
Scru_reclas
 0.5 1 1 1 1
 0.5 1 1 1 1
 0.5 1 1 1 1
 0.5 1 1 1 1
 0.5 1 1 1 1
 0.5 1 1 1 1
 0.5 1 1 1 1
 0.5 1 1 1 1
 0.5 1 1 1 1
 0.5 1 1 1 1
 0.5 1 1 1 1
 0.5 1 1 1 1
 0.5 1 1 1 1
 0.5 1 1 1 1
 0.5 1 1 1 1
 0.5 1 1 1 1
 0.5 1 1 1 1
 0.5 1 1 1 1
 0.5 1 1 1 1
 0.5 1 1 1 1
 0.5 1 1 1 1
 0.5 1 1 1 1
 0.5 1 1 1 1
 0.5 1 1 1 1
 0.5 1 1 1 1
 0.5 1 1 1 1
Scru_pelaces
 0.5 1 1 1 1
 0.5 1 1 1 1
 0.5 1 1 1 1
 0.5 1 1 1 1
 0.5 1 1 1 1
 0.5 1 1 1 1
 0.5 1 1 1 1
 0.5 1 1 1 1
 0.5 1 1 1 1
 0.5 1 1 1 1
 0.5 1 1 1 1
 0.5 1 1 1 1
 0.5 1 1 1 1
 0.5 1 1 1 1
 0.5 1 1 1 1
 0.5 1 1 1 1
 0.5 1 1 1 1
 0.5 1 1 1 1
 0.5 1 1 1 1
 0.5 1 1 1 1
 0.5 1 1 1 1
 0.5 1 1 1 1
 0.5 1 1 1 1
 0.5 1 1 1 1
 0.5 1 1 1 1
 0.5 1 1 1 1
pf_obs 
 0.256992 0.487395 0.22802 0.0275931 0
 0.321318 0.546541 0.124235 0.00734118 0.000564706
 0.182869 0.594174 0.210203 0.0122559 0.00049798
 0.330522 0.361315 0.267642 0.0388342 0.00168674
 0.649043 0.306663 0.0425973 0.00169635 0
 0.582887 0.30429 0.105238 0.00758474 0
 0.465427 0.430635 0.0974691 0.00646863 0
 0.296916 0.608066 0.0921331 0.00288517 0
 0.311714 0.524322 0.152257 0.0117073 0
 0.15457 0.633149 0.183074 0.0267441 0.00246327
 0.131901 0.49318 0.331252 0.0422183 0.00144891
 0.196976 0.569456 0.194076 0.0375587 0.00193317
 0.518974 0.381816 0.0799577 0.0180837 0.00116848
 0.0928022 0.601141 0.25162 0.0475244 0.00691264
 0.122501 0.610282 0.24278 0.0234846 0.000952079
 0.383417 0.481906 0.127806 0.00687128 0
 0.0376549 0.599619 0.316969 0.0457579 0
 0.0361596 0.667082 0.258105 0.0386534 0
 0.158088 0.579412 0.248529 0.0139706 0
 0.0477256 0.309471 0.559284 0.082774 0.000745712
 0.0406174 0.521527 0.379366 0.0568643 0.0016247
 0.151134 0.462217 0.34131 0.0453401 0
 0.294876 0.26143 0.354403 0.0886775 0.000613685
 0.281977 0.475581 0.204845 0.0348837 0.00271318
 0.0841818 0.532909 0.334909 0.0458182 0.00218182
 0.115287 0.27431 0.454777 0.147771 0.00785563
pf_pred 
 0.462531 0.379436 0.141317 0.0167093 6.46109e-06
 0.466764 0.350907 0.128718 0.0479398 0.00567057
 0.327995 0.44708 0.148017 0.0542948 0.0226134
 0.522192 0.277491 0.133269 0.0441219 0.0229254
 0.632937 0.259571 0.062427 0.0299814 0.0150836
 0.499512 0.389576 0.0784323 0.018863 0.0136169
 0.714996 0.2045 0.0626638 0.0126159 0.00522443
 0.507737 0.417465 0.0536697 0.0164457 0.00468208
 0.694484 0.216902 0.0751493 0.00966125 0.00380328
 0.551297 0.376329 0.0513821 0.0178022 0.00318963
 0.310917 0.500485 0.158177 0.0215968 0.00882322
 0.315027 0.350262 0.243103 0.0768321 0.014776
 0.464832 0.273889 0.133605 0.0927301 0.0349434
 0.368741 0.42599 0.105053 0.0512456 0.0489704
 0.38788 0.370286 0.163196 0.0402456 0.0383926
 0.46548 0.326334 0.125937 0.0555043 0.0267455
 0.415329 0.384237 0.122368 0.0472238 0.030842
 0.464657 0.325256 0.138066 0.04397 0.028051
 0.459157 0.351173 0.115237 0.0489161 0.0255168
 0.607903 0.252101 0.0909003 0.0298288 0.0192668
 0.550623 0.344218 0.0676128 0.0243792 0.0131673
 0.395888 0.431828 0.131968 0.0259218 0.0143948
 0.517991 0.277062 0.146499 0.0447705 0.0136775
 0.523633 0.329411 0.0844712 0.0446648 0.0178197
 0.217951 0.54427 0.164426 0.0421638 0.0311892
 0.290144 0.260687 0.312601 0.0944377 0.0421302
pobs_RECLAS
 0 0 0 0 0
 0 0 0 0 0
 0 0 0 0 0
 0 0 0 0 0
 0.835266 0.146461 0.0176864 0.000547809 3.91292e-05
 0.385257 0.428462 0.181853 0.0044286 0
 0.867414 0.0963971 0.0333333 0.00285562 0
 0.441836 0.489002 0.0689373 0.000224442 0
 0.779404 0.147425 0.0564933 0.0165055 0.000172143
 0.814271 0.122319 0.05973 0.00367925 0
 0.40263 0.566651 0.0304383 0.000280538 0
 0.475488 0.404961 0.113038 0.00651328 0
 0.955842 0.0263864 0.0167828 0.000988607 0
 0.975058 0.0227948 0.00214734 0 0
 0.738997 0.206755 0.0527124 0.00153531 0
 0.850938 0.134255 0.0134407 0.00136685 0
 0.542534 0.407297 0.0501686 0 0
 0.764087 0.199537 0.0359546 0.000420521 0
 0.470689 0.182191 0.310203 0.0369168 0
 0.84361 0.089868 0.0606195 0.00523954 0.000663233
 0.607945 0.314616 0.071237 0.00620181 0
 0.523733 0.453247 0.0230204 0 0
 0.530135 0.295979 0.169645 0.0042399 0
 0.562478 0.366248 0.0663022 0.0049721 0
 0.250443 0.683176 0.0655157 0.000865301 0
 0.195077 0.31981 0.436473 0.0351445 0.0134964
ppred_RECLAS
 0.466407 0.3767 0.140298 0.0165888 6.41449e-06
 0.471313 0.347914 0.12762 0.0475308 0.00562219
 0.343458 0.436793 0.144611 0.0530455 0.0220931
 0.52557 0.27553 0.132327 0.04381 0.0227633
 0.633406 0.25924 0.0623473 0.0299431 0.0150643
 0.509982 0.381426 0.0767914 0.0184684 0.013332
 0.71798 0.202359 0.0620077 0.0124838 0.00516972
 0.514406 0.41181 0.0529426 0.0162229 0.00461865
 0.698628 0.21396 0.0741302 0.00953024 0.0037517
 0.553751 0.374271 0.0511011 0.0177049 0.00317219
 0.31569 0.497019 0.157082 0.0214472 0.0087621
 0.31913 0.348164 0.241647 0.076372 0.0146875
 0.471821 0.270312 0.13186 0.0915191 0.034487
 0.38019 0.418264 0.103148 0.0503162 0.0480823
 0.396329 0.365175 0.160944 0.0396902 0.0378627
 0.468699 0.324368 0.125179 0.0551701 0.0265844
 0.418082 0.382428 0.121792 0.0470015 0.0306968
 0.466665 0.324036 0.137548 0.0438051 0.0279458
 0.460959 0.350003 0.114853 0.0487531 0.0254317
 0.609475 0.251091 0.0905359 0.0297092 0.0191895
 0.551245 0.343741 0.0675193 0.0243454 0.0131491
 0.396735 0.431222 0.131783 0.0258854 0.0143746
 0.519229 0.276351 0.146123 0.0446555 0.0136424
 0.524815 0.328594 0.0842616 0.044554 0.0177755
 0.218761 0.543706 0.164255 0.0421202 0.0311569
 0.291289 0.260267 0.312097 0.0942854 0.0420623
pobs_PELACES
 0 0 0 0 0
 0 0 0 0 0
 0 0 0 0 0
 0 0 0 0 0
 0 0 0 0 0
 0 0 0 0 0
 0 0 0 0 0
 0 0 0 0 0
 0 0 0 0 0
 0 0 0 0 0
 0.450072 0.473896 0.0757376 0.000293798 0
 0 0 0 0 0
 0.463077 0.371075 0.160297 0.00555027 0
 0.529543 0.364841 0.0842815 0.0213345 0
 0.631943 0.363953 0.00410389 0 0
 0.735681 0.248677 0.0153453 0.000297389 0
 0.695825 0.281241 0.0229344 0 0
 0.275771 0.60734 0.115278 0.00161068 0
 0 0 0 0 0
 0.896147 0.0623911 0.0374545 0.00400742 0
 0.803859 0.145111 0.0509908 3.86294e-05 0
 0.739449 0.233085 0.0266225 0.000797448 4.60066e-05
 0.878498 0.100942 0.0204185 0.000141795 0
 0.694673 0.275183 0.0284847 0.00165964 0
 0.469039 0.446079 0.0841089 0.000773354 0
 0.822795 0.102175 0.0682046 0.00682512 0
ppred_PELACES
 0.482227 0.365532 0.136138 0.0160969 6.22432e-06
 0.489219 0.336131 0.123298 0.045921 0.00543178
 0.38635 0.408257 0.135163 0.04958 0.0206497
 0.539715 0.267315 0.128382 0.0425038 0.0220847
 0.635903 0.257474 0.0619225 0.0297392 0.0149617
 0.542743 0.355925 0.0716574 0.0172336 0.0124407
 0.730085 0.193673 0.0593461 0.011948 0.00494782
 0.538157 0.391668 0.0503531 0.0154294 0.00439275
 0.714323 0.202817 0.0702696 0.00903391 0.00355632
 0.564647 0.365132 0.0498534 0.0172725 0.00309473
 0.333912 0.483784 0.152899 0.0208761 0.00852879
 0.335367 0.339861 0.235884 0.0745507 0.0143373
 0.496506 0.257679 0.125698 0.087242 0.0328753
 0.415208 0.394633 0.0973199 0.0474734 0.0453657
 0.424608 0.348068 0.153404 0.0378308 0.036089
 0.482359 0.316028 0.12196 0.0537516 0.0259009
 0.430106 0.374525 0.119276 0.0460303 0.0300625
 0.475938 0.318403 0.135156 0.0430435 0.0274599
 0.469424 0.344507 0.113049 0.0479875 0.0250324
 0.616917 0.246305 0.0888104 0.029143 0.0188238
 0.554513 0.341238 0.0670276 0.0241682 0.0130533
 0.401076 0.428119 0.130835 0.0256991 0.0142711
 0.525334 0.272841 0.144267 0.0440885 0.0134691
 0.530674 0.324543 0.0832228 0.0440047 0.0175564
 0.222812 0.540887 0.163404 0.0419018 0.0309953
 0.2969 0.258206 0.309626 0.0935389 0.0417293
pobs_pel_tallas
 0 0 0 0 0 0 0 0 0 0 0 0 0 0 0 0 0 0 0 0 0 0 0 0 0 0 0 0 0 0 0 0 0 0 0 0
 0 0 0 0 0 0 0 0 0 0 0 0 0 0 0 0 0 0 0 0 0 0 0 0 0 0 0 0 0 0 0 0 0 0 0 0
 0 0 0 0 0 0 0 0 0 0 0 0 0 0 0 0 0 0 0 0 0 0 0 0 0 0 0 0 0 0 0 0 0 0 0 0
 0 0 0 0 0 0 0 0 0 0 0 0 0 0 0 0 0 0 0 0 0 0 0 0 0 0 0 0 0 0 0 0 0 0 0 0
 0 0 0 0 0 0 0 0 0 0 0 0 0 0 0 0 0 0 0 0 0 0 0 0 0 0 0 0 0 0 0 0 0 0 0 0
 0 0 0 0 0 0 0 0 0 0 0 0 0 0 0 0 0 0 0 0 0 0 0 0 0 0 0 0 0 0 0 0 0 0 0 0
 0 0 0 0 0 0 0 0 0 0 0 0 0 0 0 0 0 0 0 0 0 0 0 0 0 0 0 0 0 0 0 0 0 0 0 0
 0 0 0 0 0 0 0 0 0 0 0 0 0 0 0 0 0 0 0 0 0 0 0 0 0 0 0 0 0 0 0 0 0 0 0 0
 0 0 0 0 0 0 0 0 0 0 0 0 0 0 0 0 0 0 0 0 0 0 0 0 0 0 0 0 0 0 0 0 0 0 0 0
 0 0 0 0 0 0 0 0 0 0 0 0 0 0 0 0 0 0 0 0 0 0 0 0 0 0 0 0 0 0 0 0 0 0 0 0
 0 0 0 0 0 0 0 0 1.78061e-05 0.00172719 0.00360574 0.0105946 0.0120993 0.0124554 0.0147524 0.0171206 0.0266825 0.0428682 0.0675386 0.121331 0.153587 0.119568 0.100827 0.0573624 0.0630603 0.0341343 0.0324427 0.0444173 0.0211091 0.0280891 0.0125444 0.00206551 0 0 0 0
 0 0 0 0 0 0 0 0 0 0 0 0 0 0 0 0 0 0 0 0 0 0 0 0 0 0 0 0 0 0 0 0 0 0 0 0
 0 0 0 0 0 0 0.0133647 0.0140871 0.0187388 0.0205184 0.03894 0.0496705 0.03968 0.0493445 0.0407372 0.0367815 0.0215668 0.0243155 0.0234873 0.0199281 0.019796 0.0243948 0.0301388 0.0376714 0.0412746 0.0863199 0.0771752 0.113111 0.0741005 0.0525337 0.0229764 0.00759418 0.00175318 0 0 0
 0 0 0 0 0 0 0 0 0 0 0.00219441 0.00772107 0.0458388 0.0604681 0.0671733 0.0775358 0.0609151 0.0617685 0.073594 0.0568108 0.0755445 0.0548602 0.0670107 0.0636378 0.0643287 0.046367 0.0373049 0.0286899 0.0247887 0.0153202 0.00654259 0.00121912 0.000365735 0 0 0
 0 0 0 0 0 0 0 0 0 0 0 0 0.000112435 0.00938835 0.0111873 0.0202946 0.0414886 0.0713402 0.111592 0.104902 0.108894 0.110636 0.117776 0.105296 0.107544 0.0401394 0.0192827 0.0124803 0.00416011 0.0028671 0.000618394 0 0 0 0 0
 0 0 0 0 0 0 0 0 0 0 0.00291406 0.0102884 0.027416 0.0768956 0.0749926 0.110853 0.0956884 0.0897413 0.0766577 0.0534642 0.0500743 0.0551293 0.0594112 0.0620874 0.0668451 0.0424026 0.0208742 0.0120726 0.0048766 0.00582813 0.00118941 0.000297354 0 0 0 0
 0 0.00264628 0.0354308 0.0461629 0.0458689 0.0383711 0.0214643 0.0164657 0.0346957 0.0420465 0.0363128 0.0245516 0.0311673 0.0291091 0.0169068 0.0133784 0.00837989 0.0085269 0.0148486 0.0160247 0.0276389 0.0546898 0.0760071 0.122758 0.109233 0.0665981 0.0333725 0.0166128 0.00676272 0.00308733 0.000882094 0 0 0 0 0
 0 0 0 0 0 0 0 0.000805153 0.000690131 0.00759144 0.0133425 0.0154129 0.00931677 0.000345066 0.00356568 0.00563607 0.00851162 0.0253048 0.0502646 0.0516448 0.0657925 0.0565908 0.0611916 0.0827007 0.0866115 0.110766 0.145733 0.0935128 0.0569358 0.0249597 0.0138026 0.00621118 0.00161031 0.00115022 0 0
 0 0 0 0 0 0 0 0 0 0 0 0 0 0 0 0 0 0 0 0 0 0 0 0 0 0 0 0 0 0 0 0 0 0 0 0
 0.00147267 0.00158595 0.00478618 0.00569244 0.00954404 0.0108468 0.00647125 0.017049 0.0510054 0.094081 0.124002 0.0959785 0.0687766 0.0820023 0.061753 0.0591476 0.0492212 0.0479892 0.0443925 0.0268479 0.0217502 0.0140895 0.0121071 0.0120363 0.00920419 0.00665534 0.0049561 0.00860946 0.00930331 0.0156896 0.0114698 0.00855282 0.00243557 0.00046729 0 2.83206e-05
 0 0 0 0 0.000772559 0.00158375 0.000888443 0.00281984 0.00712685 0.0440552 0.0773331 0.111326 0.0921469 0.0852325 0.0710754 0.0886704 0.0786465 0.0553345 0.0373146 0.0185414 0.00753245 0.00457741 0.012979 0.0271748 0.0457355 0.0583668 0.034881 0.0177882 0.00938659 0.00492506 0.0015258 0.00185414 0.000309023 5.79419e-05 3.86279e-05 0
 0 0.00173294 0.00326652 0 0.00397197 0.00683976 0.00946217 0.0152591 0.00757587 0.0136028 0.0228656 0.0392903 0.0559909 0.0764795 0.0681675 0.0726916 0.0566044 0.0477403 0.0527397 0.0444891 0.0609904 0.0582453 0.0661739 0.0445044 0.0529084 0.0360697 0.0280645 0.0235558 0.0158879 0.00826598 0.00280645 0.00217768 0.000904811 0.00058276 9.20147e-05 0
 0 0 0 0 0 0 0 0 0 0 0 0 0 0 0 0 0 0 0 0 0 0 0 0 0 0 0 0 0 0 0 0 0 0 0 0
 0 0 0 0 0 0 0 0 0 0 0 0 0 0 0 0 0 0 0 0 0 0 0 0 0 0 0 0 0 0 0 0 0 0 0 0
 0 0 0 0 0 0 0 0 0 0 0 0 0 0 0 0 0 0 0 0 0 0 0 0 0 0 0 0 0 0 0 0 0 0 0 0
 0 0 0 0 0 0 0 0 0 0 0 0 0 0 0 0 0 0 0 0 0 0 0 0 0 0 0 0 0 0 0 0 0 0 0 0
ppred_pel_tallas
 1.02606e-16 2.10551e-05 0.000123539 0.00058717 0.00226051 0.00704906 0.0178056 0.0364348 0.0604027 0.0811431 0.0883631 0.0780932 0.0562304 0.0334804 0.0174912 0.0098264 0.00831162 0.0103337 0.0142537 0.0192494 0.0247947 0.0303579 0.0353491 0.0391971 0.0414667 0.0419517 0.0407131 0.0380444 0.0343847 0.0302075 0.0259258 0.0218359 0.0181074 0.0148063 0.0119339 0.00946301
 1.03692e-16 2.13587e-05 0.000125324 0.000595664 0.00229322 0.00715109 0.0180633 0.0369618 0.0612754 0.0823124 0.0896283 0.0791921 0.0569797 0.0338425 0.0175268 0.00960423 0.00785522 0.00962039 0.0132396 0.0178974 0.023097 0.0283524 0.033127 0.0369003 0.0392725 0.0400493 0.0392752 0.0372019 0.034209 0.030704 0.0270387 0.023461 0.0201092 0.0170365 0.0142479 0.0117325
 1.04721e-16 1.68761e-05 9.90007e-05 0.000470504 0.0018113 0.00564821 0.0142673 0.0291954 0.0484046 0.0650362 0.0708519 0.0626858 0.0452859 0.0272642 0.0147949 0.00918637 0.00875331 0.0114456 0.0159627 0.0216111 0.0278776 0.0341932 0.0399116 0.0444048 0.0471942 0.0480528 0.0470456 0.0444888 0.0408518 0.0366347 0.032264 0.0280346 0.0241036 0.0205215 0.0172793 0.0143507
 1.04402e-16 2.35578e-05 0.000138241 0.000657086 0.00252974 0.00788867 0.0199263 0.0407731 0.0675906 0.0907864 0.0988309 0.0872646 0.0626606 0.036961 0.0186728 0.00948459 0.00690376 0.00796686 0.0108432 0.014679 0.0190241 0.0234861 0.0276412 0.0310738 0.0334558 0.0346118 0.034547 0.0334237 0.0315026 0.029069 0.0263716 0.0235888 0.0208269 0.0181398 0.0155561 0.0131005
 1.02684e-16 2.77515e-05 0.000162863 0.000774145 0.00298045 0.0092942 0.0234765 0.048037 0.0796301 0.106951 0.116412 0.102748 0.0736918 0.0432925 0.0215445 0.0104013 0.00688686 0.00747311 0.00997916 0.0133975 0.0172252 0.0210589 0.0244827 0.0271035 0.028628 0.0289277 0.028062 0.0262513 0.0238117 0.0210743 0.0183171 0.0157265 0.0133933 0.0113338 0.00952233 0.00792106
 1.02307e-16 2.36933e-05 0.000139029 0.000660815 0.00254406 0.00793332 0.0200392 0.0410047 0.0679768 0.0913122 0.0994217 0.08783 0.0631615 0.0374466 0.0192671 0.0103507 0.00821622 0.00989287 0.01352 0.0181795 0.0233155 0.0283962 0.0328466 0.0361223 0.0378233 0.037785 0.0361116 0.0331373 0.029333 0.0251917 0.0211285 0.0174239 0.014214 0.011519 0.00928821 0.00744372
 1.01548e-16 3.18558e-05 0.000186965 0.000888739 0.00342168 0.0106702 0.0269521 0.0551477 0.0914143 0.122769 0.133604 0.117863 0.084403 0.0493244 0.0240619 0.0108111 0.00610806 0.00586769 0.00757993 0.0101246 0.0130112 0.0159082 0.0184951 0.0204713 0.021611 0.021812 0.0211143 0.0196808 0.0177496 0.015574 0.0133714 0.0112931 0.00942024 0.00777704 0.0063537 0.00512693
 1.01578e-16 2.34948e-05 0.00013786 0.00065525 0.00252262 0.00786645 0.0198703 0.0406595 0.0674056 0.0905481 0.0985982 0.0871225 0.0626963 0.0372578 0.0193293 0.0106379 0.0087358 0.0106833 0.0146288 0.019638 0.025116 0.0304768 0.0350853 0.038345 0.039826 0.0393657 0.0371049 0.0334425 0.0289295 0.0241377 0.0195456 0.0154723 0.0120655 0.00933331 0.0071965 0.00554032
 1.01541e-16 3.11688e-05 0.000182931 0.000869559 0.00334783 0.0104399 0.0263704 0.0539576 0.089442 0.120122 0.130726 0.115333 0.0826089 0.0483122 0.023636 0.0107354 0.00622813 0.00612291 0.00796581 0.0106571 0.0137061 0.0167711 0.0195167 0.0216263 0.0228604 0.0231077 0.0224052 0.020919 0.0188951 0.016597 0.0142532 0.0120254 0.0100037 0.00821993 0.00667005 0.005335
 1.01565e-16 2.46488e-05 0.000144638 0.000687477 0.00264671 0.00825344 0.0208478 0.0426592 0.0707194 0.0949955 0.10343 0.091366 0.0656935 0.0389256 0.0199866 0.0106686 0.00838366 0.0100341 0.0136772 0.0183523 0.0234782 0.0285028 0.0328331 0.0359128 0.0373396 0.0369599 0.0349016 0.0315329 0.0273635 0.0229227 0.0186541 0.0148538 0.0116599 0.0090819 0.00704895 0.00545789
 1.03444e-16 1.45927e-05 8.55881e-05 0.000406723 0.0015657 0.00488229 0.0123327 0.0252377 0.0418469 0.0562373 0.0612977 0.0543078 0.0393964 0.0240442 0.0136377 0.00936614 0.00983048 0.0132984 0.0186473 0.0252219 0.032456 0.0396754 0.046106 0.0509984 0.0537875 0.0542167 0.0523866 0.0487067 0.0437765 0.0382359 0.0326359 0.0273633 0.0226283 0.0184974 0.0149487 0.0119232
 1.06691e-16 1.46505e-05 8.594e-05 0.000408424 0.0015723 0.00490291 0.0123847 0.0253429 0.0420174 0.0564545 0.0615033 0.0544159 0.0393146 0.0236767 0.0128656 0.00802467 0.00770463 0.0101475 0.0142557 0.0194682 0.025386 0.0315602 0.0374617 0.0425518 0.0463844 0.0486899 0.0494121 0.0486869 0.0467767 0.0439877 0.0406017 0.0368398 0.0328615 0.0287842 0.0247106 0.0207442
 1.06403e-16 2.16732e-05 0.000127178 0.000604493 0.00232724 0.00725721 0.0183313 0.0375095 0.0621809 0.0835217 0.0909264 0.0802945 0.0576761 0.0340622 0.0172861 0.00891014 0.00665264 0.00779904 0.010676 0.0145061 0.0188786 0.0234309 0.0277657 0.0314893 0.0342848 0.0359731 0.0365373 0.0361009 0.0348732 0.0330821 0.0309205 0.0285211 0.0259598 0.0232789 0.0205151 0.0177183
 1.05262e-16 1.81337e-05 0.000106386 0.000505617 0.0019465 0.00606984 0.0153323 0.0313743 0.0520156 0.0698836 0.0761211 0.0673201 0.0485737 0.0291228 0.0155838 0.00933935 0.00855414 0.0110052 0.0152871 0.0206653 0.026623 0.0326058 0.0379923 0.0421849 0.0447352 0.0454429 0.0443914 0.0419058 0.0384537 0.0345229 0.0305191 0.0267094 0.0232189 0.0200648 0.0172078 0.0145973
 1.05278e-16 1.85419e-05 0.000108786 0.000517037 0.00199048 0.006207 0.0156787 0.0320827 0.0531887 0.0714551 0.077821 0.0687954 0.0495772 0.029603 0.0156212 0.00902631 0.00792435 0.0100344 0.0139291 0.0188917 0.0244538 0.0301294 0.0353697 0.0396359 0.0425066 0.0437649 0.0434333 0.0417422 0.0390512 0.0357501 0.0321761 0.0285678 0.0250622 0.02172 0.0185627 0.0156035
 1.04892e-16 2.10587e-05 0.000123565 0.000587306 0.00226105 0.00705076 0.0178099 0.0364431 0.060415 0.0811554 0.0883652 0.0780684 0.0561545 0.033319 0.017195 0.00932667 0.00752165 0.00915663 0.0125992 0.0170576 0.0220624 0.0271623 0.0318589 0.0356661 0.0382075 0.0392933 0.0389519 0.0373999 0.0349686 0.0320135 0.0288377 0.0256511 0.0225682 0.0196331 0.0168554 0.0142393
 1.04802e-16 1.87826e-05 0.000110197 0.00052374 0.00201628 0.00628746 0.0158819 0.0324988 0.053879 0.072384 0.0788369 0.0697033 0.0502529 0.030049 0.0159331 0.0093238 0.00830664 0.0105708 0.0146622 0.0198367 0.025591 0.0313973 0.0366631 0.040815 0.0434165 0.0442614 0.0434103 0.0411526 0.0379159 0.0341536 0.0302493 0.0264651 0.0229362 0.0197014 0.0167474 0.0140482
 1.04785e-16 2.07789e-05 0.000121922 0.000579492 0.00223096 0.00695693 0.0175729 0.0359582 0.0596114 0.0800767 0.0871925 0.0770368 0.0554221 0.0329039 0.0170168 0.00928842 0.00755957 0.00924556 0.0127376 0.0172535 0.0223256 0.0274999 0.0322729 0.0361523 0.0387542 0.0398819 0.0395583 0.0379962 0.0355264 0.0325062 0.0292438 0.0259567 0.0227681 0.0197313 0.0168639 0.0141763
 1.04536e-16 2.04959e-05 0.000120258 0.000571577 0.00220048 0.00686187 0.0173328 0.0354671 0.0587981 0.0789867 0.0860124 0.0760099 0.0547178 0.0325547 0.0169621 0.00945808 0.0079232 0.00981321 0.0135369 0.0183049 0.0236232 0.0289995 0.0338882 0.0377612 0.0402154 0.0410583 0.0403414 0.0383259 0.0353996 0.0319748 0.0284007 0.0249163 0.0216465 0.0186294 0.0158568 0.0133101
 1.03222e-16 2.69233e-05 0.000158002 0.000751034 0.00289147 0.00901672 0.0227756 0.0466028 0.0772527 0.103758 0.112936 0.0996808 0.0714925 0.0420018 0.0209056 0.0101008 0.00670317 0.0072949 0.00976736 0.0131525 0.0169731 0.0208482 0.0243817 0.0271937 0.0289929 0.0296379 0.0291607 0.0277435 0.02566 0.0232028 0.0206218 0.0180904 0.0157019 0.0134891 0.0114518 0.00958157
 1.02504e-16 2.42059e-05 0.00014204 0.000675131 0.00259919 0.00810524 0.0204734 0.0418931 0.0694489 0.0932876 0.101567 0.0897125 0.0644875 0.0381769 0.0195401 0.0103325 0.0080093 0.00952875 0.0129899 0.0174646 0.0224062 0.027303 0.0316047 0.0347905 0.0364775 0.0365075 0.0349786 0.0322077 0.0286417 0.0247473 0.0209163 0.0174117 0.0143595 0.0117764 0.00961384 0.00779943
 1.03547e-16 1.75191e-05 0.000102774 0.000488437 0.00188034 0.0058635 0.0148111 0.0303082 0.0502497 0.0675153 0.073553 0.0650762 0.047014 0.0283067 0.0153636 0.00954191 0.00908989 0.0118748 0.0165393 0.022353 0.0287701 0.0351851 0.0409135 0.0452945 0.0478302 0.0482944 0.0467753 0.0436326 0.0393913 0.0346098 0.0297665 0.0251941 0.0210697 0.0174455 0.0142992 0.0115791
 1.04282e-16 2.2931e-05 0.000134561 0.000639588 0.00246236 0.00767855 0.0193956 0.0396872 0.065791 0.0883705 0.0962045 0.0849539 0.0610195 0.0360297 0.0182707 0.00939322 0.00697887 0.00814983 0.0111276 0.0150795 0.0195585 0.0241672 0.028472 0.0320455 0.0345468 0.0357897 0.0357704 0.0346464 0.0326772 0.0301512 0.0273234 0.024382 0.0214453 0.0185804 0.0158286 0.0132255
 1.0362e-16 2.31658e-05 0.000135935 0.00064611 0.00248745 0.0077568 0.0195933 0.0400921 0.0664634 0.0892775 0.0972016 0.0858576 0.0617191 0.0365434 0.0187151 0.00991646 0.0077163 0.00920965 0.0125856 0.0169663 0.0218403 0.0267295 0.0311159 0.0345044 0.0365235 0.0370067 0.0360228 0.0338416 0.0308533 0.0274675 0.0240283 0.0207672 0.0177984 0.0151454 0.0127816 0.0106667
 1.05384e-16 9.75051e-06 5.7155e-05 0.000271537 0.00104518 0.00325906 0.00823268 0.0168492 0.0279445 0.0375746 0.0410097 0.0364616 0.0267292 0.0168692 0.0105629 0.00870769 0.0104742 0.0147846 0.0209079 0.0283337 0.0365022 0.0446831 0.0520212 0.0576861 0.0610501 0.0618263 0.0601211 0.0563797 0.0512526 0.0454294 0.0394973 0.0338605 0.02873 0.0241643 0.0201336 0.0165782
 1.09644e-16 1.29699e-05 7.6081e-05 0.00036157 0.00139192 0.00434043 0.0109638 0.0224351 0.0371956 0.0499736 0.0544364 0.0481484 0.0347542 0.0208671 0.0112286 0.00684579 0.00643675 0.00845849 0.0119711 0.0165316 0.0218619 0.0276519 0.033516 0.0390336 0.0438182 0.0475769 0.0501425 0.0514683 0.051596 0.0506161 0.0486366 0.0457725 0.042153 0.0379339 0.0333057 0.0284875
pSPR Fmed_Fpbrs
0.370712   0.255738 0.255738
Fs Fmed_Fpbrs
0.64   1.005 1.005
SSBpbr Bo_Bmed_Bpbrs
1.62671e+06  521706  334675 334675
Ro
40016.6
SPR SPRFo_SPRFmed_SPRFpbrs
826517 306400 211371
log_Ro
10.417
likeval ReclasPelacesDesembMPH_pf_preclas_ppelaces_ptallas_desvR_qrecl_qpela
 0.00148888 54.4995 0.00806549 89.7619 363.402 216.204 61.2272 0 16.6825 0 0 0 0 0 0
q_reclas_q_pelaces
1 1
M
0.7
N
 34720.5 15436.2 5749.03 679.763 0.262849
 34572.9 14225.7 5218.23 1943.47 229.884
 16407.9 13813.9 4573.42 1677.6 698.711
 16269.2 4647.97 2232.25 739.041 384
 32696.3 6801.05 1635.66 785.546 395.206
 34434.1 15715.1 3163.88 760.914 549.291
 74323.7 11481 3518.05 708.278 293.308
 66423.2 30717 3949.01 1210.07 344.507
 143895 24712.5 8562.06 1100.75 433.323
 157211 56808.5 7756.35 2687.32 481.488
 76477.4 68280.8 21580 2946.43 1203.74
 48398.8 29522.9 20490.7 6476.04 1245.44
 57762.2 19219.9 9375.61 6507.25 2452.12
 30965 21258.8 5242.6 2557.38 2443.84
 17948.7 9871.23 4350.55 1072.88 1023.49
 16634.9 6254.3 2413.63 1063.76 512.587
 14199.4 6997.22 2228.42 859.979 561.655
 16535.6 6073.9 2578.27 821.104 523.83
 18351.4 7335.63 2407.18 1021.81 533.017
 38053.1 8220.22 2963.97 972.622 628.227
 54016.9 17182.5 3375.06 1216.95 657.277
 46136.1 25770.7 7875.6 1546.96 859.052
 78529.5 21687.3 11467.3 3504.46 1070.62
 111617 36209.6 9285.26 4909.65 1958.78
 40080.5 51616.7 15593.6 3998.67 2957.87
 39819.1 18532.8 22223.4 6713.76 2995.12
pred_Ctot
 4416.44 3623.02 1349.35 159.547 0.0616931
 4919.28 3698.26 1356.58 505.243 59.7628
 5233.54 7133.68 2361.77 866.336 360.823
 1869.25 993.313 477.053 157.94 82.0642
 756.522 310.254 74.6163 35.8355 18.0287
 8324.78 6492.61 1307.14 314.368 226.937
 9061.38 2591.7 794.16 159.886 66.2109
 12180.7 10015 1287.54 394.534 112.324
 21495.1 6713.35 2325.95 299.027 117.716
 14284.9 9751.22 1331.38 461.281 82.6478
 12422.9 19997.2 6320.08 862.913 352.538
 7062.35 7852.24 5449.93 1722.44 331.252
 10939.9 6446.02 3144.41 2182.41 822.397
 8178.09 9447.78 2329.91 1136.55 1086.09
 3929.52 3751.28 1653.31 407.72 388.947
 1847.31 1295.09 499.795 220.275 106.142
 1427.59 1320.72 420.61 162.32 106.012
 1276.51 893.543 379.294 120.794 77.0616
 1300.69 994.798 326.441 138.569 72.2834
 2496.09 1035.14 373.242 122.479 79.1106
 1528.99 955.838 187.75 67.6972 36.5635
 1777.04 1938.37 592.373 116.357 64.6146
 4053.5 2168.13 1146.41 350.348 107.032
 5541.83 3486.3 893.995 472.706 188.594
 1993.14 4977.3 1503.66 385.584 285.222
 2262.55 2032.85 2437.68 736.43 328.533
F
 0.192278 0.384555 0.384555 0.384555 0.384555
 0.217396 0.434792 0.434792 0.434792 0.434792
 0.561332 1.12266 1.12266 1.12266 1.12266
 0.172194 0.344387 0.344387 0.344387 0.344387
 0.0326395 0.065279 0.065279 0.065279 0.065279
 0.398358 0.796717 0.796717 0.796717 0.796717
 0.183613 0.367226 0.367226 0.367226 0.367226
 0.288738 0.577477 0.577477 0.577477 0.577477
 0.229398 0.458796 0.458796 0.458796 0.458796
 0.13396 0.267919 0.267919 0.267919 0.267919
 0.251829 0.503657 0.503657 0.503657 0.503657
 0.223527 0.447055 0.447055 0.447055 0.447055
 0.299564 0.599129 0.599129 0.599129 0.599129
 0.443234 0.886467 0.886467 0.886467 0.886467
 0.354246 0.708493 0.708493 0.708493 0.708493
 0.165989 0.331978 0.331978 0.331978 0.331978
 0.149198 0.298396 0.298396 0.298396 0.298396
 0.112773 0.225546 0.225546 0.225546 0.225546
 0.103107 0.206215 0.206215 0.206215 0.206215
 0.0950917 0.190183 0.190183 0.190183 0.190183
 0.0400601 0.0801203 0.0801203 0.0801203 0.0801203
 0.0548671 0.109734 0.109734 0.109734 0.109734
 0.0741499 0.1483 0.1483 0.1483 0.1483
 0.0712331 0.142466 0.142466 0.142466 0.142466
 0.071349 0.142698 0.142698 0.142698 0.142698
 0.0819008 0.163802 0.163802 0.163802 0.163802
Np
 32897 9883.64 3311.64 1420.12 2012.46
YTP_r0W_actual
 104763 227033 378357 134055 65004.4
YTP_p0W_proyectada
 78857.8 189795 118315 181187 86349.9
 78857.8 102964 50152.1 27465.3 43192.1
CTP_r0_actual
 11640.3 8938.33 10718.3 3238.04 1444.54
CTP_p0_proyectada
 9616.8 8786.82 3768.01 4518.38 1940.45
 9616.8 4766.86 1597.2 684.92 970.609
Wmedp
 8.2 21.6 31.4 40.1 44.5
nmprior
 10.8 10.6 4.6 0
nm_flota  nm_reclas  nm_pelaces    nm_pelaL
inf 14.9791 8.52403 20.0864
cv_recla  cv_pelaces  cv_mph
1.13784 0.808699 1.28929
 ------------------------------------------------
Talla a la edad & desviaci?n 
 7.2 14.2025 17.0495 18.207 18.6776
 1.08 2.13037 2.55742 2.73105 2.80164
