years
 1997 1998 1999 2000 2001 2002 2003 2004 2005 2006 2007 2008 2009 2010 2011 2012 2013 2014 2015 2016 2017 2018 2019 2020 2021 2022 2023
reclasobs
 0 0 0 370054 412103 1.49427e+06 250295 1.28982e+06 931140 785840 897777 1.04006e+06 184774 17550 25797 100020 73551 82996 120727 218422 84188 347160 605670 569463 516374 1.08416e+06 1.01767e+06
reclaspred
 452432 103240 165453 84409.2 159757 170721 577663 424344 629269 822214 720324 504967 365326 192566 134410 117128 119817 150224 152383 240442 406444 353344 538183 652680 720894 575198 393574
pelacesobs
 0 0 0 0 0 0 0 0 0 2.06254e+06 1.5e+06 0 1.87456e+06 323000 250000 174000 83755 137374 0 501740 490994 745055 786931 1.00524e+06 1.33801e+06 1.41789e+06 0
pelacespred
 636426 112200 109520 86222.1 153705 106798 614556 424046 642519 821740 628806 462520 346558 151294 106228 99158.8 106048 132202 135188 212198 405953 342676 427471 579943 616871 542360 346998
mphobs
 0 0 0 0 0 0 112323 0 153150 637223 0 255016 313432 73983 77613 109348 50772 17779 17303 59886 28197 0 207744 136588 643089 65757 70829
mphpred
 436103 221200 187386 109455 118808 222737 357962 591827 555167 801714 1.03353e+06 753718 478233 319053 168220 133865 124261 150420 183198 198927 369030 501893 541892 718195 874098 780747 557017
desembarqueobs
 350755 77701 442110 56441 14545 235359 269955 359681 431902 328805 639364 411747 362871 311530 167758 66681 60226 58785 57116 73181 50977 67692 138656 160484 209506 203330 245020
desembarquepred
 350761 77700.3 442121 56449.8 14545.3 235403 269938 359606 431717 328713 639411 411814 362838 311796 167871 66711.1 60258.8 58790.7 57110.2 73170.6 50974.9 67687.4 138657 160480 209512 203347 245042
Reclutas
 32353.9 35428.1 12254 15511.2 33066.1 29814.3 74128.5 59058.4 115482 153868 67193.5 45052.1 60950.5 27244.2 15886.4 14856.3 11760.6 13431.5 15261.4 33623.9 47310.3 39595.4 65650.9 85561.2 28776 29340 32780.2
log_desv_Rt
 -0.0769368 0.0138329 -1.04782 -0.812112 -0.0551633 -0.158684 0.752128 0.524855 1.19544 1.48242 0.653904 0.254147 0.556391 -0.248833 -0.788209 -0.855251 -1.08891 -0.956066 -0.828343 -0.0384349 0.303056 0.125041 0.63068 0.895559 -0.194131 -0.174721 -0.0638461
SSB
 436103 221200 187386 109455 118808 222737 345770 583181 539454 784248 1.03353e+06 753718 493223 331227 179845 144953 140323 163147 188718 215195 378088 501893 556609 705347 938915 865516 583031
BT
 1.42029e+06 334449 434123 214963 287446 373358 1.29333e+06 1.14427e+06 1.54349e+06 1.77891e+06 1.68507e+06 1.19968e+06 971161 563342 330500 233350 241161 284257 291475 439083 767805 677435 864890 1.17225e+06 1.2686e+06 1.15358e+06 842462
Ftot
 0.758646 0.770612 1.88074 0.679727 0.113952 1.10728 0.633018 0.835825 0.892914 0.456044 0.673077 0.605612 0.913169 1.21969 1.03194 0.458182 0.430843 0.336837 0.302276 0.313473 0.120415 0.143294 0.202359 0.214756 0.198597 0.241737 0.453617
BD_Bspro_t
 0.909294 0.612511 0.45497 0.203047 0.315933 0.516695 0.481646 0.566637 0.510621 0.554879 0.591511 0.440772 0.345606 0.293374 0.202895 0.20225 0.259252 0.374776 0.473132 0.566317 0.715916 0.812011 0.799509 0.787992 0.788846 0.720733 0.630772
BD_Bspro
 0.604282 0.306504 0.259649 0.151665 0.164625 0.308634 0.479113 0.80808 0.747489 1.08669 1.4321 1.04438 0.68343 0.458961 0.249201 0.200853 0.194437 0.226063 0.261496 0.298183 0.523894 0.695444 0.77126 0.977359 1.301 1.19929 0.807872
BD_Bo
 0.405674 0.205766 0.174311 0.101817 0.110518 0.207196 0.321644 0.54249 0.501813 0.729527 0.961415 0.701127 0.458808 0.308115 0.167297 0.134839 0.130531 0.151763 0.175551 0.20018 0.351706 0.466874 0.517771 0.656132 0.873402 0.805124 0.54235
BD_Brms
 1.36231 0.690989 0.58536 0.341917 0.371134 0.695792 1.08012 1.82176 1.68516 2.44985 3.22856 2.35448 1.54074 1.03469 0.561805 0.452809 0.438343 0.509642 0.589523 0.672231 1.18108 1.56783 1.73875 2.20338 2.933 2.70372 1.82129
S_f
 0.153387 1 1 1 1
 0.153387 1 1 1 1
 0.153387 1 1 1 1
 0.153387 1 1 1 1
 0.153387 1 1 1 1
 0.153387 1 1 1 1
 0.153387 1 1 1 1
 0.153387 1 1 1 1
 0.153387 1 1 1 1
 0.153387 1 1 1 1
 0.153387 1 1 1 1
 0.153387 1 1 1 1
 0.153387 1 1 1 1
 0.153387 1 1 1 1
 0.153387 1 1 1 1
 0.153387 1 1 1 1
 0.153387 1 1 1 1
 0.153387 1 1 1 1
 0.153387 1 1 1 1
 0.153387 1 1 1 1
 0.153387 1 1 1 1
 0.153387 1 1 1 1
 0.153387 1 1 1 1
 0.153387 1 1 1 1
 0.153387 1 1 1 1
 0.153387 1 1 1 1
 0.153387 1 1 1 1
Scru_reclas
 0.89381 1 1 1 1
 0.89381 1 1 1 1
 0.89381 1 1 1 1
 0.89381 1 1 1 1
 0.89381 1 1 1 1
 0.89381 1 1 1 1
 0.89381 1 1 1 1
 0.89381 1 1 1 1
 0.89381 1 1 1 1
 0.89381 1 1 1 1
 0.89381 1 1 1 1
 0.89381 1 1 1 1
 0.89381 1 1 1 1
 0.89381 1 1 1 1
 0.89381 1 1 1 1
 0.89381 1 1 1 1
 0.89381 1 1 1 1
 0.89381 1 1 1 1
 0.89381 1 1 1 1
 0.89381 1 1 1 1
 0.89381 1 1 1 1
 0.89381 1 1 1 1
 0.89381 1 1 1 1
 0.89381 1 1 1 1
 0.89381 1 1 1 1
 0.89381 1 1 1 1
 0.89381 1 1 1 1
Scru_pelaces
 1 1 1 1 1
 1 1 1 1 1
 1 1 1 1 1
 1 1 1 1 1
 1 1 1 1 1
 1 1 1 1 1
 1 1 1 1 1
 1 1 1 1 1
 1 1 1 1 1
 1 1 1 1 1
 1 1 1 1 1
 1 1 1 1 1
 1 1 1 1 1
 1 1 1 1 1
 1 1 1 1 1
 1 1 1 1 1
 1 1 1 1 1
 1 1 1 1 1
 1 1 1 1 1
 1 1 1 1 1
 1 1 1 1 1
 1 1 1 1 1
 1 1 1 1 1
 1 1 1 1 1
 1 1 1 1 1
 1 1 1 1 1
 1 1 1 1 1
pf_obs 
 0.256992 0.487395 0.22802 0.0275931 0
 0.321318 0.546541 0.124235 0.00734118 0.000564706
 0.182869 0.594174 0.210203 0.0122559 0.00049798
 0.330522 0.361315 0.267642 0.0388342 0.00168674
 0.649043 0.306663 0.0425973 0.00169635 0
 0.582887 0.30429 0.105238 0.00758474 0
 0.465427 0.430635 0.0974691 0.00646863 0
 0.296916 0.608066 0.0921331 0.00288517 0
 0.311714 0.524322 0.152257 0.0117073 0
 0.15457 0.633149 0.183074 0.0267441 0.00246327
 0.131901 0.49318 0.331252 0.0422183 0.00144891
 0.196976 0.569456 0.194076 0.0375587 0.00193317
 0.518974 0.381816 0.0799577 0.0180837 0.00116848
 0.0928022 0.601141 0.25162 0.0475244 0.00691264
 0.122501 0.610282 0.24278 0.0234846 0.000952079
 0.383417 0.481906 0.127806 0.00687128 0
 0.0376549 0.599619 0.316969 0.0457579 0
 0.0361596 0.667082 0.258105 0.0386534 0
 0.158088 0.579412 0.248529 0.0139706 0
 0.0477256 0.309471 0.559284 0.082774 0.000745712
 0.0406174 0.521527 0.379366 0.0568643 0.0016247
 0.151134 0.462217 0.34131 0.0453401 0
 0.294876 0.26143 0.354403 0.0886775 0.000613685
 0.281977 0.475581 0.204845 0.0348837 0.00271318
 0.0841818 0.532909 0.334909 0.0458182 0.00218182
 0.115287 0.27431 0.454777 0.147771 0.00785563
 0 0 0 0 0
pf_pred 
 0.305769 0.488631 0.183734 0.0218552 1.08848e-05
 0.285824 0.576877 0.096637 0.0363372 0.00432447
 0.144723 0.678647 0.142673 0.0239002 0.0100564
 0.332444 0.503019 0.130558 0.0274474 0.00653257
 0.384655 0.504611 0.0834404 0.0216569 0.00563657
 0.249306 0.609131 0.116088 0.0191959 0.00627898
 0.473803 0.417216 0.0884297 0.0168529 0.00369827
 0.242986 0.673279 0.0663925 0.014072 0.00327036
 0.414545 0.44575 0.124252 0.0122526 0.0032005
 0.327971 0.590651 0.0619594 0.0172711 0.00214799
 0.127497 0.697256 0.154025 0.0161573 0.00506396
 0.139576 0.491539 0.294793 0.0651204 0.00897214
 0.268781 0.430066 0.172041 0.103179 0.0259328
 0.15799 0.666933 0.102971 0.0411922 0.0309136
 0.176198 0.574416 0.197532 0.0304981 0.0213563
 0.218758 0.549077 0.161883 0.0556689 0.0146137
 0.175499 0.573535 0.176385 0.0520033 0.0225776
 0.211821 0.497691 0.202068 0.0621442 0.0262764
 0.217376 0.527149 0.161318 0.065497 0.0286601
 0.350897 0.439458 0.141209 0.0432129 0.0252222
 0.277109 0.581219 0.0959152 0.03082 0.0149365
 0.167702 0.604077 0.183494 0.030281 0.0144456
 0.247864 0.439625 0.226819 0.0688985 0.0167939
 0.240013 0.534322 0.131902 0.0680532 0.0257106
 0.0743271 0.643702 0.198245 0.0489384 0.0347883
 0.114717 0.323503 0.390655 0.120312 0.0508128
 0.170133 0.404112 0.155581 0.187875 0.0822982
pobs_RECLAS
 0 0 0 0 0
 0 0 0 0 0
 0 0 0 0 0
 0 0 0 0 0
 0.835266 0.146461 0.0176864 0.000547809 3.91292e-05
 0.385257 0.428462 0.181853 0.0044286 0
 0.867414 0.0963971 0.0333333 0.00285562 0
 0.441836 0.489002 0.0689373 0.000224442 0
 0.779404 0.147425 0.0564933 0.0165055 0.000172143
 0.814271 0.122319 0.05973 0.00367925 0
 0.40263 0.566651 0.0304383 0.000280538 0
 0.475488 0.404961 0.113038 0.00651328 0
 0.955842 0.0263864 0.0167828 0.000988607 0
 0.975058 0.0227948 0.00214734 0 0
 0.738997 0.206755 0.0527124 0.00153531 0
 0.850938 0.134255 0.0134407 0.00136685 0
 0.542534 0.407297 0.0501686 0 0
 0.764087 0.199537 0.0359546 0.000420521 0
 0.470689 0.182191 0.310203 0.0369168 0
 0.84361 0.089868 0.0606195 0.00523954 0.000663233
 0.607945 0.314616 0.071237 0.00620181 0
 0.523733 0.453247 0.0230204 0 0
 0.530135 0.295979 0.169645 0.0042399 0
 0.562478 0.366248 0.0663022 0.0049721 0
 0.250443 0.683176 0.0655157 0.000865301 0
 0.195077 0.31981 0.436473 0.0351445 0.0134964
 0.565238 0.351407 0.0832357 0.000118908 0
ppred_RECLAS
 0.731465 0.189007 0.0710699 0.00845379 4.21035e-06
 0.712504 0.232225 0.0389018 0.0146277 0.00174084
 0.552084 0.355414 0.0747191 0.0125168 0.00526664
 0.753369 0.185842 0.048235 0.0101405 0.00241348
 0.785631 0.175792 0.0290683 0.00754464 0.00196362
 0.681669 0.258302 0.0492271 0.00813999 0.0026626
 0.846093 0.122031 0.0258647 0.0049293 0.0010817
 0.666889 0.296264 0.0292148 0.00619214 0.00143906
 0.81636 0.139819 0.0389743 0.00384329 0.0010039
 0.74567 0.223532 0.0234486 0.00653627 0.000812908
 0.472496 0.421552 0.0931218 0.00976849 0.00306161
 0.496924 0.287395 0.172361 0.0380749 0.00524586
 0.698181 0.177515 0.0710121 0.0425885 0.0107041
 0.551265 0.35543 0.0548769 0.0219527 0.0164749
 0.5773 0.294738 0.101355 0.0156488 0.0109581
 0.627215 0.262003 0.0772457 0.0265635 0.00697321
 0.560643 0.305623 0.0939915 0.0277113 0.012031
 0.615267 0.242937 0.0986351 0.0303343 0.0128262
 0.622439 0.254312 0.0778248 0.0315977 0.0138265
 0.76254 0.160766 0.0516582 0.0158085 0.00922698
 0.692142 0.247524 0.0408475 0.0131253 0.00636102
 0.541991 0.33242 0.100976 0.0166635 0.00794933
 0.660163 0.198635 0.102483 0.0311303 0.00758799
 0.650732 0.245558 0.0606183 0.0312752 0.0118158
 0.321207 0.472024 0.145372 0.0358864 0.0255102
 0.433703 0.206938 0.249894 0.0769613 0.0325039
 0.551848 0.218232 0.0840181 0.101458 0.0444434
pobs_PELACES
 0 0 0 0 0
 0 0 0 0 0
 0 0 0 0 0
 0 0 0 0 0
 0 0 0 0 0
 0 0 0 0 0
 0 0 0 0 0
 0 0 0 0 0
 0 0 0 0 0
 0 0 0 0 0
 0.450072 0.473896 0.0757376 0.000293798 0
 0 0 0 0 0
 0.463077 0.371075 0.160297 0.00555027 0
 0.529543 0.364841 0.0842815 0.0213345 0
 0.631943 0.363953 0.00410389 0 0
 0.735681 0.248677 0.0153453 0.000297389 0
 0.695825 0.281241 0.0229344 0 0
 0.275771 0.60734 0.115278 0.00161068 0
 0 0 0 0 0
 0.896147 0.0623911 0.0374545 0.00400742 0
 0.803859 0.145111 0.0509908 3.86294e-05 0
 0.739449 0.233085 0.0266225 0.000797448 4.60066e-05
 0.878498 0.100942 0.0204185 0.000141795 0
 0.694673 0.275183 0.0284847 0.00165964 0
 0.469039 0.446079 0.0841089 0.000773354 0
 0.822795 0.102175 0.0682046 0.00682512 0
 0 0 0 0 0
ppred_PELACES
 0.790225 0.147649 0.0555185 0.00660395 3.28905e-06
 0.774716 0.181973 0.0304837 0.0114624 0.00136414
 0.699896 0.238127 0.0500619 0.00838624 0.00352865
 0.805155 0.14682 0.038107 0.00801129 0.00190671
 0.808901 0.15671 0.0259128 0.00672565 0.00175047
 0.765499 0.19028 0.0362635 0.00599638 0.00196142
 0.880102 0.0950658 0.0201494 0.00384006 0.000842678
 0.738836 0.232276 0.0229049 0.00485474 0.00112825
 0.864549 0.103128 0.0287469 0.00283475 0.000740465
 0.788402 0.185974 0.0195088 0.00543804 0.000676323
 0.547403 0.361691 0.0798983 0.00838135 0.00262685
 0.566886 0.247427 0.148391 0.0327799 0.00451633
 0.769597 0.135511 0.0542094 0.0325113 0.0081713
 0.658992 0.270103 0.0417027 0.0166825 0.0125198
 0.670902 0.229472 0.0789115 0.0121836 0.00853155
 0.681475 0.223868 0.0660024 0.0226971 0.00595824
 0.616899 0.266491 0.0819568 0.0241631 0.0104906
 0.662818 0.212911 0.0864444 0.0265852 0.011241
 0.667439 0.224002 0.0685491 0.0278317 0.0121785
 0.796814 0.137562 0.0442022 0.0135268 0.00789521
 0.722332 0.223251 0.0368418 0.0118382 0.00573723
 0.579485 0.305208 0.0927098 0.0152994 0.00729859
 0.69695 0.177133 0.0913895 0.0277605 0.00676659
 0.688801 0.218793 0.0540111 0.0278663 0.0105279
 0.358821 0.445868 0.137316 0.0338978 0.0240966
 0.478273 0.190651 0.230226 0.070904 0.0299456
 0.609958 0.189935 0.0731238 0.0883026 0.0386806
pobs_pel_tallas
 0 0 0 0 0 0 0 0 0 0 0 0 0 0 0 0 0 0 0 0 0 0 0 0 0 0 0 0 0 0 0 0 0 0 0 0
 0 0 0 0 0 0 0 0 0 0 0 0 0 0 0 0 0 0 0 0 0 0 0 0 0 0 0 0 0 0 0 0 0 0 0 0
 0 0 0 0 0 0 0 0 0 0 0 0 0 0 0 0 0 0 0 0 0 0 0 0 0 0 0 0 0 0 0 0 0 0 0 0
 0 0 0 0 0 0 0 0 0 0 0 0 0 0 0 0 0 0 0 0 0 0 0 0 0 0 0 0 0 0 0 0 0 0 0 0
 0 0 0 0 0 0 0 0 0 0 0 0 0 0 0 0 0 0 0 0 0 0 0 0 0 0 0 0 0 0 0 0 0 0 0 0
 0 0 0 0 0 0 0 0 0 0 0 0 0 0 0 0 0 0 0 0 0 0 0 0 0 0 0 0 0 0 0 0 0 0 0 0
 0 0 0 0 0 0 0 0 0 0 0 0 0 0 0 0 0 0 0 0 0 0 0 0 0 0 0 0 0 0 0 0 0 0 0 0
 0 0 0 0 0 0 0 0 0 0 0 0 0 0 0 0 0 0 0 0 0 0 0 0 0 0 0 0 0 0 0 0 0 0 0 0
 0 0 0 0 0 0 0 0 0 0 0 0 0 0 0 0 0 0 0 0 0 0 0 0 0 0 0 0 0 0 0 0 0 0 0 0
 0 0 0 0 0 0 0 0 0 0 0 0 0 0 0 0 0 0 0 0 0 0 0 0 0 0 0 0 0 0 0 0 0 0 0 0
 0 0 0 0 0 0 0 0 1.78061e-05 0.00172719 0.00360574 0.0105946 0.0120993 0.0124554 0.0147524 0.0171206 0.0266825 0.0428682 0.0675386 0.121331 0.153587 0.119568 0.100827 0.0573624 0.0630603 0.0341343 0.0324427 0.0444173 0.0211091 0.0280891 0.0125444 0.00206551 0 0 0 0
 0 0 0 0 0 0 0 0 0 0 0 0 0 0 0 0 0 0 0 0 0 0 0 0 0 0 0 0 0 0 0 0 0 0 0 0
 0 0 0 0 0 0 0.0133647 0.0140871 0.0187388 0.0205184 0.03894 0.0496705 0.03968 0.0493445 0.0407372 0.0367815 0.0215668 0.0243155 0.0234873 0.0199281 0.019796 0.0243948 0.0301388 0.0376714 0.0412746 0.0863199 0.0771752 0.113111 0.0741005 0.0525337 0.0229764 0.00759418 0.00175318 0 0 0
 0 0 0 0 0 0 0 0 0 0 0.00219441 0.00772107 0.0458388 0.0604681 0.0671733 0.0775358 0.0609151 0.0617685 0.073594 0.0568108 0.0755445 0.0548602 0.0670107 0.0636378 0.0643287 0.046367 0.0373049 0.0286899 0.0247887 0.0153202 0.00654259 0.00121912 0.000365735 0 0 0
 0 0 0 0 0 0 0 0 0 0 0 0 0.000112435 0.00938835 0.0111873 0.0202946 0.0414886 0.0713402 0.111592 0.104902 0.108894 0.110636 0.117776 0.105296 0.107544 0.0401394 0.0192827 0.0124803 0.00416011 0.0028671 0.000618394 0 0 0 0 0
 0 0 0 0 0 0 0 0 0 0 0.00291406 0.0102884 0.027416 0.0768956 0.0749926 0.110853 0.0956884 0.0897413 0.0766577 0.0534642 0.0500743 0.0551293 0.0594112 0.0620874 0.0668451 0.0424026 0.0208742 0.0120726 0.0048766 0.00582813 0.00118941 0.000297354 0 0 0 0
 0 0.00264628 0.0354308 0.0461629 0.0458689 0.0383711 0.0214643 0.0164657 0.0346957 0.0420465 0.0363128 0.0245516 0.0311673 0.0291091 0.0169068 0.0133784 0.00837989 0.0085269 0.0148486 0.0160247 0.0276389 0.0546898 0.0760071 0.122758 0.109233 0.0665981 0.0333725 0.0166128 0.00676272 0.00308733 0.000882094 0 0 0 0 0
 0 0 0 0 0 0 0 0.000805153 0.000690131 0.00759144 0.0133425 0.0154129 0.00931677 0.000345066 0.00356568 0.00563607 0.00851162 0.0253048 0.0502646 0.0516448 0.0657925 0.0565908 0.0611916 0.0827007 0.0866115 0.110766 0.145733 0.0935128 0.0569358 0.0249597 0.0138026 0.00621118 0.00161031 0.00115022 0 0
 0 0 0 0 0 0 0 0 0 0 0 0 0 0 0 0 0 0 0 0 0 0 0 0 0 0 0 0 0 0 0 0 0 0 0 0
 0.00147267 0.00158595 0.00478618 0.00569244 0.00954404 0.0108468 0.00647125 0.017049 0.0510054 0.094081 0.124002 0.0959785 0.0687766 0.0820023 0.061753 0.0591476 0.0492212 0.0479892 0.0443925 0.0268479 0.0217502 0.0140895 0.0121071 0.0120363 0.00920419 0.00665534 0.0049561 0.00860946 0.00930331 0.0156896 0.0114698 0.00855282 0.00243557 0.00046729 0 2.83206e-05
 0 0 0 0 0.000772559 0.00158375 0.000888443 0.00281984 0.00712685 0.0440552 0.0773331 0.111326 0.0921469 0.0852325 0.0710754 0.0886704 0.0786465 0.0553345 0.0373146 0.0185414 0.00753245 0.00457741 0.012979 0.0271748 0.0457355 0.0583668 0.034881 0.0177882 0.00938659 0.00492506 0.0015258 0.00185414 0.000309023 5.79419e-05 3.86279e-05 0
 0 0.00173294 0.00326652 0 0.00397197 0.00683976 0.00946217 0.0152591 0.00757587 0.0136028 0.0228656 0.0392903 0.0559909 0.0764795 0.0681675 0.0726916 0.0566044 0.0477403 0.0527397 0.0444891 0.0609904 0.0582453 0.0661739 0.0445044 0.0529084 0.0360697 0.0280645 0.0235558 0.0158879 0.00826598 0.00280645 0.00217768 0.000904811 0.00058276 9.20147e-05 0
 0 0 0 0 0 0 0 0 0 0 0 0 0 0 0 0 0 0 0 0 0 0 0 0 0 0 0 0 0 0 0 0 0 0 0 0
 0 0 0 0 0 0 0 0 0 0 0 0 0 0 0 0 0 0 0 0 0 0 0 0 0 0 0 0 0 0 0 0 0 0 0 0
 0 0 0 0 0 0 0 0 0 0 0 0 0 0 0 0 0 0 0 0 0 0 0 0 0 0 0 0 0 0 0 0 0 0 0 0
 0 0 0 0 0 0 0 0 0 0 0 0 0 0 0 0 0 0 0 0 0 0 0 0 0 0 0 0 0 0 0 0 0 0 0 0
 0 0 0 0 0 0 0 0 0 0 0 0 0 0 0 0 0 0 0 0 0 0 0 0 0 0 0 0 0 0 0 0 0 0 0 0
ppred_pel_tallas
 1.01064e-16 3.44763e-05 0.000202353 0.000961909 0.00370342 0.0115488 0.0291713 0.0596881 0.0989386 0.132869 0.144579 0.12751 0.0912328 0.0531578 0.0256372 0.0110191 0.00552597 0.00471624 0.00587031 0.00779934 0.0100267 0.0122756 0.0142961 0.015856 0.016779 0.0169814 0.0164875 0.0154153 0.0139415 0.0122571 0.0105285 0.00887536 0.00736628 0.00602824 0.00486229 0.00385793
 1.0095e-16 3.38013e-05 0.000198388 0.00094305 0.0036308 0.0113223 0.0285993 0.0585179 0.0969999 0.130268 0.141758 0.125041 0.0895089 0.0522387 0.025353 0.0111678 0.00599229 0.00547864 0.00695564 0.00923641 0.0118144 0.0143641 0.0165814 0.0181869 0.018978 0.0188739 0.017933 0.0163321 0.0143186 0.0121501 0.0100434 0.00814396 0.00652154 0.00518408 0.00410157 0.00322896
 1.01242e-16 3.05411e-05 0.000179242 0.000852018 0.00328028 0.0102292 0.0258383 0.0528692 0.0876389 0.117704 0.128103 0.113039 0.0810117 0.0474693 0.023393 0.0109094 0.00671829 0.00691637 0.00909435 0.0121523 0.0155679 0.0189486 0.0219018 0.0240608 0.0251569 0.0250793 0.0238985 0.0218399 0.019222 0.0163791 0.0135945 0.0110615 0.0088762 0.00705582 0.00556816 0.00436058
 1.00954e-16 3.51272e-05 0.000206175 0.000980078 0.00377338 0.0117669 0.0297223 0.0608155 0.100807 0.135378 0.147308 0.129913 0.0929454 0.0541411 0.0260839 0.0111627 0.0055248 0.00464051 0.00573524 0.00759538 0.00973527 0.0118756 0.0137677 0.0151836 0.0159548 0.016008 0.0153799 0.0142015 0.012661 0.0109576 0.00926099 0.00768831 0.00630027 0.0051118 0.0041097 0.00326928
 1.00732e-16 3.52909e-05 0.000207136 0.000984642 0.00379095 0.0118217 0.0298607 0.0610988 0.101277 0.136009 0.147997 0.130525 0.0933924 0.0544201 0.0262525 0.0112926 0.00567153 0.00483864 0.00600323 0.00793864 0.0101451 0.0123269 0.014219 0.01558 0.0162357 0.0161173 0.0152764 0.0138672 0.0121047 0.0102133 0.00838181 0.00673719 0.00534031 0.00419801 0.00328351 0.00255633
 1.00875e-16 3.33998e-05 0.00019603 0.000931836 0.00358762 0.0111877 0.0282591 0.0578221 0.0958469 0.128721 0.140076 0.123564 0.0884649 0.0516565 0.0251211 0.011152 0.00610717 0.00569405 0.00727365 0.00966908 0.0123702 0.015041 0.0173632 0.0190437 0.019869 0.0197531 0.0187558 0.0170611 0.0149279 0.0126271 0.0103878 0.00836566 0.00663718 0.00521409 0.00406751 0.00315152
 1.00489e-16 3.83931e-05 0.000225354 0.00107127 0.00412449 0.0128619 0.032488 0.0664739 0.110185 0.147965 0.160988 0.141939 0.101465 0.058934 0.0280743 0.0114667 0.0048688 0.00330634 0.0037417 0.0048713 0.00622016 0.00756877 0.0087488 0.00961212 0.0100511 0.0100215 0.00955107 0.00872972 0.00768442 0.00654855 0.00543522 0.00442164 0.00354646 0.00281676 0.00221999 0.00173542
 1.00621e-16 3.22388e-05 0.00018921 0.000899406 0.00346274 0.0107982 0.0272755 0.0558098 0.0925127 0.124247 0.135219 0.119306 0.0854741 0.0500261 0.0245444 0.0112619 0.00668212 0.00667287 0.00868338 0.0115527 0.0147392 0.017849 0.0204961 0.0223259 0.023086 0.0226849 0.0212138 0.0189183 0.0161354 0.0132133 0.0104433 0.00801879 0.00602786 0.004472 0.00329776 0.00242853
 1.00574e-16 3.77153e-05 0.000221374 0.00105234 0.00405163 0.0126347 0.0319141 0.0652996 0.108238 0.145352 0.158148 0.139441 0.099693 0.0579316 0.0276475 0.0113808 0.00496944 0.00353129 0.00408408 0.00534492 0.00683974 0.00834064 0.00966666 0.0106561 0.0111897 0.0112154 0.0107585 0.00991108 0.00880618 0.00758487 0.00636829 0.00524097 0.00424778 0.00340108 0.0026928 0.00210592
 1.00557e-16 3.43982e-05 0.000201892 0.000959708 0.00369493 0.0115223 0.0291045 0.0595516 0.0987134 0.132569 0.144262 0.127249 0.091088 0.0531573 0.0257929 0.0113502 0.00607155 0.00552941 0.00700171 0.00927613 0.0118323 0.0143347 0.0164708 0.0179561 0.0185878 0.0182919 0.0171398 0.0153264 0.0131194 0.0107959 0.00858743 0.006648 0.00504804 0.00378936 0.00283045 0.00211172
 1.01663e-16 2.38968e-05 0.000140223 0.000666489 0.0025659 0.00800144 0.0202113 0.0413568 0.0685607 0.0920967 0.100276 0.0885865 0.0637086 0.0377772 0.0194485 0.0104662 0.00832839 0.010039 0.0137202 0.0184433 0.0236428 0.0287757 0.0332543 0.0365215 0.0381676 0.0380232 0.0361944 0.0330238 0.0289965 0.0246234 0.0203388 0.0164409 0.0130809 0.0102888 0.00801855 0.00619103
 1.03525e-16 2.47419e-05 0.000145194 0.000690146 0.00265703 0.00828563 0.020929 0.0428245 0.0709902 0.0953498 0.103791 0.0916252 0.0657508 0.0387014 0.0194001 0.00960539 0.00668516 0.00751665 0.0101761 0.0137798 0.017883 0.0221154 0.0260797 0.0293831 0.0317095 0.0328809 0.0328847 0.0318551 0.0300223 0.0276471 0.0249658 0.0221589 0.0193475 0.0166077 0.0139911 0.011541
 1.02313e-16 3.35762e-05 0.000197071 0.000936796 0.00360674 0.0112473 0.0284097 0.0581297 0.0963553 0.129399 0.140802 0.124175 0.0888395 0.0517485 0.0249303 0.0106702 0.00528857 0.00446149 0.00554573 0.00739362 0.00955619 0.0117827 0.0138499 0.015548 0.0167143 0.0172647 0.0172071 0.0166283 0.0156638 0.0144591 0.0131384 0.0117876 0.0104542 0.00915826 0.00790759 0.00670963
 1.01839e-16 2.87588e-05 0.000168776 0.000802252 0.00308866 0.00963165 0.0243289 0.0497812 0.0825213 0.110835 0.120638 0.106478 0.0763663 0.0448616 0.0223207 0.0107659 0.00710987 0.00769113 0.0102418 0.0137078 0.0175559 0.0213564 0.024669 0.0270829 0.0282992 0.0282001 0.0268726 0.0245781 0.0216807 0.0185579 0.0155245 0.0127891 0.0104473 0.0085046 0.00691221 0.00560203
 1.02013e-16 2.92766e-05 0.000171819 0.000816727 0.00314441 0.00980551 0.024768 0.0506793 0.0840089 0.112829 0.122799 0.108362 0.0776666 0.0455236 0.0224621 0.0105246 0.00655333 0.00681394 0.00900522 0.0120815 0.0155497 0.0190389 0.0221736 0.024597 0.0260386 0.0263723 0.0256387 0.0240232 0.0218003 0.0192641 0.0166678 0.0141899 0.0119283 0.00991659 0.0081496 0.00660705
 1.02069e-16 2.97373e-05 0.000174525 0.000829592 0.00319394 0.00995998 0.0251582 0.0514775 0.0853318 0.114605 0.124729 0.11006 0.0788704 0.0462033 0.022749 0.0105772 0.00647526 0.00664569 0.00874922 0.0117259 0.0150822 0.0184535 0.0214741 0.0237983 0.0251662 0.0254595 0.024723 0.0231423 0.0209882 0.0185481 0.016067 0.0137138 0.0115775 0.00968311 0.00801885 0.00655972
 1.02571e-16 2.69233e-05 0.000158 0.000751022 0.00289141 0.00901654 0.0227752 0.0466021 0.077252 0.103759 0.112941 0.0996959 0.071526 0.042067 0.0210222 0.0102956 0.00700957 0.00774927 0.0104024 0.0139877 0.0180047 0.0220403 0.0256633 0.0284624 0.0301273 0.0305153 0.0296776 0.0278321 0.0252984 0.022416 0.0194746 0.0166747 0.0141223 0.0118484 0.0098409 0.00807234
 1.02736e-16 2.89234e-05 0.000169747 0.000806881 0.0031065 0.0096873 0.0244694 0.0500682 0.0829956 0.111467 0.121314 0.107045 0.0767085 0.0449336 0.0221187 0.0102776 0.00628744 0.00645871 0.0085227 0.0114579 0.0147958 0.0181943 0.0213081 0.0238061 0.0254325 0.0260591 0.0257066 0.0245252 0.0227453 0.0206155 0.018351 0.0161042 0.0139617 0.0119597 0.010107 0.00840464
 1.02572e-16 2.91253e-05 0.000170932 0.00081251 0.00312817 0.00975488 0.0246401 0.0504176 0.0835749 0.112246 0.122163 0.107799 0.0772575 0.0452733 0.0223189 0.0104247 0.00644755 0.00667158 0.00880823 0.0118204 0.0152235 0.0186572 0.021758 0.0241815 0.0256668 0.0260929 0.0254992 0.0240637 0.0220477 0.0197283 0.0173407 0.0150458 0.012927 0.0110082 0.00927967 0.00772242
 1.01507e-16 3.47631e-05 0.000204039 0.000969922 0.00373428 0.011645 0.0294143 0.0601853 0.0997624 0.133974 0.145779 0.128561 0.0919706 0.0535581 0.0257748 0.0109831 0.0053687 0.00444917 0.00548194 0.00727315 0.00935338 0.0114604 0.0133633 0.0148485 0.0157552 0.0160082 0.0156315 0.0147342 0.0134775 0.0120325 0.0105453 0.00911672 0.00779999 0.00661131 0.00554588 0.00459224
 1.01271e-16 3.15188e-05 0.000184984 0.000879316 0.00338539 0.010557 0.0266662 0.0545631 0.090446 0.121472 0.132198 0.116639 0.0835623 0.0489043 0.0239891 0.0110005 0.00652133 0.00651477 0.00849207 0.0113256 0.0144952 0.0176259 0.0203492 0.0223236 0.0233011 0.0231831 0.0220416 0.0200936 0.0176422 0.0150027 0.0124396 0.01013 0.0081576 0.00653038 0.00521025 0.00414118
 1.02283e-16 2.52935e-05 0.000148428 0.000705506 0.00271615 0.00846999 0.0213947 0.0437778 0.0725719 0.0974781 0.106118 0.0937042 0.0672962 0.0397181 0.0201057 0.0102724 0.00753956 0.00871645 0.0118201 0.015906 0.0204534 0.0249988 0.0290473 0.0321262 0.0338805 0.03415 0.033 0.03069 0.027599 0.0241299 0.0206287 0.0173368 0.0143832 0.0118066 0.00959019 0.00769468
 1.02626e-16 3.04103e-05 0.00017848 0.000848404 0.00326639 0.0101859 0.0257288 0.0526448 0.0872653 0.117197 0.127539 0.112512 0.0805683 0.0470786 0.0229588 0.0103059 0.00581664 0.00559786 0.0072642 0.00976175 0.0126414 0.0156068 0.0183692 0.0206498 0.0222282 0.0229848 0.02292 0.0221393 0.0208149 0.0191378 0.0172767 0.0153559 0.0134532 0.0116116 0.00985584 0.00820647
 1.02288e-16 3.00565e-05 0.000176399 0.000838506 0.00322826 0.010067 0.0254285 0.0520307 0.0862485 0.115835 0.126066 0.111235 0.079702 0.0466693 0.0229389 0.0105987 0.00639731 0.00649292 0.0085198 0.0114086 0.0146666 0.0179358 0.02086 0.0231043 0.024419 0.0246934 0.0239766 0.0224539 0.0203923 0.0180717 0.0157274 0.0135179 0.0115209 0.00975169 0.00819042 0.00680693
 1.04386e-16 1.56773e-05 9.1959e-05 0.000437019 0.00168236 0.00524611 0.0132517 0.0271176 0.0449618 0.0604165 0.0658351 0.0582852 0.0421894 0.025565 0.0141716 0.009254 0.00927592 0.012353 0.0172779 0.0233778 0.0301138 0.0368656 0.0429245 0.0476046 0.0503876 0.0510354 0.0496344 0.04655 0.0423176 0.0375055 0.0325983 0.0279307 0.0236787 0.0198927 0.0165505 0.0136047
 1.07166e-16 2.08758e-05 0.000122502 0.000582274 0.00224171 0.0069905 0.0176575 0.0361305 0.0598935 0.0804453 0.0875665 0.0773023 0.0554721 0.0326518 0.0163725 0.00812486 0.00570136 0.00648991 0.00890179 0.0122377 0.0161781 0.0204673 0.0248157 0.028912 0.0324699 0.0352719 0.0371929 0.0381961 0.0383103 0.0376002 0.0361443 0.0340267 0.0313433 0.0282102 0.0247697 0.0211859
 1.05942e-16 2.66173e-05 0.000156211 0.000742535 0.00285876 0.00891474 0.022518 0.0460752 0.0763766 0.102577 0.111639 0.0985072 0.070589 0.0413471 0.0203508 0.00945532 0.00579108 0.00597034 0.00791784 0.0107118 0.0139448 0.0173294 0.020575 0.0233988 0.0255751 0.0269786 0.0276001 0.0275283 0.0269081 0.025891 0.0245965 0.0230962 0.0214203 0.0195784 0.017584 0.0154707
pSPR Fmed_Fpbrs
0.453842   0.347784 0.347784
Fs Fmed_Fpbrs
0.64   1.005 1.005
SSBpbr Bo_Bmed_Bpbrs
1.07501e+06  434134  320121 320121
Ro
34941.4
SPR SPRFo_SPRFmed_SPRFpbrs
721687 327532 250991
log_Ro
10.2814
likeval ReclasPelacesDesembMPH_pf_preclas_ppelaces_ptallas_desvR_qrecl_qpela
 0.00119915 53.9522 0.0107927 80.6207 327.481 211.859 55.2875 0 17.5597 1.23554e-05 0 0 0 0 0
q_reclas_q_pelaces
0.607688 1
M
0.7
N
 32353.9 10302.1 3873.76 460.786 0.229491
 35428.1 14301.6 2395.76 900.847 107.209
 12254 15631.7 3286.28 550.51 231.636
 15511.2 4560.22 1183.6 248.83 59.2223
 33066.1 6939.98 1147.57 297.849 77.5205
 29814.3 16135.6 3075.13 508.49 166.328
 74128.5 12492.7 2647.85 504.628 110.737
 59058.4 33404.9 3294.08 698.186 162.26
 115482 25798.7 7191.35 709.144 185.235
 153868 50006.6 5245.7 1462.23 181.856
 67193.5 71246.5 15738.5 1650.97 517.442
 45052.1 30094.3 18048.6 3986.97 549.316
 60950.5 20387.6 8155.75 4891.29 1229.36
 27244.2 26311.2 4062.33 1625.08 1219.57
 15886.4 11220.6 3858.58 595.748 417.173
 14856.3 6734.05 1985.39 682.741 179.227
 11760.6 6876.72 2114.87 623.523 270.707
 13431.5 5466.69 2219.54 682.598 288.622
 15261.4 6334.05 1938.35 786.991 344.37
 33623.9 7235.24 2324.87 711.458 415.259
 47310.3 15913.3 2626.08 843.826 408.949
 39595.4 23063.6 7005.81 1156.13 551.533
 65650.9 19235 9924.07 3014.53 734.79
 85561.2 31604.9 7801.96 4025.32 1520.77
 28776 41111.6 12661.4 3125.58 2221.84
 29340 13861 16738.2 5154.96 2177.15
 32780.2 14039.5 5405.1 6527.07 2859.16
pred_Ctot
 2573.22 4112.11 1546.22 183.924 0.091602
 2859.89 5772.09 966.926 363.581 43.2696
 2245.38 10529.2 2213.57 370.813 156.026
 1111.14 1681.25 436.367 91.7381 21.834
 412.451 541.075 89.4698 23.2218 6.04387
 3382.16 8263.66 1574.89 260.417 85.1826
 4960.66 4368.21 925.849 176.448 38.7205
 5148.56 14265.9 1406.77 298.168 69.2946
 10714.5 11521 3211.48 316.686 82.7214
 7506.32 13518.3 1418.07 395.286 49.1613
 4768.4 26077.4 5760.56 604.283 189.392
 2889.62 10176.3 6103.06 1348.18 185.749
 5775.57 9241.25 3696.83 2217.12 557.245
 3379.35 14265.5 2202.52 881.087 661.23
 1687.89 5502.63 1892.26 292.157 204.583
 728.043 1827.37 538.759 185.27 48.6355
 542.944 1774.36 545.687 160.884 69.8486
 487.852 1146.25 465.391 143.127 60.5181
 498.597 1209.13 370.017 150.231 65.7378
 1138.34 1425.64 458.095 140.187 81.8231
 623.32 1307.38 215.749 69.3257 33.5977
 619.838 2232.7 678.205 111.92 53.3917
 1445.56 2563.93 1322.83 401.822 97.9437
 1997.71 4447.35 1097.87 566.432 213.998
 621.993 5386.7 1658.97 409.533 291.12
 769.703 2170.57 2621.12 807.242 340.931
 1590.9 3778.81 1454.82 1756.8 769.562
F
 0.116366 0.758646 0.758646 0.758646 0.758646
 0.118202 0.770612 0.770612 0.770612 0.770612
 0.288482 1.88074 1.88074 1.88074 1.88074
 0.104261 0.679727 0.679727 0.679727 0.679727
 0.0174788 0.113952 0.113952 0.113952 0.113952
 0.169843 1.10728 1.10728 1.10728 1.10728
 0.0970968 0.633018 0.633018 0.633018 0.633018
 0.128205 0.835825 0.835825 0.835825 0.835825
 0.136961 0.892914 0.892914 0.892914 0.892914
 0.0699513 0.456044 0.456044 0.456044 0.456044
 0.103241 0.673077 0.673077 0.673077 0.673077
 0.0928931 0.605612 0.605612 0.605612 0.605612
 0.140068 0.913169 0.913169 0.913169 0.913169
 0.187085 1.21969 1.21969 1.21969 1.21969
 0.158286 1.03194 1.03194 1.03194 1.03194
 0.0702793 0.458182 0.458182 0.458182 0.458182
 0.0660858 0.430843 0.430843 0.430843 0.430843
 0.0516664 0.336837 0.336837 0.336837 0.336837
 0.0463652 0.302276 0.302276 0.302276 0.302276
 0.0480827 0.313473 0.313473 0.313473 0.313473
 0.0184701 0.120415 0.120415 0.120415 0.120415
 0.0219795 0.143294 0.143294 0.143294 0.143294
 0.0310392 0.202359 0.202359 0.202359 0.202359
 0.0329408 0.214756 0.214756 0.214756 0.214756
 0.0304621 0.198596 0.198597 0.198597 0.198597
 0.0370793 0.241737 0.241737 0.241737 0.241737
 0.069579 0.453617 0.453617 0.453617 0.453617
Np
 27669.2 11777.2 2760.04 805.134 366.316
YTP_r0W_actual
 27862.9 146258 81855.7 126235 61364.1
YTP_p0W_proyectada
 23518.6 158182 67078.9 32980.3 58139.7
 23518.6 122691 41798.6 15571.4 7861.97
CTP_r0_actual
 3397.92 6771.2 2606.87 3147.99 1378.97
CTP_p0_proyectada
 2868.12 7323.25 2136.27 822.451 1306.51
 2868.12 5680.13 1331.17 388.315 176.674
Wmedp
 8.2 21.6 31.4 40.1 44.5
nmprior
 10.8 10.6 4.6 0
nm_flota  nm_reclas  nm_pelaces    nm_pelaL
inf 18.3845 17.5219 55.0825
cv_recla  cv_pelaces  cv_mph
0.999644 0.804628 1.19986
 ------------------------------------------------
Talla a la edad & desviaci?n 
 7.2 14.2025 17.0495 18.207 18.6776
 1.08 2.13037 2.55742 2.73105 2.80164
