years
 1997 1998 1999 2000 2001 2002 2003 2004 2005 2006 2007 2008 2009 2010 2011 2012 2013 2014 2015 2016 2017 2018 2019
reclasobs
 0 0 0 370054 412103 1.49427e+06 250295 1.28982e+06 931140 785840 897777 1.04006e+06 184774 17550 25797 100020 73551 82996 120727 218422 84188 347160 605670
reclaspred
 2.72517e+06 690375 1.49355e+06 611422 306758 1.07879e+06 4.23903e+06 3.13781e+06 3.64324e+06 3.26101e+06 4.50369e+06 4.57258e+06 3.32527e+06 2.08739e+06 1.32703e+06 754886 535184 510039 514724 604698 490069 560112 1.26763e+06
pelacesobs
 0 0 0 0 0 0 0 0 0 2.06254e+06 1.5e+06 0 1.87456e+06 323000 250000 174000 83755 137374 0 501740 490994 745055 786931
pelacespred
 2.37604e+06 869053 519549 485300 218467 432707 1.5115e+06 2.22434e+06 2.20943e+06 2.08223e+06 2.69627e+06 2.74975e+06 2.1071e+06 1.39199e+06 843986 484986 326287 282359 299268 324117 309557 310192 541356
mphobs
 0 0 0 0 0 0 112323 0 153150 637223 0 255016 313432 73983 77613 109348 50772 17779 17303 59886 28197 0 207744
mphpred
 1.74809e+06 1.49351e+06 890877 834478 373673 318929 2.61905e+06 2.72504e+06 3.6198e+06 2.92531e+06 3.49441e+06 4.57128e+06 3.34109e+06 2.34354e+06 1.39906e+06 778869 449265 407450 420559 505535 452060 410441 834928
desembarqueobs
 350755 77701 442110 56441 14545 235359 269955 359681 431902 328805 639364 411747 362871 311530 167758 66681 60226 58785 57116 73181 50977 67692 138656
desembarquepred
 309696 78605.7 170059 69618 34927 122461 482649 356676 414712 370920 512193 520568 378507 237669 151096 85947 60894.9 58043.9 58550.9 68841.2 55764.7 63676.2 144284
Reclutas
 216462 4239.95 698.856 492.377 1331.99 412040 9819.34 413621 81658.3 325257 482518 67406 105142 8631.09 3283.49 6686.4 28491 18887.5 46176.5 8435.35 24689.4 119526 56946.8
log_desv_Rt
 2.11073 -1.82214 -3.625 -3.9752 -2.98001 2.75443 -0.982334 2.75826 1.13586 2.51793 2.91233 0.944047 1.38862 -1.11132 -2.07778 -1.36661 0.0828987 -0.328188 0.565783 -1.13426 -0.0603155 1.51684 0.775429
SSB
 1.74809e+06 1.49351e+06 890877 834478 373673 318929 2.55614e+06 2.70325e+06 3.56167e+06 2.87852e+06 3.49441e+06 4.57128e+06 3.39562e+06 2.38184e+06 1.44517e+06 824339 491031 434679 430868 539385 463152 410441 855443
BT
 7.89567e+06 1.70702e+06 1.02327e+06 952593 431568 1.4371e+06 3.02624e+06 5.91673e+06 4.66518e+06 5.05761e+06 6.87115e+06 5.61445e+06 4.45063e+06 2.74852e+06 1.66504e+06 965250 737278 624531 703188 661006 703207 778842 1.1669e+06
Ftot
 0.110803 0.110803 0.110803 0.110803 0.110803 0.110803 0.110803 0.110803 0.110803 0.110803 0.110803 0.110803 0.110803 0.110803 0.110803 0.110803 0.110803 0.110803 0.110803 0.110803 0.110803 0.110803 0.110803
BD_Bspro_t
 0.986327 0.916677 0.825816 0.741549 0.666863 0.733658 0.903151 0.843328 0.86224 0.814464 0.835761 0.838775 0.781582 0.743715 0.685337 0.635261 0.606989 0.685351 0.730498 0.791122 0.767801 0.790894 0.858097
BD_Bspro
 3.234 2.76301 1.64814 1.5438 0.691301 0.590024 4.72889 5.00105 6.58914 5.3253 6.46471 8.45694 6.28195 4.40644 2.67359 1.52504 0.908414 0.804162 0.797112 0.99787 0.856839 0.759322 1.58258
BD_Bo
 0.348314 0.297587 0.177511 0.166273 0.0744558 0.0635479 0.50932 0.538632 0.709676 0.573556 0.696274 0.910846 0.676591 0.474591 0.287957 0.164253 0.0978397 0.0866114 0.085852 0.107475 0.0922849 0.081782 0.17045
BD_Brms
 1.68571 1.44021 0.859085 0.804698 0.360338 0.307548 2.46492 2.60678 3.43456 2.7758 3.3697 4.40815 3.27445 2.29684 1.3936 0.794922 0.473508 0.419167 0.415492 0.520136 0.446624 0.395794 0.824915
S_f
 0.5 1 1 1 1
 0.5 1 1 1 1
 0.5 1 1 1 1
 0.5 1 1 1 1
 0.5 1 1 1 1
 0.5 1 1 1 1
 0.5 1 1 1 1
 0.5 1 1 1 1
 0.5 1 1 1 1
 0.5 1 1 1 1
 0.5 1 1 1 1
 0.5 1 1 1 1
 0.5 1 1 1 1
 0.5 1 1 1 1
 0.5 1 1 1 1
 0.5 1 1 1 1
 0.5 1 1 1 1
 0.5 1 1 1 1
 0.5 1 1 1 1
 0.5 1 1 1 1
 0.5 1 1 1 1
 0.5 1 1 1 1
 0.5 1 1 1 1
Scru_reclas
 0.5 1 1 1 1
 0.5 1 1 1 1
 0.5 1 1 1 1
 0.5 1 1 1 1
 0.5 1 1 1 1
 0.5 1 1 1 1
 0.5 1 1 1 1
 0.5 1 1 1 1
 0.5 1 1 1 1
 0.5 1 1 1 1
 0.5 1 1 1 1
 0.5 1 1 1 1
 0.5 1 1 1 1
 0.5 1 1 1 1
 0.5 1 1 1 1
 0.5 1 1 1 1
 0.5 1 1 1 1
 0.5 1 1 1 1
 0.5 1 1 1 1
 0.5 1 1 1 1
 0.5 1 1 1 1
 0.5 1 1 1 1
 0.5 1 1 1 1
Scru_pelaces
 0.5 1 1 1 1
 0.5 1 1 1 1
 0.5 1 1 1 1
 0.5 1 1 1 1
 0.5 1 1 1 1
 0.5 1 1 1 1
 0.5 1 1 1 1
 0.5 1 1 1 1
 0.5 1 1 1 1
 0.5 1 1 1 1
 0.5 1 1 1 1
 0.5 1 1 1 1
 0.5 1 1 1 1
 0.5 1 1 1 1
 0.5 1 1 1 1
 0.5 1 1 1 1
 0.5 1 1 1 1
 0.5 1 1 1 1
 0.5 1 1 1 1
 0.5 1 1 1 1
 0.5 1 1 1 1
 0.5 1 1 1 1
 0.5 1 1 1 1
pf_obs 
 0.256992 0.487395 0.22802 0.0275931 0
 0.321318 0.546541 0.124235 0.00734118 0.000564706
 0.182869 0.594174 0.210203 0.0122559 0.00049798
 0.330522 0.361315 0.267642 0.0388342 0.00168674
 0.649043 0.306663 0.0425973 0.00169635 0
 0.582887 0.30429 0.105238 0.00758474 0
 0.465427 0.430635 0.0974691 0.00646863 0
 0.296916 0.608066 0.0921331 0.00288517 0
 0.311714 0.524322 0.152257 0.0117073 0
 0.15457 0.633149 0.183074 0.0267441 0.00246327
 0.131901 0.49318 0.331252 0.0422183 0.00144891
 0.196976 0.569456 0.194076 0.0375587 0.00193317
 0.518974 0.381816 0.0799577 0.0180837 0.00116848
 0.0928022 0.601141 0.25162 0.0475244 0.00691264
 0.122501 0.610282 0.24278 0.0234846 0.000952079
 0.383417 0.481906 0.127806 0.00687128 0
 0.0376549 0.599619 0.316969 0.0457579 0
 0.0361596 0.667082 0.258105 0.0386534 0
 0.158088 0.579412 0.248529 0.0139706 0
 0.0477256 0.309471 0.559284 0.082774 0.000745712
 0.0406174 0.521527 0.379366 0.0568643 0.0016247
 0.151134 0.462217 0.34131 0.0453401 0
 0.294876 0.26143 0.354403 0.0886775 0.000613685
pf_pred 
 0.781659 0.109916 0.0545828 0.027105 0.0267373
 0.0184614 0.864514 0.0589118 0.0292547 0.0288579
 0.00666912 0.0371133 0.842212 0.057392 0.0566134
 0.0103873 0.0135232 0.0364691 0.827594 0.112027
 0.0588465 0.0199529 0.0125883 0.033948 0.874664
 0.97471 0.00289018 0.000474891 0.00029961 0.0216256
 0.0250165 0.962877 0.00138358 0.000227339 0.010496
 0.697816 0.0151953 0.283425 0.000407261 0.00315644
 0.151032 0.701711 0.00740477 0.138115 0.00173662
 0.538337 0.12397 0.279119 0.00294539 0.0556287
 0.53326 0.329716 0.0367948 0.0828439 0.0173851
 0.0966091 0.634336 0.190067 0.0212106 0.0577775
 0.23514 0.138273 0.439972 0.131829 0.0547857
 0.0335719 0.375121 0.106898 0.340139 0.14427
 0.0269931 0.0650833 0.352413 0.100427 0.455084
 0.107311 0.0483366 0.0564778 0.305815 0.482059
 0.480065 0.103341 0.0225574 0.0263567 0.36768
 0.321561 0.444922 0.0464132 0.0101311 0.176973
 0.568577 0.213319 0.143033 0.0149209 0.0601498
 0.127106 0.638219 0.116037 0.0778038 0.0408353
 0.424388 0.132997 0.323619 0.0588383 0.0601578
 0.761034 0.144192 0.0218981 0.053284 0.0195928
 0.310736 0.598233 0.0549278 0.00834177 0.0277614
pobs_RECLAS
 0 0 0 0 0
 0 0 0 0 0
 0 0 0 0 0
 0 0 0 0 0
 0.835266 0.146461 0.0176864 0.000547809 3.91292e-05
 0.385257 0.428462 0.181853 0.0044286 0
 0.867414 0.0963971 0.0333333 0.00285562 0
 0.441836 0.489002 0.0689373 0.000224442 0
 0.779404 0.147425 0.0564933 0.0165055 0.000172143
 0.814271 0.122319 0.05973 0.00367925 0
 0.40263 0.566651 0.0304383 0.000280538 0
 0.475488 0.404961 0.113038 0.00651328 0
 0.955842 0.0263864 0.0167828 0.000988607 0
 0.975058 0.0227948 0.00214734 0 0
 0.738997 0.206755 0.0527124 0.00153531 0
 0.850938 0.134255 0.0134407 0.00136685 0
 0.542534 0.407297 0.0501686 0 0
 0.764087 0.199537 0.0359546 0.000420521 0
 0.470689 0.182191 0.310203 0.0369168 0
 0.84361 0.089868 0.0606195 0.00523954 0.000663233
 0.607945 0.314616 0.071237 0.00620181 0
 0.523733 0.453247 0.0230204 0 0
 0.530135 0.295979 0.169645 0.0042399 0
ppred_RECLAS
 0.782269 0.109609 0.0544302 0.0270293 0.0266626
 0.0185264 0.864457 0.0589079 0.0292528 0.0288559
 0.00669287 0.0371124 0.842192 0.0573906 0.0566121
 0.0104241 0.0135227 0.0364677 0.827563 0.112022
 0.0590451 0.0199486 0.0125857 0.0339408 0.87448
 0.974798 0.00288011 0.000473237 0.000298567 0.0215502
 0.0251039 0.96279 0.00138346 0.000227319 0.0104951
 0.69857 0.0151573 0.282718 0.000406244 0.00314856
 0.151492 0.701332 0.00740076 0.13804 0.00173568
 0.539227 0.123731 0.278581 0.00293971 0.0555215
 0.534151 0.329087 0.0367246 0.0826858 0.0173519
 0.0969219 0.634116 0.190001 0.0212032 0.0577575
 0.235784 0.138157 0.439601 0.131718 0.0547396
 0.0336882 0.375076 0.106885 0.340098 0.144253
 0.0270873 0.065077 0.352379 0.100417 0.45504
 0.107654 0.048318 0.0564561 0.305698 0.481874
 0.480958 0.103163 0.0225186 0.0263114 0.367048
 0.322343 0.444409 0.0463598 0.0101195 0.176769
 0.569455 0.212885 0.142742 0.0148905 0.0600275
 0.127503 0.637928 0.115984 0.0777684 0.0408167
 0.425262 0.132795 0.323127 0.0587489 0.0600664
 0.761684 0.143799 0.0218385 0.053139 0.0195394
 0.311503 0.597567 0.0548667 0.00833249 0.0277305
pobs_PELACES
 0 0 0 0 0
 0 0 0 0 0
 0 0 0 0 0
 0 0 0 0 0
 0 0 0 0 0
 0 0 0 0 0
 0 0 0 0 0
 0 0 0 0 0
 0 0 0 0 0
 0 0 0 0 0
 0.450072 0.473896 0.0757376 0.000293798 0
 0 0 0 0 0
 0.463077 0.371075 0.160297 0.00555027 0
 0.529543 0.364841 0.0842815 0.0213345 0
 0.631943 0.363953 0.00410389 0 0
 0.735681 0.248677 0.0153453 0.000297389 0
 0.695825 0.281241 0.0229344 0 0
 0.275771 0.60734 0.115278 0.00161068 0
 0 0 0 0 0
 0.896147 0.0623911 0.0374545 0.00400742 0
 0.803859 0.145111 0.0509908 3.86294e-05 0
 0.739449 0.233085 0.0266225 0.000797448 4.60066e-05
 0.878498 0.100942 0.0204185 0.000141795 0
ppred_PELACES
 0.785367 0.10805 0.0536558 0.0266447 0.0262832
 0.0188618 0.864162 0.0588878 0.0292428 0.0288461
 0.00681552 0.0371078 0.842088 0.0573836 0.0566051
 0.0106144 0.0135201 0.0364607 0.827404 0.112001
 0.0600691 0.0199269 0.012572 0.0339039 0.873528
 0.975243 0.00282922 0.000464876 0.000293292 0.0211695
 0.0255553 0.962344 0.00138282 0.000227214 0.0104902
 0.702406 0.0149645 0.27912 0.000401075 0.00310849
 0.153857 0.699377 0.00738013 0.137656 0.00173084
 0.543766 0.122512 0.275837 0.00291075 0.0549745
 0.538697 0.325875 0.0363662 0.0818789 0.0171825
 0.0985339 0.632984 0.189662 0.0211654 0.0576544
 0.239094 0.137558 0.437697 0.131148 0.0545025
 0.0342884 0.374843 0.106819 0.339886 0.144163
 0.0275733 0.0650445 0.352203 0.100367 0.454813
 0.109423 0.0482222 0.0563441 0.305092 0.480919
 0.485524 0.102256 0.0223206 0.02608 0.36382
 0.326349 0.441782 0.0460857 0.0100596 0.175724
 0.573932 0.210672 0.141258 0.0147357 0.0594033
 0.129551 0.636431 0.115712 0.0775859 0.0407209
 0.429737 0.131762 0.320611 0.0582915 0.0595988
 0.764987 0.141806 0.0215358 0.0524025 0.0192686
 0.315438 0.594152 0.0545531 0.00828487 0.027572
pobs_pel_tallas
 0 0 0 0 0 0 0 0 0 0 0 0 0 0 0 0 0 0 0 0 0 0 0 0 0 0 0 0 0 0 0 0 0 0 0 0
 0 0 0 0 0 0 0 0 0 0 0 0 0 0 0 0 0 0 0 0 0 0 0 0 0 0 0 0 0 0 0 0 0 0 0 0
 0 0 0 0 0 0 0 0 0 0 0 0 0 0 0 0 0 0 0 0 0 0 0 0 0 0 0 0 0 0 0 0 0 0 0 0
 0 0 0 0 0 0 0 0 0 0 0 0 0 0 0 0 0 0 0 0 0 0 0 0 0 0 0 0 0 0 0 0 0 0 0 0
 0 0 0 0 0 0 0 0 0 0 0 0 0 0 0 0 0 0 0 0 0 0 0 0 0 0 0 0 0 0 0 0 0 0 0 0
 0 0 0 0 0 0 0 0 0 0 0 0 0 0 0 0 0 0 0 0 0 0 0 0 0 0 0 0 0 0 0 0 0 0 0 0
 0 0 0 0 0 0 0 0 0 0 0 0 0 0 0 0 0 0 0 0 0 0 0 0 0 0 0 0 0 0 0 0 0 0 0 0
 0 0 0 0 0 0 0 0 0 0 0 0 0 0 0 0 0 0 0 0 0 0 0 0 0 0 0 0 0 0 0 0 0 0 0 0
 0 0 0 0 0 0 0 0 0 0 0 0 0 0 0 0 0 0 0 0 0 0 0 0 0 0 0 0 0 0 0 0 0 0 0 0
 0 0 0 0 0 0 0 0 0 0 0 0 0 0 0 0 0 0 0 0 0 0 0 0 0 0 0 0 0 0 0 0 0 0 0 0
 0 0 0 0 0 0 0 0 1.78061e-05 0.00172719 0.00360574 0.0105946 0.0120993 0.0124554 0.0147524 0.0171206 0.0266825 0.0428682 0.0675386 0.121331 0.153587 0.119568 0.100827 0.0573624 0.0630603 0.0341343 0.0324427 0.0444173 0.0211091 0.0280891 0.0125444 0.00206551 0 0 0 0
 0 0 0 0 0 0 0 0 0 0 0 0 0 0 0 0 0 0 0 0 0 0 0 0 0 0 0 0 0 0 0 0 0 0 0 0
 0 0 0 0 0 0 0.0133647 0.0140871 0.0187388 0.0205184 0.03894 0.0496705 0.03968 0.0493445 0.0407372 0.0367815 0.0215668 0.0243155 0.0234873 0.0199281 0.019796 0.0243948 0.0301388 0.0376714 0.0412746 0.0863199 0.0771752 0.113111 0.0741005 0.0525337 0.0229764 0.00759418 0.00175318 0 0 0
 0 0 0 0 0 0 0 0 0 0 0.00219441 0.00772107 0.0458388 0.0604681 0.0671733 0.0775358 0.0609151 0.0617685 0.073594 0.0568108 0.0755445 0.0548602 0.0670107 0.0636378 0.0643287 0.046367 0.0373049 0.0286899 0.0247887 0.0153202 0.00654259 0.00121912 0.000365735 0 0 0
 0 0 0 0 0 0 0 0 0 0 0 0 0.000112435 0.00938835 0.0111873 0.0202946 0.0414886 0.0713402 0.111592 0.104902 0.108894 0.110636 0.117776 0.105296 0.107544 0.0401394 0.0192827 0.0124803 0.00416011 0.0028671 0.000618394 0 0 0 0 0
 0 0 0 0 0 0 0 0 0 0 0.00291406 0.0102884 0.027416 0.0768956 0.0749926 0.110853 0.0956884 0.0897413 0.0766577 0.0534642 0.0500743 0.0551293 0.0594112 0.0620874 0.0668451 0.0424026 0.0208742 0.0120726 0.0048766 0.00582813 0.00118941 0.000297354 0 0 0 0
 0 0.00264628 0.0354308 0.0461629 0.0458689 0.0383711 0.0214643 0.0164657 0.0346957 0.0420465 0.0363128 0.0245516 0.0311673 0.0291091 0.0169068 0.0133784 0.00837989 0.0085269 0.0148486 0.0160247 0.0276389 0.0546898 0.0760071 0.122758 0.109233 0.0665981 0.0333725 0.0166128 0.00676272 0.00308733 0.000882094 0 0 0 0 0
 0 0 0 0 0 0 0 0.000805153 0.000690131 0.00759144 0.0133425 0.0154129 0.00931677 0.000345066 0.00356568 0.00563607 0.00851162 0.0253048 0.0502646 0.0516448 0.0657925 0.0565908 0.0611916 0.0827007 0.0866115 0.110766 0.145733 0.0935128 0.0569358 0.0249597 0.0138026 0.00621118 0.00161031 0.00115022 0 0
 0 0 0 0 0 0 0 0 0 0 0 0 0 0 0 0 0 0 0 0 0 0 0 0 0 0 0 0 0 0 0 0 0 0 0 0
 0.00147267 0.00158595 0.00478618 0.00569244 0.00954404 0.0108468 0.00647125 0.017049 0.0510054 0.094081 0.124002 0.0959785 0.0687766 0.0820023 0.061753 0.0591476 0.0492212 0.0479892 0.0443925 0.0268479 0.0217502 0.0140895 0.0121071 0.0120363 0.00920419 0.00665534 0.0049561 0.00860946 0.00930331 0.0156896 0.0114698 0.00855282 0.00243557 0.00046729 0 2.83206e-05
 0 0 0 0 0.000772559 0.00158375 0.000888443 0.00281984 0.00712685 0.0440552 0.0773331 0.111326 0.0921469 0.0852325 0.0710754 0.0886704 0.0786465 0.0553345 0.0373146 0.0185414 0.00753245 0.00457741 0.012979 0.0271748 0.0457355 0.0583668 0.034881 0.0177882 0.00938659 0.00492506 0.0015258 0.00185414 0.000309023 5.79419e-05 3.86279e-05 0
 0 0.00173294 0.00326652 0 0.00397197 0.00683976 0.00946217 0.0152591 0.00757587 0.0136028 0.0228656 0.0392903 0.0559909 0.0764795 0.0681675 0.0726916 0.0566044 0.0477403 0.0527397 0.0444891 0.0609904 0.0582453 0.0661739 0.0445044 0.0529084 0.0360697 0.0280645 0.0235558 0.0158879 0.00826598 0.00280645 0.00217768 0.000904811 0.00058276 9.20147e-05 0
 0 0 0 0 0 0 0 0 0 0 0 0 0 0 0 0 0 0 0 0 0 0 0 0 0 0 0 0 0 0 0 0 0 0 0 0
ppred_pel_tallas
 1.02941e-16 3.42627e-05 0.000201104 0.000955975 0.00368059 0.0114776 0.0289914 0.0593198 0.098327 0.132044 0.143673 0.126691 0.0906024 0.0527013 0.025251 0.0105705 0.00489288 0.00379784 0.00458949 0.00611165 0.00793665 0.0098527 0.011683 0.0132615 0.014456 0.0151918 0.015462 0.0153178 0.0148461 0.0141404 0.0132791 0.0123148 0.0112761 0.0101775 0.00903215 0.00785943
 1.0347e-16 8.70172e-07 4.9905e-06 2.34766e-05 8.99739e-05 0.000280217 0.000708773 0.00145707 0.00244108 0.00335639 0.00385828 0.00389289 0.00385467 0.00440412 0.00616212 0.0095665 0.0148996 0.022312 0.0317467 0.0428132 0.0547089 0.0662575 0.076082 0.0828803 0.0857255 0.0842903 0.0789244 0.070549 0.0604169 0.0498152 0.0398092 0.0310931 0.0239658 0.0184045 0.0141876 0.0110169
 1.16583e-16 3.13315e-07 1.79254e-06 8.43123e-06 3.23123e-05 0.000100587 0.000254093 0.0005209 0.000867648 0.00117823 0.00131669 0.00124425 0.00107407 0.00100594 0.00122222 0.00185183 0.00300772 0.00483238 0.00750808 0.0112338 0.0161852 0.022468 0.0300699 0.03882 0.0483629 0.0581606 0.0675272 0.0756994 0.0819353 0.0856249 0.0863895 0.0841477 0.0791327 0.0718516 0.0630024 0.0533614
 1.34186e-16 4.74825e-07 2.75088e-06 1.30095e-05 4.99782e-05 0.000155717 0.000393284 0.000805177 0.00133682 0.00180206 0.00197894 0.0017885 0.00137533 0.000999805 0.000869739 0.00107954 0.00166798 0.00269594 0.0042799 0.00658537 0.00980441 0.0141279 0.0197123 0.026641 0.0348823 0.0442522 0.0543908 0.0647636 0.0746938 0.0834274 0.0902251 0.0944656 0.0957397 0.0939148 0.0891603 0.0819183
 1.42166e-16 2.63083e-06 1.54097e-05 7.31934e-05 0.000281706 0.000878359 0.00221861 0.0045399 0.00752695 0.0101134 0.0110186 0.00975059 0.00704929 0.00425821 0.00234837 0.00154682 0.00163653 0.00237607 0.00368401 0.00562384 0.00833605 0.0119861 0.0167294 0.0226803 0.0298781 0.0382509 0.0475849 0.0575067 0.0674882 0.076881 0.0849797 0.0911084 0.0947141 0.0954508 0.0932321 0.0882506
 1.01007e-16 4.25379e-05 0.000249696 0.00118701 0.00457017 0.0142518 0.0359986 0.073656 0.122086 0.163938 0.178342 0.157181 0.112233 0.064929 0.0304437 0.0115903 0.00362312 0.000999034 0.000350857 0.000277547 0.000348263 0.000461779 0.000599264 0.000757159 0.000933588 0.00112601 0.00133044 0.0015407 0.00174788 0.00194032 0.00210435 0.00222594 0.00229281 0.00229663 0.00223459 0.00211025
 1.00831e-16 1.16595e-06 6.7181e-06 3.16703e-05 0.000121488 0.000378469 0.000957063 0.0019658 0.00328695 0.00450015 0.00512339 0.00505747 0.00479419 0.00516507 0.00692598 0.010568 0.0163698 0.024455 0.034722 0.0467038 0.0594789 0.0717148 0.0818656 0.0884841 0.0905614 0.0877791 0.0805948 0.070119 0.0578385 0.045273 0.0336772 0.0238646 0.0161741 0.0105524 0.00669521 0.00419315
 1.04127e-16 3.06421e-05 0.000179855 0.00085497 0.00329172 0.0102649 0.0259283 0.0530517 0.0879355 0.118084 0.128471 0.113254 0.0809257 0.0469386 0.022245 0.00890514 0.00354578 0.00222938 0.00259176 0.00368379 0.00524343 0.00722127 0.00958881 0.0122788 0.0151695 0.018086 0.0208129 0.0231173 0.0247805 0.0256309 0.0255739 0.0246089 0.0228322 0.0204203 0.017602 0.0146216
 1.05144e-16 6.7497e-06 3.95241e-05 0.000187688 0.000722289 0.00225211 0.0056894 0.0116465 0.0193254 0.0260138 0.0284672 0.0254884 0.0190706 0.0127945 0.00931934 0.00940065 0.0125946 0.0182387 0.025814 0.0348132 0.0445366 0.0540314 0.0621962 0.0679919 0.0706804 0.0700019 0.0662332 0.0601001 0.0525814 0.0446707 0.0371734 0.0305945 0.025127 0.02072 0.0171843 0.0142924
 1.06625e-16 2.37289e-05 0.000139258 0.00066195 0.00254851 0.00794724 0.0200741 0.0410744 0.0680862 0.0914405 0.0995123 0.0877935 0.0628823 0.0367754 0.0179989 0.00820454 0.00483997 0.00490464 0.00658755 0.00912814 0.012243 0.0157616 0.0194969 0.0232294 0.0267296 0.0297858 0.0322239 0.0339155 0.0347786 0.0347748 0.0339082 0.0322289 0.0298369 0.02688 0.023545 0.0200385
 1.04239e-16 2.35155e-05 0.000137988 0.000655874 0.00252505 0.00787404 0.0198894 0.040698 0.0674676 0.0906258 0.0986679 0.0871488 0.0626384 0.0370697 0.0189507 0.00998469 0.00769853 0.00913767 0.0124588 0.0167677 0.0215458 0.0263128 0.0305542 0.0337842 0.0356471 0.0359976 0.0349281 0.0327305 0.0298099 0.0265801 0.0233763 0.020408 0.0177584 0.0154158 0.0133213 0.0114099
 1.0632e-16 4.33517e-06 2.53536e-05 0.000120331 0.000462964 0.00144343 0.00364666 0.00746653 0.0123955 0.0167039 0.0183279 0.0165251 0.0126118 0.00894061 0.00729568 0.00825878 0.011648 0.017123 0.0243872 0.0330744 0.0425997 0.0521234 0.0606474 0.0672007 0.0710516 0.071869 0.0697844 0.0653269 0.0592665 0.0524181 0.0454744 0.0389105 0.0329712 0.0277191 0.0231105 0.0190653
 1.13312e-16 1.04447e-05 6.12662e-05 0.000291162 0.00112087 0.00349521 0.00882869 0.0180657 0.0299502 0.0402353 0.0438184 0.0387333 0.0279075 0.0166572 0.00879039 0.00511136 0.00459192 0.00601413 0.0086762 0.0123132 0.0168266 0.0221106 0.0279883 0.0342071 0.0404589 0.046405 0.0517017 0.0560213 0.0590732 0.0606282 0.0605447 0.0587953 0.0554843 0.0508456 0.0452208 0.0390158
 1.20054e-16 1.5225e-06 8.86655e-06 4.20064e-05 0.000161492 0.000503371 0.00127186 0.00260553 0.00433106 0.00585323 0.0064664 0.00593452 0.0047522 0.00379345 0.00375601 0.00493905 0.00738737 0.0110857 0.0160065 0.0220481 0.0289662 0.0363608 0.0437248 0.0505382 0.0563733 0.0609712 0.0642656 0.0663423 0.0673589 0.0674566 0.0667013 0.0650744 0.062509 0.058951 0.0544194 0.049039
 1.29721e-16 1.21739e-06 7.10317e-06 3.36848e-05 0.000129556 0.000403856 0.00102013 0.00208824 0.00346532 0.00466565 0.0051085 0.004581 0.00344435 0.00234925 0.00179123 0.00194216 0.00278696 0.00431112 0.00657503 0.00969247 0.0137823 0.0189279 0.0251481 0.0323757 0.0404413 0.0490641 0.0578533 0.066323 0.073926 0.0801063 0.084365 0.0863291 0.08581 0.0828348 0.0776463 0.0706701
 1.3377e-16 4.78468e-06 2.80505e-05 0.00013328 0.00051304 0.00159975 0.00404082 0.00826852 0.0137081 0.0184163 0.0200582 0.0177348 0.012788 0.00765469 0.00408549 0.00246368 0.00234544 0.00321772 0.00482734 0.00714966 0.0102659 0.0142779 0.0192646 0.0252566 0.0322134 0.040001 0.0483724 0.0569581 0.0652754 0.0727611 0.0788303 0.0829516 0.0847275 0.0839589 0.0806816 0.075166
 1.18247e-16 2.11871e-05 0.000124341 0.000591042 0.00227551 0.00709594 0.0179237 0.0366744 0.0607921 0.081643 0.088846 0.0783739 0.0561146 0.0327747 0.0159591 0.00713322 0.00400707 0.00389203 0.00516706 0.0071601 0.00964272 0.0125109 0.0156721 0.0190299 0.0224953 0.0259949 0.0294666 0.0328418 0.0360232 0.0388683 0.0411907 0.0427805 0.0434416 0.0430343 0.0415096 0.0389283
 1.09355e-16 1.42606e-05 8.36438e-05 0.000397491 0.00153017 0.00477153 0.0120529 0.0246648 0.0408959 0.0549561 0.0598928 0.053043 0.0384353 0.0233705 0.013099 0.00876658 0.00898899 0.0120607 0.0168829 0.0228305 0.0293876 0.0359564 0.0418597 0.0464544 0.0492726 0.0501285 0.0491532 0.0467387 0.0434187 0.0397255 0.0360723 0.0326929 0.0296464 0.0268678 0.0242384 0.0216496
 1.05356e-16 2.50475e-05 0.000146992 0.000698702 0.00268999 0.00838841 0.0211885 0.0433553 0.071869 0.0965266 0.105062 0.0927258 0.0664925 0.0390414 0.0193917 0.00930751 0.00610819 0.00662274 0.0089067 0.0120867 0.0157555 0.0195998 0.023289 0.0264938 0.0289436 0.0304771 0.0310638 0.0307889 0.0298119 0.0283142 0.0264569 0.0243591 0.0220998 0.0197327 0.0173058 0.0148739
 1.06419e-16 5.68757e-06 3.32936e-05 0.000158079 0.000608306 0.00189667 0.00479152 0.00980897 0.016278 0.0219172 0.0239985 0.0215211 0.0161752 0.0109937 0.00824091 0.00858451 0.0116859 0.0170206 0.0241746 0.0327256 0.0420635 0.0513378 0.0595489 0.0657355 0.0691881 0.0696105 0.0671769 0.0624614 0.0562722 0.0494477 0.0426837 0.0364368 0.0309148 0.0261321 0.0219944 0.0183773
 1.09382e-16 1.87571e-05 0.000110069 0.000523176 0.00201419 0.00628099 0.0158653 0.0324631 0.0538133 0.0722765 0.0786689 0.0694341 0.0497969 0.0292542 0.014567 0.00707043 0.0047828 0.00537016 0.00743485 0.0103985 0.0140426 0.018216 0.0227313 0.0273554 0.0318319 0.0359082 0.0393572 0.041988 0.0436516 0.044245 0.0437196 0.0420913 0.0394517 0.0359676 0.0318701 0.0274294
 1.03053e-16 3.33753e-05 0.000195891 0.000931187 0.00358514 0.0111799 0.0282396 0.0577817 0.0957785 0.128625 0.139961 0.123436 0.0883169 0.0514562 0.0248117 0.0106563 0.00533343 0.00454446 0.00565925 0.0075317 0.00970807 0.011931 0.0139722 0.0156216 0.0167227 0.017205 0.0170953 0.0165009 0.0155741 0.0144686 0.0133055 0.0121555 0.0110421 0.00995706 0.0088812 0.00780173
 1.02541e-16 1.37913e-05 8.08739e-05 0.00038429 0.00147929 0.00461281 0.0116522 0.023846 0.0395431 0.0531526 0.0579653 0.0514261 0.0374593 0.0231662 0.0136802 0.0101751 0.011374 0.0156622 0.0219577 0.0295592 0.0377828 0.0457895 0.0526264 0.0573954 0.0594544 0.0585715 0.0549786 0.0493002 0.0423893 0.035125 0.0282374 0.0222049 0.0172381 0.0133286 0.0103331 0.00805466
pSPR Fmed_Fpbrs
0.371377   0.256628 0.256628
Fs Fmed_Fpbrs
0.64   1.005 1.005
SSBpbr Bo_Bmed_Bpbrs
5.01872e+06  1.6129e+06  1.03701e+06 1.03701e+06
Ro
26224.3
SPR SPRFo_SPRFmed_SPRFpbrs
540536 200743 138717
log_Ro
9.99444
likeval ReclasPelacesDesembMPH_pf_preclas_ppelaces_ptallas_desvR_qrecl_qpela
 0.00414872 48.3478 13965.6 198.517 537.641 400.942 82.4245 0 128.801 0 0 0 0 0 0
q_reclas_q_pelaces
1 1
M
0.7
N
 216462 15590.9 7742.22 3844.67 3792.51
 4239.95 101698 6930.17 3441.42 3394.74
 698.856 1992.02 45205 3080.47 3038.68
 492.377 328.338 885.456 20093.7 2719.97
 1331.99 231.329 145.946 393.586 10140.7
 412040 625.798 102.826 64.8733 4682.49
 9819.34 193585 278.168 45.7063 2110.21
 413621 4613.34 86048.9 123.646 958.306
 81658.3 194328 2050.63 38248.8 480.929
 325257 38364.9 86379 911.509 17215.4
 482518 152813 17053.2 38395.5 8057.43
 67406 226697 67925.6 7580.17 20648.4
 105142 31668.8 100767 30193 12547.6
 8631.09 49397.8 14076.8 44791.1 18998.2
 3283.49 4055.07 21957.4 6257.16 28354.4
 6686.4 1542.66 1802.48 9760.07 15384.9
 28491 3141.42 685.713 801.206 11177
 18887.5 13385.7 1396.36 304.8 5324.3
 46176.5 8873.76 5949.94 620.685 2502.14
 8435.35 21694.7 3944.39 2644.76 1388.1
 24689.4 3963.11 9643.32 1753.29 1792.61
 119526 11599.6 1761.61 4286.47 1576.15
 56946.8 56155.7 5156.03 783.036 2605.94
pred_Ctot
 8416.8 1183.56 587.74 291.863 287.904
 164.865 7720.3 526.095 261.251 257.707
 27.174 151.222 3431.68 233.85 230.677
 19.1454 24.9253 67.2183 1525.38 206.483
 51.7925 17.5611 11.0793 29.8786 769.817
 16021.6 47.5066 7.80591 4.92477 355.465
 381.811 14695.8 21.1167 3.46973 160.194
 16083 350.216 6532.29 9.38641 72.7486
 3175.17 14752.2 155.671 2903.61 36.5091
 12647.2 2912.42 6557.35 69.196 1306.88
 18762 11600.6 1294.57 2914.75 611.669
 2620.99 17209.4 5156.48 575.439 1567.49
 4088.28 2404.1 7649.61 2292.06 952.536
 335.607 3749.97 1068.62 3400.26 1442.23
 127.674 307.836 1666.86 475.004 2152.49
 259.991 117.109 136.833 740.923 1167.92
 1107.83 238.477 52.055 60.8225 848.484
 734.413 1016.16 106.003 23.1385 404.187
 1795.51 673.64 451.682 47.1185 189.947
 327.997 1646.93 299.433 200.773 105.376
 960.01 300.854 732.06 133.098 136.083
 4647.58 880.569 133.73 325.401 119.652
 2214.29 4262.99 391.414 59.4432 197.826
F
 0.0554016 0.110803 0.110803 0.110803 0.110803
 0.0554016 0.110803 0.110803 0.110803 0.110803
 0.0554016 0.110803 0.110803 0.110803 0.110803
 0.0554016 0.110803 0.110803 0.110803 0.110803
 0.0554016 0.110803 0.110803 0.110803 0.110803
 0.0554016 0.110803 0.110803 0.110803 0.110803
 0.0554016 0.110803 0.110803 0.110803 0.110803
 0.0554016 0.110803 0.110803 0.110803 0.110803
 0.0554016 0.110803 0.110803 0.110803 0.110803
 0.0554016 0.110803 0.110803 0.110803 0.110803
 0.0554016 0.110803 0.110803 0.110803 0.110803
 0.0554016 0.110803 0.110803 0.110803 0.110803
 0.0554016 0.110803 0.110803 0.110803 0.110803
 0.0554016 0.110803 0.110803 0.110803 0.110803
 0.0554016 0.110803 0.110803 0.110803 0.110803
 0.0554016 0.110803 0.110803 0.110803 0.110803
 0.0554016 0.110803 0.110803 0.110803 0.110803
 0.0554016 0.110803 0.110803 0.110803 0.110803
 0.0554016 0.110803 0.110803 0.110803 0.110803
 0.0554016 0.110803 0.110803 0.110803 0.110803
 0.0554016 0.110803 0.110803 0.110803 0.110803
 0.0554016 0.110803 0.110803 0.110803 0.110803
 0.0554016 0.110803 0.110803 0.110803 0.110803
Np
 30839.7 9265.54 4863.29 4537.27 492.323
YTP_r0W_actual
 109872 655428 83057.4 16465.8 68874.9
YTP_p0W_proyectada
 73926.2 278722 378018 44325 10790.7
 73926.2 96525.1 73650.5 87751.5 10566.4
CTP_r0_actual
 16647.3 27083.8 2486.75 377.657 1256.84
CTP_p0_proyectada
 9015.38 12903.8 12038.8 1105.36 242.487
 9015.38 4468.75 2345.56 2188.32 237.447
Wmedp
 8.2 21.6 31.4 40.1 44.5
nmprior
 10.8 10.6 4.6 0
nm_flota  nm_reclas  nm_pelaces    nm_pelaL
inf 1.23392 2.92682 3.25863
cv_recla  cv_pelaces  cv_mph
2.03684 0.851597 2.03366
 ------------------------------------------------
Talla a la edad & desviaci?n 
 7.2 14.2025 17.0495 18.207 18.6776
 1.08 2.13037 2.55742 2.73105 2.80164
