years
 1997 1998 1999 2000 2001 2002 2003 2004 2005 2006 2007 2008 2009 2010 2011 2012 2013 2014 2015 2016 2017 2018 2019 2020 2021
reclasobs
 0 0 0 370054 412103 1.49427e+06 250295 1.28982e+06 931140 785840 897777 1.04006e+06 184774 17550 25797 100020 73551 82996 120727 218422 84188 347160 605670 569463 516374
reclaspred
 296974 69087.2 121219 71521.9 135971 159771 536453 397616 575404 642216 548573 392906 284593 159763 124895 117557 127005 170026 176944 260183 395336 344706 574442 768358 877377
pelacesobs
 0 0 0 0 0 0 0 0 0 2.06254e+06 1.5e+06 0 1.87456e+06 323000 250000 174000 83755 137374 0 501740 490994 745055 786931 1.00524e+06 1.33801e+06
pelacespred
 641205 112142 128053 112470 196047 164717 832487 633990 887637 983655 759666 571004 419269 204638 159682 160417 179928 236682 253327 360121 608344 527432 714459 1.06019e+06 1.20879e+06
mphobs
 0 0 0 0 0 0 112323 0 153150 637223 0 255016 313432 73983 77613 109348 50772 17779 17303 59886 28197 0 207744 136588 643089
mphpred
 135782 70770.3 62745.7 42611.5 49956.7 95656.6 167855 272688 262203 348542 392186 295204 193482 88781.4 52533.1 46186.7 45524 57795.8 42379.3 46338.8 75306.8 94522.6 108672 157747 210307
desembarqueobs
 350755 77701 442110 56441 14545 235359 269955 359681 431902 328805 639364 411747 362871 311530 167758 66681 60226 58785 57116 73181 50977 67692 138656 160484 209506
desembarquepred
 350767 77703.5 442158 56448.7 14545.3 235402 269964 359667 431828 328772 639465 411851 362950 311865 167893 66708.9 60251.5 58791.1 57113.5 73179.5 50977 67689.4 138656 160482 209503
Reclutas
 33502 35772.4 14637.6 19699.1 40622.8 39215.7 91757.2 73801.8 135945 150416 73078.5 47244.3 59690.2 29538.2 19388.3 20660.2 17504.1 21736.3 24216.2 46311.9 62489.5 63297.9 112290 154070 50411.9
log_desv_Rt
 -0.304895 -0.239325 -1.13291 -0.835928 -0.112173 -0.147426 0.702645 0.484881 1.09575 1.1969 0.475033 0.0388302 0.272667 -0.430817 -0.851831 -0.788291 -0.954069 -0.73752 -0.629479 0.0188981 0.318497 0.33135 0.90458 1.22091 0.103726
SSB
 422423 220169 195204 132566 155417 297591 506456 838024 796387 1.06273e+06 1.2201e+06 918388 618668 413578 250398 223134 228022 279749 341929 390407 605975 743203 875809 1.22021e+06 1.76329e+06
BT
 1.43662e+06 333720 471736 261691 363253 478017 1.68213e+06 1.52673e+06 1.98242e+06 2.07287e+06 1.92814e+06 1.39596e+06 1.1032e+06 661222 428692 343708 375203 471506 504071 706136 1.13137e+06 1.0093e+06 1.38008e+06 2.03407e+06 2.32962e+06
Ftot
 0.95447 0.942595 2.19028 0.654061 0.105121 0.957943 0.496579 0.695979 0.688139 0.411255 0.674817 0.548611 0.787163 1.09688 0.821323 0.337043 0.3042 0.219667 0.191495 0.199917 0.0915074 0.113502 0.14507 0.142817 0.121988
BD_Bspro_t
 0.906168 0.611204 0.466227 0.234935 0.374696 0.590569 0.573879 0.654748 0.608304 0.630258 0.636271 0.4972 0.406537 0.351375 0.270002 0.290959 0.375576 0.520894 0.631011 0.710875 0.806563 0.869459 0.865927 0.867662 0.876518
BD_Bspro
 0.452085 0.235628 0.20891 0.141874 0.16633 0.318486 0.542018 0.896868 0.852306 1.13735 1.30577 0.982875 0.662109 0.442618 0.26798 0.238802 0.244033 0.299392 0.365938 0.41782 0.648524 0.795388 0.937306 1.30589 1.88711
BD_Bo
 0.321565 0.167601 0.148596 0.100914 0.118309 0.226537 0.385534 0.637936 0.60624 0.808988 0.928789 0.699112 0.470954 0.314831 0.190612 0.169858 0.173579 0.212955 0.26029 0.297193 0.461291 0.565754 0.666699 0.928868 1.34229
BD_Brms
 0.939 0.48941 0.433916 0.294678 0.345474 0.661511 1.1258 1.86283 1.77028 2.36232 2.71215 2.04147 1.37523 0.919337 0.556606 0.496002 0.506866 0.62185 0.760071 0.867832 1.34701 1.65206 1.94683 2.71238 3.91961
S_f
 0.131882 0.742695 0.982092 0.999041 0.999949
 0.131882 0.742695 0.982092 0.999041 0.999949
 0.131882 0.742695 0.982092 0.999041 0.999949
 0.131882 0.742695 0.982092 0.999041 0.999949
 0.131882 0.742695 0.982092 0.999041 0.999949
 0.131882 0.742695 0.982092 0.999041 0.999949
 0.131882 0.742695 0.982092 0.999041 0.999949
 0.131882 0.742695 0.982092 0.999041 0.999949
 0.131882 0.742695 0.982092 0.999041 0.999949
 0.131882 0.742695 0.982092 0.999041 0.999949
 0.131882 0.742695 0.982092 0.999041 0.999949
 0.131882 0.742695 0.982092 0.999041 0.999949
 0.131882 0.742695 0.982092 0.999041 0.999949
 0.131882 0.742695 0.982092 0.999041 0.999949
 0.131882 0.742695 0.982092 0.999041 0.999949
 0.131882 0.742695 0.982092 0.999041 0.999949
 0.131882 0.742695 0.982092 0.999041 0.999949
 0.131882 0.742695 0.982092 0.999041 0.999949
 0.131882 0.742695 0.982092 0.999041 0.999949
 0.131882 0.742695 0.982092 0.999041 0.999949
 0.131882 0.742695 0.982092 0.999041 0.999949
 0.131882 0.742695 0.982092 0.999041 0.999949
 0.131882 0.742695 0.982092 0.999041 0.999949
 0.131882 0.742695 0.982092 0.999041 0.999949
 0.131882 0.742695 0.982092 0.999041 0.999949
Scru_reclas
 1 1 1 1 1
 1 1 1 1 1
 1 1 1 1 1
 1 1 1 1 1
 1 1 1 1 1
 1 1 1 1 1
 1 1 1 1 1
 1 1 1 1 1
 1 1 1 1 1
 1 1 1 1 1
 1 1 1 1 1
 1 1 1 1 1
 1 1 1 1 1
 1 1 1 1 1
 1 1 1 1 1
 1 1 1 1 1
 1 1 1 1 1
 1 1 1 1 1
 1 1 1 1 1
 1 1 1 1 1
 1 1 1 1 1
 1 1 1 1 1
 1 1 1 1 1
 1 1 1 1 1
 1 1 1 1 1
Scru_pelaces
 1 1 1 1 1
 1 1 1 1 1
 1 1 1 1 1
 1 1 1 1 1
 1 1 1 1 1
 1 1 1 1 1
 1 1 1 1 1
 1 1 1 1 1
 1 1 1 1 1
 1 1 1 1 1
 1 1 1 1 1
 1 1 1 1 1
 1 1 1 1 1
 1 1 1 1 1
 1 1 1 1 1
 1 1 1 1 1
 1 1 1 1 1
 1 1 1 1 1
 1 1 1 1 1
 1 1 1 1 1
 1 1 1 1 1
 1 1 1 1 1
 1 1 1 1 1
 1 1 1 1 1
 1 1 1 1 1
pf_obs 
 0.256992 0.487395 0.22802 0.0275931 0
 0.321318 0.546541 0.124235 0.00734118 0.000564706
 0.182869 0.594174 0.210203 0.0122559 0.00049798
 0.330522 0.361315 0.267642 0.0388342 0.00168674
 0.649043 0.306663 0.0425973 0.00169635 0
 0.582887 0.30429 0.105238 0.00758474 0
 0.465427 0.430635 0.0974691 0.00646863 0
 0.296916 0.608066 0.0921331 0.00288517 0
 0.311714 0.524322 0.152257 0.0117073 0
 0.15457 0.633149 0.183074 0.0267441 0.00246327
 0.131901 0.49318 0.331252 0.0422183 0.00144891
 0.196976 0.569456 0.194076 0.0375587 0.00193317
 0.518974 0.381816 0.0799577 0.0180837 0.00116848
 0.0928022 0.601141 0.25162 0.0475244 0.00691264
 0.122501 0.610282 0.24278 0.0234846 0.000952079
 0.383417 0.481906 0.127806 0.00687128 0
 0.0376549 0.599619 0.316969 0.0457579 0
 0.0361596 0.667082 0.258105 0.0386534 0
 0.158088 0.579412 0.248529 0.0139706 0
 0.0477256 0.309471 0.559284 0.082774 0.000745712
 0.0406174 0.521527 0.379366 0.0568643 0.0016247
 0.151134 0.462217 0.34131 0.0453401 0
 0.294876 0.26143 0.354403 0.0886775 0.000613685
 0.281977 0.475581 0.204845 0.0348837 0.00271318
 0.0841818 0.532909 0.334909 0.0458182 0.00218182
pf_pred 
 0.335345 0.457206 0.185477 0.0219553 1.62679e-05
 0.301347 0.549794 0.114492 0.0308128 0.00355378
 0.172003 0.633972 0.164707 0.0226894 0.00662915
 0.350735 0.461784 0.16137 0.0223077 0.0038023
 0.38673 0.467752 0.113414 0.027722 0.00438269
 0.253401 0.569957 0.143188 0.0261741 0.00727953
 0.430425 0.398592 0.141899 0.0236953 0.00538882
 0.230674 0.628961 0.107555 0.0273284 0.00548116
 0.35847 0.416491 0.195066 0.0230941 0.00687858
 0.273426 0.566843 0.116253 0.0378053 0.00567242
 0.128692 0.590483 0.23352 0.034622 0.012683
 0.123382 0.423764 0.340667 0.0936585 0.0185279
 0.2216 0.373798 0.230903 0.131385 0.0423143
 0.149053 0.579188 0.157152 0.0661102 0.0484972
 0.161118 0.482732 0.273849 0.0481745 0.0341261
 0.208657 0.449727 0.227906 0.0879465 0.0257641
 0.169806 0.494825 0.215986 0.0801712 0.0392121
 0.204979 0.418358 0.251844 0.0809464 0.0438718
 0.199999 0.463476 0.201876 0.0905871 0.0440613
 0.294925 0.398752 0.198993 0.064861 0.0424696
 0.257875 0.507936 0.149077 0.055649 0.0294628
 0.191353 0.506338 0.224292 0.0499776 0.0280397
 0.265317 0.396383 0.233347 0.0782219 0.0267313
 0.252369 0.485745 0.159732 0.0708517 0.0313015
 0.0716362 0.581551 0.247088 0.0612499 0.0384749
pobs_RECLAS
 0 0 0 0 0
 0 0 0 0 0
 0 0 0 0 0
 0 0 0 0 0
 0.835266 0.146461 0.0176864 0.000547809 3.91292e-05
 0.385257 0.428462 0.181853 0.0044286 0
 0.867414 0.0963971 0.0333333 0.00285562 0
 0.441836 0.489002 0.0689373 0.000224442 0
 0.779404 0.147425 0.0564933 0.0165055 0.000172143
 0.814271 0.122319 0.05973 0.00367925 0
 0.40263 0.566651 0.0304383 0.000280538 0
 0.475488 0.404961 0.113038 0.00651328 0
 0.955842 0.0263864 0.0167828 0.000988607 0
 0.975058 0.0227948 0.00214734 0 0
 0.738997 0.206755 0.0527124 0.00153531 0
 0.850938 0.134255 0.0134407 0.00136685 0
 0.542534 0.407297 0.0501686 0 0
 0.764087 0.199537 0.0359546 0.000420521 0
 0.470689 0.182191 0.310203 0.0369168 0
 0.84361 0.089868 0.0606195 0.00523954 0.000663233
 0.607945 0.314616 0.071237 0.00620181 0
 0.523733 0.453247 0.0230204 0 0
 0.530135 0.295979 0.169645 0.0042399 0
 0.562478 0.366248 0.0663022 0.0049721 0
 0.250443 0.683176 0.0655157 0.000865301 0
ppred_RECLAS
 0.765682 0.175782 0.052442 0.00608939 4.50736e-06
 0.730741 0.224693 0.0344285 0.00908943 0.00104726
 0.601215 0.330069 0.0585529 0.00786711 0.00229548
 0.772448 0.174857 0.0454722 0.00617194 0.00105097
 0.791149 0.169248 0.0309828 0.00744383 0.00117575
 0.682776 0.258526 0.0477561 0.00856318 0.00237915
 0.824988 0.132596 0.0353088 0.00579138 0.00131583
 0.647362 0.302664 0.038459 0.00959345 0.00192224
 0.781752 0.155822 0.0542449 0.00630497 0.0018761
 0.695646 0.251474 0.0386726 0.0123551 0.00185205
 0.484121 0.381409 0.112168 0.0163273 0.00597532
 0.48391 0.287595 0.172661 0.04662 0.0092137
 0.659605 0.189625 0.0867416 0.0484422 0.015586
 0.535618 0.346575 0.0687038 0.0283371 0.0207658
 0.559866 0.285207 0.119652 0.0206566 0.0146182
 0.628413 0.237082 0.0902642 0.0342246 0.0100168
 0.565093 0.288707 0.0947529 0.0345597 0.0168876
 0.624421 0.224319 0.101727 0.0321329 0.0173995
 0.61336 0.2505 0.0822442 0.0362704 0.0176255
 0.727145 0.173199 0.0651394 0.0208666 0.0136504
 0.680656 0.237257 0.0525859 0.0192948 0.0102061
 0.596026 0.278857 0.0932472 0.0204226 0.0114475
 0.697948 0.18413 0.0817794 0.0269441 0.00919936
 0.676939 0.230098 0.0570885 0.0248887 0.0109855
 0.324937 0.46625 0.14952 0.0364301 0.0228631
pobs_PELACES
 0 0 0 0 0
 0 0 0 0 0
 0 0 0 0 0
 0 0 0 0 0
 0 0 0 0 0
 0 0 0 0 0
 0 0 0 0 0
 0 0 0 0 0
 0 0 0 0 0
 0 0 0 0 0
 0.450072 0.473896 0.0757376 0.000293798 0
 0 0 0 0 0
 0.463077 0.371075 0.160297 0.00555027 0
 0.529543 0.364841 0.0842815 0.0213345 0
 0.631943 0.363953 0.00410389 0 0
 0.735681 0.248677 0.0153453 0.000297389 0
 0.695825 0.281241 0.0229344 0 0
 0.275771 0.60734 0.115278 0.00161068 0
 0 0 0 0 0
 0.896147 0.0623911 0.0374545 0.00400742 0
 0.803859 0.145111 0.0509908 3.86294e-05 0
 0.739449 0.233085 0.0266225 0.000797448 4.60066e-05
 0.878498 0.100942 0.0204185 0.000141795 0
 0.694673 0.275183 0.0284847 0.00165964 0
 0.469039 0.446079 0.0841089 0.000773354 0
ppred_PELACES
 0.801377 0.151778 0.0419919 0.00485 3.58894e-06
 0.768617 0.195444 0.0277978 0.00730026 0.000840877
 0.706834 0.249549 0.0372349 0.00494194 0.00144102
 0.796711 0.158073 0.0390374 0.00527919 0.000898774
 0.794889 0.166483 0.0302246 0.00725739 0.00114627
 0.725797 0.22656 0.0388008 0.00692023 0.00192213
 0.84025 0.122186 0.0312849 0.00511715 0.00116247
 0.680372 0.276461 0.03325 0.00826188 0.00165509
 0.806901 0.140005 0.0461595 0.00534458 0.00159
 0.714068 0.237598 0.0353706 0.0112742 0.00168981
 0.521553 0.358643 0.0999969 0.0145009 0.00530583
 0.516365 0.274757 0.157957 0.0425191 0.00840184
 0.700164 0.171752 0.0738291 0.0410499 0.0132044
 0.595251 0.308759 0.0561268 0.0230081 0.0168551
 0.60561 0.261439 0.10279 0.0176642 0.0124975
 0.646372 0.22784 0.0844665 0.031966 0.0093548
 0.582097 0.279707 0.0896194 0.0326317 0.015944
 0.636395 0.218719 0.097481 0.0307538 0.0166516
 0.623753 0.245099 0.0792627 0.0349181 0.0169674
 0.736211 0.168432 0.0623541 0.019952 0.0130513
 0.685062 0.234429 0.0515848 0.0189178 0.0100064
 0.602198 0.275372 0.0912599 0.0199747 0.011196
 0.705025 0.180637 0.0793138 0.0261106 0.00891438
 0.683921 0.225875 0.0554119 0.0241384 0.0106539
 0.331025 0.463448 0.147196 0.0358394 0.0224916
pobs_pel_tallas
 0 0 0 0 0 0 0 0 0 0 0 0 0 0 0 0 0 0 0 0 0 0 0 0 0 0 0 0 0 0 0 0 0 0 0 0
 0 0 0 0 0 0 0 0 0 0 0 0 0 0 0 0 0 0 0 0 0 0 0 0 0 0 0 0 0 0 0 0 0 0 0 0
 0 0 0 0 0 0 0 0 0 0 0 0 0 0 0 0 0 0 0 0 0 0 0 0 0 0 0 0 0 0 0 0 0 0 0 0
 0 0 0 0 0 0 0 0 0 0 0 0 0 0 0 0 0 0 0 0 0 0 0 0 0 0 0 0 0 0 0 0 0 0 0 0
 0 0 0 0 0 0 0 0 0 0 0 0 0 0 0 0 0 0 0 0 0 0 0 0 0 0 0 0 0 0 0 0 0 0 0 0
 0 0 0 0 0 0 0 0 0 0 0 0 0 0 0 0 0 0 0 0 0 0 0 0 0 0 0 0 0 0 0 0 0 0 0 0
 0 0 0 0 0 0 0 0 0 0 0 0 0 0 0 0 0 0 0 0 0 0 0 0 0 0 0 0 0 0 0 0 0 0 0 0
 0 0 0 0 0 0 0 0 0 0 0 0 0 0 0 0 0 0 0 0 0 0 0 0 0 0 0 0 0 0 0 0 0 0 0 0
 0 0 0 0 0 0 0 0 0 0 0 0 0 0 0 0 0 0 0 0 0 0 0 0 0 0 0 0 0 0 0 0 0 0 0 0
 0 0 0 0 0 0 0 0 0 0 0 0 0 0 0 0 0 0 0 0 0 0 0 0 0 0 0 0 0 0 0 0 0 0 0 0
 0 0 0 0 0 0 0 0 1.78061e-05 0.00172719 0.00360574 0.0105946 0.0120993 0.0124554 0.0147524 0.0171206 0.0266825 0.0428682 0.0675386 0.121331 0.153587 0.119568 0.100827 0.0573624 0.0630603 0.0341343 0.0324427 0.0444173 0.0211091 0.0280891 0.0125444 0.00206551 0 0 0 0
 0 0 0 0 0 0 0 0 0 0 0 0 0 0 0 0 0 0 0 0 0 0 0 0 0 0 0 0 0 0 0 0 0 0 0 0
 0 0 0 0 0 0 0.0133647 0.0140871 0.0187388 0.0205184 0.03894 0.0496705 0.03968 0.0493445 0.0407372 0.0367815 0.0215668 0.0243155 0.0234873 0.0199281 0.019796 0.0243948 0.0301388 0.0376714 0.0412746 0.0863199 0.0771752 0.113111 0.0741005 0.0525337 0.0229764 0.00759418 0.00175318 0 0 0
 0 0 0 0 0 0 0 0 0 0 0.00219441 0.00772107 0.0458388 0.0604681 0.0671733 0.0775358 0.0609151 0.0617685 0.073594 0.0568108 0.0755445 0.0548602 0.0670107 0.0636378 0.0643287 0.046367 0.0373049 0.0286899 0.0247887 0.0153202 0.00654259 0.00121912 0.000365735 0 0 0
 0 0 0 0 0 0 0 0 0 0 0 0 0.000112435 0.00938835 0.0111873 0.0202946 0.0414886 0.0713402 0.111592 0.104902 0.108894 0.110636 0.117776 0.105296 0.107544 0.0401394 0.0192827 0.0124803 0.00416011 0.0028671 0.000618394 0 0 0 0 0
 0 0 0 0 0 0 0 0 0 0 0.00291406 0.0102884 0.027416 0.0768956 0.0749926 0.110853 0.0956884 0.0897413 0.0766577 0.0534642 0.0500743 0.0551293 0.0594112 0.0620874 0.0668451 0.0424026 0.0208742 0.0120726 0.0048766 0.00582813 0.00118941 0.000297354 0 0 0 0
 0 0.00264628 0.0354308 0.0461629 0.0458689 0.0383711 0.0214643 0.0164657 0.0346957 0.0420465 0.0363128 0.0245516 0.0311673 0.0291091 0.0169068 0.0133784 0.00837989 0.0085269 0.0148486 0.0160247 0.0276389 0.0546898 0.0760071 0.122758 0.109233 0.0665981 0.0333725 0.0166128 0.00676272 0.00308733 0.000882094 0 0 0 0 0
 0 0 0 0 0 0 0 0.000805153 0.000690131 0.00759144 0.0133425 0.0154129 0.00931677 0.000345066 0.00356568 0.00563607 0.00851162 0.0253048 0.0502646 0.0516448 0.0657925 0.0565908 0.0611916 0.0827007 0.0866115 0.110766 0.145733 0.0935128 0.0569358 0.0249597 0.0138026 0.00621118 0.00161031 0.00115022 0 0
 0 0 0 0 0 0 0 0 0 0 0 0 0 0 0 0 0 0 0 0 0 0 0 0 0 0 0 0 0 0 0 0 0 0 0 0
 0.00147267 0.00158595 0.00478618 0.00569244 0.00954404 0.0108468 0.00647125 0.017049 0.0510054 0.094081 0.124002 0.0959785 0.0687766 0.0820023 0.061753 0.0591476 0.0492212 0.0479892 0.0443925 0.0268479 0.0217502 0.0140895 0.0121071 0.0120363 0.00920419 0.00665534 0.0049561 0.00860946 0.00930331 0.0156896 0.0114698 0.00855282 0.00243557 0.00046729 0 2.83206e-05
 0 0 0 0 0.000772559 0.00158375 0.000888443 0.00281984 0.00712685 0.0440552 0.0773331 0.111326 0.0921469 0.0852325 0.0710754 0.0886704 0.0786465 0.0553345 0.0373146 0.0185414 0.00753245 0.00457741 0.012979 0.0271748 0.0457355 0.0583668 0.034881 0.0177882 0.00938659 0.00492506 0.0015258 0.00185414 0.000309023 5.79419e-05 3.86279e-05 0
 0 0.00173294 0.00326652 0 0.00397197 0.00683976 0.00946217 0.0152591 0.00757587 0.0136028 0.0228656 0.0392903 0.0559909 0.0764795 0.0681675 0.0726916 0.0566044 0.0477403 0.0527397 0.0444891 0.0609904 0.0582453 0.0661739 0.0445044 0.0529084 0.0360697 0.0280645 0.0235558 0.0158879 0.00826598 0.00280645 0.00217768 0.000904811 0.00058276 9.20147e-05 0
 0 0 0 0 0 0 0 0 0 0 0 0 0 0 0 0 0 0 0 0 0 0 0 0 0 0 0 0 0 0 0 0 0 0 0 0
 0 0 0 0 0 0 0 0 0 0 0 0 0 0 0 0 0 0 0 0 0 0 0 0 0 0 0 0 0 0 0 0 0 0 0 0
 0 0 0 0 0 0 0 0 0 0 0 0 0 0 0 0 0 0 0 0 0 0 0 0 0 0 0 0 0 0 0 0 0 0 0 0
ppred_pel_tallas
 1.00813e-16 3.49627e-05 0.000205209 0.000975482 0.00375568 0.0117118 0.0295829 0.0605304 0.100335 0.134744 0.14662 0.129309 0.0925205 0.0539081 0.0259988 0.0111729 0.00559834 0.00476842 0.00592165 0.00784767 0.0100576 0.0122651 0.0142128 0.0156641 0.0164435 0.0164746 0.015795 0.0145404 0.0129071 0.0111032 0.00930738 0.00764449 0.00618086 0.00493482 0.00389446 0.00303458
 1.00749e-16 3.35359e-05 0.000196829 0.000935633 0.00360224 0.0112332 0.0283743 0.0580577 0.0962376 0.129246 0.140649 0.12407 0.0888317 0.0518788 0.0252441 0.0112313 0.00618414 0.0057922 0.00740378 0.0098332 0.0125622 0.0152459 0.0175575 0.0191974 0.0199498 0.0197319 0.0186125 0.0167889 0.014535 0.0121355 0.00982954 0.00777753 0.00605514 0.00466867 0.00358091 0.00273653
 1.00848e-16 3.08441e-05 0.00018102 0.000860467 0.00331281 0.0103307 0.0260945 0.0533935 0.0885082 0.118872 0.129376 0.114167 0.0818282 0.0479649 0.0236687 0.0110894 0.00689558 0.00714464 0.0093994 0.0125407 0.0160282 0.0194496 0.0223924 0.0244739 0.0254181 0.0251192 0.023665 0.0213083 0.0184004 0.0153067 0.0123351 0.00969288 0.00747895 0.0057029 0.0043178 0.00325255
 1.0083e-16 3.47595e-05 0.000204015 0.000969807 0.00373383 0.0116436 0.0294108 0.0601782 0.0997513 0.133961 0.145769 0.128563 0.0919952 0.0536192 0.0258913 0.0111812 0.00568161 0.00491381 0.00613184 0.00812871 0.0104112 0.0126848 0.014682 0.0161575 0.0169305 0.0169239 0.0161805 0.0148454 0.0131262 0.0112421 0.00938013 0.00766972 0.00617768 0.00491973 0.00387947 0.00302674
 1.00787e-16 3.46803e-05 0.00020355 0.000967593 0.0037253 0.011617 0.0293436 0.0600408 0.0995238 0.133656 0.145439 0.128277 0.0917998 0.0535245 0.0258814 0.0112375 0.00579706 0.00509254 0.00638253 0.00845718 0.0108146 0.0131478 0.0151762 0.0166433 0.0173626 0.0172597 0.0163873 0.014907 0.0130453 0.0110392 0.00908851 0.00732867 0.00582559 0.00458852 0.00359138 0.00279348
 1.00953e-16 3.16701e-05 0.000185871 0.000883535 0.00340164 0.0106077 0.0267942 0.0548249 0.0908801 0.122055 0.132833 0.117201 0.0839669 0.0491458 0.0241163 0.0110732 0.00658362 0.00659123 0.00859442 0.0114579 0.0146556 0.017806 0.0205334 0.02249 0.0234232 0.0232334 0.0219953 0.0199325 0.0173571 0.0145954 0.0119223 0.00952374 0.0074898 0.0058318 0.0045117 0.0034707
 1.00715e-16 3.66565e-05 0.000215156 0.00102278 0.00393779 0.0122797 0.0310174 0.0634651 0.105198 0.141272 0.153714 0.135544 0.0969344 0.0563845 0.0270142 0.0113023 0.00521341 0.00400977 0.0047938 0.00631012 0.00807853 0.00984826 0.0114088 0.0125697 0.0131907 0.0132117 0.0126639 0.011658 0.0103524 0.0089145 0.00748739 0.00616993 0.00501341 0.00403038 0.00320922 0.0025282
 1.00924e-16 2.96913e-05 0.00017425 0.000828275 0.00318885 0.0099441 0.0251181 0.051396 0.0851981 0.114429 0.12455 0.109928 0.0788344 0.0462993 0.0230128 0.0110597 0.00724853 0.00779425 0.0103504 0.0138235 0.0176593 0.0214111 0.0246243 0.0268766 0.0278654 0.0274778 0.0258163 0.0231668 0.0199228 0.0164926 0.0132183 0.010328 0.00792719 0.00602108 0.00455148 0.00343382
 1.00959e-16 3.52031e-05 0.000206621 0.0009822 0.00378155 0.0117924 0.0297867 0.0609472 0.101025 0.13567 0.147625 0.130189 0.0931348 0.0542359 0.0261006 0.0111207 0.00543296 0.00449709 0.0055339 0.00733172 0.00941176 0.0115045 0.0133721 0.0147951 0.015609 0.0157385 0.0152117 0.0141461 0.0127147 0.0111025 0.00946936 0.00792843 0.00654196 0.00533087 0.00429037 0.0034046
 1.01046e-16 3.1159e-05 0.00018287 0.000869265 0.00334669 0.0104363 0.0263614 0.0539395 0.0894128 0.120085 0.130694 0.115321 0.082638 0.0484042 0.0238196 0.0110502 0.00672437 0.00685562 0.00898254 0.0119818 0.015322 0.0186079 0.0214473 0.0234764 0.0244324 0.0242134 0.0229005 0.0207308 0.0180335 0.0151512 0.0123718 0.00988795 0.00779076 0.00608832 0.00473709 0.00367249
 1.02283e-16 2.27696e-05 0.000133605 0.000635028 0.00244477 0.00762369 0.0192571 0.0394045 0.0653247 0.0877515 0.0955494 0.0844204 0.0607341 0.036057 0.018644 0.0101653 0.00824732 0.0100448 0.0137754 0.0185553 0.0238398 0.0290979 0.0337497 0.0372406 0.0391567 0.039316 0.0378044 0.0349383 0.031175 0.0269995 0.0228271 0.0189468 0.0155108 0.0125604 0.0100682 0.00797779
 1.04186e-16 2.254e-05 0.000132265 0.000628673 0.00242033 0.0075475 0.0190646 0.03901 0.0646685 0.0868635 0.0945658 0.0835115 0.0599937 0.0354446 0.0180124 0.00932381 0.00700649 0.00823596 0.0112669 0.0152808 0.0198345 0.0245296 0.0289287 0.0325983 0.0351902 0.0365095 0.0365445 0.0354455 0.0334675 0.0308975 0.0279928 0.0249477 0.0218896 0.0188964 0.0160205 0.0133074
 1.03132e-16 3.05501e-05 0.000179301 0.000852312 0.00328144 0.0102328 0.0258474 0.0528873 0.087667 0.117736 0.128124 0.113023 0.0809258 0.0472695 0.0230181 0.0102749 0.00571762 0.00543246 0.00702199 0.00942947 0.0122096 0.0150749 0.0177482 0.0199643 0.0215151 0.022291 0.0222971 0.021638 0.0204792 0.0189998 0.0173528 0.015645 0.0139365 0.0122549 0.0106141 0.00902845
 1.02476e-16 2.59809e-05 0.000152464 0.000724694 0.00279003 0.00870038 0.0219767 0.0449685 0.0745456 0.100128 0.109001 0.0962452 0.0691104 0.040767 0.0205955 0.0104535 0.00758288 0.00869945 0.0117599 0.0157897 0.0202531 0.0246778 0.0285654 0.031446 0.0329751 0.0330118 0.031647 0.0291686 0.0259811 0.0225051 0.0190922 0.0159756 0.0132644 0.0109687 0.00904012 0.00741092
 1.02736e-16 2.64309e-05 0.000155109 0.00073728 0.0028385 0.00885155 0.0223585 0.0457494 0.0758386 0.101861 0.110876 0.0978737 0.0702216 0.0413059 0.0206537 0.0101361 0.00693084 0.00768935 0.0103423 0.0139312 0.0179689 0.022053 0.0257603 0.0286836 0.0305102 0.0310875 0.0304496 0.028793 0.0264149 0.0236363 0.0207355 0.0179105 0.0152738 0.0128705 0.0107057 0.00877034
 1.02809e-16 2.82069e-05 0.000165539 0.000786873 0.00302946 0.00944705 0.0238626 0.0488267 0.0809382 0.108705 0.118313 0.104409 0.0748447 0.0438927 0.0217008 0.0102421 0.00648015 0.00682304 0.00905887 0.0121833 0.0157214 0.0193124 0.0225879 0.0251951 0.026863 0.0274588 0.0270103 0.0256846 0.0237341 0.0214297 0.0190041 0.0166204 0.0143689 0.0122837 0.0103686 0.00861843
 1.0323e-16 2.54063e-05 0.000149093 0.000708673 0.00272835 0.00850805 0.0214908 0.0439743 0.0728968 0.0979122 0.106584 0.0941017 0.0675502 0.0398049 0.0200334 0.0100468 0.00714463 0.00811669 0.0109745 0.0147854 0.0190564 0.0233641 0.0272596 0.0303125 0.0321958 0.0327563 0.0320406 0.0302683 0.0277633 0.0248701 0.0218818 0.0189998 0.0163305 0.0139058 0.0117167 0.00974227
 1.0329e-16 2.77715e-05 0.000162984 0.000774726 0.00298269 0.00930122 0.0234942 0.0480729 0.0796886 0.107027 0.116486 0.102794 0.0736828 0.043203 0.021345 0.0100506 0.00633048 0.00665008 0.00883577 0.0119059 0.0154026 0.0189824 0.0222934 0.0249953 0.0268226 0.0276373 0.0274513 0.0264071 0.0247282 0.0226577 0.0204062 0.0181238 0.0158977 0.0137682 0.0117516 0.00985938
 1.03198e-16 2.72213e-05 0.000159751 0.000759353 0.0029235 0.0091166 0.0230279 0.047119 0.0781082 0.104907 0.114185 0.10078 0.072275 0.042449 0.0211049 0.0101578 0.0066887 0.0072394 0.00967615 0.01302 0.0167907 0.0206074 0.0240764 0.0268213 0.0285556 0.0291428 0.0286206 0.0271756 0.0250848 0.0226422 0.0200967 0.0176188 0.0152968 0.0131575 0.0111944 0.00939329
 1.02236e-16 3.21218e-05 0.000188529 0.00089618 0.00345034 0.0107596 0.0271778 0.0556095 0.0921789 0.123794 0.134713 0.118827 0.0850619 0.0496463 0.0241016 0.0106312 0.00573241 0.00528079 0.00674848 0.00902148 0.0116345 0.0142944 0.0167244 0.0186635 0.0199119 0.0203718 0.0200639 0.0191111 0.0176992 0.0160269 0.0142643 0.0125297 0.0108875 0.00936093 0.0079513 0.00665425
 1.01927e-16 2.98941e-05 0.000175444 0.000833962 0.00321077 0.0100124 0.0252907 0.0517488 0.0857817 0.115209 0.125389 0.110646 0.0793 0.0464732 0.0229154 0.0107097 0.0066282 0.00685326 0.00902973 0.0120842 0.0155083 0.0189202 0.0219368 0.024199 0.0254417 0.0255523 0.0245927 0.0227738 0.0203958 0.0177727 0.0151689 0.0127624 0.01064 0.00881609 0.00726216 0.00593481
 1.02595e-16 2.62826e-05 0.000154238 0.000733134 0.00282254 0.00880175 0.0222327 0.0454922 0.0754126 0.10129 0.110258 0.0973361 0.0698532 0.0411239 0.0206265 0.0102275 0.00712539 0.00799276 0.0107695 0.0144931 0.0186626 0.0228548 0.0266241 0.0295441 0.0312918 0.0317167 0.0308681 0.0289682 0.0263448 0.0233481 0.0202785 0.017346 0.0146639 0.0122694 0.0101542 0.00829374
 1.02499e-16 3.07625e-05 0.000180547 0.000858232 0.00330423 0.0103039 0.0260269 0.0532547 0.0882762 0.118555 0.129016 0.113815 0.0815012 0.047623 0.0232225 0.0104204 0.00587366 0.00564204 0.00730953 0.00980611 0.0126731 0.0156068 0.0183122 0.0205075 0.0219732 0.0225962 0.0223882 0.0214696 0.0200283 0.018269 0.0163695 0.0144568 0.0126054 0.0108495 0.00920256 0.00767209
 1.02188e-16 2.9844e-05 0.000175151 0.00083257 0.00320541 0.00999573 0.0252485 0.0516624 0.0856382 0.115016 0.125177 0.110455 0.0791539 0.0463697 0.0228313 0.0106156 0.00649772 0.00666551 0.00876968 0.0117444 0.0150919 0.0184444 0.0214336 0.0237136 0.0250266 0.0252595 0.0244649 0.0228374 0.0206562 0.0182145 0.0157592 0.013457 0.0113903 0.00957527 0.00799032 0.00660173
 1.04523e-16 1.4466e-05 8.48459e-05 0.000403199 0.00155214 0.00484001 0.0122259 0.025019 0.0414838 0.055748 0.0607609 0.0538237 0.0390271 0.0237828 0.0134253 0.00912799 0.00949866 0.0128179 0.0179764 0.024336 0.0313559 0.0383957 0.0447195 0.0496136 0.0525369 0.0532397 0.0518083 0.0486195 0.0442269 0.0392196 0.034101 0.0292206 0.0247638 0.0207872 0.0172717 0.0141717
pSPR Fmed_Fpbrs
0.498212   0.392454 0.392454
Fs Fmed_Fpbrs
0.64   1.005 1.005
SSBpbr Bo_Bmed_Bpbrs
1.31365e+06  588793  449865 449865
Ro
45444.9
SPR SPRFo_SPRFmed_SPRFpbrs
934390 465524 366706
log_Ro
10.5443
likeval ReclasPelacesDesembMPH_pf_preclas_ppelaces_ptallas_desvR_qrecl_qpela
 0.00118458 26.9343 0.0121006 13.8437 310.155 188.195 51.1648 0 16.312 4.67023e-05 0 0 0 0 0
q_reclas_q_pelaces
0.379693 1
M
0.7
N
 33502 10294.2 3442.84 403.018 0.298443
 35772.4 14668.9 2516.09 669.596 77.1819
 14637.6 15687.5 3617.08 495.093 144.602
 19699.1 5445.18 1531.36 209.006 35.6006
 40622.8 8973.85 1663.57 400.039 63.1891
 39215.7 19894.9 4121.6 745.072 207.097
 91757.2 17162.7 4850.14 798.879 181.55
 73801.8 42676.8 5893.99 1478.93 296.428
 135945 33434.7 12638.6 1477.6 439.809
 150416 61651.7 9959.41 3192.93 478.716
 73078.5 70750.9 22557.4 3302.33 1208.92
 47244.3 33199.6 21284.6 5773.8 1141.38
 59690.2 21823.3 10969.2 6166.9 1984.87
 29538.2 26718.5 6039.72 2514.37 1843.47
 19388.3 12692.7 5875.01 1021.34 723.051
 20660.2 8639.57 3424.76 1302.25 381.197
 17504.1 9813.52 3340.21 1221.43 596.935
 21736.3 8350.44 3887.76 1230.33 666.271
 24216.2 10485.7 3522.49 1555.97 756.188
 46311.9 11725.5 4516.73 1449.33 948.203
 62489.5 22399.4 5019.3 1843.11 974.962
 63297.9 30659.1 10392.4 2278.28 1277.11
 112290 30965.8 13994.1 4616.34 1576.23
 154070 54704.7 13806.5 6026.47 2660.16
 50411.9 75081.3 24431.7 5958.87 3739.93
pred_Ctot
 2870.49 3913.59 1587.65 187.932 0.13925
 3028.93 5526.14 1150.8 309.708 35.7201
 2685.22 9897.22 2571.32 354.214 103.491
 1176.65 1549.2 541.366 74.8381 12.756
 402.544 486.879 118.052 28.8556 4.56191
 3371.59 7583.47 1905.17 348.256 96.8567
 4198.97 3888.44 1384.28 231.158 52.5702
 4679.51 12759.3 2181.89 554.39 111.192
 8526.56 9906.64 4639.82 549.316 163.614
 5728.7 11876.3 2435.69 792.081 118.846
 4498.22 20639.4 8162.3 1210.15 443.314
 2381.37 8178.97 6575.14 1807.68 357.602
 4258.32 7183.01 4437.08 2524.73 813.123
 2885.02 11210.6 3041.79 1279.61 938.699
 1440.38 4315.57 2448.18 430.674 305.083
 647.641 1395.88 707.385 272.973 79.9678
 496.177 1445.89 631.118 234.262 114.579
 447.112 912.546 549.336 176.565 95.6956
 434.951 1007.95 439.033 197.005 95.8229
 867.974 1173.54 585.642 190.888 124.99
 539.464 1062.58 311.864 116.415 61.635
 676.917 1791.18 793.437 176.797 99.1909
 1532.02 2288.83 1347.41 451.676 154.354
 2069.67 3983.57 1309.96 581.05 256.702
 579.136 4701.49 1997.56 495.168 311.047
F
 0.125878 0.70888 0.937378 0.953555 0.954422
 0.124312 0.70006 0.925716 0.941691 0.942548
 0.288859 1.62671 2.15106 2.18818 2.19017
 0.0862591 0.485768 0.642349 0.653434 0.654028
 0.0138635 0.0780725 0.103238 0.10502 0.105115
 0.126336 0.711459 0.940788 0.957024 0.957894
 0.06549 0.368807 0.487687 0.496103 0.496554
 0.0917872 0.5169 0.683515 0.695311 0.695944
 0.0907533 0.511077 0.675816 0.687479 0.688104
 0.0542373 0.305437 0.403891 0.410861 0.411234
 0.0889963 0.501183 0.662733 0.67417 0.674783
 0.072352 0.40745 0.538787 0.548085 0.548583
 0.103813 0.584622 0.773067 0.786409 0.787124
 0.144659 0.814648 1.07724 1.09583 1.09683
 0.108318 0.609993 0.806616 0.820536 0.821282
 0.04445 0.25032 0.331008 0.33672 0.337026
 0.0401185 0.225927 0.298752 0.303908 0.304184
 0.0289702 0.163146 0.215734 0.219457 0.219656
 0.0252548 0.142222 0.188066 0.191311 0.191485
 0.0263655 0.148477 0.196337 0.199726 0.199907
 0.0120682 0.067962 0.0898687 0.0914196 0.0915027
 0.0149689 0.0842971 0.111469 0.113393 0.113496
 0.0191321 0.107743 0.142472 0.144931 0.145062
 0.018835 0.106069 0.140259 0.14268 0.142809
 0.0160881 0.0905999 0.119804 0.121871 0.121982
Np
 41369.7 17993.4 5799.27 6302.64 2314.2
YTP_r0W_actual
 50791.4 651728 384404 118048 77198.5
YTP_p0W_proyectada
 30516.5 209945 509835 208024 80932.2
 30516.5 153349 86820.8 121820 49666.4
CTP_r0_actual
 4534.95 29624 11648.6 2872.21 1803.7
CTP_p0_proyectada
 3721.53 9719.68 16236.8 5187.63 1818.7
 3721.53 7099.47 2764.99 3037.91 1116.1
Wmedp
 8.2 21.6 31.4 40.1 44.5
nmprior
 10.8 10.6 4.6 0
nm_flota  nm_reclas  nm_pelaces    nm_pelaL
inf 18.0611 20.1648 49.6559
cv_recla  cv_pelaces  cv_mph
1.03773 0.588471 0.51597
 ------------------------------------------------
Talla a la edad & desviaci?n 
 7.2 14.2025 17.0495 18.207 18.6776
 1.08 2.13037 2.55742 2.73105 2.80164
