    unsorted:	 7.157841005e-07 -1.413935122e-08 2.824318158e-06 0.002199496919 0.006569088271 17.40042169 15.63123250 7.894906858 30.37594088 69.86212438 77.47469326 184.5270575 150.1738413 230.6544687 330.8109067 411.3183969 506.7647421 565.2247093 670.1453841 715.9430445 830.3063757 859.0907365 987.6506105 1156.245206 1236.781846 1268.660831 1373.876363 1595.954898 1757.005280 1990.343002 2180.122901 2311.709714 2529.064759 2669.911399 2767.823436 3228.369914 3555.725039 3936.772043 13044.31405 19230.85734 59154.65144 204567.1509 575917.2708 564298.2321 540803.7555 510466.6056 459787.6725 372228.5670 643910.0658 637681.3199 716593.3977 692678.4582 829578.4944 891750.7753 1019139.805 1111900.682 1274936.208 1463645.349 1528170.670 1756464.822 1917440.354 2115721.751 2374210.531 2577284.990 9749293.898 33116210.43
      sorted:	 -1.413935122e-08 7.157841005e-07 2.824318158e-06 0.002199496919 0.006569088271 7.894906858 15.63123250 17.40042169 30.37594088 69.86212438 77.47469326 150.1738413 184.5270575 230.6544687 330.8109067 411.3183969 506.7647421 565.2247093 670.1453841 715.9430445 830.3063757 859.0907365 987.6506105 1156.245206 1236.781846 1268.660831 1373.876363 1595.954898 1757.005280 1990.343002 2180.122901 2311.709714 2529.064759 2669.911399 2767.823436 3228.369914 3555.725039 3936.772043 13044.31405 19230.85734 59154.65144 204567.1509 372228.5670 459787.6725 510466.6056 540803.7555 564298.2321 575917.2708 637681.3199 643910.0658 692678.4582 716593.3977 829578.4944 891750.7753 1019139.805 1111900.682 1274936.208 1463645.349 1528170.670 1756464.822 1917440.354 2115721.751 2374210.531 2577284.990 9749293.898 33116210.43
