years
 1997 1998 1999 2000 2001 2002 2003 2004 2005 2006 2007 2008 2009 2010 2011 2012 2013 2014 2015 2016 2017 2018 2019 2020 2021
reclasobs
 0 0 0 370054 412103 1.49427e+06 250295 1.28982e+06 931140 785840 897777 1.04006e+06 184774 17550 25797 100020 73551 82996 120727 218422 84188 347160 605670 569463 516374
reclaspred
 872264 170560 350192 158208 218735 273721 709536 590104 901427 1.18543e+06 1.2008e+06 875079 569087 320465 220358 192980 194585 252514 268673 374801 627897 614244 948397 1.15205e+06 1.50782e+06
pelacesobs
 0 0 0 0 0 0 0 0 0 2.06254e+06 1.5e+06 0 1.87456e+06 323000 250000 174000 83755 137374 0 501740 490994 745055 786931 1.00524e+06 1.33801e+06
pelacespred
 505471 161137 109260 103621 126859 109188 374238 353660 511867 696145 622359 475897 315100 155003 103686 99937.8 103786 131350 147295 196497 358810 373629 449118 620146 782994
mphobs
 0 0 0 0 0 0 112323 0 153150 637223 0 255016 313432 73983 77613 109348 50772 17779 17303 59886 28197 0 207744 136588 643089
mphpred
 629827 320404 250581 172207 152908 251478 393445 625200 643062 988950 1.18467e+06 894475 585672 368318 202084 159086 147837 183192 229166 251291 440265 591664 658775 909903 1.17256e+06
desembarqueobs
 350755 77701 442110 56441 14545 235359 269955 359681 431902 328805 639364 411747 362871 311530 167758 66681 60226 58785 57116 73181 50977 67692 138656 160484 209506
desembarquepred
 350765 77703.3 442172 56446.4 14545.2 235406 269935 359617 431756 328721 639374 411790 362867 311770 167857 66708.3 60251.2 58790.4 57111.7 73172.3 50974.6 67688 138651 160472 209494
Reclutas
 34794.7 34637.5 16466.1 16338 32785.8 34516.8 74449.2 66535.3 143868 157086 76490.4 48422.9 57751.6 30973 17960.8 16651.3 14217.2 16561.3 18401 38311.4 55191.6 48486.5 83866.5 114133 45355
log_desv_Rt
 -0.152701 -0.157229 -0.900862 -0.908669 -0.21217 -0.160719 0.607951 0.495567 1.26673 1.35463 0.635 0.177806 0.353987 -0.269048 -0.813976 -0.88968 -1.04771 -0.8951 -0.789762 -0.0564181 0.308646 0.17912 0.727061 1.0352 0.112354
SSB
 629827 320404 250581 172207 152908 251478 381690 617444 628975 970294 1.18467e+06 894475 600841 380044 213599 170899 164799 197131 235445 269608 450616 591664 675550 894910 1.25336e+06
BT
 1.69526e+06 438117 544277 286976 323874 408527 1.32962e+06 1.2113e+06 1.82741e+06 1.99099e+06 1.89261e+06 1.36795e+06 1.05885e+06 620437 374456 267941 282068 342098 356799 523668 903812 799632 1.05706e+06 1.49875e+06 1.72404e+06
Ftot
 0.384589 0.434258 1.1189 0.342354 0.0649577 0.792725 0.365682 0.575435 0.457892 0.267761 0.503616 0.447008 0.599042 0.886302 0.70814 0.331678 0.298018 0.225181 0.205776 0.189367 0.0792275 0.107321 0.142097 0.135485 0.135051
BD_Bspro_t
 0.945924 0.697291 0.534402 0.279014 0.365496 0.549352 0.496755 0.572739 0.545933 0.596817 0.614976 0.473832 0.384837 0.31775 0.226649 0.223104 0.283082 0.406624 0.512594 0.604787 0.733683 0.822237 0.817802 0.813424 0.818556
BD_Bspro
 0.755699 0.384437 0.300659 0.206623 0.183466 0.301736 0.457972 0.740841 0.754676 1.16421 1.42143 1.07324 0.72092 0.455997 0.256288 0.205053 0.197735 0.236527 0.282498 0.323489 0.540672 0.709908 0.810559 1.07376 1.50384
BD_Bo
 0.401792 0.204398 0.159856 0.109858 0.0975459 0.160428 0.243496 0.393893 0.401248 0.61899 0.755748 0.570622 0.383301 0.242446 0.136264 0.109023 0.105132 0.125758 0.1502 0.171994 0.287466 0.377446 0.43096 0.570899 0.799569
BD_Brms
 1.95505 0.994569 0.777831 0.534551 0.474642 0.780617 1.18481 1.91662 1.95241 3.0119 3.67734 2.77655 1.86508 1.1797 0.663037 0.53049 0.511556 0.611916 0.730846 0.836894 1.39876 1.83659 2.09698 2.7779 3.89057
S_f
 0.5 1 1 1 1
 0.5 1 1 1 1
 0.5 1 1 1 1
 0.5 1 1 1 1
 0.5 1 1 1 1
 0.5 1 1 1 1
 0.5 1 1 1 1
 0.5 1 1 1 1
 0.5 1 1 1 1
 0.5 1 1 1 1
 0.5 1 1 1 1
 0.5 1 1 1 1
 0.5 1 1 1 1
 0.5 1 1 1 1
 0.5 1 1 1 1
 0.5 1 1 1 1
 0.5 1 1 1 1
 0.5 1 1 1 1
 0.5 1 1 1 1
 0.5 1 1 1 1
 0.5 1 1 1 1
 0.5 1 1 1 1
 0.5 1 1 1 1
 0.5 1 1 1 1
 0.5 1 1 1 1
Scru_reclas
 0.5 1 1 1 1
 0.5 1 1 1 1
 0.5 1 1 1 1
 0.5 1 1 1 1
 0.5 1 1 1 1
 0.5 1 1 1 1
 0.5 1 1 1 1
 0.5 1 1 1 1
 0.5 1 1 1 1
 0.5 1 1 1 1
 0.5 1 1 1 1
 0.5 1 1 1 1
 0.5 1 1 1 1
 0.5 1 1 1 1
 0.5 1 1 1 1
 0.5 1 1 1 1
 0.5 1 1 1 1
 0.5 1 1 1 1
 0.5 1 1 1 1
 0.5 1 1 1 1
 0.5 1 1 1 1
 0.5 1 1 1 1
 0.5 1 1 1 1
 0.5 1 1 1 1
 0.5 1 1 1 1
Scru_pelaces
 0.5 1 1 1 1
 0.5 1 1 1 1
 0.5 1 1 1 1
 0.5 1 1 1 1
 0.5 1 1 1 1
 0.5 1 1 1 1
 0.5 1 1 1 1
 0.5 1 1 1 1
 0.5 1 1 1 1
 0.5 1 1 1 1
 0.5 1 1 1 1
 0.5 1 1 1 1
 0.5 1 1 1 1
 0.5 1 1 1 1
 0.5 1 1 1 1
 0.5 1 1 1 1
 0.5 1 1 1 1
 0.5 1 1 1 1
 0.5 1 1 1 1
 0.5 1 1 1 1
 0.5 1 1 1 1
 0.5 1 1 1 1
 0.5 1 1 1 1
 0.5 1 1 1 1
 0.5 1 1 1 1
pf_obs 
 0.256992 0.487395 0.22802 0.0275931 0
 0.321318 0.546541 0.124235 0.00734118 0.000564706
 0.182869 0.594174 0.210203 0.0122559 0.00049798
 0.330522 0.361315 0.267642 0.0388342 0.00168674
 0.649043 0.306663 0.0425973 0.00169635 0
 0.582887 0.30429 0.105238 0.00758474 0
 0.465427 0.430635 0.0974691 0.00646863 0
 0.296916 0.608066 0.0921331 0.00288517 0
 0.311714 0.524322 0.152257 0.0117073 0
 0.15457 0.633149 0.183074 0.0267441 0.00246327
 0.131901 0.49318 0.331252 0.0422183 0.00144891
 0.196976 0.569456 0.194076 0.0375587 0.00193317
 0.518974 0.381816 0.0799577 0.0180837 0.00116848
 0.0928022 0.601141 0.25162 0.0475244 0.00691264
 0.122501 0.610282 0.24278 0.0234846 0.000952079
 0.383417 0.481906 0.127806 0.00687128 0
 0.0376549 0.599619 0.316969 0.0457579 0
 0.0361596 0.667082 0.258105 0.0386534 0
 0.158088 0.579412 0.248529 0.0139706 0
 0.0477256 0.309471 0.559284 0.082774 0.000745712
 0.0406174 0.521527 0.379366 0.0568643 0.0016247
 0.151134 0.462217 0.34131 0.0453401 0
 0.294876 0.26143 0.354403 0.0886775 0.000613685
 0.281977 0.475581 0.204845 0.0348837 0.00271318
 0.0841818 0.532909 0.334909 0.0458182 0.00218182
pf_pred 
 0.463255 0.378971 0.14109 0.0166775 6.54098e-06
 0.466924 0.351153 0.128448 0.0478207 0.00565485
 0.32821 0.447009 0.14807 0.0541623 0.0225489
 0.521759 0.277707 0.133436 0.0441999 0.0228989
 0.632178 0.259929 0.0626517 0.0301036 0.0151377
 0.499027 0.389663 0.0786594 0.0189596 0.0136909
 0.714194 0.204888 0.0629392 0.0127052 0.00527377
 0.507281 0.417573 0.0538706 0.0165485 0.00472717
 0.693681 0.217317 0.0754282 0.00973092 0.00384312
 0.550865 0.376444 0.0515701 0.0178994 0.00322117
 0.311 0.500179 0.158261 0.0216806 0.0088793
 0.315131 0.350273 0.2429 0.0768556 0.0148407
 0.46471 0.274014 0.133628 0.0926658 0.0349819
 0.368788 0.425886 0.105106 0.0512568 0.0489628
 0.387957 0.37026 0.163133 0.0402602 0.0383886
 0.465518 0.326337 0.125919 0.0554787 0.026747
 0.415345 0.384235 0.12237 0.0472171 0.030833
 0.464661 0.325248 0.138072 0.0439727 0.0280467
 0.459366 0.351026 0.115197 0.0489027 0.025508
 0.60884 0.251563 0.0906384 0.0297451 0.0192136
 0.554334 0.34167 0.0668819 0.0240976 0.0130164
 0.403421 0.428232 0.129063 0.0252642 0.0140196
 0.524599 0.276823 0.142541 0.0429601 0.013076
 0.513523 0.338953 0.0859024 0.0442327 0.0173888
 0.232449 0.52722 0.167451 0.0424378 0.0304425
pobs_RECLAS
 0 0 0 0 0
 0 0 0 0 0
 0 0 0 0 0
 0 0 0 0 0
 0.835266 0.146461 0.0176864 0.000547809 3.91292e-05
 0.385257 0.428462 0.181853 0.0044286 0
 0.867414 0.0963971 0.0333333 0.00285562 0
 0.441836 0.489002 0.0689373 0.000224442 0
 0.779404 0.147425 0.0564933 0.0165055 0.000172143
 0.814271 0.122319 0.05973 0.00367925 0
 0.40263 0.566651 0.0304383 0.000280538 0
 0.475488 0.404961 0.113038 0.00651328 0
 0.955842 0.0263864 0.0167828 0.000988607 0
 0.975058 0.0227948 0.00214734 0 0
 0.738997 0.206755 0.0527124 0.00153531 0
 0.850938 0.134255 0.0134407 0.00136685 0
 0.542534 0.407297 0.0501686 0 0
 0.764087 0.199537 0.0359546 0.000420521 0
 0.470689 0.182191 0.310203 0.0369168 0
 0.84361 0.089868 0.0606195 0.00523954 0.000663233
 0.607945 0.314616 0.071237 0.00620181 0
 0.523733 0.453247 0.0230204 0 0
 0.530135 0.295979 0.169645 0.0042399 0
 0.562478 0.366248 0.0663022 0.0049721 0
 0.250443 0.683176 0.0655157 0.000865301 0
ppred_RECLAS
 0.467133 0.376233 0.140071 0.016557 6.49373e-06
 0.471466 0.34816 0.127353 0.0474133 0.00560667
 0.3436 0.436769 0.144678 0.0529216 0.0220324
 0.525112 0.275759 0.1325 0.04389 0.0227383
 0.632645 0.259599 0.0625722 0.0300654 0.0151185
 0.509422 0.381577 0.0770272 0.0185661 0.0134068
 0.717168 0.202756 0.0622844 0.0125731 0.0052189
 0.513918 0.411948 0.0531449 0.0163255 0.0046635
 0.69782 0.214381 0.0744092 0.00959944 0.0037912
 0.553317 0.374389 0.0512886 0.0178017 0.00320359
 0.315773 0.496714 0.157164 0.0215304 0.00881778
 0.319234 0.348174 0.241445 0.0763952 0.0147518
 0.471697 0.270437 0.131884 0.0914562 0.0345253
 0.380234 0.418164 0.1032 0.0503274 0.048075
 0.396401 0.365152 0.160883 0.0397048 0.037859
 0.468734 0.324374 0.125161 0.055145 0.0265861
 0.418093 0.382429 0.121795 0.0469951 0.0306881
 0.466664 0.324031 0.137555 0.0438082 0.0279417
 0.461164 0.349858 0.114814 0.0487401 0.0254232
 0.610402 0.250558 0.0902763 0.0296263 0.0191369
 0.554948 0.341199 0.0667899 0.0240644 0.0129985
 0.404253 0.427635 0.128883 0.025229 0.014
 0.525777 0.276137 0.142188 0.0428536 0.0130436
 0.514641 0.338174 0.0857049 0.044131 0.0173488
 0.233246 0.526673 0.167277 0.0423937 0.0304109
pobs_PELACES
 0 0 0 0 0
 0 0 0 0 0
 0 0 0 0 0
 0 0 0 0 0
 0 0 0 0 0
 0 0 0 0 0
 0 0 0 0 0
 0 0 0 0 0
 0 0 0 0 0
 0 0 0 0 0
 0.450072 0.473896 0.0757376 0.000293798 0
 0 0 0 0 0
 0.463077 0.371075 0.160297 0.00555027 0
 0.529543 0.364841 0.0842815 0.0213345 0
 0.631943 0.363953 0.00410389 0 0
 0.735681 0.248677 0.0153453 0.000297389 0
 0.695825 0.281241 0.0229344 0 0
 0.275771 0.60734 0.115278 0.00161068 0
 0 0 0 0 0
 0.896147 0.0623911 0.0374545 0.00400742 0
 0.803859 0.145111 0.0509908 3.86294e-05 0
 0.739449 0.233085 0.0266225 0.000797448 4.60066e-05
 0.878498 0.100942 0.0204185 0.000141795 0
 0.694673 0.275183 0.0284847 0.00165964 0
 0.469039 0.446079 0.0841089 0.000773354 0
ppred_PELACES
 0.482956 0.365061 0.135911 0.0160653 6.3009e-06
 0.48935 0.33638 0.123044 0.045809 0.00541696
 0.386352 0.408322 0.135255 0.0494747 0.0205974
 0.539175 0.267593 0.128576 0.0425903 0.022065
 0.635132 0.257842 0.0621485 0.0298618 0.0150162
 0.542024 0.356219 0.0719083 0.0173323 0.0125158
 0.729244 0.194098 0.0596249 0.0120362 0.00499605
 0.537588 0.391888 0.0505571 0.0155306 0.00443641
 0.713509 0.20325 0.0705458 0.00910103 0.00359436
 0.564209 0.36526 0.0500379 0.0173676 0.00312547
 0.333996 0.483486 0.152979 0.020957 0.00858295
 0.335472 0.339869 0.235686 0.0745729 0.0143999
 0.496378 0.257803 0.125723 0.0871837 0.0329124
 0.415247 0.39454 0.0973697 0.0474842 0.045359
 0.424668 0.348052 0.153349 0.0378454 0.0360861
 0.482382 0.316041 0.121946 0.0537283 0.0259031
 0.430103 0.374536 0.119281 0.0460252 0.0300548
 0.475922 0.318406 0.135167 0.0430477 0.0274567
 0.469611 0.344374 0.113014 0.047976 0.0250247
 0.617807 0.245796 0.0885606 0.0290632 0.0187732
 0.558174 0.338726 0.0663057 0.02389 0.0129043
 0.408525 0.424568 0.127959 0.0250481 0.0138996
 0.531619 0.272736 0.140436 0.0423257 0.0128829
 0.520223 0.334285 0.0847192 0.0436234 0.0171493
 0.237255 0.523919 0.166402 0.0421721 0.0302519
pobs_pel_tallas
 0 0 0 0 0 0 0 0 0 0 0 0 0 0 0 0 0 0 0 0 0 0 0 0 0 0 0 0 0 0 0 0 0 0 0 0
 0 0 0 0 0 0 0 0 0 0 0 0 0 0 0 0 0 0 0 0 0 0 0 0 0 0 0 0 0 0 0 0 0 0 0 0
 0 0 0 0 0 0 0 0 0 0 0 0 0 0 0 0 0 0 0 0 0 0 0 0 0 0 0 0 0 0 0 0 0 0 0 0
 0 0 0 0 0 0 0 0 0 0 0 0 0 0 0 0 0 0 0 0 0 0 0 0 0 0 0 0 0 0 0 0 0 0 0 0
 0 0 0 0 0 0 0 0 0 0 0 0 0 0 0 0 0 0 0 0 0 0 0 0 0 0 0 0 0 0 0 0 0 0 0 0
 0 0 0 0 0 0 0 0 0 0 0 0 0 0 0 0 0 0 0 0 0 0 0 0 0 0 0 0 0 0 0 0 0 0 0 0
 0 0 0 0 0 0 0 0 0 0 0 0 0 0 0 0 0 0 0 0 0 0 0 0 0 0 0 0 0 0 0 0 0 0 0 0
 0 0 0 0 0 0 0 0 0 0 0 0 0 0 0 0 0 0 0 0 0 0 0 0 0 0 0 0 0 0 0 0 0 0 0 0
 0 0 0 0 0 0 0 0 0 0 0 0 0 0 0 0 0 0 0 0 0 0 0 0 0 0 0 0 0 0 0 0 0 0 0 0
 0 0 0 0 0 0 0 0 0 0 0 0 0 0 0 0 0 0 0 0 0 0 0 0 0 0 0 0 0 0 0 0 0 0 0 0
 0 0 0 0 0 0 0 0 1.78061e-05 0.00172719 0.00360574 0.0105946 0.0120993 0.0124554 0.0147524 0.0171206 0.0266825 0.0428682 0.0675386 0.121331 0.153587 0.119568 0.100827 0.0573624 0.0630603 0.0341343 0.0324427 0.0444173 0.0211091 0.0280891 0.0125444 0.00206551 0 0 0 0
 0 0 0 0 0 0 0 0 0 0 0 0 0 0 0 0 0 0 0 0 0 0 0 0 0 0 0 0 0 0 0 0 0 0 0 0
 0 0 0 0 0 0 0.0133647 0.0140871 0.0187388 0.0205184 0.03894 0.0496705 0.03968 0.0493445 0.0407372 0.0367815 0.0215668 0.0243155 0.0234873 0.0199281 0.019796 0.0243948 0.0301388 0.0376714 0.0412746 0.0863199 0.0771752 0.113111 0.0741005 0.0525337 0.0229764 0.00759418 0.00175318 0 0 0
 0 0 0 0 0 0 0 0 0 0 0.00219441 0.00772107 0.0458388 0.0604681 0.0671733 0.0775358 0.0609151 0.0617685 0.073594 0.0568108 0.0755445 0.0548602 0.0670107 0.0636378 0.0643287 0.046367 0.0373049 0.0286899 0.0247887 0.0153202 0.00654259 0.00121912 0.000365735 0 0 0
 0 0 0 0 0 0 0 0 0 0 0 0 0.000112435 0.00938835 0.0111873 0.0202946 0.0414886 0.0713402 0.111592 0.104902 0.108894 0.110636 0.117776 0.105296 0.107544 0.0401394 0.0192827 0.0124803 0.00416011 0.0028671 0.000618394 0 0 0 0 0
 0 0 0 0 0 0 0 0 0 0 0.00291406 0.0102884 0.027416 0.0768956 0.0749926 0.110853 0.0956884 0.0897413 0.0766577 0.0534642 0.0500743 0.0551293 0.0594112 0.0620874 0.0668451 0.0424026 0.0208742 0.0120726 0.0048766 0.00582813 0.00118941 0.000297354 0 0 0 0
 0 0.00264628 0.0354308 0.0461629 0.0458689 0.0383711 0.0214643 0.0164657 0.0346957 0.0420465 0.0363128 0.0245516 0.0311673 0.0291091 0.0169068 0.0133784 0.00837989 0.0085269 0.0148486 0.0160247 0.0276389 0.0546898 0.0760071 0.122758 0.109233 0.0665981 0.0333725 0.0166128 0.00676272 0.00308733 0.000882094 0 0 0 0 0
 0 0 0 0 0 0 0 0.000805153 0.000690131 0.00759144 0.0133425 0.0154129 0.00931677 0.000345066 0.00356568 0.00563607 0.00851162 0.0253048 0.0502646 0.0516448 0.0657925 0.0565908 0.0611916 0.0827007 0.0866115 0.110766 0.145733 0.0935128 0.0569358 0.0249597 0.0138026 0.00621118 0.00161031 0.00115022 0 0
 0 0 0 0 0 0 0 0 0 0 0 0 0 0 0 0 0 0 0 0 0 0 0 0 0 0 0 0 0 0 0 0 0 0 0 0
 0.00147267 0.00158595 0.00478618 0.00569244 0.00954404 0.0108468 0.00647125 0.017049 0.0510054 0.094081 0.124002 0.0959785 0.0687766 0.0820023 0.061753 0.0591476 0.0492212 0.0479892 0.0443925 0.0268479 0.0217502 0.0140895 0.0121071 0.0120363 0.00920419 0.00665534 0.0049561 0.00860946 0.00930331 0.0156896 0.0114698 0.00855282 0.00243557 0.00046729 0 2.83206e-05
 0 0 0 0 0.000772559 0.00158375 0.000888443 0.00281984 0.00712685 0.0440552 0.0773331 0.111326 0.0921469 0.0852325 0.0710754 0.0886704 0.0786465 0.0553345 0.0373146 0.0185414 0.00753245 0.00457741 0.012979 0.0271748 0.0457355 0.0583668 0.034881 0.0177882 0.00938659 0.00492506 0.0015258 0.00185414 0.000309023 5.79419e-05 3.86279e-05 0
 0 0.00173294 0.00326652 0 0.00397197 0.00683976 0.00946217 0.0152591 0.00757587 0.0136028 0.0228656 0.0392903 0.0559909 0.0764795 0.0681675 0.0726916 0.0566044 0.0477403 0.0527397 0.0444891 0.0609904 0.0582453 0.0661739 0.0445044 0.0529084 0.0360697 0.0280645 0.0235558 0.0158879 0.00826598 0.00280645 0.00217768 0.000904811 0.00058276 9.20147e-05 0
 0 0 0 0 0 0 0 0 0 0 0 0 0 0 0 0 0 0 0 0 0 0 0 0 0 0 0 0 0 0 0 0 0 0 0 0
 0 0 0 0 0 0 0 0 0 0 0 0 0 0 0 0 0 0 0 0 0 0 0 0 0 0 0 0 0 0 0 0 0 0 0 0
 0 0 0 0 0 0 0 0 0 0 0 0 0 0 0 0 0 0 0 0 0 0 0 0 0 0 0 0 0 0 0 0 0 0 0 0
ppred_pel_tallas
 1.02601e-16 2.10869e-05 0.000123726 0.000588057 0.00226392 0.00705971 0.0178326 0.0364899 0.0604939 0.0812656 0.0884963 0.0782102 0.0563133 0.0335271 0.0175108 0.00982965 0.00830569 0.0103214 0.0142352 0.0192241 0.0247619 0.0303176 0.0353018 0.0391444 0.0414104 0.0418941 0.0406565 0.0379907 0.0343352 0.0301631 0.0258868 0.0218023 0.0180789 0.0147824 0.0119143 0.00944727
 1.03684e-16 2.13645e-05 0.000125358 0.000595824 0.00229384 0.00715301 0.0180682 0.0369717 0.0612918 0.0823345 0.0896524 0.0792135 0.0569952 0.033852 0.0175323 0.00960795 0.00785907 0.00962544 0.0132464 0.0179061 0.0231073 0.0283637 0.0331383 0.03691 0.0392791 0.0400513 0.0392714 0.0371918 0.0341927 0.0306824 0.027013 0.0234328 0.0200803 0.0170085 0.014222 0.0117096
 1.04716e-16 1.68762e-05 9.90012e-05 0.000470506 0.00181131 0.00564824 0.0142674 0.0291955 0.0484048 0.0650365 0.0708522 0.0626861 0.0452863 0.0272646 0.0147954 0.0091871 0.00875444 0.0114473 0.0159651 0.0216143 0.0278816 0.034198 0.0399169 0.0444104 0.0471995 0.0480574 0.0470489 0.0444905 0.0408516 0.0366325 0.0322598 0.0280286 0.0240962 0.0205131 0.0172704 0.0143417
 1.04407e-16 2.35343e-05 0.000138103 0.00065643 0.00252721 0.00788078 0.0199064 0.0407323 0.0675231 0.0906958 0.0987324 0.087178 0.0625991 0.0369262 0.018658 0.00948152 0.00690711 0.00797444 0.0108547 0.0146949 0.0190449 0.023512 0.0276719 0.0311087 0.0334937 0.0346517 0.0345874 0.0334635 0.0315407 0.0291048 0.0264045 0.0236184 0.0208532 0.0181627 0.0155755 0.0131166
 1.02694e-16 2.77179e-05 0.000162666 0.000773207 0.00297683 0.00928293 0.0234481 0.0479788 0.0795336 0.106822 0.116271 0.102624 0.0736039 0.0432426 0.021523 0.0103966 0.00689111 0.00748312 0.00999447 0.0134187 0.0172529 0.0210934 0.0245239 0.0271504 0.0286794 0.0289821 0.0281177 0.0263069 0.0238658 0.0211261 0.0183658 0.0157717 0.0134346 0.0113709 0.00955508 0.0079493
 1.02318e-16 2.3662e-05 0.000138845 0.00065994 0.00254069 0.00792281 0.0200126 0.0409504 0.0678869 0.0911914 0.0992904 0.0877144 0.0630794 0.0373999 0.0192468 0.0103458 0.00821946 0.00990114 0.0135328 0.0181974 0.023339 0.0284257 0.0328821 0.0361632 0.0378688 0.0378339 0.0361626 0.0331891 0.0293845 0.025242 0.0211767 0.0174693 0.014256 0.0115571 0.009322 0.007473
 1.01557e-16 3.18191e-05 0.000186749 0.000887715 0.00341774 0.0106579 0.026921 0.0550842 0.091309 0.122628 0.13345 0.117728 0.0843071 0.0492701 0.0240387 0.0108063 0.00611311 0.00587923 0.00759752 0.0101489 0.0130429 0.0159476 0.0185419 0.0205245 0.0216691 0.021873 0.0211763 0.019742 0.0178085 0.0156297 0.0134231 0.0113403 0.00946269 0.00781457 0.00638625 0.00515457
 1.01587e-16 2.347e-05 0.000137714 0.000654557 0.00251996 0.00785814 0.0198493 0.0406165 0.0673344 0.0904525 0.0984942 0.087031 0.0626313 0.0372209 0.0193132 0.0106339 0.00873818 0.0106896 0.0146386 0.0196516 0.025134 0.0304995 0.0351126 0.0383767 0.0398614 0.039404 0.0371451 0.0334836 0.0289706 0.024178 0.0195845 0.015509 0.0120996 0.00936427 0.00722398 0.00556411
 1.01549e-16 3.11334e-05 0.000182723 0.000868569 0.00334402 0.010428 0.0263404 0.0538962 0.0893401 0.119985 0.130577 0.115202 0.0825162 0.0482597 0.0236137 0.0107309 0.00623334 0.00613456 0.00798351 0.0106815 0.0137379 0.0168106 0.0195635 0.0216792 0.0229179 0.0231678 0.0224659 0.0209785 0.0189519 0.0166501 0.014302 0.0120695 0.0100429 0.00825424 0.00669951 0.00535977
 1.01573e-16 2.46297e-05 0.000144526 0.000686944 0.00264466 0.00824703 0.0208316 0.0426261 0.0706646 0.0949219 0.10335 0.0912956 0.0656434 0.0388971 0.019974 0.0106651 0.00838488 0.010038 0.0136834 0.0183611 0.0234901 0.0285179 0.0328517 0.0359348 0.0373648 0.0369878 0.0349318 0.0315646 0.0273961 0.0229555 0.0186864 0.0148848 0.0116891 0.00910865 0.00707284 0.00547864
 1.03451e-16 1.45964e-05 8.56095e-05 0.000406825 0.00156609 0.00488352 0.0123358 0.0252441 0.0418574 0.0562514 0.061313 0.054321 0.0394055 0.0240488 0.0136385 0.00936417 0.00982613 0.0132916 0.0186376 0.025209 0.0324399 0.0396566 0.0460854 0.0509774 0.0537678 0.0542 0.0523744 0.0486999 0.0437756 0.0382406 0.0326452 0.0273763 0.0226435 0.0185136 0.0149648 0.0119383
 1.06692e-16 1.4655e-05 8.59669e-05 0.000408552 0.00157279 0.00490444 0.0123885 0.0253508 0.0420305 0.0564722 0.0615225 0.0544328 0.0393267 0.0236836 0.0128687 0.00802576 0.00770474 0.0101471 0.014255 0.019467 0.0253842 0.0315576 0.037458 0.0425469 0.0463782 0.0486823 0.0494033 0.0486773 0.0467665 0.0439776 0.0405922 0.0368314 0.0328544 0.0287788 0.0247069 0.0207421
 1.06403e-16 2.16676e-05 0.000127145 0.000604338 0.00232664 0.00725534 0.0183266 0.0374998 0.0621649 0.0835002 0.0909031 0.080274 0.0576616 0.0340542 0.0172829 0.00890996 0.00665429 0.00780212 0.0106805 0.0145122 0.0188864 0.0234403 0.0277765 0.031501 0.0342968 0.0359847 0.036548 0.0361102 0.0348809 0.0330881 0.030925 0.0285242 0.0259618 0.0232802 0.0205158 0.0177187
 1.05262e-16 1.81354e-05 0.000106396 0.000505665 0.00194668 0.00607041 0.0153337 0.0313772 0.0520205 0.0698901 0.0761282 0.0673263 0.048578 0.0291251 0.0155845 0.0093389 0.00855285 0.0110031 0.0152841 0.0206614 0.0266181 0.0326 0.037986 0.0421784 0.0447291 0.0454376 0.0443874 0.0419033 0.0384527 0.0345234 0.0305207 0.0267119 0.0232218 0.0200678 0.0172107 0.0145998
 1.05277e-16 1.85445e-05 0.000108801 0.000517109 0.00199076 0.00620787 0.0156809 0.0320872 0.0531961 0.0714651 0.0778319 0.068805 0.049584 0.0296069 0.0156229 0.00902677 0.00792418 0.0100339 0.0139282 0.0188904 0.0244521 0.0301272 0.035367 0.0396326 0.0425028 0.0437607 0.0434288 0.0417375 0.0390465 0.0357455 0.0321717 0.0285638 0.0250587 0.021717 0.0185602 0.0156015
 1.04891e-16 2.10597e-05 0.000123571 0.000587333 0.00226115 0.00705109 0.0178107 0.0364448 0.0604178 0.0811592 0.0883694 0.0780721 0.0561571 0.0333206 0.0171957 0.00932704 0.00752187 0.00915685 0.0125995 0.0170579 0.0220627 0.0271626 0.0318591 0.0356662 0.0382072 0.0392926 0.0389508 0.0373983 0.0349665 0.032011 0.0288349 0.0256481 0.0225652 0.0196302 0.0168527 0.0142369
 1.04802e-16 1.87825e-05 0.000110196 0.000523736 0.00201627 0.00628741 0.0158818 0.0324985 0.0538785 0.0723834 0.0788363 0.0697028 0.0502525 0.0300488 0.0159331 0.00932388 0.00830681 0.0105711 0.0146626 0.0198372 0.0255917 0.031398 0.036664 0.040816 0.0434174 0.0442622 0.043411 0.041153 0.0379161 0.0341535 0.030249 0.0264646 0.0229355 0.0197006 0.0167465 0.0140473
 1.04785e-16 2.07782e-05 0.000121918 0.000579473 0.00223089 0.0069567 0.0175723 0.035957 0.0596094 0.080074 0.0871897 0.0770342 0.0554203 0.0329029 0.0170164 0.00928829 0.00755961 0.00924569 0.0127378 0.0172538 0.022326 0.0275004 0.0322736 0.0361531 0.0387551 0.039883 0.0395594 0.0379975 0.0355276 0.0325074 0.029245 0.0259578 0.0227691 0.0197322 0.0168647 0.0141769
 1.04535e-16 2.0504e-05 0.000120306 0.000571805 0.00220135 0.0068646 0.0173397 0.0354813 0.0588216 0.0790182 0.0860466 0.07604 0.0547391 0.0325667 0.016967 0.00945881 0.00792151 0.00980982 0.0135319 0.018298 0.0236143 0.0289886 0.0338755 0.0377472 0.0402006 0.0410433 0.0403269 0.0383123 0.0353874 0.031964 0.0283913 0.0249083 0.0216397 0.0186237 0.0158521 0.0133062
 1.03214e-16 2.6962e-05 0.000158229 0.000752116 0.00289563 0.00902971 0.0228084 0.04667 0.077364 0.103908 0.113098 0.0998236 0.0715937 0.042059 0.0209298 0.0101054 0.00669698 0.00728143 0.00974701 0.0131245 0.0169367 0.0208032 0.0243288 0.0271342 0.0289287 0.0295714 0.0290941 0.027679 0.025599 0.0231464 0.0205705 0.0180443 0.015661 0.0134534 0.0114211 0.00955561
 1.02476e-16 2.43655e-05 0.000142977 0.000679586 0.00261634 0.00815873 0.0206085 0.0421695 0.069907 0.0939024 0.102235 0.0903 0.0649037 0.0384111 0.0196375 0.0103476 0.00797772 0.00946429 0.0128936 0.017333 0.0222365 0.0270951 0.0313626 0.0345218 0.0361928 0.0362187 0.0346971 0.0319429 0.0284001 0.0245321 0.020728 0.017249 0.0142203 0.0116583 0.00951448 0.00771685
 1.03465e-16 1.78437e-05 0.00010468 0.0004975 0.00191523 0.00597232 0.015086 0.0308706 0.0511817 0.0687665 0.0749131 0.0662727 0.0478634 0.0287881 0.0155704 0.00958706 0.00904811 0.0117768 0.0163893 0.0221454 0.0284981 0.0348457 0.0405088 0.0448324 0.0473232 0.0477582 0.0462266 0.0430868 0.0388616 0.0341066 0.0292974 0.0247645 0.0206833 0.0171047 0.0140047 0.0113306
 1.04139e-16 2.32051e-05 0.00013617 0.000647237 0.00249181 0.0077704 0.0196276 0.0401619 0.0665778 0.089427 0.0973535 0.0859662 0.0617414 0.0364454 0.0184618 0.00945879 0.00698673 0.00813096 0.0110901 0.015021 0.0194726 0.0240459 0.0283069 0.0318283 0.0342712 0.0354518 0.0353702 0.0341884 0.0321707 0.0296098 0.026764 0.0238231 0.0209053 0.0180756 0.0153719 0.0128256
 1.03612e-16 2.27105e-05 0.000133261 0.000633396 0.0024385 0.00760414 0.0192077 0.0393032 0.0651561 0.0875229 0.0952952 0.084183 0.0605355 0.0358834 0.0184521 0.00989829 0.0078458 0.00945201 0.0129422 0.0174494 0.0224578 0.0274768 0.031973 0.0354363 0.0374842 0.0379464 0.0368953 0.0346112 0.0314985 0.0279818 0.0244183 0.0210481 0.0179898 0.0152676 0.0128531 0.0107029
 1.05396e-16 1.03796e-05 6.08498e-05 0.000289106 0.00111283 0.00347004 0.00876556 0.0179393 0.029751 0.0399989 0.0436431 0.0387731 0.0283592 0.0177708 0.0109078 0.00870215 0.0102474 0.0143795 0.0203185 0.0275412 0.0354983 0.0434817 0.0506635 0.0562378 0.0595939 0.0604484 0.0588975 0.0553639 0.0504695 0.0448754 0.0391456 0.03367 0.028655 0.024162 0.0201693 0.0166273
pSPR Fmed_Fpbrs
0.370333   0.255515 0.255515
Fs Fmed_Fpbrs
0.64   1.005 1.005
SSBpbr Bo_Bmed_Bpbrs
1.56754e+06  502137  322153 322153
Ro
40535
SPR SPRFo_SPRFmed_SPRFpbrs
833437 308649 212955
log_Ro
10.4299
likeval ReclasPelacesDesembMPH_pf_preclas_ppelaces_ptallas_desvR_qrecl_qpela
 0.00150232 50.5061 0.00813534 75.155 348.369 202.335 55.3809 0 16.8939 0 0 0 0 0 0
q_reclas_q_pelaces
1 1
M
0.7
N
 34794.7 15426.1 5743.09 678.86 0.266252
 34637.5 14255.9 5214.65 1941.4 229.572
 16466.1 13843.4 4585.56 1677.35 698.316
 16338 4673.24 2245.45 743.796 385.342
 32785.8 6836.8 1647.9 791.8 398.161
 34516.8 15760.7 3181.53 766.855 553.753
 74449.2 11531.5 3542.36 715.078 296.819
 66535.3 30792.6 3972.52 1220.32 348.591
 143868 24779.4 8600.67 1109.56 438.21
 157086 56823.5 7784.41 2701.88 486.23
 76490.4 68231.9 21589.1 2957.55 1211.27
 48422.9 29528.5 20476.9 6479.05 1251.09
 57751.6 19229.9 9377.84 6503.16 2454.98
 30973 21255.8 5245.79 2558.21 2443.72
 17960.8 9874.6 4350.66 1073.71 1023.8
 16651.3 6259.62 2415.31 1064.16 513.047
 14217.2 7005.16 2230.98 860.835 562.131
 16561.3 6082.67 2582.17 822.361 524.519
 18401 7348.34 2411.53 1023.72 533.983
 38311.4 8244.24 2970.41 974.809 629.67
 55191.6 17306.2 3387.69 1220.59 659.306
 48486.5 26342.9 7939.39 1554.14 862.42
 83866.5 22819.7 11750.3 3541.38 1077.91
 114133 38790.6 9830.88 5062.09 1990.02
 45355 52964.5 16822.1 4263.3 3058.25
pred_Ctot
 4426.22 3620.92 1348.06 159.347 0.0624965
 4922.98 3702.35 1354.28 504.194 59.6215
 5238.41 7134.49 2363.27 864.458 359.892
 1866.89 993.655 477.442 158.151 81.9339
 754.913 310.394 74.8152 35.9481 18.0767
 8309.76 6488.64 1309.83 315.713 227.979
 9041.5 2593.82 796.793 160.845 66.7644
 12163.3 10012.3 1291.68 396.789 113.345
 21452.8 6720.74 2332.69 300.938 118.852
 14265.6 9748.68 1335.5 463.537 83.4179
 12424.1 19981.6 6322.34 866.115 354.718
 7065.19 7853.06 5445.78 1723.09 332.726
 10936.5 6448.67 3144.82 2180.8 823.266
 8178.97 9445.28 2331.03 1136.77 1085.9
 3930.5 3751.21 1652.75 407.887 388.926
 1847.57 1295.18 499.752 220.187 106.155
 1427.68 1320.75 420.628 162.301 105.984
 1276.52 893.524 379.312 120.802 77.0501
 1301.56 994.588 326.397 138.56 72.2739
 2502.69 1034.07 372.577 122.27 78.9793
 1545.14 952.363 186.425 67.1692 36.2817
 1827.46 1939.86 584.647 114.445 63.5076
 4153.52 2191.75 1128.57 340.137 103.529
 5397.27 3562.5 902.859 464.898 182.762
 2138.14 4849.54 1540.27 390.356 280.019
F
 0.192294 0.384589 0.384589 0.384589 0.384589
 0.217129 0.434258 0.434258 0.434258 0.434258
 0.55945 1.1189 1.1189 1.1189 1.1189
 0.171177 0.342354 0.342354 0.342354 0.342354
 0.0324789 0.0649577 0.0649577 0.0649577 0.0649577
 0.396362 0.792725 0.792725 0.792725 0.792725
 0.182841 0.365682 0.365682 0.365682 0.365682
 0.287718 0.575435 0.575435 0.575435 0.575435
 0.228946 0.457892 0.457892 0.457892 0.457892
 0.13388 0.267761 0.267761 0.267761 0.267761
 0.251808 0.503616 0.503616 0.503616 0.503616
 0.223504 0.447008 0.447008 0.447008 0.447008
 0.299521 0.599042 0.599042 0.599042 0.599042
 0.443151 0.886302 0.886302 0.886302 0.886302
 0.35407 0.70814 0.70814 0.70814 0.70814
 0.165839 0.331678 0.331678 0.331678 0.331678
 0.149009 0.298018 0.298018 0.298018 0.298018
 0.112591 0.225181 0.225181 0.225181 0.225181
 0.102888 0.205776 0.205776 0.205776 0.205776
 0.0946834 0.189367 0.189367 0.189367 0.189367
 0.0396138 0.0792275 0.0792275 0.0792275 0.0792275
 0.0536603 0.107321 0.107321 0.107321 0.107321
 0.0710483 0.142097 0.142097 0.142097 0.142097
 0.0677427 0.135485 0.135485 0.135485 0.135485
 0.0675257 0.135051 0.135051 0.135051 0.135051
Np
 34633.9 10405.5 3826.67 4176.9 1567.77
YTP_r0W_actual
 148497 561983 267738 84509 63129.5
YTP_p0W_proyectada
 83021.3 219312 347994 141150 56920.4
 83021.3 108401 57951.7 80782 33648
CTP_r0_actual
 13258.7 25544.7 8113.27 2056.18 1474.99
CTP_p0_proyectada
 10124.5 10153.3 11082.6 3519.96 1279.11
 10124.5 5018.54 1845.59 2014.51 756.135
Wmedp
 8.2 21.6 31.4 40.1 44.5
nmprior
 10.8 10.6 4.6 0
nm_flota  nm_reclas  nm_pelaces    nm_pelaL
inf 14.7165 9.61622 18.9629
cv_recla  cv_pelaces  cv_mph
1.16865 0.805831 1.2022
 ------------------------------------------------
Talla a la edad & desviaci?n 
 7.2 14.2025 17.0495 18.207 18.6776
 1.08 2.13037 2.55742 2.73105 2.80164
