years
 1997 1998 1999 2000 2001 2002 2003 2004 2005 2006 2007 2008 2009 2010 2011 2012 2013 2014 2015 2016 2017 2018 2019 2020 2021 2022 2023
reclasobs
 0 0 0 370054 412103 1.49427e+06 250295 1.28982e+06 931140 785840 897777 1.04006e+06 184774 17550 25797 100020 73551 82996 120727 218422 84188 347160 605670 569463 516374 1.08416e+06 1.01767e+06
reclaspred
 646261 148223 247429 129415 247935 288857 934875 691822 906021 1.03934e+06 887718 623799 447222 224119 141043 119837 125586 164944 179243 258986 399994 356133 573467 743437 852823 677862 447229
pelacesobs
 0 0 0 0 0 0 0 0 0 2.06254e+06 1.5e+06 0 1.87456e+06 323000 250000 174000 83755 137374 0 501740 490994 745055 786931 1.00524e+06 1.33801e+06 1.41789e+06 0
pelacespred
 1.67856e+06 296928 300506 246291 445997 340674 1.8479e+06 1.3014e+06 1.71242e+06 1.90899e+06 1.38713e+06 1.03183e+06 769179 305886 194720 176635 194214 261573 278717 408576 724382 602875 801280 1.16969e+06 1.27251e+06 1.11429e+06 678354
mphobs
 0 0 0 0 0 0 112323 0 153150 637223 0 255016 313432 73983 77613 109348 50772 17779 17303 59886 28197 0 207744 136588 643089 65757 70829
mphpred
 194085 98554.3 85058.7 51493.4 57731.3 112020 187897 307041 276371 349169 391856 274529 176226 120293 57564.9 42080.8 39338.6 49484 33986.6 38018.8 63534.5 81023.8 90804.5 129201 166714 148029 104426
desembarqueobs
 350755 77701 442110 56441 14545 235359 269955 359681 431902 328805 639364 411747 362871 311530 167758 66681 60226 58785 57116 73181 50977 67692 138656 160484 209506 203330 245020
desembarquepred
 350770 77700.8 442102 56448.3 14545.6 235387 269938 359626 431762 328750 639220 411667 362792 311704 167818 66706.5 60253.2 58777.4 57099.4 73171.1 50975.5 67684.4 138656 160477 209500 203332 245025
Reclutas
 32353.2 35938.2 12548.4 16717.4 36510.2 33515.4 81130.2 62024.3 107338 125773 64963.5 49138.9 59144.9 26404.3 13886.6 12916.3 9925.87 12371.8 14147.2 23876.9 31464.2 32809.5 55894.2 74985.5 25019.2 26813.2 27884.9
log_desv_Rt
 -0.00141969 0.103668 -0.948536 -0.661679 0.119461 0.0338726 0.917924 0.649395 1.19785 1.35635 0.695695 0.416518 0.601859 -0.204605 -0.847205 -0.91964 -1.18299 -0.962709 -0.828614 -0.305221 -0.0292828 0.0125862 0.545329 0.839164 -0.258488 -0.189238 -0.150045
SSB
 436678 221741 191377 115857 129892 252037 409151 681496 604858 768060 881650 617672 410435 270867 134716 99685.5 97604.7 116850 145537 171635 270325 335998 387712 525536 745558 685286 455646
BT
 1.42112e+06 335980 441783 228203 315730 414045 1.44729e+06 1.27364e+06 1.55826e+06 1.60973e+06 1.50709e+06 1.07499e+06 871055 497321 270907 175447 182010 225320 237967 336399 534483 474378 642703 926522 1.02816e+06 939597 679856
Ftot
 0.761984 0.772146 1.8343 0.640072 0.104873 0.953816 0.529366 0.708852 0.800643 0.477545 0.8178 0.763457 1.12853 1.55804 1.45854 0.690183 0.625411 0.48079 0.38999 0.396728 0.172339 0.217575 0.289139 0.284924 0.249819 0.307557 0.58972
BD_Bspro_t
 0.90905 0.613135 0.461055 0.212401 0.335476 0.549334 0.522939 0.605254 0.5387 0.550469 0.554402 0.396334 0.307942 0.252547 0.158103 0.145736 0.192028 0.2943 0.402045 0.502837 0.638323 0.740405 0.734502 0.734301 0.745346 0.667821 0.568181
BD_Bspro
 0.652558 0.331362 0.285987 0.173133 0.194106 0.376637 0.611422 1.01841 0.903881 1.14776 1.31751 0.923029 0.61334 0.404775 0.201315 0.148967 0.145857 0.174617 0.217486 0.256486 0.403965 0.502104 0.579384 0.785344 1.11414 1.02407 0.680902
BD_Bo
 0.470269 0.238798 0.206098 0.124769 0.139883 0.271425 0.440624 0.733919 0.651386 0.827141 0.949469 0.665185 0.442006 0.291703 0.145079 0.107354 0.105113 0.125839 0.156732 0.184838 0.291119 0.361844 0.417536 0.565962 0.802909 0.738 0.490695
BD_Brms
 1.5696 0.797027 0.687886 0.416436 0.466884 0.905925 1.47066 2.44958 2.17411 2.76072 3.16901 2.22016 1.47527 0.973606 0.484224 0.35831 0.350831 0.420007 0.52312 0.616927 0.971659 1.20771 1.39359 1.88899 2.67984 2.4632 1.63778
S_f
 0.147608 1 1 1 1
 0.147608 1 1 1 1
 0.147608 1 1 1 1
 0.147608 1 1 1 1
 0.147608 1 1 1 1
 0.147608 1 1 1 1
 0.147608 1 1 1 1
 0.147608 1 1 1 1
 0.147608 1 1 1 1
 0.147608 1 1 1 1
 0.147608 1 1 1 1
 0.147608 1 1 1 1
 0.147608 1 1 1 1
 0.147608 1 1 1 1
 0.147608 1 1 1 1
 0.147608 1 1 1 1
 0.147608 1 1 1 1
 0.147608 1 1 1 1
 0.147608 1 1 1 1
 0.147608 1 1 1 1
 0.147608 1 1 1 1
 0.147608 1 1 1 1
 0.147608 1 1 1 1
 0.147608 1 1 1 1
 0.147608 1 1 1 1
 0.147608 1 1 1 1
 0.147608 1 1 1 1
Scru_reclas
 0.811031 1 1 1 1
 0.811031 1 1 1 1
 0.811031 1 1 1 1
 0.811031 1 1 1 1
 0.811031 1 1 1 1
 0.811031 1 1 1 1
 0.811031 1 1 1 1
 0.811031 1 1 1 1
 0.811031 1 1 1 1
 0.811031 1 1 1 1
 0.811031 1 1 1 1
 0.811031 1 1 1 1
 0.811031 1 1 1 1
 0.811031 1 1 1 1
 0.811031 1 1 1 1
 0.811031 1 1 1 1
 0.811031 1 1 1 1
 0.811031 1 1 1 1
 0.811031 1 1 1 1
 0.811031 1 1 1 1
 0.811031 1 1 1 1
 0.811031 1 1 1 1
 0.811031 1 1 1 1
 0.811031 1 1 1 1
 0.811031 1 1 1 1
 0.811031 1 1 1 1
 0.811031 1 1 1 1
Scru_pelaces
 1 1 1 1 1
 1 1 1 1 1
 1 1 1 1 1
 1 1 1 1 1
 1 1 1 1 1
 1 1 1 1 1
 1 1 1 1 1
 1 1 1 1 1
 1 1 1 1 1
 1 1 1 1 1
 1 1 1 1 1
 1 1 1 1 1
 1 1 1 1 1
 1 1 1 1 1
 1 1 1 1 1
 1 1 1 1 1
 1 1 1 1 1
 1 1 1 1 1
 1 1 1 1 1
 1 1 1 1 1
 1 1 1 1 1
 1 1 1 1 1
 1 1 1 1 1
 1 1 1 1 1
 1 1 1 1 1
 1 1 1 1 1
 1 1 1 1 1
pf_obs 
 0.256992 0.487395 0.22802 0.0275931 0
 0.321318 0.546541 0.124235 0.00734118 0.000564706
 0.182869 0.594174 0.210203 0.0122559 0.00049798
 0.330522 0.361315 0.267642 0.0388342 0.00168674
 0.649043 0.306663 0.0425973 0.00169635 0
 0.582887 0.30429 0.105238 0.00758474 0
 0.465427 0.430635 0.0974691 0.00646863 0
 0.296916 0.608066 0.0921331 0.00288517 0
 0.311714 0.524322 0.152257 0.0117073 0
 0.15457 0.633149 0.183074 0.0267441 0.00246327
 0.131901 0.49318 0.331252 0.0422183 0.00144891
 0.196976 0.569456 0.194076 0.0375587 0.00193317
 0.518974 0.381816 0.0799577 0.0180837 0.00116848
 0.0928022 0.601141 0.25162 0.0475244 0.00691264
 0.122501 0.610282 0.24278 0.0234846 0.000952079
 0.383417 0.481906 0.127806 0.00687128 0
 0.0376549 0.599619 0.316969 0.0457579 0
 0.0361596 0.667082 0.258105 0.0386534 0
 0.158088 0.579412 0.248529 0.0139706 0
 0.0477256 0.309471 0.559284 0.082774 0.000745712
 0.0406174 0.521527 0.379366 0.0568643 0.0016247
 0.151134 0.462217 0.34131 0.0453401 0
 0.294876 0.26143 0.354403 0.0886775 0.000613685
 0.281977 0.475581 0.204845 0.0348837 0.00271318
 0.0841818 0.532909 0.334909 0.0458182 0.00218182
 0.115287 0.27431 0.454777 0.147771 0.00785563
 0 0 0 0 0
pf_pred 
 0.297707 0.495148 0.185036 0.022099 1.01817e-05
 0.280806 0.581422 0.0971354 0.0362993 0.00433727
 0.140262 0.684575 0.141608 0.0236578 0.00989723
 0.327763 0.504036 0.133932 0.0277047 0.00656481
 0.378214 0.509763 0.0839936 0.0223188 0.00571073
 0.237467 0.619561 0.117214 0.0193132 0.00644502
 0.436579 0.436506 0.103119 0.0195089 0.00428719
 0.215393 0.68436 0.0776657 0.0183476 0.00423395
 0.353719 0.469548 0.154152 0.0174942 0.0050865
 0.282759 0.60795 0.0794037 0.0260682 0.00381855
 0.144283 0.660429 0.165531 0.0216198 0.00813745
 0.173235 0.523873 0.233767 0.0585917 0.0105329
 0.282906 0.484847 0.147162 0.0656677 0.0194178
 0.175578 0.682279 0.0961068 0.0291705 0.0168657
 0.194635 0.61879 0.154407 0.0217499 0.0104185
 0.254084 0.581997 0.125944 0.0314269 0.00654734
 0.194428 0.616657 0.1474 0.0318974 0.00961757
 0.250073 0.518133 0.177436 0.0424125 0.0119454
 0.237487 0.565242 0.136297 0.0466752 0.0142991
 0.305934 0.498839 0.144719 0.0348963 0.0156113
 0.257628 0.581983 0.115274 0.0334425 0.0116716
 0.198439 0.576077 0.176769 0.0350129 0.0137027
 0.27443 0.472182 0.182108 0.0558797 0.0153998
 0.256463 0.555289 0.122507 0.0472477 0.0184934
 0.0762969 0.672995 0.187234 0.0413073 0.0221667
 0.125227 0.338669 0.390596 0.108668 0.0368394
 0.174334 0.437438 0.150303 0.173348 0.0645766
pobs_RECLAS
 0 0 0 0 0
 0 0 0 0 0
 0 0 0 0 0
 0 0 0 0 0
 0.835266 0.146461 0.0176864 0.000547809 3.91292e-05
 0.385257 0.428462 0.181853 0.0044286 0
 0.867414 0.0963971 0.0333333 0.00285562 0
 0.441836 0.489002 0.0689373 0.000224442 0
 0.779404 0.147425 0.0564933 0.0165055 0.000172143
 0.814271 0.122319 0.05973 0.00367925 0
 0.40263 0.566651 0.0304383 0.000280538 0
 0.475488 0.404961 0.113038 0.00651328 0
 0.955842 0.0263864 0.0167828 0.000988607 0
 0.975058 0.0227948 0.00214734 0 0
 0.738997 0.206755 0.0527124 0.00153531 0
 0.850938 0.134255 0.0134407 0.00136685 0
 0.542534 0.407297 0.0501686 0 0
 0.764087 0.199537 0.0359546 0.000420521 0
 0.470689 0.182191 0.310203 0.0369168 0
 0.84361 0.089868 0.0606195 0.00523954 0.000663233
 0.607945 0.314616 0.071237 0.00620181 0
 0.523733 0.453247 0.0230204 0 0
 0.530135 0.295979 0.169645 0.0042399 0
 0.562478 0.366248 0.0663022 0.0049721 0
 0.250443 0.683176 0.0655157 0.000865301 0
 0.195077 0.31981 0.436473 0.0351445 0.0134964
 0.565238 0.351407 0.0832357 0.000118908 0
ppred_RECLAS
 0.712114 0.202972 0.0758504 0.0090589 4.17373e-06
 0.6952 0.246411 0.0411667 0.0153839 0.00183816
 0.526541 0.376996 0.0779838 0.0130284 0.00545042
 0.737497 0.196822 0.0522995 0.0108185 0.00256351
 0.770691 0.187996 0.030976 0.00823095 0.00210606
 0.650064 0.284324 0.0537908 0.0088631 0.0029577
 0.815444 0.142983 0.033778 0.0063904 0.00140432
 0.614335 0.336389 0.0381757 0.00901855 0.00208115
 0.762314 0.172688 0.0566934 0.00643395 0.00187069
 0.691137 0.2618 0.0341934 0.0112257 0.00164437
 0.49747 0.387844 0.0972098 0.0126964 0.00477881
 0.550131 0.285056 0.1272 0.0318816 0.00573131
 0.706446 0.19848 0.060243 0.0268822 0.00794902
 0.580653 0.347045 0.0488853 0.0148377 0.00857886
 0.607311 0.301716 0.0752873 0.0106051 0.00507995
 0.663608 0.262468 0.0567982 0.0141728 0.00295271
 0.581367 0.320459 0.0765995 0.0165762 0.00499797
 0.654372 0.238798 0.081777 0.0195472 0.00550543
 0.637022 0.269072 0.0648814 0.0222188 0.00680679
 0.713064 0.206227 0.0598289 0.0144266 0.00645393
 0.658157 0.267988 0.0530809 0.0153994 0.00537445
 0.57939 0.30229 0.0927575 0.0183726 0.00719036
 0.678971 0.208917 0.0805737 0.024724 0.00681367
 0.658489 0.255047 0.0562683 0.0217011 0.00849412
 0.31535 0.498825 0.138778 0.030617 0.01643
 0.444928 0.214897 0.247846 0.0689531 0.0233758
 0.547661 0.239649 0.082343 0.0949684 0.0353781
pobs_PELACES
 0 0 0 0 0
 0 0 0 0 0
 0 0 0 0 0
 0 0 0 0 0
 0 0 0 0 0
 0 0 0 0 0
 0 0 0 0 0
 0 0 0 0 0
 0 0 0 0 0
 0 0 0 0 0
 0.450072 0.473896 0.0757376 0.000293798 0
 0 0 0 0 0
 0.463077 0.371075 0.160297 0.00555027 0
 0.529543 0.364841 0.0842815 0.0213345 0
 0.631943 0.363953 0.00410389 0 0
 0.735681 0.248677 0.0153453 0.000297389 0
 0.695825 0.281241 0.0229344 0 0
 0.275771 0.60734 0.115278 0.00161068 0
 0 0 0 0 0
 0.896147 0.0623911 0.0374545 0.00400742 0
 0.803859 0.145111 0.0509908 3.86294e-05 0
 0.739449 0.233085 0.0266225 0.000797448 4.60066e-05
 0.878498 0.100942 0.0204185 0.000141795 0
 0.694673 0.275183 0.0284847 0.00165964 0
 0.469039 0.446079 0.0841089 0.000773354 0
 0.822795 0.102175 0.0682046 0.00682512 0
 0 0 0 0 0
ppred_PELACES
 0.790751 0.14753 0.0551316 0.00658442 3.03366e-06
 0.777506 0.179872 0.0300504 0.0112298 0.0013418
 0.69671 0.241497 0.0499551 0.00834575 0.00349145
 0.805729 0.145662 0.0387054 0.00800643 0.00189718
 0.810178 0.155623 0.025642 0.00681359 0.0017434
 0.74971 0.203361 0.0384736 0.00633928 0.00211548
 0.863437 0.105801 0.0249942 0.00472861 0.00103913
 0.705663 0.25673 0.0291355 0.00688289 0.00158832
 0.832028 0.122038 0.0400651 0.00454685 0.00132201
 0.759368 0.203966 0.0266397 0.0087458 0.00128111
 0.605723 0.304297 0.0762693 0.00996144 0.00374938
 0.651446 0.220858 0.0985534 0.0247015 0.00444056
 0.802988 0.133205 0.0404307 0.0180413 0.0053348
 0.725749 0.226966 0.0319707 0.0097038 0.00561052
 0.741876 0.198325 0.0494881 0.00697097 0.00333917
 0.747062 0.197354 0.0427073 0.0106568 0.00222018
 0.671231 0.251669 0.0601566 0.0130179 0.00392511
 0.727704 0.188133 0.0644264 0.0153999 0.00433735
 0.707155 0.217082 0.0523452 0.0179257 0.00549159
 0.774056 0.162391 0.0471115 0.01136 0.00508206
 0.713617 0.22451 0.0444691 0.012901 0.00450251
 0.643576 0.25616 0.0786025 0.0155689 0.00609309
 0.738817 0.169971 0.0655533 0.020115 0.00554348
 0.720343 0.208854 0.0460771 0.0177707 0.00695568
 0.378598 0.452744 0.125958 0.0277886 0.0149122
 0.518685 0.186342 0.214913 0.0597907 0.0202696
 0.637968 0.191805 0.0659037 0.0760085 0.0283151
pobs_pel_tallas
 0 0 0 0 0 0 0 0 0 0 0 0 0 0 0 0 0 0 0 0 0 0 0 0 0 0 0 0 0 0 0 0 0 0 0 0
 0 0 0 0 0 0 0 0 0 0 0 0 0 0 0 0 0 0 0 0 0 0 0 0 0 0 0 0 0 0 0 0 0 0 0 0
 0 0 0 0 0 0 0 0 0 0 0 0 0 0 0 0 0 0 0 0 0 0 0 0 0 0 0 0 0 0 0 0 0 0 0 0
 0 0 0 0 0 0 0 0 0 0 0 0 0 0 0 0 0 0 0 0 0 0 0 0 0 0 0 0 0 0 0 0 0 0 0 0
 0 0 0 0 0 0 0 0 0 0 0 0 0 0 0 0 0 0 0 0 0 0 0 0 0 0 0 0 0 0 0 0 0 0 0 0
 0 0 0 0 0 0 0 0 0 0 0 0 0 0 0 0 0 0 0 0 0 0 0 0 0 0 0 0 0 0 0 0 0 0 0 0
 0 0 0 0 0 0 0 0 0 0 0 0 0 0 0 0 0 0 0 0 0 0 0 0 0 0 0 0 0 0 0 0 0 0 0 0
 0 0 0 0 0 0 0 0 0 0 0 0 0 0 0 0 0 0 0 0 0 0 0 0 0 0 0 0 0 0 0 0 0 0 0 0
 0 0 0 0 0 0 0 0 0 0 0 0 0 0 0 0 0 0 0 0 0 0 0 0 0 0 0 0 0 0 0 0 0 0 0 0
 0 0 0 0 0 0 0 0 0 0 0 0 0 0 0 0 0 0 0 0 0 0 0 0 0 0 0 0 0 0 0 0 0 0 0 0
 0 0 0 0 0 0 0 0 1.78061e-05 0.00172719 0.00360574 0.0105946 0.0120993 0.0124554 0.0147524 0.0171206 0.0266825 0.0428682 0.0675386 0.121331 0.153587 0.119568 0.100827 0.0573624 0.0630603 0.0341343 0.0324427 0.0444173 0.0211091 0.0280891 0.0125444 0.00206551 0 0 0 0
 0 0 0 0 0 0 0 0 0 0 0 0 0 0 0 0 0 0 0 0 0 0 0 0 0 0 0 0 0 0 0 0 0 0 0 0
 0 0 0 0 0 0 0.0133647 0.0140871 0.0187388 0.0205184 0.03894 0.0496705 0.03968 0.0493445 0.0407372 0.0367815 0.0215668 0.0243155 0.0234873 0.0199281 0.019796 0.0243948 0.0301388 0.0376714 0.0412746 0.0863199 0.0771752 0.113111 0.0741005 0.0525337 0.0229764 0.00759418 0.00175318 0 0 0
 0 0 0 0 0 0 0 0 0 0 0.00219441 0.00772107 0.0458388 0.0604681 0.0671733 0.0775358 0.0609151 0.0617685 0.073594 0.0568108 0.0755445 0.0548602 0.0670107 0.0636378 0.0643287 0.046367 0.0373049 0.0286899 0.0247887 0.0153202 0.00654259 0.00121912 0.000365735 0 0 0
 0 0 0 0 0 0 0 0 0 0 0 0 0.000112435 0.00938835 0.0111873 0.0202946 0.0414886 0.0713402 0.111592 0.104902 0.108894 0.110636 0.117776 0.105296 0.107544 0.0401394 0.0192827 0.0124803 0.00416011 0.0028671 0.000618394 0 0 0 0 0
 0 0 0 0 0 0 0 0 0 0 0.00291406 0.0102884 0.027416 0.0768956 0.0749926 0.110853 0.0956884 0.0897413 0.0766577 0.0534642 0.0500743 0.0551293 0.0594112 0.0620874 0.0668451 0.0424026 0.0208742 0.0120726 0.0048766 0.00582813 0.00118941 0.000297354 0 0 0 0
 0 0.00264628 0.0354308 0.0461629 0.0458689 0.0383711 0.0214643 0.0164657 0.0346957 0.0420465 0.0363128 0.0245516 0.0311673 0.0291091 0.0169068 0.0133784 0.00837989 0.0085269 0.0148486 0.0160247 0.0276389 0.0546898 0.0760071 0.122758 0.109233 0.0665981 0.0333725 0.0166128 0.00676272 0.00308733 0.000882094 0 0 0 0 0
 0 0 0 0 0 0 0 0.000805153 0.000690131 0.00759144 0.0133425 0.0154129 0.00931677 0.000345066 0.00356568 0.00563607 0.00851162 0.0253048 0.0502646 0.0516448 0.0657925 0.0565908 0.0611916 0.0827007 0.0866115 0.110766 0.145733 0.0935128 0.0569358 0.0249597 0.0138026 0.00621118 0.00161031 0.00115022 0 0
 0 0 0 0 0 0 0 0 0 0 0 0 0 0 0 0 0 0 0 0 0 0 0 0 0 0 0 0 0 0 0 0 0 0 0 0
 0.00147267 0.00158595 0.00478618 0.00569244 0.00954404 0.0108468 0.00647125 0.017049 0.0510054 0.094081 0.124002 0.0959785 0.0687766 0.0820023 0.061753 0.0591476 0.0492212 0.0479892 0.0443925 0.0268479 0.0217502 0.0140895 0.0121071 0.0120363 0.00920419 0.00665534 0.0049561 0.00860946 0.00930331 0.0156896 0.0114698 0.00855282 0.00243557 0.00046729 0 2.83206e-05
 0 0 0 0 0.000772559 0.00158375 0.000888443 0.00281984 0.00712685 0.0440552 0.0773331 0.111326 0.0921469 0.0852325 0.0710754 0.0886704 0.0786465 0.0553345 0.0373146 0.0185414 0.00753245 0.00457741 0.012979 0.0271748 0.0457355 0.0583668 0.034881 0.0177882 0.00938659 0.00492506 0.0015258 0.00185414 0.000309023 5.79419e-05 3.86279e-05 0
 0 0.00173294 0.00326652 0 0.00397197 0.00683976 0.00946217 0.0152591 0.00757587 0.0136028 0.0228656 0.0392903 0.0559909 0.0764795 0.0681675 0.0726916 0.0566044 0.0477403 0.0527397 0.0444891 0.0609904 0.0582453 0.0661739 0.0445044 0.0529084 0.0360697 0.0280645 0.0235558 0.0158879 0.00826598 0.00280645 0.00217768 0.000904811 0.00058276 9.20147e-05 0
 0 0 0 0 0 0 0 0 0 0 0 0 0 0 0 0 0 0 0 0 0 0 0 0 0 0 0 0 0 0 0 0 0 0 0 0
 0 0 0 0 0 0 0 0 0 0 0 0 0 0 0 0 0 0 0 0 0 0 0 0 0 0 0 0 0 0 0 0 0 0 0 0
 0 0 0 0 0 0 0 0 0 0 0 0 0 0 0 0 0 0 0 0 0 0 0 0 0 0 0 0 0 0 0 0 0 0 0 0
 0 0 0 0 0 0 0 0 0 0 0 0 0 0 0 0 0 0 0 0 0 0 0 0 0 0 0 0 0 0 0 0 0 0 0 0
 0 0 0 0 0 0 0 0 0 0 0 0 0 0 0 0 0 0 0 0 0 0 0 0 0 0 0 0 0 0 0 0 0 0 0 0
ppred_pel_tallas
 1.01058e-16 3.44992e-05 0.000202488 0.000962549 0.00370589 0.0115565 0.0291907 0.0597278 0.0990044 0.132957 0.144675 0.127594 0.0912931 0.0531922 0.0256525 0.0110234 0.00552482 0.00471197 0.00586338 0.00778939 0.0100132 0.012258 0.0142742 0.0158295 0.0167482 0.0169467 0.0164496 0.0153751 0.0139002 0.0122157 0.0104883 0.00883748 0.00733165 0.00599757 0.004836 0.00383615
 1.00934e-16 3.39229e-05 0.000199102 0.000946444 0.00364387 0.0113631 0.0287022 0.0587285 0.097349 0.130737 0.142267 0.125488 0.0898257 0.0524166 0.0254262 0.0111775 0.00596544 0.00542541 0.0068765 0.00912862 0.0116758 0.0141951 0.0163855 0.017971 0.0187512 0.0186464 0.0177145 0.0161302 0.0141383 0.0119936 0.00991033 0.00803261 0.00642925 0.00510809 0.00403939 0.0031785
 1.01238e-16 3.04024e-05 0.000178427 0.000848143 0.00326536 0.0101827 0.0257208 0.0526287 0.0872404 0.117169 0.127522 0.112529 0.0806515 0.0472693 0.023315 0.0109074 0.00676326 0.00699832 0.00921419 0.012314 0.0157735 0.0191959 0.0221832 0.0243637 0.0254649 0.0253754 0.0241671 0.0220696 0.0194066 0.0165182 0.013692 0.0111242 0.00891228 0.00707314 0.00557343 0.00435895
 1.00961e-16 3.51522e-05 0.000206322 0.000980775 0.00377606 0.0117753 0.0297435 0.0608588 0.100879 0.135474 0.147412 0.130005 0.0930093 0.0541755 0.0260949 0.0111581 0.00550888 0.00461423 0.00569768 0.00754548 0.00967292 0.0118023 0.0136869 0.0151004 0.0158751 0.015938 0.0153245 0.0141639 0.0126421 0.010956 0.00927354 0.00771086 0.00632849 0.00514179 0.00413844 0.00329476
 1.00731e-16 3.53465e-05 0.000207462 0.000986195 0.00379693 0.0118404 0.0299078 0.0611951 0.101437 0.136224 0.14823 0.13073 0.0935371 0.054501 0.0262852 0.0112958 0.00565723 0.00481127 0.00596278 0.0078837 0.0100747 0.0122414 0.0141203 0.0154721 0.0161235 0.0160063 0.0151718 0.013773 0.0120236 0.0101463 0.00832849 0.00669618 0.00530973 0.00417586 0.00326792 0.0025457
 1.0093e-16 3.27118e-05 0.00019199 0.000912627 0.00351365 0.010957 0.0276765 0.0566301 0.0938716 0.12607 0.137195 0.121032 0.0866739 0.0506538 0.024714 0.0111082 0.00627721 0.00602216 0.00775906 0.0103285 0.0132155 0.0160681 0.0185475 0.0203406 0.0212193 0.021092 0.0200227 0.0182085 0.0159263 0.0134659 0.0110722 0.00891175 0.00706612 0.0055477 0.00432539 0.00334981
 1.00601e-16 3.76669e-05 0.000221089 0.00105099 0.00404642 0.0126184 0.031873 0.0652157 0.108099 0.145166 0.157946 0.139264 0.0995695 0.0578659 0.0276275 0.0113921 0.00500375 0.00358692 0.00416269 0.00544805 0.00696653 0.0084865 0.00982305 0.0108113 0.0113306 0.0113299 0.010838 0.00995233 0.00881159 0.00756201 0.006328 0.00519503 0.00420669 0.00337242 0.00268048 0.00211031
 1.00809e-16 3.07933e-05 0.000180721 0.000859046 0.00330734 0.0103136 0.0260514 0.0533054 0.0883623 0.118676 0.129165 0.113984 0.0817056 0.0479095 0.0236718 0.0111414 0.00699435 0.0072956 0.00961038 0.0128164 0.0163656 0.0198352 0.0228011 0.0248715 0.0257658 0.0253804 0.0238123 0.0213286 0.0182972 0.0150989 0.0120525 0.00937048 0.00715062 0.00539663 0.00405288 0.00303892
 1.00827e-16 3.6298e-05 0.000213051 0.00101277 0.00389926 0.0121595 0.0307139 0.0628442 0.104169 0.13989 0.152211 0.13422 0.09599 0.0558407 0.0267642 0.0112165 0.0052034 0.00403548 0.00484547 0.00639193 0.00820036 0.0100223 0.0116479 0.0128855 0.0135918 0.0137013 0.0132385 0.0123063 0.0110555 0.00964786 0.00822287 0.00687924 0.00567128 0.00461716 0.00371257 0.00294343
 1.00806e-16 3.31329e-05 0.000194462 0.00092438 0.00355891 0.0110981 0.028033 0.0573595 0.0950804 0.127693 0.138961 0.122588 0.0877837 0.0512937 0.0250097 0.0112123 0.00629399 0.00599922 0.00770816 0.0102447 0.0130867 0.0158787 0.0182808 0.0199808 0.0207546 0.0205169 0.0193409 0.0174338 0.0150825 0.0125844 0.0101889 0.00806242 0.00628239 0.00485356 0.00373527 0.00286829
 1.017e-16 2.64375e-05 0.000155144 0.000737439 0.0028391 0.0088534 0.0223632 0.0457593 0.0758562 0.101888 0.110914 0.0979296 0.0703088 0.0414516 0.0209003 0.0105414 0.00756487 0.00862653 0.0116477 0.0156409 0.020069 0.0244625 0.0283252 0.0311872 0.0327003 0.032716 0.0313149 0.0287747 0.025493 0.0218897 0.018323 0.0150405 0.0121701 0.00974189 0.00772503 0.00606276
 1.02528e-16 2.84279e-05 0.000166837 0.000793045 0.00305323 0.00952117 0.0240498 0.0492097 0.0815728 0.109557 0.119238 0.105221 0.0754171 0.0442091 0.0218217 0.0102402 0.00640164 0.00668471 0.00886137 0.0119243 0.0154036 0.0189472 0.0221959 0.0248035 0.0265007 0.0271502 0.0267691 0.0255099 0.0236104 0.0213301 0.0188966 0.0164751 0.0141642 0.0120104 0.0100306 0.00823092
 1.01487e-16 3.50321e-05 0.000205618 0.000977434 0.0037632 0.0117352 0.0296422 0.0606514 0.100535 0.135011 0.146906 0.129552 0.092672 0.0539522 0.0259375 0.011006 0.00531115 0.0043338 0.00530963 0.00703735 0.00904854 0.0110863 0.0129265 0.0143631 0.0152408 0.0154877 0.0151274 0.0142659 0.013059 0.0116719 0.010245 0.00887431 0.00761009 0.00646673 0.00543877 0.00451489
 1.01124e-16 3.1668e-05 0.000185859 0.000883477 0.00340141 0.010607 0.0267924 0.0548213 0.0908741 0.122047 0.132825 0.117193 0.0839612 0.0491423 0.0241141 0.0110712 0.00658057 0.00658569 0.00858452 0.0114412 0.014629 0.0177662 0.0204777 0.0224168 0.0233335 0.0231314 0.021889 0.0198331 0.0172784 0.0145514 0.0119251 0.00958156 0.00760502 0.00600062 0.00472459 0.00371392
 1.01163e-16 3.23701e-05 0.000189984 0.000903091 0.00347694 0.0108425 0.0273873 0.0560383 0.0928906 0.124752 0.135761 0.119766 0.0857656 0.0501198 0.0244479 0.01098 0.0061948 0.00593881 0.00765793 0.0102093 0.0130891 0.0159552 0.0184779 0.0203501 0.021345 0.0213657 0.0204646 0.0188222 0.0166969 0.0143616 0.0120487 0.00991848 0.00805354 0.00647293 0.00515635 0.004067
 1.01141e-16 3.25961e-05 0.000191311 0.000909401 0.00350124 0.0109183 0.0275787 0.0564299 0.0935396 0.125623 0.136709 0.1206 0.0863592 0.050459 0.0245989 0.011023 0.00618343 0.00589618 0.0075881 0.0101081 0.0129502 0.0157724 0.0182466 0.0200687 0.0210153 0.0209932 0.0200587 0.0183955 0.0162644 0.0139392 0.0116518 0.00956037 0.00774392 0.00621721 0.00495539 0.00391752
 1.01567e-16 2.92918e-05 0.000171906 0.000817139 0.00314598 0.00981042 0.0247804 0.0507049 0.0840519 0.112888 0.122868 0.108434 0.0777423 0.0456159 0.0225961 0.010734 0.00687631 0.00728923 0.00966531 0.0129432 0.0166038 0.0202415 0.0234438 0.0258226 0.027091 0.0271271 0.0259978 0.0239324 0.0212582 0.0183201 0.0154111 0.0127323 0.0103858 0.00839376 0.00672906 0.00534452
 1.01708e-16 3.17517e-05 0.000186354 0.000885837 0.00341051 0.0106354 0.0268641 0.0549677 0.0911157 0.122368 0.133166 0.117475 0.0841199 0.049149 0.0239581 0.0107341 0.00602332 0.00575404 0.0074261 0.00992703 0.0127744 0.015646 0.0182311 0.0202367 0.021441 0.0217398 0.0211653 0.0198677 0.0180701 0.0160111 0.0138965 0.011871 0.0100142 0.00835372 0.00688648 0.00559763
 1.01687e-16 3.08568e-05 0.000181098 0.000860843 0.00331427 0.0103352 0.026106 0.0534168 0.0885459 0.11892 0.129421 0.11419 0.0818085 0.0478806 0.0234926 0.0107837 0.00641091 0.0064256 0.00839597 0.0112239 0.0144066 0.0175829 0.0203962 0.0225123 0.0236838 0.0238038 0.0229265 0.0212448 0.0190345 0.0165856 0.0141439 0.0118767 0.00986814 0.00813583 0.00665774 0.00539722
 1.0135e-16 3.37718e-05 0.000198216 0.000942236 0.00362767 0.0113126 0.0285746 0.0584674 0.0969157 0.130154 0.141629 0.124918 0.0893996 0.0521328 0.0252235 0.0109791 0.00570673 0.0050602 0.00637515 0.00847912 0.0108889 0.0133096 0.0154698 0.0171177 0.018065 0.0182272 0.0176393 0.0164392 0.0148271 0.0130155 0.011186 0.00946403 0.00791536 0.0065582 0.00538223 0.00436638
 1.01359e-16 3.11389e-05 0.000182753 0.000868711 0.00334456 0.0104297 0.0263446 0.053905 0.0893553 0.120007 0.130606 0.115237 0.0825637 0.0483323 0.0237319 0.0109225 0.006531 0.00657192 0.00858834 0.0114664 0.0146904 0.0178857 0.0206821 0.022735 0.0237918 0.0237491 0.0226732 0.0207756 0.0183548 0.0157229 0.0131432 0.0107939 0.00876172 0.00706007 0.00565712 0.00450339
 1.02019e-16 2.80861e-05 0.000164828 0.000783484 0.0030164 0.00940632 0.0237597 0.0486165 0.0805905 0.108241 0.117814 0.103984 0.0745735 0.043801 0.02178 0.0104862 0.00690604 0.00746802 0.0099651 0.0133791 0.017204 0.0210349 0.0244539 0.0270642 0.0285674 0.028828 0.0278992 0.0259965 0.0234354 0.0205514 0.0176323 0.0148789 0.0123988 0.0102245 0.00834295 0.00672335
 1.01937e-16 3.22355e-05 0.000189196 0.000899353 0.00346256 0.0107977 0.027274 0.0558063 0.0925053 0.124232 0.13519 0.119248 0.0853648 0.0498254 0.0241927 0.0106785 0.00576794 0.00532196 0.00680344 0.00909348 0.0117234 0.0143966 0.0168322 0.0187654 0.0199929 0.0204148 0.0200517 0.0190285 0.017535 0.0157755 0.0139269 0.0121142 0.0104081 0.00883674 0.00740455 0.00610792
 1.01658e-16 3.14315e-05 0.000184473 0.000876888 0.00337605 0.0105279 0.0265926 0.0544124 0.0901959 0.121135 0.131829 0.116307 0.0833089 0.0487261 0.0238466 0.0108434 0.00630488 0.00620423 0.00806294 0.0107663 0.0138122 0.016849 0.019533 0.0215438 0.0226447 0.0227355 0.0218712 0.0202401 0.0181099 0.0157609 0.0134296 0.0112754 0.00937659 0.00774662 0.00636063 0.00518011
 1.03588e-16 1.65399e-05 9.70228e-05 0.000461092 0.00177504 0.00553514 0.0139817 0.0286114 0.0474379 0.0637419 0.0694537 0.061477 0.0444739 0.0268974 0.0148162 0.00953291 0.00941507 0.012464 0.0173991 0.0235104 0.0302383 0.0369454 0.0429084 0.0474306 0.04999 0.050355 0.0486286 0.0452017 0.04064 0.0355423 0.030419 0.0256222 0.0213348 0.0176042 0.0143964 0.0116461
 1.06114e-16 2.26377e-05 0.000132847 0.000631455 0.00243108 0.00758102 0.0191491 0.0391823 0.0649518 0.0872369 0.0949531 0.0838081 0.060108 0.0353143 0.0175836 0.00851834 0.00570856 0.00630597 0.00857577 0.011755 0.0155023 0.0195568 0.0236307 0.0274185 0.0306437 0.0331022 0.0346852 0.0353751 0.035221 0.0343073 0.0327295 0.0305836 0.0279695 0.0249989 0.0218021 0.0185238
 1.04933e-16 2.78388e-05 0.000163382 0.000776625 0.00299002 0.00932407 0.0235519 0.0481907 0.079883 0.107285 0.11676 0.103021 0.0738114 0.0432097 0.0212206 0.00977883 0.00587632 0.0059627 0.00786095 0.0106022 0.0137586 0.0170309 0.0201204 0.0227395 0.0246627 0.0257712 0.0260696 0.0256664 0.0247308 0.0234398 0.0219364 0.0203098 0.0186005 0.0168191 0.0149713 0.0130756
pSPR Fmed_Fpbrs
0.455396   0.349611 0.349611
Fs Fmed_Fpbrs
0.64   1.005 1.005
SSBpbr Bo_Bmed_Bpbrs
928572  376439  278210 278210
Ro
32399.1
SPR SPRFo_SPRFmed_SPRFpbrs
669179 304742 233952
log_Ro
10.2059
likeval ReclasPelacesDesembMPH_pf_preclas_ppelaces_ptallas_desvR_qrecl_qpela
 0.00106552 12.8641 0.00626766 16.6086 325.535 209.372 55.1879 0 17.7241 4.40496e-07 4.62314e-05 0 0 0 0
q_reclas_q_pelaces
0.910238 2.63095
M
0.7
N
 32353.2 10348.6 3867.25 461.869 0.212798
 35938.2 14357 2398.55 896.335 107.1
 12548.4 15924 3293.96 550.306 230.221
 16717.4 4753.3 1263.05 261.268 61.9093
 36510.2 7553.21 1244.54 330.699 84.6165
 33515.4 17852 3377.38 556.49 185.706
 81130.2 14457.5 3415.41 646.155 141.996
 62024.3 37259.9 4228.5 998.931 230.517
 107338 27740.5 9107.19 1033.55 300.506
 125773 47361.1 6185.77 2030.78 297.476
 64963.5 58206 14588.8 1905.43 717.183
 49138.9 28591.6 12758.4 3197.78 574.86
 59144.9 21801 6617.09 2952.73 873.119
 26404.3 24863.7 3502.34 1063.04 614.624
 13886.6 10418.1 2599.64 366.188 175.408
 12916.3 5560.2 1203.23 300.242 62.551
 9925.87 5792.8 1384.66 299.64 90.3462
 12371.8 4494.39 1539.11 367.894 103.617
 14147.2 5722.78 1379.94 472.562 144.771
 23876.9 6632.3 1924.11 463.963 207.56
 31464.2 11182.5 2214.94 642.58 224.263
 32809.5 15232.2 4673.98 925.783 362.317
 55894.2 15777.8 6085.05 1867.19 514.579
 74985.5 26596.5 5867.7 2263.01 885.774
 25019.2 35703.1 9932.95 2191.4 1175.97
 26813.2 11974.4 13810.4 3842.17 1302.53
 27884.9 12724.1 4371.96 5042.3 1878.38
pred_Ctot
 2491.3 4143.54 1548.44 184.931 0.0852038
 2802.44 5802.6 969.412 362.268 43.286
 2174.17 10611.4 2195.03 366.713 153.414
 1089.81 1675.92 445.326 92.1182 21.828
 403.691 544.102 89.6516 23.8222 6.09542
 3191.25 8326.08 1575.2 259.545 86.6127
 4405.35 4404.62 1040.54 196.857 43.2604
 4458.18 14164.8 1607.52 379.756 87.6337
 8663.29 11500.2 3775.5 428.469 124.579
 6181.47 13290.5 1735.86 569.882 83.4782
 5349.73 24487.5 6137.57 801.62 301.721
 3790.81 11463.7 5115.42 1282.13 230.487
 6589.74 11293.6 3427.84 1529.6 452.3
 3953.3 15362.2 2163.94 656.801 379.748
 1958.51 6226.57 1553.72 218.858 104.836
 905.027 2073.03 448.604 111.94 23.3211
 632.843 2007.15 479.771 103.823 31.3042
 612.053 1268.13 434.274 103.805 29.2364
 571.04 1359.13 327.729 112.231 34.3824
 979.996 1597.93 463.579 111.783 50.0076
 569.198 1285.82 254.684 73.887 25.7869
 747.131 2168.96 665.544 131.825 51.5915
 1683.64 2896.85 1117.24 342.823 94.4785
 2226.38 4820.53 1063.5 410.163 160.543
 652.8 5758.18 1601.98 353.427 189.66
 858.085 2320.64 2676.45 744.614 252.431
 1680.24 4216.05 1448.63 1670.74 622.393
F
 0.112475 0.761984 0.761984 0.761984 0.761984
 0.113975 0.772146 0.772146 0.772146 0.772146
 0.270757 1.8343 1.8343 1.8343 1.8343
 0.0944798 0.640072 0.640072 0.640072 0.640072
 0.0154801 0.104873 0.104873 0.104873 0.104873
 0.140791 0.953816 0.953816 0.953816 0.953816
 0.0781387 0.529366 0.529366 0.529366 0.529366
 0.104632 0.708852 0.708852 0.708852 0.708852
 0.118181 0.800643 0.800643 0.800643 0.800643
 0.0704894 0.477545 0.477545 0.477545 0.477545
 0.120714 0.8178 0.8178 0.8178 0.8178
 0.112692 0.763457 0.763457 0.763457 0.763457
 0.166579 1.12853 1.12853 1.12853 1.12853
 0.229979 1.55804 1.55804 1.55804 1.55804
 0.215292 1.45854 1.45854 1.45854 1.45854
 0.101877 0.690183 0.690183 0.690183 0.690183
 0.0923156 0.625411 0.625411 0.625411 0.625411
 0.0709685 0.48079 0.48079 0.48079 0.48079
 0.0575656 0.38999 0.38999 0.38999 0.38999
 0.0585602 0.396728 0.396728 0.396728 0.396728
 0.0254386 0.172339 0.172339 0.172339 0.172339
 0.0321158 0.217575 0.217575 0.217575 0.217575
 0.0426793 0.289139 0.289139 0.289139 0.289139
 0.042057 0.284924 0.284924 0.284924 0.284924
 0.0368753 0.249819 0.249819 0.249819 0.249819
 0.0453978 0.307557 0.307557 0.307557 0.307557
 0.0870474 0.58972 0.58972 0.58972 0.58972
Np
 23317 9982.52 2307.21 636.848 258.595
YTP_r0W_actual
 22866 132555 66209.8 97519 40314.4
YTP_p0W_proyectada
 19120.2 132230 53058.3 23281.9 38002.7
 19120.2 103994 34940.8 12316.7 5550.03
CTP_r0_actual
 2788.53 6136.8 2108.59 2431.89 905.942
CTP_p0_proyectada
 2331.73 6121.75 1689.75 580.596 853.994
 2331.73 4814.55 1112.76 307.151 124.72
Wmedp
 8.2 21.6 31.4 40.1 44.5
nmprior
 10.8 10.6 4.6 0
nm_flota  nm_reclas  nm_pelaces    nm_pelaL
inf 18.1248 16.9275 52.4845
cv_recla  cv_pelaces  cv_mph
0.942303 0.392898 0.544593
 ------------------------------------------------
Talla a la edad & desviaci?n 
 7.2 14.2025 17.0495 18.207 18.6776
 1.08 2.13037 2.55742 2.73105 2.80164
