years
 1997 1998 1999 2000 2001 2002 2003 2004 2005 2006 2007 2008 2009 2010 2011 2012 2013 2014 2015 2016 2017 2018 2019 2020
reclasobs
 0 0 0 370054 412103 1.49427e+06 250295 1.28982e+06 931140 785840 897777 1.04006e+06 184774 17550 25797 100020 73551 82996 120727 218422 84188 347160 605670 569463
reclaspred
 872474 170037 346929 155883 216111 270123 702138 584797 897001 1.18371e+06 1.20054e+06 874839 568874 320299 220065 192535 193962 251530 267583 374287 629732 614995 914363 957910
pelacesobs
 0 0 0 0 0 0 0 0 0 2.06254e+06 1.5e+06 0 1.87456e+06 323000 250000 174000 83755 137374 0 501740 490994 745055 786931 1.00524e+06
pelacespred
 504659 160709 107948 101932 125237 107374 370521 349818 509212 694894 622096 475697 314974 154906 103520 99687.3 103427 130805 146645 196158 359802 374469 433509 524653
mphobs
 0 0 0 0 0 0 112323 0 153150 637223 0 255016 313432 73983 77613 109348 50772 17779 17303 59886 28197 0 207744 136588
mphpred
 630251 319883 249064 169805 150683 248580 388722 619398 638253 986099 1.18425e+06 894279 585402 368197 201891 158764 147400 182501 228213 250484 440797 593918 650680 822345
desembarqueobs
 350755 77701 442110 56441 14545 235359 269955 359681 431902 328805 639364 411747 362871 311530 167758 66681 60226 58785 57116 73181 50977 67692 138656 160484
desembarquepred
 350764 77703 442168 56446.3 14545.2 235404 269934 359614 431753 328720 639369 411787 362864 311766 167856 66708.1 60251.1 58790.2 57111.6 73172.1 50974.5 67687.7 138651 160473
Reclutas
 34613.9 34480.5 16324.2 16170.3 32568.2 34315.5 74143.5 66261.2 143934 157392 76458.3 48363.6 57777.4 30953.1 17930.7 16610.4 14173.7 16507.2 18358.2 38443.1 55567.8 47649.2 71534.1 75210.5
log_desv_Rt
 -0.126352 -0.130215 -0.877959 -0.887434 -0.187272 -0.135012 0.635395 0.522996 1.29874 1.38813 0.666137 0.20814 0.38599 -0.238134 -0.784092 -0.860581 -1.01922 -0.866812 -0.760531 -0.0214278 0.346997 0.193257 0.599567 0.649683
SSB
 630251 319883 249064 169805 150683 248580 377077 611686 624251 967491 1.18425e+06 894279 600566 379922 213403 170561 164328 196399 234471 268746 451157 593918 667361 808347
BT
 1.69084e+06 437327 540911 283436 320377 404810 1.32078e+06 1.20294e+06 1.82245e+06 1.98946e+06 1.89193e+06 1.36737e+06 1.05868e+06 620227 374067 267403 281272 340910 355512 523418 907089 800001 1.00654e+06 1.24145e+06
Ftot
 0.38449 0.435546 1.12808 0.347336 0.0657444 0.802505 0.369462 0.580437 0.460104 0.268147 0.503714 0.447122 0.599253 0.886709 0.709014 0.332424 0.298955 0.226048 0.206603 0.189625 0.0789978 0.107189 0.14732 0.16263
BD_Bspro_t
 0.945905 0.696951 0.532831 0.276324 0.362302 0.54658 0.493779 0.570326 0.544 0.596005 0.614737 0.473626 0.384608 0.317603 0.226455 0.222744 0.282481 0.405721 0.511561 0.60404 0.733881 0.822673 0.815556 0.797172
BD_Bspro
 0.779881 0.395828 0.308195 0.210119 0.186457 0.307596 0.4666 0.756908 0.772457 1.19719 1.46541 1.10659 0.743148 0.47012 0.264067 0.211054 0.203342 0.243027 0.290137 0.33255 0.558267 0.734922 0.825801 1.00026
BD_Bo
 0.433367 0.219955 0.171259 0.11676 0.103611 0.170926 0.259282 0.420601 0.429241 0.665256 0.814302 0.614914 0.412955 0.261238 0.146738 0.117279 0.112994 0.135046 0.161224 0.184792 0.31022 0.408384 0.458883 0.555827
BD_Brms
 2.10939 1.07062 0.833592 0.568321 0.504321 0.831971 1.26204 2.04725 2.08931 3.23809 3.96357 2.99306 2.01003 1.27156 0.714236 0.57085 0.54999 0.657327 0.78475 0.899466 1.50998 1.98778 2.23359 2.70545
S_f
 0.5 1 1 1 1
 0.5 1 1 1 1
 0.5 1 1 1 1
 0.5 1 1 1 1
 0.5 1 1 1 1
 0.5 1 1 1 1
 0.5 1 1 1 1
 0.5 1 1 1 1
 0.5 1 1 1 1
 0.5 1 1 1 1
 0.5 1 1 1 1
 0.5 1 1 1 1
 0.5 1 1 1 1
 0.5 1 1 1 1
 0.5 1 1 1 1
 0.5 1 1 1 1
 0.5 1 1 1 1
 0.5 1 1 1 1
 0.5 1 1 1 1
 0.5 1 1 1 1
 0.5 1 1 1 1
 0.5 1 1 1 1
 0.5 1 1 1 1
 0.5 1 1 1 1
Scru_reclas
 0.5 1 1 1 1
 0.5 1 1 1 1
 0.5 1 1 1 1
 0.5 1 1 1 1
 0.5 1 1 1 1
 0.5 1 1 1 1
 0.5 1 1 1 1
 0.5 1 1 1 1
 0.5 1 1 1 1
 0.5 1 1 1 1
 0.5 1 1 1 1
 0.5 1 1 1 1
 0.5 1 1 1 1
 0.5 1 1 1 1
 0.5 1 1 1 1
 0.5 1 1 1 1
 0.5 1 1 1 1
 0.5 1 1 1 1
 0.5 1 1 1 1
 0.5 1 1 1 1
 0.5 1 1 1 1
 0.5 1 1 1 1
 0.5 1 1 1 1
 0.5 1 1 1 1
Scru_pelaces
 0.5 1 1 1 1
 0.5 1 1 1 1
 0.5 1 1 1 1
 0.5 1 1 1 1
 0.5 1 1 1 1
 0.5 1 1 1 1
 0.5 1 1 1 1
 0.5 1 1 1 1
 0.5 1 1 1 1
 0.5 1 1 1 1
 0.5 1 1 1 1
 0.5 1 1 1 1
 0.5 1 1 1 1
 0.5 1 1 1 1
 0.5 1 1 1 1
 0.5 1 1 1 1
 0.5 1 1 1 1
 0.5 1 1 1 1
 0.5 1 1 1 1
 0.5 1 1 1 1
 0.5 1 1 1 1
 0.5 1 1 1 1
 0.5 1 1 1 1
 0.5 1 1 1 1
pf_obs 
 0.256992 0.487395 0.22802 0.0275931 0
 0.321318 0.546541 0.124235 0.00734118 0.000564706
 0.182869 0.594174 0.210203 0.0122559 0.00049798
 0.330522 0.361315 0.267642 0.0388342 0.00168674
 0.649043 0.306663 0.0425973 0.00169635 0
 0.582887 0.30429 0.105238 0.00758474 0
 0.465427 0.430635 0.0974691 0.00646863 0
 0.296916 0.608066 0.0921331 0.00288517 0
 0.311714 0.524322 0.152257 0.0117073 0
 0.15457 0.633149 0.183074 0.0267441 0.00246327
 0.131901 0.49318 0.331252 0.0422183 0.00144891
 0.196976 0.569456 0.194076 0.0375587 0.00193317
 0.518974 0.381816 0.0799577 0.0180837 0.00116848
 0.0928022 0.601141 0.25162 0.0475244 0.00691264
 0.122501 0.610282 0.24278 0.0234846 0.000952079
 0.383417 0.481906 0.127806 0.00687128 0
 0.0376549 0.599619 0.316969 0.0457579 0
 0.0361596 0.667082 0.258105 0.0386534 0
 0.158088 0.579412 0.248529 0.0139706 0
 0.0477256 0.309471 0.559284 0.082774 0.000745712
 0.0406174 0.521527 0.379366 0.0568643 0.0016247
 0.151134 0.462217 0.34131 0.0453401 0
 0.294876 0.26143 0.354403 0.0886775 0.000613685
 0.281977 0.475581 0.204845 0.0348837 0.00271318
pf_pred 
 0.461474 0.380115 0.141649 0.0167557 6.34661e-06
 0.466527 0.35055 0.129115 0.0481143 0.00569362
 0.327675 0.447185 0.147942 0.0544898 0.0227084
 0.522812 0.277179 0.133033 0.044011 0.0229656
 0.634035 0.25905 0.0621026 0.0298063 0.0150063
 0.500209 0.389452 0.0781038 0.018724 0.0135111
 0.716152 0.203939 0.0622673 0.0124876 0.00515388
 0.508392 0.417312 0.0533804 0.0162983 0.0046176
 0.695644 0.2163 0.0747476 0.00956133 0.00374638
 0.551923 0.376159 0.0511107 0.0176625 0.00314454
 0.310796 0.500929 0.158056 0.0214759 0.00874279
 0.314875 0.350245 0.243398 0.0767984 0.0146831
 0.46501 0.273707 0.133572 0.0928238 0.0348879
 0.368672 0.426141 0.104976 0.0512293 0.0489819
 0.387764 0.370324 0.163289 0.0402247 0.0383989
 0.465417 0.326331 0.125965 0.0555426 0.0267438
 0.41532 0.384227 0.122364 0.0472333 0.030855
 0.464787 0.325193 0.138016 0.0439537 0.0280496
 0.459817 0.350827 0.115052 0.0488294 0.0254745
 0.610496 0.250682 0.0901593 0.0295674 0.0190954
 0.555588 0.341267 0.0663834 0.0238752 0.0128865
 0.397911 0.432797 0.13 0.0252877 0.0140037
 0.487059 0.295811 0.156079 0.0468818 0.0141696
 0.439537 0.372391 0.10846 0.057227 0.0223847
pobs_RECLAS
 0 0 0 0 0
 0 0 0 0 0
 0 0 0 0 0
 0 0 0 0 0
 0.835266 0.146461 0.0176864 0.000547809 3.91292e-05
 0.385257 0.428462 0.181853 0.0044286 0
 0.867414 0.0963971 0.0333333 0.00285562 0
 0.441836 0.489002 0.0689373 0.000224442 0
 0.779404 0.147425 0.0564933 0.0165055 0.000172143
 0.814271 0.122319 0.05973 0.00367925 0
 0.40263 0.566651 0.0304383 0.000280538 0
 0.475488 0.404961 0.113038 0.00651328 0
 0.955842 0.0263864 0.0167828 0.000988607 0
 0.975058 0.0227948 0.00214734 0 0
 0.738997 0.206755 0.0527124 0.00153531 0
 0.850938 0.134255 0.0134407 0.00136685 0
 0.542534 0.407297 0.0501686 0 0
 0.764087 0.199537 0.0359546 0.000420521 0
 0.470689 0.182191 0.310203 0.0369168 0
 0.84361 0.089868 0.0606195 0.00523954 0.000663233
 0.607945 0.314616 0.071237 0.00620181 0
 0.523733 0.453247 0.0230204 0 0
 0.530135 0.295979 0.169645 0.0042399 0
 0.562478 0.366248 0.0663022 0.0049721 0
ppred_RECLAS
 0.465348 0.37738 0.14063 0.0166352 6.30096e-06
 0.471087 0.347554 0.128011 0.0477031 0.00564496
 0.343245 0.436829 0.144516 0.053228 0.0221825
 0.526226 0.275195 0.132081 0.0436961 0.0228013
 0.634507 0.258716 0.0620225 0.0297679 0.0149869
 0.510789 0.381208 0.0764505 0.0183277 0.0132251
 0.719152 0.201783 0.0616092 0.0123556 0.00509941
 0.515107 0.411612 0.0526512 0.0160756 0.00455452
 0.699794 0.213351 0.0737285 0.00943097 0.00369531
 0.554379 0.374098 0.0508306 0.0175657 0.00312731
 0.315568 0.49746 0.156962 0.0213272 0.00868225
 0.318977 0.348148 0.241941 0.0763386 0.0145951
 0.472001 0.27013 0.131826 0.0916107 0.034432
 0.380124 0.418411 0.103072 0.0503001 0.0480933
 0.396221 0.365208 0.161033 0.0396691 0.0378685
 0.468642 0.324363 0.125206 0.0552076 0.0265825
 0.418079 0.382414 0.121787 0.0470105 0.0307094
 0.4668 0.323971 0.137497 0.0437885 0.0279441
 0.461624 0.349653 0.114667 0.0486661 0.0253893
 0.612059 0.249676 0.0897976 0.0294487 0.0190188
 0.5562 0.340797 0.0662921 0.0238424 0.0128687
 0.398738 0.432203 0.129821 0.0252529 0.0139845
 0.488288 0.295101 0.155705 0.0467694 0.0141357
 0.440895 0.371489 0.108197 0.0570884 0.0223305
pobs_PELACES
 0 0 0 0 0
 0 0 0 0 0
 0 0 0 0 0
 0 0 0 0 0
 0 0 0 0 0
 0 0 0 0 0
 0 0 0 0 0
 0 0 0 0 0
 0 0 0 0 0
 0 0 0 0 0
 0.450072 0.473896 0.0757376 0.000293798 0
 0 0 0 0 0
 0.463077 0.371075 0.160297 0.00555027 0
 0.529543 0.364841 0.0842815 0.0213345 0
 0.631943 0.363953 0.00410389 0 0
 0.735681 0.248677 0.0153453 0.000297389 0
 0.695825 0.281241 0.0229344 0 0
 0.275771 0.60734 0.115278 0.00161068 0
 0 0 0 0 0
 0.896147 0.0623911 0.0374545 0.00400742 0
 0.803859 0.145111 0.0509908 3.86294e-05 0
 0.739449 0.233085 0.0266225 0.000797448 4.60066e-05
 0.878498 0.100942 0.0204185 0.000141795 0
 0.694673 0.275183 0.0284847 0.00165964 0
ppred_PELACES
 0.481162 0.366218 0.136471 0.0161432 6.11459e-06
 0.489022 0.335768 0.12367 0.0460855 0.00545354
 0.386337 0.408167 0.135033 0.0497355 0.020727
 0.540489 0.266911 0.128105 0.0423806 0.0221149
 0.637019 0.256938 0.0615963 0.0295633 0.0148839
 0.543781 0.355499 0.0712946 0.0170916 0.0123332
 0.731299 0.193056 0.0589446 0.0118212 0.00487887
 0.538975 0.39135 0.0500595 0.0152843 0.00433033
 0.715497 0.202191 0.0698719 0.00893765 0.00350201
 0.565281 0.364945 0.049587 0.0171359 0.0030508
 0.333788 0.484218 0.152783 0.0207595 0.00845112
 0.335213 0.339848 0.236173 0.0745187 0.0142472
 0.496691 0.257498 0.125662 0.0873269 0.0328219
 0.41515 0.394769 0.0972478 0.0474578 0.0453758
 0.424519 0.348092 0.153486 0.0378099 0.0360937
 0.48232 0.316013 0.121983 0.0537864 0.0258982
 0.430126 0.374497 0.119266 0.0460372 0.0300736
 0.476094 0.318324 0.1351 0.0430252 0.0274571
 0.470107 0.344144 0.112861 0.0478993 0.0249893
 0.619461 0.244912 0.0880841 0.0288868 0.0186559
 0.559415 0.338328 0.0658118 0.0236696 0.0127755
 0.402986 0.42915 0.128904 0.0250745 0.0138857
 0.494363 0.291598 0.153857 0.0462141 0.0139678
 0.44752 0.367087 0.106915 0.056412 0.0220659
pobs_pel_tallas
 0 0 0 0 0 0 0 0 0 0 0 0 0 0 0 0 0 0 0 0 0 0 0 0 0 0 0 0 0 0 0 0 0 0 0 0
 0 0 0 0 0 0 0 0 0 0 0 0 0 0 0 0 0 0 0 0 0 0 0 0 0 0 0 0 0 0 0 0 0 0 0 0
 0 0 0 0 0 0 0 0 0 0 0 0 0 0 0 0 0 0 0 0 0 0 0 0 0 0 0 0 0 0 0 0 0 0 0 0
 0 0 0 0 0 0 0 0 0 0 0 0 0 0 0 0 0 0 0 0 0 0 0 0 0 0 0 0 0 0 0 0 0 0 0 0
 0 0 0 0 0 0 0 0 0 0 0 0 0 0 0 0 0 0 0 0 0 0 0 0 0 0 0 0 0 0 0 0 0 0 0 0
 0 0 0 0 0 0 0 0 0 0 0 0 0 0 0 0 0 0 0 0 0 0 0 0 0 0 0 0 0 0 0 0 0 0 0 0
 0 0 0 0 0 0 0 0 0 0 0 0 0 0 0 0 0 0 0 0 0 0 0 0 0 0 0 0 0 0 0 0 0 0 0 0
 0 0 0 0 0 0 0 0 0 0 0 0 0 0 0 0 0 0 0 0 0 0 0 0 0 0 0 0 0 0 0 0 0 0 0 0
 0 0 0 0 0 0 0 0 0 0 0 0 0 0 0 0 0 0 0 0 0 0 0 0 0 0 0 0 0 0 0 0 0 0 0 0
 0 0 0 0 0 0 0 0 0 0 0 0 0 0 0 0 0 0 0 0 0 0 0 0 0 0 0 0 0 0 0 0 0 0 0 0
 0 0 0 0 0 0 0 0 1.78061e-05 0.00172719 0.00360574 0.0105946 0.0120993 0.0124554 0.0147524 0.0171206 0.0266825 0.0428682 0.0675386 0.121331 0.153587 0.119568 0.100827 0.0573624 0.0630603 0.0341343 0.0324427 0.0444173 0.0211091 0.0280891 0.0125444 0.00206551 0 0 0 0
 0 0 0 0 0 0 0 0 0 0 0 0 0 0 0 0 0 0 0 0 0 0 0 0 0 0 0 0 0 0 0 0 0 0 0 0
 0 0 0 0 0 0 0.0133647 0.0140871 0.0187388 0.0205184 0.03894 0.0496705 0.03968 0.0493445 0.0407372 0.0367815 0.0215668 0.0243155 0.0234873 0.0199281 0.019796 0.0243948 0.0301388 0.0376714 0.0412746 0.0863199 0.0771752 0.113111 0.0741005 0.0525337 0.0229764 0.00759418 0.00175318 0 0 0
 0 0 0 0 0 0 0 0 0 0 0.00219441 0.00772107 0.0458388 0.0604681 0.0671733 0.0775358 0.0609151 0.0617685 0.073594 0.0568108 0.0755445 0.0548602 0.0670107 0.0636378 0.0643287 0.046367 0.0373049 0.0286899 0.0247887 0.0153202 0.00654259 0.00121912 0.000365735 0 0 0
 0 0 0 0 0 0 0 0 0 0 0 0 0.000112435 0.00938835 0.0111873 0.0202946 0.0414886 0.0713402 0.111592 0.104902 0.108894 0.110636 0.117776 0.105296 0.107544 0.0401394 0.0192827 0.0124803 0.00416011 0.0028671 0.000618394 0 0 0 0 0
 0 0 0 0 0 0 0 0 0 0 0.00291406 0.0102884 0.027416 0.0768956 0.0749926 0.110853 0.0956884 0.0897413 0.0766577 0.0534642 0.0500743 0.0551293 0.0594112 0.0620874 0.0668451 0.0424026 0.0208742 0.0120726 0.0048766 0.00582813 0.00118941 0.000297354 0 0 0 0
 0 0.00264628 0.0354308 0.0461629 0.0458689 0.0383711 0.0214643 0.0164657 0.0346957 0.0420465 0.0363128 0.0245516 0.0311673 0.0291091 0.0169068 0.0133784 0.00837989 0.0085269 0.0148486 0.0160247 0.0276389 0.0546898 0.0760071 0.122758 0.109233 0.0665981 0.0333725 0.0166128 0.00676272 0.00308733 0.000882094 0 0 0 0 0
 0 0 0 0 0 0 0 0.000805153 0.000690131 0.00759144 0.0133425 0.0154129 0.00931677 0.000345066 0.00356568 0.00563607 0.00851162 0.0253048 0.0502646 0.0516448 0.0657925 0.0565908 0.0611916 0.0827007 0.0866115 0.110766 0.145733 0.0935128 0.0569358 0.0249597 0.0138026 0.00621118 0.00161031 0.00115022 0 0
 0 0 0 0 0 0 0 0 0 0 0 0 0 0 0 0 0 0 0 0 0 0 0 0 0 0 0 0 0 0 0 0 0 0 0 0
 0.00147267 0.00158595 0.00478618 0.00569244 0.00954404 0.0108468 0.00647125 0.017049 0.0510054 0.094081 0.124002 0.0959785 0.0687766 0.0820023 0.061753 0.0591476 0.0492212 0.0479892 0.0443925 0.0268479 0.0217502 0.0140895 0.0121071 0.0120363 0.00920419 0.00665534 0.0049561 0.00860946 0.00930331 0.0156896 0.0114698 0.00855282 0.00243557 0.00046729 0 2.83206e-05
 0 0 0 0 0.000772559 0.00158375 0.000888443 0.00281984 0.00712685 0.0440552 0.0773331 0.111326 0.0921469 0.0852325 0.0710754 0.0886704 0.0786465 0.0553345 0.0373146 0.0185414 0.00753245 0.00457741 0.012979 0.0271748 0.0457355 0.0583668 0.034881 0.0177882 0.00938659 0.00492506 0.0015258 0.00185414 0.000309023 5.79419e-05 3.86279e-05 0
 0 0.00173294 0.00326652 0 0.00397197 0.00683976 0.00946217 0.0152591 0.00757587 0.0136028 0.0228656 0.0392903 0.0559909 0.0764795 0.0681675 0.0726916 0.0566044 0.0477403 0.0527397 0.0444891 0.0609904 0.0582453 0.0661739 0.0445044 0.0529084 0.0360697 0.0280645 0.0235558 0.0158879 0.00826598 0.00280645 0.00217768 0.000904811 0.00058276 9.20147e-05 0
 0 0 0 0 0 0 0 0 0 0 0 0 0 0 0 0 0 0 0 0 0 0 0 0 0 0 0 0 0 0 0 0 0 0 0 0
 0 0 0 0 0 0 0 0 0 0 0 0 0 0 0 0 0 0 0 0 0 0 0 0 0 0 0 0 0 0 0 0 0 0 0 0
ppred_pel_tallas
 1.02612e-16 2.10087e-05 0.000123267 0.000585875 0.00225552 0.0070335 0.0177664 0.0363544 0.0602695 0.0809643 0.0881688 0.0779223 0.0561093 0.0334121 0.0174627 0.00982166 0.00832028 0.0103517 0.0142807 0.0192864 0.0248426 0.0304168 0.035418 0.0392741 0.0415489 0.0420357 0.0407957 0.0381229 0.0344569 0.0302723 0.0259827 0.021885 0.0181491 0.014841 0.0119624 0.00948601
 1.03704e-16 2.13502e-05 0.000125274 0.000595425 0.0022923 0.00714822 0.0180561 0.036947 0.0612508 0.0822794 0.0895923 0.0791602 0.0569565 0.0338284 0.0175188 0.00959877 0.00784962 0.00961306 0.0132297 0.0178848 0.023082 0.028336 0.0331107 0.0368863 0.0392631 0.0400466 0.039281 0.037217 0.0342331 0.030736 0.0270766 0.0235024 0.0201515 0.0170776 0.0142859 0.0117662
 1.04728e-16 1.68755e-05 9.89974e-05 0.000470488 0.00181124 0.00564802 0.0142668 0.0291944 0.048403 0.065034 0.0708495 0.0626837 0.0452843 0.0272631 0.0147939 0.00918524 0.00875171 0.0114432 0.0159594 0.0216067 0.027872 0.0341867 0.0399043 0.0443973 0.0471871 0.0480468 0.0470414 0.044487 0.0408528 0.0366387 0.0322709 0.028044 0.0241151 0.0205343 0.0172929 0.0143643
 1.04396e-16 2.35915e-05 0.000138439 0.000658029 0.00253336 0.00789998 0.0199549 0.0408316 0.0676875 0.0909165 0.0989723 0.087389 0.0627489 0.0370109 0.0186941 0.00948894 0.00689888 0.00795588 0.0108265 0.014656 0.018994 0.0234487 0.0275969 0.0310235 0.033401 0.0345544 0.0344889 0.0333667 0.031448 0.029018 0.0263248 0.0235466 0.0207896 0.0181074 0.0155286 0.0130777
 1.0267e-16 2.78001e-05 0.000163149 0.000775503 0.00298568 0.0093105 0.0235177 0.0481213 0.0797697 0.107139 0.116615 0.102927 0.0738191 0.0433646 0.0215755 0.0104081 0.00688067 0.00745855 0.00995689 0.0133667 0.0171849 0.0210087 0.024423 0.0270354 0.0285535 0.0288489 0.0279814 0.026171 0.0237334 0.0209994 0.0182467 0.0156612 0.0133337 0.0112803 0.00947523 0.00788046
 1.02292e-16 2.37386e-05 0.000139295 0.000662078 0.00254892 0.00794849 0.0200775 0.0410831 0.0681068 0.0914867 0.0996113 0.0879968 0.0632801 0.0375139 0.0192963 0.0103577 0.00821152 0.00988089 0.0135015 0.0181537 0.0232815 0.0283535 0.0327953 0.0360631 0.0377575 0.0377143 0.036038 0.0330624 0.0292586 0.0251191 0.021059 0.0173584 0.0141535 0.0114642 0.00923954 0.00740156
 1.01534e-16 3.19086e-05 0.000187275 0.000890215 0.00342737 0.0106879 0.0269968 0.0552393 0.0915661 0.122973 0.133825 0.118058 0.0845413 0.0494027 0.0240954 0.0108182 0.00610075 0.00585099 0.00755449 0.0100895 0.0129653 0.0158511 0.0184274 0.0203944 0.0215272 0.021724 0.0210249 0.0195925 0.0176645 0.0154937 0.0132969 0.0112252 0.00935914 0.00772305 0.00630689 0.0050872
 1.01566e-16 2.35304e-05 0.00013807 0.000656246 0.00252646 0.00787842 0.0199006 0.0407213 0.0675081 0.0906857 0.0987477 0.0872541 0.0627898 0.037311 0.0193525 0.0106436 0.00873236 0.0106742 0.0146148 0.0196183 0.0250901 0.0304442 0.0350459 0.0382993 0.039775 0.0393106 0.0370471 0.0333833 0.0288704 0.0240797 0.0194897 0.0154194 0.0120165 0.00928883 0.00715702 0.00550614
 1.01529e-16 3.122e-05 0.000183231 0.000870988 0.00335334 0.010457 0.0264137 0.0540463 0.0895889 0.120319 0.13094 0.115521 0.0827427 0.0483879 0.0236683 0.0107419 0.00622059 0.00610604 0.0079402 0.0106218 0.0136601 0.016714 0.0194491 0.0215498 0.0227774 0.0230209 0.0223176 0.0208332 0.0188131 0.0165204 0.0141829 0.0119619 0.00994727 0.00817057 0.00662769 0.00529939
 1.01555e-16 2.46764e-05 0.0001448 0.000688248 0.00264968 0.00826269 0.0208712 0.0427071 0.0707987 0.095102 0.103546 0.0914679 0.065766 0.038967 0.0200049 0.0106735 0.00838186 0.0100284 0.0136681 0.0183394 0.023461 0.0284808 0.0328061 0.0358808 0.0373031 0.0369194 0.034858 0.031487 0.0273164 0.0228754 0.0186075 0.014809 0.0116179 0.00904338 0.00701457 0.00542802
 1.03435e-16 1.45873e-05 8.55565e-05 0.000406573 0.00156512 0.00488049 0.0123282 0.0252284 0.0418315 0.0562167 0.0612754 0.0542883 0.039383 0.0240375 0.0136364 0.00936897 0.0098368 0.0133084 0.0186614 0.0252406 0.0324793 0.0397027 0.0461358 0.0510288 0.0538161 0.0542409 0.0524043 0.0487165 0.0437779 0.0382293 0.0326224 0.0273447 0.0226064 0.0184741 0.0149255 0.0119014
 1.0669e-16 1.46438e-05 8.59007e-05 0.000408238 0.00157158 0.00490067 0.012379 0.0253313 0.0419982 0.0564287 0.0614752 0.0543912 0.039297 0.0236665 0.0128609 0.00802308 0.00770446 0.010148 0.0142568 0.01947 0.0253887 0.0315641 0.0374671 0.042559 0.0463936 0.0487009 0.0494249 0.048701 0.0467914 0.0440024 0.0406156 0.0368523 0.0328718 0.0287922 0.0247161 0.0207475
 1.06402e-16 2.16813e-05 0.000127225 0.000604719 0.00232811 0.00725991 0.0183381 0.0375235 0.0622041 0.0835528 0.0909602 0.0803242 0.0576971 0.0340739 0.0172907 0.00891039 0.00665022 0.00779457 0.0106694 0.0144972 0.0188673 0.0234172 0.0277501 0.0314724 0.0342675 0.0359562 0.0365217 0.0360874 0.0348621 0.0330734 0.0309141 0.0285166 0.0259569 0.0232772 0.0205141 0.0177178
 1.0526e-16 1.81312e-05 0.000106371 0.000505547 0.00194623 0.00606899 0.0153301 0.0313699 0.0520083 0.0698738 0.0761105 0.0673108 0.0485672 0.0291194 0.0155828 0.00933999 0.00855602 0.0110083 0.0152914 0.0206711 0.0266302 0.0326143 0.0380016 0.0421943 0.0447442 0.0454506 0.0443973 0.0419095 0.0384551 0.0345223 0.0305168 0.026706 0.0232148 0.0200606 0.0172038 0.0145938
 1.05278e-16 1.8538e-05 0.000108763 0.000516928 0.00199006 0.0062057 0.0156754 0.032076 0.0531775 0.0714401 0.0778047 0.068781 0.049567 0.0295972 0.0156186 0.00902562 0.00792462 0.0100353 0.0139304 0.0188936 0.0244563 0.0301327 0.0353738 0.0396408 0.0425122 0.0437712 0.0434401 0.0417492 0.0390583 0.035757 0.0321826 0.0285738 0.0250675 0.0217246 0.0185664 0.0156064
 1.04893e-16 2.10571e-05 0.000123555 0.000587258 0.00226086 0.00705019 0.0178084 0.0364401 0.0604101 0.0811489 0.0883581 0.0780621 0.05615 0.0333164 0.0171937 0.00932611 0.00752134 0.00915637 0.0125989 0.0170572 0.0220621 0.0271621 0.0318588 0.0356664 0.0382082 0.0392946 0.0389539 0.0374026 0.034972 0.0320175 0.0288421 0.0256557 0.0225729 0.0196377 0.0168596 0.014243
 1.04803e-16 1.87835e-05 0.000110202 0.000523765 0.00201638 0.00628775 0.0158827 0.0325003 0.0538815 0.0723874 0.0788406 0.0697065 0.0502552 0.0300502 0.0159336 0.00932374 0.00830623 0.0105701 0.0146612 0.0198353 0.0255893 0.0313952 0.0366607 0.0408125 0.043414 0.044259 0.0434082 0.0411509 0.0379147 0.0341529 0.0302492 0.0264654 0.0229368 0.0197022 0.0167484 0.0140493
 1.04783e-16 2.07857e-05 0.000121962 0.000579682 0.00223169 0.00695922 0.0175787 0.03597 0.059631 0.0801029 0.0872211 0.0770619 0.0554399 0.032914 0.0170211 0.00928932 0.00755863 0.00924341 0.0127343 0.017249 0.0223197 0.0274925 0.0322642 0.0361424 0.0387433 0.0398705 0.0395467 0.0379848 0.0355153 0.0324958 0.0292342 0.0259479 0.0227603 0.0197245 0.0168581 0.0141714
 1.04528e-16 2.05256e-05 0.000120433 0.000572407 0.00220367 0.00687184 0.017358 0.0355187 0.0588835 0.0791014 0.086137 0.0761195 0.0547956 0.0325987 0.0169809 0.00946191 0.00791889 0.00980353 0.0135222 0.0182847 0.0235968 0.0289668 0.0338495 0.0377174 0.0401678 0.0410086 0.0402912 0.0382766 0.0353524 0.0319304 0.0283596 0.0248788 0.0216128 0.0185994 0.0158307 0.0132877
 1.03195e-16 2.70341e-05 0.000158653 0.00075413 0.00290338 0.00905388 0.0228695 0.0467949 0.077571 0.104186 0.113401 0.100089 0.0717823 0.0421656 0.0209753 0.0101146 0.00668642 0.00725779 0.00971113 0.013075 0.0168723 0.0207234 0.0242344 0.0270274 0.028813 0.0294504 0.0289721 0.0275593 0.0254845 0.023039 0.0204713 0.0179539 0.0155799 0.0133816 0.0113587 0.00950235
 1.02455e-16 2.44196e-05 0.000143294 0.000681096 0.00262215 0.00817685 0.0206543 0.0422632 0.0700622 0.0941109 0.102462 0.0904995 0.0650456 0.0384919 0.0196731 0.0103571 0.00797376 0.00945242 0.0128748 0.0173067 0.0222014 0.0270504 0.031308 0.0344576 0.0361199 0.0361385 0.0346114 0.0318534 0.0283088 0.0244408 0.0206387 0.0171634 0.0141399 0.0115846 0.00944859 0.00765948
 1.03481e-16 1.76024e-05 0.000103263 0.000490761 0.00188929 0.00589141 0.0148816 0.0304525 0.0504888 0.0678365 0.0739025 0.0653846 0.0472351 0.0284364 0.0154276 0.00957178 0.00910786 0.0118921 0.0165599 0.0223772 0.0287954 0.0352071 0.0409258 0.0452893 0.0477992 0.0482305 0.0466737 0.0434917 0.0392137 0.0344019 0.0295374 0.0249547 0.020831 0.0172176 0.0140901 0.0113943
 1.0452e-16 2.15813e-05 0.000126635 0.000601904 0.00231726 0.00722607 0.0182527 0.0373489 0.0619158 0.0831687 0.0905503 0.079982 0.0574944 0.0340408 0.0174336 0.00924325 0.00721184 0.0086449 0.0118733 0.0161032 0.0208863 0.0258045 0.0303956 0.0342027 0.0368617 0.0381739 0.0381361 0.0369174 0.0347965 0.0320828 0.0290501 0.0259003 0.0227607 0.0197028 0.0167704 0.0140009
 1.04607e-16 1.95416e-05 0.000114654 0.000544929 0.00209787 0.00654188 0.0165246 0.0338136 0.0560581 0.0753093 0.0820172 0.0725013 0.0522399 0.0311765 0.0164201 0.00943498 0.00821752 0.0103539 0.0143277 0.0193706 0.0249766 0.0306249 0.0357346 0.0397452 0.0422317 0.0429968 0.042105 0.0398456 0.0366427 0.0329437 0.0291258 0.0254443 0.0220284 0.0189109 0.0160737 0.013486
pSPR Fmed_Fpbrs
0.37021   0.255447 0.255447
Fs Fmed_Fpbrs
0.64   1.005 1.005
SSBpbr Bo_Bmed_Bpbrs
1.45431e+06  465687  298784 298784
Ro
39275.8
SPR SPRFo_SPRFmed_SPRFpbrs
808138 299181 206436
log_Ro
10.3984
likeval ReclasPelacesDesembMPH_pf_preclas_ppelaces_ptallas_desvR_qrecl_qpela
 0.00143479 50.2465 0.00798113 73.4142 334.354 192.933 50.8502 0 15.6833 0 0 0 0 0 0
q_reclas_q_pelaces
1 1
M
0.7
N
 34613.9 15451.4 5757.92 681.108 0.257985
 34480.5 14182.5 5223.71 1946.6 230.352
 16324.2 13771.8 4556.09 1678.1 699.34
 16170.3 4611.77 2213.43 732.266 382.108
 32568.2 6749.76 1618.14 776.629 391.001
 34315.5 15649.9 3138.55 752.413 542.934
 74143.5 11408.3 3483.22 698.554 288.308
 66261.2 30608.3 3915.26 1195.42 338.684
 143934 24615.7 8506.54 1088.11 426.351
 157392 56786.6 7715.88 2666.4 474.714
 76458.3 68351.8 21566.8 2930.39 1192.95
 48363.6 29514.7 20510.8 6471.7 1237.32
 57777.4 19205.3 9372.37 6513.2 2448
 30953.1 21263.1 5237.97 2556.18 2444.04
 17930.7 9866.24 4350.37 1071.68 1023.03
 16610.4 6246.43 2411.15 1063.16 511.914
 14173.7 6985.35 2224.62 858.715 560.952
 16507.2 6061.23 2572.45 819.247 522.812
 18358.2 7321.18 2400.95 1018.99 531.611
 38443.1 8221.69 2956.98 969.729 626.278
 55567.8 17363.5 3377.55 1214.76 655.655
 47649.2 26525.5 7967.49 1549.84 858.268
 71534.1 22427.1 11833.3 3554.38 1074.28
 75210.5 33000.2 9611.41 5071.3 1983.67
pred_Ctot
 4402.19 3626.06 1351.25 159.84 0.0605429
 4913.85 3692.28 1359.94 506.779 59.9699
 5226.32 7132.46 2359.62 869.096 362.192
 1872.61 992.801 476.498 157.639 82.2585
 758.852 310.046 74.3282 35.674 17.9604
 8346.45 6498.36 1303.23 312.427 225.444
 9090.11 2588.59 790.358 158.505 65.4182
 12205.7 10019 1281.58 391.295 110.861
 21556.2 6702.58 2316.23 296.28 116.091
 14312.8 9754.81 1325.44 458.035 81.5464
 12421.1 20019.8 6316.78 858.293 349.409
 7058.18 7851.01 5455.96 1721.5 329.132
 10944.8 6442.14 3143.83 2184.76 821.145
 8176.79 9451.41 2328.27 1136.22 1086.37
 3928.06 3751.39 1654.12 407.478 388.982
 1846.88 1294.96 499.86 220.406 106.126
 1427.51 1320.64 420.582 162.347 106.053
 1277.01 893.474 379.2 120.764 77.0667
 1303.52 994.545 326.157 138.425 72.2166
 2514.58 1032.54 371.358 121.785 78.6524
 1551.24 952.84 185.347 66.6612 35.9799
 1793.76 1951.02 586.03 113.995 63.1279
 3668.81 2228.22 1175.68 353.141 106.734
 4244.04 3595.7 1047.26 552.567 216.14
F
 0.192245 0.38449 0.38449 0.38449 0.38449
 0.217773 0.435546 0.435546 0.435546 0.435546
 0.564038 1.12808 1.12808 1.12808 1.12808
 0.173668 0.347336 0.347336 0.347336 0.347336
 0.0328722 0.0657444 0.0657444 0.0657444 0.0657444
 0.401253 0.802505 0.802505 0.802505 0.802505
 0.184731 0.369462 0.369462 0.369462 0.369462
 0.290218 0.580437 0.580437 0.580437 0.580437
 0.230052 0.460104 0.460104 0.460104 0.460104
 0.134073 0.268147 0.268147 0.268147 0.268147
 0.251857 0.503714 0.503714 0.503714 0.503714
 0.223561 0.447122 0.447122 0.447122 0.447122
 0.299627 0.599253 0.599253 0.599253 0.599253
 0.443355 0.886709 0.886709 0.886709 0.886709
 0.354507 0.709014 0.709014 0.709014 0.709014
 0.166212 0.332424 0.332424 0.332424 0.332424
 0.149478 0.298955 0.298955 0.298955 0.298955
 0.113024 0.226048 0.226048 0.226048 0.226048
 0.103302 0.206603 0.206603 0.206603 0.206603
 0.0948126 0.189625 0.189625 0.189625 0.189625
 0.0394989 0.0789978 0.0789978 0.0789978 0.0789978
 0.0535945 0.107189 0.107189 0.107189 0.107189
 0.0736601 0.14732 0.14732 0.14732 0.14732
 0.0813151 0.16263 0.16263 0.16263 0.16263
Np
 33245 9988.19 6258.72 2531.68 871.391
YTP_r0W_actual
 175891 302403 127478 88051.6 42095.7
YTP_p0W_proyectada
 79691.9 358696 210924 78453.4 65324.2
 79691.9 104053 94783.1 48963.2 18702
CTP_r0_actual
 21986.3 15916 4635.57 2445.88 956.72
CTP_p0_proyectada
 9718.53 16606.3 6717.34 1956.44 1467.96
 9718.53 4817.29 3018.57 1221.03 420.271
Wmedp
 8.2 21.6 31.4 40.1 44.5
nmprior
 10.8 10.6 4.6 0
nm_flota  nm_reclas  nm_pelaces    nm_pelaL
inf 13.548 8.99784 13.9626
cv_recla  cv_pelaces  cv_mph
1.16896 0.834099 1.21173
 ------------------------------------------------
Talla a la edad & desviaci?n 
 7.2 14.2025 17.0495 18.207 18.6776
 1.08 2.13037 2.55742 2.73105 2.80164
