years
 1997 1998 1999 2000 2001 2002 2003 2004 2005 2006 2007 2008 2009 2010 2011 2012 2013 2014 2015 2016 2017 2018 2019 2020 2021 2022
reclasobs
 0 0 0 370054 412103 1.49427e+06 250295 1.28982e+06 931140 785840 897777 1.04006e+06 184774 17550 25797 100020 73551 82996 120727 218422 84188 347160 605670 569463 516374 1.08416e+06
reclaspred
 420512 96170.4 155026 79126.7 149174 160346 538398 396997 585632 764407 672745 472022 340269 179717 125458 109610 112192 140845 143199 225053 381574 335534 527346 698004 824382 696969
pelacesobs
 0 0 0 0 0 0 0 0 0 2.06254e+06 1.5e+06 0 1.87456e+06 323000 250000 174000 83755 137374 0 501740 490994 745055 786931 1.00524e+06 1.33801e+06 1.41789e+06
pelacespred
 636586 111918 110096 86775.8 154279 107503 615890 425822 643254 820451 627612 461901 345941 150980 106164 99223.6 106289 132682 135867 213091 408619 346960 448349 662607 754643 708090
mphobs
 0 0 0 0 0 0 112323 0 153150 637223 0 255016 313432 73983 77613 109348 50772 17779 17303 59886 28197 0 207744 136588 643089 65757
mphpred
 434073 220651 187536 110056 119495 223647 359682 593581 557030 802118 1.03143e+06 752126 477446 318421 167946 133866 124431 150866 183957 199958 370706 505666 554504 773415 1.03595e+06 988448
desembarqueobs
 350755 77701 442110 56441 14545 235359 269955 359681 431902 328805 639364 411747 362871 311530 167758 66681 60226 58785 57116 73181 50977 67692 138656 160484 209506 203330
desembarquepred
 350761 77700.7 442126 56450 14545.3 235407 269940 359610 431722 328715 639419 411819 362843 311802 167873 66711.5 60259.2 58791 57110.5 73171 50975 67687.6 138657 160478 209499 203319
Reclutas
 32450.8 35475.4 12312.7 15574.4 33122.1 29939.8 74133.4 59249.8 115351 153361 67216.9 45154.3 60883.5 27252.8 15909.1 14881.9 11795 13478.7 15337.1 33688.9 47710.3 40906.1 72380.7 106166 37206.2 38352.8
log_desv_Rt
 -0.111608 -0.0224954 -1.0807 -0.845707 -0.0911332 -0.192146 0.714533 0.490429 1.15665 1.44146 0.616591 0.218753 0.517629 -0.286179 -0.824442 -0.891188 -1.12366 -0.990224 -0.861061 -0.0741648 0.273814 0.119945 0.690606 1.07367 0.0251418 0.0554952
SSB
 434073 220651 187536 110056 119495 223647 347440 584919 541268 784631 1.03143e+06 752126 492435 330593 179568 144956 140508 163621 189494 216292 379800 505666 569463 759874 1.10981e+06 1.08946e+06
BT
 1.42074e+06 333935 435037 215966 288479 374687 1.29533e+06 1.1476e+06 1.54476e+06 1.7767e+06 1.683e+06 1.19859e+06 970024 562764 330358 233460 241587 285115 292692 440686 772578 685057 901934 1.31858e+06 1.51327e+06 1.44864e+06
Ftot
 0.765035 0.773123 1.88018 0.676467 0.113551 1.10291 0.631008 0.834292 0.892015 0.456791 0.675176 0.607435 0.915925 1.22337 1.03457 0.458405 0.430513 0.336058 0.301138 0.312248 0.120018 0.142121 0.196925 0.196066 0.164982 0.188367
BD_Bspro_t
 0.908783 0.611917 0.455167 0.203905 0.317096 0.517678 0.482825 0.567467 0.511502 0.555088 0.591134 0.44039 0.345339 0.293018 0.202661 0.202263 0.259529 0.375474 0.474179 0.567592 0.71691 0.813267 0.803336 0.800424 0.81481 0.763312
BD_Bspro
 0.579235 0.294441 0.250252 0.146861 0.159457 0.298438 0.463631 0.780527 0.722278 1.04703 1.37637 1.00365 0.657114 0.441149 0.239619 0.193432 0.187496 0.218338 0.252864 0.288625 0.506812 0.67477 0.759902 1.01399 1.48095 1.4538
BD_Bo
 0.39337 0.19996 0.169951 0.0997362 0.10829 0.202675 0.314861 0.530071 0.490513 0.711056 0.934717 0.6816 0.446259 0.299593 0.16273 0.131363 0.127332 0.148278 0.171725 0.196011 0.344186 0.45825 0.516064 0.68862 1.00574 0.987301
BD_Brms
 1.31684 0.669386 0.568926 0.333876 0.362512 0.678474 1.05403 1.77446 1.64204 2.38033 3.12905 2.28172 1.49389 1.00291 0.544754 0.43975 0.426257 0.496374 0.574865 0.656163 1.15219 1.53403 1.72757 2.30522 3.36682 3.30508
S_f
 0.152043 1 1 1 1
 0.152043 1 1 1 1
 0.152043 1 1 1 1
 0.152043 1 1 1 1
 0.152043 1 1 1 1
 0.152043 1 1 1 1
 0.152043 1 1 1 1
 0.152043 1 1 1 1
 0.152043 1 1 1 1
 0.152043 1 1 1 1
 0.152043 1 1 1 1
 0.152043 1 1 1 1
 0.152043 1 1 1 1
 0.152043 1 1 1 1
 0.152043 1 1 1 1
 0.152043 1 1 1 1
 0.152043 1 1 1 1
 0.152043 1 1 1 1
 0.152043 1 1 1 1
 0.152043 1 1 1 1
 0.152043 1 1 1 1
 0.152043 1 1 1 1
 0.152043 1 1 1 1
 0.152043 1 1 1 1
 0.152043 1 1 1 1
 0.152043 1 1 1 1
Scru_reclas
 0.87847 1 1 1 1
 0.87847 1 1 1 1
 0.87847 1 1 1 1
 0.87847 1 1 1 1
 0.87847 1 1 1 1
 0.87847 1 1 1 1
 0.87847 1 1 1 1
 0.87847 1 1 1 1
 0.87847 1 1 1 1
 0.87847 1 1 1 1
 0.87847 1 1 1 1
 0.87847 1 1 1 1
 0.87847 1 1 1 1
 0.87847 1 1 1 1
 0.87847 1 1 1 1
 0.87847 1 1 1 1
 0.87847 1 1 1 1
 0.87847 1 1 1 1
 0.87847 1 1 1 1
 0.87847 1 1 1 1
 0.87847 1 1 1 1
 0.87847 1 1 1 1
 0.87847 1 1 1 1
 0.87847 1 1 1 1
 0.87847 1 1 1 1
 0.87847 1 1 1 1
Scru_pelaces
 1 1 1 1 1
 1 1 1 1 1
 1 1 1 1 1
 1 1 1 1 1
 1 1 1 1 1
 1 1 1 1 1
 1 1 1 1 1
 1 1 1 1 1
 1 1 1 1 1
 1 1 1 1 1
 1 1 1 1 1
 1 1 1 1 1
 1 1 1 1 1
 1 1 1 1 1
 1 1 1 1 1
 1 1 1 1 1
 1 1 1 1 1
 1 1 1 1 1
 1 1 1 1 1
 1 1 1 1 1
 1 1 1 1 1
 1 1 1 1 1
 1 1 1 1 1
 1 1 1 1 1
 1 1 1 1 1
 1 1 1 1 1
pf_obs 
 0.256992 0.487395 0.22802 0.0275931 0
 0.321318 0.546541 0.124235 0.00734118 0.000564706
 0.182869 0.594174 0.210203 0.0122559 0.00049798
 0.330522 0.361315 0.267642 0.0388342 0.00168674
 0.649043 0.306663 0.0425973 0.00169635 0
 0.582887 0.30429 0.105238 0.00758474 0
 0.465427 0.430635 0.0974691 0.00646863 0
 0.296916 0.608066 0.0921331 0.00288517 0
 0.311714 0.524322 0.152257 0.0117073 0
 0.15457 0.633149 0.183074 0.0267441 0.00246327
 0.131901 0.49318 0.331252 0.0422183 0.00144891
 0.196976 0.569456 0.194076 0.0375587 0.00193317
 0.518974 0.381816 0.0799577 0.0180837 0.00116848
 0.0928022 0.601141 0.25162 0.0475244 0.00691264
 0.122501 0.610282 0.24278 0.0234846 0.000952079
 0.383417 0.481906 0.127806 0.00687128 0
 0.0376549 0.599619 0.316969 0.0457579 0
 0.0361596 0.667082 0.258105 0.0386534 0
 0.158088 0.579412 0.248529 0.0139706 0
 0.0477256 0.309471 0.559284 0.082774 0.000745712
 0.0406174 0.521527 0.379366 0.0568643 0.0016247
 0.151134 0.462217 0.34131 0.0453401 0
 0.294876 0.26143 0.354403 0.0886775 0.000613685
 0.281977 0.475581 0.204845 0.0348837 0.00271318
 0.0841818 0.532909 0.334909 0.0458182 0.00218182
 0.115287 0.27431 0.454777 0.147771 0.00785563
pf_pred 
 0.306395 0.488331 0.183457 0.0218059 1.13635e-05
 0.284548 0.579646 0.0956138 0.0359203 0.00427177
 0.144208 0.679681 0.142682 0.0235357 0.00989341
 0.329926 0.505631 0.130603 0.0274167 0.00642349
 0.381502 0.506853 0.0842461 0.0217605 0.00563831
 0.247807 0.609812 0.11668 0.0193939 0.00630734
 0.46993 0.420217 0.089059 0.0170404 0.0037535
 0.241592 0.673972 0.066937 0.0141863 0.00331229
 0.411141 0.448451 0.124776 0.0123924 0.00323961
 0.325244 0.592684 0.0625024 0.0173905 0.00217869
 0.126925 0.697311 0.154386 0.016281 0.00509751
 0.139065 0.492939 0.293913 0.0650728 0.00901092
 0.267037 0.432146 0.172236 0.102695 0.0258854
 0.157191 0.667857 0.103149 0.0411112 0.0306909
 0.17538 0.575994 0.197016 0.0304287 0.0211814
 0.217471 0.550863 0.161818 0.055349 0.0144992
 0.174412 0.574591 0.17669 0.0519033 0.0224039
 0.210423 0.498836 0.202349 0.0622235 0.0261682
 0.216007 0.528118 0.161655 0.0655743 0.0286447
 0.348054 0.44144 0.141802 0.0434052 0.0252982
 0.276349 0.581364 0.0963438 0.0309481 0.0149944
 0.169965 0.603244 0.182199 0.030194 0.0143983
 0.260008 0.436914 0.220268 0.0665279 0.0162824
 0.262985 0.528847 0.122909 0.061964 0.0232955
 0.0780439 0.664344 0.18485 0.0429609 0.0298011
 0.115365 0.332633 0.397762 0.110675 0.0435647
pobs_RECLAS
 0 0 0 0 0
 0 0 0 0 0
 0 0 0 0 0
 0 0 0 0 0
 0.835266 0.146461 0.0176864 0.000547809 3.91292e-05
 0.385257 0.428462 0.181853 0.0044286 0
 0.867414 0.0963971 0.0333333 0.00285562 0
 0.441836 0.489002 0.0689373 0.000224442 0
 0.779404 0.147425 0.0564933 0.0165055 0.000172143
 0.814271 0.122319 0.05973 0.00367925 0
 0.40263 0.566651 0.0304383 0.000280538 0
 0.475488 0.404961 0.113038 0.00651328 0
 0.955842 0.0263864 0.0167828 0.000988607 0
 0.975058 0.0227948 0.00214734 0 0
 0.738997 0.206755 0.0527124 0.00153531 0
 0.850938 0.134255 0.0134407 0.00136685 0
 0.542534 0.407297 0.0501686 0 0
 0.764087 0.199537 0.0359546 0.000420521 0
 0.470689 0.182191 0.310203 0.0369168 0
 0.84361 0.089868 0.0606195 0.00523954 0.000663233
 0.607945 0.314616 0.071237 0.00620181 0
 0.523733 0.453247 0.0230204 0 0
 0.530135 0.295979 0.169645 0.0042399 0
 0.562478 0.366248 0.0663022 0.0049721 0
 0.250443 0.683176 0.0655157 0.000865301 0
 0.195077 0.31981 0.436473 0.0351445 0.0134964
ppred_RECLAS
 0.730519 0.189727 0.0712769 0.00847208 4.41495e-06
 0.709539 0.235326 0.0388175 0.014583 0.00173426
 0.548972 0.358213 0.0751977 0.012404 0.00521413
 0.749607 0.188944 0.0488035 0.0102451 0.00240033
 0.781925 0.17871 0.0297041 0.00767246 0.001988
 0.677967 0.261076 0.0499538 0.00830302 0.00270033
 0.842917 0.124529 0.0263922 0.00504983 0.00111233
 0.663281 0.299231 0.0297187 0.00629847 0.00147059
 0.812951 0.142449 0.0396346 0.0039364 0.00102905
 0.741704 0.226879 0.0239259 0.00665708 0.000834003
 0.469159 0.423974 0.0938686 0.00989906 0.00309935
 0.493788 0.289838 0.172815 0.0382615 0.00529824
 0.694589 0.180067 0.0717675 0.042791 0.0107859
 0.547827 0.358311 0.0553403 0.0220565 0.0164659
 0.573948 0.297595 0.101791 0.0157214 0.0109437
 0.623466 0.265062 0.0778627 0.0266326 0.00697664
 0.556691 0.308533 0.0948757 0.0278701 0.01203
 0.611252 0.245602 0.0996264 0.0306357 0.0128839
 0.618522 0.256973 0.0786588 0.0319073 0.013938
 0.758702 0.163386 0.0524837 0.0160651 0.00936336
 0.689511 0.24944 0.0413372 0.0132786 0.0064335
 0.543866 0.331504 0.100125 0.0165927 0.00791239
 0.672449 0.193396 0.0974995 0.0294479 0.00720724
 0.675824 0.232613 0.0540616 0.0272549 0.0102465
 0.330475 0.482447 0.134238 0.0311982 0.0216415
 0.432316 0.213456 0.25525 0.0710219 0.0279562
pobs_PELACES
 0 0 0 0 0
 0 0 0 0 0
 0 0 0 0 0
 0 0 0 0 0
 0 0 0 0 0
 0 0 0 0 0
 0 0 0 0 0
 0 0 0 0 0
 0 0 0 0 0
 0 0 0 0 0
 0.450072 0.473896 0.0757376 0.000293798 0
 0 0 0 0 0
 0.463077 0.371075 0.160297 0.00555027 0
 0.529543 0.364841 0.0842815 0.0213345 0
 0.631943 0.363953 0.00410389 0 0
 0.735681 0.248677 0.0153453 0.000297389 0
 0.695825 0.281241 0.0229344 0 0
 0.275771 0.60734 0.115278 0.00161068 0
 0 0 0 0 0
 0.896147 0.0623911 0.0374545 0.00400742 0
 0.803859 0.145111 0.0509908 3.86294e-05 0
 0.739449 0.233085 0.0266225 0.000797448 4.60066e-05
 0.878498 0.100942 0.0204185 0.000141795 0
 0.694673 0.275183 0.0284847 0.00165964 0
 0.469039 0.446079 0.0841089 0.000773354 0
 0.822795 0.102175 0.0682046 0.00682512 0
ppred_PELACES
 0.79264 0.145992 0.0548463 0.00651911 3.39723e-06
 0.775401 0.181966 0.0300157 0.0112763 0.00134102
 0.701031 0.237445 0.0498456 0.00822214 0.00345624
 0.804614 0.147436 0.0380823 0.00799442 0.00187302
 0.808187 0.157189 0.026127 0.00674851 0.0017486
 0.765422 0.190175 0.0363877 0.00604815 0.001967
 0.879345 0.0956505 0.0202718 0.00387877 0.000854378
 0.739039 0.231907 0.0230324 0.00488138 0.00113973
 0.863949 0.103611 0.0288285 0.00286316 0.000748486
 0.787888 0.186313 0.0196479 0.00546678 0.000684882
 0.548592 0.360532 0.0798224 0.0084178 0.00263557
 0.568246 0.247206 0.147395 0.0326336 0.00451892
 0.769862 0.135686 0.0540793 0.0322445 0.00812756
 0.660113 0.269333 0.0415979 0.0165793 0.012377
 0.671958 0.229136 0.0783749 0.0121048 0.00842618
 0.681817 0.223985 0.0657965 0.0225054 0.00589548
 0.617225 0.266403 0.0819204 0.0240644 0.0103873
 0.662888 0.21298 0.0863935 0.0265665 0.0111726
 0.667549 0.223948 0.0685497 0.0278067 0.0121467
 0.79617 0.138016 0.0443343 0.0135706 0.00790945
 0.72332 0.222278 0.0368359 0.0118327 0.00573295
 0.585467 0.30127 0.0909929 0.0150794 0.00719075
 0.711763 0.170184 0.0857973 0.0259135 0.00634221
 0.714855 0.204606 0.0475524 0.0239733 0.00901283
 0.370448 0.453643 0.126224 0.0293356 0.0203495
 0.477484 0.196472 0.234941 0.065371 0.0257318
pobs_pel_tallas
 0 0 0 0 0 0 0 0 0 0 0 0 0 0 0 0 0 0 0 0 0 0 0 0 0 0 0 0 0 0 0 0 0 0 0 0
 0 0 0 0 0 0 0 0 0 0 0 0 0 0 0 0 0 0 0 0 0 0 0 0 0 0 0 0 0 0 0 0 0 0 0 0
 0 0 0 0 0 0 0 0 0 0 0 0 0 0 0 0 0 0 0 0 0 0 0 0 0 0 0 0 0 0 0 0 0 0 0 0
 0 0 0 0 0 0 0 0 0 0 0 0 0 0 0 0 0 0 0 0 0 0 0 0 0 0 0 0 0 0 0 0 0 0 0 0
 0 0 0 0 0 0 0 0 0 0 0 0 0 0 0 0 0 0 0 0 0 0 0 0 0 0 0 0 0 0 0 0 0 0 0 0
 0 0 0 0 0 0 0 0 0 0 0 0 0 0 0 0 0 0 0 0 0 0 0 0 0 0 0 0 0 0 0 0 0 0 0 0
 0 0 0 0 0 0 0 0 0 0 0 0 0 0 0 0 0 0 0 0 0 0 0 0 0 0 0 0 0 0 0 0 0 0 0 0
 0 0 0 0 0 0 0 0 0 0 0 0 0 0 0 0 0 0 0 0 0 0 0 0 0 0 0 0 0 0 0 0 0 0 0 0
 0 0 0 0 0 0 0 0 0 0 0 0 0 0 0 0 0 0 0 0 0 0 0 0 0 0 0 0 0 0 0 0 0 0 0 0
 0 0 0 0 0 0 0 0 0 0 0 0 0 0 0 0 0 0 0 0 0 0 0 0 0 0 0 0 0 0 0 0 0 0 0 0
 0 0 0 0 0 0 0 0 1.78061e-05 0.00172719 0.00360574 0.0105946 0.0120993 0.0124554 0.0147524 0.0171206 0.0266825 0.0428682 0.0675386 0.121331 0.153587 0.119568 0.100827 0.0573624 0.0630603 0.0341343 0.0324427 0.0444173 0.0211091 0.0280891 0.0125444 0.00206551 0 0 0 0
 0 0 0 0 0 0 0 0 0 0 0 0 0 0 0 0 0 0 0 0 0 0 0 0 0 0 0 0 0 0 0 0 0 0 0 0
 0 0 0 0 0 0 0.0133647 0.0140871 0.0187388 0.0205184 0.03894 0.0496705 0.03968 0.0493445 0.0407372 0.0367815 0.0215668 0.0243155 0.0234873 0.0199281 0.019796 0.0243948 0.0301388 0.0376714 0.0412746 0.0863199 0.0771752 0.113111 0.0741005 0.0525337 0.0229764 0.00759418 0.00175318 0 0 0
 0 0 0 0 0 0 0 0 0 0 0.00219441 0.00772107 0.0458388 0.0604681 0.0671733 0.0775358 0.0609151 0.0617685 0.073594 0.0568108 0.0755445 0.0548602 0.0670107 0.0636378 0.0643287 0.046367 0.0373049 0.0286899 0.0247887 0.0153202 0.00654259 0.00121912 0.000365735 0 0 0
 0 0 0 0 0 0 0 0 0 0 0 0 0.000112435 0.00938835 0.0111873 0.0202946 0.0414886 0.0713402 0.111592 0.104902 0.108894 0.110636 0.117776 0.105296 0.107544 0.0401394 0.0192827 0.0124803 0.00416011 0.0028671 0.000618394 0 0 0 0 0
 0 0 0 0 0 0 0 0 0 0 0.00291406 0.0102884 0.027416 0.0768956 0.0749926 0.110853 0.0956884 0.0897413 0.0766577 0.0534642 0.0500743 0.0551293 0.0594112 0.0620874 0.0668451 0.0424026 0.0208742 0.0120726 0.0048766 0.00582813 0.00118941 0.000297354 0 0 0 0
 0 0.00264628 0.0354308 0.0461629 0.0458689 0.0383711 0.0214643 0.0164657 0.0346957 0.0420465 0.0363128 0.0245516 0.0311673 0.0291091 0.0169068 0.0133784 0.00837989 0.0085269 0.0148486 0.0160247 0.0276389 0.0546898 0.0760071 0.122758 0.109233 0.0665981 0.0333725 0.0166128 0.00676272 0.00308733 0.000882094 0 0 0 0 0
 0 0 0 0 0 0 0 0.000805153 0.000690131 0.00759144 0.0133425 0.0154129 0.00931677 0.000345066 0.00356568 0.00563607 0.00851162 0.0253048 0.0502646 0.0516448 0.0657925 0.0565908 0.0611916 0.0827007 0.0866115 0.110766 0.145733 0.0935128 0.0569358 0.0249597 0.0138026 0.00621118 0.00161031 0.00115022 0 0
 0 0 0 0 0 0 0 0 0 0 0 0 0 0 0 0 0 0 0 0 0 0 0 0 0 0 0 0 0 0 0 0 0 0 0 0
 0.00147267 0.00158595 0.00478618 0.00569244 0.00954404 0.0108468 0.00647125 0.017049 0.0510054 0.094081 0.124002 0.0959785 0.0687766 0.0820023 0.061753 0.0591476 0.0492212 0.0479892 0.0443925 0.0268479 0.0217502 0.0140895 0.0121071 0.0120363 0.00920419 0.00665534 0.0049561 0.00860946 0.00930331 0.0156896 0.0114698 0.00855282 0.00243557 0.00046729 0 2.83206e-05
 0 0 0 0 0.000772559 0.00158375 0.000888443 0.00281984 0.00712685 0.0440552 0.0773331 0.111326 0.0921469 0.0852325 0.0710754 0.0886704 0.0786465 0.0553345 0.0373146 0.0185414 0.00753245 0.00457741 0.012979 0.0271748 0.0457355 0.0583668 0.034881 0.0177882 0.00938659 0.00492506 0.0015258 0.00185414 0.000309023 5.79419e-05 3.86279e-05 0
 0 0.00173294 0.00326652 0 0.00397197 0.00683976 0.00946217 0.0152591 0.00757587 0.0136028 0.0228656 0.0392903 0.0559909 0.0764795 0.0681675 0.0726916 0.0566044 0.0477403 0.0527397 0.0444891 0.0609904 0.0582453 0.0661739 0.0445044 0.0529084 0.0360697 0.0280645 0.0235558 0.0158879 0.00826598 0.00280645 0.00217768 0.000904811 0.00058276 9.20147e-05 0
 0 0 0 0 0 0 0 0 0 0 0 0 0 0 0 0 0 0 0 0 0 0 0 0 0 0 0 0 0 0 0 0 0 0 0 0
 0 0 0 0 0 0 0 0 0 0 0 0 0 0 0 0 0 0 0 0 0 0 0 0 0 0 0 0 0 0 0 0 0 0 0 0
 0 0 0 0 0 0 0 0 0 0 0 0 0 0 0 0 0 0 0 0 0 0 0 0 0 0 0 0 0 0 0 0 0 0 0 0
 0 0 0 0 0 0 0 0 0 0 0 0 0 0 0 0 0 0 0 0 0 0 0 0 0 0 0 0 0 0 0 0 0 0 0 0
ppred_pel_tallas
 1.01051e-16 3.45815e-05 0.000202971 0.000964846 0.00371473 0.0115841 0.0292604 0.0598703 0.0992406 0.133274 0.14502 0.127897 0.0915073 0.0533122 0.0257013 0.0110289 0.00550487 0.00467329 0.00580611 0.00771155 0.00991337 0.0121366 0.014134 0.0156759 0.0165879 0.0167874 0.0162985 0.0152377 0.0137801 0.0121143 0.010405 0.00877051 0.00727865 0.00595606 0.00480373 0.00381124
 1.00936e-16 3.38312e-05 0.000198563 0.000943883 0.003634 0.0113323 0.0286245 0.0585696 0.0970856 0.130383 0.141883 0.125151 0.0895875 0.052284 0.0253738 0.0111749 0.00599314 0.00547657 0.00695151 0.00922995 0.0118049 0.0143507 0.0165631 0.0181628 0.0189473 0.0188363 0.0178886 0.0162815 0.0142628 0.0120907 0.00998236 0.00808343 0.00646352 0.00513033 0.00405343 0.00318727
 1.0123e-16 3.05906e-05 0.000179533 0.000853399 0.0032856 0.0102458 0.0258802 0.0529549 0.0877809 0.117894 0.12831 0.113222 0.0811409 0.0475422 0.0234238 0.0109151 0.00671001 0.00689863 0.00906763 0.0121157 0.0155204 0.0188902 0.0218333 0.023984 0.0250745 0.0249945 0.0238143 0.0217587 0.0191456 0.0163087 0.0135305 0.0110039 0.00882482 0.00701045 0.0055286 0.00432662
 1.00951e-16 3.51036e-05 0.000206037 0.00097942 0.00377084 0.011759 0.0297024 0.0607747 0.10074 0.135287 0.147209 0.129826 0.0928843 0.0541073 0.0260709 0.0111628 0.00553312 0.00465544 0.00575701 0.00762471 0.0097725 0.0119203 0.0138184 0.015238 0.0160097 0.0160603 0.0154268 0.0142408 0.0126917 0.0109796 0.00927502 0.00769576 0.00630275 0.00511089 0.00410673 0.00326532
 1.00736e-16 3.52598e-05 0.000206953 0.000983772 0.0037876 0.0118113 0.0298344 0.0610448 0.101188 0.135889 0.147867 0.13041 0.0933111 0.0543743 0.0262335 0.0112896 0.00567763 0.00485113 0.00602193 0.00796423 0.0101782 0.0123675 0.0142664 0.0156328 0.0162918 0.0161745 0.0153323 0.0139199 0.0121528 0.0102561 0.00841897 0.00676887 0.00536688 0.00421994 0.00330132 0.00257053
 1.00879e-16 3.33964e-05 0.00019601 0.000931743 0.00358726 0.0111865 0.0282563 0.0578163 0.0958373 0.128708 0.140062 0.123551 0.088456 0.0516511 0.0251182 0.0111502 0.00610552 0.00569199 0.00727092 0.00966563 0.0123662 0.0150366 0.017359 0.0190404 0.0198672 0.0197535 0.0187588 0.017067 0.0149365 0.0126381 0.0104005 0.00837938 0.00665109 0.00522749 0.00407983 0.00316238
 1.00493e-16 3.83601e-05 0.00022516 0.00107034 0.00412094 0.0128508 0.0324601 0.0664167 0.11009 0.147837 0.16085 0.141818 0.101379 0.0588858 0.0280546 0.0114642 0.00487632 0.00332113 0.00376365 0.00490119 0.00625856 0.00761556 0.00880296 0.00967173 0.0101136 0.0100839 0.00961086 0.00878468 0.00773317 0.00659052 0.0054705 0.00445081 0.0035703 0.0028361 0.0022356 0.00174791
 1.00624e-16 3.22477e-05 0.000189262 0.000899654 0.0034637 0.0108012 0.027283 0.0558252 0.0925382 0.124281 0.135256 0.119338 0.0854968 0.0500384 0.0245485 0.0112606 0.00667701 0.00666433 0.00867113 0.0115364 0.0147187 0.0178248 0.0204692 0.0222979 0.0230589 0.0226607 0.021194 0.0189041 0.0161272 0.0132108 0.0104456 0.00802471 0.00603607 0.00448127 0.00330708 0.00243719
 1.00577e-16 3.76891e-05 0.00022122 0.00105161 0.00404881 0.0126259 0.0318919 0.0652543 0.108163 0.145251 0.158039 0.139345 0.0996248 0.0578934 0.0276319 0.011379 0.00497568 0.00354342 0.00410205 0.00536935 0.00687109 0.00837877 0.00971069 0.0107044 0.0112401 0.0112655 0.0108062 0.00995459 0.00884437 0.00761735 0.00639521 0.00526287 0.00426539 0.00341515 0.00270399 0.00211478
 1.0056e-16 3.43758e-05 0.00020176 0.000959082 0.00369252 0.0115148 0.0290855 0.0595128 0.098649 0.132483 0.144168 0.127166 0.0910294 0.0531243 0.0257791 0.011348 0.00607581 0.00553821 0.0070149 0.00929419 0.0118557 0.0143634 0.0165043 0.0179934 0.0186276 0.0183325 0.0171796 0.0153641 0.013154 0.0108269 0.00861465 0.00667152 0.00506809 0.00380622 0.00284444 0.00212313
 1.01663e-16 2.39486e-05 0.000140527 0.000667936 0.00257148 0.00801881 0.0202552 0.0414466 0.0687095 0.0922964 0.100493 0.0887771 0.0638433 0.0378522 0.0194782 0.0104678 0.008313 0.0100104 0.0136783 0.0183867 0.0235706 0.0286885 0.0331546 0.0364135 0.0380568 0.0379156 0.0360953 0.0329372 0.0289249 0.0245672 0.020297 0.0164115 0.0130613 0.0102765 0.00801146 0.00618733
 1.03506e-16 2.48012e-05 0.000145543 0.000691801 0.0026634 0.00830551 0.0209792 0.0429272 0.0711605 0.0955784 0.104039 0.0918441 0.0659066 0.0387907 0.0194402 0.00961749 0.00668356 0.00750762 0.010161 0.0137578 0.0178527 0.0220754 0.0260287 0.0293204 0.0316351 0.0327953 0.0327892 0.0317519 0.0299139 0.0275368 0.0248568 0.0220545 0.0192507 0.0165208 0.0139156 0.0114775
 1.023e-16 3.35878e-05 0.000197139 0.00093712 0.00360798 0.0112512 0.0284195 0.0581498 0.0963885 0.129444 0.140851 0.124218 0.0888704 0.0517667 0.0249395 0.0106747 0.00529172 0.00446489 0.00555002 0.00739892 0.00956222 0.0117889 0.0138551 0.0155511 0.0167138 0.0172594 0.0171958 0.0166106 0.0156397 0.0144294 0.0131042 0.0117504 0.0104159 0.00912048 0.00787181 0.00667702
 1.01827e-16 2.88076e-05 0.000169062 0.000803615 0.00309391 0.00964802 0.0243703 0.0498657 0.0826615 0.111023 0.120843 0.106658 0.0764936 0.0449333 0.0223505 0.0107706 0.00710036 0.00767165 0.0102128 0.0136681 0.0175048 0.0212939 0.0245964 0.0270024 0.0282142 0.028114 0.0267887 0.0244991 0.0216082 0.0184927 0.0154666 0.0127379 0.0104022 0.00846486 0.00687737 0.00557175
 1.01997e-16 2.93226e-05 0.000172089 0.000818012 0.00314935 0.00982094 0.024807 0.050759 0.084141 0.113006 0.122992 0.108532 0.0777873 0.0455924 0.0224924 0.0105326 0.00654987 0.00680369 0.00898901 0.0120587 0.0155192 0.0190001 0.0221261 0.024541 0.0259751 0.0263024 0.025564 0.0239455 0.0217215 0.0191859 0.016592 0.014118 0.0118618 0.00985651 0.00809675 0.00656181
 1.02056e-16 2.97523e-05 0.000174612 0.000830009 0.00319555 0.00996498 0.0251708 0.0515034 0.0853747 0.114662 0.124792 0.110115 0.07891 0.0462264 0.0227601 0.010582 0.00647761 0.00664753 0.00875118 0.011728 0.0150841 0.0184545 0.0214733 0.0237947 0.0251587 0.025447 0.0247049 0.0231184 0.0209587 0.0185139 0.0160293 0.0136742 0.0115376 0.00964459 0.00798298 0.00652748
 1.02562e-16 2.69375e-05 0.000158083 0.000751419 0.00289294 0.00902131 0.0227872 0.0466267 0.0772929 0.103814 0.113001 0.0997484 0.0715633 0.0420884 0.0210317 0.0102983 0.00700892 0.00774674 0.0103983 0.0139819 0.017997 0.0220305 0.0256512 0.0284481 0.0301108 0.0304968 0.0296573 0.0278102 0.0252752 0.0223918 0.0194498 0.0166498 0.0140977 0.0118247 0.00981861 0.00805194
 1.02731e-16 2.89264e-05 0.000169765 0.000806966 0.00310683 0.00968832 0.024472 0.0500735 0.0830044 0.111479 0.121327 0.107056 0.0767166 0.0449385 0.0221212 0.010279 0.00628861 0.00646011 0.00852453 0.0114602 0.0147986 0.0181973 0.0213109 0.0238083 0.0254337 0.0260587 0.0257043 0.0245208 0.0227387 0.0206069 0.0183408 0.0160929 0.0139498 0.0119478 0.0100956 0.00839407
 1.0257e-16 2.91301e-05 0.00017096 0.000812644 0.00312869 0.00975649 0.0246442 0.0504259 0.0835887 0.112264 0.122183 0.107816 0.07727 0.0452804 0.022322 0.0104254 0.00644697 0.00667019 0.00880611 0.0118175 0.0152197 0.0186525 0.0217525 0.0241752 0.02566 0.0260857 0.0254918 0.0240563 0.0220404 0.0197212 0.0173337 0.015039 0.0129205 0.011002 0.00927387 0.00771711
 1.01511e-16 3.4735e-05 0.000203874 0.000969138 0.00373126 0.0116356 0.0293906 0.0601367 0.0996818 0.133866 0.145662 0.128458 0.0918974 0.0535169 0.0257578 0.0109806 0.00537445 0.0044608 0.0054993 0.00729685 0.00938392 0.0114978 0.0134068 0.0148967 0.0158061 0.0160597 0.0156815 0.014781 0.0135199 0.0120699 0.0105777 0.00914438 0.00782333 0.00663084 0.00556205 0.00460547
 1.0127e-16 3.15619e-05 0.000185237 0.000880518 0.00339002 0.0105715 0.0267027 0.0546377 0.0905697 0.121638 0.132379 0.116798 0.0836742 0.0489666 0.0240138 0.0110018 0.00650846 0.00649094 0.00845712 0.0112783 0.014435 0.0175533 0.0202663 0.022234 0.0232093 0.0230941 0.0219598 0.0200224 0.0175834 0.0149566 0.0124053 0.0101056 0.00814102 0.00651954 0.00520336 0.00413688
 1.02244e-16 2.55542e-05 0.000149959 0.000712786 0.00274418 0.0085574 0.0216155 0.0442295 0.0733205 0.0984829 0.10721 0.0946644 0.0679766 0.0401013 0.0202656 0.0102984 0.00748985 0.00861385 0.0116663 0.0156955 0.0201813 0.0246645 0.0286564 0.0316906 0.0334167 0.0336769 0.0325361 0.030251 0.0271961 0.0237696 0.0203131 0.0170649 0.0141525 0.0116136 0.00943098 0.00756562
 1.02461e-16 3.10559e-05 0.000182271 0.000866429 0.00333579 0.0104023 0.0262755 0.0537632 0.0891189 0.119685 0.130244 0.114891 0.0822578 0.0480364 0.0233707 0.0103969 0.00573535 0.00540567 0.00696975 0.00935368 0.0121066 0.014939 0.0175722 0.0197386 0.021227 0.0219242 0.0218321 0.0210546 0.0197594 0.0181322 0.0163365 0.0144926 0.0126749 0.0109235 0.00926049 0.00770339
 1.01987e-16 3.1192e-05 0.000183067 0.000870207 0.00335033 0.0104477 0.02639 0.0539978 0.0895086 0.120211 0.130823 0.115419 0.0826706 0.0483482 0.0236533 0.0107418 0.00622819 0.00611665 0.00794936 0.0106233 0.0136451 0.0166713 0.0193669 0.0214187 0.0225941 0.0227919 0.0220613 0.0205798 0.0186016 0.0163928 0.0141769 0.0121043 0.010248 0.00862119 0.0072024 0.00595965
 1.03899e-16 1.61845e-05 9.49365e-05 0.000451173 0.00173685 0.00541604 0.0136809 0.0279959 0.0464178 0.0623721 0.0679639 0.0601647 0.0435386 0.0263597 0.0145706 0.00945128 0.00940974 0.0124947 0.0174548 0.0235928 0.0303531 0.0370997 0.0431092 0.0476848 0.0503038 0.0507335 0.0490752 0.0457177 0.0412232 0.0361867 0.031114 0.0263528 0.0220822 0.0183476 0.0151144 0.0123191
 1.06848e-16 2.08416e-05 0.000122301 0.000581317 0.00223803 0.006979 0.0176285 0.0360711 0.0597953 0.0803138 0.0874249 0.0771807 0.0553924 0.0326201 0.0163849 0.00817745 0.00579652 0.0066359 0.00910915 0.0125149 0.0165273 0.0208814 0.0252766 0.0293906 0.0329291 0.0356712 0.0374936 0.0383671 0.0383321 0.0374668 0.0358631 0.033617 0.0308328 0.0276319 0.0241582 0.0205741
pSPR Fmed_Fpbrs
0.454625   0.348722 0.348722
Fs Fmed_Fpbrs
0.64   1.005 1.005
SSBpbr Bo_Bmed_Bpbrs
1.10347e+06  446493  329632 329632
Ro
36282.4
SPR SPRFo_SPRFmed_SPRFpbrs
749390 340692 261329
log_Ro
10.3191
likeval ReclasPelacesDesembMPH_pf_preclas_ppelaces_ptallas_desvR_qrecl_qpela
 0.00114176 48.8968 0.0110002 75.5707 327.476 200.34 55.1074 0 18.1565 1.55759e-05 0 0 0 0 0
q_reclas_q_pelaces
0.571635 1
M
0.7
N
 32450.8 10240.4 3847.12 457.275 0.238294
 35475.4 14345.1 2366.25 888.954 105.718
 12312.7 15662.8 3288.02 542.365 227.987
 15574.4 4594.05 1186.63 249.102 58.3624
 33122.1 6978.09 1159.86 299.586 77.6253
 29939.8 16166.4 3093.25 514.142 167.211
 74133.4 12572.3 2664.52 509.825 112.3
 59249.8 33445.8 3321.74 703.996 164.372
 115351 25917.4 7211.19 716.195 187.227
 153361 50016.7 5274.58 1467.59 183.86
 67216.9 71047 15729.9 1658.82 519.37
 45154.3 30122.4 17960.3 3976.45 550.637
 60883.5 20444.8 8148.5 4858.5 1224.64
 27252.8 26303.5 4062.52 1619.16 1208.76
 15909.1 11236.3 3843.32 593.593 413.2
 14881.9 6750.34 1982.93 678.253 177.674
 11795 6892.6 2119.52 622.615 268.75
 13478.7 5486.11 2225.4 684.323 287.793
 15337.1 6359.91 1946.75 789.684 344.956
 33688.9 7275.31 2337.02 715.354 416.936
 47710.3 15953.7 2643.86 849.275 411.475
 40906.1 23263.8 7026.41 1164.42 555.264
 72380.7 19879.1 10022 3026.95 740.831
 106166 34883 8107.14 4087.17 1536.58
 37206.2 51171.8 14238.3 3309.11 2295.46
 38352.8 18018.4 21546.4 5995.15 2359.85
pred_Ctot
 2579.91 4111.85 1544.74 183.611 0.0956828
 2848.66 5802.95 957.209 359.605 42.7655
 2238.14 10548.8 2214.46 365.279 153.548
 1101.26 1687.74 435.937 91.514 21.4409
 408.127 542.226 90.1255 23.2791 6.0318
 3356.43 8259.63 1580.38 262.682 85.4302
 4904.37 4385.54 929.452 177.84 39.1729
 5113.58 14265.4 1416.8 300.271 70.1086
 10604 11566.3 3218.17 319.62 83.5549
 7429.76 13539.1 1427.78 397.263 49.7693
 4744.21 26064.2 5770.66 608.553 190.535
 2880.11 10209.1 6087.11 1347.7 186.622
 5737.93 9285.68 3700.91 2206.65 556.208
 3362.43 14285.9 2206.43 879.396 656.5
 1680.47 5519.1 1887.78 291.564 202.958
 723.443 1832.51 538.307 184.125 48.2333
 539.492 1777.33 546.538 160.547 69.2998
 484.274 1148.04 465.691 143.203 60.2241
 494.935 1210.07 370.399 150.249 65.6331
 1126.43 1428.66 458.924 140.475 81.8743
 621.091 1306.61 216.531 69.5554 33.6998
 629.649 2234.76 674.969 111.856 53.3397
 1538.1 2584.61 1303.02 393.552 96.3201
 2246.33 4517.23 1049.85 529.275 198.982
 663.805 5650.61 1572.25 365.405 253.474
 780.033 2249.07 2689.44 748.32 294.559
F
 0.116318 0.765035 0.765035 0.765035 0.765035
 0.117548 0.773123 0.773123 0.773123 0.773123
 0.285868 1.88018 1.88018 1.88018 1.88018
 0.102852 0.676467 0.676467 0.676467 0.676467
 0.0172647 0.113551 0.113551 0.113551 0.113551
 0.16769 1.10291 1.10291 1.10291 1.10291
 0.0959403 0.631008 0.631008 0.631008 0.631008
 0.126848 0.834292 0.834292 0.834292 0.834292
 0.135625 0.892015 0.892015 0.892015 0.892015
 0.0694519 0.456791 0.456791 0.456791 0.456791
 0.102656 0.675176 0.675176 0.675176 0.675176
 0.0923562 0.607435 0.607435 0.607435 0.607435
 0.13926 0.915925 0.915925 0.915925 0.915925
 0.186004 1.22337 1.22337 1.22337 1.22337
 0.157299 1.03457 1.03457 1.03457 1.03457
 0.0696973 0.458405 0.458405 0.458405 0.458405
 0.0654564 0.430513 0.430513 0.430513 0.430513
 0.0510953 0.336058 0.336058 0.336058 0.336058
 0.045786 0.301138 0.301138 0.301138 0.301138
 0.0474751 0.312248 0.312248 0.312248 0.312248
 0.0182479 0.120018 0.120018 0.120018 0.120018
 0.0216084 0.142121 0.142121 0.142121 0.142121
 0.0299411 0.196925 0.196925 0.196925 0.196925
 0.0298105 0.196066 0.196066 0.196066 0.196066
 0.0250844 0.164982 0.164982 0.164982 0.164982
 0.0286399 0.188367 0.188367 0.188367 0.188367
Np
 29224.5 12456 3364.2 1347.19 1903.81
YTP_r0W_actual
 35487.1 220732 366830 119706 51216.9
YTP_p0W_proyectada
 24637.2 192807 112240 171404 74694.8
 24637.2 129762 50947.9 26054.9 40860
CTP_r0_actual
 3943.01 8690.22 10391.8 2891.45 1138.15
CTP_p0_proyectada
 3004.53 8926.25 3574.52 4274.42 1678.53
 3004.53 6007.52 1622.55 649.749 918.203
Wmedp
 8.2 21.6 31.4 40.1 44.5
nmprior
 10.8 10.6 4.6 0
nm_flota  nm_reclas  nm_pelaces    nm_pelaL
inf 17.8115 17.5725 55.3055
cv_recla  cv_pelaces  cv_mph
0.99641 0.766003 1.18299
 ------------------------------------------------
Talla a la edad & desviaci?n 
 7.2 14.2025 17.0495 18.207 18.6776
 1.08 2.13037 2.55742 2.73105 2.80164
