years
 1997 1998 1999 2000 2001 2002 2003 2004 2005 2006 2007 2008 2009 2010 2011 2012 2013 2014 2015 2016 2017 2018 2019
reclasobs
 0 0 0 370054 412103 1.49427e+06 250295 1.28982e+06 931140 785840 897777 1.04006e+06 184774 17550 25797 100020 73551 82996 120727 218422 84188 347160 605670
reclaspred
 506364 118075 170218 88424.3 186991 209805 722659 533977 708633 815450 692069 498965 357602 174306 105822 88111.4 91459.5 122398 133955 191498 301453 268936 409465
pelacesobs
 0 0 0 0 0 0 0 0 0 2.06254e+06 1.5e+06 0 1.87456e+06 323000 250000 174000 83755 137374 0 501740 490994 745055 786931
pelacespred
 1.64028e+06 316490 256755 209943 422407 324795 1.71173e+06 1.30467e+06 1.64166e+06 1.92902e+06 1.44997e+06 1.10332e+06 773574 309649 183446 170977 181219 251668 281066 389841 720316 649684 774493
mphobs
 0 0 0 0 0 0 112323 0 153150 637223 0 255016 313432 73983 77613 109348 50772 17779 17303 59886 28197 0 207744
mphpred
 194193 99600.3 82058.2 44174 52410.9 106916 181532 304946 273681 353204 392576 276632 180493 127640 58799.4 41981.5 37570.5 47879 32446.9 35847.8 60364.9 78772.5 86448.5
desembarqueobs
 350755 77701 442110 56441 14545 235359 269955 359681 431902 328805 639364 411747 362871 311530 167758 66681 60226 58785 57116 73181 50977 67692 138656
desembarquepred
 350759 77697.9 442090 56450.7 14545.3 235382 269951 359623 431765 328742 639209 411657 362761 311701 167816 66710 60259.5 58779.3 57097.4 73172.3 50977.5 67685.3 138653
Reclutas
 32038.6 34440.2 10854 14788.7 33728.1 31066.3 76191 58563.4 102300 117409 64945.1 50815.6 56658.2 25539.4 12980.7 11598.6 9077.19 11631.1 12699.7 20937.3 28792.5 29270.6 42762
log_desv_Rt
 0.0771937 0.149476 -1.00521 -0.695887 0.128583 0.0463744 0.943494 0.680362 1.23817 1.37592 0.783795 0.538455 0.647288 -0.149527 -0.826285 -0.938862 -1.18398 -0.936064 -0.84817 -0.348214 -0.029635 -0.0131651 0.365901
SSB
 391438 200766 165406 89042.2 105645 215511 353189 605680 535098 695155 791321 557612 377769 247148 119115 85992.7 81297.1 97691.7 125339 146741 231389 293982 332888
BT
 1.36565e+06 312377 399013 189506 275833 370626 1.32851e+06 1.17006e+06 1.44946e+06 1.48537e+06 1.41387e+06 1.02235e+06 827352 472698 251597 155647 159466 199420 209235 293215 472283 418743 538534
Ftot
 1.23147 1.23791 3.14797 1.22519 0.186826 1.64684 0.909335 1.19856 1.30991 0.780945 1.28693 1.11506 1.65781 2.46069 2.40726 1.16143 1.0814 0.803523 0.631476 0.640686 0.28309 0.331375 0.440788
BD_Bspro_t
 0.89277 0.58822 0.419245 0.173549 0.294018 0.50914 0.488195 0.57701 0.507559 0.527428 0.527673 0.374216 0.292105 0.236824 0.143448 0.129749 0.167146 0.260949 0.369402 0.465753 0.604947 0.716921 0.705485
BD_Bspro
 0.640316 0.328413 0.270571 0.145655 0.172815 0.352534 0.577747 0.990773 0.875314 1.13714 1.29444 0.912142 0.617955 0.404286 0.194849 0.140667 0.132986 0.159804 0.20503 0.240039 0.378507 0.480896 0.54454
BD_Bo
 0.633233 0.32478 0.267578 0.144044 0.170903 0.348634 0.571356 0.979813 0.865632 1.12456 1.28013 0.902052 0.611119 0.399813 0.192693 0.139111 0.131515 0.158037 0.202762 0.237383 0.37432 0.475576 0.538516
BD_Brms
 1.15133 0.590509 0.486506 0.261899 0.310733 0.63388 1.03883 1.78148 1.57388 2.04465 2.3275 1.6401 1.11113 0.726933 0.350351 0.252929 0.239118 0.287339 0.368658 0.431606 0.680581 0.864684 0.97912
S_f
 0.0850728 0.638556 0.971071 0.998434 0.999917
 0.0850728 0.638556 0.971071 0.998434 0.999917
 0.0850728 0.638556 0.971071 0.998434 0.999917
 0.0850728 0.638556 0.971071 0.998434 0.999917
 0.0850728 0.638556 0.971071 0.998434 0.999917
 0.0850728 0.638556 0.971071 0.998434 0.999917
 0.0850728 0.638556 0.971071 0.998434 0.999917
 0.0850728 0.638556 0.971071 0.998434 0.999917
 0.0850728 0.638556 0.971071 0.998434 0.999917
 0.0850728 0.638556 0.971071 0.998434 0.999917
 0.0850728 0.638556 0.971071 0.998434 0.999917
 0.0850728 0.638556 0.971071 0.998434 0.999917
 0.0850728 0.638556 0.971071 0.998434 0.999917
 0.0850728 0.638556 0.971071 0.998434 0.999917
 0.0850728 0.638556 0.971071 0.998434 0.999917
 0.0850728 0.638556 0.971071 0.998434 0.999917
 0.0850728 0.638556 0.971071 0.998434 0.999917
 0.0850728 0.638556 0.971071 0.998434 0.999917
 0.0850728 0.638556 0.971071 0.998434 0.999917
 0.0850728 0.638556 0.971071 0.998434 0.999917
 0.0850728 0.638556 0.971071 0.998434 0.999917
 0.0850728 0.638556 0.971071 0.998434 0.999917
 0.0850728 0.638556 0.971071 0.998434 0.999917
Scru_reclas
 0.792954 0.950676 0.989796 0.997956 0.999593
 0.792954 0.950676 0.989796 0.997956 0.999593
 0.792954 0.950676 0.989796 0.997956 0.999593
 0.792954 0.950676 0.989796 0.997956 0.999593
 0.792954 0.950676 0.989796 0.997956 0.999593
 0.792954 0.950676 0.989796 0.997956 0.999593
 0.792954 0.950676 0.989796 0.997956 0.999593
 0.792954 0.950676 0.989796 0.997956 0.999593
 0.792954 0.950676 0.989796 0.997956 0.999593
 0.792954 0.950676 0.989796 0.997956 0.999593
 0.792954 0.950676 0.989796 0.997956 0.999593
 0.792954 0.950676 0.989796 0.997956 0.999593
 0.792954 0.950676 0.989796 0.997956 0.999593
 0.792954 0.950676 0.989796 0.997956 0.999593
 0.792954 0.950676 0.989796 0.997956 0.999593
 0.792954 0.950676 0.989796 0.997956 0.999593
 0.792954 0.950676 0.989796 0.997956 0.999593
 0.792954 0.950676 0.989796 0.997956 0.999593
 0.792954 0.950676 0.989796 0.997956 0.999593
 0.792954 0.950676 0.989796 0.997956 0.999593
 0.792954 0.950676 0.989796 0.997956 0.999593
 0.792954 0.950676 0.989796 0.997956 0.999593
 0.792954 0.950676 0.989796 0.997956 0.999593
Scru_pelaces
 0.719814 1 1 1 1
 0.719814 1 1 1 1
 0.719814 1 1 1 1
 0.719814 1 1 1 1
 0.719814 1 1 1 1
 0.719814 1 1 1 1
 0.719814 1 1 1 1
 0.719814 1 1 1 1
 0.719814 1 1 1 1
 0.719814 1 1 1 1
 0.719814 1 1 1 1
 0.719814 1 1 1 1
 0.719814 1 1 1 1
 0.719814 1 1 1 1
 0.719814 1 1 1 1
 0.719814 1 1 1 1
 0.719814 1 1 1 1
 0.719814 1 1 1 1
 0.719814 1 1 1 1
 0.719814 1 1 1 1
 0.719814 1 1 1 1
 0.719814 1 1 1 1
 0.719814 1 1 1 1
pf_obs 
 0.256992 0.487395 0.22802 0.0275931 0
 0.321318 0.546541 0.124235 0.00734118 0.000564706
 0.182869 0.594174 0.210203 0.0122559 0.00049798
 0.330522 0.361315 0.267642 0.0388342 0.00168674
 0.649043 0.306663 0.0425973 0.00169635 0
 0.582887 0.30429 0.105238 0.00758474 0
 0.465427 0.430635 0.0974691 0.00646863 0
 0.296916 0.608066 0.0921331 0.00288517 0
 0.311714 0.524322 0.152257 0.0117073 0
 0.15457 0.633149 0.183074 0.0267441 0.00246327
 0.131901 0.49318 0.331252 0.0422183 0.00144891
 0.196976 0.569456 0.194076 0.0375587 0.00193317
 0.518974 0.381816 0.0799577 0.0180837 0.00116848
 0.0928022 0.601141 0.25162 0.0475244 0.00691264
 0.122501 0.610282 0.24278 0.0234846 0.000952079
 0.383417 0.481906 0.127806 0.00687128 0
 0.0376549 0.599619 0.316969 0.0457579 0
 0.0361596 0.667082 0.258105 0.0386534 0
 0.158088 0.579412 0.248529 0.0139706 0
 0.0477256 0.309471 0.559284 0.082774 0.000745712
 0.0406174 0.521527 0.379366 0.0568643 0.0016247
 0.151134 0.462217 0.34131 0.0453401 0
 0.294876 0.26143 0.354403 0.0886775 0.000613685
pf_pred 
 0.281436 0.488673 0.205256 0.0246219 1.29619e-05
 0.25278 0.59742 0.120693 0.0261212 0.00298557
 0.12086 0.691619 0.16644 0.0171468 0.00393454
 0.317648 0.504508 0.164149 0.0122788 0.00141667
 0.362781 0.510632 0.107005 0.0181399 0.00144183
 0.222409 0.617866 0.137846 0.0185792 0.00329903
 0.41354 0.443172 0.127954 0.0133363 0.00199772
 0.200441 0.686473 0.0959496 0.0153716 0.00176487
 0.326672 0.469465 0.187913 0.0136313 0.00231927
 0.254571 0.616946 0.105349 0.0214073 0.00172736
 0.134179 0.633942 0.207414 0.0202038 0.00426135
 0.1548 0.513197 0.280117 0.0466528 0.00523233
 0.237424 0.502435 0.194264 0.0559831 0.00989397
 0.157612 0.680496 0.131025 0.0233866 0.00747958
 0.173671 0.626839 0.183389 0.0132192 0.00288284
 0.226169 0.591138 0.16297 0.0182374 0.00148519
 0.178131 0.600987 0.190211 0.0274982 0.00317314
 0.230316 0.507234 0.219523 0.0371983 0.00572879
 0.205111 0.563909 0.178588 0.0441097 0.00828233
 0.263144 0.485197 0.202862 0.0380465 0.0107509
 0.231805 0.555871 0.162642 0.0403377 0.00934507
 0.165309 0.546566 0.231996 0.0433074 0.0128212
 0.203145 0.453791 0.257812 0.0690719 0.0161804
pobs_RECLAS
 0 0 0 0 0
 0 0 0 0 0
 0 0 0 0 0
 0 0 0 0 0
 0.835266 0.146461 0.0176864 0.000547809 3.91292e-05
 0.385257 0.428462 0.181853 0.0044286 0
 0.867414 0.0963971 0.0333333 0.00285562 0
 0.441836 0.489002 0.0689373 0.000224442 0
 0.779404 0.147425 0.0564933 0.0165055 0.000172143
 0.814271 0.122319 0.05973 0.00367925 0
 0.40263 0.566651 0.0304383 0.000280538 0
 0.475488 0.404961 0.113038 0.00651328 0
 0.955842 0.0263864 0.0167828 0.000988607 0
 0.975058 0.0227948 0.00214734 0 0
 0.738997 0.206755 0.0527124 0.00153531 0
 0.850938 0.134255 0.0134407 0.00136685 0
 0.542534 0.407297 0.0501686 0 0
 0.764087 0.199537 0.0359546 0.000420521 0
 0.470689 0.182191 0.310203 0.0369168 0
 0.84361 0.089868 0.0606195 0.00523954 0.000663233
 0.607945 0.314616 0.071237 0.00620181 0
 0.523733 0.453247 0.0230204 0 0
 0.530135 0.295979 0.169645 0.0042399 0
ppred_RECLAS
 0.746613 0.194312 0.0528821 0.00618914 3.25779e-06
 0.70856 0.25089 0.0328266 0.00693129 0.000792125
 0.551056 0.392073 0.0507133 0.00500989 0.00114835
 0.773702 0.18427 0.0388637 0.00283644 0.000327216
 0.793032 0.177127 0.0253019 0.00420455 0.000334238
 0.68095 0.274641 0.0384702 0.00504392 0.000895374
 0.833988 0.136832 0.0261203 0.0026612 0.000398629
 0.6372 0.327855 0.0297582 0.00465231 0.00053409
 0.78492 0.168126 0.0433647 0.00306752 0.00052184
 0.701517 0.262262 0.0298161 0.00592628 0.0004782
 0.534347 0.376904 0.079593 0.0075615 0.00159463
 0.584203 0.292636 0.104299 0.0169601 0.00190199
 0.711262 0.218322 0.0529508 0.0148427 0.00262242
 0.602303 0.349664 0.0391314 0.00674575 0.00215598
 0.633482 0.309164 0.0528682 0.00368251 0.000802562
 0.679035 0.267321 0.0479771 0.00524052 0.000426729
 0.612221 0.312796 0.0647826 0.00914589 0.00105531
 0.686991 0.233094 0.0670848 0.0111178 0.00171223
 0.647467 0.276848 0.0588006 0.0142153 0.00266931
 0.721564 0.20682 0.057968 0.0106409 0.00300699
 0.67703 0.256646 0.0510432 0.0124063 0.00287453
 0.585657 0.30548 0.0880009 0.0160966 0.00476596
 0.654014 0.229361 0.0880913 0.0231177 0.00541592
pobs_PELACES
 0 0 0 0 0
 0 0 0 0 0
 0 0 0 0 0
 0 0 0 0 0
 0 0 0 0 0
 0 0 0 0 0
 0 0 0 0 0
 0 0 0 0 0
 0 0 0 0 0
 0 0 0 0 0
 0.450072 0.473896 0.0757376 0.000293798 0
 0 0 0 0 0
 0.463077 0.371075 0.160297 0.00555027 0
 0.529543 0.364841 0.0842815 0.0213345 0
 0.631943 0.363953 0.00410389 0 0
 0.735681 0.248677 0.0153453 0.000297389 0
 0.695825 0.281241 0.0229344 0 0
 0.275771 0.60734 0.115278 0.00161068 0
 0 0 0 0 0
 0.896147 0.0623911 0.0374545 0.00400742 0
 0.803859 0.145111 0.0509908 3.86294e-05 0
 0.739449 0.233085 0.0266225 0.000797448 4.60066e-05
 0.878498 0.100942 0.0204185 0.000141795 0
ppred_PELACES
 0.767964 0.184951 0.0422343 0.00484833 2.54631e-06
 0.729152 0.238629 0.0261794 0.0054216 0.000618205
 0.662466 0.307341 0.02703 0.0025742 0.000588177
 0.791869 0.17472 0.0309408 0.00221509 0.000254964
 0.775359 0.193942 0.026069 0.00428935 0.00034039
 0.719085 0.248766 0.0279356 0.00357913 0.000633799
 0.839756 0.135221 0.0224382 0.00224882 0.000336156
 0.65709 0.31474 0.0240572 0.00369013 0.000422688
 0.805989 0.15748 0.0337902 0.00234282 0.000397648
 0.703618 0.26429 0.0264891 0.00518526 0.000417562
 0.564095 0.364478 0.0641908 0.00597852 0.00125794
 0.608876 0.288296 0.0873249 0.0139427 0.0015602
 0.751751 0.19753 0.0383612 0.0105067 0.00185178
 0.679273 0.291531 0.0239211 0.00400009 0.00127482
 0.707183 0.257649 0.032494 0.00219657 0.000477372
 0.698583 0.257766 0.0391169 0.00419358 0.000340725
 0.630898 0.306567 0.0541598 0.00750996 0.000864669
 0.693673 0.235501 0.0596046 0.00972651 0.00149492
 0.645444 0.284961 0.0542401 0.0129316 0.00242353
 0.721086 0.213048 0.05346 0.00967701 0.00272926
 0.659092 0.274924 0.050911 0.0122417 0.00283135
 0.569386 0.323933 0.0864281 0.0156328 0.0046203
 0.64563 0.242072 0.0850825 0.0220575 0.00515798
pobs_pel_tallas
 0 0 0 0 0 0 0 0 0 0 0 0 0 0 0 0 0 0 0 0 0 0 0 0 0 0 0 0 0 0 0 0 0 0 0 0
 0 0 0 0 0 0 0 0 0 0 0 0 0 0 0 0 0 0 0 0 0 0 0 0 0 0 0 0 0 0 0 0 0 0 0 0
 0 0 0 0 0 0 0 0 0 0 0 0 0 0 0 0 0 0 0 0 0 0 0 0 0 0 0 0 0 0 0 0 0 0 0 0
 0 0 0 0 0 0 0 0 0 0 0 0 0 0 0 0 0 0 0 0 0 0 0 0 0 0 0 0 0 0 0 0 0 0 0 0
 0 0 0 0 0 0 0 0 0 0 0 0 0 0 0 0 0 0 0 0 0 0 0 0 0 0 0 0 0 0 0 0 0 0 0 0
 0 0 0 0 0 0 0 0 0 0 0 0 0 0 0 0 0 0 0 0 0 0 0 0 0 0 0 0 0 0 0 0 0 0 0 0
 0 0 0 0 0 0 0 0 0 0 0 0 0 0 0 0 0 0 0 0 0 0 0 0 0 0 0 0 0 0 0 0 0 0 0 0
 0 0 0 0 0 0 0 0 0 0 0 0 0 0 0 0 0 0 0 0 0 0 0 0 0 0 0 0 0 0 0 0 0 0 0 0
 0 0 0 0 0 0 0 0 0 0 0 0 0 0 0 0 0 0 0 0 0 0 0 0 0 0 0 0 0 0 0 0 0 0 0 0
 0 0 0 0 0 0 0 0 0 0 0 0 0 0 0 0 0 0 0 0 0 0 0 0 0 0 0 0 0 0 0 0 0 0 0 0
 0 0 0 0 0 0 0 0 1.78061e-05 0.00172719 0.00360574 0.0105946 0.0120993 0.0124554 0.0147524 0.0171206 0.0266825 0.0428682 0.0675386 0.121331 0.153587 0.119568 0.100827 0.0573624 0.0630603 0.0341343 0.0324427 0.0444173 0.0211091 0.0280891 0.0125444 0.00206551 0 0 0 0
 0 0 0 0 0 0 0 0 0 0 0 0 0 0 0 0 0 0 0 0 0 0 0 0 0 0 0 0 0 0 0 0 0 0 0 0
 0 0 0 0 0 0 0.0133647 0.0140871 0.0187388 0.0205184 0.03894 0.0496705 0.03968 0.0493445 0.0407372 0.0367815 0.0215668 0.0243155 0.0234873 0.0199281 0.019796 0.0243948 0.0301388 0.0376714 0.0412746 0.0863199 0.0771752 0.113111 0.0741005 0.0525337 0.0229764 0.00759418 0.00175318 0 0 0
 0 0 0 0 0 0 0 0 0 0 0.00219441 0.00772107 0.0458388 0.0604681 0.0671733 0.0775358 0.0609151 0.0617685 0.073594 0.0568108 0.0755445 0.0548602 0.0670107 0.0636378 0.0643287 0.046367 0.0373049 0.0286899 0.0247887 0.0153202 0.00654259 0.00121912 0.000365735 0 0 0
 0 0 0 0 0 0 0 0 0 0 0 0 0.000112435 0.00938835 0.0111873 0.0202946 0.0414886 0.0713402 0.111592 0.104902 0.108894 0.110636 0.117776 0.105296 0.107544 0.0401394 0.0192827 0.0124803 0.00416011 0.0028671 0.000618394 0 0 0 0 0
 0 0 0 0 0 0 0 0 0 0 0.00291406 0.0102884 0.027416 0.0768956 0.0749926 0.110853 0.0956884 0.0897413 0.0766577 0.0534642 0.0500743 0.0551293 0.0594112 0.0620874 0.0668451 0.0424026 0.0208742 0.0120726 0.0048766 0.00582813 0.00118941 0.000297354 0 0 0 0
 0 0.00264628 0.0354308 0.0461629 0.0458689 0.0383711 0.0214643 0.0164657 0.0346957 0.0420465 0.0363128 0.0245516 0.0311673 0.0291091 0.0169068 0.0133784 0.00837989 0.0085269 0.0148486 0.0160247 0.0276389 0.0546898 0.0760071 0.122758 0.109233 0.0665981 0.0333725 0.0166128 0.00676272 0.00308733 0.000882094 0 0 0 0 0
 0 0 0 0 0 0 0 0.000805153 0.000690131 0.00759144 0.0133425 0.0154129 0.00931677 0.000345066 0.00356568 0.00563607 0.00851162 0.0253048 0.0502646 0.0516448 0.0657925 0.0565908 0.0611916 0.0827007 0.0866115 0.110766 0.145733 0.0935128 0.0569358 0.0249597 0.0138026 0.00621118 0.00161031 0.00115022 0 0
 0 0 0 0 0 0 0 0 0 0 0 0 0 0 0 0 0 0 0 0 0 0 0 0 0 0 0 0 0 0 0 0 0 0 0 0
 0.00147267 0.00158595 0.00478618 0.00569244 0.00954404 0.0108468 0.00647125 0.017049 0.0510054 0.094081 0.124002 0.0959785 0.0687766 0.0820023 0.061753 0.0591476 0.0492212 0.0479892 0.0443925 0.0268479 0.0217502 0.0140895 0.0121071 0.0120363 0.00920419 0.00665534 0.0049561 0.00860946 0.00930331 0.0156896 0.0114698 0.00855282 0.00243557 0.00046729 0 2.83206e-05
 0 0 0 0 0.000772559 0.00158375 0.000888443 0.00281984 0.00712685 0.0440552 0.0773331 0.111326 0.0921469 0.0852325 0.0710754 0.0886704 0.0786465 0.0553345 0.0373146 0.0185414 0.00753245 0.00457741 0.012979 0.0271748 0.0457355 0.0583668 0.034881 0.0177882 0.00938659 0.00492506 0.0015258 0.00185414 0.000309023 5.79419e-05 3.86279e-05 0
 0 0.00173294 0.00326652 0 0.00397197 0.00683976 0.00946217 0.0152591 0.00757587 0.0136028 0.0228656 0.0392903 0.0559909 0.0764795 0.0681675 0.0726916 0.0566044 0.0477403 0.0527397 0.0444891 0.0609904 0.0582453 0.0661739 0.0445044 0.0529084 0.0360697 0.0280645 0.0235558 0.0158879 0.00826598 0.00280645 0.00217768 0.000904811 0.00058276 9.20147e-05 0
 0 0 0 0 0 0 0 0 0 0 0 0 0 0 0 0 0 0 0 0 0 0 0 0 0 0 0 0 0 0 0 0 0 0 0 0
ppred_pel_tallas
 1.00827e-16 3.35071e-05 0.00019666 0.000934834 0.00359916 0.0112237 0.0283501 0.0580081 0.096155 0.129134 0.140525 0.123957 0.0887395 0.0518036 0.025168 0.0111313 0.00603789 0.00558044 0.00711244 0.00945675 0.0121079 0.0147372 0.0170346 0.0187135 0.0195636 0.0194974 0.0185682 0.0169502 0.0148906 0.0126503 0.0104514 0.00844707 0.00671559 0.00527373 0.00409931 0.00315309
 1.00665e-16 3.18168e-05 0.000186732 0.000887623 0.00341737 0.0106567 0.0269182 0.0550787 0.091301 0.122621 0.133452 0.117752 0.0843727 0.0494059 0.0242857 0.0112201 0.00676303 0.00683972 0.00893354 0.0118954 0.0151828 0.0183945 0.0211346 0.0230384 0.0238457 0.0234607 0.0219749 0.0196385 0.0167951 0.0138009 0.0109542 0.00845347 0.00639047 0.00476852 0.00353506 0.00261386
 1.006e-16 2.89118e-05 0.000169671 0.000806498 0.003105 0.00968258 0.0244576 0.0500447 0.0829592 0.111426 0.121289 0.107071 0.076831 0.045214 0.0226424 0.0111619 0.00767951 0.00851868 0.0113919 0.0152148 0.0194089 0.0234842 0.0269353 0.0292937 0.0302267 0.0296162 0.0275868 0.0244693 0.0207154 0.0167922 0.01309 0.00986814 0.0072443 0.00521921 0.00371879 0.00263673
 1.00585e-16 3.4549e-05 0.000202778 0.000963922 0.00371116 0.0115729 0.0292323 0.0598131 0.0991465 0.13315 0.144891 0.127798 0.0914676 0.0533521 0.0258376 0.0112859 0.00591893 0.00528806 0.00666143 0.0088289 0.011281 0.0136984 0.0157864 0.0172751 0.0179692 0.0177922 0.016802 0.0151727 0.0131469 0.0109791 0.00888431 0.00700889 0.00542471 0.00414209 0.00313209 0.00234857
 1.00597e-16 3.38298e-05 0.000198554 0.000943838 0.00363383 0.0113318 0.0286231 0.0585668 0.0970814 0.130379 0.141881 0.125155 0.0896037 0.0523205 0.0254418 0.0112896 0.00617391 0.00574463 0.00732589 0.0097219 0.0124117 0.0150507 0.0173138 0.0189034 0.0196059 0.0193407 0.0181784 0.0163181 0.0140354 0.0116165 0.00930204 0.00725363 0.00554741 0.00418927 0.0031405 0.00234334
 1.00631e-16 3.13783e-05 0.000184156 0.000875377 0.00337022 0.0105097 0.0265467 0.0543188 0.0900418 0.120931 0.131616 0.116139 0.083234 0.0487727 0.0240369 0.0112102 0.00689969 0.00709091 0.00930193 0.0123937 0.0158185 0.019162 0.022012 0.023988 0.0248185 0.0244038 0.0228394 0.0203868 0.0174051 0.014267 0.0112845 0.00866638 0.00650905 0.00481676 0.00353486 0.00258348
 1.00456e-16 3.66355e-05 0.000215031 0.00102218 0.00393549 0.0122725 0.0309993 0.0634282 0.105137 0.141191 0.153629 0.135476 0.0969 0.0563935 0.0270725 0.0114189 0.00540363 0.00429325 0.00518912 0.00682786 0.00871437 0.0105777 0.0121853 0.0133282 0.0138557 0.0137093 0.0129349 0.0116681 0.0100976 0.00842078 0.00680415 0.00536059 0.00414489 0.00316395 0.0023942 0.00179884
 1.00591e-16 2.86776e-05 0.000168295 0.000799958 0.00307981 0.00960406 0.0242593 0.049639 0.0822869 0.110523 0.120309 0.106211 0.076226 0.0448816 0.0225197 0.0111734 0.00777856 0.00869092 0.0116409 0.015548 0.0198286 0.0239829 0.0274935 0.0298817 0.0308079 0.0301532 0.0280478 0.0248331 0.0209742 0.0169512 0.0131646 0.0098794 0.00721472 0.00516889 0.0036632 0.00258602
 1.00631e-16 3.5164e-05 0.00020639 0.000981098 0.0037773 0.0117792 0.0297532 0.0608789 0.100913 0.13552 0.147465 0.130057 0.0930599 0.0542313 0.0261709 0.0112739 0.00568684 0.00487656 0.00606333 0.00802517 0.0102634 0.0124817 0.0144127 0.0158122 0.016502 0.0164092 0.0155815 0.0141699 0.012388 0.0104604 0.00857827 0.00687298 0.00541098 0.00420524 0.00323466 0.00246314
 1.0066e-16 3.07044e-05 0.000180199 0.00085656 0.00329776 0.0102837 0.025976 0.0531511 0.0881069 0.118334 0.128794 0.113661 0.0814838 0.0477987 0.0236526 0.0111915 0.00710395 0.00746775 0.00985406 0.013139 0.0167671 0.0203041 0.0233133 0.0253915 0.0262511 0.0257881 0.024106 0.0214846 0.0183077 0.0149721 0.01181 0.00904233 0.00677021 0.00499598 0.0036592 0.00267275
 1.01295e-16 2.46247e-05 0.000144496 0.000686805 0.00264413 0.00824537 0.0208274 0.0426175 0.0706503 0.0949027 0.103329 0.0912773 0.0656306 0.0388901 0.0199717 0.0106665 0.00839004 0.0100485 0.0137025 0.0183933 0.0235411 0.028594 0.0329583 0.0360747 0.0375362 0.0371829 0.0351357 0.0317563 0.0275505 0.0230472 0.0186936 0.0147936 0.011496 0.00882162 0.00670991 0.00506511
 1.01886e-16 2.65744e-05 0.000155949 0.000741269 0.00285385 0.00889941 0.0224794 0.045997 0.0762497 0.102415 0.111484 0.0984237 0.0706438 0.0416096 0.0209074 0.010427 0.00733814 0.00827665 0.011156 0.0149944 0.0192716 0.0235417 0.0273351 0.0302042 0.0318133 0.0320117 0.0308626 0.028614 0.0256274 0.0222882 0.0189279 0.0157788 0.0129666 0.0105296 0.00845217 0.00669587
 1.01057e-16 3.28006e-05 0.000192511 0.000915107 0.00352321 0.0109868 0.0277518 0.056784 0.0941265 0.126411 0.137566 0.121356 0.0868979 0.0507695 0.0247423 0.0110733 0.00619143 0.00588505 0.00756379 0.0100686 0.0128901 0.0156849 0.0181242 0.0199042 0.0208029 0.0207299 0.0197449 0.0180363 0.0158689 0.0135204 0.0112249 0.00914133 0.00734767 0.00585603 0.00463785 0.00364811
 1.00632e-16 2.9644e-05 0.000173971 0.000826945 0.00318373 0.00992811 0.0250778 0.0513135 0.0850618 0.114247 0.124355 0.109764 0.0787342 0.0462749 0.0230643 0.0111893 0.00746818 0.00812422 0.0108116 0.0144286 0.0184038 0.0222677 0.0255398 0.0277765 0.0286628 0.0280872 0.0261688 0.0232215 0.0196738 0.0159681 0.0124736 0.00943469 0.00696133 0.00505262 0.00363707 0.00261319
 1.00644e-16 3.08596e-05 0.000181111 0.000860896 0.00331446 0.0103358 0.0261075 0.0534202 0.0885526 0.118932 0.129443 0.11423 0.0818824 0.0480142 0.0237254 0.0111697 0.00701628 0.00732151 0.00964525 0.0128624 0.0164228 0.0199014 0.0228719 0.0249395 0.0258217 0.0254133 0.0238111 0.0212835 0.0182008 0.0149477 0.0118476 0.00911723 0.00685874 0.00507899 0.0037241 0.00271378
 1.008e-16 3.04847e-05 0.000178909 0.00085043 0.00327416 0.0102101 0.0257901 0.0527707 0.0874762 0.117487 0.127871 0.112845 0.0808948 0.0474457 0.0234645 0.0110808 0.00700701 0.00734978 0.00970052 0.0129484 0.0165489 0.0200792 0.0231134 0.0252559 0.0262213 0.0259002 0.0243832 0.0219322 0.0189104 0.0156966 0.0126102 0.00986681 0.00756985 0.00573023 0.00430001 0.00320566
 1.01168e-16 2.75353e-05 0.000161589 0.000768079 0.00295707 0.00922129 0.0232924 0.0476607 0.0790077 0.10612 0.115518 0.101986 0.0732041 0.043124 0.0216787 0.0108258 0.00763006 0.00859998 0.011564 0.0154913 0.0198252 0.0240856 0.0277707 0.0304096 0.0316601 0.0313869 0.0296908 0.0268746 0.0233618 0.0195952 0.0159493 0.0126782 0.00990606 0.00765022 0.00586048 0.00445754
 1.01327e-16 3.02697e-05 0.000177649 0.000844444 0.00325112 0.0101383 0.0256086 0.0523992 0.0868598 0.116657 0.126964 0.112035 0.0802928 0.04705 0.0231903 0.0108222 0.00667588 0.00688464 0.00906276 0.0121227 0.0155494 0.0189559 0.0219542 0.0241798 0.0253628 0.0253877 0.0243159 0.0223614 0.0198306 0.0170475 0.0142888 0.0117457 0.00951732 0.00762778 0.00605418 0.00475375
 1.01421e-16 2.81687e-05 0.00016531 0.00078577 0.0030252 0.00943374 0.023829 0.0487584 0.0808266 0.10856 0.118168 0.10431 0.0748372 0.0440161 0.021998 0.0107733 0.00732763 0.00808149 0.0108146 0.014486 0.0185547 0.0225707 0.0260676 0.0286082 0.0298729 0.0297322 0.0282742 0.0257728 0.022613 0.0191979 0.0158678 0.0128536 0.0102686 0.00812982 0.00639486 0.00499665
 1.01289e-16 3.14641e-05 0.000184663 0.000877795 0.00337954 0.0105388 0.0266201 0.0544687 0.0902893 0.12126 0.131966 0.11643 0.0834027 0.0487913 0.0238976 0.0108987 0.00638148 0.00631578 0.00822035 0.010977 0.0140786 0.0171658 0.0198861 0.02191 0.0229937 0.0230324 0.0220816 0.0203341 0.0180662 0.0155695 0.0130927 0.0108071 0.00880114 0.00709554 0.00566925 0.00448386
 1.01366e-16 2.87634e-05 0.000168802 0.000802377 0.00308914 0.00963314 0.0243327 0.0497889 0.0825343 0.110852 0.120659 0.106499 0.0763877 0.0448869 0.0223568 0.0108225 0.00719845 0.00782405 0.0104312 0.013963 0.0178811 0.0217472 0.0251109 0.0275504 0.0287579 0.0286095 0.0271913 0.0247686 0.021714 0.0184171 0.0152067 0.0123054 0.00982174 0.00777117 0.00611142 0.00477652
 1.02086e-16 2.48538e-05 0.000145845 0.000693225 0.00266886 0.0083225 0.0210222 0.0430158 0.0713093 0.0957843 0.104279 0.092094 0.0661684 0.0391099 0.0199036 0.0103413 0.00780014 0.00915067 0.0124427 0.0167362 0.021495 0.0262293 0.0304135 0.0335475 0.0352587 0.0353847 0.0340053 0.0314082 0.0280082 0.0242442 0.0204909 0.0170078 0.0139303 0.0112929 0.00906803 0.00720242
 1.02286e-16 2.81751e-05 0.000165351 0.000785976 0.003026 0.00943627 0.0238354 0.0487711 0.0808465 0.108583 0.118184 0.104302 0.0747851 0.0438915 0.0217627 0.0103751 0.00670064 0.00715429 0.00952439 0.0127988 0.0164867 0.0202045 0.0235585 0.0261723 0.0277597 0.028185 0.027487 0.025856 0.0235757 0.0209504 0.0182424 0.0156366 0.0132355 0.011076 0.00915634 0.00746036
pSPR Fmed_Fpbrs
0.531459   0.6 0.325
Fs Fmed_Fpbrs
0.64   0.474701 1.68687
SSBpbr Bo_Bmed_Bpbrs
618159  297618  339987 169994
Ro
29658.5
SPR SPRFo_SPRFmed_SPRFpbrs
611321 324892 198679
log_Ro
10.1175
likeval ReclasPelacesDesembMPH_pf_preclas_ppelaces_ptallas_desvR_qrecl_qpela
 0.000944994 11.5485 0.00731055 11.1933 279.56 163.125 42.52 0 17.3394 2.23508e-06 7.87203e-05 3.46158e-14 0 0 0
q_reclas_q_pelaces
0.809086 3.53347
M
0.7
N
 32038.6 9779.14 3137 370.329 0.194789
 34440.2 14327.5 2211.98 471.151 53.8055
 10854 15393 3227.47 330.149 75.7282
 14788.7 4123.62 1024.04 75.3811 8.68972
 33728.1 6616.93 936.484 154.743 12.2828
 31066.3 16484.8 2916.35 387.886 68.8269
 76191 13410.3 2860.05 292.624 43.7907
 58563.4 35018.7 3726.09 587.317 67.3738
 102300 26262.6 8089.23 577.799 98.2282
 117409 45443.8 5650.21 1125.82 90.7481
 64945.1 54556 13705.5 1314.35 276.991
 50815.6 28906.3 11910.9 1950.52 218.565
 56658.2 22950.6 7043 2003.01 353.748
 25539.4 24434.6 3954.04 699.2 223.51
 12980.7 10287 2521.14 180.005 39.2358
 11598.6 5252.33 1098.25 120.886 9.83595
 9077.19 5217.82 1242.39 176.557 20.3551
 11631.1 4111.41 1298.94 215.87 33.2111
 12699.7 5394.21 1222.22 295.605 55.4428
 20937.3 5976.63 1789.78 328.724 92.7852
 28792.5 9845.65 1971.4 477.087 110.382
 29270.6 13957.7 4080.67 743.671 219.884
 42762 14131.3 5609.32 1468.84 343.663
pred_Ctot
 2305.64 4003.41 1681.54 201.713 0.106189
 2490.85 5886.9 1189.29 257.395 29.4194
 1862.41 10657.6 2564.78 264.227 60.6299
 1059.08 1682.1 547.294 40.9391 4.72336
 382.826 538.846 112.917 19.1422 1.52149
 2944.44 8179.82 1824.92 245.967 43.6753
 4097.29 4390.88 1267.75 132.134 19.7932
 4106.86 14065.2 1965.92 314.951 36.1606
 7808.35 11221.5 4491.63 325.825 55.4369
 5448.3 13203.8 2254.67 458.158 36.9688
 4874.26 23028.9 7534.61 733.933 154.8
 3325.5 11024.8 6017.63 1002.22 112.404
 5403.62 11435.1 4421.31 1274.14 225.18
 3511.23 15159.9 2918.94 521 166.627
 1749.25 6313.65 1847.13 133.146 29.0365
 789.255 2062.88 568.713 63.6424 5.18283
 576.819 1946.1 615.937 89.0441 10.2752
 554.875 1222.02 528.873 89.6176 13.8017
 479.186 1317.42 417.223 103.05 19.3494
 801.256 1477.39 617.701 115.849 32.7358
 493.409 1183.2 346.192 85.861 19.8915
 586.097 1937.83 822.534 153.545 45.4571
 1134.31 2533.85 1439.55 385.679 90.347
F
 0.104764 0.786361 1.19584 1.22954 1.23137
 0.105313 0.790478 1.2021 1.23598 1.23781
 0.267806 2.01015 3.0569 3.14304 3.14771
 0.10423 0.782354 1.18975 1.22327 1.22509
 0.0158938 0.119299 0.181422 0.186534 0.186811
 0.140101 1.0516 1.5992 1.64426 1.64671
 0.0773597 0.580661 0.883029 0.907912 0.90926
 0.101965 0.765349 1.16389 1.19669 1.19846
 0.111438 0.836453 1.27202 1.30786 1.30981
 0.0664371 0.498677 0.758352 0.779722 0.78088
 0.109483 0.821777 1.2497 1.28492 1.28682
 0.094861 0.712026 1.0828 1.11331 1.11497
 0.141035 1.05861 1.60985 1.65522 1.65768
 0.209338 1.57129 2.38951 2.45684 2.46049
 0.204792 1.53717 2.33762 2.40349 2.40706
 0.098806 0.741637 1.12783 1.15961 1.16133
 0.0919976 0.690534 1.05011 1.07971 1.08131
 0.068358 0.513095 0.780278 0.802265 0.803457
 0.0537214 0.403233 0.613208 0.630487 0.631424
 0.0545049 0.409113 0.622151 0.639683 0.640633
 0.0240832 0.180768 0.2749 0.282646 0.283066
 0.0281909 0.211601 0.321788 0.330856 0.331347
 0.0374991 0.281468 0.428037 0.440098 0.440752
Np
 23658.3 11283.3 7500.93 1658.57 734.65
YTP_r0W_actual
 8052.21 65441 51091.5 17862.3 5259.1
YTP_p0W_proyectada
 5534.9 84541.9 45348 20306.3 7702.45
 5534.9 46638.5 64229.8 18550.5 9129.32
CTP_r0_actual
 1220.03 2704.17 1529.69 409.686 95.9689
CTP_p0_proyectada
 674.988 3913.98 1444.2 506.392 173.089
 674.988 2159.19 2045.54 462.605 205.153
Wmedp
 8.2 21.6 31.4 40.1 44.5
nmprior
 10.8 10.6 4.6 0
nm_flota  nm_reclas  nm_pelaces    nm_pelaL
inf 19.2951 14.4737 18.9076
cv_recla  cv_pelaces  cv_mph
0.972108 0.416206 0.482901
 ------------------------------------------------
Talla a la edad & desviaci?n 
 7.2 14.2025 17.0495 18.207 18.6776
 1.08 2.13037 2.55742 2.73105 2.80164
