years
 1997 1998 1999 2000 2001 2002 2003 2004 2005 2006 2007 2008 2009 2010 2011 2012 2013 2014 2015 2016 2017 2018 2019 2020 2021 2022 2023
reclasobs
 0 0 0 370054 412103 1.49427e+06 250295 1.28982e+06 931140 785840 897777 1.04006e+06 184774 17550 25797 100020 73551 82996 120727 218422 84188 347160 605670 569463 516374 1.08416e+06 1.01767e+06
reclaspred
 872624 169795 345390 154784 214867 268416 698623 582265 894886 1.18288e+06 1.20042e+06 874725 568772 320220 219925 192322 193658 251009 266745 371142 615649 590878 868205 963619 1.157e+06 912259 634984
pelacesobs
 0 0 0 0 0 0 0 0 0 2.06254e+06 1.5e+06 0 1.87456e+06 323000 250000 174000 83755 137374 0 501740 490994 745055 786931 1.00524e+06 1.33801e+06 1.41789e+06 0
pelacespred
 504294 160514 107329 101134 124468 106514 368755 347987 507943 694299 621972 475602 314913 154860 103441 99567.4 103253 130517 146171 194493 351512 360608 412014 522260 597975 524506 342721
mphobs
 0 0 0 0 0 0 112323 0 153150 637223 0 255016 313432 73983 77613 109348 50772 17779 17303 59886 28197 0 207744 136588 643089 65757 70829
mphpred
 630488 319651 248351 168671 149630 247206 386481 616636 635956 984736 1.18406e+06 894187 585272 368139 201799 158609 147189 182152 227631 249124 434019 575283 618693 794866 929059 820951 588465
desembarqueobs
 350755 77701 442110 56441 14545 235359 269955 359681 431902 328805 639364 411747 362871 311530 167758 66681 60226 58785 57116 73181 50977 67692 138656 160484 209506 203330 245020
desembarquepred
 350764 77702.9 442166 56446.2 14545.2 235403 269933 359613 431752 328720 639367 411786 362862 311765 167855 66708 60251 58790.2 57111.5 73172 50974.5 67688 138653 160477 209512 203347 245040
Reclutas
 34527.7 34406 16256.5 16090.4 32465.1 34219.6 73997.9 66129.2 143965 157540 76442.5 48334.8 57790 30943.6 17916.3 16590.8 14151.8 16471.7 18268.3 37882.8 53261.2 44318.1 70258.4 88376 30175.5 29313.4 46278.2
log_desv_Rt
 -0.113575 -0.117107 -0.866844 -0.877111 -0.175172 -0.122536 0.648701 0.536274 1.31423 1.40435 0.681202 0.222815 0.40148 -0.223171 -0.769625 -0.84649 -1.0055 -0.85369 -0.750168 -0.0208389 0.319871 0.136056 0.596843 0.826264 -0.248305 -0.277292 0.179336
SSB
 630488 319651 248351 168671 149630 247206 374888 608945 621995 966151 1.18406e+06 894187 600435 379864 213309 170399 164102 196031 233877 267322 444245 575283 634696 781363 996286 907696 613984
BT
 1.68877e+06 436969 539317 281761 318721 403047 1.31658e+06 1.19895e+06 1.82008e+06 1.98874e+06 1.89161e+06 1.3671e+06 1.0586e+06 620126 373880 267146 280883 340256 354439 518737 882955 770563 965693 1.26521e+06 1.33996e+06 1.19841e+06 928942
Ftot
 0.384422 0.436144 1.13246 0.349743 0.0661238 0.80723 0.371285 0.582853 0.46117 0.268331 0.503759 0.447176 0.599354 0.886904 0.709432 0.332782 0.299413 0.226511 0.207242 0.191211 0.0807957 0.111533 0.155083 0.161712 0.175528 0.215466 0.369155
BD_Bspro_t
 0.945898 0.696799 0.532088 0.275047 0.36078 0.545254 0.492355 0.569168 0.543071 0.595616 0.614625 0.473527 0.384499 0.317534 0.226362 0.222571 0.282191 0.405266 0.510925 0.602745 0.730876 0.818043 0.808245 0.79259 0.783851 0.71515 0.631538
BD_Bspro
 0.789179 0.400106 0.31086 0.211125 0.187291 0.309426 0.469245 0.762214 0.778548 1.20933 1.48208 1.11925 0.751561 0.475474 0.266997 0.213288 0.205405 0.245371 0.292743 0.334605 0.556059 0.720079 0.794446 0.978029 1.24705 1.13616 0.768521
BD_Bo
 0.401111 0.203359 0.157999 0.107307 0.0951932 0.15727 0.2385 0.387406 0.395708 0.614657 0.753287 0.568874 0.381991 0.241666 0.135705 0.108407 0.1044 0.124713 0.148791 0.170068 0.282625 0.36599 0.403788 0.497097 0.633828 0.577469 0.390611
BD_Brms
 1.95423 0.990778 0.769778 0.522805 0.463786 0.766228 1.16199 1.88746 1.92791 2.99464 3.67005 2.77158 1.86108 1.17741 0.661162 0.528162 0.508642 0.607609 0.724917 0.828579 1.37696 1.78312 1.96728 2.42188 3.08805 2.81346 1.90308
S_f
 0.5 1 1 1 1
 0.5 1 1 1 1
 0.5 1 1 1 1
 0.5 1 1 1 1
 0.5 1 1 1 1
 0.5 1 1 1 1
 0.5 1 1 1 1
 0.5 1 1 1 1
 0.5 1 1 1 1
 0.5 1 1 1 1
 0.5 1 1 1 1
 0.5 1 1 1 1
 0.5 1 1 1 1
 0.5 1 1 1 1
 0.5 1 1 1 1
 0.5 1 1 1 1
 0.5 1 1 1 1
 0.5 1 1 1 1
 0.5 1 1 1 1
 0.5 1 1 1 1
 0.5 1 1 1 1
 0.5 1 1 1 1
 0.5 1 1 1 1
 0.5 1 1 1 1
 0.5 1 1 1 1
 0.5 1 1 1 1
 0.5 1 1 1 1
Scru_reclas
 0.5 1 1 1 1
 0.5 1 1 1 1
 0.5 1 1 1 1
 0.5 1 1 1 1
 0.5 1 1 1 1
 0.5 1 1 1 1
 0.5 1 1 1 1
 0.5 1 1 1 1
 0.5 1 1 1 1
 0.5 1 1 1 1
 0.5 1 1 1 1
 0.5 1 1 1 1
 0.5 1 1 1 1
 0.5 1 1 1 1
 0.5 1 1 1 1
 0.5 1 1 1 1
 0.5 1 1 1 1
 0.5 1 1 1 1
 0.5 1 1 1 1
 0.5 1 1 1 1
 0.5 1 1 1 1
 0.5 1 1 1 1
 0.5 1 1 1 1
 0.5 1 1 1 1
 0.5 1 1 1 1
 0.5 1 1 1 1
 0.5 1 1 1 1
Scru_pelaces
 0.5 1 1 1 1
 0.5 1 1 1 1
 0.5 1 1 1 1
 0.5 1 1 1 1
 0.5 1 1 1 1
 0.5 1 1 1 1
 0.5 1 1 1 1
 0.5 1 1 1 1
 0.5 1 1 1 1
 0.5 1 1 1 1
 0.5 1 1 1 1
 0.5 1 1 1 1
 0.5 1 1 1 1
 0.5 1 1 1 1
 0.5 1 1 1 1
 0.5 1 1 1 1
 0.5 1 1 1 1
 0.5 1 1 1 1
 0.5 1 1 1 1
 0.5 1 1 1 1
 0.5 1 1 1 1
 0.5 1 1 1 1
 0.5 1 1 1 1
 0.5 1 1 1 1
 0.5 1 1 1 1
 0.5 1 1 1 1
 0.5 1 1 1 1
pf_obs 
 0.256992 0.487395 0.22802 0.0275931 0
 0.321318 0.546541 0.124235 0.00734118 0.000564706
 0.182869 0.594174 0.210203 0.0122559 0.00049798
 0.330522 0.361315 0.267642 0.0388342 0.00168674
 0.649043 0.306663 0.0425973 0.00169635 0
 0.582887 0.30429 0.105238 0.00758474 0
 0.465427 0.430635 0.0974691 0.00646863 0
 0.296916 0.608066 0.0921331 0.00288517 0
 0.311714 0.524322 0.152257 0.0117073 0
 0.15457 0.633149 0.183074 0.0267441 0.00246327
 0.131901 0.49318 0.331252 0.0422183 0.00144891
 0.196976 0.569456 0.194076 0.0375587 0.00193317
 0.518974 0.381816 0.0799577 0.0180837 0.00116848
 0.0928022 0.601141 0.25162 0.0475244 0.00691264
 0.122501 0.610282 0.24278 0.0234846 0.000952079
 0.383417 0.481906 0.127806 0.00687128 0
 0.0376549 0.599619 0.316969 0.0457579 0
 0.0361596 0.667082 0.258105 0.0386534 0
 0.158088 0.579412 0.248529 0.0139706 0
 0.0477256 0.309471 0.559284 0.082774 0.000745712
 0.0406174 0.521527 0.379366 0.0568643 0.0016247
 0.151134 0.462217 0.34131 0.0453401 0
 0.294876 0.26143 0.354403 0.0886775 0.000613685
 0.281977 0.475581 0.204845 0.0348837 0.00271318
 0.0841818 0.532909 0.334909 0.0458182 0.00218182
 0.115287 0.27431 0.454777 0.147771 0.00785563
 0 0 0 0 0
pf_pred 
 0.460607 0.380671 0.141922 0.016794 6.25439e-06
 0.46633 0.350257 0.129442 0.0482585 0.00571267
 0.327408 0.447271 0.147882 0.0546515 0.0227871
 0.523311 0.276922 0.132844 0.0439223 0.023
 0.63493 0.258622 0.061839 0.0296651 0.0149443
 0.500775 0.389351 0.0778364 0.0186115 0.0134259
 0.717091 0.203482 0.061946 0.0123838 0.00509717
 0.50892 0.417189 0.0531461 0.0161793 0.00456575
 0.696586 0.21581 0.0744223 0.00948072 0.0037007
 0.552433 0.376019 0.0508902 0.0175495 0.00310832
 0.310695 0.501292 0.157957 0.0213779 0.00867791
 0.31475 0.350231 0.24364 0.076771 0.0146078
 0.465155 0.273557 0.133544 0.0929005 0.034843
 0.368615 0.426265 0.104913 0.0512159 0.0489914
 0.38767 0.370354 0.163364 0.0402074 0.038404
 0.465368 0.326328 0.125988 0.0555737 0.0267423
 0.415289 0.384236 0.122366 0.0472428 0.0308667
 0.46472 0.325236 0.138028 0.0439572 0.0280591
 0.459211 0.351204 0.115192 0.0488868 0.0255067
 0.608133 0.252 0.0908337 0.0297927 0.0192408
 0.548482 0.34596 0.0678818 0.0244681 0.0132082
 0.389256 0.435513 0.134264 0.0263444 0.0146219
 0.497886 0.285263 0.154634 0.0476722 0.0145456
 0.488754 0.344843 0.0945372 0.0512464 0.0206192
 0.205192 0.530033 0.178595 0.048961 0.0372194
 0.282353 0.252472 0.31021 0.104526 0.0504385
 0.465684 0.243422 0.102338 0.125742 0.0628139
pobs_RECLAS
 0 0 0 0 0
 0 0 0 0 0
 0 0 0 0 0
 0 0 0 0 0
 0.835266 0.146461 0.0176864 0.000547809 3.91292e-05
 0.385257 0.428462 0.181853 0.0044286 0
 0.867414 0.0963971 0.0333333 0.00285562 0
 0.441836 0.489002 0.0689373 0.000224442 0
 0.779404 0.147425 0.0564933 0.0165055 0.000172143
 0.814271 0.122319 0.05973 0.00367925 0
 0.40263 0.566651 0.0304383 0.000280538 0
 0.475488 0.404961 0.113038 0.00651328 0
 0.955842 0.0263864 0.0167828 0.000988607 0
 0.975058 0.0227948 0.00214734 0 0
 0.738997 0.206755 0.0527124 0.00153531 0
 0.850938 0.134255 0.0134407 0.00136685 0
 0.542534 0.407297 0.0501686 0 0
 0.764087 0.199537 0.0359546 0.000420521 0
 0.470689 0.182191 0.310203 0.0369168 0
 0.84361 0.089868 0.0606195 0.00523954 0.000663233
 0.607945 0.314616 0.071237 0.00620181 0
 0.523733 0.453247 0.0230204 0 0
 0.530135 0.295979 0.169645 0.0042399 0
 0.562478 0.366248 0.0663022 0.0049721 0
 0.250443 0.683176 0.0655157 0.000865301 0
 0.195077 0.31981 0.436473 0.0351445 0.0134964
 0.565238 0.351407 0.0832357 0.000118908 0
ppred_RECLAS
 0.464479 0.377938 0.140903 0.0166734 6.20949e-06
 0.470897 0.347259 0.128334 0.0478455 0.00566378
 0.343064 0.436861 0.14444 0.0533794 0.0222567
 0.526755 0.274922 0.131884 0.043605 0.0228339
 0.635404 0.258286 0.0617587 0.0296266 0.0149249
 0.511444 0.381031 0.076173 0.0182137 0.013139
 0.720104 0.201315 0.0612864 0.0122519 0.00504289
 0.515673 0.411452 0.0524152 0.0159568 0.00450296
 0.700741 0.212855 0.0734031 0.00935089 0.00365003
 0.55489 0.373955 0.0506109 0.0174532 0.00309126
 0.315468 0.497821 0.156864 0.0212298 0.00861783
 0.318852 0.348134 0.242181 0.0763115 0.0145204
 0.472149 0.26998 0.131798 0.0916858 0.0343874
 0.38007 0.418531 0.10301 0.0502867 0.0481025
 0.396133 0.365235 0.161106 0.0396517 0.0378732
 0.468597 0.324357 0.125227 0.0552381 0.0265808
 0.418053 0.382419 0.121787 0.0470195 0.0307208
 0.466737 0.32401 0.137508 0.0437915 0.0279534
 0.461024 0.350026 0.114806 0.0487229 0.0254212
 0.609714 0.250983 0.0904671 0.0296724 0.0191631
 0.54911 0.345479 0.0677874 0.024434 0.0131899
 0.390114 0.434902 0.134076 0.0263074 0.0146014
 0.49919 0.284522 0.154232 0.0475483 0.0145078
 0.490122 0.343921 0.0942844 0.0511093 0.0205641
 0.206175 0.529377 0.178374 0.0489005 0.0371733
 0.283904 0.251927 0.30954 0.1043 0.0503295
 0.469366 0.241744 0.101633 0.124876 0.0623811
pobs_PELACES
 0 0 0 0 0
 0 0 0 0 0
 0 0 0 0 0
 0 0 0 0 0
 0 0 0 0 0
 0 0 0 0 0
 0 0 0 0 0
 0 0 0 0 0
 0 0 0 0 0
 0 0 0 0 0
 0.450072 0.473896 0.0757376 0.000293798 0
 0 0 0 0 0
 0.463077 0.371075 0.160297 0.00555027 0
 0.529543 0.364841 0.0842815 0.0213345 0
 0.631943 0.363953 0.00410389 0 0
 0.735681 0.248677 0.0153453 0.000297389 0
 0.695825 0.281241 0.0229344 0 0
 0.275771 0.60734 0.115278 0.00161068 0
 0 0 0 0 0
 0.896147 0.0623911 0.0374545 0.00400742 0
 0.803859 0.145111 0.0509908 3.86294e-05 0
 0.739449 0.233085 0.0266225 0.000797448 4.60066e-05
 0.878498 0.100942 0.0204185 0.000141795 0
 0.694673 0.275183 0.0284847 0.00165964 0
 0.469039 0.446079 0.0841089 0.000773354 0
 0.822795 0.102175 0.0682046 0.00682512 0
 0 0 0 0 0
ppred_PELACES
 0.480286 0.366782 0.136744 0.0161813 6.0262e-06
 0.488857 0.335472 0.123978 0.0462214 0.00547153
 0.386318 0.408097 0.134929 0.0498648 0.0207913
 0.541115 0.26658 0.127882 0.0422819 0.022141
 0.637928 0.256498 0.0613312 0.0294215 0.0148216
 0.544625 0.355152 0.0709996 0.0169767 0.0122467
 0.732284 0.192555 0.0586195 0.0117188 0.00482345
 0.539638 0.391093 0.0498217 0.0151672 0.00428015
 0.716451 0.201681 0.0695499 0.00886002 0.00345842
 0.565796 0.364792 0.0493707 0.0170255 0.00301551
 0.333686 0.484572 0.152689 0.0206648 0.00838847
 0.335087 0.339837 0.236409 0.0744927 0.0141743
 0.496843 0.25735 0.125632 0.0873964 0.0327787
 0.415103 0.39488 0.0971884 0.047445 0.0453842
 0.424446 0.348111 0.153553 0.0377926 0.0360975
 0.48229 0.315999 0.122 0.0538147 0.0258958
 0.430119 0.374491 0.119262 0.0460446 0.0300838
 0.47605 0.318351 0.135107 0.0430268 0.0274652
 0.469531 0.344501 0.112994 0.0479539 0.02502
 0.617196 0.246172 0.088733 0.0291037 0.0187958
 0.552408 0.342951 0.0672915 0.0242553 0.0130934
 0.394501 0.431773 0.133111 0.0261182 0.0144963
 0.505587 0.280887 0.152262 0.046941 0.0143225
 0.496791 0.339422 0.0930511 0.0504408 0.0202951
 0.210955 0.526189 0.1773 0.048606 0.0369495
 0.291187 0.249365 0.306392 0.103239 0.0498177
 0.48456 0.234822 0.098723 0.1213 0.0605949
pobs_pel_tallas
 0 0 0 0 0 0 0 0 0 0 0 0 0 0 0 0 0 0 0 0 0 0 0 0 0 0 0 0 0 0 0 0 0 0 0 0
 0 0 0 0 0 0 0 0 0 0 0 0 0 0 0 0 0 0 0 0 0 0 0 0 0 0 0 0 0 0 0 0 0 0 0 0
 0 0 0 0 0 0 0 0 0 0 0 0 0 0 0 0 0 0 0 0 0 0 0 0 0 0 0 0 0 0 0 0 0 0 0 0
 0 0 0 0 0 0 0 0 0 0 0 0 0 0 0 0 0 0 0 0 0 0 0 0 0 0 0 0 0 0 0 0 0 0 0 0
 0 0 0 0 0 0 0 0 0 0 0 0 0 0 0 0 0 0 0 0 0 0 0 0 0 0 0 0 0 0 0 0 0 0 0 0
 0 0 0 0 0 0 0 0 0 0 0 0 0 0 0 0 0 0 0 0 0 0 0 0 0 0 0 0 0 0 0 0 0 0 0 0
 0 0 0 0 0 0 0 0 0 0 0 0 0 0 0 0 0 0 0 0 0 0 0 0 0 0 0 0 0 0 0 0 0 0 0 0
 0 0 0 0 0 0 0 0 0 0 0 0 0 0 0 0 0 0 0 0 0 0 0 0 0 0 0 0 0 0 0 0 0 0 0 0
 0 0 0 0 0 0 0 0 0 0 0 0 0 0 0 0 0 0 0 0 0 0 0 0 0 0 0 0 0 0 0 0 0 0 0 0
 0 0 0 0 0 0 0 0 0 0 0 0 0 0 0 0 0 0 0 0 0 0 0 0 0 0 0 0 0 0 0 0 0 0 0 0
 0 0 0 0 0 0 0 0 1.78061e-05 0.00172719 0.00360574 0.0105946 0.0120993 0.0124554 0.0147524 0.0171206 0.0266825 0.0428682 0.0675386 0.121331 0.153587 0.119568 0.100827 0.0573624 0.0630603 0.0341343 0.0324427 0.0444173 0.0211091 0.0280891 0.0125444 0.00206551 0 0 0 0
 0 0 0 0 0 0 0 0 0 0 0 0 0 0 0 0 0 0 0 0 0 0 0 0 0 0 0 0 0 0 0 0 0 0 0 0
 0 0 0 0 0 0 0.0133647 0.0140871 0.0187388 0.0205184 0.03894 0.0496705 0.03968 0.0493445 0.0407372 0.0367815 0.0215668 0.0243155 0.0234873 0.0199281 0.019796 0.0243948 0.0301388 0.0376714 0.0412746 0.0863199 0.0771752 0.113111 0.0741005 0.0525337 0.0229764 0.00759418 0.00175318 0 0 0
 0 0 0 0 0 0 0 0 0 0 0.00219441 0.00772107 0.0458388 0.0604681 0.0671733 0.0775358 0.0609151 0.0617685 0.073594 0.0568108 0.0755445 0.0548602 0.0670107 0.0636378 0.0643287 0.046367 0.0373049 0.0286899 0.0247887 0.0153202 0.00654259 0.00121912 0.000365735 0 0 0
 0 0 0 0 0 0 0 0 0 0 0 0 0.000112435 0.00938835 0.0111873 0.0202946 0.0414886 0.0713402 0.111592 0.104902 0.108894 0.110636 0.117776 0.105296 0.107544 0.0401394 0.0192827 0.0124803 0.00416011 0.0028671 0.000618394 0 0 0 0 0
 0 0 0 0 0 0 0 0 0 0 0.00291406 0.0102884 0.027416 0.0768956 0.0749926 0.110853 0.0956884 0.0897413 0.0766577 0.0534642 0.0500743 0.0551293 0.0594112 0.0620874 0.0668451 0.0424026 0.0208742 0.0120726 0.0048766 0.00582813 0.00118941 0.000297354 0 0 0 0
 0 0.00264628 0.0354308 0.0461629 0.0458689 0.0383711 0.0214643 0.0164657 0.0346957 0.0420465 0.0363128 0.0245516 0.0311673 0.0291091 0.0169068 0.0133784 0.00837989 0.0085269 0.0148486 0.0160247 0.0276389 0.0546898 0.0760071 0.122758 0.109233 0.0665981 0.0333725 0.0166128 0.00676272 0.00308733 0.000882094 0 0 0 0 0
 0 0 0 0 0 0 0 0.000805153 0.000690131 0.00759144 0.0133425 0.0154129 0.00931677 0.000345066 0.00356568 0.00563607 0.00851162 0.0253048 0.0502646 0.0516448 0.0657925 0.0565908 0.0611916 0.0827007 0.0866115 0.110766 0.145733 0.0935128 0.0569358 0.0249597 0.0138026 0.00621118 0.00161031 0.00115022 0 0
 0 0 0 0 0 0 0 0 0 0 0 0 0 0 0 0 0 0 0 0 0 0 0 0 0 0 0 0 0 0 0 0 0 0 0 0
 0.00147267 0.00158595 0.00478618 0.00569244 0.00954404 0.0108468 0.00647125 0.017049 0.0510054 0.094081 0.124002 0.0959785 0.0687766 0.0820023 0.061753 0.0591476 0.0492212 0.0479892 0.0443925 0.0268479 0.0217502 0.0140895 0.0121071 0.0120363 0.00920419 0.00665534 0.0049561 0.00860946 0.00930331 0.0156896 0.0114698 0.00855282 0.00243557 0.00046729 0 2.83206e-05
 0 0 0 0 0.000772559 0.00158375 0.000888443 0.00281984 0.00712685 0.0440552 0.0773331 0.111326 0.0921469 0.0852325 0.0710754 0.0886704 0.0786465 0.0553345 0.0373146 0.0185414 0.00753245 0.00457741 0.012979 0.0271748 0.0457355 0.0583668 0.034881 0.0177882 0.00938659 0.00492506 0.0015258 0.00185414 0.000309023 5.79419e-05 3.86279e-05 0
 0 0.00173294 0.00326652 0 0.00397197 0.00683976 0.00946217 0.0152591 0.00757587 0.0136028 0.0228656 0.0392903 0.0559909 0.0764795 0.0681675 0.0726916 0.0566044 0.0477403 0.0527397 0.0444891 0.0609904 0.0582453 0.0661739 0.0445044 0.0529084 0.0360697 0.0280645 0.0235558 0.0158879 0.00826598 0.00280645 0.00217768 0.000904811 0.00058276 9.20147e-05 0
 0 0 0 0 0 0 0 0 0 0 0 0 0 0 0 0 0 0 0 0 0 0 0 0 0 0 0 0 0 0 0 0 0 0 0 0
 0 0 0 0 0 0 0 0 0 0 0 0 0 0 0 0 0 0 0 0 0 0 0 0 0 0 0 0 0 0 0 0 0 0 0 0
 0 0 0 0 0 0 0 0 0 0 0 0 0 0 0 0 0 0 0 0 0 0 0 0 0 0 0 0 0 0 0 0 0 0 0 0
 0 0 0 0 0 0 0 0 0 0 0 0 0 0 0 0 0 0 0 0 0 0 0 0 0 0 0 0 0 0 0 0 0 0 0 0
 0 0 0 0 0 0 0 0 0 0 0 0 0 0 0 0 0 0 0 0 0 0 0 0 0 0 0 0 0 0 0 0 0 0 0 0
ppred_pel_tallas
 1.02617e-16 2.09706e-05 0.000123043 0.000584809 0.00225142 0.00702071 0.017734 0.0362883 0.0601599 0.0808173 0.0880089 0.0777818 0.0560097 0.033356 0.0174392 0.00981776 0.0083274 0.0103665 0.0143028 0.0193168 0.0248819 0.0304652 0.0354747 0.0393374 0.0416164 0.0421048 0.0408637 0.0381874 0.0345164 0.0303257 0.0260296 0.0219254 0.0181834 0.0148697 0.0119859 0.00950494
 1.03714e-16 2.1343e-05 0.000125232 0.000595224 0.00229153 0.00714581 0.01805 0.0369345 0.0612301 0.0822515 0.089562 0.0791333 0.0569371 0.0338165 0.0175121 0.00959425 0.00784503 0.00960709 0.0132217 0.0178746 0.0230698 0.0283226 0.0330976 0.036875 0.0392556 0.0400447 0.039286 0.0372297 0.0342532 0.0307626 0.027108 0.0235366 0.0201866 0.0171116 0.0143173 0.011794
 1.04734e-16 1.68747e-05 9.89925e-05 0.000470465 0.00181115 0.00564774 0.0142661 0.029193 0.0484005 0.0650308 0.0708459 0.0626805 0.045282 0.0272615 0.0147929 0.00918425 0.00875044 0.0114414 0.0159568 0.0216033 0.0278678 0.0341816 0.0398987 0.0443916 0.0471817 0.0480425 0.0470385 0.0444861 0.0408543 0.0366426 0.0322771 0.0280523 0.024125 0.0205454 0.0173045 0.0143758
 1.0439e-16 2.36188e-05 0.000138599 0.00065879 0.00253629 0.00790912 0.019978 0.0408788 0.0677657 0.0910216 0.0990865 0.0874894 0.0628201 0.0370512 0.0187113 0.00949241 0.00689487 0.00794691 0.0108129 0.0146372 0.0189694 0.0234183 0.0275608 0.0309826 0.0333565 0.0345079 0.0344419 0.0333206 0.031404 0.0289769 0.0262872 0.0235128 0.0207598 0.0180816 0.0155067 0.0130596
 1.02658e-16 2.78398e-05 0.000163381 0.000776609 0.00298993 0.00932378 0.0235513 0.0481899 0.0798835 0.107291 0.116781 0.103073 0.0739228 0.0434234 0.0216007 0.0104136 0.00687558 0.00744662 0.00993865 0.0133414 0.017152 0.0209677 0.0243742 0.0269797 0.0284925 0.0287846 0.0279156 0.0261055 0.0236697 0.0209386 0.0181895 0.0156083 0.0132854 0.011237 0.00943712 0.00784763
 1.0228e-16 2.37754e-05 0.000139511 0.000663104 0.00255288 0.00796081 0.0201086 0.0411468 0.0682123 0.0916283 0.0997654 0.0881324 0.0633763 0.0375686 0.0193201 0.0103634 0.00820769 0.00987114 0.0134864 0.0181328 0.0232539 0.0283188 0.0327536 0.0360149 0.037704 0.0376569 0.0359781 0.0330015 0.0291981 0.0250602 0.0210026 0.0173053 0.0141044 0.0114197 0.0092001 0.0073674
 1.01523e-16 3.19516e-05 0.000187527 0.000891413 0.00343198 0.0107023 0.0270332 0.0553137 0.0916893 0.123139 0.134005 0.118216 0.0846536 0.0494663 0.0241226 0.0108239 0.00609479 0.0058374 0.00753379 0.0100609 0.012928 0.0158048 0.0183724 0.0203319 0.0214591 0.0216525 0.0209523 0.0195209 0.0175955 0.0154287 0.0132366 0.0111701 0.00930968 0.00767936 0.00626902 0.00505507
 1.01556e-16 2.35593e-05 0.000138239 0.000657052 0.00252956 0.0078881 0.019925 0.0407713 0.067591 0.090797 0.0988687 0.0873606 0.0628654 0.037354 0.0193712 0.0106482 0.00872958 0.0106669 0.0146034 0.0196024 0.0250691 0.0304177 0.035014 0.0382624 0.0397337 0.039266 0.0370003 0.0333355 0.0288225 0.0240327 0.0194446 0.0153767 0.0119769 0.00925288 0.00712513 0.00547853
 1.0152e-16 3.12616e-05 0.000183475 0.000872149 0.0033578 0.010471 0.0264489 0.0541183 0.0897082 0.120479 0.131115 0.115674 0.0828514 0.0484493 0.0236944 0.0107472 0.00621443 0.0060923 0.00791934 0.010593 0.0136226 0.0166675 0.0193941 0.0214875 0.0227098 0.0229503 0.0222464 0.0207635 0.0187466 0.0164583 0.0141259 0.0119105 0.00990157 0.00813064 0.00659343 0.00527061
 1.01546e-16 2.46989e-05 0.000144932 0.000688875 0.0026521 0.00827023 0.0208902 0.042746 0.0708633 0.0951886 0.10364 0.0915508 0.065825 0.0390006 0.0200197 0.0106775 0.00838038 0.0100237 0.0136606 0.0183289 0.023447 0.0284628 0.032784 0.0358546 0.0372732 0.0368863 0.0348224 0.0314497 0.027278 0.0228369 0.0185697 0.0147727 0.0115838 0.00901216 0.00698672 0.00540385
 1.03428e-16 1.45829e-05 8.55304e-05 0.000406449 0.00156464 0.004879 0.0123244 0.0252207 0.0418188 0.0561996 0.0612568 0.0542721 0.0393718 0.0240319 0.0136353 0.00937127 0.00984195 0.0133165 0.0186729 0.0252559 0.0324983 0.039725 0.0461603 0.0510537 0.0538395 0.0542608 0.0524189 0.0487247 0.0437792 0.0382241 0.0326115 0.0273296 0.0225886 0.0184552 0.0149067 0.0118837
 1.06689e-16 1.46382e-05 8.58683e-05 0.000408084 0.00157098 0.00489882 0.0123743 0.0253218 0.0419823 0.0564075 0.0614521 0.0543708 0.0392824 0.0236581 0.012857 0.00802175 0.00770431 0.0101484 0.0142577 0.0194714 0.0253909 0.0315673 0.0374715 0.0425648 0.046401 0.0487099 0.0494354 0.0487126 0.0468036 0.0440146 0.0406271 0.0368625 0.0328804 0.0287988 0.0247208 0.0207503
 1.06402e-16 2.16879e-05 0.000127264 0.000604904 0.00232882 0.00726214 0.0183437 0.037535 0.0622231 0.0835784 0.0909879 0.0803486 0.0577143 0.0340835 0.0172945 0.00891059 0.00664823 0.00779089 0.010664 0.0144899 0.018858 0.0234059 0.0277372 0.0314585 0.0342532 0.0359423 0.036509 0.0360763 0.0348529 0.0330663 0.0309089 0.028513 0.0259546 0.0232758 0.0205134 0.0177174
 1.0526e-16 1.81291e-05 0.000106359 0.000505489 0.00194601 0.0060683 0.0153284 0.0313663 0.0520024 0.0698659 0.0761019 0.0673033 0.048562 0.0291166 0.0155819 0.00934052 0.00855756 0.0110108 0.015295 0.0206759 0.0266361 0.0326212 0.0380092 0.0422021 0.0447515 0.0454569 0.0444021 0.0419126 0.0384563 0.0345217 0.0305149 0.0267031 0.0232114 0.0200571 0.0172005 0.0145908
 1.05279e-16 1.85349e-05 0.000108745 0.00051684 0.00198972 0.00620464 0.0156727 0.0320705 0.0531684 0.0714279 0.0777915 0.0687694 0.0495587 0.0295924 0.0156165 0.00902506 0.00792484 0.0100359 0.0139315 0.0188951 0.0244584 0.0301354 0.0353772 0.0396447 0.0425168 0.0437763 0.0434455 0.0417549 0.039064 0.0357627 0.0321879 0.0285787 0.0250719 0.0217282 0.0185695 0.0156088
 1.04894e-16 2.10558e-05 0.000123548 0.000587222 0.00226072 0.00704975 0.0178073 0.0364379 0.0604064 0.0811439 0.0883527 0.0780573 0.0561466 0.0333144 0.0171927 0.00932565 0.00752108 0.00915613 0.0125986 0.0170569 0.0220617 0.0271618 0.0318586 0.0356665 0.0382087 0.0392955 0.0389554 0.0374047 0.0349747 0.0320207 0.0288456 0.0256594 0.0225766 0.0196413 0.0168629 0.014246
 1.04803e-16 1.87832e-05 0.0001102 0.000523755 0.00201634 0.00628764 0.0158824 0.0324997 0.0538805 0.0723861 0.0788392 0.0697053 0.0502543 0.0300497 0.0159333 0.00932359 0.00830611 0.0105699 0.014661 0.019835 0.025589 0.0313948 0.0366604 0.0408122 0.0434137 0.044259 0.0434084 0.0411513 0.0379154 0.0341538 0.0302503 0.0264666 0.0229382 0.0197037 0.0167498 0.0140507
 1.04784e-16 2.07838e-05 0.000121951 0.000579629 0.00223149 0.00695858 0.017577 0.0359667 0.0596255 0.0800956 0.0872131 0.0770548 0.0554349 0.0329112 0.01702 0.00928912 0.00755896 0.00924412 0.0127354 0.0172505 0.0223215 0.0274948 0.0322668 0.0361454 0.0387465 0.0398738 0.0395499 0.0379879 0.0355182 0.0324984 0.0292366 0.0259501 0.0227622 0.0197262 0.0168596 0.0141727
 1.04534e-16 2.05005e-05 0.000120285 0.000571707 0.00220098 0.00686343 0.0173367 0.0354752 0.0588115 0.0790047 0.086032 0.0760272 0.0547301 0.0325618 0.0169653 0.00945917 0.00792329 0.00981283 0.0135362 0.0183038 0.0236216 0.0289973 0.0338853 0.0377574 0.0402106 0.0410525 0.0403346 0.0383182 0.0353912 0.0319657 0.0283913 0.0249069 0.0216374 0.0186208 0.015849 0.0133032
 1.03219e-16 2.69354e-05 0.000158073 0.000751373 0.00289277 0.00902078 0.0227859 0.0466238 0.0772875 0.103805 0.112987 0.0997255 0.0715242 0.0420197 0.0209133 0.0101025 0.00670164 0.00729129 0.00976184 0.0131448 0.0169631 0.0208357 0.0243669 0.0271768 0.0289745 0.0296183 0.0291407 0.0277235 0.0256406 0.0231842 0.0206043 0.018074 0.0156869 0.0134756 0.0114399 0.00957118
 1.02513e-16 2.41142e-05 0.000141501 0.000672571 0.00258933 0.00807449 0.0203958 0.0417342 0.0691856 0.0929342 0.101183 0.089375 0.0642487 0.0380431 0.0194857 0.0103264 0.00803146 0.00957172 0.0130535 0.0175511 0.0225171 0.0274378 0.0317602 0.0349609 0.0366552 0.036684 0.035146 0.0323599 0.0287749 0.0248601 0.0210094 0.0174871 0.0144198 0.0118244 0.00965192 0.00782956
 1.03605e-16 1.72325e-05 0.000101091 0.000480436 0.00184953 0.00576743 0.0145685 0.0298118 0.0494269 0.0664109 0.0723524 0.0640203 0.046265 0.0278834 0.015184 0.009507 0.00913453 0.0119728 0.0166877 0.0225574 0.029036 0.0355144 0.0413025 0.0457336 0.0483052 0.0487884 0.0472712 0.0441151 0.0398483 0.0350332 0.0301514 0.0255381 0.0213722 0.0177072 0.0145213 0.0117638
 1.04536e-16 2.20703e-05 0.000129507 0.000615559 0.00236984 0.00739003 0.0186668 0.0381962 0.0633198 0.0850531 0.0925977 0.0817803 0.0587651 0.0347489 0.0177146 0.00926036 0.00706897 0.00837897 0.0114824 0.0155739 0.0202103 0.0249871 0.0294592 0.0331861 0.0358158 0.0371537 0.0371926 0.0360898 0.0341082 0.0315403 0.0286457 0.0256165 0.022575 0.019592 0.0167134 0.0139803
 1.04113e-16 2.16889e-05 0.000127263 0.000604881 0.00232871 0.00726175 0.0183429 0.0375338 0.0622234 0.0835854 0.0910134 0.0804131 0.0578522 0.0343483 0.0177654 0.0096961 0.00788248 0.00961936 0.0132163 0.0178415 0.0229888 0.0281664 0.0328353 0.0364775 0.0387024 0.0393312 0.0384291 0.0362696 0.0332511 0.0297929 0.0262476 0.0228525 0.0197259 0.016895 0.0143375 0.0120193
 1.06085e-16 9.23291e-06 5.41175e-05 0.0002571 0.000989595 0.00308573 0.00779485 0.0159532 0.0264591 0.0355789 0.0388358 0.0345388 0.0253414 0.0160364 0.0101168 0.00844142 0.0102355 0.0144886 0.0205159 0.0278364 0.0359152 0.0440486 0.0514082 0.0571852 0.0607624 0.0618479 0.060526 0.0572062 0.0524956 0.0470413 0.0413955 0.0359404 0.0308797 0.0262782 0.022123 0.0183777
 1.10306e-16 1.27204e-05 7.4617e-05 0.000354612 0.00136514 0.00425691 0.0107528 0.0220034 0.0364797 0.0490116 0.0533879 0.0472197 0.0340811 0.0204576 0.0109988 0.00669228 0.00628113 0.00825378 0.011692 0.0161676 0.0214165 0.0271445 0.0329838 0.0385303 0.0434081 0.0473271 0.050113 0.0517026 0.052115 0.051415 0.0496861 0.0470234 0.0435425 0.039393 0.0347665 0.0298893
 1.08478e-16 2.11512e-05 0.000124116 0.000589942 0.00227123 0.00708253 0.01789 0.0366065 0.0606835 0.0815089 0.0887315 0.0783474 0.0562582 0.0331863 0.0167706 0.00853004 0.00623234 0.00722642 0.00988358 0.0134586 0.0175746 0.0219109 0.0261187 0.0298512 0.0328271 0.0348836 0.0359949 0.0362513 0.0358083 0.0348281 0.0334356 0.0317009 0.0296509 0.0272962 0.0246614 0.0218036
pSPR Fmed_Fpbrs
0.37029   0.255252 0.255252
Fs Fmed_Fpbrs
0.64   1.005 1.005
SSBpbr Bo_Bmed_Bpbrs
1.57185e+06  503449  322627 322627
Ro
38680.5
SPR SPRFo_SPRFmed_SPRFpbrs
798916 295831 203925
log_Ro
10.3831
likeval ReclasPelacesDesembMPH_pf_preclas_ppelaces_ptallas_desvR_qrecl_qpela
 0.00147202 60.2287 0.0079663 94.6215 362.627 228.652 61.789 0 16.2054 0 0 0 0 0 0
q_reclas_q_pelaces
1 1
M
0.7
N
 34527.7 15464.3 5765.41 682.235 0.254077
 34406 14147.7 5228.44 1949.27 230.748
 16256.5 13737.9 4542.17 1678.61 699.904
 16090.4 4582.59 2198.34 726.839 380.611
 32465.1 6708.35 1604.03 769.479 387.638
 34219.6 15597.4 3118.12 745.573 537.841
 73997.9 11349.6 3455.17 690.734 284.306
 66129.2 30520.4 3888.02 1183.63 334.017
 143965 24537 8461.62 1077.93 420.761
 157540 56768.6 7683.03 2649.5 469.271
 76442.5 68409.8 21556 2917.37 1184.25
 48334.8 29507.9 20527.3 6468.17 1230.75
 57790 19193.3 9369.72 6518.09 2444.66
 30943.6 21266.6 5234.18 2555.2 2444.21
 17916.3 9862.24 4350.26 1070.69 1022.67
 16590.8 6240.1 2409.17 1062.69 511.371
 14151.8 6975.86 2221.57 857.7 560.389
 16471.7 6050.46 2567.78 817.749 521.992
 18268.3 7303.77 2395.57 1016.67 530.448
 37882.8 8178.82 2948.06 966.939 624.472
 53261.2 17096.8 3354.61 1209.17 652.731
 44318.1 25401.5 7831.05 1536.55 852.829
 70258.4 20814 11282.8 3478.37 1061.31
 88376 32286.1 8851.11 4797.97 1930.49
 30175.5 40477.4 13638.9 3739.05 2842.36
 29313.4 13725.7 16864.6 5682.54 2742.09
 46278.2 13069.9 5494.79 6751.4 3372.63
pred_Ctot
 4390.5 3628.56 1352.8 160.08 0.0596169
 4909.34 3687.37 1362.71 508.046 60.1408
 5220.3 7131.43 2357.87 871.38 363.325
 1875.31 992.367 476.053 157.398 82.4218
 760.751 309.871 74.0933 35.5437 17.9057
 8364.04 6503.02 1300.04 310.852 224.242
 9113.48 2586.04 787.269 157.385 64.7797
 12225.9 10022.2 1276.74 388.678 109.684
 21605.9 6693.73 2308.34 294.062 114.784
 14335.6 9757.66 1320.6 455.409 80.6605
 12419.5 20038.3 6314.07 854.542 346.884
 7054.74 7849.99 5460.88 1720.73 327.416
 10948.8 6438.95 3143.34 2186.68 820.129
 8175.73 9454.38 2326.93 1135.95 1086.61
 3926.88 3751.48 1654.79 407.278 389.011
 1846.55 1294.85 499.913 220.513 106.112
 1427.34 1320.61 420.569 162.373 106.088
 1276.75 893.535 379.212 120.766 77.0881
 1300.97 994.979 326.345 138.499 72.2619
 2497.79 1035.04 373.082 122.368 79.0279
 1520.09 958.809 188.131 67.8119 36.6059
 1734.31 1940.41 598.208 117.376 65.147
 3786.85 2169.67 1176.12 362.588 110.631
 4959.79 3499.41 959.348 520.039 209.24
 1832.67 4733.97 1595.11 437.294 332.423
 2166.5 1937.23 2380.26 802.03 387.017
 5669.44 2963.52 1245.91 1530.84 764.724
F
 0.192211 0.384422 0.384422 0.384422 0.384422
 0.218072 0.436144 0.436144 0.436144 0.436144
 0.566228 1.13246 1.13246 1.13246 1.13246
 0.174872 0.349743 0.349743 0.349743 0.349743
 0.0330619 0.0661238 0.0661238 0.0661238 0.0661238
 0.403615 0.80723 0.80723 0.80723 0.80723
 0.185643 0.371285 0.371285 0.371285 0.371285
 0.291427 0.582853 0.582853 0.582853 0.582853
 0.230585 0.46117 0.46117 0.46117 0.46117
 0.134166 0.268331 0.268331 0.268331 0.268331
 0.25188 0.503759 0.503759 0.503759 0.503759
 0.223588 0.447176 0.447176 0.447176 0.447176
 0.299677 0.599354 0.599354 0.599354 0.599354
 0.443452 0.886904 0.886904 0.886904 0.886904
 0.354716 0.709432 0.709432 0.709432 0.709432
 0.166391 0.332782 0.332782 0.332782 0.332782
 0.149707 0.299413 0.299413 0.299413 0.299413
 0.113255 0.226511 0.226511 0.226511 0.226511
 0.103621 0.207242 0.207242 0.207242 0.207242
 0.0956056 0.191211 0.191211 0.191211 0.191211
 0.0403979 0.0807957 0.0807957 0.0807957 0.0807957
 0.0557663 0.111533 0.111533 0.111533 0.111533
 0.0775417 0.155083 0.155083 0.155083 0.155083
 0.080856 0.161712 0.161712 0.161712 0.161712
 0.0877642 0.175528 0.175528 0.175528 0.175528
 0.107733 0.215466 0.215466 0.215466 0.215466
 0.184577 0.369155 0.369155 0.369155 0.369155
Np
 31393.6 9431.95 3473.26 815.59 405.215
YTP_r0W_actual
 110934 136158 83214.1 130573 72384.4
YTP_p0W_proyectada
 75253.9 199058 67950 36482.4 66821.2
 75253.9 98258.7 52599.7 15773.6 8696.83
CTP_r0_actual
 13528.6 6303.59 2650.13 3256.19 1626.61
CTP_p0_proyectada
 9177.31 9215.64 2164.01 909.786 1501.6
 9177.31 4549.01 1675.15 393.358 195.434
Wmedp
 8.2 21.6 31.4 40.1 44.5
nmprior
 10.8 10.6 4.6 0
nm_flota  nm_reclas  nm_pelaces    nm_pelaL
inf 14.3662 8.19477 19.0087
cv_recla  cv_pelaces  cv_mph
1.10756 0.850144 1.29987
 ------------------------------------------------
Talla a la edad & desviaci?n 
 7.2 14.2025 17.0495 18.207 18.6776
 1.08 2.13037 2.55742 2.73105 2.80164
