years
 1997 1998 1999 2000 2001 2002 2003 2004 2005 2006 2007 2008 2009 2010 2011 2012 2013 2014 2015 2016 2017 2018 2019
reclasobs
 0 0 0 370054 412103 1.49427e+06 250295 1.28982e+06 931140 785840 897777 1.04006e+06 184774 17550 25797 100020 73551 82996 120727 218422 84188 347160 605670
reclaspred
 872814 169549 343810 153653 213586 266656 694996 579646 892694 1.18203e+06 1.20031e+06 874608 568667 320138 219780 192103 193364 250642 266882 376858 645667 632860 916472
pelacesobs
 0 0 0 0 0 0 0 0 0 2.06254e+06 1.5e+06 0 1.87456e+06 323000 250000 174000 83755 137374 0 501740 490994 745055 786931
pelacespred
 503931 160319 106692 100313 123677 105628 366933 346094 506629 693683 621847 475504 314851 154813 103359 99443.7 103083 130313 146199 197419 369001 386158 436384
mphobs
 0 0 0 0 0 0 112323 0 153150 637223 0 255016 313432 73983 77613 109348 50772 17779 17303 59886 28197 0 207744
mphpred
 630757 319423 247620 167505 148545 245789 384168 613783 633576 983323 1.18386e+06 894093 585138 368079 201703 158450 146977 181853 227439 250748 448305 613269 661623
desembarqueobs
 350755 77701 442110 56441 14545 235359 269955 359681 431902 328805 639364 411747 362871 311530 167758 66681 60226 58785 57116 73181 50977 67692 138656
desembarquepred
 350764 77702.8 442165 56446.1 14545.2 235402 269932 359611 431750 328719 639365 411784 362860 311763 167855 66707.9 60250.9 58790.1 57111.4 73171.9 50974.4 67687.2 138648
Reclutas
 34438.4 34329.1 16186.4 16007.9 32358.8 34120.7 73847.4 65991.8 143997 157695 76425.7 48304.5 57803.2 30933.7 17901.4 16570.8 14133.3 16466.6 18391.9 39223.7 58128.7 47107.3 66896.3
log_desv_Rt
 -0.100208 -0.103387 -0.85521 -0.866295 -0.162495 -0.109477 0.66262 0.550151 1.33041 1.42128 0.696939 0.238144 0.417665 -0.207535 -0.7545 -0.831736 -0.990845 -0.838046 -0.72747 0.0299008 0.42328 0.213047 0.563763
SSB
 630757 319423 247620 167505 148545 245789 372629 606113 619658 964762 1.18386e+06 894093 600298 379804 213211 170232 163873 195714 233679 268999 458815 613269 678584
BT
 1.68665e+06 436612 537676 280037 317015 401229 1.31224e+06 1.19482e+06 1.81762e+06 1.98799e+06 1.89129e+06 1.36681e+06 1.05852e+06 620023 373688 266880 280512 339865 354773 527986 933864 820275 1.00364e+06
Ftot
 0.384336 0.436753 1.13699 0.352255 0.0665192 0.81216 0.373186 0.585375 0.462279 0.268522 0.503805 0.447231 0.599458 0.887105 0.709866 0.333152 0.299859 0.226837 0.207139 0.188351 0.0770572 0.104179 0.146973
BD_Bspro_t
 0.945893 0.696649 0.531324 0.27373 0.359204 0.543881 0.490878 0.567966 0.542105 0.595212 0.614508 0.473426 0.384385 0.317461 0.226266 0.222393 0.281898 0.404874 0.510722 0.604315 0.737065 0.826981 0.817689
BD_Bspro
 0.803858 0.407083 0.315575 0.213474 0.189311 0.313241 0.474891 0.77245 0.789713 1.22952 1.50875 1.13946 0.76504 0.484035 0.271723 0.216949 0.208845 0.249424 0.297808 0.342821 0.584729 0.78157 0.86481
BD_Bo
 0.449287 0.227524 0.176379 0.119313 0.105808 0.175075 0.265423 0.431733 0.441381 0.687198 0.843261 0.636861 0.427591 0.270533 0.15187 0.121256 0.116726 0.139407 0.166449 0.191607 0.326813 0.43683 0.483354
BD_Brms
 2.17438 1.10113 0.853609 0.577432 0.512072 0.847296 1.28455 2.08942 2.13612 3.32578 4.08107 3.08217 2.06938 1.30928 0.734993 0.586833 0.564911 0.674675 0.805549 0.927307 1.58165 2.11409 2.33925
S_f
 0.5 1 1 1 1
 0.5 1 1 1 1
 0.5 1 1 1 1
 0.5 1 1 1 1
 0.5 1 1 1 1
 0.5 1 1 1 1
 0.5 1 1 1 1
 0.5 1 1 1 1
 0.5 1 1 1 1
 0.5 1 1 1 1
 0.5 1 1 1 1
 0.5 1 1 1 1
 0.5 1 1 1 1
 0.5 1 1 1 1
 0.5 1 1 1 1
 0.5 1 1 1 1
 0.5 1 1 1 1
 0.5 1 1 1 1
 0.5 1 1 1 1
 0.5 1 1 1 1
 0.5 1 1 1 1
 0.5 1 1 1 1
 0.5 1 1 1 1
Scru_reclas
 0.5 1 1 1 1
 0.5 1 1 1 1
 0.5 1 1 1 1
 0.5 1 1 1 1
 0.5 1 1 1 1
 0.5 1 1 1 1
 0.5 1 1 1 1
 0.5 1 1 1 1
 0.5 1 1 1 1
 0.5 1 1 1 1
 0.5 1 1 1 1
 0.5 1 1 1 1
 0.5 1 1 1 1
 0.5 1 1 1 1
 0.5 1 1 1 1
 0.5 1 1 1 1
 0.5 1 1 1 1
 0.5 1 1 1 1
 0.5 1 1 1 1
 0.5 1 1 1 1
 0.5 1 1 1 1
 0.5 1 1 1 1
 0.5 1 1 1 1
Scru_pelaces
 0.5 1 1 1 1
 0.5 1 1 1 1
 0.5 1 1 1 1
 0.5 1 1 1 1
 0.5 1 1 1 1
 0.5 1 1 1 1
 0.5 1 1 1 1
 0.5 1 1 1 1
 0.5 1 1 1 1
 0.5 1 1 1 1
 0.5 1 1 1 1
 0.5 1 1 1 1
 0.5 1 1 1 1
 0.5 1 1 1 1
 0.5 1 1 1 1
 0.5 1 1 1 1
 0.5 1 1 1 1
 0.5 1 1 1 1
 0.5 1 1 1 1
 0.5 1 1 1 1
 0.5 1 1 1 1
 0.5 1 1 1 1
 0.5 1 1 1 1
pf_obs 
 0.256992 0.487395 0.22802 0.0275931 0
 0.321318 0.546541 0.124235 0.00734118 0.000564706
 0.182869 0.594174 0.210203 0.0122559 0.00049798
 0.330522 0.361315 0.267642 0.0388342 0.00168674
 0.649043 0.306663 0.0425973 0.00169635 0
 0.582887 0.30429 0.105238 0.00758474 0
 0.465427 0.430635 0.0974691 0.00646863 0
 0.296916 0.608066 0.0921331 0.00288517 0
 0.311714 0.524322 0.152257 0.0117073 0
 0.15457 0.633149 0.183074 0.0267441 0.00246327
 0.131901 0.49318 0.331252 0.0422183 0.00144891
 0.196976 0.569456 0.194076 0.0375587 0.00193317
 0.518974 0.381816 0.0799577 0.0180837 0.00116848
 0.0928022 0.601141 0.25162 0.0475244 0.00691264
 0.122501 0.610282 0.24278 0.0234846 0.000952079
 0.383417 0.481906 0.127806 0.00687128 0
 0.0376549 0.599619 0.316969 0.0457579 0
 0.0361596 0.667082 0.258105 0.0386534 0
 0.158088 0.579412 0.248529 0.0139706 0
 0.0477256 0.309471 0.559284 0.082774 0.000745712
 0.0406174 0.521527 0.379366 0.0568643 0.0016247
 0.151134 0.462217 0.34131 0.0453401 0
 0.294876 0.26143 0.354403 0.0886775 0.000613685
pf_pred 
 0.459696 0.381255 0.142209 0.0168342 6.15929e-06
 0.46612 0.34995 0.129786 0.0484106 0.00573278
 0.327124 0.447362 0.147821 0.0548227 0.0228705
 0.523826 0.276654 0.132651 0.0438316 0.0230374
 0.635862 0.258173 0.061565 0.0295194 0.0148807
 0.501361 0.389247 0.0775581 0.0184948 0.0133383
 0.718066 0.203005 0.0616131 0.0122765 0.00503879
 0.509466 0.417062 0.0529032 0.0160564 0.00451237
 0.697565 0.215298 0.074085 0.00939749 0.00365374
 0.552963 0.375872 0.0506612 0.0174327 0.00307105
 0.310589 0.50167 0.157854 0.0212761 0.00861093
 0.314619 0.350216 0.243893 0.0767427 0.0145299
 0.465308 0.2734 0.133515 0.0929808 0.0347964
 0.368556 0.426394 0.104847 0.0512018 0.0490015
 0.387574 0.370385 0.163443 0.0401891 0.0384093
 0.465323 0.326321 0.12601 0.0556054 0.0267403
 0.415325 0.384202 0.122351 0.0472464 0.0308748
 0.465067 0.325061 0.137912 0.0439188 0.0280421
 0.461128 0.350141 0.114685 0.0486569 0.0253886
 0.615289 0.248076 0.0887809 0.0290793 0.0187748
 0.562605 0.337416 0.0644701 0.0230724 0.0124363
 0.385915 0.444864 0.130541 0.0249424 0.0137377
 0.467311 0.300516 0.168194 0.0493547 0.0146242
pobs_RECLAS
 0 0 0 0 0
 0 0 0 0 0
 0 0 0 0 0
 0 0 0 0 0
 0.835266 0.146461 0.0176864 0.000547809 3.91292e-05
 0.385257 0.428462 0.181853 0.0044286 0
 0.867414 0.0963971 0.0333333 0.00285562 0
 0.441836 0.489002 0.0689373 0.000224442 0
 0.779404 0.147425 0.0564933 0.0165055 0.000172143
 0.814271 0.122319 0.05973 0.00367925 0
 0.40263 0.566651 0.0304383 0.000280538 0
 0.475488 0.404961 0.113038 0.00651328 0
 0.955842 0.0263864 0.0167828 0.000988607 0
 0.975058 0.0227948 0.00214734 0 0
 0.738997 0.206755 0.0527124 0.00153531 0
 0.850938 0.134255 0.0134407 0.00136685 0
 0.542534 0.407297 0.0501686 0 0
 0.764087 0.199537 0.0359546 0.000420521 0
 0.470689 0.182191 0.310203 0.0369168 0
 0.84361 0.089868 0.0606195 0.00523954 0.000663233
 0.607945 0.314616 0.071237 0.00620181 0
 0.523733 0.453247 0.0230204 0 0
 0.530135 0.295979 0.169645 0.0042399 0
ppred_RECLAS
 0.463566 0.378524 0.14119 0.0167136 6.11517e-06
 0.470696 0.346951 0.128674 0.0479957 0.00568365
 0.342868 0.436894 0.144362 0.0535399 0.0223354
 0.5273 0.274636 0.131683 0.0435118 0.0228693
 0.636339 0.257835 0.0614845 0.0294807 0.0148612
 0.512123 0.380846 0.0758842 0.0180957 0.0130504
 0.721092 0.200826 0.0609518 0.0121447 0.00498471
 0.516259 0.411286 0.0521706 0.015834 0.00444988
 0.701726 0.212337 0.0730659 0.00926822 0.00360348
 0.555422 0.373805 0.0503826 0.0173369 0.00305416
 0.315361 0.498197 0.156761 0.0211288 0.00855133
 0.318721 0.34812 0.242433 0.0762834 0.014443
 0.472303 0.269823 0.131768 0.0917643 0.0343412
 0.380014 0.418657 0.102944 0.0502727 0.0481123
 0.396043 0.365263 0.161182 0.0396333 0.0378781
 0.468556 0.324348 0.125248 0.0552692 0.0265786
 0.418094 0.382383 0.121772 0.0470226 0.0307285
 0.467088 0.323833 0.137391 0.0437528 0.0279361
 0.462941 0.348963 0.114299 0.0484932 0.0253032
 0.616832 0.247081 0.0884248 0.0289626 0.0186995
 0.563198 0.336958 0.0643827 0.0230411 0.0124194
 0.386708 0.44429 0.130372 0.0249102 0.01372
 0.468533 0.299827 0.167808 0.0492415 0.0145906
pobs_PELACES
 0 0 0 0 0
 0 0 0 0 0
 0 0 0 0 0
 0 0 0 0 0
 0 0 0 0 0
 0 0 0 0 0
 0 0 0 0 0
 0 0 0 0 0
 0 0 0 0 0
 0 0 0 0 0
 0.450072 0.473896 0.0757376 0.000293798 0
 0 0 0 0 0
 0.463077 0.371075 0.160297 0.00555027 0
 0.529543 0.364841 0.0842815 0.0213345 0
 0.631943 0.363953 0.00410389 0 0
 0.735681 0.248677 0.0153453 0.000297389 0
 0.695825 0.281241 0.0229344 0 0
 0.275771 0.60734 0.115278 0.00161068 0
 0 0 0 0 0
 0.896147 0.0623911 0.0374545 0.00400742 0
 0.803859 0.145111 0.0509908 3.86294e-05 0
 0.739449 0.233085 0.0266225 0.000797448 4.60066e-05
 0.878498 0.100942 0.0204185 0.000141795 0
ppred_PELACES
 0.479367 0.367375 0.137031 0.0162213 5.93505e-06
 0.48868 0.335162 0.124302 0.0463649 0.00549054
 0.386289 0.408026 0.134823 0.0500021 0.0208595
 0.54176 0.266234 0.127655 0.0421807 0.0221697
 0.638875 0.256037 0.0610557 0.0292751 0.0147575
 0.545501 0.354791 0.0706926 0.0168577 0.0121576
 0.733306 0.192032 0.0582826 0.0116129 0.00476642
 0.540324 0.390826 0.0495753 0.0150463 0.00422851
 0.717442 0.201149 0.0692161 0.00877989 0.00341362
 0.566333 0.36463 0.049146 0.0169114 0.0029792
 0.333578 0.484941 0.15259 0.0205666 0.00832379
 0.334954 0.339825 0.236657 0.0744658 0.0140988
 0.497002 0.257194 0.125601 0.0874692 0.0327338
 0.415053 0.394996 0.0971262 0.0474315 0.0453932
 0.424372 0.34813 0.153622 0.0377743 0.0361014
 0.482264 0.315982 0.122017 0.0538435 0.025893
 0.430178 0.374442 0.119243 0.0460461 0.0300904
 0.476415 0.318165 0.134986 0.0429871 0.0274472
 0.471448 0.343435 0.112489 0.047725 0.0249024
 0.62415 0.242362 0.0867359 0.0284094 0.0183423
 0.566324 0.334548 0.063922 0.0228763 0.0123306
 0.390793 0.441331 0.129504 0.0247443 0.0136286
 0.474576 0.296418 0.1659 0.0486816 0.0144247
pobs_pel_tallas
 0 0 0 0 0 0 0 0 0 0 0 0 0 0 0 0 0 0 0 0 0 0 0 0 0 0 0 0 0 0 0 0 0 0 0 0
 0 0 0 0 0 0 0 0 0 0 0 0 0 0 0 0 0 0 0 0 0 0 0 0 0 0 0 0 0 0 0 0 0 0 0 0
 0 0 0 0 0 0 0 0 0 0 0 0 0 0 0 0 0 0 0 0 0 0 0 0 0 0 0 0 0 0 0 0 0 0 0 0
 0 0 0 0 0 0 0 0 0 0 0 0 0 0 0 0 0 0 0 0 0 0 0 0 0 0 0 0 0 0 0 0 0 0 0 0
 0 0 0 0 0 0 0 0 0 0 0 0 0 0 0 0 0 0 0 0 0 0 0 0 0 0 0 0 0 0 0 0 0 0 0 0
 0 0 0 0 0 0 0 0 0 0 0 0 0 0 0 0 0 0 0 0 0 0 0 0 0 0 0 0 0 0 0 0 0 0 0 0
 0 0 0 0 0 0 0 0 0 0 0 0 0 0 0 0 0 0 0 0 0 0 0 0 0 0 0 0 0 0 0 0 0 0 0 0
 0 0 0 0 0 0 0 0 0 0 0 0 0 0 0 0 0 0 0 0 0 0 0 0 0 0 0 0 0 0 0 0 0 0 0 0
 0 0 0 0 0 0 0 0 0 0 0 0 0 0 0 0 0 0 0 0 0 0 0 0 0 0 0 0 0 0 0 0 0 0 0 0
 0 0 0 0 0 0 0 0 0 0 0 0 0 0 0 0 0 0 0 0 0 0 0 0 0 0 0 0 0 0 0 0 0 0 0 0
 0 0 0 0 0 0 0 0 1.78061e-05 0.00172719 0.00360574 0.0105946 0.0120993 0.0124554 0.0147524 0.0171206 0.0266825 0.0428682 0.0675386 0.121331 0.153587 0.119568 0.100827 0.0573624 0.0630603 0.0341343 0.0324427 0.0444173 0.0211091 0.0280891 0.0125444 0.00206551 0 0 0 0
 0 0 0 0 0 0 0 0 0 0 0 0 0 0 0 0 0 0 0 0 0 0 0 0 0 0 0 0 0 0 0 0 0 0 0 0
 0 0 0 0 0 0 0.0133647 0.0140871 0.0187388 0.0205184 0.03894 0.0496705 0.03968 0.0493445 0.0407372 0.0367815 0.0215668 0.0243155 0.0234873 0.0199281 0.019796 0.0243948 0.0301388 0.0376714 0.0412746 0.0863199 0.0771752 0.113111 0.0741005 0.0525337 0.0229764 0.00759418 0.00175318 0 0 0
 0 0 0 0 0 0 0 0 0 0 0.00219441 0.00772107 0.0458388 0.0604681 0.0671733 0.0775358 0.0609151 0.0617685 0.073594 0.0568108 0.0755445 0.0548602 0.0670107 0.0636378 0.0643287 0.046367 0.0373049 0.0286899 0.0247887 0.0153202 0.00654259 0.00121912 0.000365735 0 0 0
 0 0 0 0 0 0 0 0 0 0 0 0 0.000112435 0.00938835 0.0111873 0.0202946 0.0414886 0.0713402 0.111592 0.104902 0.108894 0.110636 0.117776 0.105296 0.107544 0.0401394 0.0192827 0.0124803 0.00416011 0.0028671 0.000618394 0 0 0 0 0
 0 0 0 0 0 0 0 0 0 0 0.00291406 0.0102884 0.027416 0.0768956 0.0749926 0.110853 0.0956884 0.0897413 0.0766577 0.0534642 0.0500743 0.0551293 0.0594112 0.0620874 0.0668451 0.0424026 0.0208742 0.0120726 0.0048766 0.00582813 0.00118941 0.000297354 0 0 0 0
 0 0.00264628 0.0354308 0.0461629 0.0458689 0.0383711 0.0214643 0.0164657 0.0346957 0.0420465 0.0363128 0.0245516 0.0311673 0.0291091 0.0169068 0.0133784 0.00837989 0.0085269 0.0148486 0.0160247 0.0276389 0.0546898 0.0760071 0.122758 0.109233 0.0665981 0.0333725 0.0166128 0.00676272 0.00308733 0.000882094 0 0 0 0 0
 0 0 0 0 0 0 0 0.000805153 0.000690131 0.00759144 0.0133425 0.0154129 0.00931677 0.000345066 0.00356568 0.00563607 0.00851162 0.0253048 0.0502646 0.0516448 0.0657925 0.0565908 0.0611916 0.0827007 0.0866115 0.110766 0.145733 0.0935128 0.0569358 0.0249597 0.0138026 0.00621118 0.00161031 0.00115022 0 0
 0 0 0 0 0 0 0 0 0 0 0 0 0 0 0 0 0 0 0 0 0 0 0 0 0 0 0 0 0 0 0 0 0 0 0 0
 0.00147267 0.00158595 0.00478618 0.00569244 0.00954404 0.0108468 0.00647125 0.017049 0.0510054 0.094081 0.124002 0.0959785 0.0687766 0.0820023 0.061753 0.0591476 0.0492212 0.0479892 0.0443925 0.0268479 0.0217502 0.0140895 0.0121071 0.0120363 0.00920419 0.00665534 0.0049561 0.00860946 0.00930331 0.0156896 0.0114698 0.00855282 0.00243557 0.00046729 0 2.83206e-05
 0 0 0 0 0.000772559 0.00158375 0.000888443 0.00281984 0.00712685 0.0440552 0.0773331 0.111326 0.0921469 0.0852325 0.0710754 0.0886704 0.0786465 0.0553345 0.0373146 0.0185414 0.00753245 0.00457741 0.012979 0.0271748 0.0457355 0.0583668 0.034881 0.0177882 0.00938659 0.00492506 0.0015258 0.00185414 0.000309023 5.79419e-05 3.86279e-05 0
 0 0.00173294 0.00326652 0 0.00397197 0.00683976 0.00946217 0.0152591 0.00757587 0.0136028 0.0228656 0.0392903 0.0559909 0.0764795 0.0681675 0.0726916 0.0566044 0.0477403 0.0527397 0.0444891 0.0609904 0.0582453 0.0661739 0.0445044 0.0529084 0.0360697 0.0280645 0.0235558 0.0158879 0.00826598 0.00280645 0.00217768 0.000904811 0.00058276 9.20147e-05 0
 0 0 0 0 0 0 0 0 0 0 0 0 0 0 0 0 0 0 0 0 0 0 0 0 0 0 0 0 0 0 0 0 0 0 0 0
ppred_pel_tallas
 1.02623e-16 2.09305e-05 0.000122807 0.00058369 0.00224711 0.00700727 0.0177001 0.0362189 0.0600448 0.0806628 0.087841 0.0776342 0.0559051 0.0332971 0.0174146 0.00981366 0.00833487 0.010382 0.0143261 0.0193488 0.0249233 0.0305161 0.0355342 0.0394039 0.0416873 0.0421774 0.0409351 0.0382552 0.0345788 0.0303817 0.0260788 0.0219679 0.0182194 0.0148998 0.0120107 0.00952484
 1.03724e-16 2.13352e-05 0.000125186 0.000595009 0.0022907 0.00714322 0.0180435 0.0369211 0.0612079 0.0822217 0.0895295 0.0791045 0.0569162 0.0338038 0.017505 0.00958948 0.00784023 0.00960085 0.0132134 0.0178639 0.0230571 0.0283088 0.0330839 0.0368633 0.0392479 0.040043 0.0392916 0.0372433 0.0342746 0.0307908 0.0271413 0.0235729 0.0202237 0.0171475 0.0143505 0.0118234
 1.0474e-16 1.68734e-05 9.89852e-05 0.00047043 0.00181101 0.00564733 0.014265 0.0291908 0.048397 0.065026 0.0708407 0.0626758 0.0452785 0.0272594 0.0147915 0.00918315 0.00874913 0.0114396 0.0159543 0.0215999 0.0278635 0.0341766 0.0398933 0.0443861 0.0471767 0.0480385 0.0470362 0.0444858 0.0408564 0.0366472 0.0322842 0.0280616 0.0241359 0.0205574 0.017317 0.0143882
 1.04385e-16 2.36469e-05 0.000138765 0.000659576 0.00253932 0.00791856 0.0200018 0.0409275 0.0678466 0.09113 0.0992044 0.0875932 0.0628937 0.0370929 0.018729 0.00949596 0.00689068 0.00793756 0.0107987 0.0146176 0.0189439 0.0233866 0.0275233 0.0309401 0.0333104 0.0344597 0.0343933 0.033273 0.0313587 0.0289347 0.0262486 0.0234782 0.0207293 0.0180553 0.0154844 0.0130412
 1.02646e-16 2.7881e-05 0.000163624 0.000777761 0.00299437 0.00933761 0.0235862 0.0482614 0.0800019 0.107451 0.116954 0.103225 0.0740307 0.0434845 0.021627 0.0104193 0.00687024 0.00743413 0.00991957 0.0133151 0.0171175 0.0209247 0.0243231 0.0269216 0.0284289 0.0287175 0.027847 0.0260373 0.0236034 0.0208753 0.0181301 0.0155533 0.0132354 0.0111921 0.00939765 0.00781365
 1.02267e-16 2.38136e-05 0.000139735 0.000664171 0.00255698 0.00797361 0.020141 0.0412129 0.068322 0.0917756 0.0999255 0.0882732 0.0634764 0.0376255 0.0193448 0.0103693 0.0082037 0.00986099 0.0134707 0.0181109 0.0232251 0.0282827 0.0327101 0.0359649 0.0376484 0.0375971 0.0359158 0.0329383 0.0291353 0.024999 0.020944 0.0172502 0.0140535 0.0113735 0.0091592 0.00733199
 1.01512e-16 3.19961e-05 0.000187789 0.000892657 0.00343677 0.0107172 0.0270709 0.0553909 0.0918173 0.12331 0.134192 0.11838 0.0847702 0.0495322 0.0241508 0.0108298 0.00608858 0.00582325 0.00751225 0.0100311 0.0128892 0.0157565 0.0183151 0.0202669 0.0213883 0.0215782 0.0208768 0.0194465 0.0175239 0.0153612 0.013174 0.0111131 0.00925846 0.00763414 0.00622984 0.00502183
 1.01546e-16 2.35892e-05 0.000138415 0.000657887 0.00253278 0.00789812 0.0199503 0.0408231 0.0676769 0.0909122 0.0989941 0.0874708 0.0629438 0.0373986 0.0193906 0.0106529 0.00872668 0.0106593 0.0145916 0.0195859 0.0250474 0.0303903 0.0349809 0.038224 0.0396909 0.0392198 0.0369518 0.0332859 0.0287729 0.0239841 0.0193978 0.0153325 0.0119359 0.00921571 0.00709215 0.00544999
 1.0151e-16 3.13048e-05 0.000183729 0.000873354 0.00336245 0.0104855 0.0264855 0.0541931 0.0898322 0.120646 0.131295 0.115833 0.0829643 0.0485132 0.0237216 0.0107526 0.006208 0.00607799 0.00789761 0.0105631 0.0135835 0.0166191 0.0193369 0.0214228 0.0226395 0.022877 0.0221724 0.0206911 0.0186776 0.0163938 0.0140668 0.0118572 0.00985424 0.00808929 0.00655798 0.00524084
 1.01537e-16 2.47223e-05 0.000145069 0.000689529 0.00265461 0.00827807 0.02091 0.0427865 0.0709304 0.0952788 0.103738 0.0916372 0.0658864 0.0390356 0.0200352 0.0106817 0.00837881 0.0100187 0.0136528 0.0183179 0.0234322 0.0284439 0.0327609 0.0358273 0.0372421 0.0368518 0.0347853 0.0314108 0.0272382 0.0227969 0.0185305 0.014735 0.0115484 0.00897981 0.00695786 0.0053788
 1.0342e-16 1.45782e-05 8.55028e-05 0.000406317 0.00156413 0.00487742 0.0123204 0.0252126 0.0418053 0.0561815 0.0612372 0.054255 0.0393601 0.0240259 0.0136341 0.00937365 0.00984733 0.013325 0.018685 0.0252718 0.0325182 0.0397483 0.0461858 0.0510798 0.0538639 0.0542816 0.0524342 0.0487332 0.0437806 0.0382187 0.0326003 0.027314 0.0225702 0.0184355 0.0148872 0.0118654
 1.06688e-16 1.46324e-05 8.58343e-05 0.000407922 0.00157036 0.00489688 0.0123694 0.0253117 0.0419657 0.0563851 0.0614278 0.0543494 0.0392672 0.0236493 0.012853 0.00802036 0.00770415 0.0101489 0.0142586 0.0194728 0.0253931 0.0315705 0.0374761 0.0425709 0.0464088 0.0487194 0.0494463 0.0487247 0.0468164 0.0440274 0.0406393 0.0368734 0.0328895 0.0288059 0.0247258 0.0207533
 1.06402e-16 2.16948e-05 0.000127305 0.000605098 0.00232957 0.00726446 0.0183496 0.037547 0.062243 0.0836051 0.091017 0.0803741 0.0577323 0.0340935 0.0172984 0.00891079 0.00664615 0.00778704 0.0106584 0.0144823 0.0188482 0.0233941 0.0277237 0.0314438 0.0342382 0.0359278 0.0364956 0.0360646 0.0348433 0.0330588 0.0309035 0.0285093 0.0259522 0.0232744 0.0205126 0.017717
 1.05259e-16 1.8127e-05 0.000106346 0.000505429 0.00194577 0.00606757 0.0153265 0.0313626 0.0519962 0.0698576 0.0760929 0.0672954 0.0485565 0.0291137 0.0155811 0.00934107 0.00855917 0.0110134 0.0152987 0.0206808 0.0266423 0.0326284 0.0380171 0.0422102 0.0447591 0.0454635 0.0444072 0.0419157 0.0384575 0.0345212 0.0305129 0.0267001 0.0232079 0.0200534 0.017197 0.0145878
 1.05279e-16 1.85316e-05 0.000108726 0.00051675 0.00198938 0.00620355 0.01567 0.0320649 0.0531591 0.0714154 0.0777779 0.0687575 0.0495502 0.0295876 0.0156144 0.00902448 0.00792505 0.0100366 0.0139326 0.0188967 0.0244605 0.0301381 0.0353806 0.0396488 0.0425215 0.0437815 0.0434511 0.0417608 0.0390699 0.0357684 0.0321934 0.0285837 0.0250763 0.021732 0.0185726 0.0156112
 1.04896e-16 2.10546e-05 0.000123541 0.00058719 0.0022606 0.00704937 0.0178064 0.0364359 0.0604031 0.0811395 0.0883479 0.0780531 0.0561435 0.0333126 0.0171918 0.00932521 0.00752079 0.00915582 0.0125982 0.0170564 0.0220612 0.0271612 0.0318582 0.0356663 0.0382088 0.0392962 0.0389566 0.0374065 0.0349771 0.0320236 0.028849 0.025663 0.0225802 0.0196448 0.0168662 0.014249
 1.04803e-16 1.87858e-05 0.000110216 0.000523828 0.00201662 0.00628851 0.0158846 0.0325042 0.053888 0.0723961 0.07885 0.0697148 0.050261 0.0300535 0.0159348 0.00932375 0.00830546 0.0105687 0.0146592 0.0198325 0.0255858 0.0313909 0.0366558 0.0408072 0.0434085 0.0442538 0.0434034 0.0411468 0.0379115 0.0341505 0.0302477 0.0264647 0.0229368 0.0197027 0.0167492 0.0140503
 1.0478e-16 2.07997e-05 0.000122044 0.000580072 0.00223319 0.0069639 0.0175905 0.0359942 0.0596711 0.0801568 0.0872796 0.0771134 0.0554765 0.0329347 0.01703 0.00929121 0.00755675 0.00923907 0.0127277 0.0172399 0.0223077 0.0274776 0.0322464 0.0361222 0.0387212 0.0398473 0.039523 0.0379613 0.0354927 0.0324744 0.0292143 0.0259298 0.022744 0.0197101 0.0168457 0.0141609
 1.04513e-16 2.05841e-05 0.000120776 0.00057404 0.00220996 0.00689144 0.0174075 0.03562 0.0590515 0.0793268 0.0863821 0.0763351 0.0549485 0.0326852 0.0170178 0.00946947 0.00791047 0.00978458 0.0134934 0.018245 0.0235451 0.0289027 0.0337736 0.0376316 0.0400746 0.0409112 0.0401927 0.0381798 0.0352595 0.031843 0.0282786 0.0248048 0.0215461 0.0185402 0.015779 0.0132435
 1.03144e-16 2.72385e-05 0.000159853 0.000759835 0.00292535 0.00912239 0.0230425 0.0471489 0.0781577 0.104973 0.114257 0.100842 0.0723165 0.0424678 0.0211038 0.0101403 0.00665583 0.00718981 0.00960805 0.0129331 0.0166876 0.0204946 0.0239641 0.0267221 0.0284822 0.0291058 0.028625 0.0272199 0.0251607 0.0227362 0.0201927 0.0177012 0.0153538 0.0131821 0.0111856 0.00935509
 1.02379e-16 2.47207e-05 0.000145062 0.000689502 0.00265452 0.0082778 0.0209093 0.0427848 0.0709268 0.0952714 0.103724 0.091609 0.0658327 0.038937 0.0198624 0.0103947 0.00792842 0.00935189 0.0127225 0.0170969 0.0219285 0.0267126 0.030909 0.0340072 0.0356325 0.0356309 0.0341005 0.0313543 0.0278328 0.0239959 0.0202292 0.0167917 0.0138069 0.0112904 0.00919296 0.00744149
 1.0347e-16 1.70712e-05 0.000100143 0.000475927 0.00183217 0.00571328 0.0144317 0.029532 0.0489635 0.0657894 0.0716784 0.0634314 0.0458555 0.0276687 0.0151251 0.00955773 0.00927011 0.0121912 0.0169986 0.0229701 0.0295511 0.0361187 0.0419666 0.0464145 0.0489508 0.0493462 0.0476968 0.0443794 0.0399419 0.0349659 0.0299488 0.0252359 0.0210092 0.0173201 0.0141404 0.0114115
 1.04799e-16 2.07187e-05 0.00012157 0.000577825 0.00222455 0.00693695 0.0175224 0.0358547 0.0594393 0.0798439 0.086935 0.0767994 0.05523 0.0327474 0.0168588 0.00908117 0.0072569 0.008808 0.0121368 0.0164793 0.0213947 0.0264629 0.0312151 0.0351858 0.0380013 0.0394535 0.0395308 0.0383956 0.0363218 0.0336156 0.0305502 0.0273292 0.0240841 0.0208935 0.01781 0.0148812
pSPR Fmed_Fpbrs
0.371377   0.256628 0.256628
Fs Fmed_Fpbrs
0.64   1.005 1.005
SSBpbr Bo_Bmed_Bpbrs
1.40391e+06  451184  290086 290086
Ro
38068.2
SPR SPRFo_SPRFmed_SPRFpbrs
784662 291406 201366
log_Ro
10.3671
likeval ReclasPelacesDesembMPH_pf_preclas_ppelaces_ptallas_desvR_qrecl_qpela
 0.00143081 47.5365 0.00783966 67.0417 320.768 182.461 46.8674 0 15.0699 0 0 0 0 0 0
q_reclas_q_pelaces
1 1
M
0.7
N
 34438.4 15478.3 5773.44 683.441 0.250057
 34329.1 14111.7 5233.63 1952.15 231.174
 16186.4 13703 4527.87 1679.26 700.54
 16007.9 4552.5 2182.84 721.274 379.094
 32358.8 6665.58 1589.5 762.139 384.193
 34120.7 15543.2 3097.01 738.527 532.617
 73847.4 11288.9 3426.25 682.685 280.203
 65991.8 30429.3 3859.88 1171.49 329.228
 143997 24455.2 8415.14 1067.44 415.02
 157695 56749.8 7648.92 2632.02 463.672
 76425.7 68470.4 21544.7 2903.87 1175.26
 48304.5 29500.8 20544.6 6464.5 1223.94
 57803.2 19180.8 9366.93 6523.2 2441.19
 30933.7 21270.4 5230.21 2554.17 2444.41
 17901.4 9858.09 4350.15 1069.67 1022.29
 16570.8 6233.56 2407.11 1062.2 510.806
 14133.3 6966.19 2218.42 856.65 559.808
 16466.6 6041.22 2563.08 816.226 521.159
 18391.9 7300.3 2391.14 1014.48 529.342
 39223.7 8234.57 2946.97 965.248 623.204
 58128.7 17727.3 3387.15 1212.19 653.384
 47107.3 27774.9 8150.25 1557.27 857.709
 66896.3 22205.4 12428 3646.87 1080.59
pred_Ctot
 4378.26 3631.17 1354.43 160.333 0.0586626
 4904.57 3682.21 1365.63 509.382 60.321
 5213.89 7130.31 2356.06 873.795 364.523
 1878.09 991.899 475.598 157.151 82.5969
 762.729 309.684 73.8485 35.4091 17.8496
 8382.31 6507.87 1296.7 309.217 223.004
 9137.79 2583.35 784.061 156.225 64.1214
 12246.8 10025.5 1271.71 385.971 108.47
 21657.6 6684.45 2300.15 291.768 113.439
 14359.2 9760.58 1315.56 452.69 79.7485
 12417.8 20057.4 6311.22 850.647 344.277
 7051.11 7848.88 5466.02 1719.92 325.639
 10952.9 6435.6 3142.82 2188.68 819.077
 8174.63 9457.49 2325.52 1135.66 1086.86
 3925.66 3751.56 1655.48 407.068 389.04
 1846.24 1294.73 499.964 220.623 106.096
 1427.47 1320.5 420.52 162.385 106.116
 1278.1 893.334 379.01 120.698 77.0655
 1309.14 994.052 325.591 138.137 72.0783
 2549.1 1027.77 367.814 120.474 77.7828
 1583.54 949.711 181.461 64.9409 35.004
 1724.7 1988.14 583.4 111.47 61.3954
 3423.13 2201.33 1232.05 361.531 107.124
F
 0.192168 0.384336 0.384336 0.384336 0.384336
 0.218376 0.436753 0.436753 0.436753 0.436753
 0.568494 1.13699 1.13699 1.13699 1.13699
 0.176127 0.352255 0.352255 0.352255 0.352255
 0.0332596 0.0665192 0.0665192 0.0665192 0.0665192
 0.40608 0.81216 0.81216 0.81216 0.81216
 0.186593 0.373186 0.373186 0.373186 0.373186
 0.292688 0.585375 0.585375 0.585375 0.585375
 0.231139 0.462279 0.462279 0.462279 0.462279
 0.134261 0.268522 0.268522 0.268522 0.268522
 0.251902 0.503805 0.503805 0.503805 0.503805
 0.223616 0.447231 0.447231 0.447231 0.447231
 0.299729 0.599458 0.599458 0.599458 0.599458
 0.443553 0.887105 0.887105 0.887105 0.887105
 0.354933 0.709866 0.709866 0.709866 0.709866
 0.166576 0.333152 0.333152 0.333152 0.333152
 0.14993 0.299859 0.299859 0.299859 0.299859
 0.113419 0.226837 0.226837 0.226837 0.226837
 0.103569 0.207139 0.207139 0.207139 0.207139
 0.0941756 0.188351 0.188351 0.188351 0.188351
 0.0385286 0.0770572 0.0770572 0.0770572 0.0770572
 0.0520896 0.104179 0.104179 0.104179 0.104179
 0.0734867 0.146973 0.146973 0.146973 0.146973
Np
 33229.1 9983.43 5610.6 1730.42 1144.53
YTP_r0W_actual
 129069 259174 200200 76687.1 28560
YTP_p0W_proyectada
 79654 321552 144168 103045 47940.7
 79654 104004 84967.8 33466.6 24564.2
CTP_r0_actual
 19555.8 10709.6 5994.01 1758.88 521.168
CTP_p0_proyectada
 9713.9 14886.6 4591.34 2569.69 1077.32
 9713.9 4814.99 2705.98 834.579 552.005
Wmedp
 8.2 21.6 31.4 40.1 44.5
nmprior
 10.8 10.6 4.6 0
nm_flota  nm_reclas  nm_pelaces    nm_pelaL
inf 12.8013 8.98691 11.1936
cv_recla  cv_pelaces  cv_mph
1.19617 0.844421 1.18182
 ------------------------------------------------
Talla a la edad & desviaci?n 
 7.2 14.2025 17.0495 18.207 18.6776
 1.08 2.13037 2.55742 2.73105 2.80164
