years
 1997 1998 1999 2000 2001 2002 2003 2004 2005 2006 2007 2008 2009 2010 2011 2012 2013 2014 2015 2016 2017 2018 2019 2020 2021 2022
reclasobs
 0 0 0 370054 412103 1.49427e+06 250295 1.28982e+06 931140 785840 897777 1.04006e+06 184774 17550 25797 100020 73551 82996 120727 218422 84188 347160 605670 569463 516374 1.08416e+06
reclaspred
 299438 69662.8 122930 72645.8 137691 162010 542646 402081 580936 647365 553033 396297 287237 161638 126859 119959 130445 176254 184630 270526 405897 349800 572271 769657 892317 755235
pelacesobs
 0 0 0 0 0 0 0 0 0 2.06254e+06 1.5e+06 0 1.87456e+06 323000 250000 174000 83755 137374 0 501740 490994 745055 786931 1.00524e+06 1.33801e+06 1.41789e+06
pelacespred
 642421 112617 129186 113730 197468 166379 836827 638022 891139 986142 761706 572813 420917 206094 161496 162905 183903 244187 263054 372965 621388 534682 709547 1.05641e+06 1.22017e+06 1.15789e+06
mphobs
 0 0 0 0 0 0 112323 0 153150 637223 0 255016 313432 73983 77613 109348 50772 17779 17303 59886 28197 0 207744 136588 643089 65757
mphpred
 135470 70656.8 62770.3 42869.4 50206.9 95943.8 168366 273068 262456 348202 391268 294625 193275 87993 52256.2 46131.4 45717 58445.2 36773.1 40404.9 65130.1 80751.6 91458.6 130648 176256 172023
desembarqueobs
 350755 77701 442110 56441 14545 235359 269955 359681 431902 328805 639364 411747 362871 311530 167758 66681 60226 58785 57116 73181 50977 67692 138656 160484 209506 203330
desembarquepred
 350767 77703.7 442160 56448.7 14545.3 235402 269964 359668 431829 328772 639466 411851 362951 311865 167892 66708.5 60250.8 58790.6 57113.4 73179.7 50977.1 67689.6 138657 160485 209508 203330
Reclutas
 33558.4 35825.5 14748.1 19833.7 40810 39419.8 92051.3 74047.7 136129 150441 73197.3 47343.7 59808.5 29689.5 19568.4 21015 17928.6 22567.1 25131.3 47373 62807.5 62385.9 108781 156637 53777 48867.3
log_desv_Rt
 -0.31499 -0.24962 -1.13717 -0.840896 -0.119352 -0.15401 0.694067 0.47643 1.08532 1.18529 0.464881 0.0291564 0.26287 -0.437483 -0.854364 -0.783041 -0.941883 -0.711785 -0.604165 0.0297733 0.311796 0.30506 0.861057 1.22566 0.156567 0.0608295
SSB
 423407 220835 196186 133987 156920 299869 510398 843118 800911 1.06665e+06 1.2229e+06 920841 620834 415475 252421 225859 231996 286655 353686 405666 624824 757014 878824 1.20488e+06 1.76191e+06 1.76387e+06
BT
 1.43917e+06 334484 474017 263940 365796 480992 1.68998e+06 1.53398e+06 1.98872e+06 2.07733e+06 1.93187e+06 1.39924e+06 1.10615e+06 663834 431947 348153 382271 484907 521404 729092 1.15474e+06 1.0224e+06 1.37164e+06 2.02766e+06 2.34959e+06 2.2561e+06
Ftot
 0.948263 0.935836 2.16871 0.643947 0.103699 0.946413 0.490281 0.688807 0.681175 0.408147 0.671318 0.546048 0.782334 1.08799 0.811597 0.331867 0.297799 0.213601 0.184427 0.19168 0.0884892 0.111221 0.144554 0.144388 0.121856 0.125035
BD_Bspro_t
 0.906526 0.611942 0.467634 0.236763 0.376819 0.592416 0.575688 0.65612 0.609679 0.631116 0.636833 0.497888 0.407411 0.352439 0.271568 0.293414 0.379581 0.52689 0.63872 0.718515 0.811144 0.871479 0.866324 0.866436 0.876723 0.841716
BD_Bspro
 0.445806 0.232518 0.206565 0.141075 0.165221 0.315733 0.537399 0.887721 0.843281 1.12307 1.28759 0.969556 0.653678 0.437455 0.265775 0.237808 0.244269 0.30182 0.372397 0.427127 0.657879 0.797062 0.925317 1.26862 1.85512 1.85719
BD_Bo
 0.297484 0.155158 0.13784 0.0941387 0.110251 0.210687 0.358604 0.592372 0.562717 0.749422 0.859203 0.64698 0.436196 0.291911 0.17735 0.158688 0.163 0.201403 0.248499 0.28502 0.438999 0.531876 0.617459 0.846545 1.23791 1.23929
BD_Brms
 0.869483 0.453494 0.402877 0.275148 0.322241 0.615793 1.04812 1.73138 1.6447 2.1904 2.51127 1.89098 1.27491 0.853195 0.518357 0.463812 0.476414 0.588658 0.72631 0.833053 1.2831 1.55456 1.8047 2.47427 3.61816 3.62218
S_f
 0.133304 0.74505 0.982309 0.999053 0.99995
 0.133304 0.74505 0.982309 0.999053 0.99995
 0.133304 0.74505 0.982309 0.999053 0.99995
 0.133304 0.74505 0.982309 0.999053 0.99995
 0.133304 0.74505 0.982309 0.999053 0.99995
 0.133304 0.74505 0.982309 0.999053 0.99995
 0.133304 0.74505 0.982309 0.999053 0.99995
 0.133304 0.74505 0.982309 0.999053 0.99995
 0.133304 0.74505 0.982309 0.999053 0.99995
 0.133304 0.74505 0.982309 0.999053 0.99995
 0.133304 0.74505 0.982309 0.999053 0.99995
 0.133304 0.74505 0.982309 0.999053 0.99995
 0.133304 0.74505 0.982309 0.999053 0.99995
 0.133304 0.74505 0.982309 0.999053 0.99995
 0.133304 0.74505 0.982309 0.999053 0.99995
 0.133304 0.74505 0.982309 0.999053 0.99995
 0.133304 0.74505 0.982309 0.999053 0.99995
 0.133304 0.74505 0.982309 0.999053 0.99995
 0.133304 0.74505 0.982309 0.999053 0.99995
 0.133304 0.74505 0.982309 0.999053 0.99995
 0.133304 0.74505 0.982309 0.999053 0.99995
 0.133304 0.74505 0.982309 0.999053 0.99995
 0.133304 0.74505 0.982309 0.999053 0.99995
 0.133304 0.74505 0.982309 0.999053 0.99995
 0.133304 0.74505 0.982309 0.999053 0.99995
 0.133304 0.74505 0.982309 0.999053 0.99995
Scru_reclas
 1 1 1 1 1
 1 1 1 1 1
 1 1 1 1 1
 1 1 1 1 1
 1 1 1 1 1
 1 1 1 1 1
 1 1 1 1 1
 1 1 1 1 1
 1 1 1 1 1
 1 1 1 1 1
 1 1 1 1 1
 1 1 1 1 1
 1 1 1 1 1
 1 1 1 1 1
 1 1 1 1 1
 1 1 1 1 1
 1 1 1 1 1
 1 1 1 1 1
 1 1 1 1 1
 1 1 1 1 1
 1 1 1 1 1
 1 1 1 1 1
 1 1 1 1 1
 1 1 1 1 1
 1 1 1 1 1
 1 1 1 1 1
Scru_pelaces
 1 1 1 1 1
 1 1 1 1 1
 1 1 1 1 1
 1 1 1 1 1
 1 1 1 1 1
 1 1 1 1 1
 1 1 1 1 1
 1 1 1 1 1
 1 1 1 1 1
 1 1 1 1 1
 1 1 1 1 1
 1 1 1 1 1
 1 1 1 1 1
 1 1 1 1 1
 1 1 1 1 1
 1 1 1 1 1
 1 1 1 1 1
 1 1 1 1 1
 1 1 1 1 1
 1 1 1 1 1
 1 1 1 1 1
 1 1 1 1 1
 1 1 1 1 1
 1 1 1 1 1
 1 1 1 1 1
 1 1 1 1 1
pf_obs 
 0.256992 0.487395 0.22802 0.0275931 0
 0.321318 0.546541 0.124235 0.00734118 0.000564706
 0.182869 0.594174 0.210203 0.0122559 0.00049798
 0.330522 0.361315 0.267642 0.0388342 0.00168674
 0.649043 0.306663 0.0425973 0.00169635 0
 0.582887 0.30429 0.105238 0.00758474 0
 0.465427 0.430635 0.0974691 0.00646863 0
 0.296916 0.608066 0.0921331 0.00288517 0
 0.311714 0.524322 0.152257 0.0117073 0
 0.15457 0.633149 0.183074 0.0267441 0.00246327
 0.131901 0.49318 0.331252 0.0422183 0.00144891
 0.196976 0.569456 0.194076 0.0375587 0.00193317
 0.518974 0.381816 0.0799577 0.0180837 0.00116848
 0.0928022 0.601141 0.25162 0.0475244 0.00691264
 0.122501 0.610282 0.24278 0.0234846 0.000952079
 0.383417 0.481906 0.127806 0.00687128 0
 0.0376549 0.599619 0.316969 0.0457579 0
 0.0361596 0.667082 0.258105 0.0386534 0
 0.158088 0.579412 0.248529 0.0139706 0
 0.0477256 0.309471 0.559284 0.082774 0.000745712
 0.0406174 0.521527 0.379366 0.0568643 0.0016247
 0.151134 0.462217 0.34131 0.0453401 0
 0.294876 0.26143 0.354403 0.0886775 0.000613685
 0.281977 0.475581 0.204845 0.0348837 0.00271318
 0.0841818 0.532909 0.334909 0.0458182 0.00218182
 0.115287 0.27431 0.454777 0.147771 0.00785563
pf_pred 
 0.336833 0.456314 0.184951 0.0218855 1.63709e-05
 0.302638 0.548513 0.114372 0.0309104 0.00356527
 0.17337 0.632387 0.164702 0.0228375 0.00670339
 0.351504 0.46056 0.161449 0.0226023 0.00388508
 0.387502 0.466539 0.113499 0.0279736 0.00448597
 0.254318 0.568745 0.143186 0.0263455 0.00740431
 0.431011 0.397545 0.142044 0.0239115 0.00548872
 0.231551 0.627545 0.107722 0.0275919 0.00559028
 0.359149 0.415549 0.195008 0.0232875 0.00700669
 0.274335 0.565447 0.116347 0.0380906 0.00578035
 0.129577 0.589474 0.233255 0.0348272 0.0128669
 0.124303 0.423489 0.339644 0.093824 0.0187406
 0.222845 0.373286 0.23017 0.13117 0.042528
 0.150164 0.578005 0.156907 0.066194 0.0487305
 0.162406 0.481737 0.2731 0.0483449 0.0344112
 0.210926 0.448291 0.226842 0.0879509 0.02599
 0.171906 0.4946 0.214412 0.0797846 0.039297
 0.208558 0.417574 0.250057 0.0801489 0.0436614
 0.201607 0.464938 0.200159 0.0896972 0.0435981
 0.292903 0.399851 0.200163 0.064744 0.0423398
 0.25451 0.507158 0.151463 0.0569518 0.0299166
 0.188023 0.503967 0.227192 0.0516822 0.0291355
 0.260996 0.393806 0.236133 0.0808148 0.0282502
 0.261371 0.475465 0.158649 0.0718916 0.032623
 0.0765929 0.587884 0.237045 0.0597853 0.0386931
 0.0906438 0.263426 0.451541 0.138042 0.0563483
pobs_RECLAS
 0 0 0 0 0
 0 0 0 0 0
 0 0 0 0 0
 0 0 0 0 0
 0.835266 0.146461 0.0176864 0.000547809 3.91292e-05
 0.385257 0.428462 0.181853 0.0044286 0
 0.867414 0.0963971 0.0333333 0.00285562 0
 0.441836 0.489002 0.0689373 0.000224442 0
 0.779404 0.147425 0.0564933 0.0165055 0.000172143
 0.814271 0.122319 0.05973 0.00367925 0
 0.40263 0.566651 0.0304383 0.000280538 0
 0.475488 0.404961 0.113038 0.00651328 0
 0.955842 0.0263864 0.0167828 0.000988607 0
 0.975058 0.0227948 0.00214734 0 0
 0.738997 0.206755 0.0527124 0.00153531 0
 0.850938 0.134255 0.0134407 0.00136685 0
 0.542534 0.407297 0.0501686 0 0
 0.764087 0.199537 0.0359546 0.000420521 0
 0.470689 0.182191 0.310203 0.0369168 0
 0.84361 0.089868 0.0606195 0.00523954 0.000663233
 0.607945 0.314616 0.071237 0.00620181 0
 0.523733 0.453247 0.0230204 0 0
 0.530135 0.295979 0.169645 0.0042399 0
 0.562478 0.366248 0.0663022 0.0049721 0
 0.250443 0.683176 0.0655157 0.000865301 0
 0.195077 0.31981 0.436473 0.0351445 0.0134964
ppred_RECLAS
 0.765301 0.175955 0.0526282 0.00611047 4.56617e-06
 0.730297 0.224849 0.0346162 0.00917991 0.00105776
 0.601058 0.329685 0.0589443 0.00797502 0.00233781
 0.771525 0.175219 0.0458669 0.00630622 0.00108292
 0.790379 0.169594 0.0312434 0.00757048 0.00121294
 0.681927 0.258857 0.0480951 0.0086829 0.00243784
 0.824128 0.13297 0.035653 0.00589652 0.00135223
 0.646626 0.302887 0.0387636 0.00974996 0.00197349
 0.780778 0.156214 0.0546705 0.00641109 0.0019271
 0.694927 0.251689 0.0389531 0.0125313 0.00189989
 0.483988 0.380971 0.112464 0.0164901 0.00608637
 0.483756 0.287377 0.172663 0.0468542 0.00934992
 0.659133 0.18964 0.0868785 0.0486053 0.0157433
 0.535584 0.346068 0.0688874 0.0285011 0.0209601
 0.559923 0.28469 0.119775 0.0208132 0.0147999
 0.629534 0.23603 0.0900121 0.0342984 0.010126
 0.56646 0.287988 0.0941663 0.0344389 0.0169469
 0.62731 0.222808 0.100826 0.0317668 0.0172893
 0.613409 0.25127 0.0817924 0.0360312 0.0174974
 0.723395 0.175353 0.0663636 0.021101 0.0137866
 0.675196 0.239934 0.054276 0.0200644 0.0105303
 0.589086 0.28132 0.0960234 0.0214749 0.0120954
 0.691768 0.185715 0.0842648 0.0283509 0.00990157
 0.685728 0.221949 0.05604 0.0249647 0.0113182
 0.338464 0.462657 0.141222 0.0350159 0.0226418
 0.404355 0.209252 0.271512 0.0816017 0.0332795
pobs_PELACES
 0 0 0 0 0
 0 0 0 0 0
 0 0 0 0 0
 0 0 0 0 0
 0 0 0 0 0
 0 0 0 0 0
 0 0 0 0 0
 0 0 0 0 0
 0 0 0 0 0
 0 0 0 0 0
 0.450072 0.473896 0.0757376 0.000293798 0
 0 0 0 0 0
 0.463077 0.371075 0.160297 0.00555027 0
 0.529543 0.364841 0.0842815 0.0213345 0
 0.631943 0.363953 0.00410389 0 0
 0.735681 0.248677 0.0153453 0.000297389 0
 0.695825 0.281241 0.0229344 0 0
 0.275771 0.60734 0.115278 0.00161068 0
 0 0 0 0 0
 0.896147 0.0623911 0.0374545 0.00400742 0
 0.803859 0.145111 0.0509908 3.86294e-05 0
 0.739449 0.233085 0.0266225 0.000797448 4.60066e-05
 0.878498 0.100942 0.0204185 0.000141795 0
 0.694673 0.275183 0.0284847 0.00165964 0
 0.469039 0.446079 0.0841089 0.000773354 0
 0.822795 0.102175 0.0682046 0.00682512 0
ppred_PELACES
 0.800848 0.152049 0.0422235 0.00487679 3.64326e-06
 0.768001 0.195751 0.0280074 0.00738899 0.000851167
 0.705877 0.249904 0.0377027 0.00504032 0.00147658
 0.795528 0.158646 0.0394867 0.00540973 0.0009288
 0.794083 0.166859 0.030491 0.00738392 0.00118301
 0.724573 0.227211 0.0392002 0.00704014 0.00197606
 0.839281 0.122654 0.0316485 0.00522006 0.00119693
 0.679384 0.276919 0.0335796 0.00841396 0.00170272
 0.805792 0.140506 0.0466192 0.0054464 0.00163679
 0.713261 0.237897 0.0356606 0.0114463 0.00173518
 0.521263 0.358309 0.100358 0.0146605 0.00541002
 0.516066 0.274572 0.158066 0.0427638 0.00853228
 0.699492 0.17185 0.0740508 0.0412499 0.0133578
 0.594803 0.308545 0.056403 0.023196 0.0170532
 0.605163 0.261192 0.103123 0.0178395 0.0126823
 0.647206 0.226932 0.0843227 0.0320716 0.00946766
 0.583098 0.27915 0.0891728 0.032559 0.0160204
 0.638916 0.217353 0.0967261 0.0304392 0.0165657
 0.623415 0.246036 0.0789405 0.0347395 0.0168692
 0.732171 0.170744 0.0636566 0.0202189 0.0132095
 0.679505 0.23719 0.0532848 0.0196884 0.0103326
 0.595182 0.277921 0.0940406 0.0210185 0.0118379
 0.698921 0.182239 0.0817569 0.0274852 0.0095988
 0.6927 0.217765 0.0543654 0.0241993 0.0109708
 0.344652 0.459668 0.138977 0.0344362 0.0222661
 0.412016 0.207903 0.267132 0.0802301 0.0327189
pobs_pel_tallas
 0 0 0 0 0 0 0 0 0 0 0 0 0 0 0 0 0 0 0 0 0 0 0 0 0 0 0 0 0 0 0 0 0 0 0 0
 0 0 0 0 0 0 0 0 0 0 0 0 0 0 0 0 0 0 0 0 0 0 0 0 0 0 0 0 0 0 0 0 0 0 0 0
 0 0 0 0 0 0 0 0 0 0 0 0 0 0 0 0 0 0 0 0 0 0 0 0 0 0 0 0 0 0 0 0 0 0 0 0
 0 0 0 0 0 0 0 0 0 0 0 0 0 0 0 0 0 0 0 0 0 0 0 0 0 0 0 0 0 0 0 0 0 0 0 0
 0 0 0 0 0 0 0 0 0 0 0 0 0 0 0 0 0 0 0 0 0 0 0 0 0 0 0 0 0 0 0 0 0 0 0 0
 0 0 0 0 0 0 0 0 0 0 0 0 0 0 0 0 0 0 0 0 0 0 0 0 0 0 0 0 0 0 0 0 0 0 0 0
 0 0 0 0 0 0 0 0 0 0 0 0 0 0 0 0 0 0 0 0 0 0 0 0 0 0 0 0 0 0 0 0 0 0 0 0
 0 0 0 0 0 0 0 0 0 0 0 0 0 0 0 0 0 0 0 0 0 0 0 0 0 0 0 0 0 0 0 0 0 0 0 0
 0 0 0 0 0 0 0 0 0 0 0 0 0 0 0 0 0 0 0 0 0 0 0 0 0 0 0 0 0 0 0 0 0 0 0 0
 0 0 0 0 0 0 0 0 0 0 0 0 0 0 0 0 0 0 0 0 0 0 0 0 0 0 0 0 0 0 0 0 0 0 0 0
 0 0 0 0 0 0 0 0 1.78061e-05 0.00172719 0.00360574 0.0105946 0.0120993 0.0124554 0.0147524 0.0171206 0.0266825 0.0428682 0.0675386 0.121331 0.153587 0.119568 0.100827 0.0573624 0.0630603 0.0341343 0.0324427 0.0444173 0.0211091 0.0280891 0.0125444 0.00206551 0 0 0 0
 0 0 0 0 0 0 0 0 0 0 0 0 0 0 0 0 0 0 0 0 0 0 0 0 0 0 0 0 0 0 0 0 0 0 0 0
 0 0 0 0 0 0 0.0133647 0.0140871 0.0187388 0.0205184 0.03894 0.0496705 0.03968 0.0493445 0.0407372 0.0367815 0.0215668 0.0243155 0.0234873 0.0199281 0.019796 0.0243948 0.0301388 0.0376714 0.0412746 0.0863199 0.0771752 0.113111 0.0741005 0.0525337 0.0229764 0.00759418 0.00175318 0 0 0
 0 0 0 0 0 0 0 0 0 0 0.00219441 0.00772107 0.0458388 0.0604681 0.0671733 0.0775358 0.0609151 0.0617685 0.073594 0.0568108 0.0755445 0.0548602 0.0670107 0.0636378 0.0643287 0.046367 0.0373049 0.0286899 0.0247887 0.0153202 0.00654259 0.00121912 0.000365735 0 0 0
 0 0 0 0 0 0 0 0 0 0 0 0 0.000112435 0.00938835 0.0111873 0.0202946 0.0414886 0.0713402 0.111592 0.104902 0.108894 0.110636 0.117776 0.105296 0.107544 0.0401394 0.0192827 0.0124803 0.00416011 0.0028671 0.000618394 0 0 0 0 0
 0 0 0 0 0 0 0 0 0 0 0.00291406 0.0102884 0.027416 0.0768956 0.0749926 0.110853 0.0956884 0.0897413 0.0766577 0.0534642 0.0500743 0.0551293 0.0594112 0.0620874 0.0668451 0.0424026 0.0208742 0.0120726 0.0048766 0.00582813 0.00118941 0.000297354 0 0 0 0
 0 0.00264628 0.0354308 0.0461629 0.0458689 0.0383711 0.0214643 0.0164657 0.0346957 0.0420465 0.0363128 0.0245516 0.0311673 0.0291091 0.0169068 0.0133784 0.00837989 0.0085269 0.0148486 0.0160247 0.0276389 0.0546898 0.0760071 0.122758 0.109233 0.0665981 0.0333725 0.0166128 0.00676272 0.00308733 0.000882094 0 0 0 0 0
 0 0 0 0 0 0 0 0.000805153 0.000690131 0.00759144 0.0133425 0.0154129 0.00931677 0.000345066 0.00356568 0.00563607 0.00851162 0.0253048 0.0502646 0.0516448 0.0657925 0.0565908 0.0611916 0.0827007 0.0866115 0.110766 0.145733 0.0935128 0.0569358 0.0249597 0.0138026 0.00621118 0.00161031 0.00115022 0 0
 0 0 0 0 0 0 0 0 0 0 0 0 0 0 0 0 0 0 0 0 0 0 0 0 0 0 0 0 0 0 0 0 0 0 0 0
 0.00147267 0.00158595 0.00478618 0.00569244 0.00954404 0.0108468 0.00647125 0.017049 0.0510054 0.094081 0.124002 0.0959785 0.0687766 0.0820023 0.061753 0.0591476 0.0492212 0.0479892 0.0443925 0.0268479 0.0217502 0.0140895 0.0121071 0.0120363 0.00920419 0.00665534 0.0049561 0.00860946 0.00930331 0.0156896 0.0114698 0.00855282 0.00243557 0.00046729 0 2.83206e-05
 0 0 0 0 0.000772559 0.00158375 0.000888443 0.00281984 0.00712685 0.0440552 0.0773331 0.111326 0.0921469 0.0852325 0.0710754 0.0886704 0.0786465 0.0553345 0.0373146 0.0185414 0.00753245 0.00457741 0.012979 0.0271748 0.0457355 0.0583668 0.034881 0.0177882 0.00938659 0.00492506 0.0015258 0.00185414 0.000309023 5.79419e-05 3.86279e-05 0
 0 0.00173294 0.00326652 0 0.00397197 0.00683976 0.00946217 0.0152591 0.00757587 0.0136028 0.0228656 0.0392903 0.0559909 0.0764795 0.0681675 0.0726916 0.0566044 0.0477403 0.0527397 0.0444891 0.0609904 0.0582453 0.0661739 0.0445044 0.0529084 0.0360697 0.0280645 0.0235558 0.0158879 0.00826598 0.00280645 0.00217768 0.000904811 0.00058276 9.20147e-05 0
 0 0 0 0 0 0 0 0 0 0 0 0 0 0 0 0 0 0 0 0 0 0 0 0 0 0 0 0 0 0 0 0 0 0 0 0
 0 0 0 0 0 0 0 0 0 0 0 0 0 0 0 0 0 0 0 0 0 0 0 0 0 0 0 0 0 0 0 0 0 0 0 0
 0 0 0 0 0 0 0 0 0 0 0 0 0 0 0 0 0 0 0 0 0 0 0 0 0 0 0 0 0 0 0 0 0 0 0 0
 0 0 0 0 0 0 0 0 0 0 0 0 0 0 0 0 0 0 0 0 0 0 0 0 0 0 0 0 0 0 0 0 0 0 0 0
ppred_pel_tallas
 1.00817e-16 3.49396e-05 0.000205073 0.000974838 0.0037532 0.011704 0.0295634 0.0604904 0.100269 0.134655 0.146523 0.129224 0.0924602 0.053874 0.0259842 0.0111699 0.00560163 0.00477587 0.005933 0.00786335 0.0100781 0.0122906 0.0142432 0.0156986 0.0164811 0.0165141 0.015835 0.0145798 0.0129448 0.0111384 0.00933954 0.0076733 0.00620615 0.00495655 0.0039127 0.00304951
 1.00756e-16 3.35091e-05 0.000196671 0.000934884 0.00359935 0.0112242 0.0283516 0.0580112 0.0961605 0.129142 0.140536 0.123972 0.0887615 0.051839 0.0252271 0.0112276 0.00618777 0.00580057 0.00741655 0.00985085 0.0125852 0.0152746 0.0175916 0.0192362 0.0199922 0.0197766 0.0186579 0.0168339 0.0145784 0.0121765 0.00986764 0.00781232 0.00608637 0.00469621 0.0036047 0.00275662
 1.00859e-16 3.08024e-05 0.000180775 0.000859302 0.00330833 0.0103167 0.0260592 0.0533213 0.0883885 0.118711 0.129201 0.114013 0.0817189 0.0479027 0.0236415 0.0110827 0.00689951 0.0071551 0.00941572 0.0125636 0.0160585 0.0194879 0.0224388 0.0245279 0.0254787 0.0251849 0.0237341 0.0213791 0.018471 0.0153756 0.0124009 0.00975435 0.00753505 0.00575288 0.00436119 0.00328923
 1.00842e-16 3.47079e-05 0.000203713 0.000968368 0.00372829 0.0116263 0.0293672 0.0600889 0.0996033 0.133762 0.145553 0.128373 0.0918603 0.0535427 0.0258585 0.0111741 0.00568839 0.00492959 0.00615595 0.00816208 0.0104549 0.0127392 0.0147469 0.0162315 0.0170115 0.0170095 0.016268 0.0149322 0.0132102 0.0113217 0.00945415 0.0077373 0.00623828 0.00497302 0.00392535 0.00306532
 1.00797e-16 3.46452e-05 0.000203344 0.000966612 0.00372152 0.0116052 0.0293139 0.05998 0.0994229 0.133521 0.145292 0.128147 0.0917078 0.0534724 0.025859 0.0112325 0.0058014 0.00510287 0.00639836 0.00847911 0.0108434 0.0131837 0.015219 0.0166922 0.0174164 0.0173167 0.0164458 0.0149654 0.0131024 0.0110938 0.00913988 0.00737622 0.00586885 0.00462716 0.0036252 0.00282242
 1.00965e-16 3.16167e-05 0.000185558 0.000882046 0.0033959 0.0105898 0.026749 0.0547325 0.090727 0.121849 0.13261 0.117004 0.0838274 0.0490669 0.0240827 0.0110664 0.00659145 0.00660874 0.00862102 0.0114946 0.0147034 0.0178653 0.0206036 0.0225695 0.0235095 0.0233236 0.0220864 0.0200217 0.0174424 0.0146752 0.0119957 0.00959022 0.00754906 0.00588376 0.00455643 0.00350842
 1.00725e-16 3.66142e-05 0.000214908 0.0010216 0.00393325 0.0122655 0.0309816 0.0633919 0.105077 0.141109 0.153537 0.135388 0.0968238 0.0563219 0.0269874 0.0112965 0.00521893 0.00402266 0.0048135 0.00633738 0.00811421 0.00989276 0.0114618 0.0126302 0.013257 0.0132816 0.0127354 0.011729 0.0104212 0.00897975 0.00754812 0.00622546 0.0050633 0.00407434 0.00324716 0.00256019
 1.00936e-16 2.96483e-05 0.000173997 0.000827073 0.00318423 0.00992967 0.0250817 0.0513214 0.0850745 0.114263 0.124369 0.109769 0.0787218 0.0462355 0.0229853 0.0110536 0.00725381 0.00780686 0.0103697 0.0138503 0.0176944 0.021455 0.0246766 0.0269364 0.0279311 0.0275475 0.025888 0.0232384 0.0199927 0.0165597 0.0132815 0.0103864 0.00798038 0.00606862 0.0045931 0.00346943
 1.00972e-16 3.51547e-05 0.000206337 0.00098085 0.00377635 0.0117762 0.0297458 0.0608634 0.100887 0.135484 0.147422 0.13001 0.0930083 0.0541641 0.0260697 0.0111137 0.0054388 0.00451112 0.00555544 0.00736163 0.00945102 0.0115537 0.0134309 0.0148625 0.0156834 0.0158176 0.0152931 0.0142277 0.0127944 0.0111786 0.00954075 0.00799409 0.00660118 0.00538319 0.00433557 0.00344271
 1.01059e-16 3.11239e-05 0.000182664 0.000868283 0.00334291 0.0104245 0.0263316 0.0538785 0.0893118 0.11995 0.130546 0.115191 0.0825459 0.0483517 0.0237967 0.0110444 0.00672756 0.00686423 0.00899597 0.0120005 0.0153468 0.0186393 0.0214853 0.0235206 0.0244819 0.0242672 0.0229572 0.020789 0.0180921 0.015209 0.0124277 0.00994096 0.00784006 0.00613318 0.00477696 0.00370703
 1.02298e-16 2.27569e-05 0.000133531 0.000634674 0.00244341 0.00761945 0.0192464 0.0393826 0.0652883 0.0877026 0.0954962 0.0843733 0.0607002 0.0360367 0.0186333 0.0101591 0.00824191 0.0100382 0.0137667 0.0185443 0.023827 0.0290842 0.0337367 0.0372304 0.0391516 0.0393183 0.0378156 0.0349592 0.0312054 0.0270381 0.0228721 0.0189955 0.0155607 0.0126092 0.0101137 0.00801858
 1.04202e-16 2.2527e-05 0.000132189 0.00062831 0.00241893 0.00754314 0.0190535 0.0389874 0.0646311 0.0868133 0.0945111 0.0834632 0.0599591 0.0354242 0.0180022 0.00931876 0.00700306 0.00823231 0.0112623 0.0152751 0.0198279 0.0245229 0.0289229 0.0325948 0.0351905 0.0365151 0.0365565 0.0354646 0.0334937 0.0309301 0.0280307 0.0249891 0.0219328 0.0189394 0.0160618 0.0133455
 1.03149e-16 3.05208e-05 0.000179129 0.000851494 0.00327829 0.010223 0.0258225 0.0528365 0.0875828 0.117623 0.128001 0.112915 0.0808487 0.0472253 0.0229981 0.0102686 0.00571786 0.00543605 0.00702814 0.00943845 0.012222 0.0150914 0.0177693 0.0199904 0.0215466 0.0223278 0.0223391 0.0216847 0.0205299 0.0190535 0.0174083 0.0157008 0.0139911 0.0123069 0.0106622 0.00907167
 1.02496e-16 2.59614e-05 0.000152349 0.000724149 0.00278793 0.00869383 0.0219601 0.0449347 0.0744895 0.100053 0.108919 0.0961729 0.0690586 0.0407366 0.0205806 0.0104466 0.00757884 0.00869563 0.0117553 0.0157843 0.0202473 0.0246726 0.0285622 0.0314463 0.0329809 0.0330249 0.0316684 0.029199 0.0260203 0.022552 0.0191449 0.016032 0.013322 0.011025 0.00909324 0.00745924
 1.02755e-16 2.64114e-05 0.000154995 0.000736736 0.00283641 0.00884502 0.022342 0.0457156 0.0757826 0.101786 0.110794 0.0978015 0.0701699 0.0412755 0.0206386 0.0101289 0.00692638 0.0076849 0.0103369 0.0139246 0.0179618 0.0220463 0.0257555 0.0286826 0.030515 0.0310999 0.030471 0.0288239 0.0264551 0.0236846 0.0207898 0.0179684 0.0153328 0.012928 0.0107597 0.00881913
 1.02816e-16 2.82432e-05 0.000165753 0.000787888 0.00303337 0.00945924 0.0238934 0.0488897 0.0810426 0.108846 0.118466 0.104543 0.074939 0.0439449 0.021721 0.0102423 0.00646773 0.0068006 0.00902605 0.012139 0.0156649 0.0192444 0.0225104 0.0251115 0.0267778 0.0273769 0.0269362 0.0256216 0.0236843 0.0213935 0.0189806 0.016608 0.0143653 0.0122866 0.0103757 0.00862795
 1.03225e-16 2.54499e-05 0.000149349 0.00070989 0.00273304 0.00852266 0.0215277 0.0440498 0.073022 0.0980802 0.106767 0.0942623 0.0676641 0.0398692 0.0200606 0.010052 0.00713767 0.0081015 0.0109515 0.0147537 0.0190151 0.0233129 0.027199 0.0302439 0.0321215 0.0326789 0.0319631 0.030193 0.0276925 0.0248052 0.0218236 0.018949 0.016287 0.0138695 0.0116873 0.00971903
 1.03264e-16 2.78814e-05 0.000163629 0.000777794 0.00299451 0.00933805 0.0235873 0.0482633 0.0800041 0.10745 0.116946 0.103199 0.0739701 0.0433655 0.0214141 0.0100644 0.00631405 0.00661355 0.00878037 0.0118295 0.0153033 0.0188593 0.0221478 0.0248308 0.0266443 0.0274513 0.0272639 0.0262238 0.0245534 0.0224943 0.0202562 0.0179881 0.0157767 0.0136619 0.0116599 0.00978186
 1.03183e-16 2.72066e-05 0.000159665 0.000758942 0.00292191 0.00911166 0.0230155 0.0470935 0.078066 0.10485 0.114124 0.100727 0.0722378 0.0424297 0.0210999 0.010163 0.00670209 0.00726086 0.00970664 0.0130605 0.0168411 0.0206666 0.0241414 0.0268879 0.0286185 0.029197 0.0286615 0.0272003 0.0250924 0.0226335 0.0200744 0.0175863 0.0152581 0.0131162 0.0111537 0.0093554
 1.02272e-16 3.19457e-05 0.000187495 0.000891265 0.00343142 0.0107006 0.0270287 0.0553045 0.0916734 0.123115 0.133975 0.118178 0.0846019 0.0493864 0.0239916 0.0106103 0.00576076 0.00534233 0.0068415 0.00914942 0.0118008 0.0145 0.0169667 0.0189364 0.0202062 0.0206769 0.0203689 0.0194067 0.0179779 0.016284 0.0144971 0.0127372 0.0110697 0.00951842 0.00808512 0.00676575
 1.01994e-16 2.96519e-05 0.000174022 0.0008272 0.00318473 0.00993125 0.0250856 0.0513292 0.0850863 0.114276 0.124374 0.109754 0.0786663 0.0461143 0.0227615 0.0106767 0.00666055 0.00692804 0.00914382 0.0122419 0.0157142 0.0191764 0.0222412 0.0245452 0.0258199 0.0259504 0.0249984 0.0231759 0.020785 0.0181423 0.015514 0.0130798 0.0109275 0.00907222 0.00748607 0.00612643
 1.02701e-16 2.59768e-05 0.000152442 0.000724598 0.00278967 0.00869925 0.0219738 0.0449624 0.0745346 0.100111 0.108976 0.0962084 0.0690517 0.0406678 0.0204271 0.0101772 0.00715244 0.00806678 0.0108851 0.014655 0.018877 0.023126 0.0269528 0.029927 0.0317219 0.0321843 0.0313619 0.0294765 0.0268564 0.0238526 0.0207664 0.0178085 0.0150936 0.0126598 0.0105005 0.00859326
 1.02613e-16 3.04964e-05 0.000178985 0.000850804 0.00327563 0.0102147 0.0258016 0.0527937 0.0875123 0.117529 0.127901 0.112833 0.0808027 0.0472241 0.0230453 0.0103705 0.00588766 0.00569229 0.00739032 0.0099208 0.0128272 0.0158051 0.0185575 0.0208001 0.0223107 0.0229741 0.0228 0.0219075 0.0204835 0.0187318 0.0168297 0.0149043 0.0130302 0.0112428 0.00955715 0.00798312
 1.02187e-16 3.02265e-05 0.000177397 0.00084325 0.00324653 0.010124 0.0255724 0.0523251 0.0867364 0.11649 0.126778 0.111862 0.0801482 0.0469245 0.0230527 0.0106317 0.00639034 0.00646403 0.00847314 0.0113426 0.0145785 0.0178229 0.0207208 0.0229384 0.0242271 0.0244769 0.0237373 0.0221943 0.020115 0.0177803 0.0154266 0.0132134 0.0112195 0.00946083 0.00791741 0.00655817
 1.04347e-16 1.506e-05 8.83338e-05 0.000419782 0.00161599 0.00503912 0.0127289 0.026048 0.0431893 0.0580377 0.0632505 0.0560152 0.0405857 0.024672 0.0138185 0.00923512 0.00946056 0.0126951 0.0177803 0.0240577 0.0309819 0.0379147 0.0441253 0.0489069 0.0517255 0.0523378 0.0508354 0.047599 0.0431845 0.0381819 0.0330945 0.0282696 0.0238895 0.0200059 0.0165938 0.0136012
 1.08146e-16 1.79874e-05 0.000105543 0.000501646 0.00193127 0.00602238 0.0152122 0.0311272 0.0516012 0.0693124 0.0754609 0.0666458 0.0478913 0.0283237 0.0144528 0.00759042 0.00586499 0.00705442 0.00980885 0.0135279 0.0179157 0.0227083 0.0275931 0.0322287 0.0362967 0.0395497 0.0418373 0.0431035 0.0433637 0.042675 0.041114 0.0387702 0.035752 0.0321958 0.028271 0.0241723
pSPR Fmed_Fpbrs
0.498039   0.392139 0.392139
Fs Fmed_Fpbrs
0.64   1.005 1.005
SSBpbr Bo_Bmed_Bpbrs
1.42329e+06  637690  486964 486964
Ro
45983.3
SPR SPRFo_SPRFmed_SPRFpbrs
949755 473015 372436
log_Ro
10.556
likeval ReclasPelacesDesembMPH_pf_preclas_ppelaces_ptallas_desvR_qrecl_qpela
 0.00119932 27.2096 0.0119768 16.2634 324.344 202.874 55.8156 0 16.019 4.61414e-05 0 0 0 0 0
q_reclas_q_pelaces
0.381914 1
M
0.7
N
 33558.4 10311.9 3451.5 403.936 0.301978
 35825.5 14685.8 2526.4 675.247 77.8386
 14748.1 15703.9 3631.47 500.331 146.811
 19833.7 5484.99 1549.78 214.23 36.799
 40810 9038.93 1685.8 408.836 65.5064
 39419.8 19987.4 4154.87 756.07 212.367
 92051.3 17255.1 4903.64 814.331 186.789
 74047.7 42819.3 5946.63 1504.37 304.593
 136129 33545 12727.9 1501.11 451.352
 150441 61731.6 10028 3237.07 490.867
 73197.3 70750.6 22617.1 3334.93 1231.27
 47343.7 33237.2 21306.1 5808.17 1159.32
 59808.5 21859.7 10988.4 6187.97 2005
 29689.5 26758.7 6060.34 2530.31 1861.74
 19568.4 12752.9 5907.68 1033.58 735.226
 21015 8720.93 3459.35 1321.83 390.304
 17928.6 9984.14 3382 1239.97 610.252
 22567.1 8556.56 3971.42 1253.5 682.29
 25131.3 10891.9 3623.92 1598.88 776.505
 47373 12176.8 4714.36 1501.39 981.034
 62807.5 22931.2 5242.08 1939.29 1017.83
 62385.9 30823.5 10660.8 2386.42 1344.18
 108781 30524 14089.3 4746.08 1657.68
 156637 52988 13610.1 6070.35 2752.29
 53777 76301 23629.4 5864.86 3792.51
 48867.3 26274.6 34601.5 10410.2 4245.83
pred_Ctot
 2886.76 3910.74 1585.09 187.565 0.140303
 3043.56 5516.27 1150.22 310.859 35.855
 2707.45 9875.71 2572.08 356.644 104.684
 1179.16 1545 541.598 75.8219 13.0329
 403.236 485.482 118.108 29.1094 4.66811
 3384.71 7569.39 1905.66 350.63 98.5435
 4204.08 3877.65 1385.5 233.233 53.537
 4696.75 12729 2185.01 559.67 113.392
 8542.58 9884.08 4638.38 553.907 166.658
 5747.22 11845.9 2437.42 797.982 121.096
 4529.52 20605.8 8153.73 1217.43 449.779
 2400.39 8177.9 6558.79 1811.81 361.896
 4285.42 7178.46 4426.27 2522.46 817.832
 2906.84 11188.9 3037.37 1281.37 943.314
 1452.11 4307.3 2441.84 432.26 307.677
 655.699 1393.59 705.178 273.411 80.7943
 502.974 1447.13 627.339 233.439 114.978
 456.348 913.697 547.151 175.374 95.5357
 439.541 1013.65 436.383 195.556 95.0519
 860.762 1175.05 588.224 190.265 124.425
 530.042 1056.2 315.436 118.608 62.3042
 660.845 1771.29 798.513 181.648 102.403
 1494.72 2255.33 1352.33 462.827 161.789
 2149.85 3910.84 1304.93 591.328 268.333
 623.734 4787.43 1930.38 486.861 315.097
 581.465 1689.84 2896.56 885.515 361.466
F
 0.126407 0.706503 0.931487 0.947365 0.948215
 0.124751 0.697244 0.919279 0.934949 0.935789
 0.289097 1.6158 2.13034 2.16665 2.1686
 0.0858407 0.479773 0.632555 0.643337 0.643915
 0.0138234 0.0772606 0.101864 0.1036 0.103693
 0.126161 0.705125 0.929669 0.945516 0.946365
 0.0653564 0.365284 0.481607 0.489816 0.490256
 0.0918207 0.513196 0.676621 0.688155 0.688773
 0.0908034 0.50751 0.669124 0.68053 0.681141
 0.0544076 0.30409 0.400926 0.40776 0.408127
 0.0894894 0.500165 0.659441 0.670682 0.671284
 0.0727904 0.406833 0.536388 0.545531 0.546021
 0.104288 0.582878 0.768494 0.781593 0.782295
 0.145033 0.810607 1.06874 1.08696 1.08794
 0.108189 0.604681 0.797239 0.810829 0.811557
 0.0442392 0.247258 0.325996 0.331553 0.331851
 0.0396978 0.221875 0.292531 0.297517 0.297784
 0.0284738 0.159143 0.209822 0.213398 0.21359
 0.0245848 0.137407 0.181164 0.184252 0.184417
 0.0255517 0.142811 0.188289 0.191498 0.19167
 0.011796 0.0659289 0.0869237 0.0884054 0.0884848
 0.0148262 0.082865 0.109253 0.111115 0.111215
 0.0192697 0.1077 0.141997 0.144417 0.144547
 0.0192475 0.107576 0.141834 0.144251 0.144381
 0.0162439 0.0907887 0.1197 0.12174 0.12185
 0.0166676 0.0931571 0.122823 0.124916 0.125028
Np
 41345.8 17957.4 5605.03 2199.49 3267.58
YTP_r0W_actual
 39965.8 263914 582441 207738 92146.3
YTP_p0W_proyectada
 30808.8 203854 177985 293729 140829
 30808.8 153387 83924.7 42512.9 70127.5
CTP_r0_actual
 4440.65 10390.3 16499.7 5017.83 2047.69
CTP_p0_proyectada
 3757.16 9437.7 5668.31 7324.92 3164.7
 3757.16 7101.27 2672.76 1060.17 1575.9
Wmedp
 8.2 21.6 31.4 40.1 44.5
nmprior
 10.8 10.6 4.6 0
nm_flota  nm_reclas  nm_pelaces    nm_pelaL
inf 17.4184 17.3897 54.5017
cv_recla  cv_pelaces  cv_mph
1.02122 0.571415 0.548793
 ------------------------------------------------
Talla a la edad & desviaci?n 
 7.2 14.2025 17.0495 18.207 18.6776
 1.08 2.13037 2.55742 2.73105 2.80164
