    unsorted:	 4.062796658e-06 1.724285090e-05 0.002299516469 0.007986027777 18.46151820 16.88822573 15.19145477 9.160555517 32.65318071 55.89872983 71.16175983 143.1294519 138.3609596 192.7963484 209.1066079 296.4941875 363.7463082 420.2224328 479.2908366 522.8808885 657.1058767 695.5488434 742.5281399 788.8449478 922.2685972 1068.974133 1177.890261 1352.830516 1528.061796 1779.686769 1833.262069 2158.750381 2348.925179 2416.216723 2665.512530 2757.306831 3406.607679 3664.274139 4300.831124 4505.995867 6209.192108 17242.21055 196311.4472 404728.9477 396945.2706 424237.1112 354043.0990 446627.3174 274026.7417 493256.8279 514478.6866 578375.3229 616360.7460 656161.6849 818098.7590 864575.6419 990405.9569 1147666.676 1252361.457 1445705.239 1676965.484 1809334.894 1935428.051 2132418.098 2368464.646 2431237.047 2593359.815 31632801.83
      sorted:	 4.062796658e-06 1.724285090e-05 0.002299516469 0.007986027777 9.160555517 15.19145477 16.88822573 18.46151820 32.65318071 55.89872983 71.16175983 138.3609596 143.1294519 192.7963484 209.1066079 296.4941875 363.7463082 420.2224328 479.2908366 522.8808885 657.1058767 695.5488434 742.5281399 788.8449478 922.2685972 1068.974133 1177.890261 1352.830516 1528.061796 1779.686769 1833.262069 2158.750381 2348.925179 2416.216723 2665.512530 2757.306831 3406.607679 3664.274139 4300.831124 4505.995867 6209.192108 17242.21055 196311.4472 274026.7417 354043.0990 396945.2706 404728.9477 424237.1112 446627.3174 493256.8279 514478.6866 578375.3229 616360.7460 656161.6849 818098.7590 864575.6419 990405.9569 1147666.676 1252361.457 1445705.239 1676965.484 1809334.894 1935428.051 2132418.098 2368464.646 2431237.047 2593359.815 31632801.83
