years
 1997 1998 1999 2000 2001 2002 2003 2004 2005 2006 2007 2008 2009 2010 2011 2012 2013 2014 2015 2016 2017 2018 2019 2020
reclasobs
 0 0 0 370054 412103 1.49427e+06 250295 1.28982e+06 931140 785840 897777 1.04006e+06 184774 17550 25797 100020 73551 82996 120727 218422 84188 347160 605670 569463
reclaspred
 426393 97665 157221 82393.8 155150 163077 560839 404143 607088 784052 669916 468548 344285 179786 126134 109240 112142 140506 141766 228975 391435 339520 519243 588416
pelacesobs
 0 0 0 0 0 0 0 0 0 2.06254e+06 1.5e+06 0 1.87456e+06 323000 250000 174000 83755 137374 0 501740 490994 745055 786931 1.00524e+06
pelacespred
 639444 113270 112616 90061.1 157813 110901 625674 431860 651779 830800 635929 467575 349716 153090 107447 100285 107126 133404 136423 215537 419343 358429 448107 569442
mphobs
 0 0 0 0 0 0 112323 0 153150 637223 0 255016 313432 73983 77613 109348 50772 17779 17303 59886 28197 0 207744 136588
mphpred
 437958 222676 189932 113393 123468 229258 367316 604134 564371 812925 1.04488e+06 762601 483856 322235 170187 135352 125619 151860 184811 200981 376600 520107 571499 742705
desembarqueobs
 350755 77701 442110 56441 14545 235359 269955 359681 431902 328805 639364 411747 362871 311530 167758 66681 60226 58785 57116 73181 50977 67692 138656 160484
desembarquepred
 350761 77700.6 442124 56449.5 14545.3 235404 269938 359608 431719 328713 639406 411810 362838 311792 167869 66710.6 60258.2 58790.4 57110 73170.4 50974.8 67686.9 138653 160474
Reclutas
 32505.4 35578.2 12549.7 16010.1 33530.3 30062.8 74962.6 59205 116402 154603 67280.7 44947.7 60896.9 27257.3 15912.3 14935.8 11814.7 13500.9 15346.9 34271.9 49461.1 42548.1 66492 74771.8
log_desv_Rt
 -0.0964317 -0.00610572 -1.04814 -0.804618 -0.0653879 -0.174551 0.739152 0.503168 1.17922 1.46302 0.631035 0.227662 0.531344 -0.272518 -0.810747 -0.874076 -1.1085 -0.975079 -0.846926 -0.0435117 0.323349 0.172797 0.619244 0.736603
SSB
 437958 222676 189932 113393 123468 229258 354926 595413 548559 795314 1.04488e+06 762601 498910 334436 181856 146511 141783 164665 190363 217350 385811 520107 586830 729464
BT
 1.42636e+06 336221 440173 221812 294804 380902 1.31342e+06 1.15863e+06 1.56017e+06 1.79517e+06 1.69799e+06 1.20881e+06 976981 566713 332796 235392 243117 286416 293697 445056 791744 705441 901439 1.15463e+06
Ftot
 0.753093 0.763072 1.84562 0.651262 0.109453 1.06896 0.613052 0.815507 0.872893 0.44816 0.664273 0.597265 0.89989 1.20458 1.01768 0.452591 0.425695 0.333112 0.299301 0.309408 0.117623 0.137654 0.190686 0.209476
BD_Bspro_t
 0.909881 0.614136 0.458769 0.208642 0.323983 0.524059 0.487966 0.571979 0.51509 0.558515 0.594401 0.443823 0.348381 0.295639 0.204911 0.204227 0.26156 0.377307 0.475596 0.568989 0.720039 0.817324 0.807673 0.792926
BD_Bspro
 0.594615 0.302328 0.257871 0.153954 0.167632 0.311264 0.481884 0.808392 0.744779 1.0798 1.41864 1.03538 0.677371 0.454065 0.246907 0.198918 0.192499 0.223565 0.258457 0.295096 0.523816 0.70615 0.79674 0.990394
BD_Bo
 0.445037 0.226276 0.193003 0.115226 0.125464 0.232964 0.360664 0.605038 0.557427 0.80817 1.06177 0.774929 0.506975 0.339843 0.184796 0.148879 0.144075 0.167327 0.193441 0.220863 0.392048 0.528515 0.596317 0.741256
BD_Brms
 1.49845 0.761874 0.649843 0.387969 0.422438 0.784393 1.21436 2.03717 1.87686 2.72112 3.57501 2.6092 1.70699 1.14426 0.622212 0.501279 0.485104 0.563391 0.651318 0.743651 1.32003 1.77952 2.00781 2.49582
S_f
 0.155593 1 1 1 1
 0.155593 1 1 1 1
 0.155593 1 1 1 1
 0.155593 1 1 1 1
 0.155593 1 1 1 1
 0.155593 1 1 1 1
 0.155593 1 1 1 1
 0.155593 1 1 1 1
 0.155593 1 1 1 1
 0.155593 1 1 1 1
 0.155593 1 1 1 1
 0.155593 1 1 1 1
 0.155593 1 1 1 1
 0.155593 1 1 1 1
 0.155593 1 1 1 1
 0.155593 1 1 1 1
 0.155593 1 1 1 1
 0.155593 1 1 1 1
 0.155593 1 1 1 1
 0.155593 1 1 1 1
 0.155593 1 1 1 1
 0.155593 1 1 1 1
 0.155593 1 1 1 1
 0.155593 1 1 1 1
Scru_reclas
 0.975014 1 1 1 1
 0.975014 1 1 1 1
 0.975014 1 1 1 1
 0.975014 1 1 1 1
 0.975014 1 1 1 1
 0.975014 1 1 1 1
 0.975014 1 1 1 1
 0.975014 1 1 1 1
 0.975014 1 1 1 1
 0.975014 1 1 1 1
 0.975014 1 1 1 1
 0.975014 1 1 1 1
 0.975014 1 1 1 1
 0.975014 1 1 1 1
 0.975014 1 1 1 1
 0.975014 1 1 1 1
 0.975014 1 1 1 1
 0.975014 1 1 1 1
 0.975014 1 1 1 1
 0.975014 1 1 1 1
 0.975014 1 1 1 1
 0.975014 1 1 1 1
 0.975014 1 1 1 1
 0.975014 1 1 1 1
Scru_pelaces
 1 1 1 1 1
 1 1 1 1 1
 1 1 1 1 1
 1 1 1 1 1
 1 1 1 1 1
 1 1 1 1 1
 1 1 1 1 1
 1 1 1 1 1
 1 1 1 1 1
 1 1 1 1 1
 1 1 1 1 1
 1 1 1 1 1
 1 1 1 1 1
 1 1 1 1 1
 1 1 1 1 1
 1 1 1 1 1
 1 1 1 1 1
 1 1 1 1 1
 1 1 1 1 1
 1 1 1 1 1
 1 1 1 1 1
 1 1 1 1 1
 1 1 1 1 1
 1 1 1 1 1
pf_obs 
 0.256992 0.487395 0.22802 0.0275931 0
 0.321318 0.546541 0.124235 0.00734118 0.000564706
 0.182869 0.594174 0.210203 0.0122559 0.00049798
 0.330522 0.361315 0.267642 0.0388342 0.00168674
 0.649043 0.306663 0.0425973 0.00169635 0
 0.582887 0.30429 0.105238 0.00758474 0
 0.465427 0.430635 0.0974691 0.00646863 0
 0.296916 0.608066 0.0921331 0.00288517 0
 0.311714 0.524322 0.152257 0.0117073 0
 0.15457 0.633149 0.183074 0.0267441 0.00246327
 0.131901 0.49318 0.331252 0.0422183 0.00144891
 0.196976 0.569456 0.194076 0.0375587 0.00193317
 0.518974 0.381816 0.0799577 0.0180837 0.00116848
 0.0928022 0.601141 0.25162 0.0475244 0.00691264
 0.122501 0.610282 0.24278 0.0234846 0.000952079
 0.383417 0.481906 0.127806 0.00687128 0
 0.0376549 0.599619 0.316969 0.0457579 0
 0.0361596 0.667082 0.258105 0.0386534 0
 0.158088 0.579412 0.248529 0.0139706 0
 0.0477256 0.309471 0.559284 0.082774 0.000745712
 0.0406174 0.521527 0.379366 0.0568643 0.0016247
 0.151134 0.462217 0.34131 0.0453401 0
 0.294876 0.26143 0.354403 0.0886775 0.000613685
 0.281977 0.475581 0.204845 0.0348837 0.00271318
pf_pred 
 0.308559 0.486785 0.182902 0.0217418 1.10688e-05
 0.287986 0.574571 0.0967621 0.0363569 0.00432398
 0.147518 0.675214 0.143049 0.0240905 0.0101282
 0.334028 0.499904 0.131535 0.0278666 0.00666596
 0.381755 0.504888 0.0850904 0.022389 0.0058779
 0.247525 0.607224 0.118619 0.0199912 0.00664105
 0.472997 0.413786 0.0913631 0.0178474 0.00400709
 0.241801 0.672171 0.0675468 0.0149142 0.00356755
 0.415409 0.441596 0.12677 0.0127392 0.00348562
 0.328874 0.588228 0.0626211 0.0179768 0.00230078
 0.127958 0.694815 0.155336 0.0165367 0.00535479
 0.139667 0.488198 0.296505 0.066288 0.00934194
 0.269399 0.426405 0.172617 0.104838 0.0267411
 0.158801 0.66358 0.103665 0.0419654 0.0319886
 0.176927 0.570731 0.19906 0.0310973 0.0221846
 0.22051 0.544841 0.162709 0.0567497 0.0151901
 0.176837 0.571302 0.176044 0.0525729 0.0232445
 0.213555 0.495095 0.202207 0.0623089 0.0268348
 0.219342 0.52476 0.161097 0.0657952 0.0290061
 0.356562 0.434974 0.14013 0.0430188 0.0253154
 0.285225 0.575603 0.0940822 0.0303093 0.0147803
 0.174225 0.603329 0.179135 0.0292795 0.0140324
 0.240855 0.449026 0.22658 0.0672739 0.0162658
 0.212999 0.543645 0.143942 0.0726337 0.02678
pobs_RECLAS
 0 0 0 0 0
 0 0 0 0 0
 0 0 0 0 0
 0 0 0 0 0
 0.835266 0.146461 0.0176864 0.000547809 3.91292e-05
 0.385257 0.428462 0.181853 0.0044286 0
 0.867414 0.0963971 0.0333333 0.00285562 0
 0.441836 0.489002 0.0689373 0.000224442 0
 0.779404 0.147425 0.0564933 0.0165055 0.000172143
 0.814271 0.122319 0.05973 0.00367925 0
 0.40263 0.566651 0.0304383 0.000280538 0
 0.475488 0.404961 0.113038 0.00651328 0
 0.955842 0.0263864 0.0167828 0.000988607 0
 0.975058 0.0227948 0.00214734 0 0
 0.738997 0.206755 0.0527124 0.00153531 0
 0.850938 0.134255 0.0134407 0.00136685 0
 0.542534 0.407297 0.0501686 0 0
 0.764087 0.199537 0.0359546 0.000420521 0
 0.470689 0.182191 0.310203 0.0369168 0
 0.84361 0.089868 0.0606195 0.00523954 0.000663233
 0.607945 0.314616 0.071237 0.00620181 0
 0.523733 0.453247 0.0230204 0 0
 0.530135 0.295979 0.169645 0.0042399 0
 0.562478 0.366248 0.0663022 0.0049721 0
ppred_RECLAS
 0.747845 0.177521 0.0667009 0.0079288 4.03658e-06
 0.729068 0.218633 0.0368195 0.0138344 0.00164534
 0.573829 0.337552 0.0715126 0.0120433 0.00506325
 0.767371 0.174621 0.0459462 0.00973402 0.00232847
 0.795584 0.166935 0.0281342 0.00740267 0.00194346
 0.694112 0.246842 0.0482195 0.0081266 0.00269965
 0.854669 0.114109 0.0251951 0.00492176 0.00110503
 0.680914 0.282881 0.0284269 0.0062766 0.00150139
 0.827163 0.13056 0.0374801 0.00376639 0.00103054
 0.75982 0.210513 0.0224106 0.00643345 0.000823393
 0.491427 0.405214 0.0905917 0.00964414 0.0031229
 0.515058 0.275182 0.16713 0.0373644 0.00526575
 0.713566 0.167173 0.0676747 0.0411019 0.0104839
 0.570098 0.339128 0.0529788 0.0214468 0.0163481
 0.595665 0.280372 0.0977883 0.0152766 0.0108982
 0.646263 0.247252 0.0738383 0.0257534 0.00689334
 0.580589 0.291085 0.0896964 0.0267865 0.0118433
 0.63465 0.230001 0.0939369 0.0289462 0.0124663
 0.641953 0.24068 0.0738868 0.0301768 0.0133036
 0.779675 0.148943 0.0479831 0.0147304 0.00866846
 0.715615 0.229014 0.0374322 0.0120591 0.00588058
 0.571189 0.313298 0.0930216 0.0152044 0.0072868
 0.667735 0.196531 0.09917 0.0294446 0.00711925
 0.631867 0.254299 0.0673316 0.0339757 0.0125268
pobs_PELACES
 0 0 0 0 0
 0 0 0 0 0
 0 0 0 0 0
 0 0 0 0 0
 0 0 0 0 0
 0 0 0 0 0
 0 0 0 0 0
 0 0 0 0 0
 0 0 0 0 0
 0 0 0 0 0
 0.450072 0.473896 0.0757376 0.000293798 0
 0 0 0 0 0
 0.463077 0.371075 0.160297 0.00555027 0
 0.529543 0.364841 0.0842815 0.0213345 0
 0.631943 0.363953 0.00410389 0 0
 0.735681 0.248677 0.0153453 0.000297389 0
 0.695825 0.281241 0.0229344 0 0
 0.275771 0.60734 0.115278 0.00161068 0
 0 0 0 0 0
 0.896147 0.0623911 0.0374545 0.00400742 0
 0.803859 0.145111 0.0509908 3.86294e-05 0
 0.739449 0.233085 0.0266225 0.000797448 4.60066e-05
 0.878498 0.100942 0.0204185 0.000141795 0
 0.694673 0.275183 0.0284847 0.00165964 0
ppred_PELACES
 0.789565 0.148149 0.0556649 0.00661694 3.36871e-06
 0.773439 0.182827 0.0307894 0.0115687 0.00137588
 0.697851 0.239319 0.0507014 0.0085385 0.00358978
 0.802232 0.148452 0.0390608 0.0082753 0.00197953
 0.80451 0.159646 0.0269057 0.00707944 0.0018586
 0.758155 0.195162 0.038124 0.00642516 0.00213443
 0.877378 0.0962789 0.0212582 0.0041527 0.000932362
 0.733123 0.236596 0.0237757 0.00524963 0.00125574
 0.86226 0.104048 0.0298691 0.00300157 0.000821271
 0.786151 0.187434 0.0199537 0.00572815 0.000733125
 0.543914 0.363394 0.0812422 0.00864882 0.0028006
 0.562664 0.248167 0.150723 0.0336964 0.00474881
 0.766532 0.136261 0.0551608 0.0335016 0.00854531
 0.65548 0.271774 0.0424568 0.0171873 0.0131012
 0.667371 0.23065 0.0804462 0.0125674 0.0089655
 0.680065 0.223625 0.0667825 0.0232924 0.00623463
 0.615174 0.267082 0.0822998 0.0245776 0.0108667
 0.66158 0.213047 0.0870127 0.0268125 0.0115474
 0.666535 0.224156 0.068814 0.028105 0.0123902
 0.798234 0.136397 0.0439412 0.0134896 0.00793827
 0.727285 0.219616 0.0358961 0.0115642 0.00563926
 0.586706 0.301961 0.0896555 0.0146542 0.00702312
 0.684903 0.186376 0.0940459 0.0279232 0.0067514
 0.651107 0.241009 0.0638126 0.0322 0.0118721
pobs_pel_tallas
 0 0 0 0 0 0 0 0 0 0 0 0 0 0 0 0 0 0 0 0 0 0 0 0 0 0 0 0 0 0 0 0 0 0 0 0
 0 0 0 0 0 0 0 0 0 0 0 0 0 0 0 0 0 0 0 0 0 0 0 0 0 0 0 0 0 0 0 0 0 0 0 0
 0 0 0 0 0 0 0 0 0 0 0 0 0 0 0 0 0 0 0 0 0 0 0 0 0 0 0 0 0 0 0 0 0 0 0 0
 0 0 0 0 0 0 0 0 0 0 0 0 0 0 0 0 0 0 0 0 0 0 0 0 0 0 0 0 0 0 0 0 0 0 0 0
 0 0 0 0 0 0 0 0 0 0 0 0 0 0 0 0 0 0 0 0 0 0 0 0 0 0 0 0 0 0 0 0 0 0 0 0
 0 0 0 0 0 0 0 0 0 0 0 0 0 0 0 0 0 0 0 0 0 0 0 0 0 0 0 0 0 0 0 0 0 0 0 0
 0 0 0 0 0 0 0 0 0 0 0 0 0 0 0 0 0 0 0 0 0 0 0 0 0 0 0 0 0 0 0 0 0 0 0 0
 0 0 0 0 0 0 0 0 0 0 0 0 0 0 0 0 0 0 0 0 0 0 0 0 0 0 0 0 0 0 0 0 0 0 0 0
 0 0 0 0 0 0 0 0 0 0 0 0 0 0 0 0 0 0 0 0 0 0 0 0 0 0 0 0 0 0 0 0 0 0 0 0
 0 0 0 0 0 0 0 0 0 0 0 0 0 0 0 0 0 0 0 0 0 0 0 0 0 0 0 0 0 0 0 0 0 0 0 0
 0 0 0 0 0 0 0 0 1.78061e-05 0.00172719 0.00360574 0.0105946 0.0120993 0.0124554 0.0147524 0.0171206 0.0266825 0.0428682 0.0675386 0.121331 0.153587 0.119568 0.100827 0.0573624 0.0630603 0.0341343 0.0324427 0.0444173 0.0211091 0.0280891 0.0125444 0.00206551 0 0 0 0
 0 0 0 0 0 0 0 0 0 0 0 0 0 0 0 0 0 0 0 0 0 0 0 0 0 0 0 0 0 0 0 0 0 0 0 0
 0 0 0 0 0 0 0.0133647 0.0140871 0.0187388 0.0205184 0.03894 0.0496705 0.03968 0.0493445 0.0407372 0.0367815 0.0215668 0.0243155 0.0234873 0.0199281 0.019796 0.0243948 0.0301388 0.0376714 0.0412746 0.0863199 0.0771752 0.113111 0.0741005 0.0525337 0.0229764 0.00759418 0.00175318 0 0 0
 0 0 0 0 0 0 0 0 0 0 0.00219441 0.00772107 0.0458388 0.0604681 0.0671733 0.0775358 0.0609151 0.0617685 0.073594 0.0568108 0.0755445 0.0548602 0.0670107 0.0636378 0.0643287 0.046367 0.0373049 0.0286899 0.0247887 0.0153202 0.00654259 0.00121912 0.000365735 0 0 0
 0 0 0 0 0 0 0 0 0 0 0 0 0.000112435 0.00938835 0.0111873 0.0202946 0.0414886 0.0713402 0.111592 0.104902 0.108894 0.110636 0.117776 0.105296 0.107544 0.0401394 0.0192827 0.0124803 0.00416011 0.0028671 0.000618394 0 0 0 0 0
 0 0 0 0 0 0 0 0 0 0 0.00291406 0.0102884 0.027416 0.0768956 0.0749926 0.110853 0.0956884 0.0897413 0.0766577 0.0534642 0.0500743 0.0551293 0.0594112 0.0620874 0.0668451 0.0424026 0.0208742 0.0120726 0.0048766 0.00582813 0.00118941 0.000297354 0 0 0 0
 0 0.00264628 0.0354308 0.0461629 0.0458689 0.0383711 0.0214643 0.0164657 0.0346957 0.0420465 0.0363128 0.0245516 0.0311673 0.0291091 0.0169068 0.0133784 0.00837989 0.0085269 0.0148486 0.0160247 0.0276389 0.0546898 0.0760071 0.122758 0.109233 0.0665981 0.0333725 0.0166128 0.00676272 0.00308733 0.000882094 0 0 0 0 0
 0 0 0 0 0 0 0 0.000805153 0.000690131 0.00759144 0.0133425 0.0154129 0.00931677 0.000345066 0.00356568 0.00563607 0.00851162 0.0253048 0.0502646 0.0516448 0.0657925 0.0565908 0.0611916 0.0827007 0.0866115 0.110766 0.145733 0.0935128 0.0569358 0.0249597 0.0138026 0.00621118 0.00161031 0.00115022 0 0
 0 0 0 0 0 0 0 0 0 0 0 0 0 0 0 0 0 0 0 0 0 0 0 0 0 0 0 0 0 0 0 0 0 0 0 0
 0.00147267 0.00158595 0.00478618 0.00569244 0.00954404 0.0108468 0.00647125 0.017049 0.0510054 0.094081 0.124002 0.0959785 0.0687766 0.0820023 0.061753 0.0591476 0.0492212 0.0479892 0.0443925 0.0268479 0.0217502 0.0140895 0.0121071 0.0120363 0.00920419 0.00665534 0.0049561 0.00860946 0.00930331 0.0156896 0.0114698 0.00855282 0.00243557 0.00046729 0 2.83206e-05
 0 0 0 0 0.000772559 0.00158375 0.000888443 0.00281984 0.00712685 0.0440552 0.0773331 0.111326 0.0921469 0.0852325 0.0710754 0.0886704 0.0786465 0.0553345 0.0373146 0.0185414 0.00753245 0.00457741 0.012979 0.0271748 0.0457355 0.0583668 0.034881 0.0177882 0.00938659 0.00492506 0.0015258 0.00185414 0.000309023 5.79419e-05 3.86279e-05 0
 0 0.00173294 0.00326652 0 0.00397197 0.00683976 0.00946217 0.0152591 0.00757587 0.0136028 0.0228656 0.0392903 0.0559909 0.0764795 0.0681675 0.0726916 0.0566044 0.0477403 0.0527397 0.0444891 0.0609904 0.0582453 0.0661739 0.0445044 0.0529084 0.0360697 0.0280645 0.0235558 0.0158879 0.00826598 0.00280645 0.00217768 0.000904811 0.00058276 9.20147e-05 0
 0 0 0 0 0 0 0 0 0 0 0 0 0 0 0 0 0 0 0 0 0 0 0 0 0 0 0 0 0 0 0 0 0 0 0 0
 0 0 0 0 0 0 0 0 0 0 0 0 0 0 0 0 0 0 0 0 0 0 0 0 0 0 0 0 0 0 0 0 0 0 0 0
ppred_pel_tallas
 1.01067e-16 3.44475e-05 0.000202185 0.000961106 0.00370033 0.0115392 0.0291469 0.0596383 0.098856 0.132758 0.144459 0.127404 0.0911579 0.0531157 0.0256199 0.0110168 0.00553242 0.00472899 0.00588927 0.00782517 0.01006 0.0123161 0.0143432 0.0159079 0.0168335 0.0170361 0.01654 0.0154636 0.0139845 0.0122941 0.0105596 0.00890095 0.007387 0.00604479 0.00487535 0.00386809
 1.00959e-16 3.37457e-05 0.000198061 0.000941496 0.00362481 0.0113036 0.0285521 0.0584215 0.0968401 0.130054 0.141525 0.124836 0.0893636 0.0521569 0.025319 0.0111623 0.00600303 0.00550073 0.0069887 0.00928163 0.0118728 0.0144358 0.0166651 0.01828 0.0190769 0.0189746 0.0180315 0.0164252 0.0144039 0.0122264 0.0101102 0.0082017 0.00657079 0.0052256 0.00413614 0.00325731
 1.01259e-16 3.0452e-05 0.000178719 0.00084953 0.0032707 0.0101994 0.0257628 0.0527148 0.087383 0.11736 0.12773 0.112711 0.0807788 0.0473378 0.0233375 0.0108991 0.00673295 0.00694799 0.00914208 0.012218 0.0156531 0.0190539 0.0220258 0.0242002 0.0253069 0.0252345 0.0240534 0.0219895 0.0193626 0.0165084 0.0137112 0.0111651 0.00896691 0.00713402 0.00563444 0.00441568
 1.0098e-16 3.49998e-05 0.000205427 0.000976521 0.00375968 0.0117242 0.0296145 0.0605948 0.100442 0.134887 0.146774 0.129444 0.0926125 0.053953 0.0260041 0.0111472 0.0055447 0.00468415 0.0058013 0.00768632 0.00985358 0.012022 0.0139406 0.0153787 0.0161657 0.0162272 0.0155998 0.0144154 0.0128637 0.0111454 0.00943181 0.0078412 0.00643502 0.00522865 0.0042092 0.0033523
 1.00765e-16 3.50996e-05 0.000206012 0.000979299 0.00377037 0.0117576 0.0296987 0.0607672 0.100728 0.135272 0.147195 0.12982 0.092893 0.0541389 0.0261353 0.0112738 0.0057084 0.00491448 0.00611675 0.00809388 0.0103456 0.0125728 0.014506 0.0158993 0.0165749 0.0164625 0.0156141 0.0141862 0.0123972 0.0104751 0.00861175 0.00693635 0.00551089 0.0043426 0.00340468 0.00265646
 1.00926e-16 3.30797e-05 0.00019415 0.0009229 0.00355321 0.0110804 0.0279881 0.0572676 0.0949279 0.127487 0.138736 0.122385 0.0876297 0.0511862 0.024925 0.0111204 0.00616862 0.0058206 0.00746316 0.00992836 0.0127052 0.0154521 0.0178434 0.0195783 0.0204375 0.0203322 0.0193227 0.017597 0.0154194 0.0130667 0.0107734 0.00869867 0.00692117 0.00545343 0.00426665 0.0033147
 1.0052e-16 3.82744e-05 0.000224657 0.00106795 0.00411173 0.0128221 0.0323875 0.0662682 0.109844 0.147507 0.160491 0.141501 0.101154 0.0587577 0.0279982 0.0114494 0.00488284 0.00334035 0.00379399 0.00494394 0.00631558 0.00768828 0.00889192 0.00977643 0.0102325 0.0102147 0.00975044 0.00892975 0.00788028 0.00673626 0.00561162 0.0045843 0.00369355 0.00294703 0.00233278 0.0018307
 1.00654e-16 3.19899e-05 0.000187748 0.000892455 0.00343598 0.0107148 0.0270647 0.0553785 0.0917979 0.123288 0.134177 0.118389 0.0848252 0.0496619 0.0243947 0.0112421 0.00673732 0.0067822 0.00884589 0.011774 0.0150237 0.0181959 0.0208979 0.0227687 0.0235508 0.0231509 0.0216612 0.0193314 0.0165039 0.013533 0.0107148 0.00824599 0.00621624 0.00462728 0.00342508 0.00253218
 1.006e-16 3.76155e-05 0.000220788 0.00104956 0.0040409 0.0126012 0.0318296 0.0651268 0.107952 0.144968 0.15773 0.139074 0.0994317 0.0577831 0.027583 0.0113654 0.00497992 0.00355793 0.00412537 0.00540254 0.00691583 0.00843653 0.00978233 0.01079 0.0113389 0.0113759 0.0109259 0.0100809 0.00897408 0.00774711 0.00652168 0.00538288 0.00437616 0.00351452 0.00279053 0.0021879
 1.00576e-16 3.43001e-05 0.000201316 0.000956968 0.00368439 0.0114894 0.0290214 0.0593816 0.0984317 0.132191 0.143851 0.126887 0.0908318 0.053013 0.0257325 0.0113401 0.00608967 0.00556711 0.00705824 0.00935349 0.0119323 0.0144575 0.0166142 0.0181159 0.0187581 0.0184658 0.0173107 0.0154888 0.0132696 0.0109317 0.00870823 0.00675418 0.00514047 0.00386907 0.00289842 0.00216885
 1.017e-16 2.37448e-05 0.00013933 0.000662244 0.00254956 0.00795047 0.0200825 0.0410934 0.0681241 0.0915107 0.0996394 0.0880261 0.0633109 0.0375518 0.0193519 0.0104454 0.00834859 0.0100858 0.0137917 0.0185423 0.0237723 0.0289372 0.0334465 0.0367406 0.0384074 0.0382762 0.0364526 0.0332796 0.0292439 0.0248575 0.0205562 0.0166392 0.0132585 0.010445 0.00815307 0.00630425
 1.03601e-16 2.45578e-05 0.000144114 0.000685009 0.00263725 0.00822395 0.0207732 0.0425057 0.0704619 0.0946404 0.103019 0.0909459 0.0652671 0.0384245 0.0192756 0.00956779 0.00668999 0.00754429 0.0102223 0.0138466 0.0179746 0.022236 0.0262326 0.0295703 0.0319314 0.0331361 0.0331698 0.0321648 0.0303498 0.0279842 0.0253034 0.0224876 0.0196586 0.0168936 0.014246 0.0117615
 1.02378e-16 3.34426e-05 0.000196286 0.000933067 0.00359238 0.0112025 0.0282966 0.0578983 0.0959717 0.128884 0.140242 0.123682 0.0884887 0.0515479 0.0248409 0.0106444 0.00529441 0.0044849 0.00558367 0.00744761 0.0096289 0.0118766 0.0139664 0.0156876 0.0168763 0.0174475 0.017408 0.0168441 0.0158907 0.0146926 0.0133736 0.0120194 0.0106772 0.00936756 0.00809884 0.00687961
 1.01895e-16 2.86057e-05 0.000167877 0.000797978 0.00307221 0.00958034 0.0241993 0.049516 0.0820818 0.110245 0.119997 0.105914 0.0759656 0.0446344 0.0222228 0.0107441 0.0071287 0.00773592 0.0103104 0.0138025 0.0176796 0.0215104 0.0248521 0.0272914 0.0285276 0.0284416 0.0271202 0.0248258 0.0219235 0.0187922 0.0157478 0.0129993 0.0106428 0.00868376 0.00707357 0.00574443
 1.02068e-16 2.91227e-05 0.000170915 0.000812431 0.00312786 0.00975392 0.0246377 0.0504127 0.083567 0.112236 0.122154 0.107794 0.077263 0.0452938 0.0223611 0.0104983 0.00656546 0.00684901 0.00906038 0.012159 0.0156528 0.0191699 0.0223333 0.0247841 0.0262504 0.0266043 0.0258856 0.0242795 0.0220603 0.0195222 0.0169189 0.0144291 0.0121513 0.0101196 0.00833004 0.00676328
 1.02113e-16 2.96758e-05 0.000174164 0.000827876 0.00318734 0.00993938 0.0251062 0.0513711 0.0851554 0.114368 0.124471 0.109832 0.078708 0.0461092 0.0227045 0.0105598 0.00646925 0.00664359 0.00874874 0.0117273 0.0150868 0.0184635 0.0214923 0.023828 0.0252105 0.0255209 0.0248033 0.0232415 0.021105 0.0186793 0.0162081 0.0138597 0.0117227 0.00982243 0.00814791 0.00667529
 1.02608e-16 2.68481e-05 0.000157558 0.000748923 0.00288333 0.00899134 0.0227115 0.0464719 0.0770362 0.103469 0.112626 0.0994186 0.0713288 0.0419547 0.0209728 0.0102826 0.0070152 0.00776588 0.0104285 0.0140242 0.018053 0.0221015 0.0257375 0.028549 0.030225 0.0306223 0.0297918 0.0279514 0.0254209 0.0225397 0.0195977 0.0167953 0.0142382 0.0119577 0.00994158 0.00816286
 1.02766e-16 2.88694e-05 0.00016943 0.000805374 0.0031007 0.00966922 0.0244237 0.0499747 0.0828407 0.111259 0.121088 0.106846 0.0765665 0.0448521 0.0220817 0.0102656 0.0062874 0.00646462 0.00853309 0.0114732 0.0148173 0.0182232 0.0213456 0.0238533 0.02549 0.0261272 0.0257849 0.0246129 0.0228407 0.0207165 0.018455 0.0162083 0.0140629 0.0120553 0.0101948 0.00848278
 1.02595e-16 2.90859e-05 0.0001707 0.000811409 0.00312393 0.00974166 0.0246067 0.0503493 0.0834617 0.112094 0.121998 0.107653 0.0771538 0.0452139 0.0222921 0.0104164 0.00644819 0.00667688 0.00881716 0.0118333 0.0152412 0.0186804 0.0217876 0.0242177 0.02571 0.026143 0.0255558 0.0241262 0.0221152 0.0197995 0.017414 0.0151194 0.0129991 0.0110769 0.00934338 0.0077798
 1.01503e-16 3.4825e-05 0.000204402 0.00097165 0.00374093 0.0116658 0.0294667 0.0602925 0.0999401 0.134212 0.146038 0.128789 0.0921317 0.0536483 0.0258115 0.0109871 0.00535349 0.00441977 0.00543842 0.00721399 0.00927746 0.0113681 0.0132567 0.0147316 0.0156332 0.0158871 0.0155166 0.01463 0.0133867 0.0119562 0.0104833 0.00906755 0.00776188 0.00658231 0.00552416 0.00457626
 1.01243e-16 3.17346e-05 0.000186251 0.000885342 0.0034086 0.0106294 0.026849 0.054937 0.0910658 0.122303 0.133102 0.117434 0.084125 0.0492204 0.0241195 0.0110187 0.00647495 0.00642213 0.00835414 0.0111375 0.0142531 0.0173302 0.020006 0.0219445 0.0229018 0.0227812 0.021654 0.0197338 0.0173191 0.0147206 0.0121985 0.00992717 0.00798878 0.00639109 0.00509628 0.00404887
 1.02203e-16 2.56082e-05 0.000150276 0.000714293 0.00274998 0.0085755 0.0216612 0.0443231 0.0734756 0.0986912 0.107437 0.0948645 0.0681201 0.0401854 0.0203072 0.0103179 0.00750174 0.0086254 0.0116801 0.0157117 0.0201983 0.0246793 0.0286648 0.0316873 0.0333964 0.0336349 0.0324691 0.0301583 0.0270795 0.0236333 0.0201633 0.016909 0.0139978 0.0114665 0.00929684 0.00744782
 1.02671e-16 2.98854e-05 0.000175397 0.000833747 0.00320995 0.0100099 0.0252843 0.0517353 0.085758 0.115174 0.12534 0.110579 0.0792004 0.0463112 0.0226442 0.010266 0.00593617 0.00583319 0.00761383 0.010238 0.0132538 0.016354 0.0192349 0.0216038 0.0232294 0.0239876 0.0238808 0.0230229 0.0215982 0.0198102 0.0178386 0.0158156 0.013823 0.0119048 0.0100855 0.00838376
 1.02646e-16 2.84138e-05 0.000166753 0.000792641 0.00305166 0.00951629 0.0240375 0.0491847 0.0815319 0.109504 0.119184 0.105183 0.0754101 0.0442461 0.0219155 0.0104087 0.00666891 0.00707742 0.00940144 0.0126194 0.0162376 0.019874 0.0231387 0.0256629 0.0271697 0.0275343 0.0268068 0.0251865 0.0229624 0.0204385 0.017871 0.0154328 0.0132104 0.0112231 0.0094527 0.00787073
pSPR Fmed_Fpbrs
0.452929   0.346999 0.346999
Fs Fmed_Fpbrs
0.64   1.005 1.005
SSBpbr Bo_Bmed_Bpbrs
984092  396520  292274 292274
Ro
35796.1
SPR SPRFo_SPRFmed_SPRFpbrs
736539 333600 255578
log_Ro
10.3056
likeval ReclasPelacesDesembMPH_pf_preclas_ppelaces_ptallas_desvR_qrecl_qpela
 0.00111087 44.0681 0.0104246 60.9732 301.379 175.356 46.5562 0 17.0941 1.84157e-05 0 0 0 0 0
q_reclas_q_pelaces
0.544383 1
M
0.7
N
 32505.4 10339.3 3884.85 461.796 0.235102
 35578.2 14356.9 2417.81 908.456 108.044
 12549.7 15689.7 3323.96 559.781 235.344
 16010.1 4676.39 1230.46 260.68 62.3573
 33530.3 7184.23 1210.78 318.581 83.6387
 30062.8 16369.5 3197.71 538.92 179.029
 74962.6 12641.2 2791.16 545.241 122.417
 59205 33838.6 3400.46 750.816 179.599
 116402 25896.8 7434.23 747.07 204.409
 154603 50462.8 5372.13 1542.19 197.379
 67280.7 71602.6 16007.8 1704.15 551.826
 44947.7 30129.9 18299.2 4091.06 576.551
 60896.9 20339.6 8233.84 5000.78 1275.56
 27257.3 26289.4 4106.94 1662.57 1267.31
 15912.3 11222.2 3914.09 611.461 436.214
 14935.8 6744.63 2014.19 702.509 188.039
 11814.7 6912.57 2130.07 636.115 281.25
 13500.9 5490.98 2242.62 691.053 297.618
 15346.9 6365.73 1954.23 798.145 351.866
 34271.9 7274.27 2343.46 719.422 423.361
 49461.1 16219 2650.99 854.038 416.47
 42548.1 24116.2 7160.37 1170.36 560.904
 66492 20681 10435.7 3098.47 749.16
 74771.8 32053.7 8486.96 4282.54 1578.97
pred_Ctot
 2602.35 4105.48 1542.57 183.367 0.0933528
 2884.15 5754.27 969.063 364.111 43.3043
 2290.33 10483.2 2220.94 374.022 157.247
 1116.07 1670.31 439.492 93.1093 22.2727
 407.586 539.051 90.848 23.904 6.27563
 3344.72 8205.23 1602.86 270.134 89.7383
 4931.8 4314.43 952.618 186.09 41.7808
 5111.21 14208.4 1427.81 315.258 75.4112
 10714.9 11390.4 3269.85 328.589 89.9066
 7519.11 13448.8 1431.72 411.006 52.6031
 4779.67 25953.7 5802.35 617.702 200.02
 2884.04 10081 6122.64 1368.81 192.905
 5768.5 9130.38 3696.14 2244.83 572.593
 3386.62 14151.6 2210.77 894.961 682.194
 1691.21 5455.51 1902.77 297.253 212.059
 733.364 1812.01 541.132 188.736 50.5186
 546.635 1765.99 544.182 162.512 71.8527
 491.89 1140.37 465.751 143.519 61.8097
 503.551 1204.71 369.836 151.049 66.5905
 1161.68 1417.15 456.544 140.155 82.4776
 645.753 1303.17 213.003 68.6206 33.4627
 649.208 2248.17 667.505 109.103 52.2886
 1400.32 2610.62 1317.32 391.127 94.5683
 1727.63 4409.49 1167.51 589.13 217.212
F
 0.117176 0.753093 0.753093 0.753093 0.753093
 0.118729 0.763072 0.763072 0.763072 0.763072
 0.287166 1.84562 1.84562 1.84562 1.84562
 0.101332 0.651262 0.651262 0.651262 0.651262
 0.0170302 0.109453 0.109453 0.109453 0.109453
 0.166324 1.06896 1.06896 1.06896 1.06896
 0.0953869 0.613052 0.613052 0.613052 0.613052
 0.126888 0.815507 0.815507 0.815507 0.815507
 0.135816 0.872893 0.872893 0.872893 0.872893
 0.0697307 0.44816 0.44816 0.44816 0.44816
 0.103357 0.664273 0.664273 0.664273 0.664273
 0.0929305 0.597265 0.597265 0.597265 0.597265
 0.140017 0.89989 0.89989 0.89989 0.89989
 0.187425 1.20458 1.20458 1.20458 1.20458
 0.158344 1.01768 1.01768 1.01768 1.01768
 0.0704203 0.452591 0.452591 0.452591 0.452591
 0.0662353 0.425695 0.425695 0.425695 0.425695
 0.05183 0.333112 0.333112 0.333112 0.333112
 0.0465693 0.299301 0.299301 0.299301 0.299301
 0.0481419 0.309408 0.309408 0.309408 0.309408
 0.0183013 0.117623 0.117623 0.117623 0.117623
 0.0214181 0.137654 0.137654 0.137654 0.137654
 0.0296695 0.190686 0.190686 0.190686 0.190686
 0.0325931 0.209476 0.209476 0.209476 0.209476
Np
 29944.6 12717.5 6532.88 2346.53 734.232
YTP_r0W_actual
 62837.2 293730 112564 74356.6 33507.5
YTP_p0W_proyectada
 25794.2 374409 195498 66104.6 51924.5
 25794.2 132486 98935 45382.2 15758.3
CTP_r0_actual
 7854.65 15459.5 4093.25 2065.46 761.533
CTP_p0_proyectada
 3145.63 17333.7 6226.06 1648.49 1166.84
 3145.63 6133.62 3150.8 1131.73 354.119
Wmedp
 8.2 21.6 31.4 40.1 44.5
nmprior
 10.8 10.6 4.6 0
nm_flota  nm_reclas  nm_pelaces    nm_pelaL
inf 20.056 18.6143 33.4053
cv_recla  cv_pelaces  cv_mph
1.02858 0.781136 1.10429
 ------------------------------------------------
Talla a la edad & desviaci?n 
 7.2 14.2025 17.0495 18.207 18.6776
 1.08 2.13037 2.55742 2.73105 2.80164
