years
 1997 1998 1999 2000 2001 2002 2003 2004 2005 2006 2007 2008 2009 2010 2011 2012 2013 2014 2015 2016 2017 2018 2019 2020 2021 2022
reclasobs
 0 0 0 370054 412103 1.49427e+06 250295 1.28982e+06 931140 785840 897777 1.04006e+06 184774 17550 25797 100020 73551 82996 120727 218422 84188 347160 605670 569463 516374 1.08416e+06
reclaspred
 448449 105012 158116 84070.5 172755 198871 662247 492340 644834 746064 634570 448251 321398 160521 99038.9 84555.5 87005.3 113032 123299 177653 277962 249916 405405 539922 639096 505146
pelacesobs
 0 0 0 0 0 0 0 0 0 2.06254e+06 1.5e+06 0 1.87456e+06 323000 250000 174000 83755 137374 0 501740 490994 745055 786931 1.00524e+06 1.33801e+06 1.41789e+06
pelacespred
 1.74807e+06 284559 278974 224039 443330 324136 1.89655e+06 1.30248e+06 1.75182e+06 1.94554e+06 1.39587e+06 1.0509e+06 790535 309606 193735 174842 187555 253312 267092 393510 712641 591037 792408 1.19279e+06 1.33215e+06 1.15673e+06
mphobs
 0 0 0 0 0 0 112323 0 153150 637223 0 255016 313432 73983 77613 109348 50772 17779 17303 59886 28197 0 207744 136588 643089 65757
mphpred
 188101 96770.1 80946.1 45517 54534.6 109517 185198 308636 275501 354345 393909 274498 176541 124098 57909.1 42322.5 38670.2 48193.2 34786.9 38660.3 65637.1 84545.2 95012.5 137590 183535 165530
desembarqueobs
 350755 77701 442110 56441 14545 235359 269955 359681 431902 328805 639364 411747 362871 311530 167758 66681 60226 58785 57116 73181 50977 67692 138656 160484 209506 203330
desembarquepred
 350761 77698.3 442093 56450.3 14545.3 235385 269952 359626 431772 328748 639216 411671 362776 311697 167818 66707.4 60256.3 58779.2 57097.5 73171.1 50976.9 67685.2 138656 160481 209503 203326
Reclutas
 32213.8 34673.1 11356.7 15769.6 34801.8 31732.6 78342.5 59130.7 104350 120040 63518.1 49196.4 58194.4 25402.8 13323.3 12220.3 9202.78 11505.8 13099.6 22048.9 29193 30853.9 53097.6 74249 25470.9 23923.6
log_desv_Rt
 0.0358003 0.109371 -1.00678 -0.678509 0.113075 0.0207497 0.924497 0.643156 1.21116 1.35123 0.714731 0.459227 0.627195 -0.201734 -0.847082 -0.933499 -1.21709 -0.993745 -0.864011 -0.343333 -0.0626638 -0.00733114 0.535538 0.870831 -0.199056 -0.261726
SSB
 392965 202164 169106 95090.3 113929 228793 373723 635582 558712 723098 822923 573459 382796 256222 124825 92182.8 88721.9 104701 130094 153010 243616 305606 354088 487442 716438 669109
BT
 1.3719e+06 314106 408439 201006 290060 386319 1.37692e+06 1.20671e+06 1.49034e+06 1.53069e+06 1.43941e+06 1.0298e+06 840949 480854 259267 164840 168430 206360 216412 306295 488798 435836 596921 882693 999567 908046
Ftot
 1.21362 1.21374 3.02904 1.11858 0.170594 1.51052 0.83755 1.11905 1.224 0.736671 1.21378 1.0612 1.60762 2.32957 2.23047 1.05329 0.967004 0.729354 0.598598 0.606016 0.265458 0.314784 0.409741 0.414261 0.342617 0.364058
BD_Bspro_t
 0.89358 0.59001 0.425549 0.182916 0.30933 0.524548 0.501902 0.589349 0.519073 0.537763 0.538367 0.381247 0.295504 0.244626 0.150021 0.138301 0.180014 0.275176 0.37903 0.477496 0.618093 0.725319 0.718909 0.722032 0.741689 0.667113
BD_Bspro
 0.612137 0.314919 0.263423 0.148126 0.177472 0.3564 0.582163 0.990072 0.870327 1.1264 1.2819 0.8933 0.596297 0.399128 0.194445 0.143597 0.138206 0.163096 0.202653 0.238349 0.379491 0.476054 0.551577 0.759307 1.11602 1.0423
BD_Bo
 0.543985 0.279858 0.234095 0.131635 0.157713 0.316721 0.517349 0.879843 0.77343 1.00099 1.13918 0.793846 0.529909 0.354691 0.172797 0.12761 0.122819 0.144938 0.180091 0.211813 0.337241 0.423053 0.490168 0.67477 0.991773 0.926254
BD_Brms
 1.44343 0.742583 0.621155 0.349283 0.418481 0.840396 1.37275 2.3346 2.05224 2.65606 3.02273 2.10641 1.40608 0.941148 0.458505 0.338603 0.325891 0.384583 0.477858 0.56203 0.894844 1.12254 1.30063 1.79046 2.6316 2.45775
S_f
 0.0874629 0.645525 0.97191 0.998481 0.99992
 0.0874629 0.645525 0.97191 0.998481 0.99992
 0.0874629 0.645525 0.97191 0.998481 0.99992
 0.0874629 0.645525 0.97191 0.998481 0.99992
 0.0874629 0.645525 0.97191 0.998481 0.99992
 0.0874629 0.645525 0.97191 0.998481 0.99992
 0.0874629 0.645525 0.97191 0.998481 0.99992
 0.0874629 0.645525 0.97191 0.998481 0.99992
 0.0874629 0.645525 0.97191 0.998481 0.99992
 0.0874629 0.645525 0.97191 0.998481 0.99992
 0.0874629 0.645525 0.97191 0.998481 0.99992
 0.0874629 0.645525 0.97191 0.998481 0.99992
 0.0874629 0.645525 0.97191 0.998481 0.99992
 0.0874629 0.645525 0.97191 0.998481 0.99992
 0.0874629 0.645525 0.97191 0.998481 0.99992
 0.0874629 0.645525 0.97191 0.998481 0.99992
 0.0874629 0.645525 0.97191 0.998481 0.99992
 0.0874629 0.645525 0.97191 0.998481 0.99992
 0.0874629 0.645525 0.97191 0.998481 0.99992
 0.0874629 0.645525 0.97191 0.998481 0.99992
 0.0874629 0.645525 0.97191 0.998481 0.99992
 0.0874629 0.645525 0.97191 0.998481 0.99992
 0.0874629 0.645525 0.97191 0.998481 0.99992
 0.0874629 0.645525 0.97191 0.998481 0.99992
 0.0874629 0.645525 0.97191 0.998481 0.99992
 0.0874629 0.645525 0.97191 0.998481 0.99992
Scru_reclas
 0.783254 0.999992 1 1 1
 0.783254 0.999992 1 1 1
 0.783254 0.999992 1 1 1
 0.783254 0.999992 1 1 1
 0.783254 0.999992 1 1 1
 0.783254 0.999992 1 1 1
 0.783254 0.999992 1 1 1
 0.783254 0.999992 1 1 1
 0.783254 0.999992 1 1 1
 0.783254 0.999992 1 1 1
 0.783254 0.999992 1 1 1
 0.783254 0.999992 1 1 1
 0.783254 0.999992 1 1 1
 0.783254 0.999992 1 1 1
 0.783254 0.999992 1 1 1
 0.783254 0.999992 1 1 1
 0.783254 0.999992 1 1 1
 0.783254 0.999992 1 1 1
 0.783254 0.999992 1 1 1
 0.783254 0.999992 1 1 1
 0.783254 0.999992 1 1 1
 0.783254 0.999992 1 1 1
 0.783254 0.999992 1 1 1
 0.783254 0.999992 1 1 1
 0.783254 0.999992 1 1 1
 0.783254 0.999992 1 1 1
Scru_pelaces
 1 1 1 1 1
 1 1 1 1 1
 1 1 1 1 1
 1 1 1 1 1
 1 1 1 1 1
 1 1 1 1 1
 1 1 1 1 1
 1 1 1 1 1
 1 1 1 1 1
 1 1 1 1 1
 1 1 1 1 1
 1 1 1 1 1
 1 1 1 1 1
 1 1 1 1 1
 1 1 1 1 1
 1 1 1 1 1
 1 1 1 1 1
 1 1 1 1 1
 1 1 1 1 1
 1 1 1 1 1
 1 1 1 1 1
 1 1 1 1 1
 1 1 1 1 1
 1 1 1 1 1
 1 1 1 1 1
 1 1 1 1 1
pf_obs 
 0.256992 0.487395 0.22802 0.0275931 0
 0.321318 0.546541 0.124235 0.00734118 0.000564706
 0.182869 0.594174 0.210203 0.0122559 0.00049798
 0.330522 0.361315 0.267642 0.0388342 0.00168674
 0.649043 0.306663 0.0425973 0.00169635 0
 0.582887 0.30429 0.105238 0.00758474 0
 0.465427 0.430635 0.0974691 0.00646863 0
 0.296916 0.608066 0.0921331 0.00288517 0
 0.311714 0.524322 0.152257 0.0117073 0
 0.15457 0.633149 0.183074 0.0267441 0.00246327
 0.131901 0.49318 0.331252 0.0422183 0.00144891
 0.196976 0.569456 0.194076 0.0375587 0.00193317
 0.518974 0.381816 0.0799577 0.0180837 0.00116848
 0.0928022 0.601141 0.25162 0.0475244 0.00691264
 0.122501 0.610282 0.24278 0.0234846 0.000952079
 0.383417 0.481906 0.127806 0.00687128 0
 0.0376549 0.599619 0.316969 0.0457579 0
 0.0361596 0.667082 0.258105 0.0386534 0
 0.158088 0.579412 0.248529 0.0139706 0
 0.0477256 0.309471 0.559284 0.082774 0.000745712
 0.0406174 0.521527 0.379366 0.0568643 0.0016247
 0.151134 0.462217 0.34131 0.0453401 0
 0.294876 0.26143 0.354403 0.0886775 0.000613685
 0.281977 0.475581 0.204845 0.0348837 0.00271318
 0.0841818 0.532909 0.334909 0.0458182 0.00218182
 0.115287 0.27431 0.454777 0.147771 0.00785563
pf_pred 
 0.285579 0.486364 0.203605 0.0244389 1.3425e-05
 0.255972 0.595064 0.11966 0.0262919 0.00301235
 0.125087 0.687035 0.166399 0.0174138 0.00406555
 0.319179 0.500588 0.165482 0.0131908 0.00155972
 0.354948 0.512753 0.110781 0.0198281 0.00168964
 0.217044 0.614298 0.144456 0.0203596 0.00384169
 0.408239 0.436889 0.1366 0.0157681 0.00250457
 0.195918 0.684656 0.099393 0.0177521 0.00228097
 0.323536 0.461565 0.196641 0.0153093 0.00294829
 0.254022 0.611728 0.107941 0.0241699 0.00214002
 0.128356 0.63282 0.211898 0.0218103 0.00511612
 0.149344 0.498186 0.294397 0.0517961 0.00627647
 0.245349 0.485754 0.194753 0.0623763 0.0117682
 0.153335 0.685895 0.127685 0.0243262 0.00875862
 0.172037 0.611928 0.197939 0.0145803 0.00351563
 0.224697 0.580067 0.170726 0.0225828 0.00192675
 0.168428 0.597948 0.197559 0.0317097 0.00435592
 0.217576 0.493861 0.237257 0.0436655 0.00764012
 0.20795 0.545021 0.184239 0.0519708 0.0108184
 0.269028 0.481616 0.19618 0.0400181 0.0131583
 0.227457 0.559926 0.162223 0.0399487 0.0104463
 0.17043 0.535175 0.236668 0.044357 0.0133704
 0.234285 0.439949 0.241306 0.0683076 0.0161522
 0.229721 0.525949 0.167201 0.0576107 0.0195187
 0.0655192 0.621571 0.242788 0.048478 0.0216436
 0.0831628 0.288506 0.476585 0.118567 0.033179
pobs_RECLAS
 0 0 0 0 0
 0 0 0 0 0
 0 0 0 0 0
 0 0 0 0 0
 0.835266 0.146461 0.0176864 0.000547809 3.91292e-05
 0.385257 0.428462 0.181853 0.0044286 0
 0.867414 0.0963971 0.0333333 0.00285562 0
 0.441836 0.489002 0.0689373 0.000224442 0
 0.779404 0.147425 0.0564933 0.0165055 0.000172143
 0.814271 0.122319 0.05973 0.00367925 0
 0.40263 0.566651 0.0304383 0.000280538 0
 0.475488 0.404961 0.113038 0.00651328 0
 0.955842 0.0263864 0.0167828 0.000988607 0
 0.975058 0.0227948 0.00214734 0 0
 0.738997 0.206755 0.0527124 0.00153531 0
 0.850938 0.134255 0.0134407 0.00136685 0
 0.542534 0.407297 0.0501686 0 0
 0.764087 0.199537 0.0359546 0.000420521 0
 0.470689 0.182191 0.310203 0.0369168 0
 0.84361 0.089868 0.0606195 0.00523954 0.000663233
 0.607945 0.314616 0.071237 0.00620181 0
 0.523733 0.453247 0.0230204 0 0
 0.530135 0.295979 0.169645 0.0042399 0
 0.562478 0.366248 0.0663022 0.0049721 0
 0.250443 0.683176 0.0655157 0.000865301 0
 0.195077 0.31981 0.436473 0.0351445 0.0134964
ppred_RECLAS
 0.736378 0.203669 0.053705 0.00624457 3.42451e-06
 0.696043 0.262779 0.0332838 0.00708439 0.000810303
 0.538934 0.402897 0.0517959 0.00516933 0.00120379
 0.760597 0.195014 0.0408595 0.00315687 0.000372656
 0.774824 0.192464 0.0275124 0.0047917 0.000407726
 0.655679 0.294678 0.0427242 0.00582163 0.0010965
 0.82057 0.146163 0.029444 0.00329937 0.000523232
 0.611953 0.349598 0.0321658 0.00556843 0.000714293
 0.769717 0.178199 0.0477868 0.00360377 0.000692838
 0.684861 0.276117 0.0315531 0.00686184 0.000606602
 0.502435 0.402278 0.0848458 0.00845981 0.00198107
 0.557853 0.3054 0.114795 0.0195829 0.00236906
 0.705941 0.220184 0.0540141 0.0167137 0.00314746
 0.572577 0.377186 0.0402313 0.00736044 0.00264434
 0.610913 0.323265 0.0605072 0.00428388 0.00103074
 0.660354 0.279919 0.0524297 0.00672455 0.00057279
 0.577352 0.338453 0.0715298 0.0111378 0.0015275
 0.656454 0.249563 0.0776733 0.013884 0.00242548
 0.636239 0.281269 0.0619725 0.0169879 0.00353085
 0.712731 0.215135 0.0570995 0.0113184 0.00371588
 0.655015 0.276222 0.0528081 0.0126513 0.00330339
 0.577925 0.310241 0.0903936 0.0164796 0.00496007
 0.678421 0.216877 0.0781203 0.0215043 0.00507735
 0.663352 0.258494 0.0539585 0.0180792 0.00611614
 0.317127 0.513704 0.132083 0.0256516 0.0114355
 0.410861 0.243147 0.264203 0.0639269 0.0178623
pobs_PELACES
 0 0 0 0 0
 0 0 0 0 0
 0 0 0 0 0
 0 0 0 0 0
 0 0 0 0 0
 0 0 0 0 0
 0 0 0 0 0
 0 0 0 0 0
 0 0 0 0 0
 0 0 0 0 0
 0.450072 0.473896 0.0757376 0.000293798 0
 0 0 0 0 0
 0.463077 0.371075 0.160297 0.00555027 0
 0.529543 0.364841 0.0842815 0.0213345 0
 0.631943 0.363953 0.00410389 0 0
 0.735681 0.248677 0.0153453 0.000297389 0
 0.695825 0.281241 0.0229344 0 0
 0.275771 0.60734 0.115278 0.00161068 0
 0 0 0 0 0
 0.896147 0.0623911 0.0374545 0.00400742 0
 0.803859 0.145111 0.0509908 3.86294e-05 0
 0.739449 0.233085 0.0266225 0.000797448 4.60066e-05
 0.878498 0.100942 0.0204185 0.000141795 0
 0.694673 0.275183 0.0284847 0.00165964 0
 0.469039 0.446079 0.0841089 0.000773354 0
 0.822795 0.102175 0.0682046 0.00682512 0
ppred_PELACES
 0.821055 0.142245 0.032912 0.00378635 2.07523e-06
 0.788069 0.186359 0.0207116 0.00436176 0.000498604
 0.729916 0.244667 0.0226978 0.00220592 0.000512955
 0.835847 0.136609 0.0253735 0.00194126 0.000229037
 0.819675 0.154543 0.0216893 0.00377187 0.000320923
 0.766506 0.204299 0.0251729 0.00338494 0.000637096
 0.873804 0.104485 0.0192324 0.00213933 0.000339131
 0.714505 0.260172 0.0212196 0.00363759 0.000466366
 0.846178 0.122475 0.0287867 0.00214773 0.000412669
 0.762384 0.210209 0.022189 0.00479436 0.000423684
 0.622815 0.312344 0.0578039 0.0057025 0.00133461
 0.669645 0.23617 0.0791839 0.0133828 0.00161819
 0.81118 0.147389 0.0304077 0.0092774 0.00174575
 0.72958 0.245122 0.0203431 0.00364658 0.00130864
 0.758271 0.208409 0.0306781 0.00212993 0.000511938
 0.754426 0.206317 0.0344991 0.00438412 0.000373248
 0.680142 0.26135 0.0497707 0.00768428 0.00105338
 0.740259 0.192722 0.0554502 0.00984845 0.00171989
 0.7167 0.222264 0.0459137 0.01252 0.00260148
 0.782594 0.165485 0.0411461 0.00811283 0.00266272
 0.719115 0.226194 0.0420244 0.0100445 0.00262237
 0.651477 0.258498 0.0728059 0.0132366 0.00398339
 0.746631 0.173362 0.0597497 0.0163884 0.00386869
 0.732881 0.207259 0.0413754 0.0138128 0.00467193
 0.389256 0.46368 0.1149 0.0222477 0.00991643
 0.493554 0.213943 0.223528 0.0539129 0.0150616
pobs_pel_tallas
 0 0 0 0 0 0 0 0 0 0 0 0 0 0 0 0 0 0 0 0 0 0 0 0 0 0 0 0 0 0 0 0 0 0 0 0
 0 0 0 0 0 0 0 0 0 0 0 0 0 0 0 0 0 0 0 0 0 0 0 0 0 0 0 0 0 0 0 0 0 0 0 0
 0 0 0 0 0 0 0 0 0 0 0 0 0 0 0 0 0 0 0 0 0 0 0 0 0 0 0 0 0 0 0 0 0 0 0 0
 0 0 0 0 0 0 0 0 0 0 0 0 0 0 0 0 0 0 0 0 0 0 0 0 0 0 0 0 0 0 0 0 0 0 0 0
 0 0 0 0 0 0 0 0 0 0 0 0 0 0 0 0 0 0 0 0 0 0 0 0 0 0 0 0 0 0 0 0 0 0 0 0
 0 0 0 0 0 0 0 0 0 0 0 0 0 0 0 0 0 0 0 0 0 0 0 0 0 0 0 0 0 0 0 0 0 0 0 0
 0 0 0 0 0 0 0 0 0 0 0 0 0 0 0 0 0 0 0 0 0 0 0 0 0 0 0 0 0 0 0 0 0 0 0 0
 0 0 0 0 0 0 0 0 0 0 0 0 0 0 0 0 0 0 0 0 0 0 0 0 0 0 0 0 0 0 0 0 0 0 0 0
 0 0 0 0 0 0 0 0 0 0 0 0 0 0 0 0 0 0 0 0 0 0 0 0 0 0 0 0 0 0 0 0 0 0 0 0
 0 0 0 0 0 0 0 0 0 0 0 0 0 0 0 0 0 0 0 0 0 0 0 0 0 0 0 0 0 0 0 0 0 0 0 0
 0 0 0 0 0 0 0 0 1.78061e-05 0.00172719 0.00360574 0.0105946 0.0120993 0.0124554 0.0147524 0.0171206 0.0266825 0.0428682 0.0675386 0.121331 0.153587 0.119568 0.100827 0.0573624 0.0630603 0.0341343 0.0324427 0.0444173 0.0211091 0.0280891 0.0125444 0.00206551 0 0 0 0
 0 0 0 0 0 0 0 0 0 0 0 0 0 0 0 0 0 0 0 0 0 0 0 0 0 0 0 0 0 0 0 0 0 0 0 0
 0 0 0 0 0 0 0.0133647 0.0140871 0.0187388 0.0205184 0.03894 0.0496705 0.03968 0.0493445 0.0407372 0.0367815 0.0215668 0.0243155 0.0234873 0.0199281 0.019796 0.0243948 0.0301388 0.0376714 0.0412746 0.0863199 0.0771752 0.113111 0.0741005 0.0525337 0.0229764 0.00759418 0.00175318 0 0 0
 0 0 0 0 0 0 0 0 0 0 0.00219441 0.00772107 0.0458388 0.0604681 0.0671733 0.0775358 0.0609151 0.0617685 0.073594 0.0568108 0.0755445 0.0548602 0.0670107 0.0636378 0.0643287 0.046367 0.0373049 0.0286899 0.0247887 0.0153202 0.00654259 0.00121912 0.000365735 0 0 0
 0 0 0 0 0 0 0 0 0 0 0 0 0.000112435 0.00938835 0.0111873 0.0202946 0.0414886 0.0713402 0.111592 0.104902 0.108894 0.110636 0.117776 0.105296 0.107544 0.0401394 0.0192827 0.0124803 0.00416011 0.0028671 0.000618394 0 0 0 0 0
 0 0 0 0 0 0 0 0 0 0 0.00291406 0.0102884 0.027416 0.0768956 0.0749926 0.110853 0.0956884 0.0897413 0.0766577 0.0534642 0.0500743 0.0551293 0.0594112 0.0620874 0.0668451 0.0424026 0.0208742 0.0120726 0.0048766 0.00582813 0.00118941 0.000297354 0 0 0 0
 0 0.00264628 0.0354308 0.0461629 0.0458689 0.0383711 0.0214643 0.0164657 0.0346957 0.0420465 0.0363128 0.0245516 0.0311673 0.0291091 0.0169068 0.0133784 0.00837989 0.0085269 0.0148486 0.0160247 0.0276389 0.0546898 0.0760071 0.122758 0.109233 0.0665981 0.0333725 0.0166128 0.00676272 0.00308733 0.000882094 0 0 0 0 0
 0 0 0 0 0 0 0 0.000805153 0.000690131 0.00759144 0.0133425 0.0154129 0.00931677 0.000345066 0.00356568 0.00563607 0.00851162 0.0253048 0.0502646 0.0516448 0.0657925 0.0565908 0.0611916 0.0827007 0.0866115 0.110766 0.145733 0.0935128 0.0569358 0.0249597 0.0138026 0.00621118 0.00161031 0.00115022 0 0
 0 0 0 0 0 0 0 0 0 0 0 0 0 0 0 0 0 0 0 0 0 0 0 0 0 0 0 0 0 0 0 0 0 0 0 0
 0.00147267 0.00158595 0.00478618 0.00569244 0.00954404 0.0108468 0.00647125 0.017049 0.0510054 0.094081 0.124002 0.0959785 0.0687766 0.0820023 0.061753 0.0591476 0.0492212 0.0479892 0.0443925 0.0268479 0.0217502 0.0140895 0.0121071 0.0120363 0.00920419 0.00665534 0.0049561 0.00860946 0.00930331 0.0156896 0.0114698 0.00855282 0.00243557 0.00046729 0 2.83206e-05
 0 0 0 0 0.000772559 0.00158375 0.000888443 0.00281984 0.00712685 0.0440552 0.0773331 0.111326 0.0921469 0.0852325 0.0710754 0.0886704 0.0786465 0.0553345 0.0373146 0.0185414 0.00753245 0.00457741 0.012979 0.0271748 0.0457355 0.0583668 0.034881 0.0177882 0.00938659 0.00492506 0.0015258 0.00185414 0.000309023 5.79419e-05 3.86279e-05 0
 0 0.00173294 0.00326652 0 0.00397197 0.00683976 0.00946217 0.0152591 0.00757587 0.0136028 0.0228656 0.0392903 0.0559909 0.0764795 0.0681675 0.0726916 0.0566044 0.0477403 0.0527397 0.0444891 0.0609904 0.0582453 0.0661739 0.0445044 0.0529084 0.0360697 0.0280645 0.0235558 0.0158879 0.00826598 0.00280645 0.00217768 0.000904811 0.00058276 9.20147e-05 0
 0 0 0 0 0 0 0 0 0 0 0 0 0 0 0 0 0 0 0 0 0 0 0 0 0 0 0 0 0 0 0 0 0 0 0 0
 0 0 0 0 0 0 0 0 0 0 0 0 0 0 0 0 0 0 0 0 0 0 0 0 0 0 0 0 0 0 0 0 0 0 0 0
 0 0 0 0 0 0 0 0 0 0 0 0 0 0 0 0 0 0 0 0 0 0 0 0 0 0 0 0 0 0 0 0 0 0 0 0
 0 0 0 0 0 0 0 0 0 0 0 0 0 0 0 0 0 0 0 0 0 0 0 0 0 0 0 0 0 0 0 0 0 0 0 0
ppred_pel_tallas
 1.00644e-16 3.58203e-05 0.000210245 0.000999426 0.00384787 0.0119993 0.0303091 0.0620161 0.102797 0.138049 0.150213 0.13247 0.0947642 0.0551792 0.0265436 0.0112895 0.00548354 0.00450271 0.00551543 0.00728487 0.00932017 0.0113445 0.013115 0.0144106 0.0150693 0.0150235 0.0143138 0.0130737 0.0114931 0.00977215 0.00808155 0.00653899 0.00520482 0.0040922 0.00318444 0.00245177
 1.00528e-16 3.43837e-05 0.000201807 0.000959303 0.00369338 0.0115175 0.0290922 0.0595265 0.0986718 0.132513 0.144201 0.127196 0.0910505 0.0531368 0.0257854 0.0113512 0.00607826 0.00554115 0.00701903 0.00929995 0.0118633 0.014373 0.0165157 0.018006 0.0186403 0.0183439 0.0171877 0.015367 0.0131496 0.0108136 0.00859157 0.00663853 0.00502607 0.00375695 0.00279038 0.00206712
 1.00502e-16 3.18504e-05 0.000186928 0.000888557 0.00342096 0.0106679 0.0269464 0.0551366 0.0913972 0.12275 0.133594 0.11788 0.084471 0.0494761 0.0243434 0.0112855 0.00685401 0.00697063 0.00911465 0.0121317 0.0154716 0.0187236 0.0214812 0.0233709 0.0241273 0.0236555 0.0220539 0.0195846 0.0166061 0.0134891 0.0105438 0.00797642 0.00588098 0.00425878 0.00305183 0.00217665
 1.00483e-16 3.64651e-05 0.000214031 0.00101743 0.00391718 0.0122154 0.0308551 0.0631331 0.104648 0.140534 0.152915 0.134848 0.0964535 0.0561396 0.0269618 0.0113916 0.00542001 0.00433667 0.00525702 0.00692335 0.00884151 0.0107394 0.0123824 0.0135589 0.0141156 0.0139919 0.0132321 0.011971 0.0103974 0.00870892 0.0070732 0.00560447 0.00435918 0.00334611 0.00254367 0.00191694
 1.00503e-16 3.57606e-05 0.000209893 0.000997753 0.00384143 0.0119792 0.0302584 0.0619123 0.102625 0.13782 0.149966 0.132258 0.0946264 0.0551264 0.0265692 0.0113872 0.00565722 0.00476542 0.00588233 0.00776489 0.00990874 0.0120185 0.0138312 0.015109 0.0156814 0.0154836 0.0145709 0.0131009 0.0112921 0.00937169 0.00753074 0.00589765 0.00453326 0.00344277 0.00259617 0.00194843
 1.00571e-16 3.34442e-05 0.000196289 0.000933068 0.00359236 0.0112024 0.0282965 0.0578986 0.095974 0.128893 0.140266 0.123738 0.0886046 0.0517679 0.0252305 0.0112933 0.00631339 0.0059938 0.00768875 0.0102102 0.0130309 0.0157926 0.0181537 0.0198009 0.0205102 0.0201985 0.018942 0.0169533 0.0145251 0.0119613 0.00951697 0.00736294 0.00557899 0.00416988 0.00309268 0.00228403
 1.00397e-16 3.81188e-05 0.000223743 0.00106361 0.00409499 0.0127699 0.0322557 0.0659986 0.109397 0.146908 0.159841 0.140933 0.100758 0.0585477 0.0279361 0.0114894 0.00499964 0.00353054 0.00406553 0.00530524 0.00676788 0.00822092 0.00948056 0.0103844 0.0108152 0.0107266 0.0101523 0.00919515 0.00799906 0.00671476 0.00546982 0.00435107 0.00340125 0.00262681 0.00201119 0.00152788
 1.00533e-16 3.1179e-05 0.000182985 0.000869808 0.00334877 0.0104428 0.0263778 0.0539732 0.0894693 0.120163 0.130783 0.115411 0.0827272 0.0485057 0.0239608 0.0112672 0.00705801 0.00734679 0.00966572 0.0128755 0.0164182 0.0198631 0.0227793 0.0247705 0.0255555 0.0250351 0.0233155 0.0206774 0.0175037 0.0141896 0.0110652 0.00834907 0.0061397 0.00443647 0.00317553 0.00226611
 1.00542e-16 3.6915e-05 0.000216673 0.00102999 0.00396557 0.0123663 0.0312362 0.0639128 0.10594 0.142268 0.154798 0.136499 0.097616 0.0567781 0.0271972 0.0113688 0.00522824 0.00400317 0.0047744 0.00627656 0.0080252 0.00976734 0.0112911 0.0124055 0.0129709 0.0129292 0.0123151 0.0112438 0.00987884 0.00839289 0.00693326 0.00560172 0.00445057 0.00349144 0.00271007 0.00208079
 1.00569e-16 3.32647e-05 0.000195235 0.000928054 0.00357305 0.0111422 0.0281444 0.0575875 0.0954585 0.128201 0.139515 0.123079 0.0881411 0.0515137 0.0251375 0.0113039 0.00639218 0.00612999 0.00788525 0.0104727 0.0133609 0.0161837 0.0185901 0.0202586 0.02096 0.0206109 0.0192922 0.0172253 0.0147137 0.0120718 0.00956282 0.00736179 0.00554921 0.00412753 0.00304973 0.00224787
 1.01181e-16 2.71831e-05 0.000159521 0.000758244 0.0029192 0.0091032 0.0229942 0.0470504 0.0779964 0.104762 0.114042 0.100689 0.0722858 0.0426081 0.0214658 0.0107961 0.00770578 0.0087515 0.0117902 0.0158005 0.0202246 0.0245755 0.0283419 0.0310438 0.0323316 0.032066 0.0303485 0.0274859 0.0239088 0.0200678 0.0163444 0.0129983 0.0101576 0.00784158 0.00600097 0.00455646
 1.01737e-16 2.92221e-05 0.000171498 0.000815202 0.00313853 0.00978718 0.0247217 0.0505846 0.0838522 0.112619 0.122572 0.108166 0.0775344 0.0454632 0.0224638 0.0105779 0.00665644 0.0069734 0.00923114 0.0123819 0.0159258 0.0194816 0.0226618 0.0250983 0.0265132 0.0267781 0.0259377 0.0241873 0.0218148 0.0191286 0.0163956 0.0138042 0.0114587 0.00939523 0.00760764 0.00607223
 1.00881e-16 3.53899e-05 0.000207718 0.000987411 0.00380161 0.011855 0.0299447 0.0612706 0.101562 0.136391 0.14841 0.130884 0.0936381 0.054541 0.0262693 0.0112292 0.00553775 0.00462982 0.00570844 0.00754942 0.00966238 0.0117656 0.0136095 0.0149664 0.01567 0.0156514 0.0149534 0.0137136 0.0121271 0.0103982 0.00869961 0.00714862 0.00580311 0.00467292 0.00373849 0.00296855
 1.00556e-16 3.18357e-05 0.000186842 0.000888147 0.00341939 0.010663 0.026934 0.0551112 0.0913551 0.122694 0.133533 0.117826 0.0844329 0.0494548 0.0243347 0.0112844 0.00685725 0.00697664 0.00912288 0.0121417 0.0154827 0.0187344 0.0214901 0.0233764 0.0241281 0.0236515 0.0220462 0.0195757 0.0165999 0.0134901 0.0105562 0.00800325 0.00592365 0.00431662 0.00312224 0.00225556
 1.00601e-16 3.30853e-05 0.000194182 0.000923048 0.00355378 0.0110821 0.0279926 0.0572768 0.0949436 0.127509 0.138763 0.122416 0.0876661 0.0512368 0.0250039 0.0112469 0.00636538 0.00611113 0.00786782 0.0104585 0.0133566 0.0161997 0.0186395 0.0203557 0.0211178 0.0208381 0.0195913 0.0175902 0.0151304 0.0125195 0.010017 0.00779778 0.00594564 0.00446886 0.00332759 0.00246101
 1.00726e-16 3.29176e-05 0.000193197 0.000918368 0.00353576 0.0110259 0.0278507 0.0569864 0.0944622 0.126863 0.138059 0.121795 0.0872208 0.0509756 0.024875 0.0111867 0.00632911 0.00607621 0.00782618 0.0104099 0.0133058 0.0161559 0.0186156 0.0203677 0.0211822 0.0209695 0.0197992 0.0178774 0.0154913 0.012941 0.01048 0.00827993 0.00642415 0.00492328 0.00374178 0.00282418
 1.01105e-16 2.96807e-05 0.000174189 0.000827988 0.00318775 0.00994068 0.0251095 0.0513782 0.0851681 0.114388 0.124501 0.109878 0.0787828 0.0462371 0.0229232 0.0109204 0.00703419 0.00747969 0.00991499 0.0132576 0.016971 0.0206321 0.0238105 0.0261042 0.02722 0.0270402 0.0256472 0.0232951 0.0203408 0.017158 0.0140631 0.0112717 0.00888996 0.00693478 0.00536652 0.00412149
 1.01269e-16 3.22993e-05 0.000189569 0.00090112 0.00346935 0.0108188 0.0273276 0.055916 0.0926877 0.124479 0.135463 0.119501 0.0855703 0.0499952 0.0243677 0.0109116 0.00611213 0.00582476 0.00750264 0.0100095 0.0128491 0.0156886 0.0182075 0.0201065 0.0211622 0.0212754 0.0204903 0.0189749 0.0169725 0.0147417 0.0125044 0.0104153 0.00855645 0.0069515 0.00558757 0.00443664
 1.01277e-16 3.12732e-05 0.000183542 0.000872462 0.003359 0.0104747 0.0264584 0.0541378 0.0897411 0.120525 0.131169 0.115732 0.0829143 0.0485297 0.0238142 0.0109357 0.00650535 0.00651944 0.00851046 0.0113611 0.0145562 0.0177237 0.0204966 0.0225329 0.0235819 0.0235401 0.0224721 0.0205867 0.0181789 0.0155582 0.0129859 0.0106401 0.00860853 0.00690646 0.00550411 0.00435368
 1.01042e-16 3.41442e-05 0.000200402 0.000952629 0.00366769 0.0114373 0.0288898 0.0591123 0.0979847 0.131589 0.143191 0.126296 0.0903859 0.0527081 0.0255019 0.0110998 0.00576705 0.00510823 0.00642721 0.00853534 0.0109401 0.0133394 0.0154553 0.0170315 0.0178786 0.0179154 0.0171849 0.0158367 0.014085 0.0121555 0.0102408 0.00847317 0.00692047 0.00559832 0.00449007 0.00356597
 1.01138e-16 3.13787e-05 0.000184161 0.000875403 0.00337032 0.01051 0.0265475 0.0543203 0.0900437 0.120932 0.131612 0.116124 0.0831985 0.0487021 0.02391 0.0109982 0.00656682 0.00659861 0.00861634 0.0114961 0.0147164 0.0178985 0.0206683 0.0226783 0.0236752 0.0235569 0.0223942 0.020405 0.0178957 0.0151866 0.0125478 0.0101623 0.00811931 0.00643145 0.00506405 0.003963
 1.01759e-16 2.84307e-05 0.00016685 0.0007931 0.00305343 0.00952178 0.0240514 0.0492132 0.0815797 0.109569 0.11926 0.105259 0.0754853 0.0443316 0.0220345 0.0105925 0.00695336 0.0074998 0.00999545 0.0134075 0.0172219 0.0210279 0.0244026 0.026946 0.0283592 0.0285101 0.0274589 0.0254314 0.0227545 0.0197748 0.0167891 0.0140037 0.0115272 0.0093895 0.00757185 0.00603562
 1.01649e-16 3.25764e-05 0.000191197 0.000908865 0.00349918 0.0109119 0.0275625 0.0563966 0.0934837 0.125546 0.13662 0.12051 0.0862685 0.0503537 0.0244507 0.0107941 0.00583123 0.00537785 0.00686765 0.00916654 0.0117967 0.0144539 0.0168506 0.0187169 0.0198481 0.0201475 0.0196438 0.0184738 0.0168412 0.014964 0.0130301 0.0111714 0.00946048 0.00792287 0.00655643 0.00534886
 1.01348e-16 3.19781e-05 0.000187682 0.000892146 0.0034348 0.0107111 0.0270554 0.0553592 0.0917652 0.123242 0.13412 0.118325 0.0847467 0.0495513 0.0242208 0.0109628 0.00630299 0.00614102 0.00795314 0.010605 0.0135882 0.0165497 0.0191469 0.0210615 0.0220605 0.0220475 0.0210829 0.0193603 0.0171532 0.0147476 0.0123846 0.010227 0.00835386 0.00677726 0.00546839 0.00438288
 1.0301e-16 1.7005e-05 9.97527e-05 0.000474068 0.001825 0.00569093 0.0143752 0.0294167 0.0487729 0.0655353 0.0714068 0.0632033 0.0457174 0.0276386 0.0152042 0.00975083 0.00959604 0.0126804 0.0176823 0.0238669 0.0306547 0.0373882 0.0433237 0.0477485 0.0501329 0.0502497 0.0482193 0.0444603 0.0395719 0.034186 0.0288402 0.0239039 0.0195656 0.0158681 0.0127639 0.0101695
 1.058e-16 2.15431e-05 0.000126417 0.000600884 0.00231336 0.00721391 0.0182219 0.0372853 0.0618083 0.0830183 0.0903705 0.079785 0.0572699 0.0337423 0.0169782 0.00851994 0.00609176 0.00699638 0.00958574 0.0131207 0.0172445 0.0216597 0.0260326 0.0300133 0.033293 0.0356544 0.0369988 0.0373382 0.0367646 0.035409 0.0334084 0.0308899 0.027972 0.0247735 0.0214223 0.0180555
pSPR Fmed_Fpbrs
0.529099   0.426871 0.426871
Fs Fmed_Fpbrs
0.64   1.005 1.005
SSBpbr Bo_Bmed_Bpbrs
722381  346092  272244 272244
Ro
31080.9
SPR SPRFo_SPRFmed_SPRFpbrs
641956 339658 274032
log_Ro
10.1643
likeval ReclasPelacesDesembMPH_pf_preclas_ppelaces_ptallas_desvR_qrecl_qpela
 0.000969882 12.0416 0.00656799 16.0533 318.683 197.145 54.9371 0 18.4677 6.0824e-06 5.44719e-05 0 0 0 0
q_reclas_q_pelaces
0.705056 2.85772
M
0.7
N
 32213.8 9791.26 3147.3 371.903 0.204128
 34673.1 14385.9 2221.25 480.475 55.0041
 11356.7 15484 3263.32 339.059 79.1292
 15769.6 4327.04 1088.16 85.3315 10.0812
 34801.8 7101.11 1043.74 182.195 15.5049
 31732.6 17026.1 3158.6 439.116 82.7976
 78342.5 13807.7 3188.88 361.33 57.3361
 59130.7 36155.8 3993.11 701.626 90.074
 104350 26625.6 8718.62 668.28 128.593
 120040 46557.9 5999.96 1317.64 116.544
 63518.1 55890.4 14370.2 1456.12 341.284
 49196.4 28365.2 12678 2193.44 265.556
 58194.4 22264.7 7100.25 2244.47 423.16
 25402.8 25107.9 3916.7 739.095 265.976
 13323.3 10289.3 2771.5 202.122 48.7107
 12220.3 5443.53 1210.8 157.484 13.4245
 9202.78 5534.33 1369.57 216.012 29.6457
 11505.8 4199.35 1472.18 265.712 46.4434
 13099.6 5360.5 1302.28 359.831 74.8211
 22048.9 6173.26 1808.77 361.436 118.713
 29193 10383.9 2073.07 498.403 130.163
 30853.9 14164.1 4344.44 795.35 239.441
 53097.6 14905.5 5740.3 1588.76 375.232
 74249 25439.3 5681.6 1914.16 647.75
 25470.9 35559 9668.55 1886.28 841.113
 23923.6 12275.1 14154.4 3441.42 961.846
pred_Ctot
 2347.42 3997.85 1673.61 200.884 0.110352
 2526.89 5874.31 1181.25 259.546 29.7371
 1930.06 10600.8 2567.5 268.691 62.7305
 1062.97 1667.13 551.112 43.9297 5.19441
 370.984 535.918 115.786 20.7239 1.76597
 2845.92 8054.78 1894.13 266.959 50.3728
 3996.58 4277.05 1337.28 154.367 24.5192
 3987.39 13934.4 2022.88 361.297 46.4231
 7666.03 10936.5 4659.32 362.746 69.8584
 5406.95 13020.9 2297.56 514.466 45.5511
 4629.18 22822.7 7642.12 786.591 184.514
 3152.92 10517.6 6215.25 1093.51 132.507
 5534.31 10957.1 4393.03 1407.02 265.455
 3407.33 15241.6 2837.35 540.565 194.629
 1717.39 6108.68 1975.97 145.55 35.0954
 777.573 2007.35 590.805 78.1486 6.66761
 539.368 1914.85 632.656 101.546 13.9493
 513.249 1164.99 559.676 103.004 18.0226
 481.993 1263.26 427.034 120.459 25.0752
 821.095 1469.93 598.759 122.139 40.1602
 482.479 1187.71 344.105 84.7387 22.1586
 603.533 1895.18 838.098 157.079 47.3479
 1347.03 2529.51 1387.4 392.738 92.8675
 1904.07 4359.39 1385.86 477.512 161.783
 541.71 5139.13 2007.36 400.814 178.948
 540.199 1874.04 3095.74 770.174 215.52
F
 0.106146 0.783419 1.17953 1.21177 1.21352
 0.106158 0.783502 1.17965 1.2119 1.21365
 0.264929 1.95532 2.94396 3.02444 3.0288
 0.0978344 0.722072 1.08716 1.11688 1.11849
 0.0149206 0.110123 0.165802 0.170335 0.17058
 0.132115 0.975079 1.46809 1.50823 1.5104
 0.0732545 0.540659 0.814023 0.836278 0.837483
 0.0978754 0.722375 1.08762 1.11735 1.11896
 0.107054 0.790121 1.18962 1.22214 1.2239
 0.0644314 0.47554 0.715978 0.735552 0.736612
 0.106161 0.783527 1.17969 1.21194 1.21369
 0.092816 0.685034 1.0314 1.05959 1.06112
 0.140607 1.03776 1.56246 1.60517 1.60749
 0.203751 1.50379 2.26413 2.32603 2.32938
 0.195084 1.43983 2.16782 2.22708 2.23029
 0.0921241 0.679927 1.02371 1.05169 1.05321
 0.084577 0.624225 0.939841 0.965535 0.966926
 0.0637914 0.470816 0.708867 0.728246 0.729296
 0.0523551 0.38641 0.581784 0.597689 0.59855
 0.0530039 0.391198 0.588993 0.605095 0.605967
 0.0232177 0.17136 0.258002 0.265055 0.265437
 0.0275319 0.203201 0.305942 0.314306 0.314759
 0.0358371 0.264498 0.398231 0.409119 0.409708
 0.0362325 0.267416 0.402625 0.413632 0.414228
 0.0299663 0.221168 0.332993 0.342096 0.342589
 0.0318416 0.235009 0.353832 0.363505 0.364029
Np
 21944.7 9980.41 2987.01 901.038 1061.57
YTP_r0W_actual
 13096.2 111043 236640 68649.3 20874.3
YTP_p0W_proyectada
 10945.1 88528 71664.9 95336.5 34297.3
 10945.1 76777.9 44421 17409.4 22782.5
CTP_r0_actual
 1455.13 4371.78 6703.67 1658.19 463.873
CTP_p0_proyectada
 1334.76 4098.52 2282.32 2377.47 770.726
 1334.76 3554.53 1414.68 434.151 511.966
Wmedp
 8.2 21.6 31.4 40.1 44.5
nmprior
 10.8 10.6 4.6 0
nm_flota  nm_reclas  nm_pelaces    nm_pelaL
inf 18.2342 18.1686 57.9494
cv_recla  cv_pelaces  cv_mph
0.918355 0.38013 0.545237
 ------------------------------------------------
Talla a la edad & desviaci?n 
 7.2 14.2025 17.0495 18.207 18.6776
 1.08 2.13037 2.55742 2.73105 2.80164
