years
 1997 1998 1999 2000 2001 2002 2003 2004 2005 2006 2007 2008 2009 2010 2011 2012 2013 2014 2015 2016 2017 2018 2019 2020 2021 2022 2023
reclasobs
 0 0 0 370054 412103 1.49427e+06 250295 1.28982e+06 931140 785840 897777 1.04006e+06 184774 17550 25797 100020 73551 82996 120727 218422 84188 347160 605670 569463 516374 1.08416e+06 1.01767e+06
reclaspred
 313962 73509.2 138963 81486 148298 176169 579336 428955 610617 674384 577211 415097 299374 168928 131799 123787 134631 180963 188944 275205 410124 351394 566910 732927 830802 710234 532832
pelacesobs
 0 0 0 0 0 0 0 0 0 2.06254e+06 1.5e+06 0 1.87456e+06 323000 250000 174000 83755 137374 0 501740 490994 745055 786931 1.00524e+06 1.33801e+06 1.41789e+06 0
pelacespred
 673713 124394 147575 132197 217006 188054 904511 699743 953212 1.04738e+06 813771 613716 449278 222214 172481 171736 193522 254737 274143 386081 637102 546167 714942 1.02669e+06 1.15566e+06 1.10135e+06 799440
mphobs
 0 0 0 0 0 0 112323 0 153150 637223 0 255016 313432 73983 77613 109348 50772 17779 17303 59886 28197 0 207744 136588 643089 65757 70829
mphpred
 134566 70493.8 64721.3 46869.1 52625.5 97957.5 171864 275630 264485 344646 385031 291178 192075 88596.2 52803.7 46014.1 45518.7 57842.7 35592.6 39019.4 62348.1 76797.9 86383.6 120798 156569 150094 116948
desembarqueobs
 350755 77701 442110 56441 14545 235359 269955 359681 431902 328805 639364 411747 362871 311530 167758 66681 60226 58785 57116 73181 50977 67692 138656 160484 209506 203330 245020
desembarquepred
 350765 77703.4 442158 56447.9 14545.3 235400 269961 359667 431828 328774 639439 411828 362941 311844 167878 66705.4 60247.8 58788.3 57112.4 73179 50976.8 67688.9 138656 160483 209509 203336 245023
Reclutas
 34368 37591.8 15657.1 21132.9 43442.3 41657.9 97328.1 77978.4 140679 155799 74992.5 48623.3 60627.1 30453.2 19953.9 21747.9 18551.9 23281.6 25879.1 48407.5 63858.4 62803.5 106765 145268 49399 52740.2 55674.3
log_desv_Rt
 -0.323006 -0.233347 -1.10921 -0.809299 -0.0886986 -0.130642 0.717956 0.4963 1.08635 1.18843 0.457256 0.0239701 0.244609 -0.443941 -0.86671 -0.780613 -0.939562 -0.712468 -0.606696 0.0195228 0.296536 0.279879 0.810497 1.11845 0.0397983 0.105247 0.159388
SSB
 453342 237487 218040 157898 177291 330010 562195 917778 870797 1.13848e+06 1.29714e+06 980952 664290 440711 268507 237373 243144 299027 367808 420669 642760 773747 891934 1.19735e+06 1.68253e+06 1.65509e+06 1.22152e+06
BT
 1.49338e+06 355001 506326 297114 400714 519221 1.80949e+06 1.64275e+06 2.09927e+06 2.1864e+06 2.02317e+06 1.47298e+06 1.15725e+06 693699 451470 363803 398256 503491 540403 751228 1.1821e+06 1.04196e+06 1.37884e+06 1.97098e+06 2.23217e+06 2.15347e+06 1.65323e+06
Ftot
 0.714474 0.697313 1.52968 0.444333 0.0751852 0.687586 0.362652 0.501531 0.5163 0.308311 0.524376 0.452587 0.648198 0.866452 0.651105 0.270382 0.240073 0.176461 0.150645 0.157701 0.0712823 0.0924798 0.123094 0.122826 0.10832 0.122906 0.205909
BD_Bspro_t
 0.914431 0.629685 0.497205 0.266437 0.404556 0.615783 0.598759 0.67507 0.629055 0.645138 0.64984 0.512234 0.422109 0.363761 0.281577 0.30111 0.387971 0.534361 0.644806 0.723484 0.813532 0.872266 0.866916 0.86465 0.870293 0.831405 0.782152
BD_Bspro
 0.462363 0.242213 0.222379 0.16104 0.180819 0.336577 0.573382 0.93604 0.888125 1.16113 1.32295 1.00047 0.677508 0.44948 0.27385 0.242097 0.247982 0.304977 0.375127 0.42904 0.65555 0.789144 0.909682 1.22118 1.71601 1.68802 1.24582
BD_Bo
 0.266418 0.139566 0.128137 0.0927928 0.104189 0.193939 0.330388 0.539356 0.511747 0.669057 0.762295 0.576482 0.390387 0.258995 0.157795 0.139499 0.14289 0.175731 0.216152 0.247217 0.377734 0.454713 0.524168 0.703654 0.98878 0.972654 0.717857
BD_Brms
 0.910736 0.477097 0.438029 0.317207 0.356166 0.66297 1.12941 1.84376 1.74938 2.28713 2.60586 1.97067 1.33452 0.885361 0.539413 0.476868 0.488461 0.600727 0.738904 0.845098 1.29126 1.55441 1.79184 2.4054 3.38009 3.32496 2.45395
S_f
 0.170195 1 1 1 1
 0.170195 1 1 1 1
 0.170195 1 1 1 1
 0.170195 1 1 1 1
 0.170195 1 1 1 1
 0.170195 1 1 1 1
 0.170195 1 1 1 1
 0.170195 1 1 1 1
 0.170195 1 1 1 1
 0.170195 1 1 1 1
 0.170195 1 1 1 1
 0.170195 1 1 1 1
 0.170195 1 1 1 1
 0.170195 1 1 1 1
 0.170195 1 1 1 1
 0.170195 1 1 1 1
 0.170195 1 1 1 1
 0.170195 1 1 1 1
 0.170195 1 1 1 1
 0.170195 1 1 1 1
 0.170195 1 1 1 1
 0.170195 1 1 1 1
 0.170195 1 1 1 1
 0.170195 1 1 1 1
 0.170195 1 1 1 1
 0.170195 1 1 1 1
 0.170195 1 1 1 1
Scru_reclas
 1 1 1 1 1
 1 1 1 1 1
 1 1 1 1 1
 1 1 1 1 1
 1 1 1 1 1
 1 1 1 1 1
 1 1 1 1 1
 1 1 1 1 1
 1 1 1 1 1
 1 1 1 1 1
 1 1 1 1 1
 1 1 1 1 1
 1 1 1 1 1
 1 1 1 1 1
 1 1 1 1 1
 1 1 1 1 1
 1 1 1 1 1
 1 1 1 1 1
 1 1 1 1 1
 1 1 1 1 1
 1 1 1 1 1
 1 1 1 1 1
 1 1 1 1 1
 1 1 1 1 1
 1 1 1 1 1
 1 1 1 1 1
 1 1 1 1 1
Scru_pelaces
 1 1 1 1 1
 1 1 1 1 1
 1 1 1 1 1
 1 1 1 1 1
 1 1 1 1 1
 1 1 1 1 1
 1 1 1 1 1
 1 1 1 1 1
 1 1 1 1 1
 1 1 1 1 1
 1 1 1 1 1
 1 1 1 1 1
 1 1 1 1 1
 1 1 1 1 1
 1 1 1 1 1
 1 1 1 1 1
 1 1 1 1 1
 1 1 1 1 1
 1 1 1 1 1
 1 1 1 1 1
 1 1 1 1 1
 1 1 1 1 1
 1 1 1 1 1
 1 1 1 1 1
 1 1 1 1 1
 1 1 1 1 1
 1 1 1 1 1
pf_obs 
 0.256992 0.487395 0.22802 0.0275931 0
 0.321318 0.546541 0.124235 0.00734118 0.000564706
 0.182869 0.594174 0.210203 0.0122559 0.00049798
 0.330522 0.361315 0.267642 0.0388342 0.00168674
 0.649043 0.306663 0.0425973 0.00169635 0
 0.582887 0.30429 0.105238 0.00758474 0
 0.465427 0.430635 0.0974691 0.00646863 0
 0.296916 0.608066 0.0921331 0.00288517 0
 0.311714 0.524322 0.152257 0.0117073 0
 0.15457 0.633149 0.183074 0.0267441 0.00246327
 0.131901 0.49318 0.331252 0.0422183 0.00144891
 0.196976 0.569456 0.194076 0.0375587 0.00193317
 0.518974 0.381816 0.0799577 0.0180837 0.00116848
 0.0928022 0.601141 0.25162 0.0475244 0.00691264
 0.122501 0.610282 0.24278 0.0234846 0.000952079
 0.383417 0.481906 0.127806 0.00687128 0
 0.0376549 0.599619 0.316969 0.0457579 0
 0.0361596 0.667082 0.258105 0.0386534 0
 0.158088 0.579412 0.248529 0.0139706 0
 0.0477256 0.309471 0.559284 0.082774 0.000745712
 0.0406174 0.521527 0.379366 0.0568643 0.0016247
 0.151134 0.462217 0.34131 0.0453401 0
 0.294876 0.26143 0.354403 0.0886775 0.000613685
 0.281977 0.475581 0.204845 0.0348837 0.00271318
 0.0841818 0.532909 0.334909 0.0458182 0.00218182
 0.115287 0.27431 0.454777 0.147771 0.00785563
 0 0 0 0 0
pf_pred 
 0.331772 0.471566 0.175876 0.020772 1.38769e-05
 0.301786 0.562421 0.0958289 0.0357406 0.00422399
 0.16783 0.650226 0.146559 0.0249717 0.0104142
 0.336727 0.480349 0.14293 0.032216 0.00777838
 0.380626 0.48738 0.0955912 0.0284436 0.00795903
 0.249183 0.592399 0.124657 0.0244494 0.00931072
 0.428163 0.418545 0.120949 0.025451 0.00689273
 0.225921 0.649836 0.0909371 0.0262785 0.00702732
 0.355878 0.44184 0.169815 0.0237636 0.00870348
 0.271582 0.587409 0.0967266 0.0371755 0.00710763
 0.130083 0.623909 0.198384 0.0326673 0.0149557
 0.131262 0.461272 0.292237 0.0929225 0.0223064
 0.232056 0.402861 0.193848 0.122811 0.0484244
 0.153949 0.599831 0.129166 0.062152 0.0549021
 0.16813 0.517184 0.223105 0.048043 0.0435379
 0.221743 0.482549 0.183846 0.0793081 0.0325546
 0.17942 0.53789 0.175279 0.0667791 0.0406325
 0.219773 0.460326 0.209695 0.0683319 0.0418741
 0.210346 0.507443 0.166501 0.0758472 0.0398619
 0.303821 0.436379 0.166951 0.0547797 0.0380688
 0.259208 0.54383 0.12346 0.0472336 0.0262686
 0.193511 0.548439 0.18944 0.0430066 0.0256041
 0.269275 0.43512 0.201021 0.0694359 0.025148
 0.257442 0.517098 0.134254 0.0620236 0.0291833
 0.0779805 0.630011 0.203347 0.0527947 0.0358668
 0.117988 0.302781 0.395786 0.127747 0.0556989
 0.15305 0.384767 0.15866 0.207396 0.0961273
pobs_RECLAS
 0 0 0 0 0
 0 0 0 0 0
 0 0 0 0 0
 0 0 0 0 0
 0.835266 0.146461 0.0176864 0.000547809 3.91292e-05
 0.385257 0.428462 0.181853 0.0044286 0
 0.867414 0.0963971 0.0333333 0.00285562 0
 0.441836 0.489002 0.0689373 0.000224442 0
 0.779404 0.147425 0.0564933 0.0165055 0.000172143
 0.814271 0.122319 0.05973 0.00367925 0
 0.40263 0.566651 0.0304383 0.000280538 0
 0.475488 0.404961 0.113038 0.00651328 0
 0.955842 0.0263864 0.0167828 0.000988607 0
 0.975058 0.0227948 0.00214734 0 0
 0.738997 0.206755 0.0527124 0.00153531 0
 0.850938 0.134255 0.0134407 0.00136685 0
 0.542534 0.407297 0.0501686 0 0
 0.764087 0.199537 0.0359546 0.000420521 0
 0.470689 0.182191 0.310203 0.0369168 0
 0.84361 0.089868 0.0606195 0.00523954 0.000663233
 0.607945 0.314616 0.071237 0.00620181 0
 0.523733 0.453247 0.0230204 0 0
 0.530135 0.295979 0.169645 0.0042399 0
 0.562478 0.366248 0.0663022 0.0049721 0
 0.250443 0.683176 0.0655157 0.000865301 0
 0.195077 0.31981 0.436473 0.0351445 0.0134964
 0.565238 0.351407 0.0832357 0.000118908 0
ppred_RECLAS
 0.754855 0.172998 0.0645216 0.00762038 5.09083e-06
 0.727961 0.219131 0.037337 0.0139253 0.00164576
 0.581947 0.326651 0.073626 0.0125449 0.00523173
 0.754347 0.177904 0.0529362 0.0119317 0.00288084
 0.783767 0.170152 0.0333724 0.00993013 0.00277863
 0.672421 0.258462 0.0543877 0.0106672 0.00406224
 0.818173 0.133085 0.0384582 0.00809267 0.00219168
 0.639501 0.302638 0.0423506 0.0122383 0.00327272
 0.770772 0.15724 0.0604331 0.00845692 0.00309736
 0.690557 0.24954 0.0410909 0.0157927 0.00301943
 0.476634 0.375361 0.119354 0.0196536 0.00899774
 0.477686 0.277332 0.175702 0.055868 0.0134113
 0.650555 0.183318 0.0882083 0.0558839 0.022035
 0.534279 0.330186 0.0711016 0.0342125 0.0302216
 0.554672 0.276866 0.119436 0.0257191 0.0233073
 0.629744 0.229573 0.0874645 0.0377308 0.0154879
 0.565697 0.284685 0.0927686 0.0353437 0.0215053
 0.625631 0.220874 0.100616 0.0327871 0.0200921
 0.612088 0.249278 0.0817927 0.0372594 0.0195819
 0.721154 0.174786 0.0668702 0.0219413 0.015248
 0.673563 0.239644 0.0544038 0.0208139 0.0115755
 0.586188 0.281405 0.0972021 0.0220668 0.0131375
 0.685468 0.187293 0.086527 0.0298879 0.0108247
 0.672165 0.228295 0.0592721 0.027383 0.0128842
 0.333225 0.455604 0.147054 0.0381794 0.0259377
 0.441687 0.19166 0.250532 0.0808635 0.0352574
 0.517864 0.219033 0.0903192 0.118062 0.0547216
pobs_PELACES
 0 0 0 0 0
 0 0 0 0 0
 0 0 0 0 0
 0 0 0 0 0
 0 0 0 0 0
 0 0 0 0 0
 0 0 0 0 0
 0 0 0 0 0
 0 0 0 0 0
 0 0 0 0 0
 0.450072 0.473896 0.0757376 0.000293798 0
 0 0 0 0 0
 0.463077 0.371075 0.160297 0.00555027 0
 0.529543 0.364841 0.0842815 0.0213345 0
 0.631943 0.363953 0.00410389 0 0
 0.735681 0.248677 0.0153453 0.000297389 0
 0.695825 0.281241 0.0229344 0 0
 0.275771 0.60734 0.115278 0.00161068 0
 0 0 0 0 0
 0.896147 0.0623911 0.0374545 0.00400742 0
 0.803859 0.145111 0.0509908 3.86294e-05 0
 0.739449 0.233085 0.0266225 0.000797448 4.60066e-05
 0.878498 0.100942 0.0204185 0.000141795 0
 0.694673 0.275183 0.0284847 0.00165964 0
 0.469039 0.446079 0.0841089 0.000773354 0
 0.822795 0.102175 0.0682046 0.00682512 0
 0 0 0 0 0
ppred_PELACES
 0.789236 0.148735 0.0554727 0.00655165 4.37686e-06
 0.764092 0.190027 0.032378 0.0120758 0.00142717
 0.679103 0.250737 0.0565152 0.00962944 0.00401587
 0.776191 0.162084 0.048229 0.0108707 0.00262466
 0.787235 0.167423 0.0328371 0.00977083 0.00273405
 0.712476 0.226858 0.0477373 0.00936286 0.00356553
 0.832482 0.122611 0.0354316 0.00745579 0.0020192
 0.670519 0.276598 0.0387066 0.0111853 0.00299112
 0.794792 0.140764 0.0541005 0.00757074 0.0027728
 0.708302 0.23523 0.0387346 0.0148871 0.00284628
 0.512512 0.349629 0.111171 0.0183062 0.00838092
 0.508654 0.260889 0.165285 0.0525556 0.0126162
 0.689756 0.162753 0.078313 0.0496148 0.0195631
 0.592569 0.288859 0.0622024 0.0299304 0.0264391
 0.598173 0.249821 0.107769 0.0232067 0.0210305
 0.646836 0.218975 0.083427 0.0359891 0.0147729
 0.581774 0.274147 0.0893346 0.0340354 0.0207092
 0.636878 0.214239 0.0975932 0.0318021 0.0194885
 0.621836 0.243013 0.0797372 0.0363231 0.0190898
 0.729755 0.169395 0.0648077 0.0212646 0.0147777
 0.67784 0.236504 0.053691 0.0205412 0.0114238
 0.592317 0.277237 0.0957624 0.0217399 0.0129429
 0.692689 0.182992 0.0845404 0.0292017 0.0105762
 0.679533 0.223164 0.0579399 0.0267676 0.0125946
 0.339848 0.451079 0.145593 0.0378002 0.0256801
 0.450002 0.188806 0.246801 0.0796592 0.0347323
 0.531924 0.212645 0.0876852 0.114619 0.0531257
pobs_pel_tallas
 0 0 0 0 0 0 0 0 0 0 0 0 0 0 0 0 0 0 0 0 0 0 0 0 0 0 0 0 0 0 0 0 0 0 0 0
 0 0 0 0 0 0 0 0 0 0 0 0 0 0 0 0 0 0 0 0 0 0 0 0 0 0 0 0 0 0 0 0 0 0 0 0
 0 0 0 0 0 0 0 0 0 0 0 0 0 0 0 0 0 0 0 0 0 0 0 0 0 0 0 0 0 0 0 0 0 0 0 0
 0 0 0 0 0 0 0 0 0 0 0 0 0 0 0 0 0 0 0 0 0 0 0 0 0 0 0 0 0 0 0 0 0 0 0 0
 0 0 0 0 0 0 0 0 0 0 0 0 0 0 0 0 0 0 0 0 0 0 0 0 0 0 0 0 0 0 0 0 0 0 0 0
 0 0 0 0 0 0 0 0 0 0 0 0 0 0 0 0 0 0 0 0 0 0 0 0 0 0 0 0 0 0 0 0 0 0 0 0
 0 0 0 0 0 0 0 0 0 0 0 0 0 0 0 0 0 0 0 0 0 0 0 0 0 0 0 0 0 0 0 0 0 0 0 0
 0 0 0 0 0 0 0 0 0 0 0 0 0 0 0 0 0 0 0 0 0 0 0 0 0 0 0 0 0 0 0 0 0 0 0 0
 0 0 0 0 0 0 0 0 0 0 0 0 0 0 0 0 0 0 0 0 0 0 0 0 0 0 0 0 0 0 0 0 0 0 0 0
 0 0 0 0 0 0 0 0 0 0 0 0 0 0 0 0 0 0 0 0 0 0 0 0 0 0 0 0 0 0 0 0 0 0 0 0
 0 0 0 0 0 0 0 0 1.78061e-05 0.00172719 0.00360574 0.0105946 0.0120993 0.0124554 0.0147524 0.0171206 0.0266825 0.0428682 0.0675386 0.121331 0.153587 0.119568 0.100827 0.0573624 0.0630603 0.0341343 0.0324427 0.0444173 0.0211091 0.0280891 0.0125444 0.00206551 0 0 0 0
 0 0 0 0 0 0 0 0 0 0 0 0 0 0 0 0 0 0 0 0 0 0 0 0 0 0 0 0 0 0 0 0 0 0 0 0
 0 0 0 0 0 0 0.0133647 0.0140871 0.0187388 0.0205184 0.03894 0.0496705 0.03968 0.0493445 0.0407372 0.0367815 0.0215668 0.0243155 0.0234873 0.0199281 0.019796 0.0243948 0.0301388 0.0376714 0.0412746 0.0863199 0.0771752 0.113111 0.0741005 0.0525337 0.0229764 0.00759418 0.00175318 0 0 0
 0 0 0 0 0 0 0 0 0 0 0.00219441 0.00772107 0.0458388 0.0604681 0.0671733 0.0775358 0.0609151 0.0617685 0.073594 0.0568108 0.0755445 0.0548602 0.0670107 0.0636378 0.0643287 0.046367 0.0373049 0.0286899 0.0247887 0.0153202 0.00654259 0.00121912 0.000365735 0 0 0
 0 0 0 0 0 0 0 0 0 0 0 0 0.000112435 0.00938835 0.0111873 0.0202946 0.0414886 0.0713402 0.111592 0.104902 0.108894 0.110636 0.117776 0.105296 0.107544 0.0401394 0.0192827 0.0124803 0.00416011 0.0028671 0.000618394 0 0 0 0 0
 0 0 0 0 0 0 0 0 0 0 0.00291406 0.0102884 0.027416 0.0768956 0.0749926 0.110853 0.0956884 0.0897413 0.0766577 0.0534642 0.0500743 0.0551293 0.0594112 0.0620874 0.0668451 0.0424026 0.0208742 0.0120726 0.0048766 0.00582813 0.00118941 0.000297354 0 0 0 0
 0 0.00264628 0.0354308 0.0461629 0.0458689 0.0383711 0.0214643 0.0164657 0.0346957 0.0420465 0.0363128 0.0245516 0.0311673 0.0291091 0.0169068 0.0133784 0.00837989 0.0085269 0.0148486 0.0160247 0.0276389 0.0546898 0.0760071 0.122758 0.109233 0.0665981 0.0333725 0.0166128 0.00676272 0.00308733 0.000882094 0 0 0 0 0
 0 0 0 0 0 0 0 0.000805153 0.000690131 0.00759144 0.0133425 0.0154129 0.00931677 0.000345066 0.00356568 0.00563607 0.00851162 0.0253048 0.0502646 0.0516448 0.0657925 0.0565908 0.0611916 0.0827007 0.0866115 0.110766 0.145733 0.0935128 0.0569358 0.0249597 0.0138026 0.00621118 0.00161031 0.00115022 0 0
 0 0 0 0 0 0 0 0 0 0 0 0 0 0 0 0 0 0 0 0 0 0 0 0 0 0 0 0 0 0 0 0 0 0 0 0
 0.00147267 0.00158595 0.00478618 0.00569244 0.00954404 0.0108468 0.00647125 0.017049 0.0510054 0.094081 0.124002 0.0959785 0.0687766 0.0820023 0.061753 0.0591476 0.0492212 0.0479892 0.0443925 0.0268479 0.0217502 0.0140895 0.0121071 0.0120363 0.00920419 0.00665534 0.0049561 0.00860946 0.00930331 0.0156896 0.0114698 0.00855282 0.00243557 0.00046729 0 2.83206e-05
 0 0 0 0 0.000772559 0.00158375 0.000888443 0.00281984 0.00712685 0.0440552 0.0773331 0.111326 0.0921469 0.0852325 0.0710754 0.0886704 0.0786465 0.0553345 0.0373146 0.0185414 0.00753245 0.00457741 0.012979 0.0271748 0.0457355 0.0583668 0.034881 0.0177882 0.00938659 0.00492506 0.0015258 0.00185414 0.000309023 5.79419e-05 3.86279e-05 0
 0 0.00173294 0.00326652 0 0.00397197 0.00683976 0.00946217 0.0152591 0.00757587 0.0136028 0.0228656 0.0392903 0.0559909 0.0764795 0.0681675 0.0726916 0.0566044 0.0477403 0.0527397 0.0444891 0.0609904 0.0582453 0.0661739 0.0445044 0.0529084 0.0360697 0.0280645 0.0235558 0.0158879 0.00826598 0.00280645 0.00217768 0.000904811 0.00058276 9.20147e-05 0
 0 0 0 0 0 0 0 0 0 0 0 0 0 0 0 0 0 0 0 0 0 0 0 0 0 0 0 0 0 0 0 0 0 0 0 0
 0 0 0 0 0 0 0 0 0 0 0 0 0 0 0 0 0 0 0 0 0 0 0 0 0 0 0 0 0 0 0 0 0 0 0 0
 0 0 0 0 0 0 0 0 0 0 0 0 0 0 0 0 0 0 0 0 0 0 0 0 0 0 0 0 0 0 0 0 0 0 0 0
 0 0 0 0 0 0 0 0 0 0 0 0 0 0 0 0 0 0 0 0 0 0 0 0 0 0 0 0 0 0 0 0 0 0 0 0
 0 0 0 0 0 0 0 0 0 0 0 0 0 0 0 0 0 0 0 0 0 0 0 0 0 0 0 0 0 0 0 0 0 0 0 0
ppred_pel_tallas
 1.01062e-16 3.44332e-05 0.0002021 0.000960705 0.00369879 0.0115343 0.0291348 0.0596134 0.0988148 0.132703 0.144399 0.127351 0.091121 0.0530958 0.0256132 0.0110188 0.00554053 0.00474257 0.00590876 0.00785116 0.0100926 0.0123547 0.014386 0.0159525 0.0168768 0.017075 0.0165718 0.0154866 0.013998 0.0122986 0.0105565 0.0088921 0.0073745 0.0060306 0.00486104 0.00385481
 1.01004e-16 3.33384e-05 0.00019567 0.000930124 0.00358103 0.0111671 0.0282072 0.0577158 0.0956708 0.128484 0.139819 0.123337 0.0883024 0.0515616 0.0250749 0.0111313 0.00609561 0.00568301 0.00725941 0.00965018 0.0123464 0.0150131 0.0173334 0.0190158 0.0198483 0.0197463 0.0187704 0.0171047 0.0150067 0.0127452 0.0105462 0.00856159 0.00686426 0.00546287 0.00432654 0.00340879
 1.01403e-16 2.9635e-05 0.000173921 0.000826718 0.00318287 0.00992544 0.025071 0.0512993 0.0850372 0.114211 0.124307 0.109701 0.078645 0.046134 0.0228311 0.0108089 0.00687493 0.00724908 0.00959541 0.0128402 0.01646 0.0200487 0.0231941 0.0255099 0.0267116 0.0266803 0.0254867 0.0233642 0.0206441 0.0176749 0.0147527 0.0120798 0.00975847 0.00780882 0.00620032 0.00488138
 1.01234e-16 3.38649e-05 0.000198763 0.000944836 0.00363768 0.0113438 0.0286535 0.0586287 0.097183 0.130513 0.142019 0.125261 0.0896447 0.0522737 0.025288 0.0110008 0.00570875 0.00505331 0.00636257 0.00846092 0.0108641 0.013277 0.0154281 0.0170654 0.0180003 0.0181481 0.0175433 0.0163237 0.0146901 0.0128561 0.0110044 0.0092625 0.00769827 0.00633164 0.0051535 0.00414318
 1.00985e-16 3.43466e-05 0.000201591 0.000958279 0.00368944 0.0115052 0.0290612 0.0594629 0.0985659 0.13237 0.144041 0.127045 0.090922 0.0530206 0.0256527 0.011164 0.00579732 0.00512976 0.00644755 0.00855283 0.0109477 0.0133259 0.0154064 0.0169314 0.0177127 0.0176732 0.0168627 0.0154396 0.0136268 0.0116577 0.00972914 0.00797435 0.00645837 0.00519111 0.00414867 0.00329381
 1.0124e-16 3.10892e-05 0.000182461 0.000867323 0.00333921 0.010413 0.0263025 0.0538189 0.0892127 0.119816 0.130398 0.115056 0.0824372 0.0482653 0.0237121 0.0109355 0.00656899 0.00663434 0.00867857 0.0115884 0.0148461 0.0180736 0.020896 0.0229642 0.0240219 0.0239637 0.0228558 0.0209121 0.0184349 0.0157415 0.0131004 0.0106947 0.00861531 0.00687833 0.00545339 0.00429106
 1.00894e-16 3.63178e-05 0.000213167 0.00101332 0.00390139 0.0121662 0.0307307 0.0628785 0.104226 0.139966 0.152294 0.134293 0.0960428 0.0558717 0.0267797 0.0112237 0.00520751 0.00403867 0.00484784 0.00639224 0.00819634 0.0100109 0.0116257 0.0128494 0.0135397 0.0136333 0.0131575 0.0122179 0.0109677 0.00956977 0.00816352 0.0068458 0.00566793 0.00464439 0.00376727 0.00301964
 1.01164e-16 2.92617e-05 0.000171728 0.000816284 0.00314269 0.00980013 0.0247545 0.0506519 0.0839648 0.112773 0.122748 0.108341 0.0777028 0.0456476 0.0227129 0.0109562 0.00723498 0.0078219 0.0104064 0.0139112 0.0177884 0.021594 0.0248742 0.0272065 0.0282859 0.0279957 0.0264326 0.0238755 0.0207106 0.0173395 0.0140987 0.0112131 0.00878831 0.00683191 0.00529068 0.00408651
 1.01204e-16 3.46751e-05 0.000203522 0.000967464 0.00372481 0.0116155 0.0293398 0.0600327 0.0995097 0.133635 0.145411 0.128239 0.0917452 0.0534371 0.0257361 0.0110002 0.00542707 0.00454727 0.00562575 0.0074705 0.00960989 0.0117767 0.0137327 0.0152569 0.0161809 0.0164238 0.0160066 0.015039 0.013686 0.0121255 0.0105127 0.00895855 0.00752659 0.006242 0.0051067 0.00411289
 1.01272e-16 3.09075e-05 0.000181394 0.000862247 0.00331967 0.010352 0.0261485 0.0535039 0.0886908 0.119116 0.129638 0.11439 0.0819714 0.0480146 0.0236297 0.0109656 0.00667867 0.00681572 0.00893678 0.0119296 0.0152693 0.0185663 0.021433 0.0235095 0.0245342 0.0244032 0.0231921 0.0211296 0.0185353 0.0157419 0.0130289 0.0105837 0.00849526 0.00677309 0.00537774 0.00425062
 1.02713e-16 2.2375e-05 0.000131289 0.00062402 0.00240239 0.00749154 0.0189233 0.0387215 0.0641923 0.0862302 0.0938928 0.0829563 0.05968 0.0354296 0.0183172 0.00998451 0.00810036 0.00987132 0.0135499 0.0182733 0.0235134 0.0287559 0.0334371 0.0370154 0.0390822 0.0394508 0.0381918 0.0355976 0.0320973 0.0281487 0.0241453 0.020363 0.016951 0.0139565 0.0113646 0.00913519
 1.04827e-16 2.22033e-05 0.000130289 0.000619283 0.00238418 0.00743477 0.0187798 0.0384272 0.0637022 0.0855649 0.0931502 0.0822571 0.0590833 0.0348883 0.0176962 0.009107 0.00678242 0.00794096 0.0108679 0.0147666 0.019215 0.0238391 0.0282269 0.0319663 0.0347212 0.0362947 0.0366579 0.0359309 0.0343312 0.0321074 0.0294845 0.0266346 0.0236759 0.0206885 0.0177368 0.0148843
 1.03784e-16 3.00959e-05 0.000176636 0.000839641 0.00323265 0.0100807 0.0254631 0.0521009 0.0863634 0.115985 0.126217 0.111339 0.0797137 0.0465499 0.0226463 0.0100739 0.0055589 0.00524681 0.0067795 0.00912309 0.0118496 0.014689 0.0173818 0.0196778 0.0213769 0.0223679 0.0226431 0.0222854 0.0214323 0.020234 0.0188181 0.0172727 0.0156488 0.0139736 0.0122684 0.0105608
 1.03241e-16 2.58632e-05 0.000151774 0.000721421 0.00277743 0.0086611 0.0218774 0.0447654 0.0742082 0.0996738 0.108502 0.0957953 0.0687669 0.0405234 0.0203972 0.010231 0.00727362 0.00825353 0.0111407 0.014978 0.0192543 0.02353 0.0273419 0.0302515 0.0319337 0.0322485 0.0312676 0.0292425 0.0265307 0.0235046 0.0204738 0.0176426 0.0151058 0.0128737 0.0109097 0.00916501
 1.03392e-16 2.61061e-05 0.000153204 0.000728224 0.00280364 0.00874283 0.0220838 0.0451874 0.0749067 0.100609 0.109511 0.0966654 0.0693464 0.0407746 0.0203578 0.00994203 0.00673818 0.00743911 0.0100046 0.0134957 0.0174437 0.0214669 0.025164 0.0281463 0.0301121 0.0309082 0.0305549 0.0292242 0.0271818 0.024716 0.0220766 0.0194416 0.016913 0.0145354 0.0123222 0.0102778
 1.03183e-16 2.82267e-05 0.000165657 0.000787433 0.00303162 0.00945378 0.0238796 0.0488614 0.0809955 0.108782 0.118394 0.104476 0.0748818 0.0438933 0.0216618 0.0101584 0.00634124 0.00661416 0.00876491 0.0117939 0.0152362 0.0187451 0.0219683 0.0245677 0.0262826 0.0269825 0.0266892 0.0255557 0.0238154 0.0217186 0.0194793 0.0172463 0.0151012 0.0130752 0.0111741 0.00939864
 1.03495e-16 2.53919e-05 0.000149009 0.000708276 0.00272683 0.00850329 0.0214788 0.0439496 0.0728558 0.0978567 0.106523 0.0940444 0.0675029 0.0397645 0.01999 0.00998757 0.00705621 0.00798666 0.0107925 0.014545 0.0187578 0.0230166 0.0268825 0.0299346 0.0318523 0.0324835 0.0318711 0.0302255 0.0278585 0.0251012 0.0222345 0.0194507 0.0168503 0.0144634 0.0122822 0.0102893
 1.03459e-16 2.77923e-05 0.000163107 0.000775311 0.00298495 0.00930825 0.023512 0.0481092 0.0797486 0.107107 0.116572 0.102868 0.0737302 0.0432199 0.0213331 0.0100114 0.00626157 0.00654534 0.00868814 0.0117103 0.015159 0.0186975 0.021982 0.0246796 0.0265296 0.0273949 0.0272844 0.0263333 0.0247556 0.0227844 0.0206212 0.0184093 0.0162323 0.0141293 0.0121182 0.0102135
 1.03352e-16 2.71376e-05 0.00015926 0.000757019 0.00291451 0.00908858 0.0229571 0.0469742 0.0778681 0.104584 0.113834 0.10047 0.0720509 0.0423149 0.0210336 0.0101161 0.00665217 0.00719427 0.00961599 0.0129428 0.0166982 0.0205052 0.0239742 0.0267325 0.0284955 0.029127 0.028662 0.0272829 0.0252605 0.0228825 0.0203923 0.0179557 0.0156588 0.0135275 0.0115565 0.00973406
 1.02397e-16 3.18403e-05 0.000186876 0.000888324 0.00342009 0.0106652 0.0269395 0.0551219 0.0913708 0.122709 0.133533 0.117788 0.0843218 0.0492219 0.0239097 0.010571 0.00573548 0.00531642 0.0068093 0.0091101 0.0117567 0.0144563 0.0169313 0.0189196 0.0202193 0.0207305 0.0204715 0.0195628 0.0181875 0.0165418 0.0147937 0.01306 0.0114046 0.00985148 0.00840369 0.00705963
 1.02079e-16 2.95793e-05 0.000173596 0.000825175 0.00317693 0.00990693 0.0250242 0.0512035 0.0848779 0.113996 0.12407 0.109485 0.0784738 0.0460017 0.0227064 0.0106518 0.00664643 0.00691503 0.00912829 0.0122234 0.0156942 0.0191578 0.0222287 0.0245446 0.0258376 0.0259927 0.0250702 0.0232801 0.0209218 0.018309 0.0157054 0.0132886 0.0111453 0.00929029 0.00769632 0.00632205
 1.02802e-16 2.58519e-05 0.000151709 0.000721111 0.00277624 0.00865739 0.021868 0.044746 0.074176 0.0996296 0.108452 0.0957463 0.0687213 0.0404758 0.0203356 0.0101399 0.00713728 0.00805814 0.010878 0.0146496 0.0188762 0.0231346 0.0269772 0.0299746 0.0318002 0.0322997 0.0315188 0.029676 0.0270958 0.0241256 0.0210637 0.0181188 0.0154048 0.0129605 0.0107811 0.00884636
 1.02758e-16 3.02247e-05 0.00017739 0.000843221 0.00324643 0.0101237 0.0255716 0.0523232 0.0867323 0.116482 0.126762 0.11183 0.0800881 0.046814 0.0228593 0.0103111 0.00588858 0.00572375 0.0074451 0.0100015 0.0129396 0.0159556 0.0187521 0.0210435 0.0226059 0.0233218 0.0231982 0.022351 0.0209642 0.0192388 0.0173498 0.0154229 0.0135327 0.0117156 0.0099889 0.00836577
 1.02404e-16 2.96526e-05 0.000174028 0.000827229 0.00318484 0.00993161 0.0250865 0.0513309 0.0850887 0.114278 0.124374 0.109746 0.0786449 0.0460701 0.0226813 0.0105421 0.00644854 0.00661372 0.00870477 0.0116648 0.0150022 0.0183547 0.0213595 0.0236748 0.0250451 0.0253558 0.024655 0.0231293 0.0210487 0.0186966 0.0163119 0.0140555 0.0120073 0.0101844 0.0085681 0.00712996
 1.04713e-16 1.48501e-05 8.71026e-05 0.00041393 0.00159346 0.00496888 0.0125514 0.0256849 0.0425872 0.0572285 0.0623685 0.0552337 0.0400187 0.0243259 0.0136225 0.00910187 0.009324 0.0125161 0.0175389 0.0237477 0.0306101 0.037503 0.043711 0.0485399 0.0514627 0.052234 0.0509339 0.047924 0.0437367 0.0389385 0.0340133 0.0292961 0.0249648 0.0210738 0.0176067 0.0145234
 1.07925e-16 1.96429e-05 0.000115264 0.000547866 0.00210924 0.00657737 0.016614 0.0339953 0.0563545 0.0756931 0.0823971 0.0727469 0.0522209 0.0307742 0.015499 0.00780627 0.00562871 0.00651919 0.00899248 0.0123974 0.0164351 0.0208611 0.0253925 0.02972 0.0335531 0.036663 0.0389062 0.0402219 0.0406126 0.0401182 0.0387971 0.036722 0.0339868 0.0307152 0.0270652 0.0232215
 1.07735e-16 2.32156e-05 0.000136238 0.000647576 0.00249314 0.00777456 0.019638 0.0401828 0.0666105 0.0894656 0.0973815 0.0859572 0.0616616 0.0362509 0.0180914 0.00882706 0.00598299 0.00662895 0.00896837 0.0121926 0.0159193 0.0198487 0.0236638 0.0270505 0.0297549 0.0316293 0.0326509 0.0329005 0.0325183 0.0316497 0.030406 0.0288491 0.0270018 0.0248727 0.0224836 0.0198867
pSPR Fmed_Fpbrs
0.449355   0.342531 0.342531
Fs Fmed_Fpbrs
0.64   1.005 1.005
SSBpbr Bo_Bmed_Bpbrs
1.70162e+06  679550  497776 497776
Ro
47471.6
SPR SPRFo_SPRFmed_SPRFpbrs
980490 440588 335848
log_Ro
10.5879
likeval ReclasPelacesDesembMPH_pf_preclas_ppelaces_ptallas_desvR_qrecl_qpela
 0.00118771 25.3456 0.00993967 16.9906 326.973 215.892 56.0997 0 15.4465 4.73784e-05 0 0 0 0 0
q_reclas_q_pelaces
0.37705 1
M
0.7
N
 34368 10594.3 3951.27 466.668 0.31176
 37591.8 15112.6 2574.98 960.37 113.501
 15657.1 16578.5 3736.74 636.69 265.526
 21132.9 5992.93 1783.23 401.933 97.0447
 43442.3 9729.96 1908.37 567.843 158.893
 41657.9 21298.5 4481.8 879.028 334.748
 97328.1 18402.1 5317.75 1119 303.052
 77978.4 45438.8 6358.64 1837.49 491.374
 140679 35554.8 13665 1912.26 700.367
 155799 63982.3 10535.7 4049.27 774.184
 74992.5 73412.4 23342.9 3843.81 1759.76
 48623.3 34060.6 21578.9 6861.45 1647.12
 60627.1 22355.5 10757 6815.03 2687.16
 30453.2 26961.8 5805.91 2793.67 2467.79
 19953.9 13049.2 5629.21 1212.18 1098.51
 21747.9 8869.4 3379.14 1457.71 598.364
 18551.9 10314 3360.96 1280.48 779.124
 23281.6 8843.75 4028.64 1312.79 804.482
 25879.1 11219.2 3681.24 1676.93 881.321
 48407.5 12525.9 4792.18 1572.4 1092.73
 63858.4 23401.8 5312.68 2032.54 1130.38
 62803.5 31328.7 10821.5 2456.69 1462.59
 106765 30700.3 14183.2 4899.11 1774.34
 145268 51918.7 13479.6 6227.42 2930.12
 49399 70645.8 22802.1 5920.09 4021.89
 52740.2 24082.7 31480.2 10160.8 4430.21
 55674.3 25647.9 10576 13824.6 6407.68
pred_Ctot
 2849.88 4050.68 1510.75 178.429 0.1192
 3046.17 5676.97 967.28 360.759 42.6362
 2619.91 10150.3 2287.86 389.82 162.571
 1111.79 1586 471.921 106.369 25.6824
 397.526 509.019 99.8354 29.7065 8.31241
 3330.96 7918.89 1666.36 326.827 124.461
 4204.54 4110.09 1187.71 249.928 67.6864
 4610.89 13262.7 1855.96 536.327 143.423
 8553.97 10620.2 4081.71 571.189 209.199
 5745.15 12426.3 2046.19 786.425 150.358
 4628.48 22199.3 7058.7 1162.33 532.136
 2603.96 9150.66 5797.35 1843.38 442.512
 4583.32 7956.87 3828.67 2425.63 956.426
 3028.44 11799.7 2540.93 1222.64 1080.02
 1514.92 4660.04 2010.27 432.888 392.294
 705.297 1534.84 584.758 252.255 103.547
 535.413 1605.13 523.054 199.277 121.252
 496.232 1039.38 473.476 154.289 94.5488
 471.811 1138.2 373.466 170.127 89.4109
 923.38 1326.25 507.401 166.488 115.7
 554.176 1162.68 263.952 100.983 56.1612
 705.972 2000.83 691.121 156.898 93.4096
 1593.76 2575.35 1189.78 410.971 148.844
 2163.86 4346.32 1128.43 521.322 245.292
 649.631 5248.43 1694.02 439.816 298.795
 786.107 2017.31 2636.97 851.126 371.101
 1381.65 3473.45 1432.29 1872.25 867.781
F
 0.1216 0.714474 0.714474 0.714474 0.714474
 0.118679 0.697313 0.697313 0.697313 0.697313
 0.260344 1.52968 1.52968 1.52968 1.52968
 0.0756233 0.444333 0.444333 0.444333 0.444333
 0.0127962 0.0751852 0.0751852 0.0751852 0.0751852
 0.117024 0.687586 0.687586 0.687586 0.687586
 0.0617216 0.362652 0.362652 0.362652 0.362652
 0.085358 0.501531 0.501531 0.501531 0.501531
 0.0878717 0.5163 0.5163 0.5163 0.5163
 0.052473 0.308311 0.308311 0.308311 0.308311
 0.0892462 0.524376 0.524376 0.524376 0.524376
 0.0770281 0.452587 0.452587 0.452587 0.452587
 0.11032 0.648198 0.648198 0.648198 0.648198
 0.147466 0.866452 0.866452 0.866452 0.866452
 0.110815 0.651105 0.651105 0.651105 0.651105
 0.0460177 0.270382 0.270382 0.270382 0.270382
 0.0408592 0.240073 0.240073 0.240073 0.240073
 0.0300327 0.176461 0.176461 0.176461 0.176461
 0.0256391 0.150645 0.150645 0.150645 0.150645
 0.0268399 0.157701 0.157701 0.157701 0.157701
 0.0121319 0.0712823 0.0712823 0.0712823 0.0712823
 0.0157396 0.0924798 0.0924798 0.0924798 0.0924798
 0.0209499 0.123094 0.123094 0.123094 0.123094
 0.0209043 0.122826 0.122826 0.122826 0.122826
 0.0184355 0.10832 0.10832 0.10832 0.10832
 0.020918 0.122906 0.122906 0.122906 0.122906
 0.0350446 0.205909 0.205909 0.205909 0.205909
Np
 43698.2 18288.3 4852.41 1884.29 918.232
YTP_r0W_actual
 52129.1 267190 160165 267371 137523
YTP_p0W_proyectada
 40915.6 278099 156988 82670.6 168391
 40915.6 190521 73485.7 36442.5 19707.4
CTP_r0_actual
 6357.21 12369.9 5100.79 6667.6 3090.41
CTP_p0_proyectada
 4989.7 12874.9 4999.61 2061.61 3784.07
 4989.7 8820.41 2340.31 908.791 442.862
Wmedp
 8.2 21.6 31.4 40.1 44.5
nmprior
 10.8 10.6 4.6 0
nm_flota  nm_reclas  nm_pelaces    nm_pelaL
inf 16.8532 16.8228 52.0305
cv_recla  cv_pelaces  cv_mph
0.994865 0.551495 0.550821
 ------------------------------------------------
Talla a la edad & desviaci?n 
 7.2 14.2025 17.0495 18.207 18.6776
 1.08 2.13037 2.55742 2.73105 2.80164
