    unsorted:	 311.6077747 317.7085410 287.7978496 259.2831448 155.9190611 185.7227784 126.2020494 390.0124668 456.4174070 518.9076458 560.8720937 74.61786566 49.70123317 13.90628059 618.9729371 689.2003024 849.8969398 837.0412023 1224.532483 1739.171370 2000.668768 2487.165681 3039.983431 4058.043695 4453.615720 4942.552106 6542.932401 7755.298961 8899.258085 10030.01913 11830.43863 12207.35782 13609.65762 14817.14127 15107.55542 15700.07023 17197.33803 17971.51982 20461.43275 20656.42258 31487.91711 1214851.504 1214048.137 1221097.038 1195595.990 1190479.185 1250638.955 1262051.180 1259858.520 1278396.497 1182589.455 1289914.478 1294404.675 1310324.380 1168423.228 1341595.969 1357201.770 1393376.966 1396356.561 1399969.251 1385747.726 1412135.912 1424881.804 1143727.637 1111187.226 1457194.979 1473759.389 1494781.455 1513440.519 1095983.889 1085013.068 1082090.009 1526356.936 1540894.364 1045884.241 1042305.134 1029127.123 1007115.370 1596940.361 1617599.383 1628717.443 1637069.110 1649790.079 1679680.125 1681604.555 1677203.091 1706909.653 1712168.147 1727251.299 1737870.122 1756150.462 1760209.091 1764492.256 1773091.777 1798809.331 1826765.590 1826435.847 1827085.244 1820395.293 1816757.109 1805660.482 1838263.676 1858078.108 951837.8686 1899100.608 929281.9844 918395.0679 1941764.693 1980396.224 1979224.130 1961270.069 1985992.759 1990944.391 1995250.390 854339.1070 2030980.908 828385.4878 810025.7662 776381.1708 2085426.529 2102274.994 2115112.873 703305.7558 658202.2663 620079.0063 613319.0782 2160279.245 2168540.256 525281.8883 2203936.494 2226683.222 169107.9084 183673.3735 2253635.010 2262158.890 359141.6716 2366849.268 2387553.097 2545779.412 2610937.869 2676927.140 2735276.664 2834900.069 2859855.285 3090854.547 3250096.050 3852972.313 4285585.745 4391348.674 5494449.496 5442623.631 6283936.773 7958727.627 8725192.906 10245607.06 11371105.57 12451112.46 13118462.16 13096985.95 55393422.65
      sorted:	 13.90628059 49.70123317 74.61786566 126.2020494 155.9190611 185.7227784 259.2831448 287.7978496 311.6077747 317.7085410 390.0124668 456.4174070 518.9076458 560.8720937 618.9729371 689.2003024 837.0412023 849.8969398 1224.532483 1739.171370 2000.668768 2487.165681 3039.983431 4058.043695 4453.615720 4942.552106 6542.932401 7755.298961 8899.258085 10030.01913 11830.43863 12207.35782 13609.65762 14817.14127 15107.55542 15700.07023 17197.33803 17971.51982 20461.43275 20656.42258 31487.91711 169107.9084 183673.3735 359141.6716 525281.8883 613319.0782 620079.0063 658202.2663 703305.7558 776381.1708 810025.7662 828385.4878 854339.1070 918395.0679 929281.9844 951837.8686 1007115.370 1029127.123 1042305.134 1045884.241 1082090.009 1085013.068 1095983.889 1111187.226 1143727.637 1168423.228 1182589.455 1190479.185 1195595.990 1214048.137 1214851.504 1221097.038 1250638.955 1259858.520 1262051.180 1278396.497 1289914.478 1294404.675 1310324.380 1341595.969 1357201.770 1385747.726 1393376.966 1396356.561 1399969.251 1412135.912 1424881.804 1457194.979 1473759.389 1494781.455 1513440.519 1526356.936 1540894.364 1596940.361 1617599.383 1628717.443 1637069.110 1649790.079 1677203.091 1679680.125 1681604.555 1706909.653 1712168.147 1727251.299 1737870.122 1756150.462 1760209.091 1764492.256 1773091.777 1798809.331 1805660.482 1816757.109 1820395.293 1826435.847 1826765.590 1827085.244 1838263.676 1858078.108 1899100.608 1941764.693 1961270.069 1979224.130 1980396.224 1985992.759 1990944.391 1995250.390 2030980.908 2085426.529 2102274.994 2115112.873 2160279.245 2168540.256 2203936.494 2226683.222 2253635.010 2262158.890 2366849.268 2387553.097 2545779.412 2610937.869 2676927.140 2735276.664 2834900.069 2859855.285 3090854.547 3250096.050 3852972.313 4285585.745 4391348.674 5442623.631 5494449.496 6283936.773 7958727.627 8725192.906 10245607.06 11371105.57 12451112.46 13096985.95 13118462.16 55393422.65
