years
 1997 1998 1999 2000 2001 2002 2003 2004 2005 2006 2007 2008 2009 2010 2011 2012 2013 2014 2015 2016 2017 2018 2019 2020
reclasobs
 0 0 0 370054 412103 1.49427e+06 250295 1.28982e+06 931140 785840 897777 1.04006e+06 184774 17550 25797 100020 73551 82996 120727 218422 84188 347160 605670 569463
reclaspred
 534844 136369 361466 237026 365347 445911 970127 666826 752655 757156 630774 425249 263692 109657 66739.9 64826.9 78178.2 106906 117125 160855 239280 225363 381567 440930
pelacesobs
 0 0 0 0 0 0 0 0 0 2.06254e+06 1.5e+06 0 1.87456e+06 323000 250000 174000 83755 137374 0 501740 490994 745055 786931 1.00524e+06
pelacespred
 2.14375e+06 507029 761343 817963 1.09931e+06 1.06099e+06 2.73393e+06 2.22994e+06 2.27161e+06 2.30262e+06 1.66371e+06 1.16608e+06 710874 227646 143239 151338 192651 276195 304442 413934 707606 640878 876823 1.15661e+06
mphobs
 0 0 0 0 0 0 112323 0 153150 637223 0 255016 313432 73983 77613 109348 50772 17779 17303 59886 28197 0 207744 136588
mphpred
 193672 108091 119569 120131 129407 212984 313316 377384 329681 347279 348705 240604 142477 73231 29262.9 24029.9 26794.6 37323.3 50899.3 55782.6 88421.1 110600 135466 191161
desembarqueobs
 350755 77701 442110 56441 14545 235359 269955 359681 431902 328805 639364 411747 362871 311530 167758 66681 60226 58785 57116 73181 50977 67692 138656 160484
desembarquepred
 350759 77699.1 442090 56443.3 14545.2 235421 270002 359659 431925 328805 639306 411796 362973 311655 167606 66678.6 60250.8 58777.7 57101.9 73176.8 50977.8 67680 138652 160486
Reclutas
 39444 48535.1 24446.6 36151.4 66155.1 46950 82921 81394.9 104253 119721 65625.8 44124.4 47680 25196.9 15290.2 14156.4 10422.1 12672.7 13728.2 21761.6 28237.3 37118.8 55081.3 57161.3
log_desv_Rt
 0.0638949 0.271301 -0.414494 -0.02327 0.581016 0.238096 0.806902 0.788326 1.03584 1.17418 0.572983 0.176025 0.253526 -0.384267 -0.883772 -0.960818 -1.26706 -1.07154 -0.991534 -0.53084 -0.270344 0.00313816 0.397824 0.434891
SSB
 533332 297660 329268 330816 356361 586513 839495 1.0275e+06 886809 936301 960262 662575 406450 212835 89956.8 73786.7 85368.7 112672 144733 167374 249927 304569 384034 516234
BT
 1.7204e+06 438371 735148 567212 705877 817962 1.95272e+06 1.79189e+06 1.85026e+06 1.76541e+06 1.59799e+06 1.09447e+06 805119 435872 232371 151391 170888 222540 235038 319908 488678 450290 635254 842285
Ftot
 0.596772 0.544215 0.91778 0.206059 0.0387492 0.372976 0.244847 0.464002 0.524546 0.388763 0.746048 0.706185 1.14759 2.11116 2.30832 0.936428 0.684857 0.491194 0.387585 0.405314 0.186089 0.23788 0.283009 0.291729
BD_Bspro_t
 0.927936 0.681788 0.607433 0.428781 0.574991 0.741691 0.690565 0.705364 0.639993 0.607425 0.584241 0.420237 0.311097 0.212507 0.113978 0.114858 0.17525 0.285119 0.395375 0.490903 0.616236 0.719582 0.731723 0.72838
BD_Bspro
 0.700496 0.390957 0.432472 0.434505 0.468056 0.770345 1.10262 1.34955 1.16476 1.22977 1.26124 0.870247 0.533845 0.279545 0.118152 0.0969139 0.112126 0.147987 0.190097 0.219834 0.328262 0.40003 0.504403 0.678038
BD_Bo
 0.489886 0.273412 0.302445 0.303867 0.327331 0.538734 0.771108 0.943794 0.814567 0.860027 0.882036 0.6086 0.37334 0.195497 0.0826286 0.0677759 0.0784143 0.103493 0.132942 0.153739 0.229567 0.279758 0.35275 0.47418
BD_Brms
 0.890701 0.497113 0.5499 0.552486 0.595147 0.979517 1.40201 1.71599 1.48103 1.56369 1.6037 1.10654 0.678799 0.355449 0.150234 0.123229 0.142571 0.188169 0.241714 0.279525 0.417395 0.50865 0.641363 0.862146
S_f
 0.160343 1 1 1 1
 0.160343 1 1 1 1
 0.160343 1 1 1 1
 0.160343 1 1 1 1
 0.160343 1 1 1 1
 0.160343 1 1 1 1
 0.160343 1 1 1 1
 0.160343 1 1 1 1
 0.160343 1 1 1 1
 0.160343 1 1 1 1
 0.160343 1 1 1 1
 0.160343 1 1 1 1
 0.160343 1 1 1 1
 0.160343 1 1 1 1
 0.160343 1 1 1 1
 0.160343 1 1 1 1
 0.160343 1 1 1 1
 0.160343 1 1 1 1
 0.160343 1 1 1 1
 0.160343 1 1 1 1
 0.160343 1 1 1 1
 0.160343 1 1 1 1
 0.160343 1 1 1 1
 0.160343 1 1 1 1
Scru_reclas
 0.777161 1 1 1 1
 0.777161 1 1 1 1
 0.777161 1 1 1 1
 0.777161 1 1 1 1
 0.777161 1 1 1 1
 0.777161 1 1 1 1
 0.777161 1 1 1 1
 0.777161 1 1 1 1
 0.777161 1 1 1 1
 0.777161 1 1 1 1
 0.777161 1 1 1 1
 0.777161 1 1 1 1
 0.777161 1 1 1 1
 0.777161 1 1 1 1
 0.777161 1 1 1 1
 0.777161 1 1 1 1
 0.777161 1 1 1 1
 0.777161 1 1 1 1
 0.777161 1 1 1 1
 0.777161 1 1 1 1
 0.777161 1 1 1 1
 0.777161 1 1 1 1
 0.777161 1 1 1 1
 0.777161 1 1 1 1
Scru_pelaces
 0.813403 1 1 1 1
 0.813403 1 1 1 1
 0.813403 1 1 1 1
 0.813403 1 1 1 1
 0.813403 1 1 1 1
 0.813403 1 1 1 1
 0.813403 1 1 1 1
 0.813403 1 1 1 1
 0.813403 1 1 1 1
 0.813403 1 1 1 1
 0.813403 1 1 1 1
 0.813403 1 1 1 1
 0.813403 1 1 1 1
 0.813403 1 1 1 1
 0.813403 1 1 1 1
 0.813403 1 1 1 1
 0.813403 1 1 1 1
 0.813403 1 1 1 1
 0.813403 1 1 1 1
 0.813403 1 1 1 1
 0.813403 1 1 1 1
 0.813403 1 1 1 1
 0.813403 1 1 1 1
 0.813403 1 1 1 1
pf_obs 
 0.256992 0.487395 0.22802 0.0275931 0
 0.321318 0.546541 0.124235 0.00734118 0.000564706
 0.182869 0.594174 0.210203 0.0122559 0.00049798
 0.330522 0.361315 0.267642 0.0388342 0.00168674
 0.649043 0.306663 0.0425973 0.00169635 0
 0.582887 0.30429 0.105238 0.00758474 0
 0.465427 0.430635 0.0974691 0.00646863 0
 0.296916 0.608066 0.0921331 0.00288517 0
 0.311714 0.524322 0.152257 0.0117073 0
 0.15457 0.633149 0.183074 0.0267441 0.00246327
 0.131901 0.49318 0.331252 0.0422183 0.00144891
 0.196976 0.569456 0.194076 0.0375587 0.00193317
 0.518974 0.381816 0.0799577 0.0180837 0.00116848
 0.0928022 0.601141 0.25162 0.0475244 0.00691264
 0.122501 0.610282 0.24278 0.0234846 0.000952079
 0.383417 0.481906 0.127806 0.00687128 0
 0.0376549 0.599619 0.316969 0.0457579 0
 0.0361596 0.667082 0.258105 0.0386534 0
 0.158088 0.579412 0.248529 0.0139706 0
 0.0477256 0.309471 0.559284 0.082774 0.000745712
 0.0406174 0.521527 0.379366 0.0568643 0.0016247
 0.151134 0.462217 0.34131 0.0453401 0
 0.294876 0.26143 0.354403 0.0886775 0.000613685
 0.281977 0.475581 0.204845 0.0348837 0.00271318
pf_pred 
 0.308717 0.485949 0.183439 0.0218862 9.63854e-06
 0.294401 0.556578 0.104757 0.0395441 0.00472012
 0.157261 0.651064 0.151193 0.0284569 0.0120243
 0.278932 0.467873 0.195608 0.045425 0.0121623
 0.310502 0.501185 0.122189 0.0510848 0.0150395
 0.163287 0.619956 0.157557 0.0384125 0.0207874
 0.28176 0.42596 0.216563 0.0550377 0.0206797
 0.221657 0.570806 0.123082 0.0625763 0.0218787
 0.26981 0.503839 0.165997 0.0357937 0.0245605
 0.257481 0.555869 0.12879 0.0424319 0.0154276
 0.149534 0.614882 0.176364 0.0408622 0.0183575
 0.160692 0.515147 0.234367 0.0672226 0.022572
 0.263522 0.46317 0.16775 0.0763181 0.0292403
 0.234044 0.613283 0.0960158 0.0347748 0.0218824
 0.314175 0.588253 0.0781234 0.012231 0.00721731
 0.350491 0.591588 0.0496801 0.00659781 0.00164248
 0.227854 0.651453 0.10993 0.00923169 0.00153123
 0.273007 0.524097 0.171181 0.0288863 0.00282816
 0.245384 0.564816 0.136829 0.0446913 0.00827986
 0.308676 0.490713 0.150153 0.0363752 0.0140821
 0.269763 0.563843 0.118109 0.0361403 0.0121445
 0.254348 0.533649 0.163695 0.0342895 0.014018
 0.279681 0.507423 0.152366 0.0467377 0.0137926
 0.222539 0.571429 0.145138 0.0435811 0.0173134
pobs_RECLAS
 0 0 0 0 0
 0 0 0 0 0
 0 0 0 0 0
 0 0 0 0 0
 0.835266 0.146461 0.0176864 0.000547809 3.91292e-05
 0.385257 0.428462 0.181853 0.0044286 0
 0.867414 0.0963971 0.0333333 0.00285562 0
 0.441836 0.489002 0.0689373 0.000224442 0
 0.779404 0.147425 0.0564933 0.0165055 0.000172143
 0.814271 0.122319 0.05973 0.00367925 0
 0.40263 0.566651 0.0304383 0.000280538 0
 0.475488 0.404961 0.113038 0.00651328 0
 0.955842 0.0263864 0.0167828 0.000988607 0
 0.975058 0.0227948 0.00214734 0 0
 0.738997 0.206755 0.0527124 0.00153531 0
 0.850938 0.134255 0.0134407 0.00136685 0
 0.542534 0.407297 0.0501686 0 0
 0.764087 0.199537 0.0359546 0.000420521 0
 0.470689 0.182191 0.310203 0.0369168 0
 0.84361 0.089868 0.0606195 0.00523954 0.000663233
 0.607945 0.314616 0.071237 0.00620181 0
 0.523733 0.453247 0.0230204 0 0
 0.530135 0.295979 0.169645 0.0042399 0
 0.562478 0.366248 0.0663022 0.0049721 0
ppred_RECLAS
 0.693189 0.215678 0.0814151 0.00971371 4.27785e-06
 0.677482 0.254403 0.0478825 0.0180749 0.00215749
 0.494155 0.390794 0.0907522 0.017081 0.00721744
 0.65481 0.223981 0.0936415 0.0217459 0.00582234
 0.686218 0.228083 0.0556069 0.023248 0.00684427
 0.491985 0.37641 0.0956615 0.0233224 0.0126212
 0.65855 0.202501 0.102954 0.0261648 0.0098311
 0.587408 0.302579 0.0652446 0.0331711 0.0115977
 0.649985 0.241514 0.0795704 0.0171577 0.011773
 0.632752 0.274931 0.0636994 0.0209867 0.00763047
 0.474495 0.379937 0.108976 0.0252489 0.0113431
 0.494727 0.310124 0.141091 0.0404687 0.0135886
 0.658503 0.214767 0.0777839 0.0353879 0.0135584
 0.658842 0.273158 0.0427656 0.0154888 0.00974647
 0.750734 0.213803 0.0283942 0.00444541 0.00262316
 0.738986 0.237738 0.0199647 0.00265142 0.000660055
 0.600933 0.336689 0.0568152 0.0047712 0.000791384
 0.652989 0.250164 0.0817089 0.0137881 0.00134995
 0.617669 0.286168 0.0693252 0.0226431 0.00419505
 0.689578 0.220343 0.0674228 0.0163334 0.00632322
 0.644032 0.274856 0.0575746 0.0176173 0.00592008
 0.626344 0.267419 0.0820297 0.0171829 0.00702464
 0.656827 0.241745 0.07259 0.0222667 0.00657106
 0.585385 0.304739 0.0774009 0.0232415 0.00923313
pobs_PELACES
 0 0 0 0 0
 0 0 0 0 0
 0 0 0 0 0
 0 0 0 0 0
 0 0 0 0 0
 0 0 0 0 0
 0 0 0 0 0
 0 0 0 0 0
 0 0 0 0 0
 0 0 0 0 0
 0.450072 0.473896 0.0757376 0.000293798 0
 0 0 0 0 0
 0.463077 0.371075 0.160297 0.00555027 0
 0.529543 0.364841 0.0842815 0.0213345 0
 0.631943 0.363953 0.00410389 0 0
 0.735681 0.248677 0.0153453 0.000297389 0
 0.695825 0.281241 0.0229344 0 0
 0.275771 0.60734 0.115278 0.00161068 0
 0 0 0 0 0
 0.896147 0.0623911 0.0374545 0.00400742 0
 0.803859 0.145111 0.0509908 3.86294e-05 0
 0.739449 0.233085 0.0266225 0.000797448 4.60066e-05
 0.878498 0.100942 0.0204185 0.000141795 0
 0.694673 0.275183 0.0284847 0.00165964 0
ppred_PELACES
 0.736141 0.185484 0.0700173 0.00835384 3.67897e-06
 0.718816 0.221798 0.0417459 0.0157584 0.00188098
 0.568689 0.333213 0.0773804 0.0145642 0.00615399
 0.677635 0.20917 0.0874496 0.020308 0.00543735
 0.698215 0.219362 0.0534808 0.0223592 0.00658259
 0.529183 0.348848 0.088657 0.0216147 0.011697
 0.683577 0.187658 0.0954073 0.024247 0.0091105
 0.628878 0.272166 0.0586868 0.029837 0.010432
 0.692087 0.212463 0.0699991 0.0150938 0.0103569
 0.667598 0.248845 0.0576553 0.0189954 0.00690646
 0.537477 0.334402 0.0959152 0.0222228 0.00998365
 0.554819 0.273241 0.124311 0.0356558 0.0119725
 0.73501 0.166652 0.0603577 0.0274598 0.0105209
 0.783925 0.173006 0.0270858 0.0098099 0.00617298
 0.856647 0.122958 0.0163295 0.00255656 0.00150858
 0.793435 0.188145 0.0157999 0.00209832 0.000522364
 0.655815 0.290386 0.0490017 0.00411504 0.000682549
 0.692937 0.221365 0.0723026 0.0122008 0.00119454
 0.653088 0.259657 0.062903 0.0205455 0.00380642
 0.722327 0.197097 0.0603098 0.0146103 0.00565614
 0.665978 0.257911 0.0540251 0.0165311 0.0055551
 0.652048 0.249023 0.0763867 0.0160009 0.0065414
 0.684209 0.222456 0.066798 0.02049 0.00604675
 0.615699 0.282459 0.0717418 0.0215422 0.00855806
pobs_pel_tallas
 0 0 0 0 0 0 0 0 0 0 0 0 0 0 0 0 0 0 0 0 0 0 0 0 0 0 0 0 0 0 0 0 0 0 0 0
 0 0 0 0 0 0 0 0 0 0 0 0 0 0 0 0 0 0 0 0 0 0 0 0 0 0 0 0 0 0 0 0 0 0 0 0
 0 0 0 0 0 0 0 0 0 0 0 0 0 0 0 0 0 0 0 0 0 0 0 0 0 0 0 0 0 0 0 0 0 0 0 0
 0 0 0 0 0 0 0 0 0 0 0 0 0 0 0 0 0 0 0 0 0 0 0 0 0 0 0 0 0 0 0 0 0 0 0 0
 0 0 0 0 0 0 0 0 0 0 0 0 0 0 0 0 0 0 0 0 0 0 0 0 0 0 0 0 0 0 0 0 0 0 0 0
 0 0 0 0 0 0 0 0 0 0 0 0 0 0 0 0 0 0 0 0 0 0 0 0 0 0 0 0 0 0 0 0 0 0 0 0
 0 0 0 0 0 0 0 0 0 0 0 0 0 0 0 0 0 0 0 0 0 0 0 0 0 0 0 0 0 0 0 0 0 0 0 0
 0 0 0 0 0 0 0 0 0 0 0 0 0 0 0 0 0 0 0 0 0 0 0 0 0 0 0 0 0 0 0 0 0 0 0 0
 0 0 0 0 0 0 0 0 0 0 0 0 0 0 0 0 0 0 0 0 0 0 0 0 0 0 0 0 0 0 0 0 0 0 0 0
 0 0 0 0 0 0 0 0 0 0 0 0 0 0 0 0 0 0 0 0 0 0 0 0 0 0 0 0 0 0 0 0 0 0 0 0
 0 0 0 0 0 0 0 0 1.78061e-05 0.00172719 0.00360574 0.0105946 0.0120993 0.0124554 0.0147524 0.0171206 0.0266825 0.0428682 0.0675386 0.121331 0.153587 0.119568 0.100827 0.0573624 0.0630603 0.0341343 0.0324427 0.0444173 0.0211091 0.0280891 0.0125444 0.00206551 0 0 0 0
 0 0 0 0 0 0 0 0 0 0 0 0 0 0 0 0 0 0 0 0 0 0 0 0 0 0 0 0 0 0 0 0 0 0 0 0
 0 0 0 0 0 0 0.0133647 0.0140871 0.0187388 0.0205184 0.03894 0.0496705 0.03968 0.0493445 0.0407372 0.0367815 0.0215668 0.0243155 0.0234873 0.0199281 0.019796 0.0243948 0.0301388 0.0376714 0.0412746 0.0863199 0.0771752 0.113111 0.0741005 0.0525337 0.0229764 0.00759418 0.00175318 0 0 0
 0 0 0 0 0 0 0 0 0 0 0.00219441 0.00772107 0.0458388 0.0604681 0.0671733 0.0775358 0.0609151 0.0617685 0.073594 0.0568108 0.0755445 0.0548602 0.0670107 0.0636378 0.0643287 0.046367 0.0373049 0.0286899 0.0247887 0.0153202 0.00654259 0.00121912 0.000365735 0 0 0
 0 0 0 0 0 0 0 0 0 0 0 0 0.000112435 0.00938835 0.0111873 0.0202946 0.0414886 0.0713402 0.111592 0.104902 0.108894 0.110636 0.117776 0.105296 0.107544 0.0401394 0.0192827 0.0124803 0.00416011 0.0028671 0.000618394 0 0 0 0 0
 0 0 0 0 0 0 0 0 0 0 0.00291406 0.0102884 0.027416 0.0768956 0.0749926 0.110853 0.0956884 0.0897413 0.0766577 0.0534642 0.0500743 0.0551293 0.0594112 0.0620874 0.0668451 0.0424026 0.0208742 0.0120726 0.0048766 0.00582813 0.00118941 0.000297354 0 0 0 0
 0 0.00264628 0.0354308 0.0461629 0.0458689 0.0383711 0.0214643 0.0164657 0.0346957 0.0420465 0.0363128 0.0245516 0.0311673 0.0291091 0.0169068 0.0133784 0.00837989 0.0085269 0.0148486 0.0160247 0.0276389 0.0546898 0.0760071 0.122758 0.109233 0.0665981 0.0333725 0.0166128 0.00676272 0.00308733 0.000882094 0 0 0 0 0
 0 0 0 0 0 0 0 0.000805153 0.000690131 0.00759144 0.0133425 0.0154129 0.00931677 0.000345066 0.00356568 0.00563607 0.00851162 0.0253048 0.0502646 0.0516448 0.0657925 0.0565908 0.0611916 0.0827007 0.0866115 0.110766 0.145733 0.0935128 0.0569358 0.0249597 0.0138026 0.00621118 0.00161031 0.00115022 0 0
 0 0 0 0 0 0 0 0 0 0 0 0 0 0 0 0 0 0 0 0 0 0 0 0 0 0 0 0 0 0 0 0 0 0 0 0
 0.00147267 0.00158595 0.00478618 0.00569244 0.00954404 0.0108468 0.00647125 0.017049 0.0510054 0.094081 0.124002 0.0959785 0.0687766 0.0820023 0.061753 0.0591476 0.0492212 0.0479892 0.0443925 0.0268479 0.0217502 0.0140895 0.0121071 0.0120363 0.00920419 0.00665534 0.0049561 0.00860946 0.00930331 0.0156896 0.0114698 0.00855282 0.00243557 0.00046729 0 2.83206e-05
 0 0 0 0 0.000772559 0.00158375 0.000888443 0.00281984 0.00712685 0.0440552 0.0773331 0.111326 0.0921469 0.0852325 0.0710754 0.0886704 0.0786465 0.0553345 0.0373146 0.0185414 0.00753245 0.00457741 0.012979 0.0271748 0.0457355 0.0583668 0.034881 0.0177882 0.00938659 0.00492506 0.0015258 0.00185414 0.000309023 5.79419e-05 3.86279e-05 0
 0 0.00173294 0.00326652 0 0.00397197 0.00683976 0.00946217 0.0152591 0.00757587 0.0136028 0.0228656 0.0392903 0.0559909 0.0764795 0.0681675 0.0726916 0.0566044 0.0477403 0.0527397 0.0444891 0.0609904 0.0582453 0.0661739 0.0445044 0.0529084 0.0360697 0.0280645 0.0235558 0.0158879 0.00826598 0.00280645 0.00217768 0.000904811 0.00058276 9.20147e-05 0
 0 0 0 0 0 0 0 0 0 0 0 0 0 0 0 0 0 0 0 0 0 0 0 0 0 0 0 0 0 0 0 0 0 0 0 0
 0 0 0 0 0 0 0 0 0 0 0 0 0 0 0 0 0 0 0 0 0 0 0 0 0 0 0 0 0 0 0 0 0 0 0 0
ppred_pel_tallas
 1.01342e-16 3.21195e-05 0.000188514 0.000896105 0.00345005 0.0107586 0.0271755 0.0556048 0.0921717 0.123786 0.134708 0.118832 0.0850858 0.0497011 0.0242044 0.0108057 0.00600896 0.00569355 0.00732976 0.00979343 0.0125997 0.0154277 0.0179686 0.0199311 0.0210939 0.0213516 0.0207345 0.0193905 0.0175414 0.0154268 0.0132558 0.0111785 0.00928117 0.00759788 0.00613019 0.00486518
 1.01295e-16 3.13655e-05 0.000184084 0.000875037 0.00336892 0.0105056 0.0265365 0.0542976 0.0900059 0.12088 0.131555 0.116072 0.0831563 0.0486676 0.0238748 0.0109516 0.00649802 0.00649785 0.00847572 0.011311 0.0144876 0.0176338 0.0203835 0.0223965 0.023424 0.0233646 0.022285 0.0203956 0.0179923 0.0153846 0.0128331 0.0105138 0.00851223 0.00684064 0.00546665 0.00434037
 1.01996e-16 2.48238e-05 0.000145668 0.00069238 0.0026656 0.00831235 0.0209966 0.0429634 0.0712228 0.0956688 0.104156 0.0919896 0.0661038 0.0390926 0.0199332 0.0104182 0.0079309 0.00934667 0.0127157 0.0170923 0.0219303 0.0267255 0.0309374 0.0340534 0.0356947 0.0357015 0.0341652 0.0313925 0.0278201 0.0239074 0.0200449 0.0164997 0.0134071 0.0107948 0.00862426 0.00683005
 1.02262e-16 2.95694e-05 0.00017354 0.000824912 0.00317593 0.00990381 0.0250163 0.0511871 0.0848501 0.113957 0.124021 0.109429 0.0784051 0.0459042 0.0225529 0.0104057 0.00626522 0.00635549 0.0083551 0.0112209 0.0144792 0.017789 0.0208082 0.0232097 0.0247409 0.0252756 0.0248356 0.023572 0.0217164 0.0195202 0.0172029 0.0149222 0.01277 0.0107866 0.00898235 0.00735646
 1.01907e-16 3.04671e-05 0.000178809 0.000849963 0.00327238 0.0102046 0.025776 0.0527416 0.0874269 0.117417 0.127788 0.112752 0.0807851 0.0472956 0.0232317 0.0107083 0.00642744 0.00649289 0.00850479 0.0113782 0.0146135 0.0178487 0.0207248 0.0229048 0.0241384 0.0243162 0.0234911 0.0218542 0.0196802 0.0172577 0.0148304 0.012564 0.010541 0.00877875 0.00725611 0.00593881
 1.02662e-16 2.31018e-05 0.000135557 0.000644308 0.00248051 0.00773513 0.0195386 0.0399804 0.0662789 0.0890318 0.0969398 0.0856399 0.0615921 0.0365274 0.0188155 0.0101439 0.00809727 0.00978358 0.0133936 0.0180368 0.0231745 0.0282898 0.0328205 0.0362304 0.0381206 0.0383176 0.0369073 0.0341982 0.0306331 0.0266788 0.0227318 0.0190632 0.0158111 0.0130065 0.0106161 0.00858227
 1.02675e-16 2.98276e-05 0.000175058 0.000832134 0.00320374 0.00999055 0.0252354 0.0516352 0.0855921 0.114951 0.125099 0.110367 0.0790504 0.0462278 0.0226114 0.0102646 0.00595404 0.00586616 0.00766232 0.0103038 0.013338 0.0164561 0.0193521 0.0217312 0.0233605 0.024115 0.0239978 0.0231239 0.0216797 0.0198711 0.0178801 0.0158402 0.0138344 0.0119072 0.0100826 0.00837884
 1.02435e-16 2.74458e-05 0.000161067 0.000765603 0.00294755 0.00919161 0.0232174 0.047507 0.0787519 0.105773 0.115133 0.10163 0.0729105 0.0428753 0.0214145 0.0104669 0.00709602 0.00781688 0.0104713 0.0140536 0.0180486 0.0220318 0.0255627 0.0282259 0.0297137 0.0298948 0.0288394 0.0267896 0.0240895 0.0210994 0.0181213 0.0153577 0.0129063 0.0107825 0.0089537 0.00737202
 1.02066e-16 3.01996e-05 0.00017724 0.000842502 0.00324365 0.010115 0.0255498 0.0522787 0.0866593 0.116386 0.126665 0.111759 0.0800701 0.0468695 0.023009 0.010584 0.00632589 0.00637372 0.00835211 0.0111912 0.0144038 0.0176397 0.0205512 0.0228089 0.0241637 0.0244998 0.0238553 0.0224014 0.0203906 0.0180924 0.0157376 0.013487 0.0114272 0.00958575 0.0079558 0.00651811
 1.01875e-16 2.91332e-05 0.000170976 0.000812716 0.00312895 0.00975731 0.0246463 0.0504304 0.0835969 0.112277 0.122203 0.107846 0.0773192 0.0453649 0.0224665 0.0106639 0.00682071 0.00722347 0.00957813 0.0128309 0.0164683 0.0200905 0.0232913 0.0256884 0.0269992 0.0271025 0.0260633 0.024105 0.0215466 0.0187232 0.015918 0.0133235 0.0110357 0.0090732 0.00740839 0.00599658
 1.02701e-16 2.34629e-05 0.000137678 0.000654395 0.00251935 0.00785627 0.0198445 0.0406063 0.0673159 0.0904231 0.0984501 0.0869634 0.0625204 0.0370307 0.0189882 0.0100986 0.0079013 0.00945425 0.0129213 0.0174081 0.0223874 0.0273622 0.0317935 0.0351656 0.0370916 0.0373985 0.0361596 0.0336605 0.0303161 0.0265659 0.0227853 0.0192339 0.0160478 0.0132639 0.0108599 0.00879085
 1.03639e-16 2.42167e-05 0.000142109 0.000675472 0.00260052 0.00810942 0.0204839 0.041914 0.0694818 0.0933264 0.101595 0.0897033 0.0644072 0.0379821 0.0191713 0.00970801 0.00702687 0.00807747 0.0109735 0.0148327 0.0191882 0.0236335 0.0277314 0.0310556 0.0332726 0.0342095 0.0338825 0.0324723 0.0302635 0.0275667 0.0246533 0.0217192 0.0188809 0.0161943 0.0136825 0.0113589
 1.02347e-16 3.20694e-05 0.000188221 0.000894718 0.00344471 0.010742 0.0271335 0.0555187 0.0920284 0.123592 0.134492 0.118632 0.0849205 0.0495604 0.0240536 0.0105994 0.00570051 0.00523894 0.00669145 0.0089471 0.0115435 0.0141908 0.016616 0.0185615 0.0198298 0.0203236 0.0200622 0.019165 0.0178128 0.0161986 0.0144872 0.0127923 0.0111755 0.00965871 0.00824393 0.0069288
 1.01067e-16 3.42025e-05 0.000200744 0.000954253 0.00367394 0.0114568 0.0289391 0.0592131 0.0981519 0.131814 0.143438 0.126516 0.0905508 0.0528184 0.0255813 0.0111778 0.00586852 0.00525021 0.00661963 0.00878038 0.0112301 0.0136551 0.0157658 0.0172977 0.018059 0.0179741 0.0170993 0.015603 0.0137198 0.0116932 0.00972704 0.00795678 0.00644538 0.00519741 0.004182 0.00335509
 1.00431e-16 3.73715e-05 0.000219353 0.00104273 0.00401463 0.0125193 0.0316226 0.0647035 0.107251 0.144028 0.156712 0.138186 0.0988188 0.0574712 0.0275166 0.0114798 0.00524365 0.00397415 0.00471335 0.00617785 0.00787559 0.00955018 0.0109887 0.0120016 0.0124535 0.0122935 0.0115662 0.0103977 0.00896195 0.00743993 0.00598335 0.00469374 0.0036186 0.00276102 0.00209613 0.00158732
 1.00383e-16 3.46178e-05 0.000203181 0.000965834 0.00371852 0.0115959 0.0292902 0.0599317 0.0993435 0.133416 0.145183 0.128061 0.0916699 0.0534975 0.0259589 0.0114244 0.00611188 0.00556473 0.00704204 0.00932173 0.0118775 0.014369 0.0164793 0.0179209 0.0184901 0.0181151 0.0168724 0.0149649 0.0126693 0.0102715 0.00801011 0.00604349 0.00444314 0.00320887 0.00229479 0.00163542
 1.00964e-16 2.86211e-05 0.000167965 0.000798395 0.0030738 0.00958531 0.0242119 0.0495419 0.0821253 0.110305 0.120066 0.105985 0.0760385 0.044721 0.0223468 0.0109375 0.00742876 0.00818147 0.0109366 0.0146325 0.0187152 0.0227227 0.0261777 0.0286343 0.0297692 0.029456 0.0277933 0.0250717 0.0216966 0.0180916 0.0146147 0.0115088 0.00889209 0.00678004 0.00512258 0.00384111
 1.01574e-16 3.02371e-05 0.000177459 0.000843541 0.00324765 0.0101275 0.0255813 0.0523432 0.0867665 0.116531 0.126824 0.111904 0.0801843 0.0469567 0.0230894 0.0106841 0.00647084 0.00658568 0.00864892 0.011584 0.0148927 0.0182105 0.0211727 0.0234345 0.0247359 0.0249578 0.0241439 0.0224792 0.0202357 0.0177044 0.0151366 0.0127096 0.0105208 0.00860291 0.00694866 0.00553384
 1.01862e-16 2.8501e-05 0.000167263 0.000795061 0.00306098 0.00954533 0.0241109 0.0493349 0.0817814 0.10984 0.119555 0.105519 0.0756714 0.0444401 0.0220869 0.0106146 0.00696303 0.00750494 0.00999729 0.0134034 0.0172067 0.0209947 0.0243436 0.026854 0.0282294 0.028342 0.0272577 0.0252085 0.0225261 0.0195604 0.016608 0.0138716 0.0114541 0.00937811 0.00761755 0.00612788
 1.01687e-16 3.15176e-05 0.000184979 0.000879297 0.00338533 0.0105568 0.0266657 0.0545619 0.0904433 0.121466 0.132187 0.116616 0.0835174 0.0488215 0.023844 0.0107599 0.00614481 0.00595937 0.00772099 0.01032 0.0132669 0.0162273 0.018876 0.0209074 0.0220919 0.022325 0.0216463 0.0202201 0.0182866 0.0161014 0.0138831 0.0117837 0.00988417 0.0082087 0.00674757 0.00547828
 1.01679e-16 2.9063e-05 0.000170563 0.000810748 0.00312138 0.00973368 0.0245866 0.0503083 0.0833948 0.112006 0.12191 0.107593 0.0771489 0.0452871 0.0224689 0.0107328 0.00695343 0.00742776 0.00986587 0.0132107 0.0169391 0.0206376 0.0238846 0.0262843 0.0275456 0.0275474 0.0263629 0.0242315 0.0214917 0.0184987 0.015552 0.0128547 0.0105066 0.00852447 0.00687453 0.00550346
 1.02021e-16 2.84552e-05 0.000166995 0.000793791 0.00305609 0.00953009 0.0240724 0.0492561 0.0816505 0.109664 0.11936 0.105342 0.0755343 0.0443384 0.0219973 0.0105077 0.0068116 0.00728702 0.00969739 0.0130152 0.016737 0.0204668 0.0237982 0.0263455 0.0278186 0.0280857 0.0271979 0.0253643 0.0228903 0.0201011 0.0172752 0.0146069 0.0121999 0.0100854 0.00825097 0.00666701
 1.02008e-16 2.98565e-05 0.000175224 0.000832919 0.00320675 0.00999993 0.0252591 0.051684 0.085674 0.115064 0.125228 0.110499 0.0791822 0.0463801 0.022825 0.010594 0.00646041 0.00661074 0.00869609 0.0116531 0.0149879 0.0183373 0.0213375 0.0236445 0.0249996 0.025285 0.0245449 0.0229637 0.020811 0.0183731 0.0158944 0.0135441 0.0114118 0.00952333 0.0078676 0.00641989
 1.02251e-16 2.68716e-05 0.000157695 0.000749569 0.00288581 0.00899908 0.0227311 0.046512 0.0771032 0.10356 0.112729 0.0995166 0.0714157 0.0420388 0.0210757 0.0104325 0.00724228 0.00809902 0.0108913 0.0146292 0.0187943 0.022949 0.0266351 0.0294183 0.0309754 0.0311652 0.030056 0.0278958 0.0250407 0.0218662 0.0186907 0.015732 0.0131005 0.0108213 0.00886808 0.007196
pSPR Fmed_Fpbrs
0.451662   0.6 0.325
Fs Fmed_Fpbrs
0.64   0.353694 1.10549
SSBpbr Bo_Bmed_Bpbrs
1.08869e+06  437285  598778 299389
Ro
37002.5
SPR SPRFo_SPRFmed_SPRFpbrs
761364 343879 247443
log_Ro
10.3387
likeval ReclasPelacesDesembMPH_pf_preclas_ppelaces_ptallas_desvR_qrecl_qpela
 62.2867 15.6742 0.00738905 0.000480539 307.883 173.637 46.9163 0 15.3931 1.21963e-05 6.4355e-05 3.48761e-15 0 0 0
q_reclas_q_pelaces
0.609646 3.13087
M
0.7
N
 39444 12253.3 4625.45 551.867 0.243038
 48535.1 17799.9 3350.22 1264.66 150.954
 24446.6 22087.8 5129.35 965.422 407.932
 36151.4 10478.6 4380.87 1017.35 272.389
 66155.1 17368.8 4234.54 1770.37 521.2
 46950 32648.2 8297.28 2022.89 1094.71
 82921 21961.2 11165.3 2837.58 1066.18
 81394.9 39592.1 8537.18 4340.4 1517.54
 104253 37521.5 12362 2665.6 1829.05
 119721 47594.4 11027.2 3633.08 1320.94
 65625.8 55859 16021.8 3712.13 1667.68
 44124.4 28914.6 13154.7 3773.12 1266.94
 47680 19565.7 7086.28 3223.92 1235.2
 25196.9 19697.7 3083.88 1116.92 702.831
 15290.2 8919.22 1184.52 185.449 109.43
 14156.4 5244.03 440.381 58.4851 14.5595
 10422.1 6049.76 1020.88 85.7308 14.2199
 12672.7 4637.22 1514.62 255.586 25.0236
 13728.2 5816.45 1409.06 460.228 85.2656
 21761.6 6406.46 1960.31 474.894 183.847
 28237.3 10126.5 2121.22 649.074 218.114
 37118.8 13610 4174.81 874.506 357.511
 55081.3 17742.8 5327.72 1634.26 482.282
 57161.3 26139.1 6639.08 1993.55 791.974
pred_Ctot
 2602.89 4097.2 1546.63 184.53 0.0812657
 2931.46 5542.06 1043.1 393.755 47
 2426.39 10045.3 2332.77 439.063 185.523
 846.584 1420.04 593.687 137.869 36.9137
 294.79 475.824 116.006 48.4998 14.2784
 1966.87 7467.63 1897.84 462.695 250.393
 2301.06 3478.7 1768.61 449.478 168.886
 4215.1 10854.6 2340.57 1189.97 416.052
 6077.52 11349.1 3739.12 806.26 553.23
 5221.96 11273.6 2611.99 860.559 312.887
 5358 22032.1 6319.37 1464.15 657.773
 3419.47 10962.1 4987.25 1430.47 480.325
 5824.58 10237.3 3707.74 1686.84 646.292
 5305.83 13903.3 2176.7 788.354 496.08
 3474.69 6505.92 864.023 135.272 79.8215
 1431.77 2416.65 202.945 26.9522 6.70959
 784.441 2242.78 378.461 31.7823 5.27162
 693.405 1331.15 434.781 73.3679 7.1832
 597.028 1374.22 332.91 108.735 20.1452
 988.453 1571.38 480.826 116.482 45.0941
 598.008 1249.92 261.824 80.1157 26.922
 1001.23 2100.68 644.375 134.979 55.1813
 1762 3196.78 959.911 294.449 86.894
 1883.72 4836.96 1228.54 368.9 146.552
F
 0.0956885 0.596772 0.596772 0.596772 0.596772
 0.0872613 0.544215 0.544215 0.544215 0.544215
 0.14716 0.91778 0.91778 0.91778 0.91778
 0.0330401 0.206059 0.206059 0.206059 0.206059
 0.00621317 0.0387492 0.0387492 0.0387492 0.0387492
 0.0598042 0.372976 0.372976 0.372976 0.372976
 0.0392597 0.244847 0.244847 0.244847 0.244847
 0.0743996 0.464002 0.464002 0.464002 0.464002
 0.0841075 0.524546 0.524546 0.524546 0.524546
 0.0623356 0.388763 0.388763 0.388763 0.388763
 0.119624 0.746048 0.746048 0.746048 0.746048
 0.113232 0.706185 0.706185 0.706185 0.706185
 0.184009 1.14759 1.14759 1.14759 1.14759
 0.338511 2.11116 2.11116 2.11116 2.11116
 0.370125 2.30832 2.30832 2.30832 2.30832
 0.15015 0.936428 0.936428 0.936428 0.936428
 0.109812 0.684857 0.684857 0.684857 0.684857
 0.0787598 0.491194 0.491194 0.491194 0.491194
 0.0621467 0.387585 0.387585 0.387585 0.387585
 0.0649894 0.405314 0.405314 0.405314 0.405314
 0.0298381 0.186089 0.186089 0.186089 0.186089
 0.0381425 0.23788 0.23788 0.23788 0.23788
 0.0453786 0.283009 0.283009 0.283009 0.283009
 0.0467768 0.291729 0.291729 0.291729 0.291729
Np
 25005.1 11732.6 9444.26 3380.45 1157.95
YTP_r0W_actual
 18191.4 108586 39918.1 15691.3 7618.91
YTP_p0W_proyectada
 8156.73 127927 66565.1 21591.3 9863.47
 8156.73 55408.4 64837.5 29637.9 11266.3
CTP_r0_actual
 2273.92 5715.04 1451.57 435.868 173.157
CTP_p0_proyectada
 994.723 5922.57 2119.91 538.437 221.651
 994.723 2565.21 2064.89 739.101 253.174
Wmedp
 8.2 21.6 31.4 40.1 44.5
nmprior
 10.8 10.6 4.6 0
nm_flota  nm_reclas  nm_pelaces    nm_pelaL
inf 20.5948 13.1425 21.9996
cv_recla  cv_pelaces  cv_mph
0.730675 0.465862 0.620025
 ------------------------------------------------
Talla a la edad & desviaci?n 
 7.2 14.2025 17.0495 18.207 18.6776
 1.08 2.13037 2.55742 2.73105 2.80164
