years
 1997 1998 1999 2000 2001 2002 2003 2004 2005 2006 2007 2008 2009 2010 2011 2012 2013 2014 2015 2016 2017 2018 2019 2020 2021 2022
reclasobs
 0 0 0 370054 412103 1.49427e+06 250295 1.28982e+06 931140 785840 897777 1.04006e+06 184774 17550 25797 100020 73551 82996 120727 218422 84188 347160 605670 569463 516374 1.08416e+06
reclaspred
 496261 127702 324474 214814 343038 433907 949081 659655 748959 778038 665715 455802 274014 110813 66946.9 66764.5 78901.1 106682 118843 160462 242636 232027 395088 525161 686611 617762
pelacesobs
 0 0 0 0 0 0 0 0 0 2.06254e+06 1.5e+06 0 1.87456e+06 323000 250000 174000 83755 137374 0 501740 490994 745055 786931 1.00524e+06 1.33801e+06 1.41789e+06
pelacespred
 2.09024e+06 416866 671090 685068 989108 891952 2.60521e+06 2.03558e+06 2.18569e+06 2.25123e+06 1.59649e+06 1.12783e+06 711403 229897 151790 153063 186554 263319 281313 387732 681403 591983 827208 1.27732e+06 1.5586e+06 1.49455e+06
mphobs
 0 0 0 0 0 0 112323 0 153150 637223 0 255016 313432 73983 77613 109348 50772 17779 17303 59886 28197 0 207744 136588 643089 65757
mphpred
 175536 96356.9 106509 100323 114180 192967 282475 353186 311623 337036 344342 235995 138642 71600.4 29274.4 24706.4 26367.8 35762.9 48535.6 52712.4 84815.2 107254 128772 192666 264051 258419
desembarqueobs
 350755 77701 442110 56441 14545 235359 269955 359681 431902 328805 639364 411747 362871 311530 167758 66681 60226 58785 57116 73181 50977 67692 138656 160484 209506 203330
desembarquepred
 350761 77699.1 442087 56444.5 14545.3 235450 270027 359673 431945 328808 639302 411790 362943 311641 167584 66674.6 60251.9 58778.5 57100.1 73177 50979.2 67681.3 138659 160494 209491 203314
Reclutas
 36019.4 43734.4 21576 31205.7 56468.8 40564.2 76789.8 74235.7 98228.1 114450 63713.2 44168.9 48040.7 25584.1 14928.9 13195.2 9498.72 11536.6 12517.2 19599.2 25688.4 32293 52460.5 74447.7 32142.5 34220.5
log_desv_Rt
 0.0409947 0.235072 -0.471479 -0.102462 0.490626 0.159824 0.79801 0.764184 1.04423 1.19708 0.61133 0.244958 0.328986 -0.301092 -0.839763 -0.963207 -1.2919 -1.09754 -1.01596 -0.567572 -0.297021 -0.06821 0.416999 0.767035 -0.0728828 -0.0102373
SSB
 438125 240500 265840 250399 284985 481633 684711 870656 758114 822539 859454 589028 359924 189839 82442.2 69196.6 77065.9 98565.2 125375 144359 217508 267700 331482 471262 711582 718877
BT
 1.52411e+06 368986 632495 452327 581457 686142 1.70903e+06 1.57249e+06 1.66604e+06 1.61195e+06 1.48082e+06 1.01645e+06 761853 419040 224804 142999 156589 199558 208336 283010 434616 397108 568868 864887 1.03654e+06 1.01446e+06
Ftot
 1.02445 0.9358 1.62209 0.35574 0.0629821 0.60109 0.381312 0.731609 0.818265 0.595271 1.10519 0.999565 1.66983 3.29094 3.68159 1.47603 1.08422 0.762273 0.60321 0.62453 0.288212 0.350976 0.426671 0.41436 0.335684 0.333828
BD_Bspro_t
 0.907279 0.633059 0.55196 0.364876 0.521723 0.70177 0.646726 0.670506 0.604299 0.578375 0.557615 0.393861 0.286915 0.194562 0.106104 0.109037 0.161358 0.259314 0.362977 0.455659 0.585905 0.695509 0.704127 0.713464 0.737914 0.680507
BD_Bspro
 0.613557 0.336799 0.372286 0.350663 0.399097 0.674485 0.958878 1.21928 1.06167 1.15189 1.20359 0.824882 0.504042 0.265853 0.115453 0.0969039 0.107924 0.138032 0.175577 0.202162 0.304602 0.37489 0.464212 0.659962 0.996509 1.00672
BD_Bo
 0.515369 0.282901 0.312709 0.294546 0.335229 0.566547 0.805428 1.02416 0.891773 0.967556 1.01098 0.692876 0.42338 0.223309 0.0969771 0.0813963 0.090653 0.115943 0.147479 0.16981 0.255856 0.314896 0.389924 0.554348 0.837037 0.845618
BD_Brms
 0.937034 0.514366 0.568561 0.535538 0.609508 1.03009 1.46442 1.8621 1.62141 1.75919 1.83815 1.25977 0.769782 0.406016 0.176322 0.147993 0.164824 0.210805 0.268143 0.308745 0.465193 0.572539 0.708952 1.00791 1.52189 1.53749
S_f
 0.0977059 0.672929 0.975057 0.998655 0.999929
 0.0977059 0.672929 0.975057 0.998655 0.999929
 0.0977059 0.672929 0.975057 0.998655 0.999929
 0.0977059 0.672929 0.975057 0.998655 0.999929
 0.0977059 0.672929 0.975057 0.998655 0.999929
 0.0977059 0.672929 0.975057 0.998655 0.999929
 0.0977059 0.672929 0.975057 0.998655 0.999929
 0.0977059 0.672929 0.975057 0.998655 0.999929
 0.0977059 0.672929 0.975057 0.998655 0.999929
 0.0977059 0.672929 0.975057 0.998655 0.999929
 0.0977059 0.672929 0.975057 0.998655 0.999929
 0.0977059 0.672929 0.975057 0.998655 0.999929
 0.0977059 0.672929 0.975057 0.998655 0.999929
 0.0977059 0.672929 0.975057 0.998655 0.999929
 0.0977059 0.672929 0.975057 0.998655 0.999929
 0.0977059 0.672929 0.975057 0.998655 0.999929
 0.0977059 0.672929 0.975057 0.998655 0.999929
 0.0977059 0.672929 0.975057 0.998655 0.999929
 0.0977059 0.672929 0.975057 0.998655 0.999929
 0.0977059 0.672929 0.975057 0.998655 0.999929
 0.0977059 0.672929 0.975057 0.998655 0.999929
 0.0977059 0.672929 0.975057 0.998655 0.999929
 0.0977059 0.672929 0.975057 0.998655 0.999929
 0.0977059 0.672929 0.975057 0.998655 0.999929
 0.0977059 0.672929 0.975057 0.998655 0.999929
 0.0977059 0.672929 0.975057 0.998655 0.999929
Scru_reclas
 0.571796 0.870471 0.971281 0.994159 0.998834
 0.571796 0.870471 0.971281 0.994159 0.998834
 0.571796 0.870471 0.971281 0.994159 0.998834
 0.571796 0.870471 0.971281 0.994159 0.998834
 0.571796 0.870471 0.971281 0.994159 0.998834
 0.571796 0.870471 0.971281 0.994159 0.998834
 0.571796 0.870471 0.971281 0.994159 0.998834
 0.571796 0.870471 0.971281 0.994159 0.998834
 0.571796 0.870471 0.971281 0.994159 0.998834
 0.571796 0.870471 0.971281 0.994159 0.998834
 0.571796 0.870471 0.971281 0.994159 0.998834
 0.571796 0.870471 0.971281 0.994159 0.998834
 0.571796 0.870471 0.971281 0.994159 0.998834
 0.571796 0.870471 0.971281 0.994159 0.998834
 0.571796 0.870471 0.971281 0.994159 0.998834
 0.571796 0.870471 0.971281 0.994159 0.998834
 0.571796 0.870471 0.971281 0.994159 0.998834
 0.571796 0.870471 0.971281 0.994159 0.998834
 0.571796 0.870471 0.971281 0.994159 0.998834
 0.571796 0.870471 0.971281 0.994159 0.998834
 0.571796 0.870471 0.971281 0.994159 0.998834
 0.571796 0.870471 0.971281 0.994159 0.998834
 0.571796 0.870471 0.971281 0.994159 0.998834
 0.571796 0.870471 0.971281 0.994159 0.998834
 0.571796 0.870471 0.971281 0.994159 0.998834
 0.571796 0.870471 0.971281 0.994159 0.998834
Scru_pelaces
 0.898102 1 1 1 1
 0.898102 1 1 1 1
 0.898102 1 1 1 1
 0.898102 1 1 1 1
 0.898102 1 1 1 1
 0.898102 1 1 1 1
 0.898102 1 1 1 1
 0.898102 1 1 1 1
 0.898102 1 1 1 1
 0.898102 1 1 1 1
 0.898102 1 1 1 1
 0.898102 1 1 1 1
 0.898102 1 1 1 1
 0.898102 1 1 1 1
 0.898102 1 1 1 1
 0.898102 1 1 1 1
 0.898102 1 1 1 1
 0.898102 1 1 1 1
 0.898102 1 1 1 1
 0.898102 1 1 1 1
 0.898102 1 1 1 1
 0.898102 1 1 1 1
 0.898102 1 1 1 1
 0.898102 1 1 1 1
 0.898102 1 1 1 1
 0.898102 1 1 1 1
pf_obs 
 0.256992 0.487395 0.22802 0.0275931 0
 0.321318 0.546541 0.124235 0.00734118 0.000564706
 0.182869 0.594174 0.210203 0.0122559 0.00049798
 0.330522 0.361315 0.267642 0.0388342 0.00168674
 0.649043 0.306663 0.0425973 0.00169635 0
 0.582887 0.30429 0.105238 0.00758474 0
 0.465427 0.430635 0.0974691 0.00646863 0
 0.296916 0.608066 0.0921331 0.00288517 0
 0.311714 0.524322 0.152257 0.0117073 0
 0.15457 0.633149 0.183074 0.0267441 0.00246327
 0.131901 0.49318 0.331252 0.0422183 0.00144891
 0.196976 0.569456 0.194076 0.0375587 0.00193317
 0.518974 0.381816 0.0799577 0.0180837 0.00116848
 0.0928022 0.601141 0.25162 0.0475244 0.00691264
 0.122501 0.610282 0.24278 0.0234846 0.000952079
 0.383417 0.481906 0.127806 0.00687128 0
 0.0376549 0.599619 0.316969 0.0457579 0
 0.0361596 0.667082 0.258105 0.0386534 0
 0.158088 0.579412 0.248529 0.0139706 0
 0.0477256 0.309471 0.559284 0.082774 0.000745712
 0.0406174 0.521527 0.379366 0.0568643 0.0016247
 0.151134 0.462217 0.34131 0.0453401 0
 0.294876 0.26143 0.354403 0.0886775 0.000613685
 0.281977 0.475581 0.204845 0.0348837 0.00271318
 0.0841818 0.532909 0.334909 0.0458182 0.00218182
 0.115287 0.27431 0.454777 0.147771 0.00785563
pf_pred 
 0.298745 0.478569 0.198879 0.0237929 1.33431e-05
 0.278312 0.567791 0.121383 0.0291558 0.00335833
 0.148621 0.651625 0.172552 0.0216228 0.00557924
 0.255346 0.471814 0.23616 0.0318935 0.0047861
 0.274066 0.492381 0.168957 0.0561193 0.00847734
 0.143769 0.587636 0.202301 0.0482744 0.0180198
 0.257109 0.398571 0.267629 0.058214 0.018478
 0.198604 0.56737 0.14967 0.0659818 0.0183735
 0.24784 0.490151 0.209588 0.033935 0.0184858
 0.235054 0.550937 0.162029 0.041873 0.0101066
 0.13408 0.599541 0.214397 0.0396599 0.0123228
 0.142569 0.498371 0.287144 0.0583319 0.0135837
 0.239182 0.468258 0.206968 0.068973 0.0166191
 0.223189 0.630687 0.111879 0.024584 0.00966201
 0.296467 0.616199 0.0812036 0.00478495 0.00134608
 0.32132 0.619266 0.0569953 0.00226343 0.000155821
 0.203777 0.649486 0.139726 0.00673849 0.000273019
 0.242919 0.512123 0.216989 0.0266818 0.00128708
 0.218916 0.553013 0.176637 0.0457365 0.00569743
 0.27271 0.482452 0.19461 0.039177 0.0110511
 0.240245 0.548921 0.160038 0.0406396 0.0101574
 0.212818 0.515991 0.215977 0.0421826 0.0130314
 0.256832 0.470286 0.20275 0.0561698 0.0139622
 0.25002 0.521748 0.165867 0.0466806 0.0156834
 0.0885002 0.619406 0.227457 0.0473449 0.0172924
 0.116184 0.332454 0.420454 0.102563 0.0283453
pobs_RECLAS
 0 0 0 0 0
 0 0 0 0 0
 0 0 0 0 0
 0 0 0 0 0
 0.835266 0.146461 0.0176864 0.000547809 3.91292e-05
 0.385257 0.428462 0.181853 0.0044286 0
 0.867414 0.0963971 0.0333333 0.00285562 0
 0.441836 0.489002 0.0689373 0.000224442 0
 0.779404 0.147425 0.0564933 0.0165055 0.000172143
 0.814271 0.122319 0.05973 0.00367925 0
 0.40263 0.566651 0.0304383 0.000280538 0
 0.475488 0.404961 0.113038 0.00651328 0
 0.955842 0.0263864 0.0167828 0.000988607 0
 0.975058 0.0227948 0.00214734 0 0
 0.738997 0.206755 0.0527124 0.00153531 0
 0.850938 0.134255 0.0134407 0.00136685 0
 0.542534 0.407297 0.0501686 0 0
 0.764087 0.199537 0.0359546 0.000420521 0
 0.470689 0.182191 0.310203 0.0369168 0
 0.84361 0.089868 0.0606195 0.00523954 0.000663233
 0.607945 0.314616 0.071237 0.00620181 0
 0.523733 0.453247 0.0230204 0 0
 0.530135 0.295979 0.169645 0.0042399 0
 0.562478 0.366248 0.0663022 0.0049721 0
 0.250443 0.683176 0.0655157 0.000865301 0
 0.195077 0.31981 0.436473 0.0351445 0.0134964
ppred_RECLAS
 0.688836 0.231398 0.071268 0.00849277 4.77821e-06
 0.659106 0.283671 0.0451629 0.0108101 0.00124924
 0.483458 0.424029 0.0799881 0.00994959 0.00257509
 0.632735 0.254801 0.0973566 0.0131302 0.00197706
 0.649011 0.257171 0.0678753 0.0225286 0.00341478
 0.457864 0.402861 0.10493 0.0249861 0.00935797
 0.641119 0.216346 0.110802 0.0240672 0.0076651
 0.555643 0.339179 0.0673118 0.0295968 0.00826895
 0.62946 0.264606 0.0847703 0.0136847 0.00747917
 0.604949 0.305329 0.0679542 0.0175245 0.00424392
 0.446879 0.416656 0.109911 0.0202439 0.00631027
 0.470219 0.345279 0.147642 0.029879 0.00698051
 0.639985 0.249571 0.0782954 0.0258918 0.00625758
 0.652145 0.305189 0.0328239 0.00706052 0.0027813
 0.739375 0.240884 0.018387 0.00105652 0.000297837
 0.705526 0.275449 0.0182544 0.000720262 4.97389e-05
 0.562867 0.374631 0.0595265 0.00285866 0.000116196
 0.620665 0.279082 0.0888321 0.0108933 0.000527209
 0.583666 0.317358 0.0766855 0.0198139 0.00247648
 0.655228 0.249209 0.0759813 0.0152622 0.00431955
 0.607462 0.303408 0.067664 0.0171621 0.00430403
 0.574522 0.303649 0.0970357 0.0189267 0.00586679
 0.635543 0.252779 0.0829951 0.0229572 0.00572574
 0.623176 0.282642 0.0684591 0.0192375 0.00648507
 0.32503 0.496238 0.139192 0.0289351 0.0106041
 0.414081 0.25849 0.249722 0.060837 0.0168704
pobs_PELACES
 0 0 0 0 0
 0 0 0 0 0
 0 0 0 0 0
 0 0 0 0 0
 0 0 0 0 0
 0 0 0 0 0
 0 0 0 0 0
 0 0 0 0 0
 0 0 0 0 0
 0 0 0 0 0
 0.450072 0.473896 0.0757376 0.000293798 0
 0 0 0 0 0
 0.463077 0.371075 0.160297 0.00555027 0
 0.529543 0.364841 0.0842815 0.0213345 0
 0.631943 0.363953 0.00410389 0 0
 0.735681 0.248677 0.0153453 0.000297389 0
 0.695825 0.281241 0.0229344 0 0
 0.275771 0.60734 0.115278 0.00161068 0
 0 0 0 0 0
 0.896147 0.0623911 0.0374545 0.00400742 0
 0.803859 0.145111 0.0509908 3.86294e-05 0
 0.739449 0.233085 0.0266225 0.000797448 4.60066e-05
 0.878498 0.100942 0.0204185 0.000141795 0
 0.694673 0.275183 0.0284847 0.00165964 0
 0.469039 0.446079 0.0841089 0.000773354 0
 0.822795 0.102175 0.0682046 0.00682512 0
ppred_PELACES
 0.794586 0.160728 0.0400568 0.00462653 2.58969e-06
 0.765298 0.2017 0.0262157 0.00608602 0.000699747
 0.645357 0.304281 0.0437599 0.0052512 0.0013518
 0.724617 0.199491 0.0659313 0.00866333 0.00129816
 0.725267 0.2077 0.0488213 0.0158237 0.00238719
 0.574547 0.329878 0.0725237 0.0167932 0.00625849
 0.735676 0.168898 0.0746314 0.0157905 0.00500476
 0.672086 0.26116 0.0431816 0.0184445 0.00512746
 0.740884 0.195023 0.051607 0.00808762 0.00439798
 0.708729 0.233678 0.0439237 0.0110155 0.00265448
 0.589162 0.325741 0.0689751 0.0123054 0.00381601
 0.611394 0.271612 0.0942144 0.0184834 0.00429618
 0.783236 0.162712 0.0387317 0.0123519 0.00296918
 0.833599 0.152771 0.0106065 0.00217259 0.00085065
 0.889305 0.105353 0.00499284 0.000272366 7.63032e-05
 0.814803 0.175817 0.00901326 0.000343481 2.3594e-05
 0.689962 0.273402 0.0349439 0.00162572 6.57416e-05
 0.730352 0.207839 0.05495 0.00654436 0.000315148
 0.690886 0.245033 0.0499664 0.0125541 0.00156135
 0.753919 0.186282 0.0478279 0.00934045 0.00263051
 0.697453 0.241226 0.0468473 0.0115828 0.00289086
 0.672704 0.243286 0.0672803 0.012786 0.00394419
 0.730266 0.195913 0.0552471 0.0148807 0.00369334
 0.717437 0.219995 0.045822 0.0125394 0.00420661
 0.421431 0.441551 0.107344 0.0217441 0.00793039
 0.527383 0.226009 0.189275 0.0449329 0.0124
pobs_pel_tallas
 0 0 0 0 0 0 0 0 0 0 0 0 0 0 0 0 0 0 0 0 0 0 0 0 0 0 0 0 0 0 0 0 0 0 0 0
 0 0 0 0 0 0 0 0 0 0 0 0 0 0 0 0 0 0 0 0 0 0 0 0 0 0 0 0 0 0 0 0 0 0 0 0
 0 0 0 0 0 0 0 0 0 0 0 0 0 0 0 0 0 0 0 0 0 0 0 0 0 0 0 0 0 0 0 0 0 0 0 0
 0 0 0 0 0 0 0 0 0 0 0 0 0 0 0 0 0 0 0 0 0 0 0 0 0 0 0 0 0 0 0 0 0 0 0 0
 0 0 0 0 0 0 0 0 0 0 0 0 0 0 0 0 0 0 0 0 0 0 0 0 0 0 0 0 0 0 0 0 0 0 0 0
 0 0 0 0 0 0 0 0 0 0 0 0 0 0 0 0 0 0 0 0 0 0 0 0 0 0 0 0 0 0 0 0 0 0 0 0
 0 0 0 0 0 0 0 0 0 0 0 0 0 0 0 0 0 0 0 0 0 0 0 0 0 0 0 0 0 0 0 0 0 0 0 0
 0 0 0 0 0 0 0 0 0 0 0 0 0 0 0 0 0 0 0 0 0 0 0 0 0 0 0 0 0 0 0 0 0 0 0 0
 0 0 0 0 0 0 0 0 0 0 0 0 0 0 0 0 0 0 0 0 0 0 0 0 0 0 0 0 0 0 0 0 0 0 0 0
 0 0 0 0 0 0 0 0 0 0 0 0 0 0 0 0 0 0 0 0 0 0 0 0 0 0 0 0 0 0 0 0 0 0 0 0
 0 0 0 0 0 0 0 0 1.78061e-05 0.00172719 0.00360574 0.0105946 0.0120993 0.0124554 0.0147524 0.0171206 0.0266825 0.0428682 0.0675386 0.121331 0.153587 0.119568 0.100827 0.0573624 0.0630603 0.0341343 0.0324427 0.0444173 0.0211091 0.0280891 0.0125444 0.00206551 0 0 0 0
 0 0 0 0 0 0 0 0 0 0 0 0 0 0 0 0 0 0 0 0 0 0 0 0 0 0 0 0 0 0 0 0 0 0 0 0
 0 0 0 0 0 0 0.0133647 0.0140871 0.0187388 0.0205184 0.03894 0.0496705 0.03968 0.0493445 0.0407372 0.0367815 0.0215668 0.0243155 0.0234873 0.0199281 0.019796 0.0243948 0.0301388 0.0376714 0.0412746 0.0863199 0.0771752 0.113111 0.0741005 0.0525337 0.0229764 0.00759418 0.00175318 0 0 0
 0 0 0 0 0 0 0 0 0 0 0.00219441 0.00772107 0.0458388 0.0604681 0.0671733 0.0775358 0.0609151 0.0617685 0.073594 0.0568108 0.0755445 0.0548602 0.0670107 0.0636378 0.0643287 0.046367 0.0373049 0.0286899 0.0247887 0.0153202 0.00654259 0.00121912 0.000365735 0 0 0
 0 0 0 0 0 0 0 0 0 0 0 0 0.000112435 0.00938835 0.0111873 0.0202946 0.0414886 0.0713402 0.111592 0.104902 0.108894 0.110636 0.117776 0.105296 0.107544 0.0401394 0.0192827 0.0124803 0.00416011 0.0028671 0.000618394 0 0 0 0 0
 0 0 0 0 0 0 0 0 0 0 0.00291406 0.0102884 0.027416 0.0768956 0.0749926 0.110853 0.0956884 0.0897413 0.0766577 0.0534642 0.0500743 0.0551293 0.0594112 0.0620874 0.0668451 0.0424026 0.0208742 0.0120726 0.0048766 0.00582813 0.00118941 0.000297354 0 0 0 0
 0 0.00264628 0.0354308 0.0461629 0.0458689 0.0383711 0.0214643 0.0164657 0.0346957 0.0420465 0.0363128 0.0245516 0.0311673 0.0291091 0.0169068 0.0133784 0.00837989 0.0085269 0.0148486 0.0160247 0.0276389 0.0546898 0.0760071 0.122758 0.109233 0.0665981 0.0333725 0.0166128 0.00676272 0.00308733 0.000882094 0 0 0 0 0
 0 0 0 0 0 0 0 0.000805153 0.000690131 0.00759144 0.0133425 0.0154129 0.00931677 0.000345066 0.00356568 0.00563607 0.00851162 0.0253048 0.0502646 0.0516448 0.0657925 0.0565908 0.0611916 0.0827007 0.0866115 0.110766 0.145733 0.0935128 0.0569358 0.0249597 0.0138026 0.00621118 0.00161031 0.00115022 0 0
 0 0 0 0 0 0 0 0 0 0 0 0 0 0 0 0 0 0 0 0 0 0 0 0 0 0 0 0 0 0 0 0 0 0 0 0
 0.00147267 0.00158595 0.00478618 0.00569244 0.00954404 0.0108468 0.00647125 0.017049 0.0510054 0.094081 0.124002 0.0959785 0.0687766 0.0820023 0.061753 0.0591476 0.0492212 0.0479892 0.0443925 0.0268479 0.0217502 0.0140895 0.0121071 0.0120363 0.00920419 0.00665534 0.0049561 0.00860946 0.00930331 0.0156896 0.0114698 0.00855282 0.00243557 0.00046729 0 2.83206e-05
 0 0 0 0 0.000772559 0.00158375 0.000888443 0.00281984 0.00712685 0.0440552 0.0773331 0.111326 0.0921469 0.0852325 0.0710754 0.0886704 0.0786465 0.0553345 0.0373146 0.0185414 0.00753245 0.00457741 0.012979 0.0271748 0.0457355 0.0583668 0.034881 0.0177882 0.00938659 0.00492506 0.0015258 0.00185414 0.000309023 5.79419e-05 3.86279e-05 0
 0 0.00173294 0.00326652 0 0.00397197 0.00683976 0.00946217 0.0152591 0.00757587 0.0136028 0.0228656 0.0392903 0.0559909 0.0764795 0.0681675 0.0726916 0.0566044 0.0477403 0.0527397 0.0444891 0.0609904 0.0582453 0.0661739 0.0445044 0.0529084 0.0360697 0.0280645 0.0235558 0.0158879 0.00826598 0.00280645 0.00217768 0.000904811 0.00058276 9.20147e-05 0
 0 0 0 0 0 0 0 0 0 0 0 0 0 0 0 0 0 0 0 0 0 0 0 0 0 0 0 0 0 0 0 0 0 0 0 0
 0 0 0 0 0 0 0 0 0 0 0 0 0 0 0 0 0 0 0 0 0 0 0 0 0 0 0 0 0 0 0 0 0 0 0 0
 0 0 0 0 0 0 0 0 0 0 0 0 0 0 0 0 0 0 0 0 0 0 0 0 0 0 0 0 0 0 0 0 0 0 0 0
 0 0 0 0 0 0 0 0 0 0 0 0 0 0 0 0 0 0 0 0 0 0 0 0 0 0 0 0 0 0 0 0 0 0 0 0
ppred_pel_tallas
 1.00781e-16 3.46669e-05 0.000203472 0.000967222 0.00372387 0.0116126 0.0293324 0.0600178 0.0994854 0.133604 0.145382 0.128223 0.0917558 0.0534874 0.0258422 0.0111847 0.00571946 0.00498035 0.00622878 0.00825961 0.010578 0.0128856 0.0149107 0.0164035 0.0171798 0.0171615 0.016392 0.0150196 0.0132559 0.0113249 0.00941807 0.00766804 0.00614381 0.00486204 0.00380633 0.0029458
 1.0068e-16 3.33915e-05 0.00019598 0.000931597 0.0035867 0.0111848 0.0282519 0.0578073 0.0958227 0.128689 0.140044 0.123541 0.0884613 0.0516793 0.0251784 0.0112551 0.00627173 0.00593785 0.00761263 0.0101117 0.0129117 0.0156589 0.0180162 0.0196747 0.0204125 0.0201462 0.0189491 0.0170281 0.014669 0.0121687 0.00977617 0.00765821 0.0058928 0.00448512 0.00339444 0.00256072
 1.00964e-16 2.81656e-05 0.00016529 0.000785674 0.00302482 0.00943255 0.0238261 0.0487525 0.0808173 0.108549 0.11816 0.104313 0.0748607 0.0440728 0.0221053 0.0109551 0.0076141 0.0085057 0.0114058 0.0152609 0.0195073 0.0236647 0.0272338 0.0297488 0.0308737 0.0304808 0.0286788 0.0257782 0.0222091 0.0184196 0.0147864 0.0115632 0.00887077 0.00671988 0.00505186 0.00377813
 1.0136e-16 3.16176e-05 0.000185565 0.000882086 0.00339606 0.0105903 0.0267503 0.0547349 0.0907302 0.121851 0.132606 0.116988 0.0837857 0.0489828 0.0239312 0.0108134 0.00619489 0.00602389 0.00780958 0.0104374 0.0134137 0.0163992 0.0190628 0.0210932 0.0222559 0.0224434 0.0216954 0.0201791 0.0181406 0.0158432 0.0135148 0.0113165 0.00933716 0.00760704 0.00611973 0.00485306
 1.01417e-16 3.16462e-05 0.000185733 0.000882881 0.00339913 0.0105998 0.0267744 0.0547843 0.0908123 0.121962 0.132729 0.117099 0.0838733 0.0490497 0.0239927 0.010889 0.00630252 0.00617788 0.00801926 0.0107049 0.013731 0.0167457 0.0194061 0.021392 0.0224668 0.0225293 0.0216337 0.0199676 0.0177986 0.0154083 0.0130356 0.0108439 0.00891542 0.00726767 0.00587854 0.00471064
 1.02007e-16 2.50791e-05 0.000147167 0.000699508 0.00269305 0.00839794 0.0212128 0.0434057 0.0719558 0.0966528 0.105225 0.0929301 0.0667707 0.0394689 0.0200915 0.0104465 0.00788641 0.00925192 0.0125722 0.0168941 0.0216711 0.0264029 0.0305546 0.0336195 0.0352243 0.0352128 0.0336776 0.0309246 0.0273879 0.0235232 0.0197165 0.0162308 0.0131975 0.010641 0.00852032 0.00676804
 1.01891e-16 3.20985e-05 0.000188392 0.00089553 0.00344784 0.0107518 0.0271581 0.0555691 0.092112 0.123704 0.134615 0.118742 0.0850028 0.0496155 0.0240936 0.0106399 0.00575542 0.00531978 0.00680803 0.00910755 0.0117531 0.0144502 0.0169192 0.0188949 0.0201716 0.0206453 0.0203304 0.0193453 0.0178736 0.0161158 0.0142474 0.0123954 0.0106354 0.00900225 0.00750746 0.0061539
 1.01572e-16 2.93294e-05 0.000172127 0.000818184 0.00315 0.00982295 0.0248121 0.0507697 0.0841597 0.113034 0.123028 0.10858 0.0778556 0.0457007 0.0226715 0.0108244 0.00700435 0.00747257 0.00991579 0.0132643 0.0169872 0.0206644 0.0238688 0.0262016 0.0273724 0.0272652 0.0259629 0.0237172 0.0208801 0.0178179 0.0148378 0.0121451 0.0098365 0.00792168 0.0063571 0.00507918
 1.0128e-16 3.23267e-05 0.000189729 0.000901881 0.00347228 0.010828 0.0273507 0.0559633 0.0927661 0.124584 0.135578 0.119604 0.0856458 0.0500433 0.0243987 0.010938 0.00614376 0.00586803 0.00756092 0.0100834 0.0129362 0.0157825 0.0182986 0.0201823 0.0212095 0.0212829 0.0204508 0.0188871 0.0168417 0.014579 0.0123247 0.0102346 0.00838964 0.00680977 0.00547764 0.00436051
 1.01203e-16 3.09261e-05 0.000181503 0.000862765 0.00332166 0.0103583 0.0261643 0.0535361 0.0887441 0.119187 0.129716 0.114458 0.0820183 0.0480388 0.0236358 0.0109587 0.00666188 0.00678958 0.00890096 0.0118843 0.0152165 0.0185097 0.0213784 0.0234637 0.0245038 0.0243926 0.0232027 0.0211585 0.0185755 0.0157838 0.013062 0.0105985 0.00848545 0.00673622 0.00531551 0.00416817
 1.01687e-16 2.57162e-05 0.000150908 0.000717294 0.00276153 0.00861149 0.0217522 0.0445093 0.0737849 0.0991085 0.107896 0.0952807 0.0684428 0.0404236 0.020515 0.0105647 0.00785122 0.00912954 0.0123765 0.0166178 0.0213019 0.0259308 0.0299743 0.0329318 0.0344353 0.0343333 0.0327214 0.0299074 0.0263269 0.0224367 0.0186243 0.0151543 0.0121588 0.00966177 0.00761989 0.0059618
 1.02262e-16 2.66835e-05 0.000156591 0.000744325 0.00286562 0.00893612 0.0225721 0.0461866 0.0765635 0.102835 0.111937 0.0988145 0.070904 0.0417221 0.0208888 0.0102951 0.00709307 0.00790169 0.0106286 0.014299 0.0184103 0.0225423 0.0262535 0.0291215 0.0308256 0.0312154 0.0303383 0.028413 0.0257644 0.0227408 0.0196433 0.0166848 0.0139832 0.0115808 0.00947344 0.00763864
 1.01167e-16 3.4172e-05 0.000200566 0.000953409 0.00367069 0.0114467 0.0289135 0.0591607 0.0980648 0.131697 0.143307 0.126396 0.0904545 0.0527409 0.0255043 0.0110778 0.00572257 0.00503874 0.00632816 0.00840282 0.010773 0.0131409 0.0152339 0.0168006 0.0176556 0.0177193 0.0170334 0.0157441 0.0140599 0.0122004 0.0103517 0.0086409 0.00713197 0.00583844 0.00474332 0.00381793
 1.00315e-16 3.63677e-05 0.000213457 0.0010147 0.00390667 0.0121826 0.0307723 0.0629638 0.104368 0.14016 0.152511 0.134499 0.0962225 0.0560414 0.0269821 0.0115152 0.00564721 0.00468241 0.00574057 0.00755647 0.00961851 0.0116303 0.013331 0.014487 0.0149339 0.0146145 0.0135925 0.012034 0.0101652 0.00821899 0.00638935 0.00480426 0.00352058 0.00253651 0.00181296 0.00129509
 1.00119e-16 3.87948e-05 0.000227711 0.00108247 0.00416763 0.0129964 0.0328278 0.0671693 0.111337 0.149513 0.162675 0.14343 0.10254 0.0595755 0.0284118 0.0116586 0.00503041 0.0035001 0.00399402 0.00518624 0.00658357 0.00794797 0.00909312 0.00985719 0.0101275 0.00986637 0.00912006 0.0080062 0.00668385 0.00531661 0.0040406 0.00294534 0.00207013 0.00141259 0.000943651 0.000622737
 1.00199e-16 3.5549e-05 0.000208649 0.000991834 0.00381863 0.0119081 0.0300788 0.0615451 0.102017 0.137005 0.149084 0.131492 0.0941032 0.0548718 0.02654 0.0115338 0.00596047 0.00523698 0.00654692 0.0086409 0.0109929 0.0132757 0.0151912 0.0164712 0.0169275 0.0164968 0.0152559 0.0134007 0.011196 0.00891467 0.0067837 0.00495263 0.00348737 0.00238446 0.00159595 0.00105464
 1.00645e-16 3.01094e-05 0.000176705 0.000839945 0.00323379 0.0100842 0.0254721 0.0521202 0.0863983 0.116041 0.126302 0.11147 0.0799315 0.0469255 0.0232903 0.0111368 0.00722493 0.00771384 0.010223 0.0136454 0.017424 0.0211139 0.0242635 0.0264542 0.0273857 0.0269463 0.0252388 0.0225482 0.0192677 0.0158063 0.0125076 0.00960267 0.00720045 0.00530884 0.00387098 0.00280165
 1.01088e-16 3.18679e-05 0.000187035 0.000889069 0.00342295 0.0106741 0.0269621 0.0551683 0.0914488 0.122817 0.133658 0.117919 0.0844586 0.0493887 0.0241524 0.010951 0.00632387 0.0061864 0.00802492 0.0107096 0.0137332 0.0167419 0.0193901 0.0213553 0.0223982 0.0224159 0.0214618 0.019724 0.0174733 0.0149962 0.0125384 0.0102707 0.00828297 0.00659852 0.00519886 0.00404722
 1.01294e-16 3.01485e-05 0.000176937 0.000841055 0.00323807 0.0100976 0.0255058 0.052189 0.0865116 0.11619 0.126459 0.111594 0.0799884 0.046895 0.023157 0.0108783 0.0068056 0.00708905 0.00935075 0.0125011 0.0160157 0.0194938 0.0225323 0.0247543 0.0258835 0.0258066 0.0245961 0.0224839 0.0197976 0.0168806 0.0140237 0.0114246 0.00918146 0.00731131 0.00578066 0.00453542
 1.01184e-16 3.28947e-05 0.000193065 0.000917741 0.00353335 0.0110184 0.0278317 0.0569474 0.094397 0.126774 0.137958 0.121695 0.087128 0.0508777 0.0247463 0.0109932 0.00603334 0.00564141 0.00722174 0.00961947 0.0123369 0.0150473 0.0174404 0.0192277 0.0201955 0.0202515 0.0194428 0.0179366 0.0159725 0.0138041 0.0116473 0.00965132 0.00789314 0.0063914 0.00512873 0.004073
 1.01277e-16 3.04347e-05 0.000178618 0.000849046 0.00326884 0.0101935 0.0257482 0.0526848 0.0873334 0.117294 0.127658 0.112648 0.0807361 0.047317 0.023335 0.0109108 0.00675714 0.00698522 0.00919384 0.0122849 0.0157341 0.0191448 0.0221199 0.0242889 0.0253807 0.0252852 0.0240757 0.0219825 0.0193298 0.016457 0.0136506 0.0111051 0.00891569 0.00709718 0.00561439 0.00441185
 1.01659e-16 2.93557e-05 0.000172282 0.000818927 0.00315287 0.0098319 0.0248347 0.0508158 0.0842355 0.113134 0.123134 0.108664 0.0778973 0.0456871 0.0225948 0.0106728 0.0067584 0.00710824 0.00941151 0.0126103 0.0161941 0.0197701 0.0229392 0.025325 0.0266468 0.0267807 0.0257844 0.0238712 0.0213493 0.0185455 0.0157393 0.0131243 0.0108023 0.00880032 0.00709982 0.0056635
 1.01533e-16 3.18637e-05 0.000187011 0.000888959 0.00342253 0.0106728 0.0269587 0.0551614 0.091437 0.1228 0.133637 0.117894 0.0844273 0.049343 0.0240791 0.0108324 0.00613856 0.00591153 0.00763997 0.0102018 0.0131037 0.0160109 0.0185993 0.0205658 0.0216836 0.0218518 0.0211138 0.0196378 0.0176674 0.0154611 0.0132392 0.0111543 0.00928647 0.00765732 0.00625358 0.00504848
 1.0135e-16 3.13053e-05 0.00018373 0.000873357 0.00336245 0.0104855 0.0264855 0.0541934 0.0898331 0.120648 0.131302 0.115849 0.0829949 0.0485708 0.0238232 0.0109212 0.0064713 0.00646529 0.0084333 0.0112582 0.0144271 0.0175712 0.0203275 0.0223577 0.0234136 0.0233925 0.0223576 0.0205144 0.0181535 0.0155796 0.0130499 0.0107391 0.00873337 0.00704717 0.00565124 0.00449901
 1.02786e-16 1.84071e-05 0.000107986 0.000513215 0.00197573 0.00616099 0.0155626 0.0318459 0.0527986 0.0709389 0.0772797 0.0683662 0.0493752 0.0296966 0.0160595 0.00988257 0.0093164 0.0121107 0.0168308 0.0227036 0.0291537 0.0355493 0.041181 0.04537 0.0476126 0.0476938 0.0457297 0.0421213 0.0374416 0.0322942 0.0271929 0.02249 0.0183654 0.0148588 0.0119236 0.0094784
 1.04884e-16 2.30186e-05 0.000135079 0.00064206 0.00247189 0.00770829 0.0194707 0.0398405 0.0660438 0.0887063 0.09656 0.085244 0.0611762 0.0360187 0.0180755 0.00898735 0.00631307 0.00715849 0.00974896 0.0132807 0.0173604 0.0216623 0.0258295 0.0294977 0.0323583 0.0342128 0.0349993 0.0347807 0.0337052 0.0319558 0.0297083 0.0271094 0.0242759 0.0213065 0.0182951 0.0153382
pSPR Fmed_Fpbrs
0.521027   0.6 0.325
Fs Fmed_Fpbrs
0.64   0.456144 1.57591
SSBpbr Bo_Bmed_Bpbrs
850120  400429  467566 233783
Ro
34572.6
SPR SPRFo_SPRFmed_SPRFpbrs
714075 372052 232074
log_Ro
10.2708
likeval ReclasPelacesDesembMPH_pf_preclas_ppelaces_ptallas_desvR_qrecl_qpela
 64.2159 15.0481 0.0091856 0.00059098 329.606 197.615 55.7295 0 16.1864 1.46545e-06 6.99645e-05 1.48859e-14 0 0 0
q_reclas_q_pelaces
0.842365 3.28713
M
0.7
N
 36019.4 10671.6 3438.62 405.207 0.227059
 43734.4 16183 2659.68 628.872 72.3767
 21576 19820.2 4281.21 530.331 136.756
 31205.7 9143.97 3304.05 437.186 65.5351
 56468.8 14966.9 3574.08 1159.84 174.987
 40564.2 27869.5 7123.93 1669.12 622.441
 76789.8 18994.6 9235.4 1968.68 624.217
 74235.7 36738.2 7297.7 3162.12 879.729
 98228.1 34321.2 11150.6 1775.71 966.45
 114450 45030.6 9826.96 2493.38 601.225
 63713.2 53623.1 14980.8 2731.1 847.93
 44168.9 28400.5 12657.7 2532.33 589.225
 48040.7 19892.8 7197.78 2371.76 571.135
 25584.1 20265 3211.32 701.59 275.655
 14928.9 9211.24 1098.92 64.4301 18.1204
 13195.2 5173.69 384.036 15.0643 1.03639
 9498.72 5672.55 951.537 45.2192 1.83069
 11536.6 4242.8 1358.03 164.17 7.91209
 12517.2 5317.71 1261.46 320.708 39.912
 19599.2 5860.1 1759.67 347.88 98.0366
 25688.4 9156.56 1911.53 475.292 118.661
 32293 12402.3 3745.38 716.684 221.163
 52460.5 15495.7 4863.21 1320.89 327.988
 74447.7 24987.4 5774.44 1593.08 534.666
 32142.5 35502.8 9389 1914.42 698.465
 34220.5 15446.5 14065.4 3360.96 927.845
pred_Ctot
 2481.6 3975.35 1652.04 197.642 0.110838
 2762.77 5636.41 1204.96 289.426 33.3378
 2295.12 10062.9 2664.68 333.916 86.159
 768.179 1419.4 710.459 95.9477 14.3984
 249.226 447.754 153.643 51.033 7.709
 1669.61 6824.26 2349.34 560.615 209.266
 2023.97 3137.56 2106.78 458.263 145.46
 3698.33 10565.3 2787.1 1228.69 342.145
 5453.05 10784.4 4611.41 746.645 406.729
 4666.3 10937.2 3216.59 831.263 200.636
 4719.4 21102.9 7546.45 1395.97 433.743
 2972.29 10390 5986.38 1216.1 283.193
 5250.13 10278.4 4543.02 1513.98 364.795
 5153.56 14562.9 2583.34 567.659 223.101
 3311.34 6882.55 906.992 53.4449 15.0349
 1285.09 2476.7 227.948 9.05239 0.623192
 690.857 2201.93 473.707 22.8452 0.925607
 598.043 1260.8 534.207 65.6881 3.16867
 516.974 1305.95 417.131 108.007 13.4546
 837.316 1481.3 597.519 120.287 33.9309
 513.813 1173.98 342.274 86.9163 21.7237
 784.461 1901.97 796.103 155.488 48.0347
 1544.19 2827.57 1219.02 337.718 83.9468
 2129.28 4443.43 1412.59 397.551 133.566
 747.274 5230.11 1920.59 399.769 146.013
 791.249 2264.12 2863.43 698.492 193.041
F
 0.100095 0.689382 0.998898 1.02307 1.02438
 0.0914332 0.629727 0.912459 0.934542 0.935734
 0.158488 1.09155 1.58163 1.61991 1.62198
 0.0347579 0.239388 0.346867 0.355262 0.355715
 0.00615372 0.0423825 0.0614111 0.0628974 0.0629776
 0.05873 0.40449 0.586097 0.600281 0.601047
 0.0372564 0.256596 0.371801 0.380799 0.381285
 0.0714825 0.492321 0.713361 0.730626 0.731557
 0.0799493 0.550634 0.797855 0.817165 0.818207
 0.0581615 0.400575 0.580424 0.594471 0.595229
 0.107984 0.743716 1.07763 1.10371 1.10512
 0.0976634 0.672636 0.974633 0.998221 0.999494
 0.163152 1.12368 1.62818 1.66758 1.66971
 0.321544 2.21457 3.20886 3.28652 3.29071
 0.359713 2.47744 3.58976 3.67664 3.68133
 0.144217 0.993263 1.43921 1.47405 1.47593
 0.105935 0.729603 1.05718 1.08276 1.08414
 0.0744786 0.512955 0.74326 0.761248 0.762219
 0.0589371 0.405917 0.588164 0.602399 0.603167
 0.0610203 0.420264 0.608952 0.62369 0.624486
 0.02816 0.193946 0.281023 0.287825 0.288192
 0.0342925 0.236182 0.342222 0.350504 0.350951
 0.0416882 0.287119 0.416028 0.426097 0.42664
 0.0404854 0.278834 0.404024 0.413802 0.41433
 0.0327983 0.225891 0.327311 0.335233 0.33566
 0.032617 0.224642 0.325501 0.333379 0.333804
Np
 22924.1 10887.6 6008.98 1950.28 2088.2
YTP_r0W_actual
 9679.59 75905.5 131504 37580.3 11288.5
YTP_p0W_proyectada
 5907.92 68735.1 50956.8 54629.2 19504.2
 5907.92 45498.2 49973.6 21122.1 25123.5
CTP_r0_actual
 1075.51 2988.4 3725.31 907.738 250.855
CTP_p0_proyectada
 720.478 3182.18 1622.83 1362.32 438.297
 720.478 2106.4 1591.51 526.736 564.572
Wmedp
 8.2 21.6 31.4 40.1 44.5
nmprior
 10.8 10.6 4.6 0
nm_flota  nm_reclas  nm_pelaces    nm_pelaL
inf 21.8763 16.5989 51.0634
cv_recla  cv_pelaces  cv_mph
0.708914 0.424944 0.661637
 ------------------------------------------------
Talla a la edad & desviaci?n 
 7.2 14.2025 17.0495 18.207 18.6776
 1.08 2.13037 2.55742 2.73105 2.80164
