years
 1997 1998 1999 2000 2001 2002 2003 2004 2005 2006 2007 2008 2009 2010 2011 2012 2013 2014 2015 2016 2017 2018 2019 2020 2021 2022 2023
reclasobs
 0 0 0 370054 412103 1.49427e+06 250295 1.28982e+06 931140 785840 897777 1.04006e+06 184774 17550 25797 100020 73551 82996 120727 218422 84188 347160 605670 569463 516374 1.08416e+06 1.01767e+06
reclaspred
 496033 128212 326851 216024 348622 441902 952309 667748 756333 787149 674615 458848 276160 112738 68429.8 68697.7 80959.1 108479 121304 163106 246894 234650 401591 538883 714788 686273 637386
pelacesobs
 0 0 0 0 0 0 0 0 0 2.06254e+06 1.5e+06 0 1.87456e+06 323000 250000 174000 83755 137374 0 501740 490994 745055 786931 1.00524e+06 1.33801e+06 1.41789e+06 0
pelacespred
 2.03242e+06 403651 659349 673270 981814 890257 2.56754e+06 2.0089e+06 2.15086e+06 2.21388e+06 1.58187e+06 1.12143e+06 700768 225184 148845 150720 184150 260268 279349 383785 673602 587215 824298 1.278e+06 1.59962e+06 1.69899e+06 1.50277e+06
mphobs
 0 0 0 0 0 0 112323 0 153150 637223 0 255016 313432 73983 77613 109348 50772 17779 17303 59886 28197 0 207744 136588 643089 65757 70829
mphpred
 159589 87634.6 96921.7 92106.4 105566 180125 262553 326428 287899 310850 317760 219655 129441 66037.1 26850.1 22771.4 24376.6 33131.7 45008.1 49077.5 78547.3 99391.2 119906 180110 248787 254779 238328
desembarqueobs
 350755 77701 442110 56441 14545 235359 269955 359681 431902 328805 639364 411747 362871 311530 167758 66681 60226 58785 57116 73181 50977 67692 138656 160484 209506 203330 245020
desembarquepred
 350761 77699.6 442094 56444.7 14545.3 235448 270027 359675 431946 328809 639310 411792 362944 311648 167589 66674.9 60251.6 58778.6 57100.4 73176.6 50979.2 67681.5 138659 160494 209490 203309 245002
Reclutas
 35998.3 43449.8 21970.9 31523.1 57848 40481.9 76949.1 74662.3 98464.7 114794 64692.2 44228 47277.1 25385.1 14984.9 13262.5 9562.84 11618 12705.4 19646.2 25966 32816.4 53382.1 76013.7 35668.8 50595.6 64185
log_desv_Rt
 -0.00655539 0.181581 -0.500306 -0.139304 0.467793 0.110828 0.753119 0.722949 0.999672 1.15312 0.579615 0.199333 0.266001 -0.355862 -0.882982 -1.00508 -1.33214 -1.13747 -1.048 -0.612141 -0.333238 -0.0990962 0.387449 0.740888 -0.0157487 0.333839 0.571743
SSB
 435073 238910 264228 251101 287794 491056 695208 878975 765095 828670 866277 598824 366860 191192 82580.9 69628.2 77760.3 99687.1 126966 146718 220005 270960 337078 481261 731821 771997 677761
BT
 1.5202e+06 366793 635850 454719 590953 696346 1.72274e+06 1.58475e+06 1.67559e+06 1.6207e+06 1.49403e+06 1.02745e+06 765090 419718 225307 143730 157755 201360 210972 285903 439398 402107 578215 882570 1.08171e+06 1.15566e+06 1.08184e+06
Ftot
 1.03564 0.944355 1.63944 0.355736 0.0623974 0.589136 0.3749 0.72424 0.810219 0.590575 1.0951 0.980851 1.62886 3.25566 3.67571 1.46661 1.07402 0.752839 0.59509 0.613945 0.28493 0.346644 0.419256 0.405428 0.325901 0.309667 0.439535
BD_Bspro_t
 0.906549 0.63149 0.55035 0.365513 0.523999 0.705719 0.649911 0.672585 0.606644 0.580413 0.559882 0.398018 0.290955 0.195759 0.106425 0.109964 0.163126 0.26211 0.366445 0.460102 0.588956 0.69835 0.707793 0.717855 0.74344 0.696217 0.665342
BD_Bspro
 0.581332 0.319224 0.353054 0.335514 0.384543 0.656136 0.928917 1.17446 1.0223 1.10725 1.1575 0.800132 0.490188 0.255465 0.110342 0.0930353 0.103901 0.133199 0.169649 0.196041 0.293965 0.36205 0.450394 0.643047 0.977839 1.03152 0.905605
BD_Bo
 0.491507 0.269899 0.298502 0.283672 0.325125 0.554752 0.785385 0.992989 0.864338 0.936159 0.978644 0.676499 0.414446 0.215992 0.0932927 0.0786598 0.0878468 0.112618 0.143435 0.165749 0.248543 0.306107 0.380801 0.543686 0.826748 0.872134 0.765675
BD_Brms
 0.89365 0.490726 0.542731 0.515767 0.591136 1.00864 1.42797 1.80543 1.57152 1.70211 1.77935 1.23 0.753539 0.392712 0.169623 0.143018 0.159721 0.204759 0.260792 0.301362 0.451896 0.556559 0.692366 0.98852 1.50318 1.5857 1.39214
S_f
 0.0974518 0.672293 0.974987 0.998652 0.999929
 0.0974518 0.672293 0.974987 0.998652 0.999929
 0.0974518 0.672293 0.974987 0.998652 0.999929
 0.0974518 0.672293 0.974987 0.998652 0.999929
 0.0974518 0.672293 0.974987 0.998652 0.999929
 0.0974518 0.672293 0.974987 0.998652 0.999929
 0.0974518 0.672293 0.974987 0.998652 0.999929
 0.0974518 0.672293 0.974987 0.998652 0.999929
 0.0974518 0.672293 0.974987 0.998652 0.999929
 0.0974518 0.672293 0.974987 0.998652 0.999929
 0.0974518 0.672293 0.974987 0.998652 0.999929
 0.0974518 0.672293 0.974987 0.998652 0.999929
 0.0974518 0.672293 0.974987 0.998652 0.999929
 0.0974518 0.672293 0.974987 0.998652 0.999929
 0.0974518 0.672293 0.974987 0.998652 0.999929
 0.0974518 0.672293 0.974987 0.998652 0.999929
 0.0974518 0.672293 0.974987 0.998652 0.999929
 0.0974518 0.672293 0.974987 0.998652 0.999929
 0.0974518 0.672293 0.974987 0.998652 0.999929
 0.0974518 0.672293 0.974987 0.998652 0.999929
 0.0974518 0.672293 0.974987 0.998652 0.999929
 0.0974518 0.672293 0.974987 0.998652 0.999929
 0.0974518 0.672293 0.974987 0.998652 0.999929
 0.0974518 0.672293 0.974987 0.998652 0.999929
 0.0974518 0.672293 0.974987 0.998652 0.999929
 0.0974518 0.672293 0.974987 0.998652 0.999929
 0.0974518 0.672293 0.974987 0.998652 0.999929
Scru_reclas
 0.642864 1 1 1 1
 0.642864 1 1 1 1
 0.642864 1 1 1 1
 0.642864 1 1 1 1
 0.642864 1 1 1 1
 0.642864 1 1 1 1
 0.642864 1 1 1 1
 0.642864 1 1 1 1
 0.642864 1 1 1 1
 0.642864 1 1 1 1
 0.642864 1 1 1 1
 0.642864 1 1 1 1
 0.642864 1 1 1 1
 0.642864 1 1 1 1
 0.642864 1 1 1 1
 0.642864 1 1 1 1
 0.642864 1 1 1 1
 0.642864 1 1 1 1
 0.642864 1 1 1 1
 0.642864 1 1 1 1
 0.642864 1 1 1 1
 0.642864 1 1 1 1
 0.642864 1 1 1 1
 0.642864 1 1 1 1
 0.642864 1 1 1 1
 0.642864 1 1 1 1
 0.642864 1 1 1 1
Scru_pelaces
 0.895945 1 1 1 1
 0.895945 1 1 1 1
 0.895945 1 1 1 1
 0.895945 1 1 1 1
 0.895945 1 1 1 1
 0.895945 1 1 1 1
 0.895945 1 1 1 1
 0.895945 1 1 1 1
 0.895945 1 1 1 1
 0.895945 1 1 1 1
 0.895945 1 1 1 1
 0.895945 1 1 1 1
 0.895945 1 1 1 1
 0.895945 1 1 1 1
 0.895945 1 1 1 1
 0.895945 1 1 1 1
 0.895945 1 1 1 1
 0.895945 1 1 1 1
 0.895945 1 1 1 1
 0.895945 1 1 1 1
 0.895945 1 1 1 1
 0.895945 1 1 1 1
 0.895945 1 1 1 1
 0.895945 1 1 1 1
 0.895945 1 1 1 1
 0.895945 1 1 1 1
 0.895945 1 1 1 1
pf_obs 
 0.256992 0.487395 0.22802 0.0275931 0
 0.321318 0.546541 0.124235 0.00734118 0.000564706
 0.182869 0.594174 0.210203 0.0122559 0.00049798
 0.330522 0.361315 0.267642 0.0388342 0.00168674
 0.649043 0.306663 0.0425973 0.00169635 0
 0.582887 0.30429 0.105238 0.00758474 0
 0.465427 0.430635 0.0974691 0.00646863 0
 0.296916 0.608066 0.0921331 0.00288517 0
 0.311714 0.524322 0.152257 0.0117073 0
 0.15457 0.633149 0.183074 0.0267441 0.00246327
 0.131901 0.49318 0.331252 0.0422183 0.00144891
 0.196976 0.569456 0.194076 0.0375587 0.00193317
 0.518974 0.381816 0.0799577 0.0180837 0.00116848
 0.0928022 0.601141 0.25162 0.0475244 0.00691264
 0.122501 0.610282 0.24278 0.0234846 0.000952079
 0.383417 0.481906 0.127806 0.00687128 0
 0.0376549 0.599619 0.316969 0.0457579 0
 0.0361596 0.667082 0.258105 0.0386534 0
 0.158088 0.579412 0.248529 0.0139706 0
 0.0477256 0.309471 0.559284 0.082774 0.000745712
 0.0406174 0.521527 0.379366 0.0568643 0.0016247
 0.151134 0.462217 0.34131 0.0453401 0
 0.294876 0.26143 0.354403 0.0886775 0.000613685
 0.281977 0.475581 0.204845 0.0348837 0.00271318
 0.0841818 0.532909 0.334909 0.0458182 0.00218182
 0.115287 0.27431 0.454777 0.147771 0.00785563
 0 0 0 0 0
pf_pred 
 0.300523 0.477416 0.198341 0.0237062 1.40612e-05
 0.277935 0.569868 0.120143 0.0287467 0.00330721
 0.15213 0.649338 0.171909 0.0211809 0.00544208
 0.256144 0.477305 0.230962 0.0310186 0.00457065
 0.276606 0.490968 0.169792 0.0544713 0.00816286
 0.140479 0.592129 0.201516 0.0484331 0.0174426
 0.254127 0.394136 0.274045 0.0590068 0.018686
 0.197846 0.565496 0.149553 0.0682903 0.0188138
 0.245994 0.490318 0.210309 0.0341529 0.0192263
 0.233867 0.549934 0.163427 0.0423887 0.0103826
 0.134711 0.597771 0.214811 0.0401503 0.0125565
 0.140078 0.500095 0.287284 0.0587074 0.0138357
 0.231766 0.467282 0.212807 0.0709137 0.0172311
 0.220781 0.626054 0.116201 0.0265191 0.0104454
 0.296821 0.614144 0.0824204 0.00511828 0.00149714
 0.32047 0.620057 0.0570011 0.00230367 0.000168567
 0.20295 0.649229 0.140754 0.0067856 0.000280931
 0.24151 0.511643 0.218443 0.0270965 0.0013078
 0.218929 0.551313 0.177563 0.0463675 0.00582725
 0.269065 0.484498 0.195436 0.0396963 0.0113045
 0.239982 0.545773 0.162498 0.041308 0.0104397
 0.213151 0.515674 0.215013 0.042874 0.0132883
 0.256362 0.470683 0.202784 0.0559589 0.0142118
 0.24947 0.521272 0.166617 0.0468834 0.015758
 0.0948492 0.613893 0.226493 0.0474384 0.0173263
 0.153557 0.332645 0.391142 0.0959659 0.0266893
 0.192159 0.451833 0.176042 0.137898 0.0420682
pobs_RECLAS
 0 0 0 0 0
 0 0 0 0 0
 0 0 0 0 0
 0 0 0 0 0
 0.835266 0.146461 0.0176864 0.000547809 3.91292e-05
 0.385257 0.428462 0.181853 0.0044286 0
 0.867414 0.0963971 0.0333333 0.00285562 0
 0.441836 0.489002 0.0689373 0.000224442 0
 0.779404 0.147425 0.0564933 0.0165055 0.000172143
 0.814271 0.122319 0.05973 0.00367925 0
 0.40263 0.566651 0.0304383 0.000280538 0
 0.475488 0.404961 0.113038 0.00651328 0
 0.955842 0.0263864 0.0167828 0.000988607 0
 0.975058 0.0227948 0.00214734 0 0
 0.738997 0.206755 0.0527124 0.00153531 0
 0.850938 0.134255 0.0134407 0.00136685 0
 0.542534 0.407297 0.0501686 0 0
 0.764087 0.199537 0.0359546 0.000420521 0
 0.470689 0.182191 0.310203 0.0369168 0
 0.84361 0.089868 0.0606195 0.00523954 0.000663233
 0.607945 0.314616 0.071237 0.00620181 0
 0.523733 0.453247 0.0230204 0 0
 0.530135 0.295979 0.169645 0.0042399 0
 0.562478 0.366248 0.0663022 0.0049721 0
 0.250443 0.683176 0.0655157 0.000865301 0
 0.195077 0.31981 0.436473 0.0351445 0.0134964
 0.565238 0.351407 0.0832357 0.000118908 0
ppred_RECLAS
 0.692502 0.235168 0.0647905 0.00753507 4.46287e-06
 0.658292 0.290319 0.0407949 0.009502 0.0010916
 0.490568 0.42668 0.0719518 0.00859558 0.00220485
 0.636169 0.263558 0.0871712 0.0114216 0.00168077
 0.654134 0.261239 0.0622235 0.0194872 0.00291653
 0.452909 0.419501 0.0967635 0.0226725 0.00815414
 0.643758 0.22178 0.105338 0.0221265 0.00699765
 0.556356 0.346784 0.0617986 0.0274964 0.00756472
 0.629861 0.272366 0.0784007 0.0124014 0.00697156
 0.604778 0.31248 0.0629354 0.0159138 0.00389262
 0.44995 0.425027 0.10094 0.0183523 0.005731
 0.469335 0.359526 0.137383 0.027325 0.00643046
 0.633492 0.260512 0.0756301 0.0244376 0.00592822
 0.647236 0.311661 0.031519 0.00688091 0.0027038
 0.737407 0.244285 0.0170077 0.00100614 0.000293534
 0.701792 0.280851 0.0166558 0.000653395 4.7735e-05
 0.560348 0.382152 0.0548225 0.00257116 0.000106292
 0.620921 0.286377 0.0822788 0.0099437 0.00047926
 0.585307 0.323784 0.0706624 0.0179886 0.00225765
 0.653372 0.258181 0.0705147 0.0139618 0.00397056
 0.608715 0.308754 0.0629697 0.0156195 0.00394235
 0.577843 0.310934 0.0886411 0.0172443 0.00533762
 0.638192 0.259727 0.0763253 0.0205445 0.00521076
 0.624363 0.289377 0.0631199 0.0173251 0.00581546
 0.344109 0.495831 0.125156 0.0255759 0.00932903
 0.502544 0.242537 0.195209 0.0467309 0.0129794
 0.556541 0.289788 0.0769588 0.0587988 0.0179137
pobs_PELACES
 0 0 0 0 0
 0 0 0 0 0
 0 0 0 0 0
 0 0 0 0 0
 0 0 0 0 0
 0 0 0 0 0
 0 0 0 0 0
 0 0 0 0 0
 0 0 0 0 0
 0 0 0 0 0
 0.450072 0.473896 0.0757376 0.000293798 0
 0 0 0 0 0
 0.463077 0.371075 0.160297 0.00555027 0
 0.529543 0.364841 0.0842815 0.0213345 0
 0.631943 0.363953 0.00410389 0 0
 0.735681 0.248677 0.0153453 0.000297389 0
 0.695825 0.281241 0.0229344 0 0
 0.275771 0.60734 0.115278 0.00161068 0
 0 0 0 0 0
 0.896147 0.0623911 0.0374545 0.00400742 0
 0.803859 0.145111 0.0509908 3.86294e-05 0
 0.739449 0.233085 0.0266225 0.000797448 4.60066e-05
 0.878498 0.100942 0.0204185 0.000141795 0
 0.694673 0.275183 0.0284847 0.00165964 0
 0.469039 0.446079 0.0841089 0.000773354 0
 0.822795 0.102175 0.0682046 0.00682512 0
 0 0 0 0 0
ppred_PELACES
 0.79638 0.159439 0.0396095 0.00456944 2.70521e-06
 0.765059 0.202391 0.0258793 0.00598356 0.000687124
 0.652555 0.298397 0.0427182 0.00503832 0.00129148
 0.724714 0.201373 0.0642785 0.00839869 0.00123575
 0.727623 0.206051 0.0487735 0.0152675 0.00228493
 0.566711 0.336811 0.07325 0.0170843 0.00614283
 0.732821 0.168714 0.0771876 0.0161661 0.00511182
 0.670732 0.261473 0.0433439 0.0191765 0.00527417
 0.738527 0.1965 0.0521654 0.00819948 0.00460782
 0.70717 0.234387 0.0445027 0.0112011 0.00273919
 0.589764 0.32475 0.0691335 0.0124624 0.00388993
 0.60497 0.276065 0.0956457 0.0188784 0.00444086
 0.774431 0.16777 0.0413922 0.0132056 0.0032013
 0.830594 0.15475 0.0113054 0.00240612 0.00094417
 0.88929 0.105257 0.00507624 0.0002918 8.49992e-05
 0.813663 0.176898 0.00906127 0.00035142 2.56578e-05
 0.688196 0.274692 0.0353978 0.00164628 6.80269e-05
 0.728346 0.208956 0.0556859 0.0066904 0.000322357
 0.690483 0.244814 0.0503447 0.0127569 0.00160064
 0.749855 0.189234 0.0486094 0.00957858 0.00272332
 0.697191 0.240389 0.0476511 0.0117935 0.00297631
 0.672778 0.243226 0.0669791 0.0129949 0.00402173
 0.72926 0.196674 0.0554254 0.0148701 0.00377088
 0.716326 0.220584 0.046205 0.0126422 0.00424285
 0.439476 0.427132 0.104362 0.0212723 0.00775821
 0.602737 0.196815 0.153584 0.0366776 0.0101858
 0.65882 0.226452 0.0575556 0.0438234 0.0133488
pobs_pel_tallas
 0 0 0 0 0 0 0 0 0 0 0 0 0 0 0 0 0 0 0 0 0 0 0 0 0 0 0 0 0 0 0 0 0 0 0 0
 0 0 0 0 0 0 0 0 0 0 0 0 0 0 0 0 0 0 0 0 0 0 0 0 0 0 0 0 0 0 0 0 0 0 0 0
 0 0 0 0 0 0 0 0 0 0 0 0 0 0 0 0 0 0 0 0 0 0 0 0 0 0 0 0 0 0 0 0 0 0 0 0
 0 0 0 0 0 0 0 0 0 0 0 0 0 0 0 0 0 0 0 0 0 0 0 0 0 0 0 0 0 0 0 0 0 0 0 0
 0 0 0 0 0 0 0 0 0 0 0 0 0 0 0 0 0 0 0 0 0 0 0 0 0 0 0 0 0 0 0 0 0 0 0 0
 0 0 0 0 0 0 0 0 0 0 0 0 0 0 0 0 0 0 0 0 0 0 0 0 0 0 0 0 0 0 0 0 0 0 0 0
 0 0 0 0 0 0 0 0 0 0 0 0 0 0 0 0 0 0 0 0 0 0 0 0 0 0 0 0 0 0 0 0 0 0 0 0
 0 0 0 0 0 0 0 0 0 0 0 0 0 0 0 0 0 0 0 0 0 0 0 0 0 0 0 0 0 0 0 0 0 0 0 0
 0 0 0 0 0 0 0 0 0 0 0 0 0 0 0 0 0 0 0 0 0 0 0 0 0 0 0 0 0 0 0 0 0 0 0 0
 0 0 0 0 0 0 0 0 0 0 0 0 0 0 0 0 0 0 0 0 0 0 0 0 0 0 0 0 0 0 0 0 0 0 0 0
 0 0 0 0 0 0 0 0 1.78061e-05 0.00172719 0.00360574 0.0105946 0.0120993 0.0124554 0.0147524 0.0171206 0.0266825 0.0428682 0.0675386 0.121331 0.153587 0.119568 0.100827 0.0573624 0.0630603 0.0341343 0.0324427 0.0444173 0.0211091 0.0280891 0.0125444 0.00206551 0 0 0 0
 0 0 0 0 0 0 0 0 0 0 0 0 0 0 0 0 0 0 0 0 0 0 0 0 0 0 0 0 0 0 0 0 0 0 0 0
 0 0 0 0 0 0 0.0133647 0.0140871 0.0187388 0.0205184 0.03894 0.0496705 0.03968 0.0493445 0.0407372 0.0367815 0.0215668 0.0243155 0.0234873 0.0199281 0.019796 0.0243948 0.0301388 0.0376714 0.0412746 0.0863199 0.0771752 0.113111 0.0741005 0.0525337 0.0229764 0.00759418 0.00175318 0 0 0
 0 0 0 0 0 0 0 0 0 0 0.00219441 0.00772107 0.0458388 0.0604681 0.0671733 0.0775358 0.0609151 0.0617685 0.073594 0.0568108 0.0755445 0.0548602 0.0670107 0.0636378 0.0643287 0.046367 0.0373049 0.0286899 0.0247887 0.0153202 0.00654259 0.00121912 0.000365735 0 0 0
 0 0 0 0 0 0 0 0 0 0 0 0 0.000112435 0.00938835 0.0111873 0.0202946 0.0414886 0.0713402 0.111592 0.104902 0.108894 0.110636 0.117776 0.105296 0.107544 0.0401394 0.0192827 0.0124803 0.00416011 0.0028671 0.000618394 0 0 0 0 0
 0 0 0 0 0 0 0 0 0 0 0.00291406 0.0102884 0.027416 0.0768956 0.0749926 0.110853 0.0956884 0.0897413 0.0766577 0.0534642 0.0500743 0.0551293 0.0594112 0.0620874 0.0668451 0.0424026 0.0208742 0.0120726 0.0048766 0.00582813 0.00118941 0.000297354 0 0 0 0
 0 0.00264628 0.0354308 0.0461629 0.0458689 0.0383711 0.0214643 0.0164657 0.0346957 0.0420465 0.0363128 0.0245516 0.0311673 0.0291091 0.0169068 0.0133784 0.00837989 0.0085269 0.0148486 0.0160247 0.0276389 0.0546898 0.0760071 0.122758 0.109233 0.0665981 0.0333725 0.0166128 0.00676272 0.00308733 0.000882094 0 0 0 0 0
 0 0 0 0 0 0 0 0.000805153 0.000690131 0.00759144 0.0133425 0.0154129 0.00931677 0.000345066 0.00356568 0.00563607 0.00851162 0.0253048 0.0502646 0.0516448 0.0657925 0.0565908 0.0611916 0.0827007 0.0866115 0.110766 0.145733 0.0935128 0.0569358 0.0249597 0.0138026 0.00621118 0.00161031 0.00115022 0 0
 0 0 0 0 0 0 0 0 0 0 0 0 0 0 0 0 0 0 0 0 0 0 0 0 0 0 0 0 0 0 0 0 0 0 0 0
 0.00147267 0.00158595 0.00478618 0.00569244 0.00954404 0.0108468 0.00647125 0.017049 0.0510054 0.094081 0.124002 0.0959785 0.0687766 0.0820023 0.061753 0.0591476 0.0492212 0.0479892 0.0443925 0.0268479 0.0217502 0.0140895 0.0121071 0.0120363 0.00920419 0.00665534 0.0049561 0.00860946 0.00930331 0.0156896 0.0114698 0.00855282 0.00243557 0.00046729 0 2.83206e-05
 0 0 0 0 0.000772559 0.00158375 0.000888443 0.00281984 0.00712685 0.0440552 0.0773331 0.111326 0.0921469 0.0852325 0.0710754 0.0886704 0.0786465 0.0553345 0.0373146 0.0185414 0.00753245 0.00457741 0.012979 0.0271748 0.0457355 0.0583668 0.034881 0.0177882 0.00938659 0.00492506 0.0015258 0.00185414 0.000309023 5.79419e-05 3.86279e-05 0
 0 0.00173294 0.00326652 0 0.00397197 0.00683976 0.00946217 0.0152591 0.00757587 0.0136028 0.0228656 0.0392903 0.0559909 0.0764795 0.0681675 0.0726916 0.0566044 0.0477403 0.0527397 0.0444891 0.0609904 0.0582453 0.0661739 0.0445044 0.0529084 0.0360697 0.0280645 0.0235558 0.0158879 0.00826598 0.00280645 0.00217768 0.000904811 0.00058276 9.20147e-05 0
 0 0 0 0 0 0 0 0 0 0 0 0 0 0 0 0 0 0 0 0 0 0 0 0 0 0 0 0 0 0 0 0 0 0 0 0
 0 0 0 0 0 0 0 0 0 0 0 0 0 0 0 0 0 0 0 0 0 0 0 0 0 0 0 0 0 0 0 0 0 0 0 0
 0 0 0 0 0 0 0 0 0 0 0 0 0 0 0 0 0 0 0 0 0 0 0 0 0 0 0 0 0 0 0 0 0 0 0 0
 0 0 0 0 0 0 0 0 0 0 0 0 0 0 0 0 0 0 0 0 0 0 0 0 0 0 0 0 0 0 0 0 0 0 0 0
 0 0 0 0 0 0 0 0 0 0 0 0 0 0 0 0 0 0 0 0 0 0 0 0 0 0 0 0 0 0 0 0 0 0 0 0
ppred_pel_tallas
 1.00772e-16 3.47451e-05 0.000203931 0.000969404 0.00373228 0.0116388 0.0293986 0.0601532 0.0997099 0.133905 0.145709 0.128511 0.0919596 0.0536019 0.0258895 0.0111915 0.00570294 0.0049472 0.00617935 0.00819214 0.010491 0.0127792 0.014787 0.0162664 0.0170351 0.0170154 0.0162507 0.0148879 0.0131373 0.0112212 0.00932951 0.00759382 0.00608254 0.00481215 0.00376625 0.00291408
 1.00672e-16 3.33811e-05 0.000195919 0.000931307 0.00358558 0.0111813 0.0282431 0.0577893 0.0957928 0.128649 0.140001 0.123503 0.088435 0.0516657 0.025175 0.0112591 0.00628149 0.00595342 0.00763473 0.010141 0.0129481 0.0157014 0.0180627 0.019722 0.0204569 0.0201838 0.0189769 0.0170441 0.0146727 0.012161 0.00975912 0.00763453 0.0058654 0.00445667 0.00336709 0.00253598
 1.00938e-16 2.84793e-05 0.000167132 0.000794432 0.00305854 0.00953772 0.0240917 0.049296 0.0817179 0.109758 0.119474 0.105467 0.0756775 0.0445302 0.0222913 0.0109758 0.00753778 0.00835789 0.011187 0.0149635 0.0191259 0.023201 0.0266987 0.0291623 0.0302623 0.0298736 0.0281029 0.0252551 0.0217522 0.0180338 0.0144697 0.0113088 0.00866922 0.00656172 0.00492851 0.00368248
 1.01325e-16 3.16219e-05 0.000185591 0.000882206 0.00339652 0.0105917 0.0267539 0.0547424 0.0907426 0.121868 0.132625 0.117005 0.0838001 0.0489952 0.0239446 0.0108318 0.00622226 0.00606382 0.00786487 0.0105094 0.0135016 0.0164989 0.0191675 0.0211933 0.0223403 0.0225017 0.0217194 0.0201644 0.0180874 0.0157562 0.0134019 0.0111875 0.00920236 0.00747545 0.00599841 0.00474662
 1.01391e-16 3.17489e-05 0.000186336 0.000885747 0.00341016 0.0106343 0.0268613 0.0549621 0.091107 0.122358 0.133159 0.117477 0.084141 0.0492003 0.0240553 0.0108987 0.00628219 0.00613646 0.00795748 0.0106207 0.0136226 0.0166135 0.0192526 0.0212223 0.0222877 0.0223484 0.0214579 0.0198024 0.0176474 0.0152725 0.0129149 0.010737 0.00882093 0.00718414 0.00580501 0.0046465
 1.02024e-16 2.47377e-05 0.000145162 0.000689976 0.00265634 0.00828348 0.0209236 0.0428142 0.0709755 0.0953372 0.103796 0.0916741 0.0658826 0.0389727 0.019892 0.0104289 0.00797724 0.00942427 0.0128263 0.0172386 0.0221118 0.0269369 0.0311681 0.0342881 0.0359161 0.0358931 0.0343144 0.0314932 0.0278736 0.0239215 0.0200318 0.0164732 0.0133797 0.010776 0.00861944 0.00684044
 1.01946e-16 3.19741e-05 0.000187661 0.000892056 0.00343446 0.01071 0.0270527 0.0553535 0.0917547 0.123224 0.134093 0.118282 0.0846747 0.0494261 0.0240058 0.0106084 0.00574928 0.00532468 0.00682018 0.00912808 0.0117853 0.0144983 0.0169881 0.0189893 0.0202956 0.0208013 0.0205185 0.0195629 0.0181154 0.0163739 0.0145122 0.0126569 0.0108841 0.00923007 0.00770874 0.00632548
 1.01606e-16 2.92704e-05 0.00017178 0.000816535 0.00314366 0.00980316 0.0247621 0.0506675 0.0839901 0.112806 0.122781 0.108362 0.0777005 0.0456119 0.0226318 0.0108127 0.00700635 0.00748201 0.00993123 0.0132863 0.0170168 0.0207027 0.0239164 0.0262589 0.0274393 0.0273413 0.0260475 0.0238093 0.0209784 0.017921 0.0149438 0.0122516 0.00994116 0.00802193 0.00645057 0.00516387
 1.01302e-16 3.2224e-05 0.000189126 0.000899014 0.00346124 0.0107936 0.0272637 0.0557854 0.0924712 0.124189 0.135148 0.119225 0.0853776 0.0498921 0.0243352 0.0109269 0.006162 0.00590643 0.00761861 0.0101624 0.0130384 0.0159083 0.0184459 0.0203469 0.0213853 0.0214631 0.0206288 0.0190572 0.0169999 0.0147231 0.0124538 0.0103488 0.00848968 0.00689657 0.00555208 0.00442343
 1.01222e-16 3.08582e-05 0.000181104 0.000860869 0.00331436 0.0103355 0.0261067 0.0534184 0.0885491 0.118925 0.129431 0.114208 0.0818405 0.0479379 0.0235923 0.0109489 0.00667008 0.00680926 0.00893118 0.0119262 0.0152715 0.0185784 0.0214606 0.0235579 0.0246075 0.0245029 0.0233162 0.0212721 0.0186867 0.0158904 0.0131622 0.0106911 0.00856953 0.00681107 0.00538075 0.00422371
 1.01698e-16 2.57424e-05 0.000151062 0.000718026 0.00276435 0.00862029 0.0217744 0.0445548 0.0738602 0.0992096 0.108005 0.0953768 0.0685103 0.0404602 0.0205277 0.0105617 0.00783738 0.00910614 0.0123428 0.0165727 0.0212451 0.0258634 0.029899 0.0328528 0.0343578 0.0342625 0.0326622 0.0298631 0.0262988 0.0224245 0.0186261 0.015167 0.012179 0.00968625 0.00764581 0.005987
 1.02304e-16 2.64036e-05 0.000154948 0.000736509 0.00283553 0.00884227 0.022335 0.0457016 0.0757597 0.101756 0.110765 0.0977837 0.0701737 0.0413113 0.0207182 0.0102691 0.00714941 0.0080162 0.0107996 0.0145327 0.0187117 0.0229114 0.0266835 0.0295986 0.0313309 0.0317274 0.0308365 0.0288805 0.0261895 0.0231176 0.0199706 0.0169648 0.0142201 0.0117792 0.00963775 0.00777298
 1.01246e-16 3.37883e-05 0.000198313 0.000942696 0.00362944 0.0113181 0.0285886 0.0584959 0.0969631 0.130218 0.1417 0.124983 0.0894518 0.0521745 0.0252647 0.0110324 0.00578445 0.00517301 0.00653105 0.0086818 0.0111355 0.0135889 0.0157617 0.0173947 0.0182961 0.0183828 0.0176967 0.0163866 0.014666 0.0127598 0.0108588 0.00909348 0.00753017 0.00618356 0.00503741 0.00406373
 1.00338e-16 3.62367e-05 0.000212689 0.00101104 0.00389259 0.0121387 0.0306614 0.062737 0.103992 0.139655 0.151962 0.134017 0.0958807 0.0558489 0.0269018 0.011502 0.00567198 0.00473363 0.0058173 0.00766145 0.00975416 0.0117968 0.0135255 0.0147036 0.0151644 0.0148494 0.0138228 0.0122522 0.0103659 0.0083993 0.00654838 0.00494258 0.00363955 0.00263776 0.00189812 0.00136567
 1.00121e-16 3.87941e-05 0.000227707 0.00108245 0.00416756 0.0129962 0.0328273 0.0671682 0.111336 0.149511 0.162672 0.143428 0.102538 0.0595742 0.0284109 0.0116576 0.00502898 0.00349805 0.0039912 0.00518258 0.00657912 0.00794294 0.00908787 0.00985224 0.0101235 0.00986373 0.0091193 0.00800754 0.00668727 0.00532189 0.0040473 0.00295294 0.00207806 0.00142037 0.000950883 0.000629149
 1.002e-16 3.54994e-05 0.000208357 0.000990447 0.00381329 0.0118914 0.0300368 0.0614591 0.101875 0.136813 0.148876 0.13131 0.0939741 0.0547998 0.0265114 0.0115319 0.00597474 0.00526361 0.00658605 0.00869384 0.0110604 0.0133573 0.0152846 0.0165724 0.0170315 0.0165982 0.0153497 0.013483 0.0112648 0.00896951 0.00682548 0.00498321 0.003509 0.00239936 0.00160604 0.00106142
 1.00652e-16 3.00324e-05 0.000176253 0.000837796 0.00322551 0.0100584 0.0254069 0.0519868 0.0861773 0.115744 0.125979 0.111187 0.0797308 0.0468128 0.0232438 0.0111303 0.00724152 0.00774696 0.0102723 0.0137127 0.0175107 0.02122 0.0243868 0.0265906 0.0275295 0.0270913 0.0253787 0.0226781 0.0193842 0.0159077 0.0125936 0.00967417 0.00725892 0.00535596 0.00390839 0.00283088
 1.01104e-16 3.17805e-05 0.000186521 0.000886629 0.00341355 0.0106448 0.026888 0.0550168 0.0911978 0.12248 0.133292 0.117596 0.0842302 0.0492596 0.0240976 0.0109404 0.00633759 0.00621645 0.00807042 0.0107723 0.0138148 0.016843 0.0195095 0.0214901 0.0225441 0.0225677 0.021614 0.019872 0.0176133 0.0151256 0.0126556 0.0103749 0.00837402 0.00667664 0.00526456 0.00410125
 1.01308e-16 3.0131e-05 0.000176834 0.000840566 0.00323619 0.0100917 0.025491 0.0521586 0.0864612 0.116123 0.126385 0.111529 0.0799418 0.0468676 0.0231436 0.010872 0.00680178 0.00708534 0.00934631 0.0124959 0.0160102 0.019489 0.0225295 0.0247551 0.0258898 0.0258198 0.0246172 0.0225134 0.0198349 0.0169245 0.0140721 0.0114753 0.00923213 0.00735976 0.00582516 0.00457478
 1.01209e-16 3.27176e-05 0.000192025 0.000912796 0.00351431 0.010959 0.0276817 0.0566406 0.0938885 0.126091 0.137216 0.121043 0.0866662 0.0506182 0.0246391 0.010978 0.00607092 0.00571671 0.00733393 0.00977248 0.0125339 0.0152881 0.0177201 0.0195368 0.0205214 0.0205798 0.01976 0.0182317 0.0162381 0.0140368 0.011847 0.00982005 0.0080342 0.00650836 0.00522489 0.00415124
 1.013e-16 3.04232e-05 0.00017855 0.000848727 0.00326761 0.0101897 0.0257385 0.052665 0.0873004 0.117249 0.127609 0.112605 0.0807045 0.0472969 0.0233223 0.0109002 0.00674454 0.00696789 0.00917021 0.0122545 0.0156973 0.0191038 0.022078 0.0242507 0.0253514 0.0252697 0.0240777 0.022004 0.0193705 0.0165144 0.0137208 0.011183 0.00899617 0.00717556 0.00568694 0.00447606
 1.01665e-16 2.93589e-05 0.000172301 0.000819017 0.00315322 0.00983299 0.0248374 0.0508214 0.0842448 0.113147 0.123148 0.108676 0.0779057 0.0456917 0.0225966 0.0106728 0.00675726 0.00710614 0.00940836 0.0126059 0.0161883 0.0197628 0.0229305 0.0253151 0.0266359 0.0267697 0.0257738 0.0238617 0.0213416 0.0185403 0.0157369 0.013125 0.0108058 0.00880642 0.00710792 0.00567293
 1.01539e-16 3.18199e-05 0.000186754 0.000887735 0.00341782 0.0106581 0.0269216 0.0550855 0.0913112 0.122631 0.133454 0.117733 0.0843131 0.0492789 0.0240528 0.010829 0.00614829 0.00593079 0.00766861 0.0102408 0.0131539 0.016072 0.0186702 0.0206438 0.0217655 0.0219339 0.0211927 0.0197106 0.0177323 0.0155173 0.0132868 0.0111942 0.00931946 0.00768449 0.00627586 0.00506665
 1.01361e-16 3.12568e-05 0.000183446 0.000872005 0.00335725 0.0104692 0.0264445 0.0541095 0.0896941 0.120462 0.131099 0.11567 0.0828683 0.0484992 0.0237927 0.010915 0.00647841 0.00648119 0.00845746 0.0112916 0.0144706 0.0176251 0.0203913 0.02243 0.0234922 0.0234746 0.0224405 0.0205957 0.0182312 0.0156522 0.0131166 0.0107993 0.00878686 0.00709387 0.00569124 0.00453254
 1.02715e-16 1.91934e-05 0.000112604 0.00053517 0.00206027 0.00642462 0.0162284 0.0332082 0.0550562 0.0739692 0.0805727 0.0712601 0.0514232 0.0308443 0.0165277 0.00993746 0.00912975 0.011747 0.0162918 0.0219705 0.0282127 0.034404 0.0398577 0.0439169 0.0460942 0.0461813 0.04429 0.0408076 0.0362875 0.0313133 0.0263812 0.021832 0.0178396 0.0144428 0.0115969 0.00922387
 1.03981e-16 2.63031e-05 0.000154365 0.000733754 0.00282495 0.0088093 0.0222516 0.0455304 0.0754739 0.101366 0.110324 0.0973552 0.0697813 0.0409103 0.0202046 0.00950531 0.0059861 0.00630824 0.00842748 0.0114341 0.0149187 0.0185802 0.022104 0.025174 0.0275256 0.0289933 0.0295331 0.0292115 0.0281694 0.0265762 0.0245921 0.0223472 0.0199411 0.0174529 0.0149547 0.0125192
 1.03021e-16 2.87495e-05 0.000168725 0.000802021 0.00308778 0.00962893 0.024322 0.0497667 0.0824961 0.110797 0.120588 0.106412 0.0762699 0.0447074 0.0220639 0.0103458 0.00645283 0.00671873 0.00888493 0.0119262 0.0153607 0.0188276 0.0219626 0.024421 0.0259438 0.0264125 0.0258704 0.0244983 0.0225587 0.0203264 0.0180304 0.0158228 0.0137769 0.0119063 0.0101946 0.00861954
pSPR Fmed_Fpbrs
0.520859   0.6 0.325
Fs Fmed_Fpbrs
0.64   0.45591 1.57329
SSBpbr Bo_Bmed_Bpbrs
885181  416796  486850 243425
Ro
36235
SPR SPRFo_SPRFmed_SPRFpbrs
748406 389815 243232
log_Ro
10.3178
likeval ReclasPelacesDesembMPH_pf_preclas_ppelaces_ptallas_desvR_qrecl_qpela
 65.0684 15.431 0.00892842 0.000677827 329.874 209.084 55.2261 0 16.8272 3.74209e-06 6.73604e-05 9.34027e-15 0 0 0
q_reclas_q_pelaces
0.760241 3.21445
M
0.7
N
 35998.3 10583.5 3410.65 401.545 0.237985
 43449.8 16160.1 2619.66 617.032 70.9281
 21970.9 19679.5 4253.16 518.048 133.023
 31523.1 9299.44 3245.91 427.087 62.8635
 57848 15120.6 3635.68 1139.46 170.543
 40481.9 28552.3 7200.18 1698.86 611.224
 76949.1 18981.1 9541.65 2013.16 636.828
 74662.3 36840.9 7325.77 3287.55 904.879
 98464.7 34549.6 11242.6 1795.48 1009.87
 114794 45183.9 9951.19 2533.89 620.041
 64692.2 53817 15085 2778.44 868.249
 44228 28873.4 12798.9 2575.37 606.448
 47277.1 19960.9 7414.98 2442.55 593.146
 25385.1 20031.2 3315.8 752.303 296.227
 14984.9 9178.77 1114.64 68.8705 20.1398
 13262.5 5200.94 385.096 15.3716 1.12405
 9562.84 5708.86 963.53 45.7673 1.89333
 11618 4276.86 1377.08 167.914 8.09692
 12705.4 5361.22 1280.3 328.229 41.2099
 19646.2 5953.85 1784.46 355.897 101.252
 25966 9189.44 1956.75 487.009 122.943
 32816.4 12541.2 3767.83 736.007 227.867
 53382.1 15754.9 4933.13 1334.46 338.552
 76013.7 25447.5 5901.97 1627.76 546.525
 35668.8 36285 9621.99 1973.87 720.138
 50595.6 17158.9 14473.3 3477.46 966.049
 64185 24378.1 6919.41 5314.2 1619.49
pred_Ctot
 2499.82 3971.26 1649.85 197.194 0.116965
 2761.97 5663.06 1193.92 285.67 32.8653
 2354.68 10050.5 2660.82 327.839 84.2329
 773.998 1442.29 697.907 93.7301 13.8113
 252.293 447.813 154.868 49.6835 7.44538
 1629.78 6869.62 2337.9 561.899 202.361
 1989.51 3085.61 2145.44 461.952 146.288
 3673.98 10501.2 2777.19 1268.14 349.37
 5400.69 10764.7 4617.23 749.812 422.104
 4632.55 10893.4 3237.25 839.655 205.664
 4738.41 21026.3 7555.91 1412.27 441.671
 2915.58 10408.9 5979.51 1221.93 287.977
 5036.36 10154.2 4624.38 1540.98 374.438
 5054.5 14332.7 2660.27 607.122 239.134
 3311.9 6852.56 919.64 57.1093 16.7049
 1280.78 2478.1 227.809 9.20677 0.67369
 687.56 2199.48 476.851 22.9884 0.951745
 593.552 1257.45 536.862 66.5943 3.21414
 516.552 1300.79 418.949 109.402 13.7491
 823.381 1482.64 598.064 121.477 34.5935
 512.204 1164.87 346.826 88.1656 22.282
 785.466 1900.27 792.327 157.991 48.9675
 1540.55 2828.47 1218.59 336.273 85.403
 2122.58 4435.18 1417.64 398.902 134.075
 803.364 5199.62 1918.37 401.798 146.752
 1083.54 2347.24 2760.01 677.162 188.327
 1940.23 4562.16 1777.5 1392.36 424.763
F
 0.100925 0.696255 1.00974 1.03424 1.03557
 0.0920291 0.634883 0.920733 0.943081 0.944287
 0.159766 1.10218 1.59843 1.63723 1.63932
 0.0346671 0.239159 0.346838 0.355256 0.355711
 0.00608074 0.0419494 0.0608367 0.0623133 0.062393
 0.0574124 0.396072 0.5744 0.588342 0.589094
 0.0365347 0.252043 0.365522 0.374394 0.374873
 0.0705785 0.486902 0.706124 0.723263 0.724188
 0.0789573 0.544705 0.789952 0.809126 0.810161
 0.0575526 0.39704 0.575803 0.589779 0.590533
 0.106719 0.736228 1.06771 1.09362 1.09502
 0.0955858 0.65942 0.956317 0.979529 0.980782
 0.158736 1.09507 1.58812 1.62667 1.62875
 0.31727 2.18876 3.17423 3.25127 3.25543
 0.358205 2.47115 3.58377 3.67075 3.67545
 0.142924 0.985991 1.42992 1.46463 1.4665
 0.104665 0.722053 1.04715 1.07257 1.07394
 0.0733656 0.506129 0.734008 0.751824 0.752786
 0.0579926 0.400075 0.580205 0.594287 0.595047
 0.05983 0.412751 0.598588 0.613117 0.613901
 0.027767 0.191557 0.277803 0.284546 0.28491
 0.0337811 0.233047 0.337974 0.346177 0.34662
 0.0408573 0.281863 0.408769 0.418691 0.419227
 0.0395097 0.272567 0.395287 0.404882 0.405399
 0.0317597 0.219101 0.317749 0.325462 0.325878
 0.0301776 0.208187 0.301921 0.309249 0.309645
 0.0428335 0.295496 0.428541 0.438942 0.439504
Np
 25767.3 12239.6 11161.1 2868.2 926.969
YTP_r0W_actual
 16491 101745 57517.5 57530.1 19476.1
YTP_p0W_proyectada
 6620.38 127449 74884.7 24233 27008.1
 6620.38 51083.2 92776.1 31050.4 11147.8
CTP_r0_actual
 2011.1 4710.4 1831.77 1434.67 437.666
CTP_p0_proyectada
 807.363 5900.41 2384.86 604.315 606.923
 807.363 2364.96 2954.65 774.324 250.513
Wmedp
 8.2 21.6 31.4 40.1 44.5
nmprior
 10.8 10.6 4.6 0
nm_flota  nm_reclas  nm_pelaces    nm_pelaL
inf 23.4705 17.8556 56.5567
cv_recla  cv_pelaces  cv_mph
0.698579 0.430316 0.695818
 ------------------------------------------------
Talla a la edad & desviaci?n 
 7.2 14.2025 17.0495 18.207 18.6776
 1.08 2.13037 2.55742 2.73105 2.80164
