years
 1991 1992 1993 1994 1995 1996 1997 1998 1999 2000 2001 2002 2003 2004 2005 2006 2007 2008 2009 2010 2011 2012 2013 2014 2015 2016 2017 2018 2019 2020 2021 2022 2023
reclasobs
 0 0 0 0 0 0 0 0 0 252601 567819 844713 477998 351125 339783 2.1784e+06 2.13404e+06 4.81314e+06 1.55562e+06 2.62356e+06 3.21686e+06 3.843e+06 1.13348e+06 3.07943e+06 1.97215e+06 2.03268e+06 2.025e+06 2.42433e+06 2.27542e+06 1.05018e+06 2.36338e+06 3.18982e+06 1.53035e+06
reclaspred
 2.94317e+06 1.6638e+06 877873 903655 923532 1.33529e+06 912065 868822 652400 500911 510629 616773 619005 521393 559025 1.24356e+06 1.30956e+06 2.61769e+06 2.19194e+06 1.69038e+06 2.99519e+06 2.41364e+06 2.02161e+06 3.00629e+06 2.28023e+06 2.06476e+06 2.3744e+06 2.49989e+06 2.15128e+06 1.5572e+06 1.99939e+06 2.21295e+06 1.8054e+06
pelacesobs
 0 0 0 0 0 0 0 0 0 0 0 0 0 0 0 552880 188675 0 991730 2.46772e+06 1.41603e+06 1.21717e+06 2.29649e+06 1.80582e+06 0 1.4828e+06 1.56532e+06 1.57751e+06 1.42118e+06 867257 1.10002e+06 1.06204e+06 0
pelacespred
 1.63793e+06 1.04152e+06 550595 462238 484514 725299 479551 534144 401189 296444 305815 313254 342458 314459 339836 618741 645980 1.46082e+06 1.29377e+06 927929 1.55304e+06 1.392e+06 1.14303e+06 1.83908e+06 1.35957e+06 1.21977e+06 1.59069e+06 1.5191e+06 1.17116e+06 979978 1.08676e+06 1.20005e+06 1.03092e+06
mphobs
 0 0 0 0 0 0 0 0 0 0 0 0 498337 0 5186 125008 0 168611 109162 213762 579715 649985 157893 87575 83554 210694 70296 0 107559 103333 445601 22526 28222
mphpred
 309524 207787 105051 60673.1 69431.8 77477.4 96110.4 67331.9 60903.7 45409.9 31544.3 41640.5 46433.4 39862.2 31010 39837.9 103378 106384 178520 141231 151650 177782 162912 144407 204250 160839 143011 152831 204490 157018 99569.2 157027 112114
desembarqueobs
 494567 514787 250237 358949 120608 361735 552515 73892 212993 205616 52469 317467 293654 387597 252695 516296 358380 742168 942051 627588 828172 859565 418607 520667 417249 300574 415391 372974 316634 284311 391294 218835 356480
desembarquepred
 494570 513175 251048 358982 120613 361760 552582 73895.6 213032 205654 52471.4 317539 293720 387676 252707 516288 358403 742103 941953 627516 828262 859641 418628 520702 417262 300582 415405 372975 316638 284320 391286 218840 356491
Reclutas
 244172 127668 169696 260142 220002 328469 146760 79140.8 70248.5 88891.8 159804 190951 163567 119207 132673 630900 162240 939404 558341 435578 655714 862508 203676 570095 482549 231857 485678 557481 187999 177509 457130 203748 360216
log_desv_Rt
 -0.0473181 -0.69576 -0.411179 0.0160401 -0.151555 0.249252 -0.556392 -1.17396 -1.29315 -1.05777 -0.471242 -0.29317 -0.447967 -0.764328 -0.657302 0.901959 -0.456115 1.30006 0.779781 0.531484 0.940535 1.21466 -0.228657 0.800614 0.633893 -0.0990687 0.640356 0.778239 -0.308752 -0.366169 0.579779 -0.228304 0.341514
SSB
 4.75439e+06 3.19167e+06 1.61361e+06 931957 1.06649e+06 1.19008e+06 1.47628e+06 1.03424e+06 935500 697510 484529 639610 685692 603154 463708 595669 1.58792e+06 1.63409e+06 2.81305e+06 2.22386e+06 2.44278e+06 2.97828e+06 2.83146e+06 2.4275e+06 3.24405e+06 2.69568e+06 2.27217e+06 2.34754e+06 3.24478e+06 2.35886e+06 1.67644e+06 2.71017e+06 1.80219e+06
BT
 6.25107e+06 4.21919e+06 2.21581e+06 1.94792e+06 1.81828e+06 2.88452e+06 2.21445e+06 1.96015e+06 1.64053e+06 1.25272e+06 1.13484e+06 1.38488e+06 1.48384e+06 1.51829e+06 1.46368e+06 2.63152e+06 2.5789e+06 5.83775e+06 5.51655e+06 3.88827e+06 6.16729e+06 5.78778e+06 4.42764e+06 7.01206e+06 5.22865e+06 4.60055e+06 6.07197e+06 5.75891e+06 4.4229e+06 3.75847e+06 4.20847e+06 4.43343e+06 3.98063e+06
Ftot
 0.0959403 0.17213 0.166687 0.272013 0.0855241 0.192738 0.362984 0.0546306 0.210417 0.261567 0.0773388 0.354903 0.321972 0.518137 0.352242 0.358434 0.173979 0.224219 0.287995 0.246957 0.192915 0.246895 0.126959 0.129354 0.118711 0.0924513 0.128614 0.114702 0.086318 0.112258 0.149856 0.0619612 0.139163
BD_Bspro_t
 0.984867 0.892797 0.77742 0.721328 0.724877 0.78006 0.759061 0.646006 0.704624 0.681058 0.661408 0.784302 0.689939 0.615577 0.537288 0.593215 0.714702 0.709611 0.762254 0.690752 0.6729 0.712436 0.730549 0.733564 0.805582 0.813017 0.819811 0.837587 0.868491 0.8316 0.801172 0.84976 0.851964
BD_Bspro
 2.57784 1.73053 0.874903 0.505308 0.578255 0.645261 0.800444 0.560766 0.507229 0.378191 0.262713 0.346798 0.371783 0.327031 0.251423 0.322973 0.860973 0.886004 1.52524 1.20578 1.32448 1.61483 1.53522 1.3162 1.75893 1.4616 1.23198 1.27284 1.75933 1.27898 0.908967 1.46946 0.97715
BD_Bo
 2.41749 1.62289 0.820482 0.473877 0.542286 0.605125 0.750654 0.525885 0.475678 0.354666 0.246371 0.325226 0.348658 0.306689 0.235784 0.302883 0.807418 0.830892 1.43037 1.13078 1.24209 1.51438 1.43973 1.23432 1.64952 1.37069 1.15534 1.19366 1.64989 1.19942 0.852427 1.37806 0.916369
BD_Brms
 2.58941 1.7383 0.878831 0.507577 0.580851 0.648158 0.804037 0.563283 0.509507 0.379889 0.263892 0.348354 0.373453 0.328499 0.252552 0.324423 0.864838 0.889981 1.53209 1.21119 1.33043 1.62208 1.54212 1.3221 1.76682 1.46816 1.23751 1.27855 1.76723 1.28472 0.913048 1.47606 0.981536
Sel_flota
 0.490414 0.948147 0.99713 0.999849 0.999992
 0.490414 0.948147 0.99713 0.999849 0.999992
 0.490414 0.948147 0.99713 0.999849 0.999992
 0.490414 0.948147 0.99713 0.999849 0.999992
 0.490414 0.948147 0.99713 0.999849 0.999992
 0.490414 0.948147 0.99713 0.999849 0.999992
 0.490414 0.948147 0.99713 0.999849 0.999992
 0.490414 0.948147 0.99713 0.999849 0.999992
 0.490414 0.948147 0.99713 0.999849 0.999992
 0.490414 0.948147 0.99713 0.999849 0.999992
 0.490414 0.948147 0.99713 0.999849 0.999992
 0.490414 0.948147 0.99713 0.999849 0.999992
 0.490414 0.948147 0.99713 0.999849 0.999992
 0.490414 0.948147 0.99713 0.999849 0.999992
 0.490414 0.948147 0.99713 0.999849 0.999992
 0.490414 0.948147 0.99713 0.999849 0.999992
 0.490414 0.948147 0.99713 0.999849 0.999992
 0.490414 0.948147 0.99713 0.999849 0.999992
 0.490414 0.948147 0.99713 0.999849 0.999992
 0.490414 0.948147 0.99713 0.999849 0.999992
 0.490414 0.948147 0.99713 0.999849 0.999992
 0.490414 0.948147 0.99713 0.999849 0.999992
 0.490414 0.948147 0.99713 0.999849 0.999992
 0.490414 0.948147 0.99713 0.999849 0.999992
 0.490414 0.948147 0.99713 0.999849 0.999992
 0.490414 0.948147 0.99713 0.999849 0.999992
 0.490414 0.948147 0.99713 0.999849 0.999992
 0.490414 0.948147 0.99713 0.999849 0.999992
 0.490414 0.948147 0.99713 0.999849 0.999992
 0.490414 0.948147 0.99713 0.999849 0.999992
 0.490414 0.948147 0.99713 0.999849 0.999992
 0.490414 0.948147 0.99713 0.999849 0.999992
 0.490414 0.948147 0.99713 0.999849 0.999992
Sel_reclas
 1 1 1 1 1
 1 1 1 1 1
 1 1 1 1 1
 1 1 1 1 1
 1 1 1 1 1
 1 1 1 1 1
 1 1 1 1 1
 1 1 1 1 1
 1 1 1 1 1
 1 1 1 1 1
 1 1 1 1 1
 1 1 1 1 1
 1 1 1 1 1
 1 1 1 1 1
 1 1 1 1 1
 1 1 1 1 1
 1 1 1 1 1
 1 1 1 1 1
 1 1 1 1 1
 1 1 1 1 1
 1 1 1 1 1
 1 1 1 1 1
 1 1 1 1 1
 1 1 1 1 1
 1 1 1 1 1
 1 1 1 1 1
 1 1 1 1 1
 1 1 1 1 1
 1 1 1 1 1
 1 1 1 1 1
 1 1 1 1 1
 1 1 1 1 1
 1 1 1 1 1
Sel_pelaces
 1 1 1 1 1
 1 1 1 1 1
 1 1 1 1 1
 1 1 1 1 1
 1 1 1 1 1
 1 1 1 1 1
 1 1 1 1 1
 1 1 1 1 1
 1 1 1 1 1
 1 1 1 1 1
 1 1 1 1 1
 1 1 1 1 1
 1 1 1 1 1
 1 1 1 1 1
 1 1 1 1 1
 1 1 1 1 1
 1 1 1 1 1
 1 1 1 1 1
 1 1 1 1 1
 1 1 1 1 1
 1 1 1 1 1
 1 1 1 1 1
 1 1 1 1 1
 1 1 1 1 1
 1 1 1 1 1
 1 1 1 1 1
 1 1 1 1 1
 1 1 1 1 1
 1 1 1 1 1
 1 1 1 1 1
 1 1 1 1 1
 1 1 1 1 1
 1 1 1 1 1
pf_obs 
 0.8446 0.082 0.0669 0.0065 0
 0.8095 0.147 0.0364 0.0071 0
 0.9664 0.0169 0.016 0.0007 0
 0.9276 0.0648 0.0075 0.0001 0
 0.7033 0.2144 0.0806 0.0017 0
 0.9318 0.0425 0.0243 0.0014 0
 0.5671 0.3108 0.0964 0.0239 0.0018
 0.0768 0.2599 0.5324 0.112 0.0189
 0.490249 0.384438 0.106611 0.0170017 0.00170017
 0.7925 0.1577 0.0466 0.003 0.0002
 0.840416 0.127587 0.0312969 0.00059994 9.999e-05
 0.8084 0.0986 0.0794 0.0134 0.0002
 0.7335 0.1905 0.0724 0.0035 0.0001
 0.4001 0.4547 0.1325 0.0127 0
 0.49795 0.308269 0.164784 0.0264974 0.00249975
 0.9179 0.0499 0.0305 0.0017 0
 0.2467 0.6533 0.0926 0.0074 0
 0.9418 0.0223 0.034 0.0019 0
 0.707729 0.231977 0.0356964 0.0245975 0
 0.517169 0.277429 0.184464 0.0207286 0.00020938
 0.811772 0.124168 0.05621 0.00726502 0.000585176
 0.764997 0.148141 0.077277 0.00933861 0.000247198
 0.163321 0.427699 0.378323 0.0303852 0.000271297
 0.753843 0.0900009 0.118128 0.0371064 0.000921714
 0.721811 0.176058 0.0630433 0.0369309 0.00215725
 0.143369 0.312575 0.442814 0.0836902 0.0175525
 0.692698 0.0596174 0.167031 0.0765114 0.00414204
 0.394062 0.376323 0.152708 0.0712218 0.00568511
 0.125707 0.32114 0.495352 0.0537591 0.00404204
 0.23352 0.215282 0.420074 0.123614 0.00750983
 0.796117 0.104755 0.0508955 0.0450114 0.00322123
 0.162477 0.292055 0.404252 0.121198 0.0200186
 0 0 0 0 0
pf_pred 
 0.300893 0.114332 0.556649 0.0281244 1.0204e-06
 0.267709 0.336427 0.0675344 0.312579 0.0157502
 0.469086 0.223604 0.145408 0.0276865 0.134216
 0.610733 0.248345 0.0612278 0.0377682 0.0419268
 0.512257 0.370965 0.0760416 0.0177306 0.0230065
 0.60232 0.265438 0.101798 0.0198428 0.0106004
 0.356314 0.483056 0.109135 0.0396676 0.0118276
 0.328012 0.358342 0.238824 0.0508884 0.0239342
 0.391867 0.293966 0.171442 0.108748 0.0339776
 0.538923 0.260338 0.0998165 0.0551478 0.0457743
 0.672166 0.230515 0.0563075 0.0204245 0.020587
 0.597454 0.320946 0.0582439 0.0135298 0.00982691
 0.534056 0.351276 0.0925071 0.0158327 0.0063285
 0.480238 0.364938 0.118374 0.0294241 0.00702645
 0.589759 0.274141 0.0973736 0.0296332 0.00909289
 0.864063 0.101863 0.0232144 0.00777688 0.00308295
 0.292675 0.65728 0.0380523 0.00817904 0.00381385
 0.804647 0.0870574 0.101007 0.005546 0.00174282
 0.467582 0.475414 0.026176 0.0287584 0.00206903
 0.457775 0.346201 0.1761 0.00916395 0.0107592
 0.60925 0.246011 0.0942506 0.0453706 0.0051172
 0.616621 0.28978 0.0601113 0.0218287 0.011659
 0.226438 0.58998 0.140637 0.0276107 0.0153349
 0.607765 0.141627 0.193466 0.0438039 0.0133382
 0.494179 0.381112 0.0465414 0.0603835 0.0177844
 0.322411 0.442465 0.179436 0.0208193 0.0348686
 0.601344 0.190468 0.138339 0.0533411 0.0165076
 0.567571 0.323132 0.053651 0.0370112 0.0186345
 0.267519 0.524721 0.157282 0.0248141 0.0256642
 0.367791 0.260006 0.270441 0.0770894 0.024672
 0.676963 0.17205 0.0639993 0.063254 0.0237345
 0.354455 0.5194 0.0688684 0.0243179 0.0329585
 0.572726 0.217748 0.170232 0.0214795 0.0178146
pobs_RECLAS
 0 0 0 0 0
 0 0 0 0 0
 0 0 0 0 0
 0 0 0 0 0
 0 0 0 0 0
 0 0 0 0 0
 0 0 0 0 0
 0 0 0 0 0
 0 0 0 0 0
 0 0 0 0 0
 0.991045 0.00858322 0.000360255 1.14367e-05 0
 0.934742 0.0480273 0.0164251 0.00080598 0
 0.827803 0.169806 0.00239088 0 0
 0.941827 0.0461693 0.0120037 0 0
 0.791401 0.0380133 0.147996 0.0225897 0
 0.846168 0.0940531 0.0597789 0 0
 0.134021 0.677848 0.182769 0.00536245 0
 0.80878 0.0450904 0.141981 0.00414843 0
 0.846168 0.0940531 0.0597789 0 0
 0.905697 0.0802665 0.012482 0.00150086 5.37128e-05
 0.989698 0.0102097 9.19794e-05 0 0
 0.975433 0.0193895 0.00387452 0.00125025 5.28907e-05
 0.303575 0.632131 0.0575291 0.00676475 0
 0.966965 0.00978017 0.0227588 0.000495775 0
 0.843318 0.132988 0.00938335 0.0141283 0.000182051
 0.564624 0.303363 0.111486 0.0197234 0.00080311
 0.826376 0.0876187 0.0782897 0.00655872 0.00115652
 0.89761 0.0855135 0.0140674 0.00269457 0.000114338
 0.34875 0.467042 0.161289 0.0227151 0.000203297
 0.318654 0.224769 0.449479 0.00709798 0
 0.937255 0.0296025 0.0250945 0.00804832 0
 0.456809 0.399803 0.12412 0.0192676 0
 0.883104 0.0372192 0.0704036 0.00927362 0
ppred_RECLAS
 0.465671 0.0911706 0.4219 0.0212578 7.71159e-07
 0.422812 0.27285 0.0520396 0.240197 0.0121012
 0.639355 0.156541 0.0967214 0.0183655 0.0890174
 0.75782 0.157469 0.0368653 0.0226767 0.0251699
 0.673452 0.251398 0.0489828 0.01139 0.0147771
 0.750179 0.169601 0.0617924 0.0120114 0.00641573
 0.524454 0.361552 0.0775207 0.0280969 0.00837632
 0.491949 0.277391 0.17575 0.0373465 0.0175625
 0.563576 0.216706 0.120054 0.0759405 0.0237237
 0.70049 0.173009 0.0629928 0.0347058 0.0288026
 0.801459 0.141731 0.0329087 0.0119043 0.0119973
 0.746725 0.204072 0.0351483 0.00814175 0.00591259
 0.694902 0.232951 0.0582354 0.009939 0.00397214
 0.650741 0.249133 0.0766055 0.0189868 0.00453334
 0.741913 0.175474 0.0591546 0.0179514 0.00550753
 0.9268 0.0555731 0.0120199 0.0040153 0.00159153
 0.44713 0.515596 0.0283603 0.00607898 0.00283419
 0.892148 0.0494431 0.0544884 0.00298347 0.000937415
 0.633656 0.328951 0.0171969 0.0188406 0.00135529
 0.626972 0.242607 0.1172 0.00608189 0.00713957
 0.755961 0.156597 0.0569954 0.0273606 0.00308546
 0.760955 0.182973 0.0360471 0.0130536 0.00697104
 0.36538 0.489857 0.110971 0.0217265 0.0120651
 0.756784 0.0907347 0.117788 0.0265959 0.00809719
 0.657803 0.261131 0.0303067 0.0392123 0.0115473
 0.484452 0.342614 0.132064 0.0152809 0.0255891
 0.750699 0.12234 0.0844434 0.0324703 0.0100472
 0.720877 0.211296 0.0333419 0.0229378 0.0115471
 0.418184 0.422802 0.120462 0.018953 0.0195994
 0.537968 0.195819 0.193576 0.0550274 0.0176087
 0.806837 0.105406 0.0372575 0.0367222 0.0137771
 0.518018 0.39167 0.0493683 0.0173846 0.0235583
 0.727684 0.142282 0.105703 0.0133007 0.0110297
pobs_PELACES
 0 0 0 0 0
 0 0 0 0 0
 0 0 0 0 0
 0 0 0 0 0
 0 0 0 0 0
 0 0 0 0 0
 0 0 0 0 0
 0 0 0 0 0
 0 0 0 0 0
 0 0 0 0 0
 0 0 0 0 0
 0 0 0 0 0
 0 0 0 0 0
 0 0 0 0 0
 0 0 0 0 0
 0 0 0 0 0
 0.505614 0.472636 0.0217494 0 0
 0 0 0 0 0
 0.443492 0.261883 0.143347 0.151278 0
 0.227955 0.32914 0.350689 0.0885471 0.00366901
 0.970185 0.0296113 0.000203453 0 0
 0.997202 0.00247181 0.000326279 0 0
 0.445219 0.490057 0.0546422 0.010081 0
 0.90214 0.0892962 0.00764917 0.000914606 0
 0 0 0 0 0
 0.581667 0.319106 0.0959925 0.00289975 0.000334073
 0.762889 0.0836404 0.116647 0.0363945 0.000428098
 0.88444 0.0763242 0.0277011 0.0115352 0
 0.521256 0.241999 0.230069 0.00667565 0
 0.616807 0.101726 0.260614 0.0208532 0
 0.833518 0.0704572 0.0857862 0.0102388 0
 0.697417 0.212968 0.0787535 0.0105354 0.000325836
 0 0 0 0 0
ppred_PELACES
 0.469599 0.090617 0.418689 0.0210942 7.65219e-07
 0.429545 0.270081 0.0513683 0.237062 0.0119432
 0.6455 0.154115 0.0949667 0.0180296 0.0873887
 0.765565 0.152674 0.0355861 0.0218845 0.0242902
 0.676357 0.249242 0.0484956 0.0112758 0.0146289
 0.755782 0.165965 0.0602795 0.0117153 0.00625752
 0.538462 0.351404 0.0749039 0.0271396 0.00809081
 0.494114 0.276322 0.174918 0.0371678 0.0174785
 0.571807 0.212993 0.117596 0.0743717 0.0232333
 0.709091 0.168349 0.0610374 0.0336206 0.0279017
 0.803369 0.140419 0.0325632 0.0117785 0.0118705
 0.756938 0.196065 0.0335761 0.00777509 0.00564622
 0.705373 0.225236 0.0560144 0.00955719 0.00381949
 0.66885 0.236789 0.0722026 0.0178872 0.00427069
 0.752314 0.168714 0.0565528 0.0171564 0.00526354
 0.930481 0.0528534 0.0113656 0.00379551 0.00150439
 0.453683 0.509583 0.0279509 0.00599028 0.00279281
 0.895548 0.0479787 0.0526833 0.00288406 0.000906169
 0.643806 0.319993 0.0166509 0.0182377 0.0013119
 0.635979 0.237081 0.114075 0.00591838 0.00694754
 0.761504 0.153215 0.0555908 0.0266817 0.00300887
 0.767843 0.177871 0.0349023 0.0126362 0.00674808
 0.369949 0.486562 0.109998 0.0215336 0.0119579
 0.760604 0.0894281 0.11585 0.0261551 0.00796296
 0.661933 0.2581 0.0298976 0.0386789 0.0113902
 0.488068 0.340384 0.131008 0.0151575 0.0253823
 0.754517 0.120597 0.0830671 0.0319373 0.00988224
 0.724442 0.208694 0.0328703 0.022611 0.0113825
 0.421454 0.420589 0.119664 0.018826 0.019468
 0.542443 0.194129 0.191557 0.0544479 0.0174231
 0.810515 0.103517 0.0365012 0.0359718 0.0134955
 0.520403 0.389808 0.0490843 0.0172836 0.0234214
 0.732043 0.140157 0.10389 0.0130709 0.0108391
pobs_pel_tallas
 0 0 0 0 0 0 0 0 0 0 0 0 0 0 0 0 0 0 0 0 0 0 0 0 0 0
 0 0 0 0 0 0 0 0 0 0 0 0 0 0 0 0 0 0 0 0 0 0 0 0 0 0
 0 0 0 0 0 0 0 0 0 0 0 0 0 0 0 0 0 0 0 0 0 0 0 0 0 0
 0 0 0 0 0 0 0 0 0 0 0 0 0 0 0 0 0 0 0 0 0 0 0 0 0 0
 0 0 0 0 0 0 0 0 0 0 0 0 0 0 0 0 0 0 0 0 0 0 0 0 0 0
 0 0 0 0 0 0 0 0 0 0 0 0 0 0 0 0 0 0 0 0 0 0 0 0 0 0
 0 0 0 0 0 0 0 0 0 0 0 0 0 0 0 0 0 0 0 0 0 0 0 0 0 0
 0 0 0 0 0 0 0 0 0 0 0 0 0 0 0 0 0 0 0 0 0 0 0 0 0 0
 0 0 0 0 0 0 0 0 0 0 0 0 0 0 0 0 0 0 0 0 0 0 0 0 0 0
 0 0 0 0 0 0 0 0 0 0 0 0 0 0 0 0 0 0 0 0 0 0 0 0 0 0
 0 0 0 0 0 0 0 0 0 0 0 0 0 0 0 0 0 0 0 0 0 0 0 0 0 0
 0 0 0 0 0 0 0 0 0 0 0 0 0 0 0 0 0 0 0 0 0 0 0 0 0 0
 0.00862536 0 0 0.000197151 0.00414017 0.0128641 0.00837892 0.0270097 0.101434 0.158115 0.152841 0.127902 0.109271 0.109419 0.0830992 0.0579132 0.0238553 0.00714673 0.00463305 0.00128148 0.00103504 0.000492878 0.000147863 0.000147863 4.92878e-05 0
 0 0 0 0 0 0 0 0 0 0 0 0 0 0 0 0 0 0 0 0 0 0 0 0 0 0
 0 0 0 0 0 0 0 0.0054083 0.00873648 0.0413646 0.0450493 0.0745869 0.0622846 0.0627006 0.0613931 0.0827291 0.12552 0.122667 0.0946155 0.0697135 0.0546179 0.0294188 0.0215738 0.0213955 0.0102223 0.00600262
 0 0 0 0 0.00359764 0.0251062 0.0480494 0.140153 0.205849 0.193036 0.1447 0.116669 0.0760912 0.0342217 0.00950174 0.001854 0.000860785 0 0 0 0.000165536 0 0.000143464 0 0 0
 0 0 0 0 0 0 0 0.000145254 0.000435761 0.0275982 0.070085 0.0708112 0.156366 0.174668 0.174014 0.160142 0.0824315 0.0480064 0.0283245 0.00493863 0.00203355 0 0 0 0 0
 0 0 0 0 0 0 0 0 0 0 0 0 0 0 0 0 0 0 0 0 0 0 0 0 0 0
 0 0 1.00437e-05 0.000401748 0.00122533 0.00171747 0.00176769 0.0269171 0.070346 0.194647 0.189555 0.159765 0.064822 0.0314167 0.0384472 0.0292271 0.0345202 0.0313363 0.0194345 0.0106764 0.0143323 0.0359363 0.0279516 0.0138201 0.00172751 0
 0 0.0021121 0.0136068 0.0755702 0.200478 0.177729 0.0527432 0.0373336 0.0318909 0.0142505 0.0149659 0.0166563 0.0217959 0.0798694 0.0677717 0.0528807 0.04013 0.0224614 0.0357745 0.0225083 0.00881397 0.00855152 0.00135912 0.000746735 0 0
 0 0 0 0 5.4009e-05 0.00500934 0.000945158 0.0243581 0.138947 0.33067 0.221406 0.137944 0.0707744 0.0437923 0.0131692 0.00525238 0.0047753 0.00276346 9.45158e-05 9.00151e-06 2.25038e-05 9.00151e-06 4.50075e-06 0 0 0
 0.000866109 0.00284123 0.00948549 0.0512746 0.133035 0.25785 0.225252 0.132002 0.0553304 0.0519788 0.0540692 0.017754 0.00435017 0.00159236 0.00146478 0.000404838 0.000125132 0.000115318 0.000107957 0.000100596 0 0 0 0 0 0
 0 0 0 0 0.00144013 0.00171154 0.00461396 0.0210425 0.0478622 0.0707936 0.0888783 0.103762 0.0637923 0.0337046 0.0602308 0.124433 0.169614 0.0934646 0.0462172 0.0250306 0.0313229 0.00938855 0.002487 0.000210481 0 0
 0 0.00764035 0.051015 0.0998891 0.058973 0.0496711 0.0374665 0.0718981 0.12319 0.153886 0.159021 0.0857701 0.0377988 0.023471 0.0147837 0.00900784 0.00315554 0.000888139 0.00291439 0.00214683 0.00393193 0.00274676 0.000635225 9.99891e-05 0 0
 0 0 0 0 0 0 0 0 0 0 0 0 0 0 0 0 0 0 0 0 0 0 0 0 0 0
 0 0 0 0 0 0 0 0 0 0 0 0 0 0 0 0 0 0 0 0 0 0 0 0 0 0
 0 0 0 0 0 0 0 0 0 0 0 0 0 0 0 0 0 0 0 0 0 0 0 0 0 0
 0 0 0 0 0 0 0 0 0 0 0 0 0 0 0 0 0 0 0 0 0 0 0 0 0 0
 0 0 0 0 0 0 0 0 0 0 0 0 0 0 0 0 0 0 0 0 0 0 0 0 0 0
 0 0 0 0 0 0 0 0 0 0 0 0 0 0 0 0 0 0 0 0 0 0 0 0 0 0
 0 0 0 0 0 0 0 0 0 0 0 0 0 0 0 0 0 0 0 0 0 0 0 0 0 0
 0 0 0 0 0 0 0 0 0 0 0 0 0 0 0 0 0 0 0 0 0 0 0 0 0 0
 0 0 0 0 0 0 0 0 0 0 0 0 0 0 0 0 0 0 0 0 0 0 0 0 0 0
ppred_pel_tallas
 1.14222e-16 3.86803e-05 0.000375986 0.00249856 0.0113581 0.0353393 0.0752945 0.109896 0.109906 0.0753406 0.0354958 0.0118182 0.00368369 0.00306328 0.00543511 0.00968564 0.0157169 0.0234349 0.0326283 0.0429751 0.0538394 0.063946 0.0713519 0.0740219 0.0707908 0.0620651
 1.27347e-16 3.53811e-05 0.000343917 0.00228545 0.0103894 0.0323253 0.0688734 0.100528 0.100554 0.0690011 0.0327546 0.0116309 0.00540831 0.00718331 0.0130941 0.021787 0.03188 0.0412383 0.0478248 0.0509881 0.0519603 0.0529944 0.0557504 0.0601599 0.0645094 0.0664999
 1.19377e-16 5.3169e-05 0.000516821 0.00343446 0.0156126 0.0485766 0.103498 0.151062 0.151077 0.103571 0.0488231 0.0163265 0.00523331 0.00446695 0.00762473 0.0127075 0.0187501 0.024557 0.0289769 0.0315782 0.0329179 0.0340915 0.0359091 0.0383463 0.0406156 0.0416739
 1.07372e-16 6.30586e-05 0.000612952 0.00407328 0.0185166 0.057612 0.122749 0.179159 0.179174 0.122821 0.0578541 0.0192163 0.00583146 0.00445699 0.00738163 0.0121528 0.0176216 0.0224293 0.0252521 0.0255247 0.023788 0.0213075 0.0192638 0.0181443 0.0176951 0.0173002
 1.0507e-16 5.57107e-05 0.000541528 0.00359864 0.0163589 0.0508988 0.108446 0.158286 0.15831 0.108564 0.0512935 0.0174991 0.00646183 0.00679597 0.0119462 0.0196938 0.0284422 0.0359348 0.0399116 0.0393408 0.0350255 0.0290321 0.0234152 0.019238 0.0164576 0.014453
 1.04016e-16 6.22528e-05 0.00060512 0.00402123 0.01828 0.0568758 0.12118 0.17687 0.176886 0.121259 0.0571395 0.0190424 0.00593794 0.004799 0.0080557 0.0132938 0.019319 0.0246612 0.0278569 0.028222 0.0262238 0.0230912 0.0199971 0.0174735 0.0154087 0.0134388
 1.06343e-16 4.43525e-05 0.000431122 0.00286496 0.0130237 0.0405218 0.0863371 0.126019 0.126053 0.0865029 0.0410784 0.0146321 0.00690442 0.00925692 0.0168288 0.0278111 0.0402012 0.0508583 0.0566076 0.0559901 0.0501102 0.041826 0.0339629 0.0279585 0.0237312 0.0204451
 1.11804e-16 4.06995e-05 0.000395614 0.002629 0.011951 0.0371843 0.0792261 0.115638 0.115665 0.0793574 0.0376259 0.0132294 0.00584878 0.0074605 0.0135643 0.0226383 0.03326 0.0431971 0.0501713 0.0531025 0.0526402 0.0504694 0.0480055 0.0455792 0.0426296 0.0384901
 1.14839e-16 4.7099e-05 0.000457819 0.00304237 0.0138302 0.043031 0.0916828 0.133818 0.133839 0.0917839 0.0433712 0.0148151 0.00552287 0.00590058 0.0104668 0.0174501 0.0256614 0.0334069 0.0390057 0.0417431 0.0422591 0.0419607 0.0419351 0.042256 0.0421286 0.0405849
 1.09898e-16 5.8407e-05 0.000567736 0.00377281 0.0171507 0.0533621 0.113694 0.165944 0.16596 0.113774 0.0536299 0.017925 0.0057202 0.00483158 0.00819421 0.0135562 0.0197688 0.0253956 0.029029 0.0300701 0.0290825 0.0273543 0.0260195 0.0254322 0.0251763 0.0245314
 1.04166e-16 6.61725e-05 0.00064322 0.00427442 0.0194309 0.0604569 0.12881 0.188005 0.188019 0.128877 0.0606794 0.0200741 0.00589006 0.00417437 0.00678505 0.0111461 0.0161311 0.0204617 0.0228863 0.0228436 0.0207917 0.0178753 0.0152035 0.0133035 0.0120729 0.0110991
 1.02755e-16 6.2348e-05 0.000606045 0.00402738 0.0183079 0.0569628 0.121366 0.177141 0.17716 0.121458 0.057273 0.0192042 0.00627764 0.00552009 0.0094001 0.015455 0.0222895 0.0280976 0.031082 0.0304147 0.0267221 0.0216418 0.0168231 0.0131534 0.0106569 0.00889717
 1.03279e-16 5.81006e-05 0.000564759 0.00375302 0.0170607 0.0530823 0.113098 0.165075 0.165097 0.113205 0.0534393 0.0180923 0.00634421 0.00622747 0.0108306 0.0178599 0.0258312 0.0327104 0.0364555 0.0361121 0.0323533 0.0269673 0.0217327 0.0175715 0.0144781 0.0120009
 1.04661e-16 5.50923e-05 0.000535517 0.0035587 0.0161774 0.0503339 0.107242 0.156528 0.156551 0.107354 0.0507096 0.0172635 0.00628829 0.00650455 0.0114218 0.0188749 0.0273712 0.0348119 0.039085 0.0392057 0.0358632 0.030872 0.0259937 0.0220758 0.0190167 0.0163051
 1.04287e-16 6.19671e-05 0.000602342 0.00400278 0.0181961 0.0566148 0.120624 0.176058 0.176075 0.120704 0.0568827 0.0189707 0.00594997 0.00486215 0.0081789 0.0134938 0.0195983 0.0249962 0.0282009 0.0285252 0.0264612 0.0232802 0.0201924 0.0177405 0.0157911 0.0139368
 1.00977e-16 7.66425e-05 0.000744993 0.00495074 0.0225053 0.0700225 0.14919 0.217749 0.217754 0.149215 0.0701062 0.0227473 0.00555832 0.00207252 0.0026013 0.0041883 0.0060476 0.00765103 0.00851692 0.00842568 0.00754343 0.00630002 0.00512052 0.00422124 0.00358994 0.00310066
 1.02011e-16 3.73694e-05 0.000363244 0.00241388 0.0109732 0.0341419 0.0727448 0.106183 0.106233 0.0729844 0.0349462 0.0132954 0.00823933 0.0130685 0.0241324 0.0397459 0.057039 0.0712796 0.0776698 0.0739972 0.061976 0.0461378 0.031198 0.0199243 0.0127201 0.0085555
 1.01976e-16 7.37651e-05 0.000717023 0.00476487 0.0216604 0.0673936 0.143589 0.209574 0.209579 0.143612 0.067471 0.0218848 0.00533143 0.00196512 0.00247714 0.00406426 0.00604667 0.00801686 0.00959768 0.0105907 0.011045 0.0111368 0.0109738 0.0105093 0.00962773 0.0082981
 1.02614e-16 5.30295e-05 0.000515466 0.00342545 0.0155716 0.0484493 0.103228 0.15067 0.150701 0.103378 0.0489545 0.0170301 0.00708455 0.00849686 0.0151925 0.0249841 0.0358745 0.0448857 0.0490279 0.0469413 0.039727 0.0302354 0.0213966 0.0148752 0.0108207 0.00848196
 1.05122e-16 5.23848e-05 0.000509199 0.0033838 0.0153823 0.0478602 0.101972 0.148836 0.148859 0.102084 0.0482377 0.0164742 0.00613066 0.00652528 0.0115355 0.0191369 0.0279087 0.0358141 0.0407822 0.0418108 0.0394788 0.0353967 0.0310831 0.0272001 0.0236092 0.0199373
 1.04829e-16 6.27241e-05 0.000609701 0.00405168 0.0184183 0.0573064 0.122098 0.178208 0.178223 0.12217 0.0575499 0.0191226 0.00582243 0.00448536 0.00745319 0.0123014 0.017902 0.0229115 0.0260034 0.0265733 0.0250719 0.0226301 0.0202905 0.0184656 0.0169508 0.0153174
 1.03462e-16 6.32462e-05 0.000614776 0.0040854 0.0185717 0.0577834 0.123114 0.179693 0.17971 0.123198 0.0580651 0.0193854 0.00612903 0.00507921 0.00855149 0.0140625 0.0203121 0.0256738 0.028536 0.0281638 0.025128 0.0208951 0.0169179 0.0139397 0.0119182 0.0104095
 1.07482e-16 3.04723e-05 0.000296202 0.00196837 0.00894794 0.0278406 0.0593191 0.0865878 0.0866348 0.0595486 0.0286114 0.0111752 0.00756228 0.0125186 0.0232748 0.038513 0.0556714 0.0704171 0.0783366 0.0773781 0.0690317 0.0572232 0.0458645 0.0369953 0.0306022 0.0256508
 1.07337e-16 6.265e-05 0.00060898 0.00404689 0.0183966 0.0572386 0.121953 0.177996 0.178005 0.121996 0.0573835 0.0188174 0.00511147 0.00296032 0.00460871 0.00773077 0.0116245 0.015656 0.019202 0.0219524 0.024007 0.0256182 0.0268171 0.0272792 0.0265459 0.0243816
 1.06736e-16 5.45226e-05 0.000529979 0.0035219 0.0160101 0.0498134 0.106134 0.15491 0.154935 0.106255 0.0502216 0.0171891 0.00648191 0.00699299 0.0123335 0.0203175 0.0293026 0.0369496 0.0409324 0.0402297 0.0357558 0.0297476 0.0243982 0.0207899 0.0187525 0.0174412
 1.09684e-16 4.02016e-05 0.000390773 0.00259683 0.0118048 0.0367294 0.078257 0.114225 0.114258 0.078418 0.0372704 0.0133693 0.00653036 0.0089993 0.0164528 0.0273026 0.0397165 0.0507641 0.0574645 0.0584254 0.0546045 0.0485076 0.0425136 0.0376807 0.0337462 0.0299313
 1.07304e-16 6.21486e-05 0.000604106 0.0040145 0.0182493 0.0567805 0.120977 0.176572 0.176584 0.121035 0.0569736 0.0188085 0.00542371 0.00369918 0.00599576 0.00996029 0.0146883 0.0192053 0.0225573 0.0243115 0.0247671 0.0246307 0.0244355 0.0241929 0.0235073 0.0219638
 1.05196e-16 5.96714e-05 0.000580027 0.00385449 0.0175219 0.0545174 0.116156 0.169537 0.169557 0.116254 0.0548477 0.0184761 0.00625029 0.00581265 0.0100053 0.0164685 0.0237736 0.0300232 0.0333359 0.032873 0.0293447 0.0245192 0.0201345 0.0170561 0.0151746 0.013867
 1.08744e-16 3.47147e-05 0.000337439 0.0022424 0.0101937 0.0317165 0.0675768 0.0986388 0.0986795 0.0677754 0.0323836 0.0121218 0.00708711 0.0109293 0.0201971 0.0334569 0.0484785 0.0615642 0.0689501 0.0688857 0.0626243 0.0534525 0.0445887 0.0376232 0.0324189 0.0280429
 1.13987e-16 4.46804e-05 0.000434309 0.00288614 0.01312 0.0408212 0.0869746 0.126946 0.126965 0.0870675 0.0411339 0.0140267 0.00517556 0.00547674 0.00975262 0.0163978 0.0244295 0.0324336 0.0389707 0.0433586 0.0459513 0.0475988 0.0487695 0.0491222 0.0478353 0.0443076
 1.06972e-16 6.6761e-05 0.000648941 0.00431244 0.0196037 0.0609946 0.129956 0.189676 0.189686 0.130005 0.0611593 0.0200801 0.00551074 0.00327343 0.00507709 0.00835802 0.0122046 0.0157234 0.0180679 0.0188937 0.0185657 0.0178755 0.0174882 0.0175546 0.0177297 0.0174883
 1.07214e-16 4.2865e-05 0.000416663 0.00276887 0.0125869 0.0391628 0.0834418 0.121794 0.121831 0.0836254 0.0397791 0.0143671 0.00723728 0.0101711 0.0185684 0.0306309 0.0441283 0.0555187 0.0612308 0.0596498 0.0520956 0.0419352 0.0325596 0.0257884 0.0216239 0.0190456
 1.0618e-16 6.02974e-05 0.000586112 0.00389492 0.0177058 0.0550893 0.117374 0.171314 0.171327 0.117441 0.0553137 0.0183558 0.00553305 0.00418377 0.00695634 0.0115706 0.0170496 0.0222511 0.026032 0.0278377 0.0279574 0.0271727 0.0261161 0.0248925 0.0232083 0.0207774
pSPR Fmed_Fpbrs
1   0.983606 0.6 0.325 0.983606 0.983606 0.983606
Fs Fmed_Fpbrs
0   0.01 0.351813 0.905407 0.01 0.01 0.01
SSBpbr Bo_Bmed_Bpbrs
1.96666e+06  1.86833e+06  1.83609e+06 1.08167e+06 540833 1.83609e+06 1.83609e+06 1.83609e+06
Ro
256003
SPR SPRFo_SPRFmed_SPRFpbrs
1.84433e+06 1.84433e+06 1.8141e+06
Fref
0
Nvult_r0
 236442 49268.9 36846.1 4638.07 3846.22
CTP_r0
 15105.7 5743.1 4489.87 566.523 469.86
YTP_r0
356491
Np
 360216 132516 48749.9 17934.1 9024.69
Nvult_p0
 227700 83766 30815.8 11336.5 5704.69
CTP_p0
 0 0 0 0 0
 0 0 0 0 0
 0 0 0 0 0
 0 0 0 0 0
 0 0 0 0 0
 0 0 0 0 0
YTP_p0
 0 0 0 0 0 0
CBA_c0
0
log_Ro
12.2729
likeval ReclasPelacesDesembMPH_pf_preclas_ppelaces_ptallas_desvR_qrecl_qpela
 17.9785 17.6426 0.103166 0.00121885 237.11 137.817 108.251 0 21.6135 1.7906e-05 9.41943e-06 0.519425 2066.65 0 0
q_reclas_q_pelaces
0.549673 0.647888
M
1
N
 244172 48866 226664 11422.1 0.414359
 127668 85697.2 16413.7 75777.7 3817.76
 169696 43164.3 26778.9 5085.95 24651.8
 260142 57527.5 13557.9 8342.87 9260.3
 220002 83749.5 16352.1 3802.8 4933.69
 328469 77609.7 28410 5523.86 2950.55
 146760 109938 23782.5 8624.06 2571.1
 79140.8 45185.9 28667.3 6092.18 2864.92
 70248.5 28344.6 15783.8 9987 3119.97
 88891.8 23309.2 8541.45 4707.58 3906.93
 159804 28764.5 6691.54 2420.84 2439.77
 190951 56600.6 9833.69 2278.98 1655.05
 163567 59025.5 14872.6 2539.41 1014.9
 119207 51383.8 16001.7 3968.83 947.644
 132673 34013.6 11565.8 3511.5 1077.37
 630900 41064.4 8960.11 2994.63 1187
 162240 194682 10754.2 2305.68 1074.99
 939404 54803.4 60728.2 3326.15 1045.1
 558341 309601 16299.9 17864.8 1285.13
 435578 178347 86680.1 4499.61 5282.22
 655714 141962 51913.6 24927.6 2811.13
 862508 219448 43495.2 15756 8414.37
 203676 281115 63881.1 12509.2 6946.63
 570095 70405.4 91687.7 20706.1 6304.1
 482549 196835 22911.1 29648.3 8730.97
 231857 167480 64703.2 7487.64 12538.7
 485678 81514.5 56441.7 21706.8 6716.75
 557481 167749 26544.9 18264.6 9194.62
 187999 193868 55352.2 8709.93 9007.08
 177509 66294.4 65715.5 18683.6 5978.76
 457130 61803.9 21925.9 21615.2 8109.48
 203748 156253 19724.9 6946.53 9413.45
 360216 72711.5 54202.6 6821.63 5656.93
pred_Ctot
 7121.24 2705.9 13174.2 665.62 0.0241499
 6578.06 8266.6 1659.44 7680.6 387.009
 8476.42 4040.54 2627.52 500.297 2425.29
 20761.1 8442.18 2081.37 1283.88 1425.25
 5731.83 4150.86 850.857 198.394 257.428
 18872 8316.77 3189.57 621.72 332.133
 15349.1 20808.8 4701.26 1708.78 509.501
 1325.4 1447.96 965.019 205.626 96.7115
 4390.67 3293.74 1920.91 1218.46 380.702
 6836.01 3302.27 1266.13 699.525 580.627
 3771.26 1293.33 315.92 114.594 115.506
 19557.7 10506.2 1906.62 442.9 321.684
 15298.1 10062.4 2649.89 453.53 181.281
 17261.6 13117.2 4254.8 1057.61 252.557
 13493.9 6272.44 2227.94 678.017 208.049
 65215.4 7688.1 1752.11 586.961 232.687
 8446.02 18967.8 1098.11 236.031 110.06
 62392.4 6750.44 7832.12 430.038 135.139
 47027.2 47814.9 2632.66 2892.39 208.093
 31718.6 23987.8 12201.8 634.957 745.49
 37707 15225.8 5833.25 2808.02 316.708
 62792.6 29509.2 6121.33 2222.88 1187.27
 7811.42 20352.5 4851.54 952.484 529.007
 22266 5188.63 7087.79 1604.79 488.655
 17333.4 13367.5 1632.45 2117.96 623.791
 6520.79 8948.91 3629.11 421.073 705.222
 18863.3 5974.69 4339.5 1673.23 517.819
 19364.5 11024.7 1830.48 1262.76 635.776
 4942.72 9694.82 2905.96 458.469 474.176
 6037.52 4268.17 4439.47 1265.47 405.007
 20598.2 5235.02 1947.33 1924.65 722.178
 3864.35 5662.62 750.819 265.119 359.321
 15105.7 5743.1 4489.87 566.523 469.86
F
 0.0470505 0.0909655 0.095665 0.0959258 0.0959396
 0.0844151 0.163205 0.171636 0.172104 0.172129
 0.0817459 0.158044 0.166209 0.166662 0.166686
 0.133399 0.257908 0.271232 0.271972 0.272011
 0.0419423 0.0810894 0.0852787 0.0855112 0.0855234
 0.0945216 0.182744 0.192185 0.192709 0.192737
 0.178012 0.344162 0.361942 0.362929 0.362981
 0.0267916 0.0517978 0.0544738 0.0546223 0.0546301
 0.103192 0.199506 0.209813 0.210385 0.210416
 0.128276 0.248004 0.260817 0.261528 0.261565
 0.037928 0.0733285 0.0771168 0.077327 0.0773381
 0.17405 0.336501 0.353885 0.35485 0.354901
 0.1579 0.305277 0.321048 0.321924 0.32197
 0.254102 0.491269 0.516649 0.518058 0.518132
 0.172745 0.333977 0.351231 0.352189 0.35224
 0.175781 0.339848 0.357405 0.35838 0.358431
 0.0853218 0.164958 0.17348 0.173953 0.173978
 0.10996 0.212592 0.223575 0.224185 0.224217
 0.141237 0.273062 0.287169 0.287952 0.287993
 0.121111 0.234151 0.246248 0.246919 0.246955
 0.0946084 0.182912 0.192362 0.192886 0.192914
 0.121081 0.234092 0.246186 0.246857 0.246893
 0.0622624 0.120376 0.126594 0.12694 0.126958
 0.0634369 0.122646 0.128982 0.129334 0.129353
 0.0582174 0.112555 0.11837 0.118693 0.11871
 0.0453394 0.0876574 0.0921859 0.0924373 0.0924505
 0.0630742 0.121945 0.128245 0.128594 0.128613
 0.0562516 0.108754 0.114373 0.114685 0.114701
 0.0423316 0.0818422 0.0860703 0.0863049 0.0863173
 0.0550531 0.106437 0.111936 0.112241 0.112257
 0.0734918 0.142086 0.149426 0.149834 0.149855
 0.0303867 0.0587483 0.0617833 0.0619518 0.0619607
 0.0682476 0.131947 0.138764 0.139142 0.139162
YTP_r0W_actual
 113897 100217 108071 17743.5 16562.6
YTP_p0W_proyectada
 0 0 0 0 0
 0 0 0 0 0
 0 0 0 0 0
 0 0 0 0 0
 0 0 0 0 0
 0 0 0 0 0
CTP_r0_actual
 15105.7 5743.1 4489.87 566.523 469.86
CTP_p0_proyectada
 0 0 0 0 0
 0 0 0 0 0
 0 0 0 0 0
 0 0 0 0 0
 0 0 0 0 0
 0 0 0 0 0
Wmedp
 7.54 17.45 24.07 31.32 35.25
Frms_r0
 0.0682476 0.131947 0.138764 0.139142 0.139162
Zrms_r0
 1.06825 1.13195 1.13876 1.13914 1.13916
nmprior
 7.29 8.9 8.7 0
nm_flota  nm_reclas  nm_pelaces    nm_pelaL
inf 11.5649 18.9346 61.3986
cv_recla  cv_pelaces  cv_mph
0.367204 0.46012 0.933063
 ------------------------------------------------
Talla a la edad & desviaci?n 
 8 13.2811 15.8009 17.003 17.5766
 0.8 1.32811 1.58009 1.7003 1.75766
