years
 1991 1992 1993 1994 1995 1996 1997 1998 1999 2000 2001 2002 2003 2004 2005 2006 2007 2008 2009 2010 2011 2012 2013 2014 2015 2016 2017 2018 2019 2020 2021 2022 2023
reclasobs
 0 0 0 0 0 0 0 0 0 252601 567819 844713 477998 351125 339783 2.1784e+06 2.13404e+06 4.81314e+06 1.55562e+06 2.62356e+06 3.21686e+06 3.843e+06 1.13348e+06 3.07943e+06 1.97215e+06 2.03268e+06 2.025e+06 2.42433e+06 2.27542e+06 1.05018e+06 2.36338e+06 3.18982e+06 1.53035e+06
reclaspred
 3.00012e+06 1.5911e+06 821856 757097 774826 1.7693e+06 825571 699486 479578 285588 504509 733897 743987 526309 496976 1.48666e+06 1.15337e+06 3.65745e+06 2.72204e+06 1.88527e+06 3.18333e+06 2.61948e+06 1.86173e+06 3.06666e+06 2.2058e+06 1.93531e+06 2.40446e+06 2.77701e+06 2.147e+06 1.36885e+06 1.96212e+06 2.01666e+06 1.41346e+06
pelacesobs
 0 0 0 0 0 0 0 0 0 0 0 0 0 0 0 552880 188675 0 991730 2.46772e+06 1.41603e+06 1.21717e+06 2.29649e+06 1.80582e+06 0 1.4828e+06 1.56532e+06 1.57751e+06 1.42118e+06 867257 1.10002e+06 1.06204e+06 0
pelacespred
 1.67256e+06 944374 454218 331051 398236 944040 368992 453160 256754 132361 274568 333413 382648 264890 253976 649982 558250 1.99665e+06 1.53992e+06 937369 1.65188e+06 1.35034e+06 1.06148e+06 1.87175e+06 1.31501e+06 1.17727e+06 1.61137e+06 1.65797e+06 1.27346e+06 887311 995753 1.17112e+06 785676
mphobs
 0 0 0 0 0 0 0 0 0 0 0 0 498337 0 5186 125008 0 168611 109162 213762 579715 649985 157893 87575 83554 210694 70296 0 107559 103333 445601 22526 28222
mphpred
 331111 225343 103591 58439.4 54303.2 71393.4 124742 53511.8 48007.7 25966.4 14864.5 43988.5 52145.6 39997.4 22658.5 28198.4 118701 89436.3 260890 162911 158890 181303 172591 131368 218402 165787 140141 164253 249310 166858 84797.3 165812 105106
desembarqueobs
 494567 514787 250237 358949 120608 361735 552515 73892 212993 205616 52469 317467 293654 387597 252695 516296 358380 742168 942051 627588 828172 859565 418607 520667 417249 300574 415391 372974 316634 284311 391294 218835 356480
desembarquepred
 494550 514308 250307 358990 120610 361700 552389 73896.4 213034 205650 52470.5 317476 293621 387389 252605 516088 358388 741841 941483 627110 828232 859358 418566 520663 417185 300542 415341 372889 316579 284261 391163 218839 356493
Reclutas
 156532 84192.5 85353.8 94684.3 84617.9 198868 60447.1 26024.3 28516.8 38070.1 69429.6 113612 96610.7 67658.8 57190.2 306957 51406.2 533478 266180 220750 289985 413030 70175.5 220999 185666 80545.4 185094 219764 65470.4 60432.4 172412 60678.1 102121
log_desv_Rt
 0.355369 -0.264786 -0.251086 -0.147343 -0.259745 0.594749 -0.596122 -1.43886 -1.3474 -1.05846 -0.457579 0.0348969 -0.127201 -0.483414 -0.651509 1.02882 -0.758133 1.58153 0.886282 0.699139 0.971937 1.32563 -0.446892 0.700266 0.526061 -0.30907 0.52297 0.694665 -0.516293 -0.596365 0.451997 -0.592309 -0.0717313
SSB
 1.20522e+06 820235 377065 212716 197660 259868 454052 194780 174745 94516.2 54106 160115 178585 141428 78383.3 98226.7 432064 325543 984567 615061 618726 751375 738773 538873 830112 672270 533351 597869 943373 589962 350678 691232 408394
BT
 1.87309e+06 1.31171e+06 627042 593285 458484 1.21089e+06 811521 480055 449122 317253 310106 578123 623957 651155 500945 1.06049e+06 774132 2.61255e+06 2.29948e+06 1.41999e+06 2.23138e+06 2.0434e+06 1.2931e+06 2.27556e+06 1.56539e+06 1.31762e+06 1.95358e+06 1.91175e+06 1.35665e+06 1.06462e+06 1.28024e+06 1.20608e+06 1.046e+06
Ftot
 0.356711 0.6471 0.643491 1.14399 0.391192 0.603501 1.28402 0.253283 1.08141 1.71506 0.345443 1.15196 1.03145 1.89931 1.54456 1.19763 0.658477 0.670439 0.806869 0.827575 0.687071 0.85387 0.473619 0.493857 0.441927 0.349899 0.485348 0.391806 0.293251 0.452656 0.595477 0.233202 0.632403
BD_Bspro_t
 0.944524 0.678498 0.433109 0.332764 0.302173 0.414843 0.466279 0.248014 0.291839 0.213984 0.17506 0.458489 0.353958 0.262327 0.160532 0.194774 0.396482 0.32302 0.514191 0.374244 0.334112 0.375975 0.402539 0.364189 0.499357 0.50845 0.506874 0.562687 0.650691 0.546003 0.456617 0.582696 0.555287
BD_Bspro
 1.52477 1.03771 0.477039 0.269115 0.250068 0.328768 0.574438 0.246423 0.221076 0.119576 0.0684515 0.202568 0.225934 0.178925 0.0991656 0.12427 0.54662 0.411856 1.24561 0.778137 0.782773 0.950593 0.934649 0.681748 1.05021 0.850514 0.674762 0.756387 1.1935 0.746382 0.443656 0.874503 0.516674
BD_Bo
 2.46567 1.67805 0.771407 0.435178 0.404378 0.531642 0.928909 0.398484 0.357497 0.193363 0.110691 0.327567 0.365352 0.289336 0.160358 0.200954 0.883926 0.666002 2.01425 1.2583 1.2658 1.53718 1.5114 1.10244 1.69826 1.37534 1.09114 1.22313 1.92997 1.20696 0.717425 1.41414 0.8355
BD_Brms
 2.64096 1.79735 0.826247 0.466115 0.433125 0.569437 0.994946 0.426813 0.382912 0.20711 0.11856 0.350854 0.391326 0.309905 0.171758 0.21524 0.946765 0.713349 2.15744 1.34776 1.35579 1.64646 1.61884 1.18081 1.81899 1.47312 1.16871 1.31009 2.06717 1.29276 0.768427 1.51467 0.894897
Sel_flota
 0.454039 1 1 1 1
 0.454039 1 1 1 1
 0.454039 1 1 1 1
 0.454039 1 1 1 1
 0.454039 1 1 1 1
 0.454039 1 1 1 1
 0.454039 1 1 1 1
 0.454039 1 1 1 1
 0.454039 1 1 1 1
 0.454039 1 1 1 1
 0.454039 1 1 1 1
 0.454039 1 1 1 1
 0.454039 1 1 1 1
 0.454039 1 1 1 1
 0.454039 1 1 1 1
 0.454039 1 1 1 1
 0.454039 1 1 1 1
 0.454039 1 1 1 1
 0.454039 1 1 1 1
 0.454039 1 1 1 1
 0.454039 1 1 1 1
 0.454039 1 1 1 1
 0.454039 1 1 1 1
 0.454039 1 1 1 1
 0.454039 1 1 1 1
 0.454039 1 1 1 1
 0.454039 1 1 1 1
 0.454039 1 1 1 1
 0.454039 1 1 1 1
 0.454039 1 1 1 1
 0.454039 1 1 1 1
 0.454039 1 1 1 1
 0.454039 1 1 1 1
Sel_reclas
 1 1 1 1 1
 1 1 1 1 1
 1 1 1 1 1
 1 1 1 1 1
 1 1 1 1 1
 1 1 1 1 1
 1 1 1 1 1
 1 1 1 1 1
 1 1 1 1 1
 1 1 1 1 1
 1 1 1 1 1
 1 1 1 1 1
 1 1 1 1 1
 1 1 1 1 1
 1 1 1 1 1
 1 1 1 1 1
 1 1 1 1 1
 1 1 1 1 1
 1 1 1 1 1
 1 1 1 1 1
 1 1 1 1 1
 1 1 1 1 1
 1 1 1 1 1
 1 1 1 1 1
 1 1 1 1 1
 1 1 1 1 1
 1 1 1 1 1
 1 1 1 1 1
 1 1 1 1 1
 1 1 1 1 1
 1 1 1 1 1
 1 1 1 1 1
 1 1 1 1 1
Sel_pelaces
 0.830767 1 1 1 1
 0.830767 1 1 1 1
 0.830767 1 1 1 1
 0.830767 1 1 1 1
 0.830767 1 1 1 1
 0.830767 1 1 1 1
 0.830767 1 1 1 1
 0.830767 1 1 1 1
 0.830767 1 1 1 1
 0.830767 1 1 1 1
 0.830767 1 1 1 1
 0.830767 1 1 1 1
 0.830767 1 1 1 1
 0.830767 1 1 1 1
 0.830767 1 1 1 1
 0.830767 1 1 1 1
 0.830767 1 1 1 1
 0.830767 1 1 1 1
 0.830767 1 1 1 1
 0.830767 1 1 1 1
 0.830767 1 1 1 1
 0.830767 1 1 1 1
 0.830767 1 1 1 1
 0.830767 1 1 1 1
 0.830767 1 1 1 1
 0.830767 1 1 1 1
 0.830767 1 1 1 1
 0.830767 1 1 1 1
 0.830767 1 1 1 1
 0.830767 1 1 1 1
 0.830767 1 1 1 1
 0.830767 1 1 1 1
 0.830767 1 1 1 1
pf_obs 
 0.8446 0.082 0.0669 0.0065 0
 0.8095 0.147 0.0364 0.0071 0
 0.9664 0.0169 0.016 0.0007 0
 0.9276 0.0648 0.0075 0.0001 0
 0.7033 0.2144 0.0806 0.0017 0
 0.9318 0.0425 0.0243 0.0014 0
 0.5671 0.3108 0.0964 0.0239 0.0018
 0.0768 0.2599 0.5324 0.112 0.0189
 0.490249 0.384438 0.106611 0.0170017 0.00170017
 0.7925 0.1577 0.0466 0.003 0.0002
 0.840416 0.127587 0.0312969 0.00059994 9.999e-05
 0.8084 0.0986 0.0794 0.0134 0.0002
 0.7335 0.1905 0.0724 0.0035 0.0001
 0.4001 0.4547 0.1325 0.0127 0
 0.49795 0.308269 0.164784 0.0264974 0.00249975
 0.9179 0.0499 0.0305 0.0017 0
 0.2467 0.6533 0.0926 0.0074 0
 0.9418 0.0223 0.034 0.0019 0
 0.707729 0.231977 0.0356964 0.0245975 0
 0.517169 0.277429 0.184464 0.0207286 0.00020938
 0.811772 0.124168 0.05621 0.00726502 0.000585176
 0.764997 0.148141 0.077277 0.00933861 0.000247198
 0.163321 0.427699 0.378323 0.0303852 0.000271297
 0.753843 0.0900009 0.118128 0.0371064 0.000921714
 0.721811 0.176058 0.0630433 0.0369309 0.00215725
 0.143369 0.312575 0.442814 0.0836902 0.0175525
 0.692698 0.0596174 0.167031 0.0765114 0.00414204
 0.394062 0.376323 0.152708 0.0712218 0.00568511
 0.125707 0.32114 0.495352 0.0537591 0.00404204
 0.23352 0.215282 0.420074 0.123614 0.00750983
 0.796117 0.104755 0.0508955 0.0450114 0.00322123
 0.162477 0.292055 0.404252 0.121198 0.0200186
 0 0 0 0 0
pf_pred 
 0.480302 0.170743 0.320707 0.0282456 1.11079e-06
 0.383338 0.429158 0.061603 0.115709 0.0101912
 0.547412 0.285171 0.116512 0.0167246 0.0341806
 0.63746 0.278423 0.0530011 0.0216545 0.00946106
 0.632444 0.313441 0.0415594 0.00791131 0.00464453
 0.761426 0.193659 0.0383023 0.00507853 0.00153432
 0.360752 0.572735 0.0539914 0.0106785 0.00184363
 0.40004 0.397452 0.181437 0.017104 0.0039669
 0.535415 0.285541 0.118611 0.0541458 0.00628813
 0.742305 0.202943 0.0336515 0.0139785 0.00712224
 0.829845 0.156976 0.0103792 0.00172104 0.00107916
 0.731689 0.247722 0.018994 0.00125588 0.000338824
 0.661405 0.304771 0.0312281 0.0023944 0.000201029
 0.623091 0.324302 0.047352 0.00485187 0.000403249
 0.742787 0.226518 0.0264108 0.00385629 0.000427971
 0.939158 0.05583 0.00441398 0.000514647 8.34841e-05
 0.286013 0.700492 0.0123828 0.000978997 0.000132662
 0.912345 0.0459567 0.04091 0.000723178 6.49229e-05
 0.487445 0.495332 0.00903008 0.00803845 0.000154855
 0.561831 0.321657 0.112596 0.00205267 0.00186246
 0.682437 0.250716 0.049072 0.0171776 0.000597291
 0.709727 0.248647 0.0328638 0.00643236 0.00232994
 0.230954 0.675503 0.0801283 0.0105906 0.00282371
 0.700258 0.130795 0.148396 0.0176028 0.00294689
 0.550491 0.385885 0.0277632 0.0314993 0.00436197
 0.348461 0.4935 0.13567 0.00976101 0.0126081
 0.677297 0.183695 0.10529 0.0289457 0.00477256
 0.626725 0.315247 0.0330317 0.0189332 0.00606317
 0.274564 0.586146 0.117636 0.012326 0.00932752
 0.406928 0.283769 0.249914 0.0501564 0.00923237
 0.757421 0.154561 0.0421141 0.0370898 0.00881389
 0.348768 0.581953 0.0441413 0.0120274 0.0131097
 0.596049 0.226187 0.158853 0.0120491 0.00686156
pobs_RECLAS
 0 0 0 0 0
 0 0 0 0 0
 0 0 0 0 0
 0 0 0 0 0
 0 0 0 0 0
 0 0 0 0 0
 0 0 0 0 0
 0 0 0 0 0
 0 0 0 0 0
 0 0 0 0 0
 0.991045 0.00858322 0.000360255 1.14367e-05 0
 0.934742 0.0480273 0.0164251 0.00080598 0
 0.827803 0.169806 0.00239088 0 0
 0.941827 0.0461693 0.0120037 0 0
 0.791401 0.0380133 0.147996 0.0225897 0
 0.846168 0.0940531 0.0597789 0 0
 0.134021 0.677848 0.182769 0.00536245 0
 0.80878 0.0450904 0.141981 0.00414843 0
 0.846168 0.0940531 0.0597789 0 0
 0.905697 0.0802665 0.012482 0.00150086 5.37128e-05
 0.989698 0.0102097 9.19794e-05 0 0
 0.975433 0.0193895 0.00387452 0.00125025 5.28907e-05
 0.303575 0.632131 0.0575291 0.00676475 0
 0.966965 0.00978017 0.0227588 0.000495775 0
 0.843318 0.132988 0.00938335 0.0141283 0.000182051
 0.564624 0.303363 0.111486 0.0197234 0.00080311
 0.826376 0.0876187 0.0782897 0.00655872 0.00115652
 0.89761 0.0855135 0.0140674 0.00269457 0.000114338
 0.34875 0.467042 0.161289 0.0227151 0.000203297
 0.318654 0.224769 0.449479 0.00709798 0
 0.937255 0.0296025 0.0250945 0.00804832 0
 0.456809 0.399803 0.12412 0.0192676 0
 0.883104 0.0372192 0.0704036 0.00927362 0
ppred_RECLAS
 0.674949 0.106794 0.20059 0.0176665 6.94758e-07
 0.588061 0.286684 0.0411517 0.0772952 0.00680787
 0.735221 0.166835 0.0681632 0.00978441 0.0199967
 0.809106 0.146603 0.0279076 0.0114021 0.0049817
 0.79487 0.174928 0.0231939 0.00441523 0.00259207
 0.87956 0.0977651 0.0193362 0.0025638 0.00077457
 0.580246 0.376079 0.0354527 0.00701191 0.0012106
 0.598113 0.266236 0.121537 0.0114572 0.00265726
 0.733979 0.1635 0.0679162 0.0310038 0.00360057
 0.881766 0.093113 0.0154397 0.0064135 0.00326778
 0.916312 0.0772055 0.0051048 0.000846463 0.000530764
 0.868063 0.121812 0.00933992 0.000617552 0.00016661
 0.823066 0.159259 0.0163184 0.0012512 0.000105049
 0.81461 0.159514 0.0232909 0.00238648 0.000198345
 0.879618 0.106016 0.0123609 0.00180483 0.0002003
 0.973981 0.0238753 0.00188761 0.000220085 3.57014e-05
 0.479385 0.510776 0.00902912 0.000713852 9.67328e-05
 0.959919 0.0210142 0.0187066 0.000330681 2.96867e-05
 0.688955 0.300593 0.00547991 0.00487814 9.39738e-05
 0.74951 0.183883 0.0643683 0.00117346 0.00106472
 0.831984 0.132649 0.0259631 0.00908837 0.000316015
 0.851188 0.127472 0.016848 0.00329762 0.00119447
 0.404865 0.522746 0.0620082 0.00819565 0.00218516
 0.841273 0.0692624 0.0785829 0.00932152 0.00156052
 0.734592 0.227842 0.0163925 0.0185984 0.00257548
 0.545678 0.344121 0.0946033 0.00680641 0.00879172
 0.826345 0.098851 0.0566596 0.0155765 0.00256824
 0.79085 0.176636 0.018508 0.0106084 0.00339726
 0.458542 0.437494 0.0878025 0.00919998 0.00696197
 0.608136 0.187496 0.165127 0.0331401 0.00610015
 0.877149 0.0782757 0.0213282 0.0187837 0.00446368
 0.544196 0.407315 0.030895 0.00841811 0.0091756
 0.771916 0.127713 0.0896935 0.00680328 0.00387426
pobs_PELACES
 0 0 0 0 0
 0 0 0 0 0
 0 0 0 0 0
 0 0 0 0 0
 0 0 0 0 0
 0 0 0 0 0
 0 0 0 0 0
 0 0 0 0 0
 0 0 0 0 0
 0 0 0 0 0
 0 0 0 0 0
 0 0 0 0 0
 0 0 0 0 0
 0 0 0 0 0
 0 0 0 0 0
 0 0 0 0 0
 0.505614 0.472636 0.0217494 0 0
 0 0 0 0 0
 0.443492 0.261883 0.143347 0.151278 0
 0.227955 0.32914 0.350689 0.0885471 0.00366901
 0.970185 0.0296113 0.000203453 0 0
 0.997202 0.00247181 0.000326279 0 0
 0.445219 0.490057 0.0546422 0.010081 0
 0.90214 0.0892962 0.00764917 0.000914606 0
 0 0 0 0 0
 0.581667 0.319106 0.0959925 0.00289975 0.000334073
 0.762889 0.0836404 0.116647 0.0363945 0.000428098
 0.88444 0.0763242 0.0277011 0.0115352 0
 0.521256 0.241999 0.230069 0.00667565 0
 0.616807 0.101726 0.260614 0.0208532 0
 0.833518 0.0704572 0.0857862 0.0102388 0
 0.697417 0.212968 0.0787535 0.0105354 0.000325836
 0 0 0 0 0
ppred_PELACES
 0.64783 0.115703 0.217325 0.0191404 7.5272e-07
 0.571295 0.298352 0.0428266 0.0804412 0.00708496
 0.721478 0.175494 0.0717011 0.0102923 0.0210346
 0.812283 0.144163 0.0274431 0.0112124 0.00489879
 0.775496 0.19145 0.0253845 0.00483223 0.00283688
 0.871199 0.104553 0.0206786 0.00274179 0.000828346
 0.59139 0.366094 0.0345115 0.00682575 0.00117846
 0.564104 0.288765 0.131822 0.0124267 0.00288212
 0.735816 0.162371 0.0674473 0.0307897 0.00357571
 0.894055 0.0834347 0.0138349 0.00574687 0.00292812
 0.90637 0.0863778 0.00571126 0.000947025 0.00059382
 0.870578 0.11949 0.00916188 0.00060578 0.000163434
 0.823128 0.159203 0.0163126 0.00125076 0.000105012
 0.837131 0.140136 0.0204616 0.00209657 0.00017425
 0.889111 0.0976558 0.0113861 0.00166251 0.000184506
 0.97474 0.0231793 0.00183258 0.000213669 3.46605e-05
 0.46275 0.527096 0.00931763 0.000736662 9.98237e-05
 0.957358 0.022357 0.0199019 0.000351812 3.15838e-05
 0.680312 0.308946 0.00563219 0.0050137 9.65852e-05
 0.742633 0.188932 0.0661356 0.00120568 0.00109395
 0.823193 0.139589 0.0273215 0.00956387 0.000332549
 0.847145 0.130935 0.0173057 0.00338721 0.00122692
 0.380999 0.543709 0.0644948 0.00852431 0.00227279
 0.827969 0.0750677 0.0851695 0.0101028 0.00169132
 0.713462 0.245981 0.0176975 0.0200791 0.00278052
 0.51521 0.367199 0.100948 0.00726288 0.00938133
 0.811835 0.107111 0.0613938 0.016878 0.00278283
 0.771225 0.19321 0.0202446 0.0116039 0.00371603
 0.425854 0.463905 0.0931031 0.00975537 0.00738226
 0.583129 0.199461 0.175665 0.035255 0.00648944
 0.86848 0.0837993 0.0228332 0.0201092 0.00477867
 0.508464 0.439246 0.033317 0.00907805 0.00989492
 0.75909 0.134895 0.0947375 0.00718587 0.00409213
pobs_pel_tallas
 0 0 0 0 0 0 0 0 0 0 0 0 0 0 0 0 0 0 0 0 0 0 0 0 0 0
 0 0 0 0 0 0 0 0 0 0 0 0 0 0 0 0 0 0 0 0 0 0 0 0 0 0
 0 0 0 0 0 0 0 0 0 0 0 0 0 0 0 0 0 0 0 0 0 0 0 0 0 0
 0 0 0 0 0 0 0 0 0 0 0 0 0 0 0 0 0 0 0 0 0 0 0 0 0 0
 0 0 0 0 0 0 0 0 0 0 0 0 0 0 0 0 0 0 0 0 0 0 0 0 0 0
 0 0 0 0 0 0 0 0 0 0 0 0 0 0 0 0 0 0 0 0 0 0 0 0 0 0
 0 0 0 0 0 0 0 0 0 0 0 0 0 0 0 0 0 0 0 0 0 0 0 0 0 0
 0 0 0 0 0 0 0 0 0 0 0 0 0 0 0 0 0 0 0 0 0 0 0 0 0 0
 0 0 0 0 0 0 0 0 0 0 0 0 0 0 0 0 0 0 0 0 0 0 0 0 0 0
 0 0 0 0 0 0 0 0 0 0 0 0 0 0 0 0 0 0 0 0 0 0 0 0 0 0
 0 0 0 0 0 0 0 0 0 0 0 0 0 0 0 0 0 0 0 0 0 0 0 0 0 0
 0 0 0 0 0 0 0 0 0 0 0 0 0 0 0 0 0 0 0 0 0 0 0 0 0 0
 0.00862536 0 0 0.000197151 0.00414017 0.0128641 0.00837892 0.0270097 0.101434 0.158115 0.152841 0.127902 0.109271 0.109419 0.0830992 0.0579132 0.0238553 0.00714673 0.00463305 0.00128148 0.00103504 0.000492878 0.000147863 0.000147863 4.92878e-05 0
 0 0 0 0 0 0 0 0 0 0 0 0 0 0 0 0 0 0 0 0 0 0 0 0 0 0
 0 0 0 0 0 0 0 0.0054083 0.00873648 0.0413646 0.0450493 0.0745869 0.0622846 0.0627006 0.0613931 0.0827291 0.12552 0.122667 0.0946155 0.0697135 0.0546179 0.0294188 0.0215738 0.0213955 0.0102223 0.00600262
 0 0 0 0 0.00359764 0.0251062 0.0480494 0.140153 0.205849 0.193036 0.1447 0.116669 0.0760912 0.0342217 0.00950174 0.001854 0.000860785 0 0 0 0.000165536 0 0.000143464 0 0 0
 0 0 0 0 0 0 0 0.000145254 0.000435761 0.0275982 0.070085 0.0708112 0.156366 0.174668 0.174014 0.160142 0.0824315 0.0480064 0.0283245 0.00493863 0.00203355 0 0 0 0 0
 0 0 0 0 0 0 0 0 0 0 0 0 0 0 0 0 0 0 0 0 0 0 0 0 0 0
 0 0 1.00437e-05 0.000401748 0.00122533 0.00171747 0.00176769 0.0269171 0.070346 0.194647 0.189555 0.159765 0.064822 0.0314167 0.0384472 0.0292271 0.0345202 0.0313363 0.0194345 0.0106764 0.0143323 0.0359363 0.0279516 0.0138201 0.00172751 0
 0 0.0021121 0.0136068 0.0755702 0.200478 0.177729 0.0527432 0.0373336 0.0318909 0.0142505 0.0149659 0.0166563 0.0217959 0.0798694 0.0677717 0.0528807 0.04013 0.0224614 0.0357745 0.0225083 0.00881397 0.00855152 0.00135912 0.000746735 0 0
 0 0 0 0 5.4009e-05 0.00500934 0.000945158 0.0243581 0.138947 0.33067 0.221406 0.137944 0.0707744 0.0437923 0.0131692 0.00525238 0.0047753 0.00276346 9.45158e-05 9.00151e-06 2.25038e-05 9.00151e-06 4.50075e-06 0 0 0
 0.000866109 0.00284123 0.00948549 0.0512746 0.133035 0.25785 0.225252 0.132002 0.0553304 0.0519788 0.0540692 0.017754 0.00435017 0.00159236 0.00146478 0.000404838 0.000125132 0.000115318 0.000107957 0.000100596 0 0 0 0 0 0
 0 0 0 0 0.00144013 0.00171154 0.00461396 0.0210425 0.0478622 0.0707936 0.0888783 0.103762 0.0637923 0.0337046 0.0602308 0.124433 0.169614 0.0934646 0.0462172 0.0250306 0.0313229 0.00938855 0.002487 0.000210481 0 0
 0 0.00764035 0.051015 0.0998891 0.058973 0.0496711 0.0374665 0.0718981 0.12319 0.153886 0.159021 0.0857701 0.0377988 0.023471 0.0147837 0.00900784 0.00315554 0.000888139 0.00291439 0.00214683 0.00393193 0.00274676 0.000635225 9.99891e-05 0 0
 0 0 0 0 0 0 0 0 0 0 0 0 0 0 0 0 0 0 0 0 0 0 0 0 0 0
 0 0 0 0 0 0 0 0 0 0 0 0 0 0 0 0 0 0 0 0 0 0 0 0 0 0
 0 0 0 0 0 0 0 0 0 0 0 0 0 0 0 0 0 0 0 0 0 0 0 0 0 0
 0 0 0 0 0 0 0 0 0 0 0 0 0 0 0 0 0 0 0 0 0 0 0 0 0 0
 0 0 0 0 0 0 0 0 0 0 0 0 0 0 0 0 0 0 0 0 0 0 0 0 0 0
 0 0 0 0 0 0 0 0 0 0 0 0 0 0 0 0 0 0 0 0 0 0 0 0 0 0
 0 0 0 0 0 0 0 0 0 0 0 0 0 0 0 0 0 0 0 0 0 0 0 0 0 0
 0 0 0 0 0 0 0 0 0 0 0 0 0 0 0 0 0 0 0 0 0 0 0 0 0 0
 0 0 0 0 0 0 0 0 0 0 0 0 0 0 0 0 0 0 0 0 0 0 0 0 0 0
ppred_pel_tallas
 1.08221e-16 5.3361e-05 0.000518688 0.00344686 0.0156689 0.0487519 0.103872 0.151606 0.151618 0.103928 0.0489415 0.0162204 0.00484633 0.0036238 0.00609701 0.0103765 0.0158289 0.0217479 0.027383 0.0322834 0.0363701 0.0396105 0.0416375 0.0417502 0.0393547 0.0344656
 1.10579e-16 4.70569e-05 0.00045741 0.00303965 0.0138178 0.0429925 0.0916012 0.133701 0.133729 0.0917419 0.0434649 0.0151826 0.00646722 0.00794591 0.0142883 0.0236018 0.0341354 0.0432538 0.0483373 0.0482679 0.0441266 0.0384486 0.0336235 0.0306759 0.0291571 0.0278954
 1.06706e-16 5.94272e-05 0.000577654 0.00383871 0.0174502 0.0542943 0.11568 0.168842 0.168859 0.115763 0.0545734 0.0182575 0.00586889 0.0050223 0.00853825 0.0141206 0.0205693 0.0263619 0.0299832 0.0307389 0.0291368 0.0264626 0.0239089 0.0219587 0.0203957 0.0187371
 1.02783e-16 6.69067e-05 0.000650357 0.00432185 0.0196465 0.0611277 0.130239 0.190091 0.190105 0.130307 0.0613559 0.020306 0.00597796 0.00426806 0.00694482 0.0113947 0.0164545 0.0207929 0.0231023 0.0227876 0.0203137 0.0168724 0.0136443 0.0112332 0.00960336 0.00839156
 1.01747e-16 6.38767e-05 0.000620904 0.00412612 0.0187568 0.0583594 0.124342 0.181484 0.181502 0.124432 0.0586621 0.019631 0.00632038 0.00541049 0.00915872 0.0150363 0.0216449 0.0271993 0.0299233 0.0289964 0.0250361 0.0196736 0.0145757 0.0106753 0.00805384 0.0063159
 1.01039e-16 7.17595e-05 0.000697528 0.00463532 0.0210715 0.0655613 0.139686 0.203877 0.203887 0.139735 0.0657268 0.0215497 0.00583602 0.00332003 0.00505633 0.00825574 0.0119091 0.0150235 0.016636 0.0162971 0.0143268 0.01158 0.00892176 0.00682348 0.00531548 0.00419957
 1.01974e-16 4.87121e-05 0.000473499 0.00314657 0.0143039 0.0445048 0.0948235 0.138405 0.13844 0.0949958 0.0450831 0.0159738 0.00733701 0.0096165 0.0173989 0.0286497 0.0411786 0.0515972 0.0564816 0.054247 0.0460928 0.0352008 0.0248571 0.0169541 0.01173 0.00845938
 1.05612e-16 4.64646e-05 0.000451652 0.00300139 0.0136439 0.0424514 0.0904482 0.132018 0.132046 0.0905849 0.042911 0.0149731 0.00634472 0.00777253 0.0140155 0.0232667 0.033906 0.0434546 0.049381 0.0504624 0.0474154 0.0422275 0.0367821 0.0319159 0.0274755 0.0230049
 1.05681e-16 6.06082e-05 0.000589134 0.003915 0.017797 0.0553733 0.117979 0.172197 0.172213 0.118056 0.0556317 0.0185444 0.00579488 0.0047059 0.00791754 0.0130949 0.0190983 0.0245276 0.0279953 0.0288678 0.0276078 0.0253715 0.0232013 0.0214693 0.0199147 0.0180764
 1.01493e-16 7.36422e-05 0.000715828 0.00475693 0.0216243 0.0672813 0.14335 0.209226 0.209234 0.14339 0.0674134 0.0220057 0.00571461 0.0028073 0.00404828 0.006583 0.00949281 0.0119746 0.0132654 0.013019 0.0115083 0.00943365 0.00749366 0.0060535 0.00510291 0.0044327
 1.00383e-16 7.46565e-05 0.000725688 0.00482245 0.0219222 0.0682081 0.145325 0.212108 0.212116 0.145365 0.0683444 0.0223159 0.00581025 0.00288031 0.00416151 0.00674808 0.00968166 0.0121074 0.0132092 0.0126123 0.010605 0.00795075 0.00544265 0.00354414 0.00232075 0.00159909
 1.00384e-16 7.17084e-05 0.000697031 0.00463202 0.0210565 0.0655146 0.139586 0.203733 0.203744 0.139642 0.0657033 0.0216013 0.00599884 0.0036786 0.00572771 0.00933828 0.0134042 0.0167687 0.0183045 0.01749 0.0147184 0.0110383 0.00754023 0.00486387 0.0031061 0.00204032
 1.00655e-16 6.78e-05 0.00065904 0.00437955 0.0199088 0.0619438 0.131978 0.19263 0.192645 0.132053 0.0621954 0.0206351 0.00620213 0.00463584 0.00761476 0.0124662 0.0179152 0.0224504 0.0245783 0.0236049 0.0200451 0.015275 0.0107194 0.0072044 0.00484577 0.00334656
 1.00867e-16 6.89534e-05 0.000670252 0.00445406 0.0202475 0.0629976 0.134224 0.195906 0.19592 0.13429 0.0632192 0.0208876 0.00606063 0.00417729 0.00672904 0.011014 0.0158555 0.0199283 0.0219281 0.0212469 0.0183252 0.0143439 0.0105143 0.00752224 0.00544543 0.00402527
 1.00552e-16 7.32349e-05 0.000711869 0.00473062 0.0215047 0.0669093 0.142558 0.208069 0.208078 0.142604 0.0670636 0.0219504 0.00584918 0.00315293 0.00470699 0.00765963 0.0110123 0.0138166 0.0151583 0.0146138 0.0124976 0.00964702 0.00692474 0.00482409 0.00340489 0.00247979
 1.00087e-16 8.0288e-05 0.000780428 0.00518622 0.0235758 0.0733531 0.156287 0.228105 0.228108 0.156298 0.0733897 0.0236815 0.00545139 0.00135889 0.00117769 0.00181669 0.00260163 0.00325532 0.0035553 0.00340041 0.00286697 0.00215811 0.00148478 0.000970189 0.000632245 0.000426357
 1.00495e-16 3.81162e-05 0.000370503 0.00246212 0.0111925 0.0348243 0.0741987 0.108306 0.108356 0.0744463 0.0356555 0.0135921 0.00848013 0.0134904 0.0249036 0.0409751 0.0587045 0.0731522 0.0793117 0.0748752 0.0616461 0.0444047 0.0281719 0.0159638 0.0083082 0.00417027
 1.00621e-16 7.88563e-05 0.000766511 0.00509374 0.0231554 0.072045 0.1535 0.224038 0.22404 0.15351 0.0720809 0.0232594 0.00535597 0.00134301 0.00118548 0.00186552 0.00275019 0.00360393 0.004239 0.00455945 0.00459649 0.00445484 0.00421788 0.00389768 0.00346266 0.0029009
 1.00761e-16 5.60364e-05 0.000544694 0.00361969 0.0164546 0.0511965 0.109081 0.159213 0.159242 0.109226 0.0516838 0.0178612 0.0071475 0.0082361 0.0146345 0.0240295 0.034433 0.0429292 0.0465905 0.0440739 0.0364435 0.0265009 0.0171761 0.0102105 0.0058782 0.00353884
 1.02263e-16 6.11697e-05 0.000594592 0.00395127 0.0179619 0.0558863 0.119072 0.173793 0.173812 0.119162 0.0561863 0.0188291 0.00613088 0.00536182 0.00914156 0.0150846 0.0218816 0.0278399 0.0312577 0.0313168 0.0285201 0.0242671 0.0199406 0.0162463 0.0131939 0.0105077
 1.0184e-16 6.78053e-05 0.000659092 0.0043799 0.0199104 0.0619487 0.131989 0.192644 0.192658 0.132055 0.0621697 0.0205489 0.00598337 0.00416167 0.00672631 0.0110296 0.0159221 0.0201071 0.0223095 0.0219405 0.0194353 0.0159361 0.0125845 0.00998139 0.00812851 0.00672401
 1.01081e-16 6.97783e-05 0.00067827 0.00450734 0.0204897 0.0637512 0.135829 0.198249 0.198262 0.135891 0.0639582 0.0210876 0.00600796 0.00395377 0.00628942 0.0102842 0.0148007 0.0185962 0.0204535 0.0198096 0.0170855 0.0133958 0.0098805 0.00717977 0.00535338 0.00413654
 1.0324e-16 3.13825e-05 0.000305049 0.00202716 0.00921522 0.0286722 0.0610912 0.0891753 0.0892277 0.0613471 0.0295315 0.0116969 0.00825523 0.013897 0.0258332 0.0426263 0.0613259 0.0769548 0.0844476 0.0814495 0.0697096 0.0538874 0.0387799 0.0271279 0.0192588 0.014126
 1.03777e-16 6.81987e-05 0.000662916 0.00440531 0.0200259 0.062308 0.132754 0.19376 0.193767 0.13279 0.0624292 0.0203774 0.00529327 0.00262014 0.00384037 0.00638451 0.00952471 0.0126737 0.0152592 0.0169834 0.0179267 0.0183518 0.0183948 0.0179349 0.0167403 0.0147237
 1.03058e-16 5.8767e-05 0.000571236 0.00379607 0.0172564 0.0536911 0.114396 0.166969 0.166992 0.114511 0.0540796 0.0183783 0.00661124 0.0067136 0.0117152 0.0192519 0.0276768 0.0347051 0.0380589 0.0367099 0.0315077 0.0246221 0.0182577 0.0136267 0.0107739 0.00907025
 1.05323e-16 4.24372e-05 0.000412505 0.00274124 0.0124613 0.0387719 0.082609 0.120578 0.120613 0.0827823 0.0393542 0.0141439 0.00696843 0.00965232 0.017625 0.02916 0.0422093 0.0535083 0.059735 0.0593243 0.0533445 0.0446683 0.0361524 0.02928 0.0240589 0.0198036
 1.03963e-16 6.68698e-05 0.000649998 0.00431947 0.0196357 0.0610939 0.130167 0.189985 0.189996 0.130218 0.0612649 0.0201305 0.00556528 0.00338204 0.00529205 0.00873887 0.0128071 0.0165782 0.0191542 0.0201123 0.0197131 0.018635 0.0174628 0.0163608 0.0151356 0.0135345
 1.02427e-16 6.35248e-05 0.000617484 0.0041034 0.0186535 0.058038 0.123657 0.180485 0.180503 0.123748 0.0583433 0.0195353 0.00631659 0.00544767 0.00923353 0.0151559 0.021808 0.027389 0.0301124 0.029166 0.0251989 0.0198862 0.0149282 0.0112582 0.00891625 0.00743663
 1.05033e-16 3.50771e-05 0.000340962 0.00226582 0.0103001 0.0320477 0.0682826 0.0996699 0.0997146 0.0685013 0.0327821 0.0124219 0.00759384 0.0119785 0.0221553 0.0366195 0.0528583 0.066696 0.0738801 0.0724217 0.0637413 0.0516331 0.0399322 0.0307241 0.024134 0.01927
 1.09755e-16 4.80316e-05 0.000466885 0.00310261 0.014104 0.043883 0.0934981 0.136467 0.136487 0.0935933 0.0442034 0.0150325 0.00544484 0.00561841 0.00994455 0.0166595 0.024684 0.032486 0.0384973 0.0419461 0.0431834 0.0431665 0.0425695 0.041315 0.038844 0.0347549
 1.03506e-16 7.15355e-05 0.000695351 0.00462085 0.0210057 0.0653566 0.13925 0.20324 0.203249 0.139289 0.0654897 0.0213903 0.00558734 0.00280947 0.00409954 0.006699 0.00972786 0.0124185 0.0140475 0.0143025 0.0134646 0.0121965 0.0111044 0.0104178 0.00998318 0.00948412
 1.03659e-16 4.18816e-05 0.000407104 0.00270535 0.0122982 0.0382643 0.0815278 0.119001 0.119043 0.0817344 0.038958 0.0143011 0.00773077 0.0113705 0.0208423 0.0343357 0.0493309 0.0617713 0.0675536 0.0647971 0.0549826 0.0419839 0.0297944 0.0207012 0.0149496 0.0115734
 1.04182e-16 6.25253e-05 0.000607768 0.00403883 0.0183599 0.0571247 0.121711 0.177643 0.177656 0.121775 0.0573405 0.0189847 0.00561273 0.00406237 0.00667833 0.0110845 0.0162936 0.0211795 0.0246132 0.0260349 0.0257104 0.0244066 0.0227807 0.0210139 0.0189189 0.0163069
pSPR Fmed_Fpbrs
1   0.983627 0.6 0.325 0.983627 0.983627 0.983627
Fs Fmed_Fpbrs
0   0.01 0.354173 0.920825 0.01 0.01 0.01
SSBpbr Bo_Bmed_Bpbrs
488802  464361  456359 268841 134420 456359 456359 456359
Ro
109716
SPR SPRFo_SPRFmed_SPRFpbrs
790428 790428 777487
Fref
0
Nvult_r0
 73929.6 16154.8 11345.6 860.569 490.067
CTP_r0
 16492.3 6258.46 4395.37 333.39 189.855
YTP_r0
356493
Np
 102121 37568.3 13820.6 5084.31 2558.5
Nvult_p0
 64552.9 23747.7 8736.28 3213.9 1617.28
CTP_p0
 0 0 0 0 0
 0 0 0 0 0
 0 0 0 0 0
 0 0 0 0 0
 0 0 0 0 0
 0 0 0 0 0
YTP_p0
 0 0 0 0 0 0
CBA_c0
0
log_Ro
11.4256
likeval ReclasPelacesDesembMPH_pf_preclas_ppelaces_ptallas_desvR_qrecl_qpela
 13.0896 16.9637 0.0158665 0.00125296 236.543 134.573 112.26 0 25.0838 2.1484e-05 5.17709e-05 0.0291741 2066.56 0 0
q_reclas_q_pelaces
1.9261 2.76642
M
1
N
 156532 27300.2 51278 4516.2 0.177605
 84192.5 48974.5 7029.99 13204.4 1163
 85353.8 23087.6 9432.86 1354.03 2767.27
 94684.3 23444.5 4462.93 1823.41 796.665
 84617.9 20720.7 2747.37 522.993 307.036
 198868 26063.3 5154.86 683.486 206.494
 60447.1 55624.7 5243.71 1037.11 179.056
 26024.3 12413.4 5666.71 534.198 123.896
 28516.8 8533.76 3544.83 1618.22 187.929
 38070.1 6420.48 1064.63 442.234 225.325
 69429.6 6428.4 425.043 70.4794 44.1932
 113612 21834 1674.11 110.692 29.8636
 96610.7 24773 2538.34 194.626 16.3404
 67658.8 22250.7 3248.86 332.891 27.6673
 57190.2 10507.8 1225.15 178.887 19.8528
 306957 10434.2 824.94 96.1836 15.6025
 51406.2 65558.1 1158.89 91.623 12.4157
 533478 14024.2 12484.1 220.686 19.812
 266180 144751 2638.85 2349.07 45.2531
 220750 67885.5 23763.3 433.214 393.07
 289985 55772.4 10916.2 3821.21 132.869
 413030 78090.7 10321.3 2020.16 731.745
 70175.5 103113 12231.3 1616.62 431.03
 220999 20820.9 23622.7 2802.13 469.106
 185666 64970.1 4674.4 5303.42 734.41
 80545.4 55885.2 15363.6 1105.36 1427.78
 185094 25278.5 14489.2 3983.26 656.758
 219764 54625.1 5723.64 3280.69 1050.61
 65470.4 67671.2 13581.2 1423.05 1076.87
 60432.4 21082.7 18567.5 3726.38 685.921
 172412 18101.6 4932.25 4343.82 1032.25
 60678.1 48400.9 3671.22 1000.32 1090.33
 102121 20079.5 14102 1069.64 609.127
pred_Ctot
 14992 5329.52 10010.4 881.647 0.0346718
 13876.2 15534.8 2229.93 4188.47 368.905
 13998.2 7292.3 2979.4 427.674 874.052
 25284.7 11043.6 2102.27 858.921 375.271
 8831.62 4376.98 580.346 110.476 64.8575
 30808.5 7835.77 1549.77 205.486 62.081
 17690.1 28085.1 2647.57 523.641 90.406
 1803.97 1792.3 818.184 77.1298 17.8886
 7276.54 3880.63 1611.97 735.867 85.4586
 13852.5 3787.22 627.986 260.859 132.912
 6452.99 1220.66 80.7098 13.3831 8.39168
 30508.7 10329.1 791.98 52.3654 14.1277
 23717.1 10928.7 1119.79 85.8598 7.20862
 26463.6 13773.6 2011.11 206.066 17.1266
 19273.3 5877.54 685.289 100.06 11.1047
 85029.2 5054.72 399.632 46.5949 7.55845
 8603.9 21072.3 372.501 29.4503 3.99076
 90716.2 4569.56 4067.76 71.907 6.45541
 53167.4 54027.6 984.943 876.783 16.8906
 45059.4 25797.2 9030.31 164.626 149.371
 50384.2 18510.3 3622.97 1268.22 44.0978
 86583.9 30334 4009.26 784.723 284.244
 8734.92 25548.2 3030.53 400.546 106.795
 28578.3 5337.91 6056.22 718.39 120.266
 21689 15203.6 1093.85 1241.05 171.858
 7576.47 10730 2949.82 212.23 274.134
 23559.2 6389.68 3662.45 1006.86 166.01
 22970.4 11554.2 1210.66 693.927 222.224
 5215.66 11134.5 2234.63 234.146 177.187
 7216.77 5032.56 4432.17 889.51 163.734
 26393.1 5385.84 1467.51 1292.43 307.128
 3887.12 6486.03 491.967 134.049 146.111
 16492.3 6258.46 4395.37 333.39 189.855
F
 0.161961 0.356711 0.356711 0.356711 0.356711
 0.293809 0.6471 0.6471 0.6471 0.6471
 0.29217 0.643491 0.643491 0.643491 0.643491
 0.519417 1.14399 1.14399 1.14399 1.14399
 0.177616 0.391192 0.391192 0.391192 0.391192
 0.274013 0.603501 0.603501 0.603501 0.603501
 0.582994 1.28402 1.28402 1.28402 1.28402
 0.115001 0.253283 0.253283 0.253283 0.253283
 0.491001 1.08141 1.08141 1.08141 1.08141
 0.778703 1.71506 1.71506 1.71506 1.71506
 0.156844 0.345443 0.345443 0.345443 0.345443
 0.523034 1.15196 1.15196 1.15196 1.15196
 0.468318 1.03145 1.03145 1.03145 1.03145
 0.86236 1.89931 1.89931 1.89931 1.89931
 0.701292 1.54456 1.54456 1.54456 1.54456
 0.543771 1.19763 1.19763 1.19763 1.19763
 0.298974 0.658477 0.658477 0.658477 0.658477
 0.304406 0.670439 0.670439 0.670439 0.670439
 0.36635 0.806869 0.806869 0.806869 0.806869
 0.375751 0.827575 0.827575 0.827575 0.827575
 0.311957 0.687071 0.687071 0.687071 0.687071
 0.387691 0.85387 0.85387 0.85387 0.85387
 0.215042 0.473619 0.473619 0.473619 0.473619
 0.224231 0.493857 0.493857 0.493857 0.493857
 0.200652 0.441927 0.441927 0.441927 0.441927
 0.158868 0.349899 0.349899 0.349899 0.349899
 0.220367 0.485348 0.485348 0.485348 0.485348
 0.177895 0.391806 0.391806 0.391806 0.391806
 0.133147 0.293251 0.293251 0.293251 0.293251
 0.205524 0.452656 0.452656 0.452656 0.452656
 0.27037 0.595477 0.595477 0.595477 0.595477
 0.105883 0.233202 0.233202 0.233202 0.233202
 0.287136 0.632403 0.632403 0.632403 0.632403
YTP_r0W_actual
 124352 109210 105797 10441.8 6692.39
YTP_p0W_proyectada
 0 0 0 0 0
 0 0 0 0 0
 0 0 0 0 0
 0 0 0 0 0
 0 0 0 0 0
 0 0 0 0 0
CTP_r0_actual
 16492.3 6258.46 4395.37 333.39 189.855
CTP_p0_proyectada
 0 0 0 0 0
 0 0 0 0 0
 0 0 0 0 0
 0 0 0 0 0
 0 0 0 0 0
 0 0 0 0 0
Wmedp
 7.54 17.45 24.07 31.32 35.25
Frms_r0
 0.287136 0.632403 0.632403 0.632403 0.632403
Zrms_r0
 1.28714 1.6324 1.6324 1.6324 1.6324
nmprior
 7.29 8.9 8.7 0
nm_flota  nm_reclas  nm_pelaces    nm_pelaL
inf 17.3107 17.4247 54.6552
cv_recla  cv_pelaces  cv_mph
0.313324 0.451182 0.946028
 ------------------------------------------------
Talla a la edad & desviaci?n 
 8 13.2811 15.8009 17.003 17.5766
 0.8 1.32811 1.58009 1.7003 1.75766
