years
 1991 1992 1993 1994 1995 1996 1997 1998 1999 2000 2001 2002 2003 2004 2005 2006 2007 2008 2009 2010 2011 2012 2013 2014 2015 2016 2017 2018 2019 2020 2021 2022 2023
reclasobs
 0 0 0 0 0 0 0 0 0 252601 567819 844713 477998 351125 339783 2.1784e+06 2.13404e+06 4.81314e+06 1.55562e+06 2.62356e+06 3.21686e+06 3.843e+06 1.13348e+06 3.07943e+06 1.97215e+06 2.03268e+06 2.025e+06 2.42433e+06 2.27542e+06 1.05018e+06 2.36338e+06 3.18982e+06 1.53035e+06
reclaspred
 2.95449e+06 1.59381e+06 833683 833741 865705 1.50897e+06 776930 700006 495818 334389 500315 684586 684336 499902 505913 1.38831e+06 1.22815e+06 3.26991e+06 2.53932e+06 1.81984e+06 3.12558e+06 2.5196e+06 1.92634e+06 3.03302e+06 2.23466e+06 2.01055e+06 2.41827e+06 2.67727e+06 2.15985e+06 1.46131e+06 1.97883e+06 2.11595e+06 1.63525e+06
pelacesobs
 0 0 0 0 0 0 0 0 0 0 0 0 0 0 0 552880 188675 0 991730 2.46772e+06 1.41603e+06 1.21717e+06 2.29649e+06 1.80582e+06 0 1.4828e+06 1.56532e+06 1.57751e+06 1.42118e+06 867257 1.10002e+06 1.06204e+06 0
pelacespred
 1.60497e+06 942854 471460 388268 448644 809239 351090 442589 277847 171454 282033 321528 359179 266499 277984 640693 589363 1.82052e+06 1.43785e+06 927541 1.62946e+06 1.34403e+06 1.07792e+06 1.86669e+06 1.31582e+06 1.19724e+06 1.63055e+06 1.61189e+06 1.2118e+06 926474 1.03819e+06 1.18197e+06 923764
mphobs
 0 0 0 0 0 0 0 0 0 0 0 0 498337 0 5186 125008 0 168611 109162 213762 579715 649985 157893 87575 83554 210694 70296 0 107559 103333 445601 22526 28222
mphpred
 316207 217678 102812 59430.8 62629.7 77504 103841 51254.6 48440.3 29927.8 18905.5 43029.4 49081.5 38494.5 23567.7 30899.4 112334 97682.7 227953 154793 156564 180514 166770 137439 212490 164831 144175 161727 232170 164835 92495.6 163145 110871
desembarqueobs
 494567 514787 250237 358949 120608 361735 552515 73892 212993 205616 52469 317467 293654 387597 252695 516296 358380 742168 942051 627588 828172 859565 418607 520667 417249 300574 415391 372974 316634 284311 391294 218835 356480
desembarquepred
 494564 513994 250558 359010 120616 361748 552529 73898.6 213062 205680 52472.2 317534 293687 387540 252658 516179 358406 741954 941696 627301 828292 859538 418612 520705 417237 300570 415386 372937 316615 284302 391231 218843 356502
Reclutas
 174747 83506.9 95576.2 122402 107903 191724 71084.3 33303.2 32606.1 43870.8 83953.7 121384 103512 71952.7 67728.3 352607 69635.6 584575 308541 250452 341137 464623 92861.9 267270 228710 104537 227770 265799 84713.8 78677.1 210518 83951.1 147020
log_desv_Rt
 0.291093 -0.447316 -0.312321 -0.0649364 -0.191015 0.383814 -0.608379 -1.36659 -1.38774 -1.091 -0.441979 -0.0732881 -0.232556 -0.596235 -0.656741 0.99311 -0.628969 1.49864 0.859611 0.651023 0.96004 1.26898 -0.341131 0.716014 0.560212 -0.222707 0.556092 0.710495 -0.432966 -0.506893 0.477324 -0.44201 0.118323
SSB
 1.66468e+06 1.14598e+06 541257 312875 329716 408022 546675 269831 255015 157556 99528.4 226530 244831 197763 118982 156567 591388 514254 1.23997e+06 841686 875222 1.06539e+06 1.01741e+06 806271 1.16373e+06 958759 790223 851415 1.26768e+06 845312 545369 976247 617390
BT
 2.45633e+06 1.69162e+06 836796 794907 672291 1.36029e+06 942037 635858 572276 416666 415196 681991 730080 745686 620136 1.27043e+06 1.03288e+06 3.05263e+06 2.7525e+06 1.76632e+06 2.7843e+06 2.54499e+06 1.73429e+06 2.92551e+06 2.07702e+06 1.79761e+06 2.55131e+06 2.45525e+06 1.79408e+06 1.45966e+06 1.69457e+06 1.67987e+06 1.51528e+06
Ftot
 0.261332 0.46831 0.461747 0.772412 0.247173 0.475868 1.03623 0.184535 0.751734 1.06515 0.239386 0.873329 0.796888 1.44374 1.09476 0.912303 0.463082 0.520295 0.635634 0.616341 0.500583 0.632697 0.340033 0.353137 0.316696 0.246599 0.343276 0.289494 0.215973 0.311468 0.416366 0.164381 0.403497
BD_Bspro_t
 0.959049 0.74729 0.527343 0.435666 0.427587 0.531004 0.520938 0.31774 0.382247 0.316409 0.28144 0.548732 0.432214 0.3351 0.226169 0.277175 0.475643 0.429023 0.575205 0.452219 0.41725 0.462818 0.485273 0.466662 0.587982 0.5998 0.606264 0.648169 0.716711 0.63503 0.565929 0.666156 0.65777
BD_Bspro
 1.76908 1.21785 0.575202 0.332497 0.350394 0.433611 0.58096 0.286754 0.271009 0.167437 0.10577 0.240736 0.260185 0.210166 0.126444 0.166386 0.628476 0.546505 1.31774 0.894473 0.930111 1.1322 1.08122 0.856836 1.23671 1.01889 0.839782 0.904811 1.34718 0.898326 0.579572 1.03747 0.65611
BD_Bo
 2.41124 1.65991 0.783995 0.453191 0.477584 0.591008 0.791843 0.390843 0.369382 0.228215 0.144164 0.328122 0.35463 0.286454 0.172342 0.226782 0.856608 0.744882 1.79607 1.21916 1.26773 1.54318 1.47369 1.16786 1.68563 1.38873 1.14462 1.23325 1.83619 1.22441 0.789951 1.41407 0.894272
BD_Brms
 2.58299 1.77814 0.839838 0.485471 0.511602 0.633105 0.848244 0.418682 0.395693 0.24447 0.154433 0.351493 0.37989 0.306858 0.184618 0.242936 0.917623 0.797939 1.924 1.306 1.35803 1.6531 1.57866 1.25105 1.8057 1.48765 1.22614 1.32109 1.96698 1.31162 0.846218 1.51479 0.95797
Sel_flota
 0.46623 1 1 1 1
 0.46623 1 1 1 1
 0.46623 1 1 1 1
 0.46623 1 1 1 1
 0.46623 1 1 1 1
 0.46623 1 1 1 1
 0.46623 1 1 1 1
 0.46623 1 1 1 1
 0.46623 1 1 1 1
 0.46623 1 1 1 1
 0.46623 1 1 1 1
 0.46623 1 1 1 1
 0.46623 1 1 1 1
 0.46623 1 1 1 1
 0.46623 1 1 1 1
 0.46623 1 1 1 1
 0.46623 1 1 1 1
 0.46623 1 1 1 1
 0.46623 1 1 1 1
 0.46623 1 1 1 1
 0.46623 1 1 1 1
 0.46623 1 1 1 1
 0.46623 1 1 1 1
 0.46623 1 1 1 1
 0.46623 1 1 1 1
 0.46623 1 1 1 1
 0.46623 1 1 1 1
 0.46623 1 1 1 1
 0.46623 1 1 1 1
 0.46623 1 1 1 1
 0.46623 1 1 1 1
 0.46623 1 1 1 1
 0.46623 1 1 1 1
Sel_reclas
 1 1 1 1 1
 1 1 1 1 1
 1 1 1 1 1
 1 1 1 1 1
 1 1 1 1 1
 1 1 1 1 1
 1 1 1 1 1
 1 1 1 1 1
 1 1 1 1 1
 1 1 1 1 1
 1 1 1 1 1
 1 1 1 1 1
 1 1 1 1 1
 1 1 1 1 1
 1 1 1 1 1
 1 1 1 1 1
 1 1 1 1 1
 1 1 1 1 1
 1 1 1 1 1
 1 1 1 1 1
 1 1 1 1 1
 1 1 1 1 1
 1 1 1 1 1
 1 1 1 1 1
 1 1 1 1 1
 1 1 1 1 1
 1 1 1 1 1
 1 1 1 1 1
 1 1 1 1 1
 1 1 1 1 1
 1 1 1 1 1
 1 1 1 1 1
 1 1 1 1 1
Sel_pelaces
 0.937498 1 1 1 1
 0.937498 1 1 1 1
 0.937498 1 1 1 1
 0.937498 1 1 1 1
 0.937498 1 1 1 1
 0.937498 1 1 1 1
 0.937498 1 1 1 1
 0.937498 1 1 1 1
 0.937498 1 1 1 1
 0.937498 1 1 1 1
 0.937498 1 1 1 1
 0.937498 1 1 1 1
 0.937498 1 1 1 1
 0.937498 1 1 1 1
 0.937498 1 1 1 1
 0.937498 1 1 1 1
 0.937498 1 1 1 1
 0.937498 1 1 1 1
 0.937498 1 1 1 1
 0.937498 1 1 1 1
 0.937498 1 1 1 1
 0.937498 1 1 1 1
 0.937498 1 1 1 1
 0.937498 1 1 1 1
 0.937498 1 1 1 1
 0.937498 1 1 1 1
 0.937498 1 1 1 1
 0.937498 1 1 1 1
 0.937498 1 1 1 1
 0.937498 1 1 1 1
 0.937498 1 1 1 1
 0.937498 1 1 1 1
 0.937498 1 1 1 1
pf_obs 
 0.8446 0.082 0.0669 0.0065 0
 0.8095 0.147 0.0364 0.0071 0
 0.9664 0.0169 0.016 0.0007 0
 0.9276 0.0648 0.0075 0.0001 0
 0.7033 0.2144 0.0806 0.0017 0
 0.9318 0.0425 0.0243 0.0014 0
 0.5671 0.3108 0.0964 0.0239 0.0018
 0.0768 0.2599 0.5324 0.112 0.0189
 0.490249 0.384438 0.106611 0.0170017 0.00170017
 0.7925 0.1577 0.0466 0.003 0.0002
 0.840416 0.127587 0.0312969 0.00059994 9.999e-05
 0.8084 0.0986 0.0794 0.0134 0.0002
 0.7335 0.1905 0.0724 0.0035 0.0001
 0.4001 0.4547 0.1325 0.0127 0
 0.49795 0.308269 0.164784 0.0264974 0.00249975
 0.9179 0.0499 0.0305 0.0017 0
 0.2467 0.6533 0.0926 0.0074 0
 0.9418 0.0223 0.034 0.0019 0
 0.707729 0.231977 0.0356964 0.0245975 0
 0.517169 0.277429 0.184464 0.0207286 0.00020938
 0.811772 0.124168 0.05621 0.00726502 0.000585176
 0.764997 0.148141 0.077277 0.00933861 0.000247198
 0.163321 0.427699 0.378323 0.0303852 0.000271297
 0.753843 0.0900009 0.118128 0.0371064 0.000921714
 0.721811 0.176058 0.0630433 0.0369309 0.00215725
 0.143369 0.312575 0.442814 0.0836902 0.0175525
 0.692698 0.0596174 0.167031 0.0765114 0.00414204
 0.394062 0.376323 0.152708 0.0712218 0.00568511
 0.125707 0.32114 0.495352 0.0537591 0.00404204
 0.23352 0.215282 0.420074 0.123614 0.00750983
 0.796117 0.104755 0.0508955 0.0450114 0.00322123
 0.162477 0.292055 0.404252 0.121198 0.0200186
 0 0 0 0 0
pf_pred 
 0.440684 0.152806 0.378986 0.0275229 1.08054e-06
 0.328164 0.434998 0.0647042 0.160478 0.0116548
 0.522007 0.262667 0.139419 0.020738 0.0551694
 0.63206 0.269065 0.054334 0.0288396 0.0157019
 0.582697 0.344959 0.0529036 0.0106832 0.00875774
 0.680766 0.243944 0.0622378 0.0095449 0.00350754
 0.376213 0.525386 0.0751932 0.0191842 0.00402328
 0.393742 0.392972 0.179641 0.0257102 0.00793512
 0.48387 0.307739 0.135077 0.0617483 0.011565
 0.681584 0.229553 0.0529844 0.0232566 0.0126226
 0.784707 0.187001 0.0203961 0.00470774 0.00318791
 0.685097 0.281531 0.0289869 0.00316158 0.0012239
 0.621387 0.326474 0.0466137 0.00479943 0.000726113
 0.576821 0.347551 0.0652126 0.009311 0.00110372
 0.705042 0.244647 0.0413197 0.00775301 0.00123819
 0.920576 0.0700389 0.00778417 0.00131471 0.000286081
 0.290668 0.688969 0.0179569 0.00199574 0.000410418
 0.881401 0.0599317 0.0569836 0.00148519 0.00019901
 0.479639 0.4942 0.0132197 0.0125694 0.0003715
 0.526733 0.335617 0.130731 0.00349701 0.00342326
 0.655486 0.256724 0.062256 0.0242502 0.00128369
 0.672437 0.271125 0.0420563 0.0101987 0.00418293
 0.235941 0.645132 0.0984366 0.0152693 0.0052215
 0.661862 0.143664 0.164204 0.0250548 0.00521545
 0.530104 0.387501 0.0350069 0.0400119 0.00737602
 0.340183 0.480425 0.147937 0.0133646 0.0180914
 0.644756 0.193483 0.117781 0.0362683 0.00771177
 0.600207 0.325018 0.0407264 0.0247919 0.00925741
 0.274064 0.565761 0.130217 0.0163169 0.0136417
 0.392523 0.282134 0.253557 0.0583593 0.0134265
 0.721385 0.168545 0.0511205 0.0459427 0.013007
 0.354662 0.557582 0.053087 0.0161015 0.0185675
 0.591012 0.226531 0.157646 0.0150093 0.00980202
pobs_RECLAS
 0 0 0 0 0
 0 0 0 0 0
 0 0 0 0 0
 0 0 0 0 0
 0 0 0 0 0
 0 0 0 0 0
 0 0 0 0 0
 0 0 0 0 0
 0 0 0 0 0
 0 0 0 0 0
 0.991045 0.00858322 0.000360255 1.14367e-05 0
 0.934742 0.0480273 0.0164251 0.00080598 0
 0.827803 0.169806 0.00239088 0 0
 0.941827 0.0461693 0.0120037 0 0
 0.791401 0.0380133 0.147996 0.0225897 0
 0.846168 0.0940531 0.0597789 0 0
 0.134021 0.677848 0.182769 0.00536245 0
 0.80878 0.0450904 0.141981 0.00414843 0
 0.846168 0.0940531 0.0597789 0 0
 0.905697 0.0802665 0.012482 0.00150086 5.37128e-05
 0.989698 0.0102097 9.19794e-05 0 0
 0.975433 0.0193895 0.00387452 0.00125025 5.28907e-05
 0.303575 0.632131 0.0575291 0.00676475 0
 0.966965 0.00978017 0.0227588 0.000495775 0
 0.843318 0.132988 0.00938335 0.0141283 0.000182051
 0.564624 0.303363 0.111486 0.0197234 0.00080311
 0.826376 0.0876187 0.0782897 0.00655872 0.00115652
 0.89761 0.0855135 0.0140674 0.00269457 0.000114338
 0.34875 0.467042 0.161289 0.0227151 0.000203297
 0.318654 0.224769 0.449479 0.00709798 0
 0.937255 0.0296025 0.0250945 0.00804832 0
 0.456809 0.399803 0.12412 0.0192676 0
 0.883104 0.0372192 0.0704036 0.00927362 0
ppred_RECLAS
 0.631399 0.100702 0.24976 0.0181382 7.12099e-07
 0.518428 0.311807 0.04638 0.115031 0.00835415
 0.706378 0.161351 0.0856424 0.012739 0.0338895
 0.795083 0.14985 0.0302602 0.0160616 0.00874483
 0.752059 0.204958 0.0314327 0.00634741 0.00520342
 0.824637 0.134004 0.0341887 0.00524325 0.00192678
 0.582866 0.351332 0.0502827 0.0128287 0.00269042
 0.584334 0.269432 0.123166 0.0176276 0.00544052
 0.678831 0.191495 0.0840537 0.0384238 0.00719647
 0.832615 0.120671 0.0278528 0.0122255 0.00663543
 0.887816 0.0974419 0.0106279 0.00245309 0.00166115
 0.832208 0.15001 0.0154453 0.00168461 0.00065214
 0.787917 0.182877 0.026111 0.00268843 0.000406737
 0.767863 0.190651 0.0357728 0.0051076 0.000605451
 0.847841 0.126205 0.0213155 0.00399952 0.000638739
 0.963666 0.0320406 0.00356101 0.000601437 0.000130873
 0.474454 0.510459 0.0133043 0.00147865 0.00030408
 0.942666 0.0289723 0.0275471 0.000717973 9.62057e-05
 0.672961 0.310598 0.0083084 0.0078997 0.000233482
 0.712706 0.203734 0.0793591 0.00212284 0.00207807
 0.80781 0.143216 0.0347301 0.0135282 0.000716119
 0.820845 0.148287 0.0230019 0.005578 0.00228778
 0.402858 0.504196 0.076932 0.0119335 0.00408081
 0.810605 0.0804677 0.0919722 0.0140334 0.00292123
 0.711067 0.23827 0.0215253 0.0246028 0.00453543
 0.528283 0.343465 0.105763 0.00955465 0.0129339
 0.798633 0.109674 0.0667633 0.0205584 0.00437136
 0.765781 0.190411 0.0238596 0.0145243 0.00542345
 0.450131 0.428542 0.0986342 0.0123594 0.0103331
 0.584909 0.192783 0.173257 0.0398771 0.0091744
 0.850423 0.0904846 0.0274444 0.0246646 0.00698292
 0.543017 0.39484 0.0375925 0.011402 0.0131482
 0.760214 0.132813 0.0924262 0.00879984 0.00574683
pobs_PELACES
 0 0 0 0 0
 0 0 0 0 0
 0 0 0 0 0
 0 0 0 0 0
 0 0 0 0 0
 0 0 0 0 0
 0 0 0 0 0
 0 0 0 0 0
 0 0 0 0 0
 0 0 0 0 0
 0 0 0 0 0
 0 0 0 0 0
 0 0 0 0 0
 0 0 0 0 0
 0 0 0 0 0
 0 0 0 0 0
 0.505614 0.472636 0.0217494 0 0
 0 0 0 0 0
 0.443492 0.261883 0.143347 0.151278 0
 0.227955 0.32914 0.350689 0.0885471 0.00366901
 0.970185 0.0296113 0.000203453 0 0
 0.997202 0.00247181 0.000326279 0 0
 0.445219 0.490057 0.0546422 0.010081 0
 0.90214 0.0892962 0.00764917 0.000914606 0
 0 0 0 0 0
 0.581667 0.319106 0.0959925 0.00289975 0.000334073
 0.762889 0.0836404 0.116647 0.0363945 0.000428098
 0.88444 0.0763242 0.0277011 0.0115352 0
 0.521256 0.241999 0.230069 0.00667565 0
 0.616807 0.101726 0.260614 0.0208532 0
 0.833518 0.0704572 0.0857862 0.0102388 0
 0.697417 0.212968 0.0787535 0.0105354 0.000325836
 0 0 0 0 0
ppred_PELACES
 0.627081 0.101882 0.252686 0.0183507 7.20441e-07
 0.522908 0.308907 0.0459486 0.113961 0.00827644
 0.709849 0.159444 0.08463 0.0125884 0.0334889
 0.806489 0.141509 0.0285759 0.0151676 0.00825808
 0.748122 0.208212 0.0319318 0.0064482 0.00528605
 0.827408 0.131887 0.0336486 0.00516041 0.00189634
 0.611242 0.327433 0.0468622 0.011956 0.0025074
 0.576532 0.274489 0.125478 0.0179584 0.00554263
 0.693445 0.182782 0.0802289 0.0366753 0.006869
 0.849073 0.108806 0.0251141 0.0110234 0.00598299
 0.885568 0.0993944 0.0108409 0.00250224 0.00169443
 0.844309 0.139191 0.0143314 0.00156311 0.000605107
 0.800312 0.172189 0.024585 0.00253132 0.000382967
 0.799961 0.16429 0.0308265 0.00440137 0.000521735
 0.863664 0.113081 0.0190989 0.0035836 0.000572316
 0.966887 0.0292004 0.00324535 0.000548125 0.000119272
 0.478701 0.506334 0.0131968 0.0014667 0.000301622
 0.944114 0.0282408 0.0268516 0.000699846 9.37767e-05
 0.683311 0.300768 0.00804546 0.00764969 0.000226093
 0.721635 0.197402 0.0768926 0.00205686 0.00201348
 0.811452 0.140502 0.0340719 0.0132718 0.000702547
 0.82764 0.142663 0.0221296 0.00536646 0.00220102
 0.401741 0.505139 0.0770759 0.0119558 0.00408844
 0.810246 0.0806203 0.0921466 0.0140601 0.00292677
 0.709264 0.239756 0.0216596 0.0247563 0.00456372
 0.523021 0.347296 0.106943 0.00966124 0.0130781
 0.797977 0.110032 0.0669808 0.0206254 0.0043856
 0.763342 0.192394 0.024108 0.0146756 0.00547992
 0.443582 0.433647 0.099809 0.0125066 0.0104561
 0.582558 0.193875 0.174238 0.040103 0.00922637
 0.851539 0.0898096 0.0272396 0.0244806 0.00693083
 0.534174 0.402481 0.03832 0.0116226 0.0134027
 0.761403 0.132154 0.091968 0.00875622 0.00571834
pobs_pel_tallas
 0 0 0 0 0 0 0 0 0 0 0 0 0 0 0 0 0 0 0 0 0 0 0 0 0 0
 0 0 0 0 0 0 0 0 0 0 0 0 0 0 0 0 0 0 0 0 0 0 0 0 0 0
 0 0 0 0 0 0 0 0 0 0 0 0 0 0 0 0 0 0 0 0 0 0 0 0 0 0
 0 0 0 0 0 0 0 0 0 0 0 0 0 0 0 0 0 0 0 0 0 0 0 0 0 0
 0 0 0 0 0 0 0 0 0 0 0 0 0 0 0 0 0 0 0 0 0 0 0 0 0 0
 0 0 0 0 0 0 0 0 0 0 0 0 0 0 0 0 0 0 0 0 0 0 0 0 0 0
 0 0 0 0 0 0 0 0 0 0 0 0 0 0 0 0 0 0 0 0 0 0 0 0 0 0
 0 0 0 0 0 0 0 0 0 0 0 0 0 0 0 0 0 0 0 0 0 0 0 0 0 0
 0 0 0 0 0 0 0 0 0 0 0 0 0 0 0 0 0 0 0 0 0 0 0 0 0 0
 0 0 0 0 0 0 0 0 0 0 0 0 0 0 0 0 0 0 0 0 0 0 0 0 0 0
 0 0 0 0 0 0 0 0 0 0 0 0 0 0 0 0 0 0 0 0 0 0 0 0 0 0
 0 0 0 0 0 0 0 0 0 0 0 0 0 0 0 0 0 0 0 0 0 0 0 0 0 0
 0.00862536 0 0 0.000197151 0.00414017 0.0128641 0.00837892 0.0270097 0.101434 0.158115 0.152841 0.127902 0.109271 0.109419 0.0830992 0.0579132 0.0238553 0.00714673 0.00463305 0.00128148 0.00103504 0.000492878 0.000147863 0.000147863 4.92878e-05 0
 0 0 0 0 0 0 0 0 0 0 0 0 0 0 0 0 0 0 0 0 0 0 0 0 0 0
 0 0 0 0 0 0 0 0.0054083 0.00873648 0.0413646 0.0450493 0.0745869 0.0622846 0.0627006 0.0613931 0.0827291 0.12552 0.122667 0.0946155 0.0697135 0.0546179 0.0294188 0.0215738 0.0213955 0.0102223 0.00600262
 0 0 0 0 0.00359764 0.0251062 0.0480494 0.140153 0.205849 0.193036 0.1447 0.116669 0.0760912 0.0342217 0.00950174 0.001854 0.000860785 0 0 0 0.000165536 0 0.000143464 0 0 0
 0 0 0 0 0 0 0 0.000145254 0.000435761 0.0275982 0.070085 0.0708112 0.156366 0.174668 0.174014 0.160142 0.0824315 0.0480064 0.0283245 0.00493863 0.00203355 0 0 0 0 0
 0 0 0 0 0 0 0 0 0 0 0 0 0 0 0 0 0 0 0 0 0 0 0 0 0 0
 0 0 1.00437e-05 0.000401748 0.00122533 0.00171747 0.00176769 0.0269171 0.070346 0.194647 0.189555 0.159765 0.064822 0.0314167 0.0384472 0.0292271 0.0345202 0.0313363 0.0194345 0.0106764 0.0143323 0.0359363 0.0279516 0.0138201 0.00172751 0
 0 0.0021121 0.0136068 0.0755702 0.200478 0.177729 0.0527432 0.0373336 0.0318909 0.0142505 0.0149659 0.0166563 0.0217959 0.0798694 0.0677717 0.0528807 0.04013 0.0224614 0.0357745 0.0225083 0.00881397 0.00855152 0.00135912 0.000746735 0 0
 0 0 0 0 5.4009e-05 0.00500934 0.000945158 0.0243581 0.138947 0.33067 0.221406 0.137944 0.0707744 0.0437923 0.0131692 0.00525238 0.0047753 0.00276346 9.45158e-05 9.00151e-06 2.25038e-05 9.00151e-06 4.50075e-06 0 0 0
 0.000866109 0.00284123 0.00948549 0.0512746 0.133035 0.25785 0.225252 0.132002 0.0553304 0.0519788 0.0540692 0.017754 0.00435017 0.00159236 0.00146478 0.000404838 0.000125132 0.000115318 0.000107957 0.000100596 0 0 0 0 0 0
 0 0 0 0 0.00144013 0.00171154 0.00461396 0.0210425 0.0478622 0.0707936 0.0888783 0.103762 0.0637923 0.0337046 0.0602308 0.124433 0.169614 0.0934646 0.0462172 0.0250306 0.0313229 0.00938855 0.002487 0.000210481 0 0
 0 0.00764035 0.051015 0.0998891 0.058973 0.0496711 0.0374665 0.0718981 0.12319 0.153886 0.159021 0.0857701 0.0377988 0.023471 0.0147837 0.00900784 0.00315554 0.000888139 0.00291439 0.00214683 0.00393193 0.00274676 0.000635225 9.99891e-05 0 0
 0 0 0 0 0 0 0 0 0 0 0 0 0 0 0 0 0 0 0 0 0 0 0 0 0 0
 0 0 0 0 0 0 0 0 0 0 0 0 0 0 0 0 0 0 0 0 0 0 0 0 0 0
 0 0 0 0 0 0 0 0 0 0 0 0 0 0 0 0 0 0 0 0 0 0 0 0 0 0
 0 0 0 0 0 0 0 0 0 0 0 0 0 0 0 0 0 0 0 0 0 0 0 0 0 0
 0 0 0 0 0 0 0 0 0 0 0 0 0 0 0 0 0 0 0 0 0 0 0 0 0 0
 0 0 0 0 0 0 0 0 0 0 0 0 0 0 0 0 0 0 0 0 0 0 0 0 0 0
 0 0 0 0 0 0 0 0 0 0 0 0 0 0 0 0 0 0 0 0 0 0 0 0 0 0
 0 0 0 0 0 0 0 0 0 0 0 0 0 0 0 0 0 0 0 0 0 0 0 0 0 0
 0 0 0 0 0 0 0 0 0 0 0 0 0 0 0 0 0 0 0 0 0 0 0 0 0 0
ppred_pel_tallas
 1.09159e-16 5.16519e-05 0.000502075 0.00333646 0.0151671 0.0471905 0.100545 0.14675 0.14676 0.100595 0.0473594 0.0156596 0.00459074 0.0032993 0.005537 0.00952204 0.0147573 0.0207299 0.0268713 0.0327925 0.038282 0.0430028 0.0462232 0.0469591 0.0445151 0.0390014
 1.14235e-16 4.30713e-05 0.000418668 0.0027822 0.0126475 0.0393512 0.083843 0.122378 0.122407 0.0839887 0.0398406 0.0140616 0.0063345 0.0081826 0.0148173 0.0245104 0.0355156 0.0451533 0.0507724 0.0512825 0.0478518 0.0431009 0.0394149 0.0376732 0.0371697 0.0364595
 1.09413e-16 5.84694e-05 0.000568343 0.00377684 0.017169 0.0534191 0.113816 0.166121 0.166136 0.113891 0.0536735 0.0179049 0.00562937 0.00462975 0.00782308 0.012976 0.0190076 0.0245854 0.0283915 0.0298358 0.0293752 0.0281065 0.0269754 0.026245 0.0255501 0.0243355
 1.0378e-16 6.64295e-05 0.000645718 0.00429102 0.0195064 0.0606917 0.129311 0.188735 0.188749 0.129377 0.0609158 0.0201541 0.00591781 0.00420028 0.00682708 0.0112082 0.0162045 0.0205204 0.0228885 0.0227414 0.0205468 0.0174732 0.0146578 0.0126501 0.011357 0.0103638
 1.02516e-16 6.16218e-05 0.000598986 0.00398047 0.0180947 0.0562993 0.119952 0.175078 0.175098 0.120051 0.0566287 0.019046 0.00636862 0.00581305 0.00996625 0.0163844 0.0236101 0.0297194 0.0327936 0.031948 0.0278518 0.0222611 0.016957 0.0129155 0.0101905 0.00833139
 1.01844e-16 6.81525e-05 0.000662466 0.00440232 0.0200123 0.0622659 0.132664 0.19363 0.193643 0.132727 0.0624749 0.0206164 0.00591984 0.00397895 0.00637771 0.0104642 0.0151337 0.0191682 0.0213701 0.0211787 0.0189845 0.0158299 0.0127516 0.010288 0.00843918 0.00694843
 1.0306e-16 5.03472e-05 0.000489393 0.00325219 0.014784 0.0459987 0.0980062 0.14305 0.143081 0.0981605 0.0465165 0.0162796 0.00700642 0.00868509 0.015616 0.0257381 0.0370747 0.0466281 0.0513723 0.0499067 0.0432798 0.0342598 0.0256652 0.0190585 0.014557 0.0114841
 1.06431e-16 4.74883e-05 0.000461603 0.00306751 0.0139445 0.0433866 0.0924408 0.134926 0.134952 0.0925708 0.0438236 0.0152082 0.00624633 0.00742293 0.0133326 0.0221339 0.0322706 0.0413952 0.0471176 0.0482946 0.0456243 0.0410005 0.0361965 0.0319642 0.0280928 0.024079
 1.07203e-16 5.71182e-05 0.000555209 0.00368956 0.0167722 0.0521847 0.111186 0.162282 0.1623 0.111272 0.0524758 0.0176141 0.00580762 0.00519491 0.00891607 0.0147748 0.0215747 0.0277621 0.0317905 0.0329578 0.0317851 0.0295577 0.0274152 0.0257315 0.0241684 0.0221741
 1.02871e-16 6.99371e-05 0.000679813 0.0045176 0.0205364 0.0638963 0.136138 0.1987 0.19871 0.13619 0.0640687 0.0210347 0.00576946 0.00341586 0.00527581 0.00863702 0.012497 0.0158489 0.0177199 0.0176716 0.0160545 0.0137504 0.0116146 0.0100558 0.00900157 0.00814634
 1.00877e-16 7.29431e-05 0.000709033 0.00471177 0.021419 0.0666426 0.14199 0.20724 0.207249 0.142036 0.0667997 0.0218726 0.00585013 0.00319327 0.00478859 0.00779484 0.0112072 0.0140628 0.0154344 0.0148958 0.012774 0.00992779 0.007238 0.00520204 0.0038669 0.00302128
 1.00709e-16 6.95446e-05 0.000675999 0.00449225 0.0204211 0.0635378 0.135374 0.197586 0.197599 0.13544 0.0637577 0.0210562 0.00608582 0.0041532 0.00666865 0.010902 0.0156681 0.0196388 0.0215094 0.0206753 0.0175887 0.0134532 0.00951282 0.00648539 0.00446496 0.00318406
 1.01073e-16 6.59206e-05 0.000640772 0.00425816 0.019357 0.0602268 0.12832 0.187291 0.187307 0.128401 0.0604991 0.0201433 0.00623199 0.00494941 0.00824792 0.0135285 0.0194749 0.024473 0.0269205 0.0260707 0.0224665 0.0175621 0.0128496 0.0091747 0.00663354 0.00490625
 1.01462e-16 6.58917e-05 0.000640491 0.00425629 0.0193485 0.0602004 0.128264 0.187208 0.187224 0.128341 0.0604604 0.0200997 0.00614239 0.00475958 0.00789372 0.0129583 0.0186892 0.0235602 0.0260572 0.0254725 0.0223109 0.0179228 0.0136784 0.01033 0.00793388 0.00618197
 1.01037e-16 7.11389e-05 0.000691495 0.00459523 0.0208893 0.0649943 0.138478 0.202114 0.202125 0.138531 0.0651732 0.0214061 0.00589275 0.0035247 0.00545398 0.00890923 0.0128392 0.0161699 0.0178557 0.0174112 0.01519 0.0121329 0.0091954 0.00690407 0.00529773 0.00415451
 1.00177e-16 7.96412e-05 0.000774141 0.00514444 0.0233859 0.0727621 0.155028 0.226268 0.226271 0.155041 0.0728083 0.0235191 0.00547885 0.00150391 0.00146485 0.00229359 0.00329137 0.0041283 0.00452747 0.00436234 0.00372749 0.00287427 0.00206152 0.00143722 0.00101887 0.00074922
 1.00709e-16 3.94301e-05 0.000383275 0.002547 0.0115783 0.0360247 0.0767562 0.112038 0.112087 0.0769941 0.0368233 0.0138839 0.00832955 0.0129909 0.0239374 0.0393895 0.0564527 0.0703885 0.0763953 0.072259 0.0597034 0.0432996 0.0278409 0.0161948 0.00885021 0.00481308
 1.00869e-16 7.77654e-05 0.000755908 0.00502327 0.0228351 0.0710484 0.151376 0.220939 0.220941 0.15139 0.0710938 0.0229666 0.00535516 0.00148595 0.00148039 0.00236619 0.00349797 0.00459913 0.0054369 0.00589094 0.00599723 0.00587951 0.00563119 0.00525591 0.00470701 0.0039701
 1.01115e-16 5.62835e-05 0.000547095 0.00363564 0.0165271 0.0514222 0.109561 0.159914 0.159943 0.109703 0.0518966 0.0178969 0.00707125 0.00803833 0.0142579 0.0234154 0.0335693 0.0418882 0.0455309 0.0431964 0.0359195 0.026415 0.0175116 0.0108736 0.00673977 0.00446942
 1.02817e-16 5.94402e-05 0.00057778 0.00383955 0.0174541 0.0543061 0.115706 0.16888 0.168899 0.115799 0.0546198 0.0183611 0.00611976 0.00556705 0.00956861 0.0158118 0.0229724 0.0293014 0.0330354 0.0333237 0.0306771 0.0265201 0.0222442 0.0185338 0.0153672 0.0124563
 1.0247e-16 6.68383e-05 0.000649692 0.00431743 0.0196264 0.0610652 0.130106 0.189897 0.18991 0.130173 0.0612879 0.02027 0.00593408 0.00418298 0.00678936 0.0111505 0.016132 0.020447 0.0228293 0.022695 0.0204739 0.0172832 0.0142196 0.011828 0.0100631 0.00860265
 1.01586e-16 6.81716e-05 0.000662652 0.00440356 0.0200179 0.0622833 0.132702 0.193685 0.193699 0.132769 0.062509 0.0206698 0.00603997 0.00423552 0.00685537 0.0112298 0.0161807 0.0203693 0.0224791 0.0219028 0.0190961 0.0152586 0.0116066 0.0088065 0.00689667 0.00557437
 1.04245e-16 3.3091e-05 0.000321656 0.00213752 0.00971688 0.0302331 0.0644166 0.0940281 0.0940768 0.0646545 0.031032 0.0120245 0.00793037 0.0129684 0.0240542 0.0397204 0.0572286 0.0719899 0.0793341 0.0770878 0.066847 0.0528585 0.0394553 0.029055 0.0218737 0.0169219
 1.04586e-16 6.67389e-05 0.000648726 0.00431101 0.0195972 0.0609743 0.129913 0.189613 0.189621 0.129951 0.0611045 0.0199749 0.00526525 0.00275251 0.00412283 0.00686854 0.0102572 0.0136701 0.0165016 0.0184414 0.0195823 0.0202053 0.0204437 0.0201429 0.0190206 0.0169508
 1.03942e-16 5.84212e-05 0.000567875 0.00377373 0.0171548 0.0533752 0.113722 0.165986 0.166009 0.113835 0.0537541 0.018249 0.00651982 0.0065611 0.0114366 0.0188053 0.0270658 0.0340071 0.0374279 0.0363418 0.0315791 0.0252367 0.0194209 0.0152532 0.0127143 0.0111445
 1.06358e-16 4.30806e-05 0.000418759 0.0027828 0.0126502 0.0393598 0.0838614 0.122405 0.122439 0.0840255 0.0399109 0.0142431 0.00678546 0.00917099 0.0167073 0.0276623 0.0401003 0.0509601 0.0571289 0.0571424 0.0519994 0.0443669 0.0368639 0.0307977 0.0260975 0.0220773
 1.04772e-16 6.57283e-05 0.000638902 0.00424573 0.0193005 0.060051 0.127945 0.186742 0.186753 0.127998 0.0602268 0.0198094 0.0055273 0.00345064 0.00544714 0.00901006 0.0132289 0.0171755 0.0199422 0.0211049 0.0209317 0.0201028 0.0191846 0.0183001 0.0172059 0.0156114
 1.03145e-16 6.28755e-05 0.000611173 0.00406146 0.0184628 0.0574448 0.122393 0.17864 0.178658 0.122483 0.057749 0.0193415 0.00626709 0.00542618 0.00920796 0.0151251 0.021789 0.0274195 0.0302527 0.0294905 0.0257795 0.0207715 0.0161254 0.0127249 0.0105644 0.00914829
 1.06015e-16 3.65373e-05 0.000355156 0.00236014 0.0107289 0.0333817 0.0711248 0.103818 0.103859 0.0713294 0.0340687 0.0127139 0.0073457 0.0112482 0.0207522 0.0343223 0.0496075 0.0627328 0.0697538 0.0688275 0.0612662 0.0505591 0.040198 0.032028 0.0260841 0.0214985
 1.10661e-16 4.79845e-05 0.000466427 0.00309957 0.0140902 0.04384 0.0934064 0.136333 0.136352 0.093499 0.0441516 0.0149933 0.00537815 0.0054794 0.00968266 0.0162305 0.0240765 0.0317474 0.03774 0.0413232 0.0428467 0.0432294 0.0430883 0.0422866 0.0402089 0.0364023
 1.04438e-16 7.01402e-05 0.000681788 0.00453072 0.020596 0.0640818 0.136533 0.199276 0.199285 0.136576 0.0642245 0.0210085 0.00556788 0.00295151 0.0043976 0.00720459 0.0104821 0.0134235 0.0152664 0.0156866 0.0149881 0.0138709 0.0129585 0.0124593 0.0121675 0.0117113
 1.04643e-16 4.39993e-05 0.000427689 0.00284214 0.01292 0.0401991 0.0856499 0.125017 0.125055 0.0858393 0.040835 0.0147563 0.00745025 0.010483 0.0191288 0.0315231 0.0453349 0.0568655 0.06238 0.0601721 0.0515968 0.0401726 0.0294985 0.0215931 0.0166078 0.0136083
 1.04534e-16 6.27158e-05 0.00060962 0.00405114 0.0184159 0.0572988 0.122082 0.178184 0.178197 0.122144 0.0575101 0.0190279 0.00559302 0.00399396 0.00654409 0.0108599 0.0159652 0.020758 0.0241371 0.0255614 0.0253004 0.024113 0.0226442 0.0210615 0.0191598 0.016725
pSPR Fmed_Fpbrs
1   0.983508 0.6 0.325 0.983508 0.983508 0.983508
Fs Fmed_Fpbrs
0   0.01 0.350794 0.909083 0.01 0.01 0.01
SSBpbr Bo_Bmed_Bpbrs
690383  655864  644478 379711 189855 644478 644478 644478
Ro
130614
SPR SPRFo_SPRFmed_SPRFpbrs
940986 940986 925467
Fref
0
Nvult_r0
 102209 21576 15015 1429.57 933.598
CTP_r0
 16183.4 6202.97 4316.73 410.993 268.404
YTP_r0
356502
Np
 147020 54085.6 19897 7319.69 3683.37
Nvult_p0
 92934.3 34188.6 12577.3 4626.92 2328.34
CTP_p0
 0 0 0 0 0
 0 0 0 0 0
 0 0 0 0 0
 0 0 0 0 0
 0 0 0 0 0
 0 0 0 0 0
YTP_p0
 0 0 0 0 0 0
CBA_c0
0
log_Ro
11.6
likeval ReclasPelacesDesembMPH_pf_preclas_ppelaces_ptallas_desvR_qrecl_qpela
 13.4242 17.2761 0.024652 0.00123225 234.671 134.406 110.217 0 23.5784 6.25708e-06 1.87521e-05 0.112503 2067.06 0 0
q_reclas_q_pelaces
1.4244 1.84487
M
1
N
 174747 29883.7 74117 5382.56 0.211318
 83506.9 56911.5 8465.35 20995.6 1524.81
 95576.2 24694.7 13107.5 1949.69 5186.77
 122402 28350.5 5724.99 3038.73 1654.45
 107903 31411.9 4817.39 972.806 797.478
 191724 35374.5 9025.14 1384.11 508.631
 71084.3 56497.4 8085.91 2062.97 432.644
 33303.2 16131 7374.04 1055.37 325.727
 32606.1 11241.6 4934.3 2255.64 422.463
 43870.8 8448.75 1950.11 855.967 464.577
 83953.7 9822.2 1071.3 247.273 167.445
 121384 27623.2 2844.14 310.208 120.086
 103512 29718.9 4243.24 436.892 66.0981
 71952.7 26262.9 4927.82 703.59 83.4029
 67728.3 13502.8 2280.55 427.911 68.3391
 352607 14955.7 1662.19 280.735 61.0881
 69635.6 84775.9 2209.55 245.571 50.5009
 584575 20642.9 19627.5 511.559 68.547
 308541 168731 4513.52 4291.49 126.839
 250452 84394.6 32873.7 879.363 860.818
 341137 69124.6 16762.8 6529.51 345.642
 464623 99374.8 15414.8 3738.11 1533.16
 92861.9 127261 19418 3012.08 1030.02
 267270 29153.6 33321.7 5084.35 1058.37
 228710 83397.2 7534.12 8611.28 1587.45
 104537 72588.3 22352.1 2019.29 2733.46
 227770 34280.1 20867.7 6425.8 1366.32
 265799 71399.5 8946.74 5446.26 2033.66
 84713.8 85436.1 19664.2 2464.02 2060.04
 78677.1 28179.2 25325.1 5828.87 1341.03
 210518 25031.5 7592.17 6823.19 1931.75
 83951.1 63780.4 6072.5 1841.81 2123.89
 147020 28605.4 19906.9 1895.32 1237.76
pred_Ctot
 12797.9 4437.62 11006.1 799.29 0.0313799
 10539.8 13971 2078.14 5154.15 374.322
 11908.7 5992.29 3180.6 473.102 1258.59
 24091.5 10255.6 2070.99 1099.25 598.49
 7494.45 4436.75 680.428 137.403 112.639
 24554.3 8798.73 2244.83 344.272 126.512
 17900.8 24998.7 3577.81 912.812 191.434
 1747.72 1744.3 797.379 114.121 35.2219
 6269.4 3987.31 1750.16 800.059 149.845
 11298 3805.09 878.275 385.504 209.233
 5655.75 1347.8 147.004 33.9308 22.9768
 26523.6 10899.5 1122.24 122.401 47.3835
 20926 10994.4 1569.77 161.627 24.4528
 23515.1 14168.5 2658.51 379.579 44.995
 17833.4 6188.12 1045.14 196.105 31.3187
 79924.8 6080.81 675.825 114.144 24.8377
 8699.42 20620.2 537.434 59.7307 12.2834
 81181.5 5520.01 5248.48 136.793 18.3298
 51241 52796.5 1412.29 1342.82 39.6882
 40474.9 25789.3 10045.5 268.716 263.048
 45747.4 17917.2 4344.94 1692.46 89.5908
 76847.2 30984.6 4806.26 1165.52 478.032
 8717.84 23837.2 3637.16 564.189 192.931
 25993.7 5642.18 6448.85 983.989 204.829
 20086.2 14682.8 1326.45 1516.09 279.485
 7244.59 10231.2 3150.49 284.616 385.277
 21573.7 6473.98 3940.98 1213.55 258.038
 21448.8 11614.7 1455.38 885.953 330.819
 5171.88 10676.5 2457.33 307.917 257.434
 6802.37 4889.34 4394.12 1011.36 232.68
 23854.3 5573.35 1690.42 1519.2 430.109
 3939.73 6193.84 589.712 178.862 206.255
 16183.4 6202.97 4316.73 410.993 268.404
F
 0.121841 0.261332 0.261332 0.261332 0.261332
 0.21834 0.46831 0.46831 0.46831 0.46831
 0.21528 0.461747 0.461747 0.461747 0.461747
 0.360122 0.772412 0.772412 0.772412 0.772412
 0.115239 0.247173 0.247173 0.247173 0.247173
 0.221864 0.475868 0.475868 0.475868 0.475868
 0.483121 1.03623 1.03623 1.03623 1.03623
 0.0860356 0.184535 0.184535 0.184535 0.184535
 0.350481 0.751734 0.751734 0.751734 0.751734
 0.496603 1.06515 1.06515 1.06515 1.06515
 0.111609 0.239386 0.239386 0.239386 0.239386
 0.407172 0.873329 0.873329 0.873329 0.873329
 0.371533 0.796888 0.796888 0.796888 0.796888
 0.673114 1.44374 1.44374 1.44374 1.44374
 0.510411 1.09476 1.09476 1.09476 1.09476
 0.425343 0.912303 0.912303 0.912303 0.912303
 0.215903 0.463082 0.463082 0.463082 0.463082
 0.242577 0.520295 0.520295 0.520295 0.520295
 0.296352 0.635634 0.635634 0.635634 0.635634
 0.287357 0.616341 0.616341 0.616341 0.616341
 0.233387 0.500583 0.500583 0.500583 0.500583
 0.294983 0.632697 0.632697 0.632697 0.632697
 0.158534 0.340033 0.340033 0.340033 0.340033
 0.164643 0.353137 0.353137 0.353137 0.353137
 0.147653 0.316696 0.316696 0.316696 0.316696
 0.114972 0.246599 0.246599 0.246599 0.246599
 0.160046 0.343276 0.343276 0.343276 0.343276
 0.134971 0.289494 0.289494 0.289494 0.289494
 0.100693 0.215973 0.215973 0.215973 0.215973
 0.145216 0.311468 0.311468 0.311468 0.311468
 0.194123 0.416366 0.416366 0.416366 0.416366
 0.0766395 0.164381 0.164381 0.164381 0.164381
 0.188122 0.403497 0.403497 0.403497 0.403497
YTP_r0W_actual
 122023 108242 103904 12872.3 9461.22
YTP_p0W_proyectada
 0 0 0 0 0
 0 0 0 0 0
 0 0 0 0 0
 0 0 0 0 0
 0 0 0 0 0
 0 0 0 0 0
CTP_r0_actual
 16183.4 6202.97 4316.73 410.993 268.404
CTP_p0_proyectada
 0 0 0 0 0
 0 0 0 0 0
 0 0 0 0 0
 0 0 0 0 0
 0 0 0 0 0
 0 0 0 0 0
Wmedp
 7.54 17.45 24.07 31.32 35.25
Frms_r0
 0.188122 0.403497 0.403497 0.403497 0.403497
Zrms_r0
 1.18812 1.4035 1.4035 1.4035 1.4035
nmprior
 7.29 8.9 8.7 0
nm_flota  nm_reclas  nm_pelaces    nm_pelaL
inf 14.2728 22.3657 77.5205
cv_recla  cv_pelaces  cv_mph
0.317304 0.455316 0.938177
 ------------------------------------------------
Talla a la edad & desviaci?n 
 8 13.2811 15.8009 17.003 17.5766
 0.8 1.32811 1.58009 1.7003 1.75766
