years
 1991 1992 1993 1994 1995 1996 1997 1998 1999 2000 2001 2002 2003 2004 2005 2006 2007 2008 2009 2010 2011 2012 2013 2014 2015 2016 2017 2018 2019 2020 2021 2022 2023
reclasobs
 0 0 0 0 0 0 0 0 0 252601 567819 844713 477998 351125 339783 2.1784e+06 2.13404e+06 4.81314e+06 1.55562e+06 2.62356e+06 3.21686e+06 3.843e+06 1.13348e+06 3.07943e+06 1.97215e+06 2.03268e+06 2.025e+06 2.42433e+06 2.27542e+06 1.05018e+06 2.36338e+06 3.18982e+06 1.53035e+06
reclaspred
 3.03538e+06 1.71518e+06 899548 916218 933176 1.35798e+06 920102 869277 649683 495312 510317 619427 619914 517860 552802 1.24913e+06 1.30639e+06 2.64545e+06 2.20889e+06 1.6958e+06 3.00219e+06 2.42178e+06 2.01969e+06 3.01148e+06 2.28142e+06 2.06324e+06 2.37848e+06 2.51061e+06 2.154e+06 1.55352e+06 1.99698e+06 2.20227e+06 1.79726e+06
pelacesobs
 0 0 0 0 0 0 0 0 0 0 0 0 0 0 0 552880 188675 0 991730 2.46772e+06 1.41603e+06 1.21717e+06 2.29649e+06 1.80582e+06 0 1.4828e+06 1.56532e+06 1.57751e+06 1.42118e+06 867257 1.10002e+06 1.06204e+06 0
pelacespred
 1.68718e+06 1.07273e+06 564741 469296 489820 737425 482183 534943 398706 292282 304978 313404 341942 310464 334693 619391 643131 1.47591e+06 1.30046e+06 928308 1.5563e+06 1.39252e+06 1.14069e+06 1.84209e+06 1.35881e+06 1.21849e+06 1.59327e+06 1.52457e+06 1.17245e+06 977398 1.0843e+06 1.19452e+06 1.02565e+06
mphobs
 0 0 0 0 0 0 0 0 0 0 0 0 498337 0 5186 125008 0 168611 109162 213762 579715 649985 157893 87575 83554 210694 70296 0 107559 103333 445601 22526 28222
mphpred
 318917 215169 108638 62045.7 70286.6 78501.9 97760.3 67690.9 61026.3 45074.8 31114.4 41735.6 46507.2 39728.4 30503.8 39202.5 103722 106144 180576 142003 151854 178161 163304 144395 204871 161199 143162 153363 205773 157483 99399.7 157010 111754
desembarqueobs
 494567 514787 250237 358949 120608 361735 552515 73892 212993 205616 52469 317467 293654 387597 252695 516296 358380 742168 942051 627588 828172 859565 418607 520667 417249 300574 415391 372974 316634 284311 391294 218835 356480
desembarquepred
 494571 513219 251027 358981 120613 361758 552580 73895.6 213033 205655 52471.4 317540 293719 387673 252706 516284 358403 742099 941946 627511 828260 859636 418628 520701 417261 300582 415403 372973 316637 284319 391284 218840 356491
Reclutas
 247038 124517 161767 251468 212218 319863 141315 75073.1 66731.8 84705.3 153270 184770 157697 114361 126207 608121 153821 910416 537374 418780 629548 829954 193959 544450 460757 220457 463777 532798 178760 168413 434991 192023 342091
log_desv_Rt
 0.00602547 -0.679075 -0.417362 0.023801 -0.145903 0.264377 -0.552526 -1.18505 -1.30283 -1.06434 -0.471313 -0.284404 -0.44284 -0.764159 -0.665596 0.906857 -0.467729 1.31039 0.783178 0.53383 0.941485 1.21785 -0.235872 0.796259 0.629354 -0.107813 0.635887 0.774626 -0.317473 -0.377094 0.571809 -0.245902 0.331559
SSB
 4.61178e+06 3.11151e+06 1.57099e+06 897228 1.0164e+06 1.1352e+06 1.41369e+06 978863 882487 651816 449939 603528 646337 565811 429306 551761 1.4999e+06 1.53493e+06 2.67931e+06 2.10543e+06 2.30342e+06 2.81143e+06 2.67374e+06 2.28574e+06 3.06381e+06 2.54426e+06 2.14159e+06 2.21775e+06 3.07431e+06 2.22707e+06 1.57604e+06 2.55204e+06 1.69154e+06
BT
 6.08971e+06 4.11525e+06 2.15266e+06 1.87925e+06 1.73975e+06 2.78097e+06 2.12616e+06 1.85716e+06 1.5525e+06 1.17975e+06 1.07109e+06 1.32243e+06 1.41389e+06 1.44261e+06 1.37891e+06 2.5095e+06 2.44068e+06 5.59925e+06 5.2798e+06 3.70205e+06 5.87341e+06 5.50735e+06 4.19222e+06 6.65902e+06 4.95514e+06 4.35368e+06 5.76593e+06 5.47432e+06 4.19484e+06 3.55489e+06 3.98269e+06 4.17718e+06 3.75804e+06
Ftot
 0.0972177 0.173468 0.168122 0.271747 0.0856242 0.191277 0.364956 0.0556539 0.216046 0.26921 0.0780693 0.354995 0.324203 0.524715 0.356013 0.35319 0.174609 0.222519 0.286165 0.249429 0.194724 0.247412 0.128878 0.130609 0.119844 0.0939496 0.129663 0.114083 0.0874346 0.115652 0.15103 0.0627162 0.141444
BD_Bspro_t
 0.984566 0.890275 0.77153 0.711322 0.712841 0.770086 0.749657 0.631381 0.68997 0.664164 0.642892 0.773324 0.675925 0.599296 0.516941 0.574286 0.701804 0.695533 0.752253 0.677858 0.658405 0.699147 0.717285 0.719623 0.794934 0.802694 0.809846 0.829063 0.861446 0.822628 0.79069 0.840784 0.843002
BD_Bspro
 2.60692 1.75886 0.888038 0.50718 0.574544 0.641698 0.799121 0.553326 0.498847 0.368455 0.254339 0.341159 0.365357 0.319838 0.242675 0.311896 0.847853 0.867655 1.51455 1.19014 1.30206 1.58923 1.51139 1.29207 1.73189 1.4382 1.21059 1.25363 1.73783 1.2589 0.890895 1.4426 0.956184
BD_Bo
 2.47149 1.66748 0.841904 0.480831 0.544695 0.608361 0.757606 0.52458 0.472931 0.349313 0.241126 0.323435 0.346377 0.303222 0.230068 0.295693 0.803806 0.822579 1.43586 1.12831 1.23442 1.50666 1.43287 1.22494 1.64192 1.36349 1.1477 1.18851 1.64754 1.1935 0.844612 1.36766 0.906509
BD_Brms
 2.64949 1.78757 0.902538 0.515461 0.583925 0.652175 0.812169 0.56236 0.506992 0.374471 0.258491 0.346729 0.371323 0.32506 0.246638 0.316989 0.861697 0.881822 1.53928 1.20958 1.32332 1.61518 1.53607 1.31316 1.76017 1.46169 1.23035 1.2741 1.7662 1.27946 0.905441 1.46615 0.971796
Sel_flota
 0.536372 1 1 1 1
 0.536372 1 1 1 1
 0.536372 1 1 1 1
 0.536372 1 1 1 1
 0.536372 1 1 1 1
 0.536372 1 1 1 1
 0.536372 1 1 1 1
 0.536372 1 1 1 1
 0.536372 1 1 1 1
 0.536372 1 1 1 1
 0.536372 1 1 1 1
 0.536372 1 1 1 1
 0.536372 1 1 1 1
 0.536372 1 1 1 1
 0.536372 1 1 1 1
 0.536372 1 1 1 1
 0.536372 1 1 1 1
 0.536372 1 1 1 1
 0.536372 1 1 1 1
 0.536372 1 1 1 1
 0.536372 1 1 1 1
 0.536372 1 1 1 1
 0.536372 1 1 1 1
 0.536372 1 1 1 1
 0.536372 1 1 1 1
 0.536372 1 1 1 1
 0.536372 1 1 1 1
 0.536372 1 1 1 1
 0.536372 1 1 1 1
 0.536372 1 1 1 1
 0.536372 1 1 1 1
 0.536372 1 1 1 1
 0.536372 1 1 1 1
Sel_reclas
 1 1 1 1 1
 1 1 1 1 1
 1 1 1 1 1
 1 1 1 1 1
 1 1 1 1 1
 1 1 1 1 1
 1 1 1 1 1
 1 1 1 1 1
 1 1 1 1 1
 1 1 1 1 1
 1 1 1 1 1
 1 1 1 1 1
 1 1 1 1 1
 1 1 1 1 1
 1 1 1 1 1
 1 1 1 1 1
 1 1 1 1 1
 1 1 1 1 1
 1 1 1 1 1
 1 1 1 1 1
 1 1 1 1 1
 1 1 1 1 1
 1 1 1 1 1
 1 1 1 1 1
 1 1 1 1 1
 1 1 1 1 1
 1 1 1 1 1
 1 1 1 1 1
 1 1 1 1 1
 1 1 1 1 1
 1 1 1 1 1
 1 1 1 1 1
 1 1 1 1 1
Sel_pelaces
 1 1 1 1 1
 1 1 1 1 1
 1 1 1 1 1
 1 1 1 1 1
 1 1 1 1 1
 1 1 1 1 1
 1 1 1 1 1
 1 1 1 1 1
 1 1 1 1 1
 1 1 1 1 1
 1 1 1 1 1
 1 1 1 1 1
 1 1 1 1 1
 1 1 1 1 1
 1 1 1 1 1
 1 1 1 1 1
 1 1 1 1 1
 1 1 1 1 1
 1 1 1 1 1
 1 1 1 1 1
 1 1 1 1 1
 1 1 1 1 1
 1 1 1 1 1
 1 1 1 1 1
 1 1 1 1 1
 1 1 1 1 1
 1 1 1 1 1
 1 1 1 1 1
 1 1 1 1 1
 1 1 1 1 1
 1 1 1 1 1
 1 1 1 1 1
 1 1 1 1 1
pf_obs 
 0.8446 0.082 0.0669 0.0065 0
 0.8095 0.147 0.0364 0.0071 0
 0.9664 0.0169 0.016 0.0007 0
 0.9276 0.0648 0.0075 0.0001 0
 0.7033 0.2144 0.0806 0.0017 0
 0.9318 0.0425 0.0243 0.0014 0
 0.5671 0.3108 0.0964 0.0239 0.0018
 0.0768 0.2599 0.5324 0.112 0.0189
 0.490249 0.384438 0.106611 0.0170017 0.00170017
 0.7925 0.1577 0.0466 0.003 0.0002
 0.840416 0.127587 0.0312969 0.00059994 9.999e-05
 0.8084 0.0986 0.0794 0.0134 0.0002
 0.7335 0.1905 0.0724 0.0035 0.0001
 0.4001 0.4547 0.1325 0.0127 0
 0.49795 0.308269 0.164784 0.0264974 0.00249975
 0.9179 0.0499 0.0305 0.0017 0
 0.2467 0.6533 0.0926 0.0074 0
 0.9418 0.0223 0.034 0.0019 0
 0.707729 0.231977 0.0356964 0.0245975 0
 0.517169 0.277429 0.184464 0.0207286 0.00020938
 0.811772 0.124168 0.05621 0.00726502 0.000585176
 0.764997 0.148141 0.077277 0.00933861 0.000247198
 0.163321 0.427699 0.378323 0.0303852 0.000271297
 0.753843 0.0900009 0.118128 0.0371064 0.000921714
 0.721811 0.176058 0.0630433 0.0369309 0.00215725
 0.143369 0.312575 0.442814 0.0836902 0.0175525
 0.692698 0.0596174 0.167031 0.0765114 0.00414204
 0.394062 0.376323 0.152708 0.0712218 0.00568511
 0.125707 0.32114 0.495352 0.0537591 0.00404204
 0.23352 0.215282 0.420074 0.123614 0.00750983
 0.796117 0.104755 0.0508955 0.0450114 0.00322123
 0.162477 0.292055 0.404252 0.121198 0.0200186
 0 0 0 0 0
pf_pred 
 0.326526 0.115403 0.530518 0.0275525 9.63926e-07
 0.278039 0.347537 0.0641592 0.294946 0.0153186
 0.47967 0.223515 0.142881 0.0263774 0.127557
 0.626483 0.240112 0.057306 0.0366325 0.0394665
 0.52742 0.364485 0.0694881 0.0165843 0.0220229
 0.618782 0.259415 0.0939421 0.0179098 0.0099506
 0.367512 0.481528 0.102727 0.0372006 0.0110326
 0.34182 0.358988 0.227782 0.0485941 0.0228163
 0.408043 0.293438 0.162819 0.103311 0.0323883
 0.557664 0.255228 0.0927513 0.0514646 0.0428924
 0.689262 0.222777 0.0507534 0.0184441 0.0187634
 0.6127 0.313164 0.0531497 0.0121087 0.0088769
 0.550134 0.344197 0.0854425 0.0145011 0.00572562
 0.496691 0.359327 0.110162 0.0273463 0.00647367
 0.607905 0.26706 0.0892664 0.0273671 0.00840178
 0.873583 0.0962689 0.020534 0.00686363 0.00275024
 0.300894 0.653175 0.0349769 0.00746052 0.00349296
 0.818714 0.0828601 0.0919591 0.00492432 0.00154212
 0.479139 0.46853 0.0239188 0.0265453 0.00186663
 0.474272 0.341711 0.165529 0.00845036 0.0100378
 0.625692 0.240728 0.086824 0.0420586 0.00469758
 0.631484 0.282577 0.0552699 0.0199343 0.010735
 0.235798 0.591352 0.132541 0.025924 0.0143853
 0.626689 0.139392 0.181011 0.0405703 0.0123385
 0.508578 0.375619 0.0432399 0.0561504 0.0164126
 0.335286 0.442675 0.169716 0.0195371 0.0327861
 0.618831 0.187169 0.129197 0.0495324 0.0152708
 0.581839 0.31706 0.0496443 0.034268 0.0171883
 0.277963 0.525629 0.148921 0.0233176 0.0241687
 0.384028 0.26095 0.258449 0.0732239 0.0233488
 0.692188 0.167875 0.0592831 0.058715 0.0219395
 0.365014 0.516731 0.0644936 0.0227752 0.0309856
 0.590031 0.213824 0.159617 0.0199219 0.0166065
pobs_RECLAS
 0 0 0 0 0
 0 0 0 0 0
 0 0 0 0 0
 0 0 0 0 0
 0 0 0 0 0
 0 0 0 0 0
 0 0 0 0 0
 0 0 0 0 0
 0 0 0 0 0
 0 0 0 0 0
 0.991045 0.00858322 0.000360255 1.14367e-05 0
 0.934742 0.0480273 0.0164251 0.00080598 0
 0.827803 0.169806 0.00239088 0 0
 0.941827 0.0461693 0.0120037 0 0
 0.791401 0.0380133 0.147996 0.0225897 0
 0.846168 0.0940531 0.0597789 0 0
 0.134021 0.677848 0.182769 0.00536245 0
 0.80878 0.0450904 0.141981 0.00414843 0
 0.846168 0.0940531 0.0597789 0 0
 0.905697 0.0802665 0.012482 0.00150086 5.37128e-05
 0.989698 0.0102097 9.19794e-05 0 0
 0.975433 0.0193895 0.00387452 0.00125025 5.28907e-05
 0.303575 0.632131 0.0575291 0.00676475 0
 0.966965 0.00978017 0.0227588 0.000495775 0
 0.843318 0.132988 0.00938335 0.0141283 0.000182051
 0.564624 0.303363 0.111486 0.0197234 0.00080311
 0.826376 0.0876187 0.0782897 0.00655872 0.00115652
 0.89761 0.0855135 0.0140674 0.00269457 0.000114338
 0.34875 0.467042 0.161289 0.0227151 0.000203297
 0.318654 0.224769 0.449479 0.00709798 0
 0.937255 0.0296025 0.0250945 0.00804832 0
 0.456809 0.399803 0.12412 0.0192676 0
 0.883104 0.0372192 0.0704036 0.00927362 0
ppred_RECLAS
 0.475756 0.0898317 0.412964 0.0214474 7.50336e-07
 0.41974 0.279325 0.0515666 0.237056 0.012312
 0.633844 0.157287 0.100545 0.0185617 0.0897617
 0.759963 0.154306 0.0368271 0.0235415 0.0253628
 0.67616 0.249767 0.0476174 0.0113645 0.0150914
 0.753173 0.167964 0.0608247 0.0115961 0.00644272
 0.52438 0.362101 0.077249 0.0279742 0.00829632
 0.492484 0.276811 0.175641 0.0374704 0.0175934
 0.564731 0.215767 0.119722 0.0759651 0.0238153
 0.704094 0.170738 0.062047 0.0344279 0.0286934
 0.805768 0.139251 0.0317244 0.0115288 0.0117284
 0.749999 0.202147 0.034308 0.00781612 0.00573002
 0.698337 0.230805 0.0572945 0.00972391 0.00383938
 0.654129 0.246927 0.0757025 0.0187922 0.00444867
 0.74621 0.172859 0.0577791 0.0177138 0.00543818
 0.929093 0.0539969 0.0115175 0.00384978 0.0015426
 0.447043 0.516628 0.0276649 0.00590089 0.00276275
 0.894771 0.0480968 0.0533784 0.00285836 0.000895134
 0.634739 0.328564 0.0167734 0.0186153 0.001309
 0.62975 0.240654 0.116576 0.00595126 0.00706922
 0.758628 0.155233 0.0559884 0.0271214 0.00302923
 0.763621 0.181255 0.0354521 0.0127866 0.00688579
 0.366429 0.490267 0.109885 0.0214926 0.0119263
 0.758854 0.090042 0.116926 0.026207 0.00797024
 0.659755 0.260067 0.0299379 0.0388768 0.0113635
 0.485597 0.342573 0.131338 0.0151192 0.0253722
 0.752673 0.121447 0.0838315 0.0321398 0.00990868
 0.722713 0.210246 0.0329197 0.0227235 0.0113977
 0.418698 0.423177 0.119894 0.0187727 0.0194579
 0.538725 0.195414 0.193541 0.0548341 0.0174849
 0.808404 0.104493 0.0369003 0.0365467 0.0136561
 0.517931 0.392292 0.0489623 0.0172904 0.0235236
 0.729672 0.140992 0.105249 0.0131362 0.0109501
pobs_PELACES
 0 0 0 0 0
 0 0 0 0 0
 0 0 0 0 0
 0 0 0 0 0
 0 0 0 0 0
 0 0 0 0 0
 0 0 0 0 0
 0 0 0 0 0
 0 0 0 0 0
 0 0 0 0 0
 0 0 0 0 0
 0 0 0 0 0
 0 0 0 0 0
 0 0 0 0 0
 0 0 0 0 0
 0 0 0 0 0
 0.505614 0.472636 0.0217494 0 0
 0 0 0 0 0
 0.443492 0.261883 0.143347 0.151278 0
 0.227955 0.32914 0.350689 0.0885471 0.00366901
 0.970185 0.0296113 0.000203453 0 0
 0.997202 0.00247181 0.000326279 0 0
 0.445219 0.490057 0.0546422 0.010081 0
 0.90214 0.0892962 0.00764917 0.000914606 0
 0 0 0 0 0
 0.581667 0.319106 0.0959925 0.00289975 0.000334073
 0.762889 0.0836404 0.116647 0.0363945 0.000428098
 0.88444 0.0763242 0.0277011 0.0115352 0
 0.521256 0.241999 0.230069 0.00667565 0
 0.616807 0.101726 0.260614 0.0208532 0
 0.833518 0.0704572 0.0857862 0.0102388 0
 0.697417 0.212968 0.0787535 0.0105354 0.000325836
 0 0 0 0 0
ppred_PELACES
 0.479467 0.0891958 0.410041 0.0212956 7.45025e-07
 0.426217 0.276207 0.050991 0.23441 0.0121746
 0.639793 0.154732 0.0989114 0.0182602 0.0883034
 0.767465 0.149483 0.0356761 0.0228057 0.0245701
 0.679022 0.247559 0.0471966 0.0112641 0.0149581
 0.758573 0.164289 0.059494 0.0113424 0.00630177
 0.538284 0.351515 0.0749908 0.0271564 0.0080538
 0.494612 0.275651 0.174904 0.0373133 0.0175196
 0.572838 0.211748 0.117492 0.0745502 0.0233717
 0.712603 0.165828 0.0602629 0.0334379 0.0278683
 0.80763 0.137915 0.0314202 0.0114183 0.011616
 0.760044 0.194025 0.0329295 0.00750207 0.00549979
 0.708683 0.22289 0.0553296 0.00939043 0.00370771
 0.672061 0.234126 0.0717778 0.0178179 0.00421803
 0.756387 0.165927 0.0554623 0.0170035 0.00522013
 0.932572 0.051348 0.0109525 0.00366093 0.00146693
 0.453656 0.51045 0.0273341 0.00583032 0.00272971
 0.897934 0.0466512 0.0517741 0.00277245 0.00086823
 0.644828 0.319488 0.0163101 0.0181011 0.00127285
 0.638603 0.234899 0.113788 0.00580896 0.00690019
 0.764041 0.151752 0.0547328 0.0265132 0.0029613
 0.770385 0.176068 0.0344376 0.0124207 0.00668875
 0.371019 0.486716 0.109089 0.0213369 0.0118399
 0.762492 0.0886836 0.115163 0.0258116 0.00785001
 0.663859 0.25693 0.0295769 0.0384078 0.0112265
 0.489188 0.340182 0.130421 0.0150136 0.0251951
 0.756347 0.119643 0.082586 0.0316623 0.00976147
 0.726197 0.207604 0.0325061 0.022438 0.0112545
 0.421958 0.420804 0.119222 0.0186675 0.0193488
 0.543119 0.193553 0.191698 0.0543118 0.0173183
 0.811958 0.102555 0.0362159 0.0358689 0.0134028
 0.520327 0.390343 0.048719 0.0172045 0.0234067
 0.733919 0.138777 0.103596 0.0129298 0.0107781
pobs_pel_tallas
 0 0 0 0 0 0 0 0 0 0 0 0 0 0 0 0 0 0 0 0 0 0 0 0 0 0
 0 0 0 0 0 0 0 0 0 0 0 0 0 0 0 0 0 0 0 0 0 0 0 0 0 0
 0 0 0 0 0 0 0 0 0 0 0 0 0 0 0 0 0 0 0 0 0 0 0 0 0 0
 0 0 0 0 0 0 0 0 0 0 0 0 0 0 0 0 0 0 0 0 0 0 0 0 0 0
 0 0 0 0 0 0 0 0 0 0 0 0 0 0 0 0 0 0 0 0 0 0 0 0 0 0
 0 0 0 0 0 0 0 0 0 0 0 0 0 0 0 0 0 0 0 0 0 0 0 0 0 0
 0 0 0 0 0 0 0 0 0 0 0 0 0 0 0 0 0 0 0 0 0 0 0 0 0 0
 0 0 0 0 0 0 0 0 0 0 0 0 0 0 0 0 0 0 0 0 0 0 0 0 0 0
 0 0 0 0 0 0 0 0 0 0 0 0 0 0 0 0 0 0 0 0 0 0 0 0 0 0
 0 0 0 0 0 0 0 0 0 0 0 0 0 0 0 0 0 0 0 0 0 0 0 0 0 0
 0 0 0 0 0 0 0 0 0 0 0 0 0 0 0 0 0 0 0 0 0 0 0 0 0 0
 0 0 0 0 0 0 0 0 0 0 0 0 0 0 0 0 0 0 0 0 0 0 0 0 0 0
 0.00862536 0 0 0.000197151 0.00414017 0.0128641 0.00837892 0.0270097 0.101434 0.158115 0.152841 0.127902 0.109271 0.109419 0.0830992 0.0579132 0.0238553 0.00714673 0.00463305 0.00128148 0.00103504 0.000492878 0.000147863 0.000147863 4.92878e-05 0
 0 0 0 0 0 0 0 0 0 0 0 0 0 0 0 0 0 0 0 0 0 0 0 0 0 0
 0 0 0 0 0 0 0 0.0054083 0.00873648 0.0413646 0.0450493 0.0745869 0.0622846 0.0627006 0.0613931 0.0827291 0.12552 0.122667 0.0946155 0.0697135 0.0546179 0.0294188 0.0215738 0.0213955 0.0102223 0.00600262
 0 0 0 0 0.00359764 0.0251062 0.0480494 0.140153 0.205849 0.193036 0.1447 0.116669 0.0760912 0.0342217 0.00950174 0.001854 0.000860785 0 0 0 0.000165536 0 0.000143464 0 0 0
 0 0 0 0 0 0 0 0.000145254 0.000435761 0.0275982 0.070085 0.0708112 0.156366 0.174668 0.174014 0.160142 0.0824315 0.0480064 0.0283245 0.00493863 0.00203355 0 0 0 0 0
 0 0 0 0 0 0 0 0 0 0 0 0 0 0 0 0 0 0 0 0 0 0 0 0 0 0
 0 0 1.00437e-05 0.000401748 0.00122533 0.00171747 0.00176769 0.0269171 0.070346 0.194647 0.189555 0.159765 0.064822 0.0314167 0.0384472 0.0292271 0.0345202 0.0313363 0.0194345 0.0106764 0.0143323 0.0359363 0.0279516 0.0138201 0.00172751 0
 0 0.0021121 0.0136068 0.0755702 0.200478 0.177729 0.0527432 0.0373336 0.0318909 0.0142505 0.0149659 0.0166563 0.0217959 0.0798694 0.0677717 0.0528807 0.04013 0.0224614 0.0357745 0.0225083 0.00881397 0.00855152 0.00135912 0.000746735 0 0
 0 0 0 0 5.4009e-05 0.00500934 0.000945158 0.0243581 0.138947 0.33067 0.221406 0.137944 0.0707744 0.0437923 0.0131692 0.00525238 0.0047753 0.00276346 9.45158e-05 9.00151e-06 2.25038e-05 9.00151e-06 4.50075e-06 0 0 0
 0.000866109 0.00284123 0.00948549 0.0512746 0.133035 0.25785 0.225252 0.132002 0.0553304 0.0519788 0.0540692 0.017754 0.00435017 0.00159236 0.00146478 0.000404838 0.000125132 0.000115318 0.000107957 0.000100596 0 0 0 0 0 0
 0 0 0 0 0.00144013 0.00171154 0.00461396 0.0210425 0.0478622 0.0707936 0.0888783 0.103762 0.0637923 0.0337046 0.0602308 0.124433 0.169614 0.0934646 0.0462172 0.0250306 0.0313229 0.00938855 0.002487 0.000210481 0 0
 0 0.00764035 0.051015 0.0998891 0.058973 0.0496711 0.0374665 0.0718981 0.12319 0.153886 0.159021 0.0857701 0.0377988 0.023471 0.0147837 0.00900784 0.00315554 0.000888139 0.00291439 0.00214683 0.00393193 0.00274676 0.000635225 9.99891e-05 0 0
 0 0 0 0 0 0 0 0 0 0 0 0 0 0 0 0 0 0 0 0 0 0 0 0 0 0
 0 0 0 0 0 0 0 0 0 0 0 0 0 0 0 0 0 0 0 0 0 0 0 0 0 0
 0 0 0 0 0 0 0 0 0 0 0 0 0 0 0 0 0 0 0 0 0 0 0 0 0 0
 0 0 0 0 0 0 0 0 0 0 0 0 0 0 0 0 0 0 0 0 0 0 0 0 0 0
 0 0 0 0 0 0 0 0 0 0 0 0 0 0 0 0 0 0 0 0 0 0 0 0 0 0
 0 0 0 0 0 0 0 0 0 0 0 0 0 0 0 0 0 0 0 0 0 0 0 0 0 0
 0 0 0 0 0 0 0 0 0 0 0 0 0 0 0 0 0 0 0 0 0 0 0 0 0 0
 0 0 0 0 0 0 0 0 0 0 0 0 0 0 0 0 0 0 0 0 0 0 0 0 0 0
 0 0 0 0 0 0 0 0 0 0 0 0 0 0 0 0 0 0 0 0 0 0 0 0 0 0
ppred_pel_tallas
 1.13992e-16 3.94931e-05 0.000383887 0.00255106 0.0115968 0.0360819 0.0768766 0.112206 0.112215 0.0769219 0.0362359 0.0120494 0.00371691 0.00302706 0.00534619 0.00952197 0.0154454 0.0230199 0.0320351 0.0421751 0.0528198 0.0627245 0.0699889 0.0726192 0.0694697 0.0609331
 1.27111e-16 3.5107e-05 0.000341253 0.00226774 0.0103089 0.0320748 0.0683398 0.0997495 0.0997762 0.0684704 0.0325137 0.0115782 0.00546014 0.00733191 0.0133795 0.022255 0.0325437 0.0420499 0.0486729 0.0517296 0.0524703 0.0532062 0.0556657 0.0598321 0.0640181 0.0659294
 1.19669e-16 5.26989e-05 0.000512253 0.0034041 0.0154745 0.0481471 0.102583 0.149726 0.149741 0.102657 0.0483948 0.0161917 0.00521146 0.00448196 0.0076644 0.0127816 0.0188749 0.0247519 0.0292632 0.0319773 0.0334468 0.0347548 0.0366904 0.0392059 0.0414962 0.0425144
 1.07513e-16 6.32151e-05 0.000614473 0.00408339 0.0185625 0.057755 0.123054 0.179603 0.179618 0.123124 0.057992 0.0192478 0.00580529 0.00437954 0.00723251 0.0119079 0.0172735 0.0220019 0.0248019 0.025125 0.0235029 0.021172 0.0192792 0.0182869 0.0179286 0.0175857
 1.05087e-16 5.59302e-05 0.000543661 0.00361282 0.0164234 0.0510993 0.108873 0.158909 0.158933 0.10899 0.0514913 0.0175557 0.00645636 0.00675498 0.0118638 0.0195556 0.028239 0.0356712 0.0396067 0.0390217 0.0347175 0.0287521 0.0231724 0.0190386 0.0163071 0.0143555
 1.03963e-16 6.24827e-05 0.000607354 0.00403608 0.0183474 0.0570858 0.121628 0.177523 0.177539 0.121706 0.0573468 0.0191021 0.00593335 0.00475864 0.00797456 0.0131581 0.0191207 0.0244057 0.0275639 0.0279179 0.0259304 0.0228191 0.0197467 0.017242 0.0151961 0.0132495
 1.06341e-16 4.43378e-05 0.000430979 0.00286401 0.0130194 0.0405083 0.0863085 0.125977 0.126011 0.0864743 0.0410652 0.0146283 0.00690478 0.00925964 0.0168342 0.0278203 0.0402147 0.0508759 0.056628 0.0560115 0.050131 0.0418449 0.0339794 0.027972 0.0237412 0.0204513
 1.11825e-16 4.07406e-05 0.000396013 0.00263165 0.0119631 0.0372218 0.079306 0.115755 0.115782 0.0794371 0.0376624 0.0132385 0.00584379 0.00744423 0.0135328 0.0225865 0.033186 0.0431058 0.0500738 0.0530138 0.0525729 0.0504304 0.0479948 0.045592 0.0426593 0.0385297
 1.14877e-16 4.7184e-05 0.000458645 0.00304786 0.0138551 0.0431086 0.0918481 0.134059 0.13408 0.0919487 0.0434469 0.0148344 0.00551414 0.00587042 0.0104082 0.0173534 0.025523 0.033235 0.0388207 0.0415714 0.042124 0.0418746 0.0418987 0.042262 0.0421663 0.0406435
 1.09851e-16 5.86962e-05 0.000570548 0.00379149 0.0172356 0.0536264 0.114257 0.166765 0.166781 0.114336 0.0538901 0.0179983 0.00570983 0.00477084 0.00807349 0.0133554 0.0194774 0.0250251 0.028613 0.029653 0.0287012 0.0270266 0.0257445 0.0251998 0.0249773 0.0243621
 1.04053e-16 6.65235e-05 0.000646632 0.0042971 0.019534 0.0607775 0.129493 0.189002 0.189016 0.129559 0.0609961 0.0201656 0.00588371 0.00411421 0.006664 0.0109436 0.0158353 0.0200808 0.0224495 0.0223899 0.0203527 0.0174651 0.0148204 0.0129407 0.0117283 0.0107785
 1.02684e-16 6.26038e-05 0.000608532 0.00404391 0.018383 0.0571965 0.121864 0.177868 0.177887 0.121955 0.0575035 0.0192699 0.00627062 0.00547107 0.00930221 0.0152919 0.0220524 0.0277951 0.03074 0.0300675 0.0263975 0.0213517 0.016565 0.0129185 0.0104389 0.00869594
 1.03223e-16 5.83733e-05 0.000567409 0.00377063 0.0171408 0.0533314 0.113629 0.165849 0.165871 0.113734 0.0536847 0.0181616 0.00633478 0.00617099 0.0107182 0.0176731 0.0255602 0.0323658 0.0360687 0.0357242 0.031998 0.0266606 0.0214724 0.0173472 0.0142807 0.0118269
 1.04632e-16 5.53568e-05 0.000538088 0.00357578 0.016255 0.0505755 0.107757 0.15728 0.157302 0.107868 0.050947 0.017329 0.00627481 0.00644041 0.0112953 0.0186653 0.0270691 0.0344315 0.0386653 0.0387967 0.0355069 0.0305877 0.025778 0.021913 0.01889 0.0162035
 1.04232e-16 6.23026e-05 0.000605604 0.00402445 0.0182946 0.0569213 0.121277 0.177011 0.177027 0.121356 0.0571848 0.0190564 0.00593944 0.00479495 0.00804489 0.0132704 0.0192733 0.0245811 0.0277315 0.0280493 0.026019 0.0228918 0.0198586 0.0174532 0.0155436 0.0137275
 1.00945e-16 7.68147e-05 0.000746666 0.00496186 0.0225559 0.0701798 0.149526 0.218238 0.218243 0.14955 0.0702611 0.0227909 0.00555211 0.00203628 0.00252931 0.00406857 0.00587406 0.0074306 0.00826989 0.00817857 0.00731818 0.00610682 0.00495807 0.00408276 0.00346939 0.00299558
 1.01966e-16 3.73672e-05 0.000363222 0.00241374 0.0109725 0.0341399 0.0727405 0.106177 0.106226 0.0729806 0.0349456 0.0132986 0.00824883 0.0130893 0.0241715 0.039809 0.0571261 0.0713816 0.0777678 0.0740679 0.0620003 0.0461074 0.0311176 0.0198082 0.0125866 0.00842216
 1.01932e-16 7.39616e-05 0.000718934 0.00477757 0.0217181 0.0675732 0.143972 0.210132 0.210137 0.143994 0.0676484 0.0219363 0.00532864 0.00193305 0.00241226 0.0039553 0.00588645 0.00780861 0.00935567 0.0103346 0.0107918 0.0108958 0.0107478 0.0102993 0.00943699 0.00813192
 1.02584e-16 5.31137e-05 0.000516284 0.00343089 0.0155964 0.0485262 0.103391 0.150909 0.15094 0.103542 0.0490306 0.0170525 0.00708408 0.00848471 0.0151677 0.0249424 0.035813 0.0448054 0.0489336 0.0468398 0.0396239 0.030133 0.0212952 0.0147749 0.0107233 0.00839091
 1.05095e-16 5.2601e-05 0.0005113 0.00339777 0.0154458 0.0480577 0.102393 0.14945 0.149473 0.102504 0.0484317 0.0165278 0.00611962 0.0064728 0.011432 0.0189655 0.0276618 0.0355035 0.0404401 0.0414781 0.0391896 0.0351663 0.030908 0.0270665 0.0235028 0.019849
 1.04779e-16 6.29331e-05 0.000611732 0.00406517 0.0184797 0.0574973 0.122505 0.178802 0.178817 0.122576 0.0577385 0.0191772 0.00581892 0.00445008 0.00738203 0.0121821 0.0177271 0.0226852 0.0257421 0.0262993 0.0248042 0.0223783 0.0200564 0.0182484 0.016752 0.0151416
 1.03417e-16 6.34556e-05 0.000616811 0.00409893 0.0186331 0.0579747 0.123522 0.180287 0.180304 0.123605 0.0582535 0.0194387 0.0061218 0.00503586 0.00846531 0.0139192 0.0201044 0.0254099 0.0282402 0.0278675 0.024857 0.0206611 0.0167186 0.0137664 0.0117636 0.0102712
 1.07416e-16 3.05604e-05 0.000297058 0.00197406 0.00897382 0.0279211 0.0594906 0.0868382 0.0868852 0.0597202 0.0286922 0.0112016 0.00756939 0.0125223 0.0232795 0.0385187 0.0556751 0.0704124 0.0783133 0.077325 0.0689395 0.0570883 0.0456913 0.0367961 0.0303938 0.0254506
 1.07264e-16 6.28055e-05 0.000610492 0.00405693 0.0184422 0.0573807 0.122256 0.178438 0.178447 0.122299 0.0575244 0.0188596 0.00511274 0.0029425 0.00457163 0.00766787 0.0115306 0.0155311 0.0190512 0.021783 0.0238245 0.0254248 0.0266128 0.0270662 0.0263306 0.0241743
 1.06671e-16 5.46812e-05 0.000531521 0.00353215 0.0160566 0.0499583 0.106442 0.155361 0.155386 0.106563 0.0503646 0.0172304 0.00647865 0.00696499 0.0122773 0.0202239 0.0291665 0.0367755 0.0407349 0.0400274 0.0355632 0.0295699 0.0242318 0.0206286 0.0185926 0.0172843
 1.09621e-16 4.02939e-05 0.000391671 0.00260279 0.0118319 0.0368137 0.0784367 0.114488 0.114521 0.0785976 0.0373544 0.0133954 0.00653378 0.00899449 0.0164416 0.0272827 0.039685 0.0507183 0.0574023 0.0583448 0.0545034 0.0483848 0.0423701 0.037521 0.0335787 0.0297663
 1.07242e-16 6.22993e-05 0.000605572 0.00402424 0.0182936 0.0569183 0.121271 0.177001 0.177012 0.121328 0.0571098 0.0188484 0.00542236 0.00367634 0.00594943 0.00988258 0.0145742 0.0190574 0.0223856 0.0241296 0.0245853 0.0244531 0.0242606 0.0240184 0.0233342 0.0217971
 1.05146e-16 5.98159e-05 0.000581432 0.00386382 0.0175644 0.0546494 0.116437 0.169948 0.169968 0.116535 0.054978 0.0185135 0.00624704 0.00578652 0.00995297 0.0163812 0.0236465 0.0298605 0.0331511 0.0326838 0.0291651 0.024355 0.0199837 0.0169138 0.015038 0.0137371
 1.08695e-16 3.47562e-05 0.000337842 0.00224508 0.0102058 0.0317544 0.0676576 0.0987568 0.0987974 0.0678563 0.0324219 0.0121349 0.00709207 0.0109345 0.0202059 0.0334704 0.0484954 0.0615802 0.0689576 0.0688755 0.0625885 0.0533871 0.0444952 0.037508 0.0322919 0.0279149
 1.13959e-16 4.47361e-05 0.000434851 0.00288974 0.0131363 0.0408721 0.087083 0.127104 0.127123 0.0871757 0.0411839 0.0140404 0.00517262 0.00546304 0.00972574 0.0163535 0.0243663 0.0323554 0.0388863 0.0432792 0.0458851 0.0475479 0.0487297 0.0490864 0.047797 0.0442637
 1.06937e-16 6.68799e-05 0.000650097 0.00432012 0.0196386 0.0611032 0.130187 0.190014 0.190024 0.130236 0.0612663 0.0201106 0.00550732 0.00325031 0.00503097 0.00828122 0.0120931 0.0155813 0.0179077 0.0187316 0.018415 0.0177418 0.0173701 0.0174474 0.01763 0.0173957
 1.07193e-16 4.28587e-05 0.000416602 0.00276847 0.0125851 0.039157 0.0834296 0.121776 0.121813 0.0836134 0.0397742 0.0143676 0.00724284 0.010184 0.0185926 0.03067 0.0441825 0.0555824 0.0612928 0.0596961 0.0521147 0.0419225 0.0325181 0.0257271 0.0215537 0.0189765
 1.06146e-16 6.0452e-05 0.000587615 0.00390491 0.0177512 0.0552305 0.117675 0.171753 0.171766 0.117741 0.0554528 0.0183948 0.00552717 0.00415059 0.00689053 0.0114613 0.0168914 0.0220508 0.0258085 0.0276156 0.0277568 0.0270025 0.0259741 0.0247712 0.0231009 0.020681
pSPR Fmed_Fpbrs
1   0.982818 0.6 0.325 0.982818 0.982818 0.982818
Fs Fmed_Fpbrs
0   0.01 0.332661 0.847802 0.01 0.01 0.01
SSBpbr Bo_Bmed_Bpbrs
1.86599e+06  1.77269e+06  1.74063e+06 1.0263e+06 513148 1.74063e+06 1.74063e+06 1.74063e+06
Ro
245554
SPR SPRFo_SPRFmed_SPRFpbrs
1.76905e+06 1.76905e+06 1.73866e+06
Fref
0
Nvult_r0
 225437 46490.9 34705 4331.55 3610.7
CTP_r0
 15897.1 5761.02 4300.54 536.753 447.428
YTP_r0
356491
Np
 342091 125848 46296.9 17031.7 8570.6
Nvult_p0
 216243 79551.2 29265.2 10766.1 5417.65
CTP_p0
 0 0 0 0 0
 0 0 0 0 0
 0 0 0 0 0
 0 0 0 0 0
 0 0 0 0 0
 0 0 0 0 0
YTP_p0
 0 0 0 0 0 0
CBA_c0
0
log_Ro
12.2313
likeval ReclasPelacesDesembMPH_pf_preclas_ppelaces_ptallas_desvR_qrecl_qpela
 17.7041 17.603 0.0978228 0.001218 236.019 137.581 108.228 0 21.7519 1.47125e-05 7.08972e-06 0.493123 2069.91 0 0
q_reclas_q_pelaces
0.581324 0.686221
M
1
N
 247038 47708.6 219321 11390.5 0.398495
 124517 86262.7 15925.1 73208.9 3802.25
 161767 41737.5 26680.4 4925.5 23819
 251468 54379 12978.3 8296.29 8938.11
 212218 79962.7 15244.7 3638.35 4831.52
 319863 74566.2 27002.7 5148 2860.2
 141315 106197 22655.7 8204.3 2433.15
 75073.1 42744.4 27121.9 5786.07 2716.72
 66731.8 26805.6 14873.6 9437.47 2958.67
 84705.3 21863.1 7945.18 4408.52 3674.21
 153270 26971.5 6144.71 2233.02 2271.68
 184770 54072.7 9177.11 2090.75 1532.73
 157697 56188 13948 2367.22 934.672
 114361 48753.8 14946.8 3710.37 878.353
 126207 31750.7 10612.9 3253.68 998.887
 608121 38358.1 8181.72 2734.79 1095.83
 153821 185107 9912.28 2114.28 989.888
 910416 51528.3 57186.8 3062.3 958.999
 537374 297243 15174.5 16840.8 1184.22
 418780 169559 82136.6 4193.13 4980.82
 629548 134769 48607.3 23546 2629.88
 829954 208629 40806.3 14717.7 7925.72
 193959 267379 59928.1 11721.5 6504.26
 544450 66587.6 86469.2 19380.5 5894.14
 460757 186741 21496.9 27915.4 8159.58
 220457 158950 60939.2 7015.11 11772.4
 463777 77116.1 53230.9 20408 6291.77
 532798 159151 24919.5 17201.2 8627.83
 178760 184371 52236.1 8178.97 8477.49
 168413 62749.2 62147.9 17607.7 5614.56
 434991 58229.3 20563 20366 7609.98
 192023 147572 18418.6 6504.3 8849.1
 342091 68304.4 50988.5 6363.91 5304.85
pred_Ctot
 7968.1 2816.14 12946.1 672.356 0.0235224
 7046.44 8807.73 1626.01 7474.9 388.224
 8882.75 4139.16 2645.93 488.469 2362.16
 21818.1 8362.22 1995.75 1275.77 1374.47
 6044.26 4177.01 796.337 190.056 252.384
 19881.5 8335.01 3018.36 575.443 319.713
 16136.6 21142.8 4510.52 1633.4 484.417
 1399.08 1469.35 932.321 198.897 93.3878
 4659.48 3350.8 1859.25 1179.72 369.844
 7284.67 3334 1211.59 672.274 560.297
 3986.87 1288.6 293.571 106.685 108.532
 20567 10512.3 1784.12 406.462 297.979
 16138.2 10097 2506.46 425.392 167.961
 18143.6 13125.8 4024.08 998.929 236.476
 14085.4 6187.89 2068.34 634.108 194.673
 67373.1 7424.51 1583.64 529.341 212.106
 8759.84 19015.7 1018.27 217.196 101.69
 65380.6 6617.02 7343.64 393.245 123.15
 48943.8 47860 2443.29 2711.59 190.675
 33513.4 24146.2 11696.7 597.126 709.298
 39805.1 15314.6 5523.55 2675.67 298.849
 65909.9 29493.3 5768.68 2080.6 1120.44
 8235.4 20653.4 4629.09 905.415 502.415
 23418.7 5208.91 6764.17 1516.07 461.077
 18228.7 13463.1 1549.82 2012.56 588.266
 6876.7 9079.26 3480.86 400.705 672.442
 19808.3 5991.12 4135.49 1585.49 488.805
 20091.2 10948.2 1714.24 1183.29 593.519
 5196.89 9827.32 2784.27 435.953 451.865
 6435.79 4373.17 4331.27 1227.13 391.295
 21538.4 5223.68 1844.68 1827 682.681
 4026.34 5699.88 711.406 251.225 341.791
 15897.1 5761.02 4300.54 536.753 447.428
F
 0.0521448 0.0972177 0.0972177 0.0972177 0.0972177
 0.0930431 0.173468 0.173468 0.173468 0.173468
 0.0901758 0.168122 0.168122 0.168122 0.168122
 0.145757 0.271747 0.271747 0.271747 0.271747
 0.0459264 0.0856242 0.0856242 0.0856242 0.0856242
 0.102596 0.191277 0.191277 0.191277 0.191277
 0.195752 0.364956 0.364956 0.364956 0.364956
 0.0298512 0.0556539 0.0556539 0.0556539 0.0556539
 0.115881 0.216046 0.216046 0.216046 0.216046
 0.144396 0.26921 0.26921 0.26921 0.26921
 0.0418742 0.0780693 0.0780693 0.0780693 0.0780693
 0.190409 0.354995 0.354995 0.354995 0.354995
 0.173893 0.324203 0.324203 0.324203 0.324203
 0.281442 0.524715 0.524715 0.524715 0.524715
 0.190955 0.356013 0.356013 0.356013 0.356013
 0.189441 0.35319 0.35319 0.35319 0.35319
 0.0936555 0.174609 0.174609 0.174609 0.174609
 0.119353 0.222519 0.222519 0.222519 0.222519
 0.153491 0.286165 0.286165 0.286165 0.286165
 0.133787 0.249429 0.249429 0.249429 0.249429
 0.104444 0.194724 0.194724 0.194724 0.194724
 0.132705 0.247412 0.247412 0.247412 0.247412
 0.0691262 0.128878 0.128878 0.128878 0.128878
 0.0700548 0.130609 0.130609 0.130609 0.130609
 0.0642809 0.119844 0.119844 0.119844 0.119844
 0.0503919 0.0939496 0.0939496 0.0939496 0.0939496
 0.0695473 0.129663 0.129663 0.129663 0.129663
 0.0611909 0.114083 0.114083 0.114083 0.114083
 0.0468975 0.0874346 0.0874346 0.0874346 0.0874346
 0.0620327 0.115652 0.115652 0.115652 0.115652
 0.081008 0.15103 0.15103 0.15103 0.15103
 0.0336392 0.0627162 0.0627162 0.0627162 0.0627162
 0.0758668 0.141444 0.141444 0.141444 0.141444
YTP_r0W_actual
 119864 100530 103514 16811.1 15771.8
YTP_p0W_proyectada
 0 0 0 0 0
 0 0 0 0 0
 0 0 0 0 0
 0 0 0 0 0
 0 0 0 0 0
 0 0 0 0 0
CTP_r0_actual
 15897.1 5761.02 4300.54 536.753 447.428
CTP_p0_proyectada
 0 0 0 0 0
 0 0 0 0 0
 0 0 0 0 0
 0 0 0 0 0
 0 0 0 0 0
 0 0 0 0 0
Wmedp
 7.54 17.45 24.07 31.32 35.25
Frms_r0
 0.0758668 0.141444 0.141444 0.141444 0.141444
Zrms_r0
 1.07587 1.14144 1.14144 1.14144 1.14144
nmprior
 7.29 8.9 8.7 0
nm_flota  nm_reclas  nm_pelaces    nm_pelaL
inf 11.6449 19.0856 62.0852
cv_recla  cv_pelaces  cv_mph
0.364391 0.459604 0.932737
 ------------------------------------------------
Talla a la edad & desviaci?n 
 8 13.2811 15.8009 17.003 17.5766
 0.8 1.32811 1.58009 1.7003 1.75766
