years
 1991 1992 1993 1994 1995 1996 1997 1998 1999 2000 2001 2002 2003 2004 2005 2006 2007 2008 2009 2010 2011 2012 2013 2014 2015 2016 2017 2018 2019 2020 2021 2022 2023
reclasobs
 0 0 0 0 0 0 0 0 0 252601 567819 844713 477998 351125 339783 2.1784e+06 2.13404e+06 4.81314e+06 1.55562e+06 2.62356e+06 3.21686e+06 3.843e+06 1.13348e+06 3.07943e+06 1.97215e+06 2.03268e+06 2.025e+06 2.42433e+06 2.27542e+06 1.05018e+06 2.36338e+06 3.18982e+06 1.53035e+06
reclaspred
 8.90827e+06 2.36451e+06 1.56151e+06 1.2314e+06 90488.2 1.02135e+07 9.79635e+06 6.20655e+06 2.79639e+06 202422 301533 1.067e+06 590377 670578 383248 1.91169e+06 841570 4.54563e+06 5.2243e+06 1.74842e+06 3.09898e+06 3.3593e+06 1.67619e+06 3.48799e+06 2.69221e+06 1.48393e+06 2.10994e+06 3.79045e+06 3.27564e+06 825124 2.53141e+06 3.40899e+06 493385
pelacesobs
 0 0 0 0 0 0 0 0 0 0 0 0 0 0 0 552880 188675 0 991730 2.46772e+06 1.41603e+06 1.21717e+06 2.29649e+06 1.80582e+06 0 1.4828e+06 1.56532e+06 1.57751e+06 1.42118e+06 867257 1.10002e+06 1.06204e+06 0
pelacespred
 8.2783e+06 2.06541e+06 748194 498477 27197.5 5.25462e+06 7.2256e+06 6.33051e+06 2.92609e+06 96991.6 127532 403958 224761 264055 133869 694590 341432 2.1494e+06 2.81028e+06 916112 1.35786e+06 1.43077e+06 877109 1.88277e+06 1.54569e+06 862661 1.18873e+06 2.01702e+06 2.14005e+06 530373 1.03161e+06 2.02778e+06 197699
mphobs
 0 0 0 0 0 0 0 0 0 0 0 0 498337 0 5186 125008 0 168611 109162 213762 579715 649985 157893 87575 83554 210694 70296 0 107559 103333 445601 22526 28222
mphpred
 1.30195e+06 508368 76603.6 188788 38137.1 1516.04 1.47826e+06 844367 459112 94104.5 2631.35 29659.9 88049.3 22369.2 26407.2 19076.1 172880 33667.6 439991 351572 86592.3 193509 233125 76225 304914 191856 71481.3 172026 445802 190160 27303.3 300577 128958
desembarqueobs
 494567 514787 250237 358949 120608 361735 552515 73892 212993 205616 52469 317467 293654 387597 252695 516296 358380 742168 942051 627588 828172 859565 418607 520667 417249 300574 415391 372974 316634 284311 391294 218835 356480
desembarquepred
 494506 514314 250021 358416 120446 361624 552152 73880.8 212786 205119 52435.2 316996 293051 386577 252161 515473 358009 741127 940024 625298 826991 857948 418031 520127 416584 300057 414747 372558 316185 283418 390719 218685 355457
Reclutas
 1641.27 1052.68 243934 2852.67 1225.2 807053 1439.83 463.218 817.224 1643.16 32447.4 138188 43796.7 80271.8 38668.5 262445 4002.48 462425 346033 38467.1 260743 389202 4483.01 188465 128592 14566.8 135018 196280 16736.6 11339.4 173544 44441.7 2209.43
log_desv_Rt
 -2.76733 -3.21146 2.23409 -2.21455 -3.0597 3.43058 -2.89828 -4.03237 -3.46465 -2.76618 0.216813 1.66581 0.516752 1.12261 0.392217 2.30723 -1.87589 2.87368 2.58373 0.386997 2.30073 2.70129 -1.76251 1.9761 1.59384 -0.584064 1.6426 2.01673 -0.445208 -0.834526 1.89362 0.531372 -2.47007
SSB
 1.76716e+06 690015 103975 256245 51764 2057.74 2.00647e+06 1.14607e+06 623159 127729 3571.56 40257.7 108465 29119.8 32878.4 24516.7 234653 45697.5 621497 502310 130736 311734 398915 121528 437087 304905 103888 233494 632389 245090 43730.7 472382 201497
BT
 2.1784e+06 964534 535115 375922 111717 3.55355e+06 2.46355e+06 1.36337e+06 787087 257576 118660 491269 352738 562530 324670 825277 377388 1.96039e+06 2.1353e+06 861037 1.47779e+06 1.43416e+06 581628 1.52462e+06 944878 505414 1.08122e+06 1.34293e+06 850381 430881 893905 851289 365054
Ftot
 0.298692 1.07444 1.07185 1.32856 3.65762 0.268553 0.292069 0.06557 0.412869 3.20509 1.23892 1.9098 2.38 3.34361 3.54056 1.8442 1.80765 1.16327 1.06118 1.64577 1.70094 1.54214 1.17362 1.01934 0.872874 1.01662 1.30426 0.661421 0.499458 1.60478 1.09458 0.355061 2.5976
BD_Bspro_t
 0.953701 0.627047 0.216274 0.40303 0.0944925 0.00634965 0.800356 0.64889 0.583101 0.250145 0.0182138 0.248575 0.25091 0.0736192 0.0745782 0.0598648 0.255527 0.0661432 0.403915 0.308488 0.0956598 0.197349 0.252438 0.109687 0.32888 0.304431 0.168451 0.335482 0.543344 0.316519 0.104431 0.481379 0.337388
BD_Bspro
 9.38995 3.66644 0.55248 1.36157 0.275052 0.0109339 10.6615 6.08974 3.3112 0.6787 0.0189778 0.213913 0.576339 0.15473 0.174702 0.130271 1.24685 0.242817 3.30237 2.66906 0.694676 1.65642 2.11966 0.64575 2.32249 1.62014 0.552015 1.24069 3.36024 1.3023 0.232366 2.51004 1.07067
BD_Bo
 4.59565 1.79444 0.270396 0.666385 0.134617 0.00535132 5.21798 2.98046 1.62058 0.332171 0.00928815 0.104694 0.282074 0.0757286 0.085503 0.0637578 0.610234 0.11884 1.61625 1.3063 0.33999 0.81069 1.03741 0.316045 1.13668 0.792931 0.270169 0.60722 1.64458 0.637377 0.113725 1.22847 0.52401
BD_Brms
 4.91901 1.9207 0.289421 0.713273 0.144088 0.00572785 5.58513 3.19016 1.7346 0.355543 0.00994167 0.11206 0.301921 0.081057 0.0915191 0.0682439 0.653171 0.127202 1.72998 1.39821 0.363912 0.867731 1.1104 0.338282 1.21666 0.848723 0.289178 0.649944 1.76029 0.682223 0.121727 1.31491 0.56088
Sel_flota
 0.432071 0.935296 0.996372 0.999808 0.99999
 0.432071 0.935296 0.996372 0.999808 0.99999
 0.432071 0.935296 0.996372 0.999808 0.99999
 0.432071 0.935296 0.996372 0.999808 0.99999
 0.432071 0.935296 0.996372 0.999808 0.99999
 0.432071 0.935296 0.996372 0.999808 0.99999
 0.432071 0.935296 0.996372 0.999808 0.99999
 0.432071 0.935296 0.996372 0.999808 0.99999
 0.432071 0.935296 0.996372 0.999808 0.99999
 0.432071 0.935296 0.996372 0.999808 0.99999
 0.432071 0.935296 0.996372 0.999808 0.99999
 0.432071 0.935296 0.996372 0.999808 0.99999
 0.432071 0.935296 0.996372 0.999808 0.99999
 0.432071 0.935296 0.996372 0.999808 0.99999
 0.432071 0.935296 0.996372 0.999808 0.99999
 0.432071 0.935296 0.996372 0.999808 0.99999
 0.432071 0.935296 0.996372 0.999808 0.99999
 0.432071 0.935296 0.996372 0.999808 0.99999
 0.432071 0.935296 0.996372 0.999808 0.99999
 0.432071 0.935296 0.996372 0.999808 0.99999
 0.432071 0.935296 0.996372 0.999808 0.99999
 0.432071 0.935296 0.996372 0.999808 0.99999
 0.432071 0.935296 0.996372 0.999808 0.99999
 0.432071 0.935296 0.996372 0.999808 0.99999
 0.432071 0.935296 0.996372 0.999808 0.99999
 0.432071 0.935296 0.996372 0.999808 0.99999
 0.432071 0.935296 0.996372 0.999808 0.99999
 0.432071 0.935296 0.996372 0.999808 0.99999
 0.432071 0.935296 0.996372 0.999808 0.99999
 0.432071 0.935296 0.996372 0.999808 0.99999
 0.432071 0.935296 0.996372 0.999808 0.99999
 0.432071 0.935296 0.996372 0.999808 0.99999
 0.432071 0.935296 0.996372 0.999808 0.99999
Sel_reclas
 0.583827 0.875931 0.972626 0.994439 0.99889
 0.583827 0.875931 0.972626 0.994439 0.99889
 0.583827 0.875931 0.972626 0.994439 0.99889
 0.583827 0.875931 0.972626 0.994439 0.99889
 0.583827 0.875931 0.972626 0.994439 0.99889
 0.583827 0.875931 0.972626 0.994439 0.99889
 0.583827 0.875931 0.972626 0.994439 0.99889
 0.583827 0.875931 0.972626 0.994439 0.99889
 0.583827 0.875931 0.972626 0.994439 0.99889
 0.583827 0.875931 0.972626 0.994439 0.99889
 0.583827 0.875931 0.972626 0.994439 0.99889
 0.583827 0.875931 0.972626 0.994439 0.99889
 0.583827 0.875931 0.972626 0.994439 0.99889
 0.583827 0.875931 0.972626 0.994439 0.99889
 0.583827 0.875931 0.972626 0.994439 0.99889
 0.583827 0.875931 0.972626 0.994439 0.99889
 0.583827 0.875931 0.972626 0.994439 0.99889
 0.583827 0.875931 0.972626 0.994439 0.99889
 0.583827 0.875931 0.972626 0.994439 0.99889
 0.583827 0.875931 0.972626 0.994439 0.99889
 0.583827 0.875931 0.972626 0.994439 0.99889
 0.583827 0.875931 0.972626 0.994439 0.99889
 0.583827 0.875931 0.972626 0.994439 0.99889
 0.583827 0.875931 0.972626 0.994439 0.99889
 0.583827 0.875931 0.972626 0.994439 0.99889
 0.583827 0.875931 0.972626 0.994439 0.99889
 0.583827 0.875931 0.972626 0.994439 0.99889
 0.583827 0.875931 0.972626 0.994439 0.99889
 0.583827 0.875931 0.972626 0.994439 0.99889
 0.583827 0.875931 0.972626 0.994439 0.99889
 0.583827 0.875931 0.972626 0.994439 0.99889
 0.583827 0.875931 0.972626 0.994439 0.99889
 0.583827 0.875931 0.972626 0.994439 0.99889
Sel_pelaces
 0.303319 0.686628 0.916853 0.982299 0.996432
 0.303319 0.686628 0.916853 0.982299 0.996432
 0.303319 0.686628 0.916853 0.982299 0.996432
 0.303319 0.686628 0.916853 0.982299 0.996432
 0.303319 0.686628 0.916853 0.982299 0.996432
 0.303319 0.686628 0.916853 0.982299 0.996432
 0.303319 0.686628 0.916853 0.982299 0.996432
 0.303319 0.686628 0.916853 0.982299 0.996432
 0.303319 0.686628 0.916853 0.982299 0.996432
 0.303319 0.686628 0.916853 0.982299 0.996432
 0.303319 0.686628 0.916853 0.982299 0.996432
 0.303319 0.686628 0.916853 0.982299 0.996432
 0.303319 0.686628 0.916853 0.982299 0.996432
 0.303319 0.686628 0.916853 0.982299 0.996432
 0.303319 0.686628 0.916853 0.982299 0.996432
 0.303319 0.686628 0.916853 0.982299 0.996432
 0.303319 0.686628 0.916853 0.982299 0.996432
 0.303319 0.686628 0.916853 0.982299 0.996432
 0.303319 0.686628 0.916853 0.982299 0.996432
 0.303319 0.686628 0.916853 0.982299 0.996432
 0.303319 0.686628 0.916853 0.982299 0.996432
 0.303319 0.686628 0.916853 0.982299 0.996432
 0.303319 0.686628 0.916853 0.982299 0.996432
 0.303319 0.686628 0.916853 0.982299 0.996432
 0.303319 0.686628 0.916853 0.982299 0.996432
 0.303319 0.686628 0.916853 0.982299 0.996432
 0.303319 0.686628 0.916853 0.982299 0.996432
 0.303319 0.686628 0.916853 0.982299 0.996432
 0.303319 0.686628 0.916853 0.982299 0.996432
 0.303319 0.686628 0.916853 0.982299 0.996432
 0.303319 0.686628 0.916853 0.982299 0.996432
 0.303319 0.686628 0.916853 0.982299 0.996432
 0.303319 0.686628 0.916853 0.982299 0.996432
pf_obs 
 0.8446 0.082 0.0669 0.0065 0
 0.8095 0.147 0.0364 0.0071 0
 0.9664 0.0169 0.016 0.0007 0
 0.9276 0.0648 0.0075 0.0001 0
 0.7033 0.2144 0.0806 0.0017 0
 0.9318 0.0425 0.0243 0.0014 0
 0.5671 0.3108 0.0964 0.0239 0.0018
 0.0768 0.2599 0.5324 0.112 0.0189
 0.490249 0.384438 0.106611 0.0170017 0.00170017
 0.7925 0.1577 0.0466 0.003 0.0002
 0.840416 0.127587 0.0312969 0.00059994 9.999e-05
 0.8084 0.0986 0.0794 0.0134 0.0002
 0.7335 0.1905 0.0724 0.0035 0.0001
 0.4001 0.4547 0.1325 0.0127 0
 0.49795 0.308269 0.164784 0.0264974 0.00249975
 0.9179 0.0499 0.0305 0.0017 0
 0.2467 0.6533 0.0926 0.0074 0
 0.9418 0.0223 0.034 0.0019 0
 0.707729 0.231977 0.0356964 0.0245975 0
 0.517169 0.277429 0.184464 0.0207286 0.00020938
 0.811772 0.124168 0.05621 0.00726502 0.000585176
 0.764997 0.148141 0.077277 0.00933861 0.000247198
 0.163321 0.427699 0.378323 0.0303852 0.000271297
 0.753843 0.0900009 0.118128 0.0371064 0.000921714
 0.721811 0.176058 0.0630433 0.0369309 0.00215725
 0.143369 0.312575 0.442814 0.0836902 0.0175525
 0.692698 0.0596174 0.167031 0.0765114 0.00414204
 0.394062 0.376323 0.152708 0.0712218 0.00568511
 0.125707 0.32114 0.495352 0.0537591 0.00404204
 0.23352 0.215282 0.420074 0.123614 0.00750983
 0.796117 0.104755 0.0508955 0.0450114 0.00322123
 0.162477 0.292055 0.404252 0.121198 0.0200186
 0 0 0 0 0
pf_pred 
 0.00710597 0.166431 0.739723 0.0867398 4.80973e-07
 0.0185786 0.0166671 0.17171 0.710105 0.0829391
 0.970382 0.00172402 0.00052728 0.00489413 0.0224727
 0.0283861 0.962611 0.000581241 0.000160143 0.00826176
 0.118674 0.0773243 0.797411 0.000428236 0.00616267
 0.999589 0.000235613 1.90952e-05 0.000155412 1.26677e-06
 0.00266164 0.997159 0.000105962 8.00634e-06 6.54417e-05
 0.0027319 0.00587955 0.991223 9.81431e-05 6.77524e-05
 0.0147794 0.00597264 0.00614463 0.972941 0.000162267
 0.150005 0.0320595 0.00537926 0.0051203 0.807436
 0.986602 0.00798673 0.000253174 3.43484e-05 0.00512387
 0.925449 0.074245 0.000191196 5.41655e-06 0.000109637
 0.561596 0.42985 0.0085236 1.89913e-05 1.13318e-05
 0.896934 0.0889305 0.0139023 0.000232765 8.20141e-07
 0.800664 0.196332 0.00266444 0.000333831 5.53994e-06
 0.981003 0.018415 0.000575443 6.19489e-06 7.78867e-07
 0.0539055 0.941466 0.00450515 0.00012224 1.46976e-06
 0.985934 0.00252357 0.0114934 4.78657e-05 1.30425e-06
 0.652475 0.346031 0.000292774 0.00119656 5.08834e-06
 0.197972 0.679209 0.122345 9.32733e-05 0.000380626
 0.916729 0.0397817 0.0375378 0.00592896 2.27914e-05
 0.832643 0.163609 0.00191679 0.00158187 0.000248949
 0.0318386 0.915337 0.0517821 0.000534826 0.000507251
 0.906014 0.00857077 0.0812116 0.00412095 8.24205e-05
 0.602765 0.384551 0.00126842 0.0108568 0.000558778
 0.167772 0.671027 0.156529 0.000469313 0.00420151
 0.89434 0.0393271 0.0545097 0.0114829 0.000340632
 0.778792 0.213757 0.00297707 0.00368055 0.000793287
 0.123859 0.787755 0.0856542 0.00109468 0.00163721
 0.263407 0.190033 0.495288 0.0496942 0.00157776
 0.9647 0.0205634 0.0041788 0.00957357 0.000983963
 0.353831 0.638494 0.00467177 0.000855221 0.00214816
 0.0568603 0.531454 0.407154 0.00276315 0.00176878
pobs_RECLAS
 0 0 0 0 0
 0 0 0 0 0
 0 0 0 0 0
 0 0 0 0 0
 0 0 0 0 0
 0 0 0 0 0
 0 0 0 0 0
 0 0 0 0 0
 0 0 0 0 0
 0 0 0 0 0
 0.991045 0.00858322 0.000360255 1.14367e-05 0
 0.934742 0.0480273 0.0164251 0.00080598 0
 0.827803 0.169806 0.00239088 0 0
 0.941827 0.0461693 0.0120037 0 0
 0.791401 0.0380133 0.147996 0.0225897 0
 0.846168 0.0940531 0.0597789 0 0
 0.134021 0.677848 0.182769 0.00536245 0
 0.80878 0.0450904 0.141981 0.00414843 0
 0.846168 0.0940531 0.0597789 0 0
 0.905697 0.0802665 0.012482 0.00150086 5.37128e-05
 0.989698 0.0102097 9.19794e-05 0 0
 0.975433 0.0193895 0.00387452 0.00125025 5.28907e-05
 0.303575 0.632131 0.0575291 0.00676475 0
 0.966965 0.00978017 0.0227588 0.000495775 0
 0.843318 0.132988 0.00938335 0.0141283 0.000182051
 0.564624 0.303363 0.111486 0.0197234 0.00080311
 0.826376 0.0876187 0.0782897 0.00655872 0.00115652
 0.89761 0.0855135 0.0140674 0.00269457 0.000114338
 0.34875 0.467042 0.161289 0.0227151 0.000203297
 0.318654 0.224769 0.449479 0.00709798 0
 0.937255 0.0296025 0.0250945 0.00804832 0
 0.456809 0.399803 0.12412 0.0192676 0
 0.883104 0.0372192 0.0704036 0.00927362 0
ppred_RECLAS
 0.0100205 0.160286 0.741151 0.0885414 4.93068e-07
 0.0273441 0.0157827 0.167721 0.706305 0.0828469
 0.979782 0.00112023 0.000353421 0.00334045 0.015404
 0.0445022 0.946214 0.0005871 0.000164682 0.00853206
 0.237081 0.0683675 0.68875 0.000375484 0.00542567
 0.999712 0.000161208 1.35952e-05 0.000112731 9.22817e-07
 0.00389091 0.995921 0.000110105 8.47586e-06 6.95764e-05
 0.00379041 0.0056381 0.990402 9.99145e-05 6.92714e-05
 0.0204691 0.00561065 0.00599942 0.967759 0.000162094
 0.267479 0.0274243 0.00454692 0.00439645 0.696153
 0.991304 0.00507919 0.000165678 2.28861e-05 0.00342853
 0.954995 0.0448156 0.000117381 3.38352e-06 6.87753e-05
 0.700445 0.293668 0.00586568 1.32904e-05 7.96338e-06
 0.949037 0.0440642 0.0067833 0.000115345 4.0809e-07
 0.898853 0.0996507 0.0013251 0.000168567 2.80886e-06
 0.988698 0.0109491 0.000348426 3.81681e-06 4.81905e-07
 0.0876913 0.907758 0.00442667 0.000122225 1.47578e-06
 0.990761 0.00161746 0.00758894 3.21813e-05 8.80613e-07
 0.744498 0.254352 0.000222025 0.000924029 3.94618e-06
 0.28917 0.599939 0.110454 8.57044e-05 0.00035122
 0.947658 0.0247019 0.0237999 0.0038257 1.47685e-05
 0.890362 0.107104 0.00128485 0.0010793 0.000170578
 0.0490025 0.897619 0.0523044 0.000550065 0.000523925
 0.935352 0.00572259 0.0559746 0.00289246 5.8097e-05
 0.698046 0.291831 0.000995578 0.0086788 0.000448587
 0.236436 0.611754 0.147316 0.000449794 0.00404394
 0.929603 0.0256966 0.0366135 0.00785261 0.000233931
 0.840573 0.153804 0.00222097 0.00279687 0.000605403
 0.172721 0.74089 0.0836633 0.00108924 0.00163604
 0.366255 0.160573 0.428064 0.0437144 0.00139379
 0.976621 0.0133677 0.0028013 0.00653511 0.000674536
 0.445668 0.54743 0.00416517 0.0007768 0.00195954
 0.102028 0.505416 0.388156 0.00267806 0.00172147
pobs_PELACES
 0 0 0 0 0
 0 0 0 0 0
 0 0 0 0 0
 0 0 0 0 0
 0 0 0 0 0
 0 0 0 0 0
 0 0 0 0 0
 0 0 0 0 0
 0 0 0 0 0
 0 0 0 0 0
 0 0 0 0 0
 0 0 0 0 0
 0 0 0 0 0
 0 0 0 0 0
 0 0 0 0 0
 0 0 0 0 0
 0.505614 0.472636 0.0217494 0 0
 0 0 0 0 0
 0.443492 0.261883 0.143347 0.151278 0
 0.227955 0.32914 0.350689 0.0885471 0.00366901
 0.970185 0.0296113 0.000203453 0 0
 0.997202 0.00247181 0.000326279 0 0
 0.445219 0.490057 0.0546422 0.010081 0
 0.90214 0.0892962 0.00764917 0.000914606 0
 0 0 0 0 0
 0.581667 0.319106 0.0959925 0.00289975 0.000334073
 0.762889 0.0836404 0.116647 0.0363945 0.000428098
 0.88444 0.0763242 0.0277011 0.0115352 0
 0.521256 0.241999 0.230069 0.00667565 0
 0.616807 0.101726 0.260614 0.0208532 0
 0.833518 0.0704572 0.0857862 0.0102388 0
 0.697417 0.212968 0.0787535 0.0105354 0.000325836
 0 0 0 0 0
ppred_PELACES
 0.00599549 0.137697 0.761066 0.0952415 5.35603e-07
 0.0179365 0.0130678 0.16342 0.720263 0.0853124
 0.969015 0.00139908 0.000519453 0.00513858 0.023928
 0.0369817 0.951511 0.00069121 0.000202862 0.010613
 0.254574 0.0603409 0.679063 0.000386322 0.00563613
 0.999538 0.000232584 2.34601e-05 0.000203783 1.6846e-06
 0.00271004 0.997059 0.00013178 1.06266e-05 8.80904e-05
 0.00212024 0.00470695 0.992994 0.000104965 7.34905e-05
 0.0117518 0.00453817 0.00578716 0.977757 0.000165381
 0.258688 0.023502 0.00439272 0.00443457 0.708982
 0.988305 0.0062196 0.000237953 3.43953e-05 0.00520316
 0.950734 0.0490215 0.000148573 4.47798e-06 9.19095e-05
 0.696451 0.296729 0.00679348 1.60861e-05 9.73225e-06
 0.954847 0.0383909 0.00664383 0.000117935 4.21285e-07
 0.913673 0.0848927 0.001264 0.000167819 2.82339e-06
 0.9874 0.0121461 0.000447847 5.13008e-06 6.54034e-07
 0.0791395 0.915532 0.00517679 0.000149473 1.8224e-06
 0.986901 0.00200391 0.0110445 4.90125e-05 1.35432e-06
 0.69707 0.301266 0.00030955 0.00134835 5.81475e-06
 0.256806 0.611647 0.131 0.000106315 0.000439939
 0.935934 0.0277515 0.0310703 0.00522342 2.03611e-05
 0.873775 0.122759 0.00171674 0.00150851 0.000240741
 0.0394725 0.897763 0.061438 0.000676155 0.000650332
 0.906982 0.00706864 0.0814544 0.00440556 8.93561e-05
 0.637352 0.347785 0.0014019 0.0127933 0.000667745
 0.190002 0.626522 0.177751 0.000568052 0.00515723
 0.90695 0.0304603 0.0508376 0.0114085 0.000343188
 0.794656 0.196564 0.00336816 0.00444128 0.000970794
 0.128448 0.765158 0.102864 0.00140254 0.00212735
 0.307411 0.155778 0.483502 0.0516459 0.00166276
 0.96814 0.0166711 0.00410948 0.0100335 0.00104578
 0.360479 0.629834 0.0057217 0.00111773 0.00284733
 0.0984115 0.477825 0.418785 0.00301882 0.00195936
pobs_pel_tallas
 0 0 0 0 0 0 0 0 0 0 0 0 0 0 0 0 0 0 0 0 0 0 0 0 0 0
 0 0 0 0 0 0 0 0 0 0 0 0 0 0 0 0 0 0 0 0 0 0 0 0 0 0
 0 0 0 0 0 0 0 0 0 0 0 0 0 0 0 0 0 0 0 0 0 0 0 0 0 0
 0 0 0 0 0 0 0 0 0 0 0 0 0 0 0 0 0 0 0 0 0 0 0 0 0 0
 0 0 0 0 0 0 0 0 0 0 0 0 0 0 0 0 0 0 0 0 0 0 0 0 0 0
 0 0 0 0 0 0 0 0 0 0 0 0 0 0 0 0 0 0 0 0 0 0 0 0 0 0
 0 0 0 0 0 0 0 0 0 0 0 0 0 0 0 0 0 0 0 0 0 0 0 0 0 0
 0 0 0 0 0 0 0 0 0 0 0 0 0 0 0 0 0 0 0 0 0 0 0 0 0 0
 0 0 0 0 0 0 0 0 0 0 0 0 0 0 0 0 0 0 0 0 0 0 0 0 0 0
 0 0 0 0 0 0 0 0 0 0 0 0 0 0 0 0 0 0 0 0 0 0 0 0 0 0
 0 0 0 0 0 0 0 0 0 0 0 0 0 0 0 0 0 0 0 0 0 0 0 0 0 0
 0 0 0 0 0 0 0 0 0 0 0 0 0 0 0 0 0 0 0 0 0 0 0 0 0 0
 0.00862536 0 0 0.000197151 0.00414017 0.0128641 0.00837892 0.0270097 0.101434 0.158115 0.152841 0.127902 0.109271 0.109419 0.0830992 0.0579132 0.0238553 0.00714673 0.00463305 0.00128148 0.00103504 0.000492878 0.000147863 0.000147863 4.92878e-05 0
 0 0 0 0 0 0 0 0 0 0 0 0 0 0 0 0 0 0 0 0 0 0 0 0 0 0
 0 0 0 0 0 0 0 0.0054083 0.00873648 0.0413646 0.0450493 0.0745869 0.0622846 0.0627006 0.0613931 0.0827291 0.12552 0.122667 0.0946155 0.0697135 0.0546179 0.0294188 0.0215738 0.0213955 0.0102223 0.00600262
 0 0 0 0 0.00359764 0.0251062 0.0480494 0.140153 0.205849 0.193036 0.1447 0.116669 0.0760912 0.0342217 0.00950174 0.001854 0.000860785 0 0 0 0.000165536 0 0.000143464 0 0 0
 0 0 0 0 0 0 0 0.000145254 0.000435761 0.0275982 0.070085 0.0708112 0.156366 0.174668 0.174014 0.160142 0.0824315 0.0480064 0.0283245 0.00493863 0.00203355 0 0 0 0 0
 0 0 0 0 0 0 0 0 0 0 0 0 0 0 0 0 0 0 0 0 0 0 0 0 0 0
 0 0 1.00437e-05 0.000401748 0.00122533 0.00171747 0.00176769 0.0269171 0.070346 0.194647 0.189555 0.159765 0.064822 0.0314167 0.0384472 0.0292271 0.0345202 0.0313363 0.0194345 0.0106764 0.0143323 0.0359363 0.0279516 0.0138201 0.00172751 0
 0 0.0021121 0.0136068 0.0755702 0.200478 0.177729 0.0527432 0.0373336 0.0318909 0.0142505 0.0149659 0.0166563 0.0217959 0.0798694 0.0677717 0.0528807 0.04013 0.0224614 0.0357745 0.0225083 0.00881397 0.00855152 0.00135912 0.000746735 0 0
 0 0 0 0 5.4009e-05 0.00500934 0.000945158 0.0243581 0.138947 0.33067 0.221406 0.137944 0.0707744 0.0437923 0.0131692 0.00525238 0.0047753 0.00276346 9.45158e-05 9.00151e-06 2.25038e-05 9.00151e-06 4.50075e-06 0 0 0
 0.000866109 0.00284123 0.00948549 0.0512746 0.133035 0.25785 0.225252 0.132002 0.0553304 0.0519788 0.0540692 0.017754 0.00435017 0.00159236 0.00146478 0.000404838 0.000125132 0.000115318 0.000107957 0.000100596 0 0 0 0 0 0
 0 0 0 0 0.00144013 0.00171154 0.00461396 0.0210425 0.0478622 0.0707936 0.0888783 0.103762 0.0637923 0.0337046 0.0602308 0.124433 0.169614 0.0934646 0.0462172 0.0250306 0.0313229 0.00938855 0.002487 0.000210481 0 0
 0 0.00764035 0.051015 0.0998891 0.058973 0.0496711 0.0374665 0.0718981 0.12319 0.153886 0.159021 0.0857701 0.0377988 0.023471 0.0147837 0.00900784 0.00315554 0.000888139 0.00291439 0.00214683 0.00393193 0.00274676 0.000635225 9.99891e-05 0 0
 0 0 0 0 0 0 0 0 0 0 0 0 0 0 0 0 0 0 0 0 0 0 0 0 0 0
 0 0 0 0 0 0 0 0 0 0 0 0 0 0 0 0 0 0 0 0 0 0 0 0 0 0
 0 0 0 0 0 0 0 0 0 0 0 0 0 0 0 0 0 0 0 0 0 0 0 0 0 0
 0 0 0 0 0 0 0 0 0 0 0 0 0 0 0 0 0 0 0 0 0 0 0 0 0 0
 0 0 0 0 0 0 0 0 0 0 0 0 0 0 0 0 0 0 0 0 0 0 0 0 0 0
 0 0 0 0 0 0 0 0 0 0 0 0 0 0 0 0 0 0 0 0 0 0 0 0 0 0
 0 0 0 0 0 0 0 0 0 0 0 0 0 0 0 0 0 0 0 0 0 0 0 0 0 0
 0 0 0 0 0 0 0 0 0 0 0 0 0 0 0 0 0 0 0 0 0 0 0 0 0 0
 0 0 0 0 0 0 0 0 0 0 0 0 0 0 0 0 0 0 0 0 0 0 0 0 0 0
ppred_pel_tallas
 1.3155e-16 4.93873e-07 4.80063e-06 3.19026e-05 0.000145033 0.000451329 0.000962132 0.00140727 0.00142172 0.00103328 0.000693635 0.000859931 0.00188311 0.00423368 0.00858168 0.0156203 0.0258413 0.0394575 0.0564521 0.0764788 0.0983814 0.119599 0.136192 0.143992 0.140422 0.125854
 1.91389e-16 1.47741e-06 1.43609e-05 9.54335e-05 0.000433828 0.00134981 0.00287597 0.00419793 0.00419971 0.00288495 0.00138159 0.000533188 0.000374407 0.000725364 0.00166565 0.00361835 0.00737264 0.0141411 0.0255233 0.0431915 0.0682002 0.100053 0.135953 0.170788 0.19816 0.212265
 1.04581e-16 7.98165e-05 0.000775844 0.00515576 0.0234373 0.0729222 0.155369 0.226765 0.226765 0.155369 0.0729246 0.0234443 0.00517369 0.000816696 0.000162913 0.000159029 0.000263622 0.000432835 0.000698981 0.00112102 0.00177055 0.00270214 0.00391168 0.00530235 0.00668085 0.00779584
 1.0208e-16 3.04633e-06 2.96115e-05 0.000196783 0.000894605 0.00278394 0.00593486 0.00868128 0.00877277 0.00638181 0.00428405 0.00522463 0.0110552 0.0236985 0.0448516 0.0738742 0.105787 0.131706 0.142589 0.13429 0.110127 0.0788298 0.0495708 0.0278628 0.0146424 0.00792884
 1.20605e-16 2.09689e-05 0.000203825 0.00135449 0.00615733 0.0191578 0.0408179 0.0595763 0.0595832 0.0408519 0.0192748 0.00650844 0.00228528 0.00239897 0.00466661 0.00891993 0.0157178 0.0257123 0.0393345 0.0563834 0.0754862 0.0937898 0.107393 0.112659 0.107825 0.0939213
 1.00022e-16 8.23307e-05 0.000800283 0.00531816 0.0241756 0.0752193 0.160263 0.233908 0.233908 0.160263 0.0752196 0.0241767 0.00532085 0.00080615 9.35168e-05 2.44055e-05 2.74271e-05 3.49263e-05 4.01239e-05 4.21865e-05 4.21933e-05 4.21731e-05 4.36938e-05 4.68463e-05 5.02683e-05 5.20217e-05
 1.00275e-16 2.2343e-07 2.17191e-06 1.44378e-05 6.5691e-05 0.000204903 0.000440112 0.000662454 0.000758325 0.000908444 0.00177675 0.00460274 0.0113918 0.0248016 0.0469885 0.0773919 0.110807 0.137914 0.149218 0.14035 0.114759 0.0815765 0.0504182 0.0270996 0.0126764 0.0051712
 1.2868e-16 1.74647e-07 1.69763e-06 1.12814e-05 5.12847e-05 0.000159575 0.000340059 0.000496717 0.0004987 0.000350473 0.000198958 0.000184471 0.000418742 0.00113256 0.00285269 0.00654643 0.0136731 0.025982 0.0448864 0.0704388 0.100322 0.129583 0.151714 0.160938 0.154642 0.134577
 1.98252e-16 9.67986e-07 9.40917e-06 6.25273e-05 0.00028424 0.000884381 0.0018843 0.00275034 0.00275114 0.00188836 0.000899254 0.000332871 0.000207335 0.000406042 0.00100907 0.00239224 0.00531233 0.0110273 0.021323 0.0382488 0.0634102 0.0968865 0.136185 0.175908 0.208672 0.227264
 2.20558e-16 2.13078e-05 0.00020712 0.00137638 0.00625684 0.0194673 0.0414773 0.0605379 0.0605403 0.0414892 0.0195077 0.00637581 0.00168512 0.000917782 0.00149051 0.00278243 0.00494721 0.00851114 0.014453 0.0242922 0.0398716 0.0626892 0.0928998 0.12841 0.164616 0.195177
 1.00893e-16 8.14054e-05 0.000791289 0.00525839 0.0239039 0.0743739 0.158461 0.231279 0.23128 0.158464 0.0743837 0.0239323 0.00532974 0.000947121 0.000377714 0.000496787 0.000711341 0.000904155 0.00102022 0.00104394 0.0010093 0.000981616 0.001019 0.00114015 0.00131713 0.00149178
 1.00033e-16 7.83107e-05 0.000761208 0.00505849 0.0229952 0.0715465 0.152438 0.222488 0.222493 0.152461 0.0716238 0.0232183 0.00561793 0.00198066 0.00238896 0.00381157 0.00545039 0.00678499 0.00734418 0.00691312 0.0056613 0.00403705 0.00251226 0.00137169 0.000666302 0.000298306
 1.00276e-16 5.73658e-05 0.000557616 0.00370556 0.0168449 0.052411 0.111668 0.162989 0.163018 0.111808 0.052879 0.018196 0.00709391 0.00794492 0.0140592 0.0230783 0.0330663 0.0412161 0.0447085 0.0422433 0.0348315 0.0251561 0.0160345 0.00915794 0.00482272 0.00245238
 1.00214e-16 7.86495e-05 0.000764501 0.00508038 0.0230947 0.0718561 0.153097 0.22345 0.223454 0.153115 0.0719168 0.0232701 0.00552083 0.00172619 0.00190557 0.003027 0.00435527 0.00548082 0.00604328 0.0058749 0.00509307 0.00401595 0.00296972 0.00213883 0.00154559 0.00112478
 1.00076e-16 7.5258e-05 0.000731535 0.00486131 0.0220988 0.0687576 0.146496 0.213816 0.213825 0.146536 0.0688915 0.0224852 0.00583047 0.00284436 0.00407943 0.00660281 0.00945208 0.0117761 0.012764 0.0120441 0.00990722 0.0071246 0.0045063 0.00253919 0.00130866 0.000647365
 1.00017e-16 8.13309e-05 0.000790565 0.00525358 0.023882 0.0743058 0.158316 0.231068 0.231069 0.158322 0.074325 0.0239373 0.00539234 0.00109313 0.000654926 0.000951289 0.00135605 0.0016915 0.00183772 0.00174127 0.00144313 0.00105227 0.000682891 0.000403198 0.00022484 0.000124486
 1.00399e-16 6.51881e-06 6.33652e-05 0.000421088 0.00191426 0.00595645 0.0126941 0.0185459 0.0186339 0.0131242 0.00739994 0.0060809 0.0108699 0.0228402 0.0431662 0.0710959 0.101814 0.126767 0.137243 0.129232 0.105889 0.0755709 0.047076 0.0257132 0.0124383 0.00544399
 1.00325e-16 8.12897e-05 0.000790165 0.00525093 0.0238699 0.0742683 0.158236 0.230951 0.230951 0.158237 0.0742718 0.0238803 0.00527773 0.000851297 0.000205025 0.000230103 0.000369465 0.000559431 0.000792304 0.00105997 0.00134348 0.00160563 0.00179273 0.00185163 0.00175501 0.00151808
 1.00223e-16 5.74168e-05 0.000558112 0.00370885 0.0168599 0.0524576 0.111768 0.163134 0.163163 0.111909 0.0529326 0.0182309 0.00714679 0.00805202 0.0142569 0.0233928 0.0334911 0.0416922 0.0451266 0.0424769 0.0347868 0.0248138 0.0154584 0.00846875 0.00415316 0.00190485
 1.04022e-16 2.11529e-05 0.000205614 0.00136638 0.0062114 0.0193263 0.0411789 0.0601142 0.0601732 0.0414673 0.0202948 0.0090094 0.00839249 0.0155526 0.0291933 0.0482932 0.0697101 0.0879467 0.0973704 0.0953114 0.0835794 0.0671172 0.0509601 0.0379083 0.0282616 0.0210347
 1.01432e-16 7.70917e-05 0.000749359 0.00497975 0.0226372 0.0704328 0.150065 0.219024 0.219027 0.150078 0.0704776 0.0227672 0.00530797 0.00147281 0.0014714 0.00236359 0.0035211 0.00468595 0.00564456 0.00628846 0.00664923 0.0068251 0.00686536 0.00672141 0.00630134 0.00556649
 1.00274e-16 7.19717e-05 0.000699591 0.00464903 0.0211338 0.0657552 0.140099 0.204481 0.204493 0.140157 0.0659488 0.0216927 0.00605057 0.00375511 0.00586302 0.00954758 0.0136734 0.0170409 0.0184824 0.0174635 0.014408 0.010432 0.0067044 0.00392228 0.00219827 0.00127876
 1.02181e-16 3.25149e-06 3.16057e-05 0.000210035 0.000954842 0.00297133 0.00633393 0.00926267 0.00934909 0.00675613 0.00438862 0.00504698 0.0104763 0.0224241 0.0424753 0.0700685 0.100589 0.125754 0.137108 0.130723 0.109563 0.081543 0.0549145 0.03455 0.02123 0.0132725
 1.0281e-16 7.47069e-05 0.000726178 0.00482571 0.021937 0.068254 0.145422 0.212248 0.212249 0.145426 0.0682678 0.0219784 0.0049358 0.000986415 0.000627164 0.00107006 0.00188602 0.00310229 0.00477495 0.0068883 0.00928277 0.0116138 0.0134006 0.0141839 0.0137229 0.0121145
 1.01526e-16 5.24979e-05 0.000510299 0.00339112 0.0154155 0.0479637 0.102193 0.14916 0.149194 0.102356 0.0485121 0.0169986 0.00736136 0.00916571 0.0164566 0.0270343 0.0387327 0.0482791 0.0523853 0.0495558 0.0410131 0.0299373 0.019641 0.0120723 0.00749539 0.00512282
 1.0622e-16 1.56503e-05 0.000152127 0.00101094 0.00459561 0.014299 0.0304677 0.0444812 0.0445418 0.0307635 0.0152924 0.00746665 0.00822374 0.0159177 0.0300153 0.0497455 0.0719995 0.0912355 0.101757 0.100844 0.0902603 0.0748587 0.0595077 0.0468042 0.0369066 0.0288378
 1.02678e-16 7.47043e-05 0.000726153 0.00482554 0.0219362 0.0682517 0.145418 0.212242 0.212245 0.145432 0.0683014 0.0220809 0.00519231 0.00153897 0.00165412 0.00270981 0.00411484 0.00563201 0.00706318 0.00830327 0.00935772 0.0102511 0.0109127 0.0111588 0.0107999 0.00977834
 1.00758e-16 6.54548e-05 0.000636244 0.00422807 0.0192202 0.0598012 0.127414 0.185968 0.185987 0.127506 0.0601113 0.0201151 0.00647269 0.00553012 0.00934175 0.0152931 0.0219139 0.0273275 0.0296729 0.0281004 0.0232917 0.0170322 0.0111841 0.00684716 0.0041809 0.00276026
 1.03665e-16 1.05803e-05 0.000102844 0.000683439 0.00310686 0.00966699 0.0205993 0.0300807 0.0301544 0.0209595 0.0108766 0.0066003 0.00945143 0.0192399 0.0363444 0.0600376 0.086409 0.108488 0.119144 0.11504 0.0985876 0.0762819 0.0548205 0.0380513 0.0264902 0.0187733
 1.19454e-16 2.53211e-05 0.00024613 0.00163562 0.0074353 0.0231341 0.0492902 0.0719437 0.0719595 0.0493674 0.0233956 0.00820005 0.00359031 0.00462926 0.0086894 0.0152106 0.0239697 0.0344333 0.0459251 0.057911 0.0698821 0.0808394 0.0889621 0.092043 0.0885742 0.0787077
 1.01307e-16 7.97444e-05 0.000775144 0.00515111 0.0234162 0.0728564 0.155228 0.226561 0.226562 0.155236 0.0728829 0.0234928 0.00534379 0.00119702 0.000884784 0.0013471 0.00195925 0.00252344 0.00290255 0.0030472 0.00302443 0.00296887 0.0029885 0.00309803 0.00322191 0.00325108
 1.00921e-16 2.96923e-05 0.00028862 0.00191799 0.00871892 0.0271281 0.0578016 0.0843758 0.0844364 0.0580975 0.0281213 0.0115856 0.00910722 0.0159607 0.029729 0.0489309 0.0700849 0.0872946 0.0945756 0.089177 0.0732733 0.0526088 0.0332183 0.0187274 0.00976173 0.00504931
 1.12842e-16 8.10613e-06 7.87945e-05 0.000523619 0.00238033 0.00740633 0.0157817 0.0230436 0.0230902 0.0160096 0.00817312 0.00460188 0.00612558 0.0123922 0.0236391 0.0397044 0.0586679 0.0768192 0.0902311 0.096851 0.0973577 0.0940239 0.0886869 0.0816636 0.0723222 0.060418
pSPR Fmed_Fpbrs
1   0.984264 0.6 0.325 0.984264 0.984264 0.984264
Fs Fmed_Fpbrs
0   0.01 0.370811 0.969144 0.01 0.01 0.01
SSBpbr Bo_Bmed_Bpbrs
384529  365303  359252 211491 105745 359252 359252 359252
Ro
26122.8
SPR SPRFo_SPRFmed_SPRFpbrs
188197 188197 185236
Fref
0
Nvult_r0
 1944.85 13569.5 10210 69.2238 44.3102
CTP_r0
 1028.48 9612.86 7364.55 49.9795 31.9935
YTP_r0
355457
Np
 2209.43 812.803 299.013 110.001 55.3541
Nvult_p0
 1396.62 513.789 189.013 69.5338 34.9904
CTP_p0
 0 0 0 0 0
 0 0 0 0 0
 0 0 0 0 0
 0 0 0 0 0
 0 0 0 0 0
 0 0 0 0 0
YTP_p0
 0 0 0 0 0 0
CBA_c0
0
log_Ro
9.99056
likeval ReclasPelacesDesembMPH_pf_preclas_ppelaces_ptallas_desvR_qrecl_qpela
 30.9284 26.0448 0.476637 0.00200632 429.47 169.676 142.725 0 224.798 0.000157874 0.000314831 0.00441034 2063.93 0 0
q_reclas_q_pelaces
5.91169 12.2964
M
1
N
 1641.27 18864.3 79274.9 9267.57 0.0513805
 1052.68 530.687 5248.3 21656.7 2529.17
 243934 243.438 71.4683 661.902 3038.95
 2852.67 56474.1 32.8637 9.0367 466.154
 1225.2 591.095 5996.57 3.21758 46.3016
 807053 92.8057 7.10655 57.6614 0.469924
 1439.83 264371 26.558 2.00058 16.3496
 463.218 466.886 74008.8 7.30327 5.04087
 817.224 165.648 161.541 25504.4 4.25298
 1643.16 251.521 41.4178 39.3851 6210.43
 32447.4 151.343 4.61732 0.625156 93.2467
 138188 6988.86 17.4754 0.4943 10.0044
 43796.7 22274.6 430.885 0.95879 0.572055
 80271.8 5761.68 884.653 14.7977 0.0521366
 38668.5 6963.91 92.9183 11.6315 0.193016
 262445 3080.99 93.4126 1.00401 0.126221
 4002.48 43519.7 201.972 5.47128 0.0657784
 462425 674.274 2952.13 12.2685 0.334257
 346033 102911 83.5658 340.778 1.44899
 38467.1 80481.6 14032.1 10.6792 43.5754
 260743 6949.82 6351.88 1001.55 3.84971
 389202 45998.4 520.916 429.12 67.527
 4483.01 73536.6 3999.81 41.2248 39.0949
 188465 993.228 9025.9 456.978 9.13864
 128592 44633.4 140.833 1202.56 61.8855
 14566.8 32443.6 7257.87 21.712 194.353
 135018 3453.86 4612.03 969.628 28.7601
 196280 28272 375.171 462.615 99.6962
 16736.6 54258.5 5602.7 71.4043 106.777
 11339.4 4961.94 12511.1 1253.08 39.7808
 173544 2085.28 406.918 930.218 95.596
 44441.7 39785.2 275.587 50.2999 126.324
 2209.43 14024 10500.3 71.1742 45.558
pred_Ctot
 126.945 2973.22 13214.8 1549.57 0.00859237
 256.57 230.172 2371.32 9806.55 1145.39
 59336 105.418 32.2416 299.262 1374.14
 824.769 27969 16.8882 4.65301 240.048
 693.544 451.893 4660.17 2.50267 36.0155
 56422.7 13.2994 1.07784 8.77239 0.0715041
 109.022 40844.1 4.34025 0.327944 2.68052
 8.19815 17.644 2974.56 0.294518 0.203318
 85.6382 34.608 35.6046 5637.64 0.940244
 866.274 185.142 31.065 29.5696 4662.91
 8876.43 71.8563 2.27779 0.309031 46.0993
 52405.4 4204.27 10.8269 0.306723 6.20842
 19283.2 14759.5 292.669 0.652091 0.389092
 43321.1 4295.27 671.469 11.2424 0.0396121
 21520 5276.96 71.6139 8.97261 0.148901
 97085.3 1822.45 56.9489 0.613079 0.0770809
 1459.51 25490.5 121.979 3.3097 0.0397943
 120255 307.802 1401.86 5.83821 0.15908
 83480.9 44272.9 37.4589 153.093 0.651028
 13097.9 44936.5 8094.35 6.17096 25.1822
 90967.3 3947.55 3724.89 588.333 2.2616
 126226 24802.7 290.579 239.807 37.74
 1174.2 33757.5 1909.71 19.7243 18.7073
 43978.1 416.027 3942.03 200.032 4.00071
 26331.3 16798.8 55.4099 474.271 24.4097
 3391.59 13565.1 3164.31 9.48738 84.9353
 38473.5 1691.81 2344.95 493.984 14.6536
 31566 8664.02 120.667 149.18 32.1535
 2089.97 13292.5 1445.32 18.4715 27.626
 3789.22 2733.7 7124.92 714.871 22.6968
 42947.7 915.468 186.037 426.208 43.8053
 4045.77 7300.65 53.4179 9.77875 24.5624
 1028.48 9612.86 7364.55 49.9795 31.9935
F
 0.129056 0.279365 0.297609 0.298635 0.298689
 0.464234 1.00492 1.07054 1.07423 1.07443
 0.463115 1.00249 1.06796 1.07164 1.07184
 0.574032 1.24259 1.32374 1.3283 1.32855
 1.58035 3.42096 3.64435 3.65692 3.65759
 0.116034 0.251177 0.267579 0.268502 0.268551
 0.126195 0.273171 0.291009 0.292013 0.292066
 0.0283309 0.0613274 0.0653322 0.0655575 0.0655694
 0.178389 0.386154 0.411371 0.41279 0.412865
 1.38483 2.99771 3.19347 3.20448 3.20506
 0.535302 1.15876 1.23443 1.23868 1.23891
 0.825171 1.78623 1.90288 1.90944 1.90979
 1.02833 2.22601 2.37137 2.37955 2.37998
 1.44468 3.12726 3.33148 3.34297 3.34358
 1.52977 3.31147 3.52772 3.53988 3.54052
 0.796827 1.72488 1.83751 1.84385 1.84419
 0.781033 1.69069 1.80109 1.8073 1.80763
 0.502615 1.088 1.15905 1.16305 1.16326
 0.458507 0.992521 1.05733 1.06098 1.06117
 0.711088 1.53928 1.6398 1.64545 1.64575
 0.734928 1.59088 1.69477 1.70062 1.70092
 0.666316 1.44236 1.53655 1.54185 1.54213
 0.507089 1.09769 1.16937 1.1734 1.17361
 0.440428 0.953386 1.01564 1.01915 1.01933
 0.377144 0.816396 0.869708 0.872707 0.872866
 0.439251 0.950837 1.01293 1.01642 1.01661
 0.563532 1.21987 1.29953 1.30401 1.30425
 0.285781 0.618624 0.659022 0.661295 0.661415
 0.215802 0.467141 0.497646 0.499363 0.499453
 0.693378 1.50094 1.59896 1.60447 1.60476
 0.472936 1.02376 1.09061 1.09437 1.09457
 0.153412 0.332087 0.353773 0.354993 0.355057
 1.12235 2.42952 2.58817 2.5971 2.59757
YTP_r0W_actual
 7754.74 167744 177265 1565.36 1127.77
YTP_p0W_proyectada
 0 0 0 0 0
 0 0 0 0 0
 0 0 0 0 0
 0 0 0 0 0
 0 0 0 0 0
 0 0 0 0 0
CTP_r0_actual
 1028.48 9612.86 7364.55 49.9795 31.9935
CTP_p0_proyectada
 0 0 0 0 0
 0 0 0 0 0
 0 0 0 0 0
 0 0 0 0 0
 0 0 0 0 0
 0 0 0 0 0
Wmedp
 7.54 17.45 24.07 31.32 35.25
Frms_r0
 1.12235 2.42952 2.58817 2.5971 2.59757
Zrms_r0
 2.12235 3.42952 3.58817 3.5971 3.59757
nmprior
 7.29 8.9 8.7 0
nm_flota  nm_reclas  nm_pelaces    nm_pelaL
inf 10.5894 3.56585 5.92964
cv_recla  cv_pelaces  cv_mph
0.481626 0.559051 1.19712
 ------------------------------------------------
Talla a la edad & desviaci?n 
 8 13.2811 15.8009 17.003 17.5766
 0.8 1.32811 1.58009 1.7003 1.75766
