years
 1991 1992 1993 1994 1995 1996 1997 1998 1999 2000 2001 2002 2003 2004 2005 2006 2007 2008 2009 2010 2011 2012 2013 2014 2015 2016 2017 2018 2019 2020 2021 2022 2023
reclasobs
 0 0 0 0 0 0 0 0 0 252601 567819 844713 477998 351125 339783 2.1784e+06 2.13404e+06 4.81314e+06 1.55562e+06 2.62356e+06 3.21686e+06 3.843e+06 1.13348e+06 3.07943e+06 1.97215e+06 2.03268e+06 2.025e+06 2.42433e+06 2.27542e+06 1.05018e+06 2.36338e+06 3.18982e+06 1.53035e+06
reclaspred
 3.58978e+06 1.75154e+06 877916 601545 449009 2.33668e+06 1.15399e+06 786875 526284 254065 490723 785007 800434 571043 482102 1.57241e+06 1.07212e+06 3.99693e+06 3.08448e+06 1.99073e+06 3.27181e+06 2.79058e+06 1.83486e+06 3.09876e+06 2.24545e+06 1.84713e+06 2.31783e+06 2.85432e+06 2.28356e+06 1.23767e+06 1.90718e+06 2.00902e+06 1.07315e+06
pelacesobs
 0 0 0 0 0 0 0 0 0 0 0 0 0 0 0 552880 188675 0 991730 2.46772e+06 1.41603e+06 1.21717e+06 2.29649e+06 1.80582e+06 0 1.4828e+06 1.56532e+06 1.57751e+06 1.42118e+06 867257 1.10002e+06 1.06204e+06 0
pelacespred
 2.52706e+06 1.12238e+06 486771 226794 208897 1.21073e+06 553569 556487 274708 100166 255616 331613 388214 260764 219423 636457 504130 2.09754e+06 1.70954e+06 967030 1.64675e+06 1.36423e+06 1.05708e+06 1.86532e+06 1.36465e+06 1.15979e+06 1.52679e+06 1.68959e+06 1.454e+06 846846 918036 1.21061e+06 565607
mphobs
 0 0 0 0 0 0 0 0 0 0 0 0 498337 0 5186 125008 0 168611 109162 213762 579715 649985 157893 87575 83554 210694 70296 0 107559 103333 445601 22526 28222
mphpred
 465474 251836 108791 58445.1 35655.1 38806.4 197417 72314 52850.1 25826.8 12314.1 46078.9 56961.6 41806.1 23449.7 26848.9 132615 73477.4 316619 179200 164132 186655 185480 116768 236439 166701 127675 168604 278907 165062 69008.7 175307 92809.4
desembarqueobs
 494567 514787 250237 358949 120608 361735 552515 73892 212993 205616 52469 317467 293654 387597 252695 516296 358380 742168 942051 627588 828172 859565 418607 520667 417249 300574 415391 372974 316634 284311 391294 218835 356480
desembarquepred
 494518 514562 250011 358874 120589 361615 552171 73888.3 212942 205558 52465.4 317353 293498 387151 252508 515933 358341 741642 941094 626733 828048 858976 418452 520543 417055 300462 415220 372795 316497 284138 391017 218824 356423
Reclutas
 98104.4 94475.3 83924.1 65935.6 43778.3 246168 45449 17749 27673.7 34169.1 54122.6 106413 88973.2 67256.5 49025.8 267208 33456.5 480566 236954 194587 248351 373835 46705.1 187391 145180 57242.5 149452 177843 47405.6 44342.7 143925 39456.9 66059.8
log_desv_Rt
 0.0994498 0.061756 -0.0566699 -0.297903 -0.707445 1.01943 -0.669992 -1.61025 -1.1661 -0.95526 -0.495331 0.180746 0.00175282 -0.278068 -0.594235 1.10145 -0.976337 1.68838 0.981285 0.784298 1.02826 1.43723 -0.642729 0.746615 0.491393 -0.439285 0.520396 0.694318 -0.627843 -0.694635 0.482713 -0.811374 -0.296023
SSB
 1.03743e+06 561283 242470 130260 79466.9 86490.4 439995 161171 117791 57561.9 27445.3 102699 118102 89971.9 49051.9 56864.1 295568 163764 735407 417052 396153 484935 499808 298864 553829 420870 299900 375778 648950 355123 179146 453764 225828
BT
 1.54274e+06 1.03973e+06 465241 412923 218655 1.19749e+06 760647 364463 374283 256992 224378 485001 520640 581207 409947 887142 546824 2.19178e+06 1.89989e+06 1.1149e+06 1.76178e+06 1.62303e+06 896944 1.74335e+06 1.1285e+06 883510 1.42806e+06 1.42478e+06 958569 706042 933888 800802 654423
Ftot
 0.445027 0.941431 0.944549 1.94069 0.987061 0.745297 1.36607 0.330211 1.47541 2.65067 0.510588 1.57753 1.40914 2.49917 2.17126 1.55039 1.04005 0.886221 1.06389 1.16301 0.992075 1.19006 0.725723 0.729401 0.657269 0.558424 0.750554 0.558681 0.434321 0.7653 0.906542 0.359904 1.19445
BD_Bspro_t
 0.931272 0.593581 0.334934 0.228465 0.144611 0.192718 0.448397 0.208398 0.211459 0.139193 0.0972834 0.351525 0.264437 0.184161 0.10635 0.123718 0.307533 0.19598 0.438101 0.28657 0.241268 0.277713 0.307219 0.236195 0.392152 0.387057 0.363623 0.445268 0.557104 0.415862 0.302747 0.472118 0.400039
BD_Bspro
 1.62131 0.877182 0.378936 0.203573 0.124192 0.135169 0.687632 0.25188 0.184085 0.0899586 0.042892 0.1605 0.184572 0.14061 0.0766591 0.0888681 0.461919 0.255933 1.14931 0.651775 0.619115 0.757864 0.781108 0.46707 0.865534 0.657742 0.468688 0.587272 1.01419 0.554992 0.279973 0.70915 0.352928
BD_Bo
 3.20025 1.73144 0.747966 0.401825 0.245138 0.266804 1.35729 0.497176 0.363358 0.177566 0.0846628 0.316804 0.364319 0.277544 0.151314 0.175413 0.911764 0.505176 2.26857 1.28651 1.22205 1.49592 1.5418 0.92193 1.70844 1.29829 0.925125 1.15919 2.00187 1.09548 0.552627 1.39976 0.69663
BD_Brms
 3.42777 1.85453 0.801142 0.430392 0.262566 0.285772 1.45378 0.532523 0.38919 0.19019 0.0906818 0.339327 0.39022 0.297275 0.162072 0.187884 0.976585 0.54109 2.42985 1.37798 1.30893 1.60227 1.65141 0.987474 1.8299 1.39059 0.990896 1.2416 2.14419 1.17336 0.591916 1.49928 0.746156
Sel_flota
 0.45429 1 1 1 1
 0.45429 1 1 1 1
 0.45429 1 1 1 1
 0.45429 1 1 1 1
 0.45429 1 1 1 1
 0.45429 1 1 1 1
 0.45429 1 1 1 1
 0.45429 1 1 1 1
 0.45429 1 1 1 1
 0.45429 1 1 1 1
 0.45429 1 1 1 1
 0.45429 1 1 1 1
 0.45429 1 1 1 1
 0.45429 1 1 1 1
 0.45429 1 1 1 1
 0.45429 1 1 1 1
 0.45429 1 1 1 1
 0.45429 1 1 1 1
 0.45429 1 1 1 1
 0.45429 1 1 1 1
 0.45429 1 1 1 1
 0.45429 1 1 1 1
 0.45429 1 1 1 1
 0.45429 1 1 1 1
 0.45429 1 1 1 1
 0.45429 1 1 1 1
 0.45429 1 1 1 1
 0.45429 1 1 1 1
 0.45429 1 1 1 1
 0.45429 1 1 1 1
 0.45429 1 1 1 1
 0.45429 1 1 1 1
 0.45429 1 1 1 1
Sel_reclas
 0.813959 1 1 1 1
 0.813959 1 1 1 1
 0.813959 1 1 1 1
 0.813959 1 1 1 1
 0.813959 1 1 1 1
 0.813959 1 1 1 1
 0.813959 1 1 1 1
 0.813959 1 1 1 1
 0.813959 1 1 1 1
 0.813959 1 1 1 1
 0.813959 1 1 1 1
 0.813959 1 1 1 1
 0.813959 1 1 1 1
 0.813959 1 1 1 1
 0.813959 1 1 1 1
 0.813959 1 1 1 1
 0.813959 1 1 1 1
 0.813959 1 1 1 1
 0.813959 1 1 1 1
 0.813959 1 1 1 1
 0.813959 1 1 1 1
 0.813959 1 1 1 1
 0.813959 1 1 1 1
 0.813959 1 1 1 1
 0.813959 1 1 1 1
 0.813959 1 1 1 1
 0.813959 1 1 1 1
 0.813959 1 1 1 1
 0.813959 1 1 1 1
 0.813959 1 1 1 1
 0.813959 1 1 1 1
 0.813959 1 1 1 1
 0.813959 1 1 1 1
Sel_pelaces
 0.490749 0.829054 0.960641 0.991925 0.998385
 0.490749 0.829054 0.960641 0.991925 0.998385
 0.490749 0.829054 0.960641 0.991925 0.998385
 0.490749 0.829054 0.960641 0.991925 0.998385
 0.490749 0.829054 0.960641 0.991925 0.998385
 0.490749 0.829054 0.960641 0.991925 0.998385
 0.490749 0.829054 0.960641 0.991925 0.998385
 0.490749 0.829054 0.960641 0.991925 0.998385
 0.490749 0.829054 0.960641 0.991925 0.998385
 0.490749 0.829054 0.960641 0.991925 0.998385
 0.490749 0.829054 0.960641 0.991925 0.998385
 0.490749 0.829054 0.960641 0.991925 0.998385
 0.490749 0.829054 0.960641 0.991925 0.998385
 0.490749 0.829054 0.960641 0.991925 0.998385
 0.490749 0.829054 0.960641 0.991925 0.998385
 0.490749 0.829054 0.960641 0.991925 0.998385
 0.490749 0.829054 0.960641 0.991925 0.998385
 0.490749 0.829054 0.960641 0.991925 0.998385
 0.490749 0.829054 0.960641 0.991925 0.998385
 0.490749 0.829054 0.960641 0.991925 0.998385
 0.490749 0.829054 0.960641 0.991925 0.998385
 0.490749 0.829054 0.960641 0.991925 0.998385
 0.490749 0.829054 0.960641 0.991925 0.998385
 0.490749 0.829054 0.960641 0.991925 0.998385
 0.490749 0.829054 0.960641 0.991925 0.998385
 0.490749 0.829054 0.960641 0.991925 0.998385
 0.490749 0.829054 0.960641 0.991925 0.998385
 0.490749 0.829054 0.960641 0.991925 0.998385
 0.490749 0.829054 0.960641 0.991925 0.998385
 0.490749 0.829054 0.960641 0.991925 0.998385
 0.490749 0.829054 0.960641 0.991925 0.998385
 0.490749 0.829054 0.960641 0.991925 0.998385
 0.490749 0.829054 0.960641 0.991925 0.998385
pf_obs 
 0.8446 0.082 0.0669 0.0065 0
 0.8095 0.147 0.0364 0.0071 0
 0.9664 0.0169 0.016 0.0007 0
 0.9276 0.0648 0.0075 0.0001 0
 0.7033 0.2144 0.0806 0.0017 0
 0.9318 0.0425 0.0243 0.0014 0
 0.5671 0.3108 0.0964 0.0239 0.0018
 0.0768 0.2599 0.5324 0.112 0.0189
 0.490249 0.384438 0.106611 0.0170017 0.00170017
 0.7925 0.1577 0.0466 0.003 0.0002
 0.840416 0.127587 0.0312969 0.00059994 9.999e-05
 0.8084 0.0986 0.0794 0.0134 0.0002
 0.7335 0.1905 0.0724 0.0035 0.0001
 0.4001 0.4547 0.1325 0.0127 0
 0.49795 0.308269 0.164784 0.0264974 0.00249975
 0.9179 0.0499 0.0305 0.0017 0
 0.2467 0.6533 0.0926 0.0074 0
 0.9418 0.0223 0.034 0.0019 0
 0.707729 0.231977 0.0356964 0.0245975 0
 0.517169 0.277429 0.184464 0.0207286 0.00020938
 0.811772 0.124168 0.05621 0.00726502 0.000585176
 0.764997 0.148141 0.077277 0.00933861 0.000247198
 0.163321 0.427699 0.378323 0.0303852 0.000271297
 0.753843 0.0900009 0.118128 0.0371064 0.000921714
 0.721811 0.176058 0.0630433 0.0369309 0.00215725
 0.143369 0.312575 0.442814 0.0836902 0.0175525
 0.692698 0.0596174 0.167031 0.0765114 0.00414204
 0.394062 0.376323 0.152708 0.0712218 0.00568511
 0.125707 0.32114 0.495352 0.0537591 0.00404204
 0.23352 0.215282 0.420074 0.123614 0.00750983
 0.796117 0.104755 0.0508955 0.0450114 0.00322123
 0.162477 0.292055 0.404252 0.121198 0.0200186
 0 0 0 0 0
pf_pred 
 0.405457 0.198072 0.353521 0.0429497 1.20571e-06
 0.527306 0.300158 0.0574804 0.102592 0.0124644
 0.610884 0.300701 0.0561424 0.0107513 0.0215205
 0.632933 0.303692 0.0489749 0.00914386 0.00525607
 0.681062 0.2828 0.0298988 0.00482162 0.00141769
 0.91673 0.0723456 0.00968627 0.00102407 0.000213705
 0.286025 0.691822 0.0192464 0.00257688 0.000329291
 0.362455 0.376021 0.25341 0.00704983 0.00106451
 0.631188 0.214789 0.090842 0.0612208 0.00196033
 0.795951 0.176531 0.0160257 0.00677783 0.00471402
 0.874669 0.12034 0.0043177 0.000391965 0.000281074
 0.794615 0.194695 0.0102646 0.000368284 5.74078e-05
 0.720638 0.262023 0.0164369 0.000866573 3.59385e-05
 0.704578 0.267064 0.0265981 0.00166852 9.16146e-05
 0.789716 0.196056 0.0128615 0.00128094 8.4766e-05
 0.957904 0.0399699 0.00198192 0.000130016 1.38058e-05
 0.275079 0.716767 0.00774175 0.000383877 2.78568e-05
 0.948858 0.0279015 0.0229788 0.000248192 1.31997e-05
 0.524321 0.467248 0.00459991 0.00378835 4.30938e-05
 0.615897 0.299107 0.0834896 0.000821929 0.000684616
 0.732557 0.225105 0.0329692 0.00920268 0.00016606
 0.766537 0.208916 0.0206609 0.00302603 0.000859895
 0.219966 0.715038 0.0581626 0.00575203 0.00108185
 0.779931 0.0974198 0.112429 0.00914521 0.00107453
 0.58139 0.38054 0.0168528 0.0194493 0.00176793
 0.36912 0.499911 0.119058 0.00527269 0.00663817
 0.746727 0.154053 0.0786218 0.0187245 0.00187324
 0.675021 0.290331 0.0210746 0.0107555 0.00281779
 0.282755 0.607113 0.0983906 0.007142 0.00459987
 0.451669 0.274433 0.231841 0.0375729 0.00448392
 0.826908 0.121479 0.0258315 0.0218224 0.00395867
 0.340643 0.616479 0.0300932 0.00639906 0.00638658
 0.632404 0.206374 0.150737 0.0073582 0.00312626
pobs_RECLAS
 0 0 0 0 0
 0 0 0 0 0
 0 0 0 0 0
 0 0 0 0 0
 0 0 0 0 0
 0 0 0 0 0
 0 0 0 0 0
 0 0 0 0 0
 0 0 0 0 0
 0 0 0 0 0
 0.991045 0.00858322 0.000360255 1.14367e-05 0
 0.934742 0.0480273 0.0164251 0.00080598 0
 0.827803 0.169806 0.00239088 0 0
 0.941827 0.0461693 0.0120037 0 0
 0.791401 0.0380133 0.147996 0.0225897 0
 0.846168 0.0940531 0.0597789 0 0
 0.134021 0.677848 0.182769 0.00536245 0
 0.80878 0.0450904 0.141981 0.00414843 0
 0.846168 0.0940531 0.0597789 0 0
 0.905697 0.0802665 0.012482 0.00150086 5.37128e-05
 0.989698 0.0102097 9.19794e-05 0 0
 0.975433 0.0193895 0.00387452 0.00125025 5.28907e-05
 0.303575 0.632131 0.0575291 0.00676475 0
 0.966965 0.00978017 0.0227588 0.000495775 0
 0.843318 0.132988 0.00938335 0.0141283 0.000182051
 0.564624 0.303363 0.111486 0.0197234 0.00080311
 0.826376 0.0876187 0.0782897 0.00655872 0.00115652
 0.89761 0.0855135 0.0140674 0.00269457 0.000114338
 0.34875 0.467042 0.161289 0.0227151 0.000203297
 0.318654 0.224769 0.449479 0.00709798 0
 0.937255 0.0296025 0.0250945 0.00804832 0
 0.456809 0.399803 0.12412 0.0192676 0
 0.883104 0.0372192 0.0704036 0.00927362 0
ppred_RECLAS
 0.556366 0.147796 0.263789 0.0320481 8.99669e-07
 0.68165 0.20215 0.0387119 0.0690935 0.0083945
 0.750892 0.192506 0.0359418 0.00688288 0.0137772
 0.789517 0.174142 0.0280831 0.00524325 0.00301392
 0.804603 0.173257 0.0183174 0.00295396 0.000868542
 0.954007 0.0399596 0.00535014 0.000565639 0.000118038
 0.44634 0.536481 0.0149248 0.00199827 0.000255352
 0.509151 0.2895 0.195102 0.0054277 0.000819572
 0.777344 0.12967 0.0548423 0.0369596 0.00118347
 0.904964 0.0822193 0.00746394 0.00315677 0.00219555
 0.928038 0.0690962 0.00247911 0.000225056 0.000161386
 0.888862 0.105353 0.00555437 0.000199286 3.10645e-05
 0.839192 0.150827 0.00946145 0.00049882 2.0687e-05
 0.850113 0.135499 0.013495 0.000846548 4.64821e-05
 0.894327 0.0985235 0.00646324 0.000643704 4.25972e-05
 0.979111 0.019834 0.000983475 6.4517e-05 6.85076e-06
 0.423888 0.569632 0.00615255 0.000305076 2.21384e-05
 0.972542 0.0149804 0.0123374 0.000133256 7.08701e-06
 0.681801 0.312559 0.00307704 0.00253416 2.8827e-05
 0.759091 0.187599 0.0523645 0.000515513 0.00042939
 0.840883 0.133928 0.0196153 0.00547521 9.87985e-05
 0.866162 0.119766 0.0118443 0.00173474 0.000492955
 0.346568 0.598984 0.0487226 0.00481845 0.000906261
 0.869585 0.0577318 0.0666265 0.00541953 0.000636774
 0.721976 0.25274 0.011193 0.0129175 0.00117419
 0.520426 0.380015 0.0905042 0.00400812 0.00504611
 0.847503 0.0927566 0.0473387 0.0112742 0.00112789
 0.793925 0.184105 0.0133638 0.00682028 0.00178681
 0.420091 0.490864 0.079551 0.00577447 0.0037191
 0.608572 0.195905 0.1655 0.0268215 0.00320086
 0.901362 0.0692264 0.0147204 0.0124358 0.0022559
 0.485719 0.480837 0.0234719 0.00499109 0.00498136
 0.772349 0.127807 0.0933513 0.00455691 0.00193609
pobs_PELACES
 0 0 0 0 0
 0 0 0 0 0
 0 0 0 0 0
 0 0 0 0 0
 0 0 0 0 0
 0 0 0 0 0
 0 0 0 0 0
 0 0 0 0 0
 0 0 0 0 0
 0 0 0 0 0
 0 0 0 0 0
 0 0 0 0 0
 0 0 0 0 0
 0 0 0 0 0
 0 0 0 0 0
 0 0 0 0 0
 0.505614 0.472636 0.0217494 0 0
 0 0 0 0 0
 0.443492 0.261883 0.143347 0.151278 0
 0.227955 0.32914 0.350689 0.0885471 0.00366901
 0.970185 0.0296113 0.000203453 0 0
 0.997202 0.00247181 0.000326279 0 0
 0.445219 0.490057 0.0546422 0.010081 0
 0.90214 0.0892962 0.00764917 0.000914606 0
 0 0 0 0 0
 0.581667 0.319106 0.0959925 0.00289975 0.000334073
 0.762889 0.0836404 0.116647 0.0363945 0.000428098
 0.88444 0.0763242 0.0277011 0.0115352 0
 0.521256 0.241999 0.230069 0.00667565 0
 0.616807 0.101726 0.260614 0.0208532 0
 0.833518 0.0704572 0.0857862 0.0102388 0
 0.697417 0.212968 0.0787535 0.0105354 0.000325836
 0 0 0 0 0
ppred_PELACES
 0.47128 0.158892 0.328604 0.0412227 1.16476e-06
 0.633495 0.218048 0.048384 0.0891685 0.0109041
 0.714249 0.212407 0.0459518 0.00908637 0.0183063
 0.789916 0.168915 0.0315636 0.00608499 0.00352056
 0.778334 0.192931 0.023635 0.00393561 0.00116471
 0.944102 0.0475471 0.00737645 0.000805265 0.000169138
 0.427261 0.552163 0.0177992 0.00246072 0.000316495
 0.42899 0.316046 0.246797 0.00708945 0.00107747
 0.755319 0.132829 0.0650947 0.0452976 0.0014599
 0.915988 0.0709986 0.00746832 0.00326149 0.00228316
 0.910834 0.085059 0.00353623 0.000331476 0.000239247
 0.884571 0.108516 0.00662917 0.000245594 3.85323e-05
 0.828859 0.158933 0.0115524 0.000628893 2.62512e-05
 0.864327 0.120782 0.0139385 0.000902848 4.98963e-05
 0.900007 0.092215 0.00700956 0.000720849 4.80129e-05
 0.978119 0.0206082 0.00118406 8.02048e-05 8.57204e-06
 0.391777 0.600297 0.00751286 0.000384659 2.80953e-05
 0.965727 0.0174375 0.0166404 0.000185585 9.93434e-06
 0.65295 0.339839 0.00387662 0.00329664 3.77447e-05
 0.731837 0.201706 0.0652384 0.000663167 0.000555974
 0.817403 0.149729 0.0254103 0.00732375 0.000133016
 0.851454 0.130661 0.0149728 0.00226435 0.000647644
 0.302494 0.630828 0.0594572 0.00607154 0.00114938
 0.83531 0.0668698 0.0894212 0.00751057 0.00088821
 0.676535 0.289309 0.0148461 0.0176914 0.00161861
 0.457756 0.41565 0.114703 0.00524521 0.00664659
 0.812836 0.106864 0.0631949 0.0155406 0.00156484
 0.752586 0.217007 0.0182523 0.00961849 0.00253631
 0.357226 0.530786 0.099674 0.00747078 0.00484296
 0.545274 0.210291 0.205851 0.0344472 0.00413768
 0.881366 0.0790595 0.0194796 0.0169923 0.00310254
 0.420213 0.536117 0.0303241 0.00665815 0.00668844
 0.740747 0.135931 0.115044 0.0057987 0.00247973
pobs_pel_tallas
 0 0 0 0 0 0 0 0 0 0 0 0 0 0 0 0 0 0 0 0 0 0 0 0 0 0
 0 0 0 0 0 0 0 0 0 0 0 0 0 0 0 0 0 0 0 0 0 0 0 0 0 0
 0 0 0 0 0 0 0 0 0 0 0 0 0 0 0 0 0 0 0 0 0 0 0 0 0 0
 0 0 0 0 0 0 0 0 0 0 0 0 0 0 0 0 0 0 0 0 0 0 0 0 0 0
 0 0 0 0 0 0 0 0 0 0 0 0 0 0 0 0 0 0 0 0 0 0 0 0 0 0
 0 0 0 0 0 0 0 0 0 0 0 0 0 0 0 0 0 0 0 0 0 0 0 0 0 0
 0 0 0 0 0 0 0 0 0 0 0 0 0 0 0 0 0 0 0 0 0 0 0 0 0 0
 0 0 0 0 0 0 0 0 0 0 0 0 0 0 0 0 0 0 0 0 0 0 0 0 0 0
 0 0 0 0 0 0 0 0 0 0 0 0 0 0 0 0 0 0 0 0 0 0 0 0 0 0
 0 0 0 0 0 0 0 0 0 0 0 0 0 0 0 0 0 0 0 0 0 0 0 0 0 0
 0 0 0 0 0 0 0 0 0 0 0 0 0 0 0 0 0 0 0 0 0 0 0 0 0 0
 0 0 0 0 0 0 0 0 0 0 0 0 0 0 0 0 0 0 0 0 0 0 0 0 0 0
 0.00862536 0 0 0.000197151 0.00414017 0.0128641 0.00837892 0.0270097 0.101434 0.158115 0.152841 0.127902 0.109271 0.109419 0.0830992 0.0579132 0.0238553 0.00714673 0.00463305 0.00128148 0.00103504 0.000492878 0.000147863 0.000147863 4.92878e-05 0
 0 0 0 0 0 0 0 0 0 0 0 0 0 0 0 0 0 0 0 0 0 0 0 0 0 0
 0 0 0 0 0 0 0 0.0054083 0.00873648 0.0413646 0.0450493 0.0745869 0.0622846 0.0627006 0.0613931 0.0827291 0.12552 0.122667 0.0946155 0.0697135 0.0546179 0.0294188 0.0215738 0.0213955 0.0102223 0.00600262
 0 0 0 0 0.00359764 0.0251062 0.0480494 0.140153 0.205849 0.193036 0.1447 0.116669 0.0760912 0.0342217 0.00950174 0.001854 0.000860785 0 0 0 0.000165536 0 0.000143464 0 0 0
 0 0 0 0 0 0 0 0.000145254 0.000435761 0.0275982 0.070085 0.0708112 0.156366 0.174668 0.174014 0.160142 0.0824315 0.0480064 0.0283245 0.00493863 0.00203355 0 0 0 0 0
 0 0 0 0 0 0 0 0 0 0 0 0 0 0 0 0 0 0 0 0 0 0 0 0 0 0
 0 0 1.00437e-05 0.000401748 0.00122533 0.00171747 0.00176769 0.0269171 0.070346 0.194647 0.189555 0.159765 0.064822 0.0314167 0.0384472 0.0292271 0.0345202 0.0313363 0.0194345 0.0106764 0.0143323 0.0359363 0.0279516 0.0138201 0.00172751 0
 0 0.0021121 0.0136068 0.0755702 0.200478 0.177729 0.0527432 0.0373336 0.0318909 0.0142505 0.0149659 0.0166563 0.0217959 0.0798694 0.0677717 0.0528807 0.04013 0.0224614 0.0357745 0.0225083 0.00881397 0.00855152 0.00135912 0.000746735 0 0
 0 0 0 0 5.4009e-05 0.00500934 0.000945158 0.0243581 0.138947 0.33067 0.221406 0.137944 0.0707744 0.0437923 0.0131692 0.00525238 0.0047753 0.00276346 9.45158e-05 9.00151e-06 2.25038e-05 9.00151e-06 4.50075e-06 0 0 0
 0.000866109 0.00284123 0.00948549 0.0512746 0.133035 0.25785 0.225252 0.132002 0.0553304 0.0519788 0.0540692 0.017754 0.00435017 0.00159236 0.00146478 0.000404838 0.000125132 0.000115318 0.000107957 0.000100596 0 0 0 0 0 0
 0 0 0 0 0.00144013 0.00171154 0.00461396 0.0210425 0.0478622 0.0707936 0.0888783 0.103762 0.0637923 0.0337046 0.0602308 0.124433 0.169614 0.0934646 0.0462172 0.0250306 0.0313229 0.00938855 0.002487 0.000210481 0 0
 0 0.00764035 0.051015 0.0998891 0.058973 0.0496711 0.0374665 0.0718981 0.12319 0.153886 0.159021 0.0857701 0.0377988 0.023471 0.0147837 0.00900784 0.00315554 0.000888139 0.00291439 0.00214683 0.00393193 0.00274676 0.000635225 9.99891e-05 0 0
 0 0 0 0 0 0 0 0 0 0 0 0 0 0 0 0 0 0 0 0 0 0 0 0 0 0
 0 0 0 0 0 0 0 0 0 0 0 0 0 0 0 0 0 0 0 0 0 0 0 0 0 0
 0 0 0 0 0 0 0 0 0 0 0 0 0 0 0 0 0 0 0 0 0 0 0 0 0 0
 0 0 0 0 0 0 0 0 0 0 0 0 0 0 0 0 0 0 0 0 0 0 0 0 0 0
 0 0 0 0 0 0 0 0 0 0 0 0 0 0 0 0 0 0 0 0 0 0 0 0 0 0
 0 0 0 0 0 0 0 0 0 0 0 0 0 0 0 0 0 0 0 0 0 0 0 0 0 0
 0 0 0 0 0 0 0 0 0 0 0 0 0 0 0 0 0 0 0 0 0 0 0 0 0 0
 0 0 0 0 0 0 0 0 0 0 0 0 0 0 0 0 0 0 0 0 0 0 0 0 0 0
 0 0 0 0 0 0 0 0 0 0 0 0 0 0 0 0 0 0 0 0 0 0 0 0 0 0
ppred_pel_tallas
 1.13658e-16 3.88187e-05 0.000377332 0.0025075 0.0113988 0.0354658 0.0755643 0.110292 0.110307 0.0756417 0.0357272 0.0121599 0.00444149 0.00467654 0.0084302 0.0144656 0.0222089 0.0307916 0.0392574 0.0470212 0.0539278 0.0597821 0.0638426 0.0648881 0.0619111 0.0548748
 1.1224e-16 5.21802e-05 0.00050721 0.00337059 0.0153222 0.0476733 0.101574 0.148254 0.148275 0.101677 0.0480193 0.0163226 0.00588483 0.00600717 0.0105325 0.0174264 0.0253391 0.0324071 0.0368064 0.037798 0.036196 0.03378 0.0321056 0.0316368 0.0317346 0.0312982
 1.0539e-16 5.88318e-05 0.000571866 0.00380025 0.0172754 0.0537503 0.114521 0.167152 0.167172 0.114622 0.0540868 0.0182477 0.0062422 0.00590753 0.0102067 0.0168194 0.024316 0.0307785 0.0342956 0.0340004 0.0305805 0.0257839 0.0213324 0.0180899 0.0159737 0.0144153
 1.02161e-16 6.50644e-05 0.000632449 0.00420284 0.0191055 0.0594445 0.126653 0.184858 0.184874 0.126733 0.0597119 0.0198779 0.00614231 0.00486832 0.00811562 0.0133291 0.0192306 0.024258 0.0268622 0.0263261 0.0231786 0.0188146 0.0146396 0.0114099 0.00915296 0.00751365
 1.01324e-16 6.41104e-05 0.000623176 0.00414122 0.0188254 0.0585729 0.124796 0.182148 0.182167 0.124887 0.0588779 0.0197061 0.00635158 0.00544727 0.00922258 0.0151363 0.0217767 0.0273381 0.0300233 0.0289994 0.0248877 0.0193384 0.0140466 0.00997413 0.00722616 0.00542268
 1.00335e-16 7.77644e-05 0.000755898 0.00502321 0.0228348 0.0710475 0.151374 0.220936 0.220941 0.151397 0.0711227 0.023052 0.00556847 0.0019463 0.00233876 0.00374382 0.00538637 0.00677438 0.00746296 0.00724615 0.00627283 0.00494169 0.00366061 0.00265889 0.00196033 0.00147629
 1.00956e-16 3.5193e-05 0.000342089 0.0022733 0.0103341 0.0321536 0.0685086 0.100001 0.100055 0.0687681 0.0330247 0.0128488 0.00858053 0.0140946 0.0261059 0.0429772 0.0616115 0.0768553 0.0834794 0.0790712 0.0655039 0.0477454 0.030998 0.0183642 0.0103617 0.00590639
 1.08097e-16 3.53354e-05 0.000343473 0.0022825 0.0103759 0.0322835 0.0687846 0.1004 0.10043 0.0689351 0.0327898 0.0118421 0.00597748 0.00845843 0.0155894 0.0260858 0.0384286 0.0500917 0.0584405 0.0621254 0.061674 0.0587416 0.0547295 0.0499966 0.0441675 0.0369912
 1.06703e-16 6.22147e-05 0.000604749 0.00401877 0.0182687 0.0568409 0.121106 0.176761 0.176773 0.121169 0.0570528 0.0188818 0.00556194 0.00398809 0.0065312 0.0108143 0.0158475 0.0205183 0.0237403 0.0250351 0.0247873 0.0238915 0.0230836 0.0225037 0.0217702 0.0203881
 1.00948e-16 7.54488e-05 0.000733389 0.00487363 0.0221548 0.0689319 0.146867 0.214358 0.214365 0.1469 0.0690441 0.0224788 0.00568687 0.00250823 0.00344486 0.00557229 0.00801239 0.0100614 0.0110595 0.010708 0.009246 0.00729049 0.00546863 0.00412591 0.00327859 0.00275487
 1.00198e-16 7.50242e-05 0.000729262 0.0048462 0.0220301 0.068544 0.146041 0.213152 0.21316 0.14608 0.0686782 0.0224176 0.0058181 0.00284863 0.0040933 0.00663048 0.0095022 0.0118605 0.012897 0.0122402 0.0101772 0.00746976 0.00491402 0.00298298 0.00175342 0.00105841
 1.00251e-16 7.28609e-05 0.000708234 0.00470647 0.0213949 0.0665676 0.14183 0.207007 0.207017 0.141881 0.0667389 0.0218895 0.00594711 0.00341413 0.00520461 0.00846986 0.0121489 0.0151815 0.0165401 0.01575 0.0131716 0.00976539 0.00653368 0.00406929 0.0024677 0.00152334
 1.00442e-16 6.82721e-05 0.000663629 0.00441005 0.0200475 0.0623751 0.132897 0.193971 0.193986 0.132972 0.0626261 0.020772 0.00622778 0.00462865 0.00758934 0.0124143 0.0178188 0.0222845 0.0243119 0.0232064 0.019492 0.014566 0.00988372 0.00630111 0.00395134 0.00253487
 1.00533e-16 7.11935e-05 0.000692026 0.00459875 0.0209053 0.0650441 0.138584 0.20227 0.202281 0.138641 0.065235 0.0214565 0.00598203 0.00371066 0.0058009 0.00946869 0.0136121 0.0170715 0.0187148 0.0180154 0.0153601 0.0117849 0.0083606 0.00570522 0.00390292 0.00273181
 1.00307e-16 7.41324e-05 0.000720593 0.00478859 0.0217683 0.0677292 0.144305 0.210619 0.210627 0.144348 0.0678748 0.0221887 0.00584341 0.00302157 0.00443907 0.00720803 0.0103447 0.0129416 0.0141276 0.0135007 0.0113647 0.00852893 0.00583479 0.00377513 0.00242348 0.00160368
 1.0005e-16 8.05664e-05 0.000783134 0.0052042 0.0236575 0.0736074 0.156828 0.228896 0.228898 0.156838 0.0736399 0.0237514 0.00543979 0.00129694 0.00105496 0.0016128 0.00230659 0.00288157 0.00313851 0.00298713 0.00249609 0.00184819 0.00123418 0.000766897 0.000464402 0.000287267
 1.00414e-16 3.22703e-05 0.000313679 0.00208451 0.00947592 0.0294834 0.0628196 0.0916992 0.0917569 0.0631017 0.03043 0.0122084 0.00893712 0.0152523 0.0283424 0.0466444 0.0668136 0.0832269 0.0901775 0.085036 0.0698625 0.0501165 0.031538 0.0175826 0.00886359 0.00420112
 1.00506e-16 7.95456e-05 0.000773212 0.00513826 0.0233578 0.0726748 0.154841 0.225996 0.225998 0.15485 0.0727028 0.023439 0.00534319 0.00122397 0.000945551 0.00146305 0.00215941 0.00283839 0.00335389 0.0036309 0.00369096 0.00361006 0.0034461 0.0032025 0.00285245 0.00238941
 1.00536e-16 5.37827e-05 0.000522787 0.00347411 0.0157928 0.0491374 0.104694 0.15281 0.152843 0.104853 0.0496733 0.0173397 0.00735364 0.00898029 0.0160821 0.0264127 0.0378345 0.047139 0.0510988 0.0482317 0.0397099 0.0286262 0.0182248 0.0104472 0.0056182 0.00304623
 1.02095e-16 6.02804e-05 0.000585947 0.00389383 0.0177008 0.0550738 0.117341 0.171267 0.171287 0.117437 0.0553939 0.018626 0.0062188 0.00566974 0.00973959 0.0160686 0.023285 0.0295743 0.0331101 0.0330155 0.0298377 0.0250967 0.0203058 0.0162549 0.0129775 0.0101794
 1.01529e-16 6.73285e-05 0.000654457 0.0043491 0.0197704 0.061513 0.131061 0.19129 0.191304 0.131131 0.0617499 0.0204548 0.00606738 0.00440663 0.00719676 0.0118 0.0170123 0.021436 0.0236923 0.0231425 0.0202573 0.0162807 0.0124706 0.00951111 0.00743796 0.0059441
 1.00803e-16 7.01332e-05 0.000681719 0.00453027 0.0205939 0.0640754 0.13652 0.199258 0.19927 0.136581 0.0642819 0.0211903 0.0060268 0.00394761 0.00626952 0.0102454 0.0147321 0.0184829 0.0202766 0.0195477 0.0167183 0.0129112 0.00928187 0.00649068 0.0046154 0.00340106
 1.02681e-16 2.49162e-05 0.000242194 0.00160947 0.00731644 0.0227645 0.0485044 0.0708064 0.0708671 0.0488012 0.023761 0.0101939 0.00882955 0.015995 0.0299165 0.0493501 0.0709254 0.0888425 0.0971929 0.0932318 0.079015 0.0600227 0.041932 0.0280381 0.0187999 0.0130171
 1.03502e-16 6.88034e-05 0.000668794 0.00444437 0.0202035 0.0628605 0.133931 0.195478 0.195484 0.133963 0.0629689 0.020518 0.00524001 0.00242558 0.00346345 0.00576835 0.00865487 0.0116153 0.0141554 0.0160064 0.017204 0.0179128 0.0181685 0.0177943 0.0165633 0.0144381
 1.02551e-16 5.57253e-05 0.00054167 0.00359959 0.0163632 0.0509122 0.108475 0.158328 0.158356 0.108611 0.0513689 0.0176819 0.00690787 0.00775793 0.0137441 0.0225906 0.0324389 0.040592 0.0443489 0.0424837 0.0359955 0.0274633 0.0195344 0.0137072 0.0101054 0.00803689
 1.05068e-16 3.77048e-05 0.000366504 0.00243555 0.0110717 0.0344484 0.0733974 0.107134 0.107174 0.0735936 0.0351074 0.0129762 0.00722018 0.0108244 0.0199371 0.0329984 0.0477574 0.0605199 0.0675146 0.0669544 0.0600331 0.0499925 0.0400713 0.0319743 0.0257575 0.0207026
 1.03675e-16 6.69522e-05 0.000650799 0.00432479 0.0196599 0.0611692 0.130328 0.19022 0.19023 0.130379 0.0613399 0.0201537 0.00556824 0.00337796 0.00528363 0.00872663 0.0127932 0.0165672 0.0191513 0.020118 0.0197179 0.0186155 0.017385 0.0161896 0.0148492 0.0131352
 1.01977e-16 6.19896e-05 0.000602561 0.00400423 0.0182027 0.0566353 0.120668 0.176123 0.176144 0.12077 0.0569781 0.0191925 0.00648799 0.00602183 0.010346 0.0169848 0.0244128 0.0306003 0.0335258 0.0322657 0.02755 0.0212795 0.0154021 0.0110164 0.00821528 0.00650751
 1.04581e-16 2.94244e-05 0.000286015 0.00190068 0.00864023 0.0268832 0.0572795 0.0836118 0.083663 0.0575296 0.0277233 0.011067 0.00799386 0.0135926 0.0253159 0.0418432 0.0603587 0.0760721 0.0840954 0.0821366 0.071822 0.0575204 0.0436747 0.0327425 0.0249362 0.0192821
 1.10149e-16 4.49135e-05 0.000436576 0.0029012 0.0131884 0.0410343 0.0874286 0.127609 0.127629 0.0875291 0.0413727 0.0141696 0.00537755 0.00588764 0.0105299 0.017683 0.0262758 0.0347284 0.0414088 0.0454925 0.0472901 0.0477018 0.0473092 0.045933 0.0429679 0.0380708
 1.02812e-16 7.2597e-05 0.000705668 0.00468942 0.0213174 0.0663264 0.141316 0.206256 0.206264 0.141353 0.0664518 0.0216799 0.00560024 0.00269731 0.00386505 0.00630173 0.0091363 0.0116326 0.0130988 0.0132326 0.0122974 0.0109261 0.00970903 0.0088904 0.00835454 0.00782642
 1.02812e-16 3.46125e-05 0.000336446 0.0022358 0.0101637 0.0316232 0.0673785 0.0983517 0.0984033 0.0676306 0.0324694 0.0126069 0.00836513 0.0137049 0.0253888 0.0418264 0.0600347 0.0750452 0.0818185 0.0780366 0.0655107 0.0490105 0.0334899 0.0218419 0.0144614 0.0102309
 1.04356e-16 6.10144e-05 0.000593081 0.00394123 0.0179163 0.0557443 0.11877 0.17335 0.173364 0.118834 0.0559623 0.018548 0.00553398 0.00409352 0.00677756 0.0112863 0.0166658 0.0218147 0.0256186 0.0275081 0.0276986 0.0268613 0.025533 0.0237946 0.0214277 0.0183018
pSPR Fmed_Fpbrs
1   0.983625 0.6 0.325 0.983625 0.983625 0.983625
Fs Fmed_Fpbrs
0   0.01 0.354103 0.92058 0.01 0.01 0.01
SSBpbr Bo_Bmed_Bpbrs
324172  307963  302655 178295 89147.3 302655 302655 302655
Ro
88817.4
SPR SPRFo_SPRFmed_SPRFpbrs
639871 639871 629393
Fref
0
Nvult_r0
 51934.9 10952.6 7999.89 390.512 165.916
CTP_r0
 18268.4 5961.55 4354.37 212.557 90.3088
YTP_r0
356423
Np
 66059.8 24302 8940.22 3288.92 1655.03
Nvult_p0
 41757.7 15361.8 5651.29 2078.99 1046.18
CTP_p0
 0 0 0 0 0
 0 0 0 0 0
 0 0 0 0 0
 0 0 0 0 0
 0 0 0 0 0
 0 0 0 0 0
YTP_p0
 0 0 0 0 0 0
CBA_c0
0
log_Ro
11.2143
likeval ReclasPelacesDesembMPH_pf_preclas_ppelaces_ptallas_desvR_qrecl_qpela
 14.6063 16.1963 0.0521871 0.0013093 245.463 136.292 115.768 0 29.7216 6.66032e-05 0.00016366 0.0129048 2066.57 0 0
q_reclas_q_pelaces
3.17133 6.10556
M
1
N
 98104.4 23951.3 42748.7 5193.6 0.145797
 94475.3 29484.4 5646.28 10077.6 1224.37
 83924.1 22661.2 4230.96 810.233 1621.81
 65935.6 20101.9 3241.73 605.246 347.908
 43778.3 10044.7 1061.96 171.257 50.3542
 246168 10285.4 1377.1 145.593 30.3825
 45449 64549.6 1795.76 240.432 30.7241
 17749 8988.96 6057.9 168.53 25.4477
 27673.7 5619.93 2376.87 1601.84 51.2918
 34169.1 5208.12 472.798 199.964 139.076
 54122.6 3770.28 135.274 12.2803 8.80611
 106413 15788.7 832.403 29.8659 4.65547
 88973.2 19118.8 1199.34 63.2305 2.62229
 67256.5 17256.3 1718.63 107.811 5.91965
 49025.8 7949.94 521.524 51.941 3.4372
 267208 6725.9 333.506 21.8783 2.32316
 33456.5 48603.8 524.966 26.0306 1.88896
 480566 7673.42 6319.59 68.2574 3.63017
 236954 118198 1163.63 958.327 10.9013
 194587 53761.2 15006.3 147.733 123.052
 248351 42205 6181.41 1725.42 31.1346
 373835 58215.6 5757.27 843.219 239.615
 46705.1 80092.4 6514.88 644.293 121.179
 187391 12356.3 14260 1159.94 136.288
 145180 49493.3 2191.89 2529.59 229.938
 57242.5 39622 9436.34 417.903 526.129
 149452 16339.9 8339.14 1986.04 198.688
 177843 39095.6 2837.88 1448.32 379.439
 47405.6 50759.4 8226.23 597.127 384.586
 44342.7 14316.8 12094.8 1960.12 233.92
 143925 11522.2 2450.11 2069.85 375.478
 39456.9 35074.1 1712.13 364.069 363.359
 66059.8 12326 9003 439.478 186.72
pred_Ctot
 11540 5637.44 10061.8 1222.42 0.0343163
 21512.9 12245.8 2345.08 4185.52 508.519
 19163.2 9432.87 1761.16 337.264 675.087
 26187.6 12565.3 2026.34 378.327 217.47
 10369 4305.56 455.202 73.4081 21.5839
 45938.7 3625.34 485.393 51.3178 10.7091
 13962.1 33770.7 939.495 125.788 16.074
 1582.16 1641.38 1106.17 30.7734 4.64673
 9015.25 3067.83 1297.5 874.416 27.9993
 16607.4 3683.28 334.372 141.418 98.3571
 7217.57 993.019 35.6287 3.2344 2.31936
 36442.9 8929.16 470.757 16.8904 2.63285
 27991.4 10177.6 638.449 33.6599 1.39594
 31532.9 11952.2 1190.38 74.6733 4.10015
 21005 5214.72 342.091 34.0705 2.25461
 90339.9 3769.57 186.915 12.2618 1.30203
 8273.14 21557.1 232.837 11.5453 0.837806
 104014 3058.56 2518.93 27.2068 1.44695
 59690.6 53193.2 523.671 431.28 4.90596
 52677.9 25582.7 7140.9 70.2999 58.5555
 59069.9 18151.4 2658.48 742.06 13.3903
 103079 28093.8 2778.35 406.922 115.634
 8516.59 27684.7 2251.93 222.706 41.8868
 34321.1 4286.99 4947.48 402.438 47.2849
 24271.5 15886.5 703.559 811.955 73.8062
 8276.74 11209.5 2669.64 118.229 148.847
 28060.5 5789.03 2954.45 703.63 70.3927
 25725.1 11064.6 803.157 409.894 107.386
 5452.8 11707.9 1897.42 137.73 88.7063
 8466.94 5144.49 4346.06 704.336 84.055
 31752 4664.61 991.89 837.949 152.007
 3812.57 6899.8 336.811 71.6201 71.4804
 18268.4 5961.55 4354.37 212.557 90.3088
F
 0.202172 0.445027 0.445027 0.445027 0.445027
 0.427683 0.941431 0.941431 0.941431 0.941431
 0.429099 0.944549 0.944549 0.944549 0.944549
 0.881638 1.94069 1.94069 1.94069 1.94069
 0.448412 0.987061 0.987061 0.987061 0.987061
 0.338581 0.745297 0.745297 0.745297 0.745297
 0.620593 1.36607 1.36607 1.36607 1.36607
 0.150012 0.330211 0.330211 0.330211 0.330211
 0.670262 1.47541 1.47541 1.47541 1.47541
 1.20417 2.65067 2.65067 2.65067 2.65067
 0.231955 0.510588 0.510588 0.510588 0.510588
 0.716656 1.57753 1.57753 1.57753 1.57753
 0.640161 1.40914 1.40914 1.40914 1.40914
 1.13535 2.49917 2.49917 2.49917 2.49917
 0.986381 2.17126 2.17126 2.17126 2.17126
 0.704326 1.55039 1.55039 1.55039 1.55039
 0.472483 1.04005 1.04005 1.04005 1.04005
 0.402601 0.886221 0.886221 0.886221 0.886221
 0.483315 1.06389 1.06389 1.06389 1.06389
 0.528342 1.16301 1.16301 1.16301 1.16301
 0.45069 0.992075 0.992075 0.992075 0.992075
 0.540635 1.19006 1.19006 1.19006 1.19006
 0.329689 0.725723 0.725723 0.725723 0.725723
 0.33136 0.729401 0.729401 0.729401 0.729401
 0.298591 0.657269 0.657269 0.657269 0.657269
 0.253687 0.558424 0.558424 0.558424 0.558424
 0.340969 0.750554 0.750554 0.750554 0.750554
 0.253803 0.558681 0.558681 0.558681 0.558681
 0.197308 0.434321 0.434321 0.434321 0.434321
 0.347668 0.7653 0.7653 0.7653 0.7653
 0.411833 0.906542 0.906542 0.906542 0.906542
 0.163501 0.359904 0.359904 0.359904 0.359904
 0.542626 1.19445 1.19445 1.19445 1.19445
YTP_r0W_actual
 137743 104029 104810 6657.29 3183.39
YTP_p0W_proyectada
 0 0 0 0 0
 0 0 0 0 0
 0 0 0 0 0
 0 0 0 0 0
 0 0 0 0 0
 0 0 0 0 0
CTP_r0_actual
 18268.4 5961.55 4354.37 212.557 90.3088
CTP_p0_proyectada
 0 0 0 0 0
 0 0 0 0 0
 0 0 0 0 0
 0 0 0 0 0
 0 0 0 0 0
 0 0 0 0 0
Wmedp
 7.54 17.45 24.07 31.32 35.25
Frms_r0
 0.542626 1.19445 1.19445 1.19445 1.19445
Zrms_r0
 1.54263 2.19445 2.19445 2.19445 2.19445
nmprior
 7.29 8.9 8.7 0
nm_flota  nm_reclas  nm_pelaces    nm_pelaL
inf 17.5704 10.7386 27.754
cv_recla  cv_pelaces  cv_mph
0.330979 0.440857 0.967066
 ------------------------------------------------
Talla a la edad & desviaci?n 
 8 13.2811 15.8009 17.003 17.5766
 0.8 1.32811 1.58009 1.7003 1.75766
