years
 1991 1992 1993 1994 1995 1996 1997 1998 1999 2000 2001 2002 2003 2004 2005 2006 2007 2008 2009 2010 2011 2012 2013 2014 2015 2016 2017 2018 2019 2020 2021 2022 2023
reclasobs
 0 0 0 0 0 0 0 0 0 252601 567819 844713 477998 351125 339783 2.1784e+06 2.13404e+06 4.81314e+06 1.55562e+06 2.62356e+06 3.21686e+06 3.843e+06 1.13348e+06 3.07943e+06 1.97215e+06 2.03268e+06 2.025e+06 2.42433e+06 2.27542e+06 1.05018e+06 2.36338e+06 3.18982e+06 1.53035e+06
reclaspred
 2.97984e+06 1.63657e+06 858587 876138 899729 1.39329e+06 813859 755772 553521 403459 501689 647729 641460 493301 518403 1.31553e+06 1.27113e+06 2.96556e+06 2.38383e+06 1.76352e+06 3.07132e+06 2.46599e+06 1.9749e+06 3.02268e+06 2.26276e+06 2.05066e+06 2.41251e+06 2.60309e+06 2.16621e+06 1.51756e+06 1.99581e+06 2.17543e+06 1.75209e+06
pelacesobs
 0 0 0 0 0 0 0 0 0 0 0 0 0 0 0 552880 188675 0 991730 2.46772e+06 1.41603e+06 1.21717e+06 2.29649e+06 1.80582e+06 0 1.4828e+06 1.56532e+06 1.57751e+06 1.42118e+06 867257 1.10002e+06 1.06204e+06 0
pelacespred
 1.62057e+06 982744 504187 426824 467360 750437 389552 470894 324466 222910 291333 313512 343045 277032 300032 631794 611933 1.66315e+06 1.36515e+06 923534 1.59993e+06 1.35818e+06 1.10088e+06 1.86256e+06 1.33013e+06 1.2088e+06 1.6266e+06 1.57586e+06 1.18211e+06 951737 1.06818e+06 1.18959e+06 996088
mphobs
 0 0 0 0 0 0 0 0 0 0 0 0 498337 0 5186 125008 0 168611 109162 213762 579715 649985 157893 87575 83554 210694 70296 0 107559 103333 445601 22526 28222
mphpred
 317792 215543 104738 60615.6 66858.6 78201.2 97275.9 56374.9 53014.9 36396.7 24319.1 42330.1 47202.4 38097.5 25643.1 33943.9 107793 102511 204084 148545 154672 179736 164565 141529 209008 163856 145131 158611 219733 162267 96954.8 161041 112803
desembarqueobs
 494567 514787 250237 358949 120608 361735 552515 73892 212993 205616 52469 317467 293654 387597 252695 516296 358380 742168 942051 627588 828172 859565 418607 520667 417249 300574 415391 372974 316634 284311 391294 218835 356480
desembarquepred
 494570 513667 250773 359004 120616 361765 552589 73898 213058 205677 52472.4 317554 293720 387634 252689 516239 358409 742031 941833 627419 828295 859618 418628 520713 417257 300580 415402 372961 316631 284316 391264 218843 356499
Reclutas
 191618 91885 113191 158518 135906 215376 89000.3 44699.6 41320.9 54501.6 103265 136220 115785 81455.3 83474.1 423184 93909.7 670788 371888 296910 419798 559845 122582 342468 293993 137899 293176 339203 111769 104333 272243 115566 206499
log_desv_Rt
 0.16815 -0.566818 -0.358278 -0.021486 -0.175392 0.285027 -0.598717 -1.28739 -1.36599 -1.08913 -0.450059 -0.173086 -0.335621 -0.687302 -0.662819 0.960452 -0.545023 1.4211 0.831236 0.606074 0.952417 1.2403 -0.278579 0.748824 0.596198 -0.160836 0.593417 0.739243 -0.370923 -0.439766 0.51934 -0.33751 0.24294
SSB
 2.47136e+06 1.6762e+06 814514 471387 519936 608144 756481 438409 412279 283045 189121 329187 350082 290371 192656 255416 838270 797195 1.63466e+06 1.18892e+06 1.26958e+06 1.54656e+06 1.466e+06 1.21557e+06 1.68589e+06 1.39927e+06 1.17127e+06 1.23346e+06 1.76895e+06 1.23168e+06 835368 1.4155e+06 922722
BT
 3.44439e+06 2.3375e+06 1.18636e+06 1.09211e+06 966014 1.70193e+06 1.22735e+06 939979 818659 611307 588948 849470 902348 913788 813155 1.60199e+06 1.42022e+06 3.74465e+06 3.4463e+06 2.29853e+06 3.63278e+06 3.34856e+06 2.41148e+06 3.94852e+06 2.87198e+06 2.51469e+06 3.45031e+06 3.29329e+06 2.46279e+06 2.04813e+06 2.3322e+06 2.38487e+06 2.17236e+06
Ftot
 0.179155 0.321991 0.315042 0.515155 0.162759 0.345934 0.718846 0.117884 0.464596 0.60728 0.155343 0.628759 0.580164 1.01157 0.72468 0.647178 0.318748 0.381634 0.476658 0.439571 0.350344 0.445342 0.235098 0.241747 0.218488 0.169868 0.236034 0.204013 0.153441 0.211575 0.28125 0.113218 0.263972
BD_Bspro_t
 0.971742 0.812987 0.631638 0.550437 0.549553 0.63412 0.608207 0.432947 0.505198 0.457908 0.428138 0.643765 0.525359 0.429332 0.322702 0.384359 0.564704 0.539029 0.644517 0.540357 0.511741 0.557952 0.578827 0.57283 0.677393 0.688725 0.697356 0.728425 0.780491 0.718421 0.666478 0.744502 0.743903
BD_Bspro
 2.11803 1.43655 0.698061 0.403992 0.4456 0.521197 0.648326 0.375728 0.353335 0.242577 0.162082 0.282122 0.30003 0.248856 0.165112 0.218899 0.718421 0.683218 1.40095 1.01894 1.08807 1.32545 1.25641 1.04178 1.44486 1.19922 1.00381 1.05711 1.51604 1.05559 0.715934 1.21312 0.790798
BD_Bo
 2.44566 1.65877 0.806042 0.466484 0.514529 0.601819 0.748613 0.433849 0.407991 0.280101 0.187154 0.325763 0.346441 0.287351 0.190652 0.252759 0.829552 0.788903 1.61766 1.17656 1.25638 1.53048 1.45076 1.20293 1.66836 1.38472 1.15909 1.22063 1.75055 1.21887 0.82668 1.40078 0.913125
BD_Brms
 2.62055 1.77739 0.863682 0.499843 0.551323 0.644855 0.802147 0.464873 0.437166 0.300131 0.200538 0.349058 0.371215 0.3079 0.204286 0.270834 0.888873 0.845318 1.73334 1.26069 1.34622 1.63992 1.5545 1.28895 1.78766 1.48374 1.24197 1.30792 1.87574 1.30603 0.885795 1.50095 0.978422
Sel_flota
 0.491152 1 1 1 1
 0.491152 1 1 1 1
 0.491152 1 1 1 1
 0.491152 1 1 1 1
 0.491152 1 1 1 1
 0.491152 1 1 1 1
 0.491152 1 1 1 1
 0.491152 1 1 1 1
 0.491152 1 1 1 1
 0.491152 1 1 1 1
 0.491152 1 1 1 1
 0.491152 1 1 1 1
 0.491152 1 1 1 1
 0.491152 1 1 1 1
 0.491152 1 1 1 1
 0.491152 1 1 1 1
 0.491152 1 1 1 1
 0.491152 1 1 1 1
 0.491152 1 1 1 1
 0.491152 1 1 1 1
 0.491152 1 1 1 1
 0.491152 1 1 1 1
 0.491152 1 1 1 1
 0.491152 1 1 1 1
 0.491152 1 1 1 1
 0.491152 1 1 1 1
 0.491152 1 1 1 1
 0.491152 1 1 1 1
 0.491152 1 1 1 1
 0.491152 1 1 1 1
 0.491152 1 1 1 1
 0.491152 1 1 1 1
 0.491152 1 1 1 1
Sel_reclas
 1 1 1 1 1
 1 1 1 1 1
 1 1 1 1 1
 1 1 1 1 1
 1 1 1 1 1
 1 1 1 1 1
 1 1 1 1 1
 1 1 1 1 1
 1 1 1 1 1
 1 1 1 1 1
 1 1 1 1 1
 1 1 1 1 1
 1 1 1 1 1
 1 1 1 1 1
 1 1 1 1 1
 1 1 1 1 1
 1 1 1 1 1
 1 1 1 1 1
 1 1 1 1 1
 1 1 1 1 1
 1 1 1 1 1
 1 1 1 1 1
 1 1 1 1 1
 1 1 1 1 1
 1 1 1 1 1
 1 1 1 1 1
 1 1 1 1 1
 1 1 1 1 1
 1 1 1 1 1
 1 1 1 1 1
 1 1 1 1 1
 1 1 1 1 1
 1 1 1 1 1
Sel_pelaces
 1 1 1 1 1
 1 1 1 1 1
 1 1 1 1 1
 1 1 1 1 1
 1 1 1 1 1
 1 1 1 1 1
 1 1 1 1 1
 1 1 1 1 1
 1 1 1 1 1
 1 1 1 1 1
 1 1 1 1 1
 1 1 1 1 1
 1 1 1 1 1
 1 1 1 1 1
 1 1 1 1 1
 1 1 1 1 1
 1 1 1 1 1
 1 1 1 1 1
 1 1 1 1 1
 1 1 1 1 1
 1 1 1 1 1
 1 1 1 1 1
 1 1 1 1 1
 1 1 1 1 1
 1 1 1 1 1
 1 1 1 1 1
 1 1 1 1 1
 1 1 1 1 1
 1 1 1 1 1
 1 1 1 1 1
 1 1 1 1 1
 1 1 1 1 1
 1 1 1 1 1
pf_obs 
 0.8446 0.082 0.0669 0.0065 0
 0.8095 0.147 0.0364 0.0071 0
 0.9664 0.0169 0.016 0.0007 0
 0.9276 0.0648 0.0075 0.0001 0
 0.7033 0.2144 0.0806 0.0017 0
 0.9318 0.0425 0.0243 0.0014 0
 0.5671 0.3108 0.0964 0.0239 0.0018
 0.0768 0.2599 0.5324 0.112 0.0189
 0.490249 0.384438 0.106611 0.0170017 0.00170017
 0.7925 0.1577 0.0466 0.003 0.0002
 0.840416 0.127587 0.0312969 0.00059994 9.999e-05
 0.8084 0.0986 0.0794 0.0134 0.0002
 0.7335 0.1905 0.0724 0.0035 0.0001
 0.4001 0.4547 0.1325 0.0127 0
 0.49795 0.308269 0.164784 0.0264974 0.00249975
 0.9179 0.0499 0.0305 0.0017 0
 0.2467 0.6533 0.0926 0.0074 0
 0.9418 0.0223 0.034 0.0019 0
 0.707729 0.231977 0.0356964 0.0245975 0
 0.517169 0.277429 0.184464 0.0207286 0.00020938
 0.811772 0.124168 0.05621 0.00726502 0.000585176
 0.764997 0.148141 0.077277 0.00933861 0.000247198
 0.163321 0.427699 0.378323 0.0303852 0.000271297
 0.753843 0.0900009 0.118128 0.0371064 0.000921714
 0.721811 0.176058 0.0630433 0.0369309 0.00215725
 0.143369 0.312575 0.442814 0.0836902 0.0175525
 0.692698 0.0596174 0.167031 0.0765114 0.00414204
 0.394062 0.376323 0.152708 0.0712218 0.00568511
 0.125707 0.32114 0.495352 0.0537591 0.00404204
 0.23352 0.215282 0.420074 0.123614 0.00750983
 0.796117 0.104755 0.0508955 0.0450114 0.00322123
 0.162477 0.292055 0.404252 0.121198 0.0200186
 0 0 0 0 0
pf_pred 
 0.386024 0.135264 0.450803 0.027909 1.03698e-06
 0.300165 0.402179 0.0655759 0.21855 0.0135308
 0.501973 0.244398 0.145755 0.0237656 0.0841091
 0.626178 0.259134 0.0562807 0.033565 0.0248418
 0.549582 0.360401 0.0623995 0.0135524 0.0140643
 0.6399 0.260322 0.0798371 0.0138229 0.00611773
 0.375423 0.500223 0.0898973 0.0275702 0.00688612
 0.372135 0.380395 0.198198 0.035619 0.0136522
 0.443498 0.309184 0.149839 0.078071 0.0194081
 0.618868 0.24851 0.0736829 0.0357088 0.0232306
 0.737987 0.209615 0.0341653 0.01013 0.00810303
 0.648054 0.301733 0.0401717 0.00654761 0.00349427
 0.586831 0.338977 0.0636068 0.00846839 0.00211688
 0.538595 0.358136 0.0847254 0.0158982 0.00264573
 0.664771 0.257312 0.0604783 0.0143076 0.0031315
 0.901495 0.0823066 0.0124333 0.00292232 0.000842658
 0.293869 0.676521 0.0247407 0.00373736 0.00113172
 0.853295 0.0708504 0.0726743 0.00265773 0.000523054
 0.47723 0.486255 0.0176347 0.0180886 0.000791697
 0.50113 0.340742 0.147083 0.00533416 0.00571095
 0.637995 0.253715 0.0739647 0.0319273 0.00239756
 0.648952 0.280769 0.0492555 0.0143593 0.00666373
 0.23667 0.619838 0.114765 0.0201334 0.00859323
 0.639974 0.145457 0.174234 0.0322601 0.00807493
 0.517896 0.383606 0.0397947 0.0476678 0.011035
 0.335883 0.465084 0.158369 0.016429 0.0242351
 0.6275 0.19374 0.125186 0.0426282 0.0109455
 0.587289 0.324605 0.0458246 0.0296098 0.0126716
 0.274865 0.547472 0.139735 0.0197264 0.0182011
 0.385544 0.274642 0.256558 0.0654829 0.0177737
 0.702435 0.171582 0.0563105 0.0526027 0.0170703
 0.358749 0.538421 0.0592938 0.0194593 0.024077
 0.590173 0.221691 0.157967 0.0173962 0.0127731
pobs_RECLAS
 0 0 0 0 0
 0 0 0 0 0
 0 0 0 0 0
 0 0 0 0 0
 0 0 0 0 0
 0 0 0 0 0
 0 0 0 0 0
 0 0 0 0 0
 0 0 0 0 0
 0 0 0 0 0
 0.991045 0.00858322 0.000360255 1.14367e-05 0
 0.934742 0.0480273 0.0164251 0.00080598 0
 0.827803 0.169806 0.00239088 0 0
 0.941827 0.0461693 0.0120037 0 0
 0.791401 0.0380133 0.147996 0.0225897 0
 0.846168 0.0940531 0.0597789 0 0
 0.134021 0.677848 0.182769 0.00536245 0
 0.80878 0.0450904 0.141981 0.00414843 0
 0.846168 0.0940531 0.0597789 0 0
 0.905697 0.0802665 0.012482 0.00150086 5.37128e-05
 0.989698 0.0102097 9.19794e-05 0 0
 0.975433 0.0193895 0.00387452 0.00125025 5.28907e-05
 0.303575 0.632131 0.0575291 0.00676475 0
 0.966965 0.00978017 0.0227588 0.000495775 0
 0.843318 0.132988 0.00938335 0.0141283 0.000182051
 0.564624 0.303363 0.111486 0.0197234 0.00080311
 0.826376 0.0876187 0.0782897 0.00655872 0.00115652
 0.89761 0.0855135 0.0140674 0.00269457 0.000114338
 0.34875 0.467042 0.161289 0.0227151 0.000203297
 0.318654 0.224769 0.449479 0.00709798 0
 0.937255 0.0296025 0.0250945 0.00804832 0
 0.456809 0.399803 0.12412 0.0192676 0
 0.883104 0.0372192 0.0704036 0.00927362 0
ppred_RECLAS
 0.563499 0.0961644 0.320494 0.0198416 7.37232e-07
 0.470285 0.304415 0.0496353 0.165423 0.0102417
 0.675898 0.159047 0.0948534 0.015466 0.0547358
 0.778364 0.153638 0.0333683 0.0199004 0.0147284
 0.714546 0.228406 0.039546 0.00858888 0.00891333
 0.786493 0.154348 0.0473363 0.00819576 0.00362727
 0.561446 0.351237 0.0631224 0.0193587 0.00483516
 0.548167 0.273746 0.14263 0.0256327 0.00982462
 0.624753 0.208481 0.101036 0.0526428 0.0130868
 0.774149 0.147262 0.0436629 0.0211603 0.013766
 0.852423 0.118064 0.0192433 0.00570563 0.00456397
 0.795646 0.175198 0.0233252 0.0038018 0.0020289
 0.749503 0.205515 0.0385636 0.00513423 0.00128343
 0.718548 0.218459 0.0516815 0.0096977 0.00161386
 0.808635 0.146886 0.0345239 0.00816743 0.00178761
 0.95093 0.0410005 0.00619359 0.00145574 0.000419765
 0.462731 0.51474 0.0188243 0.00284362 0.000861085
 0.923573 0.0369099 0.0378601 0.00138456 0.000272488
 0.656209 0.319778 0.0115971 0.0118957 0.000520647
 0.676901 0.220685 0.0952602 0.00345473 0.00369876
 0.785149 0.150581 0.0438983 0.018949 0.00142296
 0.794109 0.164672 0.0288886 0.00842178 0.00390831
 0.389701 0.495574 0.0917573 0.0160971 0.00687047
 0.785512 0.086657 0.103801 0.0192192 0.00481071
 0.688508 0.247851 0.0257117 0.0307986 0.00712983
 0.509312 0.34363 0.117012 0.0121387 0.0179063
 0.776262 0.116368 0.0751916 0.0256041 0.0065743
 0.745266 0.200353 0.0282839 0.0182758 0.00782117
 0.437338 0.424806 0.108426 0.0153065 0.014123
 0.563426 0.195134 0.182285 0.0465258 0.0126283
 0.829771 0.0981573 0.0322137 0.0300926 0.00976545
 0.533776 0.391461 0.0431098 0.014148 0.0175053
 0.748149 0.136235 0.0970753 0.0106905 0.00784944
pobs_PELACES
 0 0 0 0 0
 0 0 0 0 0
 0 0 0 0 0
 0 0 0 0 0
 0 0 0 0 0
 0 0 0 0 0
 0 0 0 0 0
 0 0 0 0 0
 0 0 0 0 0
 0 0 0 0 0
 0 0 0 0 0
 0 0 0 0 0
 0 0 0 0 0
 0 0 0 0 0
 0 0 0 0 0
 0 0 0 0 0
 0.505614 0.472636 0.0217494 0 0
 0 0 0 0 0
 0.443492 0.261883 0.143347 0.151278 0
 0.227955 0.32914 0.350689 0.0885471 0.00366901
 0.970185 0.0296113 0.000203453 0 0
 0.997202 0.00247181 0.000326279 0 0
 0.445219 0.490057 0.0546422 0.010081 0
 0.90214 0.0892962 0.00764917 0.000914606 0
 0 0 0 0 0
 0.581667 0.319106 0.0959925 0.00289975 0.000334073
 0.762889 0.0836404 0.116647 0.0363945 0.000428098
 0.88444 0.0763242 0.0277011 0.0115352 0
 0.521256 0.241999 0.230069 0.00667565 0
 0.616807 0.101726 0.260614 0.0208532 0
 0.833518 0.0704572 0.0857862 0.0102388 0
 0.697417 0.212968 0.0787535 0.0105354 0.000325836
 0 0 0 0 0
ppred_PELACES
 0.570884 0.0945374 0.315072 0.0195059 7.24759e-07
 0.483773 0.296664 0.0483715 0.161211 0.00998088
 0.687377 0.153414 0.0914938 0.0149182 0.0527972
 0.792928 0.143543 0.0311757 0.0185927 0.0137607
 0.720088 0.223972 0.0387782 0.00842214 0.00874029
 0.796085 0.147414 0.0452097 0.00782755 0.00346431
 0.590913 0.327637 0.0588811 0.018058 0.00451028
 0.553065 0.270778 0.141084 0.0253548 0.00971812
 0.642857 0.198423 0.0961613 0.050103 0.0124554
 0.791479 0.135962 0.0403125 0.0195366 0.0127097
 0.855675 0.115463 0.0188194 0.00557992 0.00446342
 0.812279 0.160938 0.0214268 0.00349237 0.00186377
 0.767346 0.190877 0.0358168 0.00476852 0.00119201
 0.751595 0.192809 0.0456134 0.00855906 0.00142437
 0.826763 0.132972 0.0312535 0.00739375 0.00161828
 0.95576 0.0369652 0.00558401 0.00131246 0.000378451
 0.476062 0.501968 0.0183572 0.00277307 0.000839721
 0.927975 0.0347838 0.0356792 0.00130481 0.000256792
 0.674033 0.303198 0.0109959 0.0112789 0.000493653
 0.692829 0.209806 0.0905641 0.00328442 0.00351642
 0.794907 0.143742 0.0419046 0.0180884 0.00135833
 0.806067 0.155108 0.0272107 0.00793264 0.00368131
 0.39913 0.487918 0.0903397 0.0158484 0.00676433
 0.792272 0.0839258 0.10053 0.0186135 0.00465909
 0.696322 0.241634 0.0250667 0.030026 0.00695099
 0.516439 0.33864 0.115313 0.0119624 0.0176462
 0.783071 0.112827 0.0729036 0.024825 0.00637424
 0.751715 0.195281 0.0275678 0.0178131 0.00762317
 0.443689 0.420012 0.107202 0.0151338 0.0139636
 0.572145 0.191237 0.178645 0.0455967 0.0123761
 0.836338 0.0943704 0.0309709 0.0289316 0.0093887
 0.538504 0.387491 0.0426726 0.0140045 0.0173278
 0.756409 0.131767 0.0938916 0.0103398 0.00759201
pobs_pel_tallas
 0 0 0 0 0 0 0 0 0 0 0 0 0 0 0 0 0 0 0 0 0 0 0 0 0 0
 0 0 0 0 0 0 0 0 0 0 0 0 0 0 0 0 0 0 0 0 0 0 0 0 0 0
 0 0 0 0 0 0 0 0 0 0 0 0 0 0 0 0 0 0 0 0 0 0 0 0 0 0
 0 0 0 0 0 0 0 0 0 0 0 0 0 0 0 0 0 0 0 0 0 0 0 0 0 0
 0 0 0 0 0 0 0 0 0 0 0 0 0 0 0 0 0 0 0 0 0 0 0 0 0 0
 0 0 0 0 0 0 0 0 0 0 0 0 0 0 0 0 0 0 0 0 0 0 0 0 0 0
 0 0 0 0 0 0 0 0 0 0 0 0 0 0 0 0 0 0 0 0 0 0 0 0 0 0
 0 0 0 0 0 0 0 0 0 0 0 0 0 0 0 0 0 0 0 0 0 0 0 0 0 0
 0 0 0 0 0 0 0 0 0 0 0 0 0 0 0 0 0 0 0 0 0 0 0 0 0 0
 0 0 0 0 0 0 0 0 0 0 0 0 0 0 0 0 0 0 0 0 0 0 0 0 0 0
 0 0 0 0 0 0 0 0 0 0 0 0 0 0 0 0 0 0 0 0 0 0 0 0 0 0
 0 0 0 0 0 0 0 0 0 0 0 0 0 0 0 0 0 0 0 0 0 0 0 0 0 0
 0.00862536 0 0 0.000197151 0.00414017 0.0128641 0.00837892 0.0270097 0.101434 0.158115 0.152841 0.127902 0.109271 0.109419 0.0830992 0.0579132 0.0238553 0.00714673 0.00463305 0.00128148 0.00103504 0.000492878 0.000147863 0.000147863 4.92878e-05 0
 0 0 0 0 0 0 0 0 0 0 0 0 0 0 0 0 0 0 0 0 0 0 0 0 0 0
 0 0 0 0 0 0 0 0.0054083 0.00873648 0.0413646 0.0450493 0.0745869 0.0622846 0.0627006 0.0613931 0.0827291 0.12552 0.122667 0.0946155 0.0697135 0.0546179 0.0294188 0.0215738 0.0213955 0.0102223 0.00600262
 0 0 0 0 0.00359764 0.0251062 0.0480494 0.140153 0.205849 0.193036 0.1447 0.116669 0.0760912 0.0342217 0.00950174 0.001854 0.000860785 0 0 0 0.000165536 0 0.000143464 0 0 0
 0 0 0 0 0 0 0 0.000145254 0.000435761 0.0275982 0.070085 0.0708112 0.156366 0.174668 0.174014 0.160142 0.0824315 0.0480064 0.0283245 0.00493863 0.00203355 0 0 0 0 0
 0 0 0 0 0 0 0 0 0 0 0 0 0 0 0 0 0 0 0 0 0 0 0 0 0 0
 0 0 1.00437e-05 0.000401748 0.00122533 0.00171747 0.00176769 0.0269171 0.070346 0.194647 0.189555 0.159765 0.064822 0.0314167 0.0384472 0.0292271 0.0345202 0.0313363 0.0194345 0.0106764 0.0143323 0.0359363 0.0279516 0.0138201 0.00172751 0
 0 0.0021121 0.0136068 0.0755702 0.200478 0.177729 0.0527432 0.0373336 0.0318909 0.0142505 0.0149659 0.0166563 0.0217959 0.0798694 0.0677717 0.0528807 0.04013 0.0224614 0.0357745 0.0225083 0.00881397 0.00855152 0.00135912 0.000746735 0 0
 0 0 0 0 5.4009e-05 0.00500934 0.000945158 0.0243581 0.138947 0.33067 0.221406 0.137944 0.0707744 0.0437923 0.0131692 0.00525238 0.0047753 0.00276346 9.45158e-05 9.00151e-06 2.25038e-05 9.00151e-06 4.50075e-06 0 0 0
 0.000866109 0.00284123 0.00948549 0.0512746 0.133035 0.25785 0.225252 0.132002 0.0553304 0.0519788 0.0540692 0.017754 0.00435017 0.00159236 0.00146478 0.000404838 0.000125132 0.000115318 0.000107957 0.000100596 0 0 0 0 0 0
 0 0 0 0 0.00144013 0.00171154 0.00461396 0.0210425 0.0478622 0.0707936 0.0888783 0.103762 0.0637923 0.0337046 0.0602308 0.124433 0.169614 0.0934646 0.0462172 0.0250306 0.0313229 0.00938855 0.002487 0.000210481 0 0
 0 0.00764035 0.051015 0.0998891 0.058973 0.0496711 0.0374665 0.0718981 0.12319 0.153886 0.159021 0.0857701 0.0377988 0.023471 0.0147837 0.00900784 0.00315554 0.000888139 0.00291439 0.00214683 0.00393193 0.00274676 0.000635225 9.99891e-05 0 0
 0 0 0 0 0 0 0 0 0 0 0 0 0 0 0 0 0 0 0 0 0 0 0 0 0 0
 0 0 0 0 0 0 0 0 0 0 0 0 0 0 0 0 0 0 0 0 0 0 0 0 0 0
 0 0 0 0 0 0 0 0 0 0 0 0 0 0 0 0 0 0 0 0 0 0 0 0 0 0
 0 0 0 0 0 0 0 0 0 0 0 0 0 0 0 0 0 0 0 0 0 0 0 0 0 0
 0 0 0 0 0 0 0 0 0 0 0 0 0 0 0 0 0 0 0 0 0 0 0 0 0 0
 0 0 0 0 0 0 0 0 0 0 0 0 0 0 0 0 0 0 0 0 0 0 0 0 0 0
 0 0 0 0 0 0 0 0 0 0 0 0 0 0 0 0 0 0 0 0 0 0 0 0 0 0
 0 0 0 0 0 0 0 0 0 0 0 0 0 0 0 0 0 0 0 0 0 0 0 0 0 0
 0 0 0 0 0 0 0 0 0 0 0 0 0 0 0 0 0 0 0 0 0 0 0 0 0 0
ppred_pel_tallas
 1.11073e-16 4.7023e-05 0.00045708 0.00303746 0.0138079 0.0429614 0.0915342 0.133599 0.133608 0.0915813 0.0431208 0.0142741 0.00423027 0.00313565 0.00535244 0.00934232 0.0147728 0.0213175 0.0285719 0.0361861 0.0437785 0.0506313 0.0555268 0.0570674 0.0543768 0.0476818
 1.19329e-16 3.98478e-05 0.000387335 0.00257398 0.0117009 0.0364061 0.0775681 0.113219 0.113248 0.0777082 0.0368766 0.013061 0.00599193 0.00786295 0.014282 0.023674 0.0344212 0.0440293 0.0500588 0.0515765 0.0497846 0.0471855 0.0459096 0.0464849 0.0478188 0.0481312
 1.13111e-16 5.66183e-05 0.00055035 0.00365727 0.0166254 0.051728 0.110213 0.160862 0.160876 0.110285 0.0519731 0.0173351 0.00544471 0.00447273 0.00756654 0.0125804 0.0185011 0.0240899 0.028133 0.0301165 0.0305119 0.0303619 0.0305021 0.031048 0.0314675 0.0310417
 1.0513e-16 6.53124e-05 0.00063486 0.00421887 0.0191784 0.0596711 0.127136 0.185562 0.185576 0.127204 0.0598986 0.0198358 0.0058704 0.00424456 0.00693411 0.0113963 0.016499 0.0209436 0.0234626 0.0234998 0.0215431 0.018777 0.016332 0.0147186 0.0137776 0.0130208
 1.03501e-16 5.93127e-05 0.000576541 0.00383132 0.0174166 0.0541897 0.115458 0.168518 0.16854 0.115563 0.0545441 0.0184405 0.0064021 0.00619071 0.010728 0.0176586 0.0254726 0.0321193 0.0355496 0.0348222 0.0306566 0.0249252 0.0195108 0.0154198 0.0126676 0.0107393
 1.02714e-16 6.55725e-05 0.000637388 0.00423567 0.0192547 0.0599087 0.127642 0.186301 0.186315 0.127712 0.0601426 0.0199309 0.0059348 0.00435289 0.00714036 0.0117487 0.0170301 0.02165 0.0242872 0.0243233 0.0221835 0.0189972 0.0158679 0.0133374 0.0113615 0.00963971
 1.04358e-16 4.86728e-05 0.000473117 0.00314403 0.0142923 0.0444689 0.0947469 0.138292 0.138324 0.0949013 0.0449875 0.0157904 0.00690555 0.00868824 0.0156616 0.0258437 0.0372925 0.0470414 0.052095 0.0510701 0.0450027 0.0366065 0.028607 0.0224578 0.0181858 0.0150727
 1.08328e-16 4.55553e-05 0.000442814 0.00294265 0.0133769 0.0416206 0.0886781 0.129434 0.12946 0.0888065 0.0420523 0.0146258 0.00608561 0.00733059 0.0132051 0.0219635 0.032114 0.0413876 0.0474735 0.049271 0.0474512 0.0438034 0.0399434 0.0364563 0.0330037 0.0290258
 1.09959e-16 5.29514e-05 0.000514706 0.0034204 0.0155487 0.0483778 0.103075 0.150445 0.150464 0.103169 0.0486941 0.016464 0.00572417 0.00556448 0.00970466 0.0161225 0.0236067 0.030513 0.0352039 0.0369513 0.0363286 0.0346955 0.0332029 0.0321315 0.0309802 0.0290462
 1.05309e-16 6.51931e-05 0.0006337 0.00421116 0.0191433 0.0595621 0.126904 0.185223 0.185236 0.126968 0.059778 0.0197673 0.00577947 0.00406426 0.00660116 0.0108653 0.0157787 0.0201304 0.0227385 0.0230802 0.0215948 0.0193494 0.0173388 0.0159738 0.0150628 0.0141513
 1.01888e-16 7.04808e-05 0.000685098 0.00455272 0.020696 0.064393 0.137197 0.200245 0.200256 0.137251 0.0645757 0.0212238 0.00587771 0.00357849 0.00556831 0.00910145 0.0131222 0.0165411 0.0182997 0.0179152 0.0157632 0.0128148 0.0100452 0.00797339 0.00660133 0.00565279
 1.01326e-16 6.69063e-05 0.000650354 0.00432183 0.0196464 0.0611274 0.130239 0.190091 0.190106 0.130315 0.0613818 0.0203813 0.00616633 0.00467646 0.00771182 0.0126396 0.0181922 0.022857 0.0251386 0.0243446 0.0209918 0.01645 0.012121 0.00879356 0.0065434 0.00504715
 1.01763e-16 6.32053e-05 0.000614378 0.00408276 0.0185596 0.057746 0.123035 0.179577 0.179595 0.123125 0.0580481 0.0194324 0.00627409 0.00540006 0.00915781 0.0150544 0.0217138 0.0273736 0.0302756 0.0295987 0.0259297 0.020839 0.0159193 0.0120445 0.0092792 0.00726255
 1.02466e-16 6.19079e-05 0.000601767 0.00399895 0.0181787 0.0565607 0.120509 0.175891 0.175909 0.1206 0.0568662 0.0190614 0.00621618 0.00544662 0.00927665 0.0152733 0.0220773 0.0279321 0.0310831 0.0307099 0.0273898 0.0226623 0.0180643 0.0144023 0.0116868 0.00954065
 1.01952e-16 6.80994e-05 0.00066195 0.00439889 0.0199967 0.0622173 0.132561 0.193479 0.193492 0.132624 0.062428 0.0206056 0.00592812 0.00400355 0.00642406 0.0105377 0.0152324 0.0192786 0.0214682 0.02124 0.0189967 0.0158023 0.0127141 0.0102794 0.00849073 0.00707088
 1.00367e-16 7.87247e-05 0.000765232 0.00508524 0.0231167 0.0719248 0.153244 0.223664 0.223668 0.153261 0.0719833 0.0232856 0.00550917 0.00169078 0.00183679 0.00291268 0.00418977 0.00527182 0.00581334 0.00565613 0.00491805 0.0039103 0.00294923 0.00220943 0.00170304 0.00135364
 1.01079e-16 3.92127e-05 0.000381161 0.00253295 0.0115145 0.035826 0.0763329 0.11142 0.111469 0.0765688 0.036618 0.0138008 0.00826768 0.012886 0.0237465 0.0390862 0.0560439 0.0699339 0.076007 0.0720724 0.0598304 0.0437872 0.0286565 0.0172413 0.00999899 0.00593897
 1.01213e-16 7.64361e-05 0.000742986 0.0049374 0.0224447 0.0698339 0.148789 0.217162 0.217165 0.148805 0.0698899 0.0226071 0.00534716 0.00164498 0.00181136 0.00293035 0.00434543 0.00573681 0.00682385 0.00745985 0.00768405 0.00763606 0.00741258 0.00699998 0.00632969 0.00538406
 1.0161e-16 5.55193e-05 0.000539667 0.00358628 0.0163027 0.050724 0.108074 0.157743 0.157772 0.108216 0.0512024 0.017684 0.00705102 0.00809544 0.0143825 0.0236301 0.0338969 0.0423396 0.0461056 0.0438916 0.0367406 0.0273756 0.0186198 0.0121139 0.00806199 0.00579496
 1.03592e-16 5.70675e-05 0.000554716 0.00368628 0.0167573 0.0521384 0.111087 0.162139 0.162159 0.111186 0.0524721 0.0177224 0.00611311 0.00586708 0.0101887 0.016864 0.0245426 0.0313895 0.0355481 0.0361204 0.0336336 0.0295601 0.0253175 0.0215712 0.0182577 0.0150663
 1.0329e-16 6.54754e-05 0.000636445 0.0042294 0.0192262 0.05982 0.127453 0.186025 0.186039 0.127521 0.0600481 0.0198856 0.0058863 0.0042598 0.00696561 0.0114614 0.0166213 0.0211502 0.0237729 0.0239037 0.0219744 0.0190942 0.0163269 0.0141621 0.0124968 0.0109746
 1.02244e-16 6.63947e-05 0.00064538 0.00428878 0.0194962 0.0606599 0.129243 0.188637 0.188652 0.129316 0.0609054 0.0202053 0.00606933 0.00453394 0.00745629 0.0122344 0.0176481 0.0222577 0.0246433 0.0241518 0.0212783 0.0173135 0.0135537 0.0106894 0.00872989 0.00732473
 1.05466e-16 3.28759e-05 0.000319566 0.00212363 0.00965373 0.0300366 0.0639979 0.0934166 0.0934637 0.0642278 0.0308088 0.0118847 0.00772521 0.0125531 0.023282 0.0384777 0.0555177 0.0700063 0.0774684 0.0758213 0.0665834 0.0537822 0.041487 0.0319077 0.0251606 0.0202614
 1.05578e-16 6.52584e-05 0.000634335 0.00421538 0.0191625 0.0596217 0.127031 0.185407 0.185415 0.127071 0.0597574 0.0195563 0.00521084 0.00283048 0.0043038 0.00718876 0.0107631 0.0144013 0.0174902 0.0197191 0.0211842 0.0221581 0.0227393 0.0227126 0.0217319 0.0196304
 1.04973e-16 5.73552e-05 0.000557513 0.00370487 0.0168418 0.0524012 0.111647 0.162957 0.162981 0.111761 0.0527832 0.0179451 0.00647422 0.00660283 0.0115384 0.0189861 0.0273528 0.0344262 0.0380063 0.037115 0.0325961 0.0265509 0.0210679 0.0172231 0.0149355 0.0134873
 1.07601e-16 4.25384e-05 0.000413489 0.00274778 0.012491 0.0388644 0.0828059 0.120865 0.120897 0.082966 0.0394021 0.0140456 0.0066551 0.00896038 0.0163251 0.0270531 0.0392748 0.0500333 0.0563224 0.0567318 0.0522256 0.0453581 0.0386035 0.033143 0.0288275 0.0249458
 1.05702e-16 6.45005e-05 0.000626968 0.00416642 0.01894 0.0589293 0.125556 0.183254 0.183265 0.125609 0.0591097 0.0194624 0.0054825 0.0035158 0.00559764 0.00927496 0.0136446 0.0177715 0.0207413 0.0221317 0.0222183 0.0216808 0.0210629 0.02044 0.0195114 0.0179431
 1.03923e-16 6.19178e-05 0.000601863 0.00399959 0.0181816 0.0565697 0.120529 0.175919 0.175938 0.120621 0.0568787 0.0190739 0.00623981 0.00549346 0.00935577 0.0153799 0.0221776 0.0279554 0.0309363 0.0303213 0.0267694 0.0219456 0.0175058 0.0143062 0.0122977 0.0109431
 1.07082e-16 3.65461e-05 0.000355241 0.00236071 0.0107315 0.0333898 0.0711419 0.103842 0.103883 0.0713401 0.0340555 0.0126554 0.00719375 0.010918 0.0201331 0.0333199 0.048214 0.0610882 0.0681497 0.0676292 0.0607876 0.0509586 0.0414469 0.0339494 0.0284248 0.0239951
 1.11872e-16 4.71268e-05 0.00045809 0.00304417 0.0138384 0.0430564 0.0917368 0.133896 0.133915 0.0918282 0.043364 0.0147301 0.0052949 0.00541205 0.00957509 0.0160685 0.0238783 0.0315753 0.0377032 0.0415617 0.0434979 0.0443904 0.0447877 0.0444717 0.042751 0.0391172
 1.05409e-16 6.88881e-05 0.000669617 0.00444984 0.0202283 0.0629379 0.134096 0.195719 0.195728 0.134141 0.0630879 0.0206622 0.00554092 0.00305826 0.00462591 0.00759404 0.0110677 0.0142139 0.0162446 0.0168311 0.0162978 0.0153724 0.0146863 0.0144208 0.0143154 0.0139415
 1.05668e-16 4.4356e-05 0.000431156 0.00286518 0.0130247 0.040525 0.0863441 0.12603 0.126067 0.0865265 0.0411374 0.0147935 0.00730423 0.0101195 0.0184381 0.0303966 0.0437506 0.0549564 0.060439 0.0585722 0.0506626 0.0400768 0.0302344 0.0230159 0.0185019 0.0157433
 1.05065e-16 6.23044e-05 0.000605621 0.00402457 0.0182951 0.0569229 0.121281 0.177016 0.177028 0.121344 0.0571338 0.0189057 0.00556297 0.00398307 0.00653271 0.0108475 0.0159612 0.0207836 0.0242259 0.0257565 0.0256464 0.0246446 0.0233757 0.0219793 0.0202206 0.0178615
pSPR Fmed_Fpbrs
1   0.983263 0.6 0.325 0.983263 0.983262 0.983262
Fs Fmed_Fpbrs
0   0.01 0.344104 0.886144 0.01 0.01 0.01
SSBpbr Bo_Bmed_Bpbrs
1.01051e+06  959984  943071 555780 277890 943071 943071 943071
Ro
161961
SPR SPRFo_SPRFmed_SPRFpbrs
1.16682e+06 1.16682e+06 1.14729e+06
Fref
0
Nvult_r0
 139770 28853 20559.4 2264.11 1662.42
CTP_r0
 16041.4 6025.76 4293.69 472.844 347.185
YTP_r0
356499
Np
 206499 75966.8 27946.6 10281 5173.54
Nvult_p0
 130532 48020.2 17665.6 6498.82 3270.3
CTP_p0
 0 0 0 0 0
 0 0 0 0 0
 0 0 0 0 0
 0 0 0 0 0
 0 0 0 0 0
 0 0 0 0 0
YTP_p0
 0 0 0 0 0 0
CBA_c0
0
log_Ro
11.8151
likeval ReclasPelacesDesembMPH_pf_preclas_ppelaces_ptallas_desvR_qrecl_qpela
 14.87 17.435 0.0496417 0.00122344 234.607 135.218 108.924 0 22.7082 1.63791e-08 2.29607e-06 0.246901 2068.07 0 0
q_reclas_q_pelaces
1.01826 1.23899
M
1
N
 191618 34225.8 114067 7061.83 0.262388
 91885 64554.7 10525.8 35079.9 2171.86
 113191 28858.1 17210.6 2806.21 9931.48
 158518 35671.2 7747.34 4620.4 3419.6
 135906 45279.3 7839.62 1702.67 1766.98
 215376 46155.9 14155.3 2450.84 1084.69
 89000.3 66851.7 12014.2 3684.59 920.287
 44699.6 23001.9 11984.7 2153.82 825.528
 41320.9 15519 7520.95 3918.65 974.162
 54501.6 12099.7 3587.55 1738.63 1131.08
 103265 14879.2 2425.17 719.061 575.181
 136220 35198.4 4686.19 763.807 407.621
 115785 36798.4 6904.97 919.304 229.802
 81455.3 32033.6 7578.3 1422.02 236.648
 83474.1 18232.7 4285.41 1013.81 221.894
 423184 21512 3249.62 763.788 220.24
 93909.7 113289 4143.04 625.853 189.517
 670788 29541 30301.5 1108.14 218.087
 371888 204591 7419.75 7610.75 333.105
 296910 108254 46728.5 1694.67 1814.38
 419798 88017.4 25659.4 11076 831.747
 559845 130022 22809.8 6649.66 3085.91
 122582 165493 30641.6 5375.48 2294.34
 342468 40177.5 48126.4 8910.77 2230.43
 293993 111882 11606.5 13902.7 3218.46
 137899 97148.8 33080.9 3431.76 5062.34
 293176 46669.4 30155.7 10268.6 2636.63
 339203 96047.7 13559.1 8761.28 3749.41
 111769 112888 28813.2 4067.56 3753.06
 104333 38132.6 35621.8 9091.97 2467.79
 272243 34593.8 11353.2 10605.6 3441.66
 115566 87231 9606.35 3152.66 3900.78
 206499 40214.9 28655.4 3155.69 2317.05
pred_Ctot
 10276.4 3600.87 12000.9 742.97 0.0276056
 8606.41 11531.4 1880.21 6266.31 387.959
 10387.6 5057.47 3016.2 491.796 1740.52
 22866.1 9462.79 2055.2 1225.69 907.144
 6643.51 4356.63 754.303 163.825 170.014
 21570.2 8775.13 2691.21 465.953 206.221
 17221.4 22946.2 4123.76 1264.7 315.879
 1597.05 1632.5 850.585 152.862 58.5898
 5429.07 3784.87 1834.26 955.705 237.585
 9102.95 3655.34 1083.8 525.242 341.7
 4825.13 1370.51 223.381 66.2321 52.9795
 23458.6 10922.3 1454.15 237.014 126.487
 18572.6 10728.3 2013.09 268.016 66.997
 20985.1 13953.9 3301.12 619.434 103.085
 16264.9 6295.64 1479.72 350.063 76.6184
 74745.4 6824.26 1030.88 242.298 69.8671
 8713.09 20058.6 733.551 110.811 33.5551
 73590.4 6110.33 6267.62 229.21 45.1096
 50011.4 50957.2 1848.03 1895.6 82.9661
 37091.3 25220.1 10886.4 394.81 422.699
 42542.1 16918 4932.04 2128.94 159.872
 70776 30621.2 5371.9 1566.05 726.759
 8530.13 22340.4 4136.41 725.653 309.72
 24472.8 5562.3 6662.76 1233.63 308.788
 19076.4 14129.9 1465.81 1755.81 406.468
 7025.26 9727.59 3312.42 343.625 506.896
 20478.7 6322.77 4085.5 1391.19 357.211
 20611.7 11392.5 1608.28 1039.2 444.728
 5160.53 10278.7 2623.49 370.358 341.722
 6564.84 4676.46 4368.54 1115.01 302.641
 22455.1 5485.05 1800.11 1681.58 545.696
 3969.37 5957.34 656.054 215.307 266.399
 16041.4 6025.76 4293.69 472.844 347.185
F
 0.0879925 0.179155 0.179155 0.179155 0.179155
 0.158146 0.321991 0.321991 0.321991 0.321991
 0.154733 0.315042 0.315042 0.315042 0.315042
 0.253019 0.515155 0.515155 0.515155 0.515155
 0.0799396 0.162759 0.162759 0.162759 0.162759
 0.169906 0.345934 0.345934 0.345934 0.345934
 0.353063 0.718846 0.718846 0.718846 0.718846
 0.0578988 0.117884 0.117884 0.117884 0.117884
 0.228187 0.464596 0.464596 0.464596 0.464596
 0.298267 0.60728 0.60728 0.60728 0.60728
 0.076297 0.155343 0.155343 0.155343 0.155343
 0.308816 0.628759 0.628759 0.628759 0.628759
 0.284949 0.580164 0.580164 0.580164 0.580164
 0.496835 1.01157 1.01157 1.01157 1.01157
 0.355928 0.72468 0.72468 0.72468 0.72468
 0.317863 0.647178 0.647178 0.647178 0.647178
 0.156554 0.318748 0.318748 0.318748 0.318748
 0.187441 0.381634 0.381634 0.381634 0.381634
 0.234112 0.476658 0.476658 0.476658 0.476658
 0.215896 0.439571 0.439571 0.439571 0.439571
 0.172072 0.350344 0.350344 0.350344 0.350344
 0.218731 0.445342 0.445342 0.445342 0.445342
 0.115469 0.235098 0.235098 0.235098 0.235098
 0.118734 0.241747 0.241747 0.241747 0.241747
 0.107311 0.218488 0.218488 0.218488 0.218488
 0.0834313 0.169868 0.169868 0.169868 0.169868
 0.115928 0.236034 0.236034 0.236034 0.236034
 0.100201 0.204013 0.204013 0.204013 0.204013
 0.0753628 0.153441 0.153441 0.153441 0.153441
 0.103916 0.211575 0.211575 0.211575 0.211575
 0.138137 0.28125 0.28125 0.28125 0.28125
 0.0556073 0.113218 0.113218 0.113218 0.113218
 0.12965 0.263972 0.263972 0.263972 0.263972
YTP_r0W_actual
 120952 105150 103349 14809.5 12238.3
YTP_p0W_proyectada
 0 0 0 0 0
 0 0 0 0 0
 0 0 0 0 0
 0 0 0 0 0
 0 0 0 0 0
 0 0 0 0 0
CTP_r0_actual
 16041.4 6025.76 4293.69 472.844 347.185
CTP_p0_proyectada
 0 0 0 0 0
 0 0 0 0 0
 0 0 0 0 0
 0 0 0 0 0
 0 0 0 0 0
 0 0 0 0 0
Wmedp
 7.54 17.45 24.07 31.32 35.25
Frms_r0
 0.12965 0.263972 0.263972 0.263972 0.263972
Zrms_r0
 1.12965 1.26397 1.26397 1.26397 1.26397
nmprior
 7.29 8.9 8.7 0
nm_flota  nm_reclas  nm_pelaces    nm_pelaL
inf 12.5882 22.942 80.3313
cv_recla  cv_pelaces  cv_mph
0.333953 0.457405 0.93482
 ------------------------------------------------
Talla a la edad & desviaci?n 
 8 13.2811 15.8009 17.003 17.5766
 0.8 1.32811 1.58009 1.7003 1.75766
