years
 1991 1992 1993 1994 1995 1996 1997 1998 1999 2000 2001 2002 2003 2004 2005 2006 2007 2008 2009 2010 2011 2012 2013 2014 2015 2016 2017 2018 2019 2020 2021 2022 2023
reclasobs
 0 0 0 0 0 0 0 0 0 252601 567819 844713 477998 351125 339783 2.1784e+06 2.13404e+06 4.81314e+06 1.55562e+06 2.62356e+06 3.21686e+06 3.843e+06 1.13348e+06 3.07943e+06 1.97215e+06 2.03268e+06 2.025e+06 2.42433e+06 2.27542e+06 1.05018e+06 2.36338e+06 3.18982e+06 1.53035e+06
reclaspred
 4.5051e+06 1.7719e+06 976588 647561 279370 2.72778e+06 1.34703e+06 723394 553984 244138 462672 809125 793242 586200 459309 1.68817e+06 994535 4.26419e+06 3.02044e+06 2.09399e+06 3.21838e+06 2.96135e+06 1.83236e+06 3.15131e+06 2.33005e+06 1.81155e+06 2.28728e+06 3.0828e+06 2.46733e+06 1.16999e+06 1.96995e+06 1.98575e+06 903513
pelacesobs
 0 0 0 0 0 0 0 0 0 0 0 0 0 0 0 552880 188675 0 991730 2.46772e+06 1.41603e+06 1.21717e+06 2.29649e+06 1.80582e+06 0 1.4828e+06 1.56532e+06 1.57751e+06 1.42118e+06 867257 1.10002e+06 1.06204e+06 0
pelacespred
 2.99123e+06 1.05308e+06 483286 238302 115758 1.57608e+06 645334 488769 279274 96163 258275 357184 396205 281697 217803 752414 442064 2.45036e+06 1.6602e+06 975390 1.65961e+06 1.46539e+06 992814 1.97379e+06 1.3685e+06 1.07471e+06 1.5449e+06 1.88227e+06 1.4823e+06 721931 972696 1.1521e+06 438283
mphobs
 0 0 0 0 0 0 0 0 0 0 0 0 498337 0 5186 125008 0 168611 109162 213762 579715 649985 157893 87575 83554 210694 70296 0 107559 103333 445601 22526 28222
mphpred
 1.24075e+06 556369 184346 138687 61027.2 35961.7 465092 148297 86095.6 50159.3 20429.5 81318.3 108560 74395.4 42674.8 45725.1 265765 114145 643342 307867 324044 332303 370590 206585 454537 323193 224788 314903 582357 321817 114396 344870 153348
desembarqueobs
 494567 514787 250237 358949 120608 361735 552515 73892 212993 205616 52469 317467 293654 387597 252695 516296 358380 742168 942051 627588 828172 859565 418607 520667 417249 300574 415391 372974 316634 284311 391294 218835 356480
desembarquepred
 494507 514617 249855 358790 120564 361583 552053 73881.1 212871 205486 52461 317263 293414 387020 252443 515834 358237 741542 940802 626560 827877 858716 418346 520441 416941 300388 415122 372723 316413 284013 390937 218797 356324
Reclutas
 55107.1 73023.2 120799 51676 24087.4 272486 31987.4 11537.3 30841.9 32545.3 46843.4 107253 83640 68173.2 45706.5 262120 23511.2 474160 200609 210858 220581 387986 36165.7 177617 142578 47271.8 139147 177438 40531.3 36420.1 140739 29549.2 57839.4
log_desv_Rt
 -0.352141 -0.0706414 0.432713 -0.416426 -1.17973 1.24617 -0.896078 -1.91584 -0.932544 -0.878788 -0.514608 0.313773 0.065103 -0.139368 -0.539178 1.20738 -1.20394 1.80013 0.939941 0.989766 1.03484 1.59955 -0.773307 0.818209 0.598473 -0.505505 0.574111 0.817202 -0.659345 -0.7663 0.585488 -0.975361 -0.303749
SSB
 1.24075e+06 556369 184346 138687 61027.2 35961.7 465092 148297 86095.6 50159.3 20429.5 81318.3 100530 71718.7 39860.1 43450.4 265765 114145 672219 322214 352512 389620 452768 238494 478696 368573 237595 314903 608536 309767 133970 402925 169868
BT
 1.68393e+06 982488 448946 381114 152472 1.24628e+06 758049 292749 353091 240521 190291 457873 477652 558391 375036 851715 476154 2.09896e+06 1.69738e+06 1.03319e+06 1.57454e+06 1.5305e+06 790339 1.5967e+06 1.03019e+06 762975 1.2794e+06 1.34587e+06 890971 613395 859285 682546 547853
Ftot
 0.397579 1.03684 1.04414 1.90983 1.58265 0.717547 1.32689 0.397372 1.62478 2.93005 0.588032 1.70653 1.56148 2.66426 2.41161 1.55136 1.23077 0.908443 1.19538 1.27752 1.10517 1.2732 0.820773 0.795389 0.726184 0.642372 0.847043 0.579557 0.465776 0.908209 0.97435 0.414402 1.55772
BD_Bspro_t
 0.938368 0.589489 0.2916 0.246172 0.11313 0.0917568 0.460265 0.194408 0.16597 0.12349 0.0745984 0.304084 0.233319 0.152977 0.0880192 0.0981147 0.283336 0.146542 0.413255 0.238486 0.219768 0.236748 0.282621 0.193919 0.353233 0.351048 0.309068 0.40138 0.537807 0.37991 0.24743 0.439932 0.332258
BD_Bspro
 2.19761 0.985436 0.326511 0.245641 0.108091 0.063695 0.823767 0.262663 0.152492 0.0888418 0.0361846 0.14403 0.178059 0.127028 0.0705999 0.076959 0.47072 0.202173 1.19063 0.570704 0.624366 0.690092 0.80194 0.422419 0.847862 0.652814 0.420826 0.557753 1.07783 0.548656 0.237286 0.713657 0.300868
BD_Bo
 4.24801 1.90486 0.63115 0.474828 0.208941 0.123123 1.59235 0.507731 0.294768 0.171732 0.0699452 0.278412 0.34419 0.245546 0.136471 0.148763 0.909908 0.390802 2.3015 1.10318 1.20691 1.33396 1.55016 0.81654 1.63893 1.2619 0.813463 1.07814 2.08347 1.06056 0.458676 1.37951 0.581582
BD_Brms
 4.5516 2.04099 0.676256 0.508762 0.223873 0.131922 1.70615 0.544017 0.315834 0.184005 0.074944 0.298309 0.368788 0.263094 0.146224 0.159394 0.974936 0.418731 2.46598 1.18202 1.29316 1.42929 1.66094 0.874895 1.75606 1.35208 0.871598 1.15519 2.23237 1.13635 0.491456 1.4781 0.623145
Sel_flota
 0.487296 1 1 1 1
 0.487296 1 1 1 1
 0.487296 1 1 1 1
 0.487296 1 1 1 1
 0.487296 1 1 1 1
 0.487296 1 1 1 1
 0.487296 1 1 1 1
 0.487296 1 1 1 1
 0.487296 1 1 1 1
 0.487296 1 1 1 1
 0.487296 1 1 1 1
 0.487296 1 1 1 1
 0.487296 1 1 1 1
 0.487296 1 1 1 1
 0.487296 1 1 1 1
 0.487296 1 1 1 1
 0.487296 1 1 1 1
 0.487296 1 1 1 1
 0.487296 1 1 1 1
 0.487296 1 1 1 1
 0.487296 1 1 1 1
 0.487296 1 1 1 1
 0.487296 1 1 1 1
 0.487296 1 1 1 1
 0.487296 1 1 1 1
 0.487296 1 1 1 1
 0.487296 1 1 1 1
 0.487296 1 1 1 1
 0.487296 1 1 1 1
 0.487296 1 1 1 1
 0.487296 1 1 1 1
 0.487296 1 1 1 1
 0.487296 1 1 1 1
Sel_reclas
 0.780377 1 1 1 1
 0.780377 1 1 1 1
 0.780377 1 1 1 1
 0.780377 1 1 1 1
 0.780377 1 1 1 1
 0.780377 1 1 1 1
 0.780377 1 1 1 1
 0.780377 1 1 1 1
 0.780377 1 1 1 1
 0.780377 1 1 1 1
 0.780377 1 1 1 1
 0.780377 1 1 1 1
 0.780377 1 1 1 1
 0.780377 1 1 1 1
 0.780377 1 1 1 1
 0.780377 1 1 1 1
 0.780377 1 1 1 1
 0.780377 1 1 1 1
 0.780377 1 1 1 1
 0.780377 1 1 1 1
 0.780377 1 1 1 1
 0.780377 1 1 1 1
 0.780377 1 1 1 1
 0.780377 1 1 1 1
 0.780377 1 1 1 1
 0.780377 1 1 1 1
 0.780377 1 1 1 1
 0.780377 1 1 1 1
 0.780377 1 1 1 1
 0.780377 1 1 1 1
 0.780377 1 1 1 1
 0.780377 1 1 1 1
 0.780377 1 1 1 1
Sel_pelaces
 0.670595 1 1 1 1
 0.670595 1 1 1 1
 0.670595 1 1 1 1
 0.670595 1 1 1 1
 0.670595 1 1 1 1
 0.670595 1 1 1 1
 0.670595 1 1 1 1
 0.670595 1 1 1 1
 0.670595 1 1 1 1
 0.670595 1 1 1 1
 0.670595 1 1 1 1
 0.670595 1 1 1 1
 0.670595 1 1 1 1
 0.670595 1 1 1 1
 0.670595 1 1 1 1
 0.670595 1 1 1 1
 0.670595 1 1 1 1
 0.670595 1 1 1 1
 0.670595 1 1 1 1
 0.670595 1 1 1 1
 0.670595 1 1 1 1
 0.670595 1 1 1 1
 0.670595 1 1 1 1
 0.670595 1 1 1 1
 0.670595 1 1 1 1
 0.670595 1 1 1 1
 0.670595 1 1 1 1
 0.670595 1 1 1 1
 0.670595 1 1 1 1
 0.670595 1 1 1 1
 0.670595 1 1 1 1
 0.670595 1 1 1 1
 0.670595 1 1 1 1
pf_obs 
 0.8446 0.082 0.0669 0.0065 0
 0.8095 0.147 0.0364 0.0071 0
 0.9664 0.0169 0.016 0.0007 0
 0.9276 0.0648 0.0075 0.0001 0
 0.7033 0.2144 0.0806 0.0017 0
 0.9318 0.0425 0.0243 0.0014 0
 0.5671 0.3108 0.0964 0.0239 0.0018
 0.0768 0.2599 0.5324 0.112 0.0189
 0.490249 0.384438 0.106611 0.0170017 0.00170017
 0.7925 0.1577 0.0466 0.003 0.0002
 0.840416 0.127587 0.0312969 0.00059994 9.999e-05
 0.8084 0.0986 0.0794 0.0134 0.0002
 0.7335 0.1905 0.0724 0.0035 0.0001
 0.4001 0.4547 0.1325 0.0127 0
 0.49795 0.308269 0.164784 0.0264974 0.00249975
 0.9179 0.0499 0.0305 0.0017 0
 0.2467 0.6533 0.0926 0.0074 0
 0.9418 0.0223 0.034 0.0019 0
 0.707729 0.231977 0.0356964 0.0245975 0
 0.517169 0.277429 0.184464 0.0207286 0.00020938
 0.811772 0.124168 0.05621 0.00726502 0.000585176
 0.764997 0.148141 0.077277 0.00933861 0.000247198
 0.163321 0.427699 0.378323 0.0303852 0.000271297
 0.753843 0.0900009 0.118128 0.0371064 0.000921714
 0.721811 0.176058 0.0630433 0.0369309 0.00215725
 0.143369 0.312575 0.442814 0.0836902 0.0175525
 0.692698 0.0596174 0.167031 0.0765114 0.00414204
 0.394062 0.376323 0.152708 0.0712218 0.00568511
 0.125707 0.32114 0.495352 0.0537591 0.00404204
 0.23352 0.215282 0.420074 0.123614 0.00750983
 0.796117 0.104755 0.0508955 0.0450114 0.00322123
 0.162477 0.292055 0.404252 0.121198 0.0200186
 0 0 0 0 0
pf_pred 
 0.262015 0.212412 0.460104 0.0654682 1.20985e-06
 0.538206 0.20865 0.0728618 0.157825 0.0224574
 0.772354 0.17545 0.0235831 0.00823537 0.0203769
 0.538243 0.419045 0.0329187 0.00442475 0.00536834
 0.628035 0.306397 0.0595034 0.00467438 0.0013906
 0.969581 0.0260477 0.00360077 0.000699284 7.12756e-05
 0.216005 0.774579 0.00806319 0.00111463 0.00023853
 0.316727 0.320419 0.358496 0.00373186 0.000626282
 0.745656 0.131831 0.0574524 0.0642798 0.000781433
 0.809214 0.174217 0.00858779 0.00374259 0.00423825
 0.895776 0.10036 0.00352896 0.000173955 0.000161661
 0.836863 0.1558 0.00706464 0.000248415 2.36251e-05
 0.746341 0.240969 0.0121193 0.000549539 2.11613e-05
 0.756111 0.222307 0.0205029 0.00103117 4.85582e-05
 0.81537 0.174339 0.00938016 0.000865114 4.55588e-05
 0.968414 0.0301946 0.00131357 7.06755e-05 6.86152e-06
 0.23813 0.754811 0.00674871 0.000293593 1.73301e-05
 0.965959 0.016734 0.0171462 0.000153303 7.0629e-06
 0.516564 0.477334 0.00300007 0.00307398 2.87505e-05
 0.705476 0.225436 0.068215 0.000428736 0.000443406
 0.73613 0.232966 0.023655 0.00715779 9.15137e-05
 0.817077 0.163138 0.0174679 0.00177366 0.000543556
 0.200388 0.746429 0.0474308 0.00507861 0.000673707
 0.819255 0.0725157 0.10103 0.00641984 0.000778586
 0.624619 0.346534 0.0115734 0.0161243 0.00114886
 0.365343 0.515066 0.110401 0.00368713 0.005503
 0.787417 0.125757 0.0704649 0.0151038 0.00125728
 0.7223 0.252439 0.0149431 0.00837301 0.0019441
 0.275953 0.626315 0.0888421 0.00525898 0.00363095
 0.456925 0.257927 0.246658 0.0349882 0.00350107
 0.869699 0.0910408 0.0186463 0.0178316 0.0027825
 0.315836 0.64966 0.0241079 0.00493761 0.0054587
 0.682252 0.164802 0.145232 0.00538935 0.0023241
pobs_RECLAS
 0 0 0 0 0
 0 0 0 0 0
 0 0 0 0 0
 0 0 0 0 0
 0 0 0 0 0
 0 0 0 0 0
 0 0 0 0 0
 0 0 0 0 0
 0 0 0 0 0
 0 0 0 0 0
 0.991045 0.00858322 0.000360255 1.14367e-05 0
 0.934742 0.0480273 0.0164251 0.00080598 0
 0.827803 0.169806 0.00239088 0 0
 0.941827 0.0461693 0.0120037 0 0
 0.791401 0.0380133 0.147996 0.0225897 0
 0.846168 0.0940531 0.0597789 0 0
 0.134021 0.677848 0.182769 0.00536245 0
 0.80878 0.0450904 0.141981 0.00414843 0
 0.846168 0.0940531 0.0597789 0 0
 0.905697 0.0802665 0.012482 0.00150086 5.37128e-05
 0.989698 0.0102097 9.19794e-05 0 0
 0.975433 0.0193895 0.00387452 0.00125025 5.28907e-05
 0.303575 0.632131 0.0575291 0.00676475 0
 0.966965 0.00978017 0.0227588 0.000495775 0
 0.843318 0.132988 0.00938335 0.0141283 0.000182051
 0.564624 0.303363 0.111486 0.0197234 0.00080311
 0.826376 0.0876187 0.0782897 0.00655872 0.00115652
 0.89761 0.0855135 0.0140674 0.00269457 0.000114338
 0.34875 0.467042 0.161289 0.0227151 0.000203297
 0.318654 0.224769 0.449479 0.00709798 0
 0.937255 0.0296025 0.0250945 0.00804832 0
 0.456809 0.399803 0.12412 0.0192676 0
 0.883104 0.0372192 0.0704036 0.00927362 0
ppred_RECLAS
 0.367443 0.182067 0.394374 0.0561155 1.03702e-06
 0.667875 0.150062 0.0524026 0.113509 0.0161515
 0.854191 0.112378 0.0151052 0.00527483 0.0130516
 0.690876 0.28053 0.0220375 0.00296216 0.00359384
 0.756054 0.200944 0.0390241 0.0030656 0.000911995
 0.98162 0.0157386 0.00217567 0.000422523 4.30663e-05
 0.329046 0.662895 0.00690059 0.00095392 0.000204137
 0.4313 0.26669 0.298383 0.00310609 0.000521265
 0.844 0.0808571 0.0352379 0.0394254 0.000479285
 0.905322 0.0864561 0.00426173 0.00185728 0.00210325
 0.934439 0.0631301 0.00221985 0.000109424 0.000101691
 0.905373 0.0903712 0.00409782 0.000144092 1.37036e-05
 0.843421 0.148746 0.00748101 0.000339221 1.30625e-05
 0.869754 0.11872 0.0109493 0.000550684 2.59319e-05
 0.901265 0.0932314 0.00501623 0.000462637 2.43635e-05
 0.982474 0.0167539 0.000728854 3.92153e-05 3.80721e-06
 0.355 0.639023 0.00571347 0.000248556 1.46717e-05
 0.979739 0.0099599 0.0102053 9.12445e-05 4.20377e-06
 0.652093 0.343515 0.00215901 0.0022122 2.06904e-05
 0.809154 0.146078 0.044202 0.000277813 0.000287319
 0.828975 0.150995 0.0153318 0.00463926 5.93138e-05
 0.887673 0.100177 0.0107264 0.00108914 0.000333778
 0.297584 0.655697 0.0416654 0.00446128 0.000591815
 0.884333 0.0464064 0.0646543 0.00410837 0.000498255
 0.736154 0.24357 0.00813464 0.0113333 0.000807501
 0.48945 0.414345 0.0888124 0.00296611 0.00442689
 0.862573 0.0812975 0.0455532 0.00976406 0.000812788
 0.811697 0.171174 0.0101326 0.00567758 0.00131826
 0.385158 0.53185 0.0754424 0.00446579 0.0030833
 0.589111 0.195147 0.186621 0.026472 0.0026489
 0.919651 0.0561396 0.0114981 0.0109957 0.00171581
 0.430565 0.540717 0.0200652 0.00410961 0.00454332
 0.797119 0.105226 0.0927303 0.00344109 0.00148394
pobs_PELACES
 0 0 0 0 0
 0 0 0 0 0
 0 0 0 0 0
 0 0 0 0 0
 0 0 0 0 0
 0 0 0 0 0
 0 0 0 0 0
 0 0 0 0 0
 0 0 0 0 0
 0 0 0 0 0
 0 0 0 0 0
 0 0 0 0 0
 0 0 0 0 0
 0 0 0 0 0
 0 0 0 0 0
 0 0 0 0 0
 0.505614 0.472636 0.0217494 0 0
 0 0 0 0 0
 0.443492 0.261883 0.143347 0.151278 0
 0.227955 0.32914 0.350689 0.0885471 0.00366901
 0.970185 0.0296113 0.000203453 0 0
 0.997202 0.00247181 0.000326279 0 0
 0.445219 0.490057 0.0546422 0.010081 0
 0.90214 0.0892962 0.00764917 0.000914606 0
 0 0 0 0 0
 0.581667 0.319106 0.0959925 0.00289975 0.000334073
 0.762889 0.0836404 0.116647 0.0363945 0.000428098
 0.88444 0.0763242 0.0277011 0.0115352 0
 0.521256 0.241999 0.230069 0.00667565 0
 0.616807 0.101726 0.260614 0.0208532 0
 0.833518 0.0704572 0.0857862 0.0102388 0
 0.697417 0.212968 0.0787535 0.0105354 0.000325836
 0 0 0 0 0
ppred_PELACES
 0.348067 0.187644 0.406454 0.0578344 1.06878e-06
 0.673136 0.147685 0.0515725 0.111711 0.0158956
 0.857283 0.109994 0.0147848 0.00516296 0.0127748
 0.726261 0.248418 0.0195149 0.00262308 0.00318246
 0.776837 0.183825 0.0356995 0.00280443 0.000834298
 0.981067 0.0162122 0.00224113 0.000435236 4.43621e-05
 0.345334 0.646803 0.00673307 0.000930763 0.000199182
 0.410735 0.276334 0.309173 0.00321842 0.000540115
 0.859554 0.0727956 0.0317246 0.0354947 0.0004315
 0.930986 0.0630206 0.0031065 0.00135383 0.00153313
 0.931173 0.0662753 0.00233045 0.000114876 0.000106757
 0.916486 0.0797586 0.0036166 0.000127171 1.20944e-05
 0.85772 0.135162 0.00679782 0.000308243 1.18696e-05
 0.900065 0.0910916 0.0084012 0.000422529 1.98971e-05
 0.921852 0.0737925 0.00397033 0.000366176 1.92836e-05
 0.984284 0.0150234 0.00065357 3.51647e-05 3.41396e-06
 0.368069 0.626075 0.0055977 0.00024352 1.43744e-05
 0.979781 0.00993953 0.0101844 9.10579e-05 4.19517e-06
 0.663491 0.332261 0.00208828 0.00213973 2.00126e-05
 0.818922 0.138602 0.0419398 0.000263594 0.000272614
 0.833932 0.146619 0.0148874 0.0045048 5.75947e-05
 0.89388 0.0946423 0.0101337 0.00102896 0.000315336
 0.294927 0.658178 0.041823 0.00447816 0.000594054
 0.882578 0.0471102 0.0656349 0.00417068 0.000505812
 0.730533 0.24876 0.00830795 0.0115748 0.000824706
 0.478729 0.423045 0.0906774 0.0030284 0.00451984
 0.861586 0.0818812 0.0458802 0.00983417 0.000818624
 0.803374 0.17874 0.0105805 0.00592852 0.00137652
 0.368068 0.546634 0.0775395 0.00458993 0.00316901
 0.589607 0.194912 0.186396 0.0264401 0.00264571
 0.920624 0.0554598 0.0113589 0.0108626 0.00169503
 0.410707 0.559574 0.020765 0.00425293 0.00470176
 0.814622 0.0961478 0.0847303 0.00314422 0.00135591
pobs_pel_tallas
 0 0 0 0 0 0 0 0 0 0 0 0 0 0 0 0 0 0 0 0 0 0 0 0 0 0
 0 0 0 0 0 0 0 0 0 0 0 0 0 0 0 0 0 0 0 0 0 0 0 0 0 0
 0 0 0 0 0 0 0 0 0 0 0 0 0 0 0 0 0 0 0 0 0 0 0 0 0 0
 0 0 0 0 0 0 0 0 0 0 0 0 0 0 0 0 0 0 0 0 0 0 0 0 0 0
 0 0 0 0 0 0 0 0 0 0 0 0 0 0 0 0 0 0 0 0 0 0 0 0 0 0
 0 0 0 0 0 0 0 0 0 0 0 0 0 0 0 0 0 0 0 0 0 0 0 0 0 0
 0 0 0 0 0 0 0 0 0 0 0 0 0 0 0 0 0 0 0 0 0 0 0 0 0 0
 0 0 0 0 0 0 0 0 0 0 0 0 0 0 0 0 0 0 0 0 0 0 0 0 0 0
 0 0 0 0 0 0 0 0 0 0 0 0 0 0 0 0 0 0 0 0 0 0 0 0 0 0
 0 0 0 0 0 0 0 0 0 0 0 0 0 0 0 0 0 0 0 0 0 0 0 0 0 0
 0 0 0 0 0 0 0 0 0 0 0 0 0 0 0 0 0 0 0 0 0 0 0 0 0 0
 0 0 0 0 0 0 0 0 0 0 0 0 0 0 0 0 0 0 0 0 0 0 0 0 0 0
 0.00862536 0 0 0.000197151 0.00414017 0.0128641 0.00837892 0.0270097 0.101434 0.158115 0.152841 0.127902 0.109271 0.109419 0.0830992 0.0579132 0.0238553 0.00714673 0.00463305 0.00128148 0.00103504 0.000492878 0.000147863 0.000147863 4.92878e-05 0
 0 0 0 0 0 0 0 0 0 0 0 0 0 0 0 0 0 0 0 0 0 0 0 0 0 0
 0 0 0 0 0 0 0 0.0054083 0.00873648 0.0413646 0.0450493 0.0745869 0.0622846 0.0627006 0.0613931 0.0827291 0.12552 0.122667 0.0946155 0.0697135 0.0546179 0.0294188 0.0215738 0.0213955 0.0102223 0.00600262
 0 0 0 0 0.00359764 0.0251062 0.0480494 0.140153 0.205849 0.193036 0.1447 0.116669 0.0760912 0.0342217 0.00950174 0.001854 0.000860785 0 0 0 0.000165536 0 0.000143464 0 0 0
 0 0 0 0 0 0 0 0.000145254 0.000435761 0.0275982 0.070085 0.0708112 0.156366 0.174668 0.174014 0.160142 0.0824315 0.0480064 0.0283245 0.00493863 0.00203355 0 0 0 0 0
 0 0 0 0 0 0 0 0 0 0 0 0 0 0 0 0 0 0 0 0 0 0 0 0 0 0
 0 0 1.00437e-05 0.000401748 0.00122533 0.00171747 0.00176769 0.0269171 0.070346 0.194647 0.189555 0.159765 0.064822 0.0314167 0.0384472 0.0292271 0.0345202 0.0313363 0.0194345 0.0106764 0.0143323 0.0359363 0.0279516 0.0138201 0.00172751 0
 0 0.0021121 0.0136068 0.0755702 0.200478 0.177729 0.0527432 0.0373336 0.0318909 0.0142505 0.0149659 0.0166563 0.0217959 0.0798694 0.0677717 0.0528807 0.04013 0.0224614 0.0357745 0.0225083 0.00881397 0.00855152 0.00135912 0.000746735 0 0
 0 0 0 0 5.4009e-05 0.00500934 0.000945158 0.0243581 0.138947 0.33067 0.221406 0.137944 0.0707744 0.0437923 0.0131692 0.00525238 0.0047753 0.00276346 9.45158e-05 9.00151e-06 2.25038e-05 9.00151e-06 4.50075e-06 0 0 0
 0.000866109 0.00284123 0.00948549 0.0512746 0.133035 0.25785 0.225252 0.132002 0.0553304 0.0519788 0.0540692 0.017754 0.00435017 0.00159236 0.00146478 0.000404838 0.000125132 0.000115318 0.000107957 0.000100596 0 0 0 0 0 0
 0 0 0 0 0.00144013 0.00171154 0.00461396 0.0210425 0.0478622 0.0707936 0.0888783 0.103762 0.0637923 0.0337046 0.0602308 0.124433 0.169614 0.0934646 0.0462172 0.0250306 0.0313229 0.00938855 0.002487 0.000210481 0 0
 0 0.00764035 0.051015 0.0998891 0.058973 0.0496711 0.0374665 0.0718981 0.12319 0.153886 0.159021 0.0857701 0.0377988 0.023471 0.0147837 0.00900784 0.00315554 0.000888139 0.00291439 0.00214683 0.00393193 0.00274676 0.000635225 9.99891e-05 0 0
 0 0 0 0 0 0 0 0 0 0 0 0 0 0 0 0 0 0 0 0 0 0 0 0 0 0
 0 0 0 0 0 0 0 0 0 0 0 0 0 0 0 0 0 0 0 0 0 0 0 0 0 0
 0 0 0 0 0 0 0 0 0 0 0 0 0 0 0 0 0 0 0 0 0 0 0 0 0 0
 0 0 0 0 0 0 0 0 0 0 0 0 0 0 0 0 0 0 0 0 0 0 0 0 0 0
 0 0 0 0 0 0 0 0 0 0 0 0 0 0 0 0 0 0 0 0 0 0 0 0 0 0
 0 0 0 0 0 0 0 0 0 0 0 0 0 0 0 0 0 0 0 0 0 0 0 0 0 0
 0 0 0 0 0 0 0 0 0 0 0 0 0 0 0 0 0 0 0 0 0 0 0 0 0 0
 0 0 0 0 0 0 0 0 0 0 0 0 0 0 0 0 0 0 0 0 0 0 0 0 0 0
 0 0 0 0 0 0 0 0 0 0 0 0 0 0 0 0 0 0 0 0 0 0 0 0 0 0
ppred_pel_tallas
 1.17578e-16 2.86698e-05 0.000278681 0.00185193 0.00841863 0.0261936 0.0558089 0.0814586 0.0814773 0.0559005 0.0265029 0.00931986 0.00414328 0.00537721 0.00999448 0.0172152 0.0265154 0.0369284 0.04737 0.0571699 0.0661168 0.0738882 0.0794637 0.0812433 0.0779197 0.0694145
 1.1542e-16 5.54454e-05 0.000538949 0.0035815 0.016281 0.0506563 0.107929 0.157529 0.157543 0.107999 0.0508917 0.0169622 0.00529634 0.00429931 0.00724868 0.0120376 0.0176867 0.0230283 0.0269632 0.0291203 0.0301119 0.0310679 0.0327865 0.0351628 0.0372727 0.0379501
 1.03135e-16 7.06133e-05 0.000686386 0.00456128 0.0207349 0.0645141 0.137454 0.200621 0.200632 0.137506 0.0646881 0.0212375 0.00582285 0.00344094 0.00530378 0.00866182 0.0124855 0.0157372 0.017418 0.0170866 0.0151292 0.0125024 0.010156 0.00857741 0.0077228 0.00724923
 1.01429e-16 5.98212e-05 0.000581484 0.00386416 0.0175659 0.0546543 0.116448 0.169964 0.169988 0.116565 0.0550466 0.0186987 0.0067062 0.00678145 0.0118222 0.0194172 0.0278886 0.0349086 0.0381467 0.0365283 0.0308792 0.0233824 0.0162982 0.0109377 0.00747224 0.00539648
 1.015e-16 6.39871e-05 0.000621977 0.00413326 0.0187892 0.0584603 0.124556 0.181797 0.181815 0.124643 0.0587512 0.0196298 0.00624388 0.00523152 0.00882421 0.0145019 0.0209179 0.026372 0.0291688 0.0285128 0.0249628 0.0200245 0.0152281 0.0114193 0.00867234 0.006658
 1.00121e-16 8.08092e-05 0.000785494 0.00521989 0.0237288 0.0738292 0.157301 0.229586 0.229587 0.157309 0.0738549 0.0238029 0.00540572 0.00119115 0.000851137 0.00127895 0.00183388 0.00230447 0.00253561 0.0024572 0.00212087 0.00166393 0.00122686 0.000888591 0.000656839 0.000499827
 1.00487e-16 2.84448e-05 0.000276494 0.0018374 0.0083526 0.0259884 0.0553733 0.0808319 0.0808942 0.0556771 0.0270083 0.0112966 0.00922047 0.0163712 0.0305287 0.0502504 0.0719747 0.0896465 0.0971164 0.0915528 0.0751797 0.0538868 0.0338665 0.0188466 0.00948675 0.00450776
 1.09407e-16 3.38317e-05 0.000328857 0.00218537 0.00993439 0.0309097 0.0658574 0.0961265 0.0961535 0.0659898 0.0313553 0.0112267 0.00544904 0.00751858 0.0138783 0.0233829 0.0348209 0.0461456 0.055184 0.0607557 0.0630968 0.0631837 0.0616331 0.0582303 0.0524265 0.0441932
 1.04567e-16 7.08003e-05 0.000688204 0.00457336 0.0207898 0.0646849 0.137818 0.201151 0.201158 0.137853 0.064801 0.0211256 0.00541865 0.00254135 0.00361393 0.00592608 0.00868335 0.0112533 0.0130518 0.013838 0.0138485 0.0135935 0.0134751 0.0135354 0.0134979 0.0130086
 1.00502e-16 7.66841e-05 0.000745397 0.00495342 0.0225175 0.0700605 0.149271 0.217867 0.217873 0.149301 0.0701599 0.0228047 0.00567386 0.00231668 0.00305668 0.00492109 0.00705641 0.00882126 0.00962052 0.00918436 0.00772955 0.00582048 0.00404103 0.00272849 0.00192136 0.00147663
 1.00114e-16 7.66995e-05 0.000745546 0.00495442 0.0225221 0.0700745 0.149301 0.217911 0.217918 0.149333 0.0701791 0.0228239 0.00571152 0.0023964 0.00320634 0.00516451 0.0073973 0.00922839 0.0100258 0.00949955 0.00787387 0.00574417 0.00373408 0.00221562 0.00125135 0.00071219
 1.0014e-16 7.54897e-05 0.000733787 0.00487627 0.0221668 0.0689693 0.146947 0.214474 0.214482 0.146984 0.0690951 0.0225302 0.00578769 0.0027213 0.00384392 0.00621889 0.00891251 0.0111256 0.0120997 0.0114854 0.00955066 0.00700754 0.00460124 0.00277515 0.00160325 0.000932759
 1.00264e-16 7.06493e-05 0.000686736 0.0045636 0.0207455 0.064547 0.137525 0.200724 0.200737 0.137588 0.0647603 0.0213613 0.00610837 0.00405557 0.00645862 0.0105391 0.0151126 0.0188719 0.0205361 0.019514 0.0162576 0.0119706 0.00791118 0.00482624 0.00283876 0.00169043
 1.00312e-16 7.41372e-05 0.00072064 0.0047889 0.0217697 0.0677336 0.144314 0.210632 0.210641 0.144357 0.0678774 0.0221851 0.00583137 0.00299501 0.00438957 0.00712885 0.0102368 0.0128184 0.0140148 0.0134282 0.0113548 0.00858651 0.00594549 0.00391162 0.00255602 0.00170966
 1.00174e-16 7.59317e-05 0.000738083 0.00490482 0.0222966 0.0693731 0.147807 0.21573 0.215737 0.147842 0.0694896 0.0226329 0.00574831 0.00257764 0.00356433 0.00575854 0.00825535 0.010312 0.0112277 0.0106799 0.00891522 0.00658959 0.00438763 0.00271451 0.00163512 0.0010073
 1.00027e-16 8.10742e-05 0.00078807 0.005237 0.0238067 0.0740714 0.157817 0.230339 0.23034 0.157824 0.0740951 0.0238751 0.00540867 0.00116241 0.000790833 0.00117594 0.00167868 0.00209505 0.00227812 0.00216192 0.00179696 0.00131754 0.000864166 0.000520457 0.000300326 0.000174855
 1.00349e-16 3.03175e-05 0.000294697 0.00195837 0.00890249 0.0276993 0.0590185 0.0861518 0.086212 0.0593126 0.0286865 0.011752 0.00910443 0.0158725 0.0295501 0.0486329 0.0696523 0.086742 0.0939469 0.088524 0.0726269 0.0519608 0.0325273 0.0179444 0.00885903 0.00403782
 1.00307e-16 8.07033e-05 0.000784464 0.00521304 0.0236977 0.0737324 0.157095 0.229285 0.229286 0.1571 0.0737484 0.0237441 0.0053301 0.00104211 0.000576173 0.000840754 0.00124018 0.00163558 0.00194253 0.00211817 0.00217311 0.00214716 0.00206873 0.00193577 0.00173128 0.00145289
 1.00364e-16 5.46509e-05 0.000531227 0.00353019 0.0160477 0.0499307 0.106384 0.155277 0.155309 0.10654 0.0504545 0.01756 0.00732251 0.00879809 0.0157202 0.0258111 0.036963 0.0460331 0.0498609 0.046995 0.0385835 0.027659 0.0174071 0.00974198 0.00499406 0.00249229
 1.01319e-16 6.74535e-05 0.000655672 0.00435717 0.0198071 0.0616273 0.131304 0.191645 0.191658 0.131369 0.0618471 0.0204425 0.00595372 0.00414598 0.00671074 0.0110249 0.0159608 0.0202455 0.0226174 0.0224732 0.0201949 0.0168414 0.013472 0.010648 0.00840197 0.00652915
 1.00929e-16 6.86899e-05 0.00066769 0.00443704 0.0201701 0.0627568 0.133711 0.195157 0.195172 0.13378 0.0629885 0.0208391 0.0061158 0.00433093 0.00702136 0.0114872 0.0165133 0.0207072 0.0226987 0.0218559 0.0186585 0.0143749 0.0103094 0.00720545 0.00514478 0.00382937
 1.00474e-16 7.36277e-05 0.000715687 0.004756 0.0216201 0.0672681 0.143322 0.209185 0.209194 0.143367 0.0674176 0.0220519 0.00583967 0.00308036 0.00456161 0.00741683 0.0106582 0.0133622 0.0146403 0.0140813 0.0119913 0.0091866 0.00651061 0.00444955 0.00306725 0.00218364
 1.01925e-16 2.42929e-05 0.000236136 0.00156921 0.00713343 0.0221951 0.0472913 0.0690363 0.0690997 0.0476008 0.0232341 0.0101333 0.00909492 0.0166506 0.0311565 0.0513592 0.0737219 0.0921549 0.10046 0.0957656 0.0802605 0.0597628 0.0403336 0.0255414 0.0159361 0.0102486
 1.02411e-16 7.26968e-05 0.000706639 0.00469586 0.0213467 0.0664176 0.14151 0.206539 0.206543 0.141533 0.066494 0.0215686 0.00525723 0.00194666 0.00247028 0.0040795 0.00612661 0.00823771 0.0100647 0.0114158 0.0123077 0.0128429 0.013032 0.0127415 0.0118138 0.0102367
 1.01604e-16 6.01731e-05 0.000584904 0.00388689 0.0176693 0.0549758 0.117133 0.170963 0.170987 0.117249 0.0553683 0.0188025 0.00672953 0.00678406 0.011815 0.0193893 0.0278139 0.0347468 0.0378503 0.0360613 0.0302417 0.0226302 0.0155419 0.010313 0.0070927 0.00530978
 1.03794e-16 3.94324e-05 0.000383297 0.00254714 0.011579 0.0360267 0.0767602 0.112042 0.112083 0.0769597 0.0366966 0.0135144 0.00740728 0.0109996 0.0202209 0.0334157 0.0482437 0.0608914 0.0674743 0.0661614 0.0582197 0.0470755 0.0362032 0.0275099 0.0211531 0.0163926
 1.0247e-16 7.09677e-05 0.000689831 0.00458417 0.020839 0.0648379 0.138144 0.201627 0.201635 0.138183 0.0649685 0.021217 0.00553581 0.00277618 0.00405952 0.00666733 0.00975757 0.0126048 0.0145121 0.0151464 0.0147012 0.0136979 0.0125982 0.011555 0.0104546 0.0091364
 1.01179e-16 6.61729e-05 0.000643224 0.00427445 0.0194311 0.0604573 0.128811 0.188007 0.188025 0.128895 0.0607395 0.0202458 0.00631842 0.00510163 0.00852299 0.0139581 0.0200371 0.0250647 0.0273636 0.0261667 0.0220808 0.0166924 0.0116406 0.00786935 0.00548653 0.00410066
 1.03374e-16 3.03173e-05 0.000294695 0.00195836 0.00890244 0.0276991 0.0590178 0.0861492 0.0862019 0.0592752 0.0285634 0.0113988 0.00822414 0.0139718 0.0260019 0.0429276 0.0618076 0.0776573 0.0853972 0.082654 0.0711522 0.0555139 0.0404882 0.0287756 0.0206961 0.0152415
 1.08529e-16 4.85652e-05 0.000472071 0.00313708 0.0142607 0.0443705 0.0945367 0.137983 0.138002 0.0946298 0.0446839 0.0151694 0.00543019 0.00551824 0.0097502 0.0163501 0.0242656 0.0320103 0.0380524 0.0416132 0.0429788 0.0430031 0.0422685 0.0406683 0.0377021 0.0330952
 1.01719e-16 7.58306e-05 0.0007371 0.00489829 0.0222669 0.0692807 0.14761 0.215442 0.215448 0.147636 0.0693686 0.0225209 0.00553628 0.00213149 0.00272903 0.00440524 0.00637196 0.00808683 0.00905687 0.00906644 0.00830278 0.00722046 0.00625166 0.00558841 0.00516672 0.00480164
 1.01965e-16 3.38295e-05 0.000328835 0.00218522 0.00993375 0.0309079 0.0658544 0.0961278 0.0961816 0.0661175 0.0317907 0.0124826 0.00857848 0.01427 0.0264653 0.0435801 0.062497 0.0780064 0.0848237 0.0805177 0.0669943 0.0492825 0.0326317 0.020147 0.0123042 0.00795769
 1.03015e-16 6.70993e-05 0.000652229 0.00433429 0.0197031 0.0613036 0.130614 0.190637 0.190647 0.13066 0.061458 0.0201502 0.00546197 0.00313128 0.00482584 0.00800323 0.0118268 0.0155029 0.0182442 0.0196452 0.0198478 0.0193091 0.0183891 0.017132 0.0153841 0.0130697
pSPR Fmed_Fpbrs
1   0.9833 0.6 0.325 0.9833 0.9833 0.9833
Fs Fmed_Fpbrs
0   0.01 0.34512 0.889604 0.01 0.01 0.01
SSBpbr Bo_Bmed_Bpbrs
292079  277475  272597 160643 80321.6 272597 272597 272597
Ro
78368.3
SPR SPRFo_SPRFmed_SPRFpbrs
564592 564592 555163
Fref
0
Nvult_r0
 47879.2 8194.59 7221.48 267.979 115.563
CTP_r0
 20660.7 4990.72 4398.08 163.206 70.3811
YTP_r0
356324
Np
 57839.4 21277.9 7827.71 2879.65 1449.08
Nvult_p0
 36561.5 13450.2 4948.06 1820.29 915.996
CTP_p0
 0 0 0 0 0
 0 0 0 0 0
 0 0 0 0 0
 0 0 0 0 0
 0 0 0 0 0
 0 0 0 0 0
YTP_p0
 0 0 0 0 0 0
CBA_c0
0
log_Ro
11.0892
likeval ReclasPelacesDesembMPH_pf_preclas_ppelaces_ptallas_desvR_qrecl_qpela
 15.4181 16.1659 0.10492 0.0017083 256.141 136.448 120.568 0 37.7146 8.75457e-05 0.000153272 0.0307557 2067.91 0 0
q_reclas_q_pelaces
3.7555 5.75944
M
1
N
 55107.1 23594.8 51108.5 7272.24 0.134391
 73023.2 16702.2 5832.51 12633.8 1797.69
 120799 16208.4 2178.65 760.798 1882.45
 51676 26717.6 2098.84 282.115 342.277
 24087.4 7495.78 1455.71 114.355 34.02
 272486 4097.87 566.479 110.013 11.2132
 31987.4 70663.6 735.592 101.686 21.7608
 11537.3 6164.17 6896.7 71.793 12.0483
 30841.9 3497.13 1524.06 1705.18 20.7294
 32545.3 5140.37 253.387 110.427 125.052
 46843.4 2871.48 100.97 4.97718 4.62542
 107253 12939.2 586.721 20.631 1.96207
 83640 17177.6 863.927 39.1742 1.50849
 68173.2 14376.9 1325.95 66.6871 3.14032
 45706.5 6846.7 368.38 33.975 1.7892
 262120 5191.77 225.86 12.1522 1.1798
 23511.2 45278.5 404.832 17.6116 1.03957
 474160 4748.02 4864.98 43.4975 2.00399
 200609 112041 704.184 721.531 6.74838
 210858 41217.1 12471.9 78.3869 81.0692
 220581 41623.1 4226.34 1278.85 16.3504
 387986 47357.1 5070.72 514.872 157.788
 36165.7 76749.2 4876.92 522.192 69.2718
 177617 8918.72 12425.7 789.577 95.7584
 142578 44346.7 1481.07 2063.45 147.021
 47271.8 36819.4 7892.03 263.574 393.381
 139147 12716.4 7125.31 1527.27 127.134
 177438 33878.1 2005.4 1123.68 260.904
 40531.3 49215.3 6981.14 413.246 285.317
 36420.1 11882.9 11363.8 1611.94 161.297
 140739 8606.8 1762.78 1685.76 263.052
 29549.2 32204.6 1195.07 244.765 270.596
 57839.4 8882.84 7828.01 290.486 125.269
pred_Ctot
 6232.95 5052.96 10945.2 1557.39 0.0287806
 19070.3 7393.09 2581.72 5592.24 795.735
 31726.8 7207.15 968.745 338.292 837.04
 21296.7 16580.3 1302.49 175.074 212.409
 8703.8 4246.28 824.645 64.7812 19.272
 52286.5 1404.67 194.178 37.7102 3.84367
 10140.3 36362.5 378.526 52.3265 11.1978
 1304.31 1319.51 1476.32 15.3681 2.57908
 11357.2 2007.93 875.064 979.053 11.9021
 17451.3 3757.13 185.202 80.7118 91.4011
 7551.31 846.022 29.7488 1.46642 1.36278
 40896.6 7613.77 345.241 12.1398 1.15453
 29929.2 9663.16 485.998 22.0372 0.848594
 34642.9 10185.5 939.386 47.2454 2.2248
 21888.7 4680.16 251.812 23.2241 1.22303
 93353.4 2910.7 126.626 6.81299 0.661439
 7034.35 22297.1 199.357 8.67273 0.511931
 111115 1924.92 1972.34 17.6345 0.812449
 58670.8 54215.1 340.746 349.14 3.26545
 64931.8 20749.1 6278.49 39.4607 40.8109
 60634.5 19189.3 1948.45 589.582 7.53792
 119166 23792.8 2547.59 258.678 79.2745
 7784.3 28995.9 1842.5 197.285 26.1709
 37225.8 3295.01 4590.68 291.708 35.3778
 27642.7 15336 512.185 713.586 50.843
 8238.03 11614.1 2489.41 83.1402 124.086
 30756 4911.98 2752.31 589.942 49.1085
 28237.4 9868.8 584.181 327.332 76.0022
 5299.5 12028 1706.16 100.995 69.73
 8532.87 4816.67 4606.22 653.388 65.3809
 34941.6 3657.72 749.148 716.417 111.792
 3472.15 7142.04 265.031 54.2817 60.0103
 20660.7 4990.72 4398.08 163.206 70.3811
F
 0.193739 0.397579 0.397579 0.397579 0.397579
 0.505246 1.03684 1.03684 1.03684 1.03684
 0.508808 1.04414 1.04414 1.04414 1.04414
 0.930653 1.90983 1.90983 1.90983 1.90983
 0.771222 1.58265 1.58265 1.58265 1.58265
 0.349658 0.717547 0.717547 0.717547 0.717547
 0.646588 1.32689 1.32689 1.32689 1.32689
 0.193638 0.397372 0.397372 0.397372 0.397372
 0.79175 1.62478 1.62478 1.62478 1.62478
 1.42781 2.93005 2.93005 2.93005 2.93005
 0.286546 0.588032 0.588032 0.588032 0.588032
 0.831587 1.70653 1.70653 1.70653 1.70653
 0.760902 1.56148 1.56148 1.56148 1.56148
 1.29828 2.66426 2.66426 2.66426 2.66426
 1.17517 2.41161 2.41161 2.41161 2.41161
 0.755971 1.55136 1.55136 1.55136 1.55136
 0.599749 1.23077 1.23077 1.23077 1.23077
 0.442681 0.908443 0.908443 0.908443 0.908443
 0.582506 1.19538 1.19538 1.19538 1.19538
 0.62253 1.27752 1.27752 1.27752 1.27752
 0.538547 1.10517 1.10517 1.10517 1.10517
 0.620426 1.2732 1.2732 1.2732 1.2732
 0.39996 0.820773 0.820773 0.820773 0.820773
 0.38759 0.795389 0.795389 0.795389 0.795389
 0.353867 0.726184 0.726184 0.726184 0.726184
 0.313025 0.642372 0.642372 0.642372 0.642372
 0.412761 0.847043 0.847043 0.847043 0.847043
 0.282416 0.579557 0.579557 0.579557 0.579557
 0.226971 0.465776 0.465776 0.465776 0.465776
 0.442567 0.908209 0.908209 0.908209 0.908209
 0.474797 0.97435 0.97435 0.97435 0.97435
 0.201937 0.414402 0.414402 0.414402 0.414402
 0.759071 1.55772 1.55772 1.55772 1.55772
YTP_r0W_actual
 155782 87088.1 105862 5111.62 2480.93
YTP_p0W_proyectada
 0 0 0 0 0
 0 0 0 0 0
 0 0 0 0 0
 0 0 0 0 0
 0 0 0 0 0
 0 0 0 0 0
CTP_r0_actual
 20660.7 4990.72 4398.08 163.206 70.3811
CTP_p0_proyectada
 0 0 0 0 0
 0 0 0 0 0
 0 0 0 0 0
 0 0 0 0 0
 0 0 0 0 0
 0 0 0 0 0
Wmedp
 7.54 17.45 24.07 31.32 35.25
Frms_r0
 0.759071 1.55772 1.55772 1.55772 1.55772
Zrms_r0
 1.75907 2.55772 2.55772 2.55772 2.55772
nmprior
 7.29 8.9 8.7 0
nm_flota  nm_reclas  nm_pelaces    nm_pelaL
inf 19.1977 9.30649 22.7143
cv_recla  cv_pelaces  cv_mph
0.340052 0.440444 1.10463
 ------------------------------------------------
Talla a la edad & desviaci?n 
 8 13.2811 15.8009 17.003 17.5766
 0.8 1.32811 1.58009 1.7003 1.75766
