years
 1991 1992 1993 1994 1995 1996 1997 1998 1999 2000 2001 2002 2003 2004 2005 2006 2007 2008 2009 2010 2011 2012 2013 2014 2015 2016 2017 2018 2019 2020 2021 2022 2023
reclasobs
 0 0 0 0 0 0 0 0 0 252601 567819 844713 477998 351125 339783 2.1784e+06 2.13404e+06 4.81314e+06 1.55562e+06 2.62356e+06 3.21686e+06 3.843e+06 1.13348e+06 3.07943e+06 1.97215e+06 2.03268e+06 2.025e+06 2.42433e+06 2.27542e+06 1.05018e+06 2.36338e+06 3.18982e+06 1.53035e+06
reclaspred
 2.93386e+06 1.65013e+06 870992 898773 919881 1.33723e+06 895034 851725 638525 488287 509249 619540 619430 514893 552138 1.25117e+06 1.30565e+06 2.66216e+06 2.21759e+06 1.69989e+06 3.00536e+06 2.41858e+06 2.01541e+06 3.00857e+06 2.27852e+06 2.06522e+06 2.38134e+06 2.51326e+06 2.15385e+06 1.55378e+06 2.00063e+06 2.21302e+06 1.80597e+06
pelacesobs
 0 0 0 0 0 0 0 0 0 0 0 0 0 0 0 552880 188675 0 991730 2.46772e+06 1.41603e+06 1.21717e+06 2.29649e+06 1.80582e+06 0 1.4828e+06 1.56532e+06 1.57751e+06 1.42118e+06 867257 1.10002e+06 1.06204e+06 0
pelacespred
 1.62821e+06 1.02697e+06 540782 456177 481772 724983 464771 524485 390506 286641 303698 312222 340720 307282 333371 618931 641621 1.48554e+06 1.30226e+06 926509 1.55878e+06 1.3853e+06 1.13715e+06 1.84202e+06 1.3558e+06 1.21946e+06 1.59648e+06 1.52622e+06 1.17277e+06 977230 1.08503e+06 1.20139e+06 1.03063e+06
mphobs
 0 0 0 0 0 0 0 0 0 0 0 0 498337 0 5186 125008 0 168611 109162 213762 579715 649985 157893 87575 83554 210694 70296 0 107559 103333 445601 22526 28222
mphpred
 309676 207681 104338 60462.9 69076.7 77553.3 95831.5 65590.8 59788.4 44254.3 30647.5 41731.1 46402.2 39428 30085.6 38916.6 103837 106039 181660 142167 152063 178034 163009 144089 204938 161333 143499 153716 206463 157801 99380.6 157760 112545
desembarqueobs
 494567 514787 250237 358949 120608 361735 552515 73892 212993 205616 52469 317467 293654 387597 252695 516296 358380 742168 942051 627588 828172 859565 418607 520667 417249 300574 415391 372974 316634 284311 391294 218835 356480
desembarquepred
 494571 513248 251009 358986 120614 361762 552588 73896 213037 205658 52471.6 317545 293724 387677 252706 516283 358405 742095 941939 627505 828270 859644 418630 520706 417263 300583 415406 372974 316638 284320 391284 218841 356492
Reclutas
 229607 118990 157402 237510 201159 301042 133659 71692.6 63869.7 81276.6 147132 177888 152123 110254 121778 584505 147777 878208 517437 404551 603173 793698 186168 519660 440993 211552 443215 508913 171488 161723 416406 185182 327910
log_desv_Rt
 -0.0236612 -0.680992 -0.401227 0.0101765 -0.155934 0.247219 -0.564742 -1.18764 -1.30319 -1.06217 -0.468703 -0.278878 -0.435339 -0.757241 -0.65783 0.910735 -0.464329 1.31785 0.788857 0.542747 0.942172 1.21667 -0.233382 0.793143 0.628998 -0.105563 0.634025 0.772246 -0.315519 -0.374144 0.57163 -0.238692 0.332706
SSB
 4.23694e+06 2.84147e+06 1.42754e+06 827246 945099 1.06107e+06 1.31115e+06 897405 818017 605481 419315 570960 609656 531028 400330 517859 1.42069e+06 1.45082e+06 2.55123e+06 1.99509e+06 2.18373e+06 2.66192e+06 2.52768e+06 2.16021e+06 2.90049e+06 2.41056e+06 2.03172e+06 2.10312e+06 2.91894e+06 2.11102e+06 1.49261e+06 2.42717e+06 1.61249e+06
BT
 5.60893e+06 3.78334e+06 1.97768e+06 1.75501e+06 1.62868e+06 2.61253e+06 1.98779e+06 1.73025e+06 1.45689e+06 1.11051e+06 1.01383e+06 1.26386e+06 1.35002e+06 1.37765e+06 1.31607e+06 2.40031e+06 2.32353e+06 5.37105e+06 5.05872e+06 3.53633e+06 5.60601e+06 5.24485e+06 3.98195e+06 6.33533e+06 4.7093e+06 4.14415e+06 5.49696e+06 5.21482e+06 3.99111e+06 3.38413e+06 3.79739e+06 3.98994e+06 3.59508e+06
Ftot
 0.107651 0.193705 0.187858 0.306838 0.0963848 0.216361 0.412588 0.0626122 0.241331 0.301328 0.087897 0.397416 0.361945 0.590115 0.403938 0.404347 0.195267 0.249587 0.319062 0.275797 0.21612 0.276763 0.142465 0.145479 0.133146 0.103493 0.144195 0.12843 0.096255 0.125793 0.168625 0.0693197 0.156152
BD_Bspro_t
 0.983042 0.881078 0.755065 0.695189 0.698977 0.758795 0.735891 0.612858 0.675486 0.649091 0.627974 0.76372 0.663643 0.58436 0.500316 0.558955 0.690981 0.6838 0.743439 0.666713 0.647244 0.688455 0.707304 0.709661 0.787107 0.795211 0.802469 0.821961 0.855853 0.815397 0.781963 0.835084 0.837263
BD_Bspro
 2.50148 1.6776 0.842815 0.488404 0.557984 0.626456 0.774102 0.529826 0.482955 0.357474 0.247562 0.337093 0.359939 0.313517 0.236354 0.305743 0.838769 0.856559 1.50624 1.1779 1.28927 1.57159 1.49234 1.27538 1.71244 1.42319 1.19952 1.24168 1.72334 1.24634 0.881232 1.43299 0.952013
BD_Bo
 2.41593 1.62022 0.813992 0.471701 0.538902 0.605032 0.747629 0.511706 0.466439 0.345249 0.239096 0.325565 0.34763 0.302796 0.228271 0.295287 0.810084 0.827266 1.45473 1.13761 1.24518 1.51784 1.4413 1.23176 1.65388 1.37452 1.1585 1.19922 1.6644 1.20372 0.851096 1.38399 0.919455
BD_Brms
 2.58746 1.73526 0.871786 0.505192 0.577164 0.647989 0.800711 0.548038 0.499556 0.369762 0.256072 0.34868 0.372312 0.324294 0.244478 0.316252 0.8676 0.886002 1.55801 1.21839 1.33358 1.62561 1.54363 1.31922 1.77131 1.47211 1.24075 1.28436 1.78257 1.28918 0.911524 1.48225 0.984737
Sel_flota
 0.481387 0.946341 0.997025 0.999843 0.999992
 0.481387 0.946341 0.997025 0.999843 0.999992
 0.481387 0.946341 0.997025 0.999843 0.999992
 0.481387 0.946341 0.997025 0.999843 0.999992
 0.481387 0.946341 0.997025 0.999843 0.999992
 0.481387 0.946341 0.997025 0.999843 0.999992
 0.481387 0.946341 0.997025 0.999843 0.999992
 0.481387 0.946341 0.997025 0.999843 0.999992
 0.481387 0.946341 0.997025 0.999843 0.999992
 0.481387 0.946341 0.997025 0.999843 0.999992
 0.481387 0.946341 0.997025 0.999843 0.999992
 0.481387 0.946341 0.997025 0.999843 0.999992
 0.481387 0.946341 0.997025 0.999843 0.999992
 0.481387 0.946341 0.997025 0.999843 0.999992
 0.481387 0.946341 0.997025 0.999843 0.999992
 0.481387 0.946341 0.997025 0.999843 0.999992
 0.481387 0.946341 0.997025 0.999843 0.999992
 0.481387 0.946341 0.997025 0.999843 0.999992
 0.481387 0.946341 0.997025 0.999843 0.999992
 0.481387 0.946341 0.997025 0.999843 0.999992
 0.481387 0.946341 0.997025 0.999843 0.999992
 0.481387 0.946341 0.997025 0.999843 0.999992
 0.481387 0.946341 0.997025 0.999843 0.999992
 0.481387 0.946341 0.997025 0.999843 0.999992
 0.481387 0.946341 0.997025 0.999843 0.999992
 0.481387 0.946341 0.997025 0.999843 0.999992
 0.481387 0.946341 0.997025 0.999843 0.999992
 0.481387 0.946341 0.997025 0.999843 0.999992
 0.481387 0.946341 0.997025 0.999843 0.999992
 0.481387 0.946341 0.997025 0.999843 0.999992
 0.481387 0.946341 0.997025 0.999843 0.999992
 0.481387 0.946341 0.997025 0.999843 0.999992
 0.481387 0.946341 0.997025 0.999843 0.999992
Sel_reclas
 1 1 1 1 1
 1 1 1 1 1
 1 1 1 1 1
 1 1 1 1 1
 1 1 1 1 1
 1 1 1 1 1
 1 1 1 1 1
 1 1 1 1 1
 1 1 1 1 1
 1 1 1 1 1
 1 1 1 1 1
 1 1 1 1 1
 1 1 1 1 1
 1 1 1 1 1
 1 1 1 1 1
 1 1 1 1 1
 1 1 1 1 1
 1 1 1 1 1
 1 1 1 1 1
 1 1 1 1 1
 1 1 1 1 1
 1 1 1 1 1
 1 1 1 1 1
 1 1 1 1 1
 1 1 1 1 1
 1 1 1 1 1
 1 1 1 1 1
 1 1 1 1 1
 1 1 1 1 1
 1 1 1 1 1
 1 1 1 1 1
 1 1 1 1 1
 1 1 1 1 1
Sel_pelaces
 1 1 1 1 1
 1 1 1 1 1
 1 1 1 1 1
 1 1 1 1 1
 1 1 1 1 1
 1 1 1 1 1
 1 1 1 1 1
 1 1 1 1 1
 1 1 1 1 1
 1 1 1 1 1
 1 1 1 1 1
 1 1 1 1 1
 1 1 1 1 1
 1 1 1 1 1
 1 1 1 1 1
 1 1 1 1 1
 1 1 1 1 1
 1 1 1 1 1
 1 1 1 1 1
 1 1 1 1 1
 1 1 1 1 1
 1 1 1 1 1
 1 1 1 1 1
 1 1 1 1 1
 1 1 1 1 1
 1 1 1 1 1
 1 1 1 1 1
 1 1 1 1 1
 1 1 1 1 1
 1 1 1 1 1
 1 1 1 1 1
 1 1 1 1 1
 1 1 1 1 1
pf_obs 
 0.8446 0.082 0.0669 0.0065 0
 0.8095 0.147 0.0364 0.0071 0
 0.9664 0.0169 0.016 0.0007 0
 0.9276 0.0648 0.0075 0.0001 0
 0.7033 0.2144 0.0806 0.0017 0
 0.9318 0.0425 0.0243 0.0014 0
 0.5671 0.3108 0.0964 0.0239 0.0018
 0.0768 0.2599 0.5324 0.112 0.0189
 0.490249 0.384438 0.106611 0.0170017 0.00170017
 0.7925 0.1577 0.0466 0.003 0.0002
 0.840416 0.127587 0.0312969 0.00059994 9.999e-05
 0.8084 0.0986 0.0794 0.0134 0.0002
 0.7335 0.1905 0.0724 0.0035 0.0001
 0.4001 0.4547 0.1325 0.0127 0
 0.49795 0.308269 0.164784 0.0264974 0.00249975
 0.9179 0.0499 0.0305 0.0017 0
 0.2467 0.6533 0.0926 0.0074 0
 0.9418 0.0223 0.034 0.0019 0
 0.707729 0.231977 0.0356964 0.0245975 0
 0.517169 0.277429 0.184464 0.0207286 0.00020938
 0.811772 0.124168 0.05621 0.00726502 0.000585176
 0.764997 0.148141 0.077277 0.00933861 0.000247198
 0.163321 0.427699 0.378323 0.0303852 0.000271297
 0.753843 0.0900009 0.118128 0.0371064 0.000921714
 0.721811 0.176058 0.0630433 0.0369309 0.00215725
 0.143369 0.312575 0.442814 0.0836902 0.0175525
 0.692698 0.0596174 0.167031 0.0765114 0.00414204
 0.394062 0.376323 0.152708 0.0712218 0.00568511
 0.125707 0.32114 0.495352 0.0537591 0.00404204
 0.23352 0.215282 0.420074 0.123614 0.00750983
 0.796117 0.104755 0.0508955 0.0450114 0.00322123
 0.162477 0.292055 0.404252 0.121198 0.0200186
 0 0 0 0 0
pf_pred 
 0.307926 0.117382 0.546377 0.028314 1.03818e-06
 0.270149 0.34507 0.0681811 0.301043 0.0155564
 0.472075 0.226891 0.146678 0.0274191 0.126937
 0.609756 0.252136 0.0612916 0.037489 0.0393276
 0.513966 0.371668 0.0754648 0.0172959 0.0216056
 0.603181 0.267138 0.100396 0.0193427 0.00994179
 0.357044 0.48581 0.107743 0.0382731 0.0111291
 0.331631 0.362193 0.234865 0.0489452 0.0223653
 0.39532 0.297568 0.170392 0.104947 0.0317739
 0.545739 0.261042 0.0979064 0.0529551 0.0423574
 0.677769 0.230288 0.0541838 0.0191638 0.0185951
 0.601498 0.32056 0.0565448 0.012625 0.00877227
 0.538592 0.351811 0.0892269 0.0147918 0.00557807
 0.485634 0.366247 0.114567 0.0273331 0.0062189
 0.598424 0.273818 0.092758 0.0270945 0.00790495
 0.868717 0.100041 0.0217261 0.00691515 0.00260027
 0.291535 0.661528 0.0362963 0.00740775 0.00323325
 0.809702 0.0855869 0.098129 0.00509322 0.00148861
 0.466886 0.478902 0.0251554 0.0272354 0.00182102
 0.460765 0.347135 0.173614 0.00859302 0.00989342
 0.610179 0.248814 0.0926442 0.0437225 0.00464048
 0.618008 0.290644 0.0595031 0.0209444 0.0109001
 0.226317 0.594388 0.138317 0.0267224 0.0142553
 0.608439 0.143165 0.193206 0.0426051 0.0125846
 0.494556 0.383098 0.0462918 0.0591954 0.0168593
 0.321837 0.44613 0.178188 0.0204104 0.0334348
 0.601316 0.192128 0.138339 0.052422 0.0157943
 0.567125 0.32517 0.0533787 0.0364202 0.0179061
 0.266605 0.528041 0.156334 0.0243308 0.0246899
 0.367152 0.262424 0.27062 0.0760329 0.0237717
 0.677169 0.173381 0.0639437 0.0625174 0.0229889
 0.353259 0.522662 0.0683693 0.0238771 0.0318329
 0.572142 0.219388 0.170156 0.0211389 0.0171752
pobs_RECLAS
 0 0 0 0 0
 0 0 0 0 0
 0 0 0 0 0
 0 0 0 0 0
 0 0 0 0 0
 0 0 0 0 0
 0 0 0 0 0
 0 0 0 0 0
 0 0 0 0 0
 0 0 0 0 0
 0.991045 0.00858322 0.000360255 1.14367e-05 0
 0.934742 0.0480273 0.0164251 0.00080598 0
 0.827803 0.169806 0.00239088 0 0
 0.941827 0.0461693 0.0120037 0 0
 0.791401 0.0380133 0.147996 0.0225897 0
 0.846168 0.0940531 0.0597789 0 0
 0.134021 0.677848 0.182769 0.00536245 0
 0.80878 0.0450904 0.141981 0.00414843 0
 0.846168 0.0940531 0.0597789 0 0
 0.905697 0.0802665 0.012482 0.00150086 5.37128e-05
 0.989698 0.0102097 9.19794e-05 0 0
 0.975433 0.0193895 0.00387452 0.00125025 5.28907e-05
 0.303575 0.632131 0.0575291 0.00676475 0
 0.966965 0.00978017 0.0227588 0.000495775 0
 0.843318 0.132988 0.00938335 0.0141283 0.000182051
 0.564624 0.303363 0.111486 0.0197234 0.00080311
 0.826376 0.0876187 0.0782897 0.00655872 0.00115652
 0.89761 0.0855135 0.0140674 0.00269457 0.000114338
 0.34875 0.467042 0.161289 0.0227151 0.000203297
 0.318654 0.224769 0.449479 0.00709798 0
 0.937255 0.0296025 0.0250945 0.00804832 0
 0.456809 0.399803 0.12412 0.0192676 0
 0.883104 0.0372192 0.0704036 0.00927362 0
ppred_RECLAS
 0.478552 0.0923882 0.407977 0.0210818 7.72885e-07
 0.430283 0.27725 0.0519467 0.228704 0.0118165
 0.646338 0.156748 0.0960935 0.0179116 0.0829092
 0.760541 0.157726 0.036333 0.0221584 0.0232416
 0.678761 0.248704 0.0479098 0.0109493 0.0136755
 0.754255 0.168322 0.0599785 0.0115224 0.0059214
 0.530245 0.359686 0.0755372 0.0267535 0.0077782
 0.500397 0.27731 0.170634 0.0354588 0.0162003
 0.571764 0.216594 0.117576 0.0722075 0.0218583
 0.710204 0.170428 0.0605742 0.0326678 0.0261261
 0.808156 0.139184 0.0310711 0.010958 0.0106313
 0.753516 0.200382 0.0334736 0.00745178 0.00517696
 0.702773 0.229531 0.0551441 0.00911484 0.00343673
 0.660579 0.245573 0.0726391 0.0172776 0.00393041
 0.75245 0.171733 0.0550916 0.0160447 0.00468041
 0.930742 0.0534617 0.0109948 0.00348919 0.00131182
 0.450143 0.515216 0.0268058 0.00545511 0.00238063
 0.896998 0.0476961 0.0518394 0.00268286 0.000784006
 0.637283 0.32763 0.0163067 0.0176035 0.00117683
 0.634143 0.240009 0.113771 0.00561475 0.00646345
 0.76001 0.156163 0.0551307 0.0259435 0.00275309
 0.765375 0.180818 0.0350859 0.012314 0.0064076
 0.369308 0.490456 0.108257 0.0208552 0.0111237
 0.760676 0.0904939 0.115836 0.0254709 0.00752242
 0.662093 0.259451 0.0297386 0.0379196 0.0107982
 0.488188 0.342786 0.12989 0.0148359 0.0242994
 0.75407 0.121821 0.0832001 0.0314377 0.00947047
 0.724044 0.210053 0.0327091 0.0222538 0.0109395
 0.421301 0.422805 0.118762 0.0184309 0.0187001
 0.54182 0.195973 0.191709 0.0537086 0.0167895
 0.809817 0.104719 0.0366277 0.0357081 0.0131286
 0.521001 0.39103 0.0485355 0.0169023 0.0225308
 0.730824 0.141614 0.104174 0.0129048 0.0104834
pobs_PELACES
 0 0 0 0 0
 0 0 0 0 0
 0 0 0 0 0
 0 0 0 0 0
 0 0 0 0 0
 0 0 0 0 0
 0 0 0 0 0
 0 0 0 0 0
 0 0 0 0 0
 0 0 0 0 0
 0 0 0 0 0
 0 0 0 0 0
 0 0 0 0 0
 0 0 0 0 0
 0 0 0 0 0
 0 0 0 0 0
 0.505614 0.472636 0.0217494 0 0
 0 0 0 0 0
 0.443492 0.261883 0.143347 0.151278 0
 0.227955 0.32914 0.350689 0.0885471 0.00366901
 0.970185 0.0296113 0.000203453 0 0
 0.997202 0.00247181 0.000326279 0 0
 0.445219 0.490057 0.0546422 0.010081 0
 0.90214 0.0892962 0.00764917 0.000914606 0
 0 0 0 0 0
 0.581667 0.319106 0.0959925 0.00289975 0.000334073
 0.762889 0.0836404 0.116647 0.0363945 0.000428098
 0.88444 0.0763242 0.0277011 0.0115352 0
 0.521256 0.241999 0.230069 0.00667565 0
 0.616807 0.101726 0.260614 0.0208532 0
 0.833518 0.0704572 0.0857862 0.0102388 0
 0.697417 0.212968 0.0787535 0.0105354 0.000325836
 0 0 0 0 0
ppred_PELACES
 0.483046 0.0917281 0.404334 0.0208914 7.65902e-07
 0.438011 0.273965 0.0511651 0.225223 0.0116365
 0.653306 0.153936 0.0940738 0.017532 0.0811517
 0.76933 0.152212 0.0348832 0.0212682 0.0223074
 0.682057 0.246244 0.0473594 0.0108225 0.0135171
 0.760567 0.164189 0.0582942 0.0111966 0.0057539
 0.546385 0.347898 0.0725593 0.0256889 0.00746854
 0.502917 0.276041 0.169676 0.0352576 0.0161084
 0.581303 0.212202 0.114728 0.0704427 0.0213239
 0.720056 0.164985 0.0583449 0.0314567 0.0251571
 0.810302 0.137684 0.0306911 0.0108231 0.0105004
 0.764892 0.191374 0.0317572 0.00706705 0.00490958
 0.714525 0.220763 0.0527174 0.00871079 0.00328433
 0.681175 0.231309 0.0677477 0.0161053 0.00366363
 0.764191 0.163931 0.0522346 0.015207 0.00443594
 0.934732 0.0504611 0.0103077 0.00326992 0.00122936
 0.457621 0.508315 0.0263605 0.00536352 0.00234063
 0.900684 0.0460927 0.0498881 0.00258127 0.00075431
 0.648642 0.317538 0.0157202 0.0169654 0.00113415
 0.644269 0.233738 0.110288 0.00544149 0.00626392
 0.766236 0.152307 0.0535754 0.0252066 0.00267486
 0.773104 0.17505 0.0338099 0.0118631 0.0061729
 0.37454 0.486648 0.107161 0.0206413 0.0110095
 0.764992 0.0889983 0.113645 0.0249857 0.00737907
 0.666767 0.255999 0.0292776 0.0373272 0.0106294
 0.492301 0.340228 0.128698 0.0146983 0.0240739
 0.758377 0.119836 0.0816472 0.0308468 0.0092924
 0.728069 0.207099 0.0321799 0.0218911 0.0107611
 0.425014 0.420278 0.117862 0.0182896 0.0185566
 0.54691 0.194033 0.189412 0.0530588 0.0165862
 0.813968 0.102567 0.0357741 0.0348705 0.0128205
 0.523709 0.388904 0.0482157 0.0167899 0.0223808
 0.735754 0.139194 0.102127 0.0126493 0.0102758
pobs_pel_tallas
 0 0 0 0 0 0 0 0 0 0 0 0 0 0 0 0 0 0 0 0 0 0 0 0 0 0
 0 0 0 0 0 0 0 0 0 0 0 0 0 0 0 0 0 0 0 0 0 0 0 0 0 0
 0 0 0 0 0 0 0 0 0 0 0 0 0 0 0 0 0 0 0 0 0 0 0 0 0 0
 0 0 0 0 0 0 0 0 0 0 0 0 0 0 0 0 0 0 0 0 0 0 0 0 0 0
 0 0 0 0 0 0 0 0 0 0 0 0 0 0 0 0 0 0 0 0 0 0 0 0 0 0
 0 0 0 0 0 0 0 0 0 0 0 0 0 0 0 0 0 0 0 0 0 0 0 0 0 0
 0 0 0 0 0 0 0 0 0 0 0 0 0 0 0 0 0 0 0 0 0 0 0 0 0 0
 0 0 0 0 0 0 0 0 0 0 0 0 0 0 0 0 0 0 0 0 0 0 0 0 0 0
 0 0 0 0 0 0 0 0 0 0 0 0 0 0 0 0 0 0 0 0 0 0 0 0 0 0
 0 0 0 0 0 0 0 0 0 0 0 0 0 0 0 0 0 0 0 0 0 0 0 0 0 0
 0 0 0 0 0 0 0 0 0 0 0 0 0 0 0 0 0 0 0 0 0 0 0 0 0 0
 0 0 0 0 0 0 0 0 0 0 0 0 0 0 0 0 0 0 0 0 0 0 0 0 0 0
 0.00862536 0 0 0.000197151 0.00414017 0.0128641 0.00837892 0.0270097 0.101434 0.158115 0.152841 0.127902 0.109271 0.109419 0.0830992 0.0579132 0.0238553 0.00714673 0.00463305 0.00128148 0.00103504 0.000492878 0.000147863 0.000147863 4.92878e-05 0
 0 0 0 0 0 0 0 0 0 0 0 0 0 0 0 0 0 0 0 0 0 0 0 0 0 0
 0 0 0 0 0 0 0 0.0054083 0.00873648 0.0413646 0.0450493 0.0745869 0.0622846 0.0627006 0.0613931 0.0827291 0.12552 0.122667 0.0946155 0.0697135 0.0546179 0.0294188 0.0215738 0.0213955 0.0102223 0.00600262
 0 0 0 0 0.00359764 0.0251062 0.0480494 0.140153 0.205849 0.193036 0.1447 0.116669 0.0760912 0.0342217 0.00950174 0.001854 0.000860785 0 0 0 0.000165536 0 0.000143464 0 0 0
 0 0 0 0 0 0 0 0.000145254 0.000435761 0.0275982 0.070085 0.0708112 0.156366 0.174668 0.174014 0.160142 0.0824315 0.0480064 0.0283245 0.00493863 0.00203355 0 0 0 0 0
 0 0 0 0 0 0 0 0 0 0 0 0 0 0 0 0 0 0 0 0 0 0 0 0 0 0
 0 0 1.00437e-05 0.000401748 0.00122533 0.00171747 0.00176769 0.0269171 0.070346 0.194647 0.189555 0.159765 0.064822 0.0314167 0.0384472 0.0292271 0.0345202 0.0313363 0.0194345 0.0106764 0.0143323 0.0359363 0.0279516 0.0138201 0.00172751 0
 0 0.0021121 0.0136068 0.0755702 0.200478 0.177729 0.0527432 0.0373336 0.0318909 0.0142505 0.0149659 0.0166563 0.0217959 0.0798694 0.0677717 0.0528807 0.04013 0.0224614 0.0357745 0.0225083 0.00881397 0.00855152 0.00135912 0.000746735 0 0
 0 0 0 0 5.4009e-05 0.00500934 0.000945158 0.0243581 0.138947 0.33067 0.221406 0.137944 0.0707744 0.0437923 0.0131692 0.00525238 0.0047753 0.00276346 9.45158e-05 9.00151e-06 2.25038e-05 9.00151e-06 4.50075e-06 0 0 0
 0.000866109 0.00284123 0.00948549 0.0512746 0.133035 0.25785 0.225252 0.132002 0.0553304 0.0519788 0.0540692 0.017754 0.00435017 0.00159236 0.00146478 0.000404838 0.000125132 0.000115318 0.000107957 0.000100596 0 0 0 0 0 0
 0 0 0 0 0.00144013 0.00171154 0.00461396 0.0210425 0.0478622 0.0707936 0.0888783 0.103762 0.0637923 0.0337046 0.0602308 0.124433 0.169614 0.0934646 0.0462172 0.0250306 0.0313229 0.00938855 0.002487 0.000210481 0 0
 0 0.00764035 0.051015 0.0998891 0.058973 0.0496711 0.0374665 0.0718981 0.12319 0.153886 0.159021 0.0857701 0.0377988 0.023471 0.0147837 0.00900784 0.00315554 0.000888139 0.00291439 0.00214683 0.00393193 0.00274676 0.000635225 9.99891e-05 0 0
 0 0 0 0 0 0 0 0 0 0 0 0 0 0 0 0 0 0 0 0 0 0 0 0 0 0
 0 0 0 0 0 0 0 0 0 0 0 0 0 0 0 0 0 0 0 0 0 0 0 0 0 0
 0 0 0 0 0 0 0 0 0 0 0 0 0 0 0 0 0 0 0 0 0 0 0 0 0 0
 0 0 0 0 0 0 0 0 0 0 0 0 0 0 0 0 0 0 0 0 0 0 0 0 0 0
 0 0 0 0 0 0 0 0 0 0 0 0 0 0 0 0 0 0 0 0 0 0 0 0 0 0
 0 0 0 0 0 0 0 0 0 0 0 0 0 0 0 0 0 0 0 0 0 0 0 0 0 0
 0 0 0 0 0 0 0 0 0 0 0 0 0 0 0 0 0 0 0 0 0 0 0 0 0 0
 0 0 0 0 0 0 0 0 0 0 0 0 0 0 0 0 0 0 0 0 0 0 0 0 0 0
 0 0 0 0 0 0 0 0 0 0 0 0 0 0 0 0 0 0 0 0 0 0 0 0 0 0
ppred_pel_tallas
 1.13787e-16 3.97879e-05 0.000386753 0.00257011 0.0116833 0.0363513 0.0774505 0.113043 0.113053 0.077497 0.036509 0.0121468 0.00376278 0.00308697 0.00545038 0.00968219 0.0156493 0.0232203 0.0321517 0.0421152 0.052512 0.0621495 0.0691905 0.0716915 0.0685276 0.0600794
 1.26103e-16 3.60784e-05 0.000350695 0.0023305 0.0105941 0.0329624 0.0702308 0.102509 0.102536 0.0703603 0.0333977 0.011853 0.00549648 0.00728305 0.0132677 0.0220626 0.0322506 0.0416439 0.0481455 0.0510611 0.0516166 0.0521003 0.0542413 0.058061 0.0619419 0.0636672
 1.18246e-16 5.3812e-05 0.000523072 0.003476 0.0158014 0.0491641 0.10475 0.152889 0.152904 0.104823 0.0494103 0.0165142 0.0052721 0.00446663 0.00761111 0.012679 0.0186961 0.0244593 0.0288063 0.0312909 0.0324552 0.0333863 0.0348996 0.0369971 0.0389375 0.0397352
 1.06954e-16 6.33687e-05 0.000615966 0.00409331 0.0186076 0.0578953 0.123353 0.18004 0.180054 0.123424 0.0581366 0.0193051 0.00584579 0.00444727 0.00735681 0.0121087 0.0175515 0.0223267 0.0251089 0.0253294 0.023523 0.0209507 0.0187952 0.0175547 0.0169939 0.016519
 1.04803e-16 5.61802e-05 0.000546092 0.00362897 0.0164968 0.0513278 0.10936 0.159619 0.159643 0.109476 0.0517177 0.0176232 0.00645743 0.00672447 0.0118015 0.0194517 0.0280882 0.0354783 0.0393862 0.0387895 0.0344803 0.0285009 0.0228859 0.0186936 0.0158913 0.0138754
 1.03821e-16 6.26469e-05 0.00060895 0.00404669 0.0183957 0.0572358 0.121948 0.177989 0.178005 0.122025 0.0574967 0.0191498 0.00594234 0.00475638 0.00796644 0.0131418 0.0190912 0.0243558 0.0274843 0.0277981 0.0257609 0.0225944 0.0194686 0.0169214 0.0148514 0.0129032
 1.06024e-16 4.50051e-05 0.000437466 0.00290711 0.0132153 0.041118 0.0876075 0.127873 0.127906 0.0877716 0.041669 0.0148074 0.00690557 0.00917316 0.0166565 0.0275207 0.0397715 0.050294 0.0559391 0.0552587 0.0493468 0.0410397 0.0331484 0.0271135 0.0228709 0.0196038
 1.11229e-16 4.14247e-05 0.000402663 0.00267584 0.012164 0.0378468 0.0806376 0.117698 0.117725 0.0807687 0.0382878 0.0134404 0.0058903 0.00745444 0.0135357 0.0225783 0.0331458 0.0429947 0.0498356 0.0525824 0.051889 0.0494619 0.0467532 0.0441372 0.0410901 0.0369624
 1.14039e-16 4.78812e-05 0.000465422 0.0030929 0.0140599 0.0437456 0.0932054 0.13604 0.136061 0.0933062 0.0440845 0.0150407 0.00556289 0.00588416 0.0104187 0.0173605 0.0255105 0.0331695 0.0386493 0.0412256 0.0415316 0.0409773 0.0406716 0.0407277 0.0403996 0.0387616
 1.09138e-16 5.93101e-05 0.000576515 0.00383115 0.0174158 0.0541873 0.115452 0.168509 0.168525 0.11553 0.0544496 0.0181745 0.00573885 0.00475286 0.0080264 0.0132705 0.0193401 0.0248193 0.0283196 0.0292458 0.0281459 0.0262856 0.0247899 0.0240293 0.0236252 0.0228995
 1.03784e-16 6.67435e-05 0.000648771 0.00431131 0.0195986 0.0609786 0.129922 0.189627 0.189641 0.129987 0.0611967 0.020229 0.00589491 0.00410949 0.00665036 0.0109184 0.0157935 0.0200159 0.0223533 0.0222511 0.0201575 0.017199 0.014473 0.0125113 0.0112295 0.0102364
 1.02506e-16 6.30032e-05 0.000612413 0.0040697 0.0185003 0.0575614 0.122641 0.179002 0.179021 0.122731 0.0578642 0.019375 0.00626568 0.0054076 0.00917395 0.0150773 0.0217383 0.0273897 0.0302732 0.0295784 0.0259166 0.02089 0.0161169 0.0124738 0.00999499 0.00826173
 1.03008e-16 5.88545e-05 0.000572087 0.00380172 0.0172821 0.0537711 0.114566 0.167216 0.167238 0.11467 0.0541209 0.0182929 0.00634058 0.00611983 0.0106108 0.0174898 0.0252846 0.0319948 0.0356136 0.0352032 0.0314257 0.0260445 0.0208186 0.0166696 0.0136057 0.0111893
 1.0425e-16 5.61075e-05 0.000545385 0.00362428 0.0164754 0.0512613 0.109219 0.159412 0.159435 0.109328 0.0516283 0.0175361 0.00628954 0.00637294 0.011151 0.0184174 0.0266926 0.0339171 0.0380204 0.0380359 0.0346402 0.0296185 0.0247137 0.020779 0.0177361 0.0150952
 1.03826e-16 6.29454e-05 0.000611852 0.00406597 0.0184833 0.0575086 0.122529 0.178838 0.178853 0.122606 0.0577688 0.0192357 0.00595683 0.00474762 0.00794111 0.0130907 0.0189976 0.0241982 0.02724 0.0274506 0.0253102 0.0220666 0.0189173 0.0164156 0.0144545 0.0126501
 1.00847e-16 7.69926e-05 0.000748396 0.00497335 0.0226081 0.0703424 0.149872 0.218744 0.218748 0.149896 0.0704223 0.022839 0.0055532 0.00201514 0.00248556 0.00399462 0.00576432 0.00728567 0.00809676 0.00798668 0.00711421 0.00589209 0.00473061 0.00384208 0.00322024 0.00274833
 1.01825e-16 3.76937e-05 0.000366396 0.00243484 0.0110684 0.0344383 0.0733762 0.107105 0.107154 0.0736152 0.0352405 0.0133846 0.00824515 0.0130382 0.024068 0.0396357 0.0568725 0.0710538 0.0773893 0.07367 0.0616071 0.0457276 0.0307471 0.0194398 0.0122196 0.00806505
 1.01839e-16 7.41881e-05 0.000721135 0.0047922 0.0217846 0.0677801 0.144413 0.210776 0.21078 0.144435 0.0678544 0.0220001 0.00533621 0.00191936 0.00238096 0.00389969 0.00579812 0.00768043 0.00918249 0.0101129 0.01052 0.0105764 0.010391 0.00992433 0.00906964 0.00779823
 1.02429e-16 5.34278e-05 0.000519338 0.00345118 0.0156886 0.0488132 0.104003 0.151802 0.151832 0.104152 0.0493144 0.0171358 0.0070818 0.00843833 0.0150736 0.0247849 0.0355826 0.0445078 0.0485899 0.0464768 0.0392608 0.029774 0.0209322 0.0143988 0.0103338 0.00800018
 1.04849e-16 5.30676e-05 0.000515836 0.00342791 0.0155828 0.048484 0.103301 0.150776 0.150798 0.103412 0.0488561 0.0166591 0.0061352 0.00644465 0.0113679 0.018852 0.0274826 0.0352452 0.0400933 0.0410363 0.0386481 0.0345263 0.0301835 0.0262893 0.0227193 0.0191102
 1.04566e-16 6.31139e-05 0.00061349 0.00407686 0.0185328 0.0576625 0.122857 0.179316 0.179331 0.122929 0.0579045 0.0192326 0.00583638 0.00446403 0.00740411 0.012215 0.0177662 0.0227167 0.0257421 0.0262381 0.0246538 0.022121 0.0196909 0.0177914 0.0162357 0.014607
 1.03255e-16 6.36796e-05 0.000618988 0.0041134 0.0186989 0.0581793 0.123958 0.180924 0.180941 0.12404 0.0584565 0.0194997 0.00612435 0.00501183 0.0084152 0.0138345 0.0199786 0.0252435 0.0280406 0.027644 0.0246148 0.0203981 0.0164286 0.0134456 0.0114162 0.00991112
 1.07151e-16 3.08505e-05 0.000299877 0.00199279 0.00905898 0.0281861 0.0600552 0.0876622 0.0877091 0.0602847 0.0289569 0.0112862 0.00758656 0.0125211 0.0232706 0.038499 0.0556361 0.0703406 0.0781905 0.0771296 0.068651 0.0566939 0.0451919 0.0362099 0.0297546 0.0248015
 1.07057e-16 6.30114e-05 0.000612493 0.00407023 0.0185027 0.0575688 0.122657 0.179023 0.179032 0.122699 0.057713 0.0189213 0.00512899 0.00295047 0.00458176 0.00768056 0.01154 0.0155239 0.0190065 0.0216757 0.0236315 0.0251325 0.0262231 0.0265975 0.0258149 0.0236507
 1.06453e-16 5.49208e-05 0.00053385 0.00354762 0.016127 0.0501771 0.106909 0.156041 0.156066 0.107029 0.050582 0.0172964 0.00648326 0.00694344 0.0122317 0.0201468 0.0290519 0.0366235 0.0405507 0.0398169 0.0353264 0.0292986 0.0239137 0.0202553 0.0181677 0.0168258
 1.09349e-16 4.05503e-05 0.000394163 0.00261935 0.0119072 0.037048 0.0789358 0.115216 0.115249 0.0790967 0.0375887 0.0134707 0.00655017 0.0089961 0.0164387 0.0272735 0.0396622 0.0506694 0.0573092 0.0581858 0.054258 0.0480391 0.0419231 0.0369873 0.0329869 0.0291543
 1.07053e-16 6.24666e-05 0.000607197 0.00403504 0.0183427 0.057071 0.121596 0.177476 0.177487 0.121653 0.0572629 0.0188982 0.00543493 0.00368151 0.00595534 0.00988947 0.0145778 0.0190483 0.0223487 0.0240462 0.0244371 0.0242273 0.0239547 0.0236423 0.0229097 0.0213541
 1.04999e-16 5.99701e-05 0.000582931 0.00387378 0.0176097 0.0547903 0.116737 0.170386 0.170406 0.116835 0.055118 0.0185565 0.00625104 0.00577488 0.00992777 0.0163382 0.0235818 0.029773 0.0330422 0.0325547 0.029014 0.0241761 0.0197699 0.0166617 0.0147514 0.013429
 1.08484e-16 3.50079e-05 0.000340289 0.00226134 0.0102798 0.0319844 0.0681476 0.0994719 0.0995125 0.068346 0.032651 0.0122063 0.00710177 0.0109223 0.0201771 0.0334193 0.0484146 0.0614631 0.0687986 0.0686686 0.0623265 0.0530634 0.0441079 0.0370649 0.0318115 0.0274244
 1.13644e-16 4.50483e-05 0.000437886 0.0029099 0.013228 0.0411574 0.0876908 0.127991 0.12801 0.0877836 0.0414698 0.014134 0.0051973 0.00547521 0.00974129 0.0163731 0.0243811 0.0323451 0.0388194 0.0431174 0.0455933 0.0471054 0.0481389 0.0483749 0.0470132 0.0434666
 1.06726e-16 6.70455e-05 0.000651706 0.00433082 0.0196873 0.0612544 0.130509 0.190484 0.190494 0.130558 0.0614176 0.0201592 0.00551788 0.0032514 0.00502948 0.00827665 0.0120819 0.0155571 0.0178603 0.0186475 0.0182785 0.0175385 0.0170911 0.017094 0.0172157 0.0169458
 1.06963e-16 4.31373e-05 0.00041931 0.00278647 0.0126669 0.0394116 0.083972 0.122567 0.122605 0.0841551 0.0400265 0.0144428 0.00724415 0.0101501 0.0185229 0.030553 0.0440107 0.0553589 0.0610311 0.0594128 0.0518194 0.0416123 0.0321805 0.0253497 0.0211336 0.018525
 1.05991e-16 6.06031e-05 0.000589084 0.00391467 0.0177955 0.0553686 0.117969 0.172182 0.172196 0.118035 0.0555914 0.0184409 0.00554111 0.00416077 0.00690596 0.0114833 0.0169153 0.0220644 0.0257921 0.0275459 0.0276135 0.0267758 0.0256684 0.0244051 0.0227028 0.0202822
pSPR Fmed_Fpbrs
1   0.983707 0.6 0.325 0.983707 0.983707 0.983707
Fs Fmed_Fpbrs
0   0.01 0.354585 0.914571 0.01 0.01 0.01
SSBpbr Bo_Bmed_Bpbrs
1.75375e+06  1.66606e+06  1.63749e+06 964563 482281 1.63749e+06 1.63749e+06 1.63749e+06
Ro
235105
SPR SPRFo_SPRFmed_SPRFpbrs
1.69377e+06 1.69377e+06 1.66618e+06
Fref
0
Nvult_r0
 216014 44979.6 33340.8 4131.91 3356.71
CTP_r0
 15102.4 5791.01 4491.48 557.987 453.36
YTP_r0
356492
Np
 327910 120631 44377.7 16325.7 8215.31
Nvult_p0
 207278 76253.4 28052.1 10319.8 5193.07
CTP_p0
 0 0 0 0 0
 0 0 0 0 0
 0 0 0 0 0
 0 0 0 0 0
 0 0 0 0 0
 0 0 0 0 0
YTP_p0
 0 0 0 0 0 0
CBA_c0
0
log_Ro
12.1878
likeval ReclasPelacesDesembMPH_pf_preclas_ppelaces_ptallas_desvR_qrecl_qpela
 17.5015 17.6185 0.0941805 0.00121945 236.774 137.36 108.298 0 21.7349 1.2073e-05 5.208e-06 0.473757 2066.23 0 0
q_reclas_q_pelaces
0.611779 0.724163
M
1
N
 229607 45450.8 201255 10401.2 0.381324
 118990 80202 15100.9 66502.5 3436.05
 157402 39876.7 24562.9 4579.67 21198.7
 237510 52898.3 12280.5 7492.76 7859.2
 201159 75376.8 14555.9 3327.06 4155.49
 301042 70647.2 25312.2 4864.19 2499.76
 133659 99792.9 21177.7 7505 2182.04
 71692.6 40313 24844.8 5163.36 2359.03
 63869.7 25591.1 13977.1 8586.77 2599.4
 81276.6 20919.3 7492.21 4042.28 3232.89
 147132 25862.7 5786.41 2040.99 1980.14
 177888 51884.3 8754.98 1950.09 1354.82
 152123 54046.4 13104.1 2167.1 817.122
 110254 47014.5 14116.1 3360.39 764.476
 121778 30530.2 9894.78 2883.37 841.133
 584505 36883 7663.38 2433.35 914.887
 147777 176994 9254.42 1883.83 822.123
 878208 49486.7 54126.8 2802.23 818.903
 517437 286499 14375.3 15525.5 1037.93
 404551 163252 77928.7 3847.4 4429.04
 603173 130323 46260.9 21776.2 2310.9
 793698 199970 39075.3 13719.5 7139.1
 186168 255564 56613.9 10908.6 5818.46
 519660 63947.9 82158.6 18069.3 5336.54
 440993 178242 20499.4 26143.6 7444.86
 211552 152160 57808.8 6603.81 10816.3
 443215 74043.2 50754.2 19181.7 5778.47
 508913 152116 23764.5 16171.2 7949.46
 171488 175995 49556 7691.71 7804.11
 161723 60230.4 59107.8 16562.4 5177.5
 416406 55998.9 19670.8 19181.5 7052.42
 185182 141244 17562.3 6116.62 8153.49
 327910 65888.9 48661.5 6029.36 4898.12
pred_Ctot
 7361 2806.02 13061.2 676.849 0.0248179
 6747.88 8619.27 1703.05 7519.56 388.574
 8666.8 4165.47 2692.86 503.386 2330.43
 20866.2 8628.22 2097.43 1282.9 1345.81
 5787.04 4184.83 849.702 194.744 243.27
 18983.6 8407.51 3159.72 608.763 312.893
 15467.7 21046 4667.59 1658.04 482.127
 1348.87 1473.18 955.287 199.079 90.9682
 4470.37 3364.97 1926.83 1186.76 359.307
 7019.83 3357.78 1259.37 681.161 544.842
 3866.55 1313.75 309.109 109.326 106.082
 19887.5 10598.8 1869.56 417.423 290.04
 15596.3 10187.6 2583.79 428.333 161.527
 17637.3 13301.4 4160.84 992.684 225.858
 13820.5 6323.79 2142.23 625.742 182.564
 66397 7646.25 1660.55 528.532 198.741
 8445.32 19163.4 1051.45 214.591 93.6624
 63467.2 6708.6 7691.69 399.224 116.682
 47157.1 48370.8 2540.79 2750.87 183.929
 32140.8 24214.6 12110.5 599.41 690.12
 37995.2 15493.4 5768.87 2722.56 288.959
 63266.5 29753.8 6091.43 2144.12 1115.86
 7844.02 20601.2 4793.98 926.184 494.08
 22345.2 5257.82 7095.57 1564.69 462.177
 17397.6 13476.7 1628.46 2082.39 593.081
 6525.57 9045.71 3612.93 413.841 677.922
 18894.7 6037.1 4346.92 1647.22 496.292
 19384.2 11114.2 1824.47 1244.83 612.024
 4926.92 9758.33 2889.09 449.64 456.276
 6036.62 4314.71 4449.47 1250.11 390.848
 20659.1 5289.52 1950.8 1907.28 701.346
 3852.22 5699.52 745.553 260.375 347.132
 15102.4 5791.01 4491.48 557.987 453.36
F
 0.0518219 0.101875 0.107331 0.107634 0.10765
 0.0932473 0.183311 0.193129 0.193675 0.193704
 0.0904326 0.177778 0.187299 0.187829 0.187857
 0.147708 0.290374 0.305925 0.30679 0.306836
 0.0463984 0.0912129 0.0960981 0.0963697 0.0963841
 0.104153 0.204751 0.215717 0.216327 0.216359
 0.198614 0.390449 0.41136 0.412523 0.412584
 0.0301407 0.0592525 0.0624259 0.0626023 0.0626117
 0.116174 0.228382 0.240613 0.241293 0.241329
 0.145056 0.285159 0.300432 0.301281 0.301326
 0.0423125 0.0831805 0.0876354 0.0878832 0.0878962
 0.191311 0.376091 0.396233 0.397353 0.397412
 0.174236 0.342524 0.360868 0.361889 0.361942
 0.284074 0.55845 0.588359 0.590022 0.59011
 0.194451 0.382263 0.402736 0.403875 0.403935
 0.194648 0.38265 0.403144 0.404284 0.404344
 0.0939991 0.184789 0.194686 0.195237 0.195266
 0.120148 0.236195 0.248845 0.249548 0.249585
 0.153592 0.301941 0.318112 0.319012 0.319059
 0.132765 0.260998 0.274977 0.275754 0.275795
 0.104037 0.204523 0.215477 0.216086 0.216118
 0.13323 0.261912 0.275939 0.276719 0.27676
 0.0685809 0.134821 0.142041 0.142443 0.142464
 0.0700317 0.137673 0.145046 0.145456 0.145478
 0.0640949 0.126002 0.13275 0.133125 0.133145
 0.04982 0.0979394 0.103185 0.103476 0.103492
 0.0694135 0.136457 0.143766 0.144172 0.144193
 0.0618247 0.121539 0.128048 0.12841 0.128429
 0.0463359 0.0910901 0.0959686 0.0962399 0.0962542
 0.0605552 0.119043 0.125419 0.125773 0.125792
 0.0811741 0.159577 0.168124 0.168599 0.168624
 0.0333696 0.0656 0.0691134 0.0693088 0.0693191
 0.0751695 0.147773 0.155687 0.156127 0.156151
YTP_r0W_actual
 113872 101053 108110 17476.2 15980.9
YTP_p0W_proyectada
 0 0 0 0 0
 0 0 0 0 0
 0 0 0 0 0
 0 0 0 0 0
 0 0 0 0 0
 0 0 0 0 0
CTP_r0_actual
 15102.4 5791.01 4491.48 557.987 453.36
CTP_p0_proyectada
 0 0 0 0 0
 0 0 0 0 0
 0 0 0 0 0
 0 0 0 0 0
 0 0 0 0 0
 0 0 0 0 0
Wmedp
 7.54 17.45 24.07 31.32 35.25
Frms_r0
 0.0751695 0.147773 0.155687 0.156127 0.156151
Zrms_r0
 1.07517 1.14777 1.15569 1.15613 1.15615
nmprior
 7.29 8.9 8.7 0
nm_flota  nm_reclas  nm_pelaces    nm_pelaL
inf 11.6421 19.5008 63.9844
cv_recla  cv_pelaces  cv_mph
0.3623 0.459807 0.933294
 ------------------------------------------------
Talla a la edad & desviaci?n 
 8 13.2811 15.8009 17.003 17.5766
 0.8 1.32811 1.58009 1.7003 1.75766
