years
 1991 1992 1993 1994 1995 1996 1997 1998 1999 2000 2001 2002 2003 2004 2005 2006 2007 2008 2009 2010 2011 2012 2013 2014 2015 2016 2017 2018 2019 2020 2021 2022 2023
reclasobs
 0 0 0 0 0 0 0 0 0 252601 567819 844713 477998 351125 339783 2.1784e+06 2.13404e+06 4.81314e+06 1.55562e+06 2.62356e+06 3.21686e+06 3.843e+06 1.13348e+06 3.07943e+06 1.97215e+06 2.03268e+06 2.025e+06 2.42433e+06 2.27542e+06 1.05018e+06 2.36338e+06 3.18982e+06 1.53035e+06
reclaspred
 3.72543e+06 2.00627e+06 712874 659517 117033 3.129e+06 1.21467e+06 255149 981497 224486 354899 951304 707302 663596 414980 1.94735e+06 861448 5.17965e+06 2.63187e+06 2.35312e+06 2.99301e+06 3.30611e+06 1.74292e+06 3.28971e+06 2.51952e+06 1.6081e+06 2.17301e+06 3.71931e+06 2.91206e+06 898573 2.58452e+06 2.9544e+06 500933
pelacesobs
 0 0 0 0 0 0 0 0 0 0 0 0 0 0 0 552880 188675 0 991730 2.46772e+06 1.41603e+06 1.21717e+06 2.29649e+06 1.80582e+06 0 1.4828e+06 1.56532e+06 1.57751e+06 1.42118e+06 867257 1.10002e+06 1.06204e+06 0
pelacespred
 2.41077e+06 1.0775e+06 327326 250005 31399.7 1.87824e+06 529002 139545 532040 73958.5 191680 431706 332542 329483 186707 892609 342501 3.10938e+06 1.32116e+06 1.03336e+06 1.4774e+06 1.60498e+06 857159 2.0821e+06 1.41462e+06 873892 1.45455e+06 2.25183e+06 1.69828e+06 509983 1.29251e+06 1.6998e+06 188346
mphobs
 0 0 0 0 0 0 0 0 0 0 0 0 498337 0 5186 125008 0 168611 109162 213762 579715 649985 157893 87575 83554 210694 70296 0 107559 103333 445601 22526 28222
mphpred
 683750 213040 146625 27653.2 33258.4 3806.58 292812 51530 11751.6 66481.4 5759.17 31856.3 71677.5 31306.4 24670.9 20208.9 166468 42758.5 431997 119377 203965 152399 235233 93952.3 263036 193209 93853.1 165438 409727 193509 39280.5 279672 114732
desembarqueobs
 494567 514787 250237 358949 120608 361735 552515 73892 212993 205616 52469 317467 293654 387597 252695 516296 358380 742168 942051 627588 828172 859565 418607 520667 417249 300574 415391 372974 316634 284311 391294 218835 356480
desembarquepred
 494465 514580 249687 358420 120502 361485 551762 73855.4 212794 205362 52443.4 317052 293176 386665 252239 515554 358021 741273 940047 626156 827412 858106 418123 520188 416674 300182 414843 372571 316238 283638 390770 218697 355630
Reclutas
 5652 172938 8863.62 104926 3889.16 280745 4224.8 1357.61 58753.2 5285.85 35600.9 125282 63463.2 74857 40395.2 266197 7617.87 512702 104852 257403 169809 428398 11099.8 174372 144882 24312.8 131616 197792 23308.9 16600.1 173159 37474.5 11138.6
log_desv_Rt
 -2.11858 1.30234 -1.66864 0.802664 -2.4924 1.78685 -2.40962 -3.54487 0.222752 -2.18556 -0.278222 0.979972 0.299866 0.464987 -0.151883 1.73364 -1.8201 2.3891 0.801958 1.70005 1.28408 2.20946 -1.44367 1.3106 1.12533 -0.659591 1.02929 1.43663 -0.70176 -1.04118 1.30362 -0.226933 -1.44018
SSB
 1.04002e+06 324045 223026 42062.1 50588 5790.02 445384 78380.1 17874.8 101122 8760.03 48455.3 99705.4 45693.9 34518.1 29096.7 253207 65038.1 690122 191165 341145 276154 442752 167999 422551 339454 152412 251641 650952 281278 70375.3 492511 199360
BT
 1.34237e+06 973312 335656 405661 103533 1.24307e+06 680907 122525 449807 205535 136728 466096 408092 560037 337995 843735 408469 2.19213e+06 1.40966e+06 983506 1.33083e+06 1.48303e+06 660187 1.48766e+06 971102 598777 1.12424e+06 1.37457e+06 891028 492396 928803 834323 395809
Ftot
 0.53788 1.3519 1.36489 3.08969 3.06957 0.886154 1.66822 1.12182 1.54479 2.86231 1.06427 2.09605 2.12039 3.32084 3.40847 1.8716 1.6029 1.05269 1.55999 1.6327 1.46743 1.59047 1.00104 1.03467 0.876793 0.844486 1.21329 0.665598 0.481177 1.28762 1.07555 0.355994 2.39813
BD_Bspro_t
 0.918476 0.478517 0.320473 0.0914175 0.0923244 0.0155776 0.438662 0.113857 0.0435611 0.210262 0.0349088 0.234379 0.232508 0.10611 0.0769552 0.0691314 0.270825 0.0908073 0.409992 0.161367 0.21525 0.185054 0.27699 0.142497 0.32176 0.328488 0.224266 0.351323 0.552279 0.35127 0.154904 0.491614 0.342471
BD_Bspro
 3.07013 0.956577 0.658369 0.124167 0.149335 0.0170921 1.31477 0.231377 0.0527661 0.298511 0.0258595 0.143039 0.294329 0.134888 0.101897 0.085893 0.747465 0.191992 2.03723 0.564318 1.00705 0.815204 1.307 0.495931 1.24736 1.00206 0.449919 0.74284 1.9216 0.830329 0.207747 1.45389 0.588509
BD_Bo
 4.13627 1.28876 0.886994 0.167285 0.201193 0.0230274 1.77133 0.311725 0.0710897 0.402172 0.0348395 0.192711 0.396537 0.181729 0.137282 0.11572 1.00703 0.258663 2.74468 0.760283 1.35676 1.09829 1.76086 0.668148 1.68052 1.35004 0.606157 1.0008 2.5889 1.11867 0.279889 1.95876 0.792875
BD_Brms
 4.42612 1.37907 0.949152 0.179008 0.215292 0.0246411 1.89546 0.33357 0.0760714 0.430355 0.0372809 0.206216 0.424326 0.194464 0.146902 0.12383 1.0776 0.276789 2.93702 0.813561 1.45184 1.17526 1.88426 0.71497 1.79829 1.44465 0.648635 1.07093 2.77032 1.19706 0.299503 2.09603 0.848437
Sel_flota
 0.41054 0.92974 0.996038 0.999791 0.999989
 0.41054 0.92974 0.996038 0.999791 0.999989
 0.41054 0.92974 0.996038 0.999791 0.999989
 0.41054 0.92974 0.996038 0.999791 0.999989
 0.41054 0.92974 0.996038 0.999791 0.999989
 0.41054 0.92974 0.996038 0.999791 0.999989
 0.41054 0.92974 0.996038 0.999791 0.999989
 0.41054 0.92974 0.996038 0.999791 0.999989
 0.41054 0.92974 0.996038 0.999791 0.999989
 0.41054 0.92974 0.996038 0.999791 0.999989
 0.41054 0.92974 0.996038 0.999791 0.999989
 0.41054 0.92974 0.996038 0.999791 0.999989
 0.41054 0.92974 0.996038 0.999791 0.999989
 0.41054 0.92974 0.996038 0.999791 0.999989
 0.41054 0.92974 0.996038 0.999791 0.999989
 0.41054 0.92974 0.996038 0.999791 0.999989
 0.41054 0.92974 0.996038 0.999791 0.999989
 0.41054 0.92974 0.996038 0.999791 0.999989
 0.41054 0.92974 0.996038 0.999791 0.999989
 0.41054 0.92974 0.996038 0.999791 0.999989
 0.41054 0.92974 0.996038 0.999791 0.999989
 0.41054 0.92974 0.996038 0.999791 0.999989
 0.41054 0.92974 0.996038 0.999791 0.999989
 0.41054 0.92974 0.996038 0.999791 0.999989
 0.41054 0.92974 0.996038 0.999791 0.999989
 0.41054 0.92974 0.996038 0.999791 0.999989
 0.41054 0.92974 0.996038 0.999791 0.999989
 0.41054 0.92974 0.996038 0.999791 0.999989
 0.41054 0.92974 0.996038 0.999791 0.999989
 0.41054 0.92974 0.996038 0.999791 0.999989
 0.41054 0.92974 0.996038 0.999791 0.999989
 0.41054 0.92974 0.996038 0.999791 0.999989
 0.41054 0.92974 0.996038 0.999791 0.999989
Sel_reclas
 0.784043 1 1 1 1
 0.784043 1 1 1 1
 0.784043 1 1 1 1
 0.784043 1 1 1 1
 0.784043 1 1 1 1
 0.784043 1 1 1 1
 0.784043 1 1 1 1
 0.784043 1 1 1 1
 0.784043 1 1 1 1
 0.784043 1 1 1 1
 0.784043 1 1 1 1
 0.784043 1 1 1 1
 0.784043 1 1 1 1
 0.784043 1 1 1 1
 0.784043 1 1 1 1
 0.784043 1 1 1 1
 0.784043 1 1 1 1
 0.784043 1 1 1 1
 0.784043 1 1 1 1
 0.784043 1 1 1 1
 0.784043 1 1 1 1
 0.784043 1 1 1 1
 0.784043 1 1 1 1
 0.784043 1 1 1 1
 0.784043 1 1 1 1
 0.784043 1 1 1 1
 0.784043 1 1 1 1
 0.784043 1 1 1 1
 0.784043 1 1 1 1
 0.784043 1 1 1 1
 0.784043 1 1 1 1
 0.784043 1 1 1 1
 0.784043 1 1 1 1
Sel_pelaces
 0.732089 1 1 1 1
 0.732089 1 1 1 1
 0.732089 1 1 1 1
 0.732089 1 1 1 1
 0.732089 1 1 1 1
 0.732089 1 1 1 1
 0.732089 1 1 1 1
 0.732089 1 1 1 1
 0.732089 1 1 1 1
 0.732089 1 1 1 1
 0.732089 1 1 1 1
 0.732089 1 1 1 1
 0.732089 1 1 1 1
 0.732089 1 1 1 1
 0.732089 1 1 1 1
 0.732089 1 1 1 1
 0.732089 1 1 1 1
 0.732089 1 1 1 1
 0.732089 1 1 1 1
 0.732089 1 1 1 1
 0.732089 1 1 1 1
 0.732089 1 1 1 1
 0.732089 1 1 1 1
 0.732089 1 1 1 1
 0.732089 1 1 1 1
 0.732089 1 1 1 1
 0.732089 1 1 1 1
 0.732089 1 1 1 1
 0.732089 1 1 1 1
 0.732089 1 1 1 1
 0.732089 1 1 1 1
 0.732089 1 1 1 1
 0.732089 1 1 1 1
pf_obs 
 0.8446 0.082 0.0669 0.0065 0
 0.8095 0.147 0.0364 0.0071 0
 0.9664 0.0169 0.016 0.0007 0
 0.9276 0.0648 0.0075 0.0001 0
 0.7033 0.2144 0.0806 0.0017 0
 0.9318 0.0425 0.0243 0.0014 0
 0.5671 0.3108 0.0964 0.0239 0.0018
 0.0768 0.2599 0.5324 0.112 0.0189
 0.490249 0.384438 0.106611 0.0170017 0.00170017
 0.7925 0.1577 0.0466 0.003 0.0002
 0.840416 0.127587 0.0312969 0.00059994 9.999e-05
 0.8084 0.0986 0.0794 0.0134 0.0002
 0.7335 0.1905 0.0724 0.0035 0.0001
 0.4001 0.4547 0.1325 0.0127 0
 0.49795 0.308269 0.164784 0.0264974 0.00249975
 0.9179 0.0499 0.0305 0.0017 0
 0.2467 0.6533 0.0926 0.0074 0
 0.9418 0.0223 0.034 0.0019 0
 0.707729 0.231977 0.0356964 0.0245975 0
 0.517169 0.277429 0.184464 0.0207286 0.00020938
 0.811772 0.124168 0.05621 0.00726502 0.000585176
 0.764997 0.148141 0.077277 0.00933861 0.000247198
 0.163321 0.427699 0.378323 0.0303852 0.000271297
 0.753843 0.0900009 0.118128 0.0371064 0.000921714
 0.721811 0.176058 0.0630433 0.0369309 0.00215725
 0.143369 0.312575 0.442814 0.0836902 0.0175525
 0.692698 0.0596174 0.167031 0.0765114 0.00414204
 0.394062 0.376323 0.152708 0.0712218 0.00568511
 0.125707 0.32114 0.495352 0.0537591 0.00404204
 0.23352 0.215282 0.420074 0.123614 0.00750983
 0.796117 0.104755 0.0508955 0.0450114 0.00322123
 0.162477 0.292055 0.404252 0.121198 0.0200186
 0 0 0 0 0
pf_pred 
 0.0380885 0.259572 0.560894 0.141445 1.25877e-06
 0.852004 0.0145475 0.0384235 0.0759629 0.0190625
 0.116135 0.845868 0.00420561 0.00977916 0.024012
 0.925003 0.0237827 0.0492812 0.000215353 0.00171746
 0.196386 0.795728 0.00290041 0.00479925 0.000185749
 0.995608 0.00274542 0.00163384 4.76818e-06 8.0931e-06
 0.0335469 0.965049 0.000912025 0.000488675 3.8237e-06
 0.10024 0.106169 0.792594 0.000648908 0.000347615
 0.968158 0.0089427 0.00299145 0.0198835 2.48356e-05
 0.236268 0.757737 0.00186452 0.000543199 0.00358728
 0.954772 0.0298263 0.0153047 3.05182e-05 6.67761e-05
 0.901004 0.0975705 0.000975852 0.000446905 2.8225e-06
 0.665446 0.326802 0.00765744 6.4783e-05 2.9577e-05
 0.829649 0.153985 0.0160439 0.000317399 3.8737e-06
 0.798435 0.196509 0.0046654 0.000382781 7.56256e-06
 0.977116 0.0221888 0.000681171 1.26767e-05 1.04618e-06
 0.0889586 0.906013 0.00489711 0.00012878 2.57196e-06
 0.980803 0.00515181 0.0139778 6.56804e-05 1.74797e-06
 0.331308 0.66481 0.00113027 0.00273951 1.31327e-05
 0.828444 0.111322 0.0599309 8.87316e-05 0.000214433
 0.656857 0.326289 0.0114694 0.00535752 2.68794e-05
 0.864805 0.118145 0.0163143 0.00050181 0.00023383
 0.0649336 0.898071 0.0328706 0.00394871 0.000176652
 0.857137 0.0247676 0.113894 0.00373501 0.0004659
 0.632503 0.349953 0.00333223 0.0137094 0.000502527
 0.220677 0.648609 0.125088 0.00107367 0.00455289
 0.838499 0.0728728 0.0749924 0.0130519 0.000583611
 0.762424 0.224967 0.00606803 0.00553969 0.00100055
 0.1551 0.756329 0.0842807 0.00207006 0.00221953
 0.296167 0.224542 0.432812 0.044238 0.00224057
 0.940192 0.0361322 0.00820788 0.0139772 0.00149062
 0.29893 0.687335 0.00867649 0.00176103 0.00329785
 0.236294 0.391543 0.365446 0.00425072 0.00246689
pobs_RECLAS
 0 0 0 0 0
 0 0 0 0 0
 0 0 0 0 0
 0 0 0 0 0
 0 0 0 0 0
 0 0 0 0 0
 0 0 0 0 0
 0 0 0 0 0
 0 0 0 0 0
 0 0 0 0 0
 0.991045 0.00858322 0.000360255 1.14367e-05 0
 0.934742 0.0480273 0.0164251 0.00080598 0
 0.827803 0.169806 0.00239088 0 0
 0.941827 0.0461693 0.0120037 0 0
 0.791401 0.0380133 0.147996 0.0225897 0
 0.846168 0.0940531 0.0597789 0 0
 0.134021 0.677848 0.182769 0.00536245 0
 0.80878 0.0450904 0.141981 0.00414843 0
 0.846168 0.0940531 0.0597789 0 0
 0.905697 0.0802665 0.012482 0.00150086 5.37128e-05
 0.989698 0.0102097 9.19794e-05 0 0
 0.975433 0.0193895 0.00387452 0.00125025 5.28907e-05
 0.303575 0.632131 0.0575291 0.00676475 0
 0.966965 0.00978017 0.0227588 0.000495775 0
 0.843318 0.132988 0.00938335 0.0141283 0.000182051
 0.564624 0.303363 0.111486 0.0197234 0.00080311
 0.826376 0.0876187 0.0782897 0.00655872 0.00115652
 0.89761 0.0855135 0.0140674 0.00269457 0.000114338
 0.34875 0.467042 0.161289 0.0227151 0.000203297
 0.318654 0.224769 0.449479 0.00709798 0
 0.937255 0.0296025 0.0250945 0.00804832 0
 0.456809 0.399803 0.12412 0.0192676 0
 0.883104 0.0372192 0.0704036 0.00927362 0
ppred_RECLAS
 0.0710519 0.264456 0.531096 0.133395 1.18688e-06
 0.92475 0.00800542 0.0194266 0.0382271 0.00959056
 0.206656 0.762036 0.00348024 0.00805465 0.0197727
 0.971388 0.00985809 0.0180509 7.83365e-05 0.000624512
 0.381841 0.612813 0.00197486 0.00324534 0.000125561
 0.997728 0.00146125 0.000804785 2.3387e-06 3.96863e-06
 0.0663462 0.932416 0.000804894 0.000429118 3.3568e-06
 0.187171 0.102973 0.708969 0.000577864 0.000309485
 0.984955 0.00451175 0.00138182 0.00914003 1.14135e-05
 0.430129 0.56591 0.00123778 0.000358245 0.00236502
 0.976469 0.015935 0.0075477 1.49843e-05 3.27792e-05
 0.951793 0.0475786 0.000430805 0.000196206 1.23881e-06
 0.812499 0.183561 0.00389179 3.27427e-05 1.49445e-05
 0.928588 0.0653164 0.00597658 0.000117379 1.432e-06
 0.914177 0.0839324 0.00174581 0.000142181 2.80796e-06
 0.989006 0.0106898 0.000298526 5.52658e-06 4.55967e-07
 0.165534 0.830252 0.00410425 0.000107398 2.14438e-06
 0.990431 0.00272072 0.00681515 3.18835e-05 8.48326e-07
 0.50035 0.497003 0.000773422 0.00186544 8.94025e-06
 0.910296 0.0600203 0.0295352 4.3512e-05 0.000105126
 0.793437 0.197236 0.00635683 0.00295516 1.48227e-05
 0.929132 0.0626045 0.00790822 0.000242054 0.000112762
 0.117022 0.850617 0.0287658 0.00344062 0.000153886
 0.924398 0.0139936 0.0594262 0.00194029 0.000241973
 0.764699 0.224901 0.0019821 0.00812018 0.000297583
 0.34976 0.547997 0.0978607 0.000836435 0.0035461
 0.913426 0.0408516 0.038715 0.00670754 0.000299855
 0.856231 0.136675 0.00342132 0.00311067 0.00056171
 0.25221 0.674365 0.069882 0.0017096 0.00183266
 0.465826 0.180317 0.319685 0.032525 0.00164692
 0.968855 0.0194291 0.00407335 0.00690596 0.000736329
 0.435788 0.553921 0.00651022 0.0013162 0.00246431
 0.424226 0.310473 0.260541 0.00301262 0.00174782
pobs_PELACES
 0 0 0 0 0
 0 0 0 0 0
 0 0 0 0 0
 0 0 0 0 0
 0 0 0 0 0
 0 0 0 0 0
 0 0 0 0 0
 0 0 0 0 0
 0 0 0 0 0
 0 0 0 0 0
 0 0 0 0 0
 0 0 0 0 0
 0 0 0 0 0
 0 0 0 0 0
 0 0 0 0 0
 0 0 0 0 0
 0.505614 0.472636 0.0217494 0 0
 0 0 0 0 0
 0.443492 0.261883 0.143347 0.151278 0
 0.227955 0.32914 0.350689 0.0885471 0.00366901
 0.970185 0.0296113 0.000203453 0 0
 0.997202 0.00247181 0.000326279 0 0
 0.445219 0.490057 0.0546422 0.010081 0
 0.90214 0.0892962 0.00764917 0.000914606 0
 0 0 0 0 0
 0.581667 0.319106 0.0959925 0.00289975 0.000334073
 0.762889 0.0836404 0.116647 0.0363945 0.000428098
 0.88444 0.0763242 0.0277011 0.0115352 0
 0.521256 0.241999 0.230069 0.00667565 0
 0.616807 0.101726 0.260614 0.0208532 0
 0.833518 0.0704572 0.0857862 0.0102388 0
 0.697417 0.212968 0.0787535 0.0105354 0.000325836
 0 0 0 0 0
ppred_PELACES
 0.0731997 0.266096 0.528139 0.132563 1.17944e-06
 0.936982 0.00689083 0.0162345 0.0318924 0.00800056
 0.235289 0.735431 0.00325992 0.00753201 0.0184881
 0.982529 0.00628951 0.0107638 4.65339e-05 0.000370901
 0.494052 0.501864 0.00151227 0.00247572 9.57657e-05
 0.997923 0.00134477 0.00072641 2.10863e-06 3.578e-06
 0.0811438 0.917683 0.000763784 0.00040636 3.17843e-06
 0.210245 0.102214 0.686683 0.000558922 0.000299318
 0.9879 0.00371936 0.00110128 0.00727047 9.07796e-06
 0.535184 0.461788 0.000948729 0.000273615 0.00180598
 0.9791 0.0142595 0.00659863 1.30829e-05 2.86177e-05
 0.963526 0.0360198 0.000311526 0.000141514 8.93372e-07
 0.853463 0.143595 0.00290643 2.43886e-05 1.11299e-05
 0.955707 0.0407563 0.00346794 6.78301e-05 8.27336e-07
 0.946987 0.0519271 0.00100248 8.12996e-05 1.60524e-06
 0.991444 0.00832813 0.000223243 4.12331e-06 3.4015e-07
 0.196019 0.800061 0.00381871 9.97284e-05 1.99102e-06
 0.991573 0.00243573 0.00596236 2.78575e-05 7.41156e-07
 0.54991 0.447788 0.000673454 0.00162119 7.76887e-06
 0.926907 0.049481 0.0234945 3.45428e-05 8.3447e-05
 0.822019 0.170192 0.0053119 0.00246491 1.23625e-05
 0.941662 0.051743 0.00631266 0.000192837 8.98244e-05
 0.128176 0.840544 0.0278094 0.0033221 0.000148576
 0.932819 0.0126664 0.0525861 0.00171476 0.000213833
 0.779226 0.211202 0.001826 0.00747256 0.000273834
 0.367938 0.534219 0.0936538 0.000799641 0.00338993
 0.92481 0.0359818 0.0332066 0.00574456 0.000256785
 0.861827 0.131452 0.003243 0.00294612 0.000531972
 0.255033 0.672513 0.0689603 0.00168605 0.00180735
 0.508453 0.169055 0.291393 0.0295993 0.00149865
 0.972409 0.0173695 0.00355685 0.00602226 0.000642062
 0.433964 0.555793 0.00648153 0.00130982 0.00245232
 0.515178 0.267741 0.213197 0.00245788 0.00142575
pobs_pel_tallas
 0 0 0 0 0 0 0 0 0 0 0 0 0 0 0 0 0 0 0 0 0 0 0 0 0 0
 0 0 0 0 0 0 0 0 0 0 0 0 0 0 0 0 0 0 0 0 0 0 0 0 0 0
 0 0 0 0 0 0 0 0 0 0 0 0 0 0 0 0 0 0 0 0 0 0 0 0 0 0
 0 0 0 0 0 0 0 0 0 0 0 0 0 0 0 0 0 0 0 0 0 0 0 0 0 0
 0 0 0 0 0 0 0 0 0 0 0 0 0 0 0 0 0 0 0 0 0 0 0 0 0 0
 0 0 0 0 0 0 0 0 0 0 0 0 0 0 0 0 0 0 0 0 0 0 0 0 0 0
 0 0 0 0 0 0 0 0 0 0 0 0 0 0 0 0 0 0 0 0 0 0 0 0 0 0
 0 0 0 0 0 0 0 0 0 0 0 0 0 0 0 0 0 0 0 0 0 0 0 0 0 0
 0 0 0 0 0 0 0 0 0 0 0 0 0 0 0 0 0 0 0 0 0 0 0 0 0 0
 0 0 0 0 0 0 0 0 0 0 0 0 0 0 0 0 0 0 0 0 0 0 0 0 0 0
 0 0 0 0 0 0 0 0 0 0 0 0 0 0 0 0 0 0 0 0 0 0 0 0 0 0
 0 0 0 0 0 0 0 0 0 0 0 0 0 0 0 0 0 0 0 0 0 0 0 0 0 0
 0.00862536 0 0 0.000197151 0.00414017 0.0128641 0.00837892 0.0270097 0.101434 0.158115 0.152841 0.127902 0.109271 0.109419 0.0830992 0.0579132 0.0238553 0.00714673 0.00463305 0.00128148 0.00103504 0.000492878 0.000147863 0.000147863 4.92878e-05 0
 0 0 0 0 0 0 0 0 0 0 0 0 0 0 0 0 0 0 0 0 0 0 0 0 0 0
 0 0 0 0 0 0 0 0.0054083 0.00873648 0.0413646 0.0450493 0.0745869 0.0622846 0.0627006 0.0613931 0.0827291 0.12552 0.122667 0.0946155 0.0697135 0.0546179 0.0294188 0.0215738 0.0213955 0.0102223 0.00600262
 0 0 0 0 0.00359764 0.0251062 0.0480494 0.140153 0.205849 0.193036 0.1447 0.116669 0.0760912 0.0342217 0.00950174 0.001854 0.000860785 0 0 0 0.000165536 0 0.000143464 0 0 0
 0 0 0 0 0 0 0 0.000145254 0.000435761 0.0275982 0.070085 0.0708112 0.156366 0.174668 0.174014 0.160142 0.0824315 0.0480064 0.0283245 0.00493863 0.00203355 0 0 0 0 0
 0 0 0 0 0 0 0 0 0 0 0 0 0 0 0 0 0 0 0 0 0 0 0 0 0 0
 0 0 1.00437e-05 0.000401748 0.00122533 0.00171747 0.00176769 0.0269171 0.070346 0.194647 0.189555 0.159765 0.064822 0.0314167 0.0384472 0.0292271 0.0345202 0.0313363 0.0194345 0.0106764 0.0143323 0.0359363 0.0279516 0.0138201 0.00172751 0
 0 0.0021121 0.0136068 0.0755702 0.200478 0.177729 0.0527432 0.0373336 0.0318909 0.0142505 0.0149659 0.0166563 0.0217959 0.0798694 0.0677717 0.0528807 0.04013 0.0224614 0.0357745 0.0225083 0.00881397 0.00855152 0.00135912 0.000746735 0 0
 0 0 0 0 5.4009e-05 0.00500934 0.000945158 0.0243581 0.138947 0.33067 0.221406 0.137944 0.0707744 0.0437923 0.0131692 0.00525238 0.0047753 0.00276346 9.45158e-05 9.00151e-06 2.25038e-05 9.00151e-06 4.50075e-06 0 0 0
 0.000866109 0.00284123 0.00948549 0.0512746 0.133035 0.25785 0.225252 0.132002 0.0553304 0.0519788 0.0540692 0.017754 0.00435017 0.00159236 0.00146478 0.000404838 0.000125132 0.000115318 0.000107957 0.000100596 0 0 0 0 0 0
 0 0 0 0 0.00144013 0.00171154 0.00461396 0.0210425 0.0478622 0.0707936 0.0888783 0.103762 0.0637923 0.0337046 0.0602308 0.124433 0.169614 0.0934646 0.0462172 0.0250306 0.0313229 0.00938855 0.002487 0.000210481 0 0
 0 0.00764035 0.051015 0.0998891 0.058973 0.0496711 0.0374665 0.0718981 0.12319 0.153886 0.159021 0.0857701 0.0377988 0.023471 0.0147837 0.00900784 0.00315554 0.000888139 0.00291439 0.00214683 0.00393193 0.00274676 0.000635225 9.99891e-05 0 0
 0 0 0 0 0 0 0 0 0 0 0 0 0 0 0 0 0 0 0 0 0 0 0 0 0 0
 0 0 0 0 0 0 0 0 0 0 0 0 0 0 0 0 0 0 0 0 0 0 0 0 0 0
 0 0 0 0 0 0 0 0 0 0 0 0 0 0 0 0 0 0 0 0 0 0 0 0 0 0
 0 0 0 0 0 0 0 0 0 0 0 0 0 0 0 0 0 0 0 0 0 0 0 0 0 0
 0 0 0 0 0 0 0 0 0 0 0 0 0 0 0 0 0 0 0 0 0 0 0 0 0 0
 0 0 0 0 0 0 0 0 0 0 0 0 0 0 0 0 0 0 0 0 0 0 0 0 0 0
 0 0 0 0 0 0 0 0 0 0 0 0 0 0 0 0 0 0 0 0 0 0 0 0 0 0
 0 0 0 0 0 0 0 0 0 0 0 0 0 0 0 0 0 0 0 0 0 0 0 0 0 0
 0 0 0 0 0 0 0 0 0 0 0 0 0 0 0 0 0 0 0 0 0 0 0 0 0 0
ppred_pel_tallas
 1.28604e-16 6.02942e-06 5.86081e-05 0.000389473 0.0017705 0.00550884 0.0117381 0.0171377 0.0171641 0.0118677 0.00594635 0.0030445 0.00362633 0.0072539 0.0140509 0.0242136 0.0372068 0.0516671 0.0660823 0.0796052 0.0921326 0.103453 0.11231 0.116436 0.113725 0.103605
 1.05023e-16 7.71779e-05 0.000750197 0.00498532 0.0226626 0.0705116 0.150233 0.219269 0.21927 0.150236 0.0705233 0.0226968 0.00507314 0.000948582 0.000474239 0.000717076 0.00116079 0.00175917 0.00253853 0.00355532 0.00486741 0.0064731 0.00824991 0.00994267 0.0112238 0.0118024
 1.04167e-16 1.93806e-05 0.000188386 0.00125189 0.00569097 0.0177071 0.0377295 0.0550821 0.0551528 0.038075 0.0188668 0.00903837 0.00964666 0.0184889 0.0347013 0.0571447 0.0818683 0.102017 0.110637 0.104563 0.0863907 0.062872 0.04106 0.0251271 0.0156681 0.0110114
 1.0038e-16 8.09296e-05 0.000786665 0.00522766 0.0237642 0.0739393 0.157535 0.229928 0.229928 0.157538 0.0739495 0.023794 0.00530329 0.000954165 0.000406065 0.000561449 0.000843176 0.00114767 0.00142665 0.00165405 0.0018273 0.00195054 0.00201327 0.00198786 0.00184989 0.00160234
 1.00437e-16 4.06945e-05 0.000395565 0.00262867 0.0119496 0.0371799 0.0792175 0.11563 0.115679 0.0794532 0.0379711 0.0142335 0.00835614 0.0128804 0.0236978 0.0389717 0.0558054 0.0694813 0.0752246 0.0708413 0.0580687 0.0414954 0.025946 0.0143254 0.00714215 0.00338483
 1.00023e-16 8.21976e-05 0.00079899 0.00530957 0.0241365 0.0750977 0.160004 0.23353 0.23353 0.160004 0.0750999 0.0241427 0.00532517 0.00083318 0.000147499 0.000114687 0.000159364 0.00020459 0.000233661 0.000240501 0.000228058 0.000204999 0.000179497 0.000155127 0.000131362 0.000106777
 1.00298e-16 6.6839e-06 6.497e-05 0.000431752 0.00196274 0.00610728 0.0130155 0.019015 0.0191032 0.0134465 0.00755402 0.00613867 0.0109036 0.0228908 0.0432562 0.0712359 0.101996 0.126954 0.137374 0.129234 0.105709 0.075198 0.0465472 0.0251032 0.0118336 0.00491713
 1.19949e-16 1.73176e-05 0.000168333 0.00111864 0.00508516 0.0158219 0.0337106 0.0492038 0.0492147 0.0337643 0.0160051 0.00562758 0.00252967 0.00341189 0.00665402 0.0122107 0.020456 0.0316619 0.0458633 0.0626647 0.0808072 0.097773 0.110014 0.11411 0.108353 0.0937527
 1.00764e-16 8.1372e-05 0.000790965 0.00525624 0.0238941 0.0743434 0.158397 0.231184 0.231185 0.158398 0.0743494 0.0239114 0.00529975 0.000886666 0.000265366 0.000316179 0.000463404 0.000618839 0.00075731 0.000877751 0.00100238 0.00116022 0.00136131 0.0015808 0.00176486 0.00185434
 1.00479e-16 4.40825e-05 0.000428498 0.00284752 0.0129444 0.0402752 0.0858122 0.125255 0.125299 0.0860291 0.0410032 0.0150459 0.00811737 0.0119156 0.0218101 0.0358555 0.051339 0.0639129 0.0691818 0.0651266 0.0533478 0.0380727 0.0237488 0.0130573 0.00647137 0.0030591
 1.00201e-16 8.06472e-05 0.000783919 0.00520942 0.0236813 0.0736812 0.156986 0.229125 0.229127 0.156992 0.0737039 0.0237469 0.00537449 0.00114533 0.000770152 0.00115362 0.00167249 0.002141 0.00242822 0.00247201 0.00230627 0.00202844 0.00173248 0.00146285 0.00121699 0.000977991
 1.00033e-16 7.93644e-05 0.00077145 0.00512656 0.0233046 0.0725092 0.154489 0.225482 0.225485 0.154506 0.072566 0.0234685 0.0055377 0.00166771 0.00177779 0.00280363 0.00400802 0.00499158 0.0054072 0.00509714 0.00418549 0.00300057 0.0018874 0.0010535 0.000535143 0.000260424
 1.00125e-16 7.02986e-05 0.000683328 0.00454095 0.0206425 0.0642266 0.136842 0.199728 0.199742 0.13691 0.0644531 0.0212963 0.00618053 0.00425785 0.00684515 0.0111688 0.0159968 0.019936 0.0216191 0.0204167 0.016819 0.0121263 0.00770451 0.00437417 0.00227952 0.00114074
 1.00118e-16 7.87203e-05 0.00076519 0.00508495 0.0231155 0.0719208 0.153235 0.223652 0.223656 0.153254 0.0719852 0.0233013 0.00555126 0.00178246 0.00200866 0.00319073 0.00457584 0.00572646 0.00625493 0.00598279 0.00504301 0.00379139 0.00259799 0.00167992 0.00107074 0.000695258
 1.00051e-16 7.80021e-05 0.000758208 0.00503856 0.0229046 0.0712646 0.151837 0.221612 0.221617 0.151861 0.0713465 0.023141 0.00563146 0.00205081 0.00252787 0.00404243 0.00578469 0.00720883 0.00781725 0.0073824 0.00608172 0.00438571 0.00278842 0.00158646 0.00083161 0.000422065
 1.0001e-16 8.16639e-05 0.000793803 0.0052751 0.0239798 0.0746101 0.158965 0.232014 0.232015 0.158969 0.0746233 0.0240177 0.00537021 0.00100117 0.000474734 0.000653561 0.000928772 0.00115767 0.00125633 0.00118805 0.000981105 0.000710644 0.000455516 0.000262973 0.000141221 7.41106e-05
 1.00326e-16 1.6146e-05 0.000156945 0.00104296 0.00474117 0.014752 0.0314335 0.0458942 0.0459711 0.0318093 0.0160134 0.00838221 0.0101737 0.0200603 0.0377304 0.0621252 0.0889633 0.11076 0.119902 0.112882 0.0924605 0.0659448 0.0410268 0.0223505 0.0107533 0.0046548
 1.00176e-16 8.16746e-05 0.000793906 0.00527578 0.023983 0.0746199 0.158986 0.232044 0.232044 0.158987 0.0746239 0.0239947 0.0053057 0.000860583 0.00021228 0.00023197 0.000350053 0.000489297 0.000630369 0.000762845 0.000881175 0.000977676 0.00103642 0.0010366 0.000964893 0.000826822
 1.00298e-16 4.52954e-05 0.000440288 0.00292587 0.0133006 0.0413833 0.0881731 0.1287 0.128743 0.0883835 0.0420893 0.0153383 0.0080359 0.011579 0.021151 0.0347677 0.0497804 0.0619707 0.0670756 0.0631361 0.0517025 0.0368722 0.0229562 0.0125535 0.00612473 0.00277126
 1.00709e-16 7.63481e-05 0.00074213 0.00493172 0.0224189 0.0697535 0.148617 0.216912 0.216917 0.148641 0.0698322 0.0226467 0.00550471 0.00199685 0.00247052 0.00399246 0.00581071 0.0074443 0.00845211 0.00861903 0.0080613 0.00711401 0.0060993 0.00516802 0.00430998 0.00346769
 1.00447e-16 6.77087e-05 0.000658152 0.00437365 0.019882 0.0618604 0.131801 0.19237 0.192387 0.131881 0.0621289 0.0206571 0.00631781 0.00489735 0.00810428 0.013253 0.0189962 0.0237018 0.0257572 0.0244221 0.0202769 0.0148537 0.00975269 0.00592206 0.00350955 0.00216881
 1.00231e-16 7.75634e-05 0.000753944 0.00501022 0.0227758 0.0708639 0.150983 0.220365 0.22037 0.151007 0.0709456 0.0230119 0.00560293 0.00204743 0.00253295 0.00406151 0.00583537 0.00732062 0.0080296 0.00773639 0.00660571 0.00507983 0.00361569 0.0024769 0.00169965 0.00119032
 1.01376e-16 1.05579e-05 0.000102626 0.000681991 0.00310028 0.00964656 0.020556 0.030019 0.0300999 0.0209511 0.0109726 0.00692833 0.0102835 0.0210383 0.0396988 0.0654232 0.0937959 0.117006 0.127097 0.120393 0.0997426 0.0727049 0.0471954 0.0279359 0.0157181 0.00889885
 1.0173e-16 7.68351e-05 0.000746864 0.00496317 0.0225619 0.0701984 0.149565 0.218295 0.218296 0.149571 0.07022 0.0226255 0.00512661 0.00111612 0.000814535 0.00131966 0.00211322 0.00311286 0.00427407 0.00554906 0.0068614 0.00806305 0.0089247 0.00920278 0.00875794 0.00764371
 1.00903e-16 6.41839e-05 0.00062389 0.00414597 0.018847 0.0586401 0.12494 0.182357 0.182378 0.125039 0.0589732 0.0198085 0.00655732 0.00588101 0.0100283 0.0164248 0.0235326 0.0293396 0.0318476 0.0301475 0.0249786 0.0182669 0.0120184 0.00741259 0.00461027 0.00313841
 1.03494e-16 3.03067e-05 0.000294592 0.00195767 0.0088993 0.0276893 0.0589969 0.0861185 0.08617 0.0592486 0.0285345 0.0113408 0.00808718 0.0136783 0.0254565 0.0420567 0.0606236 0.076313 0.0841804 0.0819009 0.0711124 0.0562423 0.0418232 0.0304094 0.0222923 0.0165431
 1.01588e-16 7.61754e-05 0.000740452 0.00492056 0.0223682 0.0695957 0.148281 0.216421 0.216425 0.148298 0.0696535 0.0225358 0.00534352 0.00167098 0.00186454 0.00301703 0.00446731 0.00588599 0.00698569 0.00762365 0.00785636 0.00784715 0.00770924 0.00742596 0.00690305 0.00608337
 1.00513e-16 7.09876e-05 0.000690024 0.00458546 0.0208448 0.064856 0.138183 0.201685 0.201698 0.138245 0.0650634 0.0214434 0.00608689 0.00396379 0.00627706 0.0102351 0.0146676 0.0182994 0.0198856 0.0188574 0.0156683 0.0115069 0.00761221 0.00471425 0.00291814 0.00194256
 1.02637e-16 2.10069e-05 0.000204195 0.00135695 0.00616853 0.0191929 0.040895 0.059701 0.0597657 0.0412114 0.0202554 0.00923658 0.00905571 0.0170024 0.0318991 0.0526364 0.0756647 0.0948094 0.103772 0.099619 0.0845213 0.0642945 0.0449661 0.0300412 0.0200266 0.0136827
 1.11675e-16 4.18807e-05 0.000407095 0.00270529 0.0122979 0.0382633 0.0815247 0.118991 0.119008 0.0816065 0.0385394 0.0131008 0.00474099 0.00491805 0.00880511 0.0150012 0.0227941 0.0311371 0.038903 0.0454382 0.050695 0.0547605 0.0572662 0.0573275 0.0541234 0.0476035
 1.0082e-16 8.00961e-05 0.000778562 0.00517382 0.0235194 0.0731777 0.155913 0.22756 0.227561 0.155921 0.0732053 0.0235991 0.00537388 0.00121603 0.000913191 0.00138915 0.00200885 0.00256098 0.00289279 0.00294238 0.00277295 0.00252726 0.00233396 0.00223842 0.00220012 0.00214082
 1.00876e-16 3.57451e-05 0.000347455 0.00230897 0.0104963 0.032658 0.0695834 0.10157 0.101624 0.0698445 0.0335345 0.0130261 0.0086536 0.0141787 0.0262477 0.0431889 0.0618663 0.077072 0.0835272 0.0788048 0.0648209 0.0466372 0.0295687 0.0168049 0.00889198 0.00470822
 1.06709e-16 4.24346e-05 0.00041248 0.00274107 0.0124605 0.0387695 0.0826035 0.120568 0.120594 0.082731 0.0391985 0.013703 0.00587248 0.00729043 0.0132276 0.0221187 0.0325942 0.0425073 0.0496255 0.0527995 0.052462 0.0499953 0.0465685 0.0424792 0.0374223 0.0312139
pSPR Fmed_Fpbrs
1   0.984512 0.6 0.325 0.984512 0.984512 0.984512
Fs Fmed_Fpbrs
0   0.01 0.378545 0.995726 0.01 0.01 0.01
SSBpbr Bo_Bmed_Bpbrs
251440  238868  234974 138292 69146 234974 234974 234974
Ro
47021
SPR SPRFo_SPRFmed_SPRFpbrs
338755 338755 333508
Fref
0
Nvult_r0
 9607.66 11440.2 10457.6 121.504 70.5105
CTP_r0
 4766.37 7897.95 7371.54 85.7428 49.7605
YTP_r0
355630
Np
 11138.6 4097.67 1507.45 554.559 279.062
Nvult_p0
 7040.95 2590.22 952.888 350.548 176.401
CTP_p0
 0 0 0 0 0
 0 0 0 0 0
 0 0 0 0 0
 0 0 0 0 0
 0 0 0 0 0
 0 0 0 0 0
YTP_p0
 0 0 0 0 0 0
CBA_c0
0
log_Ro
10.5783
likeval ReclasPelacesDesembMPH_pf_preclas_ppelaces_ptallas_desvR_qrecl_qpela
 21.3525 19.2623 0.34212 0.00173927 329.818 148.268 137.529 0 110.697 0.000108511 0.000172449 0.0457383 2062.91 0 0
q_reclas_q_pelaces
4.36303 6.4054
M
1
N
 5652 18965.4 38772.7 9748.3 0.0867401
 172938 1667.27 4231.38 8347.54 2094.54
 8863.62 36522.4 174.519 404.941 994.194
 104926 1861.93 3777.03 16.4867 131.475
 3889.16 10857.1 38.7358 64.0232 2.4778
 280745 405.763 230.136 0.669888 1.13686
 4224.8 71782.8 65.4886 35.0238 0.274021
 1357.61 783.568 5599.27 4.57344 2.44966
 58753.2 315.111 101.581 673.853 0.841592
 5285.85 11463.3 27.5684 8.02195 52.9735
 35600.9 600.461 294.624 0.586082 1.28223
 125282 8460.81 82.1215 37.5489 0.237126
 63463.2 19493 443.376 3.74512 1.70971
 74857 9776.26 998.646 19.7358 0.240852
 40395.2 7044.48 164.054 13.4465 0.265647
 266197 3667.09 108.964 2.02432 0.167047
 7617.87 45416.3 236.762 6.21416 0.124095
 512702 1451.27 3764.4 17.6459 0.469554
 104852 122428 200.631 485.326 2.32632
 257403 20330.3 10560.6 15.6059 37.7103
 169809 48441.4 1639.07 764.071 3.83303
 428398 34200.3 4554.07 139.807 65.1398
 11099.8 82031.5 2867.71 343.646 15.3715
 174372 2707.31 11898.3 389.238 48.5467
 144882 41947.6 380.596 1561.78 57.24
 24312.8 37187.1 6829.36 58.4645 247.883
 131616 6323.72 6238.93 1083.39 48.4376
 197792 29423.2 752.967 685.456 123.784
 23308.9 55365.9 5829.62 142.745 153.027
 16600.1 7037.77 13021.4 1328.01 67.2532
 173159 3599.48 782.03 1328.53 141.666
 37474.5 40962.4 487.144 98.5536 184.528
 11138.6 11911.6 10823 125.71 72.9498
pred_Ctot
 720.755 4911.92 10613.9 2676.58 0.0238199
 48688.9 831.34 2195.77 4341 1089.35
 2514.4 18313.7 91.0545 211.726 519.878
 52600.5 1352.4 2802.38 12.2461 97.6636
 1942.2 7869.5 28.6841 47.463 1.837
 55741.8 153.71 91.475 0.266959 0.453114
 1398.8 40239.5 38.0286 20.3762 0.159436
 328.728 348.171 2599.23 2.12802 1.13997
 18352.2 169.516 56.7054 376.909 0.470779
 2531.28 8118.09 19.9757 5.81962 38.4326
 8252.5 257.802 132.285 0.263782 0.577174
 48928.7 5298.54 52.9933 24.269 0.153275
 24985.1 12270.2 287.509 2.43237 1.11051
 39119 7260.6 756.492 14.9657 0.18265
 21420.3 5271.92 125.163 10.2692 0.202887
 95930.5 2178.43 66.8755 1.24457 0.102711
 2447.42 24926.2 134.729 3.54298 0.0707595
 117769 618.6 1678.37 7.88652 0.209886
 32998 66214.5 112.574 272.853 1.308
 83856.2 11268.1 6066.29 8.98153 21.7052
 50982.3 25325.1 890.207 415.827 2.08626
 136822 18692 2581.11 79.3921 36.9947
 2444.45 33808.2 1237.42 148.65 6.65011
 39480.2 1140.81 5246.05 172.037 21.4596
 28505.1 15771.4 150.174 617.844 22.6474
 4631.13 13611.7 2625.1 22.5321 95.5472
 33977.9 2952.97 3038.86 528.89 23.6492
 30566.3 9019.15 243.273 222.091 40.1128
 2684.02 13088.3 1458.48 35.8225 38.4091
 4495.81 3408.54 6570.08 671.532 34.0117
 40492.6 1556.16 353.501 601.975 64.1989
 3259.62 7494.91 94.6111 19.2028 35.9607
 4766.37 7897.95 7371.54 85.7428 49.7605
F
 0.220821 0.500089 0.535749 0.537767 0.537874
 0.555007 1.25691 1.34654 1.35161 1.35188
 0.56034 1.26899 1.35948 1.3646 1.36487
 1.26844 2.87261 3.07745 3.08904 3.08965
 1.26018 2.8539 3.05741 3.06893 3.06954
 0.363802 0.823893 0.882644 0.885969 0.886145
 0.68487 1.55101 1.66161 1.66787 1.6682
 0.460553 1.043 1.11738 1.12159 1.12181
 0.634199 1.43626 1.53867 1.54447 1.54478
 1.17509 2.6612 2.85097 2.86171 2.86227
 0.436927 0.989498 1.06006 1.06405 1.06426
 0.860512 1.94878 2.08775 2.09561 2.09603
 0.870503 1.97141 2.11199 2.11994 2.12036
 1.36334 3.08752 3.30768 3.32014 3.3208
 1.39931 3.16899 3.39496 3.40775 3.40843
 0.768365 1.7401 1.86418 1.87121 1.87158
 0.658056 1.49028 1.59655 1.60257 1.60289
 0.432172 0.978731 1.04852 1.05247 1.05268
 0.64044 1.45039 1.55381 1.55967 1.55998
 0.670287 1.51798 1.62623 1.63235 1.63268
 0.60244 1.36433 1.46162 1.46713 1.46742
 0.65295 1.47872 1.58417 1.59013 1.59045
 0.410968 0.930711 0.997079 1.00083 1.00103
 0.424772 0.961972 1.03057 1.03445 1.03466
 0.359958 0.81519 0.87332 0.87661 0.876783
 0.346695 0.785152 0.84114 0.844309 0.844476
 0.498102 1.12804 1.20848 1.21303 1.21327
 0.273254 0.618833 0.662961 0.665458 0.66559
 0.197542 0.447369 0.479271 0.481076 0.481172
 0.52862 1.19715 1.28252 1.28735 1.28761
 0.441558 0.999985 1.07129 1.07533 1.07554
 0.14615 0.330982 0.354584 0.355919 0.35599
 0.984526 2.22963 2.38862 2.39762 2.3981
YTP_r0W_actual
 35938.4 137819 177433 2685.47 1754.06
YTP_p0W_proyectada
 0 0 0 0 0
 0 0 0 0 0
 0 0 0 0 0
 0 0 0 0 0
 0 0 0 0 0
 0 0 0 0 0
CTP_r0_actual
 4766.37 7897.95 7371.54 85.7428 49.7605
CTP_p0_proyectada
 0 0 0 0 0
 0 0 0 0 0
 0 0 0 0 0
 0 0 0 0 0
 0 0 0 0 0
 0 0 0 0 0
Wmedp
 7.54 17.45 24.07 31.32 35.25
Frms_r0
 0.984526 2.22963 2.38862 2.39762 2.3981
Zrms_r0
 1.98453 3.22963 3.38862 3.39762 3.3981
nmprior
 7.29 8.9 8.7 0
nm_flota  nm_reclas  nm_pelaces    nm_pelaL
inf 15.501 4.59184 8.44855
cv_recla  cv_pelaces  cv_mph
0.400179 0.480778 1.1146
 ------------------------------------------------
Talla a la edad & desviaci?n 
 8 13.2811 15.8009 17.003 17.5766
 0.8 1.32811 1.58009 1.7003 1.75766
