years
 1991 1992 1993 1994 1995 1996 1997 1998 1999 2000 2001 2002 2003 2004 2005 2006 2007 2008 2009 2010 2011 2012 2013 2014 2015 2016 2017 2018 2019 2020 2021 2022 2023
reclasobs
 0 0 0 0 0 0 0 0 0 252601 567819 844713 477998 351125 339783 2.1784e+06 2.13404e+06 4.81314e+06 1.55562e+06 2.62356e+06 3.21686e+06 3.843e+06 1.13348e+06 3.07943e+06 1.97215e+06 2.03268e+06 2.025e+06 2.42433e+06 2.27542e+06 1.05018e+06 2.36338e+06 3.18982e+06 1.53035e+06
reclaspred
 5.68075e+06 1.64467e+06 1.09993e+06 799747 218762 2.94675e+06 1.36598e+06 559843 687492 239541 432098 833635 780822 598711 446763 1.78517e+06 953616 4.47642e+06 2.96713e+06 2.17233e+06 3.16414e+06 3.10013e+06 1.81875e+06 3.1949e+06 2.40214e+06 1.77248e+06 2.25412e+06 3.25157e+06 2.60639e+06 1.10669e+06 2.00661e+06 1.95563e+06 828835
pelacesobs
 0 0 0 0 0 0 0 0 0 0 0 0 0 0 0 552880 188675 0 991730 2.46772e+06 1.41603e+06 1.21717e+06 2.29649e+06 1.80582e+06 0 1.4828e+06 1.56532e+06 1.57751e+06 1.42118e+06 867257 1.10002e+06 1.06204e+06 0
pelacespred
 3.98812e+06 1.01004e+06 522440 296115 84247.5 1.75193e+06 647364 370634 356428 90371.6 242494 369027 385664 286576 208026 810165 410476 2.62938e+06 1.60388e+06 996062 1.62087e+06 1.53335e+06 965344 2.02604e+06 1.40521e+06 1.03677e+06 1.52971e+06 2.00477e+06 1.56968e+06 668280 992307 1.12556e+06 385497
mphobs
 0 0 0 0 0 0 0 0 0 0 0 0 498337 0 5186 125008 0 168611 109162 213762 579715 649985 157893 87575 83554 210694 70296 0 107559 103333 445601 22526 28222
mphpred
 914912 375129 72185.8 106786 37749.4 12360.7 285512 74041.2 34671.9 39154.2 9716 41983.9 61705.4 39073.3 23330.6 23871.7 155694 55389.3 378590 158478 186776 175916 215808 107388 258319 183661 116726 173571 348778 182085 56424.1 196960 75917
desembarqueobs
 494567 514787 250237 358949 120608 361735 552515 73892 212993 205616 52469 317467 293654 387597 252695 516296 358380 742168 942051 627588 828172 859565 418607 520667 417249 300574 415391 372974 316634 284311 391294 218835 356480
desembarquepred
 494512 514514 249851 358770 120547 361562 551958 73875 212840 205440 52457.3 317199 293350 386929 252392 515765 358159 741469 940558 626441 827749 858548 418266 520370 416857 300328 415048 372678 316350 283905 390881 218777 356243
Reclutas
 30089 23651.3 180655 36478.7 14653.7 276035 20733.2 6953.87 40487.9 24372.5 41812.8 109201 79218.7 69059 43866.2 258976 18402.2 467982 177966 220754 202285 398181 28542.7 172235 140676 40474.3 132674 176600 36053 31586.7 137973 23357.2 56852.5
log_desv_Rt
 -0.814158 -1.0549 0.978269 -0.62159 -1.53362 1.40221 -1.18658 -2.27902 -0.517315 -1.02486 -0.485115 0.474872 0.153895 0.0166427 -0.437175 1.33842 -1.30585 1.93011 0.963275 1.17873 1.09136 1.76859 -0.866917 0.93054 0.728143 -0.517652 0.669576 0.955571 -0.633329 -0.765583 0.708739 -1.06741 -0.177858
SSB
 1.45556e+06 596802 114842 169888 60056.4 19665 454227 117794 55160.4 62291.4 15457.4 66793.2 90564 59853 34553.8 36094.2 247697 88120.1 630711 264350 324528 329490 423306 198343 433455 335304 196848 276138 580276 278031 105736 368074 135400
BT
 1.8787e+06 910424 451014 372642 133378 1.24044e+06 722455 215763 374690 226218 166544 442888 448179 544771 355158 831152 437829 2.03898e+06 1.57033e+06 982113 1.45292e+06 1.47395e+06 719591 1.50742e+06 969789 684400 1.18407e+06 1.29246e+06 844860 553552 808974 605319 500976
Ftot
 0.352927 1.15646 1.16327 1.73214 2.03724 0.741721 1.49376 0.563948 1.59336 3.06507 0.703264 1.88272 1.77314 2.91676 2.71214 1.62529 1.45362 0.963849 1.37468 1.41463 1.25917 1.39179 0.947634 0.879592 0.814072 0.747668 0.966927 0.624501 0.515068 1.06886 1.07457 0.487496 1.89498
BD_Bspro_t
 0.94554 0.595972 0.221116 0.298262 0.109599 0.0525885 0.452977 0.16227 0.117268 0.146128 0.0580435 0.2732 0.216494 0.132073 0.0772795 0.083355 0.268064 0.117742 0.39622 0.205883 0.205682 0.208721 0.266718 0.164517 0.328107 0.326589 0.269091 0.370055 0.523876 0.352461 0.207707 0.416496 0.284345
BD_Bspro
 2.97469 1.21967 0.234701 0.347197 0.122736 0.040189 0.928296 0.240733 0.11273 0.127304 0.0315901 0.136504 0.185084 0.122321 0.070617 0.0737651 0.506214 0.18009 1.28897 0.540247 0.663233 0.673372 0.865103 0.405349 0.885844 0.685255 0.402295 0.564339 1.1859 0.568207 0.21609 0.752225 0.276714
BD_Bo
 5.29038 2.16914 0.417407 0.617477 0.218282 0.0714747 1.65094 0.428135 0.200487 0.226405 0.0561818 0.242767 0.329165 0.217543 0.12559 0.131188 0.900283 0.320283 2.29239 0.960809 1.17954 1.19757 1.53855 0.720899 1.57544 1.2187 0.715467 1.00366 2.10908 1.01053 0.384308 1.3378 0.492126
BD_Brms
 5.66623 2.32325 0.447061 0.661345 0.233789 0.0765525 1.76823 0.458552 0.21473 0.24249 0.0601731 0.260014 0.35255 0.232998 0.134512 0.140508 0.964242 0.343037 2.45525 1.02907 1.26333 1.28265 1.64786 0.772114 1.68737 1.30528 0.766297 1.07496 2.25891 1.08233 0.411611 1.43285 0.527089
Sel_flota
 0.484787 0.947028 0.997065 0.999845 0.999992
 0.484787 0.947028 0.997065 0.999845 0.999992
 0.484787 0.947028 0.997065 0.999845 0.999992
 0.484787 0.947028 0.997065 0.999845 0.999992
 0.484787 0.947028 0.997065 0.999845 0.999992
 0.484787 0.947028 0.997065 0.999845 0.999992
 0.484787 0.947028 0.997065 0.999845 0.999992
 0.484787 0.947028 0.997065 0.999845 0.999992
 0.484787 0.947028 0.997065 0.999845 0.999992
 0.484787 0.947028 0.997065 0.999845 0.999992
 0.484787 0.947028 0.997065 0.999845 0.999992
 0.484787 0.947028 0.997065 0.999845 0.999992
 0.484787 0.947028 0.997065 0.999845 0.999992
 0.484787 0.947028 0.997065 0.999845 0.999992
 0.484787 0.947028 0.997065 0.999845 0.999992
 0.484787 0.947028 0.997065 0.999845 0.999992
 0.484787 0.947028 0.997065 0.999845 0.999992
 0.484787 0.947028 0.997065 0.999845 0.999992
 0.484787 0.947028 0.997065 0.999845 0.999992
 0.484787 0.947028 0.997065 0.999845 0.999992
 0.484787 0.947028 0.997065 0.999845 0.999992
 0.484787 0.947028 0.997065 0.999845 0.999992
 0.484787 0.947028 0.997065 0.999845 0.999992
 0.484787 0.947028 0.997065 0.999845 0.999992
 0.484787 0.947028 0.997065 0.999845 0.999992
 0.484787 0.947028 0.997065 0.999845 0.999992
 0.484787 0.947028 0.997065 0.999845 0.999992
 0.484787 0.947028 0.997065 0.999845 0.999992
 0.484787 0.947028 0.997065 0.999845 0.999992
 0.484787 0.947028 0.997065 0.999845 0.999992
 0.484787 0.947028 0.997065 0.999845 0.999992
 0.484787 0.947028 0.997065 0.999845 0.999992
 0.484787 0.947028 0.997065 0.999845 0.999992
Sel_reclas
 0.755864 1 1 1 1
 0.755864 1 1 1 1
 0.755864 1 1 1 1
 0.755864 1 1 1 1
 0.755864 1 1 1 1
 0.755864 1 1 1 1
 0.755864 1 1 1 1
 0.755864 1 1 1 1
 0.755864 1 1 1 1
 0.755864 1 1 1 1
 0.755864 1 1 1 1
 0.755864 1 1 1 1
 0.755864 1 1 1 1
 0.755864 1 1 1 1
 0.755864 1 1 1 1
 0.755864 1 1 1 1
 0.755864 1 1 1 1
 0.755864 1 1 1 1
 0.755864 1 1 1 1
 0.755864 1 1 1 1
 0.755864 1 1 1 1
 0.755864 1 1 1 1
 0.755864 1 1 1 1
 0.755864 1 1 1 1
 0.755864 1 1 1 1
 0.755864 1 1 1 1
 0.755864 1 1 1 1
 0.755864 1 1 1 1
 0.755864 1 1 1 1
 0.755864 1 1 1 1
 0.755864 1 1 1 1
 0.755864 1 1 1 1
 0.755864 1 1 1 1
Sel_pelaces
 0.66301 1 1 1 1
 0.66301 1 1 1 1
 0.66301 1 1 1 1
 0.66301 1 1 1 1
 0.66301 1 1 1 1
 0.66301 1 1 1 1
 0.66301 1 1 1 1
 0.66301 1 1 1 1
 0.66301 1 1 1 1
 0.66301 1 1 1 1
 0.66301 1 1 1 1
 0.66301 1 1 1 1
 0.66301 1 1 1 1
 0.66301 1 1 1 1
 0.66301 1 1 1 1
 0.66301 1 1 1 1
 0.66301 1 1 1 1
 0.66301 1 1 1 1
 0.66301 1 1 1 1
 0.66301 1 1 1 1
 0.66301 1 1 1 1
 0.66301 1 1 1 1
 0.66301 1 1 1 1
 0.66301 1 1 1 1
 0.66301 1 1 1 1
 0.66301 1 1 1 1
 0.66301 1 1 1 1
 0.66301 1 1 1 1
 0.66301 1 1 1 1
 0.66301 1 1 1 1
 0.66301 1 1 1 1
 0.66301 1 1 1 1
 0.66301 1 1 1 1
pf_obs 
 0.8446 0.082 0.0669 0.0065 0
 0.8095 0.147 0.0364 0.0071 0
 0.9664 0.0169 0.016 0.0007 0
 0.9276 0.0648 0.0075 0.0001 0
 0.7033 0.2144 0.0806 0.0017 0
 0.9318 0.0425 0.0243 0.0014 0
 0.5671 0.3108 0.0964 0.0239 0.0018
 0.0768 0.2599 0.5324 0.112 0.0189
 0.490249 0.384438 0.106611 0.0170017 0.00170017
 0.7925 0.1577 0.0466 0.003 0.0002
 0.840416 0.127587 0.0312969 0.00059994 9.999e-05
 0.8084 0.0986 0.0794 0.0134 0.0002
 0.7335 0.1905 0.0724 0.0035 0.0001
 0.4001 0.4547 0.1325 0.0127 0
 0.49795 0.308269 0.164784 0.0264974 0.00249975
 0.9179 0.0499 0.0305 0.0017 0
 0.2467 0.6533 0.0926 0.0074 0
 0.9418 0.0223 0.034 0.0019 0
 0.707729 0.231977 0.0356964 0.0245975 0
 0.517169 0.277429 0.184464 0.0207286 0.00020938
 0.811772 0.124168 0.05621 0.00726502 0.000585176
 0.764997 0.148141 0.077277 0.00933861 0.000247198
 0.163321 0.427699 0.378323 0.0303852 0.000271297
 0.753843 0.0900009 0.118128 0.0371064 0.000921714
 0.721811 0.176058 0.0630433 0.0369309 0.00215725
 0.143369 0.312575 0.442814 0.0836902 0.0175525
 0.692698 0.0596174 0.167031 0.0765114 0.00414204
 0.394062 0.376323 0.152708 0.0712218 0.00568511
 0.125707 0.32114 0.495352 0.0537591 0.00404204
 0.23352 0.215282 0.420074 0.123614 0.00750983
 0.796117 0.104755 0.0508955 0.0450114 0.00322123
 0.162477 0.292055 0.404252 0.121198 0.0200186
 0 0 0 0 0
pf_pred 
 0.14601 0.199299 0.580757 0.073933 1.10642e-06
 0.299248 0.190644 0.124693 0.342017 0.0433979
 0.925247 0.0410507 0.00979533 0.00586556 0.0180418
 0.384233 0.598527 0.00986013 0.00215273 0.00522757
 0.538858 0.309824 0.147525 0.00217497 0.00161767
 0.984882 0.012297 0.00196991 0.00082973 2.11841e-05
 0.158264 0.83635 0.00444056 0.000660856 0.000284313
 0.275841 0.259022 0.462447 0.00222037 0.000469954
 0.864925 0.0634993 0.026725 0.0445919 0.000258452
 0.717854 0.269478 0.00630121 0.0023856 0.00398032
 0.917433 0.0768811 0.00546945 0.000108205 0.000108276
 0.86677 0.128305 0.00460796 0.000304886 1.20184e-05
 0.758698 0.231024 0.00993904 0.000317546 2.16981e-05
 0.791774 0.190191 0.0173453 0.000666501 2.26078e-05
 0.831766 0.160064 0.00755966 0.000586526 2.30943e-05
 0.974131 0.0247999 0.0010239 4.15334e-05 3.32121e-06
 0.213276 0.780142 0.00633631 0.00023519 1.02427e-05
 0.97394 0.0115589 0.0143908 0.000105825 4.0767e-06
 0.509943 0.485124 0.00228788 0.00262581 1.99639e-05
 0.759245 0.180528 0.0596782 0.000255519 0.000293924
 0.73725 0.237486 0.0193971 0.00581315 5.32245e-05
 0.848028 0.134774 0.0156793 0.00116778 0.000351395
 0.178034 0.774246 0.0427696 0.00451584 0.00043519
 0.844371 0.0546499 0.0955472 0.00487016 0.000561283
 0.651423 0.325143 0.0086514 0.0139913 0.00079194
 0.356104 0.526229 0.110314 0.00272153 0.00463122
 0.814059 0.105494 0.0666106 0.0129746 0.000861208
 0.752316 0.227542 0.0118292 0.00688862 0.0014245
 0.269028 0.637707 0.0861568 0.00418088 0.00292704
 0.455693 0.24373 0.26438 0.0334474 0.00274932
 0.894451 0.073303 0.0151238 0.0150688 0.00205347
 0.293082 0.676685 0.0215459 0.00408439 0.00460255
 0.730068 0.128571 0.135687 0.00404721 0.00162581
pobs_RECLAS
 0 0 0 0 0
 0 0 0 0 0
 0 0 0 0 0
 0 0 0 0 0
 0 0 0 0 0
 0 0 0 0 0
 0 0 0 0 0
 0 0 0 0 0
 0 0 0 0 0
 0 0 0 0 0
 0.991045 0.00858322 0.000360255 1.14367e-05 0
 0.934742 0.0480273 0.0164251 0.00080598 0
 0.827803 0.169806 0.00239088 0 0
 0.941827 0.0461693 0.0120037 0 0
 0.791401 0.0380133 0.147996 0.0225897 0
 0.846168 0.0940531 0.0597789 0 0
 0.134021 0.677848 0.182769 0.00536245 0
 0.80878 0.0450904 0.141981 0.00414843 0
 0.846168 0.0940531 0.0597789 0 0
 0.905697 0.0802665 0.012482 0.00150086 5.37128e-05
 0.989698 0.0102097 9.19794e-05 0 0
 0.975433 0.0193895 0.00387452 0.00125025 5.28907e-05
 0.303575 0.632131 0.0575291 0.00676475 0
 0.966965 0.00978017 0.0227588 0.000495775 0
 0.843318 0.132988 0.00938335 0.0141283 0.000182051
 0.564624 0.303363 0.111486 0.0197234 0.00080311
 0.826376 0.0876187 0.0782897 0.00655872 0.00115652
 0.89761 0.0855135 0.0140674 0.00269457 0.000114338
 0.34875 0.467042 0.161289 0.0227151 0.000203297
 0.318654 0.224769 0.449479 0.00709798 0
 0.937255 0.0296025 0.0250945 0.00804832 0
 0.456809 0.399803 0.12412 0.0192676 0
 0.883104 0.0372192 0.0704036 0.00927362 0
ppred_RECLAS
 0.210986 0.191829 0.529918 0.0672662 1.0065e-06
 0.41626 0.166263 0.102308 0.279686 0.0354826
 0.953093 0.0264947 0.00594724 0.00354945 0.0109158
 0.514503 0.472806 0.00727055 0.00158139 0.0038394
 0.677993 0.221517 0.0979822 0.00143874 0.00106986
 0.990233 0.0080281 0.00121532 0.000510329 1.30272e-05
 0.236877 0.758551 0.00377245 0.000559425 0.000240631
 0.374971 0.231524 0.391236 0.00187287 0.000396342
 0.917185 0.0403603 0.0158883 0.0264138 0.000153064
 0.8391 0.154305 0.00328917 0.00123893 0.00206657
 0.944838 0.0515582 0.00346747 6.83897e-05 6.84239e-05
 0.918418 0.0787667 0.0026344 0.000173627 6.84288e-06
 0.843037 0.150709 0.00604843 0.00019251 1.31517e-05
 0.884264 0.106504 0.00888045 0.000339556 1.15148e-05
 0.905626 0.0901522 0.00390812 0.000301792 1.188e-05
 0.984429 0.014968 0.00057776 2.33502e-05 1.86683e-06
 0.308285 0.68629 0.00522396 0.000193217 8.41318e-06
 0.983744 0.00744723 0.00874209 6.40814e-05 2.46818e-06
 0.629196 0.367306 0.00162518 0.00185875 1.41294e-05
 0.839803 0.122025 0.0378252 0.000161386 0.000185608
 0.819706 0.163922 0.01258 0.00375735 3.43956e-05
 0.901714 0.0877824 0.00957901 0.000710952 0.000213892
 0.253858 0.705168 0.0367349 0.00386632 0.000372533
 0.897619 0.0373185 0.0615736 0.00312862 0.000360512
 0.74394 0.239772 0.00602478 0.0097132 0.0005497
 0.462597 0.443675 0.0878887 0.00216162 0.00367783
 0.87564 0.0723622 0.0430789 0.00836422 0.000555094
 0.8233 0.163062 0.00801942 0.004656 0.000962662
 0.3597 0.562433 0.0719496 0.00348114 0.00243677
 0.57787 0.195344 0.199554 0.0251639 0.00206807
 0.931812 0.0482395 0.0093725 0.00930794 0.0012682
 0.386074 0.589024 0.0177621 0.0033572 0.00378252
 0.829079 0.0844663 0.082998 0.00246598 0.000990403
pobs_PELACES
 0 0 0 0 0
 0 0 0 0 0
 0 0 0 0 0
 0 0 0 0 0
 0 0 0 0 0
 0 0 0 0 0
 0 0 0 0 0
 0 0 0 0 0
 0 0 0 0 0
 0 0 0 0 0
 0 0 0 0 0
 0 0 0 0 0
 0 0 0 0 0
 0 0 0 0 0
 0 0 0 0 0
 0 0 0 0 0
 0.505614 0.472636 0.0217494 0 0
 0 0 0 0 0
 0.443492 0.261883 0.143347 0.151278 0
 0.227955 0.32914 0.350689 0.0885471 0.00366901
 0.970185 0.0296113 0.000203453 0 0
 0.997202 0.00247181 0.000326279 0 0
 0.445219 0.490057 0.0546422 0.010081 0
 0.90214 0.0892962 0.00764917 0.000914606 0
 0 0 0 0 0
 0.581667 0.319106 0.0959925 0.00289975 0.000334073
 0.762889 0.0836404 0.116647 0.0363945 0.000428098
 0.88444 0.0763242 0.0277011 0.0115352 0
 0.521256 0.241999 0.230069 0.00667565 0
 0.616807 0.101726 0.260614 0.0208532 0
 0.833518 0.0704572 0.0857862 0.0102388 0
 0.697417 0.212968 0.0787535 0.0105354 0.000325836
 0 0 0 0 0
ppred_PELACES
 0.199122 0.195579 0.537137 0.0681606 1.01986e-06
 0.430793 0.164441 0.0992731 0.271101 0.0343916
 0.955492 0.0253578 0.00558375 0.00332896 0.0102371
 0.547836 0.440677 0.00658542 0.00143009 0.00347178
 0.718016 0.19601 0.083832 0.00122866 0.000913555
 0.99008 0.00817207 0.00122206 0.000512808 1.30901e-05
 0.254843 0.740801 0.00359442 0.000532294 0.000228944
 0.365831 0.236289 0.395587 0.00189272 0.000400531
 0.926255 0.0364415 0.0139731 0.023196 0.000134407
 0.879754 0.115558 0.00234167 0.000879559 0.00146691
 0.943624 0.052732 0.00350547 6.90946e-05 6.91268e-05
 0.929447 0.0681908 0.00221087 0.000145462 5.73232e-06
 0.860752 0.133854 0.00521696 0.000165776 1.13244e-05
 0.913019 0.0803454 0.00638429 0.00024346 8.25486e-06
 0.927302 0.0695827 0.00288432 0.000222179 8.7449e-06
 0.986136 0.0133404 0.0005013 2.02299e-05 1.61724e-06
 0.327988 0.666866 0.00495572 0.000183052 7.96998e-06
 0.984132 0.00733225 0.00847122 6.20409e-05 2.38948e-06
 0.647395 0.349354 0.00151106 0.00172605 1.31198e-05
 0.851574 0.113685 0.0344263 0.000146693 0.000168699
 0.828815 0.155936 0.0117208 0.00349668 3.20075e-05
 0.908884 0.0815772 0.00869964 0.000644861 0.000193995
 0.256584 0.703195 0.0360634 0.00379234 0.000365388
 0.898747 0.0372497 0.0605739 0.00307534 0.000354357
 0.742793 0.241058 0.00597622 0.00962772 0.000544841
 0.458902 0.447687 0.0875954 0.00215293 0.00366291
 0.878137 0.0713865 0.0418249 0.00811354 0.000538433
 0.81815 0.16795 0.00817507 0.00474365 0.000980756
 0.347933 0.573361 0.0727265 0.00351707 0.00246186
 0.587954 0.192499 0.193208 0.0243397 0.00200023
 0.934197 0.0468003 0.00893296 0.0088627 0.00120748
 0.3728 0.601959 0.0180066 0.00340189 0.00383278
 0.852311 0.0741434 0.0706102 0.00209427 0.00084104
pobs_pel_tallas
 0 0 0 0 0 0 0 0 0 0 0 0 0 0 0 0 0 0 0 0 0 0 0 0 0 0
 0 0 0 0 0 0 0 0 0 0 0 0 0 0 0 0 0 0 0 0 0 0 0 0 0 0
 0 0 0 0 0 0 0 0 0 0 0 0 0 0 0 0 0 0 0 0 0 0 0 0 0 0
 0 0 0 0 0 0 0 0 0 0 0 0 0 0 0 0 0 0 0 0 0 0 0 0 0 0
 0 0 0 0 0 0 0 0 0 0 0 0 0 0 0 0 0 0 0 0 0 0 0 0 0 0
 0 0 0 0 0 0 0 0 0 0 0 0 0 0 0 0 0 0 0 0 0 0 0 0 0 0
 0 0 0 0 0 0 0 0 0 0 0 0 0 0 0 0 0 0 0 0 0 0 0 0 0 0
 0 0 0 0 0 0 0 0 0 0 0 0 0 0 0 0 0 0 0 0 0 0 0 0 0 0
 0 0 0 0 0 0 0 0 0 0 0 0 0 0 0 0 0 0 0 0 0 0 0 0 0 0
 0 0 0 0 0 0 0 0 0 0 0 0 0 0 0 0 0 0 0 0 0 0 0 0 0 0
 0 0 0 0 0 0 0 0 0 0 0 0 0 0 0 0 0 0 0 0 0 0 0 0 0 0
 0 0 0 0 0 0 0 0 0 0 0 0 0 0 0 0 0 0 0 0 0 0 0 0 0 0
 0.00862536 0 0 0.000197151 0.00414017 0.0128641 0.00837892 0.0270097 0.101434 0.158115 0.152841 0.127902 0.109271 0.109419 0.0830992 0.0579132 0.0238553 0.00714673 0.00463305 0.00128148 0.00103504 0.000492878 0.000147863 0.000147863 4.92878e-05 0
 0 0 0 0 0 0 0 0 0 0 0 0 0 0 0 0 0 0 0 0 0 0 0 0 0 0
 0 0 0 0 0 0 0 0.0054083 0.00873648 0.0413646 0.0450493 0.0745869 0.0622846 0.0627006 0.0613931 0.0827291 0.12552 0.122667 0.0946155 0.0697135 0.0546179 0.0294188 0.0215738 0.0213955 0.0102223 0.00600262
 0 0 0 0 0.00359764 0.0251062 0.0480494 0.140153 0.205849 0.193036 0.1447 0.116669 0.0760912 0.0342217 0.00950174 0.001854 0.000860785 0 0 0 0.000165536 0 0.000143464 0 0 0
 0 0 0 0 0 0 0 0.000145254 0.000435761 0.0275982 0.070085 0.0708112 0.156366 0.174668 0.174014 0.160142 0.0824315 0.0480064 0.0283245 0.00493863 0.00203355 0 0 0 0 0
 0 0 0 0 0 0 0 0 0 0 0 0 0 0 0 0 0 0 0 0 0 0 0 0 0 0
 0 0 1.00437e-05 0.000401748 0.00122533 0.00171747 0.00176769 0.0269171 0.070346 0.194647 0.189555 0.159765 0.064822 0.0314167 0.0384472 0.0292271 0.0345202 0.0313363 0.0194345 0.0106764 0.0143323 0.0359363 0.0279516 0.0138201 0.00172751 0
 0 0.0021121 0.0136068 0.0755702 0.200478 0.177729 0.0527432 0.0373336 0.0318909 0.0142505 0.0149659 0.0166563 0.0217959 0.0798694 0.0677717 0.0528807 0.04013 0.0224614 0.0357745 0.0225083 0.00881397 0.00855152 0.00135912 0.000746735 0 0
 0 0 0 0 5.4009e-05 0.00500934 0.000945158 0.0243581 0.138947 0.33067 0.221406 0.137944 0.0707744 0.0437923 0.0131692 0.00525238 0.0047753 0.00276346 9.45158e-05 9.00151e-06 2.25038e-05 9.00151e-06 4.50075e-06 0 0 0
 0.000866109 0.00284123 0.00948549 0.0512746 0.133035 0.25785 0.225252 0.132002 0.0553304 0.0519788 0.0540692 0.017754 0.00435017 0.00159236 0.00146478 0.000404838 0.000125132 0.000115318 0.000107957 0.000100596 0 0 0 0 0 0
 0 0 0 0 0.00144013 0.00171154 0.00461396 0.0210425 0.0478622 0.0707936 0.0888783 0.103762 0.0637923 0.0337046 0.0602308 0.124433 0.169614 0.0934646 0.0462172 0.0250306 0.0313229 0.00938855 0.002487 0.000210481 0 0
 0 0.00764035 0.051015 0.0998891 0.058973 0.0496711 0.0374665 0.0718981 0.12319 0.153886 0.159021 0.0857701 0.0377988 0.023471 0.0147837 0.00900784 0.00315554 0.000888139 0.00291439 0.00214683 0.00393193 0.00274676 0.000635225 9.99891e-05 0 0
 0 0 0 0 0 0 0 0 0 0 0 0 0 0 0 0 0 0 0 0 0 0 0 0 0 0
 0 0 0 0 0 0 0 0 0 0 0 0 0 0 0 0 0 0 0 0 0 0 0 0 0 0
 0 0 0 0 0 0 0 0 0 0 0 0 0 0 0 0 0 0 0 0 0 0 0 0 0 0
 0 0 0 0 0 0 0 0 0 0 0 0 0 0 0 0 0 0 0 0 0 0 0 0 0 0
 0 0 0 0 0 0 0 0 0 0 0 0 0 0 0 0 0 0 0 0 0 0 0 0 0 0
 0 0 0 0 0 0 0 0 0 0 0 0 0 0 0 0 0 0 0 0 0 0 0 0 0 0
 0 0 0 0 0 0 0 0 0 0 0 0 0 0 0 0 0 0 0 0 0 0 0 0 0 0
 0 0 0 0 0 0 0 0 0 0 0 0 0 0 0 0 0 0 0 0 0 0 0 0 0 0
 0 0 0 0 0 0 0 0 0 0 0 0 0 0 0 0 0 0 0 0 0 0 0 0 0 0
ppred_pel_tallas
 1.22387e-16 1.64015e-05 0.000159428 0.00105946 0.00481614 0.0149849 0.0319277 0.0466035 0.0466231 0.0320241 0.0153111 0.00576847 0.00348887 0.00559167 0.0107106 0.0186649 0.0291777 0.0414677 0.054587 0.0678618 0.0808181 0.0925495 0.101223 0.104464 0.100552 0.0895484
 1.35915e-16 3.54839e-05 0.000344916 0.00229209 0.0104195 0.032419 0.0690728 0.100817 0.100833 0.0691514 0.0326837 0.0111871 0.00423096 0.00461918 0.00828076 0.0139844 0.0210105 0.0283669 0.0351938 0.0414293 0.0479392 0.0558116 0.0652835 0.0751332 0.0830077 0.0864527
 1.02234e-16 7.87026e-05 0.000765018 0.00508381 0.0231103 0.0719046 0.153201 0.223601 0.223604 0.153213 0.0719449 0.0232265 0.00537602 0.00140411 0.00129617 0.00202865 0.00294094 0.00375841 0.00426638 0.00438423 0.00421749 0.00398935 0.00389861 0.0040107 0.00424653 0.00445064
 1.01034e-16 4.51246e-05 0.000438628 0.00291484 0.0132504 0.0412273 0.0878407 0.128215 0.128257 0.0880477 0.0419222 0.0152565 0.007946 0.011407 0.0208329 0.0342566 0.0490785 0.0611608 0.0663224 0.0626434 0.051644 0.037333 0.0239139 0.0139004 0.00770903 0.00443636
 1.02748e-16 5.91421e-05 0.000574882 0.00382029 0.0173665 0.0540338 0.115125 0.168033 0.168052 0.115218 0.0543455 0.0182679 0.00608696 0.0055362 0.0095199 0.0157438 0.0229021 0.0292693 0.033102 0.0335521 0.0311048 0.0271352 0.0229775 0.0192756 0.0160013 0.0128973
 1.00092e-16 8.15516e-05 0.00079271 0.00526784 0.0239468 0.0745075 0.158746 0.231695 0.231696 0.15875 0.0745204 0.0239842 0.00536157 0.000997365 0.000470325 0.000648716 0.000927157 0.00116698 0.00128821 0.00125598 0.00109657 0.000878708 0.000671859 0.000513679 0.000405664 0.000329876
 1.00386e-16 2.09912e-05 0.000204042 0.00135594 0.00616394 0.0191787 0.0408648 0.0596583 0.0597296 0.0412128 0.0203467 0.00953531 0.00981045 0.0186334 0.0349424 0.0575256 0.0823775 0.102564 0.111036 0.104548 0.0856577 0.0611302 0.0380866 0.0208236 0.0101115 0.00448179
 1.11734e-16 3.01331e-05 0.000292904 0.00194645 0.00884831 0.0275305 0.0586575 0.0856172 0.0856405 0.0587718 0.0279158 0.0099681 0.00478382 0.00657442 0.0122152 0.0208093 0.031508 0.042796 0.053006 0.0611365 0.0670791 0.0710087 0.0725885 0.0708731 0.0650545 0.0553476
 1.02762e-16 7.62944e-05 0.000741609 0.00492825 0.0224031 0.0697044 0.148513 0.216759 0.216763 0.14853 0.0697625 0.0225712 0.00535122 0.00166887 0.00184921 0.0029686 0.00434776 0.00564105 0.00656076 0.00699736 0.00708244 0.00708124 0.00719381 0.00742273 0.0075941 0.00748812
 1.00434e-16 7.24642e-05 0.000704378 0.00468084 0.0212784 0.0662051 0.141057 0.20588 0.205891 0.141112 0.0663874 0.0218046 0.00600045 0.00358147 0.00552592 0.00899289 0.0128823 0.0160631 0.0174379 0.0165054 0.013665 0.00996606 0.00650535 0.00393396 0.00235208 0.00151529
 1.00134e-16 7.77251e-05 0.000755516 0.00502067 0.0228232 0.0710116 0.151298 0.220825 0.22083 0.151323 0.0710948 0.0230636 0.00562364 0.0020707 0.00257217 0.00412053 0.00590743 0.00738435 0.00804981 0.00767304 0.00642852 0.00478165 0.00321778 0.00202341 0.00124426 0.000780847
 1.00097e-16 7.65573e-05 0.000744165 0.00494524 0.0224803 0.0699447 0.149025 0.217507 0.217514 0.149057 0.0700523 0.0227909 0.00572415 0.00244253 0.00329612 0.00531236 0.00760841 0.00948988 0.0103063 0.009759 0.00807904 0.00587976 0.00380398 0.00223573 0.00124032 0.00068536
 1.00204e-16 7.08991e-05 0.000689164 0.00457974 0.0208188 0.0647752 0.138011 0.201434 0.201446 0.138074 0.0649864 0.0214285 0.006109 0.0040238 0.00639291 0.0104274 0.0149455 0.0186491 0.020267 0.0192133 0.0159391 0.011644 0.0075842 0.0045092 0.00254577 0.00143642
 1.00231e-16 7.52041e-05 0.000731011 0.00485783 0.022083 0.0687084 0.146391 0.213663 0.213671 0.146429 0.0688352 0.0224493 0.00577693 0.00273598 0.00387871 0.00628188 0.00901492 0.0112786 0.012313 0.0117668 0.00990348 0.00742665 0.0050686 0.00325931 0.00206525 0.00133656
 1.00125e-16 7.63807e-05 0.000742447 0.00493382 0.0224284 0.0697833 0.148681 0.217005 0.217012 0.148714 0.069893 0.0227454 0.00572887 0.00247614 0.00336339 0.00542474 0.0077724 0.00970041 0.0105462 0.0100052 0.00831192 0.00608899 0.00398802 0.0023968 0.00137976 0.000802329
 1.00021e-16 8.12268e-05 0.000789553 0.00524686 0.0238515 0.0742107 0.158114 0.230772 0.230773 0.15812 0.0742318 0.0239122 0.00539926 0.00112188 0.000711259 0.00104435 0.00148956 0.00185822 0.00201915 0.00191373 0.00158695 0.00115847 0.000753605 0.000447138 0.00025172 0.000141627
 1.00334e-16 2.7016e-05 0.000262606 0.00174511 0.00793306 0.024683 0.0525922 0.0767732 0.0768374 0.0529054 0.0257345 0.0109681 0.00935639 0.0168542 0.0314673 0.0517947 0.0741766 0.0923669 0.100021 0.0942178 0.0772524 0.0552072 0.0344816 0.0189356 0.00926165 0.00414486
 1.00254e-16 8.10617e-05 0.000787948 0.00523619 0.023803 0.0740599 0.157792 0.230303 0.230304 0.157796 0.0740717 0.0238373 0.00532288 0.000978985 0.000449097 0.000627679 0.000927603 0.00123093 0.00147549 0.00162966 0.001699 0.00170804 0.00167144 0.00158211 0.00142504 0.00120021
 1.00309e-16 5.33252e-05 0.00051834 0.00344455 0.0156585 0.0487194 0.103803 0.151511 0.151544 0.103967 0.0492702 0.0172484 0.00743168 0.00920965 0.0165225 0.0271333 0.0388529 0.0483782 0.0523845 0.0493444 0.0404659 0.0289409 0.0181248 0.0100373 0.00503136 0.00240432
 1.01066e-16 7.0143e-05 0.000681815 0.0045309 0.0205968 0.0640844 0.136539 0.199285 0.199296 0.136593 0.0642648 0.021118 0.00584043 0.00354464 0.0055191 0.00904385 0.0130913 0.0166054 0.0185502 0.0184306 0.0165597 0.0138056 0.0110375 0.00871576 0.00686822 0.00532784
 1.00735e-16 6.82684e-05 0.000663593 0.00440981 0.0200464 0.0623718 0.13289 0.19396 0.193975 0.132964 0.062618 0.0207574 0.00619367 0.00455504 0.00745081 0.0121885 0.0175018 0.0219043 0.0239307 0.0229057 0.019347 0.0146241 0.0101548 0.00676079 0.00455 0.00320791
 1.0037e-16 7.48636e-05 0.000727701 0.00483583 0.021983 0.0683973 0.145728 0.212696 0.212704 0.145766 0.0685261 0.0223552 0.00576986 0.00276582 0.00394297 0.00639294 0.00918501 0.0115136 0.0126115 0.0121235 0.010313 0.00788358 0.00556312 0.00377247 0.00256908 0.00180015
 1.01663e-16 2.11346e-05 0.000205436 0.0013652 0.00620603 0.0193096 0.0411437 0.0600646 0.0601323 0.0414743 0.0204194 0.00941003 0.00940247 0.0177335 0.033259 0.0548157 0.0786444 0.0982258 0.106923 0.101665 0.084807 0.0626091 0.0416061 0.0256673 0.015412 0.00947871
 1.02127e-16 7.40286e-05 0.000719584 0.00478189 0.0217378 0.0676343 0.144102 0.210322 0.210326 0.14412 0.067695 0.0219142 0.00522882 0.00170885 0.00199257 0.00328029 0.004958 0.00673217 0.00833883 0.00962627 0.0105869 0.011258 0.0115912 0.0114316 0.0106338 0.00920551
 1.01292e-16 6.11829e-05 0.00059472 0.00395212 0.0179658 0.0558984 0.119098 0.173832 0.173855 0.119212 0.0562787 0.0190637 0.00670586 0.00659934 0.0114452 0.0187727 0.0269169 0.0335996 0.0365493 0.0347313 0.0289827 0.0214827 0.0144925 0.00932848 0.00615444 0.0044271
 1.03479e-16 3.77992e-05 0.000367422 0.00244165 0.0110994 0.0345346 0.0735813 0.107403 0.107446 0.0737923 0.0352433 0.0131466 0.00758174 0.0115931 0.0213713 0.0353061 0.0509344 0.0642058 0.0709937 0.0693552 0.060646 0.0485321 0.0367481 0.0273705 0.0206031 0.0156653
 1.02131e-16 7.2331e-05 0.000703083 0.00467223 0.0212393 0.0660834 0.140798 0.2055 0.205507 0.140832 0.0661973 0.0215691 0.0055025 0.00252373 0.00355405 0.0058237 0.00852836 0.0110297 0.0127211 0.0133107 0.012962 0.0121199 0.011176 0.010256 0.00926075 0.00805824
 1.00921e-16 6.739e-05 0.000655055 0.00435307 0.0197884 0.0615693 0.13118 0.191465 0.191481 0.131259 0.0618343 0.0205537 0.00627293 0.00484223 0.0080082 0.0131028 0.0187991 0.0234956 0.0256112 0.0244225 0.0205016 0.0153476 0.0105144 0.0069047 0.00463297 0.003337
 1.03015e-16 2.86589e-05 0.000278575 0.00185123 0.00841547 0.0261839 0.0557897 0.0814383 0.0814935 0.0560596 0.0270902 0.0110328 0.00842014 0.0146151 0.0272458 0.0449689 0.0647066 0.081215 0.0891497 0.0860164 0.0736397 0.0569092 0.0408664 0.0284039 0.0198955 0.0142856
 1.08405e-16 4.8429e-05 0.000470747 0.00312828 0.0142207 0.0442461 0.0942716 0.137596 0.137615 0.0943636 0.0445559 0.0151191 0.00539606 0.00546315 0.00965242 0.0162001 0.0240755 0.0318237 0.0379409 0.0416536 0.0432185 0.0434319 0.042813 0.0412152 0.0381374 0.033343
 1.01363e-16 7.69485e-05 0.000747967 0.00497051 0.0225952 0.0703021 0.149786 0.218618 0.218623 0.149808 0.0703762 0.0228094 0.00550861 0.00192385 0.0023138 0.00371334 0.00536628 0.00680274 0.00760403 0.00758698 0.00691003 0.00595966 0.00510564 0.0045162 0.00414278 0.00383238
 1.01664e-16 3.07072e-05 0.000298485 0.00198354 0.00901691 0.0280553 0.0597769 0.0872582 0.0873161 0.0600598 0.0290049 0.0117583 0.00885934 0.0152906 0.0284512 0.0468497 0.0671639 0.0837834 0.0910131 0.0862321 0.0714959 0.0522338 0.0341245 0.0205438 0.0120318 0.00736784
 1.0241e-16 7.02038e-05 0.000682405 0.00453482 0.0206147 0.0641399 0.136657 0.199457 0.199464 0.136693 0.0642591 0.0209601 0.00540626 0.00259935 0.00375345 0.00620477 0.00918774 0.0120844 0.0142934 0.015501 0.0158035 0.0155262 0.0149129 0.0139692 0.0125666 0.0106603
pSPR Fmed_Fpbrs
1   0.983669 0.6 0.325 0.983669 0.983669 0.983669
Fs Fmed_Fpbrs
0   0.01 0.353534 0.911092 0.01 0.01 0.01
SSBpbr Bo_Bmed_Bpbrs
275132  261376  256883 151323 75661.4 256883 256883 256883
Ro
67919.2
SPR SPRFo_SPRFmed_SPRFpbrs
489313 489313 481322
Fref
0
Nvult_r0
 48506.4 6369.26 6601.06 196.704 79.014
CTP_r0
 23225 4090.13 4316.5 128.751 51.7204
YTP_r0
356243
Np
 56852.5 20914.9 7694.15 2830.52 1424.36
Nvult_p0
 35937.6 13220.7 4863.63 1789.23 900.367
CTP_p0
 0 0 0 0 0
 0 0 0 0 0
 0 0 0 0 0
 0 0 0 0 0
 0 0 0 0 0
 0 0 0 0 0
YTP_p0
 0 0 0 0 0 0
CBA_c0
0
log_Ro
10.9461
likeval ReclasPelacesDesembMPH_pf_preclas_ppelaces_ptallas_desvR_qrecl_qpela
 16.1919 16.2116 0.150753 0.0014289 273.143 137.455 124.586 0 50.4567 0.000104457 0.000177122 0.0286095 2066.39 0 0
q_reclas_q_pelaces
4.2435 6.56752
M
1
N
 30089 22435.5 62526.7 7940.84 0.118821
 23651.3 9328.42 5908.63 16178.8 2052.71
 180655 4966.82 1147.82 686.156 2110.35
 36478.7 37812.8 607.217 132.392 321.471
 14653.7 5795.08 2697.34 39.7191 29.54
 276035 2007.86 309.65 130.16 3.32279
 20733.2 70877.4 365.912 54.3747 23.3913
 6953.87 3697.21 6336.44 30.3566 6.42443
 40487.9 1946.25 797.323 1328.46 7.69914
 24372.5 6879.63 158.334 59.8942 99.9277
 41812.8 2029.01 138.88 2.74184 2.74335
 109201 10938.3 383.481 25.3406 0.998847
 79218.7 16126.6 676.567 21.587 1.47495
 69059 12337.2 1106.56 42.4828 1.44096
 43866.2 6177.73 286.609 22.216 0.874705
 258976 4333.32 174.206 7.05646 0.564226
 18402.2 43328.6 342.028 12.6761 0.552008
 467982 3346.04 4023.68 29.534 1.13762
 177966 107896 494.101 566.192 4.30438
 220754 33621.5 10797.4 46.159 53.0925
 202285 40905.1 3239.66 969.307 8.87408
 398181 40416.9 4566.66 339.593 102.178
 28542.7 74603.3 3979.61 419.403 40.4137
 172235 6632.62 11187 569.118 65.5838
 140676 41365.3 1060.78 1712.13 96.9005
 40474.3 34876.3 7039.19 173.309 294.888
 132674 10362.6 6320.17 1228.78 81.5541
 176600 30543.1 1525.77 886.617 183.323
 36053 47997 6219.69 301.143 210.806
 31586.7 10332.5 10841.2 1369.11 112.528
 137973 6921.04 1381.34 1373.87 187.205
 23357.2 30148 920.273 174.058 196.116
 56852.5 6784.03 6989.75 208.222 83.6393
pred_Ctot
 3033.09 4140.08 12064.1 1535.82 0.0229838
 6712.13 4276.15 2796.88 7671.44 973.415
 51507.2 2285.23 545.292 326.527 1004.36
 14005.2 21816.1 359.399 78.4662 190.543
 6283.58 3612.84 1720.28 25.3621 18.8636
 54259.5 677.474 108.527 45.7118 1.16708
 7155.22 37811.9 200.76 29.8777 12.854
 1075.13 1009.57 1802.44 8.65416 1.83171
 14646.7 1075.3 452.562 755.121 4.37664
 13355.4 5013.55 117.232 44.3833 74.0524
 7849.88 657.822 46.7986 0.925838 0.92645
 44413.7 6574.43 236.114 15.6225 0.61583
 30915.9 9413.88 405.002 12.9395 0.884167
 36832.8 8847.56 806.892 31.0051 1.0517
 22454.6 4321.15 204.083 15.834 0.62346
 95033.8 2419.42 99.8894 4.0519 0.324009
 6224 22766.7 184.911 6.8635 0.298911
 114672 1360.96 1694.38 12.46 0.479994
 57725.5 54915.9 258.988 297.241 2.25991
 73164.1 17396.4 5750.85 24.6229 28.3238
 61356 19764.3 1614.28 483.787 4.42949
 130365 20718.4 2410.33 179.52 54.019
 6897.02 29994.2 1656.89 174.943 16.8592
 39122.4 2532.1 4427 225.65 26.006
 29938.7 14943.2 397.61 643.026 36.3968
 8010.7 11837.7 2481.57 61.2218 104.181
 32595.1 4224.02 2667.1 519.506 34.483
 29886.5 9039.34 469.927 273.658 56.5897
 5139.14 12181.9 1645.82 79.8659 55.9142
 8418.67 4502.78 4884.27 617.922 50.7922
 36931.3 3026.63 624.452 622.18 84.7864
 3168.05 7314.58 232.899 44.15 49.751
 23225 4090.13 4316.5 128.751 51.7204
F
 0.171095 0.334232 0.351891 0.352873 0.352924
 0.560637 1.0952 1.15307 1.15628 1.15645
 0.563939 1.10165 1.15986 1.16309 1.16326
 0.839718 1.64038 1.72705 1.73187 1.73212
 0.987628 1.92932 2.03126 2.03692 2.03722
 0.359577 0.702431 0.739544 0.741606 0.741715
 0.724157 1.41463 1.48938 1.49353 1.49375
 0.273395 0.534075 0.562293 0.563861 0.563943
 0.772439 1.50895 1.58868 1.59311 1.59334
 1.48591 2.90271 3.05608 3.0646 3.06505
 0.340934 0.666011 0.7012 0.703155 0.703258
 0.912721 1.78299 1.8772 1.88243 1.88271
 0.859595 1.67921 1.76793 1.77286 1.77312
 1.41401 2.76226 2.9082 2.91631 2.91674
 1.31481 2.56847 2.70418 2.71172 2.71211
 0.787921 1.5392 1.62052 1.62504 1.62528
 0.704695 1.37662 1.44935 1.45339 1.4536
 0.467262 0.912793 0.96102 0.9637 0.963842
 0.666428 1.30186 1.37065 1.37447 1.37467
 0.685795 1.3397 1.41048 1.41441 1.41462
 0.610432 1.19247 1.25548 1.25898 1.25916
 0.674722 1.31806 1.3877 1.39157 1.39178
 0.459401 0.897436 0.944852 0.947487 0.947626
 0.426415 0.832999 0.877011 0.879456 0.879585
 0.394652 0.770949 0.811683 0.813946 0.814066
 0.36246 0.708062 0.745473 0.747552 0.747662
 0.468754 0.915707 0.964089 0.966777 0.966919
 0.30275 0.59142 0.622668 0.624405 0.624496
 0.249699 0.487784 0.513556 0.514988 0.515064
 0.518169 1.01224 1.06572 1.06869 1.06885
 0.52094 1.01765 1.07142 1.07441 1.07456
 0.236332 0.461673 0.486065 0.487421 0.487492
 0.918663 1.7946 1.88942 1.89469 1.89497
YTP_r0W_actual
 175117 71372.8 103898 4032.47 1823.15
YTP_p0W_proyectada
 0 0 0 0 0
 0 0 0 0 0
 0 0 0 0 0
 0 0 0 0 0
 0 0 0 0 0
 0 0 0 0 0
CTP_r0_actual
 23225 4090.13 4316.5 128.751 51.7204
CTP_p0_proyectada
 0 0 0 0 0
 0 0 0 0 0
 0 0 0 0 0
 0 0 0 0 0
 0 0 0 0 0
 0 0 0 0 0
Wmedp
 7.54 17.45 24.07 31.32 35.25
Frms_r0
 0.918663 1.7946 1.88942 1.89469 1.89497
Zrms_r0
 1.91866 2.7946 2.88942 2.89469 2.89497
nmprior
 7.29 8.9 8.7 0
nm_flota  nm_reclas  nm_pelaces    nm_pelaL
inf 18.5059 7.69186 17.3958
cv_recla  cv_pelaces  cv_mph
0.348481 0.441066 1.01027
 ------------------------------------------------
Talla a la edad & desviaci?n 
 8 13.2811 15.8009 17.003 17.5766
 0.8 1.32811 1.58009 1.7003 1.75766
