years
 1997 1998 1999 2000 2001 2002 2003 2004 2005 2006 2007 2008 2009 2010 2011 2012 2013 2014 2015 2016 2017 2018 2019 2020 2021 2022 2023
reclasobs
 0 0 0 370054 412103 1.49427e+06 250295 1.28982e+06 931140 785840 897777 1.04006e+06 184774 17550 25797 100020 73551 82996 120727 218422 84188 347160 605670 569463 516374 1.08416e+06 1.01767e+06
reclaspred
 269762 70957.2 198690 134071 199820 246646 678565 470244 578678 557156 469040 343128 246686 149635 126666 123949 136171 183676 191942 269457 385823 330545 536668 697258 820566 749534 649515
pelacesobs
 0 0 0 0 0 0 0 0 0 2.06254e+06 1.5e+06 0 1.87456e+06 323000 250000 174000 83755 137374 0 501740 490994 745055 786931 1.00524e+06 1.33801e+06 1.41789e+06 0
pelacespred
 749765 163040 287056 295273 379224 374403 1.28339e+06 1.03732e+06 1.15407e+06 1.11902e+06 857347 653494 478377 262363 218895 222461 251898 328754 356710 482536 756187 651272 856066 1.23803e+06 1.44357e+06 1.46284e+06 1.22585e+06
mphobs
 0 0 0 0 0 0 112323 0 153150 637223 0 255016 313432 73983 77613 109348 50772 17779 17303 59886 28197 0 207744 136588 643089 65757 70829
mphpred
 107756 65162.5 74872.3 82850.5 85753.4 135884 234013 325275 290894 323233 317534 242377 164288 78457 51735.4 47815.5 47939.1 60915.9 36533.8 39926.9 60554.8 72058.1 81869.8 114848 151074 152506 129773
desembarqueobs
 350755 77701 442110 56441 14545 235359 269955 359681 431902 328805 639364 411747 362871 311530 167758 66681 60226 58785 57116 73181 50977 67692 138656 160484 209506 203330 245020
desembarquepred
 350774 77709.3 442221 56445.8 14545.3 235413 269978 359725 431922 328826 639590 411909 363055 311905 167887 66703.6 60244.6 58789.8 57115.4 73182.6 50977.6 67691.3 138660 160488 209512 203336 245021
Reclutas
 46641.3 52599.8 30408.4 42082.8 74480.7 69328.1 139033 105903 159937 158456 82568.2 53885.1 63745.2 36101.1 25972.2 30318.3 26776.8 33762.8 37830.6 66444.3 86712.5 88837.4 148961 206786 79854.8 94405.2 124554
log_desv_Rt
 -0.369759 -0.249533 -0.797524 -0.472606 0.0982949 0.026606 0.722465 0.450283 0.862533 0.85323 0.20138 -0.225391 -0.0573506 -0.625922 -0.955218 -0.800494 -0.924709 -0.692886 -0.579128 -0.0158802 0.250353 0.274564 0.791438 1.11944 0.167965 0.335352 0.612497
SSB
 556660 336626 386786 428001 442997 701971 1.17879e+06 1.66435e+06 1.47391e+06 1.64e+06 1.64036e+06 1.25211e+06 868595 582134 390935 367190 380194 469554 577207 656386 955357 1.11174e+06 1.29303e+06 1.74453e+06 2.47913e+06 2.56263e+06 2.06836e+06
BT
 1.94083e+06 486769 873028 706094 841150 1.0039e+06 2.99358e+06 2.66763e+06 2.91773e+06 2.76274e+06 2.45069e+06 1.80675e+06 1.40049e+06 871778 622933 543049 602865 766076 829610 1.11523e+06 1.6948e+06 1.48784e+06 1.97039e+06 2.83953e+06 3.31876e+06 3.37787e+06 2.89751e+06
Ftot
 0.565897 0.464362 0.754471 0.156419 0.0308062 0.305588 0.166799 0.27274 0.296763 0.215104 0.413677 0.35097 0.481816 0.632363 0.432668 0.172798 0.151951 0.110865 0.0958252 0.100533 0.0481905 0.0644588 0.0844383 0.0838115 0.0734586 0.0781398 0.116934
BD_Bspro_t
 0.933923 0.707554 0.644775 0.488735 0.622967 0.77372 0.757034 0.793961 0.745532 0.728253 0.708383 0.580756 0.497156 0.439372 0.370138 0.407544 0.506801 0.650781 0.745437 0.80622 0.867685 0.908401 0.904749 0.903187 0.908083 0.884093 0.858938
BD_Bspro
 0.399233 0.241426 0.277401 0.30696 0.317715 0.503449 0.845419 1.19366 1.05708 1.17619 1.17646 0.898002 0.622951 0.417503 0.280376 0.263346 0.272672 0.336761 0.413969 0.470756 0.685176 0.79733 0.927353 1.25117 1.77801 1.8379 1.48341
BD_Bo
 0.211039 0.12762 0.146637 0.162262 0.167948 0.266129 0.446898 0.630983 0.558783 0.621749 0.621888 0.474694 0.329299 0.220696 0.14821 0.139208 0.144138 0.178016 0.218828 0.248847 0.362191 0.421477 0.490209 0.661381 0.939877 0.971535 0.784147
BD_Brms
 0.383707 0.232037 0.266613 0.295022 0.305359 0.48387 0.812542 1.14724 1.01597 1.13045 1.13071 0.863079 0.598725 0.401266 0.269473 0.253105 0.262068 0.323665 0.39787 0.452448 0.65853 0.766322 0.891288 1.20251 1.70887 1.76643 1.42572
S_f
 0.192901 0.979367 0.999894 0.999999 1
 0.192901 0.979367 0.999894 0.999999 1
 0.192901 0.979367 0.999894 0.999999 1
 0.192901 0.979367 0.999894 0.999999 1
 0.192901 0.979367 0.999894 0.999999 1
 0.192901 0.979367 0.999894 0.999999 1
 0.192901 0.979367 0.999894 0.999999 1
 0.192901 0.979367 0.999894 0.999999 1
 0.192901 0.979367 0.999894 0.999999 1
 0.192901 0.979367 0.999894 0.999999 1
 0.192901 0.979367 0.999894 0.999999 1
 0.192901 0.979367 0.999894 0.999999 1
 0.192901 0.979367 0.999894 0.999999 1
 0.192901 0.979367 0.999894 0.999999 1
 0.192901 0.979367 0.999894 0.999999 1
 0.192901 0.979367 0.999894 0.999999 1
 0.192901 0.979367 0.999894 0.999999 1
 0.192901 0.979367 0.999894 0.999999 1
 0.192901 0.979367 0.999894 0.999999 1
 0.192901 0.979367 0.999894 0.999999 1
 0.192901 0.979367 0.999894 0.999999 1
 0.192901 0.979367 0.999894 0.999999 1
 0.192901 0.979367 0.999894 0.999999 1
 0.192901 0.979367 0.999894 0.999999 1
 0.192901 0.979367 0.999894 0.999999 1
 0.192901 0.979367 0.999894 0.999999 1
 0.192901 0.979367 0.999894 0.999999 1
Scru_reclas
 1 1 1 1 1
 1 1 1 1 1
 1 1 1 1 1
 1 1 1 1 1
 1 1 1 1 1
 1 1 1 1 1
 1 1 1 1 1
 1 1 1 1 1
 1 1 1 1 1
 1 1 1 1 1
 1 1 1 1 1
 1 1 1 1 1
 1 1 1 1 1
 1 1 1 1 1
 1 1 1 1 1
 1 1 1 1 1
 1 1 1 1 1
 1 1 1 1 1
 1 1 1 1 1
 1 1 1 1 1
 1 1 1 1 1
 1 1 1 1 1
 1 1 1 1 1
 1 1 1 1 1
 1 1 1 1 1
 1 1 1 1 1
 1 1 1 1 1
Scru_pelaces
 1 1 1 1 1
 1 1 1 1 1
 1 1 1 1 1
 1 1 1 1 1
 1 1 1 1 1
 1 1 1 1 1
 1 1 1 1 1
 1 1 1 1 1
 1 1 1 1 1
 1 1 1 1 1
 1 1 1 1 1
 1 1 1 1 1
 1 1 1 1 1
 1 1 1 1 1
 1 1 1 1 1
 1 1 1 1 1
 1 1 1 1 1
 1 1 1 1 1
 1 1 1 1 1
 1 1 1 1 1
 1 1 1 1 1
 1 1 1 1 1
 1 1 1 1 1
 1 1 1 1 1
 1 1 1 1 1
 1 1 1 1 1
 1 1 1 1 1
pf_obs 
 0.256992 0.487395 0.22802 0.0275931 0
 0.321318 0.546541 0.124235 0.00734118 0.000564706
 0.182869 0.594174 0.210203 0.0122559 0.00049798
 0.330522 0.361315 0.267642 0.0388342 0.00168674
 0.649043 0.306663 0.0425973 0.00169635 0
 0.582887 0.30429 0.105238 0.00758474 0
 0.465427 0.430635 0.0974691 0.00646863 0
 0.296916 0.608066 0.0921331 0.00288517 0
 0.311714 0.524322 0.152257 0.0117073 0
 0.15457 0.633149 0.183074 0.0267441 0.00246327
 0.131901 0.49318 0.331252 0.0422183 0.00144891
 0.196976 0.569456 0.194076 0.0375587 0.00193317
 0.518974 0.381816 0.0799577 0.0180837 0.00116848
 0.0928022 0.601141 0.25162 0.0475244 0.00691264
 0.122501 0.610282 0.24278 0.0234846 0.000952079
 0.383417 0.481906 0.127806 0.00687128 0
 0.0376549 0.599619 0.316969 0.0457579 0
 0.0361596 0.667082 0.258105 0.0386534 0
 0.158088 0.579412 0.248529 0.0139706 0
 0.0477256 0.309471 0.559284 0.082774 0.000745712
 0.0406174 0.521527 0.379366 0.0568643 0.0016247
 0.151134 0.462217 0.34131 0.0453401 0
 0.294876 0.26143 0.354403 0.0886775 0.000613685
 0.281977 0.475581 0.204845 0.0348837 0.00271318
 0.0841818 0.532909 0.334909 0.0458182 0.00218182
 0.115287 0.27431 0.454777 0.147771 0.00785563
 0 0 0 0 0
pf_pred 
 0.388409 0.432797 0.160114 0.0186646 1.58329e-05
 0.319088 0.548573 0.0944035 0.0339721 0.00396296
 0.192025 0.601423 0.167253 0.0280344 0.0112638
 0.296422 0.442561 0.19578 0.0528263 0.0124103
 0.336568 0.460254 0.128865 0.0557407 0.0185715
 0.228779 0.555818 0.150394 0.0412333 0.0237753
 0.360281 0.403366 0.171491 0.0452885 0.0195737
 0.204835 0.598766 0.12487 0.0519017 0.0196283
 0.292835 0.419707 0.21773 0.0443344 0.0253933
 0.23969 0.535423 0.134783 0.06825 0.0218542
 0.135769 0.549241 0.223339 0.0549325 0.0367187
 0.133421 0.423157 0.284438 0.11273 0.0462549
 0.219231 0.372473 0.201917 0.13239 0.0739893
 0.162135 0.535728 0.146145 0.0771486 0.0788428
 0.174105 0.467868 0.231274 0.0613156 0.0654372
 0.231366 0.433361 0.192064 0.0925123 0.0506959
 0.191401 0.501701 0.174744 0.0757096 0.0564446
 0.230442 0.430739 0.212011 0.0722065 0.0546018
 0.223246 0.475744 0.17011 0.081912 0.0489879
 0.306209 0.416832 0.171061 0.0598493 0.0460492
 0.272614 0.508003 0.132953 0.053385 0.0330453
 0.216063 0.515188 0.188891 0.0483992 0.03146
 0.289256 0.417229 0.194304 0.069733 0.0294785
 0.281343 0.488399 0.136375 0.0621516 0.0317312
 0.0967104 0.605717 0.203628 0.0556431 0.0383014
 0.148378 0.303685 0.370025 0.121749 0.0561631
 0.208562 0.377132 0.149798 0.17863 0.0858779
pobs_RECLAS
 0 0 0 0 0
 0 0 0 0 0
 0 0 0 0 0
 0 0 0 0 0
 0.835266 0.146461 0.0176864 0.000547809 3.91292e-05
 0.385257 0.428462 0.181853 0.0044286 0
 0.867414 0.0963971 0.0333333 0.00285562 0
 0.441836 0.489002 0.0689373 0.000224442 0
 0.779404 0.147425 0.0564933 0.0165055 0.000172143
 0.814271 0.122319 0.05973 0.00367925 0
 0.40263 0.566651 0.0304383 0.000280538 0
 0.475488 0.404961 0.113038 0.00651328 0
 0.955842 0.0263864 0.0167828 0.000988607 0
 0.975058 0.0227948 0.00214734 0 0
 0.738997 0.206755 0.0527124 0.00153531 0
 0.850938 0.134255 0.0134407 0.00136685 0
 0.542534 0.407297 0.0501686 0 0
 0.764087 0.199537 0.0359546 0.000420521 0
 0.470689 0.182191 0.310203 0.0369168 0
 0.84361 0.089868 0.0606195 0.00523954 0.000663233
 0.607945 0.314616 0.071237 0.00620181 0
 0.523733 0.453247 0.0230204 0 0
 0.530135 0.295979 0.169645 0.0042399 0
 0.562478 0.366248 0.0663022 0.0049721 0
 0.250443 0.683176 0.0655157 0.000865301 0
 0.195077 0.31981 0.436473 0.0351445 0.0134964
 0.565238 0.351407 0.0832357 0.000118908 0
ppred_RECLAS
 0.771122 0.163001 0.0589943 0.00687625 5.83301e-06
 0.710961 0.233837 0.0393793 0.0141695 0.00165292
 0.56187 0.327997 0.0891809 0.0149465 0.00600528
 0.68484 0.19978 0.0865449 0.0233495 0.00548541
 0.721893 0.194161 0.0532446 0.0230286 0.00767256
 0.606539 0.285245 0.0755587 0.0207135 0.0119435
 0.744012 0.162659 0.0677185 0.0178817 0.00772845
 0.571694 0.3242 0.0661928 0.0275099 0.0104037
 0.683184 0.189655 0.0963189 0.0196104 0.0112322
 0.619649 0.269515 0.0664307 0.0336349 0.0107702
 0.451852 0.351089 0.139726 0.0343632 0.0229695
 0.446486 0.273245 0.179788 0.0712471 0.0292337
 0.597824 0.194045 0.102934 0.0674828 0.0377144
 0.508438 0.316811 0.0845329 0.0446191 0.045599
 0.52594 0.271065 0.131133 0.0347625 0.0370991
 0.608788 0.22259 0.0966013 0.0465254 0.0254955
 0.549709 0.281609 0.0960502 0.0416104 0.0310223
 0.606728 0.222149 0.107082 0.0364659 0.0275751
 0.596436 0.249173 0.0872552 0.0420111 0.025125
 0.694252 0.185225 0.0744428 0.0260426 0.0200376
 0.657427 0.240749 0.0617111 0.0247764 0.0153365
 0.585685 0.27422 0.0984689 0.0252279 0.0163984
 0.676648 0.191452 0.0873193 0.0313344 0.0132461
 0.667665 0.227361 0.0621756 0.0283329 0.0144652
 0.354522 0.435803 0.143485 0.0392045 0.026986
 0.473654 0.190222 0.226994 0.0746797 0.03445
 0.576365 0.204086 0.0793865 0.0946563 0.0455067
pobs_PELACES
 0 0 0 0 0
 0 0 0 0 0
 0 0 0 0 0
 0 0 0 0 0
 0 0 0 0 0
 0 0 0 0 0
 0 0 0 0 0
 0 0 0 0 0
 0 0 0 0 0
 0 0 0 0 0
 0.450072 0.473896 0.0757376 0.000293798 0
 0 0 0 0 0
 0.463077 0.371075 0.160297 0.00555027 0
 0.529543 0.364841 0.0842815 0.0213345 0
 0.631943 0.363953 0.00410389 0 0
 0.735681 0.248677 0.0153453 0.000297389 0
 0.695825 0.281241 0.0229344 0 0
 0.275771 0.60734 0.115278 0.00161068 0
 0 0 0 0 0
 0.896147 0.0623911 0.0374545 0.00400742 0
 0.803859 0.145111 0.0509908 3.86294e-05 0
 0.739449 0.233085 0.0266225 0.000797448 4.60066e-05
 0.878498 0.100942 0.0204185 0.000141795 0
 0.694673 0.275183 0.0284847 0.00165964 0
 0.469039 0.446079 0.0841089 0.000773354 0
 0.822795 0.102175 0.0682046 0.00682512 0
 0 0 0 0 0
ppred_PELACES
 0.796187 0.145311 0.0523905 0.00610641 5.17996e-06
 0.735201 0.214355 0.0359851 0.012948 0.00151042
 0.609652 0.292601 0.0791515 0.0132652 0.00532978
 0.693618 0.194291 0.0840779 0.0226838 0.00532901
 0.723508 0.193046 0.0529278 0.0228915 0.00762688
 0.625432 0.271703 0.0718229 0.0196892 0.0113528
 0.752246 0.157492 0.0654932 0.0172939 0.00747444
 0.58904 0.311209 0.0634232 0.0263586 0.00996833
 0.699784 0.179862 0.0911623 0.0185604 0.0106308
 0.632815 0.260297 0.0640652 0.0324369 0.0103866
 0.478808 0.334161 0.132616 0.0326143 0.0218005
 0.469392 0.262253 0.172146 0.0682179 0.0279908
 0.627883 0.179845 0.0950911 0.0623399 0.0348402
 0.549685 0.29067 0.0772263 0.0407616 0.0416567
 0.554137 0.255263 0.123127 0.0326396 0.0348336
 0.619534 0.216585 0.0938853 0.045217 0.0247785
 0.559545 0.275563 0.0938917 0.0406751 0.0303249
 0.61365 0.218311 0.105152 0.0358088 0.0270782
 0.602467 0.24551 0.0859168 0.0413666 0.0247395
 0.699819 0.181901 0.0730573 0.0255578 0.0196646
 0.66026 0.238782 0.0611868 0.0245658 0.0152062
 0.589775 0.271553 0.0974689 0.0249716 0.0162318
 0.681475 0.188638 0.0859867 0.0308561 0.0130439
 0.672514 0.224084 0.0612448 0.0279087 0.0142486
 0.358934 0.432894 0.142456 0.0389233 0.0267925
 0.478797 0.188427 0.224734 0.0739357 0.0341068
 0.583857 0.200559 0.0779528 0.0929465 0.0446847
pobs_pel_tallas
 0 0 0 0 0 0 0 0 0 0 0 0 0 0 0 0 0 0 0 0 0 0 0 0 0 0 0 0 0 0 0 0 0 0 0 0
 0 0 0 0 0 0 0 0 0 0 0 0 0 0 0 0 0 0 0 0 0 0 0 0 0 0 0 0 0 0 0 0 0 0 0 0
 0 0 0 0 0 0 0 0 0 0 0 0 0 0 0 0 0 0 0 0 0 0 0 0 0 0 0 0 0 0 0 0 0 0 0 0
 0 0 0 0 0 0 0 0 0 0 0 0 0 0 0 0 0 0 0 0 0 0 0 0 0 0 0 0 0 0 0 0 0 0 0 0
 0 0 0 0 0 0 0 0 0 0 0 0 0 0 0 0 0 0 0 0 0 0 0 0 0 0 0 0 0 0 0 0 0 0 0 0
 0 0 0 0 0 0 0 0 0 0 0 0 0 0 0 0 0 0 0 0 0 0 0 0 0 0 0 0 0 0 0 0 0 0 0 0
 0 0 0 0 0 0 0 0 0 0 0 0 0 0 0 0 0 0 0 0 0 0 0 0 0 0 0 0 0 0 0 0 0 0 0 0
 0 0 0 0 0 0 0 0 0 0 0 0 0 0 0 0 0 0 0 0 0 0 0 0 0 0 0 0 0 0 0 0 0 0 0 0
 0 0 0 0 0 0 0 0 0 0 0 0 0 0 0 0 0 0 0 0 0 0 0 0 0 0 0 0 0 0 0 0 0 0 0 0
 0 0 0 0 0 0 0 0 0 0 0 0 0 0 0 0 0 0 0 0 0 0 0 0 0 0 0 0 0 0 0 0 0 0 0 0
 0 0 0 0 0 0 0 0 1.78061e-05 0.00172719 0.00360574 0.0105946 0.0120993 0.0124554 0.0147524 0.0171206 0.0266825 0.0428682 0.0675386 0.121331 0.153587 0.119568 0.100827 0.0573624 0.0630603 0.0341343 0.0324427 0.0444173 0.0211091 0.0280891 0.0125444 0.00206551 0 0 0 0
 0 0 0 0 0 0 0 0 0 0 0 0 0 0 0 0 0 0 0 0 0 0 0 0 0 0 0 0 0 0 0 0 0 0 0 0
 0 0 0 0 0 0 0.0133647 0.0140871 0.0187388 0.0205184 0.03894 0.0496705 0.03968 0.0493445 0.0407372 0.0367815 0.0215668 0.0243155 0.0234873 0.0199281 0.019796 0.0243948 0.0301388 0.0376714 0.0412746 0.0863199 0.0771752 0.113111 0.0741005 0.0525337 0.0229764 0.00759418 0.00175318 0 0 0
 0 0 0 0 0 0 0 0 0 0 0.00219441 0.00772107 0.0458388 0.0604681 0.0671733 0.0775358 0.0609151 0.0617685 0.073594 0.0568108 0.0755445 0.0548602 0.0670107 0.0636378 0.0643287 0.046367 0.0373049 0.0286899 0.0247887 0.0153202 0.00654259 0.00121912 0.000365735 0 0 0
 0 0 0 0 0 0 0 0 0 0 0 0 0.000112435 0.00938835 0.0111873 0.0202946 0.0414886 0.0713402 0.111592 0.104902 0.108894 0.110636 0.117776 0.105296 0.107544 0.0401394 0.0192827 0.0124803 0.00416011 0.0028671 0.000618394 0 0 0 0 0
 0 0 0 0 0 0 0 0 0 0 0.00291406 0.0102884 0.027416 0.0768956 0.0749926 0.110853 0.0956884 0.0897413 0.0766577 0.0534642 0.0500743 0.0551293 0.0594112 0.0620874 0.0668451 0.0424026 0.0208742 0.0120726 0.0048766 0.00582813 0.00118941 0.000297354 0 0 0 0
 0 0.00264628 0.0354308 0.0461629 0.0458689 0.0383711 0.0214643 0.0164657 0.0346957 0.0420465 0.0363128 0.0245516 0.0311673 0.0291091 0.0169068 0.0133784 0.00837989 0.0085269 0.0148486 0.0160247 0.0276389 0.0546898 0.0760071 0.122758 0.109233 0.0665981 0.0333725 0.0166128 0.00676272 0.00308733 0.000882094 0 0 0 0 0
 0 0 0 0 0 0 0 0.000805153 0.000690131 0.00759144 0.0133425 0.0154129 0.00931677 0.000345066 0.00356568 0.00563607 0.00851162 0.0253048 0.0502646 0.0516448 0.0657925 0.0565908 0.0611916 0.0827007 0.0866115 0.110766 0.145733 0.0935128 0.0569358 0.0249597 0.0138026 0.00621118 0.00161031 0.00115022 0 0
 0 0 0 0 0 0 0 0 0 0 0 0 0 0 0 0 0 0 0 0 0 0 0 0 0 0 0 0 0 0 0 0 0 0 0 0
 0.00147267 0.00158595 0.00478618 0.00569244 0.00954404 0.0108468 0.00647125 0.017049 0.0510054 0.094081 0.124002 0.0959785 0.0687766 0.0820023 0.061753 0.0591476 0.0492212 0.0479892 0.0443925 0.0268479 0.0217502 0.0140895 0.0121071 0.0120363 0.00920419 0.00665534 0.0049561 0.00860946 0.00930331 0.0156896 0.0114698 0.00855282 0.00243557 0.00046729 0 2.83206e-05
 0 0 0 0 0.000772559 0.00158375 0.000888443 0.00281984 0.00712685 0.0440552 0.0773331 0.111326 0.0921469 0.0852325 0.0710754 0.0886704 0.0786465 0.0553345 0.0373146 0.0185414 0.00753245 0.00457741 0.012979 0.0271748 0.0457355 0.0583668 0.034881 0.0177882 0.00938659 0.00492506 0.0015258 0.00185414 0.000309023 5.79419e-05 3.86279e-05 0
 0 0.00173294 0.00326652 0 0.00397197 0.00683976 0.00946217 0.0152591 0.00757587 0.0136028 0.0228656 0.0392903 0.0559909 0.0764795 0.0681675 0.0726916 0.0566044 0.0477403 0.0527397 0.0444891 0.0609904 0.0582453 0.0661739 0.0445044 0.0529084 0.0360697 0.0280645 0.0235558 0.0158879 0.00826598 0.00280645 0.00217768 0.000904811 0.00058276 9.20147e-05 0
 0 0 0 0 0 0 0 0 0 0 0 0 0 0 0 0 0 0 0 0 0 0 0 0 0 0 0 0 0 0 0 0 0 0 0 0
 0 0 0 0 0 0 0 0 0 0 0 0 0 0 0 0 0 0 0 0 0 0 0 0 0 0 0 0 0 0 0 0 0 0 0 0
 0 0 0 0 0 0 0 0 0 0 0 0 0 0 0 0 0 0 0 0 0 0 0 0 0 0 0 0 0 0 0 0 0 0 0 0
 0 0 0 0 0 0 0 0 0 0 0 0 0 0 0 0 0 0 0 0 0 0 0 0 0 0 0 0 0 0 0 0 0 0 0 0
 0 0 0 0 0 0 0 0 0 0 0 0 0 0 0 0 0 0 0 0 0 0 0 0 0 0 0 0 0 0 0 0 0 0 0 0
ppred_pel_tallas
 1.01002e-16 3.47361e-05 0.000203879 0.000969163 0.00373135 0.0116359 0.0293913 0.0601382 0.0996846 0.13387 0.145668 0.128468 0.0919136 0.0535446 0.0258053 0.0110595 0.00549925 0.00464765 0.0057638 0.00765049 0.00982986 0.0120271 0.0139957 0.0155075 0.0163898 0.0165616 0.0160488 0.0149697 0.0135006 0.0118311 0.0101263 0.00850438 0.00703214 0.00573479 0.00461141 0.00364946
 1.01097e-16 3.20796e-05 0.000188277 0.000894974 0.00344568 0.010745 0.0271411 0.0555347 0.0920563 0.123633 0.134547 0.118705 0.0850256 0.0497279 0.0243321 0.0110549 0.00641235 0.00629164 0.00815906 0.0108717 0.0139114 0.0169133 0.0195223 0.0214097 0.0223369 0.0222088 0.0210944 0.0192023 0.0168241 0.0142639 0.0117775 0.00953667 0.00762392 0.00604875 0.00477581 0.0037518
 1.01924e-16 2.66084e-05 0.000156148 0.000742215 0.00285749 0.00891076 0.0225081 0.0460557 0.0763471 0.102546 0.111628 0.0985521 0.0707397 0.0416735 0.020953 0.0104715 0.00739562 0.00835686 0.0112644 0.0151321 0.0194339 0.0237174 0.0275062 0.0303482 0.0319066 0.0320342 0.0308019 0.028469 0.025409 0.0220174 0.0186321 0.0154871 0.0127046 0.0103163 0.00829773 0.00660166
 1.02286e-16 3.02657e-05 0.000177629 0.000844357 0.0032508 0.0101373 0.025606 0.0523937 0.0868495 0.11664 0.126937 0.11199 0.0802152 0.0469135 0.0229548 0.010433 0.00606639 0.00598352 0.00780764 0.0104789 0.0135304 0.0166398 0.0194893 0.0217747 0.0232602 0.0238263 0.0234894 0.022385 0.0207228 0.0187311 0.0166095 0.0145015 0.0124917 0.0106187 0.00889516 0.0073248
 1.01958e-16 3.15689e-05 0.00018528 0.000880733 0.00339086 0.0105741 0.0267093 0.0546509 0.0905908 0.121663 0.132401 0.116802 0.083645 0.0488846 0.0238532 0.0107275 0.00607533 0.00584931 0.00756275 0.0101062 0.0129941 0.0158985 0.0185024 0.0205088 0.0216952 0.021961 0.0213465 0.0200122 0.0181913 0.0161296 0.0140355 0.0120508 0.0102477 0.008644 0.00722643 0.00597196
 1.02316e-16 2.72955e-05 0.000160185 0.000761409 0.0029314 0.00914125 0.0230902 0.0472467 0.0783206 0.105194 0.114503 0.101075 0.072515 0.0426481 0.021311 0.0104335 0.00709674 0.0078364 0.0105077 0.0141118 0.0181362 0.0221574 0.0257346 0.02845 0.0299917 0.0302223 0.0292049 0.0271748 0.024471 0.0214513 0.0184192 0.0155823 0.0130464 0.0108361 0.00892811 0.00728179
 1.01925e-16 3.28206e-05 0.000192632 0.000915692 0.00352547 0.0109939 0.0277696 0.0568202 0.0941853 0.126487 0.13764 0.121401 0.086886 0.050674 0.0245316 0.0107034 0.005604 0.00501439 0.00635102 0.00848102 0.0109414 0.0134511 0.0157491 0.0175893 0.0187816 0.0192307 0.0189519 0.0180566 0.0167159 0.0151154 0.0134161 0.0117329 0.010132 0.00864168 0.00726953 0.00601631
 1.02374e-16 2.57103e-05 0.000150874 0.000717138 0.00276094 0.00860965 0.0217475 0.0444996 0.0737684 0.0990851 0.107867 0.0952475 0.068402 0.0403653 0.0204227 0.0104155 0.0076177 0.00878221 0.0118883 0.0159707 0.0204949 0.0249864 0.0289422 0.0318869 0.0334702 0.0335457 0.0321999 0.0297182 0.0265041 0.0229797 0.0194996 0.016302 0.013502 0.0111166 0.00910444 0.00740316
 1.02488e-16 3.0534e-05 0.000179206 0.000851854 0.00327967 0.0102273 0.0258335 0.0528589 0.0876202 0.117674 0.128058 0.112971 0.0808987 0.0472754 0.0230615 0.0103632 0.00586382 0.00565419 0.00733815 0.0098553 0.0127514 0.015725 0.0184817 0.0207384 0.0222723 0.0229646 0.0228196 0.0219499 0.0205365 0.0187793 0.016855 0.0148934 0.0129746 0.0111408 0.009414 0.00780944
 1.02595e-16 2.7617e-05 0.000162073 0.000770388 0.00296598 0.00924908 0.0233626 0.0478039 0.0792437 0.106433 0.115848 0.102253 0.0733423 0.0430978 0.0214675 0.0103973 0.00692755 0.00754878 0.0100911 0.0135503 0.0174224 0.0213003 0.0247634 0.0274133 0.0289529 0.0292509 0.0283666 0.026522 0.0240366 0.0212458 0.0184319 0.0157854 0.0134004 0.0112961 0.00944861 0.00782121
 1.04131e-16 2.09047e-05 0.000122659 0.000582994 0.00224444 0.00699895 0.0176791 0.0361755 0.0599721 0.0805623 0.0877242 0.0775135 0.0557802 0.0331468 0.0171976 0.00947414 0.00780831 0.00960109 0.0132306 0.0178997 0.0231207 0.0284135 0.0332461 0.0371008 0.0395776 0.0404787 0.0398417 0.0379082 0.0350465 0.0316536 0.0280719 0.0245437 0.0212051 0.0181107 0.0152695 0.0126768
 1.06182e-16 2.04913e-05 0.000120238 0.000571499 0.00220021 0.00686104 0.0173306 0.0354621 0.0587876 0.0789659 0.0859724 0.0759334 0.0545732 0.03229 0.016499 0.00869027 0.00672045 0.00803651 0.0110655 0.0150739 0.0196638 0.0244714 0.0290895 0.0331072 0.0361853 0.0381186 0.0388639 0.0385214 0.0372843 0.0353747 0.0329919 0.0302868 0.0273639 0.0242996 0.0211646 0.0180387
 1.05179e-16 2.73987e-05 0.000160799 0.000764347 0.00294275 0.00917665 0.0231795 0.0474287 0.0786198 0.105588 0.114912 0.101387 0.072634 0.042507 0.0208513 0.00956981 0.00570214 0.00575643 0.00759599 0.0102774 0.0133936 0.0166661 0.0198152 0.0225663 0.0246962 0.0260743 0.0266799 0.0265868 0.0259264 0.0248429 0.0234573 0.0218518 0.0200737 0.0181524 0.0161185 0.0140166
 1.04539e-16 2.39933e-05 0.000140796 0.000669231 0.00257649 0.00803446 0.0202946 0.0415268 0.0688403 0.0924662 0.100663 0.088889 0.0638422 0.0376882 0.0190947 0.00978457 0.00722039 0.00838061 0.0113906 0.0153623 0.0198108 0.0243065 0.0283899 0.0316211 0.0336683 0.034379 0.0338063 0.0321777 0.0298239 0.0270897 0.0242603 0.0215222 0.0189616 0.0165909 0.0143857 0.0123182
 1.04581e-16 2.41861e-05 0.000141931 0.000674633 0.0025973 0.00809936 0.0204585 0.0418619 0.0693949 0.0932081 0.101462 0.0895767 0.0642958 0.0378752 0.0190416 0.00951912 0.00673938 0.00765262 0.0103775 0.0140439 0.0182059 0.0224863 0.0264807 0.0297937 0.0321127 0.0332708 0.0332722 0.0322701 0.0305106 0.0282622 0.0257571 0.0231605 0.020569 0.0180298 0.0155677 0.0132057
 1.04115e-16 2.70361e-05 0.000158667 0.000754204 0.00290368 0.00905482 0.0228718 0.0467994 0.0775778 0.104192 0.113402 0.100076 0.0717403 0.0420766 0.020812 0.00983997 0.00625351 0.00661523 0.00881241 0.0118919 0.0154093 0.0190302 0.0224106 0.0252173 0.0271884 0.0281859 0.0282161 0.0274107 0.0259777 0.0241414 0.0220933 0.019966 0.0178333 0.0157283 0.0136666 0.011666
 1.04238e-16 2.44227e-05 0.000143319 0.000681224 0.00262267 0.00817847 0.0206583 0.0422709 0.0700734 0.0941207 0.102459 0.0904648 0.0649506 0.0382957 0.0193163 0.0097583 0.00703164 0.00805645 0.0109264 0.0147482 0.0190485 0.0234175 0.0274178 0.0306281 0.0327252 0.033552 0.0331437 0.0317005 0.0295219 0.0269257 0.0241798 0.0214659 0.0188776 0.016443 0.014158 0.0120138
 1.0406e-16 2.67796e-05 0.000157161 0.000747044 0.00287611 0.00896884 0.0226547 0.0463551 0.0768413 0.103204 0.112327 0.0991297 0.0710683 0.0416945 0.0206457 0.00979976 0.00628007 0.00668439 0.00892168 0.0120478 0.0156203 0.0193033 0.0227491 0.0256195 0.0276469 0.0286873 0.0287422 0.0279395 0.0264854 0.0246054 0.0224942 0.0202898 0.0180732 0.0158846 0.013747 0.011683
 1.03878e-16 2.62931e-05 0.000154302 0.000733447 0.00282375 0.00880555 0.0222422 0.0455115 0.0754438 0.101329 0.110294 0.0973519 0.0698296 0.0410399 0.0204551 0.00993079 0.00665371 0.00728962 0.0097819 0.0131863 0.0170359 0.0209559 0.0245553 0.027458 0.029375 0.0301642 0.0298538 0.028618 0.0267196 0.0244375 0.0220074 0.0195894 0.0172668 0.0150664 0.0129877 0.0110267
 1.02894e-16 3.05355e-05 0.000179215 0.000851897 0.00327984 0.0102278 0.0258348 0.0528615 0.0876246 0.11768 0.128065 0.112977 0.0809041 0.0472801 0.0230665 0.0103693 0.00587119 0.00566173 0.00734284 0.00985164 0.0127312 0.0156778 0.0183965 0.0206062 0.0220893 0.0227356 0.0225601 0.021686 0.0203026 0.0186134 0.016792 0.0149591 0.013181 0.0114835 0.00987319 0.00835331
 1.02502e-16 2.88128e-05 0.000169096 0.000803779 0.00309455 0.00965003 0.0243753 0.0498758 0.0826774 0.111042 0.120857 0.106655 0.0764578 0.0448449 0.0221823 0.0104852 0.00665066 0.00700612 0.0092859 0.0124547 0.0160153 0.0195864 0.0227808 0.0252331 0.0266699 0.0269703 0.0261872 0.0245227 0.0222682 0.0197297 0.0171647 0.014747 0.0125624 0.0106283 0.00892349 0.0074149
 1.03089e-16 2.57408e-05 0.000151057 0.000718013 0.00276432 0.0086202 0.0217741 0.0445538 0.0738572 0.0992011 0.107985 0.0953315 0.0684189 0.0402884 0.0202243 0.0100567 0.00704482 0.00793309 0.0107072 0.0144277 0.0186061 0.0228291 0.0266595 0.0296772 0.031561 0.0321569 0.0315042 0.0298103 0.0273851 0.0245607 0.0216219 0.0187681 0.0161082 0.0136806 0.011484 0.00950422
 1.02952e-16 2.97359e-05 0.00017452 0.000829575 0.00319389 0.00995982 0.0251578 0.0514764 0.085329 0.114598 0.124714 0.110029 0.0788093 0.0460894 0.0225484 0.0102437 0.00595214 0.00587172 0.00767051 0.0103121 0.0133439 0.0164567 0.019345 0.021715 0.0233368 0.0240894 0.0239803 0.0231287 0.0217234 0.0199703 0.0180478 0.0160836 0.0141523 0.0122899 0.0105131 0.00883525
 1.02568e-16 2.93465e-05 0.000172231 0.000818686 0.00315195 0.00982903 0.0248274 0.0508008 0.0842101 0.113098 0.123091 0.108616 0.07784 0.0456083 0.0224722 0.0104759 0.00645073 0.00665087 0.00876887 0.0117589 0.0151327 0.0185287 0.0215836 0.0239539 0.0253819 0.0257507 0.0251052 0.0236288 0.0215883 0.0192641 0.0168928 0.0146339 0.0125673 0.0107112 0.00904956 0.00755726
 1.04753e-16 1.56816e-05 9.19859e-05 0.000437149 0.00168287 0.00524769 0.0132556 0.0271257 0.0449748 0.0604329 0.0658501 0.0582917 0.0421795 0.0255299 0.0141002 0.00913086 0.00908083 0.0120635 0.0168735 0.0228465 0.0294587 0.03611 0.0421144 0.0468057 0.0496774 0.0504914 0.0493213 0.0465089 0.0425598 0.0380121 0.0333252 0.0288171 0.024657 0.0208975 0.0175256 0.0145068
 1.07386e-16 2.08985e-05 0.000122635 0.00058291 0.00224416 0.00699814 0.0176768 0.0361699 0.0599588 0.0805327 0.0876611 0.0773842 0.0555275 0.0326776 0.0163728 0.00810417 0.00566036 0.00642548 0.00880885 0.0121114 0.0160157 0.0202696 0.0245887 0.0286667 0.032222 0.0350404 0.0369979 0.0380567 0.0382421 0.0376135 0.0362429 0.0342078 0.0315973 0.028522 0.0251207 0.0215555
 1.06454e-16 2.54797e-05 0.000149531 0.000710774 0.00273647 0.00853339 0.0215547 0.0441044 0.0731103 0.0981922 0.106871 0.0943122 0.0676084 0.0396526 0.0196128 0.00927474 0.00590174 0.00625958 0.00836566 0.0113341 0.0147622 0.0183538 0.0218038 0.0248142 0.0271469 0.0286689 0.029369 0.0293389 0.0287289 0.0276957 0.0263626 0.0248022 0.0230444 0.0210983 0.0189784 0.0167215
pSPR Fmed_Fpbrs
0.4461   0.6 0.325
Fs Fmed_Fpbrs
0.64   0.348602 1.06646
SSBpbr Bo_Bmed_Bpbrs
2.63771e+06  1.0448e+06  1.45074e+06 725371
Ro
67507.9
SPR SPRFo_SPRFmed_SPRFpbrs
1.39432e+06 622007 453155
log_Ro
10.94
likeval ReclasPelacesDesembMPH_pf_preclas_ppelaces_ptallas_desvR_qrecl_qpela
 0.00101303 27.2808 0.0148093 19.1593 332.849 220.623 56.6822 0 13.2074 9.72572e-05 1.9752e-06 3.65691e-16 0 0 0
q_reclas_q_pelaces
0.247221 0.818773
M
0.7
N
 46641.3 12316.3 4483.56 522.609 0.443321
 52599.8 20766.1 3513.82 1264.38 147.494
 30408.4 23882.3 6543.96 1096.79 440.676
 42082.8 13055.1 5664.58 1528.29 359.036
 74480.7 20276.6 5562.18 2405.67 801.512
 69328.1 36766.9 9769.79 2678.31 1544.33
 139033 32456.6 13535.5 3574.19 1544.77
 105903 66855.5 13688.3 5688.99 2151.47
 159937 49894.7 25417.1 5174.97 2964.05
 158456 75003.3 18527.9 9381.03 3003.89
 82568.2 75488.6 30170.6 7420.11 4959.85
 53885.1 37857.4 24999.1 9906.92 4064.95
 63745.2 25006.9 13331.1 8739.97 4884.55
 36101.1 28845.4 7746.77 4089.13 4178.93
 25972.2 15868.5 7710.9 2044.15 2181.55
 30318.3 11864.7 5158.25 2484.35 1361.4
 26776.8 14562 4974.53 2155.06 1606.68
 33762.8 12912.9 6231.4 2122.08 1604.69
 37830.6 16411.3 5752.57 2769.73 1656.45
 66444.3 18442 7419.6 2595.64 1997.13
 86712.5 32361.6 8299.32 3332.1 2062.56
 88837.4 42661.7 15329.4 3927.44 2552.87
 148961 43570.2 19889.1 7137.22 3017.14
 206786 72776.6 19919.1 9077 4634.21
 79854.8 101040 33291.8 9096.37 6261.39
 94405.2 39096.8 46692.1 15361.4 7086.29
 124554 46178.9 17984.5 21443.9 10309.3
pred_Ctot
 3490.75 3889.68 1438.99 167.745 0.142295
 3257.95 5601.03 963.878 346.862 40.4626
 2986.94 9355.12 2601.62 436.075 175.209
 901.114 1345.37 595.164 160.59 37.7269
 317.471 434.139 121.553 52.5779 17.5177
 2863.85 6957.74 1882.64 516.159 297.619
 3171.86 3551.17 1509.78 398.713 172.324
 3915.33 11445.1 2386.83 992.078 375.186
 6420.77 9202.62 4774.01 972.088 556.781
 4642.82 10371.2 2610.77 1322.01 423.319
 4575.38 18509.3 7526.46 1851.21 1237.41
 2546.73 8077.18 5429.32 2151.79 882.91
 4090.7 6950.08 3767.62 2470.3 1380.59
 3002.54 9921 2706.42 1428.69 1460.07
 1502.88 4038.65 1996.36 529.278 564.855
 716.188 1341.46 594.528 286.369 156.928
 557.203 1460.54 508.71 220.404 164.321
 514.393 961.496 473.25 161.18 121.882
 498.818 1063 380.091 183.023 109.458
 918.78 1250.7 513.27 179.578 138.171
 577.328 1075.82 281.562 113.056 69.9817
 790.054 1883.83 690.697 176.976 115.036
 1732.41 2498.87 1163.73 417.646 176.553
 2387.2 4144.06 1157.14 527.356 269.239
 808.704 5065.09 1702.76 465.295 320.281
 1016.58 2080.63 2535.14 834.133 384.789
 2000.51 3617.42 1436.85 1713.41 823.734
F
 0.109162 0.554221 0.565836 0.565896 0.565897
 0.089576 0.454781 0.464312 0.464361 0.464361
 0.145538 0.738904 0.754391 0.75447 0.754471
 0.0301734 0.153192 0.156402 0.156419 0.156419
 0.00594256 0.0301706 0.0308029 0.0308062 0.0308062
 0.0589483 0.299283 0.305555 0.305588 0.305588
 0.0321758 0.163358 0.166781 0.166799 0.166799
 0.052612 0.267113 0.272711 0.27274 0.27274
 0.0572461 0.29064 0.296732 0.296763 0.296763
 0.0414938 0.210665 0.215081 0.215103 0.215104
 0.0797989 0.405142 0.413633 0.413677 0.413677
 0.0677026 0.343728 0.350933 0.35097 0.35097
 0.092943 0.471875 0.481765 0.481816 0.481816
 0.121984 0.619316 0.632296 0.632362 0.632363
 0.0834623 0.423741 0.432622 0.432668 0.432668
 0.0333331 0.169233 0.17278 0.172798 0.172798
 0.0293116 0.148816 0.151935 0.151951 0.151951
 0.0213859 0.108577 0.110853 0.110864 0.110865
 0.0184848 0.0938481 0.095815 0.0958251 0.0958252
 0.0193929 0.0984585 0.100522 0.100533 0.100533
 0.00929602 0.0471962 0.0481854 0.0481905 0.0481905
 0.0124342 0.0631288 0.0644519 0.0644587 0.0644588
 0.0162883 0.0826961 0.0844293 0.0844382 0.0844383
 0.0161674 0.0820823 0.0838026 0.0838115 0.0838115
 0.0141703 0.071943 0.0734508 0.0734586 0.0734586
 0.0150733 0.0765276 0.0781315 0.0781398 0.0781398
 0.0225567 0.114521 0.116922 0.116934 0.116934
Np
 65378.3 30354.5 21344.1 7166.64 3759.97
YTP_r0W_actual
 47954.9 211585 121937 185693 99069
YTP_p0W_proyectada
 25171.4 277075 138656 68802.7 131257
 25171.4 139080 144715 62059.3 36131.9
CTP_r0_actual
 5848.16 9795.59 3883.35 4630.75 2226.27
CTP_p0_proyectada
 3069.69 12827.5 4415.8 1715.78 2949.59
 3069.69 6438.88 4608.77 1547.61 811.953
Wmedp
 8.2 21.6 31.4 40.1 44.5
nmprior
 10.8 10.6 4.6 0
nm_flota  nm_reclas  nm_pelaces    nm_pelaL
inf 12.436 16.6039 51.0851
cv_recla  cv_pelaces  cv_mph
0.918801 0.572162 0.584919
 ------------------------------------------------
Talla a la edad & desviaci?n 
 7.2 14.2025 17.0495 18.207 18.6776
 1.08 2.13037 2.55742 2.73105 2.80164
