years
 1997 1998 1999 2000 2001 2002 2003 2004 2005 2006 2007 2008 2009 2010 2011 2012 2013 2014 2015 2016 2017 2018 2019 2020 2021 2022 2023
reclasobs
 0 0 0 370054 412103 1.49427e+06 250295 1.28982e+06 931140 785840 897777 1.04006e+06 184774 17550 25797 100020 73551 82996 120727 218422 84188 347160 605670 569463 516374 1.08416e+06 1.01767e+06
reclaspred
 865256 179212 235370 80371.6 198905 216100 790794 623973 790420 1.01859e+06 930213 674412 475955 232321 129436 102168 102574 131563 142309 184004 290408 268216 423868 560398 654912 446390 111239
pelacesobs
 0 0 0 0 0 0 0 0 0 2.06254e+06 1.5e+06 0 1.87456e+06 323000 250000 174000 83755 137374 0 501740 490994 745055 786931 1.00524e+06 1.33801e+06 1.41789e+06 0
pelacespred
 2.22019e+06 530758 272500 168876 418946 281243 1.7736e+06 1.37018e+06 1.67286e+06 2.22105e+06 1.77422e+06 1.37341e+06 948582 368542 198753 176933 182889 244926 269928 339780 640282 595694 728552 1.06583e+06 1.26601e+06 934087 140592
mphobs
 0 0 0 0 0 0 112323 0 153150 637223 0 255016 313432 73983 77613 109348 50772 17779 17303 59886 28197 0 207744 136588 643089 65757 70829
mphpred
 285056 132338 100284 38777.1 41181.2 97867 164452 299309 263875 349622 425220 295331 195543 143393 63851.6 41005.3 34906 43248.4 40883.9 41906.7 68053.5 89640.2 97331.8 142498 186144 140303 58796.2
desembarqueobs
 350755 77701 442110 56441 14545 235359 269955 359681 431902 328805 639364 411747 362871 311530 167758 66681 60226 58785 57116 73181 50977 67692 138656 160484 209506 203330 245020
desembarquepred
 350742 77682.5 441885 56440.5 14544.4 235253 269875 359485 431576 328667 638876 411425 362555 311505 167704 66690.6 60241.7 58753.6 57076.4 73149.3 50971.8 67670.2 138627 160442 209461 203286 244993
Reclutas
 27601.9 34494.7 7577.55 9818.19 30479 25518.7 70606.9 52873.6 91417.3 119156 64438.3 53056.6 59248 26794.9 11969.5 10345.4 7924.94 9685.44 9904.1 14904.7 20806.7 21669.5 38458.6 52521.1 15020.7 14960.7 7745.66
log_desv_Rt
 0.125641 0.34856 -1.16705 -0.908008 0.224794 0.0471657 1.06488 0.77566 1.32319 1.58819 0.973463 0.779114 0.889488 0.0959683 -0.709885 -0.855703 -1.12223 -0.921621 -0.899296 -0.490568 -0.156972 -0.116341 0.457336 0.768971 -0.482814 -0.486815 -1.14511
SSB
 469421 217929 165144 63856.9 67815.8 161164 260472 484720 419656 560993 700238 486341 335179 222724 104371 68174.4 61737.2 71649.1 89242.9 98085.1 147064 188041 211741 291942 427653 341371 140233
BT
 1.32881e+06 331278 356423 137483 218326 299494 1.15656e+06 997347 1.23985e+06 1.34392e+06 1.30871e+06 956351 792921 452933 230127 131220 130224 157128 156033 205195 320785 280400 387644 572091 609703 499140 268560
Ftot
 0.688467 0.827249 2.23743 1.3508 0.206838 1.67102 0.943035 1.06291 1.27854 0.690278 1.08268 1.02263 1.47001 2.02242 2.0413 1.09419 1.05607 0.850244 0.665366 0.743481 0.329555 0.402984 0.552501 0.527141 0.44868 0.665846 2.58137
BD_Bspro_t
 0.913491 0.608044 0.420605 0.131774 0.214923 0.436257 0.416755 0.518157 0.442741 0.469978 0.491869 0.337525 0.262692 0.211833 0.123495 0.101658 0.127422 0.199294 0.287102 0.361087 0.487125 0.611313 0.598951 0.60373 0.623179 0.495047 0.272915
BD_Bspro
 0.933639 0.433443 0.328459 0.127006 0.13488 0.320542 0.518058 0.964069 0.834661 1.11577 1.39272 0.967293 0.666643 0.44298 0.207586 0.135593 0.12279 0.142504 0.177497 0.195083 0.292499 0.373998 0.421136 0.580649 0.850567 0.678959 0.278911
BD_Bo
 0.761377 0.35347 0.267856 0.103573 0.109994 0.2614 0.422474 0.786193 0.680662 0.909902 1.13575 0.788822 0.543644 0.361248 0.169285 0.110575 0.100135 0.116211 0.144748 0.159089 0.238531 0.304993 0.343434 0.473516 0.693633 0.553687 0.227451
BD_Brms
 1.38432 0.642673 0.487011 0.188314 0.199989 0.475274 0.768134 1.42944 1.23757 1.65437 2.065 1.43422 0.988443 0.656814 0.307791 0.201046 0.182063 0.211293 0.263177 0.289253 0.433693 0.554533 0.624425 0.860938 1.26115 1.0067 0.413546
S_f
 0.123596 1 1 1 1
 0.123596 1 1 1 1
 0.123596 1 1 1 1
 0.123596 1 1 1 1
 0.123596 1 1 1 1
 0.123596 1 1 1 1
 0.123596 1 1 1 1
 0.123596 1 1 1 1
 0.123596 1 1 1 1
 0.123596 1 1 1 1
 0.123596 1 1 1 1
 0.123596 1 1 1 1
 0.123596 1 1 1 1
 0.123596 1 1 1 1
 0.123596 1 1 1 1
 0.123596 1 1 1 1
 0.123596 1 1 1 1
 0.123596 1 1 1 1
 0.123596 1 1 1 1
 0.123596 1 1 1 1
 0.123596 1 1 1 1
 0.123596 1 1 1 1
 0.123596 1 1 1 1
 0.123596 1 1 1 1
 0.123596 1 1 1 1
 0.123596 1 1 1 1
 0.123596 1 1 1 1
Scru_reclas
 0.552059 0.870923 0.973643 0.99508 0.999098
 0.552059 0.870923 0.973643 0.99508 0.999098
 0.552059 0.870923 0.973643 0.99508 0.999098
 0.552059 0.870923 0.973643 0.99508 0.999098
 0.552059 0.870923 0.973643 0.99508 0.999098
 0.552059 0.870923 0.973643 0.99508 0.999098
 0.552059 0.870923 0.973643 0.99508 0.999098
 0.552059 0.870923 0.973643 0.99508 0.999098
 0.552059 0.870923 0.973643 0.99508 0.999098
 0.552059 0.870923 0.973643 0.99508 0.999098
 0.552059 0.870923 0.973643 0.99508 0.999098
 0.552059 0.870923 0.973643 0.99508 0.999098
 0.552059 0.870923 0.973643 0.99508 0.999098
 0.552059 0.870923 0.973643 0.99508 0.999098
 0.552059 0.870923 0.973643 0.99508 0.999098
 0.552059 0.870923 0.973643 0.99508 0.999098
 0.552059 0.870923 0.973643 0.99508 0.999098
 0.552059 0.870923 0.973643 0.99508 0.999098
 0.552059 0.870923 0.973643 0.99508 0.999098
 0.552059 0.870923 0.973643 0.99508 0.999098
 0.552059 0.870923 0.973643 0.99508 0.999098
 0.552059 0.870923 0.973643 0.99508 0.999098
 0.552059 0.870923 0.973643 0.99508 0.999098
 0.552059 0.870923 0.973643 0.99508 0.999098
 0.552059 0.870923 0.973643 0.99508 0.999098
 0.552059 0.870923 0.973643 0.99508 0.999098
 0.552059 0.870923 0.973643 0.99508 0.999098
Scru_pelaces
 0.473255 0.818893 0.957905 0.991344 0.998268
 0.473255 0.818893 0.957905 0.991344 0.998268
 0.473255 0.818893 0.957905 0.991344 0.998268
 0.473255 0.818893 0.957905 0.991344 0.998268
 0.473255 0.818893 0.957905 0.991344 0.998268
 0.473255 0.818893 0.957905 0.991344 0.998268
 0.473255 0.818893 0.957905 0.991344 0.998268
 0.473255 0.818893 0.957905 0.991344 0.998268
 0.473255 0.818893 0.957905 0.991344 0.998268
 0.473255 0.818893 0.957905 0.991344 0.998268
 0.473255 0.818893 0.957905 0.991344 0.998268
 0.473255 0.818893 0.957905 0.991344 0.998268
 0.473255 0.818893 0.957905 0.991344 0.998268
 0.473255 0.818893 0.957905 0.991344 0.998268
 0.473255 0.818893 0.957905 0.991344 0.998268
 0.473255 0.818893 0.957905 0.991344 0.998268
 0.473255 0.818893 0.957905 0.991344 0.998268
 0.473255 0.818893 0.957905 0.991344 0.998268
 0.473255 0.818893 0.957905 0.991344 0.998268
 0.473255 0.818893 0.957905 0.991344 0.998268
 0.473255 0.818893 0.957905 0.991344 0.998268
 0.473255 0.818893 0.957905 0.991344 0.998268
 0.473255 0.818893 0.957905 0.991344 0.998268
 0.473255 0.818893 0.957905 0.991344 0.998268
 0.473255 0.818893 0.957905 0.991344 0.998268
 0.473255 0.818893 0.957905 0.991344 0.998268
 0.473255 0.818893 0.957905 0.991344 0.998268
pf_obs 
 0.256992 0.487395 0.22802 0.0275931 0
 0.321318 0.546541 0.124235 0.00734118 0.000564706
 0.182869 0.594174 0.210203 0.0122559 0.00049798
 0.330522 0.361315 0.267642 0.0388342 0.00168674
 0.649043 0.306663 0.0425973 0.00169635 0
 0.582887 0.30429 0.105238 0.00758474 0
 0.465427 0.430635 0.0974691 0.00646863 0
 0.296916 0.608066 0.0921331 0.00288517 0
 0.311714 0.524322 0.152257 0.0117073 0
 0.15457 0.633149 0.183074 0.0267441 0.00246327
 0.131901 0.49318 0.331252 0.0422183 0.00144891
 0.196976 0.569456 0.194076 0.0375587 0.00193317
 0.518974 0.381816 0.0799577 0.0180837 0.00116848
 0.0928022 0.601141 0.25162 0.0475244 0.00691264
 0.122501 0.610282 0.24278 0.0234846 0.000952079
 0.383417 0.481906 0.127806 0.00687128 0
 0.0376549 0.599619 0.316969 0.0457579 0
 0.0361596 0.667082 0.258105 0.0386534 0
 0.158088 0.579412 0.248529 0.0139706 0
 0.0477256 0.309471 0.559284 0.082774 0.000745712
 0.0406174 0.521527 0.379366 0.0568643 0.0016247
 0.151134 0.462217 0.34131 0.0453401 0
 0.294876 0.26143 0.354403 0.0886775 0.000613685
 0.281977 0.475581 0.204845 0.0348837 0.00271318
 0.0841818 0.532909 0.334909 0.0458182 0.00218182
 0.115287 0.27431 0.454777 0.147771 0.00785563
 0 0 0 0 0
pf_pred 
 0.208516 0.548133 0.216484 0.0268602 7.62654e-06
 0.254785 0.560783 0.127726 0.0504452 0.00626075
 0.0885127 0.738117 0.130463 0.0297148 0.0131923
 0.330672 0.494087 0.141909 0.0250825 0.00824923
 0.468458 0.474367 0.0422057 0.0121221 0.00284725
 0.24604 0.669273 0.0755778 0.00672435 0.00238496
 0.506015 0.429336 0.0573871 0.00648045 0.000781082
 0.219905 0.726684 0.0464215 0.00620492 0.000785146
 0.377072 0.498507 0.115902 0.00740401 0.00111488
 0.306476 0.628972 0.051659 0.0120107 0.000882791
 0.151246 0.709735 0.126079 0.0103552 0.00258453
 0.193852 0.579795 0.189278 0.0336238 0.00345088
 0.283223 0.551639 0.11877 0.0387734 0.00759471
 0.18211 0.717192 0.0774983 0.0166857 0.00651413
 0.186411 0.690994 0.107502 0.0116164 0.00347749
 0.256564 0.635215 0.0919137 0.0142995 0.00200774
 0.207747 0.660065 0.112946 0.0163429 0.00289954
 0.269556 0.575443 0.129139 0.0220973 0.00376469
 0.228373 0.635159 0.10751 0.024127 0.00483178
 0.290499 0.547269 0.13354 0.0226035 0.00608847
 0.263346 0.611143 0.0968124 0.0236233 0.00507564
 0.19519 0.622428 0.151308 0.023969 0.00710535
 0.286408 0.504022 0.162078 0.0394002 0.00809168
 0.263793 0.597457 0.0980016 0.0315144 0.00923428
 0.0662676 0.738909 0.158106 0.0259343 0.0107834
 0.122508 0.367553 0.40354 0.0863462 0.0200526
 0.15521 0.51883 0.136534 0.149902 0.0395237
pobs_RECLAS
 0 0 0 0 0
 0 0 0 0 0
 0 0 0 0 0
 0 0 0 0 0
 0.835266 0.146461 0.0176864 0.000547809 3.91292e-05
 0.385257 0.428462 0.181853 0.0044286 0
 0.867414 0.0963971 0.0333333 0.00285562 0
 0.441836 0.489002 0.0689373 0.000224442 0
 0.779404 0.147425 0.0564933 0.0165055 0.000172143
 0.814271 0.122319 0.05973 0.00367925 0
 0.40263 0.566651 0.0304383 0.000280538 0
 0.475488 0.404961 0.113038 0.00651328 0
 0.955842 0.0263864 0.0167828 0.000988607 0
 0.975058 0.0227948 0.00214734 0 0
 0.738997 0.206755 0.0527124 0.00153531 0
 0.850938 0.134255 0.0134407 0.00136685 0
 0.542534 0.407297 0.0501686 0 0
 0.764087 0.199537 0.0359546 0.000420521 0
 0.470689 0.182191 0.310203 0.0369168 0
 0.84361 0.089868 0.0606195 0.00523954 0.000663233
 0.607945 0.314616 0.071237 0.00620181 0
 0.523733 0.453247 0.0230204 0 0
 0.530135 0.295979 0.169645 0.0042399 0
 0.562478 0.366248 0.0663022 0.0049721 0
 0.250443 0.683176 0.0655157 0.000865301 0
 0.195077 0.31981 0.436473 0.0351445 0.0134964
 0.565238 0.351407 0.0832357 0.000118908 0
ppred_RECLAS
 0.578846 0.281232 0.124172 0.0157458 4.48884e-06
 0.645576 0.258664 0.0658629 0.0265851 0.0033128
 0.395756 0.478004 0.0944523 0.0219865 0.00980064
 0.738153 0.187269 0.0601299 0.010862 0.00358676
 0.818672 0.159683 0.0158831 0.00466228 0.0010995
 0.666337 0.292223 0.0368914 0.00335458 0.00119459
 0.848854 0.129321 0.0193244 0.00223026 0.000269896
 0.612542 0.357958 0.0255638 0.00349222 0.000443675
 0.775011 0.175847 0.0457064 0.00298407 0.00045115
 0.70277 0.266515 0.0244712 0.00581481 0.000429117
 0.497683 0.411923 0.0818056 0.00686684 0.0017208
 0.5667 0.301312 0.109967 0.0199649 0.0020573
 0.697358 0.226393 0.0544923 0.0181811 0.00357558
 0.591935 0.352447 0.0425765 0.00936875 0.00367234
 0.599001 0.334471 0.0581727 0.00642443 0.00193098
 0.658175 0.28698 0.0464228 0.00738127 0.00104056
 0.592171 0.333024 0.0637055 0.00942095 0.00167821
 0.664566 0.257577 0.0646222 0.0113011 0.00193314
 0.609895 0.314257 0.0594662 0.013639 0.00274244
 0.684304 0.236877 0.0646178 0.0111783 0.00302314
 0.647107 0.286721 0.0507772 0.012663 0.00273172
 0.554219 0.335462 0.0911666 0.0147599 0.00439306
 0.673996 0.22219 0.0798767 0.019845 0.00409206
 0.650858 0.276794 0.0507579 0.0166816 0.00490774
 0.267912 0.56486 0.135119 0.0226518 0.00945655
 0.412885 0.229485 0.28167 0.0615965 0.0143626
 0.565073 0.254091 0.0747523 0.0838782 0.0222049
pobs_PELACES
 0 0 0 0 0
 0 0 0 0 0
 0 0 0 0 0
 0 0 0 0 0
 0 0 0 0 0
 0 0 0 0 0
 0 0 0 0 0
 0 0 0 0 0
 0 0 0 0 0
 0 0 0 0 0
 0.450072 0.473896 0.0757376 0.000293798 0
 0 0 0 0 0
 0.463077 0.371075 0.160297 0.00555027 0
 0.529543 0.364841 0.0842815 0.0213345 0
 0.631943 0.363953 0.00410389 0 0
 0.735681 0.248677 0.0153453 0.000297389 0
 0.695825 0.281241 0.0229344 0 0
 0.275771 0.60734 0.115278 0.00161068 0
 0 0 0 0 0
 0.896147 0.0623911 0.0374545 0.00400742 0
 0.803859 0.145111 0.0509908 3.86294e-05 0
 0.739449 0.233085 0.0266225 0.000797448 4.60066e-05
 0.878498 0.100942 0.0204185 0.000141795 0
 0.694673 0.275183 0.0284847 0.00165964 0
 0.469039 0.446079 0.0841089 0.000773354 0
 0.822795 0.102175 0.0682046 0.00682512 0
 0 0 0 0 0
ppred_PELACES
 0.60084 0.262376 0.121215 0.0155648 4.45026e-06
 0.675443 0.233673 0.0622572 0.0254467 0.00318024
 0.530244 0.367779 0.0760402 0.0179238 0.00801312
 0.789309 0.148606 0.0499274 0.00913276 0.0030246
 0.812879 0.163807 0.0170484 0.00506747 0.00119857
 0.745849 0.22127 0.0292286 0.00269133 0.000961215
 0.869786 0.110646 0.0173001 0.00202182 0.00024539
 0.661355 0.311719 0.0232934 0.00322219 0.000410571
 0.818156 0.140673 0.0382585 0.00252932 0.000383521
 0.723659 0.246534 0.0236858 0.00569916 0.000421817
 0.550551 0.365435 0.0759368 0.0064546 0.00162224
 0.612312 0.26566 0.101449 0.0186508 0.00192753
 0.760404 0.17699 0.0445757 0.01506 0.00297048
 0.702184 0.255496 0.0322951 0.00719601 0.00282895
 0.70916 0.240668 0.043798 0.00489793 0.00147649
 0.705051 0.245716 0.04159 0.00669625 0.000946762
 0.640406 0.291054 0.0582574 0.00872394 0.00155861
 0.6955 0.231212 0.0606959 0.0107484 0.00184398
 0.631195 0.294278 0.0582664 0.0135324 0.00272899
 0.707672 0.2167 0.0618535 0.0108351 0.00293891
 0.645654 0.285252 0.0528581 0.0133482 0.002888
 0.557215 0.329234 0.093621 0.0153484 0.00458165
 0.685258 0.211185 0.0794389 0.0199852 0.00413306
 0.66205 0.265148 0.0508756 0.0169312 0.00499579
 0.273082 0.554656 0.138828 0.023567 0.00986751
 0.430093 0.216268 0.27775 0.0615054 0.0143835
 0.709618 0.165889 0.0510655 0.0580224 0.0154053
pobs_pel_tallas
 0 0 0 0 0 0 0 0 0 0 0 0 0 0 0 0 0 0 0 0 0 0 0 0 0 0 0 0 0 0 0 0 0 0 0 0
 0 0 0 0 0 0 0 0 0 0 0 0 0 0 0 0 0 0 0 0 0 0 0 0 0 0 0 0 0 0 0 0 0 0 0 0
 0 0 0 0 0 0 0 0 0 0 0 0 0 0 0 0 0 0 0 0 0 0 0 0 0 0 0 0 0 0 0 0 0 0 0 0
 0 0 0 0 0 0 0 0 0 0 0 0 0 0 0 0 0 0 0 0 0 0 0 0 0 0 0 0 0 0 0 0 0 0 0 0
 0 0 0 0 0 0 0 0 0 0 0 0 0 0 0 0 0 0 0 0 0 0 0 0 0 0 0 0 0 0 0 0 0 0 0 0
 0 0 0 0 0 0 0 0 0 0 0 0 0 0 0 0 0 0 0 0 0 0 0 0 0 0 0 0 0 0 0 0 0 0 0 0
 0 0 0 0 0 0 0 0 0 0 0 0 0 0 0 0 0 0 0 0 0 0 0 0 0 0 0 0 0 0 0 0 0 0 0 0
 0 0 0 0 0 0 0 0 0 0 0 0 0 0 0 0 0 0 0 0 0 0 0 0 0 0 0 0 0 0 0 0 0 0 0 0
 0 0 0 0 0 0 0 0 0 0 0 0 0 0 0 0 0 0 0 0 0 0 0 0 0 0 0 0 0 0 0 0 0 0 0 0
 0 0 0 0 0 0 0 0 0 0 0 0 0 0 0 0 0 0 0 0 0 0 0 0 0 0 0 0 0 0 0 0 0 0 0 0
 0 0 0 0 0 0 0 0 1.78061e-05 0.00172719 0.00360574 0.0105946 0.0120993 0.0124554 0.0147524 0.0171206 0.0266825 0.0428682 0.0675386 0.121331 0.153587 0.119568 0.100827 0.0573624 0.0630603 0.0341343 0.0324427 0.0444173 0.0211091 0.0280891 0.0125444 0.00206551 0 0 0 0
 0 0 0 0 0 0 0 0 0 0 0 0 0 0 0 0 0 0 0 0 0 0 0 0 0 0 0 0 0 0 0 0 0 0 0 0
 0 0 0 0 0 0 0.0133647 0.0140871 0.0187388 0.0205184 0.03894 0.0496705 0.03968 0.0493445 0.0407372 0.0367815 0.0215668 0.0243155 0.0234873 0.0199281 0.019796 0.0243948 0.0301388 0.0376714 0.0412746 0.0863199 0.0771752 0.113111 0.0741005 0.0525337 0.0229764 0.00759418 0.00175318 0 0 0
 0 0 0 0 0 0 0 0 0 0 0.00219441 0.00772107 0.0458388 0.0604681 0.0671733 0.0775358 0.0609151 0.0617685 0.073594 0.0568108 0.0755445 0.0548602 0.0670107 0.0636378 0.0643287 0.046367 0.0373049 0.0286899 0.0247887 0.0153202 0.00654259 0.00121912 0.000365735 0 0 0
 0 0 0 0 0 0 0 0 0 0 0 0 0.000112435 0.00938835 0.0111873 0.0202946 0.0414886 0.0713402 0.111592 0.104902 0.108894 0.110636 0.117776 0.105296 0.107544 0.0401394 0.0192827 0.0124803 0.00416011 0.0028671 0.000618394 0 0 0 0 0
 0 0 0 0 0 0 0 0 0 0 0.00291406 0.0102884 0.027416 0.0768956 0.0749926 0.110853 0.0956884 0.0897413 0.0766577 0.0534642 0.0500743 0.0551293 0.0594112 0.0620874 0.0668451 0.0424026 0.0208742 0.0120726 0.0048766 0.00582813 0.00118941 0.000297354 0 0 0 0
 0 0.00264628 0.0354308 0.0461629 0.0458689 0.0383711 0.0214643 0.0164657 0.0346957 0.0420465 0.0363128 0.0245516 0.0311673 0.0291091 0.0169068 0.0133784 0.00837989 0.0085269 0.0148486 0.0160247 0.0276389 0.0546898 0.0760071 0.122758 0.109233 0.0665981 0.0333725 0.0166128 0.00676272 0.00308733 0.000882094 0 0 0 0 0
 0 0 0 0 0 0 0 0.000805153 0.000690131 0.00759144 0.0133425 0.0154129 0.00931677 0.000345066 0.00356568 0.00563607 0.00851162 0.0253048 0.0502646 0.0516448 0.0657925 0.0565908 0.0611916 0.0827007 0.0866115 0.110766 0.145733 0.0935128 0.0569358 0.0249597 0.0138026 0.00621118 0.00161031 0.00115022 0 0
 0 0 0 0 0 0 0 0 0 0 0 0 0 0 0 0 0 0 0 0 0 0 0 0 0 0 0 0 0 0 0 0 0 0 0 0
 0.00147267 0.00158595 0.00478618 0.00569244 0.00954404 0.0108468 0.00647125 0.017049 0.0510054 0.094081 0.124002 0.0959785 0.0687766 0.0820023 0.061753 0.0591476 0.0492212 0.0479892 0.0443925 0.0268479 0.0217502 0.0140895 0.0121071 0.0120363 0.00920419 0.00665534 0.0049561 0.00860946 0.00930331 0.0156896 0.0114698 0.00855282 0.00243557 0.00046729 0 2.83206e-05
 0 0 0 0 0.000772559 0.00158375 0.000888443 0.00281984 0.00712685 0.0440552 0.0773331 0.111326 0.0921469 0.0852325 0.0710754 0.0886704 0.0786465 0.0553345 0.0373146 0.0185414 0.00753245 0.00457741 0.012979 0.0271748 0.0457355 0.0583668 0.034881 0.0177882 0.00938659 0.00492506 0.0015258 0.00185414 0.000309023 5.79419e-05 3.86279e-05 0
 0 0.00173294 0.00326652 0 0.00397197 0.00683976 0.00946217 0.0152591 0.00757587 0.0136028 0.0228656 0.0392903 0.0559909 0.0764795 0.0681675 0.0726916 0.0566044 0.0477403 0.0527397 0.0444891 0.0609904 0.0582453 0.0661739 0.0445044 0.0529084 0.0360697 0.0280645 0.0235558 0.0158879 0.00826598 0.00280645 0.00217768 0.000904811 0.00058276 9.20147e-05 0
 0 0 0 0 0 0 0 0 0 0 0 0 0 0 0 0 0 0 0 0 0 0 0 0 0 0 0 0 0 0 0 0 0 0 0 0
 0 0 0 0 0 0 0 0 0 0 0 0 0 0 0 0 0 0 0 0 0 0 0 0 0 0 0 0 0 0 0 0 0 0 0 0
 0 0 0 0 0 0 0 0 0 0 0 0 0 0 0 0 0 0 0 0 0 0 0 0 0 0 0 0 0 0 0 0 0 0 0 0
 0 0 0 0 0 0 0 0 0 0 0 0 0 0 0 0 0 0 0 0 0 0 0 0 0 0 0 0 0 0 0 0 0 0 0 0
 0 0 0 0 0 0 0 0 0 0 0 0 0 0 0 0 0 0 0 0 0 0 0 0 0 0 0 0 0 0 0 0 0 0 0 0
ppred_pel_tallas
 1.02342e-16 2.6223e-05 0.000153889 0.000731476 0.00281616 0.00878186 0.0221824 0.0453892 0.0752417 0.10106 0.110005 0.0971073 0.0696774 0.0409974 0.0205212 0.0101079 0.00696036 0.00775937 0.0104542 0.0140947 0.0181962 0.0223553 0.0261448 0.029151 0.0310523 0.0316859 0.0310751 0.0294077 0.0269754 0.024099 0.0210621 0.018074 0.0152625 0.0126894 0.0103762 0.00832627
 1.01983e-16 2.94747e-05 0.000172982 0.000822256 0.00316569 0.00987188 0.0249357 0.0510223 0.0845776 0.113593 0.123631 0.109097 0.0781943 0.0458355 0.0226202 0.010605 0.00660989 0.00687391 0.00907764 0.0121646 0.0156337 0.019107 0.0222027 0.024561 0.0259129 0.0261386 0.0252904 0.0235681 0.0212606 0.0186733 0.0160656 0.0136155 0.0114144 0.00948554 0.00781149 0.00636051
 1.0219e-16 2.31488e-05 0.000135831 0.000645609 0.00248551 0.00775072 0.019578 0.0400611 0.0664133 0.0892137 0.0971417 0.0858274 0.0617467 0.0366586 0.0189551 0.0103334 0.00837843 0.0101942 0.0139637 0.0187817 0.024087 0.0293326 0.0339241 0.0372978 0.0390393 0.0389776 0.0372199 0.0341115 0.0301404 0.0258179 0.0215761 0.0177082 0.0143586 0.0115513 0.00923615 0.00733363
 1.01213e-16 3.44363e-05 0.000202119 0.000960794 0.00369913 0.0115354 0.0291375 0.0596189 0.0988239 0.132715 0.144412 0.127363 0.0911285 0.0530988 0.0256122 0.0110139 0.0055312 0.00472736 0.00588554 0.00781742 0.0100458 0.0122929 0.0143083 0.0158599 0.0167728 0.0169657 0.0164662 0.0153955 0.0139332 0.0122713 0.0105752 0.0089618 0.00749503 0.00619675 0.00506315 0.00408013
 1.00526e-16 3.54646e-05 0.000208155 0.000989486 0.00380959 0.0118799 0.0300076 0.0613994 0.101775 0.136679 0.148727 0.131172 0.0938613 0.0547057 0.0264131 0.0114 0.00577968 0.00497891 0.00619081 0.00817723 0.0104274 0.0126336 0.0145185 0.0158312 0.0163933 0.0161394 0.0151324 0.0135437 0.0116085 0.00957041 0.00763271 0.00593039 0.00452495 0.0034176 0.00257167 0.00193479
 1.00625e-16 3.25442e-05 0.000191004 0.000907936 0.00349559 0.0109007 0.0275342 0.0563391 0.0933897 0.125424 0.136497 0.120426 0.0862611 0.0504557 0.0246975 0.0112355 0.00653499 0.00642196 0.00832257 0.0110718 0.0141363 0.0171371 0.0197057 0.0215027 0.0222847 0.0219607 0.0206122 0.0184678 0.0158436 0.0130678 0.0104167 0.00807545 0.00613142 0.00459105 0.00340927 0.00251881
 1.00363e-16 3.79439e-05 0.000222715 0.00105872 0.00407618 0.0127112 0.0321074 0.0656954 0.108895 0.146234 0.159109 0.140291 0.100307 0.0583015 0.0278482 0.0115044 0.00508378 0.00367433 0.00427279 0.0055823 0.00711651 0.00863445 0.00994237 0.0108689 0.0112911 0.0111616 0.0105189 0.00947475 0.00818436 0.00680978 0.00548762 0.00431018 0.00332188 0.00252768 0.00190742 0.00143015
 1.00563e-16 2.88635e-05 0.000169387 0.000805148 0.00309979 0.00966637 0.0244167 0.049961 0.0828205 0.11124 0.121088 0.106896 0.0767107 0.0451542 0.0226326 0.0111901 0.00774035 0.00861373 0.0115257 0.0153908 0.0196261 0.0237352 0.0272055 0.0295628 0.030471 0.0298127 0.0277175 0.0245243 0.0206944 0.016704 0.0129504 0.00969633 0.0070598 0.00503886 0.00355504 0.00249708
 1.00694e-16 3.56938e-05 0.000209502 0.000995897 0.00383429 0.0119569 0.0302021 0.0617972 0.102434 0.137562 0.149682 0.132002 0.0944288 0.0549828 0.0264473 0.0112458 0.0054591 0.00448107 0.00549126 0.00725884 0.00929675 0.0113313 0.0131222 0.0144498 0.0151519 0.0151582 0.0145048 0.0133192 0.0117849 0.0100966 0.00842143 0.00687613 0.00552254 0.00437736 0.00342859 0.0026514
 1.00633e-16 3.15776e-05 0.000185327 0.000880942 0.00339165 0.0105765 0.0267155 0.0546641 0.0906141 0.121699 0.132451 0.116874 0.0837553 0.0490676 0.0241626 0.0112356 0.00687024 0.00702472 0.00920073 0.0122529 0.0156332 0.0189296 0.0217336 0.023669 0.024468 0.024034 0.022464 0.0200196 0.0170587 0.0139518 0.0110082 0.00843365 0.00632162 0.00467352 0.00343229 0.00251616
 1.01495e-16 2.40343e-05 0.00014103 0.000670323 0.00258067 0.00804747 0.0203275 0.0415947 0.0689551 0.0926266 0.100854 0.0890969 0.0640769 0.0379977 0.0195659 0.0105351 0.00838883 0.0101131 0.013818 0.0185668 0.0237878 0.028931 0.0334021 0.0366385 0.0382281 0.0380031 0.0360754 0.0327969 0.0286643 0.0241991 0.0198446 0.0159044 0.012531 0.0097526 0.00751822 0.00574249
 1.02258e-16 2.67233e-05 0.000156826 0.00074544 0.00286992 0.00894952 0.0226059 0.0462557 0.0766779 0.102988 0.112103 0.0989574 0.0709997 0.0417648 0.020885 0.0102522 0.00701235 0.00777869 0.0104571 0.0140756 0.0181379 0.0222327 0.0259278 0.0288083 0.0305567 0.0310203 0.0302384 0.0284173 0.0258677 0.0229251 0.0198816 0.0169464 0.0142393 0.0118082 0.00965737 0.00777289
 1.01347e-16 3.31771e-05 0.000194723 0.000925628 0.00356372 0.0111131 0.0280709 0.0574368 0.095208 0.127862 0.139139 0.122731 0.0878563 0.0512759 0.0248893 0.0109709 0.00589993 0.00541187 0.00688896 0.00917158 0.0117685 0.014366 0.0166697 0.0184062 0.0193727 0.019481 0.018774 0.0174075 0.0156055 0.0136038 0.0116029 0.00973998 0.00808506 0.00665425 0.00543142 0.0043883
 1.00922e-16 3.06416e-05 0.000179831 0.000854811 0.00329103 0.0102627 0.025923 0.0530426 0.0879267 0.118091 0.128528 0.113423 0.0813038 0.0476753 0.0235588 0.0110929 0.00697099 0.00727794 0.00959203 0.0127976 0.0163503 0.0198302 0.0228158 0.0249168 0.0258528 0.0255187 0.0240077 0.0215823 0.0186045 0.01545 0.0124334 0.00976486 0.00754181 0.00576954 0.00439538 0.00334262
 1.00938e-16 3.09452e-05 0.000181614 0.000863294 0.0033237 0.0103646 0.0261803 0.0535689 0.0887987 0.119261 0.129798 0.114534 0.0820804 0.0480909 0.0236904 0.0110323 0.00677118 0.00694985 0.00912475 0.012179 0.015581 0.0189317 0.0218329 0.0239143 0.0249067 0.0247033 0.0233823 0.0211807 0.0184299 0.015477 0.0126155 0.010045 0.00786317 0.0060844 0.00467003 0.00355863
 1.00945e-16 3.07662e-05 0.000180563 0.000858295 0.00330445 0.0103046 0.0260287 0.0532588 0.0882848 0.118571 0.129049 0.113876 0.0816169 0.0478348 0.0235931 0.0110352 0.00683769 0.00706788 0.00929605 0.0124087 0.015871 0.0192773 0.0222215 0.0243262 0.0253177 0.0250884 0.0237205 0.0214576 0.0186401 0.0156235 0.0127079 0.0100963 0.0078873 0.00609342 0.00467296 0.00356112
 1.01295e-16 2.79493e-05 0.000164021 0.000779642 0.0030016 0.00936015 0.0236432 0.0483782 0.0801965 0.107715 0.117249 0.103504 0.0742696 0.0437034 0.0218809 0.0107808 0.00741581 0.00823712 0.0110418 0.0147934 0.0189474 0.0230451 0.0266099 0.0291939 0.0304696 0.0303042 0.028787 0.0261983 0.0229326 0.019404 0.0159631 0.0128494 0.0101819 0.00798104 0.00620501 0.00478558
 1.01393e-16 3.03492e-05 0.000178116 0.000846665 0.00325967 0.010165 0.025676 0.052537 0.0870881 0.116963 0.127297 0.112326 0.0804952 0.047157 0.0232216 0.0108008 0.00661477 0.00678534 0.00892107 0.0119342 0.0153135 0.0186783 0.0216475 0.0238634 0.02506 0.0251223 0.0241084 0.0222256 0.0197717 0.0170623 0.0143665 0.0118713 0.00967372 0.00779861 0.00622547 0.00491492
 1.01516e-16 2.75477e-05 0.000161663 0.000768433 0.00295844 0.00922556 0.0233032 0.0476826 0.0790438 0.106167 0.115567 0.102023 0.0732166 0.0431033 0.0216167 0.0107108 0.00744496 0.00832426 0.0111785 0.0149843 0.0191992 0.0233625 0.0269936 0.0296406 0.0309727 0.0308548 0.029376 0.0268169 0.0235729 0.0200583 0.0166235 0.0135064 0.0108246 0.00859704 0.0067818 0.00531176
 1.01459e-16 3.08794e-05 0.00018123 0.000861472 0.00331669 0.0103428 0.0261251 0.0534558 0.0886106 0.119007 0.129516 0.114273 0.0818684 0.0479158 0.0235103 0.0107928 0.00641828 0.00643568 0.00841213 0.0112494 0.0144451 0.0176377 0.0204698 0.0226051 0.0237928 0.0239218 0.0230419 0.0213421 0.0190961 0.0165946 0.0140864 0.0117448 0.00966178 0.00786291 0.00633322 0.00504086
 1.01437e-16 2.81778e-05 0.000165364 0.000786026 0.00302618 0.00943681 0.0238368 0.0487743 0.080853 0.108596 0.118206 0.104344 0.0748618 0.0440307 0.0220056 0.0107775 0.0073308 0.00808495 0.0108186 0.0144904 0.0185587 0.022573 0.0260667 0.0286024 0.0298607 0.0297129 0.028248 0.0257411 0.0225781 0.0191629 0.0158361 0.0128283 0.0102517 0.00812252 0.00639698 0.00500695
 1.02178e-16 2.43234e-05 0.00014273 0.000678414 0.00261183 0.00814467 0.020573 0.0420968 0.0697862 0.0937397 0.102057 0.0901384 0.0647797 0.0383221 0.0195638 0.0102645 0.00786384 0.00930442 0.0126796 0.0170661 0.0219297 0.0267756 0.0310702 0.0343041 0.0360965 0.036279 0.0349281 0.0323318 0.0289069 0.025096 0.0212782 0.0177176 0.014554 0.0118261 0.00951083 0.00755883
 1.02077e-16 2.99018e-05 0.000175492 0.000834191 0.00321165 0.0100152 0.0252977 0.0517629 0.0858045 0.115238 0.125416 0.110658 0.0792841 0.0464148 0.0227959 0.010504 0.00630403 0.00637558 0.00836884 0.0112266 0.0144676 0.0177457 0.0207149 0.0230461 0.0244873 0.0249168 0.0243643 0.0229908 0.021039 0.0187705 0.0164116 0.0141234 0.0119969 0.0100677 0.00833868 0.00680081
 1.01624e-16 2.88919e-05 0.000169558 0.000805971 0.00310298 0.00967631 0.0244417 0.0500119 0.0829037 0.111348 0.121195 0.106967 0.07671 0.0450501 0.0223897 0.0107586 0.00705308 0.007594 0.0101041 0.013528 0.0173366 0.0211064 0.0244041 0.0268232 0.0280665 0.0280123 0.0267397 0.0244992 0.0216435 0.0185414 0.0155034 0.0127389 0.0103497 0.00835012 0.00670168 0.00534521
 1.03423e-16 1.19431e-05 7.00261e-05 0.000332725 0.00128076 0.00399372 0.0100884 0.0206461 0.0342383 0.0460267 0.0502064 0.0445717 0.03253 0.0202446 0.012181 0.00938285 0.010775 0.0149888 0.0211079 0.0285302 0.0366469 0.0446908 0.0517752 0.057047 0.0598722 0.0599788 0.0575112 0.0529716 0.047079 0.0405923 0.0341578 0.028221 0.0230106 0.0185794 0.0148719 0.0117874
 1.06799e-16 1.87761e-05 0.000110172 0.000523651 0.00201599 0.00628658 0.0158795 0.0324928 0.0538648 0.0723526 0.07877 0.0695665 0.0499858 0.0295537 0.0150637 0.00788238 0.00605237 0.00724897 0.0100567 0.0138412 0.0182854 0.0231054 0.0279678 0.0325119 0.0364054 0.0393961 0.0413406 0.0422013 0.0420221 0.0408946 0.0389319 0.0362563 0.0330024 0.029323 0.0253921 0.0213977
 1.03493e-16 3.09621e-05 0.000181721 0.000863814 0.00332573 0.010371 0.0261962 0.053601 0.0888498 0.119323 0.129849 0.11454 0.0819993 0.0478717 0.0232646 0.0103048 0.00561989 0.00523859 0.00672877 0.0090208 0.0116698 0.0143958 0.0169341 0.0190338 0.0205017 0.0212406 0.0212641 0.0206796 0.0196496 0.0183441 0.0169025 0.0154144 0.0139216 0.0124344 0.0109523 0.00948039
pSPR Fmed_Fpbrs
0.461913   0.6 0.325
Fs Fmed_Fpbrs
0.64   0.365409 1.17239
SSBpbr Bo_Bmed_Bpbrs
616541  253962  339098 169549
Ro
24343
SPR SPRFo_SPRFmed_SPRFpbrs
502786 232244 163405
log_Ro
9.92
likeval ReclasPelacesDesembMPH_pf_preclas_ppelaces_ptallas_desvR_qrecl_qpela
 0.00133776 10.9518 0.0254372 15.5604 331.788 207.649 55.2571 0 24.6594 6.99404e-06 0.000172559 5.09326e-15 0 0 0
q_reclas_q_pelaces
1.45463 6.48103
M
0.7
N
 27601.9 11493.9 4539.49 563.236 0.159923
 34494.7 12588.6 2867.24 1132.41 140.543
 7577.55 15464.7 2733.4 622.57 276.399
 9818.19 2853.8 819.653 144.874 47.6468
 30479 4125.9 367.091 105.434 24.7644
 25518.7 14753.4 1666.03 148.231 52.5739
 70606.9 10307.6 1377.76 155.584 18.7523
 52873.6 31204.8 1993.41 266.448 33.7153
 91417.3 23023.9 5353.04 341.96 51.4916
 119156 38760.9 3183.53 740.168 54.4027
 64438.3 54332.1 9651.69 792.718 197.853
 53056.6 27991.3 9137.94 1623.29 166.601
 59248 23218.9 4999.13 1632 319.667
 26794.9 24533.6 2651.05 570.784 222.835
 11969.5 10363.1 1612.24 174.216 52.1531
 10345.4 4618.47 668.278 103.968 14.5977
 7924.94 4487.54 767.874 111.109 19.7129
 9685.44 3453.85 775.099 132.629 22.5959
 9904.1 4329.87 732.893 164.473 32.9382
 14904.7 4529.95 1105.36 187.098 50.3965
 20806.7 6751.64 1069.54 260.98 56.0735
 21669.5 9919.88 2411.46 382.004 113.241
 38458.6 10237.9 3292.2 800.312 164.362
 52521.1 17837.3 2925.88 940.877 275.693
 15020.7 24436.1 5228.65 857.662 356.612
 14960.7 7056.69 7747.6 1657.77 384.992
 7745.66 6842.37 1800.62 1976.91 521.24
pred_Ctot
 1627.21 4277.5 1689.39 209.611 0.0595158
 2425.34 5338.18 1215.85 480.196 59.5971
 1337.68 11155.1 1971.67 449.076 199.374
 1096.19 1637.92 470.434 83.1496 27.3465
 554.074 561.064 49.9192 14.3375 3.36761
 3465.48 9426.73 1064.52 94.7126 33.5923
 5624.27 4771.99 637.847 72.0291 8.68158
 4716.78 15586.8 995.704 133.091 16.8407
 9697.78 12820.9 2980.86 190.421 28.6733
 7042.35 14452.8 1187.05 275.987 20.2852
 5849.21 27447.9 4875.91 400.471 99.9527
 4563.54 13649.2 4455.86 791.55 81.2383
 7153.52 13933.1 2999.85 979.322 191.824
 4323.7 17027.7 1839.98 396.157 154.66
 1947.54 7219.2 1123.13 121.363 36.3313
 948.479 2348.29 339.791 52.8632 7.42231
 702.679 2232.59 382.025 55.2779 9.80736
 699.056 1492.33 334.903 57.3061 9.76318
 564.985 1571.36 265.975 59.6891 11.9536
 946.085 1782.32 434.907 73.6143 19.8287
 598.647 1389.27 220.077 53.7013 11.5381
 759.361 2421.47 588.644 93.2484 27.6424
 1832.86 3225.46 1037.21 252.139 51.7823
 2391.43 5416.3 888.442 285.697 83.7141
 584.611 6518.63 1394.8 228.791 95.1306
 854.037 2562.32 2813.19 601.944 139.792
 1549.75 5180.45 1363.27 1496.75 394.638
F
 0.0850919 0.688467 0.688467 0.688467 0.688467
 0.102245 0.827249 0.827249 0.827249 0.827249
 0.276538 2.23743 2.23743 2.23743 2.23743
 0.166953 1.3508 1.3508 1.3508 1.3508
 0.0255644 0.206838 0.206838 0.206838 0.206838
 0.206531 1.67102 1.67102 1.67102 1.67102
 0.116555 0.943035 0.943035 0.943035 0.943035
 0.131371 1.06291 1.06291 1.06291 1.06291
 0.158023 1.27854 1.27854 1.27854 1.27854
 0.0853158 0.690278 0.690278 0.690278 0.690278
 0.133815 1.08268 1.08268 1.08268 1.08268
 0.126393 1.02263 1.02263 1.02263 1.02263
 0.181687 1.47001 1.47001 1.47001 1.47001
 0.249963 2.02242 2.02242 2.02242 2.02242
 0.252297 2.0413 2.0413 2.0413 2.0413
 0.135238 1.09419 1.09419 1.09419 1.09419
 0.130526 1.05607 1.05607 1.05607 1.05607
 0.105087 0.850244 0.850244 0.850244 0.850244
 0.0822367 0.665366 0.665366 0.665366 0.665366
 0.0918914 0.743481 0.743481 0.743481 0.743481
 0.0407317 0.329555 0.329555 0.329555 0.329555
 0.0498072 0.402984 0.402984 0.402984 0.402984
 0.068287 0.552501 0.552501 0.552501 0.552501
 0.0651526 0.527141 0.527141 0.527141 0.527141
 0.0554552 0.44868 0.44868 0.44868 0.44868
 0.082296 0.665846 0.665846 0.665846 0.665846
 0.319048 2.58137 2.58137 2.58137 2.58137
Np
 15154.8 7193.33 963.364 88.598 31.3493
YTP_r0W_actual
 2022.31 33222.9 12709.5 17820.1 5214.06
YTP_p0W_proyectada
 3956.76 13574.5 1814.81 609.905 771.017
 3956.76 34927 6799.83 798.631 313.592
CTP_r0_actual
 246.623 1538.1 404.762 444.391 117.17
CTP_p0_proyectada
 482.532 628.448 57.7967 15.2096 17.3262
 482.532 1616.99 216.555 19.916 7.04702
Wmedp
 8.2 21.6 31.4 40.1 44.5
nmprior
 10.8 10.6 4.6 0
nm_flota  nm_reclas  nm_pelaces    nm_pelaL
inf 22.952 15.4964 46.3793
cv_recla  cv_pelaces  cv_mph
1.05584 0.362522 0.527128
 ------------------------------------------------
Talla a la edad & desviaci?n 
 7.2 14.2025 17.0495 18.207 18.6776
 1.08 2.13037 2.55742 2.73105 2.80164
