years
 1997 1998 1999 2000 2001 2002 2003 2004 2005 2006 2007 2008 2009 2010 2011 2012 2013 2014 2015 2016 2017 2018 2019 2020 2021 2022 2023
reclasobs
 0 0 0 370054 412103 1.49427e+06 250295 1.28982e+06 931140 785840 897777 1.04006e+06 184774 17550 25797 100020 73551 82996 120727 218422 84188 347160 605670 569463 516374 1.08416e+06 1.01767e+06
reclaspred
 1.23668e+06 226718 280792 64272.7 197639 203349 806608 653810 795412 1.10076e+06 1.04123e+06 756084 531382 261713 141525 109055 107295 135748 147006 178787 283548 265127 414986 586671 726417 485535 40647.9
pelacesobs
 0 0 0 0 0 0 0 0 0 2.06254e+06 1.5e+06 0 1.87456e+06 323000 250000 174000 83755 137374 0 501740 490994 745055 786931 1.00524e+06 1.33801e+06 1.41789e+06 0
pelacespred
 2.70521e+06 737322 278264 119405 389257 237322 1.74335e+06 1.35138e+06 1.57671e+06 2.27803e+06 1.89324e+06 1.4704e+06 1.00458e+06 393416 203782 178527 179621 238380 264680 309708 596487 564499 671863 1.04936e+06 1.35319e+06 977592 31152
mphobs
 0 0 0 0 0 0 112323 0 153150 637223 0 255016 313432 73983 77613 109348 50772 17779 17303 59886 28197 0 207744 136588 643089 65757 70829
mphpred
 376811 160826 113912 33659.4 33620.1 94218.4 156709 303357 256919 347825 447368 306536 204105 150701 66542.5 40758 33637.4 41224.6 44282.7 43216 68625.3 91600.4 97408.3 148919 210039 151789 40885
desembarqueobs
 350755 77701 442110 56441 14545 235359 269955 359681 431902 328805 639364 411747 362871 311530 167758 66681 60226 58785 57116 73181 50977 67692 138656 160484 209506 203330 245020
desembarquepred
 350733 77669.4 441689 56424.2 14543.2 235121 269801 359366 431399 328593 638631 411255 362382 311366 167626 66671.8 60223.3 58732.9 57058.1 73124.1 50965.1 67654.1 138589 160401 209407 203198 244839
Reclutas
 22448.5 34500.4 5296.19 7088.63 30236.3 21786.9 69822.3 49025.1 85687.7 120570 62946.4 53663.4 60285 26966.9 11340.1 9845.19 7479.27 9111.68 8956.29 12742.1 18400.1 18925.5 35228.9 52514.8 13170.1 14947 2585.88
log_desv_Rt
 0.038979 0.468725 -1.40526 -1.11375 0.336799 0.00906491 1.17371 0.820087 1.37846 1.71999 1.07004 0.910487 1.02684 0.222365 -0.643898 -0.785262 -1.06011 -0.862687 -0.879889 -0.527331 -0.159889 -0.131735 0.489623 0.888851 -0.494298 -0.367732 -2.12218
SSB
 555414 237055 167904 49613.4 49555.5 138877 221520 439156 364225 498746 659414 451830 313868 213103 99344.3 62103.9 54879.1 62680.8 77823.8 82198.6 119276 154214 170749 244427 388631 299802 85421.4
BT
 1.28348e+06 353907 330826 110287 196621 269396 1.10389e+06 923629 1.14036e+06 1.28318e+06 1.2573e+06 923752 777653 445678 222305 122982 120181 143584 139200 176000 272683 235752 331418 518895 554259 453755 214663
Ftot
 0.542541 0.789236 2.18359 1.93413 0.292686 2.043 1.21766 1.20997 1.56186 0.802215 1.17185 1.12905 1.62039 2.16252 2.19842 1.24063 1.22388 1.00981 0.780575 0.920764 0.416839 0.501528 0.704273 0.636289 0.493325 0.775734 4.7727
BD_Bspro_t
 0.926899 0.626603 0.427083 0.10654 0.171543 0.401568 0.382871 0.493296 0.406007 0.440827 0.475653 0.320292 0.249062 0.203215 0.117491 0.0928777 0.114216 0.178167 0.259425 0.320656 0.435564 0.563055 0.545816 0.560723 0.599247 0.460011 0.175246
BD_Bspro
 1.24551 0.531595 0.376525 0.111258 0.111128 0.311431 0.496758 0.984806 0.816773 1.11844 1.47873 1.01323 0.703847 0.477882 0.222779 0.139268 0.123066 0.140561 0.17452 0.18433 0.267477 0.345824 0.382905 0.548127 0.871505 0.672305 0.191557
BD_Bo
 0.994088 0.424284 0.300517 0.0887988 0.0886951 0.248563 0.396479 0.786007 0.651894 0.892662 1.18023 0.808691 0.561764 0.381414 0.177808 0.111154 0.0982234 0.112187 0.13929 0.14712 0.213482 0.276014 0.305609 0.437479 0.695577 0.536589 0.152888
BD_Brms
 1.80743 0.771425 0.546395 0.161452 0.161264 0.451933 0.720872 1.4291 1.18526 1.62302 2.14587 1.47035 1.02139 0.69348 0.323287 0.202099 0.178588 0.203976 0.253255 0.267491 0.388149 0.501843 0.555653 0.795415 1.26469 0.975617 0.277979
S_f
 0.112012 1 1 1 1
 0.112012 1 1 1 1
 0.112012 1 1 1 1
 0.112012 1 1 1 1
 0.112012 1 1 1 1
 0.112012 1 1 1 1
 0.112012 1 1 1 1
 0.112012 1 1 1 1
 0.112012 1 1 1 1
 0.112012 1 1 1 1
 0.112012 1 1 1 1
 0.112012 1 1 1 1
 0.112012 1 1 1 1
 0.112012 1 1 1 1
 0.112012 1 1 1 1
 0.112012 1 1 1 1
 0.112012 1 1 1 1
 0.112012 1 1 1 1
 0.112012 1 1 1 1
 0.112012 1 1 1 1
 0.112012 1 1 1 1
 0.112012 1 1 1 1
 0.112012 1 1 1 1
 0.112012 1 1 1 1
 0.112012 1 1 1 1
 0.112012 1 1 1 1
 0.112012 1 1 1 1
Scru_reclas
 0.461893 0.812024 0.956025 0.990943 0.998187
 0.461893 0.812024 0.956025 0.990943 0.998187
 0.461893 0.812024 0.956025 0.990943 0.998187
 0.461893 0.812024 0.956025 0.990943 0.998187
 0.461893 0.812024 0.956025 0.990943 0.998187
 0.461893 0.812024 0.956025 0.990943 0.998187
 0.461893 0.812024 0.956025 0.990943 0.998187
 0.461893 0.812024 0.956025 0.990943 0.998187
 0.461893 0.812024 0.956025 0.990943 0.998187
 0.461893 0.812024 0.956025 0.990943 0.998187
 0.461893 0.812024 0.956025 0.990943 0.998187
 0.461893 0.812024 0.956025 0.990943 0.998187
 0.461893 0.812024 0.956025 0.990943 0.998187
 0.461893 0.812024 0.956025 0.990943 0.998187
 0.461893 0.812024 0.956025 0.990943 0.998187
 0.461893 0.812024 0.956025 0.990943 0.998187
 0.461893 0.812024 0.956025 0.990943 0.998187
 0.461893 0.812024 0.956025 0.990943 0.998187
 0.461893 0.812024 0.956025 0.990943 0.998187
 0.461893 0.812024 0.956025 0.990943 0.998187
 0.461893 0.812024 0.956025 0.990943 0.998187
 0.461893 0.812024 0.956025 0.990943 0.998187
 0.461893 0.812024 0.956025 0.990943 0.998187
 0.461893 0.812024 0.956025 0.990943 0.998187
 0.461893 0.812024 0.956025 0.990943 0.998187
 0.461893 0.812024 0.956025 0.990943 0.998187
 0.461893 0.812024 0.956025 0.990943 0.998187
Scru_pelaces
 0.372729 0.7494 0.937694 0.986969 0.997383
 0.372729 0.7494 0.937694 0.986969 0.997383
 0.372729 0.7494 0.937694 0.986969 0.997383
 0.372729 0.7494 0.937694 0.986969 0.997383
 0.372729 0.7494 0.937694 0.986969 0.997383
 0.372729 0.7494 0.937694 0.986969 0.997383
 0.372729 0.7494 0.937694 0.986969 0.997383
 0.372729 0.7494 0.937694 0.986969 0.997383
 0.372729 0.7494 0.937694 0.986969 0.997383
 0.372729 0.7494 0.937694 0.986969 0.997383
 0.372729 0.7494 0.937694 0.986969 0.997383
 0.372729 0.7494 0.937694 0.986969 0.997383
 0.372729 0.7494 0.937694 0.986969 0.997383
 0.372729 0.7494 0.937694 0.986969 0.997383
 0.372729 0.7494 0.937694 0.986969 0.997383
 0.372729 0.7494 0.937694 0.986969 0.997383
 0.372729 0.7494 0.937694 0.986969 0.997383
 0.372729 0.7494 0.937694 0.986969 0.997383
 0.372729 0.7494 0.937694 0.986969 0.997383
 0.372729 0.7494 0.937694 0.986969 0.997383
 0.372729 0.7494 0.937694 0.986969 0.997383
 0.372729 0.7494 0.937694 0.986969 0.997383
 0.372729 0.7494 0.937694 0.986969 0.997383
 0.372729 0.7494 0.937694 0.986969 0.997383
 0.372729 0.7494 0.937694 0.986969 0.997383
 0.372729 0.7494 0.937694 0.986969 0.997383
 0.372729 0.7494 0.937694 0.986969 0.997383
pf_obs 
 0.256992 0.487395 0.22802 0.0275931 0
 0.321318 0.546541 0.124235 0.00734118 0.000564706
 0.182869 0.594174 0.210203 0.0122559 0.00049798
 0.330522 0.361315 0.267642 0.0388342 0.00168674
 0.649043 0.306663 0.0425973 0.00169635 0
 0.582887 0.30429 0.105238 0.00758474 0
 0.465427 0.430635 0.0974691 0.00646863 0
 0.296916 0.608066 0.0921331 0.00288517 0
 0.311714 0.524322 0.152257 0.0117073 0
 0.15457 0.633149 0.183074 0.0267441 0.00246327
 0.131901 0.49318 0.331252 0.0422183 0.00144891
 0.196976 0.569456 0.194076 0.0375587 0.00193317
 0.518974 0.381816 0.0799577 0.0180837 0.00116848
 0.0928022 0.601141 0.25162 0.0475244 0.00691264
 0.122501 0.610282 0.24278 0.0234846 0.000952079
 0.383417 0.481906 0.127806 0.00687128 0
 0.0376549 0.599619 0.316969 0.0457579 0
 0.0361596 0.667082 0.258105 0.0386534 0
 0.158088 0.579412 0.248529 0.0139706 0
 0.0477256 0.309471 0.559284 0.082774 0.000745712
 0.0406174 0.521527 0.379366 0.0568643 0.0016247
 0.151134 0.462217 0.34131 0.0453401 0
 0.294876 0.26143 0.354403 0.0886775 0.000613685
 0.281977 0.475581 0.204845 0.0348837 0.00271318
 0.0841818 0.532909 0.334909 0.0458182 0.00218182
 0.115287 0.27431 0.454777 0.147771 0.00785563
 0 0 0 0 0
pf_pred 
 0.129931 0.591095 0.246909 0.0320583 5.99432e-06
 0.238275 0.486208 0.187177 0.0781865 0.0101535
 0.0570172 0.762709 0.115068 0.0442982 0.020907
 0.319377 0.445833 0.189904 0.0286504 0.0162352
 0.553034 0.414004 0.0215914 0.00919691 0.00217378
 0.22928 0.714925 0.0516804 0.00269527 0.00141941
 0.553384 0.399772 0.043453 0.00314112 0.000250089
 0.208578 0.756109 0.0316089 0.00343571 0.000268134
 0.383632 0.504985 0.106413 0.00444854 0.000521268
 0.319538 0.632599 0.0392134 0.0082632 0.000385918
 0.143378 0.740822 0.107655 0.00667328 0.0014719
 0.193496 0.595147 0.182785 0.0265621 0.00200969
 0.281685 0.572816 0.107369 0.0329758 0.00515455
 0.17572 0.738694 0.06825 0.0127928 0.00454316
 0.172299 0.718852 0.097547 0.00901264 0.00228927
 0.250188 0.651159 0.0856796 0.0116266 0.00134707
 0.204194 0.679535 0.100973 0.0132861 0.00201178
 0.26883 0.597017 0.114553 0.0170216 0.00257884
 0.218551 0.663623 0.0962074 0.0184598 0.00315855
 0.277611 0.57077 0.128758 0.0186664 0.00419447
 0.263815 0.624573 0.088186 0.0198936 0.0035321
 0.189615 0.64701 0.138606 0.0195704 0.00519866
 0.295416 0.514406 0.151838 0.0325277 0.00581272
 0.279531 0.608078 0.0820544 0.0242202 0.00611579
 0.0570341 0.781046 0.136661 0.0184411 0.00681778
 0.128202 0.357808 0.425731 0.0744908 0.013768
 0.0818754 0.609417 0.126702 0.150753 0.0312529
pobs_RECLAS
 0 0 0 0 0
 0 0 0 0 0
 0 0 0 0 0
 0 0 0 0 0
 0.835266 0.146461 0.0176864 0.000547809 3.91292e-05
 0.385257 0.428462 0.181853 0.0044286 0
 0.867414 0.0963971 0.0333333 0.00285562 0
 0.441836 0.489002 0.0689373 0.000224442 0
 0.779404 0.147425 0.0564933 0.0165055 0.000172143
 0.814271 0.122319 0.05973 0.00367925 0
 0.40263 0.566651 0.0304383 0.000280538 0
 0.475488 0.404961 0.113038 0.00651328 0
 0.955842 0.0263864 0.0167828 0.000988607 0
 0.975058 0.0227948 0.00214734 0 0
 0.738997 0.206755 0.0527124 0.00153531 0
 0.850938 0.134255 0.0134407 0.00136685 0
 0.542534 0.407297 0.0501686 0 0
 0.764087 0.199537 0.0359546 0.000420521 0
 0.470689 0.182191 0.310203 0.0369168 0
 0.84361 0.089868 0.0606195 0.00523954 0.000663233
 0.607945 0.314616 0.071237 0.00620181 0
 0.523733 0.453247 0.0230204 0 0
 0.530135 0.295979 0.169645 0.0042399 0
 0.562478 0.366248 0.0663022 0.0049721 0
 0.250443 0.683176 0.0655157 0.000865301 0
 0.195077 0.31981 0.436473 0.0351445 0.0134964
 0.565238 0.351407 0.0832357 0.000118908 0
ppred_RECLAS
 0.427051 0.367749 0.180856 0.0243397 4.58435e-06
 0.613211 0.230898 0.104652 0.0453115 0.00592729
 0.283159 0.559073 0.0993039 0.0396256 0.0188384
 0.739877 0.160108 0.0802922 0.012556 0.00716703
 0.863212 0.124924 0.00767051 0.00338661 0.000806309
 0.659213 0.312034 0.0265563 0.00143557 0.000761539
 0.874392 0.110345 0.0141208 0.00105805 8.48551e-05
 0.599183 0.37985 0.0186955 0.00210632 0.000165586
 0.78448 0.171033 0.042432 0.00183864 0.000217023
 0.715567 0.261027 0.0190498 0.00416087 0.000195747
 0.481674 0.437582 0.0748652 0.00481022 0.00106873
 0.564145 0.306895 0.110971 0.0167151 0.00127391
 0.697235 0.232539 0.0513168 0.0163364 0.00257226
 0.585203 0.364666 0.0396674 0.00770683 0.00275697
 0.580106 0.356151 0.0568996 0.00544913 0.00139423
 0.651729 0.295334 0.0457513 0.00643513 0.000751033
 0.588789 0.34198 0.0598268 0.00815953 0.00124455
 0.664362 0.265116 0.0598901 0.00922421 0.00140772
 0.595624 0.334063 0.0570184 0.01134 0.00195451
 0.67065 0.250545 0.0665426 0.00999923 0.00226331
 0.645459 0.292513 0.0486252 0.0113699 0.00203347
 0.542826 0.351942 0.0887652 0.0129909 0.00347612
 0.68187 0.221143 0.0768508 0.0170647 0.00307178
 0.667679 0.27243 0.043281 0.013242 0.00336815
 0.235662 0.613658 0.126414 0.0176814 0.0065847
 0.417751 0.215473 0.301841 0.0547426 0.010192
 0.527784 0.293357 0.0718067 0.0885582 0.0184933
pobs_PELACES
 0 0 0 0 0
 0 0 0 0 0
 0 0 0 0 0
 0 0 0 0 0
 0 0 0 0 0
 0 0 0 0 0
 0 0 0 0 0
 0 0 0 0 0
 0 0 0 0 0
 0 0 0 0 0
 0.450072 0.473896 0.0757376 0.000293798 0
 0 0 0 0 0
 0.463077 0.371075 0.160297 0.00555027 0
 0.529543 0.364841 0.0842815 0.0213345 0
 0.631943 0.363953 0.00410389 0 0
 0.735681 0.248677 0.0153453 0.000297389 0
 0.695825 0.281241 0.0229344 0 0
 0.275771 0.60734 0.115278 0.00161068 0
 0 0 0 0 0
 0.896147 0.0623911 0.0374545 0.00400742 0
 0.803859 0.145111 0.0509908 3.86294e-05 0
 0.739449 0.233085 0.0266225 0.000797448 4.60066e-05
 0.878498 0.100942 0.0204185 0.000141795 0
 0.694673 0.275183 0.0284847 0.00165964 0
 0.469039 0.446079 0.0841089 0.000773354 0
 0.822795 0.102175 0.0682046 0.00682512 0
 0 0 0 0 0
ppred_PELACES
 0.427501 0.359134 0.187708 0.0256524 4.84716e-06
 0.629651 0.215159 0.103642 0.0455679 0.00598001
 0.392138 0.466958 0.08815 0.0357186 0.0170356
 0.810416 0.113791 0.0606478 0.00963064 0.00551492
 0.85666 0.130132 0.00849192 0.00380723 0.000909372
 0.753774 0.224238 0.0202825 0.00111337 0.000592522
 0.896154 0.0905226 0.0123115 0.000936741 7.53683e-05
 0.649997 0.330577 0.0172919 0.00197831 0.000156023
 0.832352 0.131319 0.034625 0.00152355 0.00018041
 0.734588 0.242258 0.0187902 0.00416761 0.000196695
 0.531436 0.391665 0.0712169 0.00464655 0.00103568
 0.607198 0.271353 0.10428 0.0159501 0.00121951
 0.761202 0.180589 0.0423547 0.0136918 0.0021628
 0.697548 0.263782 0.0304951 0.00601638 0.00215917
 0.694966 0.256214 0.0435036 0.00423063 0.00108595
 0.699755 0.252114 0.0415082 0.00592859 0.000694142
 0.639335 0.296693 0.0551631 0.00763978 0.00116903
 0.696534 0.236457 0.0567701 0.00887885 0.00135938
 0.615471 0.314063 0.0569706 0.0115057 0.00198944
 0.696604 0.227242 0.0641431 0.00978767 0.00222256
 0.640032 0.293577 0.0518663 0.0123152 0.00220963
 0.542276 0.347134 0.0930497 0.0138285 0.00371215
 0.693071 0.209129 0.0772389 0.0174161 0.00314511
 0.676523 0.261991 0.044236 0.0137434 0.00350693
 0.23521 0.606183 0.132715 0.0188497 0.00704236
 0.430569 0.202343 0.301246 0.0554793 0.0103624
 0.793857 0.124618 0.0324188 0.0405999 0.00850563
pobs_pel_tallas
 0 0 0 0 0 0 0 0 0 0 0 0 0 0 0 0 0 0 0 0 0 0 0 0 0 0 0 0 0 0 0 0 0 0 0 0
 0 0 0 0 0 0 0 0 0 0 0 0 0 0 0 0 0 0 0 0 0 0 0 0 0 0 0 0 0 0 0 0 0 0 0 0
 0 0 0 0 0 0 0 0 0 0 0 0 0 0 0 0 0 0 0 0 0 0 0 0 0 0 0 0 0 0 0 0 0 0 0 0
 0 0 0 0 0 0 0 0 0 0 0 0 0 0 0 0 0 0 0 0 0 0 0 0 0 0 0 0 0 0 0 0 0 0 0 0
 0 0 0 0 0 0 0 0 0 0 0 0 0 0 0 0 0 0 0 0 0 0 0 0 0 0 0 0 0 0 0 0 0 0 0 0
 0 0 0 0 0 0 0 0 0 0 0 0 0 0 0 0 0 0 0 0 0 0 0 0 0 0 0 0 0 0 0 0 0 0 0 0
 0 0 0 0 0 0 0 0 0 0 0 0 0 0 0 0 0 0 0 0 0 0 0 0 0 0 0 0 0 0 0 0 0 0 0 0
 0 0 0 0 0 0 0 0 0 0 0 0 0 0 0 0 0 0 0 0 0 0 0 0 0 0 0 0 0 0 0 0 0 0 0 0
 0 0 0 0 0 0 0 0 0 0 0 0 0 0 0 0 0 0 0 0 0 0 0 0 0 0 0 0 0 0 0 0 0 0 0 0
 0 0 0 0 0 0 0 0 0 0 0 0 0 0 0 0 0 0 0 0 0 0 0 0 0 0 0 0 0 0 0 0 0 0 0 0
 0 0 0 0 0 0 0 0 1.78061e-05 0.00172719 0.00360574 0.0105946 0.0120993 0.0124554 0.0147524 0.0171206 0.0266825 0.0428682 0.0675386 0.121331 0.153587 0.119568 0.100827 0.0573624 0.0630603 0.0341343 0.0324427 0.0444173 0.0211091 0.0280891 0.0125444 0.00206551 0 0 0 0
 0 0 0 0 0 0 0 0 0 0 0 0 0 0 0 0 0 0 0 0 0 0 0 0 0 0 0 0 0 0 0 0 0 0 0 0
 0 0 0 0 0 0 0.0133647 0.0140871 0.0187388 0.0205184 0.03894 0.0496705 0.03968 0.0493445 0.0407372 0.0367815 0.0215668 0.0243155 0.0234873 0.0199281 0.019796 0.0243948 0.0301388 0.0376714 0.0412746 0.0863199 0.0771752 0.113111 0.0741005 0.0525337 0.0229764 0.00759418 0.00175318 0 0 0
 0 0 0 0 0 0 0 0 0 0 0.00219441 0.00772107 0.0458388 0.0604681 0.0671733 0.0775358 0.0609151 0.0617685 0.073594 0.0568108 0.0755445 0.0548602 0.0670107 0.0636378 0.0643287 0.046367 0.0373049 0.0286899 0.0247887 0.0153202 0.00654259 0.00121912 0.000365735 0 0 0
 0 0 0 0 0 0 0 0 0 0 0 0 0.000112435 0.00938835 0.0111873 0.0202946 0.0414886 0.0713402 0.111592 0.104902 0.108894 0.110636 0.117776 0.105296 0.107544 0.0401394 0.0192827 0.0124803 0.00416011 0.0028671 0.000618394 0 0 0 0 0
 0 0 0 0 0 0 0 0 0 0 0.00291406 0.0102884 0.027416 0.0768956 0.0749926 0.110853 0.0956884 0.0897413 0.0766577 0.0534642 0.0500743 0.0551293 0.0594112 0.0620874 0.0668451 0.0424026 0.0208742 0.0120726 0.0048766 0.00582813 0.00118941 0.000297354 0 0 0 0
 0 0.00264628 0.0354308 0.0461629 0.0458689 0.0383711 0.0214643 0.0164657 0.0346957 0.0420465 0.0363128 0.0245516 0.0311673 0.0291091 0.0169068 0.0133784 0.00837989 0.0085269 0.0148486 0.0160247 0.0276389 0.0546898 0.0760071 0.122758 0.109233 0.0665981 0.0333725 0.0166128 0.00676272 0.00308733 0.000882094 0 0 0 0 0
 0 0 0 0 0 0 0 0.000805153 0.000690131 0.00759144 0.0133425 0.0154129 0.00931677 0.000345066 0.00356568 0.00563607 0.00851162 0.0253048 0.0502646 0.0516448 0.0657925 0.0565908 0.0611916 0.0827007 0.0866115 0.110766 0.145733 0.0935128 0.0569358 0.0249597 0.0138026 0.00621118 0.00161031 0.00115022 0 0
 0 0 0 0 0 0 0 0 0 0 0 0 0 0 0 0 0 0 0 0 0 0 0 0 0 0 0 0 0 0 0 0 0 0 0 0
 0.00147267 0.00158595 0.00478618 0.00569244 0.00954404 0.0108468 0.00647125 0.017049 0.0510054 0.094081 0.124002 0.0959785 0.0687766 0.0820023 0.061753 0.0591476 0.0492212 0.0479892 0.0443925 0.0268479 0.0217502 0.0140895 0.0121071 0.0120363 0.00920419 0.00665534 0.0049561 0.00860946 0.00930331 0.0156896 0.0114698 0.00855282 0.00243557 0.00046729 0 2.83206e-05
 0 0 0 0 0.000772559 0.00158375 0.000888443 0.00281984 0.00712685 0.0440552 0.0773331 0.111326 0.0921469 0.0852325 0.0710754 0.0886704 0.0786465 0.0553345 0.0373146 0.0185414 0.00753245 0.00457741 0.012979 0.0271748 0.0457355 0.0583668 0.034881 0.0177882 0.00938659 0.00492506 0.0015258 0.00185414 0.000309023 5.79419e-05 3.86279e-05 0
 0 0.00173294 0.00326652 0 0.00397197 0.00683976 0.00946217 0.0152591 0.00757587 0.0136028 0.0228656 0.0392903 0.0559909 0.0764795 0.0681675 0.0726916 0.0566044 0.0477403 0.0527397 0.0444891 0.0609904 0.0582453 0.0661739 0.0445044 0.0529084 0.0360697 0.0280645 0.0235558 0.0158879 0.00826598 0.00280645 0.00217768 0.000904811 0.00058276 9.20147e-05 0
 0 0 0 0 0 0 0 0 0 0 0 0 0 0 0 0 0 0 0 0 0 0 0 0 0 0 0 0 0 0 0 0 0 0 0 0
 0 0 0 0 0 0 0 0 0 0 0 0 0 0 0 0 0 0 0 0 0 0 0 0 0 0 0 0 0 0 0 0 0 0 0 0
 0 0 0 0 0 0 0 0 0 0 0 0 0 0 0 0 0 0 0 0 0 0 0 0 0 0 0 0 0 0 0 0 0 0 0 0
 0 0 0 0 0 0 0 0 0 0 0 0 0 0 0 0 0 0 0 0 0 0 0 0 0 0 0 0 0 0 0 0 0 0 0 0
 0 0 0 0 0 0 0 0 0 0 0 0 0 0 0 0 0 0 0 0 0 0 0 0 0 0 0 0 0 0 0 0 0 0 0 0
ppred_pel_tallas
 1.03664e-16 1.86687e-05 0.000109529 0.000520565 0.00200406 0.00624934 0.0157856 0.0323017 0.0535519 0.071944 0.0783559 0.0692739 0.0499344 0.0298411 0.0157925 0.00919728 0.00815324 0.0103675 0.0144034 0.0195349 0.0252797 0.0311311 0.0365138 0.0408594 0.0437198 0.0448577 0.0442865 0.0422409 0.0390988 0.0352803 0.0311619 0.0270261 0.0230531 0.0193412 0.0159386 0.0128717
 1.03387e-16 2.74773e-05 0.000161257 0.000766516 0.00295109 0.00920265 0.0232452 0.0475635 0.0788441 0.105893 0.115251 0.101705 0.0729022 0.0427457 0.0211201 0.00994738 0.00627082 0.00659507 0.00877218 0.0118343 0.0153325 0.0189306 0.0222833 0.0250549 0.0269799 0.0279159 0.027865 0.0269561 0.0253976 0.0234186 0.0212194 0.0189452 0.0166844 0.0144836 0.0123696 0.0103655
 1.03427e-16 1.71308e-05 0.000100491 0.000477576 0.00183851 0.00573305 0.0144817 0.0296344 0.0491338 0.0660201 0.0719345 0.0636691 0.0460514 0.0278345 0.0153007 0.00979464 0.00961904 0.0126963 0.0176918 0.0238625 0.0306228 0.0373104 0.0431798 0.0475198 0.0498081 0.0498297 0.0477209 0.0439176 0.0390328 0.0337062 0.0284739 0.0236947 0.0195393 0.0160283 0.0130928 0.0106317
 1.01487e-16 3.53553e-05 0.000207517 0.000986465 0.00379798 0.0118437 0.0299161 0.0612118 0.101463 0.136256 0.148256 0.130732 0.0934933 0.0543842 0.0260593 0.0109112 0.00505142 0.00391587 0.00471816 0.00625835 0.00808593 0.00997145 0.0117211 0.0131537 0.0141272 0.0145649 0.0144683 0.0139077 0.0129973 0.0118641 0.0106214 0.00935344 0.00811358 0.00693127 0.00582252 0.00479847
 1.00337e-16 3.73723e-05 0.000219358 0.00104275 0.0040147 0.0125195 0.0316232 0.0647047 0.107253 0.144031 0.156717 0.138194 0.0988323 0.0574943 0.0275563 0.011545 0.00534544 0.00412404 0.00492105 0.00644808 0.00820463 0.00992328 0.0113794 0.012374 0.0127671 0.0125099 0.0116564 0.0103475 0.00877452 0.00713466 0.00559167 0.00425315 0.00316639 0.00232917 0.0017081 0.00125693
 1.00428e-16 3.28898e-05 0.000193033 0.000917582 0.00353273 0.0110165 0.0278268 0.0569377 0.0943819 0.126756 0.137947 0.121705 0.0871764 0.0509892 0.024955 0.0113456 0.00658785 0.00646128 0.00836241 0.0111109 0.0141647 0.0171381 0.0196569 0.0213784 0.0220596 0.0216142 0.0201328 0.0178566 0.0151153 0.0122497 0.00954479 0.00719016 0.00527211 0.00379156 0.00269476 0.00190432
 1.00241e-16 3.90928e-05 0.000229462 0.0010908 0.0041997 0.0130964 0.0330804 0.067686 0.112193 0.150662 0.163921 0.144521 0.103301 0.0599816 0.0285377 0.0115934 0.00482488 0.00316341 0.00351362 0.00454831 0.0057871 0.00701308 0.00806397 0.00879922 0.00911892 0.00898558 0.00843243 0.00755295 0.00647639 0.00533722 0.00424863 0.00328675 0.00248772 0.00185453 0.00136906 0.00100396
 1.00429e-16 2.8369e-05 0.000166482 0.000791334 0.0030466 0.00950048 0.0239977 0.0491038 0.0814003 0.109334 0.119019 0.105083 0.0754384 0.0444629 0.0223926 0.0112463 0.00799985 0.00905228 0.0121564 0.0162328 0.020684 0.0249876 0.0286002 0.0310201 0.0318938 0.0311014 0.028787 0.0253173 0.0211894 0.0169146 0.0129186 0.00948145 0.00672663 0.00464763 0.00315479 0.00212276
 1.00596e-16 3.63125e-05 0.000213135 0.00101317 0.0039008 0.0121643 0.030726 0.062869 0.10421 0.139946 0.152274 0.13428 0.0960433 0.0558921 0.0268269 0.0113076 0.00534152 0.00423824 0.00512741 0.00676089 0.00865311 0.010541 0.0121987 0.013421 0.0140569 0.0140417 0.0134101 0.0122828 0.0108327 0.00924316 0.00767138 0.00622709 0.00496813 0.00390957 0.00303915 0.00233229
 1.00499e-16 3.2054e-05 0.000188124 0.000894241 0.00344285 0.0107362 0.0271188 0.0554893 0.0919817 0.123535 0.134447 0.11863 0.0850032 0.049777 0.0244712 0.0113105 0.00682248 0.00690094 0.00900849 0.0119845 0.0152785 0.0184822 0.0211932 0.0230424 0.0237683 0.0232789 0.0216737 0.0192147 0.0162586 0.0131739 0.0102677 0.00774322 0.00569178 0.00411214 0.00294419 0.00210287
 1.01347e-16 2.32018e-05 0.00013614 0.000647071 0.00249113 0.00776825 0.0196223 0.0401519 0.0665644 0.0894187 0.0973699 0.0860409 0.0619262 0.0368169 0.0191315 0.0105792 0.00874685 0.0107352 0.0147184 0.0197742 0.0253126 0.0307482 0.0354443 0.0387992 0.040375 0.0399987 0.0377993 0.0341646 0.0296376 0.0247868 0.0200936 0.0158858 0.0123251 0.0094355 0.00715371 0.00537784
 1.02174e-16 2.65006e-05 0.000155517 0.000739218 0.00284596 0.00887481 0.0224172 0.0458697 0.0760382 0.10213 0.11117 0.0981388 0.0704224 0.0414453 0.0207626 0.010254 0.0070927 0.00792286 0.010668 0.0143611 0.0185026 0.0226735 0.026432 0.0293538 0.0311144 0.031558 0.0307255 0.0288293 0.0261887 0.023149 0.0200114 0.0169921 0.0142157 0.011732 0.0095456 0.00764116
 1.01232e-16 3.3212e-05 0.000194928 0.000926601 0.00356747 0.0111248 0.0281004 0.0574972 0.0953081 0.127997 0.139287 0.122863 0.0879543 0.0513404 0.0249343 0.0110136 0.00595494 0.00548944 0.00699575 0.00931051 0.0119378 0.014558 0.0168704 0.0185963 0.0195299 0.0195834 0.018804 0.0173548 0.0154686 0.0133903 0.0113276 0.00942257 0.00774669 0.00631502 0.00510829 0.00409387
 1.00827e-16 3.04397e-05 0.000178645 0.000849173 0.00326932 0.010195 0.025752 0.0526927 0.087347 0.117314 0.127684 0.112683 0.0807856 0.0473953 0.0234646 0.0111222 0.00708695 0.00747198 0.00987073 0.0131697 0.016818 0.0203839 0.0234324 0.0255607 0.0264804 0.0260849 0.0244736 0.021921 0.0188048 0.0155166 0.0123842 0.00962584 0.00734252 0.00553832 0.00415628 0.00311383
 1.00898e-16 3.03269e-05 0.000177983 0.000846027 0.00325721 0.0101573 0.0256566 0.0524975 0.0870232 0.116878 0.127209 0.112261 0.0804767 0.0472016 0.0233459 0.0110287 0.00698005 0.00732764 0.00967651 0.0129229 0.0165266 0.0200681 0.0231243 0.0253015 0.0263143 0.026051 0.024598 0.0222109 0.0192464 0.0160772 0.0130183 0.0102832 0.00797572 0.0061094 0.00464035 0.00349983
 1.00908e-16 3.05355e-05 0.000179208 0.000851853 0.00327964 0.0102272 0.0258333 0.052859 0.0876224 0.117683 0.128083 0.113029 0.0810197 0.047505 0.0234681 0.0110398 0.00692493 0.00722267 0.00952129 0.0127118 0.0162555 0.0197381 0.0227433 0.0248837 0.0258791 0.0256201 0.024192 0.0218468 0.0189354 0.0158245 0.0128233 0.010141 0.00787898 0.00604956 0.00460885 0.00348881
 1.01197e-16 2.79028e-05 0.000163748 0.000778342 0.00299659 0.00934454 0.0236037 0.0482975 0.080063 0.107536 0.117056 0.103337 0.0741563 0.0436506 0.02188 0.0108223 0.00749708 0.00836244 0.0112181 0.0150258 0.0192349 0.0233783 0.0269699 0.0295537 0.0307975 0.0305686 0.0289621 0.0262682 0.022894 0.0192657 0.0157439 0.012574 0.0098766 0.0076702 0.00590848 0.00451741
 1.01252e-16 3.03945e-05 0.000178382 0.000847926 0.00326453 0.0101801 0.0257142 0.0526153 0.087218 0.117138 0.127488 0.112497 0.0806231 0.0472423 0.0232828 0.0108611 0.00669366 0.00689696 0.00907464 0.0121337 0.0155561 0.0189526 0.0219332 0.0241324 0.0252805 0.0252634 0.0241455 0.022145 0.0195731 0.0167579 0.0139793 0.0114301 0.00920931 0.00733928 0.00579429 0.00452823
 1.014e-16 2.68629e-05 0.000157641 0.000749307 0.00288479 0.00899589 0.0227231 0.0464959 0.0770772 0.103528 0.1127 0.0995078 0.0714447 0.0421266 0.0212499 0.0107314 0.00771492 0.00879992 0.0118695 0.0159132 0.0203758 0.0247702 0.0285836 0.0313344 0.0326712 0.0324539 0.0307828 0.0279642 0.0244272 0.0206207 0.0169237 0.013593 0.0107541 0.00842471 0.00655532 0.005068
 1.01425e-16 3.03972e-05 0.000178398 0.000848007 0.00326484 0.0101811 0.0257167 0.0526203 0.087226 0.117148 0.127497 0.1125 0.0806154 0.0472177 0.0232334 0.0107763 0.00655983 0.00669902 0.00879936 0.0117741 0.0151157 0.0184494 0.0214006 0.0236168 0.0248351 0.0249397 0.0239843 0.0221691 0.0197831 0.0171336 0.0144839 0.0120175 0.00983158 0.00795319 0.0063658 0.00503446
 1.01359e-16 2.7933e-05 0.000163926 0.000779188 0.00299985 0.0093547 0.0236294 0.04835 0.0801499 0.107652 0.117182 0.103446 0.0742304 0.0436856 0.0218816 0.0107968 0.00744616 0.00828293 0.0111047 0.0148737 0.0190425 0.0231491 0.0267132 0.0292849 0.0305363 0.0303369 0.0287809 0.0261549 0.0228597 0.0193145 0.0158725 0.0127727 0.0101309 0.00796254 0.00622028 0.00483093
 1.02083e-16 2.36727e-05 0.000138908 0.000660242 0.00254186 0.00792646 0.0200218 0.0409692 0.0679177 0.0912323 0.0993331 0.087748 0.0630947 0.0373913 0.0192102 0.0102757 0.00810726 0.00973704 0.0133093 0.0179136 0.0230048 0.0280642 0.0325292 0.0358633 0.0376673 0.0377673 0.0362498 0.0334251 0.0297401 0.025668 0.0216136 0.0178579 0.0145481 0.0117223 0.00935098 0.00737574
 1.01911e-16 3.02424e-05 0.000177491 0.000843699 0.00324826 0.0101294 0.0255861 0.0523529 0.0867823 0.116551 0.126843 0.111915 0.0801783 0.0469256 0.0230231 0.0105684 0.00628717 0.00631299 0.00826811 0.0110838 0.014276 0.0174995 0.0204108 0.0226836 0.0240689 0.0244477 0.0238514 0.0224426 0.0204652 0.0181817 0.0158196 0.0135406 0.0114361 0.00954087 0.00785656 0.00637145
 1.0135e-16 2.95229e-05 0.000173263 0.000823584 0.0031708 0.00988779 0.0249759 0.0511048 0.0847151 0.11378 0.12384 0.109295 0.0783673 0.045998 0.0228133 0.0108825 0.00702875 0.0074879 0.00993055 0.0132794 0.0169994 0.020668 0.0238553 0.0261604 0.0272914 0.0271325 0.0257682 0.0234537 0.0205456 0.017416 0.0143775 0.0116406 0.00930566 0.00738423 0.00583272 0.00458556
 1.03059e-16 1.02938e-05 6.03384e-05 0.000286658 0.00110338 0.00344053 0.00869114 0.0177877 0.0295019 0.0396711 0.0433043 0.0385169 0.0282686 0.0179044 0.0113192 0.00946856 0.0114819 0.0162181 0.0228886 0.0309197 0.0396675 0.0482949 0.0558314 0.0613464 0.0641539 0.06397 0.0609708 0.0557278 0.0490501 0.0417887 0.0346661 0.0281772 0.0225709 0.0178954 0.0140729 0.0109725
 1.06733e-16 1.87964e-05 0.000110292 0.000524225 0.0020182 0.00629349 0.015897 0.0325283 0.0539234 0.0724303 0.0788517 0.069632 0.0500183 0.029544 0.015006 0.00776803 0.00586729 0.00697572 0.00968023 0.0133559 0.0177019 0.022455 0.027303 0.031901 0.0359224 0.0391066 0.041288 0.042397 0.0424425 0.0414856 0.0396195 0.0369611 0.0336529 0.0298656 0.0257969 0.021658
 1.02294e-16 3.46336e-05 0.000203279 0.000966316 0.0037204 0.0116017 0.029305 0.0599615 0.0993911 0.133474 0.145233 0.128072 0.0916061 0.053316 0.0256027 0.0108147 0.00514752 0.00413296 0.00504057 0.006689 0.00862573 0.010611 0.0124394 0.013922 0.0149155 0.0153514 0.0152462 0.0146891 0.0138111 0.0127488 0.0116141 0.0104788 0.00937566 0.0083101 0.00727655 0.00627156
pSPR Fmed_Fpbrs
0.465093   0.6 0.325
Fs Fmed_Fpbrs
0.64   0.369073 1.19581
SSBpbr Bo_Bmed_Bpbrs
558717  231920  307295 153647
Ro
21590.3
SPR SPRFo_SPRFmed_SPRFpbrs
445931 207399 144928
log_Ro
9.8
likeval ReclasPelacesDesembMPH_pf_preclas_ppelaces_ptallas_desvR_qrecl_qpela
 0.00171425 10.7405 0.0751969 15.9183 338.731 208.184 55.3087 0 32.561 2.13802e-05 0.000229975 1.54996e-15 0 0 0
q_reclas_q_pelaces
1.92557 8.64959
M
0.7
N
 22448.5 13990.9 5844.23 758.804 0.141883
 34500.4 10490.3 4038.48 1686.93 219.07
 5296.19 15682.8 2366.04 910.859 429.89
 7088.63 2059.37 877.194 132.341 74.9926
 30236.3 2834.45 147.824 62.9659 14.8826
 21786.9 14530.6 1050.39 54.7805 28.8491
 69822.3 8606.08 935.435 67.6205 5.3838
 49025.1 30252 1264.67 137.463 10.7281
 85687.7 21259.4 4479.88 187.28 21.9449
 120570 35721.8 2214.31 466.609 21.7921
 62946.4 54728 7952.99 492.987 108.736
 53663.4 27413.1 8419.3 1223.48 92.5684
 60285 23482.7 4401.61 1351.85 211.312
 26966.9 24967.6 2306.83 432.393 153.558
 11340.1 10510.6 1426.27 131.777 33.4722
 9845.19 4402.17 579.238 78.6016 9.10687
 7479.27 4254.67 632.209 83.1861 12.5961
 9111.68 3238.29 621.35 92.3274 13.988
 8956.29 4040.82 585.809 112.403 19.2325
 12742.1 4075.21 919.314 133.276 29.9479
 18400.1 5707.48 805.863 181.792 32.277
 18925.5 8720.39 1868.13 263.769 70.0676
 35228.9 8884.72 2622.52 561.811 100.396
 52514.8 16167.1 2181.6 643.949 162.602
 13170.1 24284.1 4249.04 573.367 211.977
 14947 6188.48 7363.23 1288.36 238.125
 2585.88 6804.75 1414.75 1683.31 348.97
pred_Ctot
 955.229 4345.62 1815.23 235.687 0.0440692
 2110.01 4305.55 1657.52 692.369 89.9128
 838.131 11211.5 1691.46 651.166 307.325
 1005.46 1403.57 597.853 90.197 51.1114
 702.662 526.016 27.4331 11.6852 2.76191
 3247.39 10125.8 731.971 38.1742 20.1037
 6452.8 4661.58 506.689 36.6274 2.91619
 4503.83 16326.7 682.53 74.1873 5.78982
 9990.72 13151 2771.24 115.851 13.5751
 7490.5 14829.2 919.225 193.703 9.04654
 5610.9 28991 4212.93 261.15 57.6006
 4618.29 14204.7 4362.65 633.974 47.9665
 7271.9 14787.7 2771.81 851.295 133.069
 4230.58 17784.6 1643.17 307.996 109.38
 1805.51 7532.81 1022.19 94.443 23.9892
 926.008 2410.11 317.122 43.033 4.98585
 694.539 2311.34 343.446 45.1907 6.8428
 705.399 1566.55 300.583 44.6641 6.76679
 541.976 1645.69 238.58 45.7778 7.83276
 903.369 1857.33 418.99 60.7422 13.6491
 605.274 1432.96 202.326 45.6421 8.10372
 745.938 2545.3 545.269 76.9889 20.4513
 1930.61 3361.76 992.297 212.575 37.9874
 2608.75 5674.94 765.779 226.037 57.0761
 510.806 6995.17 1223.96 165.161 61.0611
 899.099 2509.35 2985.7 522.413 96.557
 793.937 5909.45 1228.61 1461.84 303.056
F
 0.060771 0.542541 0.542541 0.542541 0.542541
 0.0884037 0.789236 0.789236 0.789236 0.789236
 0.244588 2.18359 2.18359 2.18359 2.18359
 0.216646 1.93413 1.93413 1.93413 1.93413
 0.0327843 0.292686 0.292686 0.292686 0.292686
 0.22884 2.043 2.043 2.043 2.043
 0.136392 1.21766 1.21766 1.21766 1.21766
 0.13553 1.20997 1.20997 1.20997 1.20997
 0.174947 1.56186 1.56186 1.56186 1.56186
 0.0898575 0.802215 0.802215 0.802215 0.802215
 0.131261 1.17185 1.17185 1.17185 1.17185
 0.126467 1.12905 1.12905 1.12905 1.12905
 0.181503 1.62039 1.62039 1.62039 1.62039
 0.242228 2.16252 2.16252 2.16252 2.16252
 0.246249 2.19842 2.19842 2.19842 2.19842
 0.138965 1.24063 1.24063 1.24063 1.24063
 0.137089 1.22388 1.22388 1.22388 1.22388
 0.11311 1.00981 1.00981 1.00981 1.00981
 0.0874335 0.780575 0.780575 0.780575 0.780575
 0.103136 0.920764 0.920764 0.920764 0.920764
 0.0466908 0.416839 0.416839 0.416839 0.416839
 0.056177 0.501528 0.501528 0.501528 0.501528
 0.0788868 0.704273 0.704273 0.704273 0.704273
 0.0712718 0.636289 0.636289 0.636289 0.636289
 0.0552582 0.493325 0.493325 0.493325 0.493325
 0.0868913 0.775734 0.775734 0.775734 0.775734
 0.534599 4.7727 4.7727 4.7727 4.7727
Np
 12938.5 6164.85 258.307 9.81198 2.74035
YTP_r0W_actual
 619.039 33321.2 10070.8 15302.5 3520.48
YTP_p0W_proyectada
 3097.36 3684.15 203.438 54.0152 71.6203
 3097.36 30187.7 1838.74 89.198 27.6453
CTP_r0_actual
 75.4925 1542.65 320.726 381.609 79.112
CTP_p0_proyectada
 377.727 170.562 6.47893 1.34701 1.60944
 377.727 1397.58 58.5586 2.22439 0.621242
Wmedp
 8.2 21.6 31.4 40.1 44.5
nmprior
 10.8 10.6 4.6 0
nm_flota  nm_reclas  nm_pelaces    nm_pelaL
inf 23.9681 16.1327 49.0671
cv_recla  cv_pelaces  cv_mph
1.19521 0.359008 0.533156
 ------------------------------------------------
Talla a la edad & desviaci?n 
 7.2 14.2025 17.0495 18.207 18.6776
 1.08 2.13037 2.55742 2.73105 2.80164
