years
 1997 1998 1999 2000 2001 2002 2003 2004 2005 2006 2007 2008 2009 2010 2011 2012 2013 2014 2015 2016 2017 2018 2019 2020 2021 2022 2023
reclasobs
 0 0 0 370054 412103 1.49427e+06 250295 1.28982e+06 931140 785840 897777 1.04006e+06 184774 17550 25797 100020 73551 82996 120727 218422 84188 347160 605670 569463 516374 1.08416e+06 1.01767e+06
reclaspred
 342968 86137.5 208354 134306 213533 258438 738308 513732 642413 641364 530592 376168 266532 144796 109834 103137 115206 159069 171395 248541 364830 315337 513619 670910 780419 703344 607626
pelacesobs
 0 0 0 0 0 0 0 0 0 2.06254e+06 1.5e+06 0 1.87456e+06 323000 250000 174000 83755 137374 0 501740 490994 745055 786931 1.00524e+06 1.33801e+06 1.41789e+06 0
pelacespred
 1.03493e+06 204677 319215 312317 435073 406892 1.53075e+06 1.18803e+06 1.36901e+06 1.36727e+06 1.01509e+06 752088 535385 250047 189818 190537 221216 302161 333663 470829 770158 661531 874980 1.27119e+06 1.4702e+06 1.46571e+06 1.20957e+06
mphobs
 0 0 0 0 0 0 112323 0 153150 637223 0 255016 313432 73983 77613 109348 50772 17779 17303 59886 28197 0 207744 136588 643089 65757 70829
mphpred
 132018 75121.1 79510.5 75340.7 81066 135114 229524 328761 292347 332706 336239 245663 159757 91309 51880.9 44685.4 45144.5 59308.6 34091.3 38411.5 60629.3 73974.3 84220 118788 155926 154426 129837
desembarqueobs
 350755 77701 442110 56441 14545 235359 269955 359681 431902 328805 639364 411747 362871 311530 167758 66681 60226 58785 57116 73181 50977 67692 138656 160484 209506 203330 245020
desembarquepred
 350774 77709.4 442228 56447.5 14545.3 235425 269981 359724 431908 328819 639542 411879 363021 311922 167904 66711.1 60252.7 58789.8 57113.2 73182.4 50977.9 67690.6 138661 160489 209514 203339 245022
Reclutas
 40042.1 43949.3 22697.9 30928.3 56470.7 52739.8 109064 83891.9 131156 136707 71886.7 48908.5 57413.1 29179.2 18707.4 20028.1 17159.1 21995.7 25293.1 43789.9 57311.4 59606.1 99741.1 137482 52944.2 63522.2 85439.6
log_desv_Rt
 -0.222312 -0.129207 -0.789971 -0.480572 0.121478 0.0531259 0.779689 0.517285 0.964144 1.0056 0.362846 -0.0222926 0.138028 -0.538787 -0.983326 -0.915111 -1.06972 -0.821396 -0.681714 -0.132841 0.136254 0.175514 0.690333 1.01125 0.0569929 0.239144 0.535566
SSB
 481532 274001 290012 274802 295685 492822 814812 1.18642e+06 1.04343e+06 1.19004e+06 1.22642e+06 896047 599040 385490 224443 195851 204989 260003 329631 387656 584686 697043 813545 1.10099e+06 1.568e+06 1.59309e+06 1.26755e+06
BT
 1.67851e+06 404495 670241 477711 593312 728164 2.23194e+06 1.9838e+06 2.2228e+06 2.14087e+06 1.92763e+06 1.38072e+06 1.06724e+06 628433 395323 310481 346765 450946 494895 688526 1.07045e+06 947802 1.26722e+06 1.83054e+06 2.12671e+06 2.13801e+06 1.83224e+06
Ftot
 0.672496 0.584035 1.06349 0.246602 0.0458166 0.443362 0.245105 0.386629 0.429063 0.297923 0.562938 0.501078 0.724144 1.00858 0.789921 0.32779 0.282661 0.20222 0.166583 0.169629 0.078306 0.102522 0.134135 0.132827 0.115832 0.126336 0.191993
BD_Bspro_t
 0.921253 0.662867 0.573274 0.383064 0.526613 0.70521 0.683047 0.731422 0.672954 0.658844 0.641369 0.494618 0.401257 0.335023 0.246802 0.260909 0.345966 0.495354 0.61521 0.703544 0.79662 0.858883 0.855225 0.854073 0.861563 0.825362 0.788187
BD_Bspro
 0.466176 0.265263 0.280763 0.266039 0.286255 0.477106 0.788827 1.14859 1.01015 1.15209 1.18731 0.867472 0.579937 0.373197 0.217286 0.189606 0.198452 0.251711 0.319119 0.375293 0.566041 0.674814 0.787601 1.06588 1.518 1.54229 1.22713
BD_Bo
 0.276847 0.157532 0.166737 0.157992 0.169998 0.283338 0.46846 0.682111 0.599898 0.68419 0.705106 0.515165 0.344407 0.22163 0.129039 0.112601 0.117854 0.149484 0.189515 0.222875 0.336154 0.400751 0.467732 0.632994 0.901492 0.915917 0.728754
BD_Brms
 0.503359 0.286421 0.303157 0.287258 0.309088 0.51516 0.851746 1.2402 1.09072 1.24398 1.28201 0.936663 0.626194 0.402964 0.234617 0.204729 0.214281 0.271788 0.344573 0.405227 0.611189 0.728639 0.850422 1.1509 1.63908 1.6653 1.32501
S_f
 0.176347 1 1 1 1
 0.176347 1 1 1 1
 0.176347 1 1 1 1
 0.176347 1 1 1 1
 0.176347 1 1 1 1
 0.176347 1 1 1 1
 0.176347 1 1 1 1
 0.176347 1 1 1 1
 0.176347 1 1 1 1
 0.176347 1 1 1 1
 0.176347 1 1 1 1
 0.176347 1 1 1 1
 0.176347 1 1 1 1
 0.176347 1 1 1 1
 0.176347 1 1 1 1
 0.176347 1 1 1 1
 0.176347 1 1 1 1
 0.176347 1 1 1 1
 0.176347 1 1 1 1
 0.176347 1 1 1 1
 0.176347 1 1 1 1
 0.176347 1 1 1 1
 0.176347 1 1 1 1
 0.176347 1 1 1 1
 0.176347 1 1 1 1
 0.176347 1 1 1 1
 0.176347 1 1 1 1
Scru_reclas
 1 1 1 1 1
 1 1 1 1 1
 1 1 1 1 1
 1 1 1 1 1
 1 1 1 1 1
 1 1 1 1 1
 1 1 1 1 1
 1 1 1 1 1
 1 1 1 1 1
 1 1 1 1 1
 1 1 1 1 1
 1 1 1 1 1
 1 1 1 1 1
 1 1 1 1 1
 1 1 1 1 1
 1 1 1 1 1
 1 1 1 1 1
 1 1 1 1 1
 1 1 1 1 1
 1 1 1 1 1
 1 1 1 1 1
 1 1 1 1 1
 1 1 1 1 1
 1 1 1 1 1
 1 1 1 1 1
 1 1 1 1 1
 1 1 1 1 1
Scru_pelaces
 1 1 1 1 1
 1 1 1 1 1
 1 1 1 1 1
 1 1 1 1 1
 1 1 1 1 1
 1 1 1 1 1
 1 1 1 1 1
 1 1 1 1 1
 1 1 1 1 1
 1 1 1 1 1
 1 1 1 1 1
 1 1 1 1 1
 1 1 1 1 1
 1 1 1 1 1
 1 1 1 1 1
 1 1 1 1 1
 1 1 1 1 1
 1 1 1 1 1
 1 1 1 1 1
 1 1 1 1 1
 1 1 1 1 1
 1 1 1 1 1
 1 1 1 1 1
 1 1 1 1 1
 1 1 1 1 1
 1 1 1 1 1
 1 1 1 1 1
pf_obs 
 0.256992 0.487395 0.22802 0.0275931 0
 0.321318 0.546541 0.124235 0.00734118 0.000564706
 0.182869 0.594174 0.210203 0.0122559 0.00049798
 0.330522 0.361315 0.267642 0.0388342 0.00168674
 0.649043 0.306663 0.0425973 0.00169635 0
 0.582887 0.30429 0.105238 0.00758474 0
 0.465427 0.430635 0.0974691 0.00646863 0
 0.296916 0.608066 0.0921331 0.00288517 0
 0.311714 0.524322 0.152257 0.0117073 0
 0.15457 0.633149 0.183074 0.0267441 0.00246327
 0.131901 0.49318 0.331252 0.0422183 0.00144891
 0.196976 0.569456 0.194076 0.0375587 0.00193317
 0.518974 0.381816 0.0799577 0.0180837 0.00116848
 0.0928022 0.601141 0.25162 0.0475244 0.00691264
 0.122501 0.610282 0.24278 0.0234846 0.000952079
 0.383417 0.481906 0.127806 0.00687128 0
 0.0376549 0.599619 0.316969 0.0457579 0
 0.0361596 0.667082 0.258105 0.0386534 0
 0.158088 0.579412 0.248529 0.0139706 0
 0.0477256 0.309471 0.559284 0.082774 0.000745712
 0.0406174 0.521527 0.379366 0.0568643 0.0016247
 0.151134 0.462217 0.34131 0.0453401 0
 0.294876 0.26143 0.354403 0.0886775 0.000613685
 0.281977 0.475581 0.204845 0.0348837 0.00271318
 0.0841818 0.532909 0.334909 0.0458182 0.00218182
 0.115287 0.27431 0.454777 0.147771 0.00785563
 0 0 0 0 0
pf_pred 
 0.366857 0.448863 0.165016 0.0192508 1.35922e-05
 0.305203 0.569704 0.088684 0.032603 0.00380617
 0.180422 0.629024 0.156246 0.0243223 0.00998549
 0.302237 0.474447 0.171395 0.0425734 0.0093481
 0.335683 0.48752 0.120214 0.0434276 0.0131557
 0.225185 0.577491 0.144809 0.0357075 0.0168071
 0.367442 0.424204 0.155292 0.0389405 0.0141216
 0.2044 0.626155 0.113632 0.0415985 0.0142139
 0.305103 0.442231 0.198853 0.0360871 0.0177248
 0.250415 0.564693 0.117665 0.0529092 0.0143178
 0.140592 0.589142 0.203602 0.0424245 0.0242389
 0.148243 0.467456 0.263447 0.0910447 0.0298099
 0.244294 0.420528 0.18395 0.10367 0.0475579
 0.170736 0.59949 0.127862 0.0559302 0.0459809
 0.189088 0.534082 0.200126 0.0426837 0.0340206
 0.244697 0.499015 0.168797 0.0632497 0.0242424
 0.195445 0.548713 0.16903 0.057176 0.0296359
 0.239201 0.46517 0.201621 0.0621089 0.0318985
 0.229225 0.510346 0.159232 0.0690168 0.0321796
 0.30284 0.450165 0.163541 0.0510261 0.0324285
 0.263754 0.535413 0.12968 0.0471118 0.024041
 0.208532 0.536682 0.185286 0.0448774 0.0246233
 0.279309 0.439915 0.190389 0.0657307 0.0246556
 0.269139 0.511979 0.133607 0.0578234 0.0274513
 0.0914387 0.626502 0.197587 0.0515627 0.0329098
 0.146056 0.320967 0.367516 0.115907 0.0495529
 0.209602 0.400753 0.146454 0.167693 0.0754977
pobs_RECLAS
 0 0 0 0 0
 0 0 0 0 0
 0 0 0 0 0
 0 0 0 0 0
 0.835266 0.146461 0.0176864 0.000547809 3.91292e-05
 0.385257 0.428462 0.181853 0.0044286 0
 0.867414 0.0963971 0.0333333 0.00285562 0
 0.441836 0.489002 0.0689373 0.000224442 0
 0.779404 0.147425 0.0564933 0.0165055 0.000172143
 0.814271 0.122319 0.05973 0.00367925 0
 0.40263 0.566651 0.0304383 0.000280538 0
 0.475488 0.404961 0.113038 0.00651328 0
 0.955842 0.0263864 0.0167828 0.000988607 0
 0.975058 0.0227948 0.00214734 0 0
 0.738997 0.206755 0.0527124 0.00153531 0
 0.850938 0.134255 0.0134407 0.00136685 0
 0.542534 0.407297 0.0501686 0 0
 0.764087 0.199537 0.0359546 0.000420521 0
 0.470689 0.182191 0.310203 0.0369168 0
 0.84361 0.089868 0.0606195 0.00523954 0.000663233
 0.607945 0.314616 0.071237 0.00620181 0
 0.523733 0.453247 0.0230204 0 0
 0.530135 0.295979 0.169645 0.0042399 0
 0.562478 0.366248 0.0663022 0.0049721 0
 0.250443 0.683176 0.0655157 0.000865301 0
 0.195077 0.31981 0.436473 0.0351445 0.0134964
 0.565238 0.351407 0.0832357 0.000118908 0
ppred_RECLAS
 0.775408 0.159223 0.0585352 0.00682875 4.82148e-06
 0.721862 0.228061 0.0355016 0.0130515 0.00152367
 0.578248 0.323694 0.0804036 0.0125162 0.0051385
 0.713566 0.194762 0.0703581 0.0174765 0.00383742
 0.74173 0.189536 0.0467363 0.0168836 0.00511463
 0.629106 0.276437 0.0693183 0.0170927 0.00804534
 0.769614 0.154501 0.0565596 0.0141827 0.0051433
 0.598818 0.315739 0.0572992 0.0209761 0.00716735
 0.719061 0.178789 0.080394 0.0145896 0.00716593
 0.65849 0.257274 0.0536081 0.0241054 0.00652318
 0.491012 0.348922 0.120584 0.0251261 0.0143556
 0.505123 0.271595 0.153064 0.0528976 0.0173198
 0.659432 0.189516 0.0828992 0.04672 0.0214325
 0.560154 0.317973 0.0678188 0.0296657 0.0243886
 0.584438 0.273697 0.102557 0.0218738 0.0174343
 0.652041 0.22989 0.0777625 0.0291383 0.0111682
 0.583435 0.2841 0.0875165 0.0296033 0.0153442
 0.643246 0.218128 0.0945442 0.0291241 0.0149578
 0.629865 0.245074 0.076465 0.0331426 0.015453
 0.713145 0.185226 0.067291 0.0209953 0.0133431
 0.671004 0.239252 0.0579485 0.0210522 0.0107429
 0.600322 0.271015 0.0935663 0.0226624 0.0124343
 0.688799 0.189959 0.0822119 0.0283831 0.0106465
 0.677724 0.225759 0.0589146 0.0254974 0.0121048
 0.364742 0.438045 0.138151 0.0360522 0.0230103
 0.49402 0.19018 0.217761 0.0686776 0.0293612
 0.603143 0.201217 0.0735342 0.0841986 0.0379073
pobs_PELACES
 0 0 0 0 0
 0 0 0 0 0
 0 0 0 0 0
 0 0 0 0 0
 0 0 0 0 0
 0 0 0 0 0
 0 0 0 0 0
 0 0 0 0 0
 0 0 0 0 0
 0 0 0 0 0
 0.450072 0.473896 0.0757376 0.000293798 0
 0 0 0 0 0
 0.463077 0.371075 0.160297 0.00555027 0
 0.529543 0.364841 0.0842815 0.0213345 0
 0.631943 0.363953 0.00410389 0 0
 0.735681 0.248677 0.0153453 0.000297389 0
 0.695825 0.281241 0.0229344 0 0
 0.275771 0.60734 0.115278 0.00161068 0
 0 0 0 0 0
 0.896147 0.0623911 0.0374545 0.00400742 0
 0.803859 0.145111 0.0509908 3.86294e-05 0
 0.739449 0.233085 0.0266225 0.000797448 4.60066e-05
 0.878498 0.100942 0.0204185 0.000141795 0
 0.694673 0.275183 0.0284847 0.00165964 0
 0.469039 0.446079 0.0841089 0.000773354 0
 0.822795 0.102175 0.0682046 0.00682512 0
 0 0 0 0 0
ppred_PELACES
 0.805635 0.137794 0.0506572 0.0059097 4.17258e-06
 0.752587 0.202868 0.0315798 0.0116097 0.00135535
 0.646719 0.271143 0.0673501 0.0104842 0.00430427
 0.727068 0.185581 0.0670416 0.0166527 0.00365654
 0.744108 0.18779 0.0463059 0.0167281 0.00506753
 0.656761 0.255826 0.0641498 0.0158183 0.00744546
 0.781213 0.146722 0.0537119 0.0134686 0.00488433
 0.623782 0.296092 0.0537337 0.0196708 0.00672136
 0.742008 0.164186 0.0738275 0.0133979 0.00658062
 0.676459 0.243736 0.0507873 0.022837 0.00617994
 0.52923 0.322723 0.11153 0.0232395 0.0132777
 0.539092 0.252952 0.142558 0.0492666 0.0161309
 0.702157 0.165741 0.0724993 0.0408589 0.0187438
 0.626194 0.270231 0.0576362 0.0252116 0.0207268
 0.635463 0.240091 0.0899644 0.019188 0.0152936
 0.671972 0.216722 0.0733082 0.0274693 0.0105285
 0.60198 0.271453 0.0836205 0.0282854 0.0146612
 0.655758 0.210478 0.0912285 0.0281027 0.0144333
 0.640358 0.238127 0.0742974 0.0322031 0.0150149
 0.722483 0.179196 0.0651004 0.0203118 0.0129087
 0.675686 0.235848 0.0571239 0.0207526 0.01059
 0.606989 0.266495 0.0920056 0.0222843 0.0122269
 0.69656 0.185222 0.0801616 0.0276753 0.010381
 0.685559 0.220271 0.0574824 0.0248776 0.0118105
 0.372067 0.432993 0.136558 0.0356364 0.0227449
 0.502605 0.186953 0.214067 0.0675125 0.028863
 0.615564 0.194919 0.0712326 0.0815633 0.0367208
pobs_pel_tallas
 0 0 0 0 0 0 0 0 0 0 0 0 0 0 0 0 0 0 0 0 0 0 0 0 0 0 0 0 0 0 0 0 0 0 0 0
 0 0 0 0 0 0 0 0 0 0 0 0 0 0 0 0 0 0 0 0 0 0 0 0 0 0 0 0 0 0 0 0 0 0 0 0
 0 0 0 0 0 0 0 0 0 0 0 0 0 0 0 0 0 0 0 0 0 0 0 0 0 0 0 0 0 0 0 0 0 0 0 0
 0 0 0 0 0 0 0 0 0 0 0 0 0 0 0 0 0 0 0 0 0 0 0 0 0 0 0 0 0 0 0 0 0 0 0 0
 0 0 0 0 0 0 0 0 0 0 0 0 0 0 0 0 0 0 0 0 0 0 0 0 0 0 0 0 0 0 0 0 0 0 0 0
 0 0 0 0 0 0 0 0 0 0 0 0 0 0 0 0 0 0 0 0 0 0 0 0 0 0 0 0 0 0 0 0 0 0 0 0
 0 0 0 0 0 0 0 0 0 0 0 0 0 0 0 0 0 0 0 0 0 0 0 0 0 0 0 0 0 0 0 0 0 0 0 0
 0 0 0 0 0 0 0 0 0 0 0 0 0 0 0 0 0 0 0 0 0 0 0 0 0 0 0 0 0 0 0 0 0 0 0 0
 0 0 0 0 0 0 0 0 0 0 0 0 0 0 0 0 0 0 0 0 0 0 0 0 0 0 0 0 0 0 0 0 0 0 0 0
 0 0 0 0 0 0 0 0 0 0 0 0 0 0 0 0 0 0 0 0 0 0 0 0 0 0 0 0 0 0 0 0 0 0 0 0
 0 0 0 0 0 0 0 0 1.78061e-05 0.00172719 0.00360574 0.0105946 0.0120993 0.0124554 0.0147524 0.0171206 0.0266825 0.0428682 0.0675386 0.121331 0.153587 0.119568 0.100827 0.0573624 0.0630603 0.0341343 0.0324427 0.0444173 0.0211091 0.0280891 0.0125444 0.00206551 0 0 0 0
 0 0 0 0 0 0 0 0 0 0 0 0 0 0 0 0 0 0 0 0 0 0 0 0 0 0 0 0 0 0 0 0 0 0 0 0
 0 0 0 0 0 0 0.0133647 0.0140871 0.0187388 0.0205184 0.03894 0.0496705 0.03968 0.0493445 0.0407372 0.0367815 0.0215668 0.0243155 0.0234873 0.0199281 0.019796 0.0243948 0.0301388 0.0376714 0.0412746 0.0863199 0.0771752 0.113111 0.0741005 0.0525337 0.0229764 0.00759418 0.00175318 0 0 0
 0 0 0 0 0 0 0 0 0 0 0.00219441 0.00772107 0.0458388 0.0604681 0.0671733 0.0775358 0.0609151 0.0617685 0.073594 0.0568108 0.0755445 0.0548602 0.0670107 0.0636378 0.0643287 0.046367 0.0373049 0.0286899 0.0247887 0.0153202 0.00654259 0.00121912 0.000365735 0 0 0
 0 0 0 0 0 0 0 0 0 0 0 0 0.000112435 0.00938835 0.0111873 0.0202946 0.0414886 0.0713402 0.111592 0.104902 0.108894 0.110636 0.117776 0.105296 0.107544 0.0401394 0.0192827 0.0124803 0.00416011 0.0028671 0.000618394 0 0 0 0 0
 0 0 0 0 0 0 0 0 0 0 0.00291406 0.0102884 0.027416 0.0768956 0.0749926 0.110853 0.0956884 0.0897413 0.0766577 0.0534642 0.0500743 0.0551293 0.0594112 0.0620874 0.0668451 0.0424026 0.0208742 0.0120726 0.0048766 0.00582813 0.00118941 0.000297354 0 0 0 0
 0 0.00264628 0.0354308 0.0461629 0.0458689 0.0383711 0.0214643 0.0164657 0.0346957 0.0420465 0.0363128 0.0245516 0.0311673 0.0291091 0.0169068 0.0133784 0.00837989 0.0085269 0.0148486 0.0160247 0.0276389 0.0546898 0.0760071 0.122758 0.109233 0.0665981 0.0333725 0.0166128 0.00676272 0.00308733 0.000882094 0 0 0 0 0
 0 0 0 0 0 0 0 0.000805153 0.000690131 0.00759144 0.0133425 0.0154129 0.00931677 0.000345066 0.00356568 0.00563607 0.00851162 0.0253048 0.0502646 0.0516448 0.0657925 0.0565908 0.0611916 0.0827007 0.0866115 0.110766 0.145733 0.0935128 0.0569358 0.0249597 0.0138026 0.00621118 0.00161031 0.00115022 0 0
 0 0 0 0 0 0 0 0 0 0 0 0 0 0 0 0 0 0 0 0 0 0 0 0 0 0 0 0 0 0 0 0 0 0 0 0
 0.00147267 0.00158595 0.00478618 0.00569244 0.00954404 0.0108468 0.00647125 0.017049 0.0510054 0.094081 0.124002 0.0959785 0.0687766 0.0820023 0.061753 0.0591476 0.0492212 0.0479892 0.0443925 0.0268479 0.0217502 0.0140895 0.0121071 0.0120363 0.00920419 0.00665534 0.0049561 0.00860946 0.00930331 0.0156896 0.0114698 0.00855282 0.00243557 0.00046729 0 2.83206e-05
 0 0 0 0 0.000772559 0.00158375 0.000888443 0.00281984 0.00712685 0.0440552 0.0773331 0.111326 0.0921469 0.0852325 0.0710754 0.0886704 0.0786465 0.0553345 0.0373146 0.0185414 0.00753245 0.00457741 0.012979 0.0271748 0.0457355 0.0583668 0.034881 0.0177882 0.00938659 0.00492506 0.0015258 0.00185414 0.000309023 5.79419e-05 3.86279e-05 0
 0 0.00173294 0.00326652 0 0.00397197 0.00683976 0.00946217 0.0152591 0.00757587 0.0136028 0.0228656 0.0392903 0.0559909 0.0764795 0.0681675 0.0726916 0.0566044 0.0477403 0.0527397 0.0444891 0.0609904 0.0582453 0.0661739 0.0445044 0.0529084 0.0360697 0.0280645 0.0235558 0.0158879 0.00826598 0.00280645 0.00217768 0.000904811 0.00058276 9.20147e-05 0
 0 0 0 0 0 0 0 0 0 0 0 0 0 0 0 0 0 0 0 0 0 0 0 0 0 0 0 0 0 0 0 0 0 0 0 0
 0 0 0 0 0 0 0 0 0 0 0 0 0 0 0 0 0 0 0 0 0 0 0 0 0 0 0 0 0 0 0 0 0 0 0 0
 0 0 0 0 0 0 0 0 0 0 0 0 0 0 0 0 0 0 0 0 0 0 0 0 0 0 0 0 0 0 0 0 0 0 0 0
 0 0 0 0 0 0 0 0 0 0 0 0 0 0 0 0 0 0 0 0 0 0 0 0 0 0 0 0 0 0 0 0 0 0 0 0
 0 0 0 0 0 0 0 0 0 0 0 0 0 0 0 0 0 0 0 0 0 0 0 0 0 0 0 0 0 0 0 0 0 0 0 0
ppred_pel_tallas
 1.00968e-16 3.51478e-05 0.000206297 0.000980658 0.00377561 0.0117739 0.02974 0.0608515 0.100867 0.135457 0.147392 0.129983 0.0929859 0.0541456 0.0260506 0.0110884 0.00540179 0.00445761 0.00548204 0.00726717 0.00933766 0.0114277 0.0133029 0.0147463 0.0155938 0.0157682 0.0152929 0.0142795 0.0128939 0.0113154 0.00970002 0.00815957 0.0067578 0.00551919 0.00444371 0.00352039
 1.00977e-16 3.28373e-05 0.000192726 0.000916128 0.00352714 0.010999 0.0277827 0.0568474 0.0942317 0.126553 0.137721 0.121495 0.0870029 0.0508415 0.0247968 0.0111303 0.00626788 0.00599354 0.00771249 0.0102606 0.0131216 0.0159436 0.0183893 0.0201479 0.0209942 0.0208401 0.019753 0.0179329 0.0156585 0.0132199 0.0108605 0.00874382 0.00694721 0.00547825 0.00430128 0.00336334
 1.01606e-16 2.82237e-05 0.000165634 0.000787316 0.00303115 0.00945232 0.0238759 0.0488543 0.0809852 0.108772 0.118395 0.104503 0.0749605 0.0440572 0.0219607 0.0106605 0.00713184 0.00778665 0.0104032 0.013948 0.0178955 0.0218163 0.025267 0.0278288 0.0291919 0.0292239 0.0279961 0.0257555 0.0228549 0.019667 0.0165092 0.0136002 0.0110525 0.00889199 0.00709087 0.00559894
 1.01756e-16 3.17239e-05 0.000186191 0.000885062 0.00340753 0.0106261 0.0268406 0.0549196 0.0910359 0.122261 0.133049 0.11737 0.0840425 0.0490989 0.0239246 0.010704 0.00598576 0.00570173 0.00735467 0.00983492 0.0126635 0.0155223 0.0181048 0.0201217 0.0213526 0.0216924 0.0211698 0.0199291 0.0181868 0.0161752 0.0140951 0.0120887 0.0102355 0.00856491 0.00707726 0.00576155
 1.01531e-16 3.24669e-05 0.000190553 0.000905801 0.00348738 0.0108751 0.0274696 0.0562065 0.093169 0.125125 0.136165 0.120116 0.0860028 0.0502317 0.0244528 0.0108985 0.00603243 0.00568648 0.00729998 0.00973301 0.0124925 0.0152526 0.0177026 0.0195532 0.0205897 0.0207189 0.0199865 0.0185574 0.0166682 0.014568 0.0124678 0.0105112 0.00877052 0.00726147 0.00596601 0.00485399
 1.01886e-16 2.8661e-05 0.000168203 0.00079953 0.00307818 0.00959899 0.0242464 0.0496122 0.0822409 0.110457 0.120224 0.106107 0.0760868 0.044671 0.0221773 0.0106177 0.00691237 0.00741223 0.00986162 0.0132203 0.0169738 0.0207143 0.0240242 0.0265096 0.027878 0.0280027 0.0269477 0.0249406 0.0223074 0.0193922 0.0164866 0.0137907 0.011406 0.00935519 0.0076133 0.006137
 1.01502e-16 3.40833e-05 0.000200046 0.00095094 0.00366119 0.0114171 0.0288386 0.0590074 0.0978104 0.131354 0.142931 0.126057 0.090195 0.0525564 0.0253536 0.0109086 0.00548812 0.00470249 0.00586464 0.00780081 0.0100414 0.0123139 0.0143725 0.0159881 0.0169864 0.0172837 0.0169013 0.015952 0.0146046 0.0130407 0.0114171 0.00984427 0.0083839 0.00705901 0.00587016 0.00480988
 1.0185e-16 2.72246e-05 0.000159766 0.000759413 0.00292371 0.00911725 0.0230296 0.0471229 0.078116 0.104922 0.114212 0.10083 0.0723672 0.0426166 0.0213975 0.0106431 0.00745005 0.00836627 0.0112476 0.0150814 0.0193277 0.0235257 0.0271938 0.0298795 0.0312519 0.0311769 0.0297446 0.0272367 0.0240485 0.0205924 0.0172148 0.0141485 0.0115048 0.00929748 0.0074808 0.00598656
 1.0187e-16 3.23745e-05 0.000190013 0.000903235 0.00347751 0.0108443 0.0273918 0.0560472 0.0929043 0.124768 0.135771 0.119758 0.0857221 0.0500194 0.0242599 0.0106625 0.00569514 0.00519989 0.00662962 0.00886434 0.0114401 0.0140679 0.0164755 0.0184049 0.0196558 0.0201264 0.0198302 0.0188816 0.0174582 0.0157545 0.0139405 0.0121399 0.0104262 0.00883363 0.00737401 0.00605063
 1.01874e-16 2.95194e-05 0.000173244 0.000823497 0.00317047 0.00988678 0.0249733 0.0510994 0.0847056 0.113765 0.12382 0.109269 0.0783279 0.0459339 0.022706 0.0107065 0.00675326 0.00708002 0.00936115 0.0125314 0.0160772 0.0196046 0.0227157 0.0250374 0.0262947 0.0263719 0.0253355 0.0234073 0.0209019 0.0181484 0.0154238 0.0129143 0.0107106 0.00882702 0.00723265 0.00588047
 1.03108e-16 2.31029e-05 0.000135565 0.000644353 0.00248069 0.00773571 0.01954 0.0399831 0.0662827 0.0890349 0.0969377 0.0856251 0.0615532 0.036448 0.0186718 0.0099035 0.00772013 0.00922685 0.0126203 0.0170276 0.021941 0.0268837 0.031337 0.034801 0.0368954 0.0374412 0.0364925 0.0343056 0.0312609 0.0277656 0.02417 0.0207198 0.0175497 0.0147057 0.0121823 0.00995436
 1.04553e-16 2.35301e-05 0.00013808 0.000656322 0.0025268 0.00787951 0.0199032 0.0407256 0.0675116 0.0906792 0.0987113 0.0871522 0.0625651 0.036875 0.0185752 0.00934751 0.00669881 0.00766797 0.0104301 0.0141427 0.0183726 0.0227501 0.0268748 0.0303504 0.0328577 0.0342168 0.0344135 0.0335793 0.0319392 0.029745 0.02722 0.02453 0.0217818 0.0190406 0.0163533 0.0137654
 1.03363e-16 3.06368e-05 0.000179811 0.000854735 0.00329077 0.0102619 0.0259209 0.0530376 0.087916 0.11807 0.128485 0.113339 0.0811438 0.047381 0.0230428 0.0102359 0.00562588 0.00528627 0.00681326 0.00915053 0.0118584 0.0146584 0.0172841 0.0194804 0.0210465 0.0218753 0.0219687 0.0214234 0.0203937 0.0190459 0.0175216 0.015918 0.0142896 0.0126611 0.0110464 0.00946256
 1.02742e-16 2.73287e-05 0.00016038 0.000762335 0.00293497 0.00915238 0.0231183 0.0473042 0.0784158 0.105322 0.114642 0.101195 0.0725981 0.0426901 0.0213192 0.0104159 0.00705601 0.00776964 0.0104083 0.0139718 0.0179486 0.0219184 0.025445 0.0281173 0.029631 0.0298561 0.0288622 0.0268883 0.0242738 0.0213725 0.0184799 0.015792 0.0134009 0.011318 0.00950842 0.00792398
 1.0273e-16 2.77317e-05 0.000162748 0.000773602 0.00297836 0.00928769 0.0234601 0.0480032 0.0795737 0.106874 0.116324 0.102663 0.0736132 0.0432112 0.0214396 0.0102454 0.00665049 0.0071286 0.00950531 0.0127864 0.0164898 0.0202384 0.0236432 0.0263317 0.0280186 0.0285658 0.0280061 0.0265205 0.0243815 0.0218815 0.0192726 0.016732 0.0143577 0.0121864 0.0102193 0.00844613
 1.02548e-16 2.93227e-05 0.000172091 0.000818024 0.0031494 0.00982109 0.0248074 0.0507597 0.0841418 0.113006 0.122989 0.108523 0.0777661 0.0455506 0.0224173 0.0104067 0.00635112 0.0065076 0.0085728 0.0115072 0.0148317 0.0181959 0.0212479 0.0236527 0.0251556 0.0256349 0.0251235 0.0237875 0.0218741 0.019647 0.0173316 0.0150838 0.0129874 0.0110701 0.00932893 0.00775154
 1.02933e-16 2.62729e-05 0.000154181 0.000732867 0.00282151 0.00879855 0.0222246 0.0454756 0.0753849 0.101252 0.110216 0.097297 0.0698201 0.0410945 0.0205933 0.0101806 0.00705413 0.00788662 0.0106188 0.0142906 0.0184055 0.0225473 0.0262787 0.0291818 0.0309408 0.0314093 0.030637 0.0288421 0.0263449 0.0234853 0.0205523 0.0177446 0.015166 0.0128463 0.0107734 0.00892211
 1.03004e-16 2.86154e-05 0.000167939 0.000798287 0.00307341 0.00958412 0.0242088 0.0495349 0.0821116 0.11028 0.120022 0.105906 0.075893 0.0444582 0.021889 0.0101787 0.00623899 0.00642103 0.00848236 0.0114147 0.0147572 0.0181734 0.0213232 0.0238793 0.0255866 0.0263146 0.0260776 0.0250164 0.0233506 0.0213181 0.0191253 0.0169186 0.0147829 0.0127561 0.0108517 0.00907729
 1.02941e-16 2.7945e-05 0.000164001 0.000779558 0.00300129 0.00935921 0.0236407 0.0483728 0.0801862 0.107696 0.117218 0.103449 0.0741706 0.0435258 0.0215721 0.0102689 0.0066122 0.00704596 0.00937736 0.0126046 0.0162447 0.0199228 0.0232551 0.0258757 0.0275072 0.0280193 0.0274514 0.025989 0.0239056 0.0214912 0.0189913 0.0165738 0.0143255 0.0122712 0.0104023 0.00870138
 1.02284e-16 3.15237e-05 0.000185016 0.000879479 0.00338603 0.010559 0.0266713 0.0545731 0.0904614 0.121489 0.132207 0.116625 0.0835036 0.0487726 0.0237444 0.0105878 0.00587189 0.00555378 0.00715357 0.0095729 0.012343 0.0151578 0.0177235 0.0197626 0.021063 0.0215215 0.0211618 0.0201166 0.0185859 0.0167834 0.0148922 0.0130394 0.0112942 0.009681 0.0082001 0.00684511
 1.02096e-16 2.94853e-05 0.000173044 0.000822552 0.00316683 0.00987544 0.0249447 0.0510407 0.0846081 0.113634 0.123676 0.109137 0.0782254 0.0458574 0.0226378 0.0106242 0.00663586 0.00691018 0.009126 0.0122246 0.0157021 0.0191772 0.0222653 0.0246046 0.0259264 0.0261139 0.0252245 0.0234646 0.02113 0.0185313 0.0159306 0.0135053 0.0113434 0.00946219 0.00783771 0.00643188
 1.0273e-16 2.64912e-05 0.000155463 0.000738961 0.00284497 0.00887172 0.0224094 0.0458537 0.0760115 0.102093 0.11113 0.0980999 0.070388 0.041412 0.0207216 0.0101934 0.00699925 0.00778268 0.0104678 0.0140899 0.0181553 0.0222533 0.0259533 0.0288425 0.030607 0.0310981 0.0303594 0.0286002 0.0261318 0.023287 0.0203516 0.0175256 0.014918 0.0125659 0.010465 0.00859633
 1.02635e-16 3.03936e-05 0.000178381 0.000847932 0.00326457 0.0101802 0.0257145 0.0526155 0.087217 0.117133 0.127471 0.112455 0.0805365 0.0470771 0.0229897 0.0103726 0.00592646 0.00576088 0.00748964 0.0100537 0.0129944 0.0160036 0.0187796 0.021034 0.0225422 0.0231889 0.0229862 0.0220576 0.0205955 0.0188088 0.0168785 0.0149336 0.0130488 0.0112578 0.00957342 0.00800305
 1.02295e-16 2.99152e-05 0.00017557 0.00083456 0.00321307 0.0100196 0.0253089 0.0517858 0.0858427 0.11529 0.125474 0.110714 0.0793323 0.0464599 0.0228493 0.0105798 0.00641679 0.00653781 0.00858873 0.0115047 0.0147935 0.0180955 0.021052 0.0233253 0.024663 0.0249522 0.0242407 0.0227138 0.020639 0.0182978 0.0159273 0.013688 0.0116598 0.00986025 0.00827103 0.00686333
 1.04367e-16 1.62543e-05 9.53481e-05 0.000453134 0.00174441 0.00543962 0.0137404 0.0281176 0.0466188 0.0626404 0.0682513 0.0604074 0.0436888 0.0264001 0.0145024 0.00927298 0.00910553 0.0120368 0.0168137 0.0227502 0.0293136 0.0358998 0.0418209 0.0464104 0.0491634 0.0498465 0.04854 0.0455948 0.0415263 0.0368827 0.0321316 0.0275967 0.023449 0.0197397 0.0164504 0.013539
 1.06769e-16 2.19365e-05 0.00012873 0.000611884 0.00235572 0.00734603 0.0185556 0.0379679 0.0629389 0.084534 0.0920131 0.0812178 0.0582604 0.0342494 0.0170919 0.00834521 0.00567897 0.00633818 0.00864578 0.0118644 0.0156625 0.0197835 0.0239419 0.027834 0.0311834 0.0337842 0.0355241 0.0363786 0.0363878 0.0356253 0.0341746 0.0321206 0.0295544 0.0265827 0.0233352 0.0199613
 1.05594e-16 2.6862e-05 0.000157647 0.00074936 0.00288504 0.00899669 0.022725 0.0464988 0.0770788 0.10352 0.112666 0.0994148 0.0712422 0.0417352 0.0205519 0.00956508 0.00587891 0.00607382 0.00805336 0.0108833 0.0141469 0.0175468 0.0207827 0.0235634 0.0256588 0.0269444 0.0274178 0.0271799 0.026391 0.0252187 0.0237967 0.0222069 0.0204846 0.0186399 0.0166819 0.0146369
pSPR Fmed_Fpbrs
0.447725   0.6 0.325
Fs Fmed_Fpbrs
0.64   0.349761 1.07959
SSBpbr Bo_Bmed_Bpbrs
1.73934e+06  691779  956637 478319
Ro
50011.1
SPR SPRFo_SPRFmed_SPRFpbrs
1.03294e+06 462473 335706
log_Ro
10.64
likeval ReclasPelacesDesembMPH_pf_preclas_ppelaces_ptallas_desvR_qrecl_qpela
 0.000916735 21.685 0.0165653 18.9215 328.148 215.275 55.4737 0 14.164 4.88285e-05 4.23848e-06 2.28784e-16 0 0 0
q_reclas_q_pelaces
0.371505 1.34031
M
0.7
N
 40042.1 10846 3987.33 465.165 0.328433
 43949.3 17660.7 2749.18 1010.68 117.99
 22697.9 19688.7 4890.55 761.297 312.55
 30928.3 9343.96 3375.53 838.46 184.106
 56470.7 14705 3625.99 1309.9 396.814
 52739.8 27816.9 6975.25 1719.98 809.574
 109064 24220.2 8866.51 2223.33 806.284
 83891.9 51868.5 9412.9 3445.87 1177.43
 131156 38913.8 17497.9 3175.46 1559.68
 136707 60384.1 12582.2 5657.71 1531.04
 71886.7 64412.2 22260.2 4638.37 2650.09
 48908.5 32324.3 18217.2 6295.69 2061.34
 57413.1 22233.2 9725.4 5481 2514.37
 29179.2 25092.6 5351.86 2341.04 1924.6
 18707.4 12129 4544.85 969.347 772.607
 20028.1 8081.83 2733.76 1024.37 392.62
 17159.1 9387.04 2891.66 978.131 506.993
 21995.7 8106.63 3513.7 1082.39 555.902
 25293.1 10540.1 3288.6 1425.39 664.601
 43789.9 12196.6 4430.91 1382.48 878.603
 57311.4 21104.6 5111.67 1857.03 947.636
 59606.1 28069.7 9690.88 2347.19 1287.85
 99741.1 29069.2 12580.8 4343.42 1629.22
 137482 48372.1 12623.3 5463.19 2593.62
 52944.2 66691.1 21033.1 5488.84 3503.25
 63522.2 25759.7 29495.6 9302.33 3976.94
 85439.6 30849.2 11273.7 12908.7 5811.67
pred_Ctot
 3242.48 3967.3 1458.5 170.149 0.120135
 3111.69 5808.41 904.177 332.403 38.8057
 2821.78 9837.83 2443.66 380.396 156.171
 948.923 1489.61 538.124 133.667 29.3499
 326.957 474.847 117.089 42.2987 12.8138
 2865.41 7348.4 1842.65 454.367 213.865
 3326.29 3840.14 1405.8 352.512 127.837
 3992.08 12229.2 2219.32 812.446 277.606
 6903.62 10006.4 4499.48 816.55 401.062
 5047.2 11381.6 2371.58 1066.4 288.581
 4913.77 20590.8 7115.99 1482.76 847.162
 2989.89 9428.04 5313.42 1836.27 601.231
 4986.51 8583.79 3754.77 2116.1 970.747
 3454.48 12129.4 2587.01 1131.63 930.324
 1763.54 4981.13 1866.48 398.091 317.294
 811.686 1655.29 559.917 209.806 80.4147
 601.766 1689.46 520.434 176.042 91.2476
 555.306 1079.89 468.064 144.186 74.0524
 527.476 1174.37 366.414 158.817 74.0494
 929.694 1381.97 502.058 156.646 99.5529
 565.695 1148.34 278.136 101.044 51.5628
 768.839 1978.7 683.134 165.459 90.7839
 1679.11 2644.62 1144.56 395.151 148.221
 2292.13 4360.28 1137.87 492.454 233.79
 770.771 5281.02 1665.53 434.641 277.409
 1007.81 2214.72 2535.92 799.779 341.922
 2049.55 3918.66 1432.06 1639.75 738.236
F
 0.118592 0.672496 0.672496 0.672496 0.672496
 0.102993 0.584035 0.584035 0.584035 0.584035
 0.187543 1.06349 1.06349 1.06349 1.06349
 0.0434874 0.246602 0.246602 0.246602 0.246602
 0.00807959 0.0458166 0.0458166 0.0458166 0.0458166
 0.0781853 0.443362 0.443362 0.443362 0.443362
 0.0432234 0.245105 0.245105 0.245105 0.245105
 0.0681806 0.386629 0.386629 0.386629 0.386629
 0.0756638 0.429063 0.429063 0.429063 0.429063
 0.0525377 0.297923 0.297923 0.297923 0.297923
 0.0992721 0.562938 0.562938 0.562938 0.562938
 0.0883634 0.501078 0.501078 0.501078 0.501078
 0.1277 0.724144 0.724144 0.724144 0.724144
 0.177859 1.00858 1.00858 1.00858 1.00858
 0.1393 0.789921 0.789921 0.789921 0.789921
 0.0578045 0.32779 0.32779 0.32779 0.32779
 0.0498464 0.282661 0.282661 0.282661 0.282661
 0.0356608 0.20222 0.20222 0.20222 0.20222
 0.0293764 0.166583 0.166583 0.166583 0.166583
 0.0299134 0.169629 0.169629 0.169629 0.169629
 0.013809 0.078306 0.078306 0.078306 0.078306
 0.0180793 0.102522 0.102522 0.102522 0.102522
 0.0236543 0.134135 0.134135 0.134135 0.134135
 0.0234236 0.132827 0.132827 0.132827 0.132827
 0.0204265 0.115832 0.115832 0.115832 0.115832
 0.022279 0.126336 0.126336 0.126336 0.126336
 0.0338572 0.191993 0.191993 0.191993 0.191993
Np
 43681.9 20394.3 14356.3 4425.38 2183.31
YTP_r0W_actual
 30245.7 144304 76661.5 112101 56006.8
YTP_p0W_proyectada
 15463.4 191859 85973.7 40124 71879.5
 15463.4 95398.6 97623.3 38430.4 21040.5
CTP_r0_actual
 3688.5 6680.72 2441.45 2795.52 1258.58
CTP_p0_proyectada
 1885.78 8882.38 2738.02 1000.6 1615.27
 1885.78 4416.6 3109.02 958.364 472.819
Wmedp
 8.2 21.6 31.4 40.1 44.5
nmprior
 10.8 10.6 4.6 0
nm_flota  nm_reclas  nm_pelaces    nm_pelaL
inf 13.5838 17.2813 54.0264
cv_recla  cv_pelaces  cv_mph
0.87404 0.510118 0.581277
 ------------------------------------------------
Talla a la edad & desviaci?n 
 7.2 14.2025 17.0495 18.207 18.6776
 1.08 2.13037 2.55742 2.73105 2.80164
