years
 1997 1998 1999 2000 2001 2002 2003 2004 2005 2006 2007 2008 2009 2010 2011 2012 2013 2014 2015 2016 2017 2018 2019 2020 2021 2022 2023
reclasobs
 0 0 0 370054 412103 1.49427e+06 250295 1.28982e+06 931140 785840 897777 1.04006e+06 184774 17550 25797 100020 73551 82996 120727 218422 84188 347160 605670 569463 516374 1.08416e+06 1.01767e+06
reclaspred
 447334 106930 180363 102798 195747 233148 730030 538960 694420 770442 651234 461119 328221 164514 106015 93023.8 99255.1 134243 149950 218266 335285 301206 487457 630955 755375 654575 530604
pelacesobs
 0 0 0 0 0 0 0 0 0 2.06254e+06 1.5e+06 0 1.87456e+06 323000 250000 174000 83755 137374 0 501740 490994 745055 786931 1.00524e+06 1.33801e+06 1.41789e+06 0
pelacespred
 1.52827e+06 253619 285167 241591 432900 343341 1.74153e+06 1.25412e+06 1.61203e+06 1.73735e+06 1.25449e+06 941785 693008 276368 180870 169359 189159 264068 289578 425686 749900 636550 843301 1.23301e+06 1.41586e+06 1.35162e+06 1.03446e+06
mphobs
 0 0 0 0 0 0 112323 0 153150 637223 0 255016 313432 73983 77613 109348 50772 17779 17303 59886 28197 0 207744 136588 643089 65757 70829
mphpred
 171249 90731.8 79955.3 51651.8 60948.4 116409 197683 313205 282072 349264 376311 264310 170213 115404 55437.5 42384.1 40124.8 52091.8 31972.5 36567 61023.2 77457.7 87877.6 124906 163367 155511 124816
desembarqueobs
 350755 77701 442110 56441 14545 235359 269955 359681 431902 328805 639364 411747 362871 311530 167758 66681 60226 58785 57116 73181 50977 67692 138656 160484 209506 203330 245020
desembarquepred
 350769 77705.9 442193 56452.4 14545.5 235434 269980 359693 431853 328786 639392 411780 362888 311813 167872 66716.3 60263.6 58787.6 57106.3 73180.1 50978.8 67690 138666 160495 209522 203346 245026
Reclutas
 33715.3 35305.2 13539.8 18085.1 37229.6 35617.5 80096.5 63395.8 106234 118663 64850.7 49247 57200.3 25881.8 14166.1 13133.5 10388.7 13280.1 15432.2 25774.8 34014.4 36331.3 60282.3 82450.3 32206.6 37857.6 50339.7
log_desv_Rt
 -0.0342918 0.0117855 -0.946612 -0.657154 0.0648586 0.0205934 0.830988 0.597153 1.1134 1.22405 0.619842 0.344604 0.494315 -0.298704 -0.901396 -0.977079 -1.21152 -0.965975 -0.815789 -0.302846 -0.0254593 0.0404349 0.546794 0.859951 -0.0800744 0.0815878 0.366549
SSB
 387809 205471 181066 116970 138024 263618 433212 699698 621199 773086 852193 598556 399576 262796 131375 101375 100619 124051 159061 191589 301751 373417 435964 590805 847653 832091 628908
BT
 1.40646e+06 317911 446170 236661 328234 433252 1.46409e+06 1.30606e+06 1.5722e+06 1.57868e+06 1.47851e+06 1.0569e+06 852406 488730 270305 178421 188814 239846 259290 369870 588173 525783 712523 1.03236e+06 1.1893e+06 1.15944e+06 969595
Ftot
 1.20539 1.14376 2.67967 0.845536 0.133572 1.21809 0.665792 0.955208 1.03274 0.651834 1.12124 0.980934 1.46928 2.16043 2.0071 0.90612 0.807246 0.580804 0.463915 0.4582 0.204651 0.247502 0.31987 0.32824 0.278714 0.284934 0.479796
BD_Bspro_t
 0.89359 0.594371 0.44453 0.214381 0.348784 0.559766 0.537006 0.613233 0.547123 0.555196 0.548677 0.392741 0.305724 0.250323 0.157282 0.150469 0.199975 0.310724 0.427659 0.533893 0.666983 0.764006 0.759543 0.7593 0.773324 0.714967 0.65055
BD_Bspro
 0.538132 0.285115 0.251251 0.162311 0.191524 0.365802 0.601134 0.970915 0.861988 1.07275 1.18252 0.830569 0.554459 0.364661 0.182298 0.14067 0.139621 0.172136 0.220716 0.265852 0.418716 0.518161 0.604953 0.819813 1.17622 1.15463 0.872685
BD_Bo
 0.458846 0.243107 0.214233 0.138396 0.163306 0.311906 0.512565 0.827863 0.734985 0.914694 1.00829 0.708195 0.472767 0.310933 0.155439 0.119944 0.11905 0.146774 0.188196 0.226683 0.357024 0.441817 0.515821 0.699024 1.00292 0.984507 0.744107
BD_Brms
 0.834265 0.442013 0.389514 0.251629 0.296919 0.567102 0.931936 1.50521 1.33634 1.66308 1.83326 1.28763 0.859576 0.565332 0.282617 0.218081 0.216454 0.266862 0.342175 0.41215 0.649134 0.803304 0.937856 1.27095 1.82349 1.79001 1.35292
S_f
 0.0970485 0.67128 0.974874 0.998645 0.999929
 0.0970485 0.67128 0.974874 0.998645 0.999929
 0.0970485 0.67128 0.974874 0.998645 0.999929
 0.0970485 0.67128 0.974874 0.998645 0.999929
 0.0970485 0.67128 0.974874 0.998645 0.999929
 0.0970485 0.67128 0.974874 0.998645 0.999929
 0.0970485 0.67128 0.974874 0.998645 0.999929
 0.0970485 0.67128 0.974874 0.998645 0.999929
 0.0970485 0.67128 0.974874 0.998645 0.999929
 0.0970485 0.67128 0.974874 0.998645 0.999929
 0.0970485 0.67128 0.974874 0.998645 0.999929
 0.0970485 0.67128 0.974874 0.998645 0.999929
 0.0970485 0.67128 0.974874 0.998645 0.999929
 0.0970485 0.67128 0.974874 0.998645 0.999929
 0.0970485 0.67128 0.974874 0.998645 0.999929
 0.0970485 0.67128 0.974874 0.998645 0.999929
 0.0970485 0.67128 0.974874 0.998645 0.999929
 0.0970485 0.67128 0.974874 0.998645 0.999929
 0.0970485 0.67128 0.974874 0.998645 0.999929
 0.0970485 0.67128 0.974874 0.998645 0.999929
 0.0970485 0.67128 0.974874 0.998645 0.999929
 0.0970485 0.67128 0.974874 0.998645 0.999929
 0.0970485 0.67128 0.974874 0.998645 0.999929
 0.0970485 0.67128 0.974874 0.998645 0.999929
 0.0970485 0.67128 0.974874 0.998645 0.999929
 0.0970485 0.67128 0.974874 0.998645 0.999929
 0.0970485 0.67128 0.974874 0.998645 0.999929
Scru_reclas
 0.80857 1 1 1 1
 0.80857 1 1 1 1
 0.80857 1 1 1 1
 0.80857 1 1 1 1
 0.80857 1 1 1 1
 0.80857 1 1 1 1
 0.80857 1 1 1 1
 0.80857 1 1 1 1
 0.80857 1 1 1 1
 0.80857 1 1 1 1
 0.80857 1 1 1 1
 0.80857 1 1 1 1
 0.80857 1 1 1 1
 0.80857 1 1 1 1
 0.80857 1 1 1 1
 0.80857 1 1 1 1
 0.80857 1 1 1 1
 0.80857 1 1 1 1
 0.80857 1 1 1 1
 0.80857 1 1 1 1
 0.80857 1 1 1 1
 0.80857 1 1 1 1
 0.80857 1 1 1 1
 0.80857 1 1 1 1
 0.80857 1 1 1 1
 0.80857 1 1 1 1
 0.80857 1 1 1 1
Scru_pelaces
 0.976257 1 1 1 1
 0.976257 1 1 1 1
 0.976257 1 1 1 1
 0.976257 1 1 1 1
 0.976257 1 1 1 1
 0.976257 1 1 1 1
 0.976257 1 1 1 1
 0.976257 1 1 1 1
 0.976257 1 1 1 1
 0.976257 1 1 1 1
 0.976257 1 1 1 1
 0.976257 1 1 1 1
 0.976257 1 1 1 1
 0.976257 1 1 1 1
 0.976257 1 1 1 1
 0.976257 1 1 1 1
 0.976257 1 1 1 1
 0.976257 1 1 1 1
 0.976257 1 1 1 1
 0.976257 1 1 1 1
 0.976257 1 1 1 1
 0.976257 1 1 1 1
 0.976257 1 1 1 1
 0.976257 1 1 1 1
 0.976257 1 1 1 1
 0.976257 1 1 1 1
 0.976257 1 1 1 1
pf_obs 
 0.256992 0.487395 0.22802 0.0275931 0
 0.321318 0.546541 0.124235 0.00734118 0.000564706
 0.182869 0.594174 0.210203 0.0122559 0.00049798
 0.330522 0.361315 0.267642 0.0388342 0.00168674
 0.649043 0.306663 0.0425973 0.00169635 0
 0.582887 0.30429 0.105238 0.00758474 0
 0.465427 0.430635 0.0974691 0.00646863 0
 0.296916 0.608066 0.0921331 0.00288517 0
 0.311714 0.524322 0.152257 0.0117073 0
 0.15457 0.633149 0.183074 0.0267441 0.00246327
 0.131901 0.49318 0.331252 0.0422183 0.00144891
 0.196976 0.569456 0.194076 0.0375587 0.00193317
 0.518974 0.381816 0.0799577 0.0180837 0.00116848
 0.0928022 0.601141 0.25162 0.0475244 0.00691264
 0.122501 0.610282 0.24278 0.0234846 0.000952079
 0.383417 0.481906 0.127806 0.00687128 0
 0.0376549 0.599619 0.316969 0.0457579 0
 0.0361596 0.667082 0.258105 0.0386534 0
 0.158088 0.579412 0.248529 0.0139706 0
 0.0477256 0.309471 0.559284 0.082774 0.000745712
 0.0406174 0.521527 0.379366 0.0568643 0.0016247
 0.151134 0.462217 0.34131 0.0453401 0
 0.294876 0.26143 0.354403 0.0886775 0.000613685
 0.281977 0.475581 0.204845 0.0348837 0.00271318
 0.0841818 0.532909 0.334909 0.0458182 0.00218182
 0.115287 0.27431 0.454777 0.147771 0.00785563
 0 0 0 0 0
pf_pred 
 0.3192 0.465682 0.192369 0.0227345 1.4615e-05
 0.267838 0.59816 0.106799 0.0244326 0.00277073
 0.145453 0.666185 0.167612 0.0166749 0.00407488
 0.311717 0.504975 0.16515 0.016281 0.00187749
 0.339915 0.505228 0.127169 0.0250326 0.00265609
 0.221615 0.591665 0.154541 0.0265441 0.00563519
 0.382042 0.441298 0.150521 0.0217899 0.00434903
 0.202105 0.655594 0.114136 0.0241144 0.00405082
 0.31368 0.459417 0.201537 0.0204959 0.00486959
 0.250876 0.595919 0.119365 0.0301864 0.00365332
 0.135165 0.613275 0.217169 0.0269876 0.00740297
 0.153458 0.493597 0.286886 0.0573424 0.00871694
 0.247027 0.474898 0.197017 0.0663556 0.0147027
 0.161848 0.66664 0.131894 0.0284527 0.0111648
 0.182684 0.598409 0.19679 0.0172434 0.00487333
 0.230961 0.567675 0.172371 0.0262119 0.00278172
 0.177079 0.580358 0.200705 0.0360186 0.00583897
 0.223392 0.481808 0.235659 0.0492297 0.00991115
 0.212311 0.529283 0.186658 0.0577154 0.0140327
 0.267702 0.470262 0.19957 0.0454942 0.0169718
 0.229445 0.542711 0.16767 0.046153 0.0140215
 0.176191 0.522199 0.235053 0.049314 0.0172428
 0.232901 0.434773 0.239652 0.0726461 0.0200271
 0.227928 0.511523 0.17322 0.0634604 0.0238685
 0.0753004 0.598398 0.24441 0.0549511 0.0269406
 0.111682 0.295901 0.434701 0.118938 0.0387784
 0.174924 0.390721 0.186603 0.183109 0.0646425
pobs_RECLAS
 0 0 0 0 0
 0 0 0 0 0
 0 0 0 0 0
 0 0 0 0 0
 0.835266 0.146461 0.0176864 0.000547809 3.91292e-05
 0.385257 0.428462 0.181853 0.0044286 0
 0.867414 0.0963971 0.0333333 0.00285562 0
 0.441836 0.489002 0.0689373 0.000224442 0
 0.779404 0.147425 0.0564933 0.0165055 0.000172143
 0.814271 0.122319 0.05973 0.00367925 0
 0.40263 0.566651 0.0304383 0.000280538 0
 0.475488 0.404961 0.113038 0.00651328 0
 0.955842 0.0263864 0.0167828 0.000988607 0
 0.975058 0.0227948 0.00214734 0 0
 0.738997 0.206755 0.0527124 0.00153531 0
 0.850938 0.134255 0.0134407 0.00136685 0
 0.542534 0.407297 0.0501686 0 0
 0.764087 0.199537 0.0359546 0.000420521 0
 0.470689 0.182191 0.310203 0.0369168 0
 0.84361 0.089868 0.0606195 0.00523954 0.000663233
 0.607945 0.314616 0.071237 0.00620181 0
 0.523733 0.453247 0.0230204 0 0
 0.530135 0.295979 0.169645 0.0042399 0
 0.562478 0.366248 0.0663022 0.0049721 0
 0.250443 0.683176 0.0655157 0.000865301 0
 0.195077 0.31981 0.436473 0.0351445 0.0134964
 0.565238 0.351407 0.0832357 0.000118908 0
ppred_RECLAS
 0.758685 0.185357 0.050189 0.00576562 3.70084e-06
 0.698926 0.262587 0.0308483 0.00686219 0.00077703
 0.564271 0.374669 0.0545674 0.00521984 0.00127289
 0.743247 0.206693 0.0452196 0.00434101 0.000499887
 0.757618 0.200386 0.0346369 0.00665441 0.000705152
 0.649967 0.290319 0.0496652 0.00829146 0.00175756
 0.797222 0.159789 0.0367679 0.0051869 0.00103383
 0.612626 0.338731 0.0392238 0.00806583 0.00135297
 0.752267 0.186814 0.0542747 0.00537018 0.00127403
 0.674003 0.278021 0.0375913 0.00926462 0.00111971
 0.50752 0.388014 0.0905287 0.0109405 0.00299661
 0.553728 0.303064 0.116995 0.0227576 0.00345449
 0.697767 0.219996 0.058775 0.0192121 0.0042501
 0.577608 0.365592 0.0440336 0.00917378 0.00359306
 0.614869 0.314396 0.0638045 0.00540572 0.00152501
 0.658178 0.276635 0.0560161 0.00829264 0.000878789
 0.580985 0.32765 0.0759429 0.0132737 0.00214876
 0.653182 0.245598 0.0813281 0.0165616 0.00332972
 0.632348 0.276491 0.0663108 0.0199947 0.00485495
 0.702099 0.216381 0.0624609 0.0138855 0.00517311
 0.649452 0.2726 0.0577348 0.0155083 0.00470534
 0.577524 0.303209 0.093455 0.0191314 0.00668058
 0.666384 0.219672 0.0827397 0.0244685 0.0067366
 0.652378 0.258441 0.0597867 0.021368 0.00802625
 0.341642 0.480293 0.13421 0.0294407 0.0144148
 0.474813 0.222491 0.223578 0.0596844 0.0194338
 0.594186 0.232598 0.0755012 0.0722452 0.0254702
pobs_PELACES
 0 0 0 0 0
 0 0 0 0 0
 0 0 0 0 0
 0 0 0 0 0
 0 0 0 0 0
 0 0 0 0 0
 0 0 0 0 0
 0 0 0 0 0
 0 0 0 0 0
 0 0 0 0 0
 0.450072 0.473896 0.0757376 0.000293798 0
 0 0 0 0 0
 0.463077 0.371075 0.160297 0.00555027 0
 0.529543 0.364841 0.0842815 0.0213345 0
 0.631943 0.363953 0.00410389 0 0
 0.735681 0.248677 0.0153453 0.000297389 0
 0.695825 0.281241 0.0229344 0 0
 0.275771 0.60734 0.115278 0.00161068 0
 0 0 0 0 0
 0.896147 0.0623911 0.0374545 0.00400742 0
 0.803859 0.145111 0.0509908 3.86294e-05 0
 0.739449 0.233085 0.0266225 0.000797448 4.60066e-05
 0.878498 0.100942 0.0204185 0.000141795 0
 0.694673 0.275183 0.0284847 0.00165964 0
 0.469039 0.446079 0.0841089 0.000773354 0
 0.822795 0.102175 0.0682046 0.00682512 0
 0 0 0 0 0
ppred_PELACES
 0.830517 0.133736 0.0320923 0.00365201 2.34296e-06
 0.779289 0.195239 0.0204531 0.00450914 0.000510338
 0.728803 0.24121 0.0268588 0.00251583 0.000612807
 0.806539 0.158265 0.0318125 0.00303376 0.000349226
 0.795071 0.169818 0.0289631 0.00555852 0.00058899
 0.74235 0.218022 0.0330125 0.00545893 0.00115655
 0.845218 0.123679 0.0266226 0.00373612 0.000744453
 0.698365 0.266861 0.0280813 0.00573143 0.000961005
 0.820475 0.13876 0.0363511 0.00356772 0.000846039
 0.740357 0.223546 0.0283149 0.00694279 0.000838865
 0.611599 0.313141 0.0652969 0.00782209 0.00214146
 0.650448 0.244836 0.0856701 0.0165366 0.00250912
 0.792873 0.156727 0.0361404 0.011678 0.0025818
 0.718647 0.25017 0.0242673 0.0049708 0.00194512
 0.744766 0.21562 0.0357878 0.00298469 0.000841296
 0.737345 0.21618 0.0399758 0.00587611 0.000622466
 0.664977 0.266545 0.0569802 0.00989641 0.0016015
 0.720806 0.201078 0.0628216 0.0127348 0.00255971
 0.696405 0.230973 0.0528785 0.0158866 0.00385668
 0.758629 0.17754 0.0489495 0.0108428 0.00403874
 0.700249 0.234176 0.0485904 0.013031 0.00395338
 0.635303 0.263595 0.0792554 0.0161931 0.00565394
 0.721519 0.185407 0.0676315 0.0199504 0.00549196
 0.708625 0.218484 0.0489081 0.0174349 0.00654802
 0.39961 0.441354 0.119933 0.0262515 0.0128518
 0.539495 0.198373 0.193731 0.0516014 0.0167999
 0.664141 0.196612 0.0608252 0.0579834 0.0204381
pobs_pel_tallas
 0 0 0 0 0 0 0 0 0 0 0 0 0 0 0 0 0 0 0 0 0 0 0 0 0 0 0 0 0 0 0 0 0 0 0 0
 0 0 0 0 0 0 0 0 0 0 0 0 0 0 0 0 0 0 0 0 0 0 0 0 0 0 0 0 0 0 0 0 0 0 0 0
 0 0 0 0 0 0 0 0 0 0 0 0 0 0 0 0 0 0 0 0 0 0 0 0 0 0 0 0 0 0 0 0 0 0 0 0
 0 0 0 0 0 0 0 0 0 0 0 0 0 0 0 0 0 0 0 0 0 0 0 0 0 0 0 0 0 0 0 0 0 0 0 0
 0 0 0 0 0 0 0 0 0 0 0 0 0 0 0 0 0 0 0 0 0 0 0 0 0 0 0 0 0 0 0 0 0 0 0 0
 0 0 0 0 0 0 0 0 0 0 0 0 0 0 0 0 0 0 0 0 0 0 0 0 0 0 0 0 0 0 0 0 0 0 0 0
 0 0 0 0 0 0 0 0 0 0 0 0 0 0 0 0 0 0 0 0 0 0 0 0 0 0 0 0 0 0 0 0 0 0 0 0
 0 0 0 0 0 0 0 0 0 0 0 0 0 0 0 0 0 0 0 0 0 0 0 0 0 0 0 0 0 0 0 0 0 0 0 0
 0 0 0 0 0 0 0 0 0 0 0 0 0 0 0 0 0 0 0 0 0 0 0 0 0 0 0 0 0 0 0 0 0 0 0 0
 0 0 0 0 0 0 0 0 0 0 0 0 0 0 0 0 0 0 0 0 0 0 0 0 0 0 0 0 0 0 0 0 0 0 0 0
 0 0 0 0 0 0 0 0 1.78061e-05 0.00172719 0.00360574 0.0105946 0.0120993 0.0124554 0.0147524 0.0171206 0.0266825 0.0428682 0.0675386 0.121331 0.153587 0.119568 0.100827 0.0573624 0.0630603 0.0341343 0.0324427 0.0444173 0.0211091 0.0280891 0.0125444 0.00206551 0 0 0 0
 0 0 0 0 0 0 0 0 0 0 0 0 0 0 0 0 0 0 0 0 0 0 0 0 0 0 0 0 0 0 0 0 0 0 0 0
 0 0 0 0 0 0 0.0133647 0.0140871 0.0187388 0.0205184 0.03894 0.0496705 0.03968 0.0493445 0.0407372 0.0367815 0.0215668 0.0243155 0.0234873 0.0199281 0.019796 0.0243948 0.0301388 0.0376714 0.0412746 0.0863199 0.0771752 0.113111 0.0741005 0.0525337 0.0229764 0.00759418 0.00175318 0 0 0
 0 0 0 0 0 0 0 0 0 0 0.00219441 0.00772107 0.0458388 0.0604681 0.0671733 0.0775358 0.0609151 0.0617685 0.073594 0.0568108 0.0755445 0.0548602 0.0670107 0.0636378 0.0643287 0.046367 0.0373049 0.0286899 0.0247887 0.0153202 0.00654259 0.00121912 0.000365735 0 0 0
 0 0 0 0 0 0 0 0 0 0 0 0 0.000112435 0.00938835 0.0111873 0.0202946 0.0414886 0.0713402 0.111592 0.104902 0.108894 0.110636 0.117776 0.105296 0.107544 0.0401394 0.0192827 0.0124803 0.00416011 0.0028671 0.000618394 0 0 0 0 0
 0 0 0 0 0 0 0 0 0 0 0.00291406 0.0102884 0.027416 0.0768956 0.0749926 0.110853 0.0956884 0.0897413 0.0766577 0.0534642 0.0500743 0.0551293 0.0594112 0.0620874 0.0668451 0.0424026 0.0208742 0.0120726 0.0048766 0.00582813 0.00118941 0.000297354 0 0 0 0
 0 0.00264628 0.0354308 0.0461629 0.0458689 0.0383711 0.0214643 0.0164657 0.0346957 0.0420465 0.0363128 0.0245516 0.0311673 0.0291091 0.0169068 0.0133784 0.00837989 0.0085269 0.0148486 0.0160247 0.0276389 0.0546898 0.0760071 0.122758 0.109233 0.0665981 0.0333725 0.0166128 0.00676272 0.00308733 0.000882094 0 0 0 0 0
 0 0 0 0 0 0 0 0.000805153 0.000690131 0.00759144 0.0133425 0.0154129 0.00931677 0.000345066 0.00356568 0.00563607 0.00851162 0.0253048 0.0502646 0.0516448 0.0657925 0.0565908 0.0611916 0.0827007 0.0866115 0.110766 0.145733 0.0935128 0.0569358 0.0249597 0.0138026 0.00621118 0.00161031 0.00115022 0 0
 0 0 0 0 0 0 0 0 0 0 0 0 0 0 0 0 0 0 0 0 0 0 0 0 0 0 0 0 0 0 0 0 0 0 0 0
 0.00147267 0.00158595 0.00478618 0.00569244 0.00954404 0.0108468 0.00647125 0.017049 0.0510054 0.094081 0.124002 0.0959785 0.0687766 0.0820023 0.061753 0.0591476 0.0492212 0.0479892 0.0443925 0.0268479 0.0217502 0.0140895 0.0121071 0.0120363 0.00920419 0.00665534 0.0049561 0.00860946 0.00930331 0.0156896 0.0114698 0.00855282 0.00243557 0.00046729 0 2.83206e-05
 0 0 0 0 0.000772559 0.00158375 0.000888443 0.00281984 0.00712685 0.0440552 0.0773331 0.111326 0.0921469 0.0852325 0.0710754 0.0886704 0.0786465 0.0553345 0.0373146 0.0185414 0.00753245 0.00457741 0.012979 0.0271748 0.0457355 0.0583668 0.034881 0.0177882 0.00938659 0.00492506 0.0015258 0.00185414 0.000309023 5.79419e-05 3.86279e-05 0
 0 0.00173294 0.00326652 0 0.00397197 0.00683976 0.00946217 0.0152591 0.00757587 0.0136028 0.0228656 0.0392903 0.0559909 0.0764795 0.0681675 0.0726916 0.0566044 0.0477403 0.0527397 0.0444891 0.0609904 0.0582453 0.0661739 0.0445044 0.0529084 0.0360697 0.0280645 0.0235558 0.0158879 0.00826598 0.00280645 0.00217768 0.000904811 0.00058276 9.20147e-05 0
 0 0 0 0 0 0 0 0 0 0 0 0 0 0 0 0 0 0 0 0 0 0 0 0 0 0 0 0 0 0 0 0 0 0 0 0
 0 0 0 0 0 0 0 0 0 0 0 0 0 0 0 0 0 0 0 0 0 0 0 0 0 0 0 0 0 0 0 0 0 0 0 0
 0 0 0 0 0 0 0 0 0 0 0 0 0 0 0 0 0 0 0 0 0 0 0 0 0 0 0 0 0 0 0 0 0 0 0 0
 0 0 0 0 0 0 0 0 0 0 0 0 0 0 0 0 0 0 0 0 0 0 0 0 0 0 0 0 0 0 0 0 0 0 0 0
 0 0 0 0 0 0 0 0 0 0 0 0 0 0 0 0 0 0 0 0 0 0 0 0 0 0 0 0 0 0 0 0 0 0 0 0
ppred_pel_tallas
 1.00625e-16 3.62326e-05 0.000212666 0.00101094 0.0038922 0.0121375 0.0306583 0.0627305 0.103981 0.139638 0.151939 0.133987 0.0958365 0.055778 0.0267838 0.0113094 0.00537186 0.00429164 0.00520444 0.00686342 0.00878138 0.0106921 0.0123663 0.0135956 0.0142273 0.0141971 0.0135424 0.0123875 0.0109099 0.00929695 0.00770852 0.00625521 0.0049941 0.00393828 0.00307304 0.00237147
 1.00533e-16 3.40012e-05 0.00019956 0.000948621 0.00365224 0.0113892 0.0287682 0.0588637 0.0975734 0.131039 0.142599 0.125789 0.0900572 0.0525842 0.0255679 0.0113416 0.00619589 0.00575764 0.00733621 0.00972825 0.0124086 0.0150299 0.0172645 0.0188138 0.0194651 0.0191408 0.0179163 0.0159971 0.0136653 0.0112128 0.00888387 0.00684114 0.00515916 0.00384005 0.00284002 0.00209587
 1.00576e-16 3.18017e-05 0.000186643 0.0008872 0.00341574 0.0106517 0.0269053 0.0550524 0.0912576 0.122563 0.133389 0.117698 0.0843373 0.0493916 0.0242905 0.0112422 0.00680301 0.00690085 0.00901989 0.01201 0.0153258 0.0185622 0.0213184 0.0232257 0.0240206 0.0236068 0.0220776 0.0196871 0.0167845 0.0137321 0.0108334 0.00829116 0.00619944 0.00456226 0.00332629 0.00241341
 1.00624e-16 3.5188e-05 0.000206531 0.000981768 0.00377988 0.0117872 0.0297736 0.0609204 0.100981 0.135613 0.147566 0.130146 0.0931244 0.05427 0.0261916 0.0112863 0.00569785 0.00488996 0.00608066 0.00804646 0.0102874 0.0125058 0.0144331 0.0158243 0.0165011 0.0163914 0.0155447 0.0141141 0.0123159 0.0103766 0.00848875 0.00678405 0.00532831 0.0041331 0.00317558 0.00241783
 1.00686e-16 3.46884e-05 0.000203597 0.000967817 0.00372616 0.0116197 0.0293504 0.0600547 0.0995469 0.133687 0.145474 0.128309 0.0918266 0.0535475 0.0259062 0.0112715 0.00584771 0.00516671 0.00648578 0.00859259 0.0109813 0.0133394 0.0153807 0.0168434 0.0175382 0.0173905 0.0164564 0.0149038 0.012967 0.0108908 0.00888187 0.00708001 0.00555298 0.00430953 0.00332118 0.00254379
 1.00782e-16 3.23915e-05 0.000190108 0.000903676 0.00347919 0.0108495 0.0274051 0.0560747 0.0929514 0.124835 0.135856 0.11986 0.0858536 0.0502136 0.0245723 0.0111676 0.00648147 0.00635974 0.00824212 0.0109716 0.0140208 0.0170171 0.0195977 0.021428 0.0222667 0.0220207 0.020766 0.0187225 0.0161958 0.0135041 0.0109153 0.00860977 0.00667375 0.00511577 0.00389546 0.00295167
 1.00582e-16 3.68732e-05 0.000216428 0.00102882 0.00396107 0.0123523 0.0312008 0.0638404 0.10582 0.142107 0.154623 0.136346 0.0975076 0.0567179 0.0271739 0.0113685 0.00524205 0.00402791 0.00480994 0.00632347 0.00808325 0.00983481 0.0113646 0.0124805 0.0130424 0.0129928 0.012368 0.0112854 0.00991111 0.00841954 0.00695898 0.00563099 0.00448672 0.00353597 0.00276256 0.00213919
 1.00728e-16 3.04755e-05 0.000178855 0.000850169 0.00327315 0.010207 0.0257822 0.0527546 0.0874496 0.117452 0.127835 0.112818 0.0808849 0.0474593 0.023507 0.01116 0.00713384 0.0075374 0.00996044 0.0132861 0.0169592 0.0205432 0.0235976 0.0257151 0.026605 0.0261612 0.0244869 0.021863 0.0186751 0.0153222 0.0121383 0.00934578 0.00704659 0.00524367 0.00387713 0.00286056
 1.00724e-16 3.57949e-05 0.000210096 0.000998719 0.00384515 0.0119908 0.0302877 0.0619722 0.102724 0.137951 0.150106 0.132374 0.0946917 0.0551297 0.0265065 0.0112511 0.00543223 0.00442979 0.00541515 0.00715483 0.00916242 0.0111667 0.0129306 0.0142379 0.0149289 0.0149353 0.014293 0.0131282 0.0116221 0.00996656 0.00832571 0.00681368 0.00549028 0.00437075 0.00344223 0.00267961
 1.00753e-16 3.23048e-05 0.000189598 0.000901254 0.00346986 0.0108204 0.0273316 0.0559244 0.0927024 0.124501 0.135494 0.119543 0.0856339 0.050099 0.0245418 0.0111967 0.00655698 0.00648065 0.00841333 0.0111974 0.0143006 0.0173421 0.0199504 0.0217835 0.0225959 0.0222955 0.020964 0.0188313 0.0162146 0.0134433 0.0107934 0.00844962 0.00649797 0.00494369 0.00374105 0.00282296
 1.01398e-16 2.6694e-05 0.00015665 0.000744594 0.00286665 0.0089393 0.0225801 0.0462034 0.0765924 0.102877 0.111992 0.0988836 0.0709988 0.0418685 0.0211288 0.0106856 0.00770202 0.00880053 0.0118789 0.015934 0.0204144 0.024835 0.0286845 0.0314806 0.0328701 0.0327087 0.031091 0.0283169 0.0248094 0.021013 0.017305 0.0139435 0.0110579 0.00867168 0.00674185 0.00519666
 1.01982e-16 2.83853e-05 0.000166585 0.000791842 0.00304859 0.00950669 0.0240133 0.0491351 0.0814499 0.109394 0.119066 0.105081 0.075344 0.0442205 0.0219275 0.0104562 0.00675554 0.00721304 0.00959929 0.0128926 0.0165957 0.0203193 0.0236631 0.0262459 0.027778 0.0281235 0.0273249 0.0255794 0.0231802 0.0204417 0.0176363 0.0149569 0.0125112 0.010338 0.00843456 0.00678089
 1.01087e-16 3.4592e-05 0.000203032 0.000965135 0.00371584 0.0115875 0.0292691 0.0598883 0.0992707 0.133315 0.145067 0.127943 0.0915512 0.0533594 0.0257641 0.0111233 0.00564832 0.00488215 0.00609272 0.00808 0.0103548 0.0126262 0.0146304 0.0161255 0.0169332 0.0169776 0.0163001 0.0150426 0.0134073 0.0116071 0.00982182 0.00817443 0.00672648 0.00549036 0.00444869 0.00357265
 1.00688e-16 3.13592e-05 0.000184044 0.000874844 0.00336816 0.0105033 0.0265306 0.0542857 0.089987 0.120857 0.131536 0.11607 0.0831857 0.0487475 0.0240301 0.0112163 0.00691567 0.0071161 0.00933677 0.0124382 0.0158713 0.0192199 0.0220699 0.0240398 0.0248578 0.0244258 0.0228421 0.0203716 0.0173772 0.0142339 0.0112553 0.00864927 0.00651019 0.00483917 0.00357817 0.00264434
 1.00721e-16 3.24968e-05 0.000190726 0.000906616 0.00349051 0.0108848 0.0274942 0.0562571 0.0932537 0.125241 0.136297 0.120247 0.0861273 0.0503665 0.0246335 0.0111726 0.00645308 0.00630651 0.00816451 0.0108678 0.0138903 0.0168622 0.0194241 0.0212443 0.0220828 0.0218464 0.0206085 0.0185854 0.0160784 0.0134023 0.010823 0.00852063 0.00658258 0.00501983 0.00379465 0.00284817
 1.00869e-16 3.21732e-05 0.000188826 0.000897584 0.00345573 0.0107764 0.0272203 0.0556967 0.0923248 0.123994 0.13494 0.119052 0.0852758 0.0498771 0.0244105 0.0110994 0.00645039 0.00633857 0.00822251 0.0109549 0.014014 0.0170312 0.0196469 0.0215283 0.0224332 0.022265 0.0210932 0.0191293 0.0166699 0.0140258 0.0114598 0.00915041 0.00718574 0.00557904 0.00429649 0.00328405
 1.01311e-16 2.90197e-05 0.000170308 0.000809534 0.0031167 0.00971909 0.0245498 0.050233 0.0832702 0.11184 0.121731 0.10744 0.0770498 0.0452504 0.0224907 0.0108095 0.00708947 0.00763518 0.0101591 0.0136004 0.0174267 0.0212109 0.0245154 0.0269297 0.0281523 0.0280589 0.0267278 0.0244113 0.021466 0.018267 0.0151323 0.0122797 0.00981845 0.00776924 0.00609718 0.00474397
 1.01515e-16 3.14514e-05 0.00018459 0.000877449 0.00337821 0.0105346 0.0266097 0.0544472 0.0902533 0.121211 0.13191 0.116375 0.0833502 0.0487347 0.0238221 0.0107846 0.00620692 0.00605937 0.00786441 0.0105125 0.0135106 0.0165182 0.0192028 0.0212519 0.0224303 0.0226314 0.021896 0.0203932 0.0183705 0.0160917 0.0137838 0.0116056 0.0096431 0.00792337 0.00643754 0.00516215
 1.01553e-16 3.03886e-05 0.000178348 0.000847766 0.00326391 0.0101782 0.0257094 0.0526054 0.0872013 0.117115 0.127462 0.112471 0.0805979 0.0472144 0.0232446 0.0108026 0.00660313 0.00676243 0.00888518 0.0118819 0.0152408 0.0185819 0.0215256 0.0237166 0.0248923 0.0249414 0.0239256 0.0220553 0.0196297 0.0169636 0.0143235 0.0118913 0.00975817 0.00794223 0.00641731 0.00514
 1.01315e-16 3.30997e-05 0.000194269 0.00092347 0.00355541 0.0110872 0.0280054 0.0573029 0.0949859 0.127564 0.138815 0.122446 0.0876539 0.051161 0.0248397 0.0109597 0.00590945 0.0054351 0.00692549 0.00922372 0.0118391 0.0144575 0.016783 0.0185405 0.0195252 0.0196467 0.018946 0.0175777 0.0157651 0.0137448 0.0117184 0.00982557 0.00813902 0.0066778 0.00542836 0.00436431
 1.01399e-16 3.05564e-05 0.000179332 0.000852446 0.00328193 0.0102344 0.0258513 0.0528958 0.0876828 0.117762 0.128166 0.113093 0.081045 0.0474791 0.0233799 0.0108733 0.00665604 0.00682199 0.00896118 0.0119756 0.0153471 0.0186897 0.0216179 0.0237717 0.0248872 0.0248549 0.0237426 0.0217698 0.0192463 0.0164973 0.0137974 0.0113331 0.00919645 0.00740309 0.00592168 0.00470224
 1.02032e-16 2.77257e-05 0.000162711 0.000773419 0.00297765 0.00928546 0.0234545 0.0479919 0.0795556 0.106852 0.116305 0.102658 0.073636 0.0432774 0.02157 0.0104688 0.00700366 0.00765254 0.010237 0.0137476 0.0176751 0.0216054 0.0251089 0.0277773 0.0293043 0.0295514 0.0285747 0.0265978 0.0239466 0.0209679 0.0179591 0.0151271 0.0125823 0.0103574 0.00843773 0.00679008
 1.01963e-16 3.14819e-05 0.00018477 0.000878309 0.00338153 0.010545 0.0266358 0.0545005 0.0903413 0.121328 0.132034 0.116476 0.0834044 0.0487304 0.0237532 0.0106413 0.00597096 0.00570622 0.00736989 0.00986147 0.0127058 0.0155868 0.0181995 0.0202552 0.0215337 0.0219289 0.0214672 0.0202896 0.0186083 0.0166509 0.0146137 0.0126351 0.0107922 0.00911358 0.00760057 0.00624469
 1.01671e-16 3.09209e-05 0.000181474 0.000862632 0.00332116 0.0103567 0.0261603 0.0535278 0.0887299 0.119167 0.12969 0.114428 0.0819796 0.047982 0.0235446 0.0108111 0.00643144 0.00644849 0.00842461 0.0112582 0.0144437 0.0176177 0.020421 0.0225183 0.0236618 0.0237464 0.0228297 0.0211089 0.0188649 0.0163918 0.0139382 0.0116722 0.00967693 0.00796725 0.00651767 0.00528781
 1.03349e-16 1.74556e-05 0.0001024 0.000486658 0.00187348 0.00584212 0.0147571 0.0301979 0.0500671 0.0672713 0.0732902 0.0648513 0.0468679 0.0282514 0.0153924 0.00964841 0.00927875 0.0121606 0.0169389 0.0228767 0.0294134 0.0359238 0.0417015 0.0460672 0.0485132 0.0488156 0.0470777 0.0436844 0.0391912 0.0341858 0.0291688 0.0244855 0.0203146 0.0167013 0.01361 0.0109739
 1.05373e-16 2.35456e-05 0.000138175 0.000656786 0.0025286 0.00788515 0.0199173 0.0407543 0.0675576 0.0907366 0.0987624 0.0871702 0.0625191 0.0367301 0.0182859 0.00885141 0.00591639 0.00651222 0.00882546 0.0120505 0.015818 0.0198426 0.0238136 0.0274093 0.0303485 0.0324375 0.0335943 0.0338401 0.0332687 0.0320077 0.030186 0.0279186 0.0253086 0.0224559 0.0194679 0.0164609
 1.03875e-16 2.89803e-05 0.000170083 0.000808482 0.00311267 0.00970656 0.024518 0.0501675 0.0831597 0.111686 0.121548 0.107242 0.0768281 0.0449607 0.022052 0.0101121 0.00600482 0.0060283 0.00790996 0.0106351 0.0137529 0.0169485 0.0199098 0.0223392 0.0240079 0.0248024 0.024742 0.0239592 0.0226526 0.0210307 0.0192653 0.0174681 0.015692 0.0139499 0.0122392 0.0105616
pSPR Fmed_Fpbrs
0.521163   0.6 0.325
Fs Fmed_Fpbrs
0.64   0.456437 1.57622
SSBpbr Bo_Bmed_Bpbrs
845185  398220  464852 232426
Ro
34891.6
SPR SPRFo_SPRFmed_SPRFpbrs
720658 375580 234214
log_Ro
10.28
likeval ReclasPelacesDesembMPH_pf_preclas_ppelaces_ptallas_desvR_qrecl_qpela
 0.000946231 14.1962 0.0111615 17.5049 319.029 209.277 54.5778 0 16.7625 6.83949e-06 4.11252e-05 1.6947e-14 0 0 0
q_reclas_q_pelaces
0.690326 2.4902
M
0.7
N
 33715.3 9414.46 3060.99 356.714 0.229145
 35305.2 14894.2 2081.5 469.367 53.187
 13539.8 15690.1 3432.16 338.94 82.7952
 18085.1 5183.99 1289.46 125.036 14.4063
 37229.6 8273.3 1459.34 280.812 29.7596
 35617.5 18249.5 3756.05 636.206 134.964
 80096.5 15715.1 4000.67 568.864 113.431
 63395.8 37286 4991.28 1038.11 174.239
 106234 28694.2 9751.35 976.758 231.88
 118663 47723.3 7123.8 1769.36 213.932
 64850.7 55314.3 15300 1873.83 513.614
 49247 28883.6 12940.6 2546.68 386.816
 57200.3 22234.6 7424.54 2469.66 546.852
 25881.8 24630.1 4117.92 880.226 345.233
 14166.1 10421.5 2868.29 248.878 70.3014
 13133.5 5789.6 1345.21 201.302 21.3448
 10388.7 5972.88 1564.87 276.152 44.7272
 13280.1 4770.16 1725.19 353.751 71.1484
 15432.2 6233.28 1604 486.328 118.121
 25774.8 7326.03 2267.07 506.739 188.843
 34014.4 12242.7 2674.74 720.219 218.549
 36331.3 16558.9 5299.18 1088 379.985
 60282.3 17613.4 6964.19 2067.35 569.295
 82450.3 29020.3 7056.42 2531.84 951.213
 32206.6 39659.9 11561.2 2544.53 1246.08
 37857.6 15566.5 16333.9 4375.16 1424.86
 50339.7 18286.8 6384.36 6143.96 2166.74
pred_Ctot
 2694.96 3931.68 1624.14 191.944 0.123392
 2684.68 5995.67 1070.51 244.901 27.7725
 2263.4 10366.5 2608.22 259.48 63.4093
 1029.52 1667.79 545.446 53.7717 6.20084
 345.091 512.921 129.105 25.4138 2.69654
 2875.45 7676.86 2005.17 344.41 73.1166
 3617.72 4178.84 1425.35 206.338 41.1828
 4058.13 13163.9 2291.77 484.201 81.3377
 7328.28 10733 4708.36 478.829 113.765
 5250.42 12471.6 2498.12 631.752 76.4578
 4838.86 21955 7774.55 966.144 265.023
 3233.82 10401.6 6045.56 1208.38 183.693
 5511.86 10596.3 4395.99 1480.58 328.058
 3563.39 14677.4 2903.9 626.442 245.815
 1823.47 5973.04 1964.27 172.116 48.6434
 799.16 1964.24 596.428 90.6971 9.62516
 565.524 1853.44 640.975 115.03 18.6475
 525.148 1132.63 553.983 115.729 23.299
 489.861 1221.2 430.671 133.166 32.3775
 808.283 1419.88 602.568 137.362 51.2435
 481.601 1139.14 351.935 96.8741 29.4307
 620.975 1840.45 828.429 173.804 60.7709
 1327.51 2478.15 1365.99 414.074 114.152
 1862.52 4179.93 1415.47 518.57 195.043
 619.069 4919.62 2009.37 451.77 221.487
 743.735 1970.53 2894.86 792.063 258.242
 1651.51 3688.92 1761.78 1728.79 610.31
F
 0.116982 0.809158 1.17511 1.20376 1.20531
 0.111 0.767782 1.11502 1.14221 1.14368
 0.260058 1.79881 2.61234 2.67604 2.67948
 0.082058 0.567592 0.824292 0.844391 0.845476
 0.012963 0.0896643 0.130216 0.133391 0.133563
 0.118214 0.817678 1.18748 1.21644 1.218
 0.0646141 0.446933 0.649064 0.66489 0.665745
 0.0927015 0.641212 0.931208 0.953914 0.95514
 0.100226 0.693256 1.00679 1.03134 1.03266
 0.0632595 0.437563 0.635457 0.650951 0.651788
 0.108814 0.752665 1.09307 1.11972 1.12116
 0.0951981 0.658481 0.956287 0.979605 0.980864
 0.142592 0.986301 1.43237 1.46729 1.46918
 0.209666 1.45025 2.10614 2.1575 2.16027
 0.194786 1.34732 1.95667 2.00438 2.00695
 0.0879376 0.608261 0.883353 0.904893 0.906056
 0.078342 0.541888 0.786964 0.806153 0.807189
 0.0563662 0.389882 0.566211 0.580017 0.580763
 0.0450222 0.311417 0.452259 0.463286 0.463882
 0.0444676 0.30758 0.446687 0.457579 0.458167
 0.0198611 0.137378 0.199509 0.204374 0.204636
 0.0240197 0.166143 0.241283 0.247167 0.247484
 0.0310429 0.214723 0.311834 0.319437 0.319848
 0.0318552 0.220341 0.319993 0.327796 0.328217
 0.0270488 0.187095 0.271711 0.278337 0.278694
 0.0276524 0.191271 0.277775 0.284548 0.284914
 0.0465635 0.322078 0.467741 0.479146 0.479762
Np
 26893.2 12776.1 8721.86 2094.12 821.877
YTP_r0W_actual
 12895.9 76298.4 53115.1 66575.3 26082
YTP_p0W_proyectada
 6889.42 99554.2 54746.5 21519.8 29735.7
 6889.42 53306 72562.1 22691.6 9893.3
CTP_r0_actual
 1572.67 3532.33 1691.56 1660.23 586.112
CTP_p0_proyectada
 840.173 4608.99 1743.52 536.653 668.219
 840.173 2467.87 2310.9 565.876 222.321
Wmedp
 8.2 21.6 31.4 40.1 44.5
nmprior
 10.8 10.6 4.6 0
nm_flota  nm_reclas  nm_pelaces    nm_pelaL
inf 16.7199 18.953 61.4823
cv_recla  cv_pelaces  cv_mph
0.88799 0.41274 0.559095
 ------------------------------------------------
Talla a la edad & desviaci?n 
 7.2 14.2025 17.0495 18.207 18.6776
 1.08 2.13037 2.55742 2.73105 2.80164
