years
 1997 1998 1999 2000 2001 2002 2003 2004 2005 2006 2007 2008 2009 2010 2011 2012 2013 2014 2015 2016 2017 2018 2019 2020 2021 2022 2023
reclasobs
 0 0 0 370054 412103 1.49427e+06 250295 1.28982e+06 931140 785840 897777 1.04006e+06 184774 17550 25797 100020 73551 82996 120727 218422 84188 347160 605670 569463 516374 1.08416e+06 1.01767e+06
reclaspred
 1.33591e+06 232872 280353 32403.1 202655 172370 903720 657585 778545 1.20897e+06 1.08794e+06 743422 551915 286204 150856 116493 110947 135445 140486 169108 276796 244612 378956 690070 919046 606567 45265.4
pelacesobs
 0 0 0 0 0 0 0 0 0 2.06254e+06 1.5e+06 0 1.87456e+06 323000 250000 174000 83755 137374 0 501740 490994 745055 786931 1.00524e+06 1.33801e+06 1.41789e+06 0
pelacespred
 2.29641e+06 622203 222029 51039.7 376314 184608 2.05895e+06 1.31292e+06 1.53084e+06 2.40268e+06 1.88893e+06 1.3714e+06 1.0269e+06 428820 215006 183675 175917 227084 231992 269989 546922 466043 555713 1.13571e+06 1.58613e+06 1.18897e+06 32580.4
mphobs
 0 0 0 0 0 0 112323 0 153150 637223 0 255016 313432 73983 77613 109348 50772 17779 17303 59886 28197 0 207744 136588 643089 65757 70829
mphpred
 453456 164864 125860 24030.8 24919.5 95543 151066 346061 240641 360434 507321 324498 206070 157722 67363.9 40917.7 33792 38580.2 40390.2 37161.1 61255 82362.2 82623.2 138575 254695 199067 46526.8
desembarqueobs
 350755 77701 442110 56441 14545 235359 269955 359681 431902 328805 639364 411747 362871 311530 167758 66681 60226 58785 57116 73181 50977 67692 138656 160484 209506 203330 245020
desembarquepred
 350729 77655.9 441371 56393.7 14540.8 234905 269675 359199 431094 328459 638260 411027 362068 311132 167516 66637.3 60185 58703.9 57027.3 73078.3 50952.6 67629.7 138521 160351 209341 203068 244319
Reclutas
 9977.22 39266.8 1821.63 3951.31 33053.9 14718.8 82477.2 37988.3 86282.9 134642 54224 48758.3 64770.9 24840.5 10716.9 10130.1 6892.85 8955.25 8301.48 12520.7 18037.1 16888 34914 72394.8 13184.1 6804.01 803.359
log_desv_Rt
 -0.59194 0.778134 -2.29251 -1.5182 0.605895 -0.203118 1.52028 0.745032 1.56539 2.01038 1.10088 0.994631 1.27861 0.320231 -0.520425 -0.576733 -0.96176 -0.700005 -0.775811 -0.364865 0.000183664 -0.0656441 0.660644 1.38989 -0.31323 -0.974733 -3.1112
SSB
 639857 232635 177597 33909.1 35163 134818 204259 479958 324935 494770 715864 457888 304000 232859 105122 65182.9 57819 61767.4 75964 76347.3 113873 148157 155365 242977 499073 410855 102316
BT
 1.03753e+06 361095 296841 84779.9 193092 249329 1.23396e+06 894329 1.11192e+06 1.35551e+06 1.26966e+06 905396 797980 457346 226541 127935 120669 142242 134722 169659 264454 224467 315594 600783 677211 536279 235234
Ftot
 0.62423 1.03115 3.08545 4.05156 0.730442 3.76241 2.52056 1.92639 2.83703 1.39972 1.72294 1.55315 2.55427 3.18393 3.25625 1.87549 1.86625 1.61408 1.29716 1.5604 0.706581 0.796659 1.16163 1.019 0.585695 0.636489 4.95303
BD_Bspro_t
 0.935572 0.616312 0.4464 0.0754912 0.134162 0.399674 0.37096 0.517899 0.37362 0.440953 0.497909 0.323464 0.244614 0.22284 0.126376 0.0994373 0.121842 0.179704 0.25951 0.308577 0.429704 0.557051 0.523531 0.563945 0.660845 0.539648 0.200151
BD_Bspro
 1.71786 0.624568 0.476805 0.0910377 0.0944042 0.361952 0.548387 1.28857 0.872371 1.32834 1.92192 1.22932 0.816167 0.625171 0.282228 0.175 0.15523 0.16583 0.203945 0.204974 0.305721 0.397765 0.417116 0.652333 1.33989 1.10305 0.274693
BD_Bo
 1.323 0.481007 0.367209 0.0701122 0.0727049 0.278756 0.422337 0.992387 0.671852 1.02301 1.48016 0.946753 0.628567 0.481472 0.217356 0.134776 0.11955 0.127713 0.157067 0.15786 0.235449 0.306337 0.32124 0.502391 1.03191 0.849506 0.211553
BD_Brms
 2.40546 0.874559 0.667652 0.127477 0.132191 0.506828 0.767886 1.80434 1.22155 1.86002 2.6912 1.72137 1.14285 0.875404 0.395193 0.245047 0.217363 0.232206 0.285577 0.287018 0.428089 0.556976 0.584073 0.913438 1.8762 1.54456 0.384642
S_f
 0.0615739 0.554896 0.959492 0.997783 0.999883
 0.0615739 0.554896 0.959492 0.997783 0.999883
 0.0615739 0.554896 0.959492 0.997783 0.999883
 0.0615739 0.554896 0.959492 0.997783 0.999883
 0.0615739 0.554896 0.959492 0.997783 0.999883
 0.0615739 0.554896 0.959492 0.997783 0.999883
 0.0615739 0.554896 0.959492 0.997783 0.999883
 0.0615739 0.554896 0.959492 0.997783 0.999883
 0.0615739 0.554896 0.959492 0.997783 0.999883
 0.0615739 0.554896 0.959492 0.997783 0.999883
 0.0615739 0.554896 0.959492 0.997783 0.999883
 0.0615739 0.554896 0.959492 0.997783 0.999883
 0.0615739 0.554896 0.959492 0.997783 0.999883
 0.0615739 0.554896 0.959492 0.997783 0.999883
 0.0615739 0.554896 0.959492 0.997783 0.999883
 0.0615739 0.554896 0.959492 0.997783 0.999883
 0.0615739 0.554896 0.959492 0.997783 0.999883
 0.0615739 0.554896 0.959492 0.997783 0.999883
 0.0615739 0.554896 0.959492 0.997783 0.999883
 0.0615739 0.554896 0.959492 0.997783 0.999883
 0.0615739 0.554896 0.959492 0.997783 0.999883
 0.0615739 0.554896 0.959492 0.997783 0.999883
 0.0615739 0.554896 0.959492 0.997783 0.999883
 0.0615739 0.554896 0.959492 0.997783 0.999883
 0.0615739 0.554896 0.959492 0.997783 0.999883
 0.0615739 0.554896 0.959492 0.997783 0.999883
 0.0615739 0.554896 0.959492 0.997783 0.999883
Scru_reclas
 0.574738 0.871821 0.971615 0.994229 0.998848
 0.574738 0.871821 0.971615 0.994229 0.998848
 0.574738 0.871821 0.971615 0.994229 0.998848
 0.574738 0.871821 0.971615 0.994229 0.998848
 0.574738 0.871821 0.971615 0.994229 0.998848
 0.574738 0.871821 0.971615 0.994229 0.998848
 0.574738 0.871821 0.971615 0.994229 0.998848
 0.574738 0.871821 0.971615 0.994229 0.998848
 0.574738 0.871821 0.971615 0.994229 0.998848
 0.574738 0.871821 0.971615 0.994229 0.998848
 0.574738 0.871821 0.971615 0.994229 0.998848
 0.574738 0.871821 0.971615 0.994229 0.998848
 0.574738 0.871821 0.971615 0.994229 0.998848
 0.574738 0.871821 0.971615 0.994229 0.998848
 0.574738 0.871821 0.971615 0.994229 0.998848
 0.574738 0.871821 0.971615 0.994229 0.998848
 0.574738 0.871821 0.971615 0.994229 0.998848
 0.574738 0.871821 0.971615 0.994229 0.998848
 0.574738 0.871821 0.971615 0.994229 0.998848
 0.574738 0.871821 0.971615 0.994229 0.998848
 0.574738 0.871821 0.971615 0.994229 0.998848
 0.574738 0.871821 0.971615 0.994229 0.998848
 0.574738 0.871821 0.971615 0.994229 0.998848
 0.574738 0.871821 0.971615 0.994229 0.998848
 0.574738 0.871821 0.971615 0.994229 0.998848
 0.574738 0.871821 0.971615 0.994229 0.998848
 0.574738 0.871821 0.971615 0.994229 0.998848
Scru_pelaces
 0.526689 0.848489 0.965734 0.992999 0.998601
 0.526689 0.848489 0.965734 0.992999 0.998601
 0.526689 0.848489 0.965734 0.992999 0.998601
 0.526689 0.848489 0.965734 0.992999 0.998601
 0.526689 0.848489 0.965734 0.992999 0.998601
 0.526689 0.848489 0.965734 0.992999 0.998601
 0.526689 0.848489 0.965734 0.992999 0.998601
 0.526689 0.848489 0.965734 0.992999 0.998601
 0.526689 0.848489 0.965734 0.992999 0.998601
 0.526689 0.848489 0.965734 0.992999 0.998601
 0.526689 0.848489 0.965734 0.992999 0.998601
 0.526689 0.848489 0.965734 0.992999 0.998601
 0.526689 0.848489 0.965734 0.992999 0.998601
 0.526689 0.848489 0.965734 0.992999 0.998601
 0.526689 0.848489 0.965734 0.992999 0.998601
 0.526689 0.848489 0.965734 0.992999 0.998601
 0.526689 0.848489 0.965734 0.992999 0.998601
 0.526689 0.848489 0.965734 0.992999 0.998601
 0.526689 0.848489 0.965734 0.992999 0.998601
 0.526689 0.848489 0.965734 0.992999 0.998601
 0.526689 0.848489 0.965734 0.992999 0.998601
 0.526689 0.848489 0.965734 0.992999 0.998601
 0.526689 0.848489 0.965734 0.992999 0.998601
 0.526689 0.848489 0.965734 0.992999 0.998601
 0.526689 0.848489 0.965734 0.992999 0.998601
 0.526689 0.848489 0.965734 0.992999 0.998601
 0.526689 0.848489 0.965734 0.992999 0.998601
pf_obs 
 0.256992 0.487395 0.22802 0.0275931 0
 0.321318 0.546541 0.124235 0.00734118 0.000564706
 0.182869 0.594174 0.210203 0.0122559 0.00049798
 0.330522 0.361315 0.267642 0.0388342 0.00168674
 0.649043 0.306663 0.0425973 0.00169635 0
 0.582887 0.30429 0.105238 0.00758474 0
 0.465427 0.430635 0.0974691 0.00646863 0
 0.296916 0.608066 0.0921331 0.00288517 0
 0.311714 0.524322 0.152257 0.0117073 0
 0.15457 0.633149 0.183074 0.0267441 0.00246327
 0.131901 0.49318 0.331252 0.0422183 0.00144891
 0.196976 0.569456 0.194076 0.0375587 0.00193317
 0.518974 0.381816 0.0799577 0.0180837 0.00116848
 0.0928022 0.601141 0.25162 0.0475244 0.00691264
 0.122501 0.610282 0.24278 0.0234846 0.000952079
 0.383417 0.481906 0.127806 0.00687128 0
 0.0376549 0.599619 0.316969 0.0457579 0
 0.0361596 0.667082 0.258105 0.0386534 0
 0.158088 0.579412 0.248529 0.0139706 0
 0.0477256 0.309471 0.559284 0.082774 0.000745712
 0.0406174 0.521527 0.379366 0.0568643 0.0016247
 0.151134 0.462217 0.34131 0.0453401 0
 0.294876 0.26143 0.354403 0.0886775 0.000613685
 0.281977 0.475581 0.204845 0.0348837 0.00271318
 0.0841818 0.532909 0.334909 0.0458182 0.00218182
 0.115287 0.27431 0.454777 0.147771 0.00785563
 0 0 0 0 0
pf_pred 
 0.0393618 0.639395 0.283242 0.0379953 5.95278e-06
 0.229344 0.203016 0.452409 0.102216 0.013015
 0.0158941 0.82012 0.0730122 0.073431 0.0175422
 0.243526 0.206824 0.526379 0.0111096 0.0121622
 0.725528 0.259585 0.0102368 0.00448222 0.000167919
 0.162197 0.806374 0.0305869 0.00058866 0.00025284
 0.676651 0.266623 0.0563147 0.000401596 9.47208e-06
 0.145406 0.830749 0.0224634 0.00137252 8.98697e-06
 0.400287 0.414557 0.183334 0.00172416 9.69281e-05
 0.338506 0.615105 0.0415414 0.00480437 4.23593e-05
 0.103966 0.754287 0.137526 0.00380807 0.00041275
 0.150647 0.494699 0.331465 0.0225521 0.000636669
 0.277726 0.526036 0.153535 0.040109 0.0025941
 0.136566 0.76484 0.0893377 0.00741022 0.00184565
 0.140985 0.668086 0.185501 0.00497698 0.000451532
 0.226705 0.608528 0.154818 0.00970045 0.00024826
 0.164335 0.668242 0.152797 0.0138126 0.000812823
 0.244319 0.544385 0.194063 0.0158435 0.00138907
 0.191992 0.645399 0.141515 0.0194958 0.00159801
 0.263642 0.529171 0.1874 0.0173747 0.00241259
 0.247321 0.601902 0.130695 0.018296 0.00178641
 0.157656 0.611106 0.205628 0.0223562 0.003253
 0.279108 0.453873 0.225686 0.0369832 0.00434998
 0.331178 0.539589 0.10279 0.0225762 0.0038672
 0.0381851 0.778852 0.164942 0.0145145 0.00350667
 0.0304559 0.222827 0.666131 0.0730108 0.00757554
 0.0199389 0.323441 0.246649 0.36781 0.0421614
pobs_RECLAS
 0 0 0 0 0
 0 0 0 0 0
 0 0 0 0 0
 0 0 0 0 0
 0.835266 0.146461 0.0176864 0.000547809 3.91292e-05
 0.385257 0.428462 0.181853 0.0044286 0
 0.867414 0.0963971 0.0333333 0.00285562 0
 0.441836 0.489002 0.0689373 0.000224442 0
 0.779404 0.147425 0.0564933 0.0165055 0.000172143
 0.814271 0.122319 0.05973 0.00367925 0
 0.40263 0.566651 0.0304383 0.000280538 0
 0.475488 0.404961 0.113038 0.00651328 0
 0.955842 0.0263864 0.0167828 0.000988607 0
 0.975058 0.0227948 0.00214734 0 0
 0.738997 0.206755 0.0527124 0.00153531 0
 0.850938 0.134255 0.0134407 0.00136685 0
 0.542534 0.407297 0.0501686 0 0
 0.764087 0.199537 0.0359546 0.000420521 0
 0.470689 0.182191 0.310203 0.0369168 0
 0.84361 0.089868 0.0606195 0.00523954 0.000663233
 0.607945 0.314616 0.071237 0.00620181 0
 0.523733 0.453247 0.0230204 0 0
 0.530135 0.295979 0.169645 0.0042399 0
 0.562478 0.366248 0.0663022 0.0049721 0
 0.250443 0.683176 0.0655157 0.000865301 0
 0.195077 0.31981 0.436473 0.0351445 0.0134964
 0.565238 0.351407 0.0832357 0.000118908 0
ppred_RECLAS
 0.221421 0.591891 0.164964 0.0217198 3.41103e-06
 0.721149 0.102993 0.140759 0.0311267 0.00397217
 0.113657 0.809118 0.0352667 0.0338619 0.00809632
 0.816821 0.0863518 0.0929642 0.00184428 0.00201902
 0.942786 0.0552447 0.00136255 0.000585183 2.19746e-05
 0.605933 0.387391 0.00650633 0.000118268 5.08115e-05
 0.940121 0.0538333 0.00600337 4.12092e-05 9.73239e-07
 0.530554 0.461956 0.00706837 0.000418911 2.74771e-06
 0.847893 0.124048 0.0277943 0.000250474 1.4096e-05
 0.769313 0.220795 0.00888096 0.00100198 8.85243e-06
 0.445712 0.500032 0.052684 0.00141832 0.000154017
 0.578187 0.296968 0.11688 0.00774572 0.0002191
 0.753106 0.20669 0.0317163 0.00797161 0.000516236
 0.551679 0.422162 0.0238068 0.00188237 0.000469201
 0.577882 0.371466 0.0492793 0.00125894 0.000114297
 0.678546 0.278612 0.0403269 0.00245237 6.28739e-05
 0.584448 0.363781 0.0473694 0.00415649 0.000245029
 0.70145 0.243477 0.0506913 0.0040284 0.000353872
 0.619238 0.330835 0.0435824 0.00586298 0.000481585
 0.721642 0.226442 0.0470731 0.00425068 0.000591393
 0.684245 0.273027 0.0371294 0.00509906 0.000499047
 0.561258 0.355194 0.0744537 0.00793636 0.0011575
 0.738964 0.192491 0.0581333 0.00931365 0.00109786
 0.768317 0.202098 0.0236317 0.00508048 0.000872215
 0.205796 0.691913 0.0923778 0.00798048 0.00193271
 0.211248 0.254206 0.477803 0.0513973 0.00534569
 0.245031 0.443017 0.122909 0.169616 0.0194261
pobs_PELACES
 0 0 0 0 0
 0 0 0 0 0
 0 0 0 0 0
 0 0 0 0 0
 0 0 0 0 0
 0 0 0 0 0
 0 0 0 0 0
 0 0 0 0 0
 0 0 0 0 0
 0 0 0 0 0
 0.450072 0.473896 0.0757376 0.000293798 0
 0 0 0 0 0
 0.463077 0.371075 0.160297 0.00555027 0
 0.529543 0.364841 0.0842815 0.0213345 0
 0.631943 0.363953 0.00410389 0 0
 0.735681 0.248677 0.0153453 0.000297389 0
 0.695825 0.281241 0.0229344 0 0
 0.275771 0.60734 0.115278 0.00161068 0
 0 0 0 0 0
 0.896147 0.0623911 0.0374545 0.00400742 0
 0.803859 0.145111 0.0509908 3.86294e-05 0
 0.739449 0.233085 0.0266225 0.000797448 4.60066e-05
 0.878498 0.100942 0.0204185 0.000141795 0
 0.694673 0.275183 0.0284847 0.00165964 0
 0.469039 0.446079 0.0841089 0.000773354 0
 0.822795 0.102175 0.0682046 0.00682512 0
 0 0 0 0 0
ppred_PELACES
 0.231245 0.593058 0.155308 0.020386 3.20334e-06
 0.755984 0.096945 0.117909 0.0258609 0.0033011
 0.1705 0.780062 0.0229993 0.0213416 0.00509689
 0.911837 0.0529353 0.0338846 0.000641769 0.000701298
 0.946005 0.0522712 0.0011943 0.000510674 1.9186e-05
 0.728906 0.26824 0.00278413 4.84921e-05 2.08e-05
 0.958176 0.0386581 0.00314465 2.10106e-05 4.95832e-07
 0.593675 0.401194 0.00484747 0.000281738 1.84733e-06
 0.898162 0.0879338 0.0137771 0.000120364 6.76715e-06
 0.79879 0.193861 0.00660607 0.0007358 6.50089e-06
 0.505242 0.454741 0.0388762 0.00102902 0.000111719
 0.636422 0.269595 0.0880698 0.00575073 0.000162655
 0.820128 0.157721 0.0175746 0.00429766 0.000278096
 0.664925 0.321804 0.0121154 0.000924628 0.000230193
 0.695423 0.27941 0.0245085 0.000603793 5.4748e-05
 0.734984 0.236175 0.0271782 0.00162189 4.1569e-05
 0.648078 0.316162 0.0327715 0.00282216 0.000166319
 0.748407 0.212136 0.0363616 0.00284501 0.000249885
 0.658397 0.302458 0.034221 0.00455072 0.00037383
 0.76478 0.19769 0.0340771 0.00303169 0.000421757
 0.698018 0.263657 0.0333214 0.00455741 0.000446259
 0.582143 0.343672 0.0661475 0.00701415 0.00102344
 0.769124 0.176112 0.0465147 0.0073792 0.000869995
 0.788965 0.186711 0.0194607 0.00415027 0.00071272
 0.212809 0.690765 0.0871021 0.00750542 0.00181872
 0.226027 0.260428 0.459185 0.0492363 0.00512374
 0.461958 0.39605 0.057923 0.0754492 0.00862007
pobs_pel_tallas
 0 0 0 0 0 0 0 0 0 0 0 0 0 0 0 0 0 0 0 0 0 0 0 0 0 0 0 0 0 0 0 0 0 0 0 0
 0 0 0 0 0 0 0 0 0 0 0 0 0 0 0 0 0 0 0 0 0 0 0 0 0 0 0 0 0 0 0 0 0 0 0 0
 0 0 0 0 0 0 0 0 0 0 0 0 0 0 0 0 0 0 0 0 0 0 0 0 0 0 0 0 0 0 0 0 0 0 0 0
 0 0 0 0 0 0 0 0 0 0 0 0 0 0 0 0 0 0 0 0 0 0 0 0 0 0 0 0 0 0 0 0 0 0 0 0
 0 0 0 0 0 0 0 0 0 0 0 0 0 0 0 0 0 0 0 0 0 0 0 0 0 0 0 0 0 0 0 0 0 0 0 0
 0 0 0 0 0 0 0 0 0 0 0 0 0 0 0 0 0 0 0 0 0 0 0 0 0 0 0 0 0 0 0 0 0 0 0 0
 0 0 0 0 0 0 0 0 0 0 0 0 0 0 0 0 0 0 0 0 0 0 0 0 0 0 0 0 0 0 0 0 0 0 0 0
 0 0 0 0 0 0 0 0 0 0 0 0 0 0 0 0 0 0 0 0 0 0 0 0 0 0 0 0 0 0 0 0 0 0 0 0
 0 0 0 0 0 0 0 0 0 0 0 0 0 0 0 0 0 0 0 0 0 0 0 0 0 0 0 0 0 0 0 0 0 0 0 0
 0 0 0 0 0 0 0 0 0 0 0 0 0 0 0 0 0 0 0 0 0 0 0 0 0 0 0 0 0 0 0 0 0 0 0 0
 0 0 0 0 0 0 0 0 1.78061e-05 0.00172719 0.00360574 0.0105946 0.0120993 0.0124554 0.0147524 0.0171206 0.0266825 0.0428682 0.0675386 0.121331 0.153587 0.119568 0.100827 0.0573624 0.0630603 0.0341343 0.0324427 0.0444173 0.0211091 0.0280891 0.0125444 0.00206551 0 0 0 0
 0 0 0 0 0 0 0 0 0 0 0 0 0 0 0 0 0 0 0 0 0 0 0 0 0 0 0 0 0 0 0 0 0 0 0 0
 0 0 0 0 0 0 0.0133647 0.0140871 0.0187388 0.0205184 0.03894 0.0496705 0.03968 0.0493445 0.0407372 0.0367815 0.0215668 0.0243155 0.0234873 0.0199281 0.019796 0.0243948 0.0301388 0.0376714 0.0412746 0.0863199 0.0771752 0.113111 0.0741005 0.0525337 0.0229764 0.00759418 0.00175318 0 0 0
 0 0 0 0 0 0 0 0 0 0 0.00219441 0.00772107 0.0458388 0.0604681 0.0671733 0.0775358 0.0609151 0.0617685 0.073594 0.0568108 0.0755445 0.0548602 0.0670107 0.0636378 0.0643287 0.046367 0.0373049 0.0286899 0.0247887 0.0153202 0.00654259 0.00121912 0.000365735 0 0 0
 0 0 0 0 0 0 0 0 0 0 0 0 0.000112435 0.00938835 0.0111873 0.0202946 0.0414886 0.0713402 0.111592 0.104902 0.108894 0.110636 0.117776 0.105296 0.107544 0.0401394 0.0192827 0.0124803 0.00416011 0.0028671 0.000618394 0 0 0 0 0
 0 0 0 0 0 0 0 0 0 0 0.00291406 0.0102884 0.027416 0.0768956 0.0749926 0.110853 0.0956884 0.0897413 0.0766577 0.0534642 0.0500743 0.0551293 0.0594112 0.0620874 0.0668451 0.0424026 0.0208742 0.0120726 0.0048766 0.00582813 0.00118941 0.000297354 0 0 0 0
 0 0.00264628 0.0354308 0.0461629 0.0458689 0.0383711 0.0214643 0.0164657 0.0346957 0.0420465 0.0363128 0.0245516 0.0311673 0.0291091 0.0169068 0.0133784 0.00837989 0.0085269 0.0148486 0.0160247 0.0276389 0.0546898 0.0760071 0.122758 0.109233 0.0665981 0.0333725 0.0166128 0.00676272 0.00308733 0.000882094 0 0 0 0 0
 0 0 0 0 0 0 0 0.000805153 0.000690131 0.00759144 0.0133425 0.0154129 0.00931677 0.000345066 0.00356568 0.00563607 0.00851162 0.0253048 0.0502646 0.0516448 0.0657925 0.0565908 0.0611916 0.0827007 0.0866115 0.110766 0.145733 0.0935128 0.0569358 0.0249597 0.0138026 0.00621118 0.00161031 0.00115022 0 0
 0 0 0 0 0 0 0 0 0 0 0 0 0 0 0 0 0 0 0 0 0 0 0 0 0 0 0 0 0 0 0 0 0 0 0 0
 0.00147267 0.00158595 0.00478618 0.00569244 0.00954404 0.0108468 0.00647125 0.017049 0.0510054 0.094081 0.124002 0.0959785 0.0687766 0.0820023 0.061753 0.0591476 0.0492212 0.0479892 0.0443925 0.0268479 0.0217502 0.0140895 0.0121071 0.0120363 0.00920419 0.00665534 0.0049561 0.00860946 0.00930331 0.0156896 0.0114698 0.00855282 0.00243557 0.00046729 0 2.83206e-05
 0 0 0 0 0.000772559 0.00158375 0.000888443 0.00281984 0.00712685 0.0440552 0.0773331 0.111326 0.0921469 0.0852325 0.0710754 0.0886704 0.0786465 0.0553345 0.0373146 0.0185414 0.00753245 0.00457741 0.012979 0.0271748 0.0457355 0.0583668 0.034881 0.0177882 0.00938659 0.00492506 0.0015258 0.00185414 0.000309023 5.79419e-05 3.86279e-05 0
 0 0.00173294 0.00326652 0 0.00397197 0.00683976 0.00946217 0.0152591 0.00757587 0.0136028 0.0228656 0.0392903 0.0559909 0.0764795 0.0681675 0.0726916 0.0566044 0.0477403 0.0527397 0.0444891 0.0609904 0.0582453 0.0661739 0.0445044 0.0529084 0.0360697 0.0280645 0.0235558 0.0158879 0.00826598 0.00280645 0.00217768 0.000904811 0.00058276 9.20147e-05 0
 0 0 0 0 0 0 0 0 0 0 0 0 0 0 0 0 0 0 0 0 0 0 0 0 0 0 0 0 0 0 0 0 0 0 0 0
 0 0 0 0 0 0 0 0 0 0 0 0 0 0 0 0 0 0 0 0 0 0 0 0 0 0 0 0 0 0 0 0 0 0 0 0
 0 0 0 0 0 0 0 0 0 0 0 0 0 0 0 0 0 0 0 0 0 0 0 0 0 0 0 0 0 0 0 0 0 0 0 0
 0 0 0 0 0 0 0 0 0 0 0 0 0 0 0 0 0 0 0 0 0 0 0 0 0 0 0 0 0 0 0 0 0 0 0 0
 0 0 0 0 0 0 0 0 0 0 0 0 0 0 0 0 0 0 0 0 0 0 0 0 0 0 0 0 0 0 0 0 0 0 0 0
ppred_pel_tallas
 1.03099e-16 1.01204e-05 5.93217e-05 0.000281827 0.00108478 0.00338254 0.00854464 0.0174878 0.0290046 0.0390024 0.0425743 0.0378676 0.0277921 0.0176029 0.0111296 0.009313 0.0112991 0.0159694 0.0225537 0.0304943 0.0391658 0.0477518 0.0553026 0.0609028 0.0638713 0.0639146 0.0611857 0.0562228 0.0497985 0.0427311 0.0357213 0.0292563 0.0235917 0.0187933 0.0148076 0.0115288
 1.02749e-16 3.29813e-05 0.000193581 0.000920212 0.00354289 0.0110482 0.0279068 0.0571005 0.0946483 0.127104 0.138298 0.121951 0.087213 0.0507308 0.0243104 0.010187 0.00473947 0.00372121 0.00454931 0.00612641 0.0080581 0.010156 0.0122588 0.0142034 0.0158431 0.0170692 0.0178242 0.0180992 0.0179228 0.0173444 0.016421 0.0152113 0.0137762 0.0121814 0.0104995 0.00880731
 1.01552e-16 7.47886e-06 4.37971e-05 0.000207985 0.000800407 0.0024957 0.00630477 0.0129062 0.0214156 0.0288273 0.0315457 0.0282439 0.0211302 0.0141716 0.0103132 0.0103882 0.0138979 0.020097 0.0283934 0.0382017 0.0487172 0.0588517 0.0673531 0.0730461 0.0751041 0.0732521 0.0678363 0.0597269 0.0500969 0.0401484 0.0308759 0.0229266 0.0165756 0.0117921 0.00835217 0.00595296
 1.00554e-16 3.97752e-05 0.000233472 0.00110987 0.00427314 0.0133255 0.0336589 0.0688692 0.114154 0.153291 0.166772 0.147014 0.105039 0.0609004 0.0288064 0.0114117 0.00430375 0.00231815 0.00231086 0.00295428 0.00380167 0.00468997 0.00551779 0.00619783 0.00666145 0.00687044 0.00682283 0.0065492 0.00610173 0.00554008 0.00491917 0.00428194 0.00365795 0.00306576 0.00251707 0.00201995
 1.00053e-16 4.1265e-05 0.000242218 0.00115145 0.00443324 0.0138247 0.03492 0.0714496 0.11843 0.159033 0.173018 0.152516 0.108961 0.0631569 0.0298393 0.0117584 0.00433014 0.00218936 0.00206649 0.00257698 0.00325201 0.00392054 0.00448043 0.00485023 0.00497437 0.00483478 0.00445538 0.00389543 0.00323469 0.00255493 0.00192392 0.00138589 0.000959748 0.000643471 0.000421626 0.000273104
 1.0013e-16 3.18072e-05 0.000186673 0.000887339 0.00341627 0.0106533 0.0269095 0.0550611 0.0912727 0.122585 0.133419 0.117738 0.084395 0.0494837 0.0244436 0.0114921 0.00719277 0.00747538 0.00981749 0.0130502 0.0165966 0.0200093 0.022843 0.0246916 0.0252724 0.0244954 0.0224869 0.0195556 0.0161154 0.0125906 0.00933223 0.00656919 0.0043986 0.00280825 0.00171569 0.00100836
 1.00059e-16 4.17952e-05 0.000245332 0.00116626 0.00449025 0.0140025 0.0353691 0.0723683 0.119953 0.161076 0.175238 0.154465 0.110336 0.0639188 0.0301337 0.01176 0.00414881 0.00186238 0.00158964 0.001935 0.00243749 0.00294384 0.00337353 0.00366522 0.00377687 0.00369379 0.00343202 0.00303357 0.00255576 0.00205781 0.00158922 0.00118285 0.000853619 0.000601518 0.000416964 0.0002862
 1.0021e-16 2.59159e-05 0.000152074 0.000722821 0.00278279 0.00867777 0.0219196 0.0448526 0.0743558 0.0998811 0.108752 0.0960727 0.0690898 0.0409616 0.0210737 0.0113115 0.00895285 0.010734 0.0145982 0.0195121 0.0248329 0.029944 0.034189 0.0369614 0.0378386 0.0366854 0.0336901 0.0293137 0.0241748 0.0189069 0.014035 0.0099011 0.00665071 0.00426597 0.00262417 0.00155767
 1.00229e-16 3.91803e-05 0.000229976 0.00109324 0.00420911 0.0131258 0.0331545 0.0678376 0.112445 0.150999 0.164287 0.144842 0.103528 0.0601064 0.0285847 0.0115911 0.00479106 0.00310383 0.00342739 0.00443298 0.00564193 0.00684073 0.00787112 0.00859609 0.00891792 0.00879923 0.00827116 0.00742336 0.00638046 0.00527251 0.00420939 0.00326559 0.00247718 0.00184837 0.00136293 0.000995531
 1.00183e-16 3.48515e-05 0.000204552 0.000972354 0.00374362 0.0116741 0.029488 0.0603364 0.100014 0.134317 0.146164 0.128929 0.0922947 0.0538698 0.0261535 0.0115332 0.00620132 0.00567058 0.00717912 0.00949197 0.0120726 0.0145703 0.0166581 0.0180412 0.0185135 0.0180068 0.0166087 0.0145377 0.0120885 0.00956406 0.00721564 0.00520806 0.00361276 0.00242374 0.0015854 0.00102085
 1.00741e-16 2.20621e-05 0.000129443 0.000615222 0.00236848 0.00738577 0.0186562 0.0381758 0.0632907 0.085028 0.0926074 0.0818766 0.0590249 0.035284 0.018686 0.0108882 0.00962626 0.0121609 0.0167478 0.0224653 0.0286671 0.034677 0.0397554 0.0432104 0.0445502 0.0436013 0.0405503 0.0358894 0.0302905 0.0244481 0.0189431 0.0141616 0.010279 0.00729641 0.0051028 0.0035384
 1.01544e-16 2.77748e-05 0.000162998 0.000774784 0.0029829 0.00930185 0.0234959 0.0480767 0.0796962 0.107041 0.116512 0.102844 0.0737766 0.0433739 0.0216439 0.0105473 0.00711111 0.00780838 0.0104563 0.0140404 0.0180438 0.022042 0.0255927 0.0282754 0.0297737 0.0299442 0.0288438 0.0267035 0.0238621 0.0206821 0.0174777 0.0144721 0.0117884 0.00946835 0.00750145 0.00585368
 1.00462e-16 3.57805e-05 0.00021001 0.000998306 0.00384356 0.0119858 0.0302751 0.0619467 0.102682 0.137896 0.15005 0.132334 0.0946838 0.0551662 0.0266003 0.0114205 0.00570247 0.00482982 0.00597062 0.00787885 0.0100461 0.0121719 0.0139883 0.0152534 0.0157947 0.0155488 0.0145757 0.0130401 0.0111685 0.00919566 0.00731807 0.00566669 0.00430192 0.00322613 0.00240493 0.00178851
 1.0032e-16 2.90196e-05 0.000170302 0.000809498 0.00311654 0.00971858 0.0245486 0.0502309 0.0832682 0.111842 0.121745 0.10748 0.077138 0.0454223 0.0227974 0.0113207 0.00789096 0.00881861 0.0118037 0.015748 0.0200542 0.0242094 0.027684 0.0299897 0.0307845 0.0299547 0.0276445 0.0242159 0.0201572 0.0159704 0.0120724 0.0087367 0.00608221 0.00409971 0.00269777 0.00174969
 1.00463e-16 3.03477e-05 0.000178103 0.000846594 0.00325938 0.010164 0.0256737 0.0525327 0.0870823 0.11696 0.127302 0.112355 0.0805688 0.0473055 0.0234893 0.0112486 0.00731748 0.00782359 0.010365 0.0138213 0.0176249 0.02132 0.0244449 0.0265732 0.0274024 0.0268255 0.0249566 0.0220977 0.0186611 0.0150732 0.0116906 0.00875053 0.0063611 0.00452334 0.00316955 0.0022021
 1.00521e-16 3.2071e-05 0.000188224 0.00089472 0.0034447 0.010742 0.0271334 0.055519 0.0920308 0.123601 0.134517 0.118689 0.0850388 0.0497847 0.0244508 0.011261 0.00673934 0.00677692 0.00883656 0.0117613 0.0150076 0.0181763 0.0208746 0.0227407 0.0235165 0.0231074 0.0216043 0.0192561 0.0164048 0.0134056 0.0105565 0.008057 0.00600011 0.00439072 0.00317724 0.00228345
 1.00674e-16 2.82848e-05 0.000165989 0.000788992 0.00303759 0.00947238 0.0239267 0.0489584 0.0811589 0.109009 0.118662 0.104761 0.0751937 0.0442907 0.0222547 0.0110943 0.00779112 0.00875392 0.011746 0.0157013 0.0200403 0.0242636 0.0278515 0.0303218 0.03133 0.0307518 0.0287113 0.0255446 0.0217122 0.0176914 0.0138818 0.0105502 0.00781967 0.00569422 0.00410187 0.00293771
 1.00695e-16 3.26554e-05 0.000191657 0.000911045 0.00350756 0.010938 0.0276286 0.056532 0.0937092 0.125852 0.136961 0.12083 0.0865396 0.0505964 0.0247251 0.011179 0.00640809 0.00622248 0.0080412 0.0107013 0.0136784 0.0166071 0.0191334 0.0209305 0.0217619 0.0215352 0.020322 0.0183342 0.0158678 0.0132322 0.0106889 0.00841574 0.00649947 0.00495186 0.0037368 0.00279725
 1.00759e-16 2.87341e-05 0.000168628 0.000801543 0.00308592 0.00962309 0.0243073 0.0497372 0.0824494 0.110741 0.120543 0.106411 0.0763553 0.0449294 0.0224915 0.0110742 0.00760362 0.00842652 0.0112714 0.0150641 0.0192345 0.0233015 0.0267678 0.0291717 0.0301826 0.0296794 0.027778 0.0247959 0.02117 0.0173531 0.0137248 0.0105388 0.00791291 0.00585239 0.00429114 0.0031323
 1.00673e-16 3.33687e-05 0.000195847 0.000930964 0.00358426 0.0111772 0.0282327 0.057768 0.0957574 0.128601 0.139948 0.123455 0.0883954 0.0516332 0.025142 0.0112156 0.00621804 0.00586185 0.00750927 0.00997977 0.0127551 0.0154875 0.0178463 0.0195266 0.0203081 0.0201042 0.0189815 0.017137 0.0148459 0.0123959 0.0100304 0.00791447 0.00612889 0.00468457 0.00354808 0.00266665
 1.00737e-16 3.04603e-05 0.000178765 0.000849745 0.00327152 0.0102019 0.0257693 0.0527282 0.0874059 0.117393 0.12777 0.112759 0.0808398 0.0474267 0.0234796 0.0111284 0.00708993 0.00747469 0.0098747 0.013176 0.0168274 0.0203974 0.0234503 0.0255828 0.0265054 0.0261102 0.0244952 0.0219338 0.0188033 0.0154953 0.012339 0.00955482 0.00724618 0.00541991 0.00402138 0.00296956
 1.0134e-16 2.54109e-05 0.000149114 0.00070876 0.00272867 0.00850901 0.0214933 0.0439799 0.0729078 0.0979323 0.10662 0.0941661 0.067668 0.0400177 0.0204043 0.0106622 0.0081105 0.0095477 0.0129728 0.0174111 0.0222952 0.0271006 0.0312668 0.0342655 0.0357111 0.0354487 0.0335877 0.0304633 0.0265467 0.0223317 0.0182368 0.0145476 0.0114058 0.00883437 0.00678134 0.00516201
 1.01012e-16 3.35573e-05 0.000196956 0.000936242 0.00360459 0.0112406 0.0283928 0.0580954 0.0962995 0.129327 0.140733 0.124136 0.0888574 0.0518518 0.0251531 0.01106 0.00590858 0.00538354 0.006836 0.0090928 0.011658 0.0142165 0.0164732 0.0181546 0.019058 0.0190957 0.0183123 0.0168659 0.0149843 0.0129084 0.0108445 0.00893562 0.00725668 0.00582697 0.00463107 0.00363875
 1.00514e-16 3.44228e-05 0.000202036 0.000960393 0.00369757 0.0115305 0.0291253 0.0595942 0.0987839 0.132664 0.144365 0.12734 0.091154 0.0531971 0.0258145 0.0113636 0.00608413 0.00554539 0.00702317 0.00930375 0.0118655 0.0143716 0.016508 0.0179891 0.0186113 0.0183005 0.0171291 0.0152937 0.0130639 0.010719 0.00849273 0.0065404 0.00493323 0.00367314 0.00271809 0.00200753
 1.01805e-16 9.32031e-06 5.46157e-05 0.000259435 0.000998532 0.00311356 0.00786534 0.0160986 0.0267046 0.0359219 0.0392442 0.0349824 0.0258405 0.0166924 0.0111122 0.0100221 0.0126878 0.0181086 0.0255594 0.0344464 0.0440418 0.0533829 0.0613589 0.066917 0.0692997 0.0682252 0.0639521 0.0571988 0.0489569 0.0402558 0.0319607 0.0246517 0.0186012 0.0138273 0.0101858 0.0074623
 1.08535e-16 9.88014e-06 5.79398e-05 0.000275321 0.00105984 0.00330484 0.00834798 0.0170831 0.0283249 0.0380635 0.0414836 0.0367416 0.0266297 0.0162092 0.00912743 0.00619921 0.00650383 0.00892106 0.0127776 0.0177532 0.0236158 0.0300657 0.0367036 0.0430717 0.0487224 0.0532812 0.0564884 0.058207 0.0584079 0.0571444 0.054532 0.0507394 0.0459882 0.0405504 0.0347369 0.0288714
 1.03947e-16 2.01723e-05 0.000118354 0.000562514 0.00216557 0.00675299 0.0170578 0.0349049 0.0578676 0.0777414 0.0846684 0.0748511 0.0539463 0.0322209 0.0170162 0.00984624 0.00864259 0.0109091 0.0150693 0.0203104 0.026083 0.0318179 0.036887 0.0406933 0.0427991 0.0430243 0.0414825 0.0385347 0.0346866 0.0304598 0.0262851 0.0224419 0.0190538 0.0161238 0.0135883 0.0113669
pSPR Fmed_Fpbrs
0.554149   0.6 0.325
Fs Fmed_Fpbrs
0.64   0.520621 1.95291
SSBpbr Bo_Bmed_Bpbrs
483640  243827  266002 133001
Ro
18033.7
SPR SPRFo_SPRFmed_SPRFpbrs
372473 206406 121054
log_Ro
9.62
likeval ReclasPelacesDesembMPH_pf_preclas_ppelaces_ptallas_desvR_qrecl_qpela
 0.00191769 11.998 0.251003 15.6717 346.173 214.681 58.0882 0 52.8827 1.46003e-05 0.000180191 3.51368e-12 0 0 0
q_reclas_q_pelaces
1.71851 6.7515
M
0.7
N
 9977.22 20509 5819.28 757.763 0.118532
 39266.8 4767.72 7202.9 1587.61 201.882
 1821.63 18299.7 1336.01 1329.9 317.533
 3951.31 748.076 1640.14 34.3627 37.6041
 33053.9 1528.94 39.2249 16.6948 0.624498
 14718.8 15692.2 506.241 9.66448 4.14932
 82477.2 5797.7 966.009 6.80058 0.16029
 37988.3 35069.1 710.925 42.722 0.27949
 86282.9 16754.4 5979.71 55.6013 3.12391
 134642 35979.3 1723.58 195.199 1.71912
 54224 61340.2 8217.34 223.44 24.195
 48758.3 24216.5 11709.3 781.222 22.0318
 64770.9 22004.4 5079.43 1310.16 84.6794
 24840.5 27483.3 2648.22 217.49 54.1417
 10716.9 10139.4 2332.25 61.9725 5.61955
 10130.1 4354.98 826.587 50.9194 1.30199
 6892.85 4481.83 763.853 67.8833 3.99109
 8955.25 3051.31 790.141 63.2897 5.5433
 8301.48 4026.33 618.737 83.3887 6.82715
 12520.7 3805.94 973.424 88.5054 12.2768
 18037.1 5647.99 795.091 108.161 10.5447
 16888 8575.6 1895 200.436 29.1223
 34914 7984.86 2736.99 438.162 51.4728
 72394.8 16141 2081.24 445.874 76.275
 13184.1 33763.9 4553.63 388.774 93.7756
 6804.01 6315.15 12114.4 1289.11 133.546
 803.359 3248.91 2202.88 3266.39 374.309
pred_Ctot
 271.159 4404.72 1951.22 261.745 0.041008
 1743.62 1543.46 3439.5 777.116 98.9485
 229.17 11824.9 1052.73 1058.77 252.933
 636.469 540.546 1375.72 29.0355 31.7866
 1048.17 375.024 14.7892 6.47549 0.242593
 2218.31 11028.5 418.325 8.05087 3.458
 8603.55 3390.09 716.036 5.10626 0.120437
 3076.74 17578.3 475.315 29.0418 0.19016
 10046.3 10404.4 4601.28 43.2725 2.43268
 8035.78 14601.9 986.147 114.051 1.00556
 3949.23 28652.3 5224.07 144.653 15.6787
 3215.77 10560.1 7075.59 481.407 13.5906
 6840.78 12957 3781.78 987.941 63.8962
 3216.47 18013.9 2104.12 174.529 43.4696
 1416.5 6712.38 1863.76 50.0046 4.53662
 799.858 2147 546.226 34.225 0.875909
 541.702 2202.74 503.669 45.5309 2.67933
 612.798 1365.42 486.746 39.7384 3.48405
 460.415 1547.73 339.365 46.7529 3.83219
 829.472 1664.88 589.6 54.6645 7.5905
 553.645 1347.4 292.571 40.9569 3.99901
 583.039 2259.98 760.449 82.6769 12.0301
 1740.4 2830.16 1407.28 230.612 27.1247
 3177.79 5177.59 986.31 216.628 37.1074
 336.547 6864.48 1453.73 127.925 30.9064
 188.487 1379.05 4122.59 451.854 46.884
 154.552 2507.08 1911.84 2850.99 326.804
F
 0.0384363 0.346383 0.598944 0.622846 0.624157
 0.0634919 0.572181 0.989381 1.02886 1.03103
 0.189983 1.71211 2.96047 3.07861 3.08509
 0.24947 2.24819 3.88744 4.04257 4.05108
 0.0449762 0.405319 0.700854 0.728823 0.730357
 0.231666 2.08775 3.61 3.75407 3.76197
 0.155201 1.39865 2.41846 2.51497 2.52027
 0.118616 1.06895 1.84836 1.92212 1.92617
 0.174687 1.57426 2.72211 2.83074 2.8367
 0.086186 0.776697 1.34302 1.39661 1.39955
 0.106088 0.95605 1.65314 1.71912 1.72273
 0.0956336 0.861838 1.49024 1.54971 1.55297
 0.157276 1.41735 2.4508 2.5486 2.55397
 0.196047 1.76675 3.05495 3.17687 3.18356
 0.2005 1.80688 3.12434 3.24903 3.25587
 0.115481 1.0407 1.79952 1.87133 1.87527
 0.114912 1.03558 1.79065 1.86211 1.86603
 0.0993852 0.895647 1.5487 1.6105 1.61389
 0.0798713 0.71979 1.24462 1.29429 1.29701
 0.0960801 0.865861 1.49719 1.55694 1.56022
 0.0435069 0.392079 0.677959 0.705015 0.706499
 0.0490534 0.442063 0.764388 0.794893 0.796566
 0.0715262 0.644585 1.11458 1.15906 1.1615
 0.0627435 0.565436 0.977718 1.01674 1.01888
 0.0360635 0.325 0.56197 0.584397 0.585627
 0.0391911 0.353185 0.610706 0.635078 0.636414
 0.304977 2.74842 4.7524 4.94205 4.95245
Np
 11095.9 5336.23 109.392 31.1286 3.61185
YTP_r0W_actual
 149.738 12874.9 20125.3 39314.3 5007.85
YTP_p0W_proyectada
 2068.17 1165.36 943.756 113.639 155.489
 2068.17 21146.6 999.388 374.664 48.3226
CTP_r0_actual
 18.2608 596.061 640.932 980.406 112.536
CTP_p0_proyectada
 252.216 53.9518 30.0559 2.8339 3.49413
 252.216 979.01 31.8276 9.34324 1.0859
Wmedp
 8.2 21.6 31.4 40.1 44.5
nmprior
 10.8 10.6 4.6 0
nm_flota  nm_reclas  nm_pelaces    nm_pelaL
inf 18.1565 16.4423 50.3905
cv_recla  cv_pelaces  cv_mph
1.26415 0.379442 0.529011
 ------------------------------------------------
Talla a la edad & desviaci?n 
 7.2 14.2025 17.0495 18.207 18.6776
 1.08 2.13037 2.55742 2.73105 2.80164
