years
 1997 1998 1999 2000 2001 2002 2003 2004 2005 2006 2007 2008 2009 2010 2011 2012 2013 2014 2015 2016 2017 2018 2019 2020 2021 2022 2023
reclasobs
 0 0 0 370054 412103 1.49427e+06 250295 1.28982e+06 931140 785840 897777 1.04006e+06 184774 17550 25797 100020 73551 82996 120727 218422 84188 347160 605670 569463 516374 1.08416e+06 1.01767e+06
reclaspred
 2.63217e+06 348470 310817 31156.2 203586 165016 919150 652264 777304 1.23187e+06 1.10107e+06 738656 558525 291595 153468 117656 111639 135989 139847 169776 278674 244185 377367 710978 942303 613838 41794.6
pelacesobs
 0 0 0 0 0 0 0 0 0 2.06254e+06 1.5e+06 0 1.87456e+06 323000 250000 174000 83755 137374 0 501740 490994 745055 786931 1.00524e+06 1.33801e+06 1.41789e+06 0
pelacespred
 4.32129e+06 1.54683e+06 258529 47725.4 374397 171843 2.08933e+06 1.28488e+06 1.51342e+06 2.4231e+06 1.88831e+06 1.34171e+06 1.0304e+06 432319 216471 183385 175239 225442 227528 268156 544563 457955 547102 1.15877e+06 1.60255e+06 1.1891e+06 28233.4
mphobs
 0 0 0 0 0 0 112323 0 153150 637223 0 255016 313432 73983 77613 109348 50772 17779 17303 59886 28197 0 207744 136588 643089 65757 70829
mphpred
 867811 358646 144416 25141.9 24144.8 95299.8 150188 351563 238847 362198 521817 328619 205208 158825 67744 40842.7 33719.2 38249.7 40015.3 36797.1 61091.1 82187.7 81785.2 138353 262130 203364 45765.9
desembarqueobs
 350755 77701 442110 56441 14545 235359 269955 359681 431902 328805 639364 411747 362871 311530 167758 66681 60226 58785 57116 73181 50977 67692 138656 160484 209506 203330 245020
desembarquepred
 350739 77672.6 441386 56386.9 14540.6 234885 269665 359188 431065 328452 638230 410998 362040 311116 167505 66634.1 60181.8 58701 57025.2 73074.8 50951.3 67626.9 138514 160347 209336 203057 244284
Reclutas
 9377.09 16402.4 1525.59 3555.58 33038.4 13684 83938.5 36313.8 86146 137688 52798.7 47220 66800.1 24887.7 10748.2 10161.4 6866.24 8925.53 8250.47 12625.1 18039.4 16636.6 34840.7 75385.2 12380.2 6154.91 686.381
log_desv_Rt
 -0.593975 -0.0348192 -2.40986 -1.56373 0.665426 -0.216014 1.59784 0.759954 1.6238 2.09275 1.13424 1.02257 1.36946 0.382129 -0.457505 -0.513645 -0.905628 -0.643329 -0.721975 -0.296559 0.0603135 -0.0206413 0.718543 1.49037 -0.316147 -1.015 -3.20857
SSB
 1.20514e+06 498056 200552 34914.7 33530.1 132344 200026 479884 317391 489397 724652 456356 297955 235225 105983 65263.8 57840.2 61444 75243.3 75551 113524 147805 153749 242598 512984 419066 101053
BT
 1.64988e+06 619803 323974 84289.6 191085 244266 1.24464e+06 882217 1.1e+06 1.36463e+06 1.26918e+06 893548 800702 458778 226987 127978 120339 141506 133582 169088 263955 223297 313261 612062 687260 542019 235235
Ftot
 0.294572 0.432416 2.21417 3.82226 0.696419 3.65291 2.40611 1.81641 2.73334 1.32414 1.61537 1.49159 2.4825 2.99189 3.05399 1.77477 1.76868 1.54074 1.24713 1.50368 0.672751 0.765897 1.12807 0.963941 0.544226 0.609624 4.95303
BD_Bspro_t
 0.967174 0.775804 0.471574 0.0802812 0.145095 0.428452 0.379691 0.521669 0.369287 0.438229 0.500594 0.321876 0.240482 0.224327 0.126961 0.0990658 0.121072 0.177982 0.256535 0.305393 0.427608 0.555003 0.519974 0.562965 0.665406 0.542576 0.196685
BD_Bspro
 3.43557 1.41984 0.571728 0.099534 0.0955868 0.377282 0.57023 1.36804 0.904811 1.39516 2.06582 1.30097 0.849404 0.670574 0.302132 0.186052 0.164889 0.175163 0.214502 0.215379 0.323632 0.421359 0.438303 0.691591 1.4624 1.19466 0.288081
BD_Bo
 2.16741 0.89574 0.360687 0.0627932 0.060303 0.238017 0.359742 0.863058 0.57082 0.880167 1.30327 0.820744 0.535865 0.423046 0.190607 0.117375 0.104024 0.110505 0.135323 0.135876 0.204171 0.265824 0.276513 0.436305 0.922587 0.75368 0.181742
BD_Brms
 3.94074 1.62862 0.655795 0.114169 0.109642 0.432757 0.654076 1.5692 1.03785 1.6003 2.36958 1.49226 0.9743 0.769175 0.346558 0.213409 0.189135 0.200919 0.246042 0.247048 0.371219 0.483316 0.502751 0.793282 1.67743 1.37033 0.33044
S_f
 0.0694993 0.586626 0.964239 0.998052 0.999897
 0.0694993 0.586626 0.964239 0.998052 0.999897
 0.0694993 0.586626 0.964239 0.998052 0.999897
 0.0694993 0.586626 0.964239 0.998052 0.999897
 0.0694993 0.586626 0.964239 0.998052 0.999897
 0.0694993 0.586626 0.964239 0.998052 0.999897
 0.0694993 0.586626 0.964239 0.998052 0.999897
 0.0694993 0.586626 0.964239 0.998052 0.999897
 0.0694993 0.586626 0.964239 0.998052 0.999897
 0.0694993 0.586626 0.964239 0.998052 0.999897
 0.0694993 0.586626 0.964239 0.998052 0.999897
 0.0694993 0.586626 0.964239 0.998052 0.999897
 0.0694993 0.586626 0.964239 0.998052 0.999897
 0.0694993 0.586626 0.964239 0.998052 0.999897
 0.0694993 0.586626 0.964239 0.998052 0.999897
 0.0694993 0.586626 0.964239 0.998052 0.999897
 0.0694993 0.586626 0.964239 0.998052 0.999897
 0.0694993 0.586626 0.964239 0.998052 0.999897
 0.0694993 0.586626 0.964239 0.998052 0.999897
 0.0694993 0.586626 0.964239 0.998052 0.999897
 0.0694993 0.586626 0.964239 0.998052 0.999897
 0.0694993 0.586626 0.964239 0.998052 0.999897
 0.0694993 0.586626 0.964239 0.998052 0.999897
 0.0694993 0.586626 0.964239 0.998052 0.999897
 0.0694993 0.586626 0.964239 0.998052 0.999897
 0.0694993 0.586626 0.964239 0.998052 0.999897
 0.0694993 0.586626 0.964239 0.998052 0.999897
Scru_reclas
 0.590986 0.879105 0.973401 0.9946 0.998922
 0.590986 0.879105 0.973401 0.9946 0.998922
 0.590986 0.879105 0.973401 0.9946 0.998922
 0.590986 0.879105 0.973401 0.9946 0.998922
 0.590986 0.879105 0.973401 0.9946 0.998922
 0.590986 0.879105 0.973401 0.9946 0.998922
 0.590986 0.879105 0.973401 0.9946 0.998922
 0.590986 0.879105 0.973401 0.9946 0.998922
 0.590986 0.879105 0.973401 0.9946 0.998922
 0.590986 0.879105 0.973401 0.9946 0.998922
 0.590986 0.879105 0.973401 0.9946 0.998922
 0.590986 0.879105 0.973401 0.9946 0.998922
 0.590986 0.879105 0.973401 0.9946 0.998922
 0.590986 0.879105 0.973401 0.9946 0.998922
 0.590986 0.879105 0.973401 0.9946 0.998922
 0.590986 0.879105 0.973401 0.9946 0.998922
 0.590986 0.879105 0.973401 0.9946 0.998922
 0.590986 0.879105 0.973401 0.9946 0.998922
 0.590986 0.879105 0.973401 0.9946 0.998922
 0.590986 0.879105 0.973401 0.9946 0.998922
 0.590986 0.879105 0.973401 0.9946 0.998922
 0.590986 0.879105 0.973401 0.9946 0.998922
 0.590986 0.879105 0.973401 0.9946 0.998922
 0.590986 0.879105 0.973401 0.9946 0.998922
 0.590986 0.879105 0.973401 0.9946 0.998922
 0.590986 0.879105 0.973401 0.9946 0.998922
 0.590986 0.879105 0.973401 0.9946 0.998922
Scru_pelaces
 0.550261 0.860286 0.968739 0.993629 0.998727
 0.550261 0.860286 0.968739 0.993629 0.998727
 0.550261 0.860286 0.968739 0.993629 0.998727
 0.550261 0.860286 0.968739 0.993629 0.998727
 0.550261 0.860286 0.968739 0.993629 0.998727
 0.550261 0.860286 0.968739 0.993629 0.998727
 0.550261 0.860286 0.968739 0.993629 0.998727
 0.550261 0.860286 0.968739 0.993629 0.998727
 0.550261 0.860286 0.968739 0.993629 0.998727
 0.550261 0.860286 0.968739 0.993629 0.998727
 0.550261 0.860286 0.968739 0.993629 0.998727
 0.550261 0.860286 0.968739 0.993629 0.998727
 0.550261 0.860286 0.968739 0.993629 0.998727
 0.550261 0.860286 0.968739 0.993629 0.998727
 0.550261 0.860286 0.968739 0.993629 0.998727
 0.550261 0.860286 0.968739 0.993629 0.998727
 0.550261 0.860286 0.968739 0.993629 0.998727
 0.550261 0.860286 0.968739 0.993629 0.998727
 0.550261 0.860286 0.968739 0.993629 0.998727
 0.550261 0.860286 0.968739 0.993629 0.998727
 0.550261 0.860286 0.968739 0.993629 0.998727
 0.550261 0.860286 0.968739 0.993629 0.998727
 0.550261 0.860286 0.968739 0.993629 0.998727
 0.550261 0.860286 0.968739 0.993629 0.998727
 0.550261 0.860286 0.968739 0.993629 0.998727
 0.550261 0.860286 0.968739 0.993629 0.998727
 0.550261 0.860286 0.968739 0.993629 0.998727
pf_obs 
 0.256992 0.487395 0.22802 0.0275931 0
 0.321318 0.546541 0.124235 0.00734118 0.000564706
 0.182869 0.594174 0.210203 0.0122559 0.00049798
 0.330522 0.361315 0.267642 0.0388342 0.00168674
 0.649043 0.306663 0.0425973 0.00169635 0
 0.582887 0.30429 0.105238 0.00758474 0
 0.465427 0.430635 0.0974691 0.00646863 0
 0.296916 0.608066 0.0921331 0.00288517 0
 0.311714 0.524322 0.152257 0.0117073 0
 0.15457 0.633149 0.183074 0.0267441 0.00246327
 0.131901 0.49318 0.331252 0.0422183 0.00144891
 0.196976 0.569456 0.194076 0.0375587 0.00193317
 0.518974 0.381816 0.0799577 0.0180837 0.00116848
 0.0928022 0.601141 0.25162 0.0475244 0.00691264
 0.122501 0.610282 0.24278 0.0234846 0.000952079
 0.383417 0.481906 0.127806 0.00687128 0
 0.0376549 0.599619 0.316969 0.0457579 0
 0.0361596 0.667082 0.258105 0.0386534 0
 0.158088 0.579412 0.248529 0.0139706 0
 0.0477256 0.309471 0.559284 0.082774 0.000745712
 0.0406174 0.521527 0.379366 0.0568643 0.0016247
 0.151134 0.462217 0.34131 0.0453401 0
 0.294876 0.26143 0.354403 0.0886775 0.000613685
 0.281977 0.475581 0.204845 0.0348837 0.00271318
 0.0841818 0.532909 0.334909 0.0458182 0.00218182
 0.115287 0.27431 0.454777 0.147771 0.00785563
 0 0 0 0 0
pf_pred 
 0.0201414 0.646583 0.294843 0.0384294 3.06978e-06
 0.0555498 0.118441 0.634761 0.169938 0.0213097
 0.0148033 0.416331 0.116841 0.350761 0.101264
 0.257194 0.199096 0.377371 0.0366289 0.12971
 0.760938 0.225928 0.00846178 0.00337885 0.00129396
 0.16327 0.809148 0.0267811 0.000524907 0.000275946
 0.713551 0.235482 0.0505888 0.000368356 9.64629e-06
 0.147111 0.831844 0.0196471 0.00138915 9.46218e-06
 0.426002 0.391488 0.180736 0.00166452 0.000109796
 0.362899 0.595367 0.0366388 0.00505006 4.47634e-05
 0.106332 0.75881 0.130766 0.00362037 0.000472692
 0.157665 0.483866 0.333851 0.0239209 0.000697509
 0.307228 0.504436 0.14318 0.0422454 0.00291147
 0.142998 0.767098 0.0805057 0.00730345 0.00209404
 0.148712 0.657968 0.187404 0.00535659 0.000559362
 0.23978 0.59763 0.150728 0.011536 0.000325525
 0.17375 0.662968 0.147452 0.014752 0.00107713
 0.258932 0.535934 0.186937 0.0165489 0.00164848
 0.204345 0.639261 0.134606 0.0199717 0.00181506
 0.283194 0.519929 0.177125 0.0171423 0.00260968
 0.261932 0.597134 0.121223 0.0178509 0.00186057
 0.166424 0.610752 0.197967 0.0215188 0.0033375
 0.298359 0.445084 0.215733 0.0364669 0.00435669
 0.358794 0.522079 0.0936372 0.021629 0.00386173
 0.037384 0.791123 0.154126 0.0138062 0.0035607
 0.0298586 0.211932 0.677355 0.0729894 0.00786559
 0.0192491 0.301508 0.234393 0.399364 0.0454861
pobs_RECLAS
 0 0 0 0 0
 0 0 0 0 0
 0 0 0 0 0
 0 0 0 0 0
 0.835266 0.146461 0.0176864 0.000547809 3.91292e-05
 0.385257 0.428462 0.181853 0.0044286 0
 0.867414 0.0963971 0.0333333 0.00285562 0
 0.441836 0.489002 0.0689373 0.000224442 0
 0.779404 0.147425 0.0564933 0.0165055 0.000172143
 0.814271 0.122319 0.05973 0.00367925 0
 0.40263 0.566651 0.0304383 0.000280538 0
 0.475488 0.404961 0.113038 0.00651328 0
 0.955842 0.0263864 0.0167828 0.000988607 0
 0.975058 0.0227948 0.00214734 0 0
 0.738997 0.206755 0.0527124 0.00153531 0
 0.850938 0.134255 0.0134407 0.00136685 0
 0.542534 0.407297 0.0501686 0 0
 0.764087 0.199537 0.0359546 0.000420521 0
 0.470689 0.182191 0.310203 0.0369168 0
 0.84361 0.089868 0.0606195 0.00523954 0.000663233
 0.607945 0.314616 0.071237 0.00620181 0
 0.523733 0.453247 0.0230204 0 0
 0.530135 0.295979 0.169645 0.0042399 0
 0.562478 0.366248 0.0663022 0.0049721 0
 0.250443 0.683176 0.0655157 0.000865301 0
 0.195077 0.31981 0.436473 0.0351445 0.0134964
 0.565238 0.351407 0.0832357 0.000118908 0
ppred_RECLAS
 0.117282 0.656908 0.200085 0.0257231 2.05982e-06
 0.324813 0.120172 0.427887 0.112931 0.0141955
 0.114907 0.499557 0.0809897 0.236236 0.0683107
 0.813999 0.0823314 0.0730367 0.00674326 0.0238897
 0.949813 0.0483523 0.00118804 0.000467069 0.000179288
 0.598245 0.395299 0.0062771 0.000117314 6.17085e-05
 0.946715 0.0474773 0.00576541 4.06979e-05 1.06736e-06
 0.521683 0.471152 0.00670017 0.000462279 3.15463e-06
 0.854951 0.115738 0.029035 0.000258192 1.70526e-05
 0.77922 0.211478 0.0081861 0.00110606 9.82465e-06
 0.437983 0.506789 0.0535884 0.00145061 0.00018977
 0.577243 0.289776 0.124028 0.00869883 0.000254163
 0.769713 0.190699 0.030324 0.00866592 0.0005981
 0.550359 0.423642 0.0233729 0.00204046 0.000585675
 0.578947 0.365175 0.0542318 0.00149046 0.000155803
 0.682626 0.272615 0.0415653 0.00310555 8.77977e-05
 0.587342 0.359259 0.0483326 0.00472078 0.000345339
 0.705707 0.238105 0.051301 0.00444349 0.000443513
 0.624853 0.32497 0.0433013 0.00630187 0.000573949
 0.729756 0.218971 0.0462271 0.00437882 0.00066796
 0.688769 0.269534 0.0359412 0.00521161 0.000544475
 0.562968 0.353012 0.0747771 0.00799957 0.00124359
 0.745432 0.18623 0.0576288 0.00956401 0.00114511
 0.77995 0.191882 0.0222202 0.00504506 0.000902795
 0.193152 0.705844 0.0909062 0.00802375 0.00207432
 0.196135 0.239682 0.504814 0.0535822 0.0057879
 0.234916 0.414418 0.12639 0.201354 0.0229221
pobs_PELACES
 0 0 0 0 0
 0 0 0 0 0
 0 0 0 0 0
 0 0 0 0 0
 0 0 0 0 0
 0 0 0 0 0
 0 0 0 0 0
 0 0 0 0 0
 0 0 0 0 0
 0 0 0 0 0
 0.450072 0.473896 0.0757376 0.000293798 0
 0 0 0 0 0
 0.463077 0.371075 0.160297 0.00555027 0
 0.529543 0.364841 0.0842815 0.0213345 0
 0.631943 0.363953 0.00410389 0 0
 0.735681 0.248677 0.0153453 0.000297389 0
 0.695825 0.281241 0.0229344 0 0
 0.275771 0.60734 0.115278 0.00161068 0
 0 0 0 0 0
 0.896147 0.0623911 0.0374545 0.00400742 0
 0.803859 0.145111 0.0509908 3.86294e-05 0
 0.739449 0.233085 0.0266225 0.000797448 4.60066e-05
 0.878498 0.100942 0.0204185 0.000141795 0
 0.694673 0.275183 0.0284847 0.00165964 0
 0.469039 0.446079 0.0841089 0.000773354 0
 0.822795 0.102175 0.0682046 0.00682512 0
 0 0 0 0 0
ppred_PELACES
 0.117857 0.659791 0.197009 0.0253414 2.03047e-06
 0.336891 0.121681 0.417503 0.11008 0.0138443
 0.167616 0.524888 0.0656744 0.187604 0.0542176
 0.910004 0.0503867 0.0282325 0.00250736 0.00886925
 0.953119 0.0452817 0.00103743 0.000406253 0.000155999
 0.726612 0.27054 0.00277133 4.99159e-05 2.62184e-05
 0.963224 0.0336729 0.00308122 2.12552e-05 5.57069e-07
 0.58658 0.408388 0.00470988 0.000319659 2.18067e-06
 0.904497 0.0807192 0.0146491 0.000126837 8.36973e-06
 0.80895 0.184077 0.0061442 0.000821126 7.29354e-06
 0.498319 0.460011 0.0404487 0.00107949 0.000141191
 0.637988 0.260964 0.0943254 0.00653135 0.000190809
 0.835606 0.142445 0.0169063 0.00471745 0.000325349
 0.663856 0.322329 0.0124568 0.00105581 0.000302736
 0.69662 0.274238 0.0283085 0.000754822 7.88191e-05
 0.739913 0.229416 0.0285148 0.00209671 5.92589e-05
 0.65234 0.310112 0.0340366 0.00327197 0.000239284
 0.753829 0.205513 0.0371644 0.00317629 0.000316982
 0.666164 0.294326 0.0341433 0.00491917 0.000448029
 0.77393 0.188833 0.0336144 0.00314312 0.000479397
 0.704371 0.25828 0.0322089 0.00465325 0.000486322
 0.586348 0.339085 0.0663975 0.00706967 0.00109938
 0.777164 0.16833 0.0460271 0.00757196 0.00090669
 0.801059 0.175712 0.0183511 0.0041378 0.000740588
 0.200964 0.703404 0.0860895 0.00758154 0.00196088
 0.211649 0.244977 0.486344 0.0514683 0.00556184
 0.464257 0.369666 0.061851 0.0935949 0.0106311
pobs_pel_tallas
 0 0 0 0 0 0 0 0 0 0 0 0 0 0 0 0 0 0 0 0 0 0 0 0 0 0 0 0 0 0 0 0 0 0 0 0
 0 0 0 0 0 0 0 0 0 0 0 0 0 0 0 0 0 0 0 0 0 0 0 0 0 0 0 0 0 0 0 0 0 0 0 0
 0 0 0 0 0 0 0 0 0 0 0 0 0 0 0 0 0 0 0 0 0 0 0 0 0 0 0 0 0 0 0 0 0 0 0 0
 0 0 0 0 0 0 0 0 0 0 0 0 0 0 0 0 0 0 0 0 0 0 0 0 0 0 0 0 0 0 0 0 0 0 0 0
 0 0 0 0 0 0 0 0 0 0 0 0 0 0 0 0 0 0 0 0 0 0 0 0 0 0 0 0 0 0 0 0 0 0 0 0
 0 0 0 0 0 0 0 0 0 0 0 0 0 0 0 0 0 0 0 0 0 0 0 0 0 0 0 0 0 0 0 0 0 0 0 0
 0 0 0 0 0 0 0 0 0 0 0 0 0 0 0 0 0 0 0 0 0 0 0 0 0 0 0 0 0 0 0 0 0 0 0 0
 0 0 0 0 0 0 0 0 0 0 0 0 0 0 0 0 0 0 0 0 0 0 0 0 0 0 0 0 0 0 0 0 0 0 0 0
 0 0 0 0 0 0 0 0 0 0 0 0 0 0 0 0 0 0 0 0 0 0 0 0 0 0 0 0 0 0 0 0 0 0 0 0
 0 0 0 0 0 0 0 0 0 0 0 0 0 0 0 0 0 0 0 0 0 0 0 0 0 0 0 0 0 0 0 0 0 0 0 0
 0 0 0 0 0 0 0 0 1.78061e-05 0.00172719 0.00360574 0.0105946 0.0120993 0.0124554 0.0147524 0.0171206 0.0266825 0.0428682 0.0675386 0.121331 0.153587 0.119568 0.100827 0.0573624 0.0630603 0.0341343 0.0324427 0.0444173 0.0211091 0.0280891 0.0125444 0.00206551 0 0 0 0
 0 0 0 0 0 0 0 0 0 0 0 0 0 0 0 0 0 0 0 0 0 0 0 0 0 0 0 0 0 0 0 0 0 0 0 0
 0 0 0 0 0 0 0.0133647 0.0140871 0.0187388 0.0205184 0.03894 0.0496705 0.03968 0.0493445 0.0407372 0.0367815 0.0215668 0.0243155 0.0234873 0.0199281 0.019796 0.0243948 0.0301388 0.0376714 0.0412746 0.0863199 0.0771752 0.113111 0.0741005 0.0525337 0.0229764 0.00759418 0.00175318 0 0 0
 0 0 0 0 0 0 0 0 0 0 0.00219441 0.00772107 0.0458388 0.0604681 0.0671733 0.0775358 0.0609151 0.0617685 0.073594 0.0568108 0.0755445 0.0548602 0.0670107 0.0636378 0.0643287 0.046367 0.0373049 0.0286899 0.0247887 0.0153202 0.00654259 0.00121912 0.000365735 0 0 0
 0 0 0 0 0 0 0 0 0 0 0 0 0.000112435 0.00938835 0.0111873 0.0202946 0.0414886 0.0713402 0.111592 0.104902 0.108894 0.110636 0.117776 0.105296 0.107544 0.0401394 0.0192827 0.0124803 0.00416011 0.0028671 0.000618394 0 0 0 0 0
 0 0 0 0 0 0 0 0 0 0 0.00291406 0.0102884 0.027416 0.0768956 0.0749926 0.110853 0.0956884 0.0897413 0.0766577 0.0534642 0.0500743 0.0551293 0.0594112 0.0620874 0.0668451 0.0424026 0.0208742 0.0120726 0.0048766 0.00582813 0.00118941 0.000297354 0 0 0 0
 0 0.00264628 0.0354308 0.0461629 0.0458689 0.0383711 0.0214643 0.0164657 0.0346957 0.0420465 0.0363128 0.0245516 0.0311673 0.0291091 0.0169068 0.0133784 0.00837989 0.0085269 0.0148486 0.0160247 0.0276389 0.0546898 0.0760071 0.122758 0.109233 0.0665981 0.0333725 0.0166128 0.00676272 0.00308733 0.000882094 0 0 0 0 0
 0 0 0 0 0 0 0 0.000805153 0.000690131 0.00759144 0.0133425 0.0154129 0.00931677 0.000345066 0.00356568 0.00563607 0.00851162 0.0253048 0.0502646 0.0516448 0.0657925 0.0565908 0.0611916 0.0827007 0.0866115 0.110766 0.145733 0.0935128 0.0569358 0.0249597 0.0138026 0.00621118 0.00161031 0.00115022 0 0
 0 0 0 0 0 0 0 0 0 0 0 0 0 0 0 0 0 0 0 0 0 0 0 0 0 0 0 0 0 0 0 0 0 0 0 0
 0.00147267 0.00158595 0.00478618 0.00569244 0.00954404 0.0108468 0.00647125 0.017049 0.0510054 0.094081 0.124002 0.0959785 0.0687766 0.0820023 0.061753 0.0591476 0.0492212 0.0479892 0.0443925 0.0268479 0.0217502 0.0140895 0.0121071 0.0120363 0.00920419 0.00665534 0.0049561 0.00860946 0.00930331 0.0156896 0.0114698 0.00855282 0.00243557 0.00046729 0 2.83206e-05
 0 0 0 0 0.000772559 0.00158375 0.000888443 0.00281984 0.00712685 0.0440552 0.0773331 0.111326 0.0921469 0.0852325 0.0710754 0.0886704 0.0786465 0.0553345 0.0373146 0.0185414 0.00753245 0.00457741 0.012979 0.0271748 0.0457355 0.0583668 0.034881 0.0177882 0.00938659 0.00492506 0.0015258 0.00185414 0.000309023 5.79419e-05 3.86279e-05 0
 0 0.00173294 0.00326652 0 0.00397197 0.00683976 0.00946217 0.0152591 0.00757587 0.0136028 0.0228656 0.0392903 0.0559909 0.0764795 0.0681675 0.0726916 0.0566044 0.0477403 0.0527397 0.0444891 0.0609904 0.0582453 0.0661739 0.0445044 0.0529084 0.0360697 0.0280645 0.0235558 0.0158879 0.00826598 0.00280645 0.00217768 0.000904811 0.00058276 9.20147e-05 0
 0 0 0 0 0 0 0 0 0 0 0 0 0 0 0 0 0 0 0 0 0 0 0 0 0 0 0 0 0 0 0 0 0 0 0 0
 0 0 0 0 0 0 0 0 0 0 0 0 0 0 0 0 0 0 0 0 0 0 0 0 0 0 0 0 0 0 0 0 0 0 0 0
 0 0 0 0 0 0 0 0 0 0 0 0 0 0 0 0 0 0 0 0 0 0 0 0 0 0 0 0 0 0 0 0 0 0 0 0
 0 0 0 0 0 0 0 0 0 0 0 0 0 0 0 0 0 0 0 0 0 0 0 0 0 0 0 0 0 0 0 0 0 0 0 0
 0 0 0 0 0 0 0 0 0 0 0 0 0 0 0 0 0 0 0 0 0 0 0 0 0 0 0 0 0 0 0 0 0 0 0 0
ppred_pel_tallas
 1.03883e-16 5.17896e-06 3.03046e-05 0.000143862 0.000553555 0.00172592 0.00436026 0.0089268 0.0148167 0.0199573 0.021873 0.0196635 0.0148832 0.0103162 0.00805596 0.00874989 0.0121305 0.017751 0.0252423 0.0341909 0.043969 0.0536872 0.0622929 0.0687647 0.0723355 0.0726636 0.0698991 0.0646175 0.0576557 0.0499052 0.0421337 0.0348807 0.0284372 0.0228918 0.0182057 0.0142841
 1.10396e-16 1.47085e-05 8.62999e-05 0.000410177 0.00157912 0.00492423 0.0124382 0.025451 0.0421908 0.05667 0.061692 0.0544734 0.0391189 0.023087 0.0116975 0.00602481 0.00455008 0.00548442 0.00777495 0.0110072 0.0150371 0.0197539 0.0249912 0.0305146 0.0360373 0.0412443 0.0458176 0.0494582 0.0519079 0.052973 0.0525484 0.050639 0.0473714 0.0429862 0.0378139 0.0322311
 1.10083e-16 7.34256e-06 4.30209e-05 0.000204348 0.000786493 0.00245237 0.00619503 0.0126798 0.0210333 0.0282926 0.0309082 0.027549 0.0203443 0.0131328 0.00873068 0.00786896 0.00998039 0.0142981 0.0202861 0.0275288 0.0355201 0.0435791 0.0509064 0.0567309 0.0604785 0.0618989 0.0611084 0.0585279 0.0547477 0.0503647 0.0458507 0.0414861 0.0373661 0.0334589 0.0296828 0.0259712
 1.00918e-16 3.96952e-05 0.000233002 0.00110764 0.00426454 0.0132987 0.0335912 0.0687307 0.113924 0.152982 0.166436 0.146716 0.104823 0.0607687 0.028732 0.0113611 0.00425119 0.00224759 0.00221275 0.00282325 0.00363634 0.00449397 0.00530076 0.00597568 0.00645548 0.00670542 0.00672422 0.00654005 0.00619973 0.00575526 0.00525245 0.00472479 0.00419309 0.00366894 0.00315953 0.00267148
 1.00051e-16 4.15749e-05 0.000244038 0.00116011 0.00446656 0.0139287 0.0351825 0.0719866 0.11932 0.160227 0.174316 0.153656 0.109767 0.0636052 0.0300166 0.0117679 0.00423753 0.00201788 0.0018149 0.00223688 0.00281846 0.00339749 0.00388296 0.00420395 0.00431229 0.00419233 0.00386474 0.00338084 0.00280965 0.00222195 0.00167635 0.00121109 0.000842472 0.000568694 0.00037637 0.000247226
 1.00131e-16 3.17073e-05 0.000186086 0.000884548 0.00340552 0.0106198 0.0268248 0.0548879 0.0909857 0.1222 0.133001 0.11737 0.0841355 0.0493393 0.0243867 0.0114895 0.00722326 0.00753158 0.00989987 0.0131615 0.0167383 0.0201801 0.0230379 0.024902 0.0254875 0.0247035 0.0226775 0.0197208 0.016251 0.0126958 0.00940957 0.00662299 0.00443403 0.00283035 0.00172877 0.00101573
 1.00056e-16 4.20151e-05 0.000246624 0.0011724 0.0045139 0.0140763 0.0355553 0.0727494 0.120584 0.161924 0.176159 0.155273 0.110908 0.0642369 0.0302594 0.0117666 0.00408279 0.00174026 0.00141051 0.00169291 0.00212896 0.00257175 0.00294869 0.00320593 0.00330667 0.00323793 0.00301338 0.00266933 0.0022554 0.00182292 0.00141489 0.00105992 0.000771101 0.000548651 0.00038451 0.000267003
 1.00212e-16 2.56068e-05 0.000150258 0.000714191 0.00274955 0.00857413 0.0216579 0.044317 0.0734684 0.0986901 0.107458 0.0949363 0.0682872 0.0405152 0.0208981 0.011304 0.00904828 0.0109095 0.0148553 0.0198593 0.025275 0.0304765 0.034796 0.0376163 0.0385072 0.0373313 0.0342804 0.0298239 0.0245917 0.0192289 0.0142698 0.0100626 0.00675533 0.00432963 0.00266044 0.00157692
 1.0024e-16 3.94562e-05 0.000231597 0.00110095 0.00423878 0.0132183 0.0333883 0.0683158 0.113237 0.152062 0.165442 0.145856 0.104243 0.0605025 0.0287371 0.0115906 0.0046945 0.0029304 0.00317461 0.00409271 0.00521029 0.00632328 0.00728493 0.00796896 0.00828486 0.0081971 0.00773266 0.00697206 0.00602796 0.00501833 0.00404325 0.00317098 0.0024353 0.00184136 0.00137593 0.00101757
 1.00176e-16 3.52941e-05 0.000207152 0.000984714 0.00379122 0.0118226 0.0298629 0.0611033 0.101285 0.136023 0.148017 0.130557 0.0934449 0.0545107 0.0264078 0.0115485 0.00607188 0.00542988 0.00682562 0.00901383 0.0114627 0.0138338 0.015816 0.0171289 0.0175771 0.0170959 0.0157683 0.013802 0.0114769 0.00908053 0.00685147 0.00494616 0.0034323 0.00230413 0.00150876 0.000973117
 1.00768e-16 2.17604e-05 0.000127672 0.000606799 0.00233605 0.00728463 0.0184008 0.0376532 0.0624246 0.0838655 0.091344 0.0807662 0.0582388 0.034843 0.018505 0.0108649 0.00969435 0.0122952 0.0169475 0.0227374 0.0290171 0.0351041 0.0402505 0.0437563 0.0451236 0.0441761 0.0411017 0.0363973 0.0307415 0.0248361 0.0192683 0.0144283 0.0104942 0.00746765 0.00523731 0.00364259
 1.01658e-16 2.78427e-05 0.000163398 0.000776686 0.00299023 0.0093247 0.0235536 0.0481947 0.0798916 0.107303 0.116795 0.103089 0.0739418 0.0434502 0.0216436 0.0104841 0.00698853 0.00761988 0.0101916 0.0136925 0.0176148 0.0215469 0.0250608 0.0277481 0.0292989 0.0295688 0.0286053 0.0266234 0.0239424 0.0209063 0.0178148 0.0148827 0.0122321 0.00990882 0.00791061 0.00621309
 1.00464e-16 3.64548e-05 0.00021397 0.00101714 0.00391606 0.0122119 0.0308462 0.0631151 0.104619 0.140495 0.152873 0.134814 0.0964354 0.0561413 0.0269854 0.0114403 0.00549957 0.00445463 0.0054202 0.00713477 0.0090975 0.0110275 0.0126811 0.0138394 0.0143464 0.014144 0.0132851 0.0119171 0.0102431 0.0084735 0.00678478 0.00529451 0.0040572 0.00307548 0.00231933 0.00174509
 1.00333e-16 2.89729e-05 0.000170028 0.000808196 0.00311153 0.00970296 0.0245091 0.0501502 0.0831344 0.111662 0.121549 0.107308 0.077016 0.0453532 0.0227678 0.0113143 0.00789709 0.00883287 0.0118255 0.0157781 0.0200935 0.0242584 0.0277422 0.030056 0.030857 0.0300311 0.0277226 0.0242933 0.0202323 0.0160418 0.0121392 0.00879816 0.0061379 0.00414933 0.00274114 0.00178679
 1.00521e-16 3.03997e-05 0.000178409 0.000848048 0.00326499 0.0101815 0.0257178 0.052623 0.0872318 0.11716 0.127519 0.112543 0.0806975 0.0473684 0.0234971 0.0112136 0.00724465 0.00771033 0.0102055 0.0136115 0.0173657 0.0210203 0.0241217 0.026251 0.0271096 0.0265898 0.0248003 0.0220334 0.01869 0.0151857 0.0118685 0.00897108 0.00660076 0.00476127 0.00338976 0.00239432
 1.00555e-16 3.22857e-05 0.000189485 0.000900716 0.00346779 0.010814 0.0273152 0.0558911 0.0926473 0.124428 0.135415 0.119477 0.0855934 0.0500893 0.024563 0.0112498 0.00664729 0.00661693 0.00860499 0.0114509 0.0146157 0.0177094 0.02035 0.0221859 0.0229655 0.0225955 0.0211624 0.0189056 0.0161554 0.0132546 0.0104917 0.0080598 0.0060499 0.00446797 0.00326574 0.00237135
 1.00708e-16 2.84704e-05 0.000167079 0.000794176 0.00305755 0.00953463 0.0240839 0.0492801 0.0816919 0.109724 0.119439 0.105443 0.0756729 0.0445534 0.0223505 0.0110827 0.00770845 0.00861104 0.0115395 0.0154245 0.0196912 0.023848 0.0273854 0.0298297 0.0308428 0.030301 0.0283247 0.0252413 0.0215007 0.0175691 0.0138373 0.0105666 0.00787803 0.0057766 0.00419342 0.00302752
 1.00719e-16 3.28915e-05 0.000193044 0.000917641 0.00353296 0.0110172 0.0278286 0.0569413 0.0943873 0.126762 0.137949 0.121698 0.0871511 0.0509339 0.0248529 0.0111741 0.00631857 0.00606381 0.00781054 0.0103912 0.0132857 0.0161372 0.0186025 0.0203648 0.0211941 0.0209995 0.0198488 0.0179454 0.0155738 0.0130321 0.0105726 0.00836701 0.00649986 0.0049837 0.00378524 0.00285116
 1.00771e-16 2.90725e-05 0.000170615 0.000810992 0.0031223 0.00973656 0.0245939 0.0503236 0.083421 0.112045 0.12196 0.107655 0.0772335 0.0454172 0.0226821 0.0110797 0.00749488 0.00822801 0.0109809 0.014672 0.0187355 0.0227008 0.0260837 0.0284347 0.0294318 0.0289564 0.0271206 0.0242323 0.0207155 0.0170096 0.0134834 0.0103834 0.00782406 0.00581108 0.0042809 0.00314025
 1.0067e-16 3.37673e-05 0.000198188 0.000942096 0.00362712 0.0113109 0.0285703 0.0584587 0.0969021 0.130138 0.141617 0.124921 0.0894312 0.0522103 0.0253707 0.011229 0.00610071 0.00564391 0.00718927 0.00954697 0.012203 0.014821 0.0170842 0.0187012 0.0194612 0.0192807 0.0182224 0.0164732 0.0142951 0.0119619 0.00970514 0.0076825 0.00597121 0.00458235 0.0034849 0.00262955
 1.00725e-16 3.07371e-05 0.000180391 0.000857474 0.00330128 0.0102947 0.0260037 0.0532078 0.0882007 0.11846 0.12893 0.113778 0.0815603 0.0478298 0.0236426 0.0111447 0.00701947 0.0073396 0.00967502 0.0129048 0.0164798 0.0199751 0.0229637 0.0250503 0.0259517 0.0255623 0.0239784 0.021468 0.018401 0.0151612 0.0120709 0.00934599 0.00708749 0.00530176 0.00393497 0.00290746
 1.01348e-16 2.55941e-05 0.000150189 0.000713876 0.00274836 0.00857044 0.0216485 0.0442973 0.0734338 0.0986382 0.107387 0.0948394 0.0681431 0.0402812 0.0205066 0.0106635 0.00804913 0.00943656 0.0128105 0.0171923 0.0220172 0.0267665 0.0308873 0.0338581 0.0352978 0.035053 0.0332307 0.0301605 0.0263061 0.0221538 0.0181158 0.0144738 0.0113677 0.00882096 0.00678323 0.00517206
 1.01011e-16 3.39076e-05 0.000199013 0.000946023 0.00364225 0.011358 0.0286895 0.0587024 0.0973053 0.130677 0.1422 0.125424 0.0897676 0.0523588 0.025354 0.0110717 0.00580539 0.0051919 0.00655459 0.00871217 0.0111725 0.0136302 0.0158028 0.0174284 0.0183127 0.0183709 0.0176441 0.0162818 0.0144997 0.0125268 0.010559 0.00873264 0.00711953 0.00573903 0.00457779 0.00360859
 1.00495e-16 3.49497e-05 0.000205131 0.000975106 0.00375423 0.0117072 0.0295715 0.0605071 0.100297 0.134695 0.146571 0.129278 0.0925242 0.053962 0.0261207 0.0113879 0.0059394 0.00527264 0.0066215 0.00875954 0.01117 0.0135297 0.0155421 0.0169383 0.0175268 0.0172376 0.0161387 0.014415 0.01232 0.0101163 0.00802347 0.00618757 0.00467549 0.00348896 0.00258851 0.00191731
 1.01804e-16 8.80434e-06 5.15854e-05 0.000245026 0.000943049 0.00294054 0.00742831 0.0152045 0.025223 0.0339335 0.037084 0.0330857 0.0245016 0.015949 0.0108225 0.0100152 0.0128558 0.0184144 0.0260064 0.0350491 0.0448078 0.0543033 0.062405 0.0680411 0.0704413 0.0693202 0.0649431 0.0580442 0.049635 0.0407659 0.0323187 0.0248843 0.0187391 0.0138999 0.0102175 0.00747132
 1.09012e-16 9.25262e-06 5.4257e-05 0.000257815 0.00099244 0.00309466 0.00781709 0.0159967 0.026524 0.035644 0.0388487 0.0344128 0.0249524 0.01521 0.00860527 0.0059081 0.00626537 0.00863974 0.0124144 0.0173037 0.0231036 0.0295419 0.0362459 0.0427771 0.0486938 0.0536097 0.0572351 0.0593896 0.0599946 0.0590583 0.0566627 0.0529606 0.0481758 0.0425981 0.0365663 0.0304363
 1.04712e-16 2.02714e-05 0.000118938 0.000565299 0.0021763 0.00678646 0.0171424 0.0350777 0.0581532 0.0781226 0.0850774 0.0751977 0.0541636 0.0322858 0.0169325 0.00961453 0.00824357 0.0103062 0.0142223 0.0191925 0.0246966 0.0302068 0.035141 0.038944 0.0412039 0.0417437 0.0406536 0.0382498 0.0349788 0.0313018 0.0275973 0.0241086 0.0209421 0.0181013 0.0155375 0.0131942
pSPR Fmed_Fpbrs
0.545414   0.6 0.325
Fs Fmed_Fpbrs
0.64   0.50219 1.8406
SSBpbr Bo_Bmed_Bpbrs
556027  275464  305815 152908
Ro
16983.5
SPR SPRFo_SPRFmed_SPRFpbrs
350782 191322 114004
log_Ro
9.56
likeval ReclasPelacesDesembMPH_pf_preclas_ppelaces_ptallas_desvR_qrecl_qpela
 0.00197821 12.1772 0.269166 15.6981 361.887 215.541 58.6212 0 55.6662 1.41512e-05 0.000174364 3.74842e-13 0 0 0
q_reclas_q_pelaces
1.70414 6.54454
M
0.7
N
 9377.09 38102.7 11080.7 1401.15 0.111744
 16402.4 4562.16 15918.5 4141.95 518.598
 1525.59 7904.03 1757.92 5209.73 1503.01
 3555.58 649.532 1070.88 103.223 365.4
 33038.4 1353.75 34.2613 13.3386 5.10126
 13684 15631.2 446.792 8.69285 4.56811
 83938.5 5271.71 910.626 6.55227 0.17148
 36313.8 35264 638.185 44.437 0.302436
 86146 15894.3 6033.4 54.9915 3.6254
 137688 35377.6 1588.06 214.75 1.9016
 52798.7 62362.5 8079.28 219.967 28.6945
 47220 23434.7 12005.3 845.103 24.6192
 66800.1 21139.7 4851.16 1414.96 97.4574
 24887.7 27915.2 2446.98 219.917 63.0235
 10748.2 10038.6 2396.6 67.8781 7.08476
 10161.4 4316.69 831.014 62.6169 1.76548
 6866.24 4460.47 756.815 74.5407 5.43814
 8925.53 3015.29 784.822 68.285 6.79582
 8250.47 3982.2 606.445 88.2187 8.00906
 12625.1 3756.91 951.455 90.476 13.7608
 18039.4 5647.32 772.209 110.84 11.5369
 16636.6 8548.9 1889.91 200.45 31.0485
 34840.7 7833.22 2708.8 448.44 53.5158
 75385.2 15996.8 2006.95 453.29 80.8355
 12380.2 35009.5 4512.79 393.43 101.322
 6154.91 5919.63 12633.6 1325.98 142.692
 686.381 2929.64 2055.78 3485.24 396.854
pred_Ctot
 136.818 4392.18 2002.84 261.047 0.0208527
 349.834 745.903 3997.52 1070.21 134.201
 157.879 4440.22 1246.13 3740.91 1079.99
 605.717 468.889 888.745 86.2645 305.478
 1125.76 334.246 12.5187 4.99879 1.91433
 2238.95 11096 367.253 7.19813 3.78409
 9385.69 3097.42 665.42 4.84517 0.126882
 3119.85 17641.3 416.665 29.4605 0.200669
 10836.7 9958.68 4597.57 42.3421 2.793
 8752.21 14358.8 883.636 121.795 1.07958
 4058.52 28962.6 4991.12 138.184 18.0419
 3364.09 10324.2 7123.36 510.399 14.8827
 7688.99 12624.5 3583.35 1057.28 72.8654
 3400.73 18242.8 1914.55 173.687 49.7996
 1496.4 6620.72 1885.73 53.9001 5.62852
 854.061 2128.67 536.87 41.0894 1.15947
 575.227 2194.86 488.162 48.8386 3.56599
 655.861 1357.49 473.501 41.9176 4.17552
 495.094 1548.82 326.128 48.3881 4.39758
 906.406 1664.11 566.914 54.8667 8.35268
 594.218 1354.65 275.004 40.4965 4.22088
 622.117 2283.07 740.027 80.4401 12.476
 1897.96 2831.32 1372.35 231.977 27.7143
 3526.63 5131.59 920.374 212.595 37.9575
 331.19 7008.68 1365.42 122.311 31.5447
 184.072 1306.51 4175.75 449.964 48.4897
 146.629 2296.72 1785.47 3042.13 346.488
F
 0.0204726 0.172804 0.284038 0.293998 0.294542
 0.0300526 0.253666 0.416952 0.431574 0.432372
 0.153883 1.29889 2.13499 2.20986 2.21394
 0.265645 2.24224 3.68557 3.81482 3.82187
 0.0484007 0.408537 0.671514 0.695063 0.696348
 0.253875 2.14289 3.52228 3.6458 3.65254
 0.167223 1.41148 2.32006 2.40142 2.40586
 0.126239 1.06555 1.75145 1.81287 1.81622
 0.189965 1.60345 2.63559 2.72802 2.73306
 0.092027 0.776776 1.27679 1.32156 1.32401
 0.112267 0.947616 1.5576 1.61222 1.6152
 0.103664 0.875003 1.43825 1.48868 1.49143
 0.172532 1.4563 2.39372 2.47766 2.48224
 0.207935 1.75512 2.8849 2.98606 2.99159
 0.21225 1.79155 2.94477 3.04804 3.05367
 0.123345 1.04113 1.7113 1.77131 1.77459
 0.122922 1.03755 1.70543 1.76523 1.7685
 0.10708 0.903836 1.48564 1.53774 1.54058
 0.0866746 0.731598 1.20253 1.2447 1.247
 0.104504 0.882095 1.4499 1.50075 1.50352
 0.0467557 0.394653 0.648693 0.67144 0.672682
 0.0532294 0.449295 0.738508 0.764405 0.765819
 0.0784002 0.661756 1.08773 1.12587 1.12796
 0.0669932 0.565472 0.929469 0.962063 0.963842
 0.0378233 0.319257 0.524764 0.543166 0.54417
 0.0423685 0.357621 0.587823 0.608436 0.609561
 0.344232 2.90558 4.77591 4.94338 4.95252
Np
 10846 5201.25 89.3537 24.3572 3.36719
YTP_r0W_actual
 139.116 11810.8 18318.6 40772.1 5159.6
YTP_p0W_proyectada
 2198.27 973.924 709.333 100.681 161.009
 2198.27 20968.7 796.214 284.943 43.7777
CTP_r0_actual
 16.9653 546.796 583.396 1016.76 115.946
CTP_p0_proyectada
 268.082 45.0891 22.5902 2.51076 3.61818
 268.082 970.775 25.3571 7.1058 0.983769
Wmedp
 8.2 21.6 31.4 40.1 44.5
nmprior
 10.8 10.6 4.6 0
nm_flota  nm_reclas  nm_pelaces    nm_pelaL
inf 17.0385 15.8062 47.6823
cv_recla  cv_pelaces  cv_mph
1.28394 0.382265 0.529455
 ------------------------------------------------
Talla a la edad & desviaci?n 
 7.2 14.2025 17.0495 18.207 18.6776
 1.08 2.13037 2.55742 2.73105 2.80164
