years
 1997 1998 1999 2000 2001 2002 2003 2004 2005 2006 2007 2008 2009 2010 2011 2012 2013 2014 2015 2016 2017 2018 2019 2020 2021 2022 2023
reclasobs
 0 0 0 370054 412103 1.49427e+06 250295 1.28982e+06 931140 785840 897777 1.04006e+06 184774 17550 25797 100020 73551 82996 120727 218422 84188 347160 605670 569463 516374 1.08416e+06 1.01767e+06
reclaspred
 284415 74207.1 203323 136034 204220 251094 693120 479923 590803 571252 478608 347308 248206 147244 122239 118977 131436 178412 187704 265258 381581 327522 532181 692074 812959 741512 643923
pelacesobs
 0 0 0 0 0 0 0 0 0 2.06254e+06 1.5e+06 0 1.87456e+06 323000 250000 174000 83755 137374 0 501740 490994 745055 786931 1.00524e+06 1.33801e+06 1.41789e+06 0
pelacespred
 804501 172526 297885 304024 394109 385676 1.33641e+06 1.07225e+06 1.19635e+06 1.16365e+06 884744 669189 485513 258060 211948 215445 245697 323916 353024 481535 760465 654948 862071 1.24778e+06 1.4531e+06 1.46959e+06 1.23136e+06
mphobs
 0 0 0 0 0 0 112323 0 153150 637223 0 255016 313432 73983 77613 109348 50772 17779 17303 59886 28197 0 207744 136588 643089 65757 70829
mphpred
 112749 67493.7 76537.7 82759.6 85955.9 136963 234944 327471 292054 325014 320184 241964 162370 80497 51598.6 47186.1 47504.1 60876 36015 39619.1 60541.8 72373.5 82286.1 115558 151958 152952 130067
desembarqueobs
 350755 77701 442110 56441 14545 235359 269955 359681 431902 328805 639364 411747 362871 311530 167758 66681 60226 58785 57116 73181 50977 67692 138656 160484 209506 203330 245020
desembarquepred
 350774 77709.3 442222 56446.1 14545.3 235415 269979 359726 431921 328826 639586 411908 363053 311916 167893 66705.1 60246.1 58789.9 57115.1 73182.7 50977.7 67691.2 138660 160488 209512 203337 245021
Reclutas
 45455.4 51014.1 28941.3 39907.3 70879 65921.2 132642 101088 153256 153085 79808.6 52380.3 61755.7 34238 24145.7 27805.9 24468.9 30982.7 34917 61174.7 79878.6 82081.8 137578 190714 73636.6 87562.5 116454
log_desv_Rt
 -0.335512 -0.220142 -0.786976 -0.465685 0.108729 0.0362147 0.73541 0.463744 0.879862 0.87875 0.227387 -0.193714 -0.0290581 -0.618908 -0.968136 -0.826998 -0.954843 -0.718815 -0.599271 -0.0385109 0.228263 0.255471 0.771946 1.09853 0.146897 0.320108 0.605255
SSB
 544259 325805 369462 399496 414925 661146 1.10557e+06 1.56545e+06 1.38224e+06 1.54049e+06 1.54559e+06 1.16801e+06 802800 532133 347681 322937 335909 417964 517382 592508 868331 1.01497e+06 1.18158e+06 1.59533e+06 2.26788e+06 2.33809e+06 1.88518e+06
BT
 1.89486e+06 472380 835393 663074 793140 949550 2.83605e+06 2.52419e+06 2.7655e+06 2.6221e+06 2.32879e+06 1.70395e+06 1.31642e+06 808955 563896 483517 538866 689272 749243 1.01441e+06 1.54869e+06 1.36197e+06 1.8071e+06 2.60551e+06 3.04246e+06 3.09222e+06 2.65739e+06
Ftot
 0.574952 0.475917 0.787085 0.166364 0.0325575 0.321927 0.176648 0.287303 0.314946 0.226933 0.43665 0.375518 0.521945 0.693496 0.486333 0.195105 0.170391 0.123665 0.105738 0.110276 0.0524142 0.0699117 0.0915967 0.090747 0.079482 0.0852689 0.127532
BD_Bspro_t
 0.932103 0.700713 0.633845 0.471943 0.607738 0.762934 0.745041 0.783501 0.732858 0.715387 0.695298 0.563074 0.476565 0.415899 0.341861 0.37498 0.473367 0.621321 0.722138 0.788437 0.855636 0.900085 0.896436 0.89493 0.900242 0.874206 0.847192
BD_Bspro
 0.414476 0.248114 0.281361 0.304233 0.315983 0.50349 0.84194 1.19215 1.05263 1.17315 1.17703 0.889485 0.611366 0.405241 0.264774 0.24593 0.255809 0.318297 0.394008 0.45122 0.661271 0.772946 0.899827 1.21491 1.72708 1.78056 1.43565
BD_Bo
 0.222069 0.132935 0.150748 0.163003 0.169298 0.269762 0.451097 0.638736 0.563984 0.628555 0.630633 0.476571 0.327559 0.217121 0.141861 0.131765 0.137058 0.170538 0.211103 0.241756 0.354298 0.414131 0.482112 0.650928 0.925342 0.953991 0.769194
BD_Brms
 0.403762 0.2417 0.274088 0.296369 0.307815 0.490476 0.820177 1.16134 1.02542 1.14283 1.14661 0.866493 0.595562 0.394766 0.257929 0.239573 0.249197 0.310069 0.383823 0.439556 0.644178 0.752966 0.876567 1.18351 1.68244 1.73453 1.39854
S_f
 0.192167 1 1 1 1
 0.192167 1 1 1 1
 0.192167 1 1 1 1
 0.192167 1 1 1 1
 0.192167 1 1 1 1
 0.192167 1 1 1 1
 0.192167 1 1 1 1
 0.192167 1 1 1 1
 0.192167 1 1 1 1
 0.192167 1 1 1 1
 0.192167 1 1 1 1
 0.192167 1 1 1 1
 0.192167 1 1 1 1
 0.192167 1 1 1 1
 0.192167 1 1 1 1
 0.192167 1 1 1 1
 0.192167 1 1 1 1
 0.192167 1 1 1 1
 0.192167 1 1 1 1
 0.192167 1 1 1 1
 0.192167 1 1 1 1
 0.192167 1 1 1 1
 0.192167 1 1 1 1
 0.192167 1 1 1 1
 0.192167 1 1 1 1
 0.192167 1 1 1 1
 0.192167 1 1 1 1
Scru_reclas
 1 1 1 1 1
 1 1 1 1 1
 1 1 1 1 1
 1 1 1 1 1
 1 1 1 1 1
 1 1 1 1 1
 1 1 1 1 1
 1 1 1 1 1
 1 1 1 1 1
 1 1 1 1 1
 1 1 1 1 1
 1 1 1 1 1
 1 1 1 1 1
 1 1 1 1 1
 1 1 1 1 1
 1 1 1 1 1
 1 1 1 1 1
 1 1 1 1 1
 1 1 1 1 1
 1 1 1 1 1
 1 1 1 1 1
 1 1 1 1 1
 1 1 1 1 1
 1 1 1 1 1
 1 1 1 1 1
 1 1 1 1 1
 1 1 1 1 1
Scru_pelaces
 1 1 1 1 1
 1 1 1 1 1
 1 1 1 1 1
 1 1 1 1 1
 1 1 1 1 1
 1 1 1 1 1
 1 1 1 1 1
 1 1 1 1 1
 1 1 1 1 1
 1 1 1 1 1
 1 1 1 1 1
 1 1 1 1 1
 1 1 1 1 1
 1 1 1 1 1
 1 1 1 1 1
 1 1 1 1 1
 1 1 1 1 1
 1 1 1 1 1
 1 1 1 1 1
 1 1 1 1 1
 1 1 1 1 1
 1 1 1 1 1
 1 1 1 1 1
 1 1 1 1 1
 1 1 1 1 1
 1 1 1 1 1
 1 1 1 1 1
pf_obs 
 0.256992 0.487395 0.22802 0.0275931 0
 0.321318 0.546541 0.124235 0.00734118 0.000564706
 0.182869 0.594174 0.210203 0.0122559 0.00049798
 0.330522 0.361315 0.267642 0.0388342 0.00168674
 0.649043 0.306663 0.0425973 0.00169635 0
 0.582887 0.30429 0.105238 0.00758474 0
 0.465427 0.430635 0.0974691 0.00646863 0
 0.296916 0.608066 0.0921331 0.00288517 0
 0.311714 0.524322 0.152257 0.0117073 0
 0.15457 0.633149 0.183074 0.0267441 0.00246327
 0.131901 0.49318 0.331252 0.0422183 0.00144891
 0.196976 0.569456 0.194076 0.0375587 0.00193317
 0.518974 0.381816 0.0799577 0.0180837 0.00116848
 0.0928022 0.601141 0.25162 0.0475244 0.00691264
 0.122501 0.610282 0.24278 0.0234846 0.000952079
 0.383417 0.481906 0.127806 0.00687128 0
 0.0376549 0.599619 0.316969 0.0457579 0
 0.0361596 0.667082 0.258105 0.0386534 0
 0.158088 0.579412 0.248529 0.0139706 0
 0.0477256 0.309471 0.559284 0.082774 0.000745712
 0.0406174 0.521527 0.379366 0.0568643 0.0016247
 0.151134 0.462217 0.34131 0.0453401 0
 0.294876 0.26143 0.354403 0.0886775 0.000613685
 0.281977 0.475581 0.204845 0.0348837 0.00271318
 0.0841818 0.532909 0.334909 0.0458182 0.00218182
 0.115287 0.27431 0.454777 0.147771 0.00785563
 0 0 0 0 0
pf_pred 
 0.384054 0.436777 0.160447 0.0187073 1.51405e-05
 0.315778 0.554099 0.0922724 0.0338956 0.00395525
 0.189259 0.608172 0.164045 0.0273179 0.011206
 0.296158 0.450069 0.190366 0.0513482 0.0120585
 0.335288 0.467038 0.126403 0.0534645 0.0178078
 0.227331 0.561774 0.148178 0.040104 0.0226127
 0.360578 0.409184 0.167396 0.0441536 0.0186881
 0.204075 0.605582 0.121806 0.0498303 0.0187067
 0.294413 0.425988 0.212733 0.0427889 0.0240762
 0.241216 0.542738 0.130435 0.0651376 0.0204737
 0.136655 0.558932 0.217738 0.0523285 0.0343459
 0.136345 0.43403 0.278141 0.108353 0.0431317
 0.224293 0.383607 0.197049 0.126276 0.068774
 0.164066 0.550028 0.141388 0.0726274 0.0718904
 0.177511 0.482905 0.223439 0.0574364 0.0587079
 0.23464 0.447934 0.186369 0.0862328 0.044824
 0.192611 0.513212 0.17217 0.0716338 0.0503736
 0.232565 0.439755 0.208288 0.0698754 0.0495169
 0.224718 0.484735 0.166489 0.0788569 0.0452014
 0.305952 0.425314 0.168023 0.0577098 0.0430021
 0.27098 0.515356 0.130934 0.0517263 0.0310044
 0.214833 0.521752 0.186212 0.04731 0.0298928
 0.287791 0.423829 0.191631 0.0683927 0.0283554
 0.2791 0.495062 0.134394 0.0607655 0.0306784
 0.0957821 0.612484 0.200342 0.0543868 0.0370055
 0.149023 0.309462 0.366802 0.11998 0.0547328
 0.210228 0.384191 0.147492 0.17482 0.0832693
pobs_RECLAS
 0 0 0 0 0
 0 0 0 0 0
 0 0 0 0 0
 0 0 0 0 0
 0.835266 0.146461 0.0176864 0.000547809 3.91292e-05
 0.385257 0.428462 0.181853 0.0044286 0
 0.867414 0.0963971 0.0333333 0.00285562 0
 0.441836 0.489002 0.0689373 0.000224442 0
 0.779404 0.147425 0.0564933 0.0165055 0.000172143
 0.814271 0.122319 0.05973 0.00367925 0
 0.40263 0.566651 0.0304383 0.000280538 0
 0.475488 0.404961 0.113038 0.00651328 0
 0.955842 0.0263864 0.0167828 0.000988607 0
 0.975058 0.0227948 0.00214734 0 0
 0.738997 0.206755 0.0527124 0.00153531 0
 0.850938 0.134255 0.0134407 0.00136685 0
 0.542534 0.407297 0.0501686 0 0
 0.764087 0.199537 0.0359546 0.000420521 0
 0.470689 0.182191 0.310203 0.0369168 0
 0.84361 0.089868 0.0606195 0.00523954 0.000663233
 0.607945 0.314616 0.071237 0.00620181 0
 0.523733 0.453247 0.0230204 0 0
 0.530135 0.295979 0.169645 0.0042399 0
 0.562478 0.366248 0.0663022 0.0049721 0
 0.250443 0.683176 0.0655157 0.000865301 0
 0.195077 0.31981 0.436473 0.0351445 0.0134964
 0.565238 0.351407 0.0832357 0.000118908 0
ppred_RECLAS
 0.77147 0.162054 0.0595294 0.00694084 5.61746e-06
 0.712416 0.232892 0.0387828 0.0142466 0.00166242
 0.563418 0.327499 0.0883377 0.0147106 0.00603439
 0.688387 0.19926 0.0842809 0.0227335 0.00533866
 0.724439 0.193613 0.052401 0.022164 0.00738235
 0.609455 0.283948 0.0748965 0.0202706 0.0114296
 0.74763 0.161499 0.0660685 0.0174268 0.00737593
 0.575667 0.322855 0.0649386 0.0265661 0.00997315
 0.688673 0.187959 0.0938646 0.0188798 0.0106232
 0.626208 0.267364 0.0642549 0.0320881 0.0100857
 0.458553 0.350535 0.136555 0.0328179 0.0215401
 0.456715 0.273028 0.174965 0.0681597 0.0271321
 0.609089 0.193316 0.0993014 0.0636357 0.0346581
 0.517989 0.317154 0.0815263 0.041878 0.041453
 0.536923 0.271885 0.125801 0.0323378 0.0330536
 0.617205 0.224034 0.0932128 0.0431294 0.0224187
 0.556101 0.282161 0.0946581 0.0393839 0.0276951
 0.613461 0.221494 0.10491 0.0351946 0.0249405
 0.60262 0.248457 0.085336 0.0404191 0.0231685
 0.697603 0.185309 0.0732077 0.0251442 0.0187361
 0.659775 0.24051 0.0611052 0.02414 0.0144694
 0.588269 0.2736 0.097647 0.0248087 0.0156754
 0.678714 0.191195 0.0864473 0.0308528 0.0127915
 0.669301 0.2271 0.0616509 0.027875 0.0140731
 0.356259 0.436047 0.14263 0.0387197 0.0263454
 0.477859 0.189879 0.225062 0.0736173 0.0335829
 0.582353 0.203168 0.0779965 0.0924485 0.0440345
pobs_PELACES
 0 0 0 0 0
 0 0 0 0 0
 0 0 0 0 0
 0 0 0 0 0
 0 0 0 0 0
 0 0 0 0 0
 0 0 0 0 0
 0 0 0 0 0
 0 0 0 0 0
 0 0 0 0 0
 0.450072 0.473896 0.0757376 0.000293798 0
 0 0 0 0 0
 0.463077 0.371075 0.160297 0.00555027 0
 0.529543 0.364841 0.0842815 0.0213345 0
 0.631943 0.363953 0.00410389 0 0
 0.735681 0.248677 0.0153453 0.000297389 0
 0.695825 0.281241 0.0229344 0 0
 0.275771 0.60734 0.115278 0.00161068 0
 0 0 0 0 0
 0.896147 0.0623911 0.0374545 0.00400742 0
 0.803859 0.145111 0.0509908 3.86294e-05 0
 0.739449 0.233085 0.0266225 0.000797448 4.60066e-05
 0.878498 0.100942 0.0204185 0.000141795 0
 0.694673 0.275183 0.0284847 0.00165964 0
 0.469039 0.446079 0.0841089 0.000773354 0
 0.822795 0.102175 0.0682046 0.00682512 0
 0 0 0 0 0
ppred_PELACES
 0.797365 0.143692 0.0527842 0.00615437 4.98095e-06
 0.737695 0.212421 0.0353738 0.0129943 0.0015163
 0.614169 0.289428 0.0780687 0.0130005 0.00533292
 0.69782 0.193228 0.0817296 0.0220453 0.00517705
 0.726168 0.192398 0.0520722 0.0220249 0.00733602
 0.62968 0.269244 0.0710179 0.0192208 0.0108377
 0.756411 0.15588 0.0637697 0.0168204 0.00711928
 0.594259 0.308709 0.0620933 0.0254021 0.00953617
 0.706383 0.177267 0.088525 0.0178058 0.0100189
 0.640257 0.257315 0.0618399 0.0308821 0.00970667
 0.487561 0.331755 0.129239 0.0310596 0.0203861
 0.481642 0.260501 0.166938 0.0650325 0.0258873
 0.641672 0.177203 0.0910246 0.0583316 0.0317693
 0.563865 0.286969 0.0737669 0.0378922 0.0375077
 0.56896 0.253075 0.117097 0.0301005 0.0307669
 0.629416 0.216887 0.0902392 0.0417535 0.0217036
 0.567284 0.275053 0.0922735 0.0383917 0.0269974
 0.621249 0.217032 0.102796 0.0344855 0.024438
 0.60935 0.244249 0.0838907 0.0397345 0.0227761
 0.703768 0.181531 0.0717151 0.0246316 0.0183541
 0.662905 0.238298 0.0605432 0.023918 0.0143363
 0.592776 0.270605 0.0965782 0.0245371 0.0155038
 0.684015 0.18804 0.0850209 0.0303437 0.0125804
 0.674633 0.223438 0.0606568 0.0274255 0.0138462
 0.361133 0.432745 0.14155 0.0384265 0.0261459
 0.483533 0.187816 0.222616 0.0728173 0.0332179
 0.590598 0.199157 0.0764567 0.0906234 0.0431652
pobs_pel_tallas
 0 0 0 0 0 0 0 0 0 0 0 0 0 0 0 0 0 0 0 0 0 0 0 0 0 0 0 0 0 0 0 0 0 0 0 0
 0 0 0 0 0 0 0 0 0 0 0 0 0 0 0 0 0 0 0 0 0 0 0 0 0 0 0 0 0 0 0 0 0 0 0 0
 0 0 0 0 0 0 0 0 0 0 0 0 0 0 0 0 0 0 0 0 0 0 0 0 0 0 0 0 0 0 0 0 0 0 0 0
 0 0 0 0 0 0 0 0 0 0 0 0 0 0 0 0 0 0 0 0 0 0 0 0 0 0 0 0 0 0 0 0 0 0 0 0
 0 0 0 0 0 0 0 0 0 0 0 0 0 0 0 0 0 0 0 0 0 0 0 0 0 0 0 0 0 0 0 0 0 0 0 0
 0 0 0 0 0 0 0 0 0 0 0 0 0 0 0 0 0 0 0 0 0 0 0 0 0 0 0 0 0 0 0 0 0 0 0 0
 0 0 0 0 0 0 0 0 0 0 0 0 0 0 0 0 0 0 0 0 0 0 0 0 0 0 0 0 0 0 0 0 0 0 0 0
 0 0 0 0 0 0 0 0 0 0 0 0 0 0 0 0 0 0 0 0 0 0 0 0 0 0 0 0 0 0 0 0 0 0 0 0
 0 0 0 0 0 0 0 0 0 0 0 0 0 0 0 0 0 0 0 0 0 0 0 0 0 0 0 0 0 0 0 0 0 0 0 0
 0 0 0 0 0 0 0 0 0 0 0 0 0 0 0 0 0 0 0 0 0 0 0 0 0 0 0 0 0 0 0 0 0 0 0 0
 0 0 0 0 0 0 0 0 1.78061e-05 0.00172719 0.00360574 0.0105946 0.0120993 0.0124554 0.0147524 0.0171206 0.0266825 0.0428682 0.0675386 0.121331 0.153587 0.119568 0.100827 0.0573624 0.0630603 0.0341343 0.0324427 0.0444173 0.0211091 0.0280891 0.0125444 0.00206551 0 0 0 0
 0 0 0 0 0 0 0 0 0 0 0 0 0 0 0 0 0 0 0 0 0 0 0 0 0 0 0 0 0 0 0 0 0 0 0 0
 0 0 0 0 0 0 0.0133647 0.0140871 0.0187388 0.0205184 0.03894 0.0496705 0.03968 0.0493445 0.0407372 0.0367815 0.0215668 0.0243155 0.0234873 0.0199281 0.019796 0.0243948 0.0301388 0.0376714 0.0412746 0.0863199 0.0771752 0.113111 0.0741005 0.0525337 0.0229764 0.00759418 0.00175318 0 0 0
 0 0 0 0 0 0 0 0 0 0 0.00219441 0.00772107 0.0458388 0.0604681 0.0671733 0.0775358 0.0609151 0.0617685 0.073594 0.0568108 0.0755445 0.0548602 0.0670107 0.0636378 0.0643287 0.046367 0.0373049 0.0286899 0.0247887 0.0153202 0.00654259 0.00121912 0.000365735 0 0 0
 0 0 0 0 0 0 0 0 0 0 0 0 0.000112435 0.00938835 0.0111873 0.0202946 0.0414886 0.0713402 0.111592 0.104902 0.108894 0.110636 0.117776 0.105296 0.107544 0.0401394 0.0192827 0.0124803 0.00416011 0.0028671 0.000618394 0 0 0 0 0
 0 0 0 0 0 0 0 0 0 0 0.00291406 0.0102884 0.027416 0.0768956 0.0749926 0.110853 0.0956884 0.0897413 0.0766577 0.0534642 0.0500743 0.0551293 0.0594112 0.0620874 0.0668451 0.0424026 0.0208742 0.0120726 0.0048766 0.00582813 0.00118941 0.000297354 0 0 0 0
 0 0.00264628 0.0354308 0.0461629 0.0458689 0.0383711 0.0214643 0.0164657 0.0346957 0.0420465 0.0363128 0.0245516 0.0311673 0.0291091 0.0169068 0.0133784 0.00837989 0.0085269 0.0148486 0.0160247 0.0276389 0.0546898 0.0760071 0.122758 0.109233 0.0665981 0.0333725 0.0166128 0.00676272 0.00308733 0.000882094 0 0 0 0 0
 0 0 0 0 0 0 0 0.000805153 0.000690131 0.00759144 0.0133425 0.0154129 0.00931677 0.000345066 0.00356568 0.00563607 0.00851162 0.0253048 0.0502646 0.0516448 0.0657925 0.0565908 0.0611916 0.0827007 0.0866115 0.110766 0.145733 0.0935128 0.0569358 0.0249597 0.0138026 0.00621118 0.00161031 0.00115022 0 0
 0 0 0 0 0 0 0 0 0 0 0 0 0 0 0 0 0 0 0 0 0 0 0 0 0 0 0 0 0 0 0 0 0 0 0 0
 0.00147267 0.00158595 0.00478618 0.00569244 0.00954404 0.0108468 0.00647125 0.017049 0.0510054 0.094081 0.124002 0.0959785 0.0687766 0.0820023 0.061753 0.0591476 0.0492212 0.0479892 0.0443925 0.0268479 0.0217502 0.0140895 0.0121071 0.0120363 0.00920419 0.00665534 0.0049561 0.00860946 0.00930331 0.0156896 0.0114698 0.00855282 0.00243557 0.00046729 0 2.83206e-05
 0 0 0 0 0.000772559 0.00158375 0.000888443 0.00281984 0.00712685 0.0440552 0.0773331 0.111326 0.0921469 0.0852325 0.0710754 0.0886704 0.0786465 0.0553345 0.0373146 0.0185414 0.00753245 0.00457741 0.012979 0.0271748 0.0457355 0.0583668 0.034881 0.0177882 0.00938659 0.00492506 0.0015258 0.00185414 0.000309023 5.79419e-05 3.86279e-05 0
 0 0.00173294 0.00326652 0 0.00397197 0.00683976 0.00946217 0.0152591 0.00757587 0.0136028 0.0228656 0.0392903 0.0559909 0.0764795 0.0681675 0.0726916 0.0566044 0.0477403 0.0527397 0.0444891 0.0609904 0.0582453 0.0661739 0.0445044 0.0529084 0.0360697 0.0280645 0.0235558 0.0158879 0.00826598 0.00280645 0.00217768 0.000904811 0.00058276 9.20147e-05 0
 0 0 0 0 0 0 0 0 0 0 0 0 0 0 0 0 0 0 0 0 0 0 0 0 0 0 0 0 0 0 0 0 0 0 0 0
 0 0 0 0 0 0 0 0 0 0 0 0 0 0 0 0 0 0 0 0 0 0 0 0 0 0 0 0 0 0 0 0 0 0 0 0
 0 0 0 0 0 0 0 0 0 0 0 0 0 0 0 0 0 0 0 0 0 0 0 0 0 0 0 0 0 0 0 0 0 0 0 0
 0 0 0 0 0 0 0 0 0 0 0 0 0 0 0 0 0 0 0 0 0 0 0 0 0 0 0 0 0 0 0 0 0 0 0 0
 0 0 0 0 0 0 0 0 0 0 0 0 0 0 0 0 0 0 0 0 0 0 0 0 0 0 0 0 0 0 0 0 0 0 0 0
ppred_pel_tallas
 1.01008e-16 3.47874e-05 0.000204181 0.000970595 0.00373687 0.0116531 0.0294348 0.0602271 0.0998319 0.134068 0.145883 0.128656 0.092046 0.0536174 0.0258321 0.0110569 0.00547728 0.00460948 0.00570857 0.00757648 0.00973648 0.0119159 0.013871 0.0153757 0.016259 0.0164403 0.0159442 0.014887 0.0134418 0.0117955 0.0101109 0.00850455 0.00704302 0.00575175 0.00463068 0.00366834
 1.01089e-16 3.21883e-05 0.000188915 0.000898008 0.00345736 0.0107815 0.0272331 0.055723 0.0923682 0.124052 0.135002 0.119105 0.0853086 0.0498867 0.0243971 0.0110629 0.00638721 0.00624232 0.00808583 0.010772 0.0137831 0.0167568 0.019341 0.0212101 0.0221275 0.0219993 0.020894 0.0190185 0.0166618 0.0141254 0.0116626 0.00944375 0.00755029 0.00599144 0.00473195 0.00371885
 1.01899e-16 2.68052e-05 0.000157304 0.000747711 0.00287866 0.00897676 0.0226747 0.0463967 0.0769123 0.103305 0.112452 0.0992769 0.0712531 0.0419622 0.0210727 0.0104892 0.00735524 0.00827518 0.0111425 0.0149656 0.0192191 0.0234544 0.0272 0.0300087 0.0315473 0.0316705 0.0304487 0.0281385 0.0251097 0.0217535 0.0184046 0.0152942 0.0125434 0.0101831 0.00818916 0.00651444
 1.02223e-16 3.04489e-05 0.000178705 0.00084947 0.00327049 0.0101987 0.0257611 0.052711 0.0873754 0.117346 0.127705 0.112666 0.080696 0.0471881 0.0230768 0.0104672 0.00605647 0.0059484 0.00775106 0.0103983 0.0134217 0.0164994 0.019315 0.0215662 0.0230191 0.0235562 0.0231955 0.0220737 0.0204016 0.018408 0.0162925 0.0141985 0.0122098 0.0103637 0.00867096 0.0071335
 1.01902e-16 3.16849e-05 0.000185961 0.00088397 0.00340332 0.0106129 0.0268075 0.0548518 0.0909238 0.122111 0.132887 0.11723 0.0839496 0.0490586 0.0239309 0.0107499 0.00607026 0.00582898 0.00752978 0.0100593 0.0129309 0.0158169 0.0184011 0.0203873 0.0215541 0.0218019 0.0211716 0.0198244 0.0179939 0.0159266 0.0138312 0.0118497 0.0100545 0.00846308 0.00706143 0.00582561
 1.02263e-16 2.74807e-05 0.000161272 0.000766578 0.00295131 0.00920332 0.023247 0.0475674 0.0788521 0.105908 0.115279 0.101757 0.0729988 0.0429214 0.0214268 0.0104557 0.00706728 0.00777229 0.010411 0.0139789 0.0179639 0.0219449 0.025485 0.0281697 0.0296903 0.0299106 0.0288935 0.0268727 0.0241848 0.0211848 0.0181742 0.0153593 0.012845 0.0106561 0.0087692 0.00714374
 1.01867e-16 3.30021e-05 0.000193698 0.000920759 0.00354498 0.0110547 0.0279233 0.0571346 0.0947065 0.127187 0.138401 0.12207 0.0873616 0.0509444 0.0246494 0.0107322 0.0055863 0.00496801 0.00627893 0.00838036 0.0108084 0.0132834 0.0155466 0.0173544 0.0185192 0.0189473 0.0186547 0.0177531 0.0164131 0.0148195 0.0131325 0.0114664 0.00988656 0.00842054 0.00707488 0.0058492
 1.02301e-16 2.59377e-05 0.00015221 0.000723489 0.00278539 0.0086859 0.0219401 0.0448937 0.0744215 0.0999619 0.10882 0.0960859 0.0689973 0.0407028 0.0205678 0.0104475 0.0075891 0.00871467 0.011785 0.0158279 0.0203082 0.0247539 0.0286656 0.0315717 0.033125 0.0331808 0.0318261 0.0293452 0.02614 0.0226303 0.0191693 0.015994 0.0132189 0.0108605 0.00887701 0.00720545
 1.02395e-16 3.08216e-05 0.000180895 0.000859884 0.00331059 0.0103238 0.026077 0.0533572 0.088446 0.118782 0.129264 0.114031 0.0816523 0.0477038 0.023248 0.0104086 0.00583529 0.00557998 0.00722294 0.00969456 0.0125392 0.0154577 0.0181593 0.020365 0.0218557 0.0225152 0.0223493 0.0214702 0.0200583 0.0183124 0.0164077 0.0144729 0.012587 0.0107912 0.00910568 0.00754417
 1.02477e-16 2.79413e-05 0.000163978 0.000779444 0.00300085 0.00935781 0.0236372 0.0483658 0.080175 0.107683 0.117207 0.103449 0.0741921 0.0435809 0.0216778 0.0104485 0.00689542 0.00746528 0.0099616 0.01337 0.0171849 0.0210018 0.0244041 0.0269982 0.0284906 0.028753 0.0278456 0.0259902 0.023505 0.0207239 0.017928 0.015307 0.0129543 0.0108881 0.00908354 0.00750224
 1.03963e-16 2.12863e-05 0.000124899 0.000593645 0.00228545 0.00712685 0.0180021 0.0368365 0.0610675 0.0820329 0.0893234 0.0789212 0.0567816 0.0337185 0.0174511 0.00954473 0.00778681 0.00952697 0.0131119 0.0177317 0.0228955 0.0281245 0.0328898 0.0366773 0.0390909 0.0399359 0.0392522 0.0372833 0.0343986 0.0309958 0.0274181 0.0239077 0.0206004 0.0175495 0.0147618 0.0122297
 1.05899e-16 2.10253e-05 0.000123374 0.000586406 0.0022576 0.00704003 0.0177827 0.0363871 0.0603207 0.0810244 0.0882111 0.0779049 0.0559775 0.0330954 0.0168632 0.00880462 0.00671483 0.00796903 0.0109501 0.0149052 0.0194307 0.0241617 0.0286925 0.032615 0.0355935 0.0374274 0.0380784 0.0376521 0.0363469 0.0343899 0.0319844 0.0292837 0.0263927 0.0233855 0.0203291 0.0172971
 1.04839e-16 2.79998e-05 0.000164328 0.000781127 0.00300736 0.00937813 0.0236884 0.04847 0.0803456 0.107905 0.117432 0.103606 0.0742137 0.0434118 0.021258 0.00969332 0.00568779 0.00566887 0.00745034 0.0100679 0.0131083 0.0162932 0.0193453 0.0219938 0.0240194 0.025296 0.0258069 0.0256301 0.0249012 0.0237683 0.0223564 0.0207504 0.0189992 0.0171313 0.0151743 0.0131679
 1.04196e-16 2.46115e-05 0.000144426 0.000686486 0.00264292 0.00824164 0.0208179 0.0425975 0.070615 0.0948488 0.103253 0.0911698 0.0654651 0.0386156 0.0195076 0.00990258 0.00719154 0.00826982 0.011212 0.0151093 0.0194718 0.0238712 0.0278524 0.0309806 0.0329289 0.0335488 0.0328964 0.0312015 0.0287965 0.026028 0.0231835 0.0204514 0.0179194 0.0155997 0.0134664 0.0114877
 1.04217e-16 2.48324e-05 0.000145726 0.000692672 0.00266676 0.00831596 0.0210056 0.0429813 0.0712502 0.0956992 0.104172 0.0919625 0.0659952 0.0388498 0.0194822 0.00965727 0.00673227 0.00757064 0.0102375 0.0138398 0.0179244 0.022113 0.0260032 0.0292027 0.0314032 0.0324429 0.0323316 0.0312286 0.029386 0.027078 0.0245417 0.0219453 0.0193864 0.0169103 0.0145375 0.0122845
 1.03801e-16 2.74671e-05 0.000161197 0.000766231 0.00294999 0.00919922 0.0232366 0.0475458 0.0788148 0.105853 0.115209 0.101668 0.0728764 0.0427323 0.0211163 0.00994971 0.00627657 0.00660193 0.00877713 0.0118326 0.0153171 0.0188926 0.0222133 0.024945 0.0268268 0.0277235 0.0276467 0.0267346 0.0252034 0.0232854 0.0211792 0.0190223 0.0168911 0.0148176 0.0128144 0.0108934
 1.03981e-16 2.47601e-05 0.0001453 0.000690642 0.00265893 0.00829156 0.020944 0.0428554 0.0710421 0.0954214 0.103874 0.091711 0.0658392 0.038807 0.0195507 0.00983793 0.00703989 0.00803169 0.0108791 0.0146766 0.0189462 0.0232765 0.02723 0.0303851 0.0324197 0.0331786 0.0326996 0.0311863 0.0289427 0.026291 0.0235036 0.0207659 0.0181739 0.0157562 0.0135075 0.0114161
 1.03857e-16 2.7111e-05 0.000159106 0.000756292 0.00291172 0.00907988 0.0229351 0.046929 0.0777925 0.104481 0.113716 0.100353 0.0719392 0.0421937 0.020871 0.00986964 0.00627502 0.00664041 0.00884744 0.0119403 0.0154732 0.0191096 0.0225033 0.0253175 0.0272869 0.0282696 0.0282693 0.0274166 0.0259203 0.0240083 0.021878 0.0196691 0.0174636 0.0153016 0.0132044 0.0111921
 1.03701e-16 2.65932e-05 0.000156064 0.000741823 0.002856 0.00890612 0.0224963 0.0460312 0.0763052 0.102486 0.111551 0.0984595 0.0706183 0.0414918 0.0206586 0.00999308 0.00664756 0.00724745 0.00971139 0.0130846 0.0168972 0.0207743 0.0243259 0.0271776 0.0290426 0.0297806 0.0294219 0.0281431 0.0262087 0.0239 0.0214547 0.0190344 0.0167233 0.0145481 0.0125065 0.0105925
 1.02782e-16 3.07077e-05 0.000180225 0.000856703 0.00329834 0.0102856 0.0259805 0.0531598 0.0881189 0.118343 0.128787 0.113613 0.0813572 0.0475405 0.0231852 0.0104084 0.00587297 0.0056454 0.00731335 0.00980771 0.0126694 0.015594 0.0182867 0.0204669 0.0219177 0.0225301 0.0223207 0.0214145 0.0200028 0.0182911 0.016455 0.0146164 0.0128423 0.0111585 0.00957023 0.00807914
 1.02429e-16 2.89281e-05 0.000169773 0.000806998 0.00310694 0.00968868 0.0244729 0.0500756 0.0830085 0.111486 0.12134 0.107081 0.076761 0.0450186 0.0222605 0.0105093 0.00664851 0.00699026 0.00925932 0.0124164 0.015963 0.019518 0.0226945 0.0251275 0.0265447 0.0268256 0.0260239 0.0243425 0.0220735 0.0195238 0.0169518 0.0145319 0.0123504 0.0104247 0.00873323 0.00724202
 1.03027e-16 2.58716e-05 0.000151825 0.000721665 0.00277838 0.00866405 0.0218849 0.0447804 0.0742328 0.0997054 0.108533 0.0958141 0.0687621 0.0404841 0.0203106 0.0100799 0.00703593 0.00790548 0.0106636 0.0143663 0.0185245 0.0227252 0.0265327 0.0295282 0.0313918 0.0319703 0.0313038 0.0295998 0.0271684 0.0243415 0.0214041 0.0185556 0.0159049 0.0134902 0.0113098 0.00934883
 1.02899e-16 2.98467e-05 0.00017517 0.000832666 0.00320579 0.00999694 0.0252515 0.0516682 0.0856469 0.115025 0.125179 0.110437 0.0791001 0.0462556 0.0226226 0.0102652 0.00594748 0.00585256 0.00763936 0.0102676 0.0132839 0.0163791 0.0192484 0.0215991 0.0232019 0.023937 0.0238125 0.0229484 0.021534 0.0197757 0.0178522 0.0158914 0.013968 0.0121176 0.0103562 0.00869628
 1.02524e-16 2.94389e-05 0.000172773 0.000821265 0.00316188 0.00986 0.0249057 0.0509608 0.0844754 0.113455 0.123478 0.108957 0.0780824 0.0457466 0.0225333 0.0104925 0.00644484 0.00663194 0.00873882 0.0117165 0.0150764 0.0184569 0.0214957 0.0238503 0.0252639 0.0256201 0.0249643 0.0234803 0.0214347 0.0191082 0.0167373 0.0144819 0.0124216 0.0105746 0.00892456 0.00744578
 1.04693e-16 1.57775e-05 9.25488e-05 0.000439826 0.00169317 0.00527983 0.0133368 0.0272918 0.04525 0.0608025 0.0662521 0.0586458 0.0424319 0.0256751 0.0141666 0.00915307 0.00908249 0.0120554 0.0168584 0.0228237 0.0294261 0.0360653 0.0420551 0.0467296 0.0495825 0.0503768 0.0491868 0.0463557 0.0423901 0.0378297 0.0331347 0.0286241 0.0244671 0.0207162 0.0173577 0.0143558
 1.07276e-16 2.1105e-05 0.000123848 0.000588674 0.00226635 0.00706734 0.0178516 0.0365276 0.0605516 0.0813286 0.0885267 0.0781465 0.0560706 0.0329892 0.016514 0.00814896 0.0056591 0.00640074 0.00876607 0.0120486 0.0159285 0.0201532 0.0244387 0.0284796 0.0319959 0.0347749 0.0366949 0.0377201 0.0378779 0.03723 0.03585 0.0338162 0.0312179 0.0281649 0.0247943 0.0212659
 1.06282e-16 2.57735e-05 0.000151256 0.000718977 0.00276806 0.00863188 0.0218035 0.0446135 0.073954 0.0993249 0.108103 0.0953968 0.0683805 0.0400946 0.0198112 0.00933439 0.00589362 0.00621521 0.00829241 0.0112291 0.01462 0.0181689 0.0215721 0.0245335 0.0268168 0.0282909 0.0289465 0.0288769 0.0282339 0.0271764 0.0258291 0.0242664 0.0225191 0.0205963 0.0185115 0.0162992
pSPR Fmed_Fpbrs
0.443561   0.6 0.325
Fs Fmed_Fpbrs
0.64   0.345371 1.0554
SSBpbr Bo_Bmed_Bpbrs
2.45085e+06  964560  1.34797e+06 673984
Ro
63576.6
SPR SPRFo_SPRFmed_SPRFpbrs
1.31312e+06 582451 426766
log_Ro
10.88
likeval ReclasPelacesDesembMPH_pf_preclas_ppelaces_ptallas_desvR_qrecl_qpela
 0.00098583 26.2301 0.0156578 19.1804 331.937 219.586 56.4249 0 13.3422 8.64924e-05 5.11481e-07 1.14313e-15 0 0 0
q_reclas_q_pelaces
0.267706 0.903257
M
0.7
N
 45455.4 12044.4 4424.41 515.865 0.417508
 51014.1 20211.4 3365.74 1236.38 144.272
 28941.3 23118.8 6235.94 1038.45 425.98
 39907.3 12354.5 5225.56 1409.51 331.006
 70879 19193.9 5194.77 2197.23 731.849
 65921.2 34977.9 9226.07 2497.01 1407.94
 132642 30771.7 12588.6 3320.47 1405.4
 101088 63669.7 12806.4 5239.06 1966.79
 153256 47502.3 23722.1 4771.42 2684.76
 153085 71635.1 17215.9 8597.4 2702.28
 79808.6 72776 28350.7 6813.46 4472.03
 52380.3 36442 23353.2 9097.52 3621.43
 61755.7 24200.4 12431.1 7966.29 4338.7
 34238 27740.3 7130.8 3662.91 3625.74
 24145.7 14880.8 6885.31 1769.91 1809.09
 27805.9 10920.6 4543.68 2102.35 1092.81
 24468.9 13299.9 4461.77 1856.39 1305.43
 30982.7 11759.5 5569.82 1868.54 1324.13
 34917 15024.2 5160.29 2444.15 1401.01
 61174.7 16990.5 6712.2 2305.4 1717.86
 79878.6 29741.5 7556.27 2985.15 1789.28
 82081.8 39269 14015 3560.72 2249.85
 137578 40216.7 18183.7 6489.7 2690.61
 190714 67127.2 18223 8239.4 4159.79
 73636.6 93068.7 30442.6 8264.24 5623.1
 87562.5 36012.6 42685.4 13962.3 6369.34
 116454 42775.6 16421.6 19464.4 9271.16
pred_Ctot
 3441.3 3913.72 1437.68 167.626 0.135666
 3223.39 5656.14 941.898 345.999 40.3745
 2947.17 9470.56 2554.53 425.398 174.502
 904.686 1374.84 581.517 156.855 36.8354
 318.034 443.004 119.898 50.7132 16.8915
 2854.15 7053.09 1860.38 503.507 283.903
 3190.06 3620.08 1480.96 390.63 165.335
 3917.39 11624.7 2338.17 956.535 359.092
 6495.34 9398.14 4693.31 944.006 531.168
 4709.73 10596.9 2546.73 1271.81 399.747
 4641.95 18986 7396.21 1777.51 1166.67
 2633.54 8383.4 5372.36 2092.87 833.101
 4263.1 7291.16 3745.28 2400.1 1307.17
 3095.86 10378.8 2667.94 1370.45 1356.55
 1557.72 4237.66 1960.76 504.024 515.181
 737.458 1407.83 585.747 271.024 140.879
 567.933 1513.26 507.66 211.22 148.532
 523.986 990.8 469.288 157.434 111.565
 505.685 1090.8 374.651 177.452 101.717
 923.631 1283.97 507.241 174.219 129.818
 576.04 1095.53 278.335 109.958 65.9083
 788.363 1914.65 683.334 173.611 109.696
 1728.06 2544.91 1150.66 410.669 170.262
 2373.44 4209.96 1142.88 516.744 260.886
 803.414 5137.48 1680.46 456.193 310.4
 1024.41 2127.3 2521.46 824.765 376.243
 2030.42 3710.57 1424.49 1688.44 804.227
F
 0.110487 0.574952 0.574952 0.574952 0.574952
 0.0914553 0.475917 0.475917 0.475917 0.475917
 0.151252 0.787085 0.787085 0.787085 0.787085
 0.0319697 0.166364 0.166364 0.166364 0.166364
 0.00625646 0.0325575 0.0325575 0.0325575 0.0325575
 0.0618637 0.321927 0.321927 0.321927 0.321927
 0.0339459 0.176648 0.176648 0.176648 0.176648
 0.05521 0.287303 0.287303 0.287303 0.287303
 0.0605222 0.314946 0.314946 0.314946 0.314946
 0.0436089 0.226933 0.226933 0.226933 0.226933
 0.0839095 0.43665 0.43665 0.43665 0.43665
 0.0721619 0.375518 0.375518 0.375518 0.375518
 0.1003 0.521945 0.521945 0.521945 0.521945
 0.133267 0.693496 0.693496 0.693496 0.693496
 0.093457 0.486333 0.486333 0.486333 0.486333
 0.0374928 0.195105 0.195105 0.195105 0.195105
 0.0327434 0.170391 0.170391 0.170391 0.170391
 0.0237643 0.123665 0.123665 0.123665 0.123665
 0.0203194 0.105738 0.105738 0.105738 0.105738
 0.0211914 0.110276 0.110276 0.110276 0.110276
 0.0100723 0.0524142 0.0524142 0.0524142 0.0524142
 0.0134347 0.0699117 0.0699117 0.0699117 0.0699117
 0.0176018 0.0915967 0.0915967 0.0915967 0.0915967
 0.0174385 0.090747 0.090747 0.090747 0.090747
 0.0152738 0.079482 0.079482 0.079482 0.079482
 0.0163858 0.0852689 0.0852689 0.0852689 0.0852689
 0.0245074 0.127532 0.127532 0.127532 0.127532
Np
 60336 28038 19838.4 6573.62 3410.83
YTP_r0W_actual
 44268.5 197940 110466 167213 88385
YTP_p0W_proyectada
 22935.9 261123 125782 61667 116570
 22935.9 129743 133451 56472 32516.6
CTP_r0_actual
 5398.6 9163.9 3518.04 4169.9 1986.18
CTP_p0_proyectada
 2797.06 12089 4005.79 1537.83 2619.56
 2797.06 6006.64 4250.03 1408.28 730.71
Wmedp
 8.2 21.6 31.4 40.1 44.5
nmprior
 10.8 10.6 4.6 0
nm_flota  nm_reclas  nm_pelaces    nm_pelaL
inf 12.6177 16.8003 51.9332
cv_recla  cv_pelaces  cv_mph
0.90638 0.561036 0.585242
 ------------------------------------------------
Talla a la edad & desviaci?n 
 7.2 14.2025 17.0495 18.207 18.6776
 1.08 2.13037 2.55742 2.73105 2.80164
