years
 1997 1998 1999 2000 2001 2002 2003 2004 2005 2006 2007 2008 2009 2010 2011 2012 2013 2014 2015 2016 2017 2018 2019 2020 2021 2022 2023
reclasobs
 0 0 0 370054 412103 1.49427e+06 250295 1.28982e+06 931140 785840 897777 1.04006e+06 184774 17550 25797 100020 73551 82996 120727 218422 84188 347160 605670 569463 516374 1.08416e+06 1.01767e+06
reclaspred
 4.34157e+06 554755 504615 44563.4 193976 163313 843749 691073 743712 1.17792e+06 1.15199e+06 807697 573973 293211 154318 113478 109243 136905 148813 165980 264770 247274 374253 612991 809075 520142 35839.3
pelacesobs
 0 0 0 0 0 0 0 0 0 2.06254e+06 1.5e+06 0 1.87456e+06 323000 250000 174000 83755 137374 0 501740 490994 745055 786931 1.00524e+06 1.33801e+06 1.41789e+06 0
pelacespred
 8.44537e+06 3.50437e+06 560695 77868.5 350850 168946 1.82645e+06 1.4005e+06 1.38854e+06 2.32392e+06 2.06981e+06 1.54676e+06 1.05009e+06 431583 214782 180262 175357 231267 261467 275083 541835 516476 579268 1.03966e+06 1.52257e+06 1.06887e+06 20702.2
mphobs
 0 0 0 0 0 0 112323 0 153150 637223 0 255016 313432 73983 77613 109348 50772 17779 17303 59886 28197 0 207744 136588 643089 65757 70829
mphpred
 1.21257e+06 492704 180748 34539.8 24097.8 93174.1 148230 341589 247700 343974 503822 324096 214056 160226 70509.3 40156.5 32190.3 38810.5 45605.1 41631.5 63299 86890.5 88157.1 143515 238190 154702 44320.9
desembarqueobs
 350755 77701 442110 56441 14545 235359 269955 359681 431902 328805 639364 411747 362871 311530 167758 66681 60226 58785 57116 73181 50977 67692 138656 160484 209506 203330 245020
desembarquepred
 350742 77674 441423 56388.5 14540 234876 269623 359181 431008 328439 638194 410912 362036 311116 167480 66629.3 60181.3 58691.2 57023.2 73068.5 50947.5 67616.9 138495 160319 209311 203021 244417
Reclutas
 6541.11 9613.16 1114.53 2776.24 31687.5 13766.1 77524.4 40958.3 77198.8 130141 56530.1 53100.2 63364.9 27054.6 10508.2 9465.65 7027.46 8760.52 8148.75 10620 16581.9 16172.9 31668.2 57944.4 7911.59 18532.8 603.512
log_desv_Rt
 -0.894138 -0.509112 -2.66381 -1.75115 0.683679 -0.150039 1.57835 0.94031 1.57414 2.09637 1.26253 1.19994 1.37667 0.525611 -0.420091 -0.524575 -0.822419 -0.60199 -0.67438 -0.409505 0.0360697 0.0110938 0.68307 1.28724 -0.703916 0.147297 -3.27723
SSB
 1.55468e+06 631716 231744 44284.9 30896.7 119462 181958 429902 303416 428122 645970 415536 287237 208175 96928.4 56709.8 49024.9 54811.5 68898.1 68945.2 94549.4 125335 133220 201404 377910 265335 80088.8
BT
 1.96273e+06 758054 349428 87941.6 181928 233925 1.14822e+06 860902 1.01759e+06 1.25698e+06 1.20582e+06 882781 768380 442542 215841 116056 111277 132857 125810 150193 232250 196721 278375 493060 508174 435061 200090
Ftot
 0.162292 0.314975 1.61499 2.56265 0.50259 2.53171 1.79793 1.25415 2.02336 0.975084 1.20421 1.2648 1.84446 2.25084 2.29175 1.40679 1.41222 1.20529 0.90091 1.14651 0.545236 0.632135 0.94215 0.784451 0.498668 0.913816 4.95303
BD_Bspro_t
 0.974712 0.81488 0.513574 0.102195 0.142265 0.412527 0.364796 0.495616 0.359964 0.404522 0.470303 0.301067 0.231884 0.198803 0.114559 0.0850127 0.102536 0.158808 0.236411 0.282822 0.380259 0.511508 0.482874 0.513465 0.590881 0.425569 0.164969
BD_Bspro
 4.7061 1.91224 0.701502 0.134053 0.0935261 0.361619 0.550796 1.30134 0.918458 1.29595 1.95539 1.25785 0.869482 0.630158 0.293408 0.171664 0.148401 0.165917 0.208558 0.208701 0.286206 0.379397 0.403266 0.609662 1.14395 0.803183 0.242433
BD_Bo
 2.44112 0.991906 0.363879 0.0695351 0.0485133 0.187577 0.285706 0.675023 0.476417 0.672227 1.01429 0.652465 0.451013 0.326872 0.152195 0.0890444 0.0769778 0.0860638 0.108182 0.108256 0.148459 0.196799 0.20918 0.31624 0.593386 0.416622 0.125754
BD_Brms
 4.4384 1.80347 0.661598 0.126427 0.088206 0.341049 0.519465 1.22731 0.866213 1.22223 1.84416 1.1863 0.820023 0.594313 0.276718 0.161899 0.13996 0.15648 0.196695 0.196829 0.269926 0.357816 0.380327 0.574982 1.07888 0.757495 0.228643
S_f
 0.101801 1 1 1 1
 0.101801 1 1 1 1
 0.101801 1 1 1 1
 0.101801 1 1 1 1
 0.101801 1 1 1 1
 0.101801 1 1 1 1
 0.101801 1 1 1 1
 0.101801 1 1 1 1
 0.101801 1 1 1 1
 0.101801 1 1 1 1
 0.101801 1 1 1 1
 0.101801 1 1 1 1
 0.101801 1 1 1 1
 0.101801 1 1 1 1
 0.101801 1 1 1 1
 0.101801 1 1 1 1
 0.101801 1 1 1 1
 0.101801 1 1 1 1
 0.101801 1 1 1 1
 0.101801 1 1 1 1
 0.101801 1 1 1 1
 0.101801 1 1 1 1
 0.101801 1 1 1 1
 0.101801 1 1 1 1
 0.101801 1 1 1 1
 0.101801 1 1 1 1
 0.101801 1 1 1 1
Scru_reclas
 0.420657 0.785138 0.948427 0.989311 0.997858
 0.420657 0.785138 0.948427 0.989311 0.997858
 0.420657 0.785138 0.948427 0.989311 0.997858
 0.420657 0.785138 0.948427 0.989311 0.997858
 0.420657 0.785138 0.948427 0.989311 0.997858
 0.420657 0.785138 0.948427 0.989311 0.997858
 0.420657 0.785138 0.948427 0.989311 0.997858
 0.420657 0.785138 0.948427 0.989311 0.997858
 0.420657 0.785138 0.948427 0.989311 0.997858
 0.420657 0.785138 0.948427 0.989311 0.997858
 0.420657 0.785138 0.948427 0.989311 0.997858
 0.420657 0.785138 0.948427 0.989311 0.997858
 0.420657 0.785138 0.948427 0.989311 0.997858
 0.420657 0.785138 0.948427 0.989311 0.997858
 0.420657 0.785138 0.948427 0.989311 0.997858
 0.420657 0.785138 0.948427 0.989311 0.997858
 0.420657 0.785138 0.948427 0.989311 0.997858
 0.420657 0.785138 0.948427 0.989311 0.997858
 0.420657 0.785138 0.948427 0.989311 0.997858
 0.420657 0.785138 0.948427 0.989311 0.997858
 0.420657 0.785138 0.948427 0.989311 0.997858
 0.420657 0.785138 0.948427 0.989311 0.997858
 0.420657 0.785138 0.948427 0.989311 0.997858
 0.420657 0.785138 0.948427 0.989311 0.997858
 0.420657 0.785138 0.948427 0.989311 0.997858
 0.420657 0.785138 0.948427 0.989311 0.997858
 0.420657 0.785138 0.948427 0.989311 0.997858
Scru_pelaces
 0.291296 0.674112 0.912359 0.98127 0.996222
 0.291296 0.674112 0.912359 0.98127 0.996222
 0.291296 0.674112 0.912359 0.98127 0.996222
 0.291296 0.674112 0.912359 0.98127 0.996222
 0.291296 0.674112 0.912359 0.98127 0.996222
 0.291296 0.674112 0.912359 0.98127 0.996222
 0.291296 0.674112 0.912359 0.98127 0.996222
 0.291296 0.674112 0.912359 0.98127 0.996222
 0.291296 0.674112 0.912359 0.98127 0.996222
 0.291296 0.674112 0.912359 0.98127 0.996222
 0.291296 0.674112 0.912359 0.98127 0.996222
 0.291296 0.674112 0.912359 0.98127 0.996222
 0.291296 0.674112 0.912359 0.98127 0.996222
 0.291296 0.674112 0.912359 0.98127 0.996222
 0.291296 0.674112 0.912359 0.98127 0.996222
 0.291296 0.674112 0.912359 0.98127 0.996222
 0.291296 0.674112 0.912359 0.98127 0.996222
 0.291296 0.674112 0.912359 0.98127 0.996222
 0.291296 0.674112 0.912359 0.98127 0.996222
 0.291296 0.674112 0.912359 0.98127 0.996222
 0.291296 0.674112 0.912359 0.98127 0.996222
 0.291296 0.674112 0.912359 0.98127 0.996222
 0.291296 0.674112 0.912359 0.98127 0.996222
 0.291296 0.674112 0.912359 0.98127 0.996222
 0.291296 0.674112 0.912359 0.98127 0.996222
 0.291296 0.674112 0.912359 0.98127 0.996222
 0.291296 0.674112 0.912359 0.98127 0.996222
pf_obs 
 0.256992 0.487395 0.22802 0.0275931 0
 0.321318 0.546541 0.124235 0.00734118 0.000564706
 0.182869 0.594174 0.210203 0.0122559 0.00049798
 0.330522 0.361315 0.267642 0.0388342 0.00168674
 0.649043 0.306663 0.0425973 0.00169635 0
 0.582887 0.30429 0.105238 0.00758474 0
 0.465427 0.430635 0.0974691 0.00646863 0
 0.296916 0.608066 0.0921331 0.00288517 0
 0.311714 0.524322 0.152257 0.0117073 0
 0.15457 0.633149 0.183074 0.0267441 0.00246327
 0.131901 0.49318 0.331252 0.0422183 0.00144891
 0.196976 0.569456 0.194076 0.0375587 0.00193317
 0.518974 0.381816 0.0799577 0.0180837 0.00116848
 0.0928022 0.601141 0.25162 0.0475244 0.00691264
 0.122501 0.610282 0.24278 0.0234846 0.000952079
 0.383417 0.481906 0.127806 0.00687128 0
 0.0376549 0.599619 0.316969 0.0457579 0
 0.0361596 0.667082 0.258105 0.0386534 0
 0.158088 0.579412 0.248529 0.0139706 0
 0.0477256 0.309471 0.559284 0.082774 0.000745712
 0.0406174 0.521527 0.379366 0.0568643 0.0016247
 0.151134 0.462217 0.34131 0.0453401 0
 0.294876 0.26143 0.354403 0.0886775 0.000613685
 0.281977 0.475581 0.204845 0.0348837 0.00271318
 0.0841818 0.532909 0.334909 0.0458182 0.00218182
 0.115287 0.27431 0.454777 0.147771 0.00785563
 0 0 0 0 0
pf_pred 
 0.0115708 0.62222 0.322222 0.0439851 1.72009e-06
 0.0369605 0.106902 0.538942 0.279096 0.0380996
 0.012795 0.303169 0.0759315 0.382804 0.2253
 0.239497 0.182526 0.177496 0.0444554 0.356026
 0.774235 0.210891 0.00356979 0.00347141 0.00783249
 0.165548 0.815814 0.0174102 0.000294705 0.000933195
 0.7079 0.262135 0.0292955 0.00062519 4.40932e-05
 0.165557 0.822027 0.0111424 0.00124524 2.84487e-05
 0.400913 0.476386 0.120875 0.00163843 0.00018729
 0.365234 0.606056 0.0228304 0.00579285 8.74962e-05
 0.119549 0.797087 0.0795936 0.00299832 0.000772269
 0.195939 0.579427 0.203365 0.0203071 0.00096201
 0.296483 0.5822 0.0874241 0.0306837 0.00320909
 0.164923 0.770125 0.0537518 0.00807146 0.00312917
 0.152619 0.744346 0.0950206 0.00663208 0.00138197
 0.247679 0.655475 0.0850704 0.0108598 0.000915916
 0.199801 0.700931 0.086489 0.0112249 0.00155379
 0.275116 0.611139 0.0996339 0.012294 0.00181643
 0.207798 0.695763 0.0813066 0.0132554 0.00187726
 0.261447 0.595904 0.125283 0.0146405 0.00272487
 0.276716 0.626844 0.0778134 0.0163595 0.00226758
 0.18222 0.681424 0.118175 0.0146696 0.00351164
 0.311662 0.518475 0.14154 0.0245463 0.00377646
 0.326434 0.593217 0.0605213 0.0165218 0.00330609
 0.0311441 0.851072 0.103733 0.0105831 0.00346722
 0.169561 0.241233 0.517577 0.063085 0.00854465
 0.0181754 0.752203 0.0667023 0.143113 0.019806
pobs_RECLAS
 0 0 0 0 0
 0 0 0 0 0
 0 0 0 0 0
 0 0 0 0 0
 0.835266 0.146461 0.0176864 0.000547809 3.91292e-05
 0.385257 0.428462 0.181853 0.0044286 0
 0.867414 0.0963971 0.0333333 0.00285562 0
 0.441836 0.489002 0.0689373 0.000224442 0
 0.779404 0.147425 0.0564933 0.0165055 0.000172143
 0.814271 0.122319 0.05973 0.00367925 0
 0.40263 0.566651 0.0304383 0.000280538 0
 0.475488 0.404961 0.113038 0.00651328 0
 0.955842 0.0263864 0.0167828 0.000988607 0
 0.975058 0.0227948 0.00214734 0 0
 0.738997 0.206755 0.0527124 0.00153531 0
 0.850938 0.134255 0.0134407 0.00136685 0
 0.542534 0.407297 0.0501686 0 0
 0.764087 0.199537 0.0359546 0.000420521 0
 0.470689 0.182191 0.310203 0.0369168 0
 0.84361 0.089868 0.0606195 0.00523954 0.000663233
 0.607945 0.314616 0.071237 0.00620181 0
 0.523733 0.453247 0.0230204 0 0
 0.530135 0.295979 0.169645 0.0042399 0
 0.562478 0.366248 0.0663022 0.0049721 0
 0.250443 0.683176 0.0655157 0.000865301 0
 0.195077 0.31981 0.436473 0.0351445 0.0134964
 0.565238 0.351407 0.0832357 0.000118908 0
ppred_RECLAS
 0.0544841 0.551438 0.344958 0.0491185 1.93743e-06
 0.14634 0.0788049 0.479917 0.259242 0.0356952
 0.064988 0.243615 0.0737053 0.387599 0.230093
 0.668716 0.0667831 0.078449 0.0204953 0.165556
 0.948469 0.0473456 0.000968102 0.000982003 0.00223482
 0.599428 0.38978 0.0100482 0.00017742 0.000566661
 0.93935 0.0532854 0.00719352 0.000160133 1.13914e-05
 0.541412 0.450335 0.00737369 0.000859585 1.98077e-05
 0.813831 0.141968 0.043514 0.000615246 7.09365e-05
 0.766016 0.221213 0.0100663 0.00266426 4.05891e-05
 0.441023 0.496165 0.059849 0.00235172 0.000610959
 0.578971 0.286367 0.121411 0.0126462 0.000604264
 0.727665 0.217034 0.0393681 0.0144128 0.00152041
 0.580731 0.380227 0.0320577 0.00502135 0.00196351
 0.558111 0.378397 0.058351 0.00424824 0.000892882
 0.661846 0.28671 0.0449493 0.00598542 0.000509173
 0.597918 0.343059 0.0511343 0.0069225 0.000966513
 0.685171 0.256781 0.0505693 0.00650881 0.000969983
 0.592681 0.348553 0.049203 0.00836734 0.00119524
 0.666463 0.258409 0.0656266 0.00799969 0.00150175
 0.670692 0.277327 0.0415858 0.00911988 0.00127502
 0.543072 0.367552 0.0769987 0.00997027 0.00240732
 0.710924 0.206678 0.0681557 0.0123293 0.00191326
 0.726166 0.234967 0.0289573 0.00824588 0.00166429
 0.145947 0.731159 0.107652 0.0114563 0.00378573
 0.502624 0.125401 0.325009 0.0413215 0.0056452
 0.205306 0.575733 0.0616715 0.138023 0.0192666
pobs_PELACES
 0 0 0 0 0
 0 0 0 0 0
 0 0 0 0 0
 0 0 0 0 0
 0 0 0 0 0
 0 0 0 0 0
 0 0 0 0 0
 0 0 0 0 0
 0 0 0 0 0
 0 0 0 0 0
 0.450072 0.473896 0.0757376 0.000293798 0
 0 0 0 0 0
 0.463077 0.371075 0.160297 0.00555027 0
 0.529543 0.364841 0.0842815 0.0213345 0
 0.631943 0.363953 0.00410389 0 0
 0.735681 0.248677 0.0153453 0.000297389 0
 0.695825 0.281241 0.0229344 0 0
 0.275771 0.60734 0.115278 0.00161068 0
 0 0 0 0 0
 0.896147 0.0623911 0.0374545 0.00400742 0
 0.803859 0.145111 0.0509908 3.86294e-05 0
 0.739449 0.233085 0.0266225 0.000797448 4.60066e-05
 0.878498 0.100942 0.0204185 0.000141795 0
 0.694673 0.275183 0.0284847 0.00165964 0
 0.469039 0.446079 0.0841089 0.000773354 0
 0.822795 0.102175 0.0682046 0.00682512 0
 0 0 0 0 0
ppred_PELACES
 0.0443017 0.529829 0.371347 0.0545197 2.16455e-06
 0.119198 0.0724925 0.494632 0.275496 0.0381813
 0.0751219 0.216334 0.0733322 0.397624 0.237588
 0.756595 0.0438313 0.0576874 0.0155396 0.126347
 0.944508 0.0503668 0.00115388 0.00120683 0.00276445
 0.718122 0.273376 0.00789597 0.000143751 0.000462131
 0.954495 0.0393995 0.00595936 0.000136784 9.79403e-06
 0.57945 0.412061 0.00755937 0.000908623 2.10747e-05
 0.861941 0.102342 0.0351452 0.000512365 5.94611e-05
 0.777819 0.208599 0.0106352 0.00290233 4.45053e-05
 0.472846 0.461584 0.0623816 0.00252744 0.000660902
 0.608159 0.256359 0.121775 0.0130784 0.000629003
 0.783862 0.167797 0.0341017 0.0128729 0.00136684
 0.68269 0.284398 0.0268653 0.00433884 0.00170772
 0.663785 0.282894 0.0488764 0.00366906 0.000776195
 0.701547 0.248331 0.0436201 0.00598897 0.000512807
 0.641565 0.3003 0.0501505 0.00700036 0.000983776
 0.710351 0.230921 0.0509522 0.00676195 0.0010143
 0.600856 0.335449 0.0530548 0.00930281 0.00133756
 0.687679 0.235347 0.0669665 0.00841676 0.00159038
 0.654296 0.285389 0.0479474 0.0108418 0.00152568
 0.530171 0.368879 0.0865814 0.0115596 0.00280931
 0.716805 0.195421 0.0722029 0.0134674 0.00210355
 0.726021 0.230844 0.0318748 0.00935879 0.00190127
 0.135664 0.726892 0.11991 0.0131575 0.00437632
 0.494257 0.116615 0.338632 0.0443917 0.00610431
 0.465101 0.372524 0.0447089 0.10317 0.0144958
pobs_pel_tallas
 0 0 0 0 0 0 0 0 0 0 0 0 0 0 0 0 0 0 0 0 0 0 0 0 0 0 0 0 0 0 0 0 0 0 0 0
 0 0 0 0 0 0 0 0 0 0 0 0 0 0 0 0 0 0 0 0 0 0 0 0 0 0 0 0 0 0 0 0 0 0 0 0
 0 0 0 0 0 0 0 0 0 0 0 0 0 0 0 0 0 0 0 0 0 0 0 0 0 0 0 0 0 0 0 0 0 0 0 0
 0 0 0 0 0 0 0 0 0 0 0 0 0 0 0 0 0 0 0 0 0 0 0 0 0 0 0 0 0 0 0 0 0 0 0 0
 0 0 0 0 0 0 0 0 0 0 0 0 0 0 0 0 0 0 0 0 0 0 0 0 0 0 0 0 0 0 0 0 0 0 0 0
 0 0 0 0 0 0 0 0 0 0 0 0 0 0 0 0 0 0 0 0 0 0 0 0 0 0 0 0 0 0 0 0 0 0 0 0
 0 0 0 0 0 0 0 0 0 0 0 0 0 0 0 0 0 0 0 0 0 0 0 0 0 0 0 0 0 0 0 0 0 0 0 0
 0 0 0 0 0 0 0 0 0 0 0 0 0 0 0 0 0 0 0 0 0 0 0 0 0 0 0 0 0 0 0 0 0 0 0 0
 0 0 0 0 0 0 0 0 0 0 0 0 0 0 0 0 0 0 0 0 0 0 0 0 0 0 0 0 0 0 0 0 0 0 0 0
 0 0 0 0 0 0 0 0 0 0 0 0 0 0 0 0 0 0 0 0 0 0 0 0 0 0 0 0 0 0 0 0 0 0 0 0
 0 0 0 0 0 0 0 0 1.78061e-05 0.00172719 0.00360574 0.0105946 0.0120993 0.0124554 0.0147524 0.0171206 0.0266825 0.0428682 0.0675386 0.121331 0.153587 0.119568 0.100827 0.0573624 0.0630603 0.0341343 0.0324427 0.0444173 0.0211091 0.0280891 0.0125444 0.00206551 0 0 0 0
 0 0 0 0 0 0 0 0 0 0 0 0 0 0 0 0 0 0 0 0 0 0 0 0 0 0 0 0 0 0 0 0 0 0 0 0
 0 0 0 0 0 0 0.0133647 0.0140871 0.0187388 0.0205184 0.03894 0.0496705 0.03968 0.0493445 0.0407372 0.0367815 0.0215668 0.0243155 0.0234873 0.0199281 0.019796 0.0243948 0.0301388 0.0376714 0.0412746 0.0863199 0.0771752 0.113111 0.0741005 0.0525337 0.0229764 0.00759418 0.00175318 0 0 0
 0 0 0 0 0 0 0 0 0 0 0.00219441 0.00772107 0.0458388 0.0604681 0.0671733 0.0775358 0.0609151 0.0617685 0.073594 0.0568108 0.0755445 0.0548602 0.0670107 0.0636378 0.0643287 0.046367 0.0373049 0.0286899 0.0247887 0.0153202 0.00654259 0.00121912 0.000365735 0 0 0
 0 0 0 0 0 0 0 0 0 0 0 0 0.000112435 0.00938835 0.0111873 0.0202946 0.0414886 0.0713402 0.111592 0.104902 0.108894 0.110636 0.117776 0.105296 0.107544 0.0401394 0.0192827 0.0124803 0.00416011 0.0028671 0.000618394 0 0 0 0 0
 0 0 0 0 0 0 0 0 0 0 0.00291406 0.0102884 0.027416 0.0768956 0.0749926 0.110853 0.0956884 0.0897413 0.0766577 0.0534642 0.0500743 0.0551293 0.0594112 0.0620874 0.0668451 0.0424026 0.0208742 0.0120726 0.0048766 0.00582813 0.00118941 0.000297354 0 0 0 0
 0 0.00264628 0.0354308 0.0461629 0.0458689 0.0383711 0.0214643 0.0164657 0.0346957 0.0420465 0.0363128 0.0245516 0.0311673 0.0291091 0.0169068 0.0133784 0.00837989 0.0085269 0.0148486 0.0160247 0.0276389 0.0546898 0.0760071 0.122758 0.109233 0.0665981 0.0333725 0.0166128 0.00676272 0.00308733 0.000882094 0 0 0 0 0
 0 0 0 0 0 0 0 0.000805153 0.000690131 0.00759144 0.0133425 0.0154129 0.00931677 0.000345066 0.00356568 0.00563607 0.00851162 0.0253048 0.0502646 0.0516448 0.0657925 0.0565908 0.0611916 0.0827007 0.0866115 0.110766 0.145733 0.0935128 0.0569358 0.0249597 0.0138026 0.00621118 0.00161031 0.00115022 0 0
 0 0 0 0 0 0 0 0 0 0 0 0 0 0 0 0 0 0 0 0 0 0 0 0 0 0 0 0 0 0 0 0 0 0 0 0
 0.00147267 0.00158595 0.00478618 0.00569244 0.00954404 0.0108468 0.00647125 0.017049 0.0510054 0.094081 0.124002 0.0959785 0.0687766 0.0820023 0.061753 0.0591476 0.0492212 0.0479892 0.0443925 0.0268479 0.0217502 0.0140895 0.0121071 0.0120363 0.00920419 0.00665534 0.0049561 0.00860946 0.00930331 0.0156896 0.0114698 0.00855282 0.00243557 0.00046729 0 2.83206e-05
 0 0 0 0 0.000772559 0.00158375 0.000888443 0.00281984 0.00712685 0.0440552 0.0773331 0.111326 0.0921469 0.0852325 0.0710754 0.0886704 0.0786465 0.0553345 0.0373146 0.0185414 0.00753245 0.00457741 0.012979 0.0271748 0.0457355 0.0583668 0.034881 0.0177882 0.00938659 0.00492506 0.0015258 0.00185414 0.000309023 5.79419e-05 3.86279e-05 0
 0 0.00173294 0.00326652 0 0.00397197 0.00683976 0.00946217 0.0152591 0.00757587 0.0136028 0.0228656 0.0392903 0.0559909 0.0764795 0.0681675 0.0726916 0.0566044 0.0477403 0.0527397 0.0444891 0.0609904 0.0582453 0.0661739 0.0445044 0.0529084 0.0360697 0.0280645 0.0235558 0.0158879 0.00826598 0.00280645 0.00217768 0.000904811 0.00058276 9.20147e-05 0
 0 0 0 0 0 0 0 0 0 0 0 0 0 0 0 0 0 0 0 0 0 0 0 0 0 0 0 0 0 0 0 0 0 0 0 0
 0 0 0 0 0 0 0 0 0 0 0 0 0 0 0 0 0 0 0 0 0 0 0 0 0 0 0 0 0 0 0 0 0 0 0 0
 0 0 0 0 0 0 0 0 0 0 0 0 0 0 0 0 0 0 0 0 0 0 0 0 0 0 0 0 0 0 0 0 0 0 0 0
 0 0 0 0 0 0 0 0 0 0 0 0 0 0 0 0 0 0 0 0 0 0 0 0 0 0 0 0 0 0 0 0 0 0 0 0
 0 0 0 0 0 0 0 0 0 0 0 0 0 0 0 0 0 0 0 0 0 0 0 0 0 0 0 0 0 0 0 0 0 0 0 0
ppred_pel_tallas
 1.07318e-16 1.96676e-06 1.14571e-05 5.42833e-05 0.000208694 0.000650517 0.00164373 0.0033677 0.00559915 0.00757047 0.00837265 0.00770539 0.00621508 0.00504143 0.00509859 0.00678534 0.0101657 0.0152115 0.0218535 0.0298907 0.0388965 0.0482033 0.0569795 0.0643756 0.0696942 0.0725252 0.0728068 0.070792 0.0669446 0.061806 0.0558807 0.0495709 0.0431669 0.0368717 0.0308388 0.0251995
 1.18296e-16 5.21403e-06 3.05636e-05 0.000145211 0.000558949 0.00174289 0.00440241 0.00900878 0.0149367 0.0200707 0.0218704 0.0193621 0.0140163 0.00850184 0.00474624 0.00319372 0.00339217 0.0048138 0.00720544 0.0105427 0.0148828 0.0202594 0.0266277 0.0338379 0.0416252 0.0496122 0.0573283 0.0642442 0.0698248 0.0735936 0.0752 0.0744762 0.0714704 0.0664436 0.0598344 0.0521932
 1.25876e-16 3.29624e-06 1.92955e-05 9.1621e-05 0.000352579 0.00109931 0.00277696 0.00568387 0.00942888 0.0126848 0.0138617 0.0123657 0.0091551 0.0059586 0.00405296 0.00379085 0.00495885 0.00727541 0.0105887 0.0148282 0.0199057 0.0256639 0.0318791 0.0382968 0.044674 0.0508086 0.0565417 0.061733 0.066225 0.0698147 0.0722529 0.0732769 0.0726685 0.0703154 0.066259 0.0607081
 1.07271e-16 3.30053e-05 0.000193728 0.000920925 0.00354566 0.0110569 0.0279286 0.0571446 0.0947199 0.127195 0.138384 0.121996 0.0871779 0.0505742 0.0239801 0.0096085 0.00381239 0.00232675 0.00256887 0.0034688 0.00469117 0.00613609 0.00774947 0.00947662 0.0112586 0.0130357 0.0147482 0.0163338 0.0177238 0.0188425 0.0196109 0.0199571 0.0198297 0.019211 0.0181242 0.0166348
 1.00204e-16 4.11996e-05 0.000241835 0.00114963 0.00442622 0.0138028 0.0348647 0.0713365 0.118243 0.158781 0.172744 0.152273 0.108786 0.0630511 0.0297818 0.0117228 0.00429654 0.00214647 0.00200861 0.002502 0.003161 0.00381808 0.00437492 0.00475346 0.00490033 0.00479784 0.00446813 0.00396673 0.00336833 0.00274914 0.00217167 0.00167597 0.00127824 0.000975312 0.000752165 0.000589346
 1.00228e-16 3.13372e-05 0.000183913 0.000874217 0.00336574 0.0104957 0.0265115 0.0542468 0.0899232 0.120774 0.13145 0.116005 0.0831652 0.0487869 0.0241445 0.0114274 0.00725435 0.00761901 0.0100373 0.013355 0.0169961 0.0205085 0.023439 0.0253729 0.0260203 0.0252865 0.0232959 0.0203584 0.0168912 0.0133228 0.0100085 0.00718096 0.00494058 0.00327794 0.00211321 0.00133636
 1.00103e-16 4.16347e-05 0.00024439 0.00116178 0.004473 0.0139487 0.0352332 0.0720903 0.119492 0.160458 0.174565 0.153873 0.109915 0.0636778 0.0300261 0.0117288 0.00415551 0.00189031 0.00163545 0.00200101 0.00252762 0.00306182 0.0035221 0.00384557 0.00398835 0.0039338 0.00369598 0.00331523 0.0028475 0.00235113 0.00187538 0.00145356 0.00110172 0.000821607 0.000605781 0.000442741
 1.00274e-16 2.52961e-05 0.000148434 0.000705515 0.00271615 0.00846996 0.0213948 0.0437787 0.0725762 0.0974924 0.106156 0.0937911 0.0674746 0.0400553 0.0207018 0.0112636 0.00909272 0.0110099 0.0150082 0.0200705 0.0255509 0.0308197 0.0352034 0.0380791 0.0390116 0.0378604 0.0348167 0.0303512 0.0250965 0.0197012 0.0147027 0.0104521 0.00709912 0.00462712 0.0029123 0.00178512
 1.00553e-16 3.76015e-05 0.000220706 0.00104917 0.0040394 0.0125966 0.0318178 0.0651026 0.107912 0.144914 0.157671 0.139021 0.0993925 0.0577574 0.0275653 0.011349 0.00495937 0.00352979 0.00408803 0.00535627 0.00686317 0.00838253 0.00973434 0.0107567 0.0113288 0.0113953 0.0109771 0.0101614 0.00907652 0.00786021 0.00663242 0.00547882 0.00444756 0.00355573 0.00280049 0.00216965
 1.00321e-16 3.39377e-05 0.000199186 0.000946839 0.00364538 0.0113678 0.0287141 0.0587531 0.0973905 0.130795 0.142336 0.125564 0.0899111 0.0525294 0.0255977 0.0114499 0.00638771 0.00604796 0.00774237 0.0102609 0.0130638 0.0157832 0.0180695 0.0196052 0.0201672 0.0196798 0.0182335 0.016059 0.013469 0.0107852 0.00827484 0.00611378 0.00437909 0.00306631 0.00211894 0.00145841
 1.01154e-16 2.06498e-05 0.000121151 0.000575799 0.00221669 0.0069124 0.0174606 0.0357295 0.0592361 0.0795844 0.0866879 0.0766651 0.0553161 0.0331638 0.0177403 0.0106152 0.00968841 0.0124113 0.017157 0.0230536 0.0294683 0.035723 0.0410689 0.0448005 0.0464098 0.0457065 0.0428611 0.0383518 0.0328394 0.0270116 0.0214471 0.0165355 0.0124617 0.00924093 0.00677994 0.00493791
 1.02291e-16 2.65419e-05 0.000155761 0.000740381 0.00285044 0.00888878 0.0224525 0.0459418 0.0761573 0.102289 0.11134 0.098281 0.070508 0.0414627 0.0207107 0.0101296 0.00688398 0.00761112 0.010235 0.0137973 0.0178156 0.0218937 0.0256137 0.0285707 0.0304492 0.0310883 0.0305091 0.0288928 0.026523 0.0237117 0.0207361 0.0178015 0.0150343 0.0124972 0.0102134 0.00818829
 1.01046e-16 3.41996e-05 0.000200727 0.000954174 0.00367363 0.0114559 0.0289367 0.0592081 0.0981436 0.131803 0.143424 0.126502 0.0905351 0.0527985 0.0255518 0.0111317 0.00579753 0.00514641 0.00647675 0.00859605 0.0110082 0.0134074 0.0155124 0.0170648 0.0178753 0.0178655 0.0170835 0.0156857 0.0138933 0.0119377 0.0100145 0.00825623 0.00672792 0.00544043 0.00437154 0.0034862
 1.00703e-16 2.97927e-05 0.000174844 0.0008311 0.00319973 0.00997801 0.0252038 0.0515713 0.0854889 0.11482 0.124977 0.110308 0.0791144 0.0464782 0.0231283 0.0111588 0.0073688 0.00796081 0.0105781 0.014118 0.0180154 0.0218106 0.0250352 0.0272556 0.0281632 0.0276473 0.0258206 0.022986 0.0195579 0.0159646 0.0125642 0.00959425 0.00716288 0.00527116 0.00385231 0.0028108
 1.00949e-16 2.89683e-05 0.000170005 0.000808091 0.00311114 0.00970175 0.024506 0.0501435 0.0831223 0.111643 0.12152 0.107262 0.0769412 0.0452244 0.0225474 0.0109515 0.00733031 0.00799726 0.0106658 0.0142662 0.0182477 0.0221579 0.0255314 0.0279334 0.0290485 0.028753 0.0271423 0.0244984 0.0212155 0.0177057 0.0143175 0.0112876 0.00873159 0.00666531 0.00504085 0.0037825
 1.0093e-16 3.06136e-05 0.000179667 0.000854033 0.00328804 0.0102534 0.0258994 0.0529943 0.0878465 0.117983 0.128409 0.113314 0.0812191 0.0476117 0.0235017 0.0110239 0.00687294 0.00713727 0.00939944 0.0125501 0.0160537 0.0195015 0.022483 0.0246165 0.0256246 0.025398 0.0240187 0.0217322 0.018882 0.0158272 0.0128714 0.0102206 0.00797565 0.0061504 0.00470398 0.00357187
 1.01097e-16 2.80002e-05 0.000164319 0.000781057 0.00300705 0.00937713 0.0236861 0.048466 0.0803424 0.107911 0.117465 0.103699 0.0744185 0.0438095 0.0219679 0.0108788 0.00755188 0.0084324 0.0113111 0.0151435 0.0193732 0.0235269 0.0271125 0.0296691 0.0308627 0.0305624 0.0288695 0.0260832 0.0226212 0.0189193 0.0153457 0.0121495 0.00945153 0.00726685 0.00554376 0.00420187
 1.01079e-16 3.09967e-05 0.000181918 0.000864739 0.00332926 0.010382 0.0262241 0.0536586 0.088947 0.119459 0.130011 0.114717 0.0822006 0.0481388 0.0236724 0.0109548 0.00663171 0.00673822 0.00882855 0.0117905 0.0151031 0.0183822 0.0212455 0.0233367 0.0243938 0.0243086 0.0231485 0.0211316 0.0185673 0.0157809 0.0130494 0.0105625 0.00841667 0.00663111 0.00517666 0.0040033
 1.01245e-16 2.62265e-05 0.000153903 0.00073153 0.00281634 0.00878241 0.0221839 0.0453928 0.0752495 0.101076 0.110037 0.0971725 0.0698026 0.0412282 0.0209255 0.0107781 0.00800893 0.0093056 0.0126 0.0168916 0.02161 0.0262387 0.03023 0.0330706 0.0343881 0.034038 0.0321353 0.0290158 0.0251473 0.0210176 0.0170375 0.0134844 0.0104914 0.00807322 0.00616982 0.0046895
 1.01391e-16 3.00084e-05 0.000176115 0.000837149 0.00322303 0.0100507 0.0253874 0.0519465 0.0861095 0.11565 0.125869 0.11107 0.0796044 0.0466536 0.0230082 0.0107598 0.00666903 0.00690419 0.00910183 0.0121847 0.0156418 0.0190881 0.0221357 0.0244194 0.0256665 0.0257573 0.0247479 0.022846 0.0203525 0.0175872 0.0148243 0.0122555 0.00998302 0.0080356 0.00639636 0.0050286
 1.01218e-16 2.85547e-05 0.000167576 0.000796545 0.00306668 0.00956311 0.0241558 0.049427 0.0819348 0.110048 0.119786 0.105736 0.0758549 0.0446033 0.0222701 0.0108707 0.00734656 0.00806645 0.0107776 0.0144241 0.0184585 0.0224276 0.0258636 0.028329 0.0295061 0.0292696 0.0277139 0.0251204 0.0218824 0.0184101 0.0150495 0.012034 0.00947648 0.00739062 0.00572823 0.00441528
 1.01878e-16 2.31457e-05 0.000135813 0.000645521 0.00248517 0.00774967 0.0195753 0.0400557 0.0664043 0.0892018 0.0971292 0.0858173 0.0617416 0.03666 0.0189641 0.0103518 0.0084094 0.0102424 0.0140347 0.0188811 0.0242194 0.0295001 0.0341252 0.0375261 0.039283 0.0392196 0.0374387 0.0342835 0.0302422 0.0258296 0.0214843 0.017508 0.0140553 0.0111597 0.00877894 0.00683833
 1.0165e-16 3.12768e-05 0.000183565 0.000872577 0.00335945 0.0104761 0.0264619 0.0541448 0.0897521 0.120538 0.131177 0.115726 0.0828812 0.0484525 0.0236696 0.0106916 0.00612191 0.0059537 0.00772555 0.0103385 0.013309 0.0163062 0.0190071 0.0211062 0.0223709 0.0226904 0.0220952 0.0207394 0.0188532 0.0166848 0.0144497 0.0123016 0.0103274 0.00856057 0.00700208 0.00563957
 1.00939e-16 3.168e-05 0.000185929 0.000883809 0.00340269 0.010611 0.0268025 0.054842 0.0909085 0.122093 0.132876 0.117241 0.0839995 0.0491734 0.0241457 0.0111129 0.00664211 0.00667592 0.00871071 0.0116078 0.0148357 0.0180064 0.0207379 0.0226768 0.023569 0.023317 0.0220023 0.0198581 0.0172075 0.0143864 0.0116761 0.00926505 0.00724135 0.00561141 0.00433049 0.00333292
 1.02596e-16 5.95797e-06 3.48724e-05 0.000165565 0.000637096 0.00198643 0.00501835 0.0102738 0.017051 0.0229627 0.025156 0.0225889 0.0170416 0.0117047 0.00896787 0.00955049 0.0131145 0.019115 0.0271016 0.0365848 0.0468458 0.0568869 0.0655434 0.0717043 0.0745617 0.0738009 0.0696689 0.0628927 0.054486 0.0455066 0.0368475 0.0291127 0.0225945 0.0173282 0.0131866 0.00997219
 1.06656e-16 2.15701e-05 0.000126584 0.000601695 0.00231651 0.00722376 0.0182467 0.0373354 0.0618887 0.0831187 0.0904598 0.0798164 0.0571894 0.0334887 0.0164724 0.00765374 0.00472797 0.00498636 0.00680313 0.0095065 0.0128539 0.0166966 0.0208572 0.0251121 0.0292101 0.0328984 0.0359457 0.0381579 0.039389 0.0395505 0.03862 0.0366505 0.0337735 0.0301915 0.0261587 0.0219506
 1.04979e-16 2.03082e-05 0.000119155 0.000566326 0.00218025 0.0067988 0.0171735 0.0351414 0.0582589 0.0782647 0.0852323 0.0753352 0.0542636 0.0323474 0.016968 0.00963911 0.00826801 0.0103356 0.014257 0.0192286 0.0247262 0.0302181 0.0351197 0.0388759 0.0410783 0.0415575 0.0404143 0.0379761 0.0346997 0.0310519 0.0274112 0.0240147 0.0209575 0.0182292 0.0157674 0.013504
pSPR Fmed_Fpbrs
0.467915   0.6 0.325
Fs Fmed_Fpbrs
0.64   0.372376 1.21755
SSBpbr Bo_Bmed_Bpbrs
636871  266158  350279 175139
Ro
15994.5
SPR SPRFo_SPRFmed_SPRFpbrs
330354 154578 107365
log_Ro
9.5
likeval ReclasPelacesDesembMPH_pf_preclas_ppelaces_ptallas_desvR_qrecl_qpela
 0.00193572 11.5337 0.279842 15.4377 386.771 216.656 55.9857 0 59.2496 3.663e-05 0.00029891 1.26146e-15 0 0 0
q_reclas_q_pelaces
2.35757 11.7014
M
0.7
N
 6541.11 38151.7 19757.2 2696.96 0.105468
 9613.16 3194.99 16107.4 8341.35 1138.68
 1114.53 4623.11 1157.9 5837.5 3435.67
 2776.24 469.554 456.613 114.363 915.888
 31687.5 1062.07 17.9778 17.4823 39.4451
 13766.1 14950.7 319.061 5.4008 17.1019
 77524.4 5282.9 590.402 12.5997 0.888627
 40958.3 32058.5 434.544 48.5634 1.10948
 77198.8 17901.4 4542.21 61.5685 7.03791
 130141 31199.6 1175.3 298.214 4.50428
 56530.1 58519 5843.45 220.125 56.6969
 53100.2 24833.3 8715.86 870.328 41.2301
 63364.9 23183.1 3481.21 1221.82 127.785
 27054.6 26079.3 1820.24 273.33 105.965
 10508.2 10683.7 1363.84 95.1911 19.8356
 9465.65 4132.38 536.318 68.4645 5.7743
 7027.46 4073.32 502.613 65.2313 9.02952
 8760.52 3022.43 492.746 60.8007 8.98328
 8148.75 3848.01 449.677 73.3107 10.3825
 10620 3691.94 776.193 90.7056 16.882
 16581.9 4692.78 582.539 122.473 16.9759
 16172.9 7789.75 1350.92 167.697 40.1435
 31668.2 7530.69 2055.82 356.527 54.8519
 57944.4 14287.8 1457.67 397.932 79.6279
 7911.59 26565.8 3237.99 330.346 108.228
 18532.8 3734.31 8012.15 976.564 132.272
 603.512 8385.59 743.6 1595.43 220.798
pred_Ctot
 77.1543 4148.96 2148.58 293.292 0.0114696
 218.566 632.166 3187.03 1650.43 225.302
 122.672 2906.64 727.996 3670.15 2160.08
 465.399 354.691 344.915 86.3873 691.841
 1140 310.52 5.25622 5.11135 11.5327
 2282.86 11249.8 240.081 4.06389 12.8685
 9423.98 3489.7 389.998 8.3229 0.586995
 3556.65 17659.6 239.371 26.7514 0.611162
 10458.2 12426.9 3153.14 42.74 4.88562
 8895.01 14760.1 556.018 141.081 2.13091
 4723.72 31495.1 3144.96 118.472 30.5145
 4648 13745 4824.14 481.718 22.8205
 7886.07 15485.8 2325.37 816.147 85.3576
 4037.26 18852.5 1315.83 197.587 76.6012
 1593.79 7773.12 992.289 69.2581 14.4318
 915.839 2423.74 314.564 40.1561 3.38677
 682.398 2393.95 295.394 38.3375 5.30679
 732.662 1627.53 265.335 32.7401 4.83734
 516.284 1728.66 202.01 32.9337 4.66416
 847.053 1930.65 405.899 47.4332 8.8282
 645.944 1463.25 181.641 38.1883 5.29325
 727.601 2720.91 471.869 58.5755 14.0219
 2094.44 3484.27 951.179 164.956 25.3787
 3213.17 5839.2 595.727 162.629 32.5427
 282.457 7718.68 940.794 95.9818 31.4455
 1190.33 1693.48 3633.44 442.863 59.9842
 176.907 7321.46 649.237 1392.97 192.779
F
 0.0165215 0.162292 0.162292 0.162292 0.162292
 0.0320647 0.314975 0.314975 0.314975 0.314975
 0.164407 1.61499 1.61499 1.61499 1.61499
 0.260879 2.56265 2.56265 2.56265 2.56265
 0.0511641 0.50259 0.50259 0.50259 0.50259
 0.25773 2.53171 2.53171 2.53171 2.53171
 0.183031 1.79793 1.79793 1.79793 1.79793
 0.127673 1.25415 1.25415 1.25415 1.25415
 0.205979 2.02336 2.02336 2.02336 2.02336
 0.0992642 0.975084 0.975084 0.975084 0.975084
 0.122589 1.20421 1.20421 1.20421 1.20421
 0.128758 1.2648 1.2648 1.2648 1.2648
 0.187767 1.84446 1.84446 1.84446 1.84446
 0.229137 2.25084 2.25084 2.25084 2.25084
 0.233301 2.29175 2.29175 2.29175 2.29175
 0.143212 1.40679 1.40679 1.40679 1.40679
 0.143765 1.41222 1.41222 1.41222 1.41222
 0.122699 1.20529 1.20529 1.20529 1.20529
 0.0917133 0.90091 0.90091 0.90091 0.90091
 0.116716 1.14651 1.14651 1.14651 1.14651
 0.0555054 0.545236 0.545236 0.545236 0.545236
 0.0643518 0.632135 0.632135 0.632135 0.632135
 0.0959115 0.94215 0.94215 0.94215 0.94215
 0.0798577 0.784451 0.784451 0.784451 0.784451
 0.0507648 0.498668 0.498668 0.498668 0.498668
 0.0930272 0.913816 0.913816 0.913816 0.913816
 0.504222 4.95303 4.95303 4.95303 4.95303
Np
 10664.4 5098.79 61.9401 10.063 1.1977
YTP_r0W_actual
 132.68 41373.2 5333.37 14613.5 2244.34
YTP_p0W_proyectada
 2344.54 893.069 210.919 23.8856 57.0702
 2344.54 25156.7 444.256 92.1727 12.1742
CTP_r0_actual
 16.1805 1915.43 169.852 364.426 50.4345
CTP_p0_proyectada
 285.919 41.3458 6.71715 0.59565 1.28248
 285.919 1164.66 14.1483 2.29857 0.273577
Wmedp
 8.2 21.6 31.4 40.1 44.5
nmprior
 10.8 10.6 4.6 0
nm_flota  nm_reclas  nm_pelaces    nm_pelaL
inf 14.948 17.616 55.4971
cv_recla  cv_pelaces  cv_mph
1.27008 0.372028 0.525046
 ------------------------------------------------
Talla a la edad & desviaci?n 
 7.2 14.2025 17.0495 18.207 18.6776
 1.08 2.13037 2.55742 2.73105 2.80164
