years
 1997 1998 1999 2000 2001 2002 2003 2004 2005 2006 2007 2008 2009 2010 2011 2012 2013 2014 2015 2016 2017 2018 2019 2020 2021 2022 2023
reclasobs
 0 0 0 370054 412103 1.49427e+06 250295 1.28982e+06 931140 785840 897777 1.04006e+06 184774 17550 25797 100020 73551 82996 120727 218422 84188 347160 605670 569463 516374 1.08416e+06 1.01767e+06
reclaspred
 260248 68907 196850 133359 196576 243189 667147 462810 569850 547291 463206 341756 247276 153020 131512 128933 140668 188228 195214 272319 388372 332002 538444 698443 821642 749758 646160
pelacesobs
 0 0 0 0 0 0 0 0 0 2.06254e+06 1.5e+06 0 1.87456e+06 323000 250000 174000 83755 137374 0 501740 490994 745055 786931 1.00524e+06 1.33801e+06 1.41789e+06 0
pelacespred
 710010 157629 280290 290271 367647 365593 1.24017e+06 1.00968e+06 1.12114e+06 1.08554e+06 839032 644733 476436 268945 226818 229606 257731 332490 358875 481604 749505 645263 846885 1.22283e+06 1.4245e+06 1.44309e+06 1.20538e+06
mphobs
 0 0 0 0 0 0 112323 0 153150 637223 0 255016 313432 73983 77613 109348 50772 17779 17303 59886 28197 0 207744 136588 643089 65757 70829
mphpred
 104322 63727.9 73968.9 83628.3 85694.6 134636 232527 322517 289321 321351 315371 243267 166598 76999.3 52050.2 48375.7 48205.4 60642.4 37113.6 40275.7 60665.3 71899.7 81595.4 114304 150233 151696 128835
desembarqueobs
 350755 77701 442110 56441 14545 235359 269955 359681 431902 328805 639364 411747 362871 311530 167758 66681 60226 58785 57116 73181 50977 67692 138656 160484 209506 203330 245020
desembarquepred
 350774 77708.9 442215 56445.5 14545.3 235409 269977 359722 431920 328825 639584 411905 363050 311886 167879 66701.8 60243 58789.5 57115.5 73182.5 50977.6 67691.2 138659 160487 209511 203336 245021
Reclutas
 48282.1 54786.4 32006.6 44419.3 78521.2 73051.1 146493 111440 167921 165459 85957.1 55844.7 66317.7 38274 27963.1 33028.6 29219.1 36636.9 40788.8 71909.3 93815.6 95679.5 160598 222848 85420.9 100434 130955
log_desv_Rt
 -0.395183 -0.268802 -0.806302 -0.478571 0.0911245 0.0189147 0.714732 0.441241 0.85125 0.836479 0.181604 -0.249671 -0.0777877 -0.627475 -0.941358 -0.774872 -0.897421 -0.671188 -0.563836 0.00316025 0.269087 0.288759 0.806659 1.13425 0.175346 0.337256 0.602611
SSB
 580109 354375 411323 465037 476527 748680 1.26118e+06 1.77667e+06 1.57858e+06 1.75553e+06 1.7537e+06 1.35275e+06 947351 641499 441309 417064 429022 525054 640361 722782 1.0454e+06 1.21177e+06 1.40746e+06 1.89692e+06 2.69184e+06 2.78263e+06 2.24231e+06
BT
 2.01147e+06 509811 920304 759483 897285 1.06561e+06 3.17389e+06 2.83085e+06 3.09409e+06 2.93015e+06 2.59687e+06 1.93072e+06 1.50217e+06 946392 690913 609651 672749 847887 913880 1.2199e+06 1.84617e+06 1.61755e+06 2.1378e+06 3.07695e+06 3.59243e+06 3.65428e+06 3.11983e+06
Ftot
 0.530724 0.43207 0.691448 0.14202 0.0282962 0.281572 0.15353 0.251001 0.272625 0.197862 0.380675 0.320813 0.435404 0.562135 0.376893 0.150426 0.133038 0.0979667 0.0854467 0.0902733 0.043436 0.0584086 0.0766704 0.0760112 0.0667883 0.0714512 0.106981
BD_Bspro_t
 0.936983 0.718132 0.659209 0.50905 0.63971 0.784937 0.769254 0.804578 0.758407 0.741509 0.722261 0.599601 0.519172 0.464212 0.399566 0.43986 0.538585 0.677358 0.76583 0.82157 0.878032 0.915506 0.911897 0.910279 0.914678 0.892188 0.868368
BD_Bspro
 0.391822 0.239355 0.277819 0.314098 0.321859 0.505679 0.851839 1.20001 1.06621 1.18574 1.1845 0.913683 0.639867 0.433286 0.298072 0.281696 0.289773 0.354636 0.432517 0.488187 0.706089 0.818464 0.950639 1.28123 1.81814 1.87946 1.51451
BD_Bo
 0.200776 0.122649 0.142359 0.160949 0.164926 0.259118 0.436496 0.614906 0.546346 0.607591 0.606957 0.468187 0.327878 0.222023 0.152737 0.144346 0.148485 0.181721 0.221629 0.250155 0.361812 0.419394 0.487123 0.656525 0.931645 0.963068 0.776062
BD_Brms
 0.365047 0.222999 0.258834 0.292635 0.299866 0.471124 0.79363 1.11801 0.993356 1.10471 1.10356 0.851248 0.596142 0.403678 0.277704 0.262447 0.269972 0.330402 0.402962 0.454827 0.65784 0.762535 0.885679 1.19368 1.6939 1.75103 1.41102
S_f
 0.199294 1 1 1 1
 0.199294 1 1 1 1
 0.199294 1 1 1 1
 0.199294 1 1 1 1
 0.199294 1 1 1 1
 0.199294 1 1 1 1
 0.199294 1 1 1 1
 0.199294 1 1 1 1
 0.199294 1 1 1 1
 0.199294 1 1 1 1
 0.199294 1 1 1 1
 0.199294 1 1 1 1
 0.199294 1 1 1 1
 0.199294 1 1 1 1
 0.199294 1 1 1 1
 0.199294 1 1 1 1
 0.199294 1 1 1 1
 0.199294 1 1 1 1
 0.199294 1 1 1 1
 0.199294 1 1 1 1
 0.199294 1 1 1 1
 0.199294 1 1 1 1
 0.199294 1 1 1 1
 0.199294 1 1 1 1
 0.199294 1 1 1 1
 0.199294 1 1 1 1
 0.199294 1 1 1 1
Scru_reclas
 1 1 1 1 1
 1 1 1 1 1
 1 1 1 1 1
 1 1 1 1 1
 1 1 1 1 1
 1 1 1 1 1
 1 1 1 1 1
 1 1 1 1 1
 1 1 1 1 1
 1 1 1 1 1
 1 1 1 1 1
 1 1 1 1 1
 1 1 1 1 1
 1 1 1 1 1
 1 1 1 1 1
 1 1 1 1 1
 1 1 1 1 1
 1 1 1 1 1
 1 1 1 1 1
 1 1 1 1 1
 1 1 1 1 1
 1 1 1 1 1
 1 1 1 1 1
 1 1 1 1 1
 1 1 1 1 1
 1 1 1 1 1
 1 1 1 1 1
Scru_pelaces
 1 1 1 1 1
 1 1 1 1 1
 1 1 1 1 1
 1 1 1 1 1
 1 1 1 1 1
 1 1 1 1 1
 1 1 1 1 1
 1 1 1 1 1
 1 1 1 1 1
 1 1 1 1 1
 1 1 1 1 1
 1 1 1 1 1
 1 1 1 1 1
 1 1 1 1 1
 1 1 1 1 1
 1 1 1 1 1
 1 1 1 1 1
 1 1 1 1 1
 1 1 1 1 1
 1 1 1 1 1
 1 1 1 1 1
 1 1 1 1 1
 1 1 1 1 1
 1 1 1 1 1
 1 1 1 1 1
 1 1 1 1 1
 1 1 1 1 1
pf_obs 
 0.256992 0.487395 0.22802 0.0275931 0
 0.321318 0.546541 0.124235 0.00734118 0.000564706
 0.182869 0.594174 0.210203 0.0122559 0.00049798
 0.330522 0.361315 0.267642 0.0388342 0.00168674
 0.649043 0.306663 0.0425973 0.00169635 0
 0.582887 0.30429 0.105238 0.00758474 0
 0.465427 0.430635 0.0974691 0.00646863 0
 0.296916 0.608066 0.0921331 0.00288517 0
 0.311714 0.524322 0.152257 0.0117073 0
 0.15457 0.633149 0.183074 0.0267441 0.00246327
 0.131901 0.49318 0.331252 0.0422183 0.00144891
 0.196976 0.569456 0.194076 0.0375587 0.00193317
 0.518974 0.381816 0.0799577 0.0180837 0.00116848
 0.0928022 0.601141 0.25162 0.0475244 0.00691264
 0.122501 0.610282 0.24278 0.0234846 0.000952079
 0.383417 0.481906 0.127806 0.00687128 0
 0.0376549 0.599619 0.316969 0.0457579 0
 0.0361596 0.667082 0.258105 0.0386534 0
 0.158088 0.579412 0.248529 0.0139706 0
 0.0477256 0.309471 0.559284 0.082774 0.000745712
 0.0406174 0.521527 0.379366 0.0568643 0.0016247
 0.151134 0.462217 0.34131 0.0453401 0
 0.294876 0.26143 0.354403 0.0886775 0.000613685
 0.281977 0.475581 0.204845 0.0348837 0.00271318
 0.0841818 0.532909 0.334909 0.0458182 0.00218182
 0.115287 0.27431 0.454777 0.147771 0.00785563
 0 0 0 0 0
pf_pred 
 0.389614 0.432721 0.159086 0.0185629 1.59675e-05
 0.32014 0.546657 0.0944321 0.0347172 0.00405443
 0.192268 0.599902 0.16711 0.0288674 0.0118523
 0.295209 0.439497 0.197034 0.0548862 0.0133741
 0.337617 0.458015 0.127441 0.0571338 0.0197934
 0.229805 0.555665 0.14834 0.0412751 0.0249149
 0.361336 0.402387 0.170465 0.0455072 0.0203055
 0.205286 0.598157 0.12384 0.0524627 0.0202547
 0.292586 0.419082 0.217018 0.0449305 0.0263827
 0.238791 0.53404 0.134578 0.0696903 0.0229006
 0.135041 0.547207 0.222925 0.0561772 0.0386503
 0.131613 0.41933 0.284091 0.115735 0.0492311
 0.216068 0.367205 0.201231 0.136331 0.0791649
 0.160657 0.527578 0.146035 0.0800282 0.0857014
 0.171533 0.460203 0.231476 0.0640733 0.0727143
 0.229392 0.425997 0.191427 0.0962853 0.0568984
 0.190786 0.497843 0.172128 0.0773478 0.0618953
 0.229441 0.429045 0.210105 0.0726434 0.0587649
 0.222513 0.473957 0.169005 0.0827623 0.0517629
 0.307851 0.414438 0.169293 0.0603668 0.0480511
 0.274564 0.507216 0.130664 0.0533746 0.034182
 0.217475 0.516039 0.186324 0.0479989 0.0321636
 0.291876 0.4169 0.192049 0.0693421 0.0298332
 0.283589 0.488309 0.134292 0.0618629 0.0319464
 0.0971142 0.607372 0.201424 0.0553945 0.0386957
 0.14911 0.304096 0.367828 0.121984 0.0569816
 0.207754 0.377023 0.148395 0.179495 0.0873326
pobs_RECLAS
 0 0 0 0 0
 0 0 0 0 0
 0 0 0 0 0
 0 0 0 0 0
 0.835266 0.146461 0.0176864 0.000547809 3.91292e-05
 0.385257 0.428462 0.181853 0.0044286 0
 0.867414 0.0963971 0.0333333 0.00285562 0
 0.441836 0.489002 0.0689373 0.000224442 0
 0.779404 0.147425 0.0564933 0.0165055 0.000172143
 0.814271 0.122319 0.05973 0.00367925 0
 0.40263 0.566651 0.0304383 0.000280538 0
 0.475488 0.404961 0.113038 0.00651328 0
 0.955842 0.0263864 0.0167828 0.000988607 0
 0.975058 0.0227948 0.00214734 0 0
 0.738997 0.206755 0.0527124 0.00153531 0
 0.850938 0.134255 0.0134407 0.00136685 0
 0.542534 0.407297 0.0501686 0 0
 0.764087 0.199537 0.0359546 0.000420521 0
 0.470689 0.182191 0.310203 0.0369168 0
 0.84361 0.089868 0.0606195 0.00523954 0.000663233
 0.607945 0.314616 0.071237 0.00620181 0
 0.523733 0.453247 0.0230204 0 0
 0.530135 0.295979 0.169645 0.0042399 0
 0.562478 0.366248 0.0663022 0.0049721 0
 0.250443 0.683176 0.0655157 0.000865301 0
 0.195077 0.31981 0.436473 0.0351445 0.0134964
 0.565238 0.351407 0.0832357 0.000118908 0
ppred_RECLAS
 0.768429 0.164167 0.0603548 0.00704245 6.05779e-06
 0.708284 0.23456 0.0405191 0.0148965 0.00173968
 0.556746 0.329204 0.091704 0.0158414 0.00650411
 0.679205 0.200043 0.0896826 0.0249822 0.00608741
 0.719178 0.194179 0.0540295 0.0242223 0.00839159
 0.603406 0.286126 0.0763843 0.0212536 0.0128294
 0.74105 0.16315 0.0691158 0.0184512 0.00823298
 0.567944 0.325195 0.067327 0.028522 0.0110117
 0.678226 0.190624 0.098713 0.0204371 0.0120005
 0.614043 0.270775 0.0682354 0.0353352 0.0116113
 0.445 0.351115 0.14304 0.036046 0.0247999
 0.436606 0.272054 0.184313 0.0750867 0.0319403
 0.587038 0.193438 0.106005 0.071817 0.0417027
 0.499454 0.314624 0.0870887 0.0477252 0.0511084
 0.515277 0.269257 0.135433 0.0374883 0.042544
 0.600866 0.220644 0.0991489 0.0498706 0.0294703
 0.543617 0.280775 0.0970773 0.0436228 0.0349079
 0.600228 0.222592 0.109004 0.037688 0.0304877
 0.590525 0.249617 0.0890089 0.043588 0.0272617
 0.691532 0.184702 0.0754483 0.0269036 0.0214148
 0.655537 0.240844 0.0620438 0.0253441 0.0162308
 0.583065 0.274949 0.0992745 0.0255741 0.017137
 0.674907 0.191395 0.0881678 0.0318343 0.0136962
 0.665965 0.22768 0.0626153 0.0288443 0.0148954
 0.351269 0.436402 0.144725 0.0398015 0.0278032
 0.468763 0.189857 0.229647 0.0761583 0.0355755
 0.569512 0.204866 0.0806342 0.0975335 0.0474545
pobs_PELACES
 0 0 0 0 0
 0 0 0 0 0
 0 0 0 0 0
 0 0 0 0 0
 0 0 0 0 0
 0 0 0 0 0
 0 0 0 0 0
 0 0 0 0 0
 0 0 0 0 0
 0 0 0 0 0
 0.450072 0.473896 0.0757376 0.000293798 0
 0 0 0 0 0
 0.463077 0.371075 0.160297 0.00555027 0
 0.529543 0.364841 0.0842815 0.0213345 0
 0.631943 0.363953 0.00410389 0 0
 0.735681 0.248677 0.0153453 0.000297389 0
 0.695825 0.281241 0.0229344 0 0
 0.275771 0.60734 0.115278 0.00161068 0
 0 0 0 0 0
 0.896147 0.0623911 0.0374545 0.00400742 0
 0.803859 0.145111 0.0509908 3.86294e-05 0
 0.739449 0.233085 0.0266225 0.000797448 4.60066e-05
 0.878498 0.100942 0.0204185 0.000141795 0
 0.694673 0.275183 0.0284847 0.00165964 0
 0.469039 0.446079 0.0841089 0.000773354 0
 0.822795 0.102175 0.0682046 0.00682512 0
 0 0 0 0 0
ppred_PELACES
 0.79244 0.147145 0.0540968 0.00631223 5.42968e-06
 0.731301 0.216053 0.0373221 0.0137212 0.00160242
 0.601249 0.296152 0.0824969 0.0142509 0.0058511
 0.687326 0.194979 0.0874122 0.0243498 0.00593331
 0.720685 0.193137 0.0537395 0.0240923 0.00834654
 0.621067 0.273385 0.0729828 0.0203072 0.0122581
 0.748758 0.158293 0.0670584 0.0179019 0.00798791
 0.584139 0.313005 0.0648033 0.0274528 0.010599
 0.693741 0.181433 0.0939533 0.0194517 0.0114218
 0.626357 0.262136 0.0660583 0.0342078 0.0112408
 0.469959 0.335324 0.136607 0.034425 0.0236846
 0.457558 0.261937 0.177459 0.0722944 0.0307525
 0.614621 0.180517 0.0989244 0.06702 0.0389172
 0.536522 0.291324 0.0806393 0.0441909 0.0473235
 0.540093 0.255473 0.1285 0.0355691 0.0403659
 0.610359 0.215396 0.0967907 0.0486845 0.0287694
 0.552324 0.275418 0.0952252 0.0427906 0.0342419
 0.606423 0.219143 0.107315 0.037104 0.0300152
 0.595973 0.246295 0.0878247 0.0430081 0.026899
 0.696596 0.181669 0.0742095 0.0264618 0.0210632
 0.658124 0.239035 0.0615778 0.0251538 0.0161089
 0.586812 0.272478 0.0983824 0.0253443 0.016983
 0.679336 0.188787 0.0869666 0.0314006 0.0135096
 0.670418 0.224644 0.0617806 0.0284598 0.0146968
 0.355301 0.43369 0.143825 0.0395541 0.0276304
 0.473467 0.188176 0.227613 0.0754839 0.0352604
 0.576428 0.201574 0.0793387 0.0959665 0.0466921
pobs_pel_tallas
 0 0 0 0 0 0 0 0 0 0 0 0 0 0 0 0 0 0 0 0 0 0 0 0 0 0 0 0 0 0 0 0 0 0 0 0
 0 0 0 0 0 0 0 0 0 0 0 0 0 0 0 0 0 0 0 0 0 0 0 0 0 0 0 0 0 0 0 0 0 0 0 0
 0 0 0 0 0 0 0 0 0 0 0 0 0 0 0 0 0 0 0 0 0 0 0 0 0 0 0 0 0 0 0 0 0 0 0 0
 0 0 0 0 0 0 0 0 0 0 0 0 0 0 0 0 0 0 0 0 0 0 0 0 0 0 0 0 0 0 0 0 0 0 0 0
 0 0 0 0 0 0 0 0 0 0 0 0 0 0 0 0 0 0 0 0 0 0 0 0 0 0 0 0 0 0 0 0 0 0 0 0
 0 0 0 0 0 0 0 0 0 0 0 0 0 0 0 0 0 0 0 0 0 0 0 0 0 0 0 0 0 0 0 0 0 0 0 0
 0 0 0 0 0 0 0 0 0 0 0 0 0 0 0 0 0 0 0 0 0 0 0 0 0 0 0 0 0 0 0 0 0 0 0 0
 0 0 0 0 0 0 0 0 0 0 0 0 0 0 0 0 0 0 0 0 0 0 0 0 0 0 0 0 0 0 0 0 0 0 0 0
 0 0 0 0 0 0 0 0 0 0 0 0 0 0 0 0 0 0 0 0 0 0 0 0 0 0 0 0 0 0 0 0 0 0 0 0
 0 0 0 0 0 0 0 0 0 0 0 0 0 0 0 0 0 0 0 0 0 0 0 0 0 0 0 0 0 0 0 0 0 0 0 0
 0 0 0 0 0 0 0 0 1.78061e-05 0.00172719 0.00360574 0.0105946 0.0120993 0.0124554 0.0147524 0.0171206 0.0266825 0.0428682 0.0675386 0.121331 0.153587 0.119568 0.100827 0.0573624 0.0630603 0.0341343 0.0324427 0.0444173 0.0211091 0.0280891 0.0125444 0.00206551 0 0 0 0
 0 0 0 0 0 0 0 0 0 0 0 0 0 0 0 0 0 0 0 0 0 0 0 0 0 0 0 0 0 0 0 0 0 0 0 0
 0 0 0 0 0 0 0.0133647 0.0140871 0.0187388 0.0205184 0.03894 0.0496705 0.03968 0.0493445 0.0407372 0.0367815 0.0215668 0.0243155 0.0234873 0.0199281 0.019796 0.0243948 0.0301388 0.0376714 0.0412746 0.0863199 0.0771752 0.113111 0.0741005 0.0525337 0.0229764 0.00759418 0.00175318 0 0 0
 0 0 0 0 0 0 0 0 0 0 0.00219441 0.00772107 0.0458388 0.0604681 0.0671733 0.0775358 0.0609151 0.0617685 0.073594 0.0568108 0.0755445 0.0548602 0.0670107 0.0636378 0.0643287 0.046367 0.0373049 0.0286899 0.0247887 0.0153202 0.00654259 0.00121912 0.000365735 0 0 0
 0 0 0 0 0 0 0 0 0 0 0 0 0.000112435 0.00938835 0.0111873 0.0202946 0.0414886 0.0713402 0.111592 0.104902 0.108894 0.110636 0.117776 0.105296 0.107544 0.0401394 0.0192827 0.0124803 0.00416011 0.0028671 0.000618394 0 0 0 0 0
 0 0 0 0 0 0 0 0 0 0 0.00291406 0.0102884 0.027416 0.0768956 0.0749926 0.110853 0.0956884 0.0897413 0.0766577 0.0534642 0.0500743 0.0551293 0.0594112 0.0620874 0.0668451 0.0424026 0.0208742 0.0120726 0.0048766 0.00582813 0.00118941 0.000297354 0 0 0 0
 0 0.00264628 0.0354308 0.0461629 0.0458689 0.0383711 0.0214643 0.0164657 0.0346957 0.0420465 0.0363128 0.0245516 0.0311673 0.0291091 0.0169068 0.0133784 0.00837989 0.0085269 0.0148486 0.0160247 0.0276389 0.0546898 0.0760071 0.122758 0.109233 0.0665981 0.0333725 0.0166128 0.00676272 0.00308733 0.000882094 0 0 0 0 0
 0 0 0 0 0 0 0 0.000805153 0.000690131 0.00759144 0.0133425 0.0154129 0.00931677 0.000345066 0.00356568 0.00563607 0.00851162 0.0253048 0.0502646 0.0516448 0.0657925 0.0565908 0.0611916 0.0827007 0.0866115 0.110766 0.145733 0.0935128 0.0569358 0.0249597 0.0138026 0.00621118 0.00161031 0.00115022 0 0
 0 0 0 0 0 0 0 0 0 0 0 0 0 0 0 0 0 0 0 0 0 0 0 0 0 0 0 0 0 0 0 0 0 0 0 0
 0.00147267 0.00158595 0.00478618 0.00569244 0.00954404 0.0108468 0.00647125 0.017049 0.0510054 0.094081 0.124002 0.0959785 0.0687766 0.0820023 0.061753 0.0591476 0.0492212 0.0479892 0.0443925 0.0268479 0.0217502 0.0140895 0.0121071 0.0120363 0.00920419 0.00665534 0.0049561 0.00860946 0.00930331 0.0156896 0.0114698 0.00855282 0.00243557 0.00046729 0 2.83206e-05
 0 0 0 0 0.000772559 0.00158375 0.000888443 0.00281984 0.00712685 0.0440552 0.0773331 0.111326 0.0921469 0.0852325 0.0710754 0.0886704 0.0786465 0.0553345 0.0373146 0.0185414 0.00753245 0.00457741 0.012979 0.0271748 0.0457355 0.0583668 0.034881 0.0177882 0.00938659 0.00492506 0.0015258 0.00185414 0.000309023 5.79419e-05 3.86279e-05 0
 0 0.00173294 0.00326652 0 0.00397197 0.00683976 0.00946217 0.0152591 0.00757587 0.0136028 0.0228656 0.0392903 0.0559909 0.0764795 0.0681675 0.0726916 0.0566044 0.0477403 0.0527397 0.0444891 0.0609904 0.0582453 0.0661739 0.0445044 0.0529084 0.0360697 0.0280645 0.0235558 0.0158879 0.00826598 0.00280645 0.00217768 0.000904811 0.00058276 9.20147e-05 0
 0 0 0 0 0 0 0 0 0 0 0 0 0 0 0 0 0 0 0 0 0 0 0 0 0 0 0 0 0 0 0 0 0 0 0 0
 0 0 0 0 0 0 0 0 0 0 0 0 0 0 0 0 0 0 0 0 0 0 0 0 0 0 0 0 0 0 0 0 0 0 0 0
 0 0 0 0 0 0 0 0 0 0 0 0 0 0 0 0 0 0 0 0 0 0 0 0 0 0 0 0 0 0 0 0 0 0 0 0
 0 0 0 0 0 0 0 0 0 0 0 0 0 0 0 0 0 0 0 0 0 0 0 0 0 0 0 0 0 0 0 0 0 0 0 0
 0 0 0 0 0 0 0 0 0 0 0 0 0 0 0 0 0 0 0 0 0 0 0 0 0 0 0 0 0 0 0 0 0 0 0 0
ppred_pel_tallas
 1.01034e-16 3.45728e-05 0.00020292 0.000964604 0.0037138 0.0115812 0.029253 0.0598553 0.0992158 0.133241 0.144984 0.127866 0.0914864 0.0533027 0.0257017 0.0110375 0.00552138 0.00469864 0.0058417 0.00775836 0.00997114 0.0122033 0.0142058 0.0157472 0.0166522 0.0168385 0.016331 0.0152488 0.0137693 0.0120837 0.0103587 0.0087137 0.0072168 0.00589412 0.00474562 0.00375961
 1.01147e-16 3.19096e-05 0.000187279 0.000890228 0.00342741 0.010688 0.0269972 0.0552402 0.0915682 0.122978 0.133835 0.118078 0.0845805 0.0494753 0.0242228 0.0110295 0.00643156 0.00633897 0.00823196 0.010973 0.0140445 0.01708 0.0197221 0.0216393 0.0225908 0.02248 0.0213752 0.0194854 0.0171031 0.0145335 0.0120332 0.00977504 0.0078421 0.0062445 0.00494761 0.00389899
 1.02031e-16 2.62421e-05 0.000153998 0.00073199 0.00281812 0.00878798 0.0221979 0.0454212 0.0752955 0.101134 0.110093 0.0972017 0.0697805 0.0411289 0.020717 0.0104161 0.00743582 0.0084571 0.0114192 0.0153475 0.0197173 0.0240732 0.0279336 0.0308407 0.0324526 0.0326189 0.031409 0.0290826 0.0260147 0.022603 0.0191875 0.0160041 0.0131767 0.0107385 0.00866688 0.00691665
 1.02419e-16 2.99913e-05 0.000176019 0.000836699 0.00322132 0.0100454 0.0253738 0.0519185 0.086062 0.115583 0.125787 0.110977 0.0794936 0.0464993 0.0227668 0.0103727 0.00606691 0.00601479 0.00786242 0.01056 0.0136438 0.0167925 0.0196876 0.0220238 0.0235633 0.0241839 0.0238991 0.0228409 0.0212156 0.0192487 0.0171373 0.015024 0.0129936 0.0110864 0.00931768 0.00769495
 1.02044e-16 3.14458e-05 0.000184558 0.000877297 0.00337763 0.0105328 0.0266051 0.0544377 0.0902375 0.121189 0.131885 0.116348 0.0833208 0.0486978 0.0237673 0.0106978 0.00607125 0.0058568 0.00757794 0.0101298 0.0130286 0.015947 0.0185685 0.0205959 0.0218063 0.0220986 0.0215117 0.0202044 0.0184081 0.0163669 0.0142871 0.0123096 0.0105057 0.00889322 0.00745982 0.00618381
 1.02396e-16 2.71053e-05 0.000159068 0.000756098 0.00291095 0.00907748 0.0229291 0.0469171 0.0777743 0.104461 0.113706 0.100373 0.0720164 0.0423645 0.0211872 0.0104027 0.00711423 0.00788332 0.0105807 0.0142135 0.0182702 0.0223261 0.0259379 0.0286854 0.0302545 0.0305065 0.0295038 0.0274819 0.0247806 0.0217582 0.0187189 0.0158705 0.0133189 0.011089 0.00915788 0.0074858
 1.01992e-16 3.26686e-05 0.00019174 0.000911447 0.00350913 0.0109429 0.0276409 0.0565568 0.0937488 0.125901 0.137003 0.12084 0.0864867 0.0504457 0.0244297 0.0106739 0.0056104 0.00504075 0.00639393 0.00854233 0.0110243 0.0135586 0.0158832 0.0177507 0.0189696 0.0194433 0.0191859 0.0183076 0.0169788 0.0153845 0.0136851 0.0119954 0.0103817 0.00887309 0.00747824 0.00619934
 1.02461e-16 2.54966e-05 0.00014962 0.000711174 0.00273797 0.00853804 0.0215666 0.0441296 0.0731551 0.0982617 0.106972 0.0944596 0.067842 0.0400466 0.0202832 0.01038 0.00763611 0.0088331 0.0119678 0.0160818 0.0206417 0.0251717 0.0291663 0.0321475 0.0337626 0.0338636 0.032536 0.0300653 0.0268556 0.0233293 0.0198414 0.0166306 0.0138121 0.0114034 0.00936374 0.00763194
 1.02595e-16 3.02705e-05 0.000177659 0.0008445 0.00325136 0.010139 0.0256104 0.0524025 0.0868638 0.116658 0.126954 0.111999 0.0802072 0.0468805 0.0228861 0.0103139 0.00587785 0.00570424 0.00741866 0.0099697 0.0129053 0.0159232 0.0187271 0.0210313 0.0226104 0.0233431 0.0232318 0.0223875 0.0209902 0.019239 0.0173103 0.0153338 0.0133903 0.0115233 0.00975666 0.00810806
 1.02724e-16 2.73355e-05 0.00016042 0.00076253 0.00293572 0.00915473 0.0231242 0.0473162 0.0784356 0.105348 0.114668 0.101215 0.0726035 0.0426761 0.0212807 0.0103456 0.00694385 0.00760405 0.0101793 0.013675 0.0175891 0.0215137 0.0250257 0.0277242 0.0293093 0.0296476 0.0287969 0.026978 0.0245099 0.0217274 0.0189124 0.016255 0.0138495 0.0117154 0.00983037 0.00815964
 1.04338e-16 2.05189e-05 0.000120394 0.000572225 0.00220297 0.00686965 0.0173525 0.0355073 0.0588645 0.0790752 0.086107 0.0760892 0.0547656 0.0325647 0.016934 0.00939064 0.00781096 0.00964776 0.0133111 0.0180179 0.0232846 0.0286321 0.0335276 0.0374512 0.0400008 0.040975 0.0404077 0.0385366 0.0357259 0.0323687 0.0288047 0.025274 0.0219129 0.0187771 0.015879 0.0132181
 1.06526e-16 1.99752e-05 0.000117209 0.000557096 0.00214475 0.0066881 0.0168938 0.0345683 0.0573061 0.0769767 0.0838086 0.0740267 0.0532128 0.0315051 0.0161354 0.00856012 0.00669494 0.00805575 0.0111127 0.015152 0.0197841 0.0246489 0.0293415 0.0334519 0.0366389 0.0386936 0.039566 0.039348 0.038223 0.0364036 0.0340811 0.0314012 0.0284666 0.0253552 0.0221431 0.0189172
 1.05585e-16 2.68204e-05 0.000157404 0.000748207 0.0028806 0.00898286 0.02269 0.0464272 0.0769598 0.103359 0.112488 0.0992514 0.0711111 0.0416304 0.0204489 0.00943238 0.0056866 0.005797 0.00767485 0.0103981 0.0135675 0.0169077 0.0201399 0.0229891 0.0252301 0.026729 0.0274593 0.027488 0.0269384 0.0259462 0.024625 0.023051 0.0212686 0.0193073 0.0172011 0.0150008
 1.0497e-16 2.34194e-05 0.000137427 0.000653211 0.00251481 0.00784211 0.0198087 0.0405327 0.0671927 0.0902539 0.0982563 0.0867691 0.0623307 0.036818 0.0186949 0.0096475 0.00720385 0.00841908 0.0114661 0.015478 0.0199778 0.0245387 0.0287024 0.0320288 0.0341847 0.0350142 0.0345653 0.0330592 0.0308184 0.0281797 0.0254205 0.0227211 0.0201641 0.0177612 0.0154908 0.0133306
 1.05016e-16 2.35738e-05 0.000138336 0.00065754 0.00253149 0.00789413 0.0199401 0.0408012 0.0676369 0.0908475 0.0988947 0.0873145 0.0626823 0.0369455 0.0186129 0.00936939 0.00671641 0.00768607 0.0104479 0.0141549 0.01837 0.0227198 0.026802 0.0302209 0.0326622 0.0339549 0.0340966 0.0332319 0.0315973 0.0294512 0.0270176 0.0244553 0.0218579 0.0192736 0.0167314 0.0142618
 1.04462e-16 2.6636e-05 0.000156318 0.000743037 0.00286069 0.00892074 0.0225332 0.0461065 0.0764292 0.10265 0.111724 0.0985965 0.0706838 0.0414646 0.0205239 0.00972862 0.00621715 0.00660526 0.00881368 0.011905 0.0154424 0.019096 0.0225255 0.0254001 0.0274583 0.0285598 0.028706 0.0280207 0.0267028 0.024967 0.0229961 0.0209162 0.0187977 0.0166734 0.0145622 0.0124873
 1.04512e-16 2.41078e-05 0.00014147 0.000672435 0.00258883 0.00807296 0.0203918 0.0417256 0.0691695 0.092907 0.101139 0.0893014 0.0641204 0.0378164 0.0190937 0.00967764 0.0070139 0.00806456 0.0109494 0.0147871 0.019109 0.0235078 0.027548 0.0308089 0.0329672 0.0338647 0.0335336 0.0321698 0.0300678 0.0275394 0.0248471 0.0221681 0.0195928 0.0171485 0.0148322 0.012638
 1.04273e-16 2.64646e-05 0.000155311 0.000738249 0.00284225 0.00886324 0.0223879 0.0458094 0.0759368 0.101989 0.111006 0.0979663 0.0702393 0.0412184 0.0204292 0.00972939 0.0062787 0.00671702 0.00897935 0.0121328 0.0157389 0.0194623 0.0229554 0.0258787 0.0279634 0.0290634 0.0291776 0.028431 0.0270268 0.0251868 0.0231026 0.02091 0.0186882 0.0164778 0.0143028 0.0121891
 1.04062e-16 2.60099e-05 0.00015264 0.000725543 0.00279332 0.00871065 0.0220025 0.045021 0.0746309 0.100238 0.109107 0.0963064 0.0690847 0.0406122 0.0202608 0.00986797 0.00665316 0.00731997 0.00983519 0.0132647 0.017145 0.021102 0.0247442 0.0276948 0.0296633 0.0305058 0.0302481 0.029062 0.0272071 0.0249596 0.0225523 0.0201433 0.0178145 0.0155931 0.0134797 0.0114732
 1.03007e-16 3.0395e-05 0.00017839 0.000847975 0.00326473 0.0101808 0.0257158 0.0526182 0.0872212 0.117138 0.127476 0.112458 0.0805334 0.0470658 0.0229664 0.0103321 0.00586144 0.00566274 0.00734964 0.00986471 0.0127534 0.0157133 0.0184505 0.0206843 0.022197 0.0228776 0.0227394 0.0219032 0.0205554 0.0188965 0.0170978 0.0152778 0.013502 0.0117962 0.010168 0.00862253
 1.0257e-16 2.87197e-05 0.000168549 0.000801181 0.00308455 0.00961883 0.0242965 0.0497146 0.0824102 0.110683 0.120466 0.106311 0.0762129 0.0447042 0.0221182 0.0104643 0.00665007 0.00701544 0.00930241 0.012479 0.0160491 0.0196317 0.0228396 0.0253069 0.0267602 0.0270778 0.0263122 0.0246647 0.0224257 0.0199003 0.0173449 0.0149324 0.0127482 0.0108093 0.0090948 0.00757235
 1.0315e-16 2.56116e-05 0.000150299 0.000714408 0.00275044 0.00857692 0.0216648 0.0443301 0.0734864 0.0987034 0.107443 0.0948552 0.0680802 0.0400952 0.020139 0.0100337 0.00705345 0.00796014 0.0107501 0.014488 0.0186863 0.0229311 0.0267841 0.0298238 0.0317278 0.0323409 0.0317021 0.0300182 0.0275994 0.0247775 0.0218374 0.0189784 0.0163094 0.0138689 0.0116562 0.00965778
 1.03007e-16 2.96427e-05 0.000173972 0.000826972 0.00318387 0.00992857 0.0250788 0.0513149 0.0850613 0.114238 0.124323 0.109684 0.0785638 0.0459482 0.0224839 0.0102223 0.00595075 0.00587998 0.00768576 0.0103351 0.0133766 0.0165016 0.0194044 0.0217912 0.0234314 0.0242034 0.0241135 0.0232798 0.0218899 0.0201483 0.0182326 0.0162696 0.014334 0.0124621 0.0106714 0.00897638
 1.02615e-16 2.92552e-05 0.000171694 0.000816136 0.00314213 0.00979842 0.0247501 0.0506426 0.0839479 0.112746 0.122708 0.108279 0.0776002 0.0454714 0.0224113 0.0104586 0.00645527 0.00666767 0.00879587 0.0117971 0.0151839 0.0185944 0.0216646 0.0240503 0.0254931 0.0258752 0.0252412 0.0237743 0.0217408 0.019421 0.0170511 0.0147905 0.012719 0.0108545 0.00918173 0.00767591
 1.04834e-16 1.55232e-05 9.1056e-05 0.000432728 0.00166584 0.00519461 0.0131216 0.0268514 0.0445201 0.0598224 0.0651862 0.0577073 0.0417635 0.025292 0.0139938 0.00909949 0.0090865 0.0120894 0.016916 0.0229072 0.0295409 0.0362167 0.0422478 0.0469668 0.0498658 0.0507055 0.0495584 0.0467653 0.0428308 0.0382923 0.0336084 0.0290968 0.0249266 0.0211509 0.0177574 0.0147131
 1.07534e-16 2.0666e-05 0.000121271 0.000576423 0.00221919 0.00692025 0.0174801 0.0357674 0.0592916 0.0796368 0.0866865 0.0765254 0.0549147 0.0323239 0.0162086 0.00804483 0.00564778 0.00643262 0.00882813 0.0121442 0.0160672 0.0203472 0.0247005 0.0288213 0.0324272 0.0353021 0.0373187 0.0384349 0.0386713 0.038083 0.0367382 0.0347122 0.0320935 0.0289941 0.0255553 0.0219429
 1.06672e-16 2.51558e-05 0.000147629 0.000701734 0.00270166 0.00842484 0.0212805 0.0435434 0.0721805 0.0969437 0.105513 0.0931164 0.0667564 0.0391635 0.0193909 0.00920355 0.0059021 0.00629565 0.00842833 0.0114257 0.0148889 0.0185223 0.0220205 0.0250843 0.0274741 0.0290551 0.0298139 0.0298396 0.0292795 0.028287 0.0269822 0.025435 0.0236735 0.0217066 0.0195498 0.0172425
pSPR Fmed_Fpbrs
0.441699   0.6 0.325
Fs Fmed_Fpbrs
0.64   0.343436 1.04496
SSBpbr Bo_Bmed_Bpbrs
2.88934e+06  1.13175e+06  1.58913e+06 794567
Ro
71682.4
SPR SPRFo_SPRFmed_SPRFpbrs
1.48054e+06 653954 481177
log_Ro
11
likeval ReclasPelacesDesembMPH_pf_preclas_ppelaces_ptallas_desvR_qrecl_qpela
 0.00103808 27.9986 0.0133439 19.0834 333.922 221.729 57.0103 0 13.0586 0.000108619 4.34425e-06 6.8276e-16 0 0 0
q_reclas_q_pelaces
0.228356 0.743392
M
0.7
N
 48282.1 12756.9 4689.99 547.247 0.470733
 54786.4 21569.7 3726.06 1369.86 159.978
 32006.6 24961.5 6953.34 1201.15 493.166
 44419.3 13848 6208.29 1729.4 421.402
 78521.2 21442.4 5966.26 2674.77 926.649
 73051.1 38773.2 10350.9 2880.1 1738.52
 146493 34296.5 14529.2 3878.71 1730.69
 111440 70554 14607.2 6188.1 2389.09
 167921 52639.3 27258.8 5643.55 3313.83
 165459 78977.4 19902.3 10306.3 3386.69
 85957.1 78987.6 32178.5 8109.01 5579.06
 55844.7 39566.5 26805.8 10920.3 4645.27
 66317.7 26014.1 14255.9 9658.17 5608.31
 38274 30195.2 8358.13 4580.31 4905
 27963.1 16991.9 8546.73 2365.76 2684.81
 33028.6 12881.3 5788.35 2911.46 1720.49
 29219.1 15917.1 5503.3 2472.97 1978.92
 36636.9 14130.1 6919.58 2392.43 1935.36
 40788.8 17841.6 6362 3115.5 1948.56
 71909.3 19913.1 8134.27 2900.54 2308.78
 93815.6 35072.4 9035 3690.69 2363.58
 95679.5 46185.9 16676.1 4295.94 2878.67
 160598 46963.2 21634 7811.28 3360.67
 222848 78541.2 21600 9950.23 5138.37
 85420.9 108999 36147.7 9941.14 6944.35
 100434 41857.9 50630.5 16790.7 7843.35
 130955 49168.9 19352.6 23408.6 11389.3
pred_Ctot
 3506.43 3894.38 1431.74 167.061 0.143703
 3266.97 5578.54 963.664 354.284 41.3748
 2986.73 9318.97 2595.92 448.431 184.116
 892.944 1329.38 595.984 166.019 40.4538
 317.655 430.934 119.906 53.7557 18.6231
 2876.2 6954.61 1856.6 516.593 311.832
 3180.33 3541.64 1500.36 400.536 178.721
 3921.73 11427.1 2365.81 1002.24 386.942
 6406.39 9176.11 4751.78 983.786 577.669
 4611.38 10313.1 2598.9 1345.82 442.242
 4536.2 18381.4 7488.35 1887.07 1298.32
 2496.61 7954.41 5389 2195.41 933.88
 3983.96 6770.69 3710.38 2513.73 1459.68
 2936.13 9641.89 2668.91 1462.58 1566.26
 1461.51 3921.05 1972.24 545.922 619.545
 702.741 1305.04 586.435 294.969 174.308
 550.663 1436.92 496.811 223.248 178.647
 510.009 953.697 467.029 161.474 130.625
 495.786 1056.03 376.563 184.405 115.334
 923.035 1242.61 507.593 180.999 144.072
 581.818 1074.82 276.885 113.104 72.4337
 796.866 1890.86 682.723 175.876 117.853
 1752.91 2503.77 1153.38 416.447 179.169
 2411.59 4152.5 1142 526.071 271.667
 812.894 5084.01 1686.02 463.68 323.902
 1022.07 2084.42 2521.27 836.134 390.579
 1989.15 3609.82 1420.81 1718.58 836.169
F
 0.10577 0.530724 0.530724 0.530724 0.530724
 0.086109 0.43207 0.43207 0.43207 0.43207
 0.137802 0.691448 0.691448 0.691448 0.691448
 0.0283038 0.14202 0.14202 0.14202 0.14202
 0.00563928 0.0282962 0.0282962 0.0282962 0.0282962
 0.0561157 0.281572 0.281572 0.281572 0.281572
 0.0305976 0.15353 0.15353 0.15353 0.15353
 0.0500231 0.251001 0.251001 0.251001 0.251001
 0.0543326 0.272625 0.272625 0.272625 0.272625
 0.0394327 0.197862 0.197862 0.197862 0.197862
 0.0758663 0.380675 0.380675 0.380675 0.380675
 0.0639361 0.320813 0.320813 0.320813 0.320813
 0.0867734 0.435404 0.435404 0.435404 0.435404
 0.11203 0.562135 0.562135 0.562135 0.562135
 0.0751125 0.376893 0.376893 0.376893 0.376893
 0.0299791 0.150426 0.150426 0.150426 0.150426
 0.0265136 0.133038 0.133038 0.133038 0.133038
 0.0195242 0.0979667 0.0979667 0.0979667 0.0979667
 0.017029 0.0854467 0.0854467 0.0854467 0.0854467
 0.017991 0.0902733 0.0902733 0.0902733 0.0902733
 0.00865655 0.043436 0.043436 0.043436 0.043436
 0.0116405 0.0584086 0.0584086 0.0584086 0.0584086
 0.01528 0.0766704 0.0766704 0.0766704 0.0766704
 0.0151486 0.0760112 0.0760112 0.0760112 0.0760112
 0.0133105 0.0667883 0.0667883 0.0667883 0.0667883
 0.0142398 0.0714512 0.0714512 0.0714512 0.0714512
 0.0213208 0.106981 0.106981 0.106981 0.106981
Np
 70416.9 32654.7 22423.3 7727.96 4113.1
YTP_r0W_actual
 51291.4 226431 129557 200130 108056
YTP_p0W_proyectada
 27580.3 293159 146874 73826 143314
 27580.3 150380 150114 66069.5 39023
CTP_r0_actual
 6255.05 10482.9 4126.03 4990.76 2428.23
CTP_p0_proyectada
 3363.45 13572.2 4677.51 1841.05 3220.54
 3363.45 6962.06 4780.7 1647.62 876.922
Wmedp
 8.2 21.6 31.4 40.1 44.5
nmprior
 10.8 10.6 4.6 0
nm_flota  nm_reclas  nm_pelaces    nm_pelaL
inf 12.2711 16.2037 49.3698
cv_recla  cv_pelaces  cv_mph
0.930091 0.579641 0.583759
 ------------------------------------------------
Talla a la edad & desviaci?n 
 7.2 14.2025 17.0495 18.207 18.6776
 1.08 2.13037 2.55742 2.73105 2.80164
