years
 1997 1998 1999 2000 2001 2002 2003 2004 2005 2006 2007 2008 2009 2010 2011 2012 2013 2014 2015 2016 2017 2018 2019 2020 2021 2022 2023
reclasobs
 0 0 0 370054 412103 1.49427e+06 250295 1.28982e+06 931140 785840 897777 1.04006e+06 184774 17550 25797 100020 73551 82996 120727 218422 84188 347160 605670 569463 516374 1.08416e+06 1.01767e+06
reclaspred
 480882 114124 181469 99284 195660 230490 738631 551116 712579 806098 686011 488191 346873 172517 107984 93242.7 98125.4 131402 146341 210691 326046 294216 474141 611521 730085 619366 477484
pelacesobs
 0 0 0 0 0 0 0 0 0 2.06254e+06 1.5e+06 0 1.87456e+06 323000 250000 174000 83755 137374 0 501740 490994 745055 786931 1.00524e+06 1.33801e+06 1.41789e+06 0
pelacespred
 1.6166e+06 276621 279615 232200 434880 337176 1.7683e+06 1.28365e+06 1.65348e+06 1.82805e+06 1.32986e+06 1.00526e+06 733113 290177 183075 169849 186256 258706 283389 410418 733546 630058 823930 1.19832e+06 1.38209e+06 1.28757e+06 923139
mphobs
 0 0 0 0 0 0 112323 0 153150 637223 0 255016 313432 73983 77613 109348 50772 17779 17303 59886 28197 0 207744 136588 643089 65757 70829
mphpred
 180465 94648.3 81092.5 48799 57651.1 112712 191504 310026 279413 351280 382799 268335 173713 120569 56687.2 42201 39095.8 50261.4 32559.2 36816.6 61629.5 78776 88884.5 126299 164376 153147 118942
desembarqueobs
 350755 77701 442110 56441 14545 235359 269955 359681 431902 328805 639364 411747 362871 311530 167758 66681 60226 58785 57116 73181 50977 67692 138656 160484 209506 203330 245020
desembarquepred
 350765 77703.5 442163 56452.5 14545.5 235422 269972 359672 431826 328772 639330 411739 362844 311773 167852 66714.6 60263.1 58785.1 57103.3 73178 50978.6 67689.1 138665 160494 209521 203346 245028
Reclutas
 33134.8 34854 12413.4 16605.6 35465.5 33705.4 77804.2 61369.3 103994 117498 64549.3 49969.5 57162 25695.4 13654.1 12425 9723.95 12374.1 14138.6 23375.3 31050.9 33063 54963 74735.7 28613.3 33077.1 42068.7
log_desv_Rt
 0.00834068 0.0589219 -0.973465 -0.682504 0.0763158 0.0254145 0.86195 0.624665 1.15209 1.27417 0.675184 0.419169 0.553645 -0.245933 -0.878204 -0.972532 -1.21765 -0.97664 -0.843338 -0.340564 -0.056618 0.00616914 0.514415 0.821713 -0.138372 0.00659569 0.247059
SSB
 386021 202456 173460 104383 123318 241096 395968 653855 580567 734066 818823 573979 385567 253807 124515 93588.1 91177.7 110982 141787 169280 266554 331976 385871 521842 747405 719611 525780
BT
 1.38918e+06 314312 425417 215376 303643 404366 1.39544e+06 1.242e+06 1.51143e+06 1.52908e+06 1.44099e+06 1.03478e+06 837803 479431 260605 167127 174298 219184 234129 331744 527706 471018 638672 923299 1.05438e+06 1.01006e+06 819723
Ftot
 1.23853 1.19544 2.89925 0.990679 0.154304 1.39255 0.763648 1.06239 1.15237 0.711337 1.20434 1.05344 1.57585 2.32008 2.21021 1.02261 0.924382 0.675076 0.537661 0.53543 0.238176 0.285214 0.370126 0.381552 0.323995 0.336104 0.59372
BD_Bspro_t
 0.89209 0.590603 0.432444 0.196555 0.324987 0.537348 0.515451 0.596425 0.529343 0.541817 0.537598 0.382047 0.29741 0.242809 0.149617 0.139972 0.18401 0.286557 0.398909 0.502122 0.638495 0.741592 0.736142 0.735643 0.75027 0.684162 0.608073
BD_Bspro
 0.568774 0.298304 0.255581 0.1538 0.1817 0.355237 0.583429 0.963407 0.855422 1.08159 1.20647 0.845716 0.568104 0.373966 0.183463 0.137895 0.134344 0.163523 0.208912 0.249422 0.392748 0.489143 0.568553 0.768896 1.10125 1.06029 0.774698
BD_Bo
 0.503304 0.263967 0.226161 0.136097 0.160785 0.314347 0.516272 0.852511 0.756957 0.957093 1.0676 0.748367 0.502711 0.33092 0.162345 0.122022 0.11888 0.144701 0.184865 0.220711 0.347539 0.432839 0.503108 0.68039 0.974484 0.938246 0.685524
BD_Brms
 0.915097 0.479941 0.411202 0.247449 0.292336 0.57154 0.938676 1.55002 1.37628 1.74017 1.94109 1.36067 0.91402 0.601673 0.295173 0.221859 0.216145 0.263092 0.336118 0.401293 0.63189 0.786979 0.914742 1.23707 1.77179 1.7059 1.24641
S_f
 0.0907917 0.654851 0.973009 0.998542 0.999923
 0.0907917 0.654851 0.973009 0.998542 0.999923
 0.0907917 0.654851 0.973009 0.998542 0.999923
 0.0907917 0.654851 0.973009 0.998542 0.999923
 0.0907917 0.654851 0.973009 0.998542 0.999923
 0.0907917 0.654851 0.973009 0.998542 0.999923
 0.0907917 0.654851 0.973009 0.998542 0.999923
 0.0907917 0.654851 0.973009 0.998542 0.999923
 0.0907917 0.654851 0.973009 0.998542 0.999923
 0.0907917 0.654851 0.973009 0.998542 0.999923
 0.0907917 0.654851 0.973009 0.998542 0.999923
 0.0907917 0.654851 0.973009 0.998542 0.999923
 0.0907917 0.654851 0.973009 0.998542 0.999923
 0.0907917 0.654851 0.973009 0.998542 0.999923
 0.0907917 0.654851 0.973009 0.998542 0.999923
 0.0907917 0.654851 0.973009 0.998542 0.999923
 0.0907917 0.654851 0.973009 0.998542 0.999923
 0.0907917 0.654851 0.973009 0.998542 0.999923
 0.0907917 0.654851 0.973009 0.998542 0.999923
 0.0907917 0.654851 0.973009 0.998542 0.999923
 0.0907917 0.654851 0.973009 0.998542 0.999923
 0.0907917 0.654851 0.973009 0.998542 0.999923
 0.0907917 0.654851 0.973009 0.998542 0.999923
 0.0907917 0.654851 0.973009 0.998542 0.999923
 0.0907917 0.654851 0.973009 0.998542 0.999923
 0.0907917 0.654851 0.973009 0.998542 0.999923
 0.0907917 0.654851 0.973009 0.998542 0.999923
Scru_reclas
 0.772813 0.99119 0.999731 0.999992 1
 0.772813 0.99119 0.999731 0.999992 1
 0.772813 0.99119 0.999731 0.999992 1
 0.772813 0.99119 0.999731 0.999992 1
 0.772813 0.99119 0.999731 0.999992 1
 0.772813 0.99119 0.999731 0.999992 1
 0.772813 0.99119 0.999731 0.999992 1
 0.772813 0.99119 0.999731 0.999992 1
 0.772813 0.99119 0.999731 0.999992 1
 0.772813 0.99119 0.999731 0.999992 1
 0.772813 0.99119 0.999731 0.999992 1
 0.772813 0.99119 0.999731 0.999992 1
 0.772813 0.99119 0.999731 0.999992 1
 0.772813 0.99119 0.999731 0.999992 1
 0.772813 0.99119 0.999731 0.999992 1
 0.772813 0.99119 0.999731 0.999992 1
 0.772813 0.99119 0.999731 0.999992 1
 0.772813 0.99119 0.999731 0.999992 1
 0.772813 0.99119 0.999731 0.999992 1
 0.772813 0.99119 0.999731 0.999992 1
 0.772813 0.99119 0.999731 0.999992 1
 0.772813 0.99119 0.999731 0.999992 1
 0.772813 0.99119 0.999731 0.999992 1
 0.772813 0.99119 0.999731 0.999992 1
 0.772813 0.99119 0.999731 0.999992 1
 0.772813 0.99119 0.999731 0.999992 1
 0.772813 0.99119 0.999731 0.999992 1
Scru_pelaces
 0.903622 1 1 1 1
 0.903622 1 1 1 1
 0.903622 1 1 1 1
 0.903622 1 1 1 1
 0.903622 1 1 1 1
 0.903622 1 1 1 1
 0.903622 1 1 1 1
 0.903622 1 1 1 1
 0.903622 1 1 1 1
 0.903622 1 1 1 1
 0.903622 1 1 1 1
 0.903622 1 1 1 1
 0.903622 1 1 1 1
 0.903622 1 1 1 1
 0.903622 1 1 1 1
 0.903622 1 1 1 1
 0.903622 1 1 1 1
 0.903622 1 1 1 1
 0.903622 1 1 1 1
 0.903622 1 1 1 1
 0.903622 1 1 1 1
 0.903622 1 1 1 1
 0.903622 1 1 1 1
 0.903622 1 1 1 1
 0.903622 1 1 1 1
 0.903622 1 1 1 1
 0.903622 1 1 1 1
pf_obs 
 0.256992 0.487395 0.22802 0.0275931 0
 0.321318 0.546541 0.124235 0.00734118 0.000564706
 0.182869 0.594174 0.210203 0.0122559 0.00049798
 0.330522 0.361315 0.267642 0.0388342 0.00168674
 0.649043 0.306663 0.0425973 0.00169635 0
 0.582887 0.30429 0.105238 0.00758474 0
 0.465427 0.430635 0.0974691 0.00646863 0
 0.296916 0.608066 0.0921331 0.00288517 0
 0.311714 0.524322 0.152257 0.0117073 0
 0.15457 0.633149 0.183074 0.0267441 0.00246327
 0.131901 0.49318 0.331252 0.0422183 0.00144891
 0.196976 0.569456 0.194076 0.0375587 0.00193317
 0.518974 0.381816 0.0799577 0.0180837 0.00116848
 0.0928022 0.601141 0.25162 0.0475244 0.00691264
 0.122501 0.610282 0.24278 0.0234846 0.000952079
 0.383417 0.481906 0.127806 0.00687128 0
 0.0376549 0.599619 0.316969 0.0457579 0
 0.0361596 0.667082 0.258105 0.0386534 0
 0.158088 0.579412 0.248529 0.0139706 0
 0.0477256 0.309471 0.559284 0.082774 0.000745712
 0.0406174 0.521527 0.379366 0.0568643 0.0016247
 0.151134 0.462217 0.34131 0.0453401 0
 0.294876 0.26143 0.354403 0.0886775 0.000613685
 0.281977 0.475581 0.204845 0.0348837 0.00271318
 0.0841818 0.532909 0.334909 0.0458182 0.00218182
 0.115287 0.27431 0.454777 0.147771 0.00785563
 0 0 0 0 0
pf_pred 
 0.305506 0.473888 0.197177 0.0234156 1.41357e-05
 0.260281 0.60204 0.110459 0.0244448 0.00277495
 0.135266 0.677174 0.167348 0.0163599 0.00385194
 0.311526 0.50905 0.163624 0.0142173 0.00158312
 0.345369 0.509593 0.120953 0.0220414 0.00204321
 0.221789 0.6015 0.148743 0.0234297 0.00453866
 0.390945 0.446228 0.141563 0.0180353 0.00322943
 0.201547 0.667663 0.107707 0.0201653 0.00291793
 0.316967 0.466651 0.195364 0.0174372 0.00358083
 0.251193 0.605769 0.114311 0.026046 0.00268073
 0.1343 0.622787 0.213134 0.0239704 0.00580836
 0.15483 0.503069 0.283168 0.0519923 0.00694134
 0.244387 0.489115 0.194061 0.0603929 0.0120442
 0.159959 0.675879 0.130005 0.0252265 0.00893025
 0.179799 0.612553 0.189205 0.0148106 0.00363211
 0.228879 0.581266 0.166242 0.0216388 0.00197467
 0.175997 0.591356 0.19688 0.031479 0.00428835
 0.223871 0.493396 0.231036 0.0440141 0.00768266
 0.209464 0.54273 0.184421 0.052129 0.0112561
 0.264101 0.479101 0.200465 0.0422789 0.0140542
 0.22707 0.550103 0.167364 0.0436098 0.0118533
 0.172442 0.529401 0.235663 0.0472698 0.0152243
 0.229413 0.440207 0.241949 0.0703217 0.0181088
 0.223878 0.519756 0.173432 0.0612295 0.0217038
 0.0725031 0.605404 0.245273 0.0524848 0.0243345
 0.107654 0.298414 0.442407 0.116206 0.0353178
 0.168622 0.399581 0.189842 0.181608 0.0603474
pobs_RECLAS
 0 0 0 0 0
 0 0 0 0 0
 0 0 0 0 0
 0 0 0 0 0
 0.835266 0.146461 0.0176864 0.000547809 3.91292e-05
 0.385257 0.428462 0.181853 0.0044286 0
 0.867414 0.0963971 0.0333333 0.00285562 0
 0.441836 0.489002 0.0689373 0.000224442 0
 0.779404 0.147425 0.0564933 0.0165055 0.000172143
 0.814271 0.122319 0.05973 0.00367925 0
 0.40263 0.566651 0.0304383 0.000280538 0
 0.475488 0.404961 0.113038 0.00651328 0
 0.955842 0.0263864 0.0167828 0.000988607 0
 0.975058 0.0227948 0.00214734 0 0
 0.738997 0.206755 0.0527124 0.00153531 0
 0.850938 0.134255 0.0134407 0.00136685 0
 0.542534 0.407297 0.0501686 0 0
 0.764087 0.199537 0.0359546 0.000420521 0
 0.470689 0.182191 0.310203 0.0369168 0
 0.84361 0.089868 0.0606195 0.00523954 0.000663233
 0.607945 0.314616 0.071237 0.00620181 0
 0.523733 0.453247 0.0230204 0 0
 0.530135 0.295979 0.169645 0.0042399 0
 0.562478 0.366248 0.0663022 0.0049721 0
 0.250443 0.683176 0.0655157 0.000865301 0
 0.195077 0.31981 0.436473 0.0351445 0.0134964
 0.565238 0.351407 0.0832357 0.000118908 0
ppred_RECLAS
 0.748895 0.193368 0.0517699 0.00596371 3.59433e-06
 0.693052 0.267681 0.0316909 0.00680488 0.000771234
 0.550583 0.389952 0.0533069 0.00498681 0.00117136
 0.746102 0.206467 0.0433639 0.00366011 0.000406926
 0.762784 0.199051 0.0319638 0.00567576 0.000525406
 0.653916 0.29178 0.0459361 0.00701219 0.00135607
 0.804393 0.157688 0.0330865 0.00409917 0.000732907
 0.613825 0.342717 0.035973 0.00653986 0.000944829
 0.757366 0.186761 0.0505919 0.00438251 0.00089853
 0.675627 0.280672 0.0351182 0.00778318 0.000799877
 0.508187 0.393258 0.0867924 0.00947068 0.00229116
 0.55887 0.306236 0.112218 0.0200083 0.00266704
 0.697125 0.226168 0.0563533 0.0169745 0.0033793
 0.578462 0.369228 0.0417593 0.00779641 0.00275422
 0.615352 0.320328 0.0588016 0.00443295 0.00108492
 0.657774 0.282304 0.0526584 0.00665705 0.000606545
 0.581981 0.33258 0.0726212 0.0112831 0.00153472
 0.655957 0.249543 0.0776097 0.0143835 0.00250693
 0.630118 0.283878 0.0644489 0.0177318 0.00382325
 0.700393 0.220945 0.0617722 0.0126809 0.00420922
 0.648063 0.276753 0.0568385 0.0144287 0.00391629
 0.573381 0.309689 0.0929324 0.018158 0.00583997
 0.664527 0.223501 0.082585 0.0233761 0.00601114
 0.649193 0.264037 0.0592081 0.0203565 0.00720545
 0.334602 0.490721 0.13386 0.0278996 0.0129174
 0.468592 0.228018 0.227518 0.0582065 0.0176654
 0.587455 0.241349 0.0764326 0.071154 0.0236096
pobs_PELACES
 0 0 0 0 0
 0 0 0 0 0
 0 0 0 0 0
 0 0 0 0 0
 0 0 0 0 0
 0 0 0 0 0
 0 0 0 0 0
 0 0 0 0 0
 0 0 0 0 0
 0 0 0 0 0
 0.450072 0.473896 0.0757376 0.000293798 0
 0 0 0 0 0
 0.463077 0.371075 0.160297 0.00555027 0
 0.529543 0.364841 0.0842815 0.0213345 0
 0.631943 0.363953 0.00410389 0 0
 0.735681 0.248677 0.0153453 0.000297389 0
 0.695825 0.281241 0.0229344 0 0
 0.275771 0.60734 0.115278 0.00161068 0
 0 0 0 0 0
 0.896147 0.0623911 0.0374545 0.00400742 0
 0.803859 0.145111 0.0509908 3.86294e-05 0
 0.739449 0.233085 0.0266225 0.000797448 4.60066e-05
 0.878498 0.100942 0.0204185 0.000141795 0
 0.694673 0.275183 0.0284847 0.00165964 0
 0.469039 0.446079 0.0841089 0.000773354 0
 0.822795 0.102175 0.0682046 0.00682512 0
 0 0 0 0 0
ppred_PELACES
 0.817758 0.144676 0.0337202 0.00384312 2.31492e-06
 0.768682 0.205064 0.0212311 0.00451201 0.000511087
 0.716401 0.255212 0.0255123 0.00232845 0.000546206
 0.806914 0.160223 0.0300679 0.00251612 0.00027961
 0.793841 0.173681 0.0272073 0.00482362 0.000446488
 0.743844 0.22099 0.0298022 0.00449509 0.000868736
 0.848182 0.124456 0.0238959 0.00294076 0.000525603
 0.694593 0.27458 0.0255588 0.00460396 0.000664818
 0.821845 0.141106 0.0335791 0.00287991 0.000590144
 0.735879 0.23106 0.0266009 0.00585875 0.000601904
 0.605949 0.323342 0.0623484 0.00673294 0.00162793
 0.649213 0.252292 0.0820637 0.0144987 0.00193169
 0.788614 0.164636 0.0344692 0.0102431 0.00203771
 0.715916 0.256011 0.022501 0.0041185 0.00145338
 0.743729 0.221383 0.0319471 0.00236339 0.00057783
 0.733175 0.224445 0.0372827 0.0046716 0.000425443
 0.661823 0.274747 0.053979 0.00831941 0.00113112
 0.719098 0.208169 0.0597969 0.0110165 0.00191948
 0.688977 0.242316 0.0515493 0.0141149 0.00304263
 0.75273 0.185451 0.0485956 0.00992843 0.00329476
 0.692023 0.243934 0.0484435 0.0122697 0.00332991
 0.624064 0.275794 0.0796335 0.0155181 0.00499025
 0.714191 0.19346 0.0681726 0.0192315 0.00494448
 0.699753 0.228729 0.0488555 0.0167389 0.00592387
 0.384989 0.458664 0.119898 0.0249149 0.0115337
 0.527357 0.207989 0.198625 0.0506579 0.0153719
 0.65509 0.207925 0.0613396 0.0568036 0.0188427
pobs_pel_tallas
 0 0 0 0 0 0 0 0 0 0 0 0 0 0 0 0 0 0 0 0 0 0 0 0 0 0 0 0 0 0 0 0 0 0 0 0
 0 0 0 0 0 0 0 0 0 0 0 0 0 0 0 0 0 0 0 0 0 0 0 0 0 0 0 0 0 0 0 0 0 0 0 0
 0 0 0 0 0 0 0 0 0 0 0 0 0 0 0 0 0 0 0 0 0 0 0 0 0 0 0 0 0 0 0 0 0 0 0 0
 0 0 0 0 0 0 0 0 0 0 0 0 0 0 0 0 0 0 0 0 0 0 0 0 0 0 0 0 0 0 0 0 0 0 0 0
 0 0 0 0 0 0 0 0 0 0 0 0 0 0 0 0 0 0 0 0 0 0 0 0 0 0 0 0 0 0 0 0 0 0 0 0
 0 0 0 0 0 0 0 0 0 0 0 0 0 0 0 0 0 0 0 0 0 0 0 0 0 0 0 0 0 0 0 0 0 0 0 0
 0 0 0 0 0 0 0 0 0 0 0 0 0 0 0 0 0 0 0 0 0 0 0 0 0 0 0 0 0 0 0 0 0 0 0 0
 0 0 0 0 0 0 0 0 0 0 0 0 0 0 0 0 0 0 0 0 0 0 0 0 0 0 0 0 0 0 0 0 0 0 0 0
 0 0 0 0 0 0 0 0 0 0 0 0 0 0 0 0 0 0 0 0 0 0 0 0 0 0 0 0 0 0 0 0 0 0 0 0
 0 0 0 0 0 0 0 0 0 0 0 0 0 0 0 0 0 0 0 0 0 0 0 0 0 0 0 0 0 0 0 0 0 0 0 0
 0 0 0 0 0 0 0 0 1.78061e-05 0.00172719 0.00360574 0.0105946 0.0120993 0.0124554 0.0147524 0.0171206 0.0266825 0.0428682 0.0675386 0.121331 0.153587 0.119568 0.100827 0.0573624 0.0630603 0.0341343 0.0324427 0.0444173 0.0211091 0.0280891 0.0125444 0.00206551 0 0 0 0
 0 0 0 0 0 0 0 0 0 0 0 0 0 0 0 0 0 0 0 0 0 0 0 0 0 0 0 0 0 0 0 0 0 0 0 0
 0 0 0 0 0 0 0.0133647 0.0140871 0.0187388 0.0205184 0.03894 0.0496705 0.03968 0.0493445 0.0407372 0.0367815 0.0215668 0.0243155 0.0234873 0.0199281 0.019796 0.0243948 0.0301388 0.0376714 0.0412746 0.0863199 0.0771752 0.113111 0.0741005 0.0525337 0.0229764 0.00759418 0.00175318 0 0 0
 0 0 0 0 0 0 0 0 0 0 0.00219441 0.00772107 0.0458388 0.0604681 0.0671733 0.0775358 0.0609151 0.0617685 0.073594 0.0568108 0.0755445 0.0548602 0.0670107 0.0636378 0.0643287 0.046367 0.0373049 0.0286899 0.0247887 0.0153202 0.00654259 0.00121912 0.000365735 0 0 0
 0 0 0 0 0 0 0 0 0 0 0 0 0.000112435 0.00938835 0.0111873 0.0202946 0.0414886 0.0713402 0.111592 0.104902 0.108894 0.110636 0.117776 0.105296 0.107544 0.0401394 0.0192827 0.0124803 0.00416011 0.0028671 0.000618394 0 0 0 0 0
 0 0 0 0 0 0 0 0 0 0 0.00291406 0.0102884 0.027416 0.0768956 0.0749926 0.110853 0.0956884 0.0897413 0.0766577 0.0534642 0.0500743 0.0551293 0.0594112 0.0620874 0.0668451 0.0424026 0.0208742 0.0120726 0.0048766 0.00582813 0.00118941 0.000297354 0 0 0 0
 0 0.00264628 0.0354308 0.0461629 0.0458689 0.0383711 0.0214643 0.0164657 0.0346957 0.0420465 0.0363128 0.0245516 0.0311673 0.0291091 0.0169068 0.0133784 0.00837989 0.0085269 0.0148486 0.0160247 0.0276389 0.0546898 0.0760071 0.122758 0.109233 0.0665981 0.0333725 0.0166128 0.00676272 0.00308733 0.000882094 0 0 0 0 0
 0 0 0 0 0 0 0 0.000805153 0.000690131 0.00759144 0.0133425 0.0154129 0.00931677 0.000345066 0.00356568 0.00563607 0.00851162 0.0253048 0.0502646 0.0516448 0.0657925 0.0565908 0.0611916 0.0827007 0.0866115 0.110766 0.145733 0.0935128 0.0569358 0.0249597 0.0138026 0.00621118 0.00161031 0.00115022 0 0
 0 0 0 0 0 0 0 0 0 0 0 0 0 0 0 0 0 0 0 0 0 0 0 0 0 0 0 0 0 0 0 0 0 0 0 0
 0.00147267 0.00158595 0.00478618 0.00569244 0.00954404 0.0108468 0.00647125 0.017049 0.0510054 0.094081 0.124002 0.0959785 0.0687766 0.0820023 0.061753 0.0591476 0.0492212 0.0479892 0.0443925 0.0268479 0.0217502 0.0140895 0.0121071 0.0120363 0.00920419 0.00665534 0.0049561 0.00860946 0.00930331 0.0156896 0.0114698 0.00855282 0.00243557 0.00046729 0 2.83206e-05
 0 0 0 0 0.000772559 0.00158375 0.000888443 0.00281984 0.00712685 0.0440552 0.0773331 0.111326 0.0921469 0.0852325 0.0710754 0.0886704 0.0786465 0.0553345 0.0373146 0.0185414 0.00753245 0.00457741 0.012979 0.0271748 0.0457355 0.0583668 0.034881 0.0177882 0.00938659 0.00492506 0.0015258 0.00185414 0.000309023 5.79419e-05 3.86279e-05 0
 0 0.00173294 0.00326652 0 0.00397197 0.00683976 0.00946217 0.0152591 0.00757587 0.0136028 0.0228656 0.0392903 0.0559909 0.0764795 0.0681675 0.0726916 0.0566044 0.0477403 0.0527397 0.0444891 0.0609904 0.0582453 0.0661739 0.0445044 0.0529084 0.0360697 0.0280645 0.0235558 0.0158879 0.00826598 0.00280645 0.00217768 0.000904811 0.00058276 9.20147e-05 0
 0 0 0 0 0 0 0 0 0 0 0 0 0 0 0 0 0 0 0 0 0 0 0 0 0 0 0 0 0 0 0 0 0 0 0 0
 0 0 0 0 0 0 0 0 0 0 0 0 0 0 0 0 0 0 0 0 0 0 0 0 0 0 0 0 0 0 0 0 0 0 0 0
 0 0 0 0 0 0 0 0 0 0 0 0 0 0 0 0 0 0 0 0 0 0 0 0 0 0 0 0 0 0 0 0 0 0 0 0
 0 0 0 0 0 0 0 0 0 0 0 0 0 0 0 0 0 0 0 0 0 0 0 0 0 0 0 0 0 0 0 0 0 0 0 0
 0 0 0 0 0 0 0 0 0 0 0 0 0 0 0 0 0 0 0 0 0 0 0 0 0 0 0 0 0 0 0 0 0 0 0 0
ppred_pel_tallas
 1.00659e-16 3.56767e-05 0.000209401 0.000995416 0.00383243 0.0119511 0.0301875 0.0617673 0.102385 0.137496 0.149611 0.131941 0.0943898 0.0549689 0.026457 0.0112776 0.00551482 0.00456501 0.00560819 0.00741139 0.00948311 0.0115436 0.0133463 0.0146663 0.0153386 0.0152945 0.014575 0.0133158 0.0117097 0.00996022 0.00824074 0.00667105 0.0053126 0.00417893 0.00325327 0.00250557
 1.00548e-16 3.35391e-05 0.000196847 0.000935717 0.00360256 0.0112342 0.0283768 0.0580629 0.0962465 0.129258 0.140664 0.124089 0.0888557 0.0519139 0.0253003 0.011322 0.00632535 0.00600057 0.00769363 0.0102122 0.0130268 0.0157775 0.0181212 0.0197445 0.020424 0.0200783 0.018787 0.0167663 0.0143129 0.0117338 0.00928573 0.00713977 0.00537424 0.00399125 0.00294453 0.00216738
 1.00551e-16 3.12615e-05 0.00018347 0.000872113 0.00335765 0.0104705 0.0264477 0.0541163 0.0897063 0.120481 0.131128 0.115713 0.0829368 0.0486158 0.0239915 0.0112423 0.0069906 0.00723833 0.00951199 0.0126726 0.0161668 0.0195709 0.022462 0.0244503 0.0252583 0.0247858 0.0231341 0.0205747 0.0174802 0.0142359 0.0111646 0.00848124 0.00628459 0.00457712 0.0032999 0.00236751
 1.00579e-16 3.52044e-05 0.000206627 0.000982225 0.00378164 0.0117927 0.0297874 0.0609488 0.101028 0.135676 0.147635 0.130208 0.0931707 0.054301 0.026214 0.0113084 0.00572689 0.00493104 0.00613709 0.00811962 0.0103761 0.0126057 0.0145366 0.015921 0.0165792 0.0164397 0.0155544 0.0140807 0.0122397 0.0102628 0.00834625 0.00662386 0.00516184 0.00397064 0.00302525 0.0022851
 1.0063e-16 3.46349e-05 0.000203283 0.000966322 0.0037204 0.0116017 0.0293051 0.059962 0.0993933 0.133481 0.145251 0.128114 0.091692 0.0534785 0.0258906 0.0112947 0.00590269 0.00525395 0.00660944 0.00875625 0.0111848 0.0135771 0.0156403 0.017107 0.0177847 0.0175985 0.0166083 0.0149882 0.0129809 0.0108392 0.00877615 0.00693558 0.00538643 0.00413628 0.00315384 0.00239137
 1.00691e-16 3.24568e-05 0.000190491 0.000905496 0.00348619 0.0108714 0.0274602 0.0561877 0.0931387 0.125087 0.13613 0.120103 0.0860303 0.050322 0.0246345 0.011211 0.00652693 0.00641963 0.00832271 0.0110746 0.0141436 0.0171519 0.0197316 0.021544 0.0223458 0.0220453 0.0207227 0.0186049 0.0160058 0.0132514 0.0106159 0.00828316 0.00633997 0.00479292 0.00359785 0.00268896
 1.00506e-16 3.70024e-05 0.000217187 0.00103243 0.00397496 0.0123956 0.0313102 0.0640642 0.106191 0.142605 0.155165 0.136824 0.0978493 0.0569165 0.0272685 0.0114068 0.00525743 0.0040362 0.00481604 0.00632681 0.00808037 0.00982022 0.0113312 0.0124204 0.0129479 0.0128575 0.0121888 0.0110629 0.0096501 0.0081288 0.00665017 0.00531725 0.00418103 0.00324974 0.00250452 0.00191488
 1.00642e-16 3.03113e-05 0.00017789 0.000845581 0.00325549 0.0101519 0.025643 0.0524699 0.086978 0.116819 0.127149 0.112217 0.0804648 0.0472344 0.0234357 0.0111926 0.00724198 0.00771557 0.0102153 0.0136253 0.0173841 0.021044 0.0241517 0.0262887 0.0271571 0.02665 0.0248768 0.0221304 0.0188114 0.0153341 0.0120448 0.00917346 0.00682458 0.00499938 0.00363328 0.00263368
 1.0065e-16 3.58547e-05 0.000210447 0.00100039 0.00385158 0.0120108 0.0303383 0.0620758 0.102896 0.138182 0.150357 0.132596 0.0948531 0.0552279 0.0265614 0.0112873 0.0054683 0.0044764 0.00547746 0.00723411 0.00925631 0.0112688 0.0130304 0.0143217 0.0149817 0.0149429 0.014245 0.01302 0.0114556 0.00975004 0.00807248 0.00653977 0.00521209 0.00410297 0.00319641 0.00246342
 1.00683e-16 3.21098e-05 0.000188453 0.000895807 0.00344888 0.010755 0.0271664 0.0555864 0.0921424 0.12375 0.134678 0.118829 0.0851324 0.0498268 0.0244479 0.0112201 0.00666132 0.00665669 0.00866656 0.0115358 0.0147261 0.0178464 0.0205128 0.0223721 0.0231716 0.0228179 0.0213983 0.0191535 0.0164149 0.0135258 0.0107741 0.00835176 0.00634754 0.00476545 0.00355575 0.00264604
 1.01298e-16 2.64481e-05 0.000155205 0.000737722 0.00284019 0.00885678 0.0223717 0.045777 0.075886 0.101929 0.110964 0.0979825 0.0703673 0.0415274 0.0210143 0.0107217 0.00784396 0.00903779 0.0122194 0.0163882 0.0209846 0.0255092 0.0294338 0.0322613 0.0336288 0.0333905 0.031649 0.0287192 0.0250439 0.0210869 0.0172414 0.0137755 0.0108218 0.00840211 0.00646733 0.00493813
 1.01836e-16 2.83318e-05 0.00016627 0.000790343 0.00304281 0.00948869 0.0239678 0.0490421 0.0812959 0.109188 0.118844 0.104889 0.0752151 0.0441628 0.0219322 0.0105134 0.00686401 0.00737946 0.00983334 0.013201 0.0169774 0.0207616 0.0241411 0.0267235 0.0282127 0.0284729 0.027554 0.0256665 0.02312 0.0202453 0.0173282 0.0145698 0.0120805 0.00989703 0.00801087 0.0063945
 1.00991e-16 3.44067e-05 0.000201943 0.000959956 0.0036959 0.0115253 0.029112 0.0595669 0.0987382 0.132601 0.144292 0.127264 0.0910757 0.0531031 0.0256793 0.0111531 0.00575941 0.00506717 0.00635821 0.00843429 0.0107999 0.0131527 0.015216 0.016736 0.0175268 0.017511 0.0167359 0.0153551 0.0135859 0.0116564 0.00975921 0.00802532 0.00651956 0.00525326 0.00420493 0.00334007
 1.00613e-16 3.12404e-05 0.000183346 0.000871524 0.00335538 0.0104634 0.0264298 0.0540797 0.0896457 0.1204 0.131039 0.115635 0.0828821 0.0485856 0.02398 0.0112425 0.00699801 0.00725113 0.00952978 0.0126951 0.016193 0.019599 0.0224892 0.0244734 0.0252745 0.0247937 0.0231338 0.0205689 0.0174733 0.0142336 0.0111728 0.00850471 0.00632602 0.00463666 0.00337514 0.00245404
 1.00634e-16 3.24517e-05 0.000190461 0.000905356 0.00348565 0.0108697 0.027456 0.056179 0.0931243 0.125068 0.136109 0.120085 0.0860179 0.0503161 0.0246341 0.0112152 0.00653541 0.00643314 0.00834243 0.0111018 0.0141792 0.017196 0.0197834 0.0216014 0.0224056 0.0221031 0.0207736 0.0186438 0.0160281 0.0132537 0.0105962 0.00824143 0.00627811 0.00471459 0.00350801 0.00259326
 1.00783e-16 3.19917e-05 0.00018776 0.000892513 0.0034362 0.0107155 0.0270665 0.055382 0.0918035 0.123294 0.134181 0.118388 0.084811 0.0496277 0.0243301 0.0111329 0.00656586 0.0065295 0.00849582 0.0113189 0.01447 0.0175689 0.0202424 0.0221456 0.0230285 0.0227937 0.0215173 0.0194236 0.0168254 0.0140495 0.0113716 0.0089787 0.0069613 0.00533083 0.0040484 0.0030534
 1.01195e-16 2.88825e-05 0.000169501 0.0008057 0.00310194 0.00967305 0.0244335 0.0499951 0.0828762 0.111311 0.121158 0.106939 0.0767017 0.0450681 0.0224411 0.0108534 0.00720593 0.0078227 0.0104259 0.0139545 0.0178686 0.0217292 0.0250851 0.0275135 0.0287055 0.0285364 0.0270914 0.0246361 0.0215438 0.0182063 0.0149553 0.0120171 0.00950379 0.00743413 0.0057679 0.00443976
 1.01385e-16 3.13772e-05 0.000184154 0.000875373 0.00337022 0.0105097 0.0265467 0.0543184 0.0900401 0.120925 0.131601 0.116106 0.0831662 0.0486445 0.0238103 0.0108335 0.00630941 0.00621927 0.00809025 0.0108109 0.0138811 0.0169496 0.0196721 0.0217255 0.0228684 0.0229939 0.0221496 0.0205166 0.0183577 0.0159519 0.0135386 0.0112844 0.00927795 0.00754453 0.00607023 0.00482489
 1.01438e-16 3.00652e-05 0.000176448 0.000838732 0.00322913 0.0100697 0.0254353 0.0520448 0.0862725 0.115869 0.126109 0.111284 0.0797643 0.0467596 0.0230829 0.0108315 0.00676082 0.00703183 0.00927402 0.0124027 0.0158978 0.0193637 0.022402 0.0246403 0.0258046 0.0257811 0.0246388 0.0226037 0.0199956 0.0171502 0.0143517 0.0117933 0.00957105 0.00770234 0.006156 0.00488156
 1.01246e-16 3.28428e-05 0.00019276 0.000916294 0.00352778 0.0110011 0.0277878 0.0568576 0.0942482 0.126574 0.13774 0.121503 0.08699 0.0507962 0.0247051 0.0109724 0.00601858 0.00562525 0.00720119 0.00959403 0.0123078 0.0150175 0.0174145 0.0192115 0.0201954 0.0202737 0.0194921 0.0180154 0.0160806 0.0139384 0.0118023 0.00981992 0.0080675 0.00656387 0.00529262 0.00422306
 1.01345e-16 3.01981e-05 0.000177228 0.000842439 0.0032434 0.0101142 0.0255478 0.0522748 0.0866539 0.116381 0.126666 0.111776 0.080117 0.0469663 0.0231847 0.0108787 0.0067888 0.00705836 0.00930538 0.012439 0.0159353 0.019395 0.022417 0.0246266 0.0257494 0.0256731 0.0244709 0.022374 0.0197089 0.0168171 0.0139873 0.0114154 0.00919756 0.00734913 0.00583552 0.00460195
 1.01987e-16 2.72361e-05 0.000159835 0.000759746 0.002925 0.00912128 0.0230398 0.0471435 0.0781497 0.104965 0.114255 0.100859 0.0723661 0.0425731 0.0212969 0.0104653 0.00716817 0.00795049 0.0106724 0.0143351 0.0184224 0.0225044 0.0261317 0.0288777 0.0304228 0.0306246 0.0295451 0.0274223 0.0246018 0.0214504 0.0182825 0.0153163 0.0126675 0.0103687 0.00840161 0.00672772
 1.01923e-16 3.11627e-05 0.000182896 0.000869394 0.0033472 0.0104379 0.0263654 0.0539474 0.0894247 0.120098 0.130698 0.115303 0.0825767 0.0482716 0.0235758 0.0106402 0.00608014 0.00590338 0.00765793 0.0102501 0.0132002 0.0161817 0.0188764 0.0209833 0.0222736 0.0226383 0.0221076 0.0208322 0.0190369 0.0169629 0.0148178 0.0127478 0.0108336 0.00910416 0.00755857 0.00618495
 1.01621e-16 3.05345e-05 0.000179204 0.000851839 0.0032796 0.0102271 0.0258329 0.0528581 0.0876202 0.117678 0.128073 0.113008 0.0809782 0.0474279 0.0233324 0.0108142 0.00657042 0.00669718 0.00878713 0.0117465 0.0150639 0.0183621 0.0212655 0.0234231 0.0245765 0.0246172 0.0236084 0.0217599 0.0193691 0.0167478 0.0141589 0.0117804 0.00969943 0.00793094 0.00644597 0.00519928
 1.03247e-16 1.68188e-05 9.86598e-05 0.000468873 0.001805 0.00562856 0.0142177 0.0290943 0.0482384 0.0648173 0.0706247 0.0625117 0.0452185 0.0273399 0.0150454 0.00965779 0.00951452 0.0125804 0.0175504 0.0237001 0.0304587 0.0371776 0.0431226 0.047588 0.0500478 0.0502728 0.0483754 0.044762 0.0400167 0.0347567 0.0295076 0.0246312 0.020314 0.0166009 0.0134507 0.0107881
 1.05347e-16 2.30167e-05 0.000135069 0.000642019 0.00247174 0.00770782 0.0194694 0.0398379 0.066039 0.0886984 0.0965475 0.0852238 0.0611418 0.0359585 0.0179717 0.00881599 0.00604456 0.00676123 0.00919514 0.0125545 0.0164671 0.0206354 0.0247335 0.028424 0.0314136 0.033503 0.0346112 0.0347676 0.0340782 0.0326844 0.0307274 0.0283323 0.0256082 0.0226587 0.019592 0.016524
 1.03771e-16 2.85861e-05 0.000167768 0.000797471 0.00307028 0.00957434 0.0241841 0.0494843 0.0820276 0.110166 0.119898 0.105794 0.0758081 0.0443986 0.0218409 0.0101243 0.00616087 0.00630333 0.00830988 0.0111734 0.0144359 0.0177673 0.0208369 0.0233296 0.0250045 0.0257444 0.0255744 0.024641 0.0231616 0.0213647 0.0194388 0.0175073 0.0156288 0.0138167 0.0120652 0.0103708
pSPR Fmed_Fpbrs
0.526028   0.6 0.325
Fs Fmed_Fpbrs
0.64   0.465032 1.62436
SSBpbr Bo_Bmed_Bpbrs
766975  365101  421836 210918
Ro
32859.6
SPR SPRFo_SPRFmed_SPRFpbrs
678690 357010 220574
log_Ro
10.22
likeval ReclasPelacesDesembMPH_pf_preclas_ppelaces_ptallas_desvR_qrecl_qpela
 0.000966468 12.9555 0.00906761 17.1253 318.559 208.815 54.4995 0 17.3751 3.40069e-06 5.41257e-05 2.13056e-14 0 0 0
q_reclas_q_pelaces
0.770037 2.84818
M
0.7
N
 33134.8 9459.44 3057.73 357.76 0.215805
 34854 14704.3 2087.49 455.014 51.6114
 12413.4 15527.8 3337.76 323.934 76.2414
 16605.6 4737.7 1154.95 98.6978 10.9805
 35465.5 7536.78 1229.74 218.737 20.2505
 33705.4 17366.6 3382.95 525.537 101.729
 77804.2 14749.8 3464.73 433.347 77.52
 61369.3 36048.4 4442.2 818.403 118.322
 103994 27672.9 8927.63 784.61 160.993
 117498 46512 6461.26 1444.68 148.542
 64549.3 54698.4 14496.3 1605.91 388.823
 49969.5 28734.1 12344 2230.14 297.484
 57162 22550.8 7158.06 2199.36 438.324
 25695.4 24601.7 3990.11 767.144 271.44
 13654.1 10336.4 2673.82 207.29 50.8093
 12425 5547.64 1207.21 154.58 14.0941
 9723.95 5623.02 1410.18 221.64 30.1664
 12374.1 4440.05 1524.3 284.871 49.6736
 14138.6 5779.48 1417.07 392.461 84.6514
 23375.3 6686.51 2018.24 417.047 138.482
 31050.9 11057 2338.4 595.263 161.594
 33063 15089.5 4697.82 921.012 296.271
 54963 15998.9 6216.64 1767.53 454.629
 74735.7 26391.8 6234.77 2153.5 762.455
 28613.3 35849 10208.2 2135.9 989.123
 33077.1 13797.1 14398.8 3698.57 1122.75
 42068.7 15931.9 5497.86 5155.77 1711.42
pred_Ctot
 2550.91 3956.87 1646.38 195.515 0.11803
 2594.31 6000.74 1100.98 243.649 27.6589
 2097.6 10501.1 2595.11 253.697 59.733
 1032.6 1687.33 542.357 47.1254 5.24751
 355.117 523.976 124.366 22.6634 2.10087
 2899.95 7864.78 1944.86 306.35 59.3442
 3763.07 4295.2 1362.63 173.6 31.0851
 4080.88 13518.7 2180.82 408.302 59.0816
 7474.41 11004.1 4606.89 411.186 84.4397
 5304.58 12792.4 2413.97 550.028 56.6104
 4838.69 22438.4 7679.02 863.629 209.27
 3295.98 10709.2 6028.01 1106.8 147.766
 5525.67 11059 4387.78 1365.5 272.323
 3552.75 15011.5 2887.47 560.289 198.344
 1806.12 6153.21 1900.6 148.775 36.4853
 796.537 2022.9 578.551 75.3066 6.87218
 565.688 1900.73 632.809 101.18 13.7836
 530.93 1170.14 547.924 104.384 18.2202
 485.799 1258.72 427.717 120.9 26.1057
 799.91 1451.1 607.169 128.054 42.5673
 478.301 1158.74 352.536 91.8601 24.968
 608.733 1868.82 831.907 166.866 53.7427
 1308.76 2511.31 1380.28 401.174 103.308
 1833.68 4257.08 1420.5 501.502 177.766
 597.513 4989.26 2021.35 432.538 200.546
 716.195 1985.27 2943.22 773.089 234.96
 1592.63 3774.04 1793.05 1715.29 569.981
F
 0.112448 0.811051 1.2051 1.23672 1.23843
 0.108536 0.782837 1.16318 1.1937 1.19535
 0.263228 1.89858 2.82099 2.89502 2.89903
 0.0899454 0.648747 0.963939 0.989235 0.990603
 0.0140095 0.101046 0.150139 0.154079 0.154292
 0.126432 0.911915 1.35497 1.39052 1.39245
 0.0693329 0.500076 0.743036 0.762535 0.76359
 0.0964566 0.695711 1.03372 1.06085 1.06231
 0.104625 0.754628 1.12126 1.15069 1.15228
 0.0645835 0.46582 0.692137 0.7103 0.711283
 0.109344 0.788661 1.17183 1.20258 1.20424
 0.0956435 0.689846 1.02501 1.0519 1.05336
 0.143074 1.03195 1.53332 1.57356 1.57573
 0.210644 1.51931 2.25746 2.3167 2.3199
 0.200669 1.44736 2.15055 2.20699 2.21004
 0.0928446 0.669658 0.99501 1.02112 1.02253
 0.0839262 0.605333 0.899432 0.923035 0.924311
 0.0612913 0.442074 0.656854 0.674092 0.675024
 0.0488152 0.352088 0.523149 0.536877 0.53762
 0.0486126 0.350627 0.520978 0.534649 0.535389
 0.0216244 0.15597 0.231747 0.237829 0.238158
 0.0258951 0.186773 0.277516 0.284799 0.285192
 0.0336044 0.242377 0.360136 0.369586 0.370098
 0.0346417 0.24986 0.371253 0.380996 0.381523
 0.029416 0.212168 0.31525 0.323523 0.32397
 0.0305154 0.220098 0.327032 0.335614 0.336078
 0.0539048 0.388798 0.577694 0.592854 0.593674
Np
 24478.3 11653 7249.07 1693.92 627.385
YTP_r0W_actual
 10281.4 66118.9 46370.2 56716.8 20916
YTP_p0W_proyectada
 5982.4 82148.6 45232.9 16854.5 22039.1
 5982.4 48361.1 61140.3 18634.3 7667.53
CTP_r0_actual
 1253.83 3061.06 1476.76 1414.38 470.022
CTP_p0_proyectada
 729.561 3803.18 1440.54 420.312 495.26
 729.561 2238.94 1947.14 464.695 172.304
Wmedp
 8.2 21.6 31.4 40.1 44.5
nmprior
 10.8 10.6 4.6 0
nm_flota  nm_reclas  nm_pelaces    nm_pelaL
inf 17.339 19.3452 63.2708
cv_recla  cv_pelaces  cv_mph
0.897435 0.394292 0.553
 ------------------------------------------------
Talla a la edad & desviaci?n 
 7.2 14.2025 17.0495 18.207 18.6776
 1.08 2.13037 2.55742 2.73105 2.80164
