years
 1997 1998 1999 2000 2001 2002 2003 2004 2005 2006 2007 2008 2009 2010 2011 2012 2013 2014 2015 2016 2017 2018 2019 2020 2021 2022 2023
reclasobs
 0 0 0 370054 412103 1.49427e+06 250295 1.28982e+06 931140 785840 897777 1.04006e+06 184774 17550 25797 100020 73551 82996 120727 218422 84188 347160 605670 569463 516374 1.08416e+06 1.01767e+06
reclaspred
 519813 122466 184104 95894.4 196573 228597 751206 566615 733069 846448 724734 517543 367471 181980 110937 94333 97850.7 129461 143535 203551 317270 286950 460272 592757 703097 576153 412152
pelacesobs
 0 0 0 0 0 0 0 0 0 2.06254e+06 1.5e+06 0 1.87456e+06 323000 250000 174000 83755 137374 0 501740 490994 745055 786931 1.00524e+06 1.33801e+06 1.41789e+06 0
pelacespred
 1.70665e+06 303471 274234 222050 437162 331061 1.79504e+06 1.31651e+06 1.6922e+06 1.92358e+06 1.41183e+06 1.07405e+06 775450 305798 186276 171603 184482 254464 278307 394892 716287 622915 802942 1.16182e+06 1.34432e+06 1.20945e+06 784554
mphobs
 0 0 0 0 0 0 112323 0 153150 637223 0 255016 313432 73983 77613 109348 50772 17779 17303 59886 28197 0 207744 136588 643089 65757 70829
mphpred
 190345 98712 82387.6 46056.6 54388.4 109178 185686 307356 276719 352954 389061 272371 177374 125534 57977.8 42083.2 38146.1 48509.7 33485.5 37287.4 62460 80371.2 90107.8 128107 165784 150141 110820
desembarqueobs
 350755 77701 442110 56441 14545 235359 269955 359681 431902 328805 639364 411747 362871 311530 167758 66681 60226 58785 57116 73181 50977 67692 138656 160484 209506 203330 245020
desembarquepred
 350762 77700.5 442124 56452 14545.4 235402 269962 359646 431793 328756 639258 411692 362796 311728 167830 66711.8 60261.2 58781.6 57099.4 73174.9 50978.3 67687.6 138663 160491 209518 203345 245030
Reclutas
 32533.9 34529.8 11361 15248.8 34034.1 31968.8 75980.5 59517.7 101925 116599 64330.5 50694.8 57110.4 25585.1 13208.5 11838.2 9168.61 11606.5 13004.7 21230.3 28417.6 30160.5 50336.5 67966.6 25241.6 28321.3 33764.6
log_desv_Rt
 0.0500385 0.109579 -1.00206 -0.707742 0.0951169 0.0325143 0.898232 0.654029 1.19199 1.3265 0.731789 0.493578 0.612742 -0.190233 -0.851382 -0.960914 -1.21646 -0.980678 -0.866931 -0.376814 -0.0852345 -0.0257123 0.486485 0.786771 -0.203751 -0.08863 0.0871694
SSB
 386317 200343 167211 93474.9 110385 221584 363880 614735 544911 699466 789625 552794 373886 246265 118971 87235.3 83425.2 100160 127310 150120 235669 295274 341442 461077 659040 618554 429306
BT
 1.37356e+06 311904 406957 196661 282563 379374 1.33808e+06 1.18665e+06 1.45756e+06 1.48587e+06 1.40857e+06 1.01645e+06 825665 471960 252709 157924 162363 201999 212845 298583 474421 422517 573524 827352 934209 873725 677853
Ftot
 1.26057 1.24148 3.10697 1.15741 0.178105 1.58632 0.873012 1.17473 1.28063 0.773633 1.28881 1.12634 1.68065 2.47619 2.40934 1.14201 1.04841 0.778636 0.619408 0.62432 0.277236 0.328933 0.42898 0.443868 0.377177 0.399743 0.758789
BD_Bspro_t
 0.891297 0.587841 0.422144 0.180342 0.302503 0.515976 0.495248 0.580871 0.512508 0.529279 0.52745 0.372513 0.290286 0.236358 0.143308 0.131248 0.170502 0.265382 0.372688 0.47135 0.609302 0.717955 0.711246 0.710562 0.72557 0.650048 0.557579
BD_Bspro
 0.604408 0.313443 0.261608 0.146245 0.172701 0.346676 0.569304 0.961775 0.852533 1.09434 1.2354 0.864867 0.584958 0.385291 0.186134 0.136483 0.130522 0.156703 0.199181 0.234868 0.368713 0.461968 0.5342 0.721372 1.03109 0.967751 0.671665
BD_Bo
 0.552589 0.28657 0.239179 0.133707 0.157895 0.316954 0.520495 0.879317 0.779441 1.00052 1.12948 0.790717 0.534807 0.352258 0.170176 0.124781 0.119331 0.143268 0.182104 0.214731 0.337101 0.422361 0.4884 0.659525 0.942692 0.884781 0.61408
BD_Brms
 1.00471 0.521037 0.434871 0.243103 0.287081 0.576279 0.946354 1.59876 1.41717 1.81912 2.0536 1.43767 0.972376 0.640469 0.30941 0.226875 0.216966 0.260488 0.331099 0.390421 0.612912 0.767928 0.887999 1.19914 1.71399 1.60869 1.11651
S_f
 0.0852179 0.638986 0.971123 0.998437 0.999918
 0.0852179 0.638986 0.971123 0.998437 0.999918
 0.0852179 0.638986 0.971123 0.998437 0.999918
 0.0852179 0.638986 0.971123 0.998437 0.999918
 0.0852179 0.638986 0.971123 0.998437 0.999918
 0.0852179 0.638986 0.971123 0.998437 0.999918
 0.0852179 0.638986 0.971123 0.998437 0.999918
 0.0852179 0.638986 0.971123 0.998437 0.999918
 0.0852179 0.638986 0.971123 0.998437 0.999918
 0.0852179 0.638986 0.971123 0.998437 0.999918
 0.0852179 0.638986 0.971123 0.998437 0.999918
 0.0852179 0.638986 0.971123 0.998437 0.999918
 0.0852179 0.638986 0.971123 0.998437 0.999918
 0.0852179 0.638986 0.971123 0.998437 0.999918
 0.0852179 0.638986 0.971123 0.998437 0.999918
 0.0852179 0.638986 0.971123 0.998437 0.999918
 0.0852179 0.638986 0.971123 0.998437 0.999918
 0.0852179 0.638986 0.971123 0.998437 0.999918
 0.0852179 0.638986 0.971123 0.998437 0.999918
 0.0852179 0.638986 0.971123 0.998437 0.999918
 0.0852179 0.638986 0.971123 0.998437 0.999918
 0.0852179 0.638986 0.971123 0.998437 0.999918
 0.0852179 0.638986 0.971123 0.998437 0.999918
 0.0852179 0.638986 0.971123 0.998437 0.999918
 0.0852179 0.638986 0.971123 0.998437 0.999918
 0.0852179 0.638986 0.971123 0.998437 0.999918
 0.0852179 0.638986 0.971123 0.998437 0.999918
Scru_reclas
 0.749965 1 1 1 1
 0.749965 1 1 1 1
 0.749965 1 1 1 1
 0.749965 1 1 1 1
 0.749965 1 1 1 1
 0.749965 1 1 1 1
 0.749965 1 1 1 1
 0.749965 1 1 1 1
 0.749965 1 1 1 1
 0.749965 1 1 1 1
 0.749965 1 1 1 1
 0.749965 1 1 1 1
 0.749965 1 1 1 1
 0.749965 1 1 1 1
 0.749965 1 1 1 1
 0.749965 1 1 1 1
 0.749965 1 1 1 1
 0.749965 1 1 1 1
 0.749965 1 1 1 1
 0.749965 1 1 1 1
 0.749965 1 1 1 1
 0.749965 1 1 1 1
 0.749965 1 1 1 1
 0.749965 1 1 1 1
 0.749965 1 1 1 1
 0.749965 1 1 1 1
 0.749965 1 1 1 1
Scru_pelaces
 0.830295 1 1 1 1
 0.830295 1 1 1 1
 0.830295 1 1 1 1
 0.830295 1 1 1 1
 0.830295 1 1 1 1
 0.830295 1 1 1 1
 0.830295 1 1 1 1
 0.830295 1 1 1 1
 0.830295 1 1 1 1
 0.830295 1 1 1 1
 0.830295 1 1 1 1
 0.830295 1 1 1 1
 0.830295 1 1 1 1
 0.830295 1 1 1 1
 0.830295 1 1 1 1
 0.830295 1 1 1 1
 0.830295 1 1 1 1
 0.830295 1 1 1 1
 0.830295 1 1 1 1
 0.830295 1 1 1 1
 0.830295 1 1 1 1
 0.830295 1 1 1 1
 0.830295 1 1 1 1
 0.830295 1 1 1 1
 0.830295 1 1 1 1
 0.830295 1 1 1 1
 0.830295 1 1 1 1
pf_obs 
 0.256992 0.487395 0.22802 0.0275931 0
 0.321318 0.546541 0.124235 0.00734118 0.000564706
 0.182869 0.594174 0.210203 0.0122559 0.00049798
 0.330522 0.361315 0.267642 0.0388342 0.00168674
 0.649043 0.306663 0.0425973 0.00169635 0
 0.582887 0.30429 0.105238 0.00758474 0
 0.465427 0.430635 0.0974691 0.00646863 0
 0.296916 0.608066 0.0921331 0.00288517 0
 0.311714 0.524322 0.152257 0.0117073 0
 0.15457 0.633149 0.183074 0.0267441 0.00246327
 0.131901 0.49318 0.331252 0.0422183 0.00144891
 0.196976 0.569456 0.194076 0.0375587 0.00193317
 0.518974 0.381816 0.0799577 0.0180837 0.00116848
 0.0928022 0.601141 0.25162 0.0475244 0.00691264
 0.122501 0.610282 0.24278 0.0234846 0.000952079
 0.383417 0.481906 0.127806 0.00687128 0
 0.0376549 0.599619 0.316969 0.0457579 0
 0.0361596 0.667082 0.258105 0.0386534 0
 0.158088 0.579412 0.248529 0.0139706 0
 0.0477256 0.309471 0.559284 0.082774 0.000745712
 0.0406174 0.521527 0.379366 0.0568643 0.0016247
 0.151134 0.462217 0.34131 0.0453401 0
 0.294876 0.26143 0.354403 0.0886775 0.000613685
 0.281977 0.475581 0.204845 0.0348837 0.00271318
 0.0841818 0.532909 0.334909 0.0458182 0.00218182
 0.115287 0.27431 0.454777 0.147771 0.00785563
 0 0 0 0 0
pf_pred 
 0.290621 0.482858 0.202342 0.0241649 1.36073e-05
 0.253302 0.603581 0.115505 0.0247914 0.00281972
 0.124927 0.687941 0.167112 0.0163106 0.00370989
 0.311762 0.510724 0.163621 0.0125245 0.00136845
 0.353661 0.512052 0.113467 0.0192603 0.00156025
 0.222215 0.612233 0.141696 0.0202495 0.00360614
 0.401692 0.449414 0.13207 0.0145143 0.00230956
 0.20092 0.679788 0.100699 0.0165692 0.00202369
 0.320544 0.473036 0.1892 0.0146424 0.00257699
 0.252097 0.614653 0.109009 0.0223097 0.00193146
 0.133583 0.632107 0.208634 0.0211566 0.00451966
 0.156128 0.511945 0.27946 0.0469699 0.00549658
 0.241535 0.502492 0.19114 0.0549844 0.00984794
 0.158352 0.683757 0.128298 0.0224222 0.00716988
 0.176687 0.625805 0.182037 0.012749 0.00272157
 0.227044 0.593026 0.160634 0.0178867 0.00141006
 0.175236 0.601797 0.192344 0.0274745 0.00314863
 0.224831 0.504722 0.225587 0.0389356 0.00592493
 0.206879 0.556261 0.181401 0.0465636 0.00889617
 0.261064 0.487829 0.200746 0.0389016 0.0114591
 0.22582 0.55724 0.166315 0.0407709 0.00985424
 0.169597 0.537091 0.235205 0.0448689 0.0132385
 0.227563 0.445776 0.243238 0.0673184 0.0161046
 0.221035 0.528827 0.172516 0.0582946 0.0193285
 0.0695807 0.613887 0.245527 0.0494859 0.0215188
 0.102902 0.300637 0.451705 0.113111 0.0316457
 0.161599 0.408874 0.193273 0.18036 0.055894
pobs_RECLAS
 0 0 0 0 0
 0 0 0 0 0
 0 0 0 0 0
 0 0 0 0 0
 0.835266 0.146461 0.0176864 0.000547809 3.91292e-05
 0.385257 0.428462 0.181853 0.0044286 0
 0.867414 0.0963971 0.0333333 0.00285562 0
 0.441836 0.489002 0.0689373 0.000224442 0
 0.779404 0.147425 0.0564933 0.0165055 0.000172143
 0.814271 0.122319 0.05973 0.00367925 0
 0.40263 0.566651 0.0304383 0.000280538 0
 0.475488 0.404961 0.113038 0.00651328 0
 0.955842 0.0263864 0.0167828 0.000988607 0
 0.975058 0.0227948 0.00214734 0 0
 0.738997 0.206755 0.0527124 0.00153531 0
 0.850938 0.134255 0.0134407 0.00136685 0
 0.542534 0.407297 0.0501686 0 0
 0.764087 0.199537 0.0359546 0.000420521 0
 0.470689 0.182191 0.310203 0.0369168 0
 0.84361 0.089868 0.0606195 0.00523954 0.000663233
 0.607945 0.314616 0.071237 0.00620181 0
 0.523733 0.453247 0.0230204 0 0
 0.530135 0.295979 0.169645 0.0042399 0
 0.562478 0.366248 0.0663022 0.0049721 0
 0.250443 0.683176 0.0655157 0.000865301 0
 0.195077 0.31981 0.436473 0.0351445 0.0134964
 0.565238 0.351407 0.0832357 0.000118908 0
ppred_RECLAS
 0.73689 0.203874 0.0530968 0.00613536 3.44872e-06
 0.687004 0.272969 0.0325082 0.00675179 0.000766582
 0.533756 0.408805 0.0515634 0.00478909 0.00108638
 0.749406 0.205914 0.041287 0.00305978 0.00033374
 0.769435 0.196877 0.0285879 0.00471822 0.000381643
 0.65767 0.294309 0.0413088 0.00569868 0.00101293
 0.812157 0.155213 0.0290434 0.00309527 0.000491719
 0.613994 0.348019 0.0322276 0.00513354 0.0006259
 0.762394 0.187079 0.0464389 0.00347686 0.000610828
 0.677177 0.283672 0.0322041 0.00639464 0.000552721
 0.508515 0.399877 0.0818653 0.00803072 0.00171254
 0.56366 0.310659 0.106349 0.0173092 0.00202209
 0.695826 0.233302 0.0534037 0.014819 0.00264902
 0.578811 0.373472 0.0390869 0.0065431 0.00208742
 0.614563 0.327558 0.0535208 0.00359266 0.000765189
 0.657188 0.288215 0.0489094 0.00527333 0.000414993
 0.583046 0.3383 0.0681444 0.00943024 0.00107889
 0.65913 0.254152 0.0726954 0.0121731 0.00184942
 0.627783 0.292457 0.0615068 0.0153287 0.00292398
 0.699078 0.226269 0.0600355 0.0112952 0.00332192
 0.647602 0.281311 0.0548602 0.0130728 0.00315488
 0.570345 0.317268 0.0906326 0.0168039 0.00495041
 0.664651 0.22769 0.0807569 0.0217155 0.00518702
 0.647065 0.270543 0.0573364 0.0188233 0.00623153
 0.326536 0.504985 0.131532 0.0257617 0.0111852
 0.461364 0.236032 0.230768 0.0561505 0.0156855
 0.580374 0.252507 0.0764626 0.0692343 0.0214213
pobs_PELACES
 0 0 0 0 0
 0 0 0 0 0
 0 0 0 0 0
 0 0 0 0 0
 0 0 0 0 0
 0 0 0 0 0
 0 0 0 0 0
 0 0 0 0 0
 0 0 0 0 0
 0 0 0 0 0
 0.450072 0.473896 0.0757376 0.000293798 0
 0 0 0 0 0
 0.463077 0.371075 0.160297 0.00555027 0
 0.529543 0.364841 0.0842815 0.0213345 0
 0.631943 0.363953 0.00410389 0 0
 0.735681 0.248677 0.0153453 0.000297389 0
 0.695825 0.281241 0.0229344 0 0
 0.275771 0.60734 0.115278 0.00161068 0
 0 0 0 0 0
 0.896147 0.0623911 0.0374545 0.00400742 0
 0.803859 0.145111 0.0509908 3.86294e-05 0
 0.739449 0.233085 0.0266225 0.000797448 4.60066e-05
 0.878498 0.100942 0.0204185 0.000141795 0
 0.694673 0.275183 0.0284847 0.00165964 0
 0.469039 0.446079 0.0841089 0.000773354 0
 0.822795 0.102175 0.0682046 0.00682512 0
 0 0 0 0 0
ppred_PELACES
 0.800864 0.158958 0.0360565 0.00411928 2.31404e-06
 0.756101 0.216278 0.02248 0.00461703 0.000523889
 0.698723 0.273971 0.024583 0.00222016 0.000502867
 0.806949 0.162094 0.0286286 0.00209965 0.000228886
 0.792866 0.177377 0.0252584 0.00416202 0.000336624
 0.744112 0.225085 0.0265506 0.00361074 0.000641307
 0.850877 0.125221 0.0212932 0.00225151 0.000357526
 0.688402 0.284353 0.0231508 0.00364885 0.000444625
 0.822014 0.144177 0.0311024 0.0023019 0.000404153
 0.729879 0.239759 0.025006 0.00493084 0.000426036
 0.597823 0.33552 0.0596409 0.005783 0.00123244
 0.645211 0.261448 0.0791081 0.0127454 0.00148812
 0.78196 0.174192 0.033165 0.00906459 0.00161904
 0.710911 0.263526 0.0210246 0.00344182 0.0010967
 0.739669 0.229272 0.0287673 0.00188956 0.000401978
 0.727169 0.233795 0.0350067 0.00373571 0.000293824
 0.656907 0.284253 0.0510421 0.00699709 0.000800109
 0.716012 0.2163 0.0568074 0.0094461 0.00143457
 0.679634 0.255375 0.0501827 0.0124369 0.00237164
 0.745653 0.19449 0.0481905 0.00901574 0.00265073
 0.682893 0.254705 0.048185 0.0114535 0.00276372
 0.611727 0.289434 0.0797536 0.0147431 0.0043426
 0.706697 0.202184 0.0684168 0.0183263 0.00437654
 0.690072 0.240306 0.0485099 0.015862 0.00525004
 0.367525 0.479192 0.119759 0.0233763 0.0101477
 0.511199 0.219585 0.205484 0.0498185 0.013914
 0.6453 0.220758 0.0615137 0.0553189 0.0171095
pobs_pel_tallas
 0 0 0 0 0 0 0 0 0 0 0 0 0 0 0 0 0 0 0 0 0 0 0 0 0 0 0 0 0 0 0 0 0 0 0 0
 0 0 0 0 0 0 0 0 0 0 0 0 0 0 0 0 0 0 0 0 0 0 0 0 0 0 0 0 0 0 0 0 0 0 0 0
 0 0 0 0 0 0 0 0 0 0 0 0 0 0 0 0 0 0 0 0 0 0 0 0 0 0 0 0 0 0 0 0 0 0 0 0
 0 0 0 0 0 0 0 0 0 0 0 0 0 0 0 0 0 0 0 0 0 0 0 0 0 0 0 0 0 0 0 0 0 0 0 0
 0 0 0 0 0 0 0 0 0 0 0 0 0 0 0 0 0 0 0 0 0 0 0 0 0 0 0 0 0 0 0 0 0 0 0 0
 0 0 0 0 0 0 0 0 0 0 0 0 0 0 0 0 0 0 0 0 0 0 0 0 0 0 0 0 0 0 0 0 0 0 0 0
 0 0 0 0 0 0 0 0 0 0 0 0 0 0 0 0 0 0 0 0 0 0 0 0 0 0 0 0 0 0 0 0 0 0 0 0
 0 0 0 0 0 0 0 0 0 0 0 0 0 0 0 0 0 0 0 0 0 0 0 0 0 0 0 0 0 0 0 0 0 0 0 0
 0 0 0 0 0 0 0 0 0 0 0 0 0 0 0 0 0 0 0 0 0 0 0 0 0 0 0 0 0 0 0 0 0 0 0 0
 0 0 0 0 0 0 0 0 0 0 0 0 0 0 0 0 0 0 0 0 0 0 0 0 0 0 0 0 0 0 0 0 0 0 0 0
 0 0 0 0 0 0 0 0 1.78061e-05 0.00172719 0.00360574 0.0105946 0.0120993 0.0124554 0.0147524 0.0171206 0.0266825 0.0428682 0.0675386 0.121331 0.153587 0.119568 0.100827 0.0573624 0.0630603 0.0341343 0.0324427 0.0444173 0.0211091 0.0280891 0.0125444 0.00206551 0 0 0 0
 0 0 0 0 0 0 0 0 0 0 0 0 0 0 0 0 0 0 0 0 0 0 0 0 0 0 0 0 0 0 0 0 0 0 0 0
 0 0 0 0 0 0 0.0133647 0.0140871 0.0187388 0.0205184 0.03894 0.0496705 0.03968 0.0493445 0.0407372 0.0367815 0.0215668 0.0243155 0.0234873 0.0199281 0.019796 0.0243948 0.0301388 0.0376714 0.0412746 0.0863199 0.0771752 0.113111 0.0741005 0.0525337 0.0229764 0.00759418 0.00175318 0 0 0
 0 0 0 0 0 0 0 0 0 0 0.00219441 0.00772107 0.0458388 0.0604681 0.0671733 0.0775358 0.0609151 0.0617685 0.073594 0.0568108 0.0755445 0.0548602 0.0670107 0.0636378 0.0643287 0.046367 0.0373049 0.0286899 0.0247887 0.0153202 0.00654259 0.00121912 0.000365735 0 0 0
 0 0 0 0 0 0 0 0 0 0 0 0 0.000112435 0.00938835 0.0111873 0.0202946 0.0414886 0.0713402 0.111592 0.104902 0.108894 0.110636 0.117776 0.105296 0.107544 0.0401394 0.0192827 0.0124803 0.00416011 0.0028671 0.000618394 0 0 0 0 0
 0 0 0 0 0 0 0 0 0 0 0.00291406 0.0102884 0.027416 0.0768956 0.0749926 0.110853 0.0956884 0.0897413 0.0766577 0.0534642 0.0500743 0.0551293 0.0594112 0.0620874 0.0668451 0.0424026 0.0208742 0.0120726 0.0048766 0.00582813 0.00118941 0.000297354 0 0 0 0
 0 0.00264628 0.0354308 0.0461629 0.0458689 0.0383711 0.0214643 0.0164657 0.0346957 0.0420465 0.0363128 0.0245516 0.0311673 0.0291091 0.0169068 0.0133784 0.00837989 0.0085269 0.0148486 0.0160247 0.0276389 0.0546898 0.0760071 0.122758 0.109233 0.0665981 0.0333725 0.0166128 0.00676272 0.00308733 0.000882094 0 0 0 0 0
 0 0 0 0 0 0 0 0.000805153 0.000690131 0.00759144 0.0133425 0.0154129 0.00931677 0.000345066 0.00356568 0.00563607 0.00851162 0.0253048 0.0502646 0.0516448 0.0657925 0.0565908 0.0611916 0.0827007 0.0866115 0.110766 0.145733 0.0935128 0.0569358 0.0249597 0.0138026 0.00621118 0.00161031 0.00115022 0 0
 0 0 0 0 0 0 0 0 0 0 0 0 0 0 0 0 0 0 0 0 0 0 0 0 0 0 0 0 0 0 0 0 0 0 0 0
 0.00147267 0.00158595 0.00478618 0.00569244 0.00954404 0.0108468 0.00647125 0.017049 0.0510054 0.094081 0.124002 0.0959785 0.0687766 0.0820023 0.061753 0.0591476 0.0492212 0.0479892 0.0443925 0.0268479 0.0217502 0.0140895 0.0121071 0.0120363 0.00920419 0.00665534 0.0049561 0.00860946 0.00930331 0.0156896 0.0114698 0.00855282 0.00243557 0.00046729 0 2.83206e-05
 0 0 0 0 0.000772559 0.00158375 0.000888443 0.00281984 0.00712685 0.0440552 0.0773331 0.111326 0.0921469 0.0852325 0.0710754 0.0886704 0.0786465 0.0553345 0.0373146 0.0185414 0.00753245 0.00457741 0.012979 0.0271748 0.0457355 0.0583668 0.034881 0.0177882 0.00938659 0.00492506 0.0015258 0.00185414 0.000309023 5.79419e-05 3.86279e-05 0
 0 0.00173294 0.00326652 0 0.00397197 0.00683976 0.00946217 0.0152591 0.00757587 0.0136028 0.0228656 0.0392903 0.0559909 0.0764795 0.0681675 0.0726916 0.0566044 0.0477403 0.0527397 0.0444891 0.0609904 0.0582453 0.0661739 0.0445044 0.0529084 0.0360697 0.0280645 0.0235558 0.0158879 0.00826598 0.00280645 0.00217768 0.000904811 0.00058276 9.20147e-05 0
 0 0 0 0 0 0 0 0 0 0 0 0 0 0 0 0 0 0 0 0 0 0 0 0 0 0 0 0 0 0 0 0 0 0 0 0
 0 0 0 0 0 0 0 0 0 0 0 0 0 0 0 0 0 0 0 0 0 0 0 0 0 0 0 0 0 0 0 0 0 0 0 0
 0 0 0 0 0 0 0 0 0 0 0 0 0 0 0 0 0 0 0 0 0 0 0 0 0 0 0 0 0 0 0 0 0 0 0 0
 0 0 0 0 0 0 0 0 0 0 0 0 0 0 0 0 0 0 0 0 0 0 0 0 0 0 0 0 0 0 0 0 0 0 0 0
 0 0 0 0 0 0 0 0 0 0 0 0 0 0 0 0 0 0 0 0 0 0 0 0 0 0 0 0 0 0 0 0 0 0 0 0
ppred_pel_tallas
 1.00706e-16 3.49406e-05 0.000205078 0.000974861 0.00375329 0.0117043 0.0295641 0.0604918 0.100271 0.134659 0.146529 0.129233 0.0924737 0.0538969 0.026023 0.0112337 0.00570118 0.00492265 0.00613677 0.0081291 0.0104027 0.0126602 0.0146325 0.0160729 0.0168007 0.0167408 0.0159393 0.014546 0.0127738 0.010847 0.00895673 0.00723459 0.00574783 0.00451072 0.00350397 0.00269363
 1.00573e-16 3.2991e-05 0.000193627 0.00092041 0.00354362 0.0110504 0.0279126 0.0571131 0.0946725 0.127146 0.138369 0.122073 0.0874298 0.0511174 0.0249804 0.0112946 0.00647249 0.00627924 0.0081044 0.0107691 0.0137389 0.0166401 0.0191119 0.0208237 0.0215399 0.0211747 0.019812 0.0176799 0.0150913 0.0123699 0.00978688 0.00752257 0.0056597 0.00420059 0.0030965 0.00227708
 1.00539e-16 3.04914e-05 0.000178947 0.000850608 0.00327484 0.0102123 0.0257955 0.0527818 0.087495 0.117513 0.127904 0.112882 0.0809384 0.0475061 0.0235586 0.0112314 0.00724058 0.00769367 0.0101777 0.0135706 0.0173086 0.0209438 0.0240234 0.0261295 0.0269654 0.0264254 0.0246202 0.0218444 0.0185003 0.0150039 0.0117031 0.00882914 0.00648707 0.00467792 0.00333602 0.00236701
 1.00543e-16 3.5206e-05 0.000206637 0.000982269 0.00378181 0.0117932 0.0297887 0.0609515 0.101033 0.135682 0.147643 0.130216 0.093178 0.0543093 0.0262255 0.0113262 0.00575421 0.00497121 0.00619288 0.00819246 0.0104652 0.0127074 0.014644 0.0160247 0.0166683 0.0165035 0.0155846 0.0140727 0.0121933 0.0101821 0.00823893 0.00649941 0.0050302 0.00384081 0.00290435 0.00217795
 1.00576e-16 3.45926e-05 0.000203034 0.000965137 0.00371584 0.0115875 0.0292691 0.0598885 0.0992715 0.133318 0.145074 0.12796 0.0915863 0.0534258 0.0258816 0.011319 0.00595541 0.00533658 0.00672616 0.00891039 0.011376 0.0137995 0.0158818 0.0173505 0.0180095 0.0177844 0.0167384 0.0150522 0.0129764 0.0107717 0.0086574 0.00678097 0.00521244 0.00395808 0.00298369 0.00223786
 1.00605e-16 3.24686e-05 0.00019056 0.000905825 0.00348746 0.0108753 0.0274702 0.0562081 0.0931726 0.125133 0.136181 0.12015 0.0860681 0.0503528 0.0246656 0.011252 0.00658705 0.00650713 0.0084439 0.0112326 0.0143365 0.0173714 0.0199624 0.0217651 0.0225332 0.0221755 0.0207775 0.0185742 0.0158893 0.0130586 0.0103638 0.00799323 0.00603444 0.00449199 0.00331758 0.00244025
 1.00438e-16 3.712e-05 0.000217877 0.00103571 0.00398759 0.012435 0.0314097 0.0642678 0.106529 0.143058 0.155658 0.137258 0.0981602 0.0570972 0.0273548 0.0114422 0.00527216 0.00404483 0.00482307 0.00633174 0.00808001 0.00980941 0.0113033 0.0123679 0.0128634 0.0127353 0.0120256 0.0108593 0.00941058 0.00786165 0.00636638 0.00502912 0.00390068 0.00298773 0.00226889 0.00171066
 1.00568e-16 3.00418e-05 0.000176307 0.000838052 0.00322649 0.0100615 0.0254146 0.0520027 0.0862039 0.11578 0.126021 0.111228 0.0797705 0.0468561 0.0233022 0.0112188 0.00737667 0.00794472 0.0105454 0.0140668 0.0179397 0.0217032 0.0248881 0.0270613 0.0279156 0.0273426 0.0254586 0.0225707 0.0190976 0.0154717 0.0120539 0.00908355 0.00666835 0.0048077 0.00343173 0.00244101
 1.00587e-16 3.58622e-05 0.000210491 0.00100059 0.00385237 0.0120133 0.0303446 0.0620887 0.102917 0.138211 0.150389 0.132626 0.0948778 0.0552488 0.0265837 0.0113177 0.00551328 0.00454201 0.00556837 0.00735265 0.00940106 0.0114335 0.0132038 0.0144879 0.0151228 0.0150415 0.0142874 0.0129986 0.0113704 0.00960812 0.00788655 0.00632579 0.00498669 0.00388116 0.00299007 0.00228058
 1.00623e-16 3.18485e-05 0.000186918 0.000888508 0.00342078 0.0106674 0.026945 0.0551336 0.0913921 0.122743 0.133585 0.11787 0.0844581 0.0494577 0.0243142 0.0112384 0.00678077 0.00686242 0.00896384 0.011934 0.0152285 0.0184442 0.0211833 0.0230794 0.0238714 0.0234643 0.021951 0.0195844 0.0167116 0.0136917 0.0108255 0.00831317 0.00624663 0.00462857 0.00340503 0.00249797
 1.01213e-16 2.60943e-05 0.000153126 0.00072784 0.00280213 0.0087381 0.022072 0.0451638 0.0748699 0.100566 0.109483 0.0966844 0.069455 0.0410288 0.0208354 0.0107501 0.00801125 0.00932454 0.0126333 0.0169421 0.0216827 0.0263388 0.0303626 0.0332388 0.0345928 0.0342767 0.0324013 0.0292991 0.0254348 0.0212946 0.0172898 0.0136998 0.0106616 0.0081946 0.0062437 0.00472132
 1.01716e-16 2.81576e-05 0.000165247 0.000785476 0.00302407 0.00943023 0.0238201 0.0487401 0.0807956 0.108517 0.118116 0.104252 0.0747711 0.0439274 0.0218621 0.0105574 0.00699339 0.00759021 0.0101341 0.0136009 0.0174774 0.0213498 0.0247901 0.0273924 0.0288522 0.0290329 0.0279917 0.0259537 0.0232466 0.0202198 0.0171737 0.0143192 0.0117698 0.00956029 0.00767654 0.00608354
 1.00915e-16 3.41169e-05 0.000200241 0.000951861 0.00366473 0.0114281 0.0288665 0.0590647 0.097906 0.131484 0.143079 0.126201 0.0903278 0.0526936 0.0255307 0.0111729 0.00589108 0.00529423 0.00668651 0.00887436 0.0113555 0.0138145 0.0159592 0.0175212 0.0183052 0.0182318 0.0173543 0.0158394 0.0139216 0.0118461 0.00982002 0.00798364 0.00640554 0.00509604 0.00402936 0.00316509
 1.00554e-16 3.10224e-05 0.000182066 0.000865435 0.00333193 0.0103903 0.0262452 0.0537019 0.0890197 0.11956 0.130127 0.114835 0.0823201 0.0482785 0.02387 0.0112603 0.00710154 0.00742851 0.00978581 0.0130379 0.0166251 0.0201127 0.0230646 0.0250793 0.0258725 0.0253438 0.0236012 0.0209293 0.0177161 0.014362 0.0112012 0.0084548 0.00622213 0.00450204 0.00322935 0.00231168
 1.00567e-16 3.2275e-05 0.000189423 0.000900419 0.00346664 0.0108104 0.0273062 0.0558726 0.0926167 0.124387 0.135371 0.119438 0.0855651 0.0500726 0.0245547 0.0112458 0.00664473 0.00661432 0.00860177 0.011447 0.0146114 0.0177052 0.0203468 0.0221848 0.0229676 0.0226018 0.0211736 0.0189222 0.0161771 0.013281 0.0105215 0.00809187 0.00608283 0.00450042 0.00329659 0.0023997
 1.00716e-16 3.17301e-05 0.000186224 0.000885208 0.00340807 0.0106277 0.0268449 0.0549287 0.0910524 0.122287 0.133087 0.117428 0.0841371 0.0492602 0.0241998 0.0111571 0.00669453 0.00674885 0.00881199 0.0117417 0.0150023 0.0182007 0.0209485 0.0228869 0.023757 0.02346 0.0220785 0.0198503 0.0171055 0.0141881 0.011388 0.00890071 0.00682002 0.00515553 0.00386333 0.0028763
 1.01096e-16 2.86685e-05 0.000168244 0.000799722 0.00307891 0.00960125 0.0242522 0.0496242 0.0822616 0.110487 0.120263 0.106156 0.0761533 0.0447733 0.022345 0.0108907 0.0073387 0.00804285 0.0107413 0.0143747 0.0183954 0.0223509 0.0257743 0.028229 0.0293971 0.0291527 0.0275887 0.024985 0.0217336 0.0182445 0.0148645 0.0118291 0.00925385 0.00715528 0.00548751 0.00417781
 1.01269e-16 3.1243e-05 0.000183365 0.000871622 0.00335577 0.0104646 0.0264329 0.0540856 0.0896545 0.120408 0.13104 0.115616 0.0828258 0.0484665 0.0237623 0.0108774 0.00642493 0.00640507 0.00835458 0.0111617 0.0143188 0.0174628 0.020236 0.022303 0.0234154 0.0234654 0.0225078 0.0207368 0.0184317 0.0158884 0.0133595 0.0110203 0.00896226 0.00720869 0.00574038 0.00452019
 1.01334e-16 2.96583e-05 0.000174058 0.000827367 0.00318536 0.00993322 0.0250906 0.0513396 0.085104 0.114301 0.124406 0.109791 0.0787137 0.0461835 0.0228724 0.0108561 0.00694073 0.00734334 0.0097249 0.0130075 0.0166621 0.0202751 0.023427 0.0257255 0.0268835 0.0267839 0.0255042 0.0232876 0.0204772 0.0174322 0.0144563 0.0117556 0.00943154 0.00750034 0.00592537 0.0046484
 1.01182e-16 3.25346e-05 0.00019095 0.000907685 0.00349463 0.0108977 0.0275267 0.0563235 0.093363 0.125386 0.13645 0.120371 0.0861927 0.0503572 0.0245408 0.0109831 0.00614245 0.0058429 0.00751725 0.0100189 0.012846 0.0156614 0.0181417 0.019986 0.0209718 0.0210039 0.0201333 0.0185365 0.0164658 0.0141877 0.0119292 0.0098465 0.00801988 0.00646781 0.00517056 0.00409264
 1.0129e-16 2.98004e-05 0.000174892 0.000831333 0.00320063 0.00998084 0.0252109 0.0515857 0.0855119 0.114849 0.125001 0.110315 0.0790868 0.0463969 0.0229677 0.010884 0.00693508 0.00731908 0.0096851 0.0129503 0.0165841 0.0201731 0.0232987 0.0255698 0.0267009 0.0265764 0.0252754 0.0230425 0.0202219 0.0171737 0.0142018 0.0115124 0.00920603 0.00729772 0.00574915 0.00450018
 1.01936e-16 2.66987e-05 0.000156679 0.000744739 0.00286721 0.00894107 0.0225846 0.0462123 0.0766066 0.102894 0.112006 0.0988835 0.0709726 0.0418007 0.0209984 0.0104637 0.0073522 0.00828263 0.0111574 0.014989 0.0192538 0.0235036 0.0272674 0.0300977 0.0316605 0.0318092 0.0306124 0.0283248 0.0253138 0.0219692 0.018624 0.0155093 0.0127464 0.0103675 0.00835039 0.00665
 1.01872e-16 3.08363e-05 0.000180978 0.000860278 0.0033121 0.0103284 0.0260889 0.0533817 0.0884873 0.11884 0.129331 0.114103 0.0817309 0.0478039 0.0233971 0.0106437 0.00619897 0.00611563 0.00796728 0.0106669 0.0137296 0.0168173 0.0195975 0.021756 0.0230547 0.0233818 0.0227719 0.0213864 0.0194644 0.0172619 0.0149992 0.0128308 0.0108414 0.00906001 0.00748307 0.00609464
 1.01558e-16 3.01128e-05 0.000176728 0.000840063 0.00323425 0.0100857 0.0254757 0.0521274 0.0864093 0.116053 0.126308 0.111459 0.0798861 0.0468247 0.0231032 0.0108212 0.00672788 0.00697713 0.00919464 0.012295 0.0157598 0.0191962 0.0222101 0.0244329 0.025594 0.0255816 0.0244652 0.0224691 0.0199101 0.0171198 0.0143776 0.0118724 0.00969645 0.00786408 0.00634234 0.00508014
 1.03134e-16 1.60581e-05 9.4192e-05 0.000447628 0.0017232 0.00537345 0.0135733 0.0277761 0.046054 0.0618858 0.0674405 0.0597168 0.043248 0.0262506 0.01463 0.00966743 0.00979368 0.0130783 0.0182756 0.0246768 0.0316985 0.0386651 0.0448088 0.049393 0.0518699 0.0520041 0.049919 0.0460461 0.0410036 0.0354437 0.0299212 0.0248177 0.0203283 0.0164977 0.013278 0.0105839
 1.05351e-16 2.23126e-05 0.000130935 0.00062236 0.00239605 0.00747177 0.0188732 0.0386181 0.0640174 0.085985 0.0935986 0.0826318 0.0593062 0.0349274 0.0175466 0.00875716 0.00619682 0.0070655 0.0096492 0.0131754 0.0172692 0.0216193 0.0258811 0.0296984 0.0327632 0.0348682 0.0359334 0.0359965 0.0351771 0.0336321 0.031517 0.0289681 0.0261024 0.0230278 0.0198548 0.0166996
 1.03646e-16 2.81597e-05 0.000165263 0.000785564 0.00302442 0.00943135 0.0238229 0.0487454 0.0808033 0.108524 0.118114 0.104229 0.074706 0.0437925 0.0216161 0.0101431 0.00633845 0.00661379 0.00876052 0.0117792 0.0152037 0.0186861 0.0218749 0.0244352 0.0261124 0.0267853 0.0264861 0.0253774 0.0236989 0.0217013 0.0195929 0.01751 0.0155179 0.0136302 0.0118371 0.0101287
pSPR Fmed_Fpbrs
0.530639   0.6 0.325
Fs Fmed_Fpbrs
0.64   0.473437 1.67211
SSBpbr Bo_Bmed_Bpbrs
699105  336017  384507 192254
Ro
30946
SPR SPRFo_SPRFmed_SPRFpbrs
639166 339167 207729
log_Ro
10.16
likeval ReclasPelacesDesembMPH_pf_preclas_ppelaces_ptallas_desvR_qrecl_qpela
 0.000997499 11.9982 0.00756496 16.7205 318.325 208.468 54.4506 0 18.1101 1.37043e-06 6.90537e-05 2.74065e-14 0 0 0
q_reclas_q_pelaces
0.847142 3.26168
M
0.7
N
 32533.9 9570.18 3072.85 361.235 0.203242
 34529.8 14510.3 2123.71 448.626 50.9828
 11361 15425.6 3259.49 315.857 71.8153
 15248.8 4329.36 1052.03 79.208 8.64685
 34034.1 6861.12 1026.19 169.777 13.7346
 31968.8 16646.2 3040.63 428.652 76.2817
 75980.5 13867.9 2999.82 323.536 51.4307
 59517.7 35025.7 3942.18 638.106 77.8678
 101925 26740.1 8210.76 625.582 110.009
 116599 45381.6 5858.29 1175.62 101.673
 64330.5 54207.3 13746.2 1372.41 292.943
 50694.8 28622.8 11814 1952.63 228.301
 57110.4 22870.3 6920.49 1964.96 351.69
 25585.1 24575.9 3880.36 671.91 214.75
 13208.5 10288.2 2508.08 173.99 37.1238
 11838.2 5341.7 1095.77 120.002 9.4517
 9168.61 5333.52 1278.66 179.501 20.5522
 11606.5 4163.86 1355.4 229.393 34.871
 13004.7 5393.6 1257.22 315.986 60.3028
 21230.3 6125.92 1802.94 342.113 100.662
 28417.6 9996.43 2041.32 488.278 117.861
 30160.5 13782.3 4158.18 774.426 228.201
 50336.5 14563.3 5546.69 1500.27 358.471
 67966.6 24099.1 5498.03 1815.95 601.377
 25241.6 32498.4 9011.92 1774.18 770.531
 28321.3 12138.1 12681.9 3102.67 866.98
 33764.6 13592.9 4668.89 4271.56 1322.37
pred_Ctot
 2397.94 3984.12 1669.55 199.387 0.112275
 2508.28 5976.84 1143.77 245.492 27.9217
 1929.76 10626.7 2581.4 251.952 57.3071
 1035.89 1696.98 543.664 41.615 4.54694
 369.009 534.275 118.391 20.0962 1.62796
 2929.8 8072.01 1868.19 266.98 47.5452
 3934.54 4401.97 1293.62 142.167 22.6219
 4101.06 13875.4 2055.4 338.2 41.3063
 7626.4 11254.5 4501.46 348.371 61.3119
 5370.4 13093.9 2322.21 475.264 41.1459
 4842.68 22915.3 7563.46 766.976 163.848
 3355.24 11001.9 6005.68 1009.4 118.123
 5526 11496.3 4373.03 1257.97 225.308
 3543.18 15299.3 2870.71 501.703 160.428
 1784.13 6319.19 1838.15 128.735 27.4816
 793.953 2073.76 561.724 62.5484 4.93086
 566.47 1945.38 621.776 88.8148 10.1783
 537.937 1207.61 539.746 93.1584 14.1762
 482.337 1296.92 422.935 108.563 20.7414
 793.518 1482.78 610.178 118.243 34.8305
 477.825 1179.1 351.914 86.2695 20.8511
 600.532 1901.8 832.844 158.878 46.8766
 1302.21 2550.93 1391.91 385.225 92.1577
 1818.32 4350.33 1419.18 479.554 159.004
 575.264 5075.37 2029.92 409.13 177.908
 683.491 1996.87 3000.29 751.297 210.195
 1526.16 3861.45 1825.29 1703.34 527.869
F
 0.107423 0.805487 1.22417 1.2586 1.26047
 0.105796 0.793289 1.20563 1.23954 1.24138
 0.264769 1.98531 3.01725 3.10211 3.10671
 0.098632 0.739568 1.12399 1.1556 1.15731
 0.0151777 0.113806 0.172962 0.177826 0.17809
 0.135182 1.01363 1.54051 1.58384 1.58619
 0.0743963 0.557842 0.847802 0.871648 0.872941
 0.100108 0.750636 1.14081 1.17289 1.17463
 0.109133 0.818307 1.24365 1.27863 1.28053
 0.0659273 0.49434 0.751292 0.772424 0.773569
 0.109829 0.823529 1.25159 1.28679 1.2887
 0.0959846 0.719717 1.09382 1.12458 1.12625
 0.143221 1.07391 1.63212 1.67802 1.68051
 0.211015 1.58225 2.40468 2.47232 2.47598
 0.205319 1.53954 2.33977 2.40558 2.40914
 0.0973199 0.72973 1.10903 1.14023 1.14192
 0.089343 0.669917 1.01813 1.04677 1.04832
 0.0663537 0.497537 0.756151 0.777419 0.778572
 0.0527846 0.395793 0.601521 0.61844 0.619357
 0.0532033 0.398932 0.606292 0.623345 0.624269
 0.0236254 0.17715 0.26923 0.276803 0.277213
 0.028031 0.210184 0.319435 0.328419 0.328906
 0.0365568 0.274112 0.416592 0.42831 0.428945
 0.0378255 0.283625 0.431051 0.443175 0.443832
 0.0321422 0.241011 0.366285 0.376588 0.377146
 0.0340653 0.25543 0.3882 0.399119 0.399711
 0.0646624 0.484855 0.736877 0.757603 0.758726
Np
 22237.4 10606.1 5767.46 1303.34 449.711
YTP_r0W_actual
 7891.85 56087.1 39894.4 47673 16397.5
YTP_p0W_proyectada
 5197.58 64852 35516.9 12384.3 15197.7
 5197.58 43763 49281.5 14546 5576.42
CTP_r0_actual
 962.42 2596.62 1270.52 1188.85 368.482
CTP_p0_proyectada
 633.851 3002.41 1131.11 308.836 341.521
 633.851 2026.06 1569.47 362.743 125.313
Wmedp
 8.2 21.6 31.4 40.1 44.5
nmprior
 10.8 10.6 4.6 0
nm_flota  nm_reclas  nm_pelaces    nm_pelaL
inf 18.0345 19.7025 64.913
cv_recla  cv_pelaces  cv_mph
0.911729 0.379445 0.546425
 ------------------------------------------------
Talla a la edad & desviaci?n 
 7.2 14.2025 17.0495 18.207 18.6776
 1.08 2.13037 2.55742 2.73105 2.80164
