years
 1997 1998 1999 2000 2001 2002 2003 2004 2005 2006 2007 2008 2009 2010 2011 2012 2013 2014 2015 2016 2017 2018 2019 2020 2021 2022 2023
reclasobs
 0 0 0 370054 412103 1.49427e+06 250295 1.28982e+06 931140 785840 897777 1.04006e+06 184774 17550 25797 100020 73551 82996 120727 218422 84188 347160 605670 569463 516374 1.08416e+06 1.01767e+06
reclaspred
 249358 66470.9 193325 131696 192661 239037 654706 454884 560810 537636 457592 340603 248194 156552 136486 134028 145244 192899 198661 275446 391309 333845 540899 700742 824572 752114 645218
pelacesobs
 0 0 0 0 0 0 0 0 0 2.06254e+06 1.5e+06 0 1.87456e+06 323000 250000 174000 83755 137374 0 501740 490994 745055 786931 1.00524e+06 1.33801e+06 1.41789e+06 0
pelacespred
 668529 150822 271426 282897 354851 355392 1.19615e+06 980581 1.08804e+06 1.05258e+06 820685 635987 474660 275229 234482 236546 263335 336132 361032 480854 743454 639801 838522 1.20927e+06 1.40837e+06 1.42702e+06 1.18899e+06
mphobs
 0 0 0 0 0 0 112323 0 153150 637223 0 255016 313432 73983 77613 109348 50772 17779 17303 59886 28197 0 207744 136588 643089 65757 70829
mphpred
 100353 61880.2 72552 83618.7 85181 133060 230643 319504 287617 319588 313499 244386 169109 75667 52348.8 48909.3 48451 60381.1 37652.1 40593.3 60744.8 71716.8 81303.9 113756 149449 151044 128110
desembarqueobs
 350755 77701 442110 56441 14545 235359 269955 359681 431902 328805 639364 411747 362871 311530 167758 66681 60226 58785 57116 73181 50977 67692 138656 160484 209506 203330 245020
desembarquepred
 350773 77708.7 442211 56445.2 14545.2 235407 269976 359720 431920 328824 639579 411901 363045 311868 167872 66700.2 60241.6 58789.3 57115.7 73182.4 50977.5 67691.3 138659 160487 209511 203335 245021
Reclutas
 49753.8 56761.3 33570.6 46747.9 82542.2 76833.5 154041 117140 176256 172774 89656.4 58052.6 69241.1 40692 30161.3 35980.6 31871.4 39759.5 43998.9 77804.4 101470 103091 173167 240345 91707.9 107161 138201
log_desv_Rt
 -0.425159 -0.29339 -0.818595 -0.487476 0.0810646 0.00939602 0.704975 0.431128 0.839694 0.81974 0.16374 -0.270896 -0.0946497 -0.626214 -0.925686 -0.749263 -0.870535 -0.649395 -0.548081 0.0219535 0.287519 0.303372 0.822014 1.14983 0.186364 0.342086 0.596462
SSB
 599087 369413 433122 499188 508515 794345 1.34332e+06 1.88983e+06 1.68528e+06 1.87479e+06 1.87153e+06 1.45894e+06 1.03162e+06 706158 496889 472294 482809 585806 709272 795038 1.14298e+06 1.31993e+06 1.53123e+06 2.0618e+06 2.923e+06 3.02378e+06 2.4341e+06
BT
 2.07258e+06 529530 964235 809610 951606 1.12637e+06 3.35502e+06 2.99624e+06 3.27546e+06 3.10347e+06 2.75011e+06 2.06249e+06 1.61209e+06 1.02813e+06 766037 683227 749520 937293 1.00576e+06 1.33354e+06 2.00992e+06 1.75785e+06 2.31886e+06 3.33439e+06 3.89144e+06 3.95792e+06 3.36585e+06
Ftot
 0.510008 0.412142 0.650223 0.131958 0.0264926 0.264259 0.143594 0.235045 0.254039 0.18472 0.354871 0.296007 0.396978 0.505491 0.332575 0.132664 0.11811 0.0876492 0.0771712 0.0820323 0.0396872 0.0535647 0.0703857 0.0698082 0.0614391 0.0656841 0.0984921
BD_Bspro_t
 0.93928 0.726505 0.671056 0.526386 0.654357 0.794887 0.780276 0.814259 0.770331 0.754007 0.735478 0.617918 0.54092 0.489167 0.429327 0.472203 0.569633 0.702575 0.784946 0.835915 0.887676 0.92213 0.918567 0.916916 0.920918 0.899945 0.877483
BD_Bspro
 0.381075 0.234981 0.275506 0.31753 0.323463 0.505278 0.854475 1.20211 1.07199 1.19254 1.19047 0.92802 0.656207 0.449182 0.316068 0.300423 0.307112 0.372627 0.451163 0.505718 0.727044 0.839596 0.974003 1.3115 1.8593 1.9234 1.54831
BD_Bo
 0.19132 0.117973 0.138319 0.159417 0.162396 0.253676 0.428992 0.603521 0.538198 0.598718 0.597679 0.465916 0.329451 0.225513 0.158683 0.150828 0.154186 0.187079 0.226508 0.253898 0.365015 0.421522 0.489001 0.658442 0.93347 0.965652 0.777335
BD_Brms
 0.347855 0.214496 0.251488 0.289849 0.295265 0.46123 0.779985 1.09731 0.978542 1.08858 1.08669 0.847119 0.599002 0.410024 0.288514 0.274233 0.280339 0.340143 0.411833 0.461632 0.663663 0.766403 0.889094 1.19717 1.69722 1.75573 1.41334
S_f
 0.202587 1 1 1 1
 0.202587 1 1 1 1
 0.202587 1 1 1 1
 0.202587 1 1 1 1
 0.202587 1 1 1 1
 0.202587 1 1 1 1
 0.202587 1 1 1 1
 0.202587 1 1 1 1
 0.202587 1 1 1 1
 0.202587 1 1 1 1
 0.202587 1 1 1 1
 0.202587 1 1 1 1
 0.202587 1 1 1 1
 0.202587 1 1 1 1
 0.202587 1 1 1 1
 0.202587 1 1 1 1
 0.202587 1 1 1 1
 0.202587 1 1 1 1
 0.202587 1 1 1 1
 0.202587 1 1 1 1
 0.202587 1 1 1 1
 0.202587 1 1 1 1
 0.202587 1 1 1 1
 0.202587 1 1 1 1
 0.202587 1 1 1 1
 0.202587 1 1 1 1
 0.202587 1 1 1 1
Scru_reclas
 1 1 1 1 1
 1 1 1 1 1
 1 1 1 1 1
 1 1 1 1 1
 1 1 1 1 1
 1 1 1 1 1
 1 1 1 1 1
 1 1 1 1 1
 1 1 1 1 1
 1 1 1 1 1
 1 1 1 1 1
 1 1 1 1 1
 1 1 1 1 1
 1 1 1 1 1
 1 1 1 1 1
 1 1 1 1 1
 1 1 1 1 1
 1 1 1 1 1
 1 1 1 1 1
 1 1 1 1 1
 1 1 1 1 1
 1 1 1 1 1
 1 1 1 1 1
 1 1 1 1 1
 1 1 1 1 1
 1 1 1 1 1
 1 1 1 1 1
Scru_pelaces
 1 1 1 1 1
 1 1 1 1 1
 1 1 1 1 1
 1 1 1 1 1
 1 1 1 1 1
 1 1 1 1 1
 1 1 1 1 1
 1 1 1 1 1
 1 1 1 1 1
 1 1 1 1 1
 1 1 1 1 1
 1 1 1 1 1
 1 1 1 1 1
 1 1 1 1 1
 1 1 1 1 1
 1 1 1 1 1
 1 1 1 1 1
 1 1 1 1 1
 1 1 1 1 1
 1 1 1 1 1
 1 1 1 1 1
 1 1 1 1 1
 1 1 1 1 1
 1 1 1 1 1
 1 1 1 1 1
 1 1 1 1 1
 1 1 1 1 1
pf_obs 
 0.256992 0.487395 0.22802 0.0275931 0
 0.321318 0.546541 0.124235 0.00734118 0.000564706
 0.182869 0.594174 0.210203 0.0122559 0.00049798
 0.330522 0.361315 0.267642 0.0388342 0.00168674
 0.649043 0.306663 0.0425973 0.00169635 0
 0.582887 0.30429 0.105238 0.00758474 0
 0.465427 0.430635 0.0974691 0.00646863 0
 0.296916 0.608066 0.0921331 0.00288517 0
 0.311714 0.524322 0.152257 0.0117073 0
 0.15457 0.633149 0.183074 0.0267441 0.00246327
 0.131901 0.49318 0.331252 0.0422183 0.00144891
 0.196976 0.569456 0.194076 0.0375587 0.00193317
 0.518974 0.381816 0.0799577 0.0180837 0.00116848
 0.0928022 0.601141 0.25162 0.0475244 0.00691264
 0.122501 0.610282 0.24278 0.0234846 0.000952079
 0.383417 0.481906 0.127806 0.00687128 0
 0.0376549 0.599619 0.316969 0.0457579 0
 0.0361596 0.667082 0.258105 0.0386534 0
 0.158088 0.579412 0.248529 0.0139706 0
 0.0477256 0.309471 0.559284 0.082774 0.000745712
 0.0406174 0.521527 0.379366 0.0568643 0.0016247
 0.151134 0.462217 0.34131 0.0453401 0
 0.294876 0.26143 0.354403 0.0886775 0.000613685
 0.281977 0.475581 0.204845 0.0348837 0.00271318
 0.0841818 0.532909 0.334909 0.0458182 0.00218182
 0.115287 0.27431 0.454777 0.147771 0.00785563
 0 0 0 0 0
pf_pred 
 0.391907 0.431021 0.158547 0.0185091 1.63993e-05
 0.322062 0.543201 0.0955026 0.0351298 0.00410476
 0.193516 0.596207 0.168486 0.0296222 0.0121694
 0.294922 0.434676 0.199899 0.0564908 0.0140121
 0.338951 0.453889 0.127713 0.0587327 0.0207145
 0.231109 0.552975 0.148252 0.0417143 0.0259495
 0.362122 0.399265 0.171606 0.0460075 0.0209983
 0.206005 0.594973 0.124574 0.0535424 0.0209063
 0.292138 0.415949 0.218742 0.0457995 0.0273711
 0.237931 0.530199 0.13625 0.0716521 0.0239681
 0.134357 0.542081 0.225114 0.0578497 0.0405988
 0.12958 0.412674 0.286649 0.119039 0.0520589
 0.212506 0.359768 0.202788 0.14086 0.0840776
 0.159081 0.517363 0.147817 0.0833192 0.0924194
 0.168798 0.450057 0.234494 0.0669979 0.0796533
 0.226968 0.416341 0.193132 0.100628 0.062932
 0.1899 0.490967 0.171879 0.079731 0.0675228
 0.228025 0.424269 0.21073 0.073773 0.0632035
 0.221488 0.469143 0.170025 0.08445 0.0548932
 0.308801 0.409506 0.169753 0.0615213 0.0504194
 0.276259 0.503614 0.130416 0.0540613 0.0356499
 0.218649 0.513569 0.186336 0.0482536 0.033193
 0.293778 0.413762 0.192229 0.0697456 0.0304854
 0.285642 0.485329 0.134183 0.0623398 0.032505
 0.0976263 0.605189 0.201905 0.0558226 0.0394571
 0.148958 0.301596 0.368493 0.122938 0.0580148
 0.206227 0.37373 0.148857 0.181875 0.0893117
pobs_RECLAS
 0 0 0 0 0
 0 0 0 0 0
 0 0 0 0 0
 0 0 0 0 0
 0.835266 0.146461 0.0176864 0.000547809 3.91292e-05
 0.385257 0.428462 0.181853 0.0044286 0
 0.867414 0.0963971 0.0333333 0.00285562 0
 0.441836 0.489002 0.0689373 0.000224442 0
 0.779404 0.147425 0.0564933 0.0165055 0.000172143
 0.814271 0.122319 0.05973 0.00367925 0
 0.40263 0.566651 0.0304383 0.000280538 0
 0.475488 0.404961 0.113038 0.00651328 0
 0.955842 0.0263864 0.0167828 0.000988607 0
 0.975058 0.0227948 0.00214734 0 0
 0.738997 0.206755 0.0527124 0.00153531 0
 0.850938 0.134255 0.0134407 0.00136685 0
 0.542534 0.407297 0.0501686 0 0
 0.764087 0.199537 0.0359546 0.000420521 0
 0.470689 0.182191 0.310203 0.0369168 0
 0.84361 0.089868 0.0606195 0.00523954 0.000663233
 0.607945 0.314616 0.071237 0.00620181 0
 0.523733 0.453247 0.0230204 0 0
 0.530135 0.295979 0.169645 0.0042399 0
 0.562478 0.366248 0.0663022 0.0049721 0
 0.250443 0.683176 0.0655157 0.000865301 0
 0.195077 0.31981 0.436473 0.0351445 0.0134964
 0.565238 0.351407 0.0832357 0.000118908 0
ppred_RECLAS
 0.766886 0.165233 0.0607794 0.00709551 6.28671e-06
 0.706374 0.235269 0.0413637 0.0152153 0.00177784
 0.553653 0.329969 0.0932481 0.0163943 0.00673516
 0.675189 0.200244 0.0920884 0.0260238 0.00645502
 0.717047 0.194281 0.0546656 0.0251397 0.00886658
 0.60095 0.286991 0.076942 0.0216495 0.0134677
 0.738434 0.163721 0.0703683 0.0188657 0.00861049
 0.564733 0.326163 0.068291 0.0293519 0.0114608
 0.67388 0.191633 0.100777 0.0211004 0.0126102
 0.608825 0.272155 0.0699382 0.0367795 0.012303
 0.439018 0.351297 0.145885 0.0374896 0.0263102
 0.427749 0.271309 0.188455 0.0782611 0.0342258
 0.577153 0.193179 0.108888 0.075635 0.0451457
 0.491164 0.313054 0.0894435 0.0504161 0.0559226
 0.505508 0.267744 0.139503 0.0398578 0.0473866
 0.593361 0.219008 0.101593 0.0529334 0.0331042
 0.537906 0.280055 0.0980426 0.0454798 0.0385161
 0.594217 0.223013 0.110769 0.0387782 0.0332224
 0.585007 0.250081 0.0906336 0.0450169 0.0292613
 0.688882 0.184324 0.076408 0.0276915 0.0226944
 0.653709 0.240966 0.0624005 0.0258669 0.0170575
 0.58069 0.275605 0.0999967 0.0258951 0.0178129
 0.67325 0.191437 0.0889391 0.0322695 0.0141048
 0.664486 0.227946 0.0630222 0.0292793 0.0152667
 0.348801 0.436735 0.145705 0.0402845 0.0284743
 0.464307 0.189841 0.23195 0.0773839 0.0365177
 0.563084 0.205712 0.0819353 0.100109 0.0491598
pobs_PELACES
 0 0 0 0 0
 0 0 0 0 0
 0 0 0 0 0
 0 0 0 0 0
 0 0 0 0 0
 0 0 0 0 0
 0 0 0 0 0
 0 0 0 0 0
 0 0 0 0 0
 0 0 0 0 0
 0.450072 0.473896 0.0757376 0.000293798 0
 0 0 0 0 0
 0.463077 0.371075 0.160297 0.00555027 0
 0.529543 0.364841 0.0842815 0.0213345 0
 0.631943 0.363953 0.00410389 0 0
 0.735681 0.248677 0.0153453 0.000297389 0
 0.695825 0.281241 0.0229344 0 0
 0.275771 0.60734 0.115278 0.00161068 0
 0 0 0 0 0
 0.896147 0.0623911 0.0374545 0.00400742 0
 0.803859 0.145111 0.0509908 3.86294e-05 0
 0.739449 0.233085 0.0266225 0.000797448 4.60066e-05
 0.878498 0.100942 0.0204185 0.000141795 0
 0.694673 0.275183 0.0284847 0.00165964 0
 0.469039 0.446079 0.0841089 0.000773354 0
 0.822795 0.102175 0.0682046 0.00682512 0
 0 0 0 0 0
ppred_PELACES
 0.790015 0.148839 0.054749 0.00639151 5.66295e-06
 0.728355 0.217657 0.0382672 0.0140763 0.00164475
 0.595451 0.29907 0.0845159 0.0148591 0.00610445
 0.682758 0.195578 0.0899426 0.0254174 0.00630461
 0.718459 0.193311 0.0543928 0.0250142 0.00882232
 0.617503 0.275086 0.0737504 0.0207514 0.012909
 0.745667 0.159194 0.0684226 0.018344 0.00837241
 0.579872 0.314819 0.0659159 0.028331 0.0110622
 0.688397 0.183102 0.096291 0.0201611 0.0120489
 0.620338 0.264144 0.0678798 0.035697 0.0119409
 0.462132 0.336823 0.139875 0.035945 0.0252261
 0.446914 0.262223 0.182144 0.0756401 0.0330795
 0.60242 0.181635 0.102381 0.0711154 0.042448
 0.524398 0.292607 0.0836016 0.0471232 0.05227
 0.52736 0.255912 0.133339 0.0380965 0.0452926
 0.601756 0.214487 0.0994959 0.0518406 0.0324208
 0.545622 0.275379 0.0964055 0.0447204 0.037873
 0.599766 0.219964 0.109254 0.0382479 0.0327681
 0.589929 0.247115 0.0895588 0.044483 0.0289143
 0.69349 0.181594 0.0752764 0.0272814 0.0223583
 0.65607 0.239323 0.0619752 0.0256906 0.0169413
 0.584119 0.273352 0.0991791 0.0256834 0.0176673
 0.677311 0.189058 0.0878337 0.0318684 0.0139295
 0.668569 0.225172 0.0622552 0.028923 0.0150809
 0.352482 0.434267 0.144882 0.0400568 0.0283133
 0.468609 0.188317 0.230087 0.0767625 0.0362245
 0.569449 0.202715 0.0807416 0.0986506 0.0484436
pobs_pel_tallas
 0 0 0 0 0 0 0 0 0 0 0 0 0 0 0 0 0 0 0 0 0 0 0 0 0 0 0 0 0 0 0 0 0 0 0 0
 0 0 0 0 0 0 0 0 0 0 0 0 0 0 0 0 0 0 0 0 0 0 0 0 0 0 0 0 0 0 0 0 0 0 0 0
 0 0 0 0 0 0 0 0 0 0 0 0 0 0 0 0 0 0 0 0 0 0 0 0 0 0 0 0 0 0 0 0 0 0 0 0
 0 0 0 0 0 0 0 0 0 0 0 0 0 0 0 0 0 0 0 0 0 0 0 0 0 0 0 0 0 0 0 0 0 0 0 0
 0 0 0 0 0 0 0 0 0 0 0 0 0 0 0 0 0 0 0 0 0 0 0 0 0 0 0 0 0 0 0 0 0 0 0 0
 0 0 0 0 0 0 0 0 0 0 0 0 0 0 0 0 0 0 0 0 0 0 0 0 0 0 0 0 0 0 0 0 0 0 0 0
 0 0 0 0 0 0 0 0 0 0 0 0 0 0 0 0 0 0 0 0 0 0 0 0 0 0 0 0 0 0 0 0 0 0 0 0
 0 0 0 0 0 0 0 0 0 0 0 0 0 0 0 0 0 0 0 0 0 0 0 0 0 0 0 0 0 0 0 0 0 0 0 0
 0 0 0 0 0 0 0 0 0 0 0 0 0 0 0 0 0 0 0 0 0 0 0 0 0 0 0 0 0 0 0 0 0 0 0 0
 0 0 0 0 0 0 0 0 0 0 0 0 0 0 0 0 0 0 0 0 0 0 0 0 0 0 0 0 0 0 0 0 0 0 0 0
 0 0 0 0 0 0 0 0 1.78061e-05 0.00172719 0.00360574 0.0105946 0.0120993 0.0124554 0.0147524 0.0171206 0.0266825 0.0428682 0.0675386 0.121331 0.153587 0.119568 0.100827 0.0573624 0.0630603 0.0341343 0.0324427 0.0444173 0.0211091 0.0280891 0.0125444 0.00206551 0 0 0 0
 0 0 0 0 0 0 0 0 0 0 0 0 0 0 0 0 0 0 0 0 0 0 0 0 0 0 0 0 0 0 0 0 0 0 0 0
 0 0 0 0 0 0 0.0133647 0.0140871 0.0187388 0.0205184 0.03894 0.0496705 0.03968 0.0493445 0.0407372 0.0367815 0.0215668 0.0243155 0.0234873 0.0199281 0.019796 0.0243948 0.0301388 0.0376714 0.0412746 0.0863199 0.0771752 0.113111 0.0741005 0.0525337 0.0229764 0.00759418 0.00175318 0 0 0
 0 0 0 0 0 0 0 0 0 0 0.00219441 0.00772107 0.0458388 0.0604681 0.0671733 0.0775358 0.0609151 0.0617685 0.073594 0.0568108 0.0755445 0.0548602 0.0670107 0.0636378 0.0643287 0.046367 0.0373049 0.0286899 0.0247887 0.0153202 0.00654259 0.00121912 0.000365735 0 0 0
 0 0 0 0 0 0 0 0 0 0 0 0 0.000112435 0.00938835 0.0111873 0.0202946 0.0414886 0.0713402 0.111592 0.104902 0.108894 0.110636 0.117776 0.105296 0.107544 0.0401394 0.0192827 0.0124803 0.00416011 0.0028671 0.000618394 0 0 0 0 0
 0 0 0 0 0 0 0 0 0 0 0.00291406 0.0102884 0.027416 0.0768956 0.0749926 0.110853 0.0956884 0.0897413 0.0766577 0.0534642 0.0500743 0.0551293 0.0594112 0.0620874 0.0668451 0.0424026 0.0208742 0.0120726 0.0048766 0.00582813 0.00118941 0.000297354 0 0 0 0
 0 0.00264628 0.0354308 0.0461629 0.0458689 0.0383711 0.0214643 0.0164657 0.0346957 0.0420465 0.0363128 0.0245516 0.0311673 0.0291091 0.0169068 0.0133784 0.00837989 0.0085269 0.0148486 0.0160247 0.0276389 0.0546898 0.0760071 0.122758 0.109233 0.0665981 0.0333725 0.0166128 0.00676272 0.00308733 0.000882094 0 0 0 0 0
 0 0 0 0 0 0 0 0.000805153 0.000690131 0.00759144 0.0133425 0.0154129 0.00931677 0.000345066 0.00356568 0.00563607 0.00851162 0.0253048 0.0502646 0.0516448 0.0657925 0.0565908 0.0611916 0.0827007 0.0866115 0.110766 0.145733 0.0935128 0.0569358 0.0249597 0.0138026 0.00621118 0.00161031 0.00115022 0 0
 0 0 0 0 0 0 0 0 0 0 0 0 0 0 0 0 0 0 0 0 0 0 0 0 0 0 0 0 0 0 0 0 0 0 0 0
 0.00147267 0.00158595 0.00478618 0.00569244 0.00954404 0.0108468 0.00647125 0.017049 0.0510054 0.094081 0.124002 0.0959785 0.0687766 0.0820023 0.061753 0.0591476 0.0492212 0.0479892 0.0443925 0.0268479 0.0217502 0.0140895 0.0121071 0.0120363 0.00920419 0.00665534 0.0049561 0.00860946 0.00930331 0.0156896 0.0114698 0.00855282 0.00243557 0.00046729 0 2.83206e-05
 0 0 0 0 0.000772559 0.00158375 0.000888443 0.00281984 0.00712685 0.0440552 0.0773331 0.111326 0.0921469 0.0852325 0.0710754 0.0886704 0.0786465 0.0553345 0.0373146 0.0185414 0.00753245 0.00457741 0.012979 0.0271748 0.0457355 0.0583668 0.034881 0.0177882 0.00938659 0.00492506 0.0015258 0.00185414 0.000309023 5.79419e-05 3.86279e-05 0
 0 0.00173294 0.00326652 0 0.00397197 0.00683976 0.00946217 0.0152591 0.00757587 0.0136028 0.0228656 0.0392903 0.0559909 0.0764795 0.0681675 0.0726916 0.0566044 0.0477403 0.0527397 0.0444891 0.0609904 0.0582453 0.0661739 0.0445044 0.0529084 0.0360697 0.0280645 0.0235558 0.0158879 0.00826598 0.00280645 0.00217768 0.000904811 0.00058276 9.20147e-05 0
 0 0 0 0 0 0 0 0 0 0 0 0 0 0 0 0 0 0 0 0 0 0 0 0 0 0 0 0 0 0 0 0 0 0 0 0
 0 0 0 0 0 0 0 0 0 0 0 0 0 0 0 0 0 0 0 0 0 0 0 0 0 0 0 0 0 0 0 0 0 0 0 0
 0 0 0 0 0 0 0 0 0 0 0 0 0 0 0 0 0 0 0 0 0 0 0 0 0 0 0 0 0 0 0 0 0 0 0 0
 0 0 0 0 0 0 0 0 0 0 0 0 0 0 0 0 0 0 0 0 0 0 0 0 0 0 0 0 0 0 0 0 0 0 0 0
 0 0 0 0 0 0 0 0 0 0 0 0 0 0 0 0 0 0 0 0 0 0 0 0 0 0 0 0 0 0 0 0 0 0 0 0
ppred_pel_tallas
 1.01046e-16 3.44672e-05 0.0002023 0.000961654 0.00370244 0.0115457 0.0291636 0.0596722 0.0989124 0.132834 0.144541 0.127477 0.0912107 0.0531477 0.0256375 0.0110279 0.00554299 0.00474239 0.00590705 0.00784765 0.0100864 0.0123445 0.0143703 0.0159297 0.0168456 0.0170343 0.0165214 0.0154271 0.0139308 0.012226 0.0104812 0.00881718 0.00730288 0.00596472 0.00480267 0.00380496
 1.01175e-16 3.17812e-05 0.000186525 0.000886643 0.00341361 0.010645 0.0268885 0.0550178 0.0911995 0.122483 0.133297 0.117605 0.0842448 0.0492855 0.0241421 0.0110135 0.00645097 0.00638198 0.00829719 0.0110629 0.0141615 0.017225 0.0198935 0.0218331 0.0228008 0.0226989 0.0215956 0.0197007 0.0173081 0.0147244 0.0122079 0.00993231 0.00798149 0.00636602 0.0050516 0.00398613
 1.02094e-16 2.59894e-05 0.000152514 0.000724935 0.00279096 0.00870327 0.021984 0.0449834 0.07457 0.10016 0.109034 0.0962704 0.0691195 0.0407546 0.0205569 0.0103823 0.00747046 0.0085365 0.0115402 0.0155147 0.0199358 0.024345 0.0282565 0.0312078 0.0328534 0.0330402 0.0318375 0.0295059 0.0264227 0.0229881 0.0195445 0.0163297 0.0134687 0.0109957 0.00888905 0.0071044
 1.02509e-16 2.97922e-05 0.000174849 0.00083114 0.00319991 0.0099786 0.0252052 0.0515735 0.0854902 0.114815 0.124952 0.110242 0.0789698 0.0461989 0.022631 0.01033 0.00606899 0.00604004 0.00790579 0.0106236 0.0137322 0.0169105 0.0198395 0.0222128 0.0237911 0.0244502 0.0242013 0.0231742 0.021573 0.0196211 0.0175144 0.0153947 0.0133475 0.011414 0.00961192 0.00795118
 1.02107e-16 3.13488e-05 0.000183988 0.000874588 0.0033672 0.0105003 0.0265229 0.0542697 0.0899589 0.120815 0.131478 0.115989 0.0830654 0.0485509 0.0237002 0.0106754 0.00606967 0.00586515 0.00759335 0.010153 0.0130614 0.0159919 0.0186278 0.0206718 0.0219007 0.0222126 0.0216455 0.0203572 0.0185779 0.0165502 0.0144796 0.0125057 0.0106998 0.00907973 0.00763362 0.00634089
 1.02453e-16 2.69499e-05 0.000158156 0.000751761 0.00289425 0.0090254 0.0227976 0.046648 0.0773283 0.103862 0.113055 0.0998005 0.0716099 0.042134 0.021088 0.0103806 0.0071334 0.00792886 0.0106504 0.0143098 0.018396 0.0224825 0.0261238 0.0288971 0.0304863 0.0307514 0.0297549 0.027733 0.0250267 0.0219957 0.0189452 0.0160836 0.0135171 0.0112708 0.00932182 0.00763066
 1.02045e-16 3.25338e-05 0.000190948 0.000907685 0.00349464 0.0108977 0.0275267 0.0563233 0.0933618 0.125382 0.136438 0.120342 0.0861331 0.050244 0.0243405 0.0106496 0.00561902 0.00506849 0.00643809 0.00860474 0.0111078 0.0136655 0.0160146 0.0179062 0.0191475 0.0196407 0.0193987 0.0185314 0.0172088 0.0156157 0.0139126 0.0122142 0.0105873 0.00906173 0.00764686 0.00634605
 1.02529e-16 2.53106e-05 0.000148528 0.000705981 0.00271798 0.00847568 0.0214091 0.0438073 0.072621 0.0975447 0.106192 0.0937738 0.0673548 0.0397699 0.0201632 0.0103516 0.00765592 0.00888302 0.0120448 0.0161888 0.0207822 0.0253477 0.0293772 0.03239 0.0340312 0.0341511 0.0328349 0.0303686 0.027157 0.0236238 0.0201248 0.0168993 0.0140628 0.0116331 0.00956991 0.00781283
 1.02683e-16 3.00376e-05 0.000176291 0.000837997 0.00322632 0.010061 0.0254132 0.051999 0.0861951 0.11576 0.125978 0.111139 0.0795962 0.0465322 0.0227326 0.010273 0.00589447 0.00575475 0.00749857 0.0100823 0.0130554 0.0161147 0.0189615 0.0213075 0.0229245 0.0236893 0.0236028 0.022775 0.0213858 0.0196343 0.0176969 0.0157039 0.0137367 0.0118399 0.0100387 0.00835276
 1.02835e-16 2.70731e-05 0.00015888 0.000755205 0.00290752 0.00906678 0.0229021 0.0468617 0.0776823 0.104336 0.113569 0.100247 0.0719154 0.0422841 0.0211082 0.0103002 0.00696358 0.0076623 0.010271 0.0138036 0.0177599 0.0217304 0.0252895 0.0280332 0.0296589 0.0300311 0.0292063 0.0274051 0.0249463 0.022165 0.0193433 0.0166714 0.0142439 0.0120809 0.0101611 0.00845135
 1.0451e-16 2.01776e-05 0.00011839 0.000562699 0.0021663 0.00675527 0.0170635 0.0349162 0.0578848 0.0777598 0.0846765 0.0748296 0.0538688 0.0320512 0.0167034 0.00932122 0.00782029 0.00969937 0.0133967 0.0181412 0.0234528 0.0288522 0.033805 0.0377892 0.0403997 0.0414325 0.0409185 0.0390929 0.0363173 0.0329825 0.0294265 0.0258885 0.0225044 0.0193316 0.0163846 0.0136662
 1.06816e-16 1.95111e-05 0.000114484 0.000544142 0.00209487 0.00653256 0.0165009 0.0337645 0.0559738 0.0751877 0.0818627 0.0723125 0.0519904 0.0308011 0.0158117 0.00844863 0.00668075 0.00808606 0.0111734 0.0152463 0.0199219 0.0248428 0.0296053 0.0337986 0.03708 0.0392366 0.0402131 0.0400948 0.0390575 0.0373067 0.0350278 0.0323625 0.0294121 0.0262564 0.0229755 0.0196624
 1.0594e-16 2.62884e-05 0.000154281 0.000733358 0.00282343 0.00880457 0.0222397 0.0455058 0.0754325 0.101309 0.110258 0.0972869 0.069711 0.0408256 0.0200816 0.00931085 0.00568003 0.00584579 0.00776347 0.0105303 0.0137537 0.0171603 0.0204714 0.0234108 0.025751 0.0273546 0.0281908 0.0283207 0.0278614 0.0269421 0.0256704 0.024118 0.0223268 0.0203265 0.0181541 0.0158654
 1.05344e-16 2.28907e-05 0.000134323 0.000638455 0.00245799 0.00766494 0.0193612 0.0396171 0.0656751 0.0882162 0.09604 0.0848171 0.0609395 0.0360187 0.0183307 0.00952786 0.00719901 0.00846995 0.0115572 0.015613 0.0201666 0.0247931 0.029034 0.0324479 0.0346994 0.0356296 0.0352826 0.0338746 0.0317226 0.0291572 0.0264502 0.0237771 0.0212175 0.0187826 0.0164529 0.0142106
 1.05402e-16 2.30186e-05 0.000135077 0.000642044 0.00247182 0.00770808 0.0194701 0.0398396 0.0660431 0.0887075 0.0965671 0.0852639 0.06122 0.0361035 0.0182257 0.00923609 0.00669943 0.00772209 0.0105198 0.0142661 0.0185318 0.0229467 0.0271095 0.0306244 0.0331751 0.0345867 0.034851 0.0341056 0.0325783 0.0305197 0.0281461 0.0256111 0.023006 0.0203797 0.0177652 0.015199
 1.04779e-16 2.62608e-05 0.000154115 0.000732566 0.00282037 0.00879501 0.0222156 0.0454567 0.0753521 0.101204 0.11015 0.0972097 0.0696935 0.0408914 0.0202549 0.00962623 0.00618625 0.00660065 0.00882151 0.0119261 0.0154843 0.0191703 0.0226469 0.0255851 0.0277238 0.0289202 0.0291714 0.0285943 0.0273795 0.0257333 0.0238307 0.0217921 0.0196849 0.0175416 0.015384 0.0132402
 1.04765e-16 2.38156e-05 0.000139754 0.000664278 0.00255742 0.00797501 0.0201444 0.0412194 0.0683305 0.0917804 0.0999135 0.0882216 0.06335 0.0373719 0.0188876 0.00960367 0.00699885 0.00807419 0.0109737 0.014827 0.0191698 0.0235971 0.0276745 0.0309822 0.0331968 0.0341586 0.0338973 0.0326054 0.0305724 0.0281051 0.0254612 0.0228135 0.0202498 0.0177965 0.0154514 0.0132115
 1.04468e-16 2.61743e-05 0.000153607 0.000730148 0.00281106 0.00876597 0.0221422 0.0453067 0.0751036 0.100871 0.109789 0.0968948 0.0694758 0.04078 0.02023 0.00966507 0.00627821 0.0067482 0.00903403 0.0122132 0.0158506 0.0196117 0.0231483 0.0261203 0.0282572 0.0294113 0.0295792 0.0288833 0.0275238 0.0257198 0.0236601 0.0214779 0.0192514 0.0170211 0.0148123 0.0126532
 1.04232e-16 2.57464e-05 0.000151092 0.000718188 0.002765 0.00862233 0.0217795 0.0445646 0.0738743 0.0992221 0.108002 0.0953335 0.0683915 0.0402144 0.0200804 0.00981036 0.00665397 0.00735016 0.00988751 0.0133412 0.0172509 0.0212429 0.0249254 0.0279204 0.0299362 0.0308271 0.0306169 0.0294752 0.027659 0.025442 0.0230545 0.0206527 0.0183178 0.0160767 0.0139314 0.011883
 1.0311e-16 3.02595e-05 0.000177594 0.000844194 0.00325018 0.0101354 0.0256011 0.0523835 0.0868323 0.116616 0.126908 0.111957 0.0801762 0.0468597 0.0228708 0.0102977 0.00585432 0.00566709 0.00736091 0.0098835 0.0127824 0.0157564 0.018512 0.020769 0.0223093 0.0230211 0.0229162 0.0221132 0.0207964 0.0191637 0.0173841 0.0155746 0.0137997 0.0120854 0.0104402 0.00887081
 1.02633e-16 2.86301e-05 0.000168023 0.00079868 0.00307492 0.0095888 0.0242207 0.0495594 0.0821529 0.110337 0.120091 0.10598 0.0759772 0.0445689 0.0220569 0.0104447 0.00665022 0.00702549 0.00931983 0.0125044 0.0160842 0.0196783 0.0228993 0.0253812 0.0268501 0.0271838 0.0264342 0.0248021 0.0225769 0.0200629 0.0175157 0.0151074 0.0129228 0.0109789 0.00925485 0.00771913
 1.03205e-16 2.54942e-05 0.000149609 0.00071113 0.00273782 0.00853756 0.0215653 0.0441267 0.0731493 0.0982508 0.106951 0.094422 0.0677722 0.0399196 0.0200617 0.0100131 0.00706176 0.00798542 0.01079 0.014544 0.0187607 0.0230256 0.0268992 0.0299588 0.0318808 0.0325092 0.0318824 0.0302071 0.0277934 0.0249732 0.0220316 0.0191676 0.0164902 0.0140382 0.011811 0.00979594
 1.03055e-16 2.95544e-05 0.000173454 0.000824508 0.00317438 0.00989898 0.0250041 0.051162 0.0848078 0.113898 0.123953 0.109358 0.0783316 0.045815 0.0224236 0.0102032 0.00595137 0.00589067 0.00770419 0.0103621 0.0134141 0.0165515 0.0194686 0.0218711 0.0235279 0.0243165 0.0242425 0.0234231 0.022045 0.0203117 0.0184002 0.016437 0.0144965 0.0126153 0.0108118 0.00910129
 1.02656e-16 2.91746e-05 0.000171221 0.000813886 0.00313347 0.0097714 0.0246819 0.0505029 0.0837165 0.112436 0.12237 0.107981 0.0773887 0.0453506 0.0223577 0.0104437 0.00645979 0.00668325 0.00882076 0.0118322 0.0152309 0.0186544 0.0217383 0.0241376 0.0255931 0.0259867 0.0253623 0.023903 0.0218749 0.0195582 0.0171889 0.0149263 0.01285 0.0109781 0.00929539 0.00777778
 1.04898e-16 1.54003e-05 9.03344e-05 0.000429298 0.00165263 0.00515342 0.0130175 0.0266385 0.0441672 0.0593487 0.0646711 0.0572537 0.0414406 0.0251071 0.0139109 0.00907475 0.00909026 0.0121086 0.0169475 0.0229526 0.0296025 0.036297 0.0423485 0.047089 0.0500093 0.0508695 0.049741 0.0469637 0.0430416 0.0385111 0.0338305 0.029317 0.0251394 0.0213514 0.0179413 0.0148771
 1.07658e-16 2.04542e-05 0.000120027 0.000570511 0.00219642 0.00684927 0.0173008 0.0354005 0.0586836 0.0788204 0.0857985 0.0757431 0.0543568 0.0320027 0.0160611 0.00799431 0.0056419 0.00644739 0.00885724 0.0121893 0.0161329 0.0204394 0.0248254 0.0289849 0.0326345 0.0355561 0.0376198 0.0387805 0.0390554 0.0384961 0.0371685 0.0351462 0.0325175 0.0293954 0.0259232 0.0222699
 1.06866e-16 2.48515e-05 0.000145843 0.00069324 0.00266896 0.00832286 0.021023 0.0430164 0.071307 0.0957709 0.104238 0.0919932 0.0659564 0.0387048 0.0191836 0.0091386 0.00590547 0.00633407 0.0084936 0.0115203 0.0150186 0.0186931 0.0222378 0.025352 0.0277945 0.0294288 0.0302394 0.0303132 0.0297951 0.0288359 0.0275531 0.0260145 0.0242467 0.0222583 0.0200661 0.017712
pSPR Fmed_Fpbrs
0.440841   0.6 0.325
Fs Fmed_Fpbrs
0.64   0.34255 1.04023
SSBpbr Bo_Bmed_Bpbrs
3.13133e+06  1.22385e+06  1.72223e+06 861116
Ro
76115
SPR SPRFo_SPRFmed_SPRFpbrs
1.5721e+06 693044 510931
log_Ro
11.06
likeval ReclasPelacesDesembMPH_pf_preclas_ppelaces_ptallas_desvR_qrecl_qpela
 0.00106542 28.765 0.0120541 19.0085 334.884 222.745 57.3063 0 12.9461 0.000120366 7.57489e-06 1.59666e-15 0 0 0
q_reclas_q_pelaces
0.211262 0.676
M
0.7
N
 49753.8 13137.2 4832.4 564.144 0.499838
 56761.3 22281.7 3917.44 1441 168.374
 33570.6 25928.9 7327.42 1288.26 529.247
 46747.9 14613.2 6720.33 1899.14 471.067
 82542.2 22601.9 6359.6 2924.66 1031.51
 76833.5 40769.8 10930.4 3075.52 1913.21
 154041 36165.5 15544.1 4167.37 1902.03
 117140 74301.4 15557 6686.49 2610.82
 176256 55465.2 29168.4 6107.18 3649.83
 172774 83135.7 21364.2 11235.1 3758.22
 89656.4 82645.7 34320.9 8819.78 6189.71
 58052.6 41433.6 28780.3 11951.8 5226.86
 69241.1 27150.1 15303.5 10630 6344.96
 40692 31727.1 9064.84 5109.52 5667.59
 30161.3 18240.1 9503.7 2715.33 3228.23
 35980.6 14001.8 6495.11 3384.16 2116.43
 31871.4 17393.7 6089.22 2824.66 2392.15
 39759.5 15452.7 7675.2 2686.96 2301.99
 43998.9 19396.5 7029.62 3491.55 2269.54
 77804.4 21510.3 8916.66 3231.55 2648.4
 101470 37999.7 9840.41 4079.15 2689.93
 103091 49985 18135.9 4696.47 3230.64
 173167 50641.2 23527.2 8536.3 3731.17
 240345 84774.9 23438.5 10889.2 5677.81
 91707.9 117676 39259.4 10854.4 7672.22
 107161 44977.5 54953.8 18333.9 8651.82
 138201 52511.1 20915.2 25554.4 12548.8
pred_Ctot
 3533.39 3886.04 1429.45 166.876 0.147855
 3285.71 5541.81 974.329 358.399 41.8773
 3002.43 9250.23 2614.08 459.593 188.811
 888.21 1309.11 602.034 170.132 42.2001
 317.842 425.622 119.759 55.0749 19.4245
 2889.3 6913.21 1853.42 521.505 324.417
 3181.59 3507.92 1507.72 404.22 184.49
 3928.21 11345.2 2375.43 1020.97 398.651
 6377.49 9080.33 4775.22 999.821 597.521
 4573.73 10192 2619.13 1377.37 460.738
 4491.37 18121 7525.22 1933.83 1357.16
 2438.45 7765.7 5394.16 2240.07 979.645
 3865.83 6544.77 3689.05 2562.46 1529.51
 2865.39 9318.81 2662.5 1500.76 1664.67
 1418.8 3782.88 1971 563.14 669.512
 687.247 1260.66 584.793 304.696 190.555
 542.683 1403.05 491.184 227.85 192.962
 503.762 937.314 465.555 162.983 139.632
 491.292 1040.62 377.14 187.322 121.761
 923.088 1224.12 507.437 183.904 150.717
 584.636 1065.78 275.993 114.408 75.4443
 800.682 1880.67 682.355 176.703 121.551
 1764.64 2485.35 1154.66 418.942 183.118
 2429.23 4127.46 1141.16 530.166 276.437
 816.404 5060.91 1688.44 466.819 329.961
 1019.49 2064.18 2522.03 841.409 397.063
 1965.75 3562.37 1418.9 1733.62 851.314
F
 0.103321 0.510008 0.510008 0.510008 0.510008
 0.0834948 0.412142 0.412142 0.412142 0.412142
 0.131727 0.650223 0.650223 0.650223 0.650223
 0.0267329 0.131958 0.131958 0.131958 0.131958
 0.00536707 0.0264926 0.0264926 0.0264926 0.0264926
 0.0535356 0.264259 0.264259 0.264259 0.264259
 0.0290904 0.143594 0.143594 0.143594 0.143594
 0.0476171 0.235045 0.235045 0.235045 0.235045
 0.0514651 0.254039 0.254039 0.254039 0.254039
 0.0374219 0.18472 0.18472 0.18472 0.18472
 0.0718924 0.354871 0.354871 0.354871 0.354871
 0.0599674 0.296007 0.296007 0.296007 0.296007
 0.0804228 0.396978 0.396978 0.396978 0.396978
 0.102406 0.505491 0.505491 0.505491 0.505491
 0.0673755 0.332575 0.332575 0.332575 0.332575
 0.026876 0.132664 0.132664 0.132664 0.132664
 0.0239277 0.11811 0.11811 0.11811 0.11811
 0.0177566 0.0876492 0.0876492 0.0876492 0.0876492
 0.0156339 0.0771712 0.0771712 0.0771712 0.0771712
 0.0166187 0.0820323 0.0820323 0.0820323 0.0820323
 0.00804013 0.0396872 0.0396872 0.0396872 0.0396872
 0.0108515 0.0535647 0.0535647 0.0535647 0.0535647
 0.0142593 0.0703857 0.0703857 0.0703857 0.0703857
 0.0141423 0.0698082 0.0698082 0.0698082 0.0698082
 0.0124468 0.0614391 0.0614391 0.0614391 0.0614391
 0.0133068 0.0656841 0.0656841 0.0656841 0.0656841
 0.0199533 0.0984921 0.0984921 0.0984921 0.0984921
Np
 75919.9 35173.1 23717.3 8330.99 4488.11
YTP_r0W_actual
 54859 241288 139708 217992 118793
YTP_p0W_proyectada
 30136.5 309117 157845 80289.1 157850
 30136.5 161620 158425 71067.5 42486.7
CTP_r0_actual
 6690.12 11170.7 4449.31 5436.2 2669.51
CTP_p0_proyectada
 3675.18 14311 5026.9 2002.22 3547.19
 3675.18 7482.4 5045.39 1772.26 954.758
Wmedp
 8.2 21.6 31.4 40.1 44.5
nmprior
 10.8 10.6 4.6 0
nm_flota  nm_reclas  nm_pelaces    nm_pelaL
inf 12.1206 15.8239 47.7572
cv_recla  cv_pelaces  cv_mph
0.942259 0.58752 0.582613
 ------------------------------------------------
Talla a la edad & desviaci?n 
 7.2 14.2025 17.0495 18.207 18.6776
 1.08 2.13037 2.55742 2.73105 2.80164
