years
 1997 1998 1999 2000 2001 2002 2003 2004 2005 2006 2007 2008 2009 2010 2011 2012 2013 2014 2015 2016 2017 2018 2019 2020 2021 2022 2023
reclasobs
 0 0 0 370054 412103 1.49427e+06 250295 1.28982e+06 931140 785840 897777 1.04006e+06 184774 17550 25797 100020 73551 82996 120727 218422 84188 347160 605670 569463 516374 1.08416e+06 1.01767e+06
reclaspred
 612451 141215 191237 87755.2 198711 224620 776661 596384 766967 921855 806807 587223 413277 201774 116982 96933.8 98146.2 127535 139720 189745 298284 273607 435006 556055 654213 503227 273502
pelacesobs
 0 0 0 0 0 0 0 0 0 2.06254e+06 1.5e+06 0 1.87456e+06 323000 250000 174000 83755 137374 0 501740 490994 745055 786931 1.00524e+06 1.33801e+06 1.41789e+06 0
pelacespred
 1.89871e+06 370253 263275 197633 442214 318248 1.84433e+06 1.38348e+06 1.74439e+06 2.1062e+06 1.586e+06 1.23097e+06 865868 338392 192598 175982 182757 249132 272230 364617 679340 611188 763338 1.09049e+06 1.27503e+06 1.06411e+06 475730
mphobs
 0 0 0 0 0 0 112323 0 153150 637223 0 255016 313432 73983 77613 109348 50772 17779 17303 59886 28197 0 207744 136588 643089 65757 70829
mphpred
 212619 107556 85791.2 40792.6 48162 103403 176238 304815 271236 354064 399726 279908 184946 135124 60576.6 41850.4 36398.2 45455.9 36584 38999.6 64840.7 84368.8 93089.3 132926 170217 142943 89154.2
desembarqueobs
 350755 77701 442110 56441 14545 235359 269955 359681 431902 328805 639364 411747 362871 311530 167758 66681 60226 58785 57116 73181 50977 67692 138656 160484 209506 203330 245020
desembarquepred
 350754 77693.3 442031 56449.8 14545.1 235349 269934 359584 431716 328720 639104 411588 362690 311633 167779 66704.6 60255.3 58772.2 57089.4 73165.8 50977 67683.3 138654 160480 209506 203336 245037
Reclutas
 31248.9 34187.9 9388.93 12797.4 32034.4 28844.6 73212.1 55971.6 97250.3 114899 64231.5 52258.8 56914.5 25508.8 12407.3 10904.2 8312.28 10409.4 11098.3 17482.1 23811.5 25179.4 42532.8 56760.9 19548.4 20392.5 19909.4
log_desv_Rt
 0.129741 0.219626 -1.07271 -0.762999 0.154565 0.0496794 0.981116 0.712599 1.26504 1.4318 0.850249 0.643964 0.729305 -0.0732194 -0.793956 -0.923096 -1.19451 -0.969532 -0.905452 -0.451069 -0.142076 -0.0862166 0.43803 0.726604 -0.339352 -0.297079 -0.321053
SSB
 389979 197276 157355 74820.3 88337.1 189659 311379 550380 481405 633390 733163 513397 352969 232443 109531 76573.9 70760.9 82938 104413 118757 183373 231933 264768 357264 509988 447849 263688
BT
 1.34342e+06 308951 374389 164433 248643 338545 1.24697e+06 1.09284e+06 1.35539e+06 1.4037e+06 1.34844e+06 984101 803875 459251 239376 142823 143303 174960 178767 243202 383196 338995 461906 665111 731777 644755 440562
Ftot
 1.29735 1.33805 3.52863 1.60577 0.241519 2.05942 1.14665 1.43492 1.5981 0.92957 1.49634 1.30104 1.92385 2.8394 2.86402 1.42523 1.34661 1.03341 0.818632 0.855902 0.38242 0.446225 0.58968 0.613591 0.52066 0.585299 1.41535
BD_Bspro_t
 0.890637 0.583515 0.405209 0.150737 0.260269 0.476288 0.458422 0.552555 0.479325 0.503715 0.506917 0.354234 0.277237 0.224283 0.132353 0.116293 0.147618 0.229227 0.326518 0.412159 0.547836 0.665535 0.655329 0.65472 0.670532 0.571741 0.431294
BD_Bspro
 0.687927 0.347996 0.277576 0.131984 0.155828 0.33456 0.549276 0.970876 0.849204 1.11731 1.29331 0.905638 0.622641 0.410032 0.193214 0.135077 0.124823 0.146304 0.184186 0.209488 0.323472 0.409132 0.467054 0.630217 0.899625 0.79001 0.465148
BD_Bo
 0.668966 0.338405 0.269926 0.128346 0.151533 0.325339 0.534136 0.944116 0.825798 1.08651 1.25766 0.880676 0.60548 0.398731 0.187888 0.131354 0.121382 0.142271 0.179109 0.203714 0.314556 0.397856 0.45418 0.612847 0.874829 0.768235 0.452327
BD_Brms
 1.2163 0.615281 0.490774 0.233356 0.275514 0.591525 0.971157 1.71658 1.50145 1.97547 2.28666 1.60123 1.10087 0.724965 0.341615 0.238826 0.220695 0.258675 0.325653 0.37039 0.57192 0.723374 0.825783 1.11427 1.5906 1.39679 0.822413
S_f
 0.073905 0.602584 0.966453 0.998176 0.999904
 0.073905 0.602584 0.966453 0.998176 0.999904
 0.073905 0.602584 0.966453 0.998176 0.999904
 0.073905 0.602584 0.966453 0.998176 0.999904
 0.073905 0.602584 0.966453 0.998176 0.999904
 0.073905 0.602584 0.966453 0.998176 0.999904
 0.073905 0.602584 0.966453 0.998176 0.999904
 0.073905 0.602584 0.966453 0.998176 0.999904
 0.073905 0.602584 0.966453 0.998176 0.999904
 0.073905 0.602584 0.966453 0.998176 0.999904
 0.073905 0.602584 0.966453 0.998176 0.999904
 0.073905 0.602584 0.966453 0.998176 0.999904
 0.073905 0.602584 0.966453 0.998176 0.999904
 0.073905 0.602584 0.966453 0.998176 0.999904
 0.073905 0.602584 0.966453 0.998176 0.999904
 0.073905 0.602584 0.966453 0.998176 0.999904
 0.073905 0.602584 0.966453 0.998176 0.999904
 0.073905 0.602584 0.966453 0.998176 0.999904
 0.073905 0.602584 0.966453 0.998176 0.999904
 0.073905 0.602584 0.966453 0.998176 0.999904
 0.073905 0.602584 0.966453 0.998176 0.999904
 0.073905 0.602584 0.966453 0.998176 0.999904
 0.073905 0.602584 0.966453 0.998176 0.999904
 0.073905 0.602584 0.966453 0.998176 0.999904
 0.073905 0.602584 0.966453 0.998176 0.999904
 0.073905 0.602584 0.966453 0.998176 0.999904
 0.073905 0.602584 0.966453 0.998176 0.999904
Scru_reclas
 0.620825 0.891774 0.976453 0.995231 0.999049
 0.620825 0.891774 0.976453 0.995231 0.999049
 0.620825 0.891774 0.976453 0.995231 0.999049
 0.620825 0.891774 0.976453 0.995231 0.999049
 0.620825 0.891774 0.976453 0.995231 0.999049
 0.620825 0.891774 0.976453 0.995231 0.999049
 0.620825 0.891774 0.976453 0.995231 0.999049
 0.620825 0.891774 0.976453 0.995231 0.999049
 0.620825 0.891774 0.976453 0.995231 0.999049
 0.620825 0.891774 0.976453 0.995231 0.999049
 0.620825 0.891774 0.976453 0.995231 0.999049
 0.620825 0.891774 0.976453 0.995231 0.999049
 0.620825 0.891774 0.976453 0.995231 0.999049
 0.620825 0.891774 0.976453 0.995231 0.999049
 0.620825 0.891774 0.976453 0.995231 0.999049
 0.620825 0.891774 0.976453 0.995231 0.999049
 0.620825 0.891774 0.976453 0.995231 0.999049
 0.620825 0.891774 0.976453 0.995231 0.999049
 0.620825 0.891774 0.976453 0.995231 0.999049
 0.620825 0.891774 0.976453 0.995231 0.999049
 0.620825 0.891774 0.976453 0.995231 0.999049
 0.620825 0.891774 0.976453 0.995231 0.999049
 0.620825 0.891774 0.976453 0.995231 0.999049
 0.620825 0.891774 0.976453 0.995231 0.999049
 0.620825 0.891774 0.976453 0.995231 0.999049
 0.620825 0.891774 0.976453 0.995231 0.999049
 0.620825 0.891774 0.976453 0.995231 0.999049
Scru_pelaces
 0.623134 0.89272 0.976679 0.995278 0.999058
 0.623134 0.89272 0.976679 0.995278 0.999058
 0.623134 0.89272 0.976679 0.995278 0.999058
 0.623134 0.89272 0.976679 0.995278 0.999058
 0.623134 0.89272 0.976679 0.995278 0.999058
 0.623134 0.89272 0.976679 0.995278 0.999058
 0.623134 0.89272 0.976679 0.995278 0.999058
 0.623134 0.89272 0.976679 0.995278 0.999058
 0.623134 0.89272 0.976679 0.995278 0.999058
 0.623134 0.89272 0.976679 0.995278 0.999058
 0.623134 0.89272 0.976679 0.995278 0.999058
 0.623134 0.89272 0.976679 0.995278 0.999058
 0.623134 0.89272 0.976679 0.995278 0.999058
 0.623134 0.89272 0.976679 0.995278 0.999058
 0.623134 0.89272 0.976679 0.995278 0.999058
 0.623134 0.89272 0.976679 0.995278 0.999058
 0.623134 0.89272 0.976679 0.995278 0.999058
 0.623134 0.89272 0.976679 0.995278 0.999058
 0.623134 0.89272 0.976679 0.995278 0.999058
 0.623134 0.89272 0.976679 0.995278 0.999058
 0.623134 0.89272 0.976679 0.995278 0.999058
 0.623134 0.89272 0.976679 0.995278 0.999058
 0.623134 0.89272 0.976679 0.995278 0.999058
 0.623134 0.89272 0.976679 0.995278 0.999058
 0.623134 0.89272 0.976679 0.995278 0.999058
 0.623134 0.89272 0.976679 0.995278 0.999058
 0.623134 0.89272 0.976679 0.995278 0.999058
pf_obs 
 0.256992 0.487395 0.22802 0.0275931 0
 0.321318 0.546541 0.124235 0.00734118 0.000564706
 0.182869 0.594174 0.210203 0.0122559 0.00049798
 0.330522 0.361315 0.267642 0.0388342 0.00168674
 0.649043 0.306663 0.0425973 0.00169635 0
 0.582887 0.30429 0.105238 0.00758474 0
 0.465427 0.430635 0.0974691 0.00646863 0
 0.296916 0.608066 0.0921331 0.00288517 0
 0.311714 0.524322 0.152257 0.0117073 0
 0.15457 0.633149 0.183074 0.0267441 0.00246327
 0.131901 0.49318 0.331252 0.0422183 0.00144891
 0.196976 0.569456 0.194076 0.0375587 0.00193317
 0.518974 0.381816 0.0799577 0.0180837 0.00116848
 0.0928022 0.601141 0.25162 0.0475244 0.00691264
 0.122501 0.610282 0.24278 0.0234846 0.000952079
 0.383417 0.481906 0.127806 0.00687128 0
 0.0376549 0.599619 0.316969 0.0457579 0
 0.0361596 0.667082 0.258105 0.0386534 0
 0.158088 0.579412 0.248529 0.0139706 0
 0.0477256 0.309471 0.559284 0.082774 0.000745712
 0.0406174 0.521527 0.379366 0.0568643 0.0016247
 0.151134 0.462217 0.34131 0.0453401 0
 0.294876 0.26143 0.354403 0.0886775 0.000613685
 0.281977 0.475581 0.204845 0.0348837 0.00271318
 0.0841818 0.532909 0.334909 0.0458182 0.00218182
 0.115287 0.27431 0.454777 0.147771 0.00785563
 0 0 0 0 0
pf_pred 
 0.257068 0.503131 0.213909 0.0258795 1.25912e-05
 0.238894 0.602663 0.129593 0.0258936 0.00295672
 0.10274 0.710731 0.16659 0.0164836 0.00345536
 0.311852 0.508536 0.168925 0.00966083 0.00102614
 0.377393 0.5128 0.0951396 0.0138467 0.000820479
 0.220558 0.63874 0.124737 0.0138986 0.00206661
 0.424186 0.452914 0.113421 0.00847551 0.00100364
 0.19696 0.70556 0.0861222 0.0105255 0.00083247
 0.324947 0.485961 0.178038 0.00983389 0.00121903
 0.254326 0.630986 0.0981165 0.015661 0.00091038
 0.132523 0.65196 0.197194 0.0157859 0.00253582
 0.158036 0.532141 0.270178 0.036465 0.00317948
 0.233839 0.530467 0.185548 0.0440514 0.00609435
 0.155024 0.698538 0.124925 0.0171994 0.00431362
 0.169091 0.653595 0.166933 0.00898053 0.00139935
 0.223629 0.61496 0.149291 0.0114738 0.000645602
 0.174237 0.623862 0.180467 0.0199133 0.00152008
 0.226859 0.529526 0.211906 0.0285174 0.00319107
 0.199804 0.586158 0.173915 0.0351335 0.00498953
 0.253099 0.506631 0.201489 0.0317883 0.006993
 0.22373 0.572127 0.163403 0.0344266 0.00631409
 0.164795 0.554241 0.232374 0.0391872 0.00940291
 0.226121 0.459191 0.243444 0.0593221 0.0119206
 0.217519 0.550361 0.167981 0.0500926 0.0140469
 0.0637142 0.636299 0.243216 0.0415698 0.0152008
 0.0938103 0.307075 0.47271 0.103277 0.0231275
 0.149819 0.43973 0.197269 0.169711 0.0434705
pobs_RECLAS
 0 0 0 0 0
 0 0 0 0 0
 0 0 0 0 0
 0 0 0 0 0
 0.835266 0.146461 0.0176864 0.000547809 3.91292e-05
 0.385257 0.428462 0.181853 0.0044286 0
 0.867414 0.0963971 0.0333333 0.00285562 0
 0.441836 0.489002 0.0689373 0.000224442 0
 0.779404 0.147425 0.0564933 0.0165055 0.000172143
 0.814271 0.122319 0.05973 0.00367925 0
 0.40263 0.566651 0.0304383 0.000280538 0
 0.475488 0.404961 0.113038 0.00651328 0
 0.955842 0.0263864 0.0167828 0.000988607 0
 0.975058 0.0227948 0.00214734 0 0
 0.738997 0.206755 0.0527124 0.00153531 0
 0.850938 0.134255 0.0134407 0.00136685 0
 0.542534 0.407297 0.0501686 0 0
 0.764087 0.199537 0.0359546 0.000420521 0
 0.470689 0.182191 0.310203 0.0369168 0
 0.84361 0.089868 0.0606195 0.00523954 0.000663233
 0.607945 0.314616 0.071237 0.00620181 0
 0.523733 0.453247 0.0230204 0 0
 0.530135 0.295979 0.169645 0.0042399 0
 0.562478 0.366248 0.0663022 0.0049721 0
 0.250443 0.683176 0.0655157 0.000865301 0
 0.195077 0.31981 0.436473 0.0351445 0.0134964
 0.565238 0.351407 0.0832357 0.000118908 0
ppred_RECLAS
 0.703204 0.227526 0.0619204 0.00734585 3.58023e-06
 0.673207 0.279989 0.0384185 0.00752479 0.000860724
 0.488612 0.452336 0.0529842 0.00501638 0.00105198
 0.756545 0.199529 0.0413662 0.00231386 0.000246165
 0.786259 0.186675 0.0234931 0.00337221 0.000200232
 0.661914 0.298852 0.0348851 0.0037853 0.000563613
 0.826781 0.147372 0.0238868 0.00175225 0.000207872
 0.610566 0.358174 0.0276832 0.00331397 0.000262547
 0.768788 0.186056 0.042571 0.00229999 0.000285571
 0.680472 0.285533 0.0291536 0.00457472 0.000266433
 0.507912 0.407396 0.0776296 0.0060839 0.000978935
 0.567101 0.315602 0.102541 0.0135703 0.0011853
 0.687958 0.246127 0.052165 0.012077 0.00167323
 0.579327 0.377589 0.0369418 0.00490959 0.00123242
 0.609758 0.340034 0.0473661 0.00245902 0.0003835
 0.655536 0.295405 0.0454452 0.00342134 0.000192837
 0.584301 0.344709 0.0635867 0.0068774 0.000525892
 0.662309 0.259882 0.0678357 0.00896869 0.00100545
 0.617527 0.308288 0.0604594 0.0120152 0.00170965
 0.691562 0.235094 0.061666 0.00956863 0.00210901
 0.644724 0.286474 0.0552245 0.0114696 0.00210791
 0.561413 0.327191 0.0923558 0.0153496 0.00369058
 0.662536 0.231629 0.0821492 0.0197162 0.0039698
 0.642172 0.279407 0.0569842 0.0167348 0.0047021
 0.305893 0.527621 0.135344 0.022791 0.00835074
 0.435312 0.245367 0.252732 0.0543854 0.0122032
 0.567129 0.272963 0.0776616 0.0654531 0.0167939
pobs_PELACES
 0 0 0 0 0
 0 0 0 0 0
 0 0 0 0 0
 0 0 0 0 0
 0 0 0 0 0
 0 0 0 0 0
 0 0 0 0 0
 0 0 0 0 0
 0 0 0 0 0
 0 0 0 0 0
 0.450072 0.473896 0.0757376 0.000293798 0
 0 0 0 0 0
 0.463077 0.371075 0.160297 0.00555027 0
 0.529543 0.364841 0.0842815 0.0213345 0
 0.631943 0.363953 0.00410389 0 0
 0.735681 0.248677 0.0153453 0.000297389 0
 0.695825 0.281241 0.0229344 0 0
 0.275771 0.60734 0.115278 0.00161068 0
 0 0 0 0 0
 0.896147 0.0623911 0.0374545 0.00400742 0
 0.803859 0.145111 0.0509908 3.86294e-05 0
 0.739449 0.233085 0.0266225 0.000797448 4.60066e-05
 0.878498 0.100942 0.0204185 0.000141795 0
 0.694673 0.275183 0.0284847 0.00165964 0
 0.469039 0.446079 0.0841089 0.000773354 0
 0.822795 0.102175 0.0682046 0.00682512 0
 0 0 0 0 0
ppred_PELACES
 0.755158 0.194329 0.0452194 0.0052912 2.57683e-06
 0.727252 0.23886 0.0278872 0.00538513 0.000615486
 0.648801 0.323666 0.0247975 0.00226219 0.000473431
 0.809854 0.160975 0.0274979 0.0015122 0.000160726
 0.794307 0.180325 0.0220271 0.00315321 0.000187196
 0.742659 0.233482 0.0212657 0.00225786 0.000335778
 0.85635 0.124636 0.0175886 0.00127461 0.000151104
 0.671648 0.305935 0.0198867 0.00234472 0.0001856
 0.820235 0.149808 0.0282689 0.00150167 0.000186274
 0.717539 0.255334 0.0232974 0.0036197 0.000210693
 0.580394 0.357621 0.0568907 0.00438847 0.000705502
 0.631874 0.279499 0.0776121 0.0101304 0.000884155
 0.763925 0.194863 0.0327539 0.00743049 0.0010283
 0.700242 0.277367 0.0192807 0.00248691 0.00062324
 0.728497 0.245832 0.0242588 0.00122198 0.000190257
 0.714566 0.250451 0.0324421 0.00240579 0.000135483
 0.646619 0.300803 0.0471642 0.00502884 0.000384229
 0.707706 0.231268 0.0532781 0.00696692 0.000780549
 0.6555 0.282941 0.0502518 0.00989958 0.0014079
 0.727785 0.212525 0.0502598 0.00772776 0.00170237
 0.662473 0.274633 0.0505238 0.0104495 0.00191994
 0.584469 0.314281 0.0840139 0.0138955 0.00334
 0.690507 0.217231 0.0717166 0.0171032 0.00344241
 0.670565 0.261447 0.0494929 0.0144391 0.00405548
 0.329417 0.517483 0.124595 0.0208631 0.00764179
 0.471249 0.239204 0.229472 0.0490693 0.0110063
 0.641535 0.240575 0.0577013 0.0479065 0.0122815
pobs_pel_tallas
 0 0 0 0 0 0 0 0 0 0 0 0 0 0 0 0 0 0 0 0 0 0 0 0 0 0 0 0 0 0 0 0 0 0 0 0
 0 0 0 0 0 0 0 0 0 0 0 0 0 0 0 0 0 0 0 0 0 0 0 0 0 0 0 0 0 0 0 0 0 0 0 0
 0 0 0 0 0 0 0 0 0 0 0 0 0 0 0 0 0 0 0 0 0 0 0 0 0 0 0 0 0 0 0 0 0 0 0 0
 0 0 0 0 0 0 0 0 0 0 0 0 0 0 0 0 0 0 0 0 0 0 0 0 0 0 0 0 0 0 0 0 0 0 0 0
 0 0 0 0 0 0 0 0 0 0 0 0 0 0 0 0 0 0 0 0 0 0 0 0 0 0 0 0 0 0 0 0 0 0 0 0
 0 0 0 0 0 0 0 0 0 0 0 0 0 0 0 0 0 0 0 0 0 0 0 0 0 0 0 0 0 0 0 0 0 0 0 0
 0 0 0 0 0 0 0 0 0 0 0 0 0 0 0 0 0 0 0 0 0 0 0 0 0 0 0 0 0 0 0 0 0 0 0 0
 0 0 0 0 0 0 0 0 0 0 0 0 0 0 0 0 0 0 0 0 0 0 0 0 0 0 0 0 0 0 0 0 0 0 0 0
 0 0 0 0 0 0 0 0 0 0 0 0 0 0 0 0 0 0 0 0 0 0 0 0 0 0 0 0 0 0 0 0 0 0 0 0
 0 0 0 0 0 0 0 0 0 0 0 0 0 0 0 0 0 0 0 0 0 0 0 0 0 0 0 0 0 0 0 0 0 0 0 0
 0 0 0 0 0 0 0 0 1.78061e-05 0.00172719 0.00360574 0.0105946 0.0120993 0.0124554 0.0147524 0.0171206 0.0266825 0.0428682 0.0675386 0.121331 0.153587 0.119568 0.100827 0.0573624 0.0630603 0.0341343 0.0324427 0.0444173 0.0211091 0.0280891 0.0125444 0.00206551 0 0 0 0
 0 0 0 0 0 0 0 0 0 0 0 0 0 0 0 0 0 0 0 0 0 0 0 0 0 0 0 0 0 0 0 0 0 0 0 0
 0 0 0 0 0 0 0.0133647 0.0140871 0.0187388 0.0205184 0.03894 0.0496705 0.03968 0.0493445 0.0407372 0.0367815 0.0215668 0.0243155 0.0234873 0.0199281 0.019796 0.0243948 0.0301388 0.0376714 0.0412746 0.0863199 0.0771752 0.113111 0.0741005 0.0525337 0.0229764 0.00759418 0.00175318 0 0 0
 0 0 0 0 0 0 0 0 0 0 0.00219441 0.00772107 0.0458388 0.0604681 0.0671733 0.0775358 0.0609151 0.0617685 0.073594 0.0568108 0.0755445 0.0548602 0.0670107 0.0636378 0.0643287 0.046367 0.0373049 0.0286899 0.0247887 0.0153202 0.00654259 0.00121912 0.000365735 0 0 0
 0 0 0 0 0 0 0 0 0 0 0 0 0.000112435 0.00938835 0.0111873 0.0202946 0.0414886 0.0713402 0.111592 0.104902 0.108894 0.110636 0.117776 0.105296 0.107544 0.0401394 0.0192827 0.0124803 0.00416011 0.0028671 0.000618394 0 0 0 0 0
 0 0 0 0 0 0 0 0 0 0 0.00291406 0.0102884 0.027416 0.0768956 0.0749926 0.110853 0.0956884 0.0897413 0.0766577 0.0534642 0.0500743 0.0551293 0.0594112 0.0620874 0.0668451 0.0424026 0.0208742 0.0120726 0.0048766 0.00582813 0.00118941 0.000297354 0 0 0 0
 0 0.00264628 0.0354308 0.0461629 0.0458689 0.0383711 0.0214643 0.0164657 0.0346957 0.0420465 0.0363128 0.0245516 0.0311673 0.0291091 0.0169068 0.0133784 0.00837989 0.0085269 0.0148486 0.0160247 0.0276389 0.0546898 0.0760071 0.122758 0.109233 0.0665981 0.0333725 0.0166128 0.00676272 0.00308733 0.000882094 0 0 0 0 0
 0 0 0 0 0 0 0 0.000805153 0.000690131 0.00759144 0.0133425 0.0154129 0.00931677 0.000345066 0.00356568 0.00563607 0.00851162 0.0253048 0.0502646 0.0516448 0.0657925 0.0565908 0.0611916 0.0827007 0.0866115 0.110766 0.145733 0.0935128 0.0569358 0.0249597 0.0138026 0.00621118 0.00161031 0.00115022 0 0
 0 0 0 0 0 0 0 0 0 0 0 0 0 0 0 0 0 0 0 0 0 0 0 0 0 0 0 0 0 0 0 0 0 0 0 0
 0.00147267 0.00158595 0.00478618 0.00569244 0.00954404 0.0108468 0.00647125 0.017049 0.0510054 0.094081 0.124002 0.0959785 0.0687766 0.0820023 0.061753 0.0591476 0.0492212 0.0479892 0.0443925 0.0268479 0.0217502 0.0140895 0.0121071 0.0120363 0.00920419 0.00665534 0.0049561 0.00860946 0.00930331 0.0156896 0.0114698 0.00855282 0.00243557 0.00046729 0 2.83206e-05
 0 0 0 0 0.000772559 0.00158375 0.000888443 0.00281984 0.00712685 0.0440552 0.0773331 0.111326 0.0921469 0.0852325 0.0710754 0.0886704 0.0786465 0.0553345 0.0373146 0.0185414 0.00753245 0.00457741 0.012979 0.0271748 0.0457355 0.0583668 0.034881 0.0177882 0.00938659 0.00492506 0.0015258 0.00185414 0.000309023 5.79419e-05 3.86279e-05 0
 0 0.00173294 0.00326652 0 0.00397197 0.00683976 0.00946217 0.0152591 0.00757587 0.0136028 0.0228656 0.0392903 0.0559909 0.0764795 0.0681675 0.0726916 0.0566044 0.0477403 0.0527397 0.0444891 0.0609904 0.0582453 0.0661739 0.0445044 0.0529084 0.0360697 0.0280645 0.0235558 0.0158879 0.00826598 0.00280645 0.00217768 0.000904811 0.00058276 9.20147e-05 0
 0 0 0 0 0 0 0 0 0 0 0 0 0 0 0 0 0 0 0 0 0 0 0 0 0 0 0 0 0 0 0 0 0 0 0 0
 0 0 0 0 0 0 0 0 0 0 0 0 0 0 0 0 0 0 0 0 0 0 0 0 0 0 0 0 0 0 0 0 0 0 0 0
 0 0 0 0 0 0 0 0 0 0 0 0 0 0 0 0 0 0 0 0 0 0 0 0 0 0 0 0 0 0 0 0 0 0 0 0
 0 0 0 0 0 0 0 0 0 0 0 0 0 0 0 0 0 0 0 0 0 0 0 0 0 0 0 0 0 0 0 0 0 0 0 0
 0 0 0 0 0 0 0 0 0 0 0 0 0 0 0 0 0 0 0 0 0 0 0 0 0 0 0 0 0 0 0 0 0 0 0 0
ppred_pel_tallas
 1.00888e-16 3.29491e-05 0.000193383 0.000919253 0.00353917 0.0110366 0.0278775 0.0570413 0.0945528 0.126984 0.138188 0.121902 0.0872847 0.0509864 0.024831 0.0110846 0.0061582 0.00582062 0.00747016 0.00994472 0.0127364 0.0155054 0.017927 0.0197002 0.0206036 0.0205448 0.0195791 0.0178885 0.015732 0.013383 0.0110743 0.00896667 0.00714261 0.00562024 0.00437697 0.00337246
 1.00688e-16 3.1734e-05 0.000186246 0.000885312 0.00340847 0.010629 0.026848 0.0549352 0.0910632 0.122302 0.133104 0.117446 0.084155 0.0492811 0.0242293 0.0112027 0.00676445 0.00685115 0.00895307 0.0119242 0.0152229 0.0184482 0.021204 0.0231248 0.0239496 0.0235815 0.0221107 0.0197861 0.0169505 0.0139591 0.0111098 0.00860142 0.00652628 0.00488881 0.00363779 0.00269841
 1.00558e-16 2.83166e-05 0.000166175 0.000789875 0.00304099 0.00948297 0.0239534 0.0490133 0.08125 0.109132 0.118798 0.104884 0.0752893 0.044362 0.022318 0.0111704 0.00789918 0.00890967 0.0119607 0.0159797 0.020378 0.0246442 0.0282465 0.0306924 0.0316329 0.0309457 0.0287654 0.0254439 0.0214605 0.0173099 0.0134053 0.0100203 0.00727778 0.0051764 0.00363496 0.00253799
 1.00503e-16 3.53327e-05 0.00020738 0.000985804 0.00379542 0.0118357 0.029896 0.0611709 0.101397 0.13617 0.148173 0.130682 0.0935098 0.0544979 0.0263078 0.0113464 0.005742 0.00493905 0.00614288 0.00812263 0.010373 0.012591 0.0145034 0.0158615 0.0164858 0.0163063 0.0153776 0.0138611 0.0119818 0.00997524 0.00804042 0.00631267 0.00485813 0.00368574 0.00276791 0.00206097
 1.00489e-16 3.46555e-05 0.000203403 0.000966892 0.0037226 0.0116086 0.0293223 0.0599974 0.0994521 0.133561 0.145339 0.128195 0.0917568 0.0535305 0.025942 0.0113616 0.00600039 0.005396 0.00680616 0.00901269 0.0114979 0.0139333 0.0160148 0.0174658 0.0180885 0.0178094 0.0166964 0.014937 0.01279 0.0105239 0.00836404 0.00646143 0.00488656 0.00364365 0.00269472 0.00198367
 1.00472e-16 3.24056e-05 0.000190189 0.00090406 0.00348066 0.0108541 0.0274166 0.0560986 0.0929913 0.12489 0.135919 0.119923 0.0859155 0.0502834 0.0246684 0.0113149 0.0067075 0.00669211 0.00870379 0.0115745 0.0147587 0.0178594 0.0204879 0.0222877 0.0230056 0.0225513 0.021019 0.0186591 0.015814 0.0128379 0.0100268 0.00757755 0.00557981 0.00403459 0.00288627 0.00205488
 1.00342e-16 3.73586e-05 0.000219277 0.00104237 0.00401324 0.0125149 0.0316117 0.0646811 0.107214 0.143978 0.156658 0.138139 0.0987878 0.0574574 0.027518 0.0114942 0.00527085 0.00401622 0.0047732 0.00625789 0.00797651 0.00967 0.0111222 0.0121406 0.0125875 0.0124109 0.011656 0.010451 0.00897326 0.00740747 0.00590918 0.00458318 0.0034794 0.00260237 0.00192764 0.00141814
 1.00472e-16 2.93121e-05 0.000172021 0.000817672 0.00314802 0.00981675 0.0247965 0.0507381 0.0841084 0.112969 0.122967 0.108549 0.0778831 0.0458167 0.0229134 0.0112442 0.00766964 0.00845913 0.0112918 0.0150688 0.0192072 0.0232168 0.0265937 0.0288728 0.0297254 0.0290382 0.0269411 0.02377 0.0199808 0.0160439 0.0123511 0.00916112 0.00658926 0.00463192 0.00320946 0.00220959
 1.00511e-16 3.57848e-05 0.000210036 0.000998432 0.00384404 0.0119873 0.030279 0.0619545 0.102695 0.137913 0.150066 0.132345 0.094683 0.0551491 0.0265611 0.0113515 0.00559313 0.00466863 0.00574776 0.00758993 0.00969598 0.0117775 0.013579 0.0148684 0.0154777 0.01534 0.014504 0.0131174 0.0113873 0.00953089 0.00773219 0.00611696 0.00474757 0.00363404 0.00275294 0.00206608
 1.00549e-16 3.13111e-05 0.000183761 0.000873498 0.00336298 0.0104871 0.0264897 0.0542022 0.0898487 0.120672 0.131336 0.115896 0.0830675 0.0486912 0.0240263 0.0112545 0.00699243 0.00723529 0.00950532 0.0126615 0.0161495 0.0195453 0.0224259 0.0244016 0.0251956 0.024709 0.0230442 0.0204745 0.0173736 0.014128 0.0110606 0.00838602 0.00620193 0.00450937 0.0032478 0.00233029
 1.01108e-16 2.53352e-05 0.000148668 0.000706638 0.00272049 0.00848352 0.0214289 0.0438482 0.07269 0.0976409 0.106306 0.0938965 0.067491 0.0399464 0.0204292 0.0107736 0.00831145 0.009853 0.0134005 0.0179728 0.0229872 0.027898 0.0321215 0.0351095 0.0364652 0.0360354 0.0339445 0.0305538 0.0263662 0.0219063 0.0176171 0.0137984 0.010595 0.0080239 0.0060204 0.00448426
 1.01583e-16 2.75768e-05 0.000161835 0.000769254 0.00296161 0.00923544 0.0233281 0.0477335 0.0791277 0.106279 0.115685 0.10212 0.0732704 0.0431032 0.0215583 0.010587 0.00724152 0.00802204 0.0107598 0.0144408 0.0185396 0.0226178 0.0262181 0.0289072 0.0303623 0.0304421 0.0292151 0.02693 0.0239464 0.0206459 0.0173557 0.0143042 0.0116127 0.00931448 0.00738806 0.00578799
 1.00832e-16 3.33313e-05 0.000195627 0.000929922 0.00358025 0.0111647 0.0282011 0.0577033 0.0956502 0.128457 0.13979 0.123314 0.0882918 0.0515667 0.0250985 0.0111773 0.00617064 0.0057953 0.00741704 0.00985845 0.0126051 0.0153142 0.0176604 0.019344 0.020148 0.0199869 0.0189249 0.0171544 0.0149437 0.012573 0.0102784 0.00821948 0.00647308 0.00504866 0.00391333 0.00301655
 1.00479e-16 3.05578e-05 0.000179337 0.000852458 0.00328196 0.0102345 0.0258516 0.0528966 0.0876854 0.117769 0.128183 0.113129 0.0811185 0.047617 0.0236232 0.0112778 0.0072901 0.00775912 0.0102654 0.0136819 0.01744 0.021086 0.0241616 0.0262447 0.0270369 0.0264347 0.0245545 0.0216993 0.018281 0.0147244 0.0113836 0.00849266 0.00615595 0.00437079 0.00306608 0.00214139
 1.00476e-16 3.17886e-05 0.000186565 0.000886831 0.00341432 0.0106472 0.0268941 0.0550295 0.0912197 0.122512 0.133335 0.117653 0.0843102 0.0493863 0.0243073 0.0112825 0.00687085 0.00700266 0.00916224 0.0121969 0.015556 0.0188273 0.0216023 0.0235054 0.0242692 0.0237979 0.0221894 0.0197066 0.0167094 0.0135703 0.0106013 0.00801062 0.00589376 0.00425324 0.00303185 0.00214648
 1.00632e-16 3.11813e-05 0.000183 0.000869878 0.00334904 0.0104437 0.0263799 0.0539775 0.0894762 0.120172 0.13079 0.115413 0.0827181 0.0484797 0.0239098 0.0111803 0.00692129 0.00714526 0.00938661 0.0125128 0.0159772 0.019364 0.022258 0.0242757 0.0251416 0.0247532 0.0232038 0.0207536 0.0177618 0.0146017 0.0115873 0.00892953 0.00672795 0.00498989 0.00366377 0.00267238
 1.00959e-16 2.82206e-05 0.000165613 0.000787209 0.00303073 0.00945099 0.0238726 0.0488478 0.0809751 0.108761 0.118389 0.104513 0.0750001 0.0441457 0.022125 0.0109374 0.00756745 0.00843099 0.0113002 0.0151219 0.0193358 0.0234663 0.0270198 0.0295348 0.0306778 0.0303201 0.0285664 0.0257206 0.0222054 0.0184617 0.0148613 0.0116558 0.0089664 0.00680672 0.00512211 0.00382823
 1.01108e-16 3.08814e-05 0.000181241 0.00086152 0.00331687 0.0103433 0.0261265 0.0534588 0.088616 0.119015 0.129528 0.114292 0.0818975 0.0479651 0.0235941 0.0109307 0.00663409 0.00675473 0.00885659 0.0118317 0.0151604 0.0184587 0.021344 0.0234589 0.0245402 0.0244782 0.0233386 0.0213378 0.0187836 0.0160005 0.0132648 0.0107667 0.00860337 0.00679572 0.00531646 0.00411752
 1.01212e-16 2.86071e-05 0.000167884 0.000798009 0.00307232 0.00958068 0.0242002 0.0495179 0.0820853 0.11025 0.120005 0.105928 0.0759891 0.0446754 0.0222936 0.0108616 0.00731415 0.00801294 0.0107014 0.0143233 0.0183334 0.0222817 0.0257043 0.0281669 0.0293535 0.0291384 0.0276133 0.0250554 0.0218528 0.0184112 0.0150733 0.012071 0.00951756 0.00742843 0.00575799 0.00443481
 1.01128e-16 3.17562e-05 0.000186378 0.000885948 0.00341093 0.0106367 0.0268674 0.0549746 0.0911278 0.122386 0.133191 0.117509 0.0841715 0.0492331 0.0240992 0.0109653 0.00638468 0.00628814 0.00817006 0.0109016 0.0139716 0.0170198 0.0196936 0.0216644 0.0226902 0.0226686 0.0216585 0.0198565 0.0175426 0.0150124 0.0125174 0.0102308 0.00824112 0.00656777 0.00518693 0.00405643
 1.01256e-16 2.89108e-05 0.000169668 0.000806491 0.00310498 0.00968255 0.0244575 0.0500442 0.0829575 0.111421 0.121277 0.107044 0.0767758 0.0451101 0.0224589 0.0108568 0.00720124 0.00781206 0.0104089 0.0139296 0.0178339 0.021683 0.0250262 0.0274419 0.0286227 0.0284455 0.0269973 0.0245449 0.0214626 0.018142 0.0149138 0.0120022 0.00951678 0.00747348 0.00582951 0.00451766
 1.01929e-16 2.55112e-05 0.000149705 0.000711577 0.00273952 0.00854287 0.0215788 0.0441546 0.0731966 0.0983177 0.107033 0.0945151 0.0678846 0.0400773 0.0203093 0.010411 0.00768167 0.00890253 0.0120705 0.0162268 0.0208369 0.0254214 0.0294696 0.0324956 0.0341379 0.0342392 0.0328773 0.0303326 0.0270089 0.0233338 0.0196727 0.0162791 0.0132856 0.0107266 0.00857513 0.00677895
 1.01838e-16 3.01309e-05 0.000176836 0.000840582 0.00323626 0.0100919 0.0254915 0.0521595 0.086462 0.116122 0.126378 0.111509 0.0798974 0.0467814 0.0229899 0.0106159 0.00640014 0.0064921 0.00852145 0.0114181 0.0146904 0.0179811 0.0209336 0.0232103 0.024556 0.0248521 0.0241386 0.0225923 0.0204746 0.0180646 0.0156027 0.0132577 0.011122 0.00922648 0.00756534 0.00611842
 1.01474e-16 2.92631e-05 0.000171737 0.000816333 0.00314288 0.00980073 0.024756 0.0506549 0.0839693 0.112778 0.12275 0.108335 0.0776821 0.0456022 0.0226291 0.0108152 0.0070133 0.00749415 0.00995031 0.0133147 0.0170572 0.0207573 0.0239868 0.0263448 0.0275381 0.0274478 0.0261535 0.0239043 0.0210509 0.0179596 0.0149396 0.0121995 0.00984081 0.00787805 0.00627228 0.00496333
 1.03012e-16 1.4398e-05 8.44421e-05 0.000401268 0.00154468 0.00481676 0.0121672 0.0248994 0.041287 0.0554881 0.0604898 0.0536127 0.038937 0.0238529 0.0136872 0.00962808 0.0103082 0.0140249 0.0196639 0.0265542 0.0340933 0.041556 0.0481129 0.0529685 0.0555327 0.0555553 0.0531756 0.0488679 0.0433088 0.037212 0.0311847 0.0256443 0.0208042 0.0167115 0.0133098 0.0105003
 1.05536e-16 2.05715e-05 0.000120711 0.00057375 0.00220888 0.00688809 0.0173989 0.0356017 0.0590184 0.0792742 0.0863035 0.076215 0.0547522 0.0323493 0.0164447 0.00852756 0.00644147 0.00762313 0.0105012 0.014357 0.0188194 0.0235572 0.0281948 0.0323426 0.0356623 0.0379263 0.0390457 0.0390611 0.0381045 0.0363499 0.0339721 0.0311259 0.0279454 0.0245542 0.0210768 0.0176416
 1.03118e-16 2.79964e-05 0.000164303 0.000780991 0.00300681 0.00937642 0.0236842 0.0484618 0.0803337 0.107895 0.117434 0.10364 0.0743085 0.0436086 0.0216163 0.0102946 0.00663353 0.00706953 0.00940404 0.012631 0.0162635 0.0199237 0.0232255 0.0258032 0.0273827 0.0278402 0.0272243 0.0257303 0.02364 0.0212481 0.0187999 0.0164574 0.014298 0.0123348 0.0105475 0.00891002
pSPR Fmed_Fpbrs
0.540969   0.6 0.325
Fs Fmed_Fpbrs
0.64   0.493234 1.78725
SSBpbr Bo_Bmed_Bpbrs
582958  286214  320627 160313
Ro
27446.7
SPR SPRFo_SPRFmed_SPRFpbrs
566890 306670 184239
log_Ro
10.04
likeval ReclasPelacesDesembMPH_pf_preclas_ppelaces_ptallas_desvR_qrecl_qpela
 0.00109092 10.9581 0.00891637 16.0126 318.729 207.866 54.5631 0 20.2035 9.3875e-07 0.000119519 8.85245e-14 0 0 0
q_reclas_q_pelaces
1.14717 4.7368
M
0.7
N
 31248.9 9918.28 3121.41 370.871 0.180267
 34187.9 14099 2253.8 442.399 50.4688
 9388.93 15378.7 3126.2 307.111 64.3537
 12797.4 3592.14 910.905 51.2806 5.44229
 32034.4 5643.87 677.826 95.8262 5.66932
 28844.6 15626.4 2423.07 266.526 39.6033
 73212.1 12301.5 2243.39 164.426 19.4508
 55971.6 33402.1 3061.09 367.808 29.0639
 97250.3 24998 6986.35 379.838 47.0462
 114899 42913.2 4738.9 740.425 42.9924
 64231.5 53268.7 12170.8 958.314 153.808
 52258.8 28557.1 10736.8 1423.17 123.972
 56914.5 23571.9 6474.81 1516.31 209.624
 25508.8 24517 3672.15 500.881 125.56
 12407.3 10269.5 2199.85 117.259 18.2625
 10904.2 4985.95 907.892 68.5943 3.85616
 8312.28 4873.52 1048.96 113.716 8.67232
 10409.4 3736.74 1075.06 141.758 15.8455
 11098.3 4789.08 995.509 196.643 27.8932
 17482.1 5187.71 1452.15 224.098 49.2408
 23811.5 8149.2 1538.09 315.327 57.749
 25179.4 11494.9 3213.88 527.792 126.464
 42532.8 12098.1 4362.38 1036.89 208.083
 56760.9 20220.4 4211.08 1225.22 343.125
 19548.4 26937 6937.59 1155.71 422.028
 20392.5 9341 9774.33 2082.9 465.818
 19909.4 9697.9 3259.98 2756.87 705.516
pred_Ctot
 2066.07 4043.7 1719.2 207.996 0.101196
 2328.25 5873.54 1263.01 252.358 28.8161
 1573.41 10884.5 2551.24 252.438 52.917
 1036.98 1690.99 561.713 32.1244 3.41213
 407.989 554.373 102.853 14.9693 0.886995
 2954.57 8556.49 1670.97 186.184 27.684
 4299.01 4590.16 1149.49 85.897 10.1716
 4075.04 14597.8 1781.84 217.77 17.2235
 7844.47 11731.5 4297.98 237.397 29.4283
 5507.95 13665.3 2124.91 339.171 19.7161
 4867.01 23943.6 7242.09 579.745 93.1296
 3464.59 11666 5923.07 799.416 69.7032
 5469.52 12407.7 4339.99 1030.37 142.547
 3514.79 15837.6 2832.38 389.953 97.8008
 1723.06 6660.2 1701.07 91.5125 14.2595
 788.773 2169.06 526.573 40.4696 2.27713
 569.544 2039.27 589.909 65.0923 4.9688
 552.889 1290.53 516.446 69.501 7.77709
 470.213 1379.45 409.287 82.6823 11.7422
 773.47 1548.26 615.75 97.1449 21.3706
 477.987 1222.32 349.101 73.5508 13.4897
 588.557 1979.44 829.91 139.955 33.582
 1307.7 2655.58 1407.88 343.069 68.9386
 1814.51 4591.03 1401.27 417.865 117.177
 531.868 5311.65 2030.3 347.014 126.892
 622.41 2037.37 3136.32 685.221 153.446
 1430.64 4199.03 1883.74 1620.59 415.104
F
 0.0958808 0.781763 1.25383 1.29499 1.29723
 0.0988886 0.806287 1.29316 1.33561 1.33792
 0.260784 2.1263 3.41026 3.5222 3.5283
 0.118675 0.967612 1.5519 1.60284 1.60562
 0.0178495 0.145536 0.233417 0.241079 0.241496
 0.152201 1.24097 1.99033 2.05566 2.05922
 0.084743 0.690951 1.10818 1.14456 1.14654
 0.106048 0.864659 1.38678 1.4323 1.43478
 0.118108 0.96299 1.54449 1.59519 1.59795
 0.0686999 0.560144 0.898386 0.927875 0.929481
 0.110587 0.901673 1.44615 1.49362 1.4962
 0.0961535 0.783987 1.2574 1.29867 1.30092
 0.142182 1.15928 1.85931 1.92034 1.92366
 0.209846 1.71098 2.74415 2.83422 2.83913
 0.211665 1.72581 2.76794 2.85879 2.86374
 0.105332 0.858823 1.37742 1.42264 1.4251
 0.0995209 0.811443 1.30143 1.34415 1.34648
 0.0763739 0.622714 0.998738 1.03152 1.03331
 0.060501 0.493295 0.791169 0.817139 0.818553
 0.0632555 0.515753 0.827189 0.854342 0.85582
 0.0282628 0.23044 0.369591 0.381723 0.382384
 0.0329782 0.268888 0.431255 0.445411 0.446182
 0.0435803 0.355331 0.569898 0.588604 0.589623
 0.0453475 0.36974 0.593007 0.612472 0.613532
 0.0384794 0.313741 0.503193 0.51971 0.52061
 0.0432565 0.352692 0.565664 0.584232 0.585243
 0.104601 0.852865 1.36787 1.41277 1.41521
Np
 18315.1 8769.43 3285.03 632.773 163.063
YTP_r0W_actual
 4211.64 39401 28683.8 31793.4 9041.58
YTP_p0W_proyectada
 3874.37 36178.8 18059.2 4754.15 4786.8
 3874.37 35628.8 28904.2 7297.4 2089.75
CTP_r0_actual
 513.614 1824.12 913.496 792.852 203.182
CTP_p0_proyectada
 472.485 1674.95 575.133 118.557 107.568
 472.485 1649.48 920.515 181.98 46.9607
Wmedp
 8.2 21.6 31.4 40.1 44.5
nmprior
 10.8 10.6 4.6 0
nm_flota  nm_reclas  nm_pelaces    nm_pelaL
inf 19.7836 18.2459 58.295
cv_recla  cv_pelaces  cv_mph
0.953465 0.362626 0.534733
 ------------------------------------------------
Talla a la edad & desviaci?n 
 7.2 14.2025 17.0495 18.207 18.6776
 1.08 2.13037 2.55742 2.73105 2.80164
