years
 1997 1998 1999 2000 2001 2002 2003 2004 2005 2006 2007 2008 2009 2010 2011 2012 2013 2014 2015 2016 2017 2018 2019 2020 2021 2022 2023
reclasobs
 0 0 0 370054 412103 1.49427e+06 250295 1.28982e+06 931140 785840 897777 1.04006e+06 184774 17550 25797 100020 73551 82996 120727 218422 84188 347160 605670 569463 516374 1.08416e+06 1.01767e+06
reclaspred
 392808 95340.7 182371 111330 199570 241592 725957 523932 667966 710188 593919 419202 297691 151751 103610 93512.8 102451 141627 158036 231570 349883 311007 505820 658513 788633 706381 609967
pelacesobs
 0 0 0 0 0 0 0 0 0 2.06254e+06 1.5e+06 0 1.87456e+06 323000 250000 174000 83755 137374 0 501740 490994 745055 786931 1.00524e+06 1.33801e+06 1.41789e+06 0
pelacespred
 1.31415e+06 222680 291003 261252 430230 365413 1.65322e+06 1.21814e+06 1.50913e+06 1.57245e+06 1.13889e+06 846343 615025 254410 176355 170936 196304 276630 307192 449854 771860 658514 875633 1.28276e+06 1.48971e+06 1.47153e+06 1.20993e+06
mphobs
 0 0 0 0 0 0 112323 0 153150 637223 0 255016 313432 73983 77613 109348 50772 17779 17303 59886 28197 0 207744 136588 643089 65757 70829
mphpred
 153253 82975.1 77876.1 57897.2 67826.1 124110 210956 320569 287296 344107 360932 255894 164177 105916 53392.8 42865 42017.7 55645.5 31830.2 36680.5 60242.9 75421.6 86035.4 122170 160879 157862 132256
desembarqueobs
 350755 77701 442110 56441 14545 235359 269955 359681 431902 328805 639364 411747 362871 311530 167758 66681 60226 58785 57116 73181 50977 67692 138656 160484 209506 203330 245020
desembarquepred
 350774 77709.6 442237 56451.5 14545.5 235446 269990 359725 431896 328809 639497 411846 362963 311887 167902 66718.3 60263.2 58791 57110.6 73182.8 50978.9 67691.3 138667 160496 209522 203345 245024
Reclutas
 35056 36720.7 16155.6 21673.3 42010.4 40292.7 86519.2 68395.1 111730 121302 66188.2 48346.6 56639.4 26427.1 15299.3 14773.6 12089.9 15628.8 18315.9 30933.4 40640.1 43326.3 71846.2 99218.5 39891.2 48104.4 67303.6
log_desv_Rt
 -0.115298 -0.068905 -0.889977 -0.596162 0.0656715 0.0239256 0.788121 0.553057 1.04384 1.12604 0.520258 0.206152 0.364461 -0.397854 -0.944436 -0.979405 -1.17987 -0.923131 -0.764478 -0.240409 0.0325109 0.0965146 0.602284 0.92508 0.013911 0.201129 0.536969
SSB
 396709 214788 201589 149872 175574 321268 529574 819468 724835 871558 934303 662404 439514 286036 149265 120974 123719 156452 202335 244613 381170 465683 545772 740897 1.06511e+06 1.07481e+06 849594
BT
 1.4517e+06 329537 497916 291248 392293 507595 1.64762e+06 1.47215e+06 1.72665e+06 1.70251e+06 1.57518e+06 1.12081e+06 891311 513814 295074 206467 224943 291905 320778 457628 724199 647047 874214 1.26975e+06 1.48147e+06 1.48182e+06 1.28831e+06
Ftot
 1.12095 1.02986 2.22585 0.607022 0.0991965 0.920499 0.500358 0.758542 0.817575 0.540801 0.96259 0.838214 1.24805 1.84128 1.62318 0.703093 0.613875 0.430078 0.344536 0.339443 0.154229 0.190305 0.245152 0.249835 0.212608 0.213521 0.3375
BD_Bspro_t
 0.898155 0.605402 0.474649 0.257129 0.402373 0.608242 0.584965 0.651223 0.586841 0.58578 0.573884 0.418977 0.328239 0.269045 0.176763 0.176276 0.237466 0.365319 0.489954 0.595964 0.717665 0.802468 0.798779 0.798536 0.810993 0.764305 0.71609
BD_Bspro
 0.488233 0.264342 0.248097 0.184449 0.21608 0.395388 0.651752 1.00853 0.892061 1.07263 1.14985 0.815227 0.540914 0.352027 0.183702 0.148884 0.152263 0.192547 0.249016 0.301047 0.469109 0.57312 0.671686 0.911828 1.31084 1.32277 1.0456
BD_Bo
 0.38463 0.208248 0.195451 0.145309 0.170228 0.311486 0.51345 0.794517 0.702765 0.84502 0.905855 0.642235 0.426131 0.277327 0.144721 0.117291 0.119952 0.151688 0.196174 0.237165 0.369564 0.451503 0.529154 0.718338 1.03268 1.04208 0.823726
BD_Brms
 0.699327 0.378633 0.355365 0.264197 0.309505 0.566338 0.933545 1.44458 1.27775 1.5364 1.64701 1.1677 0.774784 0.504231 0.263128 0.213256 0.218095 0.275796 0.356681 0.431209 0.671934 0.820915 0.962098 1.30607 1.8776 1.89469 1.49768
S_f
 0.11091 0.703279 0.978277 0.998833 0.999938
 0.11091 0.703279 0.978277 0.998833 0.999938
 0.11091 0.703279 0.978277 0.998833 0.999938
 0.11091 0.703279 0.978277 0.998833 0.999938
 0.11091 0.703279 0.978277 0.998833 0.999938
 0.11091 0.703279 0.978277 0.998833 0.999938
 0.11091 0.703279 0.978277 0.998833 0.999938
 0.11091 0.703279 0.978277 0.998833 0.999938
 0.11091 0.703279 0.978277 0.998833 0.999938
 0.11091 0.703279 0.978277 0.998833 0.999938
 0.11091 0.703279 0.978277 0.998833 0.999938
 0.11091 0.703279 0.978277 0.998833 0.999938
 0.11091 0.703279 0.978277 0.998833 0.999938
 0.11091 0.703279 0.978277 0.998833 0.999938
 0.11091 0.703279 0.978277 0.998833 0.999938
 0.11091 0.703279 0.978277 0.998833 0.999938
 0.11091 0.703279 0.978277 0.998833 0.999938
 0.11091 0.703279 0.978277 0.998833 0.999938
 0.11091 0.703279 0.978277 0.998833 0.999938
 0.11091 0.703279 0.978277 0.998833 0.999938
 0.11091 0.703279 0.978277 0.998833 0.999938
 0.11091 0.703279 0.978277 0.998833 0.999938
 0.11091 0.703279 0.978277 0.998833 0.999938
 0.11091 0.703279 0.978277 0.998833 0.999938
 0.11091 0.703279 0.978277 0.998833 0.999938
 0.11091 0.703279 0.978277 0.998833 0.999938
 0.11091 0.703279 0.978277 0.998833 0.999938
Scru_reclas
 0.873234 1 1 1 1
 0.873234 1 1 1 1
 0.873234 1 1 1 1
 0.873234 1 1 1 1
 0.873234 1 1 1 1
 0.873234 1 1 1 1
 0.873234 1 1 1 1
 0.873234 1 1 1 1
 0.873234 1 1 1 1
 0.873234 1 1 1 1
 0.873234 1 1 1 1
 0.873234 1 1 1 1
 0.873234 1 1 1 1
 0.873234 1 1 1 1
 0.873234 1 1 1 1
 0.873234 1 1 1 1
 0.873234 1 1 1 1
 0.873234 1 1 1 1
 0.873234 1 1 1 1
 0.873234 1 1 1 1
 0.873234 1 1 1 1
 0.873234 1 1 1 1
 0.873234 1 1 1 1
 0.873234 1 1 1 1
 0.873234 1 1 1 1
 0.873234 1 1 1 1
 0.873234 1 1 1 1
Scru_pelaces
 1 1 1 1 1
 1 1 1 1 1
 1 1 1 1 1
 1 1 1 1 1
 1 1 1 1 1
 1 1 1 1 1
 1 1 1 1 1
 1 1 1 1 1
 1 1 1 1 1
 1 1 1 1 1
 1 1 1 1 1
 1 1 1 1 1
 1 1 1 1 1
 1 1 1 1 1
 1 1 1 1 1
 1 1 1 1 1
 1 1 1 1 1
 1 1 1 1 1
 1 1 1 1 1
 1 1 1 1 1
 1 1 1 1 1
 1 1 1 1 1
 1 1 1 1 1
 1 1 1 1 1
 1 1 1 1 1
 1 1 1 1 1
 1 1 1 1 1
pf_obs 
 0.256992 0.487395 0.22802 0.0275931 0
 0.321318 0.546541 0.124235 0.00734118 0.000564706
 0.182869 0.594174 0.210203 0.0122559 0.00049798
 0.330522 0.361315 0.267642 0.0388342 0.00168674
 0.649043 0.306663 0.0425973 0.00169635 0
 0.582887 0.30429 0.105238 0.00758474 0
 0.465427 0.430635 0.0974691 0.00646863 0
 0.296916 0.608066 0.0921331 0.00288517 0
 0.311714 0.524322 0.152257 0.0117073 0
 0.15457 0.633149 0.183074 0.0267441 0.00246327
 0.131901 0.49318 0.331252 0.0422183 0.00144891
 0.196976 0.569456 0.194076 0.0375587 0.00193317
 0.518974 0.381816 0.0799577 0.0180837 0.00116848
 0.0928022 0.601141 0.25162 0.0475244 0.00691264
 0.122501 0.610282 0.24278 0.0234846 0.000952079
 0.383417 0.481906 0.127806 0.00687128 0
 0.0376549 0.599619 0.316969 0.0457579 0
 0.0361596 0.667082 0.258105 0.0386534 0
 0.158088 0.579412 0.248529 0.0139706 0
 0.0477256 0.309471 0.559284 0.082774 0.000745712
 0.0406174 0.521527 0.379366 0.0568643 0.0016247
 0.151134 0.462217 0.34131 0.0453401 0
 0.294876 0.26143 0.354403 0.0886775 0.000613685
 0.281977 0.475581 0.204845 0.0348837 0.00271318
 0.0841818 0.532909 0.334909 0.0458182 0.00218182
 0.115287 0.27431 0.454777 0.147771 0.00785563
 0 0 0 0 0
pf_pred 
 0.344407 0.450545 0.183516 0.021516 1.5464e-05
 0.283567 0.586636 0.102049 0.0249241 0.00282393
 0.164768 0.643837 0.168882 0.0178279 0.00468528
 0.311978 0.491491 0.172222 0.0215803 0.00272779
 0.333409 0.493467 0.136914 0.031838 0.00437202
 0.221302 0.573946 0.163711 0.0326005 0.00843973
 0.367149 0.428517 0.167273 0.0298214 0.0072392
 0.202267 0.631845 0.125749 0.0330155 0.007124
 0.306115 0.443567 0.214412 0.0274137 0.00849251
 0.248751 0.575161 0.129685 0.0399195 0.00648257
 0.137494 0.591183 0.225579 0.0339279 0.0118167
 0.150455 0.474406 0.292532 0.0690568 0.0135493
 0.246085 0.447784 0.204628 0.07969 0.0218125
 0.16562 0.640389 0.139214 0.0370661 0.0177099
 0.186703 0.568845 0.211757 0.0237724 0.00892218
 0.234828 0.537134 0.185063 0.0374385 0.00553593
 0.182313 0.556559 0.204907 0.0458727 0.0103477
 0.226233 0.461615 0.238591 0.0580657 0.0154946
 0.216499 0.50793 0.188879 0.0666557 0.0200359
 0.27464 0.451944 0.199143 0.0512945 0.022978
 0.237443 0.526612 0.166474 0.0509314 0.0185403
 0.184801 0.510848 0.230839 0.0521997 0.0213116
 0.242864 0.423955 0.234426 0.0753049 0.0234498
 0.238895 0.497134 0.170305 0.0663511 0.0273152
 0.0815684 0.58824 0.240853 0.0581092 0.031229
 0.121168 0.292475 0.42024 0.121913 0.044204
 0.187948 0.378989 0.17971 0.182739 0.070614
pobs_RECLAS
 0 0 0 0 0
 0 0 0 0 0
 0 0 0 0 0
 0 0 0 0 0
 0.835266 0.146461 0.0176864 0.000547809 3.91292e-05
 0.385257 0.428462 0.181853 0.0044286 0
 0.867414 0.0963971 0.0333333 0.00285562 0
 0.441836 0.489002 0.0689373 0.000224442 0
 0.779404 0.147425 0.0564933 0.0165055 0.000172143
 0.814271 0.122319 0.05973 0.00367925 0
 0.40263 0.566651 0.0304383 0.000280538 0
 0.475488 0.404961 0.113038 0.00651328 0
 0.955842 0.0263864 0.0167828 0.000988607 0
 0.975058 0.0227948 0.00214734 0 0
 0.738997 0.206755 0.0527124 0.00153531 0
 0.850938 0.134255 0.0134407 0.00136685 0
 0.542534 0.407297 0.0501686 0 0
 0.764087 0.199537 0.0359546 0.000420521 0
 0.470689 0.182191 0.310203 0.0369168 0
 0.84361 0.089868 0.0606195 0.00523954 0.000663233
 0.607945 0.314616 0.071237 0.00620181 0
 0.523733 0.453247 0.0230204 0 0
 0.530135 0.295979 0.169645 0.0042399 0
 0.562478 0.366248 0.0663022 0.0049721 0
 0.250443 0.683176 0.0655157 0.000865301 0
 0.195077 0.31981 0.436473 0.0351445 0.0134964
 0.565238 0.351407 0.0832357 0.000118908 0
ppred_RECLAS
 0.77429 0.171846 0.0483279 0.00553126 3.97033e-06
 0.710549 0.251099 0.0303057 0.00722849 0.000817963
 0.585072 0.348932 0.058443 0.00598383 0.00157001
 0.738173 0.204232 0.0506085 0.00620282 0.000783127
 0.75013 0.199789 0.0397797 0.00905878 0.00124257
 0.642222 0.286745 0.0570602 0.0111017 0.0028705
 0.783872 0.16163 0.0447899 0.00781297 0.00189441
 0.60851 0.330785 0.0462695 0.0118765 0.00255959
 0.740606 0.186038 0.0630401 0.00787809 0.00243759
 0.668656 0.272536 0.0435622 0.0131186 0.00212786
 0.50686 0.374086 0.099375 0.0146007 0.0050789
 0.541518 0.2956 0.127657 0.029453 0.00577178
 0.690759 0.211117 0.06613 0.0251255 0.00686819
 0.575745 0.354161 0.0507036 0.013127 0.0062626
 0.610857 0.302481 0.0753399 0.00823502 0.00308634
 0.658599 0.263055 0.0638497 0.0126304 0.0018654
 0.583828 0.312881 0.0814401 0.017833 0.00401792
 0.651465 0.235702 0.0866848 0.0206455 0.00550282
 0.633569 0.26468 0.0702148 0.0242543 0.00728222
 0.704788 0.206568 0.0649431 0.0163739 0.00732652
 0.655588 0.261083 0.0591616 0.0177236 0.00644461
 0.586151 0.290515 0.0940251 0.0208184 0.00848998
 0.672638 0.210035 0.0830736 0.0261264 0.00812654
 0.661189 0.246068 0.0602897 0.0229964 0.00945641
 0.356138 0.460061 0.134848 0.0318539 0.0170997
 0.48801 0.210998 0.217024 0.0616433 0.0223259
 0.606665 0.217902 0.0737261 0.0733827 0.0283243
pobs_PELACES
 0 0 0 0 0
 0 0 0 0 0
 0 0 0 0 0
 0 0 0 0 0
 0 0 0 0 0
 0 0 0 0 0
 0 0 0 0 0
 0 0 0 0 0
 0 0 0 0 0
 0 0 0 0 0
 0.450072 0.473896 0.0757376 0.000293798 0
 0 0 0 0 0
 0.463077 0.371075 0.160297 0.00555027 0
 0.529543 0.364841 0.0842815 0.0213345 0
 0.631943 0.363953 0.00410389 0 0
 0.735681 0.248677 0.0153453 0.000297389 0
 0.695825 0.281241 0.0229344 0 0
 0.275771 0.60734 0.115278 0.00161068 0
 0 0 0 0 0
 0.896147 0.0623911 0.0374545 0.00400742 0
 0.803859 0.145111 0.0509908 3.86294e-05 0
 0.739449 0.233085 0.0266225 0.000797448 4.60066e-05
 0.878498 0.100942 0.0204185 0.000141795 0
 0.694673 0.275183 0.0284847 0.00165964 0
 0.469039 0.446079 0.0841089 0.000773354 0
 0.822795 0.102175 0.0682046 0.00682512 0
 0 0 0 0 0
ppred_PELACES
 0.833536 0.129756 0.0329614 0.00374394 2.6863e-06
 0.776779 0.195996 0.0215446 0.00510302 0.000577232
 0.719917 0.242648 0.0332081 0.00334914 0.000878019
 0.786285 0.16871 0.0395656 0.00482942 0.000609595
 0.77835 0.177549 0.0350347 0.00797288 0.00109358
 0.714387 0.232663 0.0425878 0.00823439 0.00212839
 0.822466 0.134291 0.0355619 0.00618225 0.00149874
 0.675997 0.276665 0.0361251 0.00922501 0.0019876
 0.796593 0.148927 0.046856 0.00582318 0.00180123
 0.721533 0.231044 0.0351615 0.01055 0.00171089
 0.591896 0.316037 0.076932 0.0112297 0.00390491
 0.62073 0.251167 0.100524 0.0230612 0.00451784
 0.771813 0.161393 0.045141 0.0170063 0.00464665
 0.695736 0.260752 0.0315861 0.00807606 0.00385031
 0.718096 0.226083 0.0485984 0.00525388 0.0019679
 0.720014 0.21888 0.0498435 0.00981288 0.0014489
 0.647441 0.268726 0.0661568 0.0144262 0.00324961
 0.702199 0.203963 0.0721407 0.0171315 0.00456549
 0.681189 0.232314 0.0597316 0.0205849 0.00617974
 0.746768 0.178856 0.0545249 0.0137155 0.00613628
 0.692713 0.233742 0.0522302 0.0156307 0.00568328
 0.628559 0.262107 0.0833784 0.0184372 0.00751841
 0.71335 0.185409 0.0717199 0.0225182 0.0070036
 0.702516 0.217423 0.0520771 0.0198302 0.0081537
 0.399038 0.43181 0.124148 0.0292842 0.015719
 0.535168 0.193795 0.195504 0.0554506 0.0200815
 0.65678 0.192846 0.0632803 0.0628415 0.0242526
pobs_pel_tallas
 0 0 0 0 0 0 0 0 0 0 0 0 0 0 0 0 0 0 0 0 0 0 0 0 0 0 0 0 0 0 0 0 0 0 0 0
 0 0 0 0 0 0 0 0 0 0 0 0 0 0 0 0 0 0 0 0 0 0 0 0 0 0 0 0 0 0 0 0 0 0 0 0
 0 0 0 0 0 0 0 0 0 0 0 0 0 0 0 0 0 0 0 0 0 0 0 0 0 0 0 0 0 0 0 0 0 0 0 0
 0 0 0 0 0 0 0 0 0 0 0 0 0 0 0 0 0 0 0 0 0 0 0 0 0 0 0 0 0 0 0 0 0 0 0 0
 0 0 0 0 0 0 0 0 0 0 0 0 0 0 0 0 0 0 0 0 0 0 0 0 0 0 0 0 0 0 0 0 0 0 0 0
 0 0 0 0 0 0 0 0 0 0 0 0 0 0 0 0 0 0 0 0 0 0 0 0 0 0 0 0 0 0 0 0 0 0 0 0
 0 0 0 0 0 0 0 0 0 0 0 0 0 0 0 0 0 0 0 0 0 0 0 0 0 0 0 0 0 0 0 0 0 0 0 0
 0 0 0 0 0 0 0 0 0 0 0 0 0 0 0 0 0 0 0 0 0 0 0 0 0 0 0 0 0 0 0 0 0 0 0 0
 0 0 0 0 0 0 0 0 0 0 0 0 0 0 0 0 0 0 0 0 0 0 0 0 0 0 0 0 0 0 0 0 0 0 0 0
 0 0 0 0 0 0 0 0 0 0 0 0 0 0 0 0 0 0 0 0 0 0 0 0 0 0 0 0 0 0 0 0 0 0 0 0
 0 0 0 0 0 0 0 0 1.78061e-05 0.00172719 0.00360574 0.0105946 0.0120993 0.0124554 0.0147524 0.0171206 0.0266825 0.0428682 0.0675386 0.121331 0.153587 0.119568 0.100827 0.0573624 0.0630603 0.0341343 0.0324427 0.0444173 0.0211091 0.0280891 0.0125444 0.00206551 0 0 0 0
 0 0 0 0 0 0 0 0 0 0 0 0 0 0 0 0 0 0 0 0 0 0 0 0 0 0 0 0 0 0 0 0 0 0 0 0
 0 0 0 0 0 0 0.0133647 0.0140871 0.0187388 0.0205184 0.03894 0.0496705 0.03968 0.0493445 0.0407372 0.0367815 0.0215668 0.0243155 0.0234873 0.0199281 0.019796 0.0243948 0.0301388 0.0376714 0.0412746 0.0863199 0.0771752 0.113111 0.0741005 0.0525337 0.0229764 0.00759418 0.00175318 0 0 0
 0 0 0 0 0 0 0 0 0 0 0.00219441 0.00772107 0.0458388 0.0604681 0.0671733 0.0775358 0.0609151 0.0617685 0.073594 0.0568108 0.0755445 0.0548602 0.0670107 0.0636378 0.0643287 0.046367 0.0373049 0.0286899 0.0247887 0.0153202 0.00654259 0.00121912 0.000365735 0 0 0
 0 0 0 0 0 0 0 0 0 0 0 0 0.000112435 0.00938835 0.0111873 0.0202946 0.0414886 0.0713402 0.111592 0.104902 0.108894 0.110636 0.117776 0.105296 0.107544 0.0401394 0.0192827 0.0124803 0.00416011 0.0028671 0.000618394 0 0 0 0 0
 0 0 0 0 0 0 0 0 0 0 0.00291406 0.0102884 0.027416 0.0768956 0.0749926 0.110853 0.0956884 0.0897413 0.0766577 0.0534642 0.0500743 0.0551293 0.0594112 0.0620874 0.0668451 0.0424026 0.0208742 0.0120726 0.0048766 0.00582813 0.00118941 0.000297354 0 0 0 0
 0 0.00264628 0.0354308 0.0461629 0.0458689 0.0383711 0.0214643 0.0164657 0.0346957 0.0420465 0.0363128 0.0245516 0.0311673 0.0291091 0.0169068 0.0133784 0.00837989 0.0085269 0.0148486 0.0160247 0.0276389 0.0546898 0.0760071 0.122758 0.109233 0.0665981 0.0333725 0.0166128 0.00676272 0.00308733 0.000882094 0 0 0 0 0
 0 0 0 0 0 0 0 0.000805153 0.000690131 0.00759144 0.0133425 0.0154129 0.00931677 0.000345066 0.00356568 0.00563607 0.00851162 0.0253048 0.0502646 0.0516448 0.0657925 0.0565908 0.0611916 0.0827007 0.0866115 0.110766 0.145733 0.0935128 0.0569358 0.0249597 0.0138026 0.00621118 0.00161031 0.00115022 0 0
 0 0 0 0 0 0 0 0 0 0 0 0 0 0 0 0 0 0 0 0 0 0 0 0 0 0 0 0 0 0 0 0 0 0 0 0
 0.00147267 0.00158595 0.00478618 0.00569244 0.00954404 0.0108468 0.00647125 0.017049 0.0510054 0.094081 0.124002 0.0959785 0.0687766 0.0820023 0.061753 0.0591476 0.0492212 0.0479892 0.0443925 0.0268479 0.0217502 0.0140895 0.0121071 0.0120363 0.00920419 0.00665534 0.0049561 0.00860946 0.00930331 0.0156896 0.0114698 0.00855282 0.00243557 0.00046729 0 2.83206e-05
 0 0 0 0 0.000772559 0.00158375 0.000888443 0.00281984 0.00712685 0.0440552 0.0773331 0.111326 0.0921469 0.0852325 0.0710754 0.0886704 0.0786465 0.0553345 0.0373146 0.0185414 0.00753245 0.00457741 0.012979 0.0271748 0.0457355 0.0583668 0.034881 0.0177882 0.00938659 0.00492506 0.0015258 0.00185414 0.000309023 5.79419e-05 3.86279e-05 0
 0 0.00173294 0.00326652 0 0.00397197 0.00683976 0.00946217 0.0152591 0.00757587 0.0136028 0.0228656 0.0392903 0.0559909 0.0764795 0.0681675 0.0726916 0.0566044 0.0477403 0.0527397 0.0444891 0.0609904 0.0582453 0.0661739 0.0445044 0.0529084 0.0360697 0.0280645 0.0235558 0.0158879 0.00826598 0.00280645 0.00217768 0.000904811 0.00058276 9.20147e-05 0
 0 0 0 0 0 0 0 0 0 0 0 0 0 0 0 0 0 0 0 0 0 0 0 0 0 0 0 0 0 0 0 0 0 0 0 0
 0 0 0 0 0 0 0 0 0 0 0 0 0 0 0 0 0 0 0 0 0 0 0 0 0 0 0 0 0 0 0 0 0 0 0 0
 0 0 0 0 0 0 0 0 0 0 0 0 0 0 0 0 0 0 0 0 0 0 0 0 0 0 0 0 0 0 0 0 0 0 0 0
 0 0 0 0 0 0 0 0 0 0 0 0 0 0 0 0 0 0 0 0 0 0 0 0 0 0 0 0 0 0 0 0 0 0 0 0
 0 0 0 0 0 0 0 0 0 0 0 0 0 0 0 0 0 0 0 0 0 0 0 0 0 0 0 0 0 0 0 0 0 0 0 0
ppred_pel_tallas
 1.0064e-16 3.63641e-05 0.000213438 0.00101461 0.00390634 0.0121816 0.0307697 0.0629584 0.104359 0.140145 0.15249 0.13447 0.0961765 0.0559651 0.0268534 0.0113042 0.005318 0.00419741 0.0050679 0.00668028 0.00855003 0.0104163 0.012056 0.0132669 0.0139 0.0138919 0.0132771 0.0121746 0.010755 0.00919847 0.00765936 0.00624474 0.00501052 0.00397053 0.00311207 0.00241075
 1.00573e-16 3.38918e-05 0.000198918 0.000945567 0.00364049 0.0113525 0.0286756 0.0586742 0.0972593 0.130618 0.142141 0.125386 0.0897702 0.0524206 0.0254957 0.0113222 0.00620333 0.00578083 0.00737301 0.00978021 0.0124781 0.0151186 0.0173734 0.0189425 0.0196119 0.0193031 0.0180908 0.01618 0.0138524 0.0114 0.00906714 0.00701649 0.00532299 0.00398931 0.00297243 0.0022101
 1.00707e-16 3.14143e-05 0.000184368 0.000876386 0.0033741 0.0105218 0.0265773 0.0543814 0.0901454 0.121069 0.131765 0.116268 0.0833192 0.0488085 0.0240284 0.0111629 0.00681312 0.00695922 0.00911766 0.0121522 0.0155218 0.0188213 0.0216485 0.0236314 0.0245027 0.0241618 0.0226969 0.0203578 0.0174897 0.0144518 0.0115461 0.0089757 0.0068367 0.00513691 0.00382797 0.00283728
 1.00812e-16 3.43053e-05 0.000201348 0.000957123 0.00368499 0.0114913 0.0290261 0.0593912 0.098447 0.13221 0.143868 0.126893 0.0908159 0.0529635 0.025634 0.0111714 0.00582382 0.00517478 0.00651418 0.00864526 0.0110693 0.013478 0.015587 0.0171347 0.0179288 0.0178889 0.0170623 0.0156065 0.0137456 0.011716 0.00971902 0.00789371 0.00631123 0.00498725 0.0039024 0.00302216
 1.00881e-16 3.39596e-05 0.000199318 0.00094747 0.00364782 0.0113754 0.0287333 0.0587922 0.0974544 0.130878 0.14242 0.125623 0.0899191 0.0524659 0.0254404 0.0111676 0.00593742 0.00538057 0.00681377 0.00904731 0.0115774 0.0140843 0.0162702 0.0178613 0.0186579 0.0185787 0.0176775 0.0161243 0.0141581 0.0120295 0.00995061 0.00806555 0.00644555 0.0051023 0.00401039 0.00312904
 1.01063e-16 3.11728e-05 0.000182951 0.000869651 0.00334818 0.010441 0.0263731 0.0539634 0.0894523 0.120138 0.13075 0.115368 0.0826667 0.0484103 0.0238032 0.0110102 0.00665726 0.00675556 0.0088439 0.0118019 0.0151039 0.0183621 0.0211916 0.0232349 0.0242318 0.024078 0.0228476 0.020767 0.0181536 0.0153393 0.0126046 0.0101394 0.00803646 0.00630897 0.00492037 0.0038133
 1.00832e-16 3.58815e-05 0.000210605 0.00100114 0.00385448 0.0120199 0.0303611 0.0621225 0.102973 0.138285 0.150468 0.13269 0.0949124 0.0552466 0.0265409 0.0112284 0.00536635 0.00432232 0.0052612 0.00694906 0.00890338 0.0108595 0.0125881 0.0138801 0.0145811 0.0146238 0.0140418 0.012955 0.011536 0.00996737 0.0084053 0.00695784 0.00568142 0.00459037 0.00367301 0.00290683
 1.01013e-16 2.95006e-05 0.00017313 0.00082295 0.00316835 0.00988017 0.0249567 0.0510656 0.0846504 0.113694 0.12375 0.109223 0.0783322 0.0460105 0.0228807 0.0110155 0.00724535 0.00781083 0.0103814 0.0138708 0.0177274 0.0215055 0.0247503 0.0270393 0.0280684 0.0277227 0.0261022 0.0234895 0.0202753 0.0168653 0.0135994 0.010705 0.00828811 0.00635539 0.00485117 0.00369389
 1.00999e-16 3.4754e-05 0.000203984 0.000969659 0.00373326 0.0116418 0.0294063 0.060169 0.0997357 0.133939 0.145744 0.128536 0.091966 0.0535823 0.0258368 0.0110953 0.00554895 0.00471858 0.00586077 0.00777501 0.00997889 0.0121919 0.0141622 0.0156569 0.0165019 0.0166184 0.0160381 0.0148878 0.0133532 0.0116325 0.00989657 0.00826556 0.00680483 0.00553514 0.00444955 0.00352923
 1.01017e-16 3.14843e-05 0.00018478 0.000878348 0.00338166 0.0105454 0.0266369 0.0545031 0.0903467 0.121339 0.132056 0.116518 0.0834844 0.0488772 0.0240103 0.0110678 0.00663926 0.0066936 0.00874362 0.0116579 0.014908 0.0181066 0.0208717 0.0228494 0.0237838 0.0235756 0.0223029 0.020196 0.0175745 0.0147715 0.0120666 0.00964763 0.00760344 0.00594243 0.00462282 0.00358233
 1.01764e-16 2.58351e-05 0.000151606 0.000720616 0.00277433 0.0086514 0.021853 0.0447155 0.0741264 0.0995662 0.108391 0.0957127 0.0687406 0.0405741 0.020545 0.010505 0.00771665 0.00891793 0.0120781 0.0162248 0.0208163 0.0253687 0.0293675 0.0323252 0.0338811 0.0338822 0.0324135 0.0297652 0.0263513 0.0226089 0.0189103 0.015512 0.0125457 0.0100412 0.00796456 0.0062553
 1.02513e-16 2.70898e-05 0.000158978 0.000755677 0.00290934 0.00907246 0.0229164 0.046891 0.0777304 0.1044 0.113636 0.1003 0.0719411 0.0422741 0.0210575 0.0102013 0.00680491 0.00743027 0.00995523 0.0134033 0.0172894 0.0212228 0.0247959 0.0276166 0.0293829 0.0299468 0.0293388 0.0277458 0.0254521 0.0227652 0.019953 0.0172075 0.0146396 0.0122955 0.010184 0.00829903
 1.01495e-16 3.36739e-05 0.000197642 0.000939507 0.00361716 0.0112798 0.0284918 0.058298 0.0966349 0.129776 0.141219 0.124555 0.0891398 0.0519803 0.0251479 0.0109433 0.00568408 0.00503696 0.00634569 0.00844202 0.0108453 0.0132632 0.0154269 0.0170867 0.0180562 0.0182515 0.0177064 0.0165564 0.0149982 0.0132398 0.0114581 0.00977435 0.0082512 0.00690505 0.00572537 0.00469234
 1.00991e-16 3.03606e-05 0.000178181 0.000846966 0.00326082 0.0101685 0.025685 0.0525558 0.08712 0.117009 0.127352 0.112389 0.080572 0.0472651 0.0233913 0.0110729 0.00703688 0.00740638 0.00978195 0.013055 0.0166794 0.0202288 0.0232738 0.0254166 0.0263715 0.0260319 0.0244938 0.0220251 0.0189955 0.0157881 0.0127232 0.010014 0.00775857 0.00596103 0.00456647 0.00349591
 1.01037e-16 3.13343e-05 0.0001839 0.000874163 0.00336555 0.0104951 0.0265099 0.0542434 0.0899162 0.12076 0.131425 0.11596 0.083082 0.0486356 0.0238808 0.0109907 0.00657094 0.00661064 0.00863672 0.0115273 0.0147619 0.0179618 0.0207522 0.0227842 0.0238021 0.0237009 0.0225478 0.0205579 0.0180357 0.0153009 0.0126253 0.0101953 0.0081045 0.0063708 0.00496422 0.00383415
 1.01184e-16 3.14176e-05 0.00018439 0.000876494 0.00337453 0.0105231 0.0265806 0.054388 0.0901557 0.121081 0.131773 0.116263 0.0832896 0.048739 0.0238977 0.0109419 0.00646537 0.00644495 0.00840202 0.0112163 0.0143744 0.0175084 0.020256 0.0222792 0.0233294 0.0233023 0.0222591 0.0204031 0.0180235 0.0154244 0.0128646 0.0105215 0.00848493 0.00677366 0.00536188 0.00420526
 1.01675e-16 2.82551e-05 0.000165819 0.000788194 0.00303453 0.00946286 0.0239026 0.0489088 0.0810754 0.108893 0.118526 0.104618 0.0750391 0.0440968 0.0219683 0.010644 0.00709491 0.00772822 0.01032 0.013837 0.0177561 0.0216517 0.0250844 0.0276399 0.0290111 0.0290663 0.0278756 0.0256822 0.0228342 0.0196988 0.0165883 0.0137177 0.0111973 0.00905219 0.00725509 0.00575751
 1.01893e-16 3.06402e-05 0.000179827 0.000854805 0.00329103 0.0102627 0.0259229 0.0530421 0.0879245 0.118084 0.12851 0.113381 0.0812176 0.0475124 0.0232709 0.0106143 0.00622095 0.00617028 0.00805207 0.0107857 0.0138871 0.0170166 0.019839 0.0220367 0.0233683 0.0237193 0.0231226 0.021739 0.019808 0.0175867 0.0152967 0.0130949 0.0110681 0.00924784 0.00763267 0.00620877
 1.0192e-16 2.97252e-05 0.000174453 0.000829249 0.00319262 0.00995585 0.0251478 0.0514563 0.0852968 0.114558 0.124681 0.110021 0.0788521 0.0462113 0.0227875 0.0106526 0.00659774 0.00682794 0.00900308 0.012058 0.0154893 0.0189195 0.0219687 0.0242792 0.0255847 0.0257684 0.0248848 0.0231359 0.0208126 0.0182215 0.0156225 0.0131935 0.011025 0.00913786 0.00751187 0.00611186
 1.01591e-16 3.25826e-05 0.000191233 0.000909034 0.00349983 0.0109139 0.0275676 0.0564071 0.0935012 0.12557 0.136647 0.120537 0.0862934 0.0503799 0.024485 0.0108456 0.00590964 0.00549271 0.00702661 0.00937319 0.0120481 0.0147385 0.0171478 0.0189988 0.0200832 0.0203062 0.0197034 0.0184235 0.0166837 0.0147148 0.0127143 0.010819 0.00910152 0.00758311 0.00625481 0.00509646
 1.01621e-16 3.02278e-05 0.000177403 0.000843274 0.00324662 0.0101243 0.0255731 0.0523266 0.0867394 0.116495 0.126788 0.111878 0.0801784 0.0469787 0.0231471 0.0107884 0.00663652 0.00682942 0.00898458 0.0120167 0.0154132 0.0187908 0.0217659 0.0239793 0.0251661 0.0252142 0.0241871 0.022298 0.0198503 0.0171624 0.0145036 0.0120568 0.00991286 0.00808876 0.00655665 0.00527156
 1.02254e-16 2.74315e-05 0.000160984 0.00076521 0.00294604 0.0091869 0.0232055 0.0474825 0.0787112 0.105718 0.115071 0.10157 0.0728586 0.042826 0.0213555 0.0103825 0.00697013 0.00763546 0.0102249 0.0137412 0.0176813 0.0216353 0.0251772 0.0279008 0.0294999 0.0298335 0.0289524 0.0270727 0.0245118 0.0216081 0.018652 0.0158463 0.0132999 0.0110472 0.00907772 0.00736401
 1.0218e-16 3.11257e-05 0.000182679 0.000868366 0.00334325 0.0104256 0.0263342 0.0538835 0.0893187 0.119955 0.13054 0.11516 0.0824658 0.0481895 0.0235036 0.010554 0.00595737 0.00572556 0.00741111 0.00992705 0.0128036 0.0157271 0.0183936 0.0205143 0.0218677 0.0223445 0.0219664 0.020869 0.0192579 0.0173549 0.0153515 0.0133829 0.0115254 0.00980964 0.0082404 0.00681446
 1.01873e-16 3.06545e-05 0.00017991 0.000855196 0.00329253 0.0102674 0.0259347 0.0530664 0.0879651 0.11814 0.128573 0.113443 0.0812757 0.0475739 0.0233517 0.0107353 0.00640485 0.00643855 0.00842127 0.0112621 0.014461 0.0176577 0.020496 0.0226421 0.0238482 0.024007 0.023172 0.0215342 0.0193674 0.0169589 0.0145512 0.0123088 0.0103132 0.00858065 0.00708877 0.00580198
 1.03644e-16 1.74303e-05 0.000102252 0.000485958 0.00187079 0.00583373 0.0147359 0.0301544 0.0499948 0.0671734 0.0731818 0.0647508 0.0467856 0.0281824 0.0153199 0.00955078 0.00913405 0.011949 0.0166444 0.0224907 0.0289387 0.0353784 0.04112 0.0454988 0.0480156 0.0484465 0.0468849 0.0436981 0.0394192 0.0346132 0.0297619 0.0251979 0.0210949 0.0174998 0.0143839 0.0116899
 1.05683e-16 2.33567e-05 0.000137067 0.000651519 0.00250832 0.00782191 0.0197576 0.0404274 0.0670156 0.0900086 0.0979695 0.0864692 0.0620137 0.0364281 0.0181263 0.00875946 0.00583718 0.00641535 0.00869701 0.0118865 0.0156228 0.019629 0.0236034 0.0272318 0.0302373 0.0324259 0.0337097 0.0340993 0.0336754 0.0325514 0.0308438 0.0286588 0.0260942 0.02325 0.0202368 0.0171766
 1.04254e-16 2.86592e-05 0.000168198 0.000799521 0.00307817 0.00959897 0.0242463 0.0496115 0.082238 0.110448 0.1202 0.106053 0.0759754 0.0444603 0.0218042 0.0099951 0.00593211 0.00595563 0.00782042 0.0105262 0.0136315 0.0168295 0.0198162 0.0223005 0.0240568 0.0249702 0.0250537 0.0244285 0.0232798 0.0218016 0.0201529 0.0184359 0.0166985 0.0149532 0.013201 0.0114507
pSPR Fmed_Fpbrs
0.511359   0.6 0.325
Fs Fmed_Fpbrs
0.64   0.439917 1.48565
SSBpbr Bo_Bmed_Bpbrs
1.0314e+06  475848  567272 283636
Ro
39340.1
SPR SPRFo_SPRFmed_SPRFpbrs
812540 415499 264075
log_Ro
10.4
likeval ReclasPelacesDesembMPH_pf_preclas_ppelaces_ptallas_desvR_qrecl_qpela
 0.000918053 17.2311 0.016284 18.2575 320.651 210.645 54.5445 0 15.7706 1.65395e-05 2.46743e-05 1.50497e-14 0 0 0
q_reclas_q_pelaces
0.561977 2.02729
M
0.7
N
 35056 9469.31 3106.8 359.702 0.258353
 36720.7 15373.1 2137.67 515.301 58.3438
 16155.6 16266.7 3700.05 387.605 101.823
 21673.3 6267.63 1688.31 208.222 26.2976
 42010.4 10061.9 2030.93 462.962 63.507
 40292.7 20633.5 4659.9 915.258 236.772
 86519.2 18066.8 5363.13 940.346 228.069
 68395.1 40644.8 6310.32 1632.41 351.961
 111730 31223.5 11839.1 1492.01 461.856
 121302 50673.8 8724.96 2642.14 428.688
 66188.2 56730.1 17202.9 2552.66 888.426
 48346.6 29539.9 14315.4 3331.41 653.146
 56639.4 21876.9 8135.55 3130.93 856.449
 26427.1 24490.5 4516.34 1191.61 569.067
 15299.3 10699.3 3331.26 370.249 138.887
 14773.6 6345.72 1696.59 338.046 49.9457
 12089.9 6785.99 1921.89 423.502 95.4509
 15628.8 5608.53 2188.32 523.495 139.565
 18315.9 7399.51 2058.18 713.48 214.26
 30933.4 8754.38 2883.8 729.623 326.532
 40640.1 14793.5 3424.07 1027.41 373.616
 43326.3 19839 6591.11 1462.22 596.372
 71846.2 21065.8 8617.65 2717.06 845.249
 99218.5 34720.8 8804.32 3366.88 1384.7
 39891.2 47924 14463.6 3424.09 1838.32
 48104.4 19347.7 20493.2 5833.66 2113.08
 67303.6 23328.9 8268.15 8258.23 3188.11
pred_Ctot
 2968.56 3883.4 1581.78 185.454 0.13329
 2869.35 5936.03 1032.61 252.201 28.5747
 2578.01 10073.7 2642.38 278.942 73.3073
 1018.78 1604.99 562.4 70.4715 8.90774
 330.781 489.579 135.835 31.5872 4.33757
 2828.97 7336.91 2092.76 416.741 107.887
 3369.69 3932.93 1535.23 273.701 66.4414
 3988.17 12458.3 2479.43 650.978 140.466
 7002.13 10146.2 4904.5 627.067 194.259
 5096.25 11783.5 2656.9 817.843 132.81
 4849.77 20852.6 7956.77 1196.73 416.806
 3103.28 9785.06 6033.74 1424.36 279.467
 5307.72 9658.08 4413.54 1718.8 470.464
 3552.12 13734.7 2985.78 794.971 379.83
 1831.64 5580.62 2077.43 233.217 87.5305
 800.627 1831.32 630.959 127.643 18.8743
 574.528 1753.9 645.728 144.56 32.6089
 524.991 1071.22 553.67 134.746 35.9565
 494.935 1161.17 431.795 152.381 45.8037
 823.738 1355.53 597.296 153.849 68.9186
 496.181 1100.45 347.879 106.431 38.7434
 651.56 1801.11 813.877 184.042 75.1389
 1388.13 2423.18 1339.9 430.417 134.031
 1953.16 4064.46 1392.38 542.473 223.323
 669.479 4828.03 1976.82 476.936 256.315
 810.749 1956.99 2811.88 815.736 295.775
 1782.17 3593.65 1704.05 1732.77 669.577
F
 0.124324 0.788339 1.0966 1.11964 1.12088
 0.114222 0.724277 1.00749 1.02866 1.02979
 0.246869 1.56539 2.1775 2.22325 2.22571
 0.0673248 0.426906 0.593835 0.606314 0.606985
 0.0110019 0.0697628 0.0970416 0.0990807 0.0991904
 0.102093 0.647367 0.900502 0.919424 0.920442
 0.0554947 0.351891 0.489489 0.499774 0.500327
 0.0841299 0.533466 0.742064 0.757656 0.758495
 0.0906773 0.574983 0.799814 0.816621 0.817525
 0.0599802 0.380334 0.529053 0.540169 0.540767
 0.106761 0.676969 0.941679 0.961466 0.962531
 0.0929663 0.589498 0.820005 0.837235 0.838162
 0.138421 0.877728 1.22094 1.2466 1.24798
 0.204217 1.29493 1.80128 1.83913 1.84117
 0.180027 1.14155 1.58792 1.62129 1.62308
 0.07798 0.49447 0.687819 0.702272 0.703049
 0.0680849 0.431725 0.60054 0.613159 0.613838
 0.0477 0.302465 0.420736 0.429576 0.430052
 0.0382125 0.242305 0.337051 0.344134 0.344515
 0.0376477 0.238723 0.332069 0.339047 0.339422
 0.0171055 0.108466 0.150879 0.154049 0.154219
 0.0211067 0.133837 0.186171 0.190082 0.190293
 0.0271898 0.17241 0.239827 0.244866 0.245137
 0.0277092 0.175704 0.244408 0.249543 0.24982
 0.0235804 0.149523 0.207989 0.21236 0.212595
 0.0236816 0.150165 0.208882 0.213272 0.213508
 0.0374322 0.237357 0.330169 0.337106 0.33748
Np
 32151.2 15205.5 11732.9 2950.5 1246.53
YTP_r0W_actual
 18953.7 98162 66926 86840 37237.1
YTP_p0W_proyectada
 9054.27 135464 73959.1 31034.5 46307.4
 9054.27 63981 94971.3 31026.2 14559.4
CTP_r0_actual
 2311.43 4544.54 2131.4 2165.58 836.789
CTP_p0_proyectada
 1104.18 6271.5 2355.39 773.927 1040.61
 1104.18 2962.08 3024.57 773.721 327.178
Wmedp
 8.2 21.6 31.4 40.1 44.5
nmprior
 10.8 10.6 4.6 0
nm_flota  nm_reclas  nm_pelaces    nm_pelaL
inf 15.4122 18.6157 59.9558
cv_recla  cv_pelaces  cv_mph
0.874668 0.454723 0.570988
 ------------------------------------------------
Talla a la edad & desviaci?n 
 7.2 14.2025 17.0495 18.207 18.6776
 1.08 2.13037 2.55742 2.73105 2.80164
