years
 1997 1998 1999 2000 2001 2002 2003 2004 2005 2006 2007 2008 2009 2010 2011 2012 2013 2014 2015 2016 2017 2018 2019 2020 2021 2022 2023
reclasobs
 0 0 0 370054 412103 1.49427e+06 250295 1.28982e+06 931140 785840 897777 1.04006e+06 184774 17550 25797 100020 73551 82996 120727 218422 84188 347160 605670 569463 516374 1.08416e+06 1.01767e+06
reclaspred
 352273 87013.9 187489 120313 205041 249535 728329 514375 648218 662525 548612 387032 274545 143657 104068 96496.7 107682 150502 166218 243300 361872 317518 517903 677937 806232 734348 650324
pelacesobs
 0 0 0 0 0 0 0 0 0 2.06254e+06 1.5e+06 0 1.87456e+06 323000 250000 174000 83755 137374 0 501740 490994 745055 786931 1.00524e+06 1.33801e+06 1.41789e+06 0
pelacespred
 1.13146e+06 201199 296405 280029 428946 385917 1.57696e+06 1.19271e+06 1.41934e+06 1.43779e+06 1.04851e+06 775209 555413 241953 177106 177123 206639 290517 324198 467761 783269 672498 893030 1.30712e+06 1.53023e+06 1.53806e+06 1.29801e+06
mphobs
 0 0 0 0 0 0 112323 0 153150 637223 0 255016 313432 73983 77613 109348 50772 17779 17303 59886 28197 0 207744 136588 643089 65757 70829
mphpred
 137914 76463.8 76469.2 64600.1 74458.3 131035 223206 327583 291782 338990 346435 248457 159729 97284.5 51895.8 43661.6 43878.3 58598.2 32402.5 37188.1 59940.8 74049.5 84621.2 119959 158530 158254 134999
desembarqueobs
 350755 77701 442110 56441 14545 235359 269955 359681 431902 328805 639364 411747 362871 311530 167758 66681 60226 58785 57116 73181 50977 67692 138656 160484 209506 203330 245020
desembarquepred
 350778 77711.5 442256 56450 14545.5 235444 269991 359739 431920 328823 639565 411890 363017 311936 167919 66717.4 60260.1 58792.2 57113.1 73183.7 50978.7 67691.8 138665 160494 209521 203343 245023
Reclutas
 36740.8 38914.2 19161.9 25969.4 48189.1 45899.6 95304.2 74616.7 118819 125300 68010 47897.2 56237.3 27308.1 16747.5 16964.8 14304 18577.7 21700.9 36983.5 48464.2 51360.9 85332 118568 48103.6 58320.6 82264.7
log_desv_Rt
 -0.188356 -0.130885 -0.839322 -0.535324 0.0828877 0.0342106 0.764829 0.52012 0.985357 1.03847 0.42741 0.0768114 0.237336 -0.485063 -0.973994 -0.961102 -1.13171 -0.870285 -0.714891 -0.181773 0.088581 0.146633 0.654305 0.983238 0.0811115 0.27371 0.617698
SSB
 414342 229724 229741 194082 223699 393674 651511 972818 856072 997525 1.04082e+06 746452 495046 319840 175726 149402 156068 200066 258569 310451 476636 575009 674292 915659 1.31638e+06 1.34912e+06 1.0877e+06
BT
 1.51594e+06 348632 563342 362308 474621 601386 1.8877e+06 1.68443e+06 1.9243e+06 1.86461e+06 1.70219e+06 1.21018e+06 948613 551916 331423 246664 274699 360711 399136 564761 886731 790143 1.06343e+06 1.54558e+06 1.81497e+06 1.83964e+06 1.61864e+06
Ftot
 1.01599 0.906622 1.79979 0.436481 0.0742372 0.701363 0.379812 0.600445 0.646501 0.44589 0.818132 0.707413 1.04128 1.52966 1.27093 0.531576 0.459145 0.317679 0.257491 0.255581 0.118291 0.148792 0.191651 0.19423 0.166074 0.165732 0.254101
BD_Bspro_t
 0.904728 0.621718 0.510786 0.307348 0.459209 0.655786 0.633283 0.690241 0.628041 0.619221 0.602496 0.450172 0.357106 0.294495 0.20403 0.211566 0.285498 0.42808 0.554678 0.654357 0.761886 0.834701 0.831131 0.830638 0.841277 0.802644 0.763602
BD_Bspro
 0.452271 0.250754 0.250771 0.211848 0.244177 0.429712 0.711151 1.06187 0.934437 1.08884 1.13609 0.814783 0.540363 0.349118 0.191812 0.163078 0.170355 0.218381 0.282239 0.33887 0.520267 0.627646 0.736018 0.999479 1.43688 1.47262 1.18727
BD_Bo
 0.327957 0.18183 0.181843 0.153618 0.177061 0.311599 0.51568 0.77 0.677593 0.789556 0.82382 0.590827 0.391836 0.253158 0.139089 0.118254 0.12353 0.158355 0.204661 0.245726 0.377264 0.455128 0.533712 0.724757 1.04193 1.06785 0.860933
BD_Brms
 0.596286 0.3306 0.330624 0.279306 0.321929 0.566543 0.937601 1.4 1.23199 1.43556 1.49785 1.07423 0.712429 0.460287 0.25289 0.215006 0.2246 0.287919 0.372112 0.446775 0.685934 0.827505 0.970386 1.31774 1.89442 1.94154 1.56533
S_f
 0.126216 0.732942 0.981184 0.998992 0.999947
 0.126216 0.732942 0.981184 0.998992 0.999947
 0.126216 0.732942 0.981184 0.998992 0.999947
 0.126216 0.732942 0.981184 0.998992 0.999947
 0.126216 0.732942 0.981184 0.998992 0.999947
 0.126216 0.732942 0.981184 0.998992 0.999947
 0.126216 0.732942 0.981184 0.998992 0.999947
 0.126216 0.732942 0.981184 0.998992 0.999947
 0.126216 0.732942 0.981184 0.998992 0.999947
 0.126216 0.732942 0.981184 0.998992 0.999947
 0.126216 0.732942 0.981184 0.998992 0.999947
 0.126216 0.732942 0.981184 0.998992 0.999947
 0.126216 0.732942 0.981184 0.998992 0.999947
 0.126216 0.732942 0.981184 0.998992 0.999947
 0.126216 0.732942 0.981184 0.998992 0.999947
 0.126216 0.732942 0.981184 0.998992 0.999947
 0.126216 0.732942 0.981184 0.998992 0.999947
 0.126216 0.732942 0.981184 0.998992 0.999947
 0.126216 0.732942 0.981184 0.998992 0.999947
 0.126216 0.732942 0.981184 0.998992 0.999947
 0.126216 0.732942 0.981184 0.998992 0.999947
 0.126216 0.732942 0.981184 0.998992 0.999947
 0.126216 0.732942 0.981184 0.998992 0.999947
 0.126216 0.732942 0.981184 0.998992 0.999947
 0.126216 0.732942 0.981184 0.998992 0.999947
 0.126216 0.732942 0.981184 0.998992 0.999947
 0.126216 0.732942 0.981184 0.998992 0.999947
Scru_reclas
 0.943888 1 1 1 1
 0.943888 1 1 1 1
 0.943888 1 1 1 1
 0.943888 1 1 1 1
 0.943888 1 1 1 1
 0.943888 1 1 1 1
 0.943888 1 1 1 1
 0.943888 1 1 1 1
 0.943888 1 1 1 1
 0.943888 1 1 1 1
 0.943888 1 1 1 1
 0.943888 1 1 1 1
 0.943888 1 1 1 1
 0.943888 1 1 1 1
 0.943888 1 1 1 1
 0.943888 1 1 1 1
 0.943888 1 1 1 1
 0.943888 1 1 1 1
 0.943888 1 1 1 1
 0.943888 1 1 1 1
 0.943888 1 1 1 1
 0.943888 1 1 1 1
 0.943888 1 1 1 1
 0.943888 1 1 1 1
 0.943888 1 1 1 1
 0.943888 1 1 1 1
 0.943888 1 1 1 1
Scru_pelaces
 1 1 1 1 1
 1 1 1 1 1
 1 1 1 1 1
 1 1 1 1 1
 1 1 1 1 1
 1 1 1 1 1
 1 1 1 1 1
 1 1 1 1 1
 1 1 1 1 1
 1 1 1 1 1
 1 1 1 1 1
 1 1 1 1 1
 1 1 1 1 1
 1 1 1 1 1
 1 1 1 1 1
 1 1 1 1 1
 1 1 1 1 1
 1 1 1 1 1
 1 1 1 1 1
 1 1 1 1 1
 1 1 1 1 1
 1 1 1 1 1
 1 1 1 1 1
 1 1 1 1 1
 1 1 1 1 1
 1 1 1 1 1
 1 1 1 1 1
pf_obs 
 0.256992 0.487395 0.22802 0.0275931 0
 0.321318 0.546541 0.124235 0.00734118 0.000564706
 0.182869 0.594174 0.210203 0.0122559 0.00049798
 0.330522 0.361315 0.267642 0.0388342 0.00168674
 0.649043 0.306663 0.0425973 0.00169635 0
 0.582887 0.30429 0.105238 0.00758474 0
 0.465427 0.430635 0.0974691 0.00646863 0
 0.296916 0.608066 0.0921331 0.00288517 0
 0.311714 0.524322 0.152257 0.0117073 0
 0.15457 0.633149 0.183074 0.0267441 0.00246327
 0.131901 0.49318 0.331252 0.0422183 0.00144891
 0.196976 0.569456 0.194076 0.0375587 0.00193317
 0.518974 0.381816 0.0799577 0.0180837 0.00116848
 0.0928022 0.601141 0.25162 0.0475244 0.00691264
 0.122501 0.610282 0.24278 0.0234846 0.000952079
 0.383417 0.481906 0.127806 0.00687128 0
 0.0376549 0.599619 0.316969 0.0457579 0
 0.0361596 0.667082 0.258105 0.0386534 0
 0.158088 0.579412 0.248529 0.0139706 0
 0.0477256 0.309471 0.559284 0.082774 0.000745712
 0.0406174 0.521527 0.379366 0.0568643 0.0016247
 0.151134 0.462217 0.34131 0.0453401 0
 0.294876 0.26143 0.354403 0.0886775 0.000613685
 0.281977 0.475581 0.204845 0.0348837 0.00271318
 0.0841818 0.532909 0.334909 0.0458182 0.00218182
 0.115287 0.27431 0.454777 0.147771 0.00785563
 0 0 0 0 0
pf_pred 
 0.365278 0.437927 0.176221 0.0205579 1.61281e-05
 0.299057 0.571285 0.100567 0.026127 0.00296358
 0.180871 0.622506 0.17131 0.0197557 0.00555766
 0.312273 0.472815 0.182685 0.0282199 0.00400746
 0.332282 0.479121 0.142538 0.0392792 0.00677967
 0.222554 0.558738 0.169074 0.0376779 0.0119556
 0.359112 0.413523 0.17964 0.0371032 0.0106214
 0.202831 0.610752 0.133887 0.0416895 0.01084
 0.300075 0.427262 0.225351 0.0342093 0.0131033
 0.246807 0.554206 0.138436 0.0502563 0.0102952
 0.139115 0.568859 0.233109 0.041265 0.0176523
 0.146861 0.453312 0.298108 0.0816328 0.0200872
 0.241985 0.42043 0.211618 0.0945223 0.0314444
 0.168191 0.609506 0.147317 0.0475249 0.0274608
 0.188199 0.53634 0.227305 0.0323021 0.0158537
 0.23778 0.502925 0.197027 0.0516727 0.010596
 0.187553 0.532672 0.205813 0.0565108 0.0174519
 0.229634 0.442787 0.239028 0.0655232 0.0230277
 0.220547 0.488831 0.189515 0.0741876 0.0269199
 0.283293 0.433873 0.197511 0.0560265 0.0292964
 0.247713 0.511473 0.163295 0.0544603 0.0230584
 0.194475 0.501171 0.225497 0.0537909 0.025065
 0.255249 0.41332 0.228664 0.0765133 0.0262543
 0.251784 0.484547 0.16592 0.0678422 0.0299061
 0.087531 0.580975 0.23691 0.0599464 0.0346374
 0.129396 0.288447 0.409664 0.123948 0.0485454
 0.197027 0.368966 0.174426 0.183697 0.0758835
pobs_RECLAS
 0 0 0 0 0
 0 0 0 0 0
 0 0 0 0 0
 0 0 0 0 0
 0.835266 0.146461 0.0176864 0.000547809 3.91292e-05
 0.385257 0.428462 0.181853 0.0044286 0
 0.867414 0.0963971 0.0333333 0.00285562 0
 0.441836 0.489002 0.0689373 0.000224442 0
 0.779404 0.147425 0.0564933 0.0165055 0.000172143
 0.814271 0.122319 0.05973 0.00367925 0
 0.40263 0.566651 0.0304383 0.000280538 0
 0.475488 0.404961 0.113038 0.00651328 0
 0.955842 0.0263864 0.0167828 0.000988607 0
 0.975058 0.0227948 0.00214734 0 0
 0.738997 0.206755 0.0527124 0.00153531 0
 0.850938 0.134255 0.0134407 0.00136685 0
 0.542534 0.407297 0.0501686 0 0
 0.764087 0.199537 0.0359546 0.000420521 0
 0.470689 0.182191 0.310203 0.0369168 0
 0.84361 0.089868 0.0606195 0.00523954 0.000663233
 0.607945 0.314616 0.071237 0.00620181 0
 0.523733 0.453247 0.0230204 0 0
 0.530135 0.295979 0.169645 0.0042399 0
 0.562478 0.366248 0.0663022 0.0049721 0
 0.250443 0.683176 0.0655157 0.000865301 0
 0.195077 0.31981 0.436473 0.0351445 0.0134964
 0.565238 0.351407 0.0832357 0.000118908 0
ppred_RECLAS
 0.785154 0.162207 0.0472355 0.00539897 4.23101e-06
 0.721286 0.239378 0.0306474 0.00780403 0.000884269
 0.598024 0.3301 0.0628172 0.00707224 0.00198701
 0.734311 0.198961 0.056881 0.00862372 0.00122342
 0.746791 0.195921 0.0434891 0.0117697 0.00202952
 0.637452 0.28196 0.0625751 0.0136769 0.00433538
 0.774858 0.160143 0.0515573 0.0104527 0.0029893
 0.604907 0.322931 0.0521085 0.0159183 0.00413484
 0.730253 0.183826 0.0712512 0.0106102 0.0040599
 0.663266 0.266386 0.0492216 0.0175374 0.00358903
 0.504619 0.360733 0.107916 0.0187296 0.00800369
 0.528138 0.287102 0.138439 0.0371809 0.0091396
 0.679857 0.203147 0.0739078 0.0323409 0.010747
 0.571614 0.341429 0.0580725 0.0183149 0.0105699
 0.603585 0.290308 0.0878896 0.0122247 0.00599295
 0.658297 0.247854 0.0716372 0.0184354 0.00377655
 0.58693 0.297936 0.0851202 0.0229375 0.00707658
 0.650686 0.225885 0.0905168 0.024359 0.00855241
 0.634557 0.253933 0.0731851 0.0281283 0.0101968
 0.709316 0.196153 0.0663841 0.0184884 0.0096582
 0.664054 0.24904 0.0592785 0.0194147 0.00821223
 0.595937 0.278596 0.0934019 0.0218792 0.0101853
 0.68154 0.199839 0.0823077 0.0270433 0.00927049
 0.671762 0.234067 0.0596662 0.0239556 0.0105499
 0.368749 0.443675 0.134762 0.0334846 0.0193289
 0.497932 0.201215 0.212864 0.063243 0.0247457
 0.613266 0.20738 0.0728864 0.0753654 0.0311024
pobs_PELACES
 0 0 0 0 0
 0 0 0 0 0
 0 0 0 0 0
 0 0 0 0 0
 0 0 0 0 0
 0 0 0 0 0
 0 0 0 0 0
 0 0 0 0 0
 0 0 0 0 0
 0 0 0 0 0
 0.450072 0.473896 0.0757376 0.000293798 0
 0 0 0 0 0
 0.463077 0.371075 0.160297 0.00555027 0
 0.529543 0.364841 0.0842815 0.0213345 0
 0.631943 0.363953 0.00410389 0 0
 0.735681 0.248677 0.0153453 0.000297389 0
 0.695825 0.281241 0.0229344 0 0
 0.275771 0.60734 0.115278 0.00161068 0
 0 0 0 0 0
 0.896147 0.0623911 0.0374545 0.00400742 0
 0.803859 0.145111 0.0509908 3.86294e-05 0
 0.739449 0.233085 0.0266225 0.000797448 4.60066e-05
 0.878498 0.100942 0.0204185 0.000141795 0
 0.694673 0.275183 0.0284847 0.00165964 0
 0.469039 0.446079 0.0841089 0.000773354 0
 0.822795 0.102175 0.0682046 0.00682512 0
 0 0 0 0 0
ppred_PELACES
 0.828783 0.131866 0.0353333 0.00401452 3.14505e-06
 0.768602 0.2008 0.0238681 0.00604547 0.000684811
 0.698542 0.253829 0.0416815 0.00464332 0.00130384
 0.763271 0.178868 0.0493405 0.00746136 0.00105838
 0.760528 0.18555 0.0409375 0.0110743 0.00190956
 0.684641 0.248392 0.0520474 0.0113291 0.00359036
 0.798792 0.144415 0.0450695 0.009117 0.002607
 0.648602 0.289807 0.044519 0.0135519 0.0035195
 0.7685 0.160429 0.0589749 0.0087488 0.00334697
 0.696902 0.241627 0.0430452 0.0152967 0.00313002
 0.564158 0.32315 0.0904056 0.0156153 0.00667116
 0.582914 0.259598 0.118129 0.0315945 0.00776465
 0.740865 0.169633 0.0566686 0.024646 0.00818726
 0.663115 0.275231 0.0412996 0.0129085 0.00744619
 0.681306 0.239812 0.0654234 0.00903211 0.00442608
 0.696749 0.222612 0.0615998 0.0158029 0.00323672
 0.625158 0.273226 0.0751791 0.0202041 0.00623237
 0.679768 0.209013 0.0816043 0.0219196 0.00769517
 0.66098 0.23712 0.066913 0.0256788 0.00930803
 0.732607 0.181687 0.0602142 0.0167449 0.0087467
 0.682525 0.23595 0.055621 0.0182041 0.00769989
 0.617734 0.264581 0.0876286 0.0205089 0.00954689
 0.703271 0.187313 0.0759468 0.0249252 0.00854391
 0.693697 0.219445 0.055056 0.0220794 0.00972301
 0.391149 0.429692 0.128751 0.0319599 0.0184478
 0.52272 0.192872 0.201287 0.0597451 0.0233758
 0.640997 0.194447 0.0669328 0.0691061 0.0285169
pobs_pel_tallas
 0 0 0 0 0 0 0 0 0 0 0 0 0 0 0 0 0 0 0 0 0 0 0 0 0 0 0 0 0 0 0 0 0 0 0 0
 0 0 0 0 0 0 0 0 0 0 0 0 0 0 0 0 0 0 0 0 0 0 0 0 0 0 0 0 0 0 0 0 0 0 0 0
 0 0 0 0 0 0 0 0 0 0 0 0 0 0 0 0 0 0 0 0 0 0 0 0 0 0 0 0 0 0 0 0 0 0 0 0
 0 0 0 0 0 0 0 0 0 0 0 0 0 0 0 0 0 0 0 0 0 0 0 0 0 0 0 0 0 0 0 0 0 0 0 0
 0 0 0 0 0 0 0 0 0 0 0 0 0 0 0 0 0 0 0 0 0 0 0 0 0 0 0 0 0 0 0 0 0 0 0 0
 0 0 0 0 0 0 0 0 0 0 0 0 0 0 0 0 0 0 0 0 0 0 0 0 0 0 0 0 0 0 0 0 0 0 0 0
 0 0 0 0 0 0 0 0 0 0 0 0 0 0 0 0 0 0 0 0 0 0 0 0 0 0 0 0 0 0 0 0 0 0 0 0
 0 0 0 0 0 0 0 0 0 0 0 0 0 0 0 0 0 0 0 0 0 0 0 0 0 0 0 0 0 0 0 0 0 0 0 0
 0 0 0 0 0 0 0 0 0 0 0 0 0 0 0 0 0 0 0 0 0 0 0 0 0 0 0 0 0 0 0 0 0 0 0 0
 0 0 0 0 0 0 0 0 0 0 0 0 0 0 0 0 0 0 0 0 0 0 0 0 0 0 0 0 0 0 0 0 0 0 0 0
 0 0 0 0 0 0 0 0 1.78061e-05 0.00172719 0.00360574 0.0105946 0.0120993 0.0124554 0.0147524 0.0171206 0.0266825 0.0428682 0.0675386 0.121331 0.153587 0.119568 0.100827 0.0573624 0.0630603 0.0341343 0.0324427 0.0444173 0.0211091 0.0280891 0.0125444 0.00206551 0 0 0 0
 0 0 0 0 0 0 0 0 0 0 0 0 0 0 0 0 0 0 0 0 0 0 0 0 0 0 0 0 0 0 0 0 0 0 0 0
 0 0 0 0 0 0 0.0133647 0.0140871 0.0187388 0.0205184 0.03894 0.0496705 0.03968 0.0493445 0.0407372 0.0367815 0.0215668 0.0243155 0.0234873 0.0199281 0.019796 0.0243948 0.0301388 0.0376714 0.0412746 0.0863199 0.0771752 0.113111 0.0741005 0.0525337 0.0229764 0.00759418 0.00175318 0 0 0
 0 0 0 0 0 0 0 0 0 0 0.00219441 0.00772107 0.0458388 0.0604681 0.0671733 0.0775358 0.0609151 0.0617685 0.073594 0.0568108 0.0755445 0.0548602 0.0670107 0.0636378 0.0643287 0.046367 0.0373049 0.0286899 0.0247887 0.0153202 0.00654259 0.00121912 0.000365735 0 0 0
 0 0 0 0 0 0 0 0 0 0 0 0 0.000112435 0.00938835 0.0111873 0.0202946 0.0414886 0.0713402 0.111592 0.104902 0.108894 0.110636 0.117776 0.105296 0.107544 0.0401394 0.0192827 0.0124803 0.00416011 0.0028671 0.000618394 0 0 0 0 0
 0 0 0 0 0 0 0 0 0 0 0.00291406 0.0102884 0.027416 0.0768956 0.0749926 0.110853 0.0956884 0.0897413 0.0766577 0.0534642 0.0500743 0.0551293 0.0594112 0.0620874 0.0668451 0.0424026 0.0208742 0.0120726 0.0048766 0.00582813 0.00118941 0.000297354 0 0 0 0
 0 0.00264628 0.0354308 0.0461629 0.0458689 0.0383711 0.0214643 0.0164657 0.0346957 0.0420465 0.0363128 0.0245516 0.0311673 0.0291091 0.0169068 0.0133784 0.00837989 0.0085269 0.0148486 0.0160247 0.0276389 0.0546898 0.0760071 0.122758 0.109233 0.0665981 0.0333725 0.0166128 0.00676272 0.00308733 0.000882094 0 0 0 0 0
 0 0 0 0 0 0 0 0.000805153 0.000690131 0.00759144 0.0133425 0.0154129 0.00931677 0.000345066 0.00356568 0.00563607 0.00851162 0.0253048 0.0502646 0.0516448 0.0657925 0.0565908 0.0611916 0.0827007 0.0866115 0.110766 0.145733 0.0935128 0.0569358 0.0249597 0.0138026 0.00621118 0.00161031 0.00115022 0 0
 0 0 0 0 0 0 0 0 0 0 0 0 0 0 0 0 0 0 0 0 0 0 0 0 0 0 0 0 0 0 0 0 0 0 0 0
 0.00147267 0.00158595 0.00478618 0.00569244 0.00954404 0.0108468 0.00647125 0.017049 0.0510054 0.094081 0.124002 0.0959785 0.0687766 0.0820023 0.061753 0.0591476 0.0492212 0.0479892 0.0443925 0.0268479 0.0217502 0.0140895 0.0121071 0.0120363 0.00920419 0.00665534 0.0049561 0.00860946 0.00930331 0.0156896 0.0114698 0.00855282 0.00243557 0.00046729 0 2.83206e-05
 0 0 0 0 0.000772559 0.00158375 0.000888443 0.00281984 0.00712685 0.0440552 0.0773331 0.111326 0.0921469 0.0852325 0.0710754 0.0886704 0.0786465 0.0553345 0.0373146 0.0185414 0.00753245 0.00457741 0.012979 0.0271748 0.0457355 0.0583668 0.034881 0.0177882 0.00938659 0.00492506 0.0015258 0.00185414 0.000309023 5.79419e-05 3.86279e-05 0
 0 0.00173294 0.00326652 0 0.00397197 0.00683976 0.00946217 0.0152591 0.00757587 0.0136028 0.0228656 0.0392903 0.0559909 0.0764795 0.0681675 0.0726916 0.0566044 0.0477403 0.0527397 0.0444891 0.0609904 0.0582453 0.0661739 0.0445044 0.0529084 0.0360697 0.0280645 0.0235558 0.0158879 0.00826598 0.00280645 0.00217768 0.000904811 0.00058276 9.20147e-05 0
 0 0 0 0 0 0 0 0 0 0 0 0 0 0 0 0 0 0 0 0 0 0 0 0 0 0 0 0 0 0 0 0 0 0 0 0
 0 0 0 0 0 0 0 0 0 0 0 0 0 0 0 0 0 0 0 0 0 0 0 0 0 0 0 0 0 0 0 0 0 0 0 0
 0 0 0 0 0 0 0 0 0 0 0 0 0 0 0 0 0 0 0 0 0 0 0 0 0 0 0 0 0 0 0 0 0 0 0 0
 0 0 0 0 0 0 0 0 0 0 0 0 0 0 0 0 0 0 0 0 0 0 0 0 0 0 0 0 0 0 0 0 0 0 0 0
 0 0 0 0 0 0 0 0 0 0 0 0 0 0 0 0 0 0 0 0 0 0 0 0 0 0 0 0 0 0 0 0 0 0 0 0
ppred_pel_tallas
 1.00683e-16 3.61569e-05 0.000212222 0.00100883 0.00388407 0.0121122 0.0305943 0.0625995 0.103764 0.139346 0.151622 0.133706 0.0956342 0.0556574 0.0267208 0.0112742 0.00534297 0.00425752 0.00516036 0.00680885 0.00871914 0.0106284 0.0123104 0.0135594 0.0142232 0.0142362 0.0136321 0.0125299 0.0111013 0.00952808 0.00796605 0.00652388 0.00525887 0.00418627 0.00329471 0.00256118
 1.00645e-16 3.35355e-05 0.000196825 0.000935617 0.00360217 0.011233 0.0283738 0.0580567 0.0962361 0.129244 0.140648 0.124073 0.0888391 0.0518948 0.0252737 0.011281 0.00626231 0.00590775 0.00756451 0.0100433 0.0128196 0.0155402 0.0178694 0.0194998 0.0202115 0.0199227 0.0187083 0.0167761 0.0144127 0.0119152 0.00953247 0.0074305 0.00568625 0.00430346 0.00323971 0.00243324
 1.00895e-16 3.04827e-05 0.000178898 0.000850378 0.00327396 0.0102095 0.0257885 0.0527675 0.0874707 0.117479 0.127862 0.112835 0.0808834 0.0474304 0.023441 0.0110433 0.00694881 0.00726392 0.009581 0.0127919 0.0163568 0.0198591 0.0228793 0.0250278 0.0260224 0.0257531 0.0243065 0.0219367 0.0189978 0.0158596 0.0128341 0.0101323 0.00785637 0.00601865 0.00457451 0.00345485
 1.01065e-16 3.33022e-05 0.000195458 0.00092912 0.00357716 0.0111551 0.0281768 0.0576535 0.0955671 0.128344 0.139665 0.123195 0.0881899 0.0514735 0.0249906 0.0110246 0.0059416 0.00546091 0.00695452 0.00925719 0.0118737 0.0144861 0.0167953 0.0185231 0.019463 0.0195247 0.0187515 0.0173023 0.0154065 0.0133073 0.0112132 0.00926922 0.00755216 0.00608285 0.00484736 0.00381688
 1.01112e-16 3.31828e-05 0.000194757 0.000925784 0.00356432 0.011115 0.0280756 0.0574465 0.0952243 0.127884 0.139166 0.122759 0.0878857 0.0513121 0.0249423 0.011054 0.00602859 0.0056018 0.00715378 0.00951903 0.0121962 0.0148583 0.0171957 0.0189223 0.0198278 0.0198238 0.0189623 0.0174149 0.0154254 0.0132499 0.0111054 0.00914016 0.00742829 0.00598414 0.0047852 0.00379415
 1.01377e-16 2.98764e-05 0.000175339 0.000833458 0.00320882 0.0100064 0.0252754 0.0517175 0.0857302 0.115142 0.125318 0.110591 0.0792769 0.0464925 0.0229856 0.0108437 0.00684568 0.00717856 0.00948654 0.0126882 0.016259 0.0197952 0.0228883 0.0251563 0.0263189 0.0262604 0.0250532 0.0229313 0.0202253 0.0172819 0.0143949 0.0117641 0.00948869 0.00758627 0.00602357 0.00474673
 1.01123e-16 3.48496e-05 0.000204546 0.000972332 0.00374356 0.0116739 0.0294874 0.0603349 0.100011 0.134308 0.146144 0.128886 0.0922104 0.0537126 0.0258769 0.0110738 0.00548164 0.00460782 0.00570159 0.00756161 0.00970926 0.0118707 0.0138019 0.0152777 0.0161292 0.0162798 0.0157588 0.0146873 0.0132425 0.0116137 0.00996296 0.00840407 0.0069982 0.00576445 0.00469632 0.00377706
 1.01357e-16 2.83066e-05 0.000166119 0.000789617 0.00304 0.00947992 0.0239457 0.0489971 0.0812224 0.109092 0.118747 0.104823 0.0752079 0.0442396 0.0221197 0.0108487 0.00739764 0.00816882 0.0109289 0.0146284 0.0187183 0.0227403 0.0262204 0.0287158 0.0299054 0.0296641 0.0280895 0.0254689 0.0222022 0.0187053 0.0153276 0.0123034 0.00974316 0.00765725 0.00599345 0.00467442
 1.01347e-16 3.35295e-05 0.000196794 0.000935475 0.00360164 0.0112314 0.0283696 0.0580478 0.0962202 0.12922 0.140613 0.124022 0.0887589 0.0517605 0.0250461 0.0109074 0.00567879 0.00504714 0.00636926 0.00848365 0.0109132 0.0133672 0.0155771 0.0172916 0.0183198 0.0185714 0.0180722 0.0169494 0.0153932 0.0136081 0.0117717 0.0100103 0.00839532 0.00695363 0.00568518 0.00457875
 1.01362e-16 3.04107e-05 0.000178476 0.000848375 0.00326626 0.0101855 0.0257278 0.0526432 0.0872643 0.117201 0.127557 0.11256 0.080673 0.0472809 0.0233189 0.0109059 0.00675748 0.00698775 0.00919718 0.0122882 0.0157361 0.0191443 0.0221156 0.0242799 0.0253671 0.0252686 0.0240595 0.0219717 0.0193304 0.0164751 0.0136914 0.0111714 0.00900755 0.00721163 0.00574578 0.00455278
 1.02237e-16 2.46259e-05 0.000144507 0.000686862 0.00264436 0.00824611 0.0208292 0.0426209 0.0706549 0.0949055 0.103323 0.0912513 0.0655665 0.0387613 0.0197397 0.0102785 0.00778063 0.00914716 0.0124472 0.0167497 0.0215231 0.0262802 0.0304973 0.0336753 0.0354409 0.0356296 0.034317 0.0317858 0.0284446 0.0247269 0.0210033 0.0175309 0.0144448 0.0117813 0.00951606 0.00760024
 1.0321e-16 2.54412e-05 0.000149299 0.000709658 0.00273215 0.0085199 0.0215207 0.0440353 0.0729975 0.0980459 0.106726 0.0942167 0.0676114 0.0397983 0.019952 0.00987961 0.00687178 0.00771246 0.0104158 0.0140624 0.0181826 0.0223831 0.0262463 0.0293662 0.0314256 0.032261 0.0318893 0.0304851 0.0283225 0.025701 0.0228833 0.0200598 0.0173443 0.0147918 0.0124241 0.0102522
 1.0209e-16 3.23248e-05 0.000189721 0.000901846 0.00347216 0.0108276 0.0273496 0.055961 0.0927616 0.124576 0.135564 0.119578 0.0855986 0.049958 0.0242499 0.010691 0.00575584 0.0052927 0.00675648 0.00902461 0.0116274 0.0142685 0.0166689 0.0185664 0.0197616 0.0201593 0.0197845 0.018766 0.0172958 0.0155784 0.0137877 0.0120441 0.0104115 0.00891071 0.00753935 0.00628869
 1.01468e-16 2.89388e-05 0.000169832 0.000807272 0.00310799 0.00969192 0.0244812 0.0500927 0.0830378 0.111528 0.121394 0.107147 0.0768494 0.0451523 0.0224779 0.0108623 0.00719929 0.00780442 0.0103942 0.0139043 0.0177933 0.0216217 0.0249392 0.027326 0.0284778 0.0282762 0.0268137 0.0243621 0.0212997 0.0180193 0.0148495 0.0120096 0.00960194 0.00763385 0.00605451 0.00479047
 1.01525e-16 2.97306e-05 0.000174484 0.000829395 0.00319318 0.00995759 0.0251522 0.0514654 0.0853121 0.114579 0.124705 0.110047 0.0788796 0.0462455 0.0228378 0.010732 0.00672135 0.0070119 0.00926223 0.0124025 0.0159206 0.0194265 0.0225261 0.0248479 0.0261157 0.0262087 0.0251855 0.023259 0.0207362 0.0179422 0.0151552 0.0125682 0.0102822 0.00832371 0.0066729 0.00529063
 1.01642e-16 3.04033e-05 0.000178435 0.000848181 0.00326551 0.0101832 0.025722 0.0526311 0.0872437 0.117172 0.127521 0.112519 0.0806234 0.0472112 0.0232094 0.0107304 0.00648515 0.006587 0.00864147 0.0115644 0.0148535 0.0181416 0.0210628 0.0232726 0.0245141 0.0246734 0.0238016 0.0220916 0.0198227 0.017291 0.0147492 0.012372 0.0102509 0.00841056 0.00683463 0.00549096
 1.02142e-16 2.72837e-05 0.000160115 0.000761077 0.00293012 0.00913726 0.0230801 0.0472261 0.0782865 0.105149 0.114454 0.101032 0.0724868 0.042636 0.0213134 0.0104487 0.00712516 0.00788065 0.0105715 0.0141985 0.0182477 0.0222932 0.0258908 0.0286189 0.0301626 0.0303821 0.0293396 0.0272708 0.0245171 0.0214397 0.0183465 0.0154497 0.0128599 0.0106057 0.00866692 0.00700435
 1.0234e-16 2.96623e-05 0.000174086 0.000827507 0.00318592 0.00993497 0.025095 0.0513482 0.085117 0.114315 0.124411 0.109772 0.0786493 0.0460437 0.0226149 0.0104231 0.00625987 0.00633636 0.00832307 0.0111731 0.0144115 0.0176971 0.0206887 0.0230608 0.0245633 0.0250734 0.0246162 0.0233458 0.0214963 0.0193198 0.0170349 0.0147965 0.0126926 0.0107584 0.00899961 0.00741143
 1.02345e-16 2.88442e-05 0.00016928 0.000804656 0.00309793 0.00966056 0.0244019 0.0499302 0.0827675 0.111162 0.120988 0.10677 0.0765385 0.0448887 0.0221975 0.0104819 0.00663506 0.00698068 0.0092512 0.0124116 0.0159663 0.0195362 0.0227357 0.0252002 0.0266557 0.0269781 0.026216 0.0245666 0.0223162 0.0197677 0.0171781 0.0147233 0.0124936 0.0105125 0.0087648 0.00722272
 1.01899e-16 3.19652e-05 0.000187608 0.000891801 0.00343348 0.010707 0.027045 0.0553378 0.0917289 0.123191 0.134059 0.118258 0.0846714 0.0494515 0.0240686 0.010721 0.00592817 0.00558851 0.00718489 0.00960068 0.0123576 0.0151425 0.0176558 0.0196159 0.0208096 0.0211369 0.0206286 0.0194287 0.0177502 0.0158202 0.013833 0.0119238 0.0101649 0.00857978 0.00716364 0.0059021
 1.01852e-16 2.97836e-05 0.000174795 0.000830876 0.00319888 0.00997539 0.0251971 0.0515573 0.0854643 0.114783 0.124926 0.110239 0.0790117 0.0463111 0.0228482 0.0106999 0.0066516 0.00690083 0.00910173 0.0121843 0.0156402 0.0190856 0.0221347 0.0244249 0.0256879 0.0258083 0.0248464 0.0230127 0.020608 0.0179484 0.015301 0.0128472 0.0106775 0.00880966 0.00721834 0.00586226
 1.02481e-16 2.69597e-05 0.000158213 0.000752038 0.00289532 0.00902874 0.022806 0.0466652 0.0773565 0.103899 0.113093 0.0998291 0.0716193 0.0421173 0.021039 0.0102902 0.00698895 0.00771559 0.0103555 0.0139278 0.0179335 0.0219621 0.0255847 0.0283915 0.0300719 0.0304812 0.0296668 0.0278417 0.0253209 0.0224406 0.0194895 0.0166692 0.0140891 0.011785 0.00974928 0.00795862
 1.02395e-16 3.06863e-05 0.000180099 0.000856102 0.00329602 0.0102783 0.0259623 0.0531225 0.0880573 0.118261 0.128699 0.113538 0.0813113 0.0475284 0.0232067 0.0104644 0.00596914 0.00579167 0.00752094 0.0100854 0.0130196 0.0160101 0.0187506 0.0209497 0.022382 0.0229348 0.022626 0.0215875 0.0200218 0.0181474 0.0161537 0.0141746 0.0122865 0.0105216 0.00888794 0.00738674
 1.02067e-16 3.027e-05 0.000177653 0.000844464 0.0032512 0.0101386 0.0256092 0.0524004 0.0868613 0.116658 0.126962 0.112024 0.080266 0.0469964 0.0230937 0.0106599 0.00641972 0.00650307 0.0085265 0.0114123 0.0146639 0.0179205 0.0208236 0.0230363 0.0243079 0.024528 0.0237474 0.0221551 0.0200226 0.0176355 0.0152349 0.012984 0.0109642 0.00919257 0.00764883 0.0063006
 1.03928e-16 1.70862e-05 0.000100232 0.000476355 0.00183382 0.00571844 0.0144447 0.0295585 0.0490071 0.065847 0.0717385 0.0634781 0.0458754 0.027653 0.0150666 0.00944586 0.00908856 0.0119196 0.0166171 0.0224656 0.0289239 0.0353873 0.041171 0.0456136 0.0482164 0.0487527 0.0473099 0.0442457 0.0400825 0.0353747 0.030595 0.0260704 0.0219723 0.0183494 0.0151774 0.0124062
 1.06066e-16 2.28139e-05 0.00013388 0.000636369 0.00244999 0.00764001 0.0192981 0.0394873 0.0654574 0.0879162 0.0956933 0.0844632 0.0605818 0.0356006 0.0177404 0.00861683 0.00580133 0.00642222 0.00872799 0.0119441 0.0157188 0.0197804 0.0238305 0.0275565 0.0306805 0.0330042 0.0344323 0.0349654 0.0346727 0.0336563 0.032023 0.0298727 0.0273011 0.0244098 0.0213149 0.018147
 1.04721e-16 2.7971e-05 0.000164158 0.000780314 0.00300422 0.00936835 0.0236637 0.0484196 0.0802625 0.107795 0.117316 0.103512 0.0741645 0.0434197 0.0213297 0.00983889 0.0059251 0.00602085 0.00793777 0.0107004 0.0138758 0.0171596 0.0202474 0.0228468 0.0247292 0.0257756 0.0259936 0.0254977 0.0244652 0.0230819 0.0214993 0.0198132 0.018068 0.016276 0.0144414 0.0125793
pSPR Fmed_Fpbrs
0.501762   0.6 0.325
Fs Fmed_Fpbrs
0.64   0.424711 1.40456
SSBpbr Bo_Bmed_Bpbrs
1.2634e+06  570756  694871 347435
Ro
44355.9
SPR SPRFo_SPRFmed_SPRFpbrs
916136 459682 297744
log_Ro
10.52
likeval ReclasPelacesDesembMPH_pf_preclas_ppelaces_ptallas_desvR_qrecl_qpela
 0.000909808 20.3352 0.019981 18.8504 323.041 212.445 54.6639 0 14.9703 3.052e-05 1.27243e-05 2.28766e-15 0 0 0
q_reclas_q_pelaces
0.457104 1.66112
M
0.7
N
 36740.8 9750.83 3221.12 371.516 0.291287
 38914.2 16049.1 2299.5 590.288 66.914
 19161.9 17234.8 4100.68 469.131 131.92
 25969.4 7581.88 2288.26 348.273 49.4189
 48189.1 12204.8 2734.22 740.464 127.687
 45899.6 23706.8 5739.76 1262.39 400.292
 95304.2 20862.1 7040.67 1432.26 409.677
 74616.7 45111.4 7842.45 2408.58 625.819
 118819 34349.2 14426.2 2160.64 827.005
 125300 54380.3 10619.9 3798.88 777.606
 68010 58817.1 19476.2 3404.95 1455.6
 47897.2 30459.3 16035.2 4333.84 1065.68
 56237.3 21753.4 9006.08 3977.63 1322.44
 27308.1 24487.3 5035.78 1609.96 929.823
 16747.5 11179.9 3963 557.492 273.468
 16964.8 7084 2187.14 565.517 115.877
 14304 7877.81 2382.68 644.694 198.942
 18577.7 6703.19 2794.13 754.061 264.79
 21700.9 8862.8 2637.27 1015.95 368.335
 36983.5 10431.8 3644.2 1017.25 531.467
 48464.2 17782.5 4295.33 1408.27 595.721
 51360.9 23710 8097.15 1899.26 884.208
 85332 25030.6 10557.5 3474.74 1191.26
 118568 41361.9 10800.9 4344 1913.24
 48103.6 57453 17814.3 4432.9 2559.08
 58320.6 23392 25260.6 7516.13 2941.15
 82264.7 28361.6 10287.4 10661.4 4400.37
pred_Ctot
 3203.67 3840.84 1545.55 180.303 0.141452
 3046.04 5818.8 1024.32 266.115 30.1855
 2837.19 9764.82 2687.21 309.894 87.1792
 1004.26 1520.56 587.511 90.7543 12.8879
 323.382 466.288 138.72 38.2271 6.59808
 2810.83 7056.81 2135.39 475.868 150.999
 3217.06 3704.49 1609.28 332.384 95.1504
 3933.7 11844.9 2596.62 808.527 210.232
 6727.4 9578.82 5052.15 766.941 293.764
 4947.33 11109.2 2774.98 1007.4 206.37
 4827.24 19739.2 8088.78 1431.88 612.526
 2957.48 9128.79 6003.3 1643.92 404.517
 5018.85 8719.84 4389.03 1960.42 652.166
 3486.67 12635.3 3053.95 985.212 569.274
 1801.63 5134.41 2176.01 309.23 151.769
 794.793 1681.06 658.576 172.719 35.4177
 581.14 1650.5 637.72 175.101 54.0754
 526.321 1014.87 547.853 150.179 52.7794
 499.989 1108.2 429.637 168.186 61.0285
 845.871 1295.48 589.74 167.287 87.4747
 516.957 1067.4 340.783 113.654 48.1209
 687.946 1772.87 797.685 190.283 88.6663
 1468.69 2378.23 1315.73 440.255 151.067
 2067.89 3979.55 1362.69 557.183 245.617
 718.462 4768.69 1944.58 492.046 284.307
 869.287 1937.79 2752.13 832.688 326.129
 1870.78 3503.35 1656.19 1744.21 720.517
F
 0.128234 0.744662 0.996873 1.01497 1.01594
 0.11443 0.664501 0.889562 0.905707 0.906573
 0.227162 1.31914 1.76592 1.79797 1.79969
 0.055091 0.319915 0.428268 0.436041 0.436458
 0.00936994 0.0544116 0.0728403 0.0741623 0.0742332
 0.0885234 0.514059 0.688166 0.700656 0.701326
 0.0479385 0.278381 0.372666 0.379429 0.379792
 0.0757859 0.440092 0.589147 0.59984 0.600413
 0.0815989 0.473848 0.634336 0.645849 0.646467
 0.0562785 0.326811 0.4375 0.44544 0.445866
 0.103262 0.599644 0.802738 0.817308 0.818089
 0.089287 0.518493 0.694102 0.7067 0.707375
 0.131427 0.7632 1.02169 1.04023 1.04123
 0.193068 1.12115 1.50088 1.52812 1.52958
 0.160412 0.93152 1.24702 1.26965 1.27086
 0.0670935 0.389615 0.521574 0.53104 0.531548
 0.0579516 0.336527 0.450506 0.458682 0.459121
 0.0400962 0.23284 0.311701 0.317358 0.317662
 0.0324995 0.188726 0.252646 0.257231 0.257477
 0.0322585 0.187326 0.250772 0.255323 0.255568
 0.0149303 0.0867008 0.116066 0.118172 0.118285
 0.0187799 0.109056 0.145992 0.148642 0.148784
 0.0241895 0.140469 0.188045 0.191458 0.191641
 0.0245149 0.142359 0.190575 0.194034 0.194219
 0.0209612 0.121722 0.162949 0.165906 0.166065
 0.0209181 0.121472 0.162614 0.165565 0.165723
 0.0320717 0.186242 0.24932 0.253845 0.254088
Np
 38064.6 17915.7 14390.7 3826.98 1713.51
YTP_r0W_actual
 25399.3 119978 81081.9 108922 49928.6
YTP_p0W_proyectada
 11752.5 167359 92142.2 40674.7 64554.5
 11752.5 75788.7 113422 39098.3 19442.3
CTP_r0_actual
 3097.47 5554.53 2582.23 2716.27 1121.99
CTP_p0_proyectada
 1433.23 7748.1 2934.46 1014.33 1450.66
 1433.23 3508.74 3612.18 975.02 436.906
Wmedp
 8.2 21.6 31.4 40.1 44.5
nmprior
 10.8 10.6 4.6 0
nm_flota  nm_reclas  nm_pelaces    nm_pelaL
inf 14.3306 18.2442 58.2874
cv_recla  cv_pelaces  cv_mph
0.870732 0.493986 0.580184
 ------------------------------------------------
Talla a la edad & desviaci?n 
 7.2 14.2025 17.0495 18.207 18.6776
 1.08 2.13037 2.55742 2.73105 2.80164
