years
 1997 1998 1999 2000 2001 2002 2003 2004 2005 2006 2007 2008 2009 2010 2011 2012 2013 2014 2015 2016 2017 2018 2019 2020 2021 2022 2023
reclasobs
 0 0 0 370054 412103 1.49427e+06 250295 1.28982e+06 931140 785840 897777 1.04006e+06 184774 17550 25797 100020 73551 82996 120727 218422 84188 347160 605670 569463 516374 1.08416e+06 1.01767e+06
reclaspred
 307926 78364.4 194870 129919 207589 253905 717067 497461 616809 605830 500770 356109 252582 140234 110069 105668 118676 165088 178335 257507 375660 325080 530303 694812 820574 753347 668883
pelacesobs
 0 0 0 0 0 0 0 0 0 2.06254e+06 1.5e+06 0 1.87456e+06 323000 250000 174000 83755 137374 0 501740 490994 745055 786931 1.00524e+06 1.33801e+06 1.41789e+06 0
pelacespred
 927547 179862 298662 296595 416082 395407 1.45644e+06 1.13739e+06 1.29567e+06 1.27438e+06 944071 701276 500260 240114 188831 193553 225920 310175 343839 482516 782236 674139 891861 1.30033e+06 1.52633e+06 1.54917e+06 1.31643e+06
mphobs
 0 0 0 0 0 0 112323 0 153150 637223 0 255016 313432 73983 77613 109348 50772 17779 17303 59886 28197 0 207744 136588 643089 65757 70829
mphpred
 121311 69919.5 75649.1 74126.9 81968.5 137056 234346 332150 294712 331863 329964 241986 157973 86802.3 50913.2 45363.7 46244.4 61133.6 33958.9 38289.6 59993.6 72776.6 83087 117325 155118 156618 134414
desembarqueobs
 350755 77701 442110 56441 14545 235359 269955 359681 431902 328805 639364 411747 362871 311530 167758 66681 60226 58785 57116 73181 50977 67692 138656 160484 209506 203330 245020
desembarquepred
 350779 77711.7 442253 56447.9 14545.4 235432 269987 359740 431932 328831 639611 411921 363060 311959 167919 66712.4 60253.4 58791.8 57114.9 73183.7 50978.3 67691.7 138663 160491 209517 203340 245022
Reclutas
 40173.5 43714.1 23983.3 32893.1 58850.1 55352.6 111667 86100.2 132754 135125 72231.6 48708 57210.7 29748.2 19782.7 21526.7 18709.6 24146.5 27799.6 47962.3 62683.8 65613.5 109408 152500 61317.6 73736.4 102106
log_desv_Rt
 -0.279038 -0.194574 -0.794887 -0.47898 0.102749 0.0414781 0.743275 0.483267 0.916253 0.933957 0.307633 -0.0864006 0.0744958 -0.579477 -0.987436 -0.902951 -1.04321 -0.788107 -0.647222 -0.10183 0.165859 0.211536 0.722843 1.05492 0.143822 0.328252 0.653767
SSB
 458917 264504 286179 280420 310085 518477 863002 1.24335e+06 1.09123e+06 1.23128e+06 1.24825e+06 915427 614221 398827 239429 216101 228140 291427 370683 435958 653328 774529 906218 1.22844e+06 1.76023e+06 1.82189e+06 1.48062e+06
BT
 1.65729e+06 393593 682719 494046 620410 763768 2.3174e+06 2.06341e+06 2.28899e+06 2.17895e+06 1.95524e+06 1.40155e+06 1.08372e+06 645465 418452 339136 382578 500928 552508 766045 1.18571e+06 1.0503e+06 1.40412e+06 2.03648e+06 2.39598e+06 2.44565e+06 2.14343e+06
Ftot
 0.825884 0.707518 1.25829 0.273461 0.0497127 0.482524 0.261174 0.427162 0.460549 0.330452 0.625218 0.534759 0.766478 1.08892 0.824448 0.332956 0.287811 0.20099 0.16747 0.169741 0.0803723 0.103931 0.134416 0.135176 0.116743 0.117774 0.177266
BD_Bspro_t
 0.916892 0.654773 0.569524 0.387641 0.538009 0.715513 0.695259 0.74134 0.684114 0.668367 0.647694 0.502953 0.410549 0.346506 0.262342 0.284172 0.375066 0.528708 0.64675 0.730399 0.816021 0.872839 0.869151 0.86812 0.876025 0.845472 0.814366
BD_Bspro
 0.418409 0.241156 0.260918 0.255668 0.282714 0.472712 0.786826 1.1336 0.994905 1.1226 1.13806 0.834623 0.560005 0.363623 0.218295 0.197026 0.208003 0.265703 0.337964 0.397477 0.59566 0.706163 0.826228 1.12001 1.60486 1.66107 1.34993
BD_Bo
 0.266633 0.153678 0.166271 0.162925 0.180161 0.301238 0.501409 0.722395 0.634008 0.715383 0.725238 0.531868 0.356866 0.231721 0.13911 0.125556 0.132551 0.169321 0.215369 0.253294 0.379587 0.450006 0.526518 0.713733 1.02271 1.05853 0.86025
BD_Brms
 0.484788 0.279415 0.302312 0.296228 0.327565 0.547706 0.911653 1.31345 1.15274 1.3007 1.31861 0.967033 0.648848 0.42131 0.252927 0.228284 0.241001 0.307856 0.39158 0.460535 0.690159 0.818192 0.957305 1.2977 1.85946 1.9246 1.56409
S_f
 0.152226 0.800523 0.988974 0.999501 0.999978
 0.152226 0.800523 0.988974 0.999501 0.999978
 0.152226 0.800523 0.988974 0.999501 0.999978
 0.152226 0.800523 0.988974 0.999501 0.999978
 0.152226 0.800523 0.988974 0.999501 0.999978
 0.152226 0.800523 0.988974 0.999501 0.999978
 0.152226 0.800523 0.988974 0.999501 0.999978
 0.152226 0.800523 0.988974 0.999501 0.999978
 0.152226 0.800523 0.988974 0.999501 0.999978
 0.152226 0.800523 0.988974 0.999501 0.999978
 0.152226 0.800523 0.988974 0.999501 0.999978
 0.152226 0.800523 0.988974 0.999501 0.999978
 0.152226 0.800523 0.988974 0.999501 0.999978
 0.152226 0.800523 0.988974 0.999501 0.999978
 0.152226 0.800523 0.988974 0.999501 0.999978
 0.152226 0.800523 0.988974 0.999501 0.999978
 0.152226 0.800523 0.988974 0.999501 0.999978
 0.152226 0.800523 0.988974 0.999501 0.999978
 0.152226 0.800523 0.988974 0.999501 0.999978
 0.152226 0.800523 0.988974 0.999501 0.999978
 0.152226 0.800523 0.988974 0.999501 0.999978
 0.152226 0.800523 0.988974 0.999501 0.999978
 0.152226 0.800523 0.988974 0.999501 0.999978
 0.152226 0.800523 0.988974 0.999501 0.999978
 0.152226 0.800523 0.988974 0.999501 0.999978
 0.152226 0.800523 0.988974 0.999501 0.999978
 0.152226 0.800523 0.988974 0.999501 0.999978
Scru_reclas
 1 1 1 1 1
 1 1 1 1 1
 1 1 1 1 1
 1 1 1 1 1
 1 1 1 1 1
 1 1 1 1 1
 1 1 1 1 1
 1 1 1 1 1
 1 1 1 1 1
 1 1 1 1 1
 1 1 1 1 1
 1 1 1 1 1
 1 1 1 1 1
 1 1 1 1 1
 1 1 1 1 1
 1 1 1 1 1
 1 1 1 1 1
 1 1 1 1 1
 1 1 1 1 1
 1 1 1 1 1
 1 1 1 1 1
 1 1 1 1 1
 1 1 1 1 1
 1 1 1 1 1
 1 1 1 1 1
 1 1 1 1 1
 1 1 1 1 1
Scru_pelaces
 1 1 1 1 1
 1 1 1 1 1
 1 1 1 1 1
 1 1 1 1 1
 1 1 1 1 1
 1 1 1 1 1
 1 1 1 1 1
 1 1 1 1 1
 1 1 1 1 1
 1 1 1 1 1
 1 1 1 1 1
 1 1 1 1 1
 1 1 1 1 1
 1 1 1 1 1
 1 1 1 1 1
 1 1 1 1 1
 1 1 1 1 1
 1 1 1 1 1
 1 1 1 1 1
 1 1 1 1 1
 1 1 1 1 1
 1 1 1 1 1
 1 1 1 1 1
 1 1 1 1 1
 1 1 1 1 1
 1 1 1 1 1
 1 1 1 1 1
pf_obs 
 0.256992 0.487395 0.22802 0.0275931 0
 0.321318 0.546541 0.124235 0.00734118 0.000564706
 0.182869 0.594174 0.210203 0.0122559 0.00049798
 0.330522 0.361315 0.267642 0.0388342 0.00168674
 0.649043 0.306663 0.0425973 0.00169635 0
 0.582887 0.30429 0.105238 0.00758474 0
 0.465427 0.430635 0.0974691 0.00646863 0
 0.296916 0.608066 0.0921331 0.00288517 0
 0.311714 0.524322 0.152257 0.0117073 0
 0.15457 0.633149 0.183074 0.0267441 0.00246327
 0.131901 0.49318 0.331252 0.0422183 0.00144891
 0.196976 0.569456 0.194076 0.0375587 0.00193317
 0.518974 0.381816 0.0799577 0.0180837 0.00116848
 0.0928022 0.601141 0.25162 0.0475244 0.00691264
 0.122501 0.610282 0.24278 0.0234846 0.000952079
 0.383417 0.481906 0.127806 0.00687128 0
 0.0376549 0.599619 0.316969 0.0457579 0
 0.0361596 0.667082 0.258105 0.0386534 0
 0.158088 0.579412 0.248529 0.0139706 0
 0.0477256 0.309471 0.559284 0.082774 0.000745712
 0.0406174 0.521527 0.379366 0.0568643 0.0016247
 0.151134 0.462217 0.34131 0.0453401 0
 0.294876 0.26143 0.354403 0.0886775 0.000613685
 0.281977 0.475581 0.204845 0.0348837 0.00271318
 0.0841818 0.532909 0.334909 0.0458182 0.00218182
 0.115287 0.27431 0.454777 0.147771 0.00785563
 0 0 0 0 0
pf_pred 
 0.385142 0.427463 0.167859 0.0195195 1.65467e-05
 0.315693 0.552282 0.0996877 0.0290128 0.00332419
 0.194125 0.601164 0.173652 0.023537 0.00752166
 0.308655 0.44951 0.195323 0.0395687 0.00694368
 0.334802 0.462153 0.142374 0.0491139 0.0115575
 0.226365 0.546334 0.167667 0.0419472 0.0176871
 0.356796 0.398878 0.184954 0.0439486 0.0154236
 0.204745 0.5923 0.136691 0.0503068 0.0159575
 0.295143 0.412655 0.230863 0.041487 0.019852
 0.244391 0.533182 0.143686 0.0623836 0.0163567
 0.139413 0.546665 0.236591 0.0501732 0.0271568
 0.140999 0.428944 0.299678 0.0986108 0.0317689
 0.232551 0.388195 0.214655 0.115175 0.0494229
 0.168232 0.566464 0.153912 0.0634713 0.0479217
 0.18486 0.493798 0.241097 0.0469035 0.033342
 0.237842 0.458907 0.204736 0.0742054 0.0243092
 0.192202 0.506532 0.198401 0.0697261 0.0331386
 0.232391 0.425307 0.232991 0.0722843 0.0370266
 0.22445 0.47096 0.185562 0.0813151 0.0377123
 0.295669 0.415849 0.190171 0.060158 0.0381535
 0.262059 0.49873 0.153843 0.0564928 0.028875
 0.207381 0.496224 0.213638 0.0534275 0.0293292
 0.27316 0.405351 0.217004 0.0755409 0.0289438
 0.269111 0.475419 0.156072 0.0673344 0.0320632
 0.0943203 0.580561 0.227167 0.0600992 0.0378525
 0.139444 0.287709 0.394873 0.124766 0.0532078
 0.205751 0.362527 0.165937 0.183835 0.08195
pobs_RECLAS
 0 0 0 0 0
 0 0 0 0 0
 0 0 0 0 0
 0 0 0 0 0
 0.835266 0.146461 0.0176864 0.000547809 3.91292e-05
 0.385257 0.428462 0.181853 0.0044286 0
 0.867414 0.0963971 0.0333333 0.00285562 0
 0.441836 0.489002 0.0689373 0.000224442 0
 0.779404 0.147425 0.0564933 0.0165055 0.000172143
 0.814271 0.122319 0.05973 0.00367925 0
 0.40263 0.566651 0.0304383 0.000280538 0
 0.475488 0.404961 0.113038 0.00651328 0
 0.955842 0.0263864 0.0167828 0.000988607 0
 0.975058 0.0227948 0.00214734 0 0
 0.738997 0.206755 0.0527124 0.00153531 0
 0.850938 0.134255 0.0134407 0.00136685 0
 0.542534 0.407297 0.0501686 0 0
 0.764087 0.199537 0.0359546 0.000420521 0
 0.470689 0.182191 0.310203 0.0369168 0
 0.84361 0.089868 0.0606195 0.00523954 0.000663233
 0.607945 0.314616 0.071237 0.00620181 0
 0.523733 0.453247 0.0230204 0 0
 0.530135 0.295979 0.169645 0.0042399 0
 0.562478 0.366248 0.0663022 0.0049721 0
 0.250443 0.683176 0.0655157 0.000865301 0
 0.195077 0.31981 0.436473 0.0351445 0.0134964
 0.565238 0.351407 0.0832357 0.000118908 0
ppred_RECLAS
 0.786633 0.158274 0.0494091 0.00567901 4.81155e-06
 0.724202 0.231723 0.0333726 0.00960227 0.00109963
 0.593757 0.320924 0.0725137 0.00970535 0.00309975
 0.718379 0.196547 0.0688547 0.0137986 0.00242026
 0.738115 0.193374 0.0481927 0.0164492 0.00386897
 0.626046 0.280541 0.0691077 0.0170991 0.00720626
 0.761217 0.159974 0.0598167 0.0140608 0.00493219
 0.592845 0.319488 0.059258 0.0215703 0.00683881
 0.710521 0.184694 0.0829824 0.0147484 0.00705378
 0.647084 0.264423 0.0573877 0.0246462 0.00645895
 0.487403 0.351584 0.121692 0.025517 0.0138044
 0.496534 0.279547 0.156566 0.0509475 0.0164052
 0.649629 0.197482 0.0869734 0.046131 0.019785
 0.550599 0.328761 0.0703526 0.0286605 0.0216272
 0.576661 0.279278 0.108405 0.0208452 0.0148103
 0.643933 0.232684 0.0835978 0.0299715 0.00981365
 0.577693 0.285808 0.0902296 0.0313686 0.0149012
 0.637572 0.219995 0.0972855 0.0298598 0.0152879
 0.624094 0.247283 0.0786921 0.034116 0.0158147
 0.707314 0.187836 0.0693748 0.0217118 0.0137635
 0.666608 0.240476 0.0599866 0.0217945 0.0111345
 0.598352 0.271125 0.0943634 0.0233485 0.0128111
 0.684997 0.192234 0.0831595 0.0286408 0.0109686
 0.676342 0.225956 0.0599395 0.0255849 0.0121772
 0.371673 0.432981 0.136937 0.0358435 0.0225646
 0.495841 0.193616 0.214781 0.0671429 0.02862
 0.605963 0.201526 0.0744896 0.081644 0.0363777
pobs_PELACES
 0 0 0 0 0
 0 0 0 0 0
 0 0 0 0 0
 0 0 0 0 0
 0 0 0 0 0
 0 0 0 0 0
 0 0 0 0 0
 0 0 0 0 0
 0 0 0 0 0
 0 0 0 0 0
 0.450072 0.473896 0.0757376 0.000293798 0
 0 0 0 0 0
 0.463077 0.371075 0.160297 0.00555027 0
 0.529543 0.364841 0.0842815 0.0213345 0
 0.631943 0.363953 0.00410389 0 0
 0.735681 0.248677 0.0153453 0.000297389 0
 0.695825 0.281241 0.0229344 0 0
 0.275771 0.60734 0.115278 0.00161068 0
 0 0 0 0 0
 0.896147 0.0623911 0.0374545 0.00400742 0
 0.803859 0.145111 0.0509908 3.86294e-05 0
 0.739449 0.233085 0.0266225 0.000797448 4.60066e-05
 0.878498 0.100942 0.0204185 0.000141795 0
 0.694673 0.275183 0.0284847 0.00165964 0
 0.469039 0.446079 0.0841089 0.000773354 0
 0.822795 0.102175 0.0682046 0.00682512 0
 0 0 0 0 0
ppred_PELACES
 0.816756 0.137719 0.0408401 0.00468065 3.96518e-06
 0.754686 0.207558 0.0286056 0.00821045 0.000940135
 0.660333 0.272676 0.0569744 0.00759228 0.00242439
 0.731078 0.188656 0.0649756 0.0130089 0.00228164
 0.740323 0.191901 0.047678 0.0162707 0.00382695
 0.651592 0.263349 0.0629551 0.0155507 0.0065532
 0.772176 0.153458 0.056456 0.0132588 0.00465068
 0.616067 0.303007 0.0547279 0.0198918 0.0063062
 0.732401 0.172518 0.0753232 0.0133658 0.00639202
 0.66422 0.252899 0.0537702 0.0230661 0.00604455
 0.523875 0.330581 0.110059 0.0230277 0.0124564
 0.528829 0.265543 0.143858 0.0467254 0.0150444
 0.690488 0.178157 0.0748102 0.0395741 0.0169708
 0.611636 0.28931 0.0578568 0.0234809 0.0177157
 0.62313 0.252984 0.093291 0.0178876 0.0127073
 0.661719 0.222671 0.0783609 0.0280615 0.00918777
 0.594052 0.276351 0.0856964 0.0297628 0.0141378
 0.648584 0.214376 0.093623 0.0287156 0.0147016
 0.633304 0.242101 0.0762449 0.0330358 0.0153136
 0.715557 0.183248 0.0669697 0.0209468 0.0132781
 0.670732 0.237839 0.0590329 0.0214421 0.0109542
 0.604193 0.267751 0.0925889 0.0229011 0.0125654
 0.691874 0.188661 0.080934 0.0278614 0.0106698
 0.6832 0.221741 0.058329 0.0248858 0.0118441
 0.378063 0.429561 0.134872 0.0352888 0.022215
 0.503285 0.191633 0.21103 0.0659433 0.0281081
 0.616296 0.197334 0.0721408 0.0790209 0.035208
pobs_pel_tallas
 0 0 0 0 0 0 0 0 0 0 0 0 0 0 0 0 0 0 0 0 0 0 0 0 0 0 0 0 0 0 0 0 0 0 0 0
 0 0 0 0 0 0 0 0 0 0 0 0 0 0 0 0 0 0 0 0 0 0 0 0 0 0 0 0 0 0 0 0 0 0 0 0
 0 0 0 0 0 0 0 0 0 0 0 0 0 0 0 0 0 0 0 0 0 0 0 0 0 0 0 0 0 0 0 0 0 0 0 0
 0 0 0 0 0 0 0 0 0 0 0 0 0 0 0 0 0 0 0 0 0 0 0 0 0 0 0 0 0 0 0 0 0 0 0 0
 0 0 0 0 0 0 0 0 0 0 0 0 0 0 0 0 0 0 0 0 0 0 0 0 0 0 0 0 0 0 0 0 0 0 0 0
 0 0 0 0 0 0 0 0 0 0 0 0 0 0 0 0 0 0 0 0 0 0 0 0 0 0 0 0 0 0 0 0 0 0 0 0
 0 0 0 0 0 0 0 0 0 0 0 0 0 0 0 0 0 0 0 0 0 0 0 0 0 0 0 0 0 0 0 0 0 0 0 0
 0 0 0 0 0 0 0 0 0 0 0 0 0 0 0 0 0 0 0 0 0 0 0 0 0 0 0 0 0 0 0 0 0 0 0 0
 0 0 0 0 0 0 0 0 0 0 0 0 0 0 0 0 0 0 0 0 0 0 0 0 0 0 0 0 0 0 0 0 0 0 0 0
 0 0 0 0 0 0 0 0 0 0 0 0 0 0 0 0 0 0 0 0 0 0 0 0 0 0 0 0 0 0 0 0 0 0 0 0
 0 0 0 0 0 0 0 0 1.78061e-05 0.00172719 0.00360574 0.0105946 0.0120993 0.0124554 0.0147524 0.0171206 0.0266825 0.0428682 0.0675386 0.121331 0.153587 0.119568 0.100827 0.0573624 0.0630603 0.0341343 0.0324427 0.0444173 0.0211091 0.0280891 0.0125444 0.00206551 0 0 0 0
 0 0 0 0 0 0 0 0 0 0 0 0 0 0 0 0 0 0 0 0 0 0 0 0 0 0 0 0 0 0 0 0 0 0 0 0
 0 0 0 0 0 0 0.0133647 0.0140871 0.0187388 0.0205184 0.03894 0.0496705 0.03968 0.0493445 0.0407372 0.0367815 0.0215668 0.0243155 0.0234873 0.0199281 0.019796 0.0243948 0.0301388 0.0376714 0.0412746 0.0863199 0.0771752 0.113111 0.0741005 0.0525337 0.0229764 0.00759418 0.00175318 0 0 0
 0 0 0 0 0 0 0 0 0 0 0.00219441 0.00772107 0.0458388 0.0604681 0.0671733 0.0775358 0.0609151 0.0617685 0.073594 0.0568108 0.0755445 0.0548602 0.0670107 0.0636378 0.0643287 0.046367 0.0373049 0.0286899 0.0247887 0.0153202 0.00654259 0.00121912 0.000365735 0 0 0
 0 0 0 0 0 0 0 0 0 0 0 0 0.000112435 0.00938835 0.0111873 0.0202946 0.0414886 0.0713402 0.111592 0.104902 0.108894 0.110636 0.117776 0.105296 0.107544 0.0401394 0.0192827 0.0124803 0.00416011 0.0028671 0.000618394 0 0 0 0 0
 0 0 0 0 0 0 0 0 0 0 0.00291406 0.0102884 0.027416 0.0768956 0.0749926 0.110853 0.0956884 0.0897413 0.0766577 0.0534642 0.0500743 0.0551293 0.0594112 0.0620874 0.0668451 0.0424026 0.0208742 0.0120726 0.0048766 0.00582813 0.00118941 0.000297354 0 0 0 0
 0 0.00264628 0.0354308 0.0461629 0.0458689 0.0383711 0.0214643 0.0164657 0.0346957 0.0420465 0.0363128 0.0245516 0.0311673 0.0291091 0.0169068 0.0133784 0.00837989 0.0085269 0.0148486 0.0160247 0.0276389 0.0546898 0.0760071 0.122758 0.109233 0.0665981 0.0333725 0.0166128 0.00676272 0.00308733 0.000882094 0 0 0 0 0
 0 0 0 0 0 0 0 0.000805153 0.000690131 0.00759144 0.0133425 0.0154129 0.00931677 0.000345066 0.00356568 0.00563607 0.00851162 0.0253048 0.0502646 0.0516448 0.0657925 0.0565908 0.0611916 0.0827007 0.0866115 0.110766 0.145733 0.0935128 0.0569358 0.0249597 0.0138026 0.00621118 0.00161031 0.00115022 0 0
 0 0 0 0 0 0 0 0 0 0 0 0 0 0 0 0 0 0 0 0 0 0 0 0 0 0 0 0 0 0 0 0 0 0 0 0
 0.00147267 0.00158595 0.00478618 0.00569244 0.00954404 0.0108468 0.00647125 0.017049 0.0510054 0.094081 0.124002 0.0959785 0.0687766 0.0820023 0.061753 0.0591476 0.0492212 0.0479892 0.0443925 0.0268479 0.0217502 0.0140895 0.0121071 0.0120363 0.00920419 0.00665534 0.0049561 0.00860946 0.00930331 0.0156896 0.0114698 0.00855282 0.00243557 0.00046729 0 2.83206e-05
 0 0 0 0 0.000772559 0.00158375 0.000888443 0.00281984 0.00712685 0.0440552 0.0773331 0.111326 0.0921469 0.0852325 0.0710754 0.0886704 0.0786465 0.0553345 0.0373146 0.0185414 0.00753245 0.00457741 0.012979 0.0271748 0.0457355 0.0583668 0.034881 0.0177882 0.00938659 0.00492506 0.0015258 0.00185414 0.000309023 5.79419e-05 3.86279e-05 0
 0 0.00173294 0.00326652 0 0.00397197 0.00683976 0.00946217 0.0152591 0.00757587 0.0136028 0.0228656 0.0392903 0.0559909 0.0764795 0.0681675 0.0726916 0.0566044 0.0477403 0.0527397 0.0444891 0.0609904 0.0582453 0.0661739 0.0445044 0.0529084 0.0360697 0.0280645 0.0235558 0.0158879 0.00826598 0.00280645 0.00217768 0.000904811 0.00058276 9.20147e-05 0
 0 0 0 0 0 0 0 0 0 0 0 0 0 0 0 0 0 0 0 0 0 0 0 0 0 0 0 0 0 0 0 0 0 0 0 0
 0 0 0 0 0 0 0 0 0 0 0 0 0 0 0 0 0 0 0 0 0 0 0 0 0 0 0 0 0 0 0 0 0 0 0 0
 0 0 0 0 0 0 0 0 0 0 0 0 0 0 0 0 0 0 0 0 0 0 0 0 0 0 0 0 0 0 0 0 0 0 0 0
 0 0 0 0 0 0 0 0 0 0 0 0 0 0 0 0 0 0 0 0 0 0 0 0 0 0 0 0 0 0 0 0 0 0 0 0
 0 0 0 0 0 0 0 0 0 0 0 0 0 0 0 0 0 0 0 0 0 0 0 0 0 0 0 0 0 0 0 0 0 0 0 0
ppred_pel_tallas
 1.00786e-16 3.56327e-05 0.000209144 0.000994192 0.00382772 0.0119364 0.0301504 0.0616914 0.102259 0.137326 0.149425 0.131774 0.0942629 0.0548807 0.0263879 0.0112032 0.0054135 0.00442045 0.00540938 0.00715378 0.00917098 0.0111923 0.0129827 0.0143267 0.0150641 0.0151237 0.0145375 0.0134261 0.0119648 0.0103404 0.00871385 0.00719806 0.00585399 0.0047 0.00372765 0.00291662
 1.008e-16 3.29289e-05 0.000193264 0.000918684 0.00353698 0.0110297 0.0278602 0.057006 0.0944947 0.126907 0.138107 0.121837 0.0872522 0.0509957 0.0248878 0.0111975 0.00634166 0.00609264 0.00784708 0.0104343 0.013331 0.0161776 0.0186281 0.0203648 0.0211587 0.0209226 0.0197299 0.0177908 0.0153965 0.0128497 0.0104042 0.0082301 0.00640724 0.00494166 0.00379312 0.00290229
 1.01272e-16 2.88174e-05 0.00016912 0.000803886 0.00309495 0.00965126 0.0243785 0.0498825 0.0826894 0.111061 0.120885 0.106698 0.076527 0.044963 0.0223841 0.0108185 0.00717381 0.00778253 0.0103728 0.0138874 0.01779 0.0216451 0.025005 0.0274498 0.0286719 0.0285452 0.0271517 0.0247517 0.0217126 0.0184203 0.0152023 0.0122823 0.00977237 0.00769274 0.00600609 0.00465056
 1.01538e-16 3.18989e-05 0.000187218 0.000889944 0.00342633 0.0106847 0.0269887 0.0552225 0.0915382 0.122935 0.133783 0.118019 0.0845088 0.0493748 0.0240653 0.0107772 0.00604013 0.00576308 0.00743366 0.00993362 0.0127777 0.0156418 0.0182133 0.020198 0.0213729 0.021634 0.0210147 0.0196674 0.0178187 0.015711 0.0135541 0.0114963 0.00961981 0.00795384 0.00649532 0.00522813
 1.01478e-16 3.23021e-05 0.000189585 0.000901197 0.00346965 0.0108198 0.0273299 0.0559208 0.0926956 0.12449 0.135474 0.11951 0.0855753 0.0499949 0.0243615 0.0108984 0.00608964 0.00578975 0.00745116 0.00993755 0.0127536 0.0155681 0.0180634 0.0199436 0.0209891 0.0211046 0.0203371 0.0188559 0.0169039 0.0147372 0.0125727 0.0105589 0.00877099 0.0072259 0.00590549 0.00477862
 1.01821e-16 2.84359e-05 0.00016688 0.000793242 0.00305397 0.00952348 0.0240557 0.049222 0.0815945 0.10959 0.119283 0.105281 0.075506 0.0443532 0.0220625 0.010634 0.00701615 0.00759083 0.0101198 0.0135662 0.0174104 0.0212343 0.0246078 0.0271259 0.0284885 0.0285673 0.0274312 0.0253179 0.0225672 0.0195365 0.0165289 0.0137517 0.0113095 0.00922419 0.00746743 0.00599129
 1.01525e-16 3.36895e-05 0.000197734 0.000939945 0.00361885 0.0112851 0.0285052 0.0583252 0.0966797 0.129836 0.141282 0.124607 0.0891686 0.0519803 0.0251168 0.0108773 0.00557569 0.00487605 0.00612298 0.00815328 0.0104954 0.0128691 0.0150176 0.0167013 0.0177377 0.0180393 0.0176287 0.0166242 0.015203 0.0135559 0.0118476 0.0101948 0.00866262 0.00727561 0.00603452 0.00493128
 1.01854e-16 2.68884e-05 0.000157792 0.000750027 0.00288757 0.00900455 0.0227449 0.0465405 0.0771509 0.103626 0.112804 0.0995936 0.0714929 0.0421284 0.0212016 0.0106269 0.00754126 0.00853866 0.0115017 0.0154259 0.0197685 0.0240599 0.0278075 0.0305483 0.0319437 0.0318566 0.0303798 0.0278022 0.0245289 0.0209828 0.0175193 0.014377 0.0116704 0.00941343 0.00755929 0.00603766
 1.01884e-16 3.19559e-05 0.000187554 0.000891547 0.0034325 0.0107039 0.0270373 0.0553219 0.0917024 0.123154 0.134018 0.118218 0.084633 0.0494105 0.0240145 0.0106397 0.00580463 0.00540852 0.00693762 0.00928236 0.0119754 0.0147175 0.0172232 0.0192215 0.0205029 0.0209622 0.0206154 0.0195855 0.0180621 0.0162516 0.0143349 0.0124427 0.0106523 0.00899842 0.00749154 0.00613267
 1.01921e-16 2.89861e-05 0.000170112 0.000808606 0.00311313 0.00970797 0.0245217 0.0501754 0.0831743 0.11171 0.121587 0.107306 0.0769378 0.0451536 0.0223852 0.0106639 0.00687154 0.00731447 0.00970996 0.013007 0.0166894 0.0203524 0.0235836 0.0259958 0.0273031 0.027385 0.0263099 0.0243077 0.0217044 0.0188417 0.016007 0.0133946 0.0110992 0.00913662 0.00747563 0.00606804
 1.03044e-16 2.28697e-05 0.000134196 0.00063784 0.00245561 0.0076575 0.0193425 0.039579 0.0656131 0.0881363 0.095962 0.0847695 0.0609517 0.0361189 0.0185531 0.00992089 0.00782833 0.00941285 0.012889 0.0173876 0.0223951 0.0274241 0.031943 0.0354403 0.0375278 0.038025 0.0369911 0.0346934 0.0315265 0.0279116 0.0242108 0.0206775 0.0174492 0.014571 0.0120337 0.00980719
 1.04438e-16 2.30831e-05 0.000135454 0.000643838 0.00247872 0.00772959 0.0195245 0.0399509 0.0662279 0.0889566 0.0968403 0.0855102 0.0614081 0.0362369 0.0183347 0.00935939 0.00687275 0.00797545 0.0108776 0.0147454 0.019138 0.0236685 0.027916 0.0314644 0.033981 0.0352814 0.0353575 0.0343564 0.0325237 0.0301334 0.0274276 0.0245853 0.0217201 0.0188981 0.0161628 0.0135544
 1.03273e-16 3.01285e-05 0.000176825 0.000840538 0.0032361 0.0100915 0.0254903 0.0521567 0.0864563 0.116111 0.126357 0.11147 0.0798251 0.0466493 0.0227586 0.0102314 0.00579541 0.00559409 0.00726383 0.00975954 0.0126348 0.0155949 0.0183532 0.020635 0.0222256 0.0230126 0.0230032 0.0223076 0.0210996 0.0195659 0.0178658 0.0161094 0.014358 0.0126381 0.0109615 0.00934095
 1.02551e-16 2.66947e-05 0.000156656 0.000744627 0.00286678 0.00893974 0.0225812 0.0462054 0.0765951 0.102879 0.111988 0.0988674 0.0709591 0.0417888 0.0209848 0.0104438 0.00732007 0.00823132 0.0110785 0.0148729 0.0190905 0.0232851 0.0269892 0.0297622 0.0312795 0.0314053 0.0302194 0.0279851 0.0250742 0.0218744 0.0187097 0.015796 0.013235 0.0110385 0.009166 0.00755977
 1.02616e-16 2.71945e-05 0.000159593 0.000758598 0.00292059 0.00910753 0.023005 0.0470722 0.0780309 0.104804 0.114075 0.100688 0.0722192 0.0424374 0.0211383 0.0102391 0.00682738 0.0074507 0.00997729 0.013425 0.017305 0.0212231 0.0247694 0.0275508 0.0292671 0.0297743 0.0291097 0.0274683 0.0251421 0.0224448 0.019647 0.0169397 0.0144291 0.0121541 0.010115 0.00829768
 1.02579e-16 2.88759e-05 0.000169467 0.000805548 0.00310137 0.00967129 0.024429 0.0499855 0.0828588 0.111284 0.121117 0.106876 0.0765988 0.0448918 0.0221395 0.010356 0.00642689 0.00666984 0.00881799 0.011845 0.0152717 0.0187411 0.0218919 0.0243794 0.0259404 0.0264484 0.025935 0.024569 0.0226028 0.0203068 0.0179126 0.0155817 0.0134022 0.0114054 0.00959068 0.00794786
 1.0299e-16 2.59275e-05 0.000152153 0.000723221 0.00278437 0.00868273 0.021932 0.044877 0.074393 0.0999209 0.108769 0.0960244 0.0689179 0.0405856 0.0203795 0.010143 0.00711498 0.00801513 0.0108121 0.0145558 0.0187492 0.0229706 0.0267753 0.0297379 0.0315364 0.0320215 0.031243 0.0294225 0.0268851 0.0239765 0.0209903 0.018129 0.0154983 0.0131293 0.0110103 0.00911644
 1.03073e-16 2.83028e-05 0.000166104 0.000789558 0.00303981 0.00947931 0.0239441 0.0489933 0.081214 0.109075 0.118712 0.104754 0.0750757 0.043996 0.0216925 0.0101397 0.00628621 0.00652571 0.00864111 0.0116335 0.0150421 0.0185265 0.0217407 0.0243513 0.0260982 0.0268479 0.0266146 0.025541 0.0238499 0.0217832 0.0195506 0.0173014 0.015122 0.0130516 0.0111045 0.00928919
 1.03012e-16 2.76376e-05 0.000162196 0.000770975 0.00296825 0.00925615 0.0233804 0.0478402 0.0793035 0.106512 0.11593 0.102316 0.0733672 0.0430718 0.0213796 0.0102316 0.00666033 0.00715134 0.00953678 0.0128239 0.0165297 0.0202752 0.0236705 0.0263438 0.0280126 0.0285439 0.0279773 0.0265003 0.0243904 0.0219415 0.0194027 0.0169443 0.0146548 0.0125598 0.0106512 0.00891203
 1.02351e-16 3.12218e-05 0.000183244 0.000871052 0.00335359 0.0104578 0.0264157 0.0540502 0.0895948 0.120325 0.130943 0.115513 0.082715 0.0483273 0.0235562 0.0105526 0.00592138 0.00566057 0.00731472 0.00979427 0.0126303 0.0155124 0.0181406 0.0202312 0.0215671 0.0220426 0.0216813 0.0206187 0.0190587 0.0172194 0.0152875 0.0133929 0.0116064 0.0099532 0.00843387 0.00704236
 1.02165e-16 2.92694e-05 0.000171776 0.000816524 0.00314362 0.00980306 0.0247618 0.0506667 0.0839882 0.112802 0.122771 0.108341 0.0776597 0.0455359 0.022498 0.0105905 0.00665788 0.00696678 0.00921372 0.0123469 0.0158634 0.0193801 0.0225096 0.0248871 0.0262411 0.0264526 0.0255783 0.0238246 0.021488 0.0188802 0.0162642 0.0138184 0.0116316 0.00972193 0.00806654 0.00662859
 1.02776e-16 2.63693e-05 0.000154747 0.000735559 0.00283188 0.00883088 0.0223062 0.0456426 0.0756617 0.101624 0.110619 0.0976507 0.070069 0.0412309 0.0206433 0.0101753 0.00701311 0.00781666 0.01052 0.0141622 0.0182499 0.0223715 0.0260943 0.0290039 0.0307846 0.0312872 0.0305548 0.0287973 0.0263267 0.0234766 0.0205337 0.0176982 0.0150793 0.0127143 0.0105989 0.00871449
 1.02667e-16 3.01894e-05 0.000177182 0.000842232 0.00324262 0.0101118 0.0255416 0.0522618 0.0866308 0.116346 0.126616 0.111704 0.0800042 0.0467781 0.0228663 0.0103553 0.00597013 0.00584816 0.00761959 0.0102308 0.0132223 0.0162818 0.0191024 0.0213903 0.0229173 0.0235661 0.02335 0.0223955 0.0208992 0.0190747 0.017107 0.0151273 0.0132118 0.0113943 0.00968709 0.00809704
 1.02309e-16 2.98124e-05 0.000174966 0.00083169 0.00320202 0.00998518 0.0252218 0.0516077 0.0855476 0.114894 0.125043 0.110335 0.0790639 0.0463086 0.0227858 0.0105689 0.00643533 0.00657671 0.00864722 0.011585 0.0148976 0.0182237 0.0212025 0.0234939 0.0248435 0.0251375 0.0244238 0.0228886 0.0208008 0.0184437 0.0160559 0.0137993 0.0117544 0.00993921 0.0083357 0.00691518
 1.04306e-16 1.65156e-05 9.68824e-05 0.000460429 0.0017725 0.00552721 0.0139617 0.0285702 0.047369 0.0636474 0.069346 0.0613701 0.0443716 0.0267859 0.0146658 0.00930415 0.00906382 0.0119461 0.0166766 0.0225616 0.0290687 0.0355974 0.0414647 0.0460096 0.0487314 0.0493989 0.0480924 0.0451608 0.0411161 0.0365027 0.0317854 0.0272855 0.0231727 0.0194975 0.0162413 0.0133615
 1.06638e-16 2.19664e-05 0.000128905 0.000612715 0.00235892 0.007356 0.0185808 0.0380195 0.0630245 0.0846493 0.0921396 0.0813316 0.0583467 0.0343096 0.0171393 0.0083967 0.00574946 0.00643917 0.00878531 0.0120462 0.0158845 0.020036 0.0242073 0.0280875 0.0313966 0.0339294 0.0355789 0.0363301 0.0362344 0.0353768 0.03385 0.0317446 0.0291535 0.026182 0.0229552 0.019617
 1.05449e-16 2.6894e-05 0.000157835 0.000750252 0.00288847 0.0090074 0.022752 0.0465542 0.0771707 0.103644 0.112801 0.099535 0.0713308 0.0417921 0.0205892 0.00959779 0.00591942 0.00613069 0.00813219 0.010987 0.0142752 0.0176952 0.020942 0.0237202 0.0257967 0.0270461 0.0274679 0.027167 0.0263094 0.0250691 0.0235859 0.0219465 0.0201894 0.018326 0.0163653 0.0143318
pSPR Fmed_Fpbrs
0.483197   0.6 0.325
Fs Fmed_Fpbrs
0.64   0.397221 1.27188
SSBpbr Bo_Bmed_Bpbrs
1.72115e+06  745599  946634 473317
Ro
53103.6
SPR SPRFo_SPRFmed_SPRFpbrs
1.09681e+06 529977 356465
log_Ro
10.7
likeval ReclasPelacesDesembMPH_pf_preclas_ppelaces_ptallas_desvR_qrecl_qpela
 0.000933867 24.1818 0.0207757 19.3044 327.413 215.685 55.281 0 14.0597 5.64265e-05 2.03092e-06 1.82004e-15 0 0 0
q_reclas_q_pelaces
0.344918 1.22477
M
0.7
N
 40173.5 10564.3 3564.8 411.518 0.348728
 43714.1 17592.7 2708.36 782.181 89.5885
 23983.3 19491.3 4958.49 668.062 213.433
 32893.1 9833.68 3534.87 709.413 124.438
 58850.1 15668.3 3923.17 1339.41 315.043
 55352.6 29003.8 7477.06 1854.73 781.749
 111667 25540.6 9787.97 2303.98 808.23
 86100.2 53290.7 10290.2 3754.14 1190.36
 132754 40064.3 18799.1 3349.27 1602.04
 135125 61460.2 13760.6 5920.01 1551.56
 72231.6 63809.3 23426.2 4928.32 2666.55
 48708 32612.7 19209.3 6268.46 2018.72
 57210.7 22296.7 10555.2 5621.14 2411.27
 29748.2 25281.2 5994.59 2456.14 1853.88
 19782.7 12516 5250.68 1014.04 720.609
 21526.7 8665.12 3212.39 1153.73 377.798
 18709.6 10161.5 3296.19 1147.67 545.221
 24146.5 8892.67 4007.67 1231.37 630.48
 27799.6 11629.5 3759.66 1631.4 756.275
 47962.3 13457.4 5050.46 1582.03 1002.91
 62683.8 23209.8 5833.68 2120.41 1083.3
 65613.5 30749.4 10807.5 2675.57 1468.09
 109408 32071.3 14050.7 4842.6 1854.63
 152500 53230.2 14301.4 6108.83 2907.6
 61317.6 74186.9 23722.3 6213.17 3911.49
 73736.4 29913.1 33553.2 10495.6 4473.93
 102106 35965.8 13517.9 14830.1 6608.04
pred_Ctot
 3438.06 3815.84 1498.43 174.245 0.147707
 3229.97 5650.6 1019.94 296.841 34.011
 3039.99 9414.2 2719.39 368.589 117.789
 966.841 1408.06 611.834 123.946 21.7506
 319.212 440.632 135.744 46.8268 11.0193
 2831.16 6833.02 2097.02 524.636 221.214
 3137.36 3507.4 1626.33 386.448 135.622
 3912.93 11319.6 2612.33 961.427 304.968
 6490.3 9074.44 5076.76 912.313 436.552
 4781.31 10431.3 2811.09 1220.48 320.005
 4741.98 18594.2 8047.38 1706.58 923.706
 2751.45 8370.41 5847.92 1924.29 619.938
 4561.72 7614.83 4210.68 2259.28 969.48
 3299.34 11109.4 3018.5 1244.79 939.836
 1690.22 4514.94 2204.41 428.852 304.855
 767.351 1480.57 660.539 239.409 78.4286
 578.243 1523.91 596.893 209.772 99.698
 524.188 959.332 525.54 163.046 83.5182
 503.975 1057.48 416.657 182.583 84.6783
 881.155 1239.32 566.749 179.283 113.705
 548.57 1044 322.04 118.257 60.4443
 741.344 1773.89 763.712 190.992 104.846
 1595.5 2367.62 1267.5 441.226 169.058
 2236.36 3950.81 1296.98 559.56 266.451
 777.548 4785.97 1872.69 495.44 312.045
 943.215 1946.1 2670.97 843.935 359.904
 1958.06 3450.04 1579.16 1749.49 779.888
F
 0.125721 0.661139 0.816778 0.825473 0.825866
 0.107703 0.566384 0.699717 0.707165 0.707502
 0.191545 1.00729 1.24442 1.25767 1.25827
 0.0416279 0.218912 0.270446 0.273325 0.273455
 0.00756757 0.0397962 0.0491646 0.0496879 0.0497116
 0.0734526 0.386271 0.477203 0.482283 0.482513
 0.0397575 0.209076 0.258295 0.261044 0.261169
 0.0650252 0.341953 0.422452 0.426949 0.427153
 0.0701075 0.36868 0.455471 0.460319 0.460538
 0.0503034 0.264535 0.326809 0.330288 0.330445
 0.0951745 0.500502 0.618325 0.624907 0.625205
 0.0814042 0.428087 0.528863 0.534492 0.534747
 0.116678 0.613583 0.758026 0.766095 0.76646
 0.165762 0.871706 1.07691 1.08838 1.0889
 0.125502 0.659989 0.815357 0.824037 0.824429
 0.0506845 0.266539 0.329285 0.33279 0.332949
 0.0438122 0.230399 0.284637 0.287667 0.287804
 0.0305959 0.160897 0.198774 0.20089 0.200986
 0.0254933 0.134064 0.165624 0.167387 0.167466
 0.0258389 0.135881 0.167869 0.169656 0.169737
 0.0122348 0.0643399 0.0794861 0.0803323 0.0803706
 0.015821 0.0831989 0.102785 0.103879 0.103928
 0.0204616 0.107603 0.132934 0.134349 0.134413
 0.0205773 0.108211 0.133685 0.135108 0.135173
 0.0177714 0.0934557 0.115456 0.116685 0.116741
 0.0179282 0.0942807 0.116475 0.117715 0.117771
 0.0269846 0.141906 0.175312 0.177178 0.177262
Np
 48459.4 22652.2 17832.8 5195.65 2508.57
YTP_r0W_actual
 35454.2 154985 101426 143368 70920
YTP_p0W_proyectada
 16826.5 212680 116277 54459.5 93740
 16826.5 97613.8 133801 50228.2 26922.9
CTP_r0_actual
 4323.68 7175.24 3230.13 3575.25 1593.71
CTP_p0_proyectada
 2052.01 9846.29 3703.1 1358.09 2106.52
 2052.01 4519.16 4261.19 1252.57 605.01
Wmedp
 8.2 21.6 31.4 40.1 44.5
nmprior
 10.8 10.6 4.6 0
nm_flota  nm_reclas  nm_pelaces    nm_pelaL
inf 13.2564 17.8612 56.5817
cv_recla  cv_pelaces  cv_mph
0.882169 0.538685 0.58713
 ------------------------------------------------
Talla a la edad & desviaci?n 
 7.2 14.2025 17.0495 18.207 18.6776
 1.08 2.13037 2.55742 2.73105 2.80164
