years
 1997 1998 1999 2000 2001 2002 2003 2004 2005 2006 2007 2008 2009 2010 2011 2012 2013 2014 2015 2016 2017 2018 2019 2020 2021 2022 2023
reclasobs
 0 0 0 370054 412103 1.49427e+06 250295 1.28982e+06 931140 785840 897777 1.04006e+06 184774 17550 25797 100020 73551 82996 120727 218422 84188 347160 605670 569463 516374 1.08416e+06 1.01767e+06
reclaspred
 561619 130868 185762 91436.8 196469 225059 759218 576977 746587 877635 760110 550296 388786 190472 113088 94917.1 97194.5 127634 140733 195891 306677 280417 448185 572841 678813 547724 352756
pelacesobs
 0 0 0 0 0 0 0 0 0 2.06254e+06 1.5e+06 0 1.87456e+06 323000 250000 174000 83755 137374 0 501740 490994 745055 786931 1.00524e+06 1.33801e+06 1.41789e+06 0
pelacespred
 1.80694e+06 335993 269128 210638 440839 325615 1.82407e+06 1.35458e+06 1.7235e+06 2.01964e+06 1.49643e+06 1.14776e+06 820563 322897 189838 174025 183295 251167 274727 379187 698722 616053 780620 1.12427e+06 1.30873e+06 1.13108e+06 643574
mphobs
 0 0 0 0 0 0 112323 0 153150 637223 0 255016 313432 73983 77613 109348 50772 17779 17303 59886 28197 0 207744 136588 643089 65757 70829
mphpred
 201461 103320 84112.5 43367.6 51268.1 106211 180815 306034 274134 353875 394214 275728 181158 130533 59293.7 41983.4 37223.4 46858.3 34715.6 37927.7 63384.8 82104.2 91394.6 130053 167391 146801 101870
desembarqueobs
 350755 77701 442110 56441 14545 235359 269955 359681 431902 328805 639364 411747 362871 311530 167758 66681 60226 58785 57116 73181 50977 67692 138656 160484 209506 203330 245020
desembarquepred
 350758 77697.2 442082 56451.4 14545.3 235379 269950 359617 431758 328739 639185 411643 362745 311683 167805 66708.5 60258.7 58777.3 57094.9 73171.1 50977.9 67685.9 138660 160487 209514 203342 245034
Reclutas
 31935.4 34292 10316.7 13959.5 32846.8 30295.4 74327.5 57603.3 99387.6 115309 64179.3 51658.7 57055 25531 12786.2 11310.2 8675.93 10936 11979.6 19197 25952.7 27495.4 46036.1 61821 22315.5 24423.3 26865.2
log_desv_Rt
 0.0914702 0.162666 -1.03848 -0.736085 0.11961 0.0387509 0.936236 0.681335 1.22678 1.37537 0.789437 0.572413 0.67177 -0.13235 -0.823881 -0.946541 -1.21169 -0.980186 -0.889043 -0.417489 -0.115969 -0.0582257 0.45718 0.751998 -0.266961 -0.176708 -0.0814114
SSB
 386706 198324 161454 83244.2 98409.3 203872 334707 578574 509844 662859 756696 529261 361534 238359 113554 81278.7 76308.3 90406.7 114429 132859 207173 261087 300200 404759 577951 527266 344138
BT
 1.35818e+06 309801 389225 179180 263678 356763 1.2861e+06 1.13442e+06 1.40134e+06 1.43845e+06 1.37288e+06 997215 813007 464561 245215 149439 151565 186714 193873 268230 425028 377482 513108 739056 825125 752811 555587
Ftot
 1.28962 1.29643 3.33959 1.37309 0.208442 1.8213 1.00827 1.30872 1.44124 0.853708 1.39994 1.22221 1.8135 2.67055 2.65054 1.28672 1.19913 0.906138 0.718655 0.735499 0.327087 0.384227 0.503852 0.523702 0.444692 0.482457 1.00267
BD_Bspro_t
 0.890412 0.585116 0.412312 0.164422 0.280218 0.494705 0.475405 0.565431 0.494759 0.515448 0.515723 0.361796 0.282713 0.22951 0.13703 0.12289 0.157706 0.245223 0.347414 0.440241 0.577976 0.691839 0.683618 0.68273 0.698224 0.612235 0.500739
BD_Bspro
 0.642428 0.329472 0.268221 0.138292 0.163486 0.33869 0.556044 0.961175 0.846995 1.1012 1.25709 0.879252 0.60061 0.395981 0.188646 0.135027 0.12677 0.150191 0.1901 0.220716 0.344173 0.43374 0.498717 0.67242 0.96014 0.875939 0.571711
BD_Bo
 0.609126 0.312393 0.254317 0.131124 0.155011 0.321133 0.52722 0.911351 0.803089 1.04411 1.19192 0.833674 0.569476 0.375455 0.178867 0.128028 0.120198 0.142406 0.180245 0.209275 0.326332 0.411256 0.472865 0.637564 0.910369 0.830532 0.542075
BD_Brms
 1.1075 0.567988 0.462395 0.238406 0.281838 0.583878 0.958581 1.657 1.46016 1.89839 2.16713 1.51577 1.03541 0.682645 0.325212 0.232777 0.218542 0.258919 0.327719 0.3805 0.593331 0.747738 0.859755 1.15921 1.65522 1.51006 0.985591
S_f
 0.0788531 0.61926 0.968655 0.9983 0.99991
 0.0788531 0.61926 0.968655 0.9983 0.99991
 0.0788531 0.61926 0.968655 0.9983 0.99991
 0.0788531 0.61926 0.968655 0.9983 0.99991
 0.0788531 0.61926 0.968655 0.9983 0.99991
 0.0788531 0.61926 0.968655 0.9983 0.99991
 0.0788531 0.61926 0.968655 0.9983 0.99991
 0.0788531 0.61926 0.968655 0.9983 0.99991
 0.0788531 0.61926 0.968655 0.9983 0.99991
 0.0788531 0.61926 0.968655 0.9983 0.99991
 0.0788531 0.61926 0.968655 0.9983 0.99991
 0.0788531 0.61926 0.968655 0.9983 0.99991
 0.0788531 0.61926 0.968655 0.9983 0.99991
 0.0788531 0.61926 0.968655 0.9983 0.99991
 0.0788531 0.61926 0.968655 0.9983 0.99991
 0.0788531 0.61926 0.968655 0.9983 0.99991
 0.0788531 0.61926 0.968655 0.9983 0.99991
 0.0788531 0.61926 0.968655 0.9983 0.99991
 0.0788531 0.61926 0.968655 0.9983 0.99991
 0.0788531 0.61926 0.968655 0.9983 0.99991
 0.0788531 0.61926 0.968655 0.9983 0.99991
 0.0788531 0.61926 0.968655 0.9983 0.99991
 0.0788531 0.61926 0.968655 0.9983 0.99991
 0.0788531 0.61926 0.968655 0.9983 0.99991
 0.0788531 0.61926 0.968655 0.9983 0.99991
 0.0788531 0.61926 0.968655 0.9983 0.99991
 0.0788531 0.61926 0.968655 0.9983 0.99991
Scru_reclas
 0.659357 0.906902 0.98001 0.995963 0.999195
 0.659357 0.906902 0.98001 0.995963 0.999195
 0.659357 0.906902 0.98001 0.995963 0.999195
 0.659357 0.906902 0.98001 0.995963 0.999195
 0.659357 0.906902 0.98001 0.995963 0.999195
 0.659357 0.906902 0.98001 0.995963 0.999195
 0.659357 0.906902 0.98001 0.995963 0.999195
 0.659357 0.906902 0.98001 0.995963 0.999195
 0.659357 0.906902 0.98001 0.995963 0.999195
 0.659357 0.906902 0.98001 0.995963 0.999195
 0.659357 0.906902 0.98001 0.995963 0.999195
 0.659357 0.906902 0.98001 0.995963 0.999195
 0.659357 0.906902 0.98001 0.995963 0.999195
 0.659357 0.906902 0.98001 0.995963 0.999195
 0.659357 0.906902 0.98001 0.995963 0.999195
 0.659357 0.906902 0.98001 0.995963 0.999195
 0.659357 0.906902 0.98001 0.995963 0.999195
 0.659357 0.906902 0.98001 0.995963 0.999195
 0.659357 0.906902 0.98001 0.995963 0.999195
 0.659357 0.906902 0.98001 0.995963 0.999195
 0.659357 0.906902 0.98001 0.995963 0.999195
 0.659357 0.906902 0.98001 0.995963 0.999195
 0.659357 0.906902 0.98001 0.995963 0.999195
 0.659357 0.906902 0.98001 0.995963 0.999195
 0.659357 0.906902 0.98001 0.995963 0.999195
 0.659357 0.906902 0.98001 0.995963 0.999195
 0.659357 0.906902 0.98001 0.995963 0.999195
Scru_pelaces
 0.753775 1 1 1 1
 0.753775 1 1 1 1
 0.753775 1 1 1 1
 0.753775 1 1 1 1
 0.753775 1 1 1 1
 0.753775 1 1 1 1
 0.753775 1 1 1 1
 0.753775 1 1 1 1
 0.753775 1 1 1 1
 0.753775 1 1 1 1
 0.753775 1 1 1 1
 0.753775 1 1 1 1
 0.753775 1 1 1 1
 0.753775 1 1 1 1
 0.753775 1 1 1 1
 0.753775 1 1 1 1
 0.753775 1 1 1 1
 0.753775 1 1 1 1
 0.753775 1 1 1 1
 0.753775 1 1 1 1
 0.753775 1 1 1 1
 0.753775 1 1 1 1
 0.753775 1 1 1 1
 0.753775 1 1 1 1
 0.753775 1 1 1 1
 0.753775 1 1 1 1
 0.753775 1 1 1 1
pf_obs 
 0.256992 0.487395 0.22802 0.0275931 0
 0.321318 0.546541 0.124235 0.00734118 0.000564706
 0.182869 0.594174 0.210203 0.0122559 0.00049798
 0.330522 0.361315 0.267642 0.0388342 0.00168674
 0.649043 0.306663 0.0425973 0.00169635 0
 0.582887 0.30429 0.105238 0.00758474 0
 0.465427 0.430635 0.0974691 0.00646863 0
 0.296916 0.608066 0.0921331 0.00288517 0
 0.311714 0.524322 0.152257 0.0117073 0
 0.15457 0.633149 0.183074 0.0267441 0.00246327
 0.131901 0.49318 0.331252 0.0422183 0.00144891
 0.196976 0.569456 0.194076 0.0375587 0.00193317
 0.518974 0.381816 0.0799577 0.0180837 0.00116848
 0.0928022 0.601141 0.25162 0.0475244 0.00691264
 0.122501 0.610282 0.24278 0.0234846 0.000952079
 0.383417 0.481906 0.127806 0.00687128 0
 0.0376549 0.599619 0.316969 0.0457579 0
 0.0361596 0.667082 0.258105 0.0386534 0
 0.158088 0.579412 0.248529 0.0139706 0
 0.0477256 0.309471 0.559284 0.082774 0.000745712
 0.0406174 0.521527 0.379366 0.0568643 0.0016247
 0.151134 0.462217 0.34131 0.0453401 0
 0.294876 0.26143 0.354403 0.0886775 0.000613685
 0.281977 0.475581 0.204845 0.0348837 0.00271318
 0.0841818 0.532909 0.334909 0.0458182 0.00218182
 0.115287 0.27431 0.454777 0.147771 0.00785563
 0 0 0 0 0
pf_pred 
 0.274249 0.492671 0.208066 0.0250008 1.31486e-05
 0.245257 0.605334 0.121515 0.0250421 0.00285156
 0.113383 0.699894 0.167033 0.0161765 0.00351375
 0.311582 0.51132 0.165116 0.0108334 0.00114824
 0.363327 0.514468 0.104746 0.0163379 0.00112117
 0.221178 0.625316 0.13384 0.0169355 0.00273088
 0.411966 0.452683 0.122618 0.0111936 0.00153846
 0.198765 0.693266 0.0934376 0.0132232 0.00130797
 0.322387 0.480443 0.183412 0.0119928 0.00176526
 0.252307 0.62415 0.103579 0.0186444 0.00131995
 0.133021 0.642174 0.203187 0.0182554 0.00336301
 0.157861 0.523048 0.273809 0.0411477 0.0041347
 0.23768 0.518796 0.18741 0.0485082 0.00760631
 0.15648 0.692369 0.126415 0.0193247 0.0054104
 0.172888 0.640957 0.173695 0.010568 0.00189168
 0.22469 0.605884 0.154369 0.0141279 0.000928283
 0.174092 0.613566 0.186919 0.0232736 0.00214989
 0.225497 0.517536 0.219219 0.0334329 0.00431536
 0.203222 0.571783 0.177815 0.0405172 0.00666237
 0.256171 0.49821 0.201485 0.0351852 0.00894821
 0.223982 0.564798 0.165674 0.0376446 0.00790153
 0.166387 0.545752 0.234442 0.0422113 0.0112078
 0.225117 0.452746 0.244531 0.0636213 0.0139843
 0.218008 0.539134 0.171492 0.0546659 0.0166993
 0.0667352 0.623965 0.245089 0.0458525 0.0183583
 0.0989195 0.304355 0.461077 0.10831 0.0273387
 0.155435 0.423865 0.195919 0.17517 0.0496104
pobs_RECLAS
 0 0 0 0 0
 0 0 0 0 0
 0 0 0 0 0
 0 0 0 0 0
 0.835266 0.146461 0.0176864 0.000547809 3.91292e-05
 0.385257 0.428462 0.181853 0.0044286 0
 0.867414 0.0963971 0.0333333 0.00285562 0
 0.441836 0.489002 0.0689373 0.000224442 0
 0.779404 0.147425 0.0564933 0.0165055 0.000172143
 0.814271 0.122319 0.05973 0.00367925 0
 0.40263 0.566651 0.0304383 0.000280538 0
 0.475488 0.404961 0.113038 0.00651328 0
 0.955842 0.0263864 0.0167828 0.000988607 0
 0.975058 0.0227948 0.00214734 0 0
 0.738997 0.206755 0.0527124 0.00153531 0
 0.850938 0.134255 0.0134407 0.00136685 0
 0.542534 0.407297 0.0501686 0 0
 0.764087 0.199537 0.0359546 0.000420521 0
 0.470689 0.182191 0.310203 0.0369168 0
 0.84361 0.089868 0.0606195 0.00523954 0.000663233
 0.607945 0.314616 0.071237 0.00620181 0
 0.523733 0.453247 0.0230204 0 0
 0.530135 0.295979 0.169645 0.0042399 0
 0.562478 0.366248 0.0663022 0.0049721 0
 0.250443 0.683176 0.0655157 0.000865301 0
 0.195077 0.31981 0.436473 0.0351445 0.0134964
 0.565238 0.351407 0.0832357 0.000118908 0
ppred_RECLAS
 0.721951 0.212799 0.0583707 0.00687552 3.62076e-06
 0.680551 0.275472 0.0358984 0.00725194 0.000826859
 0.513595 0.426986 0.0533768 0.00496402 0.00107844
 0.753332 0.20165 0.0420294 0.00270159 0.000286708
 0.777402 0.191414 0.0267838 0.00411767 0.000283025
 0.660908 0.294325 0.0391511 0.00483556 0.000780577
 0.819715 0.150534 0.0269978 0.00242055 0.000333151
 0.613837 0.35082 0.0306672 0.00425391 0.000421319
 0.765976 0.185277 0.045411 0.00290752 0.000428498
 0.679228 0.283388 0.0314283 0.00556111 0.000394277
 0.509476 0.400414 0.0816039 0.00718141 0.00132463
 0.567203 0.309784 0.105844 0.0156001 0.00156966
 0.692551 0.23827 0.053531 0.0135254 0.00212312
 0.580599 0.373291 0.0387677 0.00573544 0.00160674
 0.613856 0.33139 0.051199 0.00301542 0.000540092
 0.656694 0.290606 0.0481005 0.00431554 0.000283926
 0.583707 0.339627 0.06764 0.0082613 0.000764158
 0.660825 0.255023 0.0719704 0.0107866 0.0013943
 0.623335 0.297994 0.0623842 0.0139835 0.00230279
 0.694774 0.229385 0.0623945 0.0107176 0.00272973
 0.646068 0.281963 0.0566263 0.0126775 0.00266521
 0.565014 0.319983 0.0939154 0.0166577 0.00442987
 0.661422 0.22845 0.083902 0.0214947 0.00473197
 0.643667 0.273116 0.0590242 0.0185249 0.00566773
 0.317215 0.510737 0.136747 0.025197 0.0101041
 0.447963 0.236938 0.244299 0.0565122 0.0142866
 0.570518 0.260096 0.0796286 0.0699262 0.0198319
pobs_PELACES
 0 0 0 0 0
 0 0 0 0 0
 0 0 0 0 0
 0 0 0 0 0
 0 0 0 0 0
 0 0 0 0 0
 0 0 0 0 0
 0 0 0 0 0
 0 0 0 0 0
 0 0 0 0 0
 0.450072 0.473896 0.0757376 0.000293798 0
 0 0 0 0 0
 0.463077 0.371075 0.160297 0.00555027 0
 0.529543 0.364841 0.0842815 0.0213345 0
 0.631943 0.363953 0.00410389 0 0
 0.735681 0.248677 0.0153453 0.000297389 0
 0.695825 0.281241 0.0229344 0 0
 0.275771 0.60734 0.115278 0.00161068 0
 0 0 0 0 0
 0.896147 0.0623911 0.0374545 0.00400742 0
 0.803859 0.145111 0.0509908 3.86294e-05 0
 0.739449 0.233085 0.0266225 0.000797448 4.60066e-05
 0.878498 0.100942 0.0204185 0.000141795 0
 0.694673 0.275183 0.0284847 0.00165964 0
 0.469039 0.446079 0.0841089 0.000773354 0
 0.822795 0.102175 0.0682046 0.00682512 0
 0 0 0 0 0
ppred_PELACES
 0.78066 0.176344 0.038578 0.00441528 2.31605e-06
 0.741267 0.229669 0.0238512 0.00468133 0.000531668
 0.67541 0.298559 0.0235001 0.00208137 0.00044992
 0.807964 0.163297 0.0268847 0.00167774 0.000177346
 0.792131 0.181259 0.0229135 0.00345917 0.000236968
 0.743117 0.230677 0.023017 0.0027479 0.000441716
 0.853232 0.12626 0.0186552 0.00162964 0.000223449
 0.67964 0.296667 0.0206374 0.00278097 0.000274353
 0.821319 0.148188 0.0284652 0.00176823 0.000259553
 0.722711 0.249764 0.0232301 0.00401098 0.000283326
 0.589991 0.348437 0.0559184 0.00477631 0.000877501
 0.641725 0.271849 0.0746556 0.0106984 0.00107228
 0.773936 0.18586 0.0313503 0.00765718 0.00119693
 0.705559 0.271763 0.0191962 0.00272241 0.000759117
 0.734738 0.238474 0.0251171 0.00141834 0.000252861
 0.720313 0.244414 0.0322752 0.00281368 0.000184391
 0.651325 0.295156 0.0473736 0.00562696 0.000518471
 0.712514 0.225645 0.0530828 0.00775931 0.000999256
 0.66826 0.271076 0.0483394 0.0105871 0.00173717
 0.736659 0.205751 0.0475799 0.00798428 0.0020262
 0.672475 0.26704 0.0477918 0.0104946 0.00219878
 0.598175 0.305109 0.0792785 0.0137844 0.00365316
 0.698306 0.212644 0.0681921 0.0171056 0.00375256
 0.679767 0.253398 0.0477081 0.0146582 0.00446895
 0.349948 0.502024 0.118171 0.0213322 0.00852462
 0.497412 0.232842 0.210145 0.0476077 0.0119934
 0.640048 0.235363 0.0594013 0.050827 0.0143608
pobs_pel_tallas
 0 0 0 0 0 0 0 0 0 0 0 0 0 0 0 0 0 0 0 0 0 0 0 0 0 0 0 0 0 0 0 0 0 0 0 0
 0 0 0 0 0 0 0 0 0 0 0 0 0 0 0 0 0 0 0 0 0 0 0 0 0 0 0 0 0 0 0 0 0 0 0 0
 0 0 0 0 0 0 0 0 0 0 0 0 0 0 0 0 0 0 0 0 0 0 0 0 0 0 0 0 0 0 0 0 0 0 0 0
 0 0 0 0 0 0 0 0 0 0 0 0 0 0 0 0 0 0 0 0 0 0 0 0 0 0 0 0 0 0 0 0 0 0 0 0
 0 0 0 0 0 0 0 0 0 0 0 0 0 0 0 0 0 0 0 0 0 0 0 0 0 0 0 0 0 0 0 0 0 0 0 0
 0 0 0 0 0 0 0 0 0 0 0 0 0 0 0 0 0 0 0 0 0 0 0 0 0 0 0 0 0 0 0 0 0 0 0 0
 0 0 0 0 0 0 0 0 0 0 0 0 0 0 0 0 0 0 0 0 0 0 0 0 0 0 0 0 0 0 0 0 0 0 0 0
 0 0 0 0 0 0 0 0 0 0 0 0 0 0 0 0 0 0 0 0 0 0 0 0 0 0 0 0 0 0 0 0 0 0 0 0
 0 0 0 0 0 0 0 0 0 0 0 0 0 0 0 0 0 0 0 0 0 0 0 0 0 0 0 0 0 0 0 0 0 0 0 0
 0 0 0 0 0 0 0 0 0 0 0 0 0 0 0 0 0 0 0 0 0 0 0 0 0 0 0 0 0 0 0 0 0 0 0 0
 0 0 0 0 0 0 0 0 1.78061e-05 0.00172719 0.00360574 0.0105946 0.0120993 0.0124554 0.0147524 0.0171206 0.0266825 0.0428682 0.0675386 0.121331 0.153587 0.119568 0.100827 0.0573624 0.0630603 0.0341343 0.0324427 0.0444173 0.0211091 0.0280891 0.0125444 0.00206551 0 0 0 0
 0 0 0 0 0 0 0 0 0 0 0 0 0 0 0 0 0 0 0 0 0 0 0 0 0 0 0 0 0 0 0 0 0 0 0 0
 0 0 0 0 0 0 0.0133647 0.0140871 0.0187388 0.0205184 0.03894 0.0496705 0.03968 0.0493445 0.0407372 0.0367815 0.0215668 0.0243155 0.0234873 0.0199281 0.019796 0.0243948 0.0301388 0.0376714 0.0412746 0.0863199 0.0771752 0.113111 0.0741005 0.0525337 0.0229764 0.00759418 0.00175318 0 0 0
 0 0 0 0 0 0 0 0 0 0 0.00219441 0.00772107 0.0458388 0.0604681 0.0671733 0.0775358 0.0609151 0.0617685 0.073594 0.0568108 0.0755445 0.0548602 0.0670107 0.0636378 0.0643287 0.046367 0.0373049 0.0286899 0.0247887 0.0153202 0.00654259 0.00121912 0.000365735 0 0 0
 0 0 0 0 0 0 0 0 0 0 0 0 0.000112435 0.00938835 0.0111873 0.0202946 0.0414886 0.0713402 0.111592 0.104902 0.108894 0.110636 0.117776 0.105296 0.107544 0.0401394 0.0192827 0.0124803 0.00416011 0.0028671 0.000618394 0 0 0 0 0
 0 0 0 0 0 0 0 0 0 0 0.00291406 0.0102884 0.027416 0.0768956 0.0749926 0.110853 0.0956884 0.0897413 0.0766577 0.0534642 0.0500743 0.0551293 0.0594112 0.0620874 0.0668451 0.0424026 0.0208742 0.0120726 0.0048766 0.00582813 0.00118941 0.000297354 0 0 0 0
 0 0.00264628 0.0354308 0.0461629 0.0458689 0.0383711 0.0214643 0.0164657 0.0346957 0.0420465 0.0363128 0.0245516 0.0311673 0.0291091 0.0169068 0.0133784 0.00837989 0.0085269 0.0148486 0.0160247 0.0276389 0.0546898 0.0760071 0.122758 0.109233 0.0665981 0.0333725 0.0166128 0.00676272 0.00308733 0.000882094 0 0 0 0 0
 0 0 0 0 0 0 0 0.000805153 0.000690131 0.00759144 0.0133425 0.0154129 0.00931677 0.000345066 0.00356568 0.00563607 0.00851162 0.0253048 0.0502646 0.0516448 0.0657925 0.0565908 0.0611916 0.0827007 0.0866115 0.110766 0.145733 0.0935128 0.0569358 0.0249597 0.0138026 0.00621118 0.00161031 0.00115022 0 0
 0 0 0 0 0 0 0 0 0 0 0 0 0 0 0 0 0 0 0 0 0 0 0 0 0 0 0 0 0 0 0 0 0 0 0 0
 0.00147267 0.00158595 0.00478618 0.00569244 0.00954404 0.0108468 0.00647125 0.017049 0.0510054 0.094081 0.124002 0.0959785 0.0687766 0.0820023 0.061753 0.0591476 0.0492212 0.0479892 0.0443925 0.0268479 0.0217502 0.0140895 0.0121071 0.0120363 0.00920419 0.00665534 0.0049561 0.00860946 0.00930331 0.0156896 0.0114698 0.00855282 0.00243557 0.00046729 0 2.83206e-05
 0 0 0 0 0.000772559 0.00158375 0.000888443 0.00281984 0.00712685 0.0440552 0.0773331 0.111326 0.0921469 0.0852325 0.0710754 0.0886704 0.0786465 0.0553345 0.0373146 0.0185414 0.00753245 0.00457741 0.012979 0.0271748 0.0457355 0.0583668 0.034881 0.0177882 0.00938659 0.00492506 0.0015258 0.00185414 0.000309023 5.79419e-05 3.86279e-05 0
 0 0.00173294 0.00326652 0 0.00397197 0.00683976 0.00946217 0.0152591 0.00757587 0.0136028 0.0228656 0.0392903 0.0559909 0.0764795 0.0681675 0.0726916 0.0566044 0.0477403 0.0527397 0.0444891 0.0609904 0.0582453 0.0661739 0.0445044 0.0529084 0.0360697 0.0280645 0.0235558 0.0158879 0.00826598 0.00280645 0.00217768 0.000904811 0.00058276 9.20147e-05 0
 0 0 0 0 0 0 0 0 0 0 0 0 0 0 0 0 0 0 0 0 0 0 0 0 0 0 0 0 0 0 0 0 0 0 0 0
 0 0 0 0 0 0 0 0 0 0 0 0 0 0 0 0 0 0 0 0 0 0 0 0 0 0 0 0 0 0 0 0 0 0 0 0
 0 0 0 0 0 0 0 0 0 0 0 0 0 0 0 0 0 0 0 0 0 0 0 0 0 0 0 0 0 0 0 0 0 0 0 0
 0 0 0 0 0 0 0 0 0 0 0 0 0 0 0 0 0 0 0 0 0 0 0 0 0 0 0 0 0 0 0 0 0 0 0 0
 0 0 0 0 0 0 0 0 0 0 0 0 0 0 0 0 0 0 0 0 0 0 0 0 0 0 0 0 0 0 0 0 0 0 0 0
ppred_pel_tallas
 1.00758e-16 3.40603e-05 0.000199909 0.000950281 0.00365864 0.0114091 0.0288186 0.0589666 0.0977436 0.131266 0.142842 0.125994 0.090183 0.0526159 0.0255059 0.0111839 0.00592846 0.00535685 0.00677794 0.00899919 0.0115168 0.0140119 0.0161879 0.0177717 0.0185633 0.0184805 0.0175753 0.0160156 0.0140387 0.0118946 0.00979601 0.00788908 0.00624801 0.00488774 0.00378566 0.00290276
 1.006e-16 3.23447e-05 0.000189832 0.000902364 0.00347413 0.0108337 0.0273652 0.0559933 0.0928168 0.124655 0.135663 0.119695 0.085749 0.0501789 0.0246041 0.0112638 0.00664846 0.00661147 0.00859382 0.0114323 0.0145868 0.0176666 0.02029 0.0221058 0.0228641 0.0224737 0.0210239 0.0187569 0.0160053 0.0131131 0.0103683 0.00796269 0.00598421 0.00443533 0.00326424 0.0023961
 1.00524e-16 2.94758e-05 0.000172983 0.000822247 0.00316563 0.00987169 0.0249353 0.051022 0.0845787 0.113599 0.123652 0.109148 0.0783027 0.0460422 0.0229869 0.0112157 0.0075681 0.00829098 0.0110513 0.014749 0.0188072 0.0227462 0.0260741 0.028336 0.0292099 0.0285827 0.0265779 0.0235196 0.0198493 0.0160231 0.0124217 0.00929742 0.00676396 0.0048204 0.00339236 0.00237389
 1.00501e-16 3.52503e-05 0.000206897 0.000983504 0.00378656 0.0118081 0.0298262 0.0610282 0.10116 0.135853 0.147828 0.13038 0.0932966 0.0543802 0.0262631 0.011348 0.00577299 0.00499399 0.00622267 0.00822974 0.0105084 0.0127527 0.0146856 0.0160552 0.0166795 0.0164883 0.0155378 0.0139923 0.012081 0.0100433 0.00808142 0.00633252 0.00486329 0.00368216 0.0027603 0.00205258
 1.00515e-16 3.45607e-05 0.000202846 0.000964244 0.0037124 0.0115768 0.029242 0.0598331 0.0991798 0.133195 0.144941 0.127845 0.0915085 0.0533896 0.025881 0.0113474 0.00601107 0.00542237 0.00684682 0.00906924 0.0115723 0.0140267 0.0161269 0.0175948 0.0182314 0.0179622 0.0168547 0.0150967 0.0129471 0.0106752 0.008507 0.00659386 0.00500681 0.00375054 0.00278754 0.00206228
 1.00518e-16 3.24254e-05 0.000190306 0.000904615 0.0034828 0.0108608 0.0274335 0.0561331 0.0930484 0.124966 0.136001 0.119994 0.0859633 0.0503047 0.0246666 0.0112935 0.00666718 0.00663033 0.00861702 0.0114604 0.0146178 0.0176966 0.0203127 0.0221136 0.0228485 0.0224268 0.0209396 0.0186324 0.0158411 0.0129139 0.010142 0.00771927 0.00573469 0.00419044 0.00303335 0.00218646
 1.00373e-16 3.72227e-05 0.00021848 0.00103858 0.00399863 0.0124694 0.0314966 0.0644457 0.106824 0.143454 0.156089 0.137639 0.0984325 0.0572563 0.0274322 0.0114765 0.00529033 0.00406017 0.00484004 0.00635014 0.00809687 0.00981949 0.0112995 0.0123416 0.0128062 0.01264 0.011888 0.0106791 0.00919182 0.00761252 0.00609806 0.0047543 0.00363188 0.00273588 0.00204228 0.00151445
 1.00499e-16 2.96602e-05 0.000174065 0.000827394 0.00318545 0.0099335 0.0250914 0.0513414 0.0851081 0.11431 0.124424 0.109828 0.0787852 0.0463158 0.0231046 0.0112417 0.00754482 0.0082358 0.0109664 0.0146308 0.0186516 0.0225507 0.0258393 0.0280659 0.0289114 0.028265 0.0262514 0.0231946 0.0195354 0.0157283 0.0121523 0.00905786 0.00655691 0.00464673 0.00325131 0.00226324
 1.00526e-16 3.58321e-05 0.000210313 0.000999751 0.00384912 0.0120032 0.030319 0.0620363 0.102831 0.138095 0.150264 0.132518 0.0948048 0.0552156 0.026585 0.0113476 0.00557067 0.00463014 0.00569216 0.00751545 0.009602 0.0116657 0.0134535 0.0147361 0.0153468 0.0152193 0.0144011 0.0130378 0.0113335 0.00950238 0.00772603 0.00612857 0.00477169 0.00366557 0.0027875 0.00210029
 1.00563e-16 3.15364e-05 0.000185085 0.000879791 0.00338721 0.0105627 0.0266806 0.0545926 0.0904957 0.12154 0.132279 0.116724 0.0836521 0.0490155 0.0241523 0.0112567 0.00691762 0.00709952 0.00930687 0.0123938 0.015809 0.0191358 0.0219599 0.0239004 0.0246861 0.02422 0.0226017 0.0200978 0.0170732 0.0139051 0.0109088 0.00829394 0.00615582 0.0044957 0.0032548 0.00234875
 1.01113e-16 2.57533e-05 0.000151123 0.000718314 0.00276545 0.00862371 0.021783 0.0445727 0.0738905 0.0992522 0.108057 0.0954341 0.0685775 0.0405518 0.0206695 0.0107882 0.00818939 0.00962584 0.0130667 0.017521 0.0224105 0.027201 0.0313236 0.034244 0.0355756 0.0351685 0.0331435 0.0298516 0.0257821 0.0214451 0.0172716 0.0135531 0.0104305 0.00792062 0.00596087 0.00445429
 1.01567e-16 2.8006e-05 0.000164356 0.000781238 0.00300775 0.00937934 0.0236916 0.0484772 0.0803601 0.107933 0.117483 0.1037 0.0743886 0.0437301 0.0218147 0.0106182 0.00714138 0.00782591 0.0104685 0.0140438 0.0180289 0.0219944 0.0254953 0.0281104 0.029526 0.029605 0.0284143 0.0261961 0.0232999 0.0200967 0.0169042 0.0139441 0.0113332 0.00910352 0.00723339 0.00567835
 1.00825e-16 3.37675e-05 0.000198189 0.000942102 0.00362715 0.0113109 0.0285705 0.0584591 0.0969026 0.130138 0.141617 0.124919 0.0894262 0.0522002 0.0253524 0.0111981 0.00605179 0.00557086 0.00708627 0.00940999 0.0120314 0.0146191 0.016862 0.0184742 0.0192486 0.0191036 0.0181 0.0164208 0.0143213 0.0120681 0.00988564 0.00792556 0.0062609 0.00490054 0.0038133 0.00295137
 1.00491e-16 3.07894e-05 0.000180697 0.000858926 0.00330687 0.0103121 0.0260478 0.053298 0.0883505 0.118662 0.129152 0.113981 0.0817196 0.0479508 0.0237535 0.0112811 0.00721503 0.00762228 0.0100653 0.0134117 0.0170961 0.0206721 0.0236903 0.025737 0.0265199 0.0259372 0.0241026 0.0213125 0.0179698 0.0144904 0.0112206 0.0083895 0.00609919 0.0043472 0.0030641 0.00215197
 1.00495e-16 3.20604e-05 0.000188162 0.000894422 0.00344355 0.0107384 0.0271243 0.0555005 0.0920003 0.12356 0.134473 0.118651 0.0850144 0.0497757 0.024456 0.0112795 0.00677184 0.00682602 0.00890511 0.011851 0.0151175 0.0183021 0.0210082 0.0228709 0.0236304 0.0231927 0.0216515 0.0192601 0.016366 0.0133295 0.0104522 0.00793584 0.00587347 0.00426847 0.00306673 0.00218915
 1.00644e-16 3.14316e-05 0.00018447 0.000876869 0.00337596 0.0105276 0.026592 0.0544113 0.0901951 0.121136 0.131838 0.116333 0.0833678 0.0488405 0.0240507 0.0111841 0.0068404 0.00699771 0.00917072 0.0122214 0.0156062 0.0189174 0.0217494 0.0237276 0.0245833 0.0242157 0.0227153 0.0203351 0.0174248 0.0143479 0.0114102 0.00881716 0.00666582 0.0049637 0.00366107 0.00268334
 1.00987e-16 2.84255e-05 0.000166817 0.000792933 0.00305277 0.00951973 0.0240462 0.049203 0.0815637 0.109551 0.119247 0.105266 0.0755309 0.0444389 0.0222363 0.0109338 0.00749071 0.00829461 0.0111018 0.0148548 0.018997 0.0230604 0.0265603 0.0290439 0.0301835 0.029852 0.028151 0.0253772 0.0219439 0.0182823 0.0147562 0.0116117 0.00896774 0.00683833 0.00517083 0.0038838
 1.01141e-16 3.10908e-05 0.000182471 0.000867369 0.00333939 0.0104136 0.0263039 0.0538218 0.0892174 0.119822 0.130405 0.115061 0.08244 0.048265 0.0237085 0.0109282 0.00655743 0.00661793 0.00865725 0.0115631 0.0148194 0.0180493 0.0208796 0.0229614 0.0240376 0.0240001 0.0229118 0.0209823 0.0185101 0.01581 0.0131502 0.0107155 0.00860059 0.00682618 0.00536676 0.00417697
 1.0122e-16 2.9163e-05 0.000171149 0.000813532 0.00313209 0.00976709 0.024671 0.0504811 0.0836816 0.112393 0.122333 0.107973 0.0774343 0.0454814 0.0226149 0.0108841 0.00715645 0.00771763 0.0102668 0.0137345 0.0175808 0.0213708 0.0246594 0.0270307 0.0281818 0.027992 0.0265484 0.0241156 0.0210644 0.0177821 0.0145957 0.0117264 0.00928206 0.00727727 0.00566866 0.00438859
 1.01112e-16 3.21429e-05 0.000188649 0.000896744 0.0034525 0.0107663 0.0271948 0.0556445 0.0922381 0.123876 0.13481 0.118932 0.085179 0.0497983 0.0243307 0.0109945 0.00629621 0.00611403 0.00791124 0.0105486 0.0135172 0.0164648 0.0190496 0.0209536 0.0219428 0.021919 0.0209394 0.019195 0.0169574 0.0145126 0.0121039 0.00989831 0.00798082 0.00636928 0.00503978 0.00395084
 1.01229e-16 2.93466e-05 0.000172227 0.00081866 0.00315183 0.00982866 0.0248265 0.0507993 0.0842088 0.1131 0.123102 0.108648 0.0779114 0.0457473 0.0227203 0.0108903 0.00710255 0.00761739 0.0101195 0.013535 0.017326 0.0210626 0.0243064 0.0266474 0.0277875 0.0276074 0.0261927 0.0238038 0.0208053 0.0175783 0.0144443 0.011621 0.00921424 0.00723831 0.0056506 0.00438475
 1.0187e-16 2.61084e-05 0.000153212 0.000728253 0.00280373 0.0087431 0.0220846 0.0451893 0.0749114 0.100619 0.109535 0.0967145 0.069443 0.0409544 0.0206744 0.0104684 0.00756435 0.00866221 0.0117106 0.0157341 0.0201996 0.0246384 0.0285541 0.0314755 0.0330523 0.0331333 0.0317955 0.029313 0.0260791 0.02251 0.0189609 0.0156774 0.0127872 0.0103217 0.00825325 0.00652906
 1.01801e-16 3.04708e-05 0.000178832 0.000850071 0.00327279 0.0102059 0.0257793 0.0527483 0.0874378 0.117431 0.127802 0.112761 0.0807852 0.0472825 0.023201 0.0106541 0.00634213 0.00636821 0.00833443 0.0111608 0.0143556 0.0175669 0.0204452 0.0226602 0.0239631 0.0242389 0.023528 0.0220051 0.019927 0.0175681 0.0151636 0.0128785 0.0108021 0.00896311 0.00735424 0.00595419
 1.01473e-16 2.9664e-05 0.000174092 0.000827527 0.00318598 0.00993515 0.0250955 0.0513495 0.0851204 0.114323 0.124429 0.10981 0.078725 0.046185 0.0228636 0.010836 0.00690688 0.00729197 0.00965188 0.0129097 0.0165383 0.0201275 0.0232618 0.0255528 0.0267166 0.0266376 0.025393 0.023224 0.0204696 0.0174845 0.014567 0.0119189 0.00963758 0.00773679 0.0061786 0.00490487
 1.02973e-16 1.52926e-05 8.96957e-05 0.000426248 0.00164087 0.00511671 0.0129249 0.0264494 0.0438557 0.058936 0.0642368 0.0569059 0.0412684 0.0251611 0.0142241 0.0096975 0.0101066 0.0136265 0.0190712 0.0257457 0.0330518 0.0402829 0.0466342 0.0513345 0.0538125 0.0538268 0.051514 0.0473355 0.0419488 0.0360461 0.030216 0.024862 0.020189 0.0162403 0.0129591 0.0102478
 1.05256e-16 2.1712e-05 0.000127407 0.000605588 0.00233146 0.00727036 0.0183645 0.0375773 0.0622927 0.0836702 0.0910837 0.080423 0.0577458 0.0340587 0.0172032 0.0087393 0.00637754 0.0074004 0.0101418 0.0138434 0.018124 0.0226554 0.0270712 0.0309939 0.0340998 0.0361749 0.0371432 0.0370555 0.036051 0.0343074 0.0319991 0.0292766 0.0262652 0.0230763 0.0198197 0.0166088
 1.03338e-16 2.79313e-05 0.000163921 0.000779178 0.00299983 0.00935466 0.0236292 0.0483492 0.080147 0.107644 0.11716 0.103396 0.0741283 0.0434927 0.0215403 0.0102278 0.00655104 0.00695431 0.0092454 0.0124241 0.0160105 0.0196354 0.0229223 0.0255137 0.0271404 0.0276787 0.0271717 0.0258046 0.0238463 0.0215782 0.019234 0.0169678 0.0148531 0.0129029 0.0111008 0.00942577
pSPR Fmed_Fpbrs
0.536275   0.6 0.325
Fs Fmed_Fpbrs
0.64   0.484066 1.73345
SSBpbr Bo_Bmed_Bpbrs
634853  308713  349169 174585
Ro
29143.9
SPR SPRFo_SPRFmed_SPRFpbrs
601944 322808 195632
log_Ro
10.1
likeval ReclasPelacesDesembMPH_pf_preclas_ppelaces_ptallas_desvR_qrecl_qpela
 0.00103272 11.3303 0.00734413 16.3597 318.371 208.118 54.437 0 19.0233 1.50971e-08 8.72118e-05 5.39929e-14 0 0 0
q_reclas_q_pelaces
1.01756 3.77583
M
0.7
N
 31935.4 9696.77 3083.37 364.272 0.191409
 34292 14325.3 2166.66 439.038 49.9489
 10316.7 15374.1 3187.37 306.478 66.5462
 13959.5 3937.05 965.231 62.3052 6.59807
 32846.8 6220.73 835.382 126.763 8.68625
 30295.4 16045.3 2715.05 338.994 54.6249
 74327.5 13031.6 2579.41 230.986 31.7145
 57603.3 34089 3465.99 482.34 47.6679
 99387.6 25800.2 7527.32 484.47 71.2509
 115309 44052.5 5248.2 925.408 65.4433
 64179.3 53532.9 12893.4 1139.89 209.813
 51658.7 28539.6 11171.5 1649.8 165.626
 57055 23296 6648.73 1698.03 266.071
 25531 24557.4 3763.14 569.935 159.489
 12786.2 10270.9 2333.23 140.635 25.1613
 11310.2 5151.88 988.015 88.9035 5.83622
 8675.93 5074.57 1153.21 141.078 13.0199
 10936 3919.63 1199.22 179.246 23.1115
 11979.6 5056.16 1110.56 247.568 40.6611
 19197 5621.14 1608.94 274.922 69.8368
 25952.7 8995.81 1770.16 391.852 82.1345
 27495.4 12559.6 3648.1 640.334 169.789
 46036.1 13246.3 4916.26 1248.6 274.097
 61821 21970.4 4814.86 1498.54 457.19
 22315.5 29457.5 7888.35 1439.68 575.655
 24423.3 10699.7 11106.9 2546.28 641.879
 26865.2 11675.5 3941.07 3456.42 977.899
pred_Ctot
 2233.76 4012.8 1694.69 203.631 0.107095
 2410.7 5949.99 1194.4 246.146 28.0288
 1743.95 10765.1 2569.13 248.811 54.0451
 1036.65 1701.18 549.347 36.043 3.82022
 385.454 545.801 111.125 17.3329 1.18945
 2938.94 8308.98 1778.42 225.033 36.287
 4104.12 4509.75 1221.56 111.513 15.3265
 4086.13 14251.9 1920.86 271.838 26.8887
 7728.93 11518.2 4397.13 287.517 42.3205
 5419.67 13407 2224.93 400.491 28.3531
 4854.79 23437.1 7415.63 666.257 122.738
 3432.37 11372.6 5953.44 894.675 89.9009
 5512.65 12032.7 4346.71 1125.08 176.418
 3529.06 15614.8 2851.01 435.824 122.019
 1755.32 6507.57 1763.51 107.296 19.2061
 789.402 2128.65 542.344 49.6355 3.26133
 566.019 1994.86 607.723 75.6687 6.98987
 544.589 1249.88 529.426 80.7423 10.4219
 476.194 1339.81 416.659 94.9405 15.6114
 780.523 1517.99 613.903 107.205 27.2642
 475.94 1200.14 352.041 79.9911 16.79
 591.144 1938.96 832.931 149.969 39.8194
 1292.55 2599.52 1404.01 365.292 80.2933
 1802.88 4458.52 1418.21 452.075 138.1
 554.118 5180.93 2035.03 380.724 152.434
 657.098 2021.75 3062.82 719.474 181.604
 1475.44 4023.46 1859.73 1662.77 470.918
F
 0.10169 0.798608 1.24919 1.28742 1.2895
 0.102228 0.802828 1.25579 1.29423 1.29632
 0.263337 2.06807 3.23491 3.33391 3.33929
 0.108272 0.850297 1.33005 1.37075 1.37296
 0.0164363 0.129079 0.201908 0.208087 0.208423
 0.143615 1.12786 1.76421 1.8182 1.82113
 0.0795055 0.624383 0.976669 1.00656 1.00818
 0.103197 0.810437 1.2677 1.30649 1.3086
 0.113646 0.892499 1.39606 1.43878 1.44111
 0.0673176 0.528667 0.826948 0.852257 0.853632
 0.11039 0.866929 1.35606 1.39756 1.39982
 0.0963751 0.756866 1.1839 1.22013 1.2221
 0.143 1.12303 1.75666 1.81042 1.81334
 0.210581 1.65376 2.58684 2.66601 2.67031
 0.209003 1.64137 2.56746 2.64603 2.6503
 0.101462 0.796812 1.24638 1.28453 1.2866
 0.0945554 0.742575 1.16155 1.19709 1.19903
 0.0714518 0.561135 0.877735 0.904598 0.906057
 0.0566682 0.445034 0.696129 0.717433 0.718591
 0.0579964 0.455464 0.712444 0.734248 0.735433
 0.0257918 0.202552 0.316834 0.326531 0.327058
 0.0302975 0.237936 0.372183 0.383573 0.384192
 0.0397303 0.312015 0.488059 0.502995 0.503807
 0.0412955 0.324307 0.507286 0.522811 0.523655
 0.0350654 0.27538 0.430753 0.443936 0.444652
 0.0380432 0.298766 0.467334 0.481637 0.482414
 0.0790634 0.620911 0.971238 1.00096 1.00258
Np
 20209.9 9660.09 4535.83 968.207 296.406
YTP_r0W_actual
 5946.37 47791.4 34217.2 39268.5 12345
YTP_p0W_proyectada
 4473.28 50457 27054.6 8418.26 9414.58
 4473.28 39541.7 39381 10999.8 3741.83
CTP_r0_actual
 725.167 2212.57 1089.72 979.264 277.415
CTP_p0_proyectada
 545.522 2335.97 861.612 209.932 211.563
 545.522 1830.63 1254.17 274.31 84.086
Wmedp
 8.2 21.6 31.4 40.1 44.5
nmprior
 10.8 10.6 4.6 0
nm_flota  nm_reclas  nm_pelaces    nm_pelaL
inf 18.7652 19.5921 64.4039
cv_recla  cv_pelaces  cv_mph
0.927684 0.368732 0.540497
 ------------------------------------------------
Talla a la edad & desviaci?n 
 7.2 14.2025 17.0495 18.207 18.6776
 1.08 2.13037 2.55742 2.73105 2.80164
