years
 1997 1998 1999 2000 2001 2002 2003 2004 2005 2006 2007 2008 2009 2010 2011 2012 2013 2014 2015 2016 2017 2018 2019 2020 2021 2022 2023
reclasobs
 0 0 0 370054 412103 1.49427e+06 250295 1.28982e+06 931140 785840 897777 1.04006e+06 184774 17550 25797 100020 73551 82996 120727 218422 84188 347160 605670 569463 516374 1.08416e+06 1.01767e+06
reclaspred
 676183 153867 200246 83948.3 203743 226277 807853 626007 798573 985002 864441 625022 441769 216996 123830 101067 101146 129702 141122 186547 295031 268194 425075 553986 641331 450468 182821
pelacesobs
 0 0 0 0 0 0 0 0 0 2.06254e+06 1.5e+06 0 1.87456e+06 323000 250000 174000 83755 137374 0 501740 490994 745055 786931 1.00524e+06 1.33801e+06 1.41789e+06 0
pelacespred
 1.97417e+06 407502 256111 180730 437372 308266 1.84712e+06 1.40671e+06 1.74963e+06 2.18875e+06 1.67706e+06 1.30667e+06 905594 354802 196468 179283 182906 247634 270951 350289 660503 603510 743262 1.06712e+06 1.25769e+06 985365 285646
mphobs
 0 0 0 0 0 0 112323 0 153150 637223 0 255016 313432 73983 77613 109348 50772 17779 17303 59886 28197 0 207744 136588 643089 65757 70829
mphpred
 225852 111843 87649.8 38082.3 44745 100562 171372 303714 267863 354428 406777 285127 188873 138855 61819.9 41778.3 35728.9 44233 38758.9 40298.1 66536.8 87014.7 95271 137469 176515 141158 73222.6
desembarqueobs
 350755 77701 442110 56441 14545 235359 269955 359681 431902 328805 639364 411747 362871 311530 167758 66681 60226 58785 57116 73181 50977 67692 138656 160484 209506 203330 245020
desembarquepred
 350749 77688.2 441962 56446.5 14544.8 235304 269912 359539 431660 328693 639000 411520 362624 311573 167747 66698.4 60249.1 58765.2 57082.4 73157.8 50975.2 67678.8 138644 160466 209489 203318 245034
Reclutas
 30246.5 34217.3 8473.49 11638.7 31538.1 27401.2 72697 54376.9 95751.2 115391 64248.5 52530.2 56850.9 25554.6 12105.3 10611 8037.27 10037.1 10423.9 16146.3 22232.9 23421.8 40310.8 53809.3 17218.2 16461.8 12958
log_desv_Rt
 0.157135 0.280486 -1.1153 -0.79791 0.198952 0.058342 1.03406 0.743695 1.30951 1.49608 0.910513 0.709143 0.788187 -0.0114275 -0.758605 -0.890358 -1.16815 -0.945961 -0.908145 -0.470552 -0.150671 -0.098576 0.444374 0.733202 -0.406277 -0.451204 -0.69053
SSB
 399110 197640 154888 67296.3 79070.1 177706 291417 528132 457511 610612 718827 503855 347476 228742 107191 73395.9 66885.5 77558.9 97196 108229 165247 209893 238136 323911 465485 391587 194342
BT
 1.32619e+06 309849 360974 150801 235949 322718 1.21853e+06 1.05783e+06 1.31886e+06 1.38112e+06 1.33337e+06 975694 798172 456183 235539 138301 137417 166556 167713 224250 351707 309896 424832 615604 667360 563184 342373
Ftot
 1.26076 1.3517 3.64153 1.85632 0.277924 2.29118 1.28355 1.54183 1.73883 0.99159 1.56276 1.35269 1.99823 2.95261 3.00355 1.52913 1.46536 1.14207 0.904636 0.96756 0.435314 0.505225 0.672214 0.693489 0.584306 0.685321 2.12849
BD_Bspro_t
 0.892969 0.583547 0.401091 0.138034 0.240875 0.459971 0.443054 0.54177 0.465535 0.494123 0.501169 0.349323 0.273477 0.220864 0.12956 0.111786 0.140445 0.217337 0.310693 0.38936 0.521866 0.642466 0.630459 0.631844 0.649102 0.537072 0.352844
BD_Bspro
 0.74757 0.370199 0.29012 0.126052 0.148106 0.332859 0.545851 0.989239 0.856959 1.14373 1.34643 0.943767 0.650854 0.428455 0.200779 0.137477 0.125283 0.145275 0.182057 0.202723 0.309523 0.393149 0.446051 0.606715 0.871896 0.733477 0.36402
BD_Bo
 0.730829 0.361908 0.283623 0.123229 0.144789 0.325405 0.533627 0.967086 0.837769 1.11812 1.31628 0.922633 0.636279 0.418861 0.196283 0.134399 0.122477 0.142022 0.17798 0.198183 0.302592 0.384345 0.436062 0.593129 0.852371 0.717052 0.355869
BD_Brms
 1.32878 0.658015 0.515679 0.224053 0.263253 0.591646 0.970231 1.75834 1.52322 2.03295 2.39323 1.67751 1.15687 0.761565 0.356879 0.244361 0.222686 0.258221 0.3236 0.360333 0.550167 0.69881 0.792841 1.07842 1.54977 1.30373 0.647034
S_f
 0.0710471 0.592359 0.965047 0.998097 0.9999
 0.0710471 0.592359 0.965047 0.998097 0.9999
 0.0710471 0.592359 0.965047 0.998097 0.9999
 0.0710471 0.592359 0.965047 0.998097 0.9999
 0.0710471 0.592359 0.965047 0.998097 0.9999
 0.0710471 0.592359 0.965047 0.998097 0.9999
 0.0710471 0.592359 0.965047 0.998097 0.9999
 0.0710471 0.592359 0.965047 0.998097 0.9999
 0.0710471 0.592359 0.965047 0.998097 0.9999
 0.0710471 0.592359 0.965047 0.998097 0.9999
 0.0710471 0.592359 0.965047 0.998097 0.9999
 0.0710471 0.592359 0.965047 0.998097 0.9999
 0.0710471 0.592359 0.965047 0.998097 0.9999
 0.0710471 0.592359 0.965047 0.998097 0.9999
 0.0710471 0.592359 0.965047 0.998097 0.9999
 0.0710471 0.592359 0.965047 0.998097 0.9999
 0.0710471 0.592359 0.965047 0.998097 0.9999
 0.0710471 0.592359 0.965047 0.998097 0.9999
 0.0710471 0.592359 0.965047 0.998097 0.9999
 0.0710471 0.592359 0.965047 0.998097 0.9999
 0.0710471 0.592359 0.965047 0.998097 0.9999
 0.0710471 0.592359 0.965047 0.998097 0.9999
 0.0710471 0.592359 0.965047 0.998097 0.9999
 0.0710471 0.592359 0.965047 0.998097 0.9999
 0.0710471 0.592359 0.965047 0.998097 0.9999
 0.0710471 0.592359 0.965047 0.998097 0.9999
 0.0710471 0.592359 0.965047 0.998097 0.9999
Scru_reclas
 0.672011 1 1 1 1
 0.672011 1 1 1 1
 0.672011 1 1 1 1
 0.672011 1 1 1 1
 0.672011 1 1 1 1
 0.672011 1 1 1 1
 0.672011 1 1 1 1
 0.672011 1 1 1 1
 0.672011 1 1 1 1
 0.672011 1 1 1 1
 0.672011 1 1 1 1
 0.672011 1 1 1 1
 0.672011 1 1 1 1
 0.672011 1 1 1 1
 0.672011 1 1 1 1
 0.672011 1 1 1 1
 0.672011 1 1 1 1
 0.672011 1 1 1 1
 0.672011 1 1 1 1
 0.672011 1 1 1 1
 0.672011 1 1 1 1
 0.672011 1 1 1 1
 0.672011 1 1 1 1
 0.672011 1 1 1 1
 0.672011 1 1 1 1
 0.672011 1 1 1 1
 0.672011 1 1 1 1
Scru_pelaces
 0.546616 0.858508 0.96829 0.993535 0.998709
 0.546616 0.858508 0.96829 0.993535 0.998709
 0.546616 0.858508 0.96829 0.993535 0.998709
 0.546616 0.858508 0.96829 0.993535 0.998709
 0.546616 0.858508 0.96829 0.993535 0.998709
 0.546616 0.858508 0.96829 0.993535 0.998709
 0.546616 0.858508 0.96829 0.993535 0.998709
 0.546616 0.858508 0.96829 0.993535 0.998709
 0.546616 0.858508 0.96829 0.993535 0.998709
 0.546616 0.858508 0.96829 0.993535 0.998709
 0.546616 0.858508 0.96829 0.993535 0.998709
 0.546616 0.858508 0.96829 0.993535 0.998709
 0.546616 0.858508 0.96829 0.993535 0.998709
 0.546616 0.858508 0.96829 0.993535 0.998709
 0.546616 0.858508 0.96829 0.993535 0.998709
 0.546616 0.858508 0.96829 0.993535 0.998709
 0.546616 0.858508 0.96829 0.993535 0.998709
 0.546616 0.858508 0.96829 0.993535 0.998709
 0.546616 0.858508 0.96829 0.993535 0.998709
 0.546616 0.858508 0.96829 0.993535 0.998709
 0.546616 0.858508 0.96829 0.993535 0.998709
 0.546616 0.858508 0.96829 0.993535 0.998709
 0.546616 0.858508 0.96829 0.993535 0.998709
 0.546616 0.858508 0.96829 0.993535 0.998709
 0.546616 0.858508 0.96829 0.993535 0.998709
 0.546616 0.858508 0.96829 0.993535 0.998709
 0.546616 0.858508 0.96829 0.993535 0.998709
pf_obs 
 0.256992 0.487395 0.22802 0.0275931 0
 0.321318 0.546541 0.124235 0.00734118 0.000564706
 0.182869 0.594174 0.210203 0.0122559 0.00049798
 0.330522 0.361315 0.267642 0.0388342 0.00168674
 0.649043 0.306663 0.0425973 0.00169635 0
 0.582887 0.30429 0.105238 0.00758474 0
 0.465427 0.430635 0.0974691 0.00646863 0
 0.296916 0.608066 0.0921331 0.00288517 0
 0.311714 0.524322 0.152257 0.0117073 0
 0.15457 0.633149 0.183074 0.0267441 0.00246327
 0.131901 0.49318 0.331252 0.0422183 0.00144891
 0.196976 0.569456 0.194076 0.0375587 0.00193317
 0.518974 0.381816 0.0799577 0.0180837 0.00116848
 0.0928022 0.601141 0.25162 0.0475244 0.00691264
 0.122501 0.610282 0.24278 0.0234846 0.000952079
 0.383417 0.481906 0.127806 0.00687128 0
 0.0376549 0.599619 0.316969 0.0457579 0
 0.0361596 0.667082 0.258105 0.0386534 0
 0.158088 0.579412 0.248529 0.0139706 0
 0.0477256 0.309471 0.559284 0.082774 0.000745712
 0.0406174 0.521527 0.379366 0.0568643 0.0016247
 0.151134 0.462217 0.34131 0.0453401 0
 0.294876 0.26143 0.354403 0.0886775 0.000613685
 0.281977 0.475581 0.204845 0.0348837 0.00271318
 0.0841818 0.532909 0.334909 0.0458182 0.00218182
 0.115287 0.27431 0.454777 0.147771 0.00785563
 0 0 0 0 0
pf_pred 
 0.236712 0.51588 0.220482 0.0269137 1.18515e-05
 0.235212 0.591035 0.14228 0.0282264 0.00324669
 0.0925302 0.720866 0.165096 0.0178091 0.00369873
 0.314143 0.49942 0.176257 0.00913313 0.00104688
 0.400621 0.503739 0.0832876 0.0117243 0.000628301
 0.22093 0.653244 0.113295 0.0109656 0.00156497
 0.442665 0.446707 0.103739 0.0062547 0.000633823
 0.196052 0.717276 0.0778249 0.00832656 0.000520281
 0.331217 0.487157 0.172727 0.00804424 0.000854954
 0.259295 0.635031 0.091734 0.0133019 0.000637606
 0.132284 0.661188 0.190862 0.0136935 0.00197204
 0.157999 0.537564 0.268692 0.0331986 0.00254602
 0.232047 0.537026 0.184216 0.0415225 0.00518851
 0.154675 0.702295 0.123426 0.0158853 0.00371885
 0.165882 0.662595 0.162361 0.00801798 0.00114371
 0.223592 0.619243 0.146643 0.0100145 0.000507135
 0.175184 0.631082 0.174682 0.0178534 0.00119821
 0.230005 0.537711 0.204775 0.0249589 0.00255061
 0.198147 0.598036 0.16896 0.0309322 0.0039249
 0.252428 0.512846 0.200212 0.0288596 0.00565454
 0.22669 0.577114 0.159576 0.0314743 0.00514642
 0.165362 0.562839 0.227734 0.036112 0.00795379
 0.231744 0.463546 0.239901 0.0546738 0.0101366
 0.220957 0.560594 0.161515 0.0452607 0.0116741
 0.0601344 0.650434 0.239659 0.0372443 0.0125282
 0.0855435 0.305449 0.489485 0.0997175 0.0198057
 0.138662 0.452141 0.199216 0.170313 0.0396682
pobs_RECLAS
 0 0 0 0 0
 0 0 0 0 0
 0 0 0 0 0
 0 0 0 0 0
 0.835266 0.146461 0.0176864 0.000547809 3.91292e-05
 0.385257 0.428462 0.181853 0.0044286 0
 0.867414 0.0963971 0.0333333 0.00285562 0
 0.441836 0.489002 0.0689373 0.000224442 0
 0.779404 0.147425 0.0564933 0.0165055 0.000172143
 0.814271 0.122319 0.05973 0.00367925 0
 0.40263 0.566651 0.0304383 0.000280538 0
 0.475488 0.404961 0.113038 0.00651328 0
 0.955842 0.0263864 0.0167828 0.000988607 0
 0.975058 0.0227948 0.00214734 0 0
 0.738997 0.206755 0.0527124 0.00153531 0
 0.850938 0.134255 0.0134407 0.00136685 0
 0.542534 0.407297 0.0501686 0 0
 0.764087 0.199537 0.0359546 0.000420521 0
 0.470689 0.182191 0.310203 0.0369168 0
 0.84361 0.089868 0.0606195 0.00523954 0.000663233
 0.607945 0.314616 0.071237 0.00620181 0
 0.523733 0.453247 0.0230204 0 0
 0.530135 0.295979 0.169645 0.0042399 0
 0.562478 0.366248 0.0663022 0.0049721 0
 0.250443 0.683176 0.0655157 0.000865301 0
 0.195077 0.31981 0.436473 0.0351445 0.0134964
 0.565238 0.351407 0.0832357 0.000118908 0
ppred_RECLAS
 0.681575 0.249696 0.0615119 0.00721405 3.1699e-06
 0.671133 0.281799 0.0388243 0.00739468 0.000848698
 0.461324 0.484031 0.0487151 0.0049125 0.00101654
 0.764416 0.195707 0.0377916 0.00187137 0.000213981
 0.801348 0.178143 0.0179387 0.00243981 0.000130507
 0.664491 0.304953 0.0276486 0.00254543 0.000362293
 0.837898 0.141928 0.0189648 0.00109839 0.000111065
 0.608178 0.366951 0.0224276 0.00229997 0.000143385
 0.776244 0.185556 0.0364058 0.00162214 0.000171993
 0.685304 0.286795 0.024341 0.0033978 0.000162536
 0.508352 0.418398 0.06791 0.00466916 0.00067088
 0.570818 0.324507 0.0928216 0.0110107 0.000842563
 0.688189 0.253546 0.0469159 0.010091 0.00125775
 0.579669 0.382975 0.0324895 0.0039455 0.00092076
 0.606192 0.35044 0.0411783 0.0019175 0.000272648
 0.656857 0.300284 0.0401011 0.00262521 0.000132638
 0.587938 0.351181 0.0551163 0.00540302 0.000361805
 0.668925 0.264849 0.0586501 0.00687435 0.000701032
 0.61654 0.319529 0.0533351 0.00940511 0.00119099
 0.69408 0.241291 0.0554316 0.00769318 0.00150428
 0.649891 0.290672 0.0486578 0.00926706 0.00151243
 0.565308 0.337019 0.0823053 0.0125986 0.00276963
 0.674118 0.234352 0.0726141 0.0159619 0.00295362
 0.648433 0.285628 0.0492144 0.0133004 0.00342393
 0.295001 0.556889 0.123393 0.018504 0.00621243
 0.424666 0.263372 0.252513 0.0496136 0.00983504
 0.569923 0.292603 0.0686028 0.0558881 0.0129832
pobs_PELACES
 0 0 0 0 0
 0 0 0 0 0
 0 0 0 0 0
 0 0 0 0 0
 0 0 0 0 0
 0 0 0 0 0
 0 0 0 0 0
 0 0 0 0 0
 0 0 0 0 0
 0 0 0 0 0
 0.450072 0.473896 0.0757376 0.000293798 0
 0 0 0 0 0
 0.463077 0.371075 0.160297 0.00555027 0
 0.529543 0.364841 0.0842815 0.0213345 0
 0.631943 0.363953 0.00410389 0 0
 0.735681 0.248677 0.0153453 0.000297389 0
 0.695825 0.281241 0.0229344 0 0
 0.275771 0.60734 0.115278 0.00161068 0
 0 0 0 0 0
 0.896147 0.0623911 0.0374545 0.00400742 0
 0.803859 0.145111 0.0509908 3.86294e-05 0
 0.739449 0.233085 0.0266225 0.000797448 4.60066e-05
 0.878498 0.100942 0.0204185 0.000141795 0
 0.694673 0.275183 0.0284847 0.00165964 0
 0.469039 0.446079 0.0841089 0.000773354 0
 0.822795 0.102175 0.0682046 0.00682512 0
 0 0 0 0 0
ppred_PELACES
 0.717292 0.223274 0.0531258 0.00630568 2.78309e-06
 0.710548 0.249559 0.0328398 0.00632399 0.000729006
 0.609767 0.360911 0.0261787 0.00260324 0.000540319
 0.81151 0.159337 0.0276195 0.0013752 0.000157891
 0.798833 0.17868 0.0196117 0.00272861 0.000146691
 0.738314 0.241125 0.0186023 0.00171387 0.000244873
 0.859847 0.123265 0.0158643 0.000929668 9.44221e-05
 0.658168 0.321483 0.0183333 0.00189694 0.000118766
 0.818227 0.153065 0.02735 0.00122692 0.000130631
 0.709889 0.264382 0.0224025 0.00317422 0.000152542
 0.564287 0.374632 0.0565899 0.00392482 0.000566341
 0.616485 0.293106 0.0800682 0.00960274 0.000738057
 0.750932 0.207059 0.0337977 0.00729816 0.000913299
 0.688859 0.289042 0.0192348 0.00232081 0.000543471
 0.714773 0.260139 0.0238284 0.00110182 0.000157203
 0.704028 0.261122 0.0325877 0.00215276 0.000109235
 0.636929 0.312067 0.0461306 0.00456649 0.000307112
 0.700466 0.240502 0.0521973 0.00619982 0.000635106
 0.639816 0.29954 0.0504544 0.00903947 0.00115003
 0.717274 0.222826 0.0512582 0.00722281 0.00141884
 0.651833 0.285505 0.0510943 0.00993752 0.00162988
 0.569918 0.328755 0.0850985 0.0132923 0.00293647
 0.684962 0.22388 0.0720316 0.0161279 0.00299869
 0.661476 0.272945 0.0487065 0.0134046 0.00346728
 0.30242 0.544926 0.126739 0.0193774 0.00653728
 0.435009 0.253078 0.251551 0.0503355 0.010026
 0.653926 0.245699 0.050008 0.0408425 0.00952533
pobs_pel_tallas
 0 0 0 0 0 0 0 0 0 0 0 0 0 0 0 0 0 0 0 0 0 0 0 0 0 0 0 0 0 0 0 0 0 0 0 0
 0 0 0 0 0 0 0 0 0 0 0 0 0 0 0 0 0 0 0 0 0 0 0 0 0 0 0 0 0 0 0 0 0 0 0 0
 0 0 0 0 0 0 0 0 0 0 0 0 0 0 0 0 0 0 0 0 0 0 0 0 0 0 0 0 0 0 0 0 0 0 0 0
 0 0 0 0 0 0 0 0 0 0 0 0 0 0 0 0 0 0 0 0 0 0 0 0 0 0 0 0 0 0 0 0 0 0 0 0
 0 0 0 0 0 0 0 0 0 0 0 0 0 0 0 0 0 0 0 0 0 0 0 0 0 0 0 0 0 0 0 0 0 0 0 0
 0 0 0 0 0 0 0 0 0 0 0 0 0 0 0 0 0 0 0 0 0 0 0 0 0 0 0 0 0 0 0 0 0 0 0 0
 0 0 0 0 0 0 0 0 0 0 0 0 0 0 0 0 0 0 0 0 0 0 0 0 0 0 0 0 0 0 0 0 0 0 0 0
 0 0 0 0 0 0 0 0 0 0 0 0 0 0 0 0 0 0 0 0 0 0 0 0 0 0 0 0 0 0 0 0 0 0 0 0
 0 0 0 0 0 0 0 0 0 0 0 0 0 0 0 0 0 0 0 0 0 0 0 0 0 0 0 0 0 0 0 0 0 0 0 0
 0 0 0 0 0 0 0 0 0 0 0 0 0 0 0 0 0 0 0 0 0 0 0 0 0 0 0 0 0 0 0 0 0 0 0 0
 0 0 0 0 0 0 0 0 1.78061e-05 0.00172719 0.00360574 0.0105946 0.0120993 0.0124554 0.0147524 0.0171206 0.0266825 0.0428682 0.0675386 0.121331 0.153587 0.119568 0.100827 0.0573624 0.0630603 0.0341343 0.0324427 0.0444173 0.0211091 0.0280891 0.0125444 0.00206551 0 0 0 0
 0 0 0 0 0 0 0 0 0 0 0 0 0 0 0 0 0 0 0 0 0 0 0 0 0 0 0 0 0 0 0 0 0 0 0 0
 0 0 0 0 0 0 0.0133647 0.0140871 0.0187388 0.0205184 0.03894 0.0496705 0.03968 0.0493445 0.0407372 0.0367815 0.0215668 0.0243155 0.0234873 0.0199281 0.019796 0.0243948 0.0301388 0.0376714 0.0412746 0.0863199 0.0771752 0.113111 0.0741005 0.0525337 0.0229764 0.00759418 0.00175318 0 0 0
 0 0 0 0 0 0 0 0 0 0 0.00219441 0.00772107 0.0458388 0.0604681 0.0671733 0.0775358 0.0609151 0.0617685 0.073594 0.0568108 0.0755445 0.0548602 0.0670107 0.0636378 0.0643287 0.046367 0.0373049 0.0286899 0.0247887 0.0153202 0.00654259 0.00121912 0.000365735 0 0 0
 0 0 0 0 0 0 0 0 0 0 0 0 0.000112435 0.00938835 0.0111873 0.0202946 0.0414886 0.0713402 0.111592 0.104902 0.108894 0.110636 0.117776 0.105296 0.107544 0.0401394 0.0192827 0.0124803 0.00416011 0.0028671 0.000618394 0 0 0 0 0
 0 0 0 0 0 0 0 0 0 0 0.00291406 0.0102884 0.027416 0.0768956 0.0749926 0.110853 0.0956884 0.0897413 0.0766577 0.0534642 0.0500743 0.0551293 0.0594112 0.0620874 0.0668451 0.0424026 0.0208742 0.0120726 0.0048766 0.00582813 0.00118941 0.000297354 0 0 0 0
 0 0.00264628 0.0354308 0.0461629 0.0458689 0.0383711 0.0214643 0.0164657 0.0346957 0.0420465 0.0363128 0.0245516 0.0311673 0.0291091 0.0169068 0.0133784 0.00837989 0.0085269 0.0148486 0.0160247 0.0276389 0.0546898 0.0760071 0.122758 0.109233 0.0665981 0.0333725 0.0166128 0.00676272 0.00308733 0.000882094 0 0 0 0 0
 0 0 0 0 0 0 0 0.000805153 0.000690131 0.00759144 0.0133425 0.0154129 0.00931677 0.000345066 0.00356568 0.00563607 0.00851162 0.0253048 0.0502646 0.0516448 0.0657925 0.0565908 0.0611916 0.0827007 0.0866115 0.110766 0.145733 0.0935128 0.0569358 0.0249597 0.0138026 0.00621118 0.00161031 0.00115022 0 0
 0 0 0 0 0 0 0 0 0 0 0 0 0 0 0 0 0 0 0 0 0 0 0 0 0 0 0 0 0 0 0 0 0 0 0 0
 0.00147267 0.00158595 0.00478618 0.00569244 0.00954404 0.0108468 0.00647125 0.017049 0.0510054 0.094081 0.124002 0.0959785 0.0687766 0.0820023 0.061753 0.0591476 0.0492212 0.0479892 0.0443925 0.0268479 0.0217502 0.0140895 0.0121071 0.0120363 0.00920419 0.00665534 0.0049561 0.00860946 0.00930331 0.0156896 0.0114698 0.00855282 0.00243557 0.00046729 0 2.83206e-05
 0 0 0 0 0.000772559 0.00158375 0.000888443 0.00281984 0.00712685 0.0440552 0.0773331 0.111326 0.0921469 0.0852325 0.0710754 0.0886704 0.0786465 0.0553345 0.0373146 0.0185414 0.00753245 0.00457741 0.012979 0.0271748 0.0457355 0.0583668 0.034881 0.0177882 0.00938659 0.00492506 0.0015258 0.00185414 0.000309023 5.79419e-05 3.86279e-05 0
 0 0.00173294 0.00326652 0 0.00397197 0.00683976 0.00946217 0.0152591 0.00757587 0.0136028 0.0228656 0.0392903 0.0559909 0.0764795 0.0681675 0.0726916 0.0566044 0.0477403 0.0527397 0.0444891 0.0609904 0.0582453 0.0661739 0.0445044 0.0529084 0.0360697 0.0280645 0.0235558 0.0158879 0.00826598 0.00280645 0.00217768 0.000904811 0.00058276 9.20147e-05 0
 0 0 0 0 0 0 0 0 0 0 0 0 0 0 0 0 0 0 0 0 0 0 0 0 0 0 0 0 0 0 0 0 0 0 0 0
 0 0 0 0 0 0 0 0 0 0 0 0 0 0 0 0 0 0 0 0 0 0 0 0 0 0 0 0 0 0 0 0 0 0 0 0
 0 0 0 0 0 0 0 0 0 0 0 0 0 0 0 0 0 0 0 0 0 0 0 0 0 0 0 0 0 0 0 0 0 0 0 0
 0 0 0 0 0 0 0 0 0 0 0 0 0 0 0 0 0 0 0 0 0 0 0 0 0 0 0 0 0 0 0 0 0 0 0 0
 0 0 0 0 0 0 0 0 0 0 0 0 0 0 0 0 0 0 0 0 0 0 0 0 0 0 0 0 0 0 0 0 0 0 0 0
ppred_pel_tallas
 1.01044e-16 3.12991e-05 0.000183694 0.000873183 0.00336178 0.0104834 0.0264802 0.0541825 0.0898153 0.120625 0.131277 0.115829 0.082985 0.048574 0.0238415 0.0109577 0.00653166 0.00655694 0.00856426 0.0114351 0.0146529 0.0178433 0.0206362 0.0226858 0.0237376 0.0236846 0.0225891 0.0206593 0.0181917 0.015499 0.0128485 0.0104244 0.00832196 0.00656264 0.00512153 0.00395343
 1.00799e-16 3.10061e-05 0.000181971 0.000864988 0.00333022 0.0103849 0.0262316 0.0536741 0.0889732 0.119496 0.130055 0.114765 0.0822547 0.0482103 0.0237812 0.0111274 0.00689889 0.00713119 0.00937343 0.0125002 0.0159685 0.0193654 0.022278 0.0243244 0.0252301 0.0248919 0.0234007 0.0210128 0.0180825 0.0149778 0.0120079 0.00937985 0.00719091 0.00544799 0.0041008 0.00307484
 1.00604e-16 2.6616e-05 0.000156187 0.000742387 0.00285813 0.00891274 0.0225131 0.0460666 0.0763669 0.102578 0.111677 0.0986297 0.0708696 0.0418985 0.0213389 0.0111077 0.00839063 0.00982574 0.0133065 0.0178002 0.0227007 0.0274492 0.0314551 0.0341695 0.035204 0.0344233 0.0319783 0.0282627 0.0238123 0.0191797 0.014826 0.0110562 0.00800712 0.00567607 0.00397134 0.00276288
 1.00499e-16 3.54048e-05 0.000207804 0.000987818 0.00380318 0.0118599 0.0299571 0.0612959 0.101604 0.136448 0.148475 0.130948 0.0936972 0.0546023 0.026349 0.0113486 0.00572047 0.00489921 0.00608447 0.00804374 0.0102725 0.01247 0.0143654 0.0157125 0.0163335 0.0161589 0.0152423 0.0137434 0.0118846 0.00989876 0.00798289 0.00627096 0.00482864 0.00366506 0.00275323 0.0020502
 1.00438e-16 3.48528e-05 0.000204561 0.000972399 0.0037438 0.0116747 0.0294894 0.0603391 0.100018 0.134321 0.146166 0.128923 0.0922738 0.0538246 0.0260704 0.0113935 0.00598208 0.00534686 0.0067294 0.00890507 0.0113551 0.0137523 0.0157951 0.0172094 0.0178003 0.0174964 0.0163667 0.0145993 0.0124529 0.0101954 0.00805138 0.0061707 0.00462275 0.00341036 0.00249395 0.00181576
 1.00414e-16 3.22164e-05 0.000189078 0.000898775 0.00346031 0.0107906 0.0272564 0.0557707 0.0924481 0.124161 0.135128 0.11923 0.0854295 0.0500203 0.0245789 0.0113403 0.00681297 0.00686902 0.00895775 0.0119131 0.0151836 0.0183615 0.0210458 0.0228686 0.0235699 0.0230587 0.0214349 0.0189606 0.015993 0.0129005 0.00999089 0.00746804 0.00542373 0.00385699 0.00270747 0.00188925
 1.00302e-16 3.7511e-05 0.000220173 0.00104663 0.00402962 0.012566 0.0317407 0.0649452 0.107651 0.144566 0.157297 0.138701 0.0991872 0.0576843 0.0276167 0.011518 0.00525532 0.00397622 0.00471109 0.00617112 0.00786181 0.00952526 0.0109474 0.0119378 0.012361 0.0121666 0.0114006 0.0101913 0.0087158 0.00715809 0.0056729 0.00436421 0.00328105 0.002427 0.00177654 0.00129145
 1.00436e-16 2.87249e-05 0.000168572 0.000801274 0.00308488 0.00961984 0.0242992 0.0497206 0.0824224 0.110706 0.120509 0.106391 0.0763614 0.0449745 0.0225904 0.0112476 0.0078785 0.0088333 0.0118369 0.0158026 0.0201379 0.0243325 0.0278573 0.0302242 0.0310887 0.0303335 0.0280974 0.0247357 0.0207306 0.0165783 0.0126922 0.00934472 0.00665642 0.00462198 0.00315546 0.00213631
 1.00487e-16 3.56974e-05 0.000209523 0.00099599 0.00383464 0.011958 0.0302049 0.061803 0.102444 0.137576 0.149701 0.132024 0.094458 0.0550267 0.0265183 0.0113608 0.00563799 0.00474467 0.0058572 0.00773614 0.00987985 0.0119954 0.013822 0.0151228 0.0157267 0.0155664 0.014693 0.0132589 0.0114774 0.00957159 0.00773054 0.00608298 0.00469233 0.00356789 0.0026844 0.0020013
 1.00521e-16 3.09779e-05 0.000181804 0.000864192 0.00332715 0.0103754 0.0262075 0.0536247 0.0888919 0.119388 0.129941 0.114672 0.0822044 0.048214 0.0238443 0.0112586 0.00711443 0.00745279 0.00982191 0.0130874 0.0166895 0.0201921 0.0231577 0.0251832 0.0259825 0.0254545 0.0237067 0.021024 0.0177954 0.0144225 0.0112411 0.00847389 0.00622164 0.00448446 0.00319812 0.00227079
 1.01087e-16 2.46335e-05 0.000144547 0.000687043 0.00264504 0.00824821 0.0208346 0.0426323 0.0706751 0.0949368 0.103368 0.091317 0.06567 0.0389351 0.0200346 0.0107632 0.00853866 0.0102671 0.0140062 0.0187901 0.0240268 0.0291487 0.0335449 0.0366416 0.0380243 0.0375344 0.035305 0.0317176 0.0273023 0.0226114 0.0181107 0.0141151 0.0107757 0.00810845 0.00604297 0.00447122
 1.01597e-16 2.69064e-05 0.000157898 0.000750532 0.00288952 0.00901062 0.0227603 0.0465718 0.0772025 0.103695 0.112877 0.0996535 0.0715263 0.0421288 0.0211668 0.0105531 0.00742095 0.00836224 0.0112616 0.0151215 0.0194109 0.0236744 0.027433 0.0302325 0.0317349 0.0317931 0.0304803 0.0280594 0.0249092 0.0214318 0.0179719 0.01477 0.0119531 0.00955578 0.00755407 0.00589865
 1.00841e-16 3.27653e-05 0.000192303 0.000914116 0.00351939 0.0109749 0.0277217 0.0567225 0.0940248 0.126276 0.13742 0.121232 0.0868204 0.0507462 0.0247716 0.0111549 0.00633185 0.0060968 0.00786039 0.0104586 0.0133715 0.0162408 0.0187217 0.0204962 0.0213338 0.0211446 0.019998 0.0180994 0.0157356 0.0132055 0.010761 0.00857229 0.00672102 0.00521676 0.00402363 0.0030867
 1.00473e-16 3.00619e-05 0.000176424 0.00083861 0.00322864 0.0100682 0.0254316 0.0520374 0.0862615 0.115858 0.126107 0.111306 0.079831 0.0469013 0.0233423 0.0112672 0.00744549 0.00804413 0.0106828 0.0142455 0.0181574 0.02195 0.0251464 0.0273067 0.0281205 0.0274803 0.0255085 0.0225215 0.0189497 0.0152367 0.0117521 0.00874004 0.00630927 0.00445652 0.00310691 0.00215487
 1.00469e-16 3.11907e-05 0.000183054 0.000870135 0.00335003 0.0104467 0.0263877 0.0539935 0.0895029 0.120208 0.130832 0.115455 0.0827584 0.048524 0.0239699 0.0112717 0.00706132 0.00735085 0.00967173 0.0128844 0.0164308 0.01988 0.0228007 0.024796 0.0255836 0.0250633 0.0233403 0.0206943 0.0175082 0.0141774 0.0110333 0.00829619 0.00606671 0.00434637 0.00307309 0.00215716
 1.00627e-16 3.07222e-05 0.000180304 0.000857058 0.00329968 0.0102897 0.0259911 0.0531821 0.088158 0.118402 0.128868 0.113725 0.081526 0.0478167 0.023649 0.0111692 0.00706324 0.00740631 0.00976911 0.0130295 0.0166353 0.020157 0.0231625 0.0252521 0.0261391 0.0257175 0.0240856 0.021516 0.0183845 0.0150817 0.0119356 0.00916653 0.00687794 0.00507677 0.00370817 0.00269033
 1.00928e-16 2.77985e-05 0.000163134 0.000775421 0.00298534 0.00930944 0.0235151 0.0481163 0.079763 0.107134 0.116623 0.102962 0.0739063 0.0435406 0.0218933 0.0109407 0.00771905 0.00870213 0.0116952 0.0156535 0.02001 0.0242744 0.0279349 0.0305132 0.0316644 0.0312568 0.0294015 0.0264167 0.0227438 0.0188428 0.0151012 0.0117805 0.00900588 0.00678981 0.00507313 0.0037655
 1.01063e-16 3.05661e-05 0.000179389 0.000852713 0.00328296 0.0102376 0.0258594 0.0529123 0.0877104 0.1178 0.128208 0.113133 0.0810817 0.0475156 0.0234257 0.010941 0.00675967 0.00697556 0.00917714 0.0122623 0.0157054 0.01911 0.0220786 0.02424 0.0253218 0.0252119 0.0239817 0.0218598 0.0191699 0.0162526 0.0133975 0.0108033 0.00857063 0.00671934 0.00521818 0.00401379
 1.01179e-16 2.79239e-05 0.000163871 0.000778929 0.00299885 0.00935157 0.0236215 0.0483339 0.0801234 0.107617 0.117145 0.103416 0.0742162 0.043691 0.0219097 0.0108523 0.00753656 0.00841802 0.0112939 0.0151229 0.0193508 0.0235061 0.0270983 0.0296679 0.0308814 0.0306079 0.028947 0.0261957 0.0227685 0.0190983 0.0155501 0.0123711 0.00968088 0.00749442 0.00576089 0.00440149
 1.01115e-16 3.12983e-05 0.000183689 0.000873161 0.00336169 0.0104831 0.0264796 0.0541812 0.089813 0.120622 0.131274 0.115825 0.0829819 0.0485708 0.0238374 0.0109516 0.00652206 0.00654241 0.00854329 0.0114064 0.0146157 0.0177975 0.020583 0.0226277 0.0236783 0.0236288 0.0225423 0.0206267 0.0181781 0.0155081 0.0128821 0.0104824 0.00840209 0.00666086 0.0052324 0.0040707
 1.01236e-16 2.84473e-05 0.000166946 0.000793547 0.00305514 0.00952711 0.0240649 0.049241 0.0816265 0.109634 0.119336 0.10534 0.0755724 0.044441 0.0221964 0.010847 0.00734665 0.00807881 0.0107997 0.0144576 0.0185066 0.0224937 0.0259511 0.0284406 0.029643 0.0294314 0.027898 0.025322 0.0220947 0.0186251 0.0152586 0.0122292 0.00965116 0.00754022 0.00585063 0.00451071
 1.0191e-16 2.48772e-05 0.000145982 0.000693874 0.00267136 0.0083303 0.0210419 0.0430561 0.0713763 0.0958746 0.104379 0.092184 0.0662381 0.0391611 0.019948 0.0103939 0.0078748 0.00925887 0.0125932 0.0169335 0.021738 0.0265088 0.0307118 0.0338394 0.0355143 0.0355739 0.0341025 0.0313967 0.0278826 0.0240108 0.0201661 0.0166151 0.0134963 0.0108443 0.0086286 0.00679115
 1.0179e-16 2.98894e-05 0.000175418 0.000833837 0.00321028 0.0100109 0.0252869 0.051741 0.0857684 0.115191 0.125367 0.110622 0.0792721 0.0464361 0.0228589 0.0106205 0.00649124 0.00665388 0.00875701 0.0117354 0.0150932 0.0184644 0.0214815 0.0237966 0.0251475 0.0254135 0.0246377 0.0230055 0.0207889 0.0182788 0.0157251 0.0133034 0.0111091 0.00917348 0.00748862 0.00603127
 1.01403e-16 2.88673e-05 0.000169412 0.000805277 0.0031003 0.00966797 0.0244206 0.0499689 0.0828325 0.111253 0.121094 0.106881 0.0766579 0.0450378 0.0224174 0.0108277 0.0071703 0.00777051 0.0103517 0.0138543 0.0177406 0.0215748 0.0249101 0.027328 0.0285238 0.0283753 0.0269687 0.0245682 0.021544 0.0182827 0.0151098 0.0122451 0.00979487 0.00777277 0.00613548 0.00481658
 1.02948e-16 1.32219e-05 7.75349e-05 0.000368425 0.00141822 0.00442238 0.0111711 0.0228614 0.0379098 0.0509558 0.0555658 0.0492884 0.0358833 0.022155 0.0130205 0.00960229 0.0106759 0.0147 0.0206532 0.0278914 0.0357974 0.0436111 0.050459 0.0555034 0.0581248 0.0580629 0.0554693 0.0508494 0.0449226 0.0384464 0.0320654 0.0262223 0.0211422 0.0168728 0.0133508 0.0104664
 1.05852e-16 1.89919e-05 0.000111436 0.000529651 0.00203908 0.00635858 0.0160614 0.0328652 0.0544832 0.0731858 0.0796841 0.0703905 0.050614 0.0299974 0.0154219 0.00828065 0.00660263 0.00803871 0.0111476 0.0152621 0.0200189 0.0250749 0.0300338 0.0344816 0.0380571 0.0405143 0.0417534 0.0418111 0.0408215 0.0389651 0.0364261 0.03337 0.0299433 0.0262834 0.0225292 0.0188232
 1.02639e-16 2.85369e-05 0.000167475 0.000796073 0.00306488 0.0095575 0.0241416 0.0493977 0.081885 0.109978 0.119701 0.10564 0.0757411 0.0444458 0.0220245 0.0104765 0.0067318 0.00715531 0.0095023 0.0127429 0.016376 0.020012 0.0232543 0.0257293 0.0271604 0.0274283 0.0265933 0.0248688 0.022558 0.0199766 0.0173874 0.0149643 0.0127883 0.0108694 0.00917855 0.00767631
pSPR Fmed_Fpbrs
0.543822   0.6 0.325
Fs Fmed_Fpbrs
0.64   0.498951 1.82121
SSBpbr Bo_Bmed_Bpbrs
546106  269679  300358 150179
Ro
25848.3
SPR SPRFo_SPRFmed_SPRFpbrs
533877 290334 173510
log_Ro
9.98
likeval ReclasPelacesDesembMPH_pf_preclas_ppelaces_ptallas_desvR_qrecl_qpela
 0.00119584 10.9717 0.0138972 15.6814 319.309 208.054 54.7331 0 22.0033 9.36529e-07 0.000144014 1.63494e-13 0 0 0
q_reclas_q_pelaces
1.14698 5.51418
M
0.7
N
 30246.5 10343.5 3222.9 385.936 0.169775
 34217.3 13733.1 2434.01 474.066 54.4756
 8473.49 15435.9 3062.14 327.943 68.0838
 11638.7 3248.59 886.569 45.2689 5.18491
 31538.1 5065.48 537.199 73.3998 3.92719
 27401.2 15355.1 2133.62 204.008 29.0966
 72697 11562.9 1962.56 116.103 11.7535
 54376.9 32953.8 2684.48 282.4 17.6298
 95751.2 24201.1 6565.24 301.057 31.9706
 115391 42022.9 4290.44 608.804 29.1486
 64248.5 53403.6 11598.1 818.287 117.74
 52530.2 28552 10508.3 1274.69 97.6616
 56850.9 23695.5 6362.7 1414.48 176.619
 25554.6 24494.9 3602.44 459.354 107.485
 12105.3 10288.7 2115.85 103.54 14.7622
 10611 4856.15 862.315 57.896 2.92922
 8037.27 4726.79 974.774 97.8988 6.56431
 10037.1 3596.57 985.335 117.691 12.0143
 10423.9 4595.8 907.976 162.524 20.5976
 16146.3 4854.12 1335.46 188.331 36.8573
 22232.9 7485.37 1358.91 260.679 42.5608
 23421.8 10704.3 2872.23 443.342 97.5073
 40310.8 11220.9 3940.75 875.922 162.181
 53809.3 19084.2 3741.86 1022.91 263.493
 17218.2 25436.3 6284.37 951.546 319.636
 16461.8 8202.63 8935.73 1775.68 352.216
 12958 7786.18 2714.2 2290.32 533.078
pred_Ctot
 1873.36 4082.73 1744.92 212.997 0.0937942
 2265.81 5693.46 1370.58 271.906 31.2755
 1409.99 10984.7 2515.76 271.379 56.3619
 1042.11 1656.73 584.699 30.2975 3.47284
 443.967 558.243 92.2992 12.9929 0.696283
 2988.22 8835.51 1532.38 148.316 21.1672
 4580.77 4622.6 1073.51 64.7246 6.5589
 4083.23 14938.9 1620.88 173.419 10.836
 8059.75 11854.3 4203.1 195.746 20.8042
 5668.12 13881.6 2005.28 290.774 13.9379
 4886.81 24425.4 7050.76 505.86 72.8506
 3480.88 11843.1 5919.57 731.401 56.0915
 5455.72 12626.1 4331.15 976.247 121.988
 3520 15982.4 2808.86 361.509 84.6313
 1693.59 6764.8 1657.64 81.8601 11.6768
 790.535 2189.4 518.475 35.4075 1.79303
 574.947 2071.18 573.3 58.594 3.93249
 565.211 1321.36 503.212 61.3336 6.26785
 468.392 1413.67 399.399 73.1194 9.27793
 774.478 1573.47 614.274 88.5447 17.3488
 487.811 1241.88 343.389 67.7292 11.0745
 595.128 2025.63 819.601 129.965 28.6253
 1355.73 2711.8 1403.45 319.848 59.3004
 1865.75 4733.63 1363.82 382.179 98.5759
 504.733 5459.37 2011.56 312.607 105.154
 564.205 2014.6 3228.41 657.69 130.629
 1319.32 4301.94 1895.46 1620.47 377.427
F
 0.089573 0.746819 1.21669 1.25836 1.26063
 0.0960346 0.800693 1.30446 1.34913 1.35157
 0.25872 2.15709 3.51425 3.6346 3.64117
 0.131886 1.09961 1.79144 1.85279 1.85614
 0.0197457 0.164631 0.268209 0.277395 0.277896
 0.162782 1.3572 2.2111 2.28682 2.29095
 0.0911923 0.76032 1.23868 1.2811 1.28342
 0.109543 0.913319 1.48794 1.5389 1.54168
 0.123539 1.03001 1.67805 1.73552 1.73865
 0.0704496 0.587377 0.956931 0.989703 0.99149
 0.111029 0.925712 1.50813 1.55978 1.5626
 0.0961044 0.801275 1.30541 1.35011 1.35255
 0.141969 1.18367 1.92839 1.99443 1.99803
 0.209775 1.74901 2.84941 2.94699 2.95232
 0.213393 1.77918 2.89856 2.99783 3.00325
 0.108641 0.905796 1.47569 1.52623 1.52898
 0.10411 0.86802 1.41414 1.46257 1.46521
 0.0811411 0.676518 1.10216 1.1399 1.14196
 0.0642718 0.535869 0.873016 0.902915 0.904545
 0.0687423 0.573142 0.933741 0.965719 0.967463
 0.0309278 0.257862 0.420098 0.434486 0.43527
 0.0358948 0.299274 0.487566 0.504264 0.505175
 0.0477589 0.398192 0.648718 0.670935 0.672147
 0.0492703 0.410794 0.669249 0.692169 0.693419
 0.0415132 0.346119 0.563882 0.583194 0.584247
 0.0486901 0.405956 0.661367 0.684017 0.685252
 0.151223 1.26083 2.05409 2.12444 2.12827
Np
 16594.2 7953.46 2044.05 336.22 67.8772
YTP_r0W_actual
 2666.86 31479.5 24076.3 26656 6894.97
YTP_p0W_proyectada
 3415.22 22364.6 9720.65 2011.2 1861.84
 3415.22 32155.8 18131.7 3913.12 877.941
CTP_r0_actual
 325.227 1457.38 766.761 664.739 154.943
CTP_p0_proyectada
 416.49 1035.4 309.575 50.1547 41.8391
 416.49 1488.69 577.444 97.5842 19.729
Wmedp
 8.2 21.6 31.4 40.1 44.5
nmprior
 10.8 10.6 4.6 0
nm_flota  nm_reclas  nm_pelaces    nm_pelaL
inf 21.0264 16.6135 51.1262
cv_recla  cv_pelaces  cv_mph
0.998265 0.36285 0.529173
 ------------------------------------------------
Talla a la edad & desviaci?n 
 7.2 14.2025 17.0495 18.207 18.6776
 1.08 2.13037 2.55742 2.73105 2.80164
