years
 1997 1998 1999 2000 2001 2002 2003 2004 2005 2006 2007 2008 2009 2010 2011 2012 2013 2014 2015 2016 2017 2018 2019 2020 2021 2022 2023
reclasobs
 0 0 0 370054 412103 1.49427e+06 250295 1.28982e+06 931140 785840 897777 1.04006e+06 184774 17550 25797 100020 73551 82996 120727 218422 84188 347160 605670 569463 516374 1.08416e+06 1.01767e+06
reclaspred
 848853 181670 222176 68119.1 207097 220027 847460 665706 831264 1.09281e+06 980306 707783 500753 247746 136907 109028 106868 134678 145092 180841 288487 262452 414946 576664 684471 442629 66065.9
pelacesobs
 0 0 0 0 0 0 0 0 0 2.06254e+06 1.5e+06 0 1.87456e+06 323000 250000 174000 83755 137374 0 501740 490994 745055 786931 1.00524e+06 1.33801e+06 1.41789e+06 0
pelacespred
 2.147e+06 490944 240244 130432 410859 272707 1.83241e+06 1.4087e+06 1.694e+06 2.29703e+06 1.82276e+06 1.42585e+06 972868 385229 203299 183715 181324 242319 265507 318109 615122 571751 686996 1.0426e+06 1.30582e+06 958400 67213.7
mphobs
 0 0 0 0 0 0 112323 0 153150 637223 0 255016 313432 73983 77613 109348 50772 17779 17303 59886 28197 0 207744 136588 643089 65757 70829
mphpred
 268243 123674 94898.8 31833.9 36839 96082.3 162031 305502 259298 354731 426331 297357 197703 146136 64304 41583.6 34542.8 41989 42924.8 42254.3 68642 90737 97474.3 146485 199340 150680 46506.3
desembarqueobs
 350755 77701 442110 56441 14545 235359 269955 359681 431902 328805 639364 411747 362871 311530 167758 66681 60226 58785 57116 73181 50977 67692 138656 160484 209506 203330 245020
desembarquepred
 350738 77674.7 441769 56433.9 14543.9 235176 269847 359421 431499 328620 638748 411358 362454 311426 167670 66680.8 60230.8 58746.2 57064.3 73134.3 50969.2 67664.9 138609 160427 209436 203243 244925
Reclutas
 26691.3 34930 6289.66 8879.25 31218.6 23817 72414.2 50214.9 91905.6 117418 63559.8 52887.1 57441.9 25641.7 11516 10150.3 7549.19 9455.13 9313.43 13879.5 19623.5 20410.8 37074.5 52762.9 14776.5 12860.8 4431.18
log_desv_Rt
 0.152093 0.421102 -1.29334 -0.948527 0.30877 0.0381554 1.15016 0.784067 1.38852 1.6335 1.01974 0.835915 0.91853 0.111976 -0.688503 -0.814737 -1.1108 -0.885688 -0.900787 -0.50183 -0.155517 -0.116182 0.480684 0.833564 -0.439209 -0.578065 -1.64358
SSB
 433550 199888 153381 51451.8 59541.3 155294 251388 485429 403758 558356 689061 480605 333152 222206 103189 67806.2 60366.4 68476.8 85397 90836.4 135124 173156 193460 272604 417490 334913 105985
BT
 1.26702e+06 314819 332472 121561 212485 291411 1.17043e+06 983558 1.23416e+06 1.33423e+06 1.298e+06 953620 787517 451003 228753 130658 127440 152789 149673 192810 299524 261288 364519 553841 598196 483278 239126
Ftot
 1.12573 1.36137 3.78733 2.67629 0.401383 2.91267 1.68553 1.8121 2.14763 1.16749 1.73386 1.49243 2.21231 3.22378 3.31339 1.76692 1.73509 1.39674 1.1013 1.23853 0.567691 0.650891 0.881547 0.874766 0.687488 0.831766 4.83821
BD_Bspro_t
 0.901584 0.584725 0.399666 0.109612 0.196232 0.426984 0.4098 0.519761 0.431855 0.471102 0.488962 0.33722 0.263815 0.214629 0.124618 0.103642 0.127925 0.196309 0.28314 0.347585 0.471639 0.596309 0.579752 0.590519 0.622095 0.49467 0.214878
BD_Bspro
 0.915617 0.422145 0.323926 0.108661 0.125746 0.327966 0.530907 1.02518 0.852698 1.17919 1.45523 1.01499 0.703584 0.469278 0.217926 0.1432 0.127488 0.144617 0.18035 0.191838 0.28537 0.365688 0.408569 0.575713 0.881699 0.707305 0.223831
BD_Bo
 0.890481 0.410556 0.315033 0.105678 0.122294 0.318962 0.516332 0.997036 0.829289 1.14682 1.41528 0.987127 0.684269 0.456395 0.211943 0.139269 0.123988 0.140646 0.175399 0.186571 0.277535 0.355649 0.397352 0.559908 0.857494 0.687887 0.217686
BD_Brms
 1.61906 0.746465 0.572787 0.192142 0.222352 0.579931 0.938786 1.81279 1.5078 2.08513 2.57324 1.79478 1.24413 0.82981 0.385351 0.253216 0.225433 0.255721 0.318907 0.33922 0.50461 0.646634 0.722459 1.01801 1.55908 1.2507 0.395792
S_f
 0.0643282 0.566398 0.961269 0.997884 0.999888
 0.0643282 0.566398 0.961269 0.997884 0.999888
 0.0643282 0.566398 0.961269 0.997884 0.999888
 0.0643282 0.566398 0.961269 0.997884 0.999888
 0.0643282 0.566398 0.961269 0.997884 0.999888
 0.0643282 0.566398 0.961269 0.997884 0.999888
 0.0643282 0.566398 0.961269 0.997884 0.999888
 0.0643282 0.566398 0.961269 0.997884 0.999888
 0.0643282 0.566398 0.961269 0.997884 0.999888
 0.0643282 0.566398 0.961269 0.997884 0.999888
 0.0643282 0.566398 0.961269 0.997884 0.999888
 0.0643282 0.566398 0.961269 0.997884 0.999888
 0.0643282 0.566398 0.961269 0.997884 0.999888
 0.0643282 0.566398 0.961269 0.997884 0.999888
 0.0643282 0.566398 0.961269 0.997884 0.999888
 0.0643282 0.566398 0.961269 0.997884 0.999888
 0.0643282 0.566398 0.961269 0.997884 0.999888
 0.0643282 0.566398 0.961269 0.997884 0.999888
 0.0643282 0.566398 0.961269 0.997884 0.999888
 0.0643282 0.566398 0.961269 0.997884 0.999888
 0.0643282 0.566398 0.961269 0.997884 0.999888
 0.0643282 0.566398 0.961269 0.997884 0.999888
 0.0643282 0.566398 0.961269 0.997884 0.999888
 0.0643282 0.566398 0.961269 0.997884 0.999888
 0.0643282 0.566398 0.961269 0.997884 0.999888
 0.0643282 0.566398 0.961269 0.997884 0.999888
 0.0643282 0.566398 0.961269 0.997884 0.999888
Scru_reclas
 0.627137 1 1 1 1
 0.627137 1 1 1 1
 0.627137 1 1 1 1
 0.627137 1 1 1 1
 0.627137 1 1 1 1
 0.627137 1 1 1 1
 0.627137 1 1 1 1
 0.627137 1 1 1 1
 0.627137 1 1 1 1
 0.627137 1 1 1 1
 0.627137 1 1 1 1
 0.627137 1 1 1 1
 0.627137 1 1 1 1
 0.627137 1 1 1 1
 0.627137 1 1 1 1
 0.627137 1 1 1 1
 0.627137 1 1 1 1
 0.627137 1 1 1 1
 0.627137 1 1 1 1
 0.627137 1 1 1 1
 0.627137 1 1 1 1
 0.627137 1 1 1 1
 0.627137 1 1 1 1
 0.627137 1 1 1 1
 0.627137 1 1 1 1
 0.627137 1 1 1 1
 0.627137 1 1 1 1
Scru_pelaces
 0.435856 0.795425 0.95138 0.989948 0.997986
 0.435856 0.795425 0.95138 0.989948 0.997986
 0.435856 0.795425 0.95138 0.989948 0.997986
 0.435856 0.795425 0.95138 0.989948 0.997986
 0.435856 0.795425 0.95138 0.989948 0.997986
 0.435856 0.795425 0.95138 0.989948 0.997986
 0.435856 0.795425 0.95138 0.989948 0.997986
 0.435856 0.795425 0.95138 0.989948 0.997986
 0.435856 0.795425 0.95138 0.989948 0.997986
 0.435856 0.795425 0.95138 0.989948 0.997986
 0.435856 0.795425 0.95138 0.989948 0.997986
 0.435856 0.795425 0.95138 0.989948 0.997986
 0.435856 0.795425 0.95138 0.989948 0.997986
 0.435856 0.795425 0.95138 0.989948 0.997986
 0.435856 0.795425 0.95138 0.989948 0.997986
 0.435856 0.795425 0.95138 0.989948 0.997986
 0.435856 0.795425 0.95138 0.989948 0.997986
 0.435856 0.795425 0.95138 0.989948 0.997986
 0.435856 0.795425 0.95138 0.989948 0.997986
 0.435856 0.795425 0.95138 0.989948 0.997986
 0.435856 0.795425 0.95138 0.989948 0.997986
 0.435856 0.795425 0.95138 0.989948 0.997986
 0.435856 0.795425 0.95138 0.989948 0.997986
 0.435856 0.795425 0.95138 0.989948 0.997986
 0.435856 0.795425 0.95138 0.989948 0.997986
 0.435856 0.795425 0.95138 0.989948 0.997986
 0.435856 0.795425 0.95138 0.989948 0.997986
pf_obs 
 0.256992 0.487395 0.22802 0.0275931 0
 0.321318 0.546541 0.124235 0.00734118 0.000564706
 0.182869 0.594174 0.210203 0.0122559 0.00049798
 0.330522 0.361315 0.267642 0.0388342 0.00168674
 0.649043 0.306663 0.0425973 0.00169635 0
 0.582887 0.30429 0.105238 0.00758474 0
 0.465427 0.430635 0.0974691 0.00646863 0
 0.296916 0.608066 0.0921331 0.00288517 0
 0.311714 0.524322 0.152257 0.0117073 0
 0.15457 0.633149 0.183074 0.0267441 0.00246327
 0.131901 0.49318 0.331252 0.0422183 0.00144891
 0.196976 0.569456 0.194076 0.0375587 0.00193317
 0.518974 0.381816 0.0799577 0.0180837 0.00116848
 0.0928022 0.601141 0.25162 0.0475244 0.00691264
 0.122501 0.610282 0.24278 0.0234846 0.000952079
 0.383417 0.481906 0.127806 0.00687128 0
 0.0376549 0.599619 0.316969 0.0457579 0
 0.0361596 0.667082 0.258105 0.0386534 0
 0.158088 0.579412 0.248529 0.0139706 0
 0.0477256 0.309471 0.559284 0.082774 0.000745712
 0.0406174 0.521527 0.379366 0.0568643 0.0016247
 0.151134 0.462217 0.34131 0.0453401 0
 0.294876 0.26143 0.354403 0.0886775 0.000613685
 0.281977 0.475581 0.204845 0.0348837 0.00271318
 0.0841818 0.532909 0.334909 0.0458182 0.00218182
 0.115287 0.27431 0.454777 0.147771 0.00785563
 0 0 0 0 0
pf_pred 
 0.17766 0.553384 0.239011 0.0299352 1.02767e-05
 0.228873 0.538171 0.190966 0.0375694 0.00442054
 0.0659337 0.750175 0.155819 0.023297 0.00477519
 0.314501 0.460041 0.215402 0.00870266 0.00135344
 0.479676 0.460317 0.0525923 0.00711703 0.000298047
 0.214794 0.696665 0.0827189 0.00513119 0.000691211
 0.494074 0.419889 0.0832659 0.00260795 0.000163302
 0.189708 0.747813 0.0578954 0.00444675 0.000136793
 0.347323 0.485366 0.162293 0.00467692 0.000340982
 0.274204 0.641687 0.0753348 0.00853349 0.000240605
 0.12967 0.686516 0.173661 0.00915295 0.000999774
 0.157557 0.546782 0.268279 0.0259792 0.00140182
 0.231582 0.55061 0.178609 0.0358032 0.00339578
 0.152017 0.715636 0.117376 0.01248 0.00249079
 0.157313 0.6807 0.155311 0.00600222 0.000673539
 0.222613 0.626769 0.142826 0.00750786 0.000283324
 0.174691 0.647539 0.163008 0.0140537 0.000707015
 0.235498 0.552672 0.191793 0.0184914 0.00154581
 0.193194 0.623359 0.157965 0.0232201 0.00226124
 0.248844 0.526763 0.197884 0.0230198 0.00348872
 0.232363 0.587404 0.151667 0.0253825 0.00318368
 0.165133 0.582375 0.217369 0.0297804 0.00534246
 0.245653 0.470911 0.231725 0.0448273 0.00688339
 0.238515 0.575755 0.143852 0.0345845 0.00729281
 0.0540137 0.688456 0.222723 0.0272967 0.00751021
 0.0738894 0.297871 0.527538 0.0876919 0.01301
 0.0930221 0.500375 0.201843 0.173464 0.0312962
pobs_RECLAS
 0 0 0 0 0
 0 0 0 0 0
 0 0 0 0 0
 0 0 0 0 0
 0.835266 0.146461 0.0176864 0.000547809 3.91292e-05
 0.385257 0.428462 0.181853 0.0044286 0
 0.867414 0.0963971 0.0333333 0.00285562 0
 0.441836 0.489002 0.0689373 0.000224442 0
 0.779404 0.147425 0.0564933 0.0165055 0.000172143
 0.814271 0.122319 0.05973 0.00367925 0
 0.40263 0.566651 0.0304383 0.000280538 0
 0.475488 0.404961 0.113038 0.00651328 0
 0.955842 0.0263864 0.0167828 0.000988607 0
 0.975058 0.0227948 0.00214734 0 0
 0.738997 0.206755 0.0527124 0.00153531 0
 0.850938 0.134255 0.0134407 0.00136685 0
 0.542534 0.407297 0.0501686 0 0
 0.764087 0.199537 0.0359546 0.000420521 0
 0.470689 0.182191 0.310203 0.0369168 0
 0.84361 0.089868 0.0606195 0.00523954 0.000663233
 0.607945 0.314616 0.071237 0.00620181 0
 0.523733 0.453247 0.0230204 0 0
 0.530135 0.295979 0.169645 0.0042399 0
 0.562478 0.366248 0.0663022 0.0049721 0
 0.250443 0.683176 0.0655157 0.000865301 0
 0.195077 0.31981 0.436473 0.0351445 0.0134964
 0.565238 0.351407 0.0832357 0.000118908 0
ppred_RECLAS
 0.594485 0.319397 0.0768926 0.00922271 3.15878e-06
 0.669425 0.267691 0.0519666 0.00977076 0.00114685
 0.368984 0.574476 0.048462 0.00670886 0.00136936
 0.783278 0.175879 0.039125 0.00148785 0.000230631
 0.84434 0.144738 0.00961719 0.00125204 5.23241e-05
 0.659964 0.321304 0.0175726 0.00102265 0.000137282
 0.864446 0.122264 0.012882 0.000384375 2.40054e-05
 0.595775 0.387306 0.0157339 0.00114971 3.52725e-05
 0.791325 0.177709 0.0300839 0.000821604 5.97269e-05
 0.698387 0.281223 0.0183451 0.00198936 5.5959e-05
 0.499479 0.438586 0.0586703 0.00294439 0.000320764
 0.569587 0.33333 0.0884658 0.00817717 0.000440128
 0.687328 0.261234 0.0425896 0.00808436 0.000764503
 0.574582 0.393543 0.0284842 0.00282847 0.000562419
 0.592352 0.369449 0.0367268 0.00132381 0.000147989
 0.65586 0.305536 0.0366992 0.00183624 6.91096e-05
 0.586989 0.36084 0.0480304 0.00394286 0.000197833
 0.675169 0.26886 0.0508914 0.00468777 0.000390916
 0.606663 0.338103 0.0478429 0.00673622 0.000654473
 0.690769 0.250555 0.0520118 0.00578885 0.00087523
 0.654707 0.293619 0.0437534 0.00703881 0.000880993
 0.562496 0.350628 0.0752044 0.00989964 0.00177214
 0.690353 0.23131 0.0645257 0.011976 0.00183486
 0.667303 0.281645 0.0399091 0.00920591 0.00193692
 0.268173 0.603134 0.111902 0.0131745 0.0036169
 0.392444 0.27722 0.279199 0.0445427 0.00659375
 0.549873 0.355572 0.0491816 0.0384685 0.00690485
pobs_PELACES
 0 0 0 0 0
 0 0 0 0 0
 0 0 0 0 0
 0 0 0 0 0
 0 0 0 0 0
 0 0 0 0 0
 0 0 0 0 0
 0 0 0 0 0
 0 0 0 0 0
 0 0 0 0 0
 0.450072 0.473896 0.0757376 0.000293798 0
 0 0 0 0 0
 0.463077 0.371075 0.160297 0.00555027 0
 0.529543 0.364841 0.0842815 0.0213345 0
 0.631943 0.363953 0.00410389 0 0
 0.735681 0.248677 0.0153453 0.000297389 0
 0.695825 0.281241 0.0229344 0 0
 0.275771 0.60734 0.115278 0.00161068 0
 0 0 0 0 0
 0.896147 0.0623911 0.0374545 0.00400742 0
 0.803859 0.145111 0.0509908 3.86294e-05 0
 0.739449 0.233085 0.0266225 0.000797448 4.60066e-05
 0.878498 0.100942 0.0204185 0.000141795 0
 0.694673 0.275183 0.0284847 0.00165964 0
 0.469039 0.446079 0.0841089 0.000773354 0
 0.822795 0.102175 0.0682046 0.00682512 0
 0 0 0 0 0
ppred_PELACES
 0.605038 0.308737 0.0767698 0.00945181 3.2611e-06
 0.688914 0.251628 0.0489285 0.00941629 0.00111322
 0.495117 0.471056 0.0290152 0.00399261 0.000819501
 0.835224 0.137767 0.0258634 0.000990845 0.000154564
 0.833777 0.153057 0.011544 0.00155625 6.5548e-05
 0.735125 0.25281 0.0113145 0.000661455 8.93432e-05
 0.880887 0.107849 0.0109111 0.000331935 2.08754e-05
 0.635393 0.350142 0.0134348 0.000999376 3.08724e-05
 0.827507 0.149009 0.0228062 0.000631493 4.62138e-05
 0.710139 0.269718 0.0180744 0.00201089 5.698e-05
 0.538865 0.406327 0.0518647 0.00265221 0.000290946
 0.597601 0.312577 0.0816871 0.00771627 0.00041828
 0.738085 0.222538 0.0325263 0.00625497 0.000595437
 0.671701 0.30865 0.0175547 0.00174455 0.000348961
 0.691863 0.285231 0.0220226 0.000793568 8.92376e-05
 0.691723 0.275209 0.0314065 0.00160058 6.06584e-05
 0.624729 0.32972 0.0418708 0.00350235 0.000176954
 0.695983 0.251669 0.0474961 0.00447618 0.000375955
 0.616614 0.32771 0.0480495 0.00694649 0.000679888
 0.704746 0.238289 0.0503461 0.00574401 0.000874785
 0.64143 0.29968 0.0496036 0.00824668 0.00104016
 0.550767 0.352759 0.0831372 0.0112983 0.00203806
 0.688861 0.228266 0.0678963 0.0129735 0.00200266
 0.666993 0.278725 0.0421498 0.0100105 0.00212209
 0.260739 0.5989 0.121514 0.014763 0.00408405
 0.383209 0.269931 0.29176 0.047949 0.00715171
 0.720595 0.239243 0.0210701 0.0161748 0.0029175
pobs_pel_tallas
 0 0 0 0 0 0 0 0 0 0 0 0 0 0 0 0 0 0 0 0 0 0 0 0 0 0 0 0 0 0 0 0 0 0 0 0
 0 0 0 0 0 0 0 0 0 0 0 0 0 0 0 0 0 0 0 0 0 0 0 0 0 0 0 0 0 0 0 0 0 0 0 0
 0 0 0 0 0 0 0 0 0 0 0 0 0 0 0 0 0 0 0 0 0 0 0 0 0 0 0 0 0 0 0 0 0 0 0 0
 0 0 0 0 0 0 0 0 0 0 0 0 0 0 0 0 0 0 0 0 0 0 0 0 0 0 0 0 0 0 0 0 0 0 0 0
 0 0 0 0 0 0 0 0 0 0 0 0 0 0 0 0 0 0 0 0 0 0 0 0 0 0 0 0 0 0 0 0 0 0 0 0
 0 0 0 0 0 0 0 0 0 0 0 0 0 0 0 0 0 0 0 0 0 0 0 0 0 0 0 0 0 0 0 0 0 0 0 0
 0 0 0 0 0 0 0 0 0 0 0 0 0 0 0 0 0 0 0 0 0 0 0 0 0 0 0 0 0 0 0 0 0 0 0 0
 0 0 0 0 0 0 0 0 0 0 0 0 0 0 0 0 0 0 0 0 0 0 0 0 0 0 0 0 0 0 0 0 0 0 0 0
 0 0 0 0 0 0 0 0 0 0 0 0 0 0 0 0 0 0 0 0 0 0 0 0 0 0 0 0 0 0 0 0 0 0 0 0
 0 0 0 0 0 0 0 0 0 0 0 0 0 0 0 0 0 0 0 0 0 0 0 0 0 0 0 0 0 0 0 0 0 0 0 0
 0 0 0 0 0 0 0 0 1.78061e-05 0.00172719 0.00360574 0.0105946 0.0120993 0.0124554 0.0147524 0.0171206 0.0266825 0.0428682 0.0675386 0.121331 0.153587 0.119568 0.100827 0.0573624 0.0630603 0.0341343 0.0324427 0.0444173 0.0211091 0.0280891 0.0125444 0.00206551 0 0 0 0
 0 0 0 0 0 0 0 0 0 0 0 0 0 0 0 0 0 0 0 0 0 0 0 0 0 0 0 0 0 0 0 0 0 0 0 0
 0 0 0 0 0 0 0.0133647 0.0140871 0.0187388 0.0205184 0.03894 0.0496705 0.03968 0.0493445 0.0407372 0.0367815 0.0215668 0.0243155 0.0234873 0.0199281 0.019796 0.0243948 0.0301388 0.0376714 0.0412746 0.0863199 0.0771752 0.113111 0.0741005 0.0525337 0.0229764 0.00759418 0.00175318 0 0 0
 0 0 0 0 0 0 0 0 0 0 0.00219441 0.00772107 0.0458388 0.0604681 0.0671733 0.0775358 0.0609151 0.0617685 0.073594 0.0568108 0.0755445 0.0548602 0.0670107 0.0636378 0.0643287 0.046367 0.0373049 0.0286899 0.0247887 0.0153202 0.00654259 0.00121912 0.000365735 0 0 0
 0 0 0 0 0 0 0 0 0 0 0 0 0.000112435 0.00938835 0.0111873 0.0202946 0.0414886 0.0713402 0.111592 0.104902 0.108894 0.110636 0.117776 0.105296 0.107544 0.0401394 0.0192827 0.0124803 0.00416011 0.0028671 0.000618394 0 0 0 0 0
 0 0 0 0 0 0 0 0 0 0 0.00291406 0.0102884 0.027416 0.0768956 0.0749926 0.110853 0.0956884 0.0897413 0.0766577 0.0534642 0.0500743 0.0551293 0.0594112 0.0620874 0.0668451 0.0424026 0.0208742 0.0120726 0.0048766 0.00582813 0.00118941 0.000297354 0 0 0 0
 0 0.00264628 0.0354308 0.0461629 0.0458689 0.0383711 0.0214643 0.0164657 0.0346957 0.0420465 0.0363128 0.0245516 0.0311673 0.0291091 0.0169068 0.0133784 0.00837989 0.0085269 0.0148486 0.0160247 0.0276389 0.0546898 0.0760071 0.122758 0.109233 0.0665981 0.0333725 0.0166128 0.00676272 0.00308733 0.000882094 0 0 0 0 0
 0 0 0 0 0 0 0 0.000805153 0.000690131 0.00759144 0.0133425 0.0154129 0.00931677 0.000345066 0.00356568 0.00563607 0.00851162 0.0253048 0.0502646 0.0516448 0.0657925 0.0565908 0.0611916 0.0827007 0.0866115 0.110766 0.145733 0.0935128 0.0569358 0.0249597 0.0138026 0.00621118 0.00161031 0.00115022 0 0
 0 0 0 0 0 0 0 0 0 0 0 0 0 0 0 0 0 0 0 0 0 0 0 0 0 0 0 0 0 0 0 0 0 0 0 0
 0.00147267 0.00158595 0.00478618 0.00569244 0.00954404 0.0108468 0.00647125 0.017049 0.0510054 0.094081 0.124002 0.0959785 0.0687766 0.0820023 0.061753 0.0591476 0.0492212 0.0479892 0.0443925 0.0268479 0.0217502 0.0140895 0.0121071 0.0120363 0.00920419 0.00665534 0.0049561 0.00860946 0.00930331 0.0156896 0.0114698 0.00855282 0.00243557 0.00046729 0 2.83206e-05
 0 0 0 0 0.000772559 0.00158375 0.000888443 0.00281984 0.00712685 0.0440552 0.0773331 0.111326 0.0921469 0.0852325 0.0710754 0.0886704 0.0786465 0.0553345 0.0373146 0.0185414 0.00753245 0.00457741 0.012979 0.0271748 0.0457355 0.0583668 0.034881 0.0177882 0.00938659 0.00492506 0.0015258 0.00185414 0.000309023 5.79419e-05 3.86279e-05 0
 0 0.00173294 0.00326652 0 0.00397197 0.00683976 0.00946217 0.0152591 0.00757587 0.0136028 0.0228656 0.0392903 0.0559909 0.0764795 0.0681675 0.0726916 0.0566044 0.0477403 0.0527397 0.0444891 0.0609904 0.0582453 0.0661739 0.0445044 0.0529084 0.0360697 0.0280645 0.0235558 0.0158879 0.00826598 0.00280645 0.00217768 0.000904811 0.00058276 9.20147e-05 0
 0 0 0 0 0 0 0 0 0 0 0 0 0 0 0 0 0 0 0 0 0 0 0 0 0 0 0 0 0 0 0 0 0 0 0 0
 0 0 0 0 0 0 0 0 0 0 0 0 0 0 0 0 0 0 0 0 0 0 0 0 0 0 0 0 0 0 0 0 0 0 0 0
 0 0 0 0 0 0 0 0 0 0 0 0 0 0 0 0 0 0 0 0 0 0 0 0 0 0 0 0 0 0 0 0 0 0 0 0
 0 0 0 0 0 0 0 0 0 0 0 0 0 0 0 0 0 0 0 0 0 0 0 0 0 0 0 0 0 0 0 0 0 0 0 0
 0 0 0 0 0 0 0 0 0 0 0 0 0 0 0 0 0 0 0 0 0 0 0 0 0 0 0 0 0 0 0 0 0 0 0 0
ppred_pel_tallas
 1.01516e-16 2.64078e-05 0.00015497 0.000736607 0.0028359 0.00884341 0.0223379 0.0457078 0.0757709 0.101774 0.110791 0.0978233 0.0702382 0.0414213 0.020906 0.0105785 0.00763371 0.00873226 0.0117972 0.0158397 0.0203177 0.0247549 0.028647 0.0315167 0.0330108 0.0329793 0.0315055 0.0288738 0.0254907 0.0217861 0.0181273 0.0147688 0.0118427 0.00938101 0.00735205 0.00569665
 1.01153e-16 3.00628e-05 0.000176433 0.00083866 0.00322884 0.0100688 0.0254331 0.0520403 0.0862654 0.11586 0.126101 0.111282 0.0797735 0.0467861 0.023135 0.0109208 0.00690216 0.00724169 0.0095674 0.0127887 0.0163746 0.0199147 0.0229945 0.0252269 0.0263293 0.0261872 0.0248784 0.0226456 0.0198298 0.0167886 0.0138245 0.0111436 0.00884761 0.00695302 0.00542294 0.00419791
 1.00741e-16 2.16212e-05 0.000126853 0.000602907 0.00232106 0.00723788 0.0182827 0.0374117 0.0620246 0.0833292 0.090763 0.0802597 0.0578892 0.034665 0.0184671 0.01093 0.00984423 0.0125312 0.0172799 0.0231739 0.0295545 0.0357234 0.0409153 0.0444157 0.0457195 0.0446532 0.0414177 0.036531 0.0306963 0.024638 0.0189591 0.0140578 0.0101103 0.00710981 0.00493239 0.00340402
 1.00454e-16 3.6438e-05 0.000213871 0.00101667 0.00391426 0.0122063 0.0308321 0.0630861 0.10457 0.14043 0.152802 0.134748 0.0963841 0.0561023 0.0269497 0.0113965 0.00543715 0.00436517 0.00529808 0.00697844 0.00891121 0.0108226 0.0124759 0.0136576 0.0142132 0.0140812 0.0133068 0.012026 0.0104299 0.00871848 0.00706138 0.00557452 0.00431539 0.0032932 0.00248621 0.00185899
 1.00271e-16 3.63755e-05 0.000213503 0.00101491 0.00390751 0.0121852 0.0307789 0.0629773 0.104391 0.14019 0.152543 0.134528 0.0962436 0.0560544 0.0269897 0.0115208 0.00565337 0.0046909 0.00575249 0.00757253 0.00963898 0.0116549 0.0133587 0.014516 0.0149618 0.0146382 0.0136088 0.0120401 0.0101585 0.00819784 0.00635336 0.0047542 0.00345837 0.00246507 0.00173586 0.00121618
 1.0027e-16 3.20778e-05 0.000188263 0.0008949 0.00344538 0.0107441 0.0271388 0.0555302 0.0920498 0.123627 0.13455 0.118726 0.0850831 0.0498463 0.024547 0.0114149 0.00697801 0.00712816 0.00932369 0.0123959 0.0157818 0.0190562 0.021799 0.0236259 0.0242672 0.0236328 0.0218343 0.0191547 0.0159762 0.012692 0.00962901 0.00700216 0.00490555 0.00333313 0.00221458 0.00145191
 1.00203e-16 3.84278e-05 0.000225557 0.00107223 0.00412819 0.0128734 0.0325171 0.0665336 0.110284 0.148099 0.161137 0.142077 0.101577 0.0590269 0.0281703 0.0115946 0.00505749 0.00358138 0.00412302 0.00536893 0.00682861 0.0082624 0.00948028 0.0103158 0.0106514 0.0104449 0.00973917 0.00864937 0.00733336 0.00595462 0.00465017 0.00351144 0.00258059 0.00185895 0.00132161 0.000932249
 1.00341e-16 2.7733e-05 0.000162746 0.00077357 0.0029782 0.00928717 0.0234589 0.0480016 0.0795738 0.106883 0.116357 0.102748 0.0737944 0.0435591 0.0220577 0.0112751 0.00826563 0.00951598 0.0128281 0.0171336 0.0218219 0.0263442 0.0301255 0.0326352 0.0335008 0.0325985 0.0300851 0.0263543 0.0219373 0.0173804 0.0131371 0.00950533 0.00661461 0.00445519 0.00292781 0.00189479
 1.00397e-16 3.61019e-05 0.000211898 0.00100728 0.00387812 0.0120936 0.0305474 0.0625037 0.103605 0.139135 0.151395 0.133515 0.0955169 0.0556275 0.0267777 0.0114199 0.00559036 0.00462899 0.00567904 0.00748831 0.0095537 0.0115861 0.0133307 0.0145575 0.0151013 0.0148989 0.0140035 0.0125672 0.0108012 0.0089261 0.00712779 0.00553223 0.00420018 0.00313836 0.00231888 0.00169854
 1.00417e-16 3.0989e-05 0.000181869 0.0008645 0.00332833 0.0103791 0.0262168 0.0536438 0.0889237 0.119431 0.129989 0.114717 0.0822423 0.0482475 0.0238817 0.0113108 0.00719239 0.00756668 0.00997978 0.0132933 0.0169409 0.0204782 0.0234588 0.025472 0.0262278 0.0256262 0.0237811 0.0209883 0.0176495 0.0141789 0.010922 0.00810707 0.00583589 0.00410573 0.00284682 0.00196062
 1.00974e-16 2.35263e-05 0.000138044 0.000656119 0.00252596 0.00787687 0.0198967 0.0407135 0.0674955 0.0906701 0.0987341 0.08725 0.0628042 0.0373544 0.0194386 0.0107916 0.00896717 0.0110239 0.0151054 0.0202668 0.0258959 0.0313828 0.0360657 0.0393237 0.0407108 0.0400612 0.0375273 0.0335326 0.0286615 0.0235211 0.018622 0.0143074 0.0107388 0.00792789 0.00579005 0.00419876
 1.01547e-16 2.60837e-05 0.000153066 0.000727559 0.00280106 0.00873476 0.0220635 0.0451463 0.0748403 0.100525 0.109433 0.096629 0.0693908 0.0409421 0.0207021 0.0105378 0.00768243 0.00884082 0.0119625 0.0160685 0.0206175 0.0251287 0.0290921 0.0320235 0.033564 0.0335596 0.032092 0.0294465 0.0260326 0.0222837 0.0185713 0.0151538 0.012167 0.00964559 0.00756067 0.005855
 1.00778e-16 3.22057e-05 0.000189017 0.000898488 0.00345921 0.0107872 0.0272477 0.0557528 0.092418 0.124119 0.135078 0.119177 0.0853714 0.0499459 0.0244678 0.0111648 0.00654146 0.00646911 0.00840203 0.0111872 0.014295 0.0173467 0.0199726 0.0218312 0.0226765 0.0224145 0.0211232 0.0190281 0.016442 0.0136903 0.0110469 0.00869609 0.00672534 0.00514287 0.00390666 0.00295347
 1.00427e-16 2.93145e-05 0.000172035 0.000817738 0.00314827 0.00981754 0.0247985 0.0507422 0.0841153 0.112978 0.122978 0.108559 0.0778938 0.0458288 0.0229302 0.0112699 0.00770893 0.00851685 0.0113718 0.0151732 0.0193346 0.0233618 0.0267463 0.0290192 0.0298499 0.0291258 0.0269801 0.0237539 0.0199102 0.0159253 0.0121959 0.00898351 0.00640371 0.00445128 0.00304365 0.00206502
 1.00438e-16 3.01927e-05 0.000177193 0.000842264 0.00324271 0.0101121 0.0255424 0.0522641 0.0866372 0.116362 0.126654 0.111787 0.0801698 0.0470884 0.0234133 0.0112648 0.00739667 0.00795776 0.0105579 0.0140786 0.0179478 0.0217018 0.0248693 0.0270159 0.0278337 0.0272154 0.0252797 0.0223374 0.0188119 0.0151404 0.0116879 0.00869657 0.00627568 0.00442432 0.0030709 0.00211317
 1.00594e-16 3.01862e-05 0.000177156 0.000842089 0.00324204 0.01011 0.0255371 0.0522532 0.0866189 0.116337 0.126624 0.111755 0.0801368 0.0470476 0.0233536 0.0111714 0.00725255 0.00774589 0.0102641 0.0136958 0.0174808 0.0211709 0.0243116 0.0264818 0.0273808 0.0268986 0.0251415 0.0223998 0.0190728 0.0155744 0.0122524 0.0093393 0.0069437 0.00507107 0.00366103 0.0026244
 1.00831e-16 2.72672e-05 0.000160013 0.000760582 0.0029282 0.00913125 0.023065 0.0471956 0.0782374 0.105087 0.1144 0.101013 0.0725353 0.0427898 0.0216209 0.010977 0.0079601 0.00911757 0.0122953 0.016457 0.021023 0.0254789 0.0292843 0.0319352 0.0330695 0.0325526 0.0305079 0.0272785 0.0233377 0.0191774 0.0152111 0.0117161 0.0088232 0.00654139 0.00480216 0.00350325
 1.00928e-16 3.03711e-05 0.000178243 0.000847263 0.00326197 0.0101721 0.0256941 0.0525742 0.0871502 0.117049 0.127394 0.112421 0.080586 0.0472547 0.023352 0.0109982 0.00691695 0.00722976 0.00953899 0.0127424 0.0163044 0.0198122 0.02285 0.0250304 0.0260709 0.0258591 0.024476 0.0221685 0.0192832 0.0161831 0.013176 0.0104716 0.00817402 0.00629967 0.0048096 0.00364059
 1.0106e-16 2.69133e-05 0.000157936 0.000750705 0.00289017 0.00901266 0.0227655 0.0465826 0.0772214 0.103723 0.112915 0.0997039 0.0715996 0.0422462 0.0213621 0.0108721 0.00791828 0.0090951 0.0122786 0.0164472 0.0210291 0.0255154 0.02937 0.0320913 0.0333171 0.032909 0.0309832 0.0278726 0.0240394 0.019965 0.0160544 0.0125805 0.0096736 0.00734605 0.00553577 0.00414863
 1.01031e-16 3.07527e-05 0.000180484 0.000857922 0.00330301 0.0103001 0.0260173 0.0532356 0.0882461 0.118519 0.12899 0.113821 0.0815696 0.0477917 0.0235434 0.0109651 0.00673262 0.00691468 0.00908449 0.0121342 0.015538 0.0189017 0.0218312 0.0239588 0.0250153 0.0248905 0.0236561 0.0215402 0.0188648 0.0159683 0.0131384 0.0105721 0.00836878 0.00654701 0.00507463 0.0038974
 1.01134e-16 2.79942e-05 0.000164284 0.000780893 0.00300641 0.00937516 0.0236811 0.0484558 0.0803254 0.107889 0.11744 0.103676 0.0744018 0.0437983 0.0219598 0.0108708 0.0075413 0.00841725 0.01129 0.0151155 0.0193383 0.0234862 0.0270682 0.0296246 0.0308223 0.0305307 0.0288508 0.0260807 0.0226367 0.0189531 0.0153963 0.0122141 0.00952624 0.00734744 0.00562591 0.00428161
 1.01779e-16 2.40432e-05 0.000141083 0.000670579 0.00258166 0.00805056 0.0203353 0.0416106 0.0689811 0.0926605 0.100888 0.0891206 0.0640797 0.0379711 0.0195005 0.0104178 0.00820169 0.00983531 0.0134306 0.0180592 0.0231638 0.0282144 0.0326382 0.0358913 0.0375719 0.0375112 0.0358075 0.0327886 0.0289213 0.0246982 0.0205385 0.0167315 0.0134252 0.0106521 0.00837213 0.0065143
 1.01578e-16 3.00596e-05 0.000176416 0.000838584 0.00322856 0.0100679 0.0254309 0.0520356 0.0862569 0.115847 0.126082 0.111254 0.0797277 0.0467085 0.023003 0.0107038 0.00656308 0.00674135 0.00887215 0.0118809 0.0152639 0.0186473 0.0216555 0.0239341 0.0252177 0.0253874 0.0244934 0.0227315 0.0203875 0.017765 0.0151249 0.0126493 0.010436 0.00851406 0.00687028 0.00547414
 1.01133e-16 2.9108e-05 0.000170825 0.000811993 0.00312616 0.0097486 0.0246243 0.0503857 0.0835235 0.112181 0.122105 0.107775 0.0773016 0.0454216 0.0226185 0.0109409 0.00726446 0.00788307 0.0104987 0.0140388 0.0179552 0.0218016 0.0251204 0.0274851 0.0285872 0.0283074 0.0267414 0.0241685 0.0209767 0.01757 0.014288 0.0113589 0.00889099 0.00689468 0.00531874 0.00408652
 1.02619e-16 1.14066e-05 6.68725e-05 0.000317723 0.00122299 0.00381354 0.00963331 0.0197154 0.0326968 0.0439604 0.0479683 0.0426224 0.0311887 0.0195706 0.0120564 0.00967067 0.0114132 0.0159927 0.0225291 0.030411 0.0389864 0.047422 0.054757 0.0600723 0.062694 0.0623478 0.0592179 0.0538805 0.0471481 0.0398732 0.0327788 0.0263589 0.0208598 0.0163245 0.0126678 0.00974938
 1.06212e-16 1.6734e-05 9.81779e-05 0.000466618 0.00179638 0.00560172 0.0141497 0.0289538 0.0480006 0.0644829 0.0702217 0.0620631 0.0446948 0.0266277 0.0139461 0.00790483 0.00679767 0.00858172 0.0120027 0.0164692 0.0216329 0.0271381 0.0325624 0.0374596 0.0414356 0.0442147 0.045675 0.0458394 0.0448372 0.0428519 0.0400777 0.0366971 0.0328788 0.0287863 0.0245869 0.0204501
 1.0107e-16 3.14437e-05 0.000184541 0.000877209 0.00337727 0.0105317 0.0266023 0.0544324 0.0902299 0.121183 0.131887 0.116373 0.0833896 0.0488393 0.0240241 0.0111279 0.00674679 0.00685549 0.00896775 0.0119477 0.0152578 0.0184987 0.0212762 0.0232271 0.0240922 0.0237768 0.022372 0.0201263 0.0173794 0.0144818 0.0117239 0.00929657 0.0072837 0.00568301 0.00443925 0.00347691
pSPR Fmed_Fpbrs
0.550996   0.6 0.325
Fs Fmed_Fpbrs
0.64   0.513836 1.91116
SSBpbr Bo_Bmed_Bpbrs
486872  243921  267780 133890
Ro
22925.4
SPR SPRFo_SPRFmed_SPRFpbrs
473506 260900 153890
log_Ro
9.86
likeval ReclasPelacesDesembMPH_pf_preclas_ppelaces_ptallas_desvR_qrecl_qpela
 0.00152735 10.9862 0.0463448 15.7271 322.111 208.778 55.1513 0 28.347 5.42053e-06 0.000192943 8.63044e-13 0 0 0
q_reclas_q_pelaces
1.39085 7.21518
M
0.7
N
 26691.3 11930.3 3587.01 439.195 0.150594
 34930 12328.6 3131.37 603.618 70.9471
 6289.66 15891.3 2831.61 420.14 86.0817
 8879.25 2448.01 923.704 36.8908 5.73378
 31218.6 3711.95 266.983 35.0143 1.46387
 23817 15107.5 1468.46 90.1385 12.1357
 72414.2 9806.38 1441.18 44.3499 2.77447
 50214.9 32264.8 1874.52 141.595 4.35196
 91905.6 22192.2 5740.83 163.071 11.8801
 117418 39749.9 3265.22 361.732 10.1871
 63559.8 54089.5 10189.4 527.849 57.6042
 52887.1 28231.7 10060.2 955.651 51.514
 57441.9 23858.8 6020.29 1190.01 112.784
 25641.7 24741 3384.17 356.477 71.112
 11516 10348.5 1978.85 75.788 8.50052
 10150.3 4620.93 786.737 40.6584 1.53295
 7549.19 4498.96 843.509 71.4792 3.5927
 9455.13 3352.9 836.183 79.0185 6.59863
 9313.43 4291.81 754.813 108.441 10.5475
 13879.5 4308.6 1142.17 130.038 19.6852
 19623.5 6364.54 1060.89 172.454 21.597
 20410.8 9395.29 2291.49 305.26 54.6802
 37074.5 9720.07 3226.97 608.671 93.3378
 52762.9 17395.7 2929.66 686.7 144.608
 14776.5 24767.6 5263.28 627.507 172.394
 12860.8 7020.34 8332.34 1349.71 199.968
 4431.18 6053.73 2176.46 1860.03 335.488
pred_Ctot
 1346.55 4194.3 1811.55 226.89 0.0778911
 2117.01 4977.92 1766.38 347.506 40.8887
 991.857 11285.1 2344.03 350.463 71.8344
 1020 1492.03 698.604 28.2249 4.38954
 573.133 550.002 62.8391 8.50367 0.356116
 2958.33 9595.07 1139.28 70.6711 9.51996
 5384.89 4576.36 907.512 28.4239 1.77982
 4000.37 15769.2 1220.84 93.7687 2.88455
 8596.84 12013.6 4017.03 115.762 8.4399
 6136.15 14359.7 1685.84 190.963 5.38427
 4855.43 25706.2 6502.66 342.727 37.436
 3501.07 12150 5961.41 577.281 31.1498
 5525.01 13136.3 4261.19 854.18 81.0152
 3495.24 16454.2 2698.77 286.944 57.2693
 1609.44 6964.16 1588.97 61.4079 6.89089
 789.459 2222.73 506.51 26.6253 1.00476
 577.084 2139.11 538.49 46.4257 2.33559
 587.355 1378.42 478.35 46.1193 3.8554
 459.969 1484.13 376.093 55.2838 5.38371
 767.934 1625.59 610.672 71.0391 10.7662
 507.141 1282.03 331.019 55.3983 6.94852
 603.376 2127.92 794.241 108.814 19.5207
 1474.75 2827.05 1391.13 269.114 41.3234
 2083.05 5028.32 1256.32 302.041 63.6912
 460.901 5874.62 1900.5 232.924 64.0849
 483.362 1948.58 3450.99 573.654 85.1073
 867.697 4667.43 1882.76 1618.04 291.926
F
 0.0724164 0.637614 1.08213 1.12335 1.12561
 0.0875742 0.771076 1.30864 1.35849 1.36121
 0.243632 2.14514 3.64064 3.77931 3.7869
 0.172161 1.51585 2.57263 2.67063 2.67599
 0.0258202 0.227343 0.385837 0.400534 0.401338
 0.187367 1.64973 2.79986 2.90651 2.91234
 0.108427 0.954683 1.62025 1.68197 1.68534
 0.116569 1.02637 1.74192 1.80827 1.8119
 0.138153 1.21642 2.06445 2.14309 2.14739
 0.0751024 0.661264 1.12227 1.16502 1.16736
 0.111536 0.982056 1.66671 1.73019 1.73367
 0.0960052 0.845309 1.43463 1.48927 1.49226
 0.142314 1.25305 2.12662 2.20762 2.21206
 0.20738 1.82595 3.09892 3.21696 3.22343
 0.213145 1.8767 3.18506 3.30638 3.31302
 0.113663 1.00078 1.69849 1.76318 1.76673
 0.111615 0.982752 1.66789 1.73142 1.7349
 0.0898496 0.79111 1.34264 1.39378 1.39658
 0.0708445 0.623773 1.05864 1.09897 1.10117
 0.0796724 0.701502 1.19056 1.23591 1.23839
 0.0365185 0.321539 0.545704 0.56649 0.567628
 0.0418706 0.368664 0.625681 0.649514 0.650818
 0.0567083 0.499307 0.847404 0.879681 0.881448
 0.0562721 0.495466 0.840886 0.872915 0.874669
 0.0442249 0.389392 0.660861 0.686033 0.687412
 0.0535059 0.471111 0.79955 0.830005 0.831673
 0.311233 2.74035 4.65082 4.82797 4.83767
Np
 13882.9 6669.88 598.336 58.8 3.98285
YTP_r0W_actual
 851.254 24146.4 19705.4 22157.5 4442.05
YTP_p0W_proyectada
 2666.98 6429.47 1756.83 123.004 98.2577
 2666.98 26604 5417.26 700.449 52.7353
CTP_r0_actual
 103.811 1117.89 627.561 552.555 99.8213
CTP_p0_proyectada
 325.241 297.661 55.9501 3.06743 2.20804
 325.241 1231.67 172.524 17.4676 1.18506
Wmedp
 8.2 21.6 31.4 40.1 44.5
nmprior
 10.8 10.6 4.6 0
nm_flota  nm_reclas  nm_pelaces    nm_pelaL
inf 26.4069 16.1622 49.1927
cv_recla  cv_pelaces  cv_mph
1.12818 0.36309 0.529945
 ------------------------------------------------
Talla a la edad & desviaci?n 
 7.2 14.2025 17.0495 18.207 18.6776
 1.08 2.13037 2.55742 2.73105 2.80164
