years
 1997 1998 1999 2000 2001 2002 2003 2004 2005 2006 2007 2008 2009 2010 2011 2012 2013 2014 2015 2016 2017 2018 2019 2020 2021 2022 2023
reclasobs
 0 0 0 370054 412103 1.49427e+06 250295 1.28982e+06 931140 785840 897777 1.04006e+06 184774 17550 25797 100020 73551 82996 120727 218422 84188 347160 605670 569463 516374 1.08416e+06 1.01767e+06
reclaspred
 418098 100680 180752 106872 197188 237072 726256 530135 679733 738361 620699 438576 311942 157549 104498 93026.7 100637 137705 153936 225200 343092 306733 497852 646283 774663 684039 575511
pelacesobs
 0 0 0 0 0 0 0 0 0 2.06254e+06 1.5e+06 0 1.87456e+06 323000 250000 174000 83755 137374 0 501740 490994 745055 786931 1.00524e+06 1.33801e+06 1.41789e+06 0
pelacespred
 1.42184e+06 236393 288502 251290 431196 353471 1.69838e+06 1.23304e+06 1.56039e+06 1.65097e+06 1.192e+06 889767 652426 264269 178255 169627 192388 270090 298010 438712 762509 647387 861021 1.26127e+06 1.45469e+06 1.41597e+06 1.13225e+06
mphobs
 0 0 0 0 0 0 112323 0 153150 637223 0 255016 313432 73983 77613 109348 50772 17779 17303 59886 28197 0 207744 136588 643089 65757 70829
mphpred
 162067 86783 78864.5 54695.1 64375 120279 204287 316800 284712 346748 368755 260087 167036 110537 54346.3 42596.2 41083.8 53912.3 31770.8 36548.5 60562.8 76342.8 86910.3 123493 162146 157014 129227
desembarqueobs
 350755 77701 442110 56441 14545 235359 269955 359681 431902 328805 639364 411747 362871 311530 167758 66681 60226 58785 57116 73181 50977 67692 138656 160484 209506 203330 245020
desembarquepred
 350771 77708 442218 56452.1 14545.5 235442 269986 359711 431877 328799 639448 411816 362928 311852 167889 66717.7 60263.7 58789.6 57108.7 73181.7 50978.9 67690.8 138667 160496 209522 203346 245025
Reclutas
 34351 35919.4 14789.2 19776.1 39414.3 37815.4 82983.2 65725.7 108773 119861 65436.6 48730.5 56972.1 26125.3 14706 13901.6 11176.5 14371.8 16820.2 28270.2 37195.2 39731.1 65871.9 90569 35980.3 42935.4 58931.8
log_desv_Rt
 -0.0756132 -0.0309685 -0.91835 -0.627769 0.0618827 0.0204704 0.806394 0.573245 1.07701 1.17409 0.568837 0.274061 0.430317 -0.349341 -0.923987 -0.980238 -1.19844 -0.94698 -0.789666 -0.270438 0.00393446 0.06989 0.575468 0.893867 -0.0292721 0.147452 0.464136
SSB
 391219 209489 190374 132031 155397 290345 477730 754800 669117 818558 890153 627833 417506 273309 139468 110329 111274 139053 179174 216620 339735 417730 488947 663368 952962 950132 737114
BT
 1.427e+06 322870 470261 261846 357749 467660 1.54792e+06 1.38257e+06 1.64346e+06 1.63571e+06 1.52289e+06 1.08549e+06 869877 499946 281570 191281 205475 263958 288074 411612 653313 584120 790557 1.14716e+06 1.3311e+06 1.31665e+06 1.12691e+06
Ftot
 1.16656 1.08872 2.45353 0.717679 0.115196 1.05995 0.577672 0.853181 0.920668 0.594944 1.041 0.909061 1.35888 2.00136 1.81224 0.800573 0.705176 0.500042 0.39978 0.393634 0.177196 0.216463 0.279127 0.285375 0.242492 0.245276 0.398183
BD_Bspro_t
 0.895585 0.599225 0.458623 0.234594 0.374756 0.583666 0.560439 0.631685 0.566413 0.569864 0.560702 0.405057 0.316032 0.258919 0.166191 0.162384 0.21757 0.336911 0.458195 0.565257 0.693225 0.784139 0.780205 0.780019 0.793309 0.741351 0.686139
BD_Bspro
 0.51125 0.273762 0.248783 0.172539 0.203075 0.379426 0.624303 0.986382 0.87441 1.0697 1.16326 0.820459 0.545602 0.357164 0.182258 0.144179 0.145414 0.181716 0.234146 0.283081 0.44397 0.545895 0.638962 0.866897 1.24534 1.24164 0.963269
BD_Bo
 0.419398 0.224578 0.204086 0.14154 0.16659 0.311258 0.51214 0.809167 0.717312 0.877517 0.954268 0.673054 0.447578 0.292995 0.149513 0.118275 0.119289 0.149068 0.192079 0.232222 0.364206 0.447819 0.524165 0.711148 1.0216 1.01857 0.790206
BD_Brms
 0.762542 0.408323 0.371066 0.257346 0.302891 0.565924 0.931164 1.47121 1.3042 1.59548 1.73503 1.22373 0.813779 0.532718 0.271842 0.215046 0.216888 0.271033 0.349235 0.422222 0.662192 0.814216 0.953027 1.293 1.85746 1.85194 1.43674
S_f
 0.103732 0.687404 0.976625 0.998742 0.999934
 0.103732 0.687404 0.976625 0.998742 0.999934
 0.103732 0.687404 0.976625 0.998742 0.999934
 0.103732 0.687404 0.976625 0.998742 0.999934
 0.103732 0.687404 0.976625 0.998742 0.999934
 0.103732 0.687404 0.976625 0.998742 0.999934
 0.103732 0.687404 0.976625 0.998742 0.999934
 0.103732 0.687404 0.976625 0.998742 0.999934
 0.103732 0.687404 0.976625 0.998742 0.999934
 0.103732 0.687404 0.976625 0.998742 0.999934
 0.103732 0.687404 0.976625 0.998742 0.999934
 0.103732 0.687404 0.976625 0.998742 0.999934
 0.103732 0.687404 0.976625 0.998742 0.999934
 0.103732 0.687404 0.976625 0.998742 0.999934
 0.103732 0.687404 0.976625 0.998742 0.999934
 0.103732 0.687404 0.976625 0.998742 0.999934
 0.103732 0.687404 0.976625 0.998742 0.999934
 0.103732 0.687404 0.976625 0.998742 0.999934
 0.103732 0.687404 0.976625 0.998742 0.999934
 0.103732 0.687404 0.976625 0.998742 0.999934
 0.103732 0.687404 0.976625 0.998742 0.999934
 0.103732 0.687404 0.976625 0.998742 0.999934
 0.103732 0.687404 0.976625 0.998742 0.999934
 0.103732 0.687404 0.976625 0.998742 0.999934
 0.103732 0.687404 0.976625 0.998742 0.999934
 0.103732 0.687404 0.976625 0.998742 0.999934
 0.103732 0.687404 0.976625 0.998742 0.999934
Scru_reclas
 0.840013 1 1 1 1
 0.840013 1 1 1 1
 0.840013 1 1 1 1
 0.840013 1 1 1 1
 0.840013 1 1 1 1
 0.840013 1 1 1 1
 0.840013 1 1 1 1
 0.840013 1 1 1 1
 0.840013 1 1 1 1
 0.840013 1 1 1 1
 0.840013 1 1 1 1
 0.840013 1 1 1 1
 0.840013 1 1 1 1
 0.840013 1 1 1 1
 0.840013 1 1 1 1
 0.840013 1 1 1 1
 0.840013 1 1 1 1
 0.840013 1 1 1 1
 0.840013 1 1 1 1
 0.840013 1 1 1 1
 0.840013 1 1 1 1
 0.840013 1 1 1 1
 0.840013 1 1 1 1
 0.840013 1 1 1 1
 0.840013 1 1 1 1
 0.840013 1 1 1 1
 0.840013 1 1 1 1
Scru_pelaces
 1 1 1 1 1
 1 1 1 1 1
 1 1 1 1 1
 1 1 1 1 1
 1 1 1 1 1
 1 1 1 1 1
 1 1 1 1 1
 1 1 1 1 1
 1 1 1 1 1
 1 1 1 1 1
 1 1 1 1 1
 1 1 1 1 1
 1 1 1 1 1
 1 1 1 1 1
 1 1 1 1 1
 1 1 1 1 1
 1 1 1 1 1
 1 1 1 1 1
 1 1 1 1 1
 1 1 1 1 1
 1 1 1 1 1
 1 1 1 1 1
 1 1 1 1 1
 1 1 1 1 1
 1 1 1 1 1
 1 1 1 1 1
 1 1 1 1 1
pf_obs 
 0.256992 0.487395 0.22802 0.0275931 0
 0.321318 0.546541 0.124235 0.00734118 0.000564706
 0.182869 0.594174 0.210203 0.0122559 0.00049798
 0.330522 0.361315 0.267642 0.0388342 0.00168674
 0.649043 0.306663 0.0425973 0.00169635 0
 0.582887 0.30429 0.105238 0.00758474 0
 0.465427 0.430635 0.0974691 0.00646863 0
 0.296916 0.608066 0.0921331 0.00288517 0
 0.311714 0.524322 0.152257 0.0117073 0
 0.15457 0.633149 0.183074 0.0267441 0.00246327
 0.131901 0.49318 0.331252 0.0422183 0.00144891
 0.196976 0.569456 0.194076 0.0375587 0.00193317
 0.518974 0.381816 0.0799577 0.0180837 0.00116848
 0.0928022 0.601141 0.25162 0.0475244 0.00691264
 0.122501 0.610282 0.24278 0.0234846 0.000952079
 0.383417 0.481906 0.127806 0.00687128 0
 0.0376549 0.599619 0.316969 0.0457579 0
 0.0361596 0.667082 0.258105 0.0386534 0
 0.158088 0.579412 0.248529 0.0139706 0
 0.0477256 0.309471 0.559284 0.082774 0.000745712
 0.0406174 0.521527 0.379366 0.0568643 0.0016247
 0.151134 0.462217 0.34131 0.0453401 0
 0.294876 0.26143 0.354403 0.0886775 0.000613685
 0.281977 0.475581 0.204845 0.0348837 0.00271318
 0.0841818 0.532909 0.334909 0.0458182 0.00218182
 0.115287 0.27431 0.454777 0.147771 0.00785563
 0 0 0 0 0
pf_pred 
 0.332264 0.457843 0.187781 0.0220964 1.50632e-05
 0.275615 0.59305 0.103973 0.0245777 0.0027852
 0.155375 0.655023 0.168107 0.0171488 0.00434645
 0.311833 0.499108 0.16808 0.0187272 0.00225156
 0.335877 0.499835 0.132556 0.0283073 0.00342468
 0.221324 0.582494 0.159603 0.0296457 0.00693373
 0.373846 0.435374 0.159288 0.025794 0.00569798
 0.202229 0.643555 0.120281 0.02847 0.00546459
 0.309869 0.451705 0.20804 0.0238733 0.0065123
 0.249941 0.585695 0.124592 0.0348552 0.00491728
 0.136355 0.602564 0.221355 0.0303289 0.00939738
 0.152035 0.484279 0.289786 0.0630008 0.0108987
 0.247289 0.46134 0.200703 0.0727479 0.0179199
 0.163823 0.654535 0.135176 0.0324237 0.0140425
 0.184988 0.58404 0.204174 0.0202138 0.00658488
 0.232936 0.553019 0.178691 0.0314293 0.0039247
 0.179425 0.568644 0.203311 0.0408061 0.00781378
 0.224448 0.471426 0.237785 0.0538578 0.0124831
 0.214504 0.518046 0.188057 0.0624549 0.0169385
 0.270994 0.461192 0.199363 0.048514 0.0199375
 0.232979 0.534703 0.167401 0.0486541 0.0162629
 0.180306 0.516173 0.233276 0.050952 0.0192926
 0.237424 0.429383 0.237144 0.0742349 0.0218135
 0.233005 0.504059 0.172088 0.0651274 0.0257206
 0.0783917 0.592817 0.24281 0.0567649 0.029216
 0.116396 0.29414 0.42711 0.120673 0.0416813
 0.181699 0.384343 0.183061 0.183032 0.0678653
pobs_RECLAS
 0 0 0 0 0
 0 0 0 0 0
 0 0 0 0 0
 0 0 0 0 0
 0.835266 0.146461 0.0176864 0.000547809 3.91292e-05
 0.385257 0.428462 0.181853 0.0044286 0
 0.867414 0.0963971 0.0333333 0.00285562 0
 0.441836 0.489002 0.0689373 0.000224442 0
 0.779404 0.147425 0.0564933 0.0165055 0.000172143
 0.814271 0.122319 0.05973 0.00367925 0
 0.40263 0.566651 0.0304383 0.000280538 0
 0.475488 0.404961 0.113038 0.00651328 0
 0.955842 0.0263864 0.0167828 0.000988607 0
 0.975058 0.0227948 0.00214734 0 0
 0.738997 0.206755 0.0527124 0.00153531 0
 0.850938 0.134255 0.0134407 0.00136685 0
 0.542534 0.407297 0.0501686 0 0
 0.764087 0.199537 0.0359546 0.000420521 0
 0.470689 0.182191 0.310203 0.0369168 0
 0.84361 0.089868 0.0606195 0.00523954 0.000663233
 0.607945 0.314616 0.071237 0.00620181 0
 0.523733 0.453247 0.0230204 0 0
 0.530135 0.295979 0.169645 0.0042399 0
 0.562478 0.366248 0.0663022 0.0049721 0
 0.250443 0.683176 0.0655157 0.000865301 0
 0.195077 0.31981 0.436473 0.0351445 0.0134964
 0.565238 0.351407 0.0832357 0.000118908 0
ppred_RECLAS
 0.767149 0.178066 0.0491472 0.00563385 3.83527e-06
 0.704795 0.256945 0.0304509 0.00701496 0.000793858
 0.575776 0.360855 0.0564051 0.00555801 0.00140609
 0.740574 0.205867 0.0477432 0.00519231 0.000623461
 0.753338 0.200564 0.0373561 0.00779939 0.000942454
 0.645885 0.288614 0.0535425 0.00969352 0.00226408
 0.790173 0.161117 0.040829 0.00645664 0.00142449
 0.610717 0.334691 0.0428106 0.00988556 0.00189496
 0.746485 0.186561 0.0586078 0.0065593 0.0017869
 0.671567 0.275269 0.0405313 0.0110725 0.0015601
 0.507331 0.381167 0.0949044 0.0126752 0.00392204
 0.547875 0.29943 0.122285 0.0259299 0.00447973
 0.69522 0.215173 0.0622483 0.0219578 0.00540098
 0.576926 0.360208 0.0471611 0.010964 0.00474051
 0.613349 0.308411 0.0694027 0.00666824 0.00216878
 0.658445 0.270115 0.0598811 0.0102772 0.00128168
 0.581999 0.32059 0.0789787 0.0154734 0.00295912
 0.651924 0.240743 0.0843504 0.018662 0.00432004
 0.6332 0.270229 0.068374 0.0221871 0.00600996
 0.703294 0.211566 0.0637577 0.0151598 0.00622245
 0.652052 0.26708 0.0586431 0.0166621 0.0055627
 0.581686 0.296712 0.0939562 0.0200601 0.00758642
 0.669046 0.215013 0.0830676 0.0254148 0.00745892
 0.656422 0.252272 0.060237 0.0222807 0.00878853
 0.348976 0.469707 0.13471 0.0307828 0.0158242
 0.481516 0.21655 0.220159 0.0607998 0.0209751
 0.600938 0.22464 0.0745804 0.0728598 0.0269819
pobs_PELACES
 0 0 0 0 0
 0 0 0 0 0
 0 0 0 0 0
 0 0 0 0 0
 0 0 0 0 0
 0 0 0 0 0
 0 0 0 0 0
 0 0 0 0 0
 0 0 0 0 0
 0 0 0 0 0
 0.450072 0.473896 0.0757376 0.000293798 0
 0 0 0 0 0
 0.463077 0.371075 0.160297 0.00555027 0
 0.529543 0.364841 0.0842815 0.0213345 0
 0.631943 0.363953 0.00410389 0 0
 0.735681 0.248677 0.0153453 0.000297389 0
 0.695825 0.281241 0.0229344 0 0
 0.275771 0.60734 0.115278 0.00161068 0
 0 0 0 0 0
 0.896147 0.0623911 0.0374545 0.00400742 0
 0.803859 0.145111 0.0509908 3.86294e-05 0
 0.739449 0.233085 0.0266225 0.000797448 4.60066e-05
 0.878498 0.100942 0.0204185 0.000141795 0
 0.694673 0.275183 0.0284847 0.00165964 0
 0.469039 0.446079 0.0841089 0.000773354 0
 0.822795 0.102175 0.0682046 0.00682512 0
 0 0 0 0 0
ppred_PELACES
 0.834326 0.129939 0.0320852 0.00364681 2.48144e-06
 0.780287 0.193752 0.0206956 0.0047299 0.000535037
 0.72796 0.23891 0.0295475 0.00285986 0.0007228
 0.798251 0.162334 0.0351549 0.0038033 0.000456548
 0.788364 0.172441 0.0317668 0.00662686 0.000800732
 0.730606 0.223597 0.0374897 0.00673496 0.00157241
 0.835381 0.128017 0.0307008 0.00483456 0.00106638
 0.690018 0.269514 0.0317778 0.00729238 0.0013974
 0.810659 0.142531 0.0410093 0.00455896 0.00124151
 0.733675 0.225263 0.0313374 0.00852379 0.00120071
 0.60493 0.312417 0.0704298 0.00933524 0.00288739
 0.638859 0.246185 0.0921847 0.019418 0.00335352
 0.785489 0.157188 0.0399424 0.0139504 0.00342958
 0.710257 0.25335 0.0274027 0.00627822 0.00271237
 0.734532 0.218839 0.0414241 0.00392775 0.00127655
 0.731177 0.215958 0.0443533 0.00756789 0.0009435
 0.658507 0.266003 0.0612655 0.0119414 0.00228304
 0.713587 0.20103 0.0671533 0.0148031 0.00342608
 0.691563 0.229545 0.0559055 0.0180882 0.00489892
 0.754736 0.176792 0.0513136 0.0121659 0.00499283
 0.698577 0.232293 0.0501496 0.0142305 0.00475055
 0.634552 0.260791 0.0808929 0.0172438 0.00652077
 0.719388 0.184039 0.0692318 0.0211386 0.00620322
 0.707661 0.216234 0.0502447 0.0185461 0.00731459
 0.402278 0.434071 0.121641 0.0277473 0.0142624
 0.540278 0.194685 0.19335 0.0533006 0.0183862
 0.663194 0.192875 0.0616466 0.0600496 0.0222345
pobs_pel_tallas
 0 0 0 0 0 0 0 0 0 0 0 0 0 0 0 0 0 0 0 0 0 0 0 0 0 0 0 0 0 0 0 0 0 0 0 0
 0 0 0 0 0 0 0 0 0 0 0 0 0 0 0 0 0 0 0 0 0 0 0 0 0 0 0 0 0 0 0 0 0 0 0 0
 0 0 0 0 0 0 0 0 0 0 0 0 0 0 0 0 0 0 0 0 0 0 0 0 0 0 0 0 0 0 0 0 0 0 0 0
 0 0 0 0 0 0 0 0 0 0 0 0 0 0 0 0 0 0 0 0 0 0 0 0 0 0 0 0 0 0 0 0 0 0 0 0
 0 0 0 0 0 0 0 0 0 0 0 0 0 0 0 0 0 0 0 0 0 0 0 0 0 0 0 0 0 0 0 0 0 0 0 0
 0 0 0 0 0 0 0 0 0 0 0 0 0 0 0 0 0 0 0 0 0 0 0 0 0 0 0 0 0 0 0 0 0 0 0 0
 0 0 0 0 0 0 0 0 0 0 0 0 0 0 0 0 0 0 0 0 0 0 0 0 0 0 0 0 0 0 0 0 0 0 0 0
 0 0 0 0 0 0 0 0 0 0 0 0 0 0 0 0 0 0 0 0 0 0 0 0 0 0 0 0 0 0 0 0 0 0 0 0
 0 0 0 0 0 0 0 0 0 0 0 0 0 0 0 0 0 0 0 0 0 0 0 0 0 0 0 0 0 0 0 0 0 0 0 0
 0 0 0 0 0 0 0 0 0 0 0 0 0 0 0 0 0 0 0 0 0 0 0 0 0 0 0 0 0 0 0 0 0 0 0 0
 0 0 0 0 0 0 0 0 1.78061e-05 0.00172719 0.00360574 0.0105946 0.0120993 0.0124554 0.0147524 0.0171206 0.0266825 0.0428682 0.0675386 0.121331 0.153587 0.119568 0.100827 0.0573624 0.0630603 0.0341343 0.0324427 0.0444173 0.0211091 0.0280891 0.0125444 0.00206551 0 0 0 0
 0 0 0 0 0 0 0 0 0 0 0 0 0 0 0 0 0 0 0 0 0 0 0 0 0 0 0 0 0 0 0 0 0 0 0 0
 0 0 0 0 0 0 0.0133647 0.0140871 0.0187388 0.0205184 0.03894 0.0496705 0.03968 0.0493445 0.0407372 0.0367815 0.0215668 0.0243155 0.0234873 0.0199281 0.019796 0.0243948 0.0301388 0.0376714 0.0412746 0.0863199 0.0771752 0.113111 0.0741005 0.0525337 0.0229764 0.00759418 0.00175318 0 0 0
 0 0 0 0 0 0 0 0 0 0 0.00219441 0.00772107 0.0458388 0.0604681 0.0671733 0.0775358 0.0609151 0.0617685 0.073594 0.0568108 0.0755445 0.0548602 0.0670107 0.0636378 0.0643287 0.046367 0.0373049 0.0286899 0.0247887 0.0153202 0.00654259 0.00121912 0.000365735 0 0 0
 0 0 0 0 0 0 0 0 0 0 0 0 0.000112435 0.00938835 0.0111873 0.0202946 0.0414886 0.0713402 0.111592 0.104902 0.108894 0.110636 0.117776 0.105296 0.107544 0.0401394 0.0192827 0.0124803 0.00416011 0.0028671 0.000618394 0 0 0 0 0
 0 0 0 0 0 0 0 0 0 0 0.00291406 0.0102884 0.027416 0.0768956 0.0749926 0.110853 0.0956884 0.0897413 0.0766577 0.0534642 0.0500743 0.0551293 0.0594112 0.0620874 0.0668451 0.0424026 0.0208742 0.0120726 0.0048766 0.00582813 0.00118941 0.000297354 0 0 0 0
 0 0.00264628 0.0354308 0.0461629 0.0458689 0.0383711 0.0214643 0.0164657 0.0346957 0.0420465 0.0363128 0.0245516 0.0311673 0.0291091 0.0169068 0.0133784 0.00837989 0.0085269 0.0148486 0.0160247 0.0276389 0.0546898 0.0760071 0.122758 0.109233 0.0665981 0.0333725 0.0166128 0.00676272 0.00308733 0.000882094 0 0 0 0 0
 0 0 0 0 0 0 0 0.000805153 0.000690131 0.00759144 0.0133425 0.0154129 0.00931677 0.000345066 0.00356568 0.00563607 0.00851162 0.0253048 0.0502646 0.0516448 0.0657925 0.0565908 0.0611916 0.0827007 0.0866115 0.110766 0.145733 0.0935128 0.0569358 0.0249597 0.0138026 0.00621118 0.00161031 0.00115022 0 0
 0 0 0 0 0 0 0 0 0 0 0 0 0 0 0 0 0 0 0 0 0 0 0 0 0 0 0 0 0 0 0 0 0 0 0 0
 0.00147267 0.00158595 0.00478618 0.00569244 0.00954404 0.0108468 0.00647125 0.017049 0.0510054 0.094081 0.124002 0.0959785 0.0687766 0.0820023 0.061753 0.0591476 0.0492212 0.0479892 0.0443925 0.0268479 0.0217502 0.0140895 0.0121071 0.0120363 0.00920419 0.00665534 0.0049561 0.00860946 0.00930331 0.0156896 0.0114698 0.00855282 0.00243557 0.00046729 0 2.83206e-05
 0 0 0 0 0.000772559 0.00158375 0.000888443 0.00281984 0.00712685 0.0440552 0.0773331 0.111326 0.0921469 0.0852325 0.0710754 0.0886704 0.0786465 0.0553345 0.0373146 0.0185414 0.00753245 0.00457741 0.012979 0.0271748 0.0457355 0.0583668 0.034881 0.0177882 0.00938659 0.00492506 0.0015258 0.00185414 0.000309023 5.79419e-05 3.86279e-05 0
 0 0.00173294 0.00326652 0 0.00397197 0.00683976 0.00946217 0.0152591 0.00757587 0.0136028 0.0228656 0.0392903 0.0559909 0.0764795 0.0681675 0.0726916 0.0566044 0.0477403 0.0527397 0.0444891 0.0609904 0.0582453 0.0661739 0.0445044 0.0529084 0.0360697 0.0280645 0.0235558 0.0158879 0.00826598 0.00280645 0.00217768 0.000904811 0.00058276 9.20147e-05 0
 0 0 0 0 0 0 0 0 0 0 0 0 0 0 0 0 0 0 0 0 0 0 0 0 0 0 0 0 0 0 0 0 0 0 0 0
 0 0 0 0 0 0 0 0 0 0 0 0 0 0 0 0 0 0 0 0 0 0 0 0 0 0 0 0 0 0 0 0 0 0 0 0
 0 0 0 0 0 0 0 0 0 0 0 0 0 0 0 0 0 0 0 0 0 0 0 0 0 0 0 0 0 0 0 0 0 0 0 0
 0 0 0 0 0 0 0 0 0 0 0 0 0 0 0 0 0 0 0 0 0 0 0 0 0 0 0 0 0 0 0 0 0 0 0 0
 0 0 0 0 0 0 0 0 0 0 0 0 0 0 0 0 0 0 0 0 0 0 0 0 0 0 0 0 0 0 0 0 0 0 0 0
ppred_pel_tallas
 1.00624e-16 3.63985e-05 0.00021364 0.00101557 0.00391005 0.0121931 0.0307988 0.063018 0.104457 0.140278 0.152634 0.134597 0.0962675 0.0560179 0.0268784 0.011314 0.00532154 0.00419876 0.00506828 0.00667945 0.008547 0.0104096 0.0120438 0.0132472 0.013871 0.0138522 0.0132261 0.012113 0.0106843 0.00912124 0.00757892 0.0061646 0.00493401 0.00390044 0.00305037 0.0023585
 1.00545e-16 3.40447e-05 0.000199816 0.000949835 0.00365692 0.0114038 0.028805 0.058939 0.0976983 0.131207 0.142781 0.125949 0.0901693 0.0526455 0.0255899 0.0113382 0.00617538 0.00572247 0.00728542 0.00966024 0.0123229 0.0149278 0.0171501 0.0186933 0.0193461 0.0190311 0.0178229 0.0159249 0.0136164 0.0111866 0.00887767 0.00685064 0.00517955 0.00386672 0.00286905 0.00212432
 1.0063e-16 3.17649e-05 0.000186427 0.000886173 0.00341179 0.0106393 0.0268742 0.0549887 0.0911519 0.122421 0.133234 0.11756 0.0842366 0.0493286 0.024252 0.0112121 0.00676875 0.00685442 0.00895698 0.0119293 0.0152293 0.0184554 0.0212112 0.0231306 0.0239518 0.0235775 0.0220975 0.0197607 0.0169102 0.0139021 0.0110357 0.00851138 0.00642297 0.00477629 0.00352101 0.00258261
 1.00705e-16 3.48268e-05 0.00020441 0.000971684 0.00374105 0.0116661 0.0294677 0.0602947 0.0999444 0.13422 0.146053 0.128815 0.0921794 0.0537347 0.0259623 0.0112374 0.00574642 0.00500211 0.00625195 0.00828351 0.0105976 0.0128925 0.0148935 0.0163492 0.0170756 0.0169972 0.0161623 0.0147256 0.0129058 0.0109332 0.00900355 0.00725126 0.00574434 0.00449616 0.00348551 0.0026761
 1.00773e-16 3.43961e-05 0.000201881 0.000959656 0.00369474 0.0115217 0.0291029 0.0595483 0.0987076 0.13256 0.144249 0.127231 0.0910607 0.0531122 0.0257167 0.0112254 0.00587674 0.00524222 0.00660306 0.00875633 0.0111975 0.0136121 0.0157099 0.017225 0.0179643 0.0178504 0.016938 0.0153948 0.0134559 0.0113674 0.0093371 0.00750618 0.00594367 0.00465973 0.0036276 0.00280505
 1.0091e-16 3.18796e-05 0.000187102 0.000889386 0.00342416 0.0106779 0.0269716 0.055188 0.0914818 0.122862 0.133711 0.117973 0.0845141 0.0494545 0.0242461 0.0110962 0.00654697 0.00651367 0.00847776 0.011298 0.0144484 0.0175508 0.0202341 0.022155 0.0230646 0.0228649 0.0216306 0.0195831 0.0170316 0.0142987 0.0116566 0.00928913 0.00728507 0.00565525 0.00436148 0.00334492
 1.00694e-16 3.64444e-05 0.00021391 0.00101686 0.00391499 0.0122086 0.0308378 0.0630976 0.104589 0.140454 0.152826 0.134765 0.0963852 0.056081 0.0268988 0.0113056 0.00529217 0.00414986 0.00499763 0.00658427 0.00842601 0.0102643 0.0118794 0.0130719 0.0136959 0.0136896 0.0130877 0.0120083 0.0106197 0.0090992 0.00759812 0.00622057 0.00501992 0.00400812 0.00317117 0.00248417
 1.00855e-16 3.01116e-05 0.000176718 0.000840011 0.00323404 0.010085 0.0254741 0.0521243 0.086405 0.116049 0.12631 0.111476 0.0799306 0.0469154 0.0232676 0.0110967 0.00716072 0.00761766 0.0100872 0.0134647 0.0171973 0.0208467 0.0239688 0.0261519 0.0271013 0.0267074 0.0250711 0.0224719 0.0192949 0.0159394 0.0127397 0.00991894 0.00758032 0.00572861 0.00430646 0.00323042
 1.00844e-16 3.5367e-05 0.000207584 0.000986775 0.00379916 0.0118474 0.0299254 0.0612311 0.101496 0.136302 0.148313 0.130796 0.0935707 0.0544925 0.026229 0.0111833 0.0054743 0.00453977 0.00558621 0.00739393 0.00947868 0.0115661 0.0134135 0.0147987 0.0155562 0.0156133 0.0150037 0.013853 0.0123434 0.0106683 0.00899393 0.00743647 0.00605796 0.00487614 0.003881 0.00305052
 1.00868e-16 3.20135e-05 0.000187888 0.000893122 0.00343855 0.0107228 0.0270849 0.0554198 0.0918661 0.123378 0.134273 0.118468 0.0848692 0.0496622 0.0243478 0.0111421 0.00657226 0.00653566 0.00850192 0.0113234 0.0144702 0.0175607 0.0202213 0.0221072 0.02297 0.0227147 0.0214209 0.0193168 0.0167181 0.0139535 0.0112984 0.00893754 0.00695771 0.00536563 0.00411778 0.00314988
 1.01558e-16 2.64032e-05 0.000154943 0.000736478 0.0028354 0.00884185 0.022334 0.0456997 0.0757576 0.101756 0.110773 0.0978089 0.0702316 0.041425 0.0209216 0.0106085 0.007682 0.00880336 0.011895 0.0159652 0.0204681 0.0249214 0.0288157 0.0316693 0.033128 0.0330441 0.0315071 0.0288102 0.0253696 0.0216232 0.0179434 0.0145861 0.0116808 0.00925402 0.0072674 0.00565498
 1.02213e-16 2.78801e-05 0.000163619 0.000777738 0.00299428 0.00933735 0.0235855 0.0482599 0.0799993 0.107446 0.116948 0.103216 0.0740151 0.0434579 0.0215819 0.0103463 0.0067583 0.00727338 0.00970417 0.0130474 0.0168118 0.0206092 0.0240386 0.0267159 0.0283477 0.0287931 0.0280888 0.0264257 0.024091 0.0213937 0.0186025 0.0159086 0.0134206 0.0111808 0.0091917 0.00744025
 1.01258e-16 3.42701e-05 0.000201142 0.000956149 0.00368124 0.0114796 0.0289966 0.0593307 0.0983464 0.132074 0.143717 0.126754 0.0907037 0.0528721 0.0255414 0.0110491 0.00564343 0.00491064 0.00614547 0.00815983 0.0104689 0.012783 0.0148388 0.0163932 0.0172662 0.0173788 0.0167687 0.0155732 0.0139899 0.0122272 0.0104617 0.00881436 0.00734669 0.00607284 0.00497881 0.00404023
 1.00815e-16 3.09935e-05 0.000181897 0.000864635 0.00332886 0.0103807 0.0262209 0.0536522 0.088937 0.119448 0.130003 0.114721 0.0822274 0.0482024 0.0237922 0.0111573 0.00694983 0.00720727 0.00947874 0.0126365 0.0161334 0.0195506 0.0224696 0.0245039 0.0253772 0.0249882 0.0234335 0.0209779 0.0179851 0.0148315 0.0118318 0.00919495 0.00701667 0.00529935 0.00398672 0.00299816
 1.00855e-16 3.20507e-05 0.000188107 0.000894163 0.00344256 0.0107353 0.0271165 0.0554844 0.091973 0.123521 0.134427 0.118601 0.0849574 0.0496998 0.0243403 0.0110955 0.00648685 0.00640632 0.00832226 0.0110903 0.0141874 0.0172416 0.0198889 0.0217921 0.0227058 0.0225319 0.0213407 0.0193462 0.0168491 0.0141643 0.0115585 0.00921348 0.00721901 0.00558917 0.00429008 0.00326705
 1.01005e-16 3.19042e-05 0.000187247 0.000890078 0.00342683 0.0106862 0.0269926 0.0552309 0.0915528 0.122957 0.133813 0.118058 0.0845669 0.0494683 0.0242214 0.0110323 0.00643844 0.0063509 0.0082509 0.0110015 0.0140854 0.017136 0.0197948 0.0217288 0.0226945 0.0225922 0.0214871 0.0195857 0.0171789 0.0145725 0.0120257 0.00971537 0.00772995 0.00608521 0.00475134 0.00367918
 1.01474e-16 2.87376e-05 0.000168651 0.00080166 0.00308638 0.00962455 0.024311 0.0497444 0.0824604 0.110752 0.120548 0.106398 0.0763056 0.0448205 0.0222904 0.0107358 0.00707169 0.00764027 0.0101777 0.0136345 0.0174829 0.0212987 0.024646 0.0271145 0.028402 0.0283812 0.0271259 0.0248824 0.0220009 0.0188506 0.0157448 0.0128989 0.0104221 0.00833726 0.00661355 0.00519785
 1.01688e-16 3.11367e-05 0.000182742 0.000868663 0.00334438 0.0104291 0.0263432 0.053902 0.0893497 0.119998 0.130591 0.115212 0.0825208 0.0482567 0.0236016 0.0107076 0.00619514 0.00607694 0.00790176 0.010572 0.0135997 0.0166462 0.0193801 0.0214886 0.0227351 0.0230096 0.0223489 0.0209163 0.0189537 0.0167194 0.0144363 0.012261 0.0102795 0.00852103 0.00698061 0.00563986
 1.01719e-16 3.01774e-05 0.000177108 0.000841872 0.00324122 0.0101074 0.0255306 0.0522396 0.0865951 0.116301 0.126576 0.111689 0.080039 0.0468891 0.0230885 0.0107371 0.00657364 0.00674215 0.00886532 0.0118626 0.0152272 0.0185826 0.0215525 0.0237835 0.0250136 0.0251296 0.0241891 0.0223962 0.0200434 0.0174383 0.014842 0.0124327 0.0103004 0.00846456 0.00690236 0.00557492
 1.01438e-16 3.29299e-05 0.000193272 0.00091873 0.00353716 0.0110303 0.0278617 0.0570088 0.0944985 0.126909 0.138103 0.121818 0.0872052 0.0509007 0.0247165 0.0109109 0.00589183 0.00542782 0.00692214 0.00922481 0.0118486 0.0144817 0.0168299 0.0186194 0.0196451 0.0198151 0.0191676 0.017853 0.01609 0.0141103 0.0121121 0.0102326 0.00854381 0.00706585 0.00578749 0.00468562
 1.01499e-16 3.04834e-05 0.000178904 0.00085041 0.00327409 0.0102099 0.0257895 0.0527694 0.0874733 0.117481 0.127859 0.112822 0.0808495 0.0473622 0.023318 0.0108374 0.00662484 0.00678385 0.00891084 0.0119118 0.0152719 0.0186085 0.0215398 0.0237086 0.0248522 0.0248608 0.0237994 0.0218827 0.0194151 0.0167161 0.0140555 0.0116169 0.00949115 0.00769444 0.00619751 0.00495329
 1.02131e-16 2.76928e-05 0.000162518 0.000772504 0.00297412 0.00927448 0.0234267 0.0479351 0.0794613 0.106725 0.116167 0.102535 0.0735449 0.0432185 0.021531 0.0104339 0.00696033 0.00759199 0.0101538 0.0136394 0.0175434 0.0214562 0.0249532 0.0276305 0.0291839 0.0294747 0.0285558 0.0266449 0.0240612 0.0211443 0.0181857 0.0153884 0.0128615 0.0106383 0.00870665 0.0070365
 1.0206e-16 3.13889e-05 0.000184225 0.000875714 0.00337154 0.0105138 0.0265571 0.0543395 0.0900744 0.120969 0.131644 0.116131 0.0831572 0.0485848 0.0236802 0.0106054 0.00594679 0.0056807 0.00733797 0.00982252 0.0126622 0.0155437 0.0181647 0.0202386 0.0215461 0.0219802 0.0215647 0.020437 0.018804 0.0168889 0.014884 0.012925 0.0110882 0.00940282 0.00787207 0.00649022
 1.01763e-16 3.08788e-05 0.000181227 0.000861457 0.00331663 0.0103426 0.0261246 0.0534549 0.088609 0.119004 0.129513 0.11427 0.0818648 0.0479107 0.0235021 0.0107791 0.00639588 0.00640046 0.00835922 0.0111736 0.0143414 0.0175029 0.0203031 0.0224099 0.0235777 0.0237007 0.0228342 0.0211704 0.0189842 0.016564 0.0141533 0.0119168 0.00993638 0.00822749 0.00676653 0.00551599
 1.03488e-16 1.75717e-05 0.000103082 0.000489902 0.00188598 0.00588109 0.0148556 0.0303992 0.0504006 0.0677185 0.0737751 0.0652747 0.0471618 0.0284043 0.0154319 0.00960716 0.00917361 0.0119919 0.0166988 0.0225576 0.0290146 0.0354551 0.041185 0.0455363 0.0480081 0.0483777 0.0467426 0.0434763 0.0391196 0.0342451 0.029341 0.024744 0.0206295 0.0170433 0.0139538 0.0112995
 1.05499e-16 2.35796e-05 0.000138375 0.000657738 0.00253227 0.00789658 0.0199462 0.0408133 0.0676553 0.0908676 0.098904 0.0872931 0.0626025 0.0367695 0.0182879 0.00882324 0.00586016 0.00642485 0.00870164 0.0118859 0.0156122 0.0196006 0.0235471 0.0271361 0.0300904 0.0322174 0.0334327 0.0337517 0.0332609 0.0320796 0.0303294 0.02812 0.0255509 0.0227216 0.0197403 0.0167255
 1.04041e-16 2.89389e-05 0.00016984 0.000807328 0.00310823 0.0096927 0.024483 0.0500959 0.0830409 0.111526 0.121373 0.107086 0.0767127 0.0448855 0.022001 0.0100652 0.00594538 0.0059446 0.00779436 0.0104839 0.0135674 0.0167362 0.019685 0.0221223 0.0238229 0.0246737 0.0246903 0.023998 0.0227866 0.021255 0.0195667 0.0178275 0.0160871 0.0143582 0.0126401 0.0109384
pSPR Fmed_Fpbrs
0.516283   0.6 0.325
Fs Fmed_Fpbrs
0.64   0.448084 1.53011
SSBpbr Bo_Bmed_Bpbrs
932812  434954  513046 256523
Ro
37049.1
SPR SPRFo_SPRFmed_SPRFpbrs
765221 395071 248697
log_Ro
10.34
likeval ReclasPelacesDesembMPH_pf_preclas_ppelaces_ptallas_desvR_qrecl_qpela
 0.000929917 15.6575 0.0137374 17.892 319.731 209.892 54.5661 0 16.2348 1.11478e-05 3.19595e-05 8.48067e-15 0 0 0
q_reclas_q_pelaces
0.623051 2.23511
M
0.7
N
 34351 9414.11 3075.82 357.166 0.243311
 35919.4 15114 2096.59 488.842 55.3564
 14789.2 15932.2 3551 359.53 91.0884
 19776.1 5693.84 1464.88 160.583 19.2901
 39414.3 9115.98 1726.42 360.91 43.6142
 37815.4 19340 4182.22 766.091 179.046
 82983.2 16823.3 4634.66 737.616 162.792
 65725.7 38811.5 5616.28 1309.17 251.082
 108773 29874 10721.3 1212.19 330.409
 119861 49095 7878.33 2166.44 305.357
 65436.6 55958.9 16196.4 2188.2 677.507
 48730.5 29168.7 13585.9 2909.92 502.999
 56972.1 22021.2 7753.97 2776.58 683.513
 26125.3 24571.9 4296.95 1021.31 442.111
 14706 10541.3 3082.87 302.199 98.3934
 13901.6 6051.28 1506.15 260.794 32.5394
 11176.5 6353.22 1733.17 342.219 65.4731
 14371.8 5158.57 1942.97 432.255 100.092
 16820.2 6776.05 1816.53 592.068 160.416
 28270.2 8013.35 2556.36 610.482 250.636
 37195.2 13476.9 3035.94 864.288 288.575
 39731.1 18134.2 5924.93 1268.04 479.612
 65871.9 19291.8 7760.14 2381.58 699.08
 90569 31777.5 7907.47 2934.09 1157.54
 35980.3 43663.4 12969.4 2971.61 1527.8
 42935.4 17423.5 18353.5 5082.31 1753.58
 58931.8 20785.5 7309.79 7172.66 2656.86
pred_Ctot
 2835.36 3906.99 1602.42 188.559 0.128542
 2776.68 5974.67 1047.47 247.607 28.0594
 2425.17 10223.9 2623.9 267.667 67.8415
 1024.75 1640.17 552.343 61.5414 7.39906
 336.932 501.404 132.972 28.3962 3.43543
 2849.68 7499.96 2054.99 381.706 89.276
 3483.13 4056.38 1484.09 240.323 53.0881
 4024.04 12805.7 2393.4 566.507 108.737
 7164.51 10443.9 4810.13 551.978 150.572
 5177.41 12132.4 2580.86 722.009 101.859
 4847.1 21419.8 7868.69 1078.13 334.056
 3170.92 10100.4 6043.94 1313.98 227.31
 5430.85 10131.7 4407.75 1597.66 393.549
 3564.68 14242.3 2941.36 705.519 305.556
 1832.22 5784.66 2022.26 200.208 65.2203
 800.542 1900.58 614.113 108.014 13.4882
 569.366 1804.47 645.162 129.489 24.7953
 524.017 1100.63 555.155 125.741 29.144
 492.561 1189.58 431.831 143.414 38.8956
 815.364 1387.63 599.842 145.968 59.9879
 487.705 1119.32 350.429 101.85 34.044
 635.263 1818.61 821.893 179.517 67.9727
 1354.25 2449.17 1352.65 423.43 124.423
 1903.13 4117.03 1405.58 531.945 210.079
 643.702 4867.83 1993.8 466.117 239.903
 776.853 1963.16 2850.63 805.404 278.191
 1718.99 3636.13 1731.87 1731.6 642.049
F
 0.121009 0.801896 1.13929 1.16509 1.16648
 0.112935 0.748392 1.06327 1.08735 1.08865
 0.25451 1.68656 2.39618 2.45044 2.45336
 0.0744465 0.493336 0.700904 0.716776 0.717632
 0.0119496 0.0791866 0.112504 0.115052 0.115189
 0.109951 0.728614 1.03517 1.05862 1.05988
 0.0599232 0.397094 0.564169 0.576945 0.577633
 0.0885024 0.58648 0.833238 0.852108 0.853125
 0.095503 0.632871 0.899148 0.91951 0.920607
 0.0617149 0.408967 0.581037 0.594195 0.594905
 0.107985 0.715586 1.01666 1.03969 1.04093
 0.0942989 0.624892 0.887812 0.907917 0.909
 0.14096 0.9341 1.32712 1.35717 1.35879
 0.207605 1.37574 1.95458 1.99884 2.00123
 0.187988 1.24574 1.76988 1.80996 1.81212
 0.0830452 0.550318 0.78186 0.799566 0.80052
 0.0731495 0.484741 0.688693 0.704289 0.70513
 0.0518705 0.343731 0.488354 0.499413 0.500009
 0.04147 0.27481 0.390435 0.399277 0.399753
 0.0408325 0.270586 0.384433 0.393139 0.393608
 0.0183809 0.121805 0.173054 0.176973 0.177184
 0.0224542 0.148798 0.211403 0.216191 0.216449
 0.0289545 0.191873 0.272603 0.278776 0.279109
 0.0296026 0.196168 0.278704 0.285016 0.285356
 0.0251542 0.16669 0.236823 0.242187 0.242476
 0.0254431 0.168604 0.239543 0.244968 0.24526
 0.0413044 0.273713 0.388876 0.397682 0.398157
Np
 29449.8 13960.1 10247.8 2516.65 1028.77
YTP_r0W_actual
 15826.2 87122.7 59988 76564.7 31503.3
YTP_p0W_proyectada
 7908.78 117700 64423 26264 37838.9
 7908.78 58514.1 84098.7 26864.1 12198.5
CTP_r0_actual
 1930.03 4033.46 1910.44 1909.34 707.94
CTP_p0_proyectada
 964.486 5449.08 2051.69 654.962 850.313
 964.486 2708.99 2678.3 669.927 274.124
Wmedp
 8.2 21.6 31.4 40.1 44.5
nmprior
 10.8 10.6 4.6 0
nm_flota  nm_reclas  nm_pelaces    nm_pelaL
inf 16.0513 18.7931 60.7572
cv_recla  cv_pelaces  cv_mph
0.880301 0.433463 0.565244
 ------------------------------------------------
Talla a la edad & desviaci?n 
 7.2 14.2025 17.0495 18.207 18.6776
 1.08 2.13037 2.55742 2.73105 2.80164
