years
 1997 1998 1999 2000 2001 2002 2003 2004 2005 2006 2007 2008 2009 2010 2011 2012 2013 2014 2015 2016 2017 2018 2019 2020 2021 2022 2023
reclasobs
 0 0 0 370054 412103 1.49427e+06 250295 1.28982e+06 931140 785840 897777 1.04006e+06 184774 17550 25797 100020 73551 82996 120727 218422 84188 347160 605670 569463 516374 1.08416e+06 1.01767e+06
reclaspred
 287284 74479.6 198410 133158 204657 251660 699120 484201 596671 578802 482452 347435 247342 143733 117574 114347 127288 174569 185464 263925 381181 328166 534090 696692 821518 752705 660715
pelacesobs
 0 0 0 0 0 0 0 0 0 2.06254e+06 1.5e+06 0 1.87456e+06 323000 250000 174000 83755 137374 0 501740 490994 745055 786931 1.00524e+06 1.33801e+06 1.41789e+06 0
pelacespred
 830916 171353 295402 299200 399445 388028 1.36957e+06 1.08943e+06 1.22187e+06 1.19064e+06 896374 673275 484922 249472 202939 207771 239388 320462 351601 484014 770392 663944 875554 1.27116e+06 1.48717e+06 1.50908e+06 1.2747e+06
mphobs
 0 0 0 0 0 0 112323 0 153150 637223 0 255016 313432 73983 77613 109348 50772 17779 17303 59886 28197 0 207744 136588 643089 65757 70829
mphpred
 114017 67402.6 75589.2 79374.9 84639 137358 235582 329828 293485 327352 322858 241384 160374 81987.8 51156.3 46616 47264.8 61332 35268.1 39141.3 60270.3 72358.1 82420 115989 152957 154496 132118
desembarqueobs
 350755 77701 442110 56441 14545 235359 269955 359681 431902 328805 639364 411747 362871 311530 167758 66681 60226 58785 57116 73181 50977 67692 138656 160484 209506 203330 245020
desembarquepred
 350777 77710.5 442236 56446.7 14545.3 235422 269983 359733 431927 328829 639605 411918 363062 311939 167904 66707.8 60248.6 58790.7 57115.2 73183.1 50977.9 67691.4 138661 160489 209514 203338 245022
Reclutas
 43240.8 48010.3 27181.2 37445.5 66503.2 62138.1 124706 95461.5 145249 145659 76730.7 50738.5 59697.1 32458.6 22542 25532.1 22426.5 28620.7 32509.9 56596.8 73906.2 76522.8 127970 178009 70148.4 83736.9 113325
log_desv_Rt
 -0.32546 -0.22083 -0.78972 -0.469359 0.105005 0.0371153 0.733716 0.466478 0.886205 0.889021 0.248057 -0.165559 -0.00296193 -0.612281 -0.976866 -0.85231 -0.981999 -0.738116 -0.610699 -0.0562931 0.210552 0.245344 0.759555 1.08959 0.158368 0.335435 0.638016
SSB
 505064 298575 334839 351609 374928 608457 1.01684e+06 1.44652e+06 1.27395e+06 1.42328e+06 1.43017e+06 1.06927e+06 728476 479316 305191 282217 295847 372216 465461 538082 793989 931917 1.08718e+06 1.47029e+06 2.09759e+06 2.17055e+06 1.75928e+06
BT
 1.79132e+06 437635 775420 596922 728229 881211 2.6433e+06 2.35345e+06 2.58536e+06 2.45076e+06 2.18288e+06 1.58439e+06 1.22308e+06 743836 507318 428951 481398 621932 680145 928188 1.42301e+06 1.25467e+06 1.66917e+06 2.413e+06 2.8298e+06 2.88575e+06 2.50334e+06
Ftot
 0.676041 0.565229 0.953221 0.201148 0.0382811 0.376311 0.204827 0.335545 0.364101 0.2632 0.50344 0.429779 0.603211 0.822911 0.589744 0.236177 0.205676 0.146813 0.124627 0.128632 0.061331 0.0808239 0.105233 0.105041 0.0914326 0.0949418 0.142238
BD_Bspro_t
 0.925997 0.681928 0.609646 0.440982 0.583721 0.747357 0.728825 0.769748 0.716804 0.699525 0.6788 0.541871 0.452933 0.390875 0.313346 0.343798 0.441217 0.592868 0.699859 0.771632 0.844266 0.892319 0.888612 0.887255 0.893458 0.866415 0.838557
BD_Bspro
 0.408412 0.241438 0.270762 0.284323 0.303179 0.492018 0.822252 1.16971 1.03016 1.15091 1.15648 0.864645 0.58907 0.387591 0.246788 0.22821 0.239232 0.300986 0.376387 0.435111 0.642046 0.753579 0.879129 1.18893 1.69618 1.75518 1.42261
BD_Bo
 0.235233 0.139061 0.155951 0.163762 0.174622 0.283388 0.473593 0.673717 0.59334 0.662891 0.666102 0.498011 0.339287 0.223241 0.142143 0.131442 0.13779 0.173359 0.216788 0.250611 0.3698 0.43404 0.506353 0.684788 0.97695 1.01093 0.819385
BD_Brms
 0.427697 0.252839 0.283548 0.297749 0.317495 0.515251 0.861079 1.22494 1.0788 1.20526 1.21109 0.905474 0.616886 0.405893 0.258441 0.238986 0.250528 0.315199 0.39416 0.455657 0.672363 0.789163 0.920642 1.24507 1.77627 1.83806 1.48979
S_f
 0.173912 0.897944 0.997288 0.999935 0.999998
 0.173912 0.897944 0.997288 0.999935 0.999998
 0.173912 0.897944 0.997288 0.999935 0.999998
 0.173912 0.897944 0.997288 0.999935 0.999998
 0.173912 0.897944 0.997288 0.999935 0.999998
 0.173912 0.897944 0.997288 0.999935 0.999998
 0.173912 0.897944 0.997288 0.999935 0.999998
 0.173912 0.897944 0.997288 0.999935 0.999998
 0.173912 0.897944 0.997288 0.999935 0.999998
 0.173912 0.897944 0.997288 0.999935 0.999998
 0.173912 0.897944 0.997288 0.999935 0.999998
 0.173912 0.897944 0.997288 0.999935 0.999998
 0.173912 0.897944 0.997288 0.999935 0.999998
 0.173912 0.897944 0.997288 0.999935 0.999998
 0.173912 0.897944 0.997288 0.999935 0.999998
 0.173912 0.897944 0.997288 0.999935 0.999998
 0.173912 0.897944 0.997288 0.999935 0.999998
 0.173912 0.897944 0.997288 0.999935 0.999998
 0.173912 0.897944 0.997288 0.999935 0.999998
 0.173912 0.897944 0.997288 0.999935 0.999998
 0.173912 0.897944 0.997288 0.999935 0.999998
 0.173912 0.897944 0.997288 0.999935 0.999998
 0.173912 0.897944 0.997288 0.999935 0.999998
 0.173912 0.897944 0.997288 0.999935 0.999998
 0.173912 0.897944 0.997288 0.999935 0.999998
 0.173912 0.897944 0.997288 0.999935 0.999998
 0.173912 0.897944 0.997288 0.999935 0.999998
Scru_reclas
 1 1 1 1 1
 1 1 1 1 1
 1 1 1 1 1
 1 1 1 1 1
 1 1 1 1 1
 1 1 1 1 1
 1 1 1 1 1
 1 1 1 1 1
 1 1 1 1 1
 1 1 1 1 1
 1 1 1 1 1
 1 1 1 1 1
 1 1 1 1 1
 1 1 1 1 1
 1 1 1 1 1
 1 1 1 1 1
 1 1 1 1 1
 1 1 1 1 1
 1 1 1 1 1
 1 1 1 1 1
 1 1 1 1 1
 1 1 1 1 1
 1 1 1 1 1
 1 1 1 1 1
 1 1 1 1 1
 1 1 1 1 1
 1 1 1 1 1
Scru_pelaces
 1 1 1 1 1
 1 1 1 1 1
 1 1 1 1 1
 1 1 1 1 1
 1 1 1 1 1
 1 1 1 1 1
 1 1 1 1 1
 1 1 1 1 1
 1 1 1 1 1
 1 1 1 1 1
 1 1 1 1 1
 1 1 1 1 1
 1 1 1 1 1
 1 1 1 1 1
 1 1 1 1 1
 1 1 1 1 1
 1 1 1 1 1
 1 1 1 1 1
 1 1 1 1 1
 1 1 1 1 1
 1 1 1 1 1
 1 1 1 1 1
 1 1 1 1 1
 1 1 1 1 1
 1 1 1 1 1
 1 1 1 1 1
 1 1 1 1 1
pf_obs 
 0.256992 0.487395 0.22802 0.0275931 0
 0.321318 0.546541 0.124235 0.00734118 0.000564706
 0.182869 0.594174 0.210203 0.0122559 0.00049798
 0.330522 0.361315 0.267642 0.0388342 0.00168674
 0.649043 0.306663 0.0425973 0.00169635 0
 0.582887 0.30429 0.105238 0.00758474 0
 0.465427 0.430635 0.0974691 0.00646863 0
 0.296916 0.608066 0.0921331 0.00288517 0
 0.311714 0.524322 0.152257 0.0117073 0
 0.15457 0.633149 0.183074 0.0267441 0.00246327
 0.131901 0.49318 0.331252 0.0422183 0.00144891
 0.196976 0.569456 0.194076 0.0375587 0.00193317
 0.518974 0.381816 0.0799577 0.0180837 0.00116848
 0.0928022 0.601141 0.25162 0.0475244 0.00691264
 0.122501 0.610282 0.24278 0.0234846 0.000952079
 0.383417 0.481906 0.127806 0.00687128 0
 0.0376549 0.599619 0.316969 0.0457579 0
 0.0361596 0.667082 0.258105 0.0386534 0
 0.158088 0.579412 0.248529 0.0139706 0
 0.0477256 0.309471 0.559284 0.082774 0.000745712
 0.0406174 0.521527 0.379366 0.0568643 0.0016247
 0.151134 0.462217 0.34131 0.0453401 0
 0.294876 0.26143 0.354403 0.0886775 0.000613685
 0.281977 0.475581 0.204845 0.0348837 0.00271318
 0.0841818 0.532909 0.334909 0.0458182 0.00218182
 0.115287 0.27431 0.454777 0.147771 0.00785563
 0 0 0 0 0
pf_pred 
 0.387424 0.430166 0.163387 0.0190061 1.61067e-05
 0.31797 0.550218 0.0964154 0.0317177 0.00367908
 0.193208 0.601067 0.170202 0.0260082 0.00951478
 0.301262 0.445982 0.195803 0.0471528 0.00979991
 0.335118 0.461503 0.135094 0.0529329 0.0153517
 0.227236 0.551556 0.158405 0.0417548 0.0210491
 0.357828 0.401542 0.177743 0.0450742 0.0178137
 0.204437 0.595586 0.130353 0.0514673 0.0181567
 0.293234 0.416563 0.223777 0.0433462 0.0230796
 0.241636 0.534201 0.13879 0.0658791 0.0194933
 0.137403 0.548071 0.22916 0.052915 0.0324508
 0.136868 0.426163 0.290892 0.106529 0.0395481
 0.22531 0.379898 0.207669 0.124705 0.0624174
 0.165056 0.549899 0.14982 0.0712523 0.0639719
 0.179236 0.479987 0.236036 0.0551569 0.0495844
 0.234599 0.445172 0.197931 0.0848018 0.0374965
 0.192013 0.504327 0.185179 0.0733145 0.0451653
 0.231584 0.428601 0.221157 0.0724433 0.0462144
 0.22404 0.473913 0.176735 0.0816361 0.0436762
 0.301339 0.416988 0.17934 0.0599466 0.0423858
 0.267803 0.504253 0.142043 0.0547484 0.0311521
 0.212316 0.506998 0.1996 0.0505805 0.0305059
 0.282057 0.412428 0.204073 0.072194 0.0292483
 0.275903 0.482991 0.144885 0.0643309 0.0318897
 0.0958399 0.594774 0.213743 0.0575369 0.0381055
 0.144816 0.297063 0.380515 0.122805 0.0547998
 0.208311 0.371148 0.156605 0.180104 0.0838322
pobs_RECLAS
 0 0 0 0 0
 0 0 0 0 0
 0 0 0 0 0
 0 0 0 0 0
 0.835266 0.146461 0.0176864 0.000547809 3.91292e-05
 0.385257 0.428462 0.181853 0.0044286 0
 0.867414 0.0963971 0.0333333 0.00285562 0
 0.441836 0.489002 0.0689373 0.000224442 0
 0.779404 0.147425 0.0564933 0.0165055 0.000172143
 0.814271 0.122319 0.05973 0.00367925 0
 0.40263 0.566651 0.0304383 0.000280538 0
 0.475488 0.404961 0.113038 0.00651328 0
 0.955842 0.0263864 0.0167828 0.000988607 0
 0.975058 0.0227948 0.00214734 0 0
 0.738997 0.206755 0.0527124 0.00153531 0
 0.850938 0.134255 0.0134407 0.00136685 0
 0.542534 0.407297 0.0501686 0 0
 0.764087 0.199537 0.0359546 0.000420521 0
 0.470689 0.182191 0.310203 0.0369168 0
 0.84361 0.089868 0.0606195 0.00523954 0.000663233
 0.607945 0.314616 0.071237 0.00620181 0
 0.523733 0.453247 0.0230204 0 0
 0.530135 0.295979 0.169645 0.0042399 0
 0.562478 0.366248 0.0663022 0.0049721 0
 0.250443 0.683176 0.0655157 0.000865301 0
 0.195077 0.31981 0.436473 0.0351445 0.0134964
 0.565238 0.351407 0.0832357 0.000118908 0
ppred_RECLAS
 0.7787 0.160488 0.0544865 0.00632013 5.35561e-06
 0.71761 0.232549 0.0364843 0.0119686 0.0013882
 0.576599 0.32462 0.0817661 0.0124573 0.00455702
 0.700013 0.198769 0.0784591 0.0188435 0.00391606
 0.728959 0.194108 0.0511487 0.019988 0.0057966
 0.614854 0.283266 0.0730126 0.0191932 0.00967486
 0.751283 0.161675 0.06434 0.0162723 0.00643054
 0.580926 0.32207 0.0632916 0.0249215 0.00879124
 0.695175 0.187592 0.0904554 0.0174736 0.0093032
 0.632221 0.267152 0.0623674 0.0295237 0.00873536
 0.468145 0.351326 0.131631 0.0303103 0.018587
 0.469493 0.276477 0.169265 0.061817 0.0229475
 0.622197 0.195888 0.0958198 0.0573779 0.0287168
 0.528467 0.322624 0.0783767 0.0371662 0.0333663
 0.549947 0.275282 0.121159 0.0282328 0.0253788
 0.625827 0.227342 0.0908492 0.0388186 0.0171632
 0.563057 0.283593 0.0936161 0.036964 0.0227701
 0.621251 0.22117 0.102652 0.0335351 0.021392
 0.609509 0.248287 0.0832998 0.0383746 0.0205295
 0.700195 0.186552 0.0721783 0.0240621 0.0170122
 0.661582 0.240619 0.0610049 0.023451 0.0133429
 0.591628 0.272642 0.0965946 0.0244128 0.0147228
 0.68048 0.191797 0.0853902 0.0301276 0.0122049
 0.671662 0.226647 0.0611738 0.0270896 0.0134278
 0.362728 0.4342 0.140412 0.0376963 0.0249639
 0.484533 0.191684 0.220938 0.0711142 0.0317315
 0.591151 0.202651 0.0769158 0.0882208 0.0410611
pobs_PELACES
 0 0 0 0 0
 0 0 0 0 0
 0 0 0 0 0
 0 0 0 0 0
 0 0 0 0 0
 0 0 0 0 0
 0 0 0 0 0
 0 0 0 0 0
 0 0 0 0 0
 0 0 0 0 0
 0.450072 0.473896 0.0757376 0.000293798 0
 0 0 0 0 0
 0.463077 0.371075 0.160297 0.00555027 0
 0.529543 0.364841 0.0842815 0.0213345 0
 0.631943 0.363953 0.00410389 0 0
 0.735681 0.248677 0.0153453 0.000297389 0
 0.695825 0.281241 0.0229344 0 0
 0.275771 0.60734 0.115278 0.00161068 0
 0 0 0 0 0
 0.896147 0.0623911 0.0374545 0.00400742 0
 0.803859 0.145111 0.0509908 3.86294e-05 0
 0.739449 0.233085 0.0266225 0.000797448 4.60066e-05
 0.878498 0.100942 0.0204185 0.000141795 0
 0.694673 0.275183 0.0284847 0.00165964 0
 0.469039 0.446079 0.0841089 0.000773354 0
 0.822795 0.102175 0.0682046 0.00682512 0
 0 0 0 0 0
ppred_PELACES
 0.806229 0.141378 0.0469463 0.00544229 4.61168e-06
 0.744778 0.210864 0.0324748 0.010648 0.00123501
 0.6327 0.283653 0.069249 0.0105415 0.00385612
 0.710467 0.192271 0.0753954 0.0181045 0.00376247
 0.730833 0.192835 0.0507495 0.0198313 0.00575117
 0.636671 0.268095 0.0682551 0.0179367 0.00904141
 0.760745 0.155892 0.0616235 0.0155825 0.00615791
 0.600922 0.307488 0.0597651 0.023526 0.00829891
 0.714231 0.176676 0.0841809 0.0162564 0.00865506
 0.647261 0.256837 0.0594442 0.0281334 0.00832397
 0.499577 0.332424 0.12251 0.0281977 0.0172913
 0.496823 0.264019 0.159376 0.0581837 0.0215986
 0.657597 0.179245 0.0859618 0.0514477 0.0257485
 0.579119 0.29044 0.0686799 0.0325446 0.0292167
 0.586349 0.254928 0.110052 0.0256315 0.0230401
 0.639651 0.219614 0.0870843 0.0372022 0.0164484
 0.575691 0.276051 0.0905142 0.0357328 0.0220116
 0.62994 0.216533 0.100017 0.0326702 0.0208402
 0.616927 0.243937 0.0815064 0.0375443 0.0200853
 0.70694 0.182649 0.0703705 0.0234568 0.0165842
 0.664986 0.238339 0.0603054 0.0231808 0.0131891
 0.596498 0.269629 0.0952744 0.0240775 0.0145206
 0.686222 0.188612 0.0836834 0.0295226 0.0119599
 0.677408 0.222921 0.0599611 0.0265501 0.0131604
 0.368017 0.431011 0.138963 0.0373045 0.0247044
 0.490693 0.189767 0.218048 0.0701783 0.0313139
 0.599912 0.198783 0.0750966 0.0861235 0.0400848
pobs_pel_tallas
 0 0 0 0 0 0 0 0 0 0 0 0 0 0 0 0 0 0 0 0 0 0 0 0 0 0 0 0 0 0 0 0 0 0 0 0
 0 0 0 0 0 0 0 0 0 0 0 0 0 0 0 0 0 0 0 0 0 0 0 0 0 0 0 0 0 0 0 0 0 0 0 0
 0 0 0 0 0 0 0 0 0 0 0 0 0 0 0 0 0 0 0 0 0 0 0 0 0 0 0 0 0 0 0 0 0 0 0 0
 0 0 0 0 0 0 0 0 0 0 0 0 0 0 0 0 0 0 0 0 0 0 0 0 0 0 0 0 0 0 0 0 0 0 0 0
 0 0 0 0 0 0 0 0 0 0 0 0 0 0 0 0 0 0 0 0 0 0 0 0 0 0 0 0 0 0 0 0 0 0 0 0
 0 0 0 0 0 0 0 0 0 0 0 0 0 0 0 0 0 0 0 0 0 0 0 0 0 0 0 0 0 0 0 0 0 0 0 0
 0 0 0 0 0 0 0 0 0 0 0 0 0 0 0 0 0 0 0 0 0 0 0 0 0 0 0 0 0 0 0 0 0 0 0 0
 0 0 0 0 0 0 0 0 0 0 0 0 0 0 0 0 0 0 0 0 0 0 0 0 0 0 0 0 0 0 0 0 0 0 0 0
 0 0 0 0 0 0 0 0 0 0 0 0 0 0 0 0 0 0 0 0 0 0 0 0 0 0 0 0 0 0 0 0 0 0 0 0
 0 0 0 0 0 0 0 0 0 0 0 0 0 0 0 0 0 0 0 0 0 0 0 0 0 0 0 0 0 0 0 0 0 0 0 0
 0 0 0 0 0 0 0 0 1.78061e-05 0.00172719 0.00360574 0.0105946 0.0120993 0.0124554 0.0147524 0.0171206 0.0266825 0.0428682 0.0675386 0.121331 0.153587 0.119568 0.100827 0.0573624 0.0630603 0.0341343 0.0324427 0.0444173 0.0211091 0.0280891 0.0125444 0.00206551 0 0 0 0
 0 0 0 0 0 0 0 0 0 0 0 0 0 0 0 0 0 0 0 0 0 0 0 0 0 0 0 0 0 0 0 0 0 0 0 0
 0 0 0 0 0 0 0.0133647 0.0140871 0.0187388 0.0205184 0.03894 0.0496705 0.03968 0.0493445 0.0407372 0.0367815 0.0215668 0.0243155 0.0234873 0.0199281 0.019796 0.0243948 0.0301388 0.0376714 0.0412746 0.0863199 0.0771752 0.113111 0.0741005 0.0525337 0.0229764 0.00759418 0.00175318 0 0 0
 0 0 0 0 0 0 0 0 0 0 0.00219441 0.00772107 0.0458388 0.0604681 0.0671733 0.0775358 0.0609151 0.0617685 0.073594 0.0568108 0.0755445 0.0548602 0.0670107 0.0636378 0.0643287 0.046367 0.0373049 0.0286899 0.0247887 0.0153202 0.00654259 0.00121912 0.000365735 0 0 0
 0 0 0 0 0 0 0 0 0 0 0 0 0.000112435 0.00938835 0.0111873 0.0202946 0.0414886 0.0713402 0.111592 0.104902 0.108894 0.110636 0.117776 0.105296 0.107544 0.0401394 0.0192827 0.0124803 0.00416011 0.0028671 0.000618394 0 0 0 0 0
 0 0 0 0 0 0 0 0 0 0 0.00291406 0.0102884 0.027416 0.0768956 0.0749926 0.110853 0.0956884 0.0897413 0.0766577 0.0534642 0.0500743 0.0551293 0.0594112 0.0620874 0.0668451 0.0424026 0.0208742 0.0120726 0.0048766 0.00582813 0.00118941 0.000297354 0 0 0 0
 0 0.00264628 0.0354308 0.0461629 0.0458689 0.0383711 0.0214643 0.0164657 0.0346957 0.0420465 0.0363128 0.0245516 0.0311673 0.0291091 0.0169068 0.0133784 0.00837989 0.0085269 0.0148486 0.0160247 0.0276389 0.0546898 0.0760071 0.122758 0.109233 0.0665981 0.0333725 0.0166128 0.00676272 0.00308733 0.000882094 0 0 0 0 0
 0 0 0 0 0 0 0 0.000805153 0.000690131 0.00759144 0.0133425 0.0154129 0.00931677 0.000345066 0.00356568 0.00563607 0.00851162 0.0253048 0.0502646 0.0516448 0.0657925 0.0565908 0.0611916 0.0827007 0.0866115 0.110766 0.145733 0.0935128 0.0569358 0.0249597 0.0138026 0.00621118 0.00161031 0.00115022 0 0
 0 0 0 0 0 0 0 0 0 0 0 0 0 0 0 0 0 0 0 0 0 0 0 0 0 0 0 0 0 0 0 0 0 0 0 0
 0.00147267 0.00158595 0.00478618 0.00569244 0.00954404 0.0108468 0.00647125 0.017049 0.0510054 0.094081 0.124002 0.0959785 0.0687766 0.0820023 0.061753 0.0591476 0.0492212 0.0479892 0.0443925 0.0268479 0.0217502 0.0140895 0.0121071 0.0120363 0.00920419 0.00665534 0.0049561 0.00860946 0.00930331 0.0156896 0.0114698 0.00855282 0.00243557 0.00046729 0 2.83206e-05
 0 0 0 0 0.000772559 0.00158375 0.000888443 0.00281984 0.00712685 0.0440552 0.0773331 0.111326 0.0921469 0.0852325 0.0710754 0.0886704 0.0786465 0.0553345 0.0373146 0.0185414 0.00753245 0.00457741 0.012979 0.0271748 0.0457355 0.0583668 0.034881 0.0177882 0.00938659 0.00492506 0.0015258 0.00185414 0.000309023 5.79419e-05 3.86279e-05 0
 0 0.00173294 0.00326652 0 0.00397197 0.00683976 0.00946217 0.0152591 0.00757587 0.0136028 0.0228656 0.0392903 0.0559909 0.0764795 0.0681675 0.0726916 0.0566044 0.0477403 0.0527397 0.0444891 0.0609904 0.0582453 0.0661739 0.0445044 0.0529084 0.0360697 0.0280645 0.0235558 0.0158879 0.00826598 0.00280645 0.00217768 0.000904811 0.00058276 9.20147e-05 0
 0 0 0 0 0 0 0 0 0 0 0 0 0 0 0 0 0 0 0 0 0 0 0 0 0 0 0 0 0 0 0 0 0 0 0 0
 0 0 0 0 0 0 0 0 0 0 0 0 0 0 0 0 0 0 0 0 0 0 0 0 0 0 0 0 0 0 0 0 0 0 0 0
 0 0 0 0 0 0 0 0 0 0 0 0 0 0 0 0 0 0 0 0 0 0 0 0 0 0 0 0 0 0 0 0 0 0 0 0
 0 0 0 0 0 0 0 0 0 0 0 0 0 0 0 0 0 0 0 0 0 0 0 0 0 0 0 0 0 0 0 0 0 0 0 0
 0 0 0 0 0 0 0 0 0 0 0 0 0 0 0 0 0 0 0 0 0 0 0 0 0 0 0 0 0 0 0 0 0 0 0 0
ppred_pel_tallas
 1.009e-16 3.51738e-05 0.000206449 0.000981383 0.0037784 0.0117826 0.0297619 0.0608965 0.100941 0.135557 0.147502 0.130082 0.0930601 0.0541962 0.0260885 0.0111276 0.00545411 0.00453189 0.00558406 0.00739923 0.00949748 0.0116073 0.0134883 0.0149186 0.0157319 0.0158521 0.0153074 0.0142171 0.0127563 0.0111128 0.00944929 0.00788105 0.00647208 0.00524437 0.00419354 0.00330356
 1.00954e-16 3.24971e-05 0.000190728 0.000906628 0.00349056 0.010885 0.0274946 0.0562579 0.0932548 0.125242 0.136297 0.120244 0.0861198 0.0503506 0.0246044 0.0111236 0.00637541 0.0061906 0.00800122 0.0106508 0.0136189 0.0165435 0.0190741 0.0208877 0.0217505 0.0215714 0.0204211 0.018509 0.0161259 0.013575 0.0111108 0.00890417 0.00703618 0.00551473 0.00430223 0.00334259
 1.01618e-16 2.7613e-05 0.000162047 0.000770261 0.00296548 0.00924752 0.0233587 0.047796 0.0792314 0.106418 0.115838 0.102256 0.0733718 0.0431699 0.0216046 0.0106305 0.00729676 0.0080987 0.0108632 0.0145719 0.0186936 0.0227837 0.0263786 0.0290405 0.0304456 0.0304563 0.0291486 0.0267823 0.0237283 0.0203781 0.0170651 0.014019 0.0113577 0.00910761 0.00723878 0.00569726
 1.01931e-16 3.10003e-05 0.000181942 0.000864861 0.00332975 0.0103835 0.0262279 0.0536661 0.0889584 0.119472 0.130016 0.114702 0.0821473 0.0480223 0.0234573 0.0105928 0.00606248 0.0058961 0.00765584 0.0102553 0.0132186 0.016222 0.0189489 0.0210988 0.0224414 0.0228638 0.0223906 0.0211659 0.019408 0.0173529 0.0152056 0.0131128 0.0111582 0.00937632 0.00777237 0.00634076
 1.01734e-16 3.18883e-05 0.000187156 0.000889648 0.00342518 0.0106811 0.0269796 0.0552041 0.0915077 0.122895 0.13374 0.117982 0.0844864 0.0493692 0.0240764 0.0108049 0.0060862 0.00583029 0.00752388 0.0100457 0.0129055 0.0157735 0.0183319 0.0202837 0.0214072 0.0216041 0.0209177 0.0195129 0.0176275 0.0155127 0.0133812 0.0113782 0.00957757 0.00799689 0.00662078 0.0054225
 1.02096e-16 2.77855e-05 0.000163062 0.000775086 0.00298407 0.00930548 0.023505 0.0480954 0.0797272 0.107083 0.116557 0.102882 0.0738001 0.0433807 0.0216339 0.0105197 0.00706219 0.00773105 0.0103413 0.0138779 0.0178253 0.0217622 0.0252526 0.0278839 0.0293494 0.0295153 0.0284472 0.0263812 0.0236565 0.0206308 0.0176074 0.014794 0.012296 0.0101371 0.00829218 0.00671759
 1.01749e-16 3.31911e-05 0.000194808 0.000926033 0.00356529 0.011118 0.0280832 0.0574619 0.0952489 0.127915 0.139193 0.122768 0.0878595 0.0512314 0.0247818 0.0107787 0.00559379 0.00495817 0.00625766 0.00834639 0.0107576 0.0132103 0.0154452 0.0172187 0.0183438 0.0187286 0.0183915 0.0174469 0.0160691 0.014446 0.0127405 0.0110683 0.0094953 0.00804833 0.00673195 0.00554306
 1.02145e-16 2.62282e-05 0.000153915 0.000731596 0.00281661 0.00878325 0.022186 0.0453968 0.0752554 0.101081 0.110037 0.097158 0.0697606 0.0411401 0.0207645 0.0105074 0.00758252 0.00867284 0.0117152 0.0157271 0.0201706 0.0245735 0.0284377 0.0312932 0.0327949 0.0328006 0.0313993 0.0288775 0.0256394 0.0221071 0.0186352 0.0154622 0.012703 0.0103733 0.00842948 0.00680598
 1.02216e-16 3.11638e-05 0.000182904 0.000869436 0.00334736 0.0104384 0.0263667 0.0539499 0.0894284 0.120101 0.130698 0.115295 0.0825529 0.0482214 0.023484 0.0104864 0.0058387 0.00554702 0.00716307 0.00960462 0.0124116 0.0152833 0.0179293 0.0200717 0.0214935 0.0220818 0.0218462 0.020904 0.01944 0.0176574 0.0157348 0.0138024 0.0119393 0.0101844 0.00855465 0.00705892
 1.02284e-16 2.82468e-05 0.000165771 0.000787968 0.00303367 0.00946017 0.0238958 0.0488948 0.0810518 0.10886 0.118488 0.104577 0.0749961 0.0440433 0.0218894 0.0105195 0.00690106 0.00743995 0.00991432 0.0132985 0.017083 0.0208619 0.0242184 0.0267592 0.0281926 0.028392 0.027421 0.0255048 0.0229661 0.0201427 0.0173194 0.0146883 0.0123441 0.0103042 0.00854175 0.00701468
 1.03625e-16 2.18102e-05 0.000127975 0.000608269 0.00234175 0.00730243 0.0184456 0.037744 0.0625716 0.0840526 0.0915204 0.0808572 0.0581632 0.0345162 0.0178219 0.0096794 0.00781659 0.00951299 0.0130714 0.0176615 0.0227839 0.0279551 0.0326435 0.0363343 0.0386329 0.0393493 0.0385309 0.0364309 0.0334292 0.029934 0.0262968 0.0227648 0.0194751 0.0164782 0.013775 0.0113493
 1.05357e-16 2.16874e-05 0.000127261 0.000604884 0.00232874 0.00726188 0.0183431 0.0375337 0.0622213 0.0835767 0.0909881 0.0803534 0.057728 0.0341124 0.0173478 0.00900178 0.00679503 0.00801476 0.0109879 0.0149345 0.0194366 0.0241193 0.0285684 0.0323705 0.0351887 0.0368272 0.0372591 0.0366066 0.0350874 0.0329482 0.0304087 0.0276334 0.0247315 0.0217749 0.0188221 0.0159344
 1.0425e-16 2.86943e-05 0.000168405 0.00080051 0.00308198 0.00961085 0.0242763 0.0496728 0.0823392 0.110583 0.120344 0.106173 0.0760475 0.0444739 0.021758 0.00988623 0.00575029 0.00568524 0.00744673 0.010043 0.0130481 0.0161754 0.0191416 0.0216715 0.0235454 0.0246411 0.0249511 0.0245665 0.023639 0.0223337 0.0207903 0.0191049 0.0173321 0.0155005 0.0136323 0.0117569
 1.03554e-16 2.52768e-05 0.000148331 0.000705053 0.00271441 0.00846457 0.021381 0.0437497 0.0725248 0.0974134 0.106044 0.0936303 0.0672244 0.0396381 0.0199956 0.0101025 0.00727527 0.00832099 0.0112584 0.0151514 0.0194962 0.0238544 0.0277619 0.0307775 0.0325722 0.0330009 0.0321292 0.0302021 0.0275705 0.0246006 0.0215971 0.0187617 0.0161891 0.013892 0.011839 0.00998838
 1.03603e-16 2.55907e-05 0.000150177 0.000713835 0.00274824 0.00857006 0.0216474 0.0442945 0.073427 0.0986221 0.107351 0.0947651 0.0679965 0.0400079 0.0200253 0.00986329 0.00679318 0.00757743 0.0102177 0.0137913 0.0178312 0.0219513 0.0257431 0.0288107 0.0308462 0.0316926 0.0313698 0.0300511 0.0280055 0.0255243 0.0228596 0.0201904 0.0176191 0.0151904 0.0129182 0.0108082
 1.03355e-16 2.79134e-05 0.000163817 0.000778688 0.00299795 0.00934879 0.0236144 0.0483188 0.0800961 0.107574 0.117081 0.103319 0.0740575 0.0434197 0.0214461 0.0100879 0.00633913 0.00664577 0.00882161 0.0118785 0.0153555 0.0189071 0.0221806 0.0248371 0.0266135 0.0273769 0.0271455 0.0260685 0.0243752 0.0223122 0.0200906 0.0178574 0.0156942 0.0136336 0.0116844 0.00985114
 1.03632e-16 2.51268e-05 0.000147452 0.000700874 0.00269833 0.00841441 0.0212543 0.0434903 0.0720945 0.0968346 0.105411 0.0930662 0.0668072 0.0393677 0.0198147 0.00993991 0.00707323 0.00804108 0.0108787 0.0146661 0.0189187 0.0232211 0.0271321 0.030228 0.0321859 0.0328521 0.0322684 0.0306449 0.0282933 0.0255446 0.0226793 0.0198893 0.0172745 0.0148649 0.0126534 0.0106238
 1.03587e-16 2.74899e-05 0.000161331 0.000766868 0.00295244 0.00920688 0.0232559 0.0475853 0.0788803 0.105941 0.115304 0.101752 0.0729371 0.042768 0.0211343 0.00995909 0.00628424 0.00661239 0.00879375 0.0118586 0.0153559 0.0189476 0.0222866 0.0250366 0.0269337 0.0278383 0.0277577 0.0268268 0.0252595 0.0232891 0.0211176 0.0188885 0.0166855 0.0145489 0.0124976 0.0105481
 1.03466e-16 2.69236e-05 0.000158004 0.000751045 0.00289151 0.00901685 0.022776 0.0466035 0.0772537 0.103759 0.112937 0.0996798 0.0714885 0.0419928 0.0208889 0.0100722 0.00665742 0.0072257 0.0096683 0.0130182 0.016801 0.0206398 0.0241441 0.0269396 0.0287405 0.0294087 0.0289776 0.0276279 0.025629 0.0232671 0.0207842 0.0183453 0.0160364 0.0138838 0.0118836 0.0100259
 1.0264e-16 3.0846e-05 0.000181038 0.000860564 0.0033132 0.0103319 0.0260976 0.0533993 0.0885161 0.118877 0.129367 0.114125 0.0817237 0.0477544 0.0232889 0.0104537 0.00589616 0.00566459 0.00733489 0.00983204 0.0126935 0.0156123 0.0182911 0.0204471 0.021863 0.0224304 0.0221684 0.0212058 0.0197389 0.017978 0.0161031 0.0142393 0.012455 0.010776 0.00920607 0.00774432
 1.02347e-16 2.90189e-05 0.000170306 0.000809531 0.0031167 0.00971909 0.0245498 0.0502328 0.083269 0.111836 0.121721 0.107416 0.0770003 0.0451567 0.0223247 0.0105326 0.00665379 0.00698818 0.0092531 0.0124058 0.0159465 0.0194932 0.0226585 0.0250773 0.0264771 0.0267377 0.0259137 0.0242092 0.0219176 0.0193475 0.016759 0.0143279 0.0121416 0.0102177 0.00853445 0.00705716
 1.02947e-16 2.60339e-05 0.000152778 0.000726195 0.00279582 0.00871845 0.0220222 0.0450615 0.0746987 0.100331 0.109213 0.0964129 0.0691881 0.0407274 0.0204188 0.0101106 0.00702779 0.00787548 0.0106153 0.0142979 0.0184326 0.0226072 0.0263868 0.0293543 0.0311912 0.0317455 0.0310584 0.0293379 0.0268948 0.0240613 0.021123 0.0182794 0.0156394 0.013241 0.0110817 0.00914543
 1.02823e-16 2.99429e-05 0.000175735 0.000835352 0.00321613 0.0100292 0.025333 0.0518349 0.0859232 0.115396 0.125582 0.110793 0.0793546 0.0464036 0.0226933 0.0102943 0.0059598 0.00586014 0.00764612 0.0102734 0.0132865 0.0163747 0.0192319 0.0215645 0.0231432 0.0238489 0.0236916 0.0227938 0.0213478 0.0195629 0.0176205 0.0156497 0.0137259 0.0118841 0.0101391 0.00850109
 1.02452e-16 2.95599e-05 0.000173483 0.000824641 0.00317488 0.00990054 0.0250081 0.0511704 0.0848226 0.113921 0.123985 0.109403 0.0784004 0.0459288 0.0226153 0.0105176 0.00644233 0.00661492 0.00871039 0.0116756 0.0150206 0.0183839 0.0214036 0.0237379 0.0251307 0.0254664 0.0247912 0.0232898 0.0212295 0.018892 0.0165146 0.0142577 0.0122016 0.0103643 0.00872897 0.00726897
 1.0455e-16 1.60776e-05 9.43109e-05 0.000448203 0.00172543 0.00538042 0.0135909 0.0278116 0.0461116 0.0619592 0.0675099 0.0597532 0.0432198 0.0261253 0.014367 0.00921025 0.00906822 0.012001 0.0167706 0.0226989 0.0292583 0.035849 0.041787 0.0464091 0.0492116 0.0499599 0.0487304 0.0458677 0.0418799 0.0373073 0.0326111 0.0281108 0.0239754 0.0202567 0.0169391 0.0139848
 1.07032e-16 2.14172e-05 0.000125681 0.000597388 0.00229991 0.00717198 0.0181159 0.0370684 0.061448 0.0825324 0.0898365 0.0793015 0.0568966 0.0334696 0.0167438 0.00824409 0.0057002 0.00642701 0.00879022 0.0120702 0.0159401 0.0201423 0.0243884 0.0283702 0.0318071 0.0344895 0.0363013 0.0372155 0.0372697 0.0365351 0.0350933 0.0330278 0.0304293 0.0274058 0.0240896 0.0206339
 1.05964e-16 2.61797e-05 0.000153641 0.000730313 0.0028117 0.00876799 0.0221473 0.0453169 0.0751199 0.10089 0.109806 0.096897 0.0694504 0.0407109 0.020095 0.00943286 0.0059077 0.00619165 0.00824432 0.0111547 0.0145117 0.0180168 0.0213654 0.0242608 0.0264679 0.0278572 0.0284228 0.0282626 0.0275342 0.0264026 0.0249987 0.0234019 0.0216463 0.019742 0.0177009 0.0155538
pSPR Fmed_Fpbrs
0.462466   0.6 0.325
Fs Fmed_Fpbrs
0.64   0.368975 1.1508
SSBpbr Bo_Bmed_Bpbrs
2.14708e+06  885596  1.18089e+06 590446
Ro
59874.1
SPR SPRFo_SPRFmed_SPRFpbrs
1.23665e+06 571911 401913
log_Ro
10.82
likeval ReclasPelacesDesembMPH_pf_preclas_ppelaces_ptallas_desvR_qrecl_qpela
 0.000968881 25.8687 0.0180588 19.2883 330.317 218.199 55.9671 0 13.5914 7.58028e-05 9.99017e-11 5.83009e-16 0 0 0
q_reclas_q_pelaces
0.2912 0.998579
M
0.7
N
 43240.8 11383 3996.54 463.992 0.39319
 48010.3 19090.9 3080.43 1011.29 117.298
 27181.2 21609.1 5706.86 870.554 318.468
 37445.5 11435.8 4559.33 1095.31 227.628
 66503.2 17955.6 4740.43 1852.57 537.253
 62138.1 32805.4 8615.22 2265.85 1142.18
 124706 28902.1 11619.5 2939.5 1161.65
 95461.5 59760.1 11941.2 4704 1659.39
 145249 44717.6 21955.9 4243.36 2259.25
 145659 67702.8 16013.4 7583.12 2243.68
 76730.7 69095.7 26543.6 6116.19 3750.64
 50738.5 34909.1 21833.2 7978.21 2961.69
 59697.1 23381.4 11785 7062.63 3534.81
 32458.6 26692.4 6755.06 3206.74 2878.96
 22542 13969.1 6330.94 1476.41 1327.18
 25532.1 10102.8 4084.88 1745.96 771.96
 22426.5 12168.6 4058.21 1602.81 987.348
 28620.7 10745.4 5023.74 1641.52 1047.13
 32509.9 13854.3 4676.95 2154.93 1152.84
 56596.8 15797.8 6151.45 2051.06 1450.13
 73906.2 27483.4 6989.2 2686.95 1528.79
 76522.8 36311.4 12916.5 3264.81 1968.94
 127970 37469.7 16769.4 5917.44 2397.22
 178009 62395.8 16929.2 7497.79 3716.54
 70148.4 86796.3 28195.9 7570.68 5013.61
 83736.9 34285.1 39704.4 12781.4 5703.16
 113325 40901.6 15634.2 17935.4 8347.81
pred_Ctot
 3472.9 3856.04 1464.61 170.372 0.144381
 3250.95 5625.47 985.759 324.284 37.6152
 3014.88 9379.27 2655.89 405.842 148.472
 927.634 1373.25 602.91 145.191 30.1755
 317.473 437.203 127.981 50.1458 14.5434
 2841.66 6897.38 1980.9 522.156 263.225
 3144.97 3529.18 1562.19 396.16 156.566
 3904.73 11375.6 2489.72 983.021 346.79
 6432.86 9138.42 4909.14 950.914 506.313
 4699.23 10388.9 2699.13 1281.19 379.097
 4649.4 18545.5 7754.27 1790.52 1098.06
 2639.29 8217.91 5609.41 2054.26 762.626
 4301.6 7252.99 3964.8 2380.87 1191.67
 3138.48 10456.1 2848.78 1354.84 1216.4
 1589.66 4257.04 2093.42 489.192 439.769
 740.667 1405.48 624.902 267.733 118.383
 567.882 1491.56 547.671 216.829 133.577
 519.65 961.737 496.254 162.555 103.7
 501.916 1061.71 395.939 182.89 97.8479
 901.598 1247.62 536.579 179.358 126.817
 564.252 1062.44 299.28 115.353 65.6364
 768.764 1835.76 722.723 183.145 110.457
 1670.75 2442.99 1208.82 427.637 173.251
 2319.82 4061.04 1218.21 540.9 268.132
 796.576 4943.48 1776.53 478.22 316.715
 987.112 2024.88 2593.71 837.078 373.533
 1994.16 3553 1499.18 1724.14 802.526
F
 0.117572 0.607047 0.674208 0.675997 0.67604
 0.0983001 0.507544 0.563696 0.565192 0.565228
 0.165777 0.85594 0.950636 0.953159 0.95322
 0.034982 0.18062 0.200602 0.201135 0.201148
 0.00665755 0.0343743 0.0381773 0.0382786 0.0382811
 0.065445 0.337906 0.37529 0.376286 0.37631
 0.035622 0.183924 0.204272 0.204814 0.204827
 0.0583553 0.301301 0.334635 0.335523 0.335545
 0.0633216 0.326943 0.363114 0.364077 0.364101
 0.0457736 0.236339 0.262486 0.263183 0.263199
 0.0875543 0.452061 0.502075 0.503407 0.503439
 0.0747437 0.385917 0.428613 0.429751 0.429778
 0.104906 0.54165 0.601575 0.603172 0.60321
 0.143114 0.738928 0.820679 0.822857 0.822909
 0.102564 0.529558 0.588145 0.589706 0.589743
 0.041074 0.212074 0.235536 0.236161 0.236176
 0.0357696 0.184686 0.205118 0.205663 0.205676
 0.0255326 0.13183 0.146415 0.146804 0.146813
 0.0216741 0.111908 0.124289 0.124619 0.124627
 0.0223707 0.115505 0.128284 0.128624 0.128632
 0.0106662 0.0550719 0.0611647 0.061327 0.0613309
 0.0140563 0.0725754 0.0806047 0.0808187 0.0808238
 0.0183013 0.0944934 0.104948 0.105226 0.105233
 0.0182679 0.0943209 0.104756 0.105034 0.105041
 0.0159012 0.0821014 0.0911846 0.0914266 0.0914324
 0.0165115 0.0852525 0.0946843 0.0949357 0.0949417
 0.0247369 0.127722 0.141852 0.142229 0.142238
Np
 56389.8 26261.9 19574.1 6143.98 3107.54
YTP_r0W_actual
 41691.2 182629 111010 163000 84195.4
YTP_p0W_proyectada
 20745.3 245136 126926 61226.5 111484
 20745.3 117262 138985 55837.5 31342.4
CTP_r0_actual
 5084.3 8455.06 3535.34 4064.84 1892.03
CTP_p0_proyectada
 2529.91 11348.9 4042.23 1526.85 2505.27
 2529.91 5428.79 4426.26 1392.46 704.323
Wmedp
 8.2 21.6 31.4 40.1 44.5
nmprior
 10.8 10.6 4.6 0
nm_flota  nm_reclas  nm_pelaces    nm_pelaL
inf 12.8117 17.3391 54.2797
cv_recla  cv_pelaces  cv_mph
0.898555 0.557158 0.586885
 ------------------------------------------------
Talla a la edad & desviaci?n 
 7.2 14.2025 17.0495 18.207 18.6776
 1.08 2.13037 2.55742 2.73105 2.80164
