years
 1997 1998 1999 2000 2001 2002 2003 2004 2005 2006 2007 2008 2009 2010 2011 2012 2013 2014 2015 2016 2017 2018 2019 2020 2021 2022 2023
reclasobs
 0 0 0 370054 412103 1.49427e+06 250295 1.28982e+06 931140 785840 897777 1.04006e+06 184774 17550 25797 100020 73551 82996 120727 218422 84188 347160 605670 569463 516374 1.08416e+06 1.01767e+06
reclaspred
 398159 96533.4 203392 123151 208310 251081 743237 529880 674456 707197 590657 416526 295376 152759 106879 96528 106431 146285 160114 233722 349739 306697 498231 647753 755738 665606 557494
pelacesobs
 0 0 0 0 0 0 0 0 0 2.06254e+06 1.5e+06 0 1.87456e+06 323000 250000 174000 83755 137374 0 501740 490994 745055 786931 1.00524e+06 1.33801e+06 1.41789e+06 0
pelacespred
 1.25893e+06 233217 315422 290852 441969 388815 1.64414e+06 1.23643e+06 1.49532e+06 1.55143e+06 1.13979e+06 842675 605396 259441 183103 177988 205412 283893 313329 452353 763356 651236 863749 1.2566e+06 1.43526e+06 1.39665e+06 1.11283e+06
mphobs
 0 0 0 0 0 0 112323 0 153150 637223 0 255016 313432 73983 77613 109348 50772 17779 17303 59886 28197 0 207744 136588 643089 65757 70829
mphpred
 152725 83049.5 81217.7 65588.3 72292.9 127049 214859 320910 287494 339153 355677 254922 164060 102383 53396.1 43146.7 42764.1 56188.4 33132 37731.2 61070.7 75838 86210.3 121895 159216 153947 126279
desembarqueobs
 350755 77701 442110 56441 14545 235359 269955 359681 431902 328805 639364 411747 362871 311530 167758 66681 60226 58785 57116 73181 50977 67692 138656 160484 209506 203330 245020
desembarquepred
 350771 77707.8 442214 56449 14545.4 235429 269979 359709 431879 328803 639460 411826 362960 311874 167890 66713.5 60257 58788 57110.3 73181.2 50977.9 67689.5 138662 160489 209515 203341 245022
Reclutas
 36454 39473.5 17978.3 24012.6 46204.5 43604.4 93776.8 73260.1 118447 129182 68380.2 48614.9 57226.4 27402.8 16138.6 16130.8 13341.5 17065.6 19799.9 33842.1 44412.3 46579.1 77833.4 106387 40302.5 48101.7 64220.5
log_desv_Rt
 -0.136195 -0.0566141 -0.843079 -0.553664 0.100833 0.0429129 0.808673 0.561772 1.04222 1.12898 0.492838 0.151686 0.314771 -0.421599 -0.951031 -0.951512 -1.14136 -0.895181 -0.746568 -0.210539 0.061271 0.108907 0.622326 0.934835 -0.0358315 0.141073 0.430078
SSB
 446833 242982 237622 191895 211510 371713 610626 927942 821272 971850 1.04062e+06 745838 494990 318247 171075 139848 144095 181702 231998 276611 425979 516451 602678 815775 1.1609e+06 1.15395e+06 893886
BT
 1.5431e+06 363852 555711 349813 451794 570546 1.82261e+06 1.62336e+06 1.8808e+06 1.85594e+06 1.70165e+06 1.2127e+06 952116 549847 322224 232588 254946 329670 360450 509022 800928 711919 957208 1.38191e+06 1.59031e+06 1.56953e+06 1.32295e+06
Ftot
 0.741929 0.677892 1.37554 0.363028 0.0641815 0.607096 0.335501 0.50411 0.56126 0.369681 0.676379 0.614598 0.901783 1.27142 1.08445 0.470782 0.409218 0.295827 0.238725 0.240074 0.108172 0.13944 0.182664 0.181029 0.157771 0.176497 0.277187
BD_Bspro_t
 0.913278 0.635124 0.520426 0.304812 0.445674 0.642977 0.618218 0.678753 0.616378 0.610294 0.599521 0.446162 0.35328 0.289284 0.196439 0.197297 0.265417 0.39987 0.523082 0.624053 0.73787 0.816562 0.812868 0.811996 0.821228 0.773468 0.723518
BD_Bspro
 0.517896 0.281625 0.275413 0.222413 0.245149 0.43083 0.707739 1.07552 0.951885 1.12641 1.20612 0.864454 0.573712 0.36886 0.198282 0.16209 0.167012 0.210599 0.268894 0.320603 0.493726 0.598587 0.698527 0.945515 1.34552 1.33747 1.03605
BD_Bo
 0.337288 0.183412 0.179367 0.14485 0.159657 0.280585 0.460926 0.700449 0.61993 0.733593 0.785502 0.562989 0.373639 0.240226 0.129134 0.105563 0.108769 0.137156 0.175121 0.208797 0.321547 0.389839 0.454926 0.615781 0.876291 0.87105 0.674742
BD_Brms
 0.61325 0.333477 0.326122 0.263363 0.290285 0.510154 0.838047 1.27354 1.12715 1.3338 1.42818 1.02362 0.679343 0.436774 0.23479 0.191933 0.197762 0.249374 0.318403 0.379632 0.58463 0.708797 0.827139 1.1196 1.59326 1.58373 1.2268
S_f
 0.16344 1 1 1 1
 0.16344 1 1 1 1
 0.16344 1 1 1 1
 0.16344 1 1 1 1
 0.16344 1 1 1 1
 0.16344 1 1 1 1
 0.16344 1 1 1 1
 0.16344 1 1 1 1
 0.16344 1 1 1 1
 0.16344 1 1 1 1
 0.16344 1 1 1 1
 0.16344 1 1 1 1
 0.16344 1 1 1 1
 0.16344 1 1 1 1
 0.16344 1 1 1 1
 0.16344 1 1 1 1
 0.16344 1 1 1 1
 0.16344 1 1 1 1
 0.16344 1 1 1 1
 0.16344 1 1 1 1
 0.16344 1 1 1 1
 0.16344 1 1 1 1
 0.16344 1 1 1 1
 0.16344 1 1 1 1
 0.16344 1 1 1 1
 0.16344 1 1 1 1
 0.16344 1 1 1 1
Scru_reclas
 0.924681 1 1 1 1
 0.924681 1 1 1 1
 0.924681 1 1 1 1
 0.924681 1 1 1 1
 0.924681 1 1 1 1
 0.924681 1 1 1 1
 0.924681 1 1 1 1
 0.924681 1 1 1 1
 0.924681 1 1 1 1
 0.924681 1 1 1 1
 0.924681 1 1 1 1
 0.924681 1 1 1 1
 0.924681 1 1 1 1
 0.924681 1 1 1 1
 0.924681 1 1 1 1
 0.924681 1 1 1 1
 0.924681 1 1 1 1
 0.924681 1 1 1 1
 0.924681 1 1 1 1
 0.924681 1 1 1 1
 0.924681 1 1 1 1
 0.924681 1 1 1 1
 0.924681 1 1 1 1
 0.924681 1 1 1 1
 0.924681 1 1 1 1
 0.924681 1 1 1 1
 0.924681 1 1 1 1
Scru_pelaces
 1 1 1 1 1
 1 1 1 1 1
 1 1 1 1 1
 1 1 1 1 1
 1 1 1 1 1
 1 1 1 1 1
 1 1 1 1 1
 1 1 1 1 1
 1 1 1 1 1
 1 1 1 1 1
 1 1 1 1 1
 1 1 1 1 1
 1 1 1 1 1
 1 1 1 1 1
 1 1 1 1 1
 1 1 1 1 1
 1 1 1 1 1
 1 1 1 1 1
 1 1 1 1 1
 1 1 1 1 1
 1 1 1 1 1
 1 1 1 1 1
 1 1 1 1 1
 1 1 1 1 1
 1 1 1 1 1
 1 1 1 1 1
 1 1 1 1 1
pf_obs 
 0.256992 0.487395 0.22802 0.0275931 0
 0.321318 0.546541 0.124235 0.00734118 0.000564706
 0.182869 0.594174 0.210203 0.0122559 0.00049798
 0.330522 0.361315 0.267642 0.0388342 0.00168674
 0.649043 0.306663 0.0425973 0.00169635 0
 0.582887 0.30429 0.105238 0.00758474 0
 0.465427 0.430635 0.0974691 0.00646863 0
 0.296916 0.608066 0.0921331 0.00288517 0
 0.311714 0.524322 0.152257 0.0117073 0
 0.15457 0.633149 0.183074 0.0267441 0.00246327
 0.131901 0.49318 0.331252 0.0422183 0.00144891
 0.196976 0.569456 0.194076 0.0375587 0.00193317
 0.518974 0.381816 0.0799577 0.0180837 0.00116848
 0.0928022 0.601141 0.25162 0.0475244 0.00691264
 0.122501 0.610282 0.24278 0.0234846 0.000952079
 0.383417 0.481906 0.127806 0.00687128 0
 0.0376549 0.599619 0.316969 0.0457579 0
 0.0361596 0.667082 0.258105 0.0386534 0
 0.158088 0.579412 0.248529 0.0139706 0
 0.0477256 0.309471 0.559284 0.082774 0.000745712
 0.0406174 0.521527 0.379366 0.0568643 0.0016247
 0.151134 0.462217 0.34131 0.0453401 0
 0.294876 0.26143 0.354403 0.0886775 0.000613685
 0.281977 0.475581 0.204845 0.0348837 0.00271318
 0.0841818 0.532909 0.334909 0.0458182 0.00218182
 0.115287 0.27431 0.454777 0.147771 0.00785563
 0 0 0 0 0
pf_pred 
 0.346663 0.462531 0.170793 0.0200004 1.23929e-05
 0.295067 0.581013 0.0877294 0.0323948 0.00379588
 0.168514 0.649832 0.149721 0.022607 0.00932597
 0.309822 0.494707 0.152767 0.0351974 0.007507
 0.34509 0.501553 0.109923 0.0339445 0.00948885
 0.22941 0.592318 0.136527 0.029922 0.0118229
 0.384953 0.436929 0.136911 0.0315574 0.00964908
 0.209561 0.646681 0.102126 0.0320008 0.00963138
 0.321512 0.457686 0.180645 0.0285279 0.0116296
 0.262253 0.584497 0.103377 0.040802 0.00907032
 0.144278 0.617917 0.188407 0.0333225 0.0160758
 0.160207 0.49559 0.248549 0.0757841 0.0198698
 0.261844 0.451824 0.168975 0.0847442 0.0326138
 0.17531 0.637737 0.114434 0.0427963 0.0297234
 0.195775 0.574654 0.177528 0.0318551 0.0201874
 0.250455 0.540428 0.149423 0.0461614 0.0135323
 0.19652 0.578349 0.162321 0.0448804 0.0179294
 0.24425 0.488068 0.192679 0.054078 0.0209253
 0.23286 0.533111 0.151137 0.0596658 0.0232258
 0.301076 0.472056 0.157658 0.044696 0.0245137
 0.258801 0.553783 0.126582 0.042276 0.0185586
 0.203723 0.551118 0.183169 0.0418682 0.0201216
 0.273352 0.45469 0.188227 0.062559 0.0211718
 0.261412 0.52815 0.131678 0.0545107 0.0242485
 0.0871963 0.641095 0.194294 0.0484414 0.0289736
 0.142409 0.33138 0.369577 0.112006 0.0446281
 0.207741 0.415817 0.14546 0.162227 0.0687552
pobs_RECLAS
 0 0 0 0 0
 0 0 0 0 0
 0 0 0 0 0
 0 0 0 0 0
 0.835266 0.146461 0.0176864 0.000547809 3.91292e-05
 0.385257 0.428462 0.181853 0.0044286 0
 0.867414 0.0963971 0.0333333 0.00285562 0
 0.441836 0.489002 0.0689373 0.000224442 0
 0.779404 0.147425 0.0564933 0.0165055 0.000172143
 0.814271 0.122319 0.05973 0.00367925 0
 0.40263 0.566651 0.0304383 0.000280538 0
 0.475488 0.404961 0.113038 0.00651328 0
 0.955842 0.0263864 0.0167828 0.000988607 0
 0.975058 0.0227948 0.00214734 0 0
 0.738997 0.206755 0.0527124 0.00153531 0
 0.850938 0.134255 0.0134407 0.00136685 0
 0.542534 0.407297 0.0501686 0 0
 0.764087 0.199537 0.0359546 0.000420521 0
 0.470689 0.182191 0.310203 0.0369168 0
 0.84361 0.089868 0.0606195 0.00523954 0.000663233
 0.607945 0.314616 0.071237 0.00620181 0
 0.523733 0.453247 0.0230204 0 0
 0.530135 0.295979 0.169645 0.0042399 0
 0.562478 0.366248 0.0663022 0.0049721 0
 0.250443 0.683176 0.0655157 0.000865301 0
 0.195077 0.31981 0.436473 0.0351445 0.0134964
 0.565238 0.351407 0.0832357 0.000118908 0
ppred_RECLAS
 0.760695 0.169416 0.0625583 0.00732577 4.53928e-06
 0.713563 0.236084 0.0356472 0.013163 0.00154239
 0.568292 0.337393 0.0777354 0.0117376 0.00484206
 0.722078 0.19921 0.0615164 0.0141734 0.00302294
 0.749431 0.191894 0.0420566 0.0129872 0.00363043
 0.637629 0.278539 0.064202 0.0140709 0.00555975
 0.783314 0.153934 0.0482348 0.0111179 0.00339945
 0.6082 0.320543 0.050621 0.015862 0.00477403
 0.736065 0.178042 0.0702716 0.0110975 0.00452396
 0.67304 0.259042 0.0458154 0.0180829 0.00401985
 0.500824 0.360455 0.109905 0.0194383 0.00937765
 0.530153 0.277273 0.139058 0.0423997 0.0111168
 0.683859 0.193509 0.0723693 0.0362947 0.013968
 0.57626 0.32768 0.058798 0.0219895 0.0152724
 0.602898 0.283747 0.087658 0.0157291 0.00996794
 0.661115 0.244339 0.0675574 0.0208705 0.00611822
 0.586903 0.297349 0.083455 0.0230746 0.00921814
 0.650501 0.225709 0.0891051 0.0250086 0.00967699
 0.635195 0.253515 0.0718715 0.0283734 0.0110448
 0.711917 0.194572 0.0649835 0.0184228 0.0101041
 0.665186 0.250155 0.0571796 0.0190969 0.00838328
 0.59323 0.281533 0.0935699 0.0213879 0.0102789
 0.682542 0.198645 0.0822326 0.0273307 0.00924953
 0.669167 0.236573 0.0589823 0.0244168 0.0108615
 0.352804 0.454549 0.137758 0.0343459 0.0205429
 0.48684 0.198289 0.221145 0.0670216 0.0267043
 0.60129 0.209263 0.0732039 0.0816419 0.0346015
pobs_PELACES
 0 0 0 0 0
 0 0 0 0 0
 0 0 0 0 0
 0 0 0 0 0
 0 0 0 0 0
 0 0 0 0 0
 0 0 0 0 0
 0 0 0 0 0
 0 0 0 0 0
 0 0 0 0 0
 0.450072 0.473896 0.0757376 0.000293798 0
 0 0 0 0 0
 0.463077 0.371075 0.160297 0.00555027 0
 0.529543 0.364841 0.0842815 0.0213345 0
 0.631943 0.363953 0.00410389 0 0
 0.735681 0.248677 0.0153453 0.000297389 0
 0.695825 0.281241 0.0229344 0 0
 0.275771 0.60734 0.115278 0.00161068 0
 0 0 0 0 0
 0.896147 0.0623911 0.0374545 0.00400742 0
 0.803859 0.145111 0.0509908 3.86294e-05 0
 0.739449 0.233085 0.0266225 0.000797448 4.60066e-05
 0.878498 0.100942 0.0204185 0.000141795 0
 0.694673 0.275183 0.0284847 0.00165964 0
 0.469039 0.446079 0.0841089 0.000773354 0
 0.822795 0.102175 0.0682046 0.00682512 0
 0 0 0 0 0
ppred_PELACES
 0.808396 0.135646 0.0500885 0.00586552 3.63446e-06
 0.764625 0.193999 0.0292926 0.0108166 0.00126744
 0.675448 0.253647 0.0584403 0.00882413 0.00364019
 0.75645 0.174572 0.0539082 0.0124204 0.00264907
 0.767028 0.178418 0.0391031 0.0120751 0.00337548
 0.692321 0.236499 0.0545121 0.0119472 0.00472062
 0.810922 0.134321 0.0420893 0.0097014 0.00296633
 0.658637 0.279279 0.0441045 0.0138201 0.00415946
 0.778831 0.149193 0.0588853 0.00929933 0.00379094
 0.711428 0.228628 0.0404363 0.0159598 0.00354789
 0.566682 0.312899 0.0954048 0.0168737 0.00814042
 0.591153 0.241275 0.121004 0.0368949 0.00967348
 0.750039 0.153001 0.0572197 0.0286969 0.011044
 0.676283 0.250332 0.0449189 0.0167989 0.0116674
 0.688956 0.222255 0.0686613 0.0123204 0.00780775
 0.706105 0.211901 0.0585886 0.0180998 0.00530598
 0.632383 0.264612 0.074267 0.0205341 0.00820326
 0.685942 0.20282 0.0800693 0.0224725 0.00869569
 0.667918 0.230775 0.0654248 0.0258284 0.0100541
 0.74064 0.175173 0.0585045 0.016586 0.00909666
 0.688831 0.232488 0.0531414 0.0177482 0.00779124
 0.621081 0.262257 0.0871635 0.0199236 0.00957515
 0.709759 0.181614 0.0751826 0.0249876 0.00845654
 0.696926 0.216723 0.0540333 0.0223681 0.00995019
 0.381102 0.434674 0.131735 0.0328442 0.0196447
 0.518586 0.186022 0.207464 0.0628754 0.0250522
 0.637764 0.190119 0.0665073 0.0741734 0.0314362
pobs_pel_tallas
 0 0 0 0 0 0 0 0 0 0 0 0 0 0 0 0 0 0 0 0 0 0 0 0 0 0 0 0 0 0 0 0 0 0 0 0
 0 0 0 0 0 0 0 0 0 0 0 0 0 0 0 0 0 0 0 0 0 0 0 0 0 0 0 0 0 0 0 0 0 0 0 0
 0 0 0 0 0 0 0 0 0 0 0 0 0 0 0 0 0 0 0 0 0 0 0 0 0 0 0 0 0 0 0 0 0 0 0 0
 0 0 0 0 0 0 0 0 0 0 0 0 0 0 0 0 0 0 0 0 0 0 0 0 0 0 0 0 0 0 0 0 0 0 0 0
 0 0 0 0 0 0 0 0 0 0 0 0 0 0 0 0 0 0 0 0 0 0 0 0 0 0 0 0 0 0 0 0 0 0 0 0
 0 0 0 0 0 0 0 0 0 0 0 0 0 0 0 0 0 0 0 0 0 0 0 0 0 0 0 0 0 0 0 0 0 0 0 0
 0 0 0 0 0 0 0 0 0 0 0 0 0 0 0 0 0 0 0 0 0 0 0 0 0 0 0 0 0 0 0 0 0 0 0 0
 0 0 0 0 0 0 0 0 0 0 0 0 0 0 0 0 0 0 0 0 0 0 0 0 0 0 0 0 0 0 0 0 0 0 0 0
 0 0 0 0 0 0 0 0 0 0 0 0 0 0 0 0 0 0 0 0 0 0 0 0 0 0 0 0 0 0 0 0 0 0 0 0
 0 0 0 0 0 0 0 0 0 0 0 0 0 0 0 0 0 0 0 0 0 0 0 0 0 0 0 0 0 0 0 0 0 0 0 0
 0 0 0 0 0 0 0 0 1.78061e-05 0.00172719 0.00360574 0.0105946 0.0120993 0.0124554 0.0147524 0.0171206 0.0266825 0.0428682 0.0675386 0.121331 0.153587 0.119568 0.100827 0.0573624 0.0630603 0.0341343 0.0324427 0.0444173 0.0211091 0.0280891 0.0125444 0.00206551 0 0 0 0
 0 0 0 0 0 0 0 0 0 0 0 0 0 0 0 0 0 0 0 0 0 0 0 0 0 0 0 0 0 0 0 0 0 0 0 0
 0 0 0 0 0 0 0.0133647 0.0140871 0.0187388 0.0205184 0.03894 0.0496705 0.03968 0.0493445 0.0407372 0.0367815 0.0215668 0.0243155 0.0234873 0.0199281 0.019796 0.0243948 0.0301388 0.0376714 0.0412746 0.0863199 0.0771752 0.113111 0.0741005 0.0525337 0.0229764 0.00759418 0.00175318 0 0 0
 0 0 0 0 0 0 0 0 0 0 0.00219441 0.00772107 0.0458388 0.0604681 0.0671733 0.0775358 0.0609151 0.0617685 0.073594 0.0568108 0.0755445 0.0548602 0.0670107 0.0636378 0.0643287 0.046367 0.0373049 0.0286899 0.0247887 0.0153202 0.00654259 0.00121912 0.000365735 0 0 0
 0 0 0 0 0 0 0 0 0 0 0 0 0.000112435 0.00938835 0.0111873 0.0202946 0.0414886 0.0713402 0.111592 0.104902 0.108894 0.110636 0.117776 0.105296 0.107544 0.0401394 0.0192827 0.0124803 0.00416011 0.0028671 0.000618394 0 0 0 0 0
 0 0 0 0 0 0 0 0 0 0 0.00291406 0.0102884 0.027416 0.0768956 0.0749926 0.110853 0.0956884 0.0897413 0.0766577 0.0534642 0.0500743 0.0551293 0.0594112 0.0620874 0.0668451 0.0424026 0.0208742 0.0120726 0.0048766 0.00582813 0.00118941 0.000297354 0 0 0 0
 0 0.00264628 0.0354308 0.0461629 0.0458689 0.0383711 0.0214643 0.0164657 0.0346957 0.0420465 0.0363128 0.0245516 0.0311673 0.0291091 0.0169068 0.0133784 0.00837989 0.0085269 0.0148486 0.0160247 0.0276389 0.0546898 0.0760071 0.122758 0.109233 0.0665981 0.0333725 0.0166128 0.00676272 0.00308733 0.000882094 0 0 0 0 0
 0 0 0 0 0 0 0 0.000805153 0.000690131 0.00759144 0.0133425 0.0154129 0.00931677 0.000345066 0.00356568 0.00563607 0.00851162 0.0253048 0.0502646 0.0516448 0.0657925 0.0565908 0.0611916 0.0827007 0.0866115 0.110766 0.145733 0.0935128 0.0569358 0.0249597 0.0138026 0.00621118 0.00161031 0.00115022 0 0
 0 0 0 0 0 0 0 0 0 0 0 0 0 0 0 0 0 0 0 0 0 0 0 0 0 0 0 0 0 0 0 0 0 0 0 0
 0.00147267 0.00158595 0.00478618 0.00569244 0.00954404 0.0108468 0.00647125 0.017049 0.0510054 0.094081 0.124002 0.0959785 0.0687766 0.0820023 0.061753 0.0591476 0.0492212 0.0479892 0.0443925 0.0268479 0.0217502 0.0140895 0.0121071 0.0120363 0.00920419 0.00665534 0.0049561 0.00860946 0.00930331 0.0156896 0.0114698 0.00855282 0.00243557 0.00046729 0 2.83206e-05
 0 0 0 0 0.000772559 0.00158375 0.000888443 0.00281984 0.00712685 0.0440552 0.0773331 0.111326 0.0921469 0.0852325 0.0710754 0.0886704 0.0786465 0.0553345 0.0373146 0.0185414 0.00753245 0.00457741 0.012979 0.0271748 0.0457355 0.0583668 0.034881 0.0177882 0.00938659 0.00492506 0.0015258 0.00185414 0.000309023 5.79419e-05 3.86279e-05 0
 0 0.00173294 0.00326652 0 0.00397197 0.00683976 0.00946217 0.0152591 0.00757587 0.0136028 0.0228656 0.0392903 0.0559909 0.0764795 0.0681675 0.0726916 0.0566044 0.0477403 0.0527397 0.0444891 0.0609904 0.0582453 0.0661739 0.0445044 0.0529084 0.0360697 0.0280645 0.0235558 0.0158879 0.00826598 0.00280645 0.00217768 0.000904811 0.00058276 9.20147e-05 0
 0 0 0 0 0 0 0 0 0 0 0 0 0 0 0 0 0 0 0 0 0 0 0 0 0 0 0 0 0 0 0 0 0 0 0 0
 0 0 0 0 0 0 0 0 0 0 0 0 0 0 0 0 0 0 0 0 0 0 0 0 0 0 0 0 0 0 0 0 0 0 0 0
 0 0 0 0 0 0 0 0 0 0 0 0 0 0 0 0 0 0 0 0 0 0 0 0 0 0 0 0 0 0 0 0 0 0 0 0
 0 0 0 0 0 0 0 0 0 0 0 0 0 0 0 0 0 0 0 0 0 0 0 0 0 0 0 0 0 0 0 0 0 0 0 0
 0 0 0 0 0 0 0 0 0 0 0 0 0 0 0 0 0 0 0 0 0 0 0 0 0 0 0 0 0 0 0 0 0 0 0 0
ppred_pel_tallas
 1.00958e-16 3.52681e-05 0.000207003 0.000984017 0.00378855 0.0118143 0.0298418 0.06106 0.101212 0.13592 0.147896 0.130426 0.0932993 0.0543214 0.0261225 0.0110973 0.00537399 0.00440309 0.0054011 0.00715696 0.00919601 0.0112551 0.013103 0.0145263 0.0153632 0.0155376 0.0150725 0.0140773 0.0127153 0.0111626 0.00957279 0.0080559 0.00667472 0.00545348 0.00439234 0.00348075
 1.00911e-16 3.33618e-05 0.000195806 0.000930773 0.00358353 0.0111749 0.0282269 0.0577561 0.0957377 0.128574 0.139918 0.123426 0.0883703 0.0516095 0.0251134 0.0111741 0.0061546 0.00576759 0.00737613 0.00980203 0.0125313 0.0152227 0.0175527 0.0192238 0.0200213 0.0198614 0.0188094 0.0170576 0.0148734 0.0125352 0.0102764 0.00825347 0.00654032 0.00514365 0.00402855 0.00314341
 1.01386e-16 2.94757e-05 0.000172986 0.000822272 0.00316575 0.00987205 0.0249361 0.0510234 0.0845799 0.113597 0.12364 0.109115 0.0782303 0.0459018 0.0227367 0.0107987 0.00691429 0.00732527 0.00970853 0.0129946 0.016659 0.020292 0.0234767 0.025822 0.0270395 0.0270085 0.0257998 0.023649 0.0208913 0.0178794 0.0149132 0.0121984 0.00983945 0.00785783 0.0062236 0.00488517
 1.01373e-16 3.30046e-05 0.000193711 0.000920816 0.0035452 0.0110554 0.027925 0.0571382 0.0947129 0.127197 0.138416 0.122093 0.0873987 0.0510077 0.0247574 0.0109102 0.00586504 0.00538038 0.00685388 0.00913437 0.0117361 0.0143501 0.0166855 0.0184709 0.0195024 0.0196874 0.0190614 0.0177707 0.0160295 0.0140659 0.0120756 0.0101956 0.00849927 0.00700941 0.005718 0.00460484
 1.01186e-16 3.3466e-05 0.000196419 0.000933692 0.00359477 0.01121 0.0283155 0.0579372 0.0960373 0.128976 0.140351 0.1238 0.0886198 0.0517188 0.0250991 0.0110539 0.00593002 0.00542409 0.00689387 0.00916769 0.0117482 0.0143178 0.0165788 0.0182563 0.0191481 0.0191695 0.0183694 0.0169117 0.015029 0.0129657 0.010928 0.00905638 0.00742049 0.00603312 0.0048725 0.00390351
 1.01483e-16 3.02108e-05 0.000177303 0.000842798 0.00324478 0.0101185 0.0255587 0.0522971 0.0866905 0.11643 0.126717 0.111818 0.0801385 0.0469624 0.0231523 0.0108129 0.00668132 0.00689822 0.00908227 0.0121472 0.0155774 0.0189853 0.0219821 0.0242034 0.0253804 0.0253998 0.0243259 0.0223758 0.0198582 0.0170983 0.0143715 0.0118662 0.00967733 0.00782397 0.00627874 0.00499559
 1.01114e-16 3.53782e-05 0.00020765 0.00098709 0.00380038 0.0118512 0.029935 0.0612506 0.101528 0.136345 0.148357 0.130831 0.0935862 0.0544825 0.0261888 0.0111059 0.00534866 0.00435204 0.00532308 0.00704696 0.00904879 0.0110672 0.0128741 0.0142602 0.0150685 0.0152271 0.0147627 0.0137867 0.0124629 0.0109654 0.00944392 0.00800277 0.00669815 0.00554752 0.00454517 0.00367635
 1.01387e-16 2.87437e-05 0.000168686 0.000801824 0.00308701 0.0096265 0.0243159 0.0497546 0.0824776 0.110777 0.120577 0.106429 0.0763423 0.0448697 0.0223656 0.0108553 0.00725629 0.007911 0.0105516 0.0141189 0.0180697 0.0219591 0.0253302 0.0277562 0.0289271 0.0287216 0.0272322 0.024734 0.0216103 0.0182599 0.0150179 0.0121088 0.00963874 0.00761803 0.00599742 0.00470399
 1.01382e-16 3.39795e-05 0.000199437 0.000948042 0.00365003 0.0113823 0.0287507 0.0588276 0.0975124 0.130954 0.142497 0.125676 0.0899262 0.0524079 0.0252972 0.0109105 0.0055276 0.00477334 0.00596922 0.00794406 0.010227 0.0125421 0.0146387 0.0162827 0.017295 0.0175887 0.0171843 0.0161955 0.0147943 0.0131668 0.0114749 0.0098348 0.00831325 0.00693743 0.00571078 0.00462722
 1.01363e-16 3.10436e-05 0.000182193 0.000866048 0.0033343 0.0103977 0.0262638 0.0537398 0.0890816 0.11964 0.130207 0.114888 0.082319 0.0482001 0.0236874 0.0109362 0.00658529 0.00666239 0.00871748 0.0116375 0.0149033 0.0181346 0.0209548 0.0230141 0.0240569 0.0239803 0.022855 0.0208995 0.0184205 0.0157376 0.0131195 0.0107468 0.00870569 0.00700668 0.00561397 0.00447395
 1.02417e-16 2.47355e-05 0.000145151 0.000689929 0.00265617 0.00828295 0.0209223 0.0428112 0.07097 0.0953278 0.103781 0.0916489 0.0658388 0.0388954 0.0197587 0.0102088 0.0076332 0.00891691 0.012122 0.0163202 0.0209901 0.0256599 0.029823 0.0329952 0.0348125 0.0351101 0.033954 0.0316091 0.0284623 0.024925 0.0213503 0.0179843 0.0149586 0.0123126 0.0100295 0.00807004
 1.03517e-16 2.57997e-05 0.000151405 0.000719676 0.00277073 0.00864021 0.0218246 0.0446569 0.0740273 0.0994271 0.108224 0.0955274 0.0685258 0.0402838 0.020098 0.00979189 0.00660942 0.00728396 0.00980323 0.0132462 0.0171591 0.0211753 0.0249078 0.0279788 0.0300891 0.0310785 0.0309504 0.0298517 0.0280207 0.0257201 0.0231816 0.0205749 0.0180048 0.0155275 0.0131739 0.0109682
 1.02365e-16 3.27241e-05 0.000192066 0.000913002 0.00351512 0.0109616 0.027688 0.0566533 0.0939086 0.126115 0.137234 0.12104 0.0866231 0.0505106 0.0244335 0.0106284 0.00551867 0.00489675 0.00618723 0.00826324 0.0106683 0.0131298 0.0153967 0.0172325 0.0184553 0.0189741 0.0188032 0.0180484 0.0168705 0.0154418 0.0139089 0.0123729 0.0108884 0.00947581 0.0081389 0.00687906
 1.01842e-16 2.95119e-05 0.000173199 0.000823286 0.00316965 0.00988423 0.0249669 0.0510863 0.0846841 0.113737 0.123791 0.109246 0.0783186 0.0459427 0.0227366 0.0107644 0.00684636 0.00721795 0.00955247 0.0127803 0.0163802 0.0199481 0.0230753 0.0253798 0.0265826 0.02657 0.0254174 0.0233607 0.0207308 0.0178722 0.0150731 0.0125256 0.0103198 0.00846449 0.00692011 0.00562975
 1.01836e-16 3.00635e-05 0.00017644 0.000838696 0.00322899 0.0100693 0.0254343 0.0520425 0.0862682 0.115862 0.126096 0.111263 0.0797277 0.0466945 0.0229702 0.0106453 0.00646957 0.00660191 0.00867649 0.0116223 0.0149427 0.0182732 0.0212489 0.0235254 0.0248437 0.0250862 0.0242984 0.0226667 0.0204635 0.0179788 0.0154611 0.0130834 0.0109382 0.00905298 0.00741649 0.00600226
 1.01771e-16 3.08108e-05 0.000180828 0.000859562 0.00330934 0.0103198 0.0260672 0.0533373 0.088414 0.118742 0.129227 0.114016 0.0816792 0.047795 0.0234323 0.0107256 0.00633596 0.00632029 0.00825197 0.0110382 0.014183 0.0173336 0.0201416 0.0222801 0.0235043 0.0237054 0.0229301 0.0213597 0.0192565 0.0168982 0.0145211 0.0122879 0.010283 0.00852833 0.00700882 0.00569565
 1.0223e-16 2.75984e-05 0.000161963 0.000769866 0.00296397 0.0092428 0.0233467 0.0477715 0.0791902 0.106361 0.115772 0.102188 0.0733017 0.043086 0.0214841 0.0104426 0.00700623 0.00766938 0.0102636 0.0137834 0.0177201 0.0216593 0.0251708 0.0278467 0.0293814 0.0296384 0.0286759 0.0267195 0.0240965 0.0211533 0.0181851 0.0153951 0.0128889 0.0106944 0.00879291 0.00714892
 1.02382e-16 2.99313e-05 0.000175665 0.000835019 0.00321484 0.0100252 0.0253228 0.0518143 0.0858894 0.115352 0.125537 0.110761 0.0793477 0.046432 0.0227674 0.0104289 0.0061756 0.00618151 0.00809581 0.0108654 0.0140185 0.0172218 0.0201443 0.0224704 0.023957 0.024484 0.0240746 0.0228762 0.0211135 0.0190288 0.0168319 0.0146713 0.0126314 0.0107463 0.00902234 0.0074565
 1.02362e-16 2.91464e-05 0.000171055 0.000813096 0.00313042 0.0097619 0.0246579 0.0504539 0.0836354 0.112327 0.122253 0.107882 0.0773243 0.0453271 0.0223725 0.0104947 0.00655026 0.00682143 0.00901658 0.0120934 0.015559 0.0190424 0.0221682 0.0245816 0.0260159 0.02635 0.0256305 0.0240479 0.0218795 0.0194186 0.0169136 0.0145344 0.012368 0.010437 0.00872678 0.00721131
 1.01883e-16 3.23152e-05 0.000189664 0.000901574 0.00347111 0.0108243 0.0273414 0.0559442 0.0927339 0.12454 0.135525 0.119546 0.0855828 0.0499619 0.0242763 0.0107442 0.00584302 0.00542349 0.00694042 0.00926814 0.0119306 0.0146227 0.0170551 0.0189563 0.0201206 0.0204512 0.0199771 0.0188363 0.017233 0.0153849 0.0134784 0.0116429 0.0099479 0.00841584 0.00704245 0.00581465
 1.01805e-16 3.00584e-05 0.000176409 0.000838549 0.00322842 0.0100675 0.0254298 0.0520334 0.0862533 0.115843 0.126078 0.111252 0.0797299 0.0467171 0.0230206 0.0107336 0.00660901 0.00680714 0.0089597 0.0119885 0.0153851 0.0187692 0.0217604 0.0240017 0.0252293 0.0253305 0.0243661 0.022545 0.0201652 0.017539 0.0149304 0.0125181 0.0103908 0.00856491 0.00701383 0.00569543
 1.02455e-16 2.71055e-05 0.00015907 0.000756109 0.002911 0.00907763 0.0229295 0.0469178 0.0777752 0.104461 0.113704 0.100366 0.0719997 0.0423313 0.0211279 0.0103039 0.00695984 0.00765634 0.0102671 0.013807 0.0177778 0.0217717 0.0253631 0.0281459 0.0298121 0.0302181 0.0294108 0.0276012 0.0251016 0.0222452 0.0193182 0.0165208 0.0139615 0.011676 0.0096569 0.00788126
 1.02381e-16 3.0969e-05 0.000181759 0.000863995 0.00332642 0.0103731 0.0262017 0.0536122 0.0888689 0.119351 0.129882 0.114578 0.0820467 0.0479394 0.0233721 0.0104793 0.00589445 0.00564971 0.00731154 0.00980137 0.0126562 0.0155695 0.0182443 0.0203975 0.0218102 0.0223719 0.0220984 0.0211158 0.0196182 0.0178159 0.0158908 0.0139722 0.0121341 0.0104087 0.00880503 0.00732622
 1.02072e-16 3.04107e-05 0.000178479 0.000848392 0.00326633 0.0101857 0.0257284 0.0526442 0.0872653 0.1172 0.127551 0.112542 0.0806321 0.0472012 0.0231764 0.010668 0.00638346 0.00643367 0.00842383 0.0112727 0.0144846 0.0177022 0.0205714 0.0227597 0.0240195 0.0242419 0.0234771 0.0219116 0.0198131 0.0174633 0.0150996 0.0128826 0.0108921 0.00914462 0.00761986 0.00628585
 1.04059e-16 1.66483e-05 9.76611e-05 0.00046413 0.00178675 0.00557164 0.0140739 0.0287999 0.0477498 0.0641592 0.0699037 0.0618641 0.0447297 0.027004 0.0147883 0.00938611 0.00914664 0.0120542 0.0168224 0.0227493 0.0292942 0.0358479 0.0417181 0.0462357 0.0488957 0.0494678 0.0480387 0.0449684 0.0407831 0.0360412 0.0312194 0.0266471 0.0224976 0.0188204 0.0155923 0.0127643
 1.06337e-16 2.26334e-05 0.000132821 0.000631334 0.00243061 0.00757956 0.0191454 0.0391748 0.0649393 0.08722 0.0949346 0.0837913 0.060095 0.0353048 0.0175752 0.00850803 0.00569312 0.00628214 0.00854008 0.0117038 0.0154324 0.019466 0.0235184 0.0272871 0.030499 0.0329537 0.0345462 0.0352611 0.0351483 0.0342911 0.0327811 0.0307085 0.0281665 0.0252597 0.022112 0.0188644
 1.05024e-16 2.78298e-05 0.000163329 0.000776376 0.00298906 0.00932107 0.0235443 0.0481752 0.0798573 0.107251 0.116722 0.102987 0.0737849 0.0431905 0.0212043 0.00975993 0.00584964 0.00592402 0.00780703 0.0105312 0.0136707 0.016929 0.0200106 0.0226304 0.0245649 0.0256956 0.0260256 0.0256609 0.0247669 0.0235167 0.0220497 0.0204527 0.0187644 0.016995 0.0151504 0.0132503
pSPR Fmed_Fpbrs
0.451153   0.6 0.325
Fs Fmed_Fpbrs
0.64   0.353442 1.10046
SSBpbr Bo_Bmed_Bpbrs
1.32478e+06  531440  728630 364315
Ro
41772.8
SPR SPRFo_SPRFmed_SPRFpbrs
862784 389248 280405
log_Ro
10.46
likeval ReclasPelacesDesembMPH_pf_preclas_ppelaces_ptallas_desvR_qrecl_qpela
 0.000913525 17.7691 0.0133352 18.2477 325.951 212.408 55.0848 0 15.1705 2.46648e-05 1.70749e-05 5.60842e-16 0 0 0
q_reclas_q_pelaces
0.494724 1.80018
M
0.7
N
 36454 10239 3780.83 442.747 0.27434
 39473.5 16035.2 2421.22 894.057 104.762
 17978.3 17546.2 4042.64 610.413 251.812
 24012.6 7130.26 2201.84 507.303 108.199
 46204.5 11237.4 2462.85 760.533 212.599
 43604.4 22705.1 5233.42 1146.99 453.202
 93776.8 19607.9 6144.1 1416.19 433.019
 73260.1 44083.4 6961.77 2181.45 656.558
 118447 33502.7 13223.2 2088.24 851.287
 129182 53663.6 9491.2 3746.09 832.759
 68380.2 60388.8 18412.9 3256.6 1571.09
 48614.9 30402.8 15247.6 4649.1 1218.95
 57226.4 21834.3 8165.66 4095.25 1576.05
 27402.8 24523.4 4400.41 1645.68 1142.98
 16138.6 11054.6 3415.09 612.795 388.344
 16130.8 6712.5 1855.95 573.358 168.081
 13341.5 7417.1 2081.71 575.574 229.938
 17065.6 6196.58 2446.28 686.583 265.671
 19799.9 8074.52 2289.13 903.7 351.779
 33842.1 9456.09 3158.16 895.337 491.051
 44412.3 16158.9 3693.54 1233.57 541.522
 46579.1 21668 7201.55 1646.11 791.11
 77833.4 22609.3 9359.54 3110.73 1052.76
 106387 37514.1 9353 3871.85 1722.35
 40302.5 51289.8 15544.2 3875.48 2317.99
 48101.7 19504.1 21752.3 6592.39 2626.69
 64220.5 23207.4 8118.37 9054.15 3837.34
pred_Ctot
 3014.86 4022.54 1485.36 173.94 0.107779
 2996.36 5900.1 890.878 328.964 38.5466
 2637.1 10169.3 2343 353.779 145.943
 998.24 1593.94 492.211 113.405 24.1874
 346.951 504.257 110.516 34.1275 9.54
 2979.16 7691.93 1772.96 388.571 153.534
 3609.93 4097.34 1283.89 295.932 90.485
 4186.76 12919.9 2040.34 639.335 192.423
 7506 10685.1 4217.31 666.009 271.503
 5466.11 12182.6 2154.67 850.431 189.052
 5179.57 22183.2 6763.81 1196.28 577.123
 3360.75 10396.3 5213.95 1589.76 416.82
 5688.08 9815.04 3670.66 1840.91 708.475
 3742.21 13613.3 2442.73 913.543 634.483
 1904.49 5590.21 1726.99 309.886 196.383
 862.963 1862.08 514.849 159.053 46.6264
 623.134 1833.86 514.697 142.309 56.8515
 580.901 1160.78 458.25 128.614 49.7669
 546.112 1250.27 354.452 139.93 54.4701
 938.599 1471.63 491.495 139.339 76.4209
 560.293 1198.92 274.045 91.5259 40.1786
 755.78 2044.56 679.527 155.324 74.648
 1649.26 2743.35 1135.66 377.446 127.739
 2234.36 4514.24 1125.49 465.917 207.258
 738.933 5432.87 1646.52 410.51 245.533
 985.281 2292.72 2556.99 774.938 308.768
 2051.02 4105.35 1436.12 1601.66 678.817
F
 0.121261 0.741929 0.741929 0.741929 0.741929
 0.110795 0.677892 0.677892 0.677892 0.677892
 0.224819 1.37554 1.37554 1.37554 1.37554
 0.0593333 0.363028 0.363028 0.363028 0.363028
 0.0104898 0.0641815 0.0641815 0.0641815 0.0641815
 0.0992236 0.607096 0.607096 0.607096 0.607096
 0.0548342 0.335501 0.335501 0.335501 0.335501
 0.0823916 0.50411 0.50411 0.50411 0.50411
 0.0917322 0.56126 0.56126 0.56126 0.56126
 0.0604206 0.369681 0.369681 0.369681 0.369681
 0.110547 0.676379 0.676379 0.676379 0.676379
 0.10045 0.614598 0.614598 0.614598 0.614598
 0.147387 0.901783 0.901783 0.901783 0.901783
 0.207801 1.27142 1.27142 1.27142 1.27142
 0.177242 1.08445 1.08445 1.08445 1.08445
 0.0769445 0.470782 0.470782 0.470782 0.470782
 0.0668825 0.409218 0.409218 0.409218 0.409218
 0.0483499 0.295827 0.295827 0.295827 0.295827
 0.0390172 0.238725 0.238725 0.238725 0.238725
 0.0392376 0.240074 0.240074 0.240074 0.240074
 0.0176797 0.108172 0.108172 0.108172 0.108172
 0.02279 0.13944 0.13944 0.13944 0.13944
 0.0298546 0.182664 0.182664 0.182664 0.182664
 0.0295873 0.181029 0.181029 0.181029 0.181029
 0.0257861 0.157771 0.157771 0.157771 0.157771
 0.0288467 0.176497 0.176497 0.176497 0.176497
 0.0453034 0.277187 0.277187 0.277187 0.277187
Np
 34112.5 15989 10628.9 3046.04 1437.16
YTP_r0W_actual
 21328.4 109533 55701 79333.5 37312.5
YTP_p0W_proyectada
 11329.2 143850 59928.6 26772.6 45605.8
 11329.2 75463.8 72926.1 26689.8 13974.3
CTP_r0_actual
 2601.02 5070.97 1773.92 1978.39 838.483
CTP_p0_proyectada
 1381.6 6659.74 1908.55 667.647 1024.85
 1381.6 3493.69 2322.49 665.58 314.029
Wmedp
 8.2 21.6 31.4 40.1 44.5
nmprior
 10.8 10.6 4.6 0
nm_flota  nm_reclas  nm_pelaces    nm_pelaL
inf 14.8948 17.4001 54.5473
cv_recla  cv_pelaces  cv_mph
0.872508 0.461767 0.570834
 ------------------------------------------------
Talla a la edad & desviaci?n 
 7.2 14.2025 17.0495 18.207 18.6776
 1.08 2.13037 2.55742 2.73105 2.80164
