years
 1997 1998 1999 2000 2001 2002 2003 2004 2005 2006 2007 2008 2009 2010 2011 2012 2013 2014 2015 2016 2017 2018 2019 2020 2021 2022 2023
reclasobs
 0 0 0 370054 412103 1.49427e+06 250295 1.28982e+06 931140 785840 897777 1.04006e+06 184774 17550 25797 100020 73551 82996 120727 218422 84188 347160 605670 569463 516374 1.08416e+06 1.01767e+06
reclaspred
 360447 89501.2 207468 131814 213700 257397 745618 520863 656151 663555 548507 387675 275146 146587 108408 100464 112002 154672 167345 243913 360056 311795 507851 663682 769343 688780 589893
pelacesobs
 0 0 0 0 0 0 0 0 0 2.06254e+06 1.5e+06 0 1.87456e+06 323000 250000 174000 83755 137374 0 501740 490994 745055 786931 1.00524e+06 1.33801e+06 1.41789e+06 0
pelacespred
 1.10229e+06 213341 319843 308177 440183 404959 1.5735e+06 1.20942e+06 1.41316e+06 1.42689e+06 1.05531e+06 780239 555760 251901 186744 185822 215662 296124 327243 465450 768925 659296 872804 1.26874e+06 1.46198e+06 1.44711e+06 1.18076e+06
mphobs
 0 0 0 0 0 0 112323 0 153150 637223 0 255016 313432 73983 77613 109348 50772 17779 17303 59886 28197 0 207744 136588 643089 65757 70829
mphpred
 137871 77300.8 79919 72335.8 78578.7 133016 225564 326895 291112 334741 341945 248183 160612 94762.6 52279.5 44129.6 44385.7 58407.4 33737.2 38170.4 60757.8 74552.7 84842.4 119769 157009 154400 128839
desembarqueobs
 350755 77701 442110 56441 14545 235359 269955 359681 431902 328805 639364 411747 362871 311530 167758 66681 60226 58785 57116 73181 50977 67692 138656 160484 209506 203330 245020
desembarquepred
 350773 77709 442225 56448 14545.4 235427 269981 359721 431900 328815 639518 411863 363003 311910 167901 66712.1 60254.2 58789.4 57112.4 73182.1 50977.9 67690.3 138662 160489 209515 203340 245022
Reclutas
 38780.8 42358.6 21124.7 28675.8 53033.5 49629.3 103901 80190.5 126816 134013 70581.2 48613.7 57129.2 28434.7 17737.3 18583 15753.3 20202.9 23307.8 40230.7 52692 54921.2 91897.3 126361 48383.8 57924.9 77454.9
log_desv_Rt
 -0.194321 -0.106074 -0.801803 -0.496192 0.118679 0.0523368 0.791193 0.53216 0.990495 1.04569 0.404519 0.0316616 0.193071 -0.504635 -0.976573 -0.929997 -1.0952 -0.846419 -0.703455 -0.157613 0.112219 0.153654 0.668427 0.986898 0.0269201 0.206903 0.497451
SSB
 468765 262825 271726 245943 267169 452256 746023 1.09933e+06 967927 1.11568e+06 1.16262e+06 843826 561937 360667 204249 174577 182091 230922 293736 347184 527413 632190 737835 998732 1.42223e+06 1.43563e+06 1.13297e+06
BT
 1.63023e+06 389836 630937 433951 545559 675128 2.0939e+06 1.86145e+06 2.10633e+06 2.04304e+06 1.84931e+06 1.32106e+06 1.02489e+06 598838 367524 280999 312404 406149 445614 623462 973439 863068 1.15598e+06 1.66979e+06 1.9344e+06 1.93379e+06 1.64727e+06
Ftot
 0.696355 0.614462 1.15564 0.277544 0.0507322 0.487458 0.269651 0.419654 0.466453 0.319012 0.597322 0.535433 0.778922 1.09218 0.88041 0.370397 0.319778 0.229117 0.187353 0.189908 0.0869677 0.113295 0.148291 0.14686 0.128022 0.140687 0.215965
BD_Bspro_t
 0.918535 0.653387 0.556274 0.357974 0.502011 0.686916 0.663776 0.715702 0.655703 0.643733 0.628055 0.478782 0.385008 0.318903 0.228538 0.237913 0.317682 0.463397 0.585541 0.678621 0.778632 0.846083 0.842393 0.841332 0.849395 0.809734 0.7687
BD_Bspro
 0.481879 0.270177 0.279328 0.252823 0.274643 0.464907 0.766893 1.13008 0.995004 1.14689 1.19514 0.867432 0.577657 0.370756 0.209963 0.179461 0.187185 0.237382 0.301953 0.356896 0.542167 0.649876 0.758476 1.02667 1.46201 1.47579 1.16467
BD_Bo
 0.294387 0.165055 0.170645 0.154454 0.167784 0.284019 0.468506 0.690384 0.607863 0.700652 0.730131 0.529927 0.352899 0.2265 0.12827 0.109635 0.114354 0.14502 0.184467 0.218033 0.331218 0.397019 0.463364 0.627208 0.893165 0.901582 0.711514
BD_Brms
 0.535249 0.3001 0.310264 0.280825 0.305061 0.516398 0.85183 1.25524 1.10521 1.27391 1.32751 0.963504 0.641635 0.411819 0.233218 0.199337 0.207916 0.263674 0.335395 0.396424 0.602215 0.721852 0.842481 1.14038 1.62394 1.63924 1.29366
S_f
 0.172224 1 1 1 1
 0.172224 1 1 1 1
 0.172224 1 1 1 1
 0.172224 1 1 1 1
 0.172224 1 1 1 1
 0.172224 1 1 1 1
 0.172224 1 1 1 1
 0.172224 1 1 1 1
 0.172224 1 1 1 1
 0.172224 1 1 1 1
 0.172224 1 1 1 1
 0.172224 1 1 1 1
 0.172224 1 1 1 1
 0.172224 1 1 1 1
 0.172224 1 1 1 1
 0.172224 1 1 1 1
 0.172224 1 1 1 1
 0.172224 1 1 1 1
 0.172224 1 1 1 1
 0.172224 1 1 1 1
 0.172224 1 1 1 1
 0.172224 1 1 1 1
 0.172224 1 1 1 1
 0.172224 1 1 1 1
 0.172224 1 1 1 1
 0.172224 1 1 1 1
 0.172224 1 1 1 1
Scru_reclas
 0.995477 1 1 1 1
 0.995477 1 1 1 1
 0.995477 1 1 1 1
 0.995477 1 1 1 1
 0.995477 1 1 1 1
 0.995477 1 1 1 1
 0.995477 1 1 1 1
 0.995477 1 1 1 1
 0.995477 1 1 1 1
 0.995477 1 1 1 1
 0.995477 1 1 1 1
 0.995477 1 1 1 1
 0.995477 1 1 1 1
 0.995477 1 1 1 1
 0.995477 1 1 1 1
 0.995477 1 1 1 1
 0.995477 1 1 1 1
 0.995477 1 1 1 1
 0.995477 1 1 1 1
 0.995477 1 1 1 1
 0.995477 1 1 1 1
 0.995477 1 1 1 1
 0.995477 1 1 1 1
 0.995477 1 1 1 1
 0.995477 1 1 1 1
 0.995477 1 1 1 1
 0.995477 1 1 1 1
Scru_pelaces
 1 1 1 1 1
 1 1 1 1 1
 1 1 1 1 1
 1 1 1 1 1
 1 1 1 1 1
 1 1 1 1 1
 1 1 1 1 1
 1 1 1 1 1
 1 1 1 1 1
 1 1 1 1 1
 1 1 1 1 1
 1 1 1 1 1
 1 1 1 1 1
 1 1 1 1 1
 1 1 1 1 1
 1 1 1 1 1
 1 1 1 1 1
 1 1 1 1 1
 1 1 1 1 1
 1 1 1 1 1
 1 1 1 1 1
 1 1 1 1 1
 1 1 1 1 1
 1 1 1 1 1
 1 1 1 1 1
 1 1 1 1 1
 1 1 1 1 1
pf_obs 
 0.256992 0.487395 0.22802 0.0275931 0
 0.321318 0.546541 0.124235 0.00734118 0.000564706
 0.182869 0.594174 0.210203 0.0122559 0.00049798
 0.330522 0.361315 0.267642 0.0388342 0.00168674
 0.649043 0.306663 0.0425973 0.00169635 0
 0.582887 0.30429 0.105238 0.00758474 0
 0.465427 0.430635 0.0974691 0.00646863 0
 0.296916 0.608066 0.0921331 0.00288517 0
 0.311714 0.524322 0.152257 0.0117073 0
 0.15457 0.633149 0.183074 0.0267441 0.00246327
 0.131901 0.49318 0.331252 0.0422183 0.00144891
 0.196976 0.569456 0.194076 0.0375587 0.00193317
 0.518974 0.381816 0.0799577 0.0180837 0.00116848
 0.0928022 0.601141 0.25162 0.0475244 0.00691264
 0.122501 0.610282 0.24278 0.0234846 0.000952079
 0.383417 0.481906 0.127806 0.00687128 0
 0.0376549 0.599619 0.316969 0.0457579 0
 0.0361596 0.667082 0.258105 0.0386534 0
 0.158088 0.579412 0.248529 0.0139706 0
 0.0477256 0.309471 0.559284 0.082774 0.000745712
 0.0406174 0.521527 0.379366 0.0568643 0.0016247
 0.151134 0.462217 0.34131 0.0453401 0
 0.294876 0.26143 0.354403 0.0886775 0.000613685
 0.281977 0.475581 0.204845 0.0348837 0.00271318
 0.0841818 0.532909 0.334909 0.0458182 0.00218182
 0.115287 0.27431 0.454777 0.147771 0.00785563
 0 0 0 0 0
pf_pred 
 0.360834 0.452977 0.16671 0.0194664 1.31963e-05
 0.30217 0.573369 0.0882059 0.0324625 0.00379316
 0.177222 0.63529 0.154049 0.0236985 0.00974093
 0.304839 0.480846 0.165478 0.0401262 0.00871022
 0.337643 0.492658 0.117382 0.0403958 0.0119217
 0.225729 0.582161 0.142891 0.0340455 0.0151742
 0.371974 0.428007 0.150391 0.0369133 0.012715
 0.205418 0.632629 0.110373 0.0387823 0.012798
 0.309774 0.44673 0.193866 0.0338233 0.0158065
 0.253844 0.570994 0.113369 0.0491985 0.0125948
 0.141645 0.59809 0.199167 0.039544 0.021554
 0.15169 0.476262 0.259238 0.0863275 0.0264825
 0.24979 0.430211 0.179655 0.0977898 0.0425542
 0.172173 0.61201 0.123761 0.0516824 0.0403735
 0.191399 0.547148 0.193291 0.0390874 0.029074
 0.246748 0.512307 0.163038 0.0575964 0.0203106
 0.195843 0.558161 0.167308 0.0532446 0.0254427
 0.240838 0.472218 0.199167 0.0597001 0.0280777
 0.230346 0.51746 0.156871 0.0661633 0.0291598
 0.302359 0.456862 0.161883 0.0490757 0.029821
 0.262127 0.541163 0.128819 0.0456453 0.0222461
 0.206879 0.541166 0.184786 0.0439867 0.0231822
 0.277365 0.444346 0.189883 0.0648372 0.0235681
 0.266637 0.516947 0.133074 0.0568666 0.0264758
 0.0899994 0.630958 0.196697 0.0506342 0.0317115
 0.144657 0.323949 0.368447 0.114861 0.0480857
 0.208067 0.405383 0.1464 0.16651 0.0736393
pobs_RECLAS
 0 0 0 0 0
 0 0 0 0 0
 0 0 0 0 0
 0 0 0 0 0
 0.835266 0.146461 0.0176864 0.000547809 3.91292e-05
 0.385257 0.428462 0.181853 0.0044286 0
 0.867414 0.0963971 0.0333333 0.00285562 0
 0.441836 0.489002 0.0689373 0.000224442 0
 0.779404 0.147425 0.0564933 0.0165055 0.000172143
 0.814271 0.122319 0.05973 0.00367925 0
 0.40263 0.566651 0.0304383 0.000280538 0
 0.475488 0.404961 0.113038 0.00651328 0
 0.955842 0.0263864 0.0167828 0.000988607 0
 0.975058 0.0227948 0.00214734 0 0
 0.738997 0.206755 0.0527124 0.00153531 0
 0.850938 0.134255 0.0134407 0.00136685 0
 0.542534 0.407297 0.0501686 0 0
 0.764087 0.199537 0.0359546 0.000420521 0
 0.470689 0.182191 0.310203 0.0369168 0
 0.84361 0.089868 0.0606195 0.00523954 0.000663233
 0.607945 0.314616 0.071237 0.00620181 0
 0.523733 0.453247 0.0230204 0 0
 0.530135 0.295979 0.169645 0.0042399 0
 0.562478 0.366248 0.0663022 0.0049721 0
 0.250443 0.683176 0.0655157 0.000865301 0
 0.195077 0.31981 0.436473 0.0351445 0.0134964
 0.565238 0.351407 0.0832357 0.000118908 0
ppred_RECLAS
 0.774655 0.159702 0.0587753 0.00686309 4.65249e-06
 0.723425 0.227247 0.0349592 0.0128661 0.00150337
 0.580606 0.323826 0.0785232 0.0120798 0.00496524
 0.720387 0.19341 0.0665601 0.0161399 0.00350349
 0.747089 0.188114 0.0448205 0.0154246 0.00455213
 0.635165 0.274313 0.0673299 0.0160422 0.00715006
 0.776683 0.152193 0.0534769 0.0131259 0.00452129
 0.605547 0.314055 0.0547923 0.0192526 0.00635329
 0.727915 0.1761 0.0764214 0.013333 0.00623088
 0.667184 0.254687 0.0505674 0.0219446 0.00561782
 0.498796 0.349232 0.116296 0.0230902 0.0125856
 0.517446 0.270918 0.147465 0.0491066 0.0150644
 0.671593 0.188326 0.0786448 0.0428079 0.0186282
 0.57001 0.31789 0.0642839 0.0268449 0.0209708
 0.595183 0.273924 0.0967692 0.0195687 0.0145556
 0.659597 0.231518 0.0736787 0.0260285 0.00917859
 0.589347 0.285032 0.0854383 0.0271901 0.0129927
 0.650075 0.217662 0.091803 0.0275179 0.012942
 0.636088 0.244668 0.0741727 0.0312837 0.0137875
 0.716842 0.185431 0.0657047 0.0199188 0.0121037
 0.673476 0.239476 0.0570051 0.020199 0.00984437
 0.602651 0.271121 0.0925767 0.0220371 0.0116142
 0.691006 0.19 0.0811928 0.027724 0.0100776
 0.679301 0.226061 0.0581931 0.0248678 0.0115779
 0.365299 0.440076 0.137191 0.035316 0.0221179
 0.496203 0.190806 0.217016 0.067653 0.0283225
 0.60587 0.201751 0.0728606 0.0828689 0.0366489
pobs_PELACES
 0 0 0 0 0
 0 0 0 0 0
 0 0 0 0 0
 0 0 0 0 0
 0 0 0 0 0
 0 0 0 0 0
 0 0 0 0 0
 0 0 0 0 0
 0 0 0 0 0
 0 0 0 0 0
 0.450072 0.473896 0.0757376 0.000293798 0
 0 0 0 0 0
 0.463077 0.371075 0.160297 0.00555027 0
 0.529543 0.364841 0.0842815 0.0213345 0
 0.631943 0.363953 0.00410389 0 0
 0.735681 0.248677 0.0153453 0.000297389 0
 0.695825 0.281241 0.0229344 0 0
 0.275771 0.60734 0.115278 0.00161068 0
 0 0 0 0 0
 0.896147 0.0623911 0.0374545 0.00400742 0
 0.803859 0.145111 0.0509908 3.86294e-05 0
 0.739449 0.233085 0.0266225 0.000797448 4.60066e-05
 0.878498 0.100942 0.0204185 0.000141795 0
 0.694673 0.275183 0.0284847 0.00165964 0
 0.469039 0.446079 0.0841089 0.000773354 0
 0.822795 0.102175 0.0682046 0.00682512 0
 0 0 0 0 0
ppred_PELACES
 0.80683 0.1369 0.0503834 0.00588318 3.98821e-06
 0.756557 0.200023 0.0307712 0.0113248 0.00132327
 0.65599 0.265619 0.0644089 0.00990854 0.00407276
 0.736282 0.182415 0.0627765 0.0152224 0.00330434
 0.750548 0.185541 0.0442075 0.0152136 0.00448987
 0.666441 0.250797 0.061558 0.0146669 0.00653712
 0.789951 0.143151 0.0502996 0.012346 0.00425266
 0.633625 0.2917 0.050892 0.0178822 0.00590104
 0.75325 0.159702 0.0693054 0.0120915 0.00565069
 0.687219 0.239354 0.0475232 0.0206235 0.00527962
 0.540632 0.320081 0.106588 0.0211629 0.0115351
 0.554929 0.249873 0.136011 0.0452922 0.0138942
 0.717624 0.161929 0.0676215 0.0368077 0.0160172
 0.642165 0.264546 0.0534967 0.0223402 0.0174518
 0.652595 0.235075 0.0830452 0.0167934 0.0124913
 0.682917 0.215657 0.0686311 0.0242453 0.00854978
 0.611388 0.269734 0.0808524 0.0257307 0.0122953
 0.665186 0.208263 0.0878388 0.0263296 0.0123832
 0.648884 0.236065 0.0715646 0.0301837 0.0133027
 0.728151 0.178025 0.0630806 0.0191233 0.0116203
 0.679666 0.234935 0.0559244 0.019816 0.00965774
 0.611115 0.265346 0.0906045 0.0215676 0.0113668
 0.70054 0.184138 0.0786877 0.0268686 0.00976663
 0.688949 0.219259 0.0564424 0.0241196 0.0112295
 0.374506 0.433693 0.1352 0.0348037 0.0217971
 0.506943 0.186738 0.212389 0.0662107 0.0277187
 0.620934 0.194041 0.0700759 0.0797017 0.0352482
pobs_pel_tallas
 0 0 0 0 0 0 0 0 0 0 0 0 0 0 0 0 0 0 0 0 0 0 0 0 0 0 0 0 0 0 0 0 0 0 0 0
 0 0 0 0 0 0 0 0 0 0 0 0 0 0 0 0 0 0 0 0 0 0 0 0 0 0 0 0 0 0 0 0 0 0 0 0
 0 0 0 0 0 0 0 0 0 0 0 0 0 0 0 0 0 0 0 0 0 0 0 0 0 0 0 0 0 0 0 0 0 0 0 0
 0 0 0 0 0 0 0 0 0 0 0 0 0 0 0 0 0 0 0 0 0 0 0 0 0 0 0 0 0 0 0 0 0 0 0 0
 0 0 0 0 0 0 0 0 0 0 0 0 0 0 0 0 0 0 0 0 0 0 0 0 0 0 0 0 0 0 0 0 0 0 0 0
 0 0 0 0 0 0 0 0 0 0 0 0 0 0 0 0 0 0 0 0 0 0 0 0 0 0 0 0 0 0 0 0 0 0 0 0
 0 0 0 0 0 0 0 0 0 0 0 0 0 0 0 0 0 0 0 0 0 0 0 0 0 0 0 0 0 0 0 0 0 0 0 0
 0 0 0 0 0 0 0 0 0 0 0 0 0 0 0 0 0 0 0 0 0 0 0 0 0 0 0 0 0 0 0 0 0 0 0 0
 0 0 0 0 0 0 0 0 0 0 0 0 0 0 0 0 0 0 0 0 0 0 0 0 0 0 0 0 0 0 0 0 0 0 0 0
 0 0 0 0 0 0 0 0 0 0 0 0 0 0 0 0 0 0 0 0 0 0 0 0 0 0 0 0 0 0 0 0 0 0 0 0
 0 0 0 0 0 0 0 0 1.78061e-05 0.00172719 0.00360574 0.0105946 0.0120993 0.0124554 0.0147524 0.0171206 0.0266825 0.0428682 0.0675386 0.121331 0.153587 0.119568 0.100827 0.0573624 0.0630603 0.0341343 0.0324427 0.0444173 0.0211091 0.0280891 0.0125444 0.00206551 0 0 0 0
 0 0 0 0 0 0 0 0 0 0 0 0 0 0 0 0 0 0 0 0 0 0 0 0 0 0 0 0 0 0 0 0 0 0 0 0
 0 0 0 0 0 0 0.0133647 0.0140871 0.0187388 0.0205184 0.03894 0.0496705 0.03968 0.0493445 0.0407372 0.0367815 0.0215668 0.0243155 0.0234873 0.0199281 0.019796 0.0243948 0.0301388 0.0376714 0.0412746 0.0863199 0.0771752 0.113111 0.0741005 0.0525337 0.0229764 0.00759418 0.00175318 0 0 0
 0 0 0 0 0 0 0 0 0 0 0.00219441 0.00772107 0.0458388 0.0604681 0.0671733 0.0775358 0.0609151 0.0617685 0.073594 0.0568108 0.0755445 0.0548602 0.0670107 0.0636378 0.0643287 0.046367 0.0373049 0.0286899 0.0247887 0.0153202 0.00654259 0.00121912 0.000365735 0 0 0
 0 0 0 0 0 0 0 0 0 0 0 0 0.000112435 0.00938835 0.0111873 0.0202946 0.0414886 0.0713402 0.111592 0.104902 0.108894 0.110636 0.117776 0.105296 0.107544 0.0401394 0.0192827 0.0124803 0.00416011 0.0028671 0.000618394 0 0 0 0 0
 0 0 0 0 0 0 0 0 0 0 0.00291406 0.0102884 0.027416 0.0768956 0.0749926 0.110853 0.0956884 0.0897413 0.0766577 0.0534642 0.0500743 0.0551293 0.0594112 0.0620874 0.0668451 0.0424026 0.0208742 0.0120726 0.0048766 0.00582813 0.00118941 0.000297354 0 0 0 0
 0 0.00264628 0.0354308 0.0461629 0.0458689 0.0383711 0.0214643 0.0164657 0.0346957 0.0420465 0.0363128 0.0245516 0.0311673 0.0291091 0.0169068 0.0133784 0.00837989 0.0085269 0.0148486 0.0160247 0.0276389 0.0546898 0.0760071 0.122758 0.109233 0.0665981 0.0333725 0.0166128 0.00676272 0.00308733 0.000882094 0 0 0 0 0
 0 0 0 0 0 0 0 0.000805153 0.000690131 0.00759144 0.0133425 0.0154129 0.00931677 0.000345066 0.00356568 0.00563607 0.00851162 0.0253048 0.0502646 0.0516448 0.0657925 0.0565908 0.0611916 0.0827007 0.0866115 0.110766 0.145733 0.0935128 0.0569358 0.0249597 0.0138026 0.00621118 0.00161031 0.00115022 0 0
 0 0 0 0 0 0 0 0 0 0 0 0 0 0 0 0 0 0 0 0 0 0 0 0 0 0 0 0 0 0 0 0 0 0 0 0
 0.00147267 0.00158595 0.00478618 0.00569244 0.00954404 0.0108468 0.00647125 0.017049 0.0510054 0.094081 0.124002 0.0959785 0.0687766 0.0820023 0.061753 0.0591476 0.0492212 0.0479892 0.0443925 0.0268479 0.0217502 0.0140895 0.0121071 0.0120363 0.00920419 0.00665534 0.0049561 0.00860946 0.00930331 0.0156896 0.0114698 0.00855282 0.00243557 0.00046729 0 2.83206e-05
 0 0 0 0 0.000772559 0.00158375 0.000888443 0.00281984 0.00712685 0.0440552 0.0773331 0.111326 0.0921469 0.0852325 0.0710754 0.0886704 0.0786465 0.0553345 0.0373146 0.0185414 0.00753245 0.00457741 0.012979 0.0271748 0.0457355 0.0583668 0.034881 0.0177882 0.00938659 0.00492506 0.0015258 0.00185414 0.000309023 5.79419e-05 3.86279e-05 0
 0 0.00173294 0.00326652 0 0.00397197 0.00683976 0.00946217 0.0152591 0.00757587 0.0136028 0.0228656 0.0392903 0.0559909 0.0764795 0.0681675 0.0726916 0.0566044 0.0477403 0.0527397 0.0444891 0.0609904 0.0582453 0.0661739 0.0445044 0.0529084 0.0360697 0.0280645 0.0235558 0.0158879 0.00826598 0.00280645 0.00217768 0.000904811 0.00058276 9.20147e-05 0
 0 0 0 0 0 0 0 0 0 0 0 0 0 0 0 0 0 0 0 0 0 0 0 0 0 0 0 0 0 0 0 0 0 0 0 0
 0 0 0 0 0 0 0 0 0 0 0 0 0 0 0 0 0 0 0 0 0 0 0 0 0 0 0 0 0 0 0 0 0 0 0 0
 0 0 0 0 0 0 0 0 0 0 0 0 0 0 0 0 0 0 0 0 0 0 0 0 0 0 0 0 0 0 0 0 0 0 0 0
 0 0 0 0 0 0 0 0 0 0 0 0 0 0 0 0 0 0 0 0 0 0 0 0 0 0 0 0 0 0 0 0 0 0 0 0
 0 0 0 0 0 0 0 0 0 0 0 0 0 0 0 0 0 0 0 0 0 0 0 0 0 0 0 0 0 0 0 0 0 0 0 0
ppred_pel_tallas
 1.00963e-16 3.51999e-05 0.000206603 0.000982111 0.00378121 0.0117914 0.029784 0.0609417 0.101016 0.135657 0.14761 0.130175 0.0931215 0.0542218 0.0260819 0.0110926 0.00539027 0.00443478 0.00544807 0.00722086 0.00927805 0.0113549 0.0132184 0.014653 0.0154957 0.0156696 0.0151982 0.0141919 0.0128158 0.0112478 0.00964303 0.00811246 0.00671947 0.00548842 0.00441931 0.00350133
 1.00954e-16 3.30102e-05 0.000193742 0.000920958 0.00354573 0.011057 0.0279292 0.0571471 0.0947284 0.12722 0.138446 0.122132 0.087454 0.051095 0.0249017 0.0111455 0.00623171 0.00592077 0.00760399 0.0101125 0.0129308 0.0157103 0.0181181 0.0198477 0.0206774 0.0205203 0.0194433 0.0176441 0.0153978 0.0129907 0.0106633 0.00857679 0.00680734 0.00536224 0.00420601 0.00328604
 1.01532e-16 2.86278e-05 0.000168007 0.000798597 0.00307459 0.00958777 0.0242181 0.0495543 0.0821453 0.110329 0.120088 0.105992 0.0760159 0.0446529 0.0222119 0.0107063 0.00706346 0.00764046 0.0101828 0.0136453 0.0175025 0.0213314 0.0246967 0.0271885 0.0285037 0.0285137 0.0272899 0.0250758 0.0222187 0.0190851 0.0159872 0.0131395 0.010652 0.00854911 0.00680225 0.00536063
 1.01629e-16 3.21255e-05 0.000188549 0.000896274 0.0034507 0.0107607 0.0271806 0.0556153 0.092189 0.123809 0.134732 0.118851 0.0850954 0.0496984 0.0241874 0.0107714 0.00595217 0.00560728 0.00720643 0.00962678 0.0123869 0.015171 0.0176772 0.0196211 0.0207874 0.021075 0.0205148 0.0192525 0.0175044 0.0155022 0.0134457 0.0114757 0.00966993 0.00805575 0.00663053 0.00538012
 1.01421e-16 3.27476e-05 0.000192202 0.000913638 0.00351755 0.0109692 0.0277072 0.0566928 0.0939749 0.126207 0.137341 0.121151 0.0867387 0.0506508 0.0246367 0.0109459 0.00600954 0.00562149 0.00719809 0.00959025 0.0123033 0.015013 0.0174116 0.0192134 0.0202068 0.0203009 0.0195425 0.0180971 0.016201 0.0141028 0.0120131 0.010075 0.00836038 0.00688417 0.00562705 0.00455712
 1.01766e-16 2.90829e-05 0.00017068 0.000811308 0.00312353 0.00974041 0.0246036 0.050343 0.0834521 0.112083 0.121992 0.107662 0.0771901 0.0452955 0.0224441 0.0106732 0.00685315 0.00727779 0.00965717 0.0129384 0.0166064 0.0202585 0.0234845 0.0258981 0.0272131 0.0273063 0.026242 0.0242452 0.0216378 0.0187592 0.0158973 0.0132491 0.0109148 0.00891614 0.00722739 0.00580435
 1.01384e-16 3.44641e-05 0.000202283 0.000961572 0.00370213 0.0115448 0.0291611 0.0596672 0.0989038 0.132822 0.144527 0.127461 0.0911925 0.0531232 0.0255997 0.0109674 0.0054483 0.00460121 0.00570787 0.00758242 0.00975357 0.011952 0.0139371 0.0154853 0.0164272 0.0166828 0.0162749 0.015316 0.0139737 0.0124276 0.0108323 0.00929689 0.00788137 0.00660718 0.00547304 0.00446927
 1.01708e-16 2.76536e-05 0.000162285 0.00077139 0.00296983 0.00926107 0.0233929 0.0478661 0.0793478 0.106575 0.11601 0.102412 0.0734904 0.0432541 0.0216729 0.0107065 0.00740071 0.00824567 0.0110622 0.0148242 0.0189905 0.0231042 0.0266899 0.029302 0.0306151 0.0304987 0.0290439 0.0265312 0.0233533 0.0199196 0.0165741 0.0135476 0.0109503 0.00879471 0.00703408 0.00559846
 1.01716e-16 3.28645e-05 0.00019289 0.000916915 0.00353018 0.0110085 0.0278067 0.0568961 0.0943112 0.126656 0.137824 0.121565 0.0870058 0.0507489 0.0245772 0.0107392 0.00564551 0.00507193 0.00643119 0.00858761 0.011075 0.0136083 0.0159216 0.0177639 0.0189415 0.019357 0.0190261 0.018063 0.016644 0.0149611 0.0131822 0.0114287 0.00977224 0.00824501 0.00685619 0.0056062
 1.01708e-16 2.99884e-05 0.000175997 0.00083659 0.00322088 0.010044 0.0253704 0.0519119 0.0860521 0.115573 0.125786 0.110998 0.0795564 0.0466321 0.0230095 0.0107798 0.00670564 0.00695753 0.00917151 0.0122674 0.0157296 0.0191681 0.0221909 0.0244317 0.0256212 0.0256477 0.0245791 0.0226368 0.0201336 0.0173962 0.0146995 0.0122285 0.0100727 0.00824506 0.00671313 0.00542759
 1.02884e-16 2.35999e-05 0.000138484 0.000658229 0.00253412 0.00790231 0.0199608 0.0408441 0.0677098 0.0909508 0.0990211 0.0874593 0.0628585 0.0371943 0.0190047 0.00999989 0.00769908 0.00914054 0.0124799 0.0168271 0.0216699 0.0265325 0.0308992 0.0342744 0.0362823 0.0367482 0.0357301 0.0334875 0.0304035 0.0268876 0.0232914 0.0198614 0.0167317 0.0139463 0.011496 0.00935127
 1.04218e-16 2.42205e-05 0.000142134 0.000675595 0.002601 0.00811092 0.0204877 0.0419216 0.0694937 0.0933404 0.101605 0.0897004 0.0643792 0.0379136 0.0190412 0.0094874 0.00667903 0.00756218 0.0102549 0.0138904 0.0180288 0.0223006 0.0263086 0.0296611 0.0320449 0.0332857 0.033375 0.03245 0.0307405 0.0285028 0.025964 0.0232915 0.0205922 0.0179286 0.0153424 0.0128725
 1.03026e-16 3.13111e-05 0.00018377 0.000873557 0.00336324 0.0104879 0.0264917 0.0542055 0.0898517 0.120669 0.131312 0.115827 0.0829143 0.048393 0.0234939 0.0103657 0.00559609 0.00516765 0.00662117 0.00887733 0.0114907 0.0141842 0.0166958 0.0187759 0.0202294 0.0209543 0.0209569 0.0203371 0.019252 0.0178707 0.0163368 0.0147495 0.0131636 0.0116025 0.0100769 0.0085985
 1.02429e-16 2.80248e-05 0.000164467 0.00078177 0.0030098 0.00938573 0.0237077 0.0485101 0.0804145 0.108005 0.117559 0.103763 0.0744233 0.0437294 0.021775 0.0105335 0.00699938 0.00760891 0.0101567 0.0136199 0.0174833 0.0213305 0.0247331 0.0272882 0.0286986 0.0288397 0.0277833 0.0257687 0.0231339 0.0202314 0.0173557 0.0147024 0.0123637 0.0103501 0.00862502 0.007137
 1.02417e-16 2.84785e-05 0.000167133 0.000794449 0.00305863 0.00953801 0.0240924 0.0492969 0.0817177 0.109753 0.119454 0.105418 0.0755727 0.0443291 0.0219339 0.0103803 0.00660333 0.00697593 0.00926229 0.0124432 0.016031 0.0196515 0.0229224 0.0254789 0.0270435 0.0274844 0.0268392 0.0252917 0.0231159 0.0206052 0.0180118 0.0155128 0.0132048 0.0111218 0.00926057 0.00760519
 1.02278e-16 2.97999e-05 0.000174893 0.000831343 0.00320069 0.00998102 0.0252113 0.0515862 0.0855117 0.114845 0.124989 0.110285 0.0790217 0.0462719 0.0227456 0.0105138 0.00635383 0.00645881 0.00848574 0.0113777 0.0146497 0.0179498 0.0209262 0.0232458 0.0246566 0.0250408 0.0244361 0.0230142 0.0210283 0.0187478 0.0164023 0.014151 0.0120782 0.01021 0.00853928 0.00704819
 1.02695e-16 2.66831e-05 0.000156589 0.000744316 0.00286559 0.00893602 0.0225718 0.046186 0.0765625 0.102833 0.111935 0.098811 0.0708982 0.0417121 0.0208714 0.0102657 0.00704571 0.00782894 0.0105223 0.0141515 0.0182157 0.0222986 0.0259644 0.0287977 0.0304852 0.0308836 0.0300452 0.0281913 0.0256452 0.0227496 0.0197964 0.0169863 0.0144244 0.0121399 0.0101188 0.00833243
 1.02799e-16 2.90265e-05 0.000170353 0.00080976 0.00311759 0.00972188 0.0245568 0.0502469 0.0832916 0.111864 0.121745 0.107422 0.0769724 0.0450753 0.0221645 0.0102587 0.00622211 0.00635058 0.00836778 0.0112513 0.0145367 0.0178883 0.0209684 0.023453 0.0250906 0.0257538 0.0254597 0.0243516 0.0226508 0.0205972 0.0183984 0.0162022 0.0140932 0.0121086 0.0102595 0.00855026
 1.02752e-16 2.83167e-05 0.000166183 0.000789933 0.00304124 0.00948378 0.0239554 0.0490166 0.0812532 0.109129 0.118776 0.10482 0.0751466 0.0440838 0.021821 0.0103409 0.0065964 0.0069815 0.00927277 0.0124558 0.0160441 0.0196639 0.0229335 0.0254902 0.0270595 0.0275139 0.0268953 0.0253909 0.0232761 0.0208422 0.0183362 0.0159268 0.0137012 0.0116836 0.00986345 0.00822054
 1.02154e-16 3.17708e-05 0.000186467 0.000886376 0.00341259 0.0106418 0.0268805 0.0550011 0.0911708 0.122441 0.133243 0.117537 0.0841528 0.0491442 0.023911 0.0106375 0.00586426 0.00551517 0.00708994 0.00948163 0.0122191 0.0149964 0.0175211 0.0195173 0.0207748 0.0211924 0.0207955 0.0197185 0.0181629 0.0163439 0.0144458 0.0125966 0.0108657 0.00927696 0.00782924 0.00651404
 1.02003e-16 2.96589e-05 0.000174063 0.000827396 0.00318548 0.0099336 0.0250916 0.0513413 0.0851064 0.114303 0.124403 0.109778 0.0786812 0.0461181 0.0227543 0.0106583 0.00662939 0.00688144 0.0090791 0.0121577 0.0156118 0.0190603 0.0221196 0.0244293 0.025722 0.0258821 0.0249681 0.0231874 0.0208365 0.018227 0.0156216 0.0131984 0.0110457 0.00918054 0.00757812 0.00619908
 1.02645e-16 2.66711e-05 0.000156519 0.000743983 0.00286431 0.00893202 0.0225617 0.0461653 0.076528 0.102787 0.111884 0.0987636 0.0708601 0.0416815 0.0208411 0.0102267 0.00698918 0.00774787 0.0104121 0.0140111 0.0180498 0.0221182 0.025787 0.0286451 0.0303802 0.0308454 0.0300849 0.0283089 0.0258291 0.0229786 0.0200436 0.0172243 0.0146296 0.0122962 0.0102191 0.00837785
 1.02557e-16 3.0567e-05 0.0001794 0.000852775 0.00328322 0.0102384 0.0258614 0.0529161 0.0877151 0.117801 0.128198 0.113095 0.0809918 0.0473371 0.023105 0.0104048 0.0059169 0.0057275 0.00743615 0.00997788 0.0128928 0.0158732 0.0186188 0.0208428 0.0223222 0.0229433 0.0227192 0.0217742 0.0203012 0.0185095 0.0165804 0.0146431 0.0127721 0.0110006 0.00934029 0.00779738
 1.02227e-16 3.0063e-05 0.000176437 0.000838686 0.00322896 0.0100692 0.025434 0.0520419 0.086267 0.11586 0.126093 0.111259 0.07972 0.0466812 0.0229471 0.0106065 0.00640757 0.00650782 0.00854104 0.0114375 0.0147038 0.017981 0.0209117 0.0231597 0.0244738 0.0247425 0.0240143 0.0224748 0.0203919 0.0180471 0.0156777 0.0134444 0.0114271 0.00964282 0.00807285 0.00668734
 1.04275e-16 1.63607e-05 9.59726e-05 0.000456103 0.00175584 0.00547526 0.0138305 0.0283018 0.0469242 0.0630505 0.0686975 0.0608009 0.0439702 0.026564 0.014581 0.00930591 0.00912038 0.0120471 0.0168239 0.0227602 0.0293211 0.0359006 0.0418091 0.046379 0.0491053 0.0497554 0.0484114 0.0454271 0.0413216 0.0366461 0.0318713 0.0273228 0.0231724 0.0194708 0.0161982 0.0133104
 1.06647e-16 2.21257e-05 0.000129841 0.000617164 0.00237605 0.00740943 0.0187157 0.0382955 0.063482 0.0852632 0.0928062 0.0819165 0.0587585 0.0345361 0.0172234 0.00838988 0.00568357 0.00632411 0.00861873 0.011823 0.0156029 0.0197008 0.023831 0.0276899 0.031002 0.0335628 0.0352619 0.0360775 0.0360522 0.0352623 0.0337938 0.031733 0.0291718 0.0262165 0.0229953 0.0196553
 1.05444e-16 2.70961e-05 0.000159022 0.000755895 0.0029102 0.00907516 0.0229232 0.0469043 0.0777509 0.104423 0.113647 0.100279 0.0718578 0.0420882 0.0207114 0.00961501 0.00587624 0.00604413 0.00800296 0.0108103 0.0140467 0.0174149 0.020615 0.0233568 0.0254116 0.0266562 0.0270899 0.0268151 0.0259941 0.0247964 0.0233578 0.0217617 0.0200445 0.0182163 0.0162856 0.0142767
pSPR Fmed_Fpbrs
0.448817   0.6 0.325
Fs Fmed_Fpbrs
0.64   0.350927 1.08614
SSBpbr Bo_Bmed_Bpbrs
1.59234e+06  635054  875789 437895
Ro
47098.7
SPR SPRFo_SPRFmed_SPRFpbrs
972787 436603 316156
log_Ro
10.58
likeval ReclasPelacesDesembMPH_pf_preclas_ppelaces_ptallas_desvR_qrecl_qpela
 0.000910986 20.3792 0.0157037 18.7326 327.343 214.297 55.3127 0 14.4408 4.08031e-05 7.52915e-06 4.35688e-16 0 0 0
q_reclas_q_pelaces
0.404474 1.47754
M
0.7
N
 38780.8 10617.4 3907.54 456.276 0.30931
 42358.6 17081.5 2627.78 967.106 113.004
 21124.7 18922.4 4588.41 705.872 290.138
 28675.8 8597 2958.57 717.413 155.729
 53033.5 13575.3 3234.48 1113.12 328.506
 49629.3 26106.5 6407.83 1526.74 680.476
 103901 22660.6 7962.38 1954.36 673.192
 80190.5 49254.3 8593.26 3019.46 996.408
 126816 37044.9 16076.2 2804.78 1310.75
 134013 58113.9 11538.4 5007.27 1281.86
 70581.2 62991.1 20976.3 4164.79 2270.07
 48613.7 31623.2 17213.1 5732.04 1758.41
 57129.2 22014.3 9193.15 5004 2177.54
 28434.7 24808 5016.69 2094.96 1636.55
 17737.3 11699.1 4132.94 835.766 621.66
 18583 7568.87 2408.74 850.935 300.07
 15753.3 8657.76 2595.16 825.889 394.648
 20202.9 7403.67 3122.64 936.008 440.217
 23307.8 9644.3 2923.73 1233.14 543.475
 40230.7 11206.8 3970.98 1203.83 731.51
 52692 19335.2 4602.57 1630.86 794.83
 54921.2 25777.1 8801.81 2095.2 1104.23
 91897.3 26746.1 11429.4 3902.67 1418.61
 126361 44484.1 11451.2 4893.47 2278.29
 48383.8 61181.8 19073 4909.82 3074.96
 57924.9 23502.7 26731.1 8333.22 3488.65
 77454.9 28076.1 10139.4 11532.2 5100.12
pred_Ctot
 3173.89 3984.38 1466.38 171.226 0.116074
 3077.75 5840.05 898.421 330.647 38.6352
 2773.39 9941.8 2410.75 370.864 152.438
 965.225 1522.52 523.961 127.053 27.5795
 331.954 484.357 115.404 39.7152 11.7208
 2888.02 7448.28 1828.17 435.585 194.142
 3399.87 3912.01 1374.58 337.39 116.216
 4037.84 12435.4 2169.57 762.331 251.566
 7072.79 10199.8 4426.37 772.257 360.897
 5168.64 11626.3 2308.37 1001.76 256.45
 4991.73 21077.4 7018.87 1393.58 759.587
 3096.19 9721.12 5291.39 1762.05 540.542
 5197.93 8952.34 3738.49 2034.93 885.519
 3544.59 12599.7 2547.91 1064 831.184
 1810.43 5175.44 1828.33 369.726 275.01
 828.947 1721.09 547.724 193.495 68.2332
 609.002 1735.68 520.27 165.572 79.1179
 563.432 1104.74 465.944 139.666 65.6869
 533.218 1197.85 363.134 153.159 67.5009
 932.741 1409.36 499.388 151.392 91.9941
 563.834 1164.04 277.09 98.1829 47.8514
 764.065 1998.68 682.466 162.455 85.6187
 1668.95 2673.71 1142.56 390.136 141.813
 2272.96 4406.72 1134.39 484.76 225.693
 759.767 5326.5 1660.5 427.449 267.706
 998.612 2236.32 2543.5 792.917 331.949
 2038.14 3970.98 1434.08 1631.07 721.343
F
 0.119929 0.696355 0.696355 0.696355 0.696355
 0.105825 0.614462 0.614462 0.614462 0.614462
 0.199028 1.15564 1.15564 1.15564 1.15564
 0.0477995 0.277544 0.277544 0.277544 0.277544
 0.00873728 0.0507322 0.0507322 0.0507322 0.0507322
 0.0839517 0.487458 0.487458 0.487458 0.487458
 0.0464403 0.269651 0.269651 0.269651 0.269651
 0.0722744 0.419654 0.419654 0.419654 0.419654
 0.0803341 0.466453 0.466453 0.466453 0.466453
 0.0549413 0.319012 0.319012 0.319012 0.319012
 0.102873 0.597322 0.597322 0.597322 0.597322
 0.0922141 0.535433 0.535433 0.535433 0.535433
 0.134149 0.778922 0.778922 0.778922 0.778922
 0.188099 1.09218 1.09218 1.09218 1.09218
 0.151627 0.88041 0.88041 0.88041 0.88041
 0.0637911 0.370397 0.370397 0.370397 0.370397
 0.0550733 0.319778 0.319778 0.319778 0.319778
 0.0394593 0.229117 0.229117 0.229117 0.229117
 0.0322666 0.187353 0.187353 0.187353 0.187353
 0.0327067 0.189908 0.189908 0.189908 0.189908
 0.0149779 0.0869677 0.0869677 0.0869677 0.0869677
 0.019512 0.113295 0.113295 0.113295 0.113295
 0.0255391 0.148291 0.148291 0.148291 0.148291
 0.0252927 0.14686 0.14686 0.14686 0.14686
 0.0220484 0.128022 0.128022 0.128022 0.128022
 0.0242296 0.140687 0.140687 0.140687 0.140687
 0.0371942 0.215965 0.215965 0.215965 0.215965
Np
 40206.6 18795 12956.2 3927.59 1914.31
YTP_r0W_actual
 26881.8 131706 69144.5 100432 49289.7
YTP_p0W_proyectada
 13954.3 173844 76609.6 35332.5 62439.2
 13954.3 88168.3 88353.4 34204.7 18500.7
CTP_r0_actual
 3278.27 6097.51 2202.06 2504.53 1107.63
CTP_p0_proyectada
 1701.74 8048.32 2439.8 881.109 1403.13
 1701.74 4081.87 2813.8 852.986 415.745
Wmedp
 8.2 21.6 31.4 40.1 44.5
nmprior
 10.8 10.6 4.6 0
nm_flota  nm_reclas  nm_pelaces    nm_pelaL
inf 13.9351 17.3288 54.2344
cv_recla  cv_pelaces  cv_mph
0.871295 0.49452 0.578368
 ------------------------------------------------
Talla a la edad & desviaci?n 
 7.2 14.2025 17.0495 18.207 18.6776
 1.08 2.13037 2.55742 2.73105 2.80164
