years
 1997 1998 1999 2000 2001 2002 2003 2004 2005 2006 2007 2008 2009 2010 2011 2012 2013 2014 2015 2016 2017 2018 2019 2020 2021 2022 2023
reclasobs
 0 0 0 370054 412103 1.49427e+06 250295 1.28982e+06 931140 785840 897777 1.04006e+06 184774 17550 25797 100020 73551 82996 120727 218422 84188 347160 605670 569463 516374 1.08416e+06 1.01767e+06
reclaspred
 1.12965e+06 211445 260789 44082.4 197039 191621 839162 651883 787862 1.13494e+06 1.04465e+06 745326 531441 268633 143951 112218 107849 134065 143029 170885 274897 250850 392086 613240 794026 540448 58992.6
pelacesobs
 0 0 0 0 0 0 0 0 0 2.06254e+06 1.5e+06 0 1.87456e+06 323000 250000 174000 83755 137374 0 501740 490994 745055 786931 1.00524e+06 1.33801e+06 1.41789e+06 0
pelacespred
 2.31593e+06 581903 235589 75512.1 378764 221627 1.8765e+06 1.35335e+06 1.57816e+06 2.3423e+06 1.89453e+06 1.44249e+06 1.01077e+06 413143 210199 184281 177733 233760 251356 286581 568611 515196 608728 1.05835e+06 1.45468e+06 1.10063e+06 50173.7
mphobs
 0 0 0 0 0 0 112323 0 153150 637223 0 255016 313432 73983 77613 109348 50772 17779 17303 59886 28197 0 207744 136588 643089 65757 70829
mphpred
 363459 143519 113089 26301.6 28752.2 94975.1 153899 320352 248047 356821 465070 312604 205766 153429 66580.3 41218.4 33765.6 39864.9 42161.7 39572.2 63824.9 85275.9 88637.4 141370 222893 170577 48946.9
desembarqueobs
 350755 77701 442110 56441 14545 235359 269955 359681 431902 328805 639364 411747 362871 311530 167758 66681 60226 58785 57116 73181 50977 67692 138656 160484 209506 203330 245020
desembarquepred
 350729 77659.4 441506 56408.5 14542.1 235000 269742 359267 431252 328518 638426 411147 362220 311237 167571 66653.9 60202.5 58719.3 57040.9 73099.6 50959 67642.7 138555 160376 209370 203129 244551
Reclutas
 17366.4 37947.4 3464.43 5654.02 32056.1 18712.6 75639.3 43882.9 87996.8 124393 59748.1 51882.9 60463 25523.5 11007 9972.25 7129.34 9123.19 8589.53 12537.9 18121.7 18086.3 35135.1 59800.9 13998 11893.1 1766.9
log_desv_Rt
 -0.157706 0.623957 -1.7697 -1.27988 0.455243 -0.0830487 1.31373 0.76928 1.46506 1.8112 1.07789 0.936745 1.08979 0.227354 -0.613711 -0.712439 -1.04803 -0.801425 -0.861701 -0.483488 -0.115135 -0.11709 0.546955 1.07878 -0.373329 -0.536285 -2.44302
SSB
 533283 210578 165930 38590.8 42186.6 139352 216317 461813 349168 509367 682371 458667 315290 222729 102162 64481.2 56798.3 62533.6 77944.6 79690.1 116687 150894 163713 243728 431982 350254 104230
BT
 1.12166e+06 333446 306946 95474.1 196608 263222 1.1683e+06 914885 1.14832e+06 1.31693e+06 1.26752e+06 924599 785724 450836 225075 126510 121010 144135 138172 173346 268239 230581 325269 550096 608519 495158 230429
Ftot
 0.807717 1.21348 3.40196 3.65752 0.596541 3.5118 2.20058 1.98612 2.61738 1.33693 1.80513 1.5872 2.42852 3.30831 3.39971 1.90553 1.89864 1.59038 1.25054 1.47192 0.681288 0.774777 1.08637 1.00844 0.678191 0.782249 4.95303
BD_Bspro_t
 0.921573 0.594239 0.425374 0.0847504 0.152296 0.40352 0.379187 0.507197 0.393289 0.447848 0.485356 0.32485 0.251807 0.214258 0.122898 0.0983966 0.120279 0.181468 0.264167 0.317411 0.435039 0.561632 0.537136 0.563414 0.628262 0.502078 0.208411
BD_Bspro
 1.26984 0.501421 0.395106 0.0918912 0.100453 0.331819 0.515087 1.09965 0.831426 1.21289 1.62484 1.09216 0.750758 0.530354 0.243265 0.153541 0.135246 0.148903 0.185599 0.189755 0.27785 0.359305 0.389828 0.580357 1.02862 0.834014 0.248188
BD_Bo
 1.14094 0.450525 0.355002 0.082564 0.0902569 0.298139 0.462804 0.988035 0.747034 1.08977 1.45991 0.981304 0.674553 0.476522 0.218573 0.137956 0.121518 0.133789 0.16676 0.170495 0.249648 0.322834 0.35026 0.521449 0.924213 0.749359 0.222997
BD_Brms
 2.07444 0.819137 0.645458 0.150116 0.164103 0.54207 0.841463 1.79643 1.35824 1.98141 2.65439 1.78419 1.22646 0.866403 0.397406 0.250829 0.220942 0.243252 0.3032 0.30999 0.453905 0.586972 0.636836 0.948089 1.68039 1.36247 0.405448
S_f
 0.0623644 0.558252 0.960018 0.997813 0.999885
 0.0623644 0.558252 0.960018 0.997813 0.999885
 0.0623644 0.558252 0.960018 0.997813 0.999885
 0.0623644 0.558252 0.960018 0.997813 0.999885
 0.0623644 0.558252 0.960018 0.997813 0.999885
 0.0623644 0.558252 0.960018 0.997813 0.999885
 0.0623644 0.558252 0.960018 0.997813 0.999885
 0.0623644 0.558252 0.960018 0.997813 0.999885
 0.0623644 0.558252 0.960018 0.997813 0.999885
 0.0623644 0.558252 0.960018 0.997813 0.999885
 0.0623644 0.558252 0.960018 0.997813 0.999885
 0.0623644 0.558252 0.960018 0.997813 0.999885
 0.0623644 0.558252 0.960018 0.997813 0.999885
 0.0623644 0.558252 0.960018 0.997813 0.999885
 0.0623644 0.558252 0.960018 0.997813 0.999885
 0.0623644 0.558252 0.960018 0.997813 0.999885
 0.0623644 0.558252 0.960018 0.997813 0.999885
 0.0623644 0.558252 0.960018 0.997813 0.999885
 0.0623644 0.558252 0.960018 0.997813 0.999885
 0.0623644 0.558252 0.960018 0.997813 0.999885
 0.0623644 0.558252 0.960018 0.997813 0.999885
 0.0623644 0.558252 0.960018 0.997813 0.999885
 0.0623644 0.558252 0.960018 0.997813 0.999885
 0.0623644 0.558252 0.960018 0.997813 0.999885
 0.0623644 0.558252 0.960018 0.997813 0.999885
 0.0623644 0.558252 0.960018 0.997813 0.999885
 0.0623644 0.558252 0.960018 0.997813 0.999885
Scru_reclas
 0.511389 0.84044 0.963647 0.99256 0.998513
 0.511389 0.84044 0.963647 0.99256 0.998513
 0.511389 0.84044 0.963647 0.99256 0.998513
 0.511389 0.84044 0.963647 0.99256 0.998513
 0.511389 0.84044 0.963647 0.99256 0.998513
 0.511389 0.84044 0.963647 0.99256 0.998513
 0.511389 0.84044 0.963647 0.99256 0.998513
 0.511389 0.84044 0.963647 0.99256 0.998513
 0.511389 0.84044 0.963647 0.99256 0.998513
 0.511389 0.84044 0.963647 0.99256 0.998513
 0.511389 0.84044 0.963647 0.99256 0.998513
 0.511389 0.84044 0.963647 0.99256 0.998513
 0.511389 0.84044 0.963647 0.99256 0.998513
 0.511389 0.84044 0.963647 0.99256 0.998513
 0.511389 0.84044 0.963647 0.99256 0.998513
 0.511389 0.84044 0.963647 0.99256 0.998513
 0.511389 0.84044 0.963647 0.99256 0.998513
 0.511389 0.84044 0.963647 0.99256 0.998513
 0.511389 0.84044 0.963647 0.99256 0.998513
 0.511389 0.84044 0.963647 0.99256 0.998513
 0.511389 0.84044 0.963647 0.99256 0.998513
 0.511389 0.84044 0.963647 0.99256 0.998513
 0.511389 0.84044 0.963647 0.99256 0.998513
 0.511389 0.84044 0.963647 0.99256 0.998513
 0.511389 0.84044 0.963647 0.99256 0.998513
 0.511389 0.84044 0.963647 0.99256 0.998513
 0.511389 0.84044 0.963647 0.99256 0.998513
Scru_pelaces
 0.425462 0.788441 0.949382 0.989517 0.997899
 0.425462 0.788441 0.949382 0.989517 0.997899
 0.425462 0.788441 0.949382 0.989517 0.997899
 0.425462 0.788441 0.949382 0.989517 0.997899
 0.425462 0.788441 0.949382 0.989517 0.997899
 0.425462 0.788441 0.949382 0.989517 0.997899
 0.425462 0.788441 0.949382 0.989517 0.997899
 0.425462 0.788441 0.949382 0.989517 0.997899
 0.425462 0.788441 0.949382 0.989517 0.997899
 0.425462 0.788441 0.949382 0.989517 0.997899
 0.425462 0.788441 0.949382 0.989517 0.997899
 0.425462 0.788441 0.949382 0.989517 0.997899
 0.425462 0.788441 0.949382 0.989517 0.997899
 0.425462 0.788441 0.949382 0.989517 0.997899
 0.425462 0.788441 0.949382 0.989517 0.997899
 0.425462 0.788441 0.949382 0.989517 0.997899
 0.425462 0.788441 0.949382 0.989517 0.997899
 0.425462 0.788441 0.949382 0.989517 0.997899
 0.425462 0.788441 0.949382 0.989517 0.997899
 0.425462 0.788441 0.949382 0.989517 0.997899
 0.425462 0.788441 0.949382 0.989517 0.997899
 0.425462 0.788441 0.949382 0.989517 0.997899
 0.425462 0.788441 0.949382 0.989517 0.997899
 0.425462 0.788441 0.949382 0.989517 0.997899
 0.425462 0.788441 0.949382 0.989517 0.997899
 0.425462 0.788441 0.949382 0.989517 0.997899
 0.425462 0.788441 0.949382 0.989517 0.997899
pf_obs 
 0.256992 0.487395 0.22802 0.0275931 0
 0.321318 0.546541 0.124235 0.00734118 0.000564706
 0.182869 0.594174 0.210203 0.0122559 0.00049798
 0.330522 0.361315 0.267642 0.0388342 0.00168674
 0.649043 0.306663 0.0425973 0.00169635 0
 0.582887 0.30429 0.105238 0.00758474 0
 0.465427 0.430635 0.0974691 0.00646863 0
 0.296916 0.608066 0.0921331 0.00288517 0
 0.311714 0.524322 0.152257 0.0117073 0
 0.15457 0.633149 0.183074 0.0267441 0.00246327
 0.131901 0.49318 0.331252 0.0422183 0.00144891
 0.196976 0.569456 0.194076 0.0375587 0.00193317
 0.518974 0.381816 0.0799577 0.0180837 0.00116848
 0.0928022 0.601141 0.25162 0.0475244 0.00691264
 0.122501 0.610282 0.24278 0.0234846 0.000952079
 0.383417 0.481906 0.127806 0.00687128 0
 0.0376549 0.599619 0.316969 0.0457579 0
 0.0361596 0.667082 0.258105 0.0386534 0
 0.158088 0.579412 0.248529 0.0139706 0
 0.0477256 0.309471 0.559284 0.082774 0.000745712
 0.0406174 0.521527 0.379366 0.0568643 0.0016247
 0.151134 0.462217 0.34131 0.0453401 0
 0.294876 0.26143 0.354403 0.0886775 0.000613685
 0.281977 0.475581 0.204845 0.0348837 0.00271318
 0.0841818 0.532909 0.334909 0.0458182 0.00218182
 0.115287 0.27431 0.454777 0.147771 0.00785563
 0 0 0 0 0
pf_pred 
 0.0864986 0.611278 0.267232 0.0349838 7.83286e-06
 0.238529 0.360069 0.323714 0.0691318 0.00855627
 0.0326576 0.800383 0.113182 0.0439301 0.00984674
 0.287529 0.331732 0.365036 0.0111081 0.00459499
 0.627996 0.345417 0.0216258 0.00478314 0.000177589
 0.193331 0.758155 0.0467021 0.00148752 0.000323969
 0.592738 0.342593 0.0638219 0.000819302 2.75715e-05
 0.174125 0.789196 0.0345702 0.00208439 2.51001e-05
 0.381331 0.456493 0.15963 0.00241115 0.000134406
 0.309989 0.631276 0.0533525 0.00530662 7.57816e-05
 0.121307 0.723302 0.149577 0.00531429 0.000499401
 0.159991 0.532834 0.284792 0.0216112 0.0007716
 0.252194 0.548997 0.162527 0.0338242 0.00245771
 0.148231 0.738267 0.102598 0.00907903 0.00182492
 0.150219 0.684164 0.160203 0.00495315 0.000459874
 0.227506 0.621334 0.143641 0.00730382 0.000215125
 0.173841 0.661215 0.151881 0.0124656 0.000597659
 0.246675 0.553916 0.183217 0.015009 0.0011827
 0.193832 0.642205 0.143773 0.0186649 0.00152534
 0.254706 0.533505 0.190906 0.0184625 0.00242078
 0.244505 0.594238 0.138871 0.0203226 0.00206324
 0.165819 0.601687 0.204539 0.0242483 0.00370648
 0.268437 0.46797 0.221619 0.0371706 0.00480429
 0.285635 0.565884 0.118468 0.0254857 0.00452787
 0.0479099 0.740523 0.188771 0.0184106 0.00438486
 0.0633477 0.269664 0.582919 0.0754333 0.00863573
 0.0392754 0.496834 0.212052 0.221642 0.030197
pobs_RECLAS
 0 0 0 0 0
 0 0 0 0 0
 0 0 0 0 0
 0 0 0 0 0
 0.835266 0.146461 0.0176864 0.000547809 3.91292e-05
 0.385257 0.428462 0.181853 0.0044286 0
 0.867414 0.0963971 0.0333333 0.00285562 0
 0.441836 0.489002 0.0689373 0.000224442 0
 0.779404 0.147425 0.0564933 0.0165055 0.000172143
 0.814271 0.122319 0.05973 0.00367925 0
 0.40263 0.566651 0.0304383 0.000280538 0
 0.475488 0.404961 0.113038 0.00651328 0
 0.955842 0.0263864 0.0167828 0.000988607 0
 0.975058 0.0227948 0.00214734 0 0
 0.738997 0.206755 0.0527124 0.00153531 0
 0.850938 0.134255 0.0134407 0.00136685 0
 0.542534 0.407297 0.0501686 0 0
 0.764087 0.199537 0.0359546 0.000420521 0
 0.470689 0.182191 0.310203 0.0369168 0
 0.84361 0.089868 0.0606195 0.00523954 0.000663233
 0.607945 0.314616 0.071237 0.00620181 0
 0.523733 0.453247 0.0230204 0 0
 0.530135 0.295979 0.169645 0.0042399 0
 0.562478 0.366248 0.0663022 0.0049721 0
 0.250443 0.683176 0.0655157 0.000865301 0
 0.195077 0.31981 0.436473 0.0351445 0.0134964
 0.565238 0.351407 0.0832357 0.000118908 0
ppred_RECLAS
 0.376302 0.473216 0.133254 0.0172242 3.8708e-06
 0.691679 0.181818 0.102323 0.0215079 0.00267138
 0.203213 0.724537 0.0496577 0.0184486 0.00414338
 0.799624 0.130595 0.0670308 0.00194453 0.000805791
 0.905977 0.0895396 0.00365446 0.000799121 2.97821e-05
 0.632472 0.356663 0.0104761 0.000318837 6.95712e-05
 0.905745 0.0851269 0.00901162 0.000112651 3.8021e-06
 0.565074 0.423485 0.0107975 0.000635626 7.67778e-06
 0.817029 0.153526 0.0289972 0.000424143 2.37053e-05
 0.728711 0.256521 0.0134352 0.0013138 1.88269e-05
 0.470279 0.469883 0.0576458 0.00200385 0.000188911
 0.566819 0.321138 0.104024 0.00774156 0.000277324
 0.705929 0.245218 0.0401491 0.00811227 0.000591083
 0.559702 0.409487 0.0279614 0.00237185 0.000477736
 0.574583 0.380789 0.0432299 0.00127939 0.000119021
 0.65827 0.299063 0.0405904 0.00201703 5.95955e-05
 0.579488 0.366843 0.0495068 0.00397126 0.000190999
 0.68255 0.260681 0.0522405 0.00419686 0.000331812
 0.599788 0.345296 0.048247 0.00616288 0.000505416
 0.691482 0.24826 0.0544107 0.00516667 0.00067975
 0.661573 0.287823 0.0436489 0.00631208 0.000643238
 0.553165 0.357744 0.0784913 0.00918968 0.00140992
 0.70702 0.216185 0.0647132 0.0106945 0.00138723
 0.710734 0.248014 0.0330039 0.00700015 0.00124818
 0.233657 0.646589 0.106979 0.0103102 0.00246482
 0.337063 0.255641 0.356502 0.0455586 0.00523503
 0.327593 0.50192 0.0808839 0.0788544 0.0107493
pobs_PELACES
 0 0 0 0 0
 0 0 0 0 0
 0 0 0 0 0
 0 0 0 0 0
 0 0 0 0 0
 0 0 0 0 0
 0 0 0 0 0
 0 0 0 0 0
 0 0 0 0 0
 0 0 0 0 0
 0.450072 0.473896 0.0757376 0.000293798 0
 0 0 0 0 0
 0.463077 0.371075 0.160297 0.00555027 0
 0.529543 0.364841 0.0842815 0.0213345 0
 0.631943 0.363953 0.00410389 0 0
 0.735681 0.248677 0.0153453 0.000297389 0
 0.695825 0.281241 0.0229344 0 0
 0.275771 0.60734 0.115278 0.00161068 0
 0 0 0 0 0
 0.896147 0.0623911 0.0374545 0.00400742 0
 0.803859 0.145111 0.0509908 3.86294e-05 0
 0.739449 0.233085 0.0266225 0.000797448 4.60066e-05
 0.878498 0.100942 0.0204185 0.000141795 0
 0.694673 0.275183 0.0284847 0.00165964 0
 0.469039 0.446079 0.0841089 0.000773354 0
 0.822795 0.102175 0.0682046 0.00682512 0
 0 0 0 0 0
ppred_PELACES
 0.382368 0.475065 0.12622 0.0163438 3.67995e-06
 0.717303 0.17432 0.0877147 0.0183766 0.00228618
 0.28933 0.666622 0.030562 0.0110122 0.00247356
 0.88017 0.0890885 0.0295686 0.000829287 0.000343631
 0.904165 0.0913908 0.00361928 0.000794922 2.96864e-05
 0.732546 0.262194 0.0050771 0.00014966 3.26581e-05
 0.9258 0.0684443 0.00568362 6.99486e-05 2.36311e-06
 0.615813 0.375995 0.00773687 0.000449605 5.43678e-06
 0.863772 0.119256 0.0167189 0.000239513 1.33953e-05
 0.749018 0.23889 0.0110052 0.00107099 1.53711e-05
 0.519015 0.435189 0.0441344 0.00151789 0.000143272
 0.610162 0.300638 0.082862 0.00611783 0.000219458
 0.767446 0.202022 0.0251738 0.0049935 0.00036413
 0.66468 0.319102 0.0147576 0.00121554 0.00024488
 0.684002 0.29304 0.0222603 0.000638968 5.94504e-05
 0.704886 0.264366 0.0292689 0.0014372 4.25128e-05
 0.630668 0.329955 0.036356 0.00288204 0.000138773
 0.717658 0.238242 0.0406071 0.00323631 0.000256219
 0.623502 0.329845 0.0410056 0.00521826 0.000428634
 0.722094 0.229755 0.043506 0.00410436 0.000540771
 0.660993 0.290054 0.0422044 0.00612366 0.00062528
 0.557397 0.358074 0.0744509 0.00873566 0.00134285
 0.723675 0.208873 0.0568536 0.00937959 0.00121875
 0.722231 0.240951 0.0294587 0.00624361 0.00111526
 0.233143 0.651067 0.103396 0.00999877 0.00239513
 0.346294 0.260569 0.344011 0.0440542 0.0050719
 0.524496 0.40289 0.0353574 0.0327913 0.00446589
pobs_pel_tallas
 0 0 0 0 0 0 0 0 0 0 0 0 0 0 0 0 0 0 0 0 0 0 0 0 0 0 0 0 0 0 0 0 0 0 0 0
 0 0 0 0 0 0 0 0 0 0 0 0 0 0 0 0 0 0 0 0 0 0 0 0 0 0 0 0 0 0 0 0 0 0 0 0
 0 0 0 0 0 0 0 0 0 0 0 0 0 0 0 0 0 0 0 0 0 0 0 0 0 0 0 0 0 0 0 0 0 0 0 0
 0 0 0 0 0 0 0 0 0 0 0 0 0 0 0 0 0 0 0 0 0 0 0 0 0 0 0 0 0 0 0 0 0 0 0 0
 0 0 0 0 0 0 0 0 0 0 0 0 0 0 0 0 0 0 0 0 0 0 0 0 0 0 0 0 0 0 0 0 0 0 0 0
 0 0 0 0 0 0 0 0 0 0 0 0 0 0 0 0 0 0 0 0 0 0 0 0 0 0 0 0 0 0 0 0 0 0 0 0
 0 0 0 0 0 0 0 0 0 0 0 0 0 0 0 0 0 0 0 0 0 0 0 0 0 0 0 0 0 0 0 0 0 0 0 0
 0 0 0 0 0 0 0 0 0 0 0 0 0 0 0 0 0 0 0 0 0 0 0 0 0 0 0 0 0 0 0 0 0 0 0 0
 0 0 0 0 0 0 0 0 0 0 0 0 0 0 0 0 0 0 0 0 0 0 0 0 0 0 0 0 0 0 0 0 0 0 0 0
 0 0 0 0 0 0 0 0 0 0 0 0 0 0 0 0 0 0 0 0 0 0 0 0 0 0 0 0 0 0 0 0 0 0 0 0
 0 0 0 0 0 0 0 0 1.78061e-05 0.00172719 0.00360574 0.0105946 0.0120993 0.0124554 0.0147524 0.0171206 0.0266825 0.0428682 0.0675386 0.121331 0.153587 0.119568 0.100827 0.0573624 0.0630603 0.0341343 0.0324427 0.0444173 0.0211091 0.0280891 0.0125444 0.00206551 0 0 0 0
 0 0 0 0 0 0 0 0 0 0 0 0 0 0 0 0 0 0 0 0 0 0 0 0 0 0 0 0 0 0 0 0 0 0 0 0
 0 0 0 0 0 0 0.0133647 0.0140871 0.0187388 0.0205184 0.03894 0.0496705 0.03968 0.0493445 0.0407372 0.0367815 0.0215668 0.0243155 0.0234873 0.0199281 0.019796 0.0243948 0.0301388 0.0376714 0.0412746 0.0863199 0.0771752 0.113111 0.0741005 0.0525337 0.0229764 0.00759418 0.00175318 0 0 0
 0 0 0 0 0 0 0 0 0 0 0.00219441 0.00772107 0.0458388 0.0604681 0.0671733 0.0775358 0.0609151 0.0617685 0.073594 0.0568108 0.0755445 0.0548602 0.0670107 0.0636378 0.0643287 0.046367 0.0373049 0.0286899 0.0247887 0.0153202 0.00654259 0.00121912 0.000365735 0 0 0
 0 0 0 0 0 0 0 0 0 0 0 0 0.000112435 0.00938835 0.0111873 0.0202946 0.0414886 0.0713402 0.111592 0.104902 0.108894 0.110636 0.117776 0.105296 0.107544 0.0401394 0.0192827 0.0124803 0.00416011 0.0028671 0.000618394 0 0 0 0 0
 0 0 0 0 0 0 0 0 0 0 0.00291406 0.0102884 0.027416 0.0768956 0.0749926 0.110853 0.0956884 0.0897413 0.0766577 0.0534642 0.0500743 0.0551293 0.0594112 0.0620874 0.0668451 0.0424026 0.0208742 0.0120726 0.0048766 0.00582813 0.00118941 0.000297354 0 0 0 0
 0 0.00264628 0.0354308 0.0461629 0.0458689 0.0383711 0.0214643 0.0164657 0.0346957 0.0420465 0.0363128 0.0245516 0.0311673 0.0291091 0.0169068 0.0133784 0.00837989 0.0085269 0.0148486 0.0160247 0.0276389 0.0546898 0.0760071 0.122758 0.109233 0.0665981 0.0333725 0.0166128 0.00676272 0.00308733 0.000882094 0 0 0 0 0
 0 0 0 0 0 0 0 0.000805153 0.000690131 0.00759144 0.0133425 0.0154129 0.00931677 0.000345066 0.00356568 0.00563607 0.00851162 0.0253048 0.0502646 0.0516448 0.0657925 0.0565908 0.0611916 0.0827007 0.0866115 0.110766 0.145733 0.0935128 0.0569358 0.0249597 0.0138026 0.00621118 0.00161031 0.00115022 0 0
 0 0 0 0 0 0 0 0 0 0 0 0 0 0 0 0 0 0 0 0 0 0 0 0 0 0 0 0 0 0 0 0 0 0 0 0
 0.00147267 0.00158595 0.00478618 0.00569244 0.00954404 0.0108468 0.00647125 0.017049 0.0510054 0.094081 0.124002 0.0959785 0.0687766 0.0820023 0.061753 0.0591476 0.0492212 0.0479892 0.0443925 0.0268479 0.0217502 0.0140895 0.0121071 0.0120363 0.00920419 0.00665534 0.0049561 0.00860946 0.00930331 0.0156896 0.0114698 0.00855282 0.00243557 0.00046729 0 2.83206e-05
 0 0 0 0 0.000772559 0.00158375 0.000888443 0.00281984 0.00712685 0.0440552 0.0773331 0.111326 0.0921469 0.0852325 0.0710754 0.0886704 0.0786465 0.0553345 0.0373146 0.0185414 0.00753245 0.00457741 0.012979 0.0271748 0.0457355 0.0583668 0.034881 0.0177882 0.00938659 0.00492506 0.0015258 0.00185414 0.000309023 5.79419e-05 3.86279e-05 0
 0 0.00173294 0.00326652 0 0.00397197 0.00683976 0.00946217 0.0152591 0.00757587 0.0136028 0.0228656 0.0392903 0.0559909 0.0764795 0.0681675 0.0726916 0.0566044 0.0477403 0.0527397 0.0444891 0.0609904 0.0582453 0.0661739 0.0445044 0.0529084 0.0360697 0.0280645 0.0235558 0.0158879 0.00826598 0.00280645 0.00217768 0.000904811 0.00058276 9.20147e-05 0
 0 0 0 0 0 0 0 0 0 0 0 0 0 0 0 0 0 0 0 0 0 0 0 0 0 0 0 0 0 0 0 0 0 0 0 0
 0 0 0 0 0 0 0 0 0 0 0 0 0 0 0 0 0 0 0 0 0 0 0 0 0 0 0 0 0 0 0 0 0 0 0 0
 0 0 0 0 0 0 0 0 0 0 0 0 0 0 0 0 0 0 0 0 0 0 0 0 0 0 0 0 0 0 0 0 0 0 0 0
 0 0 0 0 0 0 0 0 0 0 0 0 0 0 0 0 0 0 0 0 0 0 0 0 0 0 0 0 0 0 0 0 0 0 0 0
 0 0 0 0 0 0 0 0 0 0 0 0 0 0 0 0 0 0 0 0 0 0 0 0 0 0 0 0 0 0 0 0 0 0 0 0
ppred_pel_tallas
 1.02509e-16 1.67052e-05 9.79913e-05 0.000465691 0.00179274 0.00559033 0.0141212 0.0288969 0.0479117 0.06438 0.0701528 0.0621048 0.0449477 0.0272229 0.0150653 0.00979659 0.0097733 0.0129787 0.018115 0.0244522 0.0314022 0.0382909 0.0443537 0.0488565 0.0512529 0.0513067 0.0491391 0.0451795 0.0400453 0.0343907 0.0287763 0.0235922 0.0190438 0.0151849 0.0119743 0.0093287
 1.02041e-16 3.12976e-05 0.00018369 0.000873172 0.00336175 0.0104833 0.02648 0.0541817 0.0898127 0.120617 0.131259 0.115788 0.0829023 0.0484182 0.0235665 0.0105006 0.00581506 0.00549811 0.00709116 0.00950879 0.0122917 0.015142 0.0177719 0.0199058 0.0213273 0.0219222 0.0216968 0.0207638 0.0193038 0.0175167 0.01558 0.0136254 0.0117352 0.00995317 0.00830087 0.0067912
 1.01145e-16 1.26559e-05 7.42009e-05 0.000352551 0.00135706 0.00423163 0.0106894 0.0218768 0.036281 0.0487784 0.0532229 0.0472849 0.0345863 0.0216736 0.0132984 0.0105873 0.0124157 0.0173309 0.0243315 0.0327117 0.0417205 0.0504127 0.0577139 0.0626169 0.0644108 0.0628555 0.0582413 0.0513071 0.0430522 0.0345037 0.0265142 0.0196427 0.0141321 0.00996478 0.00695746 0.00485722
 1.00494e-16 3.83958e-05 0.00022537 0.00107135 0.0041248 0.0128629 0.0324905 0.0664789 0.110193 0.147975 0.160998 0.141945 0.101463 0.0589206 0.028045 0.0114154 0.00478791 0.0031874 0.00357772 0.00465954 0.00596485 0.00728315 0.00845535 0.00934042 0.00983347 0.00988696 0.00951971 0.00880812 0.00786428 0.0068084 0.0057447 0.00474736 0.00385757 0.00308939 0.00243953 0.00189672
 1.0011e-16 3.94422e-05 0.000231513 0.00110055 0.00423724 0.0132135 0.0333762 0.0682911 0.113196 0.152008 0.165386 0.145812 0.104223 0.0605139 0.0287855 0.011684 0.00484565 0.00315469 0.00348611 0.00449861 0.00570546 0.00688627 0.00787693 0.00853689 0.00876861 0.00853966 0.00789062 0.00692383 0.0057775 0.00459362 0.00349014 0.0025444 0.00179003 0.00122446 0.000821996 0.000547043
 1.00165e-16 3.19657e-05 0.000187604 0.000891766 0.00343331 0.0107064 0.0270437 0.0553358 0.0917278 0.123196 0.134082 0.118319 0.0848028 0.0497054 0.0245207 0.0114744 0.00711003 0.00733553 0.00961646 0.012782 0.0162598 0.019611 0.0224 0.0242294 0.024822 0.0240883 0.02215 0.0193065 0.0159604 0.0125246 0.0093413 0.00663403 0.00449845 0.00292412 0.00183244 0.00111555
 1.00106e-16 4.03846e-05 0.000237048 0.00112687 0.00433859 0.0135296 0.0341744 0.0699242 0.115903 0.15564 0.169331 0.149276 0.106669 0.0618722 0.0293157 0.0116981 0.00454102 0.00259952 0.00267454 0.00340435 0.00431465 0.00521474 0.00597691 0.00649468 0.00669381 0.00654827 0.00608633 0.00538226 0.00453741 0.00365652 0.00282716 0.00210749 0.00152394 0.00107657 0.000748506 0.000515517
 1.00249e-16 2.68802e-05 0.000157737 0.000749752 0.00288649 0.00900116 0.0227365 0.0465237 0.0771249 0.103597 0.112789 0.0996164 0.0715895 0.042346 0.0216064 0.0113096 0.00861546 0.0101279 0.0137148 0.0183228 0.0233242 0.0281352 0.0321397 0.0347686 0.0356247 0.0345793 0.0318063 0.0277346 0.0229412 0.0180175 0.013454 0.0095711 0.00650603 0.00424409 0.00267301 0.00163863
 1.00286e-16 3.7682e-05 0.000221177 0.0010514 0.00404801 0.0126234 0.0318856 0.0652415 0.108142 0.145225 0.158013 0.13933 0.0996313 0.0579314 0.027714 0.0115224 0.00520304 0.00388001 0.00457031 0.00598135 0.0076207 0.00923559 0.0106181 0.0115838 0.012001 0.0118202 0.0110851 0.00991912 0.00849278 0.0069838 0.00554193 0.0042682 0.00321084 0.0023743 0.00173493 0.00125665
 1.00272e-16 3.2683e-05 0.000191818 0.000911802 0.00351046 0.010947 0.0276514 0.056579 0.0937878 0.12596 0.137084 0.120952 0.086655 0.050721 0.0248916 0.0114309 0.00679306 0.00678724 0.00882392 0.0117207 0.0149214 0.018019 0.0206154 0.0223473 0.0229597 0.0223671 0.0206749 0.0181496 0.015152 0.0120531 0.00916143 0.00667977 0.00469702 0.00320763 0.00214551 0.00141855
 1.00828e-16 2.26619e-05 0.000132966 0.000631975 0.002433 0.00758695 0.0191644 0.0392154 0.0650132 0.0873393 0.0951173 0.0840781 0.0605736 0.0361331 0.0189959 0.0108513 0.00936054 0.0117015 0.0160839 0.0215764 0.0275463 0.0333442 0.0382618 0.041636 0.0429933 0.0421634 0.0393192 0.0349252 0.0296181 0.0240573 0.0187955 0.0142014 0.0104452 0.00753207 0.00536177 0.00378785
 1.01495e-16 2.6631e-05 0.00015628 0.00074284 0.0028599 0.00891826 0.022527 0.0460945 0.0764117 0.102634 0.111725 0.0986419 0.0708133 0.0417354 0.0210181 0.0105596 0.007527 0.00855032 0.0115359 0.015492 0.0198828 0.0242428 0.0280804 0.0309291 0.0324419 0.0324684 0.0310844 0.0285613 0.02529 0.021686 0.0181058 0.0147989 0.0118979 0.00943924 0.00739849 0.00572377
 1.00612e-16 3.34851e-05 0.00019653 0.000934212 0.00359676 0.0112162 0.0283312 0.0579695 0.0960916 0.12905 0.140437 0.123888 0.0887087 0.0518226 0.025246 0.0112813 0.00628032 0.00594022 0.00761222 0.0101082 0.012903 0.0156418 0.0179866 0.0196279 0.0203441 0.0200522 0.0188272 0.016878 0.0144928 0.0119709 0.00956323 0.00743782 0.00567313 0.00427394 0.00319837 0.00238474
 1.00367e-16 2.90088e-05 0.000170239 0.000809198 0.00311539 0.00971499 0.0245395 0.0502123 0.0832373 0.1118 0.121699 0.107438 0.0771052 0.0453975 0.022775 0.0112933 0.00785177 0.008762 0.0117256 0.0156465 0.0199308 0.02407 0.0275386 0.0298525 0.030671 0.02988 0.0276202 0.0242476 0.0202442 0.0161054 0.0122434 0.0089289 0.00628075 0.00429147 0.00287275 0.00190155
 1.00437e-16 2.98502e-05 0.000175181 0.000832701 0.00320589 0.00999722 0.0252523 0.0516707 0.0856538 0.115042 0.12522 0.110527 0.0792802 0.0465932 0.0232179 0.0112552 0.00750036 0.00814926 0.0108387 0.0144582 0.0184315 0.0222852 0.0255355 0.027736 0.0285708 0.0279296 0.0259351 0.0229068 0.0192803 0.0155049 0.0119562 0.00888313 0.00639778 0.00449908 0.00311315 0.00213452
 1.00554e-16 3.07597e-05 0.000180524 0.000858103 0.0033037 0.0103023 0.0260228 0.0532469 0.0882656 0.118547 0.129026 0.113866 0.08163 0.0478836 0.0236932 0.0112082 0.00711137 0.00747317 0.00986043 0.0131473 0.0167773 0.0203157 0.0233249 0.0254005 0.026254 0.0257803 0.0240821 0.0214394 0.0182363 0.0148714 0.0116791 0.00888297 0.00658694 0.00479577 0.00345069 0.00246516
 1.0073e-16 2.75262e-05 0.000161534 0.00076781 0.00295603 0.00921803 0.0232842 0.047644 0.0789807 0.106085 0.115485 0.101969 0.0732177 0.0431831 0.0218026 0.0110408 0.00797028 0.00910352 0.0122646 0.0164069 0.0209468 0.0253677 0.0291287 0.0317258 0.0327991 0.0322173 0.0301085 0.0268213 0.0228347 0.0186453 0.0146694 0.0111855 0.00832273 0.00608666 0.004404 0.00316714
 1.00778e-16 3.13156e-05 0.00018379 0.000873635 0.00336352 0.0104888 0.0264939 0.0542107 0.0898623 0.120689 0.13135 0.1159 0.0830525 0.0486456 0.023936 0.0111 0.006749 0.00687595 0.00900682 0.0120123 0.0153579 0.018646 0.0214815 0.0234978 0.0244295 0.0241726 0.022808 0.0205738 0.0178025 0.0148418 0.0119855 0.00943333 0.00728257 0.00554631 0.00418383 0.00313087
 1.00889e-16 2.72137e-05 0.000159699 0.000759089 0.00292245 0.00911332 0.0230197 0.0471029 0.0780838 0.104881 0.114175 0.100815 0.0723943 0.0427086 0.0215836 0.010964 0.0079582 0.00912045 0.0123011 0.0164655 0.0210349 0.0254951 0.0293059 0.0319632 0.0331054 0.032598 0.0305643 0.0273474 0.02342 0.0192734 0.0153198 0.0118356 0.00895029 0.006672 0.00493176 0.00362734
 1.00859e-16 3.15087e-05 0.000184924 0.00087903 0.00338429 0.0105536 0.0266576 0.0545454 0.0904169 0.121433 0.132158 0.116608 0.0835475 0.048912 0.0240234 0.0110674 0.00663089 0.00667987 0.00872592 0.0116381 0.0148889 0.0180927 0.0208682 0.0228614 0.0238145 0.0236246 0.0223656 0.0202627 0.017632 0.0148047 0.0120614 0.00959355 0.007496 0.00578384 0.00442158 0.00335167
 1.00934e-16 2.88469e-05 0.000169291 0.000804697 0.00309807 0.00966098 0.024403 0.0499329 0.0827734 0.111175 0.121013 0.106819 0.0766324 0.0450618 0.0225012 0.0109865 0.00742695 0.00815304 0.0108865 0.0145573 0.0186082 0.0225765 0.0259855 0.0283911 0.0294728 0.0291082 0.0274003 0.0246443 0.0212495 0.0176421 0.0141808 0.0111071 0.00853624 0.00647892 0.00487992 0.00365562
 1.01537e-16 2.43324e-05 0.000142781 0.00067865 0.00261273 0.00814746 0.0205801 0.0421115 0.0698114 0.0937758 0.102102 0.090193 0.0648503 0.0384267 0.0197322 0.0105371 0.00828839 0.00993111 0.0135517 0.0182071 0.0233295 0.0283787 0.0327723 0.0359593 0.0375357 0.0373368 0.0354712 0.0322826 0.0282558 0.0239002 0.0196484 0.0157964 0.0124929 0.00976521 0.00756396 0.00580664
 1.01255e-16 3.15769e-05 0.000185326 0.000880944 0.00339167 0.0105766 0.0267156 0.0546641 0.0906131 0.121695 0.132438 0.116844 0.0836933 0.0489498 0.023954 0.0108889 0.00632711 0.0062233 0.00808777 0.010801 0.013859 0.0169082 0.0196024 0.0216177 0.022713 0.0227832 0.0218795 0.0201877 0.0179756 0.0155274 0.0130863 0.0108214 0.00882172 0.00711102 0.00567253 0.00447224
 1.00764e-16 3.15151e-05 0.000184961 0.000879202 0.00338495 0.0105556 0.0266628 0.0545561 0.0904349 0.121458 0.132187 0.116639 0.0835818 0.0489555 0.024088 0.011169 0.00678742 0.00690942 0.00904314 0.0120495 0.0153877 0.018655 0.0214522 0.0234109 0.0242669 0.0239219 0.0224652 0.0201461 0.0173083 0.0143082 0.0114448 0.00891766 0.00681965 0.00515582 0.0038757 0.0029055
 1.02136e-16 1.02054e-05 5.98155e-05 0.000284164 0.00109376 0.00341052 0.00861539 0.017633 0.0292467 0.0393321 0.0429451 0.0382231 0.0281083 0.0179115 0.0115093 0.00986714 0.0121379 0.0171977 0.0242558 0.0327116 0.0418702 0.0508248 0.0585294 0.0639887 0.0664806 0.0657259 0.0619501 0.0558097 0.0482182 0.0401283 0.0323443 0.0254095 0.0195861 0.0149042 0.0112462 0.00843047
 1.06719e-16 1.5124e-05 8.87269e-05 0.000421688 0.00162339 0.00506225 0.012787 0.0261657 0.0433791 0.0582769 0.0634696 0.0561104 0.0404408 0.0241599 0.0127776 0.00744358 0.0066343 0.0085234 0.0119952 0.0165272 0.021807 0.0275024 0.0332074 0.0384811 0.0429191 0.0462181 0.048212 0.0488694 0.0482642 0.0465336 0.0438436 0.0403706 0.0363004 0.031832 0.0271786 0.0225584
 1.01969e-16 2.28995e-05 0.000134364 0.000638628 0.00245862 0.00766687 0.0193662 0.0396281 0.0656964 0.0882539 0.0961049 0.084931 0.0611444 0.0363862 0.0189697 0.0105871 0.00886113 0.0109322 0.0149951 0.0201297 0.0257371 0.0312185 0.0359239 0.0392442 0.0407432 0.0402604 0.0379474 0.0342197 0.0296459 0.0248118 0.0202031 0.0161373 0.0127539 0.0100483 0.00792837 0.00626951
pSPR Fmed_Fpbrs
0.55323   0.6 0.325
Fs Fmed_Fpbrs
0.64   0.518628 1.9406
SSBpbr Bo_Bmed_Bpbrs
467405  235213  257073 128536
Ro
20333
SPR SPRFo_SPRFmed_SPRFpbrs
419962 232336 136488
log_Ro
9.74
likeval ReclasPelacesDesembMPH_pf_preclas_ppelaces_ptallas_desvR_qrecl_qpela
 0.00169952 11.1436 0.153647 15.4784 331.636 211.05 55.8165 0 38.7608 1.71162e-05 0.000210267 1.48832e-12 0 0 0
q_reclas_q_pelaces
1.79724 7.86951
M
0.7
N
 17366.4 16235 4689.54 597.557 0.1336
 37947.4 8200.26 5135.93 1072.41 132.572
 3464.43 17470.7 2068.33 795.569 178.239
 5654.02 1391.51 1298.71 39.1952 16.2065
 32056.1 2235.06 89.6868 19.2564 0.713823
 18712.6 15337.2 795.525 25.1192 5.46828
 75639.3 7464.7 1072.31 13.5666 0.456201
 43882.9 32744.6 1085.14 64.3913 0.774744
 87996.8 19252.9 5365.45 80.058 4.45983
 124393 37116.8 2217.77 215.94 3.08027
 59748.1 56830.4 8738.39 305.144 28.6491
 51882.9 26511 10302.1 767.027 27.3582
 60463 23336.2 5427.64 1114.73 80.9416
 25523.5 25805.3 2987.03 261.868 52.6107
 11007 10311.7 2021.23 61.9297 5.74712
 9972.25 4421.65 767.497 38.3854 1.12961
 7129.34 4397.2 757.863 61.1784 2.9306
 9123.19 3144.99 756.578 60.8115 4.78709
 8589.53 4102.66 642.736 81.6151 6.66195
 12537.9 3945.42 1013.61 96.0815 12.5847
 18121.7 5680.06 861.441 122.512 12.419
 18086.3 8624.63 1928.28 222.418 33.9482
 35135.1 8557.74 2779.03 455.132 58.7512
 59800.9 16304.6 2317.22 486.348 86.2929
 13998 27886.1 4611.18 437.03 103.929
 11893.1 6663.34 9483.25 1194.12 136.506
 1766.9 5624.74 2138.12 2222.33 302.687
pred_Ctot
 615.327 4348.46 1901.02 248.865 0.0557208
 1997.78 3015.72 2711.23 579.006 71.6622
 482.145 11816.6 1670.98 648.568 145.374
 840.278 969.459 1066.78 32.4626 13.4284
 843.716 464.07 29.0544 6.42618 0.238592
 2680.5 10511.7 647.515 20.6241 4.49177
 7031.17 4063.9 757.067 9.71871 0.327058
 3702.99 16783.3 735.179 44.3271 0.533785
 9621.08 11517.5 4027.52 60.8341 3.3911
 7190.88 14643.8 1237.63 123.099 1.75792
 4604.73 27456.2 5677.88 201.728 18.957
 3536.6 11778.3 6295.35 477.716 17.0563
 6164.78 13420 3972.92 826.819 60.0779
 3462.91 17247.1 2396.84 212.1 42.633
 1530.93 6972.52 1632.68 50.479 4.68671
 809.101 2209.71 510.844 25.9753 0.765069
 576.456 2192.58 503.635 41.3359 1.98183
 623.075 1399.13 462.786 37.9112 2.98737
 465.545 1542.44 345.312 44.8292 3.66356
 795.053 1665.31 595.905 57.6298 7.55635
 543.46 1320.81 308.669 45.1709 4.58596
 615.253 2232.49 758.921 89.9705 13.7525
 1661.7 2896.87 1371.89 230.097 29.74
 2630.98 5212.34 1091.2 234.748 41.7061
 417.92 6459.62 1646.66 160.596 38.2494
 408.394 1738.49 3758 486.308 55.6734
 343.721 4348.08 1855.79 1939.71 264.272
F
 0.0503728 0.45091 0.775422 0.80595 0.807624
 0.0756777 0.677426 1.16496 1.21082 1.21334
 0.212161 1.89915 3.26594 3.39452 3.40157
 0.228099 2.04182 3.51128 3.64952 3.6571
 0.0372029 0.333021 0.57269 0.595237 0.596472
 0.219011 1.96047 3.37139 3.50412 3.51139
 0.137238 1.22848 2.11259 2.19576 2.20032
 0.123863 1.10876 1.90671 1.98178 1.98589
 0.163232 1.46116 2.51273 2.61166 2.61708
 0.0833767 0.746343 1.28347 1.334 1.33677
 0.112576 1.00772 1.73296 1.80118 1.80492
 0.0989846 0.886057 1.52374 1.58373 1.58701
 0.151453 1.35573 2.33142 2.42321 2.42824
 0.206321 1.84687 3.17603 3.30107 3.30793
 0.212021 1.8979 3.26379 3.39228 3.39932
 0.118837 1.06377 1.82934 1.90136 1.90531
 0.118407 1.05992 1.82272 1.89448 1.89842
 0.099183 0.887833 1.52679 1.5869 1.5902
 0.077989 0.698115 1.20054 1.2478 1.25039
 0.0917954 0.821703 1.41307 1.4687 1.47175
 0.0424881 0.380331 0.654049 0.679798 0.68121
 0.0483185 0.432521 0.743799 0.773082 0.774687
 0.0677506 0.606467 1.04293 1.08399 1.08624
 0.0628909 0.562965 0.968122 1.00624 1.00833
 0.042295 0.378602 0.651076 0.676708 0.678113
 0.0487845 0.436692 0.750973 0.780538 0.782159
 0.308893 2.76504 4.755 4.9422 4.95246
Np
 12351.6 5938.43 239.502 53.0904 3.50505
YTP_r0W_actual
 332.242 22333 19482.4 26667.5 4037.35
YTP_p0W_proyectada
 2322.56 2557.99 1602.74 109.681 105.452
 2322.56 23578.5 2182.32 637.073 46.7517
CTP_r0_actual
 40.5173 1033.93 620.457 665.024 90.727
CTP_p0_proyectada
 283.239 118.426 51.0426 2.73518 2.36972
 283.239 1091.6 69.5007 15.8871 1.0506
Wmedp
 8.2 21.6 31.4 40.1 44.5
nmprior
 10.8 10.6 4.6 0
nm_flota  nm_reclas  nm_pelaces    nm_pelaL
inf 19.9129 16.7443 51.6907
cv_recla  cv_pelaces  cv_mph
1.19007 0.365682 0.525738
 ------------------------------------------------
Talla a la edad & desviaci?n 
 7.2 14.2025 17.0495 18.207 18.6776
 1.08 2.13037 2.55742 2.73105 2.80164
