years
 1997 1998 1999 2000 2001 2002 2003 2004 2005 2006 2007 2008 2009 2010 2011 2012 2013 2014 2015 2016 2017 2018 2019 2020 2021 2022 2023
reclasobs
 0 0 0 370054 412103 1.49427e+06 250295 1.28982e+06 931140 785840 897777 1.04006e+06 184774 17550 25797 100020 73551 82996 120727 218422 84188 347160 605670 569463 516374 1.08416e+06 1.01767e+06
reclaspred
 311709 79926.7 207533 136680 210294 256783 717820 497417 615212 602326 500745 358428 254195 144186 114739 110111 122716 168476 179637 257253 373664 321956 523934 682981 799545 726750 632633
pelacesobs
 0 0 0 0 0 0 0 0 0 2.06254e+06 1.5e+06 0 1.87456e+06 323000 250000 174000 83755 137374 0 501740 490994 745055 786931 1.00524e+06 1.33801e+06 1.41789e+06 0
pelacespred
 912949 188334 311996 312673 418025 401144 1.43643e+06 1.13447e+06 1.2806e+06 1.25796e+06 943418 704600 504385 251159 199100 201981 233205 313680 344692 478294 768040 661096 872494 1.26557e+06 1.4708e+06 1.48053e+06 1.23758e+06
mphobs
 0 0 0 0 0 0 112323 0 153150 637223 0 255016 313432 73983 77613 109348 50772 17779 17303 59886 28197 0 207744 136588 643089 65757 70829
mphpred
 121833 71239.7 78409.3 80082.3 84551.9 137340 234290 329855 293241 328799 326953 242573 159896 85261.3 51490.6 45911 46480.2 60498.4 34970.2 38977.2 60509.1 73041.6 83148.1 117042 153866 153953 130605
desembarqueobs
 350755 77701 442110 56441 14545 235359 269955 359681 431902 328805 639364 411747 362871 311530 167758 66681 60226 58785 57116 73181 50977 67692 138656 160484 209506 203330 245020
desembarquepred
 350774 77709.6 442228 56446.8 14545.3 235421 269981 359727 431917 328824 639574 411900 363045 311930 167902 66708.4 60249.4 58790.1 57114.4 73182.7 50977.8 67691 138661 160489 209514 203338 245021
Reclutas
 42701.9 47383.3 25845.8 35428 63552.9 59184.4 120217 91964.7 141104 143609 75209.2 50127.3 58858.2 31244.7 21084 23488.5 20458 26110.5 29759.5 51820.5 67735.4 70076.2 117322 162297 62824.5 75287 101386
log_desv_Rt
 -0.278 -0.173974 -0.780096 -0.464743 0.119628 0.0484133 0.757051 0.48916 0.917254 0.934851 0.288028 -0.117679 0.0428871 -0.590395 -0.983729 -0.875735 -1.01387 -0.769908 -0.639097 -0.0844596 0.183364 0.217339 0.732676 1.05718 0.1081 0.289062 0.586687
SSB
 510996 298795 328866 335883 354629 576037 957264 1.36951e+06 1.2048e+06 1.35327e+06 1.37131e+06 1.0174e+06 688133 447948 276375 249970 261776 329996 414110 481049 715069 843737 983976 1.33046e+06 1.89383e+06 1.94216e+06 1.56085e+06
BT
 1.78324e+06 437000 751908 569011 691910 837333 2.52322e+06 2.24315e+06 2.4769e+06 2.36104e+06 2.10793e+06 1.52281e+06 1.17347e+06 704470 466606 384716 430867 557438 609956 837674 1.29064e+06 1.13915e+06 1.51741e+06 2.19069e+06 2.55459e+06 2.58758e+06 2.22927e+06
Ftot
 0.623021 0.526616 0.908233 0.199509 0.0381554 0.373808 0.206091 0.331492 0.366079 0.2601 0.497725 0.436054 0.619375 0.84528 0.625106 0.253933 0.219691 0.157746 0.132237 0.136159 0.0638229 0.0843677 0.110398 0.109328 0.0954995 0.103055 0.15471
BD_Bspro_t
 0.926791 0.682122 0.605274 0.430095 0.570493 0.736834 0.716751 0.759395 0.704553 0.68781 0.668158 0.52777 0.43681 0.372177 0.289999 0.313938 0.407591 0.559536 0.67147 0.749052 0.828625 0.881357 0.877712 0.876373 0.882734 0.852251 0.821024
BD_Bspro
 0.43876 0.256557 0.282377 0.288401 0.304498 0.494606 0.821942 1.17591 1.03449 1.16197 1.17746 0.87358 0.590856 0.384625 0.237305 0.214634 0.224771 0.283346 0.35557 0.413046 0.613985 0.724463 0.844878 1.14238 1.62611 1.66761 1.3402
BD_Bo
 0.246986 0.14442 0.158955 0.162346 0.171407 0.278422 0.462685 0.661942 0.582331 0.654092 0.662813 0.491753 0.332603 0.216512 0.133583 0.120821 0.126527 0.159501 0.200156 0.232511 0.345623 0.407813 0.475596 0.643065 0.915365 0.938725 0.754424
BD_Brms
 0.449065 0.262582 0.289008 0.295175 0.311649 0.506222 0.841246 1.20353 1.05878 1.18926 1.20511 0.894097 0.604733 0.393658 0.242879 0.219675 0.23005 0.290001 0.363921 0.422747 0.628405 0.741478 0.86472 1.16921 1.6643 1.70677 1.37168
S_f
 0.184431 1 1 1 1
 0.184431 1 1 1 1
 0.184431 1 1 1 1
 0.184431 1 1 1 1
 0.184431 1 1 1 1
 0.184431 1 1 1 1
 0.184431 1 1 1 1
 0.184431 1 1 1 1
 0.184431 1 1 1 1
 0.184431 1 1 1 1
 0.184431 1 1 1 1
 0.184431 1 1 1 1
 0.184431 1 1 1 1
 0.184431 1 1 1 1
 0.184431 1 1 1 1
 0.184431 1 1 1 1
 0.184431 1 1 1 1
 0.184431 1 1 1 1
 0.184431 1 1 1 1
 0.184431 1 1 1 1
 0.184431 1 1 1 1
 0.184431 1 1 1 1
 0.184431 1 1 1 1
 0.184431 1 1 1 1
 0.184431 1 1 1 1
 0.184431 1 1 1 1
 0.184431 1 1 1 1
Scru_reclas
 1 1 1 1 1
 1 1 1 1 1
 1 1 1 1 1
 1 1 1 1 1
 1 1 1 1 1
 1 1 1 1 1
 1 1 1 1 1
 1 1 1 1 1
 1 1 1 1 1
 1 1 1 1 1
 1 1 1 1 1
 1 1 1 1 1
 1 1 1 1 1
 1 1 1 1 1
 1 1 1 1 1
 1 1 1 1 1
 1 1 1 1 1
 1 1 1 1 1
 1 1 1 1 1
 1 1 1 1 1
 1 1 1 1 1
 1 1 1 1 1
 1 1 1 1 1
 1 1 1 1 1
 1 1 1 1 1
 1 1 1 1 1
 1 1 1 1 1
Scru_pelaces
 1 1 1 1 1
 1 1 1 1 1
 1 1 1 1 1
 1 1 1 1 1
 1 1 1 1 1
 1 1 1 1 1
 1 1 1 1 1
 1 1 1 1 1
 1 1 1 1 1
 1 1 1 1 1
 1 1 1 1 1
 1 1 1 1 1
 1 1 1 1 1
 1 1 1 1 1
 1 1 1 1 1
 1 1 1 1 1
 1 1 1 1 1
 1 1 1 1 1
 1 1 1 1 1
 1 1 1 1 1
 1 1 1 1 1
 1 1 1 1 1
 1 1 1 1 1
 1 1 1 1 1
 1 1 1 1 1
 1 1 1 1 1
 1 1 1 1 1
pf_obs 
 0.256992 0.487395 0.22802 0.0275931 0
 0.321318 0.546541 0.124235 0.00734118 0.000564706
 0.182869 0.594174 0.210203 0.0122559 0.00049798
 0.330522 0.361315 0.267642 0.0388342 0.00168674
 0.649043 0.306663 0.0425973 0.00169635 0
 0.582887 0.30429 0.105238 0.00758474 0
 0.465427 0.430635 0.0974691 0.00646863 0
 0.296916 0.608066 0.0921331 0.00288517 0
 0.311714 0.524322 0.152257 0.0117073 0
 0.15457 0.633149 0.183074 0.0267441 0.00246327
 0.131901 0.49318 0.331252 0.0422183 0.00144891
 0.196976 0.569456 0.194076 0.0375587 0.00193317
 0.518974 0.381816 0.0799577 0.0180837 0.00116848
 0.0928022 0.601141 0.25162 0.0475244 0.00691264
 0.122501 0.610282 0.24278 0.0234846 0.000952079
 0.383417 0.481906 0.127806 0.00687128 0
 0.0376549 0.599619 0.316969 0.0457579 0
 0.0361596 0.667082 0.258105 0.0386534 0
 0.158088 0.579412 0.248529 0.0139706 0
 0.0477256 0.309471 0.559284 0.082774 0.000745712
 0.0406174 0.521527 0.379366 0.0568643 0.0016247
 0.151134 0.462217 0.34131 0.0453401 0
 0.294876 0.26143 0.354403 0.0886775 0.000613685
 0.281977 0.475581 0.204845 0.0348837 0.00271318
 0.0841818 0.532909 0.334909 0.0458182 0.00218182
 0.115287 0.27431 0.454777 0.147771 0.00785563
 0 0 0 0 0
pf_pred 
 0.376694 0.442024 0.162344 0.0189243 1.43614e-05
 0.310775 0.561975 0.0902401 0.0331429 0.00386638
 0.185437 0.617822 0.160417 0.0257593 0.0105644
 0.298285 0.461868 0.181917 0.0472347 0.0106955
 0.334269 0.477018 0.124211 0.0489232 0.0155792
 0.22557 0.569027 0.147178 0.0383237 0.0199014
 0.362082 0.416595 0.162621 0.0420618 0.0166401
 0.203609 0.614804 0.118586 0.0462913 0.0167099
 0.298284 0.433763 0.206856 0.0398995 0.0211973
 0.244963 0.552979 0.124901 0.059564 0.0175927
 0.138552 0.57289 0.211336 0.0477346 0.0294876
 0.141933 0.450287 0.271187 0.100039 0.0365544
 0.23383 0.401635 0.191297 0.115209 0.0580295
 0.167549 0.574418 0.135264 0.0644253 0.0583437
 0.183634 0.508024 0.212766 0.0501021 0.045474
 0.239949 0.472752 0.178786 0.0748777 0.0336356
 0.194255 0.530393 0.171269 0.0647709 0.0393123
 0.235886 0.451891 0.205525 0.0663661 0.0403318
 0.226991 0.496947 0.163261 0.0742531 0.0385483
 0.304187 0.437344 0.166163 0.0545892 0.0377171
 0.267278 0.524779 0.1307 0.0496576 0.0275857
 0.211806 0.528615 0.185912 0.0463026 0.0273647
 0.283484 0.43156 0.19111 0.0672128 0.026633
 0.274193 0.502947 0.134229 0.0594417 0.0291892
 0.0939192 0.618783 0.199083 0.0531324 0.035083
 0.148106 0.315163 0.366546 0.11793 0.0522557
 0.211145 0.39211 0.146778 0.170708 0.0792589
pobs_RECLAS
 0 0 0 0 0
 0 0 0 0 0
 0 0 0 0 0
 0 0 0 0 0
 0.835266 0.146461 0.0176864 0.000547809 3.91292e-05
 0.385257 0.428462 0.181853 0.0044286 0
 0.867414 0.0963971 0.0333333 0.00285562 0
 0.441836 0.489002 0.0689373 0.000224442 0
 0.779404 0.147425 0.0564933 0.0165055 0.000172143
 0.814271 0.122319 0.05973 0.00367925 0
 0.40263 0.566651 0.0304383 0.000280538 0
 0.475488 0.404961 0.113038 0.00651328 0
 0.955842 0.0263864 0.0167828 0.000988607 0
 0.975058 0.0227948 0.00214734 0 0
 0.738997 0.206755 0.0527124 0.00153531 0
 0.850938 0.134255 0.0134407 0.00136685 0
 0.542534 0.407297 0.0501686 0 0
 0.764087 0.199537 0.0359546 0.000420521 0
 0.470689 0.182191 0.310203 0.0369168 0
 0.84361 0.089868 0.0606195 0.00523954 0.000663233
 0.607945 0.314616 0.071237 0.00620181 0
 0.523733 0.453247 0.0230204 0 0
 0.530135 0.295979 0.169645 0.0042399 0
 0.562478 0.366248 0.0663022 0.0049721 0
 0.250443 0.683176 0.0655157 0.000865301 0
 0.195077 0.31981 0.436473 0.0351445 0.0134964
 0.565238 0.351407 0.0832357 0.000118908 0
ppred_RECLAS
 0.774038 0.160243 0.0588534 0.0068605 5.20635e-06
 0.716987 0.230761 0.0370548 0.0136093 0.00158763
 0.570751 0.325573 0.0845349 0.0135743 0.00556711
 0.699721 0.197643 0.0778462 0.0202128 0.00457682
 0.731725 0.192228 0.0500542 0.0197149 0.00627808
 0.617761 0.280857 0.0726433 0.0189156 0.00982284
 0.756857 0.158785 0.0619833 0.0160319 0.00634239
 0.585771 0.31978 0.0616807 0.0240776 0.00869136
 0.702134 0.184124 0.0878067 0.0169366 0.00899787
 0.641006 0.262923 0.0593864 0.0283207 0.00836475
 0.474071 0.349759 0.129024 0.0291428 0.0180027
 0.479788 0.272991 0.16441 0.06065 0.0221615
 0.633602 0.19207 0.0914819 0.0550953 0.0277509
 0.53858 0.318395 0.0749755 0.0357104 0.0323394
 0.560486 0.273509 0.114549 0.0269739 0.0244822
 0.634603 0.227277 0.0859519 0.0359977 0.0161704
 0.56958 0.28333 0.0914901 0.0345999 0.0210002
 0.627973 0.220014 0.100065 0.0323119 0.0196365
 0.615862 0.246952 0.0811308 0.0368992 0.0191561
 0.704785 0.185554 0.0704984 0.0231608 0.0160024
 0.664892 0.240006 0.0597752 0.0227107 0.0126162
 0.594034 0.272268 0.0957555 0.0238486 0.0140944
 0.683287 0.190757 0.0844742 0.0297093 0.0117723
 0.673191 0.226462 0.0604395 0.0267648 0.013143
 0.360925 0.436439 0.140417 0.0374752 0.0247447
 0.48656 0.18995 0.220919 0.0710768 0.0314948
 0.594037 0.201789 0.0755352 0.0878502 0.0407885
pobs_PELACES
 0 0 0 0 0
 0 0 0 0 0
 0 0 0 0 0
 0 0 0 0 0
 0 0 0 0 0
 0 0 0 0 0
 0 0 0 0 0
 0 0 0 0 0
 0 0 0 0 0
 0 0 0 0 0
 0.450072 0.473896 0.0757376 0.000293798 0
 0 0 0 0 0
 0.463077 0.371075 0.160297 0.00555027 0
 0.529543 0.364841 0.0842815 0.0213345 0
 0.631943 0.363953 0.00410389 0 0
 0.735681 0.248677 0.0153453 0.000297389 0
 0.695825 0.281241 0.0229344 0 0
 0.275771 0.60734 0.115278 0.00161068 0
 0 0 0 0 0
 0.896147 0.0623911 0.0374545 0.00400742 0
 0.803859 0.145111 0.0509908 3.86294e-05 0
 0.739449 0.233085 0.0266225 0.000797448 4.60066e-05
 0.878498 0.100942 0.0204185 0.000141795 0
 0.694673 0.275183 0.0284847 0.00165964 0
 0.469039 0.446079 0.0841089 0.000773354 0
 0.822795 0.102175 0.0682046 0.00682512 0
 0 0 0 0 0
ppred_PELACES
 0.802014 0.140404 0.0515667 0.0060111 4.56175e-06
 0.744844 0.208047 0.0334075 0.0122697 0.00143136
 0.629332 0.28114 0.072998 0.0117218 0.00480734
 0.71088 0.190298 0.0749531 0.0194616 0.00440673
 0.733736 0.190787 0.049679 0.0195672 0.00623102
 0.64122 0.263621 0.0681851 0.0177547 0.00922
 0.766918 0.152215 0.0594184 0.0153685 0.00607994
 0.60724 0.303206 0.0584838 0.0228297 0.00824089
 0.722322 0.171646 0.0818558 0.0157887 0.00838805
 0.656951 0.251245 0.0567487 0.0270628 0.00799322
 0.507536 0.327504 0.120814 0.0272884 0.0168572
 0.509115 0.257601 0.155141 0.0572307 0.0209121
 0.671372 0.172271 0.0820515 0.0494158 0.0248902
 0.594385 0.279888 0.0659078 0.0313915 0.0284282
 0.601418 0.248037 0.103881 0.0244618 0.0222022
 0.6503 0.217513 0.0822596 0.0344513 0.0154757
 0.584012 0.27383 0.0884224 0.0334398 0.0202961
 0.637836 0.214181 0.0974119 0.0314553 0.0191159
 0.624246 0.241562 0.07936 0.0360938 0.018738
 0.712352 0.180797 0.0686914 0.0225671 0.0155922
 0.668708 0.237273 0.0590944 0.0224521 0.0124725
 0.599498 0.268603 0.0944668 0.0235276 0.0139047
 0.689682 0.186905 0.0827686 0.0291094 0.0115346
 0.679631 0.221999 0.0592485 0.0262374 0.012884
 0.366874 0.432376 0.139109 0.0371263 0.0245143
 0.493491 0.187386 0.217936 0.0701173 0.0310696
 0.604038 0.196818 0.0736744 0.085686 0.0397836
pobs_pel_tallas
 0 0 0 0 0 0 0 0 0 0 0 0 0 0 0 0 0 0 0 0 0 0 0 0 0 0 0 0 0 0 0 0 0 0 0 0
 0 0 0 0 0 0 0 0 0 0 0 0 0 0 0 0 0 0 0 0 0 0 0 0 0 0 0 0 0 0 0 0 0 0 0 0
 0 0 0 0 0 0 0 0 0 0 0 0 0 0 0 0 0 0 0 0 0 0 0 0 0 0 0 0 0 0 0 0 0 0 0 0
 0 0 0 0 0 0 0 0 0 0 0 0 0 0 0 0 0 0 0 0 0 0 0 0 0 0 0 0 0 0 0 0 0 0 0 0
 0 0 0 0 0 0 0 0 0 0 0 0 0 0 0 0 0 0 0 0 0 0 0 0 0 0 0 0 0 0 0 0 0 0 0 0
 0 0 0 0 0 0 0 0 0 0 0 0 0 0 0 0 0 0 0 0 0 0 0 0 0 0 0 0 0 0 0 0 0 0 0 0
 0 0 0 0 0 0 0 0 0 0 0 0 0 0 0 0 0 0 0 0 0 0 0 0 0 0 0 0 0 0 0 0 0 0 0 0
 0 0 0 0 0 0 0 0 0 0 0 0 0 0 0 0 0 0 0 0 0 0 0 0 0 0 0 0 0 0 0 0 0 0 0 0
 0 0 0 0 0 0 0 0 0 0 0 0 0 0 0 0 0 0 0 0 0 0 0 0 0 0 0 0 0 0 0 0 0 0 0 0
 0 0 0 0 0 0 0 0 0 0 0 0 0 0 0 0 0 0 0 0 0 0 0 0 0 0 0 0 0 0 0 0 0 0 0 0
 0 0 0 0 0 0 0 0 1.78061e-05 0.00172719 0.00360574 0.0105946 0.0120993 0.0124554 0.0147524 0.0171206 0.0266825 0.0428682 0.0675386 0.121331 0.153587 0.119568 0.100827 0.0573624 0.0630603 0.0341343 0.0324427 0.0444173 0.0211091 0.0280891 0.0125444 0.00206551 0 0 0 0
 0 0 0 0 0 0 0 0 0 0 0 0 0 0 0 0 0 0 0 0 0 0 0 0 0 0 0 0 0 0 0 0 0 0 0 0
 0 0 0 0 0 0 0.0133647 0.0140871 0.0187388 0.0205184 0.03894 0.0496705 0.03968 0.0493445 0.0407372 0.0367815 0.0215668 0.0243155 0.0234873 0.0199281 0.019796 0.0243948 0.0301388 0.0376714 0.0412746 0.0863199 0.0771752 0.113111 0.0741005 0.0525337 0.0229764 0.00759418 0.00175318 0 0 0
 0 0 0 0 0 0 0 0 0 0 0.00219441 0.00772107 0.0458388 0.0604681 0.0671733 0.0775358 0.0609151 0.0617685 0.073594 0.0568108 0.0755445 0.0548602 0.0670107 0.0636378 0.0643287 0.046367 0.0373049 0.0286899 0.0247887 0.0153202 0.00654259 0.00121912 0.000365735 0 0 0
 0 0 0 0 0 0 0 0 0 0 0 0 0.000112435 0.00938835 0.0111873 0.0202946 0.0414886 0.0713402 0.111592 0.104902 0.108894 0.110636 0.117776 0.105296 0.107544 0.0401394 0.0192827 0.0124803 0.00416011 0.0028671 0.000618394 0 0 0 0 0
 0 0 0 0 0 0 0 0 0 0 0.00291406 0.0102884 0.027416 0.0768956 0.0749926 0.110853 0.0956884 0.0897413 0.0766577 0.0534642 0.0500743 0.0551293 0.0594112 0.0620874 0.0668451 0.0424026 0.0208742 0.0120726 0.0048766 0.00582813 0.00118941 0.000297354 0 0 0 0
 0 0.00264628 0.0354308 0.0461629 0.0458689 0.0383711 0.0214643 0.0164657 0.0346957 0.0420465 0.0363128 0.0245516 0.0311673 0.0291091 0.0169068 0.0133784 0.00837989 0.0085269 0.0148486 0.0160247 0.0276389 0.0546898 0.0760071 0.122758 0.109233 0.0665981 0.0333725 0.0166128 0.00676272 0.00308733 0.000882094 0 0 0 0 0
 0 0 0 0 0 0 0 0.000805153 0.000690131 0.00759144 0.0133425 0.0154129 0.00931677 0.000345066 0.00356568 0.00563607 0.00851162 0.0253048 0.0502646 0.0516448 0.0657925 0.0565908 0.0611916 0.0827007 0.0866115 0.110766 0.145733 0.0935128 0.0569358 0.0249597 0.0138026 0.00621118 0.00161031 0.00115022 0 0
 0 0 0 0 0 0 0 0 0 0 0 0 0 0 0 0 0 0 0 0 0 0 0 0 0 0 0 0 0 0 0 0 0 0 0 0
 0.00147267 0.00158595 0.00478618 0.00569244 0.00954404 0.0108468 0.00647125 0.017049 0.0510054 0.094081 0.124002 0.0959785 0.0687766 0.0820023 0.061753 0.0591476 0.0492212 0.0479892 0.0443925 0.0268479 0.0217502 0.0140895 0.0121071 0.0120363 0.00920419 0.00665534 0.0049561 0.00860946 0.00930331 0.0156896 0.0114698 0.00855282 0.00243557 0.00046729 0 2.83206e-05
 0 0 0 0 0.000772559 0.00158375 0.000888443 0.00281984 0.00712685 0.0440552 0.0773331 0.111326 0.0921469 0.0852325 0.0710754 0.0886704 0.0786465 0.0553345 0.0373146 0.0185414 0.00753245 0.00457741 0.012979 0.0271748 0.0457355 0.0583668 0.034881 0.0177882 0.00938659 0.00492506 0.0015258 0.00185414 0.000309023 5.79419e-05 3.86279e-05 0
 0 0.00173294 0.00326652 0 0.00397197 0.00683976 0.00946217 0.0152591 0.00757587 0.0136028 0.0228656 0.0392903 0.0559909 0.0764795 0.0681675 0.0726916 0.0566044 0.0477403 0.0527397 0.0444891 0.0609904 0.0582453 0.0661739 0.0445044 0.0529084 0.0360697 0.0280645 0.0235558 0.0158879 0.00826598 0.00280645 0.00217768 0.000904811 0.00058276 9.20147e-05 0
 0 0 0 0 0 0 0 0 0 0 0 0 0 0 0 0 0 0 0 0 0 0 0 0 0 0 0 0 0 0 0 0 0 0 0 0
 0 0 0 0 0 0 0 0 0 0 0 0 0 0 0 0 0 0 0 0 0 0 0 0 0 0 0 0 0 0 0 0 0 0 0 0
 0 0 0 0 0 0 0 0 0 0 0 0 0 0 0 0 0 0 0 0 0 0 0 0 0 0 0 0 0 0 0 0 0 0 0 0
 0 0 0 0 0 0 0 0 0 0 0 0 0 0 0 0 0 0 0 0 0 0 0 0 0 0 0 0 0 0 0 0 0 0 0 0
 0 0 0 0 0 0 0 0 0 0 0 0 0 0 0 0 0 0 0 0 0 0 0 0 0 0 0 0 0 0 0 0 0 0 0 0
ppred_pel_tallas
 1.00985e-16 3.499e-05 0.00020537 0.000976252 0.00375865 0.011721 0.0296063 0.0605781 0.100414 0.134849 0.146731 0.129402 0.0925744 0.0539144 0.0259551 0.0110749 0.00543524 0.00452469 0.00558204 0.00740366 0.00951358 0.0116429 0.0135532 0.0150234 0.0158863 0.0160634 0.0155786 0.0145454 0.0131331 0.0115245 0.00987837 0.00830885 0.00688082 0.00561918 0.00452387 0.00358367
 1.01031e-16 3.24998e-05 0.000190745 0.000906706 0.00349086 0.0108859 0.027497 0.0562627 0.0932628 0.125252 0.136308 0.120252 0.0861223 0.0503457 0.0245902 0.0110972 0.00633304 0.0061275 0.00791302 0.0105349 0.0134758 0.0163782 0.0188966 0.0207123 0.021594 0.0214506 0.0203502 0.018497 0.0161754 0.0136819 0.0112657 0.0090938 0.00724588 0.00573025 0.00451128 0.00353573
 1.01756e-16 2.7466e-05 0.000161185 0.000766161 0.0029497 0.0091983 0.0232343 0.0475416 0.0788096 0.105852 0.115221 0.101712 0.0729806 0.0429389 0.0214877 0.0105712 0.00725465 0.00805277 0.0108053 0.014501 0.0186142 0.0227048 0.026314 0.0290075 0.0304628 0.0305405 0.0293118 0.0270292 0.024055 0.0207724 0.0175085 0.014489 0.0118311 0.0095633 0.00765964 0.00607134
 1.02001e-16 3.10182e-05 0.000182048 0.000865364 0.00333168 0.0103895 0.0262432 0.0536972 0.08901 0.119541 0.130091 0.114767 0.0821912 0.048043 0.0234582 0.0105776 0.00603216 0.00584901 0.00758906 0.0101664 0.0131074 0.016091 0.0188045 0.0209505 0.0223009 0.0227436 0.022302 0.021117 0.019403 0.0173915 0.0152838 0.0132232 0.0112917 0.00952321 0.00792336 0.00648777
 1.01731e-16 3.20148e-05 0.000187899 0.00089318 0.00343878 0.0107235 0.0270868 0.0554233 0.091871 0.123382 0.13427 0.118448 0.0848163 0.0495546 0.024153 0.0108159 0.00605952 0.00577664 0.00744375 0.00993606 0.0127639 0.0155997 0.0181291 0.0200583 0.0211682 0.0213618 0.0206824 0.0192933 0.01743 0.015341 0.0132366 0.01126 0.00948402 0.00792531 0.00656817 0.00538578
 1.02095e-16 2.79836e-05 0.000164225 0.000780619 0.00300537 0.00937192 0.0236729 0.0484387 0.0802962 0.107846 0.117386 0.103611 0.0743148 0.0436673 0.0217472 0.0105257 0.00700289 0.00762129 0.0101803 0.0136603 0.0175478 0.0214275 0.0248702 0.0274704 0.0289257 0.0291043 0.0280694 0.0260521 0.0233848 0.020418 0.0174493 0.0146825 0.0122214 0.0100898 0.00826389 0.00670179
 1.01706e-16 3.34602e-05 0.000196388 0.000933545 0.00359421 0.0112082 0.0283111 0.057928 0.0960214 0.128952 0.14032 0.123759 0.0885623 0.051628 0.0249489 0.010809 0.00554795 0.00486033 0.00611013 0.00814366 0.0104943 0.0128852 0.0150627 0.0167889 0.0178817 0.0182516 0.0179172 0.0169908 0.0156429 0.0140575 0.0123936 0.0107643 0.00923344 0.00782666 0.00654782 0.00539334
 1.02099e-16 2.65035e-05 0.000155532 0.000739284 0.00284621 0.00887556 0.0224191 0.0458738 0.0760459 0.102143 0.111191 0.0981719 0.0704791 0.0415444 0.0209329 0.010534 0.00752874 0.00856265 0.0115504 0.0155019 0.0198799 0.0242173 0.0280223 0.0308316 0.0323053 0.0323031 0.0309135 0.0284196 0.0252205 0.0217329 0.0183071 0.0151785 0.0124601 0.0101674 0.00825676 0.00666306
 1.02153e-16 3.15164e-05 0.000184974 0.000879279 0.00338527 0.0105566 0.0266652 0.0545607 0.0904407 0.12146 0.132175 0.116594 0.0834736 0.0487405 0.023702 0.0105244 0.00577607 0.0054151 0.00696471 0.00933261 0.0120592 0.0148494 0.0174205 0.0195024 0.0208842 0.0214563 0.0212279 0.0203128 0.0188908 0.0171589 0.0152908 0.0134131 0.0116025 0.00989697 0.00831295 0.00685919
 1.02191e-16 2.8669e-05 0.00016825 0.000799758 0.00307906 0.00960173 0.0242533 0.0496263 0.0822642 0.110488 0.120257 0.106133 0.0760995 0.0446666 0.022153 0.0105694 0.00683286 0.00729207 0.00969095 0.0129915 0.0166843 0.0203694 0.0236385 0.026107 0.0274899 0.0276645 0.0266941 0.0248009 0.0223018 0.0195291 0.0167621 0.0141894 0.0119034 0.00992031 0.00821259 0.00673769
 1.03548e-16 2.21571e-05 0.000130012 0.000617953 0.00237904 0.00741872 0.0187393 0.0383449 0.0635676 0.0853895 0.0929736 0.082135 0.0590692 0.0350272 0.0180368 0.00971756 0.00775618 0.00938509 0.012879 0.017398 0.0224426 0.0275353 0.0321517 0.0357843 0.0380446 0.0387452 0.0379331 0.0358578 0.0328943 0.0294448 0.0258563 0.0223727 0.0191296 0.0161768 0.0135152 0.0111289
 1.0523e-16 2.22232e-05 0.000130406 0.000619841 0.00238633 0.00744148 0.0187967 0.0384619 0.0637595 0.0856415 0.0932327 0.0823277 0.059129 0.0349052 0.0176861 0.00907117 0.00671807 0.00784125 0.0107241 0.0145704 0.0189617 0.0235295 0.0278695 0.031578 0.0343267 0.0359246 0.0363455 0.0357089 0.0342273 0.0321413 0.0296652 0.0269594 0.0241301 0.0212473 0.0183679 0.0155515
 1.04082e-16 2.92947e-05 0.000171931 0.000817271 0.00314652 0.00981211 0.0247846 0.0507128 0.0840629 0.112897 0.12286 0.108386 0.0776179 0.0453632 0.0221386 0.00996674 0.00566844 0.00549746 0.00716063 0.00964802 0.0125327 0.015535 0.0183818 0.0208087 0.0226048 0.023653 0.0239464 0.0235731 0.0226793 0.021424 0.0199416 0.0183243 0.0166245 0.0148691 0.013079 0.011282
 1.03434e-16 2.5942e-05 0.000152238 0.000723627 0.00278593 0.0086876 0.0219443 0.0449022 0.0744348 0.0999772 0.10883 0.0960799 0.0689599 0.0406145 0.0204013 0.010165 0.00714271 0.00805098 0.0108551 0.0146007 0.0187861 0.0229852 0.02675 0.0296554 0.0313845 0.0317974 0.0309578 0.0291016 0.0265672 0.0237073 0.0208156 0.0180862 0.0156099 0.0133988 0.0114224 0.00964028
 1.03434e-16 2.62475e-05 0.000154034 0.000732172 0.00281884 0.00879023 0.0222036 0.0454323 0.0753127 0.101154 0.110103 0.0971862 0.0697156 0.0409828 0.0204453 0.00995727 0.00671278 0.00738526 0.00992276 0.013382 0.0172943 0.0212797 0.0249402 0.0278908 0.0298331 0.0306166 0.0302631 0.0289447 0.0269262 0.0244938 0.0218947 0.0193035 0.0168193 0.0144836 0.012307 0.0102923
 1.03146e-16 2.83777e-05 0.000166543 0.000791648 0.00304785 0.0095044 0.0240074 0.049123 0.081429 0.109364 0.119027 0.105032 0.0752773 0.0441178 0.0217591 0.0101813 0.0063247 0.00657286 0.00870113 0.0117051 0.0151193 0.0185982 0.0217918 0.0243642 0.0260566 0.0267402 0.0264373 0.0253009 0.0235637 0.0214754 0.019249 0.0170327 0.0149072 0.0129032 0.0110256 0.00927403
 1.03442e-16 2.54895e-05 0.000149582 0.000711 0.00273731 0.00853599 0.0215614 0.0441186 0.0731359 0.0982328 0.106932 0.0944046 0.0677595 0.0399116 0.0200566 0.0100085 0.00705528 0.0079745 0.0107716 0.0145145 0.0187157 0.0229606 0.0268107 0.0298455 0.031745 0.0323581 0.0317284 0.0300673 0.0276877 0.0249214 0.0220501 0.0192667 0.0166717 0.0142949 0.0121278 0.0101519
 1.03427e-16 2.78341e-05 0.000163352 0.000776478 0.00298944 0.00932225 0.0235473 0.0481816 0.0798686 0.107268 0.116747 0.103022 0.0738403 0.0432833 0.0213622 0.0100214 0.00626269 0.00654242 0.00868249 0.0117017 0.0151467 0.0186805 0.0219592 0.02465 0.0264922 0.0273491 0.0272296 0.0262697 0.0246838 0.0227055 0.020537 0.0183221 0.0161446 0.0140436 0.0120371 0.0101389
 1.03322e-16 2.72426e-05 0.000159877 0.000759951 0.0029258 0.00912379 0.0230461 0.0471561 0.0781696 0.104989 0.114274 0.100857 0.0723253 0.0424698 0.021099 0.0101282 0.00663469 0.00715679 0.00955956 0.0128655 0.0165981 0.0203821 0.0238299 0.026571 0.0283226 0.0289491 0.0284853 0.0271125 0.0251 0.0227339 0.0202563 0.0178322 0.0155474 0.0134278 0.0114682 0.00965689
 1.02539e-16 3.1082e-05 0.000182423 0.00086715 0.00333856 0.010411 0.0262973 0.053808 0.0891934 0.119786 0.130356 0.114995 0.0823423 0.0481068 0.0234437 0.0104941 0.00587778 0.00561126 0.00725113 0.00971464 0.0125379 0.0154152 0.0180515 0.0201671 0.021547 0.0220847 0.0218003 0.0208228 0.0193484 0.0175871 0.0157186 0.0138678 0.0121029 0.0104493 0.00890977 0.00748216
 1.02271e-16 2.91812e-05 0.000171258 0.000814061 0.00313414 0.00977349 0.0246871 0.0505139 0.0837349 0.112461 0.122401 0.108015 0.0774261 0.0453998 0.0224324 0.0105624 0.00664428 0.00695617 0.00920201 0.0123336 0.01585 0.0193698 0.0225069 0.0248977 0.0262713 0.0265089 0.0256657 0.0239466 0.0216452 0.0190705 0.0164827 0.0140579 0.0118832 0.00997621 0.00831425 0.00686157
 1.02887e-16 2.61646e-05 0.000153545 0.000729845 0.00280987 0.00876227 0.0221329 0.045288 0.075074 0.100835 0.109761 0.0968951 0.0695309 0.0409227 0.0205047 0.0101331 0.00701777 0.0078462 0.0105693 0.0142334 0.0183472 0.0224991 0.0262556 0.029201 0.0310181 0.0315561 0.0308565 0.0291276 0.0266798 0.0238453 0.0209095 0.018072 0.0154417 0.0130564 0.0109131 0.00899526
 1.02776e-16 3.00937e-05 0.00017662 0.000839563 0.00323234 0.0100797 0.0254607 0.0520962 0.0863562 0.115977 0.126214 0.111349 0.0797492 0.0466272 0.0227892 0.0103151 0.00594007 0.00581423 0.00757605 0.0101766 0.0131602 0.0162176 0.0190453 0.0213524 0.0229115 0.0236048 0.0234426 0.0225464 0.0211075 0.0193334 0.0174045 0.0154491 0.0135421 0.0117183 0.00999192 0.00837317
 1.02418e-16 2.96568e-05 0.000174052 0.000827347 0.0031853 0.00993302 0.0250901 0.0513382 0.0851008 0.114294 0.124391 0.10976 0.0786542 0.046073 0.0226779 0.0105326 0.00643222 0.00658921 0.00867064 0.0116203 0.0149478 0.0182926 0.021294 0.0236115 0.0249904 0.0253159 0.0246344 0.0231305 0.0210711 0.0187373 0.0163661 0.0141174 0.0120714 0.0102456 0.00862314 0.00717672
 1.04537e-16 1.60279e-05 9.40186e-05 0.000446814 0.00172007 0.00536373 0.0135487 0.0277254 0.0459687 0.0617675 0.0673016 0.0595704 0.043091 0.0260542 0.0143401 0.00921122 0.00908703 0.0120344 0.0168193 0.0227645 0.0293416 0.0359491 0.0419007 0.0465309 0.0493347 0.050077 0.0488348 0.0459543 0.0419459 0.0373521 0.0326364 0.0281195 0.0239712 0.0202435 0.0169203 0.0139633
 1.07016e-16 2.15392e-05 0.000126397 0.000600793 0.00231302 0.00721286 0.0182192 0.0372796 0.0617981 0.0830023 0.0903471 0.0797502 0.0572139 0.0336472 0.0168158 0.00825146 0.00566949 0.00636806 0.00870318 0.0119522 0.0157891 0.0199593 0.024178 0.0281406 0.0315691 0.0342547 0.0360803 0.0370164 0.0370971 0.0363903 0.0349747 0.032932 0.0303522 0.0273434 0.0240385 0.0205918
 1.05914e-16 2.63595e-05 0.000154697 0.000735333 0.00283103 0.00882827 0.0222996 0.0456284 0.0756362 0.101583 0.110559 0.0975598 0.069921 0.0409776 0.0202096 0.00945802 0.00588482 0.00613779 0.00816189 0.0110406 0.0143623 0.0178305 0.0211434 0.0240075 0.0261901 0.0275634 0.0281219 0.0279629 0.0272427 0.0261246 0.0247382 0.0231617 0.0214285 0.019548 0.0175315 0.0154092
pSPR Fmed_Fpbrs
0.445592   0.6 0.325
Fs Fmed_Fpbrs
0.64   0.347501 1.06705
SSBpbr Bo_Bmed_Bpbrs
2.06893e+06  818452  1.13791e+06 568956
Ro
56387.3
SPR SPRFo_SPRFmed_SPRFpbrs
1.16464e+06 518953 378507
log_Ro
10.76
likeval ReclasPelacesDesembMPH_pf_preclas_ppelaces_ptallas_desvR_qrecl_qpela
 0.0009431 24.1216 0.016959 19.1466 329.962 217.385 55.8948 0 13.7074 6.64619e-05 4.56231e-07 1.53644e-15 0 0 0
q_reclas_q_pelaces
0.314985 1.10086
M
0.7
N
 42701.9 11397.3 4185.94 487.952 0.370301
 47383.3 18903.4 3035.44 1114.84 130.055
 25845.8 21352 5544.04 890.243 365.107
 35428 10855.2 4275.55 1110.15 251.373
 63552.9 16957.4 4415.55 1739.16 553.824
 59184.4 31338.1 8105.56 2110.61 1096.04
 120217 27432.2 10708.4 2769.71 1095.73
 91964.7 57471.3 11085.4 4327.27 1562.03
 141104 42959.9 20487.1 3951.65 2099.38
 143609 65495.5 14793.5 7054.84 2083.71
 75209.2 67974 25075.3 5663.76 3498.73
 50127.3 34072 20520 7569.72 2765.97
 58858.2 22968.9 10940 6588.64 3318.62
 31244.7 26073 6139.65 2924.28 2648.23
 21084 13275.9 5560.12 1309.29 1188.35
 23488.5 9329.92 3528.41 1477.74 663.811
 20458 11130.4 3594.1 1359.22 824.974
 26110.5 9755.76 4437.03 1432.76 870.714
 29759.5 12594.3 4137.58 1881.82 976.943
 51820.5 14422.1 5479.46 1800.16 1243.78
 67735.4 25095.1 6250.12 2374.64 1319.16
 70076.2 33242.8 11691.4 2911.82 1720.87
 117322 34261.6 15172.3 5336.03 2114.4
 162297 57086.1 15235.5 6746.83 3313.07
 62824.5 78985.6 25412.3 6782.17 4478.23
 75287 30653 35650.6 11470 5082.45
 101386 36682.5 13731.3 15970 7414.79
pred_Ctot
 3355.69 3937.67 1446.21 168.583 0.127936
 3171.75 5735.48 920.983 338.254 39.4599
 2894.54 9643.75 2504 402.083 164.903
 922.424 1428.3 562.566 146.07 33.075
 320.629 457.554 119.143 46.927 14.9436
 2846.85 7181.51 1857.49 483.672 251.17
 3231.58 3718.1 1451.39 375.401 148.513
 3936.26 11885.7 2292.57 894.925 323.044
 6651.11 9672.02 4612.47 889.676 472.656
 4850.83 10950.2 2473.34 1179.5 348.377
 4769.19 19719.9 7274.58 1643.11 1015.02
 2798.65 8878.82 5347.3 1972.59 720.785
 4599.59 7900.44 3762.93 2266.24 1141.48
 3272.9 11220.7 2642.24 1258.49 1139.69
 1662.14 4598.3 1925.82 453.492 411.602
 774.964 1526.85 577.427 241.833 108.633
 585.582 1598.87 516.29 195.252 118.507
 539.341 1033.22 469.921 151.742 92.2164
 516.378 1130.5 371.401 168.917 87.693
 925.552 1330.71 505.586 166.099 114.762
 570.423 1119.98 278.939 105.979 58.8732
 778.8 1943.69 683.588 170.252 100.619
 1702.55 2591.86 1147.77 403.667 159.953
 2332.61 4278.66 1141.91 505.681 248.318
 789.617 5202.35 1673.77 446.705 294.957
 1020.49 2171.55 2525.59 812.567 360.056
 2054.43 3815.21 1428.14 1660.98 771.185
F
 0.114905 0.623021 0.623021 0.623021 0.623021
 0.0971245 0.526616 0.526616 0.526616 0.526616
 0.167507 0.908233 0.908233 0.908233 0.908233
 0.0367958 0.199509 0.199509 0.199509 0.199509
 0.00703705 0.0381554 0.0381554 0.0381554 0.0381554
 0.0689419 0.373808 0.373808 0.373808 0.373808
 0.0380097 0.206091 0.206091 0.206091 0.206091
 0.0611376 0.331492 0.331492 0.331492 0.331492
 0.0675165 0.366079 0.366079 0.366079 0.366079
 0.0479707 0.2601 0.2601 0.2601 0.2601
 0.0917961 0.497725 0.497725 0.497725 0.497725
 0.080422 0.436054 0.436054 0.436054 0.436054
 0.114232 0.619375 0.619375 0.619375 0.619375
 0.155896 0.84528 0.84528 0.84528 0.84528
 0.115289 0.625106 0.625106 0.625106 0.625106
 0.0468332 0.253933 0.253933 0.253933 0.253933
 0.0405179 0.219691 0.219691 0.219691 0.219691
 0.0290932 0.157746 0.157746 0.157746 0.157746
 0.0243886 0.132237 0.132237 0.132237 0.132237
 0.0251121 0.136159 0.136159 0.136159 0.136159
 0.011771 0.0638229 0.0638229 0.0638229 0.0638229
 0.01556 0.0843677 0.0843677 0.0843677 0.0843677
 0.0203608 0.110398 0.110398 0.110398 0.110398
 0.0201636 0.109328 0.109328 0.109328 0.109328
 0.0176131 0.0954995 0.0954995 0.0954995 0.0954995
 0.0190066 0.103055 0.103055 0.103055 0.103055
 0.0285333 0.15471 0.15471 0.15471 0.15471
Np
 51445.5 23961.1 17165.4 5474.44 2768.13
YTP_r0W_actual
 37254.2 170641 92856.5 137918 71060.9
YTP_p0W_proyectada
 18903.7 227617 105527 50446.5 92806.7
 18903.7 111463 116080 47277.6 26528.8
CTP_r0_actual
 4543.2 7900.07 2957.21 3439.35 1596.87
CTP_p0_proyectada
 2305.33 10537.8 3360.74 1258.02 2085.54
 2305.33 5160.35 3696.8 1178.99 596.154
Wmedp
 8.2 21.6 31.4 40.1 44.5
nmprior
 10.8 10.6 4.6 0
nm_flota  nm_reclas  nm_pelaces    nm_pelaL
inf 13.0416 17.1267 53.351
cv_recla  cv_pelaces  cv_mph
0.88652 0.538014 0.584726
 ------------------------------------------------
Talla a la edad & desviaci?n 
 7.2 14.2025 17.0495 18.207 18.6776
 1.08 2.13037 2.55742 2.73105 2.80164
