years
 1997 1998 1999 2000 2001 2002 2003 2004 2005 2006 2007 2008 2009 2010 2011 2012 2013 2014 2015 2016 2017 2018 2019 2020 2021 2022 2023
reclasobs
 0 0 0 370054 412103 1.49427e+06 250295 1.28982e+06 931140 785840 897777 1.04006e+06 184774 17550 25797 100020 73551 82996 120727 218422 84188 347160 605670 569463 516374 1.08416e+06 1.01767e+06
reclaspred
 1.24411e+06 223065 274893 37238.3 198825 181563 865044 653827 780949 1.17013e+06 1.06926e+06 747117 542161 278112 147700 114376 109351 134698 141913 169444 274859 247284 384444 647245 855024 575427 52641
pelacesobs
 0 0 0 0 0 0 0 0 0 2.06254e+06 1.5e+06 0 1.87456e+06 323000 250000 174000 83755 137374 0 501740 490994 745055 786931 1.00524e+06 1.33801e+06 1.41789e+06 0
pelacespred
 2.31738e+06 604530 231020 60898.8 374911 201983 1.95384e+06 1.33145e+06 1.54802e+06 2.36883e+06 1.89962e+06 1.41284e+06 1.01877e+06 422370 212999 184068 176751 230255 241922 276993 555684 489659 579527 1.08934e+06 1.52348e+06 1.15312e+06 41284.4
mphobs
 0 0 0 0 0 0 112323 0 153150 637223 0 255016 313432 73983 77613 109348 50772 17779 17303 59886 28197 0 207744 136588 643089 65757 70829
mphpred
 410171 153271 120601 24961.1 26472 95262.7 151952 332186 243921 358691 486372 318879 206673 155790 67107.7 41062.5 33720.2 39152.6 41333.9 38345.6 62352.4 83618 85381.4 139709 237933 184098 48089.3
desembarqueobs
 350755 77701 442110 56441 14545 235359 269955 359681 431902 328805 639364 411747 362871 311530 167758 66681 60226 58785 57116 73181 50977 67692 138656 160484 209506 203330 245020
desembarquepred
 350728 77656.6 441427 56399.7 14541.4 234944 269704 359224 431162 328483 638326 411076 362135 311175 167538 66644.3 60192.4 58710.3 57033.1 73087.3 50955.2 67635 138535 160361 209351 203092 244418
Reclutas
 13034.8 39102.8 2472.42 4654.33 32590.6 16578.8 78789.2 40884.2 87061.7 129352 57052.5 50501.2 62522.3 25242.2 10848.5 10028.7 7000.27 9034.31 8424.51 12440.4 17998.4 17419 34919 65547.4 13650.2 9677.23 1160.95
log_desv_Rt
 -0.384623 0.713948 -2.04705 -1.41445 0.531778 -0.144119 1.41453 0.758498 1.51437 1.91029 1.09173 0.969753 1.18328 0.276271 -0.568215 -0.646796 -1.0063 -0.751216 -0.8211 -0.431296 -0.0619637 -0.0946817 0.600786 1.23053 -0.338492 -0.682469 -2.803
SSB
 587553 219555 172756 35755.9 37920.1 136460 208506 467576 334751 499845 696709 456782 309343 227173 103437 64582.1 57010.6 61819.3 76639.3 77582.6 114304 148330 158234 241497 461066 376894 103374
BT
 1.0632e+06 345902 300368 89028.8 194155 255291 1.19598e+06 900652 1.12687e+06 1.3328e+06 1.26633e+06 914457 790906 453691 225498 126863 120443 142786 135996 170531 264678 226016 318613 571057 638239 513285 231782
Ftot
 0.699288 1.12214 3.20919 3.88387 0.669186 3.65236 2.37359 1.96899 2.74381 1.3722 1.76797 1.57628 2.49063 3.24951 3.33151 1.89649 1.89095 1.61085 1.27782 1.52275 0.699134 0.79194 1.13231 1.02046 0.634166 0.710537 4.95303
BD_Bspro_t
 0.929391 0.603192 0.438078 0.0791237 0.141167 0.400429 0.373216 0.510764 0.381942 0.443257 0.490691 0.323322 0.247953 0.217956 0.124338 0.0985025 0.120441 0.179701 0.260942 0.311684 0.430186 0.557252 0.528282 0.561687 0.642977 0.519117 0.204556
BD_Bspro
 1.48558 0.555125 0.436798 0.0904054 0.0958774 0.345027 0.52719 1.18222 0.846388 1.26381 1.76157 1.15493 0.782146 0.574385 0.261532 0.16329 0.144146 0.156305 0.193775 0.196161 0.289006 0.37504 0.40008 0.610603 1.16576 0.952941 0.261371
BD_Bo
 1.24085 0.463676 0.364842 0.0755125 0.0800831 0.288189 0.440343 0.98747 0.706958 1.05562 1.47137 0.964674 0.653299 0.479764 0.218448 0.13639 0.1204 0.130556 0.161854 0.163846 0.241397 0.313258 0.334173 0.510015 0.973721 0.795958 0.218314
BD_Brms
 2.25609 0.843048 0.663349 0.137295 0.145606 0.52398 0.800624 1.7954 1.28538 1.91931 2.67522 1.75395 1.18782 0.872298 0.397179 0.247982 0.218909 0.237374 0.29428 0.297902 0.438903 0.56956 0.607587 0.927301 1.7704 1.4472 0.396934
S_f
 0.0622439 0.557744 0.959938 0.997808 0.999884
 0.0622439 0.557744 0.959938 0.997808 0.999884
 0.0622439 0.557744 0.959938 0.997808 0.999884
 0.0622439 0.557744 0.959938 0.997808 0.999884
 0.0622439 0.557744 0.959938 0.997808 0.999884
 0.0622439 0.557744 0.959938 0.997808 0.999884
 0.0622439 0.557744 0.959938 0.997808 0.999884
 0.0622439 0.557744 0.959938 0.997808 0.999884
 0.0622439 0.557744 0.959938 0.997808 0.999884
 0.0622439 0.557744 0.959938 0.997808 0.999884
 0.0622439 0.557744 0.959938 0.997808 0.999884
 0.0622439 0.557744 0.959938 0.997808 0.999884
 0.0622439 0.557744 0.959938 0.997808 0.999884
 0.0622439 0.557744 0.959938 0.997808 0.999884
 0.0622439 0.557744 0.959938 0.997808 0.999884
 0.0622439 0.557744 0.959938 0.997808 0.999884
 0.0622439 0.557744 0.959938 0.997808 0.999884
 0.0622439 0.557744 0.959938 0.997808 0.999884
 0.0622439 0.557744 0.959938 0.997808 0.999884
 0.0622439 0.557744 0.959938 0.997808 0.999884
 0.0622439 0.557744 0.959938 0.997808 0.999884
 0.0622439 0.557744 0.959938 0.997808 0.999884
 0.0622439 0.557744 0.959938 0.997808 0.999884
 0.0622439 0.557744 0.959938 0.997808 0.999884
 0.0622439 0.557744 0.959938 0.997808 0.999884
 0.0622439 0.557744 0.959938 0.997808 0.999884
 0.0622439 0.557744 0.959938 0.997808 0.999884
Scru_reclas
 0.536395 0.853433 0.967001 0.993265 0.998654
 0.536395 0.853433 0.967001 0.993265 0.998654
 0.536395 0.853433 0.967001 0.993265 0.998654
 0.536395 0.853433 0.967001 0.993265 0.998654
 0.536395 0.853433 0.967001 0.993265 0.998654
 0.536395 0.853433 0.967001 0.993265 0.998654
 0.536395 0.853433 0.967001 0.993265 0.998654
 0.536395 0.853433 0.967001 0.993265 0.998654
 0.536395 0.853433 0.967001 0.993265 0.998654
 0.536395 0.853433 0.967001 0.993265 0.998654
 0.536395 0.853433 0.967001 0.993265 0.998654
 0.536395 0.853433 0.967001 0.993265 0.998654
 0.536395 0.853433 0.967001 0.993265 0.998654
 0.536395 0.853433 0.967001 0.993265 0.998654
 0.536395 0.853433 0.967001 0.993265 0.998654
 0.536395 0.853433 0.967001 0.993265 0.998654
 0.536395 0.853433 0.967001 0.993265 0.998654
 0.536395 0.853433 0.967001 0.993265 0.998654
 0.536395 0.853433 0.967001 0.993265 0.998654
 0.536395 0.853433 0.967001 0.993265 0.998654
 0.536395 0.853433 0.967001 0.993265 0.998654
 0.536395 0.853433 0.967001 0.993265 0.998654
 0.536395 0.853433 0.967001 0.993265 0.998654
 0.536395 0.853433 0.967001 0.993265 0.998654
 0.536395 0.853433 0.967001 0.993265 0.998654
 0.536395 0.853433 0.967001 0.993265 0.998654
 0.536395 0.853433 0.967001 0.993265 0.998654
Scru_pelaces
 0.466716 0.814966 0.956833 0.991115 0.998222
 0.466716 0.814966 0.956833 0.991115 0.998222
 0.466716 0.814966 0.956833 0.991115 0.998222
 0.466716 0.814966 0.956833 0.991115 0.998222
 0.466716 0.814966 0.956833 0.991115 0.998222
 0.466716 0.814966 0.956833 0.991115 0.998222
 0.466716 0.814966 0.956833 0.991115 0.998222
 0.466716 0.814966 0.956833 0.991115 0.998222
 0.466716 0.814966 0.956833 0.991115 0.998222
 0.466716 0.814966 0.956833 0.991115 0.998222
 0.466716 0.814966 0.956833 0.991115 0.998222
 0.466716 0.814966 0.956833 0.991115 0.998222
 0.466716 0.814966 0.956833 0.991115 0.998222
 0.466716 0.814966 0.956833 0.991115 0.998222
 0.466716 0.814966 0.956833 0.991115 0.998222
 0.466716 0.814966 0.956833 0.991115 0.998222
 0.466716 0.814966 0.956833 0.991115 0.998222
 0.466716 0.814966 0.956833 0.991115 0.998222
 0.466716 0.814966 0.956833 0.991115 0.998222
 0.466716 0.814966 0.956833 0.991115 0.998222
 0.466716 0.814966 0.956833 0.991115 0.998222
 0.466716 0.814966 0.956833 0.991115 0.998222
 0.466716 0.814966 0.956833 0.991115 0.998222
 0.466716 0.814966 0.956833 0.991115 0.998222
 0.466716 0.814966 0.956833 0.991115 0.998222
 0.466716 0.814966 0.956833 0.991115 0.998222
 0.466716 0.814966 0.956833 0.991115 0.998222
pf_obs 
 0.256992 0.487395 0.22802 0.0275931 0
 0.321318 0.546541 0.124235 0.00734118 0.000564706
 0.182869 0.594174 0.210203 0.0122559 0.00049798
 0.330522 0.361315 0.267642 0.0388342 0.00168674
 0.649043 0.306663 0.0425973 0.00169635 0
 0.582887 0.30429 0.105238 0.00758474 0
 0.465427 0.430635 0.0974691 0.00646863 0
 0.296916 0.608066 0.0921331 0.00288517 0
 0.311714 0.524322 0.152257 0.0117073 0
 0.15457 0.633149 0.183074 0.0267441 0.00246327
 0.131901 0.49318 0.331252 0.0422183 0.00144891
 0.196976 0.569456 0.194076 0.0375587 0.00193317
 0.518974 0.381816 0.0799577 0.0180837 0.00116848
 0.0928022 0.601141 0.25162 0.0475244 0.00691264
 0.122501 0.610282 0.24278 0.0234846 0.000952079
 0.383417 0.481906 0.127806 0.00687128 0
 0.0376549 0.599619 0.316969 0.0457579 0
 0.0361596 0.667082 0.258105 0.0386534 0
 0.158088 0.579412 0.248529 0.0139706 0
 0.0477256 0.309471 0.559284 0.082774 0.000745712
 0.0406174 0.521527 0.379366 0.0568643 0.0016247
 0.151134 0.462217 0.34131 0.0453401 0
 0.294876 0.26143 0.354403 0.0886775 0.000613685
 0.281977 0.475581 0.204845 0.0348837 0.00271318
 0.0841818 0.532909 0.334909 0.0458182 0.00218182
 0.115287 0.27431 0.454777 0.147771 0.00785563
 0 0 0 0 0
pf_pred 
 0.0573981 0.628807 0.276957 0.036831 6.79197e-06
 0.239347 0.26996 0.392804 0.0869312 0.0109587
 0.022284 0.816823 0.0896679 0.0577511 0.0134745
 0.265245 0.260797 0.454537 0.0114514 0.00796969
 0.684223 0.296511 0.0144417 0.00465454 0.000170034
 0.178162 0.783699 0.0369566 0.0008977 0.000284186
 0.637653 0.30248 0.0592988 0.000553015 1.52555e-05
 0.16084 0.809944 0.0275494 0.00165194 1.42851e-05
 0.393353 0.435823 0.168729 0.00198559 0.000109742
 0.325655 0.622881 0.0465076 0.00490238 5.42786e-05
 0.11321 0.739368 0.142557 0.00442587 0.000438897
 0.156774 0.515158 0.305547 0.0218362 0.000685154
 0.265079 0.538915 0.157171 0.0363576 0.002478
 0.143288 0.750943 0.0957821 0.00817282 0.00181432
 0.146005 0.677511 0.171086 0.00494696 0.000451372
 0.228012 0.614889 0.148543 0.00832652 0.000229507
 0.170093 0.664871 0.15135 0.0130004 0.000685938
 0.247222 0.549492 0.186846 0.0151823 0.00125784
 0.193668 0.64461 0.14146 0.0187377 0.00152338
 0.259416 0.531963 0.188547 0.0177092 0.00236605
 0.247393 0.597396 0.134185 0.0191376 0.00188801
 0.162812 0.607215 0.203495 0.0230542 0.00342352
 0.275483 0.461403 0.222116 0.0365082 0.00448974
 0.30928 0.553415 0.109585 0.0236339 0.00408635
 0.0433876 0.760946 0.175682 0.0161462 0.00383805
 0.047735 0.248039 0.622483 0.0737785 0.00796473
 0.0271907 0.42851 0.22788 0.281445 0.0349748
pobs_RECLAS
 0 0 0 0 0
 0 0 0 0 0
 0 0 0 0 0
 0 0 0 0 0
 0.835266 0.146461 0.0176864 0.000547809 3.91292e-05
 0.385257 0.428462 0.181853 0.0044286 0
 0.867414 0.0963971 0.0333333 0.00285562 0
 0.441836 0.489002 0.0689373 0.000224442 0
 0.779404 0.147425 0.0564933 0.0165055 0.000172143
 0.814271 0.122319 0.05973 0.00367925 0
 0.40263 0.566651 0.0304383 0.000280538 0
 0.475488 0.404961 0.113038 0.00651328 0
 0.955842 0.0263864 0.0167828 0.000988607 0
 0.975058 0.0227948 0.00214734 0 0
 0.738997 0.206755 0.0527124 0.00153531 0
 0.850938 0.134255 0.0134407 0.00136685 0
 0.542534 0.407297 0.0501686 0 0
 0.764087 0.199537 0.0359546 0.000420521 0
 0.470689 0.182191 0.310203 0.0369168 0
 0.84361 0.089868 0.0606195 0.00523954 0.000663233
 0.607945 0.314616 0.071237 0.00620181 0
 0.523733 0.453247 0.0230204 0 0
 0.530135 0.295979 0.169645 0.0042399 0
 0.562478 0.366248 0.0663022 0.0049721 0
 0.250443 0.683176 0.0655157 0.000865301 0
 0.195077 0.31981 0.436473 0.0351445 0.0134964
 0.565238 0.351407 0.0832357 0.000118908 0
ppred_RECLAS
 0.285764 0.541553 0.152675 0.020004 3.70063e-06
 0.711115 0.135792 0.12298 0.0267327 0.00338008
 0.147882 0.778123 0.0420281 0.0259114 0.00605512
 0.808294 0.106138 0.0822393 0.00196217 0.00136693
 0.927486 0.069624 0.0021742 0.000690537 2.53062e-05
 0.618713 0.372937 0.00810359 0.00018712 5.93072e-05
 0.92459 0.0680131 0.00732878 6.62148e-05 1.83069e-06
 0.548499 0.442329 0.00866183 0.000505753 4.38449e-06
 0.832983 0.138545 0.028135 0.000319128 1.76725e-05
 0.748982 0.238995 0.0108856 0.00112453 1.24865e-05
 0.457527 0.485594 0.0550445 0.00166793 0.00016584
 0.572361 0.309689 0.110018 0.00768982 0.00024195
 0.728196 0.227301 0.0359176 0.00803673 0.000548933
 0.555353 0.416095 0.0259619 0.00211925 0.000471187
 0.574519 0.377954 0.0461361 0.00127459 0.000116467
 0.667345 0.289762 0.0406125 0.00221864 6.13103e-05
 0.581341 0.366026 0.0483697 0.0040494 0.000214208
 0.691733 0.25258 0.0512753 0.00407339 0.000338404
 0.608122 0.339614 0.0458246 0.00595382 0.000485464
 0.704883 0.238848 0.0509579 0.00468364 0.00062751
 0.672469 0.280908 0.0403869 0.00567508 0.000561651
 0.556493 0.357469 0.0762631 0.00850746 0.00126731
 0.722733 0.204823 0.0613237 0.00989942 0.00122107
 0.739716 0.225342 0.0279808 0.00593211 0.0010288
 0.220035 0.669528 0.0992971 0.00899493 0.00214498
 0.283506 0.254702 0.408878 0.0477435 0.00517046
 0.271319 0.501141 0.0993065 0.11406 0.0141738
pobs_PELACES
 0 0 0 0 0
 0 0 0 0 0
 0 0 0 0 0
 0 0 0 0 0
 0 0 0 0 0
 0 0 0 0 0
 0 0 0 0 0
 0 0 0 0 0
 0 0 0 0 0
 0 0 0 0 0
 0.450072 0.473896 0.0757376 0.000293798 0
 0 0 0 0 0
 0.463077 0.371075 0.160297 0.00555027 0
 0.529543 0.364841 0.0842815 0.0213345 0
 0.631943 0.363953 0.00410389 0 0
 0.735681 0.248677 0.0153453 0.000297389 0
 0.695825 0.281241 0.0229344 0 0
 0.275771 0.60734 0.115278 0.00161068 0
 0 0 0 0 0
 0.896147 0.0623911 0.0374545 0.00400742 0
 0.803859 0.145111 0.0509908 3.86294e-05 0
 0.739449 0.233085 0.0266225 0.000797448 4.60066e-05
 0.878498 0.100942 0.0204185 0.000141795 0
 0.694673 0.275183 0.0284847 0.00165964 0
 0.469039 0.446079 0.0841089 0.000773354 0
 0.822795 0.102175 0.0682046 0.00682512 0
 0 0 0 0 0
ppred_PELACES
 0.292934 0.543434 0.144679 0.0189499 3.51003e-06
 0.740831 0.129231 0.104493 0.0225867 0.00285862
 0.215802 0.737383 0.0269551 0.0160999 0.00376058
 0.89734 0.0685257 0.0328571 0.000753109 0.00052416
 0.928718 0.0685831 0.0020306 0.000644953 2.36659e-05
 0.73032 0.265885 0.00368679 8.20196e-05 2.59759e-05
 0.94405 0.0516992 0.00421254 3.72593e-05 1.03025e-06
 0.605316 0.388266 0.00606649 0.000348521 3.02258e-06
 0.882 0.102797 0.0150285 0.000166108 9.19731e-06
 0.774015 0.216583 0.00851982 0.000872472 9.69538e-06
 0.511225 0.445986 0.0414278 0.00123825 0.000123183
 0.622777 0.285795 0.0853438 0.00589819 0.0001857
 0.792982 0.18078 0.0212683 0.00465196 0.000317751
 0.664179 0.321034 0.0134843 0.00106583 0.000236856
 0.687862 0.288042 0.0234133 0.000625696 5.71423e-05
 0.718846 0.25122 0.0283657 0.00152608 4.21902e-05
 0.638588 0.323907 0.0345083 0.0028453 0.000150578
 0.732762 0.225649 0.0383292 0.00300944 0.000250171
 0.639298 0.31795 0.0375193 0.00483801 0.000394822
 0.742016 0.215122 0.0388544 0.00353344 0.000473734
 0.678877 0.277611 0.0376924 0.00529469 0.000524662
 0.568701 0.35223 0.070096 0.00780783 0.00116448
 0.746327 0.192895 0.0514924 0.00826473 0.00102041
 0.756073 0.213933 0.0240389 0.00507427 0.000880938
 0.223035 0.671458 0.0948574 0.00859687 0.00205272
 0.295986 0.259829 0.393305 0.0459032 0.00497738
 0.47275 0.426364 0.0453667 0.0493924 0.00612762
pobs_pel_tallas
 0 0 0 0 0 0 0 0 0 0 0 0 0 0 0 0 0 0 0 0 0 0 0 0 0 0 0 0 0 0 0 0 0 0 0 0
 0 0 0 0 0 0 0 0 0 0 0 0 0 0 0 0 0 0 0 0 0 0 0 0 0 0 0 0 0 0 0 0 0 0 0 0
 0 0 0 0 0 0 0 0 0 0 0 0 0 0 0 0 0 0 0 0 0 0 0 0 0 0 0 0 0 0 0 0 0 0 0 0
 0 0 0 0 0 0 0 0 0 0 0 0 0 0 0 0 0 0 0 0 0 0 0 0 0 0 0 0 0 0 0 0 0 0 0 0
 0 0 0 0 0 0 0 0 0 0 0 0 0 0 0 0 0 0 0 0 0 0 0 0 0 0 0 0 0 0 0 0 0 0 0 0
 0 0 0 0 0 0 0 0 0 0 0 0 0 0 0 0 0 0 0 0 0 0 0 0 0 0 0 0 0 0 0 0 0 0 0 0
 0 0 0 0 0 0 0 0 0 0 0 0 0 0 0 0 0 0 0 0 0 0 0 0 0 0 0 0 0 0 0 0 0 0 0 0
 0 0 0 0 0 0 0 0 0 0 0 0 0 0 0 0 0 0 0 0 0 0 0 0 0 0 0 0 0 0 0 0 0 0 0 0
 0 0 0 0 0 0 0 0 0 0 0 0 0 0 0 0 0 0 0 0 0 0 0 0 0 0 0 0 0 0 0 0 0 0 0 0
 0 0 0 0 0 0 0 0 0 0 0 0 0 0 0 0 0 0 0 0 0 0 0 0 0 0 0 0 0 0 0 0 0 0 0 0
 0 0 0 0 0 0 0 0 1.78061e-05 0.00172719 0.00360574 0.0105946 0.0120993 0.0124554 0.0147524 0.0171206 0.0266825 0.0428682 0.0675386 0.121331 0.153587 0.119568 0.100827 0.0573624 0.0630603 0.0341343 0.0324427 0.0444173 0.0211091 0.0280891 0.0125444 0.00206551 0 0 0 0
 0 0 0 0 0 0 0 0 0 0 0 0 0 0 0 0 0 0 0 0 0 0 0 0 0 0 0 0 0 0 0 0 0 0 0 0
 0 0 0 0 0 0 0.0133647 0.0140871 0.0187388 0.0205184 0.03894 0.0496705 0.03968 0.0493445 0.0407372 0.0367815 0.0215668 0.0243155 0.0234873 0.0199281 0.019796 0.0243948 0.0301388 0.0376714 0.0412746 0.0863199 0.0771752 0.113111 0.0741005 0.0525337 0.0229764 0.00759418 0.00175318 0 0 0
 0 0 0 0 0 0 0 0 0 0 0.00219441 0.00772107 0.0458388 0.0604681 0.0671733 0.0775358 0.0609151 0.0617685 0.073594 0.0568108 0.0755445 0.0548602 0.0670107 0.0636378 0.0643287 0.046367 0.0373049 0.0286899 0.0247887 0.0153202 0.00654259 0.00121912 0.000365735 0 0 0
 0 0 0 0 0 0 0 0 0 0 0 0 0.000112435 0.00938835 0.0111873 0.0202946 0.0414886 0.0713402 0.111592 0.104902 0.108894 0.110636 0.117776 0.105296 0.107544 0.0401394 0.0192827 0.0124803 0.00416011 0.0028671 0.000618394 0 0 0 0 0
 0 0 0 0 0 0 0 0 0 0 0.00291406 0.0102884 0.027416 0.0768956 0.0749926 0.110853 0.0956884 0.0897413 0.0766577 0.0534642 0.0500743 0.0551293 0.0594112 0.0620874 0.0668451 0.0424026 0.0208742 0.0120726 0.0048766 0.00582813 0.00118941 0.000297354 0 0 0 0
 0 0.00264628 0.0354308 0.0461629 0.0458689 0.0383711 0.0214643 0.0164657 0.0346957 0.0420465 0.0363128 0.0245516 0.0311673 0.0291091 0.0169068 0.0133784 0.00837989 0.0085269 0.0148486 0.0160247 0.0276389 0.0546898 0.0760071 0.122758 0.109233 0.0665981 0.0333725 0.0166128 0.00676272 0.00308733 0.000882094 0 0 0 0 0
 0 0 0 0 0 0 0 0.000805153 0.000690131 0.00759144 0.0133425 0.0154129 0.00931677 0.000345066 0.00356568 0.00563607 0.00851162 0.0253048 0.0502646 0.0516448 0.0657925 0.0565908 0.0611916 0.0827007 0.0866115 0.110766 0.145733 0.0935128 0.0569358 0.0249597 0.0138026 0.00621118 0.00161031 0.00115022 0 0
 0 0 0 0 0 0 0 0 0 0 0 0 0 0 0 0 0 0 0 0 0 0 0 0 0 0 0 0 0 0 0 0 0 0 0 0
 0.00147267 0.00158595 0.00478618 0.00569244 0.00954404 0.0108468 0.00647125 0.017049 0.0510054 0.094081 0.124002 0.0959785 0.0687766 0.0820023 0.061753 0.0591476 0.0492212 0.0479892 0.0443925 0.0268479 0.0217502 0.0140895 0.0121071 0.0120363 0.00920419 0.00665534 0.0049561 0.00860946 0.00930331 0.0156896 0.0114698 0.00855282 0.00243557 0.00046729 0 2.83206e-05
 0 0 0 0 0.000772559 0.00158375 0.000888443 0.00281984 0.00712685 0.0440552 0.0773331 0.111326 0.0921469 0.0852325 0.0710754 0.0886704 0.0786465 0.0553345 0.0373146 0.0185414 0.00753245 0.00457741 0.012979 0.0271748 0.0457355 0.0583668 0.034881 0.0177882 0.00938659 0.00492506 0.0015258 0.00185414 0.000309023 5.79419e-05 3.86279e-05 0
 0 0.00173294 0.00326652 0 0.00397197 0.00683976 0.00946217 0.0152591 0.00757587 0.0136028 0.0228656 0.0392903 0.0559909 0.0764795 0.0681675 0.0726916 0.0566044 0.0477403 0.0527397 0.0444891 0.0609904 0.0582453 0.0661739 0.0445044 0.0529084 0.0360697 0.0280645 0.0235558 0.0158879 0.00826598 0.00280645 0.00217768 0.000904811 0.00058276 9.20147e-05 0
 0 0 0 0 0 0 0 0 0 0 0 0 0 0 0 0 0 0 0 0 0 0 0 0 0 0 0 0 0 0 0 0 0 0 0 0
 0 0 0 0 0 0 0 0 0 0 0 0 0 0 0 0 0 0 0 0 0 0 0 0 0 0 0 0 0 0 0 0 0 0 0 0
 0 0 0 0 0 0 0 0 0 0 0 0 0 0 0 0 0 0 0 0 0 0 0 0 0 0 0 0 0 0 0 0 0 0 0 0
 0 0 0 0 0 0 0 0 0 0 0 0 0 0 0 0 0 0 0 0 0 0 0 0 0 0 0 0 0 0 0 0 0 0 0 0
 0 0 0 0 0 0 0 0 0 0 0 0 0 0 0 0 0 0 0 0 0 0 0 0 0 0 0 0 0 0 0 0 0 0 0 0
ppred_pel_tallas
 1.02883e-16 1.28083e-05 7.51065e-05 0.00035688 0.00137377 0.00428376 0.010821 0.022145 0.0367224 0.0493613 0.0538313 0.04776 0.0347925 0.0215252 0.012728 0.00949694 0.0106552 0.0147175 0.0206986 0.0279715 0.0359278 0.0438113 0.0507503 0.0559056 0.058652 0.0587191 0.0562452 0.0517211 0.0458525 0.0393875 0.0329671 0.0270372 0.0218327 0.0174156 0.0137387 0.0107074
 1.02436e-16 3.23218e-05 0.000189706 0.000901785 0.00347194 0.0108269 0.0273479 0.0559571 0.0927541 0.124563 0.135541 0.119538 0.0855276 0.0498311 0.02403 0.0103281 0.00518949 0.00445962 0.00560388 0.00752824 0.00981059 0.0122165 0.0145319 0.0165468 0.0180857 0.0190382 0.0193741 0.0191361 0.018417 0.0173297 0.0159819 0.0144631 0.0128427 0.0111769 0.00951612 0.00790989
 1.01352e-16 9.45252e-06 5.53881e-05 0.000263098 0.00101262 0.00315749 0.00797635 0.0163261 0.0270828 0.0364334 0.03981 0.0355035 0.0262612 0.0170337 0.011455 0.0104705 0.013343 0.0190578 0.0268666 0.0361379 0.0460869 0.0556788 0.0637281 0.0691224 0.0710782 0.0693331 0.0642122 0.0565361 0.0474126 0.0379787 0.0291764 0.0216207 0.0155759 0.0110172 0.00773651 0.0054502
 1.0054e-16 3.91437e-05 0.000229763 0.00109223 0.00420523 0.0131137 0.033124 0.0677749 0.11234 0.150857 0.164129 0.144693 0.1034 0.0599911 0.0284525 0.0114047 0.00451168 0.00269587 0.00286278 0.00369841 0.00474742 0.00582651 0.00680945 0.00758564 0.00807049 0.00822126 0.00804427 0.00758912 0.00693308 0.00616136 0.00534979 0.00455474 0.00381108 0.00313597 0.00253533 0.00200966
 1.00075e-16 4.05119e-05 0.000237795 0.00113042 0.00435226 0.0135722 0.0342821 0.0701446 0.116268 0.156131 0.169865 0.149746 0.107004 0.0620653 0.0294047 0.011729 0.00454524 0.0025913 0.00265733 0.00337652 0.00427249 0.00515358 0.00589181 0.0063811 0.00654846 0.00636993 0.0058765 0.00514556 0.00428136 0.00339092 0.00256295 0.00185551 0.00129357 0.00087478 0.000579265 0.000379737
 1.00144e-16 3.18688e-05 0.000187035 0.000889058 0.00342289 0.0106739 0.0269616 0.0551678 0.0914494 0.122822 0.133677 0.117963 0.0845534 0.0495698 0.0244735 0.0114852 0.00716054 0.00742093 0.00973922 0.0129458 0.0164655 0.0198543 0.0226707 0.0245118 0.0250973 0.0243372 0.0223561 0.0194589 0.0160554 0.0125653 0.00933611 0.00659474 0.00443773 0.00285355 0.00176127 0.00105016
 1.00079e-16 4.11797e-05 0.000241718 0.00114907 0.00442408 0.0137962 0.0348478 0.0713019 0.118186 0.158705 0.172661 0.152201 0.108736 0.063026 0.0297771 0.0117334 0.00432059 0.00218496 0.00206433 0.00257783 0.00325864 0.00393707 0.00451196 0.00490219 0.00505165 0.00494071 0.0045908 0.00405811 0.00341926 0.00275344 0.00212684 0.00158341 0.00114308 0.000805859 0.000558931 0.000383909
 1.00225e-16 2.6423e-05 0.000155052 0.000736983 0.00283732 0.00884782 0.0223492 0.0457313 0.075812 0.101835 0.110875 0.0979364 0.0704048 0.0416906 0.0213556 0.0113135 0.00878007 0.0104221 0.0141431 0.0188991 0.0240547 0.0290101 0.0331294 0.0358257 0.0366892 0.0355884 0.0327043 0.0284817 0.0235181 0.0184257 0.0137117 0.0097073 0.00655354 0.00423403 0.0026312 0.00158409
 1.00254e-16 3.84762e-05 0.000225841 0.00107358 0.0041334 0.0128897 0.0325582 0.0666175 0.110423 0.148285 0.161338 0.142252 0.101697 0.0590847 0.0281763 0.0115601 0.00498672 0.00347163 0.00396872 0.00516612 0.00657856 0.00797383 0.00917012 0.0100079 0.0103734 0.0102236 0.00959576 0.00859558 0.00736967 0.0060708 0.00482783 0.00372785 0.00281266 0.00208651 0.0015295 0.00111109
 1.00223e-16 3.37721e-05 0.000198213 0.000942213 0.00362756 0.0113122 0.0285738 0.0584661 0.096915 0.130157 0.141644 0.124958 0.0894879 0.0523034 0.0255271 0.0114851 0.0065003 0.00623296 0.00800693 0.0106132 0.0135051 0.0163034 0.0186453 0.0202013 0.0207409 0.0201874 0.0186374 0.0163341 0.0136059 0.0107901 0.00816724 0.0059212 0.00413218 0.0027942 0.00184613 0.00120308
 1.00782e-16 2.23226e-05 0.000130973 0.000622499 0.0023965 0.00747315 0.0188769 0.0386273 0.0640388 0.0860319 0.0936974 0.0828326 0.0596971 0.035652 0.0188192 0.0108698 0.0095071 0.0119558 0.0164518 0.0220693 0.0281681 0.0340843 0.0390922 0.0425127 0.0438623 0.0429687 0.0400121 0.0354723 0.0300052 0.0242895 0.0188934 0.0141951 0.0103679 0.00741479 0.00522973 0.00365909
 1.01516e-16 2.71804e-05 0.000159508 0.000758186 0.00291899 0.00910253 0.0229924 0.0470467 0.0779896 0.104751 0.114025 0.100661 0.072237 0.0425227 0.0213191 0.0105543 0.00732826 0.00819546 0.0110195 0.0147976 0.0190029 0.0231896 0.0268897 0.0296586 0.031164 0.0312587 0.0300097 0.0276691 0.0246027 0.0212009 0.0178001 0.014637 0.0118399 0.00944764 0.00744251 0.00578114
 1.00536e-16 3.45978e-05 0.000203064 0.00096528 0.00371639 0.0115892 0.0292735 0.0598973 0.0992863 0.133338 0.145097 0.127982 0.0916053 0.053444 0.0259037 0.0113509 0.00600353 0.00540686 0.00682327 0.00903642 0.011529 0.0139721 0.0160614 0.0175198 0.0181494 0.0178767 0.0167697 0.0150164 0.0128757 0.0106159 0.00846226 0.00656487 0.00499348 0.00375155 0.00280058 0.00208434
 1.00344e-16 2.8987e-05 0.000170111 0.000808589 0.00311304 0.00970767 0.024521 0.0501745 0.0831747 0.111716 0.121608 0.107359 0.0770509 0.0453705 0.0227705 0.0113059 0.00787903 0.00880467 0.0117858 0.0157259 0.0200291 0.0241839 0.0276619 0.0299761 0.0307844 0.0299727 0.0276837 0.024277 0.0202388 0.0160685 0.0121813 0.00885012 0.00619383 0.00420416 0.00279108 0.0018295
 1.00451e-16 3.00184e-05 0.000176169 0.000837396 0.00322397 0.0100536 0.0253948 0.051962 0.0861366 0.11569 0.125924 0.111145 0.0797151 0.0468327 0.0233075 0.0112494 0.00743297 0.00803096 0.0106672 0.0142281 0.0181408 0.0219384 0.0251453 0.0273223 0.0281584 0.0275442 0.0255991 0.0226358 0.019081 0.0153756 0.0118879 0.00886256 0.00641042 0.00453132 0.00315394 0.00217598
 1.00539e-16 3.1368e-05 0.000184096 0.000875088 0.0033691 0.0105062 0.0265379 0.0543008 0.0900121 0.120891 0.131573 0.116103 0.083211 0.0487652 0.0240443 0.0112321 0.0069378 0.00714874 0.00938346 0.0125017 0.0159532 0.0193197 0.0221844 0.024163 0.0249811 0.0245382 0.0229318 0.020427 0.0173885 0.0141945 0.0111622 0.00850422 0.00631928 0.00461228 0.00332784 0.00238432
 1.00701e-16 2.78713e-05 0.00016356 0.000777446 0.00299313 0.00933374 0.0235765 0.048242 0.0799717 0.107415 0.116931 0.10324 0.074117 0.0436877 0.0220095 0.0110672 0.00789203 0.00894928 0.0120353 0.0160946 0.020545 0.0248775 0.0285603 0.0310992 0.0321411 0.0315579 0.0294761 0.0262392 0.0223184 0.0182017 0.0142986 0.0108823 0.00807911 0.00589387 0.00425357 0.00305156
 1.00733e-16 3.19737e-05 0.000187654 0.000892012 0.00343427 0.0107094 0.0270513 0.0553509 0.0917519 0.123225 0.134106 0.118322 0.0847658 0.0496046 0.0243249 0.0111409 0.00658487 0.00655987 0.00853933 0.0113772 0.0145438 0.0176569 0.0203412 0.0222494 0.02313 0.0228849 0.0215906 0.0194728 0.0168466 0.0140415 0.0113359 0.00891878 0.00688245 0.00523918 0.00395027 0.00295473
 1.00821e-16 2.7902e-05 0.000163741 0.000778307 0.00299645 0.00934408 0.0236026 0.0482954 0.08006 0.107534 0.117058 0.103349 0.0741882 0.0437155 0.0219973 0.0110185 0.00780497 0.00881707 0.0118499 0.0158506 0.0202438 0.0245293 0.0281857 0.0307273 0.0318062 0.0312939 0.0293112 0.0261905 0.0223895 0.0183832 0.01457 0.0112165 0.00844685 0.0062678 0.00461109 0.00337629
 1.00766e-16 3.23768e-05 0.000190022 0.000903269 0.00347762 0.0108446 0.0273927 0.0560495 0.0929095 0.124779 0.135794 0.119804 0.0858107 0.0501831 0.0245473 0.0111397 0.00644306 0.00630525 0.00816805 0.0108771 0.0139089 0.016895 0.0194771 0.0213237 0.0221941 0.0219933 0.020792 0.0188029 0.0163239 0.0136667 0.0110949 0.00878832 0.00683505 0.00524817 0.0039928 0.00301324
 1.00833e-16 2.96262e-05 0.000173867 0.000826456 0.00318185 0.00992226 0.025063 0.0512831 0.085011 0.114178 0.124277 0.109688 0.0786652 0.0462051 0.0229755 0.0110579 0.00726866 0.00783203 0.010407 0.0139022 0.0177629 0.0215409 0.024779 0.0270521 0.0280546 0.0276711 0.0260026 0.0233344 0.0200609 0.0165925 0.013274 0.0103372 0.00789171 0.00594616 0.00444533 0.00330651
 1.01433e-16 2.48251e-05 0.000145674 0.000692405 0.00266569 0.00831262 0.0209973 0.042965 0.0712259 0.0956746 0.104166 0.0920086 0.0661387 0.0391558 0.0200434 0.010601 0.00821785 0.0097718 0.0133093 0.0178723 0.0228923 0.0278351 0.0321272 0.0352268 0.0367378 0.0365001 0.0346236 0.0314494 0.027458 0.0231532 0.0189627 0.0151783 0.0119458 0.00929008 0.00715992 0.0054709
 1.01126e-16 3.25639e-05 0.000191122 0.000908505 0.00349779 0.0109075 0.0275515 0.0563743 0.0934473 0.125499 0.136573 0.120478 0.0862677 0.0503973 0.0245536 0.0109775 0.0061237 0.00581242 0.00747456 0.00996361 0.0127792 0.0155864 0.0180638 0.0199121 0.0209092 0.0209586 0.0201086 0.0185319 0.0164772 0.0142078 0.0119493 0.00985815 0.00801648 0.00644571 0.00512942 0.0040351
 1.00627e-16 3.29897e-05 0.00019362 0.000920376 0.00354349 0.01105 0.0279115 0.057111 0.0946689 0.127141 0.138363 0.122066 0.0874226 0.051108 0.0249663 0.0112722 0.00643791 0.00622825 0.00803345 0.0106762 0.0136251 0.0165097 0.0189734 0.0206891 0.0214228 0.0210887 0.0197681 0.0176843 0.0151448 0.012468 0.00992057 0.00768026 0.00582907 0.00437021 0.00325705 0.00242191
 1.01957e-16 9.76547e-06 5.7231e-05 0.000271872 0.00104642 0.00326292 0.00824257 0.0168703 0.0279832 0.0376372 0.0411058 0.0366128 0.0269822 0.0173076 0.0113156 0.00995033 0.0124209 0.0176648 0.0249237 0.0335999 0.0429816 0.0521329 0.0599747 0.065482 0.0679148 0.0669924 0.0629577 0.0564993 0.0485707 0.0401647 0.0321168 0.0249894 0.0190501 0.0143225 0.0106754 0.00790991
 1.07478e-16 1.29305e-05 7.58484e-05 0.000360462 0.00138765 0.00432712 0.0109302 0.0223664 0.0370818 0.0498214 0.0542725 0.0480078 0.0346625 0.0208321 0.0112472 0.00691717 0.00657056 0.00867631 0.012304 0.0170162 0.0225349 0.0285427 0.0346372 0.0403714 0.045323 0.0491586 0.0516718 0.0527856 0.052529 0.0510027 0.0483505 0.0447452 0.040388 0.0355092 0.0303641 0.025216
 1.02767e-16 2.06441e-05 0.000121121 0.000575663 0.00221618 0.00691082 0.0174565 0.0357209 0.059221 0.079561 0.0866544 0.0766165 0.0552397 0.0330354 0.017522 0.0102548 0.00912122 0.0115666 0.0159692 0.0214788 0.0275034 0.0334226 0.0385533 0.0422519 0.0440536 0.043781 0.0415825 0.0378814 0.0332615 0.0283242 0.0235676 0.0193166 0.0157144 0.0127585 0.010361 0.00840405
pSPR Fmed_Fpbrs
0.55337   0.6 0.325
Fs Fmed_Fpbrs
0.64   0.51893 1.94246
SSBpbr Bo_Bmed_Bpbrs
473509  238350  260430 130215
Ro
19148.9
SPR SPRFo_SPRFmed_SPRFpbrs
395506 218861 128539
log_Ro
9.68
likeval ReclasPelacesDesembMPH_pf_preclas_ppelaces_ptallas_desvR_qrecl_qpela
 0.00180398 11.5342 0.207254 15.5273 338.585 212.774 56.6697 0 45.5324 1.64502e-05 0.000197813 2.14991e-12 0 0 0
q_reclas_q_pelaces
1.77666 7.39623
M
0.7
N
 13034.8 18462.6 5287.32 683.434 0.12584
 39102.8 6197.18 6207.3 1341.84 168.942
 2472.42 18107.9 1645.8 1049.73 244.799
 4654.33 1005.46 1501.47 37.5382 26.1146
 32590.6 1814.94 57.2253 17.9201 0.65363
 16578.8 15523.7 620.528 14.9486 4.73025
 78789.2 6558.67 1005.3 9.24911 0.254964
 40884.2 33751.8 866.694 51.1385 0.441842
 87061.7 17960.7 5589.23 65.0124 3.59101
 129352 36446 1930.62 199.279 2.20393
 57052.5 58975.8 8419.04 256.818 25.444
 50501.2 25379.1 10925 765.946 24.0086
 62522.3 22734.5 5231.85 1194.73 81.3734
 25242.2 26589 2814.4 237.857 52.7765
 10848.5 10239.5 2155.67 61.7549 5.63191
 10028.7 4378.31 793.045 43.7203 1.20402
 7000.27 4425.59 754.957 63.7751 3.362
 9034.31 3090.24 765.471 61.0359 5.05173
 8424.51 4058.3 624.881 80.9775 6.57585
 12440.4 3863.63 988.139 91.0069 12.1464
 17998.4 5619.08 820.621 113.759 11.2059
 17419 8557.12 1889.34 208.291 30.8859
 34919 8233.98 2732.08 438.68 53.8815
 65547.4 16160.2 2174.35 457.542 79.0066
 13650.2 30546.7 4542.13 405.413 96.2187
 9677.23 6516.12 10649.9 1227.08 132.269
 1160.95 4597.67 2177.07 2673.75 332.166
pred_Ctot
 400.277 4385.11 1931.42 256.848 0.0473651
 1904.82 2148.45 3126.1 691.836 87.2137
 325.677 11937.8 1310.48 844.025 196.927
 728.875 716.652 1249.03 31.4675 21.9001
 958.509 415.375 20.231 6.52042 0.238196
 2456.45 10805.4 509.546 12.3772 3.91827
 7848.97 3723.27 729.918 6.80715 0.187782
 3415.5 17199.4 585.02 35.0795 0.303348
 9927.18 10999 4258.26 50.1109 2.7696
 7653.21 14638.3 1092.97 115.211 1.2756
 4302.85 28101.7 5418.28 168.217 16.6815
 3413.43 11216.5 6652.65 475.439 14.9178
 6515.14 13245.5 3862.98 893.601 60.9048
 3363.18 17625.7 2248.15 191.828 42.5849
 1478.68 6861.55 1732.69 50.1008 4.57131
 808.535 2180.41 526.737 29.526 0.813836
 562.813 2199.97 500.798 43.0164 2.26968
 623.447 1385.71 471.191 38.2869 3.17204
 465.347 1548.87 339.902 45.023 3.66038
 813.476 1668.13 591.245 55.5326 7.41948
 552.581 1334.36 299.718 42.7461 4.2171
 604.253 2253.59 755.241 85.5623 12.7059
 1715.96 2874.04 1383.54 227.406 27.9662
 2911.73 5210.14 1031.69 222.502 38.4711
 380.815 6678.86 1541.97 141.716 33.6868
 301.86 1568.51 3936.36 466.55 50.3661
 225.464 3553.18 1889.57 2333.73 290.01
F
 0.0435264 0.390023 0.671273 0.697755 0.699207
 0.0698466 0.625869 1.07719 1.11968 1.12201
 0.199752 1.7899 3.08062 3.20215 3.20882
 0.241747 2.1662 3.72828 3.87536 3.88342
 0.0416528 0.373234 0.642377 0.667719 0.669109
 0.227338 2.03708 3.50604 3.64436 3.65194
 0.147742 1.32386 2.2785 2.36839 2.37332
 0.122558 1.09819 1.89011 1.96467 1.96876
 0.170786 1.53035 2.63389 2.7378 2.7435
 0.0854111 0.765336 1.31723 1.36919 1.37204
 0.110045 0.986073 1.69714 1.76409 1.76776
 0.098114 0.879162 1.51313 1.57283 1.5761
 0.155027 1.38913 2.39085 2.48517 2.49034
 0.202262 1.8124 3.11933 3.24239 3.24914
 0.207366 1.85813 3.19804 3.32421 3.33112
 0.118045 1.05776 1.82052 1.89234 1.89628
 0.1177 1.05467 1.8152 1.88681 1.89074
 0.100266 0.898443 1.54632 1.60732 1.61067
 0.0795364 0.712695 1.22663 1.27502 1.27767
 0.0947817 0.849302 1.46174 1.51941 1.52257
 0.0435169 0.389938 0.671126 0.697602 0.699054
 0.0492935 0.4417 0.760213 0.790204 0.791848
 0.0704796 0.631541 1.08695 1.12983 1.13218
 0.0635174 0.569155 0.979578 1.01822 1.02034
 0.039473 0.353702 0.608761 0.632776 0.634093
 0.0442266 0.396298 0.682072 0.70898 0.710455
 0.308296 2.76252 4.75461 4.94218 4.95246
Np
 11727.3 5638.51 157.475 43.4948 3.569
YTP_r0W_actual
 218.011 18249.7 19845.2 32099.1 4432.6
YTP_p0W_proyectada
 2202.23 1681.26 1313.91 111.774 126.934
 2202.23 22381.2 1435.47 522.166 47.6265
CTP_r0_actual
 26.5867 844.893 632.012 800.476 99.6089
CTP_p0_proyectada
 268.564 77.8361 41.8442 2.78738 2.85245
 268.564 1036.16 45.7156 13.0216 1.07026
Wmedp
 8.2 21.6 31.4 40.1 44.5
nmprior
 10.8 10.6 4.6 0
nm_flota  nm_reclas  nm_pelaces    nm_pelaL
inf 18.915 16.662 51.3354
cv_recla  cv_pelaces  cv_mph
1.2261 0.372035 0.526568
 ------------------------------------------------
Talla a la edad & desviaci?n 
 7.2 14.2025 17.0495 18.207 18.6776
 1.08 2.13037 2.55742 2.73105 2.80164
