years
 1991 1992 1993 1994 1995 1996 1997 1998 1999 2000 2001 2002 2003 2004 2005 2006 2007 2008 2009 2010 2011 2012 2013 2014 2015 2016 2017 2018 2019 2020 2021 2022 2023
reclasobs
 0 0 0 0 0 0 0 0 0 252601 567819 844713 477998 351125 339783 2.1784e+06 2.13404e+06 4.81314e+06 1.55562e+06 2.62356e+06 3.21686e+06 3.843e+06 1.13348e+06 3.07943e+06 1.97215e+06 2.03268e+06 2.025e+06 2.42433e+06 2.27542e+06 1.05018e+06 2.36338e+06 3.18982e+06 1.53035e+06
reclaspred
 3.52356e+06 1.7306e+06 868252 620730 523865 2.27337e+06 1.16401e+06 839305 542473 258550 489711 1.37056e+06 1.315e+06 224425 943745 1.47096e+06 1.02935e+06 2.56368e+06 2.49388e+06 2.0626e+06 3.61211e+06 2.94191e+06 2.06794e+06 2.83136e+06 2.24438e+06 1.94484e+06 2.35854e+06 2.75597e+06 2.42935e+06 2.00268e+06 1.44893e+06 1.20149e+06 288799
pelacesobs
 0 0 0 0 0 0 0 0 0 0 0 0 0 0 0 552880 188675 0 991730 2.46772e+06 1.41603e+06 1.21717e+06 2.29649e+06 1.80582e+06 0 1.4828e+06 1.56532e+06 1.57751e+06 1.42118e+06 867257 1.10002e+06 1.06204e+06 0
pelacespred
 2.45032e+06 1.09805e+06 483654 236437 255045 1.18686e+06 574732 604704 291129 103793 258994 651043 759684 75736.8 489675 631472 486891 1.25498e+06 1.25709e+06 954203 1.86073e+06 1.52164e+06 1.25994e+06 1.7269e+06 1.35336e+06 1.24136e+06 1.5821e+06 1.67934e+06 1.5814e+06 1.39028e+06 806977 723595 92029.2
mphobs
 0 0 0 0 0 0 0 0 0 0 0 0 498337 0 5186 125008 0 168611 109162 213762 579715 649985 157893 87575 83554 210694 70296 0 107559 103333 445601 22526 28222
mphpred
 641391 366833 160735 87507.9 60247.2 73460.5 301013 112407 85671.6 41546 20107.7 79884.9 206823 90177.4 9461.03 109629 183940 103317 268298 358179 437188 514375 135121 88031.6 140628 118540 88469.9 116713 182814 125974 85010.1 67732.2 23160.5
desembarqueobs
 494567 514787 250237 358949 120608 361735 552515 73892 212993 205616 52469 317467 293654 387597 252695 516296 358380 742168 942051 627588 828172 859565 418607 520667 417249 300574 415391 372974 316634 284311 391294 218835 356480
desembarquepred
 494519 514528 250059 358893 120593 361624 552197 73889.9 212960 205576 52465.7 317353 293669 387586 252570 515963 358222 741391 940691 626792 828099 859061 418478 520618 417021 300511 415261 372825 316478 284110 391104 218802 356387
Reclutas
 110319 92663.9 82648.9 69942.5 50365.6 236848 47668.6 19154.5 27368.3 33858.1 54681 179839 77953.7 24073.2 91468.5 218547 40346.9 333954 303390 229602 262778 364915 53234.6 160719 170032 52651.3 151194 170226 66795.5 91631.7 69658.3 33950.6 35345.6
log_desv_Rt
 0.216795 0.0423965 -0.0719811 -0.238908 -0.567274 0.980836 -0.62231 -1.53405 -1.1772 -0.964403 -0.485065 0.70548 -0.130467 -1.30548 0.0294122 0.900421 -0.789068 1.32442 1.22844 0.949766 1.08473 1.41308 -0.511874 0.593078 0.649407 -0.522892 0.531984 0.650547 -0.284947 0.0311947 -0.242981 -0.961674 -0.921409
SSB
 918842 525516 230265 125362 86308.8 105238 431224 161031 122731 59517.8 28805.8 114441 280740 122990 12926 149353 263508 148010 403889 346888 437479 553581 533781 334170 486200 440571 306501 383410 626987 401183 327888 266475 91174
BT
 1.43206e+06 993629 449487 419052 242633 1.18189e+06 756865 377340 379940 259330 228117 715789 678278 421740 631728 878919 536628 1.58522e+06 1.72299e+06 1.11393e+06 1.88263e+06 1.6917e+06 969525 1.60339e+06 1.11467e+06 879854 1.45025e+06 1.39643e+06 989279 999943 786383 550103 366558
Ftot
 0.504283 1.0406 1.0427 2.08298 0.941107 0.816414 1.49787 0.341119 1.54254 2.82573 0.55499 1.09909 0.851511 4.08837 1.45827 1.62868 1.22295 1.42192 1.58637 1.28762 0.978256 1.2082 0.718089 0.830139 0.747926 0.572335 0.799033 0.62371 0.462666 0.568374 1.05296 0.673788 3.67504
BD_Bspro_t
 0.923739 0.576188 0.32085 0.219827 0.15442 0.222431 0.443183 0.209044 0.218757 0.143538 0.102018 0.389826 0.447675 0.206515 0.0335559 0.268969 0.296248 0.187806 0.315132 0.255076 0.25585 0.298854 0.319042 0.256421 0.36642 0.39909 0.366146 0.448317 0.55003 0.450067 0.420431 0.352322 0.20638
BD_Bspro
 1.43598 0.821286 0.359862 0.195917 0.134885 0.164467 0.673924 0.251663 0.191806 0.0930154 0.0450182 0.178851 0.438745 0.192211 0.020201 0.233411 0.411815 0.231312 0.631204 0.542123 0.683699 0.865145 0.834201 0.522246 0.759841 0.688532 0.479005 0.599199 0.979865 0.626975 0.512429 0.416451 0.142488
BD_Bo
 2.93128 1.6765 0.734591 0.399928 0.275342 0.335729 1.37569 0.513722 0.391536 0.189873 0.0918961 0.36509 0.895616 0.392363 0.0412365 0.476464 0.840643 0.47218 1.28848 1.10664 1.39564 1.76603 1.70287 1.06607 1.55107 1.40551 0.977798 1.22315 2.00021 1.27985 1.04603 0.850107 0.290863
BD_Brms
 3.13647 1.79385 0.78601 0.427922 0.294615 0.359229 1.47198 0.549681 0.418943 0.203164 0.0983285 0.390645 0.958306 0.419827 0.0441229 0.509815 0.899486 0.505231 1.37867 1.1841 1.49333 1.88965 1.82206 1.14069 1.65964 1.50389 1.04624 1.30877 2.14022 1.36944 1.11925 0.909612 0.311222
Sel_flota
 0.404501 0.928089 0.995938 0.999785 0.999989
 0.404501 0.928089 0.995938 0.999785 0.999989
 0.404501 0.928089 0.995938 0.999785 0.999989
 0.404501 0.928089 0.995938 0.999785 0.999989
 0.404501 0.928089 0.995938 0.999785 0.999989
 0.404501 0.928089 0.995938 0.999785 0.999989
 0.404501 0.928089 0.995938 0.999785 0.999989
 0.404501 0.928089 0.995938 0.999785 0.999989
 0.404501 0.928089 0.995938 0.999785 0.999989
 0.404501 0.928089 0.995938 0.999785 0.999989
 0.404501 0.928089 0.995938 0.999785 0.999989
 0.404501 0.928089 0.995938 0.999785 0.999989
 0.404501 0.928089 0.995938 0.999785 0.999989
 0.404501 0.928089 0.995938 0.999785 0.999989
 0.404501 0.928089 0.995938 0.999785 0.999989
 0.404501 0.928089 0.995938 0.999785 0.999989
 0.404501 0.928089 0.995938 0.999785 0.999989
 0.404501 0.928089 0.995938 0.999785 0.999989
 0.404501 0.928089 0.995938 0.999785 0.999989
 0.404501 0.928089 0.995938 0.999785 0.999989
 0.404501 0.928089 0.995938 0.999785 0.999989
 0.404501 0.928089 0.995938 0.999785 0.999989
 0.404501 0.928089 0.995938 0.999785 0.999989
 0.404501 0.928089 0.995938 0.999785 0.999989
 0.404501 0.928089 0.995938 0.999785 0.999989
 0.404501 0.928089 0.995938 0.999785 0.999989
 0.404501 0.928089 0.995938 0.999785 0.999989
 0.404501 0.928089 0.995938 0.999785 0.999989
 0.404501 0.928089 0.995938 0.999785 0.999989
 0.404501 0.928089 0.995938 0.999785 0.999989
 0.404501 0.928089 0.995938 0.999785 0.999989
 0.404501 0.928089 0.995938 0.999785 0.999989
 0.404501 0.928089 0.995938 0.999785 0.999989
Sel_reclas
 0.706167 0.923634 0.983837 0.996746 0.999352
 0.706167 0.923634 0.983837 0.996746 0.999352
 0.706167 0.923634 0.983837 0.996746 0.999352
 0.706167 0.923634 0.983837 0.996746 0.999352
 0.706167 0.923634 0.983837 0.996746 0.999352
 0.706167 0.923634 0.983837 0.996746 0.999352
 0.706167 0.923634 0.983837 0.996746 0.999352
 0.706167 0.923634 0.983837 0.996746 0.999352
 0.706167 0.923634 0.983837 0.996746 0.999352
 0.706167 0.923634 0.983837 0.996746 0.999352
 0.706167 0.923634 0.983837 0.996746 0.999352
 0.706167 0.923634 0.983837 0.996746 0.999352
 0.706167 0.923634 0.983837 0.996746 0.999352
 0.706167 0.923634 0.983837 0.996746 0.999352
 0.706167 0.923634 0.983837 0.996746 0.999352
 0.706167 0.923634 0.983837 0.996746 0.999352
 0.706167 0.923634 0.983837 0.996746 0.999352
 0.706167 0.923634 0.983837 0.996746 0.999352
 0.706167 0.923634 0.983837 0.996746 0.999352
 0.706167 0.923634 0.983837 0.996746 0.999352
 0.706167 0.923634 0.983837 0.996746 0.999352
 0.706167 0.923634 0.983837 0.996746 0.999352
 0.706167 0.923634 0.983837 0.996746 0.999352
 0.706167 0.923634 0.983837 0.996746 0.999352
 0.706167 0.923634 0.983837 0.996746 0.999352
 0.706167 0.923634 0.983837 0.996746 0.999352
 0.706167 0.923634 0.983837 0.996746 0.999352
 0.706167 0.923634 0.983837 0.996746 0.999352
 0.706167 0.923634 0.983837 0.996746 0.999352
 0.706167 0.923634 0.983837 0.996746 0.999352
 0.706167 0.923634 0.983837 0.996746 0.999352
 0.706167 0.923634 0.983837 0.996746 0.999352
 0.706167 0.923634 0.983837 0.996746 0.999352
Sel_pelaces
 0.414547 0.78087 0.947184 0.989042 0.997803
 0.414547 0.78087 0.947184 0.989042 0.997803
 0.414547 0.78087 0.947184 0.989042 0.997803
 0.414547 0.78087 0.947184 0.989042 0.997803
 0.414547 0.78087 0.947184 0.989042 0.997803
 0.414547 0.78087 0.947184 0.989042 0.997803
 0.414547 0.78087 0.947184 0.989042 0.997803
 0.414547 0.78087 0.947184 0.989042 0.997803
 0.414547 0.78087 0.947184 0.989042 0.997803
 0.414547 0.78087 0.947184 0.989042 0.997803
 0.414547 0.78087 0.947184 0.989042 0.997803
 0.414547 0.78087 0.947184 0.989042 0.997803
 0.414547 0.78087 0.947184 0.989042 0.997803
 0.414547 0.78087 0.947184 0.989042 0.997803
 0.414547 0.78087 0.947184 0.989042 0.997803
 0.414547 0.78087 0.947184 0.989042 0.997803
 0.414547 0.78087 0.947184 0.989042 0.997803
 0.414547 0.78087 0.947184 0.989042 0.997803
 0.414547 0.78087 0.947184 0.989042 0.997803
 0.414547 0.78087 0.947184 0.989042 0.997803
 0.414547 0.78087 0.947184 0.989042 0.997803
 0.414547 0.78087 0.947184 0.989042 0.997803
 0.414547 0.78087 0.947184 0.989042 0.997803
 0.414547 0.78087 0.947184 0.989042 0.997803
 0.414547 0.78087 0.947184 0.989042 0.997803
 0.414547 0.78087 0.947184 0.989042 0.997803
 0.414547 0.78087 0.947184 0.989042 0.997803
 0.414547 0.78087 0.947184 0.989042 0.997803
 0.414547 0.78087 0.947184 0.989042 0.997803
 0.414547 0.78087 0.947184 0.989042 0.997803
 0.414547 0.78087 0.947184 0.989042 0.997803
 0.414547 0.78087 0.947184 0.989042 0.997803
 0.414547 0.78087 0.947184 0.989042 0.997803
pf_obs 
 0.8446 0.082 0.0669 0.0065 0
 0.8095 0.147 0.0364 0.0071 0
 0.9664 0.0169 0.016 0.0007 0
 0.9276 0.0648 0.0075 0.0001 0
 0.7033 0.2144 0.0806 0.0017 0
 0.9318 0.0425 0.0243 0.0014 0
 0.5671 0.3108 0.0964 0.0239 0.0018
 0.0768 0.2599 0.5324 0.112 0.0189
 0.490249 0.384438 0.106611 0.0170017 0.00170017
 0.7925 0.1577 0.0466 0.003 0.0002
 0.840416 0.127587 0.0312969 0.00059994 9.999e-05
 0.8084 0.0986 0.0794 0.0134 0.0002
 0.7335 0.1905 0.0724 0.0035 0.0001
 0.4001 0.4547 0.1325 0.0127 0
 0.49795 0.308269 0.164784 0.0264974 0.00249975
 0.9179 0.0499 0.0305 0.0017 0
 0.2467 0.6533 0.0926 0.0074 0
 0.9418 0.0223 0.034 0.0019 0
 0.707729 0.231977 0.0356964 0.0245975 0
 0.517169 0.277429 0.184464 0.0207286 0.00020938
 0.811772 0.124168 0.05621 0.00726502 0.000585176
 0.764997 0.148141 0.077277 0.00933861 0.000247198
 0.163321 0.427699 0.378323 0.0303852 0.000271297
 0.753843 0.0900009 0.118128 0.0371064 0.000921714
 0.721811 0.176058 0.0630433 0.0369309 0.00215725
 0.143369 0.312575 0.442814 0.0836902 0.0175525
 0.692698 0.0596174 0.167031 0.0765114 0.00414204
 0.394062 0.376323 0.152708 0.0712218 0.00568511
 0.125707 0.32114 0.495352 0.0537591 0.00404204
 0.23352 0.215282 0.420074 0.123614 0.00750983
 0.796117 0.104755 0.0508955 0.0450114 0.00322123
 0.162477 0.292055 0.404252 0.121198 0.0200186
 0 0 0 0 0
pf_pred 
 0.437375 0.200809 0.324055 0.0377597 1.26218e-06
 0.5028 0.337656 0.0602715 0.0889574 0.0103149
 0.600363 0.305534 0.0662812 0.010552 0.0172691
 0.642026 0.29681 0.0480136 0.00928081 0.00386983
 0.68018 0.286069 0.0287596 0.00392649 0.0010651
 0.892247 0.0931854 0.0131752 0.00118738 0.000204822
 0.294391 0.677597 0.024555 0.00312874 0.000328693
 0.360761 0.384928 0.24547 0.00775728 0.00108389
 0.601356 0.234788 0.101888 0.0598234 0.00214484
 0.782696 0.186642 0.0191149 0.00720161 0.00434551
 0.865583 0.128818 0.00494557 0.000409561 0.000244411
 0.850152 0.141488 0.00804072 0.000281681 3.7056e-05
 0.472783 0.499442 0.0263894 0.00133395 5.25328e-05
 0.389269 0.445203 0.157651 0.00748542 0.000390952
 0.96437 0.0314788 0.00324948 0.000859608 4.22431e-05
 0.870876 0.127847 0.00114494 0.000103139 2.84075e-05
 0.338413 0.637176 0.0242025 0.00018751 2.1368e-05
 0.929296 0.0446154 0.0252349 0.000846827 7.25795e-06
 0.713218 0.281106 0.00375602 0.00185751 6.23985e-05
 0.661682 0.306075 0.03169 0.000367122 0.000186163
 0.705731 0.256014 0.0350061 0.0031929 5.53461e-05
 0.72961 0.238139 0.0284502 0.00347956 0.000320874
 0.226284 0.695898 0.0694979 0.00734607 0.000974601
 0.716291 0.127217 0.142104 0.0128571 0.00153087
 0.642715 0.315887 0.0196374 0.0197703 0.00199016
 0.317547 0.56933 0.10116 0.00569119 0.0062715
 0.735187 0.146415 0.100242 0.016245 0.00191103
 0.650678 0.311286 0.0219942 0.0135939 0.00244815
 0.354031 0.53787 0.0972997 0.00625826 0.00454078
 0.561788 0.255355 0.154419 0.0256098 0.00282846
 0.518736 0.374294 0.064731 0.0356986 0.00654078
 0.43902 0.433786 0.101414 0.0156394 0.0101398
 0.64833 0.243119 0.0857821 0.0181742 0.00459421
pobs_RECLAS
 0 0 0 0 0
 0 0 0 0 0
 0 0 0 0 0
 0 0 0 0 0
 0 0 0 0 0
 0 0 0 0 0
 0 0 0 0 0
 0 0 0 0 0
 0 0 0 0 0
 0 0 0 0 0
 0.991045 0.00858322 0.000360255 1.14367e-05 0
 0.934742 0.0480273 0.0164251 0.00080598 0
 0.827803 0.169806 0.00239088 0 0
 0.941827 0.0461693 0.0120037 0 0
 0.791401 0.0380133 0.147996 0.0225897 0
 0.846168 0.0940531 0.0597789 0 0
 0.134021 0.677848 0.182769 0.00536245 0
 0.80878 0.0450904 0.141981 0.00414843 0
 0.846168 0.0940531 0.0597789 0 0
 0.905697 0.0802665 0.012482 0.00150086 5.37128e-05
 0.989698 0.0102097 9.19794e-05 0 0
 0.975433 0.0193895 0.00387452 0.00125025 5.28907e-05
 0.303575 0.632131 0.0575291 0.00676475 0
 0.966965 0.00978017 0.0227588 0.000495775 0
 0.843318 0.132988 0.00938335 0.0141283 0.000182051
 0.564624 0.303363 0.111486 0.0197234 0.00080311
 0.826376 0.0876187 0.0782897 0.00655872 0.00115652
 0.89761 0.0855135 0.0140674 0.00269457 0.000114338
 0.34875 0.467042 0.161289 0.0227151 0.000203297
 0.318654 0.224769 0.449479 0.00709798 0
 0.937255 0.0296025 0.0250945 0.00804832 0
 0.456809 0.399803 0.12412 0.0192676 0
 0.883104 0.0372192 0.0704036 0.00927362 0
ppred_RECLAS
 0.58553 0.148937 0.237598 0.0279343 9.3599e-07
 0.657174 0.233786 0.0409671 0.060984 0.00708812
 0.740043 0.199468 0.0424785 0.00682059 0.011189
 0.79421 0.171684 0.0267262 0.00520437 0.0021751
 0.799348 0.179771 0.0177686 0.00244694 0.000665336
 0.938816 0.0530144 0.00738208 0.000671124 0.000116045
 0.452951 0.525852 0.0185616 0.0023843 0.000251074
 0.502892 0.300481 0.189729 0.00605022 0.0008474
 0.752246 0.147358 0.0622354 0.0368365 0.0013238
 0.89691 0.0892023 0.00863393 0.00327357 0.00197977
 0.921078 0.0756688 0.00287028 0.000239827 0.000143463
 0.915131 0.0802187 0.00447129 0.000157973 2.08312e-05
 0.624753 0.355762 0.0185044 0.000943552 3.72469e-05
 0.663553 0.251224 0.081151 0.00386978 0.000202548
 0.981672 0.0162372 0.00163385 0.000435743 2.14638e-05
 0.931447 0.0678937 0.00059076 5.36418e-05 1.48092e-05
 0.496049 0.485735 0.0180596 0.000141095 1.61167e-05
 0.96305 0.0235269 0.01298 0.000439155 3.77276e-06
 0.832928 0.163846 0.00212884 0.00106125 3.57338e-05
 0.791435 0.189086 0.0191419 0.000223605 0.000113656
 0.818519 0.158231 0.0212597 0.00195584 3.39834e-05
 0.838521 0.142557 0.0166747 0.00205655 0.000190098
 0.34946 0.585871 0.0576979 0.00615271 0.000818229
 0.82495 0.0791261 0.0870321 0.00794333 0.000948054
 0.768065 0.205288 0.0125801 0.0127769 0.00128925
 0.458152 0.452865 0.0794871 0.00451188 0.00498385
 0.837616 0.0903288 0.0609215 0.0099595 0.00117441
 0.772464 0.202957 0.0141573 0.00882814 0.00159368
 0.497 0.419529 0.0750566 0.0048711 0.00354279
 0.700159 0.175508 0.104847 0.017544 0.00194228
 0.671482 0.256354 0.0435147 0.0242036 0.00444518
 0.589188 0.318488 0.0734657 0.0114299 0.00742835
 0.840364 0.113 0.0368124 0.00783839 0.00198579
pobs_PELACES
 0 0 0 0 0
 0 0 0 0 0
 0 0 0 0 0
 0 0 0 0 0
 0 0 0 0 0
 0 0 0 0 0
 0 0 0 0 0
 0 0 0 0 0
 0 0 0 0 0
 0 0 0 0 0
 0 0 0 0 0
 0 0 0 0 0
 0 0 0 0 0
 0 0 0 0 0
 0 0 0 0 0
 0 0 0 0 0
 0.505614 0.472636 0.0217494 0 0
 0 0 0 0 0
 0.443492 0.261883 0.143347 0.151278 0
 0.227955 0.32914 0.350689 0.0885471 0.00366901
 0.970185 0.0296113 0.000203453 0 0
 0.997202 0.00247181 0.000326279 0 0
 0.445219 0.490057 0.0546422 0.010081 0
 0.90214 0.0892962 0.00764917 0.000914606 0
 0 0 0 0 0
 0.581667 0.319106 0.0959925 0.00289975 0.000334073
 0.762889 0.0836404 0.116647 0.0363945 0.000428098
 0.88444 0.0763242 0.0277011 0.0115352 0
 0.521256 0.241999 0.230069 0.00667565 0
 0.616807 0.101726 0.260614 0.0208532 0
 0.833518 0.0704572 0.0857862 0.0102388 0
 0.697417 0.212968 0.0787535 0.0105354 0.000325836
 0 0 0 0 0
ppred_PELACES
 0.497043 0.166885 0.299769 0.0363014 1.22388e-06
 0.604495 0.258737 0.0504415 0.0772882 0.00903847
 0.697046 0.225968 0.0535347 0.00884773 0.0146038
 0.790874 0.171794 0.0290666 0.00581829 0.00244648
 0.762721 0.209962 0.0231396 0.00328039 0.000897454
 0.923506 0.0652231 0.010155 0.000950546 0.000165375
 0.425857 0.549655 0.0213653 0.00282323 0.000299117
 0.414622 0.336364 0.240017 0.00788515 0.00111126
 0.724709 0.156617 0.0727671 0.0443042 0.00160191
 0.906871 0.0797158 0.00824768 0.00321149 0.00195394
 0.898705 0.0966058 0.00412142 0.000354677 0.000213479
 0.899977 0.0939639 0.0058192 0.000211605 2.80751e-05
 0.571013 0.404215 0.0234899 0.00123316 4.89798e-05
 0.733143 0.197241 0.0662077 0.00323717 0.000170445
 0.979278 0.0181316 0.00201089 0.000551724 2.73434e-05
 0.925863 0.0733525 0.000700796 6.54493e-05 1.81795e-05
 0.456817 0.521507 0.0214837 0.000172725 1.9851e-05
 0.957072 0.0263374 0.0160284 0.000557912 4.8224e-06
 0.819616 0.176527 0.00252072 0.00129254 4.3788e-05
 0.765195 0.210769 0.0236072 0.000283759 0.000145117
 0.785119 0.184588 0.0276305 0.00261663 4.57451e-05
 0.814301 0.161811 0.0209779 0.00266254 0.000247626
 0.294345 0.627752 0.0692781 0.0076072 0.00101791
 0.779846 0.0933297 0.114747 0.0107826 0.00129487
 0.720348 0.243667 0.0167215 0.0174874 0.00177546
 0.388293 0.500706 0.0988049 0.00577619 0.00641992
 0.795827 0.10766 0.0812196 0.0136712 0.00162204
 0.721221 0.245021 0.0191932 0.0123257 0.00223883
 0.421095 0.472585 0.0952885 0.00637004 0.00466168
 0.629273 0.205921 0.138314 0.0238366 0.00265526
 0.623601 0.285832 0.0539635 0.0308946 0.00570897
 0.520905 0.360952 0.0933946 0.0149633 0.00978483
 0.871612 0.0894485 0.0305623 0.00667593 0.0017014
pobs_pel_tallas
 0 0 0 0 0 0 0 0 0 0 0 0 0 0 0 0 0 0 0 0 0 0 0 0 0 0
 0 0 0 0 0 0 0 0 0 0 0 0 0 0 0 0 0 0 0 0 0 0 0 0 0 0
 0 0 0 0 0 0 0 0 0 0 0 0 0 0 0 0 0 0 0 0 0 0 0 0 0 0
 0 0 0 0 0 0 0 0 0 0 0 0 0 0 0 0 0 0 0 0 0 0 0 0 0 0
 0 0 0 0 0 0 0 0 0 0 0 0 0 0 0 0 0 0 0 0 0 0 0 0 0 0
 0 0 0 0 0 0 0 0 0 0 0 0 0 0 0 0 0 0 0 0 0 0 0 0 0 0
 0 0 0 0 0 0 0 0 0 0 0 0 0 0 0 0 0 0 0 0 0 0 0 0 0 0
 0 0 0 0 0 0 0 0 0 0 0 0 0 0 0 0 0 0 0 0 0 0 0 0 0 0
 0 0 0 0 0 0 0 0 0 0 0 0 0 0 0 0 0 0 0 0 0 0 0 0 0 0
 0 0 0 0 0 0 0 0 0 0 0 0 0 0 0 0 0 0 0 0 0 0 0 0 0 0
 0 0 0 0 0 0 0 0 0 0 0 0 0 0 0 0 0 0 0 0 0 0 0 0 0 0
 0 0 0 0 0 0 0 0 0 0 0 0 0 0 0 0 0 0 0 0 0 0 0 0 0 0
 0.00862536 0 0 0.000197151 0.00414017 0.0128641 0.00837892 0.0270097 0.101434 0.158115 0.152841 0.127902 0.109271 0.109419 0.0830992 0.0579132 0.0238553 0.00714673 0.00463305 0.00128148 0.00103504 0.000492878 0.000147863 0.000147863 4.92878e-05 0
 0 0 0 0 0 0 0 0 0 0 0 0 0 0 0 0 0 0 0 0 0 0 0 0 0 0
 0 0 0 0 0 0 0 0.0054083 0.00873648 0.0413646 0.0450493 0.0745869 0.0622846 0.0627006 0.0613931 0.0827291 0.12552 0.122667 0.0946155 0.0697135 0.0546179 0.0294188 0.0215738 0.0213955 0.0102223 0.00600262
 0 0 0 0 0.00359764 0.0251062 0.0480494 0.140153 0.205849 0.193036 0.1447 0.116669 0.0760912 0.0342217 0.00950174 0.001854 0.000860785 0 0 0 0.000165536 0 0.000143464 0 0 0
 0 0 0 0 0 0 0 0.000145254 0.000435761 0.0275982 0.070085 0.0708112 0.156366 0.174668 0.174014 0.160142 0.0824315 0.0480064 0.0283245 0.00493863 0.00203355 0 0 0 0 0
 0 0 0 0 0 0 0 0 0 0 0 0 0 0 0 0 0 0 0 0 0 0 0 0 0 0
 0 0 1.00437e-05 0.000401748 0.00122533 0.00171747 0.00176769 0.0269171 0.070346 0.194647 0.189555 0.159765 0.064822 0.0314167 0.0384472 0.0292271 0.0345202 0.0313363 0.0194345 0.0106764 0.0143323 0.0359363 0.0279516 0.0138201 0.00172751 0
 0 0.0021121 0.0136068 0.0755702 0.200478 0.177729 0.0527432 0.0373336 0.0318909 0.0142505 0.0149659 0.0166563 0.0217959 0.0798694 0.0677717 0.0528807 0.04013 0.0224614 0.0357745 0.0225083 0.00881397 0.00855152 0.00135912 0.000746735 0 0
 0 0 0 0 5.4009e-05 0.00500934 0.000945158 0.0243581 0.138947 0.33067 0.221406 0.137944 0.0707744 0.0437923 0.0131692 0.00525238 0.0047753 0.00276346 9.45158e-05 9.00151e-06 2.25038e-05 9.00151e-06 4.50075e-06 0 0 0
 0.000866109 0.00284123 0.00948549 0.0512746 0.133035 0.25785 0.225252 0.132002 0.0553304 0.0519788 0.0540692 0.017754 0.00435017 0.00159236 0.00146478 0.000404838 0.000125132 0.000115318 0.000107957 0.000100596 0 0 0 0 0 0
 0 0 0 0 0.00144013 0.00171154 0.00461396 0.0210425 0.0478622 0.0707936 0.0888783 0.103762 0.0637923 0.0337046 0.0602308 0.124433 0.169614 0.0934646 0.0462172 0.0250306 0.0313229 0.00938855 0.002487 0.000210481 0 0
 0 0.00764035 0.051015 0.0998891 0.058973 0.0496711 0.0374665 0.0718981 0.12319 0.153886 0.159021 0.0857701 0.0377988 0.023471 0.0147837 0.00900784 0.00315554 0.000888139 0.00291439 0.00214683 0.00393193 0.00274676 0.000635225 9.99891e-05 0 0
 0 0 0 0 0 0 0 0 0 0 0 0 0 0 0 0 0 0 0 0 0 0 0 0 0 0
 0 0 0 0 0 0 0 0 0 0 0 0 0 0 0 0 0 0 0 0 0 0 0 0 0 0
 0 0 0 0 0 0 0 0 0 0 0 0 0 0 0 0 0 0 0 0 0 0 0 0 0 0
 0 0 0 0 0 0 0 0 0 0 0 0 0 0 0 0 0 0 0 0 0 0 0 0 0 0
 0 0 0 0 0 0 0 0 0 0 0 0 0 0 0 0 0 0 0 0 0 0 0 0 0 0
 0 0 0 0 0 0 0 0 0 0 0 0 0 0 0 0 0 0 0 0 0 0 0 0 0 0
 0 0 0 0 0 0 0 0 0 0 0 0 0 0 0 0 0 0 0 0 0 0 0 0 0 0
 0 0 0 0 0 0 0 0 0 0 0 0 0 0 0 0 0 0 0 0 0 0 0 0 0 0
 0 0 0 0 0 0 0 0 0 0 0 0 0 0 0 0 0 0 0 0 0 0 0 0 0 0
ppred_pel_tallas
 1.12335e-16 4.09408e-05 0.000397959 0.00264458 0.0120219 0.0374046 0.0796952 0.116321 0.116337 0.0797761 0.0376777 0.012816 0.00465904 0.00486514 0.00872869 0.0148966 0.0226915 0.0311101 0.0390681 0.045933 0.0516369 0.0562027 0.0591688 0.0595564 0.0564794 0.0498703
 1.10803e-16 4.97915e-05 0.000483991 0.00321629 0.0146208 0.0454909 0.0969241 0.141469 0.141494 0.0970463 0.0459011 0.0158062 0.00619435 0.00699438 0.0124427 0.0205705 0.0298247 0.0379496 0.0427113 0.0431636 0.0402323 0.036055 0.0325967 0.0306178 0.0296189 0.0285261
 1.04962e-16 5.74148e-05 0.000558092 0.00370872 0.0168593 0.0524557 0.111763 0.163126 0.163148 0.11187 0.0528138 0.0178941 0.00630789 0.0062381 0.0108625 0.0179138 0.0259106 0.0328185 0.0366018 0.0363259 0.0326975 0.0275442 0.022669 0.0189836 0.0164254 0.0144468
 1.01881e-16 6.51433e-05 0.000633216 0.00420795 0.0191287 0.0595166 0.126807 0.185082 0.185099 0.126888 0.0597885 0.0199139 0.00617929 0.00493789 0.00824403 0.0135351 0.0195128 0.024582 0.0271603 0.0265147 0.0231868 0.0186086 0.0142304 0.0108448 0.0084977 0.00683541
 1.01203e-16 6.28243e-05 0.000610675 0.00405815 0.0184478 0.057398 0.122293 0.178495 0.178515 0.122392 0.0577297 0.0194059 0.00646259 0.00585764 0.0100219 0.0164534 0.0236588 0.0296723 0.0325323 0.0313291 0.0267423 0.0205803 0.0147071 0.0101914 0.00716436 0.00521851
 1.00434e-16 7.6068e-05 0.000739408 0.00491362 0.0223366 0.0694976 0.148072 0.216117 0.216123 0.148103 0.0696007 0.0226346 0.00566159 0.00237233 0.00317754 0.00513329 0.00738821 0.00929164 0.0102348 0.00993472 0.00859521 0.00676282 0.00499723 0.00361382 0.00264673 0.00197618
 1.01091e-16 3.50774e-05 0.000340965 0.00226583 0.0103002 0.032048 0.0682835 0.0996729 0.0997258 0.0685419 0.0329152 0.0128038 0.00854576 0.0140349 0.0259974 0.0428054 0.0613818 0.0766032 0.0832701 0.0789821 0.0655958 0.0480382 0.0314631 0.0189353 0.010958 0.00645576
 1.07992e-16 3.41519e-05 0.000331969 0.00220605 0.0100284 0.0312023 0.066481 0.0970378 0.0970705 0.066641 0.0317404 0.0115863 0.00613055 0.00894561 0.0165285 0.0276223 0.0406009 0.0527378 0.0611967 0.0645401 0.0633835 0.0596022 0.0548364 0.0495986 0.0435465 0.0363707
 1.06855e-16 5.96934e-05 0.000580241 0.00385591 0.0175284 0.0545374 0.116198 0.169598 0.169613 0.116273 0.054787 0.0182505 0.00567317 0.00456283 0.00766936 0.0127065 0.0185884 0.0239949 0.027623 0.0288888 0.0282398 0.02675 0.0253368 0.0242392 0.0230873 0.0213584
 1.00912e-16 7.46978e-05 0.000726089 0.00482512 0.0219343 0.0682458 0.145405 0.212225 0.212232 0.145443 0.0683717 0.0222981 0.00573809 0.00271847 0.00385678 0.00625318 0.00899017 0.0112841 0.0123927 0.0119783 0.0103074 0.00807222 0.00597911 0.00442111 0.00342417 0.00280386
 1.00216e-16 7.40251e-05 0.000719551 0.00478167 0.0217368 0.0676312 0.144096 0.210314 0.210323 0.144141 0.0677836 0.0221768 0.00588553 0.00312671 0.00463802 0.00753033 0.0107932 0.0134726 0.0146511 0.0139067 0.011565 0.00849042 0.0055867 0.00339067 0.00198982 0.00119539
 1.00219e-16 7.413e-05 0.00072057 0.00478844 0.0217676 0.067727 0.1443 0.210612 0.210621 0.144344 0.0678753 0.0221958 0.00586274 0.00306368 0.00451791 0.0073353 0.0105208 0.0131476 0.0143255 0.0136433 0.0114129 0.00846556 0.00566873 0.00353526 0.00214764 0.00132807
 1.00914e-16 4.70336e-05 0.000457184 0.00303815 0.013811 0.0429714 0.0915565 0.133638 0.133676 0.0917465 0.0436094 0.015653 0.00765907 0.0105353 0.0191595 0.031527 0.0452385 0.0565221 0.0615626 0.0585927 0.048958 0.0362421 0.0241859 0.0150031 0.00905067 0.00555925
 1.02315e-16 6.03881e-05 0.000586994 0.00390078 0.0177324 0.0551722 0.117551 0.171573 0.171592 0.117644 0.0554853 0.0186375 0.00617537 0.00556139 0.00953373 0.0157329 0.0228129 0.0290057 0.0325329 0.032542 0.0295655 0.0250772 0.0205344 0.0166822 0.01353 0.0107786
 1.00123e-16 8.06619e-05 0.000784062 0.00521037 0.0236856 0.0736946 0.157014 0.229167 0.229169 0.157023 0.0737233 0.0237683 0.00541803 0.00123725 0.000940921 0.00142671 0.00204466 0.00256519 0.00281479 0.00271513 0.00232517 0.00180095 0.00130266 0.000921205 0.000666164 0.000500841
 1.00049e-16 7.62621e-05 0.000741295 0.00492617 0.0223936 0.069675 0.14845 0.216669 0.216676 0.148485 0.0697906 0.0227275 0.00576344 0.00256648 0.00353503 0.00570345 0.00816171 0.0101646 0.0110101 0.0103767 0.00851687 0.00609872 0.00382504 0.00211923 0.00105657 0.00049222
 1.00774e-16 3.76275e-05 0.000365753 0.00243056 0.011049 0.0343778 0.0732474 0.106917 0.106967 0.0734925 0.0352006 0.0134245 0.00838906 0.0133588 0.0246715 0.0406157 0.0582415 0.072683 0.0790035 0.0749195 0.0621852 0.0454682 0.0296569 0.0176668 0.0099927 0.00563711
 1.00527e-16 7.88327e-05 0.000766282 0.00509221 0.0231485 0.0720235 0.153454 0.223971 0.223973 0.153466 0.0720655 0.0232701 0.00539851 0.00143788 0.00136293 0.00215074 0.00314215 0.00405764 0.00466621 0.00485458 0.00467711 0.00429439 0.00385328 0.00341061 0.00294787 0.00243709
 1.00255e-16 6.75107e-05 0.000656228 0.00436087 0.0198239 0.0616795 0.131415 0.191808 0.191825 0.131498 0.0619579 0.0206275 0.00637621 0.00504982 0.00839433 0.013725 0.0196577 0.0244948 0.0265571 0.025074 0.0206525 0.0148966 0.0094892 0.00543806 0.00291362 0.0015604
 1.00789e-16 6.30281e-05 0.000612656 0.00407131 0.0185076 0.0575842 0.12269 0.179074 0.179094 0.122789 0.0579172 0.0194694 0.00648481 0.00587919 0.0100587 0.0165119 0.0237378 0.0297591 0.0326001 0.0313398 0.0266526 0.0203503 0.0143093 0.00961925 0.00643823 0.00438683
 1.01115e-16 6.46693e-05 0.000628608 0.00417732 0.0189895 0.0590835 0.125884 0.183736 0.183753 0.125971 0.0593755 0.0198327 0.00629372 0.0052487 0.00883894 0.0145095 0.0208925 0.0262641 0.0289082 0.0280233 0.0241874 0.0189523 0.0139095 0.00995951 0.00720536 0.00531029
 1.00956e-16 6.70729e-05 0.000651972 0.00433259 0.0196953 0.0612795 0.130563 0.190564 0.19058 0.130639 0.0615353 0.0204341 0.00618673 0.00469882 0.00775049 0.0127007 0.0182741 0.022946 0.0252077 0.0243576 0.0209112 0.0162455 0.0117759 0.00830837 0.00593748 0.00435774
 1.03095e-16 2.42449e-05 0.00023567 0.00156611 0.00711935 0.0221513 0.0471978 0.0688993 0.0689597 0.0474933 0.0231432 0.0099839 0.00875473 0.0159224 0.0297981 0.0491754 0.0707206 0.0886827 0.0971995 0.0935435 0.0797388 0.0611881 0.0434698 0.0297959 0.0205854 0.0146513
 1.04636e-16 6.42349e-05 0.000624386 0.00414927 0.018862 0.0586866 0.125038 0.182499 0.182508 0.125083 0.0588375 0.0192999 0.00525619 0.00306615 0.00477574 0.00798669 0.0119479 0.0159584 0.0193162 0.0216464 0.0230229 0.0237264 0.0238721 0.0232704 0.0216284 0.0188733
 1.026e-16 5.93342e-05 0.000576749 0.0038327 0.0174229 0.0542093 0.1155 0.16858 0.168603 0.115614 0.0545941 0.0185341 0.00662083 0.00665967 0.0116016 0.0190596 0.027391 0.0343259 0.0376001 0.0361881 0.0309266 0.0239674 0.0175058 0.0127635 0.00981162 0.00805181
 1.04646e-16 3.19833e-05 0.000310889 0.00206597 0.00939162 0.0292211 0.0622604 0.090881 0.0909293 0.0624964 0.0300137 0.0116814 0.00781553 0.0128682 0.023898 0.0395018 0.0570012 0.071883 0.0795436 0.0778229 0.0682462 0.0549141 0.0419892 0.0317632 0.0244217 0.0190476
 1.04017e-16 6.55513e-05 0.000637182 0.0042343 0.0192485 0.0598893 0.127601 0.186239 0.18625 0.127652 0.0600618 0.019748 0.00549308 0.00340201 0.00536602 0.00889673 0.0131115 0.0171179 0.0200342 0.021427 0.0215043 0.0208473 0.0199234 0.0188056 0.0172806 0.0151636
 1.02232e-16 5.94061e-05 0.000577448 0.00383735 0.017444 0.054275 0.11564 0.168784 0.168808 0.115755 0.054662 0.0185615 0.00664135 0.00669518 0.0116682 0.0191702 0.0275507 0.0345254 0.0378121 0.0363694 0.0310257 0.0239333 0.0172973 0.0123601 0.00922343 0.00732474
 1.04299e-16 3.46851e-05 0.000337152 0.00224049 0.010185 0.0316895 0.0675196 0.0985563 0.0986019 0.0677424 0.0324377 0.0123464 0.00766788 0.0121913 0.0225657 0.0372963 0.0538268 0.0678973 0.0751649 0.0735894 0.0646042 0.0520665 0.0398896 0.0302237 0.0232408 0.0180844
 1.06884e-16 5.18324e-05 0.00050383 0.00334813 0.0152201 0.0473555 0.100897 0.147266 0.147286 0.100995 0.0476848 0.0161734 0.00574949 0.00577401 0.0101429 0.0169003 0.0248399 0.0322794 0.0375067 0.0396857 0.0392494 0.0373944 0.0351329 0.0327183 0.0298077 0.0260386
 1.05695e-16 5.13652e-05 0.000499288 0.00331795 0.0150829 0.0469287 0.0999876 0.145941 0.145968 0.100122 0.0473813 0.0163906 0.00660194 0.00767345 0.013692 0.0225963 0.0326474 0.0412768 0.0459056 0.0453634 0.0405772 0.0339055 0.0276703 0.0230355 0.0198923 0.0174911
 1.05944e-16 4.29063e-05 0.000417065 0.00277155 0.0125991 0.0392006 0.0835222 0.12191 0.121945 0.0836926 0.0397727 0.0142526 0.00692551 0.00949606 0.0173174 0.0286445 0.0414536 0.0525352 0.0586308 0.058219 0.0523781 0.0439629 0.0357999 0.0293362 0.0245324 0.0206415
 1.01863e-16 7.17935e-05 0.000697859 0.00463752 0.0210815 0.0655924 0.139752 0.203974 0.203982 0.139794 0.0657344 0.0214922 0.0056698 0.00295604 0.0043743 0.00715408 0.0103832 0.013234 0.0149105 0.0150406 0.0138772 0.0120892 0.0103207 0.00887273 0.0076983 0.00660992
pSPR Fmed_Fpbrs
1   0.984582 0.6 0.325 0.984582 0.984582 0.984582
Fs Fmed_Fpbrs
0   0.01 0.380795 1.00353 0.01 0.01 0.01
SSBpbr Bo_Bmed_Bpbrs
313461  297787  292955 172403 86201.6 292955 292955 292955
Ro
88817.4
SPR SPRFo_SPRFmed_SPRFpbrs
639871 639871 630005
Fref
0
Nvult_r0
 32405 9394.64 3263.6 690.871 174.636
CTP_r0
 19372.9 7264.71 2563.27 543.067 137.281
YTP_r0
356387
Np
 35345.6 13002.9 4783.5 1759.75 885.533
Nvult_p0
 22342.7 8219.41 3023.75 1112.38 559.764
CTP_p0
 0 0 0 0 0
 0 0 0 0 0
 0 0 0 0 0
 0 0 0 0 0
 0 0 0 0 0
 0 0 0 0 0
YTP_p0
 0 0 0 0 0 0
CBA_c0
0
log_Ro
11.2143
likeval ReclasPelacesDesembMPH_pf_preclas_ppelaces_ptallas_desvR_qrecl_qpela
 0.000439699 15.9734 0.0460584 42.2034 247.631 141.952 122.278 0 30.012 8.00748e-05 0.000189108 0.00989091 2062.62 0 0
q_reclas_q_pelaces
3.54487 6.99207
M
1
N
 110319 24481.9 37298.6 4332.6 0.1448
 92663.9 33095.4 5640.18 8303.87 962.738
 82648.9 22377.5 4634.97 736.052 1204.45
 69942.5 19942 3127.83 603.605 251.664
 50365.6 11079.6 1061.45 144.542 39.2031
 236848 12662.3 1701.78 152.949 26.38
 47668.6 62625.8 2183.49 277.642 29.1648
 19154.5 9567.61 5737.51 180.711 25.2454
 27368.3 6138.33 2564.58 1502.74 53.8719
 33858.1 5394.74 539.527 203.014 122.492
 54681 3971.59 144.12 11.8988 7.09959
 179839 16071.1 872.918 30.5057 4.0126
 77953.7 42414 2131.8 107.47 4.23171
 24073.2 20321.5 7079.48 335.852 17.5402
 91468.5 1694.43 168.184 44.3978 2.18156
 218547 18655.2 161.047 14.4792 3.98758
 40346.9 41604.1 1513.7 11.7005 1.33318
 333954 9050.58 4919.43 164.734 1.41174
 303390 69119.3 889.726 439.132 14.75
 229602 58752.3 5833.08 67.4232 34.1854
 262778 50174.4 6542.41 595.207 10.316
 364915 65079 7445.4 908.485 83.7674
 53234.6 82347.2 7801.24 822.259 109.072
 160719 14647.1 15556.7 1403.7 167.112
 170032 42261.1 2493.78 2503.59 251.984
 52651.3 46221.8 7765.77 435.574 479.912
 151194 15366.4 9996.89 1615.61 190.03
 170226 40259.9 2692.87 1659.45 298.806
 66795.5 48659 8302.02 532.289 386.146
 91631.7 20378.6 11651.6 1926.52 212.739
 69658.3 26785.7 4423.74 2433.61 445.835
 33950.6 16737.9 3708.49 570.238 369.66
 35345.6 9510.15 3294.79 697.379 176.28
pred_Ctot
 13083.5 6006.94 9693.67 1129.53 0.0377565
 20821.1 13982.4 2495.86 3683.74 427.143
 18602.2 9466.94 2053.72 326.951 535.081
 26916.8 12443.7 2012.96 389.096 162.242
 10395.5 4372.13 439.545 60.0104 16.2784
 43251.7 4517.17 638.666 57.5581 9.92877
 14375.2 33087.2 1199.03 152.777 16.0501
 1578.23 1683.96 1073.86 33.936 4.74172
 8442.7 3296.3 1430.45 839.888 30.1124
 15940.5 3801.19 389.297 146.669 88.5013
 7078.6 1053.45 40.4441 3.34933 1.99875
 42293.9 7038.85 400.014 14.0132 1.84348
 14765 15597.6 824.142 41.6595 1.6406
 13945.9 15949.8 5647.97 268.171 14.0062
 27015.1 881.823 91.0285 24.0804 1.18336
 70274.2 10316.4 92.3891 8.32268 2.29231
 10357.9 19502.2 740.773 5.73919 0.654018
 96703.9 4642.75 2625.98 88.122 0.755273
 95621.6 37688 503.571 249.037 8.3658
 61448.7 28424.4 2942.97 34.0936 17.2885
 56050.8 20333.3 2780.27 253.587 4.39571
 92761.8 30276.8 3617.13 442.387 40.7956
 8685.56 26711 2667.57 281.968 37.4086
 29778.1 5288.74 5907.66 534.505 63.6425
 28757.2 14133.8 878.641 884.587 89.0461
 7009.15 12566.7 2232.89 125.62 138.43
 27097.1 5396.45 3694.66 598.748 70.4355
 24491.4 11716.8 827.857 511.673 92.1479
 7317.41 11117.2 2011.07 129.351 93.8527
 12121.7 5509.8 3331.91 552.584 61.0298
 15807.4 11405.8 1972.54 1087.84 199.316
 5234.55 5172.14 1209.19 186.472 120.9
 19372.9 7264.71 2563.27 543.067 137.281
F
 0.203983 0.468019 0.502235 0.504175 0.504277
 0.420922 0.965766 1.03637 1.04037 1.04058
 0.421773 0.967718 1.03846 1.04248 1.04269
 0.842568 1.93319 2.07452 2.08253 2.08296
 0.380679 0.873431 0.937285 0.940905 0.941097
 0.33024 0.757705 0.813098 0.816239 0.816405
 0.605888 1.39015 1.49178 1.49754 1.49785
 0.137983 0.316589 0.339733 0.341046 0.341115
 0.62396 1.43162 1.53628 1.54221 1.54252
 1.14301 2.62253 2.81426 2.82513 2.8257
 0.224494 0.51508 0.552736 0.554871 0.554984
 0.444584 1.02006 1.09463 1.09886 1.09908
 0.344437 0.790277 0.848052 0.851328 0.851501
 1.65375 3.79437 4.07177 4.08749 4.08833
 0.589872 1.3534 1.45235 1.45796 1.45825
 0.658805 1.51156 1.62207 1.62833 1.62867
 0.494685 1.13501 1.21798 1.22269 1.22294
 0.57517 1.31967 1.41615 1.42162 1.42191
 0.641687 1.47229 1.57992 1.58603 1.58635
 0.520844 1.19503 1.28239 1.28734 1.28761
 0.395706 0.907908 0.974282 0.978046 0.978245
 0.48872 1.12132 1.2033 1.20794 1.20819
 0.290468 0.666451 0.715173 0.717935 0.718081
 0.335792 0.770443 0.826768 0.829961 0.83013
 0.302537 0.694142 0.744889 0.747766 0.747918
 0.23151 0.531178 0.570011 0.572212 0.572329
 0.32321 0.741573 0.795787 0.798861 0.799024
 0.252291 0.578858 0.621176 0.623576 0.623703
 0.187149 0.429395 0.460787 0.462566 0.46266
 0.229908 0.527502 0.566066 0.568252 0.568368
 0.425925 0.977244 1.04869 1.05274 1.05295
 0.272548 0.625335 0.671052 0.673644 0.673781
 1.48656 3.41076 3.66011 3.67425 3.675
YTP_r0W_actual
 146072 126769 61698 17008.9 4839.15
YTP_p0W_proyectada
 0 0 0 0 0
 0 0 0 0 0
 0 0 0 0 0
 0 0 0 0 0
 0 0 0 0 0
 0 0 0 0 0
CTP_r0_actual
 19372.9 7264.71 2563.27 543.067 137.281
CTP_p0_proyectada
 0 0 0 0 0
 0 0 0 0 0
 0 0 0 0 0
 0 0 0 0 0
 0 0 0 0 0
 0 0 0 0 0
Wmedp
 7.54 17.45 24.07 31.32 35.25
Frms_r0
 1.48656 3.41076 3.66011 3.67425 3.675
Zrms_r0
 2.48656 4.41076 4.66011 4.67425 4.675
nmprior
 7.29 8.9 8.7 0
nm_flota  nm_reclas  nm_pelaces    nm_pelaL
inf 12.328 9.49834 23.3726
cv_recla  cv_pelaces  cv_mph
0.605323 0.437813 0.520872
 ------------------------------------------------
Talla a la edad & desviaci?n 
 8 13.2811 15.8009 17.003 17.5766
 0.8 1.32811 1.58009 1.7003 1.75766
