years
 1991 1992 1993 1994 1995 1996 1997 1998 1999 2000 2001 2002 2003 2004 2005 2006 2007 2008 2009 2010 2011 2012 2013 2014 2015 2016 2017 2018 2019 2020 2021 2022 2023
reclasobs
 0 0 0 0 0 0 0 0 0 252601 567819 844713 477998 351125 339783 2.1784e+06 2.13404e+06 4.81314e+06 1.55562e+06 2.62356e+06 3.21686e+06 3.843e+06 1.13348e+06 3.07943e+06 1.97215e+06 2.03268e+06 2.025e+06 2.42433e+06 2.27542e+06 1.05018e+06 2.36338e+06 3.18982e+06 1.53035e+06
reclaspred
 3.0817e+06 1.61703e+06 830524 735484 755015 2.04618e+06 987538 825367 595185 406023 706656 1.29105e+06 1.08054e+06 211254 941279 1.40111e+06 974497 2.42707e+06 2.32959e+06 1.96808e+06 3.47449e+06 2.81818e+06 1.98804e+06 2.87382e+06 2.22185e+06 1.91939e+06 2.41787e+06 2.80737e+06 2.34463e+06 1.88218e+06 1.37247e+06 1.09388e+06 472001
pelacesobs
 0 0 0 0 0 0 0 0 0 0 0 0 0 0 0 552880 188675 0 991730 2.46772e+06 1.41603e+06 1.21717e+06 2.29649e+06 1.80582e+06 0 1.4828e+06 1.56532e+06 1.57751e+06 1.42118e+06 867257 1.10002e+06 1.06204e+06 0
pelacespred
 2.04513e+06 1.08463e+06 506490 321053 407861 1.105e+06 498221 593890 351152 206661 404651 655429 642635 77299.9 497010 618189 484441 1.21449e+06 1.21076e+06 937259 1.84663e+06 1.5199e+06 1.26349e+06 1.81144e+06 1.39613e+06 1.27696e+06 1.67641e+06 1.74373e+06 1.57229e+06 1.35874e+06 803784 687498 198502
mphobs
 0 0 0 0 0 0 0 0 0 0 0 0 498337 0 5186 125008 0 168611 109162 213762 579715 649985 157893 87575 83554 210694 70296 0 107559 103333 445601 22526 28222
mphpred
 583044 388772 175189 98436 87961.6 120897 260858 111115 99489.7 60535.9 40878.2 119058 189077 81578.3 10009.7 109141 179507 112174 256632 348476 439928 525405 126584 91591.6 137773 115938 91816.8 114222 175568 127548 80715.9 63916.9 27425.6
desembarqueobs
 494567 514787 250237 358949 120608 361735 552515 73892 212993 205616 52469 317467 293654 387597 252695 516296 358380 742168 942051 627588 828172 859565 418607 520667 417249 300574 415391 372974 316634 284311 391294 218835 356480
desembarquepred
 494540 514403 250227 358970 120607 361677 552328 73894.5 213011 205629 52469.4 317413 293732 387764 252605 516066 358286 741554 940925 626962 828189 859257 418549 520692 417109 300553 415334 372881 316530 284170 391208 218840 356504
Reclutas
 144470 85249 82722.3 86341.3 75621.8 210231 58933.8 25348.7 30657.6 43068.7 79775.4 158705 74874.9 25600.6 99143.7 227184 44916.9 342984 317010 245202 283071 385256 64754.8 178052 187449 62958.6 169199 194652 79136.2 90672.1 73678.8 34607 48576.5
log_desv_Rt
 0.375263 -0.152232 -0.182319 -0.1395 -0.272064 0.750398 -0.521392 -1.36508 -1.17493 -0.835012 -0.218593 0.469242 -0.281989 -1.35519 -0.00123787 0.827952 -0.792994 1.23988 1.16112 0.904276 1.04789 1.3561 -0.4272 0.58427 0.6357 -0.45533 0.533269 0.673406 -0.226637 -0.090558 -0.298093 -1.05375 -0.714668
SSB
 995069 663510 298992 167999 150122 206333 445202 189638 169797 103315 69766 203194 306111 133013 16347.7 177763 306361 191446 458748 405623 527791 673521 645275 448898 620744 558741 414243 491079 785874 532782 402002 325379 133724
BT
 1.59864e+06 1.13227e+06 531073 515886 379910 1.19424e+06 798009 467909 458010 348296 365013 764245 697590 437538 687510 939924 603337 1.67865e+06 1.83739e+06 1.22453e+06 2.08847e+06 1.8851e+06 1.15691e+06 1.86533e+06 1.32179e+06 1.07982e+06 1.70313e+06 1.65324e+06 1.21175e+06 1.15162e+06 893128 623662 466538
Ftot
 0.442372 0.825661 0.823294 1.49749 0.528132 0.695557 1.39615 0.274201 1.12757 1.59405 0.309817 0.880409 0.80231 3.71029 1.27158 1.4345 1.02362 1.25191 1.40548 1.10602 0.821087 1.01672 0.578797 0.654394 0.593333 0.447805 0.625403 0.499757 0.363231 0.453749 0.870259 0.561714 2.22508
BD_Bspro_t
 0.932749 0.630224 0.376256 0.277785 0.244045 0.357252 0.457437 0.240698 0.283366 0.228338 0.213009 0.521165 0.475099 0.227584 0.0432152 0.307063 0.330567 0.229557 0.344603 0.286759 0.293741 0.342131 0.363268 0.318314 0.426925 0.459884 0.440454 0.511564 0.607124 0.521084 0.472064 0.402418 0.288337
BD_Bspro
 1.39141 0.927793 0.418083 0.234914 0.209918 0.288517 0.62253 0.265173 0.237429 0.144467 0.0975544 0.284128 0.428037 0.185993 0.0228592 0.248567 0.428387 0.2677 0.641472 0.567187 0.738015 0.941791 0.902294 0.627698 0.867993 0.781293 0.57924 0.68668 1.0989 0.744994 0.562123 0.454981 0.186987
BD_Bo
 2.55315 1.70244 0.767154 0.431051 0.385184 0.529408 1.1423 0.486574 0.435666 0.265087 0.179006 0.521355 0.785419 0.341284 0.041945 0.456104 0.786061 0.491211 1.17706 1.04075 1.35421 1.72812 1.65565 1.15178 1.59271 1.43362 1.06287 1.26001 2.0164 1.36701 1.03146 0.834858 0.343108
BD_Brms
 2.73223 1.82185 0.820962 0.461285 0.412201 0.566541 1.22242 0.520702 0.466224 0.28368 0.191561 0.557923 0.840509 0.365222 0.044887 0.488095 0.841195 0.525665 1.25962 1.11375 1.44919 1.84933 1.77178 1.23257 1.70442 1.53417 1.13741 1.34839 2.15783 1.4629 1.1038 0.893416 0.367174
Sel_flota
 0.415307 0.931014 0.996115 0.999795 0.999989
 0.415307 0.931014 0.996115 0.999795 0.999989
 0.415307 0.931014 0.996115 0.999795 0.999989
 0.415307 0.931014 0.996115 0.999795 0.999989
 0.415307 0.931014 0.996115 0.999795 0.999989
 0.415307 0.931014 0.996115 0.999795 0.999989
 0.415307 0.931014 0.996115 0.999795 0.999989
 0.415307 0.931014 0.996115 0.999795 0.999989
 0.415307 0.931014 0.996115 0.999795 0.999989
 0.415307 0.931014 0.996115 0.999795 0.999989
 0.415307 0.931014 0.996115 0.999795 0.999989
 0.415307 0.931014 0.996115 0.999795 0.999989
 0.415307 0.931014 0.996115 0.999795 0.999989
 0.415307 0.931014 0.996115 0.999795 0.999989
 0.415307 0.931014 0.996115 0.999795 0.999989
 0.415307 0.931014 0.996115 0.999795 0.999989
 0.415307 0.931014 0.996115 0.999795 0.999989
 0.415307 0.931014 0.996115 0.999795 0.999989
 0.415307 0.931014 0.996115 0.999795 0.999989
 0.415307 0.931014 0.996115 0.999795 0.999989
 0.415307 0.931014 0.996115 0.999795 0.999989
 0.415307 0.931014 0.996115 0.999795 0.999989
 0.415307 0.931014 0.996115 0.999795 0.999989
 0.415307 0.931014 0.996115 0.999795 0.999989
 0.415307 0.931014 0.996115 0.999795 0.999989
 0.415307 0.931014 0.996115 0.999795 0.999989
 0.415307 0.931014 0.996115 0.999795 0.999989
 0.415307 0.931014 0.996115 0.999795 0.999989
 0.415307 0.931014 0.996115 0.999795 0.999989
 0.415307 0.931014 0.996115 0.999795 0.999989
 0.415307 0.931014 0.996115 0.999795 0.999989
 0.415307 0.931014 0.996115 0.999795 0.999989
 0.415307 0.931014 0.996115 0.999795 0.999989
Sel_reclas
 0.926396 1 1 1 1
 0.926396 1 1 1 1
 0.926396 1 1 1 1
 0.926396 1 1 1 1
 0.926396 1 1 1 1
 0.926396 1 1 1 1
 0.926396 1 1 1 1
 0.926396 1 1 1 1
 0.926396 1 1 1 1
 0.926396 1 1 1 1
 0.926396 1 1 1 1
 0.926396 1 1 1 1
 0.926396 1 1 1 1
 0.926396 1 1 1 1
 0.926396 1 1 1 1
 0.926396 1 1 1 1
 0.926396 1 1 1 1
 0.926396 1 1 1 1
 0.926396 1 1 1 1
 0.926396 1 1 1 1
 0.926396 1 1 1 1
 0.926396 1 1 1 1
 0.926396 1 1 1 1
 0.926396 1 1 1 1
 0.926396 1 1 1 1
 0.926396 1 1 1 1
 0.926396 1 1 1 1
 0.926396 1 1 1 1
 0.926396 1 1 1 1
 0.926396 1 1 1 1
 0.926396 1 1 1 1
 0.926396 1 1 1 1
 0.926396 1 1 1 1
Sel_pelaces
 0.543204 0.856828 0.967865 0.993446 0.998691
 0.543204 0.856828 0.967865 0.993446 0.998691
 0.543204 0.856828 0.967865 0.993446 0.998691
 0.543204 0.856828 0.967865 0.993446 0.998691
 0.543204 0.856828 0.967865 0.993446 0.998691
 0.543204 0.856828 0.967865 0.993446 0.998691
 0.543204 0.856828 0.967865 0.993446 0.998691
 0.543204 0.856828 0.967865 0.993446 0.998691
 0.543204 0.856828 0.967865 0.993446 0.998691
 0.543204 0.856828 0.967865 0.993446 0.998691
 0.543204 0.856828 0.967865 0.993446 0.998691
 0.543204 0.856828 0.967865 0.993446 0.998691
 0.543204 0.856828 0.967865 0.993446 0.998691
 0.543204 0.856828 0.967865 0.993446 0.998691
 0.543204 0.856828 0.967865 0.993446 0.998691
 0.543204 0.856828 0.967865 0.993446 0.998691
 0.543204 0.856828 0.967865 0.993446 0.998691
 0.543204 0.856828 0.967865 0.993446 0.998691
 0.543204 0.856828 0.967865 0.993446 0.998691
 0.543204 0.856828 0.967865 0.993446 0.998691
 0.543204 0.856828 0.967865 0.993446 0.998691
 0.543204 0.856828 0.967865 0.993446 0.998691
 0.543204 0.856828 0.967865 0.993446 0.998691
 0.543204 0.856828 0.967865 0.993446 0.998691
 0.543204 0.856828 0.967865 0.993446 0.998691
 0.543204 0.856828 0.967865 0.993446 0.998691
 0.543204 0.856828 0.967865 0.993446 0.998691
 0.543204 0.856828 0.967865 0.993446 0.998691
 0.543204 0.856828 0.967865 0.993446 0.998691
 0.543204 0.856828 0.967865 0.993446 0.998691
 0.543204 0.856828 0.967865 0.993446 0.998691
 0.543204 0.856828 0.967865 0.993446 0.998691
 0.543204 0.856828 0.967865 0.993446 0.998691
pf_obs 
 0.8446 0.082 0.0669 0.0065 0
 0.8095 0.147 0.0364 0.0071 0
 0.9664 0.0169 0.016 0.0007 0
 0.9276 0.0648 0.0075 0.0001 0
 0.7033 0.2144 0.0806 0.0017 0
 0.9318 0.0425 0.0243 0.0014 0
 0.5671 0.3108 0.0964 0.0239 0.0018
 0.0768 0.2599 0.5324 0.112 0.0189
 0.490249 0.384438 0.106611 0.0170017 0.00170017
 0.7925 0.1577 0.0466 0.003 0.0002
 0.840416 0.127587 0.0312969 0.00059994 9.999e-05
 0.8084 0.0986 0.0794 0.0134 0.0002
 0.7335 0.1905 0.0724 0.0035 0.0001
 0.4001 0.4547 0.1325 0.0127 0
 0.49795 0.308269 0.164784 0.0264974 0.00249975
 0.9179 0.0499 0.0305 0.0017 0
 0.2467 0.6533 0.0926 0.0074 0
 0.9418 0.0223 0.034 0.0019 0
 0.707729 0.231977 0.0356964 0.0245975 0
 0.517169 0.277429 0.184464 0.0207286 0.00020938
 0.811772 0.124168 0.05621 0.00726502 0.000585176
 0.764997 0.148141 0.077277 0.00933861 0.000247198
 0.163321 0.427699 0.378323 0.0303852 0.000271297
 0.753843 0.0900009 0.118128 0.0371064 0.000921714
 0.721811 0.176058 0.0630433 0.0369309 0.00215725
 0.143369 0.312575 0.442814 0.0836902 0.0175525
 0.692698 0.0596174 0.167031 0.0765114 0.00414204
 0.394062 0.376323 0.152708 0.0712218 0.00568511
 0.125707 0.32114 0.495352 0.0537591 0.00404204
 0.23352 0.215282 0.420074 0.123614 0.00750983
 0.796117 0.104755 0.0508955 0.0450114 0.00322123
 0.162477 0.292055 0.404252 0.121198 0.0200186
 0 0 0 0 0
pf_pred 
 0.487431 0.184061 0.299754 0.0287525 1.17825e-06
 0.417609 0.413948 0.0637448 0.0955726 0.0091261
 0.566772 0.29148 0.103684 0.0144544 0.0236098
 0.647757 0.278931 0.050934 0.0163935 0.00598402
 0.656661 0.298492 0.0364633 0.00583793 0.00254586
 0.799718 0.166124 0.0300239 0.00336477 0.000769914
 0.348124 0.597189 0.0460716 0.00757805 0.00103813
 0.388913 0.394417 0.200501 0.013636 0.00253222
 0.550516 0.271613 0.117877 0.0555345 0.00445943
 0.742159 0.206455 0.0324644 0.0125671 0.00635548
 0.809441 0.174336 0.0133345 0.00182995 0.00105841
 0.747187 0.229951 0.021051 0.00149043 0.000321445
 0.462886 0.480358 0.0520815 0.00430559 0.000368478
 0.402578 0.425882 0.154981 0.0152022 0.00135676
 0.95989 0.034717 0.00411327 0.00115797 0.000121942
 0.85738 0.140863 0.00154503 0.000162166 5.01203e-05
 0.334906 0.634776 0.0299894 0.000289161 3.94427e-05
 0.914878 0.0513706 0.0323657 0.00137105 1.49318e-05
 0.70245 0.289685 0.00497045 0.00277696 0.000118124
 0.648006 0.313567 0.0375323 0.000566892 0.000327852
 0.688638 0.265065 0.0417281 0.00446286 0.000105716
 0.708013 0.251793 0.0347082 0.00494653 0.000538591
 0.234851 0.672835 0.0807539 0.00999131 0.00156949
 0.680909 0.14107 0.158167 0.0173784 0.00247572
 0.617073 0.32721 0.0259045 0.0265027 0.00330989
 0.315261 0.552341 0.114589 0.00830166 0.00950716
 0.703394 0.158267 0.113342 0.0216478 0.00334866
 0.633736 0.316723 0.0275534 0.0180308 0.00395661
 0.346859 0.530566 0.1072 0.00856962 0.00680636
 0.498468 0.281355 0.181459 0.0338802 0.00483798
 0.502239 0.357075 0.0818183 0.0485546 0.0103125
 0.405326 0.443009 0.111911 0.023174 0.0165793
 0.664473 0.216269 0.0908414 0.0209958 0.00742088
pobs_RECLAS
 0 0 0 0 0
 0 0 0 0 0
 0 0 0 0 0
 0 0 0 0 0
 0 0 0 0 0
 0 0 0 0 0
 0 0 0 0 0
 0 0 0 0 0
 0 0 0 0 0
 0 0 0 0 0
 0.991045 0.00858322 0.000360255 1.14367e-05 0
 0.934742 0.0480273 0.0164251 0.00080598 0
 0.827803 0.169806 0.00239088 0 0
 0.941827 0.0461693 0.0120037 0 0
 0.791401 0.0380133 0.147996 0.0225897 0
 0.846168 0.0940531 0.0597789 0 0
 0.134021 0.677848 0.182769 0.00536245 0
 0.80878 0.0450904 0.141981 0.00414843 0
 0.846168 0.0940531 0.0597789 0 0
 0.905697 0.0802665 0.012482 0.00150086 5.37128e-05
 0.989698 0.0102097 9.19794e-05 0 0
 0.975433 0.0193895 0.00387452 0.00125025 5.28907e-05
 0.303575 0.632131 0.0575291 0.00676475 0
 0.966965 0.00978017 0.0227588 0.000495775 0
 0.843318 0.132988 0.00938335 0.0141283 0.000182051
 0.564624 0.303363 0.111486 0.0197234 0.00080311
 0.826376 0.0876187 0.0782897 0.00655872 0.00115652
 0.89761 0.0855135 0.0140674 0.00269457 0.000114338
 0.34875 0.467042 0.161289 0.0227151 0.000203297
 0.318654 0.224769 0.449479 0.00709798 0
 0.937255 0.0296025 0.0250945 0.00804832 0
 0.456809 0.399803 0.12412 0.0192676 0
 0.883104 0.0372192 0.0704036 0.00927362 0
ppred_RECLAS
 0.679089 0.12055 0.182885 0.0174746 7.15945e-07
 0.61613 0.278882 0.0398334 0.0594764 0.00567808
 0.745869 0.175195 0.057805 0.00802533 0.0131058
 0.814359 0.149603 0.0250743 0.00803228 0.00293125
 0.805069 0.171031 0.0194462 0.00310123 0.00135213
 0.897519 0.0860508 0.0144484 0.00161271 0.000368936
 0.554739 0.410703 0.0291345 0.00477005 0.000653297
 0.578526 0.278688 0.132169 0.00895476 0.00166257
 0.739982 0.162114 0.0649779 0.030479 0.00244691
 0.874097 0.102556 0.0147759 0.00569227 0.00287797
 0.900133 0.0918972 0.00655563 0.000896239 0.000518267
 0.86749 0.121333 0.0102951 0.00072587 0.000156516
 0.654945 0.310977 0.0312827 0.00257555 0.000220371
 0.698408 0.223306 0.070782 0.00688958 0.000614628
 0.982236 0.0155419 0.00169676 0.000475529 5.00643e-05
 0.93335 0.0658947 0.00066414 6.93834e-05 2.14389e-05
 0.529733 0.450371 0.0196816 0.000188961 2.57693e-05
 0.961981 0.0236805 0.0137522 0.000579954 6.31467e-06
 0.845863 0.150389 0.00237233 0.00131928 5.61047e-05
 0.806645 0.173692 0.0192073 0.000288849 0.000167012
 0.830352 0.146004 0.0213203 0.00227085 5.37799e-05
 0.845177 0.134912 0.0172038 0.00244139 0.000265764
 0.399314 0.532726 0.0594788 0.00732999 0.00115119
 0.827541 0.0793863 0.0827301 0.00905352 0.00128949
 0.777821 0.191857 0.0141274 0.0143964 0.00179757
 0.498239 0.410215 0.0792743 0.00572098 0.00655038
 0.840893 0.0878016 0.0584634 0.0111218 0.00172005
 0.788607 0.184562 0.0149486 0.00974411 0.00213777
 0.532393 0.384778 0.0724751 0.00577154 0.00458308
 0.685739 0.18182 0.109226 0.0203146 0.00290026
 0.693812 0.224381 0.0476597 0.028166 0.00598084
 0.59818 0.304825 0.0716466 0.0147778 0.0105702
 0.840974 0.106155 0.0403273 0.00926883 0.00327506
pobs_PELACES
 0 0 0 0 0
 0 0 0 0 0
 0 0 0 0 0
 0 0 0 0 0
 0 0 0 0 0
 0 0 0 0 0
 0 0 0 0 0
 0 0 0 0 0
 0 0 0 0 0
 0 0 0 0 0
 0 0 0 0 0
 0 0 0 0 0
 0 0 0 0 0
 0 0 0 0 0
 0 0 0 0 0
 0 0 0 0 0
 0.505614 0.472636 0.0217494 0 0
 0 0 0 0 0
 0.443492 0.261883 0.143347 0.151278 0
 0.227955 0.32914 0.350689 0.0885471 0.00366901
 0.970185 0.0296113 0.000203453 0 0
 0.997202 0.00247181 0.000326279 0 0
 0.445219 0.490057 0.0546422 0.010081 0
 0.90214 0.0892962 0.00764917 0.000914606 0
 0 0 0 0 0
 0.581667 0.319106 0.0959925 0.00289975 0.000334073
 0.762889 0.0836404 0.116647 0.0363945 0.000428098
 0.88444 0.0763242 0.0277011 0.0115352 0
 0.521256 0.241999 0.230069 0.00667565 0
 0.616807 0.101726 0.260614 0.0208532 0
 0.833518 0.0704572 0.0857862 0.0102388 0
 0.697417 0.212968 0.0787535 0.0105354 0.000325836
 0 0 0 0 0
ppred_PELACES
 0.592062 0.142443 0.241793 0.0237011 9.76148e-07
 0.549854 0.316008 0.050089 0.0766891 0.00735961
 0.690278 0.205949 0.0754126 0.0107359 0.0176238
 0.791574 0.164689 0.0301928 0.0099095 0.00363505
 0.752865 0.213625 0.0271273 0.00443767 0.00194497
 0.868817 0.108133 0.0202048 0.00231289 0.000531883
 0.517584 0.441528 0.0343346 0.00576025 0.000793007
 0.485641 0.326266 0.173759 0.0120797 0.00225455
 0.693636 0.183282 0.0809963 0.0389436 0.00314273
 0.859472 0.112343 0.017668 0.0069728 0.00354364
 0.865529 0.122492 0.00980502 0.00137538 0.000799525
 0.837559 0.147362 0.0138594 0.00100193 0.000217171
 0.595566 0.360481 0.0402618 0.00339911 0.000292358
 0.746527 0.185497 0.0613287 0.00609968 0.000546903
 0.978889 0.0182292 0.00218746 0.000628284 6.64903e-05
 0.924355 0.0747048 0.000824697 8.82802e-05 2.74194e-05
 0.477398 0.498271 0.0240617 0.000236826 3.24651e-05
 0.953796 0.0277254 0.0177052 0.000765228 8.3753e-06
 0.826329 0.169012 0.00292202 0.00166507 7.11778e-05
 0.773255 0.201559 0.0245861 0.000379002 0.00022028
 0.791333 0.176808 0.0286545 0.00312956 7.45038e-05
 0.81413 0.159726 0.0225106 0.00327485 0.000358352
 0.331252 0.585188 0.0728912 0.00921383 0.00145464
 0.775407 0.0972405 0.11287 0.0126683 0.00181379
 0.722517 0.235408 0.0193325 0.0202069 0.0025363
 0.417671 0.465627 0.10067 0.00745303 0.00857836
 0.792444 0.108701 0.0806681 0.0157395 0.00244696
 0.732205 0.229988 0.0208172 0.0139197 0.00306988
 0.447793 0.444565 0.0938526 0.00766809 0.00612111
 0.605234 0.217069 0.145871 0.0278317 0.00399433
 0.635303 0.2589 0.0609674 0.0369438 0.00788574
 0.521149 0.352689 0.0925159 0.0195732 0.0140737
 0.837202 0.105745 0.0432593 0.010178 0.00361478
pobs_pel_tallas
 0 0 0 0 0 0 0 0 0 0 0 0 0 0 0 0 0 0 0 0 0 0 0 0 0 0
 0 0 0 0 0 0 0 0 0 0 0 0 0 0 0 0 0 0 0 0 0 0 0 0 0 0
 0 0 0 0 0 0 0 0 0 0 0 0 0 0 0 0 0 0 0 0 0 0 0 0 0 0
 0 0 0 0 0 0 0 0 0 0 0 0 0 0 0 0 0 0 0 0 0 0 0 0 0 0
 0 0 0 0 0 0 0 0 0 0 0 0 0 0 0 0 0 0 0 0 0 0 0 0 0 0
 0 0 0 0 0 0 0 0 0 0 0 0 0 0 0 0 0 0 0 0 0 0 0 0 0 0
 0 0 0 0 0 0 0 0 0 0 0 0 0 0 0 0 0 0 0 0 0 0 0 0 0 0
 0 0 0 0 0 0 0 0 0 0 0 0 0 0 0 0 0 0 0 0 0 0 0 0 0 0
 0 0 0 0 0 0 0 0 0 0 0 0 0 0 0 0 0 0 0 0 0 0 0 0 0 0
 0 0 0 0 0 0 0 0 0 0 0 0 0 0 0 0 0 0 0 0 0 0 0 0 0 0
 0 0 0 0 0 0 0 0 0 0 0 0 0 0 0 0 0 0 0 0 0 0 0 0 0 0
 0 0 0 0 0 0 0 0 0 0 0 0 0 0 0 0 0 0 0 0 0 0 0 0 0 0
 0.00862536 0 0 0.000197151 0.00414017 0.0128641 0.00837892 0.0270097 0.101434 0.158115 0.152841 0.127902 0.109271 0.109419 0.0830992 0.0579132 0.0238553 0.00714673 0.00463305 0.00128148 0.00103504 0.000492878 0.000147863 0.000147863 4.92878e-05 0
 0 0 0 0 0 0 0 0 0 0 0 0 0 0 0 0 0 0 0 0 0 0 0 0 0 0
 0 0 0 0 0 0 0 0.0054083 0.00873648 0.0413646 0.0450493 0.0745869 0.0622846 0.0627006 0.0613931 0.0827291 0.12552 0.122667 0.0946155 0.0697135 0.0546179 0.0294188 0.0215738 0.0213955 0.0102223 0.00600262
 0 0 0 0 0.00359764 0.0251062 0.0480494 0.140153 0.205849 0.193036 0.1447 0.116669 0.0760912 0.0342217 0.00950174 0.001854 0.000860785 0 0 0 0.000165536 0 0.000143464 0 0 0
 0 0 0 0 0 0 0 0.000145254 0.000435761 0.0275982 0.070085 0.0708112 0.156366 0.174668 0.174014 0.160142 0.0824315 0.0480064 0.0283245 0.00493863 0.00203355 0 0 0 0 0
 0 0 0 0 0 0 0 0 0 0 0 0 0 0 0 0 0 0 0 0 0 0 0 0 0 0
 0 0 1.00437e-05 0.000401748 0.00122533 0.00171747 0.00176769 0.0269171 0.070346 0.194647 0.189555 0.159765 0.064822 0.0314167 0.0384472 0.0292271 0.0345202 0.0313363 0.0194345 0.0106764 0.0143323 0.0359363 0.0279516 0.0138201 0.00172751 0
 0 0.0021121 0.0136068 0.0755702 0.200478 0.177729 0.0527432 0.0373336 0.0318909 0.0142505 0.0149659 0.0166563 0.0217959 0.0798694 0.0677717 0.0528807 0.04013 0.0224614 0.0357745 0.0225083 0.00881397 0.00855152 0.00135912 0.000746735 0 0
 0 0 0 0 5.4009e-05 0.00500934 0.000945158 0.0243581 0.138947 0.33067 0.221406 0.137944 0.0707744 0.0437923 0.0131692 0.00525238 0.0047753 0.00276346 9.45158e-05 9.00151e-06 2.25038e-05 9.00151e-06 4.50075e-06 0 0 0
 0.000866109 0.00284123 0.00948549 0.0512746 0.133035 0.25785 0.225252 0.132002 0.0553304 0.0519788 0.0540692 0.017754 0.00435017 0.00159236 0.00146478 0.000404838 0.000125132 0.000115318 0.000107957 0.000100596 0 0 0 0 0 0
 0 0 0 0 0.00144013 0.00171154 0.00461396 0.0210425 0.0478622 0.0707936 0.0888783 0.103762 0.0637923 0.0337046 0.0602308 0.124433 0.169614 0.0934646 0.0462172 0.0250306 0.0313229 0.00938855 0.002487 0.000210481 0 0
 0 0.00764035 0.051015 0.0998891 0.058973 0.0496711 0.0374665 0.0718981 0.12319 0.153886 0.159021 0.0857701 0.0377988 0.023471 0.0147837 0.00900784 0.00315554 0.000888139 0.00291439 0.00214683 0.00393193 0.00274676 0.000635225 9.99891e-05 0 0
 0 0 0 0 0 0 0 0 0 0 0 0 0 0 0 0 0 0 0 0 0 0 0 0 0 0
 0 0 0 0 0 0 0 0 0 0 0 0 0 0 0 0 0 0 0 0 0 0 0 0 0 0
 0 0 0 0 0 0 0 0 0 0 0 0 0 0 0 0 0 0 0 0 0 0 0 0 0 0
 0 0 0 0 0 0 0 0 0 0 0 0 0 0 0 0 0 0 0 0 0 0 0 0 0 0
 0 0 0 0 0 0 0 0 0 0 0 0 0 0 0 0 0 0 0 0 0 0 0 0 0 0
 0 0 0 0 0 0 0 0 0 0 0 0 0 0 0 0 0 0 0 0 0 0 0 0 0 0
 0 0 0 0 0 0 0 0 0 0 0 0 0 0 0 0 0 0 0 0 0 0 0 0 0 0
 0 0 0 0 0 0 0 0 0 0 0 0 0 0 0 0 0 0 0 0 0 0 0 0 0 0
 0 0 0 0 0 0 0 0 0 0 0 0 0 0 0 0 0 0 0 0 0 0 0 0 0 0
ppred_pel_tallas
 1.09392e-16 4.87674e-05 0.000474036 0.00315014 0.0143201 0.0445552 0.09493 0.138556 0.13857 0.094999 0.0447877 0.0149961 0.00486387 0.00427051 0.00742101 0.0126133 0.0191466 0.0261183 0.0325682 0.0379397 0.0421962 0.0454273 0.0473506 0.0472531 0.0444703 0.0389736
 1.10463e-16 4.52908e-05 0.000440243 0.00292557 0.0132992 0.041379 0.0881636 0.128684 0.128714 0.0883126 0.0418795 0.0147451 0.00655687 0.00837428 0.015135 0.0250099 0.0361764 0.0458437 0.0512286 0.0511285 0.0466631 0.0404932 0.0351401 0.031709 0.0297772 0.0281761
 1.06289e-16 5.68574e-05 0.000552674 0.00367271 0.0166956 0.0519464 0.110678 0.161542 0.161562 0.110775 0.0522737 0.0176419 0.00605159 0.00575815 0.00997947 0.0165039 0.0239943 0.0306492 0.0346641 0.0352046 0.0328674 0.0291924 0.0256403 0.0228581 0.0206708 0.0185686
 1.02523e-16 6.52009e-05 0.000633776 0.00421167 0.0191456 0.0595693 0.126919 0.185246 0.185262 0.126997 0.05983 0.0198988 0.00610278 0.00476423 0.00791605 0.0130005 0.0187617 0.0236794 0.0262502 0.0257838 0.0228041 0.0186748 0.0147598 0.0117775 0.00972466 0.00822308
 1.01612e-16 6.20125e-05 0.000602784 0.00400571 0.0182094 0.0566563 0.120713 0.176188 0.176209 0.120814 0.056994 0.0191847 0.00645354 0.00594544 0.0102058 0.0167663 0.0241277 0.0303004 0.0332978 0.0321992 0.0276922 0.0216003 0.0157939 0.01133 0.00831758 0.00633129
 1.00933e-16 7.15634e-05 0.000695621 0.00462265 0.0210139 0.0653821 0.139304 0.20332 0.203331 0.139355 0.0655532 0.0215083 0.00586398 0.00340652 0.00522312 0.00852942 0.0122977 0.0155 0.0171373 0.0167429 0.0146486 0.0117442 0.00893336 0.00671444 0.00512797 0.00397359
 1.01816e-16 4.26328e-05 0.000414406 0.00275388 0.0125187 0.0389507 0.0829901 0.121135 0.121178 0.0831978 0.0396479 0.0145319 0.0078049 0.0114331 0.0209462 0.0345006 0.049553 0.0620125 0.0677345 0.0648003 0.0546682 0.0412108 0.0284457 0.0187136 0.0123435 0.00847141
 1.06691e-16 4.00017e-05 0.000388831 0.00258392 0.0117461 0.0365468 0.0778679 0.113657 0.113689 0.0780226 0.0370668 0.0132507 0.00637003 0.00868504 0.0158868 0.0264365 0.0386251 0.0497031 0.0568421 0.0586559 0.0558901 0.0506635 0.0449455 0.03955 0.0342598 0.0286268
 1.06822e-16 5.71339e-05 0.000555362 0.00369057 0.0167768 0.052199 0.111216 0.162327 0.162345 0.111303 0.0524909 0.0176211 0.00581462 0.0052083 0.00894168 0.0148182 0.0216396 0.0278479 0.0318909 0.0330607 0.0318728 0.0296065 0.0273955 0.0256113 0.0239208 0.0217892
 1.01838e-16 7.07936e-05 0.000688139 0.00457293 0.0207879 0.0646788 0.137806 0.201133 0.201144 0.137858 0.0648566 0.0213013 0.00586199 0.003503 0.00541922 0.00885383 0.0127641 0.0160882 0.0177969 0.0174217 0.01533 0.0124687 0.00978699 0.00778752 0.00646739 0.00555238
 1.00588e-16 7.12925e-05 0.000692988 0.00460515 0.0209344 0.0651346 0.138777 0.202551 0.202563 0.138834 0.065328 0.0214929 0.00600655 0.00375018 0.00587135 0.00957759 0.013752 0.0172129 0.0188078 0.0180052 0.0152101 0.0114964 0.00797741 0.00530034 0.00355365 0.00249463
 1.00575e-16 6.89887e-05 0.000670595 0.00445634 0.0202579 0.0630298 0.134292 0.196006 0.196021 0.134362 0.0632626 0.02093 0.00614291 0.00435031 0.00705126 0.0115316 0.0165659 0.0207482 0.0226936 0.0217596 0.0184258 0.0139724 0.00972674 0.0064613 0.00428682 0.00292635
 1.01645e-16 4.90561e-05 0.000476843 0.00316879 0.0144049 0.0448191 0.0954931 0.139382 0.139417 0.0956627 0.0453887 0.0160498 0.00729685 0.00948497 0.0171467 0.0282416 0.0406115 0.0509252 0.0558126 0.0537049 0.0457607 0.0350795 0.0248641 0.0169623 0.0116227 0.0081742
 1.02522e-16 6.14905e-05 0.00059771 0.00397199 0.0180561 0.0561794 0.119697 0.174705 0.174723 0.119784 0.0564738 0.0189073 0.00611112 0.0052759 0.00897092 0.0147974 0.0214582 0.0272896 0.0306237 0.030666 0.0279256 0.023794 0.0196401 0.0161524 0.0133163 0.0108229
 1.00143e-16 8.06298e-05 0.00078375 0.00520829 0.0236762 0.0736653 0.156952 0.229076 0.229078 0.15696 0.0736941 0.0237594 0.00541715 0.00123958 0.000946033 0.00143559 0.00205833 0.00258427 0.00283942 0.0027453 0.00236103 0.00184269 0.00135009 0.000973101 0.000720125 0.000553669
 1.00057e-16 7.61379e-05 0.000740087 0.00491814 0.0223572 0.0695615 0.148208 0.216316 0.216323 0.148243 0.0696793 0.0226972 0.00577089 0.00259905 0.00359898 0.00580923 0.00831377 0.0103551 0.0112186 0.0105769 0.00868687 0.00622846 0.00391661 0.00218172 0.00109996 0.000523765
 1.00852e-16 3.93227e-05 0.000382231 0.00254006 0.0115468 0.0359266 0.0765472 0.111733 0.111781 0.0767814 0.0367129 0.0138168 0.00823435 0.0128 0.023585 0.0388284 0.0556937 0.0695356 0.0756425 0.071833 0.059775 0.0439105 0.0288864 0.0174673 0.010116 0.00588513
 1.00597e-16 7.85629e-05 0.000763659 0.00507478 0.0230692 0.071777 0.152929 0.223204 0.223207 0.152942 0.0718213 0.0231974 0.00539753 0.00147155 0.00143268 0.00226933 0.00331962 0.0042946 0.00495292 0.00517576 0.00501872 0.00464667 0.00420826 0.00375748 0.00327128 0.00272034
 1.00307e-16 6.80637e-05 0.000661603 0.00439659 0.0199863 0.0621848 0.132492 0.193379 0.193395 0.132571 0.0624513 0.0207557 0.00632636 0.00486881 0.00804212 0.0131451 0.0188298 0.0234697 0.0254586 0.0240595 0.0198531 0.0143729 0.00922561 0.00537057 0.00296627 0.00166985
 1.00837e-16 6.36921e-05 0.000619109 0.0041142 0.0187026 0.0581907 0.123982 0.18096 0.180979 0.124077 0.0585093 0.0196225 0.00642297 0.00565761 0.00962801 0.0158034 0.0227279 0.0285117 0.0312685 0.0301181 0.025701 0.01974 0.014016 0.00955821 0.00651137 0.00451464
 1.01199e-16 6.51811e-05 0.000633584 0.00421039 0.0191398 0.0595512 0.126881 0.18519 0.185207 0.126964 0.0598309 0.0199477 0.00623842 0.00506137 0.00847596 0.0139131 0.020044 0.0252197 0.0278006 0.0270205 0.0234292 0.0185019 0.013747 0.010011 0.0073817 0.00553561
 1.0108e-16 6.70588e-05 0.000651836 0.00433168 0.0196912 0.0612667 0.130536 0.190524 0.190539 0.130611 0.0615192 0.0204206 0.00616263 0.00464858 0.00765682 0.0125498 0.018066 0.0227039 0.0249783 0.0241983 0.02087 0.0163436 0.012003 0.00862915 0.00630507 0.00472664
 1.03424e-16 2.72849e-05 0.000265219 0.00176248 0.008012 0.0249286 0.0531151 0.0775349 0.0775913 0.0533906 0.0258536 0.0106833 0.00846687 0.0148975 0.0278063 0.0458982 0.0660475 0.0829076 0.0910306 0.0878803 0.0753285 0.0583709 0.0421476 0.0295907 0.0210499 0.0154131
 1.0486e-16 6.38693e-05 0.000620832 0.00412565 0.0187546 0.0583526 0.124327 0.18146 0.18147 0.124373 0.0585096 0.0192102 0.00527673 0.00315857 0.00495646 0.00828308 0.0123684 0.0164749 0.0198651 0.0221517 0.0234313 0.0240306 0.0241102 0.0235023 0.0219055 0.0192175
 1.03074e-16 5.95128e-05 0.000578485 0.00384424 0.0174754 0.0543725 0.115847 0.169087 0.16911 0.115958 0.0547444 0.0185494 0.00653935 0.00645954 0.011222 0.0184414 0.0265233 0.033284 0.0365484 0.0353345 0.0304508 0.0239619 0.0179593 0.0135839 0.0108655 0.00920032
 1.05224e-16 3.44031e-05 0.000334411 0.00222228 0.0101022 0.0314319 0.0669706 0.097755 0.0977999 0.0671902 0.0321693 0.0122327 0.0075725 0.012022 0.0222546 0.036797 0.0531425 0.0671117 0.0744444 0.0731427 0.0646145 0.0526337 0.041008 0.0317975 0.025119 0.0200971
 1.04349e-16 6.52726e-05 0.000634473 0.0042163 0.0191667 0.0596347 0.127058 0.185448 0.185458 0.12711 0.0598088 0.0196709 0.005487 0.00342537 0.00541541 0.00897942 0.0132325 0.0172755 0.020221 0.0216374 0.0217429 0.0211328 0.0202828 0.0192613 0.0178366 0.0157983
 1.02576e-16 6.03108e-05 0.000586243 0.00389579 0.0177097 0.0551016 0.117401 0.171354 0.171376 0.117509 0.055465 0.018759 0.00652903 0.00633232 0.0109666 0.0180178 0.025912 0.0325102 0.0356803 0.0344522 0.0296031 0.0231411 0.0171115 0.012648 0.00981496 0.00806325
 1.04627e-16 3.68842e-05 0.000358528 0.00238254 0.0108307 0.0336986 0.0718001 0.104803 0.104846 0.0720097 0.0344026 0.0128646 0.00748989 0.011515 0.0212454 0.0351172 0.0507048 0.0640092 0.0709568 0.0696364 0.0613932 0.0498381 0.0386201 0.0297228 0.0232729 0.0184446
 1.07733e-16 4.98524e-05 0.000484583 0.00322023 0.0146387 0.0455465 0.0970424 0.141641 0.141662 0.0971457 0.0458936 0.0156437 0.00575194 0.00604111 0.0106901 0.0178224 0.0262024 0.0340656 0.0396145 0.0419764 0.0416149 0.0397933 0.0375715 0.0351972 0.0322809 0.02841
 1.06866e-16 5.23291e-05 0.000508658 0.00338021 0.015366 0.0478094 0.101864 0.148678 0.148703 0.101986 0.0482198 0.0165521 0.00636006 0.00702219 0.0124482 0.0205647 0.0297833 0.0378094 0.0423456 0.0423579 0.0386788 0.0333897 0.0284907 0.0249079 0.0224255 0.020296
 1.07105e-16 4.29264e-05 0.00041726 0.00277284 0.0126049 0.0392189 0.0835612 0.121967 0.122001 0.0837277 0.0397781 0.014221 0.00683286 0.00929186 0.0169315 0.0280127 0.0405596 0.051449 0.0575156 0.0572936 0.0518531 0.0439856 0.036432 0.0305577 0.0262543 0.0227176
 1.02908e-16 6.89593e-05 0.000670309 0.00445444 0.0202492 0.0630029 0.134235 0.195922 0.195932 0.134285 0.0631711 0.0207356 0.00567764 0.00334812 0.00517684 0.00850754 0.0123855 0.0158625 0.018016 0.0184151 0.0173498 0.0155782 0.0138086 0.0123378 0.0110638 0.00974659
pSPR Fmed_Fpbrs
1   0.984457 0.6 0.325 0.984457 0.984457 0.984457
Fs Fmed_Fpbrs
0   0.01 0.376795 0.989677 0.01 0.01 0.01
SSBpbr Bo_Bmed_Bpbrs
389742  370255  364197 214358 107179 364197 364197 364197
Ro
99266.5
SPR SPRFo_SPRFmed_SPRFpbrs
715149 715149 704034
Fref
0
Nvult_r0
 41483.9 9614.93 3952.71 912.53 322.51
CTP_r0
 19923.7 6484.64 2723.8 629.542 222.509
YTP_r0
356504
Np
 48576.5 17870.3 6574.12 2418.48 1217.02
Nvult_p0
 30706.2 11296.2 4155.63 1528.77 769.301
CTP_p0
 0 0 0 0 0
 0 0 0 0 0
 0 0 0 0 0
 0 0 0 0 0
 0 0 0 0 0
 0 0 0 0 0
YTP_p0
 0 0 0 0 0 0
CBA_c0
0
log_Ro
11.3256
likeval ReclasPelacesDesembMPH_pf_preclas_ppelaces_ptallas_desvR_qrecl_qpela
 0.000379854 16.0665 0.0263325 42.6003 242.448 140.942 120.716 0 26.1781 3.87672e-05 0.00012115 0.0160528 2063.14 0 0
q_reclas_q_pelaces
2.41219 4.74267
M
1
N
 144470 26629 40984.4 3919.22 0.16058
 85249 44227.7 6489.23 9703.99 926.493
 82722.3 22257.4 7543.22 1048.85 1712.95
 86341.3 21618.9 3804.46 1222.08 446.042
 75621.8 17054.1 1972.67 314.902 137.304
 210231 22340.6 3837.01 428.831 98.1092
 58933.8 57935.8 4300.94 705.984 96.7033
 25348.7 12141 5809.54 393.808 73.1176
 30657.6 8321.55 3460.11 1626.39 130.584
 43068.7 7061.05 1071.51 414 209.348
 79775.4 8172.52 588.908 80.5573 46.5852
 158705 25804.4 2253.16 159.12 34.3133
 74874.9 40504.4 4182.35 344.847 29.5083
 25600.6 19739.3 7060.02 691.896 61.7471
 99143.7 2017.19 229.53 64.478 6.78917
 227184 21509.1 227.148 23.7931 7.3529
 44916.9 46062.6 2081.18 20.0189 2.73031
 342984 10801.6 6533.86 276.179 3.00746
 317010 75020.2 1238.81 690.7 29.3773
 245202 65054.4 7457.58 112.379 64.9846
 283071 56982.6 8546.34 911.655 21.5922
 385256 74046.5 9760.09 1387.64 151.071
 64754.8 92912.3 10571 1304.12 204.827
 178052 18731.9 19941.2 2184.88 311.212
 187449 49914.1 3747.09 3822.62 477.329
 62958.6 53897.9 10568.8 763.342 874.047
 169199 19230.6 13068.2 2488.89 384.944
 194652 48006.8 3952.08 2578.49 565.726
 79136.2 58186.9 11090.2 883.756 701.801
 90672.1 25036.1 15263.9 2841.24 405.655
 73678.8 27627.3 6036.78 3573.34 758.838
 34607 18883.5 4520.31 933.32 667.618
 48576.5 10082.2 4117.83 950.325 335.862
pred_Ctot
 15558.2 5875 9567.76 917.743 0.0376082
 16084.6 15943.6 2455.19 3681.07 351.5
 15569.1 8006.87 2848.17 397.058 648.556
 26567.9 11440.4 2089.07 672.382 245.436
 9584.33 4356.66 532.202 85.2079 37.1582
 34133.3 7090.44 1281.47 143.614 32.8613
 17174 29461.1 2272.85 373.848 51.2139
 1740.77 1765.41 897.444 61.0348 11.3342
 7525.76 3713.06 1611.42 759.178 60.9621
 13899.9 3866.69 608.026 235.37 119.032
 6152.73 1325.17 101.358 13.9098 8.04523
 31647.5 9739.68 891.625 63.1278 13.615
 13779.9 14300.1 1550.44 128.175 10.9694
 14301.9 15129.8 5505.82 540.072 48.2002
 26829.8 970.371 114.97 32.3664 3.40839
 67619.5 11109.5 121.853 12.7896 3.95287
 10176.7 19288.8 911.279 8.78665 1.19853
 91663.6 5146.93 3242.79 137.368 1.49605
 92863.3 38296 657.089 367.112 15.6159
 59243.7 28667.8 3431.38 51.8279 29.9737
 53152.8 20459.1 3220.8 344.467 8.15969
 86794 30866.9 4254.82 606.386 66.0248
 8918.99 25552.4 3066.81 379.443 59.605
 27382.8 5673.14 6360.69 698.872 99.5611
 26403 14000.5 1108.39 1133.99 141.622
 6857.14 12013.8 2492.38 180.567 206.787
 24987.7 5622.36 4026.43 769.027 118.96
 23455.5 11722.4 1019.79 667.345 146.44
 7091.38 10847.2 2191.65 175.202 139.153
 9996.67 5642.53 3639.12 679.461 97.0248
 14546.8 10342.3 2369.78 1406.33 298.69
 4639.03 5070.32 1280.85 265.231 189.753
 19923.7 6484.64 2723.8 629.542 222.509
F
 0.18372 0.411855 0.440654 0.442282 0.442368
 0.342903 0.768702 0.822454 0.825492 0.825652
 0.34192 0.766499 0.820096 0.823125 0.823285
 0.621917 1.39418 1.49167 1.49718 1.49747
 0.219337 0.491698 0.52608 0.528024 0.528126
 0.28887 0.647573 0.692855 0.695414 0.69555
 0.579831 1.29983 1.39073 1.39586 1.39613
 0.113878 0.255285 0.273136 0.274145 0.274198
 0.468288 1.04978 1.12319 1.12734 1.12756
 0.662019 1.48408 1.58785 1.59372 1.59403
 0.128669 0.288444 0.308613 0.309753 0.309813
 0.36564 0.819673 0.876989 0.880228 0.880399
 0.333205 0.746962 0.799193 0.802145 0.802301
 1.54091 3.45433 3.69588 3.70953 3.71025
 0.528096 1.18386 1.26664 1.27132 1.27156
 0.595758 1.33554 1.42893 1.4342 1.43448
 0.425117 0.953004 1.01964 1.02341 1.02361
 0.519928 1.16555 1.24705 1.25165 1.2519
 0.583708 1.30853 1.40002 1.4052 1.40547
 0.459339 1.02972 1.10172 1.10579 1.10601
 0.341004 0.764444 0.817898 0.820919 0.821078
 0.422252 0.946583 1.01277 1.01651 1.01671
 0.240379 0.538869 0.576549 0.578679 0.578791
 0.271775 0.60925 0.651852 0.65426 0.654387
 0.246416 0.552402 0.591028 0.593212 0.593327
 0.185977 0.416913 0.446066 0.447714 0.447801
 0.259734 0.582259 0.622973 0.625275 0.625396
 0.207553 0.465281 0.497816 0.499655 0.499752
 0.150852 0.338173 0.36182 0.363156 0.363227
 0.188445 0.422447 0.451986 0.453656 0.453744
 0.361425 0.810224 0.866879 0.870081 0.87025
 0.233284 0.522963 0.559532 0.561599 0.561708
 0.924092 2.07158 2.21644 2.22462 2.22506
YTP_r0W_actual
 150225 113157 65562 19717.3 7843.44
YTP_p0W_proyectada
 0 0 0 0 0
 0 0 0 0 0
 0 0 0 0 0
 0 0 0 0 0
 0 0 0 0 0
 0 0 0 0 0
CTP_r0_actual
 19923.7 6484.64 2723.8 629.542 222.509
CTP_p0_proyectada
 0 0 0 0 0
 0 0 0 0 0
 0 0 0 0 0
 0 0 0 0 0
 0 0 0 0 0
 0 0 0 0 0
Wmedp
 7.54 17.45 24.07 31.32 35.25
Frms_r0
 0.924092 2.07158 2.21644 2.22462 2.22506
Zrms_r0
 1.92409 3.07158 3.21644 3.22462 3.22506
nmprior
 7.29 8.9 8.7 0
nm_flota  nm_reclas  nm_pelaces    nm_pelaL
inf 11.5819 11.6991 31.2906
cv_recla  cv_pelaces  cv_mph
0.562623 0.439087 0.523315
 ------------------------------------------------
Talla a la edad & desviaci?n 
 8 13.2811 15.8009 17.003 17.5766
 0.8 1.32811 1.58009 1.7003 1.75766
