years
 1991 1992 1993 1994 1995 1996 1997 1998 1999 2000 2001 2002 2003 2004 2005 2006 2007 2008 2009 2010 2011 2012 2013 2014 2015 2016 2017 2018 2019 2020 2021 2022 2023
reclasobs
 0 0 0 0 0 0 0 0 0 252601 567819 844713 477998 351125 339783 2.1784e+06 2.13404e+06 4.81314e+06 1.55562e+06 2.62356e+06 3.21686e+06 3.843e+06 1.13348e+06 3.07943e+06 1.97215e+06 2.03268e+06 2.025e+06 2.42433e+06 2.27542e+06 1.05018e+06 2.36338e+06 3.18982e+06 1.53035e+06
reclaspred
 3.33713e+06 1.83985e+06 977310 1.15777e+06 1.32126e+06 2.29607e+06 1.67772e+06 1.72475e+06 1.41134e+06 1.11508e+06 908350 854739 579627 187167 673333 1.03158e+06 891962 1.65721e+06 1.71615e+06 1.62858e+06 3.13032e+06 2.70299e+06 2.2778e+06 3.2639e+06 2.57069e+06 2.32128e+06 2.7231e+06 2.96462e+06 2.58918e+06 1.94248e+06 1.57976e+06 1.44456e+06 1.62772e+06
pelacesobs
 0 0 0 0 0 0 0 0 0 0 0 0 0 0 0 552880 188675 0 991730 2.46772e+06 1.41603e+06 1.21717e+06 2.29649e+06 1.80582e+06 0 1.4828e+06 1.56532e+06 1.57751e+06 1.42118e+06 867257 1.10002e+06 1.06204e+06 0
pelacespred
 1.91765e+06 1.17201e+06 610618 601986 716251 1.32048e+06 928153 1.12703e+06 928003 710118 603621 462938 324139 84904.7 412059 512487 435264 910918 973030 826145 1.69174e+06 1.54973e+06 1.32628e+06 2.08511e+06 1.57224e+06 1.41356e+06 1.91599e+06 1.87515e+06 1.47205e+06 1.26632e+06 926473 843673 946553
mphobs
 0 0 0 0 0 0 0 0 0 0 0 0 498337 0 5186 125008 0 168611 109162 213762 579715 649985 157893 87575 83554 210694 70296 0 107559 103333 445601 22526 28222
mphpred
 791437 528147 258534 154054 204510 261173 387705 293978 282171 235080 164723 163974 134832 61160.5 14252.4 98867.3 169776 142995 218877 315278 444412 574870 108484 97280.4 132117 111226 96575.9 105529 147274 116110 73828.2 66246.1 43012.6
desembarqueobs
 494567 514787 250237 358949 120608 361735 552515 73892 212993 205616 52469 317467 293654 387597 252695 516296 358380 742168 942051 627588 828172 859565 418607 520667 417249 300574 415391 372974 316634 284311 391294 218835 356480
desembarquepred
 494570 513406 250971 358982 120613 361749 552542 73894.5 213015 205644 52472.3 317558 293909 388270 252674 516268 358405 741984 941553 627365 828273 859582 418631 520736 417244 300594 415416 372970 316619 284290 391354 218860 356499
Reclutas
 193877 98548.4 132288 229003 210749 364485 169284 94345 94456.6 102815 129251 122094 67849.3 31815.2 143325 312995 74418.3 409513 438183 370511 467996 646779 149034 360176 370477 146010 339006 399028 158775 140297 146937 84041.6 261867
log_desv_Rt
 0.0585051 -0.618169 -0.323736 0.225016 0.141952 0.689769 -0.077141 -0.661759 -0.660576 -0.575787 -0.346961 -0.403927 -0.991428 -1.74877 -0.243605 0.537469 -0.899015 0.806252 0.873919 0.706166 0.939744 1.26329 -0.204545 0.677876 0.706075 -0.225041 0.617301 0.780314 -0.141227 -0.264954 -0.218714 -0.777405 0.359119
SSB
 2.99082e+06 1.99586e+06 976996 582166 772837 986968 1.46513e+06 1.11094e+06 1.06632e+06 888361 622483 619655 486547 224354 52117.2 361133 641580 540374 855862 874453 1.26188e+06 1.70575e+06 1.74462e+06 1.51085e+06 1.93042e+06 1.7182e+06 1.41164e+06 1.48803e+06 2.14789e+06 1.59972e+06 1.15394e+06 1.06156e+06 638906
BT
 4.06053e+06 2.73236e+06 1.40791e+06 1.43671e+06 1.44935e+06 2.80016e+06 2.2566e+06 2.19122e+06 1.96668e+06 1.53923e+06 1.19108e+06 1.1551e+06 886928 561449 1.02807e+06 1.41295e+06 1.11157e+06 2.38016e+06 2.746e+06 2.11015e+06 3.85461e+06 3.74735e+06 2.87233e+06 4.42611e+06 3.37106e+06 2.93824e+06 4.04914e+06 3.90896e+06 3.04737e+06 2.66923e+06 2.12313e+06 1.78283e+06 2.10918e+06
Ftot
 0.151531 0.276175 0.268414 0.394906 0.110063 0.208615 0.355573 0.0493626 0.177007 0.206233 0.0713954 0.42341 0.552472 2.01805 0.666181 0.73718 0.449575 0.643399 0.739761 0.509368 0.343302 0.403872 0.202045 0.211139 0.192436 0.144685 0.202311 0.175142 0.128743 0.161517 0.292758 0.167483 0.307742
BD_Bspro_t
 0.976227 0.838419 0.67626 0.610957 0.646607 0.737282 0.751778 0.654405 0.723086 0.724377 0.709715 0.772671 0.613572 0.36402 0.133874 0.484589 0.513462 0.452606 0.501881 0.46858 0.502757 0.572809 0.610791 0.61701 0.703954 0.729185 0.733922 0.763729 0.812392 0.76855 0.725559 0.694195 0.683335
BD_Bspro
 2.27028 1.51502 0.74162 0.441912 0.586647 0.74919 1.11215 0.843292 0.809423 0.674339 0.472516 0.470369 0.369329 0.170303 0.0395612 0.27413 0.487012 0.410188 0.649669 0.663781 0.95787 1.2948 1.32431 1.14686 1.46534 1.30425 1.07155 1.12954 1.63042 1.21432 0.875938 0.805808 0.484982
BD_Bo
 2.5011 1.66905 0.817022 0.486842 0.646293 0.825362 1.22523 0.929032 0.89172 0.742901 0.520558 0.518193 0.40688 0.187619 0.0435835 0.302001 0.536528 0.451893 0.715723 0.73127 1.05526 1.42645 1.45896 1.26346 1.61433 1.43686 1.1805 1.24438 1.79619 1.33778 0.964997 0.887737 0.534292
BD_Brms
 2.67865 1.78754 0.87502 0.521402 0.692171 0.883952 1.3122 0.994981 0.95502 0.795637 0.557511 0.554977 0.435763 0.200937 0.0466774 0.323439 0.574614 0.483972 0.76653 0.78318 1.13017 1.52771 1.56253 1.35315 1.72893 1.53886 1.2643 1.33272 1.9237 1.43274 1.0335 0.950754 0.57222
Sel_flota
 0.480357 0.946131 0.997012 0.999842 0.999992
 0.480357 0.946131 0.997012 0.999842 0.999992
 0.480357 0.946131 0.997012 0.999842 0.999992
 0.480357 0.946131 0.997012 0.999842 0.999992
 0.480357 0.946131 0.997012 0.999842 0.999992
 0.480357 0.946131 0.997012 0.999842 0.999992
 0.480357 0.946131 0.997012 0.999842 0.999992
 0.480357 0.946131 0.997012 0.999842 0.999992
 0.480357 0.946131 0.997012 0.999842 0.999992
 0.480357 0.946131 0.997012 0.999842 0.999992
 0.480357 0.946131 0.997012 0.999842 0.999992
 0.480357 0.946131 0.997012 0.999842 0.999992
 0.480357 0.946131 0.997012 0.999842 0.999992
 0.480357 0.946131 0.997012 0.999842 0.999992
 0.480357 0.946131 0.997012 0.999842 0.999992
 0.480357 0.946131 0.997012 0.999842 0.999992
 0.480357 0.946131 0.997012 0.999842 0.999992
 0.480357 0.946131 0.997012 0.999842 0.999992
 0.480357 0.946131 0.997012 0.999842 0.999992
 0.480357 0.946131 0.997012 0.999842 0.999992
 0.480357 0.946131 0.997012 0.999842 0.999992
 0.480357 0.946131 0.997012 0.999842 0.999992
 0.480357 0.946131 0.997012 0.999842 0.999992
 0.480357 0.946131 0.997012 0.999842 0.999992
 0.480357 0.946131 0.997012 0.999842 0.999992
 0.480357 0.946131 0.997012 0.999842 0.999992
 0.480357 0.946131 0.997012 0.999842 0.999992
 0.480357 0.946131 0.997012 0.999842 0.999992
 0.480357 0.946131 0.997012 0.999842 0.999992
 0.480357 0.946131 0.997012 0.999842 0.999992
 0.480357 0.946131 0.997012 0.999842 0.999992
 0.480357 0.946131 0.997012 0.999842 0.999992
 0.480357 0.946131 0.997012 0.999842 0.999992
Sel_reclas
 1 1 1 1 1
 1 1 1 1 1
 1 1 1 1 1
 1 1 1 1 1
 1 1 1 1 1
 1 1 1 1 1
 1 1 1 1 1
 1 1 1 1 1
 1 1 1 1 1
 1 1 1 1 1
 1 1 1 1 1
 1 1 1 1 1
 1 1 1 1 1
 1 1 1 1 1
 1 1 1 1 1
 1 1 1 1 1
 1 1 1 1 1
 1 1 1 1 1
 1 1 1 1 1
 1 1 1 1 1
 1 1 1 1 1
 1 1 1 1 1
 1 1 1 1 1
 1 1 1 1 1
 1 1 1 1 1
 1 1 1 1 1
 1 1 1 1 1
 1 1 1 1 1
 1 1 1 1 1
 1 1 1 1 1
 1 1 1 1 1
 1 1 1 1 1
 1 1 1 1 1
Sel_pelaces
 1 1 1 1 1
 1 1 1 1 1
 1 1 1 1 1
 1 1 1 1 1
 1 1 1 1 1
 1 1 1 1 1
 1 1 1 1 1
 1 1 1 1 1
 1 1 1 1 1
 1 1 1 1 1
 1 1 1 1 1
 1 1 1 1 1
 1 1 1 1 1
 1 1 1 1 1
 1 1 1 1 1
 1 1 1 1 1
 1 1 1 1 1
 1 1 1 1 1
 1 1 1 1 1
 1 1 1 1 1
 1 1 1 1 1
 1 1 1 1 1
 1 1 1 1 1
 1 1 1 1 1
 1 1 1 1 1
 1 1 1 1 1
 1 1 1 1 1
 1 1 1 1 1
 1 1 1 1 1
 1 1 1 1 1
 1 1 1 1 1
 1 1 1 1 1
 1 1 1 1 1
pf_obs 
 0.8446 0.082 0.0669 0.0065 0
 0.8095 0.147 0.0364 0.0071 0
 0.9664 0.0169 0.016 0.0007 0
 0.9276 0.0648 0.0075 0.0001 0
 0.7033 0.2144 0.0806 0.0017 0
 0.9318 0.0425 0.0243 0.0014 0
 0.5671 0.3108 0.0964 0.0239 0.0018
 0.0768 0.2599 0.5324 0.112 0.0189
 0.490249 0.384438 0.106611 0.0170017 0.00170017
 0.7925 0.1577 0.0466 0.003 0.0002
 0.840416 0.127587 0.0312969 0.00059994 9.999e-05
 0.8084 0.0986 0.0794 0.0134 0.0002
 0.7335 0.1905 0.0724 0.0035 0.0001
 0.4001 0.4547 0.1325 0.0127 0
 0.49795 0.308269 0.164784 0.0264974 0.00249975
 0.9179 0.0499 0.0305 0.0017 0
 0.2467 0.6533 0.0926 0.0074 0
 0.9418 0.0223 0.034 0.0019 0
 0.707729 0.231977 0.0356964 0.0245975 0
 0.517169 0.277429 0.184464 0.0207286 0.00020938
 0.811772 0.124168 0.05621 0.00726502 0.000585176
 0.764997 0.148141 0.077277 0.00933861 0.000247198
 0.163321 0.427699 0.378323 0.0303852 0.000271297
 0.753843 0.0900009 0.118128 0.0371064 0.000921714
 0.721811 0.176058 0.0630433 0.0369309 0.00215725
 0.143369 0.312575 0.442814 0.0836902 0.0175525
 0.692698 0.0596174 0.167031 0.0765114 0.00414204
 0.394062 0.376323 0.152708 0.0712218 0.00568511
 0.125707 0.32114 0.495352 0.0537591 0.00404204
 0.23352 0.215282 0.420074 0.123614 0.00750983
 0.796117 0.104755 0.0508955 0.0450114 0.00322123
 0.162477 0.292055 0.404252 0.121198 0.0200186
 0 0 0 0 0
pf_pred 
 0.344697 0.125571 0.501766 0.0279652 1.05524e-06
 0.291792 0.367233 0.0682702 0.258348 0.0143567
 0.507154 0.227964 0.141371 0.0247926 0.098719
 0.666324 0.227944 0.0504793 0.0295345 0.0257182
 0.55952 0.356804 0.0583029 0.0121357 0.0132373
 0.651081 0.248718 0.081985 0.0127039 0.00551228
 0.37443 0.494729 0.0947709 0.0295296 0.00654079
 0.33875 0.367743 0.235053 0.0423784 0.0160758
 0.422068 0.288438 0.164686 0.100008 0.0248004
 0.503701 0.296183 0.102699 0.0554907 0.0419266
 0.566533 0.291701 0.0865513 0.0283792 0.0268362
 0.511744 0.350918 0.0940165 0.0264786 0.016843
 0.418935 0.403419 0.12996 0.0326807 0.0150058
 0.414418 0.365301 0.156149 0.0469646 0.0171673
 0.930657 0.0504437 0.0123388 0.00465992 0.00190065
 0.820765 0.173706 0.00410114 0.00093375 0.000494504
 0.317098 0.624614 0.0566159 0.00124145 0.000430569
 0.841084 0.0795727 0.0729599 0.0062013 0.000182492
 0.679602 0.296658 0.0123096 0.0105139 0.000916374
 0.60337 0.330402 0.0616552 0.00237573 0.00219706
 0.646252 0.272328 0.0685589 0.0119764 0.000884981
 0.657833 0.271496 0.0551583 0.0130695 0.00244369
 0.243807 0.607764 0.119279 0.0227681 0.00638162
 0.600411 0.156969 0.197124 0.036583 0.0089128
 0.551842 0.338659 0.0445053 0.0528365 0.012157
 0.303841 0.495424 0.153784 0.0191175 0.0278333
 0.623511 0.174697 0.14585 0.042887 0.0130539
 0.588274 0.317841 0.0448917 0.0354414 0.0135518
 0.311791 0.509263 0.139896 0.0187015 0.0203483
 0.386836 0.289157 0.243098 0.0632941 0.0176147
 0.480569 0.291264 0.11076 0.0881555 0.0292521
 0.381999 0.407262 0.121292 0.043493 0.0459542
 0.73212 0.148319 0.0802882 0.022633 0.0166396
pobs_RECLAS
 0 0 0 0 0
 0 0 0 0 0
 0 0 0 0 0
 0 0 0 0 0
 0 0 0 0 0
 0 0 0 0 0
 0 0 0 0 0
 0 0 0 0 0
 0 0 0 0 0
 0 0 0 0 0
 0.991045 0.00858322 0.000360255 1.14367e-05 0
 0.934742 0.0480273 0.0164251 0.00080598 0
 0.827803 0.169806 0.00239088 0 0
 0.941827 0.0461693 0.0120037 0 0
 0.791401 0.0380133 0.147996 0.0225897 0
 0.846168 0.0940531 0.0597789 0 0
 0.134021 0.677848 0.182769 0.00536245 0
 0.80878 0.0450904 0.141981 0.00414843 0
 0.846168 0.0940531 0.0597789 0 0
 0.905697 0.0802665 0.012482 0.00150086 5.37128e-05
 0.989698 0.0102097 9.19794e-05 0 0
 0.975433 0.0193895 0.00387452 0.00125025 5.28907e-05
 0.303575 0.632131 0.0575291 0.00676475 0
 0.966965 0.00978017 0.0227588 0.000495775 0
 0.843318 0.132988 0.00938335 0.0141283 0.000182051
 0.564624 0.303363 0.111486 0.0197234 0.00080311
 0.826376 0.0876187 0.0782897 0.00655872 0.00115652
 0.89761 0.0855135 0.0140674 0.00269457 0.000114338
 0.34875 0.467042 0.161289 0.0227151 0.000203297
 0.318654 0.224769 0.449479 0.00709798 0
 0.937255 0.0296025 0.0250945 0.00804832 0
 0.456809 0.399803 0.12412 0.0192676 0
 0.883104 0.0372192 0.0704036 0.00927362 0
ppred_RECLAS
 0.521146 0.0957743 0.362911 0.0201682 7.60915e-07
 0.457686 0.288805 0.0508765 0.191966 0.0106661
 0.678717 0.153024 0.0899289 0.0157252 0.0626048
 0.803143 0.136849 0.0286948 0.0167391 0.0145739
 0.717396 0.231219 0.0358356 0.0074378 0.00811176
 0.79017 0.151863 0.0474546 0.00733205 0.00318092
 0.548038 0.361491 0.0655843 0.0203753 0.00451241
 0.508546 0.279744 0.169644 0.0304988 0.0115676
 0.598223 0.205994 0.111516 0.0675244 0.0167425
 0.673355 0.199224 0.0654863 0.0352818 0.0266535
 0.724266 0.188791 0.0531411 0.0173747 0.0164276
 0.681577 0.232403 0.0589421 0.0165511 0.0105265
 0.597883 0.283963 0.0865087 0.0216883 0.00995695
 0.630414 0.237071 0.094048 0.0281711 0.0102954
 0.965342 0.0256049 0.00591706 0.00222777 0.000908498
 0.90406 0.0931431 0.0020762 0.000471236 0.000249521
 0.484429 0.473734 0.0406407 0.000888501 0.000308107
 0.917386 0.0425409 0.036858 0.00312317 9.18937e-05
 0.81401 0.172943 0.00677502 0.00576862 0.000502702
 0.756322 0.204843 0.0361615 0.00138921 0.00128453
 0.78734 0.165745 0.0395226 0.00688385 0.000508594
 0.796139 0.163574 0.0314637 0.00743313 0.0013896
 0.392952 0.492977 0.0917216 0.0174574 0.00489234
 0.755227 0.0993225 0.118241 0.0218801 0.0053299
 0.71248 0.220151 0.027429 0.0324697 0.0074697
 0.467561 0.384719 0.113248 0.014038 0.0204349
 0.77203 0.10886 0.0861599 0.0252621 0.00768808
 0.741619 0.201916 0.0270402 0.0212864 0.0081381
 0.476296 0.392866 0.102352 0.0136434 0.0148426
 0.562713 0.212096 0.169081 0.0438961 0.0122144
 0.654184 0.198618 0.0715638 0.0567924 0.0188422
 0.555309 0.298444 0.0842793 0.0301341 0.0318344
 0.848342 0.0860251 0.0441178 0.0124003 0.00911521
pobs_PELACES
 0 0 0 0 0
 0 0 0 0 0
 0 0 0 0 0
 0 0 0 0 0
 0 0 0 0 0
 0 0 0 0 0
 0 0 0 0 0
 0 0 0 0 0
 0 0 0 0 0
 0 0 0 0 0
 0 0 0 0 0
 0 0 0 0 0
 0 0 0 0 0
 0 0 0 0 0
 0 0 0 0 0
 0 0 0 0 0
 0.505614 0.472636 0.0217494 0 0
 0 0 0 0 0
 0.443492 0.261883 0.143347 0.151278 0
 0.227955 0.32914 0.350689 0.0885471 0.00366901
 0.970185 0.0296113 0.000203453 0 0
 0.997202 0.00247181 0.000326279 0 0
 0.445219 0.490057 0.0546422 0.010081 0
 0.90214 0.0892962 0.00764917 0.000914606 0
 0 0 0 0 0
 0.581667 0.319106 0.0959925 0.00289975 0.000334073
 0.762889 0.0836404 0.116647 0.0363945 0.000428098
 0.88444 0.0763242 0.0277011 0.0115352 0
 0.521256 0.241999 0.230069 0.00667565 0
 0.616807 0.101726 0.260614 0.0208532 0
 0.833518 0.0704572 0.0857862 0.0102388 0
 0.697417 0.212968 0.0787535 0.0105354 0.000325836
 0 0 0 0 0
ppred_PELACES
 0.527464 0.0947037 0.357942 0.0198893 7.50386e-07
 0.468803 0.283525 0.0497153 0.187536 0.0104199
 0.688166 0.148884 0.0871022 0.0152271 0.0606209
 0.81288 0.130351 0.0271516 0.0158331 0.0137848
 0.720882 0.228445 0.0353402 0.00733424 0.00799878
 0.795595 0.14808 0.0461109 0.00712304 0.00309022
 0.561834 0.35088 0.0632803 0.019653 0.00435237
 0.510532 0.278714 0.168879 0.0303599 0.0115149
 0.605099 0.202769 0.109444 0.0662591 0.0164287
 0.68059 0.195081 0.063903 0.0344221 0.0260038
 0.726529 0.187314 0.0526622 0.017217 0.0162784
 0.695945 0.22235 0.055993 0.0157167 0.00999563
 0.618769 0.269957 0.0814825 0.0204177 0.00937335
 0.701906 0.193562 0.0742292 0.0221927 0.00810972
 0.968699 0.0231932 0.00530012 0.00199425 0.000813241
 0.913477 0.0840314 0.00185005 0.000419619 0.000222181
 0.501852 0.458004 0.0389958 0.000852182 0.000295506
 0.924944 0.0388527 0.0333007 0.00282005 8.29723e-05
 0.830739 0.157528 0.00609494 0.00518598 0.000451911
 0.770701 0.193018 0.0337839 0.00129725 0.00119947
 0.796249 0.159005 0.0376974 0.00656385 0.000484943
 0.806241 0.155679 0.0297427 0.00702391 0.00131307
 0.400538 0.487129 0.0903266 0.0171887 0.00481698
 0.761563 0.0969576 0.115017 0.0212794 0.0051835
 0.718659 0.215588 0.0267739 0.0316885 0.00728991
 0.473271 0.380853 0.111838 0.0138613 0.0201775
 0.777768 0.106311 0.0838573 0.0245823 0.00748113
 0.746869 0.197945 0.0264304 0.020803 0.00795323
 0.481371 0.389272 0.101197 0.0134877 0.0146732
 0.569159 0.209265 0.166372 0.0431865 0.0120168
 0.664771 0.192952 0.0691812 0.0548866 0.0182096
 0.561889 0.294306 0.0828773 0.0296282 0.0312997
 0.85461 0.082657 0.042172 0.01185 0.00871056
pobs_pel_tallas
 0 0 0 0 0 0 0 0 0 0 0 0 0 0 0 0 0 0 0 0 0 0 0 0 0 0
 0 0 0 0 0 0 0 0 0 0 0 0 0 0 0 0 0 0 0 0 0 0 0 0 0 0
 0 0 0 0 0 0 0 0 0 0 0 0 0 0 0 0 0 0 0 0 0 0 0 0 0 0
 0 0 0 0 0 0 0 0 0 0 0 0 0 0 0 0 0 0 0 0 0 0 0 0 0 0
 0 0 0 0 0 0 0 0 0 0 0 0 0 0 0 0 0 0 0 0 0 0 0 0 0 0
 0 0 0 0 0 0 0 0 0 0 0 0 0 0 0 0 0 0 0 0 0 0 0 0 0 0
 0 0 0 0 0 0 0 0 0 0 0 0 0 0 0 0 0 0 0 0 0 0 0 0 0 0
 0 0 0 0 0 0 0 0 0 0 0 0 0 0 0 0 0 0 0 0 0 0 0 0 0 0
 0 0 0 0 0 0 0 0 0 0 0 0 0 0 0 0 0 0 0 0 0 0 0 0 0 0
 0 0 0 0 0 0 0 0 0 0 0 0 0 0 0 0 0 0 0 0 0 0 0 0 0 0
 0 0 0 0 0 0 0 0 0 0 0 0 0 0 0 0 0 0 0 0 0 0 0 0 0 0
 0 0 0 0 0 0 0 0 0 0 0 0 0 0 0 0 0 0 0 0 0 0 0 0 0 0
 0.00862536 0 0 0.000197151 0.00414017 0.0128641 0.00837892 0.0270097 0.101434 0.158115 0.152841 0.127902 0.109271 0.109419 0.0830992 0.0579132 0.0238553 0.00714673 0.00463305 0.00128148 0.00103504 0.000492878 0.000147863 0.000147863 4.92878e-05 0
 0 0 0 0 0 0 0 0 0 0 0 0 0 0 0 0 0 0 0 0 0 0 0 0 0 0
 0 0 0 0 0 0 0 0.0054083 0.00873648 0.0413646 0.0450493 0.0745869 0.0622846 0.0627006 0.0613931 0.0827291 0.12552 0.122667 0.0946155 0.0697135 0.0546179 0.0294188 0.0215738 0.0213955 0.0102223 0.00600262
 0 0 0 0 0.00359764 0.0251062 0.0480494 0.140153 0.205849 0.193036 0.1447 0.116669 0.0760912 0.0342217 0.00950174 0.001854 0.000860785 0 0 0 0.000165536 0 0.000143464 0 0 0
 0 0 0 0 0 0 0 0.000145254 0.000435761 0.0275982 0.070085 0.0708112 0.156366 0.174668 0.174014 0.160142 0.0824315 0.0480064 0.0283245 0.00493863 0.00203355 0 0 0 0 0
 0 0 0 0 0 0 0 0 0 0 0 0 0 0 0 0 0 0 0 0 0 0 0 0 0 0
 0 0 1.00437e-05 0.000401748 0.00122533 0.00171747 0.00176769 0.0269171 0.070346 0.194647 0.189555 0.159765 0.064822 0.0314167 0.0384472 0.0292271 0.0345202 0.0313363 0.0194345 0.0106764 0.0143323 0.0359363 0.0279516 0.0138201 0.00172751 0
 0 0.0021121 0.0136068 0.0755702 0.200478 0.177729 0.0527432 0.0373336 0.0318909 0.0142505 0.0149659 0.0166563 0.0217959 0.0798694 0.0677717 0.0528807 0.04013 0.0224614 0.0357745 0.0225083 0.00881397 0.00855152 0.00135912 0.000746735 0 0
 0 0 0 0 5.4009e-05 0.00500934 0.000945158 0.0243581 0.138947 0.33067 0.221406 0.137944 0.0707744 0.0437923 0.0131692 0.00525238 0.0047753 0.00276346 9.45158e-05 9.00151e-06 2.25038e-05 9.00151e-06 4.50075e-06 0 0 0
 0.000866109 0.00284123 0.00948549 0.0512746 0.133035 0.25785 0.225252 0.132002 0.0553304 0.0519788 0.0540692 0.017754 0.00435017 0.00159236 0.00146478 0.000404838 0.000125132 0.000115318 0.000107957 0.000100596 0 0 0 0 0 0
 0 0 0 0 0.00144013 0.00171154 0.00461396 0.0210425 0.0478622 0.0707936 0.0888783 0.103762 0.0637923 0.0337046 0.0602308 0.124433 0.169614 0.0934646 0.0462172 0.0250306 0.0313229 0.00938855 0.002487 0.000210481 0 0
 0 0.00764035 0.051015 0.0998891 0.058973 0.0496711 0.0374665 0.0718981 0.12319 0.153886 0.159021 0.0857701 0.0377988 0.023471 0.0147837 0.00900784 0.00315554 0.000888139 0.00291439 0.00214683 0.00393193 0.00274676 0.000635225 9.99891e-05 0 0
 0 0 0 0 0 0 0 0 0 0 0 0 0 0 0 0 0 0 0 0 0 0 0 0 0 0
 0 0 0 0 0 0 0 0 0 0 0 0 0 0 0 0 0 0 0 0 0 0 0 0 0 0
 0 0 0 0 0 0 0 0 0 0 0 0 0 0 0 0 0 0 0 0 0 0 0 0 0 0
 0 0 0 0 0 0 0 0 0 0 0 0 0 0 0 0 0 0 0 0 0 0 0 0 0 0
 0 0 0 0 0 0 0 0 0 0 0 0 0 0 0 0 0 0 0 0 0 0 0 0 0 0
 0 0 0 0 0 0 0 0 0 0 0 0 0 0 0 0 0 0 0 0 0 0 0 0 0 0
 0 0 0 0 0 0 0 0 0 0 0 0 0 0 0 0 0 0 0 0 0 0 0 0 0 0
 0 0 0 0 0 0 0 0 0 0 0 0 0 0 0 0 0 0 0 0 0 0 0 0 0 0
 0 0 0 0 0 0 0 0 0 0 0 0 0 0 0 0 0 0 0 0 0 0 0 0 0 0
ppred_pel_tallas
 1.12349e-16 4.34465e-05 0.000422316 0.00280644 0.0127577 0.0396939 0.0845723 0.123438 0.123447 0.0846198 0.0398548 0.0132294 0.00401645 0.0031489 0.00547058 0.0096226 0.0153608 0.022438 0.0305121 0.0392363 0.0481295 0.0562596 0.0621269 0.0640818 0.0611325 0.0535786
 1.22078e-16 3.86148e-05 0.000375349 0.00249433 0.0113389 0.0352796 0.0751679 0.109715 0.109743 0.0753019 0.0357297 0.01264 0.00576532 0.00753311 0.0136863 0.022717 0.0331077 0.0425255 0.0487078 0.0508359 0.0501075 0.0489007 0.0491427 0.0511309 0.0535537 0.0544613
 1.14338e-16 5.66833e-05 0.000550982 0.00366147 0.0166445 0.0517874 0.110339 0.161046 0.161061 0.11041 0.0520253 0.0173332 0.00539611 0.00435762 0.00734556 0.0122123 0.0179659 0.0234108 0.0273837 0.0294084 0.0299712 0.0301098 0.030644 0.0316626 0.0325876 0.0326296
 1.04738e-16 6.69559e-05 0.000650835 0.00432503 0.019661 0.0611726 0.130335 0.190231 0.190243 0.130397 0.0613791 0.0202578 0.00582433 0.00392753 0.0063012 0.0103418 0.0149663 0.0189874 0.0212522 0.0212559 0.0194461 0.0169062 0.0146735 0.0132199 0.0124035 0.0117754
 1.03168e-16 5.93782e-05 0.000577177 0.00383554 0.0174358 0.0542495 0.115585 0.168704 0.168726 0.115693 0.0546108 0.0184797 0.006456 0.00629866 0.0109285 0.0179812 0.0259166 0.0326336 0.0360322 0.0351474 0.0307185 0.0246748 0.0189676 0.014658 0.011788 0.00984241
 1.02606e-16 6.55322e-05 0.000636996 0.00423306 0.0192429 0.0598719 0.127564 0.186186 0.186201 0.127634 0.0601069 0.0199222 0.00594004 0.00436973 0.00717338 0.0118041 0.0171115 0.0217551 0.0244067 0.0244428 0.0222866 0.0190684 0.015894 0.0133088 0.0112747 0.00950001
 1.04624e-16 4.62776e-05 0.000449835 0.00298931 0.013589 0.0422806 0.0900845 0.131488 0.131522 0.0902499 0.042836 0.0151934 0.00701776 0.00924799 0.0167674 0.0276781 0.039941 0.0503841 0.0557999 0.0547068 0.048213 0.0392228 0.0306527 0.0240579 0.0194675 0.0161143
 1.09939e-16 4.20519e-05 0.000408759 0.00271635 0.0123482 0.0384198 0.0818585 0.119481 0.119508 0.0819909 0.0388649 0.0136365 0.00596032 0.00752402 0.013654 0.0227648 0.0333939 0.0432597 0.0500291 0.0525834 0.0515684 0.0487101 0.0455044 0.0423871 0.0389056 0.0344809
 1.12636e-16 4.98412e-05 0.000484474 0.0032195 0.0146354 0.0455363 0.0970206 0.141609 0.141628 0.0971169 0.0458601 0.0155725 0.00557932 0.00566117 0.00995637 0.0165806 0.0243564 0.0316509 0.0368418 0.0392259 0.039397 0.0386961 0.0381868 0.0379964 0.0374458 0.035693
 1.09747e-16 5.60593e-05 0.000544917 0.00362116 0.0164613 0.0512173 0.109125 0.159274 0.159293 0.109217 0.0515273 0.0173576 0.00587459 0.00547648 0.00945896 0.015648 0.0227754 0.029161 0.0331453 0.0340097 0.0324002 0.0298321 0.0276761 0.026427 0.0256957 0.0247248
 1.0605e-16 5.98432e-05 0.000581698 0.00386559 0.0175724 0.0546744 0.11649 0.170025 0.170043 0.116579 0.0549716 0.0184314 0.00602424 0.00530206 0.00904846 0.0149276 0.0216492 0.0275496 0.030978 0.0311908 0.0287808 0.0252298 0.0219522 0.0195879 0.0179617 0.0165247
 1.04941e-16 5.73241e-05 0.000557211 0.00370286 0.0168327 0.0523728 0.111587 0.162868 0.16289 0.111692 0.0527253 0.0178514 0.00626202 0.00615091 0.0107016 0.0176564 0.0255596 0.0324197 0.0362437 0.0361174 0.0327289 0.0278523 0.0232222 0.0196909 0.0171637 0.0150945
 1.06055e-16 5.09673e-05 0.00049542 0.00329224 0.0149661 0.0465651 0.0992129 0.14481 0.144836 0.0993404 0.0469935 0.0162044 0.00640412 0.00730047 0.0130098 0.0215186 0.0312086 0.0396995 0.0445909 0.04477 0.041036 0.03547 0.0300856 0.0258397 0.0225896 0.0197108
 1.0579e-16 5.78151e-05 0.000561984 0.00373458 0.0169769 0.0528214 0.112542 0.164263 0.164282 0.112634 0.0531292 0.0178668 0.00597224 0.00545979 0.00939799 0.0155462 0.0226272 0.0289573 0.0328536 0.0335386 0.0315639 0.0283453 0.0252027 0.0226843 0.0205798 0.0184018
 1.00497e-16 7.97905e-05 0.000775592 0.00515408 0.0234297 0.0728985 0.155318 0.226692 0.226694 0.155329 0.0729353 0.0235359 0.00542085 0.00135858 0.00118883 0.00184398 0.00266019 0.00336997 0.00376047 0.00373627 0.00337044 0.00285035 0.00235961 0.00198903 0.00172895 0.00152087
 1.00155e-16 7.52419e-05 0.000731378 0.00486026 0.0220941 0.0687429 0.146464 0.213771 0.213779 0.146504 0.0688754 0.0224767 0.00581984 0.00282348 0.00404069 0.0065404 0.00936605 0.0116761 0.0126697 0.0119799 0.00989431 0.00717355 0.00461492 0.00269479 0.00149278 0.000840476
 1.01378e-16 4.1337e-05 0.00040181 0.00267017 0.0121382 0.0377668 0.0804679 0.117454 0.117499 0.0806833 0.0384901 0.0142268 0.00791038 0.0118336 0.0217296 0.0357977 0.0514204 0.0643553 0.0702977 0.0672457 0.0566943 0.0426423 0.0292479 0.0189493 0.0121211 0.00791526
 1.01268e-16 7.61864e-05 0.000740559 0.00492127 0.0223714 0.0696057 0.148303 0.216453 0.216456 0.148321 0.0696681 0.022552 0.00537675 0.00174173 0.00199768 0.00323423 0.0047729 0.00625357 0.00735592 0.00791805 0.00800092 0.00779317 0.00744255 0.00696527 0.00629302 0.00538625
 1.00813e-16 6.84269e-05 0.000665134 0.00442005 0.0200929 0.0625166 0.133199 0.194411 0.194426 0.133273 0.0627652 0.0208106 0.00622025 0.004591 0.00751265 0.0122811 0.0176138 0.0220018 0.0239602 0.0228109 0.0190942 0.0142233 0.00966407 0.00626994 0.00414977 0.00295978
 1.01358e-16 6.34817e-05 0.000617064 0.00410061 0.0186408 0.0579985 0.123573 0.180362 0.18038 0.123664 0.0583039 0.019523 0.00631533 0.00545295 0.00925088 0.0152009 0.0219081 0.0275816 0.0304334 0.0296254 0.0257511 0.0204104 0.0152389 0.0111542 0.00825437 0.00619641
 1.01869e-16 6.5586e-05 0.000637519 0.00423654 0.0192587 0.059921 0.127669 0.186339 0.186355 0.127744 0.060173 0.0199867 0.00606499 0.00463279 0.00766427 0.0125952 0.0182032 0.0230269 0.0256165 0.0252927 0.0225289 0.0185931 0.0147533 0.0116791 0.00938714 0.00757623
 1.01825e-16 6.6409e-05 0.00064552 0.00428971 0.0195004 0.060673 0.129271 0.188678 0.188693 0.129344 0.0609195 0.0202124 0.00607746 0.00455021 0.00748805 0.0122896 0.0177331 0.0223748 0.0247869 0.0243071 0.0214188 0.0174011 0.0135411 0.0105306 0.00839472 0.00681408
 1.05271e-16 3.29919e-05 0.000320693 0.00213112 0.0096878 0.0301426 0.0642237 0.0937462 0.0937932 0.0644533 0.0309136 0.0119152 0.00772372 0.0125347 0.023245 0.0384166 0.0554302 0.069897 0.0773486 0.0757041 0.0664767 0.0536831 0.0413819 0.0317771 0.0249864 0.0200347
 1.06356e-16 6.27289e-05 0.000609748 0.00405199 0.0184198 0.0573107 0.122107 0.178221 0.17823 0.122153 0.0574675 0.0188746 0.00520159 0.00314566 0.00495618 0.00829642 0.0124178 0.0166051 0.0201484 0.0226878 0.0243362 0.025414 0.0260425 0.0259819 0.0248382 0.0224201
 1.0524e-16 5.91951e-05 0.000575397 0.00382372 0.0173821 0.0540822 0.115229 0.168184 0.168205 0.11533 0.0544232 0.0183671 0.00629665 0.00597517 0.0103189 0.016979 0.02449 0.0308871 0.0342242 0.0336421 0.0298936 0.024834 0.0202849 0.0171503 0.0153021 0.0140621
 1.0813e-16 3.89828e-05 0.000378926 0.0025181 0.0114469 0.0356159 0.0758848 0.110764 0.110801 0.0760647 0.0362201 0.0131933 0.00690618 0.00997317 0.0183044 0.0303149 0.0439372 0.0558215 0.0625625 0.0625745 0.0569853 0.048758 0.0407918 0.0345163 0.0298057 0.0258224
 1.06179e-16 6.40637e-05 0.000622722 0.00413821 0.0188117 0.0585302 0.124705 0.182013 0.182023 0.124756 0.0587008 0.0193057 0.00538388 0.0033608 0.00531953 0.00883836 0.013068 0.0171552 0.0202653 0.0220071 0.0226105 0.0226425 0.022512 0.0221904 0.0213361 0.0196392
 1.04246e-16 6.15186e-05 0.000597983 0.00397381 0.0180644 0.0562051 0.119752 0.174785 0.174804 0.119845 0.0565182 0.0189688 0.00624431 0.00555558 0.00948042 0.0155861 0.0224741 0.0283285 0.0313516 0.0307396 0.0271692 0.0223361 0.017922 0.0147877 0.0128652 0.0115851
 1.06856e-16 3.96499e-05 0.000385412 0.0025612 0.0116429 0.0362254 0.0771835 0.112659 0.112697 0.0773672 0.0368425 0.0134262 0.00704122 0.0101772 0.0186706 0.0308943 0.0447125 0.056671 0.0632586 0.0628385 0.0565783 0.0475617 0.0388407 0.0319749 0.0269139 0.0228361
 1.1122e-16 4.68809e-05 0.000455699 0.00302828 0.0137662 0.0428317 0.0912583 0.133198 0.133219 0.091358 0.0431674 0.0147385 0.00548012 0.00584478 0.0103898 0.017386 0.0257065 0.0337279 0.0397994 0.0431347 0.0441674 0.044002 0.0434481 0.042479 0.040475 0.0368913
 1.10632e-16 5.47563e-05 0.000532251 0.003537 0.0160787 0.0500269 0.106588 0.155573 0.155591 0.10668 0.0503338 0.0169663 0.00576948 0.00542073 0.00938377 0.0155473 0.0226828 0.0291595 0.033371 0.0346339 0.0335887 0.0316916 0.030206 0.0294946 0.0290483 0.0280411
 1.10736e-16 4.62821e-05 0.000449879 0.0029896 0.0135903 0.0422847 0.0900931 0.131499 0.131528 0.0902321 0.0427517 0.0149402 0.00638186 0.0078683 0.0141743 0.0234642 0.0340472 0.0433572 0.048818 0.0492797 0.0456921 0.0403931 0.0355976 0.0322782 0.030103 0.02814
 1.03901e-16 7.03931e-05 0.000684246 0.00454706 0.0206703 0.0643129 0.137026 0.199995 0.200003 0.137065 0.0644447 0.0210516 0.00550684 0.00278802 0.00409114 0.0067188 0.00982954 0.0126955 0.0146238 0.0153 0.014952 0.0141416 0.0133569 0.0127416 0.0121265 0.0112581
pSPR Fmed_Fpbrs
1   0.983718 0.6 0.325 0.983718 0.983718 0.983718
Fs Fmed_Fpbrs
0   0.01 0.354905 0.915632 0.01 0.01 0.01
SSBpbr Bo_Bmed_Bpbrs
1.1958e+06  1.13601e+06  1.11654e+06 657690 328845 1.11654e+06 1.11654e+06 1.11654e+06
Ro
182859
SPR SPRFo_SPRFmed_SPRFpbrs
1.31738e+06 1.31738e+06 1.29593e+06
Fref
0
Nvult_r0
 178770 20683.7 10753.9 3024.93 2223.66
CTP_r0
 23023.4 4664.28 2524.87 711.751 523.275
YTP_r0
356499
Np
 261867 96335.4 35439.8 13037.6 6560.7
Nvult_p0
 165531 60895.6 22402.2 8241.32 4147.15
CTP_p0
 0 0 0 0 0
 0 0 0 0 0
 0 0 0 0 0
 0 0 0 0 0
 0 0 0 0 0
 0 0 0 0 0
YTP_p0
 0 0 0 0 0 0
CBA_c0
0
log_Ro
11.9365
likeval ReclasPelacesDesembMPH_pf_preclas_ppelaces_ptallas_desvR_qrecl_qpela
 0.000401984 14.5247 0.101376 50.4992 241.763 141.442 115.737 0 20.8793 5.25211e-08 1.94049e-06 0.41059 2066.19 0 0
q_reclas_q_pelaces
0.968109 1.21775
M
1
N
 193877 36909.7 140400 7804.18 0.294443
 98548.4 66316.1 11764.7 44407.8 2467.46
 132288 31749.8 18786.4 3286.29 13083.6
 229003 42779 9060.55 5288.44 4604.52
 210749 69688.6 10831 2248.37 2452.12
 364485 73537.8 23101.6 3570.41 1549
 169284 121301 22207.3 6902.69 1528.75
 94345 52497.9 31876.1 5731.12 2173.72
 94456.6 33894.3 18431.7 11163.4 2767.98
 102815 31916.2 10546.3 5683.64 4293.75
 129251 34256.1 9659.97 3158.69 2986.52
 122094 45945.7 11779 3309.54 2104.93
 67849.3 36649.6 11323.3 2841.04 1304.35
 31815.2 19142.4 7994 2401.36 877.732
 143325 4439.57 1043.48 393.241 160.374
 312995 38286.9 869.586 197.577 104.623
 74418.3 80808 7012.11 153.399 53.1962
 409513 22059.5 19428.1 1647.74 48.4842
 438183 110599 4414.99 3763.1 327.95
 370511 112989 20206.3 776.821 718.312
 467996 106720 25670.9 4473.41 330.513
 646779 145992 28371.8 6706.52 1253.8
 149034 195978 36650.9 6977.77 1955.51
 360176 49755.4 59551.4 11023.1 2685.22
 370477 119722 14989.6 17749.1 4083.25
 146010 124257 36711.9 4551.66 6625.86
 339006 50107.7 39863.6 11691.3 3558.11
 399028 113164 15222.3 11986.2 4582.56
 158775 134949 35273.4 4702.73 5116.13
 140297 54907.3 43951.8 11413.2 3175.84
 146937 47759.5 17336.8 13764 4566.63
 84041.6 46963.7 13319 4763.33 5032.17
 261867 28527.3 14745.1 4146.26 3047.9
pred_Ctot
 8655 3152.96 12598.9 702.179 0.0264961
 7823.75 9846.51 1830.51 6927.01 384.941
 10222.7 4595.09 2849.63 499.747 1989.89
 25402.5 8689.95 1924.44 1125.95 980.462
 6890.04 4393.75 717.953 149.441 163.007
 22149.8 8461.38 2789.13 432.187 187.528
 17037.3 22511.1 4312.25 1343.65 297.618
 1400.19 1520.02 971.563 175.166 66.4474
 4900.89 3349.23 1912.28 1161.25 287.973
 6179.61 3633.69 1259.95 680.782 514.373
 2762.25 1422.25 421.999 138.369 130.845
 14441.2 9902.75 2653.11 747.215 475.303
 10215.1 9836.79 3168.88 796.871 365.896
 13475 11877.9 5077.28 1527.08 558.205
 25464 1380.2 337.607 127.502 52.0043
 60718.5 12850.4 303.394 69.0769 36.5824
 9299.03 18317.1 1660.29 36.4062 12.6266
 70571.8 6676.62 6121.76 520.325 15.3121
 85260.4 37217.6 1544.32 1319.03 114.965
 51856 28396 5298.89 204.179 188.824
 45583.9 19208.9 4835.86 844.767 62.4228
 73246.7 30229.8 6141.62 1455.23 272.094
 8782.9 21894.1 4296.9 820.199 229.891
 22141.7 5788.63 7269.46 1349.09 328.682
 20834.2 12785.7 1680.25 1994.78 458.972
 6232.14 10161.7 3154.28 392.123 570.894
 20003.7 5604.7 4679.22 1375.92 418.801
 20493 11072.2 1563.84 1234.63 472.088
 6049.36 9880.68 2714.26 362.845 394.796
 6662.68 4980.31 4187.01 1090.15 303.387
 12325.7 7470.39 2840.8 2261.03 750.264
 4133.67 4407.04 1312.52 470.644 497.277
 23023.4 4664.28 2524.87 711.751 523.275
F
 0.0727889 0.143368 0.151078 0.151507 0.15153
 0.132662 0.261297 0.27535 0.276131 0.276172
 0.128935 0.253955 0.267612 0.268372 0.268412
 0.189696 0.373633 0.393726 0.394844 0.394903
 0.0528696 0.104134 0.109734 0.110046 0.110062
 0.10021 0.197377 0.207992 0.208582 0.208613
 0.170802 0.336419 0.354511 0.355517 0.35557
 0.0237117 0.0467035 0.0492151 0.0493548 0.0493622
 0.0850266 0.167472 0.176478 0.176979 0.177006
 0.0990653 0.195123 0.205616 0.2062 0.206231
 0.0342953 0.0675494 0.0711821 0.0713842 0.0713948
 0.203388 0.400602 0.422145 0.423344 0.423407
 0.265384 0.522711 0.550822 0.552385 0.552468
 0.969386 1.90934 2.01202 2.01773 2.01804
 0.320005 0.630295 0.664191 0.666076 0.666176
 0.35411 0.697469 0.734977 0.737064 0.737174
 0.215956 0.425357 0.448232 0.449504 0.449571
 0.309061 0.60874 0.641477 0.643297 0.643393
 0.35535 0.699911 0.737551 0.739645 0.739755
 0.244679 0.481929 0.507846 0.509288 0.509364
 0.164908 0.324809 0.342277 0.343248 0.3433
 0.194003 0.382116 0.402666 0.403809 0.403869
 0.0970536 0.191161 0.201441 0.202013 0.202043
 0.101422 0.199765 0.210508 0.211106 0.211137
 0.0924378 0.182069 0.191861 0.192405 0.192434
 0.0695006 0.136891 0.144253 0.144663 0.144684
 0.0971816 0.191413 0.201707 0.202279 0.202309
 0.0841305 0.165707 0.174618 0.175114 0.17514
 0.0618426 0.121808 0.128358 0.128723 0.128742
 0.0775858 0.152816 0.161034 0.161491 0.161515
 0.140628 0.276988 0.291883 0.292712 0.292756
 0.0804518 0.158461 0.166983 0.167457 0.167482
 0.147826 0.291164 0.306823 0.307694 0.30774
YTP_r0W_actual
 173596 81391.7 60773.5 22292.1 18445.4
YTP_p0W_proyectada
 0 0 0 0 0
 0 0 0 0 0
 0 0 0 0 0
 0 0 0 0 0
 0 0 0 0 0
 0 0 0 0 0
CTP_r0_actual
 23023.4 4664.28 2524.87 711.751 523.275
CTP_p0_proyectada
 0 0 0 0 0
 0 0 0 0 0
 0 0 0 0 0
 0 0 0 0 0
 0 0 0 0 0
 0 0 0 0 0
Wmedp
 7.54 17.45 24.07 31.32 35.25
Frms_r0
 0.147826 0.291164 0.306823 0.307694 0.30774
Zrms_r0
 1.14783 1.29116 1.30682 1.30769 1.30774
nmprior
 7.29 8.9 8.7 0
nm_flota  nm_reclas  nm_pelaces    nm_pelaL
inf 10.4501 19.09 62.1051
cv_recla  cv_pelaces  cv_mph
0.57878 0.417488 0.56977
 ------------------------------------------------
Talla a la edad & desviaci?n 
 8 13.2811 15.8009 17.003 17.5766
 0.8 1.32811 1.58009 1.7003 1.75766
