years
 1991 1992 1993 1994 1995 1996 1997 1998 1999 2000 2001 2002 2003 2004 2005 2006 2007 2008 2009 2010 2011 2012 2013 2014 2015 2016 2017 2018 2019 2020 2021 2022 2023
reclasobs
 0 0 0 0 0 0 0 0 0 252601 567819 844713 477998 351125 339783 2.1784e+06 2.13404e+06 4.81314e+06 1.55562e+06 2.62356e+06 3.21686e+06 3.843e+06 1.13348e+06 3.07943e+06 1.97215e+06 2.03268e+06 2.025e+06 2.42433e+06 2.27542e+06 1.05018e+06 2.36338e+06 3.18982e+06 1.53035e+06
reclaspred
 6.501e+06 1.73641e+06 1.64313e+06 946154 82162.2 1.09977e+07 6.91598e+06 3.90733e+06 1.71069e+06 82571.4 115204 2.47386e+06 2.13223e+06 230382 1.02837e+06 2.34074e+06 878713 3.6511e+06 2.82071e+06 2.55735e+06 3.73586e+06 4.07139e+06 1.84633e+06 3.25298e+06 2.71449e+06 1.62914e+06 2.52902e+06 3.46383e+06 2.04856e+06 2.27969e+06 1.64627e+06 2.02091e+06 102284
pelacesobs
 0 0 0 0 0 0 0 0 0 0 0 0 0 0 0 552880 188675 0 991730 2.46772e+06 1.41603e+06 1.21717e+06 2.29649e+06 1.80582e+06 0 1.4828e+06 1.56532e+06 1.57751e+06 1.42118e+06 867257 1.10002e+06 1.06204e+06 0
pelacespred
 7.33954e+06 1.87011e+06 721065 432136 29800.4 4.9159e+06 5.88546e+06 4.81504e+06 2.10714e+06 29106.1 30754.8 915032 1.28697e+06 73619.2 398687 813875 438174 1.44342e+06 1.17793e+06 936870 1.63357e+06 1.69646e+06 1.20752e+06 1.6556e+06 1.39842e+06 1.06364e+06 1.37779e+06 1.72733e+06 1.45668e+06 1.35078e+06 794107 1.11549e+06 19563.2
mphobs
 0 0 0 0 0 0 0 0 0 0 0 0 498337 0 5186 125008 0 168611 109162 213762 579715 649985 157893 87575 83554 210694 70296 0 107559 103333 445601 22526 28222
mphpred
 1.87706e+06 742816 118881 252092 54881.7 3378.79 1.8916e+06 1.05694e+06 569424 94641.2 1303.69 10019.2 389045 161773 6792 96673.8 271695 69578.2 334558 346572 485313 478887 168997 68537.8 137679 132085 62431.2 106363 200085 92339.5 89387.1 72164.5 34376.8
desembarqueobs
 494567 514787 250237 358949 120608 361735 552515 73892 212993 205616 52469 317467 293654 387597 252695 516296 358380 742168 942051 627588 828172 859565 418607 520667 417249 300574 415391 372974 316634 284311 391294 218835 356480
desembarquepred
 494504 514283 250124 358382 120451 361623 552153 73880 212780 205123 52413 317197 293388 386710 252362 515550 357837 740826 939502 626124 827338 858140 418108 520139 416642 300236 414844 372563 316197 283836 390632 218638 355303
Reclutas
 3887.7 2500.64 232550 8269.55 2684.19 739394 3679.44 1168.03 2459.2 3706.99 16746.3 254974 72075.4 10873.8 70832.1 246359 9421.42 342364 251040 232027 205585 428552 9482.4 146964 175500 18758.9 133090 159580 20643.1 111219 63792.2 66695.3 2867.8
log_desv_Rt
 -2.24146 -2.68273 1.84983 -1.4867 -2.6119 3.00655 -2.29652 -3.44396 -2.69944 -2.28906 -0.781104 1.94188 0.678434 -1.21292 0.661033 1.90751 -1.35629 2.2366 1.92633 1.84758 1.72658 2.46113 -1.34984 1.39091 1.56836 -0.667612 1.29175 1.47326 -0.571897 1.11222 0.556352 0.600855 -2.54573
SSB
 1.79575e+06 710638 113731 241172 52504.2 3232.43 1.80966e+06 1.01116e+06 544757 90541.4 1247.21 9585.18 354314 147334 6138.95 87933.4 259925 66564.2 338560 223276 325388 344668 491690 191720 345816 360894 157893 252715 498836 211801 253585 204450 103638
BT
 2.21707e+06 990678 529340 374661 112341 3.2573e+06 2.23928e+06 1.21157e+06 707234 233213 61003.8 803646 741784 392272 484246 870761 422154 1.50274e+06 1.4595e+06 958376 1.47274e+06 1.56863e+06 708519 1.32389e+06 956537 589811 1.13862e+06 1.17771e+06 706750 870210 667729 664260 283128
Ftot
 0.290912 1.0305 1.02539 1.31022 3.36907 0.273433 0.30461 0.0738449 0.472922 4.44957 3.06984 1.01276 0.640888 3.92075 1.84034 1.52389 1.43134 1.48394 1.80878 1.47768 1.23644 1.29072 0.841453 1.04059 0.852657 0.746703 1.08166 0.704233 0.604342 0.761359 1.21647 0.599734 4.95303
BD_Bspro_t
 0.954521 0.634946 0.230498 0.388866 0.0966606 0.00986096 0.78198 0.619361 0.549584 0.187649 0.00646097 0.0802128 0.516878 0.224878 0.0160067 0.185975 0.286482 0.0961899 0.273992 0.181276 0.202048 0.212393 0.292805 0.158272 0.283017 0.3402 0.226125 0.346272 0.484373 0.305541 0.362334 0.29248 0.194085
BD_Bspro
 6.81561 2.69716 0.431655 0.915346 0.199275 0.0122684 6.86839 3.83776 2.06758 0.343642 0.00473369 0.0363797 1.34477 0.559194 0.0232998 0.333743 0.986522 0.252638 1.28497 0.847425 1.23498 1.30815 1.86616 0.727657 1.31251 1.36974 0.59927 0.959157 1.89329 0.803873 0.962459 0.775972 0.393351
BD_Bo
 4.84852 1.91872 0.307073 0.651164 0.141761 0.00872756 4.88607 2.73013 1.47084 0.244462 0.00336748 0.02588 0.956647 0.397802 0.0165752 0.23742 0.701798 0.179723 0.914112 0.602846 0.878548 0.930602 1.32756 0.517644 0.933703 0.974413 0.426312 0.68233 1.34686 0.571864 0.684679 0.552015 0.279824
BD_Brms
 5.1938 2.05536 0.32894 0.697534 0.151857 0.00934907 5.23402 2.92455 1.57559 0.261871 0.00360728 0.027723 1.02477 0.426131 0.0177555 0.254327 0.751774 0.192522 0.979208 0.645776 0.941111 0.996873 1.4221 0.554507 1.00019 1.0438 0.456671 0.730921 1.44277 0.612588 0.733437 0.591326 0.299751
Sel_flota
 0.464797 1 1 1 1
 0.464797 1 1 1 1
 0.464797 1 1 1 1
 0.464797 1 1 1 1
 0.464797 1 1 1 1
 0.464797 1 1 1 1
 0.464797 1 1 1 1
 0.464797 1 1 1 1
 0.464797 1 1 1 1
 0.464797 1 1 1 1
 0.464797 1 1 1 1
 0.464797 1 1 1 1
 0.464797 1 1 1 1
 0.464797 1 1 1 1
 0.464797 1 1 1 1
 0.464797 1 1 1 1
 0.464797 1 1 1 1
 0.464797 1 1 1 1
 0.464797 1 1 1 1
 0.464797 1 1 1 1
 0.464797 1 1 1 1
 0.464797 1 1 1 1
 0.464797 1 1 1 1
 0.464797 1 1 1 1
 0.464797 1 1 1 1
 0.464797 1 1 1 1
 0.464797 1 1 1 1
 0.464797 1 1 1 1
 0.464797 1 1 1 1
 0.464797 1 1 1 1
 0.464797 1 1 1 1
 0.464797 1 1 1 1
 0.464797 1 1 1 1
Sel_reclas
 1 1 1 1 1
 1 1 1 1 1
 1 1 1 1 1
 1 1 1 1 1
 1 1 1 1 1
 1 1 1 1 1
 1 1 1 1 1
 1 1 1 1 1
 1 1 1 1 1
 1 1 1 1 1
 1 1 1 1 1
 1 1 1 1 1
 1 1 1 1 1
 1 1 1 1 1
 1 1 1 1 1
 1 1 1 1 1
 1 1 1 1 1
 1 1 1 1 1
 1 1 1 1 1
 1 1 1 1 1
 1 1 1 1 1
 1 1 1 1 1
 1 1 1 1 1
 1 1 1 1 1
 1 1 1 1 1
 1 1 1 1 1
 1 1 1 1 1
 1 1 1 1 1
 1 1 1 1 1
 1 1 1 1 1
 1 1 1 1 1
 1 1 1 1 1
 1 1 1 1 1
Sel_pelaces
 0.368624 0.746081 0.936658 0.986741 0.997337
 0.368624 0.746081 0.936658 0.986741 0.997337
 0.368624 0.746081 0.936658 0.986741 0.997337
 0.368624 0.746081 0.936658 0.986741 0.997337
 0.368624 0.746081 0.936658 0.986741 0.997337
 0.368624 0.746081 0.936658 0.986741 0.997337
 0.368624 0.746081 0.936658 0.986741 0.997337
 0.368624 0.746081 0.936658 0.986741 0.997337
 0.368624 0.746081 0.936658 0.986741 0.997337
 0.368624 0.746081 0.936658 0.986741 0.997337
 0.368624 0.746081 0.936658 0.986741 0.997337
 0.368624 0.746081 0.936658 0.986741 0.997337
 0.368624 0.746081 0.936658 0.986741 0.997337
 0.368624 0.746081 0.936658 0.986741 0.997337
 0.368624 0.746081 0.936658 0.986741 0.997337
 0.368624 0.746081 0.936658 0.986741 0.997337
 0.368624 0.746081 0.936658 0.986741 0.997337
 0.368624 0.746081 0.936658 0.986741 0.997337
 0.368624 0.746081 0.936658 0.986741 0.997337
 0.368624 0.746081 0.936658 0.986741 0.997337
 0.368624 0.746081 0.936658 0.986741 0.997337
 0.368624 0.746081 0.936658 0.986741 0.997337
 0.368624 0.746081 0.936658 0.986741 0.997337
 0.368624 0.746081 0.936658 0.986741 0.997337
 0.368624 0.746081 0.936658 0.986741 0.997337
 0.368624 0.746081 0.936658 0.986741 0.997337
 0.368624 0.746081 0.936658 0.986741 0.997337
 0.368624 0.746081 0.936658 0.986741 0.997337
 0.368624 0.746081 0.936658 0.986741 0.997337
 0.368624 0.746081 0.936658 0.986741 0.997337
 0.368624 0.746081 0.936658 0.986741 0.997337
 0.368624 0.746081 0.936658 0.986741 0.997337
 0.368624 0.746081 0.936658 0.986741 0.997337
pf_obs 
 0.8446 0.082 0.0669 0.0065 0
 0.8095 0.147 0.0364 0.0071 0
 0.9664 0.0169 0.016 0.0007 0
 0.9276 0.0648 0.0075 0.0001 0
 0.7033 0.2144 0.0806 0.0017 0
 0.9318 0.0425 0.0243 0.0014 0
 0.5671 0.3108 0.0964 0.0239 0.0018
 0.0768 0.2599 0.5324 0.112 0.0189
 0.490249 0.384438 0.106611 0.0170017 0.00170017
 0.7925 0.1577 0.0466 0.003 0.0002
 0.840416 0.127587 0.0312969 0.00059994 9.999e-05
 0.8084 0.0986 0.0794 0.0134 0.0002
 0.7335 0.1905 0.0724 0.0035 0.0001
 0.4001 0.4547 0.1325 0.0127 0
 0.49795 0.308269 0.164784 0.0264974 0.00249975
 0.9179 0.0499 0.0305 0.0017 0
 0.2467 0.6533 0.0926 0.0074 0
 0.9418 0.0223 0.034 0.0019 0
 0.707729 0.231977 0.0356964 0.0245975 0
 0.517169 0.277429 0.184464 0.0207286 0.00020938
 0.811772 0.124168 0.05621 0.00726502 0.000585176
 0.764997 0.148141 0.077277 0.00933861 0.000247198
 0.163321 0.427699 0.378323 0.0303852 0.000271297
 0.753843 0.0900009 0.118128 0.0371064 0.000921714
 0.721811 0.176058 0.0630433 0.0369309 0.00215725
 0.143369 0.312575 0.442814 0.0836902 0.0175525
 0.692698 0.0596174 0.167031 0.0765114 0.00414204
 0.394062 0.376323 0.152708 0.0712218 0.00568511
 0.125707 0.32114 0.495352 0.0537591 0.00404204
 0.23352 0.215282 0.420074 0.123614 0.00750983
 0.796117 0.104755 0.0508955 0.0450114 0.00322123
 0.162477 0.292055 0.404252 0.121198 0.0200186
 0 0 0 0 0
pf_pred 
 0.017483 0.162476 0.730813 0.0892279 6.25831e-07
 0.0437786 0.0385634 0.15175 0.68257 0.0833383
 0.966014 0.00417698 0.00120216 0.0047306 0.0238761
 0.0835904 0.905976 0.00128234 0.000369066 0.00878232
 0.221357 0.184405 0.587472 0.000831524 0.00593414
 0.999192 0.000565437 5.74363e-05 0.000182979 2.10729e-06
 0.00756088 0.992097 0.000239093 2.42867e-05 7.82629e-05
 0.00826956 0.0176061 0.973789 0.00023468 0.000100657
 0.0519528 0.0170929 0.0165271 0.914112 0.000314787
 0.327949 0.0812613 0.0106517 0.0102991 0.569839
 0.983892 0.0140103 0.000253644 3.32476e-05 0.00181081
 0.989824 0.0101525 2.02142e-05 3.6596e-07 2.66062e-06
 0.393818 0.60414 0.00203793 4.05766e-06 6.07534e-07
 0.211761 0.499285 0.28798 0.000971439 2.2238e-06
 0.981027 0.0140484 0.0031192 0.00179911 6.0828e-06
 0.931187 0.0684971 0.000233525 5.18503e-05 3.00076e-05
 0.110994 0.871589 0.0173374 5.91077e-05 2.07191e-05
 0.972956 0.00833102 0.0183465 0.000364943 1.68031e-06
 0.714566 0.283271 0.000666325 0.00146737 2.9323e-05
 0.763377 0.215831 0.0206344 4.85374e-05 0.000109024
 0.721023 0.257035 0.0200133 0.00191336 1.46102e-05
 0.841911 0.141531 0.0152556 0.00118783 0.000114429
 0.0539478 0.896215 0.0446178 0.00480935 0.00041054
 0.832116 0.0235132 0.136765 0.00680883 0.000796574
 0.731127 0.252304 0.00232065 0.0134982 0.000750622
 0.171334 0.734476 0.0883849 0.000812951 0.00499152
 0.8501 0.0544723 0.0845815 0.0101783 0.000668436
 0.732183 0.253488 0.00520689 0.00808495 0.00103682
 0.184516 0.718805 0.0915067 0.00187963 0.00329286
 0.796542 0.075832 0.112495 0.0143211 0.000809512
 0.543023 0.418462 0.0143549 0.0212952 0.00286421
 0.67673 0.257299 0.0604109 0.00207233 0.00348775
 0.0956139 0.765002 0.110939 0.0260473 0.00239734
pobs_RECLAS
 0 0 0 0 0
 0 0 0 0 0
 0 0 0 0 0
 0 0 0 0 0
 0 0 0 0 0
 0 0 0 0 0
 0 0 0 0 0
 0 0 0 0 0
 0 0 0 0 0
 0 0 0 0 0
 0.991045 0.00858322 0.000360255 1.14367e-05 0
 0.934742 0.0480273 0.0164251 0.00080598 0
 0.827803 0.169806 0.00239088 0 0
 0.941827 0.0461693 0.0120037 0 0
 0.791401 0.0380133 0.147996 0.0225897 0
 0.846168 0.0940531 0.0597789 0 0
 0.134021 0.677848 0.182769 0.00536245 0
 0.80878 0.0450904 0.141981 0.00414843 0
 0.846168 0.0940531 0.0597789 0 0
 0.905697 0.0802665 0.012482 0.00150086 5.37128e-05
 0.989698 0.0102097 9.19794e-05 0 0
 0.975433 0.0193895 0.00387452 0.00125025 5.28907e-05
 0.303575 0.632131 0.0575291 0.00676475 0
 0.966965 0.00978017 0.0227588 0.000495775 0
 0.843318 0.132988 0.00938335 0.0141283 0.000182051
 0.564624 0.303363 0.111486 0.0197234 0.00080311
 0.826376 0.0876187 0.0782897 0.00655872 0.00115652
 0.89761 0.0855135 0.0140674 0.00269457 0.000114338
 0.34875 0.467042 0.161289 0.0227151 0.000203297
 0.318654 0.224769 0.449479 0.00709798 0
 0.937255 0.0296025 0.0250945 0.00804832 0
 0.456809 0.399803 0.12412 0.0192676 0
 0.883104 0.0372192 0.0704036 0.00927362 0
ppred_RECLAS
 0.0374216 0.159178 0.715982 0.0874172 6.1313e-07
 0.0961304 0.0364521 0.143442 0.6452 0.0787756
 0.985073 0.00183453 0.000527989 0.00207768 0.0104864
 0.17935 0.811307 0.00114835 0.000330501 0.00786462
 0.486238 0.121674 0.387625 0.000548654 0.00391545
 0.99963 0.000259196 2.63288e-05 8.38775e-05 9.65981e-07
 0.016386 0.983275 0.000236967 2.40707e-05 7.75669e-05
 0.0176831 0.017439 0.964546 0.000232453 9.97017e-05
 0.108095 0.0160807 0.0155484 0.859979 0.000296146
 0.670013 0.0399005 0.00523015 0.00505702 0.279799
 0.994822 0.00450403 8.15412e-05 1.06884e-05 0.000582136
 0.995586 0.00440385 8.76836e-06 1.58743e-07 1.1541e-06
 0.592765 0.405863 0.00136909 2.72595e-06 4.08143e-07
 0.499776 0.316851 0.182755 0.000616484 1.41124e-06
 0.992522 0.00553708 0.00122942 0.000709109 2.3975e-06
 0.970831 0.0290348 9.89873e-05 2.19785e-05 1.27197e-05
 0.232854 0.752116 0.0149609 5.10055e-05 1.78791e-05
 0.988769 0.00345971 0.00761894 0.000151554 6.97801e-07
 0.864818 0.134158 0.000315573 0.000694951 1.38874e-05
 0.887496 0.102618 0.00981075 2.30774e-05 5.18363e-05
 0.859939 0.129046 0.0100478 0.000960608 7.33509e-06
 0.92717 0.0652019 0.00702811 0.000547223 5.27164e-05
 0.115067 0.838315 0.0417353 0.00449865 0.000384018
 0.920166 0.0111812 0.0650359 0.00323779 0.000378794
 0.861246 0.130203 0.00119759 0.00696583 0.000387364
 0.318538 0.604005 0.0726843 0.00066854 0.00410483
 0.929799 0.0255104 0.0396111 0.00476669 0.000313041
 0.860294 0.132231 0.00271615 0.00421748 0.00054085
 0.335747 0.585503 0.0745368 0.00153106 0.0026822
 0.898605 0.0377917 0.0560632 0.00713707 0.000403429
 0.73798 0.239937 0.00823079 0.0122102 0.00164227
 0.823778 0.14026 0.0329314 0.00112968 0.00190125
 0.329649 0.567037 0.0822307 0.0193068 0.00177696
pobs_PELACES
 0 0 0 0 0
 0 0 0 0 0
 0 0 0 0 0
 0 0 0 0 0
 0 0 0 0 0
 0 0 0 0 0
 0 0 0 0 0
 0 0 0 0 0
 0 0 0 0 0
 0 0 0 0 0
 0 0 0 0 0
 0 0 0 0 0
 0 0 0 0 0
 0 0 0 0 0
 0 0 0 0 0
 0 0 0 0 0
 0.505614 0.472636 0.0217494 0 0
 0 0 0 0 0
 0.443492 0.261883 0.143347 0.151278 0
 0.227955 0.32914 0.350689 0.0885471 0.00366901
 0.970185 0.0296113 0.000203453 0 0
 0.997202 0.00247181 0.000326279 0 0
 0.445219 0.490057 0.0546422 0.010081 0
 0.90214 0.0892962 0.00764917 0.000914606 0
 0 0 0 0 0
 0.581667 0.319106 0.0959925 0.00289975 0.000334073
 0.762889 0.0836404 0.116647 0.0363945 0.000428098
 0.88444 0.0763242 0.0277011 0.0115352 0
 0.521256 0.241999 0.230069 0.00667565 0
 0.616807 0.101726 0.260614 0.0208532 0
 0.833518 0.0704572 0.0857862 0.0102388 0
 0.697417 0.212968 0.0787535 0.0105354 0.000325836
 0 0 0 0 0
ppred_PELACES
 0.0163135 0.133413 0.753373 0.0969006 6.86944e-07
 0.0462427 0.0295845 0.146155 0.692553 0.0854652
 0.968033 0.00304437 0.0011 0.00456003 0.0232624
 0.119401 0.867351 0.00154126 0.000467304 0.0112394
 0.414896 0.115896 0.463531 0.000691175 0.00498552
 0.99922 0.000499666 6.37202e-05 0.000213852 2.48929e-06
 0.00861019 0.990953 0.000299819 3.20837e-05 0.000104499
 0.00715186 0.0140903 0.978402 0.0002484 0.000107686
 0.0471486 0.0130585 0.0158514 0.92362 0.000321477
 0.629693 0.0345882 0.00569191 0.00579777 0.324229
 0.993654 0.0052945 0.000120336 1.6617e-05 0.000914754
 0.992548 0.00743061 1.8574e-05 3.54245e-07 2.6031e-06
 0.445883 0.551774 0.00233673 4.90137e-06 7.41738e-07
 0.474256 0.30448 0.220479 0.000783505 1.81285e-06
 0.98832 0.00806267 0.00224746 0.00136561 4.66673e-06
 0.955549 0.0441919 0.000189146 4.42423e-05 2.58795e-05
 0.161174 0.818292 0.020435 7.33935e-05 2.60031e-05
 0.979594 0.00533788 0.0147577 0.000309252 1.43919e-06
 0.812756 0.185401 0.000547509 0.00127019 2.56551e-05
 0.831892 0.149963 0.0179993 4.46029e-05 0.000101263
 0.787137 0.192171 0.0187849 0.00189195 1.46018e-05
 0.88493 0.100279 0.0135701 0.00111309 0.00010838
 0.0684863 0.870402 0.0544015 0.00617748 0.00053299
 0.848415 0.0173626 0.126787 0.00664956 0.000786295
 0.777657 0.204683 0.00236354 0.0144827 0.000814021
 0.20378 0.685437 0.103553 0.00100339 0.00622699
 0.871545 0.0399809 0.0779376 0.00988029 0.000655833
 0.772271 0.212149 0.00547086 0.00894906 0.00115995
 0.212332 0.673564 0.10765 0.00232947 0.00412475
 0.811267 0.0603664 0.112427 0.0150777 0.000861433
 0.627249 0.332956 0.0143392 0.0224094 0.00304643
 0.70909 0.219798 0.0647882 0.00234133 0.00398279
 0.358767 0.520785 0.0948147 0.0234517 0.00218163
pobs_pel_tallas
 0 0 0 0 0 0 0 0 0 0 0 0 0 0 0 0 0 0 0 0 0 0 0 0 0 0
 0 0 0 0 0 0 0 0 0 0 0 0 0 0 0 0 0 0 0 0 0 0 0 0 0 0
 0 0 0 0 0 0 0 0 0 0 0 0 0 0 0 0 0 0 0 0 0 0 0 0 0 0
 0 0 0 0 0 0 0 0 0 0 0 0 0 0 0 0 0 0 0 0 0 0 0 0 0 0
 0 0 0 0 0 0 0 0 0 0 0 0 0 0 0 0 0 0 0 0 0 0 0 0 0 0
 0 0 0 0 0 0 0 0 0 0 0 0 0 0 0 0 0 0 0 0 0 0 0 0 0 0
 0 0 0 0 0 0 0 0 0 0 0 0 0 0 0 0 0 0 0 0 0 0 0 0 0 0
 0 0 0 0 0 0 0 0 0 0 0 0 0 0 0 0 0 0 0 0 0 0 0 0 0 0
 0 0 0 0 0 0 0 0 0 0 0 0 0 0 0 0 0 0 0 0 0 0 0 0 0 0
 0 0 0 0 0 0 0 0 0 0 0 0 0 0 0 0 0 0 0 0 0 0 0 0 0 0
 0 0 0 0 0 0 0 0 0 0 0 0 0 0 0 0 0 0 0 0 0 0 0 0 0 0
 0 0 0 0 0 0 0 0 0 0 0 0 0 0 0 0 0 0 0 0 0 0 0 0 0 0
 0.00862536 0 0 0.000197151 0.00414017 0.0128641 0.00837892 0.0270097 0.101434 0.158115 0.152841 0.127902 0.109271 0.109419 0.0830992 0.0579132 0.0238553 0.00714673 0.00463305 0.00128148 0.00103504 0.000492878 0.000147863 0.000147863 4.92878e-05 0
 0 0 0 0 0 0 0 0 0 0 0 0 0 0 0 0 0 0 0 0 0 0 0 0 0 0
 0 0 0 0 0 0 0 0.0054083 0.00873648 0.0413646 0.0450493 0.0745869 0.0622846 0.0627006 0.0613931 0.0827291 0.12552 0.122667 0.0946155 0.0697135 0.0546179 0.0294188 0.0215738 0.0213955 0.0102223 0.00600262
 0 0 0 0 0.00359764 0.0251062 0.0480494 0.140153 0.205849 0.193036 0.1447 0.116669 0.0760912 0.0342217 0.00950174 0.001854 0.000860785 0 0 0 0.000165536 0 0.000143464 0 0 0
 0 0 0 0 0 0 0 0.000145254 0.000435761 0.0275982 0.070085 0.0708112 0.156366 0.174668 0.174014 0.160142 0.0824315 0.0480064 0.0283245 0.00493863 0.00203355 0 0 0 0 0
 0 0 0 0 0 0 0 0 0 0 0 0 0 0 0 0 0 0 0 0 0 0 0 0 0 0
 0 0 1.00437e-05 0.000401748 0.00122533 0.00171747 0.00176769 0.0269171 0.070346 0.194647 0.189555 0.159765 0.064822 0.0314167 0.0384472 0.0292271 0.0345202 0.0313363 0.0194345 0.0106764 0.0143323 0.0359363 0.0279516 0.0138201 0.00172751 0
 0 0.0021121 0.0136068 0.0755702 0.200478 0.177729 0.0527432 0.0373336 0.0318909 0.0142505 0.0149659 0.0166563 0.0217959 0.0798694 0.0677717 0.0528807 0.04013 0.0224614 0.0357745 0.0225083 0.00881397 0.00855152 0.00135912 0.000746735 0 0
 0 0 0 0 5.4009e-05 0.00500934 0.000945158 0.0243581 0.138947 0.33067 0.221406 0.137944 0.0707744 0.0437923 0.0131692 0.00525238 0.0047753 0.00276346 9.45158e-05 9.00151e-06 2.25038e-05 9.00151e-06 4.50075e-06 0 0 0
 0.000866109 0.00284123 0.00948549 0.0512746 0.133035 0.25785 0.225252 0.132002 0.0553304 0.0519788 0.0540692 0.017754 0.00435017 0.00159236 0.00146478 0.000404838 0.000125132 0.000115318 0.000107957 0.000100596 0 0 0 0 0 0
 0 0 0 0 0.00144013 0.00171154 0.00461396 0.0210425 0.0478622 0.0707936 0.0888783 0.103762 0.0637923 0.0337046 0.0602308 0.124433 0.169614 0.0934646 0.0462172 0.0250306 0.0313229 0.00938855 0.002487 0.000210481 0 0
 0 0.00764035 0.051015 0.0998891 0.058973 0.0496711 0.0374665 0.0718981 0.12319 0.153886 0.159021 0.0857701 0.0377988 0.023471 0.0147837 0.00900784 0.00315554 0.000888139 0.00291439 0.00214683 0.00393193 0.00274676 0.000635225 9.99891e-05 0 0
 0 0 0 0 0 0 0 0 0 0 0 0 0 0 0 0 0 0 0 0 0 0 0 0 0 0
 0 0 0 0 0 0 0 0 0 0 0 0 0 0 0 0 0 0 0 0 0 0 0 0 0 0
 0 0 0 0 0 0 0 0 0 0 0 0 0 0 0 0 0 0 0 0 0 0 0 0 0 0
 0 0 0 0 0 0 0 0 0 0 0 0 0 0 0 0 0 0 0 0 0 0 0 0 0 0
 0 0 0 0 0 0 0 0 0 0 0 0 0 0 0 0 0 0 0 0 0 0 0 0 0 0
 0 0 0 0 0 0 0 0 0 0 0 0 0 0 0 0 0 0 0 0 0 0 0 0 0 0
 0 0 0 0 0 0 0 0 0 0 0 0 0 0 0 0 0 0 0 0 0 0 0 0 0 0
 0 0 0 0 0 0 0 0 0 0 0 0 0 0 0 0 0 0 0 0 0 0 0 0 0 0
 0 0 0 0 0 0 0 0 0 0 0 0 0 0 0 0 0 0 0 0 0 0 0 0 0 0
ppred_pel_tallas
 1.31493e-16 1.34375e-06 1.30617e-05 8.68006e-05 0.000394591 0.00122779 0.00261646 0.00382172 0.00383574 0.00268554 0.00146311 0.00108918 0.00188654 0.004128 0.00836158 0.0152433 0.0252714 0.0386861 0.0555033 0.0753984 0.0972212 0.11841 0.135032 0.142927 0.139522 0.125174
 1.88142e-16 3.80896e-06 3.70244e-05 0.000246041 0.00111847 0.00347998 0.00741459 0.0108225 0.0108258 0.00743113 0.00353704 0.00129027 0.000704764 0.00113336 0.00237862 0.00473648 0.00884597 0.0156959 0.0266515 0.0432533 0.0666085 0.0964569 0.130346 0.163514 0.189832 0.203636
 1.04427e-16 7.97356e-05 0.000775059 0.00515054 0.0234136 0.0728484 0.155211 0.226535 0.226536 0.155213 0.0728533 0.0234281 0.00518736 0.000857147 0.00024112 0.000288293 0.000449236 0.000664359 0.00094897 0.00135212 0.00194714 0.00279947 0.00391855 0.00521901 0.00651641 0.00756735
 1.02216e-16 9.83505e-06 9.56003e-05 0.000635302 0.00288804 0.00898621 0.0191492 0.0279662 0.0280496 0.0195566 0.0103537 0.00683522 0.0105337 0.0216723 0.040895 0.0673489 0.0964487 0.120094 0.130047 0.122532 0.100576 0.0721355 0.0455639 0.0258751 0.0139082 0.00784338
 1.1432e-16 3.41745e-05 0.000332188 0.00220751 0.010035 0.0312227 0.0665237 0.0970958 0.0971077 0.066582 0.0314204 0.0106147 0.00369544 0.00368907 0.0067269 0.0118913 0.0190372 0.0278973 0.0380559 0.0490519 0.0602102 0.0702695 0.0772863 0.0792083 0.0749003 0.0649048
 1.00024e-16 8.23044e-05 0.000800029 0.00531647 0.0241679 0.0751953 0.160212 0.233834 0.233834 0.160212 0.0751961 0.0241702 0.00532222 0.000812583 0.000106192 4.54066e-05 5.76927e-05 7.30064e-05 8.21061e-05 8.30138e-05 7.76569e-05 7.03096e-05 6.48245e-05 6.25573e-05 6.22416e-05 6.13998e-05
 1.00283e-16 7.09416e-07 6.89587e-06 4.58301e-05 0.000208396 0.000648907 0.00138609 0.00204301 0.00213829 0.00185155 0.00221114 0.00471768 0.0113536 0.0246546 0.0467017 0.0769191 0.110131 0.137074 0.148312 0.139504 0.114076 0.0811024 0.0501403 0.0269678 0.0126335 0.00517201
 1.28282e-16 5.89097e-07 5.72623e-06 3.80529e-05 0.000172985 0.000538233 0.00114686 0.00167446 0.00167732 0.00116156 0.00059194 0.000347231 0.000547403 0.00135512 0.00325678 0.0071843 0.0145234 0.0269094 0.0456449 0.0707407 0.0999464 0.128469 0.149987 0.158861 0.152528 0.132691
 1.93142e-16 3.88357e-06 3.77497e-05 0.00025086 0.00114037 0.00354813 0.00755973 0.011034 0.0110356 0.00756778 0.00357635 0.0012274 0.000491449 0.000641222 0.00139713 0.00300569 0.00613104 0.0118961 0.0219196 0.0381 0.0619606 0.0936043 0.130693 0.168117 0.198883 0.216177
 1.55624e-16 5.1867e-05 0.000504166 0.00335036 0.0152302 0.047387 0.100963 0.147359 0.147363 0.10098 0.0474431 0.0153937 0.00376525 0.00142696 0.00186003 0.00315653 0.00497901 0.00732327 0.0104198 0.014867 0.0215877 0.031467 0.0447717 0.0606412 0.0769574 0.090752
 1.00162e-16 8.18459e-05 0.000795572 0.00528685 0.0240333 0.0747764 0.159319 0.232531 0.232531 0.159322 0.0747848 0.0240574 0.00534736 0.000927541 0.000332136 0.000418678 0.000593247 0.000742152 0.000811764 0.000780755 0.000669457 0.000527433 0.000404877 0.000329065 0.000299254 0.000296948
 1.00004e-16 8.17549e-05 0.000794686 0.00528097 0.0240065 0.0746932 0.159142 0.232272 0.232273 0.159145 0.0747049 0.0240403 0.00536577 0.000979523 0.000431984 0.000582624 0.000826308 0.00102828 0.00111287 0.00104726 0.000857132 0.000610431 0.000378713 0.000205205 9.77145e-05 4.15162e-05
 1.0021e-16 3.67269e-05 0.000356999 0.00237239 0.0107846 0.033555 0.0714945 0.104359 0.104413 0.0717537 0.034425 0.0132956 0.00866943 0.0140833 0.0260461 0.0428454 0.0613507 0.0763792 0.0826774 0.0778275 0.0637329 0.0454349 0.0282405 0.0153548 0.00735626 0.00315507
 1.0652e-16 3.90639e-05 0.000379715 0.00252334 0.0114708 0.03569 0.0760423 0.110992 0.111022 0.0761872 0.0361771 0.0128811 0.00607633 0.00817816 0.0149728 0.0250102 0.0367609 0.0477468 0.0553911 0.0583772 0.0572416 0.0536635 0.0491227 0.0441024 0.0383387 0.031613
 1.00205e-16 8.14066e-05 0.000791301 0.00525847 0.0239043 0.074375 0.158464 0.231283 0.231284 0.158468 0.0743878 0.0239412 0.0053514 0.000994522 0.000468416 0.000648333 0.000932676 0.00118689 0.00133511 0.00134483 0.00124091 0.00108596 0.000939445 0.000827713 0.000743068 0.00066339
 1.00026e-16 7.87073e-05 0.000765063 0.00508411 0.0231116 0.0719089 0.15321 0.223615 0.223619 0.15323 0.0719786 0.0233128 0.00558845 0.00186443 0.00216186 0.00343697 0.00491419 0.00611795 0.00662307 0.0062358 0.00510872 0.00364564 0.00227145 0.00124253 0.000604716 0.00027016
 1.00811e-16 1.32758e-05 0.000129046 0.000857559 0.00389839 0.0121297 0.0258466 0.0377404 0.0378191 0.0262311 0.0134204 0.00762426 0.0102023 0.0205028 0.0386307 0.0636435 0.0912093 0.113706 0.123369 0.116615 0.0962276 0.0695971 0.0444818 0.0255353 0.0135703 0.0069998
 1.00459e-16 8.06878e-05 0.000784315 0.00521205 0.0236932 0.0737184 0.157065 0.229241 0.229241 0.157067 0.0737272 0.0237192 0.00527824 0.000932235 0.000371586 0.000512486 0.000790403 0.00111802 0.00146186 0.00180003 0.00211682 0.00238687 0.0025635 0.00258987 0.00243044 0.00209848
 1.00195e-16 6.69456e-05 0.000650736 0.00432437 0.019658 0.0611633 0.130316 0.190203 0.190221 0.130403 0.0614556 0.0205017 0.00644026 0.00526302 0.00880671 0.0144014 0.0206176 0.0256715 0.0277966 0.026183 0.0214731 0.015362 0.00963128 0.00535219 0.00271005 0.00132862
 1.0058e-16 6.85219e-05 0.000666057 0.00442618 0.0201208 0.0626033 0.133384 0.19468 0.194695 0.133454 0.0628403 0.0208052 0.00614381 0.0044144 0.00718351 0.0117571 0.0169048 0.0212027 0.0232453 0.0223768 0.0190741 0.0146202 0.0103426 0.00701039 0.00473415 0.0032472
 1.00784e-16 6.48355e-05 0.000630224 0.00418806 0.0190383 0.0592354 0.126208 0.184208 0.184227 0.126298 0.059539 0.019915 0.00638777 0.00542969 0.00917246 0.0150415 0.0216145 0.0270796 0.0296339 0.0284407 0.0241236 0.0183482 0.0128395 0.00859799 0.00576371 0.00397477
 1.00548e-16 7.28905e-05 0.000708522 0.00470838 0.0214036 0.0665946 0.141887 0.207091 0.2071 0.141934 0.0667531 0.0218615 0.00585758 0.00321688 0.00483556 0.00787556 0.0113298 0.0142288 0.0156353 0.0151133 0.0129799 0.0100854 0.00730478 0.00513709 0.00364385 0.00264111
 1.02503e-16 5.64131e-06 5.48356e-05 0.000364406 0.00165659 0.00515471 0.0109857 0.0160516 0.0161354 0.011395 0.00652868 0.00562358 0.0103164 0.0217612 0.0411739 0.0679122 0.0974812 0.121847 0.132813 0.126583 0.106052 0.0789185 0.0532035 0.0336308 0.0209297 0.0134205
 1.04464e-16 6.98828e-05 0.000679286 0.00451409 0.0205204 0.0638466 0.136032 0.198543 0.198545 0.136041 0.0638781 0.0206139 0.00475804 0.00124259 0.00122968 0.0021564 0.00364336 0.005711 0.00838956 0.0116279 0.0152009 0.0186317 0.0212338 0.0223285 0.0215451 0.0190178
 1.01711e-16 6.40546e-05 0.000622633 0.00413762 0.018809 0.058522 0.124688 0.18199 0.18201 0.124784 0.0588448 0.0197411 0.00647546 0.00572025 0.00972824 0.0159373 0.022851 0.028529 0.0310503 0.0295501 0.0247569 0.0185357 0.0128082 0.00867231 0.00622426 0.00494838
 1.04318e-16 1.67852e-05 0.000163158 0.00108425 0.00492887 0.0153359 0.0326772 0.0477071 0.0477732 0.033 0.0164198 0.00805967 0.00894298 0.0173187 0.0325972 0.0538589 0.0775698 0.097504 0.107298 0.10397 0.0896679 0.0701575 0.0513647 0.036658 0.0264433 0.0194828
 1.03362e-16 7.1788e-05 0.000697805 0.00463716 0.0210799 0.0655873 0.139741 0.203957 0.203961 0.13976 0.0656529 0.0212709 0.0051221 0.00177471 0.00217061 0.00361454 0.00552533 0.00762637 0.00966648 0.0114983 0.0130949 0.0144321 0.0153559 0.0155875 0.0148854 0.0132296
 1.01306e-16 6.3611e-05 0.000618322 0.00410896 0.0186788 0.0581167 0.123825 0.18073 0.18075 0.123924 0.0584514 0.019645 0.00653261 0.0059033 0.0100836 0.0165252 0.0236961 0.0295854 0.0321956 0.0306187 0.0255934 0.0190378 0.0129392 0.00845026 0.00570649 0.00422067
 1.04211e-16 1.74896e-05 0.000170006 0.00112975 0.00513572 0.0159795 0.0340484 0.0497082 0.0497731 0.0343656 0.0170448 0.00821296 0.00885447 0.0170344 0.0320492 0.0529629 0.0763042 0.095965 0.105699 0.102577 0.0886896 0.0696721 0.0513047 0.0368619 0.0267298 0.0197102
 1.04918e-16 6.6823e-05 0.000649544 0.00431645 0.0196219 0.0610512 0.130076 0.189851 0.189857 0.130106 0.0611501 0.0199097 0.00504678 0.00227021 0.00322194 0.00542209 0.00827329 0.0113817 0.0143631 0.0169946 0.0192478 0.0211126 0.0223905 0.0226909 0.0216625 0.0192659
 1.03262e-16 5.16657e-05 0.000502209 0.00333736 0.0151712 0.0472033 0.100573 0.146796 0.146828 0.100729 0.0477289 0.0166885 0.00714403 0.00880514 0.0158 0.0259865 0.0373102 0.046676 0.050978 0.0488123 0.0413415 0.0315496 0.0224965 0.0159075 0.0119093 0.00967473
 1.02835e-16 5.84068e-05 0.000567735 0.0037728 0.0171506 0.053362 0.113694 0.165945 0.165966 0.113798 0.0537107 0.0181582 0.0063044 0.00610212 0.0105922 0.0174779 0.0253087 0.0321075 0.035884 0.0356934 0.0321576 0.0269711 0.0218203 0.0175834 0.0142795 0.011535
 1.05591e-16 2.95513e-05 0.000287249 0.00190887 0.0086775 0.0269992 0.0575265 0.0839721 0.0840223 0.0577719 0.0278234 0.0110586 0.00788754 0.0133442 0.0248432 0.041066 0.0592517 0.0747132 0.0826757 0.0809185 0.0710642 0.0574109 0.0442961 0.0340676 0.0268368 0.0215469
pSPR Fmed_Fpbrs
1   0.983522 0.6 0.325 0.983522 0.983522 0.983522
Fs Fmed_Fpbrs
0   0.01 0.351187 0.910445 0.01 0.01 0.01
SSBpbr Bo_Bmed_Bpbrs
370370  351852  345749 203704 101852 345749 345749 345749
Ro
36571.9
SPR SPRFo_SPRFmed_SPRFpbrs
263476 263476 259134
Fref
0
Nvult_r0
 2762.25 18518.7 2685.54 630.535 58.0331
CTP_r0
 1925.75 15407.9 2234.42 524.617 48.2846
YTP_r0
355303
Np
 2867.8 1055 388.114 142.779 71.8487
Nvult_p0
 1812.8 666.89 245.335 90.2538 45.417
CTP_p0
 0 0 0 0 0
 0 0 0 0 0
 0 0 0 0 0
 0 0 0 0 0
 0 0 0 0 0
 0 0 0 0 0
YTP_p0
 0 0 0 0 0 0
CBA_c0
0
log_Ro
10.327
likeval ReclasPelacesDesembMPH_pf_preclas_ppelaces_ptallas_desvR_qrecl_qpela
 0.000933895 15.6607 0.373519 41.754 378.932 162.563 139.595 0 161.091 9.88013e-05 0.000274642 0.0124631 2067 0 0
q_reclas_q_pelaces
4.07843 10.4195
M
1
N
 3887.7 17875.8 80404.8 9816.95 0.0688546
 2500.64 1249.32 4916.18 22112.9 2699.87
 232550 569.825 163.999 645.35 3257.19
 8269.55 53117.5 75.1839 21.6384 514.909
 2684.19 1654.66 5271.36 7.46122 53.2467
 739394 206.273 20.953 66.7514 0.768746
 3679.44 239545 57.7296 5.86409 18.8968
 1168.03 1174.9 64983.3 15.6608 6.71709
 2459.2 415.196 401.453 22204.3 7.64635
 3706.99 726.167 95.1857 92.0349 5092.19
 16746.3 172.402 3.12119 0.409124 22.2827
 254974 1478.94 2.94467 0.0533104 0.38758
 72075.4 58582.3 197.615 0.393464 0.0589114
 10873.8 19684.5 11353.7 38.2992 0.0876739
 70832.1 646.622 143.572 82.81 0.279981
 246359 11077.6 37.7665 8.38544 4.85295
 9421.42 44633.9 887.844 3.02689 1.06102
 342364 1781.94 3924.18 78.0586 0.359406
 251040 63189.8 148.639 327.33 6.54114
 232027 39841 3808.97 8.95967 20.1252
 205585 42950 3344.18 319.718 2.44132
 428552 42570.5 4588.68 357.284 34.4187
 9482.4 86530 4307.87 464.346 39.6379
 146964 2359.22 13722.5 683.172 79.9251
 175500 33332.3 306.586 1783.27 99.166
 18758.9 43437.7 5227.17 48.0788 295.204
 133090 4877.35 7573.27 911.346 59.8505
 159580 29614.8 608.315 944.556 121.13
 20643.1 42318.2 5387.28 110.66 193.861
 111219 5734.42 8506.89 1082.96 61.2153
 63792.2 28720.8 985.238 1461.58 196.582
 66695.3 13332.7 3130.36 107.384 180.728
 2867.8 18566.9 2692.54 632.178 58.1842
pred_Ctot
 314.256 2920.49 13136.3 1603.87 0.0112493
 625.302 550.812 2167.49 9749.33 1190.34
 57915.1 250.421 72.0728 283.612 1431.44
 2503.67 27135.5 38.4083 11.0541 263.045
 1512.22 1259.78 4013.37 5.68063 40.5396
 56363.1 31.8955 3.23991 10.3216 0.118869
 310.62 40757.9 9.82252 0.997759 3.21524
 24.982 53.1873 2941.78 0.70896 0.304081
 312.297 102.748 99.3472 5494.88 1.89223
 2382.56 590.366 77.385 74.8234 4139.9
 8976.32 127.82 2.31407 0.303327 16.5205
 62858 644.724 1.28369 0.02324 0.16896
 12024.5 18446.3 62.2244 0.123893 0.0185499
 6603.57 15569.8 8980.41 30.2935 0.0693472
 27548.5 394.495 87.5912 50.5213 0.170813
 83639.8 6152.45 20.9753 4.65722 2.6953
 3051.98 23965.9 476.724 1.62528 0.569711
 113956 975.76 2148.81 42.7435 0.196804
 96461.8 38239.7 89.9496 198.086 3.95841
 76986.3 21766.6 2080.98 4.89499 10.9951
 59493.1 21208.5 1651.34 157.875 1.20551
 128248 21559.3 2323.88 180.942 17.4309
 2002.66 33269.4 1656.31 178.534 15.2401
 37043.2 1046.73 6088.36 303.108 35.4609
 37483 12935 118.974 692.016 38.4824
 3576.51 15331.8 1844.99 16.9699 104.195
 34618.3 2218.25 3444.38 414.487 27.2205
 28917.3 10011.4 205.644 319.312 40.9486
 3269.43 12736.4 1621.4 33.3051 58.346
 21563.3 2052.86 3045.38 387.689 21.9145
 18225.5 14044.9 481.795 714.732 96.1315
 10491.5 3988.95 936.56 32.1277 54.0712
 1925.75 15407.9 2234.42 524.617 48.2846
F
 0.135215 0.290912 0.290912 0.290912 0.290912
 0.478971 1.0305 1.0305 1.0305 1.0305
 0.476599 1.02539 1.02539 1.02539 1.02539
 0.608985 1.31022 1.31022 1.31022 1.31022
 1.56593 3.36907 3.36907 3.36907 3.36907
 0.127091 0.273433 0.273433 0.273433 0.273433
 0.141582 0.30461 0.30461 0.30461 0.30461
 0.0343229 0.0738449 0.0738449 0.0738449 0.0738449
 0.219813 0.472922 0.472922 0.472922 0.472922
 2.06814 4.44957 4.44957 4.44957 4.44957
 1.42685 3.06984 3.06984 3.06984 3.06984
 0.470728 1.01276 1.01276 1.01276 1.01276
 0.297883 0.640888 0.640888 0.640888 0.640888
 1.82235 3.92075 3.92075 3.92075 3.92075
 0.855384 1.84034 1.84034 1.84034 1.84034
 0.708298 1.52389 1.52389 1.52389 1.52389
 0.665281 1.43134 1.43134 1.43134 1.43134
 0.689732 1.48394 1.48394 1.48394 1.48394
 0.840717 1.80878 1.80878 1.80878 1.80878
 0.686819 1.47768 1.47768 1.47768 1.47768
 0.574696 1.23644 1.23644 1.23644 1.23644
 0.599922 1.29072 1.29072 1.29072 1.29072
 0.391105 0.841453 0.841453 0.841453 0.841453
 0.483663 1.04059 1.04059 1.04059 1.04059
 0.396312 0.852657 0.852657 0.852657 0.852657
 0.347065 0.746703 0.746703 0.746703 0.746703
 0.502754 1.08166 1.08166 1.08166 1.08166
 0.327325 0.704233 0.704233 0.704233 0.704233
 0.280896 0.604342 0.604342 0.604342 0.604342
 0.353877 0.761359 0.761359 0.761359 0.761359
 0.565413 1.21647 1.21647 1.21647 1.21647
 0.278754 0.599734 0.599734 0.599734 0.599734
 2.30215 4.95303 4.95303 4.95303 4.95303
YTP_r0W_actual
 14520.2 268867 53782.6 16431 1702.03
YTP_p0W_proyectada
 0 0 0 0 0
 0 0 0 0 0
 0 0 0 0 0
 0 0 0 0 0
 0 0 0 0 0
 0 0 0 0 0
CTP_r0_actual
 1925.75 15407.9 2234.42 524.617 48.2846
CTP_p0_proyectada
 0 0 0 0 0
 0 0 0 0 0
 0 0 0 0 0
 0 0 0 0 0
 0 0 0 0 0
 0 0 0 0 0
Wmedp
 7.54 17.45 24.07 31.32 35.25
Frms_r0
 2.30215 4.95303 4.95303 4.95303 4.95303
Zrms_r0
 3.30215 5.95303 5.95303 5.95303 5.95303
nmprior
 7.29 8.9 8.7 0
nm_flota  nm_reclas  nm_pelaces    nm_pelaL
inf 7.59122 5.0004 9.51934
cv_recla  cv_pelaces  cv_mph
0.882183 0.433507 0.518091
 ------------------------------------------------
Talla a la edad & desviaci?n 
 8 13.2811 15.8009 17.003 17.5766
 0.8 1.32811 1.58009 1.7003 1.75766
