years
 1991 1992 1993 1994 1995 1996 1997 1998 1999 2000 2001 2002 2003 2004 2005 2006 2007 2008 2009 2010 2011 2012 2013 2014 2015 2016 2017 2018 2019 2020 2021 2022 2023
reclasobs
 0 0 0 0 0 0 0 0 0 252601 567819 844713 477998 351125 339783 2.1784e+06 2.13404e+06 4.81314e+06 1.55562e+06 2.62356e+06 3.21686e+06 3.843e+06 1.13348e+06 3.07943e+06 1.97215e+06 2.03268e+06 2.025e+06 2.42433e+06 2.27542e+06 1.05018e+06 2.36338e+06 3.18982e+06 1.53035e+06
reclaspred
 5.79644e+06 1.31149e+06 1.23511e+06 849525 97190.6 3.49466e+06 1.22296e+06 280606 1.06943e+06 221831 105841 2.17428e+06 2.03919e+06 227461 955495 2.10928e+06 881424 3.22284e+06 2.71376e+06 2.35484e+06 3.55343e+06 3.67092e+06 1.76454e+06 2.87915e+06 2.44108e+06 1.56084e+06 2.33565e+06 3.07514e+06 1.9404e+06 2.06259e+06 1.66834e+06 1.02907e+06 322908
pelacesobs
 0 0 0 0 0 0 0 0 0 0 0 0 0 0 0 552880 188675 0 991730 2.46772e+06 1.41603e+06 1.21717e+06 2.29649e+06 1.80582e+06 0 1.4828e+06 1.56532e+06 1.57751e+06 1.42118e+06 867257 1.10002e+06 1.06204e+06 0
pelacespred
 7.33609e+06 1.45073e+06 530161 363668 35789 1.63704e+06 756718 267039 479289 91521.5 35042.7 901360 1.34701e+06 77637.8 418545 826035 465501 1.42329e+06 1.26176e+06 982892 1.73608e+06 1.72597e+06 1.23204e+06 1.6307e+06 1.38922e+06 1.09203e+06 1.42764e+06 1.7424e+06 1.48564e+06 1.36591e+06 890915 682351 81558.3
mphobs
 0 0 0 0 0 0 0 0 0 0 0 0 498337 0 5186 125008 0 168611 109162 213762 579715 649985 157893 87575 83554 210694 70296 0 107559 103333 445601 22526 28222
mphpred
 1.67428e+06 610277 73908 189770 53087.9 4654.85 486069 90219.4 22914.8 106220 6974.13 10162.3 370747 155774 7161.82 98935.7 261002 71011.9 318761 355988 472404 478960 181579 72021.8 148141 141123 68746.4 121442 215274 99954.9 99523.8 84071.3 15921.1
desembarqueobs
 494567 514787 250237 358949 120608 361735 552515 73892 212993 205616 52469 317467 293654 387597 252695 516296 358380 742168 942051 627588 828172 859565 418607 520667 417249 300574 415391 372974 316634 284311 391294 218835 356480
desembarquepred
 494494 514276 250147 358328 120460 361495 551774 73856.9 212798 205353 52418.3 317204 293409 386812 252384 515586 357853 740841 939647 626166 827417 858205 418101 520161 416649 300248 414877 372575 316192 283848 390675 218582 355775
Reclutas
 6060.4 3863.56 208737 31133.2 4405.54 283234 4960.41 1575.56 57662.9 6132.53 14641 243784 75504.1 13126 70705.8 239017 13664.1 327900 262809 224692 209006 409431 13367 141790 169620 22003.7 132076 149722 24526 107173 70801.1 16993 48801.6
log_desv_Rt
 -2.04882 -2.499 1.49048 -0.41232 -2.36773 1.79568 -2.2491 -3.39598 0.204021 -2.03699 -1.16677 1.64569 0.473594 -1.27599 0.407935 1.62594 -1.23582 1.94211 1.72083 1.56414 1.49177 2.16417 -1.25781 1.10376 1.28297 -0.759383 1.03278 1.15818 -0.650859 0.823847 0.409281 -1.01779 0.0371696
SSB
 1.55906e+06 568281 68822.1 176711 49434.7 4334.53 452621 84011 21337.9 98910.3 6494.21 9463.02 328353 137905 6304.14 87578.3 243041 66125.3 313930 224281 309794 337971 450508 171670 315303 327720 147241 244085 454764 193742 238401 208219 40089.4
BT
 1.94591e+06 838956 434058 365099 108004 1.25199e+06 689585 130508 446503 205849 63268.3 768833 723477 392358 483617 848373 418062 1.44404e+06 1.46386e+06 940604 1.46786e+06 1.51424e+06 680164 1.26233e+06 902915 569512 1.11799e+06 1.1157e+06 666644 826983 678483 384092 345235
Ftot
 0.3409 1.35289 1.34495 1.71539 3.30893 0.798526 1.60933 1.01612 1.41383 2.84762 2.9305 1.09758 0.713495 4.18413 1.89095 1.62858 1.58093 1.59795 1.9129 1.56841 1.31303 1.39942 0.96545 1.14432 0.960951 0.845803 1.14233 0.776594 0.695148 0.826923 1.25454 0.941747 4.77153
BD_Bspro_t
 0.947299 0.576653 0.156057 0.315665 0.0895158 0.0122586 0.450501 0.122875 0.0518108 0.207353 0.0258962 0.0635954 0.487584 0.212394 0.0162983 0.184118 0.272863 0.0951776 0.261082 0.181416 0.193959 0.208101 0.274439 0.144298 0.265012 0.318382 0.2132 0.337143 0.46067 0.28627 0.348861 0.288858 0.106168
BD_Bspro
 4.60233 1.67756 0.203162 0.521648 0.145931 0.0127955 1.33613 0.247999 0.0629892 0.291982 0.0191708 0.0279347 0.969292 0.407093 0.0186097 0.25853 0.717454 0.195201 0.926718 0.662075 0.914508 0.997686 1.32989 0.506767 0.930769 0.967423 0.434654 0.720536 1.34246 0.571923 0.703757 0.61466 0.118343
BD_Bo
 6.1507 2.24194 0.271512 0.697147 0.195026 0.0171003 1.78565 0.331434 0.0841808 0.390214 0.0256205 0.0373328 1.29539 0.544052 0.0248707 0.345508 0.958828 0.260873 1.2385 0.884818 1.22218 1.33334 1.77731 0.677259 1.24391 1.2929 0.580886 0.962947 1.7941 0.764337 0.940524 0.821452 0.158158
BD_Brms
 6.58517 2.40031 0.290691 0.746391 0.208802 0.0183082 1.91178 0.354845 0.0901271 0.417777 0.0274302 0.0399699 1.38689 0.582482 0.0266274 0.369913 1.02656 0.2793 1.32598 0.947319 1.30851 1.42752 1.90286 0.725098 1.33177 1.38422 0.621917 1.03097 1.92083 0.818327 1.00696 0.879476 0.16933
Sel_flota
 0.453153 0.940279 0.996668 0.999824 0.999991
 0.453153 0.940279 0.996668 0.999824 0.999991
 0.453153 0.940279 0.996668 0.999824 0.999991
 0.453153 0.940279 0.996668 0.999824 0.999991
 0.453153 0.940279 0.996668 0.999824 0.999991
 0.453153 0.940279 0.996668 0.999824 0.999991
 0.453153 0.940279 0.996668 0.999824 0.999991
 0.453153 0.940279 0.996668 0.999824 0.999991
 0.453153 0.940279 0.996668 0.999824 0.999991
 0.453153 0.940279 0.996668 0.999824 0.999991
 0.453153 0.940279 0.996668 0.999824 0.999991
 0.453153 0.940279 0.996668 0.999824 0.999991
 0.453153 0.940279 0.996668 0.999824 0.999991
 0.453153 0.940279 0.996668 0.999824 0.999991
 0.453153 0.940279 0.996668 0.999824 0.999991
 0.453153 0.940279 0.996668 0.999824 0.999991
 0.453153 0.940279 0.996668 0.999824 0.999991
 0.453153 0.940279 0.996668 0.999824 0.999991
 0.453153 0.940279 0.996668 0.999824 0.999991
 0.453153 0.940279 0.996668 0.999824 0.999991
 0.453153 0.940279 0.996668 0.999824 0.999991
 0.453153 0.940279 0.996668 0.999824 0.999991
 0.453153 0.940279 0.996668 0.999824 0.999991
 0.453153 0.940279 0.996668 0.999824 0.999991
 0.453153 0.940279 0.996668 0.999824 0.999991
 0.453153 0.940279 0.996668 0.999824 0.999991
 0.453153 0.940279 0.996668 0.999824 0.999991
 0.453153 0.940279 0.996668 0.999824 0.999991
 0.453153 0.940279 0.996668 0.999824 0.999991
 0.453153 0.940279 0.996668 0.999824 0.999991
 0.453153 0.940279 0.996668 0.999824 0.999991
 0.453153 0.940279 0.996668 0.999824 0.999991
 0.453153 0.940279 0.996668 0.999824 0.999991
Sel_reclas
 0.894786 1 1 1 1
 0.894786 1 1 1 1
 0.894786 1 1 1 1
 0.894786 1 1 1 1
 0.894786 1 1 1 1
 0.894786 1 1 1 1
 0.894786 1 1 1 1
 0.894786 1 1 1 1
 0.894786 1 1 1 1
 0.894786 1 1 1 1
 0.894786 1 1 1 1
 0.894786 1 1 1 1
 0.894786 1 1 1 1
 0.894786 1 1 1 1
 0.894786 1 1 1 1
 0.894786 1 1 1 1
 0.894786 1 1 1 1
 0.894786 1 1 1 1
 0.894786 1 1 1 1
 0.894786 1 1 1 1
 0.894786 1 1 1 1
 0.894786 1 1 1 1
 0.894786 1 1 1 1
 0.894786 1 1 1 1
 0.894786 1 1 1 1
 0.894786 1 1 1 1
 0.894786 1 1 1 1
 0.894786 1 1 1 1
 0.894786 1 1 1 1
 0.894786 1 1 1 1
 0.894786 1 1 1 1
 0.894786 1 1 1 1
 0.894786 1 1 1 1
Sel_pelaces
 0.320768 0.70385 0.922845 0.983659 0.99671
 0.320768 0.70385 0.922845 0.983659 0.99671
 0.320768 0.70385 0.922845 0.983659 0.99671
 0.320768 0.70385 0.922845 0.983659 0.99671
 0.320768 0.70385 0.922845 0.983659 0.99671
 0.320768 0.70385 0.922845 0.983659 0.99671
 0.320768 0.70385 0.922845 0.983659 0.99671
 0.320768 0.70385 0.922845 0.983659 0.99671
 0.320768 0.70385 0.922845 0.983659 0.99671
 0.320768 0.70385 0.922845 0.983659 0.99671
 0.320768 0.70385 0.922845 0.983659 0.99671
 0.320768 0.70385 0.922845 0.983659 0.99671
 0.320768 0.70385 0.922845 0.983659 0.99671
 0.320768 0.70385 0.922845 0.983659 0.99671
 0.320768 0.70385 0.922845 0.983659 0.99671
 0.320768 0.70385 0.922845 0.983659 0.99671
 0.320768 0.70385 0.922845 0.983659 0.99671
 0.320768 0.70385 0.922845 0.983659 0.99671
 0.320768 0.70385 0.922845 0.983659 0.99671
 0.320768 0.70385 0.922845 0.983659 0.99671
 0.320768 0.70385 0.922845 0.983659 0.99671
 0.320768 0.70385 0.922845 0.983659 0.99671
 0.320768 0.70385 0.922845 0.983659 0.99671
 0.320768 0.70385 0.922845 0.983659 0.99671
 0.320768 0.70385 0.922845 0.983659 0.99671
 0.320768 0.70385 0.922845 0.983659 0.99671
 0.320768 0.70385 0.922845 0.983659 0.99671
 0.320768 0.70385 0.922845 0.983659 0.99671
 0.320768 0.70385 0.922845 0.983659 0.99671
 0.320768 0.70385 0.922845 0.983659 0.99671
 0.320768 0.70385 0.922845 0.983659 0.99671
 0.320768 0.70385 0.922845 0.983659 0.99671
 0.320768 0.70385 0.922845 0.983659 0.99671
pf_obs 
 0.8446 0.082 0.0669 0.0065 0
 0.8095 0.147 0.0364 0.0071 0
 0.9664 0.0169 0.016 0.0007 0
 0.9276 0.0648 0.0075 0.0001 0
 0.7033 0.2144 0.0806 0.0017 0
 0.9318 0.0425 0.0243 0.0014 0
 0.5671 0.3108 0.0964 0.0239 0.0018
 0.0768 0.2599 0.5324 0.112 0.0189
 0.490249 0.384438 0.106611 0.0170017 0.00170017
 0.7925 0.1577 0.0466 0.003 0.0002
 0.840416 0.127587 0.0312969 0.00059994 9.999e-05
 0.8084 0.0986 0.0794 0.0134 0.0002
 0.7335 0.1905 0.0724 0.0035 0.0001
 0.4001 0.4547 0.1325 0.0127 0
 0.49795 0.308269 0.164784 0.0264974 0.00249975
 0.9179 0.0499 0.0305 0.0017 0
 0.2467 0.6533 0.0926 0.0074 0
 0.9418 0.0223 0.034 0.0019 0
 0.707729 0.231977 0.0356964 0.0245975 0
 0.517169 0.277429 0.184464 0.0207286 0.00020938
 0.811772 0.124168 0.05621 0.00726502 0.000585176
 0.764997 0.148141 0.077277 0.00933861 0.000247198
 0.163321 0.427699 0.378323 0.0303852 0.000271297
 0.753843 0.0900009 0.118128 0.0371064 0.000921714
 0.721811 0.176058 0.0630433 0.0369309 0.00215725
 0.143369 0.312575 0.442814 0.0836902 0.0175525
 0.692698 0.0596174 0.167031 0.0765114 0.00414204
 0.394062 0.376323 0.152708 0.0712218 0.00568511
 0.125707 0.32114 0.495352 0.0537591 0.00404204
 0.23352 0.215282 0.420074 0.123614 0.00750983
 0.796117 0.104755 0.0508955 0.0450114 0.00322123
 0.162477 0.292055 0.404252 0.121198 0.0200186
 0 0 0 0 0
pf_pred 
 0.0305628 0.164605 0.710413 0.0944183 8.89918e-07
 0.0778331 0.063503 0.154284 0.622016 0.0823635
 0.973546 0.00593164 0.00156942 0.00342227 0.0155307
 0.319725 0.674834 0.00133097 0.000316099 0.00379365
 0.279559 0.451576 0.266975 0.000464679 0.00142445
 0.996872 0.00228352 0.000567784 0.000274551 1.92023e-06
 0.0410506 0.957805 0.000854866 0.000195145 9.45771e-05
 0.115042 0.111335 0.772805 0.00061232 0.000206135
 0.9642 0.0100076 0.00352118 0.0222475 2.34384e-05
 0.279186 0.713187 0.00231617 0.000728942 0.00458215
 0.920272 0.0543083 0.0251956 6.84204e-05 0.000155266
 0.989934 0.00992034 0.000104736 4.05022e-05 3.55819e-07
 0.431356 0.566587 0.00203011 1.94558e-05 7.54942e-06
 0.251465 0.492882 0.254802 0.000840178 1.11247e-05
 0.980045 0.0154923 0.00317615 0.0012819 4.22406e-06
 0.931194 0.068446 0.000287968 5.17225e-05 2.0791e-05
 0.165798 0.816526 0.0175941 6.56287e-05 1.64147e-05
 0.971 0.0116156 0.0170563 0.000326533 1.51263e-06
 0.743541 0.254367 0.000898587 0.00117122 2.23781e-05
 0.759673 0.220277 0.0199076 6.15527e-05 8.11586e-05
 0.739234 0.238313 0.0207717 0.00166915 1.18858e-05
 0.840799 0.142794 0.0151264 0.00118531 9.53638e-05
 0.0828968 0.865116 0.0471371 0.00447399 0.00037649
 0.837836 0.0318878 0.123509 0.0061394 0.000628558
 0.746272 0.238762 0.00318466 0.0111726 0.000608881
 0.213807 0.698039 0.0834013 0.00101532 0.00373723
 0.854034 0.0606596 0.0764579 0.00837406 0.000474816
 0.731111 0.254436 0.00635715 0.0072596 0.000835618
 0.232522 0.669919 0.0927284 0.00213046 0.0027004
 0.796406 0.0873343 0.102496 0.0130855 0.000678604
 0.587918 0.376526 0.0160134 0.0172389 0.00230402
 0.347422 0.528601 0.114278 0.00438192 0.00531708
 0.851788 0.0885572 0.049147 0.00968938 0.000818079
pobs_RECLAS
 0 0 0 0 0
 0 0 0 0 0
 0 0 0 0 0
 0 0 0 0 0
 0 0 0 0 0
 0 0 0 0 0
 0 0 0 0 0
 0 0 0 0 0
 0 0 0 0 0
 0 0 0 0 0
 0.991045 0.00858322 0.000360255 1.14367e-05 0
 0.934742 0.0480273 0.0164251 0.00080598 0
 0.827803 0.169806 0.00239088 0 0
 0.941827 0.0461693 0.0120037 0 0
 0.791401 0.0380133 0.147996 0.0225897 0
 0.846168 0.0940531 0.0597789 0 0
 0.134021 0.677848 0.182769 0.00536245 0
 0.80878 0.0450904 0.141981 0.00414843 0
 0.846168 0.0940531 0.0597789 0 0
 0.905697 0.0802665 0.012482 0.00150086 5.37128e-05
 0.989698 0.0102097 9.19794e-05 0 0
 0.975433 0.0193895 0.00387452 0.00125025 5.28907e-05
 0.303575 0.632131 0.0575291 0.00676475 0
 0.966965 0.00978017 0.0227588 0.000495775 0
 0.843318 0.132988 0.00938335 0.0141283 0.000182051
 0.564624 0.303363 0.111486 0.0197234 0.00080311
 0.826376 0.0876187 0.0782897 0.00655872 0.00115652
 0.89761 0.0855135 0.0140674 0.00269457 0.000114338
 0.34875 0.467042 0.161289 0.0227151 0.000203297
 0.318654 0.224769 0.449479 0.00709798 0
 0.937255 0.0296025 0.0250945 0.00804832 0
 0.456809 0.399803 0.12412 0.0192676 0
 0.883104 0.0372192 0.0704036 0.00927362 0
ppred_RECLAS
 0.0588934 0.168008 0.682664 0.0904333 8.52212e-07
 0.156653 0.062265 0.1408 0.565427 0.0748548
 0.987652 0.002934 0.000722618 0.00156957 0.00712143
 0.501473 0.494847 0.000903184 0.00021359 0.00256282
 0.522291 0.311544 0.165004 0.000285449 0.000874746
 0.99842 0.0011735 0.00027354 0.000131805 9.21682e-07
 0.0829265 0.91606 0.000757953 0.000172305 8.3489e-05
 0.214868 0.104722 0.679693 0.000536574 0.0001806
 0.983264 0.00493935 0.00161607 0.0101701 1.07122e-05
 0.493122 0.502038 0.00147582 0.000461915 0.00290276
 0.968032 0.0224669 0.00941771 2.54312e-05 5.76939e-05
 0.994948 0.00498339 4.91446e-05 1.8934e-05 1.66306e-07
 0.594954 0.403671 0.00135717 1.29615e-05 5.02855e-06
 0.526642 0.325336 0.147533 0.000482939 6.3921e-06
 0.990933 0.00716547 0.0013553 0.000544584 1.79408e-06
 0.966285 0.0335512 0.000130817 2.33984e-05 9.40346e-06
 0.295305 0.690825 0.0138058 5.12855e-05 1.28245e-05
 0.986641 0.00559537 0.00761815 0.000145242 6.7267e-07
 0.864132 0.134848 0.000439321 0.000570067 1.08896e-05
 0.869882 0.119987 0.0100593 3.09748e-05 4.0832e-05
 0.853575 0.134617 0.0109272 0.000874664 6.22707e-06
 0.916489 0.0754499 0.00743382 0.00058021 4.66709e-05
 0.15206 0.802816 0.0409277 0.00387055 0.000325648
 0.916467 0.0173557 0.0627521 0.00310759 0.000318095
 0.853685 0.13823 0.00172519 0.00603049 0.000328586
 0.348902 0.582219 0.0651788 0.00079067 0.00290978
 0.92444 0.0326774 0.0384498 0.00419542 0.000237836
 0.841474 0.150524 0.00352657 0.0040131 0.000461843
 0.3712 0.553205 0.0718643 0.0016454 0.0020852
 0.887986 0.0498493 0.0548276 0.00697505 0.000361654
 0.744665 0.234719 0.0093044 0.00997799 0.00133331
 0.515305 0.397472 0.0804227 0.00307264 0.00372766
 0.955826 0.0279345 0.0133986 0.00262018 0.000221128
pobs_PELACES
 0 0 0 0 0
 0 0 0 0 0
 0 0 0 0 0
 0 0 0 0 0
 0 0 0 0 0
 0 0 0 0 0
 0 0 0 0 0
 0 0 0 0 0
 0 0 0 0 0
 0 0 0 0 0
 0 0 0 0 0
 0 0 0 0 0
 0 0 0 0 0
 0 0 0 0 0
 0 0 0 0 0
 0 0 0 0 0
 0.505614 0.472636 0.0217494 0 0
 0 0 0 0 0
 0.443492 0.261883 0.143347 0.151278 0
 0.227955 0.32914 0.350689 0.0885471 0.00366901
 0.970185 0.0296113 0.000203453 0 0
 0.997202 0.00247181 0.000326279 0 0
 0.445219 0.490057 0.0546422 0.010081 0
 0.90214 0.0892962 0.00764917 0.000914606 0
 0 0 0 0 0
 0.581667 0.319106 0.0959925 0.00289975 0.000334073
 0.762889 0.0836404 0.116647 0.0363945 0.000428098
 0.88444 0.0763242 0.0277011 0.0115352 0
 0.521256 0.241999 0.230069 0.00667565 0
 0.616807 0.101726 0.260614 0.0208532 0
 0.833518 0.0704572 0.0857862 0.0102388 0
 0.697417 0.212968 0.0787535 0.0105354 0.000325836
 0 0 0 0 0
ppred_PELACES
 0.0260861 0.138319 0.732238 0.103356 9.86894e-07
 0.0816794 0.051283 0.148268 0.633761 0.0850082
 0.975299 0.00458254 0.00144322 0.00333666 0.0153388
 0.402378 0.59171 0.00137151 0.000345099 0.00419531
 0.467144 0.321408 0.209865 0.000385649 0.00119727
 0.997052 0.00202371 0.000609369 0.000312713 2.21565e-06
 0.0562778 0.942372 0.000992164 0.000240009 0.000117827
 0.116186 0.0944255 0.7885 0.000662787 0.000226029
 0.967908 0.00760566 0.00317797 0.0212859 2.27163e-05
 0.438472 0.554535 0.00202704 0.000674245 0.00429263
 0.958409 0.0272662 0.0141903 4.07196e-05 9.35881e-05
 0.991679 0.00817481 0.000103563 4.24808e-05 3.78056e-07
 0.45599 0.541621 0.00235605 2.39662e-05 9.42092e-06
 0.510015 0.315717 0.173656 0.000603277 8.08896e-06
 0.986135 0.0103307 0.00247337 0.00105725 3.52885e-06
 0.949848 0.0498388 0.000247179 4.70449e-05 1.91558e-05
 0.214896 0.76553 0.0194773 7.6995e-05 1.95071e-05
 0.976715 0.00841176 0.0145761 0.000295718 1.38763e-06
 0.814653 0.183526 0.000756528 0.00104429 2.02108e-05
 0.810959 0.17068 0.0182218 5.97087e-05 7.97475e-05
 0.78186 0.196033 0.0203599 0.00173472 1.25131e-05
 0.872007 0.112554 0.0141662 0.00117682 9.59094e-05
 0.0950371 0.843531 0.0553794 0.00557678 0.000475401
 0.845417 0.0261527 0.121367 0.00639876 0.00066363
 0.772805 0.210521 0.00338386 0.0125953 0.000695354
 0.23265 0.665343 0.0961344 0.00124194 0.00463095
 0.865269 0.0499778 0.0754816 0.00876841 0.000503641
 0.750703 0.232716 0.00704601 0.00853955 0.000995763
 0.245028 0.641165 0.107802 0.00262899 0.00337576
 0.798034 0.0770108 0.10936 0.0148166 0.000778391
 0.639055 0.323258 0.0164134 0.0187371 0.00253679
 0.374283 0.487196 0.127003 0.00516697 0.00635131
 0.956541 0.0254892 0.0146677 0.00304222 0.000260084
pobs_pel_tallas
 0 0 0 0 0 0 0 0 0 0 0 0 0 0 0 0 0 0 0 0 0 0 0 0 0 0
 0 0 0 0 0 0 0 0 0 0 0 0 0 0 0 0 0 0 0 0 0 0 0 0 0 0
 0 0 0 0 0 0 0 0 0 0 0 0 0 0 0 0 0 0 0 0 0 0 0 0 0 0
 0 0 0 0 0 0 0 0 0 0 0 0 0 0 0 0 0 0 0 0 0 0 0 0 0 0
 0 0 0 0 0 0 0 0 0 0 0 0 0 0 0 0 0 0 0 0 0 0 0 0 0 0
 0 0 0 0 0 0 0 0 0 0 0 0 0 0 0 0 0 0 0 0 0 0 0 0 0 0
 0 0 0 0 0 0 0 0 0 0 0 0 0 0 0 0 0 0 0 0 0 0 0 0 0 0
 0 0 0 0 0 0 0 0 0 0 0 0 0 0 0 0 0 0 0 0 0 0 0 0 0 0
 0 0 0 0 0 0 0 0 0 0 0 0 0 0 0 0 0 0 0 0 0 0 0 0 0 0
 0 0 0 0 0 0 0 0 0 0 0 0 0 0 0 0 0 0 0 0 0 0 0 0 0 0
 0 0 0 0 0 0 0 0 0 0 0 0 0 0 0 0 0 0 0 0 0 0 0 0 0 0
 0 0 0 0 0 0 0 0 0 0 0 0 0 0 0 0 0 0 0 0 0 0 0 0 0 0
 0.00862536 0 0 0.000197151 0.00414017 0.0128641 0.00837892 0.0270097 0.101434 0.158115 0.152841 0.127902 0.109271 0.109419 0.0830992 0.0579132 0.0238553 0.00714673 0.00463305 0.00128148 0.00103504 0.000492878 0.000147863 0.000147863 4.92878e-05 0
 0 0 0 0 0 0 0 0 0 0 0 0 0 0 0 0 0 0 0 0 0 0 0 0 0 0
 0 0 0 0 0 0 0 0.0054083 0.00873648 0.0413646 0.0450493 0.0745869 0.0622846 0.0627006 0.0613931 0.0827291 0.12552 0.122667 0.0946155 0.0697135 0.0546179 0.0294188 0.0215738 0.0213955 0.0102223 0.00600262
 0 0 0 0 0.00359764 0.0251062 0.0480494 0.140153 0.205849 0.193036 0.1447 0.116669 0.0760912 0.0342217 0.00950174 0.001854 0.000860785 0 0 0 0.000165536 0 0.000143464 0 0 0
 0 0 0 0 0 0 0 0.000145254 0.000435761 0.0275982 0.070085 0.0708112 0.156366 0.174668 0.174014 0.160142 0.0824315 0.0480064 0.0283245 0.00493863 0.00203355 0 0 0 0 0
 0 0 0 0 0 0 0 0 0 0 0 0 0 0 0 0 0 0 0 0 0 0 0 0 0 0
 0 0 1.00437e-05 0.000401748 0.00122533 0.00171747 0.00176769 0.0269171 0.070346 0.194647 0.189555 0.159765 0.064822 0.0314167 0.0384472 0.0292271 0.0345202 0.0313363 0.0194345 0.0106764 0.0143323 0.0359363 0.0279516 0.0138201 0.00172751 0
 0 0.0021121 0.0136068 0.0755702 0.200478 0.177729 0.0527432 0.0373336 0.0318909 0.0142505 0.0149659 0.0166563 0.0217959 0.0798694 0.0677717 0.0528807 0.04013 0.0224614 0.0357745 0.0225083 0.00881397 0.00855152 0.00135912 0.000746735 0 0
 0 0 0 0 5.4009e-05 0.00500934 0.000945158 0.0243581 0.138947 0.33067 0.221406 0.137944 0.0707744 0.0437923 0.0131692 0.00525238 0.0047753 0.00276346 9.45158e-05 9.00151e-06 2.25038e-05 9.00151e-06 4.50075e-06 0 0 0
 0.000866109 0.00284123 0.00948549 0.0512746 0.133035 0.25785 0.225252 0.132002 0.0553304 0.0519788 0.0540692 0.017754 0.00435017 0.00159236 0.00146478 0.000404838 0.000125132 0.000115318 0.000107957 0.000100596 0 0 0 0 0 0
 0 0 0 0 0.00144013 0.00171154 0.00461396 0.0210425 0.0478622 0.0707936 0.0888783 0.103762 0.0637923 0.0337046 0.0602308 0.124433 0.169614 0.0934646 0.0462172 0.0250306 0.0313229 0.00938855 0.002487 0.000210481 0 0
 0 0.00764035 0.051015 0.0998891 0.058973 0.0496711 0.0374665 0.0718981 0.12319 0.153886 0.159021 0.0857701 0.0377988 0.023471 0.0147837 0.00900784 0.00315554 0.000888139 0.00291439 0.00214683 0.00393193 0.00274676 0.000635225 9.99891e-05 0 0
 0 0 0 0 0 0 0 0 0 0 0 0 0 0 0 0 0 0 0 0 0 0 0 0 0 0
 0 0 0 0 0 0 0 0 0 0 0 0 0 0 0 0 0 0 0 0 0 0 0 0 0 0
 0 0 0 0 0 0 0 0 0 0 0 0 0 0 0 0 0 0 0 0 0 0 0 0 0 0
 0 0 0 0 0 0 0 0 0 0 0 0 0 0 0 0 0 0 0 0 0 0 0 0 0 0
 0 0 0 0 0 0 0 0 0 0 0 0 0 0 0 0 0 0 0 0 0 0 0 0 0 0
 0 0 0 0 0 0 0 0 0 0 0 0 0 0 0 0 0 0 0 0 0 0 0 0 0 0
 0 0 0 0 0 0 0 0 0 0 0 0 0 0 0 0 0 0 0 0 0 0 0 0 0 0
 0 0 0 0 0 0 0 0 0 0 0 0 0 0 0 0 0 0 0 0 0 0 0 0 0 0
 0 0 0 0 0 0 0 0 0 0 0 0 0 0 0 0 0 0 0 0 0 0 0 0 0 0
ppred_pel_tallas
 1.31532e-16 2.14871e-06 2.08862e-05 0.000138797 0.00063096 0.00196323 0.0041834 0.0061088 0.00612327 0.00425462 0.00220565 0.00134567 0.0019876 0.00423812 0.00854277 0.0155059 0.025568 0.0388934 0.0554318 0.0748496 0.0960736 0.116694 0.132948 0.140792 0.137666 0.123832
 1.82235e-16 6.72784e-06 6.5397e-05 0.000434586 0.00197557 0.00614675 0.0130965 0.0191159 0.0191213 0.0131231 0.00623763 0.0022447 0.00113617 0.00168681 0.00336266 0.00631299 0.0109994 0.0181314 0.0287602 0.044206 0.0655485 0.0927108 0.123586 0.153852 0.177843 0.190296
 1.02974e-16 8.03341e-05 0.000780876 0.00518919 0.0235893 0.0733951 0.156376 0.228236 0.228236 0.156378 0.0734025 0.0236107 0.00524314 0.00089988 0.00031027 0.000397071 0.000593594 0.000816024 0.00104992 0.00131701 0.0016734 0.00218225 0.00286901 0.00368643 0.00451123 0.00517665
 1.00936e-16 3.31435e-05 0.000322167 0.00214091 0.00973231 0.0302811 0.0645193 0.0941797 0.0942366 0.0647972 0.031214 0.0124251 0.00889357 0.0150416 0.0279243 0.0459451 0.065791 0.081912 0.0886809 0.0835149 0.068469 0.0489626 0.0306934 0.0170902 0.00874685 0.00445287
 1.0638e-16 3.84781e-05 0.000374021 0.0024855 0.0112987 0.0351548 0.0749021 0.109328 0.10936 0.0750548 0.0356682 0.0127849 0.0062279 0.00858277 0.0157422 0.0262588 0.0385035 0.049822 0.0574619 0.0600336 0.0581594 0.0537291 0.0484569 0.0429851 0.0370912 0.0304963
 1.0005e-16 8.21259e-05 0.000798293 0.00530493 0.0241155 0.0750322 0.159864 0.233326 0.233326 0.159865 0.0750354 0.0241247 0.00532827 0.000849338 0.000179361 0.000167288 0.000234765 0.00029876 0.000336514 0.000339618 0.000314152 0.000275607 0.000238684 0.000209895 0.000187409 0.000165966
 1.00314e-16 4.63572e-06 4.5061e-05 0.00029945 0.00136131 0.00423604 0.00902868 0.0131966 0.0132872 0.00947133 0.00572171 0.00564962 0.0110531 0.0234852 0.0444182 0.0731533 0.104742 0.130374 0.141077 0.132723 0.108569 0.0772405 0.0478214 0.025801 0.012173 0.00506777
 1.22884e-16 9.5701e-06 9.30248e-05 0.000618183 0.00281018 0.00874356 0.0186294 0.0271924 0.0272027 0.0186803 0.0089178 0.00332862 0.00197662 0.00324682 0.00654899 0.0122395 0.0209389 0.0331823 0.0492287 0.0687242 0.0901437 0.110386 0.125155 0.130389 0.124106 0.107509
 1.02233e-16 7.97253e-05 0.000774958 0.00514987 0.0234106 0.0728389 0.155191 0.226506 0.226507 0.155195 0.0728512 0.0234461 0.00523977 0.000973425 0.000463538 0.00065938 0.000990645 0.00135639 0.00172368 0.00210428 0.00255196 0.00312188 0.00381205 0.00453084 0.00511731 0.00540478
 1.00995e-16 3.61164e-05 0.000351065 0.00233295 0.0106053 0.0329973 0.0703061 0.102625 0.102678 0.0705666 0.0338716 0.013129 0.00866168 0.0141466 0.0261774 0.0430646 0.0616703 0.076791 0.0831551 0.0783438 0.0642827 0.0460477 0.0289727 0.0162636 0.00847008 0.00445328
 1.00437e-16 7.89429e-05 0.000767353 0.00509933 0.0231808 0.0721242 0.153668 0.224284 0.224286 0.153681 0.0721676 0.0233065 0.00541553 0.00146004 0.00140157 0.00221046 0.0032188 0.00413444 0.00471398 0.00483906 0.00457093 0.00408808 0.00355975 0.00306155 0.00258409 0.00209734
 1.0001e-16 8.16833e-05 0.00079399 0.00527635 0.0239855 0.0746278 0.159002 0.232069 0.23207 0.159006 0.0746407 0.0240227 0.00536967 0.000997435 0.000467241 0.000640995 0.000910334 0.00113381 0.00122886 0.00115952 0.000953882 0.000686294 0.000434817 0.000246299 0.000128808 6.60031e-05
 1.00211e-16 3.75594e-05 0.000365091 0.00242616 0.011029 0.0343156 0.0731149 0.106724 0.106776 0.0733694 0.0351695 0.0134939 0.00860735 0.0138389 0.0255685 0.0420575 0.0602227 0.0749755 0.0811593 0.0764007 0.062568 0.0446096 0.0277341 0.0150873 0.00723665 0.00311226
 1.05154e-16 4.20093e-05 0.000408346 0.0027136 0.0123357 0.038381 0.0817759 0.119361 0.119391 0.0819256 0.0388843 0.0137919 0.00637812 0.00843844 0.0153812 0.0255908 0.0373889 0.0481049 0.054986 0.0566624 0.0538192 0.0484742 0.0425251 0.0367951 0.0311571 0.0252883
 1.00181e-16 8.12266e-05 0.000789552 0.00524685 0.0238514 0.0742106 0.158114 0.230772 0.230773 0.158118 0.074227 0.0238987 0.00536571 0.00104933 0.000575473 0.000825138 0.00118622 0.00150312 0.00167813 0.00166818 0.0015049 0.00127056 0.00104578 0.00087051 0.000741208 0.000633938
 1.00028e-16 7.82377e-05 0.000760498 0.00505378 0.0229738 0.0714799 0.152296 0.222281 0.222286 0.152319 0.0715585 0.0232006 0.00562258 0.00200038 0.00242766 0.0038756 0.00554249 0.00690047 0.00747067 0.0070346 0.00576423 0.00411476 0.00256519 0.00140449 0.00068435 0.000305872
 1.00769e-16 1.77009e-05 0.000172059 0.00114339 0.00519775 0.0161725 0.03446 0.0503108 0.0503844 0.0348197 0.01738 0.00868342 0.00988569 0.0192325 0.0361461 0.0595425 0.0853331 0.106383 0.11543 0.109122 0.0900595 0.0651568 0.0416691 0.0239477 0.012752 0.00659783
 1.00453e-16 8.04507e-05 0.00078201 0.00519673 0.0236236 0.0735017 0.156603 0.228567 0.228568 0.156607 0.0735155 0.0236635 0.00529793 0.0010062 0.000515718 0.000749903 0.00112954 0.00153841 0.00191351 0.00221941 0.00245145 0.00261334 0.00268927 0.00264148 0.00243825 0.00208655
 1.00177e-16 6.71019e-05 0.000652254 0.00433446 0.0197038 0.0613061 0.13062 0.190647 0.190665 0.130706 0.0615954 0.0205391 0.00642902 0.00521806 0.00871889 0.0142568 0.020411 0.0254151 0.0275205 0.0259251 0.0212637 0.0152133 0.00953653 0.0052938 0.00266959 0.0012935
 1.0059e-16 6.67976e-05 0.000649297 0.00431481 0.0196145 0.0610281 0.130027 0.189782 0.189799 0.130108 0.0612977 0.0203932 0.00626891 0.00491314 0.0081587 0.0133664 0.01921 0.0240739 0.0263555 0.0253083 0.0214804 0.0163433 0.0114228 0.00760755 0.00502954 0.00338149
 1.00814e-16 6.44008e-05 0.000625999 0.00415998 0.0189107 0.0588383 0.125362 0.182973 0.182992 0.125454 0.059148 0.0198051 0.0064043 0.00552308 0.00935806 0.0153507 0.0220637 0.0276522 0.0302786 0.0290888 0.0247161 0.0188534 0.0132528 0.00892933 0.00602389 0.004171
 1.00572e-16 7.18261e-05 0.000698175 0.00463962 0.021091 0.0656221 0.139815 0.204067 0.204078 0.139868 0.0658 0.0216048 0.00592912 0.00351247 0.00541461 0.00883211 0.0127021 0.0159425 0.0175 0.016885 0.0144559 0.0111722 0.00802323 0.00557594 0.00390284 0.00279633
 1.02454e-16 7.82826e-06 7.60935e-05 0.000505672 0.00229876 0.00715274 0.0152427 0.0222641 0.0223453 0.0156394 0.00848438 0.00614358 0.0101514 0.0211149 0.0399119 0.0658315 0.0945049 0.118149 0.128822 0.122845 0.103017 0.0767843 0.0519045 0.0329422 0.0206006 0.01326
 1.04264e-16 6.96359e-05 0.000676886 0.00449815 0.0204479 0.0636211 0.135552 0.197842 0.197845 0.135565 0.0636663 0.0205808 0.00484044 0.0014532 0.00162906 0.00280425 0.00454685 0.00678506 0.00945682 0.0124712 0.0156457 0.0186107 0.0208012 0.0216229 0.0207316 0.0182373
 1.01533e-16 6.36549e-05 0.000618749 0.0041118 0.0186917 0.0581568 0.12391 0.180855 0.180875 0.124009 0.0584889 0.0196504 0.00651644 0.00586206 0.0100041 0.0163927 0.0235037 0.0293419 0.0319282 0.0303682 0.0254048 0.018951 0.012983 0.00863735 0.00602891 0.00464717
 1.03853e-16 1.91632e-05 0.000186273 0.00123785 0.00562715 0.0175085 0.037306 0.0544627 0.0545268 0.0376194 0.0185605 0.00866566 0.00886459 0.0168342 0.0316323 0.0522516 0.0752345 0.0945264 0.103941 0.100584 0.0865433 0.0674377 0.0490472 0.0346699 0.0247186 0.0179943
 1.03156e-16 7.1271e-05 0.00069278 0.00460377 0.0209281 0.065115 0.138735 0.202488 0.202493 0.138759 0.0651963 0.0211642 0.00520179 0.00201548 0.00263374 0.00437269 0.00659791 0.0089337 0.0110278 0.0126861 0.0139199 0.0148085 0.0153135 0.0152353 0.0143587 0.0126493
 1.01288e-16 6.18345e-05 0.000601053 0.00399421 0.0181571 0.0564936 0.120366 0.175683 0.175705 0.120476 0.0568608 0.0192171 0.00665305 0.00639903 0.0110549 0.0181302 0.0260001 0.0324648 0.0353325 0.0336038 0.028084 0.020871 0.0141413 0.00916102 0.00608757 0.00440016
 1.0411e-16 2.01827e-05 0.000196183 0.00130371 0.00592652 0.0184399 0.0392905 0.0573586 0.0574204 0.0395926 0.0194542 0.00885635 0.00865878 0.0162549 0.0305254 0.0504489 0.0727049 0.0914854 0.100852 0.0980171 0.0849571 0.0670081 0.0496365 0.0359273 0.0262347 0.0194292
 1.04794e-16 6.57331e-05 0.000638949 0.00424604 0.0193019 0.0600554 0.127955 0.186755 0.186763 0.127992 0.0601804 0.019665 0.00516518 0.00267038 0.00399687 0.00669421 0.0100809 0.0136024 0.0167108 0.0191095 0.0208342 0.0220423 0.0227172 0.0225846 0.0213215 0.0188529
 1.02865e-16 5.26382e-05 0.000511662 0.00340017 0.0154567 0.0480917 0.102466 0.149558 0.149589 0.102618 0.048602 0.0169301 0.00709655 0.00857436 0.0153463 0.0252386 0.0362405 0.0453453 0.0495347 0.0474385 0.0401736 0.0306237 0.0217505 0.0152328 0.0112123 0.00891642
 1.05383e-16 3.08293e-05 0.000299672 0.00199143 0.00905276 0.0281667 0.060014 0.087602 0.0876491 0.0602439 0.028939 0.0112842 0.00759681 0.0125496 0.0233343 0.0386273 0.05587 0.0707267 0.0787627 0.0778774 0.0694823 0.057412 0.0455144 0.035841 0.0284939 0.0226379
 1.0078e-16 7.8789e-05 0.000765857 0.00508939 0.0231356 0.0719835 0.153369 0.223847 0.223849 0.153381 0.0720242 0.0232534 0.00538577 0.00141572 0.00132141 0.00208185 0.0030427 0.00393349 0.00453437 0.00474149 0.0046142 0.0043128 0.00397859 0.00365693 0.00331161 0.00289333
pSPR Fmed_Fpbrs
1   0.984024 0.6 0.325 0.984024 0.984024 0.984024
Fs Fmed_Fpbrs
0   0.01 0.363638 0.944822 0.01 0.01 0.01
SSBpbr Bo_Bmed_Bpbrs
253477  240803  236754 139412 69706.2 236754 236754 236754
Ro
47021
SPR SPRFo_SPRFmed_SPRFpbrs
338755 338755 333343
Fref
0
Nvult_r0
 46735.8 4062.9 2231.56 439.713 37.1241
CTP_r0
 31956.4 3322.39 1843.84 363.515 30.6918
YTP_r0
355775
Np
 48801.6 17953.1 6604.58 2429.69 1222.66
Nvult_p0
 30848.5 11348.5 4174.89 1535.86 772.865
CTP_p0
 0 0 0 0 0
 0 0 0 0 0
 0 0 0 0 0
 0 0 0 0 0
 0 0 0 0 0
 0 0 0 0 0
YTP_p0
 0 0 0 0 0 0
CBA_c0
0
log_Ro
10.5783
likeval ReclasPelacesDesembMPH_pf_preclas_ppelaces_ptallas_desvR_qrecl_qpela
 0.000653368 16.6904 0.307529 43.758 328.846 151.261 137.237 0 109.074 0.000104259 0.00032049 0.0175152 2064.92 0 0
q_reclas_q_pelaces
4.23768 12.5756
M
1
N
 6060.4 16809.1 68959.7 9140.09 0.0861354
 3863.56 1910.37 4487.88 18061 2391.3
 208737 769.914 196.951 428.698 1945.3
 31133.2 41746.2 79.9698 18.9629 227.564
 4405.54 5264.26 3060.76 5.32268 16.3156
 283234 361.828 86.2612 41.6173 0.29104
 4960.41 72560.3 62.8236 14.318 6.93859
 1575.56 880.045 5877.9 4.64767 1.56445
 57662.9 365.736 124.529 785.424 0.82739
 6132.53 11177.8 35.6061 11.1945 70.3649
 14641 620.766 282.626 0.766729 1.73985
 243784 1427.41 14.5191 5.60348 0.0492224
 75504.1 54538.8 187.089 1.78879 0.69402
 13126 20102.9 10257.7 33.8003 0.447531
 70705.8 725.097 144.658 58.2997 0.192093
 239017 11041.3 45.073 8.08267 3.24874
 13664.1 42036.4 878.374 3.2711 0.81808
 327900 2455.6 3497.4 66.8471 0.309635
 262809 58474.6 201.061 261.687 4.99961
 224692 40633.4 3560.6 10.991 14.4906
 209006 40609.4 3420.7 274.375 1.9536
 409431 42409.1 4346.58 340.001 27.3522
 13367 79887.2 4185.04 396.385 33.3524
 141790 3174.95 11855.9 588.183 60.2126
 169620 31056.2 398.245 1394.19 75.9721
 22003.7 40370.6 4628.52 56.2225 206.922
 132076 5517.54 6704.72 732.899 41.5517
 149722 28954.6 693.38 790.007 90.923
 24526 38739.6 5132.09 117.633 149.084
 107173 6584.55 7412.96 944.292 48.9646
 70801.1 27105 1113.14 1196.09 159.845
 16993 14751.9 3065.16 117.282 142.295
 48801.6 4079.8 2238.64 441.088 37.2401
pred_Ctot
 555.312 2990.8 12907.9 1715.54 0.0161694
 1175.78 959.304 2330.68 9396.45 1244.22
 63235.6 385.283 101.94 222.29 1008.78
 11314 23880.1 47.0987 11.1857 134.244
 2425.87 3918.55 2316.68 4.03225 12.3606
 55977.4 128.227 31.8828 15.4169 0.107827
 1720.78 40149.7 35.8347 8.1802 3.96453
 381.437 369.148 2562.35 2.03023 0.68347
 18152.3 188.407 66.2906 418.838 0.441257
 3105.31 7932.59 25.7622 8.10783 50.966
 7537.57 444.817 206.367 0.560403 1.27172
 62860.2 629.936 6.65065 2.57187 0.0225943
 13536 17779.5 63.7049 0.610522 0.236901
 8118.93 15913.4 8226.66 27.1264 0.359178
 27533.1 435.237 89.2298 36.0132 0.11867
 83642.7 6148.03 25.8662 4.64587 1.86752
 4678.29 23039.8 496.452 1.85184 0.463171
 113156 1353.63 1987.67 38.0528 0.176275
 103164 35292.5 124.676 162.503 3.10489
 76477.9 22175.7 2004.14 6.19665 8.17041
 62147.7 20035 1746.28 140.326 0.999239
 127883 21718.6 2300.68 180.282 14.5046
 3101.9 32371.6 1763.81 167.412 14.0878
 37813.3 1439.16 5574.2 277.084 28.3681
 39208.8 12544.4 167.32 587.002 31.9903
 4567.97 14913.6 1781.86 21.6923 79.8458
 35173.4 2498.27 3148.92 344.886 19.5553
 28889.6 10054 251.201 286.861 33.0192
 4297.85 12382.5 1713.95 39.3786 49.9131
 21824.9 2393.33 2808.81 358.597 18.5966
 20314.9 13010.5 553.327 595.674 79.6132
 3862.47 5876.73 1270.49 48.7161 59.1126
 31956.4 3322.39 1843.84 363.515 30.6918
F
 0.15448 0.320542 0.339765 0.34084 0.340897
 0.613066 1.2721 1.34838 1.35265 1.35288
 0.609469 1.26463 1.34047 1.34472 1.34494
 0.777332 1.61294 1.70967 1.71509 1.71537
 1.49945 3.11132 3.2979 3.30834 3.3089
 0.361854 0.750838 0.795866 0.798386 0.798519
 0.729271 1.51322 1.60397 1.60904 1.60931
 0.460456 0.955434 1.01273 1.01594 1.01611
 0.640682 1.3294 1.40912 1.41358 1.41382
 1.29041 2.67756 2.83814 2.84712 2.8476
 1.32796 2.75549 2.92074 2.92999 2.93047
 0.497371 1.03203 1.09392 1.09739 1.09757
 0.323322 0.670885 0.711118 0.713369 0.713488
 1.89605 3.93425 4.17019 4.18339 4.18409
 0.856889 1.77802 1.88465 1.89062 1.89093
 0.737997 1.53132 1.62316 1.6283 1.62857
 0.716403 1.48652 1.57566 1.58065 1.58092
 0.724115 1.50252 1.59262 1.59767 1.59793
 0.866838 1.79866 1.90653 1.91257 1.91289
 0.71073 1.47475 1.56319 1.56814 1.5684
 0.595001 1.23461 1.30865 1.3128 1.31301
 0.634152 1.31585 1.39476 1.39917 1.39941
 0.437496 0.907792 0.962233 0.96528 0.965441
 0.518551 1.07598 1.14051 1.14412 1.14431
 0.435458 0.903562 0.957749 0.960782 0.960942
 0.383278 0.795291 0.842985 0.845654 0.845795
 0.51765 1.07411 1.13852 1.14213 1.14232
 0.351916 0.730216 0.774007 0.776458 0.776587
 0.315008 0.653633 0.692832 0.695026 0.695141
 0.374722 0.777538 0.824168 0.826777 0.826915
 0.568499 1.17962 1.25036 1.25432 1.25453
 0.426755 0.885505 0.93861 0.941581 0.941738
 2.16223 4.48657 4.75563 4.77069 4.77149
YTP_r0W_actual
 240951 57975.6 44381.2 11385.3 1081.88
YTP_p0W_proyectada
 0 0 0 0 0
 0 0 0 0 0
 0 0 0 0 0
 0 0 0 0 0
 0 0 0 0 0
 0 0 0 0 0
CTP_r0_actual
 31956.4 3322.39 1843.84 363.515 30.6918
CTP_p0_proyectada
 0 0 0 0 0
 0 0 0 0 0
 0 0 0 0 0
 0 0 0 0 0
 0 0 0 0 0
 0 0 0 0 0
Wmedp
 7.54 17.45 24.07 31.32 35.25
Frms_r0
 2.16223 4.48657 4.75563 4.77069 4.77149
Zrms_r0
 3.16223 5.48657 5.75563 5.77069 5.77149
nmprior
 7.29 8.9 8.7 0
nm_flota  nm_reclas  nm_pelaces    nm_pelaL
inf 9.80769 3.70311 6.25163
cv_recla  cv_pelaces  cv_mph
0.737885 0.447532 0.530379
 ------------------------------------------------
Talla a la edad & desviaci?n 
 8 13.2811 15.8009 17.003 17.5766
 0.8 1.32811 1.58009 1.7003 1.75766
