years
 1991 1992 1993 1994 1995 1996 1997 1998 1999 2000 2001 2002 2003 2004 2005 2006 2007 2008 2009 2010 2011 2012 2013 2014 2015 2016 2017 2018 2019 2020 2021 2022 2023
reclasobs
 0 0 0 0 0 0 0 0 0 252601 567819 844713 477998 351125 339783 2.1784e+06 2.13404e+06 4.81314e+06 1.55562e+06 2.62356e+06 3.21686e+06 3.843e+06 1.13348e+06 3.07943e+06 1.97215e+06 2.03268e+06 2.025e+06 2.42433e+06 2.27542e+06 1.05018e+06 2.36338e+06 3.18982e+06 1.53035e+06
reclaspred
 3.36486e+06 1.88385e+06 1.00213e+06 1.18879e+06 1.35901e+06 2.3218e+06 1.76706e+06 1.8177e+06 1.47838e+06 1.16065e+06 900322 819613 565043 240776 663516 999070 917691 1.62573e+06 1.64614e+06 1.56152e+06 3.06738e+06 2.68564e+06 2.31862e+06 3.31664e+06 2.61601e+06 2.3627e+06 2.7433e+06 2.95346e+06 2.60504e+06 1.95394e+06 1.62052e+06 1.50767e+06 1.71036e+06
pelacesobs
 0 0 0 0 0 0 0 0 0 0 0 0 0 0 0 552880 188675 0 991730 2.46772e+06 1.41603e+06 1.21717e+06 2.29649e+06 1.80582e+06 0 1.4828e+06 1.56532e+06 1.57751e+06 1.42118e+06 867257 1.10002e+06 1.06204e+06 0
pelacespred
 1.93146e+06 1.21037e+06 639245 623287 729200 1.32007e+06 986543 1.16413e+06 964576 735968 595635 447956 320611 125045 407633 503187 454020 894790 944632 804603 1.63942e+06 1.55143e+06 1.3429e+06 2.09179e+06 1.59567e+06 1.42731e+06 1.90528e+06 1.85216e+06 1.46432e+06 1.26243e+06 952667 874215 991025
mphobs
 0 0 0 0 0 0 0 0 0 0 0 0 498337 0 5186 125008 0 168611 109162 213762 579715 649985 157893 87575 83554 210694 70296 0 107559 103333 445601 22526 28222
mphpred
 713457 476725 238108 140914 189562 238349 353953 280703 264381 220296 153077 143346 117138 60413.5 20463.1 90822.9 151754 137113 199209 316242 439614 579372 107592 98119.1 132249 110719 96523.5 104371 143321 114053 73584.2 67431.7 44519.4
desembarqueobs
 494567 514787 250237 358949 120608 361735 552515 73892 212993 205616 52469 317467 293654 387597 252695 516296 358380 742168 942051 627588 828172 859565 418607 520667 417249 300574 415391 372974 316634 284311 391294 218835 356480
desembarquepred
 494569 513166 251106 358973 120611 361746 552537 73893.8 213009 205637 52471.6 317550 293892 388250 252689 516295 358407 742044 941689 627417 828256 859594 418629 520723 417249 300591 415413 372974 316625 284298 391347 218855 356494
Reclutas
 220754 114814 159101 292554 270010 462908 218741 123125 121398 127179 154224 135841 75987 39341.2 170563 363057 94141.7 475509 493773 426770 571538 791102 188357 459265 463730 186448 428446 502788 198124 173357 187755 109375 345466
log_desv_Rt
 -0.0175207 -0.671252 -0.345033 0.26408 0.183891 0.722958 -0.0266813 -0.601369 -0.615494 -0.56897 -0.376165 -0.503086 -1.08401 -1.7423 -0.275464 0.47999 -0.869767 0.749817 0.787508 0.641677 0.933762 1.25886 -0.176227 0.715058 0.724734 -0.186417 0.645595 0.8056 -0.125674 -0.259214 -0.179433 -0.719784 0.430326
SSB
 4.02214e+06 2.68755e+06 1.34235e+06 794410 1.06866e+06 1.3437e+06 1.99542e+06 1.58247e+06 1.49046e+06 1.24192e+06 862976 808117 632890 333004 112004 496531 855517 772978 1.15835e+06 1.15852e+06 1.64725e+06 2.26059e+06 2.34093e+06 2.06397e+06 2.62482e+06 2.32001e+06 1.91634e+06 2.00203e+06 2.84085e+06 2.13931e+06 1.55516e+06 1.46275e+06 896486
BT
 5.33549e+06 3.59061e+06 1.87998e+06 1.88259e+06 1.94479e+06 3.65207e+06 3.00541e+06 3.01238e+06 2.65836e+06 2.06398e+06 1.561e+06 1.41946e+06 1.09027e+06 725198 1.28463e+06 1.72399e+06 1.44243e+06 2.92769e+06 3.3108e+06 2.59711e+06 4.81391e+06 4.75879e+06 3.77242e+06 5.78883e+06 4.44719e+06 3.88722e+06 5.25882e+06 5.06245e+06 3.97845e+06 3.47771e+06 2.78912e+06 2.40556e+06 2.83345e+06
Ftot
 0.11316 0.204542 0.197803 0.289743 0.0802703 0.15441 0.256729 0.0351538 0.126804 0.148665 0.053289 0.32985 0.426392 1.27487 0.489689 0.562095 0.332107 0.481517 0.570199 0.394059 0.26269 0.305086 0.150189 0.155478 0.141934 0.10744 0.150167 0.131274 0.0969896 0.121095 0.215502 0.121409 0.219371
BD_Bspro_t
 0.982176 0.875082 0.743379 0.687469 0.720556 0.79518 0.80656 0.73008 0.786005 0.787019 0.773091 0.817095 0.676109 0.46741 0.246981 0.563297 0.58597 0.543252 0.578104 0.540507 0.572225 0.642591 0.679898 0.689591 0.765041 0.785342 0.790344 0.813609 0.851889 0.816743 0.781716 0.758475 0.752668
BD_Bspro
 2.48511 1.66052 0.829378 0.490832 0.66028 0.830217 1.23289 0.977742 0.92089 0.767333 0.533196 0.499301 0.391036 0.205749 0.0692025 0.306786 0.528588 0.47759 0.715696 0.715801 1.01776 1.39672 1.44636 1.27524 1.62177 1.43344 1.18402 1.23697 1.75524 1.32179 0.960868 0.90377 0.5539
BD_Bo
 2.48068 1.65756 0.827899 0.489957 0.659103 0.828737 1.23069 0.975999 0.919249 0.765965 0.532246 0.498411 0.390339 0.205382 0.0690791 0.306239 0.527645 0.476739 0.71442 0.714525 1.01595 1.39423 1.44378 1.27296 1.61888 1.43088 1.18191 1.23476 1.75211 1.31943 0.959155 0.902159 0.552913
BD_Brms
 2.65719 1.7755 0.886807 0.524819 0.706 0.887704 1.31826 1.04544 0.984656 0.820465 0.570116 0.533874 0.418112 0.219996 0.0739943 0.328028 0.565189 0.51066 0.765253 0.765365 1.08824 1.49343 1.54651 1.36354 1.73406 1.53269 1.26601 1.32262 1.87678 1.41332 1.0274 0.96635 0.592254
Sel_flota
 0.493341 0.948719 0.997163 0.99985 0.999992
 0.493341 0.948719 0.997163 0.99985 0.999992
 0.493341 0.948719 0.997163 0.99985 0.999992
 0.493341 0.948719 0.997163 0.99985 0.999992
 0.493341 0.948719 0.997163 0.99985 0.999992
 0.493341 0.948719 0.997163 0.99985 0.999992
 0.493341 0.948719 0.997163 0.99985 0.999992
 0.493341 0.948719 0.997163 0.99985 0.999992
 0.493341 0.948719 0.997163 0.99985 0.999992
 0.493341 0.948719 0.997163 0.99985 0.999992
 0.493341 0.948719 0.997163 0.99985 0.999992
 0.493341 0.948719 0.997163 0.99985 0.999992
 0.493341 0.948719 0.997163 0.99985 0.999992
 0.493341 0.948719 0.997163 0.99985 0.999992
 0.493341 0.948719 0.997163 0.99985 0.999992
 0.493341 0.948719 0.997163 0.99985 0.999992
 0.493341 0.948719 0.997163 0.99985 0.999992
 0.493341 0.948719 0.997163 0.99985 0.999992
 0.493341 0.948719 0.997163 0.99985 0.999992
 0.493341 0.948719 0.997163 0.99985 0.999992
 0.493341 0.948719 0.997163 0.99985 0.999992
 0.493341 0.948719 0.997163 0.99985 0.999992
 0.493341 0.948719 0.997163 0.99985 0.999992
 0.493341 0.948719 0.997163 0.99985 0.999992
 0.493341 0.948719 0.997163 0.99985 0.999992
 0.493341 0.948719 0.997163 0.99985 0.999992
 0.493341 0.948719 0.997163 0.99985 0.999992
 0.493341 0.948719 0.997163 0.99985 0.999992
 0.493341 0.948719 0.997163 0.99985 0.999992
 0.493341 0.948719 0.997163 0.99985 0.999992
 0.493341 0.948719 0.997163 0.99985 0.999992
 0.493341 0.948719 0.997163 0.99985 0.999992
 0.493341 0.948719 0.997163 0.99985 0.999992
Sel_reclas
 1 1 1 1 1
 1 1 1 1 1
 1 1 1 1 1
 1 1 1 1 1
 1 1 1 1 1
 1 1 1 1 1
 1 1 1 1 1
 1 1 1 1 1
 1 1 1 1 1
 1 1 1 1 1
 1 1 1 1 1
 1 1 1 1 1
 1 1 1 1 1
 1 1 1 1 1
 1 1 1 1 1
 1 1 1 1 1
 1 1 1 1 1
 1 1 1 1 1
 1 1 1 1 1
 1 1 1 1 1
 1 1 1 1 1
 1 1 1 1 1
 1 1 1 1 1
 1 1 1 1 1
 1 1 1 1 1
 1 1 1 1 1
 1 1 1 1 1
 1 1 1 1 1
 1 1 1 1 1
 1 1 1 1 1
 1 1 1 1 1
 1 1 1 1 1
 1 1 1 1 1
Sel_pelaces
 1 1 1 1 1
 1 1 1 1 1
 1 1 1 1 1
 1 1 1 1 1
 1 1 1 1 1
 1 1 1 1 1
 1 1 1 1 1
 1 1 1 1 1
 1 1 1 1 1
 1 1 1 1 1
 1 1 1 1 1
 1 1 1 1 1
 1 1 1 1 1
 1 1 1 1 1
 1 1 1 1 1
 1 1 1 1 1
 1 1 1 1 1
 1 1 1 1 1
 1 1 1 1 1
 1 1 1 1 1
 1 1 1 1 1
 1 1 1 1 1
 1 1 1 1 1
 1 1 1 1 1
 1 1 1 1 1
 1 1 1 1 1
 1 1 1 1 1
 1 1 1 1 1
 1 1 1 1 1
 1 1 1 1 1
 1 1 1 1 1
 1 1 1 1 1
 1 1 1 1 1
pf_obs 
 0.8446 0.082 0.0669 0.0065 0
 0.8095 0.147 0.0364 0.0071 0
 0.9664 0.0169 0.016 0.0007 0
 0.9276 0.0648 0.0075 0.0001 0
 0.7033 0.2144 0.0806 0.0017 0
 0.9318 0.0425 0.0243 0.0014 0
 0.5671 0.3108 0.0964 0.0239 0.0018
 0.0768 0.2599 0.5324 0.112 0.0189
 0.490249 0.384438 0.106611 0.0170017 0.00170017
 0.7925 0.1577 0.0466 0.003 0.0002
 0.840416 0.127587 0.0312969 0.00059994 9.999e-05
 0.8084 0.0986 0.0794 0.0134 0.0002
 0.7335 0.1905 0.0724 0.0035 0.0001
 0.4001 0.4547 0.1325 0.0127 0
 0.49795 0.308269 0.164784 0.0264974 0.00249975
 0.9179 0.0499 0.0305 0.0017 0
 0.2467 0.6533 0.0926 0.0074 0
 0.9418 0.0223 0.034 0.0019 0
 0.707729 0.231977 0.0356964 0.0245975 0
 0.517169 0.277429 0.184464 0.0207286 0.00020938
 0.811772 0.124168 0.05621 0.00726502 0.000585176
 0.764997 0.148141 0.077277 0.00933861 0.000247198
 0.163321 0.427699 0.378323 0.0303852 0.000271297
 0.753843 0.0900009 0.118128 0.0371064 0.000921714
 0.721811 0.176058 0.0630433 0.0369309 0.00215725
 0.143369 0.312575 0.442814 0.0836902 0.0175525
 0.692698 0.0596174 0.167031 0.0765114 0.00414204
 0.394062 0.376323 0.152708 0.0712218 0.00568511
 0.125707 0.32114 0.495352 0.0537591 0.00404204
 0.23352 0.215282 0.420074 0.123614 0.00750983
 0.796117 0.104755 0.0508955 0.0450114 0.00322123
 0.162477 0.292055 0.404252 0.121198 0.0200186
 0 0 0 0 0
pf_pred 
 0.315822 0.115548 0.540919 0.02771 1.0308e-06
 0.277978 0.344297 0.0665259 0.296073 0.0151262
 0.494213 0.219886 0.140304 0.0257041 0.119893
 0.666568 0.220603 0.0505723 0.030599 0.0316577
 0.550534 0.360299 0.0601291 0.0130379 0.0160003
 0.644519 0.248383 0.0866978 0.013769 0.00663112
 0.370595 0.490445 0.0986103 0.0326814 0.00766803
 0.328922 0.361805 0.243899 0.0464318 0.0189421
 0.411378 0.283294 0.168309 0.108116 0.0289023
 0.48315 0.298101 0.108131 0.0610536 0.0495645
 0.546053 0.29307 0.0948563 0.0326822 0.0333385
 0.485648 0.357822 0.102837 0.0316939 0.0219992
 0.398563 0.39681 0.144852 0.0393136 0.0204612
 0.393653 0.355864 0.168706 0.0579457 0.0238314
 0.889914 0.0709634 0.0238147 0.010327 0.004981
 0.800036 0.189156 0.00712325 0.002246 0.00143873
 0.315313 0.613725 0.0673582 0.00237824 0.00122582
 0.815884 0.0890341 0.0857241 0.00888389 0.000473834
 0.650932 0.316336 0.0163387 0.0147841 0.00160838
 0.582293 0.335085 0.0753297 0.00364674 0.00364576
 0.641907 0.266038 0.0746983 0.0158296 0.00152737
 0.64815 0.275245 0.0577148 0.0153366 0.00355291
 0.240737 0.598357 0.12741 0.0252555 0.00824038
 0.592044 0.154956 0.201556 0.0407595 0.0106853
 0.539854 0.341154 0.0466725 0.0576471 0.0146721
 0.301414 0.484624 0.160779 0.0208957 0.0322871
 0.614625 0.174497 0.148555 0.0468647 0.0154584
 0.581215 0.317476 0.0471913 0.0381561 0.0159623
 0.305662 0.505063 0.145284 0.0205223 0.0234687
 0.377279 0.284268 0.249552 0.0682828 0.020618
 0.47813 0.282718 0.112236 0.0936479 0.0332684
 0.377083 0.402496 0.122416 0.0460667 0.0519388
 0.726897 0.147256 0.0828026 0.0239358 0.0191086
pobs_RECLAS
 0 0 0 0 0
 0 0 0 0 0
 0 0 0 0 0
 0 0 0 0 0
 0 0 0 0 0
 0 0 0 0 0
 0 0 0 0 0
 0 0 0 0 0
 0 0 0 0 0
 0 0 0 0 0
 0.991045 0.00858322 0.000360255 1.14367e-05 0
 0.934742 0.0480273 0.0164251 0.00080598 0
 0.827803 0.169806 0.00239088 0 0
 0.941827 0.0461693 0.0120037 0 0
 0.791401 0.0380133 0.147996 0.0225897 0
 0.846168 0.0940531 0.0597789 0 0
 0.134021 0.677848 0.182769 0.00536245 0
 0.80878 0.0450904 0.141981 0.00414843 0
 0.846168 0.0940531 0.0597789 0 0
 0.905697 0.0802665 0.012482 0.00150086 5.37128e-05
 0.989698 0.0102097 9.19794e-05 0 0
 0.975433 0.0193895 0.00387452 0.00125025 5.28907e-05
 0.303575 0.632131 0.0575291 0.00676475 0
 0.966965 0.00978017 0.0227588 0.000495775 0
 0.843318 0.132988 0.00938335 0.0141283 0.000182051
 0.564624 0.303363 0.111486 0.0197234 0.00080311
 0.826376 0.0876187 0.0782897 0.00655872 0.00115652
 0.89761 0.0855135 0.0140674 0.00269457 0.000114338
 0.34875 0.467042 0.161289 0.0227151 0.000203297
 0.318654 0.224769 0.449479 0.00709798 0
 0.937255 0.0296025 0.0250945 0.00804832 0
 0.456809 0.399803 0.12412 0.0192676 0
 0.883104 0.0372192 0.0704036 0.00927362 0
ppred_RECLAS
 0.481799 0.0912465 0.406202 0.0207523 7.71862e-07
 0.43426 0.277266 0.050922 0.226007 0.0115449
 0.661128 0.151681 0.0919966 0.0168079 0.0783863
 0.798535 0.135654 0.0295443 0.0178264 0.0184405
 0.70471 0.23907 0.0379463 0.00820567 0.0100687
 0.780816 0.155479 0.0515972 0.00817215 0.00393511
 0.536623 0.365148 0.0697629 0.023057 0.00540908
 0.491291 0.280638 0.179966 0.0341684 0.0139372
 0.581084 0.207018 0.116951 0.0749214 0.0200256
 0.648908 0.206926 0.0713642 0.0401844 0.0326177
 0.702357 0.195617 0.0602251 0.0206942 0.0211068
 0.651873 0.246012 0.0671531 0.0206387 0.0143235
 0.569729 0.288954 0.10012 0.0270963 0.0141005
 0.582832 0.251026 0.112022 0.03835 0.0157695
 0.941967 0.0381183 0.0121365 0.00524785 0.00253081
 0.888183 0.106076 0.00378773 0.00119086 0.000762719
 0.474767 0.473267 0.0493339 0.001737 0.000895172
 0.89966 0.0498468 0.0455363 0.00470568 0.000250946
 0.787783 0.193282 0.00946539 0.00854006 0.000928945
 0.733979 0.21557 0.0460093 0.00222107 0.00222015
 0.779399 0.166039 0.044298 0.00936143 0.000903141
 0.784099 0.170781 0.0340175 0.00901439 0.002088
 0.38274 0.491634 0.0995316 0.0196756 0.00641885
 0.743478 0.10054 0.124334 0.0250749 0.00657254
 0.696927 0.22769 0.0296175 0.0364822 0.00928394
 0.458343 0.381566 0.120382 0.0156031 0.0241056
 0.760358 0.111562 0.0903009 0.0284096 0.00936959
 0.730925 0.206507 0.0291879 0.0235354 0.00984442
 0.462796 0.396119 0.108364 0.0152657 0.0174549
 0.54615 0.212941 0.177758 0.0485064 0.0146444
 0.645485 0.196647 0.0741982 0.0617397 0.0219299
 0.543596 0.300245 0.0868341 0.032588 0.0367368
 0.841018 0.0877646 0.0469035 0.0135212 0.0107928
pobs_PELACES
 0 0 0 0 0
 0 0 0 0 0
 0 0 0 0 0
 0 0 0 0 0
 0 0 0 0 0
 0 0 0 0 0
 0 0 0 0 0
 0 0 0 0 0
 0 0 0 0 0
 0 0 0 0 0
 0 0 0 0 0
 0 0 0 0 0
 0 0 0 0 0
 0 0 0 0 0
 0 0 0 0 0
 0 0 0 0 0
 0.505614 0.472636 0.0217494 0 0
 0 0 0 0 0
 0.443492 0.261883 0.143347 0.151278 0
 0.227955 0.32914 0.350689 0.0885471 0.00366901
 0.970185 0.0296113 0.000203453 0 0
 0.997202 0.00247181 0.000326279 0 0
 0.445219 0.490057 0.0546422 0.010081 0
 0.90214 0.0892962 0.00764917 0.000914606 0
 0 0 0 0 0
 0.581667 0.319106 0.0959925 0.00289975 0.000334073
 0.762889 0.0836404 0.116647 0.0363945 0.000428098
 0.88444 0.0763242 0.0277011 0.0115352 0
 0.521256 0.241999 0.230069 0.00667565 0
 0.616807 0.101726 0.260614 0.0208532 0
 0.833518 0.0704572 0.0857862 0.0102388 0
 0.697417 0.212968 0.0787535 0.0105354 0.000325836
 0 0 0 0 0
ppred_PELACES
 0.486419 0.0905682 0.402454 0.0205587 7.64659e-07
 0.442256 0.273824 0.0501257 0.222432 0.0113622
 0.668154 0.148804 0.0899663 0.0164341 0.0766423
 0.805692 0.131039 0.0284071 0.0171358 0.0177259
 0.707265 0.23706 0.037579 0.00812566 0.00997052
 0.784884 0.152705 0.0505514 0.00800541 0.00385479
 0.54642 0.357744 0.0680682 0.0224918 0.00527642
 0.492675 0.279946 0.179421 0.0340639 0.0138945
 0.58597 0.204818 0.115474 0.0739669 0.0197704
 0.654208 0.204007 0.0701905 0.0395183 0.0320768
 0.70409 0.194536 0.0598412 0.0205613 0.0209712
 0.663387 0.23825 0.0646923 0.0198766 0.0137944
 0.585913 0.278718 0.0959169 0.0259491 0.0135032
 0.630464 0.224198 0.0980319 0.0335226 0.0137836
 0.946001 0.0355656 0.0112354 0.00485613 0.00234185
 0.896344 0.0983797 0.00348149 0.00109403 0.000700684
 0.487356 0.462166 0.0479216 0.00168678 0.000869277
 0.906337 0.0467114 0.0423448 0.00437401 0.000233253
 0.801888 0.180587 0.00876341 0.00790271 0.000859594
 0.745608 0.206394 0.0437742 0.00211244 0.00211152
 0.786287 0.161022 0.0427797 0.00903846 0.000871973
 0.79193 0.164757 0.0326579 0.00865177 0.00200397
 0.388204 0.487523 0.0984627 0.0194617 0.00634903
 0.748197 0.0988418 0.12193 0.0245867 0.00644453
 0.701535 0.224359 0.029118 0.0358624 0.00912617
 0.462482 0.378845 0.119318 0.0154638 0.0238903
 0.76468 0.109693 0.0885749 0.0278629 0.00918922
 0.734885 0.20357 0.0287125 0.0231494 0.00968288
 0.466524 0.393532 0.10749 0.0151412 0.0173125
 0.550915 0.210925 0.175735 0.0479491 0.0144761
 0.653218 0.192662 0.0724443 0.0602689 0.0214072
 0.548287 0.297361 0.0858333 0.032209 0.0363093
 0.845585 0.0853797 0.0454693 0.0131052 0.0104606
pobs_pel_tallas
 0 0 0 0 0 0 0 0 0 0 0 0 0 0 0 0 0 0 0 0 0 0 0 0 0 0
 0 0 0 0 0 0 0 0 0 0 0 0 0 0 0 0 0 0 0 0 0 0 0 0 0 0
 0 0 0 0 0 0 0 0 0 0 0 0 0 0 0 0 0 0 0 0 0 0 0 0 0 0
 0 0 0 0 0 0 0 0 0 0 0 0 0 0 0 0 0 0 0 0 0 0 0 0 0 0
 0 0 0 0 0 0 0 0 0 0 0 0 0 0 0 0 0 0 0 0 0 0 0 0 0 0
 0 0 0 0 0 0 0 0 0 0 0 0 0 0 0 0 0 0 0 0 0 0 0 0 0 0
 0 0 0 0 0 0 0 0 0 0 0 0 0 0 0 0 0 0 0 0 0 0 0 0 0 0
 0 0 0 0 0 0 0 0 0 0 0 0 0 0 0 0 0 0 0 0 0 0 0 0 0 0
 0 0 0 0 0 0 0 0 0 0 0 0 0 0 0 0 0 0 0 0 0 0 0 0 0 0
 0 0 0 0 0 0 0 0 0 0 0 0 0 0 0 0 0 0 0 0 0 0 0 0 0 0
 0 0 0 0 0 0 0 0 0 0 0 0 0 0 0 0 0 0 0 0 0 0 0 0 0 0
 0 0 0 0 0 0 0 0 0 0 0 0 0 0 0 0 0 0 0 0 0 0 0 0 0 0
 0.00862536 0 0 0.000197151 0.00414017 0.0128641 0.00837892 0.0270097 0.101434 0.158115 0.152841 0.127902 0.109271 0.109419 0.0830992 0.0579132 0.0238553 0.00714673 0.00463305 0.00128148 0.00103504 0.000492878 0.000147863 0.000147863 4.92878e-05 0
 0 0 0 0 0 0 0 0 0 0 0 0 0 0 0 0 0 0 0 0 0 0 0 0 0 0
 0 0 0 0 0 0 0 0.0054083 0.00873648 0.0413646 0.0450493 0.0745869 0.0622846 0.0627006 0.0613931 0.0827291 0.12552 0.122667 0.0946155 0.0697135 0.0546179 0.0294188 0.0215738 0.0213955 0.0102223 0.00600262
 0 0 0 0 0.00359764 0.0251062 0.0480494 0.140153 0.205849 0.193036 0.1447 0.116669 0.0760912 0.0342217 0.00950174 0.001854 0.000860785 0 0 0 0.000165536 0 0.000143464 0 0 0
 0 0 0 0 0 0 0 0.000145254 0.000435761 0.0275982 0.070085 0.0708112 0.156366 0.174668 0.174014 0.160142 0.0824315 0.0480064 0.0283245 0.00493863 0.00203355 0 0 0 0 0
 0 0 0 0 0 0 0 0 0 0 0 0 0 0 0 0 0 0 0 0 0 0 0 0 0 0
 0 0 1.00437e-05 0.000401748 0.00122533 0.00171747 0.00176769 0.0269171 0.070346 0.194647 0.189555 0.159765 0.064822 0.0314167 0.0384472 0.0292271 0.0345202 0.0313363 0.0194345 0.0106764 0.0143323 0.0359363 0.0279516 0.0138201 0.00172751 0
 0 0.0021121 0.0136068 0.0755702 0.200478 0.177729 0.0527432 0.0373336 0.0318909 0.0142505 0.0149659 0.0166563 0.0217959 0.0798694 0.0677717 0.0528807 0.04013 0.0224614 0.0357745 0.0225083 0.00881397 0.00855152 0.00135912 0.000746735 0 0
 0 0 0 0 5.4009e-05 0.00500934 0.000945158 0.0243581 0.138947 0.33067 0.221406 0.137944 0.0707744 0.0437923 0.0131692 0.00525238 0.0047753 0.00276346 9.45158e-05 9.00151e-06 2.25038e-05 9.00151e-06 4.50075e-06 0 0 0
 0.000866109 0.00284123 0.00948549 0.0512746 0.133035 0.25785 0.225252 0.132002 0.0553304 0.0519788 0.0540692 0.017754 0.00435017 0.00159236 0.00146478 0.000404838 0.000125132 0.000115318 0.000107957 0.000100596 0 0 0 0 0 0
 0 0 0 0 0.00144013 0.00171154 0.00461396 0.0210425 0.0478622 0.0707936 0.0888783 0.103762 0.0637923 0.0337046 0.0602308 0.124433 0.169614 0.0934646 0.0462172 0.0250306 0.0313229 0.00938855 0.002487 0.000210481 0 0
 0 0.00764035 0.051015 0.0998891 0.058973 0.0496711 0.0374665 0.0718981 0.12319 0.153886 0.159021 0.0857701 0.0377988 0.023471 0.0147837 0.00900784 0.00315554 0.000888139 0.00291439 0.00214683 0.00393193 0.00274676 0.000635225 9.99891e-05 0 0
 0 0 0 0 0 0 0 0 0 0 0 0 0 0 0 0 0 0 0 0 0 0 0 0 0 0
 0 0 0 0 0 0 0 0 0 0 0 0 0 0 0 0 0 0 0 0 0 0 0 0 0 0
 0 0 0 0 0 0 0 0 0 0 0 0 0 0 0 0 0 0 0 0 0 0 0 0 0 0
 0 0 0 0 0 0 0 0 0 0 0 0 0 0 0 0 0 0 0 0 0 0 0 0 0 0
 0 0 0 0 0 0 0 0 0 0 0 0 0 0 0 0 0 0 0 0 0 0 0 0 0 0
 0 0 0 0 0 0 0 0 0 0 0 0 0 0 0 0 0 0 0 0 0 0 0 0 0 0
 0 0 0 0 0 0 0 0 0 0 0 0 0 0 0 0 0 0 0 0 0 0 0 0 0 0
 0 0 0 0 0 0 0 0 0 0 0 0 0 0 0 0 0 0 0 0 0 0 0 0 0 0
 0 0 0 0 0 0 0 0 0 0 0 0 0 0 0 0 0 0 0 0 0 0 0 0 0 0
ppred_pel_tallas
 1.13699e-16 4.00657e-05 0.000389453 0.00258805 0.0117649 0.0366051 0.0779913 0.113833 0.113842 0.0780372 0.0367609 0.0122229 0.00376679 0.0030588 0.00539076 0.0095798 0.0154939 0.0230084 0.0318875 0.0418072 0.0521684 0.0617775 0.0687992 0.0712962 0.0681497 0.0597417
 1.25747e-16 3.64281e-05 0.000354094 0.00235308 0.0106968 0.0332818 0.0709114 0.103503 0.103529 0.0710409 0.0337169 0.0119548 0.00551681 0.00728105 0.0132563 0.0220391 0.0322068 0.0415667 0.0480158 0.0508541 0.0513041 0.0516572 0.0536552 0.057341 0.0611227 0.0628046
 1.17253e-16 5.5035e-05 0.000534959 0.00355499 0.0161605 0.0502814 0.10713 0.156363 0.156377 0.107201 0.0505193 0.0168494 0.00529072 0.00434559 0.00735651 0.012247 0.0180517 0.0236007 0.0277649 0.0301077 0.0311501 0.0319445 0.033287 0.0351934 0.0369652 0.0376678
 1.05572e-16 6.63638e-05 0.00064508 0.00428679 0.0194871 0.0606317 0.129183 0.188549 0.188561 0.129245 0.0608394 0.0200874 0.00579473 0.0039412 0.00633932 0.0104107 0.0150783 0.0191566 0.0214973 0.0216045 0.019937 0.0175856 0.0155824 0.0143767 0.0137887 0.013326
 1.03648e-16 5.82565e-05 0.000566274 0.00376309 0.0171065 0.0532247 0.113402 0.165518 0.165541 0.113513 0.0535998 0.0181898 0.00648283 0.00650488 0.0113409 0.018668 0.0269137 0.0339048 0.0374672 0.0366045 0.0320866 0.0259144 0.0201053 0.015747 0.0128661 0.0109112
 1.02954e-16 6.46499e-05 0.00062842 0.00417607 0.0189838 0.0590658 0.125846 0.18368 0.183694 0.125919 0.0593082 0.0196847 0.00593752 0.00448108 0.00740326 0.0121934 0.0176909 0.0225227 0.0253262 0.0254613 0.0233604 0.0201752 0.0170244 0.0144472 0.0123873 0.0105382
 1.05205e-16 4.5008e-05 0.000437494 0.0029073 0.0132162 0.0411206 0.0876131 0.127881 0.127916 0.0877818 0.041687 0.0148524 0.00701608 0.0094122 0.017105 0.0282476 0.0407838 0.0514919 0.0571131 0.0561439 0.0497122 0.0407629 0.0322397 0.0256916 0.0211146 0.0177077
 1.11017e-16 4.0581e-05 0.000394462 0.00262134 0.0119162 0.037076 0.0789954 0.115302 0.115329 0.0791284 0.0375234 0.0132115 0.0058836 0.00755258 0.0137427 0.0229366 0.0336959 0.0437549 0.0507954 0.0537072 0.0531276 0.0507456 0.0479896 0.0452134 0.0418947 0.0374221
 1.14149e-16 4.82656e-05 0.000469159 0.00311773 0.0141727 0.0440968 0.0939536 0.137132 0.137152 0.0940509 0.0444241 0.0151201 0.00550397 0.00570574 0.0100751 0.0167972 0.0247119 0.032193 0.0376276 0.0403279 0.0409015 0.0406846 0.0407009 0.0410016 0.0408142 0.0392169
 1.1147e-16 5.38862e-05 0.000523794 0.00348079 0.0158232 0.0492319 0.104895 0.153101 0.153121 0.104991 0.0495562 0.016761 0.00583911 0.00568626 0.0099011 0.0163981 0.0238945 0.0306531 0.0349582 0.0360773 0.034696 0.032391 0.0305646 0.02968 0.0292634 0.0284594
 1.07388e-16 5.7995e-05 0.000563732 0.0037462 0.0170297 0.0529858 0.112893 0.164774 0.164793 0.112984 0.0532947 0.0179226 0.00599039 0.0054728 0.00941094 0.0155456 0.0225779 0.0288005 0.0325184 0.0329747 0.0307875 0.0274775 0.0244726 0.02238 0.0209578 0.0195891
 1.06256e-16 5.46424e-05 0.000531143 0.00352963 0.0160452 0.0499228 0.106367 0.15525 0.155273 0.106479 0.0503007 0.0171374 0.00627391 0.00653101 0.0114765 0.0189579 0.027474 0.0349117 0.0391539 0.0392346 0.035893 0.031012 0.0264116 0.0229513 0.0204743 0.0183543
 1.07727e-16 4.82609e-05 0.000469113 0.00311742 0.0141714 0.0440925 0.0939448 0.137121 0.137148 0.0940766 0.0445353 0.0154514 0.00633515 0.00750908 0.0134646 0.022305 0.0324132 0.0413672 0.0467215 0.0473472 0.0440592 0.0389542 0.0340206 0.0301391 0.0270697 0.0241187
 1.08581e-16 5.19305e-05 0.000504783 0.00335446 0.0152489 0.0474451 0.101088 0.147545 0.147567 0.101194 0.047802 0.0162813 0.00595155 0.00619307 0.0109107 0.0181025 0.0264199 0.0339616 0.0388188 0.0401183 0.0384946 0.0355354 0.0326699 0.0304059 0.028381 0.0259551
 1.01217e-16 7.79209e-05 0.000757418 0.00503331 0.0228807 0.0711904 0.151679 0.22138 0.221384 0.151696 0.0712469 0.023044 0.00544373 0.00165527 0.00178878 0.00284898 0.00413246 0.00527368 0.00595869 0.00604783 0.00565151 0.00504356 0.00448036 0.00406975 0.00376809 0.00346823
 1.00355e-16 7.38307e-05 0.000717661 0.00476911 0.0216797 0.0674536 0.143717 0.209762 0.209771 0.143764 0.0676088 0.0221278 0.00589308 0.00316858 0.00472056 0.00766617 0.010987 0.0137129 0.0149108 0.0141536 0.011777 0.00866573 0.00574301 0.00355417 0.00218154 0.00142196
 1.01818e-16 4.0143e-05 0.000390204 0.00259305 0.0117876 0.036676 0.0781437 0.114062 0.114107 0.0783611 0.0374061 0.0138961 0.00788403 0.0119349 0.0219491 0.0361786 0.0520069 0.0651715 0.0713437 0.068507 0.0581527 0.0442739 0.031008 0.0207589 0.0138719 0.00949553
 1.01713e-16 7.46538e-05 0.000725661 0.00482227 0.0219214 0.0682055 0.145319 0.212099 0.212103 0.145341 0.0682805 0.0221388 0.00537079 0.001932 0.00239177 0.00390378 0.005774 0.00758863 0.00896901 0.0097231 0.00992072 0.00977735 0.0094529 0.0089475 0.0081647 0.00705258
 1.01238e-16 6.60505e-05 0.000642034 0.00426654 0.0193951 0.0603454 0.128573 0.18766 0.187677 0.128658 0.0606305 0.0202181 0.00633109 0.00514499 0.0086064 0.0140935 0.0202262 0.0252907 0.0275925 0.0263591 0.02221 0.0167568 0.0116636 0.00788617 0.00552783 0.00418013
 1.01886e-16 6.14148e-05 0.000596973 0.0039671 0.0180339 0.0561102 0.119549 0.17449 0.17451 0.119647 0.056437 0.0189781 0.00633814 0.00577613 0.00990672 0.016304 0.0235337 0.0297017 0.0329103 0.0322674 0.028393 0.0229608 0.0176675 0.013443 0.0103611 0.00805605
 1.0233e-16 6.47655e-05 0.000629544 0.00418354 0.0190178 0.0591714 0.126072 0.184008 0.184024 0.126148 0.0594267 0.0197556 0.00603707 0.00468094 0.00777414 0.0127889 0.0185079 0.0234643 0.0262019 0.0260391 0.0234493 0.0196942 0.0160216 0.0130681 0.0108181 0.00895366
 1.02192e-16 6.52302e-05 0.000634061 0.00421356 0.0191542 0.059596 0.126976 0.185329 0.185345 0.127054 0.0598569 0.0199079 0.00610612 0.00476809 0.00792402 0.0130165 0.0187906 0.0237267 0.0263194 0.0258715 0.0228956 0.0187404 0.0147575 0.0116631 0.00946775 0.0078211
 1.05993e-16 3.19759e-05 0.000310817 0.00206549 0.00938946 0.0292143 0.062246 0.0908597 0.0909067 0.0624758 0.0299863 0.0116196 0.00766577 0.0125438 0.0232867 0.0385044 0.0555976 0.0701938 0.0778398 0.0764619 0.067563 0.0551255 0.0431521 0.0337843 0.027092 0.0220831
 1.07101e-16 6.1628e-05 0.000599046 0.00398087 0.0180965 0.0563049 0.119964 0.175093 0.175102 0.120011 0.0564648 0.0185608 0.00515481 0.00319004 0.00506544 0.00849404 0.0127387 0.0170858 0.0208258 0.0236011 0.0255232 0.0268976 0.0278099 0.0279684 0.0269299 0.0244762
 1.06039e-16 5.77845e-05 0.000561686 0.0037326 0.0169679 0.0527935 0.112483 0.164177 0.164198 0.112589 0.0531485 0.0179932 0.00630693 0.00618348 0.0107412 0.0176852 0.0255217 0.0322169 0.0357556 0.0352531 0.0314987 0.0264198 0.0218964 0.0188411 0.0170859 0.0158922
 1.09134e-16 3.80941e-05 0.000370288 0.0024607 0.011186 0.034804 0.0741549 0.108239 0.108276 0.0743339 0.0354053 0.0129241 0.00682889 0.00992334 0.0182318 0.0302137 0.0438327 0.0557782 0.0626842 0.062986 0.0577989 0.0500369 0.0425263 0.0366208 0.0321369 0.0282094
 1.06934e-16 6.29857e-05 0.000612244 0.00406857 0.0184952 0.0575453 0.122607 0.178951 0.178961 0.122659 0.0577214 0.0190052 0.00535491 0.00344047 0.00549375 0.00913904 0.0135275 0.0177899 0.0210752 0.0229888 0.0237704 0.023998 0.0240734 0.0239368 0.0232019 0.0215213
 1.04841e-16 6.05316e-05 0.000588389 0.00391005 0.0177745 0.0553033 0.11783 0.171981 0.172 0.117926 0.0556253 0.0187049 0.00624586 0.00568919 0.00975329 0.0160439 0.0231463 0.0292019 0.0323698 0.031831 0.0282842 0.0234687 0.019099 0.0160374 0.0141869 0.0129384
 1.07651e-16 3.84271e-05 0.000373525 0.00248221 0.0112838 0.0351082 0.0748032 0.109185 0.109223 0.0749889 0.0357323 0.0130873 0.00701338 0.0102786 0.0188895 0.0312709 0.0452858 0.0574572 0.0642503 0.0640196 0.0579419 0.0491133 0.0405808 0.033875 0.0289041 0.0248133
 1.12384e-16 4.53782e-05 0.000441092 0.00293121 0.0133249 0.0414587 0.088333 0.128929 0.128949 0.0884336 0.0417974 0.014306 0.00540589 0.00588279 0.0104963 0.0175859 0.0260457 0.0342639 0.0406006 0.0442785 0.045729 0.0460295 0.0459316 0.0453295 0.0435291 0.0399419
 1.11807e-16 5.38047e-05 0.000523001 0.00347553 0.0157993 0.0491574 0.104736 0.152869 0.152888 0.104827 0.0494641 0.0166861 0.00570654 0.00540967 0.00938365 0.0155602 0.02273 0.0292821 0.033633 0.0351197 0.0343905 0.032889 0.0318403 0.0315469 0.0314294 0.0306003
 1.11928e-16 4.51618e-05 0.000438989 0.00291723 0.0132613 0.0412611 0.0879122 0.128316 0.128345 0.0880527 0.0417331 0.0146256 0.00634592 0.00793801 0.0143295 0.0237315 0.0344544 0.0439183 0.0495358 0.0501605 0.0467626 0.0417026 0.0371983 0.0341934 0.0322995 0.0305205
 1.04419e-16 6.96498e-05 0.00067702 0.00449904 0.020452 0.0636338 0.135579 0.197883 0.197891 0.135619 0.06377 0.0208461 0.00549128 0.00285254 0.0042293 0.00695545 0.0101874 0.0131819 0.0152304 0.0160133 0.0157666 0.0150637 0.014394 0.0138854 0.0133423 0.0124868
pSPR Fmed_Fpbrs
1   0.983574 0.6 0.325 0.983574 0.983574 0.983574
Fs Fmed_Fpbrs
0   0.01 0.350926 0.902486 0.01 0.01 0.01
SSBpbr Bo_Bmed_Bpbrs
1.62139e+06  1.54032e+06  1.51368e+06 891763 445881 1.51368e+06 1.51368e+06 1.51368e+06
Ro
224656
SPR SPRFo_SPRFmed_SPRFpbrs
1.6185e+06 1.6185e+06 1.59191e+06
Fref
0
Nvult_r0
 231412 26575.4 14342.5 4136.86 3302.19
CTP_r0
 22598.8 4578.11 2574.28 744.149 594.076
YTP_r0
356494
Np
 345466 127090 46753.8 17199.7 8655.17
Nvult_p0
 218376 80336.1 29554 10872.3 5471.11
CTP_p0
 0 0 0 0 0
 0 0 0 0 0
 0 0 0 0 0
 0 0 0 0 0
 0 0 0 0 0
 0 0 0 0 0
YTP_p0
 0 0 0 0 0 0
CBA_c0
0
log_Ro
12.1423
likeval ReclasPelacesDesembMPH_pf_preclas_ppelaces_ptallas_desvR_qrecl_qpela
 0.000396473 14.9689 0.129353 57.5643 241.706 141.835 114.081 0 20.7868 4.57302e-06 4.76016e-07 0.563319 2066.78 0 0
q_reclas_q_pelaces
0.739025 0.907037
M
1
N
 220754 42899.1 191498 9784.85 0.363942
 114814 76801.3 14175.2 62931 3214.69
 159101 38183.7 23270.1 4252.61 19833
 292554 53088.1 11643.5 7028.18 7270.45
 270010 93289.4 14836.2 3208.58 3937.09
 462908 95474.5 31802.7 5038.08 2426
 218741 157803 30337 10030 2353.04
 123125 70897.3 45503.4 8639.69 3524.12
 121398 44516.4 25226.2 16163.1 4320.26
 127179 41951.6 14520.4 8177.92 6638.1
 154224 43478.1 13403 4605.78 4697.62
 135841 55263.6 15206.2 4675.51 3244.94
 75987 42468.1 14867.5 4026.05 2095.15
 39341.2 22651 10425.2 3575.11 1470.22
 170563 7716.22 2486.08 1075.7 518.781
 363057 49280.1 1783.8 561.248 359.482
 94141.7 101216 10636.1 374.654 193.084
 475509 29399 27171.8 2809.72 149.843
 493773 137942 6849.22 6184.38 672.733
 426770 137109 29543.8 1426.97 1426.42
 571538 129262 34706.3 7337.03 707.851
 791102 184700 37063.1 9825.46 2275.91
 188357 250364 50871.1 10058.3 3281.4
 459265 64344.2 79872.2 16111.5 4223.12
 463730 156479 20424.7 25163.4 6403.63
 186448 159060 50313.2 6522.2 10076.4
 428446 65049.4 52844.4 16628.8 5484.28
 502788 146362 20752.8 16736.8 7000.75
 198124 173366 47538.4 6697.81 7658.37
 173357 69480.5 58171.2 15876.2 4793.2
 187755 60076.2 22786.3 18965.8 6736.74
 109375 62104.6 18014.2 6761.67 7622.57
 345466 37897.6 20361.3 5871.43 4686.72
pred_Ctot
 7611.45 2784.76 13036.4 667.823 0.0248426
 7023.95 8699.69 1680.98 7481.17 382.208
 9425.38 4193.55 2675.8 490.216 2286.53
 24921.1 8247.71 1890.75 1144.01 1183.59
 6648.44 4351.1 726.141 157.45 193.226
 21596.8 8322.9 2905.1 461.378 222.198
 16620.1 21995 4422.38 1465.66 343.888
 1340.05 1474.02 993.664 189.167 77.1718
 4677.38 3221.06 1913.68 1229.28 328.62
 5719.39 3528.83 1280.02 722.734 586.729
 2534.98 1360.54 440.358 151.723 154.77
 13067.9 9628.33 2767.15 852.824 591.957
 9269.65 9228.88 3368.93 914.343 475.88
 12210.6 11038.5 5233.07 1797.41 739.22
 23598.9 1881.82 631.523 273.852 132.087
 56846 13440.4 506.138 159.588 102.228
 9114.3 17740.1 1947.03 68.7445 35.4329
 64797.2 7071.05 6808.17 705.555 37.6317
 78303.7 38053.6 1965.46 1778.44 193.48
 48423.5 27865.7 6264.42 303.263 303.182
 44381 18393.7 5164.59 1094.44 105.602
 70740 30040.7 6299.08 1673.85 387.77
 8554.83 21263.2 4527.63 897.477 292.83
 21570.2 5645.59 7343.37 1485.01 389.302
 19937.5 12599.3 1723.68 2128.98 541.859
 6110.76 9825.1 3259.57 423.633 654.576
 19456.4 5523.81 4702.6 1483.53 489.344
 20036.6 10944.6 1626.86 1315.38 550.279
 5874.4 9706.62 2792.15 394.411 451.037
 6386.04 4811.68 4224.05 1155.79 348.992
 12074.9 7139.86 2834.46 2365.02 840.174
 4039.3 4311.52 1311.31 493.464 556.367
 22598.8 4578.11 2574.28 744.149 594.076
F
 0.0558265 0.107357 0.112839 0.113143 0.113159
 0.100909 0.194053 0.203962 0.204511 0.20454
 0.0975842 0.187659 0.197242 0.197773 0.197801
 0.142942 0.274885 0.288921 0.2897 0.289741
 0.0396006 0.076154 0.0800425 0.0802582 0.0802696
 0.0761771 0.146492 0.153972 0.154387 0.154409
 0.126655 0.243564 0.256001 0.25669 0.256727
 0.0173428 0.0333511 0.0350541 0.0351485 0.0351535
 0.0625577 0.120301 0.126444 0.126785 0.126803
 0.0733424 0.141041 0.148243 0.148642 0.148664
 0.0262897 0.0505563 0.0531378 0.053281 0.0532886
 0.162729 0.312936 0.328915 0.329801 0.329848
 0.210357 0.404527 0.425183 0.426328 0.426389
 0.628948 1.2095 1.27126 1.27468 1.27486
 0.241584 0.464577 0.4883 0.489615 0.489685
 0.277304 0.53327 0.5605 0.56201 0.56209
 0.163842 0.315077 0.331165 0.332058 0.332105
 0.237552 0.456825 0.480151 0.481445 0.481514
 0.281303 0.540959 0.568581 0.570114 0.570194
 0.194406 0.373852 0.392941 0.394 0.394056
 0.129596 0.249219 0.261945 0.262651 0.262688
 0.150511 0.289441 0.30422 0.30504 0.305083
 0.0740945 0.142487 0.149763 0.150167 0.150188
 0.0767035 0.147505 0.155037 0.155454 0.155476
 0.0700218 0.134655 0.141531 0.141913 0.141933
 0.0530044 0.10193 0.107135 0.107424 0.107439
 0.0740835 0.142466 0.149741 0.150144 0.150166
 0.0647627 0.124542 0.130901 0.131254 0.131273
 0.047849 0.092016 0.0967145 0.0969751 0.0969889
 0.0597412 0.114885 0.120751 0.121077 0.121094
 0.106316 0.204451 0.214891 0.21547 0.215501
 0.0598962 0.115183 0.121065 0.121391 0.121408
 0.108225 0.208121 0.218749 0.219338 0.219369
YTP_r0W_actual
 170395 79888 61963 23306.8 20941.2
YTP_p0W_proyectada
 0 0 0 0 0
 0 0 0 0 0
 0 0 0 0 0
 0 0 0 0 0
 0 0 0 0 0
 0 0 0 0 0
CTP_r0_actual
 22598.8 4578.11 2574.28 744.149 594.076
CTP_p0_proyectada
 0 0 0 0 0
 0 0 0 0 0
 0 0 0 0 0
 0 0 0 0 0
 0 0 0 0 0
 0 0 0 0 0
Wmedp
 7.54 17.45 24.07 31.32 35.25
Frms_r0
 0.108225 0.208121 0.218749 0.219338 0.219369
Zrms_r0
 1.10822 1.20812 1.21875 1.21934 1.21937
nmprior
 7.29 8.9 8.7 0
nm_flota  nm_reclas  nm_pelaces    nm_pelaL
inf 10.4967 17.5085 55.0237
cv_recla  cv_pelaces  cv_mph
0.5748 0.423824 0.608322
 ------------------------------------------------
Talla a la edad & desviaci?n 
 8 13.2811 15.8009 17.003 17.5766
 0.8 1.32811 1.58009 1.7003 1.75766
