years
 1991 1992 1993 1994 1995 1996 1997 1998 1999 2000 2001 2002 2003 2004 2005 2006 2007 2008 2009 2010 2011 2012 2013 2014 2015 2016 2017 2018 2019 2020 2021 2022 2023
reclasobs
 0 0 0 0 0 0 0 0 0 252601 567819 844713 477998 351125 339783 2.1784e+06 2.13404e+06 4.81314e+06 1.55562e+06 2.62356e+06 3.21686e+06 3.843e+06 1.13348e+06 3.07943e+06 1.97215e+06 2.03268e+06 2.025e+06 2.42433e+06 2.27542e+06 1.05018e+06 2.36338e+06 3.18982e+06 1.53035e+06
reclaspred
 3.31881e+06 1.82104e+06 966070 1.13365e+06 1.28744e+06 2.25306e+06 1.61768e+06 1.66292e+06 1.36808e+06 1.08954e+06 914013 880237 600567 182545 685566 1.04984e+06 889759 1.68468e+06 1.73918e+06 1.64463e+06 3.13491e+06 2.69331e+06 2.2471e+06 3.22112e+06 2.53539e+06 2.28758e+06 2.69543e+06 2.94965e+06 2.56629e+06 1.92503e+06 1.5534e+06 1.40892e+06 1.56385e+06
pelacesobs
 0 0 0 0 0 0 0 0 0 0 0 0 0 0 0 552880 188675 0 991730 2.46772e+06 1.41603e+06 1.21717e+06 2.29649e+06 1.80582e+06 0 1.4828e+06 1.56532e+06 1.57751e+06 1.42118e+06 867257 1.10002e+06 1.06204e+06 0
pelacespred
 1.91563e+06 1.1614e+06 601990 590097 703547 1.30626e+06 893772 1.09902e+06 904753 697253 609826 478194 337261 81035.4 422095 522981 434928 931773 988175 834847 1.70888e+06 1.54695e+06 1.31631e+06 2.07586e+06 1.55823e+06 1.40268e+06 1.91336e+06 1.87906e+06 1.47109e+06 1.26432e+06 913720 828126 913297
mphobs
 0 0 0 0 0 0 0 0 0 0 0 0 498337 0 5186 125008 0 168611 109162 213762 579715 649985 157893 87575 83554 210694 70296 0 107559 103333 445601 22526 28222
mphpred
 792788 529317 257414 153408 200628 256819 381450 283629 274504 229483 162380 167684 140278 62294.2 13377.9 100444 172615 142002 222154 315981 445532 572148 109010 96988.4 132082 111419 96517.5 105976 148953 116985 73952.7 65787.5 42317.9
desembarqueobs
 494567 514787 250237 358949 120608 361735 552515 73892 212993 205616 52469 317467 293654 387597 252695 516296 358380 742168 942051 627588 828172 859565 418607 520667 417249 300574 415391 372974 316634 284311 391294 218835 356480
desembarquepred
 494570 513491 250918 358985 120613 361750 552541 73894.8 213016 205645 52472.4 317554 293903 388246 252670 516259 358401 741959 941510 627345 828275 859573 418631 520740 417241 300594 415416 372967 316616 284286 391354 218861 356501
Reclutas
 187821 94852.3 125357 210561 193475 337265 155357 86263.2 87462.8 97491.5 125231 121655 67410.8 30854.2 137303 301546 70044.7 397119 421804 355578 441634 610003 138489 334457 346263 135254 315907 372537 148463 131763 136315 77136.1 235944
log_desv_Rt
 0.0856121 -0.597555 -0.31871 0.199897 0.11527 0.670992 -0.104151 -0.692473 -0.678663 -0.570111 -0.319713 -0.348688 -0.939071 -1.7206 -0.22769 0.559047 -0.900742 0.83436 0.894663 0.723868 0.940606 1.26359 -0.219082 0.662633 0.697322 -0.242725 0.605571 0.77046 -0.14954 -0.268873 -0.23491 -0.804306 0.31372
SSB
 2.73492e+06 1.82601e+06 888012 529220 692115 885959 1.31591e+06 978449 946970 791657 560171 578467 461749 208241 44617.3 334607 595479 489871 793796 806041 1.1639e+06 1.56398e+06 1.59209e+06 1.36746e+06 1.75005e+06 1.56163e+06 1.27934e+06 1.35432e+06 1.96949e+06 1.46031e+06 1.05002e+06 957290 570559
BT
 3.74559e+06 2.52252e+06 1.29226e+06 1.31771e+06 1.31141e+06 2.56171e+06 2.04615e+06 1.96051e+06 1.77619e+06 1.40159e+06 1.10372e+06 1.10487e+06 855898 538952 978390 1.34717e+06 1.03993e+06 2.26864e+06 2.61226e+06 1.98919e+06 3.61058e+06 3.48916e+06 2.63967e+06 4.07257e+06 3.09153e+06 2.68993e+06 3.73434e+06 3.61144e+06 2.80714e+06 2.46038e+06 1.95047e+06 1.61909e+06 1.89842e+06
Ftot
 0.165383 0.302042 0.29412 0.436315 0.12265 0.231284 0.398531 0.0556583 0.198704 0.229877 0.0777548 0.448392 0.579221 2.19875 0.714101 0.788655 0.487119 0.69226 0.793494 0.549227 0.372337 0.440121 0.221706 0.232602 0.211944 0.159037 0.222323 0.191547 0.140578 0.176736 0.322617 0.185896 0.347064
BD_Bspro_t
 0.974092 0.825869 0.654205 0.585683 0.619607 0.71501 0.73054 0.62496 0.69818 0.700282 0.686955 0.759797 0.59985 0.344746 0.116762 0.465257 0.494449 0.42847 0.482598 0.447976 0.481867 0.550822 0.58833 0.592524 0.682624 0.709457 0.713784 0.746072 0.798544 0.751665 0.705971 0.67148 0.657764
BD_Bspro
 2.20185 1.4701 0.714927 0.426068 0.557213 0.713274 1.05942 0.787736 0.762393 0.637353 0.450986 0.465716 0.371748 0.167652 0.0359208 0.269388 0.479412 0.394388 0.639075 0.648934 0.937044 1.25914 1.28177 1.10092 1.40894 1.25725 1.02998 1.09034 1.58561 1.17568 0.845356 0.770702 0.459349
BD_Bo
 2.51416 1.67862 0.816334 0.486503 0.636249 0.814447 1.20969 0.89947 0.870533 0.727756 0.514955 0.531774 0.424478 0.191432 0.0410159 0.307599 0.547413 0.450329 0.729723 0.74098 1.06996 1.43773 1.46358 1.25708 1.60879 1.43558 1.17608 1.245 1.81052 1.34244 0.965263 0.88002 0.524504
BD_Brms
 2.69251 1.79769 0.874242 0.521014 0.681383 0.872221 1.2955 0.963276 0.932285 0.779381 0.551484 0.569496 0.454589 0.205012 0.0439254 0.329419 0.586245 0.482274 0.781487 0.793542 1.14586 1.53972 1.5674 1.34625 1.72291 1.53742 1.2595 1.33332 1.93895 1.43767 1.03374 0.942445 0.561711
Sel_flota
 0.476441 0.945326 0.996965 0.99984 0.999992
 0.476441 0.945326 0.996965 0.99984 0.999992
 0.476441 0.945326 0.996965 0.99984 0.999992
 0.476441 0.945326 0.996965 0.99984 0.999992
 0.476441 0.945326 0.996965 0.99984 0.999992
 0.476441 0.945326 0.996965 0.99984 0.999992
 0.476441 0.945326 0.996965 0.99984 0.999992
 0.476441 0.945326 0.996965 0.99984 0.999992
 0.476441 0.945326 0.996965 0.99984 0.999992
 0.476441 0.945326 0.996965 0.99984 0.999992
 0.476441 0.945326 0.996965 0.99984 0.999992
 0.476441 0.945326 0.996965 0.99984 0.999992
 0.476441 0.945326 0.996965 0.99984 0.999992
 0.476441 0.945326 0.996965 0.99984 0.999992
 0.476441 0.945326 0.996965 0.99984 0.999992
 0.476441 0.945326 0.996965 0.99984 0.999992
 0.476441 0.945326 0.996965 0.99984 0.999992
 0.476441 0.945326 0.996965 0.99984 0.999992
 0.476441 0.945326 0.996965 0.99984 0.999992
 0.476441 0.945326 0.996965 0.99984 0.999992
 0.476441 0.945326 0.996965 0.99984 0.999992
 0.476441 0.945326 0.996965 0.99984 0.999992
 0.476441 0.945326 0.996965 0.99984 0.999992
 0.476441 0.945326 0.996965 0.99984 0.999992
 0.476441 0.945326 0.996965 0.99984 0.999992
 0.476441 0.945326 0.996965 0.99984 0.999992
 0.476441 0.945326 0.996965 0.99984 0.999992
 0.476441 0.945326 0.996965 0.99984 0.999992
 0.476441 0.945326 0.996965 0.99984 0.999992
 0.476441 0.945326 0.996965 0.99984 0.999992
 0.476441 0.945326 0.996965 0.99984 0.999992
 0.476441 0.945326 0.996965 0.99984 0.999992
 0.476441 0.945326 0.996965 0.99984 0.999992
Sel_reclas
 1 1 1 1 1
 1 1 1 1 1
 1 1 1 1 1
 1 1 1 1 1
 1 1 1 1 1
 1 1 1 1 1
 1 1 1 1 1
 1 1 1 1 1
 1 1 1 1 1
 1 1 1 1 1
 1 1 1 1 1
 1 1 1 1 1
 1 1 1 1 1
 1 1 1 1 1
 1 1 1 1 1
 1 1 1 1 1
 1 1 1 1 1
 1 1 1 1 1
 1 1 1 1 1
 1 1 1 1 1
 1 1 1 1 1
 1 1 1 1 1
 1 1 1 1 1
 1 1 1 1 1
 1 1 1 1 1
 1 1 1 1 1
 1 1 1 1 1
 1 1 1 1 1
 1 1 1 1 1
 1 1 1 1 1
 1 1 1 1 1
 1 1 1 1 1
 1 1 1 1 1
Sel_pelaces
 1 1 1 1 1
 1 1 1 1 1
 1 1 1 1 1
 1 1 1 1 1
 1 1 1 1 1
 1 1 1 1 1
 1 1 1 1 1
 1 1 1 1 1
 1 1 1 1 1
 1 1 1 1 1
 1 1 1 1 1
 1 1 1 1 1
 1 1 1 1 1
 1 1 1 1 1
 1 1 1 1 1
 1 1 1 1 1
 1 1 1 1 1
 1 1 1 1 1
 1 1 1 1 1
 1 1 1 1 1
 1 1 1 1 1
 1 1 1 1 1
 1 1 1 1 1
 1 1 1 1 1
 1 1 1 1 1
 1 1 1 1 1
 1 1 1 1 1
 1 1 1 1 1
 1 1 1 1 1
 1 1 1 1 1
 1 1 1 1 1
 1 1 1 1 1
 1 1 1 1 1
pf_obs 
 0.8446 0.082 0.0669 0.0065 0
 0.8095 0.147 0.0364 0.0071 0
 0.9664 0.0169 0.016 0.0007 0
 0.9276 0.0648 0.0075 0.0001 0
 0.7033 0.2144 0.0806 0.0017 0
 0.9318 0.0425 0.0243 0.0014 0
 0.5671 0.3108 0.0964 0.0239 0.0018
 0.0768 0.2599 0.5324 0.112 0.0189
 0.490249 0.384438 0.106611 0.0170017 0.00170017
 0.7925 0.1577 0.0466 0.003 0.0002
 0.840416 0.127587 0.0312969 0.00059994 9.999e-05
 0.8084 0.0986 0.0794 0.0134 0.0002
 0.7335 0.1905 0.0724 0.0035 0.0001
 0.4001 0.4547 0.1325 0.0127 0
 0.49795 0.308269 0.164784 0.0264974 0.00249975
 0.9179 0.0499 0.0305 0.0017 0
 0.2467 0.6533 0.0926 0.0074 0
 0.9418 0.0223 0.034 0.0019 0
 0.707729 0.231977 0.0356964 0.0245975 0
 0.517169 0.277429 0.184464 0.0207286 0.00020938
 0.811772 0.124168 0.05621 0.00726502 0.000585176
 0.764997 0.148141 0.077277 0.00933861 0.000247198
 0.163321 0.427699 0.378323 0.0303852 0.000271297
 0.753843 0.0900009 0.118128 0.0371064 0.000921714
 0.721811 0.176058 0.0630433 0.0369309 0.00215725
 0.143369 0.312575 0.442814 0.0836902 0.0175525
 0.692698 0.0596174 0.167031 0.0765114 0.00414204
 0.394062 0.376323 0.152708 0.0712218 0.00568511
 0.125707 0.32114 0.495352 0.0537591 0.00404204
 0.23352 0.215282 0.420074 0.123614 0.00750983
 0.796117 0.104755 0.0508955 0.0450114 0.00322123
 0.162477 0.292055 0.404252 0.121198 0.0200186
 0 0 0 0 0
pf_pred 
 0.355086 0.12946 0.487411 0.0280414 1.06903e-06
 0.296877 0.374674 0.0689275 0.245443 0.0140785
 0.51074 0.231114 0.141576 0.0245266 0.0920437
 0.664285 0.231502 0.0508274 0.0293236 0.0240623
 0.562937 0.354765 0.0579011 0.0119208 0.0124759
 0.655077 0.247609 0.0797976 0.0123352 0.00518169
 0.376557 0.496322 0.0927422 0.0282066 0.00617201
 0.343725 0.369683 0.231072 0.0405428 0.0149768
 0.428861 0.289478 0.162305 0.0962876 0.0230686
 0.515516 0.293964 0.0993246 0.05262 0.0385753
 0.577692 0.289809 0.0822487 0.0262369 0.0240125
 0.522537 0.348329 0.0901122 0.02425 0.0147716
 0.424461 0.406625 0.125405 0.0303949 0.0131143
 0.41799 0.368507 0.15397 0.0442432 0.01529
 0.936367 0.047457 0.0107419 0.00392711 0.00150712
 0.82527 0.169909 0.00366367 0.000769713 0.000387784
 0.31767 0.626981 0.0539336 0.00107686 0.000338768
 0.848722 0.0765818 0.0689978 0.00555289 0.000145215
 0.684235 0.294105 0.0113658 0.00951209 0.000782379
 0.609894 0.327459 0.0586553 0.00209848 0.00189263
 0.648333 0.273639 0.0662025 0.0110744 0.00075066
 0.661564 0.269935 0.0540346 0.0122805 0.00218605
 0.244587 0.611286 0.116445 0.0218525 0.00582978
 0.604041 0.157167 0.195334 0.0351326 0.0083257
 0.55666 0.337399 0.0435385 0.0510748 0.0113272
 0.304766 0.499341 0.151147 0.0184229 0.0263223
 0.627542 0.174277 0.144565 0.0413987 0.0122175
 0.591538 0.317513 0.0438775 0.0343663 0.0127056
 0.313994 0.510946 0.137809 0.0180001 0.0192506
 0.390672 0.290496 0.240786 0.061479 0.0165674
 0.481841 0.294158 0.109973 0.0861805 0.0278478
 0.383418 0.409309 0.120825 0.042514 0.0439346
 0.731765 0.14978 0.0801464 0.0223607 0.0159485
pobs_RECLAS
 0 0 0 0 0
 0 0 0 0 0
 0 0 0 0 0
 0 0 0 0 0
 0 0 0 0 0
 0 0 0 0 0
 0 0 0 0 0
 0 0 0 0 0
 0 0 0 0 0
 0 0 0 0 0
 0.991045 0.00858322 0.000360255 1.14367e-05 0
 0.934742 0.0480273 0.0164251 0.00080598 0
 0.827803 0.169806 0.00239088 0 0
 0.941827 0.0461693 0.0120037 0 0
 0.791401 0.0380133 0.147996 0.0225897 0
 0.846168 0.0940531 0.0597789 0 0
 0.134021 0.677848 0.182769 0.00536245 0
 0.80878 0.0450904 0.141981 0.00414843 0
 0.846168 0.0940531 0.0597789 0 0
 0.905697 0.0802665 0.012482 0.00150086 5.37128e-05
 0.989698 0.0102097 9.19794e-05 0 0
 0.975433 0.0193895 0.00387452 0.00125025 5.28907e-05
 0.303575 0.632131 0.0575291 0.00676475 0
 0.966965 0.00978017 0.0227588 0.000495775 0
 0.843318 0.132988 0.00938335 0.0141283 0.000182051
 0.564624 0.303363 0.111486 0.0197234 0.00080311
 0.826376 0.0876187 0.0782897 0.00655872 0.00115652
 0.89761 0.0855135 0.0140674 0.00269457 0.000114338
 0.34875 0.467042 0.161289 0.0227151 0.000203297
 0.318654 0.224769 0.449479 0.00709798 0
 0.937255 0.0296025 0.0250945 0.00804832 0
 0.456809 0.399803 0.12412 0.0192676 0
 0.883104 0.0372192 0.0704036 0.00927362 0
ppred_RECLAS
 0.534582 0.0975372 0.347922 0.0199579 7.60743e-07
 0.465869 0.292208 0.0508888 0.180672 0.0103616
 0.683729 0.153831 0.0892117 0.0154092 0.0578189
 0.803262 0.138055 0.0286665 0.0164885 0.0135279
 0.721808 0.228093 0.0352783 0.00724203 0.00757813
 0.794473 0.149799 0.0457214 0.00704685 0.00295974
 0.552723 0.360097 0.0636552 0.0193019 0.00422287
 0.515968 0.279064 0.165354 0.0289285 0.0106848
 0.606903 0.204682 0.108709 0.0643026 0.0154032
 0.685478 0.195 0.0624003 0.032961 0.0241598
 0.734675 0.185171 0.0498123 0.0158439 0.0144984
 0.692727 0.227567 0.0556725 0.0149367 0.00909704
 0.605451 0.28342 0.0825711 0.0199513 0.00860689
 0.641421 0.233638 0.0902123 0.0258105 0.00891781
 0.968609 0.0237588 0.00507396 0.00184913 0.00070953
 0.907667 0.0899289 0.0018282 0.000382867 0.000192857
 0.487505 0.473021 0.0384674 0.00076572 0.000240848
 0.922516 0.0403513 0.0343083 0.00275244 7.19676e-05
 0.818931 0.16933 0.00616929 0.00514659 0.000423241
 0.763124 0.200618 0.0339551 0.00121106 0.00109209
 0.790333 0.165133 0.0378018 0.00630459 0.000427278
 0.800365 0.161017 0.0304824 0.0069068 0.00122929
 0.395929 0.493852 0.0891007 0.0166719 0.00444701
 0.759627 0.0985881 0.116044 0.0208102 0.00493081
 0.718135 0.217339 0.0265646 0.0310713 0.00688984
 0.470623 0.386001 0.110703 0.0134538 0.0192196
 0.776549 0.107627 0.0845571 0.0241433 0.00712401
 0.745731 0.200066 0.0261903 0.020453 0.00756051
 0.480815 0.392001 0.100184 0.0130476 0.0139519
 0.568713 0.211515 0.166095 0.0422844 0.0113931
 0.657386 0.199232 0.070501 0.0550841 0.0177967
 0.558837 0.298259 0.0834066 0.0292619 0.030235
 0.849368 0.0861881 0.0436452 0.0121406 0.00865776
pobs_PELACES
 0 0 0 0 0
 0 0 0 0 0
 0 0 0 0 0
 0 0 0 0 0
 0 0 0 0 0
 0 0 0 0 0
 0 0 0 0 0
 0 0 0 0 0
 0 0 0 0 0
 0 0 0 0 0
 0 0 0 0 0
 0 0 0 0 0
 0 0 0 0 0
 0 0 0 0 0
 0 0 0 0 0
 0 0 0 0 0
 0.505614 0.472636 0.0217494 0 0
 0 0 0 0 0
 0.443492 0.261883 0.143347 0.151278 0
 0.227955 0.32914 0.350689 0.0885471 0.00366901
 0.970185 0.0296113 0.000203453 0 0
 0.997202 0.00247181 0.000326279 0 0
 0.445219 0.490057 0.0546422 0.010081 0
 0.90214 0.0892962 0.00764917 0.000914606 0
 0 0 0 0 0
 0.581667 0.319106 0.0959925 0.00289975 0.000334073
 0.762889 0.0836404 0.116647 0.0363945 0.000428098
 0.88444 0.0763242 0.0277011 0.0115352 0
 0.521256 0.241999 0.230069 0.00667565 0
 0.616807 0.101726 0.260614 0.0208532 0
 0.833518 0.0704572 0.0857862 0.0102388 0
 0.697417 0.212968 0.0787535 0.0105354 0.000325836
 0 0 0 0 0
ppred_PELACES
 0.541498 0.0963028 0.342552 0.0196468 7.48877e-07
 0.478122 0.2862 0.0495866 0.175998 0.0100934
 0.694047 0.149206 0.0860965 0.014867 0.0557836
 0.814058 0.130777 0.026954 0.0154971 0.0127143
 0.725679 0.225005 0.0347281 0.00712825 0.00745903
 0.800427 0.145617 0.0442699 0.00682164 0.00286512
 0.568242 0.348069 0.0611124 0.0185239 0.00405257
 0.51822 0.277879 0.164496 0.0287768 0.0106287
 0.614607 0.201004 0.106395 0.0629218 0.0150723
 0.693421 0.190367 0.0606793 0.032045 0.0234881
 0.737093 0.183558 0.0493132 0.0156839 0.014352
 0.707711 0.216906 0.0526604 0.0141225 0.008601
 0.627303 0.268476 0.0774492 0.0187034 0.00806832
 0.718058 0.186126 0.0692238 0.0197642 0.00682801
 0.971882 0.0213453 0.0045034 0.00164009 0.000629295
 0.917425 0.0804537 0.00161374 0.000337701 0.000170099
 0.506504 0.455776 0.0367585 0.000731366 0.000230036
 0.930203 0.0365546 0.0307157 0.0024626 6.4387e-05
 0.836552 0.152988 0.00549903 0.00458399 0.000376959
 0.778388 0.187959 0.0315162 0.00112349 0.00101309
 0.799938 0.157782 0.0358907 0.00598374 0.000405526
 0.811248 0.152462 0.0286471 0.00648826 0.00115477
 0.40433 0.487322 0.0875912 0.016386 0.0043707
 0.76656 0.0959709 0.112516 0.0201731 0.00477982
 0.724896 0.212307 0.025856 0.0302364 0.00670464
 0.476943 0.381676 0.109166 0.0132651 0.0189498
 0.7828 0.104824 0.082044 0.0234208 0.00691075
 0.751443 0.195711 0.0255367 0.019939 0.00737043
 0.486396 0.388018 0.0989288 0.0128824 0.0137751
 0.575787 0.208369 0.163132 0.0415233 0.0111879
 0.669063 0.192897 0.0678851 0.053024 0.0171309
 0.566174 0.293607 0.0818459 0.0287093 0.0296638
 0.856427 0.0823606 0.0414611 0.0115293 0.00822164
pobs_pel_tallas
 0 0 0 0 0 0 0 0 0 0 0 0 0 0 0 0 0 0 0 0 0 0 0 0 0 0
 0 0 0 0 0 0 0 0 0 0 0 0 0 0 0 0 0 0 0 0 0 0 0 0 0 0
 0 0 0 0 0 0 0 0 0 0 0 0 0 0 0 0 0 0 0 0 0 0 0 0 0 0
 0 0 0 0 0 0 0 0 0 0 0 0 0 0 0 0 0 0 0 0 0 0 0 0 0 0
 0 0 0 0 0 0 0 0 0 0 0 0 0 0 0 0 0 0 0 0 0 0 0 0 0 0
 0 0 0 0 0 0 0 0 0 0 0 0 0 0 0 0 0 0 0 0 0 0 0 0 0 0
 0 0 0 0 0 0 0 0 0 0 0 0 0 0 0 0 0 0 0 0 0 0 0 0 0 0
 0 0 0 0 0 0 0 0 0 0 0 0 0 0 0 0 0 0 0 0 0 0 0 0 0 0
 0 0 0 0 0 0 0 0 0 0 0 0 0 0 0 0 0 0 0 0 0 0 0 0 0 0
 0 0 0 0 0 0 0 0 0 0 0 0 0 0 0 0 0 0 0 0 0 0 0 0 0 0
 0 0 0 0 0 0 0 0 0 0 0 0 0 0 0 0 0 0 0 0 0 0 0 0 0 0
 0 0 0 0 0 0 0 0 0 0 0 0 0 0 0 0 0 0 0 0 0 0 0 0 0 0
 0.00862536 0 0 0.000197151 0.00414017 0.0128641 0.00837892 0.0270097 0.101434 0.158115 0.152841 0.127902 0.109271 0.109419 0.0830992 0.0579132 0.0238553 0.00714673 0.00463305 0.00128148 0.00103504 0.000492878 0.000147863 0.000147863 4.92878e-05 0
 0 0 0 0 0 0 0 0 0 0 0 0 0 0 0 0 0 0 0 0 0 0 0 0 0 0
 0 0 0 0 0 0 0 0.0054083 0.00873648 0.0413646 0.0450493 0.0745869 0.0622846 0.0627006 0.0613931 0.0827291 0.12552 0.122667 0.0946155 0.0697135 0.0546179 0.0294188 0.0215738 0.0213955 0.0102223 0.00600262
 0 0 0 0 0.00359764 0.0251062 0.0480494 0.140153 0.205849 0.193036 0.1447 0.116669 0.0760912 0.0342217 0.00950174 0.001854 0.000860785 0 0 0 0.000165536 0 0.000143464 0 0 0
 0 0 0 0 0 0 0 0.000145254 0.000435761 0.0275982 0.070085 0.0708112 0.156366 0.174668 0.174014 0.160142 0.0824315 0.0480064 0.0283245 0.00493863 0.00203355 0 0 0 0 0
 0 0 0 0 0 0 0 0 0 0 0 0 0 0 0 0 0 0 0 0 0 0 0 0 0 0
 0 0 1.00437e-05 0.000401748 0.00122533 0.00171747 0.00176769 0.0269171 0.070346 0.194647 0.189555 0.159765 0.064822 0.0314167 0.0384472 0.0292271 0.0345202 0.0313363 0.0194345 0.0106764 0.0143323 0.0359363 0.0279516 0.0138201 0.00172751 0
 0 0.0021121 0.0136068 0.0755702 0.200478 0.177729 0.0527432 0.0373336 0.0318909 0.0142505 0.0149659 0.0166563 0.0217959 0.0798694 0.0677717 0.0528807 0.04013 0.0224614 0.0357745 0.0225083 0.00881397 0.00855152 0.00135912 0.000746735 0 0
 0 0 0 0 5.4009e-05 0.00500934 0.000945158 0.0243581 0.138947 0.33067 0.221406 0.137944 0.0707744 0.0437923 0.0131692 0.00525238 0.0047753 0.00276346 9.45158e-05 9.00151e-06 2.25038e-05 9.00151e-06 4.50075e-06 0 0 0
 0.000866109 0.00284123 0.00948549 0.0512746 0.133035 0.25785 0.225252 0.132002 0.0553304 0.0519788 0.0540692 0.017754 0.00435017 0.00159236 0.00146478 0.000404838 0.000125132 0.000115318 0.000107957 0.000100596 0 0 0 0 0 0
 0 0 0 0 0.00144013 0.00171154 0.00461396 0.0210425 0.0478622 0.0707936 0.0888783 0.103762 0.0637923 0.0337046 0.0602308 0.124433 0.169614 0.0934646 0.0462172 0.0250306 0.0313229 0.00938855 0.002487 0.000210481 0 0
 0 0.00764035 0.051015 0.0998891 0.058973 0.0496711 0.0374665 0.0718981 0.12319 0.153886 0.159021 0.0857701 0.0377988 0.023471 0.0147837 0.00900784 0.00315554 0.000888139 0.00291439 0.00214683 0.00393193 0.00274676 0.000635225 9.99891e-05 0 0
 0 0 0 0 0 0 0 0 0 0 0 0 0 0 0 0 0 0 0 0 0 0 0 0 0 0
 0 0 0 0 0 0 0 0 0 0 0 0 0 0 0 0 0 0 0 0 0 0 0 0 0 0
 0 0 0 0 0 0 0 0 0 0 0 0 0 0 0 0 0 0 0 0 0 0 0 0 0 0
 0 0 0 0 0 0 0 0 0 0 0 0 0 0 0 0 0 0 0 0 0 0 0 0 0 0
 0 0 0 0 0 0 0 0 0 0 0 0 0 0 0 0 0 0 0 0 0 0 0 0 0 0
 0 0 0 0 0 0 0 0 0 0 0 0 0 0 0 0 0 0 0 0 0 0 0 0 0 0
 0 0 0 0 0 0 0 0 0 0 0 0 0 0 0 0 0 0 0 0 0 0 0 0 0 0
 0 0 0 0 0 0 0 0 0 0 0 0 0 0 0 0 0 0 0 0 0 0 0 0 0 0
 0 0 0 0 0 0 0 0 0 0 0 0 0 0 0 0 0 0 0 0 0 0 0 0 0 0
ppred_pel_tallas
 1.11881e-16 4.46025e-05 0.000433552 0.00288111 0.0130971 0.04075 0.0868225 0.126722 0.126732 0.0868706 0.040913 0.0135744 0.00410386 0.00318412 0.00550613 0.00965051 0.0153336 0.0222641 0.0300616 0.0383708 0.0467517 0.0543644 0.0598268 0.0615899 0.0587059 0.0514459
 1.20863e-16 3.93823e-05 0.00038281 0.00254391 0.0115643 0.0359809 0.076662 0.111896 0.111924 0.0767972 0.036435 0.0128773 0.00584428 0.00760363 0.0138035 0.0228998 0.0333463 0.0427688 0.0488569 0.0507549 0.0496504 0.0479453 0.0476229 0.0490616 0.0510419 0.0516968
 1.13454e-16 5.71678e-05 0.000555691 0.00369276 0.0167868 0.05223 0.111282 0.162422 0.162437 0.111353 0.0524683 0.0174767 0.00543042 0.00436838 0.00735589 0.012224 0.0179712 0.0233911 0.0273069 0.0292294 0.0296355 0.0295623 0.0298401 0.0305826 0.0312486 0.0310919
 1.04518e-16 6.70529e-05 0.000651778 0.0043313 0.0196894 0.0612612 0.130524 0.190506 0.190519 0.130586 0.0614685 0.0202882 0.0058353 0.00393858 0.00632006 0.0103715 0.015006 0.0190301 0.021284 0.0212582 0.0193988 0.0167922 0.0144819 0.0129487 0.0120611 0.011381
 1.03037e-16 5.97733e-05 0.000581018 0.00386107 0.0175519 0.0546105 0.116354 0.169827 0.169849 0.11646 0.0549664 0.01858 0.00644201 0.00621618 0.0107648 0.0177094 0.0255235 0.0321362 0.0354779 0.0345969 0.0302203 0.0242482 0.0186032 0.0143326 0.0114815 0.00954684
 1.02484e-16 6.59301e-05 0.000640864 0.00425877 0.0193598 0.0602355 0.128339 0.187317 0.187331 0.128407 0.0604665 0.0200276 0.00593694 0.00431031 0.00705244 0.0116005 0.0168112 0.0213626 0.0239464 0.0239487 0.0217873 0.0185789 0.0154184 0.0128499 0.0108413 0.00910676
 1.04397e-16 4.68054e-05 0.000454966 0.00302341 0.013744 0.0427628 0.091112 0.132988 0.133021 0.091276 0.0433137 0.0153353 0.00701888 0.0091806 0.0166287 0.0274437 0.0395934 0.0499259 0.0552547 0.0541071 0.0475842 0.0385749 0.0299858 0.0233753 0.0187859 0.015463
 1.09503e-16 4.26852e-05 0.000414915 0.00275726 0.0125341 0.0389984 0.0830912 0.12128 0.121307 0.0832232 0.039442 0.0138181 0.00598994 0.00750433 0.013602 0.0226684 0.0332326 0.0430094 0.0496628 0.052072 0.0508854 0.0478418 0.0444619 0.0412137 0.0376732 0.0332744
 1.11983e-16 5.06244e-05 0.000492087 0.00327009 0.0148654 0.0462518 0.0985451 0.143834 0.143853 0.0986406 0.0465727 0.015794 0.00560829 0.00562059 0.00986257 0.0164161 0.0240994 0.0312842 0.036352 0.038597 0.0386051 0.0377138 0.0369985 0.0366164 0.0359288 0.034128
 1.08989e-16 5.71162e-05 0.00055519 0.00368943 0.0167716 0.0521829 0.111182 0.162277 0.162295 0.111272 0.0524853 0.017646 0.00588755 0.0053651 0.00922618 0.015254 0.0221893 0.0283837 0.032209 0.0329564 0.031253 0.0285822 0.0262969 0.024904 0.0240521 0.023027
 1.05472e-16 6.07134e-05 0.000590156 0.00392179 0.0178279 0.0554693 0.118184 0.172497 0.172514 0.118271 0.0557605 0.0186694 0.00603615 0.00521292 0.00886131 0.0146096 0.0211739 0.0269147 0.0302061 0.0303128 0.0278154 0.0241744 0.0207942 0.0183265 0.0166253 0.0151712
 1.04448e-16 5.82932e-05 0.000566631 0.00376546 0.0171173 0.0532583 0.113473 0.165622 0.165643 0.113575 0.053602 0.0181107 0.00626108 0.00602082 0.0104352 0.017208 0.0248983 0.0315548 0.0352265 0.0350159 0.0315942 0.0266997 0.0220406 0.0184701 0.0159174 0.0138654
 1.05545e-16 5.16702e-05 0.000502252 0.00333764 0.0151725 0.0472073 0.100581 0.146807 0.146832 0.100708 0.0476332 0.0164035 0.00643096 0.00726565 0.012928 0.0213734 0.0309782 0.0393644 0.0441345 0.0441752 0.0402841 0.0345463 0.0289923 0.0246076 0.0212795 0.0184038
 1.05183e-16 5.91456e-05 0.000574916 0.00382052 0.0173675 0.0540369 0.115132 0.168042 0.16806 0.11522 0.0543328 0.0182229 0.00597124 0.00528175 0.00903305 0.0149313 0.0217187 0.0277664 0.0314482 0.0320107 0.0299846 0.02674 0.0235646 0.0210095 0.0188967 0.0167735
 1.00407e-16 8.00526e-05 0.00077814 0.00517101 0.0235067 0.073138 0.155828 0.227436 0.227439 0.155838 0.0731718 0.0236044 0.00541637 0.00131422 0.00109953 0.00169464 0.00244198 0.00308902 0.00343834 0.00340141 0.00304572 0.00254538 0.00207233 0.00171379 0.0014641 0.00127125
 1.0013e-16 7.55671e-05 0.000734539 0.00488127 0.0221895 0.06904 0.147097 0.214694 0.214702 0.147135 0.0691668 0.0225558 0.00579993 0.00273739 0.00387169 0.00626102 0.00896476 0.011174 0.0121213 0.0114551 0.00945095 0.00683777 0.00438012 0.00253551 0.00138132 0.000756892
 1.0129e-16 4.17202e-05 0.000405535 0.00269493 0.0122508 0.0381169 0.0812138 0.118543 0.118587 0.0814282 0.0388366 0.0143289 0.00790889 0.0117795 0.0216189 0.0356105 0.0511423 0.0639883 0.0698612 0.0667683 0.056202 0.0421516 0.028769 0.0184934 0.011704 0.00755491
 1.01154e-16 7.66196e-05 0.00074477 0.00494926 0.0224986 0.0700015 0.149146 0.217683 0.217687 0.149163 0.0700601 0.0226685 0.00537755 0.00168604 0.00188267 0.00303904 0.00448149 0.00586589 0.00688928 0.00739883 0.00745301 0.00723234 0.00688041 0.00641713 0.0057814 0.00493644
 1.00722e-16 6.89057e-05 0.000669788 0.00445098 0.0202335 0.0629541 0.134131 0.195771 0.195786 0.134203 0.0631955 0.0209304 0.0061991 0.00448194 0.00729708 0.0119237 0.0170982 0.0213518 0.0232406 0.0221049 0.0184697 0.0137091 0.00925104 0.00592925 0.00385444 0.00269587
 1.01242e-16 6.41149e-05 0.000623219 0.00414151 0.0188267 0.058577 0.124805 0.182161 0.182179 0.124894 0.0588744 0.0196856 0.00629767 0.00533087 0.00900683 0.0147935 0.0213144 0.0268208 0.029569 0.0287419 0.0249204 0.0196689 0.0145896 0.0105855 0.00775766 0.00577213
 1.01745e-16 6.58898e-05 0.000640473 0.00425617 0.0193479 0.0601987 0.12826 0.187203 0.187218 0.128335 0.0604486 0.0200701 0.00606996 0.00460331 0.00760167 0.0124878 0.0180404 0.0228051 0.0253399 0.0249693 0.0221657 0.0181945 0.0143257 0.0112355 0.00894901 0.00716921
 1.01712e-16 6.68215e-05 0.000649529 0.00431635 0.0196215 0.0610498 0.130074 0.189849 0.189864 0.130146 0.0612911 0.0203187 0.00606693 0.0044729 0.00733342 0.0120317 0.017358 0.021895 0.0242431 0.0237523 0.0208962 0.0169296 0.0131173 0.0101419 0.00803335 0.00648191
 1.05036e-16 3.33042e-05 0.000323729 0.00215129 0.0097795 0.0304279 0.0648316 0.0946335 0.0946805 0.0650613 0.0311991 0.0120074 0.00774502 0.0125394 0.0232463 0.0384124 0.0554102 0.0698423 0.0772323 0.0754956 0.06615 0.0532268 0.0408067 0.0311164 0.0242902 0.0193575
 1.06104e-16 6.31405e-05 0.000613749 0.00407858 0.0185406 0.0576868 0.122908 0.17939 0.179399 0.122954 0.0578419 0.0189906 0.0052159 0.00312218 0.00490239 0.00820151 0.0122684 0.0163903 0.0198603 0.0223195 0.0238802 0.0248656 0.025407 0.0252806 0.024109 0.02171
 1.04968e-16 5.97087e-05 0.00058039 0.0038569 0.0175329 0.0545515 0.116229 0.169643 0.169664 0.116329 0.0548873 0.0185029 0.00629189 0.0058971 0.0101609 0.0167149 0.0241043 0.0303904 0.0336533 0.0330435 0.0293012 0.0242547 0.0197039 0.0165487 0.0146749 0.0134249
 1.07786e-16 3.92853e-05 0.000381867 0.00253764 0.0115358 0.0358922 0.0764736 0.111623 0.11166 0.0766538 0.0364977 0.0132855 0.00693404 0.00999349 0.0183354 0.0303594 0.0439865 0.0558522 0.062536 0.0624445 0.0567105 0.0483159 0.040187 0.0337808 0.028992 0.0249917
 1.05913e-16 6.44782e-05 0.000626751 0.00416498 0.0189334 0.0589089 0.125512 0.183191 0.183201 0.125562 0.059077 0.0194204 0.0053929 0.00332557 0.00524386 0.00870856 0.0128713 0.016887 0.0199293 0.0216097 0.0221539 0.0221232 0.0219271 0.0215472 0.0206574 0.0189613
 1.04034e-16 6.18954e-05 0.000601646 0.00399815 0.018175 0.0565493 0.120485 0.175855 0.175874 0.120577 0.0568588 0.0190691 0.00624272 0.00550242 0.00937219 0.0154046 0.022208 0.0279835 0.0309507 0.0303126 0.0267373 0.0219034 0.0174791 0.014324 0.0123805 0.0110935
 1.06578e-16 4.00638e-05 0.000389435 0.00258793 0.0117644 0.0366036 0.0779892 0.113835 0.113873 0.0781723 0.0372186 0.0135418 0.00705274 0.0101474 0.0186051 0.0307805 0.0445374 0.056427 0.062944 0.0624537 0.0561214 0.0470292 0.0382332 0.0313054 0.0262104 0.0221372
 1.10819e-16 4.74269e-05 0.000461006 0.00306355 0.0139265 0.0433305 0.0923209 0.134749 0.13477 0.0924203 0.0436646 0.0148943 0.0055038 0.00582389 0.0103378 0.0172918 0.0255533 0.033498 0.0394741 0.0426937 0.0435902 0.0432745 0.0425733 0.0414851 0.0394159 0.0358365
 1.10225e-16 5.51099e-05 0.000535688 0.00355983 0.0161825 0.0503499 0.107276 0.156577 0.156596 0.107368 0.0506566 0.0170697 0.005791 0.00542078 0.00937612 0.0155298 0.0226472 0.0290917 0.0332501 0.0344331 0.0332781 0.0312452 0.0296107 0.0287581 0.0282027 0.0271396
 1.10337e-16 4.66351e-05 0.000453309 0.0030124 0.013694 0.0426071 0.09078 0.132502 0.13253 0.0909187 0.043073 0.0150405 0.00639615 0.00785277 0.0141375 0.0233996 0.0339463 0.0432129 0.0486239 0.0490266 0.0453654 0.0399739 0.0350694 0.0316366 0.0293631 0.0273376
 1.03766e-16 7.05428e-05 0.000685701 0.00455673 0.0207142 0.0644497 0.137317 0.20042 0.200428 0.137356 0.064581 0.0210941 0.00551282 0.0027812 0.00407494 0.00669009 0.00978408 0.0126295 0.0145338 0.015182 0.0148009 0.0139522 0.0131268 0.012474 0.0118318 0.0109526
pSPR Fmed_Fpbrs
1   0.983762 0.6 0.325 0.983762 0.983762 0.983762
Fs Fmed_Fpbrs
0   0.01 0.356128 0.919692 0.01 0.01 0.01
SSBpbr Bo_Bmed_Bpbrs
1.08781e+06  1.03341e+06  1.01575e+06 598293 299146 1.01575e+06 1.01575e+06 1.01575e+06
Ro
172410
SPR SPRFo_SPRFmed_SPRFpbrs
1.2421e+06 1.2421e+06 1.22193e+06
Fref
0
Nvult_r0
 162374 19089.5 9816.33 2732.89 1948.97
CTP_r0
 23039.8 4715.85 2523.43 704.033 502.14
YTP_r0
356501
Np
 235944 86799.1 31931.6 11747 5911.25
Nvult_p0
 149145 54867.5 20184.6 7425.51 3736.63
CTP_p0
 0 0 0 0 0
 0 0 0 0 0
 0 0 0 0 0
 0 0 0 0 0
 0 0 0 0 0
 0 0 0 0 0
YTP_p0
 0 0 0 0 0 0
CBA_c0
0
log_Ro
11.8776
likeval ReclasPelacesDesembMPH_pf_preclas_ppelaces_ptallas_desvR_qrecl_qpela
 0.000399451 14.5045 0.0902447 49.1616 241.587 141.229 116.188 0 20.6625 9.84221e-08 4.114e-06 0.358623 2066.01 0 0
q_reclas_q_pelaces
1.04537 1.33222
M
1
N
 187821 35623.6 127616 7322.19 0.279106
 94852.3 63860 11208.5 39811 2283.23
 125357 30217.3 17657.6 3051.23 11449.1
 210561 40086.3 8418.04 4844.95 3975.16
 193475 62921.9 9762.76 2004.48 2097.53
 337265 67135.3 20613.6 3178.15 1334.88
 155357 111127 19847.4 6021.69 1317.46
 86263.2 47268.7 28048.5 4907.43 1812.57
 87462.8 30904 16497.9 9761.49 2338.33
 97491.5 29269.4 9421.99 4978.52 3649.22
 125231 32144.5 8664.5 2756.24 2522.19
 121655 44394.6 10987.3 2949.73 1796.57
 67410.8 36145.6 10689.3 2584.95 1115.18
 30854.2 18818.5 7690.64 2207.32 762.78
 137303 3981.64 866.149 315.98 121.251
 301546 35943.9 745.751 156.354 78.7631
 70044.7 76185.8 6274.06 124.977 39.3114
 397119 20430.9 17684.5 1420.18 37.1352
 421804 105048 3906.49 3262.62 268.325
 355578 106324 18252.6 651.52 587.54
 441634 100692 23272.9 3883.53 263.204
 610003 136059 26051.9 5906.67 1051.31
 138489 181957 33017.2 6179.92 1648.44
 334457 45840.3 54281.7 9737.61 2307.29
 346263 110133 13535 15836.1 3511.59
 135254 115148 33159.6 4030.85 5758.38
 315907 46126.1 36447.7 10410.1 3071.78
 372537 104535 13752.4 10742.7 3971.14
 148463 125095 32086.9 4179.73 4469.45
 131763 51078.2 40293.2 10260.5 2764.6
 136315 44558.3 15899.5 12428.4 4015.5
 77136.1 43002.5 12083.3 4240.36 4381.44
 235944 25971.6 13270.3 3693.18 2633.76
pred_Ctot
 9054.08 3301 12428.1 715.006 0.0272583
 8131.2 10262 1887.87 6722.49 385.598
 10480.4 4742.47 2905.15 503.288 1888.74
 25408.9 8854.94 1944.15 1121.63 920.385
 6975.09 4395.73 717.425 147.705 154.583
 22445.5 8484.05 2734.18 422.651 177.545
 17248.4 22734.3 4248.1 1292.02 282.712
 1430.09 1538.09 961.388 168.681 62.3118
 5032.75 3397.07 1904.68 1129.95 270.714
 6450.52 3678.31 1242.82 658.421 482.684
 2887.67 1448.65 411.131 131.149 120.03
 15052 10033.8 2595.73 698.535 425.505
 10509.5 10067.9 3105 752.568 324.707
 13748.5 12120.9 5064.36 1455.24 502.918
 25730.7 1304.08 295.179 107.914 41.4146
 61551.1 12672.3 273.247 57.4075 28.9221
 9345.59 18445.3 1586.68 31.6804 9.96628
 72439.4 6536.34 5889.03 473.946 12.3943
 86548.4 37201.1 1437.65 1203.18 98.9626
 52863.9 28383.2 5084.07 181.89 164.048
 46040.7 19432.2 4701.3 786.438 53.3073
 74198.7 30275 6060.34 1377.33 245.18
 8851.53 22122.3 4214.1 790.838 210.978
 22379.8 5823.06 7237.14 1301.67 308.468
 21197.3 12847.9 1657.92 1944.9 431.333
 6277.66 10285.6 3113.38 379.481 542.194
 20244.9 5622.3 4663.75 1335.55 394.144
 20693.3 11107.3 1534.93 1202.21 444.468
 6113.14 9947.59 2683 350.444 374.789
 6772.71 5036.04 4174.27 1065.8 287.213
 12431.9 7589.53 2837.39 2223.53 718.499
 4162.88 4443.97 1311.83 461.586 477.01
 23039.8 4715.85 2523.43 704.033 502.14
F
 0.0787951 0.15634 0.164881 0.165356 0.165381
 0.143905 0.285528 0.301125 0.301994 0.302039
 0.140131 0.278039 0.293228 0.294073 0.294118
 0.207879 0.41246 0.434991 0.436245 0.436311
 0.0584354 0.115944 0.122277 0.12263 0.122649
 0.110193 0.218639 0.230582 0.231247 0.231282
 0.189876 0.376741 0.397321 0.398467 0.398527
 0.0265179 0.0526153 0.0554894 0.0556494 0.0556579
 0.0946707 0.18784 0.198101 0.198672 0.198702
 0.109523 0.217309 0.22918 0.229841 0.229876
 0.0370456 0.0735036 0.0775188 0.0777423 0.0777541
 0.213633 0.423877 0.447031 0.44832 0.448388
 0.275965 0.547553 0.577463 0.579128 0.579216
 1.04758 2.07854 2.19208 2.1984 2.19873
 0.340227 0.675058 0.711934 0.713987 0.714095
 0.375748 0.745536 0.786262 0.788529 0.788649
 0.232084 0.460486 0.485641 0.487041 0.487115
 0.329821 0.654411 0.690159 0.692149 0.692254
 0.378053 0.75011 0.791086 0.793367 0.793487
 0.261674 0.519198 0.54756 0.549139 0.549222
 0.177397 0.35198 0.371207 0.372277 0.372334
 0.209692 0.416057 0.438785 0.44005 0.440117
 0.10563 0.209584 0.221033 0.22167 0.221704
 0.110821 0.219885 0.231897 0.232565 0.232601
 0.100979 0.200356 0.211301 0.21191 0.211942
 0.0757716 0.150341 0.158554 0.159011 0.159035
 0.105924 0.210168 0.221649 0.222288 0.222321
 0.091261 0.181074 0.190966 0.191517 0.191546
 0.0669774 0.132892 0.140152 0.140556 0.140577
 0.0842043 0.167073 0.1762 0.176708 0.176735
 0.153708 0.304978 0.321637 0.322565 0.322614
 0.0885688 0.175733 0.185332 0.185867 0.185895
 0.165356 0.328089 0.346011 0.347009 0.347061
YTP_r0W_actual
 173720 82291.5 60738.8 22050.3 17700.4
YTP_p0W_proyectada
 0 0 0 0 0
 0 0 0 0 0
 0 0 0 0 0
 0 0 0 0 0
 0 0 0 0 0
 0 0 0 0 0
CTP_r0_actual
 23039.8 4715.85 2523.43 704.033 502.14
CTP_p0_proyectada
 0 0 0 0 0
 0 0 0 0 0
 0 0 0 0 0
 0 0 0 0 0
 0 0 0 0 0
 0 0 0 0 0
Wmedp
 7.54 17.45 24.07 31.32 35.25
Frms_r0
 0.165356 0.328089 0.346011 0.347009 0.347061
Zrms_r0
 1.16536 1.32809 1.34601 1.34701 1.34706
nmprior
 7.29 8.9 8.7 0
nm_flota  nm_reclas  nm_pelaces    nm_pelaL
inf 10.5025 19.357 63.3248
cv_recla  cv_pelaces  cv_mph
0.576954 0.417197 0.562173
 ------------------------------------------------
Talla a la edad & desviaci?n 
 8 13.2811 15.8009 17.003 17.5766
 0.8 1.32811 1.58009 1.7003 1.75766
