years
 1991 1992 1993 1994 1995 1996 1997 1998 1999 2000 2001 2002 2003 2004 2005 2006 2007 2008 2009 2010 2011 2012 2013 2014 2015 2016 2017 2018 2019 2020 2021 2022 2023
reclasobs
 0 0 0 0 0 0 0 0 0 252601 567819 844713 477998 351125 339783 2.1784e+06 2.13404e+06 4.81314e+06 1.55562e+06 2.62356e+06 3.21686e+06 3.843e+06 1.13348e+06 3.07943e+06 1.97215e+06 2.03268e+06 2.025e+06 2.42433e+06 2.27542e+06 1.05018e+06 2.36338e+06 3.18982e+06 1.53035e+06
reclaspred
 3.36299e+06 1.87656e+06 998408 1.18977e+06 1.36285e+06 2.33526e+06 1.76411e+06 1.81306e+06 1.47279e+06 1.15317e+06 897183 816490 556880 220440 659941 1.00181e+06 908850 1.62431e+06 1.66202e+06 1.58084e+06 3.09386e+06 2.70222e+06 2.32351e+06 3.32513e+06 2.62223e+06 2.36894e+06 2.75496e+06 2.97085e+06 2.61572e+06 1.96254e+06 1.62212e+06 1.50541e+06 1.71496e+06
pelacesobs
 0 0 0 0 0 0 0 0 0 0 0 0 0 0 0 552880 188675 0 991730 2.46772e+06 1.41603e+06 1.21717e+06 2.29649e+06 1.80582e+06 0 1.4828e+06 1.56532e+06 1.57751e+06 1.42118e+06 867257 1.10002e+06 1.06204e+06 0
pelacespred
 1.92362e+06 1.19905e+06 631671 620385 729872 1.32585e+06 980242 1.16149e+06 959308 729380 592534 443381 313035 109856 402921 500496 446236 889555 947075 808294 1.65086e+06 1.55294e+06 1.34231e+06 2.09487e+06 1.5947e+06 1.42824e+06 1.91134e+06 1.85961e+06 1.46832e+06 1.2656e+06 949850 871097 991150
mphobs
 0 0 0 0 0 0 0 0 0 0 0 0 498337 0 5186 125008 0 168611 109162 213762 579715 649985 157893 87575 83554 210694 70296 0 107559 103333 445601 22526 28222
mphpred
 742809 496056 246715 146368 197450 249505 370287 291251 275034 228502 158347 148851 120708 59900.4 18377.6 93092.9 157353 140141 205469 315350 440942 579261 107673 97948.5 132214 110818 96567.4 104576 143969 114390 73621.6 67225.6 44297.4
desembarqueobs
 494567 514787 250237 358949 120608 361735 552515 73892 212993 205616 52469 317467 293654 387597 252695 516296 358380 742168 942051 627588 828172 859565 418607 520667 417249 300574 415391 372974 316634 284311 391294 218835 356480
desembarquepred
 494570 513211 251084 358975 120612 361747 552539 73894 213010 205639 52471.8 317555 293904 388275 252685 516289 358408 742034 941660 627408 828261 859594 418630 520726 417248 300592 415414 372973 316624 284297 391349 218856 356495
Reclutas
 213740 110587 152607 278695 257117 440337 207378 116389 114545 120098 145897 130039 72615 36650.7 163274 350034 88822.4 456539 481883 413908 546840 756927 179342 436006 441913 177108 407339 478125 188973 165635 178237 103660 328595
log_desv_Rt
 -0.00218069 -0.661138 -0.339074 0.263178 0.182592 0.7206 -0.0323954 -0.610003 -0.625973 -0.578633 -0.38404 -0.499105 -1.08177 -1.76551 -0.271509 0.491088 -0.880303 0.756734 0.81076 0.658702 0.937216 1.26233 -0.177647 0.710715 0.724171 -0.190184 0.642704 0.802932 -0.125338 -0.257155 -0.183825 -0.725821 0.427885
SSB
 3.76285e+06 2.51287e+06 1.24978e+06 741457 1.00022e+06 1.26392e+06 1.87576e+06 1.47539e+06 1.39324e+06 1.15752e+06 802139 754034 585422 296147 90312.5 456976 797102 709911 1.0743e+06 1.087e+06 1.55486e+06 2.1284e+06 2.19955e+06 1.93406e+06 2.46193e+06 2.17912e+06 1.79873e+06 1.88146e+06 2.67704e+06 2.01215e+06 1.46101e+06 1.36898e+06 837136
BT
 5.01435e+06 3.3735e+06 1.76087e+06 1.7774e+06 1.83221e+06 3.45912e+06 2.83584e+06 2.82406e+06 2.495e+06 1.93311e+06 1.46044e+06 1.33809e+06 1.02161e+06 667928 1.20907e+06 1.63786e+06 1.35227e+06 2.77513e+06 3.16674e+06 2.47796e+06 4.58452e+06 4.51833e+06 3.56056e+06 5.46891e+06 4.19492e+06 3.66581e+06 4.97514e+06 4.79021e+06 3.7588e+06 3.28755e+06 2.63309e+06 2.26124e+06 2.67851e+06
Ftot
 0.120872 0.218908 0.211879 0.309527 0.0855605 0.164072 0.27403 0.0376375 0.135853 0.159644 0.057183 0.353625 0.461711 1.46104 0.532461 0.602099 0.357452 0.517385 0.606644 0.417257 0.278367 0.324017 0.159898 0.165801 0.151279 0.114336 0.159868 0.139578 0.103002 0.128688 0.229767 0.12973 0.234179
BD_Bspro_t
 0.980976 0.86749 0.729164 0.671359 0.706151 0.784325 0.796311 0.715927 0.774247 0.774826 0.759917 0.806301 0.658533 0.436613 0.210097 0.543182 0.56834 0.521445 0.559387 0.524179 0.557125 0.627898 0.66569 0.675033 0.753049 0.774373 0.779428 0.803892 0.844143 0.807298 0.770708 0.745996 0.739579
BD_Bspro
 2.43832 1.62833 0.809855 0.480462 0.648141 0.819014 1.21549 0.956048 0.902816 0.750071 0.519783 0.488611 0.379352 0.191902 0.0585222 0.296119 0.516519 0.46002 0.696146 0.704376 1.00754 1.37919 1.4253 1.25327 1.59532 1.41206 1.16557 1.21918 1.73471 1.30387 0.946728 0.887094 0.542461
BD_Bo
 2.47926 1.65568 0.823456 0.488531 0.659026 0.832769 1.2359 0.972104 0.917978 0.762668 0.528513 0.496817 0.385723 0.195125 0.059505 0.301092 0.525194 0.467746 0.707837 0.716205 1.02447 1.40236 1.44924 1.27431 1.62211 1.43578 1.18515 1.23965 1.76385 1.32577 0.962627 0.901992 0.551571
BD_Brms
 2.65558 1.77342 0.882015 0.523272 0.705892 0.891991 1.32379 1.04123 0.98326 0.816904 0.566098 0.532148 0.413153 0.209001 0.0637367 0.322504 0.562543 0.501009 0.758175 0.767138 1.09732 1.50208 1.5523 1.36494 1.73747 1.53788 1.26943 1.32781 1.88928 1.42005 1.03108 0.966137 0.590796
Sel_flota
 0.490352 0.948134 0.997129 0.999848 0.999992
 0.490352 0.948134 0.997129 0.999848 0.999992
 0.490352 0.948134 0.997129 0.999848 0.999992
 0.490352 0.948134 0.997129 0.999848 0.999992
 0.490352 0.948134 0.997129 0.999848 0.999992
 0.490352 0.948134 0.997129 0.999848 0.999992
 0.490352 0.948134 0.997129 0.999848 0.999992
 0.490352 0.948134 0.997129 0.999848 0.999992
 0.490352 0.948134 0.997129 0.999848 0.999992
 0.490352 0.948134 0.997129 0.999848 0.999992
 0.490352 0.948134 0.997129 0.999848 0.999992
 0.490352 0.948134 0.997129 0.999848 0.999992
 0.490352 0.948134 0.997129 0.999848 0.999992
 0.490352 0.948134 0.997129 0.999848 0.999992
 0.490352 0.948134 0.997129 0.999848 0.999992
 0.490352 0.948134 0.997129 0.999848 0.999992
 0.490352 0.948134 0.997129 0.999848 0.999992
 0.490352 0.948134 0.997129 0.999848 0.999992
 0.490352 0.948134 0.997129 0.999848 0.999992
 0.490352 0.948134 0.997129 0.999848 0.999992
 0.490352 0.948134 0.997129 0.999848 0.999992
 0.490352 0.948134 0.997129 0.999848 0.999992
 0.490352 0.948134 0.997129 0.999848 0.999992
 0.490352 0.948134 0.997129 0.999848 0.999992
 0.490352 0.948134 0.997129 0.999848 0.999992
 0.490352 0.948134 0.997129 0.999848 0.999992
 0.490352 0.948134 0.997129 0.999848 0.999992
 0.490352 0.948134 0.997129 0.999848 0.999992
 0.490352 0.948134 0.997129 0.999848 0.999992
 0.490352 0.948134 0.997129 0.999848 0.999992
 0.490352 0.948134 0.997129 0.999848 0.999992
 0.490352 0.948134 0.997129 0.999848 0.999992
 0.490352 0.948134 0.997129 0.999848 0.999992
Sel_reclas
 1 1 1 1 1
 1 1 1 1 1
 1 1 1 1 1
 1 1 1 1 1
 1 1 1 1 1
 1 1 1 1 1
 1 1 1 1 1
 1 1 1 1 1
 1 1 1 1 1
 1 1 1 1 1
 1 1 1 1 1
 1 1 1 1 1
 1 1 1 1 1
 1 1 1 1 1
 1 1 1 1 1
 1 1 1 1 1
 1 1 1 1 1
 1 1 1 1 1
 1 1 1 1 1
 1 1 1 1 1
 1 1 1 1 1
 1 1 1 1 1
 1 1 1 1 1
 1 1 1 1 1
 1 1 1 1 1
 1 1 1 1 1
 1 1 1 1 1
 1 1 1 1 1
 1 1 1 1 1
 1 1 1 1 1
 1 1 1 1 1
 1 1 1 1 1
 1 1 1 1 1
Sel_pelaces
 1 1 1 1 1
 1 1 1 1 1
 1 1 1 1 1
 1 1 1 1 1
 1 1 1 1 1
 1 1 1 1 1
 1 1 1 1 1
 1 1 1 1 1
 1 1 1 1 1
 1 1 1 1 1
 1 1 1 1 1
 1 1 1 1 1
 1 1 1 1 1
 1 1 1 1 1
 1 1 1 1 1
 1 1 1 1 1
 1 1 1 1 1
 1 1 1 1 1
 1 1 1 1 1
 1 1 1 1 1
 1 1 1 1 1
 1 1 1 1 1
 1 1 1 1 1
 1 1 1 1 1
 1 1 1 1 1
 1 1 1 1 1
 1 1 1 1 1
 1 1 1 1 1
 1 1 1 1 1
 1 1 1 1 1
 1 1 1 1 1
 1 1 1 1 1
 1 1 1 1 1
pf_obs 
 0.8446 0.082 0.0669 0.0065 0
 0.8095 0.147 0.0364 0.0071 0
 0.9664 0.0169 0.016 0.0007 0
 0.9276 0.0648 0.0075 0.0001 0
 0.7033 0.2144 0.0806 0.0017 0
 0.9318 0.0425 0.0243 0.0014 0
 0.5671 0.3108 0.0964 0.0239 0.0018
 0.0768 0.2599 0.5324 0.112 0.0189
 0.490249 0.384438 0.106611 0.0170017 0.00170017
 0.7925 0.1577 0.0466 0.003 0.0002
 0.840416 0.127587 0.0312969 0.00059994 9.999e-05
 0.8084 0.0986 0.0794 0.0134 0.0002
 0.7335 0.1905 0.0724 0.0035 0.0001
 0.4001 0.4547 0.1325 0.0127 0
 0.49795 0.308269 0.164784 0.0264974 0.00249975
 0.9179 0.0499 0.0305 0.0017 0
 0.2467 0.6533 0.0926 0.0074 0
 0.9418 0.0223 0.034 0.0019 0
 0.707729 0.231977 0.0356964 0.0245975 0
 0.517169 0.277429 0.184464 0.0207286 0.00020938
 0.811772 0.124168 0.05621 0.00726502 0.000585176
 0.764997 0.148141 0.077277 0.00933861 0.000247198
 0.163321 0.427699 0.378323 0.0303852 0.000271297
 0.753843 0.0900009 0.118128 0.0371064 0.000921714
 0.721811 0.176058 0.0630433 0.0369309 0.00215725
 0.143369 0.312575 0.442814 0.0836902 0.0175525
 0.692698 0.0596174 0.167031 0.0765114 0.00414204
 0.394062 0.376323 0.152708 0.0712218 0.00568511
 0.125707 0.32114 0.495352 0.0537591 0.00404204
 0.23352 0.215282 0.420074 0.123614 0.00750983
 0.796117 0.104755 0.0508955 0.0450114 0.00322123
 0.162477 0.292055 0.404252 0.121198 0.0200186
 0 0 0 0 0
pf_pred 
 0.321615 0.117368 0.533265 0.0277511 1.08004e-06
 0.280697 0.349215 0.0668043 0.288321 0.014963
 0.497342 0.221376 0.140548 0.0254653 0.115268
 0.667731 0.221484 0.0503175 0.0302604 0.0302073
 0.552332 0.360016 0.0595588 0.0127819 0.0153115
 0.644961 0.249112 0.0860275 0.0135336 0.00636576
 0.370834 0.491357 0.0982141 0.0321747 0.00742081
 0.330036 0.363088 0.242587 0.0458577 0.0184312
 0.411691 0.284758 0.168228 0.107034 0.0282892
 0.484531 0.298482 0.107904 0.0605301 0.0485525
 0.547785 0.293396 0.0940391 0.0322614 0.0325189
 0.489824 0.356379 0.10155 0.0309712 0.0212761
 0.403336 0.397629 0.14151 0.0380249 0.0195
 0.399758 0.357816 0.164962 0.055131 0.0223332
 0.903784 0.0641289 0.019884 0.00831789 0.00388487
 0.80583 0.185225 0.00609079 0.00177057 0.00108272
 0.315541 0.616896 0.0646454 0.00198891 0.000928282
 0.821398 0.0869999 0.0830293 0.00820341 0.000368984
 0.659621 0.310008 0.015283 0.0136811 0.00140758
 0.587034 0.334846 0.0715727 0.00330063 0.00324677
 0.642428 0.267801 0.0736107 0.0148105 0.00135027
 0.649911 0.274597 0.057334 0.0148977 0.00326067
 0.24145 0.600158 0.125771 0.0247936 0.00782769
 0.593332 0.155609 0.200804 0.0399288 0.0103265
 0.541927 0.340833 0.0463442 0.0567367 0.0141586
 0.301798 0.486758 0.159469 0.0205809 0.0313938
 0.615886 0.174784 0.148204 0.046133 0.0149928
 0.582191 0.317776 0.0468434 0.0376894 0.0154999
 0.306846 0.505786 0.144303 0.0201972 0.022868
 0.378975 0.285419 0.248252 0.0673203 0.020034
 0.47839 0.284509 0.11206 0.0925623 0.0324784
 0.378179 0.4033 0.122224 0.0455849 0.0507125
 0.728968 0.146979 0.081943 0.0235829 0.0185269
pobs_RECLAS
 0 0 0 0 0
 0 0 0 0 0
 0 0 0 0 0
 0 0 0 0 0
 0 0 0 0 0
 0 0 0 0 0
 0 0 0 0 0
 0 0 0 0 0
 0 0 0 0 0
 0 0 0 0 0
 0.991045 0.00858322 0.000360255 1.14367e-05 0
 0.934742 0.0480273 0.0164251 0.00080598 0
 0.827803 0.169806 0.00239088 0 0
 0.941827 0.0461693 0.0120037 0 0
 0.791401 0.0380133 0.147996 0.0225897 0
 0.846168 0.0940531 0.0597789 0 0
 0.134021 0.677848 0.182769 0.00536245 0
 0.80878 0.0450904 0.141981 0.00414843 0
 0.846168 0.0940531 0.0597789 0 0
 0.905697 0.0802665 0.012482 0.00150086 5.37128e-05
 0.989698 0.0102097 9.19794e-05 0 0
 0.975433 0.0193895 0.00387452 0.00125025 5.28907e-05
 0.303575 0.632131 0.0575291 0.00676475 0
 0.966965 0.00978017 0.0227588 0.000495775 0
 0.843318 0.132988 0.00938335 0.0141283 0.000182051
 0.564624 0.303363 0.111486 0.0197234 0.00080311
 0.826376 0.0876187 0.0782897 0.00655872 0.00115652
 0.89761 0.0855135 0.0140674 0.00269457 0.000114338
 0.34875 0.467042 0.161289 0.0227151 0.000203297
 0.318654 0.224769 0.449479 0.00709798 0
 0.937255 0.0296025 0.0250945 0.00804832 0
 0.456809 0.399803 0.12412 0.0192676 0
 0.883104 0.0372192 0.0704036 0.00927362 0
ppred_RECLAS
 0.489993 0.0920248 0.397359 0.0206217 8.02453e-07
 0.439081 0.279853 0.0508511 0.218859 0.0113565
 0.665319 0.15177 0.0915283 0.0165376 0.074846
 0.800423 0.135388 0.0291998 0.0175111 0.0174778
 0.707398 0.237655 0.0373704 0.00799804 0.00957952
 0.782166 0.155174 0.0509157 0.00798778 0.00375664
 0.538483 0.364518 0.0691854 0.0226016 0.00521209
 0.493973 0.280649 0.178266 0.0336068 0.0135054
 0.582874 0.207346 0.116404 0.0738574 0.0195178
 0.651562 0.206206 0.0708303 0.0396235 0.0317782
 0.704997 0.19485 0.0593701 0.020312 0.0204713
 0.657216 0.243251 0.0657843 0.0200066 0.0137417
 0.576454 0.287285 0.0969608 0.0259794 0.0133208
 0.595175 0.24759 0.107113 0.0356738 0.0144485
 0.950003 0.0339255 0.00997042 0.00415875 0.00194205
 0.892527 0.102776 0.00320152 0.000927948 0.00056736
 0.476715 0.474021 0.0471425 0.00144631 0.000674933
 0.903669 0.0482177 0.0436222 0.00429748 0.000193268
 0.795428 0.187222 0.00874317 0.00780383 0.000802774
 0.739048 0.213673 0.0433274 0.00199238 0.00195958
 0.780848 0.166259 0.0433933 0.00870628 0.000793636
 0.786513 0.169328 0.0335605 0.00869586 0.00190298
 0.385059 0.491709 0.0979085 0.0192477 0.0060759
 0.745674 0.100441 0.12315 0.02442 0.00631468
 0.699935 0.226242 0.029231 0.0356873 0.00890441
 0.460234 0.382122 0.118977 0.0153129 0.0233546
 0.762444 0.111162 0.0895594 0.027801 0.00903378
 0.732866 0.205695 0.0288134 0.0231189 0.00950637
 0.465621 0.395292 0.107188 0.0149613 0.0169373
 0.549421 0.212878 0.175957 0.0475844 0.0141587
 0.647167 0.197074 0.0737256 0.0607281 0.0213053
 0.546226 0.299666 0.0863039 0.0320995 0.035705
 0.843257 0.0870385 0.0460881 0.0132271 0.0103898
pobs_PELACES
 0 0 0 0 0
 0 0 0 0 0
 0 0 0 0 0
 0 0 0 0 0
 0 0 0 0 0
 0 0 0 0 0
 0 0 0 0 0
 0 0 0 0 0
 0 0 0 0 0
 0 0 0 0 0
 0 0 0 0 0
 0 0 0 0 0
 0 0 0 0 0
 0 0 0 0 0
 0 0 0 0 0
 0 0 0 0 0
 0.505614 0.472636 0.0217494 0 0
 0 0 0 0 0
 0.443492 0.261883 0.143347 0.151278 0
 0.227955 0.32914 0.350689 0.0885471 0.00366901
 0.970185 0.0296113 0.000203453 0 0
 0.997202 0.00247181 0.000326279 0 0
 0.445219 0.490057 0.0546422 0.010081 0
 0.90214 0.0892962 0.00764917 0.000914606 0
 0 0 0 0 0
 0.581667 0.319106 0.0959925 0.00289975 0.000334073
 0.762889 0.0836404 0.116647 0.0363945 0.000428098
 0.88444 0.0763242 0.0277011 0.0115352 0
 0.521256 0.241999 0.230069 0.00667565 0
 0.616807 0.101726 0.260614 0.0208532 0
 0.833518 0.0704572 0.0857862 0.0102388 0
 0.697417 0.212968 0.0787535 0.0105354 0.000325836
 0 0 0 0 0
ppred_PELACES
 0.494959 0.0912753 0.393354 0.0204116 7.94273e-07
 0.447699 0.276064 0.0499854 0.21509 0.0111608
 0.672832 0.148648 0.0893394 0.016139 0.0730415
 0.808045 0.130433 0.0279908 0.0167814 0.0167492
 0.71012 0.235505 0.0369813 0.00791415 0.00947901
 0.786489 0.152212 0.0498114 0.00781338 0.0036746
 0.548987 0.356558 0.0673755 0.0220049 0.00507442
 0.495463 0.279899 0.177682 0.0334955 0.0134606
 0.58813 0.204966 0.114815 0.0728404 0.0192489
 0.657261 0.203053 0.0695675 0.0389114 0.0312069
 0.706856 0.193684 0.0589602 0.0201708 0.0203288
 0.669522 0.234915 0.0631677 0.0192047 0.0131907
 0.593973 0.276073 0.0924837 0.0247695 0.0127002
 0.649169 0.216566 0.0915038 0.0304353 0.012326
 0.953813 0.031429 0.00915754 0.00381787 0.00178282
 0.900984 0.0947293 0.00292228 0.000846553 0.00051758
 0.490335 0.461934 0.0456757 0.00140086 0.000653713
 0.910604 0.0449346 0.0403134 0.00396967 0.000178522
 0.810068 0.173972 0.00804506 0.00717681 0.000738253
 0.751249 0.203932 0.0410741 0.00188806 0.00185694
 0.788142 0.160902 0.0418064 0.0083858 0.000764412
 0.794795 0.162937 0.0321252 0.00832152 0.00182103
 0.390919 0.487279 0.0967757 0.0190223 0.0060047
 0.750702 0.098617 0.12059 0.0239088 0.00618244
 0.704843 0.22268 0.0287006 0.0350349 0.00874158
 0.464664 0.379193 0.117847 0.0151659 0.0231303
 0.76704 0.109163 0.0877224 0.0272269 0.00884714
 0.737077 0.202561 0.0283103 0.0227124 0.00933917
 0.469605 0.392518 0.106259 0.0148303 0.0167888
 0.554504 0.210711 0.173804 0.0469967 0.0139837
 0.655433 0.192782 0.0718525 0.0591731 0.0207595
 0.551259 0.296558 0.0852299 0.0316963 0.0352563
 0.848097 0.0844954 0.0445724 0.0127894 0.0100458
pobs_pel_tallas
 0 0 0 0 0 0 0 0 0 0 0 0 0 0 0 0 0 0 0 0 0 0 0 0 0 0
 0 0 0 0 0 0 0 0 0 0 0 0 0 0 0 0 0 0 0 0 0 0 0 0 0 0
 0 0 0 0 0 0 0 0 0 0 0 0 0 0 0 0 0 0 0 0 0 0 0 0 0 0
 0 0 0 0 0 0 0 0 0 0 0 0 0 0 0 0 0 0 0 0 0 0 0 0 0 0
 0 0 0 0 0 0 0 0 0 0 0 0 0 0 0 0 0 0 0 0 0 0 0 0 0 0
 0 0 0 0 0 0 0 0 0 0 0 0 0 0 0 0 0 0 0 0 0 0 0 0 0 0
 0 0 0 0 0 0 0 0 0 0 0 0 0 0 0 0 0 0 0 0 0 0 0 0 0 0
 0 0 0 0 0 0 0 0 0 0 0 0 0 0 0 0 0 0 0 0 0 0 0 0 0 0
 0 0 0 0 0 0 0 0 0 0 0 0 0 0 0 0 0 0 0 0 0 0 0 0 0 0
 0 0 0 0 0 0 0 0 0 0 0 0 0 0 0 0 0 0 0 0 0 0 0 0 0 0
 0 0 0 0 0 0 0 0 0 0 0 0 0 0 0 0 0 0 0 0 0 0 0 0 0 0
 0 0 0 0 0 0 0 0 0 0 0 0 0 0 0 0 0 0 0 0 0 0 0 0 0 0
 0.00862536 0 0 0.000197151 0.00414017 0.0128641 0.00837892 0.0270097 0.101434 0.158115 0.152841 0.127902 0.109271 0.109419 0.0830992 0.0579132 0.0238553 0.00714673 0.00463305 0.00128148 0.00103504 0.000492878 0.000147863 0.000147863 4.92878e-05 0
 0 0 0 0 0 0 0 0 0 0 0 0 0 0 0 0 0 0 0 0 0 0 0 0 0 0
 0 0 0 0 0 0 0 0.0054083 0.00873648 0.0413646 0.0450493 0.0745869 0.0622846 0.0627006 0.0613931 0.0827291 0.12552 0.122667 0.0946155 0.0697135 0.0546179 0.0294188 0.0215738 0.0213955 0.0102223 0.00600262
 0 0 0 0 0.00359764 0.0251062 0.0480494 0.140153 0.205849 0.193036 0.1447 0.116669 0.0760912 0.0342217 0.00950174 0.001854 0.000860785 0 0 0 0.000165536 0 0.000143464 0 0 0
 0 0 0 0 0 0 0 0.000145254 0.000435761 0.0275982 0.070085 0.0708112 0.156366 0.174668 0.174014 0.160142 0.0824315 0.0480064 0.0283245 0.00493863 0.00203355 0 0 0 0 0
 0 0 0 0 0 0 0 0 0 0 0 0 0 0 0 0 0 0 0 0 0 0 0 0 0 0
 0 0 1.00437e-05 0.000401748 0.00122533 0.00171747 0.00176769 0.0269171 0.070346 0.194647 0.189555 0.159765 0.064822 0.0314167 0.0384472 0.0292271 0.0345202 0.0313363 0.0194345 0.0106764 0.0143323 0.0359363 0.0279516 0.0138201 0.00172751 0
 0 0.0021121 0.0136068 0.0755702 0.200478 0.177729 0.0527432 0.0373336 0.0318909 0.0142505 0.0149659 0.0166563 0.0217959 0.0798694 0.0677717 0.0528807 0.04013 0.0224614 0.0357745 0.0225083 0.00881397 0.00855152 0.00135912 0.000746735 0 0
 0 0 0 0 5.4009e-05 0.00500934 0.000945158 0.0243581 0.138947 0.33067 0.221406 0.137944 0.0707744 0.0437923 0.0131692 0.00525238 0.0047753 0.00276346 9.45158e-05 9.00151e-06 2.25038e-05 9.00151e-06 4.50075e-06 0 0 0
 0.000866109 0.00284123 0.00948549 0.0512746 0.133035 0.25785 0.225252 0.132002 0.0553304 0.0519788 0.0540692 0.017754 0.00435017 0.00159236 0.00146478 0.000404838 0.000125132 0.000115318 0.000107957 0.000100596 0 0 0 0 0 0
 0 0 0 0 0.00144013 0.00171154 0.00461396 0.0210425 0.0478622 0.0707936 0.0888783 0.103762 0.0637923 0.0337046 0.0602308 0.124433 0.169614 0.0934646 0.0462172 0.0250306 0.0313229 0.00938855 0.002487 0.000210481 0 0
 0 0.00764035 0.051015 0.0998891 0.058973 0.0496711 0.0374665 0.0718981 0.12319 0.153886 0.159021 0.0857701 0.0377988 0.023471 0.0147837 0.00900784 0.00315554 0.000888139 0.00291439 0.00214683 0.00393193 0.00274676 0.000635225 9.99891e-05 0 0
 0 0 0 0 0 0 0 0 0 0 0 0 0 0 0 0 0 0 0 0 0 0 0 0 0 0
 0 0 0 0 0 0 0 0 0 0 0 0 0 0 0 0 0 0 0 0 0 0 0 0 0 0
 0 0 0 0 0 0 0 0 0 0 0 0 0 0 0 0 0 0 0 0 0 0 0 0 0 0
 0 0 0 0 0 0 0 0 0 0 0 0 0 0 0 0 0 0 0 0 0 0 0 0 0 0
 0 0 0 0 0 0 0 0 0 0 0 0 0 0 0 0 0 0 0 0 0 0 0 0 0 0
 0 0 0 0 0 0 0 0 0 0 0 0 0 0 0 0 0 0 0 0 0 0 0 0 0 0
 0 0 0 0 0 0 0 0 0 0 0 0 0 0 0 0 0 0 0 0 0 0 0 0 0 0
 0 0 0 0 0 0 0 0 0 0 0 0 0 0 0 0 0 0 0 0 0 0 0 0 0 0
 0 0 0 0 0 0 0 0 0 0 0 0 0 0 0 0 0 0 0 0 0 0 0 0 0 0
ppred_pel_tallas
 1.13422e-16 4.07691e-05 0.00039629 0.00263349 0.0119715 0.0372477 0.0793605 0.115831 0.11584 0.0794067 0.0374044 0.0124316 0.00381704 0.0030739 0.00540056 0.00957779 0.0154513 0.0228726 0.0315854 0.0412617 0.0513261 0.0606371 0.0674267 0.0698157 0.0667112 0.0584787
 1.24973e-16 3.68764e-05 0.000358452 0.00238204 0.0108284 0.0336914 0.0717841 0.104777 0.104803 0.0719146 0.0341299 0.0120965 0.00557059 0.00733886 0.013356 0.0221969 0.0324177 0.0417946 0.0481888 0.0508744 0.0510697 0.0510863 0.0527073 0.0560306 0.0595237 0.0610422
 1.16596e-16 5.54203e-05 0.000538705 0.00357988 0.0162736 0.0506334 0.10788 0.157458 0.157472 0.107951 0.0508711 0.0169617 0.00531339 0.00434414 0.00734592 0.0122258 0.0180132 0.0235342 0.0276535 0.0299264 0.0308654 0.0315178 0.0326835 0.0343936 0.0359767 0.0365314
 1.05359e-16 6.65576e-05 0.000646964 0.0042993 0.019544 0.0608088 0.12956 0.189099 0.189112 0.129621 0.0610155 0.0201414 0.0058001 0.00392734 0.00630913 0.0103592 0.0150007 0.0190516 0.0213662 0.0214483 0.0197527 0.0173649 0.0153148 0.0140555 0.0134169 0.0129179
 1.03526e-16 5.84917e-05 0.00056856 0.00377828 0.0171755 0.0534396 0.11386 0.166186 0.166209 0.113971 0.0538122 0.0182517 0.00648003 0.00646775 0.0112659 0.0185426 0.0267305 0.0336688 0.0371962 0.0363214 0.0318089 0.0256473 0.0198436 0.0154826 0.0125957 0.0106391
 1.02882e-16 6.47821e-05 0.000629705 0.00418461 0.0190226 0.0591866 0.126104 0.184055 0.18407 0.126176 0.0594282 0.0197211 0.00594015 0.00446928 0.00737797 0.01215 0.0176249 0.0224324 0.0252128 0.0253275 0.0232079 0.0200046 0.0168371 0.0142476 0.0121837 0.0103418
 1.05102e-16 4.52194e-05 0.000439549 0.00292096 0.0132783 0.0413138 0.0880247 0.128482 0.128516 0.0881928 0.0418783 0.014909 0.00701591 0.00938389 0.017047 0.02815 0.0406399 0.0513037 0.0568916 0.055904 0.0494648 0.0405111 0.0319812 0.0254242 0.020842 0.0174399
 1.10837e-16 4.08107e-05 0.000396694 0.00263618 0.0119837 0.0372858 0.0794424 0.115954 0.115981 0.0795754 0.0377331 0.0132785 0.0058972 0.00755165 0.0137354 0.0229205 0.0336636 0.043695 0.0506927 0.0535443 0.052889 0.0504233 0.0475881 0.0447516 0.0414031 0.0369363
 1.13929e-16 4.84435e-05 0.000470888 0.00312922 0.014225 0.0442593 0.0942999 0.137638 0.137658 0.0943973 0.0445868 0.0151729 0.00551677 0.00571005 0.0100793 0.0168016 0.0247124 0.032181 0.037589 0.0402444 0.0407537 0.0404567 0.0403857 0.0406046 0.0403546 0.0387253
 1.11243e-16 5.41378e-05 0.000526238 0.00349704 0.015897 0.0494617 0.105384 0.153815 0.153835 0.10548 0.0497845 0.0168304 0.00584415 0.00566403 0.00985385 0.0163179 0.0237746 0.0304926 0.034762 0.035851 0.0344402 0.0320992 0.0302266 0.0292898 0.0288258 0.0279922
 1.07215e-16 5.82229e-05 0.000565947 0.00376092 0.0170966 0.053194 0.113336 0.165421 0.16544 0.113428 0.0535014 0.0179855 0.005995 0.0054527 0.00936805 0.0154724 0.0224676 0.0286514 0.0323339 0.0327594 0.030543 0.0272008 0.0241593 0.02203 0.0205795 0.0191997
 1.06042e-16 5.51477e-05 0.000536055 0.00356227 0.0161936 0.0503844 0.10735 0.156685 0.156708 0.107461 0.050757 0.0172704 0.00626786 0.00645114 0.011315 0.0186875 0.0270781 0.0344002 0.038564 0.0386152 0.0352822 0.0304243 0.0258407 0.0223863 0.0199136 0.0178104
 1.07373e-16 4.89249e-05 0.000475567 0.00316031 0.0143663 0.0446991 0.0952372 0.139007 0.139034 0.0953677 0.0451376 0.0156339 0.00634648 0.00744578 0.0133302 0.0220749 0.0320656 0.0408956 0.0461363 0.0466656 0.0432935 0.038108 0.033098 0.0291575 0.026067 0.0231478
 1.07835e-16 5.34712e-05 0.000519759 0.00345398 0.0157013 0.0488528 0.104087 0.151922 0.151943 0.104189 0.0491974 0.0166981 0.00596128 0.00601043 0.0105321 0.0174614 0.0254657 0.0326965 0.0372999 0.0384257 0.0366887 0.0336367 0.0306763 0.0283302 0.0262781 0.023919
 1.00957e-16 7.85643e-05 0.000763673 0.00507488 0.0230696 0.0717783 0.152931 0.223208 0.223211 0.152946 0.0718281 0.0232138 0.00543722 0.00155612 0.00158787 0.00251215 0.00363843 0.0046336 0.00521716 0.00526393 0.00487181 0.0042861 0.00373969 0.00333585 0.00304347 0.00277255
 1.00282e-16 7.42129e-05 0.000721376 0.0047938 0.0217919 0.0678028 0.144461 0.210847 0.210856 0.144506 0.0679522 0.0222233 0.00587589 0.00308083 0.00454714 0.00737863 0.0105721 0.0131898 0.0143317 0.0135858 0.0112755 0.00825474 0.00541571 0.00328769 0.00195367 0.00122018
 1.01688e-16 4.03884e-05 0.000392589 0.0026089 0.0118597 0.0369001 0.0786213 0.114759 0.114804 0.0788387 0.0376299 0.0139669 0.0078964 0.0119291 0.0219322 0.0361458 0.0519494 0.0650776 0.0711999 0.0682995 0.0578711 0.0439166 0.0305868 0.0202995 0.0134093 0.00906509
 1.01604e-16 7.50052e-05 0.000729078 0.00484498 0.0220246 0.0685266 0.146003 0.213097 0.213101 0.146025 0.0685988 0.0222337 0.00537246 0.00188902 0.00230266 0.00375235 0.00554752 0.00728643 0.00860349 0.00931333 0.00948358 0.00932355 0.00899046 0.00848834 0.0077276 0.00665972
 1.01122e-16 6.67243e-05 0.000648584 0.00431007 0.019593 0.0609611 0.129885 0.189574 0.189591 0.129966 0.0612356 0.0203857 0.0062988 0.00498605 0.00829278 0.013574 0.0194776 0.0243489 0.0265536 0.0253464 0.021324 0.016041 0.011104 0.00743893 0.00515019 0.00384761
 1.01742e-16 6.18794e-05 0.00060149 0.00399712 0.0181703 0.0565347 0.120454 0.17581 0.17583 0.12055 0.0568575 0.019103 0.00633906 0.00571654 0.00978368 0.0160953 0.0232224 0.029288 0.0324131 0.0317152 0.0278109 0.0223647 0.0170678 0.0128535 0.00980362 0.00755624
 1.02218e-16 6.49182e-05 0.000631028 0.00419341 0.0190626 0.059311 0.126369 0.184442 0.184458 0.126445 0.059566 0.0197997 0.00604514 0.00467823 0.00776545 0.012772 0.0184781 0.0234152 0.0261253 0.0259257 0.0232905 0.0194847 0.0157632 0.0127714 0.0105018 0.00864071
 1.02112e-16 6.54663e-05 0.000636356 0.00422881 0.0192236 0.0598117 0.127436 0.185999 0.186015 0.127513 0.0600697 0.0199689 0.00610037 0.00472445 0.00783673 0.012871 0.0185791 0.0234567 0.0260137 0.0255601 0.0226022 0.0184745 0.0145153 0.0114358 0.00924965 0.00761318
 1.05842e-16 3.21996e-05 0.000312991 0.00207994 0.00945513 0.0294187 0.0626813 0.0914951 0.0915421 0.0629111 0.0301901 0.011684 0.00767677 0.012538 0.0232704 0.0384736 0.0555449 0.0701099 0.0777139 0.0762823 0.0673197 0.054814 0.0427778 0.0333647 0.026654 0.0216577
 1.0695e-16 6.18344e-05 0.000601052 0.0039942 0.0181571 0.0564934 0.120366 0.175679 0.175689 0.120413 0.056653 0.0186202 0.00516502 0.00318484 0.00505083 0.00846653 0.0126919 0.0170115 0.0207145 0.0234418 0.025306 0.0266164 0.0274669 0.0275773 0.0265143 0.024065
 1.05879e-16 5.8057e-05 0.000564335 0.0037502 0.0170479 0.0530424 0.113013 0.164951 0.164972 0.113118 0.0533947 0.0180655 0.00630513 0.00614366 0.0106604 0.0175501 0.0253244 0.0319627 0.0354628 0.0349449 0.0311911 0.0261148 0.0215845 0.0185116 0.0167357 0.0155305
 1.08933e-16 3.82738e-05 0.000372035 0.00247231 0.0112388 0.0349682 0.0745047 0.10875 0.108786 0.0746839 0.03557 0.0129783 0.00684387 0.00993202 0.0182439 0.03023 0.043848 0.0557802 0.0626531 0.0628983 0.057633 0.0497807 0.0421813 0.0362034 0.0316746 0.0277356
 1.06788e-16 6.31801e-05 0.000614133 0.00408113 0.0185522 0.057723 0.122985 0.179503 0.179513 0.123037 0.0578981 0.0190598 0.00536104 0.00342808 0.00546606 0.0090909 0.0134532 0.0176858 0.0209396 0.0228202 0.0235657 0.0237527 0.0237851 0.0236098 0.0228489 0.0211624
 1.04728e-16 6.07121e-05 0.000590144 0.00392171 0.0178275 0.0554682 0.118182 0.172494 0.172513 0.118277 0.0557887 0.0187533 0.00624581 0.00566525 0.00970434 0.0159617 0.0230256 0.029045 0.0321866 0.0316341 0.0280822 0.0232621 0.0188825 0.0158055 0.0139398 0.0126838
 1.07496e-16 3.86808e-05 0.000375991 0.00249859 0.0113583 0.03534 0.075297 0.109906 0.109944 0.0754823 0.0359624 0.013157 0.0070177 0.0102544 0.0188382 0.0311832 0.0451535 0.0572784 0.0640293 0.0637633 0.0576547 0.0487955 0.040232 0.0334993 0.0285134 0.0244265
 1.1215e-16 4.56738e-05 0.000443966 0.00295031 0.0134117 0.0417289 0.0889085 0.129769 0.129789 0.0890091 0.0420671 0.0143916 0.00542175 0.00587801 0.0104804 0.0175547 0.0259902 0.0341716 0.0404554 0.0440623 0.0454244 0.045626 0.0454319 0.0447531 0.0429106 0.0393244
 1.11571e-16 5.39872e-05 0.000524774 0.00348731 0.0158528 0.0493241 0.105091 0.153387 0.153406 0.105182 0.0496309 0.0167401 0.00571935 0.00541342 0.00938676 0.0155628 0.0227282 0.0292675 0.0335921 0.0350346 0.0342418 0.0326599 0.0315222 0.0311431 0.0309575 0.0300903
 1.11681e-16 4.54066e-05 0.000441368 0.00293305 0.0133332 0.0414848 0.0883887 0.129012 0.129041 0.0885288 0.0419554 0.0146937 0.00635225 0.00791947 0.0142894 0.023663 0.0343513 0.0437789 0.0493623 0.0499551 0.0465228 0.0414194 0.0368606 0.0337947 0.0318449 0.0300287
 1.04291e-16 6.98566e-05 0.000679031 0.0045124 0.0205127 0.0638228 0.135981 0.198471 0.198479 0.136022 0.0639575 0.0209028 0.00549418 0.00283148 0.004185 0.00688006 0.0100744 0.0130305 0.0150453 0.0158018 0.0155333 0.0148088 0.014116 0.0135859 0.0130293 0.0121745
pSPR Fmed_Fpbrs
1   0.983607 0.6 0.325 0.983607 0.983607 0.983607
Fs Fmed_Fpbrs
0   0.01 0.351832 0.90547 0.01 0.01 0.01
SSBpbr Bo_Bmed_Bpbrs
1.51773e+06  1.44184e+06  1.41696e+06 834751 417375 1.41696e+06 1.41696e+06 1.41696e+06
Ro
214207
SPR SPRFo_SPRFmed_SPRFpbrs
1.54322e+06 1.54322e+06 1.51792e+06
Fref
0
Nvult_r0
 220825 25241.1 13506.5 3878.54 3046.65
CTP_r0
 22745.5 4586.09 2556.81 735.841 578.082
YTP_r0
356495
Np
 328595 120883 44470.5 16359.8 8232.48
Nvult_p0
 207712 76412.8 28110.7 10341.3 5203.92
CTP_p0
 0 0 0 0 0
 0 0 0 0 0
 0 0 0 0 0
 0 0 0 0 0
 0 0 0 0 0
 0 0 0 0 0
YTP_p0
 0 0 0 0 0 0
CBA_c0
0
log_Ro
12.0947
likeval ReclasPelacesDesembMPH_pf_preclas_ppelaces_ptallas_desvR_qrecl_qpela
 0.000399303 14.8066 0.125335 55.504 241.844 141.806 114.487 0 21.0607 2.87379e-06 5.69105e-08 0.534978 2066.65 0 0
q_reclas_q_pelaces
0.786832 0.966825
M
1
N
 213740 41268.2 178723 9276.7 0.360987
 110587 74105.5 13537.9 58283.1 3024.33
 152607 36542 22152.2 4003.67 18120.2
 278695 50601 10996.4 6597.34 6584.93
 257117 88088.5 13880.7 2971.1 3558.61
 440337 90701.8 29880.9 4688.83 2205.18
 207378 149469 28560.2 9333.57 2152.43
 116389 66698 42405.2 7994.65 3212.77
 114545 42034.1 23676.6 15025.4 3970.7
 120098 39423.1 13594.6 7606.67 6100.66
 145897 40854.9 12465.8 4265.2 4298.65
 130039 52188.4 14236.5 4331.74 2975.38
 72615 40222.9 13729.9 3681.06 1887.51
 36650.7 21301.4 9551.24 3187.35 1291.07
 163274 6586.42 1961.11 818.588 382.278
 350034 46262.8 1462.52 424.254 259.406
 88822.4 95850.4 9616.38 295.169 137.747
 456539 27422.4 25125.3 2476.98 111.4
 481883 130318 6176.86 5517.79 567.636
 413908 131661 26971.8 1240.99 1220.59
 546840 124094 32609.9 6545.22 596.652
 756927 175503 35061.8 9088.85 1989.03
 179342 237552 47486.6 9337.37 2947.55
 436006 61000.9 75097 14894.7 3851.62
 441913 147873 19176.5 23416.8 5842.85
 177108 150948 47130.6 6066.86 9253.03
 407339 61601.9 49825.5 15470.2 5027
 478125 138553 19474.7 15628.8 6426.55
 188973 164257 44652.7 6233.51 7056.82
 165635 66095.2 54804.4 14823.4 4410.74
 178237 57207.4 21522.1 17733.4 6221.52
 103660 58583.3 16925.7 6296.38 7003.67
 328595 35784.2 19057.3 5471.08 4297.56
pred_Ctot
 7813.06 2851.23 12954.7 674.163 0.0262375
 7177.66 8929.72 1708.24 7372.6 382.617
 9600.49 4273.35 2713.09 491.572 2225.09
 25117.5 8331.39 1892.75 1138.28 1136.28
 6700.79 4367.65 722.558 155.067 185.756
 21658.7 8365.53 2888.93 454.477 213.771
 16664.2 22080.1 4413.45 1445.84 333.47
 1347.4 1482.34 990.381 187.218 75.2469
 4691.78 3245.21 1917.19 1219.8 322.394
 5752.93 3543.94 1281.17 718.686 576.473
 2555.9 1368.95 438.776 150.528 151.73
 13272.7 9656.77 2751.68 839.223 576.515
 9472.81 9338.77 3323.54 893.057 457.981
 12548.6 11232 5178.23 1730.59 701.05
 24225.8 1718.96 532.986 222.959 104.133
 57939.1 13317.7 437.927 127.304 77.8475
 9157 17902.3 1876.01 57.7181 26.9387
 66014.7 6992.06 6672.95 659.297 29.6548
 80294.9 37736.9 1860.38 1665.38 171.343
 49225.1 28078.1 6001.65 276.771 272.255
 44598.9 18591.4 5110.24 1028.18 93.7393
 71206.2 30085.6 6281.68 1632.24 357.248
 8604.06 21386.6 4481.82 883.517 278.939
 21664.1 5681.68 7331.87 1457.9 377.048
 20093.3 12637.2 1718.32 2103.65 524.963
 6132 9890.06 3240.12 418.168 637.866
 19538.8 5545 4701.75 1463.56 475.644
 20105.7 10974.3 1617.72 1301.59 535.285
 5907.84 9738.1 2778.32 388.865 440.287
 6435.93 4847.11 4215.92 1143.26 340.227
 12115.9 7205.62 2838.1 2344.28 822.564
 4059.58 4329.24 1312.02 489.333 544.376
 22745.5 4586.09 2556.81 735.841 578.082
F
 0.05927 0.114603 0.120525 0.120854 0.120871
 0.107342 0.207554 0.218279 0.218874 0.218906
 0.103895 0.20089 0.21127 0.211847 0.211877
 0.151777 0.293473 0.308638 0.30948 0.309524
 0.0419548 0.0811229 0.0853149 0.0855476 0.0855599
 0.080453 0.155562 0.163601 0.164047 0.164071
 0.134371 0.259817 0.273243 0.273988 0.274027
 0.0184556 0.0356854 0.0375295 0.0376318 0.0376372
 0.066616 0.128807 0.135463 0.135833 0.135852
 0.0782816 0.151364 0.159185 0.15962 0.159642
 0.0280398 0.0542171 0.0570188 0.0571743 0.0571825
 0.173401 0.335284 0.35261 0.353571 0.353622
 0.226401 0.437765 0.460386 0.461641 0.461708
 0.716423 1.38526 1.45685 1.46082 1.46103
 0.261093 0.504845 0.530933 0.532381 0.532457
 0.29524 0.570871 0.60037 0.602008 0.602094
 0.175277 0.338913 0.356426 0.357398 0.357449
 0.253701 0.490551 0.5159 0.517307 0.517381
 0.297469 0.57518 0.604903 0.606552 0.606639
 0.204603 0.395616 0.416059 0.417194 0.417254
 0.136498 0.263929 0.277568 0.278325 0.278365
 0.158882 0.307212 0.323087 0.323968 0.324014
 0.0784061 0.151605 0.159439 0.159874 0.159896
 0.0813007 0.157201 0.165325 0.165776 0.165799
 0.07418 0.143433 0.150845 0.151256 0.151278
 0.0560647 0.108406 0.114007 0.114318 0.114335
 0.0783916 0.151576 0.159409 0.159844 0.159867
 0.0684421 0.132338 0.139177 0.139556 0.139577
 0.0505074 0.0976601 0.102707 0.102987 0.103002
 0.0631026 0.122014 0.128319 0.128669 0.128687
 0.112667 0.21785 0.229107 0.229732 0.229765
 0.0636132 0.123001 0.129357 0.12971 0.129729
 0.11483 0.222033 0.233506 0.234143 0.234177
YTP_r0W_actual
 171501 80027.2 61542.5 23046.5 20377.4
YTP_p0W_proyectada
 0 0 0 0 0
 0 0 0 0 0
 0 0 0 0 0
 0 0 0 0 0
 0 0 0 0 0
 0 0 0 0 0
CTP_r0_actual
 22745.5 4586.09 2556.81 735.841 578.082
CTP_p0_proyectada
 0 0 0 0 0
 0 0 0 0 0
 0 0 0 0 0
 0 0 0 0 0
 0 0 0 0 0
 0 0 0 0 0
Wmedp
 7.54 17.45 24.07 31.32 35.25
Frms_r0
 0.11483 0.222033 0.233506 0.234143 0.234177
Zrms_r0
 1.11483 1.22203 1.23351 1.23414 1.23418
nmprior
 7.29 8.9 8.7 0
nm_flota  nm_reclas  nm_pelaces    nm_pelaL
inf 10.4495 17.8667 56.606
cv_recla  cv_pelaces  cv_mph
0.576847 0.42152 0.597337
 ------------------------------------------------
Talla a la edad & desviaci?n 
 8 13.2811 15.8009 17.003 17.5766
 0.8 1.32811 1.58009 1.7003 1.75766
