years
 1991 1992 1993 1994 1995 1996 1997 1998 1999 2000 2001 2002 2003 2004 2005 2006 2007 2008 2009 2010 2011 2012 2013 2014 2015 2016 2017 2018 2019 2020 2021 2022 2023
reclasobs
 0 0 0 0 0 0 0 0 0 252601 567819 844713 477998 351125 339783 2.1784e+06 2.13404e+06 4.81314e+06 1.55562e+06 2.62356e+06 3.21686e+06 3.843e+06 1.13348e+06 3.07943e+06 1.97215e+06 2.03268e+06 2.025e+06 2.42433e+06 2.27542e+06 1.05018e+06 2.36338e+06 3.18982e+06 1.53035e+06
reclaspred
 3.29353e+06 1.79787e+06 952097 1.10159e+06 1.2423e+06 2.19376e+06 1.53896e+06 1.58012e+06 1.30812e+06 1.05226e+06 917595 911038 627796 180090 701769 1.07322e+06 889297 1.72285e+06 1.76646e+06 1.66312e+06 3.14014e+06 2.68291e+06 2.21166e+06 3.17133e+06 2.49447e+06 2.2477e+06 2.66256e+06 2.93256e+06 2.53992e+06 1.90522e+06 1.52325e+06 1.36735e+06 1.48164e+06
pelacesobs
 0 0 0 0 0 0 0 0 0 0 0 0 0 0 0 552880 188675 0 991730 2.46772e+06 1.41603e+06 1.21717e+06 2.29649e+06 1.80582e+06 0 1.4828e+06 1.56532e+06 1.57751e+06 1.42118e+06 867257 1.10002e+06 1.06204e+06 0
pelacespred
 1.90947e+06 1.14741e+06 591134 573624 684789 1.28302e+06 847200 1.05757e+06 869743 676469 614431 496828 354658 78507.4 435375 536767 435745 960379 1.00671e+06 845261 1.72867e+06 1.54396e+06 1.30411e+06 2.06383e+06 1.54102e+06 1.38868e+06 1.90882e+06 1.88302e+06 1.46941e+06 1.26173e+06 898592 809174 868371
mphobs
 0 0 0 0 0 0 0 0 0 0 0 0 498337 0 5186 125008 0 168611 109162 213762 579715 649985 157893 87575 83554 210694 70296 0 107559 103333 445601 22526 28222
mphpred
 786432 525726 253804 151129 193534 248238 369035 267277 261186 219127 157058 170248 145980 63710.5 12656 101904 175046 140191 225295 316946 446737 568866 109717 96648.9 132043 111659 96410.8 106499 151014 118057 74126.3 65261.1 41443.3
desembarqueobs
 494567 514787 250237 358949 120608 361735 552515 73892 212993 205616 52469 317467 293654 387597 252695 516296 358380 742168 942051 627588 828172 859565 418607 520667 417249 300574 415391 372974 316634 284311 391294 218835 356480
desembarquepred
 494570 513588 250855 358989 120614 361750 552539 73895 213018 205646 52472.5 317548 293892 388212 252665 516248 358394 741930 941461 627322 828277 859559 418629 520743 417237 300594 415414 372964 316612 284281 391353 218863 356503
Reclutas
 182142 91387.7 118397 191593 175681 309616 140891 77752.6 80098.9 91981.1 121484 122108 67361.3 30069.1 131536 290615 65812.1 386235 404930 340907 415848 574289 127990 309192 322543 124563 293212 346653 138309 123474 125923 70246.9 208954
log_desv_Rt
 0.117431 -0.572246 -0.313311 0.168015 0.0813145 0.647978 -0.139369 -0.733825 -0.704094 -0.565773 -0.287573 -0.282454 -0.877285 -1.68386 -0.208079 0.584645 -0.900552 0.869089 0.916358 0.744255 0.942964 1.26578 -0.235405 0.646607 0.688879 -0.262541 0.59354 0.760968 -0.157863 -0.271325 -0.251683 -0.835341 0.25476
SSB
 2.47913e+06 1.65728e+06 800086 476414 610093 782538 1.16334e+06 842557 823357 690772 495105 536684 438770 194278 38534.4 309885 551811 441933 736442 739451 1.06782e+06 1.42498e+06 1.44312e+06 1.22667e+06 1.57281e+06 1.40783e+06 1.14888e+06 1.2227e+06 1.79455e+06 1.32349e+06 948170 855165 502992
BT
 3.43163e+06 2.31466e+06 1.17779e+06 1.19736e+06 1.17064e+06 2.31848e+06 1.83066e+06 1.7218e+06 1.57802e+06 1.25814e+06 1.01402e+06 1.05651e+06 828424 519989 932167 1.2851e+06 971800 2.16608e+06 2.48256e+06 1.87107e+06 3.3716e+06 3.23689e+06 2.41146e+06 3.72532e+06 2.81704e+06 2.44526e+06 3.42443e+06 3.31953e+06 2.57146e+06 2.25586e+06 1.7814e+06 1.45798e+06 1.6834e+06
Ftot
 0.181969 0.332944 0.324936 0.487809 0.138809 0.260079 0.454699 0.0640755 0.22762 0.261096 0.0856246 0.475981 0.60552 2.37984 0.765065 0.844441 0.529212 0.745241 0.852987 0.594769 0.406012 0.482467 0.245051 0.258368 0.235365 0.176232 0.246296 0.210918 0.154508 0.194723 0.358391 0.208386 0.398418
BD_Bspro_t
 0.971544 0.811311 0.629238 0.557058 0.587811 0.688114 0.704768 0.589106 0.667258 0.670285 0.659102 0.745136 0.585966 0.326894 0.102238 0.445731 0.475004 0.40362 0.463332 0.426397 0.459764 0.527096 0.563828 0.565315 0.658489 0.687087 0.690732 0.725925 0.782822 0.732517 0.68387 0.645713 0.62803
BD_Bspro
 2.12468 1.42034 0.685696 0.4083 0.522867 0.670657 0.997013 0.722095 0.70564 0.592011 0.424319 0.459953 0.376039 0.166502 0.0330251 0.26558 0.472917 0.378749 0.631151 0.63373 0.915152 1.22125 1.23679 1.05129 1.34794 1.20655 0.984619 1.04789 1.53798 1.13427 0.812608 0.732901 0.431078
BD_Bo
 2.5277 1.68975 0.815761 0.485747 0.622045 0.797869 1.18613 0.859063 0.839487 0.704305 0.504804 0.547198 0.447366 0.198084 0.0392894 0.315956 0.562621 0.450591 0.75087 0.753938 1.08874 1.4529 1.47139 1.2507 1.60362 1.43541 1.17138 1.24665 1.8297 1.34942 0.966746 0.871919 0.512846
BD_Brms
 2.70686 1.80952 0.873582 0.520177 0.666136 0.854422 1.2702 0.919954 0.898991 0.754226 0.540585 0.585984 0.479076 0.212125 0.0420742 0.338352 0.6025 0.482529 0.804092 0.807377 1.16591 1.55588 1.57568 1.33935 1.71729 1.53715 1.25441 1.33502 1.95939 1.44506 1.03527 0.933721 0.549197
Sel_flota
 0.472085 0.944415 0.996912 0.999837 0.999991
 0.472085 0.944415 0.996912 0.999837 0.999991
 0.472085 0.944415 0.996912 0.999837 0.999991
 0.472085 0.944415 0.996912 0.999837 0.999991
 0.472085 0.944415 0.996912 0.999837 0.999991
 0.472085 0.944415 0.996912 0.999837 0.999991
 0.472085 0.944415 0.996912 0.999837 0.999991
 0.472085 0.944415 0.996912 0.999837 0.999991
 0.472085 0.944415 0.996912 0.999837 0.999991
 0.472085 0.944415 0.996912 0.999837 0.999991
 0.472085 0.944415 0.996912 0.999837 0.999991
 0.472085 0.944415 0.996912 0.999837 0.999991
 0.472085 0.944415 0.996912 0.999837 0.999991
 0.472085 0.944415 0.996912 0.999837 0.999991
 0.472085 0.944415 0.996912 0.999837 0.999991
 0.472085 0.944415 0.996912 0.999837 0.999991
 0.472085 0.944415 0.996912 0.999837 0.999991
 0.472085 0.944415 0.996912 0.999837 0.999991
 0.472085 0.944415 0.996912 0.999837 0.999991
 0.472085 0.944415 0.996912 0.999837 0.999991
 0.472085 0.944415 0.996912 0.999837 0.999991
 0.472085 0.944415 0.996912 0.999837 0.999991
 0.472085 0.944415 0.996912 0.999837 0.999991
 0.472085 0.944415 0.996912 0.999837 0.999991
 0.472085 0.944415 0.996912 0.999837 0.999991
 0.472085 0.944415 0.996912 0.999837 0.999991
 0.472085 0.944415 0.996912 0.999837 0.999991
 0.472085 0.944415 0.996912 0.999837 0.999991
 0.472085 0.944415 0.996912 0.999837 0.999991
 0.472085 0.944415 0.996912 0.999837 0.999991
 0.472085 0.944415 0.996912 0.999837 0.999991
 0.472085 0.944415 0.996912 0.999837 0.999991
 0.472085 0.944415 0.996912 0.999837 0.999991
Sel_reclas
 1 1 1 1 1
 1 1 1 1 1
 1 1 1 1 1
 1 1 1 1 1
 1 1 1 1 1
 1 1 1 1 1
 1 1 1 1 1
 1 1 1 1 1
 1 1 1 1 1
 1 1 1 1 1
 1 1 1 1 1
 1 1 1 1 1
 1 1 1 1 1
 1 1 1 1 1
 1 1 1 1 1
 1 1 1 1 1
 1 1 1 1 1
 1 1 1 1 1
 1 1 1 1 1
 1 1 1 1 1
 1 1 1 1 1
 1 1 1 1 1
 1 1 1 1 1
 1 1 1 1 1
 1 1 1 1 1
 1 1 1 1 1
 1 1 1 1 1
 1 1 1 1 1
 1 1 1 1 1
 1 1 1 1 1
 1 1 1 1 1
 1 1 1 1 1
 1 1 1 1 1
Sel_pelaces
 1 1 1 1 1
 1 1 1 1 1
 1 1 1 1 1
 1 1 1 1 1
 1 1 1 1 1
 1 1 1 1 1
 1 1 1 1 1
 1 1 1 1 1
 1 1 1 1 1
 1 1 1 1 1
 1 1 1 1 1
 1 1 1 1 1
 1 1 1 1 1
 1 1 1 1 1
 1 1 1 1 1
 1 1 1 1 1
 1 1 1 1 1
 1 1 1 1 1
 1 1 1 1 1
 1 1 1 1 1
 1 1 1 1 1
 1 1 1 1 1
 1 1 1 1 1
 1 1 1 1 1
 1 1 1 1 1
 1 1 1 1 1
 1 1 1 1 1
 1 1 1 1 1
 1 1 1 1 1
 1 1 1 1 1
 1 1 1 1 1
 1 1 1 1 1
 1 1 1 1 1
pf_obs 
 0.8446 0.082 0.0669 0.0065 0
 0.8095 0.147 0.0364 0.0071 0
 0.9664 0.0169 0.016 0.0007 0
 0.9276 0.0648 0.0075 0.0001 0
 0.7033 0.2144 0.0806 0.0017 0
 0.9318 0.0425 0.0243 0.0014 0
 0.5671 0.3108 0.0964 0.0239 0.0018
 0.0768 0.2599 0.5324 0.112 0.0189
 0.490249 0.384438 0.106611 0.0170017 0.00170017
 0.7925 0.1577 0.0466 0.003 0.0002
 0.840416 0.127587 0.0312969 0.00059994 9.999e-05
 0.8084 0.0986 0.0794 0.0134 0.0002
 0.7335 0.1905 0.0724 0.0035 0.0001
 0.4001 0.4547 0.1325 0.0127 0
 0.49795 0.308269 0.164784 0.0264974 0.00249975
 0.9179 0.0499 0.0305 0.0017 0
 0.2467 0.6533 0.0926 0.0074 0
 0.9418 0.0223 0.034 0.0019 0
 0.707729 0.231977 0.0356964 0.0245975 0
 0.517169 0.277429 0.184464 0.0207286 0.00020938
 0.811772 0.124168 0.05621 0.00726502 0.000585176
 0.764997 0.148141 0.077277 0.00933861 0.000247198
 0.163321 0.427699 0.378323 0.0303852 0.000271297
 0.753843 0.0900009 0.118128 0.0371064 0.000921714
 0.721811 0.176058 0.0630433 0.0369309 0.00215725
 0.143369 0.312575 0.442814 0.0836902 0.0175525
 0.692698 0.0596174 0.167031 0.0765114 0.00414204
 0.394062 0.376323 0.152708 0.0712218 0.00568511
 0.125707 0.32114 0.495352 0.0537591 0.00404204
 0.23352 0.215282 0.420074 0.123614 0.00750983
 0.796117 0.104755 0.0508955 0.0450114 0.00322123
 0.162477 0.292055 0.404252 0.121198 0.0200186
 0 0 0 0 0
pf_pred 
 0.367423 0.134103 0.470375 0.0280975 1.07717e-06
 0.303001 0.383018 0.0696237 0.230624 0.0137338
 0.514614 0.234938 0.14163 0.0241937 0.0846242
 0.661533 0.235833 0.0513087 0.0290698 0.0222565
 0.567267 0.352043 0.0573831 0.0116734 0.0116337
 0.660475 0.24582 0.0770234 0.0118736 0.00480767
 0.379113 0.498409 0.0901358 0.0266006 0.00574196
 0.350003 0.371893 0.226131 0.038285 0.0136876
 0.437634 0.290392 0.159186 0.0917597 0.0210276
 0.530694 0.290631 0.0949359 0.0490781 0.0346611
 0.591947 0.286762 0.0768457 0.0236515 0.0207931
 0.535674 0.34492 0.0852811 0.0216446 0.0124806
 0.43021 0.410652 0.120256 0.0277992 0.0110823
 0.420916 0.372212 0.152121 0.0414148 0.0133362
 0.94114 0.0449351 0.00940683 0.00332926 0.00118863
 0.829745 0.166028 0.00328653 0.000636589 0.000304424
 0.318059 0.629535 0.0512036 0.000935377 0.000266624
 0.856907 0.0732888 0.0647729 0.00491599 0.000114962
 0.687939 0.292431 0.0104325 0.00853726 0.000660302
 0.617179 0.323668 0.0557105 0.00183345 0.00160925
 0.650845 0.274878 0.0634759 0.010175 0.00062627
 0.665988 0.268002 0.0526758 0.0114013 0.00193322
 0.245279 0.615489 0.113183 0.0208022 0.00524653
 0.608453 0.157177 0.193202 0.0334862 0.00768168
 0.562433 0.335768 0.0423447 0.0490384 0.010415
 0.305754 0.503971 0.148036 0.0176034 0.0246361
 0.632465 0.173594 0.142982 0.0396741 0.0112841
 0.595556 0.316945 0.0426387 0.0331017 0.0117589
 0.316524 0.512956 0.135323 0.0171797 0.0180172
 0.395341 0.291847 0.238051 0.0593678 0.0153928
 0.483453 0.297494 0.108927 0.0838695 0.026256
 0.384857 0.411885 0.120253 0.0413475 0.0416574
 0.730336 0.152006 0.0803137 0.0221233 0.0152212
pobs_RECLAS
 0 0 0 0 0
 0 0 0 0 0
 0 0 0 0 0
 0 0 0 0 0
 0 0 0 0 0
 0 0 0 0 0
 0 0 0 0 0
 0 0 0 0 0
 0 0 0 0 0
 0 0 0 0 0
 0.991045 0.00858322 0.000360255 1.14367e-05 0
 0.934742 0.0480273 0.0164251 0.00080598 0
 0.827803 0.169806 0.00239088 0 0
 0.941827 0.0461693 0.0120037 0 0
 0.791401 0.0380133 0.147996 0.0225897 0
 0.846168 0.0940531 0.0597789 0 0
 0.134021 0.677848 0.182769 0.00536245 0
 0.80878 0.0450904 0.141981 0.00414843 0
 0.846168 0.0940531 0.0597789 0 0
 0.905697 0.0802665 0.012482 0.00150086 5.37128e-05
 0.989698 0.0102097 9.19794e-05 0 0
 0.975433 0.0193895 0.00387452 0.00125025 5.28907e-05
 0.303575 0.632131 0.0575291 0.00676475 0
 0.966965 0.00978017 0.0227588 0.000495775 0
 0.843318 0.132988 0.00938335 0.0141283 0.000182051
 0.564624 0.303363 0.111486 0.0197234 0.00080311
 0.826376 0.0876187 0.0782897 0.00655872 0.00115652
 0.89761 0.0855135 0.0140674 0.00269457 0.000114338
 0.34875 0.467042 0.161289 0.0227151 0.000203297
 0.318654 0.224769 0.449479 0.00709798 0
 0.937255 0.0296025 0.0250945 0.00804832 0
 0.456809 0.399803 0.12412 0.0192676 0
 0.883104 0.0372192 0.0704036 0.00927362 0
ppred_RECLAS
 0.550147 0.0995792 0.330585 0.0196885 7.54672e-07
 0.475523 0.295763 0.0508364 0.167882 0.0099959
 0.689199 0.154884 0.088293 0.0150368 0.0525871
 0.803144 0.139576 0.0286804 0.0161991 0.0124003
 0.727137 0.224247 0.0346041 0.00701865 0.00699364
 0.799924 0.147069 0.0435943 0.00670014 0.00271248
 0.558286 0.358545 0.0612573 0.0180224 0.00388965
 0.525008 0.278127 0.160164 0.0270367 0.00966463
 0.617691 0.202807 0.105195 0.0604559 0.0138519
 0.700469 0.189485 0.058555 0.0301797 0.0213109
 0.747466 0.18037 0.0457714 0.014046 0.0123465
 0.705839 0.221724 0.0517818 0.0131018 0.00755342
 0.613361 0.283179 0.0782433 0.0180302 0.00718661
 0.652218 0.230226 0.0865495 0.0234551 0.00755109
 0.971364 0.0221703 0.00437242 0.00154247 0.000550609
 0.911304 0.0866216 0.00161406 0.000311611 0.00014899
 0.490696 0.472195 0.0362611 0.000660347 0.000188197
 0.927913 0.0379953 0.0316421 0.00239375 5.5969e-05
 0.823371 0.166147 0.00557901 0.00455046 0.000351888
 0.770648 0.195623 0.0317724 0.00104235 0.000914736
 0.793808 0.164262 0.0358485 0.0057288 0.000352551
 0.805242 0.158019 0.0293353 0.00632977 0.00107311
 0.39906 0.495048 0.0861297 0.0157826 0.00397989
 0.764791 0.097601 0.113497 0.0196125 0.00449836
 0.724724 0.213997 0.025535 0.029483 0.00626075
 0.474012 0.387579 0.107757 0.0127756 0.0178767
 0.781872 0.106086 0.0826694 0.0228699 0.00650366
 0.750584 0.197816 0.0251836 0.0194924 0.00692327
 0.48595 0.391066 0.0976605 0.0123615 0.0129621
 0.575789 0.210667 0.162625 0.0404363 0.0104826
 0.661167 0.199896 0.0691957 0.0531158 0.0166256
 0.562651 0.298244 0.0824009 0.0282481 0.0284553
 0.849919 0.0867103 0.0433001 0.011891 0.00817988
pobs_PELACES
 0 0 0 0 0
 0 0 0 0 0
 0 0 0 0 0
 0 0 0 0 0
 0 0 0 0 0
 0 0 0 0 0
 0 0 0 0 0
 0 0 0 0 0
 0 0 0 0 0
 0 0 0 0 0
 0 0 0 0 0
 0 0 0 0 0
 0 0 0 0 0
 0 0 0 0 0
 0 0 0 0 0
 0 0 0 0 0
 0.505614 0.472636 0.0217494 0 0
 0 0 0 0 0
 0.443492 0.261883 0.143347 0.151278 0
 0.227955 0.32914 0.350689 0.0885471 0.00366901
 0.970185 0.0296113 0.000203453 0 0
 0.997202 0.00247181 0.000326279 0 0
 0.445219 0.490057 0.0546422 0.010081 0
 0.90214 0.0892962 0.00764917 0.000914606 0
 0 0 0 0 0
 0.581667 0.319106 0.0959925 0.00289975 0.000334073
 0.762889 0.0836404 0.116647 0.0363945 0.000428098
 0.88444 0.0763242 0.0277011 0.0115352 0
 0.521256 0.241999 0.230069 0.00667565 0
 0.616807 0.101726 0.260614 0.0208532 0
 0.833518 0.0704572 0.0857862 0.0102388 0
 0.697417 0.212968 0.0787535 0.0105354 0.000325836
 0 0 0 0 0
ppred_PELACES
 0.557763 0.0981345 0.324763 0.0193384 7.41246e-07
 0.489135 0.288843 0.0493615 0.162958 0.0097026
 0.700549 0.14966 0.0848359 0.0144435 0.0505114
 0.815269 0.13131 0.0267547 0.0151043 0.011562
 0.731494 0.220762 0.0339846 0.00689206 0.00686746
 0.806521 0.142391 0.0420179 0.00645623 0.0026137
 0.576051 0.344642 0.0584199 0.0171801 0.00370777
 0.527613 0.27673 0.159182 0.0268694 0.00960479
 0.626477 0.198521 0.102567 0.0589327 0.0135027
 0.709289 0.184219 0.0566708 0.0292012 0.0206196
 0.750058 0.178596 0.0452541 0.0138861 0.0122059
 0.721418 0.210414 0.0487368 0.0123257 0.00710581
 0.636147 0.267247 0.0730707 0.0168284 0.00670738
 0.733743 0.178734 0.064478 0.0174336 0.00561185
 0.974576 0.0197431 0.00384246 0.00135452 0.000483497
 0.921407 0.0767807 0.00140991 0.000271976 0.000130034
 0.511481 0.453226 0.0344868 0.000627715 0.000178892
 0.935676 0.0341115 0.0280433 0.00211997 4.95658e-05
 0.842003 0.148754 0.00492171 0.00401103 0.00031016
 0.786875 0.182057 0.029266 0.000959571 0.000842067
 0.8042 0.156208 0.0338517 0.00540758 0.000332776
 0.817004 0.148713 0.0273778 0.00590464 0.00100101
 0.408436 0.487692 0.0844904 0.0154785 0.00390317
 0.772423 0.0946841 0.109613 0.0189367 0.00434329
 0.732166 0.208407 0.0247668 0.0285895 0.00607094
 0.481068 0.382691 0.106074 0.0125738 0.0175943
 0.788718 0.102984 0.0799108 0.0221015 0.00628507
 0.756831 0.193012 0.0244823 0.0189457 0.00672904
 0.492129 0.386615 0.0962909 0.0121863 0.0127783
 0.583603 0.207142 0.159366 0.0396184 0.0102705
 0.674141 0.192745 0.0663073 0.050881 0.0159258
 0.570915 0.292953 0.0806473 0.0276413 0.0278438
 0.85803 0.082267 0.0407987 0.0111998 0.00770422
pobs_pel_tallas
 0 0 0 0 0 0 0 0 0 0 0 0 0 0 0 0 0 0 0 0 0 0 0 0 0 0
 0 0 0 0 0 0 0 0 0 0 0 0 0 0 0 0 0 0 0 0 0 0 0 0 0 0
 0 0 0 0 0 0 0 0 0 0 0 0 0 0 0 0 0 0 0 0 0 0 0 0 0 0
 0 0 0 0 0 0 0 0 0 0 0 0 0 0 0 0 0 0 0 0 0 0 0 0 0 0
 0 0 0 0 0 0 0 0 0 0 0 0 0 0 0 0 0 0 0 0 0 0 0 0 0 0
 0 0 0 0 0 0 0 0 0 0 0 0 0 0 0 0 0 0 0 0 0 0 0 0 0 0
 0 0 0 0 0 0 0 0 0 0 0 0 0 0 0 0 0 0 0 0 0 0 0 0 0 0
 0 0 0 0 0 0 0 0 0 0 0 0 0 0 0 0 0 0 0 0 0 0 0 0 0 0
 0 0 0 0 0 0 0 0 0 0 0 0 0 0 0 0 0 0 0 0 0 0 0 0 0 0
 0 0 0 0 0 0 0 0 0 0 0 0 0 0 0 0 0 0 0 0 0 0 0 0 0 0
 0 0 0 0 0 0 0 0 0 0 0 0 0 0 0 0 0 0 0 0 0 0 0 0 0 0
 0 0 0 0 0 0 0 0 0 0 0 0 0 0 0 0 0 0 0 0 0 0 0 0 0 0
 0.00862536 0 0 0.000197151 0.00414017 0.0128641 0.00837892 0.0270097 0.101434 0.158115 0.152841 0.127902 0.109271 0.109419 0.0830992 0.0579132 0.0238553 0.00714673 0.00463305 0.00128148 0.00103504 0.000492878 0.000147863 0.000147863 4.92878e-05 0
 0 0 0 0 0 0 0 0 0 0 0 0 0 0 0 0 0 0 0 0 0 0 0 0 0 0
 0 0 0 0 0 0 0 0.0054083 0.00873648 0.0413646 0.0450493 0.0745869 0.0622846 0.0627006 0.0613931 0.0827291 0.12552 0.122667 0.0946155 0.0697135 0.0546179 0.0294188 0.0215738 0.0213955 0.0102223 0.00600262
 0 0 0 0 0.00359764 0.0251062 0.0480494 0.140153 0.205849 0.193036 0.1447 0.116669 0.0760912 0.0342217 0.00950174 0.001854 0.000860785 0 0 0 0.000165536 0 0.000143464 0 0 0
 0 0 0 0 0 0 0 0.000145254 0.000435761 0.0275982 0.070085 0.0708112 0.156366 0.174668 0.174014 0.160142 0.0824315 0.0480064 0.0283245 0.00493863 0.00203355 0 0 0 0 0
 0 0 0 0 0 0 0 0 0 0 0 0 0 0 0 0 0 0 0 0 0 0 0 0 0 0
 0 0 1.00437e-05 0.000401748 0.00122533 0.00171747 0.00176769 0.0269171 0.070346 0.194647 0.189555 0.159765 0.064822 0.0314167 0.0384472 0.0292271 0.0345202 0.0313363 0.0194345 0.0106764 0.0143323 0.0359363 0.0279516 0.0138201 0.00172751 0
 0 0.0021121 0.0136068 0.0755702 0.200478 0.177729 0.0527432 0.0373336 0.0318909 0.0142505 0.0149659 0.0166563 0.0217959 0.0798694 0.0677717 0.0528807 0.04013 0.0224614 0.0357745 0.0225083 0.00881397 0.00855152 0.00135912 0.000746735 0 0
 0 0 0 0 5.4009e-05 0.00500934 0.000945158 0.0243581 0.138947 0.33067 0.221406 0.137944 0.0707744 0.0437923 0.0131692 0.00525238 0.0047753 0.00276346 9.45158e-05 9.00151e-06 2.25038e-05 9.00151e-06 4.50075e-06 0 0 0
 0.000866109 0.00284123 0.00948549 0.0512746 0.133035 0.25785 0.225252 0.132002 0.0553304 0.0519788 0.0540692 0.017754 0.00435017 0.00159236 0.00146478 0.000404838 0.000125132 0.000115318 0.000107957 0.000100596 0 0 0 0 0 0
 0 0 0 0 0.00144013 0.00171154 0.00461396 0.0210425 0.0478622 0.0707936 0.0888783 0.103762 0.0637923 0.0337046 0.0602308 0.124433 0.169614 0.0934646 0.0462172 0.0250306 0.0313229 0.00938855 0.002487 0.000210481 0 0
 0 0.00764035 0.051015 0.0998891 0.058973 0.0496711 0.0374665 0.0718981 0.12319 0.153886 0.159021 0.0857701 0.0377988 0.023471 0.0147837 0.00900784 0.00315554 0.000888139 0.00291439 0.00214683 0.00393193 0.00274676 0.000635225 9.99891e-05 0 0
 0 0 0 0 0 0 0 0 0 0 0 0 0 0 0 0 0 0 0 0 0 0 0 0 0 0
 0 0 0 0 0 0 0 0 0 0 0 0 0 0 0 0 0 0 0 0 0 0 0 0 0 0
 0 0 0 0 0 0 0 0 0 0 0 0 0 0 0 0 0 0 0 0 0 0 0 0 0 0
 0 0 0 0 0 0 0 0 0 0 0 0 0 0 0 0 0 0 0 0 0 0 0 0 0 0
 0 0 0 0 0 0 0 0 0 0 0 0 0 0 0 0 0 0 0 0 0 0 0 0 0 0
 0 0 0 0 0 0 0 0 0 0 0 0 0 0 0 0 0 0 0 0 0 0 0 0 0 0
 0 0 0 0 0 0 0 0 0 0 0 0 0 0 0 0 0 0 0 0 0 0 0 0 0 0
 0 0 0 0 0 0 0 0 0 0 0 0 0 0 0 0 0 0 0 0 0 0 0 0 0 0
 0 0 0 0 0 0 0 0 0 0 0 0 0 0 0 0 0 0 0 0 0 0 0 0 0 0
ppred_pel_tallas
 1.11337e-16 4.59422e-05 0.000446575 0.00296765 0.0134905 0.041974 0.0894304 0.130528 0.130538 0.0894792 0.0421393 0.0139741 0.00420493 0.00322446 0.00554642 0.00968143 0.0153001 0.0220605 0.0295379 0.037367 0.0451556 0.0521699 0.0571636 0.0587043 0.0558952 0.0489744
 1.19483e-16 4.02894e-05 0.000391628 0.0026025 0.0118306 0.0368096 0.0784278 0.114474 0.114501 0.0785642 0.0372678 0.0131552 0.00593172 0.00767418 0.0139177 0.0230764 0.0335727 0.0429891 0.0489646 0.0506037 0.049081 0.0468223 0.0458712 0.0466958 0.0481811 0.0485538
 1.12483e-16 5.77033e-05 0.000560897 0.00372736 0.016944 0.0527193 0.112325 0.163944 0.163959 0.112396 0.0529583 0.0176358 0.00546942 0.00438258 0.00737158 0.0122438 0.0179861 0.0233793 0.0272308 0.0290362 0.0292632 0.0289496 0.0289398 0.0293762 0.0297584 0.029387
 1.04278e-16 6.71527e-05 0.000652748 0.00433774 0.0197187 0.0613524 0.130718 0.19079 0.190802 0.13078 0.0615604 0.0203199 0.00584766 0.0039523 0.00634386 0.0104093 0.015057 0.0190863 0.0213294 0.0212709 0.0193558 0.0166743 0.0142773 0.0126555 0.0116891 0.0109514
 1.02891e-16 6.02522e-05 0.000585673 0.00389201 0.0176925 0.0550481 0.117287 0.171188 0.171209 0.11739 0.0553973 0.0187012 0.00642421 0.00611437 0.0105629 0.0173742 0.0250391 0.0315236 0.034796 0.0339213 0.0296118 0.0237314 0.0181672 0.0139494 0.0111261 0.00920822
 1.02339e-16 6.64321e-05 0.000645744 0.00429119 0.0195072 0.0606941 0.129316 0.188743 0.188757 0.129383 0.06092 0.02016 0.00593171 0.00423252 0.00689455 0.0113351 0.0164203 0.0208533 0.0233521 0.0233153 0.0211537 0.0179652 0.0148293 0.0122876 0.0103147 0.00863192
 1.04125e-16 4.74486e-05 0.000461217 0.00306495 0.0139329 0.0433504 0.0923639 0.134815 0.134848 0.0925263 0.0438958 0.0155082 0.00702022 0.00909842 0.0164595 0.0271578 0.0391693 0.0493666 0.0545888 0.0533744 0.046816 0.0377837 0.0291723 0.0225447 0.0179588 0.0146754
 1.08985e-16 4.34589e-05 0.000422436 0.00280724 0.0127613 0.0397053 0.0845973 0.123478 0.123505 0.0847287 0.0401469 0.0140394 0.00602469 0.00747715 0.0135326 0.022541 0.0330221 0.0426876 0.0491993 0.0514348 0.0500452 0.0467835 0.0431994 0.0397989 0.0361916 0.0318278
 1.11206e-16 5.16021e-05 0.000501591 0.00333325 0.0151525 0.0471451 0.100448 0.146611 0.14663 0.100542 0.0474618 0.0160692 0.0056413 0.00556304 0.00973247 0.0161894 0.0237485 0.0307901 0.0357035 0.0377814 0.0375999 0.0364898 0.035538 0.0349364 0.034094 0.0322447
 1.08101e-16 5.84232e-05 0.000567895 0.00377386 0.0171554 0.053377 0.113726 0.16599 0.166008 0.113813 0.0536696 0.0180012 0.00589999 0.00521952 0.0089235 0.0147424 0.0214301 0.0273807 0.0310083 0.0316184 0.0298142 0.0270377 0.0246163 0.0230688 0.0220881 0.0210113
 1.0481e-16 6.17814e-05 0.000600537 0.00399078 0.0181415 0.0564451 0.120263 0.175531 0.175548 0.120347 0.0567282 0.0189599 0.00604678 0.00509485 0.00861527 0.0141928 0.0205531 0.0260905 0.0292131 0.0291986 0.0266116 0.0228835 0.0194022 0.016831 0.0150563 0.013594
 1.03899e-16 5.94223e-05 0.000577606 0.00383839 0.0174488 0.0542898 0.115671 0.168829 0.16885 0.11577 0.0546232 0.0184122 0.00625829 0.00586556 0.0101179 0.0166742 0.0241115 0.0305272 0.0340206 0.0337149 0.0302616 0.0253563 0.0206753 0.0170711 0.0144997 0.0124765
 1.05e-16 5.23986e-05 0.000509333 0.0033847 0.0153864 0.0478728 0.101999 0.148876 0.148902 0.102125 0.0482967 0.0166113 0.00646217 0.00723691 0.0128571 0.0212452 0.0307701 0.0390532 0.0436962 0.0435838 0.0395132 0.0335778 0.0278298 0.0232876 0.019872 0.0169989
 1.04605e-16 6.04375e-05 0.000587474 0.00390397 0.0177469 0.0552173 0.117647 0.171713 0.17173 0.117731 0.0555013 0.018568 0.00596837 0.00510473 0.00867096 0.0143217 0.0208192 0.0265897 0.030064 0.030513 0.0284461 0.0251873 0.0219902 0.0194072 0.0172903 0.0152211
 1.00334e-16 8.02746e-05 0.000780297 0.00518535 0.0235719 0.0733408 0.15626 0.228067 0.228069 0.15627 0.0733721 0.0236622 0.00541216 0.00127574 0.00102219 0.00156541 0.00225333 0.0028465 0.00316102 0.00311437 0.00276924 0.00228809 0.00183252 0.00148627 0.00124682 0.00106758
 1.0011e-16 7.58951e-05 0.000737728 0.00490246 0.0222859 0.0693397 0.147736 0.215626 0.215634 0.147772 0.0694608 0.0226354 0.00577913 0.00264898 0.00369831 0.00597449 0.00855342 0.0106598 0.0115606 0.0109202 0.00900153 0.00650101 0.00414923 0.00238393 0.0012799 0.000684244
 1.01205e-16 4.21301e-05 0.00040952 0.0027214 0.0123711 0.0384914 0.0820117 0.119708 0.119751 0.0822248 0.039207 0.0144374 0.00790545 0.0117177 0.021493 0.0353981 0.0508282 0.0635762 0.0693756 0.0662444 0.0556711 0.041633 0.0282728 0.0180287 0.0112844 0.00719612
 1.0104e-16 7.70704e-05 0.000749151 0.00497838 0.022631 0.0704134 0.150023 0.218964 0.218967 0.15004 0.0704681 0.0227894 0.00537781 0.00162683 0.00176063 0.00283208 0.00417289 0.0054561 0.0063974 0.00685372 0.00688076 0.00665005 0.00630013 0.00585422 0.00525835 0.00447849
 1.00635e-16 6.93547e-05 0.000674152 0.00447998 0.0203653 0.0633642 0.135005 0.197046 0.197061 0.135075 0.0635989 0.0210429 0.00617954 0.00438025 0.00709601 0.0115903 0.0166171 0.020745 0.0225684 0.0214448 0.0178846 0.013226 0.00886141 0.00560655 0.00357393 0.002445
 1.0113e-16 6.48139e-05 0.000630014 0.00418667 0.019032 0.0592157 0.126166 0.184147 0.184164 0.126252 0.0595036 0.0198638 0.00627465 0.0051885 0.00872323 0.0143209 0.0206274 0.0259442 0.0285797 0.027742 0.0239959 0.018863 0.0139037 0.0100012 0.00725862 0.00535237
 1.01616e-16 6.62409e-05 0.000643886 0.00427885 0.019451 0.0605194 0.128944 0.1882 0.188215 0.129017 0.0607668 0.0201658 0.00607389 0.00456529 0.00752191 0.0123516 0.0178353 0.0225287 0.0250004 0.0245803 0.0217391 0.0177379 0.0138463 0.0107467 0.00847266 0.00673165
 1.0159e-16 6.72956e-05 0.000654137 0.00434697 0.0197607 0.061483 0.130996 0.191196 0.191211 0.131067 0.0617183 0.0204407 0.00605426 0.00438277 0.00715332 0.0117315 0.0169212 0.0213369 0.0236111 0.0231088 0.0202922 0.0163877 0.012634 0.00970293 0.00762905 0.00611359
 1.04776e-16 3.36425e-05 0.000327017 0.00217314 0.00987882 0.0307369 0.06549 0.0955945 0.0956415 0.0657198 0.0315086 0.012108 0.00776987 0.0125484 0.0232549 0.0384193 0.0554043 0.0698014 0.0771237 0.0752816 0.0657991 0.0527254 0.0401674 0.0303788 0.0235123 0.0186017
 1.05822e-16 6.36234e-05 0.000618443 0.00410977 0.0186824 0.058128 0.123848 0.180762 0.180771 0.123894 0.0582809 0.0191262 0.00523124 0.00309148 0.00483334 0.00808049 0.0120796 0.0161222 0.0195063 0.0218747 0.0233392 0.0242248 0.0246727 0.0244768 0.023278 0.0209048
 1.04663e-16 6.03076e-05 0.000586211 0.00389558 0.0177088 0.0550986 0.117394 0.171344 0.171365 0.117492 0.0554282 0.0186608 0.00628549 0.00580422 0.00997313 0.0164012 0.0236464 0.0298013 0.0329773 0.032337 0.0286053 0.0235793 0.0190323 0.0158592 0.0139607 0.0127031
 1.07398e-16 3.9625e-05 0.000385169 0.00255959 0.0116355 0.0362026 0.0771349 0.112588 0.112625 0.0773156 0.0368095 0.0133895 0.00696632 0.0100184 0.0183741 0.0304158 0.0440506 0.0558966 0.0625155 0.0623046 0.0564029 0.0478146 0.0394982 0.0329427 0.0280657 0.0240481
 1.05613e-16 6.49657e-05 0.00063149 0.00419647 0.0190766 0.0593543 0.126461 0.184576 0.184586 0.12651 0.0595194 0.0195549 0.00540247 0.00328188 0.00515061 0.00854895 0.0126301 0.0165597 0.0195221 0.0211325 0.0216115 0.0215132 0.0212467 0.0208046 0.0198783 0.0181867
 1.03795e-16 6.23392e-05 0.000605959 0.00402681 0.0183053 0.0569547 0.121349 0.177116 0.177135 0.12144 0.05726 0.019187 0.00624009 0.00543814 0.00924155 0.0151858 0.0218872 0.0275683 0.0304696 0.0298023 0.0262245 0.0213942 0.0169629 0.0137883 0.0118241 0.0105318
 1.06263e-16 4.05361e-05 0.000394026 0.00261844 0.0119031 0.0370351 0.0789085 0.115177 0.115214 0.0790909 0.0376478 0.0136737 0.00706618 0.010114 0.0185314 0.0306525 0.0443401 0.0561512 0.0625872 0.0620155 0.0555994 0.0464191 0.0375367 0.0305382 0.0254054 0.0213395
 1.10364e-16 4.80707e-05 0.000467264 0.00310513 0.0141155 0.0439187 0.0935741 0.136578 0.136599 0.0936728 0.0442507 0.0150773 0.00552982 0.00579507 0.0102687 0.017168 0.0253549 0.0332055 0.0390694 0.0421573 0.042902 0.0424203 0.0415566 0.0403379 0.0381991 0.0346286
 1.09761e-16 5.55281e-05 0.000539753 0.00358685 0.0163053 0.050732 0.108091 0.157765 0.157784 0.108182 0.0510384 0.0171915 0.00581546 0.00541864 0.00936289 0.0155023 0.0225952 0.0289992 0.0330944 0.0341845 0.0329036 0.0307161 0.0289127 0.0279008 0.0272236 0.0261001
 1.09887e-16 4.70255e-05 0.000457105 0.00303763 0.0138086 0.0429639 0.0915402 0.133611 0.13364 0.0916785 0.0434287 0.015152 0.00641328 0.00783845 0.0141021 0.0233368 0.0338468 0.0430675 0.048423 0.048757 0.0450081 0.0395065 0.0344739 0.0309097 0.0285238 0.026428
 1.03626e-16 7.06748e-05 0.000686985 0.00456525 0.020753 0.0645703 0.137574 0.200795 0.200803 0.137613 0.0647014 0.0211324 0.00551999 0.0027793 0.00406839 0.00667736 0.00976167 0.0125924 0.0144756 0.0150948 0.014676 0.0137825 0.0129096 0.0122131 0.0115388 0.0106449
pSPR Fmed_Fpbrs
1   0.983811 0.6 0.325 0.983811 0.983811 0.983811
Fs Fmed_Fpbrs
0   0.01 0.357502 0.924264 0.01 0.01 0.01
SSBpbr Bo_Bmed_Bpbrs
980785  931746  915868 539432 269716 915868 915868 915868
Ro
161961
SPR SPRFo_SPRFmed_SPRFpbrs
1.16682e+06 1.16682e+06 1.14793e+06
Fref
0
Nvult_r0
 145264 17506.9 8896.01 2445.37 1682.27
CTP_r0
 22996.9 4786.38 2528.93 696.621 479.286
YTP_r0
356503
Np
 208954 76870 28278.9 10403.2 5235.06
Nvult_p0
 132084 48591.1 17875.7 6576.09 3309.19
CTP_p0
 0 0 0 0 0
 0 0 0 0 0
 0 0 0 0 0
 0 0 0 0 0
 0 0 0 0 0
 0 0 0 0 0
YTP_p0
 0 0 0 0 0 0
CBA_c0
0
log_Ro
11.8151
likeval ReclasPelacesDesembMPH_pf_preclas_ppelaces_ptallas_desvR_qrecl_qpela
 0.000394868 14.5308 0.0781066 47.9388 241.355 140.974 116.679 0 20.4788 7.926e-07 7.34202e-06 0.303089 2065.81 0 0
q_reclas_q_pelaces
1.13417 1.46697
M
1
N
 182142 34416.3 114803 6839.07 0.26215
 91387.7 61490.4 10661.9 35226.9 2097.51
 118397 28729.7 16517.9 2814.43 9842.93
 191593 37361.8 7776.12 4395.19 3364.63
 175681 55985 8670.74 1759.02 1752.77
 309616 60530.1 18065.3 2777.56 1124.49
 140891 100741 17418.2 5128 1106.78
 77752.6 41818.2 24122.1 4072.36 1455.73
 80098.9 27751.3 14480.7 8324.91 1907.46
 91981.1 26464.6 8234.35 4245.67 2998.06
 121484 29913.9 7608.17 2335.03 2052.52
 122108 42921 10149.8 2569.89 1481.65
 67361.3 35880.7 10072.8 2323.21 926.043
 30069.1 18619.6 7450.91 2026.25 652.448
 131536 3596.67 723.724 255.596 91.2445
 290615 33720.4 642.41 124.177 59.3763
 65812.1 71761.8 5587.87 101.839 29.025
 386235 18858.6 16015.5 1212.91 28.361
 404930 99945.8 3432.04 2802.8 216.755
 340907 99587.1 16429.1 539.454 473.431
 415848 94710.9 20891.1 3340.5 205.581
 574289 126299 23745.3 5127.22 869.267
 127990 168236 29459 5400.05 1361.76
 309192 41941.1 49103.8 8488.43 1946.96
 322543 100684 12088.6 13962.4 2964.98
 124563 106179 29657.3 3517.04 4921.42
 293212 42166.2 33072 9152.44 2602.78
 346653 96026.5 12292.8 9517.68 3380.53
 138309 115440 28945.9 3664.7 3842.78
 123474 47302 36702.1 9128.48 2366.48
 125923 41434.1 14478.3 11119.6 3480.62
 70246.9 39114.1 10866 3726.12 3753.52
 208954 23421.2 11818.7 3247.52 2234.05
pred_Ctot
 9544.64 3483.63 12219.1 729.896 0.0279818
 8510.74 10758.3 1955.6 6477.8 385.758
 10777.4 4920.24 2966.12 506.681 1772.26
 25383.3 9048.99 1968.73 1115.42 853.989
 7081.72 4394.88 716.366 145.73 145.234
 22841.2 8501.18 2663.69 410.624 166.263
 17508.4 23017.7 4162.69 1228.48 265.178
 1468.08 1559.9 948.5 160.586 57.4124
 5204.12 3453.19 1892.96 1091.16 250.049
 6810.86 3729.93 1218.4 629.863 444.837
 3052.3 1478.65 396.245 121.956 107.217
 15820.5 10186.8 2518.68 639.25 368.6
 10835.7 10343.1 3028.9 700.179 279.129
 14005.9 12385.3 5061.79 1378.07 443.761
 25954.3 1239.2 259.417 91.8128 32.7796
 62378.4 12481.6 247.075 47.8574 22.8859
 9385.67 18577.1 1510.98 27.6022 7.86786
 74508 6372.45 5632 427.445 9.99592
 87657.8 37261.8 1329.32 1087.82 84.1363
 53972.8 28305.1 4871.93 160.337 140.73
 46572 19669.3 4542.1 728.083 44.8135
 75327.7 30312.9 5957.99 1289.57 218.66
 8922.35 22389.2 4117.18 756.707 190.849
 22667.2 5855.45 7197.52 1247.49 286.172
 21636.6 12916.9 1628.98 1886.49 400.662
 6328.65 10431.5 3064.13 364.364 509.93
 20539.1 5637.42 4643.32 1288.41 366.45
 20937.3 11142.5 1499.01 1163.72 413.394
 6186.87 10026.4 2645.07 335.8 352.169
 6906.67 5098.61 4158.8 1037.17 268.915
 12562 7730.03 2830.35 2179.25 682.231
 4193.93 4488.47 1310.44 450.58 453.957
 22996.9 4786.38 2528.93 696.621 479.286
F
 0.0859049 0.171855 0.181407 0.18194 0.181968
 0.157178 0.314438 0.331916 0.33289 0.332942
 0.153397 0.306875 0.323933 0.324883 0.324933
 0.230287 0.460695 0.486303 0.48773 0.487805
 0.0655294 0.131093 0.13838 0.138786 0.138807
 0.122779 0.245623 0.259276 0.260037 0.260077
 0.214656 0.429425 0.453295 0.454625 0.454695
 0.030249 0.0605139 0.0638776 0.064065 0.0640749
 0.107456 0.214968 0.226917 0.227583 0.227618
 0.123259 0.246583 0.26029 0.261053 0.261094
 0.040422 0.0808652 0.0853602 0.0856106 0.0856238
 0.224703 0.449524 0.474511 0.475903 0.475977
 0.285857 0.571863 0.60365 0.605422 0.605515
 1.12349 2.24756 2.37249 2.37945 2.37982
 0.361175 0.722539 0.762702 0.76494 0.765058
 0.398648 0.797503 0.841834 0.844304 0.844434
 0.249833 0.499796 0.527578 0.529126 0.529208
 0.351817 0.703817 0.742939 0.745119 0.745234
 0.402682 0.805574 0.850353 0.852848 0.852979
 0.280782 0.561709 0.592933 0.594673 0.594764
 0.191672 0.383444 0.404758 0.405946 0.406009
 0.227765 0.45565 0.480977 0.482389 0.482463
 0.115685 0.23143 0.244294 0.245011 0.245049
 0.121972 0.244007 0.25757 0.258326 0.258366
 0.111112 0.222282 0.234638 0.235327 0.235363
 0.0831966 0.166437 0.175688 0.176204 0.176231
 0.116273 0.232606 0.245535 0.246256 0.246294
 0.0995711 0.199194 0.210266 0.210883 0.210916
 0.0729407 0.14592 0.154031 0.154483 0.154506
 0.0919257 0.183899 0.194122 0.194691 0.194721
 0.169191 0.33847 0.357284 0.358333 0.358388
 0.0983757 0.196803 0.207742 0.208352 0.208384
 0.188087 0.376272 0.397188 0.398353 0.398415
YTP_r0W_actual
 173397 83522.3 60871.3 21818.2 16894.8
YTP_p0W_proyectada
 0 0 0 0 0
 0 0 0 0 0
 0 0 0 0 0
 0 0 0 0 0
 0 0 0 0 0
 0 0 0 0 0
CTP_r0_actual
 22996.9 4786.38 2528.93 696.621 479.286
CTP_p0_proyectada
 0 0 0 0 0
 0 0 0 0 0
 0 0 0 0 0
 0 0 0 0 0
 0 0 0 0 0
 0 0 0 0 0
Wmedp
 7.54 17.45 24.07 31.32 35.25
Frms_r0
 0.188087 0.376272 0.397188 0.398353 0.398415
Zrms_r0
 1.18809 1.37627 1.39719 1.39835 1.39841
nmprior
 7.29 8.9 8.7 0
nm_flota  nm_reclas  nm_pelaces    nm_pelaL
inf 10.591 19.4621 63.8066
cv_recla  cv_pelaces  cv_mph
0.573634 0.417576 0.555138
 ------------------------------------------------
Talla a la edad & desviaci?n 
 8 13.2811 15.8009 17.003 17.5766
 0.8 1.32811 1.58009 1.7003 1.75766
