years
 1991 1992 1993 1994 1995 1996 1997 1998 1999 2000 2001 2002 2003 2004 2005 2006 2007 2008 2009 2010 2011 2012 2013 2014 2015 2016 2017 2018 2019 2020 2021 2022 2023
reclasobs
 0 0 0 0 0 0 0 0 0 252601 567819 844713 477998 351125 339783 2.1784e+06 2.13404e+06 4.81314e+06 1.55562e+06 2.62356e+06 3.21686e+06 3.843e+06 1.13348e+06 3.07943e+06 1.97215e+06 2.03268e+06 2.025e+06 2.42433e+06 2.27542e+06 1.05018e+06 2.36338e+06 3.18982e+06 1.53035e+06
reclaspred
 6.48674e+06 1.67448e+06 1.69652e+06 966145 57992 1.17537e+07 7.46965e+06 4.23697e+06 1.84735e+06 82934.7 104154 3.05258e+06 2.32837e+06 249207 1.10822e+06 2.41012e+06 841992 5.41235e+06 1.80026e+06 2.57407e+06 2.94713e+06 3.93758e+06 1.69163e+06 2.80405e+06 2.59345e+06 1.44005e+06 2.3315e+06 3.26861e+06 1.76831e+06 2.15152e+06 1.82784e+06 878320 436452
pelacesobs
 0 0 0 0 0 0 0 0 0 0 0 0 0 0 0 552880 188675 0 991730 2.46772e+06 1.41603e+06 1.21717e+06 2.29649e+06 1.80582e+06 0 1.4828e+06 1.56532e+06 1.57751e+06 1.42118e+06 867257 1.10002e+06 1.06204e+06 0
pelacespred
 7.24786e+06 1.73082e+06 857803 485203 18949.6 7.02217e+06 6.89517e+06 5.15349e+06 2.24582e+06 33127.3 35333.2 1.5407e+06 1.71912e+06 98596.3 581144 1.097e+06 467862 2.99155e+06 948988 1.04309e+06 1.50711e+06 1.90092e+06 1.15643e+06 1.70167e+06 1.4675e+06 992527 1.53679e+06 1.95853e+06 1.33301e+06 1.44e+06 1.00018e+06 585612 137175
mphobs
 0 0 0 0 0 0 0 0 0 0 0 0 498337 0 5186 125008 0 168611 109162 213762 579715 649985 157893 87575 83554 210694 70296 0 107559 103333 445601 22526 28222
mphpred
 1.58984e+06 616772 93492.4 223514 42942.4 1397.1 1.7124e+06 969171 523620 89201.1 839.355 7333.3 426625 156596 6085.12 90071.3 237066 56397.4 450910 239373 682000 493388 200239 72335.8 138985 156027 63608.2 118056 228829 91359.9 104987 95268.6 12896.3
desembarqueobs
 494567 514787 250237 358949 120608 361735 552515 73892 212993 205616 52469 317467 293654 387597 252695 516296 358380 742168 942051 627588 828172 859565 418607 520667 417249 300574 415391 372974 316634 284311 391294 218835 356480
desembarquepred
 494480 514028 250661 357915 120370 361598 552120 73876.3 212778 205114 52398.7 317188 293347 386536 252318 515443 357694 740963 938950 626031 827065 857846 418004 519964 416518 300160 414710 372459 316077 283747 390513 218480 355649
Reclutas
 1501.57 945.654 242628 3291.41 1200.88 783942 1326.14 426.637 741.962 1465.21 16134.9 301468 47694 7292.66 74010.1 247371 4570.11 463085 83342.9 278887 160577 458878 4364.17 132205 186059 11358.8 128801 154060 11619 114245 75461.6 5515.75 58610.8
log_desv_Rt
 -2.8563 -3.31869 2.22872 -2.07149 -3.07975 3.40153 -2.98053 -4.11463 -3.56126 -2.88081 -0.481822 2.44586 0.601998 -1.27594 1.04139 2.24808 -1.74327 2.8751 1.16016 2.368 1.81597 2.86598 -1.78938 1.62155 1.96326 -0.832818 1.59546 1.77454 -0.810164 1.47553 1.06082 -1.5552 0.808112
SSB
 1.79984e+06 698241 105842 253038 48614.7 1581.64 1.93859e+06 1.09719e+06 592784 100984 950.226 8301.95 461133 169311 6516.69 96973 268380 63846.9 541826 104531 311673 242283 469973 164729 280784 343618 129550 224933 458541 167702 238072 224571 30453.3
BT
 2.21683e+06 974061 534893 373560 109487 3.45128e+06 2.38394e+06 1.30567e+06 751259 239760 58406.4 945729 776252 399389 506030 887051 415104 1.98774e+06 1.18128e+06 914247 1.25114e+06 1.50579e+06 658752 1.1872e+06 904727 527246 1.0736e+06 1.11514e+06 634915 831437 699446 339156 367839
Ftot
 0.292191 1.06306 1.0398 1.26154 3.9005 0.264778 0.283425 0.0682741 0.436151 4.22997 3.44229 0.859699 0.542819 3.59995 1.77723 1.51173 1.43709 1.08214 1.98057 1.70931 1.49131 1.45056 0.895628 1.22922 0.952713 0.810772 1.22277 0.77102 0.681102 0.863036 1.1762 0.934979 4.36529
BD_Bspro_t
 0.954325 0.630245 0.219979 0.400495 0.089072 0.00489377 0.794733 0.63901 0.570854 0.203673 0.00500114 0.0727682 0.579953 0.248897 0.0173465 0.204677 0.295471 0.0946782 0.353203 0.0996025 0.201612 0.16699 0.285387 0.136442 0.240621 0.324696 0.190842 0.318313 0.460934 0.259974 0.351579 0.302737 0.0867822
BD_Bspro
 9.5636 3.71016 0.562398 1.34453 0.258318 0.00840415 10.3008 5.83 3.1498 0.536584 0.00504909 0.044113 2.45027 0.899646 0.0346269 0.515273 1.42606 0.339255 2.87903 0.555433 1.6561 1.28739 2.49724 0.875298 1.49197 1.82584 0.688375 1.1952 2.43649 0.891097 1.26501 1.19327 0.161816
BD_Bo
 4.84528 1.87971 0.284932 0.681193 0.130874 0.00425786 5.2188 2.9537 1.59581 0.271854 0.00255806 0.0223494 1.2414 0.455795 0.0175433 0.261057 0.722496 0.17188 1.45863 0.281403 0.839043 0.652241 1.2652 0.443459 0.755888 0.925041 0.348757 0.605534 1.23442 0.451464 0.640904 0.604557 0.0819822
BD_Brms
 5.18962 2.01329 0.305182 0.729603 0.140174 0.00456046 5.58968 3.16361 1.70922 0.291174 0.00273986 0.0239377 1.32962 0.488187 0.0187901 0.27961 0.773841 0.184095 1.56229 0.301402 0.898671 0.698594 1.35511 0.474975 0.809607 0.990781 0.373542 0.648567 1.32215 0.483548 0.686451 0.647522 0.0878084
Sel_flota
 0.45193 1 1 1 1
 0.45193 1 1 1 1
 0.45193 1 1 1 1
 0.45193 1 1 1 1
 0.45193 1 1 1 1
 0.45193 1 1 1 1
 0.45193 1 1 1 1
 0.45193 1 1 1 1
 0.45193 1 1 1 1
 0.45193 1 1 1 1
 0.45193 1 1 1 1
 0.45193 1 1 1 1
 0.45193 1 1 1 1
 0.45193 1 1 1 1
 0.45193 1 1 1 1
 0.45193 1 1 1 1
 0.45193 1 1 1 1
 0.45193 1 1 1 1
 0.45193 1 1 1 1
 0.45193 1 1 1 1
 0.45193 1 1 1 1
 0.45193 1 1 1 1
 0.45193 1 1 1 1
 0.45193 1 1 1 1
 0.45193 1 1 1 1
 0.45193 1 1 1 1
 0.45193 1 1 1 1
 0.45193 1 1 1 1
 0.45193 1 1 1 1
 0.45193 1 1 1 1
 0.45193 1 1 1 1
 0.45193 1 1 1 1
 0.45193 1 1 1 1
Sel_reclas
 1 1 1 1 1
 1 1 1 1 1
 1 1 1 1 1
 1 1 1 1 1
 1 1 1 1 1
 1 1 1 1 1
 1 1 1 1 1
 1 1 1 1 1
 1 1 1 1 1
 1 1 1 1 1
 1 1 1 1 1
 1 1 1 1 1
 1 1 1 1 1
 1 1 1 1 1
 1 1 1 1 1
 1 1 1 1 1
 1 1 1 1 1
 1 1 1 1 1
 1 1 1 1 1
 1 1 1 1 1
 1 1 1 1 1
 1 1 1 1 1
 1 1 1 1 1
 1 1 1 1 1
 1 1 1 1 1
 1 1 1 1 1
 1 1 1 1 1
 1 1 1 1 1
 1 1 1 1 1
 1 1 1 1 1
 1 1 1 1 1
 1 1 1 1 1
 1 1 1 1 1
Sel_pelaces
 0.517803 0.843854 0.964536 0.992747 0.99855
 0.517803 0.843854 0.964536 0.992747 0.99855
 0.517803 0.843854 0.964536 0.992747 0.99855
 0.517803 0.843854 0.964536 0.992747 0.99855
 0.517803 0.843854 0.964536 0.992747 0.99855
 0.517803 0.843854 0.964536 0.992747 0.99855
 0.517803 0.843854 0.964536 0.992747 0.99855
 0.517803 0.843854 0.964536 0.992747 0.99855
 0.517803 0.843854 0.964536 0.992747 0.99855
 0.517803 0.843854 0.964536 0.992747 0.99855
 0.517803 0.843854 0.964536 0.992747 0.99855
 0.517803 0.843854 0.964536 0.992747 0.99855
 0.517803 0.843854 0.964536 0.992747 0.99855
 0.517803 0.843854 0.964536 0.992747 0.99855
 0.517803 0.843854 0.964536 0.992747 0.99855
 0.517803 0.843854 0.964536 0.992747 0.99855
 0.517803 0.843854 0.964536 0.992747 0.99855
 0.517803 0.843854 0.964536 0.992747 0.99855
 0.517803 0.843854 0.964536 0.992747 0.99855
 0.517803 0.843854 0.964536 0.992747 0.99855
 0.517803 0.843854 0.964536 0.992747 0.99855
 0.517803 0.843854 0.964536 0.992747 0.99855
 0.517803 0.843854 0.964536 0.992747 0.99855
 0.517803 0.843854 0.964536 0.992747 0.99855
 0.517803 0.843854 0.964536 0.992747 0.99855
 0.517803 0.843854 0.964536 0.992747 0.99855
 0.517803 0.843854 0.964536 0.992747 0.99855
 0.517803 0.843854 0.964536 0.992747 0.99855
 0.517803 0.843854 0.964536 0.992747 0.99855
 0.517803 0.843854 0.964536 0.992747 0.99855
 0.517803 0.843854 0.964536 0.992747 0.99855
 0.517803 0.843854 0.964536 0.992747 0.99855
 0.517803 0.843854 0.964536 0.992747 0.99855
pf_obs 
 0.8446 0.082 0.0669 0.0065 0
 0.8095 0.147 0.0364 0.0071 0
 0.9664 0.0169 0.016 0.0007 0
 0.9276 0.0648 0.0075 0.0001 0
 0.7033 0.2144 0.0806 0.0017 0
 0.9318 0.0425 0.0243 0.0014 0
 0.5671 0.3108 0.0964 0.0239 0.0018
 0.0768 0.2599 0.5324 0.112 0.0189
 0.490249 0.384438 0.106611 0.0170017 0.00170017
 0.7925 0.1577 0.0466 0.003 0.0002
 0.840416 0.127587 0.0312969 0.00059994 9.999e-05
 0.8084 0.0986 0.0794 0.0134 0.0002
 0.7335 0.1905 0.0724 0.0035 0.0001
 0.4001 0.4547 0.1325 0.0127 0
 0.49795 0.308269 0.164784 0.0264974 0.00249975
 0.9179 0.0499 0.0305 0.0017 0
 0.2467 0.6533 0.0926 0.0074 0
 0.9418 0.0223 0.034 0.0019 0
 0.707729 0.231977 0.0356964 0.0245975 0
 0.517169 0.277429 0.184464 0.0207286 0.00020938
 0.811772 0.124168 0.05621 0.00726502 0.000585176
 0.764997 0.148141 0.077277 0.00933861 0.000247198
 0.163321 0.427699 0.378323 0.0303852 0.000271297
 0.753843 0.0900009 0.118128 0.0371064 0.000921714
 0.721811 0.176058 0.0630433 0.0369309 0.00215725
 0.143369 0.312575 0.442814 0.0836902 0.0175525
 0.692698 0.0596174 0.167031 0.0765114 0.00414204
 0.394062 0.376323 0.152708 0.0712218 0.00568511
 0.125707 0.32114 0.495352 0.0537591 0.00404204
 0.23352 0.215282 0.420074 0.123614 0.00750983
 0.796117 0.104755 0.0508955 0.0450114 0.00322123
 0.162477 0.292055 0.404252 0.121198 0.0200186
 0 0 0 0 0
pf_pred 
 0.00673775 0.147266 0.746213 0.0997824 4.9685e-07
 0.017386 0.015969 0.14332 0.726216 0.0971089
 0.97116 0.00155147 0.000443484 0.0039802 0.022865
 0.0325431 0.95852 0.000480788 0.000137432 0.00831912
 0.121798 0.0917748 0.779162 0.000390824 0.00687417
 0.999668 0.000201724 1.35621e-05 0.000115142 1.07359e-06
 0.00248663 0.997376 8.3407e-05 5.60756e-06 4.80517e-05
 0.00273748 0.00600012 0.991126 8.28844e-05 5.3323e-05
 0.014716 0.00607946 0.00589148 0.973179 0.000133741
 0.156596 0.0310376 0.00501251 0.00485752 0.802496
 0.990597 0.0066727 0.000100473 1.62263e-05 0.00261353
 0.992329 0.00766317 5.73697e-06 8.63839e-08 2.26098e-06
 0.242893 0.755146 0.0019589 1.46652e-06 6.00046e-07
 0.153406 0.389416 0.455994 0.00118288 1.24789e-06
 0.982288 0.0112884 0.00295464 0.00345979 8.9844e-06
 0.923494 0.0761846 0.000204918 5.36355e-05 6.29685e-05
 0.0544067 0.925583 0.0199259 5.35958e-05 3.04975e-05
 0.981119 0.00332787 0.0152238 0.000327737 1.38315e-06
 0.335373 0.660698 0.000692377 0.00316738 6.84749e-05
 0.905588 0.0662144 0.0280309 2.93749e-05 0.000137285
 0.663256 0.328499 0.00578224 0.00244783 1.45538e-05
 0.88843 0.0984225 0.012826 0.000225764 9.6142e-05
 0.0254267 0.942904 0.0279377 0.00364073 9.13745e-05
 0.83758 0.0118514 0.145676 0.00431629 0.000576599
 0.775349 0.212615 0.000878181 0.0107945 0.000362559
 0.110675 0.812902 0.072329 0.000298746 0.00379547
 0.871549 0.0342685 0.0860891 0.00765988 0.000433592
 0.741491 0.247821 0.00285153 0.0071636 0.00067347
 0.118902 0.785999 0.0911676 0.00104901 0.00288308
 0.842607 0.0430396 0.102011 0.0118322 0.000510328
 0.58624 0.38936 0.00667247 0.0158149 0.00191348
 0.132181 0.717022 0.141904 0.00243181 0.00646119
 0.915954 0.0267282 0.0473582 0.00937255 0.00058737
pobs_RECLAS
 0 0 0 0 0
 0 0 0 0 0
 0 0 0 0 0
 0 0 0 0 0
 0 0 0 0 0
 0 0 0 0 0
 0 0 0 0 0
 0 0 0 0 0
 0 0 0 0 0
 0 0 0 0 0
 0.991045 0.00858322 0.000360255 1.14367e-05 0
 0.934742 0.0480273 0.0164251 0.00080598 0
 0.827803 0.169806 0.00239088 0 0
 0.941827 0.0461693 0.0120037 0 0
 0.791401 0.0380133 0.147996 0.0225897 0
 0.846168 0.0940531 0.0597789 0 0
 0.134021 0.677848 0.182769 0.00536245 0
 0.80878 0.0450904 0.141981 0.00414843 0
 0.846168 0.0940531 0.0597789 0 0
 0.905697 0.0802665 0.012482 0.00150086 5.37128e-05
 0.989698 0.0102097 9.19794e-05 0 0
 0.975433 0.0193895 0.00387452 0.00125025 5.28907e-05
 0.303575 0.632131 0.0575291 0.00676475 0
 0.966965 0.00978017 0.0227588 0.000495775 0
 0.843318 0.132988 0.00938335 0.0141283 0.000182051
 0.564624 0.303363 0.111486 0.0197234 0.00080311
 0.826376 0.0876187 0.0782897 0.00655872 0.00115652
 0.89761 0.0855135 0.0140674 0.00269457 0.000114338
 0.34875 0.467042 0.161289 0.0227151 0.000203297
 0.318654 0.224769 0.449479 0.00709798 0
 0.937255 0.0296025 0.0250945 0.00804832 0
 0.456809 0.399803 0.12412 0.0192676 0
 0.883104 0.0372192 0.0704036 0.00927362 0
ppred_RECLAS
 0.0150198 0.146038 0.739991 0.0989504 4.92707e-07
 0.0407543 0.0155893 0.139911 0.708946 0.0947995
 0.987754 0.000658794 0.000188315 0.0016901 0.00970907
 0.076289 0.915178 0.000459048 0.000131218 0.00794295
 0.348011 0.0681349 0.578461 0.000290153 0.00510348
 0.999852 8.99065e-05 6.04453e-06 5.13177e-05 4.78492e-07
 0.00556949 0.994294 8.31493e-05 5.59023e-06 4.79032e-05
 0.00605658 0.00598016 0.987828 8.26085e-05 5.31456e-05
 0.0327906 0.00596793 0.0057834 0.955327 0.000131288
 0.434007 0.0208288 0.00336381 0.00325979 0.538541
 0.997298 0.00191766 2.8875e-05 4.66325e-06 0.000751099
 0.996724 0.00327244 2.44988e-06 3.68889e-08 9.65516e-07
 0.423316 0.57519 0.00149208 1.11704e-06 4.57052e-07
 0.395875 0.277885 0.325395 0.000844097 8.90488e-07
 0.993178 0.00434762 0.00113795 0.0013325 3.46026e-06
 0.968322 0.0315454 8.48495e-05 2.22086e-05 2.60731e-05
 0.126118 0.85539 0.0184148 4.95313e-05 2.81847e-05
 0.992065 0.00139851 0.00639771 0.000137729 5.8126e-07
 0.577109 0.420391 0.000440548 0.00201535 4.35694e-05
 0.961453 0.0270345 0.0114447 1.19934e-05 5.60517e-05
 0.832623 0.163279 0.00287403 0.00121668 7.23386e-06
 0.952397 0.0419929 0.00547234 9.63243e-05 4.10199e-05
 0.0580086 0.91138 0.0270037 0.00351901 8.83197e-05
 0.926546 0.00535979 0.0658817 0.00195204 0.000260766
 0.891218 0.102954 0.000425238 0.00522695 0.00017556
 0.225624 0.707831 0.0629801 0.000260131 0.00330489
 0.943131 0.0151718 0.0381144 0.00339127 0.000191965
 0.869976 0.124648 0.00143426 0.00360313 0.00033874
 0.237974 0.679778 0.0788472 0.000907249 0.00249346
 0.926449 0.0201126 0.0476704 0.00552926 0.000238479
 0.775016 0.211716 0.00362819 0.00859943 0.00104046
 0.2652 0.607117 0.120153 0.00205907 0.00547082
 0.978885 0.00671483 0.0118976 0.00235463 0.000147563
pobs_PELACES
 0 0 0 0 0
 0 0 0 0 0
 0 0 0 0 0
 0 0 0 0 0
 0 0 0 0 0
 0 0 0 0 0
 0 0 0 0 0
 0 0 0 0 0
 0 0 0 0 0
 0 0 0 0 0
 0 0 0 0 0
 0 0 0 0 0
 0 0 0 0 0
 0 0 0 0 0
 0 0 0 0 0
 0 0 0 0 0
 0.505614 0.472636 0.0217494 0 0
 0 0 0 0 0
 0.443492 0.261883 0.143347 0.151278 0
 0.227955 0.32914 0.350689 0.0885471 0.00366901
 0.970185 0.0296113 0.000203453 0 0
 0.997202 0.00247181 0.000326279 0 0
 0.445219 0.490057 0.0546422 0.010081 0
 0.90214 0.0892962 0.00764917 0.000914606 0
 0 0 0 0 0
 0.581667 0.319106 0.0959925 0.00289975 0.000334073
 0.762889 0.0836404 0.116647 0.0363945 0.000428098
 0.88444 0.0763242 0.0277011 0.0115352 0
 0.521256 0.241999 0.230069 0.00667565 0
 0.616807 0.101726 0.260614 0.0208532 0
 0.833518 0.0704572 0.0857862 0.0102388 0
 0.697417 0.212968 0.0787535 0.0105354 0.000325836
 0 0 0 0 0
ppred_PELACES
 0.00869116 0.130626 0.756558 0.104125 5.21502e-07
 0.0263092 0.013532 0.138816 0.723969 0.0973742
 0.980759 0.000883266 0.000288588 0.00266578 0.0154036
 0.0597623 0.929996 0.000533194 0.00015687 0.00955125
 0.370162 0.0583304 0.566045 0.00029223 0.00517005
 0.999755 0.000139654 1.07319e-05 9.37779e-05 8.79507e-07
 0.00360432 0.996237 9.52264e-05 6.58945e-06 5.67957e-05
 0.00330342 0.00525034 0.991306 8.5324e-05 5.52135e-05
 0.0187953 0.0051519 0.00570661 0.970212 0.000134113
 0.462265 0.016823 0.00310544 0.00309744 0.51471
 0.997512 0.00167719 2.88658e-05 4.79813e-06 0.000777341
 0.995435 0.00455915 3.9013e-06 6.04616e-08 1.59175e-06
 0.331867 0.666156 0.00197519 1.52196e-06 6.26372e-07
 0.417169 0.24886 0.333081 0.000889309 9.43669e-07
 0.991483 0.00512879 0.0015344 0.00184928 4.8303e-06
 0.960996 0.0388147 0.000119333 3.2148e-05 3.79626e-05
 0.102733 0.875627 0.0215463 5.96494e-05 3.41406e-05
 0.988156 0.00186661 0.00976031 0.000216265 9.1804e-07
 0.544814 0.45204 0.000541461 0.00254944 5.5438e-05
 0.952368 0.0320357 0.0155014 1.67198e-05 7.85974e-05
 0.799302 0.195054 0.00392436 0.00170991 1.02258e-05
 0.940097 0.0519629 0.00774003 0.000140225 6.00642e-05
 0.0423478 0.922128 0.0312296 0.00418874 0.000105743
 0.895044 0.00675577 0.0949168 0.00289459 0.000388939
 0.855436 0.135555 0.000639963 0.0080964 0.000273528
 0.16976 0.749545 0.0762295 0.000324065 0.00414122
 0.919796 0.0193291 0.0555029 0.00508288 0.000289401
 0.824174 0.167393 0.00220156 0.0056925 0.000538296
 0.175881 0.723871 0.0959691 0.00113656 0.00314194
 0.890888 0.0269639 0.0730489 0.00872073 0.000378327
 0.721387 0.259613 0.00508526 0.0124055 0.00150974
 0.2037 0.64173 0.145166 0.00256048 0.00684282
 0.982722 0.0049883 0.0101025 0.00205784 0.000129717
pobs_pel_tallas
 0 0 0 0 0 0 0 0 0 0 0 0 0 0 0 0 0 0 0 0 0 0 0 0 0 0
 0 0 0 0 0 0 0 0 0 0 0 0 0 0 0 0 0 0 0 0 0 0 0 0 0 0
 0 0 0 0 0 0 0 0 0 0 0 0 0 0 0 0 0 0 0 0 0 0 0 0 0 0
 0 0 0 0 0 0 0 0 0 0 0 0 0 0 0 0 0 0 0 0 0 0 0 0 0 0
 0 0 0 0 0 0 0 0 0 0 0 0 0 0 0 0 0 0 0 0 0 0 0 0 0 0
 0 0 0 0 0 0 0 0 0 0 0 0 0 0 0 0 0 0 0 0 0 0 0 0 0 0
 0 0 0 0 0 0 0 0 0 0 0 0 0 0 0 0 0 0 0 0 0 0 0 0 0 0
 0 0 0 0 0 0 0 0 0 0 0 0 0 0 0 0 0 0 0 0 0 0 0 0 0 0
 0 0 0 0 0 0 0 0 0 0 0 0 0 0 0 0 0 0 0 0 0 0 0 0 0 0
 0 0 0 0 0 0 0 0 0 0 0 0 0 0 0 0 0 0 0 0 0 0 0 0 0 0
 0 0 0 0 0 0 0 0 0 0 0 0 0 0 0 0 0 0 0 0 0 0 0 0 0 0
 0 0 0 0 0 0 0 0 0 0 0 0 0 0 0 0 0 0 0 0 0 0 0 0 0 0
 0.00862536 0 0 0.000197151 0.00414017 0.0128641 0.00837892 0.0270097 0.101434 0.158115 0.152841 0.127902 0.109271 0.109419 0.0830992 0.0579132 0.0238553 0.00714673 0.00463305 0.00128148 0.00103504 0.000492878 0.000147863 0.000147863 4.92878e-05 0
 0 0 0 0 0 0 0 0 0 0 0 0 0 0 0 0 0 0 0 0 0 0 0 0 0 0
 0 0 0 0 0 0 0 0.0054083 0.00873648 0.0413646 0.0450493 0.0745869 0.0622846 0.0627006 0.0613931 0.0827291 0.12552 0.122667 0.0946155 0.0697135 0.0546179 0.0294188 0.0215738 0.0213955 0.0102223 0.00600262
 0 0 0 0 0.00359764 0.0251062 0.0480494 0.140153 0.205849 0.193036 0.1447 0.116669 0.0760912 0.0342217 0.00950174 0.001854 0.000860785 0 0 0 0.000165536 0 0.000143464 0 0 0
 0 0 0 0 0 0 0 0.000145254 0.000435761 0.0275982 0.070085 0.0708112 0.156366 0.174668 0.174014 0.160142 0.0824315 0.0480064 0.0283245 0.00493863 0.00203355 0 0 0 0 0
 0 0 0 0 0 0 0 0 0 0 0 0 0 0 0 0 0 0 0 0 0 0 0 0 0 0
 0 0 1.00437e-05 0.000401748 0.00122533 0.00171747 0.00176769 0.0269171 0.070346 0.194647 0.189555 0.159765 0.064822 0.0314167 0.0384472 0.0292271 0.0345202 0.0313363 0.0194345 0.0106764 0.0143323 0.0359363 0.0279516 0.0138201 0.00172751 0
 0 0.0021121 0.0136068 0.0755702 0.200478 0.177729 0.0527432 0.0373336 0.0318909 0.0142505 0.0149659 0.0166563 0.0217959 0.0798694 0.0677717 0.0528807 0.04013 0.0224614 0.0357745 0.0225083 0.00881397 0.00855152 0.00135912 0.000746735 0 0
 0 0 0 0 5.4009e-05 0.00500934 0.000945158 0.0243581 0.138947 0.33067 0.221406 0.137944 0.0707744 0.0437923 0.0131692 0.00525238 0.0047753 0.00276346 9.45158e-05 9.00151e-06 2.25038e-05 9.00151e-06 4.50075e-06 0 0 0
 0.000866109 0.00284123 0.00948549 0.0512746 0.133035 0.25785 0.225252 0.132002 0.0553304 0.0519788 0.0540692 0.017754 0.00435017 0.00159236 0.00146478 0.000404838 0.000125132 0.000115318 0.000107957 0.000100596 0 0 0 0 0 0
 0 0 0 0 0.00144013 0.00171154 0.00461396 0.0210425 0.0478622 0.0707936 0.0888783 0.103762 0.0637923 0.0337046 0.0602308 0.124433 0.169614 0.0934646 0.0462172 0.0250306 0.0313229 0.00938855 0.002487 0.000210481 0 0
 0 0.00764035 0.051015 0.0998891 0.058973 0.0496711 0.0374665 0.0718981 0.12319 0.153886 0.159021 0.0857701 0.0377988 0.023471 0.0147837 0.00900784 0.00315554 0.000888139 0.00291439 0.00214683 0.00393193 0.00274676 0.000635225 9.99891e-05 0 0
 0 0 0 0 0 0 0 0 0 0 0 0 0 0 0 0 0 0 0 0 0 0 0 0 0 0
 0 0 0 0 0 0 0 0 0 0 0 0 0 0 0 0 0 0 0 0 0 0 0 0 0 0
 0 0 0 0 0 0 0 0 0 0 0 0 0 0 0 0 0 0 0 0 0 0 0 0 0 0
 0 0 0 0 0 0 0 0 0 0 0 0 0 0 0 0 0 0 0 0 0 0 0 0 0 0
 0 0 0 0 0 0 0 0 0 0 0 0 0 0 0 0 0 0 0 0 0 0 0 0 0 0
 0 0 0 0 0 0 0 0 0 0 0 0 0 0 0 0 0 0 0 0 0 0 0 0 0 0
 0 0 0 0 0 0 0 0 0 0 0 0 0 0 0 0 0 0 0 0 0 0 0 0 0 0
 0 0 0 0 0 0 0 0 0 0 0 0 0 0 0 0 0 0 0 0 0 0 0 0 0 0
 0 0 0 0 0 0 0 0 0 0 0 0 0 0 0 0 0 0 0 0 0 0 0 0 0 0
ppred_pel_tallas
 1.32309e-16 7.1591e-07 6.95891e-06 4.62451e-05 0.000210232 0.000654182 0.00139431 0.0020379 0.00205166 0.00146211 0.000885264 0.000892697 0.001816 0.0040579 0.00824383 0.0150616 0.0250388 0.0384577 0.0553786 0.0755048 0.0976808 0.119304 0.136374 0.144658 0.141517 0.127264
 1.93092e-16 2.16706e-06 2.10646e-05 0.000139982 0.000636337 0.00197989 0.00421843 0.00615729 0.00615908 0.00422744 0.0020117 0.000735338 0.000416488 0.000721595 0.00163188 0.00352454 0.00715473 0.0137034 0.0247565 0.0420179 0.0666376 0.0982695 0.134274 0.169628 0.197892 0.213084
 1.02883e-16 8.07838e-05 0.000785247 0.00521824 0.0237214 0.073806 0.157252 0.229513 0.229513 0.157252 0.0738075 0.0237258 0.00522951 0.000810883 0.000132825 0.00010149 0.000164159 0.000268334 0.00043194 0.000691557 0.00109227 0.00166923 0.00242157 0.00329067 0.00415703 0.00486355
 1.01886e-16 4.92273e-06 4.78508e-05 0.00031799 0.00144559 0.00449825 0.0095873 0.0140117 0.0141011 0.0100241 0.00596443 0.00567768 0.0109308 0.0231813 0.0438386 0.072202 0.10339 0.128718 0.139345 0.131218 0.107578 0.0769555 0.0483177 0.027056 0.0140918 0.00749647
 1.17254e-16 3.04898e-05 0.000296371 0.00196949 0.00895303 0.0278562 0.0593509 0.0866257 0.0866322 0.059383 0.0279664 0.00928226 0.00283704 0.00232602 0.00428169 0.00806029 0.0139959 0.022547 0.0339965 0.0481425 0.0638696 0.078874 0.0899814 0.0942058 0.0900832 0.078453
 1.00011e-16 8.23485e-05 0.000800457 0.00531932 0.0241808 0.0752356 0.160297 0.233959 0.233959 0.160297 0.0752358 0.0241815 0.00532092 0.000803968 8.90334e-05 1.68879e-05 1.63964e-05 2.05888e-05 2.33452e-05 2.40038e-05 2.31698e-05 2.20761e-05 2.17593e-05 2.24516e-05 2.356e-05 2.41272e-05
 1.00268e-16 2.9709e-07 2.88792e-06 1.91959e-05 8.73206e-05 0.000272201 0.000583493 0.000871707 0.000967498 0.00105144 0.00184275 0.00462062 0.0113871 0.0247818 0.0469497 0.0773278 0.110715 0.137799 0.149093 0.14023 0.114659 0.0815014 0.0503665 0.0270651 0.0126523 0.00515255
 1.28627e-16 2.72104e-07 2.64494e-06 1.75766e-05 7.99019e-05 0.000248614 0.000529768 0.000773613 0.000775646 0.000540424 0.000288799 0.00021537 0.000430634 0.00114529 0.0028739 0.00657804 0.0137109 0.0260138 0.0448919 0.0703954 0.100213 0.129405 0.151479 0.160672 0.154378 0.134341
 1.97488e-16 1.54815e-06 1.50485e-05 0.000100003 0.000454599 0.00141443 0.00301362 0.00439864 0.00439949 0.00301796 0.00143021 0.000505802 0.000251081 0.000424715 0.00103234 0.00242391 0.00534286 0.0110308 0.0212535 0.0380415 0.0629904 0.0961847 0.135158 0.174557 0.207058 0.2255
 1.87509e-16 3.80761e-05 0.000370113 0.00245953 0.0111807 0.0347873 0.074118 0.108178 0.10818 0.0741265 0.0348162 0.011266 0.00268091 0.000879978 0.00109311 0.00200226 0.00356341 0.00614248 0.0104506 0.0175916 0.0289025 0.0454689 0.067402 0.0931816 0.119466 0.141655
 1.00134e-16 8.21637e-05 0.000798661 0.00530738 0.0241266 0.0750668 0.159938 0.233434 0.233434 0.159938 0.0750694 0.0241342 0.00532657 0.000840539 0.000161664 0.000137156 0.000189545 0.000238373 0.000264052 0.000260762 0.000236173 0.000206928 0.000188969 0.000189494 0.000205142 0.00022573
 1.00002e-16 8.19927e-05 0.000796998 0.00529633 0.0240764 0.0749105 0.159605 0.232948 0.232948 0.159607 0.0749177 0.0240971 0.00534836 0.000910399 0.000296861 0.000359667 0.000507 0.000630727 0.000682479 0.00064203 0.000525142 0.000373547 0.000231199 0.000124664 5.8753e-05 2.44198e-05
 1.00228e-16 2.73356e-05 0.000265712 0.00176575 0.00802688 0.024975 0.0532142 0.0776811 0.0777451 0.0535271 0.0260252 0.0110584 0.00936785 0.0168366 0.0314261 0.0517207 0.0740573 0.0921907 0.0997785 0.0939013 0.0768593 0.054743 0.0339651 0.0184 0.00874854 0.00369343
 1.09765e-16 3.43617e-05 0.000334008 0.0022196 0.01009 0.0313939 0.0668889 0.0976314 0.0976558 0.0670085 0.0317969 0.0112599 0.00517804 0.00686403 0.0126453 0.0213937 0.0320713 0.042927 0.0520794 0.0584643 0.0621612 0.0637734 0.0635008 0.0608433 0.055181 0.0466041
 1.00232e-16 8.16671e-05 0.000793833 0.0052753 0.0239808 0.074613 0.158971 0.232023 0.232023 0.158973 0.0746212 0.0240043 0.00533455 0.000923491 0.000328909 0.000417179 0.000599528 0.000767967 0.000874418 0.000900191 0.000862459 0.000800607 0.000749254 0.000719139 0.000697685 0.000663758
 1.00024e-16 7.9156e-05 0.000769424 0.00511309 0.0232434 0.0723188 0.154083 0.224889 0.224893 0.154101 0.07238 0.02342 0.00555605 0.00173498 0.00190872 0.00301919 0.00431567 0.00537238 0.0058152 0.00547394 0.00448276 0.00319658 0.00198895 0.00108528 0.000525922 0.000233551
 1.00858e-16 8.46214e-06 8.22551e-05 0.000546618 0.0024849 0.00773189 0.0164767 0.0240659 0.0241502 0.0168882 0.009113 0.00647179 0.0105459 0.0218832 0.0413308 0.0681003 0.0975957 0.121664 0.131998 0.124763 0.102937 0.0744305 0.0475478 0.0272703 0.0144687 0.00744418
 1.00305e-16 8.13931e-05 0.00079117 0.0052576 0.0239003 0.0743627 0.158438 0.231244 0.231244 0.158439 0.0743659 0.0239099 0.0052824 0.000847623 0.000195389 0.000211802 0.00033801 0.000509433 0.000718103 0.000956767 0.00120929 0.00144368 0.00161297 0.00166981 0.00158883 0.00138203
 1.00397e-16 4.48757e-05 0.000436208 0.00289876 0.0131774 0.0409999 0.0873561 0.127508 0.127551 0.0875685 0.0417125 0.0152345 0.00805735 0.0116808 0.0213514 0.0350988 0.0502558 0.0625655 0.0677261 0.0637619 0.0522401 0.0372977 0.0232852 0.0128219 0.00636616 0.0030032
 1.00471e-16 7.84453e-05 0.000762516 0.00506719 0.0230347 0.0716695 0.1527 0.22287 0.222873 0.152715 0.0717205 0.0231822 0.00543827 0.00157516 0.00162929 0.00258872 0.00376605 0.00482723 0.00548536 0.00560115 0.00524923 0.00464514 0.00399552 0.00339632 0.00284004 0.00228982
 1.00337e-16 6.58375e-05 0.000639963 0.00425278 0.0193325 0.0601508 0.128158 0.187055 0.187074 0.12825 0.0604585 0.0202206 0.00648007 0.00549591 0.0092698 0.0151725 0.0217372 0.0270973 0.0294003 0.0277952 0.0229504 0.0166326 0.0106929 0.0062368 0.00344777 0.00193328
 1.00261e-16 7.74345e-05 0.000752691 0.0050019 0.0227379 0.0707461 0.150732 0.219999 0.220004 0.150757 0.0708283 0.0229752 0.00559761 0.00205308 0.00254691 0.00408731 0.00587835 0.00738668 0.00812447 0.00786477 0.00676955 0.00527584 0.00383344 0.00269927 0.00190658 0.00136449
 1.01575e-16 3.48833e-06 3.39079e-05 0.000225334 0.00102439 0.00318773 0.00679508 0.00993622 0.0100249 0.00722849 0.00464249 0.00522409 0.0107591 0.0230025 0.0435463 0.0717782 0.102912 0.128387 0.139475 0.132148 0.109528 0.079904 0.0519541 0.0308512 0.0174583 0.00997063
 1.03098e-16 7.37236e-05 0.000716619 0.00476219 0.0216482 0.0673556 0.143508 0.209455 0.209456 0.143512 0.0673694 0.0216897 0.00487338 0.000982441 0.000646043 0.00112679 0.00202316 0.00338873 0.00530008 0.00774135 0.0105185 0.0132168 0.0152676 0.0161384 0.0155619 0.0136683
 1.00912e-16 7.04611e-05 0.000684907 0.00455145 0.0206902 0.0643751 0.137158 0.200189 0.200202 0.137222 0.0645889 0.0213074 0.00609924 0.00405947 0.00646695 0.0105475 0.0151132 0.0188526 0.0204872 0.0194404 0.0161937 0.0119864 0.00810092 0.00527895 0.00359962 0.00273315
 1.03125e-16 1.39831e-05 0.00013592 0.000903243 0.00410606 0.0127759 0.027223 0.0397478 0.03982 0.0275757 0.01396 0.00752545 0.0094836 0.0188575 0.0355416 0.0586606 0.0843225 0.105652 0.11563 0.110988 0.0941497 0.0716041 0.0500771 0.033481 0.0223803 0.0153849
 1.02166e-16 7.57624e-05 0.000736437 0.00489388 0.0222469 0.0692183 0.147477 0.215247 0.215249 0.147487 0.0692506 0.0223412 0.00513471 0.00127535 0.0011379 0.0018619 0.00290882 0.00414469 0.00547227 0.00682212 0.00813969 0.00932366 0.0101811 0.0104715 0.0100291 0.00887362
 1.00769e-16 6.78862e-05 0.000659878 0.00438512 0.0199341 0.0620226 0.132146 0.192875 0.192891 0.132225 0.0622866 0.0206963 0.00629656 0.00482731 0.00796718 0.0130238 0.0186614 0.023273 0.0252752 0.0239477 0.0198751 0.0145806 0.00964978 0.00601326 0.00379625 0.00262398
 1.03601e-16 1.44873e-05 0.000140821 0.000935811 0.0042541 0.0132365 0.0282043 0.0411796 0.0412493 0.0285451 0.0143807 0.0075589 0.00923026 0.018244 0.0343847 0.0567911 0.0817314 0.102606 0.112668 0.108763 0.0931788 0.0720675 0.0517752 0.0359476 0.0250704 0.0178422
 1.03054e-16 7.33813e-05 0.000713292 0.00474008 0.0215477 0.0670429 0.142842 0.208483 0.208486 0.142855 0.0670878 0.0216789 0.00507461 0.00146107 0.00154474 0.00257112 0.00400751 0.00568705 0.00747263 0.00927053 0.0110176 0.0125945 0.0137569 0.0141859 0.0136496 0.0121563
 1.01713e-16 5.94197e-05 0.000577581 0.00383823 0.017448 0.0542875 0.115666 0.168823 0.168848 0.115788 0.054697 0.0186303 0.00680368 0.00704374 0.0123181 0.0202142 0.0289836 0.0361794 0.0393588 0.0374138 0.031255 0.0232377 0.015801 0.0103563 0.00706229 0.0053083
 1.05769e-16 1.67787e-05 0.000163095 0.00108382 0.00492695 0.0153299 0.0326642 0.0476874 0.0477493 0.0329669 0.0163463 0.0078636 0.00845883 0.0162745 0.0306492 0.0507294 0.0732731 0.0925409 0.10265 0.10082 0.0889501 0.0722007 0.0557966 0.0425975 0.032838 0.0254234
 1.00522e-16 8.09455e-05 0.000786819 0.00522869 0.0237689 0.0739537 0.157566 0.229973 0.229973 0.157569 0.0739619 0.0237928 0.00528941 0.00092181 0.000344492 0.000460144 0.000698778 0.000970175 0.00124082 0.00149398 0.00172687 0.00193472 0.00209371 0.00216214 0.00210234 0.00190601
pSPR Fmed_Fpbrs
1   0.983648 0.6 0.325 0.983648 0.983648 0.983648
Fs Fmed_Fpbrs
0   0.01 0.354765 0.922893 0.01 0.01 0.01
SSBpbr Bo_Bmed_Bpbrs
371463  352890  346816 204305 102152 346816 346816 346816
Ro
26122.8
SPR SPRFo_SPRFmed_SPRFpbrs
188197 188197 185120
Fref
0
Nvult_r0
 55612.3 1323.63 2345.26 464.144 29.0875
CTP_r0
 36905.3 1076.92 1908.14 377.635 23.6661
YTP_r0
355649
Np
 58610.8 21561.7 7932.11 2918.06 1468.41
Nvult_p0
 37049.1 13629.6 5014.05 1844.57 928.213
CTP_p0
 0 0 0 0 0
 0 0 0 0 0
 0 0 0 0 0
 0 0 0 0 0
 0 0 0 0 0
 0 0 0 0 0
YTP_p0
 0 0 0 0 0 0
CBA_c0
0
log_Ro
9.99056
likeval ReclasPelacesDesembMPH_pf_preclas_ppelaces_ptallas_desvR_qrecl_qpela
 0.000753072 19.7079 0.514418 51.686 441.529 167.516 155.742 0 227.081 9.9492e-05 0.000263916 0.28148 2066.48 0 0
q_reclas_q_pelaces
4.09848 9.94887
M
1
N
 1501.57 15816.9 80145.8 10717 0.0533633
 945.654 484.063 4344.39 22013.5 2943.62
 242628 215.174 61.507 552.015 3171.15
 3291.41 55791 27.9845 7.99931 484.218
 1200.88 684.673 5812.84 2.91569 51.2838
 783942 75.7968 5.09591 43.264 0.403398
 1326.14 255871 21.3976 1.43859 12.3274
 426.637 429.208 70898.5 5.92899 3.81437
 741.962 152.182 147.476 24360.8 3.34783
 1465.21 224.122 36.1952 35.076 5794.8
 16134.9 79.6867 1.19987 0.193777 31.2113
 301468 1252.71 0.937833 0.0141213 0.369606
 47694 75199 195.072 0.146039 0.0597538
 7292.66 13728.7 16075.9 41.7019 0.0439939
 74010.1 527.262 138.006 161.601 0.419646
 247371 12194.9 32.8014 8.58547 10.0794
 4570.11 45956.3 989.343 2.6611 1.51424
 463085 878.16 4017.27 86.4835 0.364987
 83342.9 104466 109.475 500.808 10.8269
 278887 12527 5303.11 5.55738 25.9727
 160577 47385.6 834.082 353.096 2.09936
 458878 30108.5 3923.61 69.0635 29.4108
 4364.17 87639.3 2596.7 338.392 8.49292
 132205 1071.08 13165.5 390.087 52.1104
 186059 27905.7 115.261 1416.77 47.5858
 11358.8 44500.6 3959.5 16.3542 207.775
 128801 2896.71 7277.1 647.489 36.6514
 154060 27266.5 313.74 788.176 74.0986
 11619 40000.6 4639.66 53.3859 146.724
 114245 3141.91 7446.87 863.759 37.2542
 75461.6 28454.6 487.627 1155.76 139.838
 5515.75 16314.6 3228.79 55.3319 147.014
 58610.8 1329.85 2356.28 466.325 29.2242
pred_Ctot
 118.689 2594.16 13144.9 1757.72 0.00875226
 237.056 217.736 1954.15 9901.9 1324.07
 59729.6 95.4206 27.2758 244.796 1406.27
 946.534 27879.1 13.984 3.99729 241.966
 717.853 540.902 4592.23 2.30344 40.515
 56436.4 11.3883 0.765652 6.50034 0.0606099
 101.842 40848.4 3.416 0.229662 1.968
 8.21487 18.0057 2974.26 0.248726 0.160016
 85.2649 35.2245 34.1354 5638.62 0.774899
 909.67 180.298 29.1178 28.2174 4661.71
 9059 61.0217 0.918829 0.148389 23.9007
 63312.4 488.925 0.36603 0.00551145 0.144255
 6690.86 20801.6 53.961 0.0403974 0.0165292
 4189.99 10636.2 12454.6 32.3081 0.0340838
 27534 316.42 82.8201 96.9796 0.251837
 81752.7 6744.27 18.1405 4.74811 5.57432
 1453.68 24730.4 532.393 1.43201 0.814853
 117781 399.504 1827.59 39.3442 0.166045
 33447.6 65893 69.0523 315.89 6.82916
 100893 7377.08 3122.98 3.27272 15.2952
 52528.7 26016.5 457.943 193.863 1.15263
 147000 16285 2122.2 37.355 15.9077
 948.856 35186.7 1042.56 135.862 3.40986
 37248.3 527.05 6478.41 191.952 25.6422
 42605.3 11683.2 48.2558 593.153 19.9225
 2269.15 16666.8 1482.95 6.12514 77.818
 36138.1 1420.92 3569.62 317.611 17.9785
 29473.7 9850.7 113.346 284.748 26.7699
 1995.2 13189.2 1529.81 17.6027 48.3787
 24072 1229.58 2914.31 338.029 14.5793
 20528.2 13634.1 233.649 553.787 67.0039
 1243.36 6744.66 1334.82 22.8748 60.7771
 36905.3 1076.92 1908.14 377.635 23.6661
F
 0.13205 0.292191 0.292191 0.292191 0.292191
 0.480431 1.06306 1.06306 1.06306 1.06306
 0.469915 1.0398 1.0398 1.0398 1.0398
 0.57013 1.26154 1.26154 1.26154 1.26154
 1.76276 3.9005 3.9005 3.9005 3.9005
 0.119661 0.264778 0.264778 0.264778 0.264778
 0.128088 0.283425 0.283425 0.283425 0.283425
 0.0308552 0.0682741 0.0682741 0.0682741 0.0682741
 0.19711 0.436151 0.436151 0.436151 0.436151
 1.91165 4.22997 4.22997 4.22997 4.22997
 1.55567 3.44229 3.44229 3.44229 3.44229
 0.388524 0.859699 0.859699 0.859699 0.859699
 0.245317 0.542819 0.542819 0.542819 0.542819
 1.62692 3.59995 3.59995 3.59995 3.59995
 0.803183 1.77723 1.77723 1.77723 1.77723
 0.683198 1.51173 1.51173 1.51173 1.51173
 0.649464 1.43709 1.43709 1.43709 1.43709
 0.48905 1.08214 1.08214 1.08214 1.08214
 0.895078 1.98057 1.98057 1.98057 1.98057
 0.772489 1.70931 1.70931 1.70931 1.70931
 0.673966 1.49131 1.49131 1.49131 1.49131
 0.655554 1.45056 1.45056 1.45056 1.45056
 0.404762 0.895628 0.895628 0.895628 0.895628
 0.555523 1.22922 1.22922 1.22922 1.22922
 0.43056 0.952713 0.952713 0.952713 0.952713
 0.366413 0.810772 0.810772 0.810772 0.810772
 0.552605 1.22277 1.22277 1.22277 1.22277
 0.348447 0.77102 0.77102 0.77102 0.77102
 0.307811 0.681102 0.681102 0.681102 0.681102
 0.390032 0.863036 0.863036 0.863036 0.863036
 0.531562 1.1762 1.1762 1.1762 1.1762
 0.422546 0.934979 0.934979 0.934979 0.934979
 1.97281 4.36529 4.36529 4.36529 4.36529
YTP_r0W_actual
 278266 18792.3 45929 11827.5 834.23
YTP_p0W_proyectada
 0 0 0 0 0
 0 0 0 0 0
 0 0 0 0 0
 0 0 0 0 0
 0 0 0 0 0
 0 0 0 0 0
CTP_r0_actual
 36905.3 1076.92 1908.14 377.635 23.6661
CTP_p0_proyectada
 0 0 0 0 0
 0 0 0 0 0
 0 0 0 0 0
 0 0 0 0 0
 0 0 0 0 0
 0 0 0 0 0
Wmedp
 7.54 17.45 24.07 31.32 35.25
Frms_r0
 1.97281 4.36529 4.36529 4.36529 4.36529
Zrms_r0
 2.97281 5.36529 5.36529 5.36529 5.36529
nmprior
 7.29 8.9 8.7 0
nm_flota  nm_reclas  nm_pelaces    nm_pelaL
inf 4.46131 2.60265 3.81577
cv_recla  cv_pelaces  cv_mph
0.792187 0.486308 0.576426
 ------------------------------------------------
Talla a la edad & desviaci?n 
 8 13.2811 15.8009 17.003 17.5766
 0.8 1.32811 1.58009 1.7003 1.75766
