years
 1991 1992 1993 1994 1995 1996 1997 1998 1999 2000 2001 2002 2003 2004 2005 2006 2007 2008 2009 2010 2011 2012 2013 2014 2015 2016 2017 2018 2019 2020 2021 2022 2023
reclasobs
 0 0 0 0 0 0 0 0 0 252601 567819 844713 477998 351125 339783 2.1784e+06 2.13404e+06 4.81314e+06 1.55562e+06 2.62356e+06 3.21686e+06 3.843e+06 1.13348e+06 3.07943e+06 1.97215e+06 2.03268e+06 2.025e+06 2.42433e+06 2.27542e+06 1.05018e+06 2.36338e+06 3.18982e+06 1.53035e+06
reclaspred
 4.57345e+06 1.81136e+06 942878 619523 296633 2.65939e+06 1.44826e+06 827113 579843 188049 265717 1.47834e+06 1.58878e+06 235569 938580 1.60027e+06 1.05392e+06 2.69579e+06 2.67369e+06 2.17602e+06 3.74464e+06 3.15815e+06 2.12944e+06 2.85461e+06 2.31864e+06 1.94661e+06 2.33646e+06 2.80487e+06 2.46157e+06 2.08176e+06 1.54056e+06 1.35251e+06 202729
pelacesobs
 0 0 0 0 0 0 0 0 0 0 0 0 0 0 0 552880 188675 0 991730 2.46772e+06 1.41603e+06 1.21717e+06 2.29649e+06 1.80582e+06 0 1.4828e+06 1.56532e+06 1.57751e+06 1.42118e+06 867257 1.10002e+06 1.06204e+06 0
pelacespred
 3.69022e+06 1.1924e+06 479755 214766 121201 1.32634e+06 737742 623983 286786 60367.5 122324 648199 898697 72859.3 458832 652881 475967 1.25515e+06 1.28081e+06 962027 1.84386e+06 1.55148e+06 1.25832e+06 1.66556e+06 1.3354e+06 1.20111e+06 1.49389e+06 1.64289e+06 1.57512e+06 1.39617e+06 816470 791717 49892.3
mphobs
 0 0 0 0 0 0 0 0 0 0 0 0 498337 0 5186 125008 0 168611 109162 213762 579715 649985 157893 87575 83554 210694 70296 0 107559 103333 445601 22526 28222
mphpred
 889893 393435 145146 98688.2 47546.4 31613.8 383507 123634 73240.7 38683.5 10825.9 38746.8 239643 104581 8760.5 107955 198501 93546 280473 366498 435769 504337 146084 82515.3 143461 122232 82632.7 117848 190132 119731 88677.9 72295.9 21134.9
desembarqueobs
 494567 514787 250237 358949 120608 361735 552515 73892 212993 205616 52469 317467 293654 387597 252695 516296 358380 742168 942051 627588 828172 859565 418607 520667 417249 300574 415391 372974 316634 284311 391294 218835 356480
desembarquepred
 494501 514572 249897 358770 120565 361579 552062 73881.8 212877 205488 52457.5 317289 293591 387360 252519 515833 358127 741200 940396 626586 827935 858793 418370 520491 416904 300442 415151 372750 316403 284031 390968 218747 356146
Reclutas
 60031.6 86108.3 105912 56750.3 26099.4 269836 32742.8 12354.3 30739 27491.3 30096.2 203694 79849.4 21740.1 83299.5 218308 33623.1 324622 296103 219206 246405 364142 40907.8 151145 161755 42963.8 140027 156015 53961 94610 68214.4 36160.7 29519.2
log_desv_Rt
 -0.266547 0.0941866 0.301192 -0.322759 -1.09951 1.23639 -0.872737 -1.84741 -0.935886 -1.04755 -0.957019 0.9552 0.0187231 -1.28226 0.0610235 1.02449 -0.846206 1.42124 1.32929 1.02859 1.14556 1.53613 -0.650098 0.65682 0.724667 -0.601061 0.580413 0.688534 -0.373158 0.188344 -0.138763 -0.773446 -0.976378
SSB
 1.06633e+06 471440 173924 118255 56973.2 37881.8 459544 148146 87761.9 46353.2 12972.3 46429 272079 119025 9978.01 122764 237858 112093 354092 302060 371996 464727 471274 255581 401374 369659 231920 312188 527298 306812 278691 231000 70427.2
BT
 1.49212e+06 919783 415807 373282 152422 1.2378e+06 754804 300285 357273 221354 123409 697265 674175 408355 573081 841504 482370 1.49808e+06 1.63323e+06 1.03132e+06 1.7238e+06 1.57791e+06 836326 1.43765e+06 990016 739560 1.28181e+06 1.23518e+06 835204 901663 719677 520368 325474
Ftot
 0.471803 1.2183 1.22524 2.3229 1.75426 0.844007 1.45223 0.412154 1.78232 3.89326 1.14611 1.26322 0.855096 4.33035 1.63216 1.73605 1.40756 1.55895 1.72578 1.42915 1.11357 1.34067 0.840119 0.979038 0.872591 0.691655 0.956714 0.720413 0.560406 0.679764 1.19348 0.742395 4.95303
BD_Bspro_t
 0.928268 0.549665 0.27596 0.21406 0.10601 0.0953487 0.45596 0.194277 0.168135 0.113714 0.0495504 0.219433 0.435806 0.194356 0.0254933 0.232203 0.27284 0.149371 0.286877 0.228827 0.225338 0.263134 0.289836 0.206543 0.320384 0.354185 0.302362 0.396707 0.504072 0.38511 0.38116 0.317552 0.160274
BD_Bspro
 1.88867 0.83501 0.308053 0.209452 0.100911 0.0670958 0.81394 0.262396 0.155443 0.0821004 0.0229765 0.0822346 0.481904 0.210816 0.017673 0.217438 0.421291 0.198538 0.627165 0.535006 0.658877 0.823121 0.834716 0.452683 0.710909 0.654736 0.410775 0.552945 0.933946 0.543423 0.493616 0.409145 0.12474
BD_Bo
 3.91038 1.72883 0.637803 0.433657 0.208929 0.138918 1.68521 0.543273 0.321835 0.169984 0.0475713 0.170261 0.99775 0.436481 0.0365907 0.450192 0.872256 0.411061 1.2985 1.10769 1.36416 1.70422 1.72822 0.93725 1.47189 1.35559 0.850484 1.14484 1.93367 1.12512 1.022 0.847108 0.258266
BD_Brms
 4.1845 1.85003 0.682514 0.464057 0.223575 0.148656 1.80335 0.581358 0.344396 0.1819 0.0509061 0.182197 1.06769 0.467079 0.0391558 0.481751 0.933403 0.439877 1.38953 1.18535 1.45979 1.82369 1.84938 1.00295 1.57507 1.45062 0.910104 1.22509 2.06923 1.20399 1.09364 0.906492 0.276371
Sel_flota
 0.412379 0.930235 0.996068 0.999792 0.999989
 0.412379 0.930235 0.996068 0.999792 0.999989
 0.412379 0.930235 0.996068 0.999792 0.999989
 0.412379 0.930235 0.996068 0.999792 0.999989
 0.412379 0.930235 0.996068 0.999792 0.999989
 0.412379 0.930235 0.996068 0.999792 0.999989
 0.412379 0.930235 0.996068 0.999792 0.999989
 0.412379 0.930235 0.996068 0.999792 0.999989
 0.412379 0.930235 0.996068 0.999792 0.999989
 0.412379 0.930235 0.996068 0.999792 0.999989
 0.412379 0.930235 0.996068 0.999792 0.999989
 0.412379 0.930235 0.996068 0.999792 0.999989
 0.412379 0.930235 0.996068 0.999792 0.999989
 0.412379 0.930235 0.996068 0.999792 0.999989
 0.412379 0.930235 0.996068 0.999792 0.999989
 0.412379 0.930235 0.996068 0.999792 0.999989
 0.412379 0.930235 0.996068 0.999792 0.999989
 0.412379 0.930235 0.996068 0.999792 0.999989
 0.412379 0.930235 0.996068 0.999792 0.999989
 0.412379 0.930235 0.996068 0.999792 0.999989
 0.412379 0.930235 0.996068 0.999792 0.999989
 0.412379 0.930235 0.996068 0.999792 0.999989
 0.412379 0.930235 0.996068 0.999792 0.999989
 0.412379 0.930235 0.996068 0.999792 0.999989
 0.412379 0.930235 0.996068 0.999792 0.999989
 0.412379 0.930235 0.996068 0.999792 0.999989
 0.412379 0.930235 0.996068 0.999792 0.999989
 0.412379 0.930235 0.996068 0.999792 0.999989
 0.412379 0.930235 0.996068 0.999792 0.999989
 0.412379 0.930235 0.996068 0.999792 0.999989
 0.412379 0.930235 0.996068 0.999792 0.999989
 0.412379 0.930235 0.996068 0.999792 0.999989
 0.412379 0.930235 0.996068 0.999792 0.999989
Sel_reclas
 0.610521 0.887499 0.975431 0.99502 0.999006
 0.610521 0.887499 0.975431 0.99502 0.999006
 0.610521 0.887499 0.975431 0.99502 0.999006
 0.610521 0.887499 0.975431 0.99502 0.999006
 0.610521 0.887499 0.975431 0.99502 0.999006
 0.610521 0.887499 0.975431 0.99502 0.999006
 0.610521 0.887499 0.975431 0.99502 0.999006
 0.610521 0.887499 0.975431 0.99502 0.999006
 0.610521 0.887499 0.975431 0.99502 0.999006
 0.610521 0.887499 0.975431 0.99502 0.999006
 0.610521 0.887499 0.975431 0.99502 0.999006
 0.610521 0.887499 0.975431 0.99502 0.999006
 0.610521 0.887499 0.975431 0.99502 0.999006
 0.610521 0.887499 0.975431 0.99502 0.999006
 0.610521 0.887499 0.975431 0.99502 0.999006
 0.610521 0.887499 0.975431 0.99502 0.999006
 0.610521 0.887499 0.975431 0.99502 0.999006
 0.610521 0.887499 0.975431 0.99502 0.999006
 0.610521 0.887499 0.975431 0.99502 0.999006
 0.610521 0.887499 0.975431 0.99502 0.999006
 0.610521 0.887499 0.975431 0.99502 0.999006
 0.610521 0.887499 0.975431 0.99502 0.999006
 0.610521 0.887499 0.975431 0.99502 0.999006
 0.610521 0.887499 0.975431 0.99502 0.999006
 0.610521 0.887499 0.975431 0.99502 0.999006
 0.610521 0.887499 0.975431 0.99502 0.999006
 0.610521 0.887499 0.975431 0.99502 0.999006
 0.610521 0.887499 0.975431 0.99502 0.999006
 0.610521 0.887499 0.975431 0.99502 0.999006
 0.610521 0.887499 0.975431 0.99502 0.999006
 0.610521 0.887499 0.975431 0.99502 0.999006
 0.610521 0.887499 0.975431 0.99502 0.999006
 0.610521 0.887499 0.975431 0.99502 0.999006
Sel_pelaces
 0.326426 0.709209 0.924665 0.984069 0.996794
 0.326426 0.709209 0.924665 0.984069 0.996794
 0.326426 0.709209 0.924665 0.984069 0.996794
 0.326426 0.709209 0.924665 0.984069 0.996794
 0.326426 0.709209 0.924665 0.984069 0.996794
 0.326426 0.709209 0.924665 0.984069 0.996794
 0.326426 0.709209 0.924665 0.984069 0.996794
 0.326426 0.709209 0.924665 0.984069 0.996794
 0.326426 0.709209 0.924665 0.984069 0.996794
 0.326426 0.709209 0.924665 0.984069 0.996794
 0.326426 0.709209 0.924665 0.984069 0.996794
 0.326426 0.709209 0.924665 0.984069 0.996794
 0.326426 0.709209 0.924665 0.984069 0.996794
 0.326426 0.709209 0.924665 0.984069 0.996794
 0.326426 0.709209 0.924665 0.984069 0.996794
 0.326426 0.709209 0.924665 0.984069 0.996794
 0.326426 0.709209 0.924665 0.984069 0.996794
 0.326426 0.709209 0.924665 0.984069 0.996794
 0.326426 0.709209 0.924665 0.984069 0.996794
 0.326426 0.709209 0.924665 0.984069 0.996794
 0.326426 0.709209 0.924665 0.984069 0.996794
 0.326426 0.709209 0.924665 0.984069 0.996794
 0.326426 0.709209 0.924665 0.984069 0.996794
 0.326426 0.709209 0.924665 0.984069 0.996794
 0.326426 0.709209 0.924665 0.984069 0.996794
 0.326426 0.709209 0.924665 0.984069 0.996794
 0.326426 0.709209 0.924665 0.984069 0.996794
 0.326426 0.709209 0.924665 0.984069 0.996794
 0.326426 0.709209 0.924665 0.984069 0.996794
 0.326426 0.709209 0.924665 0.984069 0.996794
 0.326426 0.709209 0.924665 0.984069 0.996794
 0.326426 0.709209 0.924665 0.984069 0.996794
 0.326426 0.709209 0.924665 0.984069 0.996794
pf_obs 
 0.8446 0.082 0.0669 0.0065 0
 0.8095 0.147 0.0364 0.0071 0
 0.9664 0.0169 0.016 0.0007 0
 0.9276 0.0648 0.0075 0.0001 0
 0.7033 0.2144 0.0806 0.0017 0
 0.9318 0.0425 0.0243 0.0014 0
 0.5671 0.3108 0.0964 0.0239 0.0018
 0.0768 0.2599 0.5324 0.112 0.0189
 0.490249 0.384438 0.106611 0.0170017 0.00170017
 0.7925 0.1577 0.0466 0.003 0.0002
 0.840416 0.127587 0.0312969 0.00059994 9.999e-05
 0.8084 0.0986 0.0794 0.0134 0.0002
 0.7335 0.1905 0.0724 0.0035 0.0001
 0.4001 0.4547 0.1325 0.0127 0
 0.49795 0.308269 0.164784 0.0264974 0.00249975
 0.9179 0.0499 0.0305 0.0017 0
 0.2467 0.6533 0.0926 0.0074 0
 0.9418 0.0223 0.034 0.0019 0
 0.707729 0.231977 0.0356964 0.0245975 0
 0.517169 0.277429 0.184464 0.0207286 0.00020938
 0.811772 0.124168 0.05621 0.00726502 0.000585176
 0.764997 0.148141 0.077277 0.00933861 0.000247198
 0.163321 0.427699 0.378323 0.0303852 0.000271297
 0.753843 0.0900009 0.118128 0.0371064 0.000921714
 0.721811 0.176058 0.0630433 0.0369309 0.00215725
 0.143369 0.312575 0.442814 0.0836902 0.0175525
 0.692698 0.0596174 0.167031 0.0765114 0.00414204
 0.394062 0.376323 0.152708 0.0712218 0.00568511
 0.125707 0.32114 0.495352 0.0537591 0.00404204
 0.23352 0.215282 0.420074 0.123614 0.00750983
 0.796117 0.104755 0.0508955 0.0450114 0.00322123
 0.162477 0.292055 0.404252 0.121198 0.0200186
 0 0 0 0 0
pf_pred 
 0.278896 0.221877 0.43626 0.0629654 1.31131e-06
 0.57145 0.217346 0.0689125 0.124418 0.0178734
 0.716051 0.233197 0.0273125 0.00768248 0.0157569
 0.580972 0.374944 0.0369757 0.00383761 0.00327056
 0.631107 0.323216 0.0415932 0.0034312 0.000652883
 0.963509 0.0318499 0.00413704 0.000459724 4.47692e-05
 0.209531 0.780244 0.00903664 0.00105986 0.000128513
 0.302004 0.335336 0.35854 0.00364435 0.00047576
 0.718115 0.14893 0.066642 0.0655634 0.00074995
 0.773974 0.207561 0.0104604 0.00402895 0.00397563
 0.887683 0.109124 0.00299218 0.00011504 8.66644e-05
 0.940703 0.0570248 0.00221437 5.40547e-05 3.61985e-06
 0.479418 0.510806 0.00944346 0.000324722 8.40035e-06
 0.367507 0.461804 0.167795 0.00279607 9.80666e-05
 0.969987 0.0264866 0.00276763 0.000746422 1.26594e-05
 0.892273 0.106875 0.000764518 6.93714e-05 1.88772e-05
 0.321918 0.658011 0.0199338 0.000123186 1.41024e-05
 0.944774 0.0345205 0.0201647 0.000536688 3.66959e-06
 0.735025 0.261062 0.00256966 0.00130844 3.47948e-05
 0.682783 0.290672 0.0262059 0.000222955 0.000115598
 0.726693 0.24159 0.0293629 0.00232415 2.98046e-05
 0.762736 0.212121 0.0225099 0.00243927 0.000194307
 0.202464 0.730962 0.0602768 0.00564244 0.000655534
 0.761079 0.100315 0.128073 0.00954204 0.000991374
 0.67518 0.295381 0.0131432 0.0150644 0.00123155
 0.310565 0.590452 0.0908391 0.0036476 0.00449682
 0.775514 0.123653 0.0874962 0.0122448 0.00109194
 0.677238 0.294956 0.0160506 0.0102086 0.00154684
 0.34817 0.554437 0.0897226 0.00443757 0.00323282
 0.638744 0.209694 0.130577 0.0193395 0.00164509
 0.543985 0.379241 0.0463278 0.0262496 0.00419647
 0.490148 0.405356 0.0885982 0.00961814 0.00627928
 0.633631 0.269224 0.0787665 0.0155962 0.00278291
pobs_RECLAS
 0 0 0 0 0
 0 0 0 0 0
 0 0 0 0 0
 0 0 0 0 0
 0 0 0 0 0
 0 0 0 0 0
 0 0 0 0 0
 0 0 0 0 0
 0 0 0 0 0
 0 0 0 0 0
 0.991045 0.00858322 0.000360255 1.14367e-05 0
 0.934742 0.0480273 0.0164251 0.00080598 0
 0.827803 0.169806 0.00239088 0 0
 0.941827 0.0461693 0.0120037 0 0
 0.791401 0.0380133 0.147996 0.0225897 0
 0.846168 0.0940531 0.0597789 0 0
 0.134021 0.677848 0.182769 0.00536245 0
 0.80878 0.0450904 0.141981 0.00414843 0
 0.846168 0.0940531 0.0597789 0 0
 0.905697 0.0802665 0.012482 0.00150086 5.37128e-05
 0.989698 0.0102097 9.19794e-05 0 0
 0.975433 0.0193895 0.00387452 0.00125025 5.28907e-05
 0.303575 0.632131 0.0575291 0.00676475 0
 0.966965 0.00978017 0.0227588 0.000495775 0
 0.843318 0.132988 0.00938335 0.0141283 0.000182051
 0.564624 0.303363 0.111486 0.0197234 0.00080311
 0.826376 0.0876187 0.0782897 0.00655872 0.00115652
 0.89761 0.0855135 0.0140674 0.00269457 0.000114338
 0.34875 0.467042 0.161289 0.0227151 0.000203297
 0.318654 0.224769 0.449479 0.00709798 0
 0.937255 0.0296025 0.0250945 0.00804832 0
 0.456809 0.399803 0.12412 0.0192676 0
 0.883104 0.0372192 0.0704036 0.00927362 0
ppred_RECLAS
 0.377188 0.188401 0.378851 0.0555583 1.16144e-06
 0.691296 0.154766 0.0496926 0.0911073 0.0131374
 0.810291 0.155218 0.0184078 0.00525796 0.0108248
 0.730711 0.24113 0.0235575 0.00247971 0.00212112
 0.755577 0.214044 0.0276236 0.0023128 0.000441722
 0.977361 0.0197094 0.00260691 0.000294272 2.87655e-05
 0.31598 0.67508 0.00788614 0.000939041 0.000114291
 0.404104 0.282832 0.309449 0.00319603 0.000418819
 0.821459 0.0938965 0.0421134 0.0420488 0.000482774
 0.898041 0.0939636 0.00450303 0.00175491 0.00173788
 0.930178 0.067808 0.00188504 7.3602e-05 5.56564e-05
 0.96437 0.0342483 0.00134579 3.33593e-05 2.24237e-06
 0.601676 0.390707 0.00735417 0.000256878 6.67041e-06
 0.62265 0.280113 0.09557 0.00161022 5.66751e-05
 0.982902 0.0150738 0.00158339 0.00043347 7.37921e-06
 0.93726 0.0622408 0.000446677 4.11367e-05 1.12359e-05
 0.451466 0.532147 0.0162729 0.000102102 1.17326e-05
 0.967859 0.0200379 0.0117829 0.000318354 2.1849e-06
 0.833228 0.164288 0.00162268 0.000838604 2.23841e-05
 0.788977 0.193215 0.0175772 0.000151829 7.90164e-05
 0.816889 0.16157 0.0199192 0.00160124 2.06116e-05
 0.846772 0.136812 0.0146723 0.0016144 0.000129083
 0.293437 0.646508 0.0542905 0.00516247 0.000602042
 0.839535 0.0666915 0.0865411 0.00654903 0.000682986
 0.773114 0.20582 0.00932207 0.0108535 0.000890659
 0.42092 0.494396 0.0776013 0.00316568 0.00391749
 0.850121 0.0818636 0.0588944 0.0083717 0.000749372
 0.772535 0.207387 0.0115099 0.00743706 0.00113116
 0.460361 0.457424 0.0756347 0.00380072 0.00277937
 0.739064 0.150035 0.0953318 0.0143445 0.00122482
 0.6683 0.274951 0.0340272 0.0195792 0.00314188
 0.608663 0.309714 0.0690219 0.00761205 0.00498842
 0.848638 0.113526 0.0306163 0.00612303 0.00109637
pobs_PELACES
 0 0 0 0 0
 0 0 0 0 0
 0 0 0 0 0
 0 0 0 0 0
 0 0 0 0 0
 0 0 0 0 0
 0 0 0 0 0
 0 0 0 0 0
 0 0 0 0 0
 0 0 0 0 0
 0 0 0 0 0
 0 0 0 0 0
 0 0 0 0 0
 0 0 0 0 0
 0 0 0 0 0
 0 0 0 0 0
 0.505614 0.472636 0.0217494 0 0
 0 0 0 0 0
 0.443492 0.261883 0.143347 0.151278 0
 0.227955 0.32914 0.350689 0.0885471 0.00366901
 0.970185 0.0296113 0.000203453 0 0
 0.997202 0.00247181 0.000326279 0 0
 0.445219 0.490057 0.0546422 0.010081 0
 0.90214 0.0892962 0.00764917 0.000914606 0
 0 0 0 0 0
 0.581667 0.319106 0.0959925 0.00289975 0.000334073
 0.762889 0.0836404 0.116647 0.0363945 0.000428098
 0.88444 0.0763242 0.0277011 0.0115352 0
 0.521256 0.241999 0.230069 0.00667565 0
 0.616807 0.101726 0.260614 0.0208532 0
 0.833518 0.0704572 0.0857862 0.0102388 0
 0.697417 0.212968 0.0787535 0.0105354 0.000325836
 0 0 0 0 0
ppred_PELACES
 0.280627 0.193268 0.456327 0.0697767 1.4716e-06
 0.627742 0.170568 0.0632702 0.120841 0.0175785
 0.773306 0.179573 0.0245992 0.00731963 0.0152019
 0.726953 0.241066 0.026563 0.0029088 0.00250991
 0.732726 0.229876 0.0338766 0.00295275 0.000568893
 0.97028 0.0253161 0.00390004 0.000458825 4.52469e-05
 0.283328 0.705874 0.00947798 0.00117535 0.00014431
 0.308234 0.300504 0.386548 0.00416305 0.000550374
 0.794746 0.100123 0.0512473 0.053267 0.000616938
 0.919123 0.0738945 0.00386016 0.00156201 0.0015602
 0.915197 0.0819768 0.00263693 0.000107266 8.18272e-05
 0.957152 0.0409398 0.00185672 4.79423e-05 3.251e-06
 0.538313 0.451423 0.00989418 0.000360183 9.43555e-06
 0.69391 0.222601 0.0820048 0.00143383 5.09009e-05
 0.980361 0.0170015 0.00204472 0.000582826 1.00089e-05
 0.930708 0.0686603 0.000562893 5.39685e-05 1.48701e-05
 0.410825 0.56901 0.0200196 0.000130821 1.5165e-05
 0.961405 0.0227912 0.0153688 0.000432387 2.99359e-06
 0.817483 0.179374 0.00202434 0.00108917 2.93273e-05
 0.759239 0.217676 0.0227727 0.000204863 0.000107555
 0.77989 0.190594 0.0272078 0.00227871 2.95907e-05
 0.820545 0.157573 0.0194709 0.00223147 0.000179992
 0.240243 0.6853 0.0670325 0.00664319 0.000781565
 0.790527 0.0793979 0.119648 0.00943503 0.000992643
 0.722238 0.247563 0.0130515 0.0158364 0.00131104
 0.348039 0.542867 0.0995734 0.00423426 0.00528619
 0.805886 0.0984921 0.0823264 0.0121948 0.00110122
 0.716536 0.254189 0.0164752 0.0110964 0.00170266
 0.379547 0.512172 0.0992458 0.00519952 0.00383594
 0.664476 0.179499 0.133314 0.0209106 0.00180126
 0.616087 0.308939 0.044194 0.0264912 0.0042885
 0.53264 0.356815 0.0928207 0.0106701 0.00705428
 0.895711 0.0768179 0.0220683 0.00457661 0.00082649
pobs_pel_tallas
 0 0 0 0 0 0 0 0 0 0 0 0 0 0 0 0 0 0 0 0 0 0 0 0 0 0
 0 0 0 0 0 0 0 0 0 0 0 0 0 0 0 0 0 0 0 0 0 0 0 0 0 0
 0 0 0 0 0 0 0 0 0 0 0 0 0 0 0 0 0 0 0 0 0 0 0 0 0 0
 0 0 0 0 0 0 0 0 0 0 0 0 0 0 0 0 0 0 0 0 0 0 0 0 0 0
 0 0 0 0 0 0 0 0 0 0 0 0 0 0 0 0 0 0 0 0 0 0 0 0 0 0
 0 0 0 0 0 0 0 0 0 0 0 0 0 0 0 0 0 0 0 0 0 0 0 0 0 0
 0 0 0 0 0 0 0 0 0 0 0 0 0 0 0 0 0 0 0 0 0 0 0 0 0 0
 0 0 0 0 0 0 0 0 0 0 0 0 0 0 0 0 0 0 0 0 0 0 0 0 0 0
 0 0 0 0 0 0 0 0 0 0 0 0 0 0 0 0 0 0 0 0 0 0 0 0 0 0
 0 0 0 0 0 0 0 0 0 0 0 0 0 0 0 0 0 0 0 0 0 0 0 0 0 0
 0 0 0 0 0 0 0 0 0 0 0 0 0 0 0 0 0 0 0 0 0 0 0 0 0 0
 0 0 0 0 0 0 0 0 0 0 0 0 0 0 0 0 0 0 0 0 0 0 0 0 0 0
 0.00862536 0 0 0.000197151 0.00414017 0.0128641 0.00837892 0.0270097 0.101434 0.158115 0.152841 0.127902 0.109271 0.109419 0.0830992 0.0579132 0.0238553 0.00714673 0.00463305 0.00128148 0.00103504 0.000492878 0.000147863 0.000147863 4.92878e-05 0
 0 0 0 0 0 0 0 0 0 0 0 0 0 0 0 0 0 0 0 0 0 0 0 0 0 0
 0 0 0 0 0 0 0 0.0054083 0.00873648 0.0413646 0.0450493 0.0745869 0.0622846 0.0627006 0.0613931 0.0827291 0.12552 0.122667 0.0946155 0.0697135 0.0546179 0.0294188 0.0215738 0.0213955 0.0102223 0.00600262
 0 0 0 0 0.00359764 0.0251062 0.0480494 0.140153 0.205849 0.193036 0.1447 0.116669 0.0760912 0.0342217 0.00950174 0.001854 0.000860785 0 0 0 0.000165536 0 0.000143464 0 0 0
 0 0 0 0 0 0 0 0.000145254 0.000435761 0.0275982 0.070085 0.0708112 0.156366 0.174668 0.174014 0.160142 0.0824315 0.0480064 0.0283245 0.00493863 0.00203355 0 0 0 0 0
 0 0 0 0 0 0 0 0 0 0 0 0 0 0 0 0 0 0 0 0 0 0 0 0 0 0
 0 0 1.00437e-05 0.000401748 0.00122533 0.00171747 0.00176769 0.0269171 0.070346 0.194647 0.189555 0.159765 0.064822 0.0314167 0.0384472 0.0292271 0.0345202 0.0313363 0.0194345 0.0106764 0.0143323 0.0359363 0.0279516 0.0138201 0.00172751 0
 0 0.0021121 0.0136068 0.0755702 0.200478 0.177729 0.0527432 0.0373336 0.0318909 0.0142505 0.0149659 0.0166563 0.0217959 0.0798694 0.0677717 0.0528807 0.04013 0.0224614 0.0357745 0.0225083 0.00881397 0.00855152 0.00135912 0.000746735 0 0
 0 0 0 0 5.4009e-05 0.00500934 0.000945158 0.0243581 0.138947 0.33067 0.221406 0.137944 0.0707744 0.0437923 0.0131692 0.00525238 0.0047753 0.00276346 9.45158e-05 9.00151e-06 2.25038e-05 9.00151e-06 4.50075e-06 0 0 0
 0.000866109 0.00284123 0.00948549 0.0512746 0.133035 0.25785 0.225252 0.132002 0.0553304 0.0519788 0.0540692 0.017754 0.00435017 0.00159236 0.00146478 0.000404838 0.000125132 0.000115318 0.000107957 0.000100596 0 0 0 0 0 0
 0 0 0 0 0.00144013 0.00171154 0.00461396 0.0210425 0.0478622 0.0707936 0.0888783 0.103762 0.0637923 0.0337046 0.0602308 0.124433 0.169614 0.0934646 0.0462172 0.0250306 0.0313229 0.00938855 0.002487 0.000210481 0 0
 0 0.00764035 0.051015 0.0998891 0.058973 0.0496711 0.0374665 0.0718981 0.12319 0.153886 0.159021 0.0857701 0.0377988 0.023471 0.0147837 0.00900784 0.00315554 0.000888139 0.00291439 0.00214683 0.00393193 0.00274676 0.000635225 9.99891e-05 0 0
 0 0 0 0 0 0 0 0 0 0 0 0 0 0 0 0 0 0 0 0 0 0 0 0 0 0
 0 0 0 0 0 0 0 0 0 0 0 0 0 0 0 0 0 0 0 0 0 0 0 0 0 0
 0 0 0 0 0 0 0 0 0 0 0 0 0 0 0 0 0 0 0 0 0 0 0 0 0 0
 0 0 0 0 0 0 0 0 0 0 0 0 0 0 0 0 0 0 0 0 0 0 0 0 0 0
 0 0 0 0 0 0 0 0 0 0 0 0 0 0 0 0 0 0 0 0 0 0 0 0 0 0
 0 0 0 0 0 0 0 0 0 0 0 0 0 0 0 0 0 0 0 0 0 0 0 0 0 0
 0 0 0 0 0 0 0 0 0 0 0 0 0 0 0 0 0 0 0 0 0 0 0 0 0 0
 0 0 0 0 0 0 0 0 0 0 0 0 0 0 0 0 0 0 0 0 0 0 0 0 0 0
 0 0 0 0 0 0 0 0 0 0 0 0 0 0 0 0 0 0 0 0 0 0 0 0 0 0
ppred_pel_tallas
 1.20216e-16 2.31149e-05 0.000224685 0.00149311 0.00678748 0.0211185 0.0449959 0.0656768 0.0656961 0.0450905 0.0214384 0.00772024 0.00386752 0.00551742 0.0103956 0.0179863 0.0278586 0.0391038 0.0506796 0.0619201 0.0725359 0.0820058 0.0890042 0.0916063 0.0882895 0.0789645
 1.16963e-16 5.17063e-05 0.000502604 0.00333998 0.0151831 0.0472403 0.100651 0.146907 0.146923 0.100732 0.0475122 0.01597 0.00532104 0.00484694 0.00836241 0.0139072 0.0204341 0.0265996 0.0311237 0.033559 0.0345888 0.0354973 0.0372028 0.0396101 0.0417087 0.0422257
 1.04063e-16 6.36962e-05 0.00061915 0.00411447 0.0187038 0.0581945 0.12399 0.180971 0.180988 0.124075 0.0584785 0.0195241 0.00617382 0.00511534 0.00860478 0.0141307 0.020366 0.0256516 0.0283486 0.0277218 0.0243845 0.0198859 0.0157765 0.0128728 0.0111469 0.0100981
 1.01545e-16 5.98782e-05 0.000582037 0.00386784 0.0175827 0.0547063 0.116558 0.170125 0.170149 0.116672 0.0550873 0.0186827 0.00662848 0.00660628 0.0114944 0.0188901 0.027164 0.0340695 0.0373557 0.03598 0.0307249 0.0236692 0.0169553 0.0118106 0.00838235 0.00619605
 1.01429e-16 6.03537e-05 0.00058666 0.00389856 0.0177223 0.0551408 0.117484 0.171476 0.171498 0.117592 0.0555043 0.0187722 0.00653401 0.00633973 0.0109859 0.0180646 0.0260114 0.0326948 0.0359783 0.0348644 0.030075 0.0235461 0.0172638 0.0123532 0.00894273 0.0066098
 1.00173e-16 7.99207e-05 0.000776857 0.00516249 0.0234679 0.0730175 0.155572 0.227062 0.227064 0.155583 0.0730575 0.0235836 0.0054528 0.00141065 0.0012837 0.00199591 0.0028677 0.00360627 0.00397233 0.00385607 0.00333677 0.00262676 0.00194331 0.00140865 0.00103559 0.000777054
 1.00597e-16 2.33375e-05 0.000226849 0.0015075 0.0068529 0.0213223 0.0454319 0.0663234 0.0663913 0.0457635 0.0224354 0.010066 0.00956561 0.0177936 0.0333148 0.0548526 0.0785767 0.0978891 0.106083 0.100068 0.082266 0.0590947 0.037297 0.0209282 0.0107018 0.00522498
 1.11743e-16 2.53889e-05 0.000246789 0.00164 0.00745524 0.0231962 0.049423 0.0721404 0.0721699 0.0495673 0.0236824 0.00886629 0.00520713 0.00811695 0.0152147 0.0257419 0.0385362 0.0514724 0.0622634 0.0696305 0.0737132 0.07532 0.0747876 0.071585 0.064978 0.05502
 1.06951e-16 6.54622e-05 0.000636315 0.00422854 0.0192223 0.0598079 0.127427 0.185986 0.185996 0.127475 0.0599678 0.0196852 0.00539428 0.00319418 0.00496241 0.00820503 0.0120654 0.0157188 0.0183833 0.0197376 0.0200967 0.0201244 0.0203121 0.0206487 0.0206999 0.0199596
 1.00552e-16 7.5707e-05 0.000735899 0.00489031 0.0222306 0.0691678 0.147369 0.215092 0.215099 0.147404 0.0692844 0.0225674 0.00573511 0.00257848 0.00357033 0.0057702 0.00827591 0.0103469 0.0112861 0.0107765 0.00907129 0.00683059 0.00473769 0.00318769 0.00222686 0.00169023
 1.00122e-16 7.53836e-05 0.000732755 0.00486942 0.0221357 0.0688723 0.14674 0.214173 0.214181 0.146779 0.0690016 0.022509 0.0058058 0.00277445 0.00394577 0.00638501 0.00914617 0.0114077 0.0123887 0.0117301 0.00970981 0.00706545 0.00457006 0.00268559 0.00149066 0.000825878
 1.0007e-16 7.88394e-05 0.000766347 0.00509264 0.0231504 0.0720296 0.153467 0.22399 0.223994 0.153486 0.0720942 0.0233369 0.00556047 0.00178653 0.00201315 0.00319492 0.00457481 0.00571055 0.00621032 0.00589472 0.0049011 0.00359504 0.00235908 0.0014209 0.000818634 0.000474006
 1.00439e-16 4.43403e-05 0.000431003 0.00286417 0.0130201 0.0405107 0.0863139 0.125987 0.12603 0.086526 0.0412227 0.0150754 0.00801884 0.0116692 0.0213448 0.0351045 0.0503003 0.0626955 0.0680035 0.0642476 0.0529669 0.0382457 0.0243722 0.0139199 0.00733838 0.00374742
 1.02576e-16 5.71565e-05 0.000555581 0.00369204 0.0167835 0.0522197 0.11126 0.162392 0.162414 0.111366 0.0525733 0.0178057 0.00626144 0.00617632 0.0107659 0.0177955 0.0258312 0.0328965 0.0369914 0.0371492 0.03395 0.0290198 0.0239609 0.0195845 0.0158994 0.0125986
 1.00124e-16 8.0751e-05 0.000784929 0.00521613 0.0237118 0.0737761 0.157188 0.229421 0.229422 0.157196 0.073803 0.0237894 0.00541091 0.00121005 0.000887856 0.00133925 0.0019196 0.00240993 0.00264755 0.00255911 0.00219961 0.0017145 0.00125279 0.000898482 0.000659737 0.000502084
 1.00042e-16 7.66612e-05 0.000745174 0.00495194 0.0225108 0.0700396 0.149227 0.217802 0.217809 0.149259 0.0701478 0.0228233 0.00573562 0.00245351 0.00331392 0.00533838 0.00763836 0.0095119 0.0103014 0.00970608 0.00796214 0.00569559 0.00356489 0.00196691 0.000972456 0.000445852
 1.00739e-16 3.38392e-05 0.000328929 0.00218585 0.0099366 0.0309167 0.0658734 0.0961557 0.0962104 0.0661409 0.0318144 0.0125281 0.00868588 0.014502 0.0269024 0.0442934 0.0635009 0.0792156 0.0860463 0.081501 0.0675018 0.0491586 0.0318278 0.0187107 0.0103567 0.00567206
 1.00494e-16 7.91896e-05 0.000769751 0.00511527 0.0232533 0.0723496 0.154148 0.224985 0.224987 0.154159 0.072386 0.0233587 0.00538085 0.00135244 0.00119432 0.00187115 0.00273871 0.003549 0.00410355 0.00430429 0.00419466 0.0039061 0.00355591 0.00318481 0.00277321 0.00229995
 1.00219e-16 6.7335e-05 0.00065452 0.00434952 0.0197723 0.061519 0.131073 0.191309 0.191326 0.131158 0.0618019 0.0205888 0.00639716 0.00511837 0.00852686 0.0139425 0.0199666 0.0248737 0.0269567 0.0254317 0.0209166 0.0150438 0.00952745 0.00539603 0.00282593 0.00145676
 1.00752e-16 6.25375e-05 0.000607887 0.00403963 0.0183636 0.057136 0.121735 0.17768 0.177701 0.121837 0.0574799 0.0193567 0.00653163 0.00604533 0.0103814 0.0170425 0.0244938 0.030692 0.0335944 0.0322492 0.0273566 0.0207957 0.0145154 0.0096508 0.00637051 0.0042808
 1.01068e-16 6.42386e-05 0.000624422 0.0041495 0.018863 0.05869 0.125046 0.182512 0.182531 0.125136 0.0589914 0.0197335 0.00633424 0.00539337 0.00912016 0.0149723 0.0215526 0.0270804 0.0297809 0.0288256 0.0248138 0.0193541 0.0140998 0.00999078 0.0071402 0.00520125
 1.00857e-16 6.75872e-05 0.000656972 0.00436581 0.0198463 0.0617494 0.131564 0.192025 0.19204 0.131638 0.0619985 0.0205656 0.006171 0.00459673 0.00754689 0.0123614 0.0177808 0.0223163 0.0244964 0.0236368 0.0202411 0.0156548 0.0112637 0.00786022 0.00554216 0.00401354
 1.02909e-16 1.97886e-05 0.000192353 0.00127825 0.0058108 0.0180799 0.0385236 0.0562401 0.0563061 0.0388461 0.0191625 0.00893694 0.00912264 0.0173078 0.0324988 0.0536257 0.0770809 0.0965734 0.105688 0.101442 0.0860622 0.0654885 0.0458721 0.0307797 0.0207061 0.0143554
 1.04588e-16 6.51146e-05 0.000632937 0.00420609 0.0191203 0.0594904 0.126751 0.184998 0.185006 0.126789 0.0596195 0.0194953 0.00515564 0.00273275 0.00413182 0.00693273 0.010457 0.0141401 0.0174167 0.0199698 0.0218107 0.0230671 0.023691 0.0233911 0.021859 0.019071
 1.02251e-16 5.94899e-05 0.000578263 0.00384276 0.0174686 0.0543516 0.115803 0.169022 0.169046 0.115919 0.0547424 0.0185971 0.00667386 0.00675379 0.0117741 0.0193352 0.0277659 0.0347504 0.0379784 0.0364023 0.0308771 0.0236077 0.0168556 0.0118971 0.00883255 0.00706568
 1.04332e-16 2.86676e-05 0.00027866 0.00185179 0.00841802 0.0261919 0.0558065 0.0814621 0.0815145 0.0560623 0.0270509 0.0108997 0.00808252 0.0138848 0.0258818 0.0427742 0.0616857 0.0777098 0.0858381 0.0837196 0.0730187 0.0582159 0.0438794 0.0325543 0.0244879 0.0187021
 1.03811e-16 6.63797e-05 0.000645235 0.00428781 0.0194918 0.0606462 0.129214 0.188593 0.188602 0.12926 0.0608042 0.0199496 0.00544221 0.00318266 0.00493631 0.00818839 0.0120985 0.0158588 0.0186729 0.0201432 0.0204396 0.0200529 0.0193586 0.0183793 0.0169036 0.0147824
 1.01942e-16 5.90202e-05 0.000573698 0.00381242 0.0173307 0.0539225 0.114888 0.167688 0.167713 0.115008 0.0543238 0.0184896 0.00671993 0.00691625 0.0120914 0.0198616 0.028526 0.0357074 0.0390295 0.0374065 0.0317018 0.024164 0.0171079 0.0118536 0.00853245 0.00657277
 1.04166e-16 3.12629e-05 0.000303886 0.00201943 0.00918008 0.0285629 0.0608581 0.0888345 0.0888839 0.0610995 0.0293736 0.0115221 0.0078998 0.0131463 0.0244371 0.04039 0.0582702 0.0734555 0.0812283 0.079371 0.0694404 0.055635 0.0422266 0.0315825 0.0239202 0.0183277
 1.06295e-16 5.4732e-05 0.000532015 0.00353543 0.0160715 0.0500046 0.106541 0.155503 0.155521 0.106626 0.0502921 0.016904 0.00563319 0.00513892 0.00888458 0.0148114 0.0218204 0.0284604 0.0332563 0.0354793 0.035476 0.0342242 0.032522 0.0305163 0.0278772 0.0243148
 1.04737e-16 5.07464e-05 0.000493273 0.00327797 0.0149012 0.0463633 0.0987831 0.144183 0.144213 0.0989286 0.046852 0.0163128 0.00682167 0.00823069 0.0147502 0.0243181 0.0350601 0.0441672 0.0488158 0.0477207 0.0419011 0.0339736 0.0265585 0.0210406 0.0174034 0.0148793
 1.05034e-16 4.3873e-05 0.000426461 0.00283398 0.0128829 0.0400837 0.0854038 0.124657 0.124691 0.0855722 0.0406493 0.0145174 0.00693998 0.00940027 0.0171171 0.0283075 0.0409568 0.0518836 0.0578555 0.057354 0.0514304 0.0428992 0.034562 0.027877 0.0228522 0.0188034
 1.01256e-16 7.37785e-05 0.000717154 0.00476574 0.0216644 0.0674059 0.143616 0.209613 0.20962 0.143652 0.0675277 0.0220165 0.00565063 0.00265177 0.00375645 0.00611554 0.00885416 0.011242 0.0125855 0.0125608 0.0113915 0.00967181 0.00798536 0.00662347 0.00556963 0.00466956
pSPR Fmed_Fpbrs
1   0.984491 0.6 0.325 0.984491 0.984491 0.984491
Fs Fmed_Fpbrs
0   0.01 0.377867 0.993381 0.01 0.01 0.01
SSBpbr Bo_Bmed_Bpbrs
272692  259058  254828 149981 74990.4 254828 254828 254828
Ro
78368.3
SPR SPRFo_SPRFmed_SPRFpbrs
564592 564592 555835
Fref
0
Nvult_r0
 28110.7 9758.59 2821.41 558.304 99.6178
CTP_r0
 18871.5 8018.31 2345.91 464.503 82.8837
YTP_r0
356146
Np
 29519.2 10859.5 3994.99 1469.68 739.562
Nvult_p0
 18659.7 6864.52 2525.32 929.012 467.492
CTP_p0
 0 0 0 0 0
 0 0 0 0 0
 0 0 0 0 0
 0 0 0 0 0
 0 0 0 0 0
 0 0 0 0 0
YTP_p0
 0 0 0 0 0 0
CBA_c0
0
log_Ro
11.0892
likeval ReclasPelacesDesembMPH_pf_preclas_ppelaces_ptallas_desvR_qrecl_qpela
 0.000544147 15.5244 0.100194 41.8156 258.787 143.709 124.31 0 37.8004 0.000118941 0.000260555 0.0206691 2063 0 0
q_reclas_q_pelaces
4.67553 9.80394
M
1
N
 60031.6 23307.4 43310.6 6231.9 0.129764
 86108.3 18179.8 5528.3 9958.72 1430.46
 105912 19167.3 2153.31 604.333 1239.35
 56750.3 23508.2 2255.67 233.77 199.213
 26099.4 8010.43 996.512 82.0585 15.6125
 269836 4657.57 576.301 63.8733 6.2193
 32742.8 70088.8 781.429 91.4636 11.0892
 12354.3 6618.12 6678.18 67.6672 8.83231
 30739 3834.51 1659.33 1629.56 18.6381
 27491.3 5422.41 268.76 103.426 102.052
 30096.2 2030.68 53.3381 2.04596 1.54112
 203694 6901.7 257.231 6.26542 0.419525
 79849.4 44509.2 784.021 26.8892 0.695509
 21740.1 20645.9 7390.94 123.064 4.31604
 83299.5 1340.99 135.237 36.4041 0.617354
 218308 15632.8 108.08 9.78926 2.66358
 33623.1 39251.7 1143.89 7.05437 0.807498
 324622 6922.4 3898.65 103.561 0.708025
 296103 62789 597.244 303.555 8.07156
 219206 53465.2 4638.53 39.3828 20.4171
 246405 44730.6 5204.81 411.011 5.27012
 364142 57269.3 5840.25 631.53 50.3006
 40907.8 77067.3 6053.43 565.17 65.652
 151145 10642.7 12976.9 964.456 100.189
 161755 37132.9 1574.82 1800.35 147.163
 42963.8 41523 6066.55 242.92 299.432
 140027 11883.3 8027.28 1120.59 99.9159
 156015 34719.6 1795.29 1138.71 172.516
 53961 42643.3 6534.85 322.254 234.729
 94610 15755.1 9314.39 1375.68 117.003
 68214.4 26296.7 3079.67 1741.02 278.299
 36160.7 15340.4 3187.48 345.086 225.259
 29519.2 9794.53 2828.9 559.76 99.8773
pred_Ctot
 6816.54 5422.95 10662.7 1538.95 0.0320499
 22385 8513.96 2699.46 4873.73 700.141
 27660.1 9008.09 1055.04 296.764 608.666
 23846.1 15389.6 1517.68 157.515 134.241
 9000.38 4609.47 593.171 48.9333 9.31094
 51572.3 1704.78 221.437 24.607 2.39629
 9785.21 36437.9 422.016 49.4962 6.00165
 1237.7 1374.3 1469.39 14.9355 1.94979
 10724.8 2224.22 995.279 979.171 11.2003
 15688.7 4207.35 212.037 81.6684 80.5876
 7444.14 915.115 25.0926 0.964734 0.726772
 54521.6 3305.06 128.341 3.13292 0.209801
 15434.1 16444.6 304.018 10.4539 0.270436
 13076.4 16431.6 5970.37 99.4879 3.48934
 27222 743.328 77.6715 20.9478 0.355277
 74705.7 8948.11 64.0095 5.80814 1.5805
 9806.33 20044.5 607.227 3.75252 0.42959
 102458 3743.66 2186.81 58.2025 0.397958
 100883 35831.1 352.689 179.585 4.77564
 64697.6 27542.8 2483.16 21.1262 10.9536
 59521.1 19787.9 2405.02 190.363 2.4412
 102207 28424.3 3016.33 326.864 26.0372
 7787.37 28115 2318.43 217.026 25.2139
 32791.5 4322.13 5518.08 411.125 42.714
 31815.7 13918.9 619.332 709.863 58.0331
 6897.56 13113.8 2017.51 81.0122 99.8731
 29792.6 4750.35 3361.31 470.404 41.9485
 25966.7 11309.2 615.412 391.418 59.3091
 7171.95 11420.9 1848.2 91.4095 66.5929
 14956.9 4910.23 3057.6 452.857 38.5216
 17439.6 12158.1 1485.22 841.536 134.534
 6179.97 5110.89 1117.08 121.269 79.1716
 18871.5 8018.31 2345.91 464.503 82.8837
F
 0.194562 0.438888 0.469948 0.471705 0.471798
 0.502402 1.13331 1.21351 1.21805 1.21829
 0.505262 1.13976 1.22042 1.22498 1.22522
 0.957916 2.16084 2.31377 2.32242 2.32288
 0.723419 1.63187 1.74736 1.75389 1.75424
 0.348051 0.785124 0.840688 0.843831 0.843997
 0.59887 1.35092 1.44652 1.45193 1.45222
 0.169964 0.3834 0.410533 0.412068 0.412149
 0.734992 1.65798 1.77531 1.78195 1.7823
 1.6055 3.62165 3.87795 3.89245 3.89322
 0.472632 1.06615 1.14161 1.14587 1.1461
 0.520924 1.17509 1.25825 1.26295 1.2632
 0.352624 0.79544 0.851734 0.854918 0.855087
 1.78575 4.02825 4.31333 4.32946 4.33031
 0.673068 1.51829 1.62574 1.63182 1.63214
 0.715912 1.61494 1.72923 1.73569 1.73603
 0.58045 1.30936 1.40203 1.40727 1.40755
 0.64288 1.45019 1.55282 1.55863 1.55894
 0.711677 1.60538 1.719 1.72542 1.72576
 0.589352 1.32945 1.42353 1.42885 1.42914
 0.459214 1.03588 1.10919 1.11334 1.11356
 0.552865 1.24714 1.3354 1.34039 1.34066
 0.346447 0.781508 0.836816 0.839944 0.84011
 0.403735 0.910735 0.975189 0.978835 0.979028
 0.359838 0.811714 0.86916 0.87241 0.872582
 0.285224 0.643402 0.688936 0.691512 0.691648
 0.394529 0.889969 0.952953 0.956515 0.956704
 0.297083 0.670153 0.717581 0.720264 0.720405
 0.2311 0.521309 0.558203 0.56029 0.5604
 0.280321 0.63234 0.677092 0.679623 0.679757
 0.492165 1.11021 1.18878 1.19323 1.19346
 0.306148 0.690602 0.739477 0.742241 0.742387
 2.04253 4.60748 4.93355 4.952 4.95297
YTP_r0W_actual
 142291 139919 56466 14548.2 2921.65
YTP_p0W_proyectada
 0 0 0 0 0
 0 0 0 0 0
 0 0 0 0 0
 0 0 0 0 0
 0 0 0 0 0
 0 0 0 0 0
CTP_r0_actual
 18871.5 8018.31 2345.91 464.503 82.8837
CTP_p0_proyectada
 0 0 0 0 0
 0 0 0 0 0
 0 0 0 0 0
 0 0 0 0 0
 0 0 0 0 0
 0 0 0 0 0
Wmedp
 7.54 17.45 24.07 31.32 35.25
Frms_r0
 2.04253 4.60748 4.93355 4.952 4.95297
Zrms_r0
 3.04253 5.60748 5.93355 5.952 5.95297
nmprior
 7.29 8.9 8.7 0
nm_flota  nm_reclas  nm_pelaces    nm_pelaL
inf 12.2701 7.61603 17.1561
cv_recla  cv_pelaces  cv_mph
0.673392 0.431617 0.518474
 ------------------------------------------------
Talla a la edad & desviaci?n 
 8 13.2811 15.8009 17.003 17.5766
 0.8 1.32811 1.58009 1.7003 1.75766
