years
 1991 1992 1993 1994 1995 1996 1997 1998 1999 2000 2001 2002 2003 2004 2005 2006 2007 2008 2009 2010 2011 2012 2013 2014 2015 2016 2017 2018 2019 2020 2021 2022 2023
reclasobs
 0 0 0 0 0 0 0 0 0 252601 567819 844713 477998 351125 339783 2.1784e+06 2.13404e+06 4.81314e+06 1.55562e+06 2.62356e+06 3.21686e+06 3.843e+06 1.13348e+06 3.07943e+06 1.97215e+06 2.03268e+06 2.025e+06 2.42433e+06 2.27542e+06 1.05018e+06 2.36338e+06 3.18982e+06 1.53035e+06
reclaspred
 3.36508e+06 1.89957e+06 1.00883e+06 1.17022e+06 1.32353e+06 2.24795e+06 1.74061e+06 1.79961e+06 1.4792e+06 1.18332e+06 930478 866081 625120 320768 688312 1.00274e+06 945735 1.63809e+06 1.60234e+06 1.50011e+06 2.96565e+06 2.60831e+06 2.26888e+06 3.24138e+06 2.55697e+06 2.3065e+06 2.67096e+06 2.8685e+06 2.53948e+06 1.90196e+06 1.588e+06 1.48286e+06 1.64756e+06
pelacesobs
 0 0 0 0 0 0 0 0 0 0 0 0 0 0 0 552880 188675 0 991730 2.46772e+06 1.41603e+06 1.21717e+06 2.29649e+06 1.80582e+06 0 1.4828e+06 1.56532e+06 1.57751e+06 1.42118e+06 867257 1.10002e+06 1.06204e+06 0
pelacespred
 1.97033e+06 1.25096e+06 664203 629231 722321 1.29747e+06 992766 1.16527e+06 979214 762950 622998 486635 368567 187018 435937 522597 482993 924082 947313 797871 1.6101e+06 1.54271e+06 1.33704e+06 2.07307e+06 1.58819e+06 1.41575e+06 1.88105e+06 1.82707e+06 1.4484e+06 1.24852e+06 952714 873726 971005
mphobs
 0 0 0 0 0 0 0 0 0 0 0 0 498337 0 5186 125008 0 168611 109162 213762 579715 649985 157893 87575 83554 210694 70296 0 107559 103333 445601 22526 28222
mphpred
 623946 417711 210790 123694 163154 201766 300609 243033 228271 193297 137016 130334 111244 64094.2 27788.3 84821.2 135587 126279 179588 320192 435651 577430 107616 98529.6 132355 110489 96351.4 103961 142121 113432 73512.4 67827.7 44861.5
desembarqueobs
 494567 514787 250237 358949 120608 361735 552515 73892 212993 205616 52469 317467 293654 387597 252695 516296 358380 742168 942051 627588 828172 859565 418607 520667 417249 300574 415391 372974 316634 284311 391294 218835 356480
desembarquepred
 494569 513074 251144 358969 120611 361744 552532 73893.5 213006 205633 52471 317529 293844 388127 252698 516309 358403 742064 941762 627440 828244 859594 418627 520716 417249 300589 415410 372974 316626 284300 391341 218852 356492
Reclutas
 242394 127784 177678 327652 302566 524041 249934 142242 143016 152996 188105 163015 91952.2 50788.2 192704 402518 110690 535547 524684 460484 639411 884054 212087 522063 522335 211252 485829 570298 222549 193978 213172 124082 383571
log_desv_Rt
 -0.0546242 -0.694851 -0.365214 0.246762 0.167109 0.716381 -0.0239916 -0.587661 -0.582235 -0.514779 -0.30819 -0.451348 -1.02392 -1.61752 -0.284034 0.452551 -0.838459 0.738099 0.717607 0.587089 0.915359 1.23933 -0.188192 0.712599 0.71312 -0.192136 0.640668 0.80097 -0.14004 -0.277443 -0.183091 -0.724244 0.404336
SSB
 4.80025e+06 3.21361e+06 1.62169e+06 951627 1.2552e+06 1.55226e+06 2.3127e+06 1.86974e+06 1.75617e+06 1.48711e+06 1.05412e+06 1.00271e+06 822677 484223 208012 634035 1.04312e+06 971509 1.4227e+06 1.36883e+06 1.9043e+06 2.62439e+06 2.72674e+06 2.4148e+06 3.06427e+06 2.69908e+06 2.23131e+06 2.32751e+06 3.28672e+06 2.48415e+06 1.80897e+06 1.71405e+06 1.05315e+06
BT
 6.30056e+06 4.24518e+06 2.23777e+06 2.17636e+06 2.24522e+06 4.16573e+06 3.45785e+06 3.5273e+06 3.12547e+06 2.46751e+06 1.90383e+06 1.73124e+06 1.37432e+06 967552 1.55007e+06 2.00588e+06 1.73006e+06 3.40858e+06 3.7396e+06 2.93644e+06 5.44802e+06 5.41779e+06 4.34614e+06 6.65262e+06 5.12694e+06 4.48091e+06 6.02429e+06 5.80216e+06 4.57488e+06 3.99168e+06 3.2086e+06 2.78871e+06 3.21015e+06
Ftot
 0.0949301 0.170726 0.164834 0.245016 0.0688227 0.133411 0.219546 0.0297831 0.10663 0.122945 0.0433171 0.262601 0.324191 0.831281 0.377545 0.459958 0.270911 0.394839 0.481947 0.339714 0.226989 0.262585 0.128833 0.132868 0.12153 0.0923853 0.128852 0.112784 0.0836509 0.104355 0.184447 0.103604 0.189126
BD_Bspro_t
 0.985019 0.893462 0.778434 0.727099 0.75385 0.819496 0.829566 0.761915 0.812613 0.815858 0.806196 0.847497 0.730649 0.564105 0.373727 0.620702 0.634247 0.601625 0.628109 0.582914 0.609873 0.678068 0.713436 0.723271 0.792313 0.810176 0.814892 0.835598 0.869497 0.838195 0.806708 0.786548 0.781517
BD_Bspro
 2.6027 1.74242 0.879283 0.515974 0.680573 0.841639 1.25395 1.01378 0.952199 0.806312 0.571544 0.543672 0.446057 0.262546 0.112784 0.343775 0.565582 0.526753 0.771389 0.742183 1.03251 1.42295 1.47844 1.30931 1.66145 1.46344 1.20982 1.26198 1.78207 1.34691 0.980824 0.929363 0.57102
BD_Bo
 2.50097 1.67432 0.844915 0.495806 0.653972 0.808742 1.20494 0.974153 0.914981 0.774796 0.549204 0.522422 0.428622 0.252284 0.108376 0.330338 0.543475 0.506164 0.741238 0.713174 0.992158 1.36733 1.42065 1.25813 1.59651 1.40624 1.16253 1.21265 1.71241 1.29427 0.942487 0.893037 0.548701
BD_Brms
 2.67921 1.79364 0.905129 0.53114 0.700578 0.866378 1.29081 1.04358 0.980188 0.830013 0.588344 0.559653 0.459168 0.270264 0.1161 0.35388 0.582207 0.542237 0.794063 0.763999 1.06287 1.46478 1.5219 1.34779 1.71029 1.50646 1.24538 1.29908 1.83445 1.3865 1.00965 0.956681 0.587804
Sel_flota
 0.502282 0.950432 0.997263 0.999856 0.999992
 0.502282 0.950432 0.997263 0.999856 0.999992
 0.502282 0.950432 0.997263 0.999856 0.999992
 0.502282 0.950432 0.997263 0.999856 0.999992
 0.502282 0.950432 0.997263 0.999856 0.999992
 0.502282 0.950432 0.997263 0.999856 0.999992
 0.502282 0.950432 0.997263 0.999856 0.999992
 0.502282 0.950432 0.997263 0.999856 0.999992
 0.502282 0.950432 0.997263 0.999856 0.999992
 0.502282 0.950432 0.997263 0.999856 0.999992
 0.502282 0.950432 0.997263 0.999856 0.999992
 0.502282 0.950432 0.997263 0.999856 0.999992
 0.502282 0.950432 0.997263 0.999856 0.999992
 0.502282 0.950432 0.997263 0.999856 0.999992
 0.502282 0.950432 0.997263 0.999856 0.999992
 0.502282 0.950432 0.997263 0.999856 0.999992
 0.502282 0.950432 0.997263 0.999856 0.999992
 0.502282 0.950432 0.997263 0.999856 0.999992
 0.502282 0.950432 0.997263 0.999856 0.999992
 0.502282 0.950432 0.997263 0.999856 0.999992
 0.502282 0.950432 0.997263 0.999856 0.999992
 0.502282 0.950432 0.997263 0.999856 0.999992
 0.502282 0.950432 0.997263 0.999856 0.999992
 0.502282 0.950432 0.997263 0.999856 0.999992
 0.502282 0.950432 0.997263 0.999856 0.999992
 0.502282 0.950432 0.997263 0.999856 0.999992
 0.502282 0.950432 0.997263 0.999856 0.999992
 0.502282 0.950432 0.997263 0.999856 0.999992
 0.502282 0.950432 0.997263 0.999856 0.999992
 0.502282 0.950432 0.997263 0.999856 0.999992
 0.502282 0.950432 0.997263 0.999856 0.999992
 0.502282 0.950432 0.997263 0.999856 0.999992
 0.502282 0.950432 0.997263 0.999856 0.999992
Sel_reclas
 1 1 1 1 1
 1 1 1 1 1
 1 1 1 1 1
 1 1 1 1 1
 1 1 1 1 1
 1 1 1 1 1
 1 1 1 1 1
 1 1 1 1 1
 1 1 1 1 1
 1 1 1 1 1
 1 1 1 1 1
 1 1 1 1 1
 1 1 1 1 1
 1 1 1 1 1
 1 1 1 1 1
 1 1 1 1 1
 1 1 1 1 1
 1 1 1 1 1
 1 1 1 1 1
 1 1 1 1 1
 1 1 1 1 1
 1 1 1 1 1
 1 1 1 1 1
 1 1 1 1 1
 1 1 1 1 1
 1 1 1 1 1
 1 1 1 1 1
 1 1 1 1 1
 1 1 1 1 1
 1 1 1 1 1
 1 1 1 1 1
 1 1 1 1 1
 1 1 1 1 1
Sel_pelaces
 1 1 1 1 1
 1 1 1 1 1
 1 1 1 1 1
 1 1 1 1 1
 1 1 1 1 1
 1 1 1 1 1
 1 1 1 1 1
 1 1 1 1 1
 1 1 1 1 1
 1 1 1 1 1
 1 1 1 1 1
 1 1 1 1 1
 1 1 1 1 1
 1 1 1 1 1
 1 1 1 1 1
 1 1 1 1 1
 1 1 1 1 1
 1 1 1 1 1
 1 1 1 1 1
 1 1 1 1 1
 1 1 1 1 1
 1 1 1 1 1
 1 1 1 1 1
 1 1 1 1 1
 1 1 1 1 1
 1 1 1 1 1
 1 1 1 1 1
 1 1 1 1 1
 1 1 1 1 1
 1 1 1 1 1
 1 1 1 1 1
 1 1 1 1 1
 1 1 1 1 1
pf_obs 
 0.8446 0.082 0.0669 0.0065 0
 0.8095 0.147 0.0364 0.0071 0
 0.9664 0.0169 0.016 0.0007 0
 0.9276 0.0648 0.0075 0.0001 0
 0.7033 0.2144 0.0806 0.0017 0
 0.9318 0.0425 0.0243 0.0014 0
 0.5671 0.3108 0.0964 0.0239 0.0018
 0.0768 0.2599 0.5324 0.112 0.0189
 0.490249 0.384438 0.106611 0.0170017 0.00170017
 0.7925 0.1577 0.0466 0.003 0.0002
 0.840416 0.127587 0.0312969 0.00059994 9.999e-05
 0.8084 0.0986 0.0794 0.0134 0.0002
 0.7335 0.1905 0.0724 0.0035 0.0001
 0.4001 0.4547 0.1325 0.0127 0
 0.49795 0.308269 0.164784 0.0264974 0.00249975
 0.9179 0.0499 0.0305 0.0017 0
 0.2467 0.6533 0.0926 0.0074 0
 0.9418 0.0223 0.034 0.0019 0
 0.707729 0.231977 0.0356964 0.0245975 0
 0.517169 0.277429 0.184464 0.0207286 0.00020938
 0.811772 0.124168 0.05621 0.00726502 0.000585176
 0.764997 0.148141 0.077277 0.00933861 0.000247198
 0.163321 0.427699 0.378323 0.0303852 0.000271297
 0.753843 0.0900009 0.118128 0.0371064 0.000921714
 0.721811 0.176058 0.0630433 0.0369309 0.00215725
 0.143369 0.312575 0.442814 0.0836902 0.0175525
 0.692698 0.0596174 0.167031 0.0765114 0.00414204
 0.394062 0.376323 0.152708 0.0712218 0.00568511
 0.125707 0.32114 0.495352 0.0537591 0.00404204
 0.23352 0.215282 0.420074 0.123614 0.00750983
 0.796117 0.104755 0.0508955 0.0450114 0.00322123
 0.162477 0.292055 0.404252 0.121198 0.0200186
 0 0 0 0 0
pf_pred 
 0.302526 0.111753 0.558078 0.0276419 1.01013e-06
 0.271986 0.331893 0.0660923 0.314492 0.0155368
 0.48575 0.216562 0.139614 0.0264349 0.13164
 0.660973 0.219716 0.0517586 0.0317295 0.0358229
 0.546473 0.359622 0.0620071 0.0138604 0.018037
 0.64601 0.244739 0.0874866 0.0143844 0.00737996
 0.371894 0.487763 0.0985115 0.0335165 0.00831532
 0.328938 0.358333 0.245662 0.0471158 0.0199506
 0.416337 0.278434 0.166548 0.108999 0.0296814
 0.488739 0.294691 0.106006 0.0604019 0.0501618
 0.550028 0.290416 0.0939214 0.0321714 0.0334635
 0.481106 0.360615 0.103882 0.0320547 0.0223423
 0.38804 0.396026 0.152524 0.0416597 0.0217504
 0.376632 0.351172 0.179624 0.0654465 0.0271254
 0.838909 0.0947958 0.0385197 0.0183539 0.00942181
 0.782486 0.198981 0.0111654 0.00428668 0.00308134
 0.315363 0.603402 0.0746859 0.0039505 0.00259838
 0.802297 0.0939344 0.0920277 0.0107968 0.000943923
 0.625463 0.33496 0.0193737 0.0179236 0.00227953
 0.569991 0.333993 0.0864151 0.00470801 0.00489354
 0.641877 0.260354 0.0768676 0.0188163 0.00208422
 0.644817 0.276251 0.0581999 0.0163101 0.00442216
 0.239196 0.594046 0.131227 0.0262186 0.00931254
 0.590373 0.152714 0.20276 0.0426396 0.0115139
 0.536166 0.341229 0.0471474 0.0595858 0.0158714
 0.30117 0.479409 0.163556 0.0215185 0.0343471
 0.613346 0.173082 0.148741 0.0483576 0.016473
 0.580384 0.315962 0.0476844 0.0390116 0.0169577
 0.30333 0.503431 0.147285 0.0211712 0.024783
 0.37413 0.281033 0.252507 0.0704176 0.0219123
 0.478468 0.278076 0.112294 0.0961118 0.03505
 0.374657 0.400671 0.12271 0.0471008 0.0548613
 0.720144 0.148721 0.0855136 0.024948 0.0206738
pobs_RECLAS
 0 0 0 0 0
 0 0 0 0 0
 0 0 0 0 0
 0 0 0 0 0
 0 0 0 0 0
 0 0 0 0 0
 0 0 0 0 0
 0 0 0 0 0
 0 0 0 0 0
 0 0 0 0 0
 0.991045 0.00858322 0.000360255 1.14367e-05 0
 0.934742 0.0480273 0.0164251 0.00080598 0
 0.827803 0.169806 0.00239088 0 0
 0.941827 0.0461693 0.0120037 0 0
 0.791401 0.0380133 0.147996 0.0225897 0
 0.846168 0.0940531 0.0597789 0 0
 0.134021 0.677848 0.182769 0.00536245 0
 0.80878 0.0450904 0.141981 0.00414843 0
 0.846168 0.0940531 0.0597789 0 0
 0.905697 0.0802665 0.012482 0.00150086 5.37128e-05
 0.989698 0.0102097 9.19794e-05 0 0
 0.975433 0.0193895 0.00387452 0.00125025 5.28907e-05
 0.303575 0.632131 0.0575291 0.00676475 0
 0.966965 0.00978017 0.0227588 0.000495775 0
 0.843318 0.132988 0.00938335 0.0141283 0.000182051
 0.564624 0.303363 0.111486 0.0197234 0.00080311
 0.826376 0.0876187 0.0782897 0.00655872 0.00115652
 0.89761 0.0855135 0.0140674 0.00269457 0.000114338
 0.34875 0.467042 0.161289 0.0227151 0.000203297
 0.318654 0.224769 0.449479 0.00709798 0
 0.937255 0.0296025 0.0250945 0.00804832 0
 0.456809 0.399803 0.12412 0.0192676 0
 0.883104 0.0372192 0.0704036 0.00927362 0
ppred_RECLAS
 0.461786 0.089815 0.42729 0.0211085 7.71275e-07
 0.422544 0.270584 0.0513141 0.243528 0.0120293
 0.649375 0.15197 0.0933037 0.0176199 0.0877313
 0.791421 0.137574 0.0308508 0.0188622 0.0212926
 0.6978 0.242039 0.039762 0.00886481 0.0115344
 0.778955 0.155123 0.0528173 0.00866134 0.00444311
 0.533423 0.366311 0.0704366 0.0239011 0.00592894
 0.487083 0.280103 0.18299 0.0350047 0.0148203
 0.581722 0.204734 0.11666 0.07615 0.0207334
 0.649873 0.20607 0.0706095 0.0401274 0.0333199
 0.702118 0.195596 0.0602756 0.0205928 0.0214169
 0.64305 0.251837 0.0690531 0.0212508 0.0148099
 0.553376 0.294143 0.107791 0.0293625 0.0153279
 0.551107 0.258897 0.125506 0.0455954 0.0188949
 0.911019 0.0534601 0.0206626 0.00981875 0.00503965
 0.874849 0.114981 0.00613354 0.00234838 0.00168782
 0.470081 0.469741 0.0553396 0.00291938 0.0019199
 0.889251 0.0540157 0.05033 0.00588881 0.00051476
 0.764863 0.211426 0.0116233 0.0107238 0.00136366
 0.720301 0.219641 0.0540671 0.00293773 0.00305306
 0.776306 0.164808 0.0463244 0.0113096 0.00125255
 0.778407 0.174239 0.0349407 0.00976577 0.00264743
 0.376695 0.491862 0.103495 0.0206235 0.00732421
 0.738693 0.100445 0.127026 0.026643 0.00719336
 0.690094 0.230981 0.0304001 0.0383195 0.0102054
 0.453835 0.380409 0.123639 0.0162242 0.025893
 0.756084 0.112176 0.0918234 0.0297745 0.0101413
 0.72685 0.208185 0.0299292 0.0244215 0.0106142
 0.455839 0.398519 0.111078 0.015925 0.0186392
 0.538464 0.212879 0.182209 0.0506802 0.0157683
 0.641624 0.195567 0.0752041 0.0641967 0.023408
 0.536719 0.302103 0.0881389 0.0337426 0.0392967
 0.833947 0.0903032 0.0494431 0.0143866 0.0119202
pobs_PELACES
 0 0 0 0 0
 0 0 0 0 0
 0 0 0 0 0
 0 0 0 0 0
 0 0 0 0 0
 0 0 0 0 0
 0 0 0 0 0
 0 0 0 0 0
 0 0 0 0 0
 0 0 0 0 0
 0 0 0 0 0
 0 0 0 0 0
 0 0 0 0 0
 0 0 0 0 0
 0 0 0 0 0
 0 0 0 0 0
 0.505614 0.472636 0.0217494 0 0
 0 0 0 0 0
 0.443492 0.261883 0.143347 0.151278 0
 0.227955 0.32914 0.350689 0.0885471 0.00366901
 0.970185 0.0296113 0.000203453 0 0
 0.997202 0.00247181 0.000326279 0 0
 0.445219 0.490057 0.0546422 0.010081 0
 0.90214 0.0892962 0.00764917 0.000914606 0
 0 0 0 0 0
 0.581667 0.319106 0.0959925 0.00289975 0.000334073
 0.762889 0.0836404 0.116647 0.0363945 0.000428098
 0.88444 0.0763242 0.0277011 0.0115352 0
 0.521256 0.241999 0.230069 0.00667565 0
 0.616807 0.101726 0.260614 0.0208532 0
 0.833518 0.0704572 0.0857862 0.0102388 0
 0.697417 0.212968 0.0787535 0.0105354 0.000325836
 0 0 0 0 0
ppred_PELACES
 0.465582 0.0892909 0.424174 0.0209529 7.65584e-07
 0.429076 0.267916 0.0506742 0.240456 0.0118775
 0.655241 0.14965 0.0916455 0.0173043 0.0861593
 0.797554 0.133706 0.0298702 0.0182588 0.0206112
 0.699987 0.240339 0.0394408 0.00879267 0.0114405
 0.782439 0.152773 0.0519099 0.00851157 0.00436625
 0.541678 0.360096 0.069007 0.0234116 0.00580746
 0.488236 0.279532 0.182533 0.0349164 0.0147829
 0.585763 0.202931 0.115442 0.0753482 0.0205149
 0.654181 0.203698 0.0696643 0.0395861 0.0328702
 0.703505 0.194731 0.0599689 0.0204873 0.0213071
 0.65219 0.245687 0.0670941 0.0206433 0.0143863
 0.565619 0.286577 0.104493 0.0284563 0.0148546
 0.582636 0.242045 0.115839 0.0420536 0.0174265
 0.915626 0.0508127 0.0195251 0.00927522 0.00476059
 0.88217 0.108319 0.00573722 0.00219577 0.0015781
 0.480191 0.460998 0.0540828 0.00285242 0.00187584
 0.895167 0.0512909 0.0475004 0.00555586 0.000485647
 0.777572 0.200153 0.0109219 0.0100725 0.00128082
 0.730533 0.211846 0.0518751 0.00281781 0.00292839
 0.78224 0.160586 0.0449795 0.0109791 0.00121594
 0.785181 0.169061 0.033765 0.00943506 0.00255774
 0.381279 0.488452 0.102573 0.0204375 0.00725812
 0.742713 0.0990262 0.124975 0.0262098 0.00707638
 0.694029 0.228161 0.0299725 0.0377766 0.0100608
 0.457333 0.378139 0.122725 0.0161031 0.0256996
 0.759781 0.110597 0.0903505 0.0292937 0.00997744
 0.730233 0.205694 0.0295196 0.024085 0.0104679
 0.458996 0.396346 0.110329 0.0158165 0.0185122
 0.542516 0.211196 0.180477 0.050194 0.015617
 0.648176 0.192248 0.0737172 0.0629176 0.0229414
 0.540668 0.299699 0.0872976 0.0334176 0.038918
 0.837969 0.0882359 0.0481702 0.014014 0.0116113
pobs_pel_tallas
 0 0 0 0 0 0 0 0 0 0 0 0 0 0 0 0 0 0 0 0 0 0 0 0 0 0
 0 0 0 0 0 0 0 0 0 0 0 0 0 0 0 0 0 0 0 0 0 0 0 0 0 0
 0 0 0 0 0 0 0 0 0 0 0 0 0 0 0 0 0 0 0 0 0 0 0 0 0 0
 0 0 0 0 0 0 0 0 0 0 0 0 0 0 0 0 0 0 0 0 0 0 0 0 0 0
 0 0 0 0 0 0 0 0 0 0 0 0 0 0 0 0 0 0 0 0 0 0 0 0 0 0
 0 0 0 0 0 0 0 0 0 0 0 0 0 0 0 0 0 0 0 0 0 0 0 0 0 0
 0 0 0 0 0 0 0 0 0 0 0 0 0 0 0 0 0 0 0 0 0 0 0 0 0 0
 0 0 0 0 0 0 0 0 0 0 0 0 0 0 0 0 0 0 0 0 0 0 0 0 0 0
 0 0 0 0 0 0 0 0 0 0 0 0 0 0 0 0 0 0 0 0 0 0 0 0 0 0
 0 0 0 0 0 0 0 0 0 0 0 0 0 0 0 0 0 0 0 0 0 0 0 0 0 0
 0 0 0 0 0 0 0 0 0 0 0 0 0 0 0 0 0 0 0 0 0 0 0 0 0 0
 0 0 0 0 0 0 0 0 0 0 0 0 0 0 0 0 0 0 0 0 0 0 0 0 0 0
 0.00862536 0 0 0.000197151 0.00414017 0.0128641 0.00837892 0.0270097 0.101434 0.158115 0.152841 0.127902 0.109271 0.109419 0.0830992 0.0579132 0.0238553 0.00714673 0.00463305 0.00128148 0.00103504 0.000492878 0.000147863 0.000147863 4.92878e-05 0
 0 0 0 0 0 0 0 0 0 0 0 0 0 0 0 0 0 0 0 0 0 0 0 0 0 0
 0 0 0 0 0 0 0 0.0054083 0.00873648 0.0413646 0.0450493 0.0745869 0.0622846 0.0627006 0.0613931 0.0827291 0.12552 0.122667 0.0946155 0.0697135 0.0546179 0.0294188 0.0215738 0.0213955 0.0102223 0.00600262
 0 0 0 0 0.00359764 0.0251062 0.0480494 0.140153 0.205849 0.193036 0.1447 0.116669 0.0760912 0.0342217 0.00950174 0.001854 0.000860785 0 0 0 0.000165536 0 0.000143464 0 0 0
 0 0 0 0 0 0 0 0.000145254 0.000435761 0.0275982 0.070085 0.0708112 0.156366 0.174668 0.174014 0.160142 0.0824315 0.0480064 0.0283245 0.00493863 0.00203355 0 0 0 0 0
 0 0 0 0 0 0 0 0 0 0 0 0 0 0 0 0 0 0 0 0 0 0 0 0 0 0
 0 0 1.00437e-05 0.000401748 0.00122533 0.00171747 0.00176769 0.0269171 0.070346 0.194647 0.189555 0.159765 0.064822 0.0314167 0.0384472 0.0292271 0.0345202 0.0313363 0.0194345 0.0106764 0.0143323 0.0359363 0.0279516 0.0138201 0.00172751 0
 0 0.0021121 0.0136068 0.0755702 0.200478 0.177729 0.0527432 0.0373336 0.0318909 0.0142505 0.0149659 0.0166563 0.0217959 0.0798694 0.0677717 0.0528807 0.04013 0.0224614 0.0357745 0.0225083 0.00881397 0.00855152 0.00135912 0.000746735 0 0
 0 0 0 0 5.4009e-05 0.00500934 0.000945158 0.0243581 0.138947 0.33067 0.221406 0.137944 0.0707744 0.0437923 0.0131692 0.00525238 0.0047753 0.00276346 9.45158e-05 9.00151e-06 2.25038e-05 9.00151e-06 4.50075e-06 0 0 0
 0.000866109 0.00284123 0.00948549 0.0512746 0.133035 0.25785 0.225252 0.132002 0.0553304 0.0519788 0.0540692 0.017754 0.00435017 0.00159236 0.00146478 0.000404838 0.000125132 0.000115318 0.000107957 0.000100596 0 0 0 0 0 0
 0 0 0 0 0.00144013 0.00171154 0.00461396 0.0210425 0.0478622 0.0707936 0.0888783 0.103762 0.0637923 0.0337046 0.0602308 0.124433 0.169614 0.0934646 0.0462172 0.0250306 0.0313229 0.00938855 0.002487 0.000210481 0 0
 0 0.00764035 0.051015 0.0998891 0.058973 0.0496711 0.0374665 0.0718981 0.12319 0.153886 0.159021 0.0857701 0.0377988 0.023471 0.0147837 0.00900784 0.00315554 0.000888139 0.00291439 0.00214683 0.00393193 0.00274676 0.000635225 9.99891e-05 0 0
 0 0 0 0 0 0 0 0 0 0 0 0 0 0 0 0 0 0 0 0 0 0 0 0 0 0
 0 0 0 0 0 0 0 0 0 0 0 0 0 0 0 0 0 0 0 0 0 0 0 0 0 0
 0 0 0 0 0 0 0 0 0 0 0 0 0 0 0 0 0 0 0 0 0 0 0 0 0 0
 0 0 0 0 0 0 0 0 0 0 0 0 0 0 0 0 0 0 0 0 0 0 0 0 0 0
 0 0 0 0 0 0 0 0 0 0 0 0 0 0 0 0 0 0 0 0 0 0 0 0 0 0
 0 0 0 0 0 0 0 0 0 0 0 0 0 0 0 0 0 0 0 0 0 0 0 0 0 0
 0 0 0 0 0 0 0 0 0 0 0 0 0 0 0 0 0 0 0 0 0 0 0 0 0 0
 0 0 0 0 0 0 0 0 0 0 0 0 0 0 0 0 0 0 0 0 0 0 0 0 0 0
 0 0 0 0 0 0 0 0 0 0 0 0 0 0 0 0 0 0 0 0 0 0 0 0 0 0
ppred_pel_tallas
 1.14365e-16 3.83494e-05 0.00037277 0.00247719 0.0112609 0.035037 0.0746503 0.108956 0.108966 0.0746958 0.0351916 0.0117156 0.00364912 0.00303264 0.0053867 0.00961653 0.0156415 0.0233899 0.0326709 0.0431685 0.0542288 0.0645373 0.0721019 0.0748487 0.0715976 0.0627686
 1.27656e-16 3.53425e-05 0.000343541 0.00228295 0.010378 0.0322899 0.0687981 0.100418 0.100444 0.0689248 0.0327158 0.0116097 0.00538117 0.00712933 0.0129929 0.0216215 0.0316464 0.0409563 0.0475397 0.0507618 0.0518543 0.0530539 0.0559957 0.060584 0.0650798 0.0671629
 1.18999e-16 5.39713e-05 0.000524621 0.00348629 0.0158482 0.0493096 0.10506 0.153341 0.153356 0.105131 0.049549 0.0165413 0.00523287 0.00435988 0.00740513 0.0123373 0.0182025 0.0238382 0.0281274 0.0306532 0.0319609 0.0331196 0.0349199 0.0373388 0.039606 0.0406977
 1.06216e-16 6.56935e-05 0.000638564 0.00424348 0.0192903 0.0600192 0.127878 0.186644 0.186657 0.127941 0.0602312 0.0199029 0.00578264 0.00400333 0.00647053 0.0106329 0.0154087 0.0195954 0.0220283 0.0222089 0.0206108 0.0183473 0.0164635 0.0154006 0.0149508 0.0145851
 1.04018e-16 5.76571e-05 0.000560447 0.00372437 0.0169305 0.0526771 0.112235 0.163815 0.163838 0.112348 0.0530574 0.018029 0.00648233 0.00658294 0.011501 0.0189373 0.0273106 0.0344234 0.0380767 0.0372646 0.032769 0.026614 0.0208345 0.0165185 0.0136764 0.0117358
 1.0313e-16 6.44485e-05 0.000626463 0.00416307 0.0189247 0.0588818 0.125455 0.183108 0.183122 0.125527 0.0591244 0.019626 0.00592585 0.00448244 0.00741052 0.0122088 0.0177206 0.0225758 0.0254151 0.0256004 0.0235633 0.0204502 0.0173701 0.0148506 0.0128245 0.0109793
 1.05415e-16 4.46174e-05 0.000433697 0.00288207 0.0131015 0.0407638 0.0868528 0.126772 0.126806 0.0870226 0.0413339 0.0147486 0.00701815 0.00946823 0.017219 0.0284385 0.0410638 0.0518547 0.057534 0.0565913 0.0501632 0.0412122 0.0326966 0.0261664 0.0216078 0.0182048
 1.11343e-16 4.02154e-05 0.000390908 0.00259772 0.0118089 0.036742 0.0782837 0.114263 0.11429 0.0784165 0.0371889 0.0131026 0.00585649 0.00754231 0.0137322 0.0229268 0.0336981 0.0437924 0.050903 0.0539257 0.0534926 0.0512749 0.0486744 0.0460167 0.0427587 0.0382813
 1.14412e-16 4.82486e-05 0.000468993 0.00311663 0.0141677 0.0440812 0.0939204 0.137084 0.137103 0.0940169 0.0444055 0.0151066 0.00548149 0.00565912 0.00998755 0.0166543 0.0245108 0.031951 0.0373838 0.0401342 0.0408074 0.0407241 0.0408864 0.0413248 0.0412496 0.0397259
 1.11596e-16 5.38841e-05 0.000523772 0.00348065 0.0158226 0.0492299 0.10489 0.153095 0.153114 0.104987 0.0495538 0.0167589 0.00583531 0.00567818 0.0098856 0.0163721 0.0238561 0.0306034 0.0349019 0.0360224 0.0346527 0.0323708 0.0305793 0.0297399 0.0293741 0.0286187
 1.07441e-16 5.79469e-05 0.000563264 0.00374309 0.0170155 0.0529418 0.112799 0.164637 0.164656 0.112891 0.053251 0.0179093 0.00598957 0.00547736 0.00942055 0.0155619 0.022602 0.0288324 0.0325568 0.033018 0.0308354 0.0275311 0.0245346 0.0224525 0.0210414 0.0196819
 1.06504e-16 5.372e-05 0.000522178 0.00347006 0.0157744 0.0490801 0.104571 0.15263 0.152653 0.104687 0.0494698 0.0169007 0.00630016 0.0067098 0.0118333 0.0195524 0.0283379 0.0360139 0.0403986 0.0404965 0.0370694 0.0320577 0.0273351 0.0237845 0.021241 0.0190569
 1.08457e-16 4.65894e-05 0.000452865 0.00300945 0.0136805 0.0425654 0.0906911 0.132372 0.1324 0.0908267 0.0430208 0.0149974 0.00632021 0.00769799 0.0138587 0.0229751 0.0334165 0.0427089 0.0483516 0.0491903 0.0460545 0.0410721 0.0362445 0.03243 0.0293466 0.0262701
 1.10572e-16 4.7991e-05 0.00046649 0.00309999 0.0140921 0.0438459 0.0934192 0.136353 0.136376 0.093534 0.0442316 0.015208 0.00590806 0.0066199 0.0118036 0.0196206 0.0286919 0.037 0.0425144 0.0443113 0.0430683 0.0404541 0.0379307 0.0359475 0.0340264 0.0314283
 1.02313e-16 7.54189e-05 0.000733099 0.0048717 0.022146 0.0689046 0.146809 0.214273 0.214278 0.146833 0.0689854 0.0223798 0.00545959 0.00202031 0.00253148 0.00409606 0.00596573 0.00765779 0.0087377 0.00901442 0.00864493 0.0080057 0.00743411 0.00704665 0.00674509 0.00635273
 1.00681e-16 7.26632e-05 0.000706312 0.00469369 0.0213369 0.0663869 0.141445 0.206445 0.206455 0.141496 0.0665579 0.0218305 0.00593204 0.00340721 0.00519506 0.00845498 0.0121295 0.015163 0.0165347 0.0157783 0.0132627 0.00995396 0.0068534 0.0045424 0.00309389 0.00227314
 1.02283e-16 3.95528e-05 0.000384467 0.00255492 0.0116143 0.0361367 0.0769947 0.112385 0.11243 0.0772117 0.0368652 0.0137183 0.00783494 0.0119069 0.0219112 0.03613 0.0519676 0.0651866 0.0714825 0.068849 0.0587634 0.045179 0.0321781 0.0221125 0.0152946 0.0108686
 1.02024e-16 7.37337e-05 0.000716718 0.00476285 0.0216512 0.067365 0.143528 0.209485 0.20949 0.143553 0.0674474 0.0218901 0.00536558 0.0020426 0.00262139 0.00429402 0.00635772 0.00836777 0.00991215 0.0107822 0.011054 0.0109596 0.0106661 0.0101628 0.00933406 0.00811703
 1.01594e-16 6.40476e-05 0.000622566 0.00413717 0.018807 0.0585156 0.124674 0.18197 0.181989 0.124769 0.0588316 0.0197193 0.00642598 0.00561507 0.00953412 0.0156305 0.022441 0.0280778 0.0306681 0.0293594 0.0248384 0.018886 0.013335 0.00922966 0.00666921 0.00519049
 1.0233e-16 6.01731e-05 0.000584904 0.00388689 0.0176693 0.0549757 0.117132 0.170962 0.170983 0.117232 0.0553114 0.0186392 0.00632313 0.00590826 0.0101848 0.01678 0.0242529 0.0306756 0.0341135 0.0336544 0.0299212 0.0245985 0.0193802 0.0151742 0.0120282 0.00956762
 1.02646e-16 6.44321e-05 0.000626303 0.004162 0.0189199 0.0588668 0.125423 0.183061 0.183077 0.125498 0.0591215 0.019656 0.00601153 0.00466969 0.00776076 0.0127731 0.018499 0.0234828 0.02628 0.0262159 0.0237614 0.0201637 0.0166469 0.0138207 0.011646 0.00979261
 1.02397e-16 6.46744e-05 0.000628658 0.00417765 0.018991 0.0590882 0.125894 0.18375 0.183766 0.125974 0.0593559 0.0197644 0.00611983 0.00487119 0.00813014 0.0133597 0.0192892 0.0243625 0.0270374 0.0266009 0.0235805 0.0193599 0.0153227 0.0121978 0.00998803 0.00832566
 1.06363e-16 3.14056e-05 0.000305274 0.00202865 0.00922199 0.0286933 0.0611358 0.0892394 0.0892865 0.0613661 0.0294668 0.0114569 0.00764114 0.012566 0.023342 0.0386052 0.0557629 0.0704439 0.0781957 0.0769449 0.0681918 0.0559084 0.0440767 0.0348114 0.0281593 0.0231186
 1.07458e-16 6.11763e-05 0.000594655 0.00395169 0.0179638 0.0558922 0.119085 0.173809 0.173819 0.119132 0.0560526 0.0184294 0.00512901 0.00319391 0.00508334 0.00853142 0.0128094 0.0172105 0.0210322 0.023921 0.0259863 0.027521 0.0285883 0.0288691 0.0278959 0.0254378
 1.06415e-16 5.71663e-05 0.000555677 0.00369267 0.0167864 0.0522287 0.11128 0.16242 0.162442 0.111387 0.0525897 0.0178292 0.00631092 0.00627362 0.010924 0.0179907 0.0259678 0.0327914 0.0364166 0.0359482 0.0321921 0.0271082 0.0226025 0.0195914 0.0178881 0.0167257
 1.09603e-16 3.767e-05 0.000366166 0.0024333 0.0110615 0.0344165 0.0733294 0.107034 0.107071 0.0735081 0.0350168 0.0127968 0.0067948 0.0099056 0.0182085 0.0301837 0.0438082 0.0557871 0.0627705 0.0632026 0.0581936 0.0506374 0.0433293 0.0375898 0.0332091 0.029309
 1.07262e-16 6.25822e-05 0.000608321 0.00404251 0.0183767 0.0571767 0.121821 0.177804 0.177815 0.121874 0.0573542 0.0188911 0.00533997 0.00346139 0.0055422 0.00922422 0.013661 0.017981 0.0213312 0.023318 0.0241846 0.0245095 0.0246881 0.024645 0.0239745 0.0223128
 1.05092e-16 6.01484e-05 0.000584664 0.0038853 0.017662 0.0549532 0.117084 0.170892 0.170912 0.117181 0.0552786 0.0186022 0.00624577 0.00573953 0.0098563 0.0162167 0.0234001 0.0295318 0.0327549 0.032245 0.0287097 0.0239052 0.0195588 0.0165328 0.0147183 0.0134895
 1.08005e-16 3.7807e-05 0.000367497 0.00244215 0.0111017 0.0345417 0.0735961 0.107424 0.107462 0.0737832 0.0351703 0.0129184 0.00700657 0.0103458 0.0190301 0.0315099 0.0456431 0.0579345 0.0648297 0.0646755 0.0586557 0.0498801 0.0414024 0.0347456 0.0298004 0.0256962
 1.12939e-16 4.46863e-05 0.000434367 0.00288652 0.0131217 0.0408267 0.0869863 0.126963 0.126984 0.0870871 0.0411659 0.0141047 0.00536626 0.00588848 0.0105233 0.0176425 0.0261532 0.0344541 0.0409161 0.0447683 0.0464383 0.0469846 0.0471241 0.0467092 0.0450092 0.0414167
 1.12369e-16 5.33894e-05 0.000518964 0.0034487 0.0156773 0.048778 0.103927 0.151689 0.151708 0.104018 0.049084 0.0165625 0.00567577 0.00539766 0.00936997 0.0155434 0.0227186 0.0292962 0.033706 0.035296 0.0347184 0.0334094 0.0325751 0.0324886 0.0325369 0.0318026
 1.12534e-16 4.45342e-05 0.000432888 0.0028767 0.0130771 0.0406877 0.0866906 0.126534 0.126562 0.0868322 0.0411634 0.0144522 0.00633284 0.00799233 0.0144452 0.0239279 0.0347477 0.0443105 0.0500152 0.0507138 0.0473899 0.0424225 0.0380394 0.0351746 0.0334124 0.0317225
 1.04784e-16 6.90224e-05 0.000670922 0.00445851 0.0202678 0.0630606 0.134358 0.196101 0.196109 0.134399 0.0632014 0.0206753 0.00548446 0.00292069 0.00437171 0.00719727 0.0105487 0.0136637 0.0158142 0.0166729 0.0164837 0.0158346 0.0152226 0.0147677 0.014256 0.0133918
pSPR Fmed_Fpbrs
1   0.983475 0.6 0.325 0.983475 0.983475 0.983475
Fs Fmed_Fpbrs
0   0.01 0.348253 0.893705 0.01 0.01 0.01
SSBpbr Bo_Bmed_Bpbrs
1.91935e+06  1.82339e+06  1.79167e+06 1.05564e+06 527822 1.79167e+06 1.79167e+06 1.79167e+06
Ro
256003
SPR SPRFo_SPRFmed_SPRFpbrs
1.84433e+06 1.84433e+06 1.81385e+06
Fref
0
Nvult_r0
 255251 30014.1 16571 4823.92 3997
CTP_r0
 22143.9 4573.07 2629.48 767.134 635.704
YTP_r0
356492
Np
 383571 141108 51910.7 19096.9 9609.83
Nvult_p0
 242463 89197.2 32813.8 12071.5 6074.57
CTP_p0
 0 0 0 0 0
 0 0 0 0 0
 0 0 0 0 0
 0 0 0 0 0
 0 0 0 0 0
 0 0 0 0 0
YTP_p0
 0 0 0 0 0 0
CBA_c0
0
log_Ro
12.2729
likeval ReclasPelacesDesembMPH_pf_preclas_ppelaces_ptallas_desvR_qrecl_qpela
 0.000394583 15.5411 0.133868 63.6615 241.148 141.848 113.031 0 19.2502 1.11194e-05 3.32242e-06 0.618105 2067.19 0 0
q_reclas_q_pelaces
0.624016 0.772768
M
1
N
 242394 48158 229619 11344.8 0.414525
 127784 85019.7 16187.9 76841.9 3795.74
 177678 43145.8 26592.3 5022.88 25009.7
 327652 60170.5 13570.8 8299.84 9369.44
 302566 106579 17537 3910.16 5087.72
 524041 107526 36725.5 6023.55 3090
 249934 180289 34845.8 11827.5 2933.99
 142242 82345.5 53833.5 10298.4 4360.13
 143016 51550.8 29447.7 19224.7 5234.34
 152996 49868.8 17136.7 9740.37 8088
 188105 52913.4 16322.5 5576.8 5799.99
 163015 67710.5 18680.6 5750.84 4007.88
 91952.2 52559.2 19407.5 5288.87 2760.97
 50788.2 28744.1 14208.2 5167.32 2141.47
 192704 12306.5 4798.76 2281.46 1171.03
 402518 58646.1 3162.29 1211.48 870.739
 110690 117532 13934.4 735.354 483.607
 535547 35539.9 33422.5 3912.56 342.019
 524684 161575 8983.5 8293.49 1054.65
 460484 151521 37596.4 2043.7 2123.98
 639411 142829 40360.3 9856.44 1091.63
 884054 209880 42347.4 11840 3209.78
 212087 285039 60157.5 11989.6 4258.03
 522063 73133.5 92775.2 19462.4 5254.73
 522335 179657 23712.6 29894.5 7961.73
 211252 180777 58882.6 7727.67 12333
 485829 74191.5 60913.9 19755.1 6728.71
 570298 167526 24147.6 19706.8 8565.11
 222549 198246 55364.8 7938.39 9291.46
 193978 78502.7 67356.9 18737.4 5829.89
 213172 67716.5 26152.6 22330.1 8142.3
 124082 71482.6 20905.8 8004.53 9322.16
 383571 43332.6 23830.9 6935.86 5746.85
pred_Ctot
 7162.37 2645.78 13212.6 654.426 0.0239151
 6684.68 8157.04 1624.37 7729.36 381.854
 8984.99 4005.78 2582.45 488.971 2434.97
 24225.4 8052.82 1897.01 1162.92 1312.95
 6516.94 4288.66 739.462 165.292 215.099
 21588.3 8178.66 2923.62 480.697 246.623
 16645.1 21831.2 4409.16 1500.12 372.175
 1336.7 1456.15 998.286 191.463 81.0725
 4735.17 3166.74 1894.21 1239.69 337.578
 5820.95 3509.8 1262.55 719.395 597.434
 2563.69 1353.63 437.769 149.952 155.974
 12871.3 9647.76 2779.23 857.58 597.738
 8851.22 9033.39 3479.08 950.262 496.129
 11334.9 10568.6 5405.86 1969.63 816.347
 21369.6 2414.74 981.213 467.529 240.002
 53483.7 13600.5 763.168 292.999 210.613
 9001.11 17222.3 2131.69 112.755 74.1629
 61891.9 7246.42 7099.33 832.905 72.8174
 72727.6 38948.5 2252.73 2084.12 265.059
 46301.7 27131 7019.71 382.443 397.514
 43959.9 17830.8 5264.39 1288.66 142.741
 69799.2 29903.2 6299.94 1765.51 478.683
 8445.28 20974 4633.25 925.699 328.798
 21421.6 5541.2 7357.1 1547.17 417.78
 19650 12505.7 1727.91 2183.76 581.671
 6078.06 9675.19 3300.8 434.276 693.176
 19348.4 5459.97 4692.14 1525.47 519.65
 19946.5 10858.9 1638.81 1340.74 582.8
 5808.28 9639.87 2820.26 405.393 474.553
 6288.48 4723.69 4244.22 1183.6 368.309
 12013.7 6982.13 2819.56 2413.24 880.061
 3994.25 4271.59 1308.22 502.146 584.881
 22143.9 4573.07 2629.48 767.134 635.704
F
 0.0476817 0.0902246 0.0946703 0.0949164 0.0949294
 0.0857526 0.162263 0.170259 0.170701 0.170725
 0.0827935 0.156664 0.164383 0.164811 0.164833
 0.123067 0.232871 0.244345 0.24498 0.245014
 0.0345684 0.0654112 0.0686343 0.0688127 0.0688221
 0.0670102 0.126798 0.133046 0.133392 0.13341
 0.110274 0.208663 0.218945 0.219514 0.219544
 0.0149595 0.0283068 0.0297015 0.0297788 0.0297828
 0.0535582 0.101344 0.106338 0.106614 0.106629
 0.0617533 0.116851 0.122609 0.122928 0.122944
 0.0217574 0.04117 0.0431985 0.0433109 0.0433168
 0.1319 0.249584 0.261882 0.262563 0.262599
 0.162835 0.308121 0.323303 0.324144 0.324188
 0.417538 0.790076 0.829006 0.831161 0.831275
 0.189634 0.358831 0.376511 0.37749 0.377542
 0.231029 0.437159 0.458699 0.459892 0.459955
 0.136074 0.257483 0.27017 0.270872 0.270909
 0.198321 0.375268 0.393758 0.394782 0.394836
 0.242074 0.458058 0.480628 0.481878 0.481944
 0.170632 0.322875 0.338784 0.339665 0.339712
 0.114012 0.215737 0.226367 0.226956 0.226987
 0.131892 0.249569 0.261866 0.262547 0.262583
 0.0647106 0.122447 0.128481 0.128815 0.128832
 0.0667371 0.126282 0.132504 0.132848 0.132867
 0.0610424 0.115506 0.121197 0.121512 0.121529
 0.0464035 0.0878059 0.0921324 0.0923719 0.0923846
 0.06472 0.122465 0.128499 0.128833 0.128851
 0.0566493 0.107193 0.112475 0.112767 0.112783
 0.0420164 0.0795045 0.0834219 0.0836388 0.0836502
 0.0524157 0.0991824 0.104069 0.10434 0.104354
 0.0926445 0.175304 0.183942 0.18442 0.184446
 0.0520387 0.098469 0.103321 0.103589 0.103604
 0.0949947 0.179751 0.188608 0.189099 0.189125
YTP_r0W_actual
 166965 79800 63291.6 24026.6 22408.6
YTP_p0W_proyectada
 0 0 0 0 0
 0 0 0 0 0
 0 0 0 0 0
 0 0 0 0 0
 0 0 0 0 0
 0 0 0 0 0
CTP_r0_actual
 22143.9 4573.07 2629.48 767.134 635.704
CTP_p0_proyectada
 0 0 0 0 0
 0 0 0 0 0
 0 0 0 0 0
 0 0 0 0 0
 0 0 0 0 0
 0 0 0 0 0
Wmedp
 7.54 17.45 24.07 31.32 35.25
Frms_r0
 0.0949947 0.179751 0.188608 0.189099 0.189125
Zrms_r0
 1.09499 1.17975 1.18861 1.1891 1.18912
nmprior
 7.29 8.9 8.7 0
nm_flota  nm_reclas  nm_pelaces    nm_pelaL
inf 10.7266 16.7212 51.5909
cv_recla  cv_pelaces  cv_mph
0.573428 0.431848 0.639729
 ------------------------------------------------
Talla a la edad & desviaci?n 
 8 13.2811 15.8009 17.003 17.5766
 0.8 1.32811 1.58009 1.7003 1.75766
