years
 1991 1992 1993 1994 1995 1996 1997 1998 1999 2000 2001 2002 2003 2004 2005 2006 2007 2008 2009 2010 2011 2012 2013 2014 2015 2016 2017 2018 2019 2020 2021 2022 2023
reclasobs
 0 0 0 0 0 0 0 0 0 252601 567819 844713 477998 351125 339783 2.1784e+06 2.13404e+06 4.81314e+06 1.55562e+06 2.62356e+06 3.21686e+06 3.843e+06 1.13348e+06 3.07943e+06 1.97215e+06 2.03268e+06 2.025e+06 2.42433e+06 2.27542e+06 1.05018e+06 2.36338e+06 3.18982e+06 1.53035e+06
reclaspred
 3.10766e+06 1.65527e+06 866597 902154 977752 1.93808e+06 1.10751e+06 1.07748e+06 889511 735335 881128 1.11383e+06 836060 191763 834413 1.23671e+06 918557 2.06975e+06 2.03694e+06 1.79906e+06 3.25008e+06 2.67694e+06 2.01941e+06 2.94017e+06 2.27018e+06 2.00512e+06 2.48098e+06 2.81576e+06 2.35961e+06 1.81626e+06 1.37206e+06 1.14626e+06 938756
pelacesobs
 0 0 0 0 0 0 0 0 0 0 0 0 0 0 0 552880 188675 0 991730 2.46772e+06 1.41603e+06 1.21717e+06 2.29649e+06 1.80582e+06 0 1.4828e+06 1.56532e+06 1.57751e+06 1.42118e+06 867257 1.10002e+06 1.06204e+06 0
pelacespred
 1.99162e+06 1.13898e+06 558868 449162 561265 1.12277e+06 600453 772225 594949 469029 578603 615065 500658 76720.4 478269 585923 466535 1.10617e+06 1.1201e+06 898195 1.79553e+06 1.52283e+06 1.27754e+06 1.92842e+06 1.4626e+06 1.3307e+06 1.79285e+06 1.81474e+06 1.52879e+06 1.30461e+06 830774 723877 510185
mphobs
 0 0 0 0 0 0 0 0 0 0 0 0 498337 0 5186 125008 0 168611 109162 213762 579715 649985 157893 87575 83554 210694 70296 0 107559 103333 445601 22526 28222
mphpred
 664186 453608 210413 123002 135046 178607 280543 158462 159093 127335 97541.6 159384 171335 72627.7 10767.9 106894 177361 125134 240960 334148 443700 543275 116832 94389.2 134338 113102 94557.7 110277 163434 123770 76251.1 62748.7 35134.9
desembarqueobs
 494567 514787 250237 358949 120608 361735 552515 73892 212993 205616 52469 317467 293654 387597 252695 516296 358380 742168 942051 627588 828172 859565 418607 520667 417249 300574 415391 372974 316634 284311 391294 218835 356480
desembarquepred
 494561 514086 250505 359002 120614 361733 552479 73896 213026 205649 52471.9 317489 293814 387985 252638 516169 358350 741744 941191 627153 828261 859446 418607 520743 417191 300586 415393 372933 316580 284235 391313 218864 356519
Reclutas
 163584 81676.6 92063.9 119173 108525 216332 83630 41810 47015.8 64231.1 103667 134994 70593.3 27554.4 110440 246544 52347.9 354412 345623 275536 322808 438351 85755.2 216637 226797 82855.3 206641 241869 98611.8 96450.2 87228.2 44438.4 99076
log_desv_Rt
 0.308464 -0.386096 -0.266381 -0.0082897 -0.101887 0.587953 -0.36246 -1.05573 -0.938379 -0.626376 -0.147678 0.116366 -0.531928 -1.4727 -0.0843873 0.718679 -0.83095 1.0816 1.05649 0.829854 0.988195 1.29416 -0.337366 0.589358 0.635191 -0.371768 0.542122 0.699531 -0.197672 -0.219837 -0.320335 -0.99476 -0.192976
SSB
 1.44149e+06 984468 456661 266951 293091 387631 608863 343912 345279 276357 211695 345912 353443 151341 22459.1 222480 384927 271580 545343 511352 697766 904550 881323 685382 906508 811876 638554 713761 1.09803e+06 780280 560977 472067 245488
BT
 2.16807e+06 1.49783e+06 731781 730111 630388 1.44181e+06 1.04213e+06 801907 779082 645503 617325 866930 738657 463785 770815 1.05064e+06 723244 1.82665e+06 2.04143e+06 1.42861e+06 2.48218e+06 2.28816e+06 1.53857e+06 2.4224e+06 1.76724e+06 1.49575e+06 2.2266e+06 2.16578e+06 1.63561e+06 1.47436e+06 1.14349e+06 854165 833706
Ftot
 0.306226 0.559971 0.553237 0.907454 0.281377 0.481911 0.939688 0.149734 0.537807 0.614241 0.156559 0.651878 0.721208 3.16923 1.03599 1.16478 0.784807 1.02526 1.16098 0.867102 0.621917 0.761012 0.410532 0.447501 0.407841 0.305559 0.425691 0.351934 0.255666 0.322905 0.618456 0.382202 0.940033
BD_Bspro_t
 0.952765 0.717134 0.484261 0.394405 0.395761 0.515098 0.546577 0.367959 0.451883 0.444722 0.448987 0.648477 0.521794 0.262681 0.060549 0.361525 0.38511 0.295523 0.387055 0.337626 0.355514 0.412243 0.439369 0.418125 0.523364 0.555706 0.550708 0.60526 0.685598 0.615492 0.557778 0.498045 0.442996
BD_Bspro
 1.6651 1.13718 0.5275 0.308362 0.338556 0.447763 0.703313 0.397261 0.398841 0.319226 0.244534 0.399571 0.408271 0.174817 0.0259431 0.256992 0.444639 0.313708 0.629939 0.590676 0.806006 1.04487 1.01804 0.791702 1.04713 0.937819 0.737609 0.824483 1.26836 0.901321 0.647999 0.545297 0.283569
BD_Bo
 2.53569 1.73176 0.803304 0.469589 0.515571 0.681875 1.07104 0.60497 0.607375 0.486134 0.372389 0.608487 0.621736 0.266221 0.0395075 0.391361 0.677118 0.477731 0.959304 0.899511 1.22743 1.59118 1.55032 1.20564 1.59462 1.42816 1.12327 1.25556 1.93152 1.37258 0.986806 0.830405 0.431833
BD_Brms
 2.71441 1.85381 0.85992 0.502685 0.551907 0.729933 1.14653 0.647607 0.650182 0.520396 0.398635 0.651373 0.665555 0.284984 0.0422919 0.418944 0.724841 0.511401 1.02691 0.962907 1.31393 1.70332 1.65959 1.29062 1.70701 1.52881 1.20244 1.34405 2.06765 1.46932 1.05635 0.888931 0.462268
Sel_flota
 0.441048 0.937469 0.996502 0.999815 0.99999
 0.441048 0.937469 0.996502 0.999815 0.99999
 0.441048 0.937469 0.996502 0.999815 0.99999
 0.441048 0.937469 0.996502 0.999815 0.99999
 0.441048 0.937469 0.996502 0.999815 0.99999
 0.441048 0.937469 0.996502 0.999815 0.99999
 0.441048 0.937469 0.996502 0.999815 0.99999
 0.441048 0.937469 0.996502 0.999815 0.99999
 0.441048 0.937469 0.996502 0.999815 0.99999
 0.441048 0.937469 0.996502 0.999815 0.99999
 0.441048 0.937469 0.996502 0.999815 0.99999
 0.441048 0.937469 0.996502 0.999815 0.99999
 0.441048 0.937469 0.996502 0.999815 0.99999
 0.441048 0.937469 0.996502 0.999815 0.99999
 0.441048 0.937469 0.996502 0.999815 0.99999
 0.441048 0.937469 0.996502 0.999815 0.99999
 0.441048 0.937469 0.996502 0.999815 0.99999
 0.441048 0.937469 0.996502 0.999815 0.99999
 0.441048 0.937469 0.996502 0.999815 0.99999
 0.441048 0.937469 0.996502 0.999815 0.99999
 0.441048 0.937469 0.996502 0.999815 0.99999
 0.441048 0.937469 0.996502 0.999815 0.99999
 0.441048 0.937469 0.996502 0.999815 0.99999
 0.441048 0.937469 0.996502 0.999815 0.99999
 0.441048 0.937469 0.996502 0.999815 0.99999
 0.441048 0.937469 0.996502 0.999815 0.99999
 0.441048 0.937469 0.996502 0.999815 0.99999
 0.441048 0.937469 0.996502 0.999815 0.99999
 0.441048 0.937469 0.996502 0.999815 0.99999
 0.441048 0.937469 0.996502 0.999815 0.99999
 0.441048 0.937469 0.996502 0.999815 0.99999
 0.441048 0.937469 0.996502 0.999815 0.99999
 0.441048 0.937469 0.996502 0.999815 0.99999
Sel_reclas
 1 1 1 1 1
 1 1 1 1 1
 1 1 1 1 1
 1 1 1 1 1
 1 1 1 1 1
 1 1 1 1 1
 1 1 1 1 1
 1 1 1 1 1
 1 1 1 1 1
 1 1 1 1 1
 1 1 1 1 1
 1 1 1 1 1
 1 1 1 1 1
 1 1 1 1 1
 1 1 1 1 1
 1 1 1 1 1
 1 1 1 1 1
 1 1 1 1 1
 1 1 1 1 1
 1 1 1 1 1
 1 1 1 1 1
 1 1 1 1 1
 1 1 1 1 1
 1 1 1 1 1
 1 1 1 1 1
 1 1 1 1 1
 1 1 1 1 1
 1 1 1 1 1
 1 1 1 1 1
 1 1 1 1 1
 1 1 1 1 1
 1 1 1 1 1
 1 1 1 1 1
Sel_pelaces
 0.738779 0.934354 0.986232 0.997234 0.999449
 0.738779 0.934354 0.986232 0.997234 0.999449
 0.738779 0.934354 0.986232 0.997234 0.999449
 0.738779 0.934354 0.986232 0.997234 0.999449
 0.738779 0.934354 0.986232 0.997234 0.999449
 0.738779 0.934354 0.986232 0.997234 0.999449
 0.738779 0.934354 0.986232 0.997234 0.999449
 0.738779 0.934354 0.986232 0.997234 0.999449
 0.738779 0.934354 0.986232 0.997234 0.999449
 0.738779 0.934354 0.986232 0.997234 0.999449
 0.738779 0.934354 0.986232 0.997234 0.999449
 0.738779 0.934354 0.986232 0.997234 0.999449
 0.738779 0.934354 0.986232 0.997234 0.999449
 0.738779 0.934354 0.986232 0.997234 0.999449
 0.738779 0.934354 0.986232 0.997234 0.999449
 0.738779 0.934354 0.986232 0.997234 0.999449
 0.738779 0.934354 0.986232 0.997234 0.999449
 0.738779 0.934354 0.986232 0.997234 0.999449
 0.738779 0.934354 0.986232 0.997234 0.999449
 0.738779 0.934354 0.986232 0.997234 0.999449
 0.738779 0.934354 0.986232 0.997234 0.999449
 0.738779 0.934354 0.986232 0.997234 0.999449
 0.738779 0.934354 0.986232 0.997234 0.999449
 0.738779 0.934354 0.986232 0.997234 0.999449
 0.738779 0.934354 0.986232 0.997234 0.999449
 0.738779 0.934354 0.986232 0.997234 0.999449
 0.738779 0.934354 0.986232 0.997234 0.999449
 0.738779 0.934354 0.986232 0.997234 0.999449
 0.738779 0.934354 0.986232 0.997234 0.999449
 0.738779 0.934354 0.986232 0.997234 0.999449
 0.738779 0.934354 0.986232 0.997234 0.999449
 0.738779 0.934354 0.986232 0.997234 0.999449
 0.738779 0.934354 0.986232 0.997234 0.999449
pf_obs 
 0.8446 0.082 0.0669 0.0065 0
 0.8095 0.147 0.0364 0.0071 0
 0.9664 0.0169 0.016 0.0007 0
 0.9276 0.0648 0.0075 0.0001 0
 0.7033 0.2144 0.0806 0.0017 0
 0.9318 0.0425 0.0243 0.0014 0
 0.5671 0.3108 0.0964 0.0239 0.0018
 0.0768 0.2599 0.5324 0.112 0.0189
 0.490249 0.384438 0.106611 0.0170017 0.00170017
 0.7925 0.1577 0.0466 0.003 0.0002
 0.840416 0.127587 0.0312969 0.00059994 9.999e-05
 0.8084 0.0986 0.0794 0.0134 0.0002
 0.7335 0.1905 0.0724 0.0035 0.0001
 0.4001 0.4547 0.1325 0.0127 0
 0.49795 0.308269 0.164784 0.0264974 0.00249975
 0.9179 0.0499 0.0305 0.0017 0
 0.2467 0.6533 0.0926 0.0074 0
 0.9418 0.0223 0.034 0.0019 0
 0.707729 0.231977 0.0356964 0.0245975 0
 0.517169 0.277429 0.184464 0.0207286 0.00020938
 0.811772 0.124168 0.05621 0.00726502 0.000585176
 0.764997 0.148141 0.077277 0.00933861 0.000247198
 0.163321 0.427699 0.378323 0.0303852 0.000271297
 0.753843 0.0900009 0.118128 0.0371064 0.000921714
 0.721811 0.176058 0.0630433 0.0369309 0.00215725
 0.143369 0.312575 0.442814 0.0836902 0.0175525
 0.692698 0.0596174 0.167031 0.0765114 0.00414204
 0.394062 0.376323 0.152708 0.0712218 0.00568511
 0.125707 0.32114 0.495352 0.0537591 0.00404204
 0.23352 0.215282 0.420074 0.123614 0.00750983
 0.796117 0.104755 0.0508955 0.0450114 0.00322123
 0.162477 0.292055 0.404252 0.121198 0.0200186
 0 0 0 0 0
pf_pred 
 0.44705 0.16288 0.362544 0.0275246 1.12652e-06
 0.347109 0.426363 0.0700521 0.145473 0.011003
 0.538094 0.262093 0.134152 0.0203661 0.0452944
 0.650004 0.260375 0.0526152 0.0248817 0.0121235
 0.605694 0.329478 0.0493734 0.00909263 0.00636177
 0.710283 0.224065 0.0554688 0.00776283 0.00242058
 0.382958 0.52735 0.0705523 0.0161808 0.00295803
 0.38551 0.386431 0.197514 0.0240536 0.00649104
 0.49536 0.290618 0.137767 0.0660731 0.010182
 0.638035 0.256147 0.062988 0.027612 0.0152174
 0.694508 0.248589 0.0412227 0.00935088 0.00632955
 0.626414 0.310105 0.0522699 0.00813014 0.00308154
 0.452209 0.442751 0.088397 0.0137149 0.00292822
 0.419425 0.398378 0.149675 0.0273894 0.0051319
 0.954098 0.0381525 0.0056467 0.00173134 0.000371902
 0.845027 0.152431 0.00214764 0.000287844 0.000106623
 0.331032 0.629851 0.038538 0.000489138 8.93177e-05
 0.892614 0.0605855 0.0442834 0.00247993 3.70414e-05
 0.698295 0.289878 0.00695816 0.00460777 0.000260472
 0.635388 0.318175 0.044795 0.000968721 0.000673853
 0.670828 0.271226 0.0511367 0.00656965 0.000239662
 0.687654 0.260963 0.0429343 0.00745962 0.000988857
 0.244004 0.643168 0.0955882 0.0144171 0.00282332
 0.643455 0.152258 0.175663 0.0242652 0.00435883
 0.589607 0.333651 0.0341888 0.0366115 0.00594127
 0.313484 0.5274 0.131136 0.0124927 0.0154865
 0.667648 0.168281 0.128047 0.0297097 0.00631415
 0.615516 0.317862 0.0349729 0.0247222 0.00692689
 0.334349 0.521601 0.120553 0.0123581 0.0111399
 0.439606 0.294448 0.211395 0.0456804 0.00887048
 0.491521 0.327474 0.0982969 0.0657959 0.0169132
 0.395164 0.428196 0.117089 0.0324065 0.0271448
 0.707677 0.176558 0.0836991 0.0212843 0.0107812
pobs_RECLAS
 0 0 0 0 0
 0 0 0 0 0
 0 0 0 0 0
 0 0 0 0 0
 0 0 0 0 0
 0 0 0 0 0
 0 0 0 0 0
 0 0 0 0 0
 0 0 0 0 0
 0 0 0 0 0
 0.991045 0.00858322 0.000360255 1.14367e-05 0
 0.934742 0.0480273 0.0164251 0.00080598 0
 0.827803 0.169806 0.00239088 0 0
 0.941827 0.0461693 0.0120037 0 0
 0.791401 0.0380133 0.147996 0.0225897 0
 0.846168 0.0940531 0.0597789 0 0
 0.134021 0.677848 0.182769 0.00536245 0
 0.80878 0.0450904 0.141981 0.00414843 0
 0.846168 0.0940531 0.0597789 0 0
 0.905697 0.0802665 0.012482 0.00150086 5.37128e-05
 0.989698 0.0102097 9.19794e-05 0 0
 0.975433 0.0193895 0.00387452 0.00125025 5.28907e-05
 0.303575 0.632131 0.0575291 0.00676475 0
 0.966965 0.00978017 0.0227588 0.000495775 0
 0.843318 0.132988 0.00938335 0.0141283 0.000182051
 0.564624 0.303363 0.111486 0.0197234 0.00080311
 0.826376 0.0876187 0.0782897 0.00655872 0.00115652
 0.89761 0.0855135 0.0140674 0.00269457 0.000114338
 0.34875 0.467042 0.161289 0.0227151 0.000203297
 0.318654 0.224769 0.449479 0.00709798 0
 0.937255 0.0296025 0.0250945 0.00804832 0
 0.456809 0.399803 0.12412 0.0192676 0
 0.883104 0.0372192 0.0704036 0.00927362 0
ppred_RECLAS
 0.64579 0.10905 0.227915 0.0172443 7.05645e-07
 0.543965 0.30472 0.046908 0.097066 0.00734031
 0.724219 0.160949 0.0771903 0.011677 0.0259649
 0.809866 0.14396 0.0271512 0.0127914 0.00623134
 0.769775 0.194343 0.0273508 0.00501975 0.0035115
 0.844348 0.122121 0.0283455 0.00395305 0.0012324
 0.586183 0.357187 0.0445829 0.0101862 0.00186176
 0.57864 0.271059 0.13023 0.0158063 0.00426469
 0.688387 0.184467 0.0819482 0.0391634 0.00603406
 0.798193 0.145575 0.0335216 0.0146423 0.00806809
 0.831145 0.138981 0.0216627 0.0048974 0.00331443
 0.78913 0.176979 0.0279234 0.00432763 0.00163998
 0.649745 0.286676 0.0535365 0.00827601 0.00176664
 0.69454 0.21687 0.0728583 0.0132499 0.0024818
 0.979569 0.0171822 0.00236957 0.000723733 0.00015543
 0.926472 0.0724058 0.000948879 0.000126673 4.69123e-05
 0.525594 0.448379 0.0256429 0.000324272 5.92013e-05
 0.951247 0.0283495 0.0193107 0.00107726 1.60872e-05
 0.842647 0.151609 0.00338513 0.0022328 0.000126191
 0.797847 0.17791 0.0233892 0.000503917 0.000350461
 0.819483 0.150435 0.0265575 0.00339969 0.000123998
 0.832056 0.141847 0.021819 0.00377706 0.000500595
 0.414287 0.502975 0.0701324 0.010541 0.00206388
 0.802895 0.0873009 0.0944655 0.0130035 0.00233543
 0.759398 0.197965 0.0190319 0.0203099 0.00329526
 0.499868 0.38978 0.0910037 0.00863981 0.0107083
 0.818345 0.0949136 0.0677482 0.0156644 0.00332852
 0.777851 0.18568 0.0191759 0.0135088 0.00378432
 0.522721 0.379014 0.0822826 0.00840631 0.00757627
 0.635753 0.19717 0.1329 0.02862 0.00555658
 0.685438 0.207397 0.0582932 0.0388794 0.00999227
 0.590569 0.295266 0.0757669 0.0208974 0.0175012
 0.849001 0.0937265 0.0414529 0.0105014 0.0053182
pobs_PELACES
 0 0 0 0 0
 0 0 0 0 0
 0 0 0 0 0
 0 0 0 0 0
 0 0 0 0 0
 0 0 0 0 0
 0 0 0 0 0
 0 0 0 0 0
 0 0 0 0 0
 0 0 0 0 0
 0 0 0 0 0
 0 0 0 0 0
 0 0 0 0 0
 0 0 0 0 0
 0 0 0 0 0
 0 0 0 0 0
 0.505614 0.472636 0.0217494 0 0
 0 0 0 0 0
 0.443492 0.261883 0.143347 0.151278 0
 0.227955 0.32914 0.350689 0.0885471 0.00366901
 0.970185 0.0296113 0.000203453 0 0
 0.997202 0.00247181 0.000326279 0 0
 0.445219 0.490057 0.0546422 0.010081 0
 0.90214 0.0892962 0.00764917 0.000914606 0
 0 0 0 0 0
 0.581667 0.319106 0.0959925 0.00289975 0.000334073
 0.762889 0.0836404 0.116647 0.0363945 0.000428098
 0.88444 0.0763242 0.0277011 0.0115352 0
 0.521256 0.241999 0.230069 0.00667565 0
 0.616807 0.101726 0.260614 0.0208532 0
 0.833518 0.0704572 0.0857862 0.0102388 0
 0.697417 0.212968 0.0787535 0.0105354 0.000325836
 0 0 0 0 0
ppred_PELACES
 0.594317 0.120715 0.264721 0.0202457 8.30289e-07
 0.50404 0.325801 0.0523635 0.109497 0.00829846
 0.69026 0.177201 0.0887419 0.013566 0.0302314
 0.794599 0.153961 0.0301127 0.0143307 0.00699633
 0.73304 0.223517 0.0330216 0.00612627 0.004295
 0.821253 0.138821 0.0336932 0.00474873 0.00148371
 0.56513 0.373381 0.0482996 0.011147 0.00204179
 0.521928 0.301723 0.152566 0.0187208 0.00506222
 0.651632 0.202219 0.0938341 0.0453174 0.00699752
 0.773399 0.161316 0.0387425 0.0171001 0.00944295
 0.798144 0.16452 0.0269848 0.00616759 0.0041833
 0.765763 0.195203 0.0320985 0.00502661 0.00190902
 0.620934 0.307879 0.0598418 0.00934654 0.00199951
 0.751676 0.176625 0.0588826 0.0107903 0.00202522
 0.978097 0.0183112 0.00261222 0.000805832 0.000173437
 0.923378 0.0754135 0.00101976 0.000137479 5.1024e-05
 0.498501 0.472957 0.0281172 0.000359219 6.57241e-05
 0.947323 0.0301859 0.0212741 0.00119869 1.79392e-05
 0.836453 0.157369 0.00362589 0.00241522 0.000136795
 0.781684 0.191257 0.0260954 0.000567956 0.000395856
 0.797793 0.167282 0.0307959 0.00398353 0.00014561
 0.815117 0.155147 0.0248191 0.00434071 0.000576552
 0.372676 0.535015 0.0781146 0.0118664 0.00232849
 0.771459 0.0985898 0.111627 0.0155296 0.00279524
 0.725496 0.223736 0.022524 0.0242938 0.00395031
 0.451002 0.423059 0.103639 0.00994582 0.0123542
 0.788643 0.107891 0.0806155 0.0188387 0.00401182
 0.744059 0.212048 0.0229571 0.0163466 0.00458937
 0.471845 0.414946 0.0946126 0.00977109 0.00882573
 0.587045 0.218397 0.154408 0.0336106 0.00653989
 0.652283 0.225562 0.0661176 0.0445598 0.0114772
 0.54481 0.323588 0.0869948 0.0242517 0.0203551
 0.836315 0.100102 0.0458827 0.0117412 0.00595896
pobs_pel_tallas
 0 0 0 0 0 0 0 0 0 0 0 0 0 0 0 0 0 0 0 0 0 0 0 0 0 0
 0 0 0 0 0 0 0 0 0 0 0 0 0 0 0 0 0 0 0 0 0 0 0 0 0 0
 0 0 0 0 0 0 0 0 0 0 0 0 0 0 0 0 0 0 0 0 0 0 0 0 0 0
 0 0 0 0 0 0 0 0 0 0 0 0 0 0 0 0 0 0 0 0 0 0 0 0 0 0
 0 0 0 0 0 0 0 0 0 0 0 0 0 0 0 0 0 0 0 0 0 0 0 0 0 0
 0 0 0 0 0 0 0 0 0 0 0 0 0 0 0 0 0 0 0 0 0 0 0 0 0 0
 0 0 0 0 0 0 0 0 0 0 0 0 0 0 0 0 0 0 0 0 0 0 0 0 0 0
 0 0 0 0 0 0 0 0 0 0 0 0 0 0 0 0 0 0 0 0 0 0 0 0 0 0
 0 0 0 0 0 0 0 0 0 0 0 0 0 0 0 0 0 0 0 0 0 0 0 0 0 0
 0 0 0 0 0 0 0 0 0 0 0 0 0 0 0 0 0 0 0 0 0 0 0 0 0 0
 0 0 0 0 0 0 0 0 0 0 0 0 0 0 0 0 0 0 0 0 0 0 0 0 0 0
 0 0 0 0 0 0 0 0 0 0 0 0 0 0 0 0 0 0 0 0 0 0 0 0 0 0
 0.00862536 0 0 0.000197151 0.00414017 0.0128641 0.00837892 0.0270097 0.101434 0.158115 0.152841 0.127902 0.109271 0.109419 0.0830992 0.0579132 0.0238553 0.00714673 0.00463305 0.00128148 0.00103504 0.000492878 0.000147863 0.000147863 4.92878e-05 0
 0 0 0 0 0 0 0 0 0 0 0 0 0 0 0 0 0 0 0 0 0 0 0 0 0 0
 0 0 0 0 0 0 0 0.0054083 0.00873648 0.0413646 0.0450493 0.0745869 0.0622846 0.0627006 0.0613931 0.0827291 0.12552 0.122667 0.0946155 0.0697135 0.0546179 0.0294188 0.0215738 0.0213955 0.0102223 0.00600262
 0 0 0 0 0.00359764 0.0251062 0.0480494 0.140153 0.205849 0.193036 0.1447 0.116669 0.0760912 0.0342217 0.00950174 0.001854 0.000860785 0 0 0 0.000165536 0 0.000143464 0 0 0
 0 0 0 0 0 0 0 0.000145254 0.000435761 0.0275982 0.070085 0.0708112 0.156366 0.174668 0.174014 0.160142 0.0824315 0.0480064 0.0283245 0.00493863 0.00203355 0 0 0 0 0
 0 0 0 0 0 0 0 0 0 0 0 0 0 0 0 0 0 0 0 0 0 0 0 0 0 0
 0 0 1.00437e-05 0.000401748 0.00122533 0.00171747 0.00176769 0.0269171 0.070346 0.194647 0.189555 0.159765 0.064822 0.0314167 0.0384472 0.0292271 0.0345202 0.0313363 0.0194345 0.0106764 0.0143323 0.0359363 0.0279516 0.0138201 0.00172751 0
 0 0.0021121 0.0136068 0.0755702 0.200478 0.177729 0.0527432 0.0373336 0.0318909 0.0142505 0.0149659 0.0166563 0.0217959 0.0798694 0.0677717 0.0528807 0.04013 0.0224614 0.0357745 0.0225083 0.00881397 0.00855152 0.00135912 0.000746735 0 0
 0 0 0 0 5.4009e-05 0.00500934 0.000945158 0.0243581 0.138947 0.33067 0.221406 0.137944 0.0707744 0.0437923 0.0131692 0.00525238 0.0047753 0.00276346 9.45158e-05 9.00151e-06 2.25038e-05 9.00151e-06 4.50075e-06 0 0 0
 0.000866109 0.00284123 0.00948549 0.0512746 0.133035 0.25785 0.225252 0.132002 0.0553304 0.0519788 0.0540692 0.017754 0.00435017 0.00159236 0.00146478 0.000404838 0.000125132 0.000115318 0.000107957 0.000100596 0 0 0 0 0 0
 0 0 0 0 0.00144013 0.00171154 0.00461396 0.0210425 0.0478622 0.0707936 0.0888783 0.103762 0.0637923 0.0337046 0.0602308 0.124433 0.169614 0.0934646 0.0462172 0.0250306 0.0313229 0.00938855 0.002487 0.000210481 0 0
 0 0.00764035 0.051015 0.0998891 0.058973 0.0496711 0.0374665 0.0718981 0.12319 0.153886 0.159021 0.0857701 0.0377988 0.023471 0.0147837 0.00900784 0.00315554 0.000888139 0.00291439 0.00214683 0.00393193 0.00274676 0.000635225 9.99891e-05 0 0
 0 0 0 0 0 0 0 0 0 0 0 0 0 0 0 0 0 0 0 0 0 0 0 0 0 0
 0 0 0 0 0 0 0 0 0 0 0 0 0 0 0 0 0 0 0 0 0 0 0 0 0 0
 0 0 0 0 0 0 0 0 0 0 0 0 0 0 0 0 0 0 0 0 0 0 0 0 0 0
 0 0 0 0 0 0 0 0 0 0 0 0 0 0 0 0 0 0 0 0 0 0 0 0 0 0
 0 0 0 0 0 0 0 0 0 0 0 0 0 0 0 0 0 0 0 0 0 0 0 0 0 0
 0 0 0 0 0 0 0 0 0 0 0 0 0 0 0 0 0 0 0 0 0 0 0 0 0 0
 0 0 0 0 0 0 0 0 0 0 0 0 0 0 0 0 0 0 0 0 0 0 0 0 0 0
 0 0 0 0 0 0 0 0 0 0 0 0 0 0 0 0 0 0 0 0 0 0 0 0 0 0
 0 0 0 0 0 0 0 0 0 0 0 0 0 0 0 0 0 0 0 0 0 0 0 0 0 0
ppred_pel_tallas
 1.09701e-16 4.89532e-05 0.000475842 0.00316214 0.0143746 0.0447249 0.0952915 0.139083 0.139095 0.0953505 0.0449239 0.0149543 0.00463579 0.00375433 0.00645525 0.0110625 0.0170189 0.0236617 0.0302647 0.0363611 0.0417793 0.0462945 0.0492723 0.0497578 0.0470293 0.0411674
 1.1398e-16 4.15172e-05 0.000403562 0.00268181 0.0121912 0.0379314 0.0808179 0.117963 0.117994 0.0809716 0.0384475 0.0136828 0.00642877 0.00859299 0.0156254 0.0258524 0.0374566 0.0476071 0.0534934 0.053942 0.0501573 0.044882 0.0406332 0.0383761 0.037439 0.0363876
 1.09083e-16 5.68558e-05 0.000552659 0.00367261 0.0166952 0.051945 0.110675 0.161537 0.161554 0.110759 0.0522274 0.0175124 0.00572915 0.00505965 0.00866838 0.0143776 0.0210298 0.0271332 0.0312033 0.0325671 0.0317267 0.029915 0.0282195 0.0269874 0.0258752 0.0243214
 1.0353e-16 6.54501e-05 0.000636198 0.00422776 0.0192188 0.0597969 0.127404 0.185953 0.185968 0.127477 0.0600407 0.0199233 0.00599703 0.00450158 0.00741571 0.0121808 0.0176005 0.0222641 0.024784 0.0245336 0.022016 0.0185033 0.0152449 0.0128625 0.0112867 0.0100979
 1.02352e-16 6.03796e-05 0.000586911 0.00390023 0.0177299 0.0551644 0.117534 0.171549 0.171571 0.11764 0.0555179 0.018751 0.00646332 0.00618249 0.0106884 0.0175771 0.0253206 0.0318536 0.0351108 0.0341379 0.0296511 0.0235396 0.0177257 0.0132732 0.0102582 0.00821276
 1.01736e-16 6.76456e-05 0.000657539 0.00436958 0.0198635 0.0618027 0.131678 0.19219 0.192204 0.131743 0.0620227 0.0204991 0.00596617 0.00414635 0.00670356 0.0110013 0.0159015 0.0201212 0.022395 0.0221302 0.0197395 0.0163277 0.0129993 0.0103363 0.00835185 0.00678222
 1.02953e-16 4.65491e-05 0.000452474 0.00300685 0.0136687 0.0425287 0.0906132 0.13226 0.132296 0.090789 0.0431189 0.0153735 0.0072858 0.00979218 0.0177805 0.029311 0.0421947 0.0530084 0.0582887 0.0564308 0.0486365 0.0380865 0.0280353 0.0203107 0.0150842 0.0116007
 1.07214e-16 4.29905e-05 0.000417883 0.00277698 0.0126238 0.0392774 0.0836858 0.122148 0.122177 0.0838288 0.0397582 0.0140145 0.00627627 0.0080844 0.0146837 0.0244171 0.0356582 0.0458577 0.0524071 0.0540464 0.051504 0.0467862 0.0417483 0.03714 0.0327054 0.0279338
 1.08489e-16 5.36741e-05 0.000521731 0.00346709 0.0157609 0.0490381 0.104482 0.152498 0.152518 0.104577 0.0493603 0.016693 0.00581261 0.00566127 0.00987166 0.0163859 0.0239573 0.0308893 0.0354868 0.0369822 0.0359462 0.0337746 0.0316826 0.03003 0.0283972 0.0261532
 1.04473e-16 6.37039e-05 0.000619224 0.00411496 0.018706 0.0582015 0.124005 0.180992 0.181008 0.124081 0.0584572 0.0194451 0.00597162 0.00467755 0.00778682 0.0128141 0.0185533 0.0235481 0.026363 0.0263513 0.0240316 0.0207049 0.0176274 0.0153902 0.0138726 0.0126135
 1.02148e-16 6.57421e-05 0.000639037 0.00424663 0.0193046 0.0600637 0.127973 0.186783 0.186799 0.12805 0.060324 0.0200565 0.00613435 0.00476105 0.00789743 0.0129606 0.0186841 0.0235389 0.0260125 0.0254081 0.0222521 0.0179234 0.0138151 0.0106821 0.00855427 0.00707076
 1.01804e-16 6.30749e-05 0.00061311 0.00407434 0.0185213 0.0576269 0.122781 0.179206 0.179225 0.122873 0.0579357 0.0194134 0.00631378 0.0055028 0.00935228 0.0153685 0.0221489 0.027885 0.0307738 0.0299769 0.0261073 0.0207949 0.0156979 0.0117338 0.0089747 0.00703652
 1.03082e-16 5.11455e-05 0.000497153 0.00330376 0.0150184 0.046728 0.0995601 0.145317 0.145347 0.0997052 0.0472154 0.0164264 0.00683921 0.00821891 0.0147273 0.0242951 0.0350593 0.0442235 0.0489615 0.0479524 0.0421412 0.0340506 0.0262315 0.0200723 0.0156585 0.0123989
 1.0317e-16 6.19146e-05 0.000601832 0.00399939 0.0181806 0.0565668 0.120522 0.175909 0.175926 0.120606 0.0568473 0.0189913 0.00603692 0.00505845 0.00855122 0.0141051 0.0204673 0.0260599 0.0293072 0.0294666 0.0270337 0.023334 0.0196552 0.0166175 0.0141587 0.0119354
 1.00191e-16 8.05646e-05 0.000783116 0.00520408 0.023657 0.0736058 0.156825 0.228891 0.228893 0.156834 0.0736347 0.0237407 0.00541405 0.00124148 0.000951154 0.0014451 0.00207427 0.00260908 0.00287591 0.00279655 0.00242996 0.00193106 0.00145719 0.00109489 0.000849524 0.000681919
 1.00072e-16 7.60575e-05 0.000739306 0.00491295 0.0223335 0.069488 0.148052 0.216087 0.216095 0.148087 0.0696069 0.0226768 0.00577386 0.00261611 0.00363287 0.00586558 0.00839542 0.0104588 0.0113347 0.0106929 0.00879237 0.0063186 0.00399198 0.00224554 0.00115516 0.000571664
 1.0098e-16 4.10609e-05 0.000399127 0.00265234 0.0120572 0.0375146 0.0799306 0.116671 0.116716 0.080153 0.0382612 0.0142125 0.00805924 0.0121915 0.0224047 0.0368893 0.0529349 0.0661392 0.0720377 0.0685606 0.0572788 0.0423824 0.0282469 0.0174647 0.0104601 0.00634172
 1.00745e-16 7.80298e-05 0.000758477 0.00504035 0.0229127 0.0712899 0.151891 0.22169 0.221693 0.151905 0.0713382 0.0230525 0.00539249 0.00153133 0.00155791 0.00248339 0.00364244 0.00473057 0.00548909 0.00578961 0.00568855 0.00535546 0.00493802 0.00448131 0.00395216 0.0033194
 1.00411e-16 6.88976e-05 0.000669709 0.00445045 0.0202311 0.0629466 0.134115 0.195748 0.195763 0.134189 0.0631948 0.0209477 0.00624769 0.00458826 0.00749674 0.0122474 0.0175491 0.0218855 0.0237641 0.0225005 0.0186351 0.0135912 0.00885656 0.00531434 0.00310267 0.00189694
 1.00926e-16 6.43863e-05 0.000625858 0.00415904 0.0189064 0.058825 0.125334 0.182932 0.18295 0.125424 0.0591274 0.0197797 0.00635082 0.00540975 0.00914744 0.0150139 0.0216045 0.0271285 0.0298005 0.0287863 0.0246882 0.019127 0.013774 0.00958802 0.00669616 0.00475777
 1.01356e-16 6.57132e-05 0.000638755 0.00424475 0.019296 0.0600372 0.127916 0.186701 0.186717 0.127995 0.060302 0.0200608 0.00616494 0.00483206 0.00803396 0.013189 0.0190181 0.0239663 0.0264892 0.0258648 0.0226062 0.018091 0.0137193 0.0102645 0.00779198 0.00599385
 1.01289e-16 6.71401e-05 0.000652626 0.00433693 0.0197151 0.0613409 0.130694 0.190755 0.19077 0.130767 0.0615864 0.020424 0.00611656 0.00453817 0.00744815 0.0122112 0.0175935 0.0221421 0.0244212 0.0237628 0.0206541 0.0163921 0.0122987 0.00910806 0.00688278 0.00532213
 1.03976e-16 3.06969e-05 0.000298385 0.00198288 0.0090139 0.0280459 0.0597566 0.0872273 0.0872789 0.0600086 0.0288919 0.0114576 0.0081169 0.013689 0.0254616 0.0420431 0.0605564 0.0761351 0.0838229 0.0813114 0.0702933 0.0552801 0.0408866 0.0297046 0.021991 0.0167153
 1.05278e-16 6.3544e-05 0.000617671 0.00410464 0.0186591 0.0580554 0.123694 0.180536 0.180546 0.123741 0.0582146 0.0191208 0.00527099 0.00318868 0.00501918 0.00838718 0.0125189 0.0166669 0.0200861 0.0223915 0.0236943 0.0243421 0.0245091 0.024024 0.022562 0.0199863
 1.03813e-16 5.97582e-05 0.000580871 0.00386009 0.0175474 0.0545967 0.116325 0.169784 0.169806 0.11643 0.0549503 0.0185688 0.00642361 0.00617628 0.0106846 0.0175655 0.0252927 0.0318041 0.0350501 0.0341123 0.0297614 0.0239419 0.0186011 0.0147664 0.0124069 0.0109048
 1.06188e-16 3.71486e-05 0.000361097 0.00239962 0.0109083 0.0339401 0.0723146 0.105554 0.105595 0.0725142 0.0346106 0.0128456 0.0072656 0.0109943 0.0202629 0.0335216 0.0484752 0.0613528 0.0683148 0.0675638 0.060367 0.0501006 0.0401355 0.0322409 0.0264376 0.0218877
 1.04923e-16 6.49595e-05 0.00063143 0.00419607 0.0190747 0.0593487 0.126449 0.184558 0.184569 0.1265 0.0595215 0.0195754 0.00545788 0.00340326 0.00537999 0.00892454 0.0131617 0.0172058 0.0201855 0.0216828 0.0219222 0.021495 0.0208615 0.0200636 0.0188355 0.0169316
 1.03133e-16 6.12872e-05 0.000595734 0.00395886 0.0179964 0.0559936 0.119301 0.174128 0.174148 0.119401 0.0563288 0.0189644 0.00638845 0.00589872 0.0101304 0.0166456 0.0239631 0.0301197 0.0331641 0.0322137 0.0279863 0.0223178 0.0170603 0.0132121 0.0107848 0.00923742
 1.0531e-16 3.88653e-05 0.000377785 0.00251051 0.0114125 0.0355086 0.0756563 0.110431 0.110471 0.075852 0.0361659 0.0133117 0.00728049 0.0107993 0.0198565 0.0328309 0.047442 0.0599732 0.0666425 0.065679 0.058334 0.0479483 0.0378747 0.0298996 0.0240832 0.0196202
 1.0899e-16 4.83542e-05 0.00047002 0.00312345 0.0141987 0.0441777 0.094126 0.137384 0.137405 0.0942299 0.0445272 0.015211 0.00567403 0.00607037 0.0107797 0.0179937 0.0264991 0.034546 0.0403518 0.0430567 0.0431245 0.041793 0.0400635 0.038102 0.0354379 0.0316058
 1.08377e-16 5.37278e-05 0.000522253 0.00347056 0.0157767 0.0490871 0.104586 0.152651 0.152673 0.104693 0.0494453 0.0168119 0.00607273 0.00621463 0.0108999 0.0180295 0.0261949 0.0334352 0.0377984 0.038421 0.0360297 0.0323815 0.0291016 0.0268383 0.0252464 0.0235657
 1.08471e-16 4.48754e-05 0.000436205 0.00289873 0.0131772 0.0409995 0.0873549 0.127504 0.127535 0.0875076 0.0415127 0.0146605 0.0066255 0.00858377 0.0155542 0.0257374 0.0372951 0.0473774 0.0531069 0.0531694 0.0485705 0.0418748 0.0355668 0.0308291 0.0274614 0.0246173
 1.03536e-16 6.88862e-05 0.000669598 0.00444972 0.0202278 0.0629362 0.134093 0.195714 0.195724 0.13414 0.0630956 0.0206889 0.00560973 0.00321056 0.00492015 0.00809205 0.0118081 0.0151821 0.0173559 0.0179324 0.017184 0.0158086 0.0144384 0.0133063 0.0122705 0.0110745
pSPR Fmed_Fpbrs
1   0.984161 0.6 0.325 0.984161 0.984161 0.984161
Fs Fmed_Fpbrs
0   0.01 0.36771 0.958593 0.01 0.01 0.01
SSBpbr Bo_Bmed_Bpbrs
568478  540054  531050 312663 156331 531050 531050 531050
Ro
120165
SPR SPRFo_SPRFmed_SPRFpbrs
865707 865707 851996
Fref
0
Nvult_r0
 74998.2 11707 5375.06 1364.51 691.106
CTP_r0
 21980.9 5484.03 2599.75 661.106 334.87
YTP_r0
356519
Np
 99076 36448 13408.5 4932.7 2482.21
Nvult_p0
 62627.9 23039.5 8475.77 3118.06 1569.05
CTP_p0
 0 0 0 0 0
 0 0 0 0 0
 0 0 0 0 0
 0 0 0 0 0
 0 0 0 0 0
 0 0 0 0 0
YTP_p0
 0 0 0 0 0 0
CBA_c0
0
log_Ro
11.5166
likeval ReclasPelacesDesembMPH_pf_preclas_ppelaces_ptallas_desvR_qrecl_qpela
 0.00036444 15.3421 0.0318017 44.0877 240.632 140.331 118.834 0 21.556 1.43441e-05 5.42558e-05 0.0861347 2064.36 0 0
q_reclas_q_pelaces
1.7085 2.834
M
1
N
 163584 29804.7 62857.8 4758.29 0.194717
 81676.6 52576.4 8228.38 17042.7 1288.86
 92063.9 23471.6 11442.2 1732.52 3852.6
 119173 26535.4 5140.5 2425.43 1181.64
 108525 29380.8 4169.38 765.574 535.56
 216332 35264.4 8302.53 1158.79 361.277
 83630 64345.7 8257.31 1889.54 345.388
 41810 20327.1 9809.4 1190.89 321.316
 47015.8 14398.1 6498.58 3108.47 478.957
 64231.1 13643.8 3199.25 1398.86 770.832
 103667 18021.7 2822.02 638.154 431.892
 134994 35592.5 5724.8 888.201 336.607
 70593.3 37252.5 7106.56 1099.89 234.804
 27554.4 18894.1 6969.96 1274.22 238.736
 110440 2505.23 356.22 108.986 23.4083
 246544 25727.4 348.95 46.6739 17.2871
 52347.9 54261.7 3175.97 40.2145 7.34233
 354412 13623.2 9564.78 534.487 7.98243
 345623 82953 1916.75 1266.7 71.5977
 275536 76195.4 10276.8 221.731 154.22
 322808 69150.4 12433.8 1593.32 58.1169
 438351 90266.2 14200.2 2461.27 326.228
 85755.2 115281 16270.2 2447.11 479.15
 216637 26322.7 28861.7 3975.86 714.092
 226797 65421.6 6365.64 6797.67 1102.96
 82855.3 69698.4 16420.2 1559.71 1933.18
 206641 26637.7 19254.1 4454.98 946.672
 241869 63006.3 6574.89 4634.48 1298.33
 98611.8 76185.8 16665 1703.28 1535.13
 96450.2 32408.8 22054 4751.86 922.602
 87228.2 30772.1 8808.49 5880.96 1511.53
 44438.4 24428.7 6339.67 1749.67 1465.36
 99076 13811.9 6280.54 1593.55 807.085
pred_Ctot
 13208.8 4812.52 10711.9 813.254 0.0332848
 11528 14160.2 2326.54 4831.39 365.427
 12853 6260.41 3204.39 486.47 1081.91
 25665.4 10280.9 2077.51 982.451 478.695
 8087.92 4399.56 659.289 121.415 84.9496
 26641.6 8404.32 2080.55 291.171 90.7919
 18548.4 25541.9 3417.16 783.711 143.27
 1698.13 1702.19 870.031 105.954 28.5924
 6398.16 3753.68 1779.43 853.412 131.513
 9850.09 3954.44 972.419 426.278 234.929
 4396.94 1573.82 260.982 59.2006 40.0725
 21826.3 10805.1 1821.25 283.281 107.371
 12476.3 12215.4 2438.85 378.39 80.7889
 14602.4 13869.6 5210.96 953.565 178.668
 26567.7 1062.39 157.238 48.2107 10.356
 65256.3 11771.3 165.849 22.2284 8.23383
 9957.43 18945.9 1159.22 14.7133 2.68667
 84527.9 5737.27 4193.51 234.842 3.50771
 91240.5 37876 909.166 602.059 34.0337
 57094 28590.2 4025.14 87.0463 60.5504
 50055.2 20238.1 3815.67 490.208 17.8829
 81186.3 30810 5068.93 880.702 116.747
 9111.37 24016.6 3569.37 538.349 105.426
 24925.6 5898.03 6804.68 939.966 168.849
 23950.3 13553.2 1388.78 1487.19 241.339
 6676.46 11232.3 2792.89 266.065 329.824
 22704.7 5722.74 4354.49 1010.34 214.725
 22261.8 11496.3 1264.89 894.145 250.529
 6708.63 10465.8 2418.86 247.963 223.519
 8187.58 5484.03 3937.2 850.79 165.211
 13458.6 8966.76 2691.53 1801.6 463.111
 4417.95 4787.25 1309.06 362.306 303.48
 21980.9 5484.03 2599.75 661.106 334.87
F
 0.13506 0.287077 0.305155 0.306169 0.306223
 0.246974 0.524956 0.558012 0.559868 0.559966
 0.244004 0.518643 0.551302 0.553135 0.553232
 0.400231 0.85071 0.904279 0.907286 0.907445
 0.124101 0.263783 0.280393 0.281325 0.281375
 0.212546 0.451777 0.480225 0.481822 0.481906
 0.414447 0.880929 0.9364 0.939514 0.939679
 0.06604 0.140371 0.14921 0.149707 0.149733
 0.237199 0.504177 0.535925 0.537707 0.537801
 0.27091 0.575832 0.612092 0.614128 0.614235
 0.06905 0.146769 0.156011 0.15653 0.156557
 0.28751 0.611116 0.649598 0.651758 0.651872
 0.318087 0.67611 0.718685 0.721075 0.721201
 1.39778 2.97105 3.15814 3.16864 3.1692
 0.45692 0.971206 1.03236 1.0358 1.03598
 0.513723 1.09194 1.1607 1.16456 1.16477
 0.346137 0.735732 0.782061 0.784662 0.784799
 0.452187 0.961145 1.02167 1.02507 1.02525
 0.512048 1.08838 1.15692 1.16077 1.16097
 0.382433 0.812881 0.864068 0.866941 0.867093
 0.274295 0.583028 0.619741 0.621802 0.621911
 0.335643 0.713425 0.75835 0.760871 0.761004
 0.181064 0.384861 0.409096 0.410456 0.410528
 0.197369 0.419518 0.445935 0.447418 0.447496
 0.179877 0.382338 0.406414 0.407766 0.407837
 0.134766 0.286452 0.30449 0.305503 0.305556
 0.18775 0.399072 0.424201 0.425612 0.425686
 0.15522 0.329927 0.350703 0.351869 0.35193
 0.112761 0.239679 0.254771 0.255619 0.255663
 0.142416 0.302713 0.321775 0.322845 0.322901
 0.272769 0.579783 0.616292 0.618341 0.61845
 0.168569 0.358303 0.380865 0.382131 0.382198
 0.4146 0.881252 0.936744 0.939859 0.940024
YTP_r0W_actual
 165736 95696.2 62576.1 20705.8 11804.2
YTP_p0W_proyectada
 0 0 0 0 0
 0 0 0 0 0
 0 0 0 0 0
 0 0 0 0 0
 0 0 0 0 0
 0 0 0 0 0
CTP_r0_actual
 21980.9 5484.03 2599.75 661.106 334.87
CTP_p0_proyectada
 0 0 0 0 0
 0 0 0 0 0
 0 0 0 0 0
 0 0 0 0 0
 0 0 0 0 0
 0 0 0 0 0
Wmedp
 7.54 17.45 24.07 31.32 35.25
Frms_r0
 0.4146 0.881252 0.936744 0.939859 0.940024
Zrms_r0
 1.4146 1.88125 1.93674 1.93986 1.94002
nmprior
 7.29 8.9 8.7 0
nm_flota  nm_reclas  nm_pelaces    nm_pelaL
inf 11.6593 17.427 54.6653
cv_recla  cv_pelaces  cv_mph
0.55109 0.429075 0.532373
 ------------------------------------------------
Talla a la edad & desviaci?n 
 8 13.2811 15.8009 17.003 17.5766
 0.8 1.32811 1.58009 1.7003 1.75766
