years
 1991 1992 1993 1994 1995 1996 1997 1998 1999 2000 2001 2002 2003 2004 2005 2006 2007 2008 2009 2010 2011 2012 2013 2014 2015 2016 2017 2018 2019 2020 2021 2022 2023
reclasobs
 0 0 0 0 0 0 0 0 0 252601 567819 844713 477998 351125 339783 2.1784e+06 2.13404e+06 4.81314e+06 1.55562e+06 2.62356e+06 3.21686e+06 3.843e+06 1.13348e+06 3.07943e+06 1.97215e+06 2.03268e+06 2.025e+06 2.42433e+06 2.27542e+06 1.05018e+06 2.36338e+06 3.18982e+06 1.53035e+06
reclaspred
 3.22148e+06 1.73807e+06 916591 1.02115e+06 1.13284e+06 2.06501e+06 1.35052e+06 1.3732e+06 1.14927e+06 945291 921326 996686 708665 182208 753266 1.13505e+06 897817 1.85017e+06 1.86843e+06 1.71056e+06 3.16405e+06 2.65731e+06 2.11519e+06 3.05005e+06 2.38007e+06 2.1314e+06 2.56871e+06 2.86326e+06 2.44808e+06 1.84957e+06 1.44364e+06 1.26212e+06 1.26587e+06
pelacesobs
 0 0 0 0 0 0 0 0 0 0 0 0 0 0 0 552880 188675 0 991730 2.46772e+06 1.41603e+06 1.21717e+06 2.29649e+06 1.80582e+06 0 1.4828e+06 1.56532e+06 1.57751e+06 1.42118e+06 867257 1.10002e+06 1.06204e+06 0
pelacespred
 1.96648e+06 1.15677e+06 584042 528012 642266 1.2157e+06 750024 954672 779806 619455 623523 553061 412768 76504.2 454559 557891 448855 1.02034e+06 1.05374e+06 867475 1.75582e+06 1.53202e+06 1.29169e+06 2.00683e+06 1.50831e+06 1.36552e+06 1.86247e+06 1.85475e+06 1.49328e+06 1.27637e+06 867454 772840 730832
mphobs
 0 0 0 0 0 0 0 0 0 0 0 0 498337 0 5186 125008 0 168611 109162 213762 579715 649985 157893 87575 83554 210694 70296 0 107559 103333 445601 22526 28222
mphpred
 743917 500592 237435 140818 170480 220634 330814 220775 220388 185015 137046 170980 158090 67402 11581.7 104460 176595 134144 231769 324097 445701 557608 112193 95778.6 132855 112096 95803.5 108008 155880 120377 74732.7 63994.2 39158.7
desembarqueobs
 494567 514787 250237 358949 120608 361735 552515 73892 212993 205616 52469 317467 293654 387597 252695 516296 358380 742168 942051 627588 828172 859565 418607 520667 417249 300574 415391 372974 316634 284311 391294 218835 356480
desembarquepred
 494567 513811 250706 358997 120614 361748 552527 73895.6 213022 205649 52472.5 317528 293862 388121 252655 516219 358379 741855 941348 627256 828278 859524 418625 520749 417223 300594 415410 372954 316601 284265 391346 218865 356510
Reclutas
 172133 85291 104836 154722 141360 258046 112269 60383.9 64670 80038.2 114019 125595 68256.9 28804.3 120796 267678 59033.4 368124 374912 307129 366830 501885 106495 260520 272011 103194 247930 291949 117731 108323 105267 56939.9 154736
log_desv_Rt
 0.199059 -0.503136 -0.296813 0.0924263 0.00210514 0.603932 -0.228305 -0.848484 -0.779909 -0.566702 -0.212842 -0.116141 -0.725928 -1.58868 -0.155105 0.640578 -0.871103 0.959215 0.977485 0.778062 0.955692 1.26917 -0.281106 0.613474 0.656636 -0.312592 0.563941 0.727372 -0.180806 -0.264089 -0.292708 -0.907209 0.0925161
SSB
 1.96e+06 1.31891e+06 625572 371014 449165 581306 871598 581678 580658 487459 361076 450481 396556 171178 29408.3 264816 465275 353431 634779 620823 875761 1.15304e+06 1.14686e+06 943676 1.22379e+06 1.09509e+06 882972 957143 1.43141e+06 1.04059e+06 743725 651769 369209
BT
 2.79793e+06 1.90035e+06 950932 960516 895880 1.8547e+06 1.41753e+06 1.25391e+06 1.18201e+06 965153 829994 964176 781519 489628 848844 1.16347e+06 843419 1.98402e+06 2.25276e+06 1.64124e+06 2.90632e+06 2.73756e+06 1.95479e+06 3.04227e+06 2.26606e+06 1.95003e+06 2.79931e+06 2.7175e+06 2.08381e+06 1.84332e+06 1.44323e+06 1.13963e+06 1.25454e+06
Ftot
 0.228363 0.418618 0.41071 0.636894 0.18706 0.342243 0.623414 0.090834 0.320263 0.361355 0.108437 0.54353 0.658965 2.7497 0.882463 0.982462 0.635774 0.8682 0.988236 0.709543 0.495131 0.596688 0.310707 0.331633 0.302338 0.22626 0.315522 0.266544 0.194578 0.245787 0.460888 0.27429 0.564459
BD_Bspro_t
 0.96447 0.77332 0.567289 0.486949 0.507666 0.618292 0.638573 0.496924 0.583918 0.587584 0.583283 0.708555 0.557087 0.294537 0.0792489 0.405586 0.432028 0.351922 0.4254 0.383328 0.409989 0.473081 0.505857 0.498823 0.598748 0.629488 0.630602 0.67384 0.74103 0.682016 0.627753 0.580095 0.550568
BD_Bspro
 1.92863 1.2978 0.61556 0.365076 0.441976 0.572003 0.857648 0.572369 0.571364 0.479658 0.355297 0.443271 0.390209 0.168439 0.0289376 0.260578 0.457829 0.347774 0.62462 0.610887 0.861744 1.13459 1.12851 0.928573 1.20421 1.07757 0.868841 0.941824 1.4085 1.02393 0.731822 0.641338 0.3633
BD_Bo
 2.55066 1.71638 0.814092 0.482821 0.584524 0.756487 1.13426 0.756971 0.755643 0.634359 0.469889 0.586236 0.516061 0.222764 0.0382707 0.34462 0.605489 0.45994 0.826074 0.807912 1.13968 1.50052 1.49248 1.22806 1.59259 1.42511 1.14906 1.24558 1.86278 1.35418 0.967852 0.848184 0.480472
BD_Brms
 2.73104 1.83775 0.871662 0.516965 0.625859 0.809983 1.21447 0.810501 0.809079 0.679218 0.503118 0.627693 0.552555 0.238517 0.040977 0.368991 0.648307 0.492465 0.884491 0.865044 1.22027 1.60663 1.59802 1.3149 1.70522 1.52589 1.23032 1.33367 1.99451 1.44994 1.0363 0.908165 0.51445
Sel_flota
 0.459343 0.941665 0.99675 0.999828 0.999991
 0.459343 0.941665 0.99675 0.999828 0.999991
 0.459343 0.941665 0.99675 0.999828 0.999991
 0.459343 0.941665 0.99675 0.999828 0.999991
 0.459343 0.941665 0.99675 0.999828 0.999991
 0.459343 0.941665 0.99675 0.999828 0.999991
 0.459343 0.941665 0.99675 0.999828 0.999991
 0.459343 0.941665 0.99675 0.999828 0.999991
 0.459343 0.941665 0.99675 0.999828 0.999991
 0.459343 0.941665 0.99675 0.999828 0.999991
 0.459343 0.941665 0.99675 0.999828 0.999991
 0.459343 0.941665 0.99675 0.999828 0.999991
 0.459343 0.941665 0.99675 0.999828 0.999991
 0.459343 0.941665 0.99675 0.999828 0.999991
 0.459343 0.941665 0.99675 0.999828 0.999991
 0.459343 0.941665 0.99675 0.999828 0.999991
 0.459343 0.941665 0.99675 0.999828 0.999991
 0.459343 0.941665 0.99675 0.999828 0.999991
 0.459343 0.941665 0.99675 0.999828 0.999991
 0.459343 0.941665 0.99675 0.999828 0.999991
 0.459343 0.941665 0.99675 0.999828 0.999991
 0.459343 0.941665 0.99675 0.999828 0.999991
 0.459343 0.941665 0.99675 0.999828 0.999991
 0.459343 0.941665 0.99675 0.999828 0.999991
 0.459343 0.941665 0.99675 0.999828 0.999991
 0.459343 0.941665 0.99675 0.999828 0.999991
 0.459343 0.941665 0.99675 0.999828 0.999991
 0.459343 0.941665 0.99675 0.999828 0.999991
 0.459343 0.941665 0.99675 0.999828 0.999991
 0.459343 0.941665 0.99675 0.999828 0.999991
 0.459343 0.941665 0.99675 0.999828 0.999991
 0.459343 0.941665 0.99675 0.999828 0.999991
 0.459343 0.941665 0.99675 0.999828 0.999991
Sel_reclas
 1 1 1 1 1
 1 1 1 1 1
 1 1 1 1 1
 1 1 1 1 1
 1 1 1 1 1
 1 1 1 1 1
 1 1 1 1 1
 1 1 1 1 1
 1 1 1 1 1
 1 1 1 1 1
 1 1 1 1 1
 1 1 1 1 1
 1 1 1 1 1
 1 1 1 1 1
 1 1 1 1 1
 1 1 1 1 1
 1 1 1 1 1
 1 1 1 1 1
 1 1 1 1 1
 1 1 1 1 1
 1 1 1 1 1
 1 1 1 1 1
 1 1 1 1 1
 1 1 1 1 1
 1 1 1 1 1
 1 1 1 1 1
 1 1 1 1 1
 1 1 1 1 1
 1 1 1 1 1
 1 1 1 1 1
 1 1 1 1 1
 1 1 1 1 1
 1 1 1 1 1
Sel_pelaces
 0.885478 0.974945 0.994919 0.998986 0.999798
 0.885478 0.974945 0.994919 0.998986 0.999798
 0.885478 0.974945 0.994919 0.998986 0.999798
 0.885478 0.974945 0.994919 0.998986 0.999798
 0.885478 0.974945 0.994919 0.998986 0.999798
 0.885478 0.974945 0.994919 0.998986 0.999798
 0.885478 0.974945 0.994919 0.998986 0.999798
 0.885478 0.974945 0.994919 0.998986 0.999798
 0.885478 0.974945 0.994919 0.998986 0.999798
 0.885478 0.974945 0.994919 0.998986 0.999798
 0.885478 0.974945 0.994919 0.998986 0.999798
 0.885478 0.974945 0.994919 0.998986 0.999798
 0.885478 0.974945 0.994919 0.998986 0.999798
 0.885478 0.974945 0.994919 0.998986 0.999798
 0.885478 0.974945 0.994919 0.998986 0.999798
 0.885478 0.974945 0.994919 0.998986 0.999798
 0.885478 0.974945 0.994919 0.998986 0.999798
 0.885478 0.974945 0.994919 0.998986 0.999798
 0.885478 0.974945 0.994919 0.998986 0.999798
 0.885478 0.974945 0.994919 0.998986 0.999798
 0.885478 0.974945 0.994919 0.998986 0.999798
 0.885478 0.974945 0.994919 0.998986 0.999798
 0.885478 0.974945 0.994919 0.998986 0.999798
 0.885478 0.974945 0.994919 0.998986 0.999798
 0.885478 0.974945 0.994919 0.998986 0.999798
 0.885478 0.974945 0.994919 0.998986 0.999798
 0.885478 0.974945 0.994919 0.998986 0.999798
 0.885478 0.974945 0.994919 0.998986 0.999798
 0.885478 0.974945 0.994919 0.998986 0.999798
 0.885478 0.974945 0.994919 0.998986 0.999798
 0.885478 0.974945 0.994919 0.998986 0.999798
 0.885478 0.974945 0.994919 0.998986 0.999798
 0.885478 0.974945 0.994919 0.998986 0.999798
pf_obs 
 0.8446 0.082 0.0669 0.0065 0
 0.8095 0.147 0.0364 0.0071 0
 0.9664 0.0169 0.016 0.0007 0
 0.9276 0.0648 0.0075 0.0001 0
 0.7033 0.2144 0.0806 0.0017 0
 0.9318 0.0425 0.0243 0.0014 0
 0.5671 0.3108 0.0964 0.0239 0.0018
 0.0768 0.2599 0.5324 0.112 0.0189
 0.490249 0.384438 0.106611 0.0170017 0.00170017
 0.7925 0.1577 0.0466 0.003 0.0002
 0.840416 0.127587 0.0312969 0.00059994 9.999e-05
 0.8084 0.0986 0.0794 0.0134 0.0002
 0.7335 0.1905 0.0724 0.0035 0.0001
 0.4001 0.4547 0.1325 0.0127 0
 0.49795 0.308269 0.164784 0.0264974 0.00249975
 0.9179 0.0499 0.0305 0.0017 0
 0.2467 0.6533 0.0926 0.0074 0
 0.9418 0.0223 0.034 0.0019 0
 0.707729 0.231977 0.0356964 0.0245975 0
 0.517169 0.277429 0.184464 0.0207286 0.00020938
 0.811772 0.124168 0.05621 0.00726502 0.000585176
 0.764997 0.148141 0.077277 0.00933861 0.000247198
 0.163321 0.427699 0.378323 0.0303852 0.000271297
 0.753843 0.0900009 0.118128 0.0371064 0.000921714
 0.721811 0.176058 0.0630433 0.0369309 0.00215725
 0.143369 0.312575 0.442814 0.0836902 0.0175525
 0.692698 0.0596174 0.167031 0.0765114 0.00414204
 0.394062 0.376323 0.152708 0.0712218 0.00568511
 0.125707 0.32114 0.495352 0.0537591 0.00404204
 0.23352 0.215282 0.420074 0.123614 0.00750983
 0.796117 0.104755 0.0508955 0.0450114 0.00322123
 0.162477 0.292055 0.404252 0.121198 0.0200186
 0 0 0 0 0
pf_pred 
 0.399918 0.14609 0.425975 0.0280159 1.10086e-06
 0.319076 0.403751 0.0706937 0.193778 0.0127022
 0.524133 0.245335 0.140627 0.0229947 0.0669108
 0.655537 0.246557 0.0521816 0.0279343 0.0177897
 0.580127 0.344496 0.0551297 0.010813 0.0094346
 0.676396 0.24008 0.0692675 0.010436 0.00381994
 0.383694 0.506332 0.0829679 0.0224103 0.00459543
 0.365491 0.377971 0.213568 0.0324519 0.010519
 0.460144 0.292141 0.15098 0.0805745 0.016161
 0.570877 0.280144 0.0830637 0.0402304 0.0256844
 0.629564 0.276299 0.0628833 0.0174537 0.0137994
 0.569089 0.334803 0.0727437 0.0156241 0.0077402
 0.441116 0.422315 0.107828 0.0217755 0.00696554
 0.423254 0.38241 0.149647 0.0353162 0.00937237
 0.948347 0.0411871 0.0073273 0.00242191 0.000716417
 0.836979 0.159706 0.00268894 0.000438849 0.000187062
 0.324883 0.628971 0.0452883 0.000696995 0.000161428
 0.873776 0.0675421 0.0549482 0.0036642 6.91593e-05
 0.694383 0.289931 0.00872792 0.00651746 0.000440736
 0.625759 0.321292 0.0504604 0.00138809 0.00110115
 0.659341 0.273734 0.0580829 0.00842809 0.000413918
 0.675093 0.265285 0.0485702 0.00959643 0.00145517
 0.246075 0.626149 0.10574 0.0179655 0.00407103
 0.622332 0.156034 0.18606 0.029457 0.00611715
 0.573321 0.335381 0.0391845 0.0437747 0.00833957
 0.309858 0.512889 0.141259 0.0154791 0.0205142
 0.646546 0.172096 0.136903 0.0354524 0.00900217
 0.603713 0.317581 0.0396105 0.0295384 0.00955744
 0.324234 0.516377 0.12934 0.0151493 0.0149006
 0.411907 0.294301 0.22768 0.0536821 0.01243
 0.48682 0.309244 0.105278 0.0765159 0.0221419
 0.390407 0.417603 0.118962 0.0377701 0.0352586
 0.725115 0.159654 0.080533 0.0215292 0.0131695
pobs_RECLAS
 0 0 0 0 0
 0 0 0 0 0
 0 0 0 0 0
 0 0 0 0 0
 0 0 0 0 0
 0 0 0 0 0
 0 0 0 0 0
 0 0 0 0 0
 0 0 0 0 0
 0 0 0 0 0
 0.991045 0.00858322 0.000360255 1.14367e-05 0
 0.934742 0.0480273 0.0164251 0.00080598 0
 0.827803 0.169806 0.00239088 0 0
 0.941827 0.0461693 0.0120037 0 0
 0.791401 0.0380133 0.147996 0.0225897 0
 0.846168 0.0940531 0.0597789 0 0
 0.134021 0.677848 0.182769 0.00536245 0
 0.80878 0.0450904 0.141981 0.00414843 0
 0.846168 0.0940531 0.0597789 0 0
 0.905697 0.0802665 0.012482 0.00150086 5.37128e-05
 0.989698 0.0102097 9.19794e-05 0 0
 0.975433 0.0193895 0.00387452 0.00125025 5.28907e-05
 0.303575 0.632131 0.0575291 0.00676475 0
 0.966965 0.00978017 0.0227588 0.000495775 0
 0.843318 0.132988 0.00938335 0.0141283 0.000182051
 0.564624 0.303363 0.111486 0.0197234 0.00080311
 0.826376 0.0876187 0.0782897 0.00655872 0.00115652
 0.89761 0.0855135 0.0140674 0.00269457 0.000114338
 0.34875 0.467042 0.161289 0.0227151 0.000203297
 0.318654 0.224769 0.449479 0.00709798 0
 0.937255 0.0296025 0.0250945 0.00804832 0
 0.456809 0.399803 0.12412 0.0192676 0
 0.883104 0.0372192 0.0704036 0.00927362 0
ppred_RECLAS
 0.590552 0.104142 0.28652 0.0187848 7.38007e-07
 0.501433 0.303025 0.0499941 0.136596 0.00895239
 0.703516 0.157343 0.0849879 0.0138521 0.0403005
 0.80449 0.142411 0.0283455 0.0151236 0.00962962
 0.742645 0.213337 0.0322216 0.00630006 0.00549605
 0.81559 0.138882 0.0377786 0.00567361 0.0020764
 0.571889 0.355538 0.0547971 0.0147519 0.00302448
 0.548108 0.275444 0.14697 0.0222629 0.00721512
 0.645781 0.196945 0.0959773 0.0510578 0.0102391
 0.73916 0.173826 0.0485858 0.0234563 0.0149727
 0.780286 0.166278 0.0357329 0.00988709 0.00781571
 0.738577 0.205848 0.0420988 0.00901241 0.00446398
 0.630294 0.28355 0.0680725 0.013701 0.00438192
 0.673404 0.223472 0.0795067 0.0186649 0.00495198
 0.975776 0.0195658 0.00326512 0.00107547 0.000318074
 0.918244 0.0801977 0.00126512 0.000205742 8.76824e-05
 0.506552 0.461599 0.0312584 0.000479469 0.000111028
 0.9391 0.0335551 0.025611 0.00170193 3.2117e-05
 0.832859 0.15909 0.00448681 0.00333857 0.000225725
 0.782732 0.188135 0.0277683 0.00076129 0.000603807
 0.804685 0.158776 0.0317252 0.00458845 0.000225308
 0.816543 0.151453 0.026088 0.00513735 0.000778873
 0.40681 0.497503 0.0792288 0.0134184 0.00304013
 0.780352 0.0939223 0.1056 0.0166653 0.00346019
 0.738902 0.207838 0.0229009 0.0255023 0.00485766
 0.485539 0.388015 0.100836 0.0110148 0.0145953
 0.796884 0.101916 0.0764536 0.0197354 0.00501043
 0.761852 0.193081 0.0227172 0.0168871 0.00546307
 0.501416 0.386161 0.0912836 0.0106583 0.0104816
 0.59919 0.206481 0.150706 0.0354213 0.00820038
 0.671038 0.203039 0.0651087 0.0471674 0.0136468
 0.575296 0.296348 0.0796307 0.0252026 0.0235228
 0.851183 0.0886577 0.0420869 0.0112142 0.00685858
pobs_PELACES
 0 0 0 0 0
 0 0 0 0 0
 0 0 0 0 0
 0 0 0 0 0
 0 0 0 0 0
 0 0 0 0 0
 0 0 0 0 0
 0 0 0 0 0
 0 0 0 0 0
 0 0 0 0 0
 0 0 0 0 0
 0 0 0 0 0
 0 0 0 0 0
 0 0 0 0 0
 0 0 0 0 0
 0 0 0 0 0
 0.505614 0.472636 0.0217494 0 0
 0 0 0 0 0
 0.443492 0.261883 0.143347 0.151278 0
 0.227955 0.32914 0.350689 0.0885471 0.00366901
 0.970185 0.0296113 0.000203453 0 0
 0.997202 0.00247181 0.000326279 0 0
 0.445219 0.490057 0.0546422 0.010081 0
 0.90214 0.0892962 0.00764917 0.000914606 0
 0 0 0 0 0
 0.581667 0.319106 0.0959925 0.00289975 0.000334073
 0.762889 0.0836404 0.116647 0.0363945 0.000428098
 0.88444 0.0763242 0.0277011 0.0115352 0
 0.521256 0.241999 0.230069 0.00667565 0
 0.616807 0.101726 0.260614 0.0208532 0
 0.833518 0.0704572 0.0857862 0.0102388 0
 0.697417 0.212968 0.0787535 0.0105354 0.000325836
 0 0 0 0 0
ppred_PELACES
 0.573003 0.107285 0.299969 0.0197423 7.76246e-07
 0.492507 0.30658 0.0512257 0.140473 0.00921378
 0.695593 0.160451 0.087784 0.0143604 0.0418121
 0.804847 0.141747 0.0284599 0.0152368 0.00970929
 0.729123 0.22385 0.0343851 0.00674926 0.00589264
 0.808657 0.143576 0.0396086 0.00597068 0.00218686
 0.572207 0.35468 0.0551562 0.0148998 0.00305719
 0.525887 0.286803 0.155908 0.0237112 0.00769071
 0.633704 0.202214 0.0999801 0.0533873 0.0107147
 0.730601 0.178599 0.0506092 0.0245241 0.0156667
 0.765577 0.176554 0.0386421 0.0107346 0.00849251
 0.736223 0.2072 0.0428184 0.00919886 0.0045599
 0.631811 0.28179 0.0682138 0.0137764 0.00440944
 0.745397 0.175819 0.0607218 0.0142733 0.00378937
 0.976776 0.0187389 0.00314042 0.00103769 0.000307136
 0.922641 0.0758798 0.00119991 0.000195739 8.34828e-05
 0.507644 0.460315 0.0314445 0.000483983 0.000112161
 0.941338 0.0322538 0.0247288 0.00164857 3.11337e-05
 0.841161 0.151161 0.00427308 0.00318933 0.000215799
 0.785384 0.18565 0.0276045 0.000759345 0.000602731
 0.801578 0.160946 0.0325236 0.00472079 0.000231989
 0.816086 0.151562 0.0263542 0.00520784 0.000790176
 0.394973 0.506171 0.0817973 0.0139057 0.00315304
 0.771308 0.0969581 0.110578 0.0175164 0.00363979
 0.72882 0.21511 0.0240553 0.026889 0.00512589
 0.469459 0.39846 0.105238 0.01154 0.0153034
 0.788039 0.105533 0.0803266 0.0208133 0.00528828
 0.751328 0.200944 0.0240101 0.0179164 0.00580067
 0.484104 0.39798 0.095666 0.0112135 0.0110364
 0.583419 0.212867 0.157844 0.0372412 0.00862859
 0.664789 0.205806 0.0667865 0.0485579 0.0140602
 0.561134 0.304662 0.0831266 0.0264092 0.0246687
 0.849792 0.0890821 0.0427142 0.0114213 0.00699073
pobs_pel_tallas
 0 0 0 0 0 0 0 0 0 0 0 0 0 0 0 0 0 0 0 0 0 0 0 0 0 0
 0 0 0 0 0 0 0 0 0 0 0 0 0 0 0 0 0 0 0 0 0 0 0 0 0 0
 0 0 0 0 0 0 0 0 0 0 0 0 0 0 0 0 0 0 0 0 0 0 0 0 0 0
 0 0 0 0 0 0 0 0 0 0 0 0 0 0 0 0 0 0 0 0 0 0 0 0 0 0
 0 0 0 0 0 0 0 0 0 0 0 0 0 0 0 0 0 0 0 0 0 0 0 0 0 0
 0 0 0 0 0 0 0 0 0 0 0 0 0 0 0 0 0 0 0 0 0 0 0 0 0 0
 0 0 0 0 0 0 0 0 0 0 0 0 0 0 0 0 0 0 0 0 0 0 0 0 0 0
 0 0 0 0 0 0 0 0 0 0 0 0 0 0 0 0 0 0 0 0 0 0 0 0 0 0
 0 0 0 0 0 0 0 0 0 0 0 0 0 0 0 0 0 0 0 0 0 0 0 0 0 0
 0 0 0 0 0 0 0 0 0 0 0 0 0 0 0 0 0 0 0 0 0 0 0 0 0 0
 0 0 0 0 0 0 0 0 0 0 0 0 0 0 0 0 0 0 0 0 0 0 0 0 0 0
 0 0 0 0 0 0 0 0 0 0 0 0 0 0 0 0 0 0 0 0 0 0 0 0 0 0
 0.00862536 0 0 0.000197151 0.00414017 0.0128641 0.00837892 0.0270097 0.101434 0.158115 0.152841 0.127902 0.109271 0.109419 0.0830992 0.0579132 0.0238553 0.00714673 0.00463305 0.00128148 0.00103504 0.000492878 0.000147863 0.000147863 4.92878e-05 0
 0 0 0 0 0 0 0 0 0 0 0 0 0 0 0 0 0 0 0 0 0 0 0 0 0 0
 0 0 0 0 0 0 0 0.0054083 0.00873648 0.0413646 0.0450493 0.0745869 0.0622846 0.0627006 0.0613931 0.0827291 0.12552 0.122667 0.0946155 0.0697135 0.0546179 0.0294188 0.0215738 0.0213955 0.0102223 0.00600262
 0 0 0 0 0.00359764 0.0251062 0.0480494 0.140153 0.205849 0.193036 0.1447 0.116669 0.0760912 0.0342217 0.00950174 0.001854 0.000860785 0 0 0 0.000165536 0 0.000143464 0 0 0
 0 0 0 0 0 0 0 0.000145254 0.000435761 0.0275982 0.070085 0.0708112 0.156366 0.174668 0.174014 0.160142 0.0824315 0.0480064 0.0283245 0.00493863 0.00203355 0 0 0 0 0
 0 0 0 0 0 0 0 0 0 0 0 0 0 0 0 0 0 0 0 0 0 0 0 0 0 0
 0 0 1.00437e-05 0.000401748 0.00122533 0.00171747 0.00176769 0.0269171 0.070346 0.194647 0.189555 0.159765 0.064822 0.0314167 0.0384472 0.0292271 0.0345202 0.0313363 0.0194345 0.0106764 0.0143323 0.0359363 0.0279516 0.0138201 0.00172751 0
 0 0.0021121 0.0136068 0.0755702 0.200478 0.177729 0.0527432 0.0373336 0.0318909 0.0142505 0.0149659 0.0166563 0.0217959 0.0798694 0.0677717 0.0528807 0.04013 0.0224614 0.0357745 0.0225083 0.00881397 0.00855152 0.00135912 0.000746735 0 0
 0 0 0 0 5.4009e-05 0.00500934 0.000945158 0.0243581 0.138947 0.33067 0.221406 0.137944 0.0707744 0.0437923 0.0131692 0.00525238 0.0047753 0.00276346 9.45158e-05 9.00151e-06 2.25038e-05 9.00151e-06 4.50075e-06 0 0 0
 0.000866109 0.00284123 0.00948549 0.0512746 0.133035 0.25785 0.225252 0.132002 0.0553304 0.0519788 0.0540692 0.017754 0.00435017 0.00159236 0.00146478 0.000404838 0.000125132 0.000115318 0.000107957 0.000100596 0 0 0 0 0 0
 0 0 0 0 0.00144013 0.00171154 0.00461396 0.0210425 0.0478622 0.0707936 0.0888783 0.103762 0.0637923 0.0337046 0.0602308 0.124433 0.169614 0.0934646 0.0462172 0.0250306 0.0313229 0.00938855 0.002487 0.000210481 0 0
 0 0.00764035 0.051015 0.0998891 0.058973 0.0496711 0.0374665 0.0718981 0.12319 0.153886 0.159021 0.0857701 0.0377988 0.023471 0.0147837 0.00900784 0.00315554 0.000888139 0.00291439 0.00214683 0.00393193 0.00274676 0.000635225 9.99891e-05 0 0
 0 0 0 0 0 0 0 0 0 0 0 0 0 0 0 0 0 0 0 0 0 0 0 0 0 0
 0 0 0 0 0 0 0 0 0 0 0 0 0 0 0 0 0 0 0 0 0 0 0 0 0 0
 0 0 0 0 0 0 0 0 0 0 0 0 0 0 0 0 0 0 0 0 0 0 0 0 0 0
 0 0 0 0 0 0 0 0 0 0 0 0 0 0 0 0 0 0 0 0 0 0 0 0 0 0
 0 0 0 0 0 0 0 0 0 0 0 0 0 0 0 0 0 0 0 0 0 0 0 0 0 0
 0 0 0 0 0 0 0 0 0 0 0 0 0 0 0 0 0 0 0 0 0 0 0 0 0 0
 0 0 0 0 0 0 0 0 0 0 0 0 0 0 0 0 0 0 0 0 0 0 0 0 0 0
 0 0 0 0 0 0 0 0 0 0 0 0 0 0 0 0 0 0 0 0 0 0 0 0 0 0
 0 0 0 0 0 0 0 0 0 0 0 0 0 0 0 0 0 0 0 0 0 0 0 0 0 0
ppred_pel_tallas
 1.10664e-16 4.71975e-05 0.000458777 0.00304873 0.0138591 0.0431209 0.091874 0.134095 0.134106 0.0919269 0.0432998 0.0143816 0.00438164 0.00343906 0.00591355 0.0102383 0.0159907 0.0226979 0.0298126 0.0369282 0.0437432 0.0497323 0.0539001 0.0550103 0.052238 0.0457563
 1.17204e-16 4.05673e-05 0.000394328 0.00262045 0.0119122 0.0370635 0.0789687 0.115263 0.115293 0.0791134 0.0375495 0.0133171 0.0061506 0.00811347 0.0147407 0.024418 0.0354582 0.0452507 0.0512258 0.0523616 0.0498517 0.0462724 0.0438837 0.0433717 0.0438079 0.0435574
 1.11091e-16 5.72951e-05 0.000556929 0.00370099 0.0168242 0.0523463 0.11153 0.162784 0.1628 0.111606 0.0526024 0.0175652 0.00556675 0.00464852 0.00788319 0.0130882 0.0191963 0.0248836 0.0288444 0.0305073 0.0303487 0.0294743 0.0288137 0.0285822 0.0283401 0.0274491
 1.04029e-16 6.62942e-05 0.000644403 0.00428229 0.0194667 0.0605681 0.129047 0.188351 0.188365 0.129114 0.0607926 0.0201155 0.00591182 0.00420502 0.0068386 0.0112279 0.0162343 0.0205615 0.0229422 0.0228113 0.0206415 0.0176066 0.0148468 0.0129086 0.0116897 0.0107613
 1.02724e-16 6.00569e-05 0.000583775 0.00387939 0.0176351 0.0548696 0.116906 0.170633 0.170654 0.117012 0.0552237 0.0186579 0.00644691 0.00618949 0.0107087 0.0176148 0.0253838 0.0319525 0.0352584 0.0343505 0.0299483 0.0239399 0.0182403 0.013899 0.0109736 0.00897932
 1.02149e-16 6.66081e-05 0.000647454 0.00430256 0.0195588 0.0608548 0.129658 0.189243 0.189257 0.129726 0.0610825 0.0202168 0.00595567 0.00426104 0.00694361 0.0114106 0.0165165 0.0209477 0.0234058 0.023282 0.0209951 0.0176651 0.0144003 0.0117668 0.00975364 0.00808276
 1.03695e-16 4.7132e-05 0.00045814 0.0030445 0.0138399 0.0430612 0.0917477 0.133916 0.13395 0.0919148 0.0436223 0.0154605 0.0071129 0.00934093 0.0169214 0.0279111 0.0402285 0.0506432 0.0558885 0.0544524 0.0474645 0.037902 0.0287839 0.0217651 0.0169445 0.0135794
 1.08252e-16 4.33167e-05 0.000421054 0.00279805 0.0127196 0.0395754 0.0843206 0.123074 0.123102 0.0844566 0.0400328 0.014043 0.00612888 0.00772173 0.013995 0.0232934 0.0340768 0.0439504 0.0504664 0.052447 0.0505758 0.0467108 0.0425286 0.0386366 0.0346996 0.0301825
 1.10105e-16 5.21974e-05 0.000507377 0.0033717 0.0153273 0.047689 0.101607 0.148303 0.148322 0.101703 0.0480114 0.0162604 0.0057203 0.00565598 0.00989445 0.016445 0.0240889 0.0311566 0.0359835 0.0378278 0.0372683 0.0356773 0.0342085 0.0331299 0.0319207 0.0298686
 1.06617e-16 6.01787e-05 0.000584958 0.00388725 0.0176709 0.0549808 0.117143 0.170977 0.170995 0.117227 0.0552643 0.0184902 0.00594638 0.00508844 0.00863818 0.0142525 0.0206869 0.026364 0.0297256 0.0300802 0.0280058 0.0249139 0.02213 0.0202165 0.0189435 0.017727
 1.03675e-16 6.30596e-05 0.000612962 0.00407335 0.0185169 0.0576129 0.122751 0.179162 0.179179 0.122834 0.0578926 0.019325 0.0061032 0.00504822 0.0084985 0.013982 0.0202116 0.0255797 0.028492 0.0282194 0.0253207 0.0212347 0.0173816 0.0144802 0.0124799 0.010945
 1.02983e-16 6.06417e-05 0.000589459 0.00391716 0.0178069 0.0554039 0.118045 0.172294 0.172314 0.118142 0.055732 0.0187549 0.00629785 0.00579012 0.00994825 0.0163783 0.0236527 0.0298807 0.0331729 0.0326541 0.0289671 0.0238028 0.0188536 0.0150132 0.0122896 0.0102397
 1.04169e-16 5.20415e-05 0.000505861 0.00336163 0.0152815 0.0475465 0.101304 0.147862 0.147889 0.101437 0.0479931 0.0165719 0.00660291 0.00758895 0.0135256 0.0223345 0.0322999 0.0408924 0.0455583 0.0451069 0.0403863 0.0336429 0.0271093 0.021941 0.0181248 0.0150821
 1.0387e-16 6.13974e-05 0.000596805 0.00396598 0.0180288 0.0560943 0.119515 0.17444 0.174457 0.119599 0.0563735 0.0188361 0.00599538 0.00503652 0.00852119 0.0140633 0.0204244 0.0260444 0.0293674 0.0296658 0.0274382 0.0239971 0.020601 0.0178303 0.0155793 0.0134683
 1.00252e-16 8.04557e-05 0.000782058 0.00519705 0.023625 0.0735063 0.156613 0.228582 0.228583 0.156622 0.073536 0.0237107 0.00541211 0.00125169 0.00097285 0.00148223 0.00213034 0.0026851 0.00297025 0.00290655 0.00255389 0.00206874 0.00160844 0.00125729 0.00101708 0.000845835
 1.00088e-16 7.59967e-05 0.000738715 0.00490902 0.0223157 0.0694325 0.147934 0.215915 0.215922 0.147969 0.0695522 0.0226611 0.00577533 0.00262732 0.00365532 0.00590305 0.00845001 0.0105287 0.0114142 0.0107744 0.00886952 0.00638862 0.00405521 0.00230356 0.00120893 0.000620811
 1.01093e-16 4.18141e-05 0.000406448 0.00270099 0.0122783 0.0382027 0.0813966 0.11881 0.118854 0.081613 0.0389294 0.0143765 0.00796483 0.0118878 0.0218186 0.0359291 0.0515748 0.0644771 0.0702972 0.0670211 0.0561686 0.0417974 0.0281387 0.0176909 0.0108549 0.00676898
 1.00893e-16 7.75368e-05 0.000753685 0.0050085 0.0227679 0.0708395 0.150931 0.220289 0.220292 0.150946 0.0708911 0.0229175 0.00538551 0.00158163 0.00166438 0.0026663 0.00392021 0.00510953 0.00596182 0.00634089 0.00630297 0.00601919 0.00563325 0.00517958 0.00461461 0.00390578
 1.00519e-16 6.92853e-05 0.000673478 0.0044755 0.020345 0.0633009 0.13487 0.196849 0.196864 0.134941 0.0635393 0.0210334 0.00620221 0.00443852 0.00720694 0.0117713 0.0168717 0.0210521 0.0228812 0.021704 0.0180391 0.0132501 0.00875856 0.00540312 0.00330729 0.00215349
 1.01023e-16 6.46911e-05 0.00062882 0.00417873 0.0189959 0.0591035 0.125927 0.183798 0.183816 0.126014 0.059397 0.0198438 0.00630709 0.00527486 0.00888773 0.0145887 0.0210029 0.0263948 0.0290356 0.0281163 0.0242173 0.0189009 0.0137737 0.00975124 0.0069481 0.00503412
 1.01493e-16 6.60249e-05 0.000641786 0.00426489 0.0193876 0.0603221 0.128523 0.187587 0.187602 0.128599 0.0605769 0.0201238 0.00611346 0.00467948 0.00774087 0.0127095 0.0183407 0.0231423 0.0256345 0.0251249 0.022102 0.0178769 0.0137754 0.0105195 0.008157 0.00638958
 1.01456e-16 6.72199e-05 0.000653402 0.00434209 0.0197385 0.0614139 0.130849 0.190981 0.190996 0.130921 0.0616537 0.0204313 0.00608145 0.00445163 0.00728415 0.0119446 0.0172203 0.0216961 0.0239743 0.0234053 0.020462 0.0164016 0.0124987 0.0094524 0.00730947 0.00577072
 1.04419e-16 3.25335e-05 0.000316238 0.00210151 0.0095532 0.0297238 0.0633315 0.0924444 0.0924932 0.06357 0.0305245 0.0118661 0.00790795 0.0129939 0.0241159 0.0398326 0.0574122 0.0722667 0.0797252 0.0776118 0.0675163 0.0536692 0.0403775 0.0300295 0.0228211 0.017763
 1.05589e-16 6.35316e-05 0.00061755 0.00410384 0.0186554 0.0580441 0.123669 0.180501 0.180511 0.123716 0.0582006 0.0191096 0.00525143 0.00314761 0.00494149 0.00825917 0.0123359 0.0164414 0.0198493 0.0221882 0.0235712 0.0243379 0.0246489 0.0243155 0.0229939 0.0205263
 1.04314e-16 6.0032e-05 0.000583532 0.00387778 0.0176278 0.0548468 0.116858 0.170562 0.170582 0.116959 0.0551869 0.0186102 0.00634371 0.0059669 0.0102851 0.0169124 0.0243707 0.0306857 0.0338991 0.0331385 0.0291483 0.0237888 0.0189071 0.0154536 0.0133569 0.0119895
 1.06886e-16 3.86688e-05 0.000375874 0.00249782 0.0113547 0.035329 0.0752737 0.109872 0.109911 0.0754617 0.0359607 0.0131803 0.00708398 0.0103998 0.0191121 0.0316294 0.0457798 0.0580291 0.0647823 0.0643598 0.05795 0.0487014 0.0397327 0.0326425 0.0273901 0.0231516
 1.05328e-16 6.49097e-05 0.000630946 0.00419286 0.0190601 0.0593032 0.126352 0.184417 0.184427 0.126402 0.0594723 0.0195501 0.00542792 0.00334462 0.00527027 0.00874545 0.0129095 0.0169022 0.0198802 0.0214427 0.0218133 0.0215656 0.0211339 0.0205332 0.019473 0.0176858
 1.03523e-16 6.1886e-05 0.000601554 0.00399754 0.0181722 0.0565407 0.120467 0.175829 0.175848 0.120561 0.0568584 0.0190899 0.00630102 0.00563011 0.0096124 0.0157952 0.0227546 0.028636 0.0316003 0.0308197 0.0269766 0.0218025 0.0170311 0.0135777 0.0114194 0.010017
 1.05855e-16 3.98751e-05 0.0003876 0.00257574 0.011709 0.0364312 0.0776219 0.113299 0.113338 0.0778096 0.0370618 0.0135312 0.00715275 0.010389 0.019063 0.0315264 0.0455845 0.0576844 0.0642137 0.0634838 0.0566929 0.0470252 0.0376591 0.0302613 0.0248458 0.0206128
 1.09805e-16 4.80555e-05 0.000467117 0.00310416 0.0141111 0.0439048 0.0935446 0.136535 0.136556 0.093646 0.0442458 0.0150986 0.00559331 0.00593482 0.0105318 0.017596 0.0259543 0.0339219 0.0397842 0.0427183 0.0431721 0.0423193 0.041076 0.0395294 0.037153 0.0334534
 1.0923e-16 5.47578e-05 0.000532266 0.00353709 0.0160791 0.0500282 0.106591 0.155577 0.155597 0.106689 0.0503553 0.0170247 0.00591459 0.00573552 0.00997616 0.0165118 0.0240359 0.0307803 0.0349939 0.0359142 0.0342109 0.0314619 0.029087 0.0275852 0.0265421 0.0251852
 1.093e-16 4.62199e-05 0.000449274 0.00298558 0.0135721 0.0422279 0.089972 0.131323 0.131352 0.0901159 0.0427111 0.0149689 0.00649545 0.00812349 0.0146572 0.0242544 0.0351648 0.0447146 0.0502122 0.0504406 0.046363 0.0403984 0.0348686 0.0308431 0.0280677 0.0256725
 1.03584e-16 6.99962e-05 0.000680388 0.00452142 0.0205537 0.0639503 0.136253 0.198867 0.198876 0.136295 0.0640922 0.0209643 0.00555458 0.00294411 0.00439379 0.00721775 0.0105432 0.0135811 0.0155747 0.0161764 0.0156302 0.0145507 0.0134857 0.0126208 0.0118066 0.010796
pSPR Fmed_Fpbrs
1   0.983954 0.6 0.325 0.983954 0.983954 0.983954
Fs Fmed_Fpbrs
0   0.01 0.361601 0.937972 0.01 0.01 0.01
SSBpbr Bo_Bmed_Bpbrs
768429  730007  717677 422636 211318 717677 717677 717677
Ro
141063
SPR SPRFo_SPRFmed_SPRFpbrs
1.01626e+06 1.01626e+06 999958
Fref
0
Nvult_r0
 110813 14474.6 7037.87 1877.76 1148.51
CTP_r0
 22815.9 5023.54 2533.99 677.422 414.383
YTP_r0
356510
Np
 154736 56924.3 20941.3 7703.86 3876.7
Nvult_p0
 97811.9 35983 13237.4 4869.77 2450.54
CTP_p0
 0 0 0 0 0
 0 0 0 0 0
 0 0 0 0 0
 0 0 0 0 0
 0 0 0 0 0
 0 0 0 0 0
YTP_p0
 0 0 0 0 0 0
CBA_c0
0
log_Ro
11.677
likeval ReclasPelacesDesembMPH_pf_preclas_ppelaces_ptallas_desvR_qrecl_qpela
 0.000381971 14.7877 0.0536944 45.8963 240.886 140.599 117.627 0 20.2981 4.85363e-06 2.27366e-05 0.191649 2065.21 0 0
q_reclas_q_pelaces
1.36556 1.96273
M
1
N
 172133 32073.5 88799.2 5823.88 0.22881
 85291 57018.1 9516.14 26017.2 1705.2
 104836 25888 14142.3 2306.5 6710.61
 154722 31936.1 6469.04 3454.9 2199.95
 141360 42481.9 6449.45 1261.38 1100.42
 258046 47721.7 13104.2 1969.03 720.636
 112269 81120.1 12719.1 3427.39 702.73
 60383.9 31017.1 16591.4 2513.61 814.634
 64670 21306.2 10475.1 5575.3 1118.09
 80038.2 20536.1 5797.45 2800.46 1787.65
 114019 24941.1 5375.82 1487.71 1176.04
 125595 39907.1 8284.67 1775.05 879.245
 68256.9 35995.6 8799.82 1772.95 567.061
 28804.3 18552.2 7119.76 1678.51 445.427
 120796 2996.56 512.367 168.994 49.984
 267678 29628.8 480.216 78.2138 33.3356
 59033.4 62708.5 4321.48 66.3516 15.3655
 368124 16217.1 12677.3 843.571 15.92
 374912 90887.2 2634.02 1962.92 132.726
 307129 87597.5 13184.4 361.854 287.016
 366830 81560.5 16520.5 2391.2 117.42
 501885 107497 18823.3 3710.17 562.526
 106495 140371 22546.6 3820.37 865.583
 260520 33966.6 38540.3 6085.36 1263.53
 272011 82298 9143.95 10187.4 1940.53
 103194 87092 22774.6 2488.64 3297.67
 247930 34215.6 25891.2 6686.7 1697.66
 291949 78902.6 9351.78 6954.63 2249.91
 117731 95025.2 22583.5 2637.65 2593.97
 108323 39607.6 29105.1 6843.32 1584.33
 105267 35595.4 11560.3 8380.66 2424.84
 56939.9 31336.8 8484.27 2686.35 2507.36
 154736 18467.3 8904.02 2374.57 1452.35
pred_Ctot
 10928.7 3992.26 11640.8 765.602 0.0300836
 9580.37 12122.8 2122.61 5818.25 381.388
 11570.2 5415.76 3104.32 507.607 1477.05
 25404.2 9554.9 2022.21 1082.55 689.409
 7409.24 4399.82 704.103 138.101 120.497
 24035.5 8531.16 2461.39 370.838 135.74
 18087.8 23869.1 3911.21 1056.45 216.634
 1565.17 1618.62 914.58 138.972 45.0462
 5659.92 3593.43 1857.1 991.094 198.786
 7843.44 3848.98 1141.23 552.736 352.884
 3516.33 1543.23 351.225 97.4851 77.0743
 17900.8 10531.3 2288.17 491.46 243.469
 11549.3 11057 2823.14 570.124 182.371
 14403.8 13013.8 5092.65 1201.85 318.952
 26295.7 1142.03 203.171 67.1545 19.8648
 63736.5 12161.7 204.765 33.4186 14.2449
 9677.74 18736 1349.06 20.7624 4.80869
 79041 6109.79 4970.56 331.46 6.25608
 89703.4 37454.5 1127.51 841.953 56.9362
 55446.7 28468.8 4471.16 122.995 97.5694
 48052.5 19949.6 4233.06 614.235 30.1662
 77769.9 30560.6 5595.23 1105.5 167.634
 9058.51 23049.8 3892.49 661.346 149.863
 23560.1 5907.1 7043.83 1115.18 231.582
 22549.4 13190.9 1541.17 1721.71 328.006
 6494.08 10749.3 2960.54 324.415 429.942
 21396.6 5695.29 4530.62 1173.25 297.915
 21480.4 11299.7 1409.36 1050.99 340.058
 6409.62 10208 2556.85 299.479 294.563
 7378.01 5271.47 4078.16 961.545 222.644
 12916.8 8205.21 2793.35 2030.2 587.493
 4304.89 4604.77 1311.75 416.479 388.785
 22815.9 5023.54 2533.99 677.422 414.383
F
 0.104897 0.215041 0.22762 0.228323 0.22836
 0.192289 0.394198 0.417258 0.418546 0.418614
 0.188657 0.386752 0.409376 0.41064 0.410707
 0.292553 0.599741 0.634824 0.636785 0.636889
 0.0859249 0.176148 0.186453 0.187028 0.187059
 0.157207 0.322279 0.341131 0.342185 0.34224
 0.286361 0.587047 0.621388 0.623307 0.623408
 0.041724 0.0855352 0.0905388 0.0908184 0.0908332
 0.147111 0.301581 0.319222 0.320208 0.32026
 0.165986 0.340276 0.360181 0.361293 0.361352
 0.0498096 0.102111 0.108084 0.108418 0.108436
 0.249667 0.511823 0.541763 0.543436 0.543525
 0.302691 0.620524 0.656823 0.658852 0.658959
 1.26306 2.5893 2.74077 2.74923 2.74968
 0.405353 0.830985 0.879596 0.882312 0.882455
 0.451287 0.92515 0.979269 0.982293 0.982453
 0.292039 0.598687 0.633708 0.635665 0.635769
 0.398802 0.817554 0.865379 0.868051 0.868192
 0.453939 0.930587 0.985024 0.988066 0.988227
 0.325924 0.668152 0.707237 0.709421 0.709536
 0.227435 0.466247 0.493522 0.495046 0.495126
 0.274084 0.56188 0.594749 0.596586 0.596683
 0.142721 0.292582 0.309697 0.310653 0.310704
 0.152333 0.312287 0.330555 0.331576 0.33163
 0.138877 0.284702 0.301356 0.302287 0.302336
 0.103931 0.213061 0.225525 0.226221 0.226258
 0.144933 0.297116 0.314496 0.315468 0.315519
 0.122435 0.250995 0.265678 0.266498 0.266542
 0.0893782 0.183228 0.193946 0.194545 0.194577
 0.112901 0.231449 0.244989 0.245745 0.245785
 0.211706 0.434002 0.45939 0.460809 0.460884
 0.125993 0.258289 0.273398 0.274243 0.274287
 0.25928 0.531531 0.562624 0.564362 0.564454
YTP_r0W_actual
 172032 87660.8 60993.1 21216.9 14607
YTP_p0W_proyectada
 0 0 0 0 0
 0 0 0 0 0
 0 0 0 0 0
 0 0 0 0 0
 0 0 0 0 0
 0 0 0 0 0
CTP_r0_actual
 22815.9 5023.54 2533.99 677.422 414.383
CTP_p0_proyectada
 0 0 0 0 0
 0 0 0 0 0
 0 0 0 0 0
 0 0 0 0 0
 0 0 0 0 0
 0 0 0 0 0
Wmedp
 7.54 17.45 24.07 31.32 35.25
Frms_r0
 0.25928 0.531531 0.562624 0.564362 0.564454
Zrms_r0
 1.25928 1.53153 1.56262 1.56436 1.56445
nmprior
 7.29 8.9 8.7 0
nm_flota  nm_reclas  nm_pelaces    nm_pelaL
inf 10.8909 18.7599 60.6072
cv_recla  cv_pelaces  cv_mph
0.564189 0.421251 0.543183
 ------------------------------------------------
Talla a la edad & desviaci?n 
 8 13.2811 15.8009 17.003 17.5766
 0.8 1.32811 1.58009 1.7003 1.75766
