years
 1991 1992 1993 1994 1995 1996 1997 1998 1999 2000 2001 2002 2003 2004 2005 2006 2007 2008 2009 2010 2011 2012 2013 2014 2015 2016 2017 2018 2019 2020 2021 2022 2023
reclasobs
 0 0 0 0 0 0 0 0 0 252601 567819 844713 477998 351125 339783 2.1784e+06 2.13404e+06 4.81314e+06 1.55562e+06 2.62356e+06 3.21686e+06 3.843e+06 1.13348e+06 3.07943e+06 1.97215e+06 2.03268e+06 2.025e+06 2.42433e+06 2.27542e+06 1.05018e+06 2.36338e+06 3.18982e+06 1.53035e+06
reclaspred
 3.3583e+06 1.86711e+06 993202 1.18533e+06 1.35839e+06 2.33635e+06 1.74937e+06 1.79746e+06 1.46115e+06 1.14437e+06 898330 821925 557111 205249 660409 1.00793e+06 901502 1.62817e+06 1.6785e+06 1.59795e+06 3.11224e+06 2.70977e+06 2.31775e+06 3.31835e+06 2.61609e+06 2.3636e+06 2.75482e+06 2.97763e+06 2.61592e+06 1.9629e+06 1.61543e+06 1.49385e+06 1.70321e+06
pelacesobs
 0 0 0 0 0 0 0 0 0 0 0 0 0 0 0 552880 188675 0 991730 2.46772e+06 1.41603e+06 1.21717e+06 2.29649e+06 1.80582e+06 0 1.4828e+06 1.56532e+06 1.57751e+06 1.42118e+06 867257 1.10002e+06 1.06204e+06 0
pelacespred
 1.91963e+06 1.18952e+06 624728 616305 728463 1.32874e+06 969475 1.15573e+06 952712 723943 593535 444795 311491 98594.9 402204 501153 440605 890117 952523 813028 1.66318e+06 1.55306e+06 1.33937e+06 2.09479e+06 1.59054e+06 1.42634e+06 1.91514e+06 1.8658e+06 1.47088e+06 1.26723e+06 944592 865082 984450
mphobs
 0 0 0 0 0 0 0 0 0 0 0 0 498337 0 5186 125008 0 168611 109162 213762 579715 649985 157893 87575 83554 210694 70296 0 107559 103333 445601 22526 28222
mphpred
 766287 511496 253192 150513 202839 257399 381920 297493 282054 234140 162343 154320 124950 59897.4 16680.7 95215.2 162259 142153 210784 314905 442168 578471 107838 97754.7 132181 110932 96594 104834 144822 114833 73671.1 66962.4 43982.8
desembarqueobs
 494567 514787 250237 358949 120608 361735 552515 73892 212993 205616 52469 317467 293654 387597 252695 516296 358380 742168 942051 627588 828172 859565 418607 520667 417249 300574 415391 372974 316634 284311 391294 218835 356480
desembarquepred
 494570 513266 251054 358977 120612 361748 552540 73894.1 213012 205641 52472 317559 293910 388286 252682 516283 358408 742021 941628 627396 828265 859592 418631 520729 417247 300593 415415 372972 316623 284295 391351 218857 356496
Reclutas
 206889 106448 145948 263338 242814 416286 195333 109371 107858 113852 139222 126037 70280.3 34592.3 156285 337288 83767 439150 468517 400024 521044 720991 169655 411425 418785 167129 385126 452293 179232 157427 168120 97444.5 308740
log_desv_Rt
 0.0152529 -0.64927 -0.33368 0.256509 0.175365 0.714442 -0.0422232 -0.622185 -0.636118 -0.582027 -0.380862 -0.480357 -1.06444 -1.7733 -0.26525 0.504006 -0.888891 0.76791 0.832641 0.674595 0.938905 1.2637 -0.183162 0.702696 0.720426 -0.198167 0.636639 0.797401 -0.12825 -0.257966 -0.192255 -0.737648 0.415568
SSB
 3.50452e+06 2.33926e+06 1.15794e+06 688353 927659 1.17718e+06 1.74666e+06 1.36055e+06 1.28994e+06 1.07081e+06 742454 705765 546582 266861 73945.5 421635 742071 650120 995738 1.0154e+06 1.45883e+06 1.99028e+06 2.05117e+06 1.79681e+06 2.28969e+06 2.02991e+06 1.6738e+06 1.754e+06 2.50483e+06 1.87816e+06 1.36144e+06 1.2695e+06 773550
BT
 4.69472e+06 3.15792e+06 1.64234e+06 1.66748e+06 1.71126e+06 3.25147e+06 2.65348e+06 2.62399e+06 2.32565e+06 1.80323e+06 1.36698e+06 1.26897e+06 967008 623478 1.142e+06 1.55761e+06 1.2672e+06 2.63276e+06 3.02389e+06 2.35601e+06 4.3455e+06 4.26652e+06 3.33707e+06 5.13083e+06 3.92802e+06 3.43081e+06 4.67522e+06 4.50366e+06 3.52752e+06 3.0868e+06 2.46786e+06 2.10721e+06 2.50361e+06
Ftot
 0.129665 0.235315 0.228013 0.332986 0.0920547 0.175916 0.295393 0.0406953 0.146766 0.172399 0.0613884 0.376861 0.494436 1.64959 0.576027 0.644445 0.385275 0.55628 0.646845 0.443911 0.296768 0.346438 0.171552 0.178249 0.162566 0.122666 0.171548 0.149479 0.110176 0.137791 0.247025 0.139918 0.253068
BD_Bspro_t
 0.979611 0.85897 0.713405 0.653423 0.689317 0.77135 0.784062 0.69902 0.760241 0.760724 0.745332 0.79548 0.642435 0.409283 0.179424 0.52338 0.550361 0.499031 0.54033 0.50672 0.540478 0.611378 0.649471 0.658173 0.738994 0.761477 0.766527 0.792458 0.835065 0.79622 0.757787 0.731264 0.72388
BD_Bspro
 2.38737 1.59357 0.788823 0.468925 0.631947 0.801929 1.18988 0.926842 0.878742 0.729465 0.50578 0.480787 0.372347 0.181793 0.0503737 0.287229 0.505519 0.442879 0.678324 0.691722 0.993795 1.35583 1.39731 1.22404 1.5598 1.38283 1.14024 1.19488 1.70636 1.27945 0.92745 0.864817 0.526963
BD_Bo
 2.48256 1.65711 0.820273 0.487621 0.657142 0.833902 1.23732 0.963795 0.913777 0.758548 0.525945 0.499956 0.387192 0.189041 0.0523821 0.298681 0.525674 0.460537 0.705369 0.719301 1.03342 1.40989 1.45302 1.27284 1.62199 1.43796 1.1857 1.24252 1.77439 1.33046 0.964427 0.899297 0.547973
BD_Brms
 2.659 1.77489 0.878574 0.522279 0.703849 0.893172 1.32526 1.0323 0.978724 0.812462 0.563327 0.53549 0.414712 0.202477 0.0561051 0.31991 0.563036 0.49327 0.755503 0.770425 1.10687 1.5101 1.55629 1.36331 1.73727 1.54017 1.26997 1.33083 1.9005 1.42503 1.03297 0.963214 0.58692
Sel_flota
 0.487242 0.947519 0.997093 0.999847 0.999992
 0.487242 0.947519 0.997093 0.999847 0.999992
 0.487242 0.947519 0.997093 0.999847 0.999992
 0.487242 0.947519 0.997093 0.999847 0.999992
 0.487242 0.947519 0.997093 0.999847 0.999992
 0.487242 0.947519 0.997093 0.999847 0.999992
 0.487242 0.947519 0.997093 0.999847 0.999992
 0.487242 0.947519 0.997093 0.999847 0.999992
 0.487242 0.947519 0.997093 0.999847 0.999992
 0.487242 0.947519 0.997093 0.999847 0.999992
 0.487242 0.947519 0.997093 0.999847 0.999992
 0.487242 0.947519 0.997093 0.999847 0.999992
 0.487242 0.947519 0.997093 0.999847 0.999992
 0.487242 0.947519 0.997093 0.999847 0.999992
 0.487242 0.947519 0.997093 0.999847 0.999992
 0.487242 0.947519 0.997093 0.999847 0.999992
 0.487242 0.947519 0.997093 0.999847 0.999992
 0.487242 0.947519 0.997093 0.999847 0.999992
 0.487242 0.947519 0.997093 0.999847 0.999992
 0.487242 0.947519 0.997093 0.999847 0.999992
 0.487242 0.947519 0.997093 0.999847 0.999992
 0.487242 0.947519 0.997093 0.999847 0.999992
 0.487242 0.947519 0.997093 0.999847 0.999992
 0.487242 0.947519 0.997093 0.999847 0.999992
 0.487242 0.947519 0.997093 0.999847 0.999992
 0.487242 0.947519 0.997093 0.999847 0.999992
 0.487242 0.947519 0.997093 0.999847 0.999992
 0.487242 0.947519 0.997093 0.999847 0.999992
 0.487242 0.947519 0.997093 0.999847 0.999992
 0.487242 0.947519 0.997093 0.999847 0.999992
 0.487242 0.947519 0.997093 0.999847 0.999992
 0.487242 0.947519 0.997093 0.999847 0.999992
 0.487242 0.947519 0.997093 0.999847 0.999992
Sel_reclas
 1 1 1 1 1
 1 1 1 1 1
 1 1 1 1 1
 1 1 1 1 1
 1 1 1 1 1
 1 1 1 1 1
 1 1 1 1 1
 1 1 1 1 1
 1 1 1 1 1
 1 1 1 1 1
 1 1 1 1 1
 1 1 1 1 1
 1 1 1 1 1
 1 1 1 1 1
 1 1 1 1 1
 1 1 1 1 1
 1 1 1 1 1
 1 1 1 1 1
 1 1 1 1 1
 1 1 1 1 1
 1 1 1 1 1
 1 1 1 1 1
 1 1 1 1 1
 1 1 1 1 1
 1 1 1 1 1
 1 1 1 1 1
 1 1 1 1 1
 1 1 1 1 1
 1 1 1 1 1
 1 1 1 1 1
 1 1 1 1 1
 1 1 1 1 1
 1 1 1 1 1
Sel_pelaces
 1 1 1 1 1
 1 1 1 1 1
 1 1 1 1 1
 1 1 1 1 1
 1 1 1 1 1
 1 1 1 1 1
 1 1 1 1 1
 1 1 1 1 1
 1 1 1 1 1
 1 1 1 1 1
 1 1 1 1 1
 1 1 1 1 1
 1 1 1 1 1
 1 1 1 1 1
 1 1 1 1 1
 1 1 1 1 1
 1 1 1 1 1
 1 1 1 1 1
 1 1 1 1 1
 1 1 1 1 1
 1 1 1 1 1
 1 1 1 1 1
 1 1 1 1 1
 1 1 1 1 1
 1 1 1 1 1
 1 1 1 1 1
 1 1 1 1 1
 1 1 1 1 1
 1 1 1 1 1
 1 1 1 1 1
 1 1 1 1 1
 1 1 1 1 1
 1 1 1 1 1
pf_obs 
 0.8446 0.082 0.0669 0.0065 0
 0.8095 0.147 0.0364 0.0071 0
 0.9664 0.0169 0.016 0.0007 0
 0.9276 0.0648 0.0075 0.0001 0
 0.7033 0.2144 0.0806 0.0017 0
 0.9318 0.0425 0.0243 0.0014 0
 0.5671 0.3108 0.0964 0.0239 0.0018
 0.0768 0.2599 0.5324 0.112 0.0189
 0.490249 0.384438 0.106611 0.0170017 0.00170017
 0.7925 0.1577 0.0466 0.003 0.0002
 0.840416 0.127587 0.0312969 0.00059994 9.999e-05
 0.8084 0.0986 0.0794 0.0134 0.0002
 0.7335 0.1905 0.0724 0.0035 0.0001
 0.4001 0.4547 0.1325 0.0127 0
 0.49795 0.308269 0.164784 0.0264974 0.00249975
 0.9179 0.0499 0.0305 0.0017 0
 0.2467 0.6533 0.0926 0.0074 0
 0.9418 0.0223 0.034 0.0019 0
 0.707729 0.231977 0.0356964 0.0245975 0
 0.517169 0.277429 0.184464 0.0207286 0.00020938
 0.811772 0.124168 0.05621 0.00726502 0.000585176
 0.764997 0.148141 0.077277 0.00933861 0.000247198
 0.163321 0.427699 0.378323 0.0303852 0.000271297
 0.753843 0.0900009 0.118128 0.0371064 0.000921714
 0.721811 0.176058 0.0630433 0.0369309 0.00215725
 0.143369 0.312575 0.442814 0.0836902 0.0175525
 0.692698 0.0596174 0.167031 0.0765114 0.00414204
 0.394062 0.376323 0.152708 0.0712218 0.00568511
 0.125707 0.32114 0.495352 0.0537591 0.00404204
 0.23352 0.215282 0.420074 0.123614 0.00750983
 0.796117 0.104755 0.0508955 0.0450114 0.00322123
 0.162477 0.292055 0.404252 0.121198 0.0200186
 0 0 0 0 0
pf_pred 
 0.328236 0.119603 0.524349 0.0278101 1.04554e-06
 0.283848 0.354614 0.0671915 0.279561 0.0147858
 0.500519 0.223177 0.140818 0.0252417 0.110243
 0.668088 0.222966 0.0502162 0.0299781 0.0287522
 0.554373 0.359363 0.0590806 0.0125517 0.014632
 0.646154 0.249424 0.0850425 0.0132845 0.00609493
 0.371556 0.492336 0.0974623 0.0314912 0.00715493
 0.332003 0.364482 0.240718 0.045006 0.01779
 0.413554 0.286089 0.16761 0.105341 0.0274055
 0.488373 0.29832 0.106939 0.059433 0.0469347
 0.551741 0.293327 0.0923951 0.0313987 0.0311384
 0.495557 0.354783 0.0996641 0.0298494 0.0201467
 0.408383 0.398974 0.137921 0.036482 0.0182399
 0.405323 0.360013 0.161604 0.0523602 0.0207001
 0.914894 0.0585424 0.0167554 0.00676655 0.00304112
 0.811176 0.181317 0.00527242 0.00141159 0.000823212
 0.315947 0.619714 0.0619473 0.0016816 0.000710052
 0.827432 0.0847566 0.079995 0.00752705 0.000289633
 0.66736 0.304556 0.0142595 0.0125977 0.00122654
 0.592067 0.334034 0.0680522 0.00297407 0.0028724
 0.643314 0.269427 0.0722427 0.0138316 0.00118418
 0.652079 0.273775 0.056791 0.0143766 0.00297885
 0.242213 0.60228 0.123894 0.0242308 0.00738109
 0.595124 0.156169 0.199829 0.0389652 0.00991285
 0.54457 0.340329 0.0458856 0.0556448 0.0135706
 0.30234 0.48922 0.157893 0.020186 0.0303606
 0.61775 0.174925 0.147648 0.0452369 0.0144396
 0.583662 0.317946 0.0463552 0.0370898 0.0149469
 0.30825 0.506707 0.1431 0.0197911 0.0221523
 0.381089 0.286614 0.24677 0.0661847 0.0193433
 0.478873 0.286497 0.11177 0.0913054 0.0315543
 0.37937 0.404325 0.121978 0.0450066 0.0493201
 0.730597 0.147014 0.0812193 0.0232464 0.0179238
pobs_RECLAS
 0 0 0 0 0
 0 0 0 0 0
 0 0 0 0 0
 0 0 0 0 0
 0 0 0 0 0
 0 0 0 0 0
 0 0 0 0 0
 0 0 0 0 0
 0 0 0 0 0
 0 0 0 0 0
 0.991045 0.00858322 0.000360255 1.14367e-05 0
 0.934742 0.0480273 0.0164251 0.00080598 0
 0.827803 0.169806 0.00239088 0 0
 0.941827 0.0461693 0.0120037 0 0
 0.791401 0.0380133 0.147996 0.0225897 0
 0.846168 0.0940531 0.0597789 0 0
 0.134021 0.677848 0.182769 0.00536245 0
 0.80878 0.0450904 0.141981 0.00414843 0
 0.846168 0.0940531 0.0597789 0 0
 0.905697 0.0802665 0.012482 0.00150086 5.37128e-05
 0.989698 0.0102097 9.19794e-05 0 0
 0.975433 0.0193895 0.00387452 0.00125025 5.28907e-05
 0.303575 0.632131 0.0575291 0.00676475 0
 0.966965 0.00978017 0.0227588 0.000495775 0
 0.843318 0.132988 0.00938335 0.0141283 0.000182051
 0.564624 0.303363 0.111486 0.0197234 0.00080311
 0.826376 0.0876187 0.0782897 0.00655872 0.00115652
 0.89761 0.0855135 0.0140674 0.00269457 0.000114338
 0.34875 0.467042 0.161289 0.0227151 0.000203297
 0.318654 0.224769 0.449479 0.00709798 0
 0.937255 0.0296025 0.0250945 0.00804832 0
 0.456809 0.399803 0.12412 0.0192676 0
 0.883104 0.0372192 0.0704036 0.00927362 0
ppred_RECLAS
 0.499141 0.0930296 0.387342 0.0204864 7.70086e-07
 0.444498 0.282629 0.0508301 0.210891 0.0111522
 0.669603 0.152013 0.0910446 0.0162738 0.0710652
 0.8018 0.135496 0.0289477 0.0172319 0.0165248
 0.710343 0.235913 0.0368416 0.00780527 0.00909759
 0.784126 0.154494 0.050015 0.00779096 0.00357397
 0.540972 0.363703 0.0683141 0.0220104 0.00500011
 0.497677 0.280513 0.17602 0.0328188 0.0129708
 0.58629 0.207295 0.115331 0.0722821 0.018802
 0.656493 0.204718 0.06968 0.0386174 0.0304919
 0.709512 0.193501 0.0579053 0.0196235 0.019458
 0.663946 0.2401 0.0639622 0.0191017 0.0128907
 0.58343 0.285887 0.0936405 0.0246969 0.0123458
 0.607342 0.244059 0.102453 0.0330738 0.0130729
 0.956365 0.0305319 0.00827447 0.00333171 0.00149715
 0.896584 0.0995202 0.00273862 0.000731024 0.000426251
 0.478983 0.474325 0.0449612 0.001217 0.000513796
 0.90796 0.046463 0.0415306 0.00389628 0.000149902
 0.802357 0.181802 0.0080552 0.00709516 0.000690694
 0.744398 0.211303 0.0408042 0.00177809 0.00171705
 0.78263 0.166294 0.0423072 0.00807717 0.000691412
 0.789285 0.167672 0.0329906 0.00832771 0.00172525
 0.387525 0.491941 0.0960874 0.0187398 0.00570761
 0.748323 0.10022 0.121759 0.0236757 0.00602226
 0.703476 0.224537 0.0287467 0.0347632 0.00847678
 0.462385 0.382815 0.117343 0.0149601 0.0224973
 0.765044 0.110595 0.0886371 0.0270809 0.00864292
 0.735255 0.204684 0.0283388 0.0226112 0.0091108
 0.468773 0.394485 0.105816 0.0145939 0.0163327
 0.553203 0.212735 0.173945 0.0465226 0.0135948
 0.649141 0.197542 0.0731447 0.0595834 0.0205884
 0.549034 0.299164 0.0857106 0.0315366 0.0345541
 0.845245 0.0864872 0.0453475 0.0129426 0.00997773
pobs_PELACES
 0 0 0 0 0
 0 0 0 0 0
 0 0 0 0 0
 0 0 0 0 0
 0 0 0 0 0
 0 0 0 0 0
 0 0 0 0 0
 0 0 0 0 0
 0 0 0 0 0
 0 0 0 0 0
 0 0 0 0 0
 0 0 0 0 0
 0 0 0 0 0
 0 0 0 0 0
 0 0 0 0 0
 0 0 0 0 0
 0.505614 0.472636 0.0217494 0 0
 0 0 0 0 0
 0.443492 0.261883 0.143347 0.151278 0
 0.227955 0.32914 0.350689 0.0885471 0.00366901
 0.970185 0.0296113 0.000203453 0 0
 0.997202 0.00247181 0.000326279 0 0
 0.445219 0.490057 0.0546422 0.010081 0
 0.90214 0.0892962 0.00764917 0.000914606 0
 0 0 0 0 0
 0.581667 0.319106 0.0959925 0.00289975 0.000334073
 0.762889 0.0836404 0.116647 0.0363945 0.000428098
 0.88444 0.0763242 0.0277011 0.0115352 0
 0.521256 0.241999 0.230069 0.00667565 0
 0.616807 0.101726 0.260614 0.0208532 0
 0.833518 0.0704572 0.0857862 0.0102388 0
 0.697417 0.212968 0.0787535 0.0105354 0.000325836
 0 0 0 0 0
ppred_PELACES
 0.504498 0.0921942 0.38305 0.020257 7.61459e-07
 0.453829 0.27843 0.0498826 0.206916 0.0109418
 0.677672 0.148608 0.0886737 0.0158467 0.0691995
 0.809988 0.130128 0.02765 0.0164545 0.015779
 0.71327 0.233595 0.0364248 0.00771633 0.00899388
 0.788752 0.151308 0.0488428 0.00760716 0.00348962
 0.552343 0.355055 0.0663682 0.0213777 0.0048563
 0.499297 0.279692 0.175388 0.0326997 0.0129237
 0.591983 0.204693 0.113611 0.0711943 0.0185189
 0.662635 0.201293 0.0683212 0.0378584 0.0298924
 0.7115 0.192243 0.057471 0.0194753 0.0193109
 0.676987 0.231196 0.0612116 0.018274 0.0123319
 0.602176 0.273724 0.0889344 0.0234452 0.0117198
 0.667526 0.208791 0.0853143 0.0274999 0.0108689
 0.959984 0.02808 0.00753859 0.00303382 0.00136325
 0.905349 0.0911223 0.00248123 0.00066193 0.000385952
 0.493742 0.461149 0.0434376 0.00117535 0.000496202
 0.915134 0.0430358 0.0381187 0.00357438 0.000137514
 0.817606 0.167921 0.00736185 0.00648064 0.000630852
 0.757246 0.200934 0.0385212 0.00167793 0.00162029
 0.790391 0.160541 0.0406458 0.00775787 0.000664071
 0.798092 0.160852 0.0314699 0.00794134 0.00164517
 0.39386 0.487123 0.0948799 0.0185014 0.00563495
 0.753717 0.098246 0.119014 0.0231381 0.00588546
 0.708739 0.220699 0.0281803 0.0340732 0.00830848
 0.467165 0.379633 0.116135 0.0148044 0.022263
 0.769962 0.108444 0.086669 0.0264754 0.00844962
 0.739761 0.201316 0.0278043 0.0221817 0.00893769
 0.473059 0.391486 0.104822 0.0144554 0.0161776
 0.558665 0.210386 0.171637 0.0458996 0.0134127
 0.658047 0.192878 0.0711296 0.0579289 0.0200165
 0.554486 0.295781 0.0845476 0.0311047 0.0340806
 0.850443 0.0837376 0.0437244 0.0124765 0.00961828
pobs_pel_tallas
 0 0 0 0 0 0 0 0 0 0 0 0 0 0 0 0 0 0 0 0 0 0 0 0 0 0
 0 0 0 0 0 0 0 0 0 0 0 0 0 0 0 0 0 0 0 0 0 0 0 0 0 0
 0 0 0 0 0 0 0 0 0 0 0 0 0 0 0 0 0 0 0 0 0 0 0 0 0 0
 0 0 0 0 0 0 0 0 0 0 0 0 0 0 0 0 0 0 0 0 0 0 0 0 0 0
 0 0 0 0 0 0 0 0 0 0 0 0 0 0 0 0 0 0 0 0 0 0 0 0 0 0
 0 0 0 0 0 0 0 0 0 0 0 0 0 0 0 0 0 0 0 0 0 0 0 0 0 0
 0 0 0 0 0 0 0 0 0 0 0 0 0 0 0 0 0 0 0 0 0 0 0 0 0 0
 0 0 0 0 0 0 0 0 0 0 0 0 0 0 0 0 0 0 0 0 0 0 0 0 0 0
 0 0 0 0 0 0 0 0 0 0 0 0 0 0 0 0 0 0 0 0 0 0 0 0 0 0
 0 0 0 0 0 0 0 0 0 0 0 0 0 0 0 0 0 0 0 0 0 0 0 0 0 0
 0 0 0 0 0 0 0 0 0 0 0 0 0 0 0 0 0 0 0 0 0 0 0 0 0 0
 0 0 0 0 0 0 0 0 0 0 0 0 0 0 0 0 0 0 0 0 0 0 0 0 0 0
 0.00862536 0 0 0.000197151 0.00414017 0.0128641 0.00837892 0.0270097 0.101434 0.158115 0.152841 0.127902 0.109271 0.109419 0.0830992 0.0579132 0.0238553 0.00714673 0.00463305 0.00128148 0.00103504 0.000492878 0.000147863 0.000147863 4.92878e-05 0
 0 0 0 0 0 0 0 0 0 0 0 0 0 0 0 0 0 0 0 0 0 0 0 0 0 0
 0 0 0 0 0 0 0 0.0054083 0.00873648 0.0413646 0.0450493 0.0745869 0.0622846 0.0627006 0.0613931 0.0827291 0.12552 0.122667 0.0946155 0.0697135 0.0546179 0.0294188 0.0215738 0.0213955 0.0102223 0.00600262
 0 0 0 0 0.00359764 0.0251062 0.0480494 0.140153 0.205849 0.193036 0.1447 0.116669 0.0760912 0.0342217 0.00950174 0.001854 0.000860785 0 0 0 0.000165536 0 0.000143464 0 0 0
 0 0 0 0 0 0 0 0.000145254 0.000435761 0.0275982 0.070085 0.0708112 0.156366 0.174668 0.174014 0.160142 0.0824315 0.0480064 0.0283245 0.00493863 0.00203355 0 0 0 0 0
 0 0 0 0 0 0 0 0 0 0 0 0 0 0 0 0 0 0 0 0 0 0 0 0 0 0
 0 0 1.00437e-05 0.000401748 0.00122533 0.00171747 0.00176769 0.0269171 0.070346 0.194647 0.189555 0.159765 0.064822 0.0314167 0.0384472 0.0292271 0.0345202 0.0313363 0.0194345 0.0106764 0.0143323 0.0359363 0.0279516 0.0138201 0.00172751 0
 0 0.0021121 0.0136068 0.0755702 0.200478 0.177729 0.0527432 0.0373336 0.0318909 0.0142505 0.0149659 0.0166563 0.0217959 0.0798694 0.0677717 0.0528807 0.04013 0.0224614 0.0357745 0.0225083 0.00881397 0.00855152 0.00135912 0.000746735 0 0
 0 0 0 0 5.4009e-05 0.00500934 0.000945158 0.0243581 0.138947 0.33067 0.221406 0.137944 0.0707744 0.0437923 0.0131692 0.00525238 0.0047753 0.00276346 9.45158e-05 9.00151e-06 2.25038e-05 9.00151e-06 4.50075e-06 0 0 0
 0.000866109 0.00284123 0.00948549 0.0512746 0.133035 0.25785 0.225252 0.132002 0.0553304 0.0519788 0.0540692 0.017754 0.00435017 0.00159236 0.00146478 0.000404838 0.000125132 0.000115318 0.000107957 0.000100596 0 0 0 0 0 0
 0 0 0 0 0.00144013 0.00171154 0.00461396 0.0210425 0.0478622 0.0707936 0.0888783 0.103762 0.0637923 0.0337046 0.0602308 0.124433 0.169614 0.0934646 0.0462172 0.0250306 0.0313229 0.00938855 0.002487 0.000210481 0 0
 0 0.00764035 0.051015 0.0998891 0.058973 0.0496711 0.0374665 0.0718981 0.12319 0.153886 0.159021 0.0857701 0.0377988 0.023471 0.0147837 0.00900784 0.00315554 0.000888139 0.00291439 0.00214683 0.00393193 0.00274676 0.000635225 9.99891e-05 0 0
 0 0 0 0 0 0 0 0 0 0 0 0 0 0 0 0 0 0 0 0 0 0 0 0 0 0
 0 0 0 0 0 0 0 0 0 0 0 0 0 0 0 0 0 0 0 0 0 0 0 0 0 0
 0 0 0 0 0 0 0 0 0 0 0 0 0 0 0 0 0 0 0 0 0 0 0 0 0 0
 0 0 0 0 0 0 0 0 0 0 0 0 0 0 0 0 0 0 0 0 0 0 0 0 0 0
 0 0 0 0 0 0 0 0 0 0 0 0 0 0 0 0 0 0 0 0 0 0 0 0 0 0
 0 0 0 0 0 0 0 0 0 0 0 0 0 0 0 0 0 0 0 0 0 0 0 0 0 0
 0 0 0 0 0 0 0 0 0 0 0 0 0 0 0 0 0 0 0 0 0 0 0 0 0 0
 0 0 0 0 0 0 0 0 0 0 0 0 0 0 0 0 0 0 0 0 0 0 0 0 0 0
 0 0 0 0 0 0 0 0 0 0 0 0 0 0 0 0 0 0 0 0 0 0 0 0 0 0
ppred_pel_tallas
 1.1311e-16 4.15549e-05 0.000403928 0.00268424 0.0122022 0.0379656 0.08089 0.118063 0.118073 0.0809366 0.0381234 0.0126654 0.0038746 0.00309383 0.00541723 0.00958471 0.0154162 0.0227352 0.0312613 0.0406612 0.0503868 0.0593567 0.0658803 0.0681447 0.0650864 0.0570519
 1.24114e-16 3.73814e-05 0.00036336 0.00241466 0.0109767 0.0341527 0.072767 0.106211 0.106238 0.0728986 0.0345949 0.0122553 0.0056294 0.00740016 0.0134611 0.0223629 0.0326391 0.042032 0.0483646 0.050883 0.0507996 0.0504475 0.0516541 0.0545776 0.0577511 0.0590877
 1.15897e-16 5.5819e-05 0.00054258 0.00360564 0.0163907 0.0509977 0.108656 0.15859 0.158605 0.108727 0.0512352 0.0170785 0.00533821 0.00434559 0.00734053 0.012213 0.0179863 0.0234809 0.027554 0.0297517 0.0305777 0.0310755 0.0320495 0.0335482 0.0349289 0.0353251
 1.05152e-16 6.67177e-05 0.00064852 0.00430964 0.019591 0.060955 0.129871 0.189554 0.189566 0.129933 0.0611612 0.020187 0.00580676 0.00392071 0.00629328 0.0103315 0.0149576 0.0189903 0.021284 0.0213409 0.0196127 0.0171818 0.0150785 0.0137608 0.0130679 0.0125298
 1.03407e-16 5.87511e-05 0.000571082 0.00379504 0.0172517 0.0536766 0.114365 0.166923 0.166946 0.114475 0.0540461 0.0183191 0.00647474 0.00642206 0.0111743 0.0183898 0.0265083 0.0333849 0.0368742 0.0359919 0.0314957 0.0253585 0.019573 0.0152189 0.0123316 0.0103758
 1.02802e-16 6.49685e-05 0.000631517 0.00419665 0.0190774 0.0593569 0.126467 0.184585 0.1846 0.126538 0.0595971 0.0197717 0.0059415 0.00444752 0.00733274 0.0120731 0.01751 0.0222792 0.0250274 0.025119 0.0229839 0.0197689 0.0165916 0.0139964 0.0119353 0.0101077
 1.04972e-16 4.54958e-05 0.000442236 0.00293881 0.0133594 0.0415664 0.0885628 0.129267 0.129301 0.0887302 0.0421284 0.0149832 0.00701618 0.00934794 0.0169732 0.0280255 0.0404557 0.0510619 0.0566055 0.0555915 0.0491394 0.0401773 0.0316371 0.0250693 0.0204829 0.017091
 1.106e-16 4.11265e-05 0.000399764 0.00265657 0.0120764 0.0375744 0.0800571 0.116851 0.116879 0.08019 0.0380212 0.01337 0.00591432 0.0075469 0.013719 0.0228878 0.0336046 0.0435956 0.0505349 0.0533081 0.0525564 0.0499847 0.0470494 0.0441367 0.0407512 0.0362938
 1.13605e-16 4.87609e-05 0.000473973 0.00314972 0.0143182 0.0445493 0.0949177 0.138539 0.138559 0.0950149 0.0448762 0.0152647 0.00553355 0.00570454 0.010062 0.0167687 0.0246559 0.0320901 0.0374494 0.0400377 0.0404589 0.0400549 0.0398678 0.0399778 0.0396465 0.0379804
 1.10879e-16 5.45804e-05 0.000530541 0.00352563 0.016027 0.0498661 0.106246 0.155073 0.155092 0.106341 0.0501861 0.0169522 0.00585204 0.00562276 0.00976656 0.0161697 0.0235532 0.0301969 0.0344015 0.0354376 0.0339778 0.0315792 0.0296345 0.0286179 0.0280842 0.0272118
 1.06929e-16 5.86054e-05 0.000569665 0.00378563 0.0172089 0.0535434 0.114081 0.166508 0.166526 0.114171 0.0538486 0.018091 0.00600261 0.00541868 0.00929552 0.0153485 0.0222812 0.0283994 0.0320222 0.032396 0.0301309 0.0267353 0.0236334 0.0214441 0.0199481 0.0185518
 1.05746e-16 5.57626e-05 0.000542032 0.00360199 0.0163742 0.0509462 0.108547 0.158432 0.158455 0.108656 0.0513128 0.0174338 0.00626431 0.00636219 0.0111339 0.0183836 0.0266316 0.0338199 0.037888 0.0378939 0.0345542 0.029702 0.0251163 0.0216492 0.0191672 0.0170765
 1.06972e-16 4.96005e-05 0.000482135 0.00320396 0.0145647 0.0453164 0.0965525 0.140927 0.140953 0.0966818 0.0457511 0.0158212 0.00636188 0.00738975 0.0132093 0.0218665 0.031748 0.0404592 0.0455845 0.0460068 0.0425318 0.0372418 0.03213 0.0281077 0.0249786 0.0220809
 1.07113e-16 5.49833e-05 0.000534457 0.00355165 0.0161453 0.0502342 0.10703 0.156218 0.156238 0.107129 0.0505663 0.0171059 0.00596768 0.00582435 0.0101478 0.0168116 0.0245009 0.031422 0.0357779 0.0367427 0.0349102 0.0317853 0.028748 0.0263327 0.0242584 0.0219634
 1.0076e-16 7.90726e-05 0.000768614 0.00510771 0.0232189 0.0722427 0.153921 0.224652 0.224655 0.153934 0.0722872 0.0233477 0.00543117 0.00147582 0.00142544 0.00224001 0.00323968 0.00411784 0.0046213 0.00463683 0.00425222 0.00368942 0.00316171 0.00276792 0.00248627 0.00224
 1.00227e-16 7.45724e-05 0.00072487 0.00481702 0.0218975 0.0681312 0.145161 0.211869 0.211877 0.145204 0.0682749 0.0223124 0.00585777 0.00299409 0.00437613 0.00709538 0.0101641 0.0126767 0.0137665 0.0130363 0.0107976 0.00787317 0.00512387 0.00306193 0.00176991 0.00106323
 1.01574e-16 4.06689e-05 0.000395317 0.00262702 0.0119421 0.0371565 0.0791674 0.115556 0.115601 0.0793844 0.0378849 0.0140454 0.00790473 0.01191 0.0218893 0.0360703 0.0518309 0.0649085 0.0709758 0.0680186 0.0575334 0.0435259 0.0301545 0.0198474 0.012967 0.0086627
 1.01493e-16 7.53784e-05 0.000732704 0.00486908 0.0221341 0.0688675 0.14673 0.214157 0.214161 0.14675 0.0689366 0.0223343 0.00537407 0.00184306 0.0022074 0.00359047 0.00530539 0.00696336 0.00821283 0.00887563 0.00901726 0.00884057 0.00849993 0.00800347 0.0072686 0.00624995
 1.01013e-16 6.73451e-05 0.000654619 0.00435017 0.0197753 0.0615283 0.131093 0.191338 0.191354 0.131172 0.0617933 0.0205404 0.00626955 0.00484067 0.00800583 0.0130985 0.0187924 0.0234865 0.0256016 0.0244172 0.0205092 0.01538 0.0105842 0.00702049 0.00479468 0.00353345
 1.01606e-16 6.23734e-05 0.000606292 0.00402902 0.0183154 0.056986 0.121415 0.177213 0.177233 0.12151 0.057304 0.0192341 0.00633582 0.00564408 0.00963587 0.015846 0.0228537 0.0288044 0.0318431 0.0310991 0.0271839 0.0217469 0.0164677 0.0122791 0.00926938 0.00708179
 1.02105e-16 6.51035e-05 0.000632829 0.00420537 0.019117 0.0594802 0.126729 0.184969 0.184984 0.126805 0.0597347 0.0198524 0.00605252 0.00466969 0.00774503 0.0127354 0.0184193 0.0233284 0.0260052 0.0257667 0.0230872 0.0192343 0.0154684 0.0124436 0.0101602 0.00830886
 1.02025e-16 6.57378e-05 0.000638995 0.00424635 0.0193033 0.0600597 0.127964 0.186771 0.186786 0.12804 0.0603144 0.020039 0.00609384 0.00467443 0.00773662 0.0127041 0.0183364 0.0231463 0.025662 0.025201 0.0222632 0.0181667 0.0142351 0.0111738 0.00900015 0.00737769
 1.05672e-16 3.24419e-05 0.000315346 0.00209559 0.00952628 0.02964 0.063153 0.0921835 0.0922304 0.0633826 0.0304112 0.0117542 0.00768991 0.0125343 0.0232577 0.0384482 0.0554988 0.0700319 0.0775899 0.0760967 0.0670592 0.0544725 0.0423617 0.0328945 0.0261615 0.0211786
 1.06777e-16 6.20827e-05 0.000603466 0.00401024 0.01823 0.0567203 0.120849 0.176385 0.176394 0.120896 0.0568792 0.0186912 0.00517618 0.00317615 0.00502866 0.00842598 0.0126251 0.0169098 0.0205683 0.023241 0.0250406 0.0262805 0.0270635 0.0271214 0.0260324 0.0235901
 1.05693e-16 5.83779e-05 0.000567454 0.00377093 0.0171421 0.0533356 0.113638 0.165862 0.165884 0.113742 0.0536848 0.0181507 0.00630296 0.00609663 0.010565 0.0173906 0.0250913 0.0316622 0.0351167 0.0345804 0.0308273 0.0257544 0.021217 0.0181245 0.0163259 0.0151089
 1.08701e-16 3.84798e-05 0.000374038 0.00248561 0.0112993 0.0351564 0.0749058 0.109335 0.109372 0.0750851 0.0357588 0.0130406 0.00686151 0.00994296 0.0182596 0.0302516 0.0438697 0.0557873 0.0626222 0.062801 0.057444 0.0494854 0.0417818 0.035719 0.0311379 0.0271856
 1.06614e-16 6.34208e-05 0.000616473 0.00409668 0.0186229 0.0579428 0.123454 0.180187 0.180197 0.123505 0.0581168 0.019127 0.00536791 0.00341116 0.0054288 0.00902645 0.0133544 0.0175487 0.0207634 0.0226048 0.0233088 0.0234497 0.0234336 0.0232145 0.022425 0.0207336
 1.04591e-16 6.09331e-05 0.000592292 0.00393599 0.0178924 0.0556701 0.118612 0.173121 0.173141 0.118707 0.0559886 0.0188124 0.00624563 0.0056357 0.00964393 0.0158604 0.0228767 0.0288514 0.0319607 0.0313915 0.0278336 0.0230086 0.0186179 0.0155234 0.0136405 0.0123764
 1.07313e-16 3.89653e-05 0.000378757 0.00251698 0.0114418 0.0356 0.0758509 0.110715 0.110752 0.0760357 0.0362207 0.0132357 0.00702372 0.0102298 0.0187854 0.0310926 0.0450161 0.0570907 0.0637939 0.0634851 0.0573363 0.048436 0.039831 0.0330629 0.0280569 0.0239731
 1.1188e-16 4.60166e-05 0.000447297 0.00297245 0.0135123 0.042042 0.0895757 0.130743 0.130763 0.089676 0.0423796 0.0144905 0.00543927 0.00587064 0.0104586 0.017513 0.0259183 0.0340557 0.0402789 0.0438059 0.0450699 0.0451619 0.0448605 0.0440955 0.0422051 0.0386192
 1.11299e-16 5.42025e-05 0.000526868 0.00350122 0.0159161 0.0495209 0.10551 0.153999 0.154018 0.105601 0.0498278 0.0168037 0.00573394 0.00541667 0.00938821 0.0155623 0.0227209 0.0292439 0.0335372 0.0349285 0.0340627 0.0323892 0.0311501 0.0306738 0.0304114 0.0295021
 1.11403e-16 4.56723e-05 0.000443951 0.00295021 0.0134113 0.0417276 0.088906 0.129767 0.129796 0.0890457 0.042197 0.0147681 0.0063602 0.00790167 0.0142502 0.0235958 0.0342494 0.0436394 0.0491857 0.0497413 0.0462668 0.0411101 0.0364856 0.033348 0.0313334 0.0294745
 1.04163e-16 7.00499e-05 0.00068091 0.00452489 0.0205695 0.0639993 0.136358 0.19902 0.199028 0.136397 0.0641329 0.0209559 0.00549766 0.00281348 0.00414678 0.00681478 0.00997611 0.0128976 0.0148813 0.0156112 0.0153189 0.0145698 0.0138506 0.0132959 0.0127231 0.0118666
pSPR Fmed_Fpbrs
1   0.983642 0.6 0.325 0.983642 0.983642 0.983642
Fs Fmed_Fpbrs
0   0.01 0.352781 0.908602 0.01 0.01 0.01
SSBpbr Bo_Bmed_Bpbrs
1.41166e+06  1.34107e+06  1.31798e+06 776411 388205 1.31798e+06 1.31798e+06 1.31798e+06
Ro
203757
SPR SPRFo_SPRFmed_SPRFpbrs
1.46794e+06 1.46794e+06 1.44393e+06
Fref
0
Nvult_r0
 208337 23793.2 12617.6 3603.44 2778.07
CTP_r0
 22869.1 4601.82 2542.32 727.656 561.051
YTP_r0
356496
Np
 308740 113579 41783.4 15371.2 7735.04
Nvult_p0
 195161 71795.6 26412.1 9716.48 4889.48
CTP_p0
 0 0 0 0 0
 0 0 0 0 0
 0 0 0 0 0
 0 0 0 0 0
 0 0 0 0 0
 0 0 0 0 0
YTP_p0
 0 0 0 0 0 0
CBA_c0
0
log_Ro
12.0447
likeval ReclasPelacesDesembMPH_pf_preclas_ppelaces_ptallas_desvR_qrecl_qpela
 0.000401619 14.6778 0.119232 53.6386 241.9 141.733 114.897 0 21.1395 1.51405e-06 6.7173e-08 0.499693 2066.5 0 0
q_reclas_q_pelaces
0.840285 1.03733
M
1
N
 206889 39727.8 165945 8778.34 0.329982
 106448 71450.5 12925.4 53643.9 2836.81
 145948 34918.1 21031.9 3760.54 16422
 263338 48045.7 10349.7 6163.78 5910.97
 242814 82367.8 12892.4 2731.74 3184.06
 416286 85408.2 27770.4 4326.91 1984.92
 195333 140563 26595.9 8572.56 1947.47
 109371 62226.4 39086.2 7287.97 2880.39
 107858 39445.4 22025.9 13807.2 3591.57
 113852 36940.3 12627.2 6999.79 5527.04
 139222 38509.4 11541.5 3911.64 3878.66
 126037 49707.6 13366.3 3993.79 2695.26
 70280.3 38588.4 12795.3 3376.94 1688.17
 34592.3 20319.5 8885.88 2875.06 1136.54
 156285 5696.65 1566.06 631.072 283.593
 337288 43424.2 1214.2 324.395 189.16
 83767 90643.7 8674.54 234.925 99.1841
 439150 25541.8 23147.4 2173.28 83.6161
 468517 123199 5546.86 4890.13 476.062
 400024 125763 24554.6 1070.65 1033.93
 521044 118538 30380.1 5802.44 496.705
 720991 165875 32918.7 8313.51 1722.35
 169655 224041 43946.8 8572.92 2611.1
 411425 57407.9 70054.9 13625.3 3465.84
 418785 138764 17837.2 21575.3 5261.06
 167129 142330 43760.9 5580.02 8391.42
 385126 57916.1 46614.9 14245.4 4546.5
 452293 130319 18109.8 14452.5 5823.47
 179232 154702 41610.4 5739.69 6423.59
 157427 62489.5 51270 13715.1 4007.85
 168120 54153.8 20174.9 16440 5680.76
 97444.5 54834.3 15764.6 5801.59 6356.75
 308740 33485.4 17667.7 5044.28 3888.83
pred_Ctot
 8048.29 2932.65 12856.9 681.899 0.0256364
 7357.72 9192.08 1741.7 7246.61 383.267
 9789.15 4364.9 2754.12 493.677 2156.13
 25262.8 8431.12 1898.85 1133.58 1087.22
 6757.03 4380.13 720.109 152.987 178.343
 21767.4 8402.5 2864.88 447.523 205.324
 16747.3 22191.3 4392.97 1419.42 322.498
 1359.56 1492.56 985.745 184.3 72.8504
 4732.9 3274.13 1918.21 1205.58 313.641
 5838.4 3566.35 1278.43 710.508 561.094
 2599.7 1382.1 435.348 147.945 146.718
 13566.4 9712.57 2728.41 817.159 551.539
 9699.37 9475.9 3275.72 866.471 433.21
 12875.9 11436.5 5133.66 1663.33 657.579
 24734 1582.69 452.98 182.933 82.2161
 58939.3 13174.4 383.09 102.565 59.8139
 9202.62 18050.5 1804.34 48.9802 20.6817
 67374.8 6901.42 6513.7 612.901 23.5838
 82138.1 37484.5 1755.05 1550.51 150.962
 50056.5 28241 5753.49 251.443 242.848
 44868.8 18791.6 5038.66 964.705 82.5919
 71770.1 30132.6 6250.62 1582.34 327.862
 8658.7 21530.4 4429 866.208 263.861
 21788.4 5717.6 7316.05 1426.58 362.925
 20290.6 12680.6 1709.69 2073.31 505.639
 6159.29 9966.44 3216.62 411.231 618.509
 19655.2 5565.64 4697.78 1439.32 459.429
 20202.9 11005.4 1604.54 1283.83 517.374
 5947.7 9776.96 2761.13 381.872 427.431
 6497.32 4886.58 4207.27 1128.41 329.791
 12170.3 7281.17 2840.59 2320.48 801.937
 4082.06 4350.58 1312.5 484.276 530.69
 22869.1 4601.82 2542.32 727.656 561.051
F
 0.0631782 0.12286 0.129288 0.129645 0.129664
 0.114655 0.222965 0.234631 0.235279 0.235313
 0.111098 0.216047 0.22735 0.227978 0.228011
 0.162245 0.315511 0.332018 0.332935 0.332984
 0.0448529 0.0872235 0.0917871 0.0920405 0.0920539
 0.0857137 0.166684 0.175405 0.175889 0.175915
 0.143928 0.27989 0.294534 0.295347 0.29539
 0.0198284 0.0385596 0.040577 0.0406891 0.040695
 0.0715107 0.139064 0.14634 0.146744 0.146765
 0.0840001 0.163352 0.171898 0.172373 0.172398
 0.029911 0.0581667 0.06121 0.061379 0.0613879
 0.183623 0.357083 0.375766 0.376803 0.376858
 0.24091 0.468488 0.492999 0.49436 0.494432
 0.803751 1.56302 1.6448 1.64934 1.64958
 0.280664 0.545796 0.574352 0.575938 0.576022
 0.314 0.610623 0.642571 0.644346 0.644439
 0.187722 0.365055 0.384155 0.385216 0.385272
 0.271043 0.527086 0.554663 0.556194 0.556275
 0.31517 0.612898 0.644965 0.646746 0.64684
 0.216292 0.420614 0.442621 0.443843 0.443908
 0.144598 0.281194 0.295906 0.296723 0.296766
 0.168799 0.328257 0.345431 0.346385 0.346435
 0.0835873 0.162549 0.171053 0.171526 0.171551
 0.0868505 0.168895 0.177731 0.178222 0.178248
 0.0792092 0.154035 0.162094 0.162542 0.162565
 0.0597681 0.116229 0.12231 0.122647 0.122665
 0.0835852 0.162545 0.171049 0.171521 0.171546
 0.0728324 0.141634 0.149045 0.149456 0.149478
 0.0536822 0.104394 0.109855 0.110159 0.110175
 0.0671374 0.130559 0.13739 0.13777 0.13779
 0.120361 0.234061 0.246307 0.246987 0.247023
 0.0681741 0.132575 0.139512 0.139897 0.139917
 0.123305 0.239786 0.252332 0.253029 0.253066
YTP_r0W_actual
 172433 80301.8 61193.7 22790.2 19777.1
YTP_p0W_proyectada
 0 0 0 0 0
 0 0 0 0 0
 0 0 0 0 0
 0 0 0 0 0
 0 0 0 0 0
 0 0 0 0 0
CTP_r0_actual
 22869.1 4601.82 2542.32 727.656 561.051
CTP_p0_proyectada
 0 0 0 0 0
 0 0 0 0 0
 0 0 0 0 0
 0 0 0 0 0
 0 0 0 0 0
 0 0 0 0 0
Wmedp
 7.54 17.45 24.07 31.32 35.25
Frms_r0
 0.123305 0.239786 0.252332 0.253029 0.253066
Zrms_r0
 1.12331 1.23979 1.25233 1.25303 1.25307
nmprior
 7.29 8.9 8.7 0
nm_flota  nm_reclas  nm_pelaces    nm_pelaL
inf 10.4257 18.2736 58.4191
cv_recla  cv_pelaces  cv_mph
0.578518 0.419683 0.587214
 ------------------------------------------------
Talla a la edad & desviaci?n 
 8 13.2811 15.8009 17.003 17.5766
 0.8 1.32811 1.58009 1.7003 1.75766
