years
 1991 1992 1993 1994 1995 1996 1997 1998 1999 2000 2001 2002 2003 2004 2005 2006 2007 2008 2009 2010 2011 2012 2013 2014 2015 2016 2017 2018 2019 2020 2021 2022 2023
reclasobs
 0 0 0 0 0 0 0 0 0 252601 567819 844713 477998 351125 339783 2.1784e+06 2.13404e+06 4.81314e+06 1.55562e+06 2.62356e+06 3.21686e+06 3.843e+06 1.13348e+06 3.07943e+06 1.97215e+06 2.03268e+06 2.025e+06 2.42433e+06 2.27542e+06 1.05018e+06 2.36338e+06 3.18982e+06 1.53035e+06
reclaspred
 7.74079e+06 1.96832e+06 1.14351e+06 895475 166184 4.35268e+06 2.95327e+06 1.44467e+06 237028 210038 131571 1.69439e+06 1.93162e+06 245919 844021 1.85737e+06 996891 2.6149e+06 2.70488e+06 2.2548e+06 3.62727e+06 3.48474e+06 2.04337e+06 2.81734e+06 2.40681e+06 1.80225e+06 2.25693e+06 2.9055e+06 2.27261e+06 2.05689e+06 1.62878e+06 1.22107e+06 240784
pelacesobs
 0 0 0 0 0 0 0 0 0 0 0 0 0 0 0 552880 188675 0 991730 2.46772e+06 1.41603e+06 1.21717e+06 2.29649e+06 1.80582e+06 0 1.4828e+06 1.56532e+06 1.57751e+06 1.42118e+06 867257 1.10002e+06 1.06204e+06 0
pelacespred
 8.1827e+06 1.85791e+06 568671 346112 63281.6 2.23347e+06 1.99542e+06 1.50009e+06 102376 60770.9 50656.3 727196 1.15047e+06 73226.7 387697 748746 459140 1.17541e+06 1.24995e+06 977174 1.76753e+06 1.69066e+06 1.25468e+06 1.64025e+06 1.37736e+06 1.14289e+06 1.42873e+06 1.6973e+06 1.53277e+06 1.38837e+06 861457 733233 56271.6
mphobs
 0 0 0 0 0 0 0 0 0 0 0 0 498337 0 5186 125008 0 168611 109162 213762 579715 649985 157893 87575 83554 210694 70296 0 107559 103333 445601 22526 28222
mphpred
 1.82314e+06 697560 101777 182696 61341.6 10547 836094 314016 106377 6583.13 11550.2 15961.7 321632 144903 7827.45 101817 255562 81344.7 285180 368324 449351 486668 169975 74556.3 147202 133718 73384.6 119481 206731 105746 95318.6 78112.1 18082.2
desembarqueobs
 494567 514787 250237 358949 120608 361735 552515 73892 212993 205616 52469 317467 293654 387597 252695 516296 358380 742168 942051 627588 828172 859565 418607 520667 417249 300574 415391 372974 316634 284311 391294 218835 356480
desembarquepred
 494502 514374 250014 358527 120503 361570 551967 73872.1 212699 205388 52438.8 317219 293461 386994 252428 515674 357936 740939 939966 626341 827592 858412 418175 520273 416729 300314 414976 372638 316253 283910 390785 218641 355895
Reclutas
 13181.4 8705.98 188991 40158.7 8409.46 367370 13180.4 4060.51 8175.05 47557.7 15472.3 213202 83756.6 19378.3 69164.5 229675 21563.4 294765 292673 214839 218293 391284 22703.7 140733 162932 29303.8 128686 145484 34320.2 99794.2 68810.4 25142.8 41887.7
log_desv_Rt
 -1.47246 -1.88725 1.19044 -0.358425 -1.92191 1.8551 -1.47254 -2.64995 -1.95018 -0.189321 -1.31221 1.31098 0.376651 -1.08711 0.185223 1.3854 -0.980265 1.63492 1.62779 1.31863 1.33457 1.91817 -0.928737 0.895603 1.04207 -0.673546 0.806112 0.928803 -0.51553 0.551846 0.180091 -0.826692 -0.316273
SSB
 1.57117e+06 601154 87711.2 157446 52863.9 9089.33 720542 270617 91674.9 5673.31 9953.93 13755.7 262899 118553 6390.61 83426.2 220242 70102.5 259663 234428 297324 346382 420704 175489 311690 308908 155979 238957 434614 204169 227480 191976 45549.9
BT
 1.97589e+06 883413 427579 367268 115027 1.62801e+06 1.00097e+06 369257 236356 227072 70291 680202 675244 394376 473251 813963 418603 1.31451e+06 1.48607e+06 925937 1.49147e+06 1.47798e+06 689410 1.25635e+06 878799 587982 1.10375e+06 1.08565e+06 670130 799519 654205 409940 326176
Ftot
 0.33161 1.22467 1.22382 1.7066 2.59758 0.514554 0.836812 0.268145 3.12938 4.21232 2.02 1.10844 0.763345 4.19699 1.70344 1.52407 1.53093 1.58256 1.75003 1.43074 1.18622 1.29129 0.937758 1.03619 0.902471 0.802287 1.0293 0.718482 0.663746 0.760819 1.20888 0.873628 4.76883
BD_Bspro_t
 0.948325 0.593616 0.186225 0.290972 0.0964847 0.0249058 0.571329 0.303531 0.165359 0.0185724 0.0402227 0.0767416 0.419171 0.188363 0.0161856 0.174424 0.253216 0.0989328 0.229978 0.186895 0.186607 0.210025 0.259733 0.146885 0.262098 0.305225 0.221745 0.331708 0.449225 0.295026 0.335782 0.272089 0.114832
BD_Bspro
 3.79479 1.45194 0.211845 0.380274 0.12768 0.0219531 1.7403 0.653612 0.221419 0.0137025 0.0240413 0.0332236 0.63497 0.286336 0.015435 0.201496 0.531942 0.169316 0.627153 0.566205 0.718116 0.836604 1.01611 0.423851 0.752812 0.746094 0.376729 0.577144 1.04971 0.493121 0.549422 0.463672 0.110015
BD_Bo
 6.00204 2.29647 0.335066 0.601461 0.201946 0.0347222 2.75255 1.03379 0.350208 0.0216726 0.0380251 0.0525481 1.0043 0.452885 0.0244128 0.318697 0.841348 0.267799 0.991939 0.89554 1.13581 1.32322 1.60713 0.670386 1.19069 1.18006 0.595855 0.912842 1.66027 0.779946 0.868996 0.733368 0.174005
BD_Brms
 6.43322 2.46144 0.359136 0.644669 0.216453 0.0372166 2.95028 1.10805 0.375366 0.0232295 0.0407567 0.0563231 1.07645 0.485419 0.0261666 0.341591 0.901789 0.287037 1.0632 0.959874 1.2174 1.41827 1.72259 0.718545 1.27622 1.26483 0.638659 0.978419 1.77954 0.835976 0.931422 0.786051 0.186506
Sel_flota
 0.520185 1 1 1 1
 0.520185 1 1 1 1
 0.520185 1 1 1 1
 0.520185 1 1 1 1
 0.520185 1 1 1 1
 0.520185 1 1 1 1
 0.520185 1 1 1 1
 0.520185 1 1 1 1
 0.520185 1 1 1 1
 0.520185 1 1 1 1
 0.520185 1 1 1 1
 0.520185 1 1 1 1
 0.520185 1 1 1 1
 0.520185 1 1 1 1
 0.520185 1 1 1 1
 0.520185 1 1 1 1
 0.520185 1 1 1 1
 0.520185 1 1 1 1
 0.520185 1 1 1 1
 0.520185 1 1 1 1
 0.520185 1 1 1 1
 0.520185 1 1 1 1
 0.520185 1 1 1 1
 0.520185 1 1 1 1
 0.520185 1 1 1 1
 0.520185 1 1 1 1
 0.520185 1 1 1 1
 0.520185 1 1 1 1
 0.520185 1 1 1 1
 0.520185 1 1 1 1
 0.520185 1 1 1 1
 0.520185 1 1 1 1
 0.520185 1 1 1 1
Sel_reclas
 0.600316 0.883162 0.974386 0.994804 0.998963
 0.600316 0.883162 0.974386 0.994804 0.998963
 0.600316 0.883162 0.974386 0.994804 0.998963
 0.600316 0.883162 0.974386 0.994804 0.998963
 0.600316 0.883162 0.974386 0.994804 0.998963
 0.600316 0.883162 0.974386 0.994804 0.998963
 0.600316 0.883162 0.974386 0.994804 0.998963
 0.600316 0.883162 0.974386 0.994804 0.998963
 0.600316 0.883162 0.974386 0.994804 0.998963
 0.600316 0.883162 0.974386 0.994804 0.998963
 0.600316 0.883162 0.974386 0.994804 0.998963
 0.600316 0.883162 0.974386 0.994804 0.998963
 0.600316 0.883162 0.974386 0.994804 0.998963
 0.600316 0.883162 0.974386 0.994804 0.998963
 0.600316 0.883162 0.974386 0.994804 0.998963
 0.600316 0.883162 0.974386 0.994804 0.998963
 0.600316 0.883162 0.974386 0.994804 0.998963
 0.600316 0.883162 0.974386 0.994804 0.998963
 0.600316 0.883162 0.974386 0.994804 0.998963
 0.600316 0.883162 0.974386 0.994804 0.998963
 0.600316 0.883162 0.974386 0.994804 0.998963
 0.600316 0.883162 0.974386 0.994804 0.998963
 0.600316 0.883162 0.974386 0.994804 0.998963
 0.600316 0.883162 0.974386 0.994804 0.998963
 0.600316 0.883162 0.974386 0.994804 0.998963
 0.600316 0.883162 0.974386 0.994804 0.998963
 0.600316 0.883162 0.974386 0.994804 0.998963
 0.600316 0.883162 0.974386 0.994804 0.998963
 0.600316 0.883162 0.974386 0.994804 0.998963
 0.600316 0.883162 0.974386 0.994804 0.998963
 0.600316 0.883162 0.974386 0.994804 0.998963
 0.600316 0.883162 0.974386 0.994804 0.998963
 0.600316 0.883162 0.974386 0.994804 0.998963
Sel_pelaces
 0.276195 0.65758 0.906232 0.979854 0.995931
 0.276195 0.65758 0.906232 0.979854 0.995931
 0.276195 0.65758 0.906232 0.979854 0.995931
 0.276195 0.65758 0.906232 0.979854 0.995931
 0.276195 0.65758 0.906232 0.979854 0.995931
 0.276195 0.65758 0.906232 0.979854 0.995931
 0.276195 0.65758 0.906232 0.979854 0.995931
 0.276195 0.65758 0.906232 0.979854 0.995931
 0.276195 0.65758 0.906232 0.979854 0.995931
 0.276195 0.65758 0.906232 0.979854 0.995931
 0.276195 0.65758 0.906232 0.979854 0.995931
 0.276195 0.65758 0.906232 0.979854 0.995931
 0.276195 0.65758 0.906232 0.979854 0.995931
 0.276195 0.65758 0.906232 0.979854 0.995931
 0.276195 0.65758 0.906232 0.979854 0.995931
 0.276195 0.65758 0.906232 0.979854 0.995931
 0.276195 0.65758 0.906232 0.979854 0.995931
 0.276195 0.65758 0.906232 0.979854 0.995931
 0.276195 0.65758 0.906232 0.979854 0.995931
 0.276195 0.65758 0.906232 0.979854 0.995931
 0.276195 0.65758 0.906232 0.979854 0.995931
 0.276195 0.65758 0.906232 0.979854 0.995931
 0.276195 0.65758 0.906232 0.979854 0.995931
 0.276195 0.65758 0.906232 0.979854 0.995931
 0.276195 0.65758 0.906232 0.979854 0.995931
 0.276195 0.65758 0.906232 0.979854 0.995931
 0.276195 0.65758 0.906232 0.979854 0.995931
 0.276195 0.65758 0.906232 0.979854 0.995931
 0.276195 0.65758 0.906232 0.979854 0.995931
 0.276195 0.65758 0.906232 0.979854 0.995931
 0.276195 0.65758 0.906232 0.979854 0.995931
 0.276195 0.65758 0.906232 0.979854 0.995931
 0.276195 0.65758 0.906232 0.979854 0.995931
pf_obs 
 0.8446 0.082 0.0669 0.0065 0
 0.8095 0.147 0.0364 0.0071 0
 0.9664 0.0169 0.016 0.0007 0
 0.9276 0.0648 0.0075 0.0001 0
 0.7033 0.2144 0.0806 0.0017 0
 0.9318 0.0425 0.0243 0.0014 0
 0.5671 0.3108 0.0964 0.0239 0.0018
 0.0768 0.2599 0.5324 0.112 0.0189
 0.490249 0.384438 0.106611 0.0170017 0.00170017
 0.7925 0.1577 0.0466 0.003 0.0002
 0.840416 0.127587 0.0312969 0.00059994 9.999e-05
 0.8084 0.0986 0.0794 0.0134 0.0002
 0.7335 0.1905 0.0724 0.0035 0.0001
 0.4001 0.4547 0.1325 0.0127 0
 0.49795 0.308269 0.164784 0.0264974 0.00249975
 0.9179 0.0499 0.0305 0.0017 0
 0.2467 0.6533 0.0926 0.0074 0
 0.9418 0.0223 0.034 0.0019 0
 0.707729 0.231977 0.0356964 0.0245975 0
 0.517169 0.277429 0.184464 0.0207286 0.00020938
 0.811772 0.124168 0.05621 0.00726502 0.000585176
 0.764997 0.148141 0.077277 0.00933861 0.000247198
 0.163321 0.427699 0.378323 0.0303852 0.000271297
 0.753843 0.0900009 0.118128 0.0371064 0.000921714
 0.721811 0.176058 0.0630433 0.0369309 0.00215725
 0.143369 0.312575 0.442814 0.0836902 0.0175525
 0.692698 0.0596174 0.167031 0.0765114 0.00414204
 0.394062 0.376323 0.152708 0.0712218 0.00568511
 0.125707 0.32114 0.495352 0.0537591 0.00404204
 0.23352 0.215282 0.420074 0.123614 0.00750983
 0.796117 0.104755 0.0508955 0.0450114 0.00322123
 0.162477 0.292055 0.404252 0.121198 0.0200186
 0 0 0 0 0
pf_pred 
 0.0706611 0.1729 0.667453 0.0889851 9.79409e-07
 0.158753 0.116566 0.134824 0.520467 0.0693896
 0.961139 0.0134948 0.00351483 0.00406534 0.017786
 0.421934 0.56989 0.00283911 0.00073947 0.0045972
 0.420755 0.410903 0.165961 0.000826796 0.00155413
 0.995099 0.00379038 0.000788081 0.000318301 4.56642e-06
 0.0712659 0.926693 0.00157854 0.000328203 0.000134461
 0.101689 0.143436 0.753215 0.00128303 0.000376053
 0.479942 0.098965 0.0672373 0.353078 0.000777715
 0.982339 0.01489 0.000527244 0.000358212 0.0018852
 0.847116 0.152587 0.000251047 8.88939e-06 3.78241e-05
 0.984664 0.0146332 0.000701715 1.15452e-06 2.14826e-07
 0.52991 0.467404 0.00256353 0.00012293 2.39889e-07
 0.35908 0.468902 0.171034 0.000938059 4.5071e-05
 0.979938 0.0167879 0.00239543 0.000873745 5.02241e-06
 0.93524 0.0643659 0.000330123 4.71045e-05 1.72803e-05
 0.268163 0.716002 0.0157388 8.07219e-05 1.57434e-05
 0.967166 0.0175627 0.0149405 0.000328416 2.0129e-06
 0.805676 0.192283 0.00109208 0.000929031 2.05467e-05
 0.752292 0.231289 0.0162466 9.22733e-05 8.02329e-05
 0.769044 0.208311 0.0211443 0.00148525 1.57704e-05
 0.84001 0.144403 0.0140587 0.00142701 0.000101302
 0.150719 0.79668 0.047476 0.00462214 0.000502469
 0.841999 0.0493506 0.101921 0.0060737 0.000655601
 0.754315 0.229407 0.00508438 0.0105005 0.000693291
 0.293618 0.625813 0.0752308 0.00166735 0.00367084
 0.850221 0.0755518 0.0657612 0.00790534 0.000560943
 0.744513 0.239496 0.00806607 0.0070208 0.000903879
 0.323463 0.5914 0.0798089 0.00268791 0.0026408
 0.778584 0.116978 0.0912953 0.0123202 0.000822601
 0.613434 0.345859 0.021506 0.0167844 0.00241627
 0.479952 0.424617 0.0853822 0.00530919 0.00474006
 0.806757 0.134912 0.0476265 0.00957677 0.00112716
pobs_RECLAS
 0 0 0 0 0
 0 0 0 0 0
 0 0 0 0 0
 0 0 0 0 0
 0 0 0 0 0
 0 0 0 0 0
 0 0 0 0 0
 0 0 0 0 0
 0 0 0 0 0
 0 0 0 0 0
 0.991045 0.00858322 0.000360255 1.14367e-05 0
 0.934742 0.0480273 0.0164251 0.00080598 0
 0.827803 0.169806 0.00239088 0 0
 0.941827 0.0461693 0.0120037 0 0
 0.791401 0.0380133 0.147996 0.0225897 0
 0.846168 0.0940531 0.0597789 0 0
 0.134021 0.677848 0.182769 0.00536245 0
 0.80878 0.0450904 0.141981 0.00414843 0
 0.846168 0.0940531 0.0597789 0 0
 0.905697 0.0802665 0.012482 0.00150086 5.37128e-05
 0.989698 0.0102097 9.19794e-05 0 0
 0.975433 0.0193895 0.00387452 0.00125025 5.28907e-05
 0.303575 0.632131 0.0575291 0.00676475 0
 0.966965 0.00978017 0.0227588 0.000495775 0
 0.843318 0.132988 0.00938335 0.0141283 0.000182051
 0.564624 0.303363 0.111486 0.0197234 0.00080311
 0.826376 0.0876187 0.0782897 0.00655872 0.00115652
 0.89761 0.0855135 0.0140674 0.00269457 0.000114338
 0.34875 0.467042 0.161289 0.0227151 0.000203297
 0.318654 0.224769 0.449479 0.00709798 0
 0.937255 0.0296025 0.0250945 0.00804832 0
 0.456809 0.399803 0.12412 0.0192676 0
 0.883104 0.0372192 0.0704036 0.00927362 0
ppred_RECLAS
 0.0850487 0.156701 0.667406 0.0908432 1.00404e-06
 0.196023 0.100764 0.128584 0.506782 0.0678475
 0.970266 0.00953792 0.00274083 0.00323654 0.0142192
 0.523775 0.468688 0.00257612 0.00068503 0.00427656
 0.546946 0.311987 0.139025 0.000707118 0.00133472
 0.996256 0.00282464 0.000647949 0.000267186 3.84915e-06
 0.095547 0.902249 0.00169565 0.00035994 0.00014808
 0.121133 0.129118 0.748065 0.00130096 0.000382902
 0.610652 0.0673941 0.0505174 0.270837 0.00059906
 0.992023 0.00659637 0.000257698 0.00017875 0.000944659
 0.897034 0.102744 0.000186502 6.74228e-06 2.88082e-05
 0.989037 0.0104114 0.000550832 9.25261e-07 1.72887e-07
 0.606594 0.390925 0.00236554 0.000115813 2.26945e-07
 0.553362 0.317938 0.127948 0.000716453 3.45674e-05
 0.986377 0.0111997 0.00176312 0.000656583 3.78991e-06
 0.955174 0.044524 0.000251944 3.67026e-05 1.35207e-05
 0.350749 0.633784 0.0153706 8.04851e-05 1.57629e-05
 0.976623 0.0119286 0.0111958 0.000251258 1.54643e-06
 0.862727 0.135668 0.000850122 0.000738353 1.63979e-05
 0.815016 0.171545 0.0132946 7.70896e-05 6.73107e-05
 0.824235 0.156918 0.017573 0.00126026 1.34373e-05
 0.882015 0.105406 0.0113221 0.00117331 8.3641e-05
 0.19675 0.748605 0.049219 0.00489224 0.000534056
 0.874514 0.0365611 0.0833069 0.00506847 0.000549384
 0.808377 0.177523 0.00434086 0.00915279 0.000606837
 0.360602 0.559763 0.0742413 0.0016799 0.00371393
 0.883124 0.0560131 0.0537904 0.0066018 0.000470406
 0.797804 0.188186 0.00699263 0.00621401 0.000803354
 0.390547 0.525817 0.078288 0.00269194 0.00265581
 0.820857 0.0901279 0.0776059 0.0106923 0.000716892
 0.690984 0.273182 0.0187415 0.0149333 0.00215877
 0.555668 0.355875 0.0789511 0.00501217 0.00449358
 0.911461 0.0598688 0.0233178 0.00478702 0.000565774
pobs_PELACES
 0 0 0 0 0
 0 0 0 0 0
 0 0 0 0 0
 0 0 0 0 0
 0 0 0 0 0
 0 0 0 0 0
 0 0 0 0 0
 0 0 0 0 0
 0 0 0 0 0
 0 0 0 0 0
 0 0 0 0 0
 0 0 0 0 0
 0 0 0 0 0
 0 0 0 0 0
 0 0 0 0 0
 0 0 0 0 0
 0.505614 0.472636 0.0217494 0 0
 0 0 0 0 0
 0.443492 0.261883 0.143347 0.151278 0
 0.227955 0.32914 0.350689 0.0885471 0.00366901
 0.970185 0.0296113 0.000203453 0 0
 0.997202 0.00247181 0.000326279 0 0
 0.445219 0.490057 0.0546422 0.010081 0
 0.90214 0.0892962 0.00764917 0.000914606 0
 0 0 0 0 0
 0.581667 0.319106 0.0959925 0.00289975 0.000334073
 0.762889 0.0836404 0.116647 0.0363945 0.000428098
 0.88444 0.0763242 0.0277011 0.0115352 0
 0.521256 0.241999 0.230069 0.00667565 0
 0.616807 0.101726 0.260614 0.0208532 0
 0.833518 0.0704572 0.0857862 0.0102388 0
 0.697417 0.212968 0.0787535 0.0105354 0.000325836
 0 0 0 0 0
ppred_PELACES
 0.0475039 0.134401 0.715023 0.103071 1.15306e-06
 0.125715 0.0861467 0.137316 0.573155 0.0776677
 0.952512 0.0124838 0.00448101 0.00560391 0.0249195
 0.469822 0.519265 0.00356509 0.00100399 0.00634413
 0.510792 0.312524 0.173957 0.000937032 0.00179024
 0.994057 0.00420427 0.00120467 0.000526088 7.67122e-06
 0.0693145 0.927814 0.00217806 0.000489644 0.000203893
 0.0682739 0.112879 0.816894 0.00150455 0.000448214
 0.5585 0.0607756 0.0569048 0.323096 0.000723351
 0.993 0.00548455 0.000267638 0.000196607 0.00105168
 0.881067 0.118609 0.000268936 1.02964e-05 4.45299e-05
 0.984988 0.0140791 0.000930437 1.65519e-06 3.13042e-07
 0.517714 0.478481 0.00361661 0.000187519 3.71932e-07
 0.581265 0.27808 0.139785 0.000828954 4.04823e-05
 0.982429 0.0137847 0.00271065 0.00106905 6.24586e-06
 0.943601 0.0559201 0.000395256 6.09799e-05 2.27376e-05
 0.297198 0.682004 0.0206602 0.000114572 2.27119e-05
 0.967254 0.0148816 0.0174468 0.000414663 2.58323e-06
 0.836239 0.161311 0.00126261 0.00116136 2.61063e-05
 0.770313 0.209201 0.0202517 0.000124365 0.000109911
 0.772915 0.197358 0.0276075 0.00209679 2.2629e-05
 0.84654 0.133448 0.0179049 0.00196506 0.000141787
 0.147172 0.781174 0.0641546 0.00675335 0.000746197
 0.811335 0.0465876 0.132596 0.00854366 0.000937342
 0.746322 0.229921 0.00702265 0.0156817 0.00105237
 0.277204 0.613306 0.101606 0.00243485 0.00544852
 0.828915 0.0722884 0.086713 0.0112709 0.000812874
 0.728158 0.248073 0.0115142 0.0108363 0.00141799
 0.298253 0.585026 0.108802 0.00396207 0.00395649
 0.738908 0.116395 0.12519 0.0182668 0.00123966
 0.618264 0.326664 0.0279932 0.0236221 0.00345643
 0.457718 0.413119 0.114482 0.00769696 0.00698461
 0.925773 0.0462494 0.0225006 0.004892 0.000585222
pobs_pel_tallas
 0 0 0 0 0 0 0 0 0 0 0 0 0 0 0 0 0 0 0 0 0 0 0 0 0 0
 0 0 0 0 0 0 0 0 0 0 0 0 0 0 0 0 0 0 0 0 0 0 0 0 0 0
 0 0 0 0 0 0 0 0 0 0 0 0 0 0 0 0 0 0 0 0 0 0 0 0 0 0
 0 0 0 0 0 0 0 0 0 0 0 0 0 0 0 0 0 0 0 0 0 0 0 0 0 0
 0 0 0 0 0 0 0 0 0 0 0 0 0 0 0 0 0 0 0 0 0 0 0 0 0 0
 0 0 0 0 0 0 0 0 0 0 0 0 0 0 0 0 0 0 0 0 0 0 0 0 0 0
 0 0 0 0 0 0 0 0 0 0 0 0 0 0 0 0 0 0 0 0 0 0 0 0 0 0
 0 0 0 0 0 0 0 0 0 0 0 0 0 0 0 0 0 0 0 0 0 0 0 0 0 0
 0 0 0 0 0 0 0 0 0 0 0 0 0 0 0 0 0 0 0 0 0 0 0 0 0 0
 0 0 0 0 0 0 0 0 0 0 0 0 0 0 0 0 0 0 0 0 0 0 0 0 0 0
 0 0 0 0 0 0 0 0 0 0 0 0 0 0 0 0 0 0 0 0 0 0 0 0 0 0
 0 0 0 0 0 0 0 0 0 0 0 0 0 0 0 0 0 0 0 0 0 0 0 0 0 0
 0.00862536 0 0 0.000197151 0.00414017 0.0128641 0.00837892 0.0270097 0.101434 0.158115 0.152841 0.127902 0.109271 0.109419 0.0830992 0.0579132 0.0238553 0.00714673 0.00463305 0.00128148 0.00103504 0.000492878 0.000147863 0.000147863 4.92878e-05 0
 0 0 0 0 0 0 0 0 0 0 0 0 0 0 0 0 0 0 0 0 0 0 0 0 0 0
 0 0 0 0 0 0 0 0.0054083 0.00873648 0.0413646 0.0450493 0.0745869 0.0622846 0.0627006 0.0613931 0.0827291 0.12552 0.122667 0.0946155 0.0697135 0.0546179 0.0294188 0.0215738 0.0213955 0.0102223 0.00600262
 0 0 0 0 0.00359764 0.0251062 0.0480494 0.140153 0.205849 0.193036 0.1447 0.116669 0.0760912 0.0342217 0.00950174 0.001854 0.000860785 0 0 0 0.000165536 0 0.000143464 0 0 0
 0 0 0 0 0 0 0 0.000145254 0.000435761 0.0275982 0.070085 0.0708112 0.156366 0.174668 0.174014 0.160142 0.0824315 0.0480064 0.0283245 0.00493863 0.00203355 0 0 0 0 0
 0 0 0 0 0 0 0 0 0 0 0 0 0 0 0 0 0 0 0 0 0 0 0 0 0 0
 0 0 1.00437e-05 0.000401748 0.00122533 0.00171747 0.00176769 0.0269171 0.070346 0.194647 0.189555 0.159765 0.064822 0.0314167 0.0384472 0.0292271 0.0345202 0.0313363 0.0194345 0.0106764 0.0143323 0.0359363 0.0279516 0.0138201 0.00172751 0
 0 0.0021121 0.0136068 0.0755702 0.200478 0.177729 0.0527432 0.0373336 0.0318909 0.0142505 0.0149659 0.0166563 0.0217959 0.0798694 0.0677717 0.0528807 0.04013 0.0224614 0.0357745 0.0225083 0.00881397 0.00855152 0.00135912 0.000746735 0 0
 0 0 0 0 5.4009e-05 0.00500934 0.000945158 0.0243581 0.138947 0.33067 0.221406 0.137944 0.0707744 0.0437923 0.0131692 0.00525238 0.0047753 0.00276346 9.45158e-05 9.00151e-06 2.25038e-05 9.00151e-06 4.50075e-06 0 0 0
 0.000866109 0.00284123 0.00948549 0.0512746 0.133035 0.25785 0.225252 0.132002 0.0553304 0.0519788 0.0540692 0.017754 0.00435017 0.00159236 0.00146478 0.000404838 0.000125132 0.000115318 0.000107957 0.000100596 0 0 0 0 0 0
 0 0 0 0 0.00144013 0.00171154 0.00461396 0.0210425 0.0478622 0.0707936 0.0888783 0.103762 0.0637923 0.0337046 0.0602308 0.124433 0.169614 0.0934646 0.0462172 0.0250306 0.0313229 0.00938855 0.002487 0.000210481 0 0
 0 0.00764035 0.051015 0.0998891 0.058973 0.0496711 0.0374665 0.0718981 0.12319 0.153886 0.159021 0.0857701 0.0377988 0.023471 0.0147837 0.00900784 0.00315554 0.000888139 0.00291439 0.00214683 0.00393193 0.00274676 0.000635225 9.99891e-05 0 0
 0 0 0 0 0 0 0 0 0 0 0 0 0 0 0 0 0 0 0 0 0 0 0 0 0 0
 0 0 0 0 0 0 0 0 0 0 0 0 0 0 0 0 0 0 0 0 0 0 0 0 0 0
 0 0 0 0 0 0 0 0 0 0 0 0 0 0 0 0 0 0 0 0 0 0 0 0 0 0
 0 0 0 0 0 0 0 0 0 0 0 0 0 0 0 0 0 0 0 0 0 0 0 0 0 0
 0 0 0 0 0 0 0 0 0 0 0 0 0 0 0 0 0 0 0 0 0 0 0 0 0 0
 0 0 0 0 0 0 0 0 0 0 0 0 0 0 0 0 0 0 0 0 0 0 0 0 0 0
 0 0 0 0 0 0 0 0 0 0 0 0 0 0 0 0 0 0 0 0 0 0 0 0 0 0
 0 0 0 0 0 0 0 0 0 0 0 0 0 0 0 0 0 0 0 0 0 0 0 0 0 0
 0 0 0 0 0 0 0 0 0 0 0 0 0 0 0 0 0 0 0 0 0 0 0 0 0 0
ppred_pel_tallas
 1.31006e-16 3.91287e-06 3.80345e-05 0.000252753 0.00114899 0.003575 0.00761743 0.0111208 0.0111349 0.00768667 0.00381069 0.00184392 0.00205068 0.00414016 0.00831405 0.0150942 0.0249033 0.0379093 0.0540736 0.0730777 0.0938749 0.114106 0.130085 0.137848 0.134877 0.121414
 1.74608e-16 1.0355e-05 0.000100654 0.000668881 0.00304064 0.00946061 0.0201571 0.0294218 0.0294305 0.0201999 0.00960559 0.00346537 0.00175835 0.00255956 0.00492841 0.00881744 0.0144123 0.021986 0.0321166 0.0458255 0.0642213 0.0875838 0.11437 0.140881 0.162023 0.172955
 1.04912e-16 7.84571e-05 0.000762631 0.00506795 0.0230382 0.0716803 0.152723 0.222903 0.222905 0.152729 0.0717003 0.023096 0.00521388 0.00108353 0.000695289 0.00104622 0.00155335 0.0020791 0.00255866 0.00300595 0.00352482 0.00425329 0.00526679 0.0065044 0.0077642 0.00876771
 1.0141e-16 3.86987e-05 0.000376166 0.00249976 0.0113636 0.0353565 0.0753326 0.109961 0.110011 0.0755766 0.0361753 0.013727 0.00842671 0.0132965 0.0245231 0.0403401 0.0577791 0.07197 0.0779831 0.0735595 0.0605048 0.0435682 0.0277321 0.0159797 0.00880336 0.00511634
 1.05497e-16 4.20734e-05 0.000408968 0.00271774 0.0123545 0.0384395 0.0819005 0.119542 0.119573 0.0820487 0.0389378 0.0137962 0.00634605 0.00836034 0.0152327 0.0253478 0.0370452 0.0476872 0.0545552 0.0562983 0.0535948 0.048435 0.0426829 0.0371341 0.0316432 0.0258761
 1.00091e-16 8.18792e-05 0.000795895 0.005289 0.024043 0.0748068 0.159384 0.232625 0.232626 0.159386 0.0748135 0.0240623 0.00533745 0.000901846 0.000283626 0.000340673 0.000486026 0.000617829 0.000693851 0.000696638 0.000638776 0.000552758 0.000469841 0.000404586 0.00035426 0.000308715
 1.00384e-16 5.70954e-06 5.54988e-05 0.000368814 0.00167663 0.00521709 0.0111189 0.016247 0.0163362 0.0115547 0.00667985 0.00589883 0.0109568 0.0231348 0.0437366 0.0720314 0.103141 0.128394 0.138958 0.130769 0.107033 0.0762357 0.047312 0.0256578 0.0122458 0.00523484
 1.2383e-16 5.62366e-06 5.4664e-05 0.000363262 0.00165134 0.005138 0.0109475 0.0159807 0.0159928 0.0110073 0.00534226 0.00225698 0.00194248 0.00369671 0.00749071 0.0138503 0.0233705 0.0364694 0.0532745 0.0733551 0.0951853 0.11569 0.130563 0.135678 0.128989 0.111705
 1.34183e-16 4.6003e-05 0.000447165 0.00297157 0.0135083 0.0420295 0.0895484 0.1307 0.130706 0.0895781 0.0421296 0.0138003 0.00371544 0.00210882 0.0033186 0.00573783 0.00907337 0.0132503 0.0183735 0.0248656 0.0333347 0.0440745 0.0564702 0.0687599 0.078418 0.0830347
 1.00207e-16 8.17921e-05 0.000795048 0.00528337 0.0240174 0.0747272 0.159214 0.232378 0.232378 0.159217 0.0747359 0.0240425 0.00534613 0.000931969 0.000341639 0.000434889 0.000617624 0.000775068 0.000852567 0.000828662 0.000724633 0.000591307 0.000479273 0.00041464 0.000394237 0.000396914
 1.00047e-16 7.25723e-05 0.000705429 0.00468782 0.0213102 0.0663039 0.141268 0.206187 0.206198 0.141324 0.0664909 0.0218499 0.00604136 0.00365581 0.00566296 0.00921323 0.0131853 0.0164129 0.0177628 0.016715 0.0136795 0.00974098 0.00604193 0.00327243 0.00155713 0.00066085
 1.00031e-16 8.11322e-05 0.000788634 0.00524075 0.0238237 0.0741243 0.15793 0.230503 0.230505 0.157936 0.0741466 0.0238879 0.00540174 0.00113977 0.000747099 0.00110431 0.00157724 0.00197114 0.00214839 0.00204711 0.00171382 0.00127278 0.000853655 0.000533116 0.000323623 0.000198898
 1.00246e-16 4.26435e-05 0.00041451 0.00275457 0.0125219 0.0389605 0.0830112 0.121167 0.121213 0.083236 0.039715 0.0146996 0.00821575 0.0123192 0.0226015 0.0371652 0.0532234 0.0662761 0.0717698 0.0676082 0.0554386 0.0396245 0.0247571 0.0136054 0.00666548 0.00299376
 1.04196e-16 4.78781e-05 0.000465392 0.00309269 0.014059 0.0437428 0.0931996 0.136033 0.13606 0.0933314 0.0441857 0.0153401 0.0063157 0.00752486 0.0135238 0.0224596 0.0327589 0.0420377 0.0478519 0.0489946 0.0461009 0.0410143 0.0354924 0.0303356 0.0254641 0.0205678
 1.00191e-16 8.09214e-05 0.000786585 0.00522713 0.0237618 0.0739318 0.157519 0.229905 0.229906 0.157526 0.0739536 0.0238249 0.00538549 0.00113251 0.00073858 0.00109471 0.00157328 0.00198705 0.00220587 0.00217153 0.00192712 0.00158532 0.00125849 0.00100526 0.00082503 0.000687313
 1.00036e-16 7.77232e-05 0.000755497 0.00502054 0.0228227 0.0710098 0.151294 0.220819 0.220825 0.15132 0.071098 0.0230772 0.00565879 0.00214679 0.00271415 0.00434855 0.00622036 0.00774557 0.00838768 0.00790159 0.00648001 0.00463309 0.00289748 0.00159665 0.000788233 0.000361404
 1.00786e-16 2.44799e-05 0.000237954 0.00158129 0.00718836 0.022366 0.0476556 0.0695684 0.069634 0.0479761 0.0234418 0.0102941 0.00937091 0.0172222 0.0322198 0.0530672 0.0760666 0.0948608 0.102984 0.0974498 0.0805688 0.058483 0.0376343 0.0218796 0.0118865 0.00633815
 1.0055e-16 7.96715e-05 0.000774435 0.00514639 0.0233948 0.0727898 0.155086 0.226353 0.226355 0.155094 0.0728138 0.0234644 0.00532246 0.0011625 0.000827538 0.00127014 0.00188713 0.00250777 0.00301193 0.00333631 0.00349205 0.00352772 0.00347063 0.00330334 0.00299253 0.00253654
 1.00199e-16 6.88799e-05 0.000669538 0.00444931 0.0202259 0.0629305 0.134081 0.195698 0.195713 0.134156 0.0631848 0.0209601 0.00629057 0.00468334 0.00767517 0.0125359 0.0179494 0.0223565 0.024221 0.0228384 0.0187657 0.013474 0.008508 0.00479478 0.00249309 0.00127653
 1.0067e-16 6.34497e-05 0.000616753 0.00409854 0.0186314 0.0579693 0.12351 0.180271 0.180292 0.123609 0.0582998 0.0195856 0.00649294 0.00584082 0.00997617 0.016369 0.0235182 0.0294547 0.0322124 0.0308763 0.0261231 0.0197669 0.0136918 0.00899864 0.00585421 0.00387773
 1.01062e-16 6.3664e-05 0.000618837 0.00411239 0.0186943 0.0581651 0.123928 0.18088 0.180899 0.124021 0.0584772 0.0195956 0.00637444 0.00555638 0.00943927 0.0154994 0.0223087 0.0280242 0.0308071 0.0297986 0.0256204 0.019941 0.0144765 0.0102053 0.00724787 0.00524615
 1.00772e-16 6.97284e-05 0.000677785 0.00450412 0.0204751 0.0637056 0.135732 0.198108 0.19812 0.135795 0.0639166 0.0210844 0.00603345 0.00401582 0.00640774 0.0104787 0.0150776 0.0189365 0.0208103 0.02012 0.0172886 0.0134486 0.00976407 0.00689747 0.00492741 0.00360526
 1.02855e-16 1.21225e-05 0.000117835 0.00078306 0.00355972 0.011076 0.0236014 0.0344627 0.0345379 0.0239689 0.0123096 0.00712181 0.00972044 0.019615 0.0370018 0.0610491 0.0876978 0.109762 0.119909 0.114738 0.0968114 0.0729636 0.0502888 0.0329292 0.0214883 0.0144744
 1.04854e-16 6.68286e-05 0.000649598 0.00431681 0.0196236 0.0610562 0.130087 0.189867 0.189871 0.13011 0.061134 0.0198507 0.00489649 0.0019463 0.00262087 0.00446484 0.00697775 0.00992243 0.0130633 0.016226 0.0192763 0.021976 0.0238777 0.0244279 0.0232565 0.0204348
 1.02013e-16 6.14736e-05 0.000597545 0.0039709 0.0180511 0.0561639 0.119664 0.174658 0.17468 0.119772 0.0565267 0.0190986 0.00659851 0.00632804 0.0109285 0.0179278 0.025724 0.032153 0.035063 0.0334823 0.028218 0.0213436 0.0149902 0.0103685 0.00757853 0.00605193
 1.04256e-16 2.28331e-05 0.000221946 0.00147491 0.00670476 0.0208613 0.0444494 0.0648876 0.0649468 0.0447384 0.0218315 0.00950715 0.00850997 0.0155817 0.0291996 0.0482505 0.0695325 0.0874869 0.0964347 0.0937131 0.0812228 0.0640791 0.0475212 0.0345024 0.0253518 0.0189672
 1.03789e-16 6.82766e-05 0.000663673 0.00441034 0.0200488 0.0623792 0.132906 0.193981 0.193988 0.13294 0.0624961 0.0203878 0.0052672 0.00255352 0.00371407 0.00617965 0.00923914 0.0123346 0.0149231 0.0167197 0.0177912 0.0183656 0.0185391 0.0181618 0.0169919 0.0149493
 1.01723e-16 5.99775e-05 0.000583002 0.00387426 0.0176118 0.0547971 0.116752 0.170408 0.170432 0.116868 0.0551886 0.0187423 0.00671017 0.00676825 0.0117906 0.0193552 0.0277784 0.0347302 0.0378838 0.036179 0.0304683 0.0229689 0.0159699 0.0107871 0.00756229 0.00573142
 1.04357e-16 2.45669e-05 0.000238799 0.0015869 0.00721387 0.0224453 0.0478242 0.0698127 0.0698691 0.0480999 0.0233712 0.0098884 0.00830189 0.0149027 0.0278881 0.0461015 0.0664876 0.0837641 0.0925322 0.0902532 0.0787119 0.062726 0.0472102 0.0349073 0.0260954 0.0197431
 1.05685e-16 6.08629e-05 0.000591609 0.00393145 0.0178718 0.0556059 0.118475 0.17292 0.172931 0.11853 0.0557936 0.0184161 0.00530598 0.00361984 0.00589296 0.00985706 0.0146855 0.0194932 0.0233878 0.0259098 0.0272006 0.0276998 0.0276573 0.0269157 0.025123 0.0221245
 1.03846e-16 5.09257e-05 0.000495016 0.00328956 0.0149539 0.0465272 0.0991322 0.144693 0.144724 0.099286 0.0470433 0.0164442 0.00702942 0.0086558 0.0155401 0.0255861 0.0367989 0.0461696 0.0506752 0.048944 0.0420876 0.0329646 0.0244809 0.0182374 0.0143063 0.0118846
 1.05364e-16 3.77017e-05 0.000366474 0.00243535 0.0110708 0.0344455 0.0733912 0.107125 0.107165 0.0735862 0.0351005 0.0129638 0.00719127 0.010762 0.0198194 0.032806 0.0474862 0.0601924 0.0671822 0.0666858 0.0598933 0.0500254 0.0402915 0.0323684 0.0262893 0.0213196
 1.01251e-16 7.62547e-05 0.000741223 0.00492569 0.0223915 0.0696681 0.148436 0.216647 0.216651 0.148457 0.0697418 0.0226046 0.00546193 0.00191602 0.00231962 0.00374604 0.00546352 0.00702651 0.00803309 0.00829366 0.00792484 0.00723837 0.00651934 0.00587725 0.00526122 0.00457815
pSPR Fmed_Fpbrs
1   0.982977 0.6 0.325 0.982977 0.982977 0.982977
Fs Fmed_Fpbrs
0   0.01 0.336659 0.861074 0.01 0.01 0.01
SSBpbr Bo_Bmed_Bpbrs
261773  248684  244228 143975 71987.5 244228 244228 244228
Ro
57470.1
SPR SPRFo_SPRFmed_SPRFpbrs
414034 414034 406986
Fref
0
Nvult_r0
 40598.1 5853.24 2066.3 415.493 48.9024
CTP_r0
 28934.2 4838.61 1708.12 343.469 40.4254
YTP_r0
355895
Np
 41887.7 15409.6 5668.88 2085.46 1049.44
Nvult_p0
 26478.1 9740.73 3583.42 1318.26 663.37
CTP_p0
 0 0 0 0 0
 0 0 0 0 0
 0 0 0 0 0
 0 0 0 0 0
 0 0 0 0 0
 0 0 0 0 0
YTP_p0
 0 0 0 0 0 0
CBA_c0
0
log_Ro
10.779
likeval ReclasPelacesDesembMPH_pf_preclas_ppelaces_ptallas_desvR_qrecl_qpela
 0.000613909 15.7336 0.220945 41.1793 300.684 146.478 130.086 0 74.6442 0.000153034 0.000350006 0.0022473 2069.25 0 0
q_reclas_q_pelaces
5.75163 14.0944
M
1
N
 13181.4 17875.4 69005.5 9199.83 0.101257
 8705.98 4080.87 4720.04 18221 2429.26
 188991 1693.77 441.156 510.253 2232.37
 40158.7 36784.8 183.257 47.7307 296.737
 8409.46 6080.53 2455.89 12.2349 22.9979
 367370 801.024 166.546 67.2668 0.965026
 13180.4 103410 176.15 36.6244 15.0046
 4060.51 3137.52 16475.8 28.065 8.22577
 8175.05 1299.3 882.749 4635.52 10.2105
 47557.7 590.51 20.9095 14.206 74.7633
 15472.3 1955.71 3.21769 0.113936 0.484794
 213202 1990.29 95.4412 0.157027 0.0292187
 83756.6 44064.3 241.676 11.5892 0.0226154
 19378.3 20714.5 7555.72 41.4403 1.99108
 69164.5 803.279 114.618 41.8075 0.240315
 229675 10489.6 53.7995 7.67653 2.81615
 21563.4 38239.4 840.561 4.3111 0.840807
 294765 3577.38 3043.28 66.8958 0.410013
 292673 47606 270.381 230.013 5.08701
 214839 43324.5 3043.27 17.2844 15.029
 218293 37548.7 3811.33 267.722 2.84267
 391284 43327.3 4218.24 428.166 30.3953
 22703.7 73532.3 4381.96 426.616 46.3771
 140733 5128.02 10590.6 631.118 68.1235
 162932 30200.5 669.338 1382.35 91.2689
 29303.8 37482.7 4505.9 99.8648 219.862
 128686 7102.03 6181.69 743.119 52.7298
 145484 27714.3 933.4 812.442 104.596
 34320.2 36830.4 4970.23 167.394 164.46
 99794.2 8939.36 6976.72 941.502 62.8625
 68810.4 24713.3 1536.71 1199.33 172.654
 25142.8 13497.7 2714.12 168.768 150.676
 41887.7 5871.58 2072.77 416.795 49.0556
pred_Ctot
 1338.88 3276.08 12646.8 1686.08 0.0185577
 2728.78 2003.64 2317.47 8946.23 1192.73
 59205.6 831.272 216.511 250.423 1095.6
 16025.9 21645.5 107.835 28.0865 174.611
 4372.48 4270.11 1724.67 8.59206 16.1505
 55734.3 212.295 44.1395 17.8276 0.25576
 3045.8 39605.5 67.4644 14.0269 5.74666
 338.002 476.763 2503.59 4.26464 1.24995
 4698.33 968.805 658.211 3456.41 7.61334
 31312 474.619 16.8059 11.418 60.0905
 6907.92 1244.29 2.0472 0.0724897 0.308441
 61857.2 919.27 44.0822 0.0725274 0.0134955
 17917.9 15804.4 86.6812 4.15667 0.0081114
 12739.7 16636.1 6068.09 33.2812 1.59906
 27565.8 472.247 67.3838 24.5786 0.141281
 84655.3 5826.23 29.8818 4.26377 1.56417
 7973.61 21289.8 467.981 2.4002 0.468118
 111598 2026.49 1723.93 37.8946 0.232261
 118823 28358.2 161.062 137.015 3.03027
 75647.6 23257.6 1633.69 9.27866 8.06792
 66765.6 18084.8 1835.67 128.944 1.36913
 127676 21948.2 2136.82 216.895 15.3973
 5762.54 30460 1815.18 176.721 19.2112
 38712 2268.96 4685.95 279.246 30.1421
 40077.7 12188.7 270.14 557.904 36.8355
 6537.36 13933.6 1675 37.1232 81.7305
 35210.4 3128.85 2723.39 327.386 23.2305
 29560.6 9509.09 320.26 278.758 35.8881
 6514.13 11910 1607.25 54.1311 53.1822
 21289 3198.55 2496.31 336.875 22.4926
 21354.4 12039.8 748.65 584.283 84.1131
 6021.37 5327.15 1071.19 66.608 59.4678
 28934.2 4838.61 1708.12 343.469 40.4254
F
 0.172498 0.33161 0.33161 0.33161 0.33161
 0.637054 1.22467 1.22467 1.22467 1.22467
 0.636615 1.22382 1.22382 1.22382 1.22382
 0.887747 1.7066 1.7066 1.7066 1.7066
 1.35122 2.59758 2.59758 2.59758 2.59758
 0.267664 0.514554 0.514554 0.514554 0.514554
 0.435297 0.836812 0.836812 0.836812 0.836812
 0.139485 0.268145 0.268145 0.268145 0.268145
 1.62785 3.12938 3.12938 3.12938 3.12938
 2.19119 4.21232 4.21232 4.21232 4.21232
 1.05077 2.02 2.02 2.02 2.02
 0.576592 1.10844 1.10844 1.10844 1.10844
 0.397081 0.763345 0.763345 0.763345 0.763345
 2.18321 4.19699 4.19699 4.19699 4.19699
 0.886103 1.70344 1.70344 1.70344 1.70344
 0.792799 1.52407 1.52407 1.52407 1.52407
 0.796369 1.53093 1.53093 1.53093 1.53093
 0.823222 1.58256 1.58256 1.58256 1.58256
 0.910337 1.75003 1.75003 1.75003 1.75003
 0.74425 1.43074 1.43074 1.43074 1.43074
 0.617055 1.18622 1.18622 1.18622 1.18622
 0.671709 1.29129 1.29129 1.29129 1.29129
 0.487808 0.937758 0.937758 0.937758 0.937758
 0.539008 1.03619 1.03619 1.03619 1.03619
 0.469452 0.902471 0.902471 0.902471 0.902471
 0.417338 0.802287 0.802287 0.802287 0.802287
 0.535428 1.0293 1.0293 1.0293 1.0293
 0.373743 0.718482 0.718482 0.718482 0.718482
 0.345271 0.663746 0.663746 0.663746 0.663746
 0.395767 0.760819 0.760819 0.760819 0.760819
 0.628839 1.20888 1.20888 1.20888 1.20888
 0.454448 0.873628 0.873628 0.873628 0.873628
 2.48068 4.76883 4.76883 4.76883 4.76883
YTP_r0W_actual
 218164 84433.7 41114.4 10757.5 1424.99
YTP_p0W_proyectada
 0 0 0 0 0
 0 0 0 0 0
 0 0 0 0 0
 0 0 0 0 0
 0 0 0 0 0
 0 0 0 0 0
CTP_r0_actual
 28934.2 4838.61 1708.12 343.469 40.4254
CTP_p0_proyectada
 0 0 0 0 0
 0 0 0 0 0
 0 0 0 0 0
 0 0 0 0 0
 0 0 0 0 0
 0 0 0 0 0
Wmedp
 7.54 17.45 24.07 31.32 35.25
Frms_r0
 2.48068 4.76883 4.76883 4.76883 4.76883
Zrms_r0
 3.48068 5.76883 5.76883 5.76883 5.76883
nmprior
 7.29 8.9 8.7 0
nm_flota  nm_reclas  nm_pelaces    nm_pelaL
inf 9.08211 5.01197 9.55019
cv_recla  cv_pelaces  cv_mph
0.715256 0.434515 0.514513
 ------------------------------------------------
Talla a la edad & desviaci?n 
 8 13.2811 15.8009 17.003 17.5766
 0.8 1.32811 1.58009 1.7003 1.75766
