years
 1991 1992 1993 1994 1995 1996 1997 1998 1999 2000 2001 2002 2003 2004 2005 2006 2007 2008 2009 2010 2011 2012 2013 2014 2015 2016 2017 2018 2019 2020 2021 2022 2023
reclasobs
 0 0 0 0 0 0 0 0 0 252601 567819 844713 477998 351125 339783 2.1784e+06 2.13404e+06 4.81314e+06 1.55562e+06 2.62356e+06 3.21686e+06 3.843e+06 1.13348e+06 3.07943e+06 1.97215e+06 2.03268e+06 2.025e+06 2.42433e+06 2.27542e+06 1.05018e+06 2.36338e+06 3.18982e+06 1.53035e+06
reclaspred
 3.36479e+06 1.89468e+06 1.00687e+06 1.17701e+06 1.33622e+06 2.27332e+06 1.75127e+06 1.80739e+06 1.47981e+06 1.17566e+06 918620 847422 602204 293337 679217 1.00054e+06 936942 1.63477e+06 1.61589e+06 1.51948e+06 2.99899e+06 2.6344e+06 2.28684e+06 3.26837e+06 2.57823e+06 2.32668e+06 2.6962e+06 2.89738e+06 2.56233e+06 1.92004e+06 1.60009e+06 1.49283e+06 1.6704e+06
pelacesobs
 0 0 0 0 0 0 0 0 0 0 0 0 0 0 0 552880 188675 0 991730 2.46772e+06 1.41603e+06 1.21717e+06 2.29649e+06 1.80582e+06 0 1.4828e+06 1.56532e+06 1.57751e+06 1.42118e+06 867257 1.10002e+06 1.06204e+06 0
pelacespred
 1.95668e+06 1.23743e+06 656026 627463 724782 1.30491e+06 991647 1.16532e+06 974537 753602 612534 471822 350641 165378 425716 515512 473463 914546 945790 799615 1.61896e+06 1.5457e+06 1.33939e+06 2.07963e+06 1.59126e+06 1.42e+06 1.88912e+06 1.83518e+06 1.4537e+06 1.25321e+06 953277 874571 978551
mphobs
 0 0 0 0 0 0 0 0 0 0 0 0 498337 0 5186 125008 0 168611 109162 213762 579715 649985 157893 87575 83554 210694 70296 0 107559 103333 445601 22526 28222
mphpred
 650607 435277 218980 128859 171166 212823 316725 254600 239257 201450 141752 133852 112487 62705.6 25381.5 86522.8 140351 129664 185643 318863 436879 578206 107588 98406.2 132321 110557 96408.9 104077 142450 113602 73532.1 67718.2 44775.9
desembarqueobs
 494567 514787 250237 358949 120608 361735 552515 73892 212993 205616 52469 317467 293654 387597 252695 516296 358380 742168 942051 627588 828172 859565 418607 520667 417249 300574 415391 372974 316634 284311 391294 218835 356480
desembarquepred
 494569 513100 251134 358970 120611 361745 552533 73893.6 213007 205634 52471.2 317536 293860 388170 252696 516305 358404 742059 941740 627433 828248 859594 418628 520718 417249 300589 415411 372974 316626 284300 391343 218853 356492
Reclutas
 235105 123431 171586 316516 292258 504287 239816 135979 135712 143906 175832 152829 85935.6 46603.8 185429 389380 105203 515742 514490 449641 617416 853978 204485 501804 503448 203289 467282 548437 214693 187342 204999 119407 371887
log_desv_Rt
 -0.0434863 -0.687831 -0.35843 0.253858 0.174122 0.719628 -0.0236458 -0.591017 -0.592978 -0.534357 -0.333987 -0.474197 -1.04992 -1.66183 -0.280847 0.461039 -0.847622 0.74209 0.739659 0.604933 0.922027 1.24639 -0.183023 0.714692 0.717963 -0.188888 0.643417 0.803556 -0.13431 -0.270578 -0.180514 -0.72098 0.415073
SSB
 4.5414e+06 3.03834e+06 1.52854e+06 899471 1.19478e+06 1.48556e+06 2.21082e+06 1.77717e+06 1.67008e+06 1.40617e+06 989464 934320 754079 429311 172273 586468 979688 905090 1.335e+06 1.29941e+06 1.82054e+06 2.50635e+06 2.60186e+06 2.30159e+06 2.92253e+06 2.5769e+06 2.12993e+06 2.22252e+06 3.14257e+06 2.37277e+06 1.72712e+06 1.63316e+06 1.00294e+06
BT
 5.97931e+06 4.027e+06 2.11863e+06 2.08048e+06 2.1485e+06 4.00056e+06 3.31228e+06 3.36042e+06 2.97198e+06 2.33176e+06 1.78504e+06 1.61972e+06 1.27068e+06 878745 1.45794e+06 1.90997e+06 1.63322e+06 3.24892e+06 3.59773e+06 2.82523e+06 5.242e+06 5.20419e+06 4.16084e+06 6.37394e+06 4.90775e+06 4.28975e+06 5.7774e+06 5.56312e+06 4.38217e+06 3.82581e+06 3.07343e+06 2.66573e+06 3.09209e+06
Ftot
 0.100314 0.18069 0.174532 0.258123 0.0721476 0.139537 0.230308 0.0313365 0.112509 0.130517 0.0463184 0.28324 0.355246 0.952404 0.410879 0.490563 0.288851 0.420109 0.508075 0.355879 0.237536 0.275069 0.135057 0.13945 0.127463 0.0967664 0.13507 0.118202 0.0875515 0.109242 0.193469 0.108743 0.197795
BD_Bspro_t
 0.984178 0.88797 0.767865 0.715124 0.743939 0.812324 0.822777 0.752513 0.804757 0.807256 0.796166 0.838049 0.713273 0.533466 0.332213 0.60268 0.619199 0.583683 0.612819 0.569778 0.598313 0.667321 0.703359 0.713219 0.784234 0.802828 0.807645 0.829097 0.864287 0.831844 0.799302 0.778259 0.773046
BD_Bspro
 2.56713 1.71749 0.864042 0.508447 0.675377 0.839746 1.24972 1.00459 0.944051 0.794871 0.559318 0.528147 0.426261 0.242678 0.0973813 0.331515 0.553792 0.511624 0.754642 0.73452 1.0291 1.41678 1.47077 1.30103 1.65203 1.45665 1.204 1.25633 1.77641 1.34127 0.976295 0.923183 0.566938
BD_Bo
 2.49347 1.66821 0.839249 0.493858 0.655997 0.81565 1.21386 0.975763 0.916962 0.772062 0.543269 0.512992 0.41403 0.235715 0.094587 0.322002 0.537901 0.496943 0.732989 0.713443 0.999575 1.37612 1.42856 1.2637 1.60463 1.41486 1.16945 1.22028 1.72544 1.30278 0.948281 0.896693 0.55067
BD_Brms
 2.67108 1.78704 0.899027 0.529035 0.702723 0.873748 1.30032 1.04527 0.982275 0.827055 0.581965 0.549532 0.443521 0.252504 0.101324 0.344938 0.576215 0.532339 0.785198 0.764261 1.07077 1.47414 1.53032 1.35371 1.71892 1.51564 1.25275 1.3072 1.84834 1.39558 1.01583 0.960562 0.589893
Sel_flota
 0.499279 0.949863 0.99723 0.999854 0.999992
 0.499279 0.949863 0.99723 0.999854 0.999992
 0.499279 0.949863 0.99723 0.999854 0.999992
 0.499279 0.949863 0.99723 0.999854 0.999992
 0.499279 0.949863 0.99723 0.999854 0.999992
 0.499279 0.949863 0.99723 0.999854 0.999992
 0.499279 0.949863 0.99723 0.999854 0.999992
 0.499279 0.949863 0.99723 0.999854 0.999992
 0.499279 0.949863 0.99723 0.999854 0.999992
 0.499279 0.949863 0.99723 0.999854 0.999992
 0.499279 0.949863 0.99723 0.999854 0.999992
 0.499279 0.949863 0.99723 0.999854 0.999992
 0.499279 0.949863 0.99723 0.999854 0.999992
 0.499279 0.949863 0.99723 0.999854 0.999992
 0.499279 0.949863 0.99723 0.999854 0.999992
 0.499279 0.949863 0.99723 0.999854 0.999992
 0.499279 0.949863 0.99723 0.999854 0.999992
 0.499279 0.949863 0.99723 0.999854 0.999992
 0.499279 0.949863 0.99723 0.999854 0.999992
 0.499279 0.949863 0.99723 0.999854 0.999992
 0.499279 0.949863 0.99723 0.999854 0.999992
 0.499279 0.949863 0.99723 0.999854 0.999992
 0.499279 0.949863 0.99723 0.999854 0.999992
 0.499279 0.949863 0.99723 0.999854 0.999992
 0.499279 0.949863 0.99723 0.999854 0.999992
 0.499279 0.949863 0.99723 0.999854 0.999992
 0.499279 0.949863 0.99723 0.999854 0.999992
 0.499279 0.949863 0.99723 0.999854 0.999992
 0.499279 0.949863 0.99723 0.999854 0.999992
 0.499279 0.949863 0.99723 0.999854 0.999992
 0.499279 0.949863 0.99723 0.999854 0.999992
 0.499279 0.949863 0.99723 0.999854 0.999992
 0.499279 0.949863 0.99723 0.999854 0.999992
Sel_reclas
 1 1 1 1 1
 1 1 1 1 1
 1 1 1 1 1
 1 1 1 1 1
 1 1 1 1 1
 1 1 1 1 1
 1 1 1 1 1
 1 1 1 1 1
 1 1 1 1 1
 1 1 1 1 1
 1 1 1 1 1
 1 1 1 1 1
 1 1 1 1 1
 1 1 1 1 1
 1 1 1 1 1
 1 1 1 1 1
 1 1 1 1 1
 1 1 1 1 1
 1 1 1 1 1
 1 1 1 1 1
 1 1 1 1 1
 1 1 1 1 1
 1 1 1 1 1
 1 1 1 1 1
 1 1 1 1 1
 1 1 1 1 1
 1 1 1 1 1
 1 1 1 1 1
 1 1 1 1 1
 1 1 1 1 1
 1 1 1 1 1
 1 1 1 1 1
 1 1 1 1 1
Sel_pelaces
 1 1 1 1 1
 1 1 1 1 1
 1 1 1 1 1
 1 1 1 1 1
 1 1 1 1 1
 1 1 1 1 1
 1 1 1 1 1
 1 1 1 1 1
 1 1 1 1 1
 1 1 1 1 1
 1 1 1 1 1
 1 1 1 1 1
 1 1 1 1 1
 1 1 1 1 1
 1 1 1 1 1
 1 1 1 1 1
 1 1 1 1 1
 1 1 1 1 1
 1 1 1 1 1
 1 1 1 1 1
 1 1 1 1 1
 1 1 1 1 1
 1 1 1 1 1
 1 1 1 1 1
 1 1 1 1 1
 1 1 1 1 1
 1 1 1 1 1
 1 1 1 1 1
 1 1 1 1 1
 1 1 1 1 1
 1 1 1 1 1
 1 1 1 1 1
 1 1 1 1 1
pf_obs 
 0.8446 0.082 0.0669 0.0065 0
 0.8095 0.147 0.0364 0.0071 0
 0.9664 0.0169 0.016 0.0007 0
 0.9276 0.0648 0.0075 0.0001 0
 0.7033 0.2144 0.0806 0.0017 0
 0.9318 0.0425 0.0243 0.0014 0
 0.5671 0.3108 0.0964 0.0239 0.0018
 0.0768 0.2599 0.5324 0.112 0.0189
 0.490249 0.384438 0.106611 0.0170017 0.00170017
 0.7925 0.1577 0.0466 0.003 0.0002
 0.840416 0.127587 0.0312969 0.00059994 9.999e-05
 0.8084 0.0986 0.0794 0.0134 0.0002
 0.7335 0.1905 0.0724 0.0035 0.0001
 0.4001 0.4547 0.1325 0.0127 0
 0.49795 0.308269 0.164784 0.0264974 0.00249975
 0.9179 0.0499 0.0305 0.0017 0
 0.2467 0.6533 0.0926 0.0074 0
 0.9418 0.0223 0.034 0.0019 0
 0.707729 0.231977 0.0356964 0.0245975 0
 0.517169 0.277429 0.184464 0.0207286 0.00020938
 0.811772 0.124168 0.05621 0.00726502 0.000585176
 0.764997 0.148141 0.077277 0.00933861 0.000247198
 0.163321 0.427699 0.378323 0.0303852 0.000271297
 0.753843 0.0900009 0.118128 0.0371064 0.000921714
 0.721811 0.176058 0.0630433 0.0369309 0.00215725
 0.143369 0.312575 0.442814 0.0836902 0.0175525
 0.692698 0.0596174 0.167031 0.0765114 0.00414204
 0.394062 0.376323 0.152708 0.0712218 0.00568511
 0.125707 0.32114 0.495352 0.0537591 0.00404204
 0.23352 0.215282 0.420074 0.123614 0.00750983
 0.796117 0.104755 0.0508955 0.0450114 0.00322123
 0.162477 0.292055 0.404252 0.121198 0.0200186
 0 0 0 0 0
pf_pred 
 0.30635 0.112832 0.553152 0.0276647 1.02462e-06
 0.273665 0.335668 0.0662069 0.309044 0.0154158
 0.488327 0.217551 0.139853 0.0262047 0.128063
 0.662833 0.219936 0.0513607 0.0313687 0.0345015
 0.547605 0.360003 0.0614137 0.013595 0.0173836
 0.645271 0.246045 0.0873426 0.0141989 0.00714303
 0.37127 0.488662 0.0986486 0.0333045 0.00811538
 0.328619 0.359444 0.245289 0.04698 0.0196688
 0.414216 0.280056 0.167291 0.108918 0.0295182
 0.486035 0.29604 0.106939 0.0608054 0.0501815
 0.54785 0.291474 0.0945474 0.032496 0.0336331
 0.481616 0.359995 0.103858 0.0321228 0.0224082
 0.390776 0.396194 0.150423 0.0410952 0.0215119
 0.381616 0.352572 0.176344 0.0632332 0.0262351
 0.856069 0.0870004 0.0335305 0.0155458 0.00785408
 0.787998 0.196238 0.00975227 0.00354517 0.00246608
 0.315294 0.606754 0.0724792 0.00338974 0.00208238
 0.806372 0.0924932 0.0901697 0.0101975 0.000767574
 0.633148 0.329438 0.0184246 0.0169368 0.00205302
 0.57372 0.334472 0.0829613 0.00436382 0.00448263
 0.64173 0.262238 0.0762576 0.0178747 0.00190004
 0.645668 0.276057 0.0581073 0.016024 0.00414325
 0.239592 0.595378 0.130106 0.0259455 0.0089782
 0.590676 0.153471 0.202493 0.0420931 0.0112678
 0.537085 0.341322 0.0470421 0.0590362 0.0155146
 0.301125 0.481019 0.162774 0.021346 0.0337365
 0.613506 0.1736 0.148773 0.047942 0.0161792
 0.58043 0.316537 0.0475764 0.0387857 0.0166709
 0.303923 0.503954 0.146732 0.0209903 0.0244005
 0.374925 0.282073 0.251668 0.0698002 0.021534
 0.478211 0.279533 0.112328 0.0953993 0.0345284
 0.375304 0.401249 0.122653 0.0468071 0.0539875
 0.722255 0.148255 0.0846646 0.0246354 0.0201896
pobs_RECLAS
 0 0 0 0 0
 0 0 0 0 0
 0 0 0 0 0
 0 0 0 0 0
 0 0 0 0 0
 0 0 0 0 0
 0 0 0 0 0
 0 0 0 0 0
 0 0 0 0 0
 0 0 0 0 0
 0.991045 0.00858322 0.000360255 1.14367e-05 0
 0.934742 0.0480273 0.0164251 0.00080598 0
 0.827803 0.169806 0.00239088 0 0
 0.941827 0.0461693 0.0120037 0 0
 0.791401 0.0380133 0.147996 0.0225897 0
 0.846168 0.0940531 0.0597789 0 0
 0.134021 0.677848 0.182769 0.00536245 0
 0.80878 0.0450904 0.141981 0.00414843 0
 0.846168 0.0940531 0.0597789 0 0
 0.905697 0.0802665 0.012482 0.00150086 5.37128e-05
 0.989698 0.0102097 9.19794e-05 0 0
 0.975433 0.0193895 0.00387452 0.00125025 5.28907e-05
 0.303575 0.632131 0.0575291 0.00676475 0
 0.966965 0.00978017 0.0227588 0.000495775 0
 0.843318 0.132988 0.00938335 0.0141283 0.000182051
 0.564624 0.303363 0.111486 0.0197234 0.00080311
 0.826376 0.0876187 0.0782897 0.00655872 0.00115652
 0.89761 0.0855135 0.0140674 0.00269457 0.000114338
 0.34875 0.467042 0.161289 0.0227151 0.000203297
 0.318654 0.224769 0.449479 0.00709798 0
 0.937255 0.0296025 0.0250945 0.00804832 0
 0.456809 0.399803 0.12412 0.0192676 0
 0.883104 0.0372192 0.0704036 0.00927362 0
ppred_RECLAS
 0.467775 0.0902015 0.421022 0.0210007 7.77694e-07
 0.426056 0.272632 0.0511776 0.238252 0.0118828
 0.653086 0.151832 0.0928963 0.0173597 0.084826
 0.793792 0.136899 0.030413 0.0185248 0.020372
 0.699924 0.241188 0.0391788 0.00864999 0.011059
 0.779391 0.155329 0.0524886 0.00851017 0.0042806
 0.534269 0.365995 0.0702994 0.0236699 0.00576687
 0.488134 0.280315 0.182182 0.0348013 0.014568
 0.581039 0.20557 0.116908 0.0759129 0.0205705
 0.648781 0.206623 0.071053 0.0402935 0.0332488
 0.701484 0.195826 0.060493 0.0207367 0.0214594
 0.645064 0.25029 0.0686834 0.021186 0.0147768
 0.55801 0.292554 0.105604 0.0287722 0.0150591
 0.560224 0.256805 0.12151 0.0434401 0.0180202
 0.921717 0.0482872 0.0176873 0.0081779 0.00413104
 0.879117 0.112322 0.00530215 0.0019221 0.00133685
 0.47155 0.470917 0.0535049 0.00249557 0.00153286
 0.892468 0.0527421 0.0488643 0.00551099 0.000414755
 0.771974 0.205854 0.0109343 0.0100234 0.00121482
 0.72458 0.218431 0.0515108 0.00270212 0.00277529
 0.777214 0.165244 0.0457184 0.0106876 0.0011359
 0.780106 0.173209 0.0346806 0.00953787 0.00246582
 0.378551 0.491764 0.102299 0.0203461 0.00703957
 0.740088 0.100505 0.126232 0.0261708 0.00700463
 0.692111 0.230013 0.0301787 0.0377726 0.00992518
 0.455189 0.380742 0.122671 0.0160444 0.0253539
 0.757304 0.112024 0.0913892 0.0293719 0.00991089
 0.728023 0.207706 0.0297208 0.024165 0.0103851
 0.457941 0.397767 0.110273 0.015733 0.0182865
 0.540758 0.21292 0.180861 0.050029 0.0154322
 0.64277 0.195898 0.0749143 0.0634541 0.0229631
 0.538839 0.301505 0.0877448 0.0333967 0.0385145
 0.836221 0.0894774 0.0486268 0.0141114 0.0115632
pobs_PELACES
 0 0 0 0 0
 0 0 0 0 0
 0 0 0 0 0
 0 0 0 0 0
 0 0 0 0 0
 0 0 0 0 0
 0 0 0 0 0
 0 0 0 0 0
 0 0 0 0 0
 0 0 0 0 0
 0 0 0 0 0
 0 0 0 0 0
 0 0 0 0 0
 0 0 0 0 0
 0 0 0 0 0
 0 0 0 0 0
 0.505614 0.472636 0.0217494 0 0
 0 0 0 0 0
 0.443492 0.261883 0.143347 0.151278 0
 0.227955 0.32914 0.350689 0.0885471 0.00366901
 0.970185 0.0296113 0.000203453 0 0
 0.997202 0.00247181 0.000326279 0 0
 0.445219 0.490057 0.0546422 0.010081 0
 0.90214 0.0892962 0.00764917 0.000914606 0
 0 0 0 0 0
 0.581667 0.319106 0.0959925 0.00289975 0.000334073
 0.762889 0.0836404 0.116647 0.0363945 0.000428098
 0.88444 0.0763242 0.0277011 0.0115352 0
 0.521256 0.241999 0.230069 0.00667565 0
 0.616807 0.101726 0.260614 0.0208532 0
 0.833518 0.0704572 0.0857862 0.0102388 0
 0.697417 0.212968 0.0787535 0.0105354 0.000325836
 0 0 0 0 0
ppred_PELACES
 0.471816 0.0896336 0.417716 0.020834 7.71517e-07
 0.433019 0.269742 0.0504923 0.235025 0.0117218
 0.659297 0.149349 0.0911284 0.0170268 0.0831984
 0.800227 0.132812 0.0293863 0.0178954 0.0196796
 0.702219 0.239397 0.038844 0.00857554 0.0109638
 0.783049 0.152854 0.0515395 0.00835528 0.00420267
 0.542973 0.359436 0.0687914 0.0231576 0.00564198
 0.489354 0.279709 0.181699 0.0347081 0.014529
 0.585329 0.203652 0.115614 0.0750652 0.0203407
 0.653386 0.20409 0.070039 0.039714 0.0327704
 0.702978 0.194896 0.0601622 0.0206225 0.0213411
 0.654947 0.243645 0.0665644 0.0205273 0.0143172
 0.571462 0.284191 0.102017 0.0277864 0.0145429
 0.596276 0.237239 0.110594 0.0395048 0.016387
 0.926185 0.0456457 0.0166127 0.0076783 0.0038786
 0.886712 0.105323 0.00493378 0.0017878 0.00124341
 0.482387 0.461487 0.0521972 0.00243397 0.001495
 0.898624 0.04989 0.0459193 0.00517698 0.00038961
 0.785132 0.194128 0.01023 0.0093736 0.00113604
 0.735239 0.210221 0.0492996 0.00258533 0.00265529
 0.783434 0.160786 0.0443201 0.0103586 0.00110092
 0.787197 0.167779 0.0334492 0.00919702 0.00237767
 0.383392 0.488151 0.101333 0.0201516 0.00697225
 0.744314 0.0990044 0.124077 0.0257208 0.00688416
 0.696245 0.227042 0.0297297 0.0372065 0.00977638
 0.458874 0.378342 0.121713 0.0159178 0.0251537
 0.761186 0.11036 0.0898414 0.0288711 0.00974183
 0.731577 0.205084 0.0292914 0.0238134 0.010234
 0.461266 0.395473 0.109487 0.0156197 0.0181547
 0.545019 0.21114 0.179043 0.0495215 0.0152756
 0.649668 0.192386 0.073349 0.0621178 0.0224793
 0.543004 0.298963 0.086857 0.0330557 0.038121
 0.840401 0.0873184 0.047307 0.0137261 0.0112473
pobs_pel_tallas
 0 0 0 0 0 0 0 0 0 0 0 0 0 0 0 0 0 0 0 0 0 0 0 0 0 0
 0 0 0 0 0 0 0 0 0 0 0 0 0 0 0 0 0 0 0 0 0 0 0 0 0 0
 0 0 0 0 0 0 0 0 0 0 0 0 0 0 0 0 0 0 0 0 0 0 0 0 0 0
 0 0 0 0 0 0 0 0 0 0 0 0 0 0 0 0 0 0 0 0 0 0 0 0 0 0
 0 0 0 0 0 0 0 0 0 0 0 0 0 0 0 0 0 0 0 0 0 0 0 0 0 0
 0 0 0 0 0 0 0 0 0 0 0 0 0 0 0 0 0 0 0 0 0 0 0 0 0 0
 0 0 0 0 0 0 0 0 0 0 0 0 0 0 0 0 0 0 0 0 0 0 0 0 0 0
 0 0 0 0 0 0 0 0 0 0 0 0 0 0 0 0 0 0 0 0 0 0 0 0 0 0
 0 0 0 0 0 0 0 0 0 0 0 0 0 0 0 0 0 0 0 0 0 0 0 0 0 0
 0 0 0 0 0 0 0 0 0 0 0 0 0 0 0 0 0 0 0 0 0 0 0 0 0 0
 0 0 0 0 0 0 0 0 0 0 0 0 0 0 0 0 0 0 0 0 0 0 0 0 0 0
 0 0 0 0 0 0 0 0 0 0 0 0 0 0 0 0 0 0 0 0 0 0 0 0 0 0
 0.00862536 0 0 0.000197151 0.00414017 0.0128641 0.00837892 0.0270097 0.101434 0.158115 0.152841 0.127902 0.109271 0.109419 0.0830992 0.0579132 0.0238553 0.00714673 0.00463305 0.00128148 0.00103504 0.000492878 0.000147863 0.000147863 4.92878e-05 0
 0 0 0 0 0 0 0 0 0 0 0 0 0 0 0 0 0 0 0 0 0 0 0 0 0 0
 0 0 0 0 0 0 0 0.0054083 0.00873648 0.0413646 0.0450493 0.0745869 0.0622846 0.0627006 0.0613931 0.0827291 0.12552 0.122667 0.0946155 0.0697135 0.0546179 0.0294188 0.0215738 0.0213955 0.0102223 0.00600262
 0 0 0 0 0.00359764 0.0251062 0.0480494 0.140153 0.205849 0.193036 0.1447 0.116669 0.0760912 0.0342217 0.00950174 0.001854 0.000860785 0 0 0 0.000165536 0 0.000143464 0 0 0
 0 0 0 0 0 0 0 0.000145254 0.000435761 0.0275982 0.070085 0.0708112 0.156366 0.174668 0.174014 0.160142 0.0824315 0.0480064 0.0283245 0.00493863 0.00203355 0 0 0 0 0
 0 0 0 0 0 0 0 0 0 0 0 0 0 0 0 0 0 0 0 0 0 0 0 0 0 0
 0 0 1.00437e-05 0.000401748 0.00122533 0.00171747 0.00176769 0.0269171 0.070346 0.194647 0.189555 0.159765 0.064822 0.0314167 0.0384472 0.0292271 0.0345202 0.0313363 0.0194345 0.0106764 0.0143323 0.0359363 0.0279516 0.0138201 0.00172751 0
 0 0.0021121 0.0136068 0.0755702 0.200478 0.177729 0.0527432 0.0373336 0.0318909 0.0142505 0.0149659 0.0166563 0.0217959 0.0798694 0.0677717 0.0528807 0.04013 0.0224614 0.0357745 0.0225083 0.00881397 0.00855152 0.00135912 0.000746735 0 0
 0 0 0 0 5.4009e-05 0.00500934 0.000945158 0.0243581 0.138947 0.33067 0.221406 0.137944 0.0707744 0.0437923 0.0131692 0.00525238 0.0047753 0.00276346 9.45158e-05 9.00151e-06 2.25038e-05 9.00151e-06 4.50075e-06 0 0 0
 0.000866109 0.00284123 0.00948549 0.0512746 0.133035 0.25785 0.225252 0.132002 0.0553304 0.0519788 0.0540692 0.017754 0.00435017 0.00159236 0.00146478 0.000404838 0.000125132 0.000115318 0.000107957 0.000100596 0 0 0 0 0 0
 0 0 0 0 0.00144013 0.00171154 0.00461396 0.0210425 0.0478622 0.0707936 0.0888783 0.103762 0.0637923 0.0337046 0.0602308 0.124433 0.169614 0.0934646 0.0462172 0.0250306 0.0313229 0.00938855 0.002487 0.000210481 0 0
 0 0.00764035 0.051015 0.0998891 0.058973 0.0496711 0.0374665 0.0718981 0.12319 0.153886 0.159021 0.0857701 0.0377988 0.023471 0.0147837 0.00900784 0.00315554 0.000888139 0.00291439 0.00214683 0.00393193 0.00274676 0.000635225 9.99891e-05 0 0
 0 0 0 0 0 0 0 0 0 0 0 0 0 0 0 0 0 0 0 0 0 0 0 0 0 0
 0 0 0 0 0 0 0 0 0 0 0 0 0 0 0 0 0 0 0 0 0 0 0 0 0 0
 0 0 0 0 0 0 0 0 0 0 0 0 0 0 0 0 0 0 0 0 0 0 0 0 0 0
 0 0 0 0 0 0 0 0 0 0 0 0 0 0 0 0 0 0 0 0 0 0 0 0 0 0
 0 0 0 0 0 0 0 0 0 0 0 0 0 0 0 0 0 0 0 0 0 0 0 0 0 0
 0 0 0 0 0 0 0 0 0 0 0 0 0 0 0 0 0 0 0 0 0 0 0 0 0 0
 0 0 0 0 0 0 0 0 0 0 0 0 0 0 0 0 0 0 0 0 0 0 0 0 0 0
 0 0 0 0 0 0 0 0 0 0 0 0 0 0 0 0 0 0 0 0 0 0 0 0 0 0
 0 0 0 0 0 0 0 0 0 0 0 0 0 0 0 0 0 0 0 0 0 0 0 0 0 0
ppred_pel_tallas
 1.14167e-16 3.88629e-05 0.000377761 0.00251035 0.0114117 0.0355061 0.0756499 0.110415 0.110424 0.0756955 0.035661 0.0118672 0.00368389 0.00303953 0.00538616 0.00960273 0.0155935 0.0232714 0.0324324 0.0427585 0.0536119 0.0637136 0.0711179 0.0737912 0.0705717 0.0618681
 1.2708e-16 3.56673e-05 0.000346699 0.00230394 0.0104734 0.0325867 0.0694303 0.101341 0.101367 0.0695579 0.0330154 0.0117132 0.00542241 0.00717614 0.0130744 0.0217508 0.0318201 0.0411461 0.0476892 0.0507948 0.051692 0.0526345 0.0552901 0.0596052 0.0638853 0.0658474
 1.18456e-16 5.43055e-05 0.000527869 0.00350787 0.0159463 0.0496149 0.10571 0.15429 0.154305 0.105781 0.0498538 0.016638 0.00525065 0.00435453 0.00738824 0.0123063 0.0181514 0.0237592 0.028009 0.0304783 0.0317044 0.032751 0.0344099 0.0366699 0.0387833 0.039754
 1.06008e-16 6.59137e-05 0.000640704 0.00425771 0.0193549 0.0602204 0.128306 0.18727 0.187282 0.128369 0.0604309 0.0199634 0.0057864 0.00398248 0.00642659 0.0105585 0.0152982 0.0194489 0.0218514 0.0220083 0.0203882 0.0180971 0.0161754 0.0150671 0.0145732 0.0141767
 1.03898e-16 5.78409e-05 0.000562234 0.00373625 0.0169844 0.052845 0.112593 0.164337 0.16436 0.112706 0.0532238 0.0180786 0.0064832 0.00656057 0.0114549 0.0188595 0.0271956 0.0342723 0.0378976 0.0370682 0.0325624 0.0263979 0.0206052 0.0162726 0.0134161 0.0114697
 1.03076e-16 6.44987e-05 0.000626951 0.00416631 0.0189394 0.0589277 0.125552 0.18325 0.183265 0.125624 0.0591704 0.0196411 0.00592986 0.00448449 0.0074132 0.0122123 0.0177234 0.0225747 0.025405 0.0255751 0.023517 0.0203795 0.0172753 0.0147358 0.0126971 0.0108488
 1.05355e-16 4.47241e-05 0.000434734 0.00288896 0.0131328 0.0408613 0.0870605 0.127075 0.127109 0.08723 0.0414303 0.0147769 0.00701739 0.00945252 0.0171871 0.0283852 0.0409858 0.051754 0.0574178 0.0564688 0.0500408 0.0410914 0.0325741 0.0260387 0.0214739 0.0180682
 1.11255e-16 4.03075e-05 0.000391803 0.00260367 0.0118359 0.0368261 0.078463 0.114525 0.114552 0.078596 0.0372733 0.0131304 0.00586414 0.00754666 0.0137381 0.0229346 0.0337049 0.0437917 0.0508843 0.0538769 0.053403 0.0511392 0.048495 0.045804 0.0425286 0.0380518
 1.14359e-16 4.82128e-05 0.000468645 0.00311431 0.0141572 0.0440485 0.0938507 0.136982 0.137002 0.0939475 0.044374 0.0150994 0.00548743 0.00567676 0.0100216 0.0167105 0.0245912 0.0320509 0.0374907 0.0402318 0.0408806 0.040763 0.0408876 0.0412904 0.0411853 0.0396397
 1.11602e-16 5.38186e-05 0.000523136 0.00347642 0.0158033 0.0491701 0.104763 0.152909 0.152928 0.104859 0.0494946 0.0167415 0.0058357 0.0056877 0.00990507 0.016405 0.023905 0.0306678 0.0349784 0.0361059 0.0347385 0.0324558 0.0306612 0.0298163 0.0294416 0.0286738
 1.07466e-16 5.79034e-05 0.000562842 0.00374028 0.0170028 0.0529021 0.112714 0.164514 0.164532 0.112806 0.0532115 0.0178973 0.00598873 0.00548128 0.00942892 0.0155762 0.0226237 0.0288618 0.0325934 0.033061 0.0308842 0.0275859 0.0245954 0.0225186 0.0211102 0.0197495
 1.06465e-16 5.39471e-05 0.000524385 0.00348473 0.0158411 0.0492876 0.105013 0.153275 0.153298 0.105128 0.049674 0.0169581 0.00629132 0.00666062 0.0117357 0.0193903 0.0281031 0.0357162 0.040066 0.0401654 0.0367702 0.0318046 0.0271263 0.0236103 0.0210922 0.018929
 1.08265e-16 4.70706e-05 0.000457543 0.00304054 0.0138219 0.0430051 0.0916279 0.133739 0.133767 0.0917623 0.0434567 0.0151275 0.00632312 0.00764057 0.0137395 0.0227728 0.0331145 0.0423066 0.0478659 0.0486461 0.0454725 0.0404631 0.035614 0.0317891 0.0287173 0.0256823
 1.09988e-16 4.91145e-05 0.00047741 0.00317256 0.014422 0.0448724 0.0956061 0.139545 0.139568 0.0957186 0.0452503 0.0155154 0.00592362 0.00650502 0.0115618 0.0192083 0.0280727 0.0361672 0.041493 0.0431393 0.0417724 0.0390415 0.0364032 0.034327 0.0323693 0.0298193
 1.01918e-16 7.62886e-05 0.000741553 0.00492788 0.0224014 0.0696992 0.148502 0.216743 0.216748 0.148523 0.0697717 0.0226113 0.00545558 0.00189667 0.00227943 0.00367251 0.00534242 0.00684572 0.00778833 0.00799625 0.0076106 0.00697346 0.00639572 0.00599225 0.00568476 0.00532123
 1.0056e-16 7.30373e-05 0.000709949 0.00471786 0.0214467 0.0667288 0.142173 0.207508 0.207518 0.142223 0.066895 0.0219266 0.00592167 0.00333533 0.00505163 0.00821618 0.0117829 0.0147214 0.0160371 0.015275 0.012794 0.00953622 0.00648042 0.00419845 0.00276743 0.00196311
 1.02122e-16 3.97337e-05 0.000386225 0.00256661 0.0116674 0.036302 0.0773469 0.112899 0.112944 0.0775641 0.0370312 0.0137734 0.00785146 0.0119187 0.0219289 0.0361549 0.0519937 0.065199 0.0714573 0.0687583 0.0585839 0.0449005 0.0318088 0.0216778 0.014831 0.0104149
 1.01924e-16 7.40185e-05 0.000719486 0.00478124 0.0217348 0.0676251 0.144083 0.210294 0.210299 0.144106 0.0677053 0.0219672 0.00536739 0.00200879 0.00255112 0.00417456 0.00617897 0.00812901 0.00962282 0.0104567 0.0107049 0.0105942 0.0102896 0.00978395 0.00896773 0.00778172
 1.01478e-16 6.46703e-05 0.000628619 0.00417739 0.0189898 0.0590845 0.125887 0.183739 0.183758 0.125978 0.059391 0.0198746 0.00639714 0.00547035 0.00924837 0.015157 0.0217585 0.0272185 0.029719 0.0284321 0.0240236 0.0182226 0.01281 0.00880337 0.00630351 0.00486444
 1.02186e-16 6.05607e-05 0.000588672 0.00391193 0.0177831 0.0553299 0.117887 0.172064 0.172084 0.117986 0.0556629 0.0187453 0.00632868 0.00586888 0.0101015 0.016637 0.0240362 0.0303808 0.0337468 0.033228 0.0294466 0.0240848 0.0188383 0.0146228 0.0114948 0.00908205
 1.02546e-16 6.45305e-05 0.000627259 0.00416836 0.0189488 0.0589567 0.125614 0.183341 0.183356 0.12569 0.0592117 0.0196857 0.00601988 0.00467477 0.00776801 0.0127832 0.0185092 0.0234864 0.0262661 0.0261709 0.0236727 0.0200239 0.0164561 0.0135879 0.0113878 0.00952926
 1.02333e-16 6.48404e-05 0.000630272 0.00418838 0.0190398 0.0592399 0.126217 0.184221 0.184238 0.126297 0.0595055 0.0198073 0.00611578 0.0048405 0.00806878 0.0132576 0.0191408 0.0241734 0.0268239 0.0263841 0.0233769 0.0191755 0.0151539 0.0120373 0.00983076 0.00817203
 1.0625e-16 3.15796e-05 0.000306965 0.00203989 0.00927309 0.0288523 0.0614745 0.0897338 0.0897809 0.0617047 0.0296253 0.0115065 0.00764846 0.0125588 0.0233243 0.0385732 0.0557107 0.0703656 0.0780852 0.0767962 0.0679997 0.0556704 0.0437964 0.0345005 0.0278362 0.022805
 1.07351e-16 6.13081e-05 0.000595937 0.00396021 0.0180026 0.0560127 0.119341 0.174184 0.174194 0.119389 0.056173 0.0184679 0.0051369 0.00319356 0.00507958 0.00852289 0.0127921 0.0171781 0.0209759 0.0238306 0.0258525 0.0273383 0.0283582 0.0286014 0.0276078 0.0251504
 1.06302e-16 5.73488e-05 0.000557451 0.00370446 0.0168399 0.0523954 0.111635 0.162939 0.162961 0.111742 0.0527547 0.0178776 0.00630979 0.00624712 0.0108702 0.0179009 0.0258366 0.0326225 0.0362222 0.0357438 0.0319881 0.0269053 0.0223939 0.0193691 0.0176498 0.0164775
 1.09463e-16 3.77969e-05 0.000367399 0.0024415 0.0110987 0.0345325 0.0735764 0.107395 0.107431 0.0737552 0.0351331 0.0128349 0.00680491 0.00991071 0.0182151 0.0301921 0.0438147 0.0557835 0.0627437 0.0631372 0.0580754 0.0504582 0.0430899 0.037301 0.0328895 0.0289811
 1.07165e-16 6.26979e-05 0.000609446 0.00404998 0.0184106 0.0572824 0.122047 0.178133 0.178144 0.122099 0.0574595 0.0189239 0.0053445 0.00345593 0.00552932 0.00920146 0.013625 0.017929 0.0212607 0.023226 0.0240671 0.0243626 0.02451 0.0244386 0.0237484 0.0220805
 1.05018e-16 6.02591e-05 0.00058574 0.00389245 0.0176945 0.0550543 0.1173 0.171207 0.171226 0.117396 0.0553788 0.0186319 0.00624584 0.00572507 0.00982671 0.0161671 0.0233272 0.029437 0.0326443 0.032126 0.0285873 0.0237793 0.0194258 0.0163891 0.0145637 0.0133287
 1.079e-16 3.7994e-05 0.000369315 0.00245423 0.0111566 0.0347125 0.0739601 0.107955 0.107993 0.0741468 0.0353397 0.0129692 0.00700835 0.010325 0.0189866 0.031436 0.0455329 0.0577876 0.0646521 0.0644756 0.0584396 0.0496496 0.0411569 0.0344866 0.0295344 0.0254344
 1.12773e-16 4.48926e-05 0.000436372 0.00289984 0.0131823 0.0410151 0.0873878 0.127549 0.12757 0.0874885 0.0413542 0.0141648 0.00537835 0.00588738 0.0105164 0.0176274 0.0261236 0.0344003 0.0408248 0.0446242 0.0462275 0.0466989 0.0467662 0.0462945 0.0445642 0.0409734
 1.122e-16 5.35124e-05 0.000520159 0.00345664 0.0157134 0.0488903 0.104167 0.152038 0.152057 0.104258 0.0491966 0.0165992 0.00568505 0.00540159 0.00937474 0.0155496 0.0227237 0.0292941 0.0336865 0.0352457 0.0346225 0.0332555 0.0323565 0.0322074 0.0322054 0.0314421
 1.1235e-16 4.47265e-05 0.000434758 0.00288912 0.0131335 0.0408635 0.087065 0.12708 0.127109 0.0872063 0.041338 0.0145053 0.00633663 0.0079752 0.0144088 0.0238662 0.0346558 0.0441879 0.0498659 0.0505425 0.0471969 0.0422024 0.0377834 0.0348767 0.0330747 0.0313578
 1.04668e-16 6.92228e-05 0.00067287 0.00447146 0.0203266 0.0632436 0.134748 0.19667 0.196678 0.134789 0.063383 0.0207298 0.00548658 0.00289879 0.00432598 0.00711963 0.0104327 0.0135091 0.015627 0.0164616 0.0162543 0.0155884 0.0149583 0.0144867 0.0139653 0.0131041
pSPR Fmed_Fpbrs
1   0.983508 0.6 0.325 0.983508 0.983508 0.983508
Fs Fmed_Fpbrs
0   0.01 0.349145 0.896631 0.01 0.01 0.01
SSBpbr Bo_Bmed_Bpbrs
1.82131e+06  1.73025e+06  1.70021e+06 1.00172e+06 500862 1.70021e+06 1.70021e+06 1.70021e+06
Ro
245554
SPR SPRFo_SPRFmed_SPRFpbrs
1.76905e+06 1.76905e+06 1.73988e+06
Fref
0
Nvult_r0
 247942 28921.7 15856 4603.6 3772.37
CTP_r0
 22284.8 4574.34 2612.28 760.113 622.939
YTP_r0
356492
Np
 371887 136809 50329.4 18515.2 9317.1
Nvult_p0
 235077 86480.1 31814.2 11703.8 5889.53
CTP_p0
 0 0 0 0 0
 0 0 0 0 0
 0 0 0 0 0
 0 0 0 0 0
 0 0 0 0 0
 0 0 0 0 0
YTP_p0
 0 0 0 0 0 0
CBA_c0
0
log_Ro
12.2313
likeval ReclasPelacesDesembMPH_pf_preclas_ppelaces_ptallas_desvR_qrecl_qpela
 0.000393618 15.3534 0.132872 61.7982 241.318 141.835 113.337 0 19.7942 8.75395e-06 2.16911e-06 0.602892 2067.06 0 0
q_reclas_q_pelaces
0.658083 0.811976
M
1
N
 235105 46371.6 216958 10823.4 0.400811
 123431 82265 15508.7 72216.4 3601.84
 171586 41490.8 25490.7 4764.6 23281.8
 316516 57855.4 12931.8 7879.51 8665.38
 292258 102360 16655.9 3677.68 4701.93
 504287 103712 35162.1 5702 2868.13
 239816 173032 33417.4 11255.1 2742.2
 135979 78640.2 51147.6 9770.88 4090.15
 135712 49247.3 28081.7 18237.3 4941.89
 143906 47198.6 16280.8 9234.26 7619.86
 175832 49600.2 15338.9 5258.42 5441.68
 152829 63206.3 17461.5 5388.15 3758.19
 85935.6 48808.5 17767.4 4843.05 2534.86
 46603.8 26475.8 12813.1 4586.44 1902.71
 185429 10656.5 3941.57 1823.4 921.114
 389380 55563.5 2653.52 962.556 669.494
 105203 112127 12827.1 598.508 367.629
 515742 33504.4 31351.4 3537.81 266.262
 514490 153831 8269.98 7586.07 919.451
 449641 146864 34926.8 1833.02 1882.7
 617416 138486 38531.2 9010.24 957.644
 853978 201733 40655.7 11185.2 2891.75
 204485 273847 57149.4 11368.3 3933.39
 501804 70320.4 88613.4 18374.9 4918.11
 503448 172188 22660.1 28366.8 7453.77
 203289 173789 56121.1 7341.14 11600.8
 467282 71258.6 58318.9 18746.6 6325.69
 548437 160693 23058.1 18750.7 8058.36
 214693 190196 52837.4 7539.4 8763.1
 187342 75602.9 64385.9 17812.7 5494.64
 204999 65261.1 25071.4 21241.5 7687.06
 119407 68470.8 19977.9 7604.93 8770.38
 371887 41606 22717.1 6594.17 5403.46
pred_Ctot
 7289.81 2684.93 13162.6 658.301 0.0243814
 6780.55 8316.8 1640.4 7657.14 381.955
 9116.13 4061.26 2610.8 489.191 2390.7
 24448.5 8112.33 1894.44 1157.03 1272.59
 6555.63 4309.77 735.212 162.752 208.107
 21574.7 8226.53 2920.3 474.742 238.828
 16621.9 21877.6 4416.53 1491.06 363.328
 1336.07 1461.39 997.273 191.007 79.9676
 4707.66 3182.9 1901.3 1237.87 335.481
 5769.42 3514.11 1269.4 721.785 595.675
 2545.69 1354.39 439.333 150.999 156.283
 12887.6 9633.14 2779.16 859.577 599.622
 8957.43 9081.63 3448.01 941.99 493.099
 11584.8 10703.1 5353.29 1919.58 796.422
 22106 2246.59 865.849 401.436 202.814
 54546.9 13584 675.073 245.405 170.707
 9036.93 17390.7 2077.39 97.1564 59.6848
 62749.5 7197.54 7016.73 793.541 59.7303
 74386.4 38704.5 2164.64 1989.85 241.202
 46945.5 27368.7 6788.43 357.076 366.798
 44071.9 18009.6 5237.12 1227.58 130.488
 70052.2 29951 6304.39 1738.53 449.524
 8475.35 21061 4602.4 917.801 317.596
 21455.4 5574.6 7355.24 1528.97 409.288
 19724.1 12534.8 1727.59 2168.07 569.764
 6084.86 9719.98 3289.18 431.341 681.715
 19369.4 5480.83 4696.99 1513.61 510.804
 19963.7 10887.2 1636.37 1334.02 573.389
 5825.33 9659.34 2812.42 402.324 467.687
 6314.2 4750.46 4238.4 1175.52 362.659
 12026.2 7029.79 2824.86 2399.13 868.331
 4006.53 4283.51 1309.37 499.686 576.34
 22284.8 4574.34 2612.28 760.113 622.939
F
 0.0500847 0.0952846 0.100036 0.100299 0.100313
 0.0902148 0.171631 0.18019 0.180664 0.180689
 0.08714 0.165781 0.174048 0.174506 0.17453
 0.128875 0.245181 0.257407 0.258085 0.258121
 0.0360218 0.0685303 0.0719477 0.0721371 0.072147
 0.0696677 0.132541 0.13915 0.139516 0.139536
 0.114988 0.218761 0.229669 0.230274 0.230306
 0.0156456 0.0297653 0.0312496 0.0313319 0.0313362
 0.0561732 0.106868 0.112197 0.112492 0.112508
 0.0651645 0.123974 0.130156 0.130498 0.130516
 0.0231258 0.0439961 0.0461901 0.0463116 0.046318
 0.141416 0.269039 0.282455 0.283198 0.283237
 0.177367 0.337435 0.354261 0.355194 0.355243
 0.475515 0.904653 0.949765 0.952265 0.952396
 0.205143 0.390279 0.409741 0.410819 0.410876
 0.244927 0.465967 0.489204 0.490491 0.490559
 0.144217 0.274369 0.288051 0.288809 0.288849
 0.209751 0.399046 0.418945 0.420047 0.420105
 0.253671 0.482601 0.506667 0.508 0.508071
 0.177683 0.338036 0.354893 0.355827 0.355876
 0.118597 0.225627 0.236878 0.237502 0.237535
 0.137336 0.261278 0.274307 0.275029 0.275067
 0.0674311 0.128286 0.134683 0.135037 0.135056
 0.0696242 0.132458 0.139063 0.139429 0.139449
 0.0636395 0.121072 0.12711 0.127444 0.127462
 0.0483134 0.0919148 0.0964983 0.0967523 0.0967657
 0.0674374 0.128298 0.134696 0.13505 0.135069
 0.0590158 0.112276 0.117875 0.118185 0.118201
 0.0437126 0.0831619 0.0873089 0.0875387 0.0875508
 0.0545423 0.103765 0.108939 0.109226 0.109241
 0.096595 0.183769 0.192933 0.193441 0.193468
 0.0542932 0.103291 0.108442 0.108727 0.108742
 0.098755 0.187878 0.197247 0.197766 0.197794
YTP_r0W_actual
 168027 79822.2 62877.6 23806.7 21958.6
YTP_p0W_proyectada
 0 0 0 0 0
 0 0 0 0 0
 0 0 0 0 0
 0 0 0 0 0
 0 0 0 0 0
 0 0 0 0 0
CTP_r0_actual
 22284.8 4574.34 2612.28 760.113 622.939
CTP_p0_proyectada
 0 0 0 0 0
 0 0 0 0 0
 0 0 0 0 0
 0 0 0 0 0
 0 0 0 0 0
 0 0 0 0 0
Wmedp
 7.54 17.45 24.07 31.32 35.25
Frms_r0
 0.098755 0.187878 0.197247 0.197766 0.197794
Zrms_r0
 1.09875 1.18788 1.19725 1.19777 1.19779
nmprior
 7.29 8.9 8.7 0
nm_flota  nm_reclas  nm_pelaces    nm_pelaL
inf 10.6442 16.9454 52.5619
cv_recla  cv_pelaces  cv_mph
0.572726 0.429232 0.630297
 ------------------------------------------------
Talla a la edad & desviaci?n 
 8 13.2811 15.8009 17.003 17.5766
 0.8 1.32811 1.58009 1.7003 1.75766
