years
 1991 1992 1993 1994 1995 1996 1997 1998 1999 2000 2001 2002 2003 2004 2005 2006 2007 2008 2009 2010 2011 2012 2013 2014 2015 2016 2017 2018 2019 2020 2021 2022 2023
reclasobs
 0 0 0 0 0 0 0 0 0 252601 567819 844713 477998 351125 339783 2.1784e+06 2.13404e+06 4.81314e+06 1.55562e+06 2.62356e+06 3.21686e+06 3.843e+06 1.13348e+06 3.07943e+06 1.97215e+06 2.03268e+06 2.025e+06 2.42433e+06 2.27542e+06 1.05018e+06 2.36338e+06 3.18982e+06 1.53035e+06
reclaspred
 3.04602e+06 1.61083e+06 838528 826355 880784 1.93881e+06 1.00174e+06 922907 730444 579677 824002 1.19318e+06 931739 200089 892962 1.31596e+06 936141 2.24102e+06 2.16819e+06 1.87395e+06 3.34326e+06 2.72918e+06 1.97997e+06 2.90805e+06 2.23178e+06 1.94475e+06 2.45267e+06 2.81721e+06 2.32443e+06 1.82478e+06 1.3545e+06 1.09561e+06 715664
pelacesobs
 0 0 0 0 0 0 0 0 0 0 0 0 0 0 0 552880 188675 0 991730 2.46772e+06 1.41603e+06 1.21717e+06 2.29649e+06 1.80582e+06 0 1.4828e+06 1.56532e+06 1.57751e+06 1.42118e+06 867257 1.10002e+06 1.06204e+06 0
pelacespred
 1.989e+06 1.112e+06 534925 392191 498214 1.09092e+06 526820 665467 467313 344471 512180 640731 561319 77197.9 489727 602426 475899 1.15923e+06 1.16266e+06 917099 1.82063e+06 1.52138e+06 1.27012e+06 1.87775e+06 1.43336e+06 1.30651e+06 1.74384e+06 1.78709e+06 1.55122e+06 1.32754e+06 813809 698142 357756
mphobs
 0 0 0 0 0 0 0 0 0 0 0 0 498337 0 5186 125008 0 168611 109162 213762 579715 649985 157893 87575 83554 210694 70296 0 107559 103333 445601 22526 28222
mphpred
 615105 421918 193151 111220 112901 152526 261200 129188 125838 92049.1 69679.5 144431 178987 76346.9 10406.8 108060 178138 119246 247744 340623 442083 534897 120786 93306.5 135674 114180 93462.8 111930 168861 125878 77853.6 62645.3 31849.1
desembarqueobs
 494567 514787 250237 358949 120608 361735 552515 73892 212993 205616 52469 317467 293654 387597 252695 516296 358380 742168 942051 627588 828172 859565 418607 520667 417249 300574 415391 372974 316634 284311 391294 218835 356480
desembarquepred
 494553 514243 250377 358996 120612 361713 552421 73895.8 213025 205645 52471.1 317457 293778 387889 252625 516128 358324 741664 941079 627074 828235 859372 418586 520727 417160 300574 415372 372913 316560 284209 391273 218857 356521
Reclutas
 157649 81971 86641.1 102561 92926.5 206103 70462 32889.8 38017.4 54156.3 94955.1 144265 72418.9 26697.8 105175 236948 48706.7 349156 331432 260532 302882 411020 75364.6 197011 206760 72928.7 187832 218703 89283.9 92524.8 79762.6 38794.8 71630.8
log_desv_Rt
 0.36248 -0.291526 -0.236117 -0.0674328 -0.166083 0.630487 -0.442817 -1.20473 -1.05985 -0.706017 -0.144487 0.273761 -0.415424 -1.41331 -0.0422645 0.769951 -0.812074 1.15763 1.10553 0.864834 1.01545 1.32075 -0.375553 0.585368 0.633665 -0.40841 0.537654 0.689824 -0.20607 -0.170415 -0.318836 -1.03961 -0.426366
SSB
 1.1979e+06 821674 376155 216597 219872 297040 508681 251591 245066 179263 135699 281276 331017 142437 19441.7 201388 346919 232229 504098 459875 614122 789841 762497 566635 762288 683970 525634 601914 943738 658640 479836 394770 187933
BT
 1.86759e+06 1.30788e+06 628313 620976 505242 1.28788e+06 896152 610572 597606 486129 496716 816554 718489 451284 731786 997166 664896 1.75573e+06 1.94217e+06 1.32859e+06 2.28666e+06 2.08574e+06 1.34714e+06 2.14111e+06 1.54196e+06 1.28628e+06 1.96355e+06 1.91131e+06 1.4269e+06 1.31025e+06 1.01317e+06 729957 634191
Ftot
 0.365819 0.669291 0.664114 1.13652 0.368438 0.580192 1.16977 0.203616 0.765602 0.926452 0.207369 0.740074 0.757495 3.41097 1.13668 1.28145 0.885344 1.12384 1.26776 0.970051 0.706963 0.870834 0.480873 0.532623 0.484567 0.363924 0.507484 0.413078 0.299444 0.377226 0.727595 0.460792 1.36442
BD_Bspro_t
 0.943941 0.678576 0.43327 0.338769 0.32549 0.446305 0.4969 0.297925 0.366903 0.340894 0.343147 0.599131 0.5005 0.246263 0.052052 0.336848 0.359918 0.264705 0.367487 0.313762 0.326482 0.379363 0.403515 0.371885 0.479085 0.51194 0.50114 0.563153 0.651112 0.574094 0.517702 0.451943 0.372773
BD_Bspro
 1.51551 1.03953 0.475888 0.274025 0.278168 0.375796 0.643551 0.318296 0.310041 0.226792 0.171678 0.355853 0.418782 0.180202 0.0245964 0.254783 0.4389 0.293801 0.637753 0.581805 0.776948 0.999257 0.964663 0.716871 0.964399 0.865315 0.664999 0.761504 1.19396 0.83327 0.607058 0.499439 0.237761
BD_Bo
 2.51366 1.72419 0.78932 0.454505 0.461376 0.623304 1.06741 0.527935 0.514243 0.376164 0.284749 0.590227 0.694603 0.298888 0.0407962 0.42259 0.72797 0.487307 1.05779 0.964997 1.28867 1.65739 1.60001 1.18902 1.59958 1.43523 1.10298 1.26305 1.98033 1.38208 1.00688 0.828382 0.394357
BD_Brms
 2.69042 1.84544 0.844827 0.486466 0.493821 0.667137 1.14247 0.56506 0.550405 0.402616 0.304773 0.631733 0.743449 0.319907 0.0436651 0.452307 0.779163 0.521575 1.13218 1.03286 1.37929 1.77395 1.71253 1.27264 1.71206 1.53616 1.18055 1.35187 2.11959 1.47927 1.07769 0.886635 0.422089
Sel_flota
 0.429083 0.934554 0.996328 0.999806 0.99999
 0.429083 0.934554 0.996328 0.999806 0.99999
 0.429083 0.934554 0.996328 0.999806 0.99999
 0.429083 0.934554 0.996328 0.999806 0.99999
 0.429083 0.934554 0.996328 0.999806 0.99999
 0.429083 0.934554 0.996328 0.999806 0.99999
 0.429083 0.934554 0.996328 0.999806 0.99999
 0.429083 0.934554 0.996328 0.999806 0.99999
 0.429083 0.934554 0.996328 0.999806 0.99999
 0.429083 0.934554 0.996328 0.999806 0.99999
 0.429083 0.934554 0.996328 0.999806 0.99999
 0.429083 0.934554 0.996328 0.999806 0.99999
 0.429083 0.934554 0.996328 0.999806 0.99999
 0.429083 0.934554 0.996328 0.999806 0.99999
 0.429083 0.934554 0.996328 0.999806 0.99999
 0.429083 0.934554 0.996328 0.999806 0.99999
 0.429083 0.934554 0.996328 0.999806 0.99999
 0.429083 0.934554 0.996328 0.999806 0.99999
 0.429083 0.934554 0.996328 0.999806 0.99999
 0.429083 0.934554 0.996328 0.999806 0.99999
 0.429083 0.934554 0.996328 0.999806 0.99999
 0.429083 0.934554 0.996328 0.999806 0.99999
 0.429083 0.934554 0.996328 0.999806 0.99999
 0.429083 0.934554 0.996328 0.999806 0.99999
 0.429083 0.934554 0.996328 0.999806 0.99999
 0.429083 0.934554 0.996328 0.999806 0.99999
 0.429083 0.934554 0.996328 0.999806 0.99999
 0.429083 0.934554 0.996328 0.999806 0.99999
 0.429083 0.934554 0.996328 0.999806 0.99999
 0.429083 0.934554 0.996328 0.999806 0.99999
 0.429083 0.934554 0.996328 0.999806 0.99999
 0.429083 0.934554 0.996328 0.999806 0.99999
 0.429083 0.934554 0.996328 0.999806 0.99999
Sel_reclas
 1 1 1 1 1
 1 1 1 1 1
 1 1 1 1 1
 1 1 1 1 1
 1 1 1 1 1
 1 1 1 1 1
 1 1 1 1 1
 1 1 1 1 1
 1 1 1 1 1
 1 1 1 1 1
 1 1 1 1 1
 1 1 1 1 1
 1 1 1 1 1
 1 1 1 1 1
 1 1 1 1 1
 1 1 1 1 1
 1 1 1 1 1
 1 1 1 1 1
 1 1 1 1 1
 1 1 1 1 1
 1 1 1 1 1
 1 1 1 1 1
 1 1 1 1 1
 1 1 1 1 1
 1 1 1 1 1
 1 1 1 1 1
 1 1 1 1 1
 1 1 1 1 1
 1 1 1 1 1
 1 1 1 1 1
 1 1 1 1 1
 1 1 1 1 1
 1 1 1 1 1
Sel_pelaces
 0.650806 0.903656 0.979255 0.995808 0.999164
 0.650806 0.903656 0.979255 0.995808 0.999164
 0.650806 0.903656 0.979255 0.995808 0.999164
 0.650806 0.903656 0.979255 0.995808 0.999164
 0.650806 0.903656 0.979255 0.995808 0.999164
 0.650806 0.903656 0.979255 0.995808 0.999164
 0.650806 0.903656 0.979255 0.995808 0.999164
 0.650806 0.903656 0.979255 0.995808 0.999164
 0.650806 0.903656 0.979255 0.995808 0.999164
 0.650806 0.903656 0.979255 0.995808 0.999164
 0.650806 0.903656 0.979255 0.995808 0.999164
 0.650806 0.903656 0.979255 0.995808 0.999164
 0.650806 0.903656 0.979255 0.995808 0.999164
 0.650806 0.903656 0.979255 0.995808 0.999164
 0.650806 0.903656 0.979255 0.995808 0.999164
 0.650806 0.903656 0.979255 0.995808 0.999164
 0.650806 0.903656 0.979255 0.995808 0.999164
 0.650806 0.903656 0.979255 0.995808 0.999164
 0.650806 0.903656 0.979255 0.995808 0.999164
 0.650806 0.903656 0.979255 0.995808 0.999164
 0.650806 0.903656 0.979255 0.995808 0.999164
 0.650806 0.903656 0.979255 0.995808 0.999164
 0.650806 0.903656 0.979255 0.995808 0.999164
 0.650806 0.903656 0.979255 0.995808 0.999164
 0.650806 0.903656 0.979255 0.995808 0.999164
 0.650806 0.903656 0.979255 0.995808 0.999164
 0.650806 0.903656 0.979255 0.995808 0.999164
 0.650806 0.903656 0.979255 0.995808 0.999164
 0.650806 0.903656 0.979255 0.995808 0.999164
 0.650806 0.903656 0.979255 0.995808 0.999164
 0.650806 0.903656 0.979255 0.995808 0.999164
 0.650806 0.903656 0.979255 0.995808 0.999164
 0.650806 0.903656 0.979255 0.995808 0.999164
pf_obs 
 0.8446 0.082 0.0669 0.0065 0
 0.8095 0.147 0.0364 0.0071 0
 0.9664 0.0169 0.016 0.0007 0
 0.9276 0.0648 0.0075 0.0001 0
 0.7033 0.2144 0.0806 0.0017 0
 0.9318 0.0425 0.0243 0.0014 0
 0.5671 0.3108 0.0964 0.0239 0.0018
 0.0768 0.2599 0.5324 0.112 0.0189
 0.490249 0.384438 0.106611 0.0170017 0.00170017
 0.7925 0.1577 0.0466 0.003 0.0002
 0.840416 0.127587 0.0312969 0.00059994 9.999e-05
 0.8084 0.0986 0.0794 0.0134 0.0002
 0.7335 0.1905 0.0724 0.0035 0.0001
 0.4001 0.4547 0.1325 0.0127 0
 0.49795 0.308269 0.164784 0.0264974 0.00249975
 0.9179 0.0499 0.0305 0.0017 0
 0.2467 0.6533 0.0926 0.0074 0
 0.9418 0.0223 0.034 0.0019 0
 0.707729 0.231977 0.0356964 0.0245975 0
 0.517169 0.277429 0.184464 0.0207286 0.00020938
 0.811772 0.124168 0.05621 0.00726502 0.000585176
 0.764997 0.148141 0.077277 0.00933861 0.000247198
 0.163321 0.427699 0.378323 0.0303852 0.000271297
 0.753843 0.0900009 0.118128 0.0371064 0.000921714
 0.721811 0.176058 0.0630433 0.0369309 0.00215725
 0.143369 0.312575 0.442814 0.0836902 0.0175525
 0.692698 0.0596174 0.167031 0.0765114 0.00414204
 0.394062 0.376323 0.152708 0.0712218 0.00568511
 0.125707 0.32114 0.495352 0.0537591 0.00404204
 0.23352 0.215282 0.420074 0.123614 0.00750983
 0.796117 0.104755 0.0508955 0.0450114 0.00322123
 0.162477 0.292055 0.404252 0.121198 0.0200186
 0 0 0 0 0
pf_pred 
 0.473461 0.172945 0.326196 0.0273966 1.14208e-06
 0.372421 0.430949 0.0678989 0.118794 0.00993669
 0.549136 0.274676 0.124362 0.0179529 0.033873
 0.648604 0.268563 0.0522042 0.0216506 0.00897755
 0.627479 0.316376 0.0439886 0.00767854 0.0044778
 0.743436 0.204679 0.0445569 0.00574665 0.00158143
 0.373263 0.551948 0.0606638 0.0121387 0.00198705
 0.392617 0.391246 0.192741 0.0189984 0.00439702
 0.519771 0.285239 0.128673 0.0591628 0.00715401
 0.687312 0.234087 0.0484428 0.0199357 0.0102224
 0.745361 0.219331 0.0270803 0.00508112 0.00314586
 0.674409 0.282361 0.0375884 0.00433103 0.0013107
 0.456991 0.459378 0.0733767 0.00892227 0.00133241
 0.412588 0.410288 0.151933 0.0221154 0.00307482
 0.956783 0.0366285 0.00490321 0.00144786 0.000237006
 0.850087 0.147745 0.00186709 0.000224228 7.65851e-05
 0.332196 0.632645 0.0347054 0.000390997 6.25896e-05
 0.903102 0.0562671 0.0386804 0.0019254 2.50286e-05
 0.699418 0.290683 0.00600666 0.00370674 0.000185795
 0.640595 0.316485 0.041658 0.000767851 0.000494445
 0.678217 0.269061 0.0469627 0.00559055 0.000168443
 0.696073 0.257554 0.0393289 0.00627827 0.000766113
 0.24005 0.656226 0.0891514 0.012369 0.0022037
 0.658828 0.147921 0.168648 0.0211591 0.00344344
 0.600987 0.331646 0.0305744 0.0321265 0.00466549
 0.314033 0.538478 0.124238 0.010578 0.0126732
 0.682663 0.16433 0.122018 0.0261208 0.00486788
 0.623415 0.317672 0.031703 0.0217192 0.00549141
 0.339863 0.525717 0.114747 0.0106074 0.00906568
 0.461904 0.291128 0.199532 0.0405175 0.00691846
 0.495123 0.340394 0.0921029 0.0585253 0.0138554
 0.396829 0.43652 0.115666 0.0286116 0.0223729
 0.68858 0.192809 0.0877244 0.0214664 0.00941994
pobs_RECLAS
 0 0 0 0 0
 0 0 0 0 0
 0 0 0 0 0
 0 0 0 0 0
 0 0 0 0 0
 0 0 0 0 0
 0 0 0 0 0
 0 0 0 0 0
 0 0 0 0 0
 0 0 0 0 0
 0.991045 0.00858322 0.000360255 1.14367e-05 0
 0.934742 0.0480273 0.0164251 0.00080598 0
 0.827803 0.169806 0.00239088 0 0
 0.941827 0.0461693 0.0120037 0 0
 0.791401 0.0380133 0.147996 0.0225897 0
 0.846168 0.0940531 0.0597789 0 0
 0.134021 0.677848 0.182769 0.00536245 0
 0.80878 0.0450904 0.141981 0.00414843 0
 0.846168 0.0940531 0.0597789 0 0
 0.905697 0.0802665 0.012482 0.00150086 5.37128e-05
 0.989698 0.0102097 9.19794e-05 0 0
 0.975433 0.0193895 0.00387452 0.00125025 5.28907e-05
 0.303575 0.632131 0.0575291 0.00676475 0
 0.966965 0.00978017 0.0227588 0.000495775 0
 0.843318 0.132988 0.00938335 0.0141283 0.000182051
 0.564624 0.303363 0.111486 0.0197234 0.00080311
 0.826376 0.0876187 0.0782897 0.00655872 0.00115652
 0.89761 0.0855135 0.0140674 0.00269457 0.000114338
 0.34875 0.467042 0.161289 0.0227151 0.000203297
 0.318654 0.224769 0.449479 0.00709798 0
 0.937255 0.0296025 0.0250945 0.00804832 0
 0.456809 0.399803 0.12412 0.0192676 0
 0.883104 0.0372192 0.0704036 0.00927362 0
ppred_RECLAS
 0.67596 0.111258 0.19635 0.0164314 6.84845e-07
 0.57889 0.295597 0.0434491 0.0757298 0.00633324
 0.739204 0.163226 0.0689484 0.00991574 0.018705
 0.816031 0.143104 0.0257951 0.0106538 0.00441668
 0.790613 0.179591 0.0233636 0.00406353 0.00236922
 0.868635 0.106232 0.021595 0.00277478 0.000763447
 0.587362 0.36663 0.0373484 0.00744224 0.001218
 0.59255 0.268528 0.123932 0.0121726 0.00281672
 0.717757 0.172498 0.0725155 0.0332136 0.00401539
 0.838226 0.123322 0.023735 0.00972893 0.00498766
 0.866587 0.115943 0.0134108 0.00250736 0.00155208
 0.826486 0.151853 0.0188438 0.00216291 0.000654426
 0.65997 0.290726 0.0432792 0.00524232 0.000782704
 0.703954 0.214325 0.0701672 0.0101436 0.00140981
 0.981436 0.0159125 0.00197527 0.000580862 9.50629e-05
 0.931524 0.0675595 0.000789968 9.44675e-05 3.22581e-05
 0.535233 0.441916 0.022558 0.000253143 4.0514e-05
 0.957752 0.0253041 0.0161338 0.000799784 1.03943e-05
 0.848072 0.147294 0.00281684 0.00173091 8.674e-05
 0.80686 0.171521 0.0209849 0.000385253 0.000248025
 0.828888 0.144685 0.0235498 0.00279273 8.4128e-05
 0.842094 0.135254 0.0192221 0.00305649 0.000372894
 0.416091 0.508779 0.0646079 0.0089308 0.00159083
 0.818226 0.0818813 0.0872166 0.0109019 0.00177383
 0.773081 0.190772 0.0164386 0.0172095 0.00249872
 0.507444 0.392119 0.0846525 0.00718149 0.0086023
 0.832694 0.0894956 0.0620982 0.0132445 0.00246777
 0.788285 0.180465 0.0168448 0.0114981 0.00290657
 0.535572 0.374767 0.0765798 0.00705376 0.00602738
 0.662739 0.188086 0.120607 0.024402 0.0041659
 0.695497 0.21004 0.0529849 0.0335396 0.00793865
 0.599402 0.295316 0.0731561 0.0180299 0.0140957
 0.846333 0.0980147 0.0412078 0.01004 0.00440476
pobs_PELACES
 0 0 0 0 0
 0 0 0 0 0
 0 0 0 0 0
 0 0 0 0 0
 0 0 0 0 0
 0 0 0 0 0
 0 0 0 0 0
 0 0 0 0 0
 0 0 0 0 0
 0 0 0 0 0
 0 0 0 0 0
 0 0 0 0 0
 0 0 0 0 0
 0 0 0 0 0
 0 0 0 0 0
 0 0 0 0 0
 0.505614 0.472636 0.0217494 0 0
 0 0 0 0 0
 0.443492 0.261883 0.143347 0.151278 0
 0.227955 0.32914 0.350689 0.0885471 0.00366901
 0.970185 0.0296113 0.000203453 0 0
 0.997202 0.00247181 0.000326279 0 0
 0.445219 0.490057 0.0546422 0.010081 0
 0.90214 0.0892962 0.00764917 0.000914606 0
 0 0 0 0 0
 0.581667 0.319106 0.0959925 0.00289975 0.000334073
 0.762889 0.0836404 0.116647 0.0363945 0.000428098
 0.88444 0.0763242 0.0277011 0.0115352 0
 0.521256 0.241999 0.230069 0.00667565 0
 0.616807 0.101726 0.260614 0.0208532 0
 0.833518 0.0704572 0.0857862 0.0102388 0
 0.697417 0.212968 0.0787535 0.0105354 0.000325836
 0 0 0 0 0
ppred_PELACES
 0.603181 0.129691 0.246185 0.0209413 8.75736e-07
 0.519474 0.329409 0.0517586 0.0916673 0.0076916
 0.689282 0.189175 0.0854301 0.0124842 0.0236285
 0.791934 0.159534 0.0304488 0.0127717 0.00531219
 0.740884 0.219752 0.0307481 0.00543598 0.00318004
 0.838014 0.129179 0.0281219 0.00367207 0.00101369
 0.553085 0.394388 0.0425114 0.00860267 0.00141256
 0.513232 0.312162 0.155476 0.0155254 0.0036046
 0.669277 0.196564 0.0881583 0.0410248 0.00497623
 0.810739 0.141906 0.0290426 0.0120929 0.00622013
 0.827295 0.148464 0.0185306 0.00352232 0.00218767
 0.793714 0.178975 0.0237069 0.00276476 0.000839308
 0.610947 0.329336 0.0523144 0.00643825 0.000964458
 0.750899 0.179706 0.0594726 0.00870873 0.00121421
 0.978547 0.0182249 0.00239543 0.000715391 0.000117466
 0.923796 0.0751257 0.000927382 0.000112609 3.85795e-05
 0.489362 0.483996 0.0262941 0.000299752 4.81325e-05
 0.95057 0.0289108 0.019523 0.000982889 1.28161e-05
 0.832142 0.162428 0.00328026 0.00204676 0.000102906
 0.778386 0.195431 0.0254031 0.000473721 0.00030599
 0.795222 0.171299 0.0297818 0.00358857 0.000108461
 0.814772 0.157142 0.0237753 0.00384054 0.000470104
 0.355134 0.556479 0.0758298 0.0106533 0.001904
 0.772942 0.098271 0.112206 0.0142539 0.00232698
 0.724177 0.228867 0.021161 0.0225153 0.00328001
 0.436917 0.441181 0.102449 0.00883451 0.0106178
 0.790253 0.10836 0.0806395 0.0174796 0.00326774
 0.739448 0.219404 0.0220066 0.0152681 0.00387251
 0.462304 0.427298 0.0940427 0.00880566 0.00754959
 0.59289 0.219388 0.15128 0.0311118 0.00532919
 0.644721 0.239453 0.0644944 0.0414806 0.0098509
 0.532692 0.337455 0.0897412 0.0224794 0.0176331
 0.829848 0.106282 0.0470933 0.0116496 0.00512775
pobs_pel_tallas
 0 0 0 0 0 0 0 0 0 0 0 0 0 0 0 0 0 0 0 0 0 0 0 0 0 0
 0 0 0 0 0 0 0 0 0 0 0 0 0 0 0 0 0 0 0 0 0 0 0 0 0 0
 0 0 0 0 0 0 0 0 0 0 0 0 0 0 0 0 0 0 0 0 0 0 0 0 0 0
 0 0 0 0 0 0 0 0 0 0 0 0 0 0 0 0 0 0 0 0 0 0 0 0 0 0
 0 0 0 0 0 0 0 0 0 0 0 0 0 0 0 0 0 0 0 0 0 0 0 0 0 0
 0 0 0 0 0 0 0 0 0 0 0 0 0 0 0 0 0 0 0 0 0 0 0 0 0 0
 0 0 0 0 0 0 0 0 0 0 0 0 0 0 0 0 0 0 0 0 0 0 0 0 0 0
 0 0 0 0 0 0 0 0 0 0 0 0 0 0 0 0 0 0 0 0 0 0 0 0 0 0
 0 0 0 0 0 0 0 0 0 0 0 0 0 0 0 0 0 0 0 0 0 0 0 0 0 0
 0 0 0 0 0 0 0 0 0 0 0 0 0 0 0 0 0 0 0 0 0 0 0 0 0 0
 0 0 0 0 0 0 0 0 0 0 0 0 0 0 0 0 0 0 0 0 0 0 0 0 0 0
 0 0 0 0 0 0 0 0 0 0 0 0 0 0 0 0 0 0 0 0 0 0 0 0 0 0
 0.00862536 0 0 0.000197151 0.00414017 0.0128641 0.00837892 0.0270097 0.101434 0.158115 0.152841 0.127902 0.109271 0.109419 0.0830992 0.0579132 0.0238553 0.00714673 0.00463305 0.00128148 0.00103504 0.000492878 0.000147863 0.000147863 4.92878e-05 0
 0 0 0 0 0 0 0 0 0 0 0 0 0 0 0 0 0 0 0 0 0 0 0 0 0 0
 0 0 0 0 0 0 0 0.0054083 0.00873648 0.0413646 0.0450493 0.0745869 0.0622846 0.0627006 0.0613931 0.0827291 0.12552 0.122667 0.0946155 0.0697135 0.0546179 0.0294188 0.0215738 0.0213955 0.0102223 0.00600262
 0 0 0 0 0.00359764 0.0251062 0.0480494 0.140153 0.205849 0.193036 0.1447 0.116669 0.0760912 0.0342217 0.00950174 0.001854 0.000860785 0 0 0 0.000165536 0 0.000143464 0 0 0
 0 0 0 0 0 0 0 0.000145254 0.000435761 0.0275982 0.070085 0.0708112 0.156366 0.174668 0.174014 0.160142 0.0824315 0.0480064 0.0283245 0.00493863 0.00203355 0 0 0 0 0
 0 0 0 0 0 0 0 0 0 0 0 0 0 0 0 0 0 0 0 0 0 0 0 0 0 0
 0 0 1.00437e-05 0.000401748 0.00122533 0.00171747 0.00176769 0.0269171 0.070346 0.194647 0.189555 0.159765 0.064822 0.0314167 0.0384472 0.0292271 0.0345202 0.0313363 0.0194345 0.0106764 0.0143323 0.0359363 0.0279516 0.0138201 0.00172751 0
 0 0.0021121 0.0136068 0.0755702 0.200478 0.177729 0.0527432 0.0373336 0.0318909 0.0142505 0.0149659 0.0166563 0.0217959 0.0798694 0.0677717 0.0528807 0.04013 0.0224614 0.0357745 0.0225083 0.00881397 0.00855152 0.00135912 0.000746735 0 0
 0 0 0 0 5.4009e-05 0.00500934 0.000945158 0.0243581 0.138947 0.33067 0.221406 0.137944 0.0707744 0.0437923 0.0131692 0.00525238 0.0047753 0.00276346 9.45158e-05 9.00151e-06 2.25038e-05 9.00151e-06 4.50075e-06 0 0 0
 0.000866109 0.00284123 0.00948549 0.0512746 0.133035 0.25785 0.225252 0.132002 0.0553304 0.0519788 0.0540692 0.017754 0.00435017 0.00159236 0.00146478 0.000404838 0.000125132 0.000115318 0.000107957 0.000100596 0 0 0 0 0 0
 0 0 0 0 0.00144013 0.00171154 0.00461396 0.0210425 0.0478622 0.0707936 0.0888783 0.103762 0.0637923 0.0337046 0.0602308 0.124433 0.169614 0.0934646 0.0462172 0.0250306 0.0313229 0.00938855 0.002487 0.000210481 0 0
 0 0.00764035 0.051015 0.0998891 0.058973 0.0496711 0.0374665 0.0718981 0.12319 0.153886 0.159021 0.0857701 0.0377988 0.023471 0.0147837 0.00900784 0.00315554 0.000888139 0.00291439 0.00214683 0.00393193 0.00274676 0.000635225 9.99891e-05 0 0
 0 0 0 0 0 0 0 0 0 0 0 0 0 0 0 0 0 0 0 0 0 0 0 0 0 0
 0 0 0 0 0 0 0 0 0 0 0 0 0 0 0 0 0 0 0 0 0 0 0 0 0 0
 0 0 0 0 0 0 0 0 0 0 0 0 0 0 0 0 0 0 0 0 0 0 0 0 0 0
 0 0 0 0 0 0 0 0 0 0 0 0 0 0 0 0 0 0 0 0 0 0 0 0 0 0
 0 0 0 0 0 0 0 0 0 0 0 0 0 0 0 0 0 0 0 0 0 0 0 0 0 0
 0 0 0 0 0 0 0 0 0 0 0 0 0 0 0 0 0 0 0 0 0 0 0 0 0 0
 0 0 0 0 0 0 0 0 0 0 0 0 0 0 0 0 0 0 0 0 0 0 0 0 0 0
 0 0 0 0 0 0 0 0 0 0 0 0 0 0 0 0 0 0 0 0 0 0 0 0 0 0
 0 0 0 0 0 0 0 0 0 0 0 0 0 0 0 0 0 0 0 0 0 0 0 0 0 0
ppred_pel_tallas
 1.09238e-16 4.96833e-05 0.000482939 0.0032093 0.014589 0.0453919 0.0967128 0.141158 0.141171 0.0967758 0.0456045 0.0152075 0.00477883 0.00396594 0.00683042 0.0116453 0.0177743 0.0244377 0.0307978 0.0363485 0.0409942 0.0446855 0.0469949 0.0471247 0.0444061 0.0388639
 1.12073e-16 4.27885e-05 0.000415919 0.00276393 0.0125644 0.0390928 0.0832926 0.121575 0.121606 0.0834479 0.0396145 0.0140719 0.00655014 0.00868928 0.0157805 0.0260914 0.0377613 0.0478993 0.0536255 0.0537114 0.0493444 0.0433012 0.0381832 0.0350802 0.0334644 0.0320301
 1.07765e-16 5.67753e-05 0.000551876 0.00366741 0.0166715 0.0518714 0.110518 0.161308 0.161327 0.110608 0.0521726 0.0175427 0.00585894 0.00535189 0.00921975 0.0152756 0.0222904 0.0286461 0.0327262 0.0337876 0.0323636 0.029801 0.0273278 0.0254068 0.0237665 0.0218824
 1.031e-16 6.52306e-05 0.000634064 0.00421358 0.0191543 0.0595963 0.126977 0.18533 0.185345 0.127052 0.0598489 0.0198841 0.00604632 0.00463766 0.00767692 0.0126101 0.0182114 0.023015 0.025575 0.0252336 0.0225051 0.0187081 0.0151476 0.0124895 0.010692 0.00935161
 1.02027e-16 6.10257e-05 0.000593192 0.00394197 0.0179196 0.0557547 0.118792 0.173385 0.173406 0.118896 0.0561022 0.0189233 0.00646115 0.00609241 0.0105045 0.0172679 0.0248652 0.0312595 0.034415 0.0333896 0.028888 0.0227743 0.0169511 0.0124809 0.00945418 0.00742139
 1.01385e-16 6.90261e-05 0.000670958 0.00445875 0.0202689 0.063064 0.134365 0.196112 0.196125 0.134426 0.0632686 0.02086 0.00594321 0.00391387 0.00623469 0.0102155 0.0147495 0.0186307 0.0206746 0.0203271 0.0179774 0.0146692 0.0114536 0.00889634 0.00702606 0.00560042
 1.0243e-16 4.5557e-05 0.00044283 0.00294276 0.0133774 0.0416222 0.088682 0.129442 0.12948 0.0888676 0.0422454 0.0151771 0.00745909 0.0102983 0.0187518 0.0308994 0.0444383 0.0557352 0.0611124 0.0588659 0.0502779 0.0387495 0.0277823 0.0193767 0.0137647 0.0101638
 1.06734e-16 4.22743e-05 0.000410921 0.00273072 0.0124135 0.0386231 0.0822916 0.120113 0.120144 0.0824396 0.0391203 0.0138519 0.00634977 0.00833888 0.0151794 0.025237 0.0368366 0.0473317 0.0540102 0.0555563 0.0527191 0.0475828 0.0420924 0.0370636 0.0322774 0.027244
 1.07551e-16 5.51275e-05 0.000535859 0.00356097 0.0161877 0.050366 0.107311 0.156627 0.156646 0.107404 0.050679 0.0170933 0.00583942 0.00552737 0.00958713 0.0159002 0.0232264 0.0299027 0.0342681 0.0355656 0.0343477 0.0319829 0.0296804 0.02783 0.0260666 0.0238099
 1.0314e-16 6.67795e-05 0.000649121 0.00431364 0.0196092 0.0610115 0.129992 0.18973 0.189744 0.130059 0.0612362 0.0202586 0.00594471 0.00421279 0.0068439 0.0112329 0.0162333 0.0205402 0.0228739 0.022654 0.0203386 0.0170934 0.0140644 0.0118237 0.0103139 0.00916102
 1.01297e-16 6.81432e-05 0.000662376 0.00440173 0.0200096 0.0622574 0.132647 0.193604 0.193619 0.132716 0.0624921 0.0206874 0.00610288 0.00437533 0.00711771 0.0116539 0.0167687 0.0210604 0.0231485 0.0223959 0.0192839 0.0150831 0.0110944 0.00804912 0.00601528 0.00468601
 1.0115e-16 6.53772e-05 0.00063549 0.00422306 0.0191974 0.0597304 0.127262 0.185747 0.185764 0.127347 0.0600133 0.0200146 0.00627406 0.00511214 0.00856523 0.0140508 0.0202199 0.0253949 0.0279086 0.0269861 0.0231975 0.0180642 0.013149 0.0093397 0.00673716 0.00500076
 1.02403e-16 5.03229e-05 0.000489157 0.00325062 0.0147769 0.0459765 0.097959 0.142981 0.143012 0.0981141 0.0464974 0.0162816 0.00702791 0.00873593 0.015715 0.0259064 0.0373268 0.0469615 0.0517615 0.0503031 0.0436158 0.0344544 0.025634 0.0187316 0.0139036 0.0105338
 1.02842e-16 6.18506e-05 0.000601209 0.00399525 0.0181618 0.0565083 0.120398 0.175727 0.175745 0.120482 0.0567936 0.0189865 0.00606791 0.00513432 0.00869584 0.0143426 0.0208048 0.0264734 0.0297388 0.029839 0.0272731 0.0233906 0.0195099 0.01628 0.0136613 0.0113279
 1.00166e-16 8.06016e-05 0.000783476 0.00520648 0.0236679 0.0736396 0.156897 0.228996 0.228998 0.156906 0.0736684 0.0237511 0.00541536 0.00123944 0.000946451 0.0014368 0.00206119 0.00259026 0.00285062 0.00276411 0.00238961 0.00188223 0.00140013 0.00103131 0.000782636 0.000615895
 1.00064e-16 7.60918e-05 0.00073964 0.00491517 0.0223436 0.0695194 0.148119 0.216185 0.216192 0.148154 0.0696379 0.0226856 0.00577276 0.00260918 0.00361906 0.0058426 0.00836205 0.0104162 0.0112868 0.0106446 0.00874774 0.00627956 0.00395832 0.00221611 0.001129 0.000548517
 1.00921e-16 4.03082e-05 0.00039181 0.00260372 0.0118361 0.0368269 0.0784653 0.114532 0.114579 0.0786929 0.0375908 0.0140415 0.00813592 0.0124569 0.0229193 0.0377346 0.0541373 0.0676189 0.0736071 0.0699835 0.0583614 0.0430408 0.0285162 0.0174554 0.0102995 0.00613296
 1.00672e-16 7.82972e-05 0.000761077 0.00505762 0.0229912 0.0715343 0.152411 0.222449 0.222452 0.152425 0.0715805 0.023125 0.00539457 0.00150037 0.00149327 0.00237308 0.00347649 0.00450724 0.00521579 0.00547874 0.00535186 0.0050018 0.00457605 0.00412369 0.00361647 0.00302429
 1.00359e-16 6.85424e-05 0.000666257 0.00442751 0.0201268 0.0626221 0.133424 0.194739 0.194755 0.1335 0.0628783 0.0208664 0.00628232 0.00471018 0.00773359 0.0126371 0.0181048 0.0225724 0.0244977 0.0231734 0.0191574 0.0139211 0.0090043 0.00532378 0.00302695 0.00178157
 1.00883e-16 6.41147e-05 0.000623217 0.0041415 0.0188267 0.0585768 0.124805 0.18216 0.182179 0.124897 0.0588858 0.0197188 0.00638064 0.00551017 0.00934192 0.0153332 0.0220585 0.0276865 0.0303911 0.029319 0.0250883 0.0193615 0.0138549 0.00955637 0.00660067 0.00463912
 1.01282e-16 6.55014e-05 0.000636697 0.00423108 0.0192339 0.0598438 0.127504 0.1861 0.186116 0.127585 0.0601149 0.0200168 0.00619669 0.00492875 0.00822002 0.0134936 0.019449 0.0244915 0.0270364 0.0263428 0.0229394 0.0182457 0.0137083 0.0101321 0.00759262 0.00577553
 1.01192e-16 6.71117e-05 0.00065235 0.00433509 0.0197067 0.061315 0.130639 0.190674 0.190689 0.130713 0.0615635 0.0204246 0.00613707 0.00458629 0.00753894 0.0123584 0.0177986 0.0223855 0.0246613 0.0239482 0.0207415 0.0163616 0.0121577 0.00888482 0.00661494 0.00504613
 1.03722e-16 2.9252e-05 0.00028434 0.00188954 0.00858962 0.0267258 0.0569441 0.0831228 0.0831764 0.0572061 0.0276056 0.0111307 0.00826755 0.0142061 0.0264644 0.0436918 0.0629043 0.0790299 0.0869018 0.0841136 0.0724347 0.0565839 0.0414011 0.0296247 0.0215523 0.0161195
 1.05087e-16 6.36662e-05 0.000618858 0.00411253 0.018695 0.0581671 0.123931 0.180884 0.180893 0.123979 0.0583257 0.0191552 0.00527531 0.00318209 0.00500457 0.00836283 0.0124834 0.0166208 0.0200305 0.0223253 0.0236105 0.024227 0.0243455 0.0237976 0.0222697 0.01964
 1.03483e-16 5.96495e-05 0.000579815 0.00385307 0.0175155 0.0544974 0.116113 0.169475 0.169497 0.116221 0.0548591 0.01856 0.00647445 0.00630084 0.0109209 0.0179508 0.0258342 0.0324555 0.0357102 0.0346517 0.0300671 0.0239536 0.0183213 0.0142476 0.0117282 0.0101518
 1.05753e-16 3.59884e-05 0.00034982 0.00232468 0.0105677 0.0328802 0.0700563 0.102258 0.102301 0.0702644 0.0335791 0.0125872 0.00739682 0.0114319 0.0211109 0.0349162 0.0504625 0.063805 0.0709247 0.0699385 0.0621729 0.0511729 0.0404949 0.0320322 0.0258476 0.0210887
 1.04661e-16 6.50921e-05 0.000632718 0.00420464 0.0191137 0.0594698 0.126707 0.184935 0.184945 0.126759 0.0596434 0.0196164 0.00547165 0.00341575 0.00540088 0.00895742 0.0132053 0.0172518 0.0202174 0.0216773 0.0218539 0.0213408 0.0206063 0.0197047 0.0183857 0.0164195
 1.02878e-16 6.09074e-05 0.000592042 0.00393433 0.0178849 0.0556467 0.118562 0.173049 0.17307 0.118665 0.0559934 0.0188862 0.00644739 0.00607661 0.010473 0.0172076 0.0247606 0.0310965 0.0341895 0.0331206 0.0286318 0.0226299 0.0170467 0.0129374 0.0103366 0.0087012
 1.04984e-16 3.80795e-05 0.000370146 0.00245975 0.0111817 0.0347907 0.0741267 0.108199 0.10824 0.0743282 0.0354674 0.013137 0.00737031 0.0110978 0.0204349 0.0337824 0.0487984 0.0616478 0.0684263 0.0673039 0.059571 0.0486823 0.0381158 0.0297427 0.0236531 0.0190347
 1.08444e-16 4.88356e-05 0.0004747 0.00315455 0.0143401 0.0446176 0.0950633 0.138752 0.138773 0.0951676 0.0449686 0.0153564 0.00571503 0.0060956 0.010816 0.0180445 0.0265519 0.0345684 0.0402908 0.0428464 0.042703 0.0411205 0.0391371 0.0369602 0.0341552 0.0302784
 1.0775e-16 5.31048e-05 0.000516198 0.00343032 0.0155937 0.048518 0.103374 0.150882 0.150905 0.103487 0.048898 0.0166919 0.00619005 0.00655127 0.0115464 0.0190891 0.0276971 0.0352713 0.0397165 0.040098 0.0371854 0.0328679 0.0289233 0.0261123 0.0241426 0.0222605
 1.07915e-16 4.38772e-05 0.000426502 0.00283426 0.0128841 0.0400875 0.0854119 0.124668 0.124701 0.0855712 0.0406227 0.0144307 0.00671992 0.00892079 0.0162112 0.0268236 0.0388553 0.0493272 0.0552264 0.0551679 0.0501893 0.0429632 0.0360944 0.0308485 0.0270635 0.0239075
 1.03423e-16 6.83535e-05 0.00066442 0.00441531 0.0200713 0.0624495 0.133056 0.194201 0.194211 0.133106 0.0626186 0.0205607 0.00564621 0.00336015 0.00521357 0.00857795 0.0125078 0.0160608 0.0183202 0.0188597 0.0179683 0.0163925 0.0148167 0.0135057 0.012327 0.0110223
pSPR Fmed_Fpbrs
1   0.984298 0.6 0.325 0.984298 0.984298 0.984298
Fs Fmed_Fpbrs
0   0.01 0.371858 0.972724 0.01 0.01 0.01
SSBpbr Bo_Bmed_Bpbrs
476556  452728  445246 262106 131053 445246 445246 445246
Ro
109716
SPR SPRFo_SPRFmed_SPRFpbrs
790428 790428 778017
Fref
0
Nvult_r0
 56956.8 10507.7 4650.52 1136.32 498.603
CTP_r0
 21032.1 5889.19 2679.47 655.672 287.724
YTP_r0
356521
Np
 71630.8 26351.5 9694.18 3566.29 1794.61
Nvult_p0
 45279.3 16657.3 6127.89 2254.32 1134.41
CTP_p0
 0 0 0 0 0
 0 0 0 0 0
 0 0 0 0 0
 0 0 0 0 0
 0 0 0 0 0
 0 0 0 0 0
YTP_p0
 0 0 0 0 0 0
CBA_c0
0
log_Ro
11.4256
likeval ReclasPelacesDesembMPH_pf_preclas_ppelaces_ptallas_desvR_qrecl_qpela
 0.000361448 15.7368 0.0251636 43.2724 240.927 140.39 119.633 0 23.3741 2.24906e-05 8.03466e-05 0.0435936 2063.79 0 0
q_reclas_q_pelaces
1.95557 3.55249
M
1
N
 157649 28461.3 50799.7 4253.84 0.177302
 81971 49570.9 7438.5 12980.1 1085.58
 86641.1 22627.9 9756.32 1404.72 2650.01
 102561 23970.3 4475.12 1851.95 767.834
 92926.5 23168.6 3048.58 530.566 309.355
 206103 29186.8 6040.42 776.928 213.773
 70462 59111.6 6243.23 1246.59 204.039
 32889.8 15691.9 7287.88 716.069 165.7
 38017.4 11087.2 4772.43 2188.78 264.634
 54156.3 10069.8 1994.31 818.783 419.795
 94955.1 13387.9 1558.49 291.49 180.438
 144265 31958.1 4057.44 466.317 141.102
 72418.9 38632.7 5887.24 714.049 106.618
 26697.8 19248.6 7001.88 1018.24 141.564
 105175 2272.75 292.205 86.0981 14.0921
 236948 23757.5 289.01 34.6381 11.8294
 48706.7 50299.4 2638.77 29.6575 4.74688
 349156 12255 8089.7 401.808 5.22257
 331432 79304.6 1577.18 971.295 48.6796
 260532 70771 8921.88 164.07 105.637
 302882 63211.9 10515.9 1248.59 37.615
 411020 82269.2 12010.7 1912.7 233.37
 75364.6 104061 13412.1 1855.51 330.535
 197011 22556.1 24424.3 3055.82 497.233
 206760 57669 5044.2 5285.21 767.416
 72928.7 61783.5 13488.9 1145.05 1371.64
 187832 22950.2 16176 3453.12 643.429
 218703 55578.3 5254.35 3589.13 907.325
 89283.9 67388.2 13898.1 1280.81 1094.48
 92524.8 28885.4 18739.3 3793.94 647.724
 79762.6 28951.3 7469.27 4734.06 1120.6
 38794.8 21474.3 5395.9 1330.92 1040.56
 71630.8 11711.5 5135.73 1254.25 550.337
pred_Ctot
 14663 5356.1 10102.3 848.472 0.0353703
 13240 15320.7 2413.88 4223.27 353.26
 13898.2 6951.86 3147.5 454.374 857.3
 26025.1 10776 2094.68 868.727 360.222
 8701.08 4387.09 609.978 106.476 62.0924
 29299.5 8066.62 1756.03 226.481 62.3258
 18303.6 27065.8 2974.76 595.241 97.4386
 1751.8 1745.68 859.983 84.7683 19.6188
 6910.76 3792.47 1710.81 786.615 95.1181
 11596.5 3949.59 817.341 336.361 172.476
 5147.36 1514.67 187.013 35.0895 21.7249
 25459.2 10659.3 1418.98 163.498 49.4794
 13042.6 13110.7 2094.19 254.644 38.0273
 14510.7 14429.8 5343.46 777.794 108.141
 26691.5 1021.83 136.785 40.391 6.61177
 66218.6 11508.8 145.439 17.4665 5.96569
 10035.3 19111.5 1048.41 11.8116 1.89076
 87792.7 5469.85 3760.22 187.173 2.43309
 91836.3 38167.9 788.698 486.71 24.3957
 57992.6 28651.1 3771.26 69.5129 44.7617
 51346.2 20370 3555.44 423.248 12.7524
 83498.1 30895.1 4717.73 753.116 91.8999
 9032.5 24692.3 3354.56 465.415 82.9199
 25921.1 5819.87 6635.34 832.49 135.48
 24954.7 13770.9 1269.54 1333.99 193.725
 6750.23 11574.8 2670.54 227.378 272.415
 23648.9 5692.74 4226.96 904.879 168.634
 22781.8 11608.9 1158.54 793.697 200.676
 6876.81 10637.4 2321.81 214.631 183.436
 8856.56 5582.1 3825.84 776.883 132.655
 13868 9534.14 2579.72 1639.24 388.079
 4470.89 4918.07 1303.15 322.354 252.064
 21032.1 5889.19 2679.47 655.672 287.724
F
 0.156967 0.341878 0.364476 0.365748 0.365815
 0.287182 0.625489 0.666834 0.669162 0.669285
 0.28496 0.620651 0.661676 0.663986 0.664108
 0.48766 1.06214 1.13234 1.1363 1.13651
 0.158091 0.344325 0.367085 0.368367 0.368434
 0.24895 0.542221 0.578061 0.580079 0.580186
 0.501929 1.09321 1.16548 1.16954 1.16976
 0.0873681 0.19029 0.202868 0.203576 0.203614
 0.328507 0.715497 0.762791 0.765454 0.765595
 0.397525 0.865819 0.923049 0.926272 0.926442
 0.0889784 0.193797 0.206607 0.207328 0.207367
 0.317553 0.691639 0.737356 0.73993 0.740066
 0.325028 0.70792 0.754713 0.757348 0.757487
 1.46359 3.18774 3.39845 3.41031 3.41094
 0.487729 1.06229 1.1325 1.13646 1.13666
 0.54985 1.19759 1.27675 1.2812 1.28144
 0.379886 0.827402 0.882093 0.885172 0.885335
 0.482222 1.05029 1.11972 1.12363 1.12383
 0.543974 1.18479 1.2631 1.26751 1.26775
 0.416232 0.906565 0.966489 0.969863 0.970041
 0.303346 0.660695 0.704367 0.706826 0.706956
 0.37366 0.813841 0.867636 0.870665 0.870825
 0.206334 0.449402 0.479107 0.480779 0.480868
 0.22854 0.497765 0.530667 0.53252 0.532618
 0.207919 0.452854 0.482788 0.484473 0.484562
 0.156153 0.340106 0.362587 0.363853 0.36392
 0.217753 0.474271 0.50562 0.507385 0.507479
 0.177245 0.386044 0.411561 0.412998 0.413074
 0.128486 0.279846 0.298344 0.299386 0.299441
 0.161861 0.352538 0.375841 0.377153 0.377222
 0.312199 0.679977 0.724923 0.727454 0.727587
 0.197718 0.430635 0.4591 0.460703 0.460787
 0.58545 1.27512 1.35941 1.36416 1.36441
YTP_r0W_actual
 158582 102766 64494.9 20535.7 10142.3
YTP_p0W_proyectada
 0 0 0 0 0
 0 0 0 0 0
 0 0 0 0 0
 0 0 0 0 0
 0 0 0 0 0
 0 0 0 0 0
CTP_r0_actual
 21032.1 5889.19 2679.47 655.672 287.724
CTP_p0_proyectada
 0 0 0 0 0
 0 0 0 0 0
 0 0 0 0 0
 0 0 0 0 0
 0 0 0 0 0
 0 0 0 0 0
Wmedp
 7.54 17.45 24.07 31.32 35.25
Frms_r0
 0.58545 1.27512 1.35941 1.36416 1.36441
Zrms_r0
 1.58545 2.27512 2.35941 2.36416 2.36441
nmprior
 7.29 8.9 8.7 0
nm_flota  nm_reclas  nm_pelaces    nm_pelaL
inf 11.8064 14.2539 41.2581
cv_recla  cv_pelaces  cv_mph
0.548823 0.434558 0.527428
 ------------------------------------------------
Talla a la edad & desviaci?n 
 8 13.2811 15.8009 17.003 17.5766
 0.8 1.32811 1.58009 1.7003 1.75766
