years
 1991 1992 1993 1994 1995 1996 1997 1998 1999 2000 2001 2002 2003 2004 2005 2006 2007 2008 2009 2010 2011 2012 2013 2014 2015 2016 2017 2018 2019 2020 2021 2022 2023
reclasobs
 0 0 0 0 0 0 0 0 0 252601 567819 844713 477998 351125 339783 2.1784e+06 2.13404e+06 4.81314e+06 1.55562e+06 2.62356e+06 3.21686e+06 3.843e+06 1.13348e+06 3.07943e+06 1.97215e+06 2.03268e+06 2.025e+06 2.42433e+06 2.27542e+06 1.05018e+06 2.36338e+06 3.18982e+06 1.53035e+06
reclaspred
 7.04626e+06 1.9815e+06 1.08957e+06 837003 245745 2.95802e+06 1.58832e+06 698133 717321 187838 178956 1.54115e+06 1.76128e+06 246355 864044 1.7109e+06 1.04083e+06 2.57156e+06 2.67761e+06 2.22339e+06 3.7188e+06 3.33227e+06 2.13835e+06 2.84889e+06 2.37711e+06 1.91434e+06 2.29674e+06 2.84776e+06 2.42621e+06 2.09195e+06 1.59519e+06 1.3323e+06 203250
pelacesobs
 0 0 0 0 0 0 0 0 0 0 0 0 0 0 0 552880 188675 0 991730 2.46772e+06 1.41603e+06 1.21717e+06 2.29649e+06 1.80582e+06 0 1.4828e+06 1.56532e+06 1.57751e+06 1.42118e+06 867257 1.10002e+06 1.06204e+06 0
pelacespred
 6.5784e+06 1.62294e+06 539231 309823 101923 1.489e+06 827070 553681 354863 57485.8 75145.1 667298 1.00334e+06 72199 409552 692126 461670 1.17152e+06 1.24713e+06 968091 1.80993e+06 1.6224e+06 1.25768e+06 1.65911e+06 1.3562e+06 1.17554e+06 1.46105e+06 1.66698e+06 1.55829e+06 1.40092e+06 837556 777433 45751.6
mphobs
 0 0 0 0 0 0 0 0 0 0 0 0 498337 0 5186 125008 0 168611 109162 213762 579715 649985 157893 87575 83554 210694 70296 0 107559 103333 445601 22526 28222
mphpred
 1.49026e+06 599501 108815 160040 59910.6 20710.4 477080 126809 60692.4 58303 8691.42 25014.5 277845 124246 8292.42 104706 227434 88832.6 277475 365767 442497 497660 156486 78870.2 145444 126912 78372.2 118427 197548 113246 91672.2 74448.3 19763.4
desembarqueobs
 494567 514787 250237 358949 120608 361735 552515 73892 212993 205616 52469 317467 293654 387597 252695 516296 358380 742168 942051 627588 828172 859565 418607 520667 417249 300574 415391 372974 316634 284311 391294 218835 356480
desembarquepred
 494509 514488 249904 358733 120544 361562 551968 73875.1 212841 205436 52448.9 317257 293531 387194 252481 515767 358041 741097 940221 626500 827788 858621 418282 520396 416824 300389 415077 372703 316335 283977 390893 218702 356025
Reclutas
 29543.9 22684.8 175467 41709.1 15533.4 277444 21252.6 7202.68 39849.4 20767 21314.8 204831 82310.5 22260.9 73624.2 222525 28328.7 299176 296822 216086 230143 375366 32836.6 143913 160158 36320.4 131744 147647 44529.7 95816.7 68010.5 32031.6 34867
log_desv_Rt
 -0.832442 -1.09663 0.949133 -0.487599 -1.47533 1.4073 -1.16184 -2.24387 -0.533211 -1.18495 -1.15892 1.10387 0.19218 -1.11548 0.0806556 1.18672 -0.874444 1.48271 1.47482 1.15736 1.22038 1.70958 -0.726775 0.750891 0.85784 -0.625939 0.662544 0.776503 -0.422161 0.344119 0.00134402 -0.751594 -0.666778
SSB
 1.43452e+06 577078 104745 154054 57669.8 19935.7 459236 122066 58422.3 56122.3 8366.33 24078.9 253390 113554 7578.23 95762.3 218927 85510 281862 255438 320622 388608 427251 205054 341453 323754 184505 262851 460135 242903 242294 201150 55554.8
BT
 1.853e+06 886257 429792 368631 131896 1.24695e+06 728981 222908 374512 209001 87160.1 668915 658996 400615 504765 811772 440336 1.3548e+06 1.53173e+06 957520 1.57732e+06 1.49779e+06 744919 1.31753e+06 909050 645602 1.16165e+06 1.12739e+06 728742 827152 670035 459948 319005
Ftot
 0.355987 1.19939 1.20448 1.75343 1.99087 0.707502 1.39535 0.530019 1.53151 3.51357 1.53852 1.14525 0.800462 4.18643 1.59714 1.55818 1.45365 1.52978 1.69025 1.38443 1.1133 1.27653 0.882833 0.977178 0.870866 0.739937 0.96373 0.697329 0.608108 0.709646 1.183 0.787708 4.90602
BD_Bspro_t
 0.944634 0.5872 0.206444 0.278432 0.105108 0.052391 0.453604 0.166474 0.12281 0.131801 0.0326271 0.133637 0.420204 0.186789 0.0192652 0.193398 0.253901 0.117622 0.244272 0.200232 0.198838 0.229152 0.264991 0.169145 0.281845 0.318283 0.253082 0.353921 0.465659 0.331033 0.348461 0.283633 0.132416
BD_Bspro
 2.9317 1.17936 0.214065 0.314838 0.117859 0.0407423 0.938533 0.249463 0.119397 0.114696 0.0170981 0.0492096 0.517848 0.232069 0.0154875 0.195708 0.447418 0.174755 0.576036 0.522035 0.655249 0.794192 0.873166 0.419065 0.697822 0.661651 0.37707 0.537185 0.94037 0.496416 0.495173 0.411086 0.113536
BD_Bo
 5.59046 2.24893 0.408201 0.600364 0.224745 0.0776915 1.78969 0.475702 0.227677 0.218714 0.0326044 0.0938377 0.987484 0.442532 0.0295331 0.373195 0.853181 0.333241 1.09844 0.995468 1.24949 1.51444 1.66504 0.799115 1.33068 1.2617 0.719034 1.02436 1.79319 0.946616 0.944245 0.783899 0.216502
BD_Brms
 5.99111 2.4101 0.437455 0.643389 0.240851 0.0832593 1.91795 0.509793 0.243994 0.234388 0.034941 0.100563 1.05825 0.474246 0.0316496 0.39994 0.914325 0.357122 1.17716 1.06681 1.33904 1.62298 1.78436 0.856384 1.42604 1.35212 0.770564 1.09777 1.9217 1.01446 1.01191 0.840078 0.232018
Sel_flota
 0.504931 1 1 1 1
 0.504931 1 1 1 1
 0.504931 1 1 1 1
 0.504931 1 1 1 1
 0.504931 1 1 1 1
 0.504931 1 1 1 1
 0.504931 1 1 1 1
 0.504931 1 1 1 1
 0.504931 1 1 1 1
 0.504931 1 1 1 1
 0.504931 1 1 1 1
 0.504931 1 1 1 1
 0.504931 1 1 1 1
 0.504931 1 1 1 1
 0.504931 1 1 1 1
 0.504931 1 1 1 1
 0.504931 1 1 1 1
 0.504931 1 1 1 1
 0.504931 1 1 1 1
 0.504931 1 1 1 1
 0.504931 1 1 1 1
 0.504931 1 1 1 1
 0.504931 1 1 1 1
 0.504931 1 1 1 1
 0.504931 1 1 1 1
 0.504931 1 1 1 1
 0.504931 1 1 1 1
 0.504931 1 1 1 1
 0.504931 1 1 1 1
 0.504931 1 1 1 1
 0.504931 1 1 1 1
 0.504931 1 1 1 1
 0.504931 1 1 1 1
Sel_reclas
 0.561679 0.865753 0.970109 0.993915 0.998785
 0.561679 0.865753 0.970109 0.993915 0.998785
 0.561679 0.865753 0.970109 0.993915 0.998785
 0.561679 0.865753 0.970109 0.993915 0.998785
 0.561679 0.865753 0.970109 0.993915 0.998785
 0.561679 0.865753 0.970109 0.993915 0.998785
 0.561679 0.865753 0.970109 0.993915 0.998785
 0.561679 0.865753 0.970109 0.993915 0.998785
 0.561679 0.865753 0.970109 0.993915 0.998785
 0.561679 0.865753 0.970109 0.993915 0.998785
 0.561679 0.865753 0.970109 0.993915 0.998785
 0.561679 0.865753 0.970109 0.993915 0.998785
 0.561679 0.865753 0.970109 0.993915 0.998785
 0.561679 0.865753 0.970109 0.993915 0.998785
 0.561679 0.865753 0.970109 0.993915 0.998785
 0.561679 0.865753 0.970109 0.993915 0.998785
 0.561679 0.865753 0.970109 0.993915 0.998785
 0.561679 0.865753 0.970109 0.993915 0.998785
 0.561679 0.865753 0.970109 0.993915 0.998785
 0.561679 0.865753 0.970109 0.993915 0.998785
 0.561679 0.865753 0.970109 0.993915 0.998785
 0.561679 0.865753 0.970109 0.993915 0.998785
 0.561679 0.865753 0.970109 0.993915 0.998785
 0.561679 0.865753 0.970109 0.993915 0.998785
 0.561679 0.865753 0.970109 0.993915 0.998785
 0.561679 0.865753 0.970109 0.993915 0.998785
 0.561679 0.865753 0.970109 0.993915 0.998785
 0.561679 0.865753 0.970109 0.993915 0.998785
 0.561679 0.865753 0.970109 0.993915 0.998785
 0.561679 0.865753 0.970109 0.993915 0.998785
 0.561679 0.865753 0.970109 0.993915 0.998785
 0.561679 0.865753 0.970109 0.993915 0.998785
 0.561679 0.865753 0.970109 0.993915 0.998785
Sel_pelaces
 0.288691 0.671327 0.911342 0.981036 0.996174
 0.288691 0.671327 0.911342 0.981036 0.996174
 0.288691 0.671327 0.911342 0.981036 0.996174
 0.288691 0.671327 0.911342 0.981036 0.996174
 0.288691 0.671327 0.911342 0.981036 0.996174
 0.288691 0.671327 0.911342 0.981036 0.996174
 0.288691 0.671327 0.911342 0.981036 0.996174
 0.288691 0.671327 0.911342 0.981036 0.996174
 0.288691 0.671327 0.911342 0.981036 0.996174
 0.288691 0.671327 0.911342 0.981036 0.996174
 0.288691 0.671327 0.911342 0.981036 0.996174
 0.288691 0.671327 0.911342 0.981036 0.996174
 0.288691 0.671327 0.911342 0.981036 0.996174
 0.288691 0.671327 0.911342 0.981036 0.996174
 0.288691 0.671327 0.911342 0.981036 0.996174
 0.288691 0.671327 0.911342 0.981036 0.996174
 0.288691 0.671327 0.911342 0.981036 0.996174
 0.288691 0.671327 0.911342 0.981036 0.996174
 0.288691 0.671327 0.911342 0.981036 0.996174
 0.288691 0.671327 0.911342 0.981036 0.996174
 0.288691 0.671327 0.911342 0.981036 0.996174
 0.288691 0.671327 0.911342 0.981036 0.996174
 0.288691 0.671327 0.911342 0.981036 0.996174
 0.288691 0.671327 0.911342 0.981036 0.996174
 0.288691 0.671327 0.911342 0.981036 0.996174
 0.288691 0.671327 0.911342 0.981036 0.996174
 0.288691 0.671327 0.911342 0.981036 0.996174
 0.288691 0.671327 0.911342 0.981036 0.996174
 0.288691 0.671327 0.911342 0.981036 0.996174
 0.288691 0.671327 0.911342 0.981036 0.996174
 0.288691 0.671327 0.911342 0.981036 0.996174
 0.288691 0.671327 0.911342 0.981036 0.996174
 0.288691 0.671327 0.911342 0.981036 0.996174
pf_obs 
 0.8446 0.082 0.0669 0.0065 0
 0.8095 0.147 0.0364 0.0071 0
 0.9664 0.0169 0.016 0.0007 0
 0.9276 0.0648 0.0075 0.0001 0
 0.7033 0.2144 0.0806 0.0017 0
 0.9318 0.0425 0.0243 0.0014 0
 0.5671 0.3108 0.0964 0.0239 0.0018
 0.0768 0.2599 0.5324 0.112 0.0189
 0.490249 0.384438 0.106611 0.0170017 0.00170017
 0.7925 0.1577 0.0466 0.003 0.0002
 0.840416 0.127587 0.0312969 0.00059994 9.999e-05
 0.8084 0.0986 0.0794 0.0134 0.0002
 0.7335 0.1905 0.0724 0.0035 0.0001
 0.4001 0.4547 0.1325 0.0127 0
 0.49795 0.308269 0.164784 0.0264974 0.00249975
 0.9179 0.0499 0.0305 0.0017 0
 0.2467 0.6533 0.0926 0.0074 0
 0.9418 0.0223 0.034 0.0019 0
 0.707729 0.231977 0.0356964 0.0245975 0
 0.517169 0.277429 0.184464 0.0207286 0.00020938
 0.811772 0.124168 0.05621 0.00726502 0.000585176
 0.764997 0.148141 0.077277 0.00933861 0.000247198
 0.163321 0.427699 0.378323 0.0303852 0.000271297
 0.753843 0.0900009 0.118128 0.0371064 0.000921714
 0.721811 0.176058 0.0630433 0.0369309 0.00215725
 0.143369 0.312575 0.442814 0.0836902 0.0175525
 0.692698 0.0596174 0.167031 0.0765114 0.00414204
 0.394062 0.376323 0.152708 0.0712218 0.00568511
 0.125707 0.32114 0.495352 0.0537591 0.00404204
 0.23352 0.215282 0.420074 0.123614 0.00750983
 0.796117 0.104755 0.0508955 0.0450114 0.00322123
 0.162477 0.292055 0.404252 0.121198 0.0200186
 0 0 0 0 0
pf_pred 
 0.150376 0.190487 0.582178 0.0769583 1.08526e-06
 0.30345 0.195371 0.112365 0.343417 0.0453971
 0.930583 0.0388213 0.00858163 0.00493563 0.0170786
 0.436057 0.549885 0.00786203 0.00173794 0.0044583
 0.552706 0.328249 0.116077 0.00165962 0.00130798
 0.984454 0.0128773 0.00195856 0.000692597 1.77068e-05
 0.158885 0.835757 0.00443798 0.000674993 0.000244797
 0.278781 0.267645 0.450685 0.0023932 0.000496
 0.858149 0.0671572 0.0277188 0.0466755 0.000299222
 0.694755 0.290612 0.00692758 0.00285933 0.00484566
 0.909878 0.0850134 0.00486365 0.000115939 0.00012895
 0.971445 0.0277207 0.000786912 4.50195e-05 2.26677e-06
 0.530066 0.465149 0.00464482 0.000131853 7.92318e-06
 0.39751 0.446615 0.154289 0.00154067 4.63634e-05
 0.976895 0.0200187 0.00228779 0.000790345 8.12962e-06
 0.922609 0.0768502 0.000468213 5.35085e-05 1.86753e-05
 0.323016 0.660279 0.0165891 0.00010107 1.55818e-05
 0.959124 0.024671 0.0158056 0.000397107 2.79239e-06
 0.79261 0.204731 0.00160512 0.00102833 2.60179e-05
 0.73377 0.247623 0.0183675 0.000144004 9.45914e-05
 0.762075 0.213078 0.0231101 0.0017142 2.22675e-05
 0.814896 0.166689 0.0164925 0.00178875 0.000134404
 0.199776 0.743781 0.0508274 0.00502895 0.000586415
 0.815411 0.0728448 0.103862 0.00709757 0.000784134
 0.730091 0.249002 0.00825035 0.0117634 0.000892677
 0.326772 0.58944 0.0772987 0.00256119 0.00392886
 0.824772 0.0958846 0.0694688 0.00911009 0.000764889
 0.725406 0.254452 0.0110221 0.00798552 0.00113514
 0.363991 0.551047 0.0787295 0.00341032 0.00282201
 0.725676 0.158327 0.100501 0.0143589 0.00113667
 0.597555 0.348935 0.0308837 0.019604 0.0030226
 0.524298 0.385941 0.0778258 0.00688824 0.0050466
 0.729834 0.198841 0.0578667 0.0116689 0.00178947
pobs_RECLAS
 0 0 0 0 0
 0 0 0 0 0
 0 0 0 0 0
 0 0 0 0 0
 0 0 0 0 0
 0 0 0 0 0
 0 0 0 0 0
 0 0 0 0 0
 0 0 0 0 0
 0 0 0 0 0
 0.991045 0.00858322 0.000360255 1.14367e-05 0
 0.934742 0.0480273 0.0164251 0.00080598 0
 0.827803 0.169806 0.00239088 0 0
 0.941827 0.0461693 0.0120037 0 0
 0.791401 0.0380133 0.147996 0.0225897 0
 0.846168 0.0940531 0.0597789 0 0
 0.134021 0.677848 0.182769 0.00536245 0
 0.80878 0.0450904 0.141981 0.00414843 0
 0.846168 0.0940531 0.0597789 0 0
 0.905697 0.0802665 0.012482 0.00150086 5.37128e-05
 0.989698 0.0102097 9.19794e-05 0 0
 0.975433 0.0193895 0.00387452 0.00125025 5.28907e-05
 0.303575 0.632131 0.0575291 0.00676475 0
 0.966965 0.00978017 0.0227588 0.000495775 0
 0.843318 0.132988 0.00938335 0.0141283 0.000182051
 0.564624 0.303363 0.111486 0.0197234 0.00080311
 0.826376 0.0876187 0.0782897 0.00655872 0.00115652
 0.89761 0.0855135 0.0140674 0.00269457 0.000114338
 0.34875 0.467042 0.161289 0.0227151 0.000203297
 0.318654 0.224769 0.449479 0.00709798 0
 0.937255 0.0296025 0.0250945 0.00804832 0
 0.456809 0.399803 0.12412 0.0192676 0
 0.883104 0.0372192 0.0704036 0.00927362 0
ppred_RECLAS
 0.174434 0.16888 0.578356 0.0783292 1.11001e-06
 0.356867 0.163625 0.105451 0.330194 0.0438629
 0.946565 0.0281063 0.00696194 0.00410234 0.0142648
 0.535993 0.450929 0.00722433 0.00163616 0.00421777
 0.649436 0.249218 0.0987529 0.00144658 0.00114566
 0.988112 0.00963555 0.00164217 0.000594961 1.52852e-05
 0.213096 0.781267 0.0046487 0.000724392 0.000264
 0.322261 0.233762 0.441077 0.00239966 0.000499775
 0.891571 0.0478599 0.022135 0.0381876 0.000246008
 0.818015 0.172132 0.00459785 0.00194431 0.00331114
 0.93602 0.0599388 0.00384246 9.38437e-05 0.000104886
 0.979311 0.0200134 0.000636604 3.73141e-05 1.888e-06
 0.603625 0.391856 0.00438459 0.00012752 7.70036e-06
 0.591452 0.293669 0.11368 0.00116303 3.51705e-05
 0.983895 0.0137199 0.00175694 0.000621849 6.42778e-06
 0.945714 0.0538605 0.000367702 4.3053e-05 1.50998e-05
 0.407286 0.576371 0.0162265 0.000101286 1.56917e-05
 0.970266 0.0171229 0.0122922 0.000316413 2.23586e-06
 0.850136 0.147693 0.00129751 0.000851656 2.16534e-05
 0.796597 0.187602 0.0155928 0.00012525 8.26753e-05
 0.81487 0.163703 0.0198951 0.00151194 1.97364e-05
 0.860285 0.124289 0.0137797 0.00153119 0.000115616
 0.252044 0.689205 0.0527749 0.00534977 0.000626882
 0.849579 0.0552623 0.0882905 0.00618152 0.000686275
 0.784493 0.19672 0.00730374 0.0106692 0.000813613
 0.391346 0.524872 0.0771281 0.00261825 0.00403607
 0.859411 0.0728397 0.0591337 0.00794506 0.000670341
 0.778096 0.203635 0.0098841 0.00733679 0.00104803
 0.428406 0.487248 0.0780056 0.00346188 0.00287871
 0.771265 0.125425 0.0892126 0.0130588 0.00103882
 0.671632 0.279779 0.0277477 0.0180456 0.00279595
 0.592517 0.323006 0.072986 0.00661841 0.00487266
 0.872703 0.0906768 0.0295696 0.00610909 0.00094144
pobs_PELACES
 0 0 0 0 0
 0 0 0 0 0
 0 0 0 0 0
 0 0 0 0 0
 0 0 0 0 0
 0 0 0 0 0
 0 0 0 0 0
 0 0 0 0 0
 0 0 0 0 0
 0 0 0 0 0
 0 0 0 0 0
 0 0 0 0 0
 0 0 0 0 0
 0 0 0 0 0
 0 0 0 0 0
 0 0 0 0 0
 0.505614 0.472636 0.0217494 0 0
 0 0 0 0 0
 0.443492 0.261883 0.143347 0.151278 0
 0.227955 0.32914 0.350689 0.0885471 0.00366901
 0.970185 0.0296113 0.000203453 0 0
 0.997202 0.00247181 0.000326279 0 0
 0.445219 0.490057 0.0546422 0.010081 0
 0.90214 0.0892962 0.00764917 0.000914606 0
 0 0 0 0 0
 0.581667 0.319106 0.0959925 0.00289975 0.000334073
 0.762889 0.0836404 0.116647 0.0363945 0.000428098
 0.88444 0.0763242 0.0277011 0.0115352 0
 0.521256 0.241999 0.230069 0.00667565 0
 0.616807 0.101726 0.260614 0.0208532 0
 0.833518 0.0704572 0.0857862 0.0102388 0
 0.697417 0.212968 0.0787535 0.0105354 0.000325836
 0 0 0 0 0
ppred_PELACES
 0.11224 0.154679 0.641757 0.0913217 1.30769e-06
 0.272527 0.15497 0.120995 0.398073 0.0534341
 0.927048 0.0341107 0.0102362 0.00633745 0.0222677
 0.503155 0.479552 0.00930779 0.00221488 0.00576945
 0.615567 0.257429 0.12358 0.00190202 0.00152215
 0.983411 0.0128885 0.00266111 0.001013 2.62978e-05
 0.183738 0.809123 0.00583267 0.00095496 0.000351675
 0.231826 0.232658 0.531837 0.0030401 0.000639795
 0.859953 0.0542277 0.0303844 0.0550768 0.000358528
 0.839211 0.150062 0.00485609 0.00215761 0.00371288
 0.92482 0.0694886 0.00539679 0.000138486 0.000156404
 0.974071 0.0249074 0.000959837 5.9112e-05 3.02226e-06
 0.534372 0.459201 0.00622483 0.000190218 1.16068e-05
 0.64216 0.24274 0.113839 0.00122369 3.73926e-05
 0.980714 0.0158935 0.00246573 0.000916959 9.57753e-06
 0.936984 0.062414 0.000516212 6.35055e-05 2.25064e-05
 0.364759 0.614136 0.0209463 0.000137376 2.15059e-05
 0.96222 0.0199533 0.0173535 0.00046934 3.35124e-06
 0.831622 0.165373 0.0017601 0.00121385 3.11857e-05
 0.762013 0.215938 0.0217438 0.000183511 0.000122402
 0.773458 0.195438 0.0287753 0.00229764 3.03071e-05
 0.830782 0.146994 0.0197436 0.00230512 0.000175876
 0.202344 0.722633 0.0670375 0.00714005 0.000845432
 0.794396 0.0664544 0.128626 0.00946207 0.00106149
 0.731366 0.239994 0.0107949 0.0165683 0.00127671
 0.318334 0.570782 0.101613 0.0036243 0.00564546
 0.810936 0.0885871 0.0871282 0.0122997 0.00104863
 0.718634 0.25319 0.0148885 0.0116117 0.00167607
 0.347126 0.5393 0.104599 0.00487739 0.00409828
 0.69539 0.151933 0.130923 0.0201358 0.00161857
 0.613706 0.317909 0.0381976 0.0261009 0.0040864
 0.511777 0.370081 0.101309 0.0096524 0.00718084
 0.904909 0.0636411 0.0251425 0.00545776 0.00084988
pobs_pel_tallas
 0 0 0 0 0 0 0 0 0 0 0 0 0 0 0 0 0 0 0 0 0 0 0 0 0 0
 0 0 0 0 0 0 0 0 0 0 0 0 0 0 0 0 0 0 0 0 0 0 0 0 0 0
 0 0 0 0 0 0 0 0 0 0 0 0 0 0 0 0 0 0 0 0 0 0 0 0 0 0
 0 0 0 0 0 0 0 0 0 0 0 0 0 0 0 0 0 0 0 0 0 0 0 0 0 0
 0 0 0 0 0 0 0 0 0 0 0 0 0 0 0 0 0 0 0 0 0 0 0 0 0 0
 0 0 0 0 0 0 0 0 0 0 0 0 0 0 0 0 0 0 0 0 0 0 0 0 0 0
 0 0 0 0 0 0 0 0 0 0 0 0 0 0 0 0 0 0 0 0 0 0 0 0 0 0
 0 0 0 0 0 0 0 0 0 0 0 0 0 0 0 0 0 0 0 0 0 0 0 0 0 0
 0 0 0 0 0 0 0 0 0 0 0 0 0 0 0 0 0 0 0 0 0 0 0 0 0 0
 0 0 0 0 0 0 0 0 0 0 0 0 0 0 0 0 0 0 0 0 0 0 0 0 0 0
 0 0 0 0 0 0 0 0 0 0 0 0 0 0 0 0 0 0 0 0 0 0 0 0 0 0
 0 0 0 0 0 0 0 0 0 0 0 0 0 0 0 0 0 0 0 0 0 0 0 0 0 0
 0.00862536 0 0 0.000197151 0.00414017 0.0128641 0.00837892 0.0270097 0.101434 0.158115 0.152841 0.127902 0.109271 0.109419 0.0830992 0.0579132 0.0238553 0.00714673 0.00463305 0.00128148 0.00103504 0.000492878 0.000147863 0.000147863 4.92878e-05 0
 0 0 0 0 0 0 0 0 0 0 0 0 0 0 0 0 0 0 0 0 0 0 0 0 0 0
 0 0 0 0 0 0 0 0.0054083 0.00873648 0.0413646 0.0450493 0.0745869 0.0622846 0.0627006 0.0613931 0.0827291 0.12552 0.122667 0.0946155 0.0697135 0.0546179 0.0294188 0.0215738 0.0213955 0.0102223 0.00600262
 0 0 0 0 0.00359764 0.0251062 0.0480494 0.140153 0.205849 0.193036 0.1447 0.116669 0.0760912 0.0342217 0.00950174 0.001854 0.000860785 0 0 0 0.000165536 0 0.000143464 0 0 0
 0 0 0 0 0 0 0 0.000145254 0.000435761 0.0275982 0.070085 0.0708112 0.156366 0.174668 0.174014 0.160142 0.0824315 0.0480064 0.0283245 0.00493863 0.00203355 0 0 0 0 0
 0 0 0 0 0 0 0 0 0 0 0 0 0 0 0 0 0 0 0 0 0 0 0 0 0 0
 0 0 1.00437e-05 0.000401748 0.00122533 0.00171747 0.00176769 0.0269171 0.070346 0.194647 0.189555 0.159765 0.064822 0.0314167 0.0384472 0.0292271 0.0345202 0.0313363 0.0194345 0.0106764 0.0143323 0.0359363 0.0279516 0.0138201 0.00172751 0
 0 0.0021121 0.0136068 0.0755702 0.200478 0.177729 0.0527432 0.0373336 0.0318909 0.0142505 0.0149659 0.0166563 0.0217959 0.0798694 0.0677717 0.0528807 0.04013 0.0224614 0.0357745 0.0225083 0.00881397 0.00855152 0.00135912 0.000746735 0 0
 0 0 0 0 5.4009e-05 0.00500934 0.000945158 0.0243581 0.138947 0.33067 0.221406 0.137944 0.0707744 0.0437923 0.0131692 0.00525238 0.0047753 0.00276346 9.45158e-05 9.00151e-06 2.25038e-05 9.00151e-06 4.50075e-06 0 0 0
 0.000866109 0.00284123 0.00948549 0.0512746 0.133035 0.25785 0.225252 0.132002 0.0553304 0.0519788 0.0540692 0.017754 0.00435017 0.00159236 0.00146478 0.000404838 0.000125132 0.000115318 0.000107957 0.000100596 0 0 0 0 0 0
 0 0 0 0 0.00144013 0.00171154 0.00461396 0.0210425 0.0478622 0.0707936 0.0888783 0.103762 0.0637923 0.0337046 0.0602308 0.124433 0.169614 0.0934646 0.0462172 0.0250306 0.0313229 0.00938855 0.002487 0.000210481 0 0
 0 0.00764035 0.051015 0.0998891 0.058973 0.0496711 0.0374665 0.0718981 0.12319 0.153886 0.159021 0.0857701 0.0377988 0.023471 0.0147837 0.00900784 0.00315554 0.000888139 0.00291439 0.00214683 0.00393193 0.00274676 0.000635225 9.99891e-05 0 0
 0 0 0 0 0 0 0 0 0 0 0 0 0 0 0 0 0 0 0 0 0 0 0 0 0 0
 0 0 0 0 0 0 0 0 0 0 0 0 0 0 0 0 0 0 0 0 0 0 0 0 0 0
 0 0 0 0 0 0 0 0 0 0 0 0 0 0 0 0 0 0 0 0 0 0 0 0 0 0
 0 0 0 0 0 0 0 0 0 0 0 0 0 0 0 0 0 0 0 0 0 0 0 0 0 0
 0 0 0 0 0 0 0 0 0 0 0 0 0 0 0 0 0 0 0 0 0 0 0 0 0 0
 0 0 0 0 0 0 0 0 0 0 0 0 0 0 0 0 0 0 0 0 0 0 0 0 0 0
 0 0 0 0 0 0 0 0 0 0 0 0 0 0 0 0 0 0 0 0 0 0 0 0 0 0
 0 0 0 0 0 0 0 0 0 0 0 0 0 0 0 0 0 0 0 0 0 0 0 0 0 0
 0 0 0 0 0 0 0 0 0 0 0 0 0 0 0 0 0 0 0 0 0 0 0 0 0 0
ppred_pel_tallas
 1.27718e-16 9.2451e-06 8.98656e-05 0.00059719 0.00271475 0.00844667 0.0179971 0.0262706 0.0262865 0.0180752 0.00871188 0.00349339 0.00259932 0.00461823 0.00907159 0.0161884 0.0261298 0.0387221 0.0536038 0.0703372 0.0880987 0.105083 0.118312 0.124435 0.121236 0.108873
 1.52496e-16 2.24477e-05 0.0002182 0.00145001 0.00659156 0.0205089 0.0436969 0.0637801 0.0637953 0.0437715 0.0207604 0.00732235 0.0033014 0.00431839 0.00798938 0.0136685 0.0209205 0.0290792 0.0376759 0.0470039 0.0581007 0.071902 0.0880848 0.104487 0.117607 0.123944
 1.04709e-16 7.63597e-05 0.000742244 0.00493247 0.0224223 0.0697641 0.14864 0.216945 0.216948 0.148656 0.0698184 0.0225792 0.00532715 0.00160669 0.00172692 0.00275862 0.0040281 0.00520587 0.00602665 0.00640554 0.0065023 0.0066192 0.00700055 0.00768207 0.00848121 0.00910485
 1.0159e-16 4.14443e-05 0.000402854 0.00267711 0.0121698 0.0378649 0.0806769 0.11776 0.117806 0.0809023 0.0386213 0.0143531 0.00815304 0.0123416 0.0226703 0.0372954 0.053446 0.0666322 0.0723122 0.0684029 0.0565594 0.0411374 0.0266952 0.0159459 0.00931925 0.00581364
 1.04081e-16 5.07035e-05 0.000492856 0.0032752 0.0148886 0.0463241 0.0986993 0.14406 0.144085 0.0988213 0.0467339 0.016074 0.00625697 0.00702269 0.0125121 0.0207601 0.0302592 0.0387899 0.0440851 0.045033 0.0422407 0.037447 0.0323144 0.027607 0.0232483 0.0189192
 1.00187e-16 8.10023e-05 0.000787371 0.00523236 0.0237855 0.0740056 0.157677 0.230134 0.230135 0.157683 0.074026 0.0238445 0.00538047 0.00111095 0.00069626 0.00102476 0.00147282 0.00186139 0.00206868 0.00204035 0.00181646 0.00150178 0.00120046 0.000966469 0.00079866 0.000668486
 1.00531e-16 1.51344e-05 0.000147112 0.000977614 0.00444414 0.0138278 0.0294644 0.0430205 0.0430983 0.0298445 0.0151035 0.00812667 0.0102126 0.0202782 0.0381626 0.0628432 0.0900023 0.112076 0.12137 0.114342 0.0937782 0.0670613 0.0419546 0.0231377 0.0114435 0.00526765
 1.15821e-16 1.90952e-05 0.000185612 0.00123346 0.00560714 0.017446 0.0371715 0.0542577 0.0542809 0.0372852 0.01783 0.00672579 0.00407806 0.00651628 0.0123951 0.0213774 0.032915 0.045783 0.058552 0.0702492 0.0804362 0.0885694 0.093375 0.0930829 0.0865121 0.074116
 1.06475e-16 7.08332e-05 0.000688524 0.00457548 0.0207995 0.0647149 0.137882 0.201244 0.201249 0.137908 0.0648018 0.0210512 0.00521023 0.00208403 0.00275093 0.00451655 0.00669663 0.00885565 0.0106206 0.0118733 0.012821 0.0138119 0.0150278 0.0163027 0.0171965 0.0172461
 1.01024e-16 6.91248e-05 0.000671917 0.00446513 0.0202978 0.0631541 0.134557 0.196393 0.196408 0.134628 0.0633909 0.0209813 0.0061796 0.00441052 0.00715742 0.011692 0.0167635 0.0209293 0.0227737 0.0216522 0.0180853 0.0134298 0.00909549 0.00590604 0.00396745 0.00294203
 1.00214e-16 7.61762e-05 0.00074046 0.00492062 0.0223684 0.0695964 0.148283 0.216425 0.216431 0.148316 0.0697062 0.0226852 0.00571548 0.00247438 0.00336541 0.00543308 0.00779528 0.00975167 0.0106444 0.0101696 0.0085558 0.0064124 0.00437374 0.00281238 0.0017857 0.00116308
 1.00041e-16 8.02329e-05 0.000779892 0.00518266 0.0235596 0.0733027 0.156179 0.227949 0.227951 0.156191 0.073342 0.0236731 0.00546722 0.0014004 0.00125662 0.00194503 0.00278128 0.00347024 0.00377139 0.00357553 0.00296668 0.00216812 0.00141362 0.000842515 0.000478226 0.000272603
 1.00319e-16 4.40156e-05 0.000427847 0.0028432 0.0129248 0.0402141 0.085682 0.125065 0.125109 0.0858977 0.0409382 0.0150151 0.00808531 0.0118557 0.0217012 0.0356851 0.0511154 0.063676 0.0690008 0.0650782 0.0534827 0.0383881 0.0241825 0.0135069 0.00683027 0.00325161
 1.03477e-16 5.28939e-05 0.000514148 0.00341669 0.0155318 0.0483253 0.102963 0.150283 0.150306 0.103078 0.0487117 0.0166492 0.00622723 0.00666824 0.0117949 0.0195561 0.0284898 0.0364919 0.041417 0.0422123 0.039452 0.0347867 0.0298032 0.0252454 0.0210613 0.016962
 1.00169e-16 8.07801e-05 0.000785212 0.00521801 0.0237203 0.0738027 0.157244 0.229503 0.229505 0.157252 0.0738278 0.0237929 0.00540033 0.0011833 0.00083705 0.00125655 0.00180366 0.00227092 0.00250743 0.00244544 0.00213567 0.00171133 0.00130711 0.000996242 0.000782092 0.00063067
 1.00042e-16 7.71781e-05 0.000750199 0.00498534 0.0226626 0.0705118 0.150233 0.219271 0.219277 0.150262 0.0706102 0.0229467 0.00569772 0.00230313 0.00301996 0.00485332 0.00694365 0.0086469 0.00936492 0.00882421 0.00723963 0.0051802 0.00324441 0.00179289 0.000889823 0.000411702
 1.00779e-16 3.00449e-05 0.000292047 0.00194076 0.00882243 0.0274502 0.0584877 0.0853769 0.0854359 0.0587763 0.028419 0.0116194 0.00895604 0.0155885 0.0290277 0.0478015 0.0685282 0.085481 0.0928409 0.0879181 0.0727887 0.0529713 0.0342512 0.0200878 0.0110756 0.00603288
 1.00554e-16 7.92568e-05 0.000770405 0.00511961 0.023273 0.072411 0.154279 0.225176 0.225177 0.154289 0.072443 0.0233658 0.00535352 0.00128454 0.00106593 0.00166331 0.00244979 0.00320748 0.00376793 0.00404572 0.00406986 0.00393583 0.00372036 0.00343581 0.00305407 0.00256286
 1.00221e-16 6.84996e-05 0.000665841 0.00442475 0.0201143 0.062583 0.13334 0.194617 0.194633 0.133418 0.0628438 0.020867 0.00631254 0.00478121 0.0078676 0.0128544 0.0184077 0.0229317 0.0248523 0.0234473 0.0192868 0.0138766 0.00879707 0.00499588 0.00263431 0.00137835
 1.00722e-16 6.2766e-05 0.000610108 0.00405438 0.0184307 0.0573447 0.12218 0.178329 0.17835 0.122281 0.0576858 0.0194157 0.00652618 0.00600326 0.010297 0.0169012 0.0242869 0.0304252 0.0332883 0.0319319 0.0270526 0.0205188 0.0142695 0.00943584 0.00618721 0.00413158
 1.01116e-16 6.37088e-05 0.000619272 0.00411528 0.0187075 0.058206 0.124015 0.181007 0.181026 0.124107 0.0585151 0.0196001 0.00635586 0.00551032 0.0093521 0.0153581 0.0221119 0.0277907 0.030576 0.0296184 0.02553 0.0199562 0.0145864 0.0103796 0.00744972 0.00544308
 1.00869e-16 6.84304e-05 0.000665168 0.00442028 0.0200939 0.0625198 0.133206 0.19442 0.194434 0.133275 0.0627522 0.0207651 0.00610486 0.00434209 0.00704995 0.0115422 0.0166091 0.0208607 0.0229268 0.0221696 0.0190556 0.0148319 0.0107803 0.00762968 0.00546525 0.00401201
 1.02979e-16 1.66669e-05 0.000162009 0.00107661 0.00489415 0.0152279 0.0324472 0.0473722 0.0474418 0.0327872 0.0163693 0.00819019 0.00934706 0.0182062 0.0342555 0.0565244 0.0812325 0.101743 0.111287 0.106718 0.090394 0.0685968 0.0478363 0.031894 0.0213001 0.0146805
 1.04858e-16 6.54333e-05 0.000636035 0.00422668 0.0192139 0.0597815 0.127371 0.185903 0.18591 0.127403 0.0598905 0.019531 0.00503174 0.0024231 0.003546 0.00598412 0.00913784 0.0125796 0.0158808 0.0187819 0.0212285 0.0231849 0.0244188 0.0245106 0.0231139 0.0202457
 1.02251e-16 6.02417e-05 0.000585571 0.00389133 0.0176894 0.0550385 0.117266 0.171158 0.171181 0.117379 0.0554173 0.0187832 0.00663532 0.00657073 0.0114127 0.0187352 0.0268983 0.0336534 0.0367601 0.0352052 0.0298242 0.0227639 0.0162256 0.0114511 0.00853303 0.00688121
 1.04398e-16 2.62209e-05 0.000254877 0.00169375 0.00769956 0.0239565 0.0510439 0.0745116 0.0745666 0.0513128 0.0248596 0.0103085 0.0082437 0.0145573 0.0272 0.0449527 0.0648132 0.0816192 0.0900991 0.0877793 0.0764158 0.0607351 0.0455628 0.0335972 0.025112 0.0190787
 1.03949e-16 6.67958e-05 0.000649279 0.00431469 0.0196139 0.0610263 0.130023 0.189775 0.189783 0.130066 0.0611689 0.0200272 0.00535778 0.00294527 0.00448272 0.00744964 0.0110617 0.014612 0.0174056 0.0190889 0.0197862 0.0198733 0.0195982 0.0188973 0.0175356 0.0153919
 1.01943e-16 5.9193e-05 0.000575377 0.00382358 0.0173815 0.0540803 0.115225 0.168179 0.168203 0.115344 0.0544801 0.0185356 0.00671917 0.00689158 0.0120406 0.0197752 0.0283963 0.0355339 0.0388196 0.0371732 0.0314588 0.023924 0.0168831 0.0116569 0.00837618 0.00646475
 1.0434e-16 2.85924e-05 0.000277928 0.00184693 0.00839592 0.0261231 0.05566 0.0812483 0.0813003 0.0559142 0.0269767 0.0108619 0.00803874 0.0138005 0.0257269 0.0425284 0.0613552 0.0773428 0.0855234 0.0835608 0.0730931 0.0585408 0.0444029 0.0331746 0.0250888 0.0191893
 1.06111e-16 5.72784e-05 0.000556766 0.00369991 0.0168192 0.052331 0.111497 0.162737 0.162751 0.11157 0.0525749 0.0175259 0.00548219 0.00447536 0.00758101 0.0126552 0.018721 0.0245772 0.0290058 0.0313967 0.0320048 0.0315673 0.030634 0.02921 0.0269494 0.02362
 1.04493e-16 5.05502e-05 0.000491366 0.0032653 0.0148436 0.0461841 0.0984013 0.143626 0.143657 0.098551 0.0466867 0.0162953 0.00690917 0.00844563 0.0151565 0.024976 0.0359751 0.0452495 0.0498803 0.0485413 0.0422957 0.0338719 0.0260176 0.0202074 0.0164545 0.0139677
 1.05202e-16 4.21545e-05 0.000409757 0.00272298 0.0123783 0.0385137 0.0820587 0.119775 0.11981 0.0822334 0.0391004 0.0140741 0.00698329 0.00972193 0.0177623 0.029388 0.0425389 0.0539253 0.0601991 0.0597825 0.0537516 0.0449995 0.0364025 0.029452 0.0241542 0.0198202
 1.01434e-16 7.45361e-05 0.000724518 0.00481468 0.0218868 0.0680981 0.14509 0.211765 0.211771 0.14512 0.0681992 0.0221794 0.00555039 0.00233479 0.00314509 0.0051138 0.00743485 0.0095073 0.0107691 0.0109564 0.0102414 0.00908226 0.00791306 0.00692531 0.00607365 0.00522866
pSPR Fmed_Fpbrs
1   0.983127 0.6 0.325 0.983127 0.983127 0.983127
Fs Fmed_Fpbrs
0   0.01 0.340526 0.874035 0.01 0.01 0.01
SSBpbr Bo_Bmed_Bpbrs
256601  243771  239442 141131 70565.4 239442 239442 239442
Ro
67919.2
SPR SPRFo_SPRFmed_SPRFpbrs
489313 489313 481057
Fref
0
Nvult_r0
 33789.8 7895.23 2297.67 463.33 71.0532
CTP_r0
 24072.3 6558.42 1908.63 384.879 59.0226
YTP_r0
356025
Np
 34867 12826.8 4718.73 1735.92 873.542
Nvult_p0
 22040.1 8108.11 2982.81 1097.31 552.184
CTP_p0
 0 0 0 0 0
 0 0 0 0 0
 0 0 0 0 0
 0 0 0 0 0
 0 0 0 0 0
 0 0 0 0 0
YTP_p0
 0 0 0 0 0 0
CBA_c0
0
log_Ro
10.9461
likeval ReclasPelacesDesembMPH_pf_preclas_ppelaces_ptallas_desvR_qrecl_qpela
 0.000588558 15.3533 0.144116 40.7114 278.53 144.197 126.049 0 49.9716 0.000150342 0.000318984 0.0169986 2068.63 0 0
q_reclas_q_pelaces
5.66341 12.5009
M
1
N
 29543.9 20266.5 61939.8 8187.84 0.115465
 22684.8 9080.48 5222.53 15961.4 2109.98
 175467 4554.36 1006.76 579.029 2003.6
 41709.1 35137.6 502.384 111.054 284.885
 15533.4 6330.35 2238.57 32.0062 25.2248
 277444 2091.21 318.062 112.475 2.87551
 21252.6 71405.8 379.175 57.6704 20.9151
 7202.68 3864.85 6507.99 34.5583 7.16235
 39849.4 2027.55 836.863 1409.19 9.03385
 20767 6765.27 161.27 66.5633 112.804
 21314.8 1295.96 74.1425 1.7674 1.96574
 204831 3605.85 102.36 5.85604 0.294856
 82310.5 42263 422.024 11.98 0.719892
 22260.9 20212.9 6982.79 69.7278 2.09831
 73624.2 989.036 113.029 39.0474 0.401648
 222525 12091.8 73.67 8.41918 2.93843
 28328.7 37272.9 936.461 5.70542 0.879598
 299176 5002.23 3204.71 80.5165 0.566177
 296822 50835.6 398.559 255.339 6.46036
 216086 46510.4 3449.92 27.0479 17.7668
 230143 39513.2 4285.54 317.881 4.1293
 375366 48258.1 4774.74 517.86 38.9114
 32836.6 72482.1 4953.17 490.076 57.1466
 143913 7735.14 11028.8 753.667 83.2645
 160158 32323.7 1071 1527.04 115.881
 36320.4 37956.1 4977.54 164.924 252.993
 131744 9195.94 6662.49 873.715 73.3577
 147647 29792.1 1290.5 934.974 132.907
 44529.7 38195.5 5457.09 236.384 195.606
 95816.7 12050.5 7649.27 1092.87 86.513
 68010.5 24633.7 2180.29 1383.98 213.386
 32031.6 13767.8 2776.3 245.726 180.029
 34867 7916.79 2303.94 464.595 71.2472
pred_Ctot
 3117.84 3949.49 12070.7 1595.63 0.0225015
 6838.47 4402.82 2532.23 7739.16 1023.06
 53069.5 2213.91 489.396 281.47 973.965
 16613.8 20950.7 299.545 66.2158 169.862
 6738.7 4002.07 1415.23 20.2344 15.9472
 54231.4 709.381 107.893 38.1537 0.97543
 7186.99 37804.5 200.747 30.5326 11.0731
 1092.58 1048.94 1766.29 9.37926 1.94389
 14427.4 1129.06 466.015 784.718 5.03058
 12452.2 5208.68 124.164 51.2481 86.8493
 7742.44 723.406 41.3863 0.986562 1.09727
 59564.2 1699.7 48.2496 2.76037 0.138987
 17874.2 15685.1 156.626 4.44617 0.267174
 14440.5 16224.4 5604.92 55.9688 1.68427
 27469.7 562.914 64.3312 22.224 0.2286
 81572.4 6794.7 41.397 4.73095 1.65118
 9873.98 20183.5 507.098 3.08952 0.476307
 108228 2783.88 1783.51 44.8097 0.315094
 115261 29771.8 233.415 149.539 3.7835
 72647.9 24516.3 1818.5 14.2573 9.36515
 65451.6 18300.4 1984.83 147.225 1.91247
 118711 24282.6 2402.56 260.578 19.5795
 7739.46 28814.6 1969.09 194.825 22.7181
 36868 3293.61 4696.03 320.91 35.4539
 37323.2 12729.3 421.769 601.359 45.6348
 7377.72 13308.1 1745.22 57.8255 88.7043
 33372.2 3879.71 2810.87 368.615 30.9492
 28502.3 9997.79 433.073 313.763 44.6014
 7630.02 11551.1 1650.33 71.4874 59.1552
 18777.9 4096.95 2600.62 371.557 29.4129
 20284.4 11844.8 1048.37 665.471 102.604
 6862.09 5051.25 1018.59 90.1543 66.0506
 24072.3 6558.42 1908.63 384.879 59.0226
F
 0.179749 0.355987 0.355987 0.355987 0.355987
 0.605607 1.19939 1.19939 1.19939 1.19939
 0.608178 1.20448 1.20448 1.20448 1.20448
 0.885364 1.75343 1.75343 1.75343 1.75343
 1.00525 1.99087 1.99087 1.99087 1.99087
 0.35724 0.707502 0.707502 0.707502 0.707502
 0.704555 1.39535 1.39535 1.39535 1.39535
 0.267623 0.530019 0.530019 0.530019 0.530019
 0.773306 1.53151 1.53151 1.53151 1.53151
 1.77411 3.51357 3.51357 3.51357 3.51357
 0.776845 1.53852 1.53852 1.53852 1.53852
 0.578273 1.14525 1.14525 1.14525 1.14525
 0.404178 0.800462 0.800462 0.800462 0.800462
 2.11386 4.18643 4.18643 4.18643 4.18643
 0.806444 1.59714 1.59714 1.59714 1.59714
 0.786773 1.55818 1.55818 1.55818 1.55818
 0.733991 1.45365 1.45365 1.45365 1.45365
 0.772435 1.52978 1.52978 1.52978 1.52978
 0.853458 1.69025 1.69025 1.69025 1.69025
 0.699042 1.38443 1.38443 1.38443 1.38443
 0.562138 1.1133 1.1133 1.1133 1.1133
 0.644562 1.27653 1.27653 1.27653 1.27653
 0.44577 0.882833 0.882833 0.882833 0.882833
 0.493408 0.977178 0.977178 0.977178 0.977178
 0.439727 0.870866 0.870866 0.870866 0.870866
 0.373617 0.739937 0.739937 0.739937 0.739937
 0.486617 0.96373 0.96373 0.96373 0.96373
 0.352103 0.697329 0.697329 0.697329 0.697329
 0.307053 0.608108 0.608108 0.608108 0.608108
 0.358323 0.709646 0.709646 0.709646 0.709646
 0.597331 1.183 1.183 1.183 1.183
 0.397739 0.787708 0.787708 0.787708 0.787708
 2.4772 4.90602 4.90602 4.90602 4.90602
YTP_r0W_actual
 181505 114444 45940.8 12054.4 2080.54
YTP_p0W_proyectada
 0 0 0 0 0
 0 0 0 0 0
 0 0 0 0 0
 0 0 0 0 0
 0 0 0 0 0
 0 0 0 0 0
CTP_r0_actual
 24072.3 6558.42 1908.63 384.879 59.0226
CTP_p0_proyectada
 0 0 0 0 0
 0 0 0 0 0
 0 0 0 0 0
 0 0 0 0 0
 0 0 0 0 0
 0 0 0 0 0
Wmedp
 7.54 17.45 24.07 31.32 35.25
Frms_r0
 2.4772 4.90602 4.90602 4.90602 4.90602
Zrms_r0
 3.4772 5.90602 5.90602 5.90602 5.90602
nmprior
 7.29 8.9 8.7 0
nm_flota  nm_reclas  nm_pelaces    nm_pelaL
inf 10.4284 6.48089 13.6864
cv_recla  cv_pelaces  cv_mph
0.700332 0.429231 0.511582
 ------------------------------------------------
Talla a la edad & desviaci?n 
 8 13.2811 15.8009 17.003 17.5766
 0.8 1.32811 1.58009 1.7003 1.75766
