years
 1991 1992 1993 1994 1995 1996 1997 1998 1999 2000 2001 2002 2003 2004 2005 2006 2007 2008 2009 2010 2011 2012 2013 2014 2015 2016 2017 2018 2019 2020 2021 2022 2023
reclasobs
 0 0 0 0 0 0 0 0 0 252601 567819 844713 477998 351125 339783 2.1784e+06 2.13404e+06 4.81314e+06 1.55562e+06 2.62356e+06 3.21686e+06 3.843e+06 1.13348e+06 3.07943e+06 1.97215e+06 2.03268e+06 2.025e+06 2.42433e+06 2.27542e+06 1.05018e+06 2.36338e+06 3.18982e+06 1.53035e+06
reclaspred
 3.34997e+06 1.85503e+06 986254 1.17481e+06 1.3447e+06 2.32357e+06 1.72106e+06 1.76874e+06 1.44143e+06 1.13243e+06 902568 835039 564985 194478 664932 1.01776e+06 895874 1.63878e+06 1.69627e+06 1.61348e+06 3.12364e+06 2.70932e+06 2.30196e+06 3.29718e+06 2.5983e+06 2.3472e+06 2.74359e+06 2.97481e+06 2.60644e+06 1.95571e+06 1.60091e+06 1.47324e+06 1.67412e+06
pelacesobs
 0 0 0 0 0 0 0 0 0 0 0 0 0 0 0 552880 188675 0 991730 2.46772e+06 1.41603e+06 1.21717e+06 2.29649e+06 1.80582e+06 0 1.4828e+06 1.56532e+06 1.57751e+06 1.42118e+06 867257 1.10002e+06 1.06204e+06 0
pelacespred
 1.91825e+06 1.18091e+06 617936 610418 724205 1.32742e+06 952695 1.145e+06 943038 718189 597679 451583 315413 90548.5 405355 505193 437048 897152 961163 818931 1.67667e+06 1.55189e+06 1.33399e+06 2.09148e+06 1.58303e+06 1.42144e+06 1.91664e+06 1.87087e+06 1.47206e+06 1.26739e+06 936785 855963 969876
mphobs
 0 0 0 0 0 0 0 0 0 0 0 0 498337 0 5186 125008 0 168611 109162 213762 579715 649985 157893 87575 83554 210694 70296 0 107559 103333 445601 22526 28222
mphpred
 782587 522229 257145 153090 205235 261351 387831 298525 284574 236483 164584 159440 129697 60342.7 15330.8 97136 166372 143080 215179 314898 443309 576993 108102 97533.7 132149 111066 96598.6 105149 145912 115400 73737.7 66637 43560
desembarqueobs
 494567 514787 250237 358949 120608 361735 552515 73892 212993 205616 52469 317467 293654 387597 252695 516296 358380 742168 942051 627588 828172 859565 418607 520667 417249 300574 415391 372974 316634 284311 391294 218835 356480
desembarquepred
 494570 513330 251017 358979 120612 361749 552541 73894.3 213013 205642 52472.2 317559 293912 388284 252678 516276 358407 742004 941592 627382 828269 859588 418631 520733 417246 300593 415415 372971 316621 284293 391353 218858 356497
Reclutas
 200251 102426 139162 246681 227275 390919 182622 102035 101209 108185 133806 123491 68759.4 33026.4 149640 324922 78977.5 423491 453848 385436 494603 684010 159482 385979 394802 156694 362204 425759 169094 148914 157608 90855 286305
log_desv_Rt
 0.0352846 -0.635148 -0.328648 0.24381 0.161874 0.704213 -0.0568686 -0.638973 -0.647097 -0.580448 -0.367893 -0.448117 -1.03367 -1.76698 -0.256054 0.519297 -0.895123 0.784247 0.853475 0.690087 0.939468 1.26369 -0.192354 0.691497 0.714098 -0.209992 0.62792 0.789588 -0.133832 -0.260919 -0.204174 -0.755022 0.39277
SSB
 3.24724e+06 2.16692e+06 1.06699e+06 635227 851595 1.08444e+06 1.60925e+06 1.23869e+06 1.1808e+06 981255 682921 661574 514303 243480 61608.4 389934 690339 593691 923026 944375 1.36064e+06 1.84856e+06 1.89852e+06 1.65479e+06 2.11133e+06 1.87521e+06 1.54389e+06 1.622e+06 2.32731e+06 1.73978e+06 1.25837e+06 1.16628e+06 706992
BT
 4.37682e+06 2.94418e+06 1.52463e+06 1.55359e+06 1.58312e+06 3.03096e+06 2.45973e+06 2.41271e+06 2.14969e+06 1.67255e+06 1.27808e+06 1.209e+06 923172 588925 1.08218e+06 1.48288e+06 1.18714e+06 2.50128e+06 2.88338e+06 2.23287e+06 4.10079e+06 4.00789e+06 3.10612e+06 4.78089e+06 3.65153e+06 3.18664e+06 4.36452e+06 4.20802e+06 3.28883e+06 2.87928e+06 2.29666e+06 1.94658e+06 2.31229e+06
Ftot
 0.139776 0.254205 0.246656 0.361041 0.100078 0.190515 0.322021 0.044514 0.160176 0.187594 0.0660499 0.399879 0.524479 1.83548 0.620413 0.689314 0.41583 0.5982 0.691072 0.474457 0.318279 0.372872 0.18548 0.193213 0.176151 0.132686 0.185561 0.161239 0.11869 0.148645 0.267819 0.152354 0.277117
BD_Bspro_t
 0.978045 0.849354 0.695869 0.633398 0.669632 0.755837 0.769389 0.67876 0.743431 0.744162 0.728838 0.7844 0.627603 0.385303 0.154403 0.503901 0.532082 0.4761 0.521136 0.488173 0.522327 0.593006 0.631175 0.638863 0.722684 0.746467 0.751425 0.779126 0.824521 0.78335 0.742782 0.714058 0.705241
BD_Bspro
 2.33169 1.55596 0.766152 0.456125 0.611488 0.778683 1.15552 0.889441 0.847877 0.704591 0.490372 0.475044 0.369295 0.174831 0.044238 0.279992 0.495698 0.4263 0.662779 0.678109 0.977009 1.32736 1.36323 1.18822 1.51604 1.3465 1.10859 1.16468 1.67113 1.24925 0.903577 0.83745 0.507656
BD_Bo
 2.49016 1.66171 0.818223 0.487126 0.653048 0.831607 1.23406 0.949892 0.905503 0.752479 0.5237 0.50733 0.394395 0.186713 0.0472446 0.299022 0.529389 0.455274 0.707826 0.724197 1.04341 1.41758 1.45589 1.26898 1.61908 1.43801 1.18394 1.24384 1.78471 1.33416 0.964989 0.894367 0.542159
BD_Brms
 2.66704 1.77974 0.876344 0.521727 0.699436 0.890678 1.32172 1.01737 0.969823 0.805929 0.5609 0.543367 0.42241 0.199976 0.0506005 0.320262 0.566993 0.487613 0.758104 0.775639 1.11753 1.51827 1.5593 1.35912 1.73409 1.54016 1.26803 1.33219 1.91148 1.42892 1.03353 0.957897 0.58067
Sel_flota
 0.483932 0.946856 0.997055 0.999845 0.999992
 0.483932 0.946856 0.997055 0.999845 0.999992
 0.483932 0.946856 0.997055 0.999845 0.999992
 0.483932 0.946856 0.997055 0.999845 0.999992
 0.483932 0.946856 0.997055 0.999845 0.999992
 0.483932 0.946856 0.997055 0.999845 0.999992
 0.483932 0.946856 0.997055 0.999845 0.999992
 0.483932 0.946856 0.997055 0.999845 0.999992
 0.483932 0.946856 0.997055 0.999845 0.999992
 0.483932 0.946856 0.997055 0.999845 0.999992
 0.483932 0.946856 0.997055 0.999845 0.999992
 0.483932 0.946856 0.997055 0.999845 0.999992
 0.483932 0.946856 0.997055 0.999845 0.999992
 0.483932 0.946856 0.997055 0.999845 0.999992
 0.483932 0.946856 0.997055 0.999845 0.999992
 0.483932 0.946856 0.997055 0.999845 0.999992
 0.483932 0.946856 0.997055 0.999845 0.999992
 0.483932 0.946856 0.997055 0.999845 0.999992
 0.483932 0.946856 0.997055 0.999845 0.999992
 0.483932 0.946856 0.997055 0.999845 0.999992
 0.483932 0.946856 0.997055 0.999845 0.999992
 0.483932 0.946856 0.997055 0.999845 0.999992
 0.483932 0.946856 0.997055 0.999845 0.999992
 0.483932 0.946856 0.997055 0.999845 0.999992
 0.483932 0.946856 0.997055 0.999845 0.999992
 0.483932 0.946856 0.997055 0.999845 0.999992
 0.483932 0.946856 0.997055 0.999845 0.999992
 0.483932 0.946856 0.997055 0.999845 0.999992
 0.483932 0.946856 0.997055 0.999845 0.999992
 0.483932 0.946856 0.997055 0.999845 0.999992
 0.483932 0.946856 0.997055 0.999845 0.999992
 0.483932 0.946856 0.997055 0.999845 0.999992
 0.483932 0.946856 0.997055 0.999845 0.999992
Sel_reclas
 1 1 1 1 1
 1 1 1 1 1
 1 1 1 1 1
 1 1 1 1 1
 1 1 1 1 1
 1 1 1 1 1
 1 1 1 1 1
 1 1 1 1 1
 1 1 1 1 1
 1 1 1 1 1
 1 1 1 1 1
 1 1 1 1 1
 1 1 1 1 1
 1 1 1 1 1
 1 1 1 1 1
 1 1 1 1 1
 1 1 1 1 1
 1 1 1 1 1
 1 1 1 1 1
 1 1 1 1 1
 1 1 1 1 1
 1 1 1 1 1
 1 1 1 1 1
 1 1 1 1 1
 1 1 1 1 1
 1 1 1 1 1
 1 1 1 1 1
 1 1 1 1 1
 1 1 1 1 1
 1 1 1 1 1
 1 1 1 1 1
 1 1 1 1 1
 1 1 1 1 1
Sel_pelaces
 1 1 1 1 1
 1 1 1 1 1
 1 1 1 1 1
 1 1 1 1 1
 1 1 1 1 1
 1 1 1 1 1
 1 1 1 1 1
 1 1 1 1 1
 1 1 1 1 1
 1 1 1 1 1
 1 1 1 1 1
 1 1 1 1 1
 1 1 1 1 1
 1 1 1 1 1
 1 1 1 1 1
 1 1 1 1 1
 1 1 1 1 1
 1 1 1 1 1
 1 1 1 1 1
 1 1 1 1 1
 1 1 1 1 1
 1 1 1 1 1
 1 1 1 1 1
 1 1 1 1 1
 1 1 1 1 1
 1 1 1 1 1
 1 1 1 1 1
 1 1 1 1 1
 1 1 1 1 1
 1 1 1 1 1
 1 1 1 1 1
 1 1 1 1 1
 1 1 1 1 1
pf_obs 
 0.8446 0.082 0.0669 0.0065 0
 0.8095 0.147 0.0364 0.0071 0
 0.9664 0.0169 0.016 0.0007 0
 0.9276 0.0648 0.0075 0.0001 0
 0.7033 0.2144 0.0806 0.0017 0
 0.9318 0.0425 0.0243 0.0014 0
 0.5671 0.3108 0.0964 0.0239 0.0018
 0.0768 0.2599 0.5324 0.112 0.0189
 0.490249 0.384438 0.106611 0.0170017 0.00170017
 0.7925 0.1577 0.0466 0.003 0.0002
 0.840416 0.127587 0.0312969 0.00059994 9.999e-05
 0.8084 0.0986 0.0794 0.0134 0.0002
 0.7335 0.1905 0.0724 0.0035 0.0001
 0.4001 0.4547 0.1325 0.0127 0
 0.49795 0.308269 0.164784 0.0264974 0.00249975
 0.9179 0.0499 0.0305 0.0017 0
 0.2467 0.6533 0.0926 0.0074 0
 0.9418 0.0223 0.034 0.0019 0
 0.707729 0.231977 0.0356964 0.0245975 0
 0.517169 0.277429 0.184464 0.0207286 0.00020938
 0.811772 0.124168 0.05621 0.00726502 0.000585176
 0.764997 0.148141 0.077277 0.00933861 0.000247198
 0.163321 0.427699 0.378323 0.0303852 0.000271297
 0.753843 0.0900009 0.118128 0.0371064 0.000921714
 0.721811 0.176058 0.0630433 0.0369309 0.00215725
 0.143369 0.312575 0.442814 0.0836902 0.0175525
 0.692698 0.0596174 0.167031 0.0765114 0.00414204
 0.394062 0.376323 0.152708 0.0712218 0.00568511
 0.125707 0.32114 0.495352 0.0537591 0.00404204
 0.23352 0.215282 0.420074 0.123614 0.00750983
 0.796117 0.104755 0.0508955 0.0450114 0.00322123
 0.162477 0.292055 0.404252 0.121198 0.0200186
 0 0 0 0 0
pf_pred 
 0.335851 0.122315 0.513947 0.0278861 1.13002e-06
 0.287506 0.360585 0.0676846 0.269636 0.0145884
 0.50377 0.22535 0.141102 0.0250233 0.104754
 0.667606 0.22511 0.0502728 0.0297431 0.027268
 0.556728 0.358308 0.0586761 0.0123405 0.0139477
 0.648165 0.2493 0.083709 0.0130129 0.00581318
 0.372759 0.493437 0.0963249 0.0306151 0.00686448
 0.334885 0.366023 0.238231 0.0438535 0.0170082
 0.417005 0.287308 0.166436 0.103008 0.026243
 0.494738 0.29758 0.105212 0.0577531 0.0447174
 0.557965 0.292801 0.0899072 0.0300996 0.0292266
 0.502834 0.353002 0.0971674 0.0283457 0.0186509
 0.413587 0.400893 0.134092 0.0347015 0.0167265
 0.410207 0.362492 0.158679 0.0496504 0.018972
 0.92366 0.0540642 0.0142971 0.00558073 0.00239803
 0.816111 0.177488 0.00462505 0.00114138 0.000634532
 0.31649 0.622244 0.0592776 0.00143849 0.000550162
 0.83399 0.0822888 0.0766326 0.00685949 0.000229332
 0.674004 0.30012 0.0132711 0.011542 0.0010637
 0.597472 0.332572 0.0647658 0.00266672 0.00252312
 0.644584 0.27093 0.0705656 0.0128911 0.00102931
 0.654698 0.272756 0.0560707 0.013768 0.00270727
 0.243005 0.604793 0.121745 0.0235581 0.00689911
 0.597464 0.156627 0.198611 0.0378549 0.00944186
 0.547848 0.339617 0.0452791 0.0543516 0.0129042
 0.303025 0.492083 0.156013 0.0197014 0.0291766
 0.620273 0.174903 0.14687 0.0441602 0.0137941
 0.585672 0.317975 0.0457103 0.0363445 0.0142984
 0.309888 0.507859 0.141644 0.0192952 0.021314
 0.38368 0.28786 0.24507 0.0648517 0.0185385
 0.479591 0.288731 0.111346 0.0898487 0.030483
 0.380645 0.405627 0.121672 0.0443157 0.0477413
 0.731678 0.147436 0.08066 0.0229295 0.0172966
pobs_RECLAS
 0 0 0 0 0
 0 0 0 0 0
 0 0 0 0 0
 0 0 0 0 0
 0 0 0 0 0
 0 0 0 0 0
 0 0 0 0 0
 0 0 0 0 0
 0 0 0 0 0
 0 0 0 0 0
 0.991045 0.00858322 0.000360255 1.14367e-05 0
 0.934742 0.0480273 0.0164251 0.00080598 0
 0.827803 0.169806 0.00239088 0 0
 0.941827 0.0461693 0.0120037 0 0
 0.791401 0.0380133 0.147996 0.0225897 0
 0.846168 0.0940531 0.0597789 0 0
 0.134021 0.677848 0.182769 0.00536245 0
 0.80878 0.0450904 0.141981 0.00414843 0
 0.846168 0.0940531 0.0597789 0 0
 0.905697 0.0802665 0.012482 0.00150086 5.37128e-05
 0.989698 0.0102097 9.19794e-05 0 0
 0.975433 0.0193895 0.00387452 0.00125025 5.28907e-05
 0.303575 0.632131 0.0575291 0.00676475 0
 0.966965 0.00978017 0.0227588 0.000495775 0
 0.843318 0.132988 0.00938335 0.0141283 0.000182051
 0.564624 0.303363 0.111486 0.0197234 0.00080311
 0.826376 0.0876187 0.0782897 0.00655872 0.00115652
 0.89761 0.0855135 0.0140674 0.00269457 0.000114338
 0.34875 0.467042 0.161289 0.0227151 0.000203297
 0.318654 0.224769 0.449479 0.00709798 0
 0.937255 0.0296025 0.0250945 0.00804832 0
 0.456809 0.399803 0.12412 0.0192676 0
 0.883104 0.0372192 0.0704036 0.00927362 0
ppred_RECLAS
 0.50944 0.0942759 0.375943 0.0203405 8.24132e-07
 0.450642 0.285609 0.0508462 0.201977 0.0109261
 0.674041 0.152426 0.090523 0.0160076 0.0670018
 0.802683 0.135988 0.0287836 0.01698 0.0155646
 0.713634 0.23379 0.0363413 0.00762163 0.00861297
 0.786768 0.153403 0.0488705 0.00757555 0.00338367
 0.544143 0.362694 0.0671222 0.021272 0.00476885
 0.502501 0.280217 0.173168 0.0317874 0.0123267
 0.591393 0.206849 0.113708 0.0701746 0.0178755
 0.663746 0.202414 0.0679003 0.0371662 0.0287729
 0.715926 0.191512 0.0558287 0.0186382 0.0180949
 0.672046 0.236519 0.0616874 0.017943 0.0118043
 0.590567 0.284783 0.0901713 0.023266 0.0112127
 0.619087 0.240542 0.0981086 0.0305796 0.0116824
 0.961357 0.0278148 0.00695738 0.00270756 0.00116325
 0.900397 0.096322 0.00237267 0.00058375 0.000324473
 0.481567 0.474203 0.0427988 0.00103557 0.000395999
 0.912533 0.0445744 0.039271 0.00350465 0.000117152
 0.808522 0.177068 0.00740136 0.0064174 0.000591324
 0.750119 0.208381 0.0384297 0.00157768 0.00149248
 0.784783 0.166127 0.0410209 0.0074722 0.000596538
 0.792472 0.165771 0.0322954 0.00790698 0.00155455
 0.390151 0.492354 0.094037 0.0181448 0.00531301
 0.751486 0.099855 0.120133 0.0228321 0.00569397
 0.707629 0.222526 0.0281506 0.0336953 0.00799877
 0.46482 0.38367 0.115446 0.0145374 0.0215259
 0.768219 0.109837 0.0875111 0.0262377 0.00819449
 0.738152 0.203438 0.0277516 0.0220029 0.00865492
 0.472308 0.393684 0.104216 0.0141566 0.0156354
 0.557594 0.212486 0.171673 0.0453004 0.0129476
 0.651461 0.198056 0.0724331 0.0582809 0.01977
 0.552051 0.298753 0.085041 0.0308864 0.0332689
 0.846949 0.0861403 0.0446893 0.0126675 0.00955414
pobs_PELACES
 0 0 0 0 0
 0 0 0 0 0
 0 0 0 0 0
 0 0 0 0 0
 0 0 0 0 0
 0 0 0 0 0
 0 0 0 0 0
 0 0 0 0 0
 0 0 0 0 0
 0 0 0 0 0
 0 0 0 0 0
 0 0 0 0 0
 0 0 0 0 0
 0 0 0 0 0
 0 0 0 0 0
 0 0 0 0 0
 0.505614 0.472636 0.0217494 0 0
 0 0 0 0 0
 0.443492 0.261883 0.143347 0.151278 0
 0.227955 0.32914 0.350689 0.0885471 0.00366901
 0.970185 0.0296113 0.000203453 0 0
 0.997202 0.00247181 0.000326279 0 0
 0.445219 0.490057 0.0546422 0.010081 0
 0.90214 0.0892962 0.00764917 0.000914606 0
 0 0 0 0 0
 0.581667 0.319106 0.0959925 0.00289975 0.000334073
 0.762889 0.0836404 0.116647 0.0363945 0.000428098
 0.88444 0.0763242 0.0277011 0.0115352 0
 0.521256 0.241999 0.230069 0.00667565 0
 0.616807 0.101726 0.260614 0.0208532 0
 0.833518 0.0704572 0.0857862 0.0102388 0
 0.697417 0.212968 0.0787535 0.0105354 0.000325836
 0 0 0 0 0
ppred_PELACES
 0.515243 0.0933355 0.371332 0.0200884 8.13913e-07
 0.460797 0.280922 0.0498015 0.197781 0.010699
 0.682749 0.148686 0.0879417 0.0155476 0.0650756
 0.811566 0.130115 0.0273763 0.0161444 0.0147984
 0.716811 0.231268 0.0358897 0.00752622 0.00850512
 0.791757 0.149947 0.0476191 0.00738029 0.00329642
 0.556589 0.353182 0.065014 0.0205978 0.00461762
 0.504283 0.279304 0.172477 0.0316592 0.0122769
 0.597615 0.203973 0.111829 0.0690052 0.0175775
 0.670393 0.198665 0.066436 0.0363584 0.0281473
 0.718047 0.190151 0.0553714 0.0184844 0.0179455
 0.68577 0.227047 0.058826 0.0171044 0.0112524
 0.610427 0.271696 0.0852832 0.0219941 0.0105995
 0.68511 0.201106 0.0795675 0.0247586 0.00945776
 0.964827 0.025391 0.00628617 0.00244495 0.00105039
 0.909482 0.0875695 0.00213258 0.000524348 0.000291445
 0.497586 0.45982 0.0412158 0.000996881 0.000381198
 0.919917 0.0410108 0.0357751 0.0031909 0.000106661
 0.824464 0.162469 0.00671383 0.00581757 0.000536036
 0.763693 0.197319 0.0361047 0.00148158 0.00140154
 0.793081 0.159916 0.0392796 0.00715291 0.000571038
 0.801883 0.158452 0.0306794 0.00750876 0.00147623
 0.397057 0.48707 0.0927424 0.017892 0.00523892
 0.757312 0.0977025 0.117168 0.0222646 0.00555239
 0.713312 0.218358 0.0275428 0.0329624 0.00782473
 0.470023 0.38018 0.114145 0.0143718 0.0212805
 0.773516 0.107504 0.0853889 0.0255971 0.00799433
 0.743002 0.199793 0.0271815 0.0215478 0.00847582
 0.476955 0.390415 0.103147 0.0140099 0.0154733
 0.563507 0.209918 0.169181 0.0446368 0.0127578
 0.661133 0.192939 0.0702494 0.0565099 0.019169
 0.558011 0.295031 0.08377 0.0304205 0.0327668
 0.852613 0.083122 0.0429259 0.0121646 0.00917468
pobs_pel_tallas
 0 0 0 0 0 0 0 0 0 0 0 0 0 0 0 0 0 0 0 0 0 0 0 0 0 0
 0 0 0 0 0 0 0 0 0 0 0 0 0 0 0 0 0 0 0 0 0 0 0 0 0 0
 0 0 0 0 0 0 0 0 0 0 0 0 0 0 0 0 0 0 0 0 0 0 0 0 0 0
 0 0 0 0 0 0 0 0 0 0 0 0 0 0 0 0 0 0 0 0 0 0 0 0 0 0
 0 0 0 0 0 0 0 0 0 0 0 0 0 0 0 0 0 0 0 0 0 0 0 0 0 0
 0 0 0 0 0 0 0 0 0 0 0 0 0 0 0 0 0 0 0 0 0 0 0 0 0 0
 0 0 0 0 0 0 0 0 0 0 0 0 0 0 0 0 0 0 0 0 0 0 0 0 0 0
 0 0 0 0 0 0 0 0 0 0 0 0 0 0 0 0 0 0 0 0 0 0 0 0 0 0
 0 0 0 0 0 0 0 0 0 0 0 0 0 0 0 0 0 0 0 0 0 0 0 0 0 0
 0 0 0 0 0 0 0 0 0 0 0 0 0 0 0 0 0 0 0 0 0 0 0 0 0 0
 0 0 0 0 0 0 0 0 0 0 0 0 0 0 0 0 0 0 0 0 0 0 0 0 0 0
 0 0 0 0 0 0 0 0 0 0 0 0 0 0 0 0 0 0 0 0 0 0 0 0 0 0
 0.00862536 0 0 0.000197151 0.00414017 0.0128641 0.00837892 0.0270097 0.101434 0.158115 0.152841 0.127902 0.109271 0.109419 0.0830992 0.0579132 0.0238553 0.00714673 0.00463305 0.00128148 0.00103504 0.000492878 0.000147863 0.000147863 4.92878e-05 0
 0 0 0 0 0 0 0 0 0 0 0 0 0 0 0 0 0 0 0 0 0 0 0 0 0 0
 0 0 0 0 0 0 0 0.0054083 0.00873648 0.0413646 0.0450493 0.0745869 0.0622846 0.0627006 0.0613931 0.0827291 0.12552 0.122667 0.0946155 0.0697135 0.0546179 0.0294188 0.0215738 0.0213955 0.0102223 0.00600262
 0 0 0 0 0.00359764 0.0251062 0.0480494 0.140153 0.205849 0.193036 0.1447 0.116669 0.0760912 0.0342217 0.00950174 0.001854 0.000860785 0 0 0 0.000165536 0 0.000143464 0 0 0
 0 0 0 0 0 0 0 0.000145254 0.000435761 0.0275982 0.070085 0.0708112 0.156366 0.174668 0.174014 0.160142 0.0824315 0.0480064 0.0283245 0.00493863 0.00203355 0 0 0 0 0
 0 0 0 0 0 0 0 0 0 0 0 0 0 0 0 0 0 0 0 0 0 0 0 0 0 0
 0 0 1.00437e-05 0.000401748 0.00122533 0.00171747 0.00176769 0.0269171 0.070346 0.194647 0.189555 0.159765 0.064822 0.0314167 0.0384472 0.0292271 0.0345202 0.0313363 0.0194345 0.0106764 0.0143323 0.0359363 0.0279516 0.0138201 0.00172751 0
 0 0.0021121 0.0136068 0.0755702 0.200478 0.177729 0.0527432 0.0373336 0.0318909 0.0142505 0.0149659 0.0166563 0.0217959 0.0798694 0.0677717 0.0528807 0.04013 0.0224614 0.0357745 0.0225083 0.00881397 0.00855152 0.00135912 0.000746735 0 0
 0 0 0 0 5.4009e-05 0.00500934 0.000945158 0.0243581 0.138947 0.33067 0.221406 0.137944 0.0707744 0.0437923 0.0131692 0.00525238 0.0047753 0.00276346 9.45158e-05 9.00151e-06 2.25038e-05 9.00151e-06 4.50075e-06 0 0 0
 0.000866109 0.00284123 0.00948549 0.0512746 0.133035 0.25785 0.225252 0.132002 0.0553304 0.0519788 0.0540692 0.017754 0.00435017 0.00159236 0.00146478 0.000404838 0.000125132 0.000115318 0.000107957 0.000100596 0 0 0 0 0 0
 0 0 0 0 0.00144013 0.00171154 0.00461396 0.0210425 0.0478622 0.0707936 0.0888783 0.103762 0.0637923 0.0337046 0.0602308 0.124433 0.169614 0.0934646 0.0462172 0.0250306 0.0313229 0.00938855 0.002487 0.000210481 0 0
 0 0.00764035 0.051015 0.0998891 0.058973 0.0496711 0.0374665 0.0718981 0.12319 0.153886 0.159021 0.0857701 0.0377988 0.023471 0.0147837 0.00900784 0.00315554 0.000888139 0.00291439 0.00214683 0.00393193 0.00274676 0.000635225 9.99891e-05 0 0
 0 0 0 0 0 0 0 0 0 0 0 0 0 0 0 0 0 0 0 0 0 0 0 0 0 0
 0 0 0 0 0 0 0 0 0 0 0 0 0 0 0 0 0 0 0 0 0 0 0 0 0 0
 0 0 0 0 0 0 0 0 0 0 0 0 0 0 0 0 0 0 0 0 0 0 0 0 0 0
 0 0 0 0 0 0 0 0 0 0 0 0 0 0 0 0 0 0 0 0 0 0 0 0 0 0
 0 0 0 0 0 0 0 0 0 0 0 0 0 0 0 0 0 0 0 0 0 0 0 0 0 0
 0 0 0 0 0 0 0 0 0 0 0 0 0 0 0 0 0 0 0 0 0 0 0 0 0 0
 0 0 0 0 0 0 0 0 0 0 0 0 0 0 0 0 0 0 0 0 0 0 0 0 0 0
 0 0 0 0 0 0 0 0 0 0 0 0 0 0 0 0 0 0 0 0 0 0 0 0 0 0
 0 0 0 0 0 0 0 0 0 0 0 0 0 0 0 0 0 0 0 0 0 0 0 0 0 0
ppred_pel_tallas
 1.12755e-16 4.24399e-05 0.000412531 0.00274142 0.0124621 0.0387742 0.0826129 0.120578 0.120588 0.0826599 0.0389335 0.0129292 0.0039406 0.00311881 0.00544072 0.00960008 0.0153871 0.0225924 0.0309072 0.0399921 0.04933 0.0579091 0.0641274 0.0662482 0.0632413 0.0554314
 1.23155e-16 3.79553e-05 0.000368939 0.00245173 0.0111452 0.0346771 0.0738842 0.107842 0.107869 0.0740169 0.0351231 0.0124348 0.00569401 0.00746498 0.0135715 0.0225368 0.0328699 0.042277 0.0485397 0.0508733 0.0504836 0.0497257 0.050475 0.0529556 0.0557741 0.056908
 1.15148e-16 5.62372e-05 0.000546645 0.00363265 0.0165135 0.0513797 0.109471 0.159778 0.159793 0.109541 0.0516174 0.0172015 0.0053656 0.00435007 0.00734044 0.0122086 0.0179707 0.0234403 0.027465 0.0295806 0.0302821 0.0306097 0.0313745 0.0326439 0.033806 0.0340319
 1.04947e-16 6.68476e-05 0.000649783 0.00431803 0.0196292 0.0610737 0.130124 0.189923 0.189936 0.130186 0.0612799 0.020225 0.00581482 0.00392111 0.00629134 0.0103268 0.0149479 0.0189712 0.0212486 0.0212797 0.0195135 0.0170321 0.0148682 0.013486 0.0127342 0.0121533
 1.03289e-16 5.90428e-05 0.000573917 0.00381388 0.0173374 0.0539431 0.114932 0.167752 0.167774 0.115041 0.054309 0.0183941 0.00646679 0.00636632 0.0110631 0.0182048 0.0262401 0.0330438 0.0364908 0.0356054 0.0311368 0.0250387 0.0192852 0.0149481 0.0120662 0.010114
 1.02711e-16 6.5216e-05 0.000633923 0.00421264 0.0191501 0.059583 0.126948 0.185288 0.185303 0.127019 0.059821 0.019838 0.00594149 0.00441474 0.00726534 0.0119592 0.0173409 0.022056 0.0247617 0.0248273 0.02268 0.0194599 0.0162802 0.0136864 0.0116351 0.00982974
 1.04814e-16 4.58456e-05 0.000445635 0.0029614 0.0134621 0.0418859 0.0892436 0.130261 0.130295 0.08941 0.0424449 0.0150772 0.00701683 0.00930311 0.016881 0.0278698 0.0402251 0.0507584 0.0562451 0.0551961 0.0487258 0.0397514 0.0311977 0.0246173 0.020028 0.0166522
 1.10302e-16 4.15372e-05 0.000403756 0.0026831 0.012197 0.0379496 0.0808566 0.118018 0.118045 0.0809893 0.0383957 0.0134885 0.00593526 0.00753788 0.0136923 0.0228367 0.0335159 0.0434522 0.050316 0.0529907 0.0521197 0.0494179 0.0463595 0.0433535 0.0399238 0.03548
 1.13175e-16 4.92248e-05 0.000478483 0.00317969 0.0144544 0.0449731 0.0958208 0.139857 0.139877 0.0959177 0.0452989 0.0153974 0.0055544 0.00568852 0.0100215 0.0166959 0.0245386 0.0319153 0.0372025 0.0397006 0.0400091 0.0394705 0.0391372 0.0391108 0.0386792 0.0369716
 1.10378e-16 5.52194e-05 0.000536752 0.00356691 0.0162147 0.0504499 0.10749 0.156888 0.156908 0.107584 0.0507657 0.0171276 0.00586243 0.00556097 0.00963633 0.0159487 0.0232234 0.0297571 0.0338669 0.0348278 0.0333007 0.030825 0.0287844 0.0276623 0.0270385 0.0261195
 1.06538e-16 5.91447e-05 0.000574907 0.00382046 0.0173673 0.0540361 0.11513 0.16804 0.168058 0.11522 0.0543379 0.0182396 0.00601267 0.00536925 0.00919048 0.0151694 0.0220118 0.0280364 0.0315746 0.0318769 0.029546 0.026079 0.0228965 0.0206271 0.0190711 0.0176546
 1.05376e-16 5.6486e-05 0.000549064 0.00364873 0.0165866 0.0516072 0.109955 0.160488 0.16051 0.110062 0.0519672 0.017627 0.00626269 0.00626309 0.0109314 0.018043 0.0261299 0.0331652 0.0371205 0.0370667 0.0337071 0.0288468 0.0242436 0.020749 0.0182473 0.0161666
 1.06531e-16 5.02802e-05 0.000488741 0.00324786 0.0147643 0.0459374 0.0978754 0.142857 0.142884 0.0980038 0.0463686 0.016011 0.00638114 0.00734158 0.013103 0.021682 0.0314637 0.0400623 0.0450714 0.0453772 0.0417815 0.0363644 0.0311272 0.0270025 0.0238194 0.0209342
 1.06432e-16 5.64317e-05 0.000548536 0.00364521 0.0165706 0.0515575 0.109849 0.160332 0.160352 0.109945 0.0518773 0.0174955 0.00597117 0.00564039 0.00976897 0.0161719 0.023553 0.0301735 0.0342938 0.0351121 0.0332012 0.0300217 0.0269245 0.0244522 0.0223606 0.0201256
 1.00611e-16 7.94716e-05 0.000772492 0.00513348 0.0233361 0.0726072 0.154697 0.225786 0.225788 0.154709 0.0726474 0.0234524 0.00542574 0.00141132 0.00129517 0.00202192 0.00292043 0.00370554 0.0041462 0.00413891 0.00376335 0.00322252 0.00271357 0.00233115 0.00206041 0.00183481
 1.00186e-16 7.49129e-05 0.00072818 0.00483901 0.0219974 0.0684422 0.145824 0.212836 0.212844 0.145865 0.0685804 0.0223962 0.00583908 0.00290862 0.00420797 0.00681707 0.00976371 0.0121743 0.013215 0.0125038 0.0103401 0.00751578 0.0048601 0.00286763 0.00161972 0.000940089
 1.01472e-16 4.09856e-05 0.000398395 0.00264748 0.0120351 0.0374458 0.0797839 0.116456 0.1165 0.0800002 0.038172 0.0141321 0.00790921 0.0118776 0.0218208 0.0359528 0.0516525 0.0646652 0.0706725 0.0676652 0.0571399 0.043101 0.0297091 0.0193992 0.01254 0.00828219
 1.01382e-16 7.57723e-05 0.000736534 0.00489453 0.0222498 0.0692274 0.147497 0.215276 0.21528 0.147516 0.0692933 0.0224405 0.00537554 0.00179402 0.00210583 0.0034179 0.00504737 0.00661925 0.00779706 0.00841046 0.00852274 0.0083299 0.00798325 0.007495 0.00678967 0.00582487
 1.0091e-16 6.791e-05 0.000660109 0.00438666 0.0199411 0.0620443 0.132193 0.192942 0.192958 0.132269 0.0623007 0.0206814 0.00624353 0.0047097 0.00774718 0.0126699 0.0181744 0.0227083 0.0247416 0.0235763 0.0197696 0.0147769 0.0101061 0.00663216 0.00446215 0.00323822
 1.01479e-16 6.29044e-05 0.000611453 0.00406332 0.0184713 0.0574711 0.122449 0.178722 0.178741 0.122542 0.0577834 0.0193733 0.00632798 0.00555677 0.00945937 0.0155498 0.0224184 0.0282391 0.0311872 0.0304067 0.0265014 0.0210992 0.0158615 0.0117156 0.00875559 0.00663072
 1.01989e-16 6.5325e-05 0.000634983 0.00421968 0.0191821 0.0596827 0.127161 0.185598 0.185614 0.127236 0.0599361 0.0199144 0.00605915 0.0046547 0.00771162 0.012677 0.0183285 0.0232 0.0258367 0.0255569 0.0228346 0.0189383 0.015133 0.0120806 0.00978979 0.00795512
 1.01929e-16 6.60501e-05 0.000642031 0.00426652 0.019395 0.0603451 0.128572 0.187658 0.187673 0.128647 0.0605959 0.0201197 0.0060863 0.00461682 0.00762132 0.0125118 0.0180566 0.0227885 0.0252561 0.0247864 0.0218713 0.0178109 0.0139119 0.0108733 0.00871606 0.00711201
 1.05482e-16 3.27051e-05 0.000317906 0.0021126 0.00960358 0.0298806 0.0636654 0.0929314 0.0929784 0.063895 0.0306516 0.011831 0.00770547 0.0125331 0.0232491 0.038429 0.0554604 0.0699608 0.0774682 0.0759044 0.0667791 0.054097 0.0418983 0.0323675 0.0256078 0.0206396
 1.06579e-16 6.23788e-05 0.000606345 0.00402937 0.018317 0.0569909 0.121425 0.177226 0.177236 0.121472 0.0571489 0.0187754 0.00518835 0.00316332 0.00499759 0.0083701 0.012535 0.016776 0.0203816 0.0229919 0.0247198 0.0258823 0.0265914 0.0265923 0.0254764 0.0230441
 1.05481e-16 5.87546e-05 0.000571116 0.00379527 0.0172528 0.0536798 0.114371 0.166933 0.166954 0.114474 0.0540252 0.0182505 0.00630022 0.006041 0.0104522 0.017202 0.0248158 0.0313069 0.0347074 0.0341498 0.0303982 0.0253304 0.0207863 0.0176729 0.0158501 0.0146213
 1.08434e-16 3.87152e-05 0.000376326 0.00250082 0.0113684 0.0353715 0.075364 0.110004 0.11004 0.0755436 0.0359747 0.013112 0.00688215 0.00995653 0.0182795 0.0302796 0.043899 0.0558006 0.0625918 0.0626933 0.057229 0.0491461 0.0413209 0.0351593 0.0305178 0.0265506
 1.06412e-16 6.37135e-05 0.000619318 0.00411559 0.0187089 0.0582103 0.124024 0.181018 0.181029 0.124075 0.0583827 0.0192085 0.00537553 0.00338899 0.00538049 0.00894315 0.0132273 0.0173735 0.0205407 0.022336 0.0229926 0.0230819 0.0230115 0.0227436 0.0219228 0.0202277
 1.04431e-16 6.12001e-05 0.000594887 0.00395324 0.0179708 0.0559141 0.119132 0.17388 0.173899 0.119226 0.0562301 0.0188838 0.00624519 0.00559952 0.00957004 0.0157364 0.0226947 0.0286149 0.0316849 0.0310959 0.0275316 0.022702 0.0182994 0.0151857 0.0132836 0.0120114
 1.071e-16 3.92862e-05 0.000381876 0.0025377 0.0115361 0.0358932 0.0764756 0.111626 0.111664 0.0766598 0.0365121 0.0133249 0.00703155 0.0102043 0.0187301 0.0309972 0.0448705 0.0568901 0.0635393 0.0631794 0.0569802 0.0480275 0.03937 0.0325575 0.0275264 0.0234453
 1.11572e-16 4.64154e-05 0.000451174 0.00299821 0.0136294 0.0424064 0.090352 0.131876 0.131896 0.0904521 0.0427431 0.0146051 0.00545866 0.00585989 0.0104291 0.017458 0.0258255 0.0339103 0.0400634 0.0435005 0.0446552 0.0446253 0.0442043 0.0433427 0.0413985 0.0378131
 1.10988e-16 5.44567e-05 0.000529338 0.00351764 0.0159907 0.0497531 0.106005 0.154721 0.15474 0.106096 0.05006 0.0168784 0.00575056 0.00541921 0.00938746 0.0155575 0.0227064 0.0292089 0.0334648 0.0347967 0.0338473 0.0320693 0.0307149 0.0301283 0.0297793 0.0288234
 1.11089e-16 4.59627e-05 0.000446774 0.00296897 0.0134965 0.0419929 0.0894713 0.130592 0.13062 0.0896107 0.0424611 0.0148499 0.00636998 0.00788463 0.0142119 0.0235296 0.0341482 0.0434993 0.0490049 0.0495171 0.0459912 0.0407699 0.036067 0.0328454 0.0307561 0.0288484
 1.04033e-16 7.02286e-05 0.000682647 0.00453643 0.020622 0.0641626 0.136706 0.199527 0.199535 0.136745 0.0642952 0.0210055 0.00550184 0.00279892 0.00411536 0.00676082 0.0098942 0.0127857 0.0147404 0.0154438 0.0151252 0.0143476 0.013598 0.0130152 0.012423 0.011562
pSPR Fmed_Fpbrs
1   0.983678 0.6 0.325 0.983678 0.983678 0.983678
Fs Fmed_Fpbrs
0   0.01 0.353798 0.911964 0.01 0.01 0.01
SSBpbr Bo_Bmed_Bpbrs
1.30403e+06  1.23883e+06  1.21755e+06 717217 358608 1.21755e+06 1.21755e+06 1.21755e+06
Ro
193308
SPR SPRFo_SPRFmed_SPRFpbrs
1.39266e+06 1.39266e+06 1.36993e+06
Fref
0
Nvult_r0
 194198 22262.2 11693.6 3316.9 2501.78
CTP_r0
 22963.5 4627.23 2531.49 719.634 542.847
YTP_r0
356497
Np
 286305 105326 38747.1 14254.3 7172.96
Nvult_p0
 180979 66578.5 24492.9 9010.42 4534.18
CTP_p0
 0 0 0 0 0
 0 0 0 0 0
 0 0 0 0 0
 0 0 0 0 0
 0 0 0 0 0
 0 0 0 0 0
YTP_p0
 0 0 0 0 0 0
CBA_c0
0
log_Ro
11.992
likeval ReclasPelacesDesembMPH_pf_preclas_ppelaces_ptallas_desvR_qrecl_qpela
 0.000402641 14.5836 0.111149 51.98 241.871 141.611 115.311 0 21.0595 5.51567e-07 6.45231e-07 0.457935 2066.35 0 0
q_reclas_q_pelaces
0.900297 1.1203
M
1
N
 200251 38276.6 153171 8289 0.335847
 102426 68850 12335.6 49018.3 2651.74
 139162 33318.8 19910.2 3522.02 14742.2
 246681 45434.6 9704.34 5727.65 5250.35
 227275 76201.3 11874.8 2490.78 2814.78
 390919 79657 25498.5 3953.65 1765.94
 182622 131145 24467.4 7757.54 1739.16
 102035 57488.3 35566.2 6529.09 2531.89
 101209 36736.5 20275.9 12516.1 3188.24
 108185 34455.7 11612.8 6358.1 4922.32
 133806 36345 10612.7 3543.33 3440.07
 123491 47676.1 12560 3655.36 2404.86
 68759.4 37436.9 12010.8 3101.28 1494.67
 33026.4 19624.9 8381.69 2619.2 1000.75
 149640 4998.1 1269.81 494.59 212.501
 324922 40772 1021.85 251.648 139.884
 78977.5 85627.2 7809.29 189.064 72.3001
 423491 23758.3 21248.2 1897.83 63.4425
 453848 116634 4960.57 4305.24 396.722
 385436 119502 22302.5 916.204 866.761
 494603 112704 28052.8 5112.25 408.142
 684010 155980 30673.7 7513.83 1477.3
 159482 210088 40313 7780.58 2278.27
 385979 53633.4 64838.9 12326.4 3074.05
 394802 129319 16431.9 19673.3 4670.22
 156694 133372 40265.4 5071.29 7509.26
 362204 54059.4 43272 12977.2 4053.07
 425759 121803 16682.9 13230.1 5204.15
 169094 144871 38464.6 5225.86 5771.82
 148914 58733.9 47630 12571.1 3593.06
 157608 50980 18770.2 15108.5 5125.19
 90855 50932.8 14553.7 5286.94 5694.84
 286305 31048.1 16220.1 4599.47 3469.1
pred_Ctot
 8325.09 3031.95 12739.7 691.24 0.028011
 7570.13 9494.32 1782.16 7099.62 384.118
 9994.73 4470.92 2799.45 496.458 2078.31
 25356 8549.76 1909.38 1129.66 1035.65
 6819 4388.68 718.685 151.151 170.836
 21928.5 8434.23 2832.01 440.249 196.669
 16871.2 22333.1 4359.7 1385.65 310.689
 1376.98 1505.01 979.557 180.317 69.9343
 4802.11 3308.56 1916.63 1186.21 302.207
 5979.02 3596.32 1271.5 697.959 540.42
 2667.77 1399.95 429.868 143.914 139.74
 13952.7 9795.17 2696.21 786.542 517.529
 9946.4 9641.13 3224.8 834.541 402.257
 13184.7 11651.1 5100.21 1595.85 609.791
 25138.7 1471.43 389.116 151.888 65.2659
 59857 13017.7 339.22 83.7137 46.5392
 9250.46 18187.2 1732.58 42.0448 16.0803
 68889 6797.2 6329.98 566.605 18.9432
 83793 37311.3 1649.88 1434.92 132.24
 50927.3 28347.8 5520.5 227.306 215.065
 45195.3 18996.3 4947.74 903.867 72.1705
 72444.5 30181.4 6204.41 1523.47 299.568
 8718.38 21698.4 4367.89 845.204 247.522
 21946.3 5753.3 7295.47 1390.5 346.822
 20535.1 12730 1697.21 2037.28 483.693
 6192.65 10056.3 3188.31 402.619 596.257
 19808.9 5585.63 4690.39 1410.29 440.523
 20330.9 11038.1 1586.78 1261.66 496.351
 5994.56 9824.18 2740.01 373.253 412.306
 6572.04 4930.74 4197.79 1110.84 317.545
 12239.5 7368.62 2841.64 2293 777.949
 4106.72 4376.25 1312.7 478.116 515.074
 22963.5 4627.23 2531.49 719.634 542.847
F
 0.0676419 0.132347 0.139364 0.139754 0.139774
 0.123018 0.240695 0.253456 0.254165 0.254203
 0.119365 0.233548 0.245929 0.246618 0.246654
 0.174719 0.341854 0.359977 0.360984 0.361038
 0.0484308 0.0947591 0.0997828 0.100062 0.100077
 0.0921964 0.18039 0.189954 0.190486 0.190514
 0.155836 0.304907 0.321072 0.321971 0.322018
 0.0215418 0.0421484 0.0443829 0.0445071 0.0445136
 0.0775141 0.151663 0.159704 0.160151 0.160174
 0.0907829 0.177625 0.187042 0.187565 0.187593
 0.0319637 0.0625398 0.0658554 0.0660396 0.0660494
 0.193514 0.378628 0.398701 0.399817 0.399876
 0.253812 0.496606 0.522934 0.524397 0.524475
 0.888248 1.73794 1.83008 1.8352 1.83547
 0.300238 0.587442 0.618586 0.620317 0.620408
 0.333581 0.652681 0.687284 0.689207 0.689308
 0.201233 0.393731 0.414605 0.415765 0.415826
 0.289488 0.56641 0.596439 0.598107 0.598196
 0.334432 0.654346 0.689036 0.690964 0.691066
 0.229605 0.449243 0.47306 0.474384 0.474454
 0.154025 0.301365 0.317342 0.31823 0.318277
 0.180445 0.353056 0.371774 0.372814 0.372869
 0.0897596 0.175623 0.184933 0.185451 0.185478
 0.0935022 0.182945 0.192644 0.193183 0.193212
 0.0852449 0.166789 0.175632 0.176123 0.176149
 0.0642112 0.125635 0.132296 0.132666 0.132685
 0.0897988 0.175699 0.185014 0.185532 0.185559
 0.0780286 0.15267 0.160764 0.161214 0.161237
 0.0574381 0.112383 0.118341 0.118672 0.11869
 0.0719343 0.140746 0.148208 0.148622 0.148644
 0.129606 0.253586 0.26703 0.267778 0.267817
 0.0737289 0.144257 0.151905 0.15233 0.152353
 0.134106 0.26239 0.276301 0.277074 0.277115
YTP_r0W_actual
 173145 80745.1 60932.9 22539 19135.4
YTP_p0W_proyectada
 0 0 0 0 0
 0 0 0 0 0
 0 0 0 0 0
 0 0 0 0 0
 0 0 0 0 0
 0 0 0 0 0
CTP_r0_actual
 22963.5 4627.23 2531.49 719.634 542.847
CTP_p0_proyectada
 0 0 0 0 0
 0 0 0 0 0
 0 0 0 0 0
 0 0 0 0 0
 0 0 0 0 0
 0 0 0 0 0
Wmedp
 7.54 17.45 24.07 31.32 35.25
Frms_r0
 0.134106 0.26239 0.276301 0.277074 0.277115
Zrms_r0
 1.13411 1.26239 1.2763 1.27707 1.27711
nmprior
 7.29 8.9 8.7 0
nm_flota  nm_reclas  nm_pelaces    nm_pelaL
inf 10.4257 18.7015 60.3431
cv_recla  cv_pelaces  cv_mph
0.579253 0.418334 0.578063
 ------------------------------------------------
Talla a la edad & desviaci?n 
 8 13.2811 15.8009 17.003 17.5766
 0.8 1.32811 1.58009 1.7003 1.75766
