years
 1991 1992 1993 1994 1995 1996 1997 1998 1999 2000 2001 2002 2003 2004 2005 2006 2007 2008 2009 2010 2011 2012 2013 2014 2015 2016 2017 2018 2019 2020 2021 2022 2023
reclasobs
 0 0 0 0 0 0 0 0 0 252601 567819 844713 477998 351125 339783 2.1784e+06 2.13404e+06 4.81314e+06 1.55562e+06 2.62356e+06 3.21686e+06 3.843e+06 1.13348e+06 3.07943e+06 1.97215e+06 2.03268e+06 2.025e+06 2.42433e+06 2.27542e+06 1.05018e+06 2.36338e+06 3.18982e+06 1.53035e+06
reclaspred
 3.36503e+06 1.88964e+06 1.00478e+06 1.18382e+06 1.34902e+06 2.29943e+06 1.76133e+06 1.8145e+06 1.48002e+06 1.16803e+06 907913 830800 581037 265794 670442 998997 927368 1.6301e+06 1.63065e+06 1.54051e+06 3.03434e+06 2.66161e+06 2.30491e+06 3.29558e+06 2.59962e+06 2.347e+06 2.722e+06 2.92733e+06 2.58572e+06 1.93857e+06 1.61205e+06 1.50228e+06 1.69331e+06
pelacesobs
 0 0 0 0 0 0 0 0 0 0 0 0 0 0 0 552880 188675 0 991730 2.46772e+06 1.41603e+06 1.21717e+06 2.29649e+06 1.80582e+06 0 1.4828e+06 1.56532e+06 1.57751e+06 1.42118e+06 867257 1.10002e+06 1.06204e+06 0
pelacespred
 1.94303e+06 1.22348e+06 647510 625530 727246 1.31269e+06 989885 1.16508e+06 969574 744245 602778 458095 333805 144044 415737 508616 463459 904033 944563 801785 1.62876e+06 1.54881e+06 1.34163e+06 2.08627e+06 1.59412e+06 1.42419e+06 1.89752e+06 1.84377e+06 1.45922e+06 1.25807e+06 953526 875039 985953
mphobs
 0 0 0 0 0 0 0 0 0 0 0 0 498337 0 5186 125008 0 168611 109162 213762 579715 649985 157893 87575 83554 210694 70296 0 107559 103333 445601 22526 28222
mphpred
 681356 455556 228402 134794 180306 225463 335148 267699 251763 210778 147271 138225 114396 61405.5 22866.4 88564 145882 133428 192371 317482 438228 578935 107572 98270.4 132285 110633 96468.2 104210 142834 113801 73555.4 67590.8 44669.8
desembarqueobs
 494567 514787 250237 358949 120608 361735 552515 73892 212993 205616 52469 317467 293654 387597 252695 516296 358380 742168 942051 627588 828172 859565 418607 520667 417249 300574 415391 372974 316634 284311 391294 218835 356480
desembarquepred
 494569 513130 251122 358972 120611 361745 552535 73893.7 213008 205636 52471.4 317543 293877 388213 252693 516300 358406 742052 941716 627426 828252 859595 418629 520720 417249 300590 415412 372974 316625 284299 391345 218854 356493
Reclutas
 227886 119104 165415 305005 281580 484083 229490 129631 128472 135183 164325 143556 80490 42706.3 178010 376213 99648.3 495518 504417 438566 594966 823279 196672 481072 484114 195113 448324 526118 206640 180545 196617 114575 359568
log_desv_Rt
 -0.0311861 -0.680037 -0.351574 0.260295 0.180385 0.722225 -0.0241703 -0.595343 -0.604323 -0.553401 -0.358183 -0.493303 -1.0719 -1.70569 -0.278193 0.470124 -0.858384 0.745572 0.763373 0.623479 0.928473 1.25326 -0.178495 0.715985 0.722289 -0.186452 0.645484 0.805495 -0.129054 -0.264052 -0.178774 -0.718806 0.424871
SSB
 4.28188e+06 2.86288e+06 1.43536e+06 847091 1.13311e+06 1.41689e+06 2.10619e+06 1.68232e+06 1.58217e+06 1.3246e+06 925505 868654 689717 377946 139628 540111 916773 838510 1.24616e+06 1.22938e+06 1.73546e+06 2.38603e+06 2.47438e+06 2.18578e+06 2.77747e+06 2.45181e+06 2.02603e+06 2.11506e+06 2.99524e+06 2.25888e+06 1.64335e+06 1.55026e+06 951340
BT
 5.65743e+06 3.80867e+06 1.99933e+06 1.98315e+06 2.0494e+06 3.83112e+06 3.16298e+06 3.19007e+06 2.81681e+06 2.19692e+06 1.66973e+06 1.51421e+06 1.17424e+06 796350 1.3684e+06 1.81533e+06 1.53674e+06 3.08729e+06 3.45476e+06 2.71264e+06 5.03218e+06 4.98634e+06 3.9714e+06 6.08878e+06 4.68339e+06 4.09388e+06 5.52469e+06 5.31875e+06 4.18515e+06 3.65612e+06 2.93502e+06 2.53945e+06 2.96917e+06
Ftot
 0.106353 0.191889 0.185445 0.272847 0.075892 0.146404 0.242466 0.0330956 0.119146 0.139039 0.0496567 0.306 0.390013 1.10164 0.448632 0.524721 0.309219 0.448982 0.537388 0.373805 0.24927 0.289019 0.142052 0.146853 0.134141 0.101692 0.142049 0.124265 0.0919238 0.114725 0.20363 0.114558 0.207599
BD_Bspro_t
 0.983237 0.881875 0.756229 0.701984 0.732984 0.804353 0.815232 0.74207 0.796015 0.797721 0.785141 0.827795 0.694728 0.500501 0.288807 0.583356 0.603032 0.564141 0.596071 0.555686 0.585868 0.655619 0.692319 0.702155 0.775286 0.794684 0.799601 0.821885 0.858508 0.824806 0.791106 0.76906 0.763617
BD_Bspro
 2.52801 1.69024 0.847434 0.50012 0.668985 0.836528 1.24349 0.993236 0.934107 0.782042 0.546416 0.512851 0.407207 0.223138 0.082436 0.31888 0.54126 0.495054 0.735731 0.725822 1.02461 1.4087 1.46086 1.29048 1.63981 1.44754 1.19617 1.24873 1.76838 1.33363 0.970227 0.915269 0.561668
BD_Bo
 2.48606 1.66218 0.83337 0.49182 0.657883 0.822645 1.22285 0.976753 0.918604 0.769064 0.537347 0.50434 0.400449 0.219435 0.0810679 0.313588 0.532277 0.486838 0.72352 0.713776 1.0076 1.38532 1.43662 1.26906 1.6126 1.42352 1.17631 1.228 1.73904 1.3115 0.954125 0.900079 0.552347
BD_Brms
 2.66304 1.78052 0.892697 0.526833 0.704717 0.88121 1.30991 1.04629 0.984 0.823813 0.575601 0.540244 0.428957 0.235057 0.0868391 0.335913 0.57017 0.521496 0.775028 0.76459 1.07934 1.48395 1.53889 1.3594 1.7274 1.52486 1.26006 1.31542 1.86284 1.40487 1.02205 0.964156 0.591669
Sel_flota
 0.496297 0.949292 0.997196 0.999852 0.999992
 0.496297 0.949292 0.997196 0.999852 0.999992
 0.496297 0.949292 0.997196 0.999852 0.999992
 0.496297 0.949292 0.997196 0.999852 0.999992
 0.496297 0.949292 0.997196 0.999852 0.999992
 0.496297 0.949292 0.997196 0.999852 0.999992
 0.496297 0.949292 0.997196 0.999852 0.999992
 0.496297 0.949292 0.997196 0.999852 0.999992
 0.496297 0.949292 0.997196 0.999852 0.999992
 0.496297 0.949292 0.997196 0.999852 0.999992
 0.496297 0.949292 0.997196 0.999852 0.999992
 0.496297 0.949292 0.997196 0.999852 0.999992
 0.496297 0.949292 0.997196 0.999852 0.999992
 0.496297 0.949292 0.997196 0.999852 0.999992
 0.496297 0.949292 0.997196 0.999852 0.999992
 0.496297 0.949292 0.997196 0.999852 0.999992
 0.496297 0.949292 0.997196 0.999852 0.999992
 0.496297 0.949292 0.997196 0.999852 0.999992
 0.496297 0.949292 0.997196 0.999852 0.999992
 0.496297 0.949292 0.997196 0.999852 0.999992
 0.496297 0.949292 0.997196 0.999852 0.999992
 0.496297 0.949292 0.997196 0.999852 0.999992
 0.496297 0.949292 0.997196 0.999852 0.999992
 0.496297 0.949292 0.997196 0.999852 0.999992
 0.496297 0.949292 0.997196 0.999852 0.999992
 0.496297 0.949292 0.997196 0.999852 0.999992
 0.496297 0.949292 0.997196 0.999852 0.999992
 0.496297 0.949292 0.997196 0.999852 0.999992
 0.496297 0.949292 0.997196 0.999852 0.999992
 0.496297 0.949292 0.997196 0.999852 0.999992
 0.496297 0.949292 0.997196 0.999852 0.999992
 0.496297 0.949292 0.997196 0.999852 0.999992
 0.496297 0.949292 0.997196 0.999852 0.999992
Sel_reclas
 1 1 1 1 1
 1 1 1 1 1
 1 1 1 1 1
 1 1 1 1 1
 1 1 1 1 1
 1 1 1 1 1
 1 1 1 1 1
 1 1 1 1 1
 1 1 1 1 1
 1 1 1 1 1
 1 1 1 1 1
 1 1 1 1 1
 1 1 1 1 1
 1 1 1 1 1
 1 1 1 1 1
 1 1 1 1 1
 1 1 1 1 1
 1 1 1 1 1
 1 1 1 1 1
 1 1 1 1 1
 1 1 1 1 1
 1 1 1 1 1
 1 1 1 1 1
 1 1 1 1 1
 1 1 1 1 1
 1 1 1 1 1
 1 1 1 1 1
 1 1 1 1 1
 1 1 1 1 1
 1 1 1 1 1
 1 1 1 1 1
 1 1 1 1 1
 1 1 1 1 1
Sel_pelaces
 1 1 1 1 1
 1 1 1 1 1
 1 1 1 1 1
 1 1 1 1 1
 1 1 1 1 1
 1 1 1 1 1
 1 1 1 1 1
 1 1 1 1 1
 1 1 1 1 1
 1 1 1 1 1
 1 1 1 1 1
 1 1 1 1 1
 1 1 1 1 1
 1 1 1 1 1
 1 1 1 1 1
 1 1 1 1 1
 1 1 1 1 1
 1 1 1 1 1
 1 1 1 1 1
 1 1 1 1 1
 1 1 1 1 1
 1 1 1 1 1
 1 1 1 1 1
 1 1 1 1 1
 1 1 1 1 1
 1 1 1 1 1
 1 1 1 1 1
 1 1 1 1 1
 1 1 1 1 1
 1 1 1 1 1
 1 1 1 1 1
 1 1 1 1 1
 1 1 1 1 1
pf_obs 
 0.8446 0.082 0.0669 0.0065 0
 0.8095 0.147 0.0364 0.0071 0
 0.9664 0.0169 0.016 0.0007 0
 0.9276 0.0648 0.0075 0.0001 0
 0.7033 0.2144 0.0806 0.0017 0
 0.9318 0.0425 0.0243 0.0014 0
 0.5671 0.3108 0.0964 0.0239 0.0018
 0.0768 0.2599 0.5324 0.112 0.0189
 0.490249 0.384438 0.106611 0.0170017 0.00170017
 0.7925 0.1577 0.0466 0.003 0.0002
 0.840416 0.127587 0.0312969 0.00059994 9.999e-05
 0.8084 0.0986 0.0794 0.0134 0.0002
 0.7335 0.1905 0.0724 0.0035 0.0001
 0.4001 0.4547 0.1325 0.0127 0
 0.49795 0.308269 0.164784 0.0264974 0.00249975
 0.9179 0.0499 0.0305 0.0017 0
 0.2467 0.6533 0.0926 0.0074 0
 0.9418 0.0223 0.034 0.0019 0
 0.707729 0.231977 0.0356964 0.0245975 0
 0.517169 0.277429 0.184464 0.0207286 0.00020938
 0.811772 0.124168 0.05621 0.00726502 0.000585176
 0.764997 0.148141 0.077277 0.00933861 0.000247198
 0.163321 0.427699 0.378323 0.0303852 0.000271297
 0.753843 0.0900009 0.118128 0.0371064 0.000921714
 0.721811 0.176058 0.0630433 0.0369309 0.00215725
 0.143369 0.312575 0.442814 0.0836902 0.0175525
 0.692698 0.0596174 0.167031 0.0765114 0.00414204
 0.394062 0.376323 0.152708 0.0712218 0.00568511
 0.125707 0.32114 0.495352 0.0537591 0.00404204
 0.23352 0.215282 0.420074 0.123614 0.00750983
 0.796117 0.104755 0.0508955 0.0450114 0.00322123
 0.162477 0.292055 0.404252 0.121198 0.0200186
 0 0 0 0 0
pf_pred 
 0.310756 0.114068 0.54749 0.0276844 1.02362e-06
 0.275646 0.339794 0.0663393 0.302943 0.0152779
 0.491175 0.218638 0.140079 0.0259557 0.124153
 0.664809 0.220166 0.0509436 0.0309803 0.0331005
 0.548956 0.360264 0.0607681 0.0133147 0.0166973
 0.644697 0.247311 0.0871077 0.0139923 0.00689166
 0.370785 0.489556 0.0987177 0.0330418 0.00789947
 0.328529 0.360599 0.24475 0.0467784 0.0193435
 0.412385 0.281705 0.16794 0.108684 0.0292854
 0.483898 0.297238 0.107731 0.0610859 0.0500472
 0.546284 0.292399 0.0949478 0.0327157 0.0336542
 0.482994 0.359056 0.103566 0.0320446 0.0223396
 0.3943 0.396398 0.147858 0.0403315 0.0211132
 0.387416 0.354127 0.172617 0.0606988 0.0251422
 0.873581 0.0788141 0.0284815 0.012791 0.00633194
 0.793964 0.192914 0.00836872 0.00284719 0.00190527
 0.315252 0.610272 0.070009 0.00285298 0.00161453
 0.810883 0.0908644 0.0880895 0.0095551 0.000607855
 0.641836 0.323055 0.0174009 0.0158815 0.00182623
 0.577836 0.334894 0.0792021 0.00400573 0.00406232
 0.641705 0.26416 0.0755564 0.0168661 0.00171256
 0.646755 0.27573 0.0579593 0.0157055 0.00385048
 0.240108 0.596794 0.128844 0.0256319 0.00862233
 0.591193 0.154231 0.202106 0.0414739 0.0109954
 0.538275 0.341309 0.0468943 0.0584018 0.0151196
 0.301194 0.482738 0.161864 0.0211444 0.0330588
 0.613881 0.174088 0.148728 0.047456 0.0158475
 0.580665 0.317055 0.0474236 0.0385109 0.0163458
 0.304691 0.504479 0.146079 0.0207802 0.0239709
 0.37595 0.283154 0.250688 0.0690988 0.0211102
 0.478081 0.281073 0.112317 0.0945859 0.0339431
 0.376114 0.401839 0.122557 0.0464681 0.0530217
 0.724572 0.147731 0.0837385 0.0242931 0.0196657
pobs_RECLAS
 0 0 0 0 0
 0 0 0 0 0
 0 0 0 0 0
 0 0 0 0 0
 0 0 0 0 0
 0 0 0 0 0
 0 0 0 0 0
 0 0 0 0 0
 0 0 0 0 0
 0 0 0 0 0
 0.991045 0.00858322 0.000360255 1.14367e-05 0
 0.934742 0.0480273 0.0164251 0.00080598 0
 0.827803 0.169806 0.00239088 0 0
 0.941827 0.0461693 0.0120037 0 0
 0.791401 0.0380133 0.147996 0.0225897 0
 0.846168 0.0940531 0.0597789 0 0
 0.134021 0.677848 0.182769 0.00536245 0
 0.80878 0.0450904 0.141981 0.00414843 0
 0.846168 0.0940531 0.0597789 0 0
 0.905697 0.0802665 0.012482 0.00150086 5.37128e-05
 0.989698 0.0102097 9.19794e-05 0 0
 0.975433 0.0193895 0.00387452 0.00125025 5.28907e-05
 0.303575 0.632131 0.0575291 0.00676475 0
 0.966965 0.00978017 0.0227588 0.000495775 0
 0.843318 0.132988 0.00938335 0.0141283 0.000182051
 0.564624 0.303363 0.111486 0.0197234 0.00080311
 0.826376 0.0876187 0.0782897 0.00655872 0.00115652
 0.89761 0.0855135 0.0140674 0.00269457 0.000114338
 0.34875 0.467042 0.161289 0.0227151 0.000203297
 0.318654 0.224769 0.449479 0.00709798 0
 0.937255 0.0296025 0.0250945 0.00804832 0
 0.456809 0.399803 0.12412 0.0192676 0
 0.883104 0.0372192 0.0704036 0.00927362 0
ppred_RECLAS
 0.474422 0.0906589 0.414038 0.0208801 7.71926e-07
 0.429942 0.274859 0.0510384 0.23244 0.0117206
 0.657029 0.151719 0.0924558 0.0170852 0.081711
 0.796243 0.13621 0.029963 0.0181716 0.0194124
 0.702225 0.240222 0.038561 0.00842638 0.0105656
 0.779954 0.155488 0.0521009 0.00834655 0.00411036
 0.535279 0.365624 0.0701035 0.0234005 0.00559367
 0.489443 0.28051 0.181221 0.0345439 0.0142824
 0.580648 0.206379 0.117062 0.075555 0.0203557
 0.648212 0.20699 0.0713733 0.0403615 0.0330632
 0.701364 0.195891 0.0605416 0.0208049 0.0213987
 0.647891 0.248363 0.0680909 0.0210105 0.0146451
 0.563494 0.290774 0.103035 0.0280271 0.0146698
 0.570932 0.254163 0.116938 0.0409912 0.0169762
 0.932322 0.0430272 0.0147652 0.0066125 0.00327291
 0.883637 0.109314 0.00450055 0.00152684 0.00102157
 0.473081 0.472161 0.0514827 0.00209225 0.00118385
 0.89593 0.0513543 0.0472764 0.00511376 0.000325268
 0.77977 0.199667 0.010206 0.00928843 0.00106793
 0.729151 0.21711 0.0487833 0.00246044 0.00249484
 0.778218 0.165676 0.0450568 0.0100304 0.00101833
 0.781985 0.172065 0.0343815 0.00929104 0.00227753
 0.380568 0.491672 0.100986 0.0200357 0.00673888
 0.741651 0.100548 0.125348 0.0256531 0.00680009
 0.694356 0.22893 0.0299251 0.0371683 0.00962109
 0.456677 0.381118 0.121598 0.0158419 0.0247649
 0.758688 0.111834 0.0908955 0.0289248 0.00965777
 0.729348 0.207161 0.0294816 0.0238766 0.0101329
 0.460249 0.396956 0.109379 0.0155179 0.017898
 0.543294 0.212947 0.179384 0.0493122 0.0150631
 0.64404 0.196257 0.074586 0.0626411 0.0224762
 0.541132 0.300873 0.0873118 0.0330158 0.0376669
 0.838622 0.0886067 0.0477659 0.0138196 0.0111857
pobs_PELACES
 0 0 0 0 0
 0 0 0 0 0
 0 0 0 0 0
 0 0 0 0 0
 0 0 0 0 0
 0 0 0 0 0
 0 0 0 0 0
 0 0 0 0 0
 0 0 0 0 0
 0 0 0 0 0
 0 0 0 0 0
 0 0 0 0 0
 0 0 0 0 0
 0 0 0 0 0
 0 0 0 0 0
 0 0 0 0 0
 0.505614 0.472636 0.0217494 0 0
 0 0 0 0 0
 0.443492 0.261883 0.143347 0.151278 0
 0.227955 0.32914 0.350689 0.0885471 0.00366901
 0.970185 0.0296113 0.000203453 0 0
 0.997202 0.00247181 0.000326279 0 0
 0.445219 0.490057 0.0546422 0.010081 0
 0.90214 0.0892962 0.00764917 0.000914606 0
 0 0 0 0 0
 0.581667 0.319106 0.0959925 0.00289975 0.000334073
 0.762889 0.0836404 0.116647 0.0363945 0.000428098
 0.88444 0.0763242 0.0277011 0.0115352 0
 0.521256 0.241999 0.230069 0.00667565 0
 0.616807 0.101726 0.260614 0.0208532 0
 0.833518 0.0704572 0.0857862 0.0102388 0
 0.697417 0.212968 0.0787535 0.0105354 0.000325836
 0 0 0 0 0
ppred_PELACES
 0.478736 0.0900403 0.410522 0.0207009 7.65296e-07
 0.43739 0.271713 0.0503015 0.229045 0.0115494
 0.663624 0.149052 0.0905648 0.016733 0.080026
 0.803013 0.131878 0.0288852 0.0175138 0.0187094
 0.704641 0.238329 0.0382113 0.00834941 0.0104691
 0.783803 0.152873 0.0511062 0.00818615 0.00403134
 0.544488 0.358675 0.0685081 0.0228631 0.00546515
 0.490739 0.279865 0.180709 0.0344454 0.0142416
 0.585217 0.204331 0.115682 0.0746567 0.0201136
 0.653147 0.204276 0.0702828 0.03974 0.0325538
 0.702974 0.194888 0.0601845 0.0206813 0.0212715
 0.658581 0.241172 0.0658005 0.0202983 0.0141485
 0.578287 0.281507 0.0991378 0.0269579 0.0141099
 0.612428 0.23124 0.104554 0.0366149 0.015163
 0.93659 0.0404204 0.0137727 0.00616555 0.00305163
 0.891512 0.101968 0.00416342 0.00141182 0.000944589
 0.484743 0.461946 0.0501232 0.00203645 0.00115227
 0.902343 0.0483644 0.044209 0.00478008 0.000304038
 0.793389 0.187473 0.0095016 0.00864329 0.000993732
 0.740271 0.208442 0.0465596 0.00234752 0.0023803
 0.784753 0.160957 0.0436011 0.00970423 0.0009852
 0.789423 0.166356 0.0330893 0.0089396 0.00219135
 0.385697 0.487828 0.0999718 0.0198321 0.00667034
 0.746107 0.0989558 0.123077 0.025185 0.00667598
 0.69871 0.225792 0.0294525 0.036577 0.00946796
 0.460572 0.37857 0.120591 0.0157093 0.0245575
 0.762776 0.110074 0.0892645 0.0284022 0.00948323
 0.733092 0.204392 0.0290305 0.0235086 0.0099767
 0.463762 0.394526 0.108552 0.0153993 0.0177612
 0.547789 0.211058 0.177471 0.0487814 0.0149009
 0.651325 0.192526 0.072933 0.0612419 0.0219739
 0.54554 0.298174 0.0863718 0.0326571 0.0372574
 0.842978 0.0863453 0.0463943 0.0134204 0.0108624
pobs_pel_tallas
 0 0 0 0 0 0 0 0 0 0 0 0 0 0 0 0 0 0 0 0 0 0 0 0 0 0
 0 0 0 0 0 0 0 0 0 0 0 0 0 0 0 0 0 0 0 0 0 0 0 0 0 0
 0 0 0 0 0 0 0 0 0 0 0 0 0 0 0 0 0 0 0 0 0 0 0 0 0 0
 0 0 0 0 0 0 0 0 0 0 0 0 0 0 0 0 0 0 0 0 0 0 0 0 0 0
 0 0 0 0 0 0 0 0 0 0 0 0 0 0 0 0 0 0 0 0 0 0 0 0 0 0
 0 0 0 0 0 0 0 0 0 0 0 0 0 0 0 0 0 0 0 0 0 0 0 0 0 0
 0 0 0 0 0 0 0 0 0 0 0 0 0 0 0 0 0 0 0 0 0 0 0 0 0 0
 0 0 0 0 0 0 0 0 0 0 0 0 0 0 0 0 0 0 0 0 0 0 0 0 0 0
 0 0 0 0 0 0 0 0 0 0 0 0 0 0 0 0 0 0 0 0 0 0 0 0 0 0
 0 0 0 0 0 0 0 0 0 0 0 0 0 0 0 0 0 0 0 0 0 0 0 0 0 0
 0 0 0 0 0 0 0 0 0 0 0 0 0 0 0 0 0 0 0 0 0 0 0 0 0 0
 0 0 0 0 0 0 0 0 0 0 0 0 0 0 0 0 0 0 0 0 0 0 0 0 0 0
 0.00862536 0 0 0.000197151 0.00414017 0.0128641 0.00837892 0.0270097 0.101434 0.158115 0.152841 0.127902 0.109271 0.109419 0.0830992 0.0579132 0.0238553 0.00714673 0.00463305 0.00128148 0.00103504 0.000492878 0.000147863 0.000147863 4.92878e-05 0
 0 0 0 0 0 0 0 0 0 0 0 0 0 0 0 0 0 0 0 0 0 0 0 0 0 0
 0 0 0 0 0 0 0 0.0054083 0.00873648 0.0413646 0.0450493 0.0745869 0.0622846 0.0627006 0.0613931 0.0827291 0.12552 0.122667 0.0946155 0.0697135 0.0546179 0.0294188 0.0215738 0.0213955 0.0102223 0.00600262
 0 0 0 0 0.00359764 0.0251062 0.0480494 0.140153 0.205849 0.193036 0.1447 0.116669 0.0760912 0.0342217 0.00950174 0.001854 0.000860785 0 0 0 0.000165536 0 0.000143464 0 0 0
 0 0 0 0 0 0 0 0.000145254 0.000435761 0.0275982 0.070085 0.0708112 0.156366 0.174668 0.174014 0.160142 0.0824315 0.0480064 0.0283245 0.00493863 0.00203355 0 0 0 0 0
 0 0 0 0 0 0 0 0 0 0 0 0 0 0 0 0 0 0 0 0 0 0 0 0 0 0
 0 0 1.00437e-05 0.000401748 0.00122533 0.00171747 0.00176769 0.0269171 0.070346 0.194647 0.189555 0.159765 0.064822 0.0314167 0.0384472 0.0292271 0.0345202 0.0313363 0.0194345 0.0106764 0.0143323 0.0359363 0.0279516 0.0138201 0.00172751 0
 0 0.0021121 0.0136068 0.0755702 0.200478 0.177729 0.0527432 0.0373336 0.0318909 0.0142505 0.0149659 0.0166563 0.0217959 0.0798694 0.0677717 0.0528807 0.04013 0.0224614 0.0357745 0.0225083 0.00881397 0.00855152 0.00135912 0.000746735 0 0
 0 0 0 0 5.4009e-05 0.00500934 0.000945158 0.0243581 0.138947 0.33067 0.221406 0.137944 0.0707744 0.0437923 0.0131692 0.00525238 0.0047753 0.00276346 9.45158e-05 9.00151e-06 2.25038e-05 9.00151e-06 4.50075e-06 0 0 0
 0.000866109 0.00284123 0.00948549 0.0512746 0.133035 0.25785 0.225252 0.132002 0.0553304 0.0519788 0.0540692 0.017754 0.00435017 0.00159236 0.00146478 0.000404838 0.000125132 0.000115318 0.000107957 0.000100596 0 0 0 0 0 0
 0 0 0 0 0.00144013 0.00171154 0.00461396 0.0210425 0.0478622 0.0707936 0.0888783 0.103762 0.0637923 0.0337046 0.0602308 0.124433 0.169614 0.0934646 0.0462172 0.0250306 0.0313229 0.00938855 0.002487 0.000210481 0 0
 0 0.00764035 0.051015 0.0998891 0.058973 0.0496711 0.0374665 0.0718981 0.12319 0.153886 0.159021 0.0857701 0.0377988 0.023471 0.0147837 0.00900784 0.00315554 0.000888139 0.00291439 0.00214683 0.00393193 0.00274676 0.000635225 9.99891e-05 0 0
 0 0 0 0 0 0 0 0 0 0 0 0 0 0 0 0 0 0 0 0 0 0 0 0 0 0
 0 0 0 0 0 0 0 0 0 0 0 0 0 0 0 0 0 0 0 0 0 0 0 0 0 0
 0 0 0 0 0 0 0 0 0 0 0 0 0 0 0 0 0 0 0 0 0 0 0 0 0 0
 0 0 0 0 0 0 0 0 0 0 0 0 0 0 0 0 0 0 0 0 0 0 0 0 0 0
 0 0 0 0 0 0 0 0 0 0 0 0 0 0 0 0 0 0 0 0 0 0 0 0 0 0
 0 0 0 0 0 0 0 0 0 0 0 0 0 0 0 0 0 0 0 0 0 0 0 0 0 0
 0 0 0 0 0 0 0 0 0 0 0 0 0 0 0 0 0 0 0 0 0 0 0 0 0 0
 0 0 0 0 0 0 0 0 0 0 0 0 0 0 0 0 0 0 0 0 0 0 0 0 0 0
 0 0 0 0 0 0 0 0 0 0 0 0 0 0 0 0 0 0 0 0 0 0 0 0 0 0
ppred_pel_tallas
 1.13946e-16 3.94329e-05 0.000383301 0.00254717 0.0115791 0.0360269 0.0767594 0.112035 0.112044 0.0768051 0.0361822 0.0120356 0.00372278 0.0030478 0.00538673 0.00958929 0.0155428 0.0231427 0.0321705 0.0423052 0.0529274 0.0627979 0.0700228 0.0726137 0.069429 0.0608649
 1.26446e-16 3.60273e-05 0.000350198 0.00232719 0.0105791 0.0329156 0.0701312 0.102364 0.10239 0.0702597 0.0333474 0.0118278 0.00546753 0.00722675 0.0131623 0.0218902 0.0320071 0.0413499 0.0478485 0.0508264 0.0515099 0.0521709 0.0545127 0.058528 0.062571 0.0644001
 1.17873e-16 5.46619e-05 0.000531333 0.0035309 0.0160509 0.0499405 0.106404 0.155303 0.155317 0.106475 0.0501789 0.0167411 0.00526988 0.00434941 0.00737131 0.012275 0.0180994 0.0236778 0.0278857 0.0302939 0.0314318 0.0323571 0.0338637 0.0359531 0.0379014 0.0387426
 1.0579e-16 6.61432e-05 0.000642935 0.00427253 0.0194223 0.0604301 0.128753 0.187922 0.187934 0.128815 0.0606391 0.0200265 0.00579031 0.0039607 0.00638072 0.0104809 0.0151828 0.019296 0.0216669 0.0217991 0.0201562 0.0178364 0.0158754 0.0147196 0.0141797 0.0137509
 1.03773e-16 5.80404e-05 0.000564174 0.00374913 0.017043 0.0530273 0.112981 0.164904 0.164927 0.113093 0.0534044 0.0181322 0.00648363 0.00653514 0.0114026 0.0187715 0.0270658 0.0341024 0.0376974 0.0368504 0.0323361 0.0261644 0.0203603 0.0160126 0.0131425 0.0111912
 1.03018e-16 6.45609e-05 0.000627555 0.00417032 0.0189577 0.0589845 0.125673 0.183427 0.183442 0.125745 0.0592272 0.0196594 0.00593392 0.00448505 0.0074128 0.0122105 0.0177184 0.0225633 0.0253825 0.025536 0.0234561 0.0202937 0.017165 0.0146054 0.0125547 0.0107042
 1.05287e-16 4.48488e-05 0.000435947 0.00289702 0.0131695 0.0409753 0.0873034 0.127429 0.127464 0.0874725 0.0415431 0.01481 0.00701664 0.00943442 0.0171503 0.0283236 0.0408956 0.0516373 0.0572827 0.0563256 0.049897 0.0409486 0.0324293 0.0258881 0.0213171 0.0179095
 1.11151e-16 4.04216e-05 0.000392912 0.00261104 0.0118694 0.0369303 0.078685 0.114849 0.114876 0.078818 0.0373777 0.0131645 0.00587289 0.0075505 0.0137426 0.0229396 0.0337069 0.0437831 0.0508537 0.0538109 0.0532899 0.0509732 0.0482789 0.0455498 0.0422548 0.0377793
 1.14282e-16 4.82036e-05 0.000468556 0.00311372 0.0141545 0.0440401 0.0938328 0.136956 0.136976 0.0939299 0.0443666 0.0150997 0.00549456 0.00569348 0.0100533 0.0167625 0.0246649 0.0321406 0.0375835 0.0403101 0.0409279 0.0407683 0.040847 0.0412065 0.0410657 0.039496
 1.11575e-16 5.37989e-05 0.000522945 0.00347515 0.0157976 0.0491521 0.104725 0.152853 0.152872 0.104821 0.0494769 0.0167366 0.00583662 0.00569234 0.00991436 0.0164207 0.0239283 0.0306984 0.0350143 0.0361439 0.0347749 0.032487 0.0306838 0.0298269 0.0294377 0.0286547
 1.07461e-16 5.79031e-05 0.000562839 0.00374026 0.0170027 0.0529018 0.112714 0.164513 0.164532 0.112806 0.0532112 0.0178972 0.00598863 0.00548111 0.00942861 0.0155758 0.0226232 0.0288614 0.0325934 0.0330616 0.0308857 0.0275881 0.0245977 0.0225201 0.0211101 0.0197471
 1.06391e-16 5.42465e-05 0.000527295 0.00350406 0.015929 0.0495611 0.105596 0.154125 0.154149 0.10571 0.0499436 0.0170346 0.00628214 0.00660116 0.0116172 0.0191929 0.0278166 0.0353511 0.0396547 0.0397501 0.0363857 0.0314663 0.0268317 0.0233485 0.0208546 0.0187137
 1.08025e-16 4.76328e-05 0.000463008 0.00307685 0.0139869 0.0435187 0.0927222 0.135336 0.135364 0.0928553 0.0439659 0.01528 0.00632768 0.00757603 0.0136051 0.0225444 0.0327727 0.0418501 0.0473124 0.048022 0.0447993 0.0397513 0.0348696 0.0310247 0.0279598 0.0249685
 1.09315e-16 5.04449e-05 0.000490342 0.0032585 0.0148127 0.0460879 0.0981959 0.143324 0.143347 0.0983054 0.0464561 0.0158779 0.00593862 0.00636155 0.0112615 0.0186977 0.0273082 0.0351443 0.0402479 0.0417252 0.0402282 0.037379 0.0346237 0.0324517 0.0304587 0.0279673
 1.01543e-16 7.71457e-05 0.000749883 0.00498324 0.0226531 0.0704822 0.15017 0.219178 0.219182 0.150189 0.0705464 0.0228388 0.00545012 0.00177156 0.0020249 0.00324514 0.00471417 0.00602873 0.00683606 0.00697977 0.00658504 0.00595877 0.00538407 0.00497285 0.00466548 0.00433374
 1.00448e-16 7.34327e-05 0.000713792 0.0047434 0.0215628 0.0670899 0.142943 0.208631 0.208641 0.142991 0.0672508 0.0220273 0.00590861 0.00325479 0.00489144 0.00794988 0.0113971 0.0142317 0.0154884 0.0147257 0.0122912 0.00909962 0.00610335 0.00386223 0.0024566 0.00167292
 1.01964e-16 3.99277e-05 0.000388111 0.00257914 0.0117244 0.0364793 0.0777246 0.113451 0.113495 0.077942 0.0372091 0.0138322 0.00786844 0.0119297 0.0219448 0.0361763 0.0520142 0.0652029 0.0714202 0.0686521 0.0583854 0.0446004 0.0314171 0.0212223 0.014351 0.0099508
 1.0182e-16 7.43248e-05 0.000722463 0.00480102 0.0218248 0.0679049 0.144679 0.211164 0.211169 0.144702 0.0679826 0.0220499 0.00536911 0.00197194 0.00247464 0.00404459 0.00598458 0.00786959 0.00930885 0.0101042 0.0103278 0.0102008 0.00988588 0.00937941 0.00857827 0.00742695
 1.01358e-16 6.53504e-05 0.000635229 0.00422132 0.0191895 0.0597058 0.12721 0.185671 0.185689 0.127298 0.0600018 0.0200439 0.00636479 0.00531045 0.00893282 0.0146342 0.0210052 0.0262707 0.0286733 0.0274123 0.0231307 0.0174999 0.0122435 0.00834889 0.00591805 0.00452362
 1.02036e-16 6.09752e-05 0.0005927 0.0039387 0.0179048 0.0557085 0.118694 0.173241 0.173261 0.118792 0.0560387 0.0188586 0.00633413 0.00582575 0.0100105 0.0164811 0.0238002 0.0300603 0.0333496 0.0327681 0.0289373 0.0235364 0.0182626 0.0140394 0.0109322 0.00857166
 1.0244e-16 6.46391e-05 0.000628315 0.00417537 0.0189807 0.0590559 0.125826 0.183649 0.183665 0.125901 0.0593112 0.0197183 0.00602851 0.00467913 0.00777367 0.0127904 0.0185151 0.023484 0.0262442 0.0261161 0.0235725 0.0198704 0.0162499 0.0133385 0.0111125 0.00924964
 1.02265e-16 6.50238e-05 0.000632054 0.00420022 0.0190936 0.0594074 0.126574 0.184742 0.184758 0.126653 0.0596708 0.0198546 0.00611123 0.00480643 0.00800066 0.0131441 0.0189761 0.0239634 0.0265868 0.0261433 0.023151 0.0189714 0.0149678 0.0118612 0.00965929 0.00800553
 1.06128e-16 3.17695e-05 0.000308811 0.00205216 0.00932884 0.0290257 0.0618441 0.0902732 0.0903203 0.0620742 0.0297982 0.0115606 0.00765651 0.0125511 0.0233053 0.0385386 0.0556543 0.0702807 0.0779652 0.0766343 0.0677899 0.0554102 0.0434898 0.0341604 0.0274831 0.0224625
 1.07233e-16 6.14558e-05 0.000597373 0.00396975 0.0180459 0.0561476 0.119629 0.174604 0.174613 0.119676 0.0563078 0.0185109 0.00514547 0.00319258 0.00507427 0.00851154 0.0127702 0.0171388 0.0209098 0.0237271 0.0257015 0.0271342 0.0281026 0.0283052 0.0272899 0.0248337
 1.06179e-16 5.75519e-05 0.000559425 0.00371758 0.0168996 0.052581 0.11203 0.163516 0.163538 0.112137 0.0529382 0.0179315 0.00630847 0.00621748 0.0108101 0.0178004 0.02569 0.0324337 0.036005 0.0355154 0.0317604 0.0266794 0.0221621 0.0191228 0.0173863 0.0162036
 1.09309e-16 3.79368e-05 0.000368759 0.00245054 0.0111398 0.0346602 0.0738487 0.107792 0.107829 0.0740276 0.0352612 0.0128769 0.0068161 0.00991644 0.0182226 0.0302016 0.0438223 0.0557799 0.0627147 0.0630653 0.057945 0.0502602 0.0428255 0.0369821 0.0325367 0.0286193
 1.07058e-16 6.28289e-05 0.000610719 0.00405844 0.0184491 0.0574021 0.122302 0.178505 0.178516 0.122354 0.0575787 0.018961 0.00534944 0.00344933 0.00551395 0.00917438 0.0135825 0.017868 0.0211786 0.0231199 0.023933 0.0241965 0.0243098 0.0242076 0.023496 0.0218217
 1.04937e-16 6.03839e-05 0.000586953 0.00390051 0.0177312 0.0551683 0.117543 0.171561 0.171581 0.117639 0.0554917 0.0186653 0.00624587 0.00570868 0.00979316 0.0161108 0.0232445 0.0293296 0.0325189 0.0319912 0.0284488 0.0236372 0.0192761 0.0162277 0.0143905 0.013149
 1.07784e-16 3.81995e-05 0.000371313 0.00246751 0.0112169 0.0349003 0.0743602 0.108539 0.108577 0.0745464 0.0355259 0.0130251 0.00701045 0.0103023 0.0189393 0.0313558 0.0454129 0.0576277 0.0644584 0.0642569 0.0582025 0.0493958 0.0408859 0.0342001 0.0292398 0.0251445
 1.1259e-16 4.51207e-05 0.000438589 0.00291458 0.0132493 0.0412235 0.0878319 0.128197 0.128218 0.0879326 0.0415624 0.0142313 0.0053915 0.00588567 0.0105078 0.0176093 0.0260889 0.0343384 0.0407214 0.0444631 0.0459936 0.0463835 0.0463721 0.0458386 0.0440752 0.0404863
 1.12015e-16 5.36488e-05 0.000521486 0.00346546 0.0157535 0.049015 0.104432 0.152426 0.152445 0.104524 0.0493214 0.0166398 0.00569522 0.00540565 0.00937945 0.0155555 0.0227279 0.0292901 0.0336632 0.0351883 0.0345151 0.0330845 0.0321147 0.0318973 0.0318405 0.0310458
 1.12149e-16 4.49355e-05 0.000436789 0.00290262 0.0131949 0.0410544 0.0874717 0.127674 0.127702 0.0876126 0.0415276 0.0145629 0.00634086 0.00795685 0.0143698 0.0238 0.034557 0.044056 0.0497049 0.0503572 0.0469875 0.0419629 0.0375043 0.0345516 0.0327064 0.0309601
 1.04546e-16 6.9435e-05 0.000674933 0.00448517 0.0203889 0.0634375 0.135161 0.197273 0.197281 0.135202 0.0635753 0.0207876 0.0054888 0.00287557 0.00427749 0.00703731 0.0103098 0.0133453 0.0154286 0.0162378 0.0160114 0.0153277 0.0146786 0.0141893 0.0136577 0.0127997
pSPR Fmed_Fpbrs
1   0.983541 0.6 0.325 0.983541 0.983541 0.983541
Fs Fmed_Fpbrs
0   0.01 0.350037 0.899559 0.01 0.01 0.01
SSBpbr Bo_Bmed_Bpbrs
1.72236e+06  1.63624e+06  1.60789e+06 947298 473649 1.60789e+06 1.60789e+06 1.60789e+06
Ro
235105
SPR SPRFo_SPRFmed_SPRFpbrs
1.69377e+06 1.69377e+06 1.6659e+06
Fref
0
Nvult_r0
 240240 27791.3 15120.9 4377 3542.86
CTP_r0
 22440.2 4575.25 2593.4 752.361 609.051
YTP_r0
356493
Np
 359568 132278 48662.2 17901.8 9008.46
Nvult_p0
 227290 83615.4 30760.4 11316.1 5694.43
CTP_p0
 0 0 0 0 0
 0 0 0 0 0
 0 0 0 0 0
 0 0 0 0 0
 0 0 0 0 0
 0 0 0 0 0
YTP_p0
 0 0 0 0 0 0
CBA_c0
0
log_Ro
12.1878
likeval ReclasPelacesDesembMPH_pf_preclas_ppelaces_ptallas_desvR_qrecl_qpela
 0.000394278 15.1569 0.131613 59.7197 241.516 141.836 113.692 0 20.337 6.55343e-06 1.2067e-06 0.585328 2066.92 0 0
q_reclas_q_pelaces
0.696259 0.856115
M
1
N
 227886 44609.2 204250 10301.8 0.380856
 119104 79524.3 14834.9 67578.4 3407.65
 165415 39835.6 24383.4 4506.99 21555.3
 305005 55502.1 12289.2 7455.7 7964.95
 281580 97994.7 15759 3444.01 4318.38
 484083 99758.4 33544.4 5374.85 2646.94
 229490 165604 31937.2 10664 2549.18
 129631 74853 48396.4 9225.63 3814.39
 128472 46911.5 26685.2 17226.1 4641.01
 135183 44548.4 15412.2 8717.19 7140.98
 164325 46415.1 14362 4935.78 5076.68
 143556 58980.3 16289 5028.24 3504.95
 80490 45370.5 16227.7 4416.49 2311.72
 42706.3 24399.7 11526.2 4046.29 1675.87
 178010 9093.93 3154.39 1413.51 699.652
 376213 52414.5 2185.24 741.872 496.387
 99648.3 106670 11717.4 476.387 269.56
 495518 31443.2 29259.4 3166.79 201.435
 504417 145879 7553.17 6879.02 790.94
 438566 142124 32221.6 1625.94 1648.71
 594966 134020 36666 8165.19 828.976
 823279 193406 38914.3 10520 2578.84
 196672 262396 54078.1 10731.2 3609.4
 481072 67426.3 84352.8 17266.6 4577.06
 484114 164537 21577 26804.4 6938.44
 195113 166625 53292.4 6943.91 10855.2
 448324 68245.4 55657.2 17714.6 5914.83
 526118 153702 21939 17770.9 7541.78
 206640 181972 50252.1 7130.25 8223.96
 180545 72628.4 61349.8 16867.5 5152.45
 196617 62742.7 23961.5 20129.5 7222.75
 114575 65378.7 19024.7 7195.02 8208.69
 359568 39820 21573.1 6243.25 5053.39
pred_Ctot
 7438.28 2730.35 13104.8 662.655 0.0245015
 6892.6 8496.65 1658.83 7575.17 382.028
 9263.34 4123.41 2641.82 489.512 2341.46
 24688.7 8176.19 1891.87 1150.5 1229.23
 6599.73 4331.2 730.574 160.074 200.741
 21573.1 8275.63 2914.83 468.216 230.612
 16609.6 21930 4422.14 1480.13 353.863
 1336.73 1467.21 995.845 190.333 78.7051
 4685.46 3200.69 1908.1 1234.86 332.736
 5730 3519.69 1275.67 723.338 592.625
 2533.73 1356.18 440.38 151.739 156.093
 12945.3 9623.47 2775.78 858.864 598.748
 9096.28 9144.67 3410.99 930.424 487.069
 11881.2 10860.3 5293.81 1861.51 771.059
 22871.9 2063.49 745.695 334.889 165.781
 55690.9 13531.6 587.005 199.71 133.641
 9074.46 17566.5 2015.19 82.1224 46.474
 63712.6 7139.38 6921.35 750.762 47.7603
 76280.7 38394.3 2068.06 1887.48 217.044
 47657.5 27620.6 6532.25 330.376 335.043
 44208.6 18198.6 5205.26 1161.94 117.982
 70360.1 29996.5 6305.36 1708.6 418.892
 8511.75 21156.2 4567.5 908.642 305.659
 21502.7 5609.65 7350.96 1508.48 399.922
 19817.1 12565.6 1726.46 2150.12 556.642
 6095.32 9769.26 3275.67 427.903 669.017
 19402.6 5502.28 4700.77 1499.91 500.882
 19991.4 10915.7 1632.73 1325.87 562.763
 5847.05 9681.03 2803.28 398.775 460.005
 6346.05 4779.65 4231.62 1166.39 356.342
 12045.7 7081.89 2829.93 2383.18 855.227
 4021.52 4296.58 1310.42 496.85 566.924
 22440.2 4575.25 2593.4 752.361 609.051
F
 0.0527825 0.10096 0.106054 0.106337 0.106352
 0.095234 0.182159 0.191351 0.191861 0.191888
 0.0920356 0.176041 0.184925 0.185417 0.185443
 0.135413 0.259011 0.272082 0.272806 0.272845
 0.037665 0.0720437 0.0756793 0.0758808 0.0758914
 0.0726597 0.13898 0.145993 0.146382 0.146402
 0.120335 0.230171 0.241786 0.24243 0.242464
 0.0164253 0.0314174 0.0330028 0.0330907 0.0330954
 0.0591316 0.113104 0.118812 0.119128 0.119145
 0.0690045 0.131988 0.138649 0.139018 0.139038
 0.0246445 0.0471387 0.0495175 0.0496494 0.0496564
 0.151867 0.290484 0.305142 0.305955 0.305998
 0.193562 0.370236 0.38892 0.389955 0.39001
 0.546739 1.04577 1.09855 1.10147 1.10163
 0.222655 0.425883 0.447374 0.448566 0.448628
 0.260417 0.498113 0.52325 0.524643 0.524717
 0.153464 0.293539 0.308352 0.309173 0.309217
 0.222828 0.426215 0.447723 0.448916 0.448979
 0.266704 0.510138 0.535881 0.537308 0.537383
 0.185518 0.35485 0.372757 0.37375 0.373802
 0.123712 0.23663 0.248571 0.249233 0.249268
 0.143439 0.274363 0.288208 0.288976 0.289016
 0.0705002 0.134849 0.141654 0.142031 0.142051
 0.0728826 0.139406 0.146441 0.146831 0.146852
 0.0665738 0.127339 0.133765 0.134121 0.13414
 0.0504695 0.0965355 0.101407 0.101677 0.101691
 0.0704986 0.134846 0.141651 0.142028 0.142048
 0.0616725 0.117964 0.123917 0.124247 0.124264
 0.0456215 0.0872625 0.0916661 0.0919102 0.0919231
 0.0569377 0.108907 0.114403 0.114708 0.114724
 0.101061 0.193304 0.203059 0.203599 0.203628
 0.056855 0.108749 0.114237 0.114541 0.114557
 0.103031 0.197072 0.207017 0.207569 0.207598
YTP_r0W_actual
 169199 79838.1 62423.2 23563.9 21469.1
YTP_p0W_proyectada
 0 0 0 0 0
 0 0 0 0 0
 0 0 0 0 0
 0 0 0 0 0
 0 0 0 0 0
 0 0 0 0 0
CTP_r0_actual
 22440.2 4575.25 2593.4 752.361 609.051
CTP_p0_proyectada
 0 0 0 0 0
 0 0 0 0 0
 0 0 0 0 0
 0 0 0 0 0
 0 0 0 0 0
 0 0 0 0 0
Wmedp
 7.54 17.45 24.07 31.32 35.25
Frms_r0
 0.103031 0.197072 0.207017 0.207569 0.207598
Zrms_r0
 1.10303 1.19707 1.20702 1.20757 1.2076
nmprior
 7.29 8.9 8.7 0
nm_flota  nm_reclas  nm_pelaces    nm_pelaL
inf 10.5643 17.204 53.6886
cv_recla  cv_pelaces  cv_mph
0.573206 0.426477 0.619607
 ------------------------------------------------
Talla a la edad & desviaci?n 
 8 13.2811 15.8009 17.003 17.5766
 0.8 1.32811 1.58009 1.7003 1.75766
