years
 1991 1992 1993 1994 1995 1996 1997 1998 1999 2000 2001 2002 2003 2004 2005 2006 2007 2008 2009 2010 2011 2012 2013 2014 2015 2016 2017 2018 2019 2020 2021 2022 2023
reclasobs
 0 0 0 0 0 0 0 0 0 252601 567819 844713 477998 351125 339783 2.1784e+06 2.13404e+06 4.81314e+06 1.55562e+06 2.62356e+06 3.21686e+06 3.843e+06 1.13348e+06 3.07943e+06 1.97215e+06 2.03268e+06 2.025e+06 2.42433e+06 2.27542e+06 1.05018e+06 2.36338e+06 3.18982e+06 1.53035e+06
reclaspred
 3.26471e+06 1.77194e+06 936936 1.06891e+06 1.19811e+06 2.14393e+06 1.46178e+06 1.49723e+06 1.24699e+06 1.0138e+06 925838 952864 665215 180753 726142 1.09973e+06 893548 1.78081e+06 1.81868e+06 1.68271e+06 3.14758e+06 2.66415e+06 2.16042e+06 3.10936e+06 2.43294e+06 2.18625e+06 2.61186e+06 2.88797e+06 2.48613e+06 1.87262e+06 1.48078e+06 1.31532e+06 1.38832e+06
pelacesobs
 0 0 0 0 0 0 0 0 0 0 0 0 0 0 0 552880 188675 0 991730 2.46772e+06 1.41603e+06 1.21717e+06 2.29649e+06 1.80582e+06 0 1.4828e+06 1.56532e+06 1.57751e+06 1.42118e+06 867257 1.10002e+06 1.06204e+06 0
pelacespred
 1.96362e+06 1.16804e+06 595583 555704 672183 1.25693e+06 816339 1.02431e+06 842714 662578 626533 526263 382981 77226.2 440091 542400 443849 981808 1.02773e+06 854348 1.73512e+06 1.53619e+06 1.30283e+06 2.03159e+06 1.5292e+06 1.38212e+06 1.88034e+06 1.86089e+06 1.48706e+06 1.27281e+06 885520 795845 807009
mphobs
 0 0 0 0 0 0 0 0 0 0 0 0 498337 0 5186 125008 0 168611 109162 213762 579715 649985 157893 87575 83554 210694 70296 0 107559 103333 445601 22526 28222
mphpred
 768305 514888 246488 146687 183786 236870 353305 247642 244556 205652 149565 171816 151917 65409.4 12091.8 103170 175335 137477 228229 321324 445365 562846 110831 96261.6 132609 111774 96120.3 107224 153002 118958 74361.7 64650.2 40508.2
desembarqueobs
 494567 514787 250237 358949 120608 361735 552515 73892 212993 205616 52469 317467 293654 387597 252695 516296 358380 742168 942051 627588 828172 859565 418607 520667 417249 300574 415391 372974 316634 284311 391294 218835 356480
desembarquepred
 494569 513692 250788 358993 120614 361750 552535 73895.3 213020 205647 52472.5 317540 293880 388173 252661 516236 358389 741896 941410 627292 828280 859548 418629 520747 417232 300595 415414 372961 316608 284275 391353 218865 356506
Reclutas
 176880 88095.8 111656 173596 158979 284098 127128 69532.1 72874.3 86481 117935 123253 67637.3 29407.8 126151 278248 62759.5 376497 391007 322197 390716 535588 116887 284189 295193 113609 269598 317252 127529 115604 115041 63561.9 182585
log_desv_Rt
 0.154806 -0.54224 -0.305239 0.136068 0.0481045 0.628655 -0.175471 -0.778877 -0.731928 -0.56074 -0.250534 -0.206422 -0.806505 -1.63941 -0.183182 0.60785 -0.881356 0.910245 0.94806 0.754498 0.947315 1.2627 -0.259454 0.628976 0.666965 -0.287906 0.576269 0.739033 -0.172317 -0.270492 -0.275378 -0.86865 0.18655
SSB
 2.21848e+06 1.48674e+06 711734 423558 530681 683963 1.02017e+06 715066 706155 593819 431869 496117 417950 182387 33688.1 287018 506278 396965 684142 681163 967826 1.28434e+06 1.28754e+06 1.07847e+06 1.39187e+06 1.24294e+06 1.00937e+06 1.0838e+06 1.60159e+06 1.17354e+06 840516 748201 434008
BT
 3.11294e+06 2.10521e+06 1.06315e+06 1.08e+06 1.03565e+06 2.09025e+06 1.62835e+06 1.49565e+06 1.3884e+06 1.11934e+06 927140 1.01165e+06 804715 504218 890065 1.22132e+06 906214 2.07159e+06 2.36967e+06 1.75272e+06 3.13123e+06 2.9756e+06 2.17254e+06 3.37111e+06 2.52824e+06 2.18603e+06 3.09749e+06 3.00056e+06 2.31279e+06 2.03805e+06 1.60325e+06 1.2924e+06 1.46994e+06
Ftot
 0.20269 0.371354 0.363291 0.552264 0.159049 0.295042 0.524371 0.0748 0.264515 0.300802 0.0950965 0.506157 0.631316 2.55916 0.820809 0.911296 0.579403 0.803701 0.915658 0.648498 0.447863 0.536081 0.275627 0.292026 0.26623 0.199473 0.278331 0.23712 0.173487 0.218741 0.405973 0.238325 0.467782
BD_Bspro_t
 0.968376 0.793898 0.600272 0.52438 0.551601 0.657234 0.675567 0.548644 0.631545 0.635327 0.626991 0.729109 0.572372 0.310755 0.0902431 0.426093 0.453348 0.378436 0.444549 0.405903 0.434903 0.500574 0.535224 0.532927 0.629925 0.659197 0.661911 0.700946 0.76248 0.707945 0.656594 0.613962 0.591762
BD_Bspro
 2.03242 1.36205 0.652043 0.388036 0.486175 0.626602 0.934608 0.655096 0.646932 0.544018 0.39565 0.45451 0.382898 0.16709 0.0308628 0.262947 0.463819 0.363673 0.626766 0.624036 0.886658 1.17662 1.17955 0.988018 1.27514 1.1387 0.924716 0.992904 1.46727 1.07512 0.770025 0.685452 0.39761
BD_Bo
 2.54276 1.70405 0.815769 0.48547 0.608251 0.783939 1.16929 0.819589 0.809375 0.680619 0.494996 0.568635 0.479042 0.209046 0.0386123 0.328971 0.580282 0.45499 0.784144 0.780729 1.10929 1.47207 1.47574 1.23611 1.59532 1.42462 1.15691 1.24222 1.8357 1.34508 0.963375 0.857566 0.497448
BD_Brms
 2.72278 1.8247 0.873525 0.519841 0.651315 0.839441 1.25207 0.877615 0.866678 0.728806 0.530041 0.608894 0.512957 0.223847 0.041346 0.352262 0.621365 0.487203 0.839661 0.836004 1.18783 1.57629 1.58022 1.32362 1.70827 1.52549 1.23882 1.33017 1.96566 1.44031 1.03158 0.918281 0.532667
Sel_flota
 0.465739 0.943063 0.996832 0.999833 0.999991
 0.465739 0.943063 0.996832 0.999833 0.999991
 0.465739 0.943063 0.996832 0.999833 0.999991
 0.465739 0.943063 0.996832 0.999833 0.999991
 0.465739 0.943063 0.996832 0.999833 0.999991
 0.465739 0.943063 0.996832 0.999833 0.999991
 0.465739 0.943063 0.996832 0.999833 0.999991
 0.465739 0.943063 0.996832 0.999833 0.999991
 0.465739 0.943063 0.996832 0.999833 0.999991
 0.465739 0.943063 0.996832 0.999833 0.999991
 0.465739 0.943063 0.996832 0.999833 0.999991
 0.465739 0.943063 0.996832 0.999833 0.999991
 0.465739 0.943063 0.996832 0.999833 0.999991
 0.465739 0.943063 0.996832 0.999833 0.999991
 0.465739 0.943063 0.996832 0.999833 0.999991
 0.465739 0.943063 0.996832 0.999833 0.999991
 0.465739 0.943063 0.996832 0.999833 0.999991
 0.465739 0.943063 0.996832 0.999833 0.999991
 0.465739 0.943063 0.996832 0.999833 0.999991
 0.465739 0.943063 0.996832 0.999833 0.999991
 0.465739 0.943063 0.996832 0.999833 0.999991
 0.465739 0.943063 0.996832 0.999833 0.999991
 0.465739 0.943063 0.996832 0.999833 0.999991
 0.465739 0.943063 0.996832 0.999833 0.999991
 0.465739 0.943063 0.996832 0.999833 0.999991
 0.465739 0.943063 0.996832 0.999833 0.999991
 0.465739 0.943063 0.996832 0.999833 0.999991
 0.465739 0.943063 0.996832 0.999833 0.999991
 0.465739 0.943063 0.996832 0.999833 0.999991
 0.465739 0.943063 0.996832 0.999833 0.999991
 0.465739 0.943063 0.996832 0.999833 0.999991
 0.465739 0.943063 0.996832 0.999833 0.999991
 0.465739 0.943063 0.996832 0.999833 0.999991
Sel_reclas
 1 1 1 1 1
 1 1 1 1 1
 1 1 1 1 1
 1 1 1 1 1
 1 1 1 1 1
 1 1 1 1 1
 1 1 1 1 1
 1 1 1 1 1
 1 1 1 1 1
 1 1 1 1 1
 1 1 1 1 1
 1 1 1 1 1
 1 1 1 1 1
 1 1 1 1 1
 1 1 1 1 1
 1 1 1 1 1
 1 1 1 1 1
 1 1 1 1 1
 1 1 1 1 1
 1 1 1 1 1
 1 1 1 1 1
 1 1 1 1 1
 1 1 1 1 1
 1 1 1 1 1
 1 1 1 1 1
 1 1 1 1 1
 1 1 1 1 1
 1 1 1 1 1
 1 1 1 1 1
 1 1 1 1 1
 1 1 1 1 1
 1 1 1 1 1
 1 1 1 1 1
Sel_pelaces
 0.918633 0.982705 0.996515 0.999306 0.999862
 0.918633 0.982705 0.996515 0.999306 0.999862
 0.918633 0.982705 0.996515 0.999306 0.999862
 0.918633 0.982705 0.996515 0.999306 0.999862
 0.918633 0.982705 0.996515 0.999306 0.999862
 0.918633 0.982705 0.996515 0.999306 0.999862
 0.918633 0.982705 0.996515 0.999306 0.999862
 0.918633 0.982705 0.996515 0.999306 0.999862
 0.918633 0.982705 0.996515 0.999306 0.999862
 0.918633 0.982705 0.996515 0.999306 0.999862
 0.918633 0.982705 0.996515 0.999306 0.999862
 0.918633 0.982705 0.996515 0.999306 0.999862
 0.918633 0.982705 0.996515 0.999306 0.999862
 0.918633 0.982705 0.996515 0.999306 0.999862
 0.918633 0.982705 0.996515 0.999306 0.999862
 0.918633 0.982705 0.996515 0.999306 0.999862
 0.918633 0.982705 0.996515 0.999306 0.999862
 0.918633 0.982705 0.996515 0.999306 0.999862
 0.918633 0.982705 0.996515 0.999306 0.999862
 0.918633 0.982705 0.996515 0.999306 0.999862
 0.918633 0.982705 0.996515 0.999306 0.999862
 0.918633 0.982705 0.996515 0.999306 0.999862
 0.918633 0.982705 0.996515 0.999306 0.999862
 0.918633 0.982705 0.996515 0.999306 0.999862
 0.918633 0.982705 0.996515 0.999306 0.999862
 0.918633 0.982705 0.996515 0.999306 0.999862
 0.918633 0.982705 0.996515 0.999306 0.999862
 0.918633 0.982705 0.996515 0.999306 0.999862
 0.918633 0.982705 0.996515 0.999306 0.999862
 0.918633 0.982705 0.996515 0.999306 0.999862
 0.918633 0.982705 0.996515 0.999306 0.999862
 0.918633 0.982705 0.996515 0.999306 0.999862
 0.918633 0.982705 0.996515 0.999306 0.999862
pf_obs 
 0.8446 0.082 0.0669 0.0065 0
 0.8095 0.147 0.0364 0.0071 0
 0.9664 0.0169 0.016 0.0007 0
 0.9276 0.0648 0.0075 0.0001 0
 0.7033 0.2144 0.0806 0.0017 0
 0.9318 0.0425 0.0243 0.0014 0
 0.5671 0.3108 0.0964 0.0239 0.0018
 0.0768 0.2599 0.5324 0.112 0.0189
 0.490249 0.384438 0.106611 0.0170017 0.00170017
 0.7925 0.1577 0.0466 0.003 0.0002
 0.840416 0.127587 0.0312969 0.00059994 9.999e-05
 0.8084 0.0986 0.0794 0.0134 0.0002
 0.7335 0.1905 0.0724 0.0035 0.0001
 0.4001 0.4547 0.1325 0.0127 0
 0.49795 0.308269 0.164784 0.0264974 0.00249975
 0.9179 0.0499 0.0305 0.0017 0
 0.2467 0.6533 0.0926 0.0074 0
 0.9418 0.0223 0.034 0.0019 0
 0.707729 0.231977 0.0356964 0.0245975 0
 0.517169 0.277429 0.184464 0.0207286 0.00020938
 0.811772 0.124168 0.05621 0.00726502 0.000585176
 0.764997 0.148141 0.077277 0.00933861 0.000247198
 0.163321 0.427699 0.378323 0.0303852 0.000271297
 0.753843 0.0900009 0.118128 0.0371064 0.000921714
 0.721811 0.176058 0.0630433 0.0369309 0.00215725
 0.143369 0.312575 0.442814 0.0836902 0.0175525
 0.692698 0.0596174 0.167031 0.0765114 0.00414204
 0.394062 0.376323 0.152708 0.0712218 0.00568511
 0.125707 0.32114 0.495352 0.0537591 0.00404204
 0.23352 0.215282 0.420074 0.123614 0.00750983
 0.796117 0.104755 0.0508955 0.0450114 0.00322123
 0.162477 0.292055 0.404252 0.121198 0.0200186
 0 0 0 0 0
pf_pred 
 0.382043 0.139516 0.450352 0.0280878 1.08806e-06
 0.309913 0.393064 0.0702025 0.213544 0.013276
 0.519138 0.239536 0.141445 0.0236715 0.0762095
 0.658992 0.240682 0.051644 0.0285773 0.0201053
 0.572587 0.349101 0.0564427 0.0112794 0.0105904
 0.666753 0.243892 0.073754 0.011254 0.00434651
 0.381183 0.501726 0.087127 0.0247481 0.00521663
 0.356561 0.374811 0.220662 0.0357265 0.0122396
 0.446991 0.291584 0.155805 0.0868071 0.0188124
 0.547438 0.286787 0.0899948 0.0452255 0.0305549
 0.607533 0.283122 0.0708997 0.0209039 0.0175411
 0.549735 0.341124 0.0799704 0.018935 0.0102354
 0.435242 0.415777 0.114778 0.0250881 0.00911562
 0.422306 0.376954 0.15072 0.0385728 0.0114465
 0.944858 0.0430345 0.00832268 0.0028477 0.000936835
 0.832796 0.163442 0.00298848 0.000532592 0.000241085
 0.323207 0.627484 0.0482885 0.000811098 0.00020899
 0.864817 0.0710134 0.059801 0.00427897 9.00296e-05
 0.691863 0.29049 0.00962772 0.00747597 0.000543761
 0.619163 0.324573 0.0532963 0.0016223 0.00134502
 0.655284 0.273588 0.0612753 0.00933529 0.000517571
 0.669644 0.26742 0.0506405 0.0105976 0.00169774
 0.245897 0.620117 0.109905 0.0193917 0.00468994
 0.615195 0.156746 0.189574 0.0315875 0.00689774
 0.566286 0.336756 0.0409734 0.0465639 0.00942056
 0.308311 0.507119 0.1453 0.0166275 0.0226427
 0.639028 0.173276 0.139779 0.0377482 0.0101683
 0.598608 0.31795 0.04136 0.0313663 0.0107159
 0.320452 0.514058 0.132746 0.0162574 0.0164862
 0.403539 0.293177 0.232667 0.0566814 0.0139358
 0.484752 0.303529 0.107279 0.0801831 0.0242563
 0.388366 0.413889 0.11972 0.0396071 0.038418
 0.729263 0.155049 0.0798375 0.021734 0.0141167
pobs_RECLAS
 0 0 0 0 0
 0 0 0 0 0
 0 0 0 0 0
 0 0 0 0 0
 0 0 0 0 0
 0 0 0 0 0
 0 0 0 0 0
 0 0 0 0 0
 0 0 0 0 0
 0 0 0 0 0
 0.991045 0.00858322 0.000360255 1.14367e-05 0
 0.934742 0.0480273 0.0164251 0.00080598 0
 0.827803 0.169806 0.00239088 0 0
 0.941827 0.0461693 0.0120037 0 0
 0.791401 0.0380133 0.147996 0.0225897 0
 0.846168 0.0940531 0.0597789 0 0
 0.134021 0.677848 0.182769 0.00536245 0
 0.80878 0.0450904 0.141981 0.00414843 0
 0.846168 0.0940531 0.0597789 0 0
 0.905697 0.0802665 0.012482 0.00150086 5.37128e-05
 0.989698 0.0102097 9.19794e-05 0 0
 0.975433 0.0193895 0.00387452 0.00125025 5.28907e-05
 0.303575 0.632131 0.0575291 0.00676475 0
 0.966965 0.00978017 0.0227588 0.000495775 0
 0.843318 0.132988 0.00938335 0.0141283 0.000182051
 0.564624 0.303363 0.111486 0.0197234 0.00080311
 0.826376 0.0876187 0.0782897 0.00655872 0.00115652
 0.89761 0.0855135 0.0140674 0.00269457 0.000114338
 0.34875 0.467042 0.161289 0.0227151 0.000203297
 0.318654 0.224769 0.449479 0.00709798 0
 0.937255 0.0296025 0.0250945 0.00804832 0
 0.456809 0.399803 0.12412 0.0192676 0
 0.883104 0.0372192 0.0704036 0.00927362 0
ppred_RECLAS
 0.568871 0.101674 0.310168 0.0192855 7.46961e-07
 0.487138 0.299635 0.0505179 0.153187 0.00952201
 0.696127 0.155847 0.0868772 0.0144939 0.0466549
 0.80398 0.140789 0.0284758 0.0157066 0.0110484
 0.734006 0.219491 0.0335461 0.00668338 0.00627411
 0.806593 0.143707 0.0410455 0.00624369 0.00241104
 0.564563 0.356958 0.0584437 0.0165477 0.00348749
 0.535291 0.277035 0.154247 0.024898 0.00852852
 0.629937 0.200478 0.101198 0.0562088 0.0121793
 0.717289 0.182967 0.0542267 0.0271664 0.018351
 0.761692 0.174608 0.0413481 0.0121541 0.0101972
 0.720256 0.21495 0.0475177 0.0112152 0.00606139
 0.621449 0.28308 0.073608 0.016037 0.00582595
 0.662724 0.226888 0.0829848 0.0211337 0.0062698
 0.97365 0.0208433 0.0037897 0.00129234 0.000425078
 0.914467 0.0837247 0.00143781 0.000255365 0.000115574
 0.500517 0.465047 0.0337258 0.000564666 0.000145469
 0.933289 0.0360696 0.0285615 0.00203684 4.28477e-05
 0.828532 0.162226 0.00504955 0.00390761 0.000284167
 0.774949 0.193472 0.0299192 0.000907751 0.000752475
 0.799387 0.161113 0.0340432 0.0051701 0.000286595
 0.810252 0.155311 0.0277267 0.00578385 0.000926416
 0.403155 0.495724 0.0829927 0.0145981 0.00353002
 0.772438 0.095876 0.109522 0.0181924 0.00397203
 0.730535 0.211927 0.0243588 0.027597 0.00558237
 0.480329 0.386736 0.104722 0.0119472 0.0162666
 0.789053 0.104306 0.0794804 0.0213979 0.00576307
 0.75543 0.196037 0.0240948 0.0182167 0.00622247
 0.493744 0.388202 0.0947542 0.0115692 0.0117301
 0.587426 0.208704 0.156514 0.0380123 0.00934427
 0.665683 0.201731 0.067288 0.0501349 0.0151639
 0.569676 0.296599 0.0810612 0.0267352 0.0259283
 0.851369 0.0872701 0.0423881 0.0115027 0.00747001
pobs_PELACES
 0 0 0 0 0
 0 0 0 0 0
 0 0 0 0 0
 0 0 0 0 0
 0 0 0 0 0
 0 0 0 0 0
 0 0 0 0 0
 0 0 0 0 0
 0 0 0 0 0
 0 0 0 0 0
 0 0 0 0 0
 0 0 0 0 0
 0 0 0 0 0
 0 0 0 0 0
 0 0 0 0 0
 0 0 0 0 0
 0.505614 0.472636 0.0217494 0 0
 0 0 0 0 0
 0.443492 0.261883 0.143347 0.151278 0
 0.227955 0.32914 0.350689 0.0885471 0.00366901
 0.970185 0.0296113 0.000203453 0 0
 0.997202 0.00247181 0.000326279 0 0
 0.445219 0.490057 0.0546422 0.010081 0
 0.90214 0.0892962 0.00764917 0.000914606 0
 0 0 0 0 0
 0.581667 0.319106 0.0959925 0.00289975 0.000334073
 0.762889 0.0836404 0.116647 0.0363945 0.000428098
 0.88444 0.0763242 0.0277011 0.0115352 0
 0.521256 0.241999 0.230069 0.00667565 0
 0.616807 0.101726 0.260614 0.0208532 0
 0.833518 0.0704572 0.0857862 0.0102388 0
 0.697417 0.212968 0.0787535 0.0105354 0.000325836
 0 0 0 0 0
ppred_PELACES
 0.558163 0.103365 0.318609 0.0198619 7.69704e-07
 0.483945 0.300341 0.0510113 0.155059 0.00964356
 0.693065 0.156751 0.0880401 0.0147238 0.0474202
 0.80681 0.138547 0.0281389 0.0155558 0.0109481
 0.725234 0.226254 0.0349668 0.00698484 0.00656071
 0.802929 0.146083 0.0420894 0.00641855 0.0024799
 0.568057 0.353758 0.0581897 0.0165134 0.00348209
 0.520098 0.284573 0.160457 0.0259711 0.00890101
 0.622799 0.203377 0.103617 0.0576985 0.0125089
 0.712493 0.185423 0.0554301 0.0278388 0.0188153
 0.751376 0.181517 0.0435147 0.0128256 0.0107666
 0.722467 0.212972 0.0473154 0.0111931 0.00605266
 0.628759 0.277384 0.0723257 0.0157919 0.0057399
 0.735226 0.179933 0.0637732 0.0162454 0.0048216
 0.975191 0.0196238 0.00356581 0.0012184 0.000400965
 0.920239 0.0780776 0.00133786 0.000238065 0.000107799
 0.506413 0.459439 0.0334418 0.000561156 0.000144641
 0.936885 0.0341281 0.0270159 0.00193048 4.0631e-05
 0.839181 0.152163 0.00472547 0.00366374 0.000266568
 0.780886 0.1883 0.0291908 0.000887561 0.000736123
 0.799687 0.160671 0.0341543 0.0051992 0.000288362
 0.812719 0.153155 0.0274635 0.00574195 0.000920191
 0.397004 0.500021 0.0844744 0.0148963 0.00360407
 0.767699 0.0973511 0.112187 0.0186819 0.0040811
 0.725029 0.215759 0.0250292 0.0284285 0.00575369
 0.470644 0.392828 0.107485 0.0122944 0.0167485
 0.784271 0.106148 0.0816163 0.0220284 0.0059361
 0.749416 0.200413 0.024874 0.018854 0.00644368
 0.483056 0.395336 0.0975508 0.0119419 0.0121147
 0.578121 0.212283 0.160809 0.0391564 0.00963077
 0.664201 0.201982 0.0678283 0.0506586 0.0153305
 0.561503 0.301212 0.0831265 0.0274867 0.0266716
 0.851824 0.0867716 0.042385 0.0115287 0.0074909
pobs_pel_tallas
 0 0 0 0 0 0 0 0 0 0 0 0 0 0 0 0 0 0 0 0 0 0 0 0 0 0
 0 0 0 0 0 0 0 0 0 0 0 0 0 0 0 0 0 0 0 0 0 0 0 0 0 0
 0 0 0 0 0 0 0 0 0 0 0 0 0 0 0 0 0 0 0 0 0 0 0 0 0 0
 0 0 0 0 0 0 0 0 0 0 0 0 0 0 0 0 0 0 0 0 0 0 0 0 0 0
 0 0 0 0 0 0 0 0 0 0 0 0 0 0 0 0 0 0 0 0 0 0 0 0 0 0
 0 0 0 0 0 0 0 0 0 0 0 0 0 0 0 0 0 0 0 0 0 0 0 0 0 0
 0 0 0 0 0 0 0 0 0 0 0 0 0 0 0 0 0 0 0 0 0 0 0 0 0 0
 0 0 0 0 0 0 0 0 0 0 0 0 0 0 0 0 0 0 0 0 0 0 0 0 0 0
 0 0 0 0 0 0 0 0 0 0 0 0 0 0 0 0 0 0 0 0 0 0 0 0 0 0
 0 0 0 0 0 0 0 0 0 0 0 0 0 0 0 0 0 0 0 0 0 0 0 0 0 0
 0 0 0 0 0 0 0 0 0 0 0 0 0 0 0 0 0 0 0 0 0 0 0 0 0 0
 0 0 0 0 0 0 0 0 0 0 0 0 0 0 0 0 0 0 0 0 0 0 0 0 0 0
 0.00862536 0 0 0.000197151 0.00414017 0.0128641 0.00837892 0.0270097 0.101434 0.158115 0.152841 0.127902 0.109271 0.109419 0.0830992 0.0579132 0.0238553 0.00714673 0.00463305 0.00128148 0.00103504 0.000492878 0.000147863 0.000147863 4.92878e-05 0
 0 0 0 0 0 0 0 0 0 0 0 0 0 0 0 0 0 0 0 0 0 0 0 0 0 0
 0 0 0 0 0 0 0 0.0054083 0.00873648 0.0413646 0.0450493 0.0745869 0.0622846 0.0627006 0.0613931 0.0827291 0.12552 0.122667 0.0946155 0.0697135 0.0546179 0.0294188 0.0215738 0.0213955 0.0102223 0.00600262
 0 0 0 0 0.00359764 0.0251062 0.0480494 0.140153 0.205849 0.193036 0.1447 0.116669 0.0760912 0.0342217 0.00950174 0.001854 0.000860785 0 0 0 0.000165536 0 0.000143464 0 0 0
 0 0 0 0 0 0 0 0.000145254 0.000435761 0.0275982 0.070085 0.0708112 0.156366 0.174668 0.174014 0.160142 0.0824315 0.0480064 0.0283245 0.00493863 0.00203355 0 0 0 0 0
 0 0 0 0 0 0 0 0 0 0 0 0 0 0 0 0 0 0 0 0 0 0 0 0 0 0
 0 0 1.00437e-05 0.000401748 0.00122533 0.00171747 0.00176769 0.0269171 0.070346 0.194647 0.189555 0.159765 0.064822 0.0314167 0.0384472 0.0292271 0.0345202 0.0313363 0.0194345 0.0106764 0.0143323 0.0359363 0.0279516 0.0138201 0.00172751 0
 0 0.0021121 0.0136068 0.0755702 0.200478 0.177729 0.0527432 0.0373336 0.0318909 0.0142505 0.0149659 0.0166563 0.0217959 0.0798694 0.0677717 0.0528807 0.04013 0.0224614 0.0357745 0.0225083 0.00881397 0.00855152 0.00135912 0.000746735 0 0
 0 0 0 0 5.4009e-05 0.00500934 0.000945158 0.0243581 0.138947 0.33067 0.221406 0.137944 0.0707744 0.0437923 0.0131692 0.00525238 0.0047753 0.00276346 9.45158e-05 9.00151e-06 2.25038e-05 9.00151e-06 4.50075e-06 0 0 0
 0.000866109 0.00284123 0.00948549 0.0512746 0.133035 0.25785 0.225252 0.132002 0.0553304 0.0519788 0.0540692 0.017754 0.00435017 0.00159236 0.00146478 0.000404838 0.000125132 0.000115318 0.000107957 0.000100596 0 0 0 0 0 0
 0 0 0 0 0.00144013 0.00171154 0.00461396 0.0210425 0.0478622 0.0707936 0.0888783 0.103762 0.0637923 0.0337046 0.0602308 0.124433 0.169614 0.0934646 0.0462172 0.0250306 0.0313229 0.00938855 0.002487 0.000210481 0 0
 0 0.00764035 0.051015 0.0998891 0.058973 0.0496711 0.0374665 0.0718981 0.12319 0.153886 0.159021 0.0857701 0.0377988 0.023471 0.0147837 0.00900784 0.00315554 0.000888139 0.00291439 0.00214683 0.00393193 0.00274676 0.000635225 9.99891e-05 0 0
 0 0 0 0 0 0 0 0 0 0 0 0 0 0 0 0 0 0 0 0 0 0 0 0 0 0
 0 0 0 0 0 0 0 0 0 0 0 0 0 0 0 0 0 0 0 0 0 0 0 0 0 0
 0 0 0 0 0 0 0 0 0 0 0 0 0 0 0 0 0 0 0 0 0 0 0 0 0 0
 0 0 0 0 0 0 0 0 0 0 0 0 0 0 0 0 0 0 0 0 0 0 0 0 0 0
 0 0 0 0 0 0 0 0 0 0 0 0 0 0 0 0 0 0 0 0 0 0 0 0 0 0
 0 0 0 0 0 0 0 0 0 0 0 0 0 0 0 0 0 0 0 0 0 0 0 0 0 0
 0 0 0 0 0 0 0 0 0 0 0 0 0 0 0 0 0 0 0 0 0 0 0 0 0 0
 0 0 0 0 0 0 0 0 0 0 0 0 0 0 0 0 0 0 0 0 0 0 0 0 0 0
 0 0 0 0 0 0 0 0 0 0 0 0 0 0 0 0 0 0 0 0 0 0 0 0 0 0
ppred_pel_tallas
 1.11213e-16 4.59752e-05 0.000446895 0.00296978 0.0135002 0.0420041 0.0894946 0.130622 0.130633 0.0895458 0.0421775 0.0140069 0.00426461 0.00334874 0.00577707 0.0100502 0.0158024 0.0226324 0.0300578 0.0376907 0.0451725 0.0518483 0.0565616 0.0579434 0.0551148 0.0482888
 1.18732e-16 3.9862e-05 0.000387473 0.0025749 0.0117051 0.0364191 0.0775959 0.11326 0.113289 0.0777377 0.0368955 0.013082 0.00603516 0.00795543 0.0144572 0.0239628 0.0348339 0.0445383 0.0505931 0.0520357 0.0500636 0.0471988 0.0456052 0.0458521 0.0468921 0.0469911
 1.12083e-16 5.70868e-05 0.000554904 0.00368754 0.016763 0.052156 0.111124 0.162193 0.162208 0.111199 0.0524063 0.0174874 0.00551151 0.0045558 0.00771236 0.0128106 0.0188082 0.0244226 0.028394 0.0301807 0.0302602 0.0297133 0.0294314 0.029587 0.0296972 0.029079
 1.04261e-16 6.64559e-05 0.000645975 0.00429273 0.0195142 0.0607158 0.129362 0.18881 0.188824 0.129427 0.0609353 0.0201484 0.00588574 0.00412697 0.00668797 0.0109798 0.0158799 0.020123 0.0224743 0.0223863 0.020325 0.0174388 0.0148382 0.0130474 0.0119512 0.0111132
 1.02878e-16 5.97366e-05 0.000580661 0.0038587 0.0175411 0.054577 0.116283 0.169723 0.169745 0.116389 0.0549349 0.0185749 0.00645391 0.00624692 0.0108237 0.0178063 0.0256619 0.032307 0.0356588 0.0347579 0.0303326 0.0242916 0.0185683 0.0142195 0.0112979 0.0093073
 1.02316e-16 6.61363e-05 0.000642868 0.00427208 0.0194203 0.0604238 0.12874 0.187902 0.187917 0.128809 0.0606555 0.02009 0.00595474 0.00432151 0.00706832 0.0116218 0.0168309 0.0213644 0.023905 0.0238346 0.0215764 0.0182614 0.0150045 0.0123688 0.0103339 0.00861536
 1.04016e-16 4.67902e-05 0.000454817 0.00302242 0.0137395 0.0427489 0.0910823 0.132944 0.132979 0.091249 0.0433086 0.0153563 0.00708155 0.0093183 0.0168871 0.0278622 0.0401754 0.050613 0.0559255 0.0546095 0.0477878 0.038415 0.029477 0.0225955 0.0178451 0.0144751
 1.08815e-16 4.28398e-05 0.000416418 0.00276725 0.0125795 0.0391397 0.0833923 0.121719 0.121747 0.0835274 0.0395937 0.0138934 0.00607453 0.00766713 0.0139039 0.0231549 0.033904 0.0437904 0.0504005 0.0525737 0.0509824 0.0474436 0.0435763 0.0399322 0.0361371 0.0316407
 1.10946e-16 5.12991e-05 0.000498646 0.00331368 0.0150635 0.0468683 0.0998586 0.145751 0.14577 0.0999551 0.0471927 0.0160024 0.00567735 0.00568143 0.00996233 0.016569 0.0242929 0.0314684 0.0364362 0.038463 0.0381345 0.036819 0.0356463 0.0348406 0.0338288 0.031855
 1.07623e-16 5.86872e-05 0.00057046 0.00379091 0.0172329 0.0536181 0.11424 0.16674 0.166758 0.114327 0.0539125 0.018084 0.0059301 0.00525005 0.00897521 0.014823 0.0215351 0.0274882 0.0310777 0.0315965 0.0296485 0.0266892 0.0240695 0.0223357 0.0212068 0.0200417
 1.04411e-16 6.18899e-05 0.000601592 0.00399779 0.0181734 0.0565442 0.120474 0.175839 0.175857 0.12056 0.0568319 0.0190048 0.00608634 0.00516625 0.00874691 0.0144047 0.0208451 0.0264288 0.0295292 0.0294057 0.0266316 0.022671 0.0189545 0.0161827 0.0142671 0.0127351
 1.03567e-16 5.95087e-05 0.000578445 0.00384397 0.0174742 0.0543687 0.115839 0.169075 0.169095 0.115939 0.0547061 0.018449 0.00629239 0.00592808 0.0102334 0.0168602 0.0243681 0.0308254 0.0343008 0.0339016 0.0302869 0.025181 0.020297 0.0165203 0.0138287 0.0117476
 1.04714e-16 5.17901e-05 0.000503418 0.00334539 0.0152077 0.0473169 0.100815 0.147148 0.147174 0.100946 0.0477567 0.0164786 0.00653812 0.00748191 0.0133309 0.0220239 0.0318787 0.0404185 0.0451439 0.0448908 0.0404892 0.034127 0.0279619 0.0230845 0.0194423 0.0164462
 1.04332e-16 6.05597e-05 0.000588662 0.00391186 0.0177828 0.0553289 0.117885 0.17206 0.172077 0.11797 0.0556148 0.0186093 0.00598955 0.00513457 0.00872442 0.014407 0.0209349 0.0267195 0.0301755 0.0305643 0.028397 0.0250107 0.0216784 0.0189725 0.0167621 0.0146411
 1.00299e-16 8.03252e-05 0.000780789 0.00518862 0.0235867 0.073387 0.156359 0.228211 0.228213 0.156368 0.0734181 0.0236765 0.00541395 0.00127294 0.00101574 0.00155404 0.00223549 0.00282092 0.00312678 0.00307058 0.00271481 0.00222206 0.00175497 0.0013992 0.00115441 0.000975452
 1.00101e-16 7.57989e-05 0.000736792 0.00489624 0.0222576 0.0692517 0.147548 0.215353 0.21536 0.147585 0.0693748 0.0226131 0.00578768 0.00268022 0.00375911 0.00607461 0.00869637 0.0108368 0.0117505 0.0110957 0.00914025 0.00659253 0.00419626 0.00239745 0.00127282 0.000667234
 1.01164e-16 4.17127e-05 0.000405462 0.00269444 0.0122486 0.0381101 0.0811991 0.118522 0.118566 0.0814152 0.0388354 0.014343 0.007949 0.0118671 0.0217826 0.0358737 0.0515044 0.064408 0.0702571 0.067042 0.0562751 0.0419959 0.0284139 0.0180101 0.0111785 0.00706176
 1.00989e-16 7.717e-05 0.00075012 0.00498481 0.0226602 0.0705044 0.150217 0.219247 0.21925 0.150233 0.0705591 0.0228186 0.00538405 0.0016271 0.00175863 0.00282659 0.00416019 0.00543014 0.0063501 0.00677641 0.00676691 0.00649844 0.00611696 0.00565285 0.00505636 0.00429309
 1.00588e-16 6.91223e-05 0.000671893 0.00446497 0.0202971 0.0631519 0.134552 0.196386 0.196401 0.134624 0.0633919 0.0209901 0.00620332 0.00446246 0.0072556 0.0118529 0.0169915 0.0212076 0.0230619 0.0218963 0.0182327 0.0134416 0.0089502 0.00559743 0.00350281 0.00234363
 1.01105e-16 6.43206e-05 0.000625219 0.0041548 0.0188871 0.058765 0.125206 0.182745 0.182763 0.125294 0.0590628 0.0197473 0.00631398 0.00533886 0.00901662 0.0148047 0.0213195 0.0268042 0.0295074 0.0286095 0.0246967 0.0193478 0.0141842 0.0101267 0.00728639 0.00532869
 1.01597e-16 6.58692e-05 0.000640272 0.00425483 0.0193419 0.0601798 0.12822 0.187144 0.18716 0.128296 0.0604342 0.020077 0.00610089 0.00467294 0.0077325 0.0126994 0.0183342 0.0231513 0.0256768 0.0252206 0.0222676 0.0181182 0.0140835 0.0108716 0.00852186 0.00673523
 1.01564e-16 6.69426e-05 0.000650706 0.00432417 0.0196571 0.0611605 0.13031 0.190194 0.190208 0.130382 0.0614029 0.0203573 0.00608217 0.00448986 0.00736238 0.0120764 0.017415 0.0219512 0.0242751 0.0237315 0.0207975 0.0167394 0.0128388 0.0097939 0.00764558 0.00608832
 1.0467e-16 3.27008e-05 0.000317863 0.00211232 0.00960231 0.0298766 0.0636571 0.0929195 0.0929677 0.0638927 0.0306677 0.0118876 0.00784966 0.0128457 0.0238344 0.0393746 0.0567705 0.0714981 0.0789515 0.0769851 0.0671639 0.0536495 0.0406695 0.0305535 0.0234737 0.0184465
 1.05827e-16 6.32344e-05 0.000614661 0.00408464 0.0185682 0.0577725 0.123091 0.179657 0.179666 0.123138 0.0579298 0.0190244 0.00523742 0.00315655 0.00496512 0.00830263 0.012408 0.0165522 0.0200106 0.0224136 0.023875 0.0247307 0.0251314 0.0248736 0.0235981 0.0211365
 1.04603e-16 5.97198e-05 0.000580497 0.00385761 0.0175361 0.0545616 0.11625 0.169675 0.169695 0.116352 0.0549028 0.0185216 0.00633148 0.00598155 0.0103194 0.0169728 0.0244652 0.030821 0.0340811 0.033375 0.0294513 0.0241723 0.0193812 0.016016 0.0139878 0.0126526
 1.0727e-16 3.87664e-05 0.000376823 0.00250412 0.0113834 0.0354182 0.0754636 0.110149 0.110187 0.075649 0.0360411 0.0131836 0.00702697 0.0102635 0.0188541 0.0312097 0.0451919 0.0573258 0.0640769 0.0637956 0.0576501 0.0487288 0.0400794 0.0332457 0.0281604 0.023996
 1.05597e-16 6.45994e-05 0.000627929 0.00417281 0.018969 0.0590197 0.125748 0.183535 0.183545 0.125799 0.0591898 0.0194619 0.00541549 0.00335866 0.00530363 0.00880449 0.0130028 0.0170375 0.0200646 0.0216848 0.0221244 0.0219572 0.0216121 0.0210914 0.0200882 0.0183218
 1.03751e-16 6.17284e-05 0.000600022 0.00398736 0.018126 0.0563967 0.12016 0.175381 0.1754 0.120254 0.0567136 0.0190414 0.0062852 0.00561661 0.00959054 0.015762 0.0227135 0.0285989 0.0315884 0.0308598 0.027095 0.0220174 0.0173476 0.0139853 0.0118938 0.0105238
 1.06164e-16 3.97888e-05 0.000386761 0.00257017 0.0116836 0.0363523 0.0774538 0.113054 0.113092 0.0776403 0.0369788 0.0134941 0.00711781 0.0103248 0.0189445 0.0313359 0.0453226 0.0573823 0.0639333 0.0633031 0.0566799 0.0472164 0.0380512 0.030817 0.0255078 0.0213174
 1.10252e-16 4.76191e-05 0.000462875 0.00307597 0.0139829 0.0435061 0.0926952 0.135296 0.135316 0.0927963 0.0438463 0.0149682 0.00555974 0.00591978 0.0105137 0.0175742 0.025941 0.033944 0.0398836 0.0429462 0.0435763 0.0429293 0.0418911 0.0405146 0.0382439 0.034569
 1.09684e-16 5.47094e-05 0.000531795 0.00353396 0.0160649 0.049984 0.106497 0.155439 0.155459 0.106592 0.050305 0.0169933 0.00586846 0.00564181 0.00980093 0.0162274 0.0236388 0.030309 0.0345308 0.0355658 0.0340746 0.0315974 0.0295048 0.0282519 0.0273934 0.0261397
 1.09747e-16 4.62503e-05 0.00044957 0.00298755 0.013581 0.0422557 0.0900312 0.131409 0.131438 0.0901735 0.0427335 0.0149622 0.00645826 0.00803863 0.0144965 0.0239914 0.034793 0.0442631 0.0497485 0.0500539 0.0461376 0.0403906 0.0350985 0.0312989 0.0287124 0.0264507
 1.0367e-16 7.01636e-05 0.000682015 0.00453223 0.0206029 0.0641032 0.136579 0.199343 0.199351 0.13662 0.0642415 0.0210029 0.00553895 0.00288805 0.00428453 0.00703724 0.0102842 0.0132579 0.015224 0.0158466 0.0153638 0.0143716 0.0133974 0.0126131 0.0118636 0.0109009
pSPR Fmed_Fpbrs
1   0.983882 0.6 0.325 0.983882 0.983882 0.983882
Fs Fmed_Fpbrs
0   0.01 0.359528 0.931027 0.01 0.01 0.01
SSBpbr Bo_Bmed_Bpbrs
872470  828846  814784 479858 239929 814784 814784 814784
Ro
151512
SPR SPRFo_SPRFmed_SPRFpbrs
1.09154e+06 1.09154e+06 1.07395e+06
Fref
0
Nvult_r0
 128565 15974.1 7917.53 2150.96 1396.95
CTP_r0
 22999 4889.82 2517.86 685.433 445.204
YTP_r0
356506
Np
 182585 67169.2 24710.2 9090.36 4574.4
Nvult_p0
 115416 42459 15619.8 5746.2 2891.57
CTP_p0
 0 0 0 0 0
 0 0 0 0 0
 0 0 0 0 0
 0 0 0 0 0
 0 0 0 0 0
 0 0 0 0 0
YTP_p0
 0 0 0 0 0 0
CBA_c0
0
log_Ro
11.7484
likeval ReclasPelacesDesembMPH_pf_preclas_ppelaces_ptallas_desvR_qrecl_qpela
 0.000389888 14.6368 0.066278 46.9227 241.143 140.845 117.098 0 20.2271 2.34036e-06 1.4561e-05 0.249061 2065.51 0 0
q_reclas_q_pelaces
1.24154 1.7154
M
1
N
 176880 33180.6 101774 6329.99 0.245175
 88095.8 59208.8 10082.7 30591 1901.57
 111656 27261.4 15346.1 2561.62 8245.9
 173596 34682.2 7119.69 3930.32 2764.8
 158979 49378.9 7579.2 1510.36 1417.89
 284098 54309.2 15635.3 2379.43 918.853
 127128 91095.4 15126.5 4286.29 903.389
 69532.1 36633.9 20437.9 3299.4 1130.18
 72874.3 24703.6 12558.9 6978.47 1512.12
 86481 23701.6 7081.58 3549.32 2397.63
 117935 27655.6 6565.75 1930.25 1619.48
 123253 41506.1 9301.24 2196.95 1187.42
 67637.3 35820 9473.54 2065.96 750.563
 29407.8 18543.7 7265.49 1857.42 551.157
 126151 3284.97 610.597 208.478 68.5774
 278248 31664.6 557.264 99.1098 44.8586
 62759.5 66959.6 4932.23 82.6513 21.2936
 376497 17627.5 14263.1 1018.39 21.4245
 391007 95258.6 3038.97 2354.95 171.268
 322197 93903.5 14777 448.772 372.026
 390716 87630.7 18740.6 2848.03 157.881
 535588 116675 21131.6 4411.65 706.656
 116887 153499 25889.4 4555.73 1101.66
 284189 37820.1 43543.4 7236.08 1579.92
 295193 91252.7 10563.9 11973 2421.97
 113609 95931.7 26116.4 2980.39 4057.99
 269598 38086.4 29239.5 7875.22 2121.07
 317252 87121.5 10776.6 8150.44 2784.09
 127529 104508 25628 3129.91 3173.5
 115604 43273.8 32643.7 7930.74 1949.59
 115041 38409.2 12952.1 9656.24 2920.73
 63561.9 35030.2 9635.35 3179.02 3083.14
 182585 20926.5 10292.9 2795.1 1815.25
pred_Ctot
 10150.1 3706.65 11964.9 746.234 0.0289076
 8970.13 11376.9 2031.94 6180.83 384.26
 11139.2 5139.75 3035.01 507.923 1635.24
 25413.5 9281.69 1991.61 1102.06 775.346
 7218.69 4401.17 711.581 142.201 133.515
 23316.9 8529.13 2579.24 393.563 152.001
 17762.5 23379.6 4059.98 1153.22 243.087
 1509.13 1586.37 933.941 151.211 51.8037
 5393.39 3518.25 1879.93 1047.41 226.989
 7228.48 3786.79 1188.31 597.167 403.453
 3241.47 1510.59 378.282 111.532 93.5898
 16679.4 10349.9 2426.36 574.501 310.549
 11155 10656.1 2941.69 642.995 233.629
 14204.9 12679.5 5069.71 1297.46 385.02
 26131.2 1190.17 230.173 78.7564 25.9093
 62956.2 12355.6 225.917 40.2619 18.2251
 9590.8 18619.9 1432.91 24.0684 6.20155
 76599.4 6289.87 5296.75 379.002 7.97419
 88822.8 37293.7 1236.03 959.781 69.8092
 54412 28523.5 4683.68 142.567 118.201
 47296 19746.5 4422.63 673.787 37.3564
 76338.1 30485.3 5772.91 1208.11 193.539
 8995.18 22684.6 4020.45 709.37 171.563
 23099.2 5885.48 7118.08 1186.04 258.995
 21981.5 13071.9 1590.47 1807.47 365.678
 6419.77 10559.4 3025.5 346.225 471.476
 20939.9 5677.99 4580.33 1236.95 333.2
 21158.1 11238.1 1461.89 1108.65 378.757
 6298.89 10104.5 2609.28 319.559 324.058
 7137.23 5185.29 4115.09 1002.5 246.477
 12722.6 7966.33 2815.61 2104.46 636.623
 4259.6 4539.54 1313.09 434.411 421.369
 22999 4889.82 2517.86 685.433 445.204
F
 0.0944007 0.19115 0.202048 0.202656 0.202689
 0.172954 0.35021 0.370178 0.371292 0.371351
 0.169199 0.342606 0.36214 0.36323 0.363288
 0.257211 0.520819 0.550514 0.552171 0.552259
 0.0740754 0.149993 0.158545 0.159023 0.159048
 0.137412 0.278243 0.294107 0.294993 0.295039
 0.24422 0.494515 0.52271 0.524283 0.524367
 0.0348373 0.0705411 0.0745631 0.0747875 0.0747993
 0.123195 0.249454 0.263677 0.26447 0.264512
 0.140095 0.283675 0.299849 0.300752 0.3008
 0.0442901 0.0896819 0.0947953 0.0950806 0.0950957
 0.235737 0.477338 0.504554 0.506073 0.506153
 0.294028 0.59537 0.629316 0.63121 0.63131
 1.1919 2.41345 2.55106 2.55873 2.55914
 0.382283 0.774074 0.818209 0.820672 0.820802
 0.424426 0.859409 0.908409 0.911143 0.911288
 0.269851 0.546413 0.577568 0.579306 0.579398
 0.374315 0.757941 0.801156 0.803567 0.803694
 0.426458 0.863523 0.912758 0.915505 0.91565
 0.302031 0.611574 0.646444 0.64839 0.648492
 0.208587 0.422363 0.446444 0.447788 0.447859
 0.249674 0.505558 0.534383 0.535992 0.536077
 0.12837 0.259934 0.274754 0.275581 0.275625
 0.136008 0.275399 0.291101 0.291978 0.292024
 0.123993 0.251071 0.265386 0.266185 0.266227
 0.0929023 0.188116 0.198841 0.19944 0.199471
 0.129629 0.262483 0.277449 0.278284 0.278328
 0.110436 0.223619 0.236369 0.23708 0.237118
 0.0807998 0.163609 0.172938 0.173458 0.173486
 0.101876 0.206286 0.218048 0.218704 0.218739
 0.189077 0.382858 0.404687 0.405905 0.40597
 0.110997 0.224755 0.23757 0.238285 0.238323
 0.217864 0.441148 0.4663 0.467704 0.467778
YTP_r0W_actual
 173413 85327.4 60605 21467.7 15693.4
YTP_p0W_proyectada
 0 0 0 0 0
 0 0 0 0 0
 0 0 0 0 0
 0 0 0 0 0
 0 0 0 0 0
 0 0 0 0 0
CTP_r0_actual
 22999 4889.82 2517.86 685.433 445.204
CTP_p0_proyectada
 0 0 0 0 0
 0 0 0 0 0
 0 0 0 0 0
 0 0 0 0 0
 0 0 0 0 0
 0 0 0 0 0
Wmedp
 7.54 17.45 24.07 31.32 35.25
Frms_r0
 0.217864 0.441148 0.4663 0.467704 0.467778
Zrms_r0
 1.21786 1.44115 1.4663 1.4677 1.46778
nmprior
 7.29 8.9 8.7 0
nm_flota  nm_reclas  nm_pelaces    nm_pelaL
inf 10.6897 18.9145 61.3073
cv_recla  cv_pelaces  cv_mph
0.570006 0.419097 0.549223
 ------------------------------------------------
Talla a la edad & desviaci?n 
 8 13.2811 15.8009 17.003 17.5766
 0.8 1.32811 1.58009 1.7003 1.75766
