years
 1991 1992 1993 1994 1995 1996 1997 1998 1999 2000 2001 2002 2003 2004 2005 2006 2007 2008 2009 2010 2011 2012 2013 2014 2015 2016 2017 2018 2019 2020 2021 2022 2023
reclasobs
 0 0 0 0 0 0 0 0 0 252601 567819 844713 477998 351125 339783 2.1784e+06 2.13404e+06 4.81314e+06 1.55562e+06 2.62356e+06 3.21686e+06 3.843e+06 1.13348e+06 3.07943e+06 1.97215e+06 2.03268e+06 2.025e+06 2.42433e+06 2.27542e+06 1.05018e+06 2.36338e+06 3.18982e+06 1.53035e+06
reclaspred
 3.28533e+06 1.76929e+06 924200 994403 1.08494e+06 2.06261e+06 1.28776e+06 1.27539e+06 1.0614e+06 873195 918519 1.05468e+06 765319 185748 777878 1.17821e+06 894673 1.91739e+06 1.93019e+06 1.7477e+06 3.19854e+06 2.67352e+06 2.06947e+06 3.00113e+06 2.32945e+06 2.06708e+06 2.5264e+06 2.84876e+06 2.40946e+06 1.83024e+06 1.40704e+06 1.19484e+06 1.10603e+06
pelacesobs
 0 0 0 0 0 0 0 0 0 0 0 0 0 0 0 552880 188675 0 991730 2.46772e+06 1.41603e+06 1.21717e+06 2.29649e+06 1.80582e+06 0 1.4828e+06 1.56532e+06 1.57751e+06 1.42118e+06 867257 1.10002e+06 1.06204e+06 0
pelacespred
 2.06199e+06 1.2076e+06 601502 512917 623939 1.21571e+06 717757 904943 724357 573450 620055 588029 452853 75429.2 459642 570559 450358 1.04424e+06 1.07642e+06 881422 1.77651e+06 1.53841e+06 1.28703e+06 1.98005e+06 1.49248e+06 1.34933e+06 1.83687e+06 1.8489e+06 1.51264e+06 1.29019e+06 851428 744067 625874
mphobs
 0 0 0 0 0 0 0 0 0 0 0 0 498337 0 5186 125008 0 168611 109162 213762 579715 649985 157893 87575 83554 210694 70296 0 107559 103333 445601 22526 28222
mphpred
 746051 508297 239586 139696 161307 209803 324244 203495 202300 166407 124486 171828 167470 71272.2 10991 105671 178921 130087 235011 326616 445617 553413 114508 95341.9 133690 112592 95180.1 109092 159778 122128 75381.7 63084.5 37119.3
desembarqueobs
 494567 514787 250237 358949 120608 361735 552515 73892 212993 205616 52469 317467 293654 387597 252695 516296 358380 742168 942051 627588 828172 859565 418607 520667 417249 300574 415391 372974 316634 284311 391294 218835 356480
desembarquepred
 494566 513949 250611 358994 120614 361740 552504 73895.6 213022 205648 52472.1 317510 293838 388051 252648 516198 358366 741815 941290 627219 828263 859482 418616 520741 417207 300590 415401 372944 316590 284251 391333 218865 356512
Reclutas
 172506 84317.5 97952.8 138926 125591 241555 99837.7 51348.9 56327.3 72801.8 108906 128452 69362.2 28656.6 113476 256598 54592.8 355569 360618 291458 343087 470893 95352.7 237159 247974 91958.5 225726 265734 107285 101255 95683.7 49644.9 125051
log_desv_Rt
 0.278187 -0.437656 -0.287759 0.0616932 -0.0392166 0.61485 -0.268699 -0.9336 -0.841065 -0.584504 -0.181756 -0.0166904 -0.632902 -1.51686 -0.140657 0.675268 -0.872343 1.00147 1.01557 0.80265 0.96574 1.28239 -0.314662 0.596486 0.641078 -0.350907 0.547078 0.710253 -0.196759 -0.254605 -0.311197 -0.967349 -0.0435266
SSB
 1.73973e+06 1.18531e+06 558696 325759 376155 489243 756111 474534 471747 388048 290291 400690 371588 159990 24686.5 236831 417230 303354 570401 553212 774751 1.0147e+06 1.00254e+06 803424 1.05141e+06 940312 748863 824408 1.25213e+06 899764 642715 550611 299926
BT
 2.53847e+06 1.73947e+06 860573 857673 770377 1.67168e+06 1.25074e+06 1.04388e+06 993395 814931 728360 912102 754918 474816 793611 1.09509e+06 768950 1.86794e+06 2.11989e+06 1.51672e+06 2.669e+06 2.49372e+06 1.72816e+06 2.70655e+06 1.99499e+06 1.70017e+06 2.486e+06 2.42065e+06 1.84179e+06 1.63926e+06 1.27742e+06 976856 1.0235e+06
Ftot
 0.248653 0.450536 0.443484 0.691461 0.208557 0.366813 0.691803 0.105367 0.375064 0.423749 0.118631 0.555261 0.657106 2.80887 0.875353 0.98358 0.671054 0.884547 1.0007 0.731327 0.518828 0.627353 0.337967 0.361757 0.329641 0.249588 0.343767 0.282949 0.211394 0.270639 0.508313 0.309827 0.673148
BD_Bspro_t
 0.960996 0.753686 0.535538 0.447361 0.457886 0.573097 0.601708 0.443756 0.529091 0.528532 0.526855 0.681928 0.537304 0.277811 0.0665716 0.378119 0.404195 0.318105 0.398553 0.35531 0.379159 0.439735 0.469757 0.455876 0.559012 0.590411 0.589132 0.638696 0.712642 0.648056 0.591377 0.535504 0.495239
BD_Bspro
 1.84884 1.25965 0.593735 0.346189 0.399745 0.519926 0.80353 0.504294 0.501332 0.412384 0.308497 0.425819 0.394892 0.170024 0.0262348 0.251684 0.443396 0.322379 0.606173 0.587907 0.823339 1.07834 1.06542 0.85381 1.11735 0.999284 0.795828 0.876111 1.33065 0.956193 0.683023 0.585143 0.318736
BD_Bo
 2.60971 1.77804 0.838078 0.488659 0.564255 0.733894 1.13421 0.71183 0.707649 0.582095 0.435454 0.601059 0.557404 0.239994 0.0370313 0.355261 0.62587 0.455049 0.855635 0.829851 1.16217 1.52211 1.50387 1.20518 1.57718 1.41052 1.12334 1.23666 1.87827 1.3497 0.964111 0.82595 0.449907
BD_Brms
 2.79675 1.90547 0.898144 0.523682 0.604696 0.786494 1.2155 0.762848 0.758367 0.623815 0.466664 0.644139 0.597354 0.257195 0.0396854 0.380724 0.670727 0.487663 0.91696 0.889328 1.24547 1.6312 1.61166 1.29156 1.69022 1.51162 1.20385 1.3253 2.01289 1.44644 1.03321 0.885147 0.482153
Sel_flota
 0.50552 1 1 1 1
 0.50552 1 1 1 1
 0.50552 1 1 1 1
 0.50552 1 1 1 1
 0.50552 1 1 1 1
 0.50552 1 1 1 1
 0.50552 1 1 1 1
 0.50552 1 1 1 1
 0.50552 1 1 1 1
 0.50552 1 1 1 1
 0.50552 1 1 1 1
 0.50552 1 1 1 1
 0.50552 1 1 1 1
 0.50552 1 1 1 1
 0.50552 1 1 1 1
 0.50552 1 1 1 1
 0.50552 1 1 1 1
 0.50552 1 1 1 1
 0.50552 1 1 1 1
 0.50552 1 1 1 1
 0.50552 1 1 1 1
 0.50552 1 1 1 1
 0.50552 1 1 1 1
 0.50552 1 1 1 1
 0.50552 1 1 1 1
 0.50552 1 1 1 1
 0.50552 1 1 1 1
 0.50552 1 1 1 1
 0.50552 1 1 1 1
 0.50552 1 1 1 1
 0.50552 1 1 1 1
 0.50552 1 1 1 1
 0.50552 1 1 1 1
Sel_reclas
 1 1 1 1 1
 1 1 1 1 1
 1 1 1 1 1
 1 1 1 1 1
 1 1 1 1 1
 1 1 1 1 1
 1 1 1 1 1
 1 1 1 1 1
 1 1 1 1 1
 1 1 1 1 1
 1 1 1 1 1
 1 1 1 1 1
 1 1 1 1 1
 1 1 1 1 1
 1 1 1 1 1
 1 1 1 1 1
 1 1 1 1 1
 1 1 1 1 1
 1 1 1 1 1
 1 1 1 1 1
 1 1 1 1 1
 1 1 1 1 1
 1 1 1 1 1
 1 1 1 1 1
 1 1 1 1 1
 1 1 1 1 1
 1 1 1 1 1
 1 1 1 1 1
 1 1 1 1 1
 1 1 1 1 1
 1 1 1 1 1
 1 1 1 1 1
 1 1 1 1 1
Sel_pelaces
 0.822956 0.959005 0.991578 0.998315 0.999665
 0.822956 0.959005 0.991578 0.998315 0.999665
 0.822956 0.959005 0.991578 0.998315 0.999665
 0.822956 0.959005 0.991578 0.998315 0.999665
 0.822956 0.959005 0.991578 0.998315 0.999665
 0.822956 0.959005 0.991578 0.998315 0.999665
 0.822956 0.959005 0.991578 0.998315 0.999665
 0.822956 0.959005 0.991578 0.998315 0.999665
 0.822956 0.959005 0.991578 0.998315 0.999665
 0.822956 0.959005 0.991578 0.998315 0.999665
 0.822956 0.959005 0.991578 0.998315 0.999665
 0.822956 0.959005 0.991578 0.998315 0.999665
 0.822956 0.959005 0.991578 0.998315 0.999665
 0.822956 0.959005 0.991578 0.998315 0.999665
 0.822956 0.959005 0.991578 0.998315 0.999665
 0.822956 0.959005 0.991578 0.998315 0.999665
 0.822956 0.959005 0.991578 0.998315 0.999665
 0.822956 0.959005 0.991578 0.998315 0.999665
 0.822956 0.959005 0.991578 0.998315 0.999665
 0.822956 0.959005 0.991578 0.998315 0.999665
 0.822956 0.959005 0.991578 0.998315 0.999665
 0.822956 0.959005 0.991578 0.998315 0.999665
 0.822956 0.959005 0.991578 0.998315 0.999665
 0.822956 0.959005 0.991578 0.998315 0.999665
 0.822956 0.959005 0.991578 0.998315 0.999665
 0.822956 0.959005 0.991578 0.998315 0.999665
 0.822956 0.959005 0.991578 0.998315 0.999665
 0.822956 0.959005 0.991578 0.998315 0.999665
 0.822956 0.959005 0.991578 0.998315 0.999665
 0.822956 0.959005 0.991578 0.998315 0.999665
 0.822956 0.959005 0.991578 0.998315 0.999665
 0.822956 0.959005 0.991578 0.998315 0.999665
 0.822956 0.959005 0.991578 0.998315 0.999665
pf_obs 
 0.8446 0.082 0.0669 0.0065 0
 0.8095 0.147 0.0364 0.0071 0
 0.9664 0.0169 0.016 0.0007 0
 0.9276 0.0648 0.0075 0.0001 0
 0.7033 0.2144 0.0806 0.0017 0
 0.9318 0.0425 0.0243 0.0014 0
 0.5671 0.3108 0.0964 0.0239 0.0018
 0.0768 0.2599 0.5324 0.112 0.0189
 0.490249 0.384438 0.106611 0.0170017 0.00170017
 0.7925 0.1577 0.0466 0.003 0.0002
 0.840416 0.127587 0.0312969 0.00059994 9.999e-05
 0.8084 0.0986 0.0794 0.0134 0.0002
 0.7335 0.1905 0.0724 0.0035 0.0001
 0.4001 0.4547 0.1325 0.0127 0
 0.49795 0.308269 0.164784 0.0264974 0.00249975
 0.9179 0.0499 0.0305 0.0017 0
 0.2467 0.6533 0.0926 0.0074 0
 0.9418 0.0223 0.034 0.0019 0
 0.707729 0.231977 0.0356964 0.0245975 0
 0.517169 0.277429 0.184464 0.0207286 0.00020938
 0.811772 0.124168 0.05621 0.00726502 0.000585176
 0.764997 0.148141 0.077277 0.00933861 0.000247198
 0.163321 0.427699 0.378323 0.0303852 0.000271297
 0.753843 0.0900009 0.118128 0.0371064 0.000921714
 0.721811 0.176058 0.0630433 0.0369309 0.00215725
 0.143369 0.312575 0.442814 0.0836902 0.0175525
 0.692698 0.0596174 0.167031 0.0765114 0.00414204
 0.394062 0.376323 0.152708 0.0712218 0.00568511
 0.125707 0.32114 0.495352 0.0537591 0.00404204
 0.23352 0.215282 0.420074 0.123614 0.00750983
 0.796117 0.104755 0.0508955 0.0450114 0.00322123
 0.162477 0.292055 0.404252 0.121198 0.0200186
 0 0 0 0 0
pf_pred 
 0.446025 0.1489 0.378248 0.0268258 1.02915e-06
 0.344191 0.414163 0.0649508 0.164993 0.011702
 0.542667 0.2484 0.131947 0.0206926 0.0562931
 0.669034 0.241079 0.048822 0.0259337 0.0151312
 0.604484 0.329003 0.048449 0.00981161 0.00825269
 0.706485 0.223869 0.0579336 0.0085313 0.00318091
 0.395686 0.508577 0.0730203 0.0188964 0.00382022
 0.386788 0.377576 0.198305 0.0284722 0.00885772
 0.490501 0.286677 0.137199 0.072058 0.0135646
 0.613367 0.263114 0.0694998 0.0332616 0.0207577
 0.670748 0.257107 0.0490967 0.0129686 0.0100799
 0.606797 0.317171 0.0593717 0.0113375 0.00532243
 0.465419 0.418712 0.0934645 0.0174958 0.00490939
 0.440408 0.379466 0.141084 0.0314927 0.00754938
 0.955307 0.0361927 0.00576445 0.0021432 0.000593086
 0.849982 0.147367 0.00214672 0.00034191 0.000162299
 0.338469 0.620913 0.0399008 0.000581241 0.000136518
 0.891047 0.0603926 0.0455784 0.00292894 5.26875e-05
 0.713391 0.273777 0.00711265 0.00536794 0.000351157
 0.647623 0.306938 0.0434045 0.00112764 0.000906704
 0.679543 0.262783 0.050237 0.00710408 0.000332964
 0.69629 0.252306 0.0421528 0.00805848 0.00119297
 0.256783 0.628775 0.0950722 0.0158837 0.00348607
 0.652009 0.149794 0.167679 0.0253534 0.00516544
 0.597097 0.324344 0.0338158 0.0378533 0.00688959
 0.325809 0.514941 0.128199 0.0133659 0.0176849
 0.674951 0.164849 0.122359 0.0304624 0.00737821
 0.625341 0.307157 0.0342339 0.02541 0.00785826
 0.343109 0.513784 0.117323 0.0130762 0.0127074
 0.443691 0.291335 0.207248 0.0473255 0.0104005
 0.508754 0.309917 0.0949605 0.0675526 0.0188158
 0.4086 0.416901 0.110088 0.0337315 0.0306795
 0.73364 0.159746 0.0751565 0.019846 0.0116116
pobs_RECLAS
 0 0 0 0 0
 0 0 0 0 0
 0 0 0 0 0
 0 0 0 0 0
 0 0 0 0 0
 0 0 0 0 0
 0 0 0 0 0
 0 0 0 0 0
 0 0 0 0 0
 0 0 0 0 0
 0.991045 0.00858322 0.000360255 1.14367e-05 0
 0.934742 0.0480273 0.0164251 0.00080598 0
 0.827803 0.169806 0.00239088 0 0
 0.941827 0.0461693 0.0120037 0 0
 0.791401 0.0380133 0.147996 0.0225897 0
 0.846168 0.0940531 0.0597789 0 0
 0.134021 0.677848 0.182769 0.00536245 0
 0.80878 0.0450904 0.141981 0.00414843 0
 0.846168 0.0940531 0.0597789 0 0
 0.905697 0.0802665 0.012482 0.00150086 5.37128e-05
 0.989698 0.0102097 9.19794e-05 0 0
 0.975433 0.0193895 0.00387452 0.00125025 5.28907e-05
 0.303575 0.632131 0.0575291 0.00676475 0
 0.966965 0.00978017 0.0227588 0.000495775 0
 0.843318 0.132988 0.00938335 0.0141283 0.000182051
 0.564624 0.303363 0.111486 0.0197234 0.00080311
 0.826376 0.0876187 0.0782897 0.00655872 0.00115652
 0.89761 0.0855135 0.0140674 0.00269457 0.000114338
 0.34875 0.467042 0.161289 0.0227151 0.000203297
 0.318654 0.224769 0.449479 0.00709798 0
 0.937255 0.0296025 0.0250945 0.00804832 0
 0.456809 0.399803 0.12412 0.0192676 0
 0.883104 0.0372192 0.0704036 0.00927362 0
ppred_RECLAS
 0.617112 0.102915 0.261432 0.018541 7.11311e-07
 0.515404 0.306036 0.047994 0.121918 0.0086469
 0.706185 0.159585 0.08477 0.013294 0.0361656
 0.806544 0.140915 0.0285374 0.0151587 0.00884447
 0.75326 0.205246 0.0302245 0.0061209 0.00514838
 0.829108 0.130342 0.0337304 0.00496713 0.001852
 0.574551 0.358048 0.0514077 0.0133035 0.00268951
 0.556244 0.273236 0.143505 0.0206042 0.00640997
 0.660037 0.191285 0.0915462 0.0480807 0.00905094
 0.762429 0.161673 0.042705 0.020438 0.0127548
 0.802019 0.1546 0.0295222 0.0077981 0.00606113
 0.759042 0.194365 0.0363835 0.00694775 0.00326163
 0.641676 0.280658 0.0626483 0.0117272 0.00329071
 0.680102 0.216926 0.0806524 0.0180032 0.00431569
 0.978153 0.0176918 0.00281779 0.00104764 0.000289913
 0.922997 0.0756421 0.00110189 0.000175499 8.33063e-05
 0.513036 0.457064 0.0293717 0.000427861 0.000100493
 0.944888 0.0305487 0.0230552 0.00148156 2.66512e-05
 0.840622 0.152242 0.00395521 0.00298501 0.000195272
 0.791783 0.181368 0.0256474 0.000666313 0.000535765
 0.811937 0.154216 0.0294821 0.0041691 0.000195403
 0.824711 0.14562 0.0243288 0.00465102 0.000688533
 0.410097 0.499068 0.0754603 0.0126072 0.00276695
 0.790596 0.0901386 0.100901 0.0152565 0.00310832
 0.748773 0.202242 0.0210856 0.0236031 0.00429595
 0.491726 0.388215 0.0966494 0.0100766 0.0133327
 0.806933 0.0979142 0.0726766 0.0180935 0.00438237
 0.76999 0.188569 0.0210168 0.0155997 0.00482433
 0.510642 0.382749 0.0874013 0.00974123 0.00946648
 0.615166 0.201535 0.143367 0.032738 0.00719466
 0.678144 0.203052 0.0622164 0.0442592 0.0123278
 0.581216 0.295217 0.0779555 0.0238861 0.0217248
 0.850129 0.0898833 0.0422878 0.0111666 0.00653344
pobs_PELACES
 0 0 0 0 0
 0 0 0 0 0
 0 0 0 0 0
 0 0 0 0 0
 0 0 0 0 0
 0 0 0 0 0
 0 0 0 0 0
 0 0 0 0 0
 0 0 0 0 0
 0 0 0 0 0
 0 0 0 0 0
 0 0 0 0 0
 0 0 0 0 0
 0 0 0 0 0
 0 0 0 0 0
 0 0 0 0 0
 0.505614 0.472636 0.0217494 0 0
 0 0 0 0 0
 0.443492 0.261883 0.143347 0.151278 0
 0.227955 0.32914 0.350689 0.0885471 0.00366901
 0.970185 0.0296113 0.000203453 0 0
 0.997202 0.00247181 0.000326279 0 0
 0.445219 0.490057 0.0546422 0.010081 0
 0.90214 0.0892962 0.00764917 0.000914606 0
 0 0 0 0 0
 0.581667 0.319106 0.0959925 0.00289975 0.000334073
 0.762889 0.0836404 0.116647 0.0363945 0.000428098
 0.88444 0.0763242 0.0277011 0.0115352 0
 0.521256 0.241999 0.230069 0.00667565 0
 0.616807 0.101726 0.260614 0.0208532 0
 0.833518 0.0704572 0.0857862 0.0102388 0
 0.697417 0.212968 0.0787535 0.0105354 0.000325836
 0 0 0 0 0
ppred_PELACES
 0.584197 0.109017 0.28634 0.0204455 7.85436e-07
 0.491959 0.316278 0.0512848 0.131163 0.00931516
 0.685587 0.16794 0.0922375 0.0145634 0.0396725
 0.798579 0.145241 0.0304125 0.0162645 0.00950248
 0.729299 0.22382 0.0340793 0.00694843 0.00585233
 0.81425 0.140501 0.0375943 0.00557375 0.00208099
 0.563333 0.365423 0.0542486 0.014134 0.00286128
 0.519171 0.29212 0.158634 0.0229311 0.00714352
 0.635463 0.201868 0.0998923 0.0528206 0.00995665
 0.744665 0.171717 0.0468987 0.0225975 0.0141216
 0.778575 0.171539 0.0338693 0.00900716 0.00701035
 0.746151 0.203364 0.039361 0.00756738 0.00355732
 0.629305 0.288137 0.0665024 0.0125333 0.00352165
 0.740433 0.174025 0.0668992 0.0150347 0.00360896
 0.977786 0.0178657 0.00294213 0.0011013 0.000305175
 0.923485 0.0751161 0.00113139 0.000181422 8.62345e-05
 0.501643 0.466781 0.0310148 0.000454867 0.000106981
 0.943632 0.0307733 0.0240135 0.00155363 2.79854e-05
 0.841776 0.150889 0.0040532 0.00307975 0.000201742
 0.785437 0.186072 0.0272064 0.000711618 0.000572967
 0.800282 0.162752 0.0321707 0.00458021 0.000214962
 0.816382 0.151635 0.0261941 0.00504164 0.000747369
 0.385371 0.517185 0.0808555 0.0136003 0.00298896
 0.771142 0.0965825 0.111786 0.0170172 0.00347173
 0.728193 0.217196 0.0234137 0.0263874 0.0048092
 0.461647 0.407771 0.104966 0.011018 0.014598
 0.788494 0.105412 0.0808991 0.0202774 0.00491797
 0.749262 0.204179 0.0235296 0.0175834 0.00544518
 0.479113 0.404295 0.0954571 0.0107114 0.0104233
 0.58503 0.213698 0.157183 0.0361368 0.00795233
 0.659592 0.211828 0.0671097 0.0480646 0.0134058
 0.553428 0.311424 0.0850283 0.0262302 0.0238891
 0.84265 0.0930211 0.0452505 0.0120301 0.00704819
pobs_pel_tallas
 0 0 0 0 0 0 0 0 0 0 0 0 0 0 0 0 0 0 0 0 0 0 0 0 0 0
 0 0 0 0 0 0 0 0 0 0 0 0 0 0 0 0 0 0 0 0 0 0 0 0 0 0
 0 0 0 0 0 0 0 0 0 0 0 0 0 0 0 0 0 0 0 0 0 0 0 0 0 0
 0 0 0 0 0 0 0 0 0 0 0 0 0 0 0 0 0 0 0 0 0 0 0 0 0 0
 0 0 0 0 0 0 0 0 0 0 0 0 0 0 0 0 0 0 0 0 0 0 0 0 0 0
 0 0 0 0 0 0 0 0 0 0 0 0 0 0 0 0 0 0 0 0 0 0 0 0 0 0
 0 0 0 0 0 0 0 0 0 0 0 0 0 0 0 0 0 0 0 0 0 0 0 0 0 0
 0 0 0 0 0 0 0 0 0 0 0 0 0 0 0 0 0 0 0 0 0 0 0 0 0 0
 0 0 0 0 0 0 0 0 0 0 0 0 0 0 0 0 0 0 0 0 0 0 0 0 0 0
 0 0 0 0 0 0 0 0 0 0 0 0 0 0 0 0 0 0 0 0 0 0 0 0 0 0
 0 0 0 0 0 0 0 0 0 0 0 0 0 0 0 0 0 0 0 0 0 0 0 0 0 0
 0 0 0 0 0 0 0 0 0 0 0 0 0 0 0 0 0 0 0 0 0 0 0 0 0 0
 0.00862536 0 0 0.000197151 0.00414017 0.0128641 0.00837892 0.0270097 0.101434 0.158115 0.152841 0.127902 0.109271 0.109419 0.0830992 0.0579132 0.0238553 0.00714673 0.00463305 0.00128148 0.00103504 0.000492878 0.000147863 0.000147863 4.92878e-05 0
 0 0 0 0 0 0 0 0 0 0 0 0 0 0 0 0 0 0 0 0 0 0 0 0 0 0
 0 0 0 0 0 0 0 0.0054083 0.00873648 0.0413646 0.0450493 0.0745869 0.0622846 0.0627006 0.0613931 0.0827291 0.12552 0.122667 0.0946155 0.0697135 0.0546179 0.0294188 0.0215738 0.0213955 0.0102223 0.00600262
 0 0 0 0 0.00359764 0.0251062 0.0480494 0.140153 0.205849 0.193036 0.1447 0.116669 0.0760912 0.0342217 0.00950174 0.001854 0.000860785 0 0 0 0.000165536 0 0.000143464 0 0 0
 0 0 0 0 0 0 0 0.000145254 0.000435761 0.0275982 0.070085 0.0708112 0.156366 0.174668 0.174014 0.160142 0.0824315 0.0480064 0.0283245 0.00493863 0.00203355 0 0 0 0 0
 0 0 0 0 0 0 0 0 0 0 0 0 0 0 0 0 0 0 0 0 0 0 0 0 0 0
 0 0 1.00437e-05 0.000401748 0.00122533 0.00171747 0.00176769 0.0269171 0.070346 0.194647 0.189555 0.159765 0.064822 0.0314167 0.0384472 0.0292271 0.0345202 0.0313363 0.0194345 0.0106764 0.0143323 0.0359363 0.0279516 0.0138201 0.00172751 0
 0 0.0021121 0.0136068 0.0755702 0.200478 0.177729 0.0527432 0.0373336 0.0318909 0.0142505 0.0149659 0.0166563 0.0217959 0.0798694 0.0677717 0.0528807 0.04013 0.0224614 0.0357745 0.0225083 0.00881397 0.00855152 0.00135912 0.000746735 0 0
 0 0 0 0 5.4009e-05 0.00500934 0.000945158 0.0243581 0.138947 0.33067 0.221406 0.137944 0.0707744 0.0437923 0.0131692 0.00525238 0.0047753 0.00276346 9.45158e-05 9.00151e-06 2.25038e-05 9.00151e-06 4.50075e-06 0 0 0
 0.000866109 0.00284123 0.00948549 0.0512746 0.133035 0.25785 0.225252 0.132002 0.0553304 0.0519788 0.0540692 0.017754 0.00435017 0.00159236 0.00146478 0.000404838 0.000125132 0.000115318 0.000107957 0.000100596 0 0 0 0 0 0
 0 0 0 0 0.00144013 0.00171154 0.00461396 0.0210425 0.0478622 0.0707936 0.0888783 0.103762 0.0637923 0.0337046 0.0602308 0.124433 0.169614 0.0934646 0.0462172 0.0250306 0.0313229 0.00938855 0.002487 0.000210481 0 0
 0 0.00764035 0.051015 0.0998891 0.058973 0.0496711 0.0374665 0.0718981 0.12319 0.153886 0.159021 0.0857701 0.0377988 0.023471 0.0147837 0.00900784 0.00315554 0.000888139 0.00291439 0.00214683 0.00393193 0.00274676 0.000635225 9.99891e-05 0 0
 0 0 0 0 0 0 0 0 0 0 0 0 0 0 0 0 0 0 0 0 0 0 0 0 0 0
 0 0 0 0 0 0 0 0 0 0 0 0 0 0 0 0 0 0 0 0 0 0 0 0 0 0
 0 0 0 0 0 0 0 0 0 0 0 0 0 0 0 0 0 0 0 0 0 0 0 0 0 0
 0 0 0 0 0 0 0 0 0 0 0 0 0 0 0 0 0 0 0 0 0 0 0 0 0 0
 0 0 0 0 0 0 0 0 0 0 0 0 0 0 0 0 0 0 0 0 0 0 0 0 0 0
 0 0 0 0 0 0 0 0 0 0 0 0 0 0 0 0 0 0 0 0 0 0 0 0 0 0
 0 0 0 0 0 0 0 0 0 0 0 0 0 0 0 0 0 0 0 0 0 0 0 0 0 0
 0 0 0 0 0 0 0 0 0 0 0 0 0 0 0 0 0 0 0 0 0 0 0 0 0 0
 0 0 0 0 0 0 0 0 0 0 0 0 0 0 0 0 0 0 0 0 0 0 0 0 0 0
ppred_pel_tallas
 1.10342e-16 4.81195e-05 0.000467739 0.00310829 0.0141298 0.0439632 0.0936687 0.136715 0.136725 0.0937223 0.0441445 0.0146587 0.00445617 0.00347739 0.00596055 0.0102894 0.0160061 0.0225972 0.0294801 0.0362411 0.042618 0.0481698 0.0520061 0.0529764 0.0502883 0.044082
 1.16292e-16 4.0522e-05 0.000393889 0.00261753 0.0118989 0.0370222 0.0788807 0.115135 0.115166 0.07903 0.0375235 0.0133477 0.00625751 0.00835169 0.0151905 0.0251522 0.0364921 0.0464968 0.0524873 0.0533796 0.0503858 0.0461702 0.0431098 0.0419979 0.0419858 0.0414871
 1.10879e-16 5.64709e-05 0.000548918 0.00364775 0.0165822 0.0515933 0.109926 0.160443 0.160459 0.110005 0.0518613 0.0173578 0.00560046 0.00483101 0.00824621 0.0136948 0.0200817 0.0260198 0.0301354 0.0318201 0.0315609 0.0305057 0.0296266 0.0291618 0.0286802 0.0275541
 1.04155e-16 6.57779e-05 0.000639385 0.00424894 0.0193151 0.0600964 0.128042 0.186884 0.186898 0.128111 0.0603265 0.01998 0.00591913 0.00428916 0.00700866 0.0115131 0.0166528 0.0211039 0.0235703 0.0234734 0.0212947 0.0182297 0.0154367 0.0134665 0.0122087 0.0112253
 1.02728e-16 6.00715e-05 0.000583916 0.00388033 0.0176394 0.0548829 0.116935 0.170674 0.170696 0.11704 0.0552369 0.018662 0.00644742 0.00618862 0.0107066 0.0176109 0.0253773 0.0319423 0.0352438 0.0343312 0.0299247 0.0239138 0.0182146 0.0138771 0.0109586 0.00897286
 1.02033e-16 6.70687e-05 0.000651932 0.00433232 0.0196941 0.0612757 0.130555 0.190551 0.190565 0.130621 0.0614984 0.0203378 0.00594958 0.00418685 0.00679345 0.0111584 0.0161458 0.020466 0.0228461 0.0226895 0.0204081 0.0171038 0.0138693 0.0112674 0.00929259 0.0076733
 1.03561e-16 4.64011e-05 0.000451035 0.00299729 0.0136253 0.0423934 0.090325 0.131839 0.131875 0.0904971 0.0429714 0.0152946 0.00718787 0.00959985 0.0174239 0.0287374 0.0414061 0.0520966 0.0574369 0.0558659 0.0485508 0.0385711 0.0290575 0.0217379 0.0167317 0.0132809
 1.08162e-16 4.27635e-05 0.000415677 0.00276232 0.0125571 0.03907 0.0832438 0.121503 0.121531 0.0833824 0.0395359 0.013905 0.00615469 0.00785107 0.0142513 0.0237208 0.0346982 0.0447432 0.0513589 0.0533414 0.0513837 0.0473778 0.0430355 0.0389853 0.0349 0.0302492
 1.09917e-16 5.23423e-05 0.000508785 0.00338106 0.0153698 0.0478213 0.101889 0.148714 0.148734 0.101985 0.0481432 0.0163013 0.00572558 0.0056484 0.00987723 0.0164154 0.0240441 0.0310951 0.0359046 0.0377294 0.0371446 0.0355182 0.0340027 0.0328699 0.0316083 0.0295169
 1.06054e-16 6.13371e-05 0.000596218 0.00396208 0.0180111 0.0560392 0.119398 0.174268 0.174285 0.119479 0.0563116 0.0187986 0.0059411 0.00492393 0.00830291 0.0136894 0.0198588 0.0252862 0.0284673 0.0287329 0.0266389 0.0235494 0.0207531 0.0188093 0.017515 0.0163213
 1.03111e-16 6.41302e-05 0.000623368 0.0041425 0.0188312 0.058591 0.124835 0.182204 0.18222 0.124916 0.0588626 0.019616 0.00611319 0.00492827 0.00824846 0.0135576 0.019578 0.0247354 0.0274708 0.0270695 0.0240777 0.0199095 0.0159726 0.0129985 0.0109665 0.00946827
 1.02549e-16 6.14595e-05 0.000597408 0.00396999 0.018047 0.056151 0.119636 0.174617 0.174637 0.119732 0.056473 0.0189771 0.00630546 0.00569848 0.00975731 0.0160544 0.0231695 0.0292375 0.0323959 0.0317801 0.0280227 0.0227949 0.0177791 0.013879 0.0111263 0.00910029
 1.03846e-16 5.18351e-05 0.000503856 0.0033483 0.0152209 0.047358 0.100902 0.147276 0.147303 0.101038 0.0478145 0.0165399 0.00666124 0.00774257 0.0138186 0.0228128 0.0329739 0.0417073 0.0463928 0.0458071 0.04082 0.0337429 0.0268841 0.0214558 0.0174711 0.0143529
 1.04094e-16 6.09885e-05 0.00059283 0.00393956 0.0179087 0.0557207 0.118719 0.173278 0.173295 0.118802 0.0559973 0.0187086 0.00595076 0.00499442 0.00845312 0.0139638 0.02031 0.0259605 0.0293869 0.0298711 0.0278917 0.0247134 0.0215347 0.0188858 0.0166383 0.0144229
 1.00252e-16 8.05389e-05 0.000782867 0.00520243 0.0236495 0.0735823 0.156775 0.228818 0.22882 0.156783 0.0736106 0.0237311 0.00540746 0.0012306 0.000931305 0.00141334 0.00203097 0.00255991 0.00283205 0.00277207 0.00243743 0.00197758 0.0015426 0.00121251 0.000988211 0.000828678
 1.00085e-16 7.60662e-05 0.000739391 0.00491351 0.0223361 0.069496 0.148069 0.216112 0.21612 0.148104 0.0696145 0.0226781 0.00577108 0.00260893 0.00361921 0.00584332 0.00836417 0.0104212 0.0112966 0.0106616 0.00877397 0.00631607 0.00400454 0.00226967 0.00118618 0.000605038
 1.01079e-16 4.13197e-05 0.000401643 0.00266906 0.0121332 0.0377511 0.0804343 0.117406 0.117451 0.0806538 0.0384879 0.0142607 0.00800652 0.0120434 0.0221216 0.0364282 0.0522875 0.0653601 0.0712449 0.0678997 0.0568674 0.042267 0.0283952 0.0177907 0.0108626 0.00673587
 1.00862e-16 7.77257e-05 0.000755521 0.00502071 0.0228234 0.0710121 0.151299 0.220826 0.220829 0.151314 0.0710614 0.0229662 0.00538056 0.00154589 0.00159283 0.00254675 0.00374574 0.00488549 0.00570642 0.00607855 0.00605452 0.00579549 0.00543583 0.00500605 0.00446364 0.00377843
 1.00499e-16 6.9336e-05 0.000673971 0.00447877 0.0203599 0.0633472 0.134968 0.196993 0.197008 0.135039 0.0635852 0.021047 0.00620229 0.00443199 0.0071935 0.0117486 0.016838 0.0210076 0.0228282 0.0216457 0.017978 0.0131873 0.00869435 0.00533804 0.00324312 0.0020931
 1.01002e-16 6.46954e-05 0.000628863 0.00417901 0.0189972 0.0591074 0.125935 0.18381 0.183828 0.126023 0.0594017 0.019847 0.00631204 0.005285 0.00890654 0.0146189 0.0210443 0.0264424 0.0290797 0.0281452 0.0242214 0.0188765 0.0137239 0.00968442 0.00687453 0.00496319
 1.01466e-16 6.59182e-05 0.000640748 0.004258 0.0193563 0.0602246 0.128315 0.187283 0.187299 0.128392 0.0604822 0.0201006 0.00612704 0.00472297 0.00782484 0.0128472 0.018536 0.0233815 0.025886 0.0253485 0.0222646 0.0179636 0.0137913 0.0104832 0.00809119 0.00631387
 1.01427e-16 6.72443e-05 0.000653639 0.00434366 0.0197457 0.0614362 0.130897 0.191051 0.191065 0.130968 0.0616761 0.0204388 0.00608378 0.00445346 0.00728703 0.0119488 0.0172253 0.0217 0.023974 0.0233967 0.0204415 0.0163668 0.0124496 0.00939112 0.00724035 0.00569924
 1.04336e-16 3.17426e-05 0.000308549 0.00205042 0.00932095 0.0290012 0.0617919 0.0901976 0.0902474 0.0620356 0.0298192 0.0116839 0.00798216 0.0132591 0.0246313 0.0406807 0.0586217 0.0737617 0.0813227 0.0790795 0.0686612 0.0544038 0.0407274 0.0300921 0.0227115 0.0175766
 1.05545e-16 6.3518e-05 0.000617418 0.00410296 0.0186515 0.0580316 0.123643 0.180462 0.180472 0.123689 0.0581876 0.0191041 0.00524664 0.0031392 0.0049265 0.0082363 0.0123072 0.0164138 0.0198339 0.0221963 0.0236089 0.0244013 0.0247238 0.0243818 0.0230326 0.0205266
 1.04192e-16 5.99804e-05 0.000583031 0.00387444 0.0176127 0.0547997 0.116757 0.170415 0.170436 0.11686 0.0551431 0.0186045 0.00636389 0.00601743 0.0103811 0.0170689 0.0245906 0.0309503 0.0341676 0.0333588 0.0292757 0.0238002 0.018805 0.0152602 0.0131043 0.0117108
 1.06709e-16 3.80254e-05 0.00036962 0.00245626 0.0111658 0.0347412 0.0740213 0.108044 0.108084 0.0742137 0.0353876 0.0130337 0.00714848 0.0106246 0.0195488 0.0323484 0.0468061 0.0592994 0.066142 0.0656109 0.0589246 0.0493169 0.0399996 0.0326322 0.027193 0.0228493
 1.05228e-16 6.49472e-05 0.00063131 0.00419528 0.0190711 0.0593374 0.126425 0.184523 0.184533 0.126475 0.0595064 0.0195606 0.00542909 0.00334233 0.00526549 0.00873801 0.0128998 0.0168917 0.0198707 0.0214347 0.0218037 0.0215464 0.0210938 0.0204608 0.0193617 0.0175376
 1.03417e-16 6.17158e-05 0.000599899 0.00398654 0.0181223 0.0563852 0.120135 0.175345 0.175365 0.120231 0.056708 0.0190546 0.00632672 0.00570827 0.00976297 0.0160421 0.023105 0.0290651 0.0320508 0.0312183 0.0272611 0.021942 0.01703 0.0134649 0.0112333 0.00979442
 1.05697e-16 3.9464e-05 0.000383604 0.00254919 0.0115883 0.0360556 0.0768216 0.112132 0.112171 0.0770124 0.0366961 0.0134392 0.0071981 0.0105416 0.019359 0.0320135 0.0462792 0.0585429 0.0651298 0.0643212 0.0573352 0.0474137 0.0377989 0.0302 0.024646 0.0203334
 1.09561e-16 4.81882e-05 0.000468407 0.00311273 0.01415 0.0440261 0.093803 0.136913 0.136933 0.0939047 0.0443683 0.0151413 0.00561099 0.00595567 0.0105681 0.0176532 0.0260303 0.0340035 0.0398459 0.0427272 0.0430961 0.0421361 0.0407784 0.0391271 0.0366709 0.0329279
 1.0908e-16 5.43298e-05 0.000528105 0.00350944 0.0159534 0.0496372 0.105758 0.154361 0.154382 0.105858 0.0499737 0.0169265 0.00595568 0.0058812 0.0102596 0.0169793 0.0247048 0.0316115 0.0358892 0.0367467 0.0348712 0.031893 0.0292889 0.0275963 0.0264137 0.0249672
 1.09207e-16 4.55852e-05 0.000443104 0.00294459 0.0133857 0.041648 0.0887365 0.12952 0.12955 0.0888836 0.042142 0.0148135 0.00653223 0.00828728 0.0149797 0.0247897 0.0359381 0.0456909 0.0512934 0.0514966 0.0472808 0.0411157 0.0353762 0.0311638 0.0282324 0.0257107
 1.03729e-16 6.9408e-05 0.00067467 0.00448342 0.020381 0.0634129 0.135108 0.197196 0.197205 0.135152 0.0635611 0.0208098 0.00556249 0.00303914 0.00458607 0.00754056 0.0110177 0.0141975 0.0162905 0.0169338 0.0163801 0.0152673 0.014163 0.0132574 0.0123937 0.0113165
pSPR Fmed_Fpbrs
1   0.983121 0.6 0.325 0.983121 0.983121 0.983121
Fs Fmed_Fpbrs
0   0.01 0.340374 0.873526 0.01 0.01 0.01
SSBpbr Bo_Bmed_Bpbrs
666640  633308  622056 366652 183326 622056 622056 622056
Ro
130614
SPR SPRFo_SPRFmed_SPRFpbrs
940986 940986 925103
Fref
0
Nvult_r0
 92316.1 12685.3 5968.09 1575.94 922.066
CTP_r0
 23438.4 5103.58 2401.11 634.04 370.969
YTP_r0
356512
Np
 125051 46003.5 16923.8 6225.9 3132.96
Nvult_p0
 79047 29079.8 10697.9 3935.52 1980.41
CTP_p0
 0 0 0 0 0
 0 0 0 0 0
 0 0 0 0 0
 0 0 0 0 0
 0 0 0 0 0
 0 0 0 0 0
YTP_p0
 0 0 0 0 0 0
CBA_c0
0
log_Ro
11.6
likeval ReclasPelacesDesembMPH_pf_preclas_ppelaces_ptallas_desvR_qrecl_qpela
 0.00037862 14.9344 0.0409662 44.4713 240.741 140.337 117.973 0 20.6749 9.17206e-06 3.64202e-05 0.134924 2068.65 0 0
q_reclas_q_pelaces
1.53465 2.34777
M
1
N
 172506 30592.6 77713.7 5511.54 0.211446
 84317.5 55965.3 8776.73 22295.4 1581.27
 97952.8 24700.8 13120.8 2057.66 5597.75
 138926 28797.7 5831.94 3097.86 1807.47
 125591 36031.4 5305.98 1074.54 903.809
 241555 41579.1 10760 1584.51 590.789
 99837.7 73822.5 10599.3 2742.91 554.524
 51348.9 25889.2 13597.2 1952.25 607.346
 56327.3 17910.4 8571.63 4501.88 847.455
 72801.8 17142.8 4528.16 2167.11 1352.44
 108906 21618 4128.15 1090.42 847.541
 128452 37732.4 7063.19 1348.78 633.185
 69362.2 35689.6 7966.6 1491.28 418.46
 28656.6 18304.8 6805.65 1519.15 364.169
 113476 2548.35 405.877 150.904 41.7594
 256598 26818.1 390.664 62.2213 29.5354
 54592.8 57414.2 3689.53 53.7459 12.6235
 355569 14305.9 10796.7 693.811 12.4807
 360618 83643.3 2173.03 1639.99 107.284
 291458 79993.5 11312 293.883 236.303
 343087 74083.6 14162.8 2002.78 93.869
 470893 97096.6 16222 3101.2 459.1
 95352.7 126152 19074.5 3186.78 699.418
 237159 29569.2 33099.7 5004.75 1019.66
 247974 72664.6 7575.93 8480.48 1543.51
 91958.5 77221.8 19225 2004.38 2652.07
 225726 29819.6 22133.6 5510.33 1334.64
 265734 69793.5 7778.77 5773.78 1785.59
 107285 84729.2 19348.1 2156.42 2095.6
 101255 35467.7 25230.8 5761.5 1266.17
 95683.7 32486.5 9954.08 7081.09 1972.33
 49644.9 27223.6 7188.72 2202.67 2003.37
 125051 15615.6 7346.75 1939.99 1135.07
pred_Ctot
 13013.3 4344.34 11035.9 782.675 0.0300267
 11059.2 13307.5 2086.94 5301.41 375.996
 12664.6 5797.1 3079.35 482.918 1313.75
 26650.7 9603.3 1944.8 1033.06 602.745
 8012.56 4361.01 642.202 130.055 109.391
 26237.5 8314.1 2151.55 316.837 118.133
 19160.5 24627 3535.89 915.029 184.988
 1691.04 1650.76 866.989 124.48 38.7259
 6245.35 3650.14 1746.9 917.485 172.712
 9029.93 3873.53 1023.17 489.674 305.592
 4026.84 1543.54 294.753 77.8571 60.515
 20331.1 10627 1989.29 379.871 178.331
 12731.2 11453.6 2556.66 478.586 134.293
 15319.5 13199.6 4907.57 1095.46 262.603
 26583.3 1007.14 160.407 59.6388 16.5038
 66148.2 11468.6 167.064 26.6085 12.6306
 10204.8 18720.5 1203 17.5243 4.11601
 84022.1 5694.78 4297.86 276.187 4.96822
 94271.2 36178.3 939.903 709.347 46.4037
 58672.2 27807.5 3932.29 102.16 82.144
 51112.4 19765.4 3778.62 534.339 25.0441
 83006.3 30077.9 5025.12 960.67 142.217
 9599.05 23504.8 3553.99 593.765 130.316
 25431.3 5842.62 6540.21 988.895 201.475
 24389.8 13248.6 1381.28 1546.21 281.422
 6961.79 11003.1 2739.32 285.598 377.886
 23086.2 5638.55 4185.21 1041.94 252.366
 22650.5 11125.6 1239.99 920.38 284.635
 6933.68 10382.7 2370.92 264.248 256.795
 8276.15 5434.26 3865.8 882.762 194
 13995.4 8525.57 2612.29 1858.32 517.607
 4608.07 4701.69 1241.54 380.414 345.994
 23438.4 5103.58 2401.11 634.04 370.969
F
 0.125699 0.248653 0.248653 0.248653 0.248653
 0.227755 0.450536 0.450536 0.450536 0.450536
 0.22419 0.443484 0.443484 0.443484 0.443484
 0.349548 0.691461 0.691461 0.691461 0.691461
 0.10543 0.208557 0.208557 0.208557 0.208557
 0.185432 0.366813 0.366813 0.366813 0.366813
 0.34972 0.691803 0.691803 0.691803 0.691803
 0.0532651 0.105367 0.105367 0.105367 0.105367
 0.189602 0.375064 0.375064 0.375064 0.375064
 0.214214 0.423749 0.423749 0.423749 0.423749
 0.0599704 0.118631 0.118631 0.118631 0.118631
 0.280696 0.555261 0.555261 0.555261 0.555261
 0.332181 0.657106 0.657106 0.657106 0.657106
 1.41994 2.80887 2.80887 2.80887 2.80887
 0.442509 0.875353 0.875353 0.875353 0.875353
 0.49722 0.98358 0.98358 0.98358 0.98358
 0.339231 0.671054 0.671054 0.671054 0.671054
 0.447157 0.884547 0.884547 0.884547 0.884547
 0.505874 1.0007 1.0007 1.0007 1.0007
 0.369701 0.731327 0.731327 0.731327 0.731327
 0.262278 0.518828 0.518828 0.518828 0.518828
 0.31714 0.627353 0.627353 0.627353 0.627353
 0.170849 0.337967 0.337967 0.337967 0.337967
 0.182876 0.361757 0.361757 0.361757 0.361757
 0.16664 0.329641 0.329641 0.329641 0.329641
 0.126172 0.249588 0.249588 0.249588 0.249588
 0.173781 0.343767 0.343767 0.343767 0.343767
 0.143037 0.282949 0.282949 0.282949 0.282949
 0.106864 0.211394 0.211394 0.211394 0.211394
 0.136814 0.270639 0.270639 0.270639 0.270639
 0.256963 0.508313 0.508313 0.508313 0.508313
 0.156624 0.309827 0.309827 0.309827 0.309827
 0.34029 0.673148 0.673148 0.673148 0.673148
YTP_r0W_actual
 176725 89057.6 57794.6 19858.1 13076.7
YTP_p0W_proyectada
 0 0 0 0 0
 0 0 0 0 0
 0 0 0 0 0
 0 0 0 0 0
 0 0 0 0 0
 0 0 0 0 0
CTP_r0_actual
 23438.4 5103.58 2401.11 634.04 370.969
CTP_p0_proyectada
 0 0 0 0 0
 0 0 0 0 0
 0 0 0 0 0
 0 0 0 0 0
 0 0 0 0 0
 0 0 0 0 0
Wmedp
 7.54 17.45 24.07 31.32 35.25
Frms_r0
 0.34029 0.673148 0.673148 0.673148 0.673148
Zrms_r0
 1.34029 1.67315 1.67315 1.67315 1.67315
nmprior
 7.29 8.9 8.7 0
nm_flota  nm_reclas  nm_pelaces    nm_pelaL
inf 11.3045 18.489 59.3851
cv_recla  cv_pelaces  cv_mph
0.561709 0.423335 0.534684
 ------------------------------------------------
Talla a la edad & desviaci?n 
 8 13.2811 15.8009 17.003 17.5766
 0.8 1.32811 1.58009 1.7003 1.75766
