    unsorted:	 1.070878912e-05 0.007329553659 23.75977889 33.24151317 18.43664163 14.22838243 49.28519579 68.41614926 87.21918544 103.4780731 113.1354534 124.2935606 201.7192482 198.9793120 240.9592155 445.3418862 578.7731292 634.8526886 705.2807195 764.6613347 808.7972518 1001.584702 938.5856597 1088.756343 1181.753794 1241.249570 1333.497583 1387.011801 1607.250506 1838.577693 1895.530296 2099.218724 2304.212262 2374.952258 2569.201815 3051.011061 3626.744295 3878.612185 4271.731603 4292.299894 4638.521930 5012.512268 5619.864941 8406.076385 181665.5823 310677.4935 320927.0341 271222.7891 366841.3257 377519.2004 401628.0541 449071.9120 469590.8331 489941.9965 566761.5310 584001.7005 738356.9300 768162.6583 839967.8774 952401.8338 1220151.702 1162474.544 1420252.904 1571332.757 1707879.668 1792604.406 1910206.089 2494026.872 2636513.386 2814867.013 2856276.482 34153516.63
      sorted:	 1.070878912e-05 0.007329553659 14.22838243 18.43664163 23.75977889 33.24151317 49.28519579 68.41614926 87.21918544 103.4780731 113.1354534 124.2935606 198.9793120 201.7192482 240.9592155 445.3418862 578.7731292 634.8526886 705.2807195 764.6613347 808.7972518 938.5856597 1001.584702 1088.756343 1181.753794 1241.249570 1333.497583 1387.011801 1607.250506 1838.577693 1895.530296 2099.218724 2304.212262 2374.952258 2569.201815 3051.011061 3626.744295 3878.612185 4271.731603 4292.299894 4638.521930 5012.512268 5619.864941 8406.076385 181665.5823 271222.7891 310677.4935 320927.0341 366841.3257 377519.2004 401628.0541 449071.9120 469590.8331 489941.9965 566761.5310 584001.7005 738356.9300 768162.6583 839967.8774 952401.8338 1162474.544 1220151.702 1420252.904 1571332.757 1707879.668 1792604.406 1910206.089 2494026.872 2636513.386 2814867.013 2856276.482 34153516.63
