years
 1997 1998 1999 2000 2001 2002 2003 2004 2005 2006 2007 2008 2009 2010 2011 2012 2013 2014 2015 2016 2017 2018 2019 2020 2021 2022 2023
reclasobs
 0 0 0 370054 412103 1.49427e+06 250295 1.28982e+06 931140 785840 897777 1.04006e+06 184774 17550 25797 100020 73551 82996 120727 218422 84188 347160 605670 569463 516374 1.08416e+06 1.01767e+06
reclaspred
 872301 205933 435858 220547 317286 296141 556380 398793 609474 1.01162e+06 1.02754e+06 692370 386368 148077 125835 138531 99957.1 80126.5 85027.7 124249 241450 315287 549393 602897 733889 480538 256885
pelacesobs
 0 0 0 0 0 0 0 0 0 2.06254e+06 1.5e+06 0 1.87456e+06 323000 250000 174000 83755 137374 0 501740 490994 745055 786931 1.00524e+06 1.33801e+06 1.41789e+06 0
pelacespred
 641999 112286 135684 107037 153135 72821.5 389717 214612 439083 583303 376873 294361 190206 67642.5 62342.7 49365.7 34541.7 32567.9 37139.5 48236.6 143777 122946 165625 232780 209505 144123 110247
mphobs
 0 0 0 0 0 0 112323 0 153150 637223 0 255016 313432 73983 77613 109348 50772 17779 17303 59886 28197 0 207744 136588 643089 65757 70829
mphpred
 415094 217747 208077 141996 137198 201749 218224 323263 301801 544977 702063 429462 269128 131467 74121.2 76761.8 51490.8 39302.4 42648.7 56884.5 94858.7 178456 223826 295090 352610 232493 133138
desembarqueobs
 350755 77701 442110 56441 14545 235359 269955 359681 431902 328805 639364 411747 362871 311530 167758 66681 60226 58785 57116 73181 50977 67692 138656 160484 209506 203330 245020
desembarquepred
 350757 77695.8 442051 56448 14545.8 235595 269959 359120 431410 328657 639590 411693 362701 311349 167645 66719.3 60326.3 58781.1 57025.9 73139 50967.9 67650.7 138680 160437 209677 203426 245014
Reclutas
 33240.8 38604.4 13882 15792.3 28431.7 15304.8 53346.7 44243.5 103412 126781 50787.4 52941.5 48386.8 31050.2 18646.6 8654.39 4840.41 6030.56 10914.4 9760.84 25553.9 26491.8 33025.5 48050.1 10439.2 17414.6 39713.1
log_desv_Rt
 0.282296 0.431883 -0.590891 -0.461962 0.126022 -0.493318 0.75533 0.568225 1.41724 1.62098 0.706165 0.747704 0.657743 0.214122 -0.295819 -1.06342 -1.64448 -1.42464 -0.831397 -0.943105 0.0193056 0.0553538 0.275798 0.650761 -0.875913 -0.364177 0.460198
SSB
 415094 217747 208077 141996 137198 201749 208014 315946 289587 530876 702063 429462 282132 141820 83091.3 85202.6 62722.5 46312.9 45240.4 65251.3 98079.9 178456 231880 287854 388304 275795 147529
BT
 1.42394e+06 336983 476631 253195 286924 319535 900921 761442 1.17993e+06 1.35007e+06 1.23276e+06 897365 683401 396942 244681 142857 114106 106094 112536 140407 299588 281835 392141 551903 538249 441794 397474
Ftot
 1.12937 1.10319 2.29012 0.693683 0.137551 1.78764 1.73248 2.63819 2.7986 1.08047 1.51961 1.51635 2.49586 4.95303 3.85012 1.23393 1.49092 1.95994 2.05709 1.63777 0.722676 0.582422 0.646721 0.740658 0.678497 0.994105 2.73695
BD_Bspro_t
 0.900016 0.608615 0.484505 0.248449 0.348422 0.486702 0.362971 0.418011 0.365588 0.460959 0.48831 0.305695 0.228087 0.145071 0.102456 0.123668 0.127844 0.134725 0.167288 0.271932 0.385813 0.592353 0.612237 0.592813 0.59958 0.44418 0.296387
BD_Bspro
 0.801798 0.420601 0.401923 0.274281 0.265012 0.389701 0.401801 0.610284 0.559367 1.02544 1.35611 0.829553 0.544969 0.273941 0.1605 0.164578 0.121155 0.0894583 0.0873866 0.12604 0.189452 0.344707 0.447901 0.556021 0.75005 0.532727 0.284969
BD_Bo
 0.862995 0.452703 0.4326 0.295215 0.285239 0.419444 0.432469 0.656864 0.602061 1.10371 1.45961 0.892868 0.586564 0.29485 0.17275 0.177139 0.130402 0.0962862 0.0940564 0.13566 0.203912 0.371016 0.482087 0.598459 0.807298 0.573387 0.306719
BD_Brms
 2.2926 1.20263 1.14923 0.784257 0.757755 1.11428 1.14888 1.745 1.59941 2.93208 3.87755 2.37196 1.55824 0.783286 0.45892 0.470581 0.346422 0.25579 0.249867 0.360389 0.541704 0.985627 1.28069 1.58984 2.14464 1.52324 0.814817
S_f
 0.0874549 0.645502 0.971908 0.998481 0.99992
 0.0874549 0.645502 0.971908 0.998481 0.99992
 0.0874549 0.645502 0.971908 0.998481 0.99992
 0.0874549 0.645502 0.971908 0.998481 0.99992
 0.0874549 0.645502 0.971908 0.998481 0.99992
 0.0874549 0.645502 0.971908 0.998481 0.99992
 0.0874549 0.645502 0.971908 0.998481 0.99992
 0.0874549 0.645502 0.971908 0.998481 0.99992
 0.0874549 0.645502 0.971908 0.998481 0.99992
 0.0874549 0.645502 0.971908 0.998481 0.99992
 0.0874549 0.645502 0.971908 0.998481 0.99992
 0.0874549 0.645502 0.971908 0.998481 0.99992
 0.0874549 0.645502 0.971908 0.998481 0.99992
 0.0874549 0.645502 0.971908 0.998481 0.99992
 0.0874549 0.645502 0.971908 0.998481 0.99992
 0.0874549 0.645502 0.971908 0.998481 0.99992
 0.0874549 0.645502 0.971908 0.998481 0.99992
 0.0874549 0.645502 0.971908 0.998481 0.99992
 0.0874549 0.645502 0.971908 0.998481 0.99992
 0.0874549 0.645502 0.971908 0.998481 0.99992
 0.0874549 0.645502 0.971908 0.998481 0.99992
 0.0874549 0.645502 0.971908 0.998481 0.99992
 0.0874549 0.645502 0.971908 0.998481 0.99992
 0.0874549 0.645502 0.971908 0.998481 0.99992
 0.0874549 0.645502 0.971908 0.998481 0.99992
 0.0874549 0.645502 0.971908 0.998481 0.99992
 0.0874549 0.645502 0.971908 0.998481 0.99992
Scru_reclas
 0.263934 0.643439 0.900811 0.978589 0.995671
 0.263934 0.643439 0.900811 0.978589 0.995671
 0.263934 0.643439 0.900811 0.978589 0.995671
 0.263934 0.643439 0.900811 0.978589 0.995671
 0.263934 0.643439 0.900811 0.978589 0.995671
 0.263934 0.643439 0.900811 0.978589 0.995671
 0.263934 0.643439 0.900811 0.978589 0.995671
 0.263934 0.643439 0.900811 0.978589 0.995671
 0.263934 0.643439 0.900811 0.978589 0.995671
 0.263934 0.643439 0.900811 0.978589 0.995671
 0.263934 0.643439 0.900811 0.978589 0.995671
 0.263934 0.643439 0.900811 0.978589 0.995671
 0.263934 0.643439 0.900811 0.978589 0.995671
 0.263934 0.643439 0.900811 0.978589 0.995671
 0.263934 0.643439 0.900811 0.978589 0.995671
 0.263934 0.643439 0.900811 0.978589 0.995671
 0.263934 0.643439 0.900811 0.978589 0.995671
 0.263934 0.643439 0.900811 0.978589 0.995671
 0.263934 0.643439 0.900811 0.978589 0.995671
 0.263934 0.643439 0.900811 0.978589 0.995671
 0.263934 0.643439 0.900811 0.978589 0.995671
 0.263934 0.643439 0.900811 0.978589 0.995671
 0.263934 0.643439 0.900811 0.978589 0.995671
 0.263934 0.643439 0.900811 0.978589 0.995671
 0.263934 0.643439 0.900811 0.978589 0.995671
 0.263934 0.643439 0.900811 0.978589 0.995671
 0.263934 0.643439 0.900811 0.978589 0.995671
Scru_pelaces
 1 1 1 1 1
 1 1 1 1 1
 1 1 1 1 1
 1 1 1 1 1
 1 1 1 1 1
 1 1 1 1 1
 1 1 1 1 1
 1 1 1 1 1
 1 1 1 1 1
 1 1 1 1 1
 1 1 1 1 1
 1 1 1 1 1
 1 1 1 1 1
 1 1 1 1 1
 1 1 1 1 1
 1 1 1 1 1
 1 1 1 1 1
 1 1 1 1 1
 1 1 1 1 1
 1 1 1 1 1
 1 1 1 1 1
 1 1 1 1 1
 1 1 1 1 1
 1 1 1 1 1
 1 1 1 1 1
 1 1 1 1 1
 1 1 1 1 1
pf_obs 
 0.256992 0.487395 0.22802 0.0275931 0
 0.321318 0.546541 0.124235 0.00734118 0.000564706
 0.182869 0.594174 0.210203 0.0122559 0.00049798
 0.330522 0.361315 0.267642 0.0388342 0.00168674
 0.649043 0.306663 0.0425973 0.00169635 0
 0.582887 0.30429 0.105238 0.00758474 0
 0.465427 0.430635 0.0974691 0.00646863 0
 0.296916 0.608066 0.0921331 0.00288517 0
 0.311714 0.524322 0.152257 0.0117073 0
 0.15457 0.633149 0.183074 0.0267441 0.00246327
 0.131901 0.49318 0.331252 0.0422183 0.00144891
 0.196976 0.569456 0.194076 0.0375587 0.00193317
 0.518974 0.381816 0.0799577 0.0180837 0.00116848
 0.0928022 0.601141 0.25162 0.0475244 0.00691264
 0.122501 0.610282 0.24278 0.0234846 0.000952079
 0.383417 0.481906 0.127806 0.00687128 0
 0.0376549 0.599619 0.316969 0.0457579 0
 0.0361596 0.667082 0.258105 0.0386534 0
 0.158088 0.579412 0.248529 0.0139706 0
 0.0477256 0.309471 0.559284 0.082774 0.000745712
 0.0406174 0.521527 0.379366 0.0568643 0.0016247
 0.151134 0.462217 0.34131 0.0453401 0
 0.294876 0.26143 0.354403 0.0886775 0.000613685
 0.281977 0.475581 0.204845 0.0348837 0.00271318
 0.0841818 0.532909 0.334909 0.0458182 0.00218182
 0.115287 0.27431 0.454777 0.147771 0.00785563
 0 0 0 0 0
pf_pred 
 0.276941 0.491727 0.206462 0.0248588 1.04499e-05
 0.261239 0.580344 0.126661 0.0284774 0.00327794
 0.119717 0.684174 0.171312 0.020005 0.00479228
 0.225213 0.504463 0.2425 0.0245158 0.00330785
 0.268313 0.497096 0.178083 0.050883 0.00562531
 0.136429 0.621524 0.185167 0.0434733 0.0134062
 0.521366 0.320888 0.134239 0.018231 0.00527557
 0.297988 0.658241 0.0357503 0.006884 0.00113672
 0.554258 0.390842 0.0536219 0.00105858 0.000219522
 0.342836 0.626473 0.029252 0.00140841 3.09232e-05
 0.120789 0.717378 0.157671 0.00397489 0.000187037
 0.2132 0.468564 0.286751 0.0307171 0.000768632
 0.271734 0.568607 0.120224 0.0357175 0.00371732
 0.312351 0.602602 0.0770525 0.00612927 0.00186441
 0.333441 0.637996 0.0278471 0.000657002 5.94375e-05
 0.178123 0.759416 0.0617454 0.000699883 1.61738e-05
 0.135755 0.573036 0.27924 0.0118385 0.000130903
 0.278594 0.471607 0.200117 0.0477402 0.00194095
 0.436547 0.479596 0.0682855 0.0126274 0.00294385
 0.276088 0.658849 0.0606019 0.0036761 0.000785196
 0.435317 0.445683 0.113673 0.00498134 0.000346752
 0.227128 0.656585 0.100529 0.0150781 0.000680533
 0.217786 0.522357 0.234806 0.0217577 0.00329232
 0.253974 0.508201 0.183535 0.0492273 0.00506271
 0.051239 0.690535 0.203077 0.0429272 0.0122218
 0.152245 0.250682 0.489626 0.0851686 0.0222773
 0.453281 0.382113 0.0717634 0.076726 0.0161159
pobs_RECLAS
 0 0 0 0 0
 0 0 0 0 0
 0 0 0 0 0
 0 0 0 0 0
 0.835266 0.146461 0.0176864 0.000547809 3.91292e-05
 0.385257 0.428462 0.181853 0.0044286 0
 0.867414 0.0963971 0.0333333 0.00285562 0
 0.441836 0.489002 0.0689373 0.000224442 0
 0.779404 0.147425 0.0564933 0.0165055 0.000172143
 0.814271 0.122319 0.05973 0.00367925 0
 0.40263 0.566651 0.0304383 0.000280538 0
 0.475488 0.404961 0.113038 0.00651328 0
 0.955842 0.0263864 0.0167828 0.000988607 0
 0.975058 0.0227948 0.00214734 0 0
 0.738997 0.206755 0.0527124 0.00153531 0
 0.850938 0.134255 0.0134407 0.00136685 0
 0.542534 0.407297 0.0501686 0 0
 0.764087 0.199537 0.0359546 0.000420521 0
 0.470689 0.182191 0.310203 0.0369168 0
 0.84361 0.089868 0.0606195 0.00523954 0.000663233
 0.607945 0.314616 0.071237 0.00620181 0
 0.523733 0.453247 0.0230204 0 0
 0.530135 0.295979 0.169645 0.0042399 0
 0.562478 0.366248 0.0663022 0.0049721 0
 0.250443 0.683176 0.0655157 0.000865301 0
 0.195077 0.31981 0.436473 0.0351445 0.0134964
 0.565238 0.351407 0.0832357 0.000118908 0
ppred_RECLAS
 0.559859 0.310067 0.115435 0.0146339 6.24853e-06
 0.536393 0.372345 0.0721754 0.0170882 0.00199797
 0.334652 0.539973 0.10888 0.0132685 0.00322704
 0.48327 0.346867 0.151487 0.016161 0.00221518
 0.532131 0.324079 0.107629 0.0325103 0.00365156
 0.357368 0.482225 0.121234 0.0298316 0.00934197
 0.793571 0.14537 0.0515591 0.00734205 0.00215758
 0.612698 0.368144 0.0155272 0.00310988 0.000521263
 0.827439 0.155844 0.0163127 0.000334427 7.03909e-05
 0.626233 0.358124 0.0148727 0.000754175 1.68198e-05
 0.317464 0.57124 0.108291 0.00286709 0.000137016
 0.485846 0.323593 0.170851 0.019221 0.000488475
 0.585649 0.338591 0.0564469 0.0174671 0.00184544
 0.708309 0.269709 0.0198857 0.00160274 0.00049417
 0.68498 0.305826 0.00895718 0.00021696 1.99097e-05
 0.413944 0.546453 0.039125 0.00046664 1.09532e-05
 0.35136 0.45038 0.189717 0.00844863 9.48796e-05
 0.58378 0.288171 0.101627 0.0253742 0.00104753
 0.733375 0.232795 0.0273013 0.00527951 0.00124975
 0.562854 0.403016 0.0316757 0.00201616 0.000437343
 0.710692 0.232777 0.0538638 0.00249051 0.000176117
 0.479927 0.447199 0.0625202 0.00989998 0.000453931
 0.471375 0.3632 0.148652 0.0145384 0.00223487
 0.522387 0.334071 0.109362 0.0309471 0.0032332
 0.146845 0.63466 0.169691 0.0378544 0.0109487
 0.37977 0.196811 0.343688 0.0629937 0.0167373
 0.767123 0.173954 0.025097 0.0278821 0.00594447
pobs_PELACES
 0 0 0 0 0
 0 0 0 0 0
 0 0 0 0 0
 0 0 0 0 0
 0 0 0 0 0
 0 0 0 0 0
 0 0 0 0 0
 0 0 0 0 0
 0 0 0 0 0
 0 0 0 0 0
 0.450072 0.473896 0.0757376 0.000293798 0
 0 0 0 0 0
 0.463077 0.371075 0.160297 0.00555027 0
 0.529543 0.364841 0.0842815 0.0213345 0
 0.631943 0.363953 0.00410389 0 0
 0.735681 0.248677 0.0153453 0.000297389 0
 0.695825 0.281241 0.0229344 0 0
 0.275771 0.60734 0.115278 0.00161068 0
 0 0 0 0 0
 0.896147 0.0623911 0.0374545 0.00400742 0
 0.803859 0.145111 0.0509908 3.86294e-05 0
 0.739449 0.233085 0.0266225 0.000797448 4.60066e-05
 0.878498 0.100942 0.0204185 0.000141795 0
 0.694673 0.275183 0.0284847 0.00165964 0
 0.469039 0.446079 0.0841089 0.000773354 0
 0.822795 0.102175 0.0682046 0.00682512 0
 0 0 0 0 0
ppred_PELACES
 0.811038 0.149651 0.0352374 0.00407154 1.70777e-06
 0.788744 0.183297 0.0225354 0.00486414 0.000558669
 0.671308 0.291427 0.032798 0.00360608 0.000861051
 0.74492 0.193015 0.0558762 0.00545395 0.000734502
 0.758695 0.184793 0.043192 0.0119951 0.0013241
 0.678227 0.270101 0.0400081 0.00892126 0.00274349
 0.936324 0.0511379 0.0107498 0.00138787 0.000400523
 0.865215 0.131186 0.00297456 0.000535871 8.81684e-05
 0.953513 0.0439991 0.00243352 4.48111e-05 9.25782e-06
 0.835025 0.160536 0.00423895 0.000196001 4.29407e-06
 0.615884 0.343618 0.0395036 0.000950016 4.45895e-05
 0.781397 0.161468 0.0517182 0.00528518 0.000131916
 0.856466 0.128269 0.0116736 0.00325323 0.000337415
 0.939095 0.0589166 0.00181994 0.000129285 3.90863e-05
 0.916252 0.0825802 0.00114114 2.45991e-05 2.21459e-06
 0.689196 0.297342 0.013314 0.0001446 3.33395e-06
 0.663955 0.265286 0.0679782 0.00275046 3.03367e-05
 0.849842 0.119943 0.0244637 0.00552681 0.000224043
 0.912058 0.0813085 0.00545745 0.000954112 0.000221763
 0.814217 0.176876 0.008324 0.000480757 0.000102417
 0.879966 0.103494 0.0158248 0.000669285 4.65006e-05
 0.724413 0.248725 0.0233274 0.00338295 0.000152411
 0.732623 0.205553 0.0560491 0.00501749 0.000757831
 0.77376 0.177094 0.0382348 0.00989518 0.00101571
 0.343033 0.536712 0.0952783 0.0194491 0.00552699
 0.7056 0.124901 0.139976 0.0234117 0.00611085
 0.938343 0.0527257 0.00404623 0.00403984 0.00084542
pobs_pel_tallas
 0 0 0 0 0 0 0 0 0 0 0 0 0 0 0 0 0 0 0 0 0 0 0 0 0 0 0 0 0 0 0 0 0 0 0 0
 0 0 0 0 0 0 0 0 0 0 0 0 0 0 0 0 0 0 0 0 0 0 0 0 0 0 0 0 0 0 0 0 0 0 0 0
 0 0 0 0 0 0 0 0 0 0 0 0 0 0 0 0 0 0 0 0 0 0 0 0 0 0 0 0 0 0 0 0 0 0 0 0
 0 0 0 0 0 0 0 0 0 0 0 0 0 0 0 0 0 0 0 0 0 0 0 0 0 0 0 0 0 0 0 0 0 0 0 0
 0 0 0 0 0 0 0 0 0 0 0 0 0 0 0 0 0 0 0 0 0 0 0 0 0 0 0 0 0 0 0 0 0 0 0 0
 0 0 0 0 0 0 0 0 0 0 0 0 0 0 0 0 0 0 0 0 0 0 0 0 0 0 0 0 0 0 0 0 0 0 0 0
 0 0 0 0 0 0 0 0 0 0 0 0 0 0 0 0 0 0 0 0 0 0 0 0 0 0 0 0 0 0 0 0 0 0 0 0
 0 0 0 0 0 0 0 0 0 0 0 0 0 0 0 0 0 0 0 0 0 0 0 0 0 0 0 0 0 0 0 0 0 0 0 0
 0 0 0 0 0 0 0 0 0 0 0 0 0 0 0 0 0 0 0 0 0 0 0 0 0 0 0 0 0 0 0 0 0 0 0 0
 0 0 0 0 0 0 0 0 0 0 0 0 0 0 0 0 0 0 0 0 0 0 0 0 0 0 0 0 0 0 0 0 0 0 0 0
 0 0 0 0 0 0 0 0 1.78061e-05 0.00172719 0.00360574 0.0105946 0.0120993 0.0124554 0.0147524 0.0171206 0.0266825 0.0428682 0.0675386 0.121331 0.153587 0.119568 0.100827 0.0573624 0.0630603 0.0341343 0.0324427 0.0444173 0.0211091 0.0280891 0.0125444 0.00206551 0 0 0 0
 0 0 0 0 0 0 0 0 0 0 0 0 0 0 0 0 0 0 0 0 0 0 0 0 0 0 0 0 0 0 0 0 0 0 0 0
 0 0 0 0 0 0 0.0133647 0.0140871 0.0187388 0.0205184 0.03894 0.0496705 0.03968 0.0493445 0.0407372 0.0367815 0.0215668 0.0243155 0.0234873 0.0199281 0.019796 0.0243948 0.0301388 0.0376714 0.0412746 0.0863199 0.0771752 0.113111 0.0741005 0.0525337 0.0229764 0.00759418 0.00175318 0 0 0
 0 0 0 0 0 0 0 0 0 0 0.00219441 0.00772107 0.0458388 0.0604681 0.0671733 0.0775358 0.0609151 0.0617685 0.073594 0.0568108 0.0755445 0.0548602 0.0670107 0.0636378 0.0643287 0.046367 0.0373049 0.0286899 0.0247887 0.0153202 0.00654259 0.00121912 0.000365735 0 0 0
 0 0 0 0 0 0 0 0 0 0 0 0 0.000112435 0.00938835 0.0111873 0.0202946 0.0414886 0.0713402 0.111592 0.104902 0.108894 0.110636 0.117776 0.105296 0.107544 0.0401394 0.0192827 0.0124803 0.00416011 0.0028671 0.000618394 0 0 0 0 0
 0 0 0 0 0 0 0 0 0 0 0.00291406 0.0102884 0.027416 0.0768956 0.0749926 0.110853 0.0956884 0.0897413 0.0766577 0.0534642 0.0500743 0.0551293 0.0594112 0.0620874 0.0668451 0.0424026 0.0208742 0.0120726 0.0048766 0.00582813 0.00118941 0.000297354 0 0 0 0
 0 0.00264628 0.0354308 0.0461629 0.0458689 0.0383711 0.0214643 0.0164657 0.0346957 0.0420465 0.0363128 0.0245516 0.0311673 0.0291091 0.0169068 0.0133784 0.00837989 0.0085269 0.0148486 0.0160247 0.0276389 0.0546898 0.0760071 0.122758 0.109233 0.0665981 0.0333725 0.0166128 0.00676272 0.00308733 0.000882094 0 0 0 0 0
 0 0 0 0 0 0 0 0.000805153 0.000690131 0.00759144 0.0133425 0.0154129 0.00931677 0.000345066 0.00356568 0.00563607 0.00851162 0.0253048 0.0502646 0.0516448 0.0657925 0.0565908 0.0611916 0.0827007 0.0866115 0.110766 0.145733 0.0935128 0.0569358 0.0249597 0.0138026 0.00621118 0.00161031 0.00115022 0 0
 0 0 0 0 0 0 0 0 0 0 0 0 0 0 0 0 0 0 0 0 0 0 0 0 0 0 0 0 0 0 0 0 0 0 0 0
 0.00147267 0.00158595 0.00478618 0.00569244 0.00954404 0.0108468 0.00647125 0.017049 0.0510054 0.094081 0.124002 0.0959785 0.0687766 0.0820023 0.061753 0.0591476 0.0492212 0.0479892 0.0443925 0.0268479 0.0217502 0.0140895 0.0121071 0.0120363 0.00920419 0.00665534 0.0049561 0.00860946 0.00930331 0.0156896 0.0114698 0.00855282 0.00243557 0.00046729 0 2.83206e-05
 0 0 0 0 0.000772559 0.00158375 0.000888443 0.00281984 0.00712685 0.0440552 0.0773331 0.111326 0.0921469 0.0852325 0.0710754 0.0886704 0.0786465 0.0553345 0.0373146 0.0185414 0.00753245 0.00457741 0.012979 0.0271748 0.0457355 0.0583668 0.034881 0.0177882 0.00938659 0.00492506 0.0015258 0.00185414 0.000309023 5.79419e-05 3.86279e-05 0
 0 0.00173294 0.00326652 0 0.00397197 0.00683976 0.00946217 0.0152591 0.00757587 0.0136028 0.0228656 0.0392903 0.0559909 0.0764795 0.0681675 0.0726916 0.0566044 0.0477403 0.0527397 0.0444891 0.0609904 0.0582453 0.0661739 0.0445044 0.0529084 0.0360697 0.0280645 0.0235558 0.0158879 0.00826598 0.00280645 0.00217768 0.000904811 0.00058276 9.20147e-05 0
 0 0 0 0 0 0 0 0 0 0 0 0 0 0 0 0 0 0 0 0 0 0 0 0 0 0 0 0 0 0 0 0 0 0 0 0
 0 0 0 0 0 0 0 0 0 0 0 0 0 0 0 0 0 0 0 0 0 0 0 0 0 0 0 0 0 0 0 0 0 0 0 0
 0 0 0 0 0 0 0 0 0 0 0 0 0 0 0 0 0 0 0 0 0 0 0 0 0 0 0 0 0 0 0 0 0 0 0 0
 0 0 0 0 0 0 0 0 0 0 0 0 0 0 0 0 0 0 0 0 0 0 0 0 0 0 0 0 0 0 0 0 0 0 0 0
 0 0 0 0 0 0 0 0 0 0 0 0 0 0 0 0 0 0 0 0 0 0 0 0 0 0 0 0 0 0 0 0 0 0 0 0
ppred_pel_tallas
 1.0069e-16 3.53838e-05 0.000207682 0.000987239 0.00380095 0.0118529 0.0299395 0.0612599 0.101544 0.136367 0.148385 0.130863 0.0936264 0.0545402 0.0262804 0.0112536 0.00557874 0.0046922 0.00579751 0.00766954 0.00981546 0.0119497 0.0138177 0.015187 0.0158869 0.0158459 0.0151063 0.013808 0.01215 0.0103425 0.00856465 0.00694033 0.00553315 0.00435733 0.00339584 0.00261795
 1.00573e-16 3.44131e-05 0.000201979 0.000960123 0.00369653 0.0115273 0.0291171 0.0595774 0.098756 0.132626 0.144323 0.127302 0.0911228 0.0531717 0.0257888 0.0113298 0.00603455 0.00547332 0.00692347 0.00917402 0.0117075 0.0141924 0.0163204 0.0178106 0.0184618 0.0181991 0.0170905 0.0153254 0.0131654 0.0108816 0.00870146 0.00677707 0.00517922 0.00391189 0.00293688 0.00219815
 1.00725e-16 2.92967e-05 0.000171932 0.000817251 0.0031464 0.00981172 0.0247838 0.050712 0.0840647 0.112909 0.122899 0.108481 0.0778194 0.0457483 0.0228225 0.0111069 0.0074597 0.00815101 0.0108644 0.0145117 0.0185271 0.022443 0.0257797 0.0280919 0.0290615 0.0285719 0.026735 0.0238573 0.02036 0.0166798 0.0131829 0.0101137 0.00758573 0.00560388 0.0041041 0.00299263
 1.01078e-16 3.25026e-05 0.000190762 0.000906793 0.0034912 0.010887 0.0274996 0.0562681 0.0932712 0.125263 0.136316 0.120252 0.0861067 0.0503054 0.0245129 0.0109663 0.00612777 0.00582588 0.00749691 0.00999684 0.0128261 0.0156497 0.0181458 0.0200137 0.0210296 0.0210949 0.0202555 0.018682 0.0166218 0.0143379 0.0120567 0.00993662 0.00806272 0.00645971 0.00511431 0.00399646
 1.01148e-16 3.31029e-05 0.000194287 0.000923553 0.00355573 0.0110882 0.028008 0.0573081 0.0949948 0.127576 0.13883 0.122463 0.0876739 0.0511885 0.0248825 0.0110281 0.00601569 0.00559176 0.00714334 0.00950855 0.0121882 0.0148568 0.0172063 0.0189513 0.0198813 0.0199069 0.0190774 0.0175615 0.0155994 0.0134443 0.0113109 0.0093466 0.00762602 0.00616506 0.00494357 0.00392692
 1.01091e-16 2.95975e-05 0.0001737 0.000825661 0.00317879 0.00991272 0.0250389 0.0512338 0.084929 0.114067 0.124155 0.109577 0.0785772 0.0461372 0.0229119 0.0109782 0.00715316 0.00766388 0.0101731 0.0135953 0.017385 0.0211061 0.0243146 0.0265973 0.0276555 0.0273743 0.0258472 0.0233458 0.0202469 0.0169427 0.0137627 0.0109282 0.00854363 0.00661835 0.00510184 0.00391883
 1.00236e-16 4.08428e-05 0.00023974 0.00113967 0.00438787 0.0136833 0.0345626 0.0707184 0.117219 0.157406 0.171248 0.150956 0.107848 0.0625132 0.0295389 0.0116474 0.00430251 0.00219596 0.00209395 0.00262891 0.00333982 0.00406 0.00468985 0.00514834 0.00537746 0.00535354 0.00509192 0.00464139 0.00407088 0.00345277 0.00284852 0.00230017 0.00182877 0.00143822 0.00112156 0.000867217
 1.00108e-16 3.77454e-05 0.000221548 0.00105317 0.00405479 0.0126445 0.031939 0.0653508 0.108324 0.145469 0.158282 0.139573 0.099817 0.0580641 0.0278233 0.0116459 0.00537432 0.00412531 0.00490761 0.00641791 0.00814881 0.00982877 0.0112304 0.0121533 0.0124587 0.0121013 0.0111414 0.00972824 0.00806251 0.00635002 0.00476139 0.00340811 0.00233793 0.00154582 0.00099289 0.000625801
 1.00052e-16 4.15921e-05 0.000244139 0.00116059 0.00446841 0.0139344 0.035197 0.0720164 0.11937 0.160294 0.174388 0.153718 0.10981 0.0636274 0.0300217 0.0117607 0.00422027 0.0019906 0.00177648 0.00218644 0.00275637 0.00332598 0.00380625 0.00412791 0.00424359 0.0041373 0.00382816 0.00336501 0.00281405 0.00224343 0.00170994 0.00125102 0.000883221 0.000605812 0.000406926 0.000269891
 1.0012e-16 3.64302e-05 0.000213824 0.00101644 0.00391337 0.0122035 0.030825 0.0630718 0.104547 0.140401 0.152775 0.134736 0.0963996 0.0561606 0.0270693 0.0116029 0.0057631 0.00484676 0.00596667 0.00785005 0.00997523 0.0120333 0.0137502 0.0148813 0.0152564 0.0148199 0.0136454 0.0119152 0.00987471 0.00777594 0.00582785 0.00416723 0.00285297 0.0018794 0.00119937 0.000747888
 1.00708e-16 2.68821e-05 0.000157751 0.000749824 0.00288677 0.00900206 0.0227387 0.046528 0.0771313 0.103603 0.112788 0.0996003 0.0715432 0.0422492 0.0214302 0.0110145 0.00815274 0.00944543 0.012768 0.0170893 0.0218197 0.0264252 0.0303429 0.0330477 0.034164 0.0335546 0.0313523 0.02792 0.0237565 0.0193797 0.0152242 0.0115813 0.00858689 0.00624832 0.00449019 0.00320091
 1.00975e-16 3.40919e-05 0.000200095 0.000951171 0.00366207 0.0114198 0.0288456 0.0590218 0.0978346 0.131387 0.142971 0.1261 0.0902424 0.0526178 0.0254459 0.011055 0.00571564 0.00503937 0.00633588 0.00842165 0.0108098 0.0132044 0.0153332 0.0169436 0.0178463 0.0179557 0.0173061 0.0160356 0.0143466 0.0124555 0.0105495 0.00876086 0.00716234 0.00577791 0.00460082 0.00361063
 1.00336e-16 3.73638e-05 0.000219308 0.00104252 0.00401379 0.0125167 0.031616 0.06469 0.107229 0.143998 0.156681 0.138161 0.0988071 0.057476 0.0275407 0.011527 0.00532017 0.00408797 0.0048718 0.00638495 0.00812926 0.00984016 0.0112959 0.0122997 0.0127121 0.0124833 0.0116642 0.0103912 0.00885075 0.00723578 0.00570722 0.00437176 0.00327768 0.0024252 0.00178413 0.00131149
 1.00052e-16 4.0964e-05 0.00024045 0.00114304 0.00440087 0.0137238 0.034665 0.070928 0.117566 0.157873 0.171758 0.151409 0.108179 0.0627211 0.0296665 0.0117481 0.0044184 0.00235345 0.00230755 0.00290315 0.00366828 0.00442343 0.00505587 0.00547402 0.00561512 0.00545861 0.00503121 0.00439955 0.00365344 0.00288508 0.00217097 0.00156126 0.00107758 0.000718015 0.000465475 0.000296386
 1.00045e-16 3.99689e-05 0.000234606 0.00111526 0.00429387 0.0133901 0.0338222 0.0692036 0.114709 0.154038 0.167592 0.147751 0.105596 0.0612853 0.0291039 0.0117288 0.00473314 0.00292961 0.00315082 0.00404129 0.00511655 0.00616658 0.00704098 0.00761272 0.00779446 0.00755829 0.00694287 0.00604295 0.00498577 0.0039017 0.0028987 0.00204724 0.0013773 0.000885299 0.000546106 0.000325324
 1.00292e-16 3.00769e-05 0.000176512 0.000839025 0.00323024 0.0100731 0.0254441 0.0520631 0.0863044 0.115916 0.126172 0.111367 0.079884 0.0469502 0.0233993 0.0113484 0.00756772 0.00822311 0.0109313 0.01457 0.0185545 0.0224034 0.0256254 0.0277691 0.0285173 0.0277641 0.0256412 0.0224816 0.0187356 0.014866 0.011258 0.00816486 0.0056976 0.00384924 0.00253695 0.00164519
 1.01148e-16 2.89751e-05 0.000170046 0.000808291 0.00311191 0.00970417 0.0245121 0.0501559 0.0831423 0.111668 0.121544 0.107275 0.0769314 0.045181 0.0224565 0.0107939 0.00708136 0.00762981 0.0101564 0.0136035 0.0174408 0.0212431 0.0245734 0.0270202 0.0282794 0.0282218 0.0269193 0.0246176 0.0216682 0.0184433 0.015262 0.0123463 0.00981293 0.00769112 0.00595447 0.00455135
 1.00587e-16 3.70747e-05 0.000217611 0.00103445 0.00398274 0.0124198 0.0313714 0.0641895 0.106399 0.142883 0.155466 0.137087 0.0980322 0.0570116 0.0272931 0.0113812 0.00519204 0.00393129 0.00466665 0.00612822 0.00783202 0.0095282 0.0110093 0.0120893 0.0126327 0.0125842 0.0119796 0.0109331 0.00960567 0.00816641 0.0067585 0.00547962 0.00437842 0.00346348 0.00271839 0.00211627
 1.00148e-16 3.97859e-05 0.000233532 0.00111015 0.00427421 0.0133288 0.0336674 0.0688868 0.114184 0.153333 0.166824 0.147074 0.105112 0.0610039 0.0289693 0.0116731 0.00470929 0.00291485 0.00313809 0.00403139 0.00511457 0.00618075 0.00708199 0.00769265 0.00792511 0.00774907 0.00719873 0.00636291 0.00536237 0.00432155 0.00334413 0.00249852 0.00181516 0.00129309 0.000911343 0.00064041
 1.00198e-16 3.55235e-05 0.000208499 0.000991121 0.00381588 0.0118995 0.0300572 0.0615009 0.101944 0.136906 0.148977 0.131399 0.0940376 0.0548363 0.026528 0.0115372 0.00597471 0.00526082 0.00658104 0.00868623 0.0110495 0.0133422 0.0152645 0.0165468 0.0170001 0.016561 0.0153075 0.0134369 0.0112164 0.00892069 0.00677833 0.00493961 0.0034705 0.00236698 0.0015802 0.001042
 1.00284e-16 3.83875e-05 0.00022532 0.0010711 0.00412387 0.0128599 0.0324831 0.0664639 0.110168 0.147943 0.160967 0.141925 0.101464 0.0589523 0.0281182 0.0115451 0.00499395 0.00349218 0.00400099 0.00521141 0.0066387 0.00805015 0.009263 0.0101166 0.0104962 0.0103579 0.00973837 0.0087433 0.00751924 0.00621907 0.00497183 0.00386482 0.0029401 0.00220232 0.00163213 0.00119962
 1.00536e-16 3.16106e-05 0.00018552 0.000881861 0.00339518 0.0105875 0.0267434 0.0547211 0.0907086 0.121826 0.132589 0.116997 0.0838458 0.0491249 0.0241985 0.0112653 0.00690545 0.00707337 0.00926756 0.0123401 0.0157397 0.0190507 0.0218606 0.0237896 0.0245679 0.0240987 0.0224813 0.0199815 0.0169629 0.0138017 0.0108124 0.00820414 0.00607237 0.00441856 0.00318422 0.00228519
 1.01071e-16 3.19669e-05 0.000187616 0.000891832 0.00343359 0.0107073 0.0270459 0.0553397 0.0917329 0.123198 0.134073 0.118282 0.0847157 0.0495319 0.0242091 0.0109543 0.00629473 0.00613246 0.007946 0.0106034 0.0135985 0.0165803 0.0192068 0.0211586 0.0221986 0.022224 0.0212867 0.019572 0.017347 0.0148947 0.0124583 0.0102071 0.00823104 0.0065542 0.00515943 0.00401127
 1.00989e-16 3.37595e-05 0.000198143 0.000941884 0.00362631 0.0113083 0.0285639 0.0584455 0.0968799 0.130107 0.141581 0.124883 0.0893911 0.0521607 0.025298 0.0111148 0.00592408 0.00538314 0.00682565 0.00906984 0.0116155 0.0141449 0.0163615 0.017992 0.0188358 0.0188093 0.0179633 0.0164629 0.0145425 0.0124483 0.010389 0.00850704 0.00687378 0.00550276 0.00437176 0.00344393
 1.02454e-16 1.49925e-05 8.79304e-05 0.000417848 0.00160852 0.00501581 0.0126701 0.0259283 0.0429929 0.0577802 0.062987 0.0558222 0.0405334 0.0248139 0.0142075 0.0099467 0.0106014 0.0143907 0.0201462 0.0271608 0.0348002 0.042306 0.048816 0.0535095 0.0557876 0.0554117 0.0525547 0.047741 0.0417047 0.0352128 0.0289122 0.0232407 0.0184106 0.0144502 0.0112726 0.00874318
 1.03118e-16 3.07855e-05 0.000180687 0.000858907 0.00330684 0.0103121 0.0260475 0.0532963 0.0883438 0.118641 0.129099 0.11386 0.0814742 0.0474879 0.0229358 0.00992215 0.00508611 0.00447948 0.005698 0.00770963 0.0101208 0.0127134 0.0152826 0.0176205 0.0195426 0.0209182 0.0216857 0.0218493 0.0214622 0.0206026 0.0193553 0.0178016 0.0160188 0.0140847 0.0120805 0.0100904
 1.00254e-16 4.09309e-05 0.000240257 0.00114213 0.00439734 0.0137128 0.0346372 0.0708709 0.117471 0.157745 0.171618 0.151282 0.108082 0.0626509 0.0296076 0.0116804 0.00432338 0.00221626 0.00211721 0.002654 0.00336236 0.00407282 0.00468358 0.0051126 0.00530276 0.00523343 0.00492494 0.00443219 0.00383016 0.0031959 0.00259319 0.00206358 0.00162506 0.00127661 0.0010056 0.000795135
pSPR Fmed_Fpbrs
0.528754   0.426427 0.426427
Fs Fmed_Fpbrs
0.64   1.005 1.005
SSBpbr Bo_Bmed_Bpbrs
480992  230277  181058 181058
Ro
25065.3
SPR SPRFo_SPRFmed_SPRFpbrs
517704 273738 220763
log_Ro
9.94924
likeval ReclasPelacesDesembMPH_pf_preclas_ppelaces_ptallas_desvR_qrecl_qpela
 96.9907 227.932 0.0673946 167.764 354.532 219.191 60.5543 0 24.0296 4.03951e-05 0 0 0 0 0
q_reclas_q_pelaces
2.46116 1
M
0.7
N
 33240.8 10348.8 3308.98 391.982 0.164635
 38604.4 14954.5 2479.02 548.26 63.0533
 13882 17407.2 3643.32 421.329 100.88
 15792.3 5642.4 1971.14 195.365 26.3322
 28431.7 7380.6 1790.57 498.783 55.0677
 15304.8 13949.9 3353.7 777.905 239.735
 53346.7 6500.16 2184.86 293.066 84.7503
 44243.5 22766.7 1054.96 201.44 33.2482
 103412 17443.8 2059.25 40.3337 8.36069
 126781 40204 1422.6 67.3646 1.47776
 50787.4 57281.2 9939.57 247.182 11.6227
 52941.5 22081.7 10666 1127.05 28.1817
 48386.8 23024.9 4120.38 1213.26 126.211
 31050.2 19316.3 2283 180.902 55.0158
 18646.6 9998.53 392.099 9.20141 0.832198
 8654.39 6612.43 413.613 4.6161 0.106587
 4840.41 3858.02 1480.6 61.9092 0.684057
 6030.56 2109.84 731.808 172.633 7.0145
 10914.4 2522.96 295.663 54.0892 12.6028
 9760.84 4527.56 332.066 19.8841 4.24424
 25553.9 4200.26 781.138 33.5678 2.33424
 26491.8 11912.5 1308.21 192.17 8.66376
 33025.5 12502.2 4061.82 368.836 55.7514
 48050.1 15498.2 4089.58 1075.82 110.527
 10439.2 22364.4 4771.33 988.655 281.181
 17414.6 4885.31 7167.08 1225.3 320.205
 39713.1 7927.73 1277.03 1354.35 284.353
pred_Ctot
 2261.14 4014.8 1685.7 202.964 0.0853199
 2567.67 5704.08 1244.92 279.899 32.2182
 1833.03 10475.6 2623.02 306.303 73.3763
 670.863 1502.69 722.355 73.0275 9.85338
 244.665 453.285 162.388 46.3984 5.12953
 1607.42 7322.86 2181.66 512.207 157.953
 5441.25 3348.96 1400.99 190.268 55.0587
 6643.53 14675.2 797.037 153.476 25.3427
 16374.8 11546.9 1584.19 31.2744 6.48549
 8265.94 15104.5 705.28 33.9575 0.745573
 4580.29 27202.7 5978.81 150.727 7.09239
 4764.89 10472.1 6408.72 686.509 17.1785
 6910.08 14459.4 3057.24 908.28 94.5296
 8047.26 15525.1 1985.14 157.911 48.0337
 3908.56 7478.51 326.42 7.7013 0.69672
 640.652 2731.38 222.079 2.51726 0.058172
 428.757 1809.83 881.928 37.3897 0.413434
 689.948 1167.95 495.598 118.23 4.80683
 1305.84 1434.61 204.262 37.7722 8.80594
 944.52 2253.98 207.324 12.5763 2.68622
 1129.66 1156.56 294.983 12.9267 0.89983
 948.914 2743.14 419.997 62.9945 2.84319
 1310.31 3142.76 1412.71 130.905 19.8083
 2175.51 4353.18 1572.14 421.674 43.3665
 434.006 5848.99 1720.11 363.603 103.521
 1048.08 1725.74 3370.67 586.315 153.361
 6163.92 5196.15 975.871 1043.35 219.151
F
 0.0987691 0.729012 1.09765 1.12766 1.12928
 0.0964797 0.712114 1.0722 1.10152 1.10311
 0.200282 1.47827 2.22578 2.28664 2.28993
 0.060666 0.447774 0.674196 0.69263 0.693628
 0.0120295 0.0887895 0.133687 0.137342 0.13754
 0.156338 1.15393 1.73742 1.78493 1.7875
 0.151514 1.11832 1.68381 1.72985 1.73234
 0.230723 1.70296 2.56408 2.63418 2.63798
 0.244751 1.8065 2.71998 2.79435 2.79837
 0.0944921 0.697443 1.05011 1.07883 1.08038
 0.132898 0.980913 1.47692 1.5173 1.51949
 0.132612 0.978806 1.47375 1.51405 1.51623
 0.218275 1.61108 2.42575 2.49207 2.49566
 0.433167 3.19719 4.81389 4.94551 4.95264
 0.336712 2.48526 3.74196 3.84427 3.84981
 0.107913 0.796502 1.19926 1.23205 1.23383
 0.130388 0.962391 1.44904 1.48865 1.4908
 0.171407 1.26515 1.90488 1.95697 1.95979
 0.179903 1.32786 1.9993 2.05397 2.05692
 0.143231 1.05719 1.59177 1.63529 1.63764
 0.0632015 0.466489 0.702374 0.721578 0.722618
 0.0509357 0.375954 0.56606 0.581537 0.582375
 0.0565589 0.417459 0.628553 0.645738 0.646669
 0.0647742 0.478096 0.719851 0.739533 0.740599
 0.0593379 0.437971 0.659436 0.677466 0.678442
 0.0869394 0.641697 0.966178 0.992595 0.994026
 0.23936 1.76671 2.66006 2.73279 2.73673
Np
 15821.4 7195.62 4029.29 125.794 9.54275
YTP_r0W_actual
 19805.5 60985.3 18991.1 26168.1 6102.56
YTP_p0W_proyectada
 7890.36 119413 10005.1 857.008 968.929
 7890.36 55353.5 59921.1 2430.54 204.799
CTP_r0_actual
 2415.3 2823.4 604.813 652.571 137.136
CTP_p0_proyectada
 962.239 5528.38 318.634 21.3718 21.7737
 962.239 2562.66 1908.31 60.6119 4.60222
Wmedp
 8.2 21.6 31.4 40.1 44.5
nmprior
 10.8 10.6 4.6 0
nm_flota  nm_reclas  nm_pelaces    nm_pelaL
inf 15.3877 12.1392 32.9508
cv_recla  cv_pelaces  cv_mph
0.852895 1.65384 0.519251
 ------------------------------------------------
Talla a la edad & desviaci?n 
 7.2 14.2025 17.0495 18.207 18.6776
 1.08 2.13037 2.55742 2.73105 2.80164
