years
 1997 1998 1999 2000 2001 2002 2003 2004 2005 2006 2007 2008 2009 2010 2011 2012 2013 2014 2015 2016 2017 2018 2019 2020 2021
reclasobs
 0 0 0 370054 412103 1.49427e+06 250295 1.28982e+06 931140 785840 897777 1.04006e+06 184774 17550 25797 100020 73551 82996 120727 218422 84188 347160 605670 569463 516374
reclaspred
 720196 175065 387467 205131 286016 262538 503059 353778 550535 892898 883346 598299 334517 129376 111640 118338 84549.2 69020.8 74344.1 108398 214012 269486 454860 625089 1.12215e+06
pelacesobs
 0 0 0 0 0 0 0 0 0 2.06254e+06 1.5e+06 0 1.87456e+06 323000 250000 174000 83755 137374 0 501740 490994 745055 786931 1.00524e+06 1.33801e+06
pelacespred
 649811 114407 150116 121511 163180 80193.9 401488 222067 453753 602467 392220 304205 191982 69001.7 63838 50835 35529.5 33417.5 38143.6 50264.4 149606 127001 168142 332028 489051
mphobs
 0 0 0 0 0 0 112323 0 153150 637223 0 255016 313432 73983 77613 109348 50772 17779 17303 59886 28197 0 207744 136588 643089
mphpred
 413269 219622 218117 159533 153054 215130 231490 336197 311696 564333 728557 449504 278833 132868 76396.6 79013.9 53141.1 40613.9 43812 58793 98932.6 185750 228269 320140 586727
desembarqueobs
 350755 77701 442110 56441 14545 235359 269955 359681 431902 328805 639364 411747 362871 311530 167758 66681 60226 58785 57116 73181 50977 67692 138656 160484 209506
desembarquepred
 350757 77696.6 442061 56447.8 14545.8 235632 269970 359159 431432 328656 639615 411700 362715 311417 167632 66719.2 60327 58784 57028.4 73141 50967.3 67652.5 138687 160449 209475
Reclutas
 33829.4 39672.5 15140.2 17061.7 28489.8 15454.8 53713.4 44351 105354 129166 50637.5 52249.5 47034.7 31191.4 18663.1 8668.09 4837.19 6034.97 11039.5 10029.4 26359.7 26215.4 32990.3 84089.1 45292.7
log_desv_Rt
 0.211085 0.370412 -0.592895 -0.473407 0.0393015 -0.572326 0.673417 0.481891 1.34708 1.55085 0.614447 0.645785 0.54064 0.129895 -0.383697 -1.1506 -1.73391 -1.51267 -0.90877 -1.00472 -0.0384091 -0.0438983 0.185967 1.12163 0.502901
SSB
 413269 219622 218117 159533 153054 215130 220862 328763 299250 549937 728557 449504 292054 143280 85468.7 87567.4 64544.7 47719.9 46440.4 67272.7 102249 185750 236448 312766 634337
BT
 1.4382e+06 340675 502601 279154 304972 334164 920391 776613 1.20603e+06 1.38461e+06 1.26051e+06 914971 687348 399645 247392 145523 116149 107689 114510 144121 310040 289309 397312 728188 1.03316e+06
Ftot
 1.15893 1.10803 2.18775 0.615091 0.123964 1.65697 1.62676 2.56178 2.752 1.05879 1.46889 1.43881 2.41311 4.95303 3.79794 1.21126 1.45802 1.90842 2.02966 1.60513 0.702478 0.56593 0.640209 0.676783 0.404846
BD_Bspro_t
 0.899228 0.610875 0.497671 0.270314 0.372846 0.503168 0.376687 0.429311 0.374324 0.470944 0.498883 0.316113 0.234688 0.146973 0.105836 0.127687 0.132173 0.13922 0.171997 0.279457 0.39704 0.603097 0.617606 0.615965 0.71173
BD_Bspro
 0.733784 0.389953 0.38728 0.28326 0.271757 0.381978 0.392154 0.583739 0.531337 0.976447 1.2936 0.798123 0.518561 0.254403 0.151755 0.155481 0.114603 0.0847297 0.0824578 0.119447 0.181549 0.329812 0.419828 0.555336 1.12631
BD_Bo
 0.794098 0.422005 0.419113 0.306543 0.294094 0.413374 0.424387 0.63172 0.575011 1.05671 1.39993 0.863725 0.561184 0.275313 0.164229 0.168261 0.124023 0.091694 0.0892354 0.129265 0.196471 0.356921 0.454335 0.600981 1.21888
BD_Brms
 2.09302 1.11229 1.10466 0.807959 0.775149 1.08954 1.11856 1.66503 1.51557 2.78518 3.68981 2.27653 1.47912 0.725648 0.43286 0.443489 0.326889 0.241679 0.235199 0.340705 0.517843 0.940741 1.1975 1.58402 3.21263
S_f
 0.0841094 0.635679 0.970719 0.998415 0.999916
 0.0841094 0.635679 0.970719 0.998415 0.999916
 0.0841094 0.635679 0.970719 0.998415 0.999916
 0.0841094 0.635679 0.970719 0.998415 0.999916
 0.0841094 0.635679 0.970719 0.998415 0.999916
 0.0841094 0.635679 0.970719 0.998415 0.999916
 0.0841094 0.635679 0.970719 0.998415 0.999916
 0.0841094 0.635679 0.970719 0.998415 0.999916
 0.0841094 0.635679 0.970719 0.998415 0.999916
 0.0841094 0.635679 0.970719 0.998415 0.999916
 0.0841094 0.635679 0.970719 0.998415 0.999916
 0.0841094 0.635679 0.970719 0.998415 0.999916
 0.0841094 0.635679 0.970719 0.998415 0.999916
 0.0841094 0.635679 0.970719 0.998415 0.999916
 0.0841094 0.635679 0.970719 0.998415 0.999916
 0.0841094 0.635679 0.970719 0.998415 0.999916
 0.0841094 0.635679 0.970719 0.998415 0.999916
 0.0841094 0.635679 0.970719 0.998415 0.999916
 0.0841094 0.635679 0.970719 0.998415 0.999916
 0.0841094 0.635679 0.970719 0.998415 0.999916
 0.0841094 0.635679 0.970719 0.998415 0.999916
 0.0841094 0.635679 0.970719 0.998415 0.999916
 0.0841094 0.635679 0.970719 0.998415 0.999916
 0.0841094 0.635679 0.970719 0.998415 0.999916
 0.0841094 0.635679 0.970719 0.998415 0.999916
Scru_reclas
 0.316191 0.699435 0.92133 0.983316 0.99664
 0.316191 0.699435 0.92133 0.983316 0.99664
 0.316191 0.699435 0.92133 0.983316 0.99664
 0.316191 0.699435 0.92133 0.983316 0.99664
 0.316191 0.699435 0.92133 0.983316 0.99664
 0.316191 0.699435 0.92133 0.983316 0.99664
 0.316191 0.699435 0.92133 0.983316 0.99664
 0.316191 0.699435 0.92133 0.983316 0.99664
 0.316191 0.699435 0.92133 0.983316 0.99664
 0.316191 0.699435 0.92133 0.983316 0.99664
 0.316191 0.699435 0.92133 0.983316 0.99664
 0.316191 0.699435 0.92133 0.983316 0.99664
 0.316191 0.699435 0.92133 0.983316 0.99664
 0.316191 0.699435 0.92133 0.983316 0.99664
 0.316191 0.699435 0.92133 0.983316 0.99664
 0.316191 0.699435 0.92133 0.983316 0.99664
 0.316191 0.699435 0.92133 0.983316 0.99664
 0.316191 0.699435 0.92133 0.983316 0.99664
 0.316191 0.699435 0.92133 0.983316 0.99664
 0.316191 0.699435 0.92133 0.983316 0.99664
 0.316191 0.699435 0.92133 0.983316 0.99664
 0.316191 0.699435 0.92133 0.983316 0.99664
 0.316191 0.699435 0.92133 0.983316 0.99664
 0.316191 0.699435 0.92133 0.983316 0.99664
 0.316191 0.699435 0.92133 0.983316 0.99664
Scru_pelaces
 1 1 1 1 1
 1 1 1 1 1
 1 1 1 1 1
 1 1 1 1 1
 1 1 1 1 1
 1 1 1 1 1
 1 1 1 1 1
 1 1 1 1 1
 1 1 1 1 1
 1 1 1 1 1
 1 1 1 1 1
 1 1 1 1 1
 1 1 1 1 1
 1 1 1 1 1
 1 1 1 1 1
 1 1 1 1 1
 1 1 1 1 1
 1 1 1 1 1
 1 1 1 1 1
 1 1 1 1 1
 1 1 1 1 1
 1 1 1 1 1
 1 1 1 1 1
 1 1 1 1 1
 1 1 1 1 1
pf_obs 
 0.256992 0.487395 0.22802 0.0275931 0
 0.321318 0.546541 0.124235 0.00734118 0.000564706
 0.182869 0.594174 0.210203 0.0122559 0.00049798
 0.330522 0.361315 0.267642 0.0388342 0.00168674
 0.649043 0.306663 0.0425973 0.00169635 0
 0.582887 0.30429 0.105238 0.00758474 0
 0.465427 0.430635 0.0974691 0.00646863 0
 0.296916 0.608066 0.0921331 0.00288517 0
 0.311714 0.524322 0.152257 0.0117073 0
 0.15457 0.633149 0.183074 0.0267441 0.00246327
 0.131901 0.49318 0.331252 0.0422183 0.00144891
 0.196976 0.569456 0.194076 0.0375587 0.00193317
 0.518974 0.381816 0.0799577 0.0180837 0.00116848
 0.0928022 0.601141 0.25162 0.0475244 0.00691264
 0.122501 0.610282 0.24278 0.0234846 0.000952079
 0.383417 0.481906 0.127806 0.00687128 0
 0.0376549 0.599619 0.316969 0.0457579 0
 0.0361596 0.667082 0.258105 0.0386534 0
 0.158088 0.579412 0.248529 0.0139706 0
 0.0477256 0.309471 0.559284 0.082774 0.000745712
 0.0406174 0.521527 0.379366 0.0568643 0.0016247
 0.151134 0.462217 0.34131 0.0453401 0
 0.294876 0.26143 0.354403 0.0886775 0.000613685
 0.281977 0.475581 0.204845 0.0348837 0.00271318
 0.0841818 0.532909 0.334909 0.0458182 0.00218182
pf_pred 
 0.278103 0.490701 0.206369 0.0248158 1.15874e-05
 0.25925 0.585679 0.124604 0.0273327 0.00313437
 0.120699 0.682803 0.172734 0.0192703 0.00449306
 0.211278 0.506892 0.25266 0.0258554 0.00331389
 0.240989 0.499147 0.195478 0.0579414 0.00644457
 0.126688 0.604444 0.201389 0.0511279 0.0163502
 0.494435 0.325556 0.14977 0.0229817 0.00725671
 0.28391 0.665976 0.0399953 0.00849992 0.00161796
 0.542748 0.396334 0.0593329 0.00128514 0.000300037
 0.332354 0.634658 0.0313293 0.00161891 3.97457e-05
 0.113262 0.717145 0.165036 0.00433797 0.000219307
 0.197366 0.461451 0.306244 0.0340481 0.000890235
 0.253722 0.568851 0.13084 0.0420439 0.00454368
 0.307211 0.599163 0.0840133 0.00722864 0.00238393
 0.320885 0.649381 0.0289484 0.000715249 7.09448e-05
 0.170277 0.761455 0.0674845 0.000764625 1.85926e-05
 0.128904 0.567297 0.290425 0.0132279 0.000146151
 0.266077 0.470417 0.20945 0.0517968 0.00225891
 0.426016 0.48367 0.072932 0.0139953 0.00338675
 0.269955 0.661774 0.0633802 0.00400017 0.000891091
 0.424956 0.45025 0.119047 0.00535701 0.000390266
 0.213341 0.664465 0.105276 0.0161677 0.000750661
 0.210097 0.514451 0.248299 0.0235098 0.00364261
 0.36116 0.430372 0.158688 0.0450391 0.00474116
 0.119275 0.713167 0.13082 0.0282197 0.00851793
pobs_RECLAS
 0 0 0 0 0
 0 0 0 0 0
 0 0 0 0 0
 0 0 0 0 0
 0.835266 0.146461 0.0176864 0.000547809 3.91292e-05
 0.385257 0.428462 0.181853 0.0044286 0
 0.867414 0.0963971 0.0333333 0.00285562 0
 0.441836 0.489002 0.0689373 0.000224442 0
 0.779404 0.147425 0.0564933 0.0165055 0.000172143
 0.814271 0.122319 0.05973 0.00367925 0
 0.40263 0.566651 0.0304383 0.000280538 0
 0.475488 0.404961 0.113038 0.00651328 0
 0.955842 0.0263864 0.0167828 0.000988607 0
 0.975058 0.0227948 0.00214734 0 0
 0.738997 0.206755 0.0527124 0.00153531 0
 0.850938 0.134255 0.0134407 0.00136685 0
 0.542534 0.407297 0.0501686 0 0
 0.764087 0.199537 0.0359546 0.000420521 0
 0.470689 0.182191 0.310203 0.0369168 0
 0.84361 0.089868 0.0606195 0.00523954 0.000663233
 0.607945 0.314616 0.071237 0.00620181 0
 0.523733 0.453247 0.0230204 0 0
 0.530135 0.295979 0.169645 0.0042399 0
 0.562478 0.366248 0.0663022 0.0049721 0
 0.250443 0.683176 0.0655157 0.000865301 0
ppred_RECLAS
 0.596604 0.290683 0.100256 0.0124517 5.88253e-06
 0.56713 0.355005 0.0621467 0.0140844 0.00163416
 0.364179 0.522349 0.0994275 0.011364 0.00267962
 0.498162 0.340945 0.143687 0.0152304 0.00197537
 0.532867 0.321684 0.108373 0.0333252 0.00375115
 0.367866 0.46679 0.122858 0.0321014 0.0103845
 0.798186 0.140123 0.0510507 0.0080642 0.00257586
 0.623544 0.356932 0.0155112 0.00336502 0.000647655
 0.837845 0.146224 0.0155082 0.000342218 8.07762e-05
 0.643648 0.341669 0.0139215 0.000743458 1.8468e-05
 0.329602 0.563445 0.103992 0.00281726 0.000144087
 0.497526 0.314785 0.167933 0.0192475 0.000509123
 0.593832 0.33002 0.0558106 0.0183341 0.00200356
 0.728072 0.251171 0.0186356 0.00159141 0.000529855
 0.696014 0.295562 0.00819913 0.000203969 2.04411e-05
 0.430927 0.530212 0.0384007 0.000449235 1.10519e-05
 0.370228 0.440267 0.180917 0.00849355 9.49371e-05
 0.602256 0.277113 0.0953453 0.024217 0.00106823
 0.749546 0.219034 0.0252358 0.00496844 0.00121603
 0.585323 0.383239 0.0291191 0.00189225 0.000426411
 0.729296 0.219412 0.0488481 0.00227596 0.000167781
 0.492562 0.438727 0.0588994 0.00937124 0.000440298
 0.496471 0.346342 0.141172 0.0138437 0.00217052
 0.676396 0.229189 0.0712455 0.0209394 0.0022305
 0.325599 0.561015 0.0877655 0.0196257 0.00599481
pobs_PELACES
 0 0 0 0 0
 0 0 0 0 0
 0 0 0 0 0
 0 0 0 0 0
 0 0 0 0 0
 0 0 0 0 0
 0 0 0 0 0
 0 0 0 0 0
 0 0 0 0 0
 0 0 0 0 0
 0.450072 0.473896 0.0757376 0.000293798 0
 0 0 0 0 0
 0.463077 0.371075 0.160297 0.00555027 0
 0.529543 0.364841 0.0842815 0.0213345 0
 0.631943 0.363953 0.00410389 0 0
 0.735681 0.248677 0.0153453 0.000297389 0
 0.695825 0.281241 0.0229344 0 0
 0.275771 0.60734 0.115278 0.00161068 0
 0 0 0 0 0
 0.896147 0.0623911 0.0374545 0.00400742 0
 0.803859 0.145111 0.0509908 3.86294e-05 0
 0.739449 0.233085 0.0266225 0.000797448 4.60066e-05
 0.878498 0.100942 0.0204185 0.000141795 0
 0.694673 0.275183 0.0284847 0.00165964 0
 0.469039 0.446079 0.0841089 0.000773354 0
ppred_PELACES
 0.816867 0.145705 0.033562 0.00386445 1.80024e-06
 0.790602 0.182862 0.0214998 0.00451937 0.000517072
 0.670596 0.29199 0.0331281 0.00347744 0.000808139
 0.730716 0.202135 0.060419 0.00596685 0.000763318
 0.737653 0.196818 0.0496522 0.0142895 0.00158686
 0.659061 0.279625 0.0465188 0.0112174 0.0035773
 0.929996 0.0548902 0.0126825 0.0018494 0.000582366
 0.856661 0.139066 0.00345625 0.000686279 0.000130155
 0.951729 0.0455014 0.00270245 5.44876e-05 1.26719e-05
 0.830821 0.164426 0.00452421 0.000224198 5.49192e-06
 0.601035 0.355507 0.0423445 0.00106051 5.34752e-05
 0.766619 0.168749 0.058292 0.00617816 0.000161121
 0.845195 0.136861 0.0134561 0.00405139 0.000436298
 0.938456 0.0594123 0.00193533 0.000147998 4.84973e-05
 0.91114 0.0876177 0.00121249 2.72974e-05 2.69401e-06
 0.681263 0.303957 0.0146175 0.000158461 3.84398e-06
 0.655072 0.270073 0.0717081 0.00311252 3.43005e-05
 0.843428 0.123956 0.0262183 0.00613158 0.0002666
 0.909823 0.0830669 0.00580509 0.00105118 0.000253583
 0.811387 0.179316 0.00866137 0.000519681 0.000115451
 0.877756 0.105052 0.0164282 0.000712591 5.18111e-05
 0.712547 0.258828 0.0247792 0.00367493 0.000170307
 0.729859 0.204854 0.059058 0.00539465 0.000834243
 0.851754 0.115348 0.0252586 0.00691274 0.00072627
 0.547021 0.395818 0.0449508 0.00938325 0.0028273
pobs_pel_tallas
 0 0 0 0 0 0 0 0 0 0 0 0 0 0 0 0 0 0 0 0 0 0 0 0 0 0 0 0 0 0 0 0 0 0 0 0
 0 0 0 0 0 0 0 0 0 0 0 0 0 0 0 0 0 0 0 0 0 0 0 0 0 0 0 0 0 0 0 0 0 0 0 0
 0 0 0 0 0 0 0 0 0 0 0 0 0 0 0 0 0 0 0 0 0 0 0 0 0 0 0 0 0 0 0 0 0 0 0 0
 0 0 0 0 0 0 0 0 0 0 0 0 0 0 0 0 0 0 0 0 0 0 0 0 0 0 0 0 0 0 0 0 0 0 0 0
 0 0 0 0 0 0 0 0 0 0 0 0 0 0 0 0 0 0 0 0 0 0 0 0 0 0 0 0 0 0 0 0 0 0 0 0
 0 0 0 0 0 0 0 0 0 0 0 0 0 0 0 0 0 0 0 0 0 0 0 0 0 0 0 0 0 0 0 0 0 0 0 0
 0 0 0 0 0 0 0 0 0 0 0 0 0 0 0 0 0 0 0 0 0 0 0 0 0 0 0 0 0 0 0 0 0 0 0 0
 0 0 0 0 0 0 0 0 0 0 0 0 0 0 0 0 0 0 0 0 0 0 0 0 0 0 0 0 0 0 0 0 0 0 0 0
 0 0 0 0 0 0 0 0 0 0 0 0 0 0 0 0 0 0 0 0 0 0 0 0 0 0 0 0 0 0 0 0 0 0 0 0
 0 0 0 0 0 0 0 0 0 0 0 0 0 0 0 0 0 0 0 0 0 0 0 0 0 0 0 0 0 0 0 0 0 0 0 0
 0 0 0 0 0 0 0 0 1.78061e-05 0.00172719 0.00360574 0.0105946 0.0120993 0.0124554 0.0147524 0.0171206 0.0266825 0.0428682 0.0675386 0.121331 0.153587 0.119568 0.100827 0.0573624 0.0630603 0.0341343 0.0324427 0.0444173 0.0211091 0.0280891 0.0125444 0.00206551 0 0 0 0
 0 0 0 0 0 0 0 0 0 0 0 0 0 0 0 0 0 0 0 0 0 0 0 0 0 0 0 0 0 0 0 0 0 0 0 0
 0 0 0 0 0 0 0.0133647 0.0140871 0.0187388 0.0205184 0.03894 0.0496705 0.03968 0.0493445 0.0407372 0.0367815 0.0215668 0.0243155 0.0234873 0.0199281 0.019796 0.0243948 0.0301388 0.0376714 0.0412746 0.0863199 0.0771752 0.113111 0.0741005 0.0525337 0.0229764 0.00759418 0.00175318 0 0 0
 0 0 0 0 0 0 0 0 0 0 0.00219441 0.00772107 0.0458388 0.0604681 0.0671733 0.0775358 0.0609151 0.0617685 0.073594 0.0568108 0.0755445 0.0548602 0.0670107 0.0636378 0.0643287 0.046367 0.0373049 0.0286899 0.0247887 0.0153202 0.00654259 0.00121912 0.000365735 0 0 0
 0 0 0 0 0 0 0 0 0 0 0 0 0.000112435 0.00938835 0.0111873 0.0202946 0.0414886 0.0713402 0.111592 0.104902 0.108894 0.110636 0.117776 0.105296 0.107544 0.0401394 0.0192827 0.0124803 0.00416011 0.0028671 0.000618394 0 0 0 0 0
 0 0 0 0 0 0 0 0 0 0 0.00291406 0.0102884 0.027416 0.0768956 0.0749926 0.110853 0.0956884 0.0897413 0.0766577 0.0534642 0.0500743 0.0551293 0.0594112 0.0620874 0.0668451 0.0424026 0.0208742 0.0120726 0.0048766 0.00582813 0.00118941 0.000297354 0 0 0 0
 0 0.00264628 0.0354308 0.0461629 0.0458689 0.0383711 0.0214643 0.0164657 0.0346957 0.0420465 0.0363128 0.0245516 0.0311673 0.0291091 0.0169068 0.0133784 0.00837989 0.0085269 0.0148486 0.0160247 0.0276389 0.0546898 0.0760071 0.122758 0.109233 0.0665981 0.0333725 0.0166128 0.00676272 0.00308733 0.000882094 0 0 0 0 0
 0 0 0 0 0 0 0 0.000805153 0.000690131 0.00759144 0.0133425 0.0154129 0.00931677 0.000345066 0.00356568 0.00563607 0.00851162 0.0253048 0.0502646 0.0516448 0.0657925 0.0565908 0.0611916 0.0827007 0.0866115 0.110766 0.145733 0.0935128 0.0569358 0.0249597 0.0138026 0.00621118 0.00161031 0.00115022 0 0
 0 0 0 0 0 0 0 0 0 0 0 0 0 0 0 0 0 0 0 0 0 0 0 0 0 0 0 0 0 0 0 0 0 0 0 0
 0.00147267 0.00158595 0.00478618 0.00569244 0.00954404 0.0108468 0.00647125 0.017049 0.0510054 0.094081 0.124002 0.0959785 0.0687766 0.0820023 0.061753 0.0591476 0.0492212 0.0479892 0.0443925 0.0268479 0.0217502 0.0140895 0.0121071 0.0120363 0.00920419 0.00665534 0.0049561 0.00860946 0.00930331 0.0156896 0.0114698 0.00855282 0.00243557 0.00046729 0 2.83206e-05
 0 0 0 0 0.000772559 0.00158375 0.000888443 0.00281984 0.00712685 0.0440552 0.0773331 0.111326 0.0921469 0.0852325 0.0710754 0.0886704 0.0786465 0.0553345 0.0373146 0.0185414 0.00753245 0.00457741 0.012979 0.0271748 0.0457355 0.0583668 0.034881 0.0177882 0.00938659 0.00492506 0.0015258 0.00185414 0.000309023 5.79419e-05 3.86279e-05 0
 0 0.00173294 0.00326652 0 0.00397197 0.00683976 0.00946217 0.0152591 0.00757587 0.0136028 0.0228656 0.0392903 0.0559909 0.0764795 0.0681675 0.0726916 0.0566044 0.0477403 0.0527397 0.0444891 0.0609904 0.0582453 0.0661739 0.0445044 0.0529084 0.0360697 0.0280645 0.0235558 0.0158879 0.00826598 0.00280645 0.00217768 0.000904811 0.00058276 9.20147e-05 0
 0 0 0 0 0 0 0 0 0 0 0 0 0 0 0 0 0 0 0 0 0 0 0 0 0 0 0 0 0 0 0 0 0 0 0 0
 0 0 0 0 0 0 0 0 0 0 0 0 0 0 0 0 0 0 0 0 0 0 0 0 0 0 0 0 0 0 0 0 0 0 0 0
 0 0 0 0 0 0 0 0 0 0 0 0 0 0 0 0 0 0 0 0 0 0 0 0 0 0 0 0 0 0 0 0 0 0 0 0
ppred_pel_tallas
 1.00657e-16 3.56378e-05 0.000209173 0.000994331 0.00382826 0.0119381 0.0301546 0.0617 0.102273 0.137346 0.149449 0.131799 0.0942891 0.0549132 0.0264356 0.0112778 0.00552858 0.00458966 0.00564409 0.00745969 0.00954434 0.011617 0.0134293 0.0147549 0.015428 0.0153793 0.0146507 0.013379 0.0117588 0.00999534 0.00826345 0.00668376 0.00531802 0.00417962 0.00325133 0.00250253
 1.00545e-16 3.4494e-05 0.000202455 0.000962384 0.00370524 0.0115544 0.0291856 0.0597176 0.0989885 0.132939 0.144663 0.1276 0.0913354 0.0532932 0.0258429 0.0113453 0.0060307 0.00545858 0.00689956 0.00913985 0.0116613 0.0141324 0.0162456 0.0177206 0.0183572 0.0180812 0.0169614 0.015188 0.0130227 0.0107373 0.00855931 0.00664066 0.00505185 0.00379632 0.00283504 0.00211108
 1.00723e-16 2.92657e-05 0.00017175 0.000816385 0.00314307 0.00980132 0.0247575 0.0506582 0.0839757 0.112789 0.122769 0.108367 0.0777386 0.0457031 0.0228041 0.0111048 0.00746725 0.00816566 0.0108862 0.0145414 0.0185654 0.0224898 0.0258339 0.0281518 0.0291244 0.0286348 0.0267951 0.023912 0.0204077 0.0167196 0.0132145 0.0101376 0.00760273 0.00561502 0.0041105 0.00299539
 1.01165e-16 3.18836e-05 0.000187127 0.00088951 0.00342465 0.0106794 0.0269754 0.0551956 0.0914939 0.122877 0.133723 0.117972 0.0844909 0.049395 0.0241321 0.0109028 0.00624286 0.00606521 0.00785612 0.0104891 0.0134635 0.0164339 0.0190643 0.0210397 0.022125 0.0222158 0.0213584 0.0197298 0.0175873 0.0152047 0.012818 0.0105932 0.00861968 0.00692458 0.0054956 0.00430311
 1.01335e-16 3.21859e-05 0.000188902 0.00089795 0.00345715 0.0107808 0.0272314 0.0557194 0.0923618 0.124042 0.134988 0.119085 0.0852775 0.0498348 0.0243094 0.0109191 0.0061628 0.00591153 0.0076267 0.0101734 0.0130523 0.0159251 0.0184655 0.0203693 0.021411 0.0214928 0.0206638 0.0190994 0.0170511 0.0147847 0.0125262 0.0104312 0.0085796 0.00699047 0.00564565 0.00451228
 1.01305e-16 2.87622e-05 0.000168795 0.000802341 0.003089 0.00963271 0.0243316 0.0497867 0.0825308 0.110848 0.120655 0.106498 0.076392 0.0448995 0.0223817 0.0108652 0.00726565 0.00792327 0.0105689 0.0141424 0.0180999 0.021996 0.0253724 0.0278009 0.0289707 0.0287589 0.0272577 0.0247421 0.021596 0.0182198 0.0149504 0.0120147 0.00952143 0.00748283 0.0058512 0.00455427
 1.00289e-16 4.0567e-05 0.00023812 0.00113197 0.00435823 0.0135908 0.0343291 0.0702406 0.116427 0.156343 0.170093 0.14994 0.107127 0.0621065 0.0293674 0.0116159 0.00434882 0.00229519 0.00224359 0.00283446 0.00360661 0.00438926 0.0050771 0.00558322 0.00584497 0.00583617 0.00557221 0.00510417 0.00450469 0.0038503 0.00320608 0.00261675 0.00210507 0.00167582 0.00132254 0.00103405
 1.00125e-16 3.73727e-05 0.000219359 0.00104276 0.00401472 0.0125196 0.0316233 0.064705 0.107254 0.144033 0.156721 0.138202 0.0988479 0.0575233 0.0276071 0.0116295 0.00547787 0.00431993 0.005194 0.00680569 0.00864409 0.0104277 0.0119168 0.012899 0.0132271 0.0128529 0.01184 0.0103463 0.0085841 0.00677131 0.00508853 0.00365384 0.00251788 0.00167548 0.00108569 0.000692289
 1.00056e-16 4.15143e-05 0.000243683 0.00115841 0.00446005 0.0139083 0.0351312 0.0718816 0.119146 0.159994 0.174062 0.153432 0.109607 0.0635141 0.0299759 0.011756 0.00423989 0.00202828 0.00183217 0.00226208 0.0028533 0.00344371 0.00394192 0.00427635 0.00439796 0.0042901 0.00397238 0.00349516 0.00292671 0.0023374 0.00178584 0.00131075 0.000929304 0.000640861 0.000433306 0.000289568
 1.00126e-16 3.6247e-05 0.000212748 0.00101132 0.00389367 0.0121421 0.0306699 0.0627544 0.104021 0.139695 0.152007 0.134062 0.0959233 0.0558948 0.0269632 0.011595 0.00581432 0.0049429 0.00610813 0.00804159 0.0102199 0.0123292 0.0140893 0.0152496 0.0156358 0.0151909 0.0139901 0.0122197 0.0101313 0.00798257 0.00598751 0.00428622 0.00293906 0.00194033 0.0012419 0.000777388
 1.00756e-16 2.62351e-05 0.000153951 0.000731757 0.00281721 0.00878512 0.0221908 0.0454069 0.0752735 0.10111 0.110079 0.097219 0.069858 0.0413049 0.0210452 0.0109699 0.00830721 0.00974604 0.0132135 0.0176955 0.0225979 0.0273727 0.031438 0.0342505 0.0354211 0.0348069 0.0325441 0.0290068 0.0247098 0.0201876 0.0158894 0.0121165 0.0090098 0.00657789 0.004744 0.00339406
 1.01103e-16 3.34478e-05 0.000196314 0.00093319 0.00359284 0.0112039 0.0283002 0.057906 0.0959854 0.128905 0.140273 0.123726 0.0885577 0.0516636 0.0250375 0.0109685 0.00580344 0.00524123 0.00664412 0.00884838 0.0113684 0.013901 0.016163 0.0178897 0.0188819 0.0190473 0.0184181 0.0171346 0.0154042 0.0134494 0.0114638 0.00958484 0.00788983 0.00640639 0.00513112 0.0040468
 1.00396e-16 3.68727e-05 0.000216424 0.0010288 0.00396099 0.012352 0.0312001 0.0638391 0.105818 0.142106 0.154624 0.136353 0.0975271 0.0567577 0.0272457 0.0114885 0.00543025 0.00430543 0.0051949 0.00682491 0.00869475 0.0105296 0.0120944 0.0131791 0.0136348 0.0134075 0.0125505 0.011208 0.00957782 0.00786443 0.00623868 0.00481391 0.00364167 0.00272273 0.00202582 0.00150627
 1.00055e-16 4.09361e-05 0.000240287 0.00114227 0.00439788 0.0137145 0.0346414 0.0708797 0.117486 0.157766 0.171641 0.151307 0.108107 0.0626804 0.0296498 0.011746 0.00442479 0.00236601 0.00232618 0.00292852 0.00370088 0.00446316 0.00510185 0.00552463 0.00566815 0.00551162 0.00508191 0.0044461 0.00369465 0.00292044 0.00220057 0.00158557 0.00109729 0.000733837 0.000478078 0.000306338
 1.00047e-16 3.97461e-05 0.000233298 0.00110904 0.00426992 0.0133154 0.0336335 0.0688177 0.114069 0.15318 0.166659 0.146932 0.105017 0.0609632 0.0289766 0.011722 0.00479984 0.00305305 0.00333189 0.00428603 0.00542847 0.00654279 0.00747057 0.00807721 0.00827007 0.00801953 0.00736659 0.00641181 0.00529018 0.00413999 0.00307582 0.00217242 0.0014616 0.000939579 0.000579671 0.000345392
 1.00313e-16 2.97312e-05 0.000174482 0.000829372 0.00319307 0.00995724 0.0251514 0.0514642 0.0853118 0.114584 0.124724 0.110095 0.0789841 0.0464465 0.0231951 0.011327 0.00765407 0.00838936 0.0111772 0.014904 0.0189828 0.0229239 0.0262256 0.0284263 0.0292015 0.0284422 0.0262823 0.0230613 0.0192386 0.0152867 0.0115988 0.00843388 0.00590572 0.00400781 0.00265635 0.00173411
 1.01215e-16 2.8588e-05 0.000167773 0.000797482 0.00307029 0.00957438 0.0241842 0.0494851 0.0820307 0.110176 0.119922 0.105848 0.0759193 0.0446087 0.0222132 0.0107458 0.00714023 0.00776016 0.0103543 0.0138764 0.0177969 0.0216851 0.0250969 0.0276132 0.0289232 0.0288938 0.0275962 0.0252782 0.0222952 0.0190241 0.0157884 0.0128141 0.0102204 0.00803887 0.00624465 0.00478762
 1.00636e-16 3.67951e-05 0.00021597 0.00102665 0.00395269 0.0123261 0.0311347 0.0637052 0.105596 0.141806 0.154296 0.136058 0.0973023 0.0566001 0.0271204 0.0113512 0.005242 0.00403633 0.00482454 0.00634468 0.00811237 0.00987329 0.0114138 0.0125417 0.0131166 0.0130807 0.0124701 0.0114016 0.0100407 0.00856087 0.00710951 0.00578717 0.00464424 0.00369014 0.00290874 0.00227332
 1.00158e-16 3.96886e-05 0.00023296 0.00110743 0.00426374 0.0132962 0.0335849 0.0687181 0.113904 0.152958 0.166417 0.146716 0.104858 0.0608617 0.0289111 0.011666 0.00473195 0.00295921 0.00320389 0.00412092 0.00522953 0.00632073 0.00724383 0.00787052 0.00811119 0.00793473 0.00737588 0.00652512 0.00550553 0.00444402 0.00344633 0.00258228 0.00188299 0.0013476 0.000954897 0.000674982
 1.00205e-16 3.54002e-05 0.000207775 0.000987678 0.00380263 0.0118582 0.0299528 0.0612873 0.10159 0.136431 0.148461 0.130945 0.0937168 0.0546569 0.0264556 0.0115303 0.0060066 0.00532171 0.00667094 0.00880822 0.0112057 0.0135316 0.0154825 0.0167848 0.017247 0.0168046 0.0155364 0.0136425 0.0113933 0.00906711 0.00689561 0.00503109 0.00354047 0.00241982 0.00161982 0.00107155
 1.00295e-16 3.82912e-05 0.000224755 0.00106842 0.00411351 0.0128277 0.0324015 0.0662971 0.109892 0.147572 0.160563 0.14157 0.101213 0.0588111 0.0280598 0.0115366 0.00501388 0.00353241 0.00406103 0.00529343 0.00674451 0.00817974 0.00941393 0.010284 0.0106733 0.0105371 0.00991237 0.00890591 0.0076662 0.00634814 0.00508253 0.00395794 0.00301719 0.0022652 0.00168265 0.00123953
 1.00571e-16 3.10936e-05 0.000182484 0.000867425 0.0033396 0.0104142 0.0263055 0.0538253 0.0892242 0.119834 0.130424 0.115095 0.0825002 0.0483722 0.0238941 0.011235 0.00703724 0.00732586 0.00964058 0.0128464 0.0163881 0.0198377 0.0227667 0.0247799 0.0255963 0.0251149 0.0234386 0.0208434 0.0177073 0.014421 0.0113116 0.0085967 0.00637557 0.00465009 0.00335985 0.00241779
 1.0113e-16 3.18464e-05 0.000186908 0.000888469 0.00342064 0.0106669 0.0269439 0.055131 0.0913869 0.122733 0.133567 0.117837 0.0843972 0.049347 0.0241212 0.0109191 0.00628138 0.00612627 0.00794262 0.0106035 0.0136056 0.0165996 0.019245 0.0212228 0.0222956 0.022359 0.021462 0.0197862 0.0175946 0.0151667 0.0127432 0.0104924 0.00850476 0.00680628 0.00538261 0.00420146
 1.00668e-16 3.71578e-05 0.0002181 0.00103678 0.00399169 0.0124478 0.0314419 0.0643337 0.106638 0.143204 0.155814 0.137391 0.0982438 0.0571232 0.027325 0.0113576 0.00512598 0.00382419 0.0045138 0.00592475 0.00757718 0.00922793 0.0106773 0.0117462 0.0123038 0.0122954 0.0117535 0.0107851 0.00954222 0.00818446 0.00684723 0.00562293 0.00455792 0.00366115 0.00291853 0.00230662
 1.01222e-16 2.38815e-05 0.00014013 0.00066604 0.00256417 0.00799601 0.0201976 0.0413291 0.0685156 0.0920388 0.100221 0.088554 0.063722 0.0378585 0.0196242 0.0107728 0.00881361 0.0107558 0.0147147 0.0197386 0.025222 0.0305695 0.0351377 0.0383238 0.0396954 0.0390931 0.0366667 0.0328286 0.0281465 0.0232083 0.0185063 0.0143684 0.0109457 0.00824395 0.00617721 0.00462089
pSPR Fmed_Fpbrs
0.53126   0.429404 0.429404
Fs Fmed_Fpbrs
0.64   1.005 1.005
SSBpbr Bo_Bmed_Bpbrs
520425  250460  197451 197451
Ro
27391.9
SPR SPRFo_SPRFmed_SPRFpbrs
563202 299207 241841
log_Ro
10.038
likeval ReclasPelacesDesembMPH_pf_preclas_ppelaces_ptallas_desvR_qrecl_qpela
 84.3855 174.769 0.0610855 126.504 340.572 192.192 57.2639 0 23.9524 1.87163e-05 0 0 0 0 0
q_reclas_q_pelaces
1.84604 1
M
0.7
N
 33829.4 10257.4 3261.18 385.643 0.17991
 39672.5 15238.9 2438.28 525.761 60.2367
 15140.2 17947.7 3741.55 413.005 96.2424
 17061.7 6254.74 2218.33 222.197 28.4467
 28489.8 8045.43 2100.84 606.333 67.3439
 15454.8 14000.9 3692.5 924.969 295.587
 53713.4 6676.23 2424.97 367.089 115.829
 44351 23262.4 1178.75 248.252 47.2324
 105354 17755 2266.79 48.6885 11.3621
 129166 41506.9 1533.08 77.8437 1.90936
 50637.5 58676.9 10515.1 272.393 13.7603
 52249.5 22223.4 11453.6 1254.75 32.7815
 47034.7 22988.9 4421.7 1407.23 152.002
 31191.4 19066.3 2462.18 210.993 69.5685
 18663.1 10211.8 406.318 9.98218 0.989826
 8668.09 6733.57 453.514 5.05511 0.122814
 4837.19 3887.52 1548.26 69.4935 0.767223
 6034.97 2124.85 764.093 186.71 8.13744
 11039.5 2552.45 313.66 59.5101 14.3924
 10029.4 4621.7 348.835 21.7168 4.8342
 26359.7 4351.48 827.301 36.4692 2.65393
 26215.4 12338.8 1382.6 207.734 9.63379
 32990.3 12413 4275.93 396.375 61.3455
 84089.1 15523.7 4103.25 1140.58 119.933
 45292.7 39446.8 5013.57 1056.34 318.451
pred_Ctot
 2272.35 4009.46 1686.22 202.767 0.094679
 2552.53 5766.51 1226.84 269.114 30.8605
 1849.53 10462.9 2646.9 295.288 68.8494
 620.509 1488.7 742.045 75.9354 9.73267
 212.646 440.441 172.488 51.1268 5.68662
 1457.58 6954.27 2317.03 588.238 188.113
 4978.92 3278.32 1508.17 231.424 73.0744
 6259.79 14683.7 881.835 187.41 35.6735
 15866 11585.9 1734.46 37.5681 8.7709
 7955.54 15191.8 749.927 38.7516 0.95139
 4262.64 26989.7 6211.12 163.26 8.25362
 4312.99 10084 6692.28 744.045 19.4541
 6286.64 14094.8 3241.92 1041.75 112.582
 7827.36 15265.9 2140.56 184.177 60.7395
 3738.12 7564.91 337.232 8.33223 0.826465
 607.37 2716.07 240.714 2.72738 0.0663188
 404.341 1779.47 910.991 41.4925 0.458441
 649.611 1148.49 511.36 126.459 5.51498
 1258.27 1428.56 215.411 41.3362 10.003
 918.028 2250.48 215.535 13.6033 3.03031
 1091.34 1156.3 305.728 13.7575 1.00226
 878.803 2737.09 433.655 66.5986 3.09215
 1247.65 3055.03 1474.5 139.611 21.6314
 3357.29 4000.67 1475.14 418.676 44.073
 1092.63 6533.02 1198.39 258.508 78.0291
F
 0.0974771 0.73671 1.125 1.1571 1.15884
 0.0931958 0.704353 1.07559 1.10627 1.10794
 0.18401 1.39071 2.12369 2.18428 2.18757
 0.0517349 0.391001 0.597081 0.614116 0.61504
 0.0104265 0.0788012 0.120334 0.123767 0.123953
 0.139367 1.0533 1.60845 1.65435 1.65683
 0.136826 1.0341 1.57913 1.62418 1.62662
 0.21547 1.62847 2.48677 2.55772 2.56157
 0.231469 1.74939 2.67142 2.74764 2.75177
 0.089054 0.67305 1.02779 1.05711 1.0587
 0.123547 0.93374 1.42587 1.46656 1.46876
 0.121017 0.914622 1.39668 1.43653 1.43869
 0.202965 1.53396 2.34245 2.40929 2.41291
 0.416596 3.14854 4.808 4.94518 4.95262
 0.319442 2.41427 3.68673 3.79192 3.79762
 0.101878 0.769973 1.17579 1.20934 1.21116
 0.122634 0.926836 1.41533 1.45571 1.4579
 0.160516 1.21315 1.85254 1.9054 1.90826
 0.170713 1.29021 1.97023 2.02644 2.02949
 0.135007 1.02035 1.55813 1.60259 1.605
 0.059085 0.446551 0.681909 0.701364 0.702419
 0.0476 0.35975 0.549359 0.565033 0.565883
 0.0538476 0.406968 0.621463 0.639195 0.640156
 0.0569238 0.430217 0.656967 0.675711 0.676727
 0.0340514 0.257352 0.392992 0.404205 0.404813
Np
 19684.1 8982.53 5698.7 2834.96 361.598
YTP_r0W_actual
 29715.3 305545 78296.1 20918.3 6573.23
YTP_p0W_proyectada
 9455.02 165321 225034 32470.6 10004
 9455.02 68311.4 84680.8 54773.5 7760.3
CTP_r0_actual
 2653.15 13888.4 2372.61 508.96 153.58
CTP_p0_proyectada
 1153.05 7653.76 7166.69 809.74 224.81
 1153.05 3162.56 2696.84 1365.92 174.389
Wmedp
 8.2 21.6 31.4 40.1 44.5
nmprior
 10.8 10.6 4.6 0
nm_flota  nm_reclas  nm_pelaces    nm_pelaL
inf 16.2906 10.1338 20.3003
cv_recla  cv_pelaces  cv_mph
0.830919 1.49901 0.467919
 ------------------------------------------------
Talla a la edad & desviaci?n 
 7.2 14.2025 17.0495 18.207 18.6776
 1.08 2.13037 2.55742 2.73105 2.80164
