years
 1997 1998 1999 2000 2001 2002 2003 2004 2005 2006 2007 2008 2009 2010 2011 2012 2013 2014 2015 2016 2017 2018 2019 2020
reclasobs
 0 0 0 370054 412103 1.49427e+06 250295 1.28982e+06 931140 785840 897777 1.04006e+06 184774 17550 25797 100020 73551 82996 120727 218422 84188 347160 605670 569463
reclaspred
 482614 121508 259804 168663 255136 257702 560230 412349 789049 859334 711117 514258 289549 123936 100150 82435.4 59716.8 69718.7 100373 139536 207499 257290 471784 461303
pelacesobs
 0 0 0 0 0 0 0 0 0 2.06254e+06 1.5e+06 0 1.87456e+06 323000 250000 174000 83755 137374 0 501740 490994 745055 786931 1.00524e+06
pelacespred
 2.10542e+06 373928 556411 537223 736003 520708 1.63838e+06 1.20208e+06 2.48203e+06 2.51015e+06 1.79634e+06 1.38726e+06 749284 268912 229527 189240 138001 170764 237621 323156 608450 642753 982677 1.17865e+06
mphobs
 0 0 0 0 0 0 112323 0 153150 637223 0 255016 313432 73983 77613 109348 50772 17779 17303 59886 28197 0 207744 136588
mphpred
 180110 96236.4 98784.7 82308.6 94362.7 142908 176313 213353 235438 403258 409670 287379 182135 112307 60897.6 57626.6 40931.5 35133.3 23403.8 35989.3 51339.1 71173.5 121109 158306
desembarqueobs
 350755 77701 442110 56441 14545 235359 269955 359681 431902 328805 639364 411747 362871 311530 167758 66681 60226 58785 57116 73181 50977 67692 138656 160484
desembarquepred
 350760 77698.2 442078 56446.1 14545.7 235565 270021 359502 431666 328804 639360 411646 363184 311579 167512 66711 60317.5 58774.6 57055.9 73189.4 50976.6 67662.2 138669 160498
Reclutas
 34168.2 40132.7 17870.3 26395.5 38328.3 25302.4 52931.4 62276.6 148337 114460 62877.7 52331.4 34060.7 29594.3 17879.5 9279.61 5114.31 9039.09 16821 13555.8 24650.8 54043.8 45121.1 45093.7
log_desv_Rt
 0.102173 0.26307 -0.545981 -0.15593 0.217067 -0.198225 0.539875 0.702463 1.57037 1.31111 0.712069 0.528473 0.0990227 -0.0415401 -0.545466 -1.2013 -1.79708 -1.22756 -0.606496 -0.822305 -0.224315 0.560672 0.380228 0.37962
SSB
 415105 221799 227672 189699 217480 329365 391956 483396 527227 909650 944177 662329 434805 185786 104390 98671.8 75840.9 62241.3 81727.5 132656 177200 238700 417854 520264
BT
 1.44912e+06 343477 546598 360040 422354 480163 1.1017e+06 1.06438e+06 1.77483e+06 1.70771e+06 1.56819e+06 1.14608e+06 766669 433450 262395 160139 130026 143103 179036 235786 382442 420721 639192 800274
Ftot
 1.13239 1.07205 2.04851 0.499424 0.0863346 0.951244 0.741559 1.50876 1.34112 0.584419 0.99378 0.876803 1.36418 3.27741 2.85649 1.00716 1.17928 1.31573 1.00694 0.710632 0.367973 0.401572 0.338546 0.391016
BD_Bspro_t
 0.900314 0.613404 0.5098 0.305199 0.45624 0.6135 0.512997 0.529071 0.519822 0.598449 0.570621 0.413566 0.321514 0.190183 0.132695 0.151086 0.163513 0.185554 0.27984 0.443241 0.537571 0.66898 0.747623 0.727608
BD_Bspro
 0.653955 0.349421 0.358674 0.298851 0.342618 0.518881 0.617487 0.761541 0.830592 1.43306 1.48746 1.04343 0.684991 0.292687 0.164456 0.155447 0.11948 0.0980548 0.128753 0.208985 0.27916 0.376048 0.658287 0.819623
BD_Bo
 0.590666 0.315604 0.323961 0.269928 0.309459 0.468664 0.557727 0.687839 0.750208 1.29437 1.3435 0.94245 0.618698 0.264361 0.14854 0.140403 0.107916 0.0885651 0.116293 0.18876 0.252143 0.339655 0.594578 0.740301
BD_Brms
 1.57511 0.841609 0.863895 0.719807 0.825223 1.24977 1.48727 1.83423 2.00055 3.45165 3.58266 2.51319 1.64986 0.70496 0.396107 0.374408 0.287777 0.236173 0.310113 0.503359 0.672381 0.905743 1.58554 1.97413
S_f
 0.0885991 0.648756 0.972294 0.998502 0.999921
 0.0885991 0.648756 0.972294 0.998502 0.999921
 0.0885991 0.648756 0.972294 0.998502 0.999921
 0.0885991 0.648756 0.972294 0.998502 0.999921
 0.0885991 0.648756 0.972294 0.998502 0.999921
 0.0885991 0.648756 0.972294 0.998502 0.999921
 0.0885991 0.648756 0.972294 0.998502 0.999921
 0.0885991 0.648756 0.972294 0.998502 0.999921
 0.0885991 0.648756 0.972294 0.998502 0.999921
 0.0885991 0.648756 0.972294 0.998502 0.999921
 0.0885991 0.648756 0.972294 0.998502 0.999921
 0.0885991 0.648756 0.972294 0.998502 0.999921
 0.0885991 0.648756 0.972294 0.998502 0.999921
 0.0885991 0.648756 0.972294 0.998502 0.999921
 0.0885991 0.648756 0.972294 0.998502 0.999921
 0.0885991 0.648756 0.972294 0.998502 0.999921
 0.0885991 0.648756 0.972294 0.998502 0.999921
 0.0885991 0.648756 0.972294 0.998502 0.999921
 0.0885991 0.648756 0.972294 0.998502 0.999921
 0.0885991 0.648756 0.972294 0.998502 0.999921
 0.0885991 0.648756 0.972294 0.998502 0.999921
 0.0885991 0.648756 0.972294 0.998502 0.999921
 0.0885991 0.648756 0.972294 0.998502 0.999921
 0.0885991 0.648756 0.972294 0.998502 0.999921
Scru_reclas
 0.846378 1 1 1 1
 0.846378 1 1 1 1
 0.846378 1 1 1 1
 0.846378 1 1 1 1
 0.846378 1 1 1 1
 0.846378 1 1 1 1
 0.846378 1 1 1 1
 0.846378 1 1 1 1
 0.846378 1 1 1 1
 0.846378 1 1 1 1
 0.846378 1 1 1 1
 0.846378 1 1 1 1
 0.846378 1 1 1 1
 0.846378 1 1 1 1
 0.846378 1 1 1 1
 0.846378 1 1 1 1
 0.846378 1 1 1 1
 0.846378 1 1 1 1
 0.846378 1 1 1 1
 0.846378 1 1 1 1
 0.846378 1 1 1 1
 0.846378 1 1 1 1
 0.846378 1 1 1 1
 0.846378 1 1 1 1
Scru_pelaces
 1 1 1 1 1
 1 1 1 1 1
 1 1 1 1 1
 1 1 1 1 1
 1 1 1 1 1
 1 1 1 1 1
 1 1 1 1 1
 1 1 1 1 1
 1 1 1 1 1
 1 1 1 1 1
 1 1 1 1 1
 1 1 1 1 1
 1 1 1 1 1
 1 1 1 1 1
 1 1 1 1 1
 1 1 1 1 1
 1 1 1 1 1
 1 1 1 1 1
 1 1 1 1 1
 1 1 1 1 1
 1 1 1 1 1
 1 1 1 1 1
 1 1 1 1 1
 1 1 1 1 1
pf_obs 
 0.256992 0.487395 0.22802 0.0275931 0
 0.321318 0.546541 0.124235 0.00734118 0.000564706
 0.182869 0.594174 0.210203 0.0122559 0.00049798
 0.330522 0.361315 0.267642 0.0388342 0.00168674
 0.649043 0.306663 0.0425973 0.00169635 0
 0.582887 0.30429 0.105238 0.00758474 0
 0.465427 0.430635 0.0974691 0.00646863 0
 0.296916 0.608066 0.0921331 0.00288517 0
 0.311714 0.524322 0.152257 0.0117073 0
 0.15457 0.633149 0.183074 0.0267441 0.00246327
 0.131901 0.49318 0.331252 0.0422183 0.00144891
 0.196976 0.569456 0.194076 0.0375587 0.00193317
 0.518974 0.381816 0.0799577 0.0180837 0.00116848
 0.0928022 0.601141 0.25162 0.0475244 0.00691264
 0.122501 0.610282 0.24278 0.0234846 0.000952079
 0.383417 0.481906 0.127806 0.00687128 0
 0.0376549 0.599619 0.316969 0.0457579 0
 0.0361596 0.667082 0.258105 0.0386534 0
 0.158088 0.579412 0.248529 0.0139706 0
 0.0477256 0.309471 0.559284 0.082774 0.000745712
 0.0406174 0.521527 0.379366 0.0568643 0.0016247
 0.151134 0.462217 0.34131 0.0453401 0
 0.294876 0.26143 0.354403 0.0886775 0.000613685
 0.281977 0.475581 0.204845 0.0348837 0.00271318
pf_pred 
 0.286762 0.485567 0.203331 0.0243277 1.27824e-05
 0.265875 0.581812 0.121715 0.0274547 0.0031425
 0.139448 0.666997 0.169655 0.0192661 0.00463356
 0.266851 0.486162 0.219535 0.0242477 0.00320448
 0.231844 0.543755 0.170648 0.0479527 0.00580016
 0.129802 0.56903 0.236386 0.0495817 0.0152001
 0.295881 0.397014 0.237154 0.0553934 0.0145586
 0.276854 0.572245 0.104173 0.0363956 0.0103323
 0.44862 0.442665 0.096391 0.00864586 0.00367829
 0.194894 0.709646 0.0847827 0.00951895 0.00115836
 0.111782 0.558307 0.305117 0.0221062 0.00268785
 0.14041 0.45788 0.302547 0.0919983 0.0071655
 0.138281 0.52561 0.224955 0.0845408 0.0266132
 0.256317 0.498542 0.18598 0.0402511 0.0189096
 0.263676 0.66502 0.0621137 0.00712637 0.00206446
 0.165421 0.71299 0.117246 0.0038224 0.000520774
 0.119241 0.549716 0.30253 0.0275355 0.000977271
 0.296729 0.408396 0.22353 0.0654531 0.00589209
 0.373039 0.514045 0.0824881 0.0233333 0.00709451
 0.191829 0.669488 0.123751 0.0110327 0.00389896
 0.266042 0.457036 0.246684 0.0270889 0.0031487
 0.327332 0.477019 0.141321 0.0485594 0.00576907
 0.164138 0.635605 0.159276 0.0298609 0.0111206
 0.146686 0.471326 0.318194 0.0510589 0.0127357
pobs_RECLAS
 0 0 0 0 0
 0 0 0 0 0
 0 0 0 0 0
 0 0 0 0 0
 0.835266 0.146461 0.0176864 0.000547809 3.91292e-05
 0.385257 0.428462 0.181853 0.0044286 0
 0.867414 0.0963971 0.0333333 0.00285562 0
 0.441836 0.489002 0.0689373 0.000224442 0
 0.779404 0.147425 0.0564933 0.0165055 0.000172143
 0.814271 0.122319 0.05973 0.00367925 0
 0.40263 0.566651 0.0304383 0.000280538 0
 0.475488 0.404961 0.113038 0.00651328 0
 0.955842 0.0263864 0.0167828 0.000988607 0
 0.975058 0.0227948 0.00214734 0 0
 0.738997 0.206755 0.0527124 0.00153531 0
 0.850938 0.134255 0.0134407 0.00136685 0
 0.542534 0.407297 0.0501686 0 0
 0.764087 0.199537 0.0359546 0.000420521 0
 0.470689 0.182191 0.310203 0.0369168 0
 0.84361 0.089868 0.0606195 0.00523954 0.000663233
 0.607945 0.314616 0.071237 0.00620181 0
 0.523733 0.453247 0.0230204 0 0
 0.530135 0.295979 0.169645 0.0042399 0
 0.562478 0.366248 0.0663022 0.0049721 0
ppred_RECLAS
 0.749302 0.193229 0.0514931 0.00597372 3.13355e-06
 0.719288 0.240703 0.0321665 0.0070376 0.000804218
 0.558483 0.377034 0.0567812 0.00621085 0.00149073
 0.722554 0.208129 0.0618025 0.00663848 0.000876011
 0.675498 0.254885 0.0532791 0.0145765 0.0017606
 0.52512 0.354829 0.0948358 0.0193066 0.00590929
 0.760943 0.159377 0.0619363 0.0140556 0.00368842
 0.737715 0.225763 0.0254737 0.0086085 0.0024395
 0.854154 0.126432 0.0172761 0.00150056 0.000637299
 0.615912 0.353064 0.0276408 0.00301712 0.000366599
 0.485845 0.373008 0.130832 0.00919804 0.00111657
 0.558928 0.282247 0.120485 0.035573 0.00276632
 0.557164 0.317138 0.0850342 0.030941 0.00972332
 0.769714 0.183933 0.0355876 0.0073308 0.00343477
 0.743311 0.2426 0.0123438 0.00135386 0.000391255
 0.576607 0.381694 0.040252 0.0012733 0.000173198
 0.508524 0.355866 0.124259 0.010963 0.000388443
 0.769211 0.159118 0.0547491 0.0155267 0.00139532
 0.805665 0.17051 0.017547 0.00481609 0.00146197
 0.617609 0.337042 0.0405917 0.00351645 0.00124081
 0.72339 0.197695 0.0705081 0.00753308 0.000874333
 0.772999 0.178932 0.0349867 0.0116953 0.00138741
 0.573181 0.353554 0.0586001 0.0106899 0.00397526
 0.560974 0.286449 0.127681 0.0199323 0.00496446
pobs_PELACES
 0 0 0 0 0
 0 0 0 0 0
 0 0 0 0 0
 0 0 0 0 0
 0 0 0 0 0
 0 0 0 0 0
 0 0 0 0 0
 0 0 0 0 0
 0 0 0 0 0
 0 0 0 0 0
 0.450072 0.473896 0.0757376 0.000293798 0
 0 0 0 0 0
 0.463077 0.371075 0.160297 0.00555027 0
 0.529543 0.364841 0.0842815 0.0213345 0
 0.631943 0.363953 0.00410389 0 0
 0.735681 0.248677 0.0153453 0.000297389 0
 0.695825 0.281241 0.0229344 0 0
 0.275771 0.60734 0.115278 0.00161068 0
 0 0 0 0 0
 0.896147 0.0623911 0.0374545 0.00400742 0
 0.803859 0.145111 0.0509908 3.86294e-05 0
 0.739449 0.233085 0.0266225 0.000797448 4.60066e-05
 0.878498 0.100942 0.0204185 0.000141795 0
 0.694673 0.275183 0.0284847 0.00165964 0
ppred_PELACES
 0.817226 0.144682 0.0341652 0.00392489 2.05773e-06
 0.789458 0.183404 0.0218585 0.00473821 0.000541185
 0.692074 0.27079 0.0327696 0.00352146 0.000844409
 0.773722 0.171995 0.048421 0.0051787 0.000683219
 0.714617 0.224609 0.0465197 0.0127177 0.00153602
 0.614985 0.295001 0.0712311 0.0143823 0.00440014
 0.815759 0.126086 0.0452692 0.0102075 0.0026777
 0.817757 0.160262 0.0153926 0.00513427 0.00145394
 0.900279 0.0880232 0.0104232 0.000894893 0.000379829
 0.679612 0.295967 0.0217692 0.00236422 0.000287189
 0.579822 0.313544 0.0989037 0.00689387 0.000836475
 0.645429 0.234584 0.0911899 0.0267201 0.00207703
 0.665707 0.249228 0.0577679 0.0207732 0.00652389
 0.885095 0.0976727 0.0133181 0.00266677 0.00124757
 0.854796 0.13926 0.00522317 0.000558897 0.000161301
 0.661938 0.307867 0.0291564 0.000914311 0.000124309
 0.611182 0.291096 0.0896183 0.00782653 0.000277158
 0.839723 0.115278 0.0344665 0.00966402 0.000867931
 0.856662 0.127389 0.0117732 0.00320335 0.00097195
 0.687044 0.278272 0.0310651 0.00267467 0.000943465
 0.76982 0.166355 0.0570449 0.00607531 0.000705015
 0.813886 0.148047 0.0277329 0.00923832 0.00109573
 0.629581 0.308746 0.0493568 0.00897743 0.0033379
 0.62215 0.250134 0.106935 0.0166374 0.00414304
pobs_pel_tallas
 0 0 0 0 0 0 0 0 0 0 0 0 0 0 0 0 0 0 0 0 0 0 0 0 0 0 0 0 0 0 0 0 0 0 0 0
 0 0 0 0 0 0 0 0 0 0 0 0 0 0 0 0 0 0 0 0 0 0 0 0 0 0 0 0 0 0 0 0 0 0 0 0
 0 0 0 0 0 0 0 0 0 0 0 0 0 0 0 0 0 0 0 0 0 0 0 0 0 0 0 0 0 0 0 0 0 0 0 0
 0 0 0 0 0 0 0 0 0 0 0 0 0 0 0 0 0 0 0 0 0 0 0 0 0 0 0 0 0 0 0 0 0 0 0 0
 0 0 0 0 0 0 0 0 0 0 0 0 0 0 0 0 0 0 0 0 0 0 0 0 0 0 0 0 0 0 0 0 0 0 0 0
 0 0 0 0 0 0 0 0 0 0 0 0 0 0 0 0 0 0 0 0 0 0 0 0 0 0 0 0 0 0 0 0 0 0 0 0
 0 0 0 0 0 0 0 0 0 0 0 0 0 0 0 0 0 0 0 0 0 0 0 0 0 0 0 0 0 0 0 0 0 0 0 0
 0 0 0 0 0 0 0 0 0 0 0 0 0 0 0 0 0 0 0 0 0 0 0 0 0 0 0 0 0 0 0 0 0 0 0 0
 0 0 0 0 0 0 0 0 0 0 0 0 0 0 0 0 0 0 0 0 0 0 0 0 0 0 0 0 0 0 0 0 0 0 0 0
 0 0 0 0 0 0 0 0 0 0 0 0 0 0 0 0 0 0 0 0 0 0 0 0 0 0 0 0 0 0 0 0 0 0 0 0
 0 0 0 0 0 0 0 0 1.78061e-05 0.00172719 0.00360574 0.0105946 0.0120993 0.0124554 0.0147524 0.0171206 0.0266825 0.0428682 0.0675386 0.121331 0.153587 0.119568 0.100827 0.0573624 0.0630603 0.0341343 0.0324427 0.0444173 0.0211091 0.0280891 0.0125444 0.00206551 0 0 0 0
 0 0 0 0 0 0 0 0 0 0 0 0 0 0 0 0 0 0 0 0 0 0 0 0 0 0 0 0 0 0 0 0 0 0 0 0
 0 0 0 0 0 0 0.0133647 0.0140871 0.0187388 0.0205184 0.03894 0.0496705 0.03968 0.0493445 0.0407372 0.0367815 0.0215668 0.0243155 0.0234873 0.0199281 0.019796 0.0243948 0.0301388 0.0376714 0.0412746 0.0863199 0.0771752 0.113111 0.0741005 0.0525337 0.0229764 0.00759418 0.00175318 0 0 0
 0 0 0 0 0 0 0 0 0 0 0.00219441 0.00772107 0.0458388 0.0604681 0.0671733 0.0775358 0.0609151 0.0617685 0.073594 0.0568108 0.0755445 0.0548602 0.0670107 0.0636378 0.0643287 0.046367 0.0373049 0.0286899 0.0247887 0.0153202 0.00654259 0.00121912 0.000365735 0 0 0
 0 0 0 0 0 0 0 0 0 0 0 0 0.000112435 0.00938835 0.0111873 0.0202946 0.0414886 0.0713402 0.111592 0.104902 0.108894 0.110636 0.117776 0.105296 0.107544 0.0401394 0.0192827 0.0124803 0.00416011 0.0028671 0.000618394 0 0 0 0 0
 0 0 0 0 0 0 0 0 0 0 0.00291406 0.0102884 0.027416 0.0768956 0.0749926 0.110853 0.0956884 0.0897413 0.0766577 0.0534642 0.0500743 0.0551293 0.0594112 0.0620874 0.0668451 0.0424026 0.0208742 0.0120726 0.0048766 0.00582813 0.00118941 0.000297354 0 0 0 0
 0 0.00264628 0.0354308 0.0461629 0.0458689 0.0383711 0.0214643 0.0164657 0.0346957 0.0420465 0.0363128 0.0245516 0.0311673 0.0291091 0.0169068 0.0133784 0.00837989 0.0085269 0.0148486 0.0160247 0.0276389 0.0546898 0.0760071 0.122758 0.109233 0.0665981 0.0333725 0.0166128 0.00676272 0.00308733 0.000882094 0 0 0 0 0
 0 0 0 0 0 0 0 0.000805153 0.000690131 0.00759144 0.0133425 0.0154129 0.00931677 0.000345066 0.00356568 0.00563607 0.00851162 0.0253048 0.0502646 0.0516448 0.0657925 0.0565908 0.0611916 0.0827007 0.0866115 0.110766 0.145733 0.0935128 0.0569358 0.0249597 0.0138026 0.00621118 0.00161031 0.00115022 0 0
 0 0 0 0 0 0 0 0 0 0 0 0 0 0 0 0 0 0 0 0 0 0 0 0 0 0 0 0 0 0 0 0 0 0 0 0
 0.00147267 0.00158595 0.00478618 0.00569244 0.00954404 0.0108468 0.00647125 0.017049 0.0510054 0.094081 0.124002 0.0959785 0.0687766 0.0820023 0.061753 0.0591476 0.0492212 0.0479892 0.0443925 0.0268479 0.0217502 0.0140895 0.0121071 0.0120363 0.00920419 0.00665534 0.0049561 0.00860946 0.00930331 0.0156896 0.0114698 0.00855282 0.00243557 0.00046729 0 2.83206e-05
 0 0 0 0 0.000772559 0.00158375 0.000888443 0.00281984 0.00712685 0.0440552 0.0773331 0.111326 0.0921469 0.0852325 0.0710754 0.0886704 0.0786465 0.0553345 0.0373146 0.0185414 0.00753245 0.00457741 0.012979 0.0271748 0.0457355 0.0583668 0.034881 0.0177882 0.00938659 0.00492506 0.0015258 0.00185414 0.000309023 5.79419e-05 3.86279e-05 0
 0 0.00173294 0.00326652 0 0.00397197 0.00683976 0.00946217 0.0152591 0.00757587 0.0136028 0.0228656 0.0392903 0.0559909 0.0764795 0.0681675 0.0726916 0.0566044 0.0477403 0.0527397 0.0444891 0.0609904 0.0582453 0.0661739 0.0445044 0.0529084 0.0360697 0.0280645 0.0235558 0.0158879 0.00826598 0.00280645 0.00217768 0.000904811 0.00058276 9.20147e-05 0
 0 0 0 0 0 0 0 0 0 0 0 0 0 0 0 0 0 0 0 0 0 0 0 0 0 0 0 0 0 0 0 0 0 0 0 0
 0 0 0 0 0 0 0 0 0 0 0 0 0 0 0 0 0 0 0 0 0 0 0 0 0 0 0 0 0 0 0 0 0 0 0 0
ppred_pel_tallas
 1.00668e-16 3.56535e-05 0.000209265 0.000994768 0.00382994 0.0119433 0.0301679 0.0617271 0.102318 0.137406 0.149514 0.131856 0.0943287 0.0549337 0.0264408 0.0112721 0.00551426 0.00456679 0.00561166 0.00741679 0.00949104 0.0115548 0.0133615 0.0146861 0.0153637 0.0153251 0.0146109 0.0133564 0.011754 0.0100067 0.0082879 0.00671718 0.00535613 0.00421856 0.00328809 0.00253509
 1.00559e-16 3.44442e-05 0.000202162 0.000960992 0.00369988 0.0115377 0.0291434 0.0596313 0.0988454 0.132746 0.144454 0.127417 0.091205 0.0532192 0.0258111 0.0113383 0.00603698 0.00547341 0.00692226 0.00917128 0.0117024 0.0141838 0.0163068 0.0177904 0.0184338 0.0181623 0.0170446 0.0152709 0.0131035 0.0108145 0.00863185 0.00670771 0.0051128 0.00385071 0.00288261 0.00215175
 1.00714e-16 3.02014e-05 0.000177245 0.000842514 0.00324368 0.0101151 0.02555 0.0522796 0.0866624 0.116395 0.126687 0.111808 0.0801693 0.0470563 0.0233388 0.0111327 0.00718637 0.00764613 0.0101241 0.0135114 0.0172526 0.0209065 0.024026 0.0261971 0.0271231 0.0266943 0.0250127 0.0223611 0.0191287 0.0157195 0.0124725 0.00961495 0.00725266 0.00539175 0.00397463 0.00291631
 1.00954e-16 3.37576e-05 0.000198132 0.000941835 0.00362612 0.0113077 0.0285624 0.0584425 0.0968747 0.130099 0.141572 0.124873 0.0893787 0.0521433 0.0252709 0.0110716 0.00585742 0.00528595 0.00669251 0.00889919 0.0114118 0.0139203 0.0161357 0.01779 0.0186843 0.0187314 0.0179732 0.016563 0.0147218 0.012685 0.0106542 0.00877077 0.00710969 0.00569211 0.00450507 0.00352076
 1.01243e-16 3.11825e-05 0.000183009 0.000869928 0.00334924 0.0104443 0.0263815 0.0539806 0.0894805 0.120175 0.130789 0.115399 0.0826792 0.0483996 0.0237644 0.0109364 0.00653804 0.00657806 0.00859615 0.0114769 0.014704 0.017902 0.0207001 0.0227527 0.0238061 0.0237557 0.0226672 0.0207516 0.0183076 0.0156486 0.0130396 0.0106611 0.00860277 0.00688032 0.00546396 0.00430531
 1.01808e-16 2.6841e-05 0.000157514 0.000748707 0.00288249 0.00898871 0.0227049 0.0464585 0.0770149 0.103443 0.112604 0.099413 0.0713562 0.0420335 0.021128 0.0105483 0.00743533 0.00838919 0.011299 0.0151679 0.0194634 0.0237282 0.0274816 0.0302692 0.0317544 0.0317939 0.030466 0.0280395 0.0248982 0.0214466 0.0180289 0.0148813 0.0121244 0.00978491 0.0078313 0.00620853
 1.0116e-16 3.55888e-05 0.000208887 0.000992974 0.00382304 0.0119218 0.0301135 0.0616157 0.102133 0.137156 0.149238 0.131603 0.0941279 0.0547765 0.0262902 0.0110806 0.00523585 0.00416198 0.00505009 0.00668293 0.00859203 0.0105274 0.0122745 0.0136356 0.0144613 0.0146803 0.0143127 0.0134575 0.0122626 0.0108867 0.00946731 0.00810143 0.00684333 0.005713 0.00471011 0.00382647
 1.00516e-16 3.56772e-05 0.000209403 0.000995421 0.00383245 0.0119512 0.0301876 0.0617677 0.102386 0.137498 0.149617 0.131954 0.0944155 0.0550169 0.0265414 0.0114176 0.00573358 0.00488692 0.00605368 0.00798993 0.0101858 0.0123378 0.014174 0.0154495 0.01599 0.0157325 0.0147391 0.0131785 0.0112819 0.00928782 0.0073955 0.00573666 0.00437079 0.00329813 0.00248171 0.0018693
 1.00226e-16 3.92726e-05 0.000230518 0.00109582 0.00421903 0.0131567 0.0332327 0.0679975 0.11271 0.151355 0.164674 0.145183 0.103771 0.0602463 0.0286489 0.0116129 0.004793 0.00309609 0.00341217 0.0044088 0.0056058 0.00678901 0.0078001 0.00850261 0.0088 0.00865674 0.0081063 0.00724083 0.00618719 0.00507699 0.00402066 0.00309209 0.0023257 0.0017233 0.00126592 0.000925637
 1.00501e-16 2.9659e-05 0.000174058 0.00082736 0.00318532 0.00993309 0.0250904 0.0513393 0.0851046 0.114305 0.124419 0.109823 0.0787809 0.0463118 0.0231001 0.0112353 0.00753528 0.00822194 0.0109474 0.0146063 0.0186221 0.0225178 0.0258057 0.0280351 0.0288872 0.0282509 0.0262497 0.0232061 0.0195591 0.0157617 0.0121917 0.00909929 0.00659669 0.00468197 0.00328022 0.00228514
 1.01783e-16 2.53085e-05 0.000148515 0.000705921 0.00271775 0.00847496 0.0214073 0.0438036 0.0726149 0.0975365 0.106183 0.0937665 0.0673508 0.03977 0.0201683 0.0103636 0.00767855 0.00892249 0.0121103 0.0162921 0.0209373 0.0255686 0.0296748 0.032768 0.0344815 0.0346507 0.0333443 0.0308339 0.0275157 0.0238133 0.0200929 0.0166133 0.0135163 0.0108478 0.00859259 0.00670818
 1.02387e-16 2.81661e-05 0.000165299 0.000785729 0.00302505 0.00943331 0.0238279 0.0487557 0.0808208 0.108548 0.118144 0.104264 0.0747494 0.0438546 0.0217151 0.010304 0.00659251 0.00699576 0.0093047 0.0125127 0.0161378 0.0198083 0.0231428 0.0257753 0.0274249 0.0279537 0.0273913 0.0259125 0.0237825 0.021288 0.0186778 0.0161295 0.0137449 0.0115657 0.00959899 0.00783881
 1.0192e-16 2.90508e-05 0.000170492 0.000810415 0.0031201 0.00972969 0.0245765 0.0502876 0.0833602 0.111959 0.121857 0.107542 0.0771026 0.0452408 0.0224108 0.010647 0.00682269 0.00723545 0.009598 0.0128594 0.016507 0.0201409 0.0233547 0.0257655 0.0270902 0.0272073 0.0261811 0.0242346 0.0216862 0.0188704 0.0160698 0.0134762 0.0111854 0.00921587 0.00754043 0.00611504
 1.00371e-16 3.86109e-05 0.000226632 0.00107734 0.00414789 0.0129349 0.0326723 0.0668511 0.11081 0.148804 0.161902 0.142745 0.102043 0.0592723 0.0282404 0.0115424 0.0049119 0.00334544 0.00378647 0.00492124 0.00626836 0.00760295 0.00875205 0.00956459 0.00993286 0.00981602 0.009249 0.00833119 0.00720014 0.00599872 0.00484679 0.00382453 0.00296947 0.00228421 0.00174937 0.00133651
 1.00147e-16 3.72914e-05 0.000218882 0.00104049 0.00400598 0.0124923 0.0315545 0.0645642 0.10702 0.14372 0.15638 0.137902 0.0986341 0.0574006 0.0275517 0.0116121 0.00547885 0.00433055 0.00521236 0.00683291 0.00868228 0.0104792 0.0119836 0.0129827 0.0133283 0.0129711 0.0119735 0.010492 0.0087378 0.00692802 0.00524286 0.00380054 0.00265241 0.00179442 0.00118701 0.00077542
 1.00552e-16 2.88888e-05 0.000169535 0.000805856 0.00310252 0.00967487 0.0244381 0.0500049 0.0828932 0.111337 0.121193 0.106987 0.0767715 0.0451813 0.0226302 0.0111629 0.00768916 0.00853586 0.0114174 0.0152502 0.0194553 0.0235421 0.0270039 0.0293709 0.030309 0.0296989 0.0276646 0.0245366 0.0207674 0.0168248 0.0131008 0.00985644 0.0072114 0.00516813 0.00365389 0.00256317
 1.01649e-16 2.6675e-05 0.00015654 0.000744076 0.00286466 0.00893311 0.0225645 0.0461712 0.0765385 0.102803 0.111907 0.0987978 0.0709141 0.0417725 0.0209958 0.0104818 0.0073897 0.00834264 0.0112454 0.0151109 0.019414 0.0237036 0.0275041 0.0303624 0.031939 0.0320822 0.0308571 0.0285171 0.0254314 0.0219938 0.0185446 0.0153235 0.0124612 0.00999885 0.0079208 0.00618623
 1.009e-16 3.66332e-05 0.00021502 0.00102213 0.00393531 0.0122719 0.0309979 0.0634251 0.105132 0.141182 0.153615 0.135453 0.0968618 0.0563272 0.0269586 0.0112309 0.00510926 0.00385814 0.00458324 0.00603465 0.00774059 0.00946134 0.0109984 0.0121716 0.0128468 0.0129632 0.0125448 0.0116887 0.0105369 0.00924014 0.0079278 0.00668994 0.0055747 0.0045965 0.00374948 0.0030198
 1.00365e-16 3.73723e-05 0.000219358 0.00104275 0.0040147 0.0125195 0.0316232 0.0647048 0.107253 0.144031 0.156716 0.138192 0.098828 0.057486 0.0275415 0.0115204 0.00530693 0.00406735 0.0048426 0.00634617 0.00808081 0.0097833 0.0112334 0.0122357 0.0126518 0.0124321 0.0116267 0.0103706 0.00884883 0.00725212 0.00573982 0.0044174 0.00333248 0.00248515 0.00184549 0.00137112
 1.00668e-16 2.99823e-05 0.000175958 0.000836397 0.00322012 0.0100416 0.0253644 0.0519 0.0860335 0.115551 0.12577 0.111004 0.0796044 0.0467474 0.0232277 0.0111496 0.00728892 0.00782212 0.0103781 0.0138514 0.017681 0.0214156 0.0245959 0.0267968 0.0277146 0.027238 0.0254747 0.0227177 0.01937 0.0158492 0.0125057 0.00957328 0.0071604 0.00527172 0.00384568 0.00279219
 1.01106e-16 3.35873e-05 0.000197132 0.000937084 0.00360783 0.0112507 0.0284183 0.0581476 0.0963858 0.129443 0.140857 0.124239 0.0889211 0.0518676 0.0251211 0.0109792 0.00577184 0.00517882 0.0065512 0.00872146 0.0112047 0.0137006 0.0159297 0.0176314 0.0186093 0.0187728 0.0181538 0.0168907 0.0151881 0.0132652 0.0113125 0.00946535 0.00779925 0.00634103 0.00508692 0.00401965
 1.00811e-16 3.55079e-05 0.00020841 0.000990704 0.00381429 0.0118945 0.0300446 0.0614749 0.1019 0.136845 0.148905 0.13132 0.09395 0.054722 0.0263553 0.0112637 0.0055509 0.00463606 0.00571213 0.00754997 0.00965662 0.0117486 0.013575 0.0149074 0.0155799 0.015525 0.0147879 0.01351 0.0118899 0.0101353 0.00842157 0.00686702 0.00552935 0.00441694 0.00350781 0.00276791
 1.01266e-16 2.7478e-05 0.000161252 0.000766477 0.0029509 0.00920206 0.0232438 0.0475613 0.078843 0.105899 0.115278 0.101776 0.0730561 0.0430428 0.0216489 0.0108289 0.00765441 0.00864154 0.0116228 0.0155677 0.0199179 0.0241906 0.0278809 0.0305162 0.0317539 0.0314605 0.0297406 0.0269018 0.0233727 0.0195998 0.0159592 0.0127043 0.00995608 0.00772767 0.00596409 0.00458201
 1.02365e-16 2.71517e-05 0.000159342 0.000757405 0.00291599 0.0090932 0.0229688 0.0469982 0.0779081 0.104639 0.113895 0.100528 0.0721032 0.0423663 0.0210976 0.0102114 0.00679988 0.00741705 0.00993627 0.0133797 0.0172627 0.0211952 0.0247703 0.0275954 0.0293677 0.0299363 0.029329 0.0277295 0.0254198 0.0227068 0.0198599 0.0170746 0.0144663 0.0120865 0.00994859 0.00804954
pSPR Fmed_Fpbrs
0.527275   0.425001 0.425001
Fs Fmed_Fpbrs
0.64   1.005 1.005
SSBpbr Bo_Bmed_Bpbrs
702774  335416  263541 263541
Ro
30849.6
SPR SPRFo_SPRFmed_SPRFpbrs
634760 334693 269774
log_Ro
10.1569
likeval ReclasPelacesDesembMPH_pf_preclas_ppelaces_ptallas_desvR_qrecl_qpela
 76.0596 8.84815 0.0412091 68.5064 314.63 183.529 49.691 0 20.0427 7.35581e-06 6.73944e-05 0 0 0 0
q_reclas_q_pelaces
0.68091 3.2154
M
0.7
N
 34168.2 10241 3277.74 385.936 0.202608
 40132.7 15347.7 2439.4 541.259 61.8991
 17870.3 18123.5 3801.76 427.159 102.675
 26395.5 7401.22 2382.68 257.614 34.0067
 38328.3 12540.3 2658.18 728.066 87.9437
 25302.4 18888.3 5888.1 1213.73 371.745
 52931.4 11549.2 5060.24 1159.56 304.449
 62276.6 24613.5 3544.96 1221.89 346.634
 148337 27056.1 4592.76 405.99 172.591
 114460 65409.5 5628.55 619.105 75.2564
 62877.7 53971.2 22231.8 1583.48 192.358
 52331.4 28592.5 14065.6 4200.8 326.877
 34060.7 24044.6 8039.06 2977.9 936.721
 29594.3 14988.4 4927.78 1059.63 497.636
 17879.5 10992.4 887.84 101.092 29.274
 9279.61 6893.47 855.595 27.4247 3.73307
 5114.31 4214.73 1780.99 159.579 5.65896
 9039.09 2287.73 973.866 280.989 25.2749
 16821 3994.77 483.825 134.558 40.8756
 13555.8 7640.11 1032.24 90.2589 31.8646
 24650.8 6320.86 2392.61 256.862 29.8207
 54043.8 11848.5 2472.26 830.779 98.5832
 45121.1 25899.3 4534.36 830.843 309.039
 45093.7 21744.4 10325.1 1620.15 403.635
pred_Ctot
 2359.31 3994.97 1672.89 200.155 0.105166
 2629.62 5754.37 1203.81 271.538 31.0806
 2155.54 10310.2 2622.48 297.809 71.6241
 823.748 1500.74 677.687 74.8506 9.89197
 210.133 492.834 154.668 43.4621 5.257
 1477.92 6478.97 2691.49 564.537 173.068
 2429.84 3260.36 1947.56 454.903 119.558
 5647.39 11672.9 2124.98 742.413 210.763
 12033.9 11874.2 2585.63 231.92 98.6677
 4166.21 15170 1812.39 203.485 24.762
 3830.66 19132.6 10456.1 757.557 92.1099
 2825.6 9214.33 6088.42 1851.37 144.198
 2808.23 10674.2 4568.44 1716.87 540.468
 5454.03 10608.2 3957.37 856.481 402.366
 2917.25 7357.62 687.211 78.8445 22.8407
 572.654 2468.23 405.881 13.2324 1.80281
 367.106 1692.4 931.392 84.7731 3.00871
 720.119 991.119 542.475 158.845 14.2993
 1037.82 1430.1 229.487 64.9148 19.7373
 597.046 2083.71 385.162 34.3381 12.1351
 569.72 978.729 528.267 58.01 6.74285
 1361.31 1983.83 587.726 201.949 23.9925
 960.531 3719.54 932.075 174.745 65.0773
 1106.46 3555.25 2400.17 385.142 96.0666
F
 0.100328 0.734642 1.10101 1.13069 1.1323
 0.0949831 0.695503 1.04235 1.07045 1.07197
 0.181496 1.32898 1.99176 2.04544 2.04835
 0.0442485 0.324005 0.485587 0.498676 0.499385
 0.00764916 0.0560101 0.0839426 0.0862053 0.0863277
 0.0842794 0.617126 0.924889 0.94982 0.951169
 0.0657015 0.481092 0.721014 0.740449 0.741501
 0.133674 0.978815 1.46695 1.5065 1.50864
 0.118822 0.870059 1.30396 1.33911 1.34101
 0.051779 0.379145 0.568227 0.583543 0.584372
 0.088048 0.644721 0.966247 0.992292 0.993702
 0.0776839 0.568831 0.85251 0.87549 0.876733
 0.120866 0.885024 1.32639 1.36214 1.36408
 0.290376 2.12624 3.18661 3.27251 3.27715
 0.253082 1.85316 2.77735 2.85221 2.85626
 0.0892336 0.653403 0.979258 1.00565 1.00708
 0.104483 0.765067 1.14661 1.17752 1.17919
 0.116573 0.85359 1.27928 1.31376 1.31563
 0.0892139 0.653259 0.979042 1.00543 1.00686
 0.0629613 0.461027 0.690943 0.709567 0.710575
 0.032602 0.238725 0.357778 0.367421 0.367943
 0.0355789 0.260522 0.390446 0.400971 0.40154
 0.0299949 0.219634 0.329167 0.338039 0.33852
 0.0346436 0.253674 0.380182 0.39043 0.390985
Np
 21792.8 9900.03 5596.26 1566 754.222
YTP_r0W_actual
 22216.3 147690 134512 28103.5 8565.15
YTP_p0W_proyectada
 11005.1 167021 124633 67737 15610.2
 11005.1 76443.8 83245.3 30258 16186.5
CTP_r0_actual
 2777.03 7773.18 4891.33 780.652 194.663
CTP_p0_proyectada
 1342.08 7732.44 3969.2 1689.2 350.792
 1342.08 3539.06 2651.12 754.563 363.742
Wmedp
 8.2 21.6 31.4 40.1 44.5
nmprior
 10.8 10.6 4.6 0
nm_flota  nm_reclas  nm_pelaces    nm_pelaL
inf 13.1684 10.3841 16.5823
cv_recla  cv_pelaces  cv_mph
0.807427 0.350018 0.351157
 ------------------------------------------------
Talla a la edad & desviaci?n 
 7.2 14.2025 17.0495 18.207 18.6776
 1.08 2.13037 2.55742 2.73105 2.80164
