years
 1997 1998 1999 2000 2001 2002 2003 2004 2005 2006 2007 2008 2009 2010 2011 2012 2013 2014 2015 2016 2017 2018 2019
reclasobs
 0 0 0 370054 412103 1.49427e+06 250295 1.28982e+06 931140 785840 897777 1.04006e+06 184774 17550 25797 100020 73551 82996 120727 218422 84188 347160 605670
reclaspred
 1.12434e+06 222290 518595 241563 254039 224317 384733 269969 530039 822720 783038 500164 286166 137404 114260 100671 67565.7 56660 64631.1 97513.8 200883 260092 477174
pelacesobs
 0 0 0 0 0 0 0 0 0 2.06254e+06 1.5e+06 0 1.87456e+06 323000 250000 174000 83755 137374 0 501740 490994 745055 786931
pelacespred
 640895 222911 170602 167794 154094 89426.5 194588 135569 288047 462334 372607 249445 136894 50389.8 46103.8 46252.9 31090.1 24120.1 27847.3 41061.7 112287 139263 204788
mphobs
 0 0 0 0 0 0 112323 0 153150 637223 0 255016 313432 73983 77613 109348 50772 17779 17303 59886 28197 0 207744
mphpred
 798107 418763 342006 276331 207723 244994 240724 296557 320677 633791 828045 520109 308181 158298 87591.2 86488.6 58910.4 45106.1 44629.5 65188.7 113709 225216 309340
desembarqueobs
 350755 77701 442110 56441 14545 235359 269955 359681 431902 328805 639364 411747 362871 311530 167758 66681 60226 58785 57116 73181 50977 67692 138656
desembarquepred
 350756 77698.7 442093 56444.5 14545.5 235649 269866 359452 431522 328648 639484 411578 362730 311224 167599 66716.2 60308.5 58778.9 57058 73150.5 50956.1 67658.9 138617
Reclutas
 39210.1 40653 18428.6 16830.9 26808.2 17848.4 44332.1 48340.4 122430 139776 53313.1 47396.5 47205.5 37685.4 22895.9 9092.95 5233.7 5870.56 13029.5 11879.9 31913 35092.7 53447
log_desv_Rt
 0.3288 0.364938 -0.426232 -0.516919 -0.0514253 -0.458219 0.451573 0.538132 1.4674 1.59991 0.636047 0.518415 0.514375 0.289137 -0.209177 -1.13264 -1.68502 -1.57019 -0.772919 -0.86529 0.122878 0.217859 0.638557
SSB
 798107 418763 342006 276331 207723 244994 231750 291232 312287 620586 828045 520109 319325 166274 94458.8 94762.7 69446 51260.3 46620.3 72681.6 116871 225216 318469
BT
 2.00386e+06 557629 668664 406610 357960 364928 808405 721612 1.30224e+06 1.50059e+06 1.36201e+06 943018 687292 407336 265320 153170 121025 106576 118937 156519 362954 353552 553259
Ftot
 0.300105 0.335534 0.784141 0.225859 0.0559445 0.947622 0.660824 1.19443 0.766522 0.383341 0.754102 0.761041 1.13332 1.8624 1.30238 0.620493 0.820495 0.945646 0.821216 0.700819 0.245658 0.251195 0.2799
BD_Bspro_t
 0.957092 0.750861 0.614631 0.382879 0.442228 0.541447 0.386463 0.404298 0.388787 0.490337 0.52045 0.338232 0.24487 0.165503 0.110828 0.126867 0.129832 0.135582 0.159158 0.272626 0.396879 0.616616 0.660352
BD_Bspro
 1.37195 0.719857 0.58791 0.475014 0.357078 0.421146 0.398379 0.50063 0.536824 1.06679 1.42342 0.894072 0.548923 0.285826 0.162375 0.162898 0.119378 0.0881169 0.0801406 0.12494 0.200902 0.387148 0.547451
BD_Bo
 0.884816 0.464259 0.379162 0.306352 0.230291 0.271611 0.256928 0.322873 0.346215 0.688009 0.918007 0.576616 0.354018 0.184338 0.104721 0.105058 0.0769908 0.0568294 0.0516853 0.080578 0.129568 0.249684 0.353069
BD_Brms
 4.28218 2.24684 1.835 1.48263 1.11452 1.31449 1.24343 1.56258 1.67555 3.3297 4.44281 2.7906 1.71331 0.892128 0.506811 0.508441 0.372607 0.275033 0.250137 0.389967 0.627062 1.20838 1.70872
S_f
 0.5 1 1 1 1
 0.5 1 1 1 1
 0.5 1 1 1 1
 0.5 1 1 1 1
 0.5 1 1 1 1
 0.5 1 1 1 1
 0.5 1 1 1 1
 0.5 1 1 1 1
 0.5 1 1 1 1
 0.5 1 1 1 1
 0.5 1 1 1 1
 0.5 1 1 1 1
 0.5 1 1 1 1
 0.5 1 1 1 1
 0.5 1 1 1 1
 0.5 1 1 1 1
 0.5 1 1 1 1
 0.5 1 1 1 1
 0.5 1 1 1 1
 0.5 1 1 1 1
 0.5 1 1 1 1
 0.5 1 1 1 1
 0.5 1 1 1 1
Scru_reclas
 0.5 1 1 1 1
 0.5 1 1 1 1
 0.5 1 1 1 1
 0.5 1 1 1 1
 0.5 1 1 1 1
 0.5 1 1 1 1
 0.5 1 1 1 1
 0.5 1 1 1 1
 0.5 1 1 1 1
 0.5 1 1 1 1
 0.5 1 1 1 1
 0.5 1 1 1 1
 0.5 1 1 1 1
 0.5 1 1 1 1
 0.5 1 1 1 1
 0.5 1 1 1 1
 0.5 1 1 1 1
 0.5 1 1 1 1
 0.5 1 1 1 1
 0.5 1 1 1 1
 0.5 1 1 1 1
 0.5 1 1 1 1
 0.5 1 1 1 1
Scru_pelaces
 0.5 1 1 1 1
 0.5 1 1 1 1
 0.5 1 1 1 1
 0.5 1 1 1 1
 0.5 1 1 1 1
 0.5 1 1 1 1
 0.5 1 1 1 1
 0.5 1 1 1 1
 0.5 1 1 1 1
 0.5 1 1 1 1
 0.5 1 1 1 1
 0.5 1 1 1 1
 0.5 1 1 1 1
 0.5 1 1 1 1
 0.5 1 1 1 1
 0.5 1 1 1 1
 0.5 1 1 1 1
 0.5 1 1 1 1
 0.5 1 1 1 1
 0.5 1 1 1 1
 0.5 1 1 1 1
 0.5 1 1 1 1
 0.5 1 1 1 1
pf_obs 
 0.256992 0.487395 0.22802 0.0275931 0
 0.321318 0.546541 0.124235 0.00734118 0.000564706
 0.182869 0.594174 0.210203 0.0122559 0.00049798
 0.330522 0.361315 0.267642 0.0388342 0.00168674
 0.649043 0.306663 0.0425973 0.00169635 0
 0.582887 0.30429 0.105238 0.00758474 0
 0.465427 0.430635 0.0974691 0.00646863 0
 0.296916 0.608066 0.0921331 0.00288517 0
 0.311714 0.524322 0.152257 0.0117073 0
 0.15457 0.633149 0.183074 0.0267441 0.00246327
 0.131901 0.49318 0.331252 0.0422183 0.00144891
 0.196976 0.569456 0.194076 0.0375587 0.00193317
 0.518974 0.381816 0.0799577 0.0180837 0.00116848
 0.0928022 0.601141 0.25162 0.0475244 0.00691264
 0.122501 0.610282 0.24278 0.0234846 0.000952079
 0.383417 0.481906 0.127806 0.00687128 0
 0.0376549 0.599619 0.316969 0.0457579 0
 0.0361596 0.667082 0.258105 0.0386534 0
 0.158088 0.579412 0.248529 0.0139706 0
 0.0477256 0.309471 0.559284 0.082774 0.000745712
 0.0406174 0.521527 0.379366 0.0568643 0.0016247
 0.151134 0.462217 0.34131 0.0453401 0
 0.294876 0.26143 0.354403 0.0886775 0.000613685
pf_pred 
 0.42796 0.401419 0.152348 0.0182681 3.7987e-06
 0.446636 0.343066 0.147573 0.0560074 0.00671725
 0.287499 0.456083 0.15897 0.0683824 0.0290654
 0.419382 0.293583 0.183735 0.0640419 0.0392572
 0.524332 0.288466 0.0946573 0.0592399 0.0333057
 0.363982 0.439686 0.119064 0.0390698 0.0381983
 0.735125 0.160217 0.0723516 0.0195924 0.0127147
 0.624422 0.32719 0.0292689 0.0132174 0.00590196
 0.817187 0.151492 0.0272854 0.00244082 0.00159442
 0.626655 0.342908 0.0252221 0.00454276 0.000671831
 0.299058 0.553449 0.135468 0.00996412 0.00206005
 0.439761 0.289725 0.213592 0.052281 0.00464048
 0.546522 0.301042 0.0788314 0.0581164 0.0154878
 0.600307 0.309531 0.0598546 0.0156736 0.0146343
 0.625577 0.317413 0.0441495 0.00853727 0.00432293
 0.420553 0.483631 0.0812269 0.011298 0.00329096
 0.371285 0.399743 0.191109 0.0320972 0.0057649
 0.551738 0.27001 0.113335 0.054183 0.0107346
 0.763708 0.181216 0.0331748 0.0139248 0.0079761
 0.586988 0.368565 0.0340871 0.00624024 0.00411961
 0.758971 0.187551 0.0477227 0.00441368 0.00134142
 0.535008 0.405045 0.0466462 0.0118692 0.00143136
 0.567843 0.30772 0.108395 0.0124831 0.00355938
pobs_RECLAS
 0 0 0 0 0
 0 0 0 0 0
 0 0 0 0 0
 0 0 0 0 0
 0.835266 0.146461 0.0176864 0.000547809 3.91292e-05
 0.385257 0.428462 0.181853 0.0044286 0
 0.867414 0.0963971 0.0333333 0.00285562 0
 0.441836 0.489002 0.0689373 0.000224442 0
 0.779404 0.147425 0.0564933 0.0165055 0.000172143
 0.814271 0.122319 0.05973 0.00367925 0
 0.40263 0.566651 0.0304383 0.000280538 0
 0.475488 0.404961 0.113038 0.00651328 0
 0.955842 0.0263864 0.0167828 0.000988607 0
 0.975058 0.0227948 0.00214734 0 0
 0.738997 0.206755 0.0527124 0.00153531 0
 0.850938 0.134255 0.0134407 0.00136685 0
 0.542534 0.407297 0.0501686 0 0
 0.764087 0.199537 0.0359546 0.000420521 0
 0.470689 0.182191 0.310203 0.0369168 0
 0.84361 0.089868 0.0606195 0.00523954 0.000663233
 0.607945 0.314616 0.071237 0.00620181 0
 0.523733 0.453247 0.0230204 0 0
 0.530135 0.295979 0.169645 0.0042399 0
ppred_RECLAS
 0.430755 0.399458 0.151604 0.0181789 3.78015e-06
 0.449878 0.341057 0.146708 0.0556794 0.00667791
 0.295958 0.450668 0.157083 0.0675705 0.0287203
 0.421351 0.292588 0.183112 0.0638247 0.0391241
 0.524759 0.288206 0.0945722 0.0591867 0.0332758
 0.376547 0.430999 0.116712 0.038298 0.0374436
 0.741337 0.156459 0.0706546 0.0191329 0.0124165
 0.642103 0.311786 0.027891 0.0125952 0.00562411
 0.823034 0.146647 0.0264127 0.00236276 0.00154343
 0.630279 0.33958 0.0249772 0.00449867 0.00066531
 0.307238 0.546991 0.133887 0.00984785 0.00203601
 0.449448 0.284715 0.209899 0.051377 0.00456024
 0.563891 0.289512 0.0758121 0.0558905 0.0148946
 0.636044 0.281855 0.0545028 0.0142722 0.0133258
 0.645691 0.300362 0.0417778 0.00807864 0.0040907
 0.427748 0.477626 0.0802183 0.0111577 0.0032501
 0.381541 0.393222 0.187992 0.0315737 0.00567086
 0.564986 0.26203 0.109985 0.0525817 0.0104174
 0.771512 0.175231 0.0320791 0.013465 0.00771268
 0.595424 0.361037 0.0333908 0.00611277 0.00403546
 0.760601 0.186283 0.0473998 0.00438382 0.00133234
 0.537291 0.403057 0.0464172 0.0118109 0.00142433
 0.57041 0.305892 0.107751 0.0124089 0.00353824
pobs_PELACES
 0 0 0 0 0
 0 0 0 0 0
 0 0 0 0 0
 0 0 0 0 0
 0 0 0 0 0
 0 0 0 0 0
 0 0 0 0 0
 0 0 0 0 0
 0 0 0 0 0
 0 0 0 0 0
 0.450072 0.473896 0.0757376 0.000293798 0
 0 0 0 0 0
 0.463077 0.371075 0.160297 0.00555027 0
 0.529543 0.364841 0.0842815 0.0213345 0
 0.631943 0.363953 0.00410389 0 0
 0.735681 0.248677 0.0153453 0.000297389 0
 0.695825 0.281241 0.0229344 0 0
 0.275771 0.60734 0.115278 0.00161068 0
 0 0 0 0 0
 0.896147 0.0623911 0.0374545 0.00400742 0
 0.803859 0.145111 0.0509908 3.86294e-05 0
 0.739449 0.233085 0.0266225 0.000797448 4.60066e-05
 0.878498 0.100942 0.0204185 0.000141795 0
ppred_PELACES
 0.442936 0.39091 0.14836 0.0177899 3.69926e-06
 0.463614 0.332541 0.143045 0.0542891 0.00651116
 0.323608 0.432969 0.150914 0.0649167 0.0275924
 0.430463 0.287981 0.180229 0.0628197 0.0385081
 0.52706 0.286811 0.0941142 0.0589 0.0331147
 0.413898 0.405178 0.10972 0.0360035 0.0352004
 0.76169 0.144148 0.0650953 0.0176274 0.0114395
 0.686022 0.273526 0.0244684 0.0110496 0.00493397
 0.840709 0.132 0.0237746 0.00212677 0.00138927
 0.644893 0.326157 0.02399 0.00432085 0.000639012
 0.334336 0.525595 0.12865 0.00946264 0.00195637
 0.480678 0.268565 0.197993 0.0484627 0.00430157
 0.609203 0.259431 0.0679351 0.0500834 0.013347
 0.703815 0.229372 0.044354 0.0116146 0.0108445
 0.693184 0.2601 0.0361778 0.00699576 0.00354237
 0.452973 0.456572 0.0766822 0.0106659 0.00310683
 0.413957 0.372612 0.178139 0.0299187 0.00537362
 0.602874 0.239208 0.100406 0.048002 0.00951005
 0.794517 0.157588 0.0288493 0.0121093 0.00693615
 0.622946 0.336477 0.0311194 0.00569695 0.00376095
 0.767904 0.1806 0.0459539 0.0042501 0.0012917
 0.547578 0.394096 0.0453853 0.0115483 0.00139267
 0.581688 0.297861 0.104922 0.0120832 0.00344535
pobs_pel_tallas
 0 0 0 0 0 0 0 0 0 0 0 0 0 0 0 0 0 0 0 0 0 0 0 0 0 0 0 0 0 0 0 0 0 0 0 0
 0 0 0 0 0 0 0 0 0 0 0 0 0 0 0 0 0 0 0 0 0 0 0 0 0 0 0 0 0 0 0 0 0 0 0 0
 0 0 0 0 0 0 0 0 0 0 0 0 0 0 0 0 0 0 0 0 0 0 0 0 0 0 0 0 0 0 0 0 0 0 0 0
 0 0 0 0 0 0 0 0 0 0 0 0 0 0 0 0 0 0 0 0 0 0 0 0 0 0 0 0 0 0 0 0 0 0 0 0
 0 0 0 0 0 0 0 0 0 0 0 0 0 0 0 0 0 0 0 0 0 0 0 0 0 0 0 0 0 0 0 0 0 0 0 0
 0 0 0 0 0 0 0 0 0 0 0 0 0 0 0 0 0 0 0 0 0 0 0 0 0 0 0 0 0 0 0 0 0 0 0 0
 0 0 0 0 0 0 0 0 0 0 0 0 0 0 0 0 0 0 0 0 0 0 0 0 0 0 0 0 0 0 0 0 0 0 0 0
 0 0 0 0 0 0 0 0 0 0 0 0 0 0 0 0 0 0 0 0 0 0 0 0 0 0 0 0 0 0 0 0 0 0 0 0
 0 0 0 0 0 0 0 0 0 0 0 0 0 0 0 0 0 0 0 0 0 0 0 0 0 0 0 0 0 0 0 0 0 0 0 0
 0 0 0 0 0 0 0 0 0 0 0 0 0 0 0 0 0 0 0 0 0 0 0 0 0 0 0 0 0 0 0 0 0 0 0 0
 0 0 0 0 0 0 0 0 1.78061e-05 0.00172719 0.00360574 0.0105946 0.0120993 0.0124554 0.0147524 0.0171206 0.0266825 0.0428682 0.0675386 0.121331 0.153587 0.119568 0.100827 0.0573624 0.0630603 0.0341343 0.0324427 0.0444173 0.0211091 0.0280891 0.0125444 0.00206551 0 0 0 0
 0 0 0 0 0 0 0 0 0 0 0 0 0 0 0 0 0 0 0 0 0 0 0 0 0 0 0 0 0 0 0 0 0 0 0 0
 0 0 0 0 0 0 0.0133647 0.0140871 0.0187388 0.0205184 0.03894 0.0496705 0.03968 0.0493445 0.0407372 0.0367815 0.0215668 0.0243155 0.0234873 0.0199281 0.019796 0.0243948 0.0301388 0.0376714 0.0412746 0.0863199 0.0771752 0.113111 0.0741005 0.0525337 0.0229764 0.00759418 0.00175318 0 0 0
 0 0 0 0 0 0 0 0 0 0 0.00219441 0.00772107 0.0458388 0.0604681 0.0671733 0.0775358 0.0609151 0.0617685 0.073594 0.0568108 0.0755445 0.0548602 0.0670107 0.0636378 0.0643287 0.046367 0.0373049 0.0286899 0.0247887 0.0153202 0.00654259 0.00121912 0.000365735 0 0 0
 0 0 0 0 0 0 0 0 0 0 0 0 0.000112435 0.00938835 0.0111873 0.0202946 0.0414886 0.0713402 0.111592 0.104902 0.108894 0.110636 0.117776 0.105296 0.107544 0.0401394 0.0192827 0.0124803 0.00416011 0.0028671 0.000618394 0 0 0 0 0
 0 0 0 0 0 0 0 0 0 0 0.00291406 0.0102884 0.027416 0.0768956 0.0749926 0.110853 0.0956884 0.0897413 0.0766577 0.0534642 0.0500743 0.0551293 0.0594112 0.0620874 0.0668451 0.0424026 0.0208742 0.0120726 0.0048766 0.00582813 0.00118941 0.000297354 0 0 0 0
 0 0.00264628 0.0354308 0.0461629 0.0458689 0.0383711 0.0214643 0.0164657 0.0346957 0.0420465 0.0363128 0.0245516 0.0311673 0.0291091 0.0169068 0.0133784 0.00837989 0.0085269 0.0148486 0.0160247 0.0276389 0.0546898 0.0760071 0.122758 0.109233 0.0665981 0.0333725 0.0166128 0.00676272 0.00308733 0.000882094 0 0 0 0 0
 0 0 0 0 0 0 0 0.000805153 0.000690131 0.00759144 0.0133425 0.0154129 0.00931677 0.000345066 0.00356568 0.00563607 0.00851162 0.0253048 0.0502646 0.0516448 0.0657925 0.0565908 0.0611916 0.0827007 0.0866115 0.110766 0.145733 0.0935128 0.0569358 0.0249597 0.0138026 0.00621118 0.00161031 0.00115022 0 0
 0 0 0 0 0 0 0 0 0 0 0 0 0 0 0 0 0 0 0 0 0 0 0 0 0 0 0 0 0 0 0 0 0 0 0 0
 0.00147267 0.00158595 0.00478618 0.00569244 0.00954404 0.0108468 0.00647125 0.017049 0.0510054 0.094081 0.124002 0.0959785 0.0687766 0.0820023 0.061753 0.0591476 0.0492212 0.0479892 0.0443925 0.0268479 0.0217502 0.0140895 0.0121071 0.0120363 0.00920419 0.00665534 0.0049561 0.00860946 0.00930331 0.0156896 0.0114698 0.00855282 0.00243557 0.00046729 0 2.83206e-05
 0 0 0 0 0.000772559 0.00158375 0.000888443 0.00281984 0.00712685 0.0440552 0.0773331 0.111326 0.0921469 0.0852325 0.0710754 0.0886704 0.0786465 0.0553345 0.0373146 0.0185414 0.00753245 0.00457741 0.012979 0.0271748 0.0457355 0.0583668 0.034881 0.0177882 0.00938659 0.00492506 0.0015258 0.00185414 0.000309023 5.79419e-05 3.86279e-05 0
 0 0.00173294 0.00326652 0 0.00397197 0.00683976 0.00946217 0.0152591 0.00757587 0.0136028 0.0228656 0.0392903 0.0559909 0.0764795 0.0681675 0.0726916 0.0566044 0.0477403 0.0527397 0.0444891 0.0609904 0.0582453 0.0661739 0.0445044 0.0529084 0.0360697 0.0280645 0.0235558 0.0158879 0.00826598 0.00280645 0.00217768 0.000904811 0.00058276 9.20147e-05 0
 0 0 0 0 0 0 0 0 0 0 0 0 0 0 0 0 0 0 0 0 0 0 0 0 0 0 0 0 0 0 0 0 0 0 0 0
ppred_pel_tallas
 1.02845e-16 1.93429e-05 0.000113484 0.000539364 0.00207643 0.00647503 0.0163557 0.0334684 0.0554865 0.0745442 0.0811908 0.0717872 0.0517611 0.0309625 0.0164386 0.00965187 0.00863192 0.0109985 0.0152512 0.0206162 0.0265637 0.0325335 0.0378962 0.0420409 0.0445009 0.0450542 0.0437635 0.0409399 0.03705 0.0325981 0.0280241 0.0236446 0.0196414 0.0160868 0.0129849 0.0103091
 1.04309e-16 2.02421e-05 0.000118769 0.000564501 0.00217324 0.00677692 0.0171182 0.035028 0.05807 0.0780082 0.0849459 0.075065 0.0540324 0.0321368 0.0167267 0.00930072 0.00776633 0.00961349 0.0132765 0.0179851 0.0232635 0.0286388 0.0335829 0.0375787 0.0402228 0.0413085 0.0408594 0.0391003 0.0363814 0.0330835 0.0295382 0.0259832 0.022558 0.019327 0.0163143 0.0135324
 1.05804e-16 1.41413e-05 8.29427e-05 0.000394157 0.00151733 0.00473149 0.0119518 0.0244579 0.0405529 0.0544954 0.0593916 0.0526013 0.0381201 0.0231894 0.0130185 0.00874832 0.00901361 0.0121334 0.0170304 0.0230984 0.0298368 0.0366563 0.0428767 0.0478336 0.0510166 0.052178 0.0513745 0.0489255 0.0453099 0.0410387 0.0365469 0.0321344 0.0279615 0.0240826 0.0204964 0.0171885
 1.06611e-16 1.87948e-05 0.000110276 0.000524133 0.00201782 0.00629229 0.015894 0.0325229 0.0539166 0.0724277 0.0788661 0.0696855 0.0501453 0.0297958 0.0154569 0.0085185 0.00703906 0.00869601 0.0120529 0.0164234 0.0214055 0.0266058 0.0315781 0.0358729 0.0391216 0.0411061 0.0417887 0.0412909 0.0398366 0.0376795 0.0350456 0.0321029 0.0289635 0.025704 0.0223918 0.0191023
 1.05001e-16 2.30067e-05 0.000135004 0.000641694 0.00247046 0.00770383 0.0194594 0.039818 0.066008 0.0886628 0.0965247 0.0852416 0.0612369 0.0361791 0.0183843 0.00951076 0.00713316 0.00836197 0.0114062 0.0154185 0.0199334 0.0245339 0.0287691 0.032203 0.0345008 0.0354979 0.0352272 0.0338903 0.0317891 0.0292423 0.0265159 0.023787 0.0211437 0.0186102 0.016182 0.013855
 1.04572e-16 1.80771e-05 0.000106052 0.000504029 0.00194038 0.00605075 0.0152841 0.0312758 0.0518526 0.0696657 0.0758866 0.0671195 0.0484437 0.0290745 0.0156117 0.00943911 0.00873213 0.0112782 0.0156757 0.0211865 0.0272825 0.0333922 0.0388734 0.0431076 0.0456302 0.0462326 0.0449999 0.0422694 0.0385285 0.0342903 0.0299863 0.0259077 0.0221987 0.0188895 0.0159469 0.0133193
 1.02112e-16 3.32318e-05 0.000195048 0.000927178 0.0035697 0.0111318 0.028118 0.0575329 0.0953663 0.128072 0.139361 0.12291 0.0879473 0.0512553 0.0247424 0.0106752 0.00541686 0.00469125 0.00588294 0.00785211 0.010145 0.012499 0.0146752 0.0164481 0.0176423 0.0181668 0.0180298 0.0173255 0.0162023 0.0148215 0.0133234 0.0118081 0.0103344 0.00892939 0.00760409 0.00636561
 1.01047e-16 2.99375e-05 0.000175696 0.000835149 0.00321532 0.0100266 0.0253266 0.0518226 0.085905 0.115378 0.125581 0.110835 0.0794775 0.0466621 0.0231652 0.0110863 0.00720418 0.00769995 0.0102065 0.0136227 0.0173935 0.021076 0.0242208 0.0264125 0.027355 0.026941 0.0252768 0.0226495 0.019452 0.0160892 0.012898 0.0100998 0.00779315 0.00597595 0.00458377 0.00352741
 1.00519e-16 3.66769e-05 0.000215275 0.00102334 0.00393996 0.0122864 0.0310345 0.0635001 0.105257 0.141351 0.153802 0.135627 0.0970039 0.0564462 0.0270833 0.0113985 0.00535722 0.00421994 0.00508523 0.00669026 0.00854303 0.0103774 0.0119662 0.0131052 0.0136467 0.0135324 0.0128055 0.0115962 0.0100865 0.00846705 0.00689889 0.00549137 0.00429795 0.00332615 0.00255439 0.00194862
 1.00626e-16 2.81463e-05 0.000165175 0.00078512 0.00302268 0.00942587 0.0238092 0.0487182 0.080761 0.108475 0.118084 0.104257 0.0748445 0.044111 0.0222123 0.0111512 0.00792806 0.00897104 0.0120527 0.0161051 0.0205393 0.0248413 0.0284757 0.0309466 0.0319026 0.0312209 0.029037 0.0257051 0.0217076 0.0175419 0.013623 0.0102251 0.00747096 0.00535804 0.00380411 0.0026929
 1.02414e-16 1.46129e-05 8.57028e-05 0.00040726 0.00156775 0.00488869 0.0123489 0.0252712 0.0419035 0.0563167 0.061393 0.0544129 0.0395176 0.0242074 0.0138884 0.00976586 0.0104511 0.0142145 0.0199231 0.026893 0.0345089 0.0420311 0.0486138 0.0534462 0.0559283 0.0558068 0.0532275 0.0486792 0.0428595 0.0365054 0.0302467 0.0245195 0.01955 0.0153911 0.0119859 0.00922897
 1.04765e-16 2.09838e-05 0.000123129 0.000585239 0.0022531 0.00702599 0.0177473 0.0363147 0.0602009 0.0808644 0.0880393 0.0777589 0.0558852 0.0330663 0.0168957 0.00889891 0.00688078 0.00822589 0.0113217 0.0154141 0.020091 0.0249731 0.0296352 0.0336468 0.0366507 0.0384289 0.0389336 0.0382705 0.0366488 0.0343163 0.0315047 0.0284007 0.0251429 0.0218359 0.0185693 0.015429
 1.03394e-16 2.65874e-05 0.000156028 0.000741652 0.00285534 0.00890405 0.022491 0.0460207 0.0762881 0.102464 0.111531 0.0984489 0.0706271 0.0415299 0.0207381 0.010131 0.00686563 0.00756988 0.0101594 0.0136692 0.017612 0.0215894 0.0251866 0.0280084 0.0297572 0.0302962 0.0296738 0.0280965 0.0258643 0.0232923 0.0206437 0.0180943 0.0157297 0.0135681 0.0115921 0.00977781
 1.01611e-16 3.07116e-05 0.000180244 0.000856783 0.00329863 0.0102865 0.0259828 0.0531649 0.0881287 0.11836 0.128816 0.113662 0.0814456 0.0476982 0.0234588 0.0108612 0.0065826 0.00669497 0.00877585 0.0117241 0.0150248 0.0182985 0.0211686 0.0232841 0.0243879 0.0243748 0.0233126 0.0214166 0.0189902 0.0163495 0.0137603 0.0114007 0.00935607 0.00763686 0.00620871 0.00502062
 1.01005e-16 3.02493e-05 0.000177527 0.000843859 0.00324886 0.0101312 0.0255908 0.052363 0.0868004 0.116579 0.126885 0.111977 0.080278 0.0470947 0.0233109 0.0110417 0.00702675 0.00740423 0.00978436 0.0130634 0.0166976 0.0202623 0.0233291 0.0255001 0.0264888 0.0261861 0.0246845 0.0222478 0.0192419 0.0160465 0.0129804 0.0102571 0.00797669 0.00614637 0.00471516 0.00360791
 1.01749e-16 1.97831e-05 0.000116063 0.00055161 0.00212356 0.00662198 0.016727 0.0342285 0.0567481 0.0762433 0.0830526 0.0734598 0.0530244 0.0318321 0.0171055 0.0103568 0.00958329 0.012352 0.0171099 0.023021 0.0294716 0.0357975 0.0412605 0.0451618 0.0469935 0.0465564 0.0440038 0.0397894 0.0345469 0.0289376 0.0235196 0.0186705 0.0145729 0.0112496 0.00862203 0.00656874
 1.0393e-16 1.80786e-05 0.000106064 0.000504088 0.00194061 0.00605149 0.0152859 0.0312793 0.0518576 0.0696701 0.0758852 0.0671036 0.0484006 0.0289858 0.0154516 0.00917296 0.00831879 0.0106762 0.0148542 0.0201399 0.0260438 0.0320426 0.0375412 0.0419539 0.0448223 0.0459095 0.0452401 0.0430683 0.0397948 0.0358602 0.031655 0.0274666 0.0234718 0.0197591 0.0163648 0.013304
 1.03598e-16 2.63106e-05 0.000154406 0.00073394 0.00282565 0.00881147 0.0222572 0.045542 0.0754942 0.101397 0.110366 0.0974127 0.0698671 0.0410497 0.0204377 0.00988606 0.00657873 0.00717929 0.00963206 0.0129972 0.0168153 0.0207207 0.0243308 0.0272751 0.0292646 0.0301501 0.029946 0.0288093 0.0269846 0.0247368 0.0222944 0.0198189 0.0174029 0.0150882 0.012891 0.0108233
 1.01202e-16 3.46637e-05 0.000203453 0.000967136 0.00372354 0.0116115 0.0293298 0.0600125 0.0994765 0.133592 0.145367 0.128208 0.0917408 0.0534695 0.0258164 0.011144 0.00565533 0.00488338 0.0060894 0.00806966 0.0103328 0.0125862 0.0145658 0.01603 0.0168027 0.0168119 0.016104 0.0148264 0.0131859 0.0113982 0.00964345 0.00804196 0.00665023 0.00547414 0.00448954 0.0036618
 1.00923e-16 2.71897e-05 0.000159558 0.000758414 0.00291985 0.00910521 0.0229993 0.0470611 0.0780146 0.104789 0.114076 0.100731 0.0723411 0.0426916 0.0216013 0.0110155 0.00804679 0.00925296 0.0124844 0.0167028 0.0213217 0.0258171 0.0296385 0.0322742 0.0333595 0.0327634 0.0306195 0.0272854 0.0232505 0.0190205 0.0150174 0.0115205 0.00865622 0.0064246 0.00474602 0.00350745
 1.00918e-16 3.35043e-05 0.000196644 0.000934759 0.00359887 0.0112228 0.0283478 0.0580034 0.0961471 0.129123 0.140512 0.123943 0.0887251 0.0517857 0.0251418 0.0110903 0.00597454 0.0054872 0.00698291 0.0092876 0.0119009 0.014501 0.0167849 0.0184723 0.0193561 0.0193481 0.0184962 0.0169663 0.0149953 0.0128341 0.0106969 0.00873266 0.00701865 0.00557384 0.00438028 0.00340391
 1.01235e-16 2.39057e-05 0.000140272 0.000666717 0.00256677 0.00800413 0.0202181 0.0413711 0.0685851 0.0921321 0.100322 0.0886422 0.063783 0.0378898 0.0196314 0.0107625 0.00878912 0.0107169 0.0146596 0.0196657 0.0251314 0.0304638 0.0350225 0.0382071 0.0395868 0.0390021 0.0366011 0.0327934 0.0281427 0.0232334 0.0185546 0.0144325 0.0110177 0.00831666 0.00624476 0.00467937
 1.02163e-16 2.53893e-05 0.000148991 0.000708185 0.00272647 0.00850216 0.021476 0.043944 0.0728472 0.0978472 0.106518 0.0940532 0.0675378 0.0398425 0.0201353 0.0102338 0.0074465 0.00856985 0.011615 0.0156393 0.0201294 0.0246318 0.0286626 0.0317572 0.0335635 0.033917 0.0328718 0.0306717 0.0276782 0.0242797 0.0208131 0.0175183 0.0145296 0.0118957 0.00961217 0.00765162
pSPR Fmed_Fpbrs
0.371377   0.256628 0.256628
Fs Fmed_Fpbrs
0.64   1.005 1.005
SSBpbr Bo_Bmed_Bpbrs
902004  289883  186379 186379
Ro
28222.9
SPR SPRFo_SPRFmed_SPRFpbrs
581731 216042 149288
log_Ro
10.0679
likeval ReclasPelacesDesembMPH_pf_preclas_ppelaces_ptallas_desvR_qrecl_qpela
 90.2683 200.913 0.0455463 137.344 362.086 176.203 44.299 0 21.6369 0 0 0 0 0 0
q_reclas_q_pelaces
1 1
M
0.7
N
 39210.1 19597.2 7437.6 891.843 0.185451
 40653 16758.1 7208.63 2735.85 328.124
 18428.6 17069.7 5949.74 2559.33 1087.82
 16830.9 6183.18 3869.65 1348.79 826.799
 26808.2 7465.45 2449.72 1533.12 861.948
 17848.4 12945.4 3505.53 1150.31 1124.65
 44332.1 5518.49 2492.07 674.839 437.944
 48340.4 15820.3 1415.21 639.091 285.373
 122430 13211 2379.45 212.855 139.043
 139776 41441.2 3048.14 549.002 81.1922
 53313.1 57304 14026.3 1031.68 213.297
 47396.5 18158.4 13386.8 3276.69 290.84
 47205.5 16087.3 4212.64 3105.66 827.647
 37685.4 13301.1 2572.07 673.526 628.865
 22895.9 7374.82 1025.78 198.356 100.439
 9092.95 5928.49 995.702 138.494 40.3415
 5233.7 3311.01 1582.93 265.856 47.7497
 5870.56 1724.39 723.798 346.034 68.5554
 13029.5 1816.89 332.613 139.612 79.9692
 11879.9 4291.38 396.892 72.658 47.9666
 31913 4155.51 1057.37 97.7923 29.7213
 35092.7 14015.8 1614.1 410.709 49.5293
 53447 15369.7 5414 623.493 177.781
pred_Ctot
 3963.26 3717.47 1410.87 169.178 0.0351791
 4559.4 3502.13 1506.47 571.741 68.5718
 4396.29 6974.2 2430.9 1045.67 444.454
 1301.02 910.76 569.986 198.672 121.785
 532.68 293.059 96.1644 60.1831 33.836
 4977 6012.16 1628.06 534.232 522.314
 9142.57 1992.58 899.819 243.666 158.13
 16172.9 8474.41 758.082 342.339 152.864
 28654 5311.95 956.738 85.5854 55.9071
 17727.9 9700.78 713.525 128.513 19.0059
 12306.9 22775.6 5574.79 410.044 84.7755
 11026 7264.18 5355.33 1310.83 116.349
 15167.6 8354.82 2187.81 1612.91 429.833
 17303.3 8921.97 1725.26 451.779 421.822
 8177.24 4149.07 577.102 111.595 56.5073
 1775.63 2041.96 342.951 47.7016 13.8949
 1296.73 1396.12 667.457 112.101 20.1341
 1634.23 799.762 335.694 160.489 31.7956
 3230.61 766.574 140.335 58.9044 33.7402
 2576.79 1617.95 149.638 27.3937 18.0845
 2671.63 660.194 167.987 15.5365 4.72188
 3000.46 2271.59 261.603 66.5652 8.0274
 5060.53 2742.35 965.999 111.247 31.7207
F
 0.150053 0.300105 0.300105 0.300105 0.300105
 0.167767 0.335534 0.335534 0.335534 0.335534
 0.39207 0.784141 0.784141 0.784141 0.784141
 0.11293 0.225859 0.225859 0.225859 0.225859
 0.0279723 0.0559445 0.0559445 0.0559445 0.0559445
 0.473811 0.947622 0.947622 0.947622 0.947622
 0.330412 0.660824 0.660824 0.660824 0.660824
 0.597214 1.19443 1.19443 1.19443 1.19443
 0.383261 0.766522 0.766522 0.766522 0.766522
 0.19167 0.383341 0.383341 0.383341 0.383341
 0.377051 0.754102 0.754102 0.754102 0.754102
 0.38052 0.761041 0.761041 0.761041 0.761041
 0.56666 1.13332 1.13332 1.13332 1.13332
 0.931201 1.8624 1.8624 1.8624 1.8624
 0.651189 1.30238 1.30238 1.30238 1.30238
 0.310246 0.620493 0.620493 0.620493 0.620493
 0.410248 0.820495 0.820495 0.820495 0.820495
 0.472823 0.945646 0.945646 0.945646 0.945646
 0.410608 0.821216 0.821216 0.821216 0.821216
 0.35041 0.700819 0.700819 0.700819 0.700819
 0.122829 0.245658 0.245658 0.245658 0.245658
 0.125598 0.251195 0.251195 0.251195 0.251195
 0.13995 0.2799 0.2799 0.2799 0.2799
Np
 21899.1 6579.42 4194.36 1048.64 436.531
YTP_r0W_actual
 103120 179389 87212.9 13110.9 4698.73
YTP_p0W_proyectada
 52494.6 240385 87366.6 39301.9 6908.04
 52494.6 68542 63520.1 20280.9 9368.95
CTP_r0_actual
 15624.2 7412.77 2611.16 300.71 85.7433
CTP_p0_proyectada
 6401.78 11128.9 2782.37 980.097 155.237
 6401.78 3173.24 2022.93 505.759 210.538
Wmedp
 8.2 21.6 31.4 40.1 44.5
nmprior
 10.8 10.6 4.6 0
nm_flota  nm_reclas  nm_pelaces    nm_pelaL
inf 13.2842 10.0595 12.6716
cv_recla  cv_pelaces  cv_mph
0.90134 1.736 0.507464
 ------------------------------------------------
Talla a la edad & desviaci?n 
 7.2 14.2025 17.0495 18.207 18.6776
 1.08 2.13037 2.55742 2.73105 2.80164
