years
 1997 1998 1999 2000 2001 2002 2003 2004 2005 2006 2007 2008 2009 2010 2011 2012 2013 2014 2015 2016 2017 2018 2019 2020 2021
reclasobs
 0 0 0 370054 412103 1.49427e+06 250295 1.28982e+06 931140 785840 897777 1.04006e+06 184774 17550 25797 100020 73551 82996 120727 218422 84188 347160 605670 569463 516374
reclaspred
 2.80684e+06 689795 1.48453e+06 606492 303010 1.07092e+06 4.20894e+06 3.11184e+06 3.59522e+06 3.25208e+06 4.47713e+06 4.50518e+06 3.27171e+06 2.0586e+06 1.30864e+06 744275 527999 501545 507280 596961 490002 553808 1.27095e+06 1.36865e+06 1.87189e+06
pelacesobs
 0 0 0 0 0 0 0 0 0 2.06254e+06 1.5e+06 0 1.87456e+06 323000 250000 174000 83755 137374 0 501740 490994 745055 786931 1.00524e+06 1.33801e+06
pelacespred
 2.38207e+06 872368 517327 481534 215848 429309 1.49958e+06 2.20629e+06 2.17987e+06 2.07401e+06 2.67761e+06 2.70882e+06 2.07658e+06 1.37304e+06 831692 478257 321973 277692 294812 319484 310364 309264 548788 767568 983187
mphobs
 0 0 0 0 0 0 112323 0 153150 637223 0 255016 313432 73983 77613 109348 50772 17779 17303 59886 28197 0 207744 136588 643089
mphpred
 1.82071e+06 1.49916e+06 887278 828061 369289 315701 2.60104e+06 2.70313e+06 3.58472e+06 2.88515e+06 3.50599e+06 4.50539e+06 3.28555e+06 2.31224e+06 1.37903e+06 768364 443212 401311 412948 500341 445332 417567 814338 1.12832e+06 1.41157e+06
desembarqueobs
 350755 77701 442110 56441 14545 235359 269955 359681 431902 328805 639364 411747 362871 311530 167758 66681 60226 58785 57116 73181 50977 67692 138656 160484 209506
desembarquepred
 319011 78539.7 169032 69056.6 34500.3 121567 479224 353723 409252 369889 509191 512896 372407 234390 149001 84739.1 60077.3 57077.7 57703.2 67961.7 55752.8 62965.5 144639 155697 213025
Reclutas
 210711 4325.59 654.235 459.842 1263.68 409504 9191.03 410185 76138.7 336931 464142 65509.5 106913 8138.86 3086.78 6391.61 28164.3 18341.2 46246.3 7330.2 27622.5 111088 82176.6 127656 73223
log_desv_Rt
 1.9914 -1.89454 -3.78338 -4.13596 -3.12505 2.65586 -1.14086 2.65752 0.97347 2.46079 2.7811 0.823109 1.31293 -1.26244 -2.23196 -1.5041 -0.0210322 -0.449934 0.474896 -1.36708 -0.0404536 1.35124 1.04978 1.49026 0.934423
SSB
 1.82071e+06 1.49916e+06 887278 828061 369289 315701 2.53856e+06 2.68151e+06 3.52714e+06 2.83901e+06 3.50599e+06 4.50539e+06 3.33917e+06 2.35004e+06 1.42448e+06 813221 484415 428131 423069 533847 456254 417567 834328 1.11025e+06 1.50589e+06
BT
 7.82145e+06 1.71359e+06 1.0186e+06 945120 426262 1.42682e+06 2.9988e+06 5.86841e+06 4.58463e+06 5.07653e+06 6.77417e+06 5.52789e+06 4.39621e+06 2.71022e+06 1.6403e+06 951413 727702 613327 694630 648555 716251 764962 1.22835e+06 1.79643e+06 2.18527e+06
Ftot
 0.110803 0.110803 0.110803 0.110803 0.110803 0.110803 0.110803 0.110803 0.110803 0.110803 0.110803 0.110803 0.110803 0.110803 0.110803 0.110803 0.110803 0.110803 0.110803 0.110803 0.110803 0.110803 0.110803 0.110803 0.110803
BD_Bspro_t
 0.986071 0.915506 0.825025 0.74091 0.666321 0.733603 0.903226 0.843227 0.862034 0.814053 0.837036 0.837646 0.780561 0.743791 0.685492 0.63531 0.606671 0.684993 0.729869 0.791751 0.767642 0.794629 0.856783 0.84442 0.845485
BD_Bspro
 3.07869 2.53497 1.50032 1.40019 0.624441 0.533827 4.29252 4.53424 5.96414 4.80056 5.92837 7.61828 5.6463 3.97375 2.40869 1.3751 0.81911 0.723938 0.715379 0.902696 0.771491 0.706076 1.41079 1.87735 2.54635
BD_Bo
 0.369711 0.304418 0.18017 0.168145 0.0749875 0.0641059 0.515477 0.544505 0.716218 0.576487 0.711922 0.914859 0.678049 0.477197 0.289253 0.165132 0.0983648 0.0869358 0.0859079 0.108402 0.0926463 0.0847908 0.169418 0.225446 0.305784
BD_Brms
 1.79895 1.48125 0.876676 0.818166 0.364877 0.311929 2.50823 2.64947 3.485 2.80509 3.46409 4.45155 3.29927 2.32196 1.40746 0.803504 0.478627 0.423015 0.418014 0.527468 0.450802 0.412578 0.824358 1.09698 1.4879
S_f
 0.5 1 1 1 1
 0.5 1 1 1 1
 0.5 1 1 1 1
 0.5 1 1 1 1
 0.5 1 1 1 1
 0.5 1 1 1 1
 0.5 1 1 1 1
 0.5 1 1 1 1
 0.5 1 1 1 1
 0.5 1 1 1 1
 0.5 1 1 1 1
 0.5 1 1 1 1
 0.5 1 1 1 1
 0.5 1 1 1 1
 0.5 1 1 1 1
 0.5 1 1 1 1
 0.5 1 1 1 1
 0.5 1 1 1 1
 0.5 1 1 1 1
 0.5 1 1 1 1
 0.5 1 1 1 1
 0.5 1 1 1 1
 0.5 1 1 1 1
 0.5 1 1 1 1
 0.5 1 1 1 1
Scru_reclas
 0.5 1 1 1 1
 0.5 1 1 1 1
 0.5 1 1 1 1
 0.5 1 1 1 1
 0.5 1 1 1 1
 0.5 1 1 1 1
 0.5 1 1 1 1
 0.5 1 1 1 1
 0.5 1 1 1 1
 0.5 1 1 1 1
 0.5 1 1 1 1
 0.5 1 1 1 1
 0.5 1 1 1 1
 0.5 1 1 1 1
 0.5 1 1 1 1
 0.5 1 1 1 1
 0.5 1 1 1 1
 0.5 1 1 1 1
 0.5 1 1 1 1
 0.5 1 1 1 1
 0.5 1 1 1 1
 0.5 1 1 1 1
 0.5 1 1 1 1
 0.5 1 1 1 1
 0.5 1 1 1 1
Scru_pelaces
 0.5 1 1 1 1
 0.5 1 1 1 1
 0.5 1 1 1 1
 0.5 1 1 1 1
 0.5 1 1 1 1
 0.5 1 1 1 1
 0.5 1 1 1 1
 0.5 1 1 1 1
 0.5 1 1 1 1
 0.5 1 1 1 1
 0.5 1 1 1 1
 0.5 1 1 1 1
 0.5 1 1 1 1
 0.5 1 1 1 1
 0.5 1 1 1 1
 0.5 1 1 1 1
 0.5 1 1 1 1
 0.5 1 1 1 1
 0.5 1 1 1 1
 0.5 1 1 1 1
 0.5 1 1 1 1
 0.5 1 1 1 1
 0.5 1 1 1 1
 0.5 1 1 1 1
 0.5 1 1 1 1
pf_obs 
 0.256992 0.487395 0.22802 0.0275931 0
 0.321318 0.546541 0.124235 0.00734118 0.000564706
 0.182869 0.594174 0.210203 0.0122559 0.00049798
 0.330522 0.361315 0.267642 0.0388342 0.00168674
 0.649043 0.306663 0.0425973 0.00169635 0
 0.582887 0.30429 0.105238 0.00758474 0
 0.465427 0.430635 0.0974691 0.00646863 0
 0.296916 0.608066 0.0921331 0.00288517 0
 0.311714 0.524322 0.152257 0.0117073 0
 0.15457 0.633149 0.183074 0.0267441 0.00246327
 0.131901 0.49318 0.331252 0.0422183 0.00144891
 0.196976 0.569456 0.194076 0.0375587 0.00193317
 0.518974 0.381816 0.0799577 0.0180837 0.00116848
 0.0928022 0.601141 0.25162 0.0475244 0.00691264
 0.122501 0.610282 0.24278 0.0234846 0.000952079
 0.383417 0.481906 0.127806 0.00687128 0
 0.0376549 0.599619 0.316969 0.0457579 0
 0.0361596 0.667082 0.258105 0.0386534 0
 0.158088 0.579412 0.248529 0.0139706 0
 0.0477256 0.309471 0.559284 0.082774 0.000745712
 0.0406174 0.521527 0.379366 0.0568643 0.0016247
 0.151134 0.462217 0.34131 0.0453401 0
 0.294876 0.26143 0.354403 0.0886775 0.000613685
 0.281977 0.475581 0.204845 0.0348837 0.00271318
 0.0841818 0.532909 0.334909 0.0458182 0.00218182
pf_pred 
 0.760611 0.120512 0.0598444 0.0297179 0.0293147
 0.0190489 0.851136 0.0653509 0.0324523 0.032012
 0.00631285 0.0382846 0.828968 0.0636488 0.0627854
 0.0098183 0.0128129 0.0376559 0.815355 0.124358
 0.0566691 0.0189149 0.0119619 0.0351549 0.877299
 0.974978 0.0027597 0.00044638 0.000282295 0.0215334
 0.0235982 0.964408 0.00132286 0.000213971 0.0104573
 0.698004 0.014346 0.284116 0.000389717 0.00314378
 0.143316 0.708199 0.00705363 0.139694 0.00173735
 0.553186 0.114663 0.274581 0.00273481 0.0548355
 0.519082 0.345632 0.0347177 0.0831376 0.0174312
 0.0960006 0.62389 0.201313 0.0202212 0.0585761
 0.24232 0.136192 0.428916 0.1384 0.0541721
 0.0319425 0.384877 0.104826 0.330133 0.148221
 0.0256821 0.062112 0.362672 0.0987783 0.450756
 0.104308 0.0462063 0.0541541 0.316205 0.479126
 0.482073 0.100349 0.0215417 0.025247 0.37079
 0.318286 0.448306 0.0452229 0.00970795 0.178477
 0.574264 0.208906 0.142591 0.0143839 0.0598554
 0.112791 0.652713 0.115066 0.0785396 0.0408912
 0.460562 0.112106 0.314385 0.0554225 0.0575249
 0.736629 0.168009 0.0198179 0.0555766 0.0199667
 0.407366 0.505116 0.0558292 0.00658546 0.0251029
 0.498322 0.29424 0.176805 0.0195417 0.0110918
 0.29592 0.473214 0.135405 0.081363 0.0140971
pobs_RECLAS
 0 0 0 0 0
 0 0 0 0 0
 0 0 0 0 0
 0 0 0 0 0
 0.835266 0.146461 0.0176864 0.000547809 3.91292e-05
 0.385257 0.428462 0.181853 0.0044286 0
 0.867414 0.0963971 0.0333333 0.00285562 0
 0.441836 0.489002 0.0689373 0.000224442 0
 0.779404 0.147425 0.0564933 0.0165055 0.000172143
 0.814271 0.122319 0.05973 0.00367925 0
 0.40263 0.566651 0.0304383 0.000280538 0
 0.475488 0.404961 0.113038 0.00651328 0
 0.955842 0.0263864 0.0167828 0.000988607 0
 0.975058 0.0227948 0.00214734 0 0
 0.738997 0.206755 0.0527124 0.00153531 0
 0.850938 0.134255 0.0134407 0.00136685 0
 0.542534 0.407297 0.0501686 0 0
 0.764087 0.199537 0.0359546 0.000420521 0
 0.470689 0.182191 0.310203 0.0369168 0
 0.84361 0.089868 0.0606195 0.00523954 0.000663233
 0.607945 0.314616 0.071237 0.00620181 0
 0.523733 0.453247 0.0230204 0 0
 0.530135 0.295979 0.169645 0.0042399 0
 0.562478 0.366248 0.0663022 0.0049721 0
 0.250443 0.683176 0.0655157 0.000865301 0
ppred_RECLAS
 0.761262 0.120184 0.0596817 0.029637 0.029235
 0.0191159 0.851078 0.0653464 0.0324501 0.0320098
 0.00633534 0.0382837 0.82895 0.0636474 0.0627839
 0.00985315 0.0128125 0.0376546 0.815326 0.124354
 0.0568607 0.018911 0.0119595 0.0351477 0.877121
 0.975065 0.00275009 0.000444825 0.000281311 0.0214584
 0.0236808 0.964326 0.00132275 0.000213953 0.0104564
 0.698758 0.0143101 0.283407 0.000388744 0.00313593
 0.143756 0.707835 0.00705 0.139623 0.00173646
 0.554071 0.114436 0.274037 0.0027294 0.054727
 0.519975 0.34499 0.0346532 0.0829832 0.0173988
 0.0963116 0.623675 0.201243 0.0202143 0.058556
 0.242978 0.136074 0.428543 0.138279 0.0541251
 0.0320534 0.384833 0.104814 0.330095 0.148204
 0.0257718 0.0621063 0.362638 0.0987692 0.450714
 0.104643 0.046189 0.0541338 0.316087 0.478947
 0.482967 0.100176 0.0215045 0.0252035 0.37015
 0.319063 0.447795 0.0451714 0.00969688 0.178274
 0.575139 0.208476 0.142298 0.0143544 0.0597324
 0.113149 0.652449 0.115019 0.0785078 0.0408747
 0.461451 0.111921 0.313867 0.0553311 0.0574301
 0.737323 0.167567 0.0197657 0.0554302 0.0199141
 0.408231 0.504379 0.0557477 0.00657585 0.0250663
 0.499216 0.293715 0.176489 0.0195069 0.011072
 0.296667 0.472713 0.135262 0.0812767 0.0140822
pobs_PELACES
 0 0 0 0 0
 0 0 0 0 0
 0 0 0 0 0
 0 0 0 0 0
 0 0 0 0 0
 0 0 0 0 0
 0 0 0 0 0
 0 0 0 0 0
 0 0 0 0 0
 0 0 0 0 0
 0.450072 0.473896 0.0757376 0.000293798 0
 0 0 0 0 0
 0.463077 0.371075 0.160297 0.00555027 0
 0.529543 0.364841 0.0842815 0.0213345 0
 0.631943 0.363953 0.00410389 0 0
 0.735681 0.248677 0.0153453 0.000297389 0
 0.695825 0.281241 0.0229344 0 0
 0.275771 0.60734 0.115278 0.00161068 0
 0 0 0 0 0
 0.896147 0.0623911 0.0374545 0.00400742 0
 0.803859 0.145111 0.0509908 3.86294e-05 0
 0.739449 0.233085 0.0266225 0.000797448 4.60066e-05
 0.878498 0.100942 0.0204185 0.000141795 0
 0.694673 0.275183 0.0284847 0.00165964 0
 0.469039 0.446079 0.0841089 0.000773354 0
ppred_PELACES
 0.764569 0.118519 0.058855 0.0292265 0.02883
 0.0194618 0.850778 0.0653234 0.0324386 0.0319986
 0.00645147 0.0382793 0.828853 0.06364 0.0627766
 0.0100331 0.0128102 0.0376477 0.815178 0.124331
 0.0578492 0.0188912 0.011947 0.0351109 0.876202
 0.975506 0.00270149 0.000436964 0.00027634 0.0210792
 0.0241072 0.963905 0.00132217 0.00021386 0.0104519
 0.702592 0.014128 0.2798 0.000383796 0.00309602
 0.146021 0.705963 0.00703135 0.139253 0.00173187
 0.558583 0.113278 0.271264 0.00270178 0.0541731
 0.524537 0.341711 0.0343239 0.0821946 0.0172334
 0.0979147 0.622569 0.200886 0.0201784 0.0584521
 0.246357 0.135467 0.426631 0.137662 0.0538835
 0.0326255 0.384605 0.104752 0.3299 0.148116
 0.0262349 0.0620768 0.362466 0.0987223 0.4505
 0.106368 0.0461 0.0540295 0.315478 0.478024
 0.487533 0.0992907 0.0213146 0.0249809 0.366881
 0.323048 0.445174 0.044907 0.00964013 0.17723
 0.5796 0.206287 0.140804 0.0142036 0.0591052
 0.114997 0.65109 0.11478 0.0783443 0.0407895
 0.465998 0.110976 0.311217 0.054864 0.0569452
 0.740849 0.165318 0.0195004 0.0546863 0.0196469
 0.412655 0.500609 0.055331 0.00652669 0.0248789
 0.503787 0.291035 0.174878 0.0193289 0.010971
 0.300496 0.470139 0.134525 0.0808343 0.0140055
pobs_pel_tallas
 0 0 0 0 0 0 0 0 0 0 0 0 0 0 0 0 0 0 0 0 0 0 0 0 0 0 0 0 0 0 0 0 0 0 0 0
 0 0 0 0 0 0 0 0 0 0 0 0 0 0 0 0 0 0 0 0 0 0 0 0 0 0 0 0 0 0 0 0 0 0 0 0
 0 0 0 0 0 0 0 0 0 0 0 0 0 0 0 0 0 0 0 0 0 0 0 0 0 0 0 0 0 0 0 0 0 0 0 0
 0 0 0 0 0 0 0 0 0 0 0 0 0 0 0 0 0 0 0 0 0 0 0 0 0 0 0 0 0 0 0 0 0 0 0 0
 0 0 0 0 0 0 0 0 0 0 0 0 0 0 0 0 0 0 0 0 0 0 0 0 0 0 0 0 0 0 0 0 0 0 0 0
 0 0 0 0 0 0 0 0 0 0 0 0 0 0 0 0 0 0 0 0 0 0 0 0 0 0 0 0 0 0 0 0 0 0 0 0
 0 0 0 0 0 0 0 0 0 0 0 0 0 0 0 0 0 0 0 0 0 0 0 0 0 0 0 0 0 0 0 0 0 0 0 0
 0 0 0 0 0 0 0 0 0 0 0 0 0 0 0 0 0 0 0 0 0 0 0 0 0 0 0 0 0 0 0 0 0 0 0 0
 0 0 0 0 0 0 0 0 0 0 0 0 0 0 0 0 0 0 0 0 0 0 0 0 0 0 0 0 0 0 0 0 0 0 0 0
 0 0 0 0 0 0 0 0 0 0 0 0 0 0 0 0 0 0 0 0 0 0 0 0 0 0 0 0 0 0 0 0 0 0 0 0
 0 0 0 0 0 0 0 0 1.78061e-05 0.00172719 0.00360574 0.0105946 0.0120993 0.0124554 0.0147524 0.0171206 0.0266825 0.0428682 0.0675386 0.121331 0.153587 0.119568 0.100827 0.0573624 0.0630603 0.0341343 0.0324427 0.0444173 0.0211091 0.0280891 0.0125444 0.00206551 0 0 0 0
 0 0 0 0 0 0 0 0 0 0 0 0 0 0 0 0 0 0 0 0 0 0 0 0 0 0 0 0 0 0 0 0 0 0 0 0
 0 0 0 0 0 0 0.0133647 0.0140871 0.0187388 0.0205184 0.03894 0.0496705 0.03968 0.0493445 0.0407372 0.0367815 0.0215668 0.0243155 0.0234873 0.0199281 0.019796 0.0243948 0.0301388 0.0376714 0.0412746 0.0863199 0.0771752 0.113111 0.0741005 0.0525337 0.0229764 0.00759418 0.00175318 0 0 0
 0 0 0 0 0 0 0 0 0 0 0.00219441 0.00772107 0.0458388 0.0604681 0.0671733 0.0775358 0.0609151 0.0617685 0.073594 0.0568108 0.0755445 0.0548602 0.0670107 0.0636378 0.0643287 0.046367 0.0373049 0.0286899 0.0247887 0.0153202 0.00654259 0.00121912 0.000365735 0 0 0
 0 0 0 0 0 0 0 0 0 0 0 0 0.000112435 0.00938835 0.0111873 0.0202946 0.0414886 0.0713402 0.111592 0.104902 0.108894 0.110636 0.117776 0.105296 0.107544 0.0401394 0.0192827 0.0124803 0.00416011 0.0028671 0.000618394 0 0 0 0 0
 0 0 0 0 0 0 0 0 0 0 0.00291406 0.0102884 0.027416 0.0768956 0.0749926 0.110853 0.0956884 0.0897413 0.0766577 0.0534642 0.0500743 0.0551293 0.0594112 0.0620874 0.0668451 0.0424026 0.0208742 0.0120726 0.0048766 0.00582813 0.00118941 0.000297354 0 0 0 0
 0 0.00264628 0.0354308 0.0461629 0.0458689 0.0383711 0.0214643 0.0164657 0.0346957 0.0420465 0.0363128 0.0245516 0.0311673 0.0291091 0.0169068 0.0133784 0.00837989 0.0085269 0.0148486 0.0160247 0.0276389 0.0546898 0.0760071 0.122758 0.109233 0.0665981 0.0333725 0.0166128 0.00676272 0.00308733 0.000882094 0 0 0 0 0
 0 0 0 0 0 0 0 0.000805153 0.000690131 0.00759144 0.0133425 0.0154129 0.00931677 0.000345066 0.00356568 0.00563607 0.00851162 0.0253048 0.0502646 0.0516448 0.0657925 0.0565908 0.0611916 0.0827007 0.0866115 0.110766 0.145733 0.0935128 0.0569358 0.0249597 0.0138026 0.00621118 0.00161031 0.00115022 0 0
 0 0 0 0 0 0 0 0 0 0 0 0 0 0 0 0 0 0 0 0 0 0 0 0 0 0 0 0 0 0 0 0 0 0 0 0
 0.00147267 0.00158595 0.00478618 0.00569244 0.00954404 0.0108468 0.00647125 0.017049 0.0510054 0.094081 0.124002 0.0959785 0.0687766 0.0820023 0.061753 0.0591476 0.0492212 0.0479892 0.0443925 0.0268479 0.0217502 0.0140895 0.0121071 0.0120363 0.00920419 0.00665534 0.0049561 0.00860946 0.00930331 0.0156896 0.0114698 0.00855282 0.00243557 0.00046729 0 2.83206e-05
 0 0 0 0 0.000772559 0.00158375 0.000888443 0.00281984 0.00712685 0.0440552 0.0773331 0.111326 0.0921469 0.0852325 0.0710754 0.0886704 0.0786465 0.0553345 0.0373146 0.0185414 0.00753245 0.00457741 0.012979 0.0271748 0.0457355 0.0583668 0.034881 0.0177882 0.00938659 0.00492506 0.0015258 0.00185414 0.000309023 5.79419e-05 3.86279e-05 0
 0 0.00173294 0.00326652 0 0.00397197 0.00683976 0.00946217 0.0152591 0.00757587 0.0136028 0.0228656 0.0392903 0.0559909 0.0764795 0.0681675 0.0726916 0.0566044 0.0477403 0.0527397 0.0444891 0.0609904 0.0582453 0.0661739 0.0445044 0.0529084 0.0360697 0.0280645 0.0235558 0.0158879 0.00826598 0.00280645 0.00217768 0.000904811 0.00058276 9.20147e-05 0
 0 0 0 0 0 0 0 0 0 0 0 0 0 0 0 0 0 0 0 0 0 0 0 0 0 0 0 0 0 0 0 0 0 0 0 0
 0 0 0 0 0 0 0 0 0 0 0 0 0 0 0 0 0 0 0 0 0 0 0 0 0 0 0 0 0 0 0 0 0 0 0 0
 0 0 0 0 0 0 0 0 0 0 0 0 0 0 0 0 0 0 0 0 0 0 0 0 0 0 0 0 0 0 0 0 0 0 0 0
ppred_pel_tallas
 1.03226e-16 3.33563e-05 0.000195781 0.000930669 0.00358315 0.0111737 0.0282239 0.0577494 0.0957245 0.12855 0.139876 0.12335 0.0882312 0.0513582 0.0246755 0.0104476 0.00501432 0.00407803 0.0050165 0.00670097 0.00870532 0.0108074 0.012815 0.0145466 0.0158568 0.0166639 0.0169602 0.0168021 0.0162847 0.0155106 0.0145659 0.0135081 0.0123687 0.0111637 0.00990736 0.008621
 1.03815e-16 8.95798e-07 5.14216e-06 2.42004e-05 9.2765e-05 0.000288924 0.00073075 0.00150194 0.00251509 0.00345467 0.0039623 0.00397771 0.00390027 0.00440034 0.00610385 0.00944554 0.0147007 0.0220146 0.0313309 0.0422668 0.0540351 0.0654802 0.0752481 0.0820567 0.084991 0.0837233 0.0785899 0.0704875 0.0606386 0.0502995 0.0405103 0.0319491 0.0249087 0.0193696 0.0151199 0.0118751
 1.16899e-16 2.97433e-07 1.69933e-06 7.98816e-06 3.06065e-05 9.52682e-05 0.000240658 0.000493414 0.000822098 0.00111709 0.00125024 0.00118584 0.00103266 0.000982525 0.00121205 0.00184892 0.00300743 0.00483133 0.00750298 0.0112204 0.0161579 0.0224202 0.0299953 0.0387141 0.0482255 0.0579977 0.0673519 0.075532 0.081801 0.0855503 0.0863981 0.0842558 0.0793458 0.0721636 0.063396 0.0538114
 1.34359e-16 4.49441e-07 2.60194e-06 1.23016e-05 4.7253e-05 0.000147219 0.000371817 0.000761248 0.00126399 0.0017042 0.00187231 0.00169412 0.00130706 0.000958535 0.000847041 0.001065 0.0016537 0.00267716 0.00425387 0.00655055 0.0097603 0.0140752 0.0196533 0.0265795 0.0348235 0.0442022 0.0543564 0.0647513 0.0747094 0.0834758 0.0903095 0.094587 0.0958968 0.0941038 0.089375 0.0821505
 1.42324e-16 2.53398e-06 1.48412e-05 7.04911e-05 0.000271302 0.000845914 0.00213666 0.00437221 0.00724897 0.00974009 0.0106122 0.00939195 0.00679213 0.00410726 0.00227354 0.0015113 0.00161409 0.00235312 0.00365503 0.00558755 0.00829377 0.0119415 0.0166888 0.0226522 0.0298723 0.0382777 0.0476536 0.057624 0.0676574 0.0771011 0.0852456 0.0914112 0.0950422 0.095791 0.093571 0.0885756
 1.01002e-16 4.25493e-05 0.000249763 0.00118733 0.0045714 0.0142556 0.0360083 0.0736759 0.122119 0.163982 0.17839 0.157224 0.112263 0.0649461 0.030451 0.0115919 0.00362172 0.000995698 0.000345762 0.000270523 0.000339115 0.000450435 0.000585828 0.000741915 0.000916958 0.00110848 0.00131249 0.00152273 0.00173019 0.00192309 0.00208771 0.00220998 0.00227763 0.00228235 0.00222136 0.00209823
 1.00829e-16 1.10287e-06 6.34763e-06 2.99087e-05 0.000114705 0.000357316 0.000903634 0.00185649 0.00310582 0.00425706 0.00485931 0.00482561 0.00463054 0.00507426 0.00689068 0.0105674 0.0163907 0.0244929 0.0347774 0.0467785 0.0595738 0.0718289 0.0819953 0.0886235 0.090703 0.0879149 0.0807176 0.0702235 0.057922 0.0453351 0.0337198 0.0238911 0.0161883 0.0105579 0.00669529 0.00419023
 1.04135e-16 3.06502e-05 0.000179902 0.000855196 0.00329259 0.0102677 0.0259351 0.0530658 0.0879588 0.118115 0.128505 0.113283 0.0809457 0.0469483 0.0222461 0.00889945 0.00353407 0.00221121 0.00256621 0.00365021 0.00520202 0.00717347 0.00953743 0.0122278 0.0151234 0.0180493 0.020789 0.0231083 0.0247863 0.02565 0.0256031 0.0246445 0.0228703 0.0204577 0.0176361 0.0146509
 1.05196e-16 6.40827e-06 3.75191e-05 0.000178155 0.00068558 0.00213763 0.00540024 0.011055 0.018345 0.024698 0.0270374 0.024232 0.0181817 0.0122968 0.00911727 0.00937885 0.0126787 0.018401 0.0260536 0.0351381 0.0449522 0.054535 0.062775 0.0686234 0.0713355 0.0706489 0.0668436 0.0606521 0.0530629 0.0450788 0.0375128 0.0308744 0.0253582 0.0209126 0.0173464 0.0144294
 1.06512e-16 2.43746e-05 0.00014305 0.000679978 0.00261793 0.00816372 0.0206209 0.0421931 0.0699402 0.0939292 0.102217 0.090172 0.0645684 0.0377261 0.0183979 0.00827383 0.00472466 0.00466208 0.00622289 0.00862804 0.011595 0.0149638 0.0185613 0.0221824 0.0256094 0.028636 0.0310878 0.0328302 0.0337715 0.0338623 0.0330975 0.0315202 0.0292259 0.0263605 0.02311 0.0196805
 1.04229e-16 2.28987e-05 0.000134366 0.000638648 0.00245872 0.00766719 0.019367 0.0396291 0.0656964 0.0882488 0.0960857 0.0848818 0.0610389 0.0361832 0.0186082 0.00998299 0.00790972 0.00951846 0.0130142 0.0175155 0.0224946 0.0274508 0.0318442 0.0351655 0.0370434 0.0373283 0.0361219 0.0337359 0.0306017 0.0271592 0.023765 0.0206419 0.017878 0.0154594 0.0133205 0.0113878
 1.06479e-16 4.30777e-06 2.51937e-05 0.000119572 0.000460047 0.00143433 0.00362368 0.00741943 0.0123171 0.0165979 0.0182104 0.0164165 0.0125231 0.00886708 0.00721961 0.00815737 0.0114987 0.0169059 0.0240874 0.032685 0.0421265 0.0515886 0.06009 0.0666738 0.070615 0.0715792 0.0696843 0.0654375 0.0595831 0.0529121 0.0460991 0.0396099 0.0336891 0.0284071 0.0237325 0.0195993
 1.13349e-16 1.07613e-05 6.31249e-05 0.000299999 0.0011549 0.00360132 0.00909671 0.0186141 0.030859 0.0414554 0.045145 0.0399007 0.0287373 0.0171295 0.00899681 0.00516303 0.00456253 0.00593417 0.0085495 0.0121325 0.0165824 0.0217948 0.0275968 0.0337416 0.0399269 0.0458206 0.0510842 0.0553942 0.058462 0.0600576 0.0600366 0.0583665 0.0551445 0.0505972 0.0450587 0.038929
 1.19869e-16 1.45038e-06 8.44226e-06 3.99873e-05 0.000153715 0.000479115 0.0012106 0.00248027 0.00412371 0.00557561 0.00616653 0.00567533 0.00457824 0.00371522 0.00376135 0.00501464 0.00753117 0.0113066 0.0163177 0.0224588 0.0294754 0.0369524 0.044366 0.0511815 0.056962 0.0614483 0.0645833 0.0664699 0.0672876 0.0671997 0.0662904 0.0645529 0.0619252 0.0583511 0.0538423 0.0485137
 1.29608e-16 1.15895e-06 6.76023e-06 3.20549e-05 0.000123281 0.000384287 0.0009707 0.00198708 0.00329758 0.00444024 0.0048628 0.00436331 0.00328645 0.00225301 0.00173711 0.00190622 0.00275159 0.00426678 0.00651834 0.00962472 0.0137093 0.01886 0.0250997 0.032363 0.0404794 0.0491636 0.0580167 0.0665429 0.0741855 0.0803811 0.0846275 0.0865534 0.0859757 0.0829304 0.0776698 0.0706284
 1.33959e-16 4.65136e-06 2.7268e-05 0.000129561 0.00049872 0.00155509 0.00392802 0.00803771 0.0133255 0.0179023 0.0194986 0.0172406 0.0124329 0.00744461 0.00397841 0.00240797 0.00230385 0.00317029 0.00476542 0.0070709 0.0101724 0.0141764 0.0191665 0.0251775 0.0321717 0.0400155 0.0484594 0.0571289 0.0655341 0.0731038 0.0792454 0.0834211 0.0852294 0.0844693 0.0811778 0.0756285
 1.18337e-16 2.12746e-05 0.000124855 0.000593486 0.00228493 0.00712529 0.0179979 0.0368261 0.0610434 0.0819802 0.0892121 0.0786949 0.0563401 0.0328976 0.0160027 0.00712498 0.00396358 0.00381758 0.00505905 0.00701444 0.0094574 0.012288 0.015419 0.0187588 0.0222223 0.0257376 0.0292417 0.0326628 0.0358987 0.0388018 0.0411804 0.0428205 0.0435233 0.0431474 0.0416434 0.0390724
 1.09395e-16 1.41168e-05 8.27993e-05 0.000393476 0.00151471 0.00472332 0.0119311 0.0244157 0.040483 0.054402 0.0592908 0.0525143 0.0380618 0.0231626 0.0130169 0.0087625 0.00903233 0.0121406 0.0169995 0.0229873 0.0295864 0.0361943 0.0421289 0.0467423 0.0495635 0.0504066 0.0494048 0.0469547 0.0435959 0.0398659 0.036182 0.0327802 0.0297195 0.0269335 0.0243011 0.0217114
 1.05316e-16 2.52945e-05 0.000148443 0.000705598 0.00271654 0.00847122 0.0213977 0.0437832 0.0725782 0.0974784 0.106097 0.0936349 0.0671361 0.0394025 0.0195398 0.00932656 0.00605245 0.00651289 0.00874366 0.011865 0.015471 0.0192534 0.0228887 0.0260539 0.0284834 0.0300174 0.0306242 0.0303846 0.0294523 0.0280027 0.0261919 0.024136 0.0219126 0.0195756 0.0171738 0.0147633
 1.0644e-16 5.05354e-06 2.957e-05 0.000140374 0.000540129 0.00168406 0.0042545 0.00871032 0.0144574 0.0194738 0.0213439 0.0191897 0.0145285 0.0100774 0.00787983 0.00856768 0.0118794 0.0173771 0.0246969 0.0334307 0.042961 0.0524186 0.0607805 0.0670639 0.0705442 0.0709206 0.0683751 0.0634989 0.0571233 0.0501098 0.0431734 0.0367826 0.0311498 0.0262879 0.0220973 0.0184468
 1.09e-16 2.03374e-05 0.000119348 0.000567297 0.00218408 0.00681078 0.0172035 0.0352009 0.0583506 0.0783672 0.0852895 0.0752565 0.0539266 0.0315873 0.015555 0.0072592 0.004531 0.00482203 0.00660663 0.00926025 0.0125645 0.0163904 0.020582 0.0249379 0.0292269 0.0332098 0.0366588 0.0393704 0.0411753 0.0419491 0.041624 0.0402032 0.0377705 0.0344896 0.0305898 0.0263397
 1.03128e-16 3.23237e-05 0.000189715 0.000901822 0.00347207 0.0108273 0.0273489 0.0559595 0.092759 0.124572 0.135558 0.119569 0.0855844 0.0499337 0.0242078 0.0106201 0.0056412 0.00511621 0.00649801 0.00866471 0.0111511 0.01367 0.0159562 0.017765 0.018916 0.0193318 0.019051 0.0182087 0.0169935 0.0155957 0.014166 0.0127935 0.0115082 0.0102989 0.00913761 0.00800086
 1.02336e-16 1.80267e-05 0.000105748 0.000502562 0.0019347 0.00603301 0.0152394 0.031185 0.0517047 0.0694748 0.0756994 0.067003 0.0484661 0.0293002 0.0161159 0.010327 0.0101437 0.013372 0.0185951 0.0250131 0.0319871 0.0387964 0.044636 0.0487473 0.0505861 0.0499512 0.0470303 0.0423407 0.0365926 0.0305194 0.0247313 0.0196303 0.0153959 0.0120266 0.00940915 0.00738622
 1.03755e-16 2.19923e-05 0.000129048 0.000613374 0.00236142 0.00736378 0.0186005 0.0380606 0.0630955 0.0847528 0.0922737 0.0815009 0.058579 0.0346686 0.0177286 0.00935697 0.0072501 0.00866022 0.0118857 0.0161189 0.0209063 0.0258262 0.0304122 0.0342014 0.0368228 0.0380698 0.0379332 0.0365793 0.0342891 0.0313805 0.0281417 0.0247936 0.0214835 0.0183012 0.0153036 0.0125338
 1.05495e-16 1.31349e-05 7.70312e-05 0.000366046 0.00140909 0.00439391 0.0110991 0.0227136 0.0376627 0.0506177 0.0551816 0.0489108 0.0355287 0.0217783 0.0125223 0.00884984 0.00952165 0.012996 0.018272 0.0247565 0.031921 0.0391252 0.0456291 0.0507145 0.0538371 0.0547447 0.053522 0.0505427 0.0463543 0.0415352 0.036574 0.031803 0.0273921 0.0233866 0.0197641 0.0164845
pSPR Fmed_Fpbrs
0.370333   0.255515 0.255515
Fs Fmed_Fpbrs
0.64   1.005 1.005
SSBpbr Bo_Bmed_Bpbrs
4.92468e+06  1.57754e+06  1.01209e+06 1.01209e+06
Ro
28762.9
SPR SPRFo_SPRFmed_SPRFpbrs
591392 219012 151109
log_Ro
10.0868
likeval ReclasPelacesDesembMPH_pf_preclas_ppelaces_ptallas_desvR_qrecl_qpela
 470.344 48.3391 13895 2296.24 568.694 423.969 91.0696 0 136.745 0 0 0 0 0 0
q_reclas_q_pelaces
1 1
M
0.7
N
 210711 17100.1 8491.67 4216.84 4159.63
 4325.59 98996.4 7601.02 3774.56 3723.35
 654.235 2032.26 44004 3378.66 3332.83
 459.842 307.374 903.339 19559.8 2983.26
 1263.68 216.044 136.628 401.535 10020.4
 409504 593.707 96.0316 60.7312 4632.57
 9191.03 192394 263.903 42.6861 2086.18
 410185 4318.15 85519.3 117.305 946.281
 76138.7 192714 1919.42 38013.4 472.765
 336931 35771.6 85661.5 853.185 17107.1
 464142 158298 15900.5 38076.6 7983.38
 65509.5 218064 70363.4 7067.79 20473.7
 106913 30777.8 96929.6 31276.6 12242.2
 8138.86 50229.9 13680.8 43085.3 19344.2
 3086.78 3823.82 22327.2 6081.11 27750
 6391.61 1450.24 1699.69 9924.47 15037.9
 28164.3 3002.92 644.632 755.513 11095.8
 18341.2 13232.2 1334.8 286.54 5267.93
 46246.3 8617.12 5881.72 593.32 2468.97
 7330.2 21727.5 3830.32 2614.43 1361.19
 27622.5 3443.89 9657.91 1702.58 1767.17
 111088 12977.7 1530.81 4292.95 1542.3
 82176.6 52191.5 5768.59 680.447 2593.78
 127656 38608.3 23199.2 2564.14 1455.4
 73223 59975.8 17161.4 10312.1 1786.69
pred_Ctot
 8193.18 1298.13 644.634 320.116 315.773
 168.194 7515.18 577.022 286.54 282.653
 25.439 154.276 3340.51 256.487 253.007
 17.8803 23.3339 68.5758 1484.86 226.47
 49.1366 16.4007 10.3719 30.482 760.687
 15923 45.0705 7.29011 4.61033 351.675
 357.38 14605.3 20.0339 3.24046 158.369
 15949.5 327.807 6492.09 8.90507 71.8357
 2960.54 14629.6 145.71 2885.74 35.8893
 13101.1 2715.55 6502.88 64.7684 1298.67
 18047.5 12017 1207.07 2890.54 606.048
 2547.24 16554 5341.55 536.542 1554.24
 4157.14 2336.46 7358.29 2374.32 929.353
 316.468 3813.14 1038.56 3270.77 1468.49
 120.025 290.28 1694.94 461.639 2106.6
 248.528 110.093 129.03 753.403 1141.59
 1095.13 227.962 48.9364 57.3538 842.324
 713.173 1004.5 101.33 21.7523 399.908
 1798.22 654.157 446.503 45.0411 187.428
 285.024 1649.42 290.773 198.471 103.333
 1074.06 261.438 733.167 129.249 134.152
 4319.49 985.183 116.21 325.894 117.082
 3195.32 3962.05 437.915 51.6553 196.903
 4963.74 2930.9 1761.13 194.654 110.484
 2847.17 4552.98 1302.79 782.826 135.634
F
 0.0554016 0.110803 0.110803 0.110803 0.110803
 0.0554016 0.110803 0.110803 0.110803 0.110803
 0.0554016 0.110803 0.110803 0.110803 0.110803
 0.0554016 0.110803 0.110803 0.110803 0.110803
 0.0554016 0.110803 0.110803 0.110803 0.110803
 0.0554016 0.110803 0.110803 0.110803 0.110803
 0.0554016 0.110803 0.110803 0.110803 0.110803
 0.0554016 0.110803 0.110803 0.110803 0.110803
 0.0554016 0.110803 0.110803 0.110803 0.110803
 0.0554016 0.110803 0.110803 0.110803 0.110803
 0.0554016 0.110803 0.110803 0.110803 0.110803
 0.0554016 0.110803 0.110803 0.110803 0.110803
 0.0554016 0.110803 0.110803 0.110803 0.110803
 0.0554016 0.110803 0.110803 0.110803 0.110803
 0.0554016 0.110803 0.110803 0.110803 0.110803
 0.0554016 0.110803 0.110803 0.110803 0.110803
 0.0554016 0.110803 0.110803 0.110803 0.110803
 0.0554016 0.110803 0.110803 0.110803 0.110803
 0.0554016 0.110803 0.110803 0.110803 0.110803
 0.0554016 0.110803 0.110803 0.110803 0.110803
 0.0554016 0.110803 0.110803 0.110803 0.110803
 0.0554016 0.110803 0.110803 0.110803 0.110803
 0.0554016 0.110803 0.110803 0.110803 0.110803
 0.0554016 0.110803 0.110803 0.110803 0.110803
 0.0554016 0.110803 0.110803 0.110803 0.110803
Np
 28185.8 8468.21 6253.29 4845.93 1638.66
YTP_r0W_actual
 239740 636377 273139 204410 36881.5
YTP_p0W_proyectada
 67564.6 358385 403733 147532 142106
 67564.6 88218.8 94700.9 93721 35169.3
CTP_r0_actual
 21405.3 28926.2 8276.94 4973.49 861.717
CTP_p0_proyectada
 8239.58 16591.9 12857.7 3679.11 3193.39
 8239.58 4084.2 3015.95 2337.18 790.322
Wmedp
 8.2 21.6 31.4 40.1 44.5
nmprior
 10.8 10.6 4.6 0
nm_flota  nm_reclas  nm_pelaces    nm_pelaL
inf 1.67833 4.06916 6.1995
cv_recla  cv_pelaces  cv_mph
1.9617 0.788354 1.99355
 ------------------------------------------------
Talla a la edad & desviaci?n 
 7.2 14.2025 17.0495 18.207 18.6776
 1.08 2.13037 2.55742 2.73105 2.80164
