years
 1997 1998 1999 2000 2001 2002 2003 2004 2005 2006 2007 2008 2009 2010 2011 2012 2013 2014 2015 2016 2017 2018 2019
reclasobs
 0 0 0 370054 412103 1.49427e+06 250295 1.28982e+06 931140 785840 897777 1.04006e+06 184774 17550 25797 100020 73551 82996 120727 218422 84188 347160 605670
reclaspred
 751443 181134 399784 209273 292255 269878 509748 360828 554788 908968 912416 616863 342302 131335 113145 122155 87650.9 71080.2 75934.6 110529 215109 293107 678888
pelacesobs
 0 0 0 0 0 0 0 0 0 2.06254e+06 1.5e+06 0 1.87456e+06 323000 250000 174000 83755 137374 0 501740 490994 745055 786931
pelacespred
 649331 114488 147230 118397 160796 78310.3 400129 220594 450634 598114 388499 301250 191129 68551.8 63491.2 50477.1 35296.4 33253.1 37925.9 49434.4 146346 136683 287659
mphobs
 0 0 0 0 0 0 112323 0 153150 637223 0 255016 313432 73983 77613 109348 50772 17779 17303 59886 28197 0 207744
mphpred
 415125 219995 216814 156216 149431 211801 228469 334517 309688 560155 722474 444495 275780 132126 75755.5 78481.5 52740.9 40325.7 43600.3 58258 97004.4 184313 283514
desembarqueobs
 350755 77701 442110 56441 14545 235359 269955 359681 431902 328805 639364 411747 362871 311530 167758 66681 60226 58785 57116 73181 50977 67692 138656
desembarquepred
 350757 77696.4 442058 56447.8 14545.8 235623 269967 359154 431428 328658 639614 411700 362717 311411 167639 66719.8 60327.3 58783.5 57027.9 73141.2 50968.5 67654.4 138638
Reclutas
 33727.3 39521.6 14839.1 16693.7 28443.1 15406.8 53859.3 44215 104959 128588 50628.4 52289.9 47376.7 31222.7 18695.3 8661.51 4841.8 6043.28 11006 9869.86 25852.8 33357.3 77442.7
log_desv_Rt
 0.234962 0.393503 -0.586078 -0.468316 0.0645608 -0.548539 0.70303 0.505718 1.37023 1.57327 0.641168 0.673459 0.574785 0.157801 -0.355071 -1.12446 -1.70606 -1.4844 -0.884905 -0.99386 -0.0309252 0.223932 1.06619
SSB
 415125 219995 216814 156216 149431 211801 217955 327106 297306 545829 722474 444495 288935 142508 84789.3 87006.5 64098.6 47404.8 46219.4 66710.3 100279 184313 292541
BT
 1.43734e+06 340822 497419 273586 300695 330479 918556 773595 1.20053e+06 1.37675e+06 1.2538e+06 909713 685650 398718 246765 144871 115662 107374 114076 142625 304221 306038 608629
Ftot
 1.14284 1.0982 2.1889 0.625991 0.126408 1.68403 1.64409 2.55653 2.74345 1.05829 1.47553 1.45394 2.43261 4.95303 3.79942 1.21255 1.46227 1.91372 2.02473 1.60959 0.711934 0.561731 0.50387
BD_Bspro_t
 0.899888 0.611249 0.495998 0.266243 0.367411 0.499189 0.373748 0.427759 0.372516 0.468732 0.496463 0.313527 0.232641 0.146152 0.104892 0.126674 0.131041 0.138111 0.170977 0.27728 0.391969 0.601459 0.668381
BD_Bspro
 0.755302 0.400271 0.394483 0.284228 0.271884 0.385362 0.396558 0.595155 0.540934 0.993111 1.31451 0.808739 0.525703 0.259286 0.15427 0.158304 0.116625 0.0862508 0.0840941 0.121376 0.182452 0.335349 0.532265
BD_Bo
 0.861779 0.456699 0.450094 0.324296 0.310212 0.439688 0.452462 0.679056 0.617191 1.13311 1.49982 0.922749 0.599813 0.295838 0.176018 0.180621 0.133065 0.0984099 0.095949 0.138487 0.208173 0.382624 0.6073
BD_Brms
 2.2723 1.2042 1.18679 0.855089 0.817953 1.15935 1.19303 1.7905 1.62738 2.98774 3.95466 2.43306 1.58156 0.780054 0.464117 0.476254 0.350861 0.259483 0.252994 0.365157 0.548902 1.00889 1.6013
S_f
 0.0855901 0.640084 0.971256 0.998445 0.999918
 0.0855901 0.640084 0.971256 0.998445 0.999918
 0.0855901 0.640084 0.971256 0.998445 0.999918
 0.0855901 0.640084 0.971256 0.998445 0.999918
 0.0855901 0.640084 0.971256 0.998445 0.999918
 0.0855901 0.640084 0.971256 0.998445 0.999918
 0.0855901 0.640084 0.971256 0.998445 0.999918
 0.0855901 0.640084 0.971256 0.998445 0.999918
 0.0855901 0.640084 0.971256 0.998445 0.999918
 0.0855901 0.640084 0.971256 0.998445 0.999918
 0.0855901 0.640084 0.971256 0.998445 0.999918
 0.0855901 0.640084 0.971256 0.998445 0.999918
 0.0855901 0.640084 0.971256 0.998445 0.999918
 0.0855901 0.640084 0.971256 0.998445 0.999918
 0.0855901 0.640084 0.971256 0.998445 0.999918
 0.0855901 0.640084 0.971256 0.998445 0.999918
 0.0855901 0.640084 0.971256 0.998445 0.999918
 0.0855901 0.640084 0.971256 0.998445 0.999918
 0.0855901 0.640084 0.971256 0.998445 0.999918
 0.0855901 0.640084 0.971256 0.998445 0.999918
 0.0855901 0.640084 0.971256 0.998445 0.999918
 0.0855901 0.640084 0.971256 0.998445 0.999918
 0.0855901 0.640084 0.971256 0.998445 0.999918
Scru_reclas
 0.291069 0.673871 0.912271 0.98125 0.996217
 0.291069 0.673871 0.912271 0.98125 0.996217
 0.291069 0.673871 0.912271 0.98125 0.996217
 0.291069 0.673871 0.912271 0.98125 0.996217
 0.291069 0.673871 0.912271 0.98125 0.996217
 0.291069 0.673871 0.912271 0.98125 0.996217
 0.291069 0.673871 0.912271 0.98125 0.996217
 0.291069 0.673871 0.912271 0.98125 0.996217
 0.291069 0.673871 0.912271 0.98125 0.996217
 0.291069 0.673871 0.912271 0.98125 0.996217
 0.291069 0.673871 0.912271 0.98125 0.996217
 0.291069 0.673871 0.912271 0.98125 0.996217
 0.291069 0.673871 0.912271 0.98125 0.996217
 0.291069 0.673871 0.912271 0.98125 0.996217
 0.291069 0.673871 0.912271 0.98125 0.996217
 0.291069 0.673871 0.912271 0.98125 0.996217
 0.291069 0.673871 0.912271 0.98125 0.996217
 0.291069 0.673871 0.912271 0.98125 0.996217
 0.291069 0.673871 0.912271 0.98125 0.996217
 0.291069 0.673871 0.912271 0.98125 0.996217
 0.291069 0.673871 0.912271 0.98125 0.996217
 0.291069 0.673871 0.912271 0.98125 0.996217
 0.291069 0.673871 0.912271 0.98125 0.996217
Scru_pelaces
 1 1 1 1 1
 1 1 1 1 1
 1 1 1 1 1
 1 1 1 1 1
 1 1 1 1 1
 1 1 1 1 1
 1 1 1 1 1
 1 1 1 1 1
 1 1 1 1 1
 1 1 1 1 1
 1 1 1 1 1
 1 1 1 1 1
 1 1 1 1 1
 1 1 1 1 1
 1 1 1 1 1
 1 1 1 1 1
 1 1 1 1 1
 1 1 1 1 1
 1 1 1 1 1
 1 1 1 1 1
 1 1 1 1 1
 1 1 1 1 1
 1 1 1 1 1
pf_obs 
 0.256992 0.487395 0.22802 0.0275931 0
 0.321318 0.546541 0.124235 0.00734118 0.000564706
 0.182869 0.594174 0.210203 0.0122559 0.00049798
 0.330522 0.361315 0.267642 0.0388342 0.00168674
 0.649043 0.306663 0.0425973 0.00169635 0
 0.582887 0.30429 0.105238 0.00758474 0
 0.465427 0.430635 0.0974691 0.00646863 0
 0.296916 0.608066 0.0921331 0.00288517 0
 0.311714 0.524322 0.152257 0.0117073 0
 0.15457 0.633149 0.183074 0.0267441 0.00246327
 0.131901 0.49318 0.331252 0.0422183 0.00144891
 0.196976 0.569456 0.194076 0.0375587 0.00193317
 0.518974 0.381816 0.0799577 0.0180837 0.00116848
 0.0928022 0.601141 0.25162 0.0475244 0.00691264
 0.122501 0.610282 0.24278 0.0234846 0.000952079
 0.383417 0.481906 0.127806 0.00687128 0
 0.0376549 0.599619 0.316969 0.0457579 0
 0.0361596 0.667082 0.258105 0.0386534 0
 0.158088 0.579412 0.248529 0.0139706 0
 0.0477256 0.309471 0.559284 0.082774 0.000745712
 0.0406174 0.521527 0.379366 0.0568643 0.0016247
 0.151134 0.462217 0.34131 0.0453401 0
 0.294876 0.26143 0.354403 0.0886775 0.000613685
pf_pred 
 0.278158 0.490796 0.206227 0.0248077 1.11857e-05
 0.260511 0.583135 0.125342 0.0278176 0.00319492
 0.120348 0.682766 0.172575 0.0196663 0.004645
 0.213656 0.5048 0.25206 0.0260592 0.00342452
 0.248018 0.496879 0.191513 0.0571466 0.00644315
 0.129595 0.60833 0.196701 0.049431 0.0159433
 0.503507 0.323 0.145033 0.0216698 0.00679055
 0.286358 0.66518 0.0388539 0.00810707 0.00150096
 0.546375 0.393484 0.0586024 0.00125237 0.000286271
 0.335621 0.631867 0.0308607 0.00161146 3.89492e-05
 0.1154 0.71682 0.163278 0.00428309 0.000218916
 0.20168 0.462803 0.301231 0.0334128 0.00087307
 0.25973 0.567508 0.127855 0.0405333 0.00437314
 0.310602 0.598708 0.081517 0.00691986 0.00225325
 0.325643 0.64528 0.0283164 0.00069356 6.78374e-05
 0.172741 0.760718 0.0657774 0.00074558 1.79855e-05
 0.131271 0.568284 0.28742 0.0128829 0.000142495
 0.270325 0.470244 0.206387 0.050859 0.00218477
 0.429139 0.482224 0.0716517 0.0136837 0.00330112
 0.270579 0.661623 0.0629542 0.00396429 0.000879529
 0.428254 0.447958 0.118075 0.00532494 0.000387139
 0.262946 0.623649 0.0976688 0.0150366 0.000699963
 0.342828 0.463826 0.174316 0.0164689 0.0025604
pobs_RECLAS
 0 0 0 0 0
 0 0 0 0 0
 0 0 0 0 0
 0 0 0 0 0
 0.835266 0.146461 0.0176864 0.000547809 3.91292e-05
 0.385257 0.428462 0.181853 0.0044286 0
 0.867414 0.0963971 0.0333333 0.00285562 0
 0.441836 0.489002 0.0689373 0.000224442 0
 0.779404 0.147425 0.0564933 0.0165055 0.000172143
 0.814271 0.122319 0.05973 0.00367925 0
 0.40263 0.566651 0.0304383 0.000280538 0
 0.475488 0.404961 0.113038 0.00651328 0
 0.955842 0.0263864 0.0167828 0.000988607 0
 0.975058 0.0227948 0.00214734 0 0
 0.738997 0.206755 0.0527124 0.00153531 0
 0.850938 0.134255 0.0134407 0.00136685 0
 0.542534 0.407297 0.0501686 0 0
 0.764087 0.199537 0.0359546 0.000420521 0
 0.470689 0.182191 0.310203 0.0369168 0
 0.84361 0.089868 0.0606195 0.00523954 0.000663233
 0.607945 0.314616 0.071237 0.00620181 0
 0.523733 0.453247 0.0230204 0 0
 0.530135 0.295979 0.169645 0.0042399 0
ppred_RECLAS
 0.580448 0.299315 0.106844 0.0133877 6.11805e-06
 0.5533 0.363052 0.0664844 0.0153737 0.00178959
 0.349397 0.53081 0.104538 0.0123093 0.00294532
 0.485117 0.345573 0.150852 0.0162887 0.00216978
 0.525499 0.324512 0.111283 0.0347363 0.00397027
 0.359222 0.472864 0.124749 0.032532 0.0106323
 0.7934 0.143206 0.0526381 0.00816397 0.00259236
 0.612821 0.366997 0.0160801 0.00345472 0.000647844
 0.83173 0.151267 0.0165549 0.000363594 8.41728e-05
 0.633831 0.350723 0.0146305 0.000796176 1.95041e-05
 0.320917 0.568555 0.107447 0.00292941 0.000151732
 0.487284 0.319463 0.172801 0.0199243 0.000527592
 0.586863 0.334979 0.0573618 0.0187472 0.0020488
 0.72009 0.258376 0.0193468 0.00164492 0.000541697
 0.689176 0.302033 0.00855619 0.000212876 2.10739e-05
 0.420947 0.539155 0.0394213 0.000465241 1.13743e-05
 0.359758 0.444663 0.186779 0.00870208 9.75411e-05
 0.591498 0.282802 0.0992613 0.0253356 0.00110271
 0.74047 0.226359 0.0266234 0.00526131 0.00128595
 0.572026 0.394676 0.0308288 0.00201569 0.000453169
 0.719625 0.225908 0.0518466 0.00244113 0.000179897
 0.545688 0.391504 0.0537539 0.00864558 0.00040796
 0.64042 0.262845 0.0868135 0.00857036 0.00135066
pobs_PELACES
 0 0 0 0 0
 0 0 0 0 0
 0 0 0 0 0
 0 0 0 0 0
 0 0 0 0 0
 0 0 0 0 0
 0 0 0 0 0
 0 0 0 0 0
 0 0 0 0 0
 0 0 0 0 0
 0.450072 0.473896 0.0757376 0.000293798 0
 0 0 0 0 0
 0.463077 0.371075 0.160297 0.00555027 0
 0.529543 0.364841 0.0842815 0.0213345 0
 0.631943 0.363953 0.00410389 0 0
 0.735681 0.248677 0.0153453 0.000297389 0
 0.695825 0.281241 0.0229344 0 0
 0.275771 0.60734 0.115278 0.00161068 0
 0 0 0 0 0
 0.896147 0.0623911 0.0374545 0.00400742 0
 0.803859 0.145111 0.0509908 3.86294e-05 0
 0.739449 0.233085 0.0266225 0.000797448 4.60066e-05
 0.878498 0.100942 0.0204185 0.000141795 0
ppred_PELACES
 0.814593 0.147199 0.0342559 0.0039499 1.77695e-06
 0.789744 0.18308 0.0219645 0.00467569 0.000535814
 0.668155 0.293743 0.0336405 0.0036111 0.000850161
 0.73188 0.200819 0.0604725 0.00603669 0.00079181
 0.742528 0.193529 0.0483499 0.0140153 0.00157775
 0.663611 0.277255 0.0449476 0.010734 0.00345261
 0.931757 0.0537696 0.0121982 0.00173315 0.000541638
 0.856965 0.138851 0.0033985 0.000663429 0.000122388
 0.951955 0.0452669 0.00271146 5.40191e-05 1.23012e-05
 0.831524 0.163751 0.0044947 0.000225254 5.43241e-06
 0.604084 0.352888 0.0419256 0.00104872 5.34652e-05
 0.769802 0.167069 0.0569463 0.00602533 0.000157042
 0.848656 0.134065 0.0129992 0.00386452 0.0004155
 0.939115 0.0588023 0.00189287 0.00014312 4.63117e-05
 0.912585 0.0861952 0.00119078 2.66205e-05 2.59094e-06
 0.682901 0.302624 0.014316 0.000155378 3.73943e-06
 0.657354 0.268556 0.0710201 0.00303615 3.34968e-05
 0.844915 0.122936 0.0258583 0.00603168 0.00025834
 0.909977 0.0829542 0.0057764 0.00104218 0.000250651
 0.810689 0.179965 0.00870885 0.000521795 0.000115458
 0.878292 0.104546 0.0163968 0.00071318 5.17499e-05
 0.763099 0.213379 0.0203525 0.00302801 0.000140698
 0.831302 0.134392 0.0310311 0.00283524 0.000440003
pobs_pel_tallas
 0 0 0 0 0 0 0 0 0 0 0 0 0 0 0 0 0 0 0 0 0 0 0 0 0 0 0 0 0 0 0 0 0 0 0 0
 0 0 0 0 0 0 0 0 0 0 0 0 0 0 0 0 0 0 0 0 0 0 0 0 0 0 0 0 0 0 0 0 0 0 0 0
 0 0 0 0 0 0 0 0 0 0 0 0 0 0 0 0 0 0 0 0 0 0 0 0 0 0 0 0 0 0 0 0 0 0 0 0
 0 0 0 0 0 0 0 0 0 0 0 0 0 0 0 0 0 0 0 0 0 0 0 0 0 0 0 0 0 0 0 0 0 0 0 0
 0 0 0 0 0 0 0 0 0 0 0 0 0 0 0 0 0 0 0 0 0 0 0 0 0 0 0 0 0 0 0 0 0 0 0 0
 0 0 0 0 0 0 0 0 0 0 0 0 0 0 0 0 0 0 0 0 0 0 0 0 0 0 0 0 0 0 0 0 0 0 0 0
 0 0 0 0 0 0 0 0 0 0 0 0 0 0 0 0 0 0 0 0 0 0 0 0 0 0 0 0 0 0 0 0 0 0 0 0
 0 0 0 0 0 0 0 0 0 0 0 0 0 0 0 0 0 0 0 0 0 0 0 0 0 0 0 0 0 0 0 0 0 0 0 0
 0 0 0 0 0 0 0 0 0 0 0 0 0 0 0 0 0 0 0 0 0 0 0 0 0 0 0 0 0 0 0 0 0 0 0 0
 0 0 0 0 0 0 0 0 0 0 0 0 0 0 0 0 0 0 0 0 0 0 0 0 0 0 0 0 0 0 0 0 0 0 0 0
 0 0 0 0 0 0 0 0 1.78061e-05 0.00172719 0.00360574 0.0105946 0.0120993 0.0124554 0.0147524 0.0171206 0.0266825 0.0428682 0.0675386 0.121331 0.153587 0.119568 0.100827 0.0573624 0.0630603 0.0341343 0.0324427 0.0444173 0.0211091 0.0280891 0.0125444 0.00206551 0 0 0 0
 0 0 0 0 0 0 0 0 0 0 0 0 0 0 0 0 0 0 0 0 0 0 0 0 0 0 0 0 0 0 0 0 0 0 0 0
 0 0 0 0 0 0 0.0133647 0.0140871 0.0187388 0.0205184 0.03894 0.0496705 0.03968 0.0493445 0.0407372 0.0367815 0.0215668 0.0243155 0.0234873 0.0199281 0.019796 0.0243948 0.0301388 0.0376714 0.0412746 0.0863199 0.0771752 0.113111 0.0741005 0.0525337 0.0229764 0.00759418 0.00175318 0 0 0
 0 0 0 0 0 0 0 0 0 0 0.00219441 0.00772107 0.0458388 0.0604681 0.0671733 0.0775358 0.0609151 0.0617685 0.073594 0.0568108 0.0755445 0.0548602 0.0670107 0.0636378 0.0643287 0.046367 0.0373049 0.0286899 0.0247887 0.0153202 0.00654259 0.00121912 0.000365735 0 0 0
 0 0 0 0 0 0 0 0 0 0 0 0 0.000112435 0.00938835 0.0111873 0.0202946 0.0414886 0.0713402 0.111592 0.104902 0.108894 0.110636 0.117776 0.105296 0.107544 0.0401394 0.0192827 0.0124803 0.00416011 0.0028671 0.000618394 0 0 0 0 0
 0 0 0 0 0 0 0 0 0 0 0.00291406 0.0102884 0.027416 0.0768956 0.0749926 0.110853 0.0956884 0.0897413 0.0766577 0.0534642 0.0500743 0.0551293 0.0594112 0.0620874 0.0668451 0.0424026 0.0208742 0.0120726 0.0048766 0.00582813 0.00118941 0.000297354 0 0 0 0
 0 0.00264628 0.0354308 0.0461629 0.0458689 0.0383711 0.0214643 0.0164657 0.0346957 0.0420465 0.0363128 0.0245516 0.0311673 0.0291091 0.0169068 0.0133784 0.00837989 0.0085269 0.0148486 0.0160247 0.0276389 0.0546898 0.0760071 0.122758 0.109233 0.0665981 0.0333725 0.0166128 0.00676272 0.00308733 0.000882094 0 0 0 0 0
 0 0 0 0 0 0 0 0.000805153 0.000690131 0.00759144 0.0133425 0.0154129 0.00931677 0.000345066 0.00356568 0.00563607 0.00851162 0.0253048 0.0502646 0.0516448 0.0657925 0.0565908 0.0611916 0.0827007 0.0866115 0.110766 0.145733 0.0935128 0.0569358 0.0249597 0.0138026 0.00621118 0.00161031 0.00115022 0 0
 0 0 0 0 0 0 0 0 0 0 0 0 0 0 0 0 0 0 0 0 0 0 0 0 0 0 0 0 0 0 0 0 0 0 0 0
 0.00147267 0.00158595 0.00478618 0.00569244 0.00954404 0.0108468 0.00647125 0.017049 0.0510054 0.094081 0.124002 0.0959785 0.0687766 0.0820023 0.061753 0.0591476 0.0492212 0.0479892 0.0443925 0.0268479 0.0217502 0.0140895 0.0121071 0.0120363 0.00920419 0.00665534 0.0049561 0.00860946 0.00930331 0.0156896 0.0114698 0.00855282 0.00243557 0.00046729 0 2.83206e-05
 0 0 0 0 0.000772559 0.00158375 0.000888443 0.00281984 0.00712685 0.0440552 0.0773331 0.111326 0.0921469 0.0852325 0.0710754 0.0886704 0.0786465 0.0553345 0.0373146 0.0185414 0.00753245 0.00457741 0.012979 0.0271748 0.0457355 0.0583668 0.034881 0.0177882 0.00938659 0.00492506 0.0015258 0.00185414 0.000309023 5.79419e-05 3.86279e-05 0
 0 0.00173294 0.00326652 0 0.00397197 0.00683976 0.00946217 0.0152591 0.00757587 0.0136028 0.0228656 0.0392903 0.0559909 0.0764795 0.0681675 0.0726916 0.0566044 0.0477403 0.0527397 0.0444891 0.0609904 0.0582453 0.0661739 0.0445044 0.0529084 0.0360697 0.0280645 0.0235558 0.0158879 0.00826598 0.00280645 0.00217768 0.000904811 0.00058276 9.20147e-05 0
 0 0 0 0 0 0 0 0 0 0 0 0 0 0 0 0 0 0 0 0 0 0 0 0 0 0 0 0 0 0 0 0 0 0 0 0
ppred_pel_tallas
 1.00671e-16 3.55388e-05 0.000208591 0.000991565 0.0038176 0.0119049 0.0300707 0.0615283 0.101989 0.136964 0.149034 0.131434 0.0940306 0.0547676 0.0263748 0.011268 0.00554749 0.0046287 0.0057026 0.00753981 0.00964798 0.0117443 0.0135783 0.014921 0.0156049 0.0155599 0.0148277 0.0135465 0.0119125 0.0101326 0.00838343 0.00678669 0.00540491 0.00425183 0.00331035 0.00254986
 1.00558e-16 3.44566e-05 0.000202235 0.000961339 0.00370122 0.0115419 0.0291539 0.0596528 0.0988811 0.132794 0.144506 0.127462 0.0912372 0.0532371 0.025818 0.0113383 0.00603273 0.00546576 0.00691112 0.00915632 0.0116835 0.0141611 0.0162812 0.0177632 0.0184064 0.0181363 0.0170214 0.0152514 0.0130882 0.0108033 0.00862404 0.00670258 0.00510953 0.00384856 0.00288103 0.00215037
 1.00738e-16 2.91593e-05 0.000171125 0.000813415 0.00313163 0.00976565 0.0246674 0.0504739 0.0836702 0.112379 0.122323 0.107975 0.0774612 0.0455472 0.0227396 0.0110955 0.00748957 0.00821053 0.0109531 0.0146327 0.0186829 0.0226335 0.0260011 0.0283368 0.0293196 0.0288318 0.0269857 0.0240898 0.020568 0.0168603 0.0133354 0.0102399 0.00768824 0.00568581 0.00416854 0.0030424
 1.01169e-16 3.19343e-05 0.000187425 0.000890926 0.0034301 0.0106964 0.0270184 0.0552835 0.0916395 0.123072 0.133935 0.118159 0.0846223 0.0494677 0.0241601 0.0109027 0.00622514 0.00603335 0.00780966 0.0104265 0.013384 0.0163385 0.018956 0.0209237 0.0220076 0.0221038 0.021258 0.0196455 0.0175213 0.0151572 0.0127873 0.0105763 0.00861328 0.00692531 0.00550062 0.00431022
 1.01305e-16 3.23983e-05 0.00019015 0.000903881 0.00347998 0.010852 0.0274113 0.0560874 0.0929717 0.12486 0.135878 0.119867 0.0858318 0.0501468 0.0244393 0.0109395 0.00612115 0.00582624 0.00749908 0.0099988 0.0128268 0.0156484 0.0181425 0.0200101 0.0210294 0.0211047 0.0202846 0.018742 0.0167247 0.0144943 0.0122733 0.0102147 0.0083969 0.00683835 0.0055208 0.0044115
 1.01259e-16 2.89605e-05 0.000169959 0.000807877 0.00311031 0.00969918 0.0244995 0.0501302 0.0831001 0.111612 0.121486 0.107229 0.0769106 0.045193 0.0225069 0.0108909 0.00723721 0.0078591 0.0104713 0.0140077 0.0179242 0.0217777 0.0251136 0.0275074 0.0286513 0.0284244 0.026919 0.0244092 0.021277 0.0179206 0.0146749 0.0117652 0.00929916 0.00728828 0.00568421 0.00441402
 1.00276e-16 4.06438e-05 0.000238571 0.00113411 0.00436648 0.0136165 0.0343941 0.0703736 0.116647 0.156639 0.170414 0.150223 0.107328 0.0622195 0.0294147 0.011624 0.00433482 0.00226592 0.00219964 0.00277424 0.00352867 0.00429339 0.00496483 0.00545781 0.00571105 0.00569904 0.00543708 0.00497546 0.00438562 0.00374274 0.00311077 0.00253359 0.00203347 0.00161498 0.00127159 0.000992087
 1.00123e-16 3.7386e-05 0.000219437 0.00104313 0.00401614 0.012524 0.0316346 0.064728 0.107292 0.144084 0.156776 0.138251 0.0988825 0.0575427 0.0276152 0.0116307 0.00547514 0.00431441 0.00518577 0.00679446 0.00862961 0.01041 0.0118962 0.0128762 0.013203 0.0128285 0.0118164 0.0103242 0.00856414 0.00675369 0.00507329 0.00364083 0.00250688 0.00166626 0.00107802 0.000685988
 1.00056e-16 4.15242e-05 0.000243741 0.00115869 0.00446111 0.0139117 0.0351395 0.0718987 0.119175 0.160032 0.174103 0.153469 0.109633 0.0635284 0.0299814 0.0117562 0.00423677 0.00202257 0.00182382 0.00225081 0.00283896 0.00342646 0.00392227 0.00425518 0.0043764 0.00426933 0.00395348 0.00347891 0.00291354 0.00232734 0.00177862 0.00130591 0.000926292 0.000639144 0.000432435 0.0002892
 1.00126e-16 3.62776e-05 0.000212928 0.00101218 0.00389696 0.0121523 0.0306958 0.0628075 0.104109 0.139813 0.152136 0.134175 0.0960029 0.0559392 0.0269808 0.0115961 0.00580541 0.0049263 0.00608376 0.00800862 0.0101778 0.0122784 0.0140312 0.0151867 0.0155712 0.015128 0.013932 0.0121689 0.010089 0.00794902 0.00596216 0.00426788 0.00292632 0.00193178 0.00123631 0.000773801
 1.00749e-16 2.63679e-05 0.000154732 0.000735467 0.00283149 0.00882966 0.0223033 0.0456371 0.0756549 0.101622 0.110635 0.0977078 0.0702037 0.0414983 0.0211233 0.0109774 0.00827294 0.00968056 0.0131168 0.0175642 0.0224298 0.0271687 0.0312032 0.033994 0.0351549 0.034544 0.0322968 0.0287845 0.0245184 0.0200292 0.0157626 0.0120177 0.00893457 0.00652147 0.00470216 0.00336331
 1.01078e-16 3.35865e-05 0.000197128 0.000937063 0.00360775 0.0112504 0.0284177 0.0581463 0.0963837 0.12944 0.140854 0.124237 0.0889204 0.0518688 0.0251248 0.0109861 0.00578288 0.00519531 0.00657433 0.00875202 0.0112427 0.0137447 0.0159776 0.0176795 0.0186532 0.018808 0.0181764 0.016898 0.0151788 0.0132399 0.0112731 0.00941477 0.00774108 0.00627897 0.0050244 0.00395959
 1.00381e-16 3.70235e-05 0.000217309 0.00103301 0.0039772 0.0124026 0.0313278 0.0641003 0.106251 0.142687 0.155255 0.136908 0.0979198 0.0569777 0.0273354 0.0114988 0.00539412 0.00423521 0.00509089 0.00668352 0.00851337 0.010309 0.0118397 0.0128998 0.0133434 0.0131178 0.0122752 0.0109573 0.00935799 0.00767787 0.00608442 0.00468874 0.00354135 0.00264289 0.00196254 0.00145637
 1.00054e-16 4.09649e-05 0.000240456 0.00114307 0.00440097 0.0137241 0.0346658 0.0709295 0.117569 0.157876 0.171762 0.151412 0.108181 0.0627221 0.0296664 0.0117473 0.00441676 0.00235094 0.00230401 0.00289849 0.00366253 0.00441678 0.00504871 0.0054669 0.00560868 0.00545347 0.00502789 0.00439836 0.00365442 0.00288803 0.00217551 0.00156686 0.00108372 0.000724191 0.000471302 0.000301596
 1.00047e-16 3.98091e-05 0.000233668 0.00111079 0.00427669 0.0133365 0.0336869 0.0689268 0.11425 0.153422 0.166923 0.147163 0.105181 0.0610543 0.0290126 0.0117239 0.00478101 0.00301818 0.00328075 0.0042169 0.00534037 0.00643652 0.00734922 0.00794599 0.00813569 0.00788919 0.00724684 0.00630754 0.00520409 0.00407257 0.00302568 0.00213695 0.00143768 0.000924151 0.000570108 0.000339656
 1.00308e-16 2.98026e-05 0.000174901 0.000831365 0.00320074 0.00998117 0.0252118 0.0515878 0.0855167 0.114859 0.125023 0.110358 0.0791699 0.0465506 0.0232375 0.0113317 0.00763671 0.00835573 0.0111274 0.0148363 0.0188959 0.0228181 0.0261035 0.0282924 0.0290617 0.0283032 0.0261504 0.0229415 0.0191339 0.0151985 0.0115267 0.00837632 0.00586066 0.00397306 0.00262988 0.00171419
 1.01202e-16 2.86874e-05 0.000168357 0.000800259 0.00308098 0.00960772 0.0242685 0.0496574 0.0823163 0.110559 0.120339 0.106215 0.0761788 0.0447548 0.0222741 0.0107555 0.00712099 0.0077206 0.010295 0.0137953 0.017692 0.0215563 0.0249464 0.0274455 0.0287447 0.0287119 0.0274182 0.02511 0.0221413 0.018887 0.015669 0.0127119 0.0101345 0.00796765 0.00618661 0.0047412
 1.00627e-16 3.68599e-05 0.00021635 0.00102846 0.00395965 0.0123478 0.0311896 0.0638175 0.105782 0.142056 0.154567 0.136296 0.0974714 0.0566952 0.0271599 0.0113573 0.0052291 0.00401003 0.00478521 0.00629093 0.00804299 0.00978825 0.0113147 0.0124316 0.0129998 0.0129621 0.0123545 0.011293 0.00994169 0.00847303 0.00703314 0.00572184 0.00458908 0.00364411 0.00287082 0.00224254
 1.00157e-16 3.96952e-05 0.000233 0.00110762 0.00426446 0.0132984 0.0335905 0.0687297 0.113923 0.152984 0.166445 0.14674 0.104876 0.0608714 0.0289151 0.0116666 0.00473051 0.00295634 0.00319962 0.00411509 0.00522203 0.00631156 0.0072332 0.00785877 0.00809882 0.00792229 0.00736388 0.00651398 0.00549553 0.00443529 0.00343887 0.002576 0.00187777 0.00134329 0.000951367 0.000672121
 1.00206e-16 3.53698e-05 0.000207597 0.000986829 0.00379936 0.011848 0.029927 0.0612345 0.101503 0.136314 0.148334 0.130833 0.0936377 0.0546128 0.026438 0.011529 0.00601515 0.00533774 0.00669452 0.00884014 0.0112464 0.0135809 0.015539 0.0168462 0.0173102 0.0168663 0.0155938 0.0136931 0.0114358 0.00910132 0.00692197 0.00505065 0.00355454 0.00242971 0.00162665 0.00107623
 1.00294e-16 3.83146e-05 0.000224892 0.00106907 0.00411603 0.0128355 0.0324213 0.0663376 0.109959 0.147662 0.160661 0.141656 0.101274 0.058845 0.0280733 0.0115375 0.0050072 0.00351993 0.00404269 0.00526861 0.00671283 0.00814146 0.0093701 0.0102365 0.0106244 0.0104894 0.00986819 0.00886704 0.00763365 0.00632214 0.00506267 0.00394338 0.00300688 0.0022581 0.00167787 0.00123635
 1.0047e-16 3.3296e-05 0.000195419 0.000928927 0.00357641 0.0111527 0.0281709 0.0576416 0.0955484 0.128322 0.139647 0.123197 0.0882288 0.0515714 0.0251775 0.0113417 0.0064407 0.00619835 0.00797931 0.0105951 0.01351 0.0163527 0.0187667 0.0204257 0.0210979 0.0207003 0.0193176 0.0171774 0.0145914 0.011882 0.00931854 0.00708055 0.0052499 0.00382804 0.00276511 0.00198928
 1.00603e-16 3.62668e-05 0.000212867 0.00101189 0.00389588 0.012149 0.0306873 0.0627898 0.104079 0.13977 0.152083 0.134114 0.0959278 0.055832 0.0268113 0.0113237 0.00538235 0.00430329 0.00521916 0.00688135 0.00880137 0.0107118 0.012382 0.013603 0.0142218 0.0141747 0.0135002 0.0123248 0.0108283 0.00919998 0.00760145 0.00614406 0.00488483 0.0038361 0.00298184 0.00229361
pSPR Fmed_Fpbrs
0.53102   0.429254 0.429254
Fs Fmed_Fpbrs
0.64   1.005 1.005
SSBpbr Bo_Bmed_Bpbrs
481708  231711  182689 182689
Ro
26664.8
SPR SPRFo_SPRFmed_SPRFpbrs
549615 291857 235925
log_Ro
10.0111
likeval ReclasPelacesDesembMPH_pf_preclas_ppelaces_ptallas_desvR_qrecl_qpela
 79.8623 154.812 0.0602496 109.752 315.423 174.117 48.9462 0 23.4219 2.41692e-05 0 0 0 0 0
q_reclas_q_pelaces
2.00702 1
M
0.7
N
 33727.3 10312.7 3285.72 388.76 0.175137
 39521.6 15187.8 2464.18 537.725 61.7038
 14839.1 17865.2 3734.25 421.146 99.4162
 16693.7 6109.96 2185.34 221.256 29.0435
 28443.1 7857.36 2032.43 590.83 66.522
 15406.8 13972.4 3598.58 892.666 287.72
 53859.3 6623.81 2361.2 348.164 109.026
 44215 23234.9 1148.34 237.482 43.9473
 104959 17641.4 2246.25 47.6091 10.878
 128588 41213.2 1513.17 77.6662 1.87548
 50628.4 58325.3 10395.4 268.833 13.7302
 52289.9 22158.5 11263.6 1231.52 32.1549
 47376.7 22928 4338.72 1362.64 146.943
 31222.7 19104.5 2399.57 202.887 66.0505
 18695.3 10147.4 398.346 9.70247 0.948725
 8661.51 6706.53 442.757 4.93874 0.119035
 4841.8 3877.18 1532.58 67.7165 0.748432
 6043.28 2121.52 755.125 183.913 7.89553
 11006 2547.6 309.495 58.4497 14.0924
 9869.86 4595.8 346.163 21.5077 4.76839
 25852.8 4270.46 814.542 36.0024 2.61468
 33357.3 12079.2 1344.5 202.584 9.41964
 77442.7 15787.2 4186.77 386.91 60.082
pred_Ctot
 2273.03 4010.66 1685.23 202.722 0.0914067
 2563.75 5738.77 1233.52 273.76 31.442
 1843.02 10455.9 2642.83 301.171 71.1338
 628.252 1484.36 741.177 76.6267 10.0697
 220.256 441.262 170.076 50.7499 5.72194
 1499.69 7039.68 2276.24 572.022 184.498
 5125.84 3288.22 1476.48 220.605 69.1297
 6328.44 14700.3 858.662 179.164 33.1708
 16012.1 11531.5 1717.41 36.7021 8.38951
 8050.25 15156 740.229 38.6528 0.93424
 4351.35 27028.9 6156.67 161.501 8.25461
 4431.93 10170.2 6619.6 734.251 19.1858
 6481.41 14161.9 3190.56 1011.48 109.129
 7949.32 15322.9 2086.29 177.102 57.668
 3802.87 7535.61 330.68 8.09943 0.792209
 617.739 2720.4 235.226 2.66626 0.0643179
 412.602 1786.19 903.402 40.4927 0.447883
 662.863 1153.09 506.083 124.711 5.35727
 1272.04 1429.39 212.387 40.5607 9.78505
 920.785 2251.51 214.234 13.4905 2.99305
 1102.97 1153.72 304.103 13.7144 0.997078
 1129.22 2678.26 419.439 64.5747 3.006
 2356.69 3188.46 1198.29 113.211 17.6009
F
 0.0978161 0.731516 1.10999 1.14107 1.14275
 0.0939954 0.702943 1.06664 1.0965 1.09811
 0.187348 1.40108 2.12599 2.1855 2.18872
 0.0535786 0.400687 0.607998 0.625017 0.62594
 0.0108193 0.0809119 0.122775 0.126212 0.126398
 0.144136 1.07792 1.63562 1.68141 1.68389
 0.140718 1.05236 1.59683 1.64153 1.64395
 0.218814 1.6364 2.48305 2.55256 2.55632
 0.234813 1.75604 2.6646 2.73919 2.74323
 0.0905793 0.677396 1.02787 1.05665 1.05821
 0.126291 0.944462 1.43312 1.47323 1.47541
 0.124443 0.930644 1.41215 1.45168 1.45382
 0.208207 1.55707 2.36268 2.42882 2.43241
 0.423931 3.17036 4.81066 4.94533 4.95263
 0.325193 2.43195 3.69021 3.79351 3.79911
 0.103782 0.776131 1.17769 1.21066 1.21245
 0.125156 0.935979 1.42024 1.46 1.46215
 0.163796 1.22494 1.85872 1.91075 1.91357
 0.173297 1.296 1.96653 2.02158 2.02456
 0.137765 1.03027 1.56332 1.60709 1.60946
 0.0609345 0.455698 0.69147 0.710827 0.711875
 0.0480787 0.359555 0.545585 0.560858 0.561685
 0.0431263 0.32252 0.489387 0.503087 0.503829
Np
 20778.8 9467.99 9613.1 1062.44 274.209
YTP_r0W_actual
 30447.7 135210 66200.3 8128.01 1587.88
YTP_p0W_proyectada
 10150 281570 84409.9 24624.5 3241.36
 10150 72376.7 142898 20527.5 5884.84
CTP_r0_actual
 4613.29 5587.17 1982.04 186.422 28.9759
CTP_p0_proyectada
 1237.8 13035.6 2688.21 614.076 72.8396
 1237.8 3350.77 4550.9 511.907 132.244
Wmedp
 8.2 21.6 31.4 40.1 44.5
nmprior
 10.8 10.6 4.6 0
nm_flota  nm_reclas  nm_pelaces    nm_pelaL
inf 13.7283 11.1829 14.2368
cv_recla  cv_pelaces  cv_mph
0.847798 1.52387 0.453636
 ------------------------------------------------
Talla a la edad & desviaci?n 
 7.2 14.2025 17.0495 18.207 18.6776
 1.08 2.13037 2.55742 2.73105 2.80164
