years
 1997 1998 1999 2000 2001 2002 2003 2004 2005 2006 2007 2008 2009 2010 2011 2012 2013 2014 2015 2016 2017 2018 2019 2020
reclasobs
 0 0 0 370054 412103 1.49427e+06 250295 1.28982e+06 931140 785840 897777 1.04006e+06 184774 17550 25797 100020 73551 82996 120727 218422 84188 347160 605670 569463
reclaspred
 2.77891e+06 689933 1.48767e+06 608241 304370 1.0712e+06 4.20851e+06 3.10997e+06 3.59626e+06 3.25485e+06 4.47567e+06 4.50604e+06 3.27228e+06 2.05804e+06 1.30862e+06 744965 528089 501677 507666 598859 485259 560498 1.24691e+06 1.4149e+06
pelacesobs
 0 0 0 0 0 0 0 0 0 2.06254e+06 1.5e+06 0 1.87456e+06 323000 250000 174000 83755 137374 0 501740 490994 745055 786931 1.00524e+06
pelacespred
 2.37966e+06 871130 518110 482861 216788 429625 1.50006e+06 2.2052e+06 2.18074e+06 2.07576e+06 2.6768e+06 2.70961e+06 2.077e+06 1.37238e+06 831731 478611 322029 277795 295009 320520 306890 309740 531286 800081
mphobs
 0 0 0 0 0 0 112323 0 153150 637223 0 255016 313432 73983 77613 109348 50772 17779 17303 59886 28197 0 207744 136588
mphpred
 1.79599e+06 1.49703e+06 888521 830316 370845 316516 2.60056e+06 2.70323e+06 3.58239e+06 2.88922e+06 3.50636e+06 4.50334e+06 3.28854e+06 2.31081e+06 1.37891e+06 768762 443592 401215 413416 500713 446705 409029 832525 1.04244e+06
desembarqueobs
 350755 77701 442110 56441 14545 235359 269955 359681 431902 328805 639364 411747 362871 311530 167758 66681 60226 58785 57116 73181 50977 67692 138656 160484
desembarquepred
 315826 78555.4 169389 69255.7 34655.1 121600 479175 353512 409369 370204 509027 512992 372473 234327 148999 84817.5 60087.7 57092.5 57747.3 68177 55216.6 63719.7 141935 160868
Reclutas
 212611 4332.56 675.119 474.641 1298.11 409242 9466.83 409463 77413.4 336476 463401 66928.6 105860 8330.84 3165 6510.62 28034.9 18444.5 46168.9 7959.83 25006.8 120138 45873.7 212542
log_desv_Rt
 2.03068 -1.86262 -3.72165 -4.07398 -3.06787 2.68553 -1.08099 2.68607 1.02038 2.48975 2.80981 0.874845 1.33334 -1.20882 -2.17663 -1.45535 0.00466768 -0.414014 0.503526 -1.25437 -0.109631 1.45986 0.497112 2.03036
SSB
 1.79599e+06 1.49703e+06 888521 830316 370845 316516 2.53809e+06 2.68161e+06 3.52485e+06 2.84301e+06 3.50636e+06 4.50334e+06 3.34221e+06 2.34859e+06 1.42436e+06 813643 484831 428027 423549 534242 457665 409029 852990 1.0258e+06
BT
 7.84515e+06 1.71117e+06 1.02028e+06 947763 428192 1.42706e+06 3.00153e+06 5.86356e+06 4.59155e+06 5.0786e+06 6.77015e+06 5.53419e+06 4.39382e+06 2.70938e+06 1.64063e+06 952369 727366 613918 694820 652506 699222 778832 1.12659e+06 2.05429e+06
Ftot
 0.110803 0.110803 0.110803 0.110803 0.110803 0.110803 0.110803 0.110803 0.110803 0.110803 0.110803 0.110803 0.110803 0.110803 0.110803 0.110803 0.110803 0.110803 0.110803 0.110803 0.110803 0.110803 0.110803 0.110803
BD_Bspro_t
 0.986154 0.915899 0.82531 0.741152 0.666544 0.733424 0.903132 0.843216 0.862 0.814254 0.836994 0.83758 0.780689 0.743658 0.685456 0.635395 0.60692 0.684883 0.730001 0.791801 0.767835 0.79199 0.858173 0.837633
BD_Bspro
 3.12803 2.60734 1.54752 1.44614 0.645893 0.551268 4.42054 4.6705 6.13916 4.95162 6.10695 7.84336 5.82106 4.09048 2.48078 1.4171 0.84442 0.745486 0.737686 0.930478 0.797105 0.712398 1.48563 1.78662
BD_Bo
 0.36474 0.304024 0.180446 0.168625 0.0753133 0.0642798 0.515451 0.544597 0.715848 0.577376 0.712091 0.914563 0.678756 0.476964 0.289267 0.165239 0.0984623 0.0869262 0.0860167 0.108497 0.0929452 0.083068 0.17323 0.208326
BD_Brms
 1.77535 1.47982 0.87831 0.820773 0.366583 0.312878 2.50893 2.65079 3.48435 2.81034 3.46606 4.45158 3.3038 2.3216 1.40799 0.804292 0.479259 0.423108 0.418681 0.528102 0.452405 0.404329 0.843187 1.01401
S_f
 0.5 1 1 1 1
 0.5 1 1 1 1
 0.5 1 1 1 1
 0.5 1 1 1 1
 0.5 1 1 1 1
 0.5 1 1 1 1
 0.5 1 1 1 1
 0.5 1 1 1 1
 0.5 1 1 1 1
 0.5 1 1 1 1
 0.5 1 1 1 1
 0.5 1 1 1 1
 0.5 1 1 1 1
 0.5 1 1 1 1
 0.5 1 1 1 1
 0.5 1 1 1 1
 0.5 1 1 1 1
 0.5 1 1 1 1
 0.5 1 1 1 1
 0.5 1 1 1 1
 0.5 1 1 1 1
 0.5 1 1 1 1
 0.5 1 1 1 1
 0.5 1 1 1 1
Scru_reclas
 0.5 1 1 1 1
 0.5 1 1 1 1
 0.5 1 1 1 1
 0.5 1 1 1 1
 0.5 1 1 1 1
 0.5 1 1 1 1
 0.5 1 1 1 1
 0.5 1 1 1 1
 0.5 1 1 1 1
 0.5 1 1 1 1
 0.5 1 1 1 1
 0.5 1 1 1 1
 0.5 1 1 1 1
 0.5 1 1 1 1
 0.5 1 1 1 1
 0.5 1 1 1 1
 0.5 1 1 1 1
 0.5 1 1 1 1
 0.5 1 1 1 1
 0.5 1 1 1 1
 0.5 1 1 1 1
 0.5 1 1 1 1
 0.5 1 1 1 1
 0.5 1 1 1 1
Scru_pelaces
 0.5 1 1 1 1
 0.5 1 1 1 1
 0.5 1 1 1 1
 0.5 1 1 1 1
 0.5 1 1 1 1
 0.5 1 1 1 1
 0.5 1 1 1 1
 0.5 1 1 1 1
 0.5 1 1 1 1
 0.5 1 1 1 1
 0.5 1 1 1 1
 0.5 1 1 1 1
 0.5 1 1 1 1
 0.5 1 1 1 1
 0.5 1 1 1 1
 0.5 1 1 1 1
 0.5 1 1 1 1
 0.5 1 1 1 1
 0.5 1 1 1 1
 0.5 1 1 1 1
 0.5 1 1 1 1
 0.5 1 1 1 1
 0.5 1 1 1 1
 0.5 1 1 1 1
pf_obs 
 0.256992 0.487395 0.22802 0.0275931 0
 0.321318 0.546541 0.124235 0.00734118 0.000564706
 0.182869 0.594174 0.210203 0.0122559 0.00049798
 0.330522 0.361315 0.267642 0.0388342 0.00168674
 0.649043 0.306663 0.0425973 0.00169635 0
 0.582887 0.30429 0.105238 0.00758474 0
 0.465427 0.430635 0.0974691 0.00646863 0
 0.296916 0.608066 0.0921331 0.00288517 0
 0.311714 0.524322 0.152257 0.0117073 0
 0.15457 0.633149 0.183074 0.0267441 0.00246327
 0.131901 0.49318 0.331252 0.0422183 0.00144891
 0.196976 0.569456 0.194076 0.0375587 0.00193317
 0.518974 0.381816 0.0799577 0.0180837 0.00116848
 0.0928022 0.601141 0.25162 0.0475244 0.00691264
 0.122501 0.610282 0.24278 0.0234846 0.000952079
 0.383417 0.481906 0.127806 0.00687128 0
 0.0376549 0.599619 0.316969 0.0457579 0
 0.0361596 0.667082 0.258105 0.0386534 0
 0.158088 0.579412 0.248529 0.0139706 0
 0.0477256 0.309471 0.559284 0.082774 0.000745712
 0.0406174 0.521527 0.379366 0.0568643 0.0016247
 0.151134 0.462217 0.34131 0.0453401 0
 0.294876 0.26143 0.354403 0.0886775 0.000613685
 0.281977 0.475581 0.204845 0.0348837 0.00271318
pf_pred 
 0.767691 0.116948 0.0580746 0.028839 0.0284478
 0.0190068 0.855534 0.0631581 0.0313634 0.0309379
 0.00648863 0.0381949 0.833141 0.061505 0.0606706
 0.0100896 0.0131637 0.0375504 0.819082 0.120114
 0.0578661 0.0194073 0.0122703 0.0350019 0.875454
 0.974787 0.00283614 0.000460951 0.000291436 0.0216246
 0.024302 0.96362 0.00135865 0.000220819 0.0104989
 0.697441 0.0147906 0.284206 0.000400715 0.00316162
 0.145527 0.706044 0.00725594 0.139425 0.00174761
 0.55203 0.116496 0.273894 0.00281478 0.054765
 0.518691 0.345457 0.0353287 0.0830615 0.0174617
 0.0979749 0.622225 0.200825 0.0205377 0.0584373
 0.239965 0.13916 0.428285 0.13823 0.0543595
 0.0327385 0.381582 0.107236 0.330034 0.148409
 0.0263281 0.0635655 0.359035 0.1009 0.450172
 0.105964 0.0472493 0.0552819 0.312247 0.479258
 0.479853 0.102216 0.0220874 0.0258423 0.370001
 0.319843 0.445919 0.0460312 0.00994665 0.178261
 0.573372 0.210107 0.141953 0.0146535 0.0599137
 0.121379 0.645771 0.114675 0.0774769 0.0406982
 0.431753 0.126057 0.325002 0.0577133 0.0594749
 0.761789 0.145445 0.0205787 0.0530561 0.0191308
 0.26552 0.637827 0.0590137 0.00834969 0.0292895
 0.683361 0.135287 0.157488 0.0145712 0.0092936
pobs_RECLAS
 0 0 0 0 0
 0 0 0 0 0
 0 0 0 0 0
 0 0 0 0 0
 0.835266 0.146461 0.0176864 0.000547809 3.91292e-05
 0.385257 0.428462 0.181853 0.0044286 0
 0.867414 0.0963971 0.0333333 0.00285562 0
 0.441836 0.489002 0.0689373 0.000224442 0
 0.779404 0.147425 0.0564933 0.0165055 0.000172143
 0.814271 0.122319 0.05973 0.00367925 0
 0.40263 0.566651 0.0304383 0.000280538 0
 0.475488 0.404961 0.113038 0.00651328 0
 0.955842 0.0263864 0.0167828 0.000988607 0
 0.975058 0.0227948 0.00214734 0 0
 0.738997 0.206755 0.0527124 0.00153531 0
 0.850938 0.134255 0.0134407 0.00136685 0
 0.542534 0.407297 0.0501686 0 0
 0.764087 0.199537 0.0359546 0.000420521 0
 0.470689 0.182191 0.310203 0.0369168 0
 0.84361 0.089868 0.0606195 0.00523954 0.000663233
 0.607945 0.314616 0.071237 0.00620181 0
 0.523733 0.453247 0.0230204 0 0
 0.530135 0.295979 0.169645 0.0042399 0
 0.562478 0.366248 0.0663022 0.0049721 0
ppred_RECLAS
 0.768328 0.116627 0.0579152 0.0287598 0.0283697
 0.0190737 0.855476 0.0631538 0.0313612 0.0309358
 0.00651174 0.038194 0.833122 0.0615035 0.0606692
 0.0101254 0.0131632 0.037549 0.819053 0.12011
 0.0580615 0.0194033 0.0122677 0.0349946 0.875273
 0.974875 0.00282626 0.000459345 0.000290421 0.0215493
 0.024387 0.963536 0.00135853 0.000220799 0.010498
 0.698196 0.0147537 0.283497 0.000399716 0.00315373
 0.145973 0.705675 0.00725215 0.139353 0.0017467
 0.552915 0.116266 0.273353 0.00280922 0.0546568
 0.519585 0.344815 0.0352631 0.0829073 0.0174293
 0.0982916 0.622007 0.200754 0.0205305 0.0584168
 0.240618 0.139041 0.427917 0.138111 0.0543127
 0.032852 0.381538 0.107224 0.329996 0.148391
 0.02642 0.0635595 0.359001 0.10089 0.45013
 0.106303 0.0472314 0.0552609 0.312128 0.479076
 0.480747 0.102041 0.0220495 0.0257979 0.369365
 0.320622 0.445408 0.0459785 0.00993525 0.178056
 0.574248 0.209676 0.141662 0.0146235 0.0597908
 0.121762 0.64549 0.114625 0.0774432 0.0406805
 0.432631 0.125862 0.3245 0.0576241 0.0593829
 0.762438 0.145049 0.0205226 0.0529116 0.0190787
 0.266219 0.63722 0.0589575 0.00834175 0.0292616
 0.684134 0.134956 0.157103 0.0145356 0.00927088
pobs_PELACES
 0 0 0 0 0
 0 0 0 0 0
 0 0 0 0 0
 0 0 0 0 0
 0 0 0 0 0
 0 0 0 0 0
 0 0 0 0 0
 0 0 0 0 0
 0 0 0 0 0
 0 0 0 0 0
 0.450072 0.473896 0.0757376 0.000293798 0
 0 0 0 0 0
 0.463077 0.371075 0.160297 0.00555027 0
 0.529543 0.364841 0.0842815 0.0213345 0
 0.631943 0.363953 0.00410389 0 0
 0.735681 0.248677 0.0153453 0.000297389 0
 0.695825 0.281241 0.0229344 0 0
 0.275771 0.60734 0.115278 0.00161068 0
 0 0 0 0 0
 0.896147 0.0623911 0.0374545 0.00400742 0
 0.803859 0.145111 0.0509908 3.86294e-05 0
 0.739449 0.233085 0.0266225 0.000797448 4.60066e-05
 0.878498 0.100942 0.0204185 0.000141795 0
 0.694673 0.275183 0.0284847 0.00165964 0
ppred_PELACES
 0.771567 0.114997 0.0571057 0.0283578 0.0279731
 0.0194187 0.855175 0.0631316 0.0313502 0.0309249
 0.00663109 0.0381894 0.833021 0.0614962 0.0606619
 0.0103103 0.0131607 0.037542 0.8189 0.120087
 0.0590695 0.0193825 0.0122546 0.0349572 0.874336
 0.975319 0.00277632 0.000451229 0.000285289 0.0211685
 0.0248258 0.963102 0.00135792 0.0002207 0.0104932
 0.702035 0.014566 0.279891 0.000394632 0.00311362
 0.148267 0.70378 0.00723267 0.138978 0.001742
 0.55743 0.115092 0.270593 0.00278085 0.0541049
 0.524147 0.341541 0.0349283 0.08212 0.0172638
 0.099924 0.620881 0.200391 0.0204933 0.058311
 0.243975 0.138426 0.426026 0.137501 0.0540727
 0.0334379 0.381306 0.107159 0.329796 0.148301
 0.0268944 0.0635285 0.358826 0.100841 0.44991
 0.108053 0.0471389 0.0551527 0.311517 0.478138
 0.485312 0.101144 0.0218556 0.0255711 0.366118
 0.324618 0.442788 0.0457081 0.00987682 0.177009
 0.578711 0.207478 0.140177 0.0144701 0.0591639
 0.12373 0.644043 0.114368 0.0772696 0.0405893
 0.437124 0.124866 0.32193 0.0571678 0.0589127
 0.765734 0.143037 0.0202379 0.0521776 0.018814
 0.269806 0.634105 0.0586694 0.00830097 0.0291186
 0.688072 0.133274 0.155144 0.0143544 0.00915532
pobs_pel_tallas
 0 0 0 0 0 0 0 0 0 0 0 0 0 0 0 0 0 0 0 0 0 0 0 0 0 0 0 0 0 0 0 0 0 0 0 0
 0 0 0 0 0 0 0 0 0 0 0 0 0 0 0 0 0 0 0 0 0 0 0 0 0 0 0 0 0 0 0 0 0 0 0 0
 0 0 0 0 0 0 0 0 0 0 0 0 0 0 0 0 0 0 0 0 0 0 0 0 0 0 0 0 0 0 0 0 0 0 0 0
 0 0 0 0 0 0 0 0 0 0 0 0 0 0 0 0 0 0 0 0 0 0 0 0 0 0 0 0 0 0 0 0 0 0 0 0
 0 0 0 0 0 0 0 0 0 0 0 0 0 0 0 0 0 0 0 0 0 0 0 0 0 0 0 0 0 0 0 0 0 0 0 0
 0 0 0 0 0 0 0 0 0 0 0 0 0 0 0 0 0 0 0 0 0 0 0 0 0 0 0 0 0 0 0 0 0 0 0 0
 0 0 0 0 0 0 0 0 0 0 0 0 0 0 0 0 0 0 0 0 0 0 0 0 0 0 0 0 0 0 0 0 0 0 0 0
 0 0 0 0 0 0 0 0 0 0 0 0 0 0 0 0 0 0 0 0 0 0 0 0 0 0 0 0 0 0 0 0 0 0 0 0
 0 0 0 0 0 0 0 0 0 0 0 0 0 0 0 0 0 0 0 0 0 0 0 0 0 0 0 0 0 0 0 0 0 0 0 0
 0 0 0 0 0 0 0 0 0 0 0 0 0 0 0 0 0 0 0 0 0 0 0 0 0 0 0 0 0 0 0 0 0 0 0 0
 0 0 0 0 0 0 0 0 1.78061e-05 0.00172719 0.00360574 0.0105946 0.0120993 0.0124554 0.0147524 0.0171206 0.0266825 0.0428682 0.0675386 0.121331 0.153587 0.119568 0.100827 0.0573624 0.0630603 0.0341343 0.0324427 0.0444173 0.0211091 0.0280891 0.0125444 0.00206551 0 0 0 0
 0 0 0 0 0 0 0 0 0 0 0 0 0 0 0 0 0 0 0 0 0 0 0 0 0 0 0 0 0 0 0 0 0 0 0 0
 0 0 0 0 0 0 0.0133647 0.0140871 0.0187388 0.0205184 0.03894 0.0496705 0.03968 0.0493445 0.0407372 0.0367815 0.0215668 0.0243155 0.0234873 0.0199281 0.019796 0.0243948 0.0301388 0.0376714 0.0412746 0.0863199 0.0771752 0.113111 0.0741005 0.0525337 0.0229764 0.00759418 0.00175318 0 0 0
 0 0 0 0 0 0 0 0 0 0 0.00219441 0.00772107 0.0458388 0.0604681 0.0671733 0.0775358 0.0609151 0.0617685 0.073594 0.0568108 0.0755445 0.0548602 0.0670107 0.0636378 0.0643287 0.046367 0.0373049 0.0286899 0.0247887 0.0153202 0.00654259 0.00121912 0.000365735 0 0 0
 0 0 0 0 0 0 0 0 0 0 0 0 0.000112435 0.00938835 0.0111873 0.0202946 0.0414886 0.0713402 0.111592 0.104902 0.108894 0.110636 0.117776 0.105296 0.107544 0.0401394 0.0192827 0.0124803 0.00416011 0.0028671 0.000618394 0 0 0 0 0
 0 0 0 0 0 0 0 0 0 0 0.00291406 0.0102884 0.027416 0.0768956 0.0749926 0.110853 0.0956884 0.0897413 0.0766577 0.0534642 0.0500743 0.0551293 0.0594112 0.0620874 0.0668451 0.0424026 0.0208742 0.0120726 0.0048766 0.00582813 0.00118941 0.000297354 0 0 0 0
 0 0.00264628 0.0354308 0.0461629 0.0458689 0.0383711 0.0214643 0.0164657 0.0346957 0.0420465 0.0363128 0.0245516 0.0311673 0.0291091 0.0169068 0.0133784 0.00837989 0.0085269 0.0148486 0.0160247 0.0276389 0.0546898 0.0760071 0.122758 0.109233 0.0665981 0.0333725 0.0166128 0.00676272 0.00308733 0.000882094 0 0 0 0 0
 0 0 0 0 0 0 0 0.000805153 0.000690131 0.00759144 0.0133425 0.0154129 0.00931677 0.000345066 0.00356568 0.00563607 0.00851162 0.0253048 0.0502646 0.0516448 0.0657925 0.0565908 0.0611916 0.0827007 0.0866115 0.110766 0.145733 0.0935128 0.0569358 0.0249597 0.0138026 0.00621118 0.00161031 0.00115022 0 0
 0 0 0 0 0 0 0 0 0 0 0 0 0 0 0 0 0 0 0 0 0 0 0 0 0 0 0 0 0 0 0 0 0 0 0 0
 0.00147267 0.00158595 0.00478618 0.00569244 0.00954404 0.0108468 0.00647125 0.017049 0.0510054 0.094081 0.124002 0.0959785 0.0687766 0.0820023 0.061753 0.0591476 0.0492212 0.0479892 0.0443925 0.0268479 0.0217502 0.0140895 0.0121071 0.0120363 0.00920419 0.00665534 0.0049561 0.00860946 0.00930331 0.0156896 0.0114698 0.00855282 0.00243557 0.00046729 0 2.83206e-05
 0 0 0 0 0.000772559 0.00158375 0.000888443 0.00281984 0.00712685 0.0440552 0.0773331 0.111326 0.0921469 0.0852325 0.0710754 0.0886704 0.0786465 0.0553345 0.0373146 0.0185414 0.00753245 0.00457741 0.012979 0.0271748 0.0457355 0.0583668 0.034881 0.0177882 0.00938659 0.00492506 0.0015258 0.00185414 0.000309023 5.79419e-05 3.86279e-05 0
 0 0.00173294 0.00326652 0 0.00397197 0.00683976 0.00946217 0.0152591 0.00757587 0.0136028 0.0228656 0.0392903 0.0559909 0.0764795 0.0681675 0.0726916 0.0566044 0.0477403 0.0527397 0.0444891 0.0609904 0.0582453 0.0661739 0.0445044 0.0529084 0.0360697 0.0280645 0.0235558 0.0158879 0.00826598 0.00280645 0.00217768 0.000904811 0.00058276 9.20147e-05 0
 0 0 0 0 0 0 0 0 0 0 0 0 0 0 0 0 0 0 0 0 0 0 0 0 0 0 0 0 0 0 0 0 0 0 0 0
 0 0 0 0 0 0 0 0 0 0 0 0 0 0 0 0 0 0 0 0 0 0 0 0 0 0 0 0 0 0 0 0 0 0 0 0
ppred_pel_tallas
 1.0313e-16 3.36613e-05 0.000197572 0.000939183 0.00361593 0.011276 0.0284822 0.0582778 0.0966001 0.129726 0.141153 0.124474 0.089029 0.0518101 0.0248691 0.0104889 0.00497346 0.00398376 0.00487283 0.00650269 0.00844669 0.0104862 0.0124342 0.0141142 0.0153855 0.0161686 0.0164561 0.0163027 0.0158006 0.0150496 0.0141329 0.0131066 0.0120011 0.0108319 0.00961288 0.00836476
 1.03697e-16 8.94099e-07 5.13178e-06 2.41501e-05 9.25701e-05 0.000288315 0.000729218 0.00149884 0.00251007 0.00344828 0.0039563 0.00397467 0.003903 0.00441178 0.0061277 0.00948693 0.0147663 0.022112 0.0314667 0.0424451 0.0542546 0.0657329 0.0755184 0.0823224 0.085226 0.0839018 0.0786904 0.0704968 0.0605535 0.0501271 0.0402661 0.0316538 0.0245851 0.0190393 0.0148015 0.0115823
 1.16785e-16 3.0528e-07 1.74536e-06 8.20691e-06 3.14486e-05 9.78942e-05 0.000247291 0.000506986 0.0008446 0.00114732 0.00128317 0.00121495 0.00105368 0.000995151 0.00121891 0.00185333 0.00301203 0.00483806 0.00751345 0.0112363 0.0161809 0.0224518 0.0300364 0.0387647 0.0482839 0.05806 0.0674124 0.0755832 0.0818344 0.0855578 0.0863732 0.0841947 0.0792484 0.0720336 0.0632404 0.0536395
 1.34287e-16 4.61546e-07 2.67296e-06 1.26391e-05 4.85525e-05 0.000151271 0.000382054 0.000782195 0.00129872 0.00175087 0.00192316 0.00173914 0.00133965 0.000978275 0.000857972 0.00107211 0.00166079 0.00268654 0.00426687 0.00656792 0.00978225 0.0141013 0.0196824 0.0266095 0.0348518 0.0442256 0.0543715 0.064755 0.0746991 0.0834494 0.0902661 0.0945266 0.0958209 0.0940147 0.0892761 0.0820457
 1.42236e-16 2.58722e-06 1.51537e-05 7.19766e-05 0.000277022 0.000863749 0.00218171 0.00446439 0.00740178 0.00994531 0.0108356 0.00958904 0.00693337 0.00418999 0.00231423 0.0015301 0.00162528 0.00236405 0.00366863 0.00560446 0.00831331 0.0119618 0.0167067 0.0226635 0.029872 0.0382607 0.0476151 0.0575605 0.067567 0.0769841 0.0851043 0.09125 0.0948669 0.0956083 0.0933881 0.0883991
 1.01007e-16 4.25412e-05 0.000249715 0.0011871 0.00457052 0.0142529 0.0360013 0.0736617 0.122096 0.163951 0.178356 0.157193 0.112241 0.0649339 0.0304457 0.0115906 0.00362245 0.000997681 0.000348837 0.000274789 0.000344708 0.00045743 0.000594204 0.000751552 0.000927658 0.00112001 0.00132461 0.00153523 0.00174292 0.00193592 0.00210052 0.00222266 0.00229002 0.00229427 0.00223262 0.00210862
 1.00831e-16 1.13417e-06 6.53147e-06 3.07829e-05 0.000118071 0.000367813 0.000930148 0.00191074 0.0031957 0.00437769 0.00499035 0.00494065 0.0047117 0.00511923 0.00690803 0.0105674 0.0163799 0.0244735 0.034749 0.0467403 0.0595252 0.0717705 0.0819291 0.0885525 0.090631 0.0878462 0.0806558 0.0701714 0.057881 0.0453053 0.0337003 0.02388 0.0161836 0.0105577 0.00669774 0.00419406
 1.04137e-16 3.06259e-05 0.000179759 0.000854518 0.00328998 0.0102595 0.0259146 0.0530236 0.087889 0.118022 0.128403 0.113194 0.0808824 0.0469128 0.0222315 0.00889768 0.00353971 0.00222227 0.00258261 0.00367252 0.00523068 0.00720837 0.00957778 0.0122721 0.0151698 0.0180956 0.0208332 0.0231488 0.0248221 0.0256806 0.0256286 0.0246655 0.0228873 0.0204713 0.017647 0.0146596
 1.05189e-16 6.50614e-06 3.80938e-05 0.000180888 0.000696103 0.00217045 0.00548313 0.0112245 0.018626 0.0250751 0.0274471 0.0245919 0.018436 0.0124385 0.0091735 0.00938227 0.0126501 0.0183479 0.0259757 0.0350329 0.0448181 0.0543735 0.0625907 0.0684243 0.0711316 0.0704512 0.0666616 0.0604932 0.0529307 0.0449736 0.0374324 0.0308146 0.0253144 0.0208804 0.0173222 0.0144106
 1.06503e-16 2.43244e-05 0.000142755 0.000678575 0.00261252 0.00814687 0.0205783 0.0421061 0.069796 0.0937357 0.102007 0.0899878 0.064439 0.0376556 0.0183729 0.0082785 0.00474938 0.0047042 0.00628353 0.00870903 0.0116968 0.0150844 0.0186957 0.0223232 0.0257471 0.0287615 0.0311928 0.0329095 0.0338231 0.0338876 0.0331004 0.0315063 0.0292013 0.0263307 0.0230793 0.019652
 1.04236e-16 2.28817e-05 0.000134266 0.000638173 0.00245689 0.00766149 0.0193525 0.0395997 0.0656476 0.0881832 0.0960143 0.0848188 0.0609938 0.0361569 0.0185954 0.00997744 0.00790694 0.00951629 0.0130119 0.0175133 0.022493 0.0274506 0.0318467 0.0351722 0.0370554 0.0373467 0.0361472 0.0337679 0.0306394 0.027201 0.0238087 0.0206855 0.0179193 0.0154969 0.013353 0.0114148
 1.06476e-16 4.39532e-06 2.57078e-05 0.000122017 0.00046946 0.00146369 0.00369782 0.00757112 0.0125685 0.0169353 0.0185771 0.0167386 0.012751 0.00899458 0.00727121 0.00816257 0.0114765 0.0168633 0.0240243 0.0325993 0.0420166 0.0514549 0.0599358 0.0665049 0.0704392 0.0714051 0.0695199 0.0652892 0.0594551 0.0528059 0.0460142 0.0395441 0.0336397 0.0283709 0.0237067 0.0195813
 1.13344e-16 1.06575e-05 6.25155e-05 0.000297101 0.00114374 0.00356652 0.00900882 0.0184343 0.0305611 0.0410556 0.0447108 0.0395196 0.0284687 0.0169812 0.00894082 0.00516543 0.00460226 0.00600442 0.00865152 0.0122695 0.0167556 0.0220016 0.02783 0.0339893 0.0401747 0.0460533 0.0512886 0.0555611 0.0585872 0.0601422 0.0600856 0.0583875 0.0551461 0.050587 0.0450431 0.0389125
 1.19907e-16 1.48567e-06 8.64976e-06 4.09745e-05 0.000157517 0.000490972 0.00124055 0.00254151 0.00422513 0.00571153 0.00631368 0.00580334 0.00466596 0.00375856 0.00376779 0.00499282 0.00748476 0.0112342 0.0162156 0.0223244 0.0293093 0.03676 0.0441583 0.0509739 0.0567726 0.0612948 0.0644797 0.0664246 0.0673015 0.0672668 0.0663993 0.0646894 0.0620745 0.0585 0.0539807 0.048635
 1.29602e-16 1.18775e-06 6.92923e-06 3.28581e-05 0.000126373 0.00039393 0.000995058 0.00203693 0.00338024 0.00455133 0.00498392 0.00447068 0.00336446 0.00230084 0.00176454 0.00192527 0.00277131 0.00429237 0.00655214 0.00966689 0.0137578 0.0189106 0.0251458 0.0323967 0.0404925 0.0491492 0.057971 0.0664659 0.0740815 0.0802579 0.0844952 0.0864223 0.085855 0.0828268 0.0775871 0.0705673
 1.33844e-16 4.72485e-06 2.76994e-05 0.000131611 0.000506614 0.00157971 0.0039902 0.00816495 0.0135364 0.0181856 0.019807 0.017513 0.0126284 0.00756003 0.00403674 0.00243752 0.00232498 0.0031938 0.00479595 0.0071097 0.0102185 0.0142263 0.0192146 0.025216 0.0321912 0.0400064 0.0484131 0.0570393 0.0653984 0.0729234 0.0790255 0.0831704 0.0849587 0.0841908 0.0809036 0.0753692
 1.18329e-16 2.11778e-05 0.000124287 0.000590784 0.00227452 0.00709285 0.0179159 0.0366584 0.0607656 0.0816072 0.0888069 0.0783388 0.0560882 0.0327567 0.0159457 0.00711924 0.00398819 0.00386483 0.005129 0.00710961 0.00957965 0.0124369 0.0155911 0.0189479 0.0224198 0.0259339 0.0294277 0.0328311 0.0360442 0.0389221 0.0412756 0.0428922 0.0435744 0.0431811 0.0416631 0.0390813
 1.09404e-16 1.41851e-05 8.32007e-05 0.000395384 0.00152206 0.00474624 0.011989 0.0245341 0.0406793 0.0546653 0.0595767 0.052765 0.038238 0.0232589 0.0130514 0.00875693 0.00899992 0.0120851 0.0169196 0.0228805 0.029452 0.0360349 0.0419511 0.0465559 0.0493807 0.0502396 0.0492642 0.0468475 0.0435247 0.0398289 0.0361738 0.0327936 0.0297466 0.0269671 0.0243356 0.021743
 1.0532e-16 2.52558e-05 0.000148215 0.000704517 0.00271238 0.00845824 0.0213649 0.0437162 0.0724671 0.0973293 0.105935 0.0934928 0.067036 0.0393474 0.0195193 0.00932802 0.00606813 0.00654032 0.00878331 0.011918 0.0155376 0.0193325 0.0229771 0.0261469 0.0285752 0.0301022 0.030697 0.0304424 0.029494 0.0280295 0.0262065 0.0241419 0.0219133 0.0195741 0.0171723 0.0147631
 1.06385e-16 5.43407e-06 3.18047e-05 0.000150999 0.000581042 0.00181165 0.00457677 0.00936964 0.0155501 0.0209403 0.0229376 0.0205903 0.0155197 0.0106329 0.00810645 0.00859432 0.0117892 0.0172016 0.024437 0.0330777 0.0425086 0.051869 0.0601469 0.0663698 0.0698208 0.0702019 0.0676923 0.0628763 0.0565755 0.0496415 0.042781 0.0364576 0.0308815 0.026066 0.0219132 0.018294
 1.09328e-16 1.9079e-05 0.000111959 0.000532164 0.0020488 0.00638891 0.0161379 0.0330207 0.0547375 0.0735168 0.0800166 0.0706181 0.0506338 0.0297213 0.0147539 0.00708503 0.00469424 0.00520368 0.00719028 0.0100682 0.013622 0.0177091 0.0221529 0.0267301 0.031191 0.0352848 0.0387805 0.041479 0.0432207 0.0438922 0.0434366 0.0418653 0.0392686 0.0358152 0.0317391 0.0273141
 1.03006e-16 3.34079e-05 0.000196082 0.000932097 0.00358864 0.0111909 0.0282672 0.0578381 0.0958722 0.128751 0.140098 0.123558 0.0884049 0.0515096 0.0248414 0.0106757 0.00535269 0.00456932 0.00569253 0.00757416 0.00975855 0.0119862 0.0140266 0.015668 0.0167531 0.0172118 0.0170726 0.0164459 0.0154873 0.014354 0.0131696 0.0120067 0.0108889 0.00980738 0.0087415 0.00767658
 1.02686e-16 1.18032e-05 6.9198e-05 0.000328774 0.00126552 0.00394618 0.00996838 0.0204012 0.0338344 0.0454906 0.0496396 0.0441112 0.0322863 0.0202748 0.0125153 0.010068 0.0118956 0.0166549 0.0234221 0.0315448 0.0403228 0.0488675 0.0561633 0.0612513 0.0634464 0.0625008 0.058662 0.0525963 0.0452145 0.0374552 0.0300978 0.0236538 0.0183482 0.0141728 0.0109747 0.0085441
 1.03167e-16 3.00216e-05 0.000176201 0.000837579 0.00322472 0.010056 0.0254006 0.0519729 0.0861505 0.115697 0.125898 0.111045 0.0794762 0.0463568 0.0224525 0.0098217 0.00519418 0.00472577 0.00607504 0.0082339 0.0108107 0.0135786 0.0163191 0.0188088 0.0208493 0.022299 0.0230912 0.0232302 0.0227737 0.0218081 0.0204276 0.0187237 0.016784 0.0146952 0.0125469 0.0104293
pSPR Fmed_Fpbrs
0.37021   0.255447 0.255447
Fs Fmed_Fpbrs
0.64   1.005 1.005
SSBpbr Bo_Bmed_Bpbrs
4.92403e+06  1.57673e+06  1.01163e+06 1.01163e+06
Ro
27904.3
SPR SPRFo_SPRFmed_SPRFpbrs
574159 212560 146667
log_Ro
10.0565
likeval ReclasPelacesDesembMPH_pf_preclas_ppelaces_ptallas_desvR_qrecl_qpela
 461.251 47.8644 13901.7 2277.18 556.439 414.798 87.3683 0 135.493 0 0 0 0 0 0
q_reclas_q_pelaces
1 1
M
0.7
N
 212611 16589.7 8238.19 4090.97 4035.47
 4332.56 99889.3 7374.13 3661.89 3612.21
 675.119 2035.53 44400.9 3277.81 3233.34
 474.641 317.186 904.797 19736.2 2894.21
 1298.11 222.997 140.989 402.183 10059.3
 409242 609.879 99.1222 62.6699 4650.12
 9466.83 192271 271.092 44.0599 2094.84
 409463 4447.72 85464.6 120.501 950.743
 77413.4 192375 1977.02 37989.1 476.169
 336476 36370.5 85510.8 878.786 17097.8
 463401 158084 16166.7 38009.6 7990.62
 66928.6 217716 70268.4 7186.12 20447.2
 105860 31444.5 96774.9 31234.4 12283
 8330.84 49735.3 13977.1 43016.5 19343.5
 3165 3914.01 22107.4 6212.84 27719.1
 6510.62 1486.99 1739.78 9826.75 15082.8
 28034.9 3058.83 660.968 773.335 11072.3
 18444.5 13171.4 1359.65 293.801 5265.4
 46168.9 8665.63 5854.7 604.367 2471.07
 7959.83 21691.2 3851.88 2602.42 1367.03
 25006.8 3739.7 9641.75 1712.17 1764.43
 120138 11748.8 1662.3 4285.77 1545.35
 45873.7 56443.6 5222.34 738.895 2591.94
 212542 21552.5 25089.3 2321.33 1480.56
pred_Ctot
 8267.08 1259.38 625.392 310.56 306.347
 168.466 7582.97 559.797 277.987 274.216
 26.251 154.525 3370.64 248.83 245.455
 18.4557 24.0787 68.6864 1498.25 219.71
 50.475 16.9285 10.703 30.5312 763.635
 15912.8 46.2982 7.52473 4.7575 353.008
 368.104 14596 20.5796 3.34475 159.027
 15921.4 337.643 6487.93 9.14764 72.1744
 3010.11 14603.9 150.083 2883.89 36.1477
 13083.4 2761.02 6491.44 66.7119 1297.96
 18018.7 12000.7 1227.27 2885.45 606.598
 2602.42 16527.6 5334.34 545.525 1552.22
 4116.21 2387.07 7346.54 2371.12 932.449
 323.933 3775.59 1061.05 3265.54 1468.44
 123.067 297.127 1678.25 471.639 2104.26
 253.156 112.883 132.073 745.985 1144.99
 1090.1 232.207 50.1765 58.7067 840.54
 717.188 999.889 103.216 22.3035 399.716
 1795.21 657.84 444.452 45.8798 187.588
 309.507 1646.66 292.411 197.559 103.777
 972.355 283.895 731.941 129.977 133.944
 4671.41 891.892 126.191 325.348 117.313
 1783.73 4284.84 396.447 56.0922 196.763
 8264.4 1636.13 1904.62 176.221 112.395
F
 0.0554016 0.110803 0.110803 0.110803 0.110803
 0.0554016 0.110803 0.110803 0.110803 0.110803
 0.0554016 0.110803 0.110803 0.110803 0.110803
 0.0554016 0.110803 0.110803 0.110803 0.110803
 0.0554016 0.110803 0.110803 0.110803 0.110803
 0.0554016 0.110803 0.110803 0.110803 0.110803
 0.0554016 0.110803 0.110803 0.110803 0.110803
 0.0554016 0.110803 0.110803 0.110803 0.110803
 0.0554016 0.110803 0.110803 0.110803 0.110803
 0.0554016 0.110803 0.110803 0.110803 0.110803
 0.0554016 0.110803 0.110803 0.110803 0.110803
 0.0554016 0.110803 0.110803 0.110803 0.110803
 0.0554016 0.110803 0.110803 0.110803 0.110803
 0.0554016 0.110803 0.110803 0.110803 0.110803
 0.0554016 0.110803 0.110803 0.110803 0.110803
 0.0554016 0.110803 0.110803 0.110803 0.110803
 0.0554016 0.110803 0.110803 0.110803 0.110803
 0.0554016 0.110803 0.110803 0.110803 0.110803
 0.0554016 0.110803 0.110803 0.110803 0.110803
 0.0554016 0.110803 0.110803 0.110803 0.110803
 0.0554016 0.110803 0.110803 0.110803 0.110803
 0.0554016 0.110803 0.110803 0.110803 0.110803
 0.0554016 0.110803 0.110803 0.110803 0.110803
 0.0554016 0.110803 0.110803 0.110803 0.110803
Np
 28087.1 8438.56 18151.2 1741.4 2395.64
YTP_r0W_actual
 497061 197500 332764 40304.7 31419.1
YTP_p0W_proyectada
 67328 1.04027e+06 145083 215685 31989.2
 67328 87909.9 274885 33678.9 51416
CTP_r0_actual
 62132.6 10394.7 12100.5 1119.58 714.07
CTP_p0_proyectada
 8210.74 48160.9 4620.47 5378.69 718.859
 8210.74 4069.9 8754.31 839.873 1155.41
Wmedp
 8.2 21.6 31.4 40.1 44.5
nmprior
 10.8 10.6 4.6 0
nm_flota  nm_reclas  nm_pelaces    nm_pelaL
inf 1.32676 3.32853 4.23354
cv_recla  cv_pelaces  cv_mph
1.98836 0.814087 2.02458
 ------------------------------------------------
Talla a la edad & desviaci?n 
 7.2 14.2025 17.0495 18.207 18.6776
 1.08 2.13037 2.55742 2.73105 2.80164
