years
 1997 1998 1999 2000 2001 2002 2003 2004 2005 2006 2007 2008 2009 2010 2011 2012 2013 2014 2015 2016 2017 2018 2019 2020
reclasobs
 0 0 0 370054 412103 1.49427e+06 250295 1.28982e+06 931140 785840 897777 1.04006e+06 184774 17550 25797 100020 73551 82996 120727 218422 84188 347160 605670 569463
reclaspred
 574569 144911 328303 192261 282284 293902 613345 440873 758417 928879 818471 600425 332489 118219 99474.1 93360 67402.3 72054 103034 148396 222057 271224 524514 533719
pelacesobs
 0 0 0 0 0 0 0 0 0 2.06254e+06 1.5e+06 0 1.87456e+06 323000 250000 174000 83755 137374 0 501740 490994 745055 786931 1.00524e+06
pelacespred
 2.19356e+06 461844 598527 577430 773115 536245 1.69064e+06 1.20492e+06 2.26526e+06 2.58052e+06 1.86553e+06 1.45835e+06 767419 241285 214600 200144 139722 162812 229757 316095 607017 653204 1.00684e+06 1.23857e+06
mphobs
 0 0 0 0 0 0 112323 0 153150 637223 0 255016 313432 73983 77613 109348 50772 17779 17303 59886 28197 0 207744 136588
mphpred
 203694 109453 113818 92134 95611.5 142870 172813 230503 238754 404119 409351 285548 184024 105745 61458.1 60135.3 41390.4 35038.3 24278 36259 50640.9 74142.6 119370 155799
desembarqueobs
 350755 77701 442110 56441 14545 235359 269955 359681 431902 328805 639364 411747 362871 311530 167758 66681 60226 58785 57116 73181 50977 67692 138656 160484
desembarquepred
 350758 77697.2 442068 56446.7 14545.7 235578 270030 359461 431649 328819 639378 411616 363146 311625 167522 66717.2 60318.4 58764.5 57046.6 73193.5 50979.2 67660.6 138679 160509
Reclutas
 34247.7 40721.2 17262 21592.6 35022.4 21751.8 56812.2 56031.4 134447 107376 63022.8 55026 33985 30670 17768.8 8909.84 4970.96 8712.38 15129.8 11519.4 23782.7 44786.8 39887.2 46217.8
log_desv_Rt
 0.157598 0.330726 -0.527517 -0.303672 0.179966 -0.296325 0.663728 0.64989 1.52515 1.30031 0.767474 0.631784 0.149897 0.0472639 -0.498581 -1.18887 -1.77241 -1.21128 -0.659357 -0.931987 -0.207063 0.425891 0.310032 0.457344
SSB
 408964 219752 228516 184981 191963 286845 333783 454599 464523 793160 821868 573304 383977 149564 90025.4 87527.1 65827.3 53180.3 71796.2 113684 147811 209945 348309 431741
BT
 1.44527e+06 342505 540194 330530 378612 425618 1.08304e+06 991203 1.60496e+06 1.53979e+06 1.43736e+06 1.06553e+06 712978 407237 247467 146510 118348 131269 160379 203612 343471 364668 544152 706229
Ftot
 1.20933 1.13396 2.12007 0.532707 0.100481 1.1678 0.956622 1.73251 1.6546 0.717664 1.22626 1.09513 1.68167 4.51109 3.68741 1.23489 1.44982 1.69005 1.23724 0.884893 0.46707 0.485777 0.426267 0.491553
BD_Bspro_t
 0.897466 0.611213 0.510761 0.300094 0.426191 0.579075 0.474823 0.513788 0.485351 0.564118 0.534469 0.378609 0.29372 0.155935 0.114708 0.133645 0.142003 0.159524 0.250419 0.401289 0.489966 0.638204 0.710758 0.689058
BD_Bspro
 0.679417 0.365076 0.379636 0.307311 0.31891 0.47654 0.554519 0.755232 0.771718 1.31769 1.36538 0.952438 0.637906 0.248472 0.14956 0.14541 0.10936 0.0883491 0.119276 0.188864 0.24556 0.348784 0.57865 0.717257
BD_Bo
 0.669692 0.359851 0.374203 0.302912 0.314345 0.469719 0.546582 0.744422 0.760672 1.29883 1.34584 0.938805 0.628776 0.244916 0.14742 0.143329 0.107794 0.0870845 0.117569 0.186161 0.242046 0.343792 0.570368 0.706991
BD_Brms
 1.74286 0.936507 0.973856 0.788324 0.818079 1.22244 1.42247 1.93735 1.97964 3.38018 3.50252 2.44323 1.63638 0.63739 0.383658 0.37301 0.280533 0.226636 0.305971 0.484482 0.62992 0.894712 1.48437 1.83993
S_f
 0.079085 0.620011 0.968751 0.998305 0.999911
 0.079085 0.620011 0.968751 0.998305 0.999911
 0.079085 0.620011 0.968751 0.998305 0.999911
 0.079085 0.620011 0.968751 0.998305 0.999911
 0.079085 0.620011 0.968751 0.998305 0.999911
 0.079085 0.620011 0.968751 0.998305 0.999911
 0.079085 0.620011 0.968751 0.998305 0.999911
 0.079085 0.620011 0.968751 0.998305 0.999911
 0.079085 0.620011 0.968751 0.998305 0.999911
 0.079085 0.620011 0.968751 0.998305 0.999911
 0.079085 0.620011 0.968751 0.998305 0.999911
 0.079085 0.620011 0.968751 0.998305 0.999911
 0.079085 0.620011 0.968751 0.998305 0.999911
 0.079085 0.620011 0.968751 0.998305 0.999911
 0.079085 0.620011 0.968751 0.998305 0.999911
 0.079085 0.620011 0.968751 0.998305 0.999911
 0.079085 0.620011 0.968751 0.998305 0.999911
 0.079085 0.620011 0.968751 0.998305 0.999911
 0.079085 0.620011 0.968751 0.998305 0.999911
 0.079085 0.620011 0.968751 0.998305 0.999911
 0.079085 0.620011 0.968751 0.998305 0.999911
 0.079085 0.620011 0.968751 0.998305 0.999911
 0.079085 0.620011 0.968751 0.998305 0.999911
 0.079085 0.620011 0.968751 0.998305 0.999911
Scru_reclas
 0.489105 0.828119 0.960392 0.991872 0.998374
 0.489105 0.828119 0.960392 0.991872 0.998374
 0.489105 0.828119 0.960392 0.991872 0.998374
 0.489105 0.828119 0.960392 0.991872 0.998374
 0.489105 0.828119 0.960392 0.991872 0.998374
 0.489105 0.828119 0.960392 0.991872 0.998374
 0.489105 0.828119 0.960392 0.991872 0.998374
 0.489105 0.828119 0.960392 0.991872 0.998374
 0.489105 0.828119 0.960392 0.991872 0.998374
 0.489105 0.828119 0.960392 0.991872 0.998374
 0.489105 0.828119 0.960392 0.991872 0.998374
 0.489105 0.828119 0.960392 0.991872 0.998374
 0.489105 0.828119 0.960392 0.991872 0.998374
 0.489105 0.828119 0.960392 0.991872 0.998374
 0.489105 0.828119 0.960392 0.991872 0.998374
 0.489105 0.828119 0.960392 0.991872 0.998374
 0.489105 0.828119 0.960392 0.991872 0.998374
 0.489105 0.828119 0.960392 0.991872 0.998374
 0.489105 0.828119 0.960392 0.991872 0.998374
 0.489105 0.828119 0.960392 0.991872 0.998374
 0.489105 0.828119 0.960392 0.991872 0.998374
 0.489105 0.828119 0.960392 0.991872 0.998374
 0.489105 0.828119 0.960392 0.991872 0.998374
 0.489105 0.828119 0.960392 0.991872 0.998374
Scru_pelaces
 0.718368 1 1 1 1
 0.718368 1 1 1 1
 0.718368 1 1 1 1
 0.718368 1 1 1 1
 0.718368 1 1 1 1
 0.718368 1 1 1 1
 0.718368 1 1 1 1
 0.718368 1 1 1 1
 0.718368 1 1 1 1
 0.718368 1 1 1 1
 0.718368 1 1 1 1
 0.718368 1 1 1 1
 0.718368 1 1 1 1
 0.718368 1 1 1 1
 0.718368 1 1 1 1
 0.718368 1 1 1 1
 0.718368 1 1 1 1
 0.718368 1 1 1 1
 0.718368 1 1 1 1
 0.718368 1 1 1 1
 0.718368 1 1 1 1
 0.718368 1 1 1 1
 0.718368 1 1 1 1
 0.718368 1 1 1 1
pf_obs 
 0.256992 0.487395 0.22802 0.0275931 0
 0.321318 0.546541 0.124235 0.00734118 0.000564706
 0.182869 0.594174 0.210203 0.0122559 0.00049798
 0.330522 0.361315 0.267642 0.0388342 0.00168674
 0.649043 0.306663 0.0425973 0.00169635 0
 0.582887 0.30429 0.105238 0.00758474 0
 0.465427 0.430635 0.0974691 0.00646863 0
 0.296916 0.608066 0.0921331 0.00288517 0
 0.311714 0.524322 0.152257 0.0117073 0
 0.15457 0.633149 0.183074 0.0267441 0.00246327
 0.131901 0.49318 0.331252 0.0422183 0.00144891
 0.196976 0.569456 0.194076 0.0375587 0.00193317
 0.518974 0.381816 0.0799577 0.0180837 0.00116848
 0.0928022 0.601141 0.25162 0.0475244 0.00691264
 0.122501 0.610282 0.24278 0.0234846 0.000952079
 0.383417 0.481906 0.127806 0.00687128 0
 0.0376549 0.599619 0.316969 0.0457579 0
 0.0361596 0.667082 0.258105 0.0386534 0
 0.158088 0.579412 0.248529 0.0139706 0
 0.0477256 0.309471 0.559284 0.082774 0.000745712
 0.0406174 0.521527 0.379366 0.0568643 0.0016247
 0.151134 0.462217 0.34131 0.0453401 0
 0.294876 0.26143 0.354403 0.0886775 0.000613685
 0.281977 0.475581 0.204845 0.0348837 0.00271318
pf_pred 
 0.276797 0.491052 0.207234 0.0249042 1.27017e-05
 0.256072 0.59234 0.122774 0.0258625 0.0029512
 0.125791 0.679623 0.172498 0.0180604 0.00402669
 0.217267 0.505604 0.249119 0.0250323 0.00297719
 0.227403 0.510961 0.197875 0.0575343 0.00622652
 0.122297 0.587135 0.219355 0.0542615 0.0169517
 0.346144 0.379446 0.220088 0.0415239 0.0127979
 0.250799 0.634174 0.0834491 0.0255622 0.00601494
 0.445895 0.442342 0.103715 0.00594119 0.00210677
 0.197945 0.718649 0.0749644 0.00786847 0.000573312
 0.12053 0.576244 0.284795 0.016636 0.0017958
 0.156224 0.495413 0.276295 0.0678995 0.00416795
 0.142271 0.573715 0.209481 0.0597182 0.0148139
 0.296655 0.503234 0.164997 0.026329 0.00878448
 0.287511 0.677844 0.0322751 0.00199979 0.000370078
 0.169368 0.748108 0.0814985 0.000962142 6.29501e-05
 0.124527 0.574979 0.28495 0.0153609 0.00018321
 0.313698 0.432751 0.203821 0.0472954 0.00243498
 0.364138 0.543638 0.0734518 0.0152741 0.00349813
 0.180902 0.686893 0.122029 0.0081912 0.00198476
 0.284883 0.449444 0.240622 0.0232023 0.00184859
 0.294915 0.525017 0.133283 0.0425194 0.00426536
 0.163304 0.622096 0.178576 0.0269222 0.00910266
 0.164795 0.477717 0.296402 0.0511409 0.0099449
pobs_RECLAS
 0 0 0 0 0
 0 0 0 0 0
 0 0 0 0 0
 0 0 0 0 0
 0.835266 0.146461 0.0176864 0.000547809 3.91292e-05
 0.385257 0.428462 0.181853 0.0044286 0
 0.867414 0.0963971 0.0333333 0.00285562 0
 0.441836 0.489002 0.0689373 0.000224442 0
 0.779404 0.147425 0.0564933 0.0165055 0.000172143
 0.814271 0.122319 0.05973 0.00367925 0
 0.40263 0.566651 0.0304383 0.000280538 0
 0.475488 0.404961 0.113038 0.00651328 0
 0.955842 0.0263864 0.0167828 0.000988607 0
 0.975058 0.0227948 0.00214734 0 0
 0.738997 0.206755 0.0527124 0.00153531 0
 0.850938 0.134255 0.0134407 0.00136685 0
 0.542534 0.407297 0.0501686 0 0
 0.764087 0.199537 0.0359546 0.000420521 0
 0.470689 0.182191 0.310203 0.0369168 0
 0.84361 0.089868 0.0606195 0.00523954 0.000663233
 0.607945 0.314616 0.071237 0.00620181 0
 0.523733 0.453247 0.0230204 0 0
 0.530135 0.295979 0.169645 0.0042399 0
 0.562478 0.366248 0.0663022 0.0049721 0
ppred_RECLAS
 0.675405 0.243737 0.0722036 0.00865001 4.43222e-06
 0.641744 0.303478 0.0443842 0.00932523 0.00106909
 0.452154 0.462093 0.0761053 0.00788297 0.00176499
 0.59207 0.291377 0.10476 0.0105334 0.00125885
 0.599814 0.290109 0.0832006 0.0242401 0.00263626
 0.430972 0.42205 0.111003 0.0273809 0.00859389
 0.744296 0.168659 0.0698193 0.013153 0.00407303
 0.643089 0.318132 0.028182 0.00857091 0.00202571
 0.813843 0.158946 0.025261 0.00143763 0.000512062
 0.548082 0.416917 0.0314577 0.00330121 0.000241689
 0.429232 0.416964 0.14448 0.00841238 0.000912301
 0.506817 0.329393 0.129962 0.0318629 0.00196505
 0.486154 0.38512 0.0950911 0.0269259 0.00670903
 0.777444 0.187194 0.0293518 0.0045033 0.00150649
 0.722037 0.270544 0.00692485 0.000416988 7.7418e-05
 0.508574 0.456169 0.0348198 0.000409719 2.6931e-05
 0.443252 0.409311 0.139845 0.00750203 8.98845e-05
 0.725741 0.196544 0.0625529 0.0144163 0.000745515
 0.746755 0.226357 0.0214254 0.00444062 0.00102172
 0.527158 0.415521 0.0529097 0.00354772 0.000863718
 0.675939 0.226207 0.0886162 0.0085526 0.000684728
 0.679368 0.25633 0.0475789 0.0151909 0.0015313
 0.496446 0.401902 0.084555 0.0127609 0.00433564
 0.512739 0.314938 0.142838 0.0246649 0.00481968
pobs_PELACES
 0 0 0 0 0
 0 0 0 0 0
 0 0 0 0 0
 0 0 0 0 0
 0 0 0 0 0
 0 0 0 0 0
 0 0 0 0 0
 0 0 0 0 0
 0 0 0 0 0
 0 0 0 0 0
 0.450072 0.473896 0.0757376 0.000293798 0
 0 0 0 0 0
 0.463077 0.371075 0.160297 0.00555027 0
 0.529543 0.364841 0.0842815 0.0213345 0
 0.631943 0.363953 0.00410389 0 0
 0.735681 0.248677 0.0153453 0.000297389 0
 0.695825 0.281241 0.0229344 0 0
 0.275771 0.60734 0.115278 0.00161068 0
 0 0 0 0 0
 0.896147 0.0623911 0.0374545 0.00400742 0
 0.803859 0.145111 0.0509908 3.86294e-05 0
 0.739449 0.233085 0.0266225 0.000797448 4.60066e-05
 0.878498 0.100942 0.0204185 0.000141795 0
 0.694673 0.275183 0.0284847 0.00165964 0
ppred_PELACES
 0.770222 0.184155 0.0409282 0.00469193 2.38693e-06
 0.734982 0.233397 0.0258324 0.00519741 0.000591617
 0.60708 0.349378 0.0388744 0.00381902 0.000848549
 0.672579 0.247451 0.0721525 0.00698808 0.000829478
 0.659683 0.257663 0.0629854 0.0177507 0.00191782
 0.548431 0.358481 0.0710747 0.0167832 0.0052301
 0.820248 0.128828 0.0411915 0.00744386 0.00228894
 0.755351 0.225495 0.0141108 0.00408566 0.000958463
 0.881803 0.105383 0.0119376 0.000647292 0.000228853
 0.630223 0.346756 0.0207719 0.00209593 0.00015239
 0.54993 0.352867 0.0915535 0.00510018 0.000549142
 0.623392 0.27396 0.0821673 0.0192985 0.00118174
 0.626756 0.302353 0.0530459 0.0143071 0.00353848
 0.911618 0.0806643 0.00648935 0.000922536 0.000305874
 0.860613 0.137273 0.001982 0.000111479 2.05222e-05
 0.615103 0.363872 0.0207765 0.00023388 1.5263e-05
 0.574778 0.336876 0.0839934 0.00430159 5.11638e-05
 0.826131 0.136041 0.0307349 0.00674642 0.000346297
 0.821409 0.164143 0.0116188 0.00230372 0.000526256
 0.620105 0.343147 0.0340282 0.00219027 0.000529516
 0.744987 0.188582 0.0603681 0.00561574 0.000446562
 0.745119 0.211945 0.0320777 0.00986981 0.000988176
 0.573359 0.353664 0.0610871 0.00888956 0.00299995
 0.599701 0.277408 0.102521 0.0170593 0.00331091
pobs_pel_tallas
 0 0 0 0 0 0 0 0 0 0 0 0 0 0 0 0 0 0 0 0 0 0 0 0 0 0 0 0 0 0 0 0 0 0 0 0
 0 0 0 0 0 0 0 0 0 0 0 0 0 0 0 0 0 0 0 0 0 0 0 0 0 0 0 0 0 0 0 0 0 0 0 0
 0 0 0 0 0 0 0 0 0 0 0 0 0 0 0 0 0 0 0 0 0 0 0 0 0 0 0 0 0 0 0 0 0 0 0 0
 0 0 0 0 0 0 0 0 0 0 0 0 0 0 0 0 0 0 0 0 0 0 0 0 0 0 0 0 0 0 0 0 0 0 0 0
 0 0 0 0 0 0 0 0 0 0 0 0 0 0 0 0 0 0 0 0 0 0 0 0 0 0 0 0 0 0 0 0 0 0 0 0
 0 0 0 0 0 0 0 0 0 0 0 0 0 0 0 0 0 0 0 0 0 0 0 0 0 0 0 0 0 0 0 0 0 0 0 0
 0 0 0 0 0 0 0 0 0 0 0 0 0 0 0 0 0 0 0 0 0 0 0 0 0 0 0 0 0 0 0 0 0 0 0 0
 0 0 0 0 0 0 0 0 0 0 0 0 0 0 0 0 0 0 0 0 0 0 0 0 0 0 0 0 0 0 0 0 0 0 0 0
 0 0 0 0 0 0 0 0 0 0 0 0 0 0 0 0 0 0 0 0 0 0 0 0 0 0 0 0 0 0 0 0 0 0 0 0
 0 0 0 0 0 0 0 0 0 0 0 0 0 0 0 0 0 0 0 0 0 0 0 0 0 0 0 0 0 0 0 0 0 0 0 0
 0 0 0 0 0 0 0 0 1.78061e-05 0.00172719 0.00360574 0.0105946 0.0120993 0.0124554 0.0147524 0.0171206 0.0266825 0.0428682 0.0675386 0.121331 0.153587 0.119568 0.100827 0.0573624 0.0630603 0.0341343 0.0324427 0.0444173 0.0211091 0.0280891 0.0125444 0.00206551 0 0 0 0
 0 0 0 0 0 0 0 0 0 0 0 0 0 0 0 0 0 0 0 0 0 0 0 0 0 0 0 0 0 0 0 0 0 0 0 0
 0 0 0 0 0 0 0.0133647 0.0140871 0.0187388 0.0205184 0.03894 0.0496705 0.03968 0.0493445 0.0407372 0.0367815 0.0215668 0.0243155 0.0234873 0.0199281 0.019796 0.0243948 0.0301388 0.0376714 0.0412746 0.0863199 0.0771752 0.113111 0.0741005 0.0525337 0.0229764 0.00759418 0.00175318 0 0 0
 0 0 0 0 0 0 0 0 0 0 0.00219441 0.00772107 0.0458388 0.0604681 0.0671733 0.0775358 0.0609151 0.0617685 0.073594 0.0568108 0.0755445 0.0548602 0.0670107 0.0636378 0.0643287 0.046367 0.0373049 0.0286899 0.0247887 0.0153202 0.00654259 0.00121912 0.000365735 0 0 0
 0 0 0 0 0 0 0 0 0 0 0 0 0.000112435 0.00938835 0.0111873 0.0202946 0.0414886 0.0713402 0.111592 0.104902 0.108894 0.110636 0.117776 0.105296 0.107544 0.0401394 0.0192827 0.0124803 0.00416011 0.0028671 0.000618394 0 0 0 0 0
 0 0 0 0 0 0 0 0 0 0 0.00291406 0.0102884 0.027416 0.0768956 0.0749926 0.110853 0.0956884 0.0897413 0.0766577 0.0534642 0.0500743 0.0551293 0.0594112 0.0620874 0.0668451 0.0424026 0.0208742 0.0120726 0.0048766 0.00582813 0.00118941 0.000297354 0 0 0 0
 0 0.00264628 0.0354308 0.0461629 0.0458689 0.0383711 0.0214643 0.0164657 0.0346957 0.0420465 0.0363128 0.0245516 0.0311673 0.0291091 0.0169068 0.0133784 0.00837989 0.0085269 0.0148486 0.0160247 0.0276389 0.0546898 0.0760071 0.122758 0.109233 0.0665981 0.0333725 0.0166128 0.00676272 0.00308733 0.000882094 0 0 0 0 0
 0 0 0 0 0 0 0 0.000805153 0.000690131 0.00759144 0.0133425 0.0154129 0.00931677 0.000345066 0.00356568 0.00563607 0.00851162 0.0253048 0.0502646 0.0516448 0.0657925 0.0565908 0.0611916 0.0827007 0.0866115 0.110766 0.145733 0.0935128 0.0569358 0.0249597 0.0138026 0.00621118 0.00161031 0.00115022 0 0
 0 0 0 0 0 0 0 0 0 0 0 0 0 0 0 0 0 0 0 0 0 0 0 0 0 0 0 0 0 0 0 0 0 0 0 0
 0.00147267 0.00158595 0.00478618 0.00569244 0.00954404 0.0108468 0.00647125 0.017049 0.0510054 0.094081 0.124002 0.0959785 0.0687766 0.0820023 0.061753 0.0591476 0.0492212 0.0479892 0.0443925 0.0268479 0.0217502 0.0140895 0.0121071 0.0120363 0.00920419 0.00665534 0.0049561 0.00860946 0.00930331 0.0156896 0.0114698 0.00855282 0.00243557 0.00046729 0 2.83206e-05
 0 0 0 0 0.000772559 0.00158375 0.000888443 0.00281984 0.00712685 0.0440552 0.0773331 0.111326 0.0921469 0.0852325 0.0710754 0.0886704 0.0786465 0.0553345 0.0373146 0.0185414 0.00753245 0.00457741 0.012979 0.0271748 0.0457355 0.0583668 0.034881 0.0177882 0.00938659 0.00492506 0.0015258 0.00185414 0.000309023 5.79419e-05 3.86279e-05 0
 0 0.00173294 0.00326652 0 0.00397197 0.00683976 0.00946217 0.0152591 0.00757587 0.0136028 0.0228656 0.0392903 0.0559909 0.0764795 0.0681675 0.0726916 0.0566044 0.0477403 0.0527397 0.0444891 0.0609904 0.0582453 0.0661739 0.0445044 0.0529084 0.0360697 0.0280645 0.0235558 0.0158879 0.00826598 0.00280645 0.00217768 0.000904811 0.00058276 9.20147e-05 0
 0 0 0 0 0 0 0 0 0 0 0 0 0 0 0 0 0 0 0 0 0 0 0 0 0 0 0 0 0 0 0 0 0 0 0 0
 0 0 0 0 0 0 0 0 0 0 0 0 0 0 0 0 0 0 0 0 0 0 0 0 0 0 0 0 0 0 0 0 0 0 0 0
ppred_pel_tallas
 1.00803e-16 3.36055e-05 0.000197238 0.000937582 0.00360974 0.0112567 0.0284334 0.0581786 0.0964376 0.129514 0.140938 0.12432 0.0889975 0.0519504 0.0252322 0.0111474 0.00602901 0.0055563 0.00707464 0.00940366 0.0120373 0.0146475 0.0169254 0.0185858 0.0194197 0.0193407 0.0184028 0.0167804 0.014721 0.012485 0.0102943 0.00830129 0.00658381 0.00515779 0.00400017 0.00307083
 1.0065e-16 3.20708e-05 0.000188223 0.000894716 0.00344468 0.0107419 0.0271333 0.0555188 0.0920303 0.1236 0.134515 0.118686 0.0850334 0.049775 0.0244338 0.0112327 0.00669458 0.00671023 0.00874276 0.0116369 0.0148524 0.0179945 0.0206757 0.0225391 0.0233299 0.0229547 0.0215025 0.019218 0.0164372 0.0135084 0.0107232 0.0082761 0.00625678 0.00466868 0.00346058 0.00255806
 1.00837e-16 2.64984e-05 0.000155498 0.000739112 0.00284553 0.00887343 0.0224138 0.0458633 0.0760297 0.102125 0.111181 0.0981872 0.0705415 0.0416845 0.0211934 0.0109736 0.00822137 0.00958918 0.0129831 0.0173829 0.0221977 0.0268873 0.0308803 0.0336436 0.0347958 0.0341975 0.0319837 0.0285224 0.0243194 0.0198993 0.0157015 0.0120198 0.00899032 0.00661884 0.00482811 0.00350504
 1.01384e-16 2.93504e-05 0.000172251 0.000818777 0.00315229 0.00983009 0.0248301 0.0508065 0.0842203 0.113114 0.123113 0.108648 0.077891 0.0456939 0.0226178 0.0107163 0.0068293 0.00721502 0.00956285 0.0128127 0.0164494 0.0200733 0.0232769 0.0256757 0.0269825 0.0270705 0.0259983 0.0239843 0.0213451 0.0184178 0.0154923 0.0127719 0.0103659 0.00830638 0.00657668 0.00513877
 1.01678e-16 2.87885e-05 0.000168951 0.000803087 0.00309188 0.0096417 0.0243543 0.0498329 0.0826068 0.110948 0.12076 0.10658 0.076426 0.0448709 0.022278 0.010668 0.00694742 0.00745041 0.00991051 0.0132816 0.0170451 0.0207896 0.0240936 0.0265597 0.0278937 0.0279689 0.0268517 0.0247739 0.0220676 0.0190827 0.016117 0.013375 0.0109611 0.00889913 0.00716353 0.00570895
 1.01947e-16 2.39415e-05 0.000140486 0.000667738 0.00257072 0.00801644 0.0202492 0.0414343 0.0686891 0.0922688 0.100463 0.0887487 0.06382 0.0378325 0.0194574 0.0104393 0.00826968 0.00994537 0.0135848 0.0182591 0.0234057 0.0284868 0.0329219 0.0361614 0.0378023 0.03768 0.0359023 0.03281 0.0288834 0.0246254 0.020461 0.0166785 0.0134196 0.010707 0.00848923 0.00668529
 1.0099e-16 3.57846e-05 0.000210036 0.000998437 0.00384407 0.0119874 0.0302792 0.0619548 0.102695 0.137911 0.15006 0.132328 0.0946483 0.0550824 0.0264427 0.0111541 0.00528344 0.00421063 0.00510988 0.00675467 0.00867034 0.0106013 0.0123278 0.0136483 0.0144119 0.0145495 0.014087 0.0131319 0.0118419 0.0103857 0.00890821 0.00751128 0.00625016 0.00514261 0.00418355 0.00335857
 1.0046e-16 3.29586e-05 0.000193437 0.000919502 0.00354012 0.0110395 0.027885 0.0570568 0.0945794 0.127022 0.138236 0.12196 0.0873592 0.0510967 0.0250083 0.0113709 0.00660327 0.00647568 0.00837829 0.0111271 0.0141774 0.0171413 0.019643 0.0213395 0.0219886 0.0215067 0.0199888 0.0176813 0.0149187 0.0120453 0.00934769 0.00701448 0.00512888 0.00368723 0.00263073 0.00187743
 1.00237e-16 3.84677e-05 0.000225791 0.00107334 0.00413248 0.0128868 0.0325509 0.0666027 0.110398 0.148252 0.161303 0.142222 0.101678 0.0590796 0.0281843 0.0115812 0.00502254 0.00352527 0.00404325 0.00526314 0.00669672 0.00810791 0.00931077 0.0101425 0.0104877 0.0103044 0.00963312 0.00858515 0.00731323 0.00597582 0.00470585 0.00359227 0.00267641 0.00196025 0.00142059 0.00102324
 1.00488e-16 2.75074e-05 0.000161422 0.000767276 0.00295397 0.0092116 0.023268 0.047611 0.0789264 0.106014 0.115411 0.101912 0.0731949 0.0432065 0.0218818 0.01119 0.00821057 0.00946 0.01276 0.0170534 0.0217368 0.026268 0.0300782 0.0326408 0.0335841 0.0327807 0.0303795 0.0267631 0.0224504 0.017976 0.0137852 0.010172 0.00726658 0.00506381 0.00347188 0.00236166
 1.01616e-16 2.40067e-05 0.000140869 0.000669561 0.00257773 0.00803833 0.0203044 0.0415474 0.0688763 0.0925199 0.100735 0.0889863 0.0639847 0.0379179 0.019479 0.0104159 0.00821203 0.00985604 0.0134635 0.0181076 0.0232319 0.0283058 0.0327551 0.0360335 0.037736 0.0376897 0.0359891 0.0329586 0.0290636 0.0247968 0.0205805 0.016709 0.0133366 0.0105027 0.0081733 0.00628156
 1.01975e-16 2.72067e-05 0.000159663 0.000758928 0.00292185 0.00911146 0.023015 0.0470928 0.0780655 0.104852 0.114132 0.100749 0.072286 0.0425231 0.0212668 0.0104423 0.0071424 0.00791599 0.0106262 0.0142766 0.018354 0.022431 0.0260616 0.0288211 0.0303906 0.0306264 0.0295868 0.0275051 0.0247214 0.0215975 0.0184444 0.0154793 0.0128186 0.0104976 0.00850222 0.00679771
 1.01509e-16 2.73545e-05 0.000160528 0.000763035 0.00293765 0.00916074 0.0231395 0.0473477 0.0784888 0.105423 0.114758 0.101315 0.0727202 0.0428348 0.0215258 0.0107375 0.00755358 0.00850586 0.0114384 0.0153295 0.0196303 0.0238689 0.0275519 0.0302163 0.0315248 0.0313427 0.0297667 0.0270904 0.0237255 0.0201013 0.0165796 0.0134044 0.0106935 0.00846183 0.00666041 0.00521459
 1.00165e-16 3.97667e-05 0.00023342 0.00110961 0.00427215 0.0133224 0.0336511 0.0688536 0.114128 0.153259 0.166744 0.147003 0.10506 0.0609728 0.0289523 0.0116626 0.00469956 0.00290266 0.00312201 0.00401118 0.00509104 0.0061558 0.00705863 0.00767471 0.0079167 0.00775388 0.00721933 0.00640019 0.00541529 0.00438731 0.00341861 0.00257698 0.00189295 0.0013662 0.000976814 0.000696502
 1.00078e-16 3.7545e-05 0.000220371 0.00104757 0.00403323 0.0125773 0.0317692 0.0650035 0.107748 0.144697 0.157443 0.138837 0.0992988 0.057779 0.0277174 0.0116543 0.00545714 0.00427008 0.00511744 0.00669947 0.00850471 0.0102534 0.0117083 0.0126601 0.0129638 0.012573 0.0115517 0.0100575 0.00830162 0.00650069 0.0048341 0.00341889 0.00230491 0.00148624 0.000921177 0.000552659
 1.00423e-16 2.68488e-05 0.000157554 0.000748882 0.00288314 0.00899073 0.0227101 0.0464696 0.0770351 0.103476 0.112654 0.0994917 0.0714876 0.0422611 0.0215182 0.0111918 0.00844194 0.00987566 0.0133664 0.0178705 0.0227747 0.0275144 0.031493 0.0341581 0.0351198 0.0342457 0.0316936 0.0278668 0.0233125 0.018594 0.0141807 0.0103824 0.00733641 0.00503699 0.0033866 0.00224785
 1.01453e-16 2.50895e-05 0.000147227 0.000699794 0.00269415 0.00840136 0.0212214 0.0434234 0.0719854 0.0966932 0.105271 0.0929744 0.0668113 0.0395105 0.0201451 0.010527 0.00801072 0.00943749 0.0128354 0.0172471 0.0221181 0.026936 0.0311514 0.0342429 0.0358252 0.0357354 0.0340667 0.0311325 0.0273805 0.0232845 0.0192498 0.015558 0.012356 0.00967951 0.00749312 0.00572958
 1.00729e-16 3.60414e-05 0.000211543 0.0010056 0.00387165 0.0120734 0.0304964 0.0623993 0.103432 0.138901 0.151138 0.133282 0.0953363 0.0554945 0.026662 0.0112828 0.00539608 0.00434829 0.0052904 0.00698118 0.00893362 0.0108793 0.0125859 0.0138422 0.0144936 0.0144754 0.0138257 0.0126709 0.0111908 0.00957457 0.00798297 0.0065263 0.00526046 0.00419701 0.00331992 0.0026016
 1.00323e-16 3.58366e-05 0.000210338 0.000999867 0.00384957 0.0120045 0.0303225 0.0620436 0.102843 0.138113 0.150287 0.132546 0.0948418 0.0552713 0.0266751 0.0114935 0.00579745 0.00496381 0.00615449 0.00811695 0.0103344 0.012496 0.014323 0.0155645 0.0160437 0.015699 0.0145988 0.0129217 0.0109106 0.0088159 0.00684634 0.0051397 0.00375741 0.00269784 0.00191921 0.0013627
 1.00695e-16 2.70661e-05 0.000158832 0.000754961 0.00290655 0.00906374 0.0228945 0.0468468 0.0776596 0.104313 0.11356 0.10028 0.0720269 0.0425263 0.0215549 0.0110524 0.00814809 0.00941753 0.0127205 0.0170193 0.0217215 0.0262932 0.0301722 0.0328351 0.0339092 0.0332601 0.0310244 0.0275684 0.0233937 0.0190198 0.0148816 0.0112689 0.00831483 0.00602288 0.00431339 0.00307077
 1.01133e-16 3.25054e-05 0.000190779 0.000906872 0.0034915 0.0108879 0.027502 0.056273 0.0932792 0.125273 0.136326 0.120259 0.086107 0.050296 0.0244906 0.0109267 0.00606481 0.00573278 0.00736773 0.00982858 0.012621 0.0154167 0.0179011 0.0197796 0.0208311 0.0209558 0.0201938 0.0187069 0.0167315 0.0145208 0.0122934 0.0102041 0.00833789 0.00672267 0.0053504 0.00419699
 1.0091e-16 3.2512e-05 0.000190816 0.000907044 0.00349215 0.0108899 0.0275072 0.0562837 0.0932976 0.125299 0.13636 0.1203 0.0861609 0.0503767 0.0246211 0.0111377 0.00639249 0.00621428 0.00803374 0.0106932 0.0136706 0.016602 0.0191354 0.0209457 0.0217982 0.0216019 0.0204287 0.01849 0.0160795 0.0135032 0.0110178 0.00879606 0.00691964 0.00539638 0.00418788 0.00323682
 1.01429e-16 2.50283e-05 0.000146866 0.000698075 0.00268752 0.0083807 0.0211692 0.0433168 0.0718091 0.0964577 0.105018 0.0927598 0.0666756 0.0394674 0.0201912 0.0106598 0.00823903 0.00977955 0.01331 0.0178633 0.022866 0.0277809 0.0320321 0.0350777 0.0365236 0.0362142 0.0342666 0.0310302 0.0269935 0.0226667 0.0184804 0.0147262 0.0115455 0.00895666 0.00690034 0.00528434
 1.02287e-16 2.61739e-05 0.000153599 0.000730097 0.00281084 0.00876528 0.0221406 0.0453037 0.0751002 0.100871 0.109802 0.0969364 0.0695713 0.0409679 0.0205671 0.0102293 0.00716708 0.00806869 0.0108836 0.014653 0.0188751 0.0231238 0.0269483 0.029916 0.0316967 0.0321334 0.0312705 0.0293274 0.0266323 0.0235388 0.0203544 0.017298 0.0144941 0.01199 0.00978698 0.0078664
pSPR Fmed_Fpbrs
0.535505   0.434248 0.434248
Fs Fmed_Fpbrs
0.64   1.005 1.005
SSBpbr Bo_Bmed_Bpbrs
610674  296485  234650 234650
Ro
29254.2
SPR SPRFo_SPRFmed_SPRFpbrs
601934 322338 261389
log_Ro
10.1038
likeval ReclasPelacesDesembMPH_pf_preclas_ppelaces_ptallas_desvR_qrecl_qpela
 69.9499 9.41222 0.0449129 65.8167 317.093 184.334 50.3738 0 20.307 1.08383e-06 0.000108775 0 0 0 0
q_reclas_q_pelaces
1.15896 4.40972
M
0.7
N
 34247.7 10123.9 3193.07 377.069 0.192136
 40721.2 15455.7 2375.24 491.371 56.017
 17262 18487 3799.67 393.205 87.6136
 21592.6 7248.83 2466.01 241.979 28.743
 35022.4 10280.2 2587.15 730.915 78.9801
 21751.8 17254 4796.67 1165.57 363.79
 56812.2 9848.73 4153.68 768.447 236.594
 56031.4 26156.5 2702.63 816.496 191.986
 134447 24261.6 4436.73 250.537 88.7741
 107376 58575.5 4319.01 443.536 32.2794
 63022.8 50379.1 18640.9 1070.14 115.412
 55026 28403.6 11696.4 2821.9 173.051
 33985 25058.1 7152.96 2010.48 498.355
 30670 14774.8 4386.57 696.568 232.345
 17768.8 10660.3 447.535 27.5548 5.09757
 8909.84 6591.78 538.101 6.24368 0.408131
 4970.96 4012.82 1522.23 80.7808 0.96268
 8712.38 2201.09 811.063 185.567 9.5467
 15129.8 3785.16 383.316 78.3438 17.9262
 11519.4 6812.9 872.831 57.4137 13.8966
 23782.7 5333.74 1954.58 183.92 14.6343
 44786.8 11381.9 1982.71 617.362 61.851
 39887.2 21402.2 4182.19 615 207.662
 46217.8 19150.8 8159.68 1374.22 266.888
pred_Ctot
 2258.89 4007.39 1691.2 203.239 0.103657
 2524.99 5840.76 1210.61 255.017 29.1003
 1934.92 10453.9 2653.36 277.805 61.9382
 642.18 1494.42 736.324 73.9884 8.79971
 199.448 448.148 173.549 50.4614 5.46107
 1387.4 6660.75 2488.47 615.569 192.308
 2990.04 3277.71 1901.16 358.69 110.55
 5200.57 13150.2 1730.4 530.057 124.726
 11949.3 11854 2779.4 159.214 56.4579
 4274.72 15519.6 1618.89 169.923 12.381
 4212.57 20140 9953.72 581.435 62.7639
 3299.56 10463.4 5835.54 1434.08 88.0299
 3067.07 12368.1 4515.97 1287.4 319.356
 6755.24 11459.3 3757.19 599.547 200.034
 3286.97 7749.47 368.986 22.8626 4.23093
 599.566 2648.31 288.505 3.40599 0.222844
 389.845 1800.03 892.063 48.0888 0.573559
 789.966 1089.77 513.27 119.101 6.13187
 1019.97 1522.77 205.743 42.7836 9.79848
 562.202 2134.71 379.237 25.4564 6.16819
 621.579 980.63 525.007 50.6244 4.03339
 1216.63 2165.88 549.839 175.408 17.5961
 952.761 3629.49 1041.87 157.072 53.1076
 1270.18 3682.06 2284.55 394.175 76.6514
F
 0.0956399 0.749798 1.17154 1.20728 1.20922
 0.089679 0.703065 1.09852 1.13203 1.13386
 0.167666 1.31447 2.05382 2.11648 2.11988
 0.0421291 0.330284 0.516061 0.531804 0.532659
 0.00794658 0.0622996 0.0973416 0.100311 0.100472
 0.0923552 0.724047 1.1313 1.16582 1.16769
 0.0756545 0.593116 0.926729 0.955001 0.956537
 0.137016 1.07418 1.67838 1.72958 1.73236
 0.130854 1.02587 1.60289 1.65179 1.65445
 0.0567565 0.44496 0.695238 0.716448 0.7176
 0.0969791 0.760297 1.18795 1.22419 1.22615
 0.0866081 0.67899 1.06091 1.09327 1.09503
 0.132995 1.04265 1.62912 1.67882 1.68152
 0.35676 2.79692 4.37012 4.50344 4.51069
 0.291619 2.28624 3.57219 3.68116 3.68708
 0.0976616 0.765648 1.19631 1.2328 1.23478
 0.114659 0.898905 1.40452 1.44736 1.44969
 0.133658 1.04785 1.63724 1.68719 1.6899
 0.097847 0.767102 1.19858 1.23514 1.23713
 0.0699818 0.548644 0.857242 0.883394 0.884814
 0.0369382 0.289588 0.452475 0.466278 0.467028
 0.0384177 0.301187 0.470597 0.484954 0.485734
 0.0337114 0.26429 0.412947 0.425545 0.426229
 0.0388745 0.304768 0.476193 0.49072 0.491509
Np
 20778.5 9529.95 5878.96 1315.19 541.585
YTP_r0W_actual
 20409.7 125726 106052 23834.6 5663.34
YTP_p0W_proyectada
 9405.16 164763 104055 48624.2 11689.2
 9405.16 71126.1 87245.6 25408.6 11623
CTP_r0_actual
 2551.22 6617.14 3856.44 662.072 128.712
CTP_p0_proyectada
 1146.97 7627.9 3313.86 1212.57 262.678
 1146.97 3292.87 2778.52 633.631 261.191
Wmedp
 8.2 21.6 31.4 40.1 44.5
nmprior
 10.8 10.6 4.6 0
nm_flota  nm_reclas  nm_pelaces    nm_pelaL
inf 15.8285 10.6952 17.1801
cv_recla  cv_pelaces  cv_mph
0.774319 0.361003 0.344195
 ------------------------------------------------
Talla a la edad & desviaci?n 
 7.2 14.2025 17.0495 18.207 18.6776
 1.08 2.13037 2.55742 2.73105 2.80164
