years
 1997 1998 1999 2000 2001 2002 2003 2004 2005 2006 2007 2008 2009 2010 2011 2012 2013 2014 2015 2016 2017 2018 2019 2020 2021
reclasobs
 0 0 0 370054 412103 1.49427e+06 250295 1.28982e+06 931140 785840 897777 1.04006e+06 184774 17550 25797 100020 73551 82996 120727 218422 84188 347160 605670 569463 516374
reclaspred
 547757 139642 318117 188734 277722 290133 606527 435685 747966 916381 807815 591224 326114 115337 97480.9 91871.7 66251.2 66621.9 90603 128810 198192 240008 473821 684615 1.00048e+06
pelacesobs
 0 0 0 0 0 0 0 0 0 2.06254e+06 1.5e+06 0 1.87456e+06 323000 250000 174000 83755 137374 0 501740 490994 745055 786931 1.00524e+06 1.33801e+06
pelacespred
 2.14309e+06 433590 587713 561268 753756 520065 1.68759e+06 1.19334e+06 2.2652e+06 2.52807e+06 1.82279e+06 1.42243e+06 747632 239849 213142 194609 136160 148958 199989 268453 543371 566847 903753 1.62213e+06 2.16141e+06
mphobs
 0 0 0 0 0 0 112323 0 153150 637223 0 255016 313432 73983 77613 109348 50772 17779 17303 59886 28197 0 207744 136588 643089
mphpred
 197061 106347 111689 91365.8 95519 142579 173257 231216 238846 404609 409571 285719 183149 105632 61747.9 60509.8 41707.2 34431.3 27149.8 39802.1 55905.8 84363.9 132738 200949 330865
desembarqueobs
 350755 77701 442110 56441 14545 235359 269955 359681 431902 328805 639364 411747 362871 311530 167758 66681 60226 58785 57116 73181 50977 67692 138656 160484 209506
desembarquepred
 350758 77697.3 442070 56446.8 14545.7 235582 270036 359471 431657 328821 639400 411632 363160 311655 167527 66717.1 60318.9 58769.1 57040.6 73188.7 50977.3 67657.9 138682 160473 209509
Reclutas
 34293.2 40831.8 17436.5 21986.6 35319 21918.9 57433.9 56271.9 135785 108106 62773.9 54395.8 33691.6 30446.4 17702.5 8931.14 4942.19 7921.41 14158.7 10776.7 23135.3 40143.7 44606.2 98963.4 30348.2
log_desv_Rt
 0.135477 0.309991 -0.540904 -0.309039 0.164949 -0.312121 0.651165 0.630724 1.51161 1.28364 0.740068 0.596816 0.117778 0.0164975 -0.525762 -1.20993 -1.80166 -1.3299 -0.749142 -1.02208 -0.258113 0.292995 0.398402 1.19528 0.0132656
SSB
 402132 217016 227917 186445 194920 290954 340175 463538 472328 807226 835789 583051 388353 150537 91099.4 88673.7 66766.6 52810.6 65652.2 102337 133199 194798 316139 454538 822333
BT
 1.43955e+06 339902 542147 334236 383303 430719 1.09796e+06 1.00361e+06 1.62501e+06 1.55982e+06 1.45177e+06 1.07291e+06 716687 408780 248634 147901 119314 125795 149423 187014 322550 335789 524358 949316 1.14823e+06
Ftot
 1.27802 1.1884 2.19338 0.542072 0.101315 1.17198 0.959871 1.75045 1.68771 0.727292 1.22771 1.09142 1.68897 4.60044 3.78223 1.25431 1.46045 1.75404 1.42312 1.03123 0.54055 0.545732 0.486068 0.47263 0.315826
BD_Bspro_t
 0.89469 0.608228 0.510019 0.301941 0.430048 0.582623 0.479603 0.518943 0.48962 0.569145 0.539362 0.38321 0.296716 0.157243 0.116544 0.136054 0.144668 0.159399 0.235126 0.378062 0.465747 0.621321 0.690673 0.702336 0.763221
BD_Bspro
 0.653061 0.352435 0.370138 0.302787 0.316551 0.472509 0.552443 0.752786 0.76706 1.31094 1.35732 0.946875 0.630684 0.244472 0.147945 0.144006 0.108429 0.0857644 0.106619 0.166196 0.216314 0.316352 0.51341 0.738169 1.33547
BD_Bo
 0.621216 0.335249 0.352088 0.288022 0.301114 0.449468 0.525504 0.716077 0.729655 1.24701 1.29113 0.900702 0.59993 0.232551 0.140731 0.136984 0.103141 0.0815822 0.10142 0.158091 0.205766 0.300925 0.488374 0.702173 1.27035
BD_Brms
 1.59058 0.85838 0.901497 0.73746 0.770983 1.15083 1.34552 1.83347 1.86823 3.19288 3.30586 2.30618 1.53608 0.59543 0.360332 0.350737 0.264086 0.208885 0.259679 0.404782 0.52685 0.770498 1.25045 1.79787 3.25263
S_f
 0.0733433 0.60061 0.966185 0.998161 0.999903
 0.0733433 0.60061 0.966185 0.998161 0.999903
 0.0733433 0.60061 0.966185 0.998161 0.999903
 0.0733433 0.60061 0.966185 0.998161 0.999903
 0.0733433 0.60061 0.966185 0.998161 0.999903
 0.0733433 0.60061 0.966185 0.998161 0.999903
 0.0733433 0.60061 0.966185 0.998161 0.999903
 0.0733433 0.60061 0.966185 0.998161 0.999903
 0.0733433 0.60061 0.966185 0.998161 0.999903
 0.0733433 0.60061 0.966185 0.998161 0.999903
 0.0733433 0.60061 0.966185 0.998161 0.999903
 0.0733433 0.60061 0.966185 0.998161 0.999903
 0.0733433 0.60061 0.966185 0.998161 0.999903
 0.0733433 0.60061 0.966185 0.998161 0.999903
 0.0733433 0.60061 0.966185 0.998161 0.999903
 0.0733433 0.60061 0.966185 0.998161 0.999903
 0.0733433 0.60061 0.966185 0.998161 0.999903
 0.0733433 0.60061 0.966185 0.998161 0.999903
 0.0733433 0.60061 0.966185 0.998161 0.999903
 0.0733433 0.60061 0.966185 0.998161 0.999903
 0.0733433 0.60061 0.966185 0.998161 0.999903
 0.0733433 0.60061 0.966185 0.998161 0.999903
 0.0733433 0.60061 0.966185 0.998161 0.999903
 0.0733433 0.60061 0.966185 0.998161 0.999903
 0.0733433 0.60061 0.966185 0.998161 0.999903
Scru_reclas
 0.489968 0.82861 0.960523 0.991899 0.99838
 0.489968 0.82861 0.960523 0.991899 0.99838
 0.489968 0.82861 0.960523 0.991899 0.99838
 0.489968 0.82861 0.960523 0.991899 0.99838
 0.489968 0.82861 0.960523 0.991899 0.99838
 0.489968 0.82861 0.960523 0.991899 0.99838
 0.489968 0.82861 0.960523 0.991899 0.99838
 0.489968 0.82861 0.960523 0.991899 0.99838
 0.489968 0.82861 0.960523 0.991899 0.99838
 0.489968 0.82861 0.960523 0.991899 0.99838
 0.489968 0.82861 0.960523 0.991899 0.99838
 0.489968 0.82861 0.960523 0.991899 0.99838
 0.489968 0.82861 0.960523 0.991899 0.99838
 0.489968 0.82861 0.960523 0.991899 0.99838
 0.489968 0.82861 0.960523 0.991899 0.99838
 0.489968 0.82861 0.960523 0.991899 0.99838
 0.489968 0.82861 0.960523 0.991899 0.99838
 0.489968 0.82861 0.960523 0.991899 0.99838
 0.489968 0.82861 0.960523 0.991899 0.99838
 0.489968 0.82861 0.960523 0.991899 0.99838
 0.489968 0.82861 0.960523 0.991899 0.99838
 0.489968 0.82861 0.960523 0.991899 0.99838
 0.489968 0.82861 0.960523 0.991899 0.99838
 0.489968 0.82861 0.960523 0.991899 0.99838
 0.489968 0.82861 0.960523 0.991899 0.99838
Scru_pelaces
 0.760049 1 1 1 1
 0.760049 1 1 1 1
 0.760049 1 1 1 1
 0.760049 1 1 1 1
 0.760049 1 1 1 1
 0.760049 1 1 1 1
 0.760049 1 1 1 1
 0.760049 1 1 1 1
 0.760049 1 1 1 1
 0.760049 1 1 1 1
 0.760049 1 1 1 1
 0.760049 1 1 1 1
 0.760049 1 1 1 1
 0.760049 1 1 1 1
 0.760049 1 1 1 1
 0.760049 1 1 1 1
 0.760049 1 1 1 1
 0.760049 1 1 1 1
 0.760049 1 1 1 1
 0.760049 1 1 1 1
 0.760049 1 1 1 1
 0.760049 1 1 1 1
 0.760049 1 1 1 1
 0.760049 1 1 1 1
 0.760049 1 1 1 1
pf_obs 
 0.256992 0.487395 0.22802 0.0275931 0
 0.321318 0.546541 0.124235 0.00734118 0.000564706
 0.182869 0.594174 0.210203 0.0122559 0.00049798
 0.330522 0.361315 0.267642 0.0388342 0.00168674
 0.649043 0.306663 0.0425973 0.00169635 0
 0.582887 0.30429 0.105238 0.00758474 0
 0.465427 0.430635 0.0974691 0.00646863 0
 0.296916 0.608066 0.0921331 0.00288517 0
 0.311714 0.524322 0.152257 0.0117073 0
 0.15457 0.633149 0.183074 0.0267441 0.00246327
 0.131901 0.49318 0.331252 0.0422183 0.00144891
 0.196976 0.569456 0.194076 0.0375587 0.00193317
 0.518974 0.381816 0.0799577 0.0180837 0.00116848
 0.0928022 0.601141 0.25162 0.0475244 0.00691264
 0.122501 0.610282 0.24278 0.0234846 0.000952079
 0.383417 0.481906 0.127806 0.00687128 0
 0.0376549 0.599619 0.316969 0.0457579 0
 0.0361596 0.667082 0.258105 0.0386534 0
 0.158088 0.579412 0.248529 0.0139706 0
 0.0477256 0.309471 0.559284 0.082774 0.000745712
 0.0406174 0.521527 0.379366 0.0568643 0.0016247
 0.151134 0.462217 0.34131 0.0453401 0
 0.294876 0.26143 0.354403 0.0886775 0.000613685
 0.281977 0.475581 0.204845 0.0348837 0.00271318
 0.0841818 0.532909 0.334909 0.0458182 0.00218182
pf_pred 
 0.272784 0.493001 0.20907 0.0251315 1.34627e-05
 0.249924 0.601036 0.121927 0.0243498 0.00276286
 0.122274 0.684045 0.173319 0.0168272 0.00353513
 0.209909 0.510085 0.253746 0.0236951 0.00256511
 0.216465 0.514404 0.205148 0.0582041 0.00577857
 0.11594 0.585075 0.226133 0.0559709 0.0168808
 0.331345 0.382239 0.230146 0.0431351 0.0131351
 0.238848 0.641261 0.0870677 0.0266386 0.00618432
 0.432052 0.449672 0.109937 0.00617153 0.00216758
 0.188787 0.724585 0.0779702 0.008085 0.000572389
 0.112717 0.574224 0.294168 0.0170807 0.00181126
 0.145235 0.491183 0.288685 0.0706145 0.00428237
 0.133785 0.569196 0.218362 0.0631407 0.0155159
 0.284193 0.507817 0.171421 0.0273738 0.0091958
 0.275645 0.688333 0.0337512 0.00191996 0.000351128
 0.16145 0.75264 0.0849224 0.000931826 5.51866e-05
 0.11671 0.573515 0.293923 0.015679 0.000171964
 0.282219 0.446176 0.218914 0.0501516 0.00253975
 0.363731 0.537305 0.0792599 0.0160936 0.00361093
 0.181443 0.697148 0.112144 0.00751097 0.00175455
 0.293161 0.455813 0.23082 0.0187373 0.00146861
 0.276499 0.550757 0.131721 0.0378449 0.00317751
 0.188934 0.595162 0.18357 0.0248971 0.00743624
 0.282132 0.448391 0.223204 0.0395802 0.00669194
 0.058649 0.698911 0.18027 0.0518471 0.0103232
pobs_RECLAS
 0 0 0 0 0
 0 0 0 0 0
 0 0 0 0 0
 0 0 0 0 0
 0.835266 0.146461 0.0176864 0.000547809 3.91292e-05
 0.385257 0.428462 0.181853 0.0044286 0
 0.867414 0.0963971 0.0333333 0.00285562 0
 0.441836 0.489002 0.0689373 0.000224442 0
 0.779404 0.147425 0.0564933 0.0165055 0.000172143
 0.814271 0.122319 0.05973 0.00367925 0
 0.40263 0.566651 0.0304383 0.000280538 0
 0.475488 0.404961 0.113038 0.00651328 0
 0.955842 0.0263864 0.0167828 0.000988607 0
 0.975058 0.0227948 0.00214734 0 0
 0.738997 0.206755 0.0527124 0.00153531 0
 0.850938 0.134255 0.0134407 0.00136685 0
 0.542534 0.407297 0.0501686 0 0
 0.764087 0.199537 0.0359546 0.000420521 0
 0.470689 0.182191 0.310203 0.0369168 0
 0.84361 0.089868 0.0606195 0.00523954 0.000663233
 0.607945 0.314616 0.071237 0.00620181 0
 0.523733 0.453247 0.0230204 0 0
 0.530135 0.295979 0.169645 0.0042399 0
 0.562478 0.366248 0.0663022 0.0049721 0
 0.250443 0.683176 0.0655157 0.000865301 0
ppred_RECLAS
 0.683332 0.239693 0.0687609 0.00821042 4.41773e-06
 0.645714 0.303147 0.0418779 0.00831321 0.000947479
 0.456899 0.461904 0.0727707 0.0069586 0.00146768
 0.59438 0.292155 0.10284 0.00958264 0.00104223
 0.597678 0.292366 0.0838194 0.0237661 0.00237078
 0.429304 0.423367 0.111562 0.0274508 0.00831623
 0.742606 0.169572 0.0706152 0.0131764 0.00403064
 0.639141 0.321854 0.0284036 0.00859738 0.00200434
 0.813091 0.159501 0.0254921 0.0014166 0.000499652
 0.545294 0.419548 0.0316528 0.00327213 0.000232728
 0.423888 0.420501 0.146272 0.00843985 0.000898962
 0.499748 0.331951 0.13377 0.0325476 0.00198273
 0.482011 0.386487 0.0969157 0.0277404 0.00684573
 0.775933 0.189436 0.0287698 0.0043851 0.0014764
 0.719234 0.273506 0.00681724 0.000374476 6.86819e-05
 0.506001 0.458533 0.0350611 0.000382221 2.27373e-05
 0.438415 0.412936 0.141101 0.00746577 8.22393e-05
 0.707483 0.209731 0.0668618 0.0151535 0.000770624
 0.758261 0.21526 0.0212365 0.00427837 0.000964133
 0.54108 0.409803 0.0453828 0.00302469 0.000709766
 0.695856 0.218862 0.078429 0.00635301 0.000500275
 0.670155 0.269965 0.0456795 0.0130957 0.00110469
 0.554581 0.354266 0.0775116 0.0104927 0.00314866
 0.684927 0.220874 0.0780391 0.0138129 0.00234637
 0.247722 0.602933 0.111061 0.031902 0.00638203
pobs_PELACES
 0 0 0 0 0
 0 0 0 0 0
 0 0 0 0 0
 0 0 0 0 0
 0 0 0 0 0
 0 0 0 0 0
 0 0 0 0 0
 0 0 0 0 0
 0 0 0 0 0
 0 0 0 0 0
 0.450072 0.473896 0.0757376 0.000293798 0
 0 0 0 0 0
 0.463077 0.371075 0.160297 0.00555027 0
 0.529543 0.364841 0.0842815 0.0213345 0
 0.631943 0.363953 0.00410389 0 0
 0.735681 0.248677 0.0153453 0.000297389 0
 0.695825 0.281241 0.0229344 0 0
 0.275771 0.60734 0.115278 0.00161068 0
 0 0 0 0 0
 0.896147 0.0623911 0.0374545 0.00400742 0
 0.803859 0.145111 0.0509908 3.86294e-05 0
 0.739449 0.233085 0.0266225 0.000797448 4.60066e-05
 0.878498 0.100942 0.0204185 0.000141795 0
 0.694673 0.275183 0.0284847 0.00165964 0
 0.469039 0.446079 0.0841089 0.000773354 0
ppred_PELACES
 0.787328 0.17202 0.0364878 0.00416251 2.22352e-06
 0.74953 0.222625 0.0229871 0.00436378 0.000493785
 0.625341 0.335799 0.0350275 0.00316929 0.00066328
 0.686433 0.23887 0.0679436 0.00609578 0.000658482
 0.669875 0.25048 0.0611963 0.0167847 0.00166339
 0.559603 0.350143 0.0691006 0.0162626 0.00489149
 0.82669 0.124274 0.0397627 0.00711242 0.00216036
 0.761599 0.220033 0.0135623 0.00390252 0.000902993
 0.886925 0.100914 0.0113504 0.00060001 0.000210054
 0.640114 0.337617 0.0201276 0.00199948 0.00014123
 0.557268 0.347363 0.089887 0.00495774 0.000524271
 0.629007 0.268831 0.0819264 0.0190819 0.00115416
 0.634993 0.295252 0.0520959 0.0141848 0.0034744
 0.914976 0.0780523 0.00587045 0.00082541 0.000275371
 0.86549 0.132594 0.00180653 9.23354e-05 1.67886e-05
 0.625287 0.354397 0.0200942 0.000209339 1.23633e-05
 0.582758 0.331207 0.0818599 0.00413012 4.51623e-05
 0.822123 0.139737 0.0311008 0.00670049 0.000338198
 0.841976 0.145171 0.0104059 0.00199983 0.000447372
 0.650507 0.320342 0.0270236 0.00172523 0.000401972
 0.773598 0.172303 0.0499024 0.00389213 0.000304406
 0.748716 0.213396 0.0291641 0.00805002 0.000674439
 0.644444 0.294303 0.0523851 0.00683186 0.00203624
 0.762853 0.17628 0.0507516 0.00865559 0.00146036
 0.316698 0.567622 0.0868252 0.0240711 0.00478333
pobs_pel_tallas
 0 0 0 0 0 0 0 0 0 0 0 0 0 0 0 0 0 0 0 0 0 0 0 0 0 0 0 0 0 0 0 0 0 0 0 0
 0 0 0 0 0 0 0 0 0 0 0 0 0 0 0 0 0 0 0 0 0 0 0 0 0 0 0 0 0 0 0 0 0 0 0 0
 0 0 0 0 0 0 0 0 0 0 0 0 0 0 0 0 0 0 0 0 0 0 0 0 0 0 0 0 0 0 0 0 0 0 0 0
 0 0 0 0 0 0 0 0 0 0 0 0 0 0 0 0 0 0 0 0 0 0 0 0 0 0 0 0 0 0 0 0 0 0 0 0
 0 0 0 0 0 0 0 0 0 0 0 0 0 0 0 0 0 0 0 0 0 0 0 0 0 0 0 0 0 0 0 0 0 0 0 0
 0 0 0 0 0 0 0 0 0 0 0 0 0 0 0 0 0 0 0 0 0 0 0 0 0 0 0 0 0 0 0 0 0 0 0 0
 0 0 0 0 0 0 0 0 0 0 0 0 0 0 0 0 0 0 0 0 0 0 0 0 0 0 0 0 0 0 0 0 0 0 0 0
 0 0 0 0 0 0 0 0 0 0 0 0 0 0 0 0 0 0 0 0 0 0 0 0 0 0 0 0 0 0 0 0 0 0 0 0
 0 0 0 0 0 0 0 0 0 0 0 0 0 0 0 0 0 0 0 0 0 0 0 0 0 0 0 0 0 0 0 0 0 0 0 0
 0 0 0 0 0 0 0 0 0 0 0 0 0 0 0 0 0 0 0 0 0 0 0 0 0 0 0 0 0 0 0 0 0 0 0 0
 0 0 0 0 0 0 0 0 1.78061e-05 0.00172719 0.00360574 0.0105946 0.0120993 0.0124554 0.0147524 0.0171206 0.0266825 0.0428682 0.0675386 0.121331 0.153587 0.119568 0.100827 0.0573624 0.0630603 0.0341343 0.0324427 0.0444173 0.0211091 0.0280891 0.0125444 0.00206551 0 0 0 0
 0 0 0 0 0 0 0 0 0 0 0 0 0 0 0 0 0 0 0 0 0 0 0 0 0 0 0 0 0 0 0 0 0 0 0 0
 0 0 0 0 0 0 0.0133647 0.0140871 0.0187388 0.0205184 0.03894 0.0496705 0.03968 0.0493445 0.0407372 0.0367815 0.0215668 0.0243155 0.0234873 0.0199281 0.019796 0.0243948 0.0301388 0.0376714 0.0412746 0.0863199 0.0771752 0.113111 0.0741005 0.0525337 0.0229764 0.00759418 0.00175318 0 0 0
 0 0 0 0 0 0 0 0 0 0 0.00219441 0.00772107 0.0458388 0.0604681 0.0671733 0.0775358 0.0609151 0.0617685 0.073594 0.0568108 0.0755445 0.0548602 0.0670107 0.0636378 0.0643287 0.046367 0.0373049 0.0286899 0.0247887 0.0153202 0.00654259 0.00121912 0.000365735 0 0 0
 0 0 0 0 0 0 0 0 0 0 0 0 0.000112435 0.00938835 0.0111873 0.0202946 0.0414886 0.0713402 0.111592 0.104902 0.108894 0.110636 0.117776 0.105296 0.107544 0.0401394 0.0192827 0.0124803 0.00416011 0.0028671 0.000618394 0 0 0 0 0
 0 0 0 0 0 0 0 0 0 0 0.00291406 0.0102884 0.027416 0.0768956 0.0749926 0.110853 0.0956884 0.0897413 0.0766577 0.0534642 0.0500743 0.0551293 0.0594112 0.0620874 0.0668451 0.0424026 0.0208742 0.0120726 0.0048766 0.00582813 0.00118941 0.000297354 0 0 0 0
 0 0.00264628 0.0354308 0.0461629 0.0458689 0.0383711 0.0214643 0.0164657 0.0346957 0.0420465 0.0363128 0.0245516 0.0311673 0.0291091 0.0169068 0.0133784 0.00837989 0.0085269 0.0148486 0.0160247 0.0276389 0.0546898 0.0760071 0.122758 0.109233 0.0665981 0.0333725 0.0166128 0.00676272 0.00308733 0.000882094 0 0 0 0 0
 0 0 0 0 0 0 0 0.000805153 0.000690131 0.00759144 0.0133425 0.0154129 0.00931677 0.000345066 0.00356568 0.00563607 0.00851162 0.0253048 0.0502646 0.0516448 0.0657925 0.0565908 0.0611916 0.0827007 0.0866115 0.110766 0.145733 0.0935128 0.0569358 0.0249597 0.0138026 0.00621118 0.00161031 0.00115022 0 0
 0 0 0 0 0 0 0 0 0 0 0 0 0 0 0 0 0 0 0 0 0 0 0 0 0 0 0 0 0 0 0 0 0 0 0 0
 0.00147267 0.00158595 0.00478618 0.00569244 0.00954404 0.0108468 0.00647125 0.017049 0.0510054 0.094081 0.124002 0.0959785 0.0687766 0.0820023 0.061753 0.0591476 0.0492212 0.0479892 0.0443925 0.0268479 0.0217502 0.0140895 0.0121071 0.0120363 0.00920419 0.00665534 0.0049561 0.00860946 0.00930331 0.0156896 0.0114698 0.00855282 0.00243557 0.00046729 0 2.83206e-05
 0 0 0 0 0.000772559 0.00158375 0.000888443 0.00281984 0.00712685 0.0440552 0.0773331 0.111326 0.0921469 0.0852325 0.0710754 0.0886704 0.0786465 0.0553345 0.0373146 0.0185414 0.00753245 0.00457741 0.012979 0.0271748 0.0457355 0.0583668 0.034881 0.0177882 0.00938659 0.00492506 0.0015258 0.00185414 0.000309023 5.79419e-05 3.86279e-05 0
 0 0.00173294 0.00326652 0 0.00397197 0.00683976 0.00946217 0.0152591 0.00757587 0.0136028 0.0228656 0.0392903 0.0559909 0.0764795 0.0681675 0.0726916 0.0566044 0.0477403 0.0527397 0.0444891 0.0609904 0.0582453 0.0661739 0.0445044 0.0529084 0.0360697 0.0280645 0.0235558 0.0158879 0.00826598 0.00280645 0.00217768 0.000904811 0.00058276 9.20147e-05 0
 0 0 0 0 0 0 0 0 0 0 0 0 0 0 0 0 0 0 0 0 0 0 0 0 0 0 0 0 0 0 0 0 0 0 0 0
 0 0 0 0 0 0 0 0 0 0 0 0 0 0 0 0 0 0 0 0 0 0 0 0 0 0 0 0 0 0 0 0 0 0 0 0
 0 0 0 0 0 0 0 0 0 0 0 0 0 0 0 0 0 0 0 0 0 0 0 0 0 0 0 0 0 0 0 0 0 0 0 0
ppred_pel_tallas
 1.00718e-16 3.43509e-05 0.000201615 0.000958394 0.00368988 0.0115066 0.0290646 0.05947 0.0985778 0.132386 0.14406 0.127064 0.0909413 0.0530431 0.0256844 0.0112133 0.00587381 0.00524359 0.00660804 0.00876644 0.0112155 0.0136415 0.0157543 0.0172877 0.0180471 0.0179529 0.017057 0.0155239 0.0135866 0.0114896 0.00944103 0.00758364 0.00598947 0.00467237 0.00360931 0.00276113
 1.00572e-16 3.27047e-05 0.000191946 0.000912417 0.00351284 0.0109545 0.0276701 0.0566171 0.0938506 0.126043 0.13717 0.12102 0.086686 0.050703 0.0248161 0.011285 0.00655676 0.00643577 0.00833429 0.0110801 0.0141358 0.0171194 0.0196601 0.0214177 0.0221498 0.0217681 0.0203593 0.0181586 0.0154884 0.0126826 0.0100206 0.00768819 0.00577085 0.00427088 0.00313792 0.00229921
 1.00747e-16 2.72941e-05 0.000160171 0.000761329 0.00293107 0.00914021 0.0230877 0.0472419 0.0783144 0.105191 0.114514 0.101116 0.0726157 0.0428491 0.0216728 0.0110385 0.00804716 0.00924285 0.0124678 0.0166804 0.0212935 0.0257831 0.029599 0.032229 0.0333073 0.0327015 0.0305434 0.0271892 0.0231274 0.0188644 0.014824 0.0112891 0.00838995 0.00613089 0.00443558 0.00319298
 1.01283e-16 2.99542e-05 0.000175796 0.000835634 0.0032172 0.0100325 0.0253414 0.0518525 0.0859538 0.115441 0.125642 0.110872 0.0794676 0.046583 0.0229912 0.0107816 0.0067222 0.00698929 0.00922335 0.0123469 0.0158459 0.0193297 0.0224045 0.024699 0.0259366 0.0259961 0.0249356 0.0229679 0.0204008 0.0175613 0.0147308 0.0121059 0.0097921 0.00781928 0.00616991 0.00480538
 1.01605e-16 2.92326e-05 0.000171559 0.000815488 0.00313963 0.0097906 0.0247304 0.0506024 0.0838821 0.11266 0.12262 0.108215 0.0775845 0.0455224 0.0225481 0.0107084 0.00685678 0.00726696 0.00963678 0.012908 0.0165638 0.0202008 0.0234088 0.0258013 0.0270922 0.0271586 0.0260651 0.0240377 0.0213994 0.0184912 0.015603 0.0129339 0.010586 0.00858245 0.00689832 0.00548924
 1.01883e-16 2.44283e-05 0.000143344 0.00068133 0.00262305 0.00817966 0.0206614 0.0422778 0.0700868 0.0941449 0.102502 0.0905407 0.0650889 0.038545 0.0197507 0.010479 0.00816314 0.00973361 0.0132698 0.0178299 0.0228536 0.0278131 0.0321407 0.0352996 0.0368963 0.0367702 0.0350271 0.0320001 0.0281589 0.0239953 0.0199247 0.016229 0.0130468 0.0103999 0.00823801 0.0064815
 1.00951e-16 3.60653e-05 0.000211685 0.00100628 0.00387426 0.0120815 0.0305169 0.0624412 0.103501 0.138993 0.151236 0.133362 0.0953805 0.0554941 0.0266132 0.0111793 0.00522557 0.00409376 0.0049355 0.00651659 0.00836343 0.0102258 0.0118908 0.013164 0.0139 0.014032 0.0135849 0.0126624 0.011417 0.0100112 0.00858507 0.00723679 0.00601979 0.00495124 0.00402624 0.0032309
 1.00441e-16 3.32309e-05 0.000195035 0.000927103 0.00356939 0.0111308 0.0281156 0.0575285 0.095361 0.128071 0.139376 0.122961 0.0880675 0.0514926 0.0251679 0.0113857 0.00653197 0.00633993 0.00817802 0.0108555 0.0138299 0.0167202 0.0191591 0.0208118 0.0214421 0.0209685 0.0194842 0.0172295 0.0145311 0.0117255 0.00909225 0.00681557 0.00497661 0.00357172 0.00254334 0.00181125
 1.00225e-16 3.86908e-05 0.000227101 0.00107957 0.00415647 0.0129616 0.0327399 0.0669894 0.111039 0.149113 0.162238 0.143043 0.102259 0.0594042 0.0283151 0.0115932 0.00496404 0.00341388 0.00387889 0.00504019 0.00641139 0.00776195 0.00891299 0.00970849 0.010038 0.00986131 0.00921743 0.00821288 0.00699407 0.00571281 0.00449644 0.00343017 0.00255357 0.00186849 0.00135263 0.000973172
 1.00472e-16 2.79383e-05 0.000163953 0.000779309 0.0030003 0.0093561 0.023633 0.0483577 0.0801638 0.107674 0.117215 0.103497 0.0743154 0.0438317 0.0221316 0.0112087 0.0080903 0.00923416 0.0124277 0.0166034 0.0211621 0.0255729 0.0292817 0.0317756 0.0326926 0.0319089 0.0295695 0.026047 0.0218468 0.0174895 0.0134089 0.00989094 0.00706257 0.00491873 0.00336993 0.00229033
 1.01585e-16 2.43264e-05 0.000142747 0.000678489 0.00261211 0.00814554 0.0205752 0.0421014 0.0697945 0.0937522 0.102074 0.0901634 0.0648181 0.0383857 0.0196713 0.0104414 0.00814113 0.00971551 0.0132544 0.0178227 0.0228652 0.027858 0.0322356 0.0354601 0.037133 0.0370842 0.0354068 0.0324207 0.0285841 0.0243822 0.0202311 0.0164202 0.0131017 0.0103141 0.00802376 0.00616458
 1.01961e-16 2.74514e-05 0.0001611 0.000765759 0.00294815 0.00919348 0.0232221 0.0475166 0.0787679 0.105795 0.115156 0.101649 0.0729222 0.0428782 0.0214089 0.0104535 0.00707519 0.00778939 0.0104398 0.0140243 0.0180316 0.0220412 0.0256147 0.0283355 0.0298899 0.0301362 0.0291307 0.0271007 0.024379 0.0213196 0.018227 0.015314 0.0126956 0.010407 0.00843544 0.0067482
 1.01486e-16 2.77134e-05 0.000162636 0.000773057 0.00297624 0.00928107 0.0234434 0.0479695 0.0795193 0.106806 0.116261 0.102635 0.0736542 0.043357 0.0217366 0.0107577 0.00746083 0.00832872 0.0111769 0.0149747 0.019176 0.0233178 0.0269179 0.0295241 0.0308068 0.0306344 0.0291007 0.0264925 0.0232109 0.019675 0.0162379 0.0131375 0.0104889 0.00830672 0.0065436 0.00512692
 1.00151e-16 3.99131e-05 0.000234279 0.0011137 0.00428788 0.0133714 0.033775 0.0691071 0.114549 0.153823 0.167357 0.147541 0.105442 0.0611866 0.0290399 0.0116735 0.00466585 0.0028365 0.0030238 0.00387749 0.00491926 0.00594646 0.00681636 0.00740813 0.00763741 0.00747473 0.00695247 0.00615534 0.00519874 0.00420172 0.00326358 0.00244999 0.00179037 0.00128419 0.000911817 0.000645477
 1.00073e-16 3.77574e-05 0.000221618 0.0010535 0.00405608 0.0126485 0.0319491 0.0653716 0.108359 0.145516 0.158332 0.139618 0.0998509 0.0580867 0.0278396 0.0116619 0.00539534 0.00415504 0.00494847 0.00647092 0.00821316 0.00990138 0.0113057 0.012224 0.0125161 0.0121372 0.0111495 0.00970507 0.00800816 0.00626805 0.00465808 0.00329134 0.00221594 0.0014261 0.000881437 0.000526742
 1.00409e-16 2.72925e-05 0.000160159 0.000761272 0.00293085 0.0091395 0.0230859 0.0472384 0.0783091 0.105186 0.114512 0.101124 0.0726411 0.0429046 0.021775 0.0112103 0.00831709 0.00964161 0.0130221 0.0174043 0.0221795 0.0267946 0.0306685 0.0332627 0.0341977 0.0333447 0.0308574 0.0271289 0.022692 0.0180956 0.013797 0.010098 0.00713206 0.00489373 0.0032878 0.00218033
 1.01414e-16 2.54372e-05 0.000149269 0.000709503 0.00273153 0.00851794 0.0215159 0.0440259 0.0729838 0.0980333 0.106727 0.0942547 0.0677181 0.0400202 0.020356 0.0105577 0.00793813 0.00929131 0.0126173 0.0169492 0.0217339 0.0264657 0.0306039 0.033636 0.0351835 0.0350867 0.0334377 0.0305455 0.0268509 0.0228202 0.0188524 0.0152244 0.0120805 0.0094552 0.0073132 0.00558765
 1.00734e-16 3.58668e-05 0.000210518 0.00100073 0.00385288 0.0120149 0.0303486 0.0620968 0.102931 0.138228 0.150407 0.13264 0.0948823 0.0552412 0.0265608 0.0112752 0.00544483 0.00443985 0.00542515 0.00716369 0.0091668 0.0111614 0.0129093 0.0141937 0.014856 0.01483 0.0141553 0.0129624 0.0114365 0.00977233 0.00813553 0.00663954 0.00534173 0.00425372 0.00335859 0.00262749
 1.00285e-16 3.67326e-05 0.000215601 0.00102489 0.00394591 0.012305 0.0310814 0.0635962 0.105416 0.141566 0.154039 0.135842 0.0971717 0.0565714 0.0271946 0.0115326 0.00554804 0.00449521 0.00546495 0.00718328 0.0091419 0.0110539 0.0126704 0.0137692 0.0141939 0.0138899 0.0129176 0.0114348 0.0096564 0.00780375 0.00606143 0.00455136 0.00332794 0.0023898 0.0017001 0.00120693
 1.00567e-16 2.83908e-05 0.000166611 0.00079195 0.00304898 0.00950789 0.0240164 0.049142 0.0814633 0.109418 0.119108 0.105156 0.0754797 0.0444645 0.0223517 0.0111581 0.00785422 0.00883513 0.0118542 0.0158383 0.0202017 0.0244374 0.0280191 0.0304586 0.0314098 0.0307501 0.0286111 0.0253389 0.0214065 0.0173021 0.0134342 0.0100737 0.00734349 0.00524391 0.00369655 0.00258908
 1.00913e-16 3.37522e-05 0.0001981 0.000941684 0.00362554 0.0113059 0.0285579 0.0584331 0.0968592 0.130079 0.14155 0.124853 0.0893652 0.0521364 0.0252695 0.0110743 0.00586379 0.00529626 0.0067076 0.00891997 0.011439 0.013954 0.0161752 0.0178338 0.01873 0.0187758 0.0180128 0.0165939 0.0147408 0.0126894 0.0106427 0.00874318 0.00706739 0.00563766 0.00444199 0.00345306
 1.00792e-16 3.26689e-05 0.000191736 0.000911421 0.00350901 0.0109425 0.02764 0.0565553 0.0937479 0.125904 0.137018 0.120881 0.0865765 0.0506195 0.0247391 0.0111896 0.0064195 0.0062368 0.0080587 0.0107206 0.0136963 0.0166187 0.0191327 0.0209113 0.0217195 0.0214677 0.0202319 0.0182286 0.0157581 0.013132 0.0106121 0.00837382 0.00649938 0.00499503 0.00381917 0.00291033
 1.0117e-16 2.81255e-05 0.000165055 0.000784559 0.00302053 0.00941918 0.0237923 0.0486833 0.0807023 0.108394 0.117989 0.104157 0.0747389 0.0439807 0.0220217 0.010853 0.00746784 0.00829419 0.0111135 0.0148805 0.0190439 0.023139 0.0266834 0.0292253 0.0304358 0.030185 0.0285692 0.0258783 0.0225182 0.0189132 0.0154218 0.0122872 0.00962836 0.00746164 0.00573896 0.00438461
 1.01144e-16 3.32838e-05 0.00019535 0.000928609 0.0035752 0.0111489 0.0281613 0.0576218 0.0955145 0.128273 0.139587 0.123126 0.0881373 0.0514374 0.024963 0.0109955 0.0059022 0.0054046 0.00687671 0.00915569 0.0117496 0.0143448 0.0166465 0.0183806 0.0193427 0.0194422 0.0187195 0.0173286 0.0154923 0.0134476 0.0113976 0.00948419 0.00778282 0.00631507 0.00506917 0.00401935
 1.02468e-16 1.38454e-05 8.11931e-05 0.000385813 0.00148516 0.00463112 0.0116984 0.0239404 0.0396989 0.0533598 0.0581852 0.0516072 0.0375608 0.0231692 0.0135774 0.00995471 0.0110113 0.0151238 0.0212127 0.0285937 0.036614 0.0444744 0.0512641 0.0561176 0.0584068 0.0578871 0.0547516 0.0495654 0.0431153 0.0362198 0.0295669 0.0236185 0.0185938 0.0145136 0.0112752 0.00872528
pSPR Fmed_Fpbrs
0.54117   0.440559 0.440559
Fs Fmed_Fpbrs
0.64   1.005 1.005
SSBpbr Bo_Bmed_Bpbrs
647330  317949  252821 252821
Ro
29948.2
SPR SPRFo_SPRFmed_SPRFpbrs
615764 333233 271280
log_Ro
10.1272
likeval ReclasPelacesDesembMPH_pf_preclas_ppelaces_ptallas_desvR_qrecl_qpela
 72.9022 12.4882 0.0462504 78.3927 329.622 193.366 54.388 0 22.7786 6.80462e-07 9.97603e-05 0 0 0 0
q_reclas_q_pelaces
1.124 4.14123
M
0.7
N
 34293.2 9962.65 3114.28 367.533 0.196691
 40831.8 15505.8 2296.19 449.866 50.9923
 17436.5 18584 3771.41 361.692 75.9366
 21986.6 7372.06 2471.78 224.977 24.3216
 35319 10492.6 2643.55 727.018 72.0589
 21918.9 17409 4902.89 1190.33 358.638
 57433.9 9988.09 4276.28 784.641 238.661
 56271.9 26582 2786.78 840.021 194.863
 135785 24577 4613.08 255.029 89.4996
 108106 59578.4 4428.91 448.544 31.7155
 62773.9 50895.3 19115 1089.21 115.387
 54395.8 28488.3 12090.3 2898.77 175.607
 33691.6 24934.2 7344.69 2091.51 513.544
 30446.4 14781.5 4489.87 713.279 239.55
 17702.5 10789.3 463.154 26.1724 4.7848
 8931.14 6661.25 552.619 5.952 0.352155
 4942.19 4045.27 1557.3 81.6768 0.89501
 7921.41 2204.93 835.593 188.603 9.54363
 14158.7 3458.8 381.822 76.2039 17.0823
 10776.7 6334.13 730.65 47.9401 11.1865
 23135.3 4961.73 1693.14 133.964 10.4856
 40143.7 11042.1 1780.86 498.732 41.8172
 44606.2 19152.6 3950.89 521.95 155.677
 98963.4 21375 7102.9 1226.68 207.105
 30348.2 47469.4 7991.33 2234.14 444.163
pred_Ctot
 2218.66 4009.78 1700.45 204.405 0.109497
 2463.46 5924.31 1201.82 240.012 27.233
 1880.73 10521.5 2665.87 258.824 54.3747
 617.727 1501.09 746.73 69.7306 7.54868
 188.124 447.053 178.288 50.5834 5.02198
 1304.83 6584.64 2544.98 629.916 189.983
 2819.28 3252.32 1958.22 367.02 111.761
 4912.11 13188.1 1790.62 547.847 127.186
 11451 11917.9 2913.73 163.568 57.4488
 4050.93 15547.9 1673.06 173.486 12.2822
 3907.63 19907 10198.1 592.147 62.7923
 3023.34 10224.9 6009.53 1469.97 89.1456
 2843.26 12096.8 4640.73 1341.9 329.752
 6393.34 11424.1 3856.38 615.815 206.873
 3133.68 7825.35 383.702 21.8272 3.99182
 567.526 2645.66 298.517 3.27553 0.19399
 363.27 1785.11 914.857 48.8022 0.535252
 692.818 1095.32 537.413 123.117 6.23483
 1015.32 1499.84 221.247 44.924 10.0796
 567.034 2178.68 350.465 23.4728 5.48322
 648.207 1007.85 510.365 41.43 3.24724
 1135.34 2261.48 540.866 155.396 13.0473
 1125.79 3546.36 1093.83 148.353 44.3099
 2429.68 3861.48 1922.2 340.859 57.63
 500.415 5963.37 1538.13 442.379 88.0815
F
 0.0937343 0.767593 1.23481 1.27567 1.2779
 0.087161 0.713764 1.14821 1.18621 1.18828
 0.160869 1.31736 2.11921 2.18934 2.19316
 0.0397574 0.325574 0.523742 0.541076 0.54202
 0.00743076 0.0608507 0.0978889 0.101129 0.101305
 0.0859571 0.703905 1.13235 1.16983 1.17187
 0.0704001 0.576508 0.927413 0.958106 0.959778
 0.128384 1.05134 1.69126 1.74724 1.75029
 0.123782 1.01366 1.63064 1.68461 1.68755
 0.053342 0.436819 0.702699 0.725955 0.727222
 0.0900439 0.737372 1.18619 1.22545 1.22759
 0.0800483 0.655517 1.05451 1.08941 1.09131
 0.123875 1.01441 1.63186 1.68587 1.68881
 0.337411 2.76307 4.44488 4.59198 4.59999
 0.277401 2.27164 3.65433 3.77527 3.78186
 0.0919955 0.753353 1.2119 1.25201 1.25419
 0.107114 0.877162 1.41107 1.45777 1.46031
 0.128647 1.05349 1.69473 1.75082 1.75387
 0.104377 0.854743 1.375 1.42051 1.42299
 0.075634 0.619369 0.996362 1.02934 1.03113
 0.0396457 0.32466 0.522271 0.539556 0.540497
 0.0400257 0.327772 0.527278 0.544728 0.545679
 0.0356499 0.291937 0.469632 0.485175 0.486021
 0.0346642 0.283866 0.456648 0.471761 0.472584
 0.0231637 0.189688 0.305146 0.315245 0.315795
Np
 20603.1 9504.18 3998.66 3667.03 629.448
YTP_r0W_actual
 17444 352247 124424 44234.4 9168.01
YTP_p0W_proyectada
 8670.48 107283 288888 56499.3 23662.3
 8670.48 69243.5 59240.2 70838.3 13508.6
CTP_r0_actual
 1557.5 16011.2 3770.43 1076.26 214.206
CTP_p0_proyectada
 1057.38 4966.8 9200.24 1408.96 531.737
 1057.38 3205.72 1886.63 1766.54 303.563
Wmedp
 8.2 21.6 31.4 40.1 44.5
nmprior
 10.8 10.6 4.6 0
nm_flota  nm_reclas  nm_pelaces    nm_pelaL
inf 15.453 12.1914 25.8149
cv_recla  cv_pelaces  cv_mph
0.772316 0.400703 0.368347
 ------------------------------------------------
Talla a la edad & desviaci?n 
 7.2 14.2025 17.0495 18.207 18.6776
 1.08 2.13037 2.55742 2.73105 2.80164
