    unsorted:	 1.254222761e-06 0.007150891498 19.98137067 11.36810600 17.83500623 13.57737743 48.97560163 68.30516095 86.86293484 102.9795829 113.3954261 124.0230674 202.7599267 198.2226504 243.7891039 448.8586880 575.8979500 638.2139507 684.6642001 768.3719655 802.2577557 1007.684537 939.3347127 1185.114755 1235.633384 1394.290280 1575.460868 1715.180247 1873.249520 1983.092529 2087.979792 2199.634616 2332.871710 2505.957512 3098.693237 3670.028964 3771.813537 4303.428733 4344.604250 4559.307415 4873.613385 6094.089651 46892.43672 188624.4472 320476.6927 316422.9850 269285.1498 365786.1668 376192.5209 398427.6165 455456.4208 466410.7724 543566.7068 565821.2674 733929.0080 763461.1420 832557.9049 942124.5927 1207876.991 1157099.567 1413991.943 1563609.270 1695615.934 1745059.594 1904368.991 2433814.164 2637894.119 2797023.873 2836635.867 32847589.94
      sorted:	 1.254222761e-06 0.007150891498 11.36810600 13.57737743 17.83500623 19.98137067 48.97560163 68.30516095 86.86293484 102.9795829 113.3954261 124.0230674 198.2226504 202.7599267 243.7891039 448.8586880 575.8979500 638.2139507 684.6642001 768.3719655 802.2577557 939.3347127 1007.684537 1185.114755 1235.633384 1394.290280 1575.460868 1715.180247 1873.249520 1983.092529 2087.979792 2199.634616 2332.871710 2505.957512 3098.693237 3670.028964 3771.813537 4303.428733 4344.604250 4559.307415 4873.613385 6094.089651 46892.43672 188624.4472 269285.1498 316422.9850 320476.6927 365786.1668 376192.5209 398427.6165 455456.4208 466410.7724 543566.7068 565821.2674 733929.0080 763461.1420 832557.9049 942124.5927 1157099.567 1207876.991 1413991.943 1563609.270 1695615.934 1745059.594 1904368.991 2433814.164 2637894.119 2797023.873 2836635.867 32847589.94
