years
 1997 1998 1999 2000 2001 2002 2003 2004 2005 2006 2007 2008 2009 2010 2011 2012 2013 2014 2015 2016 2017 2018 2019 2020 2021
reclasobs
 0 0 0 370054 412103 1.49427e+06 250295 1.28982e+06 931140 785840 897777 1.04006e+06 184774 17550 25797 100020 73551 82996 120727 218422 84188 347160 605670 569463 516374
reclaspred
 1.12036e+06 222013 518852 242024 254447 224676 385267 270277 530293 822522 782748 500155 286207 137411 114240 100648 67573 56677.6 64706.9 97900.9 198189 240030 376645 532980 832455
pelacesobs
 0 0 0 0 0 0 0 0 0 2.06254e+06 1.5e+06 0 1.87456e+06 323000 250000 174000 83755 137374 0 501740 490994 745055 786931 1.00524e+06 1.33801e+06
pelacespred
 639683 222388 170789 168116 154359 89617.1 194833 135774 288193 462223 372461 249446 136912 50392.9 46093.3 46240.7 31092.7 24128.9 27885.8 41255.4 110562 129642 160177 264202 400376
mphobs
 0 0 0 0 0 0 112323 0 153150 637223 0 255016 313432 73983 77613 109348 50772 17779 17303 59886 28197 0 207744 136588 643089
mphpred
 795180 417799 341960 276762 208175 245299 241123 296898 320950 633892 827643 520035 308233 158312 87585.7 86464.5 58907 45119.2 44658.8 65361.1 113344 217676 261736 360701 617289
desembarqueobs
 350755 77701 442110 56441 14545 235359 269955 359681 431902 328805 639364 411747 362871 311530 167758 66681 60226 58785 57116 73181 50977 67692 138656 160484 209506
desembarquepred
 350756 77698.9 442097 56444.6 14545.5 235652 269868 359455 431524 328649 639489 411582 362734 311228 167601 66716.5 60309 58779.4 57058.4 73150.4 50955.9 67658.6 138653 160410 209459
Reclutas
 39319.5 40705.5 18499.7 16870.5 26793.9 17874.8 44333.8 48358 122428 139659 53373.5 47424.9 47196.8 37682.2 22891.4 9095.79 5236.16 5871.07 13046.8 11940 31057.7 28208.3 36967.9 90191.2 32757.8
log_desv_Rt
 0.30295 0.337591 -0.451016 -0.543204 -0.0805962 -0.485378 0.422977 0.50986 1.43876 1.57043 0.608543 0.490377 0.485554 0.260418 -0.238011 -1.16096 -1.71318 -1.59873 -0.800227 -0.888878 0.0670753 -0.0291544 0.241279 1.13316 0.120371
SSB
 795180 417799 341960 276762 208175 245299 232139 291571 312554 620684 827643 520035 319379 166289 94453.7 94737.1 69441.4 51274.3 46649.7 72859 116508 217676 270047 353769 665380
BT
 2.00354e+06 556605 669490 407293 358400 365326 808875 722117 1.30255e+06 1.50007e+06 1.36191e+06 943097 687306 407343 265290 153152 121033 106595 119046 157037 356511 327674 444481 789831 984000
Ftot
 0.301156 0.335946 0.783805 0.225437 0.0558552 0.946274 0.659942 1.1932 0.766167 0.38343 0.754373 0.761063 1.13318 1.86232 1.30258 0.620629 0.820423 0.945384 0.820327 0.698223 0.248934 0.271717 0.352685 0.290414 0.242844
BD_Bspro_t
 0.956971 0.750422 0.614547 0.383146 0.442575 0.541601 0.386773 0.404562 0.38899 0.490385 0.520352 0.338217 0.244905 0.165509 0.110816 0.126833 0.129823 0.135612 0.159241 0.273113 0.396018 0.607798 0.622435 0.623176 0.693704
BD_Bspro
 1.33163 0.699659 0.572656 0.463474 0.348616 0.410786 0.388746 0.488273 0.523411 1.03942 1.38599 0.870867 0.534841 0.278472 0.158175 0.15865 0.116289 0.0858654 0.0781209 0.122012 0.195108 0.364527 0.452228 0.592432 1.11427
BD_Bo
 0.834798 0.438615 0.358998 0.290552 0.218547 0.257521 0.243705 0.306098 0.328126 0.651609 0.868879 0.545945 0.335291 0.174574 0.0991597 0.0994572 0.0729012 0.053829 0.0489739 0.0764891 0.122313 0.228521 0.283502 0.371395 0.698532
BD_Brms
 4.06199 2.13423 1.74682 1.41378 1.06341 1.25306 1.18583 1.48942 1.59661 3.17062 4.22782 2.65648 1.63147 0.849447 0.482495 0.483943 0.354725 0.261923 0.238299 0.372183 0.595156 1.11195 1.37947 1.80715 3.39894
S_f
 0.5 1 1 1 1
 0.5 1 1 1 1
 0.5 1 1 1 1
 0.5 1 1 1 1
 0.5 1 1 1 1
 0.5 1 1 1 1
 0.5 1 1 1 1
 0.5 1 1 1 1
 0.5 1 1 1 1
 0.5 1 1 1 1
 0.5 1 1 1 1
 0.5 1 1 1 1
 0.5 1 1 1 1
 0.5 1 1 1 1
 0.5 1 1 1 1
 0.5 1 1 1 1
 0.5 1 1 1 1
 0.5 1 1 1 1
 0.5 1 1 1 1
 0.5 1 1 1 1
 0.5 1 1 1 1
 0.5 1 1 1 1
 0.5 1 1 1 1
 0.5 1 1 1 1
 0.5 1 1 1 1
Scru_reclas
 0.5 1 1 1 1
 0.5 1 1 1 1
 0.5 1 1 1 1
 0.5 1 1 1 1
 0.5 1 1 1 1
 0.5 1 1 1 1
 0.5 1 1 1 1
 0.5 1 1 1 1
 0.5 1 1 1 1
 0.5 1 1 1 1
 0.5 1 1 1 1
 0.5 1 1 1 1
 0.5 1 1 1 1
 0.5 1 1 1 1
 0.5 1 1 1 1
 0.5 1 1 1 1
 0.5 1 1 1 1
 0.5 1 1 1 1
 0.5 1 1 1 1
 0.5 1 1 1 1
 0.5 1 1 1 1
 0.5 1 1 1 1
 0.5 1 1 1 1
 0.5 1 1 1 1
 0.5 1 1 1 1
Scru_pelaces
 0.5 1 1 1 1
 0.5 1 1 1 1
 0.5 1 1 1 1
 0.5 1 1 1 1
 0.5 1 1 1 1
 0.5 1 1 1 1
 0.5 1 1 1 1
 0.5 1 1 1 1
 0.5 1 1 1 1
 0.5 1 1 1 1
 0.5 1 1 1 1
 0.5 1 1 1 1
 0.5 1 1 1 1
 0.5 1 1 1 1
 0.5 1 1 1 1
 0.5 1 1 1 1
 0.5 1 1 1 1
 0.5 1 1 1 1
 0.5 1 1 1 1
 0.5 1 1 1 1
 0.5 1 1 1 1
 0.5 1 1 1 1
 0.5 1 1 1 1
 0.5 1 1 1 1
 0.5 1 1 1 1
pf_obs 
 0.256992 0.487395 0.22802 0.0275931 0
 0.321318 0.546541 0.124235 0.00734118 0.000564706
 0.182869 0.594174 0.210203 0.0122559 0.00049798
 0.330522 0.361315 0.267642 0.0388342 0.00168674
 0.649043 0.306663 0.0425973 0.00169635 0
 0.582887 0.30429 0.105238 0.00758474 0
 0.465427 0.430635 0.0974691 0.00646863 0
 0.296916 0.608066 0.0921331 0.00288517 0
 0.311714 0.524322 0.152257 0.0117073 0
 0.15457 0.633149 0.183074 0.0267441 0.00246327
 0.131901 0.49318 0.331252 0.0422183 0.00144891
 0.196976 0.569456 0.194076 0.0375587 0.00193317
 0.518974 0.381816 0.0799577 0.0180837 0.00116848
 0.0928022 0.601141 0.25162 0.0475244 0.00691264
 0.122501 0.610282 0.24278 0.0234846 0.000952079
 0.383417 0.481906 0.127806 0.00687128 0
 0.0376549 0.599619 0.316969 0.0457579 0
 0.0361596 0.667082 0.258105 0.0386534 0
 0.158088 0.579412 0.248529 0.0139706 0
 0.0477256 0.309471 0.559284 0.082774 0.000745712
 0.0406174 0.521527 0.379366 0.0568643 0.0016247
 0.151134 0.462217 0.34131 0.0453401 0
 0.294876 0.26143 0.354403 0.0886775 0.000613685
 0.281977 0.475581 0.204845 0.0348837 0.00271318
 0.0841818 0.532909 0.334909 0.0458182 0.00218182
pf_pred 
 0.429851 0.400214 0.151747 0.0181834 3.91446e-06
 0.447169 0.343781 0.146742 0.0556393 0.00666854
 0.288222 0.455994 0.159061 0.0678947 0.0288286
 0.419366 0.294088 0.183573 0.0640343 0.0389386
 0.523535 0.288927 0.094987 0.0592918 0.033259
 0.364155 0.439129 0.119288 0.0392168 0.038211
 0.734705 0.160489 0.0723811 0.0196621 0.0127623
 0.624277 0.327213 0.0293458 0.013235 0.00592887
 0.817004 0.151617 0.0273277 0.00245086 0.0016005
 0.626398 0.343107 0.025266 0.00455399 0.000675133
 0.299444 0.55302 0.135493 0.00997757 0.00206499
 0.439893 0.289926 0.213281 0.0522551 0.00464441
 0.546371 0.301198 0.0789026 0.058044 0.0154851
 0.600276 0.309508 0.0599006 0.0156917 0.0146231
 0.625542 0.317435 0.0441529 0.00854511 0.00432455
 0.420705 0.483498 0.0812087 0.0112955 0.00329242
 0.371391 0.399773 0.190994 0.0320795 0.0057626
 0.551666 0.270099 0.113351 0.0541539 0.0107297
 0.763865 0.18108 0.0331681 0.0139194 0.00796767
 0.587684 0.367967 0.0340092 0.00622939 0.00411068
 0.752997 0.192287 0.0488309 0.00451318 0.00137217
 0.487702 0.444424 0.0528389 0.0134183 0.00161725
 0.522836 0.32115 0.135343 0.0160913 0.00457888
 0.688198 0.22082 0.0612347 0.0258063 0.00394125
 0.269314 0.604684 0.0892352 0.0247454 0.0120212
pobs_RECLAS
 0 0 0 0 0
 0 0 0 0 0
 0 0 0 0 0
 0 0 0 0 0
 0.835266 0.146461 0.0176864 0.000547809 3.91292e-05
 0.385257 0.428462 0.181853 0.0044286 0
 0.867414 0.0963971 0.0333333 0.00285562 0
 0.441836 0.489002 0.0689373 0.000224442 0
 0.779404 0.147425 0.0564933 0.0165055 0.000172143
 0.814271 0.122319 0.05973 0.00367925 0
 0.40263 0.566651 0.0304383 0.000280538 0
 0.475488 0.404961 0.113038 0.00651328 0
 0.955842 0.0263864 0.0167828 0.000988607 0
 0.975058 0.0227948 0.00214734 0 0
 0.738997 0.206755 0.0527124 0.00153531 0
 0.850938 0.134255 0.0134407 0.00136685 0
 0.542534 0.407297 0.0501686 0 0
 0.764087 0.199537 0.0359546 0.000420521 0
 0.470689 0.182191 0.310203 0.0369168 0
 0.84361 0.089868 0.0606195 0.00523954 0.000663233
 0.607945 0.314616 0.071237 0.00620181 0
 0.523733 0.453247 0.0230204 0 0
 0.530135 0.295979 0.169645 0.0042399 0
 0.562478 0.366248 0.0663022 0.0049721 0
 0.250443 0.683176 0.0655157 0.000865301 0
ppred_RECLAS
 0.432661 0.398242 0.150999 0.0180938 3.89517e-06
 0.450416 0.341762 0.14588 0.0553125 0.00662937
 0.296689 0.45057 0.157169 0.0670871 0.0284857
 0.421331 0.293093 0.182952 0.0638177 0.0388069
 0.523962 0.288668 0.0949019 0.0592387 0.0332292
 0.376696 0.430468 0.116935 0.0384434 0.0374574
 0.740912 0.156734 0.0706875 0.019202 0.0124637
 0.641934 0.311836 0.0279667 0.012613 0.00565024
 0.822851 0.146772 0.0264545 0.00237254 0.00154936
 0.630024 0.339777 0.0250208 0.00450979 0.000668581
 0.307634 0.546555 0.133909 0.00986093 0.00204085
 0.449581 0.284911 0.209592 0.0513513 0.00456407
 0.563737 0.289667 0.075882 0.0558218 0.0148922
 0.636013 0.281838 0.0545453 0.0142889 0.0133157
 0.645662 0.300379 0.0417805 0.00808597 0.00409219
 0.427903 0.47749 0.0801997 0.0111552 0.00325151
 0.381647 0.393251 0.187878 0.0315561 0.00566858
 0.56491 0.262121 0.110003 0.0525543 0.0104127
 0.771653 0.175108 0.0320741 0.0134603 0.00770488
 0.596072 0.360481 0.0333173 0.00610266 0.00402705
 0.754682 0.190975 0.0484979 0.0044824 0.00136282
 0.490224 0.442236 0.0525787 0.0133523 0.00160928
 0.526317 0.318808 0.134356 0.015974 0.00454548
 0.690543 0.219159 0.0607741 0.0256122 0.00391161
 0.271051 0.603247 0.089023 0.0246866 0.0119926
pobs_PELACES
 0 0 0 0 0
 0 0 0 0 0
 0 0 0 0 0
 0 0 0 0 0
 0 0 0 0 0
 0 0 0 0 0
 0 0 0 0 0
 0 0 0 0 0
 0 0 0 0 0
 0 0 0 0 0
 0.450072 0.473896 0.0757376 0.000293798 0
 0 0 0 0 0
 0.463077 0.371075 0.160297 0.00555027 0
 0.529543 0.364841 0.0842815 0.0213345 0
 0.631943 0.363953 0.00410389 0 0
 0.735681 0.248677 0.0153453 0.000297389 0
 0.695825 0.281241 0.0229344 0 0
 0.275771 0.60734 0.115278 0.00161068 0
 0 0 0 0 0
 0.896147 0.0623911 0.0374545 0.00400742 0
 0.803859 0.145111 0.0509908 3.86294e-05 0
 0.739449 0.233085 0.0266225 0.000797448 4.60066e-05
 0.878498 0.100942 0.0204185 0.000141795 0
 0.694673 0.275183 0.0284847 0.00165964 0
 0.469039 0.446079 0.0841089 0.000773354 0
ppred_PELACES
 0.444896 0.389654 0.147743 0.0177036 3.81116e-06
 0.464172 0.333208 0.142229 0.0539281 0.00646344
 0.324364 0.43284 0.150984 0.0644472 0.0273648
 0.430425 0.288487 0.180076 0.0628147 0.038197
 0.52626 0.287274 0.0944437 0.0589527 0.0330688
 0.413999 0.404706 0.109937 0.0361427 0.0352157
 0.761261 0.144424 0.0651357 0.0176939 0.0114848
 0.68582 0.273617 0.024539 0.0110672 0.00495773
 0.840534 0.132122 0.0238139 0.00213573 0.00139471
 0.644646 0.326349 0.024032 0.00433156 0.000642158
 0.33476 0.525142 0.128663 0.00947459 0.00196089
 0.480813 0.268745 0.1977 0.0484376 0.0043051
 0.609049 0.259581 0.0680005 0.0500239 0.0133455
 0.703784 0.229362 0.0443894 0.0116284 0.0108364
 0.693164 0.260111 0.0361795 0.00700199 0.0035436
 0.453136 0.45643 0.0766624 0.0106632 0.0031081
 0.414063 0.372635 0.178028 0.0299018 0.00537142
 0.602789 0.2393 0.100426 0.0479788 0.00950617
 0.794623 0.157493 0.0288476 0.0121063 0.00692981
 0.623477 0.336024 0.0310569 0.00568862 0.00375383
 0.762206 0.185118 0.0470103 0.00434491 0.00132101
 0.501431 0.432513 0.0514228 0.0130587 0.0015739
 0.540799 0.309061 0.130248 0.0154856 0.00440651
 0.700688 0.211974 0.0587817 0.0247725 0.00378337
 0.27904 0.596635 0.0880473 0.024416 0.0118612
pobs_pel_tallas
 0 0 0 0 0 0 0 0 0 0 0 0 0 0 0 0 0 0 0 0 0 0 0 0 0 0 0 0 0 0 0 0 0 0 0 0
 0 0 0 0 0 0 0 0 0 0 0 0 0 0 0 0 0 0 0 0 0 0 0 0 0 0 0 0 0 0 0 0 0 0 0 0
 0 0 0 0 0 0 0 0 0 0 0 0 0 0 0 0 0 0 0 0 0 0 0 0 0 0 0 0 0 0 0 0 0 0 0 0
 0 0 0 0 0 0 0 0 0 0 0 0 0 0 0 0 0 0 0 0 0 0 0 0 0 0 0 0 0 0 0 0 0 0 0 0
 0 0 0 0 0 0 0 0 0 0 0 0 0 0 0 0 0 0 0 0 0 0 0 0 0 0 0 0 0 0 0 0 0 0 0 0
 0 0 0 0 0 0 0 0 0 0 0 0 0 0 0 0 0 0 0 0 0 0 0 0 0 0 0 0 0 0 0 0 0 0 0 0
 0 0 0 0 0 0 0 0 0 0 0 0 0 0 0 0 0 0 0 0 0 0 0 0 0 0 0 0 0 0 0 0 0 0 0 0
 0 0 0 0 0 0 0 0 0 0 0 0 0 0 0 0 0 0 0 0 0 0 0 0 0 0 0 0 0 0 0 0 0 0 0 0
 0 0 0 0 0 0 0 0 0 0 0 0 0 0 0 0 0 0 0 0 0 0 0 0 0 0 0 0 0 0 0 0 0 0 0 0
 0 0 0 0 0 0 0 0 0 0 0 0 0 0 0 0 0 0 0 0 0 0 0 0 0 0 0 0 0 0 0 0 0 0 0 0
 0 0 0 0 0 0 0 0 1.78061e-05 0.00172719 0.00360574 0.0105946 0.0120993 0.0124554 0.0147524 0.0171206 0.0266825 0.0428682 0.0675386 0.121331 0.153587 0.119568 0.100827 0.0573624 0.0630603 0.0341343 0.0324427 0.0444173 0.0211091 0.0280891 0.0125444 0.00206551 0 0 0 0
 0 0 0 0 0 0 0 0 0 0 0 0 0 0 0 0 0 0 0 0 0 0 0 0 0 0 0 0 0 0 0 0 0 0 0 0
 0 0 0 0 0 0 0.0133647 0.0140871 0.0187388 0.0205184 0.03894 0.0496705 0.03968 0.0493445 0.0407372 0.0367815 0.0215668 0.0243155 0.0234873 0.0199281 0.019796 0.0243948 0.0301388 0.0376714 0.0412746 0.0863199 0.0771752 0.113111 0.0741005 0.0525337 0.0229764 0.00759418 0.00175318 0 0 0
 0 0 0 0 0 0 0 0 0 0 0.00219441 0.00772107 0.0458388 0.0604681 0.0671733 0.0775358 0.0609151 0.0617685 0.073594 0.0568108 0.0755445 0.0548602 0.0670107 0.0636378 0.0643287 0.046367 0.0373049 0.0286899 0.0247887 0.0153202 0.00654259 0.00121912 0.000365735 0 0 0
 0 0 0 0 0 0 0 0 0 0 0 0 0.000112435 0.00938835 0.0111873 0.0202946 0.0414886 0.0713402 0.111592 0.104902 0.108894 0.110636 0.117776 0.105296 0.107544 0.0401394 0.0192827 0.0124803 0.00416011 0.0028671 0.000618394 0 0 0 0 0
 0 0 0 0 0 0 0 0 0 0 0.00291406 0.0102884 0.027416 0.0768956 0.0749926 0.110853 0.0956884 0.0897413 0.0766577 0.0534642 0.0500743 0.0551293 0.0594112 0.0620874 0.0668451 0.0424026 0.0208742 0.0120726 0.0048766 0.00582813 0.00118941 0.000297354 0 0 0 0
 0 0.00264628 0.0354308 0.0461629 0.0458689 0.0383711 0.0214643 0.0164657 0.0346957 0.0420465 0.0363128 0.0245516 0.0311673 0.0291091 0.0169068 0.0133784 0.00837989 0.0085269 0.0148486 0.0160247 0.0276389 0.0546898 0.0760071 0.122758 0.109233 0.0665981 0.0333725 0.0166128 0.00676272 0.00308733 0.000882094 0 0 0 0 0
 0 0 0 0 0 0 0 0.000805153 0.000690131 0.00759144 0.0133425 0.0154129 0.00931677 0.000345066 0.00356568 0.00563607 0.00851162 0.0253048 0.0502646 0.0516448 0.0657925 0.0565908 0.0611916 0.0827007 0.0866115 0.110766 0.145733 0.0935128 0.0569358 0.0249597 0.0138026 0.00621118 0.00161031 0.00115022 0 0
 0 0 0 0 0 0 0 0 0 0 0 0 0 0 0 0 0 0 0 0 0 0 0 0 0 0 0 0 0 0 0 0 0 0 0 0
 0.00147267 0.00158595 0.00478618 0.00569244 0.00954404 0.0108468 0.00647125 0.017049 0.0510054 0.094081 0.124002 0.0959785 0.0687766 0.0820023 0.061753 0.0591476 0.0492212 0.0479892 0.0443925 0.0268479 0.0217502 0.0140895 0.0121071 0.0120363 0.00920419 0.00665534 0.0049561 0.00860946 0.00930331 0.0156896 0.0114698 0.00855282 0.00243557 0.00046729 0 2.83206e-05
 0 0 0 0 0.000772559 0.00158375 0.000888443 0.00281984 0.00712685 0.0440552 0.0773331 0.111326 0.0921469 0.0852325 0.0710754 0.0886704 0.0786465 0.0553345 0.0373146 0.0185414 0.00753245 0.00457741 0.012979 0.0271748 0.0457355 0.0583668 0.034881 0.0177882 0.00938659 0.00492506 0.0015258 0.00185414 0.000309023 5.79419e-05 3.86279e-05 0
 0 0.00173294 0.00326652 0 0.00397197 0.00683976 0.00946217 0.0152591 0.00757587 0.0136028 0.0228656 0.0392903 0.0559909 0.0764795 0.0681675 0.0726916 0.0566044 0.0477403 0.0527397 0.0444891 0.0609904 0.0582453 0.0661739 0.0445044 0.0529084 0.0360697 0.0280645 0.0235558 0.0158879 0.00826598 0.00280645 0.00217768 0.000904811 0.00058276 9.20147e-05 0
 0 0 0 0 0 0 0 0 0 0 0 0 0 0 0 0 0 0 0 0 0 0 0 0 0 0 0 0 0 0 0 0 0 0 0 0
 0 0 0 0 0 0 0 0 0 0 0 0 0 0 0 0 0 0 0 0 0 0 0 0 0 0 0 0 0 0 0 0 0 0 0 0
 0 0 0 0 0 0 0 0 0 0 0 0 0 0 0 0 0 0 0 0 0 0 0 0 0 0 0 0 0 0 0 0 0 0 0 0
ppred_pel_tallas
 1.02833e-16 1.94284e-05 0.000113986 0.00054175 0.00208562 0.00650367 0.0164281 0.0336164 0.0557318 0.0748734 0.0815486 0.0721018 0.0519841 0.0310882 0.0164912 0.00966067 0.00861608 0.0109656 0.0152017 0.0205484 0.0264759 0.0324255 0.0377696 0.0418995 0.04435 0.0448998 0.0436114 0.0407954 0.0369168 0.0324784 0.0279189 0.0235537 0.0195642 0.0160223 0.0129318 0.0102664
 1.04283e-16 2.02665e-05 0.000118912 0.000565181 0.00217585 0.00678508 0.0171388 0.0350702 0.0581399 0.0781022 0.0850482 0.0751555 0.0540976 0.0321759 0.0167474 0.00931286 0.00777691 0.00962643 0.0132935 0.0180065 0.0232885 0.0286653 0.0336077 0.0375977 0.0402315 0.0413027 0.040836 0.039058 0.0363209 0.0330075 0.0294508 0.0258894 0.022463 0.0192356 0.0162302 0.0134581
 1.05778e-16 1.41742e-05 8.3136e-05 0.000395076 0.00152087 0.00474253 0.0119796 0.0245149 0.0406474 0.0546224 0.0595297 0.0527229 0.0382068 0.0232391 0.013041 0.00875546 0.00901344 0.0121295 0.0170239 0.023089 0.0298239 0.0366394 0.0428553 0.0478073 0.050985 0.0521409 0.0513318 0.0488772 0.0452563 0.0409803 0.0364846 0.0320695 0.0278956 0.0240175 0.020434 0.0171304
 1.06594e-16 1.87932e-05 0.000110267 0.000524087 0.00201765 0.00629174 0.0158926 0.0325201 0.053912 0.0724214 0.0788594 0.0696798 0.0501419 0.029795 0.0154587 0.008523 0.00704671 0.00870754 0.0120691 0.0164448 0.021432 0.0266366 0.0316115 0.0359063 0.0391521 0.0411306 0.0418045 0.0412964 0.0398309 0.0376633 0.0350203 0.0320706 0.0289267 0.0256651 0.0223531 0.0190655
 1.05006e-16 2.29718e-05 0.000134799 0.00064072 0.00246672 0.00769214 0.0194299 0.0397576 0.0659079 0.0885285 0.0963787 0.0851132 0.0611458 0.0361276 0.0183625 0.00950675 0.00713897 0.00837447 0.0114251 0.0154444 0.0199672 0.0245757 0.0288184 0.0322586 0.0345608 0.03556 0.0352893 0.0339502 0.0318452 0.0292934 0.0265614 0.0238267 0.0211776 0.0186384 0.016205 0.0138732
 1.0458e-16 1.80815e-05 0.000106078 0.000504151 0.00194085 0.00605222 0.0152878 0.0312833 0.0518651 0.0696824 0.0759047 0.0671352 0.0484544 0.0290796 0.0156121 0.00943572 0.00872531 0.0112676 0.0156607 0.0211668 0.0272581 0.0333639 0.0388427 0.0430767 0.0456019 0.0462094 0.0449842 0.0422624 0.0385306 0.0343008 0.0300038 0.0259301 0.0222238 0.0189154 0.0159718 0.0133419
 1.02117e-16 3.32132e-05 0.000194938 0.000926657 0.00356769 0.0111255 0.0281022 0.0575005 0.0953127 0.128 0.139282 0.122841 0.0878986 0.0512278 0.0247309 0.0106732 0.00542022 0.00469829 0.00589349 0.00786653 0.0101636 0.0125218 0.0147018 0.0164777 0.0176738 0.018199 0.0180614 0.0173556 0.0162303 0.0148471 0.0133466 0.011829 0.0103531 0.00894607 0.00761885 0.00637851
 1.0105e-16 2.99287e-05 0.000175644 0.000834903 0.00321437 0.0100237 0.0253192 0.0518073 0.0858797 0.115344 0.125544 0.110802 0.0794544 0.046649 0.0231596 0.011085 0.00720521 0.00770244 0.0102104 0.013628 0.0174005 0.0210848 0.0242313 0.0264245 0.0273682 0.0269551 0.0252913 0.0226641 0.0194664 0.0161031 0.0129111 0.010112 0.00780435 0.00598603 0.00459266 0.00353507
 1.0052e-16 3.66692e-05 0.00021523 0.00102313 0.00393913 0.0122839 0.031028 0.0634869 0.105235 0.141321 0.15377 0.135598 0.096984 0.0564349 0.0270786 0.0113978 0.00535876 0.00422308 0.00508991 0.00669665 0.00855128 0.0103875 0.0119779 0.0131182 0.0136605 0.0135464 0.0128191 0.0116089 0.0100981 0.00847733 0.00690782 0.00549901 0.00430442 0.00333156 0.00255888 0.00195229
 1.00627e-16 2.81355e-05 0.000165111 0.000784819 0.00302152 0.00942226 0.0238001 0.0486995 0.0807301 0.108434 0.118039 0.104217 0.0748164 0.0440953 0.0222058 0.0111504 0.00793052 0.00897588 0.0120599 0.0161149 0.0205519 0.0248566 0.0284934 0.0309661 0.031923 0.0312414 0.0290566 0.0257231 0.0217235 0.0175556 0.0136345 0.0102346 0.00747865 0.00536425 0.00380908 0.00269686
 1.02415e-16 1.46313e-05 8.58111e-05 0.000407775 0.00156973 0.00489487 0.0123646 0.0253031 0.0419565 0.0563878 0.0614702 0.0544807 0.0395655 0.024234 0.0138987 0.00976608 0.0104451 0.0142035 0.019907 0.0268713 0.0344813 0.0419979 0.048576 0.0534056 0.055887 0.0557672 0.0531917 0.0486487 0.0428351 0.0364871 0.030234 0.0245116 0.0195456 0.0153892 0.0119856 0.00922961
 1.0476e-16 2.09897e-05 0.000123163 0.000585403 0.00225373 0.00702796 0.0177523 0.0363249 0.0602178 0.0808871 0.0880641 0.0777808 0.055901 0.0330758 0.0169008 0.00890196 0.00688351 0.00822925 0.0113261 0.0154196 0.0200974 0.0249798 0.0296413 0.0336514 0.0366525 0.0384268 0.0389269 0.0382591 0.036633 0.0342968 0.0314828 0.0283777 0.0251202 0.0218147 0.0185504 0.0154129
 1.03393e-16 2.65806e-05 0.000155989 0.000741464 0.00285462 0.0089018 0.0224854 0.046009 0.0762688 0.102438 0.111503 0.0984242 0.0706097 0.0415202 0.0207343 0.0101308 0.00686769 0.00757367 0.010165 0.0136768 0.0176217 0.0216012 0.0252001 0.0280231 0.0297723 0.030311 0.0296875 0.0281084 0.0258741 0.0232997 0.0206489 0.0180975 0.0157313 0.0135683 0.0115914 0.00977651
 1.01611e-16 3.07103e-05 0.000180236 0.000856745 0.00329849 0.010286 0.0259817 0.0531625 0.0881248 0.118355 0.12881 0.113657 0.081442 0.0476962 0.0234578 0.0108608 0.00658242 0.00669486 0.00877575 0.0117241 0.0150248 0.0182986 0.021169 0.0232847 0.0243889 0.0243763 0.0233145 0.0214191 0.018993 0.0163527 0.0137636 0.0114041 0.00935926 0.00763977 0.00621126 0.00502276
 1.01005e-16 3.02484e-05 0.000177522 0.000843835 0.00324877 0.010131 0.0255901 0.0523615 0.086798 0.116576 0.126881 0.111974 0.0802757 0.0470934 0.0233103 0.0110416 0.00702687 0.00740451 0.00978478 0.013064 0.0166983 0.0202632 0.0233302 0.0255013 0.0264901 0.0261875 0.0246859 0.0222492 0.0192432 0.0160477 0.0129816 0.0102583 0.00797773 0.00614732 0.00471602 0.00360867
 1.01749e-16 1.97902e-05 0.000116105 0.000551809 0.00212432 0.00662436 0.016733 0.0342408 0.0567685 0.0762706 0.0830823 0.0734859 0.0530429 0.0318425 0.0171097 0.0103572 0.00958144 0.0123485 0.0171047 0.0230139 0.0294626 0.0357865 0.0412479 0.045148 0.0469792 0.0465424 0.0439906 0.0397776 0.0345368 0.0289293 0.023513 0.0186653 0.014569 0.0112467 0.00861988 0.00656718
 1.03927e-16 1.80832e-05 0.000106091 0.000504217 0.00194111 0.00605304 0.0152898 0.0312873 0.0518709 0.0696879 0.0759046 0.0671207 0.0484128 0.0289929 0.0154549 0.00917428 0.00831926 0.0106763 0.0148543 0.0201397 0.0260433 0.0320417 0.0375395 0.0419513 0.0448184 0.0459043 0.0452333 0.0430601 0.0397854 0.03585 0.0316443 0.0274559 0.0234615 0.0197496 0.0163564 0.0132968
 1.03597e-16 2.63069e-05 0.000154384 0.000733836 0.00282525 0.00881023 0.0222541 0.0455356 0.0754836 0.101382 0.11035 0.0973991 0.0698575 0.0410444 0.0204356 0.00988605 0.00657999 0.00718157 0.0096354 0.0130017 0.0168211 0.0207276 0.0243387 0.0272837 0.0292733 0.0301584 0.0299536 0.0288158 0.0269897 0.0247405 0.0222967 0.0198201 0.0174033 0.0150878 0.0128902 0.0108223
 1.01201e-16 3.46684e-05 0.000203481 0.000967265 0.00372404 0.0116131 0.0293337 0.0600205 0.0994898 0.133609 0.145387 0.128226 0.0917528 0.0534762 0.0258191 0.0111442 0.00565409 0.00488103 0.00608594 0.00806497 0.0103268 0.012579 0.0145575 0.0160209 0.0167934 0.0168028 0.0160955 0.0148188 0.0131794 0.0113928 0.00963922 0.00803865 0.00664767 0.00547215 0.00448797 0.00366054
 1.00922e-16 2.72128e-05 0.000159693 0.00075906 0.00292234 0.00911297 0.0230188 0.0471011 0.078081 0.104878 0.114173 0.100816 0.0724012 0.0427252 0.021615 0.0110169 0.00804088 0.00924165 0.0124677 0.0166802 0.0212927 0.0257819 0.029598 0.0322299 0.0333135 0.032718 0.0305767 0.0272469 0.0232173 0.0189929 0.0149951 0.011503 0.00864265 0.00641421 0.0047381 0.00350143
 1.00939e-16 3.3256e-05 0.000195186 0.000927826 0.00357218 0.0111395 0.0281376 0.0575732 0.0954343 0.128166 0.139472 0.123029 0.0880784 0.0514233 0.0249938 0.0110727 0.00603308 0.00560144 0.00715233 0.00951811 0.0121969 0.0148614 0.0172017 0.0189304 0.0198352 0.0198258 0.0189516 0.0173825 0.0153614 0.0131456 0.0109549 0.00894171 0.00718536 0.0057052 0.00448276 0.00348305
 1.01394e-16 2.1895e-05 0.000128464 0.000610573 0.00235059 0.00732998 0.0185153 0.0378873 0.0628118 0.0843832 0.0919013 0.0812432 0.0585484 0.0349596 0.0184426 0.0106363 0.00928851 0.0116794 0.0160832 0.0215992 0.0276095 0.0334742 0.0384923 0.0420052 0.0435394 0.0429187 0.0403044 0.0361443 0.0310552 0.0256772 0.020546 0.0160193 0.0122627 0.00928418 0.0069924 0.00525437
 1.02688e-16 2.36068e-05 0.000138525 0.000658427 0.00253488 0.00790471 0.0199669 0.0408564 0.0677298 0.0909769 0.0990474 0.0874775 0.0628608 0.0371739 0.018955 0.00991132 0.00755932 0.00893623 0.0122007 0.0164711 0.0212479 0.0260716 0.0304424 0.0338758 0.0359982 0.0366255 0.0357955 0.03374 0.0308132 0.0274002 0.0238392 0.0203756 0.0171541 0.0142383 0.0116418 0.00935706
 1.01932e-16 3.05746e-05 0.000179442 0.00085297 0.00328396 0.0102407 0.0258672 0.0529282 0.0877359 0.117832 0.128237 0.113144 0.0810568 0.0474361 0.0232665 0.0106671 0.00632574 0.00633103 0.0082759 0.0110764 0.01424 0.0174155 0.0202557 0.0224336 0.0237045 0.023958 0.0232388 0.0217247 0.0196742 0.0173606 0.0150162 0.0128006 0.0107963 0.00902517 0.00747358 0.00611577
 1.02838e-16 1.22045e-05 7.1557e-05 0.000339995 0.00130874 0.00408096 0.0103088 0.0210974 0.0349874 0.0470358 0.0513126 0.0455668 0.0332843 0.020769 0.0125913 0.00982494 0.0113763 0.0158451 0.022283 0.0300485 0.0384793 0.0467423 0.0538821 0.0589907 0.0614095 0.0608833 0.0576163 0.0522031 0.0454697 0.0382748 0.0313378 0.0251397 0.0199059 0.0156536 0.0122714 0.00959589
pSPR Fmed_Fpbrs
0.370333   0.255515 0.255515
Fs Fmed_Fpbrs
0.64   1.005 1.005
SSBpbr Bo_Bmed_Bpbrs
952541  305131  195761 195761
Ro
29042.8
SPR SPRFo_SPRFmed_SPRFpbrs
597147 221143 152580
log_Ro
10.0965
likeval ReclasPelacesDesembMPH_pf_preclas_ppelaces_ptallas_desvR_qrecl_qpela
 92.5485 224.422 0.0463888 155.936 391.434 195.202 53.0049 0 22.9498 0 0 0 0 0 0
q_reclas_q_pelaces
1 1
M
0.7
N
 39319.5 19510.8 7397.81 886.458 0.190834
 40705.5 16796 7169.34 2718.36 325.803
 18499.7 17088.2 5960.75 2544.33 1080.34
 16870.5 6208.08 3875.15 1351.74 821.979
 26793.9 7484.61 2460.63 1535.95 861.571
 17874.8 12939 3514.84 1155.53 1125.9
 44333.8 5530.38 2494.21 677.544 439.783
 48358 15827.9 1419.51 640.204 286.791
 122428 13223.9 2383.51 213.762 139.595
 139659 41448.2 3052.2 550.133 81.5578
 53373.5 57253.4 14027.4 1032.96 213.785
 47424.9 18176.5 13371.3 3276.06 291.174
 47196.8 16096.7 4216.75 3102.01 827.56
 37682.2 13299.6 2573.94 674.276 628.355
 22891.4 7374.49 1025.74 198.516 100.466
 9095.79 5926.71 995.455 138.46 40.3584
 5236.16 3311.82 1582.24 265.754 47.7388
 5871.07 1725.26 724.028 345.908 68.5356
 13046.8 1817.29 332.869 139.693 79.9621
 11940 4298.99 397.332 72.7785 48.0254
 31057.7 4181.97 1062 98.1552 29.8428
 28208.3 13617.8 1619.06 411.158 49.5549
 36967.9 12228.4 5153.43 612.706 174.349
 90191.2 15389.8 4267.69 1798.54 274.682
 32757.8 38734.3 5716.14 1585.12 770.043
pred_Ctot
 3987.34 3712.42 1407.62 168.671 0.0363109
 4570.48 3513.76 1499.84 568.686 68.1586
 4411.68 6979.67 2434.67 1039.23 441.266
 1301.76 912.882 569.83 198.769 120.87
 531.555 293.353 96.4421 60.2001 33.7685
 4978.63 6003.65 1630.87 536.162 522.411
 9132.4 1994.89 899.699 244.4 158.636
 16166.1 8473.45 759.932 342.731 153.533
 28642.5 5315.39 958.056 85.9223 56.1104
 17716.8 9704.31 714.615 128.803 19.0952
 12324.5 22761.3 5576.65 410.658 84.991
 11032.9 7271.57 5349.26 1310.6 116.485
 15163.4 8359.11 2189.78 1610.89 429.756
 17301.4 8920.78 1726.48 452.274 421.472
 8176.58 4149.25 577.13 111.695 56.527
 1776.53 2041.68 342.923 47.698 13.903
 1297.24 1396.38 667.126 112.051 20.1283
 1634.01 800.021 335.74 160.401 31.7807
 3231.99 766.169 140.338 58.8945 33.712
 2581.63 1616.44 149.399 27.365 18.0577
 2632.84 672.328 170.736 15.7802 4.79778
 2597.35 2366.86 281.403 71.4619 8.61296
 4342.06 2667.09 1124 133.636 38.0267
 8840.32 2836.57 786.597 331.497 50.6278
 2712.59 6090.53 898.798 249.242 121.081
F
 0.150578 0.301156 0.301156 0.301156 0.301156
 0.167973 0.335946 0.335946 0.335946 0.335946
 0.391903 0.783805 0.783805 0.783805 0.783805
 0.112718 0.225437 0.225437 0.225437 0.225437
 0.0279276 0.0558552 0.0558552 0.0558552 0.0558552
 0.473137 0.946274 0.946274 0.946274 0.946274
 0.329971 0.659942 0.659942 0.659942 0.659942
 0.596602 1.1932 1.1932 1.1932 1.1932
 0.383084 0.766167 0.766167 0.766167 0.766167
 0.191715 0.38343 0.38343 0.38343 0.38343
 0.377187 0.754373 0.754373 0.754373 0.754373
 0.380532 0.761063 0.761063 0.761063 0.761063
 0.56659 1.13318 1.13318 1.13318 1.13318
 0.931162 1.86232 1.86232 1.86232 1.86232
 0.651291 1.30258 1.30258 1.30258 1.30258
 0.310314 0.620629 0.620629 0.620629 0.620629
 0.410211 0.820423 0.820423 0.820423 0.820423
 0.472692 0.945384 0.945384 0.945384 0.945384
 0.410164 0.820327 0.820327 0.820327 0.820327
 0.349112 0.698223 0.698223 0.698223 0.698223
 0.124467 0.248934 0.248934 0.248934 0.248934
 0.135859 0.271717 0.271717 0.271717 0.271717
 0.176343 0.352685 0.352685 0.352685 0.352685
 0.145207 0.290414 0.290414 0.290414 0.290414
 0.121422 0.242844 0.242844 0.242844 0.242844
Np
 21152.3 6355.04 2618.81 2742.53 478.291
YTP_r0W_actual
 107253 410992 90977.2 31420.9 15895.5
YTP_p0W_proyectada
 50704.5 150088 228491 43061.7 18413.2
 50704.5 66204.6 39659.7 53041 10265.2
CTP_r0_actual
 9576.13 18681.5 2756.88 764.5 371.391
CTP_p0_proyectada
 6183.47 6948.52 7276.78 1073.86 413.78
 6183.47 3065.03 1263.05 1322.72 230.679
Wmedp
 8.2 21.6 31.4 40.1 44.5
nmprior
 10.8 10.6 4.6 0
nm_flota  nm_reclas  nm_pelaces    nm_pelaL
inf 15.4736 11.0687 22.768
cv_recla  cv_pelaces  cv_mph
0.870181 1.69866 0.519508
 ------------------------------------------------
Talla a la edad & desviaci?n 
 7.2 14.2025 17.0495 18.207 18.6776
 1.08 2.13037 2.55742 2.73105 2.80164
