years
 1997 1998 1999 2000 2001 2002 2003 2004 2005 2006 2007 2008 2009 2010 2011 2012 2013 2014 2015 2016 2017 2018 2019 2020 2021 2022 2023
reclasobs
 0 0 0 370054 412103 1.49427e+06 250295 1.28982e+06 931140 785840 897777 1.04006e+06 184774 17550 25797 100020 73551 82996 120727 218422 84188 347160 605670 569463 516374 1.08416e+06 1.01767e+06
reclaspred
 638574 159093 355493 200819 296536 311031 633570 459257 759802 979984 876248 646045 363217 120874 101831 101347 73353.4 74416.8 106364 156022 230206 283456 578824 657666 765502 557120 393609
pelacesobs
 0 0 0 0 0 0 0 0 0 2.06254e+06 1.5e+06 0 1.87456e+06 323000 250000 174000 83755 137374 0 501740 490994 745055 786931 1.00524e+06 1.33801e+06 1.41789e+06 0
pelacespred
 2.36925e+06 479647 604870 557858 765422 500617 1.76228e+06 1.21217e+06 2.30476e+06 2.58999e+06 1.83592e+06 1.47499e+06 787891 250997 222441 201706 140403 164298 229516 307682 602011 636994 1.02204e+06 1.40944e+06 1.42834e+06 1.09302e+06 792959
mphobs
 0 0 0 0 0 0 112323 0 153150 637223 0 255016 313432 73983 77613 109348 50772 17779 17303 59886 28197 0 207744 136588 643089 65757 70829
mphpred
 216674 115881 118150 91270.8 93366.5 141288 169746 234785 239180 405334 410812 283548 187768 105596 61480.1 60714.3 41519.9 34632.1 24400.9 36176.4 49912.9 73729.6 119462 168340 195080 145499 98737.2
desembarqueobs
 350755 77701 442110 56441 14545 235359 269955 359681 431902 328805 639364 411747 362871 311530 167758 66681 60226 58785 57116 73181 50977 67692 138656 160484 209506 203330 245020
desembarquepred
 350757 77696.8 442064 56447.2 14545.7 235575 270032 359422 431624 328816 639344 411593 363099 311547 167511 66714.8 60313.6 58756.9 57040.1 73194 50979.9 67658.3 138680 160486 209680 203445 244981
Reclutas
 33928.5 40073 16166 19698.8 33557.4 20548.8 56950 53723.4 128471 104760 61916.4 57667.4 35067.9 30614.2 17632.8 8871.04 4884.68 8431.59 14482.1 10755.6 22536.4 41958.2 43491.2 56677.9 13051.8 21640.7 48942.8
log_desv_Rt
 0.182701 0.349148 -0.558647 -0.361 0.171701 -0.318751 0.700619 0.642293 1.51415 1.31012 0.784229 0.713136 0.215731 0.0799087 -0.471794 -1.15876 -1.75545 -1.20957 -0.668641 -0.96613 -0.226424 0.395119 0.431004 0.695829 -0.772631 -0.266979 0.549097
SSB
 404537 216353 220589 170405 174318 263789 304380 430306 432087 739294 766997 529393 364847 140835 85060.8 83277.2 62442.4 49742.7 66948.3 105464 135050 193355 323050 432153 556467 436135 276983
BT
 1.43198e+06 337968 518499 304707 352118 397911 1.05196e+06 949298 1.52556e+06 1.46568e+06 1.37212e+06 1.03391e+06 698817 399775 242009 141735 114153 125779 152098 190320 320370 338835 528118 749347 742507 639104 576373
Ftot
 1.24231 1.17283 2.24526 0.590851 0.112216 1.31324 1.09803 1.89265 1.84532 0.791469 1.35823 1.23218 1.84515 4.95303 4.04345 1.33818 1.56506 1.87402 1.36778 0.979063 0.523025 0.539638 0.46837 0.493969 0.464222 0.591419 1.31701
BD_Bspro_t
 0.895789 0.607342 0.500911 0.283616 0.403475 0.557771 0.452425 0.499098 0.46576 0.545897 0.515707 0.359389 0.282451 0.14685 0.107908 0.126515 0.134158 0.149321 0.235851 0.381607 0.466285 0.618025 0.694616 0.689535 0.684947 0.564167 0.448619
BD_Bspro
 0.692994 0.370625 0.377881 0.291914 0.298617 0.451885 0.52142 0.737138 0.74019 1.26645 1.31391 0.90688 0.625003 0.241258 0.145714 0.142659 0.106967 0.0852121 0.114686 0.180665 0.231348 0.331228 0.553404 0.740303 0.95326 0.747124 0.474488
BD_Bo
 0.670043 0.358351 0.365366 0.282246 0.288727 0.436919 0.504151 0.712725 0.715676 1.22451 1.27039 0.876845 0.604304 0.233268 0.140888 0.137934 0.103425 0.0823899 0.110888 0.174682 0.223686 0.320258 0.535075 0.715785 0.921689 0.72238 0.458773
BD_Brms
 1.21826 0.651547 0.664301 0.513174 0.524958 0.794399 0.916638 1.29586 1.30123 2.22638 2.30981 1.59426 1.09873 0.424124 0.25616 0.250789 0.188045 0.1498 0.201614 0.317603 0.406702 0.582287 0.972865 1.30143 1.6758 1.31342 0.834133
S_f
 0.0763955 0.611133 0.967596 0.99824 0.999907
 0.0763955 0.611133 0.967596 0.99824 0.999907
 0.0763955 0.611133 0.967596 0.99824 0.999907
 0.0763955 0.611133 0.967596 0.99824 0.999907
 0.0763955 0.611133 0.967596 0.99824 0.999907
 0.0763955 0.611133 0.967596 0.99824 0.999907
 0.0763955 0.611133 0.967596 0.99824 0.999907
 0.0763955 0.611133 0.967596 0.99824 0.999907
 0.0763955 0.611133 0.967596 0.99824 0.999907
 0.0763955 0.611133 0.967596 0.99824 0.999907
 0.0763955 0.611133 0.967596 0.99824 0.999907
 0.0763955 0.611133 0.967596 0.99824 0.999907
 0.0763955 0.611133 0.967596 0.99824 0.999907
 0.0763955 0.611133 0.967596 0.99824 0.999907
 0.0763955 0.611133 0.967596 0.99824 0.999907
 0.0763955 0.611133 0.967596 0.99824 0.999907
 0.0763955 0.611133 0.967596 0.99824 0.999907
 0.0763955 0.611133 0.967596 0.99824 0.999907
 0.0763955 0.611133 0.967596 0.99824 0.999907
 0.0763955 0.611133 0.967596 0.99824 0.999907
 0.0763955 0.611133 0.967596 0.99824 0.999907
 0.0763955 0.611133 0.967596 0.99824 0.999907
 0.0763955 0.611133 0.967596 0.99824 0.999907
 0.0763955 0.611133 0.967596 0.99824 0.999907
 0.0763955 0.611133 0.967596 0.99824 0.999907
 0.0763955 0.611133 0.967596 0.99824 0.999907
 0.0763955 0.611133 0.967596 0.99824 0.999907
Scru_reclas
 0.390608 0.763359 0.941976 0.987908 0.997574
 0.390608 0.763359 0.941976 0.987908 0.997574
 0.390608 0.763359 0.941976 0.987908 0.997574
 0.390608 0.763359 0.941976 0.987908 0.997574
 0.390608 0.763359 0.941976 0.987908 0.997574
 0.390608 0.763359 0.941976 0.987908 0.997574
 0.390608 0.763359 0.941976 0.987908 0.997574
 0.390608 0.763359 0.941976 0.987908 0.997574
 0.390608 0.763359 0.941976 0.987908 0.997574
 0.390608 0.763359 0.941976 0.987908 0.997574
 0.390608 0.763359 0.941976 0.987908 0.997574
 0.390608 0.763359 0.941976 0.987908 0.997574
 0.390608 0.763359 0.941976 0.987908 0.997574
 0.390608 0.763359 0.941976 0.987908 0.997574
 0.390608 0.763359 0.941976 0.987908 0.997574
 0.390608 0.763359 0.941976 0.987908 0.997574
 0.390608 0.763359 0.941976 0.987908 0.997574
 0.390608 0.763359 0.941976 0.987908 0.997574
 0.390608 0.763359 0.941976 0.987908 0.997574
 0.390608 0.763359 0.941976 0.987908 0.997574
 0.390608 0.763359 0.941976 0.987908 0.997574
 0.390608 0.763359 0.941976 0.987908 0.997574
 0.390608 0.763359 0.941976 0.987908 0.997574
 0.390608 0.763359 0.941976 0.987908 0.997574
 0.390608 0.763359 0.941976 0.987908 0.997574
 0.390608 0.763359 0.941976 0.987908 0.997574
 0.390608 0.763359 0.941976 0.987908 0.997574
Scru_pelaces
 0.754276 1 1 1 1
 0.754276 1 1 1 1
 0.754276 1 1 1 1
 0.754276 1 1 1 1
 0.754276 1 1 1 1
 0.754276 1 1 1 1
 0.754276 1 1 1 1
 0.754276 1 1 1 1
 0.754276 1 1 1 1
 0.754276 1 1 1 1
 0.754276 1 1 1 1
 0.754276 1 1 1 1
 0.754276 1 1 1 1
 0.754276 1 1 1 1
 0.754276 1 1 1 1
 0.754276 1 1 1 1
 0.754276 1 1 1 1
 0.754276 1 1 1 1
 0.754276 1 1 1 1
 0.754276 1 1 1 1
 0.754276 1 1 1 1
 0.754276 1 1 1 1
 0.754276 1 1 1 1
 0.754276 1 1 1 1
 0.754276 1 1 1 1
 0.754276 1 1 1 1
 0.754276 1 1 1 1
pf_obs 
 0.256992 0.487395 0.22802 0.0275931 0
 0.321318 0.546541 0.124235 0.00734118 0.000564706
 0.182869 0.594174 0.210203 0.0122559 0.00049798
 0.330522 0.361315 0.267642 0.0388342 0.00168674
 0.649043 0.306663 0.0425973 0.00169635 0
 0.582887 0.30429 0.105238 0.00758474 0
 0.465427 0.430635 0.0974691 0.00646863 0
 0.296916 0.608066 0.0921331 0.00288517 0
 0.311714 0.524322 0.152257 0.0117073 0
 0.15457 0.633149 0.183074 0.0267441 0.00246327
 0.131901 0.49318 0.331252 0.0422183 0.00144891
 0.196976 0.569456 0.194076 0.0375587 0.00193317
 0.518974 0.381816 0.0799577 0.0180837 0.00116848
 0.0928022 0.601141 0.25162 0.0475244 0.00691264
 0.122501 0.610282 0.24278 0.0234846 0.000952079
 0.383417 0.481906 0.127806 0.00687128 0
 0.0376549 0.599619 0.316969 0.0457579 0
 0.0361596 0.667082 0.258105 0.0386534 0
 0.158088 0.579412 0.248529 0.0139706 0
 0.0477256 0.309471 0.559284 0.082774 0.000745712
 0.0406174 0.521527 0.379366 0.0568643 0.0016247
 0.151134 0.462217 0.34131 0.0453401 0
 0.294876 0.26143 0.354403 0.0886775 0.000613685
 0.281977 0.475581 0.204845 0.0348837 0.00271318
 0.0841818 0.532909 0.334909 0.0458182 0.00218182
 0.115287 0.27431 0.454777 0.147771 0.00785563
 0 0 0 0 0
pf_pred 
 0.273024 0.493193 0.208671 0.0250991 1.24997e-05
 0.252134 0.596366 0.123269 0.0253438 0.0028867
 0.120487 0.685586 0.172608 0.017518 0.00380062
 0.212467 0.510035 0.251203 0.0236039 0.00269172
 0.233666 0.5073 0.197567 0.0558532 0.00561312
 0.123901 0.599113 0.210095 0.0514067 0.015484
 0.371302 0.377961 0.205887 0.0344827 0.0103675
 0.249884 0.651296 0.0743353 0.0202915 0.00419338
 0.452951 0.442111 0.0989236 0.00460206 0.0014115
 0.203628 0.721165 0.0684672 0.00637812 0.000361535
 0.124863 0.58864 0.271247 0.0139388 0.00131115
 0.172449 0.506593 0.261184 0.0567625 0.00301168
 0.149204 0.602351 0.190511 0.0476211 0.0103135
 0.303914 0.51401 0.156144 0.0202063 0.00572562
 0.297593 0.674443 0.0265195 0.00126459 0.000179352
 0.174415 0.756457 0.0685242 0.000576533 2.75725e-05
 0.126447 0.589466 0.272325 0.011665 9.70942e-05
 0.319677 0.440896 0.197233 0.0405481 0.0016448
 0.368025 0.548588 0.0683205 0.0125618 0.00250515
 0.179516 0.695942 0.116292 0.00682876 0.00142071
 0.289515 0.451916 0.236553 0.0206233 0.00139258
 0.294183 0.533162 0.129754 0.0393784 0.00352261
 0.184703 0.610056 0.173142 0.0243597 0.00773888
 0.189304 0.497189 0.262053 0.0436673 0.00778661
 0.0409033 0.6108 0.254987 0.0784902 0.0148193
 0.106857 0.215966 0.508642 0.124651 0.0438833
 0.308576 0.389183 0.109535 0.146235 0.0464703
pobs_RECLAS
 0 0 0 0 0
 0 0 0 0 0
 0 0 0 0 0
 0 0 0 0 0
 0.835266 0.146461 0.0176864 0.000547809 3.91292e-05
 0.385257 0.428462 0.181853 0.0044286 0
 0.867414 0.0963971 0.0333333 0.00285562 0
 0.441836 0.489002 0.0689373 0.000224442 0
 0.779404 0.147425 0.0564933 0.0165055 0.000172143
 0.814271 0.122319 0.05973 0.00367925 0
 0.40263 0.566651 0.0304383 0.000280538 0
 0.475488 0.404961 0.113038 0.00651328 0
 0.955842 0.0263864 0.0167828 0.000988607 0
 0.975058 0.0227948 0.00214734 0 0
 0.738997 0.206755 0.0527124 0.00153531 0
 0.850938 0.134255 0.0134407 0.00136685 0
 0.542534 0.407297 0.0501686 0 0
 0.764087 0.199537 0.0359546 0.000420521 0
 0.470689 0.182191 0.310203 0.0369168 0
 0.84361 0.089868 0.0606195 0.00523954 0.000663233
 0.607945 0.314616 0.071237 0.00620181 0
 0.523733 0.453247 0.0230204 0 0
 0.530135 0.295979 0.169645 0.0042399 0
 0.562478 0.366248 0.0663022 0.0049721 0
 0.250443 0.683176 0.0655157 0.000865301 0
 0.195077 0.31981 0.436473 0.0351445 0.0134964
 0.565238 0.351407 0.0832357 0.000118908 0
ppred_RECLAS
 0.641061 0.266158 0.0827199 0.0100564 5.04721e-06
 0.606512 0.331231 0.0505428 0.0105082 0.00120625
 0.410544 0.495413 0.0836766 0.00850695 0.00185907
 0.552088 0.316266 0.118997 0.0113452 0.00130412
 0.575027 0.30387 0.0919942 0.0264319 0.00267783
 0.403102 0.445846 0.114242 0.0282384 0.00857149
 0.739265 0.174584 0.0705693 0.0119581 0.00362349
 0.613283 0.349763 0.0277525 0.00761538 0.00158554
 0.800013 0.171541 0.026804 0.00125405 0.000387515
 0.525611 0.439674 0.0315638 0.00298046 0.000170285
 0.407137 0.437663 0.146856 0.00762105 0.000722418
 0.502269 0.339354 0.128613 0.0282534 0.00151072
 0.466687 0.413898 0.0914183 0.0229813 0.00501454
 0.769834 0.197705 0.0279619 0.00350178 0.000997602
 0.714204 0.279616 0.00586667 0.000274165 3.912e-05
 0.486296 0.481604 0.0318169 0.000270375 1.30307e-05
 0.41518 0.434739 0.143818 0.00621083 5.20913e-05
 0.705873 0.213355 0.0664707 0.0137393 0.0005615
 0.726049 0.246619 0.0223484 0.00414935 0.000833883
 0.493261 0.44688 0.0558428 0.00332021 0.000696206
 0.650299 0.243013 0.0974755 0.00862527 0.000587085
 0.648733 0.281255 0.0524128 0.0161433 0.00145568
 0.500479 0.396729 0.0864842 0.0123524 0.00395576
 0.516787 0.325375 0.131581 0.0222567 0.00400057
 0.162292 0.581743 0.186567 0.0583022 0.0110961
 0.378454 0.182523 0.32839 0.0816566 0.028977
 0.688095 0.198456 0.0408013 0.0550263 0.0176217
pobs_PELACES
 0 0 0 0 0
 0 0 0 0 0
 0 0 0 0 0
 0 0 0 0 0
 0 0 0 0 0
 0 0 0 0 0
 0 0 0 0 0
 0 0 0 0 0
 0 0 0 0 0
 0 0 0 0 0
 0.450072 0.473896 0.0757376 0.000293798 0
 0 0 0 0 0
 0.463077 0.371075 0.160297 0.00555027 0
 0.529543 0.364841 0.0842815 0.0213345 0
 0.631943 0.363953 0.00410389 0 0
 0.735681 0.248677 0.0153453 0.000297389 0
 0.695825 0.281241 0.0229344 0 0
 0.275771 0.60734 0.115278 0.00161068 0
 0 0 0 0 0
 0.896147 0.0623911 0.0374545 0.00400742 0
 0.803859 0.145111 0.0509908 3.86294e-05 0
 0.739449 0.233085 0.0266225 0.000797448 4.60066e-05
 0.878498 0.100942 0.0204185 0.000141795 0
 0.694673 0.275183 0.0284847 0.00165964 0
 0.469039 0.446079 0.0841089 0.000773354 0
 0.822795 0.102175 0.0682046 0.00682512 0
 0 0 0 0 0
ppred_PELACES
 0.780593 0.17658 0.0384267 0.00439879 2.18483e-06
 0.74585 0.224669 0.0242016 0.00474118 0.000538625
 0.619042 0.340988 0.0358394 0.0033962 0.000734093
 0.685044 0.239863 0.0682262 0.00616533 0.000701604
 0.683909 0.240369 0.0581981 0.015926 0.00159774
 0.577021 0.3434 0.0610998 0.0142105 0.00426859
 0.848985 0.112057 0.0322583 0.00515455 0.00154583
 0.771774 0.213815 0.0110044 0.00282465 0.000581796
 0.895775 0.0940877 0.00958915 0.000419868 0.000128357
 0.656973 0.32422 0.0171852 0.00153495 8.68098e-05
 0.583452 0.334808 0.0775977 0.0037873 0.000355263
 0.671997 0.247819 0.0658426 0.0136208 0.000720769
 0.660089 0.286778 0.0413152 0.00972012 0.00209826
 0.927621 0.0674351 0.00431607 0.000490208 0.000137923
 0.883734 0.114991 0.00121511 5.19757e-05 7.32812e-06
 0.643083 0.34118 0.0156055 0.000124748 5.94956e-06
 0.600952 0.323871 0.0722255 0.00292737 2.42935e-05
 0.845202 0.124509 0.025216 0.00487646 0.000197157
 0.837028 0.151516 0.00947311 0.00165402 0.000328936
 0.638196 0.330002 0.0297827 0.00167181 0.000346974
 0.76444 0.176709 0.0540124 0.00453312 0.000305472
 0.759097 0.202982 0.0287683 0.0084028 0.000750132
 0.627883 0.310866 0.051973 0.00704464 0.00223355
 0.651296 0.254962 0.0788385 0.012652 0.00225152
 0.25087 0.562067 0.138314 0.0410203 0.00772937
 0.548456 0.16166 0.219863 0.0518177 0.0182042
 0.823592 0.127725 0.0182261 0.0231275 0.0073293
pobs_pel_tallas
 0 0 0 0 0 0 0 0 0 0 0 0 0 0 0 0 0 0 0 0 0 0 0 0 0 0 0 0 0 0 0 0 0 0 0 0
 0 0 0 0 0 0 0 0 0 0 0 0 0 0 0 0 0 0 0 0 0 0 0 0 0 0 0 0 0 0 0 0 0 0 0 0
 0 0 0 0 0 0 0 0 0 0 0 0 0 0 0 0 0 0 0 0 0 0 0 0 0 0 0 0 0 0 0 0 0 0 0 0
 0 0 0 0 0 0 0 0 0 0 0 0 0 0 0 0 0 0 0 0 0 0 0 0 0 0 0 0 0 0 0 0 0 0 0 0
 0 0 0 0 0 0 0 0 0 0 0 0 0 0 0 0 0 0 0 0 0 0 0 0 0 0 0 0 0 0 0 0 0 0 0 0
 0 0 0 0 0 0 0 0 0 0 0 0 0 0 0 0 0 0 0 0 0 0 0 0 0 0 0 0 0 0 0 0 0 0 0 0
 0 0 0 0 0 0 0 0 0 0 0 0 0 0 0 0 0 0 0 0 0 0 0 0 0 0 0 0 0 0 0 0 0 0 0 0
 0 0 0 0 0 0 0 0 0 0 0 0 0 0 0 0 0 0 0 0 0 0 0 0 0 0 0 0 0 0 0 0 0 0 0 0
 0 0 0 0 0 0 0 0 0 0 0 0 0 0 0 0 0 0 0 0 0 0 0 0 0 0 0 0 0 0 0 0 0 0 0 0
 0 0 0 0 0 0 0 0 0 0 0 0 0 0 0 0 0 0 0 0 0 0 0 0 0 0 0 0 0 0 0 0 0 0 0 0
 0 0 0 0 0 0 0 0 1.78061e-05 0.00172719 0.00360574 0.0105946 0.0120993 0.0124554 0.0147524 0.0171206 0.0266825 0.0428682 0.0675386 0.121331 0.153587 0.119568 0.100827 0.0573624 0.0630603 0.0341343 0.0324427 0.0444173 0.0211091 0.0280891 0.0125444 0.00206551 0 0 0 0
 0 0 0 0 0 0 0 0 0 0 0 0 0 0 0 0 0 0 0 0 0 0 0 0 0 0 0 0 0 0 0 0 0 0 0 0
 0 0 0 0 0 0 0.0133647 0.0140871 0.0187388 0.0205184 0.03894 0.0496705 0.03968 0.0493445 0.0407372 0.0367815 0.0215668 0.0243155 0.0234873 0.0199281 0.019796 0.0243948 0.0301388 0.0376714 0.0412746 0.0863199 0.0771752 0.113111 0.0741005 0.0525337 0.0229764 0.00759418 0.00175318 0 0 0
 0 0 0 0 0 0 0 0 0 0 0.00219441 0.00772107 0.0458388 0.0604681 0.0671733 0.0775358 0.0609151 0.0617685 0.073594 0.0568108 0.0755445 0.0548602 0.0670107 0.0636378 0.0643287 0.046367 0.0373049 0.0286899 0.0247887 0.0153202 0.00654259 0.00121912 0.000365735 0 0 0
 0 0 0 0 0 0 0 0 0 0 0 0 0.000112435 0.00938835 0.0111873 0.0202946 0.0414886 0.0713402 0.111592 0.104902 0.108894 0.110636 0.117776 0.105296 0.107544 0.0401394 0.0192827 0.0124803 0.00416011 0.0028671 0.000618394 0 0 0 0 0
 0 0 0 0 0 0 0 0 0 0 0.00291406 0.0102884 0.027416 0.0768956 0.0749926 0.110853 0.0956884 0.0897413 0.0766577 0.0534642 0.0500743 0.0551293 0.0594112 0.0620874 0.0668451 0.0424026 0.0208742 0.0120726 0.0048766 0.00582813 0.00118941 0.000297354 0 0 0 0
 0 0.00264628 0.0354308 0.0461629 0.0458689 0.0383711 0.0214643 0.0164657 0.0346957 0.0420465 0.0363128 0.0245516 0.0311673 0.0291091 0.0169068 0.0133784 0.00837989 0.0085269 0.0148486 0.0160247 0.0276389 0.0546898 0.0760071 0.122758 0.109233 0.0665981 0.0333725 0.0166128 0.00676272 0.00308733 0.000882094 0 0 0 0 0
 0 0 0 0 0 0 0 0.000805153 0.000690131 0.00759144 0.0133425 0.0154129 0.00931677 0.000345066 0.00356568 0.00563607 0.00851162 0.0253048 0.0502646 0.0516448 0.0657925 0.0565908 0.0611916 0.0827007 0.0866115 0.110766 0.145733 0.0935128 0.0569358 0.0249597 0.0138026 0.00621118 0.00161031 0.00115022 0 0
 0 0 0 0 0 0 0 0 0 0 0 0 0 0 0 0 0 0 0 0 0 0 0 0 0 0 0 0 0 0 0 0 0 0 0 0
 0.00147267 0.00158595 0.00478618 0.00569244 0.00954404 0.0108468 0.00647125 0.017049 0.0510054 0.094081 0.124002 0.0959785 0.0687766 0.0820023 0.061753 0.0591476 0.0492212 0.0479892 0.0443925 0.0268479 0.0217502 0.0140895 0.0121071 0.0120363 0.00920419 0.00665534 0.0049561 0.00860946 0.00930331 0.0156896 0.0114698 0.00855282 0.00243557 0.00046729 0 2.83206e-05
 0 0 0 0 0.000772559 0.00158375 0.000888443 0.00281984 0.00712685 0.0440552 0.0773331 0.111326 0.0921469 0.0852325 0.0710754 0.0886704 0.0786465 0.0553345 0.0373146 0.0185414 0.00753245 0.00457741 0.012979 0.0271748 0.0457355 0.0583668 0.034881 0.0177882 0.00938659 0.00492506 0.0015258 0.00185414 0.000309023 5.79419e-05 3.86279e-05 0
 0 0.00173294 0.00326652 0 0.00397197 0.00683976 0.00946217 0.0152591 0.00757587 0.0136028 0.0228656 0.0392903 0.0559909 0.0764795 0.0681675 0.0726916 0.0566044 0.0477403 0.0527397 0.0444891 0.0609904 0.0582453 0.0661739 0.0445044 0.0529084 0.0360697 0.0280645 0.0235558 0.0158879 0.00826598 0.00280645 0.00217768 0.000904811 0.00058276 9.20147e-05 0
 0 0 0 0 0 0 0 0 0 0 0 0 0 0 0 0 0 0 0 0 0 0 0 0 0 0 0 0 0 0 0 0 0 0 0 0
 0 0 0 0 0 0 0 0 0 0 0 0 0 0 0 0 0 0 0 0 0 0 0 0 0 0 0 0 0 0 0 0 0 0 0 0
 0 0 0 0 0 0 0 0 0 0 0 0 0 0 0 0 0 0 0 0 0 0 0 0 0 0 0 0 0 0 0 0 0 0 0 0
 0 0 0 0 0 0 0 0 0 0 0 0 0 0 0 0 0 0 0 0 0 0 0 0 0 0 0 0 0 0 0 0 0 0 0 0
 0 0 0 0 0 0 0 0 0 0 0 0 0 0 0 0 0 0 0 0 0 0 0 0 0 0 0 0 0 0 0 0 0 0 0 0
ppred_pel_tallas
 1.00755e-16 3.40574e-05 0.000199892 0.000950199 0.00365833 0.0114082 0.0288161 0.0589615 0.0977351 0.131255 0.14283 0.125983 0.0901756 0.0526121 0.0255051 0.0111853 0.00593177 0.00536207 0.0067853 0.00900891 0.0115288 0.0140259 0.0162031 0.0177869 0.0185774 0.0184921 0.0175835 0.0160196 0.0140386 0.0118907 0.00978904 0.00788006 0.00623799 0.00487764 0.0037762 0.00289441
 1.00605e-16 3.25443e-05 0.000191004 0.000907939 0.0034956 0.0109007 0.0275343 0.0563393 0.09339 0.125425 0.136498 0.120429 0.0862668 0.0504661 0.0247156 0.0112654 0.00658167 0.0064905 0.00841717 0.0111942 0.0142843 0.0173033 0.0198774 0.0216629 0.022415 0.022044 0.0206364 0.0184283 0.0157441 0.0129197 0.0102363 0.0078813 0.00594099 0.00441829 0.00326328 0.00240361
 1.00771e-16 2.70197e-05 0.000158559 0.000753665 0.00290156 0.00904819 0.0228552 0.0467664 0.0775263 0.104133 0.113364 0.100106 0.071901 0.042449 0.0215102 0.0110207 0.00811446 0.00937293 0.0126603 0.0169419 0.0216287 0.0261905 0.0300688 0.0327435 0.0338432 0.0332332 0.0310469 0.0276458 0.0235256 0.0191999 0.015099 0.0115099 0.00856486 0.00626836 0.00454318 0.00327687
 1.01292e-16 2.98936e-05 0.000175441 0.000833944 0.00321069 0.0100122 0.0252901 0.0517477 0.08578 0.115208 0.125389 0.110649 0.0793098 0.0464943 0.0229545 0.0107763 0.00673482 0.0070147 0.00926123 0.0123986 0.0159124 0.0194112 0.0224992 0.0248038 0.0260472 0.0261077 0.0250437 0.0230688 0.0204919 0.0176415 0.0147998 0.0121645 0.00984133 0.00786026 0.00620373 0.00483298
 1.01527e-16 2.98441e-05 0.00017515 0.000832562 0.00320537 0.00999562 0.0252482 0.0516619 0.0856379 0.115017 0.125181 0.110466 0.079179 0.0464185 0.0229184 0.0107615 0.00672785 0.00700814 0.00925099 0.0123816 0.0158856 0.0193715 0.0224448 0.0247347 0.0259666 0.026023 0.0249665 0.0230143 0.0204773 0.0176829 0.0149098 0.0123492 0.010099 0.0081811 0.00657105 0.00522573
 1.01667e-16 2.51875e-05 0.000147802 0.000702526 0.00270467 0.00843416 0.0213043 0.043593 0.0722666 0.0970712 0.105683 0.0933404 0.0670781 0.0396759 0.020243 0.0105989 0.00808798 0.00953773 0.0129654 0.0174045 0.0222912 0.0271033 0.0312829 0.0343041 0.0357836 0.0355683 0.033768 0.0307165 0.0268819 0.0227527 0.0187409 0.0151248 0.0120392 0.00950155 0.00745676 0.00581981
 1.00744e-16 3.7037e-05 0.00021739 0.0010334 0.00397871 0.0124073 0.0313397 0.0641245 0.106291 0.142738 0.155306 0.136942 0.0979203 0.05693 0.0272232 0.0112995 0.00507709 0.00376585 0.00443846 0.00583183 0.00747181 0.00912098 0.010585 0.0116887 0.0123021 0.0123676 0.0119109 0.0110297 0.00986573 0.00856931 0.00726944 0.00605599 0.00497671 0.00404511 0.00325357 0.00258567
 1.00351e-16 3.36743e-05 0.000197639 0.000939484 0.00361706 0.0112795 0.0284911 0.0582968 0.0966342 0.12978 0.141233 0.124595 0.0892257 0.052146 0.0254428 0.0114348 0.00645532 0.00617722 0.00793313 0.0105196 0.0133947 0.0161841 0.0185302 0.0201075 0.0206875 0.0201925 0.0187149 0.0164913 0.0138417 0.0110954 0.00852621 0.00631395 0.00453739 0.00319183 0.00221937 0.00153958
 1.00188e-16 3.90765e-05 0.000229366 0.00109034 0.00419793 0.0130909 0.0330665 0.0676575 0.112146 0.150599 0.163853 0.144463 0.103264 0.0599678 0.028546 0.0116223 0.00487593 0.00324058 0.00362152 0.00468972 0.00596089 0.00721268 0.00827692 0.00900807 0.00930353 0.00912638 0.00851391 0.00756641 0.00642137 0.00522118 0.00408515 0.00309288 0.00228104 0.00165077 0.00118043 0.000838453
 1.00407e-16 2.86729e-05 0.000168267 0.000799821 0.00307928 0.00960239 0.0242551 0.0496304 0.082273 0.110506 0.120292 0.106201 0.0762288 0.0449042 0.0225694 0.0112605 0.00791684 0.00889575 0.011926 0.0159208 0.0202856 0.0245058 0.0280482 0.0304204 0.0312756 0.0304963 0.0282237 0.0248176 0.0207656 0.0165694 0.0126468 0.00927276 0.00656872 0.00452851 0.00306431 0.00205316
 1.01358e-16 2.54676e-05 0.000149448 0.000710349 0.00273479 0.0085281 0.0215415 0.0440784 0.073071 0.0981507 0.106856 0.0943696 0.0678039 0.0400773 0.0203969 0.0105977 0.00799018 0.00936461 0.0127176 0.0170786 0.0218898 0.0266397 0.0307817 0.0337987 0.0353098 0.035157 0.0334374 0.0304681 0.0266992 0.0226058 0.0185932 0.0149417 0.0117952 0.00918547 0.00707222 0.00538319
 1.01518e-16 2.9325e-05 0.000172102 0.000818069 0.00314957 0.00982159 0.0248087 0.0507626 0.0841474 0.113016 0.123007 0.108554 0.0778241 0.0456552 0.0225995 0.0107091 0.00682615 0.00721213 0.00955798 0.012804 0.0164349 0.020051 0.0232454 0.0256345 0.0269331 0.027017 0.0259474 0.023945 0.0213278 0.0184325 0.0155468 0.0128703 0.0105076 0.00848578 0.00678412 0.00536188
 1.01113e-16 2.88073e-05 0.000169059 0.000803595 0.00309382 0.00964775 0.0243696 0.0498645 0.08266 0.111022 0.120846 0.10667 0.0765224 0.0449906 0.0224536 0.0109434 0.00737277 0.00807668 0.0107807 0.0144182 0.0184364 0.0223781 0.0257731 0.0281826 0.0292902 0.0289744 0.0273356 0.0246632 0.0213588 0.01784 0.0144576 0.0114468 0.00891877 0.00688289 0.0052847 0.00404319
 1.00107e-16 4.0464e-05 0.000237514 0.00112908 0.00434712 0.0135562 0.0342416 0.0700617 0.11613 0.155946 0.169664 0.149568 0.106876 0.0619892 0.0293651 0.0117073 0.00452776 0.00257092 0.00263119 0.0033444 0.00423624 0.0051171 0.00586095 0.00636308 0.00655085 0.0063993 0.00593711 0.0052383 0.00440346 0.00353622 0.00272292 0.00202056 0.00145445 0.00102373 0.000710781 0.000490789
 1.00057e-16 3.85523e-05 0.000226286 0.0010757 0.00414154 0.0129151 0.0326223 0.0667489 0.110641 0.148579 0.16166 0.142541 0.101916 0.0592375 0.028296 0.0116894 0.00516268 0.00372248 0.0043133 0.00561193 0.00711759 0.00857883 0.00979374 0.0105866 0.0108361 0.0105035 0.00964299 0.00838686 0.00691256 0.00540186 0.00400525 0.00282083 0.00189024 0.00120823 0.0007395 0.000435826
 1.00338e-16 2.8068e-05 0.000164713 0.000782925 0.00301422 0.0093995 0.0237426 0.048582 0.0805357 0.108174 0.11776 0.103979 0.0746625 0.0440395 0.022242 0.0112732 0.00814662 0.00930294 0.012518 0.0167169 0.0212942 0.025713 0.0294125 0.031875 0.0327365 0.0318753 0.0294423 0.0258193 0.0215227 0.0170835 0.0129434 0.00939303 0.00655999 0.00443645 0.00292766 0.00190127
 1.01233e-16 2.62303e-05 0.000153926 0.000731642 0.00281677 0.00878377 0.0221873 0.0453997 0.0752606 0.10109 0.11005 0.0971785 0.0697951 0.0412 0.020868 0.0106791 0.00785337 0.00907722 0.0122856 0.0164861 0.0211221 0.0256944 0.0296732 0.0325583 0.0339826 0.033795 0.032092 0.0291834 0.025508 0.0215279 0.0176372 0.0141079 0.0110788 0.00857896 0.00656702 0.0049701
 1.00576e-16 3.68725e-05 0.000216424 0.00102881 0.003961 0.012352 0.0312002 0.0638392 0.105818 0.142104 0.15462 0.136344 0.0975071 0.0567194 0.0271778 0.0113755 0.00525331 0.00404451 0.00483286 0.00635312 0.00811909 0.00987504 0.0114062 0.0125194 0.0130741 0.0130132 0.0123744 0.0112767 0.0098883 0.00838534 0.00691731 0.0055862 0.00444284 0.00349616 0.00272882 0.00211233
 1.00257e-16 3.65171e-05 0.000214335 0.00101887 0.00392274 0.0122327 0.0308988 0.0632227 0.104797 0.140736 0.153137 0.135051 0.0966142 0.0562643 0.0270797 0.0115399 0.00563417 0.00464656 0.00568457 0.00747819 0.00951498 0.0114995 0.0131727 0.0143029 0.0147273 0.01439 0.0133553 0.0117894 0.00991817 0.00797407 0.00615077 0.00457593 0.00330615 0.00233924 0.00163552 0.00113931
 1.00604e-16 2.78544e-05 0.000163461 0.000776971 0.0029913 0.00932803 0.0235621 0.0482126 0.0799231 0.107351 0.116862 0.103182 0.0740823 0.0436811 0.0220315 0.0111195 0.00797975 0.00908065 0.0122186 0.0163344 0.0208392 0.0252145 0.0289185 0.0314484 0.0324465 0.0317857 0.0295999 0.0262441 0.0222039 0.0179811 0.0139958 0.0105272 0.0077026 0.00552361 0.00391109 0.00275101
 1.00995e-16 3.33531e-05 0.000195757 0.000930541 0.00358264 0.0111721 0.0282199 0.0577417 0.0957133 0.12854 0.139877 0.123382 0.088321 0.0515448 0.0250158 0.0110197 0.0059166 0.00541897 0.00689529 0.00918005 0.0117798 0.0143795 0.0166828 0.0184136 0.019366 0.0194479 0.0186995 0.0172748 0.0153983 0.0133096 0.0112153 0.00926117 0.00752627 0.00603531 0.00477847 0.00373052
 1.00799e-16 3.31211e-05 0.000194392 0.00092405 0.00355764 0.0110942 0.028023 0.057339 0.0950465 0.127647 0.138911 0.122544 0.087751 0.0512729 0.0249964 0.0112012 0.00628087 0.00598139 0.00768427 0.0102146 0.0130515 0.0158413 0.0182453 0.0199525 0.0207388 0.0205183 0.0193621 0.0174748 0.0151404 0.0126542 0.010264 0.00813598 0.00634833 0.00490753 0.003775 0.00289356
 1.01186e-16 2.7404e-05 0.000160818 0.000764411 0.00294295 0.00917724 0.0231812 0.0474331 0.0786306 0.105614 0.114968 0.101504 0.072865 0.0429378 0.0216104 0.0108331 0.00768689 0.00869834 0.0117059 0.0156806 0.0200629 0.0243668 0.0280838 0.0307371 0.0319809 0.0316798 0.0299383 0.0270658 0.0234938 0.019673 0.0159835 0.0126825 0.00989421 0.00763398 0.00584813 0.00445363
 1.01743e-16 2.84227e-05 0.000166804 0.000792879 0.00305257 0.00951913 0.0240447 0.0491995 0.0815568 0.109538 0.119225 0.105227 0.0754589 0.0443091 0.0220107 0.0105603 0.00690598 0.00743133 0.00990169 0.0132872 0.0170781 0.0208689 0.0242423 0.0268022 0.028251 0.0284545 0.0274667 0.0255052 0.0228876 0.0199526 0.0169917 0.0142096 0.0117171 0.00954877 0.00769227 0.00611522
 1.03918e-16 1.09748e-05 6.43409e-05 0.000305695 0.00117669 0.00366917 0.0092686 0.0189689 0.0314585 0.0422947 0.0461485 0.041 0.0299901 0.0187964 0.0115421 0.00921103 0.0108405 0.0151918 0.0214279 0.028978 0.0372395 0.0454404 0.0526853 0.0581118 0.0610777 0.061306 0.0589389 0.0544786 0.0486447 0.0421957 0.035776 0.0298272 0.0245745 0.0200687 0.0162547 0.0130363
 1.05805e-16 2.39349e-05 0.000140464 0.000667675 0.00257054 0.00801593 0.0202476 0.0414298 0.0686763 0.0922359 0.100386 0.0885819 0.0634862 0.037207 0.0183549 0.0086074 0.00539914 0.00570546 0.00768863 0.0105532 0.0139672 0.0176992 0.0214987 0.0250955 0.028237 0.0307256 0.0324405 0.0333363 0.0334265 0.032761 0.0314087 0.0294512 0.0269859 0.0241311 0.0210273 0.0178304
 1.01438e-16 3.59303e-05 0.000210892 0.00100251 0.00385974 0.0120363 0.0304026 0.0622072 0.103113 0.138473 0.15067 0.132865 0.0950279 0.0552952 0.0265292 0.011163 0.0052448 0.00413348 0.00498963 0.00658068 0.00843078 0.0102864 0.0119328 0.0131761 0.0138755 0.0139733 0.0135057 0.0125884 0.0113829 0.0100555 0.00874256 0.00753153 0.00645974 0.00552621 0.00470935 0.00398312
pSPR Fmed_Fpbrs
0.53857   0.6 0.325
Fs Fmed_Fpbrs
0.64   0.488511 1.75943
SSBpbr Bo_Bmed_Bpbrs
603747  294972  332061 166030
Ro
28263.1
SPR SPRFo_SPRFmed_SPRFpbrs
583752 314391 189719
log_Ro
10.0693
likeval ReclasPelacesDesembMPH_pf_preclas_ppelaces_ptallas_desvR_qrecl_qpela
 77.6392 10.0099 0.051521 112.711 344.102 220.933 59.6197 0 22.4379 7.88592e-06 0.000116069 7.79337e-14 0 0 0
q_reclas_q_pelaces
1.48874 4.63091
M
0.7
N
 33928.5 10047.8 3157.84 373.089 0.185628
 40073 15322.9 2335.29 471.346 53.6346
 16166 18194.2 3715.8 372.809 80.8338
 19698.8 6762.42 2290.92 210.156 23.935
 33557.4 9350.38 2340.33 642.267 64.4441
 20548.8 16521.8 4335.5 1042.6 313.747
 56950 9230.18 3677.07 604.199 181.473
 53723.4 26005 2343.02 631.077 130.324
 128471 23086.7 4061.8 186.396 57.1282
 104760 55408.5 3711.82 338.275 19.1523
 61916.4 48969.9 16963.1 857.016 80.5426
 57667.4 27716.3 10603.1 2263.29 119.97
 35067.9 26064.1 6481.78 1598.23 345.886
 30614.2 15124.6 4190.95 539.905 152.95
 17632.8 10413.2 363.987 17.2558 2.44657
 8871.04 6429.27 436.918 3.61358 0.172661
 4884.68 3977.13 1409.24 59.4375 0.494327
 8431.59 2152.31 758.889 153.925 6.23938
 14482.1 3628.5 340.024 61.4706 12.2478
 10755.6 6478.07 781.079 44.9502 9.34179
 22536.4 4956.15 1768.42 150.406 10.1427
 41958.2 10752.9 1787.81 529.41 47.2966
 43491.2 19994.3 3839.66 526.681 167.096
 56677.9 20838 7457.44 1211.9 215.814
 13051.8 27103.1 7651.46 2296.19 432.943
 21640.7 6255.49 10134.5 2424.72 852.531
 48942.8 10271.7 2164.14 2839.68 901.56
pred_Ctot
 2221.39 4012.73 1697.8 204.212 0.1017
 2482.68 5872.2 1213.78 249.551 28.4242
 1850.74 10531 2651.35 269.086 58.3794
 626.874 1504.84 741.165 69.6423 7.94181
 206.108 447.47 174.266 49.2659 4.95111
 1418.87 6860.79 2405.92 588.687 177.316
 3311.45 3370.85 1836.2 307.534 92.4625
 5244.86 13670.2 1560.24 425.903 88.0157
 12247.7 11954.6 2674.87 124.438 38.1665
 4435.87 15710 1491.5 138.942 7.87573
 4415.09 20814.1 9591.17 492.869 46.3617
 3746.12 11004.7 5673.71 1233.05 65.4228
 3342.87 13495.5 4268.35 1066.94 231.072
 7088.2 11988.3 3641.77 471.273 133.539
 3430.25 7774.08 305.682 14.5766 2.06733
 623.648 2704.83 245.019 2.06149 0.0985898
 398.617 1858.25 858.485 36.773 0.306083
 815.55 1124.8 503.175 103.445 4.19615
 1039.62 1549.68 192.995 35.4853 7.07669
 559.857 2170.44 362.682 21.2969 4.43077
 636.295 993.218 519.894 45.3257 3.0606
 1221.6 2213.97 538.804 163.52 14.6277
 1101.64 3638.6 1032.68 145.29 46.1575
 1512.82 3973.29 2094.2 348.967 62.2268
 327.72 4893.78 2042.97 628.869 118.733
 689.324 1393.17 3281.18 804.108 283.085
 3388.71 4273.9 1202.89 1605.92 510.325
F
 0.0949066 0.759215 1.20205 1.24012 1.24219
 0.089599 0.716756 1.13483 1.17077 1.17272
 0.171527 1.37215 2.1725 2.24131 2.24505
 0.0451383 0.361088 0.571704 0.589811 0.590796
 0.00857282 0.0685791 0.10858 0.112019 0.112206
 0.100326 0.802567 1.27069 1.31093 1.31312
 0.0838842 0.67104 1.06244 1.09609 1.09792
 0.14459 1.15666 1.83132 1.88932 1.89248
 0.140974 1.12774 1.78552 1.84207 1.84515
 0.0604647 0.483693 0.765822 0.790076 0.791396
 0.103763 0.83006 1.31422 1.35584 1.3581
 0.0941331 0.753027 1.19225 1.23001 1.23207
 0.140961 1.12763 1.78536 1.8419 1.84498
 0.378389 3.02696 4.79253 4.94432 4.95257
 0.308901 2.47108 3.91242 4.03633 4.04307
 0.102231 0.817809 1.29482 1.33583 1.33806
 0.119563 0.95646 1.51434 1.5623 1.56491
 0.143167 1.14528 1.8133 1.87073 1.87385
 0.104492 0.835898 1.32346 1.36538 1.36766
 0.074796 0.598338 0.947337 0.977341 0.978973
 0.0399568 0.319638 0.506077 0.522105 0.522977
 0.0412259 0.329791 0.522151 0.538689 0.539588
 0.0357814 0.286237 0.453193 0.467546 0.468327
 0.037737 0.301881 0.477963 0.4931 0.493924
 0.0354645 0.283702 0.449179 0.463405 0.464179
 0.0451818 0.361436 0.572255 0.590379 0.591365
 0.100614 0.804872 1.27434 1.3147 1.31689
Np
 18619.7 8907.58 8097 705.987 119.552
YTP_r0W_actual
 10595.7 41895.9 18912.3 32498.1 11465.2
YTP_p0W_proyectada
 4031.03 89642.6 19931.7 3438.99 5456.83
 4031.03 36331.8 70759.2 8079.53 1520.35
CTP_r0_actual
 1292.16 1939.62 602.303 810.428 257.645
CTP_p0_proyectada
 491.589 4150.12 634.768 85.7603 122.625
 491.589 1682.03 2253.48 201.485 34.1653
Wmedp
 8.2 21.6 31.4 40.1 44.5
nmprior
 10.8 10.6 4.6 0
nm_flota  nm_reclas  nm_pelaces    nm_pelaL
inf 15.8174 10.5109 26.9338
cv_recla  cv_pelaces  cv_mph
0.763082 0.346581 0.425609
 ------------------------------------------------
Talla a la edad & desviaci?n 
 7.2 14.2025 17.0495 18.207 18.6776
 1.08 2.13037 2.55742 2.73105 2.80164
