    unsorted:	 2.534432179e-06 0.007841903725 6.407871799 8.007748913 13.04436578 39.15319872 70.06156548 54.61898391 86.31573307 98.51399628 101.0977793 149.9621455 223.7190843 190.7396250 280.8190582 464.8914931 619.2825046 558.5429431 645.7518477 770.0758311 798.4611710 1019.440035 951.6251593 1254.354402 1195.138476 1431.240181 1566.740537 1732.825579 1866.858402 2009.896627 2112.588983 2423.998832 2506.710115 2827.461433 3321.481689 3852.091527 4100.605566 4515.507259 4657.315460 4696.658082 5805.156921 20277.95927 196082.3413 262719.5619 319889.7033 353208.6640 371399.4157 391962.8402 448372.8963 457399.3745 511008.3398 568136.5189 711091.5057 749265.2323 806287.6927 897134.3352 1123083.146 1162254.420 1347031.824 1539549.122 1541198.735 1668207.611 1892240.204 2177691.526 2630973.366 2737846.234 2840658.279 31806165.13
      sorted:	 2.534432179e-06 0.007841903725 6.407871799 8.007748913 13.04436578 39.15319872 54.61898391 70.06156548 86.31573307 98.51399628 101.0977793 149.9621455 190.7396250 223.7190843 280.8190582 464.8914931 558.5429431 619.2825046 645.7518477 770.0758311 798.4611710 951.6251593 1019.440035 1195.138476 1254.354402 1431.240181 1566.740537 1732.825579 1866.858402 2009.896627 2112.588983 2423.998832 2506.710115 2827.461433 3321.481689 3852.091527 4100.605566 4515.507259 4657.315460 4696.658082 5805.156921 20277.95927 196082.3413 262719.5619 319889.7033 353208.6640 371399.4157 391962.8402 448372.8963 457399.3745 511008.3398 568136.5189 711091.5057 749265.2323 806287.6927 897134.3352 1123083.146 1162254.420 1347031.824 1539549.122 1541198.735 1668207.611 1892240.204 2177691.526 2630973.366 2737846.234 2840658.279 31806165.13
