years
 1997 1998 1999 2000 2001 2002 2003 2004 2005 2006 2007 2008 2009 2010 2011 2012 2013 2014 2015 2016 2017 2018 2019
reclasobs
 0 0 0 370054 412103 1.49427e+06 250295 1.28982e+06 931140 785840 897777 1.04006e+06 184774 17550 25797 100020 73551 82996 120727 218422 84188 347160 605670
reclaspred
 554916 141186 321413 189408 278763 291694 606803 436339 740576 914101 808973 595362 329719 115026 97147.9 92281.3 66661.7 70864.5 101147 145504 215926 282771 624480
pelacesobs
 0 0 0 0 0 0 0 0 0 2.06254e+06 1.5e+06 0 1.87456e+06 323000 250000 174000 83755 137374 0 501740 490994 745055 786931
pelacespred
 2.12693e+06 459242 588702 578913 775423 544991 1.67534e+06 1.20568e+06 2.21382e+06 2.58018e+06 1.8731e+06 1.46492e+06 770328 236124 209760 201852 140092 161060 227845 314615 594921 690078 1.24839e+06
mphobs
 0 0 0 0 0 0 112323 0 153150 637223 0 255016 313432 73983 77613 109348 50772 17779 17303 59886 28197 0 207744
mphpred
 199733 107647 112791 91567.5 95373.1 142563 172941 232513 238898 403445 407326 285220 184295 105090 61721 60227.5 41366 35073.2 24477.9 36246.3 50265.1 74470 136105
desembarqueobs
 350755 77701 442110 56441 14545 235359 269955 359681 431902 328805 639364 411747 362871 311530 167758 66681 60226 58785 57116 73181 50977 67692 138656
desembarquepred
 350757 77697 442067 56446.8 14545.7 235582 270036 359464 431652 328823 639397 411622 363146 311641 167528 66718.5 60319.5 58765.6 57046.2 73194 50980.5 67663 138657
Reclutas
 34207 40767.3 17239.4 21614.7 35033 21643.9 57538.8 55771.9 134056 106791 63320.4 55151.6 33683.7 30522.3 17584.6 8887.05 4976.51 8730.9 14993.7 11344.6 23455.7 52351.5 57312
log_desv_Rt
 0.156356 0.331805 -0.528879 -0.302699 0.180216 -0.30135 0.676385 0.645195 1.52218 1.2948 0.772133 0.634011 0.14094 0.042383 -0.509052 -1.19148 -1.77134 -1.20921 -0.668444 -0.947332 -0.220959 0.581905 0.672435
SSB
 401593 216441 226783 184110 191762 286645 334461 459234 465334 792939 818990 573478 385121 148497 90297.9 87512.6 65728.9 53182.8 72015.7 113112 145968 209752 394515
BT
 1.43668e+06 339222 538542 329754 378453 425410 1.09288e+06 995587 1.60472e+06 1.53681e+06 1.437e+06 1.06706e+06 713194 407424 247231 146469 118407 131570 160123 202124 339188 384077 654292
Ftot
 1.28449 1.19697 2.21511 0.551407 0.103328 1.1979 0.985826 1.78062 1.72814 0.745732 1.26414 1.12216 1.71796 4.69542 3.84873 1.28074 1.49387 1.7489 1.28374 0.920512 0.487683 0.498692 0.384758
BD_Bspro_t
 0.894414 0.607565 0.508649 0.29939 0.426201 0.578878 0.475501 0.516496 0.485556 0.564627 0.534028 0.379271 0.294817 0.155056 0.115316 0.134161 0.142429 0.160173 0.251878 0.401178 0.487983 0.639406 0.73675
BD_Bspro
 0.665971 0.358929 0.37608 0.305315 0.318004 0.47535 0.554644 0.761558 0.771674 1.31495 1.35815 0.951012 0.638655 0.246255 0.149743 0.145124 0.109 0.0881943 0.119425 0.187577 0.242063 0.347836 0.654233
BD_Bo
 0.677702 0.365251 0.382704 0.310693 0.323605 0.483723 0.564414 0.774972 0.785267 1.33811 1.38207 0.967763 0.649905 0.250593 0.152381 0.147681 0.11092 0.0897477 0.121529 0.190881 0.246327 0.353963 0.665757
BD_Brms
 1.7262 0.930343 0.974798 0.791375 0.824265 1.23211 1.43764 1.97396 2.00018 3.40835 3.52032 2.46502 1.65539 0.638294 0.388134 0.376162 0.282527 0.228599 0.30955 0.486198 0.627427 0.901591 1.69577
S_f
 0.0726422 0.598122 0.965845 0.998142 0.999902
 0.0726422 0.598122 0.965845 0.998142 0.999902
 0.0726422 0.598122 0.965845 0.998142 0.999902
 0.0726422 0.598122 0.965845 0.998142 0.999902
 0.0726422 0.598122 0.965845 0.998142 0.999902
 0.0726422 0.598122 0.965845 0.998142 0.999902
 0.0726422 0.598122 0.965845 0.998142 0.999902
 0.0726422 0.598122 0.965845 0.998142 0.999902
 0.0726422 0.598122 0.965845 0.998142 0.999902
 0.0726422 0.598122 0.965845 0.998142 0.999902
 0.0726422 0.598122 0.965845 0.998142 0.999902
 0.0726422 0.598122 0.965845 0.998142 0.999902
 0.0726422 0.598122 0.965845 0.998142 0.999902
 0.0726422 0.598122 0.965845 0.998142 0.999902
 0.0726422 0.598122 0.965845 0.998142 0.999902
 0.0726422 0.598122 0.965845 0.998142 0.999902
 0.0726422 0.598122 0.965845 0.998142 0.999902
 0.0726422 0.598122 0.965845 0.998142 0.999902
 0.0726422 0.598122 0.965845 0.998142 0.999902
 0.0726422 0.598122 0.965845 0.998142 0.999902
 0.0726422 0.598122 0.965845 0.998142 0.999902
 0.0726422 0.598122 0.965845 0.998142 0.999902
 0.0726422 0.598122 0.965845 0.998142 0.999902
Scru_reclas
 0.46895 0.816316 0.957202 0.991194 0.998238
 0.46895 0.816316 0.957202 0.991194 0.998238
 0.46895 0.816316 0.957202 0.991194 0.998238
 0.46895 0.816316 0.957202 0.991194 0.998238
 0.46895 0.816316 0.957202 0.991194 0.998238
 0.46895 0.816316 0.957202 0.991194 0.998238
 0.46895 0.816316 0.957202 0.991194 0.998238
 0.46895 0.816316 0.957202 0.991194 0.998238
 0.46895 0.816316 0.957202 0.991194 0.998238
 0.46895 0.816316 0.957202 0.991194 0.998238
 0.46895 0.816316 0.957202 0.991194 0.998238
 0.46895 0.816316 0.957202 0.991194 0.998238
 0.46895 0.816316 0.957202 0.991194 0.998238
 0.46895 0.816316 0.957202 0.991194 0.998238
 0.46895 0.816316 0.957202 0.991194 0.998238
 0.46895 0.816316 0.957202 0.991194 0.998238
 0.46895 0.816316 0.957202 0.991194 0.998238
 0.46895 0.816316 0.957202 0.991194 0.998238
 0.46895 0.816316 0.957202 0.991194 0.998238
 0.46895 0.816316 0.957202 0.991194 0.998238
 0.46895 0.816316 0.957202 0.991194 0.998238
 0.46895 0.816316 0.957202 0.991194 0.998238
 0.46895 0.816316 0.957202 0.991194 0.998238
Scru_pelaces
 0.67205 1 1 1 1
 0.67205 1 1 1 1
 0.67205 1 1 1 1
 0.67205 1 1 1 1
 0.67205 1 1 1 1
 0.67205 1 1 1 1
 0.67205 1 1 1 1
 0.67205 1 1 1 1
 0.67205 1 1 1 1
 0.67205 1 1 1 1
 0.67205 1 1 1 1
 0.67205 1 1 1 1
 0.67205 1 1 1 1
 0.67205 1 1 1 1
 0.67205 1 1 1 1
 0.67205 1 1 1 1
 0.67205 1 1 1 1
 0.67205 1 1 1 1
 0.67205 1 1 1 1
 0.67205 1 1 1 1
 0.67205 1 1 1 1
 0.67205 1 1 1 1
 0.67205 1 1 1 1
pf_obs 
 0.256992 0.487395 0.22802 0.0275931 0
 0.321318 0.546541 0.124235 0.00734118 0.000564706
 0.182869 0.594174 0.210203 0.0122559 0.00049798
 0.330522 0.361315 0.267642 0.0388342 0.00168674
 0.649043 0.306663 0.0425973 0.00169635 0
 0.582887 0.30429 0.105238 0.00758474 0
 0.465427 0.430635 0.0974691 0.00646863 0
 0.296916 0.608066 0.0921331 0.00288517 0
 0.311714 0.524322 0.152257 0.0117073 0
 0.15457 0.633149 0.183074 0.0267441 0.00246327
 0.131901 0.49318 0.331252 0.0422183 0.00144891
 0.196976 0.569456 0.194076 0.0375587 0.00193317
 0.518974 0.381816 0.0799577 0.0180837 0.00116848
 0.0928022 0.601141 0.25162 0.0475244 0.00691264
 0.122501 0.610282 0.24278 0.0234846 0.000952079
 0.383417 0.481906 0.127806 0.00687128 0
 0.0376549 0.599619 0.316969 0.0457579 0
 0.0361596 0.667082 0.258105 0.0386534 0
 0.158088 0.579412 0.248529 0.0139706 0
 0.0477256 0.309471 0.559284 0.082774 0.000745712
 0.0406174 0.521527 0.379366 0.0568643 0.0016247
 0.151134 0.462217 0.34131 0.0453401 0
 0.294876 0.26143 0.354403 0.0886775 0.000613685
pf_pred 
 0.27124 0.493913 0.209623 0.0252106 1.32046e-05
 0.249094 0.601448 0.122409 0.0242936 0.00275577
 0.120967 0.685512 0.173275 0.016751 0.00349436
 0.208167 0.510661 0.255185 0.0234645 0.00252261
 0.216919 0.513345 0.205771 0.0582756 0.00568969
 0.115732 0.587229 0.224669 0.0556487 0.0167218
 0.335721 0.381625 0.228119 0.0418174 0.0127168
 0.237906 0.645456 0.08524 0.0255949 0.00580328
 0.431986 0.450453 0.109639 0.00589929 0.00202149
 0.189104 0.725607 0.0769541 0.00780888 0.000525621
 0.115489 0.575147 0.29115 0.0165086 0.00170606
 0.148476 0.498676 0.281787 0.0671022 0.00395837
 0.133633 0.576363 0.216444 0.0593924 0.0141682
 0.286451 0.507649 0.17117 0.0263807 0.00834943
 0.275466 0.69017 0.0323024 0.00175751 0.000304347
 0.162164 0.753807 0.0831377 0.00084384 4.7252e-05
 0.118711 0.575842 0.290343 0.0149527 0.000151054
 0.302072 0.43894 0.210051 0.0466615 0.00227605
 0.349107 0.55594 0.0765629 0.0151103 0.00327996
 0.171794 0.691092 0.127052 0.00820473 0.00185707
 0.272718 0.451927 0.249845 0.0237241 0.00178599
 0.319009 0.504139 0.131262 0.0415205 0.00406897
 0.188826 0.623304 0.156768 0.0233279 0.00777492
pobs_RECLAS
 0 0 0 0 0
 0 0 0 0 0
 0 0 0 0 0
 0 0 0 0 0
 0.835266 0.146461 0.0176864 0.000547809 3.91292e-05
 0.385257 0.428462 0.181853 0.0044286 0
 0.867414 0.0963971 0.0333333 0.00285562 0
 0.441836 0.489002 0.0689373 0.000224442 0
 0.779404 0.147425 0.0564933 0.0165055 0.000172143
 0.814271 0.122319 0.05973 0.00367925 0
 0.40263 0.566651 0.0304383 0.000280538 0
 0.475488 0.404961 0.113038 0.00651328 0
 0.955842 0.0263864 0.0167828 0.000988607 0
 0.975058 0.0227948 0.00214734 0 0
 0.738997 0.206755 0.0527124 0.00153531 0
 0.850938 0.134255 0.0134407 0.00136685 0
 0.542534 0.407297 0.0501686 0 0
 0.764087 0.199537 0.0359546 0.000420521 0
 0.470689 0.182191 0.310203 0.0369168 0
 0.84361 0.089868 0.0606195 0.00523954 0.000663233
 0.607945 0.314616 0.071237 0.00620181 0
 0.523733 0.453247 0.0230204 0 0
 0.530135 0.295979 0.169645 0.0042399 0
ppred_RECLAS
 0.676192 0.244621 0.0707153 0.00846753 4.45713e-06
 0.639157 0.308341 0.0430251 0.00850728 0.000969874
 0.448122 0.469236 0.074092 0.007069 0.00148127
 0.585795 0.297468 0.105941 0.00974335 0.00105297
 0.592216 0.295319 0.0857493 0.0243281 0.00238789
 0.422826 0.428627 0.112425 0.0277434 0.00837838
 0.741533 0.170589 0.0709375 0.0129748 0.00396582
 0.632433 0.328855 0.0283509 0.00843909 0.00192252
 0.809708 0.162486 0.0259447 0.00138458 0.000476712
 0.539939 0.424823 0.0317959 0.00322396 0.000218131
 0.424781 0.420832 0.145329 0.00820564 0.000852235
 0.499296 0.336621 0.131114 0.0311236 0.00184525
 0.475144 0.39469 0.097326 0.0264907 0.0063496
 0.775667 0.190207 0.0285834 0.00420714 0.00133513
 0.715389 0.277623 0.00658147 0.000346176 6.01481e-05
 0.501538 0.463278 0.0348126 0.000351811 1.97983e-05
 0.437195 0.415306 0.140247 0.00717885 7.28758e-05
 0.721041 0.201308 0.0630752 0.0138945 0.000680972
 0.739005 0.233811 0.0219338 0.0043099 0.000940204
 0.518024 0.423311 0.0543633 0.0035043 0.000797231
 0.669417 0.230289 0.0909953 0.00864473 0.000654204
 0.709166 0.232543 0.0432541 0.0136881 0.00134846
 0.54429 0.374631 0.0676311 0.010073 0.00337493
pobs_PELACES
 0 0 0 0 0
 0 0 0 0 0
 0 0 0 0 0
 0 0 0 0 0
 0 0 0 0 0
 0 0 0 0 0
 0 0 0 0 0
 0 0 0 0 0
 0 0 0 0 0
 0 0 0 0 0
 0.450072 0.473896 0.0757376 0.000293798 0
 0 0 0 0 0
 0.463077 0.371075 0.160297 0.00555027 0
 0.529543 0.364841 0.0842815 0.0213345 0
 0.631943 0.363953 0.00410389 0 0
 0.735681 0.248677 0.0153453 0.000297389 0
 0.695825 0.281241 0.0229344 0 0
 0.275771 0.60734 0.115278 0.00161068 0
 0 0 0 0 0
 0.896147 0.0623911 0.0374545 0.00400742 0
 0.803859 0.145111 0.0509908 3.86294e-05 0
 0.739449 0.233085 0.0266225 0.000797448 4.60066e-05
 0.878498 0.100942 0.0204185 0.000141795 0
ppred_PELACES
 0.765899 0.189551 0.039986 0.0045609 2.38205e-06
 0.726323 0.243375 0.0250461 0.00472186 0.000534147
 0.595538 0.363038 0.0373635 0.00336222 0.000698662
 0.658976 0.259959 0.0738451 0.00652019 0.000699442
 0.644399 0.269806 0.0659781 0.0180569 0.00175975
 0.531405 0.374107 0.0723607 0.0170255 0.00510179
 0.813154 0.134777 0.0424076 0.00741227 0.00224832
 0.739412 0.241348 0.0142962 0.0040323 0.000911178
 0.875575 0.111302 0.0122889 0.000621768 0.000212351
 0.613872 0.362783 0.0211526 0.00205483 0.000137988
 0.537006 0.365248 0.0922708 0.00496384 0.000511529
 0.607941 0.288404 0.0836035 0.0189372 0.0011141
 0.607581 0.320275 0.0546779 0.0141113 0.00335516
 0.908445 0.0843538 0.00611493 0.000826753 0.000259808
 0.852901 0.145154 0.00183958 8.96858e-05 1.54384e-05
 0.599741 0.379242 0.0208051 0.00020029 1.11835e-05
 0.560333 0.351158 0.0843636 0.00410436 4.13354e-05
 0.8179 0.144131 0.0311488 0.00650393 0.000316188
 0.809934 0.17533 0.0120034 0.00224678 0.000486313
 0.603068 0.359102 0.0351728 0.00216813 0.00048951
 0.732887 0.19804 0.0629002 0.0057408 0.000431257
 0.764366 0.196502 0.0293402 0.008919 0.000872188
 0.60728 0.334235 0.0491103 0.00703478 0.00233982
pobs_pel_tallas
 0 0 0 0 0 0 0 0 0 0 0 0 0 0 0 0 0 0 0 0 0 0 0 0 0 0 0 0 0 0 0 0 0 0 0 0
 0 0 0 0 0 0 0 0 0 0 0 0 0 0 0 0 0 0 0 0 0 0 0 0 0 0 0 0 0 0 0 0 0 0 0 0
 0 0 0 0 0 0 0 0 0 0 0 0 0 0 0 0 0 0 0 0 0 0 0 0 0 0 0 0 0 0 0 0 0 0 0 0
 0 0 0 0 0 0 0 0 0 0 0 0 0 0 0 0 0 0 0 0 0 0 0 0 0 0 0 0 0 0 0 0 0 0 0 0
 0 0 0 0 0 0 0 0 0 0 0 0 0 0 0 0 0 0 0 0 0 0 0 0 0 0 0 0 0 0 0 0 0 0 0 0
 0 0 0 0 0 0 0 0 0 0 0 0 0 0 0 0 0 0 0 0 0 0 0 0 0 0 0 0 0 0 0 0 0 0 0 0
 0 0 0 0 0 0 0 0 0 0 0 0 0 0 0 0 0 0 0 0 0 0 0 0 0 0 0 0 0 0 0 0 0 0 0 0
 0 0 0 0 0 0 0 0 0 0 0 0 0 0 0 0 0 0 0 0 0 0 0 0 0 0 0 0 0 0 0 0 0 0 0 0
 0 0 0 0 0 0 0 0 0 0 0 0 0 0 0 0 0 0 0 0 0 0 0 0 0 0 0 0 0 0 0 0 0 0 0 0
 0 0 0 0 0 0 0 0 0 0 0 0 0 0 0 0 0 0 0 0 0 0 0 0 0 0 0 0 0 0 0 0 0 0 0 0
 0 0 0 0 0 0 0 0 1.78061e-05 0.00172719 0.00360574 0.0105946 0.0120993 0.0124554 0.0147524 0.0171206 0.0266825 0.0428682 0.0675386 0.121331 0.153587 0.119568 0.100827 0.0573624 0.0630603 0.0341343 0.0324427 0.0444173 0.0211091 0.0280891 0.0125444 0.00206551 0 0 0 0
 0 0 0 0 0 0 0 0 0 0 0 0 0 0 0 0 0 0 0 0 0 0 0 0 0 0 0 0 0 0 0 0 0 0 0 0
 0 0 0 0 0 0 0.0133647 0.0140871 0.0187388 0.0205184 0.03894 0.0496705 0.03968 0.0493445 0.0407372 0.0367815 0.0215668 0.0243155 0.0234873 0.0199281 0.019796 0.0243948 0.0301388 0.0376714 0.0412746 0.0863199 0.0771752 0.113111 0.0741005 0.0525337 0.0229764 0.00759418 0.00175318 0 0 0
 0 0 0 0 0 0 0 0 0 0 0.00219441 0.00772107 0.0458388 0.0604681 0.0671733 0.0775358 0.0609151 0.0617685 0.073594 0.0568108 0.0755445 0.0548602 0.0670107 0.0636378 0.0643287 0.046367 0.0373049 0.0286899 0.0247887 0.0153202 0.00654259 0.00121912 0.000365735 0 0 0
 0 0 0 0 0 0 0 0 0 0 0 0 0.000112435 0.00938835 0.0111873 0.0202946 0.0414886 0.0713402 0.111592 0.104902 0.108894 0.110636 0.117776 0.105296 0.107544 0.0401394 0.0192827 0.0124803 0.00416011 0.0028671 0.000618394 0 0 0 0 0
 0 0 0 0 0 0 0 0 0 0 0.00291406 0.0102884 0.027416 0.0768956 0.0749926 0.110853 0.0956884 0.0897413 0.0766577 0.0534642 0.0500743 0.0551293 0.0594112 0.0620874 0.0668451 0.0424026 0.0208742 0.0120726 0.0048766 0.00582813 0.00118941 0.000297354 0 0 0 0
 0 0.00264628 0.0354308 0.0461629 0.0458689 0.0383711 0.0214643 0.0164657 0.0346957 0.0420465 0.0363128 0.0245516 0.0311673 0.0291091 0.0169068 0.0133784 0.00837989 0.0085269 0.0148486 0.0160247 0.0276389 0.0546898 0.0760071 0.122758 0.109233 0.0665981 0.0333725 0.0166128 0.00676272 0.00308733 0.000882094 0 0 0 0 0
 0 0 0 0 0 0 0 0.000805153 0.000690131 0.00759144 0.0133425 0.0154129 0.00931677 0.000345066 0.00356568 0.00563607 0.00851162 0.0253048 0.0502646 0.0516448 0.0657925 0.0565908 0.0611916 0.0827007 0.0866115 0.110766 0.145733 0.0935128 0.0569358 0.0249597 0.0138026 0.00621118 0.00161031 0.00115022 0 0
 0 0 0 0 0 0 0 0 0 0 0 0 0 0 0 0 0 0 0 0 0 0 0 0 0 0 0 0 0 0 0 0 0 0 0 0
 0.00147267 0.00158595 0.00478618 0.00569244 0.00954404 0.0108468 0.00647125 0.017049 0.0510054 0.094081 0.124002 0.0959785 0.0687766 0.0820023 0.061753 0.0591476 0.0492212 0.0479892 0.0443925 0.0268479 0.0217502 0.0140895 0.0121071 0.0120363 0.00920419 0.00665534 0.0049561 0.00860946 0.00930331 0.0156896 0.0114698 0.00855282 0.00243557 0.00046729 0 2.83206e-05
 0 0 0 0 0.000772559 0.00158375 0.000888443 0.00281984 0.00712685 0.0440552 0.0773331 0.111326 0.0921469 0.0852325 0.0710754 0.0886704 0.0786465 0.0553345 0.0373146 0.0185414 0.00753245 0.00457741 0.012979 0.0271748 0.0457355 0.0583668 0.034881 0.0177882 0.00938659 0.00492506 0.0015258 0.00185414 0.000309023 5.79419e-05 3.86279e-05 0
 0 0.00173294 0.00326652 0 0.00397197 0.00683976 0.00946217 0.0152591 0.00757587 0.0136028 0.0228656 0.0392903 0.0559909 0.0764795 0.0681675 0.0726916 0.0566044 0.0477403 0.0527397 0.0444891 0.0609904 0.0582453 0.0661739 0.0445044 0.0529084 0.0360697 0.0280645 0.0235558 0.0158879 0.00826598 0.00280645 0.00217768 0.000904811 0.00058276 9.20147e-05 0
 0 0 0 0 0 0 0 0 0 0 0 0 0 0 0 0 0 0 0 0 0 0 0 0 0 0 0 0 0 0 0 0 0 0 0 0
ppred_pel_tallas
 1.00787e-16 3.34172e-05 0.000196132 0.000932323 0.0035895 0.0111935 0.0282739 0.0578523 0.095897 0.128788 0.140149 0.123628 0.0885102 0.0516816 0.0251308 0.0111522 0.0061018 0.00568484 0.00726131 0.00965438 0.0123545 0.0150266 0.0173529 0.0190404 0.0198747 0.0197683 0.0187786 0.0170871 0.0149506 0.0126389 0.0103813 0.00833513 0.00657978 0.00513034 0.00396123 0.00302911
 1.00623e-16 3.16936e-05 0.000186008 0.000884183 0.00340412 0.0106154 0.0268138 0.0548652 0.0909473 0.122146 0.132936 0.1173 0.0840559 0.049234 0.0242263 0.0112349 0.00682887 0.00695079 0.0090933 0.0121088 0.0154512 0.0187125 0.0214891 0.0234094 0.0242083 0.0237897 0.0222482 0.0198411 0.0169209 0.0138527 0.0109421 0.00839235 0.00629672 0.00465772 0.00342024 0.00250463
 1.00797e-16 2.59957e-05 0.000152545 0.000725071 0.00279146 0.00870483 0.021988 0.0449921 0.074586 0.100187 0.109077 0.09634 0.0692391 0.0409645 0.0209187 0.0109798 0.00840539 0.00991724 0.0134606 0.0180252 0.0230119 0.0278625 0.0319835 0.0348216 0.0359816 0.0353206 0.0329814 0.0293498 0.0249544 0.020343 0.015974 0.0121535 0.00902207 0.00658407 0.00475659 0.00341906
 1.0139e-16 2.87578e-05 0.000168771 0.000802229 0.00308857 0.00963138 0.0243282 0.0497797 0.0825186 0.11083 0.120632 0.106468 0.0763501 0.0448342 0.0222743 0.0106907 0.00699476 0.00752584 0.0100204 0.0134326 0.0172419 0.0210325 0.0243773 0.0268725 0.0282173 0.0282798 0.0271233 0.0249797 0.0221839 0.0190921 0.0160106 0.0131537 0.010636 0.00848998 0.00669655 0.00521351
 1.01728e-16 2.81225e-05 0.00016504 0.000784492 0.00302028 0.00941841 0.0237903 0.0486791 0.0806947 0.108382 0.11797 0.104128 0.0746913 0.0438987 0.0218812 0.0106212 0.00710508 0.00775787 0.0103664 0.013902 0.0178419 0.02176 0.0252157 0.0277931 0.0291837 0.0292553 0.0280776 0.0258936 0.0230516 0.0199186 0.0168071 0.0139316 0.011402 0.0092434 0.00742892 0.00591083
 1.01973e-16 2.31997e-05 0.000136129 0.000647024 0.00249096 0.00776771 0.0196209 0.040149 0.0665591 0.08941 0.0973566 0.08602 0.0618911 0.0367561 0.0190269 0.0104063 0.00847532 0.0103321 0.0141541 0.0190301 0.0243907 0.0296786 0.0342884 0.0376467 0.0393339 0.0391793 0.037297 0.0340449 0.0299263 0.0254678 0.0211145 0.0171678 0.0137755 0.0109602 0.00866687 0.00680882
 1.01006e-16 3.54755e-05 0.000208221 0.000989808 0.00381084 0.0118838 0.0300174 0.0614193 0.101808 0.13672 0.148766 0.131191 0.0938438 0.0546322 0.0262603 0.0111354 0.00536125 0.00436018 0.00533103 0.00705509 0.00905548 0.0110693 0.0128673 0.0142389 0.0150265 0.0151584 0.0146621 0.0136512 0.0122917 0.0107607 0.00921075 0.00774865 0.00643225 0.00527982 0.0042854 0.0034331
 1.00463e-16 3.22643e-05 0.000189359 0.000900111 0.00346545 0.0108067 0.0272969 0.0558536 0.0925855 0.124346 0.135328 0.119406 0.0855556 0.0500928 0.0246122 0.0113514 0.0068135 0.00686388 0.00894752 0.0118962 0.0151575 0.018323 0.0209919 0.0227971 0.0234799 0.0229513 0.0213139 0.0188321 0.0158652 0.0127825 0.00989148 0.00739431 0.00538 0.00384423 0.00272334 0.00192869
 1.00243e-16 3.81964e-05 0.000224197 0.00106576 0.00410331 0.0127958 0.0323211 0.0661326 0.109619 0.147207 0.160167 0.141224 0.100973 0.0586865 0.028028 0.011571 0.00510074 0.00367113 0.00425761 0.00555318 0.00706688 0.00855511 0.00982256 0.0106974 0.0110581 0.0108602 0.0101471 0.0090365 0.0076901 0.00627554 0.00493344 0.00375778 0.00279219 0.00203856 0.0014721 0.0010564
 1.00496e-16 2.67951e-05 0.000157239 0.000747383 0.00287737 0.00897273 0.0226647 0.0463766 0.0768809 0.103269 0.112428 0.0992924 0.0713442 0.0421759 0.0214741 0.0111678 0.00842278 0.00985313 0.0133369 0.0178332 0.0227309 0.0274673 0.0314483 0.0341229 0.0351025 0.0342544 0.0317348 0.0279444 0.0234269 0.0187421 0.0143563 0.0105771 0.00754053 0.00524102 0.00358195 0.00242764
 1.01624e-16 2.34436e-05 0.000137562 0.000653838 0.00251719 0.00784953 0.0198276 0.0405718 0.0672596 0.09035 0.0983774 0.0869155 0.0625214 0.0371024 0.0191552 0.0103958 0.00837584 0.010161 0.0139115 0.0187137 0.0240052 0.0292398 0.0338236 0.0371915 0.0389253 0.0388477 0.0370584 0.0338958 0.029844 0.0254149 0.0210472 0.0170454 0.013569 0.010657 0.00827212 0.00634282
 1.01984e-16 2.65336e-05 0.00015571 0.00074013 0.00284947 0.00888574 0.0224448 0.0459263 0.0761326 0.102258 0.111313 0.0982729 0.0705361 0.0415472 0.0208778 0.0104152 0.0073334 0.00827351 0.011152 0.0149887 0.0192633 0.0235308 0.0273217 0.0301896 0.0317998 0.0320031 0.0308638 0.0286307 0.0256655 0.0223525 0.0190211 0.0159012 0.0131152 0.0106985 0.00863351 0.00688055
 1.01523e-16 2.65191e-05 0.000155622 0.000739707 0.00284783 0.00888062 0.0224319 0.0459002 0.07609 0.102203 0.11126 0.0982422 0.0705486 0.0416236 0.0210431 0.0107037 0.00779041 0.00894922 0.0120905 0.0162124 0.0207579 0.0252324 0.0291141 0.0319128 0.0332717 0.0330493 0.0313495 0.0284859 0.0248963 0.021038 0.017296 0.0139297 0.0110641 0.00871423 0.00682695 0.00532118
 1.00155e-16 3.96285e-05 0.000232608 0.00110575 0.00425729 0.013276 0.033534 0.068614 0.113731 0.152726 0.166165 0.146495 0.104702 0.0607746 0.0288765 0.0116637 0.00474918 0.00299142 0.00325128 0.00418516 0.00531168 0.00642022 0.00735803 0.00799477 0.00823939 0.0080602 0.00749239 0.00662778 0.00559135 0.00451201 0.00349723 0.00261808 0.00190633 0.00136128 0.000961511 0.000676761
 1.00078e-16 3.7209e-05 0.000218398 0.00103819 0.00399711 0.0124646 0.0314846 0.0644213 0.106784 0.143402 0.156036 0.137602 0.0984265 0.057294 0.0275269 0.0116468 0.00556183 0.00446228 0.00539892 0.00707952 0.00898852 0.0108361 0.0123723 0.0133762 0.0136944 0.0132781 0.0121953 0.0106127 0.00875396 0.00684838 0.00508575 0.00358989 0.00241342 0.00154993 0.000955103 0.000568356
 1.00427e-16 2.61796e-05 0.000153624 0.000730194 0.00281118 0.00876632 0.0221433 0.04531 0.0751135 0.100897 0.109852 0.097031 0.0697495 0.0412939 0.0211369 0.0111738 0.00864577 0.0102516 0.0139174 0.0186149 0.0237231 0.0286575 0.0327973 0.0355668 0.0365601 0.0356397 0.0329707 0.0289745 0.0242217 0.0193004 0.0147 0.0107436 0.00757391 0.00518452 0.00347301 0.0022954
 1.01455e-16 2.44602e-05 0.000143532 0.00068222 0.00262648 0.00819034 0.0206884 0.042333 0.0701784 0.094268 0.102636 0.0906602 0.0651766 0.0386005 0.0197857 0.0105086 0.00820015 0.0097877 0.0133491 0.0179414 0.023003 0.0280034 0.0323702 0.0355607 0.0371744 0.0370436 0.0352679 0.0321773 0.0282414 0.0239566 0.0197469 0.0159064 0.0125872 0.00982453 0.00757879 0.00577683
 1.00728e-16 3.56828e-05 0.000209437 0.000995587 0.00383309 0.0119532 0.0301927 0.0617779 0.102402 0.137519 0.149637 0.131963 0.0944048 0.0549759 0.026457 0.011272 0.00550353 0.00454715 0.00558221 0.00737571 0.00943667 0.0114864 0.0132795 0.0145927 0.0152627 0.0152219 0.014512 0.0132687 0.0116841 0.00996017 0.00826838 0.00672608 0.00539234 0.0042786 0.00336658 0.00262547
 1.00328e-16 3.53367e-05 0.000207402 0.000985907 0.00379581 0.0118369 0.0298991 0.0611773 0.101408 0.136186 0.148194 0.130707 0.0935429 0.0545479 0.0263887 0.0114774 0.0059456 0.00523857 0.00655777 0.00866222 0.0110297 0.0133351 0.0152819 0.0166023 0.0171076 0.0167324 0.0155501 0.013752 0.011598 0.00935633 0.00725017 0.00542694 0.00395226 0.00282419 0.00199773 0.00140956
 1.00714e-16 2.63238e-05 0.000154472 0.000734233 0.00282674 0.00881484 0.0222658 0.0455606 0.0755282 0.101452 0.110452 0.0975493 0.0700973 0.0414502 0.021126 0.0110225 0.00835861 0.00981154 0.0132999 0.0178036 0.0227229 0.0275038 0.0315587 0.0343402 0.0354582 0.0347726 0.0324266 0.028804 0.0244304 0.0198497 0.0155174 0.011737 0.00864776 0.00625305 0.00446914 0.0031746
 1.01175e-16 3.19781e-05 0.000187683 0.000892151 0.00343482 0.0107112 0.0270555 0.0553595 0.0917654 0.123241 0.134118 0.118319 0.0847334 0.0495258 0.0241756 0.0108882 0.00618738 0.00597288 0.00772408 0.0103137 0.0132444 0.0161766 0.0187807 0.0207474 0.021845 0.0219689 0.0211618 0.0195938 0.0175141 0.0151889 0.0128482 0.0106546 0.00869734 0.0070055 0.00557015 0.00436546
 1.00828e-16 3.33506e-05 0.000195741 0.00093046 0.00358232 0.0111711 0.0282174 0.0577367 0.0957056 0.128531 0.139872 0.123387 0.0883452 0.0516008 0.0251203 0.0111959 0.00619294 0.00582578 0.00745806 0.00991043 0.0126662 0.0153801 0.0177242 0.019397 0.0201811 0.0199922 0.0188976 0.0170937 0.0148533 0.0124606 0.0101542 0.00809415 0.00635634 0.00494779 0.00383253 0.00295694
 1.01158e-16 2.65065e-05 0.000155547 0.000739348 0.00284644 0.00887628 0.022421 0.0458779 0.0760535 0.102155 0.111211 0.0982061 0.0705384 0.0416492 0.0211141 0.0108339 0.00799937 0.00926012 0.0125248 0.016783 0.0214614 0.0260435 0.0299834 0.0327697 0.0340333 0.0336328 0.031686 0.0285321 0.0246412 0.0205031 0.0165295 0.0129977 0.0100394 0.00766665 0.00581607 0.00439202
pSPR Fmed_Fpbrs
0.542868   0.442598 0.442598
Fs Fmed_Fpbrs
0.64   1.005 1.005
SSBpbr Bo_Bmed_Bpbrs
592581  292064  232646 232646
Ro
29255.7
SPR SPRFo_SPRFmed_SPRFpbrs
603019 327359 266895
log_Ro
10.1038
likeval ReclasPelacesDesembMPH_pf_preclas_ppelaces_ptallas_desvR_qrecl_qpela
 69.0143 10.0267 0.0447139 62.3965 304.398 175.149 46.4508 0 20.8038 1.24108e-06 0.000113417 0 0 0 0
q_reclas_q_pelaces
1.17101 4.55006
M
0.7
N
 34207 9962.65 3110.4 367.209 0.192144
 40767.3 15473.4 2294.61 446.702 50.6203
 17239.4 18558.5 3755.38 358.609 74.7595
 21614.7 7288.41 2449.85 219.532 23.5689
 35033 10312.1 2602.51 714.232 69.6163
 21643.9 17266.8 4813.95 1169.62 351.097
 57538.8 9852.32 4188.29 751.66 228.326
 55771.9 26598.3 2713.02 802.63 181.842
 134056 24335.2 4553.16 241.294 82.6172
 106791 58716.5 4298.57 426.008 28.6389
 63320.4 50234.5 18665.6 1038.75 107.242
 55151.6 28685.1 11711.8 2733.88 161.101
 33683.7 25243.5 7280.42 1967.49 468.974
 30522.3 14764.4 4486.27 687.914 217.665
 17584.6 10776.5 442.102 23.8965 4.1367
 8887.05 6602.45 535.454 5.33486 0.298439
 4976.51 4021.11 1524.1 77.1782 0.778966
 8730.9 2217.13 817.132 178.808 8.71497
 14993.7 3818.37 386.801 74.9359 16.2502
 11344.6 6782.71 879.847 55.5908 12.5679
 23455.7 5269.18 1942.16 179.59 13.5007
 52351.5 11242.4 1954.59 602.163 58.9283
 57312 25072.1 4142.96 599.608 199.547
pred_Ctot
 2203.43 4012.32 1702.87 204.799 0.107268
 2453.85 5924.95 1205.86 239.32 27.1475
 1859.9 10540 2664.16 257.552 53.7268
 611.753 1500.71 749.929 68.9567 7.41336
 188.484 446.052 178.797 50.6364 4.94385
 1303.76 6615.38 2530.99 626.905 188.377
 2871.56 3264.19 1951.19 357.68 108.772
 4902.98 13302.2 1756.71 527.483 119.599
 11456.6 11946.3 2907.7 156.453 53.6112
 4062.42 15587.8 1653.16 167.754 11.2916
 4016.71 20003.6 10126.2 574.167 59.3368
 3119.57 10477.5 5920.49 1409.85 83.1675
 2862.6 12346.4 4636.5 1272.26 303.502
 6469.2 11464.7 3865.69 595.78 188.563
 3134.39 7853.1 367.553 19.9979 3.46301
 570.853 2653.56 292.662 2.9705 0.166337
 370.36 1796.53 905.824 46.65 0.471263
 754.624 1096.54 524.74 116.568 5.68594
 965.272 1537.16 211.695 41.7795 9.06902
 529.755 2131.1 391.788 25.3007 5.72659
 588.333 974.943 538.99 51.18 3.8529
 1342.29 2121.25 552.308 174.705 17.1209
 1137.88 3756.09 944.695 140.576 46.8524
F
 0.093308 0.76828 1.24061 1.2821 1.28436
 0.0869506 0.715934 1.15609 1.19475 1.19685
 0.16091 1.3249 2.13945 2.21099 2.21489
 0.0400554 0.329808 0.532573 0.550382 0.551353
 0.00750601 0.061803 0.0997992 0.103137 0.103318
 0.0870183 0.716492 1.15699 1.19568 1.19779
 0.0716126 0.589644 0.952154 0.983994 0.985729
 0.129348 1.06503 1.7198 1.77731 1.78044
 0.125536 1.03364 1.66912 1.72493 1.72797
 0.0541716 0.446039 0.720262 0.744347 0.745659
 0.0918297 0.756108 1.22096 1.26179 1.26401
 0.0815163 0.671189 1.08383 1.12008 1.12205
 0.124796 1.02755 1.65928 1.71477 1.71779
 0.341086 2.80843 4.53505 4.6867 4.69496
 0.279581 2.30201 3.71728 3.84158 3.84836
 0.0930359 0.76604 1.237 1.27836 1.28062
 0.108518 0.893514 1.44284 1.49109 1.49372
 0.127044 1.04606 1.68917 1.74565 1.74873
 0.0932536 0.767832 1.23989 1.28135 1.28361
 0.066868 0.550579 0.889072 0.918802 0.920422
 0.0354264 0.291694 0.471026 0.486777 0.487635
 0.0362261 0.298279 0.481659 0.497766 0.498643
 0.0279497 0.230132 0.371616 0.384043 0.38472
Np
 22053.2 10180.3 7534.16 1860.69 305.346
YTP_r0W_actual
 19233 204005 65272.5 12593.8 5273.68
YTP_p0W_proyectada
 9194.84 200997 146501 27407 5823.41
 9194.84 73934.9 111593 35943.7 6553.02
CTP_r0_actual
 2914.1 8429.96 1954.27 288.849 96.235
CTP_p0_proyectada
 1121.32 9305.44 4665.65 683.467 130.863
 1121.32 3422.91 3553.93 896.351 147.259
Wmedp
 8.2 21.6 31.4 40.1 44.5
nmprior
 10.8 10.6 4.6 0
nm_flota  nm_reclas  nm_pelaces    nm_pelaL
inf 14.7487 8.47737 10.4975
cv_recla  cv_pelaces  cv_mph
0.788117 0.387815 0.342043
 ------------------------------------------------
Talla a la edad & desviaci?n 
 7.2 14.2025 17.0495 18.207 18.6776
 1.08 2.13037 2.55742 2.73105 2.80164
