years
 1997 1998 1999 2000 2001 2002 2003 2004 2005 2006 2007 2008 2009 2010 2011 2012 2013 2014 2015 2016 2017 2018 2019
reclasobs
 0 0 0 370054 412103 1.49427e+06 250295 1.28982e+06 931140 785840 897777 1.04006e+06 184774 17550 25797 100020 73551 82996 120727 218422 84188 347160 605670
reclaspred
 2.7226e+06 690552 1.49424e+06 611744 306986 1.07165e+06 4.20688e+06 3.10749e+06 3.59769e+06 3.2584e+06 4.4739e+06 4.50703e+06 3.27292e+06 2.05734e+06 1.30863e+06 745907 528220 501798 507887 597886 487194 558585 1.26148e+06
pelacesobs
 0 0 0 0 0 0 0 0 0 2.06254e+06 1.5e+06 0 1.87456e+06 323000 250000 174000 83755 137374 0 501740 490994 745055 786931
pelacespred
 2.37633e+06 869118 519748 485551 218624 430176 1.50037e+06 2.20366e+06 2.18186e+06 2.07799e+06 2.67582e+06 2.71056e+06 2.07748e+06 1.37156e+06 831795 479096 322110 277907 295128 320181 308019 309666 539835
mphobs
 0 0 0 0 0 0 112323 0 153150 637223 0 255016 313432 73983 77613 109348 50772 17779 17303 59886 28197 0 207744
mphpred
 1.74566e+06 1.49362e+06 891218 834908 373926 317959 2.59937e+06 2.70283e+06 3.57961e+06 2.89437e+06 3.50691e+06 4.50074e+06 3.29217e+06 2.30901e+06 1.37878e+06 769308 444139 401035 413963 500112 446751 411571 828823
desembarqueobs
 350755 77701 442110 56441 14545 235359 269955 359681 431902 328805 639364 411747 362871 311530 167758 66681 60226 58785 57116 73181 50977 67692 138656
desembarquepred
 309403 78626 170137 69654.6 34953 121651 478989 353231 409529 370609 508826 513102 372548 234247 149001 84924.6 60102.9 57106.1 57772.7 68066.1 55436 63503.9 143581
Reclutas
 216733 4238.72 699.269 493.314 1341.84 408763 9827 408634 78989.7 335916 462458 68682.9 104560 8576.51 3266.14 6672.49 27850.1 18585.7 45974.7 7985.66 25677.9 117557 59654.4
log_desv_Rt
 2.11552 -1.81889 -3.62087 -3.96976 -2.96911 2.74999 -0.978016 2.74967 1.10617 2.55371 2.87341 0.966351 1.38661 -1.11412 -2.07954 -1.36516 0.0636878 -0.340756 0.56494 -1.1855 -0.0175179 1.50377 0.825418
SSB
 1.74566e+06 1.49362e+06 891218 834908 373926 317959 2.53693e+06 2.68121e+06 3.52211e+06 2.84808e+06 3.50691e+06 4.50074e+06 3.34591e+06 2.34675e+06 1.42423e+06 814221 485430 427835 424109 533601 457711 411571 849186
BT
 7.9003e+06 1.70715e+06 1.02366e+06 953087 431900 1.42746e+06 3.00447e+06 5.85742e+06 4.60021e+06 5.0813e+06 6.76513e+06 5.5419e+06 4.39079e+06 2.70833e+06 1.64109e+06 953674 726892 614668 694563 651920 704056 774996 1.16895e+06
Ftot
 0.110803 0.110803 0.110803 0.110803 0.110803 0.110803 0.110803 0.110803 0.110803 0.110803 0.110803 0.110803 0.110803 0.110803 0.110803 0.110803 0.110803 0.110803 0.110803 0.110803 0.110803 0.110803 0.110803
BD_Bspro_t
 0.986337 0.916723 0.825846 0.741573 0.666884 0.732959 0.90294 0.843185 0.861969 0.81451 0.836942 0.837495 0.780844 0.743494 0.685418 0.635516 0.60726 0.684703 0.730145 0.791567 0.767978 0.792741 0.857979
BD_Bspro
 3.24095 2.77302 1.65461 1.55007 0.69422 0.590314 4.71 4.97786 6.53906 5.28767 6.51083 8.35594 6.21192 4.35691 2.64418 1.51166 0.901236 0.794307 0.787389 0.990668 0.849774 0.764111 1.57658
BD_Bo
 0.350885 0.300223 0.179138 0.16782 0.0751604 0.063911 0.509933 0.538934 0.707958 0.572475 0.704902 0.904665 0.67254 0.471705 0.286275 0.163661 0.0975732 0.0859965 0.0852475 0.107256 0.0920017 0.0827273 0.17069
BD_Brms
 1.69815 1.45297 0.866961 0.812184 0.363748 0.309305 2.46789 2.60824 3.42625 2.77056 3.41146 4.37824 3.25484 2.28288 1.38546 0.79206 0.472218 0.416191 0.412566 0.519078 0.445254 0.400369 0.826074
S_f
 0.5 1 1 1 1
 0.5 1 1 1 1
 0.5 1 1 1 1
 0.5 1 1 1 1
 0.5 1 1 1 1
 0.5 1 1 1 1
 0.5 1 1 1 1
 0.5 1 1 1 1
 0.5 1 1 1 1
 0.5 1 1 1 1
 0.5 1 1 1 1
 0.5 1 1 1 1
 0.5 1 1 1 1
 0.5 1 1 1 1
 0.5 1 1 1 1
 0.5 1 1 1 1
 0.5 1 1 1 1
 0.5 1 1 1 1
 0.5 1 1 1 1
 0.5 1 1 1 1
 0.5 1 1 1 1
 0.5 1 1 1 1
 0.5 1 1 1 1
Scru_reclas
 0.5 1 1 1 1
 0.5 1 1 1 1
 0.5 1 1 1 1
 0.5 1 1 1 1
 0.5 1 1 1 1
 0.5 1 1 1 1
 0.5 1 1 1 1
 0.5 1 1 1 1
 0.5 1 1 1 1
 0.5 1 1 1 1
 0.5 1 1 1 1
 0.5 1 1 1 1
 0.5 1 1 1 1
 0.5 1 1 1 1
 0.5 1 1 1 1
 0.5 1 1 1 1
 0.5 1 1 1 1
 0.5 1 1 1 1
 0.5 1 1 1 1
 0.5 1 1 1 1
 0.5 1 1 1 1
 0.5 1 1 1 1
 0.5 1 1 1 1
Scru_pelaces
 0.5 1 1 1 1
 0.5 1 1 1 1
 0.5 1 1 1 1
 0.5 1 1 1 1
 0.5 1 1 1 1
 0.5 1 1 1 1
 0.5 1 1 1 1
 0.5 1 1 1 1
 0.5 1 1 1 1
 0.5 1 1 1 1
 0.5 1 1 1 1
 0.5 1 1 1 1
 0.5 1 1 1 1
 0.5 1 1 1 1
 0.5 1 1 1 1
 0.5 1 1 1 1
 0.5 1 1 1 1
 0.5 1 1 1 1
 0.5 1 1 1 1
 0.5 1 1 1 1
 0.5 1 1 1 1
 0.5 1 1 1 1
 0.5 1 1 1 1
pf_obs 
 0.256992 0.487395 0.22802 0.0275931 0
 0.321318 0.546541 0.124235 0.00734118 0.000564706
 0.182869 0.594174 0.210203 0.0122559 0.00049798
 0.330522 0.361315 0.267642 0.0388342 0.00168674
 0.649043 0.306663 0.0425973 0.00169635 0
 0.582887 0.30429 0.105238 0.00758474 0
 0.465427 0.430635 0.0974691 0.00646863 0
 0.296916 0.608066 0.0921331 0.00288517 0
 0.311714 0.524322 0.152257 0.0117073 0
 0.15457 0.633149 0.183074 0.0267441 0.00246327
 0.131901 0.49318 0.331252 0.0422183 0.00144891
 0.196976 0.569456 0.194076 0.0375587 0.00193317
 0.518974 0.381816 0.0799577 0.0180837 0.00116848
 0.0928022 0.601141 0.25162 0.0475244 0.00691264
 0.122501 0.610282 0.24278 0.0234846 0.000952079
 0.383417 0.481906 0.127806 0.00687128 0
 0.0376549 0.599619 0.316969 0.0457579 0
 0.0361596 0.667082 0.258105 0.0386534 0
 0.158088 0.579412 0.248529 0.0139706 0
 0.0477256 0.309471 0.559284 0.082774 0.000745712
 0.0406174 0.521527 0.379366 0.0568643 0.0016247
 0.151134 0.462217 0.34131 0.0453401 0
 0.294876 0.26143 0.354403 0.0886775 0.000613685
pf_pred 
 0.782475 0.109505 0.0543787 0.0270037 0.0266373
 0.0184438 0.865023 0.0586647 0.029132 0.0287368
 0.00666876 0.0370786 0.842723 0.0571524 0.0563771
 0.0104002 0.0135223 0.0364345 0.828085 0.111558
 0.0592185 0.0199695 0.0125823 0.0339019 0.874328
 0.974476 0.00293419 0.000479493 0.000302118 0.0218078
 0.0252282 0.962554 0.00140452 0.000229521 0.0105834
 0.696824 0.0153708 0.284198 0.000414689 0.00319256
 0.148244 0.703441 0.00751946 0.139031 0.00176468
 0.550588 0.118755 0.27308 0.0029191 0.0546576
 0.518187 0.345249 0.0360865 0.0829815 0.017496
 0.100413 0.620155 0.200231 0.0209288 0.058273
 0.237059 0.142833 0.427488 0.138024 0.0545958
 0.0337574 0.377494 0.110222 0.329886 0.148642
 0.0271608 0.0654193 0.354513 0.103512 0.449396
 0.108199 0.0485801 0.056703 0.307278 0.47924
 0.476753 0.104771 0.0227961 0.0266078 0.369073
 0.32201 0.442592 0.0471343 0.0102555 0.178008
 0.571705 0.211993 0.141202 0.0150375 0.0600626
 0.121983 0.64416 0.115752 0.0770989 0.041006
 0.438545 0.125099 0.320135 0.0575263 0.0586957
 0.754911 0.15125 0.0209083 0.0535056 0.0194247
 0.323421 0.584603 0.0567605 0.00784638 0.027369
pobs_RECLAS
 0 0 0 0 0
 0 0 0 0 0
 0 0 0 0 0
 0 0 0 0 0
 0.835266 0.146461 0.0176864 0.000547809 3.91292e-05
 0.385257 0.428462 0.181853 0.0044286 0
 0.867414 0.0963971 0.0333333 0.00285562 0
 0.441836 0.489002 0.0689373 0.000224442 0
 0.779404 0.147425 0.0564933 0.0165055 0.000172143
 0.814271 0.122319 0.05973 0.00367925 0
 0.40263 0.566651 0.0304383 0.000280538 0
 0.475488 0.404961 0.113038 0.00651328 0
 0.955842 0.0263864 0.0167828 0.000988607 0
 0.975058 0.0227948 0.00214734 0 0
 0.738997 0.206755 0.0527124 0.00153531 0
 0.850938 0.134255 0.0134407 0.00136685 0
 0.542534 0.407297 0.0501686 0 0
 0.764087 0.199537 0.0359546 0.000420521 0
 0.470689 0.182191 0.310203 0.0369168 0
 0.84361 0.089868 0.0606195 0.00523954 0.000663233
 0.607945 0.314616 0.071237 0.00620181 0
 0.523733 0.453247 0.0230204 0 0
 0.530135 0.295979 0.169645 0.0042399 0
ppred_RECLAS
 0.783084 0.109199 0.0542266 0.0269281 0.0265628
 0.0185087 0.864965 0.0586609 0.0291301 0.0287349
 0.00669251 0.0370777 0.842703 0.057151 0.0563757
 0.0104371 0.0135218 0.0364332 0.828055 0.111553
 0.0594182 0.0199653 0.0125797 0.0338947 0.874142
 0.974565 0.00292397 0.000477824 0.000301066 0.0217318
 0.0253164 0.962467 0.00140439 0.0002295 0.0105825
 0.69758 0.0153325 0.283489 0.000413655 0.0031846
 0.148696 0.703068 0.00751547 0.138957 0.00176374
 0.551473 0.118521 0.272542 0.00291335 0.0545499
 0.519081 0.344609 0.0360196 0.0828276 0.0174635
 0.100736 0.619931 0.200159 0.0209212 0.0582521
 0.237707 0.142711 0.427125 0.137907 0.0545495
 0.0338743 0.377448 0.110208 0.329846 0.148624
 0.0272556 0.0654129 0.354478 0.103502 0.449352
 0.108545 0.0485612 0.056681 0.307159 0.479054
 0.477645 0.104592 0.0227572 0.0265624 0.368443
 0.322791 0.442082 0.0470799 0.0102437 0.177803
 0.572581 0.211559 0.140913 0.0150067 0.0599398
 0.122367 0.643879 0.115701 0.0770652 0.0409881
 0.439426 0.124902 0.319632 0.057436 0.0586036
 0.755573 0.150842 0.0208519 0.0533612 0.0193723
 0.324205 0.583926 0.0566947 0.0078373 0.0273373
pobs_PELACES
 0 0 0 0 0
 0 0 0 0 0
 0 0 0 0 0
 0 0 0 0 0
 0 0 0 0 0
 0 0 0 0 0
 0 0 0 0 0
 0 0 0 0 0
 0 0 0 0 0
 0 0 0 0 0
 0.450072 0.473896 0.0757376 0.000293798 0
 0 0 0 0 0
 0.463077 0.371075 0.160297 0.00555027 0
 0.529543 0.364841 0.0842815 0.0213345 0
 0.631943 0.363953 0.00410389 0 0
 0.735681 0.248677 0.0153453 0.000297389 0
 0.695825 0.281241 0.0229344 0 0
 0.275771 0.60734 0.115278 0.00161068 0
 0 0 0 0 0
 0.896147 0.0623911 0.0374545 0.00400742 0
 0.803859 0.145111 0.0509908 3.86294e-05 0
 0.739449 0.233085 0.0266225 0.000797448 4.60066e-05
 0.878498 0.100942 0.0204185 0.000141795 0
ppred_PELACES
 0.786173 0.107644 0.0534542 0.0265446 0.0261845
 0.0188438 0.86467 0.0586408 0.0291202 0.0287251
 0.00681515 0.0370731 0.842599 0.057144 0.0563688
 0.0106276 0.0135192 0.0364261 0.827895 0.111532
 0.0604483 0.0199434 0.0125659 0.0338576 0.873185
 0.975015 0.00287232 0.000469384 0.000295748 0.021348
 0.0257715 0.962018 0.00140373 0.000229393 0.0105775
 0.701423 0.0151377 0.279887 0.000408399 0.00314413
 0.151025 0.701144 0.0074949 0.138577 0.00175892
 0.555991 0.117328 0.269797 0.002884 0.0540004
 0.523643 0.34134 0.0356779 0.0820419 0.0172979
 0.102405 0.618781 0.199788 0.0208824 0.058144
 0.241035 0.142088 0.42526 0.137305 0.0543113
 0.0344778 0.377212 0.110139 0.32964 0.148531
 0.0277445 0.06538 0.3543 0.103449 0.449126
 0.110327 0.0484641 0.0565677 0.306545 0.478096
 0.482209 0.103678 0.0225584 0.0263304 0.365224
 0.326801 0.439464 0.0468012 0.010183 0.17675
 0.57705 0.209347 0.13944 0.0148498 0.0593132
 0.124344 0.642428 0.115441 0.0768916 0.0408958
 0.443935 0.123898 0.317061 0.056974 0.0581323
 0.758933 0.148768 0.0205652 0.0526275 0.019106
 0.328223 0.580454 0.0563576 0.00779069 0.0271747
pobs_pel_tallas
 0 0 0 0 0 0 0 0 0 0 0 0 0 0 0 0 0 0 0 0 0 0 0 0 0 0 0 0 0 0 0 0 0 0 0 0
 0 0 0 0 0 0 0 0 0 0 0 0 0 0 0 0 0 0 0 0 0 0 0 0 0 0 0 0 0 0 0 0 0 0 0 0
 0 0 0 0 0 0 0 0 0 0 0 0 0 0 0 0 0 0 0 0 0 0 0 0 0 0 0 0 0 0 0 0 0 0 0 0
 0 0 0 0 0 0 0 0 0 0 0 0 0 0 0 0 0 0 0 0 0 0 0 0 0 0 0 0 0 0 0 0 0 0 0 0
 0 0 0 0 0 0 0 0 0 0 0 0 0 0 0 0 0 0 0 0 0 0 0 0 0 0 0 0 0 0 0 0 0 0 0 0
 0 0 0 0 0 0 0 0 0 0 0 0 0 0 0 0 0 0 0 0 0 0 0 0 0 0 0 0 0 0 0 0 0 0 0 0
 0 0 0 0 0 0 0 0 0 0 0 0 0 0 0 0 0 0 0 0 0 0 0 0 0 0 0 0 0 0 0 0 0 0 0 0
 0 0 0 0 0 0 0 0 0 0 0 0 0 0 0 0 0 0 0 0 0 0 0 0 0 0 0 0 0 0 0 0 0 0 0 0
 0 0 0 0 0 0 0 0 0 0 0 0 0 0 0 0 0 0 0 0 0 0 0 0 0 0 0 0 0 0 0 0 0 0 0 0
 0 0 0 0 0 0 0 0 0 0 0 0 0 0 0 0 0 0 0 0 0 0 0 0 0 0 0 0 0 0 0 0 0 0 0 0
 0 0 0 0 0 0 0 0 1.78061e-05 0.00172719 0.00360574 0.0105946 0.0120993 0.0124554 0.0147524 0.0171206 0.0266825 0.0428682 0.0675386 0.121331 0.153587 0.119568 0.100827 0.0573624 0.0630603 0.0341343 0.0324427 0.0444173 0.0211091 0.0280891 0.0125444 0.00206551 0 0 0 0
 0 0 0 0 0 0 0 0 0 0 0 0 0 0 0 0 0 0 0 0 0 0 0 0 0 0 0 0 0 0 0 0 0 0 0 0
 0 0 0 0 0 0 0.0133647 0.0140871 0.0187388 0.0205184 0.03894 0.0496705 0.03968 0.0493445 0.0407372 0.0367815 0.0215668 0.0243155 0.0234873 0.0199281 0.019796 0.0243948 0.0301388 0.0376714 0.0412746 0.0863199 0.0771752 0.113111 0.0741005 0.0525337 0.0229764 0.00759418 0.00175318 0 0 0
 0 0 0 0 0 0 0 0 0 0 0.00219441 0.00772107 0.0458388 0.0604681 0.0671733 0.0775358 0.0609151 0.0617685 0.073594 0.0568108 0.0755445 0.0548602 0.0670107 0.0636378 0.0643287 0.046367 0.0373049 0.0286899 0.0247887 0.0153202 0.00654259 0.00121912 0.000365735 0 0 0
 0 0 0 0 0 0 0 0 0 0 0 0 0.000112435 0.00938835 0.0111873 0.0202946 0.0414886 0.0713402 0.111592 0.104902 0.108894 0.110636 0.117776 0.105296 0.107544 0.0401394 0.0192827 0.0124803 0.00416011 0.0028671 0.000618394 0 0 0 0 0
 0 0 0 0 0 0 0 0 0 0 0.00291406 0.0102884 0.027416 0.0768956 0.0749926 0.110853 0.0956884 0.0897413 0.0766577 0.0534642 0.0500743 0.0551293 0.0594112 0.0620874 0.0668451 0.0424026 0.0208742 0.0120726 0.0048766 0.00582813 0.00118941 0.000297354 0 0 0 0
 0 0.00264628 0.0354308 0.0461629 0.0458689 0.0383711 0.0214643 0.0164657 0.0346957 0.0420465 0.0363128 0.0245516 0.0311673 0.0291091 0.0169068 0.0133784 0.00837989 0.0085269 0.0148486 0.0160247 0.0276389 0.0546898 0.0760071 0.122758 0.109233 0.0665981 0.0333725 0.0166128 0.00676272 0.00308733 0.000882094 0 0 0 0 0
 0 0 0 0 0 0 0 0.000805153 0.000690131 0.00759144 0.0133425 0.0154129 0.00931677 0.000345066 0.00356568 0.00563607 0.00851162 0.0253048 0.0502646 0.0516448 0.0657925 0.0565908 0.0611916 0.0827007 0.0866115 0.110766 0.145733 0.0935128 0.0569358 0.0249597 0.0138026 0.00621118 0.00161031 0.00115022 0 0
 0 0 0 0 0 0 0 0 0 0 0 0 0 0 0 0 0 0 0 0 0 0 0 0 0 0 0 0 0 0 0 0 0 0 0 0
 0.00147267 0.00158595 0.00478618 0.00569244 0.00954404 0.0108468 0.00647125 0.017049 0.0510054 0.094081 0.124002 0.0959785 0.0687766 0.0820023 0.061753 0.0591476 0.0492212 0.0479892 0.0443925 0.0268479 0.0217502 0.0140895 0.0121071 0.0120363 0.00920419 0.00665534 0.0049561 0.00860946 0.00930331 0.0156896 0.0114698 0.00855282 0.00243557 0.00046729 0 2.83206e-05
 0 0 0 0 0.000772559 0.00158375 0.000888443 0.00281984 0.00712685 0.0440552 0.0773331 0.111326 0.0921469 0.0852325 0.0710754 0.0886704 0.0786465 0.0553345 0.0373146 0.0185414 0.00753245 0.00457741 0.012979 0.0271748 0.0457355 0.0583668 0.034881 0.0177882 0.00938659 0.00492506 0.0015258 0.00185414 0.000309023 5.79419e-05 3.86279e-05 0
 0 0.00173294 0.00326652 0 0.00397197 0.00683976 0.00946217 0.0152591 0.00757587 0.0136028 0.0228656 0.0392903 0.0559909 0.0764795 0.0681675 0.0726916 0.0566044 0.0477403 0.0527397 0.0444891 0.0609904 0.0582453 0.0661739 0.0445044 0.0529084 0.0360697 0.0280645 0.0235558 0.0158879 0.00826598 0.00280645 0.00217768 0.000904811 0.00058276 9.20147e-05 0
 0 0 0 0 0 0 0 0 0 0 0 0 0 0 0 0 0 0 0 0 0 0 0 0 0 0 0 0 0 0 0 0 0 0 0 0
ppred_pel_tallas
 1.0293e-16 3.42979e-05 0.00020131 0.000956957 0.00368437 0.0114894 0.0290212 0.0593807 0.0984279 0.13218 0.143821 0.12682 0.0906944 0.0527534 0.0252733 0.0105752 0.00488817 0.00378698 0.00457294 0.0060888 0.00790684 0.00981569 0.0116391 0.0132117 0.0144017 0.0151347 0.0154039 0.0152603 0.0147903 0.0140873 0.0132292 0.0122685 0.0112337 0.0101393 0.00899822 0.0078299
 1.03457e-16 8.69408e-07 4.98596e-06 2.3455e-05 8.98904e-05 0.000279956 0.000708115 0.00145573 0.00243887 0.00335346 0.0038552 0.00389044 0.00385349 0.00440458 0.00616449 0.00957115 0.0149072 0.0223233 0.0317625 0.0428339 0.0547344 0.0662869 0.0761135 0.0829114 0.0857532 0.0843116 0.0789368 0.070551 0.0604081 0.0497964 0.0397821 0.0310601 0.0239295 0.0183674 0.0141518 0.010984
 1.16571e-16 3.133e-07 1.79245e-06 8.43079e-06 3.23105e-05 0.000100582 0.000254079 0.000520872 0.000867602 0.00117817 0.00131662 0.00124419 0.00107403 0.00100593 0.00122223 0.00185188 0.00300786 0.00483269 0.00750867 0.0112348 0.016187 0.0224707 0.0300738 0.0388251 0.0483694 0.058168 0.067535 0.0757069 0.0819414 0.0856286 0.0863899 0.0841441 0.079125 0.0718401 0.0629876 0.0533444
 1.34181e-16 4.75401e-07 2.75426e-06 1.30255e-05 5.00401e-05 0.00015591 0.000393772 0.000806174 0.00133847 0.00180428 0.00198135 0.00179063 0.00137686 0.00100069 0.000870168 0.00107973 0.00166808 0.00269605 0.00428006 0.00658561 0.00980477 0.0141284 0.019713 0.0266419 0.0348834 0.0442534 0.054392 0.0647647 0.0746944 0.0834274 0.0902243 0.0944637 0.0957367 0.0939107 0.089155 0.0819121
 1.42149e-16 2.64736e-06 1.55067e-05 7.3655e-05 0.000283483 0.0008839 0.00223261 0.00456854 0.00757442 0.0101772 0.0110879 0.0098117 0.00709292 0.00428343 0.00236015 0.00155121 0.00163771 0.00237604 0.00368337 0.00562261 0.00833395 0.0119827 0.0167242 0.0226727 0.0298674 0.0382365 0.0475664 0.0574836 0.0674606 0.076849 0.084944 0.0910699 0.094674 0.0954103 0.0931926 0.0882132
 1.01016e-16 4.25279e-05 0.000249637 0.00118673 0.0045691 0.0142484 0.0359901 0.0736388 0.122058 0.163899 0.178301 0.157145 0.112207 0.064914 0.0304369 0.0115882 0.00362323 0.00100029 0.000352967 0.000280573 0.000352362 0.000467112 0.000605966 0.000765328 0.00094329 0.00113728 0.00134329 0.00155512 0.00176381 0.00195761 0.0021228 0.00224521 0.00231249 0.00231622 0.00225357 0.00212813
 1.00836e-16 1.17536e-06 6.7734e-06 3.19332e-05 0.000122501 0.000381627 0.000965039 0.00198212 0.00331398 0.00453642 0.00516278 0.00509201 0.00481846 0.00517831 0.0069307 0.0105672 0.0163652 0.0244472 0.0347107 0.0466887 0.0594597 0.071692 0.0818399 0.088457 0.0905345 0.0877542 0.0805735 0.0701025 0.0578274 0.0452672 0.0336762 0.0238675 0.01618 0.01056 0.00670374 0.00420182
 1.0414e-16 3.05993e-05 0.000179603 0.000853774 0.00328711 0.0102506 0.025892 0.0529775 0.0878125 0.117919 0.128291 0.113096 0.0808131 0.0468742 0.0222161 0.00889655 0.00354719 0.00223628 0.00260322 0.0037004 0.00526624 0.00725132 0.00962691 0.0123254 0.0152246 0.018149 0.0208827 0.0231924 0.0248588 0.0257102 0.0256517 0.0246829 0.0229003 0.0204811 0.0176544 0.0146653
 1.05179e-16 6.62631e-06 3.87996e-05 0.000184243 0.000709025 0.00221075 0.00558491 0.0114328 0.0189711 0.0255382 0.0279503 0.0250339 0.0187484 0.0126126 0.00924281 0.00938692 0.0126158 0.0182837 0.0258816 0.0349057 0.044656 0.054178 0.0623674 0.0681828 0.0708842 0.0702107 0.0664397 0.0602984 0.0527676 0.0448427 0.0373309 0.0307378 0.0252567 0.0208367 0.0172883 0.0143836
 1.06491e-16 2.42618e-05 0.000142387 0.000676825 0.00260578 0.00812586 0.0205252 0.0419975 0.0696161 0.0934943 0.101745 0.089758 0.0642775 0.0375675 0.0183416 0.00828409 0.00477987 0.0047562 0.00635844 0.00880911 0.0118227 0.0152336 0.0188621 0.0224975 0.0259181 0.0289174 0.0313238 0.0330088 0.0338883 0.0339203 0.0331055 0.0314905 0.029172 0.0262947 0.0230419 0.0196171
 1.04245e-16 2.28597e-05 0.000134137 0.000637559 0.00245453 0.00765412 0.019334 0.0395616 0.0655845 0.0880984 0.0959221 0.0847375 0.0609356 0.036123 0.018579 0.00997044 0.0079036 0.00951384 0.0130095 0.017511 0.0224916 0.0274513 0.0318509 0.0351815 0.0370715 0.0373709 0.0361799 0.0338089 0.0306874 0.0272541 0.0238643 0.0207408 0.0179718 0.0155444 0.0133943 0.0114492
 1.06472e-16 4.50341e-06 2.63426e-05 0.000125035 0.000481082 0.00149993 0.00378937 0.00775841 0.0128789 0.0173519 0.0190297 0.0171363 0.0130324 0.00915194 0.00733482 0.00816885 0.0114488 0.0168103 0.0239459 0.0324929 0.0418801 0.051289 0.0597445 0.0662955 0.0702213 0.0711894 0.0693165 0.0651061 0.0592973 0.0526754 0.0459102 0.0394641 0.0335799 0.0283275 0.0236759 0.0195601
 1.13339e-16 1.05295e-05 6.17636e-05 0.000293526 0.00112997 0.00352359 0.00890038 0.0182124 0.0301935 0.0405623 0.0441749 0.0390494 0.0281373 0.0167984 0.00887178 0.00516848 0.00465143 0.00609132 0.00877768 0.0124389 0.0169698 0.0222574 0.0281182 0.0342955 0.0404808 0.0463406 0.0515409 0.0557668 0.0587413 0.060246 0.0601455 0.0584129 0.0551474 0.050574 0.0450236 0.038892
 1.19954e-16 1.53086e-06 8.91541e-06 4.22382e-05 0.000162383 0.00050615 0.00127888 0.00261992 0.00435498 0.00588555 0.00650211 0.00596732 0.00477848 0.00381446 0.00377676 0.00496609 0.00742722 0.0111443 0.0160889 0.0221574 0.0291028 0.0365208 0.0438999 0.0507154 0.0565364 0.0611027 0.0643495 0.0663663 0.0673163 0.0673474 0.0665317 0.0648559 0.0622568 0.0586819 0.0541497 0.0487832
 1.29591e-16 1.22489e-06 7.14709e-06 3.38935e-05 0.00013036 0.00040636 0.00102646 0.00210119 0.00348679 0.00469453 0.00514004 0.00460907 0.00346501 0.00236246 0.00179984 0.00194976 0.00279663 0.00432524 0.00659558 0.00972116 0.0138204 0.0189761 0.0252058 0.032441 0.0405107 0.0491324 0.0579141 0.0663688 0.0739493 0.0801005 0.0843252 0.0862529 0.0856979 0.0826908 0.077477 0.0704843
 1.33692e-16 4.82407e-06 2.82818e-05 0.00013438 0.000517273 0.00161295 0.00407416 0.00833674 0.0138212 0.0185681 0.0202234 0.0178806 0.0128924 0.00771558 0.00411502 0.00247662 0.00235224 0.00322367 0.00483451 0.00715857 0.0102762 0.0142886 0.019274 0.0252622 0.0322123 0.0399898 0.0483479 0.0569174 0.0652165 0.0726831 0.0787336 0.0828382 0.0846005 0.0838225 0.0805408 0.0750259
 1.18325e-16 2.10426e-05 0.000123492 0.000587008 0.00225998 0.00704751 0.0178014 0.0364241 0.0603773 0.0810861 0.0882406 0.0778412 0.0557362 0.0325596 0.0158656 0.00711063 0.00402163 0.00392943 0.00522471 0.00723988 0.00974703 0.0126409 0.0158271 0.0192073 0.022691 0.0262041 0.0296845 0.0330643 0.0362472 0.0390918 0.0414118 0.0429973 0.043652 0.0432356 0.0416987 0.0391021
 1.09417e-16 1.42802e-05 8.37591e-05 0.00039804 0.00153229 0.00477813 0.0120696 0.0246989 0.0409523 0.0550316 0.0599744 0.0531137 0.0384831 0.0233928 0.0130994 0.00874911 0.00895471 0.0120077 0.0168081 0.0227315 0.0292645 0.0358127 0.0417031 0.0462959 0.0491255 0.0500065 0.0490679 0.0466978 0.0434252 0.0397772 0.0361628 0.0328129 0.0297854 0.0270153 0.0243852 0.0217886
 1.0533e-16 2.51834e-05 0.00014779 0.000702496 0.00270459 0.00843397 0.0213036 0.0435908 0.0722592 0.0970504 0.105632 0.0932268 0.0668483 0.0392433 0.019479 0.00932756 0.00609245 0.00658422 0.00884724 0.0120039 0.0156462 0.0194623 0.0231235 0.0263028 0.0287318 0.0302505 0.0308292 0.0305534 0.0295818 0.028095 0.0262532 0.0241743 0.0219363 0.0195918 0.0171876 0.0147777
 1.06401e-16 5.46076e-06 3.19615e-05 0.000151745 0.000583915 0.00182061 0.00459939 0.00941592 0.0156267 0.0210431 0.0230491 0.0206877 0.0155874 0.0106684 0.00811618 0.00858592 0.0117668 0.0171655 0.0243858 0.0330099 0.0424243 0.0517706 0.0600394 0.0662604 0.0697182 0.0701145 0.0676272 0.0628376 0.0565641 0.049655 0.0428147 0.0365051 0.0309364 0.0261225 0.0219667 0.0183417
 1.09216e-16 1.93759e-05 0.000113702 0.000540452 0.00208071 0.00648843 0.0163893 0.0335351 0.0555899 0.0746614 0.0812613 0.0717141 0.0514144 0.0301687 0.0149556 0.0071472 0.00468873 0.0051623 0.00712009 0.00996552 0.0134798 0.0175199 0.0219104 0.0264301 0.0308319 0.0348686 0.0383126 0.0409686 0.0426803 0.0433369 0.0428828 0.0413296 0.0387662 0.0353584 0.0313368 0.0269707
 1.03042e-16 3.31117e-05 0.000194342 0.000923824 0.00355679 0.0110915 0.0280163 0.0573248 0.0950214 0.127609 0.138857 0.122467 0.0876336 0.0510779 0.0246664 0.0106574 0.00542662 0.00471155 0.00590267 0.00785927 0.0101235 0.0124288 0.0145358 0.0162241 0.0173303 0.0177822 0.0176106 0.0169317 0.0159092 0.0147089 0.0134609 0.0122422 0.0110783 0.00996001 0.00886531 0.00777757
 1.02527e-16 1.43483e-05 8.4145e-05 0.000399844 0.00153918 0.00479959 0.0121239 0.0248112 0.0411425 0.055299 0.0602971 0.0534735 0.0389046 0.0239687 0.013993 0.0101826 0.0111926 0.0153323 0.0214757 0.0289096 0.0369578 0.0447989 0.0515018 0.0561883 0.0582302 0.057399 0.053919 0.0483975 0.0416654 0.0345795 0.0278517 0.0219495 0.0170795 0.0132355 0.0102798 0.00802295
pSPR Fmed_Fpbrs
0.371377   0.256628 0.256628
Fs Fmed_Fpbrs
0.64   1.005 1.005
SSBpbr Bo_Bmed_Bpbrs
4.97503e+06  1.59886e+06  1.02798e+06 1.02798e+06
Ro
26131.7
SPR SPRFo_SPRFmed_SPRFpbrs
538627 200034 138227
log_Ro
9.99091
likeval ReclasPelacesDesembMPH_pf_preclas_ppelaces_ptallas_desvR_qrecl_qpela
 456.82 47.5028 13981.3 2185.18 537.313 400.052 82.1695 0 128.644 0 0 0 0 0 0
q_reclas_q_pelaces
1 1
M
0.7
N
 216733 15535.8 7714.87 3831.09 3779.12
 4238.72 101826 6905.7 3429.27 3382.75
 699.269 1991.45 45261.7 3069.59 3027.95
 493.314 328.532 885.199 20118.9 2710.36
 1341.84 231.77 146.033 393.472 10147.6
 408763 630.426 103.022 64.9117 4685.52
 9827 192046 280.225 45.7933 2111.57
 408634 4616.94 85364.6 124.56 958.95
 78989.7 191985 2052.23 37944.7 481.621
 335916 37111.1 85337.7 912.22 17080.5
 462458 157821 16495.9 37932.7 7997.79
 68682.9 217273 70151.5 7332.45 20416.1
 104560 32268.7 96578.1 31182.4 12334.3
 8576.51 49124.4 14343.5 42929 19343.2
 3266.14 4029.43 21835.8 6375.69 27680.1
 6672.49 1534.51 1791.09 9706.05 15137.8
 27850.1 3134.88 682.089 796.14 11043.1
 18585.7 13084.6 1393.46 303.189 5262.56
 45974.7 8731.98 5816.12 619.393 2473.98
 7985.66 21599.9 3881.37 2585.27 1375.01
 25677.9 3751.84 9601.18 1725.27 1760.35
 117557 12064.1 1667.7 4267.73 1549.36
 59654.4 55230.7 5362.48 741.292 2585.7
pred_Ctot
 8427.34 1179.38 585.664 290.832 286.887
 164.817 7729.97 524.237 260.328 256.797
 27.1901 151.178 3435.98 233.024 229.863
 19.1818 24.9401 67.1987 1527.3 205.753
 52.1756 17.5945 11.0859 29.8699 770.342
 15894.2 47.858 7.82077 4.92769 355.695
 382.109 14578.9 21.2729 3.47634 160.297
 15889.2 350.489 6480.34 9.45583 72.7974
 3071.4 14574.3 155.793 2880.52 36.5617
 13061.6 2817.24 6478.3 69.25 1296.64
 17982 11980.8 1252.27 2879.61 607.142
 2670.64 16494 5325.46 556.633 1549.86
 4065.65 2449.64 7331.6 2367.17 936.34
 333.485 3729.22 1088.87 3258.9 1468.41
 126.999 305.889 1657.64 484.002 2101.3
 259.45 116.49 135.968 736.822 1149.17
 1082.91 237.98 51.7799 60.4379 838.324
 722.679 993.3 105.782 23.0162 399.501
 1787.66 662.877 441.523 47.0204 187.809
 310.511 1639.73 294.649 196.257 104.382
 998.449 284.816 728.861 130.972 133.634
 4571.02 915.827 126.601 323.979 117.618
 2319.58 4192.77 407.086 56.2742 196.29
F
 0.0554016 0.110803 0.110803 0.110803 0.110803
 0.0554016 0.110803 0.110803 0.110803 0.110803
 0.0554016 0.110803 0.110803 0.110803 0.110803
 0.0554016 0.110803 0.110803 0.110803 0.110803
 0.0554016 0.110803 0.110803 0.110803 0.110803
 0.0554016 0.110803 0.110803 0.110803 0.110803
 0.0554016 0.110803 0.110803 0.110803 0.110803
 0.0554016 0.110803 0.110803 0.110803 0.110803
 0.0554016 0.110803 0.110803 0.110803 0.110803
 0.0554016 0.110803 0.110803 0.110803 0.110803
 0.0554016 0.110803 0.110803 0.110803 0.110803
 0.0554016 0.110803 0.110803 0.110803 0.110803
 0.0554016 0.110803 0.110803 0.110803 0.110803
 0.0554016 0.110803 0.110803 0.110803 0.110803
 0.0554016 0.110803 0.110803 0.110803 0.110803
 0.0554016 0.110803 0.110803 0.110803 0.110803
 0.0554016 0.110803 0.110803 0.110803 0.110803
 0.0554016 0.110803 0.110803 0.110803 0.110803
 0.0554016 0.110803 0.110803 0.110803 0.110803
 0.0554016 0.110803 0.110803 0.110803 0.110803
 0.0554016 0.110803 0.110803 0.110803 0.110803
 0.0554016 0.110803 0.110803 0.110803 0.110803
 0.0554016 0.110803 0.110803 0.110803 0.110803
Np
 30669.6 9214.44 5094.52 4462.53 512.036
YTP_r0W_actual
 115096 644632 86383 15588 68340
YTP_p0W_proyectada
 73518.5 291975 371791 46099.8 10215.4
 73518.5 95992.8 77152.3 86306.1 10989.5
CTP_r0_actual
 17438.8 26637.7 2586.32 357.524 1247.08
CTP_p0_proyectada
 8965.67 13517.4 11840.5 1149.62 229.56
 8965.67 4444.11 2457.08 2152.27 246.954
Wmedp
 8.2 21.6 31.4 40.1 44.5
nmprior
 10.8 10.6 4.6 0
nm_flota  nm_reclas  nm_pelaces    nm_pelaL
inf 1.26533 3.06235 3.42499
cv_recla  cv_pelaces  cv_mph
2.02765 0.844122 2.02416
 ------------------------------------------------
Talla a la edad & desviaci?n 
 7.2 14.2025 17.0495 18.207 18.6776
 1.08 2.13037 2.55742 2.73105 2.80164
