years
 1997 1998 1999 2000 2001 2002 2003 2004 2005 2006 2007 2008 2009 2010 2011 2012 2013 2014 2015 2016 2017 2018 2019 2020 2021 2022
reclasobs
 0 0 0 370054 412103 1.49427e+06 250295 1.28982e+06 931140 785840 897777 1.04006e+06 184774 17550 25797 100020 73551 82996 120727 218422 84188 347160 605670 569463 516374 1.08416e+06
reclaspred
 1.12913e+06 222625 518302 241021 253558 223894 384103 269606 529739 822956 783383 500175 286118 137395 114284 100697 67553.2 56607.2 64651.4 97764.8 198830 242141 381538 443257 520062 350397
pelacesobs
 0 0 0 0 0 0 0 0 0 2.06254e+06 1.5e+06 0 1.87456e+06 323000 250000 174000 83755 137374 0 501740 490994 745055 786931 1.00524e+06 1.33801e+06 1.41789e+06
pelacespred
 642355 223542 170384 167415 153782 89202 194300 135328 287875 462466 372781 249443 136872 50386.2 46116.6 46267.5 31085.1 24092.4 27856 41183 110983 130769 162361 219739 243723 178491
mphobs
 0 0 0 0 0 0 112323 0 153150 637223 0 255016 313432 73983 77613 109348 50772 17779 17303 59886 28197 0 207744 136588 643089 65757
mphpred
 801617 419924 342067 275823 207190 244634 240253 296156 320355 633671 828524 520198 308119 158281 87598 86517.8 58912.8 45077.7 44594 65304.5 113381 219031 264932 344476 428287 314445
desembarqueobs
 350755 77701 442110 56441 14545 235359 269955 359681 431902 328805 639364 411747 362871 311530 167758 66681 60226 58785 57116 73181 50977 67692 138656 160484 209506 203330
desembarquepred
 350755 77698.4 442089 56444.3 14545.5 235646 269865 359449 431520 328647 639478 411574 362726 311220 167598 66715.8 60308 58778.4 57057.7 73149.7 50955.7 67658 138648 160402 209586 203253
Reclutas
 39080.3 40590.5 18343.9 16783.8 26825.5 17817.2 44330.1 48319.5 122431 139915 53241.3 47362.8 47215.9 37689.1 22901.4 9089.25 5230.22 5864.67 13052 11912.9 31284.7 28611.5 37152 58743.9 13176.3 21934.4
log_desv_Rt
 0.359345 0.39726 -0.396976 -0.485857 -0.0169189 -0.42611 0.485392 0.571561 1.50127 1.63476 0.668562 0.551563 0.548457 0.323098 -0.175075 -1.09918 -1.65182 -1.53733 -0.737335 -0.828649 0.136856 0.0475366 0.308743 0.766914 -0.727857 -0.218217
SSB
 801617 419924 342067 275823 207190 244634 231291 290834 311972 620470 828524 520198 319262 166256 94465.2 94793.7 69449.9 51231.3 46582.6 72801.2 116543 219031 273310 337445 466933 360223
BT
 2.00427e+06 558862 667687 405806 357442 364460 807854 721016 1.30187e+06 1.5012e+06 1.36214e+06 942922 687275 407329 265357 153190 121010 106506 118990 156828 358151 330213 448743 643295 639838 549670
Ftot
 0.298855 0.335037 0.784524 0.226359 0.0560503 0.949214 0.661865 1.19587 0.766942 0.383235 0.75378 0.761014 1.13349 1.86249 1.30213 0.620331 0.820624 0.946438 0.820997 0.699123 0.248146 0.269393 0.348259 0.347462 0.384452 0.546463
BD_Bspro_t
 0.957237 0.751386 0.614734 0.382566 0.441819 0.541268 0.386098 0.403987 0.388546 0.490281 0.520567 0.338249 0.244829 0.165496 0.110843 0.126908 0.129839 0.135516 0.15906 0.272956 0.396116 0.609295 0.625151 0.608941 0.614714 0.486582
BD_Bspro
 1.42252 0.745183 0.607021 0.489467 0.367673 0.43412 0.410442 0.516105 0.553615 1.10107 1.47027 0.923125 0.566552 0.295033 0.167635 0.168218 0.123243 0.0909134 0.082664 0.12919 0.206813 0.388685 0.485007 0.598818 0.828603 0.639239
BD_Bo
 0.858847 0.449904 0.366488 0.295515 0.221982 0.2621 0.247804 0.311598 0.334245 0.664768 0.887675 0.557336 0.342055 0.178126 0.101209 0.101561 0.0744081 0.0548889 0.0499083 0.0779987 0.124863 0.234668 0.292823 0.361536 0.500269 0.38594
BD_Brms
 4.17448 2.18679 1.78134 1.43637 1.07896 1.27395 1.20447 1.51454 1.62462 3.23115 4.3146 2.70897 1.66258 0.865792 0.491935 0.493645 0.361665 0.266791 0.242583 0.379117 0.606906 1.14062 1.42328 1.75727 2.43159 1.87589
S_f
 0.5 1 1 1 1
 0.5 1 1 1 1
 0.5 1 1 1 1
 0.5 1 1 1 1
 0.5 1 1 1 1
 0.5 1 1 1 1
 0.5 1 1 1 1
 0.5 1 1 1 1
 0.5 1 1 1 1
 0.5 1 1 1 1
 0.5 1 1 1 1
 0.5 1 1 1 1
 0.5 1 1 1 1
 0.5 1 1 1 1
 0.5 1 1 1 1
 0.5 1 1 1 1
 0.5 1 1 1 1
 0.5 1 1 1 1
 0.5 1 1 1 1
 0.5 1 1 1 1
 0.5 1 1 1 1
 0.5 1 1 1 1
 0.5 1 1 1 1
 0.5 1 1 1 1
 0.5 1 1 1 1
 0.5 1 1 1 1
Scru_reclas
 0.5 1 1 1 1
 0.5 1 1 1 1
 0.5 1 1 1 1
 0.5 1 1 1 1
 0.5 1 1 1 1
 0.5 1 1 1 1
 0.5 1 1 1 1
 0.5 1 1 1 1
 0.5 1 1 1 1
 0.5 1 1 1 1
 0.5 1 1 1 1
 0.5 1 1 1 1
 0.5 1 1 1 1
 0.5 1 1 1 1
 0.5 1 1 1 1
 0.5 1 1 1 1
 0.5 1 1 1 1
 0.5 1 1 1 1
 0.5 1 1 1 1
 0.5 1 1 1 1
 0.5 1 1 1 1
 0.5 1 1 1 1
 0.5 1 1 1 1
 0.5 1 1 1 1
 0.5 1 1 1 1
 0.5 1 1 1 1
Scru_pelaces
 0.5 1 1 1 1
 0.5 1 1 1 1
 0.5 1 1 1 1
 0.5 1 1 1 1
 0.5 1 1 1 1
 0.5 1 1 1 1
 0.5 1 1 1 1
 0.5 1 1 1 1
 0.5 1 1 1 1
 0.5 1 1 1 1
 0.5 1 1 1 1
 0.5 1 1 1 1
 0.5 1 1 1 1
 0.5 1 1 1 1
 0.5 1 1 1 1
 0.5 1 1 1 1
 0.5 1 1 1 1
 0.5 1 1 1 1
 0.5 1 1 1 1
 0.5 1 1 1 1
 0.5 1 1 1 1
 0.5 1 1 1 1
 0.5 1 1 1 1
 0.5 1 1 1 1
 0.5 1 1 1 1
 0.5 1 1 1 1
pf_obs 
 0.256992 0.487395 0.22802 0.0275931 0
 0.321318 0.546541 0.124235 0.00734118 0.000564706
 0.182869 0.594174 0.210203 0.0122559 0.00049798
 0.330522 0.361315 0.267642 0.0388342 0.00168674
 0.649043 0.306663 0.0425973 0.00169635 0
 0.582887 0.30429 0.105238 0.00758474 0
 0.465427 0.430635 0.0974691 0.00646863 0
 0.296916 0.608066 0.0921331 0.00288517 0
 0.311714 0.524322 0.152257 0.0117073 0
 0.15457 0.633149 0.183074 0.0267441 0.00246327
 0.131901 0.49318 0.331252 0.0422183 0.00144891
 0.196976 0.569456 0.194076 0.0375587 0.00193317
 0.518974 0.381816 0.0799577 0.0180837 0.00116848
 0.0928022 0.601141 0.25162 0.0475244 0.00691264
 0.122501 0.610282 0.24278 0.0234846 0.000952079
 0.383417 0.481906 0.127806 0.00687128 0
 0.0376549 0.599619 0.316969 0.0457579 0
 0.0361596 0.667082 0.258105 0.0386534 0
 0.158088 0.579412 0.248529 0.0139706 0
 0.0477256 0.309471 0.559284 0.082774 0.000745712
 0.0406174 0.521527 0.379366 0.0568643 0.0016247
 0.151134 0.462217 0.34131 0.0453401 0
 0.294876 0.26143 0.354403 0.0886775 0.000613685
 0.281977 0.475581 0.204845 0.0348837 0.00271318
 0.0841818 0.532909 0.334909 0.0458182 0.00218182
 0.115287 0.27431 0.454777 0.147771 0.00785563
pf_pred 
 0.425712 0.402851 0.153064 0.018369 3.66612e-06
 0.445996 0.342214 0.148566 0.0564483 0.00677563
 0.286632 0.456187 0.158863 0.0689677 0.0293499
 0.419399 0.292979 0.18393 0.0640519 0.0396406
 0.525279 0.287915 0.0942644 0.0591786 0.0333626
 0.363774 0.440349 0.118798 0.0388949 0.0381839
 0.735621 0.159893 0.0723174 0.0195099 0.0126585
 0.624591 0.327163 0.0291781 0.0131968 0.00587024
 0.817403 0.151345 0.0272356 0.00242901 0.00158729
 0.62696 0.342672 0.0251701 0.00452953 0.000667948
 0.2986 0.55396 0.135438 0.00994822 0.00205425
 0.439604 0.289486 0.213962 0.0523118 0.00463586
 0.546703 0.300857 0.0787467 0.0582027 0.0154911
 0.600343 0.309558 0.0597998 0.0156521 0.0146477
 0.625618 0.317387 0.0441455 0.00852794 0.004321
 0.420361 0.483798 0.0812499 0.0113011 0.00328928
 0.37114 0.399714 0.191258 0.0321203 0.00576796
 0.551646 0.270003 0.113363 0.0542428 0.0107455
 0.76426 0.180789 0.0330924 0.0138941 0.00796518
 0.587222 0.368475 0.0339763 0.00621918 0.0041081
 0.754756 0.190849 0.0485569 0.00447733 0.00136091
 0.489516 0.443391 0.052212 0.0132841 0.00159721
 0.520558 0.323376 0.135554 0.0159623 0.00454951
 0.590066 0.28943 0.0812784 0.0340704 0.00515549
 0.18141 0.622914 0.138155 0.0387971 0.0187239
 0.429488 0.189051 0.290276 0.0643799 0.0268046
pobs_RECLAS
 0 0 0 0 0
 0 0 0 0 0
 0 0 0 0 0
 0 0 0 0 0
 0.835266 0.146461 0.0176864 0.000547809 3.91292e-05
 0.385257 0.428462 0.181853 0.0044286 0
 0.867414 0.0963971 0.0333333 0.00285562 0
 0.441836 0.489002 0.0689373 0.000224442 0
 0.779404 0.147425 0.0564933 0.0165055 0.000172143
 0.814271 0.122319 0.05973 0.00367925 0
 0.40263 0.566651 0.0304383 0.000280538 0
 0.475488 0.404961 0.113038 0.00651328 0
 0.955842 0.0263864 0.0167828 0.000988607 0
 0.975058 0.0227948 0.00214734 0 0
 0.738997 0.206755 0.0527124 0.00153531 0
 0.850938 0.134255 0.0134407 0.00136685 0
 0.542534 0.407297 0.0501686 0 0
 0.764087 0.199537 0.0359546 0.000420521 0
 0.470689 0.182191 0.310203 0.0369168 0
 0.84361 0.089868 0.0606195 0.00523954 0.000663233
 0.607945 0.314616 0.071237 0.00620181 0
 0.523733 0.453247 0.0230204 0 0
 0.530135 0.295979 0.169645 0.0042399 0
 0.562478 0.366248 0.0663022 0.0049721 0
 0.250443 0.683176 0.0655157 0.000865301 0
 0.195077 0.31981 0.436473 0.0351445 0.0134964
ppred_RECLAS
 0.428488 0.400903 0.152325 0.0182802 3.6484e-06
 0.44923 0.340216 0.147699 0.0561187 0.00673607
 0.295082 0.450784 0.156981 0.0681508 0.0290022
 0.421373 0.291982 0.183305 0.0638342 0.0395059
 0.525708 0.287655 0.0941794 0.0591252 0.0333325
 0.376367 0.431633 0.116447 0.0381251 0.0374281
 0.741839 0.156132 0.0706165 0.019051 0.0123607
 0.642301 0.311729 0.0278016 0.0125743 0.00559331
 0.823249 0.1465 0.0263637 0.00235124 0.00153647
 0.630582 0.339346 0.0249257 0.00448556 0.000661464
 0.306768 0.547509 0.133861 0.00983238 0.00203033
 0.44929 0.284482 0.210264 0.0514076 0.00455574
 0.564074 0.289328 0.075729 0.0559723 0.0148974
 0.636082 0.281876 0.0544522 0.0142524 0.0133379
 0.645726 0.30034 0.0417745 0.00806992 0.00408893
 0.427553 0.477796 0.0802419 0.0111609 0.00324847
 0.381396 0.393194 0.188139 0.0315964 0.00567389
 0.564911 0.262015 0.110009 0.052638 0.0104276
 0.772048 0.174816 0.0319991 0.0134351 0.00770203
 0.595628 0.360971 0.0332844 0.00609253 0.00402444
 0.756426 0.189549 0.0482262 0.00444684 0.00135164
 0.492012 0.441222 0.0519566 0.0132191 0.0015894
 0.523985 0.321065 0.134585 0.0158482 0.00451699
 0.593375 0.287094 0.0806223 0.0337954 0.00511388
 0.183734 0.621145 0.137763 0.0386869 0.0186708
 0.435565 0.187038 0.287184 0.0636942 0.0265191
pobs_PELACES
 0 0 0 0 0
 0 0 0 0 0
 0 0 0 0 0
 0 0 0 0 0
 0 0 0 0 0
 0 0 0 0 0
 0 0 0 0 0
 0 0 0 0 0
 0 0 0 0 0
 0 0 0 0 0
 0.450072 0.473896 0.0757376 0.000293798 0
 0 0 0 0 0
 0.463077 0.371075 0.160297 0.00555027 0
 0.529543 0.364841 0.0842815 0.0213345 0
 0.631943 0.363953 0.00410389 0 0
 0.735681 0.248677 0.0153453 0.000297389 0
 0.695825 0.281241 0.0229344 0 0
 0.275771 0.60734 0.115278 0.00161068 0
 0 0 0 0 0
 0.896147 0.0623911 0.0374545 0.00400742 0
 0.803859 0.145111 0.0509908 3.86294e-05 0
 0.739449 0.233085 0.0266225 0.000797448 4.60066e-05
 0.878498 0.100942 0.0204185 0.000141795 0
 0.694673 0.275183 0.0284847 0.00165964 0
 0.469039 0.446079 0.0841089 0.000773354 0
 0.822795 0.102175 0.0682046 0.00682512 0
ppred_PELACES
 0.440604 0.392404 0.149095 0.0178927 3.57105e-06
 0.462943 0.331745 0.144022 0.0547215 0.00656836
 0.322702 0.433121 0.15083 0.0654805 0.0278659
 0.430505 0.287374 0.180412 0.0628267 0.0388824
 0.528013 0.286257 0.0937216 0.0588378 0.0331705
 0.413776 0.405741 0.109461 0.0358381 0.035183
 0.762196 0.143821 0.0650481 0.0175488 0.011386
 0.686259 0.273421 0.0243851 0.011029 0.00490595
 0.840916 0.131856 0.0237284 0.00211622 0.00138289
 0.645186 0.32593 0.0239403 0.00430823 0.000635313
 0.333833 0.526133 0.128634 0.00944851 0.00195106
 0.480517 0.268351 0.198342 0.0484927 0.00429741
 0.609387 0.259253 0.0678572 0.0501541 0.0133489
 0.703852 0.229384 0.0443119 0.0115983 0.010854
 0.693207 0.260088 0.0361757 0.00698836 0.00354091
 0.452769 0.456749 0.0767072 0.0106692 0.00310538
 0.413814 0.37259 0.17828 0.0299406 0.00537656
 0.602832 0.239178 0.100421 0.0480502 0.00951873
 0.795007 0.157209 0.0287762 0.0120819 0.00692629
 0.623078 0.336467 0.0310249 0.00567894 0.00375124
 0.76389 0.18374 0.0467483 0.00431056 0.00131022
 0.503124 0.431571 0.0508201 0.01293 0.00155463
 0.538294 0.311414 0.130539 0.0153718 0.00438121
 0.60713 0.277382 0.077895 0.0326522 0.00494088
 0.193439 0.61376 0.136125 0.038227 0.0184488
 0.457847 0.179654 0.275847 0.0611798 0.0254723
pobs_pel_tallas
 0 0 0 0 0 0 0 0 0 0 0 0 0 0 0 0 0 0 0 0 0 0 0 0 0 0 0 0 0 0 0 0 0 0 0 0
 0 0 0 0 0 0 0 0 0 0 0 0 0 0 0 0 0 0 0 0 0 0 0 0 0 0 0 0 0 0 0 0 0 0 0 0
 0 0 0 0 0 0 0 0 0 0 0 0 0 0 0 0 0 0 0 0 0 0 0 0 0 0 0 0 0 0 0 0 0 0 0 0
 0 0 0 0 0 0 0 0 0 0 0 0 0 0 0 0 0 0 0 0 0 0 0 0 0 0 0 0 0 0 0 0 0 0 0 0
 0 0 0 0 0 0 0 0 0 0 0 0 0 0 0 0 0 0 0 0 0 0 0 0 0 0 0 0 0 0 0 0 0 0 0 0
 0 0 0 0 0 0 0 0 0 0 0 0 0 0 0 0 0 0 0 0 0 0 0 0 0 0 0 0 0 0 0 0 0 0 0 0
 0 0 0 0 0 0 0 0 0 0 0 0 0 0 0 0 0 0 0 0 0 0 0 0 0 0 0 0 0 0 0 0 0 0 0 0
 0 0 0 0 0 0 0 0 0 0 0 0 0 0 0 0 0 0 0 0 0 0 0 0 0 0 0 0 0 0 0 0 0 0 0 0
 0 0 0 0 0 0 0 0 0 0 0 0 0 0 0 0 0 0 0 0 0 0 0 0 0 0 0 0 0 0 0 0 0 0 0 0
 0 0 0 0 0 0 0 0 0 0 0 0 0 0 0 0 0 0 0 0 0 0 0 0 0 0 0 0 0 0 0 0 0 0 0 0
 0 0 0 0 0 0 0 0 1.78061e-05 0.00172719 0.00360574 0.0105946 0.0120993 0.0124554 0.0147524 0.0171206 0.0266825 0.0428682 0.0675386 0.121331 0.153587 0.119568 0.100827 0.0573624 0.0630603 0.0341343 0.0324427 0.0444173 0.0211091 0.0280891 0.0125444 0.00206551 0 0 0 0
 0 0 0 0 0 0 0 0 0 0 0 0 0 0 0 0 0 0 0 0 0 0 0 0 0 0 0 0 0 0 0 0 0 0 0 0
 0 0 0 0 0 0 0.0133647 0.0140871 0.0187388 0.0205184 0.03894 0.0496705 0.03968 0.0493445 0.0407372 0.0367815 0.0215668 0.0243155 0.0234873 0.0199281 0.019796 0.0243948 0.0301388 0.0376714 0.0412746 0.0863199 0.0771752 0.113111 0.0741005 0.0525337 0.0229764 0.00759418 0.00175318 0 0 0
 0 0 0 0 0 0 0 0 0 0 0.00219441 0.00772107 0.0458388 0.0604681 0.0671733 0.0775358 0.0609151 0.0617685 0.073594 0.0568108 0.0755445 0.0548602 0.0670107 0.0636378 0.0643287 0.046367 0.0373049 0.0286899 0.0247887 0.0153202 0.00654259 0.00121912 0.000365735 0 0 0
 0 0 0 0 0 0 0 0 0 0 0 0 0.000112435 0.00938835 0.0111873 0.0202946 0.0414886 0.0713402 0.111592 0.104902 0.108894 0.110636 0.117776 0.105296 0.107544 0.0401394 0.0192827 0.0124803 0.00416011 0.0028671 0.000618394 0 0 0 0 0
 0 0 0 0 0 0 0 0 0 0 0.00291406 0.0102884 0.027416 0.0768956 0.0749926 0.110853 0.0956884 0.0897413 0.0766577 0.0534642 0.0500743 0.0551293 0.0594112 0.0620874 0.0668451 0.0424026 0.0208742 0.0120726 0.0048766 0.00582813 0.00118941 0.000297354 0 0 0 0
 0 0.00264628 0.0354308 0.0461629 0.0458689 0.0383711 0.0214643 0.0164657 0.0346957 0.0420465 0.0363128 0.0245516 0.0311673 0.0291091 0.0169068 0.0133784 0.00837989 0.0085269 0.0148486 0.0160247 0.0276389 0.0546898 0.0760071 0.122758 0.109233 0.0665981 0.0333725 0.0166128 0.00676272 0.00308733 0.000882094 0 0 0 0 0
 0 0 0 0 0 0 0 0.000805153 0.000690131 0.00759144 0.0133425 0.0154129 0.00931677 0.000345066 0.00356568 0.00563607 0.00851162 0.0253048 0.0502646 0.0516448 0.0657925 0.0565908 0.0611916 0.0827007 0.0866115 0.110766 0.145733 0.0935128 0.0569358 0.0249597 0.0138026 0.00621118 0.00161031 0.00115022 0 0
 0 0 0 0 0 0 0 0 0 0 0 0 0 0 0 0 0 0 0 0 0 0 0 0 0 0 0 0 0 0 0 0 0 0 0 0
 0.00147267 0.00158595 0.00478618 0.00569244 0.00954404 0.0108468 0.00647125 0.017049 0.0510054 0.094081 0.124002 0.0959785 0.0687766 0.0820023 0.061753 0.0591476 0.0492212 0.0479892 0.0443925 0.0268479 0.0217502 0.0140895 0.0121071 0.0120363 0.00920419 0.00665534 0.0049561 0.00860946 0.00930331 0.0156896 0.0114698 0.00855282 0.00243557 0.00046729 0 2.83206e-05
 0 0 0 0 0.000772559 0.00158375 0.000888443 0.00281984 0.00712685 0.0440552 0.0773331 0.111326 0.0921469 0.0852325 0.0710754 0.0886704 0.0786465 0.0553345 0.0373146 0.0185414 0.00753245 0.00457741 0.012979 0.0271748 0.0457355 0.0583668 0.034881 0.0177882 0.00938659 0.00492506 0.0015258 0.00185414 0.000309023 5.79419e-05 3.86279e-05 0
 0 0.00173294 0.00326652 0 0.00397197 0.00683976 0.00946217 0.0152591 0.00757587 0.0136028 0.0228656 0.0392903 0.0559909 0.0764795 0.0681675 0.0726916 0.0566044 0.0477403 0.0527397 0.0444891 0.0609904 0.0582453 0.0661739 0.0445044 0.0529084 0.0360697 0.0280645 0.0235558 0.0158879 0.00826598 0.00280645 0.00217768 0.000904811 0.00058276 9.20147e-05 0
 0 0 0 0 0 0 0 0 0 0 0 0 0 0 0 0 0 0 0 0 0 0 0 0 0 0 0 0 0 0 0 0 0 0 0 0
 0 0 0 0 0 0 0 0 0 0 0 0 0 0 0 0 0 0 0 0 0 0 0 0 0 0 0 0 0 0 0 0 0 0 0 0
 0 0 0 0 0 0 0 0 0 0 0 0 0 0 0 0 0 0 0 0 0 0 0 0 0 0 0 0 0 0 0 0 0 0 0 0
 0 0 0 0 0 0 0 0 0 0 0 0 0 0 0 0 0 0 0 0 0 0 0 0 0 0 0 0 0 0 0 0 0 0 0 0
ppred_pel_tallas
 1.0286e-16 1.92413e-05 0.000112888 0.000536527 0.00206551 0.00644096 0.0162697 0.0332923 0.0551948 0.0741525 0.0807651 0.0714129 0.0514958 0.030813 0.0163761 0.0096414 0.00865075 0.0110377 0.01531 0.0206968 0.0266681 0.032662 0.0380466 0.0422089 0.0446804 0.0452379 0.0439443 0.0411118 0.0372085 0.0327405 0.0281493 0.0237527 0.0197332 0.0161636 0.013048 0.01036
 1.0434e-16 2.02129e-05 0.000118597 0.000563684 0.00217009 0.00676711 0.0170934 0.0349773 0.057986 0.0778953 0.0848228 0.0749562 0.0539539 0.0320899 0.0167018 0.0092862 0.00775369 0.00959808 0.0132563 0.0179597 0.0232339 0.0286073 0.0335534 0.0375562 0.0402127 0.0413157 0.0408876 0.0391511 0.0364539 0.0331747 0.029643 0.0260956 0.0226717 0.0194365 0.016415 0.0136214
 1.05835e-16 1.41018e-05 8.27107e-05 0.000393054 0.00151309 0.00471825 0.0119183 0.0243894 0.0404394 0.0543431 0.059226 0.0524554 0.0380162 0.0231298 0.0129915 0.00873973 0.00901378 0.0121379 0.0170382 0.0231097 0.0298521 0.0366764 0.0429023 0.0478651 0.0510544 0.0522224 0.0514257 0.0489834 0.0453743 0.0411088 0.0366217 0.0322123 0.0280407 0.0241608 0.0205715 0.0172584
 1.06631e-16 1.87966e-05 0.000110287 0.000524184 0.00201802 0.0062929 0.0158956 0.0325261 0.0539218 0.0724346 0.0788735 0.0696917 0.050149 0.0297966 0.0154547 0.00851307 0.00702989 0.0086822 0.0120336 0.0163979 0.0213738 0.026569 0.0315382 0.035833 0.0390853 0.041077 0.0417699 0.0412847 0.0398436 0.0376993 0.0350763 0.032142 0.029008 0.0257509 0.0224385 0.0191465
 1.04996e-16 2.30482e-05 0.000135248 0.000642853 0.00247493 0.00771775 0.0194946 0.0398899 0.0661272 0.0888228 0.0966987 0.0853946 0.0613453 0.0362403 0.0184101 0.00951553 0.00712622 0.00834706 0.0113837 0.0153874 0.0198931 0.024484 0.0287102 0.0321367 0.0344292 0.0354238 0.0351533 0.033819 0.0317224 0.0291814 0.0264617 0.0237398 0.0211034 0.0185766 0.0161547 0.0138334
 1.04562e-16 1.80718e-05 0.000106021 0.000503881 0.00193981 0.00604897 0.0152796 0.0312666 0.0518374 0.0696453 0.0758645 0.0671003 0.0484307 0.0290682 0.0156112 0.00944312 0.00874027 0.0112908 0.0156935 0.02121 0.0273117 0.0334261 0.0389101 0.0431445 0.0456642 0.0462603 0.0450189 0.0422779 0.0385262 0.0342779 0.0299656 0.0258811 0.0221688 0.0188588 0.0159173 0.0132924
 1.02106e-16 3.32539e-05 0.000195178 0.000927794 0.00357207 0.0111392 0.0281367 0.0575711 0.0954297 0.128157 0.139453 0.122991 0.088005 0.0512878 0.0247561 0.0106776 0.00541287 0.00468291 0.00587044 0.00783503 0.010123 0.012472 0.0146436 0.016413 0.017605 0.0181288 0.0179923 0.0172898 0.0161691 0.0147912 0.013296 0.0117835 0.0103123 0.00890971 0.00758669 0.0063504
 1.01044e-16 2.99478e-05 0.000175756 0.000835438 0.00321643 0.0100301 0.0253354 0.0518404 0.0859347 0.115418 0.125624 0.110873 0.0795045 0.0466774 0.0231719 0.0110878 0.00720299 0.00769703 0.0102021 0.0136164 0.0173854 0.0210658 0.0242086 0.0263985 0.0273395 0.0269245 0.0252597 0.0226324 0.0194352 0.016073 0.0128826 0.0100854 0.00777998 0.00596409 0.00457331 0.00351838
 1.00518e-16 3.66859e-05 0.000215328 0.00102359 0.00394093 0.0122895 0.0310421 0.0635158 0.105282 0.141385 0.15384 0.13566 0.0970275 0.0564594 0.0270888 0.0113993 0.00535539 0.00421624 0.0050797 0.0066827 0.00853329 0.0103654 0.0119523 0.0130898 0.0136304 0.0135159 0.0127895 0.0115811 0.0100728 0.00845492 0.00688836 0.00548237 0.00429034 0.00331978 0.00254911 0.0019443
 1.00624e-16 2.8159e-05 0.00016525 0.000785477 0.00302405 0.00943016 0.02382 0.0487404 0.0807977 0.108525 0.118138 0.104304 0.0748778 0.0441297 0.0222199 0.0111522 0.00792513 0.00896528 0.0120441 0.0160934 0.0205244 0.0248231 0.0284546 0.0309234 0.0318783 0.0311966 0.0290138 0.0256838 0.0216887 0.0175257 0.0136094 0.0102139 0.00746185 0.00535069 0.00379822 0.00268822
 1.02414e-16 1.4591e-05 8.5574e-05 0.000406647 0.00156539 0.00488133 0.0123304 0.0252332 0.0418405 0.0562321 0.0613011 0.0543323 0.0394607 0.0241758 0.0138761 0.0097656 0.0104583 0.0142276 0.0199422 0.0269188 0.0345417 0.0420706 0.0486586 0.0534944 0.0559773 0.0558539 0.0532701 0.0487156 0.0428886 0.0365272 0.0302618 0.024529 0.0195552 0.0153933 0.0119862 0.00922821
 1.04771e-16 2.09767e-05 0.000123087 0.000585043 0.00225235 0.00702364 0.0177413 0.0363025 0.0601808 0.0808373 0.0880098 0.0777328 0.0558664 0.033055 0.0168896 0.00889528 0.00687754 0.00822189 0.0113165 0.0154075 0.0200834 0.0249652 0.0296279 0.0336415 0.0366487 0.0384314 0.0389415 0.0382841 0.0366677 0.0343395 0.0315308 0.028428 0.0251698 0.0218612 0.0185919 0.0154482
 1.03395e-16 2.65954e-05 0.000156075 0.000741875 0.0028562 0.00890673 0.0224978 0.0460345 0.076311 0.102495 0.111564 0.0984783 0.0706479 0.0415414 0.0207427 0.0101312 0.00686319 0.00756536 0.0101527 0.0136602 0.0176005 0.0215755 0.0251705 0.027991 0.0297392 0.0302786 0.0296576 0.0280823 0.0258527 0.0232833 0.0206374 0.0180904 0.0157279 0.0135678 0.0115929 0.00977936
 1.0161e-16 3.07132e-05 0.000180254 0.000856828 0.00329881 0.010287 0.0259842 0.0531677 0.0881333 0.118367 0.128822 0.113668 0.0814499 0.0477007 0.02346 0.0108617 0.00658282 0.00669511 0.00877597 0.0117242 0.0150248 0.0182984 0.0211683 0.0232833 0.0243867 0.024373 0.0233102 0.0214137 0.0189868 0.0163457 0.0137563 0.0113968 0.00935228 0.00763339 0.00620567 0.00501807
 1.01004e-16 3.02503e-05 0.000177533 0.000843888 0.00324897 0.0101316 0.0255917 0.0523648 0.0868034 0.116583 0.126889 0.111981 0.0802807 0.0470962 0.0233115 0.0110419 0.0070266 0.0074039 0.00978386 0.0130627 0.0166967 0.0202612 0.0233278 0.0254986 0.0264872 0.0261845 0.0246828 0.0222462 0.0192403 0.016045 0.012979 0.0102558 0.00797546 0.00614524 0.00471414 0.003607
 1.0175e-16 1.97742e-05 0.000116011 0.000551362 0.00212261 0.006619 0.0167195 0.0342131 0.0567226 0.0762091 0.0830154 0.0734271 0.0530013 0.0318192 0.0171003 0.0103563 0.00958561 0.0123565 0.0171164 0.0230298 0.029483 0.0358113 0.0412763 0.0451791 0.0470114 0.0465741 0.0440203 0.0398043 0.0345597 0.0289482 0.023528 0.018677 0.0145778 0.0112533 0.00862474 0.00657073
 1.03933e-16 1.80724e-05 0.000106027 0.000503913 0.00193994 0.00604939 0.0152806 0.0312684 0.0518397 0.0696459 0.0758589 0.0670805 0.048384 0.0289762 0.0154471 0.00917126 0.0083183 0.0106761 0.0148545 0.0201404 0.0260448 0.0320443 0.0375439 0.041958 0.044828 0.045917 0.0452494 0.0430794 0.0398073 0.0358738 0.0316691 0.0274806 0.0234852 0.0197714 0.0163757 0.0133132
 1.036e-16 2.63088e-05 0.000154395 0.000733888 0.00282545 0.00881086 0.0222556 0.0455389 0.075489 0.10139 0.110358 0.0974059 0.0698622 0.0410468 0.0204362 0.00988531 0.00657819 0.00717868 0.00963129 0.0129962 0.0168142 0.0207195 0.0243297 0.0272744 0.0292645 0.0301507 0.0299477 0.028812 0.0269884 0.0247415 0.0222999 0.019825 0.0174093 0.0150945 0.012897 0.0108289
 1.01199e-16 3.46851e-05 0.000203579 0.000967732 0.00372584 0.0116187 0.0293479 0.0600495 0.0995378 0.133674 0.145457 0.128287 0.0917964 0.0535007 0.0258292 0.0111456 0.00565045 0.00487379 0.00607517 0.00805029 0.0103079 0.0125559 0.0145307 0.0159914 0.0167623 0.0167715 0.0160654 0.0147909 0.0131545 0.0113711 0.00962069 0.00802313 0.0066348 0.00546158 0.00447937 0.00365361
 1.00921e-16 2.71955e-05 0.000159592 0.000758576 0.00292047 0.00910715 0.0230042 0.0470711 0.0780312 0.104811 0.1141 0.100752 0.0723563 0.0427003 0.0216053 0.0110168 0.00804681 0.00925234 0.0124833 0.0167012 0.0213194 0.0258139 0.0296344 0.0322689 0.033353 0.0327557 0.0306106 0.0272755 0.0232398 0.0190094 0.0150061 0.0115095 0.00864576 0.00641502 0.00473752 0.00350015
 1.00933e-16 3.33294e-05 0.000195617 0.000929876 0.00358007 0.0111641 0.0281997 0.0577004 0.095645 0.128449 0.13978 0.123299 0.0882695 0.0515303 0.0250374 0.0110775 0.00601519 0.00556681 0.00710106 0.00944842 0.0121076 0.0147528 0.0170763 0.0187929 0.0196919 0.0196834 0.0188166 0.0172598 0.0152544 0.0130553 0.0108809 0.00888242 0.00713859 0.00566872 0.00445453 0.00346135
 1.01379e-16 2.19688e-05 0.000128898 0.000612633 0.00235852 0.00735471 0.0185778 0.0380151 0.0630237 0.0846676 0.0922104 0.081515 0.0587412 0.0350686 0.0184888 0.0106452 0.00927696 0.0116541 0.0160449 0.0215464 0.0275408 0.0333891 0.0383918 0.0418917 0.0434166 0.042791 0.0401763 0.0360196 0.0309373 0.0255681 0.0204471 0.0159311 0.0121854 0.00921766 0.00693624 0.00520798
 1.02688e-16 2.34977e-05 0.000137884 0.00065538 0.00252315 0.00786812 0.0198745 0.0406673 0.0674165 0.0905564 0.0985906 0.0870762 0.0625772 0.0370158 0.018892 0.00990709 0.00759053 0.00899456 0.0122865 0.0165872 0.0213963 0.026251 0.0306481 0.0340992 0.0362282 0.0368502 0.0360038 0.0339234 0.0309666 0.0275223 0.0239318 0.0204425 0.0172001 0.0142683 0.0116602 0.00936747
 1.02549e-16 2.64978e-05 0.000155501 0.000739138 0.00284565 0.00887384 0.0224148 0.0458647 0.0760301 0.102119 0.11116 0.0981319 0.0704224 0.0414551 0.0207852 0.0102931 0.00715311 0.00800859 0.0107805 0.0144965 0.0186498 0.0228134 0.026539 0.0293996 0.0310744 0.0314186 0.0304896 0.0285193 0.0258447 0.0228228 0.019757 0.0168558 0.0142275 0.0119012 0.00986011 0.00807138
 1.04308e-16 8.47264e-06 4.96462e-05 0.000235825 0.000907652 0.00283017 0.00714943 0.0146333 0.0242737 0.0326516 0.0356704 0.0317945 0.023481 0.01516 0.0100806 0.00908349 0.0115075 0.0164552 0.0232878 0.0314947 0.0404506 0.0493196 0.0571257 0.0629307 0.06604 0.0661606 0.06346 0.0584992 0.0520757 0.0450259 0.0380566 0.0316473 0.0260354 0.0212637 0.0172573 0.0138965
 1.07267e-16 1.99847e-05 0.000117271 0.00055741 0.00214598 0.00669197 0.0169035 0.0345875 0.0573359 0.0770103 0.0838283 0.0740041 0.0531097 0.0312705 0.0156986 0.00782484 0.00554195 0.00635793 0.00876297 0.0121006 0.016078 0.020461 0.0249768 0.0293216 0.0332033 0.0363823 0.0386965 0.0400634 0.040465 0.0399283 0.0385103 0.0362939 0.0333933 0.0299572 0.0261685 0.0222314
pSPR Fmed_Fpbrs
0.370712   0.255738 0.255738
Fs Fmed_Fpbrs
0.64   1.005 1.005
SSBpbr Bo_Bmed_Bpbrs
933364  299341  192028 192028
Ro
27283.3
SPR SPRFo_SPRFmed_SPRFpbrs
563518 208903 144113
log_Ro
10.034
likeval ReclasPelacesDesembMPH_pf_preclas_ppelaces_ptallas_desvR_qrecl_qpela
 98.7939 258.813 0.0482063 211.908 405.088 210.085 57.9191 0 22.7088 0 0 0 0 0 0
q_reclas_q_pelaces
1 1
M
0.7
N
 39080.3 19700.5 7485.25 898.295 0.179283
 40590.5 16713.1 7255.7 2756.83 330.909
 18343.9 17047.7 5936.7 2577.32 1096.8
 16783.8 6153.59 3863.18 1345.32 832.594
 26825.5 7442.72 2436.78 1529.79 862.437
 17817.2 12953 3494.49 1144.11 1123.19
 44330.1 5504.44 2489.58 671.643 435.777
 48319.5 15811.4 1410.14 637.787 283.702
 122431 13195.8 2374.68 211.786 138.396
 139915 41432.9 3043.34 547.671 80.7624
 53241.3 57364.2 14025 1030.17 212.724
 47362.8 18136.8 13405.2 3277.43 290.446
 47215.9 16076 4207.76 3110.01 827.751
 37689.1 13303 2569.84 672.633 629.472
 22901.4 7375.21 1025.82 198.166 100.408
 9089.25 5930.65 996.004 138.535 40.3218
 5230.22 3309.93 1583.76 265.98 47.7631
 5864.67 1723.13 723.47 346.171 68.5765
 13052 1814.35 332.107 139.438 79.9365
 11912.9 4299.25 396.425 72.5635 47.932
 31284.7 4170.61 1061.11 97.8428 29.7399
 28611.5 13722.8 1615.94 411.137 49.433
 37152 12417.6 5205.23 612.947 174.7
 58743.9 15500.7 4352.96 1824.68 276.108
 13176.3 24519.2 5438.08 1527.13 737.013
 21934.4 5398.88 8289.63 1838.54 765.48
pred_Ctot
 3934.74 3723.44 1414.73 169.78 0.033885
 4546.14 3488.27 1514.37 575.391 69.0656
 4377.88 6967.6 2426.4 1053.38 448.277
 1300.11 908.215 570.171 198.557 122.883
 534.019 292.705 95.8328 60.1632 33.9177
 4975.03 6022.29 1624.7 531.934 522.21
 9154.6 1989.83 899.971 242.796 157.531
 16180.8 8475.58 755.895 341.881 152.076
 28667.4 5307.88 955.19 85.1886 55.6684
 17741 9696.57 712.236 128.172 18.9009
 12285.9 22792.6 5572.57 409.318 84.5219
 11017.8 7255.39 5362.55 1311.09 116.189
 15172.7 8349.71 2185.47 1615.31 429.925
 17305.6 8923.38 1723.8 451.19 422.238
 8178.04 4148.86 577.067 111.477 56.4838
 1774.51 2042.3 342.987 47.7063 13.8853
 1296.03 1395.82 667.881 112.165 20.1419
 1633.7 799.614 335.724 160.64 31.8228
 3235.46 765.362 140.095 58.8203 33.7203
 2578.62 1618.05 149.197 27.3098 18.0396
 2644.14 668.602 170.11 15.6855 4.76768
 2613.25 2367.01 278.73 70.9161 8.5266
 4312.99 2679.28 1123.1 132.252 37.6942
 6805.17 3337.96 937.375 392.931 59.4577
 1675.6 5753.58 1276.08 358.352 172.945
 3831.15 1686.39 2589.34 574.286 239.105
F
 0.149427 0.298855 0.298855 0.298855 0.298855
 0.167519 0.335037 0.335037 0.335037 0.335037
 0.392262 0.784524 0.784524 0.784524 0.784524
 0.113179 0.226359 0.226359 0.226359 0.226359
 0.0280252 0.0560503 0.0560503 0.0560503 0.0560503
 0.474607 0.949214 0.949214 0.949214 0.949214
 0.330933 0.661865 0.661865 0.661865 0.661865
 0.597935 1.19587 1.19587 1.19587 1.19587
 0.383471 0.766942 0.766942 0.766942 0.766942
 0.191617 0.383235 0.383235 0.383235 0.383235
 0.37689 0.75378 0.75378 0.75378 0.75378
 0.380507 0.761014 0.761014 0.761014 0.761014
 0.566743 1.13349 1.13349 1.13349 1.13349
 0.931246 1.86249 1.86249 1.86249 1.86249
 0.651064 1.30213 1.30213 1.30213 1.30213
 0.310166 0.620331 0.620331 0.620331 0.620331
 0.410312 0.820624 0.820624 0.820624 0.820624
 0.473219 0.946438 0.946438 0.946438 0.946438
 0.410499 0.820997 0.820997 0.820997 0.820997
 0.349562 0.699123 0.699123 0.699123 0.699123
 0.124073 0.248146 0.248146 0.248146 0.248146
 0.134696 0.269393 0.269393 0.269393 0.269393
 0.174129 0.348259 0.348259 0.348259 0.348259
 0.173731 0.347462 0.347462 0.347462 0.347462
 0.192226 0.384452 0.384452 0.384452 0.384452
 0.273232 0.546463 0.546463 0.546463 0.546463
Np
 18020 5413.96 1506.55 282.162 511.994
YTP_r0W_actual
 57708.9 66138.3 141132 36710.5 16613.5
YTP_p0W_proyectada
 43195.9 86342.8 23508.1 46096 14607.4
 43195.9 56400.7 22815.5 5457.07 10988.5
CTP_r0_actual
 6412.1 2603.87 3998.07 886.727 369.19
CTP_p0_proyectada
 5267.79 3997.35 748.664 1149.53 328.255
 5267.79 2611.14 726.608 136.086 246.934
Wmedp
 8.2 21.6 31.4 40.1 44.5
nmprior
 10.8 10.6 4.6 0
nm_flota  nm_reclas  nm_pelaces    nm_pelaL
inf 15.6359 9.46517 23.2584
cv_recla  cv_pelaces  cv_mph
0.879301 1.76232 0.594289
 ------------------------------------------------
Talla a la edad & desviaci?n 
 7.2 14.2025 17.0495 18.207 18.6776
 1.08 2.13037 2.55742 2.73105 2.80164
