years
 1997 1998 1999 2000 2001 2002 2003 2004 2005 2006 2007 2008 2009 2010 2011 2012 2013 2014 2015 2016 2017 2018 2019 2020 2021 2022
reclasobs
 0 0 0 370054 412103 1.49427e+06 250295 1.28982e+06 931140 785840 897777 1.04006e+06 184774 17550 25797 100020 73551 82996 120727 218422 84188 347160 605670 569463 516374 1.08416e+06
reclaspred
 793287 189564 413773 213701 301093 279844 522951 373311 567055 938795 954223 644442 357157 136517 116485 127927 92212 74216.9 78735.3 115259 224984 293005 506959 560136 695160 565377
pelacesobs
 0 0 0 0 0 0 0 0 0 2.06254e+06 1.5e+06 0 1.87456e+06 323000 250000 174000 83755 137374 0 501740 490994 745055 786931 1.00524e+06 1.33801e+06 1.41789e+06
pelacespred
 646360 113615 142548 113696 157557 75864.4 398075 218722 446290 592090 383465 298376 191312 68292.9 63008.9 50016.9 34989.9 33016.5 37640.6 49107.5 146901 125438 167897 239383 220755 229224
mphobs
 0 0 0 0 0 0 112323 0 153150 637223 0 255016 313432 73983 77613 109348 50772 17779 17303 59886 28197 0 207744 136588 643089 65757
mphpred
 414888 219020 213620 150575 144289 207445 224382 331813 306761 554347 714005 437947 273085 132464 75126.7 77773.8 52213.1 39917.1 43274.3 57781.1 96721.1 182452 227259 299373 365606 267423
desembarqueobs
 350755 77701 442110 56441 14545 235359 269955 359681 431902 328805 639364 411747 362871 311530 167758 66681 60226 58785 57116 73181 50977 67692 138656 160484 209506 203330
desembarquepred
 350757 77696 442053 56447.8 14545.8 235611 269964 359142 431420 328659 639609 411700 362710 311369 167647 66720.1 60327.3 58782.7 57027 73140.3 50967.9 67651.8 138681 160440 209666 203371
Reclutas
 33526.8 39232.8 14406.4 16269.8 28431.9 15322.4 53973.7 44085.4 104328 127772 50615.4 52589.9 47940.1 31039.7 18645.5 8655.61 4843 6044.71 10964.2 9858.95 26038.7 26518.9 33132.4 49816 11206.8 39884.3
log_desv_Rt
 0.267252 0.42442 -0.577421 -0.455783 0.102418 -0.515775 0.743404 0.541034 1.40245 1.60516 0.679162 0.717431 0.62486 0.190172 -0.319489 -1.08689 -1.66756 -1.44591 -0.850454 -0.956713 0.0144887 0.0327647 0.255417 0.663243 -0.828569 0.440888
SSB
 414888 219020 213620 150575 144289 207445 213986 324422 294416 540098 714005 437947 286184 142857 84149.6 86266.5 63523.9 46973.3 45886.1 66206.1 99985.6 182452 235398 292075 401972 312010
BT
 1.43163e+06 339358 488789 265172 294881 325684 915323 769808 1.19274e+06 1.36595e+06 1.24472e+06 904547 685700 398290 245895 144041 115039 106930 113520 142016 305196 286384 396509 563999 558208 592151
Ftot
 1.14244 1.10471 2.23117 0.652811 0.131246 1.73302 1.68839 2.58541 2.77921 1.07203 1.49887 1.48494 2.46799 4.95303 3.83764 1.22628 1.47887 1.93886 2.04428 1.62531 0.714937 0.573539 0.640207 0.73398 0.65693 0.856667
BD_Bspro_t
 0.89978 0.610118 0.491867 0.259315 0.359613 0.493862 0.369587 0.425285 0.369786 0.465802 0.493191 0.310219 0.230869 0.146301 0.103978 0.125498 0.129768 0.136849 0.169766 0.27551 0.391076 0.598309 0.616208 0.59683 0.608524 0.47725
BD_Bspro
 0.782696 0.413187 0.403 0.284063 0.272204 0.39135 0.403691 0.612029 0.555423 1.01891 1.34699 0.826198 0.539894 0.269502 0.15875 0.162744 0.119839 0.0886162 0.0865652 0.124899 0.188625 0.3442 0.444084 0.551007 0.758329 0.588614
BD_Bo
 0.833675 0.440099 0.429248 0.302565 0.289934 0.416839 0.429984 0.651892 0.5916 1.08527 1.43472 0.88001 0.575059 0.287056 0.16909 0.173344 0.127645 0.0943881 0.0922034 0.133034 0.200911 0.366618 0.473009 0.586896 0.807721 0.626952
BD_Brms
 2.2012 1.16202 1.13337 0.798879 0.765528 1.1006 1.13531 1.72123 1.56203 2.8655 3.78817 2.32354 1.51836 0.757928 0.446458 0.457689 0.337028 0.249218 0.24345 0.351258 0.530476 0.968002 1.24891 1.54961 2.13267 1.65537
S_f
 0.0854863 0.639778 0.971219 0.998443 0.999918
 0.0854863 0.639778 0.971219 0.998443 0.999918
 0.0854863 0.639778 0.971219 0.998443 0.999918
 0.0854863 0.639778 0.971219 0.998443 0.999918
 0.0854863 0.639778 0.971219 0.998443 0.999918
 0.0854863 0.639778 0.971219 0.998443 0.999918
 0.0854863 0.639778 0.971219 0.998443 0.999918
 0.0854863 0.639778 0.971219 0.998443 0.999918
 0.0854863 0.639778 0.971219 0.998443 0.999918
 0.0854863 0.639778 0.971219 0.998443 0.999918
 0.0854863 0.639778 0.971219 0.998443 0.999918
 0.0854863 0.639778 0.971219 0.998443 0.999918
 0.0854863 0.639778 0.971219 0.998443 0.999918
 0.0854863 0.639778 0.971219 0.998443 0.999918
 0.0854863 0.639778 0.971219 0.998443 0.999918
 0.0854863 0.639778 0.971219 0.998443 0.999918
 0.0854863 0.639778 0.971219 0.998443 0.999918
 0.0854863 0.639778 0.971219 0.998443 0.999918
 0.0854863 0.639778 0.971219 0.998443 0.999918
 0.0854863 0.639778 0.971219 0.998443 0.999918
 0.0854863 0.639778 0.971219 0.998443 0.999918
 0.0854863 0.639778 0.971219 0.998443 0.999918
 0.0854863 0.639778 0.971219 0.998443 0.999918
 0.0854863 0.639778 0.971219 0.998443 0.999918
 0.0854863 0.639778 0.971219 0.998443 0.999918
 0.0854863 0.639778 0.971219 0.998443 0.999918
Scru_reclas
 0.26834 0.648598 0.902808 0.979057 0.995767
 0.26834 0.648598 0.902808 0.979057 0.995767
 0.26834 0.648598 0.902808 0.979057 0.995767
 0.26834 0.648598 0.902808 0.979057 0.995767
 0.26834 0.648598 0.902808 0.979057 0.995767
 0.26834 0.648598 0.902808 0.979057 0.995767
 0.26834 0.648598 0.902808 0.979057 0.995767
 0.26834 0.648598 0.902808 0.979057 0.995767
 0.26834 0.648598 0.902808 0.979057 0.995767
 0.26834 0.648598 0.902808 0.979057 0.995767
 0.26834 0.648598 0.902808 0.979057 0.995767
 0.26834 0.648598 0.902808 0.979057 0.995767
 0.26834 0.648598 0.902808 0.979057 0.995767
 0.26834 0.648598 0.902808 0.979057 0.995767
 0.26834 0.648598 0.902808 0.979057 0.995767
 0.26834 0.648598 0.902808 0.979057 0.995767
 0.26834 0.648598 0.902808 0.979057 0.995767
 0.26834 0.648598 0.902808 0.979057 0.995767
 0.26834 0.648598 0.902808 0.979057 0.995767
 0.26834 0.648598 0.902808 0.979057 0.995767
 0.26834 0.648598 0.902808 0.979057 0.995767
 0.26834 0.648598 0.902808 0.979057 0.995767
 0.26834 0.648598 0.902808 0.979057 0.995767
 0.26834 0.648598 0.902808 0.979057 0.995767
 0.26834 0.648598 0.902808 0.979057 0.995767
 0.26834 0.648598 0.902808 0.979057 0.995767
Scru_pelaces
 1 1 1 1 1
 1 1 1 1 1
 1 1 1 1 1
 1 1 1 1 1
 1 1 1 1 1
 1 1 1 1 1
 1 1 1 1 1
 1 1 1 1 1
 1 1 1 1 1
 1 1 1 1 1
 1 1 1 1 1
 1 1 1 1 1
 1 1 1 1 1
 1 1 1 1 1
 1 1 1 1 1
 1 1 1 1 1
 1 1 1 1 1
 1 1 1 1 1
 1 1 1 1 1
 1 1 1 1 1
 1 1 1 1 1
 1 1 1 1 1
 1 1 1 1 1
 1 1 1 1 1
 1 1 1 1 1
 1 1 1 1 1
pf_obs 
 0.256992 0.487395 0.22802 0.0275931 0
 0.321318 0.546541 0.124235 0.00734118 0.000564706
 0.182869 0.594174 0.210203 0.0122559 0.00049798
 0.330522 0.361315 0.267642 0.0388342 0.00168674
 0.649043 0.306663 0.0425973 0.00169635 0
 0.582887 0.30429 0.105238 0.00758474 0
 0.465427 0.430635 0.0974691 0.00646863 0
 0.296916 0.608066 0.0921331 0.00288517 0
 0.311714 0.524322 0.152257 0.0117073 0
 0.15457 0.633149 0.183074 0.0267441 0.00246327
 0.131901 0.49318 0.331252 0.0422183 0.00144891
 0.196976 0.569456 0.194076 0.0375587 0.00193317
 0.518974 0.381816 0.0799577 0.0180837 0.00116848
 0.0928022 0.601141 0.25162 0.0475244 0.00691264
 0.122501 0.610282 0.24278 0.0234846 0.000952079
 0.383417 0.481906 0.127806 0.00687128 0
 0.0376549 0.599619 0.316969 0.0457579 0
 0.0361596 0.667082 0.258105 0.0386534 0
 0.158088 0.579412 0.248529 0.0139706 0
 0.0477256 0.309471 0.559284 0.082774 0.000745712
 0.0406174 0.521527 0.379366 0.0568643 0.0016247
 0.151134 0.462217 0.34131 0.0453401 0
 0.294876 0.26143 0.354403 0.0886775 0.000613685
 0.281977 0.475581 0.204845 0.0348837 0.00271318
 0.0841818 0.532909 0.334909 0.0458182 0.00218182
 0.115287 0.27431 0.454777 0.147771 0.00785563
pf_pred 
 0.276453 0.491876 0.20677 0.0248908 1.0778e-05
 0.260015 0.582593 0.126176 0.027999 0.00321783
 0.118842 0.684513 0.172252 0.0197333 0.00465961
 0.216108 0.504251 0.250778 0.0254979 0.00336469
 0.254879 0.496541 0.187169 0.0552811 0.00612943
 0.131401 0.614418 0.192044 0.047121 0.0150161
 0.511292 0.321707 0.140815 0.0200708 0.00611592
 0.287509 0.666149 0.0374862 0.00753499 0.00132069
 0.547945 0.393006 0.057617 0.0011757 0.000256544
 0.336858 0.631329 0.0302402 0.00153743 3.51485e-05
 0.116763 0.717374 0.161518 0.00413919 0.000205652
 0.205449 0.465289 0.296178 0.0322613 0.000821957
 0.263956 0.568831 0.124786 0.038368 0.00405956
 0.308112 0.603377 0.0799155 0.00653692 0.00205863
 0.327076 0.643519 0.0286601 0.000681834 6.37349e-05
 0.174002 0.761018 0.0642337 0.000729658 1.70101e-05
 0.132355 0.570437 0.284665 0.0124061 0.000137363
 0.272478 0.47159 0.204407 0.0494605 0.00206501
 0.430066 0.482959 0.0706254 0.0132232 0.00312675
 0.272046 0.660979 0.0623054 0.00383843 0.000831253
 0.431238 0.446895 0.116328 0.00517326 0.000366219
 0.220446 0.661027 0.102284 0.015531 0.000711591
 0.213094 0.519335 0.241668 0.0224626 0.00344079
 0.255569 0.503972 0.184425 0.0507899 0.00524386
 0.0520542 0.692355 0.200542 0.0426004 0.0124478
 0.267518 0.216634 0.424314 0.0724009 0.0191327
pobs_RECLAS
 0 0 0 0 0
 0 0 0 0 0
 0 0 0 0 0
 0 0 0 0 0
 0.835266 0.146461 0.0176864 0.000547809 3.91292e-05
 0.385257 0.428462 0.181853 0.0044286 0
 0.867414 0.0963971 0.0333333 0.00285562 0
 0.441836 0.489002 0.0689373 0.000224442 0
 0.779404 0.147425 0.0564933 0.0165055 0.000172143
 0.814271 0.122319 0.05973 0.00367925 0
 0.40263 0.566651 0.0304383 0.000280538 0
 0.475488 0.404961 0.113038 0.00651328 0
 0.955842 0.0263864 0.0167828 0.000988607 0
 0.975058 0.0227948 0.00214734 0 0
 0.738997 0.206755 0.0527124 0.00153531 0
 0.850938 0.134255 0.0134407 0.00136685 0
 0.542534 0.407297 0.0501686 0 0
 0.764087 0.199537 0.0359546 0.000420521 0
 0.470689 0.182191 0.310203 0.0369168 0
 0.84361 0.089868 0.0606195 0.00523954 0.000663233
 0.607945 0.314616 0.071237 0.00620181 0
 0.523733 0.453247 0.0230204 0 0
 0.530135 0.295979 0.169645 0.0042399 0
 0.562478 0.366248 0.0663022 0.0049721 0
 0.250443 0.683176 0.0655157 0.000865301 0
 0.195077 0.31981 0.436473 0.0351445 0.0134964
ppred_RECLAS
 0.565995 0.307057 0.112695 0.0142467 6.26348e-06
 0.540964 0.370523 0.0702324 0.0163705 0.00191025
 0.336513 0.539281 0.108205 0.0129081 0.00309324
 0.47626 0.349053 0.155776 0.0166757 0.00223454
 0.521637 0.326735 0.112604 0.0350748 0.00394949
 0.352273 0.479929 0.125259 0.0321416 0.0103971
 0.790691 0.145504 0.0533822 0.00795997 0.00246218
 0.604315 0.37546 0.0162356 0.00338673 0.000602308
 0.826778 0.15562 0.0171587 0.00036264 8.02814e-05
 0.625157 0.358941 0.0150786 0.0008054 1.86955e-05
 0.314029 0.57306 0.109814 0.0029483 0.000148708
 0.480445 0.32354 0.175471 0.0200263 0.000517983
 0.581248 0.340145 0.0580659 0.0185494 0.00199153
 0.708214 0.269427 0.0201624 0.00166528 0.00053133
 0.68245 0.308248 0.00906035 0.000220635 2.09107e-05
 0.412514 0.546918 0.0400787 0.00047786 1.13104e-05
 0.350541 0.449445 0.191185 0.0087305 9.81348e-05
 0.582244 0.288308 0.102466 0.0258853 0.00109693
 0.732557 0.233068 0.0276737 0.00540452 0.00129704
 0.563208 0.402325 0.0319534 0.00206042 0.000452958
 0.712372 0.231105 0.0538227 0.00251939 0.000181104
 0.476285 0.450441 0.0627683 0.0100379 0.00046703
 0.471194 0.360941 0.150809 0.0147591 0.00229574
 0.531072 0.327498 0.107125 0.0310499 0.00325528
 0.152043 0.635061 0.165035 0.0369099 0.0109518
 0.559135 0.140599 0.244589 0.043898 0.0117793
pobs_PELACES
 0 0 0 0 0
 0 0 0 0 0
 0 0 0 0 0
 0 0 0 0 0
 0 0 0 0 0
 0 0 0 0 0
 0 0 0 0 0
 0 0 0 0 0
 0 0 0 0 0
 0 0 0 0 0
 0.450072 0.473896 0.0757376 0.000293798 0
 0 0 0 0 0
 0.463077 0.371075 0.160297 0.00555027 0
 0.529543 0.364841 0.0842815 0.0213345 0
 0.631943 0.363953 0.00410389 0 0
 0.735681 0.248677 0.0153453 0.000297389 0
 0.695825 0.281241 0.0229344 0 0
 0.275771 0.60734 0.115278 0.00161068 0
 0 0 0 0 0
 0.896147 0.0623911 0.0374545 0.00400742 0
 0.803859 0.145111 0.0509908 3.86294e-05 0
 0.739449 0.233085 0.0266225 0.000797448 4.60066e-05
 0.878498 0.100942 0.0204185 0.000141795 0
 0.694673 0.275183 0.0284847 0.00165964 0
 0.469039 0.446079 0.0841089 0.000773354 0
 0.822795 0.102175 0.0682046 0.00682512 0
ppred_PELACES
 0.813409 0.14814 0.0344722 0.0039775 1.71838e-06
 0.789831 0.182866 0.0220679 0.00469638 0.000538527
 0.667888 0.294431 0.0332515 0.00358519 0.000843802
 0.736191 0.198102 0.0591384 0.00580355 0.000764379
 0.749391 0.189592 0.0462724 0.0132752 0.00146963
 0.669453 0.274826 0.0426332 0.00993192 0.00315619
 0.934301 0.0522325 0.0114457 0.00155009 0.00047104
 0.858542 0.137527 0.00322004 0.000605166 0.000105686
 0.952707 0.044624 0.00260826 4.95777e-05 1.07768e-05
 0.832814 0.162604 0.00436442 0.000212903 4.85658e-06
 0.608742 0.349385 0.0408265 0.000997234 4.9419e-05
 0.775097 0.164584 0.0545141 0.00566106 0.000143863
 0.852381 0.131398 0.0123025 0.00354455 0.000373721
 0.938272 0.0596828 0.00186662 0.000135976 4.25543e-05
 0.914135 0.084662 0.00117495 2.54898e-05 2.37082e-06
 0.685537 0.300476 0.0138335 0.000150425 3.49856e-06
 0.660342 0.267261 0.0694778 0.00288701 3.18837e-05
 0.847134 0.121728 0.0251419 0.00575564 0.000239585
 0.910671 0.0824739 0.00562568 0.000994663 0.000234472
 0.8125 0.178372 0.00852007 0.000499262 0.000107829
 0.879643 0.103592 0.0160288 0.00068743 4.85692e-05
 0.719159 0.253364 0.0238223 0.00349491 0.000159833
 0.730486 0.205921 0.0576317 0.0051711 0.000790606
 0.777831 0.173517 0.0376307 0.00999158 0.00102957
 0.348532 0.534092 0.0928009 0.0190258 0.00554877
 0.825647 0.0734372 0.0835714 0.013725 0.00361954
pobs_pel_tallas
 0 0 0 0 0 0 0 0 0 0 0 0 0 0 0 0 0 0 0 0 0 0 0 0 0 0 0 0 0 0 0 0 0 0 0 0
 0 0 0 0 0 0 0 0 0 0 0 0 0 0 0 0 0 0 0 0 0 0 0 0 0 0 0 0 0 0 0 0 0 0 0 0
 0 0 0 0 0 0 0 0 0 0 0 0 0 0 0 0 0 0 0 0 0 0 0 0 0 0 0 0 0 0 0 0 0 0 0 0
 0 0 0 0 0 0 0 0 0 0 0 0 0 0 0 0 0 0 0 0 0 0 0 0 0 0 0 0 0 0 0 0 0 0 0 0
 0 0 0 0 0 0 0 0 0 0 0 0 0 0 0 0 0 0 0 0 0 0 0 0 0 0 0 0 0 0 0 0 0 0 0 0
 0 0 0 0 0 0 0 0 0 0 0 0 0 0 0 0 0 0 0 0 0 0 0 0 0 0 0 0 0 0 0 0 0 0 0 0
 0 0 0 0 0 0 0 0 0 0 0 0 0 0 0 0 0 0 0 0 0 0 0 0 0 0 0 0 0 0 0 0 0 0 0 0
 0 0 0 0 0 0 0 0 0 0 0 0 0 0 0 0 0 0 0 0 0 0 0 0 0 0 0 0 0 0 0 0 0 0 0 0
 0 0 0 0 0 0 0 0 0 0 0 0 0 0 0 0 0 0 0 0 0 0 0 0 0 0 0 0 0 0 0 0 0 0 0 0
 0 0 0 0 0 0 0 0 0 0 0 0 0 0 0 0 0 0 0 0 0 0 0 0 0 0 0 0 0 0 0 0 0 0 0 0
 0 0 0 0 0 0 0 0 1.78061e-05 0.00172719 0.00360574 0.0105946 0.0120993 0.0124554 0.0147524 0.0171206 0.0266825 0.0428682 0.0675386 0.121331 0.153587 0.119568 0.100827 0.0573624 0.0630603 0.0341343 0.0324427 0.0444173 0.0211091 0.0280891 0.0125444 0.00206551 0 0 0 0
 0 0 0 0 0 0 0 0 0 0 0 0 0 0 0 0 0 0 0 0 0 0 0 0 0 0 0 0 0 0 0 0 0 0 0 0
 0 0 0 0 0 0 0.0133647 0.0140871 0.0187388 0.0205184 0.03894 0.0496705 0.03968 0.0493445 0.0407372 0.0367815 0.0215668 0.0243155 0.0234873 0.0199281 0.019796 0.0243948 0.0301388 0.0376714 0.0412746 0.0863199 0.0771752 0.113111 0.0741005 0.0525337 0.0229764 0.00759418 0.00175318 0 0 0
 0 0 0 0 0 0 0 0 0 0 0.00219441 0.00772107 0.0458388 0.0604681 0.0671733 0.0775358 0.0609151 0.0617685 0.073594 0.0568108 0.0755445 0.0548602 0.0670107 0.0636378 0.0643287 0.046367 0.0373049 0.0286899 0.0247887 0.0153202 0.00654259 0.00121912 0.000365735 0 0 0
 0 0 0 0 0 0 0 0 0 0 0 0 0.000112435 0.00938835 0.0111873 0.0202946 0.0414886 0.0713402 0.111592 0.104902 0.108894 0.110636 0.117776 0.105296 0.107544 0.0401394 0.0192827 0.0124803 0.00416011 0.0028671 0.000618394 0 0 0 0 0
 0 0 0 0 0 0 0 0 0 0 0.00291406 0.0102884 0.027416 0.0768956 0.0749926 0.110853 0.0956884 0.0897413 0.0766577 0.0534642 0.0500743 0.0551293 0.0594112 0.0620874 0.0668451 0.0424026 0.0208742 0.0120726 0.0048766 0.00582813 0.00118941 0.000297354 0 0 0 0
 0 0.00264628 0.0354308 0.0461629 0.0458689 0.0383711 0.0214643 0.0164657 0.0346957 0.0420465 0.0363128 0.0245516 0.0311673 0.0291091 0.0169068 0.0133784 0.00837989 0.0085269 0.0148486 0.0160247 0.0276389 0.0546898 0.0760071 0.122758 0.109233 0.0665981 0.0333725 0.0166128 0.00676272 0.00308733 0.000882094 0 0 0 0 0
 0 0 0 0 0 0 0 0.000805153 0.000690131 0.00759144 0.0133425 0.0154129 0.00931677 0.000345066 0.00356568 0.00563607 0.00851162 0.0253048 0.0502646 0.0516448 0.0657925 0.0565908 0.0611916 0.0827007 0.0866115 0.110766 0.145733 0.0935128 0.0569358 0.0249597 0.0138026 0.00621118 0.00161031 0.00115022 0 0
 0 0 0 0 0 0 0 0 0 0 0 0 0 0 0 0 0 0 0 0 0 0 0 0 0 0 0 0 0 0 0 0 0 0 0 0
 0.00147267 0.00158595 0.00478618 0.00569244 0.00954404 0.0108468 0.00647125 0.017049 0.0510054 0.094081 0.124002 0.0959785 0.0687766 0.0820023 0.061753 0.0591476 0.0492212 0.0479892 0.0443925 0.0268479 0.0217502 0.0140895 0.0121071 0.0120363 0.00920419 0.00665534 0.0049561 0.00860946 0.00930331 0.0156896 0.0114698 0.00855282 0.00243557 0.00046729 0 2.83206e-05
 0 0 0 0 0.000772559 0.00158375 0.000888443 0.00281984 0.00712685 0.0440552 0.0773331 0.111326 0.0921469 0.0852325 0.0710754 0.0886704 0.0786465 0.0553345 0.0373146 0.0185414 0.00753245 0.00457741 0.012979 0.0271748 0.0457355 0.0583668 0.034881 0.0177882 0.00938659 0.00492506 0.0015258 0.00185414 0.000309023 5.79419e-05 3.86279e-05 0
 0 0.00173294 0.00326652 0 0.00397197 0.00683976 0.00946217 0.0152591 0.00757587 0.0136028 0.0228656 0.0392903 0.0559909 0.0764795 0.0681675 0.0726916 0.0566044 0.0477403 0.0527397 0.0444891 0.0609904 0.0582453 0.0661739 0.0445044 0.0529084 0.0360697 0.0280645 0.0235558 0.0158879 0.00826598 0.00280645 0.00217768 0.000904811 0.00058276 9.20147e-05 0
 0 0 0 0 0 0 0 0 0 0 0 0 0 0 0 0 0 0 0 0 0 0 0 0 0 0 0 0 0 0 0 0 0 0 0 0
 0 0 0 0 0 0 0 0 0 0 0 0 0 0 0 0 0 0 0 0 0 0 0 0 0 0 0 0 0 0 0 0 0 0 0 0
 0 0 0 0 0 0 0 0 0 0 0 0 0 0 0 0 0 0 0 0 0 0 0 0 0 0 0 0 0 0 0 0 0 0 0 0
 0 0 0 0 0 0 0 0 0 0 0 0 0 0 0 0 0 0 0 0 0 0 0 0 0 0 0 0 0 0 0 0 0 0 0 0
ppred_pel_tallas
 1.00675e-16 3.54872e-05 0.000208288 0.000990124 0.00381206 0.0118876 0.030027 0.0614389 0.101841 0.136765 0.148818 0.131244 0.0938961 0.0546922 0.026344 0.0112643 0.00555968 0.00465247 0.00573786 0.00758778 0.00970957 0.0118193 0.013665 0.0150163 0.0157045 0.0156592 0.0149224 0.013633 0.0119886 0.0101973 0.00843697 0.00683005 0.00543946 0.00427903 0.00333155 0.00256621
 1.0056e-16 3.44604e-05 0.000202257 0.000961445 0.00370162 0.0115432 0.0291572 0.0596594 0.098892 0.132809 0.144522 0.127476 0.0912469 0.0532422 0.0258195 0.0113372 0.00602974 0.00546091 0.00690422 0.00914717 0.0116721 0.0141477 0.0162665 0.0177482 0.0183922 0.0181241 0.017012 0.0152456 0.0130861 0.0108045 0.00862811 0.00670866 0.00511675 0.00385614 0.00288832 0.00215695
 1.00731e-16 2.91477e-05 0.000171057 0.00081309 0.00313038 0.00976176 0.0246576 0.0504538 0.0836369 0.112334 0.122275 0.107933 0.0774318 0.0455317 0.0227353 0.0110991 0.00749916 0.00822598 0.010975 0.0146618 0.0187191 0.0226758 0.0260473 0.0283839 0.029364 0.0288697 0.0270142 0.0241069 0.0205734 0.0168549 0.0133213 0.0102197 0.00766475 0.00566158 0.00414555 0.00302198
 1.0114e-16 3.21222e-05 0.000188528 0.000896172 0.0034503 0.0107594 0.0271775 0.055609 0.092179 0.123796 0.134722 0.118851 0.0851129 0.0497443 0.024276 0.0109225 0.00619106 0.00596198 0.00770242 0.0102795 0.0131935 0.016104 0.0186811 0.0206162 0.0216789 0.0217668 0.0209254 0.0193284 0.0172278 0.0148923 0.0125531 0.0103727 0.00843907 0.00677851 0.00537896 0.00421131
 1.01244e-16 3.26974e-05 0.000191906 0.000912232 0.00351214 0.0109523 0.0276646 0.0566056 0.0938305 0.126013 0.137131 0.120969 0.0866134 0.0505883 0.0246261 0.0109749 0.00607297 0.00572165 0.00734103 0.00978146 0.0125443 0.0152993 0.0177312 0.019547 0.02053 0.0205872 0.0197673 0.0182408 0.0162518 0.0140579 0.0118777 0.00986168 0.00808648 0.00656954 0.005292 0.00422055
 1.01184e-16 2.92152e-05 0.000171454 0.000814986 0.00313769 0.00978454 0.0247151 0.0505713 0.0838312 0.112594 0.122553 0.108168 0.0775775 0.0455718 0.0226712 0.0109298 0.00720987 0.0077903 0.0103649 0.0138596 0.0177292 0.0215327 0.024819 0.0271676 0.0282739 0.0280195 0.0264979 0.0239827 0.0208551 0.0175118 0.0142864 0.0114029 0.00896784 0.00699163 0.00542461 0.00419239
 1.00255e-16 4.07547e-05 0.000239222 0.00113721 0.0043784 0.0136537 0.034488 0.0705657 0.116965 0.157066 0.170879 0.150631 0.107617 0.0623828 0.0294835 0.0116363 0.00431578 0.00222542 0.00213864 0.0026905 0.00342006 0.00415949 0.00480753 0.00528143 0.00552177 0.00550407 0.00524357 0.00478957 0.00421196 0.00358418 0.00296867 0.00240822 0.0019244 0.00152142 0.00119261 0.000926619
 1.00117e-16 3.74547e-05 0.000219841 0.00104505 0.00402353 0.012547 0.0316928 0.0648471 0.107489 0.144349 0.157064 0.138503 0.0990613 0.0576428 0.0276557 0.0116349 0.00545794 0.00428133 0.00513686 0.00672806 0.00854455 0.0103068 0.0117772 0.0127461 0.0130677 0.0126947 0.01169 0.0102101 0.00846507 0.00667072 0.00500577 0.00358706 0.00246466 0.00163335 0.00105244 0.00066615
 1.00054e-16 4.1557e-05 0.000243933 0.0011596 0.00446464 0.0139226 0.0351673 0.0719555 0.119269 0.160158 0.174241 0.153589 0.109718 0.0635761 0.0300007 0.0117581 0.00422836 0.00200649 0.00180006 0.00221856 0.00279766 0.00337633 0.00386455 0.00419211 0.00431091 0.00420463 0.00389256 0.00342412 0.0028663 0.00228814 0.00174716 0.00128133 0.000907482 0.000624958 0.000421843 0.000281355
 1.00123e-16 3.63338e-05 0.000213258 0.00101375 0.00390301 0.0121712 0.0307434 0.0629049 0.104271 0.140029 0.152371 0.134382 0.0961492 0.0560209 0.0270136 0.0115989 0.00579036 0.00489778 0.00604172 0.00795162 0.0101049 0.0121901 0.0139297 0.0150762 0.0154569 0.0150157 0.0138269 0.0120752 0.0100091 0.00788364 0.00591059 0.00422842 0.00289683 0.0019101 0.00122054 0.000762388
 1.0073e-16 2.65709e-05 0.000155924 0.000741134 0.00285331 0.00889772 0.0224752 0.0459888 0.0762377 0.102404 0.111485 0.098455 0.0707328 0.0417952 0.0212453 0.0109935 0.00822774 0.00959105 0.0129837 0.0173828 0.0221963 0.0268835 0.0308724 0.0336288 0.0347709 0.0341585 0.0319263 0.0284425 0.0242138 0.0197662 0.0155414 0.0118356 0.00878707 0.00640369 0.00460939 0.0032913
 1.01029e-16 3.38173e-05 0.000198483 0.000943505 0.00363256 0.0113278 0.0286131 0.0585461 0.0970463 0.130329 0.141821 0.125088 0.0895242 0.0522111 0.0252719 0.0110182 0.00575324 0.00512568 0.00646764 0.00860404 0.0110485 0.013502 0.0156876 0.0173476 0.0182884 0.0184215 0.0177804 0.0165041 0.0147972 0.0128788 0.0109386 0.00911133 0.00747161 0.00604497 0.00482607 0.00379583
 1.00357e-16 3.71858e-05 0.000218262 0.00103755 0.00399465 0.012457 0.0314653 0.0643816 0.106717 0.143312 0.155935 0.137506 0.0983432 0.0572157 0.0274338 0.0115132 0.00536028 0.0041671 0.00498934 0.00654497 0.0083349 0.0100908 0.0115861 0.0126192 0.0130472 0.0128188 0.0119856 0.0106871 0.00911389 0.00746302 0.00589907 0.00453115 0.00340872 0.00253221 0.00187099 0.00138148
 1.00053e-16 4.09281e-05 0.00024024 0.00114204 0.00439702 0.0137118 0.0346347 0.0708658 0.117463 0.157735 0.171608 0.151277 0.108086 0.0626691 0.0296457 0.0117466 0.00442849 0.00237236 0.00233536 0.0029408 0.00371636 0.00448155 0.00512244 0.0055463 0.00568954 0.0055313 0.00509866 0.00445907 0.0037035 0.0029253 0.00220198 0.00158431 0.00109423 0.000729785 0.000473702 0.00030212
 1.00046e-16 3.98766e-05 0.000234064 0.00111268 0.00428395 0.0133592 0.0337441 0.0690438 0.114444 0.153683 0.167206 0.147411 0.105356 0.0611519 0.0290512 0.0117259 0.0047607 0.00298064 0.00322568 0.00414248 0.00524552 0.00632215 0.00721864 0.00780484 0.00799121 0.00774915 0.00711827 0.00619571 0.00511192 0.00400054 0.00297226 0.00209932 0.00141246 0.000908014 0.000560219 0.000333816
 1.003e-16 2.99175e-05 0.000175575 0.000834572 0.00321309 0.0100197 0.0253091 0.0517868 0.0858465 0.115302 0.125504 0.110781 0.079469 0.0467181 0.0233056 0.0113393 0.00760873 0.00830154 0.0110471 0.0147272 0.0187559 0.0226478 0.0259068 0.0280766 0.0288366 0.0280795 0.025938 0.0227485 0.0189655 0.0150566 0.0114107 0.00828383 0.0057883 0.00391729 0.00258741 0.00168224
 1.01175e-16 2.88177e-05 0.000169121 0.000803894 0.00309498 0.00965137 0.0243787 0.0498831 0.0826902 0.111061 0.120884 0.106695 0.0765198 0.0449483 0.0223577 0.0107746 0.00710573 0.00768345 0.0102377 0.0137156 0.017587 0.0214245 0.024788 0.0272631 0.0285427 0.0284961 0.0271952 0.0248863 0.0219226 0.0186784 0.0154745 0.0125347 0.00997667 0.00783055 0.0060706 0.00464574
 1.00606e-16 3.69567e-05 0.000216918 0.00103116 0.00397005 0.0123803 0.0312715 0.063985 0.10606 0.142429 0.154972 0.136653 0.0977242 0.0568382 0.0272207 0.0113694 0.00521447 0.00397761 0.00473606 0.0062232 0.00795479 0.00967894 0.0111854 0.0122855 0.0128415 0.0127971 0.0121883 0.0111307 0.00978723 0.00832916 0.00690157 0.00560346 0.00448424 0.0035528 0.00279277 0.00217723
 1.00153e-16 3.97255e-05 0.000233177 0.00110846 0.00426772 0.0133085 0.0336162 0.0687821 0.11401 0.1531 0.166571 0.146852 0.104955 0.0609159 0.0289336 0.0116694 0.00472444 0.002944 0.00318117 0.00408989 0.00518952 0.00627175 0.00718682 0.00780731 0.00804432 0.00786704 0.0073101 0.00646349 0.00544958 0.00439451 0.00340339 0.00254558 0.00185197 0.00132163 0.000933363 0.000657351
 1.00202e-16 3.54487e-05 0.00020806 0.000989032 0.00380784 0.0118744 0.0299938 0.0613713 0.101729 0.136618 0.148664 0.131124 0.093843 0.0547275 0.0264842 0.0115332 0.0059943 0.00529811 0.00663607 0.00876088 0.011145 0.013458 0.0153978 0.0166922 0.0171507 0.0167094 0.0154467 0.0135616 0.0113233 0.00900886 0.00684856 0.00499401 0.00351175 0.00239783 0.00160308 0.00105887
 1.00288e-16 3.83734e-05 0.000225238 0.00107071 0.00412236 0.0128552 0.0324712 0.0664396 0.110128 0.147889 0.160908 0.141873 0.101427 0.0589313 0.028109 0.0115427 0.00499499 0.0034953 0.00400593 0.00521839 0.00664805 0.00806212 0.00927771 0.010134 0.010516 0.0103797 0.00976177 0.00876761 0.00754383 0.0062433 0.00499509 0.00388656 0.00295987 0.00221978 0.0016471 0.00121206
 1.00549e-16 3.13817e-05 0.000184176 0.000875469 0.00337057 0.0105108 0.0265495 0.0543245 0.0900514 0.120944 0.131631 0.116155 0.0832503 0.0487922 0.0240647 0.0112534 0.00696619 0.00718868 0.0094376 0.0125706 0.0160346 0.019408 0.0222711 0.024237 0.0250309 0.024554 0.0229076 0.0203623 0.0172884 0.0140689 0.0110243 0.00836746 0.00619565 0.0045104 0.00325221 0.00233539
 1.011e-16 3.18737e-05 0.000187069 0.000889232 0.00342358 0.0106761 0.026967 0.0551784 0.0914654 0.122839 0.133682 0.117939 0.0844709 0.0493918 0.0241462 0.0109355 0.00629758 0.00614712 0.00797041 0.0106388 0.0136472 0.0166445 0.0192883 0.0212585 0.0223168 0.0223594 0.0214372 0.0197343 0.0175168 0.0150672 0.0126282 0.0103695 0.00838129 0.00668885 0.0052762 0.0041092
 1.00983e-16 3.39368e-05 0.000199184 0.000946836 0.00364538 0.0113678 0.0287141 0.0587528 0.0973891 0.13079 0.142324 0.125535 0.0898525 0.0524185 0.0254017 0.0111241 0.00587702 0.00529376 0.00669379 0.00889095 0.0113865 0.0138672 0.0160422 0.0176436 0.0184748 0.0184538 0.01763 0.016165 0.0142879 0.0122397 0.0102245 0.00838164 0.00678092 0.00543567 0.00432431 0.00341105
 1.02405e-16 1.52321e-05 8.93377e-05 0.00042454 0.00163428 0.00509616 0.012873 0.0263435 0.043681 0.058704 0.0639912 0.0567055 0.0411604 0.0251692 0.01436 0.00997974 0.01057 0.0143176 0.0200343 0.0270057 0.0345968 0.0420519 0.0485127 0.0531628 0.0554069 0.055009 0.0521428 0.0473321 0.0413093 0.0348392 0.0285669 0.022928 0.0181333 0.0142096 0.0110689 0.00857514
 1.01852e-16 3.60179e-05 0.000211411 0.00100498 0.00386929 0.0120661 0.0304778 0.0623607 0.103366 0.138808 0.151024 0.13315 0.0951742 0.0552642 0.0262985 0.0106987 0.0044888 0.00301149 0.00343392 0.00455841 0.00597164 0.00750253 0.00902289 0.010409 0.0115519 0.0123739 0.0128378 0.0129449 0.0127254 0.0122245 0.0114916 0.0105742 0.00951851 0.0083708 0.00718006 0.00599683
pSPR Fmed_Fpbrs
0.53076   0.428737 0.428737
Fs Fmed_Fpbrs
0.64   1.005 1.005
SSBpbr Bo_Bmed_Bpbrs
497661  239256  188483 188483
Ro
25664.1
SPR SPRFo_SPRFmed_SPRFpbrs
530075 281343 227263
log_Ro
9.97285
likeval ReclasPelacesDesembMPH_pf_preclas_ppelaces_ptallas_desvR_qrecl_qpela
 83.1478 212.963 0.0648439 170.561 354.81 210.059 60.1862 0 23.6684 3.16741e-05 0 0 0 0 0
q_reclas_q_pelaces
2.22 1
M
0.7
N
 33526.8 10328 3290.82 389.633 0.168567
 39232.8 15099.8 2469.34 538.795 61.8665
 14406.4 17726.8 3698.46 419.388 98.9762
 16269.8 5911.73 2111.97 210.338 27.7255
 28431.9 7640.81 1933.41 556.325 61.5981
 15322.4 13961.3 3488.72 845.197 269.159
 53973.7 6561.17 2287.69 321.87 98.0124
 44085.4 23200.3 1106.25 220.413 38.6147
 104328 17551 2203.55 44.5997 9.72772
 127772 40852 1472.61 73.5974 1.68105
 50615.4 57893.6 10217.4 258.17 12.8174
 52589.9 22112 11019.5 1183.37 30.1274
 47940.1 23002 4246.47 1293.64 136.808
 31039.7 19278.2 2355.18 191.883 60.4157
 18645.5 10093.1 402.577 9.52473 0.890074
 8655.61 6669.45 430.248 4.80998 0.112037
 4843 3870.48 1511.33 64.9343 0.718425
 6044.71 2119.35 746.191 178.473 7.44679
 10964.2 2543.24 304.426 56.3694 13.3213
 9858.95 4571.68 341.485 20.759 4.49241
 26038.7 4260.72 802.553 34.9798 2.47361
 26518.9 12163.8 1339.15 199.027 9.10848
 33132.4 12538.8 4185.09 380.985 58.2943
 49816 15576.8 4133.97 1115.99 115.1
 11206.8 23233.4 4836.53 1006.4 293.748
 39884.3 5261.24 7578.4 1268.93 334.993
pred_Ctot
 2256.13 4014.2 1687.44 203.134 0.087959
 2556.49 5728.1 1240.57 275.289 31.638
 1818.98 10477 2636.46 302.035 71.3191
 637.138 1486.65 739.353 75.174 9.91991
 228.279 444.719 167.635 49.5116 5.48972
 1530.36 7155.85 2236.65 548.797 174.886
 5260.55 3309.97 1448.81 206.503 62.9252
 6367.48 14753.2 830.209 166.878 29.2494
 16084.8 11536.6 1691.34 34.5124 7.53078
 8089.42 15161 726.199 36.9203 0.844068
 4410.17 27095.4 6100.56 156.338 7.76752
 4541.98 10286.4 6547.76 713.219 18.1714
 6638 14305 3138.14 964.884 102.09
 7894.78 15460.4 2047.68 167.496 52.7484
 3821.67 7519.1 334.874 7.96678 0.744701
 623.27 2725.94 230.083 2.61361 0.0609297
 416.654 1795.73 896.123 39.0543 0.432417
 670.351 1160.21 502.882 121.683 5.08034
 1277.1 1434.17 209.725 39.2669 9.28501
 927.154 2252.67 212.342 13.0817 2.83298
 1114.14 1154.59 300.543 13.3656 0.946161
 915.104 2744.01 424.595 64.4715 2.95392
 1273.04 3102.54 1443.74 134.193 20.5555
 2186.75 4312.18 1578.01 434.578 44.8684
 441.569 5873.16 1701.17 361.373 105.593
 2034.09 1647.19 3226.3 550.505 145.477
F
 0.0976627 0.730906 1.10956 1.14066 1.14234
 0.0944371 0.706767 1.07291 1.10298 1.10461
 0.190735 1.42746 2.16696 2.2277 2.23099
 0.0558064 0.417655 0.634023 0.651795 0.652758
 0.0112198 0.0839687 0.127469 0.131042 0.131236
 0.148149 1.10875 1.68314 1.73032 1.73288
 0.144334 1.0802 1.6398 1.68576 1.68825
 0.221017 1.65409 2.511 2.58139 2.5852
 0.237584 1.77808 2.69922 2.77488 2.77898
 0.0916434 0.685859 1.04117 1.07036 1.07194
 0.128133 0.958943 1.45573 1.49653 1.49874
 0.126942 0.950034 1.4422 1.48263 1.48482
 0.210979 1.57897 2.39696 2.46415 2.46779
 0.423416 3.16884 4.81048 4.94532 4.95263
 0.328066 2.45524 3.72719 3.83167 3.83733
 0.10483 0.784548 1.19099 1.22437 1.22618
 0.126423 0.946152 1.43631 1.47657 1.47875
 0.165746 1.24044 1.88306 1.93584 1.9387
 0.174758 1.30789 1.98545 2.0411 2.04412
 0.138942 1.03984 1.57853 1.62278 1.62518
 0.0611173 0.457401 0.69436 0.713823 0.714878
 0.0490297 0.366938 0.557032 0.572645 0.573492
 0.054729 0.409591 0.621782 0.63921 0.640155
 0.0627452 0.469584 0.712855 0.732837 0.733919
 0.0561585 0.420289 0.638023 0.655907 0.656876
 0.0732333 0.548077 0.832011 0.855333 0.856597
Np
 16735.1 7626.24 4805.55 282.582 352.355
YTP_r0W_actual
 21358.3 47277.4 126641 25311.9 7270.12
YTP_p0W_proyectada
 8165.18 140662 22449.6 31642 6961.61
 8165.18 58276.8 71432.5 5459.79 7561.94
CTP_r0_actual
 2373.15 1861.31 3587.57 611.399 161.558
CTP_p0_proyectada
 995.753 6512.12 714.954 789.078 156.441
 995.753 2698 2274.92 136.154 169.931
Wmedp
 8.2 21.6 31.4 40.1 44.5
nmprior
 10.8 10.6 4.6 0
nm_flota  nm_reclas  nm_pelaces    nm_pelaL
inf 15.2016 13.8732 39.7234
cv_recla  cv_pelaces  cv_mph
0.806674 1.59861 0.533169
 ------------------------------------------------
Talla a la edad & desviaci?n 
 7.2 14.2025 17.0495 18.207 18.6776
 1.08 2.13037 2.55742 2.73105 2.80164
