years
 1997 1998 1999 2000 2001 2002 2003 2004 2005 2006 2007 2008 2009 2010 2011 2012 2013 2014 2015 2016 2017 2018 2019 2020
reclasobs
 0 0 0 370054 412103 1.49427e+06 250295 1.28982e+06 931140 785840 897777 1.04006e+06 184774 17550 25797 100020 73551 82996 120727 218422 84188 347160 605670 569463
reclaspred
 380733 100727 278848 184350 241242 251782 547592 412508 792650 784164 647418 450898 273855 141106 108720 89034.3 72447.1 92091.2 119143 171264 272717 325624 573495 573368
pelacesobs
 0 0 0 0 0 0 0 0 0 2.06254e+06 1.5e+06 0 1.87456e+06 323000 250000 174000 83755 137374 0 501740 490994 745055 786931 1.00524e+06
pelacespred
 899557 202695 350994 358751 408700 340078 888639 747435 1.3994e+06 1.37153e+06 1.03339e+06 752511 460077 203126 154304 134396 114312 138556 177273 251320 468746 499754 750085 928323
mphobs
 0 0 0 0 0 0 112323 0 153150 637223 0 255016 313432 73983 77613 109348 50772 17779 17303 59886 28197 0 207744 136588
mphpred
 135457 78992.6 91588.9 100257 99090.5 136389 182258 216215 239707 392476 390260 286522 178340 108554 59955.7 51982 41257.8 40604.3 24548.5 34336.4 52476 73253.6 118598 158043
desembarqueobs
 350755 77701 442110 56441 14545 235359 269955 359681 431902 328805 639364 411747 362871 311530 167758 66681 60226 58785 57116 73181 50977 67692 138656 160484
desembarquepred
 350762 77700.7 442103 56443.5 14545.4 235505 270002 359664 431783 328819 639567 411873 363313 311814 167745 66719.4 60299.6 58797.6 57096.6 73185.5 50975.8 67678.7 138660 160487
Reclutas
 43917.4 54540.2 29497.5 40443.4 57111.5 38460.7 75538.9 91216 227455 154278 69479.9 43256 39830.7 28975.3 20493.3 13097.5 8692.55 14987.2 27792.6 29141.8 54369.1 107768 93439.5 88099.2
log_desv_Rt
 -0.0415895 0.175037 -0.439596 -0.123999 0.221103 -0.174265 0.500746 0.689329 1.60305 1.21486 0.417137 -0.0567642 -0.139264 -0.457458 -0.803803 -1.25148 -1.66143 -1.1167 -0.499131 -0.451727 0.171894 0.856077 0.713413 0.654563
SSB
 584547 340883 395241 432646 427613 588573 764667 922194 1.01306e+06 1.66362e+06 1.68412e+06 1.23645e+06 788852 418820 236956 208312 173081 164448 204469 298745 435095 593029 983435 1.25861e+06
BT
 1.89844e+06 495068 871127 703069 743972 799194 1.78246e+06 1.73923e+06 2.89926e+06 2.76557e+06 2.4214e+06 1.72593e+06 1.1831e+06 665943 420018 297013 259366 296324 366140 507339 882101 956178 1.43474e+06 1.80316e+06
Ftot
 0.570725 0.499594 0.794108 0.165286 0.0347816 0.405647 0.286049 0.546157 0.453695 0.22805 0.422126 0.370354 0.569053 0.987619 0.798935 0.33408 0.385151 0.349302 0.286233 0.230888 0.113974 0.12275 0.111604 0.130943
BD_Bspro_t
 0.935763 0.710641 0.651382 0.493326 0.617585 0.74159 0.672254 0.687583 0.678031 0.732017 0.708015 0.570413 0.467179 0.361471 0.268373 0.288729 0.327718 0.400184 0.514798 0.657201 0.748536 0.83836 0.875413 0.865998
BD_Bspro
 0.620525 0.361864 0.419568 0.459275 0.453932 0.624799 0.811731 0.978955 1.07542 1.76601 1.78778 1.31256 0.837405 0.444597 0.25154 0.221133 0.183735 0.174569 0.217054 0.317132 0.461875 0.629529 1.04396 1.33608
BD_Bo
 0.369416 0.215428 0.249781 0.27342 0.270239 0.37196 0.483246 0.582799 0.640225 1.05136 1.06431 0.781401 0.498531 0.264681 0.149749 0.131647 0.109382 0.103926 0.129218 0.188798 0.274967 0.374776 0.621501 0.795405
BD_Brms
 1.19495 0.696846 0.807967 0.884432 0.874143 1.20318 1.56316 1.88518 2.07094 3.40083 3.44274 2.5276 1.6126 0.856167 0.484393 0.425839 0.35382 0.33617 0.417984 0.610705 0.889438 1.21229 2.01037 2.5729
S_f
 0.16841 0.878019 0.996107 0.99989 0.999997
 0.16841 0.878019 0.996107 0.99989 0.999997
 0.16841 0.878019 0.996107 0.99989 0.999997
 0.16841 0.878019 0.996107 0.99989 0.999997
 0.16841 0.878019 0.996107 0.99989 0.999997
 0.16841 0.878019 0.996107 0.99989 0.999997
 0.16841 0.878019 0.996107 0.99989 0.999997
 0.16841 0.878019 0.996107 0.99989 0.999997
 0.16841 0.878019 0.996107 0.99989 0.999997
 0.16841 0.878019 0.996107 0.99989 0.999997
 0.16841 0.878019 0.996107 0.99989 0.999997
 0.16841 0.878019 0.996107 0.99989 0.999997
 0.16841 0.878019 0.996107 0.99989 0.999997
 0.16841 0.878019 0.996107 0.99989 0.999997
 0.16841 0.878019 0.996107 0.99989 0.999997
 0.16841 0.878019 0.996107 0.99989 0.999997
 0.16841 0.878019 0.996107 0.99989 0.999997
 0.16841 0.878019 0.996107 0.99989 0.999997
 0.16841 0.878019 0.996107 0.99989 0.999997
 0.16841 0.878019 0.996107 0.99989 0.999997
 0.16841 0.878019 0.996107 0.99989 0.999997
 0.16841 0.878019 0.996107 0.99989 0.999997
 0.16841 0.878019 0.996107 0.99989 0.999997
 0.16841 0.878019 0.996107 0.99989 0.999997
Scru_reclas
 1 1 1 1 1
 1 1 1 1 1
 1 1 1 1 1
 1 1 1 1 1
 1 1 1 1 1
 1 1 1 1 1
 1 1 1 1 1
 1 1 1 1 1
 1 1 1 1 1
 1 1 1 1 1
 1 1 1 1 1
 1 1 1 1 1
 1 1 1 1 1
 1 1 1 1 1
 1 1 1 1 1
 1 1 1 1 1
 1 1 1 1 1
 1 1 1 1 1
 1 1 1 1 1
 1 1 1 1 1
 1 1 1 1 1
 1 1 1 1 1
 1 1 1 1 1
 1 1 1 1 1
Scru_pelaces
 1 1 1 1 1
 1 1 1 1 1
 1 1 1 1 1
 1 1 1 1 1
 1 1 1 1 1
 1 1 1 1 1
 1 1 1 1 1
 1 1 1 1 1
 1 1 1 1 1
 1 1 1 1 1
 1 1 1 1 1
 1 1 1 1 1
 1 1 1 1 1
 1 1 1 1 1
 1 1 1 1 1
 1 1 1 1 1
 1 1 1 1 1
 1 1 1 1 1
 1 1 1 1 1
 1 1 1 1 1
 1 1 1 1 1
 1 1 1 1 1
 1 1 1 1 1
 1 1 1 1 1
pf_obs 
 0.256992 0.487395 0.22802 0.0275931 0
 0.321318 0.546541 0.124235 0.00734118 0.000564706
 0.182869 0.594174 0.210203 0.0122559 0.00049798
 0.330522 0.361315 0.267642 0.0388342 0.00168674
 0.649043 0.306663 0.0425973 0.00169635 0
 0.582887 0.30429 0.105238 0.00758474 0
 0.465427 0.430635 0.0974691 0.00646863 0
 0.296916 0.608066 0.0921331 0.00288517 0
 0.311714 0.524322 0.152257 0.0117073 0
 0.15457 0.633149 0.183074 0.0267441 0.00246327
 0.131901 0.49318 0.331252 0.0422183 0.00144891
 0.196976 0.569456 0.194076 0.0375587 0.00193317
 0.518974 0.381816 0.0799577 0.0180837 0.00116848
 0.0928022 0.601141 0.25162 0.0475244 0.00691264
 0.122501 0.610282 0.24278 0.0234846 0.000952079
 0.383417 0.481906 0.127806 0.00687128 0
 0.0376549 0.599619 0.316969 0.0457579 0
 0.0361596 0.667082 0.258105 0.0386534 0
 0.158088 0.579412 0.248529 0.0139706 0
 0.0477256 0.309471 0.559284 0.082774 0.000745712
 0.0406174 0.521527 0.379366 0.0568643 0.0016247
 0.151134 0.462217 0.34131 0.0453401 0
 0.294876 0.26143 0.354403 0.0886775 0.000613685
 0.281977 0.475581 0.204845 0.0348837 0.00271318
pf_pred 
 0.338302 0.460542 0.179768 0.0213763 1.12922e-05
 0.318275 0.519123 0.118631 0.039317 0.00465431
 0.174536 0.609967 0.170095 0.0331678 0.0122343
 0.272615 0.42793 0.231308 0.0538521 0.0142941
 0.272415 0.480476 0.153322 0.0725113 0.021276
 0.161141 0.54496 0.202261 0.0569396 0.034698
 0.318153 0.35895 0.220704 0.0704313 0.031762
 0.294539 0.511555 0.10901 0.0581073 0.0267882
 0.465347 0.384581 0.11354 0.0205826 0.0159496
 0.202159 0.666554 0.0984173 0.0248971 0.00797264
 0.104919 0.511149 0.327782 0.0421362 0.0140134
 0.105801 0.366335 0.320982 0.176746 0.0301356
 0.156663 0.349532 0.220506 0.166484 0.106816
 0.184791 0.451095 0.165839 0.0887876 0.109488
 0.206905 0.508655 0.171285 0.051711 0.0614442
 0.167675 0.536437 0.2019 0.0567258 0.037263
 0.13942 0.457626 0.273009 0.0887952 0.0411509
 0.277728 0.351559 0.210987 0.108377 0.0513485
 0.363802 0.43884 0.103404 0.0535769 0.0403773
 0.256689 0.562665 0.130032 0.0265741 0.0240402
 0.33327 0.429381 0.185536 0.0373404 0.0144729
 0.367506 0.453308 0.120675 0.0457771 0.0127333
 0.208686 0.589601 0.14982 0.0349936 0.0168996
 0.180094 0.466024 0.272199 0.0607308 0.0209521
pobs_RECLAS
 0 0 0 0 0
 0 0 0 0 0
 0 0 0 0 0
 0 0 0 0 0
 0.835266 0.146461 0.0176864 0.000547809 3.91292e-05
 0.385257 0.428462 0.181853 0.0044286 0
 0.867414 0.0963971 0.0333333 0.00285562 0
 0.441836 0.489002 0.0689373 0.000224442 0
 0.779404 0.147425 0.0564933 0.0165055 0.000172143
 0.814271 0.122319 0.05973 0.00367925 0
 0.40263 0.566651 0.0304383 0.000280538 0
 0.475488 0.404961 0.113038 0.00651328 0
 0.955842 0.0263864 0.0167828 0.000988607 0
 0.975058 0.0227948 0.00214734 0 0
 0.738997 0.206755 0.0527124 0.00153531 0
 0.850938 0.134255 0.0134407 0.00136685 0
 0.542534 0.407297 0.0501686 0 0
 0.764087 0.199537 0.0359546 0.000420521 0
 0.470689 0.182191 0.310203 0.0369168 0
 0.84361 0.089868 0.0606195 0.00523954 0.000663233
 0.607945 0.314616 0.071237 0.00620181 0
 0.523733 0.453247 0.0230204 0 0
 0.530135 0.295979 0.169645 0.0042399 0
 0.562478 0.366248 0.0663022 0.0049721 0
ppred_RECLAS
 0.741203 0.18723 0.063985 0.00757802 4.00272e-06
 0.720641 0.219234 0.0439131 0.0144961 0.00171584
 0.545608 0.347458 0.0844786 0.0164047 0.00605035
 0.674449 0.201526 0.095885 0.022238 0.00590205
 0.670832 0.226612 0.0637242 0.0300232 0.00880835
 0.51681 0.328081 0.106878 0.0299699 0.0182611
 0.723663 0.154394 0.0834526 0.0265284 0.011962
 0.699369 0.225798 0.0421437 0.0223748 0.0103139
 0.828148 0.128062 0.0331623 0.00598797 0.0046396
 0.576758 0.360791 0.046861 0.011809 0.00378111
 0.39757 0.363185 0.204374 0.026169 0.00870215
 0.404131 0.263261 0.202563 0.111104 0.0189414
 0.519469 0.215085 0.1188 0.0893355 0.0573111
 0.573937 0.250753 0.0800361 0.0426666 0.0526077
 0.600342 0.268823 0.0789187 0.0237268 0.0281894
 0.527639 0.318303 0.105253 0.0294569 0.019348
 0.477712 0.294727 0.154373 0.0500127 0.0231752
 0.685414 0.163448 0.0861645 0.0440875 0.0208861
 0.758658 0.173053 0.035846 0.0185011 0.0139415
 0.652268 0.271219 0.055135 0.0112243 0.0101529
 0.732352 0.180065 0.0685209 0.0137378 0.0053241
 0.759249 0.178645 0.0418784 0.0158256 0.00440155
 0.587702 0.316909 0.0709193 0.0165015 0.0079683
 0.548534 0.270655 0.1392 0.0309385 0.0106726
pobs_PELACES
 0 0 0 0 0
 0 0 0 0 0
 0 0 0 0 0
 0 0 0 0 0
 0 0 0 0 0
 0 0 0 0 0
 0 0 0 0 0
 0 0 0 0 0
 0 0 0 0 0
 0 0 0 0 0
 0.450072 0.473896 0.0757376 0.000293798 0
 0 0 0 0 0
 0.463077 0.371075 0.160297 0.00555027 0
 0.529543 0.364841 0.0842815 0.0213345 0
 0.631943 0.363953 0.00410389 0 0
 0.735681 0.248677 0.0153453 0.000297389 0
 0.695825 0.281241 0.0229344 0 0
 0.275771 0.60734 0.115278 0.00161068 0
 0 0 0 0 0
 0.896147 0.0623911 0.0374545 0.00400742 0
 0.803859 0.145111 0.0509908 3.86294e-05 0
 0.739449 0.233085 0.0266225 0.000797448 4.60066e-05
 0.878498 0.100942 0.0204185 0.000141795 0
 0.694673 0.275183 0.0284847 0.00165964 0
ppred_PELACES
 0.767098 0.16953 0.0566619 0.00670593 3.54201e-06
 0.744374 0.201452 0.0395733 0.0130554 0.00154528
 0.592943 0.313526 0.0739059 0.0143374 0.00528774
 0.683423 0.196455 0.092872 0.0215348 0.00571538
 0.672722 0.225407 0.0632996 0.0298218 0.00874926
 0.541741 0.312743 0.100284 0.0281065 0.0171255
 0.737815 0.147214 0.0786899 0.0250055 0.0112752
 0.726616 0.206431 0.0377176 0.0200112 0.00922421
 0.843342 0.117267 0.0298347 0.00538407 0.00417162
 0.590057 0.349915 0.0450463 0.0113485 0.00363363
 0.423061 0.350097 0.193794 0.0248012 0.00824721
 0.427166 0.25515 0.193509 0.106089 0.0180862
 0.555662 0.201367 0.108784 0.0817455 0.0524409
 0.633006 0.219457 0.0674024 0.0358874 0.0442474
 0.646615 0.240139 0.0683368 0.0205249 0.0243846
 0.548143 0.305789 0.0998072 0.0279211 0.018339
 0.50189 0.282939 0.145991 0.0472744 0.021906
 0.704156 0.154729 0.0804654 0.0411535 0.0194959
 0.771281 0.164526 0.0337018 0.0173882 0.0131028
 0.664872 0.26191 0.0527656 0.0107389 0.00971374
 0.737834 0.176635 0.0669178 0.0134144 0.00519878
 0.764688 0.174827 0.0407877 0.0154111 0.00428624
 0.594264 0.312181 0.0695581 0.0161826 0.00781424
 0.556623 0.266353 0.13629 0.0302868 0.0104477
pobs_pel_tallas
 0 0 0 0 0 0 0 0 0 0 0 0 0 0 0 0 0 0 0 0 0 0 0 0 0 0 0 0 0 0 0 0 0 0 0 0
 0 0 0 0 0 0 0 0 0 0 0 0 0 0 0 0 0 0 0 0 0 0 0 0 0 0 0 0 0 0 0 0 0 0 0 0
 0 0 0 0 0 0 0 0 0 0 0 0 0 0 0 0 0 0 0 0 0 0 0 0 0 0 0 0 0 0 0 0 0 0 0 0
 0 0 0 0 0 0 0 0 0 0 0 0 0 0 0 0 0 0 0 0 0 0 0 0 0 0 0 0 0 0 0 0 0 0 0 0
 0 0 0 0 0 0 0 0 0 0 0 0 0 0 0 0 0 0 0 0 0 0 0 0 0 0 0 0 0 0 0 0 0 0 0 0
 0 0 0 0 0 0 0 0 0 0 0 0 0 0 0 0 0 0 0 0 0 0 0 0 0 0 0 0 0 0 0 0 0 0 0 0
 0 0 0 0 0 0 0 0 0 0 0 0 0 0 0 0 0 0 0 0 0 0 0 0 0 0 0 0 0 0 0 0 0 0 0 0
 0 0 0 0 0 0 0 0 0 0 0 0 0 0 0 0 0 0 0 0 0 0 0 0 0 0 0 0 0 0 0 0 0 0 0 0
 0 0 0 0 0 0 0 0 0 0 0 0 0 0 0 0 0 0 0 0 0 0 0 0 0 0 0 0 0 0 0 0 0 0 0 0
 0 0 0 0 0 0 0 0 0 0 0 0 0 0 0 0 0 0 0 0 0 0 0 0 0 0 0 0 0 0 0 0 0 0 0 0
 0 0 0 0 0 0 0 0 1.78061e-05 0.00172719 0.00360574 0.0105946 0.0120993 0.0124554 0.0147524 0.0171206 0.0266825 0.0428682 0.0675386 0.121331 0.153587 0.119568 0.100827 0.0573624 0.0630603 0.0341343 0.0324427 0.0444173 0.0211091 0.0280891 0.0125444 0.00206551 0 0 0 0
 0 0 0 0 0 0 0 0 0 0 0 0 0 0 0 0 0 0 0 0 0 0 0 0 0 0 0 0 0 0 0 0 0 0 0 0
 0 0 0 0 0 0 0.0133647 0.0140871 0.0187388 0.0205184 0.03894 0.0496705 0.03968 0.0493445 0.0407372 0.0367815 0.0215668 0.0243155 0.0234873 0.0199281 0.019796 0.0243948 0.0301388 0.0376714 0.0412746 0.0863199 0.0771752 0.113111 0.0741005 0.0525337 0.0229764 0.00759418 0.00175318 0 0 0
 0 0 0 0 0 0 0 0 0 0 0.00219441 0.00772107 0.0458388 0.0604681 0.0671733 0.0775358 0.0609151 0.0617685 0.073594 0.0568108 0.0755445 0.0548602 0.0670107 0.0636378 0.0643287 0.046367 0.0373049 0.0286899 0.0247887 0.0153202 0.00654259 0.00121912 0.000365735 0 0 0
 0 0 0 0 0 0 0 0 0 0 0 0 0.000112435 0.00938835 0.0111873 0.0202946 0.0414886 0.0713402 0.111592 0.104902 0.108894 0.110636 0.117776 0.105296 0.107544 0.0401394 0.0192827 0.0124803 0.00416011 0.0028671 0.000618394 0 0 0 0 0
 0 0 0 0 0 0 0 0 0 0 0.00291406 0.0102884 0.027416 0.0768956 0.0749926 0.110853 0.0956884 0.0897413 0.0766577 0.0534642 0.0500743 0.0551293 0.0594112 0.0620874 0.0668451 0.0424026 0.0208742 0.0120726 0.0048766 0.00582813 0.00118941 0.000297354 0 0 0 0
 0 0.00264628 0.0354308 0.0461629 0.0458689 0.0383711 0.0214643 0.0164657 0.0346957 0.0420465 0.0363128 0.0245516 0.0311673 0.0291091 0.0169068 0.0133784 0.00837989 0.0085269 0.0148486 0.0160247 0.0276389 0.0546898 0.0760071 0.122758 0.109233 0.0665981 0.0333725 0.0166128 0.00676272 0.00308733 0.000882094 0 0 0 0 0
 0 0 0 0 0 0 0 0.000805153 0.000690131 0.00759144 0.0133425 0.0154129 0.00931677 0.000345066 0.00356568 0.00563607 0.00851162 0.0253048 0.0502646 0.0516448 0.0657925 0.0565908 0.0611916 0.0827007 0.0866115 0.110766 0.145733 0.0935128 0.0569358 0.0249597 0.0138026 0.00621118 0.00161031 0.00115022 0 0
 0 0 0 0 0 0 0 0 0 0 0 0 0 0 0 0 0 0 0 0 0 0 0 0 0 0 0 0 0 0 0 0 0 0 0 0
 0.00147267 0.00158595 0.00478618 0.00569244 0.00954404 0.0108468 0.00647125 0.017049 0.0510054 0.094081 0.124002 0.0959785 0.0687766 0.0820023 0.061753 0.0591476 0.0492212 0.0479892 0.0443925 0.0268479 0.0217502 0.0140895 0.0121071 0.0120363 0.00920419 0.00665534 0.0049561 0.00860946 0.00930331 0.0156896 0.0114698 0.00855282 0.00243557 0.00046729 0 2.83206e-05
 0 0 0 0 0.000772559 0.00158375 0.000888443 0.00281984 0.00712685 0.0440552 0.0773331 0.111326 0.0921469 0.0852325 0.0710754 0.0886704 0.0786465 0.0553345 0.0373146 0.0185414 0.00753245 0.00457741 0.012979 0.0271748 0.0457355 0.0583668 0.034881 0.0177882 0.00938659 0.00492506 0.0015258 0.00185414 0.000309023 5.79419e-05 3.86279e-05 0
 0 0.00173294 0.00326652 0 0.00397197 0.00683976 0.00946217 0.0152591 0.00757587 0.0136028 0.0228656 0.0392903 0.0559909 0.0764795 0.0681675 0.0726916 0.0566044 0.0477403 0.0527397 0.0444891 0.0609904 0.0582453 0.0661739 0.0445044 0.0529084 0.0360697 0.0280645 0.0235558 0.0158879 0.00826598 0.00280645 0.00217768 0.000904811 0.00058276 9.20147e-05 0
 0 0 0 0 0 0 0 0 0 0 0 0 0 0 0 0 0 0 0 0 0 0 0 0 0 0 0 0 0 0 0 0 0 0 0 0
 0 0 0 0 0 0 0 0 0 0 0 0 0 0 0 0 0 0 0 0 0 0 0 0 0 0 0 0 0 0 0 0 0 0 0 0
ppred_pel_tallas
 1.01091e-16 3.34687e-05 0.000196436 0.000933773 0.00359508 0.0112109 0.0283179 0.0579422 0.0960454 0.128986 0.14036 0.123804 0.0886139 0.0516977 0.0250561 0.0109803 0.00581468 0.00525538 0.00666272 0.0088716 0.0113952 0.013929 0.0161885 0.0179083 0.0188887 0.0190384 0.0183908 0.0170885 0.0153411 0.0133733 0.0113799 0.00949905 0.00780755 0.00633195 0.00506737 0.00399498
 1.01149e-16 3.24791e-05 0.000190623 0.000906131 0.00348865 0.010879 0.0274795 0.056227 0.0932034 0.125172 0.136219 0.120171 0.0860572 0.0502938 0.0245393 0.0110315 0.00623732 0.00598856 0.00772094 0.010285 0.0131717 0.0160336 0.0185363 0.02037 0.0213082 0.021258 0.0202791 0.018562 0.0163751 0.0139993 0.0116719 0.00955367 0.00772335 0.00619349 0.0049358 0.00390581
 1.01892e-16 2.58806e-05 0.000151874 0.000721889 0.00277923 0.00866668 0.0218915 0.0447944 0.0742572 0.0997416 0.108582 0.0958789 0.068856 0.0406344 0.0205609 0.0104895 0.0076761 0.00885218 0.0119834 0.0160971 0.0206537 0.0251733 0.029146 0.0320893 0.0336462 0.0336657 0.0322327 0.0296347 0.0262814 0.0226043 0.0189702 0.0156305 0.0127127 0.0102437 0.00818858 0.00648672
 1.0239e-16 2.98212e-05 0.00017502 0.000831951 0.00320303 0.00998833 0.0252298 0.0516238 0.0855736 0.114927 0.125074 0.11035 0.0790482 0.0462466 0.0226578 0.0103482 0.00608772 0.00606516 0.00794077 0.0106704 0.0137914 0.0169808 0.0199175 0.0222929 0.0238654 0.0245096 0.0242365 0.0231767 0.0215362 0.0195415 0.0173918 0.0152329 0.0131533 0.011197 0.00938305 0.00772178
 1.02406e-16 2.93557e-05 0.000172284 0.00081894 0.00315293 0.00983208 0.0248351 0.0508166 0.0842363 0.113134 0.123129 0.108651 0.0778667 0.0456273 0.0224877 0.0104935 0.00647566 0.00668746 0.00882079 0.0118288 0.0152218 0.0186358 0.0217046 0.0240818 0.0255071 0.0258618 0.0251904 0.0236772 0.0215912 0.019216 0.016792 0.0144828 0.012372 0.0104809 0.00879591 0.00729292
 1.03292e-16 2.36479e-05 0.000138766 0.000659574 0.0025393 0.00791848 0.0200017 0.0409276 0.0678479 0.0911356 0.0992204 0.0876308 0.0629719 0.0372416 0.0189924 0.00993454 0.00757886 0.00895549 0.0122168 0.0164752 0.021226 0.0260053 0.0303114 0.0336624 0.035693 0.0362329 0.035338 0.0332585 0.0303631 0.0270442 0.0236365 0.0203716 0.0173722 0.0146756 0.0122702 0.0101286
 1.02552e-16 3.21909e-05 0.000188937 0.000898123 0.00345783 0.0107829 0.0272368 0.0557299 0.092378 0.12406 0.134997 0.119067 0.0852101 0.0496853 0.0240324 0.0104521 0.00542776 0.00482339 0.00611016 0.00818593 0.0106093 0.0131195 0.015475 0.0174444 0.0188439 0.0195717 0.019624 0.0190825 0.0180831 0.0167771 0.0152974 0.0137418 0.0121713 0.0106208 0.00911309 0.00766965
 1.01722e-16 3.17049e-05 0.000186078 0.000884521 0.00340544 0.0106195 0.0268241 0.0548861 0.0909809 0.122188 0.132974 0.117314 0.0840245 0.0491321 0.0240215 0.0108823 0.00627063 0.00612206 0.00793526 0.0105864 0.013572 0.0165426 0.019159 0.0211063 0.0221538 0.0222065 0.0213237 0.0196959 0.0175912 0.0152886 0.013021 0.0109428 0.00912635 0.00757863 0.00626872 0.00515316
 1.00842e-16 3.67911e-05 0.000215947 0.00102654 0.00395227 0.0123248 0.0311315 0.0636985 0.105585 0.14179 0.154277 0.136038 0.0972808 0.0565726 0.0270794 0.0112865 0.00514158 0.00388801 0.00461768 0.00607319 0.00777798 0.00948824 0.0110019 0.0121368 0.0127585 0.012809 0.0123179 0.0113897 0.0101746 0.0088308 0.00749277 0.00625278 0.00515787 0.00421868 0.00342365 0.00275257
 1.01314e-16 2.57561e-05 0.00015114 0.000718394 0.00276576 0.00862467 0.0217855 0.0445777 0.0738988 0.0992633 0.108069 0.0954454 0.0685863 0.0405586 0.0206756 0.0107953 0.00819859 0.00963735 0.0130795 0.0175322 0.0224155 0.0271934 0.031296 0.0341899 0.0354909 0.0350541 0.0330062 0.0297051 0.025645 0.0213388 0.0172162 0.0135639 0.0105154 0.00807829 0.00618137 0.004721
 1.04103e-16 1.84747e-05 0.000108391 0.000515156 0.00198324 0.00618441 0.0156216 0.031966 0.0529954 0.071196 0.0775403 0.0685506 0.0494083 0.0295174 0.0156044 0.00906247 0.00800857 0.0101744 0.0141412 0.0191961 0.0248702 0.0306723 0.0360433 0.0404291 0.043389 0.044685 0.0443195 0.0425086 0.0396063 0.0360089 0.0320726 0.0280662 0.0241641 0.0204655 0.0170256 0.0138814
 1.07321e-16 1.86497e-05 0.000109427 0.000520104 0.00200232 0.00624396 0.0157719 0.0322728 0.0535012 0.0718672 0.0782494 0.0691254 0.0497094 0.0294711 0.015169 0.00817203 0.00654534 0.00798157 0.0110633 0.0151315 0.0198251 0.0248037 0.0296782 0.0340477 0.037571 0.0400258 0.0413367 0.0415594 0.0408359 0.0393391 0.0372285 0.0346309 0.0316451 0.0283605 0.0248764 0.0213104
 1.0687e-16 2.42503e-05 0.000142314 0.000676461 0.00260436 0.00812139 0.0205141 0.0419752 0.0695812 0.0934536 0.101717 0.0897724 0.0643723 0.0377919 0.0187629 0.00899276 0.00588663 0.00637604 0.00858207 0.0116657 0.0152421 0.019021 0.0226971 0.0259664 0.0285791 0.0303846 0.0313502 0.0315441 0.0310948 0.0301425 0.0288017 0.027146 0.0252158 0.0230383 0.0206506 0.0181129
 1.04329e-16 2.76236e-05 0.000162116 0.0007706 0.00296681 0.00925168 0.0233691 0.0478169 0.0792642 0.106457 0.115865 0.102247 0.0732905 0.0429728 0.0212305 0.00999463 0.0062906 0.00660106 0.00876191 0.0117944 0.0152414 0.018761 0.0220061 0.0246451 0.026425 0.0272233 0.027068 0.0261146 0.0245935 0.0227452 0.0207671 0.0187866 0.0168614 0.0150009 0.0131939 0.0114326
 1.02893e-16 2.82179e-05 0.000165603 0.000787174 0.00303062 0.00945065 0.0238717 0.0488454 0.0809695 0.108748 0.118363 0.104458 0.0748925 0.0439457 0.021773 0.0103519 0.00664745 0.00706712 0.0093945 0.0126158 0.0162413 0.0198914 0.0231784 0.0257346 0.0272836 0.0276996 0.02703 0.0254706 0.0233061 0.0208362 0.0183133 0.0159076 0.0137037 0.0117205 0.00994049 0.00833635
 1.03333e-16 2.39268e-05 0.000140404 0.000667362 0.00256929 0.008012 0.0202379 0.0414109 0.0686487 0.0922103 0.100388 0.0886559 0.0636953 0.0376427 0.0191478 0.00993614 0.00748454 0.00878478 0.0119672 0.0161383 0.0207971 0.0254889 0.0297233 0.0330289 0.0350481 0.0356133 0.0347769 0.0327813 0.0299842 0.0267665 0.0234531 0.0202688 0.0173331 0.0146828 0.0123082 0.0101842
 1.04813e-16 2.19091e-05 0.000128561 0.00061106 0.00235252 0.00733601 0.0185304 0.037917 0.0628571 0.084432 0.0919224 0.0811862 0.0583429 0.0345088 0.0176098 0.00923412 0.00708288 0.00841594 0.0115377 0.0156472 0.0203008 0.0250927 0.0295757 0.0333087 0.0359403 0.0372787 0.0373206 0.0362281 0.0342678 0.0317339 0.0288849 0.0259089 0.0229218 0.0199874 0.0171448 0.0144303
 1.03518e-16 3.07235e-05 0.000180321 0.000857163 0.00330012 0.0102911 0.0259945 0.0531882 0.0881653 0.118404 0.128846 0.113651 0.0813548 0.0474784 0.0230424 0.0101551 0.00546926 0.0050454 0.00647494 0.00870578 0.0113098 0.014025 0.0166032 0.0188047 0.0204373 0.0213925 0.0216604 0.0213174 0.0204931 0.01933 0.0179512 0.0164436 0.0148596 0.0132293 0.0115768 0.00993117
 1.01742e-16 3.36508e-05 0.000197506 0.00093886 0.00361467 0.011272 0.0284722 0.0582578 0.0965684 0.129687 0.141122 0.124472 0.0890827 0.0519526 0.0251447 0.0109587 0.00571529 0.00508368 0.00640808 0.00851831 0.0109302 0.0133473 0.0154972 0.0171287 0.0180571 0.0182037 0.0176111 0.0164246 0.0148504 0.0131029 0.0113603 0.0097405 0.00829791 0.00703801 0.00593882 0.00497082
 1.01658e-16 2.90149e-05 0.00017028 0.000809404 0.0031162 0.00971754 0.0245459 0.050225 0.0832567 0.111821 0.12171 0.107419 0.0770287 0.0452266 0.0224577 0.0107584 0.00701019 0.00751694 0.00999183 0.0133769 0.0171449 0.0208766 0.0241436 0.0265442 0.0277842 0.0277427 0.026497 0.0242937 0.0214807 0.0184215 0.0154229 0.0126921 0.0103297 0.00835058 0.00671712 0.00537121
 1.01712e-16 3.2193e-05 0.000188946 0.000898161 0.00345796 0.0107833 0.0272379 0.0557323 0.0923828 0.124068 0.135013 0.119096 0.0852639 0.0497828 0.0242025 0.0107343 0.00587061 0.00547933 0.00702579 0.00938849 0.0120917 0.0148282 0.0173054 0.0192473 0.0204432 0.0207914 0.0203172 0.019156 0.0175118 0.0156044 0.0136242 0.0117066 0.00992826 0.00831896 0.00688085 0.00560545
 1.01366e-16 3.33638e-05 0.00019582 0.000930842 0.0035838 0.0111757 0.028229 0.0577603 0.0957441 0.128581 0.139922 0.123419 0.0883445 0.0515519 0.0250066 0.0109939 0.00587103 0.00534787 0.0067913 0.00903585 0.0115899 0.0141422 0.0164018 0.0180995 0.0190362 0.0191266 0.0184153 0.017058 0.0152776 0.013308 0.0113468 0.00952838 0.0079197 0.00653398 0.00535254 0.00434507
 1.02011e-16 2.59381e-05 0.000152212 0.000723496 0.00278542 0.00868599 0.0219403 0.0448942 0.0744224 0.0999634 0.108823 0.0960903 0.0690049 0.0407164 0.0205916 0.0104873 0.00765228 0.00880972 0.0119204 0.01601 0.0205399 0.0250317 0.0289787 0.0319016 0.0334467 0.0334656 0.0320446 0.0294714 0.0261547 0.0225235 0.0189409 0.0156542 0.0127867 0.0103613 0.00833983 0.00665984
 1.03551e-16 2.42951e-05 0.00014257 0.000677665 0.00260897 0.00813575 0.0205504 0.04205 0.0697071 0.0936283 0.101922 0.0899883 0.0646036 0.0380813 0.019191 0.0096689 0.00693909 0.00794047 0.0107822 0.0145843 0.0188867 0.0232927 0.0273752 0.0307155 0.0329829 0.0340004 0.0337737 0.0324687 0.0303537 0.0277256 0.0248474 0.0219134 0.0190449 0.0163071 0.0137345 0.0113512
pSPR Fmed_Fpbrs
0.466507   0.359147 0.359147
Fs Fmed_Fpbrs
0.64   1.005 1.005
SSBpbr Bo_Bmed_Bpbrs
1.58235e+06  659061  489180 489180
Ro
45782.5
SPR SPRFo_SPRFmed_SPRFpbrs
942020 439459 338324
log_Ro
10.5517
likeval ReclasPelacesDesembMPH_pf_preclas_ppelaces_ptallas_desvR_qrecl_qpela
 81.8288 19.6574 0.0252159 81.0274 318.935 189.919 49.185 0 19.2645 5.70806e-05 0 0 0 0 0
q_reclas_q_pelaces
0.342803 1
M
0.7
N
 43917.4 13583.7 4801.27 569.249 0.300687
 54540.2 19810.2 4086.81 1350.37 159.842
 29497.5 24898.4 6344.21 1233.82 455.074
 40443.4 12814.4 6156.82 1428.36 379.095
 57111.5 19532.2 5503.84 2593.26 760.825
 38460.7 28195.1 9407.69 2640.05 1608.66
 75538.9 17837.8 9805.87 3118.84 1406.35
 91216 35747.3 6890.64 3662.13 1688.15
 227455 41316.1 10989.5 1986.02 1538.85
 154278 104642 13775.6 3472.96 1112.02
 69479.9 73725.8 42534.5 5450.66 1812.59
 43256 32135.1 25272.5 13871.4 2364.9
 39830.7 20181.5 11527.9 8678.14 5567.43
 28975.3 17971.8 6080.74 3247.65 4004.55
 20493.3 12183.9 3749.62 1129.02 1341.43
 13097.5 8895.54 3000.08 840.154 551.843
 8692.55 6148.22 3294.39 1068.08 494.94
 14987.2 4045.49 2177.1 1114.68 528.082
 27792.6 7017.26 1478.32 763.418 575.282
 29141.8 13151.9 2710.29 551.999 499.316
 54369.1 13919.5 5332.61 1069.37 414.438
 107768 26485.6 6253.98 2363.9 657.47
 93439.5 52420.9 11808.6 2748.2 1327.06
 88099.2 45536.7 23601.6 5246.99 1810.02
pred_Ctot
 2910.49 3962.15 1546.58 183.905 0.0971499
 3180.53 5187.61 1185.48 392.896 46.5107
 2676.06 9352.27 2607.96 508.542 187.581
 799.739 1255.37 678.56 157.979 41.9328
 239.963 423.239 135.057 63.8733 18.7415
 1833.69 6201.31 2301.6 647.937 394.842
 2562.11 2890.65 1777.34 567.189 255.781
 5795.25 10065.2 2144.85 1143.3 527.076
 12086.1 9988.44 2948.9 534.578 414.248
 4189.71 13814.2 2039.68 515.988 165.232
 3442.99 16773.7 10756.3 1382.72 459.858
 1887.78 6536.42 5727.2 3153.63 537.701
 2632.24 5872.84 3704.94 2797.26 1794.72
 3223.76 7869.53 2893.12 1548.94 1910.06
 1869.83 4596.78 1547.93 467.319 555.279
 516.997 1654.01 622.523 174.904 114.894
 394.088 1293.54 771.695 250.991 116.318
 617.852 782.1 469.376 241.103 114.233
 943.257 1137.81 268.102 138.913 104.689
 801.078 1755.97 405.805 82.9328 75.0249
 744.177 958.79 414.294 83.3796 32.3174
 1587.61 1958.27 521.311 197.755 55.0072
 1252.57 3538.9 899.249 210.038 101.435
 1383.64 3580.4 2091.27 466.588 160.972
F
 0.0961158 0.501107 0.568503 0.570662 0.570723
 0.0841367 0.438653 0.497649 0.499539 0.499592
 0.133736 0.697242 0.791016 0.79402 0.794105
 0.0278358 0.145124 0.164642 0.165268 0.165285
 0.00585757 0.0305389 0.0346462 0.0347778 0.0347815
 0.0683151 0.356166 0.404068 0.405603 0.405646
 0.0481736 0.251157 0.284936 0.286018 0.286049
 0.0919784 0.479537 0.544031 0.546097 0.546156
 0.0764068 0.398353 0.451928 0.453645 0.453693
 0.038406 0.200233 0.227163 0.228025 0.22805
 0.0710902 0.370635 0.420482 0.422079 0.422124
 0.0623713 0.325178 0.368912 0.370313 0.370353
 0.0958343 0.49964 0.566837 0.568991 0.569051
 0.166325 0.867148 0.983773 0.98751 0.987616
 0.134549 0.701481 0.795825 0.798848 0.798933
 0.0562624 0.293328 0.332779 0.334043 0.334079
 0.0648633 0.33817 0.383651 0.385109 0.38515
 0.058826 0.306694 0.347942 0.349264 0.349301
 0.0482045 0.251318 0.285118 0.286201 0.286232
 0.0388839 0.202724 0.229989 0.230863 0.230888
 0.0191944 0.100072 0.113531 0.113962 0.113974
 0.0206724 0.107777 0.122272 0.122737 0.12275
 0.0187952 0.0979902 0.111169 0.111591 0.111603
 0.0220521 0.11497 0.130433 0.130928 0.130942
Np
 33548.5 14065.7 8793.41 3678.34 2210.04
YTP_r0W_actual
 79694.5 383329 312259 91095.8 38410.7
YTP_p0W_proyectada
 31106.7 409543 304506 198939 70430.8
 31106.7 134608 132840 71134.8 47432.3
CTP_r0_actual
 9961.82 20175.2 11354.9 2530.44 872.97
CTP_p0_proyectada
 3793.5 18960.3 9697.64 4961.06 1582.72
 3793.5 6231.87 4230.56 1773.93 1065.89
Wmedp
 8.2 21.6 31.4 40.1 44.5
nmprior
 10.8 10.6 4.6 0
nm_flota  nm_reclas  nm_pelaces    nm_pelaL
inf 10.7979 13.8782 23.4855
cv_recla  cv_pelaces  cv_mph
0.83749 0.521708 0.381902
 ------------------------------------------------
Talla a la edad & desviaci?n 
 7.2 14.2025 17.0495 18.207 18.6776
 1.08 2.13037 2.55742 2.73105 2.80164
