    unsorted:	 1.530700433e-06 0.007487943058 9.042695773 8.901574025 15.12670672 38.32313744 60.79326966 71.39833477 87.35235835 91.92432766 101.8072780 195.9222921 198.5326970 162.7939861 311.0097097 473.1305567 579.6268795 633.0109583 672.0182061 793.4636888 823.4434573 1036.615734 989.5685089 1242.780270 1290.771525 1462.765089 1680.163425 1767.612539 2034.941428 2236.459842 2435.345887 2549.590921 2701.542120 3334.157546 3652.436269 3796.290684 4563.582430 4603.209881 4786.236848 5757.179925 204349.1611 127599.3252 267140.5360 321677.6907 357775.2752 372183.1002 393303.2838 450913.6934 455972.8063 544480.8225 562224.4149 711853.8802 747777.1415 814815.0525 927416.8548 1131909.233 1210346.723 1432038.682 1533219.741 1663795.987 1885142.379 2103450.416 2627377.748 2723311.623 2836695.977 30488953.53
      sorted:	 1.530700433e-06 0.007487943058 8.901574025 9.042695773 15.12670672 38.32313744 60.79326966 71.39833477 87.35235835 91.92432766 101.8072780 162.7939861 195.9222921 198.5326970 311.0097097 473.1305567 579.6268795 633.0109583 672.0182061 793.4636888 823.4434573 989.5685089 1036.615734 1242.780270 1290.771525 1462.765089 1680.163425 1767.612539 2034.941428 2236.459842 2435.345887 2549.590921 2701.542120 3334.157546 3652.436269 3796.290684 4563.582430 4603.209881 4786.236848 5757.179925 127599.3252 204349.1611 267140.5360 321677.6907 357775.2752 372183.1002 393303.2838 450913.6934 455972.8063 544480.8225 562224.4149 711853.8802 747777.1415 814815.0525 927416.8548 1131909.233 1210346.723 1432038.682 1533219.741 1663795.987 1885142.379 2103450.416 2627377.748 2723311.623 2836695.977 30488953.53
