years
 1997 1998 1999 2000 2001 2002 2003 2004 2005 2006 2007 2008 2009 2010 2011 2012 2013 2014 2015 2016 2017 2018 2019 2020
reclasobs
 0 0 0 370054 412103 1.49427e+06 250295 1.28982e+06 931140 785840 897777 1.04006e+06 184774 17550 25797 100020 73551 82996 120727 218422 84188 347160 605670 569463
reclaspred
 1.12482e+06 222323 518566 241509 253991 224275 384669 269933 530009 822744 783072 500165 286161 137403 114262 100673 67563 56641.8 64665.1 97839 199821 244526 375211 398675
pelacesobs
 0 0 0 0 0 0 0 0 0 2.06254e+06 1.5e+06 0 1.87456e+06 323000 250000 174000 83755 137374 0 501740 490994 745055 786931 1.00524e+06
pelacespred
 641040 222974 170580 167756 154063 89404 194559 135545 288030 462347 372625 249445 136892 50389.5 46105.3 46254.4 31088.9 24110.4 27863.9 41223.6 111583 132066 159121 198086
mphobs
 0 0 0 0 0 0 112323 0 153150 637223 0 255016 313432 73983 77613 109348 50772 17779 17303 59886 28197 0 207744 136588
mphpred
 798456 418878 342012 276280 207670 244958 240676 296517 320645 633779 828093 520118 308175 158296 87592 86491.8 58910 45098.1 44622.5 65319.9 113728 220620 265973 321948
desembarqueobs
 350755 77701 442110 56441 14545 235359 269955 359681 431902 328805 639364 411747 362871 311530 167758 66681 60226 58785 57116 73181 50977 67692 138656 160484
desembarquepred
 350756 77698.7 442093 56444.5 14545.5 235649 269866 359452 431522 328648 639483 411578 362730 311224 167599 66716.1 60308.5 58778.9 57058 73150.1 50955.8 67658 138646 160414
Reclutas
 39197.1 40646.8 18420.1 16826.2 26810 17845.3 44331.9 48338.3 122430 139790 53305.9 47393.2 47206.5 37685.8 22896.5 9092.46 5233.12 5867.83 13045.6 11935.3 31503.6 29056.9 32676.3 51867.1
log_desv_Rt
 0.331857 0.368172 -0.423303 -0.51381 -0.0479734 -0.455006 0.454957 0.541477 1.47079 1.60339 0.639301 0.521731 0.517785 0.292535 -0.205762 -1.1293 -1.68174 -1.56726 -0.768296 -0.857248 0.113353 0.0325082 0.149903 0.611938
SSB
 798456 418878 342012 276280 207670 244958 231704 291192 312255 620575 828093 520118 319319 166272 94459.6 94766.1 69445.8 51252.4 46612.3 72815.3 116895 220620 274440 315143
BT
 2.00389e+06 557751 668566 406530 357908 364881 808350 721552 1.3022e+06 1.50065e+06 1.36203e+06 943008 687290 407336 265324 153171 121021 106550 118997 156962 360095 333123 435241 590487
Ftot
 0.299981 0.335485 0.78418 0.225909 0.0559551 0.947782 0.660928 1.19457 0.766564 0.38333 0.75407 0.761038 1.13334 1.86241 1.30235 0.620476 0.820525 0.945919 0.820827 0.698638 0.246935 0.266817 0.353868 0.385268
BD_Bspro_t
 0.957106 0.750913 0.614641 0.382847 0.442187 0.541429 0.386426 0.404267 0.388762 0.490332 0.520461 0.338234 0.244866 0.165502 0.11083 0.126871 0.129831 0.135563 0.159139 0.272999 0.396847 0.611028 0.625472 0.592962
BD_Bspro
 1.37962 0.723763 0.590948 0.477373 0.358825 0.423253 0.400352 0.50314 0.539534 1.07227 1.43083 0.898692 0.551739 0.287295 0.163213 0.163743 0.119993 0.088557 0.0805396 0.125815 0.201979 0.381201 0.474194 0.544523
BD_Bo
 0.88491 0.464233 0.379044 0.306194 0.230156 0.271481 0.256792 0.322722 0.346066 0.687769 0.917757 0.576435 0.353894 0.184276 0.104687 0.105027 0.0769652 0.0568019 0.0516594 0.0806995 0.129553 0.244509 0.304156 0.349266
BD_Brms
 4.30725 2.25963 1.84497 1.49038 1.12027 1.32142 1.24992 1.57083 1.68445 3.34767 4.46713 2.80576 1.72256 0.89695 0.50956 0.511213 0.374624 0.27648 0.251449 0.3928 0.63059 1.19013 1.48046 1.70003
S_f
 0.5 1 1 1 1
 0.5 1 1 1 1
 0.5 1 1 1 1
 0.5 1 1 1 1
 0.5 1 1 1 1
 0.5 1 1 1 1
 0.5 1 1 1 1
 0.5 1 1 1 1
 0.5 1 1 1 1
 0.5 1 1 1 1
 0.5 1 1 1 1
 0.5 1 1 1 1
 0.5 1 1 1 1
 0.5 1 1 1 1
 0.5 1 1 1 1
 0.5 1 1 1 1
 0.5 1 1 1 1
 0.5 1 1 1 1
 0.5 1 1 1 1
 0.5 1 1 1 1
 0.5 1 1 1 1
 0.5 1 1 1 1
 0.5 1 1 1 1
 0.5 1 1 1 1
Scru_reclas
 0.5 1 1 1 1
 0.5 1 1 1 1
 0.5 1 1 1 1
 0.5 1 1 1 1
 0.5 1 1 1 1
 0.5 1 1 1 1
 0.5 1 1 1 1
 0.5 1 1 1 1
 0.5 1 1 1 1
 0.5 1 1 1 1
 0.5 1 1 1 1
 0.5 1 1 1 1
 0.5 1 1 1 1
 0.5 1 1 1 1
 0.5 1 1 1 1
 0.5 1 1 1 1
 0.5 1 1 1 1
 0.5 1 1 1 1
 0.5 1 1 1 1
 0.5 1 1 1 1
 0.5 1 1 1 1
 0.5 1 1 1 1
 0.5 1 1 1 1
 0.5 1 1 1 1
Scru_pelaces
 0.5 1 1 1 1
 0.5 1 1 1 1
 0.5 1 1 1 1
 0.5 1 1 1 1
 0.5 1 1 1 1
 0.5 1 1 1 1
 0.5 1 1 1 1
 0.5 1 1 1 1
 0.5 1 1 1 1
 0.5 1 1 1 1
 0.5 1 1 1 1
 0.5 1 1 1 1
 0.5 1 1 1 1
 0.5 1 1 1 1
 0.5 1 1 1 1
 0.5 1 1 1 1
 0.5 1 1 1 1
 0.5 1 1 1 1
 0.5 1 1 1 1
 0.5 1 1 1 1
 0.5 1 1 1 1
 0.5 1 1 1 1
 0.5 1 1 1 1
 0.5 1 1 1 1
pf_obs 
 0.256992 0.487395 0.22802 0.0275931 0
 0.321318 0.546541 0.124235 0.00734118 0.000564706
 0.182869 0.594174 0.210203 0.0122559 0.00049798
 0.330522 0.361315 0.267642 0.0388342 0.00168674
 0.649043 0.306663 0.0425973 0.00169635 0
 0.582887 0.30429 0.105238 0.00758474 0
 0.465427 0.430635 0.0974691 0.00646863 0
 0.296916 0.608066 0.0921331 0.00288517 0
 0.311714 0.524322 0.152257 0.0117073 0
 0.15457 0.633149 0.183074 0.0267441 0.00246327
 0.131901 0.49318 0.331252 0.0422183 0.00144891
 0.196976 0.569456 0.194076 0.0375587 0.00193317
 0.518974 0.381816 0.0799577 0.0180837 0.00116848
 0.0928022 0.601141 0.25162 0.0475244 0.00691264
 0.122501 0.610282 0.24278 0.0234846 0.000952079
 0.383417 0.481906 0.127806 0.00687128 0
 0.0376549 0.599619 0.316969 0.0457579 0
 0.0361596 0.667082 0.258105 0.0386534 0
 0.158088 0.579412 0.248529 0.0139706 0
 0.0477256 0.309471 0.559284 0.082774 0.000745712
 0.0406174 0.521527 0.379366 0.0568643 0.0016247
 0.151134 0.462217 0.34131 0.0453401 0
 0.294876 0.26143 0.354403 0.0886775 0.000613685
 0.281977 0.475581 0.204845 0.0348837 0.00271318
pf_pred 
 0.427736 0.401562 0.15242 0.0182782 3.78523e-06
 0.446573 0.342981 0.147672 0.0560513 0.00672306
 0.287412 0.456094 0.15896 0.0684405 0.0290937
 0.419384 0.293523 0.183754 0.0640428 0.0392953
 0.524426 0.288411 0.0946181 0.0592338 0.0333113
 0.363961 0.439752 0.119038 0.0390524 0.0381968
 0.735174 0.160184 0.0723481 0.0195841 0.0127091
 0.624439 0.327187 0.0292598 0.0132153 0.00589879
 0.817209 0.151478 0.0272804 0.00243964 0.00159371
 0.626685 0.342885 0.0252169 0.00454143 0.000671442
 0.299013 0.5535 0.135465 0.00996253 0.00205947
 0.439746 0.289701 0.213629 0.0522841 0.00464002
 0.54654 0.301024 0.078823 0.0581251 0.0154881
 0.60031 0.309534 0.0598491 0.0156715 0.0146357
 0.625581 0.317411 0.0441491 0.00853633 0.00432274
 0.42053 0.483651 0.0812298 0.0112984 0.00329081
 0.371262 0.399743 0.191129 0.0321003 0.00576534
 0.551657 0.270049 0.113357 0.0541993 0.0107377
 0.764017 0.180969 0.0331362 0.0139094 0.00796806
 0.587716 0.367979 0.0339771 0.00622135 0.00410751
 0.755684 0.190206 0.048295 0.00445928 0.0013556
 0.491503 0.441935 0.0518199 0.0131575 0.00158421
 0.485164 0.348062 0.144944 0.0169957 0.00483494
 0.583029 0.281947 0.0912846 0.0380139 0.00572543
pobs_RECLAS
 0 0 0 0 0
 0 0 0 0 0
 0 0 0 0 0
 0 0 0 0 0
 0.835266 0.146461 0.0176864 0.000547809 3.91292e-05
 0.385257 0.428462 0.181853 0.0044286 0
 0.867414 0.0963971 0.0333333 0.00285562 0
 0.441836 0.489002 0.0689373 0.000224442 0
 0.779404 0.147425 0.0564933 0.0165055 0.000172143
 0.814271 0.122319 0.05973 0.00367925 0
 0.40263 0.566651 0.0304383 0.000280538 0
 0.475488 0.404961 0.113038 0.00651328 0
 0.955842 0.0263864 0.0167828 0.000988607 0
 0.975058 0.0227948 0.00214734 0 0
 0.738997 0.206755 0.0527124 0.00153531 0
 0.850938 0.134255 0.0134407 0.00136685 0
 0.542534 0.407297 0.0501686 0 0
 0.764087 0.199537 0.0359546 0.000420521 0
 0.470689 0.182191 0.310203 0.0369168 0
 0.84361 0.089868 0.0606195 0.00523954 0.000663233
 0.607945 0.314616 0.071237 0.00620181 0
 0.523733 0.453247 0.0230204 0 0
 0.530135 0.295979 0.169645 0.0042399 0
 0.562478 0.366248 0.0663022 0.0049721 0
ppred_RECLAS
 0.430529 0.399603 0.151676 0.018189 3.76676e-06
 0.449813 0.340973 0.146807 0.0557231 0.00668369
 0.295871 0.45068 0.157073 0.0676281 0.0287483
 0.421353 0.292528 0.183131 0.0638256 0.039162
 0.524854 0.288151 0.094533 0.0591805 0.0332814
 0.376529 0.431062 0.116686 0.0382807 0.037442
 0.741387 0.156426 0.0706508 0.0191247 0.0124109
 0.642123 0.311781 0.027882 0.0125931 0.00562103
 0.823055 0.146633 0.0264078 0.00236161 0.00154273
 0.630309 0.339557 0.0249721 0.00449735 0.000664924
 0.307191 0.547043 0.133884 0.0098463 0.00203544
 0.449433 0.284692 0.209935 0.0513801 0.00455979
 0.563909 0.289494 0.0758038 0.0558987 0.0148949
 0.636048 0.281857 0.0544977 0.0142702 0.013327
 0.645695 0.300359 0.0417774 0.00807776 0.00409052
 0.427724 0.477647 0.0802213 0.0111581 0.00324996
 0.381519 0.393222 0.188011 0.0315767 0.00567129
 0.564911 0.262066 0.110006 0.052597 0.0104203
 0.771809 0.174994 0.0320422 0.0134501 0.00770498
 0.59611 0.360486 0.0332852 0.00609467 0.00402387
 0.75734 0.188917 0.0479676 0.00442906 0.00134641
 0.493971 0.43979 0.0515684 0.0130937 0.00157653
 0.488665 0.345694 0.143958 0.0168801 0.00480206
 0.586821 0.279383 0.0904543 0.0376681 0.00567336
pobs_PELACES
 0 0 0 0 0
 0 0 0 0 0
 0 0 0 0 0
 0 0 0 0 0
 0 0 0 0 0
 0 0 0 0 0
 0 0 0 0 0
 0 0 0 0 0
 0 0 0 0 0
 0 0 0 0 0
 0.450072 0.473896 0.0757376 0.000293798 0
 0 0 0 0 0
 0.463077 0.371075 0.160297 0.00555027 0
 0.529543 0.364841 0.0842815 0.0213345 0
 0.631943 0.363953 0.00410389 0 0
 0.735681 0.248677 0.0153453 0.000297389 0
 0.695825 0.281241 0.0229344 0 0
 0.275771 0.60734 0.115278 0.00161068 0
 0 0 0 0 0
 0.896147 0.0623911 0.0374545 0.00400742 0
 0.803859 0.145111 0.0509908 3.86294e-05 0
 0.739449 0.233085 0.0266225 0.000797448 4.60066e-05
 0.878498 0.100942 0.0204185 0.000141795 0
 0.694673 0.275183 0.0284847 0.00165964 0
ppred_PELACES
 0.442703 0.39106 0.148433 0.0178001 3.68623e-06
 0.463547 0.332461 0.143142 0.0543321 0.00651685
 0.323518 0.432984 0.150905 0.0649727 0.0276195
 0.430467 0.28792 0.180247 0.0628203 0.0385452
 0.527155 0.286755 0.0940751 0.0588938 0.0331202
 0.413886 0.405234 0.109694 0.035987 0.0351986
 0.76174 0.144115 0.0650905 0.0176196 0.0114342
 0.686045 0.273516 0.0244601 0.0110475 0.00493116
 0.84073 0.131986 0.02377 0.00212571 0.00138863
 0.644922 0.326135 0.023985 0.00431958 0.000638641
 0.334286 0.525648 0.128648 0.00946122 0.00195584
 0.480662 0.268544 0.198028 0.0484657 0.00430115
 0.609222 0.259413 0.0679273 0.0500904 0.0133472
 0.703819 0.229373 0.0443498 0.011613 0.0108454
 0.693186 0.260099 0.0361776 0.00699502 0.00354223
 0.452949 0.456593 0.0766853 0.0106663 0.00310671
 0.413935 0.372612 0.178157 0.0299216 0.00537404
 0.602812 0.239237 0.100423 0.0480153 0.00951259
 0.794781 0.157377 0.0288164 0.0120961 0.00692931
 0.62353 0.336013 0.0310255 0.00568091 0.00375069
 0.764749 0.183148 0.046503 0.00429382 0.0013053
 0.504977 0.430225 0.0504469 0.0128089 0.00154224
 0.50326 0.335827 0.139849 0.0163983 0.00466499
 0.602145 0.269021 0.0870997 0.0362712 0.00546295
pobs_pel_tallas
 0 0 0 0 0 0 0 0 0 0 0 0 0 0 0 0 0 0 0 0 0 0 0 0 0 0 0 0 0 0 0 0 0 0 0 0
 0 0 0 0 0 0 0 0 0 0 0 0 0 0 0 0 0 0 0 0 0 0 0 0 0 0 0 0 0 0 0 0 0 0 0 0
 0 0 0 0 0 0 0 0 0 0 0 0 0 0 0 0 0 0 0 0 0 0 0 0 0 0 0 0 0 0 0 0 0 0 0 0
 0 0 0 0 0 0 0 0 0 0 0 0 0 0 0 0 0 0 0 0 0 0 0 0 0 0 0 0 0 0 0 0 0 0 0 0
 0 0 0 0 0 0 0 0 0 0 0 0 0 0 0 0 0 0 0 0 0 0 0 0 0 0 0 0 0 0 0 0 0 0 0 0
 0 0 0 0 0 0 0 0 0 0 0 0 0 0 0 0 0 0 0 0 0 0 0 0 0 0 0 0 0 0 0 0 0 0 0 0
 0 0 0 0 0 0 0 0 0 0 0 0 0 0 0 0 0 0 0 0 0 0 0 0 0 0 0 0 0 0 0 0 0 0 0 0
 0 0 0 0 0 0 0 0 0 0 0 0 0 0 0 0 0 0 0 0 0 0 0 0 0 0 0 0 0 0 0 0 0 0 0 0
 0 0 0 0 0 0 0 0 0 0 0 0 0 0 0 0 0 0 0 0 0 0 0 0 0 0 0 0 0 0 0 0 0 0 0 0
 0 0 0 0 0 0 0 0 0 0 0 0 0 0 0 0 0 0 0 0 0 0 0 0 0 0 0 0 0 0 0 0 0 0 0 0
 0 0 0 0 0 0 0 0 1.78061e-05 0.00172719 0.00360574 0.0105946 0.0120993 0.0124554 0.0147524 0.0171206 0.0266825 0.0428682 0.0675386 0.121331 0.153587 0.119568 0.100827 0.0573624 0.0630603 0.0341343 0.0324427 0.0444173 0.0211091 0.0280891 0.0125444 0.00206551 0 0 0 0
 0 0 0 0 0 0 0 0 0 0 0 0 0 0 0 0 0 0 0 0 0 0 0 0 0 0 0 0 0 0 0 0 0 0 0 0
 0 0 0 0 0 0 0.0133647 0.0140871 0.0187388 0.0205184 0.03894 0.0496705 0.03968 0.0493445 0.0407372 0.0367815 0.0215668 0.0243155 0.0234873 0.0199281 0.019796 0.0243948 0.0301388 0.0376714 0.0412746 0.0863199 0.0771752 0.113111 0.0741005 0.0525337 0.0229764 0.00759418 0.00175318 0 0 0
 0 0 0 0 0 0 0 0 0 0 0.00219441 0.00772107 0.0458388 0.0604681 0.0671733 0.0775358 0.0609151 0.0617685 0.073594 0.0568108 0.0755445 0.0548602 0.0670107 0.0636378 0.0643287 0.046367 0.0373049 0.0286899 0.0247887 0.0153202 0.00654259 0.00121912 0.000365735 0 0 0
 0 0 0 0 0 0 0 0 0 0 0 0 0.000112435 0.00938835 0.0111873 0.0202946 0.0414886 0.0713402 0.111592 0.104902 0.108894 0.110636 0.117776 0.105296 0.107544 0.0401394 0.0192827 0.0124803 0.00416011 0.0028671 0.000618394 0 0 0 0 0
 0 0 0 0 0 0 0 0 0 0 0.00291406 0.0102884 0.027416 0.0768956 0.0749926 0.110853 0.0956884 0.0897413 0.0766577 0.0534642 0.0500743 0.0551293 0.0594112 0.0620874 0.0668451 0.0424026 0.0208742 0.0120726 0.0048766 0.00582813 0.00118941 0.000297354 0 0 0 0
 0 0.00264628 0.0354308 0.0461629 0.0458689 0.0383711 0.0214643 0.0164657 0.0346957 0.0420465 0.0363128 0.0245516 0.0311673 0.0291091 0.0169068 0.0133784 0.00837989 0.0085269 0.0148486 0.0160247 0.0276389 0.0546898 0.0760071 0.122758 0.109233 0.0665981 0.0333725 0.0166128 0.00676272 0.00308733 0.000882094 0 0 0 0 0
 0 0 0 0 0 0 0 0.000805153 0.000690131 0.00759144 0.0133425 0.0154129 0.00931677 0.000345066 0.00356568 0.00563607 0.00851162 0.0253048 0.0502646 0.0516448 0.0657925 0.0565908 0.0611916 0.0827007 0.0866115 0.110766 0.145733 0.0935128 0.0569358 0.0249597 0.0138026 0.00621118 0.00161031 0.00115022 0 0
 0 0 0 0 0 0 0 0 0 0 0 0 0 0 0 0 0 0 0 0 0 0 0 0 0 0 0 0 0 0 0 0 0 0 0 0
 0.00147267 0.00158595 0.00478618 0.00569244 0.00954404 0.0108468 0.00647125 0.017049 0.0510054 0.094081 0.124002 0.0959785 0.0687766 0.0820023 0.061753 0.0591476 0.0492212 0.0479892 0.0443925 0.0268479 0.0217502 0.0140895 0.0121071 0.0120363 0.00920419 0.00665534 0.0049561 0.00860946 0.00930331 0.0156896 0.0114698 0.00855282 0.00243557 0.00046729 0 2.83206e-05
 0 0 0 0 0.000772559 0.00158375 0.000888443 0.00281984 0.00712685 0.0440552 0.0773331 0.111326 0.0921469 0.0852325 0.0710754 0.0886704 0.0786465 0.0553345 0.0373146 0.0185414 0.00753245 0.00457741 0.012979 0.0271748 0.0457355 0.0583668 0.034881 0.0177882 0.00938659 0.00492506 0.0015258 0.00185414 0.000309023 5.79419e-05 3.86279e-05 0
 0 0.00173294 0.00326652 0 0.00397197 0.00683976 0.00946217 0.0152591 0.00757587 0.0136028 0.0228656 0.0392903 0.0559909 0.0764795 0.0681675 0.0726916 0.0566044 0.0477403 0.0527397 0.0444891 0.0609904 0.0582453 0.0661739 0.0445044 0.0529084 0.0360697 0.0280645 0.0235558 0.0158879 0.00826598 0.00280645 0.00217768 0.000904811 0.00058276 9.20147e-05 0
 0 0 0 0 0 0 0 0 0 0 0 0 0 0 0 0 0 0 0 0 0 0 0 0 0 0 0 0 0 0 0 0 0 0 0 0
 0 0 0 0 0 0 0 0 0 0 0 0 0 0 0 0 0 0 0 0 0 0 0 0 0 0 0 0 0 0 0 0 0 0 0 0
ppred_pel_tallas
 1.02847e-16 1.93328e-05 0.000113425 0.000539081 0.00207534 0.00647163 0.0163471 0.0334508 0.0554574 0.0745051 0.0811483 0.0717498 0.0517346 0.0309476 0.0164324 0.00965083 0.0086338 0.0110025 0.015257 0.0206242 0.0265741 0.0325463 0.0379112 0.0420576 0.0445189 0.0450726 0.0437815 0.040957 0.0370658 0.0326123 0.0280366 0.0236554 0.0196505 0.0160945 0.0129911 0.0103142
 1.04312e-16 2.02392e-05 0.000118752 0.00056442 0.00217292 0.00677595 0.0171158 0.035023 0.0580617 0.077997 0.0849336 0.0750542 0.0540246 0.0321322 0.0167242 0.00929928 0.00776507 0.00961196 0.0132745 0.0179826 0.0232606 0.0286357 0.0335799 0.0375765 0.0402218 0.0413092 0.0408622 0.0391053 0.0363886 0.0330926 0.0295486 0.0259944 0.0225693 0.0193379 0.0163243 0.0135413
 1.05807e-16 1.41373e-05 8.29196e-05 0.000394047 0.00151691 0.00473017 0.0119484 0.0244511 0.0405416 0.0544803 0.0593752 0.0525868 0.0381098 0.0231835 0.0130158 0.00874747 0.00901363 0.0121338 0.0170312 0.0230995 0.0298383 0.0366583 0.0428793 0.0478367 0.0510204 0.0521824 0.0513796 0.0489312 0.0453163 0.0410457 0.0365543 0.0321421 0.0279693 0.0240904 0.0205038 0.0171955
 1.06613e-16 1.8795e-05 0.000110277 0.000524139 0.00201784 0.00629235 0.0158942 0.0325232 0.0539172 0.0724284 0.0788668 0.0696861 0.0501457 0.0297959 0.0154567 0.00851796 0.00703815 0.00869463 0.012051 0.0164209 0.0214023 0.0266021 0.0315741 0.0358689 0.039118 0.0411032 0.0417868 0.0412903 0.0398372 0.0376815 0.0350487 0.0321068 0.0289679 0.0257086 0.0223964 0.0191066
 1.05001e-16 2.30108e-05 0.000135028 0.000641809 0.00247091 0.00770522 0.0194629 0.0398252 0.0660199 0.0886788 0.0965421 0.0852569 0.0612477 0.0361852 0.0183868 0.00951124 0.00713247 0.00836049 0.011404 0.0154154 0.0199294 0.0245289 0.0287632 0.0321964 0.0344936 0.0354905 0.0352199 0.0338832 0.0317825 0.0292362 0.0265105 0.0237823 0.0211396 0.0186068 0.0161793 0.0138528
 1.04571e-16 1.80766e-05 0.000106049 0.000504015 0.00194032 0.00605058 0.0152836 0.0312748 0.0518511 0.0696637 0.0758844 0.0671176 0.0484424 0.0290739 0.0156117 0.00943951 0.00873294 0.0112794 0.0156774 0.0211889 0.0272854 0.0333956 0.0388771 0.0431113 0.0456336 0.0462353 0.0450018 0.0422702 0.0385283 0.034289 0.0299842 0.025905 0.0221957 0.0188864 0.0159439 0.0133166
 1.02111e-16 3.3234e-05 0.000195061 0.00092724 0.00356994 0.0111325 0.0281198 0.0575367 0.0953726 0.12808 0.13937 0.122918 0.0879531 0.0512585 0.0247438 0.0106755 0.00541646 0.00469042 0.00588169 0.0078504 0.0101428 0.0124963 0.014672 0.0164446 0.0176386 0.018163 0.018026 0.0173219 0.0161989 0.0148184 0.0133206 0.0118057 0.0103322 0.00892741 0.00760235 0.00636408
 1.01047e-16 2.99386e-05 0.000175702 0.000835178 0.00321543 0.010027 0.0253275 0.0518243 0.085908 0.115382 0.125585 0.110839 0.0794802 0.0466636 0.0231659 0.0110865 0.00720406 0.00769965 0.0102061 0.013622 0.0173927 0.021075 0.0242196 0.0264111 0.0273535 0.0269393 0.0252751 0.0226478 0.0194503 0.0160876 0.0128964 0.0100984 0.00779183 0.00597476 0.00458272 0.0035265
 1.00519e-16 3.66778e-05 0.00021528 0.00102337 0.00394005 0.0122867 0.0310352 0.0635017 0.105259 0.141354 0.153806 0.13563 0.0970063 0.0564475 0.0270838 0.0113986 0.00535703 0.00421957 0.00508468 0.0066895 0.00854205 0.0103762 0.0119648 0.0131036 0.0136451 0.0135308 0.0128039 0.0115947 0.0100851 0.00846583 0.00689783 0.00549047 0.00429719 0.00332551 0.00255386 0.00194818
 1.00626e-16 2.81475e-05 0.000165182 0.000785155 0.00302281 0.0094263 0.0238103 0.0487204 0.0807647 0.10848 0.118089 0.104262 0.0748478 0.0441129 0.022213 0.0111513 0.00792776 0.00897047 0.0120518 0.0161039 0.0205379 0.0248395 0.0284736 0.0309443 0.0319002 0.0312185 0.0290347 0.025703 0.0217057 0.0175403 0.0136217 0.010224 0.00747005 0.0053573 0.00380352 0.00269243
 1.02414e-16 1.46107e-05 8.56899e-05 0.000407199 0.00156751 0.00488795 0.0123471 0.0252674 0.0418972 0.0563082 0.0613838 0.0544048 0.039512 0.0242043 0.0138871 0.00976584 0.0104518 0.0142158 0.019925 0.0268955 0.0345122 0.042035 0.0486182 0.053451 0.0559331 0.0558115 0.0532318 0.0486829 0.0428625 0.0365076 0.0302482 0.0245205 0.0195505 0.0153913 0.0119859 0.0092289
 1.04765e-16 2.09831e-05 0.000123125 0.000585219 0.00225303 0.00702576 0.0177467 0.0363134 0.0601989 0.0808617 0.0880364 0.0777563 0.0558834 0.0330652 0.0168951 0.00889855 0.00688046 0.00822549 0.0113212 0.0154134 0.0200902 0.0249723 0.0296345 0.0336463 0.0366505 0.0384292 0.0389344 0.0382719 0.0366507 0.0343186 0.0315073 0.0284034 0.0251455 0.0218384 0.0185716 0.0154309
 1.03394e-16 2.65882e-05 0.000156033 0.000741674 0.00285542 0.00890432 0.0224917 0.046022 0.0762904 0.102467 0.111534 0.0984518 0.0706292 0.041531 0.0207386 0.010131 0.00686539 0.00756943 0.0101587 0.0136683 0.0176109 0.021588 0.025185 0.0280067 0.0297554 0.0302944 0.0296722 0.0280951 0.0258632 0.0232914 0.0206431 0.0180939 0.0157296 0.0135681 0.0115922 0.00977797
 1.01611e-16 3.07118e-05 0.000180245 0.000856788 0.00329865 0.0102865 0.025983 0.0531652 0.0881292 0.118361 0.128816 0.113663 0.081446 0.0476985 0.0234589 0.0108613 0.00658262 0.00669499 0.00877586 0.0117241 0.0150248 0.0182985 0.0211686 0.023284 0.0243878 0.0243746 0.0233123 0.0214163 0.0189898 0.0163491 0.0137599 0.0114003 0.00935569 0.00763651 0.00620841 0.00502036
 1.01005e-16 3.02494e-05 0.000177528 0.000843862 0.00324887 0.0101313 0.0255909 0.0523632 0.0868007 0.11658 0.126885 0.111978 0.0802783 0.0470949 0.023311 0.0110417 0.00702673 0.0074042 0.00978431 0.0130633 0.0166975 0.0202622 0.0233289 0.0254999 0.0264886 0.026186 0.0246843 0.0222477 0.0192417 0.0160463 0.0129803 0.010257 0.00797657 0.00614625 0.00471506 0.00360781
 1.01749e-16 1.9782e-05 0.000116057 0.000551581 0.00212345 0.00662162 0.0167261 0.0342266 0.0567451 0.0762392 0.0830481 0.0734558 0.0530216 0.0318306 0.0171049 0.0103567 0.00958357 0.0123526 0.0171107 0.023022 0.029473 0.0357992 0.0412624 0.0451639 0.0469957 0.0465586 0.0440058 0.0397912 0.0345485 0.0289389 0.0235207 0.0186713 0.0145735 0.01125 0.00862236 0.00656899
 1.0393e-16 1.80777e-05 0.000106058 0.000504061 0.00194051 0.00605116 0.0152851 0.0312776 0.0518549 0.0696664 0.0758812 0.0671001 0.048398 0.0289843 0.0154509 0.00917274 0.00831877 0.0106762 0.0148544 0.0201401 0.0260441 0.0320431 0.0375418 0.0419548 0.0448233 0.0459108 0.0452416 0.04307 0.0397966 0.0358622 0.031657 0.0274686 0.0234736 0.0197607 0.0163663 0.0133052
 1.03598e-16 2.63079e-05 0.00015439 0.000733864 0.00282536 0.00881056 0.0222549 0.0455373 0.0754864 0.101386 0.110354 0.0974027 0.0698599 0.0410457 0.0204359 0.00988567 0.00657906 0.00718008 0.00963328 0.0129989 0.0168176 0.0207234 0.0243341 0.0272789 0.0292687 0.0301544 0.0299505 0.0288138 0.026989 0.024741 0.0222983 0.0198226 0.0174063 0.0150912 0.0128937 0.0108257
 1.012e-16 3.46752e-05 0.000203521 0.000967457 0.00372478 0.0116154 0.0293395 0.0600324 0.0995095 0.133636 0.145416 0.128251 0.0917707 0.0534863 0.0258232 0.0111448 0.00565261 0.00487808 0.00608154 0.00805897 0.0103191 0.0125695 0.0145465 0.0160088 0.0167806 0.0167899 0.0160831 0.0148073 0.0131691 0.0113839 0.00963155 0.00803221 0.00664233 0.00546777 0.00448441 0.00365768
 1.00921e-16 2.72152e-05 0.000159707 0.000759125 0.00292259 0.00911375 0.0230208 0.0471052 0.0780877 0.104887 0.114183 0.100825 0.0724074 0.0427288 0.0216165 0.0110173 0.00804079 0.00924125 0.0124671 0.0166792 0.0212914 0.0257802 0.0295959 0.0322274 0.0333106 0.0327147 0.030573 0.0272429 0.0232131 0.0189887 0.0149909 0.011499 0.00863889 0.00641079 0.00473508 0.00349884
 1.00929e-16 3.33668e-05 0.000195837 0.000930921 0.0035841 0.0111767 0.0282314 0.0577653 0.0957525 0.128593 0.139937 0.123437 0.0883672 0.0515852 0.0250602 0.011081 0.00600764 0.00555146 0.00707812 0.00941706 0.0120671 0.0147031 0.0170184 0.0187285 0.0196236 0.0196142 0.0187492 0.0171966 0.0151969 0.0130046 0.0108371 0.00884534 0.0071077 0.00564335 0.00443402 0.00344506
 1.01369e-16 2.20495e-05 0.000129372 0.000614887 0.0023672 0.00738178 0.0186461 0.038155 0.0632555 0.0849787 0.0925485 0.0818122 0.0589517 0.0351868 0.0185376 0.0106521 0.0092598 0.0116197 0.0159936 0.0214765 0.0274508 0.0332791 0.0382641 0.0417504 0.0432676 0.0426409 0.0400313 0.0358848 0.0308159 0.0254619 0.0203561 0.0158545 0.0121216 0.00916504 0.00689327 0.0051733
 1.02877e-16 2.19711e-05 0.000128919 0.000612755 0.00235902 0.00735629 0.0185816 0.0380223 0.0630331 0.0846727 0.092196 0.0814549 0.0585951 0.0347763 0.0179633 0.00976784 0.00790175 0.00962517 0.0132284 0.0178743 0.023057 0.0282858 0.0330191 0.0367306 0.0390152 0.039674 0.0387494 0.0364953 0.0332982 0.0295783 0.0257042 0.0219428 0.0184513 0.0152976 0.0124952 0.010034
 1.02826e-16 2.628e-05 0.000154223 0.000733067 0.00282228 0.00880095 0.0222306 0.0454879 0.0754054 0.10128 0.110245 0.0973216 0.0698354 0.0410985 0.0205863 0.0101625 0.0070236 0.00784146 0.010557 0.0142119 0.0183125 0.0224461 0.0261791 0.0290961 0.0308818 0.0313874 0.030658 0.0289049 0.0264416 0.023602 0.0206715 0.0178485 0.0152394 0.0128789 0.0107613 0.00886722
pSPR Fmed_Fpbrs
0.37021   0.255447 0.255447
Fs Fmed_Fpbrs
0.64   1.005 1.005
SSBpbr Bo_Bmed_Bpbrs
902301  288926  185375 185375
Ro
28127.5
SPR SPRFo_SPRFmed_SPRFpbrs
578751 214260 147840
log_Ro
10.0645
likeval ReclasPelacesDesembMPH_pf_preclas_ppelaces_ptallas_desvR_qrecl_qpela
 92.0767 220.703 0.0462545 151.509 374.826 186.135 48.5979 0 21.5351 0 0 0 0 0 0
q_reclas_q_pelaces
1 1
M
0.7
N
 39197.1 19607.4 7442.34 892.484 0.184825
 40646.8 16753.6 7213.31 2737.94 328.401
 18420.1 17067.5 5948.44 2561.12 1088.72
 16826.2 6180.22 3869 1348.44 827.374
 26810 7463.18 2448.43 1532.79 861.995
 17845.3 12946.1 3504.43 1149.69 1124.5
 44331.9 5517.09 2491.82 674.519 437.727
 48338.3 15819.4 1414.71 638.96 285.205
 122430 13209.5 2378.97 212.747 138.978
 139790 41440.4 3047.66 548.869 81.1491
 53305.9 57310 14026.2 1031.53 213.24
 47393.2 18156.2 13388.6 3276.76 290.8
 47206.5 16086.2 4212.16 3106.1 827.658
 37685.8 13301.3 2571.84 673.436 628.926
 22896.5 7374.86 1025.78 198.337 100.436
 9092.46 5928.73 995.736 138.498 40.3397
 5233.12 3310.86 1583.02 265.87 47.7512
 5867.83 1724.17 723.744 346.043 68.5566
 13045.6 1815.8 332.481 139.563 79.9495
 11935.3 4297.52 396.808 72.6574 47.9704
 31503.6 4179.45 1061.2 97.9851 29.787
 29056.9 13827.1 1621.33 411.669 49.5664
 32676.3 12627.1 5258.34 616.577 175.404
 51867.1 13595.2 4401.65 1832.99 276.074
pred_Ctot
 3960.41 3718.07 1411.26 169.238 0.0350475
 4558.08 3500.75 1507.26 572.105 68.621
 4394.46 6973.55 2430.45 1046.44 444.834
 1300.93 910.507 570.005 198.66 121.894
 532.814 293.023 96.1314 60.1811 33.8441
 4976.81 6013.17 1627.72 534.003 522.303
 9143.77 1992.3 899.834 243.579 158.07
 16173.7 8474.53 757.863 342.293 152.785
 28655.3 5311.54 956.583 85.5456 55.8832
 17729.2 9700.36 713.396 128.479 18.9954
 12304.8 22777.3 5574.57 409.972 84.7501
 11025.2 7263.3 5356.05 1310.85 116.333
 15168.1 8354.31 2187.57 1613.15 429.842
 17303.6 8922.11 1725.11 451.72 421.863
 8177.32 4149.05 577.097 111.583 56.5049
 1775.5 2042 342.956 47.7022 13.894
 1296.62 1396.09 667.512 112.109 20.1353
 1633.86 799.812 335.732 160.523 31.8022
 3233.33 765.863 140.233 58.8647 33.7209
 2581.92 1616.58 149.266 27.3313 18.0449
 2650.33 667.088 169.38 15.6396 4.75435
 2630.01 2364.77 277.286 70.4053 8.47704
 3849.89 2761.95 1150.17 134.865 38.3664
 6608.69 3195.9 1034.72 430.891 64.8983
F
 0.14999 0.299981 0.299981 0.299981 0.299981
 0.167742 0.335485 0.335485 0.335485 0.335485
 0.39209 0.78418 0.78418 0.78418 0.78418
 0.112955 0.225909 0.225909 0.225909 0.225909
 0.0279775 0.0559551 0.0559551 0.0559551 0.0559551
 0.473891 0.947782 0.947782 0.947782 0.947782
 0.330464 0.660928 0.660928 0.660928 0.660928
 0.597286 1.19457 1.19457 1.19457 1.19457
 0.383282 0.766564 0.766564 0.766564 0.766564
 0.191665 0.38333 0.38333 0.38333 0.38333
 0.377035 0.75407 0.75407 0.75407 0.75407
 0.380519 0.761038 0.761038 0.761038 0.761038
 0.566668 1.13334 1.13334 1.13334 1.13334
 0.931205 1.86241 1.86241 1.86241 1.86241
 0.651175 1.30235 1.30235 1.30235 1.30235
 0.310238 0.620476 0.620476 0.620476 0.620476
 0.410262 0.820525 0.820525 0.820525 0.820525
 0.47296 0.945919 0.945919 0.945919 0.945919
 0.410413 0.820827 0.820827 0.820827 0.820827
 0.349319 0.698638 0.698638 0.698638 0.698638
 0.123467 0.246935 0.246935 0.246935 0.246935
 0.133409 0.266817 0.266817 0.266817 0.266817
 0.176934 0.353868 0.353868 0.353868 0.353868
 0.192634 0.385268 0.385268 0.385268 0.385268
Np
 20725.7 6226.87 3861.48 834.81 319.412
YTP_r0W_actual
 121299 124582 58379.9 31825.7 5858.61
YTP_p0W_proyectada
 49681.8 221307 69551.3 28757.4 17778.9
 49681.8 64869.3 58478.9 16145.4 6855.31
CTP_r0_actual
 15162.3 6556.94 2122.91 884.048 133.15
CTP_p0_proyectada
 6058.75 10245.7 2215.01 717.142 399.526
 6058.75 3003.21 1862.39 402.627 154.052
Wmedp
 8.2 21.6 31.4 40.1 44.5
nmprior
 10.8 10.6 4.6 0
nm_flota  nm_reclas  nm_pelaces    nm_pelaL
inf 14.8631 10.5331 16.8681
cv_recla  cv_pelaces  cv_mph
0.888386 1.74811 0.522222
 ------------------------------------------------
Talla a la edad & desviaci?n 
 7.2 14.2025 17.0495 18.207 18.6776
 1.08 2.13037 2.55742 2.73105 2.80164
