years
 1997 1998 1999 2000 2001 2002 2003 2004 2005 2006 2007 2008 2009 2010 2011 2012 2013 2014 2015 2016 2017 2018 2019
reclasobs
 0 0 0 370054 412103 1.49427e+06 250295 1.28982e+06 931140 785840 897777 1.04006e+06 184774 17550 25797 100020 73551 82996 120727 218422 84188 347160 605670
reclaspred
 370411 98377.6 270857 180840 239478 250206 545195 410522 791409 784638 647517 450543 273049 140309 108226 88618.3 71793 90678.1 116613 167213 267474 345206 633357
pelacesobs
 0 0 0 0 0 0 0 0 0 2.06254e+06 1.5e+06 0 1.87456e+06 323000 250000 174000 83755 137374 0 501740 490994 745055 786931
pelacespred
 869712 192442 338065 346266 400141 332852 874758 733195 1.3806e+06 1.35538e+06 1.0201e+06 742092 452351 198645 151266 131897 111698 134608 171119 241998 454118 513584 811973
mphobs
 0 0 0 0 0 0 112323 0 153150 637223 0 255016 313432 73983 77613 109348 50772 17779 17303 59886 28197 0 207744
mphpred
 132137 76679.2 89340.2 97295.6 97870.3 135977 181735 215749 239286 393203 391598 287208 178410 108739 59943 52137.2 41257 40424 24907.2 34643.7 52974.5 75119.4 132789
desembarqueobs
 350755 77701 442110 56441 14545 235359 269955 359681 431902 328805 639364 411747 362871 311530 167758 66681 60226 58785 57116 73181 50977 67692 138656
desembarquepred
 350762 77700.6 442101 56443.6 14545.4 235508 270004 359664 431783 328818 639570 411874 363316 311819 167745 66720 60301.5 58798.9 57096.3 73185.7 50976 67679.1 138652
Reclutas
 42845.5 53394 28966.8 40219 56580.1 37967.3 74677.1 90061 225375 153407 69039.8 42948 39513.1 28825.1 20359.4 12901.8 8527.31 14566.6 26905.9 28260.3 53097.1 122242 103171
log_desv_Rt
 -0.0339847 0.186111 -0.425436 -0.0972479 0.244072 -0.15486 0.521587 0.708901 1.62618 1.24151 0.443097 -0.0315966 -0.114954 -0.430339 -0.778043 -1.23422 -1.64831 -1.11285 -0.499242 -0.450128 0.180536 1.01442 0.844806
SSB
 561807 326017 379848 413672 416115 578135 751075 906510 996164 1.64199e+06 1.66496e+06 1.22112e+06 777680 411586 232485 204970 169907 160676 198333 288279 419832 581204 1.0521e+06
BT
 1.84426e+06 476939 847673 680725 728669 786438 1.75737e+06 1.71467e+06 2.86558e+06 2.73686e+06 2.39786e+06 1.70719e+06 1.16931e+06 657891 414494 292537 254891 289312 355297 490827 856014 980576 1.54433e+06
Ftot
 0.618924 0.541695 0.85975 0.17746 0.0366864 0.423794 0.298769 0.575224 0.480327 0.23956 0.437023 0.380657 0.586285 1.02782 0.838123 0.348576 0.40202 0.366544 0.305209 0.24758 0.1218 0.127668 0.106299
BD_Bspro_t
 0.93259 0.701339 0.642056 0.482514 0.611319 0.738043 0.668272 0.683811 0.67453 0.729862 0.705987 0.567816 0.464078 0.357871 0.265177 0.286076 0.324301 0.39524 0.507884 0.64991 0.742521 0.836397 0.882755
BD_Bspro
 0.614897 0.356825 0.415742 0.452763 0.455437 0.632767 0.82205 0.992172 1.0903 1.79716 1.82229 1.33652 0.851169 0.45048 0.254455 0.224339 0.185962 0.175859 0.217075 0.315521 0.459505 0.636126 1.15152
BD_Bo
 0.383716 0.22267 0.259437 0.282539 0.284208 0.394868 0.512986 0.619148 0.680383 1.12148 1.13717 0.83403 0.531157 0.281115 0.158788 0.139995 0.116047 0.109742 0.135462 0.196895 0.286746 0.396964 0.718589
BD_Brms
 1.20109 0.696992 0.812077 0.884389 0.889614 1.236 1.60573 1.93803 2.1297 3.51042 3.55951 2.61064 1.6626 0.879931 0.497031 0.438205 0.363243 0.343509 0.424016 0.616312 0.897558 1.24256 2.24929
S_f
 0.156951 0.842378 0.993524 0.999773 0.999992
 0.156951 0.842378 0.993524 0.999773 0.999992
 0.156951 0.842378 0.993524 0.999773 0.999992
 0.156951 0.842378 0.993524 0.999773 0.999992
 0.156951 0.842378 0.993524 0.999773 0.999992
 0.156951 0.842378 0.993524 0.999773 0.999992
 0.156951 0.842378 0.993524 0.999773 0.999992
 0.156951 0.842378 0.993524 0.999773 0.999992
 0.156951 0.842378 0.993524 0.999773 0.999992
 0.156951 0.842378 0.993524 0.999773 0.999992
 0.156951 0.842378 0.993524 0.999773 0.999992
 0.156951 0.842378 0.993524 0.999773 0.999992
 0.156951 0.842378 0.993524 0.999773 0.999992
 0.156951 0.842378 0.993524 0.999773 0.999992
 0.156951 0.842378 0.993524 0.999773 0.999992
 0.156951 0.842378 0.993524 0.999773 0.999992
 0.156951 0.842378 0.993524 0.999773 0.999992
 0.156951 0.842378 0.993524 0.999773 0.999992
 0.156951 0.842378 0.993524 0.999773 0.999992
 0.156951 0.842378 0.993524 0.999773 0.999992
 0.156951 0.842378 0.993524 0.999773 0.999992
 0.156951 0.842378 0.993524 0.999773 0.999992
 0.156951 0.842378 0.993524 0.999773 0.999992
Scru_reclas
 1 1 1 1 1
 1 1 1 1 1
 1 1 1 1 1
 1 1 1 1 1
 1 1 1 1 1
 1 1 1 1 1
 1 1 1 1 1
 1 1 1 1 1
 1 1 1 1 1
 1 1 1 1 1
 1 1 1 1 1
 1 1 1 1 1
 1 1 1 1 1
 1 1 1 1 1
 1 1 1 1 1
 1 1 1 1 1
 1 1 1 1 1
 1 1 1 1 1
 1 1 1 1 1
 1 1 1 1 1
 1 1 1 1 1
 1 1 1 1 1
 1 1 1 1 1
Scru_pelaces
 1 1 1 1 1
 1 1 1 1 1
 1 1 1 1 1
 1 1 1 1 1
 1 1 1 1 1
 1 1 1 1 1
 1 1 1 1 1
 1 1 1 1 1
 1 1 1 1 1
 1 1 1 1 1
 1 1 1 1 1
 1 1 1 1 1
 1 1 1 1 1
 1 1 1 1 1
 1 1 1 1 1
 1 1 1 1 1
 1 1 1 1 1
 1 1 1 1 1
 1 1 1 1 1
 1 1 1 1 1
 1 1 1 1 1
 1 1 1 1 1
 1 1 1 1 1
pf_obs 
 0.256992 0.487395 0.22802 0.0275931 0
 0.321318 0.546541 0.124235 0.00734118 0.000564706
 0.182869 0.594174 0.210203 0.0122559 0.00049798
 0.330522 0.361315 0.267642 0.0388342 0.00168674
 0.649043 0.306663 0.0425973 0.00169635 0
 0.582887 0.30429 0.105238 0.00758474 0
 0.465427 0.430635 0.0974691 0.00646863 0
 0.296916 0.608066 0.0921331 0.00288517 0
 0.311714 0.524322 0.152257 0.0117073 0
 0.15457 0.633149 0.183074 0.0267441 0.00246327
 0.131901 0.49318 0.331252 0.0422183 0.00144891
 0.196976 0.569456 0.194076 0.0375587 0.00193317
 0.518974 0.381816 0.0799577 0.0180837 0.00116848
 0.0928022 0.601141 0.25162 0.0475244 0.00691264
 0.122501 0.610282 0.24278 0.0234846 0.000952079
 0.383417 0.481906 0.127806 0.00687128 0
 0.0376549 0.599619 0.316969 0.0457579 0
 0.0361596 0.667082 0.258105 0.0386534 0
 0.158088 0.579412 0.248529 0.0139706 0
 0.0477256 0.309471 0.559284 0.082774 0.000745712
 0.0406174 0.521527 0.379366 0.0568643 0.0016247
 0.151134 0.462217 0.34131 0.0453401 0
 0.294876 0.26143 0.354403 0.0886775 0.000613685
pf_pred 
 0.334638 0.461532 0.182148 0.0216708 1.16754e-05
 0.3149 0.522812 0.11974 0.0380566 0.00449209
 0.172675 0.612678 0.171559 0.0318594 0.0112287
 0.270718 0.43067 0.234181 0.0515945 0.0128356
 0.265919 0.484557 0.157758 0.0720704 0.0196955
 0.155799 0.543787 0.209127 0.0578482 0.0334394
 0.309132 0.358894 0.228556 0.0721609 0.0312565
 0.287378 0.513711 0.112635 0.0595331 0.0267426
 0.457964 0.387732 0.117604 0.020857 0.0158431
 0.197588 0.668311 0.101253 0.0250828 0.00776522
 0.101153 0.508045 0.334821 0.0423409 0.01364
 0.101317 0.362599 0.328905 0.177698 0.0294805
 0.150498 0.347105 0.226888 0.169526 0.105983
 0.179553 0.45093 0.170852 0.0901353 0.108529
 0.20137 0.511321 0.176362 0.0515855 0.0593618
 0.161452 0.537463 0.208901 0.0567936 0.0353895
 0.133624 0.453653 0.282309 0.0906921 0.0397226
 0.266956 0.351234 0.218614 0.111897 0.0512979
 0.354061 0.44085 0.108265 0.0556166 0.0412071
 0.25051 0.563094 0.134596 0.027439 0.024361
 0.326534 0.42958 0.191167 0.0381425 0.0145759
 0.394439 0.43118 0.117943 0.0443007 0.012137
 0.203638 0.610521 0.138637 0.0319937 0.0152094
pobs_RECLAS
 0 0 0 0 0
 0 0 0 0 0
 0 0 0 0 0
 0 0 0 0 0
 0.835266 0.146461 0.0176864 0.000547809 3.91292e-05
 0.385257 0.428462 0.181853 0.0044286 0
 0.867414 0.0963971 0.0333333 0.00285562 0
 0.441836 0.489002 0.0689373 0.000224442 0
 0.779404 0.147425 0.0564933 0.0165055 0.000172143
 0.814271 0.122319 0.05973 0.00367925 0
 0.40263 0.566651 0.0304383 0.000280538 0
 0.475488 0.404961 0.113038 0.00651328 0
 0.955842 0.0263864 0.0167828 0.000988607 0
 0.975058 0.0227948 0.00214734 0 0
 0.738997 0.206755 0.0527124 0.00153531 0
 0.850938 0.134255 0.0134407 0.00136685 0
 0.542534 0.407297 0.0501686 0 0
 0.764087 0.199537 0.0359546 0.000420521 0
 0.470689 0.182191 0.310203 0.0369168 0
 0.84361 0.089868 0.0606195 0.00523954 0.000663233
 0.607945 0.314616 0.071237 0.00620181 0
 0.523733 0.453247 0.0230204 0 0
 0.530135 0.295979 0.169645 0.0042399 0
ppred_RECLAS
 0.746231 0.185152 0.0613617 0.00725182 3.90609e-06
 0.72537 0.217848 0.0419673 0.0132505 0.00156368
 0.552776 0.346136 0.0809093 0.0149214 0.00525771
 0.681952 0.20054 0.0922807 0.0202024 0.00502483
 0.672665 0.228036 0.0629265 0.0285673 0.0078052
 0.517578 0.329341 0.106778 0.0293448 0.016959
 0.724883 0.154571 0.0831604 0.0260877 0.0112973
 0.700629 0.226023 0.0416549 0.0218709 0.00982225
 0.829704 0.127599 0.0325935 0.00574266 0.00436115
 0.578429 0.360502 0.0461825 0.0113677 0.00351846
 0.398807 0.364861 0.202669 0.0254625 0.00820081
 0.405161 0.265053 0.202843 0.108883 0.0180598
 0.520862 0.216626 0.118992 0.0883189 0.0552018
 0.57718 0.251961 0.0793093 0.0415426 0.0500076
 0.602743 0.2706 0.0779583 0.0226455 0.0260529
 0.527035 0.32132 0.105426 0.0284775 0.017741
 0.477477 0.295929 0.155314 0.0495718 0.0217072
 0.684507 0.164766 0.0865437 0.0440115 0.020172
 0.758626 0.173429 0.035978 0.0183638 0.0136029
 0.653737 0.270653 0.0546959 0.0110794 0.00983434
 0.734807 0.179172 0.06752 0.013387 0.00511461
 0.786302 0.159268 0.0368898 0.0137689 0.0037714
 0.588511 0.327254 0.0629411 0.0144337 0.00686006
pobs_PELACES
 0 0 0 0 0
 0 0 0 0 0
 0 0 0 0 0
 0 0 0 0 0
 0 0 0 0 0
 0 0 0 0 0
 0 0 0 0 0
 0 0 0 0 0
 0 0 0 0 0
 0 0 0 0 0
 0.450072 0.473896 0.0757376 0.000293798 0
 0 0 0 0 0
 0.463077 0.371075 0.160297 0.00555027 0
 0.529543 0.364841 0.0842815 0.0213345 0
 0.631943 0.363953 0.00410389 0 0
 0.735681 0.248677 0.0153453 0.000297389 0
 0.695825 0.281241 0.0229344 0 0
 0.275771 0.60734 0.115278 0.00161068 0
 0 0 0 0 0
 0.896147 0.0623911 0.0374545 0.00400742 0
 0.803859 0.145111 0.0509908 3.86294e-05 0
 0.739449 0.233085 0.0266225 0.000797448 4.60066e-05
 0.878498 0.100942 0.0204185 0.000141795 0
ppred_PELACES
 0.773274 0.166798 0.0535984 0.00632626 3.4074e-06
 0.750142 0.199308 0.0373721 0.0117865 0.00139086
 0.602519 0.310608 0.0695569 0.012805 0.00451171
 0.691296 0.19529 0.0890727 0.019493 0.00484831
 0.674613 0.226806 0.0624728 0.0283592 0.00774832
 0.543128 0.314009 0.0996772 0.0273696 0.015817
 0.739425 0.147369 0.0781126 0.0244891 0.0106048
 0.728591 0.206368 0.0369568 0.0193812 0.00870376
 0.845298 0.116614 0.0290823 0.00511894 0.00388735
 0.592004 0.349502 0.0442415 0.0108845 0.00336886
 0.424818 0.352077 0.191351 0.0240189 0.00773561
 0.428676 0.257301 0.193207 0.103629 0.0171878
 0.557837 0.203189 0.108395 0.0803563 0.0502228
 0.637503 0.220566 0.0659576 0.0344757 0.0414977
 0.650181 0.241489 0.0667232 0.0193484 0.0222584
 0.548027 0.308787 0.0995676 0.0268757 0.0167427
 0.502385 0.284302 0.14625 0.04664 0.0204228
 0.703979 0.15597 0.0804397 0.0408764 0.0187346
 0.771807 0.164672 0.0336454 0.0171623 0.0127127
 0.666905 0.261068 0.0521113 0.0105505 0.00936469
 0.740522 0.175658 0.0657952 0.0130417 0.00498266
 0.791385 0.155735 0.0358425 0.0133745 0.00366333
 0.594585 0.322777 0.0617517 0.0141578 0.0067289
pobs_pel_tallas
 0 0 0 0 0 0 0 0 0 0 0 0 0 0 0 0 0 0 0 0 0 0 0 0 0 0 0 0 0 0 0 0 0 0 0 0
 0 0 0 0 0 0 0 0 0 0 0 0 0 0 0 0 0 0 0 0 0 0 0 0 0 0 0 0 0 0 0 0 0 0 0 0
 0 0 0 0 0 0 0 0 0 0 0 0 0 0 0 0 0 0 0 0 0 0 0 0 0 0 0 0 0 0 0 0 0 0 0 0
 0 0 0 0 0 0 0 0 0 0 0 0 0 0 0 0 0 0 0 0 0 0 0 0 0 0 0 0 0 0 0 0 0 0 0 0
 0 0 0 0 0 0 0 0 0 0 0 0 0 0 0 0 0 0 0 0 0 0 0 0 0 0 0 0 0 0 0 0 0 0 0 0
 0 0 0 0 0 0 0 0 0 0 0 0 0 0 0 0 0 0 0 0 0 0 0 0 0 0 0 0 0 0 0 0 0 0 0 0
 0 0 0 0 0 0 0 0 0 0 0 0 0 0 0 0 0 0 0 0 0 0 0 0 0 0 0 0 0 0 0 0 0 0 0 0
 0 0 0 0 0 0 0 0 0 0 0 0 0 0 0 0 0 0 0 0 0 0 0 0 0 0 0 0 0 0 0 0 0 0 0 0
 0 0 0 0 0 0 0 0 0 0 0 0 0 0 0 0 0 0 0 0 0 0 0 0 0 0 0 0 0 0 0 0 0 0 0 0
 0 0 0 0 0 0 0 0 0 0 0 0 0 0 0 0 0 0 0 0 0 0 0 0 0 0 0 0 0 0 0 0 0 0 0 0
 0 0 0 0 0 0 0 0 1.78061e-05 0.00172719 0.00360574 0.0105946 0.0120993 0.0124554 0.0147524 0.0171206 0.0266825 0.0428682 0.0675386 0.121331 0.153587 0.119568 0.100827 0.0573624 0.0630603 0.0341343 0.0324427 0.0444173 0.0211091 0.0280891 0.0125444 0.00206551 0 0 0 0
 0 0 0 0 0 0 0 0 0 0 0 0 0 0 0 0 0 0 0 0 0 0 0 0 0 0 0 0 0 0 0 0 0 0 0 0
 0 0 0 0 0 0 0.0133647 0.0140871 0.0187388 0.0205184 0.03894 0.0496705 0.03968 0.0493445 0.0407372 0.0367815 0.0215668 0.0243155 0.0234873 0.0199281 0.019796 0.0243948 0.0301388 0.0376714 0.0412746 0.0863199 0.0771752 0.113111 0.0741005 0.0525337 0.0229764 0.00759418 0.00175318 0 0 0
 0 0 0 0 0 0 0 0 0 0 0.00219441 0.00772107 0.0458388 0.0604681 0.0671733 0.0775358 0.0609151 0.0617685 0.073594 0.0568108 0.0755445 0.0548602 0.0670107 0.0636378 0.0643287 0.046367 0.0373049 0.0286899 0.0247887 0.0153202 0.00654259 0.00121912 0.000365735 0 0 0
 0 0 0 0 0 0 0 0 0 0 0 0 0.000112435 0.00938835 0.0111873 0.0202946 0.0414886 0.0713402 0.111592 0.104902 0.108894 0.110636 0.117776 0.105296 0.107544 0.0401394 0.0192827 0.0124803 0.00416011 0.0028671 0.000618394 0 0 0 0 0
 0 0 0 0 0 0 0 0 0 0 0.00291406 0.0102884 0.027416 0.0768956 0.0749926 0.110853 0.0956884 0.0897413 0.0766577 0.0534642 0.0500743 0.0551293 0.0594112 0.0620874 0.0668451 0.0424026 0.0208742 0.0120726 0.0048766 0.00582813 0.00118941 0.000297354 0 0 0 0
 0 0.00264628 0.0354308 0.0461629 0.0458689 0.0383711 0.0214643 0.0164657 0.0346957 0.0420465 0.0363128 0.0245516 0.0311673 0.0291091 0.0169068 0.0133784 0.00837989 0.0085269 0.0148486 0.0160247 0.0276389 0.0546898 0.0760071 0.122758 0.109233 0.0665981 0.0333725 0.0166128 0.00676272 0.00308733 0.000882094 0 0 0 0 0
 0 0 0 0 0 0 0 0.000805153 0.000690131 0.00759144 0.0133425 0.0154129 0.00931677 0.000345066 0.00356568 0.00563607 0.00851162 0.0253048 0.0502646 0.0516448 0.0657925 0.0565908 0.0611916 0.0827007 0.0866115 0.110766 0.145733 0.0935128 0.0569358 0.0249597 0.0138026 0.00621118 0.00161031 0.00115022 0 0
 0 0 0 0 0 0 0 0 0 0 0 0 0 0 0 0 0 0 0 0 0 0 0 0 0 0 0 0 0 0 0 0 0 0 0 0
 0.00147267 0.00158595 0.00478618 0.00569244 0.00954404 0.0108468 0.00647125 0.017049 0.0510054 0.094081 0.124002 0.0959785 0.0687766 0.0820023 0.061753 0.0591476 0.0492212 0.0479892 0.0443925 0.0268479 0.0217502 0.0140895 0.0121071 0.0120363 0.00920419 0.00665534 0.0049561 0.00860946 0.00930331 0.0156896 0.0114698 0.00855282 0.00243557 0.00046729 0 2.83206e-05
 0 0 0 0 0.000772559 0.00158375 0.000888443 0.00281984 0.00712685 0.0440552 0.0773331 0.111326 0.0921469 0.0852325 0.0710754 0.0886704 0.0786465 0.0553345 0.0373146 0.0185414 0.00753245 0.00457741 0.012979 0.0271748 0.0457355 0.0583668 0.034881 0.0177882 0.00938659 0.00492506 0.0015258 0.00185414 0.000309023 5.79419e-05 3.86279e-05 0
 0 0.00173294 0.00326652 0 0.00397197 0.00683976 0.00946217 0.0152591 0.00757587 0.0136028 0.0228656 0.0392903 0.0559909 0.0764795 0.0681675 0.0726916 0.0566044 0.0477403 0.0527397 0.0444891 0.0609904 0.0582453 0.0661739 0.0445044 0.0529084 0.0360697 0.0280645 0.0235558 0.0158879 0.00826598 0.00280645 0.00217768 0.000904811 0.00058276 9.20147e-05 0
 0 0 0 0 0 0 0 0 0 0 0 0 0 0 0 0 0 0 0 0 0 0 0 0 0 0 0 0 0 0 0 0 0 0 0 0
ppred_pel_tallas
 1.01033e-16 3.37379e-05 0.000198017 0.000941288 0.00362402 0.0113012 0.0285459 0.0584085 0.0968183 0.130023 0.141488 0.124796 0.0893186 0.0520974 0.0252286 0.0110193 0.0057824 0.00517753 0.00654292 0.00870501 0.0111761 0.0136541 0.0158587 0.0175291 0.0184697 0.0185917 0.0179301 0.0166271 0.014891 0.0129447 0.0109808 0.00913549 0.00748376 0.00605039 0.00482872 0.00379819
 1.01066e-16 3.27305e-05 0.0001921 0.000913151 0.00351567 0.0109633 0.0276924 0.0566626 0.0939253 0.126141 0.137273 0.121098 0.0867161 0.0506687 0.024703 0.0110725 0.00621433 0.00592658 0.00762428 0.0101499 0.0129929 0.0158076 0.0182627 0.0200518 0.0209513 0.0208707 0.0198711 0.018143 0.0159544 0.0135857 0.0112731 0.00917668 0.00737438 0.00587762 0.00465676 0.00366562
 1.0174e-16 2.6298e-05 0.000154325 0.000733542 0.00282409 0.0088066 0.022245 0.0455176 0.0754556 0.101351 0.110331 0.0974187 0.069951 0.0412587 0.0208363 0.0105633 0.00764715 0.0087629 0.0118418 0.0158973 0.020387 0.0248325 0.0287281 0.031596 0.0330838 0.0330446 0.0315659 0.028937 0.0255683 0.0218917 0.0182735 0.0149644 0.0120906 0.00967699 0.00768551 0.00605217
 1.02225e-16 3.01645e-05 0.000177035 0.000841532 0.00323992 0.0101034 0.0255204 0.0522184 0.086559 0.11625 0.126513 0.111617 0.0799507 0.046764 0.0228915 0.0104209 0.00608282 0.0060198 0.00786361 0.0105578 0.0136359 0.0167745 0.0196536 0.0219663 0.023474 0.0240542 0.0237213 0.0226095 0.0209283 0.0189073 0.0167479 0.0145971 0.012543 0.010628 0.00886812 0.0072695
 1.02298e-16 2.94382e-05 0.000172769 0.000821243 0.00316179 0.00985973 0.024905 0.0509595 0.0844732 0.113452 0.123476 0.108957 0.0780866 0.0457573 0.0225539 0.0105277 0.00650079 0.00671567 0.0088571 0.0118742 0.0152745 0.0186911 0.021755 0.0241177 0.0255174 0.0258359 0.0251198 0.0235571 0.0214212 0.0190005 0.0165395 0.0142047 0.0120813 0.0101906 0.00851754 0.00703591
 1.03197e-16 2.37085e-05 0.000139122 0.000661263 0.0025458 0.00793875 0.0200529 0.0410324 0.0680216 0.0913689 0.0994745 0.0878554 0.0631336 0.0373377 0.0190424 0.00996204 0.00760115 0.00898194 0.0122515 0.0165193 0.0212781 0.0260617 0.0303658 0.0337065 0.0357172 0.0362279 0.035296 0.0331748 0.0302368 0.0268784 0.0234377 0.020149 0.0171364 0.0144373 0.0120393 0.00991322
 1.02494e-16 3.22611e-05 0.000189349 0.000900082 0.00346537 0.0108064 0.0272962 0.0558515 0.0925795 0.12433 0.135291 0.119326 0.0853954 0.0497925 0.0240826 0.010471 0.00543321 0.00482374 0.00610796 0.00818099 0.0106001 0.013104 0.0154504 0.0174078 0.0187922 0.0195024 0.0195354 0.0189741 0.0179561 0.0166341 0.0151424 0.0135799 0.0120079 0.0104616 0.00896293 0.00753254
 1.01665e-16 3.1791e-05 0.000186583 0.000886925 0.00341469 0.0106484 0.026897 0.0550352 0.0912281 0.12252 0.133335 0.117632 0.0842513 0.0492627 0.0240816 0.010903 0.00627326 0.00611644 0.00792405 0.010569 0.0135466 0.016507 0.0191108 0.021043 0.0220733 0.0221074 0.0212054 0.019559 0.0174379 0.015122 0.0128456 0.0107638 0.00894933 0.00740892 0.00611098 0.00501101
 1.00809e-16 3.68764e-05 0.000216447 0.00102892 0.00396144 0.0123534 0.0312036 0.0638462 0.10583 0.142119 0.154634 0.136352 0.0975043 0.0567 0.0271353 0.0113011 0.00513497 0.00386877 0.00458742 0.0060307 0.00772152 0.00941654 0.0109146 0.0120345 0.0126427 0.0126822 0.0121827 0.0112492 0.0100317 0.00868831 0.00735344 0.00611921 0.00503247 0.00410353 0.00332043 0.00266236
 1.01274e-16 2.5841e-05 0.000151638 0.000720763 0.00277488 0.00865312 0.0218573 0.0447247 0.0741425 0.0995905 0.108425 0.0957586 0.0688093 0.0406862 0.0207327 0.0108122 0.00819561 0.00962354 0.0130568 0.0174997 0.0223714 0.027136 0.0312241 0.0341029 0.0353889 0.0349379 0.0328775 0.029566 0.0254982 0.0211874 0.0170638 0.0134143 0.0103721 0.00794467 0.00606018 0.00461416
 1.04018e-16 1.85514e-05 0.000108841 0.000517296 0.00199147 0.0062101 0.0156865 0.0320988 0.0532155 0.0714916 0.0778623 0.0688353 0.0496135 0.02964 0.0156692 0.00909965 0.00804032 0.0102128 0.0141915 0.0192593 0.0249438 0.0307502 0.036116 0.0404841 0.0434128 0.0446649 0.0442463 0.0423781 0.0394205 0.0357755 0.031804 0.0277775 0.0238708 0.0201818 0.0167632 0.013648
 1.07191e-16 1.87157e-05 0.000109814 0.000521944 0.0020094 0.00626604 0.0158277 0.032387 0.0536905 0.0721215 0.0785265 0.0693707 0.0498869 0.0295785 0.0152281 0.00820975 0.00658186 0.00802858 0.0111266 0.0152133 0.0199239 0.0249141 0.0297906 0.0341491 0.037646 0.0400593 0.0413156 0.0414753 0.0406864 0.0391281 0.0369654 0.0343292 0.0313208 0.0280297 0.0245541 0.0210091
 1.06713e-16 2.43452e-05 0.00014287 0.000679109 0.00261455 0.00815318 0.0205943 0.0421395 0.0698535 0.0938195 0.102116 0.0901243 0.0646255 0.0379422 0.0188405 0.00903472 0.0059198 0.00641496 0.00863315 0.0117306 0.0153191 0.0191046 0.0227782 0.0260327 0.0286163 0.0303786 0.031289 0.0314198 0.0309052 0.0298911 0.0284975 0.0268023 0.0248482 0.0226634 0.0202839 0.0177677
 1.04132e-16 2.78197e-05 0.000163267 0.000776074 0.00298789 0.00931741 0.0235351 0.0481566 0.0798273 0.107213 0.116688 0.102972 0.0738093 0.0432746 0.021375 0.0100545 0.00631675 0.00661836 0.00877872 0.011811 0.0152539 0.0187624 0.0219865 0.0245927 0.026327 0.0270681 0.0268466 0.0258228 0.0242324 0.022322 0.0202944 0.0182809 0.0163416 0.0144861 0.0127018 0.0109778
 1.02731e-16 2.83734e-05 0.000166516 0.000791514 0.00304733 0.00950276 0.0240033 0.0491147 0.081416 0.109348 0.119015 0.105034 0.0753046 0.0441864 0.0218901 0.0104036 0.00667491 0.00709073 0.00942155 0.0126469 0.016273 0.0199172 0.0231887 0.0257178 0.0272268 0.027591 0.0268607 0.0252361 0.0230076 0.0204806 0.0179126 0.0154775 0.0132616 0.0112837 0.00952458 0.00795385
 1.0322e-16 2.39219e-05 0.000140375 0.000667223 0.00256875 0.00801032 0.0202336 0.0414022 0.0686344 0.0921914 0.100368 0.0886399 0.0636873 0.037645 0.019162 0.00996443 0.00753082 0.0088541 0.0120645 0.0162668 0.0209568 0.0256748 0.0299251 0.0332316 0.0352334 0.0357623 0.0348733 0.0328136 0.0299475 0.0266628 0.0232906 0.0200602 0.0170935 0.0144279 0.0120522 0.00993938
 1.04726e-16 2.19308e-05 0.000128688 0.000611664 0.00235484 0.00734326 0.0185487 0.0379545 0.0629193 0.0845155 0.0920136 0.0812672 0.0584023 0.0345464 0.0176334 0.00925341 0.0071058 0.00844771 0.0115816 0.0157048 0.0203719 0.0251746 0.0296632 0.0333941 0.0360143 0.0373317 0.0373439 0.0362154 0.0342159 0.0316434 0.0287596 0.0257554 0.0227486 0.0198035 0.0169592 0.014251
 1.03473e-16 3.07159e-05 0.000180276 0.000856947 0.00329929 0.0102885 0.025988 0.0531749 0.0881433 0.118374 0.128815 0.113624 0.0813366 0.0474709 0.0230443 0.0101655 0.00548826 0.00507448 0.00651601 0.00876022 0.0113777 0.0141046 0.0166903 0.0188933 0.02052 0.0214615 0.021709 0.0213407 0.0204887 0.0192985 0.0178956 0.0163687 0.0147712 0.0131335 0.0114793 0.00983686
 1.01716e-16 3.36738e-05 0.000197641 0.0009395 0.00361714 0.0112797 0.0284917 0.0582976 0.0966343 0.129776 0.141219 0.124557 0.0891435 0.051988 0.0251617 0.010966 0.00571876 0.00508633 0.00641096 0.00852152 0.0109334 0.0133496 0.0154973 0.0171253 0.0180485 0.0181883 0.0175876 0.0163923 0.0148092 0.0130532 0.0113037 0.00967874 0.00823331 0.00697301 0.00587574 0.00491169
 1.01625e-16 2.91035e-05 0.0001708 0.000811878 0.00312573 0.00974725 0.0246209 0.0503785 0.0835111 0.112163 0.122081 0.107745 0.0772608 0.0453585 0.022515 0.0107721 0.00700099 0.00749349 0.00995558 0.0133264 0.0170786 0.0207934 0.0240437 0.0264291 0.0276564 0.0276056 0.0263541 0.0241485 0.0213361 0.0182802 0.0152871 0.0125635 0.01021 0.00824124 0.00661924 0.00528555
 1.01673e-16 3.23101e-05 0.000189634 0.000901432 0.00347056 0.0108226 0.0273371 0.0559353 0.0927192 0.12452 0.135504 0.119528 0.085571 0.0499576 0.0242789 0.0107535 0.00586017 0.00545085 0.00698129 0.00932618 0.0120091 0.0147238 0.0171788 0.0190998 0.0202774 0.0206112 0.020127 0.0189604 0.0173152 0.0154108 0.0134374 0.01153 0.00976481 0.00817104 0.00675017 0.00549294
 1.01191e-16 3.45271e-05 0.000202651 0.000963323 0.00370886 0.0115658 0.0292142 0.0597759 0.0990843 0.133065 0.144794 0.127703 0.0913783 0.0532573 0.0257123 0.0110968 0.00562902 0.00486048 0.0060646 0.00804436 0.0103128 0.0125807 0.0145869 0.0160912 0.0169165 0.0169871 0.0163432 0.0151243 0.0135297 0.0117685 0.0100174 0.00839631 0.00696509 0.00573528 0.00468978 0.00380095
 1.01783e-16 2.59525e-05 0.000152295 0.000723891 0.00278693 0.00869072 0.0219523 0.0449187 0.0744634 0.100019 0.108886 0.0961511 0.0690599 0.0407715 0.020661 0.0105897 0.00780788 0.00903808 0.0122375 0.0164243 0.0210469 0.0256107 0.0295909 0.032493 0.0339552 0.0338308 0.0322184 0.0294265 0.0258891 0.0220598 0.0183213 0.0149324 0.0120191 0.00959948 0.00762519 0.00602112
pSPR Fmed_Fpbrs
0.476267   0.369473 0.369473
Fs Fmed_Fpbrs
0.64   1.005 1.005
SSBpbr Bo_Bmed_Bpbrs
1.46412e+06  624107  467748 467748
Ro
44326.7
SPR SPRFo_SPRFmed_SPRFpbrs
913661 435146 337573
log_Ro
10.5193
likeval ReclasPelacesDesembMPH_pf_preclas_ppelaces_ptallas_desvR_qrecl_qpela
 81.7497 20.4002 0.0260347 77.9339 306.312 179.866 45.2358 0 19.4127 5.58808e-05 0 0 0 0 0
q_reclas_q_pelaces
0.346703 1
M
0.7
N
 42845.5 13142.6 4564.19 540.447 0.291124
 53394 19306.9 3874.78 1225.47 144.626
 28966.8 24353.6 6074.8 1123.34 395.856
 40219 12568.7 5861.72 1283.98 319.363
 56580.1 19423.5 5374.81 2440.33 666.753
 37967.3 27935.6 9351.92 2573.52 1487.36
 74677.1 17640.7 9707.56 3048.14 1320.05
 90061 35384.8 6810.97 3582.54 1609.02
 225375 40862.2 10823.6 1909.87 1450.49
 153407 103791 13539.2 3335.12 1032.3
 69039.8 73368.7 42122.4 5299.32 1706.86
 42948 32011.4 25213 13550 2247.56
 39513.1 20090.5 11535.6 8577.72 5361.66
 28825.1 17896.7 6088.32 3199.35 3851.71
 20359.4 12181.6 3738.94 1088.94 1252.91
 12901.8 8864.01 2985.94 807.434 503.038
 8527.31 6065.74 3281.72 1048.75 459.26
 14566.6 3975.6 2146.85 1093.03 500.991
 26905.9 6829.17 1449.77 740.695 548.686
 28260.3 12736.1 2622.43 531.621 471.892
 53097.1 13498.8 5134 1018.29 389.052
 122242 25868 6049.64 2258.89 618.736
 103171 59499.3 11535.9 2646.29 1257.75
pred_Ctot
 2868.46 3956.17 1561.34 185.759 0.10008
 3145.15 5221.73 1195.94 380.101 44.866
 2650.18 9403.25 2633.04 488.971 172.336
 795.774 1265.95 688.374 151.661 37.7302
 233.699 425.845 138.643 63.3379 17.3091
 1763.85 6156.41 2367.61 654.922 378.579
 2466.89 2864 1823.89 575.849 249.429
 5620.48 10047 2202.89 1164.34 523.026
 11821.2 10008.3 3035.64 538.37 408.948
 4079.98 13799.9 2090.77 517.933 160.343
 3304.52 16597.1 10938.1 1383.21 445.599
 1797.46 6432.84 5835.07 3152.53 523.011
 2511.43 5792.31 3786.19 2828.97 1768.6
 3117.18 7828.49 2966.12 1564.82 1884.15
 1818.49 4617.53 1592.65 465.847 536.072
 495.549 1649.65 641.186 174.318 108.622
 376.362 1277.75 795.147 255.442 111.882
 587.609 773.117 481.202 246.302 112.914
 907.568 1130.04 277.517 142.563 105.627
 776.337 1745.04 417.115 85.0342 75.4951
 723.843 952.27 423.769 84.5523 32.3111
 1746.05 1908.69 522.092 196.104 53.7262
 1228.81 3684.05 836.575 193.059 91.7775
F
 0.0971408 0.521369 0.614916 0.618784 0.61892
 0.0850196 0.456312 0.538187 0.541572 0.541691
 0.134939 0.724235 0.854182 0.859555 0.859743
 0.0278526 0.149489 0.176311 0.17742 0.177459
 0.00575797 0.0309039 0.0364489 0.0366781 0.0366861
 0.0665149 0.356995 0.421049 0.423698 0.423791
 0.0468922 0.251677 0.296835 0.298702 0.298767
 0.090282 0.484556 0.571499 0.575093 0.575219
 0.0753879 0.404617 0.477217 0.480218 0.480323
 0.0375992 0.2018 0.238009 0.239506 0.239558
 0.0685912 0.368138 0.434193 0.436923 0.437019
 0.0597445 0.320657 0.378192 0.380571 0.380654
 0.092018 0.493873 0.582488 0.586151 0.58628
 0.161317 0.865814 1.02116 1.02759 1.02781
 0.131544 0.706017 0.832695 0.837933 0.838117
 0.0547093 0.293633 0.346318 0.348497 0.348573
 0.0630974 0.338653 0.399416 0.401928 0.402016
 0.0575294 0.308768 0.36417 0.36646 0.366541
 0.0479029 0.257102 0.303233 0.30514 0.305207
 0.038858 0.208556 0.245977 0.247524 0.247578
 0.0191166 0.102601 0.121011 0.121772 0.121799
 0.0200377 0.107545 0.126842 0.12764 0.127667
 0.0166838 0.0895444 0.105611 0.106275 0.106299
Np
 33048.7 14016.7 10730.8 4942.78 1107.49
YTP_r0W_actual
 72112.6 620319 185064 55638.7 33242
YTP_p0W_proyectada
 28699.6 468866 407447 99672.5 36683.5
 28699.6 130433 161840 95580.5 23769.1
CTP_r0_actual
 10926.2 25633 5540.83 1276.12 606.606
CTP_p0_proyectada
 3499.96 21706.8 12976 2485.6 824.347
 3499.96 6038.55 5154.15 2383.55 534.137
Wmedp
 8.2 21.6 31.4 40.1 44.5
nmprior
 10.8 10.6 4.6 0
nm_flota  nm_reclas  nm_pelaces    nm_pelaL
inf 9.85768 12.6528 16.3082
cv_recla  cv_pelaces  cv_mph
0.857757 0.553175 0.382264
 ------------------------------------------------
Talla a la edad & desviaci?n 
 7.2 14.2025 17.0495 18.207 18.6776
 1.08 2.13037 2.55742 2.73105 2.80164
