years
 1997 1998 1999 2000 2001 2002 2003 2004 2005 2006 2007 2008 2009 2010 2011 2012 2013 2014 2015 2016 2017 2018 2019 2020 2021 2022 2023
reclasobs
 0 0 0 370054 412103 1.49427e+06 250295 1.28982e+06 931140 785840 897777 1.04006e+06 184774 17550 25797 100020 73551 82996 120727 218422 84188 347160 605670 569463 516374 1.08416e+06 1.01767e+06
reclaspred
 620667 155573 343961 194568 292109 309829 632514 468259 786060 1.00824e+06 874808 635915 355868 121935 105042 103217 72433.1 74771 110062 160664 231002 286435 586279 652918 741251 509176 392555
pelacesobs
 0 0 0 0 0 0 0 0 0 2.06254e+06 1.5e+06 0 1.87456e+06 323000 250000 174000 83755 137374 0 501740 490994 745055 786931 1.00524e+06 1.33801e+06 1.41789e+06 0
pelacespred
 2.30682e+06 456221 593776 544791 761787 508573 1.74595e+06 1.20618e+06 2.31958e+06 2.58406e+06 1.85513e+06 1.47409e+06 776268 247642 221153 198706 138720 164265 231264 310494 604285 640347 1.03452e+06 1.42404e+06 1.43204e+06 1.10412e+06 814875
mphobs
 0 0 0 0 0 0 112323 0 153150 637223 0 255016 313432 73983 77613 109348 50772 17779 17303 59886 28197 0 207744 136588 643089 65757 70829
mphpred
 209367 111499 113017 88614.1 92147.9 142180 170250 231048 237731 403989 411139 286985 186718 104889 61191.3 60793.6 41673.5 34855.7 24081.2 36100.9 49763.9 73048.5 119659 169353 194678 146053 99619.1
desembarqueobs
 350755 77701 442110 56441 14545 235359 269955 359681 431902 328805 639364 411747 362871 311530 167758 66681 60226 58785 57116 73181 50977 67692 138656 160484 209506 203330 245020
desembarquepred
 350757 77696.9 442068 56447.3 14545.8 235575 270031 359432 431625 328812 639332 411580 363097 311593 167505 66713.3 60312.5 58757.7 57041.9 73192.2 50979.2 67658.6 138677 160482 209672 203444 244990
Reclutas
 33702.4 39492.6 16703.2 20124.3 34812.2 20696.7 56500.8 54586.2 130697 106183 63190 56046.9 34109 30580 17773.5 8890.23 4890.86 8535.91 14849 10964.6 22872.1 43525.3 45064.4 57304.3 13348.7 21859.5 50291.8
log_desv_Rt
 0.164752 0.323298 -0.537213 -0.35089 0.197153 -0.322842 0.681438 0.646965 1.52006 1.31235 0.79333 0.673373 0.176747 0.0675295 -0.475105 -1.16786 -1.76545 -1.20853 -0.654882 -0.958145 -0.222897 0.420526 0.455276 0.695561 -0.761393 -0.268178 0.565026
SSB
 402175 214180 217096 170220 177008 273114 314252 435741 442085 758297 789761 551272 373058 141755 85731.3 84441.6 63404.4 50641.7 68572.2 109100 139790 198953 335918 451656 576174 453613 289690
BT
 1.42322e+06 334710 521879 306624 360900 408115 1.05781e+06 961150 1.55283e+06 1.49454e+06 1.40394e+06 1.04783e+06 702306 400749 243387 143070 115234 127425 155542 195480 328069 349142 547755 773711 766425 659560 596005
Ftot
 1.24781 1.18479 2.29789 0.594408 0.110385 1.25733 1.0469 1.85441 1.78853 0.76627 1.30482 1.16595 1.77247 4.87986 3.98791 1.31179 1.53257 1.82404 1.3247 0.938843 0.50173 0.520872 0.448044 0.469905 0.445254 0.565372 1.24441
BD_Bspro_t
 0.895133 0.604833 0.496579 0.28354 0.407082 0.566646 0.459583 0.502188 0.471995 0.552526 0.523604 0.368954 0.287151 0.148046 0.109235 0.128846 0.136753 0.15226 0.240911 0.390332 0.475239 0.625097 0.703124 0.699073 0.692542 0.57425 0.460315
BD_Bspro
 0.681234 0.362795 0.367734 0.288331 0.299829 0.462622 0.532304 0.73809 0.748838 1.28446 1.33776 0.933786 0.631915 0.240115 0.145218 0.143034 0.107399 0.0857808 0.116153 0.184803 0.236787 0.337002 0.569004 0.765049 0.975967 0.768364 0.490699
BD_Bo
 0.648956 0.345605 0.35031 0.274669 0.285623 0.440702 0.507082 0.703118 0.713356 1.2236 1.27437 0.889541 0.601973 0.228738 0.138337 0.136256 0.10231 0.0817163 0.110649 0.176046 0.225568 0.321034 0.542043 0.728799 0.929723 0.731958 0.467449
BD_Brms
 1.677 0.893095 0.905254 0.709788 0.738093 1.13884 1.31038 1.81696 1.84342 3.16197 3.29317 2.29871 1.55559 0.591093 0.357485 0.352107 0.264386 0.211167 0.285934 0.45493 0.582902 0.8296 1.40072 1.88333 2.40255 1.89149 1.20796
S_f
 0.0768595 0.612691 0.967801 0.998252 0.999908
 0.0768595 0.612691 0.967801 0.998252 0.999908
 0.0768595 0.612691 0.967801 0.998252 0.999908
 0.0768595 0.612691 0.967801 0.998252 0.999908
 0.0768595 0.612691 0.967801 0.998252 0.999908
 0.0768595 0.612691 0.967801 0.998252 0.999908
 0.0768595 0.612691 0.967801 0.998252 0.999908
 0.0768595 0.612691 0.967801 0.998252 0.999908
 0.0768595 0.612691 0.967801 0.998252 0.999908
 0.0768595 0.612691 0.967801 0.998252 0.999908
 0.0768595 0.612691 0.967801 0.998252 0.999908
 0.0768595 0.612691 0.967801 0.998252 0.999908
 0.0768595 0.612691 0.967801 0.998252 0.999908
 0.0768595 0.612691 0.967801 0.998252 0.999908
 0.0768595 0.612691 0.967801 0.998252 0.999908
 0.0768595 0.612691 0.967801 0.998252 0.999908
 0.0768595 0.612691 0.967801 0.998252 0.999908
 0.0768595 0.612691 0.967801 0.998252 0.999908
 0.0768595 0.612691 0.967801 0.998252 0.999908
 0.0768595 0.612691 0.967801 0.998252 0.999908
 0.0768595 0.612691 0.967801 0.998252 0.999908
 0.0768595 0.612691 0.967801 0.998252 0.999908
 0.0768595 0.612691 0.967801 0.998252 0.999908
 0.0768595 0.612691 0.967801 0.998252 0.999908
 0.0768595 0.612691 0.967801 0.998252 0.999908
 0.0768595 0.612691 0.967801 0.998252 0.999908
 0.0768595 0.612691 0.967801 0.998252 0.999908
Scru_reclas
 0.519687 1 1 1 1
 0.519687 1 1 1 1
 0.519687 1 1 1 1
 0.519687 1 1 1 1
 0.519687 1 1 1 1
 0.519687 1 1 1 1
 0.519687 1 1 1 1
 0.519687 1 1 1 1
 0.519687 1 1 1 1
 0.519687 1 1 1 1
 0.519687 1 1 1 1
 0.519687 1 1 1 1
 0.519687 1 1 1 1
 0.519687 1 1 1 1
 0.519687 1 1 1 1
 0.519687 1 1 1 1
 0.519687 1 1 1 1
 0.519687 1 1 1 1
 0.519687 1 1 1 1
 0.519687 1 1 1 1
 0.519687 1 1 1 1
 0.519687 1 1 1 1
 0.519687 1 1 1 1
 0.519687 1 1 1 1
 0.519687 1 1 1 1
 0.519687 1 1 1 1
 0.519687 1 1 1 1
Scru_pelaces
 0.775648 1 1 1 1
 0.775648 1 1 1 1
 0.775648 1 1 1 1
 0.775648 1 1 1 1
 0.775648 1 1 1 1
 0.775648 1 1 1 1
 0.775648 1 1 1 1
 0.775648 1 1 1 1
 0.775648 1 1 1 1
 0.775648 1 1 1 1
 0.775648 1 1 1 1
 0.775648 1 1 1 1
 0.775648 1 1 1 1
 0.775648 1 1 1 1
 0.775648 1 1 1 1
 0.775648 1 1 1 1
 0.775648 1 1 1 1
 0.775648 1 1 1 1
 0.775648 1 1 1 1
 0.775648 1 1 1 1
 0.775648 1 1 1 1
 0.775648 1 1 1 1
 0.775648 1 1 1 1
 0.775648 1 1 1 1
 0.775648 1 1 1 1
 0.775648 1 1 1 1
 0.775648 1 1 1 1
pf_obs 
 0.256992 0.487395 0.22802 0.0275931 0
 0.321318 0.546541 0.124235 0.00734118 0.000564706
 0.182869 0.594174 0.210203 0.0122559 0.00049798
 0.330522 0.361315 0.267642 0.0388342 0.00168674
 0.649043 0.306663 0.0425973 0.00169635 0
 0.582887 0.30429 0.105238 0.00758474 0
 0.465427 0.430635 0.0974691 0.00646863 0
 0.296916 0.608066 0.0921331 0.00288517 0
 0.311714 0.524322 0.152257 0.0117073 0
 0.15457 0.633149 0.183074 0.0267441 0.00246327
 0.131901 0.49318 0.331252 0.0422183 0.00144891
 0.196976 0.569456 0.194076 0.0375587 0.00193317
 0.518974 0.381816 0.0799577 0.0180837 0.00116848
 0.0928022 0.601141 0.25162 0.0475244 0.00691264
 0.122501 0.610282 0.24278 0.0234846 0.000952079
 0.383417 0.481906 0.127806 0.00687128 0
 0.0376549 0.599619 0.316969 0.0457579 0
 0.0361596 0.667082 0.258105 0.0386534 0
 0.158088 0.579412 0.248529 0.0139706 0
 0.0477256 0.309471 0.559284 0.082774 0.000745712
 0.0406174 0.521527 0.379366 0.0568643 0.0016247
 0.151134 0.462217 0.34131 0.0453401 0
 0.294876 0.26143 0.354403 0.0886775 0.000613685
 0.281977 0.475581 0.204845 0.0348837 0.00271318
 0.0841818 0.532909 0.334909 0.0458182 0.00218182
 0.115287 0.27431 0.454777 0.147771 0.00785563
 0 0 0 0 0
pf_pred 
 0.273777 0.492758 0.208396 0.025057 1.26654e-05
 0.252253 0.596946 0.122671 0.0252542 0.00287613
 0.127385 0.68117 0.170504 0.0172039 0.0037376
 0.217011 0.521822 0.236805 0.0218838 0.00247953
 0.23813 0.507248 0.197882 0.0516392 0.00510161
 0.120435 0.604166 0.209567 0.0515249 0.0143074
 0.359505 0.375343 0.217558 0.0366906 0.0109027
 0.251482 0.644041 0.0770235 0.0227294 0.00472405
 0.450878 0.443261 0.0993162 0.00491272 0.00163281
 0.201711 0.720637 0.0705314 0.00670823 0.000412993
 0.123794 0.584343 0.2757 0.0147392 0.00142323
 0.161925 0.505964 0.268052 0.0606964 0.00336339
 0.143616 0.587419 0.203533 0.0533447 0.0120866
 0.304202 0.505482 0.1601 0.0232394 0.00697679
 0.298007 0.673561 0.0268322 0.00137697 0.000222619
 0.172812 0.75658 0.0699647 0.000610964 3.2066e-05
 0.125103 0.585809 0.276755 0.0122268 0.0001062
 0.318493 0.437419 0.199782 0.0425233 0.0017818
 0.368426 0.546307 0.0692858 0.0132394 0.00274169
 0.177229 0.696022 0.118027 0.00716214 0.00156058
 0.285424 0.449141 0.242201 0.0217049 0.00152872
 0.2969 0.527386 0.130733 0.0411814 0.00379957
 0.184408 0.611 0.171631 0.0247681 0.00819348
 0.18428 0.497495 0.265889 0.044171 0.00816466
 0.0406238 0.600971 0.2608 0.0820627 0.0155432
 0.104352 0.214227 0.505147 0.129587 0.0466872
 0.305127 0.382945 0.111378 0.150232 0.0503189
pobs_RECLAS
 0 0 0 0 0
 0 0 0 0 0
 0 0 0 0 0
 0 0 0 0 0
 0.835266 0.146461 0.0176864 0.000547809 3.91292e-05
 0.385257 0.428462 0.181853 0.0044286 0
 0.867414 0.0963971 0.0333333 0.00285562 0
 0.441836 0.489002 0.0689373 0.000224442 0
 0.779404 0.147425 0.0564933 0.0165055 0.000172143
 0.814271 0.122319 0.05973 0.00367925 0
 0.40263 0.566651 0.0304383 0.000280538 0
 0.475488 0.404961 0.113038 0.00651328 0
 0.955842 0.0263864 0.0167828 0.000988607 0
 0.975058 0.0227948 0.00214734 0 0
 0.738997 0.206755 0.0527124 0.00153531 0
 0.850938 0.134255 0.0134407 0.00136685 0
 0.542534 0.407297 0.0501686 0 0
 0.764087 0.199537 0.0359546 0.000420521 0
 0.470689 0.182191 0.310203 0.0369168 0
 0.84361 0.089868 0.0606195 0.00523954 0.000663233
 0.607945 0.314616 0.071237 0.00620181 0
 0.523733 0.453247 0.0230204 0 0
 0.530135 0.295979 0.169645 0.0042399 0
 0.562478 0.366248 0.0663022 0.0049721 0
 0.250443 0.683176 0.0655157 0.000865301 0
 0.195077 0.31981 0.436473 0.0351445 0.0134964
 0.565238 0.351407 0.0832357 0.000118908 0
ppred_RECLAS
 0.656369 0.26814 0.0676473 0.00784039 3.95521e-06
 0.617102 0.332848 0.0409876 0.00813742 0.000924945
 0.437947 0.488059 0.0662299 0.00638123 0.0013829
 0.573939 0.325337 0.0916053 0.0081918 0.000926536
 0.597508 0.306125 0.0754111 0.0190746 0.00188131
 0.409099 0.465512 0.0962565 0.0228108 0.0063216
 0.745162 0.178883 0.0627175 0.0102097 0.00302809
 0.622746 0.345796 0.0234462 0.00663594 0.00137611
 0.804216 0.172362 0.0220297 0.00104577 0.000346808
 0.5291 0.441712 0.0265924 0.00244536 0.000150277
 0.419597 0.44781 0.125505 0.00646495 0.000623016
 0.502011 0.357968 0.113794 0.0248521 0.00137446
 0.470788 0.420346 0.0832031 0.0209308 0.00473193
 0.776723 0.195431 0.0237132 0.00318111 0.000950932
 0.716688 0.278194 0.00484745 0.000232728 3.74902e-05
 0.489192 0.484 0.026573 0.000223574 1.17107e-05
 0.427188 0.444929 0.122627 0.00521069 4.51646e-05
 0.718106 0.214381 0.0556702 0.0113679 0.000475271
 0.73229 0.24517 0.0184426 0.00339506 0.000701662
 0.497653 0.452302 0.0467116 0.00273793 0.000595467
 0.662521 0.246843 0.0829348 0.00719483 0.000505865
 0.663725 0.278902 0.04304 0.0131236 0.00120873
 0.512826 0.403285 0.0707397 0.00988451 0.00326423
 0.527917 0.337935 0.112681 0.0181236 0.00334421
 0.172173 0.604605 0.163859 0.0499239 0.00943957
 0.4108 0.199084 0.291663 0.0724114 0.0260425
 0.704148 0.20063 0.0348178 0.0452711 0.0151333
pobs_PELACES
 0 0 0 0 0
 0 0 0 0 0
 0 0 0 0 0
 0 0 0 0 0
 0 0 0 0 0
 0 0 0 0 0
 0 0 0 0 0
 0 0 0 0 0
 0 0 0 0 0
 0 0 0 0 0
 0.450072 0.473896 0.0757376 0.000293798 0
 0 0 0 0 0
 0.463077 0.371075 0.160297 0.00555027 0
 0.529543 0.364841 0.0842815 0.0213345 0
 0.631943 0.363953 0.00410389 0 0
 0.735681 0.248677 0.0153453 0.000297389 0
 0.695825 0.281241 0.0229344 0 0
 0.275771 0.60734 0.115278 0.00161068 0
 0 0 0 0 0
 0.896147 0.0623911 0.0374545 0.00400742 0
 0.803859 0.145111 0.0509908 3.86294e-05 0
 0.739449 0.233085 0.0266225 0.000797448 4.60066e-05
 0.878498 0.100942 0.0204185 0.000141795 0
 0.694673 0.275183 0.0284847 0.00165964 0
 0.469039 0.446079 0.0841089 0.000773354 0
 0.822795 0.102175 0.0682046 0.00682512 0
 0 0 0 0 0
ppred_PELACES
 0.785644 0.172461 0.0375903 0.00430246 2.16896e-06
 0.751117 0.220135 0.0235937 0.00462872 0.000525786
 0.643164 0.319878 0.0331604 0.00312206 0.000675743
 0.694167 0.237335 0.0623301 0.00554067 0.000626476
 0.693859 0.233575 0.0567995 0.0143511 0.00141534
 0.570813 0.348432 0.0621766 0.0145496 0.00402938
 0.844761 0.11291 0.0350165 0.00564061 0.00167199
 0.776666 0.208168 0.0113576 0.00315519 0.000653634
 0.895909 0.0937694 0.0097186 0.000453135 0.000150126
 0.658783 0.321792 0.0177091 0.00161599 9.92672e-05
 0.584151 0.331636 0.0797671 0.00405539 0.000390532
 0.657418 0.255572 0.0708677 0.0152969 0.000845468
 0.654072 0.286002 0.0459932 0.0113659 0.00256706
 0.928668 0.0660575 0.00452446 0.000577906 0.000172294
 0.884986 0.113706 0.00124163 5.72695e-05 9.20546e-06
 0.644901 0.338999 0.01596 0.000132522 6.93645e-06
 0.602442 0.320605 0.0738362 0.00308951 2.67564e-05
 0.846307 0.12261 0.0257118 0.00515501 0.000215307
 0.839342 0.148961 0.0095942 0.00174282 0.00035993
 0.638206 0.329186 0.0304549 0.00176831 0.000384388
 0.764823 0.174715 0.0553491 0.00477754 0.000335814
 0.765466 0.196547 0.028535 0.00865539 0.000796965
 0.631807 0.307537 0.0511853 0.00712002 0.00235072
 0.648145 0.255818 0.0807295 0.0129234 0.00238404
 0.254077 0.55253 0.142133 0.0431111 0.00814943
 0.545894 0.160389 0.21991 0.0542881 0.0195185
 0.822682 0.126031 0.0189039 0.0242739 0.00810881
pobs_pel_tallas
 0 0 0 0 0 0 0 0 0 0 0 0 0 0 0 0 0 0 0 0 0 0 0 0 0 0 0 0 0 0 0 0 0 0 0 0
 0 0 0 0 0 0 0 0 0 0 0 0 0 0 0 0 0 0 0 0 0 0 0 0 0 0 0 0 0 0 0 0 0 0 0 0
 0 0 0 0 0 0 0 0 0 0 0 0 0 0 0 0 0 0 0 0 0 0 0 0 0 0 0 0 0 0 0 0 0 0 0 0
 0 0 0 0 0 0 0 0 0 0 0 0 0 0 0 0 0 0 0 0 0 0 0 0 0 0 0 0 0 0 0 0 0 0 0 0
 0 0 0 0 0 0 0 0 0 0 0 0 0 0 0 0 0 0 0 0 0 0 0 0 0 0 0 0 0 0 0 0 0 0 0 0
 0 0 0 0 0 0 0 0 0 0 0 0 0 0 0 0 0 0 0 0 0 0 0 0 0 0 0 0 0 0 0 0 0 0 0 0
 0 0 0 0 0 0 0 0 0 0 0 0 0 0 0 0 0 0 0 0 0 0 0 0 0 0 0 0 0 0 0 0 0 0 0 0
 0 0 0 0 0 0 0 0 0 0 0 0 0 0 0 0 0 0 0 0 0 0 0 0 0 0 0 0 0 0 0 0 0 0 0 0
 0 0 0 0 0 0 0 0 0 0 0 0 0 0 0 0 0 0 0 0 0 0 0 0 0 0 0 0 0 0 0 0 0 0 0 0
 0 0 0 0 0 0 0 0 0 0 0 0 0 0 0 0 0 0 0 0 0 0 0 0 0 0 0 0 0 0 0 0 0 0 0 0
 0 0 0 0 0 0 0 0 1.78061e-05 0.00172719 0.00360574 0.0105946 0.0120993 0.0124554 0.0147524 0.0171206 0.0266825 0.0428682 0.0675386 0.121331 0.153587 0.119568 0.100827 0.0573624 0.0630603 0.0341343 0.0324427 0.0444173 0.0211091 0.0280891 0.0125444 0.00206551 0 0 0 0
 0 0 0 0 0 0 0 0 0 0 0 0 0 0 0 0 0 0 0 0 0 0 0 0 0 0 0 0 0 0 0 0 0 0 0 0
 0 0 0 0 0 0 0.0133647 0.0140871 0.0187388 0.0205184 0.03894 0.0496705 0.03968 0.0493445 0.0407372 0.0367815 0.0215668 0.0243155 0.0234873 0.0199281 0.019796 0.0243948 0.0301388 0.0376714 0.0412746 0.0863199 0.0771752 0.113111 0.0741005 0.0525337 0.0229764 0.00759418 0.00175318 0 0 0
 0 0 0 0 0 0 0 0 0 0 0.00219441 0.00772107 0.0458388 0.0604681 0.0671733 0.0775358 0.0609151 0.0617685 0.073594 0.0568108 0.0755445 0.0548602 0.0670107 0.0636378 0.0643287 0.046367 0.0373049 0.0286899 0.0247887 0.0153202 0.00654259 0.00121912 0.000365735 0 0 0
 0 0 0 0 0 0 0 0 0 0 0 0 0.000112435 0.00938835 0.0111873 0.0202946 0.0414886 0.0713402 0.111592 0.104902 0.108894 0.110636 0.117776 0.105296 0.107544 0.0401394 0.0192827 0.0124803 0.00416011 0.0028671 0.000618394 0 0 0 0 0
 0 0 0 0 0 0 0 0 0 0 0.00291406 0.0102884 0.027416 0.0768956 0.0749926 0.110853 0.0956884 0.0897413 0.0766577 0.0534642 0.0500743 0.0551293 0.0594112 0.0620874 0.0668451 0.0424026 0.0208742 0.0120726 0.0048766 0.00582813 0.00118941 0.000297354 0 0 0 0
 0 0.00264628 0.0354308 0.0461629 0.0458689 0.0383711 0.0214643 0.0164657 0.0346957 0.0420465 0.0363128 0.0245516 0.0311673 0.0291091 0.0169068 0.0133784 0.00837989 0.0085269 0.0148486 0.0160247 0.0276389 0.0546898 0.0760071 0.122758 0.109233 0.0665981 0.0333725 0.0166128 0.00676272 0.00308733 0.000882094 0 0 0 0 0
 0 0 0 0 0 0 0 0.000805153 0.000690131 0.00759144 0.0133425 0.0154129 0.00931677 0.000345066 0.00356568 0.00563607 0.00851162 0.0253048 0.0502646 0.0516448 0.0657925 0.0565908 0.0611916 0.0827007 0.0866115 0.110766 0.145733 0.0935128 0.0569358 0.0249597 0.0138026 0.00621118 0.00161031 0.00115022 0 0
 0 0 0 0 0 0 0 0 0 0 0 0 0 0 0 0 0 0 0 0 0 0 0 0 0 0 0 0 0 0 0 0 0 0 0 0
 0.00147267 0.00158595 0.00478618 0.00569244 0.00954404 0.0108468 0.00647125 0.017049 0.0510054 0.094081 0.124002 0.0959785 0.0687766 0.0820023 0.061753 0.0591476 0.0492212 0.0479892 0.0443925 0.0268479 0.0217502 0.0140895 0.0121071 0.0120363 0.00920419 0.00665534 0.0049561 0.00860946 0.00930331 0.0156896 0.0114698 0.00855282 0.00243557 0.00046729 0 2.83206e-05
 0 0 0 0 0.000772559 0.00158375 0.000888443 0.00281984 0.00712685 0.0440552 0.0773331 0.111326 0.0921469 0.0852325 0.0710754 0.0886704 0.0786465 0.0553345 0.0373146 0.0185414 0.00753245 0.00457741 0.012979 0.0271748 0.0457355 0.0583668 0.034881 0.0177882 0.00938659 0.00492506 0.0015258 0.00185414 0.000309023 5.79419e-05 3.86279e-05 0
 0 0.00173294 0.00326652 0 0.00397197 0.00683976 0.00946217 0.0152591 0.00757587 0.0136028 0.0228656 0.0392903 0.0559909 0.0764795 0.0681675 0.0726916 0.0566044 0.0477403 0.0527397 0.0444891 0.0609904 0.0582453 0.0661739 0.0445044 0.0529084 0.0360697 0.0280645 0.0235558 0.0158879 0.00826598 0.00280645 0.00217768 0.000904811 0.00058276 9.20147e-05 0
 0 0 0 0 0 0 0 0 0 0 0 0 0 0 0 0 0 0 0 0 0 0 0 0 0 0 0 0 0 0 0 0 0 0 0 0
 0 0 0 0 0 0 0 0 0 0 0 0 0 0 0 0 0 0 0 0 0 0 0 0 0 0 0 0 0 0 0 0 0 0 0 0
 0 0 0 0 0 0 0 0 0 0 0 0 0 0 0 0 0 0 0 0 0 0 0 0 0 0 0 0 0 0 0 0 0 0 0 0
 0 0 0 0 0 0 0 0 0 0 0 0 0 0 0 0 0 0 0 0 0 0 0 0 0 0 0 0 0 0 0 0 0 0 0 0
 0 0 0 0 0 0 0 0 0 0 0 0 0 0 0 0 0 0 0 0 0 0 0 0 0 0 0 0 0 0 0 0 0 0 0 0
ppred_pel_tallas
 1.00738e-16 3.42775e-05 0.000201184 0.000956345 0.00368199 0.011482 0.0290025 0.0593429 0.0983671 0.132103 0.143752 0.126793 0.0907487 0.0529331 0.0256357 0.0111999 0.00587823 0.00525836 0.00663174 0.00880016 0.011261 0.0137001 0.0158271 0.0173746 0.0181472 0.0180646 0.0171779 0.0156511 0.0137167 0.0116192 0.00956661 0.007702 0.00609788 0.00476874 0.00369237 0.00283047
 1.00591e-16 3.27738e-05 0.000192352 0.000914347 0.00352027 0.0109776 0.0277287 0.0567369 0.094049 0.126309 0.13746 0.121273 0.086864 0.0508001 0.0248504 0.0112784 0.00652246 0.00637737 0.00825013 0.0109675 0.0139941 0.0169513 0.0194723 0.0212207 0.0219562 0.0215912 0.0202106 0.0180459 0.0154148 0.0126468 0.0100174 0.00771021 0.00580973 0.00431878 0.00318835 0.00234742
 1.00714e-16 2.80706e-05 0.000164731 0.000783012 0.00301457 0.00940058 0.0237453 0.0485874 0.0805441 0.108184 0.117766 0.103973 0.0746355 0.0439773 0.0221257 0.011077 0.00783806 0.00884708 0.0118845 0.0158896 0.0202822 0.0245581 0.0281922 0.0306966 0.0317229 0.0311451 0.0290887 0.0258933 0.0220244 0.0179641 0.0141164 0.0107504 0.00799035 0.00583997 0.00422647 0.00304393
 1.01182e-16 3.02914e-05 0.000177776 0.000845046 0.00325344 0.0101455 0.0256269 0.0524366 0.0869218 0.116741 0.127056 0.112116 0.0803533 0.0470896 0.0232175 0.0108477 0.00670888 0.00693175 0.00912877 0.0122106 0.0156596 0.0190858 0.0220972 0.0243255 0.025498 0.0254976 0.0243862 0.0223802 0.0197901 0.0169451 0.0141271 0.0115321 0.00926329 0.00734725 0.00576211 0.0044646
 1.01442e-16 3.02777e-05 0.000177696 0.000844669 0.00325199 0.010141 0.0256154 0.0524132 0.0868829 0.116688 0.126997 0.112063 0.0803104 0.0470553 0.0231835 0.0108033 0.00664314 0.00683471 0.00899177 0.0120276 0.0154291 0.0188127 0.0217942 0.0240128 0.0252018 0.0252471 0.0242097 0.0223012 0.0198242 0.0170979 0.0143939 0.011899 0.00970882 0.00784504 0.00628395 0.00498328
 1.01685e-16 2.4917e-05 0.000146214 0.000694973 0.00267558 0.00834346 0.0210752 0.0431243 0.0714899 0.0960287 0.10455 0.0923448 0.0663737 0.0392812 0.0200824 0.0105808 0.00815344 0.00966471 0.0131535 0.0176603 0.0226194 0.0275028 0.0317443 0.0348105 0.0363123 0.0360943 0.0342676 0.0311711 0.0272794 0.0230884 0.019016 0.0153448 0.0122117 0.00963482 0.00755827 0.00589602
 1.00806e-16 3.68528e-05 0.000216309 0.00102826 0.00395891 0.0123455 0.0311838 0.0638055 0.105762 0.142028 0.154535 0.136263 0.0974366 0.0566534 0.0270996 0.0112633 0.00508421 0.00379699 0.00448962 0.00590548 0.00757225 0.00925233 0.0107503 0.0118894 0.0125376 0.0126353 0.0122062 0.0113464 0.0101958 0.00890391 0.00759922 0.00637183 0.00527038 0.00431002 0.00348524 0.00278197
 1.00369e-16 3.38874e-05 0.000198891 0.000945435 0.00363997 0.0113509 0.0286715 0.058666 0.0972461 0.130601 0.142125 0.125378 0.0897778 0.0524516 0.02556 0.0114334 0.00637918 0.00604088 0.00773447 0.0102521 0.0130553 0.0157771 0.0180689 0.0196139 0.0201892 0.0197187 0.0182918 0.0161379 0.0135676 0.0109009 0.00840344 0.00625011 0.00451755 0.00320149 0.00224617 0.00157408
 1.00192e-16 3.90823e-05 0.0002294 0.0010905 0.00419856 0.0130929 0.0330714 0.0676676 0.112163 0.150621 0.163877 0.144484 0.103279 0.0599756 0.0285483 0.0116208 0.00487145 0.00323331 0.00361116 0.00467596 0.00594371 0.00719252 0.00825473 0.00898528 0.00928184 0.00910753 0.00849935 0.00755709 0.00641758 0.00522259 0.00409091 0.00310183 0.00229191 0.00166239 0.00119182 0.000848927
 1.00417e-16 2.87518e-05 0.00016873 0.000802022 0.00308776 0.00962883 0.0243219 0.0497671 0.0824994 0.110809 0.120622 0.10649 0.0764326 0.0450162 0.0226109 0.011257 0.00788391 0.00883831 0.0118428 0.0158093 0.0201447 0.0243379 0.0278595 0.0302206 0.0310769 0.0303114 0.0280635 0.0246897 0.0206733 0.0165119 0.0126197 0.00926948 0.00658196 0.00455142 0.00309126 0.00208009
 1.01398e-16 2.5498e-05 0.000149626 0.000711198 0.00273806 0.0085383 0.0215673 0.0441311 0.0731582 0.0982675 0.106982 0.0944794 0.0678787 0.0401135 0.0204005 0.0105757 0.00794524 0.0092949 0.0126194 0.0169494 0.0217302 0.026455 0.0305825 0.0335999 0.0351291 0.0350115 0.033341 0.0304288 0.0267182 0.0226772 0.0187062 0.0150821 0.0119487 0.0093389 0.00721546 0.00550951
 1.01655e-16 2.86897e-05 0.000168371 0.00080033 0.00308127 0.0096086 0.0242707 0.0496619 0.0823232 0.110567 0.120345 0.106213 0.0761629 0.0447155 0.0221993 0.0106283 0.0069198 0.00742147 0.00987593 0.0132425 0.0170067 0.0207606 0.0240857 0.0265862 0.0279668 0.0280975 0.0270385 0.025014 0.0223483 0.0193857 0.0164206 0.0136578 0.0112056 0.00909354 0.00730302 0.00579526
 1.01257e-16 2.85449e-05 0.000167519 0.000796272 0.00306563 0.00955983 0.0241475 0.0494101 0.0819068 0.110011 0.119746 0.1057 0.07583 0.04459 0.022266 0.0108727 0.00735291 0.00807659 0.0107915 0.0144416 0.018479 0.0224494 0.0258844 0.0283462 0.0295172 0.029273 0.0277092 0.0251092 0.0218676 0.0183961 0.0150407 0.0120346 0.00948905 0.00741612 0.00576576 0.00446236
 1.00114e-16 4.05096e-05 0.000237782 0.00113036 0.00435202 0.0135715 0.0342802 0.0701407 0.116261 0.156122 0.169855 0.149736 0.106994 0.0620541 0.0293893 0.0117054 0.004509 0.00253811 0.00258362 0.00328055 0.00415551 0.00502075 0.00575245 0.00624797 0.00643602 0.00629197 0.0058436 0.00516313 0.00434871 0.00350155 0.002706 0.0020178 0.00146178 0.00103724 0.000727199 0.000507665
 1.00058e-16 3.86068e-05 0.000226607 0.00107722 0.0041474 0.0129333 0.0326685 0.0668433 0.110797 0.148789 0.161889 0.142742 0.102058 0.0593162 0.0283269 0.0116905 0.0051456 0.00369116 0.00426744 0.00555002 0.00703879 0.00848394 0.00968564 0.0104701 0.0107172 0.0103888 0.00953845 0.00829678 0.00683931 0.0053457 0.00396477 0.00279351 0.00187309 0.00119836 0.000734438 0.000433683
 1.00342e-16 2.81471e-05 0.000165179 0.000785136 0.00302274 0.00942606 0.0238097 0.0487193 0.0807631 0.108479 0.118091 0.104269 0.0748676 0.0441529 0.0222852 0.011272 0.00811733 0.00925082 0.0124422 0.016615 0.0211652 0.0255586 0.0292381 0.031689 0.0325498 0.0316989 0.0292861 0.0256904 0.0214243 0.0170152 0.0129018 0.00937282 0.0065552 0.00444143 0.00293776 0.0019131
 1.01261e-16 2.62951e-05 0.000154307 0.000733454 0.00282375 0.00880553 0.0222423 0.0455121 0.0754469 0.10134 0.110322 0.0974158 0.0699607 0.0412883 0.0208951 0.0106645 0.00780808 0.0090031 0.0121798 0.0163457 0.0209469 0.0254887 0.0294469 0.0323258 0.0337611 0.0336018 0.0319415 0.0290848 0.0254636 0.0215339 0.0176846 0.0141848 0.0111725 0.00867802 0.00666236 0.00505558
 1.00593e-16 3.69206e-05 0.000216706 0.00103015 0.00396618 0.0123682 0.031241 0.0639226 0.105957 0.14229 0.154821 0.13652 0.0976308 0.0567864 0.0272007 0.0113694 0.00522698 0.00400022 0.0047692 0.00626813 0.00801229 0.0097486 0.0112654 0.0123723 0.0129307 0.0128835 0.0122672 0.011198 0.0098404 0.008367 0.00692436 0.00561263 0.004482 0.00354177 0.00277566 0.00215658
 1.00262e-16 3.66179e-05 0.000214927 0.00102169 0.00393358 0.0122665 0.0309842 0.0633975 0.105087 0.141124 0.153559 0.135421 0.0968757 0.0564093 0.0271358 0.0115403 0.00559989 0.00458464 0.00559419 0.00735638 0.00936023 0.0113137 0.0129617 0.0140764 0.0144978 0.0141706 0.0131577 0.0116224 0.00978616 0.00787732 0.00608604 0.0045377 0.00328797 0.00233485 0.00163957 0.00114772
 1.00619e-16 2.78548e-05 0.000163463 0.000776983 0.00299135 0.00932818 0.0235624 0.0482133 0.0799242 0.107352 0.116863 0.103183 0.074082 0.0436791 0.0220273 0.011112 0.00796794 0.00906317 0.0121943 0.0163026 0.0208003 0.0251701 0.0288716 0.031403 0.0324073 0.0317574 0.0295859 0.0262464 0.0222225 0.0180142 0.0140401 0.0105785 0.00775679 0.00557682 0.00396036 0.00279438
 1.01023e-16 3.33697e-05 0.000195855 0.000931006 0.00358443 0.0111777 0.028234 0.0577705 0.095761 0.128604 0.139947 0.123442 0.0883615 0.0515638 0.0250163 0.0110053 0.00588819 0.00537517 0.00683371 0.00909903 0.0116798 0.0142639 0.0165583 0.0182898 0.0192539 0.0193585 0.0186415 0.0172534 0.0154142 0.0133592 0.0112917 0.00935527 0.00762885 0.00613796 0.00487459 0.00381568
 1.00804e-16 3.33985e-05 0.000196022 0.000931798 0.00358747 0.0111872 0.028258 0.0578198 0.0958432 0.128716 0.140073 0.123564 0.0884715 0.0516737 0.0251541 0.0112079 0.00619512 0.00582365 0.0074531 0.00990224 0.0126536 0.0153616 0.0176979 0.0193613 0.0201345 0.0199338 0.0188272 0.0170121 0.0147624 0.012363 0.0100531 0.00799331 0.00625928 0.0048576 0.00375156 0.00288668
 1.01182e-16 2.7575e-05 0.000161822 0.000769186 0.00296133 0.00923458 0.023326 0.0477294 0.0791216 0.106273 0.115684 0.102133 0.07331 0.0431868 0.021711 0.010843 0.00764309 0.00861446 0.0115819 0.0155122 0.0198469 0.0241044 0.0277813 0.030406 0.0316365 0.0313389 0.0296168 0.0267762 0.0232442 0.0194664 0.0158187 0.0125554 0.00979915 0.00756494 0.00579945 0.00442043
 1.01785e-16 2.82854e-05 0.000165997 0.000789045 0.00303781 0.00947309 0.0239284 0.0489616 0.0811625 0.109009 0.11865 0.10472 0.0750985 0.0441035 0.0219196 0.0105353 0.00691446 0.00745924 0.00994636 0.0133506 0.0171634 0.0209787 0.0243781 0.026964 0.028437 0.0286616 0.0276906 0.0257405 0.0231285 0.020193 0.0172255 0.014431 0.0119213 0.00973187 0.00785172 0.00624996
 1.0406e-16 1.11143e-05 6.51603e-05 0.000309593 0.0011917 0.00371598 0.00938683 0.0192107 0.0318591 0.0428318 0.0467307 0.0415081 0.030342 0.0189779 0.0115859 0.0091552 0.0107045 0.0149751 0.0211204 0.0285706 0.0367321 0.044847 0.0520356 0.0574497 0.0604556 0.0607767 0.0585468 0.0542522 0.0485926 0.0423068 0.036023 0.0301731 0.0249788 0.0204933 0.0166683 0.013416
 1.05952e-16 2.38231e-05 0.000139808 0.000664557 0.00255854 0.0079785 0.0201531 0.0412364 0.0683556 0.0918052 0.0999167 0.0881682 0.0631895 0.0370329 0.0182686 0.0085665 0.00537349 0.00567952 0.00765633 0.0105135 0.013922 0.0176534 0.0214602 0.0250744 0.0282447 0.0307735 0.0325382 0.0334897 0.033637 0.0330251 0.0317181 0.0297939 0.0273476 0.0244966 0.0213824 0.0181627
 1.01523e-16 3.58905e-05 0.000210659 0.0010014 0.00385547 0.012023 0.030369 0.0621385 0.102999 0.138319 0.150503 0.132717 0.0949204 0.0552293 0.0264915 0.0111366 0.00521716 0.00409685 0.00493992 0.00651642 0.00835303 0.0101992 0.0118433 0.0130943 0.0138128 0.013941 0.0135132 0.0126415 0.0114829 0.0101992 0.00892243 0.00773744 0.00668013 0.00574957 0.00492542 0.00418367
pSPR Fmed_Fpbrs
0.538131   0.436974 0.436974
Fs Fmed_Fpbrs
0.64   1.005 1.005
SSBpbr Bo_Bmed_Bpbrs
619726  302507  239818 239818
Ro
28583.1
SPR SPRFo_SPRFmed_SPRFpbrs
590362 317692 257973
log_Ro
10.0806
likeval ReclasPelacesDesembMPH_pf_preclas_ppelaces_ptallas_desvR_qrecl_qpela
 78.8071 10.126 0.0507888 113.137 344.167 220.699 59.6194 0 22.3934 9.72984e-07 0.00010985 0 0 0 0
q_reclas_q_pelaces
1.15002 4.44207
M
0.7
N
 33702.4 9995.47 3147.12 371.75 0.187729
 39492.6 15205.6 2310.84 467.131 53.1488
 16703.2 17904.5 3653.74 364.571 79.1579
 20124.3 6951.71 2175.27 196.292 22.2126
 34812.2 9547.13 2398.4 607.676 59.9397
 20696.7 17141.2 4430.92 1070.33 296.932
 56500.8 9330.94 3939.79 651.656 193.443
 54586.2 25888.3 2439.78 710.302 147.523
 130697 23505.9 4127.24 201.333 66.8667
 106183 56566.3 3901.8 363.008 22.3225
 63190 49713.3 17565.3 922.97 89.0411
 56046.9 28384.9 11098.7 2467.31 136.588
 34109 25446.4 6899.8 1783.22 403.732
 30580 14780.8 4265.66 616.371 184.998
 17773.5 10436.2 369.165 18.8333 3.04388
 8890.23 6496.1 450.197 3.86417 0.202623
 4890.86 3991.35 1444.09 62.8112 0.545119
 8535.91 2158.85 775.021 162.716 6.81317
 14849 3684.33 350.641 65.8637 13.6271
 10964.6 6659.99 812.579 48.3138 10.5158
 22872.1 5065.8 1860.6 162.65 11.4406
 43525.3 10928.3 1849.85 568.544 52.3875
 45064.4 20765.8 3944.11 554.885 183.311
 57304.3 21620.8 7836.53 1269.48 234.338
 13348.7 27447.1 8050.62 2469.51 467.106
 21859.5 6405.78 10375.6 2598.23 934.883
 50291.8 10393.5 2249.71 2981.09 997.552
pred_Ctot
 2228.85 4011.6 1696.57 203.992 0.10311
 2485.1 5880.88 1208.5 248.795 28.3345
 1964.68 10505.8 2629.71 265.338 57.6457
 648.028 1558.24 707.136 65.3484 7.40428
 211.612 450.761 175.846 45.8887 4.5335
 1378.75 6916.54 2399.14 589.861 163.793
 3156.09 3295.13 1909.94 322.106 95.715
 5257.8 13465.2 1610.35 475.21 98.7671
 12168.1 11962.5 2680.3 132.582 44.0656
 4382.44 15656.8 1532.39 145.745 8.97284
 4361.57 20587.8 9713.57 519.298 50.1438
 3472.88 10851.7 5749.05 1301.79 72.1365
 3148.78 12879.1 4462.45 1169.58 264.997
 7027.66 11677.6 3698.62 536.877 161.178
 3434.28 7762.21 309.218 15.8684 2.56549
 616.768 2700.24 249.705 2.18053 0.114444
 393.512 1842.66 870.532 38.4595 0.334053
 809.533 1111.82 507.799 108.084 4.5289
 1039.85 1541.91 195.554 37.3671 7.73821
 551.247 2164.89 367.107 22.2769 4.85398
 623.624 981.331 529.185 47.4231 3.3401
 1231.23 2187.04 542.142 170.777 15.7566
 1099.23 3642.08 1023.07 147.639 48.8401
 1464.91 3954.77 2113.64 351.131 64.9038
 323.611 4787.35 2077.54 653.715 123.817
 670.178 1375.82 3244.18 832.239 299.837
 3317.28 4163.31 1210.88 1633.29 547.058
F
 0.0959061 0.764522 1.20763 1.24563 1.2477
 0.0910625 0.725911 1.14664 1.18272 1.18468
 0.176615 1.4079 2.2239 2.29388 2.29768
 0.0456858 0.364188 0.575268 0.593369 0.594353
 0.00848414 0.0676319 0.106831 0.110192 0.110375
 0.0966379 0.770356 1.21685 1.25513 1.25722
 0.0804644 0.641427 1.01319 1.04507 1.04681
 0.142529 1.13618 1.7947 1.85117 1.85424
 0.137465 1.09581 1.73094 1.7854 1.78836
 0.0588951 0.469486 0.741596 0.76493 0.766199
 0.100287 0.799448 1.2628 1.30253 1.30469
 0.0896142 0.714366 1.12841 1.16391 1.16584
 0.136231 1.08598 1.7154 1.76937 1.77231
 0.375063 2.98984 4.72273 4.87133 4.87941
 0.306508 2.44335 3.8595 3.98093 3.98754
 0.100824 0.803722 1.26955 1.3095 1.31167
 0.117793 0.938994 1.48323 1.5299 1.53243
 0.140194 1.11757 1.7653 1.82085 1.82387
 0.101816 0.81163 1.28204 1.32238 1.32458
 0.072159 0.57522 0.908613 0.937202 0.938756
 0.0385627 0.307405 0.485574 0.500853 0.501683
 0.0400339 0.319133 0.5041 0.519961 0.520824
 0.0344364 0.274512 0.433617 0.447261 0.448003
 0.0361167 0.287907 0.454775 0.469084 0.469862
 0.034222 0.272803 0.430917 0.444476 0.445213
 0.0434542 0.346398 0.547167 0.564384 0.56532
 0.0956449 0.76244 1.20434 1.24224 1.2443
Np
 18945.8 8708.83 6088.75 452.08 72.0961
YTP_r0W_actual
 22145 76877.5 33365.3 57590.9 21408.5
YTP_p0W_proyectada
 8342.39 167876 35711 6472.31 10485.8
 8342.39 64416.3 90301.9 8733.61 1547.26
CTP_r0_actual
 2700.61 3559.14 1062.59 1436.18 481.09
CTP_p0_proyectada
 1017.36 7772.04 1137.29 161.404 235.636
 1017.36 2982.24 2875.86 217.796 34.7698
Wmedp
 8.2 21.6 31.4 40.1 44.5
nmprior
 10.8 10.6 4.6 0
nm_flota  nm_reclas  nm_pelaces    nm_pelaL
inf 16.4662 10.2693 26.0711
cv_recla  cv_pelaces  cv_mph
0.7688 0.348585 0.426413
 ------------------------------------------------
Talla a la edad & desviaci?n 
 7.2 14.2025 17.0495 18.207 18.6776
 1.08 2.13037 2.55742 2.73105 2.80164
