years
 1997 1998 1999 2000 2001 2002 2003 2004 2005 2006 2007 2008 2009 2010 2011 2012 2013 2014 2015 2016 2017 2018 2019 2020 2021 2022 2023
reclasobs
 0 0 0 370054 412103 1.49427e+06 250295 1.28982e+06 931140 785840 897777 1.04006e+06 184774 17550 25797 100020 73551 82996 120727 218422 84188 347160 605670 569463 516374 1.08416e+06 1.01767e+06
reclaspred
 388580 102594 280850 185819 245392 255797 557367 420373 812236 807673 667288 464929 282482 145454 112489 92339.7 75346.8 97796.6 128710 185207 291816 351004 645955 726972 736743 574313 458155
pelacesobs
 0 0 0 0 0 0 0 0 0 2.06254e+06 1.5e+06 0 1.87456e+06 323000 250000 174000 83755 137374 0 501740 490994 745055 786931 1.00524e+06 1.33801e+06 1.41789e+06 0
pelacespred
 873823 193568 335210 341470 393375 325568 857472 718133 1.35781e+06 1.33665e+06 1.00678e+06 733595 448072 197066 150684 131754 112402 139451 181313 257868 475886 510324 802173 1.09511e+06 1.08778e+06 948800 703791
mphobs
 0 0 0 0 0 0 112323 0 153150 637223 0 255016 313432 73983 77613 109348 50772 17779 17303 59886 28197 0 207744 136588 643089 65757 70829
mphpred
 135191 78444.2 90621.7 98018.7 97844.5 135603 180806 214713 238655 393106 392659 288104 179286 107888 59594.1 51990.6 41342.4 41012.2 23493.7 33302 50679.6 70166.3 115466 164284 185026 156550 113979
desembarqueobs
 350755 77701 442110 56441 14545 235359 269955 359681 431902 328805 639364 411747 362871 311530 167758 66681 60226 58785 57116 73181 50977 67692 138656 160484 209506 203330 245020
desembarquepred
 350762 77700.9 442106 56443.7 14545.4 235510 270004 359661 431780 328818 639568 411870 363308 311811 167744 66719.6 60300 58796.3 57096.3 73185.4 50976.1 67678.9 138659 160479 209574 203384 245025
Reclutas
 42997.9 53109.8 28659.2 39337.8 55605.2 37564.8 73592.1 89131.2 222776 152767 69179.3 43351.7 39843.3 28973.8 20446 13016.8 8673.87 15479.7 28631.6 29584.8 54546 111151 110590 124689 29114.3 39811.3 70094.1
log_desv_Rt
 -0.0706669 0.140543 -0.476345 -0.159633 0.186458 -0.205751 0.466719 0.658291 1.57435 1.1971 0.404883 -0.0624732 -0.146864 -0.465425 -0.81403 -1.26558 -1.6715 -1.09229 -0.477305 -0.444557 0.167227 0.879074 0.874008 0.994001 -0.460589 -0.147667 0.418021
SSB
 565553 328162 379105 410049 409320 567278 735136 887588 977489 1.61512e+06 1.64264e+06 1.20525e+06 769015 408226 231045 204308 170138 162843 207406 307018 445406 602135 1.01483e+06 1.38726e+06 1.69411e+06 1.47374e+06 1.01584e+06
BT
 1.85243e+06 478806 842845 672144 716567 773261 1.72656e+06 1.68681e+06 2.82481e+06 2.70314e+06 2.37361e+06 1.69181e+06 1.16132e+06 654584 413267 292229 256003 297906 373272 519085 894960 975226 1.52792e+06 2.09894e+06 2.11597e+06 1.88705e+06 1.4868e+06
Ftot
 0.604697 0.530291 0.849333 0.177132 0.036852 0.427998 0.302187 0.579512 0.481356 0.239819 0.439148 0.383632 0.589791 1.02795 0.833321 0.34577 0.397013 0.356815 0.286116 0.228405 0.113317 0.122838 0.109541 0.117694 0.118776 0.147138 0.263297
BD_Bspro_t
 0.933261 0.702682 0.641479 0.480212 0.607311 0.734278 0.663451 0.679055 0.670156 0.726213 0.702711 0.564073 0.460705 0.355209 0.263166 0.284318 0.323355 0.397189 0.517807 0.66291 0.752714 0.840464 0.879047 0.877304 0.868426 0.814642 0.751711
BD_Bspro
 0.593371 0.344303 0.397752 0.430219 0.429454 0.595182 0.771296 0.931247 1.02557 1.69456 1.72344 1.26453 0.806841 0.428306 0.242409 0.214357 0.178506 0.170853 0.217608 0.32212 0.467315 0.631753 1.06474 1.4555 1.77744 1.54623 1.06581
BD_Bo
 0.324872 0.188507 0.21777 0.235546 0.235127 0.325863 0.422286 0.50986 0.561502 0.927776 0.943586 0.692334 0.441747 0.234499 0.13272 0.117361 0.0977326 0.0935425 0.119141 0.176361 0.255856 0.345886 0.582949 0.796889 0.973151 0.846564 0.583534
BD_Brms
 1.0339 0.599921 0.693052 0.749622 0.748289 1.03706 1.34392 1.62262 1.78697 2.95264 3.00296 2.20335 1.40586 0.74629 0.422379 0.3735 0.311033 0.297698 0.379165 0.561269 0.81426 1.10078 1.85523 2.53609 3.09705 2.69418 1.85709
S_f
 0.162203 0.857717 0.994701 0.999829 0.999995
 0.162203 0.857717 0.994701 0.999829 0.999995
 0.162203 0.857717 0.994701 0.999829 0.999995
 0.162203 0.857717 0.994701 0.999829 0.999995
 0.162203 0.857717 0.994701 0.999829 0.999995
 0.162203 0.857717 0.994701 0.999829 0.999995
 0.162203 0.857717 0.994701 0.999829 0.999995
 0.162203 0.857717 0.994701 0.999829 0.999995
 0.162203 0.857717 0.994701 0.999829 0.999995
 0.162203 0.857717 0.994701 0.999829 0.999995
 0.162203 0.857717 0.994701 0.999829 0.999995
 0.162203 0.857717 0.994701 0.999829 0.999995
 0.162203 0.857717 0.994701 0.999829 0.999995
 0.162203 0.857717 0.994701 0.999829 0.999995
 0.162203 0.857717 0.994701 0.999829 0.999995
 0.162203 0.857717 0.994701 0.999829 0.999995
 0.162203 0.857717 0.994701 0.999829 0.999995
 0.162203 0.857717 0.994701 0.999829 0.999995
 0.162203 0.857717 0.994701 0.999829 0.999995
 0.162203 0.857717 0.994701 0.999829 0.999995
 0.162203 0.857717 0.994701 0.999829 0.999995
 0.162203 0.857717 0.994701 0.999829 0.999995
 0.162203 0.857717 0.994701 0.999829 0.999995
 0.162203 0.857717 0.994701 0.999829 0.999995
 0.162203 0.857717 0.994701 0.999829 0.999995
 0.162203 0.857717 0.994701 0.999829 0.999995
 0.162203 0.857717 0.994701 0.999829 0.999995
Scru_reclas
 1 1 1 1 1
 1 1 1 1 1
 1 1 1 1 1
 1 1 1 1 1
 1 1 1 1 1
 1 1 1 1 1
 1 1 1 1 1
 1 1 1 1 1
 1 1 1 1 1
 1 1 1 1 1
 1 1 1 1 1
 1 1 1 1 1
 1 1 1 1 1
 1 1 1 1 1
 1 1 1 1 1
 1 1 1 1 1
 1 1 1 1 1
 1 1 1 1 1
 1 1 1 1 1
 1 1 1 1 1
 1 1 1 1 1
 1 1 1 1 1
 1 1 1 1 1
 1 1 1 1 1
 1 1 1 1 1
 1 1 1 1 1
 1 1 1 1 1
Scru_pelaces
 1 1 1 1 1
 1 1 1 1 1
 1 1 1 1 1
 1 1 1 1 1
 1 1 1 1 1
 1 1 1 1 1
 1 1 1 1 1
 1 1 1 1 1
 1 1 1 1 1
 1 1 1 1 1
 1 1 1 1 1
 1 1 1 1 1
 1 1 1 1 1
 1 1 1 1 1
 1 1 1 1 1
 1 1 1 1 1
 1 1 1 1 1
 1 1 1 1 1
 1 1 1 1 1
 1 1 1 1 1
 1 1 1 1 1
 1 1 1 1 1
 1 1 1 1 1
 1 1 1 1 1
 1 1 1 1 1
 1 1 1 1 1
 1 1 1 1 1
pf_obs 
 0.256992 0.487395 0.22802 0.0275931 0
 0.321318 0.546541 0.124235 0.00734118 0.000564706
 0.182869 0.594174 0.210203 0.0122559 0.00049798
 0.330522 0.361315 0.267642 0.0388342 0.00168674
 0.649043 0.306663 0.0425973 0.00169635 0
 0.582887 0.30429 0.105238 0.00758474 0
 0.465427 0.430635 0.0974691 0.00646863 0
 0.296916 0.608066 0.0921331 0.00288517 0
 0.311714 0.524322 0.152257 0.0117073 0
 0.15457 0.633149 0.183074 0.0267441 0.00246327
 0.131901 0.49318 0.331252 0.0422183 0.00144891
 0.196976 0.569456 0.194076 0.0375587 0.00193317
 0.518974 0.381816 0.0799577 0.0180837 0.00116848
 0.0928022 0.601141 0.25162 0.0475244 0.00691264
 0.122501 0.610282 0.24278 0.0234846 0.000952079
 0.383417 0.481906 0.127806 0.00687128 0
 0.0376549 0.599619 0.316969 0.0457579 0
 0.0361596 0.667082 0.258105 0.0386534 0
 0.158088 0.579412 0.248529 0.0139706 0
 0.0477256 0.309471 0.559284 0.082774 0.000745712
 0.0406174 0.521527 0.379366 0.0568643 0.0016247
 0.151134 0.462217 0.34131 0.0453401 0
 0.294876 0.26143 0.354403 0.0886775 0.000613685
 0.281977 0.475581 0.204845 0.0348837 0.00271318
 0.0841818 0.532909 0.334909 0.0458182 0.00218182
 0.115287 0.27431 0.454777 0.147771 0.00785563
 0 0 0 0 0
pf_pred 
 0.337945 0.459999 0.180581 0.0214635 1.19065e-05
 0.316417 0.522241 0.118501 0.038316 0.00452542
 0.174162 0.611229 0.17093 0.0321373 0.0115412
 0.272647 0.430761 0.231243 0.0521309 0.013218
 0.270368 0.482553 0.155612 0.071401 0.0200664
 0.159904 0.544487 0.2051 0.0571123 0.0333977
 0.315524 0.360487 0.222919 0.0702611 0.0308091
 0.293751 0.512302 0.110311 0.0576521 0.0259834
 0.464903 0.385977 0.113692 0.0202102 0.015218
 0.202442 0.667109 0.0987249 0.0242248 0.00749948
 0.104558 0.512317 0.328602 0.0413211 0.0132019
 0.105576 0.367681 0.324254 0.173831 0.028659
 0.155789 0.352347 0.223603 0.16553 0.102731
 0.184303 0.454166 0.168467 0.0881007 0.104963
 0.206204 0.51261 0.172788 0.0507414 0.0576557
 0.165884 0.539253 0.20457 0.0556513 0.0346412
 0.137931 0.456889 0.277565 0.0887017 0.0389121
 0.281363 0.349106 0.212076 0.108076 0.049379
 0.361102 0.444115 0.103129 0.0527384 0.0389161
 0.249846 0.565872 0.134475 0.0264446 0.0233634
 0.32371 0.429217 0.19352 0.0391392 0.0144137
 0.367432 0.447821 0.123672 0.0478927 0.0131825
 0.229384 0.573995 0.145273 0.0344339 0.0169139
 0.212819 0.4698 0.245291 0.0533384 0.018752
 0.051658 0.549741 0.252383 0.113144 0.0330745
 0.108084 0.194711 0.430042 0.169493 0.0976697
 0.229762 0.309184 0.113561 0.214787 0.132706
pobs_RECLAS
 0 0 0 0 0
 0 0 0 0 0
 0 0 0 0 0
 0 0 0 0 0
 0.835266 0.146461 0.0176864 0.000547809 3.91292e-05
 0.385257 0.428462 0.181853 0.0044286 0
 0.867414 0.0963971 0.0333333 0.00285562 0
 0.441836 0.489002 0.0689373 0.000224442 0
 0.779404 0.147425 0.0564933 0.0165055 0.000172143
 0.814271 0.122319 0.05973 0.00367925 0
 0.40263 0.566651 0.0304383 0.000280538 0
 0.475488 0.404961 0.113038 0.00651328 0
 0.955842 0.0263864 0.0167828 0.000988607 0
 0.975058 0.0227948 0.00214734 0 0
 0.738997 0.206755 0.0527124 0.00153531 0
 0.850938 0.134255 0.0134407 0.00136685 0
 0.542534 0.407297 0.0501686 0 0
 0.764087 0.199537 0.0359546 0.000420521 0
 0.470689 0.182191 0.310203 0.0369168 0
 0.84361 0.089868 0.0606195 0.00523954 0.000663233
 0.607945 0.314616 0.071237 0.00620181 0
 0.523733 0.453247 0.0230204 0 0
 0.530135 0.295979 0.169645 0.0042399 0
 0.562478 0.366248 0.0663022 0.0049721 0
 0.250443 0.683176 0.0655157 0.000865301 0
 0.195077 0.31981 0.436473 0.0351445 0.0134964
 0.565238 0.351407 0.0832357 0.000118908 0
ppred_RECLAS
 0.745187 0.185271 0.0621862 0.00735102 4.07714e-06
 0.722984 0.219133 0.0425746 0.0136917 0.00161682
 0.550697 0.346089 0.0823028 0.0153864 0.00552456
 0.679415 0.201372 0.0930535 0.0208688 0.0052905
 0.673185 0.226871 0.0630661 0.0287885 0.00808934
 0.52019 0.327532 0.105828 0.029312 0.0171379
 0.726187 0.154598 0.0821612 0.0257601 0.0112937
 0.70311 0.224393 0.041332 0.021484 0.00968102
 0.830866 0.127105 0.0320853 0.00567298 0.00427094
 0.581503 0.358308 0.0456096 0.0111331 0.00344598
 0.402318 0.36425 0.200365 0.0250611 0.00800548
 0.410121 0.264851 0.200492 0.106913 0.0176234
 0.524702 0.216999 0.117778 0.0867143 0.0538069
 0.579513 0.251541 0.0789769 0.0410599 0.0489096
 0.604836 0.269625 0.0773155 0.0225763 0.025648
 0.529809 0.320105 0.104298 0.0282234 0.0175652
 0.480767 0.295055 0.153832 0.048899 0.0214476
 0.694705 0.160099 0.0835186 0.042337 0.0193401
 0.760082 0.17435 0.0348025 0.017704 0.0130617
 0.648378 0.274757 0.05617 0.0109882 0.00970631
 0.728281 0.181717 0.0705746 0.0141999 0.00522845
 0.763027 0.174924 0.0416079 0.0160296 0.00441141
 0.621211 0.292574 0.0637872 0.0150413 0.00738703
 0.603602 0.250692 0.112744 0.0243894 0.00857308
 0.235289 0.471071 0.186281 0.0830781 0.0242816
 0.42018 0.142213 0.270464 0.106046 0.0610982
 0.636036 0.159835 0.0504802 0.0949775 0.0586715
pobs_PELACES
 0 0 0 0 0
 0 0 0 0 0
 0 0 0 0 0
 0 0 0 0 0
 0 0 0 0 0
 0 0 0 0 0
 0 0 0 0 0
 0 0 0 0 0
 0 0 0 0 0
 0 0 0 0 0
 0.450072 0.473896 0.0757376 0.000293798 0
 0 0 0 0 0
 0.463077 0.371075 0.160297 0.00555027 0
 0.529543 0.364841 0.0842815 0.0213345 0
 0.631943 0.363953 0.00410389 0 0
 0.735681 0.248677 0.0153453 0.000297389 0
 0.695825 0.281241 0.0229344 0 0
 0.275771 0.60734 0.115278 0.00161068 0
 0 0 0 0 0
 0.896147 0.0623911 0.0374545 0.00400742 0
 0.803859 0.145111 0.0509908 3.86294e-05 0
 0.739449 0.233085 0.0266225 0.000797448 4.60066e-05
 0.878498 0.100942 0.0204185 0.000141795 0
 0.694673 0.275183 0.0284847 0.00165964 0
 0.469039 0.446079 0.0841089 0.000773354 0
 0.822795 0.102175 0.0682046 0.00682512 0
 0 0 0 0 0
ppred_PELACES
 0.771943 0.167052 0.054559 0.00644282 3.5733e-06
 0.747634 0.200636 0.0380576 0.0122281 0.00144394
 0.600412 0.310502 0.0710586 0.0132652 0.00476272
 0.688847 0.196034 0.0898642 0.0201475 0.0051076
 0.675156 0.225619 0.0626136 0.0285802 0.00803079
 0.54617 0.311715 0.0987877 0.0273421 0.0159858
 0.740912 0.147163 0.0771491 0.0241763 0.0105992
 0.731373 0.204342 0.0366657 0.0190398 0.00857935
 0.846533 0.115957 0.028641 0.00505987 0.00380925
 0.595213 0.347113 0.0437083 0.0106646 0.00330094
 0.428671 0.350898 0.189226 0.0236503 0.00755463
 0.433949 0.256618 0.19092 0.101742 0.0167707
 0.561919 0.202968 0.107264 0.078895 0.0489534
 0.640029 0.219422 0.0657643 0.0341313 0.0406541
 0.652241 0.24014 0.0663151 0.0193369 0.0219668
 0.550764 0.307378 0.0985976 0.0266653 0.0165952
 0.505488 0.283208 0.145029 0.0460698 0.0202062
 0.713382 0.151476 0.0777558 0.0393919 0.0179944
 0.772482 0.165932 0.0326965 0.0166247 0.0122652
 0.660744 0.265697 0.0537599 0.0105127 0.00928613
 0.73373 0.178376 0.0689233 0.013865 0.00510511
 0.768349 0.171247 0.0405078 0.0156025 0.00429385
 0.627374 0.28814 0.0625103 0.0147375 0.00723777
 0.610515 0.246805 0.110407 0.0238791 0.00839365
 0.24061 0.46877 0.184378 0.0822131 0.0240286
 0.429675 0.140598 0.265619 0.10412 0.0599883
 0.651464 0.154111 0.0480967 0.0904526 0.0558756
pobs_pel_tallas
 0 0 0 0 0 0 0 0 0 0 0 0 0 0 0 0 0 0 0 0 0 0 0 0 0 0 0 0 0 0 0 0 0 0 0 0
 0 0 0 0 0 0 0 0 0 0 0 0 0 0 0 0 0 0 0 0 0 0 0 0 0 0 0 0 0 0 0 0 0 0 0 0
 0 0 0 0 0 0 0 0 0 0 0 0 0 0 0 0 0 0 0 0 0 0 0 0 0 0 0 0 0 0 0 0 0 0 0 0
 0 0 0 0 0 0 0 0 0 0 0 0 0 0 0 0 0 0 0 0 0 0 0 0 0 0 0 0 0 0 0 0 0 0 0 0
 0 0 0 0 0 0 0 0 0 0 0 0 0 0 0 0 0 0 0 0 0 0 0 0 0 0 0 0 0 0 0 0 0 0 0 0
 0 0 0 0 0 0 0 0 0 0 0 0 0 0 0 0 0 0 0 0 0 0 0 0 0 0 0 0 0 0 0 0 0 0 0 0
 0 0 0 0 0 0 0 0 0 0 0 0 0 0 0 0 0 0 0 0 0 0 0 0 0 0 0 0 0 0 0 0 0 0 0 0
 0 0 0 0 0 0 0 0 0 0 0 0 0 0 0 0 0 0 0 0 0 0 0 0 0 0 0 0 0 0 0 0 0 0 0 0
 0 0 0 0 0 0 0 0 0 0 0 0 0 0 0 0 0 0 0 0 0 0 0 0 0 0 0 0 0 0 0 0 0 0 0 0
 0 0 0 0 0 0 0 0 0 0 0 0 0 0 0 0 0 0 0 0 0 0 0 0 0 0 0 0 0 0 0 0 0 0 0 0
 0 0 0 0 0 0 0 0 1.78061e-05 0.00172719 0.00360574 0.0105946 0.0120993 0.0124554 0.0147524 0.0171206 0.0266825 0.0428682 0.0675386 0.121331 0.153587 0.119568 0.100827 0.0573624 0.0630603 0.0341343 0.0324427 0.0444173 0.0211091 0.0280891 0.0125444 0.00206551 0 0 0 0
 0 0 0 0 0 0 0 0 0 0 0 0 0 0 0 0 0 0 0 0 0 0 0 0 0 0 0 0 0 0 0 0 0 0 0 0
 0 0 0 0 0 0 0.0133647 0.0140871 0.0187388 0.0205184 0.03894 0.0496705 0.03968 0.0493445 0.0407372 0.0367815 0.0215668 0.0243155 0.0234873 0.0199281 0.019796 0.0243948 0.0301388 0.0376714 0.0412746 0.0863199 0.0771752 0.113111 0.0741005 0.0525337 0.0229764 0.00759418 0.00175318 0 0 0
 0 0 0 0 0 0 0 0 0 0 0.00219441 0.00772107 0.0458388 0.0604681 0.0671733 0.0775358 0.0609151 0.0617685 0.073594 0.0568108 0.0755445 0.0548602 0.0670107 0.0636378 0.0643287 0.046367 0.0373049 0.0286899 0.0247887 0.0153202 0.00654259 0.00121912 0.000365735 0 0 0
 0 0 0 0 0 0 0 0 0 0 0 0 0.000112435 0.00938835 0.0111873 0.0202946 0.0414886 0.0713402 0.111592 0.104902 0.108894 0.110636 0.117776 0.105296 0.107544 0.0401394 0.0192827 0.0124803 0.00416011 0.0028671 0.000618394 0 0 0 0 0
 0 0 0 0 0 0 0 0 0 0 0.00291406 0.0102884 0.027416 0.0768956 0.0749926 0.110853 0.0956884 0.0897413 0.0766577 0.0534642 0.0500743 0.0551293 0.0594112 0.0620874 0.0668451 0.0424026 0.0208742 0.0120726 0.0048766 0.00582813 0.00118941 0.000297354 0 0 0 0
 0 0.00264628 0.0354308 0.0461629 0.0458689 0.0383711 0.0214643 0.0164657 0.0346957 0.0420465 0.0363128 0.0245516 0.0311673 0.0291091 0.0169068 0.0133784 0.00837989 0.0085269 0.0148486 0.0160247 0.0276389 0.0546898 0.0760071 0.122758 0.109233 0.0665981 0.0333725 0.0166128 0.00676272 0.00308733 0.000882094 0 0 0 0 0
 0 0 0 0 0 0 0 0.000805153 0.000690131 0.00759144 0.0133425 0.0154129 0.00931677 0.000345066 0.00356568 0.00563607 0.00851162 0.0253048 0.0502646 0.0516448 0.0657925 0.0565908 0.0611916 0.0827007 0.0866115 0.110766 0.145733 0.0935128 0.0569358 0.0249597 0.0138026 0.00621118 0.00161031 0.00115022 0 0
 0 0 0 0 0 0 0 0 0 0 0 0 0 0 0 0 0 0 0 0 0 0 0 0 0 0 0 0 0 0 0 0 0 0 0 0
 0.00147267 0.00158595 0.00478618 0.00569244 0.00954404 0.0108468 0.00647125 0.017049 0.0510054 0.094081 0.124002 0.0959785 0.0687766 0.0820023 0.061753 0.0591476 0.0492212 0.0479892 0.0443925 0.0268479 0.0217502 0.0140895 0.0121071 0.0120363 0.00920419 0.00665534 0.0049561 0.00860946 0.00930331 0.0156896 0.0114698 0.00855282 0.00243557 0.00046729 0 2.83206e-05
 0 0 0 0 0.000772559 0.00158375 0.000888443 0.00281984 0.00712685 0.0440552 0.0773331 0.111326 0.0921469 0.0852325 0.0710754 0.0886704 0.0786465 0.0553345 0.0373146 0.0185414 0.00753245 0.00457741 0.012979 0.0271748 0.0457355 0.0583668 0.034881 0.0177882 0.00938659 0.00492506 0.0015258 0.00185414 0.000309023 5.79419e-05 3.86279e-05 0
 0 0.00173294 0.00326652 0 0.00397197 0.00683976 0.00946217 0.0152591 0.00757587 0.0136028 0.0228656 0.0392903 0.0559909 0.0764795 0.0681675 0.0726916 0.0566044 0.0477403 0.0527397 0.0444891 0.0609904 0.0582453 0.0661739 0.0445044 0.0529084 0.0360697 0.0280645 0.0235558 0.0158879 0.00826598 0.00280645 0.00217768 0.000904811 0.00058276 9.20147e-05 0
 0 0 0 0 0 0 0 0 0 0 0 0 0 0 0 0 0 0 0 0 0 0 0 0 0 0 0 0 0 0 0 0 0 0 0 0
 0 0 0 0 0 0 0 0 0 0 0 0 0 0 0 0 0 0 0 0 0 0 0 0 0 0 0 0 0 0 0 0 0 0 0 0
 0 0 0 0 0 0 0 0 0 0 0 0 0 0 0 0 0 0 0 0 0 0 0 0 0 0 0 0 0 0 0 0 0 0 0 0
 0 0 0 0 0 0 0 0 0 0 0 0 0 0 0 0 0 0 0 0 0 0 0 0 0 0 0 0 0 0 0 0 0 0 0 0
 0 0 0 0 0 0 0 0 0 0 0 0 0 0 0 0 0 0 0 0 0 0 0 0 0 0 0 0 0 0 0 0 0 0 0 0
ppred_pel_tallas
 1.01051e-16 3.36798e-05 0.000197676 0.000939667 0.00361778 0.0112817 0.0284967 0.058308 0.0966516 0.129799 0.141245 0.124582 0.0891661 0.0520101 0.0251895 0.0110078 0.00578454 0.00518721 0.00655888 0.00872806 0.0112076 0.0136955 0.015911 0.0175927 0.0185445 0.018677 0.0180244 0.0167282 0.0149963 0.0130512 0.0110853 0.00923505 0.00757569 0.0061326 0.00489988 0.00385777
 1.01094e-16 3.26212e-05 0.000191458 0.000910099 0.00350392 0.0109266 0.0275999 0.0564732 0.0936114 0.12572 0.136815 0.120695 0.0864303 0.0505069 0.024634 0.0110584 0.00623013 0.00596211 0.00767825 0.0102243 0.0130898 0.0159278 0.0184049 0.0202127 0.0211261 0.0210535 0.0200558 0.0183244 0.0161284 0.0137492 0.0114244 0.00931463 0.00749839 0.00598738 0.00475219 0.00374691
 1.01789e-16 2.62061e-05 0.000153785 0.000730978 0.00281422 0.00877581 0.0221672 0.0453584 0.0751919 0.100996 0.109946 0.0970792 0.0697088 0.041119 0.0207715 0.0105401 0.00764257 0.00876637 0.0118505 0.0159119 0.0204096 0.0248662 0.0287763 0.0316621 0.0331708 0.0331544 0.031699 0.0290921 0.0257422 0.0220793 0.0184685 0.0151598 0.0122796 0.00985349 0.00784482 0.00619124
 1.02271e-16 3.00577e-05 0.000176408 0.000838551 0.00322845 0.0100676 0.02543 0.0520334 0.0862525 0.115839 0.126066 0.111223 0.0796706 0.0466042 0.0228209 0.0104017 0.00608979 0.00604193 0.00789873 0.0106073 0.0137019 0.0168587 0.0197568 0.022088 0.0236128 0.0242077 0.0238868 0.0227836 0.0211077 0.0190884 0.0169274 0.0147713 0.0127085 0.0107816 0.00900719 0.00739211
 1.0232e-16 2.94619e-05 0.000172907 0.000821903 0.00316434 0.00986766 0.024925 0.0510004 0.0845411 0.113543 0.123575 0.109043 0.0781469 0.0457893 0.0225636 0.0105221 0.00648371 0.00668774 0.00881713 0.0118209 0.0152076 0.018612 0.0216672 0.0240264 0.0254291 0.0257574 0.025057 0.0235141 0.0213999 0.0190004 0.0165581 0.0142381 0.0121249 0.0102398 0.00856839 0.00708515
 1.03191e-16 2.3841e-05 0.0001399 0.000664964 0.00256005 0.00798319 0.0201651 0.041262 0.0684022 0.0918798 0.10003 0.0883433 0.063479 0.0375315 0.019122 0.00997233 0.00757128 0.00892294 0.0121637 0.0163996 0.021124 0.0258733 0.0301471 0.0334648 0.0354628 0.0359724 0.0350504 0.0329483 0.0300358 0.0267059 0.0232941 0.0200327 0.0170445 0.0143665 0.0119862 0.00987457
 1.0247e-16 3.2326e-05 0.000189729 0.000901892 0.00347234 0.0108282 0.0273511 0.0559638 0.0927657 0.12458 0.135563 0.119566 0.0855659 0.0498902 0.0241267 0.0104847 0.00543217 0.00481496 0.00609301 0.00815909 0.0105698 0.0130635 0.0153985 0.0173434 0.0187149 0.0194125 0.019434 0.0188631 0.0178382 0.0165124 0.0150207 0.0134617 0.0118967 0.0103602 0.00887342 0.00745602
 1.01643e-16 3.19122e-05 0.000187295 0.00089031 0.00342773 0.010689 0.0269997 0.0552453 0.0915762 0.122987 0.133843 0.118079 0.0845675 0.0494403 0.024155 0.0109135 0.00624777 0.00606529 0.00784789 0.0104652 0.0134132 0.0163441 0.0189218 0.0208344 0.0218538 0.0218865 0.020992 0.0193604 0.0172585 0.0149639 0.0127083 0.0106459 0.00884838 0.00732272 0.00603765 0.00494907
 1.00797e-16 3.69302e-05 0.000216763 0.00103042 0.00396722 0.0123715 0.0312492 0.0639395 0.105984 0.142327 0.15486 0.136551 0.0976451 0.0567796 0.0271693 0.0113079 0.00512703 0.00385103 0.00456047 0.00599353 0.00767307 0.00935643 0.0108434 0.0119538 0.0125552 0.0125907 0.0120904 0.0111588 0.00994536 0.00860766 0.00727948 0.0060525 0.00497325 0.00405186 0.00327617 0.00262524
 1.01255e-16 2.59809e-05 0.00015246 0.000724667 0.00278991 0.0087 0.0219758 0.044967 0.074544 0.100129 0.10901 0.0962734 0.0691738 0.0408909 0.020817 0.0108237 0.00816515 0.00956292 0.0129666 0.0173769 0.0222133 0.0269431 0.0310004 0.0338561 0.0351294 0.0346773 0.0326266 0.0293337 0.0252901 0.0210062 0.0169092 0.0132843 0.0102639 0.00785525 0.00598673 0.00455434
 1.03967e-16 1.87194e-05 0.000109827 0.000521984 0.00200953 0.0062664 0.0158287 0.0323898 0.0536977 0.072139 0.0785662 0.0694549 0.050054 0.0298911 0.0157798 0.00912902 0.00802811 0.010176 0.0141332 0.019177 0.0248337 0.0306094 0.0359432 0.04028 0.0431802 0.0444083 0.0439716 0.0420919 0.0391298 0.0354874 0.0315251 0.0275142 0.0236284 0.0199645 0.0165737 0.0134875
 1.07074e-16 1.89456e-05 0.000111164 0.00052836 0.00203411 0.00634308 0.0160223 0.0327851 0.0543504 0.0730076 0.0794901 0.0702194 0.0504914 0.0299253 0.0153852 0.00825956 0.00658035 0.00800087 0.0110788 0.015143 0.0198262 0.0247837 0.0296226 0.0339396 0.0373928 0.039762 0.0409764 0.0410986 0.0402793 0.0386999 0.0365274 0.0338937 0.0309001 0.0276353 0.0241951 0.0206922
 1.06588e-16 2.45232e-05 0.000143915 0.000684077 0.00263368 0.00821283 0.020745 0.0424477 0.0703645 0.0945055 0.102862 0.0907817 0.0650943 0.038212 0.0189643 0.00907692 0.00592442 0.00640225 0.00860857 0.0116931 0.0152652 0.0190298 0.0226779 0.0259024 0.0284519 0.0301773 0.0310495 0.031143 0.0305944 0.0295522 0.0281388 0.0264337 0.0244807 0.0223078 0.0199502 0.017464
 1.04078e-16 2.79298e-05 0.000163914 0.000779147 0.00299972 0.00935431 0.0236283 0.0483473 0.0801433 0.107637 0.117149 0.103378 0.0740975 0.0434382 0.0214458 0.0100711 0.00630465 0.00658836 0.00873266 0.0117474 0.0151709 0.0186591 0.0218636 0.0244526 0.0261732 0.0269046 0.0266776 0.0256516 0.0240617 0.0221535 0.0201295 0.0181208 0.0161877 0.0143402 0.0125658 0.0108537
 1.02711e-16 2.84632e-05 0.000167043 0.00079402 0.00305698 0.00953286 0.0240793 0.0492703 0.0816737 0.109694 0.119391 0.105365 0.075539 0.0443185 0.0219453 0.0104128 0.00665819 0.00705604 0.00936957 0.0125758 0.0161812 0.0198046 0.0230573 0.0255715 0.0270713 0.0274326 0.0267052 0.0250886 0.0228714 0.0203575 0.017803 0.0153808 0.0131769 0.01121 0.00946091 0.00789947
 1.03192e-16 2.40411e-05 0.000141075 0.000670552 0.00258157 0.0080503 0.0203346 0.0416088 0.0689769 0.0926511 0.100868 0.0890794 0.0639992 0.0378216 0.0192374 0.00998006 0.00751396 0.00881587 0.0120063 0.0161865 0.0208519 0.0255444 0.0297705 0.0330561 0.0350422 0.0355619 0.0346701 0.0326135 0.0297554 0.0264823 0.023124 0.019909 0.0169585 0.0143094 0.0119503 0.0098535
 1.04679e-16 2.2066e-05 0.000129482 0.000615439 0.00236938 0.00738859 0.0186632 0.0381887 0.0633075 0.0850368 0.0925803 0.081766 0.0587569 0.0347482 0.0177218 0.00927599 0.00709433 0.00841571 0.0115315 0.0156345 0.0202788 0.0250566 0.0295199 0.0332267 0.0358259 0.0371262 0.0371262 0.0359906 0.0339889 0.0314188 0.0285419 0.0255486 0.0225561 0.0196284 0.0168038 0.0141165
 1.03348e-16 3.11257e-05 0.000182682 0.000868389 0.00334334 0.0104259 0.026335 0.0538848 0.0893199 0.119954 0.130532 0.115135 0.0824091 0.0480788 0.0233057 0.0102231 0.00543654 0.00495247 0.00632936 0.00850202 0.01104 0.0136839 0.0161895 0.0183223 0.0198942 0.0208 0.0210314 0.0206649 0.0198297 0.0186675 0.0173009 0.0158162 0.0142657 0.0126786 0.0110776 0.00948968
 1.01663e-16 3.37032e-05 0.000197813 0.000940322 0.0036203 0.0112896 0.0285166 0.0583486 0.0967189 0.12989 0.141342 0.124666 0.0892232 0.0520368 0.0251896 0.0109852 0.00573873 0.00511264 0.00644648 0.00856719 0.0109882 0.0134104 0.0155587 0.01718 0.0180881 0.018205 0.0175749 0.0163466 0.0147304 0.0129448 0.0111716 0.00953099 0.00807847 0.00681921 0.00572991 0.004779
 1.01645e-16 2.88351e-05 0.000169224 0.000804382 0.00309686 0.00965724 0.0243935 0.0499133 0.0827403 0.111128 0.120957 0.106757 0.0765612 0.0449658 0.0223536 0.010751 0.00706096 0.00761218 0.0101321 0.0135672 0.0173886 0.0211721 0.0244832 0.0269145 0.0281671 0.0281186 0.0268473 0.0246038 0.0217412 0.0186291 0.0155792 0.0128024 0.0104015 0.00839194 0.00673567 0.00537371
 1.01752e-16 3.20141e-05 0.000187895 0.000893167 0.00343874 0.0107234 0.0270864 0.0554225 0.0918693 0.123379 0.134264 0.118437 0.0847956 0.049517 0.0240875 0.0107076 0.0058909 0.00552933 0.00710297 0.00949598 0.0122333 0.0150063 0.0175196 0.0194943 0.0207172 0.0210847 0.0206212 0.0194621 0.0178122 0.0158922 0.0138938 0.0119537 0.0101496 0.00851245 0.00704562 0.00574191
 1.01368e-16 3.35233e-05 0.000196756 0.000935295 0.00360094 0.0112292 0.0283641 0.0580367 0.096202 0.129196 0.140589 0.124006 0.0887588 0.0517826 0.0250978 0.0109988 0.00582341 0.00525967 0.00666183 0.00886075 0.0113666 0.0138726 0.0160935 0.0177657 0.0186939 0.0187941 0.0181092 0.0167911 0.0150571 0.0131355 0.0112192 0.00943926 0.00786129 0.00649846 0.00533303 0.00433605
 1.01826e-16 2.73809e-05 0.000160684 0.000763781 0.00294053 0.00916971 0.0231621 0.0473939 0.078565 0.105524 0.114866 0.101402 0.0727668 0.0428301 0.0214644 0.0106107 0.00734536 0.00819504 0.0110045 0.0147607 0.0189308 0.0230649 0.0266937 0.0293747 0.0307822 0.0307801 0.0294497 0.0270582 0.0239841 0.0206248 0.0173163 0.0142871 0.0116504 0.00942627 0.00757806 0.00604653
 1.02861e-16 2.66442e-05 0.000156363 0.000743243 0.00286147 0.00892317 0.0225393 0.0461194 0.0764514 0.102683 0.111766 0.0986512 0.0707602 0.0415841 0.0207215 0.0100523 0.00672556 0.00736251 0.00987923 0.0133191 0.0172089 0.0211676 0.0247961 0.0277079 0.0296024 0.0303264 0.0298994 0.0284923 0.0263711 0.0238263 0.0211122 0.0184132 0.015839 0.013441 0.0112372 0.00923342
 1.06718e-16 1.05237e-05 6.17008e-05 0.000293163 0.00112847 0.00351882 0.00888872 0.0181909 0.0301665 0.0405523 0.0442331 0.0392647 0.0286482 0.0178129 0.0106931 0.00821049 0.0094248 0.013145 0.0185901 0.0252677 0.0326909 0.0402378 0.0471756 0.0527823 0.056497 0.0580367 0.0574431 0.0550389 0.0513195 0.0468183 0.0419931 0.0371646 0.0325117 0.0281076 0.0239712 0.0201105
 1.10198e-16 1.87546e-05 0.000110053 0.000523103 0.00201391 0.00628011 0.0158631 0.0324586 0.053806 0.0722672 0.07866 0.0694291 0.0497994 0.0292677 0.014595 0.00711747 0.00485323 0.00546639 0.00755422 0.01053 0.0141644 0.0182954 0.0227285 0.0272308 0.031557 0.0354766 0.038793 0.0413484 0.0430213 0.0437235 0.0434034 0.0420561 0.0397381 0.0365743 0.0327554 0.0285205
 1.06452e-16 2.84257e-05 0.000166831 0.000793031 0.0030532 0.0095211 0.0240495 0.0492086 0.0815691 0.109546 0.119211 0.10516 0.0752924 0.0439732 0.0214031 0.00953963 0.0052939 0.00502949 0.00652532 0.00881318 0.0114996 0.0143425 0.0171115 0.0195844 0.0215839 0.0230102 0.0238522 0.0241708 0.024065 0.0236322 0.0229394 0.022014 0.0208531 0.0194452 0.0177926 0.0159263
pSPR Fmed_Fpbrs
0.471591   0.364219 0.364219
Fs Fmed_Fpbrs
0.64   1.005 1.005
SSBpbr Bo_Bmed_Bpbrs
1.74085e+06  733926  547008 547008
Ro
46146.4
SPR SPRFo_SPRFmed_SPRFpbrs
953118 449482 347144
log_Ro
10.5596
likeval ReclasPelacesDesembMPH_pf_preclas_ppelaces_ptallas_desvR_qrecl_qpela
 89.8584 21.4397 0.0260368 137.351 344.954 227.869 58.704 0 20.7795 5.15626e-05 0 0 0 0 0
q_reclas_q_pelaces
0.361484 1
M
0.7
N
 42997.9 13192.2 4615.19 546.408 0.303072
 53109.8 19357.3 3899.95 1255.91 148.313
 28659.2 24199.9 6099.63 1142.8 410.358
 39337.8 12400.1 5800.01 1301.34 329.911
 55605.2 18981.3 5289.79 2414.92 678.575
 37564.8 27448.2 9132.55 2532.29 1480.61
 73592.1 17403 9442.28 2962.74 1298.96
 89131.2 34796.7 6668.89 3471.59 1564.42
 222776 40290.3 10511.4 1860.81 1400.98
 152767 102319 13240 3233.8 1000.97
 69179.3 72967.7 41363.3 5179.43 1654.57
 43351.7 31991.5 24862.3 13270.9 2187.63
 39843.3 20229 11432.1 8429.63 5230.91
 28973.8 17980.5 6057.19 3157.43 3761.38
 20446 12178.3 3697.27 1081.92 1229.21
 13016.8 8869.52 2959.15 801.469 498.818
 8673.87 6111.41 3274.12 1041.81 456.965
 15479.7 4038.68 2158.97 1095.42 500.417
 28631.6 7254.71 1476.79 751.795 554.675
 29584.8 13573.3 2818.61 551.713 487.357
 54546 14157.1 5541.12 1115.22 410.632
 111151 26593.4 6379.05 2458.33 676.548
 110590 54107.2 11885.3 2803.4 1376.81
 124689 53950.1 24459.3 5292.78 1860.48
 29114.3 60747.7 24218.3 10804.3 3157.84
 39811.3 14181.9 27244.5 10686.3 6156.98
 70094.1 19303.5 6207.52 11687.2 7219.83
pred_Ctot
 2905.42 3954.75 1552.51 184.529 0.102364
 3163.67 5221.59 1184.82 383.1 45.2471
 2673.69 9383.39 2624.07 493.362 177.176
 802.587 1268.03 680.705 153.457 38.9097
 238.406 425.507 137.216 62.9602 17.6943
 1819.14 6194.33 2333.31 649.736 379.948
 2538.78 2900.56 1793.65 565.337 247.897
 5782.11 10084 2171.33 1134.81 511.451
 12087.6 10035.5 2956.02 525.47 395.672
 4201.06 13843.8 2048.73 502.71 155.629
 3434.68 16829.4 10794.4 1357.38 433.675
 1887.68 6574.08 5797.61 3108.07 512.418
 2628.65 5945.2 3772.89 2793 1733.39
 3231.02 7961.99 2953.39 1544.49 1840.11
 1873.6 4657.64 1569.98 461.043 523.867
 512.232 1665.15 631.689 171.845 106.968
 390.493 1293.49 785.807 251.121 110.163
 628.113 779.344 473.438 241.269 110.234
 936.276 1151.51 267.396 136.742 100.903
 775.483 1756.38 417.389 82.08 72.5164
 715.19 948.291 427.555 86.4724 31.8448
 1578.76 1924.17 531.387 205.783 56.6418
 1402.08 3508.47 887.962 210.473 103.384
 1697.51 3747.27 1956.51 425.443 149.572
 399.972 4256.48 1954.13 876.037 256.086
 676.154 1218.08 2690.28 1060.32 611.006
 2112.74 2843.05 1044.23 1975.04 1220.27
F
 0.098084 0.518659 0.601493 0.604594 0.604694
 0.0860151 0.45484 0.527481 0.530201 0.530288
 0.137765 0.728487 0.844832 0.849188 0.849329
 0.0287314 0.151929 0.176193 0.177101 0.177131
 0.00597752 0.0316086 0.0366567 0.0368457 0.0368518
 0.0694228 0.367101 0.42573 0.427925 0.427996
 0.0490158 0.259191 0.300585 0.302135 0.302185
 0.0939989 0.497057 0.576441 0.579413 0.579509
 0.0780777 0.412867 0.478805 0.481274 0.481354
 0.0388994 0.205697 0.238548 0.239778 0.239817
 0.0712313 0.376665 0.436821 0.439073 0.439146
 0.0622265 0.329048 0.381599 0.383567 0.38363
 0.0956661 0.505873 0.586665 0.58969 0.589787
 0.166738 0.881693 1.02251 1.02778 1.02795
 0.135168 0.714753 0.828904 0.833178 0.833316
 0.0560851 0.296573 0.343938 0.345711 0.345768
 0.0643969 0.340525 0.394909 0.396945 0.397011
 0.0578766 0.306046 0.354924 0.356754 0.356813
 0.0464091 0.245407 0.2846 0.286068 0.286115
 0.0370481 0.195907 0.227194 0.228366 0.228404
 0.0183803 0.0971935 0.112716 0.113297 0.113316
 0.0199248 0.10536 0.122187 0.122817 0.122838
 0.0177679 0.0939551 0.10896 0.109522 0.10954
 0.0190904 0.100948 0.117071 0.117674 0.117694
 0.0192659 0.101876 0.118146 0.118756 0.118775
 0.0238662 0.126202 0.146358 0.147112 0.147137
 0.0427077 0.225834 0.261901 0.263252 0.263295
Np
 36520.8 15407.7 6994.51 1397.63 509.69
YTP_r0W_actual
 62764.7 181845 93691.2 226008 154953
YTP_p0W_proyectada
 32701.9 314190 115434 45875.7 132264
 32701.9 145145 105570 27027.4 10939.1
CTP_r0_actual
 7654.23 8418.73 2983.8 5636.11 3482.1
CTP_p0_proyectada
 3988.04 14545.8 3676.23 1144.03 2972.23
 3988.04 6719.68 3362.09 674.001 245.822
Wmedp
 8.2 21.6 31.4 40.1 44.5
nmprior
 10.8 10.6 4.6 0
nm_flota  nm_reclas  nm_pelaces    nm_pelaL
inf 10.2538 12.735 35.2371
cv_recla  cv_pelaces  cv_mph
0.820937 0.507225 0.469833
 ------------------------------------------------
Talla a la edad & desviaci?n 
 7.2 14.2025 17.0495 18.207 18.6776
 1.08 2.13037 2.55742 2.73105 2.80164
