years
 1997 1998 1999 2000 2001 2002 2003 2004 2005 2006 2007 2008 2009 2010 2011 2012 2013 2014 2015 2016 2017 2018 2019 2020 2021
reclasobs
 0 0 0 370054 412103 1.49427e+06 250295 1.28982e+06 931140 785840 897777 1.04006e+06 184774 17550 25797 100020 73551 82996 120727 218422 84188 347160 605670 569463 516374
reclaspred
 362230 96787.4 268442 180134 238248 249237 543119 408393 783310 774605 638437 443494 267777 136993 105246 85691.8 68513 82735.4 102823 147073 241118 282631 538558 838951 990086
pelacesobs
 0 0 0 0 0 0 0 0 0 2.06254e+06 1.5e+06 0 1.87456e+06 323000 250000 174000 83755 137374 0 501740 490994 745055 786931 1.00524e+06 1.33801e+06
pelacespred
 868008 191353 341549 350292 404418 337224 884989 741932 1.38819e+06 1.35962e+06 1.02181e+06 741893 450388 196626 149054 129313 108018 124185 152582 214626 414478 434440 708104 1.27848e+06 1.50041e+06
mphobs
 0 0 0 0 0 0 112323 0 153150 637223 0 255016 313432 73983 77613 109348 50772 17779 17303 59886 28197 0 207744 136588 643089
mphpred
 130008 75767.4 89017.5 97680.4 98537.5 136716 183049 217229 240257 393034 390378 286003 177232 110295 60492.2 52429 41099 39423.1 27496.9 37250.1 57601.6 82427.6 132339 208802 327036
desembarqueobs
 350755 77701 442110 56441 14545 235359 269955 359681 431902 328805 639364 411747 362871 311530 167758 66681 60226 58785 57116 73181 50977 67692 138656 160484 209506
desembarquepred
 350763 77701 442105 56443.7 14545.4 235510 270005 359669 431787 328820 639582 411883 363334 311834 167748 66721.4 60305.6 58804.2 57096.3 73186 50975.6 67678.2 138662 160471 209502
Reclutas
 42995.1 53586.4 29389 40757.9 56981.7 38300.7 75294.6 90556.7 225700 153067 68817.6 42577.3 39031.4 28619.1 20159 12579 8186.43 12974.1 24121.2 26035.2 50076.4 92338.9 111193 223930 52257.3
log_desv_Rt
 -0.0772734 0.142935 -0.457739 -0.13071 0.204371 -0.19289 0.483048 0.667616 1.58085 1.19252 0.3931 -0.0870395 -0.173993 -0.484286 -0.834707 -1.30633 -1.73588 -1.27541 -0.655269 -0.578912 0.0751891 0.687105 0.87291 1.57297 0.117819
SSB
 555855 323948 380599 417638 421303 584536 760802 917889 1.00585e+06 1.65052e+06 1.66908e+06 1.22282e+06 776909 409004 229915 201973 166000 153728 180300 255587 375690 524675 863179 1.30789e+06 2.2156e+06
BT
 1.84181e+06 474959 853950 687937 736330 794502 1.77569e+06 1.73107e+06 2.87921e+06 2.74465e+06 2.40137e+06 1.70695e+06 1.166e+06 654493 410590 287932 248487 270753 322473 441962 785060 839638 1.36043e+06 2.42251e+06 2.8463e+06
Ftot
 0.63972 0.555276 0.874031 0.178284 0.036787 0.424913 0.298634 0.577963 0.485099 0.243221 0.441616 0.383268 0.591619 1.04731 0.862049 0.359598 0.418216 0.390369 0.344838 0.286061 0.138382 0.146423 0.1333 0.122925 0.0905224
BD_Bspro_t
 0.931753 0.69999 0.642483 0.484827 0.614139 0.740117 0.67116 0.686696 0.676854 0.731218 0.706874 0.568629 0.464331 0.356972 0.263602 0.283831 0.320016 0.385391 0.484822 0.623072 0.721617 0.821874 0.861174 0.871842 0.895429
BD_Bspro
 0.582024 0.339198 0.398517 0.437299 0.441137 0.612054 0.796619 0.961101 1.0532 1.72822 1.74766 1.28039 0.813484 0.428259 0.240739 0.211482 0.173815 0.160965 0.188788 0.267619 0.393377 0.549375 0.903816 1.36946 2.31991
BD_Bo
 0.339822 0.198046 0.232679 0.255323 0.257564 0.357356 0.465117 0.561152 0.614925 1.00904 1.0204 0.747573 0.474964 0.250045 0.140558 0.123476 0.101484 0.0939819 0.110226 0.156253 0.229678 0.32076 0.527705 0.799578 1.35451
BD_Brms
 1.05258 0.613433 0.720708 0.790846 0.797785 1.10689 1.44067 1.73813 1.90469 3.12544 3.1606 2.31556 1.47117 0.774497 0.43537 0.38246 0.31434 0.291102 0.341418 0.483983 0.711413 0.993532 1.63453 2.47664 4.1955
S_f
 0.152494 0.820984 0.991518 0.999664 0.999987
 0.152494 0.820984 0.991518 0.999664 0.999987
 0.152494 0.820984 0.991518 0.999664 0.999987
 0.152494 0.820984 0.991518 0.999664 0.999987
 0.152494 0.820984 0.991518 0.999664 0.999987
 0.152494 0.820984 0.991518 0.999664 0.999987
 0.152494 0.820984 0.991518 0.999664 0.999987
 0.152494 0.820984 0.991518 0.999664 0.999987
 0.152494 0.820984 0.991518 0.999664 0.999987
 0.152494 0.820984 0.991518 0.999664 0.999987
 0.152494 0.820984 0.991518 0.999664 0.999987
 0.152494 0.820984 0.991518 0.999664 0.999987
 0.152494 0.820984 0.991518 0.999664 0.999987
 0.152494 0.820984 0.991518 0.999664 0.999987
 0.152494 0.820984 0.991518 0.999664 0.999987
 0.152494 0.820984 0.991518 0.999664 0.999987
 0.152494 0.820984 0.991518 0.999664 0.999987
 0.152494 0.820984 0.991518 0.999664 0.999987
 0.152494 0.820984 0.991518 0.999664 0.999987
 0.152494 0.820984 0.991518 0.999664 0.999987
 0.152494 0.820984 0.991518 0.999664 0.999987
 0.152494 0.820984 0.991518 0.999664 0.999987
 0.152494 0.820984 0.991518 0.999664 0.999987
 0.152494 0.820984 0.991518 0.999664 0.999987
 0.152494 0.820984 0.991518 0.999664 0.999987
Scru_reclas
 1 1 1 1 1
 1 1 1 1 1
 1 1 1 1 1
 1 1 1 1 1
 1 1 1 1 1
 1 1 1 1 1
 1 1 1 1 1
 1 1 1 1 1
 1 1 1 1 1
 1 1 1 1 1
 1 1 1 1 1
 1 1 1 1 1
 1 1 1 1 1
 1 1 1 1 1
 1 1 1 1 1
 1 1 1 1 1
 1 1 1 1 1
 1 1 1 1 1
 1 1 1 1 1
 1 1 1 1 1
 1 1 1 1 1
 1 1 1 1 1
 1 1 1 1 1
 1 1 1 1 1
 1 1 1 1 1
Scru_pelaces
 1 1 1 1 1
 1 1 1 1 1
 1 1 1 1 1
 1 1 1 1 1
 1 1 1 1 1
 1 1 1 1 1
 1 1 1 1 1
 1 1 1 1 1
 1 1 1 1 1
 1 1 1 1 1
 1 1 1 1 1
 1 1 1 1 1
 1 1 1 1 1
 1 1 1 1 1
 1 1 1 1 1
 1 1 1 1 1
 1 1 1 1 1
 1 1 1 1 1
 1 1 1 1 1
 1 1 1 1 1
 1 1 1 1 1
 1 1 1 1 1
 1 1 1 1 1
 1 1 1 1 1
 1 1 1 1 1
pf_obs 
 0.256992 0.487395 0.22802 0.0275931 0
 0.321318 0.546541 0.124235 0.00734118 0.000564706
 0.182869 0.594174 0.210203 0.0122559 0.00049798
 0.330522 0.361315 0.267642 0.0388342 0.00168674
 0.649043 0.306663 0.0425973 0.00169635 0
 0.582887 0.30429 0.105238 0.00758474 0
 0.465427 0.430635 0.0974691 0.00646863 0
 0.296916 0.608066 0.0921331 0.00288517 0
 0.311714 0.524322 0.152257 0.0117073 0
 0.15457 0.633149 0.183074 0.0267441 0.00246327
 0.131901 0.49318 0.331252 0.0422183 0.00144891
 0.196976 0.569456 0.194076 0.0375587 0.00193317
 0.518974 0.381816 0.0799577 0.0180837 0.00116848
 0.0928022 0.601141 0.25162 0.0475244 0.00691264
 0.122501 0.610282 0.24278 0.0234846 0.000952079
 0.383417 0.481906 0.127806 0.00687128 0
 0.0376549 0.599619 0.316969 0.0457579 0
 0.0361596 0.667082 0.258105 0.0386534 0
 0.158088 0.579412 0.248529 0.0139706 0
 0.0477256 0.309471 0.559284 0.082774 0.000745712
 0.0406174 0.521527 0.379366 0.0568643 0.0016247
 0.151134 0.462217 0.34131 0.0453401 0
 0.294876 0.26143 0.354403 0.0886775 0.000613685
 0.281977 0.475581 0.204845 0.0348837 0.00271318
 0.0841818 0.532909 0.334909 0.0458182 0.00218182
pf_pred 
 0.336764 0.459225 0.18232 0.021679 1.25273e-05
 0.31458 0.523634 0.12018 0.0372252 0.00437998
 0.173138 0.610898 0.173826 0.0313879 0.0107502
 0.268441 0.430024 0.237756 0.0514595 0.01232
 0.26234 0.482951 0.161806 0.0733881 0.019515
 0.15394 0.539553 0.213323 0.0593714 0.0338121
 0.304843 0.356567 0.233095 0.0736476 0.0318474
 0.283757 0.512495 0.115374 0.0610182 0.0273557
 0.452979 0.387858 0.121417 0.021475 0.016271
 0.195307 0.666459 0.104319 0.0259354 0.00797909
 0.0994857 0.502857 0.340331 0.0433587 0.0139676
 0.0988477 0.357927 0.333318 0.179909 0.0299985
 0.146959 0.342516 0.230748 0.17232 0.107457
 0.177666 0.44679 0.173822 0.0917278 0.109994
 0.199602 0.510245 0.179037 0.0518088 0.0593061
 0.158289 0.536504 0.213309 0.056978 0.0349204
 0.130081 0.449094 0.288984 0.0924142 0.0394266
 0.249819 0.353712 0.226969 0.116763 0.0527373
 0.351102 0.430951 0.115007 0.0591801 0.0437601
 0.257499 0.557272 0.131769 0.0283391 0.0251206
 0.335924 0.429295 0.185029 0.0354896 0.0142635
 0.345904 0.470506 0.126664 0.0449449 0.0119817
 0.257966 0.538692 0.15403 0.0341124 0.0151993
 0.335476 0.420987 0.185864 0.043778 0.0138952
 0.0614853 0.673204 0.179736 0.065441 0.0201338
pobs_RECLAS
 0 0 0 0 0
 0 0 0 0 0
 0 0 0 0 0
 0 0 0 0 0
 0.835266 0.146461 0.0176864 0.000547809 3.91292e-05
 0.385257 0.428462 0.181853 0.0044286 0
 0.867414 0.0963971 0.0333333 0.00285562 0
 0.441836 0.489002 0.0689373 0.000224442 0
 0.779404 0.147425 0.0564933 0.0165055 0.000172143
 0.814271 0.122319 0.05973 0.00367925 0
 0.40263 0.566651 0.0304383 0.000280538 0
 0.475488 0.404961 0.113038 0.00651328 0
 0.955842 0.0263864 0.0167828 0.000988607 0
 0.975058 0.0227948 0.00214734 0 0
 0.738997 0.206755 0.0527124 0.00153531 0
 0.850938 0.134255 0.0134407 0.00136685 0
 0.542534 0.407297 0.0501686 0 0
 0.764087 0.199537 0.0359546 0.000420521 0
 0.470689 0.182191 0.310203 0.0369168 0
 0.84361 0.089868 0.0606195 0.00523954 0.000663233
 0.607945 0.314616 0.071237 0.00620181 0
 0.523733 0.453247 0.0230204 0 0
 0.530135 0.295979 0.169645 0.0042399 0
 0.562478 0.366248 0.0663022 0.0049721 0
 0.250443 0.683176 0.0655157 0.000865301 0
ppred_RECLAS
 0.750013 0.18336 0.0595975 0.00702481 4.05792e-06
 0.726691 0.218141 0.0410723 0.0126125 0.0014835
 0.555721 0.3452 0.0798891 0.0142952 0.00489428
 0.68212 0.201402 0.0920027 0.0197486 0.00472648
 0.671119 0.229151 0.0635452 0.0285859 0.00759898
 0.516929 0.329485 0.107173 0.0295754 0.0168376
 0.723795 0.155082 0.0836042 0.0261947 0.0113236
 0.698902 0.227289 0.0419539 0.0219967 0.00985818
 0.828277 0.128488 0.0330494 0.00579559 0.00438967
 0.576692 0.361539 0.0467109 0.0115166 0.00354196
 0.397659 0.365152 0.203247 0.0256744 0.00826801
 0.402841 0.26593 0.203907 0.109132 0.0181909
 0.518394 0.217347 0.120017 0.0888525 0.0553887
 0.577708 0.251914 0.0792654 0.0414393 0.0496732
 0.60307 0.271676 0.0775612 0.0222417 0.0254513
 0.524114 0.324303 0.106214 0.0281331 0.0172363
 0.473694 0.297524 0.157529 0.0499501 0.021303
 0.668788 0.172558 0.0911581 0.0465004 0.0209954
 0.759103 0.170241 0.0374348 0.0191015 0.0141197
 0.664362 0.263557 0.0514028 0.0109628 0.00971459
 0.744884 0.175783 0.0626322 0.0119144 0.00478692
 0.750829 0.188523 0.041951 0.0147632 0.00393436
 0.664087 0.25614 0.0605493 0.0132993 0.00592381
 0.744826 0.17272 0.0630512 0.0147289 0.00467347
 0.271374 0.549854 0.121434 0.0438508 0.013487
pobs_PELACES
 0 0 0 0 0
 0 0 0 0 0
 0 0 0 0 0
 0 0 0 0 0
 0 0 0 0 0
 0 0 0 0 0
 0 0 0 0 0
 0 0 0 0 0
 0 0 0 0 0
 0 0 0 0 0
 0.450072 0.473896 0.0757376 0.000293798 0
 0 0 0 0 0
 0.463077 0.371075 0.160297 0.00555027 0
 0.529543 0.364841 0.0842815 0.0213345 0
 0.631943 0.363953 0.00410389 0 0
 0.735681 0.248677 0.0153453 0.000297389 0
 0.695825 0.281241 0.0229344 0 0
 0.275771 0.60734 0.115278 0.00161068 0
 0 0 0 0 0
 0.896147 0.0623911 0.0374545 0.00400742 0
 0.803859 0.145111 0.0509908 3.86294e-05 0
 0.739449 0.233085 0.0266225 0.000797448 4.60066e-05
 0.878498 0.100942 0.0204185 0.000141795 0
 0.694673 0.275183 0.0284847 0.00165964 0
 0.469039 0.446079 0.0841089 0.000773354 0
ppred_PELACES
 0.777183 0.164995 0.0517318 0.0060872 3.51607e-06
 0.751513 0.199584 0.0364222 0.0111678 0.0013135
 0.605274 0.310047 0.0683098 0.0121946 0.00417468
 0.691377 0.196262 0.0887598 0.0190434 0.00455761
 0.673048 0.227952 0.0630821 0.0283748 0.00754282
 0.542182 0.314659 0.0999318 0.0275457 0.0156814
 0.738211 0.148087 0.0785024 0.0245764 0.0106237
 0.726634 0.20802 0.0371684 0.0194574 0.00871961
 0.843877 0.117623 0.0294399 0.00515588 0.00390494
 0.590219 0.350689 0.0446932 0.011012 0.00338666
 0.423596 0.352862 0.191586 0.0241726 0.00778401
 0.426299 0.2586 0.194055 0.103752 0.0172935
 0.555453 0.204391 0.109167 0.0806912 0.050298
 0.638387 0.220947 0.0655428 0.0341689 0.0409535
 0.651076 0.242508 0.0659554 0.0188698 0.0215908
 0.545462 0.311773 0.100065 0.0264786 0.0162221
 0.499314 0.285975 0.147893 0.0468419 0.0199765
 0.689867 0.16331 0.084398 0.0430069 0.0194172
 0.773753 0.160815 0.0346825 0.0176808 0.013069
 0.679045 0.252908 0.0485381 0.0103439 0.00916584
 0.751098 0.17192 0.0607807 0.0115579 0.00464361
 0.757196 0.184078 0.0406259 0.0142912 0.00380853
 0.671012 0.251311 0.0589638 0.0129464 0.00576655
 0.750369 0.16935 0.0613948 0.0143373 0.00454913
 0.275594 0.547363 0.120269 0.0434198 0.0133542
pobs_pel_tallas
 0 0 0 0 0 0 0 0 0 0 0 0 0 0 0 0 0 0 0 0 0 0 0 0 0 0 0 0 0 0 0 0 0 0 0 0
 0 0 0 0 0 0 0 0 0 0 0 0 0 0 0 0 0 0 0 0 0 0 0 0 0 0 0 0 0 0 0 0 0 0 0 0
 0 0 0 0 0 0 0 0 0 0 0 0 0 0 0 0 0 0 0 0 0 0 0 0 0 0 0 0 0 0 0 0 0 0 0 0
 0 0 0 0 0 0 0 0 0 0 0 0 0 0 0 0 0 0 0 0 0 0 0 0 0 0 0 0 0 0 0 0 0 0 0 0
 0 0 0 0 0 0 0 0 0 0 0 0 0 0 0 0 0 0 0 0 0 0 0 0 0 0 0 0 0 0 0 0 0 0 0 0
 0 0 0 0 0 0 0 0 0 0 0 0 0 0 0 0 0 0 0 0 0 0 0 0 0 0 0 0 0 0 0 0 0 0 0 0
 0 0 0 0 0 0 0 0 0 0 0 0 0 0 0 0 0 0 0 0 0 0 0 0 0 0 0 0 0 0 0 0 0 0 0 0
 0 0 0 0 0 0 0 0 0 0 0 0 0 0 0 0 0 0 0 0 0 0 0 0 0 0 0 0 0 0 0 0 0 0 0 0
 0 0 0 0 0 0 0 0 0 0 0 0 0 0 0 0 0 0 0 0 0 0 0 0 0 0 0 0 0 0 0 0 0 0 0 0
 0 0 0 0 0 0 0 0 0 0 0 0 0 0 0 0 0 0 0 0 0 0 0 0 0 0 0 0 0 0 0 0 0 0 0 0
 0 0 0 0 0 0 0 0 1.78061e-05 0.00172719 0.00360574 0.0105946 0.0120993 0.0124554 0.0147524 0.0171206 0.0266825 0.0428682 0.0675386 0.121331 0.153587 0.119568 0.100827 0.0573624 0.0630603 0.0341343 0.0324427 0.0444173 0.0211091 0.0280891 0.0125444 0.00206551 0 0 0 0
 0 0 0 0 0 0 0 0 0 0 0 0 0 0 0 0 0 0 0 0 0 0 0 0 0 0 0 0 0 0 0 0 0 0 0 0
 0 0 0 0 0 0 0.0133647 0.0140871 0.0187388 0.0205184 0.03894 0.0496705 0.03968 0.0493445 0.0407372 0.0367815 0.0215668 0.0243155 0.0234873 0.0199281 0.019796 0.0243948 0.0301388 0.0376714 0.0412746 0.0863199 0.0771752 0.113111 0.0741005 0.0525337 0.0229764 0.00759418 0.00175318 0 0 0
 0 0 0 0 0 0 0 0 0 0 0.00219441 0.00772107 0.0458388 0.0604681 0.0671733 0.0775358 0.0609151 0.0617685 0.073594 0.0568108 0.0755445 0.0548602 0.0670107 0.0636378 0.0643287 0.046367 0.0373049 0.0286899 0.0247887 0.0153202 0.00654259 0.00121912 0.000365735 0 0 0
 0 0 0 0 0 0 0 0 0 0 0 0 0.000112435 0.00938835 0.0111873 0.0202946 0.0414886 0.0713402 0.111592 0.104902 0.108894 0.110636 0.117776 0.105296 0.107544 0.0401394 0.0192827 0.0124803 0.00416011 0.0028671 0.000618394 0 0 0 0 0
 0 0 0 0 0 0 0 0 0 0 0.00291406 0.0102884 0.027416 0.0768956 0.0749926 0.110853 0.0956884 0.0897413 0.0766577 0.0534642 0.0500743 0.0551293 0.0594112 0.0620874 0.0668451 0.0424026 0.0208742 0.0120726 0.0048766 0.00582813 0.00118941 0.000297354 0 0 0 0
 0 0.00264628 0.0354308 0.0461629 0.0458689 0.0383711 0.0214643 0.0164657 0.0346957 0.0420465 0.0363128 0.0245516 0.0311673 0.0291091 0.0169068 0.0133784 0.00837989 0.0085269 0.0148486 0.0160247 0.0276389 0.0546898 0.0760071 0.122758 0.109233 0.0665981 0.0333725 0.0166128 0.00676272 0.00308733 0.000882094 0 0 0 0 0
 0 0 0 0 0 0 0 0.000805153 0.000690131 0.00759144 0.0133425 0.0154129 0.00931677 0.000345066 0.00356568 0.00563607 0.00851162 0.0253048 0.0502646 0.0516448 0.0657925 0.0565908 0.0611916 0.0827007 0.0866115 0.110766 0.145733 0.0935128 0.0569358 0.0249597 0.0138026 0.00621118 0.00161031 0.00115022 0 0
 0 0 0 0 0 0 0 0 0 0 0 0 0 0 0 0 0 0 0 0 0 0 0 0 0 0 0 0 0 0 0 0 0 0 0 0
 0.00147267 0.00158595 0.00478618 0.00569244 0.00954404 0.0108468 0.00647125 0.017049 0.0510054 0.094081 0.124002 0.0959785 0.0687766 0.0820023 0.061753 0.0591476 0.0492212 0.0479892 0.0443925 0.0268479 0.0217502 0.0140895 0.0121071 0.0120363 0.00920419 0.00665534 0.0049561 0.00860946 0.00930331 0.0156896 0.0114698 0.00855282 0.00243557 0.00046729 0 2.83206e-05
 0 0 0 0 0.000772559 0.00158375 0.000888443 0.00281984 0.00712685 0.0440552 0.0773331 0.111326 0.0921469 0.0852325 0.0710754 0.0886704 0.0786465 0.0553345 0.0373146 0.0185414 0.00753245 0.00457741 0.012979 0.0271748 0.0457355 0.0583668 0.034881 0.0177882 0.00938659 0.00492506 0.0015258 0.00185414 0.000309023 5.79419e-05 3.86279e-05 0
 0 0.00173294 0.00326652 0 0.00397197 0.00683976 0.00946217 0.0152591 0.00757587 0.0136028 0.0228656 0.0392903 0.0559909 0.0764795 0.0681675 0.0726916 0.0566044 0.0477403 0.0527397 0.0444891 0.0609904 0.0582453 0.0661739 0.0445044 0.0529084 0.0360697 0.0280645 0.0235558 0.0158879 0.00826598 0.00280645 0.00217768 0.000904811 0.00058276 9.20147e-05 0
 0 0 0 0 0 0 0 0 0 0 0 0 0 0 0 0 0 0 0 0 0 0 0 0 0 0 0 0 0 0 0 0 0 0 0 0
 0 0 0 0 0 0 0 0 0 0 0 0 0 0 0 0 0 0 0 0 0 0 0 0 0 0 0 0 0 0 0 0 0 0 0 0
 0 0 0 0 0 0 0 0 0 0 0 0 0 0 0 0 0 0 0 0 0 0 0 0 0 0 0 0 0 0 0 0 0 0 0 0
ppred_pel_tallas
 1.00998e-16 3.39082e-05 0.000199017 0.000946044 0.00364233 0.0113583 0.0286901 0.0587036 0.0973073 0.13068 0.142202 0.125424 0.0897643 0.0523501 0.0253373 0.0110433 0.00576093 0.00512672 0.00646497 0.0085968 0.011034 0.0134763 0.015646 0.0172853 0.0182012 0.0183067 0.0176376 0.0163356 0.0146081 0.0126766 0.0107323 0.00891 0.0072836 0.00587678 0.00468185 0.00367722
 1.01028e-16 3.27903e-05 0.000192451 0.000914819 0.0035221 0.0109833 0.027743 0.0567661 0.0940969 0.126372 0.137523 0.121319 0.0868741 0.0507603 0.0247464 0.0110896 0.00622051 0.00592908 0.00762531 0.0101492 0.012989 0.0157983 0.018245 0.0200223 0.020907 0.0208089 0.0197903 0.0180434 0.0158378 0.0134554 0.0111341 0.00903437 0.00723437 0.00574501 0.00453565 0.00355884
 1.01685e-16 2.64181e-05 0.00015503 0.000736894 0.002837 0.00884686 0.0223467 0.0457256 0.0758004 0.101814 0.110835 0.097862 0.0702665 0.0414393 0.0209172 0.0105873 0.00764318 0.00874369 0.0118102 0.0158518 0.0203251 0.0247518 0.0286267 0.0314729 0.0329392 0.0328796 0.0313827 0.0287387 0.0253591 0.0216761 0.0180568 0.0147521 0.011888 0.00948878 0.00751555 0.00590305
 1.02192e-16 3.01681e-05 0.000177056 0.00084163 0.0032403 0.0101046 0.0255234 0.0522245 0.0865692 0.116264 0.126528 0.111631 0.0799617 0.0467726 0.0228996 0.0104312 0.00609776 0.00604156 0.00789388 0.0105975 0.0136848 0.0168308 0.0197137 0.0220252 0.0235256 0.0240926 0.0237415 0.0226081 0.0209044 0.0188622 0.016685 0.014521 0.0124591 0.0105416 0.00878378 0.00719089
 1.02298e-16 2.937e-05 0.000172368 0.000819338 0.00315446 0.00983686 0.0248472 0.0508413 0.0842773 0.113189 0.12319 0.108706 0.0779088 0.0456575 0.0225128 0.0105222 0.00651584 0.0067456 0.0089017 0.0119352 0.0153532 0.0187875 0.0218673 0.0242422 0.025649 0.0259687 0.025248 0.0236759 0.021527 0.0190915 0.0166149 0.0142652 0.012128 0.0102252 0.008542 0.00705204
 1.03201e-16 2.36672e-05 0.000138879 0.000660112 0.00254137 0.00792493 0.020018 0.0409609 0.0679032 0.0912101 0.0993018 0.0877036 0.0630261 0.0372772 0.0190173 0.00995823 0.00760947 0.00899885 0.0122768 0.0165538 0.0213228 0.0261165 0.0304298 0.0337776 0.0357926 0.0363045 0.0353707 0.0332449 0.0303005 0.0269346 0.0234861 0.0201898 0.01717 0.0144645 0.0120609 0.00992987
 1.02504e-16 3.22082e-05 0.000189038 0.000898605 0.00345969 0.0107887 0.0272514 0.0557599 0.0924276 0.124126 0.13507 0.119132 0.0852572 0.0497145 0.0240497 0.010465 0.00544209 0.00484278 0.00613667 0.00822044 0.0106514 0.0131672 0.0155248 0.0174914 0.0188821 0.0195953 0.0196278 0.0190632 0.0180396 0.0167105 0.0152111 0.0136405 0.0120607 0.0105067 0.0090009 0.00756385
 1.01672e-16 3.17058e-05 0.000186083 0.000884545 0.00340553 0.0106198 0.0268249 0.0548875 0.0909834 0.122192 0.132978 0.117319 0.0840295 0.0491385 0.0240313 0.0108978 0.00629474 0.0061577 0.00798503 0.0106518 0.0136527 0.0166357 0.0192589 0.0212049 0.0222416 0.0222738 0.0213623 0.0197006 0.0175605 0.0152245 0.0129287 0.0108299 0.00900098 0.00744902 0.00614203 0.00503501
 1.00816e-16 3.68144e-05 0.000216083 0.00102719 0.00395478 0.0123326 0.0311512 0.0637389 0.105652 0.14188 0.154375 0.136124 0.0973428 0.0566092 0.0270978 0.0112956 0.00514786 0.00389474 0.00462616 0.00608361 0.00778974 0.00950005 0.0110118 0.0121422 0.0127566 0.0127973 0.0122943 0.0113534 0.0101258 0.0087709 0.00742432 0.00617894 0.00508208 0.00414422 0.00335336 0.00268864
 1.01286e-16 2.57632e-05 0.000151182 0.000718591 0.00276652 0.00862705 0.0217915 0.0445899 0.0739192 0.0992908 0.108099 0.0954722 0.0686063 0.0405719 0.0206851 0.0108045 0.00821057 0.00965433 0.0131029 0.0175628 0.0224529 0.027236 0.0313409 0.0342329 0.0355272 0.0350788 0.0330154 0.0296963 0.0256177 0.0212943 0.0171574 0.013495 0.0104409 0.00800252 0.0061082 0.00465339
 1.04029e-16 1.84981e-05 0.000108528 0.000515809 0.00198575 0.00619224 0.0156414 0.0320065 0.0530626 0.0712864 0.0776392 0.0686392 0.0494745 0.0295616 0.0156363 0.00909406 0.00805002 0.0102331 0.014222 0.019301 0.0249976 0.0308163 0.0361932 0.0405702 0.0435045 0.0447587 0.0443386 0.042466 0.039502 0.0358494 0.03187 0.0278358 0.0239218 0.020226 0.0168011 0.0136801
 1.07213e-16 1.86121e-05 0.000109206 0.000519051 0.00199827 0.00623131 0.01574 0.0322075 0.053393 0.0717222 0.0780924 0.068989 0.0496161 0.0294253 0.015163 0.00819692 0.00659767 0.00806353 0.0111796 0.0152863 0.020019 0.025032 0.02993 0.0343066 0.0378167 0.0402371 0.0414945 0.0416498 0.0408522 0.039282 0.0371057 0.0344549 0.0314316 0.0281258 0.0246358 0.0210772
 1.0674e-16 2.42413e-05 0.00014226 0.000676208 0.00260338 0.00811835 0.0205064 0.0419595 0.0695552 0.0934191 0.10168 0.0897414 0.0643538 0.0377884 0.0187747 0.00902081 0.00593401 0.00644755 0.00868281 0.0117992 0.0154087 0.0192161 0.0229106 0.0261832 0.0287805 0.0305512 0.0314645 0.0315933 0.0310725 0.0300492 0.0286444 0.0269366 0.024969 0.0227702 0.0203764 0.0178462
 1.04091e-16 2.78583e-05 0.000163494 0.00077715 0.00299203 0.00933033 0.0235677 0.0482234 0.079938 0.107362 0.11685 0.103115 0.0739116 0.0433344 0.0214043 0.0100678 0.00632427 0.00662527 0.0087869 0.0118206 0.0152642 0.0187716 0.021992 0.0245914 0.0263156 0.0270432 0.0268059 0.0257648 0.0241576 0.022232 0.0201924 0.018171 0.0162283 0.014374 0.012595 0.0108794
 1.02673e-16 2.84125e-05 0.000166745 0.000792604 0.00305152 0.00951585 0.0240364 0.0491824 0.0815281 0.109499 0.119179 0.105179 0.0754093 0.0442491 0.0219234 0.0104231 0.00669192 0.00711163 0.00944922 0.012682 0.0163146 0.0199624 0.0232327 0.025754 0.0272482 0.0275906 0.0268328 0.0251777 0.0229186 0.020364 0.0177737 0.0153235 0.0131005 0.0111232 0.00937138 0.00781321
 1.0319e-16 2.38101e-05 0.000139719 0.000664102 0.00255673 0.00797285 0.020139 0.0412086 0.0683136 0.0917608 0.0999003 0.0882294 0.0633979 0.037485 0.0191011 0.00996598 0.00757208 0.00892769 0.0121719 0.0164117 0.0211411 0.0258965 0.0301772 0.0335026 0.0355082 0.0360248 0.0351085 0.0330101 0.0300988 0.0267674 0.0233514 0.0200834 0.017087 0.0143999 0.0120106 0.00989065
 1.04736e-16 2.17969e-05 0.000127901 0.000607926 0.00234045 0.00729838 0.0184353 0.0377226 0.0625349 0.0839996 0.0914528 0.080774 0.0580525 0.0343487 0.0175495 0.00923727 0.00712698 0.00849408 0.011652 0.015802 0.0204989 0.0253324 0.0298504 0.0336064 0.0362451 0.0375725 0.037586 0.0364506 0.0344373 0.0318458 0.0289396 0.0259111 0.0228792 0.0199098 0.0170426 0.0143138
 1.03637e-16 3.01008e-05 0.000176664 0.000839777 0.00323318 0.0100823 0.0254672 0.0521094 0.0863774 0.116004 0.126238 0.111357 0.0797282 0.0465605 0.0226555 0.0100849 0.00557513 0.00527134 0.00681539 0.00917316 0.011916 0.0147726 0.0174816 0.0197901 0.0214953 0.0224831 0.0227441 0.02236 0.021469 0.0202232 0.0187539 0.0171541 0.0154798 0.013763 0.0120287 0.0103066
 1.01764e-16 3.37584e-05 0.000198138 0.000941866 0.00362625 0.0113081 0.0285634 0.0584444 0.0968775 0.130102 0.141573 0.124867 0.0893603 0.0521043 0.0251991 0.0109502 0.00566453 0.00499667 0.00628255 0.00835039 0.0107188 0.0130962 0.0152163 0.0168334 0.0177664 0.017937 0.0173851 0.0162509 0.0147336 0.0130408 0.0113455 0.00976195 0.00834354 0.00709655 0.00600106 0.00503012
 1.01556e-16 2.96325e-05 0.000173907 0.000826648 0.0031826 0.0099246 0.0250689 0.051295 0.08503 0.114202 0.124297 0.109693 0.0786411 0.0461354 0.0228384 0.0108231 0.00689738 0.00728122 0.00963785 0.0128917 0.0165168 0.0201039 0.0232384 0.0255328 0.0267038 0.0266362 0.0254066 0.0232554 0.0205206 0.0175553 0.0146568 0.0120254 0.0097577 0.00786655 0.0063136 0.00504054
 1.01534e-16 3.27711e-05 0.00019234 0.000914301 0.00352011 0.0109771 0.0277274 0.0567339 0.0940427 0.126297 0.137436 0.121228 0.0867794 0.0506453 0.0245798 0.0108297 0.00581984 0.00533977 0.00680738 0.00908226 0.0116853 0.0143131 0.0166796 0.0185166 0.0196205 0.0198955 0.0193701 0.0181812 0.0165323 0.0146419 0.0126985 0.0108354 0.0091268 0.0075991 0.00625056 0.00506825
 1.01306e-16 3.30375e-05 0.000193903 0.000921728 0.0035487 0.0110663 0.0279526 0.0571948 0.094807 0.127324 0.138556 0.122221 0.0874999 0.051086 0.0248309 0.0110023 0.00599752 0.00557142 0.00711636 0.00947315 0.0121444 0.0148063 0.0171531 0.0189013 0.0198423 0.019888 0.019088 0.01761 0.0156922 0.0135847 0.0114986 0.00957722 0.00789162 0.00645478 0.00524477 0.00422656
 1.01634e-16 2.92822e-05 0.00017185 0.000816872 0.00314496 0.00980721 0.0247723 0.0506883 0.0840244 0.112851 0.122828 0.108399 0.0777162 0.0455998 0.0225866 0.0107269 0.00686834 0.00727818 0.0096497 0.0129221 0.0165767 0.0202086 0.0234063 0.0257827 0.027052 0.0270927 0.0259724 0.0239201 0.0212627 0.0183439 0.0154554 0.0127966 0.0104681 0.00849038 0.00683531 0.00545513
 1.01632e-16 3.27392e-05 0.000192153 0.000913412 0.00351669 0.0109665 0.0277004 0.0566787 0.0939513 0.126174 0.137302 0.121109 0.086691 0.0505885 0.0245425 0.0107969 0.00577922 0.00528302 0.00672927 0.00898042 0.0115609 0.0141715 0.0165309 0.0183749 0.0195025 0.0198177 0.0193463 0.0182202 0.0166363 0.0148064 0.0129135 0.0110867 0.00939838 0.00787518 0.0065172 0.00531447
 1.04002e-16 1.20522e-05 7.06677e-05 0.000335777 0.00129252 0.00403038 0.010181 0.0208355 0.034552 0.0464472 0.0506619 0.0449685 0.0328033 0.0203824 0.0122073 0.00932502 0.0106445 0.0147799 0.0208059 0.0281198 0.0361195 0.0440498 0.0510395 0.0562521 0.0590684 0.0592261 0.0568726 0.0525055 0.0468318 0.0405931 0.0344153 0.0287223 0.0237234 0.0194559 0.0158543 0.0128147
pSPR Fmed_Fpbrs
0.479689   0.372848 0.372848
Fs Fmed_Fpbrs
0.64   1.005 1.005
SSBpbr Bo_Bmed_Bpbrs
1.63572e+06  702852  528090 528090
Ro
46449.2
SPR SPRFo_SPRFmed_SPRFpbrs
955039 458121 356085
log_Ro
10.5661
likeval ReclasPelacesDesembMPH_pf_preclas_ppelaces_ptallas_desvR_qrecl_qpela
 83.9285 23.079 0.0286302 94.3264 330.874 199.481 53.03 0 23.4648 5.75361e-05 0 0 0 0 0
q_reclas_q_pelaces
0.341345 1
M
0.7
N
 42995.1 13017.2 4468.17 528.041 0.305058
 53586.4 19366.3 3823.14 1176.67 138.414
 29389 24449.7 6096.17 1094.73 374.857
 40757.9 12773 5924.24 1272.58 304.578
 56981.7 19696.9 5479.25 2465.22 655.332
 38300.7 28138 9490.21 2623.46 1493.67
 75294.6 17826.3 9857.91 3092.41 1336.88
 90556.7 35725.6 6927.5 3640.69 1631.79
 225700 41175.4 11038.3 1939.52 1469.14
 153067 104088 13730 3388.49 1042.18
 68817.6 73243.3 42332.4 5357.1 1725.29
 42577.3 31948.2 25310.7 13567.6 2261.68
 39031.4 19942.9 11582.1 8595.25 5358.6
 28619.1 17710.3 6093.15 3199.06 3835.35
 20159 12114.1 3722.25 1071.16 1225.9
 12579 8777.53 2964.29 786.305 481.775
 8186.43 5913.25 3244.53 1030.55 439.544
 12974.1 3814.09 2083.08 1064.29 480.566
 24121.2 6070.41 1374.67 702.429 519.26
 26035.2 11364.6 2271.22 484.956 429.757
 50076.4 12376.8 4462.25 849.323 341.246
 92338.9 24347.9 5486.09 1931.79 514.83
 111193 44841.6 10721.3 2356.16 1049.51
 223930 54105.8 19959.4 4664.9 1480.19
 52257.3 109135 24289 8774.21 2698.67
pred_Ctot
 2890.18 3941.17 1564.71 186.054 0.107512
 3144.21 5233.69 1201.19 372.064 43.7776
 2657.74 9377.52 2668.3 481.816 165.019
 787.402 1261.36 697.395 150.943 36.1374
 229.315 422.155 141.437 64.1497 17.0584
 1734.68 6079.96 2403.84 669.027 381.012
 2416.99 2827.09 1848.13 583.925 252.507
 5522.23 9973.71 2245.31 1187.48 532.371
 11623.5 9952.45 3115.56 551.048 417.513
 4016.66 13706.3 2145.42 533.384 164.097
 3235.74 16355.3 11069.2 1410.23 454.293
 1744.21 6315.78 5881.53 3174.57 529.337
 2434.2 5673.37 3822.07 2854.28 1779.91
 3066.14 7710.66 2999.81 1583.03 1898.27
 1799.47 4600 1614.07 467.07 534.66
 484.249 1641.31 652.57 174.311 106.831
 365.091 1260.45 811.075 259.374 110.656
 541.084 766.107 491.594 252.898 114.224
 891.344 1094.05 291.968 150.241 111.094
 801.23 1734 410.011 88.1794 78.1648
 752.921 962.198 414.713 79.5444 31.9695
 1468.24 1997.13 537.644 190.775 50.8579
 1610.99 3364.12 961.915 213.031 94.9196
 2993.92 3757.05 1658.72 390.691 124.006
 515.627 5645.61 1507.3 548.8 168.846
F
 0.0975534 0.5252 0.634293 0.639505 0.639711
 0.0846762 0.455873 0.550566 0.55509 0.555269
 0.133285 0.717566 0.866618 0.873738 0.87402
 0.0271872 0.146368 0.176771 0.178224 0.178281
 0.00560979 0.0302015 0.0364749 0.0367746 0.0367865
 0.0647966 0.348847 0.421309 0.42477 0.424907
 0.0455398 0.245174 0.296101 0.298534 0.29863
 0.0881358 0.474498 0.57306 0.577769 0.577955
 0.0739747 0.398259 0.480985 0.484937 0.485093
 0.0370897 0.19968 0.241157 0.243139 0.243217
 0.0673438 0.36256 0.43787 0.441468 0.44161
 0.0584461 0.314657 0.380017 0.38314 0.383263
 0.0902183 0.48571 0.586601 0.59142 0.591611
 0.159708 0.859821 1.03842 1.04695 1.04729
 0.131457 0.707729 0.854737 0.86176 0.862038
 0.0548365 0.295224 0.356547 0.359477 0.359593
 0.0637754 0.343348 0.414668 0.418075 0.41821
 0.0595289 0.320487 0.387058 0.390238 0.390364
 0.0525857 0.283106 0.341913 0.344722 0.344833
 0.0436226 0.234852 0.283635 0.285965 0.286058
 0.0211025 0.11361 0.137209 0.138336 0.138381
 0.0223287 0.120211 0.145181 0.146374 0.146421
 0.0203275 0.109437 0.13217 0.133256 0.133299
 0.0187453 0.100919 0.121882 0.122884 0.122923
 0.0138041 0.0743174 0.0897545 0.090492 0.0905212
Np
 34893.5 14865.5 5569.39 9223.89 2369.37
YTP_r0W_actual
 60338.8 1.0163e+06 384494 173889 55706.6
YTP_p0W_proyectada
 29497.8 234009 757844 213202 124171
 29497.8 135915 83888.7 178354 50851.6
CTP_r0_actual
 5387.39 46195.4 11651.3 4230.89 1301.56
CTP_p0_proyectada
 3597.29 10833.8 24135.2 5316.75 2790.37
 3597.29 6292.35 2671.62 4447.72 1142.73
Wmedp
 8.2 21.6 31.4 40.1 44.5
nmprior
 10.8 10.6 4.6 0
nm_flota  nm_reclas  nm_pelaces    nm_pelaL
inf 9.75283 15.7615 36.0477
cv_recla  cv_pelaces  cv_mph
0.828666 0.54473 0.404051
 ------------------------------------------------
Talla a la edad & desviaci?n 
 7.2 14.2025 17.0495 18.207 18.6776
 1.08 2.13037 2.55742 2.73105 2.80164
