years
 1997 1998 1999 2000 2001 2002 2003 2004 2005 2006 2007 2008 2009 2010 2011 2012 2013 2014 2015 2016 2017 2018 2019 2020 2021 2022 2023
reclasobs
 0 0 0 370054 412103 1.49427e+06 250295 1.28982e+06 931140 785840 897777 1.04006e+06 184774 17550 25797 100020 73551 82996 120727 218422 84188 347160 605670 569463 516374 1.08416e+06 1.01767e+06
reclaspred
 2.90193e+06 689344 1.47473e+06 601089 298841 1.07015e+06 4.21112e+06 3.11655e+06 3.59258e+06 3.24547e+06 4.48079e+06 4.50309e+06 3.27024e+06 2.05989e+06 1.30868e+06 742582 527804 501331 506795 597871 488316 554556 1.26826e+06 1.37081e+06 1.85716e+06 1.75444e+06 2.15603e+06
pelacesobs
 0 0 0 0 0 0 0 0 0 2.06254e+06 1.5e+06 0 1.87456e+06 323000 250000 174000 83755 137374 0 501740 490994 745055 786931 1.00524e+06 1.33801e+06 1.41789e+06 0
pelacespred
 2.38967e+06 876440 514978 477407 212934 428403 1.49881e+06 2.20914e+06 2.17775e+06 2.06982e+06 2.67964e+06 2.70687e+06 2.07552e+06 1.37461e+06 831589 477384 321857 277493 294557 319677 309607 309136 546664 769986 971141 1.02492e+06 1.17193e+06
mphobs
 0 0 0 0 0 0 112323 0 153150 637223 0 255016 313432 73983 77613 109348 50772 17779 17303 59886 28197 0 207744 136588 643089 65757 70829
mphpred
 1.90509e+06 1.50609e+06 883473 821025 364418 313351 2.60277e+06 2.70357e+06 3.5902e+06 2.87533e+06 3.50522e+06 4.51043e+06 3.27819e+06 2.31566e+06 1.37928e+06 767400 442257 401651 411930 501161 444763 416095 816791 1.11685e+06 1.42985e+06 1.45844e+06 1.46561e+06
desembarqueobs
 350755 77701 442110 56441 14545 235359 269955 359681 431902 328805 639364 411747 362871 311530 167758 66681 60226 58785 57116 73181 50977 67692 138656 160484 209506 203330 245020
desembarquepred
 329858 78488.3 167916 68441.5 34025.7 121478 479474 354257 408956 369135 509606 512661 372236 234538 149006 84546.6 60054.6 57053.7 57647.5 68065.6 55561.2 63049.6 144337 155932 211373 199659 245159
Reclutas
 204121 4450.22 607.622 425.829 1184.5 410269 8547.31 411829 73089.5 338063 465935 62027.4 109476 7677.87 2900.3 6087.11 28505.1 18081.8 46577.6 7084.4 27367.4 112297 77583.1 136991 57421.4 85210.3 292501
log_desv_Rt
 1.86229 -1.96347 -3.95463 -4.31014 -3.28711 2.56039 -1.31081 2.56418 0.83526 2.36681 2.68762 0.671152 1.23929 -1.41808 -2.39161 -1.65025 -0.106343 -0.561521 0.384696 -1.49853 -0.147073 1.26473 0.894926 1.46349 0.593992 0.988698 2.22204
SSB
 1.90509e+06 1.50609e+06 883473 821025 364418 313351 2.54025e+06 2.68195e+06 3.53253e+06 2.82935e+06 3.50522e+06 4.51043e+06 3.3317e+06 2.35352e+06 1.42474e+06 812201 483369 428494 422025 534722 455671 416095 836844 1.09897e+06 1.52545e+06 1.59414e+06 1.51354e+06
BT
 7.73775e+06 1.72168e+06 1.01366e+06 936936 420351 1.42613e+06 2.99312e+06 5.88019e+06 4.56798e+06 5.07173e+06 6.78405e+06 5.51246e+06 4.40196e+06 2.71221e+06 1.63949e+06 949035 728643 611959 694968 648185 713769 766439 1.21565e+06 1.82251e+06 2.10594e+06 2.24436e+06 2.99388e+06
Ftot
 0.110803 0.110803 0.110803 0.110803 0.110803 0.110803 0.110803 0.110803 0.110803 0.110803 0.110803 0.110803 0.110803 0.110803 0.110803 0.110803 0.110803 0.110803 0.110803 0.110803 0.110803 0.110803 0.110803 0.110803 0.110803 0.110803 0.110803
BD_Bspro_t
 0.9858 0.914168 0.824118 0.740179 0.665706 0.734287 0.903524 0.843275 0.862101 0.813563 0.837141 0.837804 0.780242 0.744108 0.685579 0.635108 0.606051 0.685316 0.729591 0.7921 0.767333 0.79426 0.857016 0.843553 0.846967 0.813624 0.811115
BD_Bspro
 2.90938 2.30005 1.34921 1.25384 0.556525 0.478537 3.87937 4.09577 5.39475 4.32087 5.35304 6.88816 5.08804 3.5942 2.17581 1.24036 0.738183 0.65438 0.644501 0.816607 0.695883 0.635445 1.278 1.67831 2.32961 2.43451 2.31142
BD_Bo
 0.38651 0.305561 0.179242 0.166572 0.0739342 0.0635736 0.515373 0.544122 0.716691 0.574027 0.71115 0.91509 0.675945 0.477489 0.289056 0.164782 0.0980674 0.0869342 0.0856218 0.108486 0.0924478 0.0844187 0.169781 0.222963 0.309488 0.323424 0.307072
BD_Brms
 1.8831 1.48871 0.873275 0.811548 0.360211 0.309734 2.51093 2.65099 3.49176 2.79669 3.46476 4.45837 3.29324 2.32635 1.4083 0.802826 0.477789 0.423548 0.417154 0.52855 0.450411 0.411292 0.827184 1.08629 1.50784 1.57574 1.49607
S_f
 0.5 1 1 1 1
 0.5 1 1 1 1
 0.5 1 1 1 1
 0.5 1 1 1 1
 0.5 1 1 1 1
 0.5 1 1 1 1
 0.5 1 1 1 1
 0.5 1 1 1 1
 0.5 1 1 1 1
 0.5 1 1 1 1
 0.5 1 1 1 1
 0.5 1 1 1 1
 0.5 1 1 1 1
 0.5 1 1 1 1
 0.5 1 1 1 1
 0.5 1 1 1 1
 0.5 1 1 1 1
 0.5 1 1 1 1
 0.5 1 1 1 1
 0.5 1 1 1 1
 0.5 1 1 1 1
 0.5 1 1 1 1
 0.5 1 1 1 1
 0.5 1 1 1 1
 0.5 1 1 1 1
 0.5 1 1 1 1
 0.5 1 1 1 1
Scru_reclas
 0.5 1 1 1 1
 0.5 1 1 1 1
 0.5 1 1 1 1
 0.5 1 1 1 1
 0.5 1 1 1 1
 0.5 1 1 1 1
 0.5 1 1 1 1
 0.5 1 1 1 1
 0.5 1 1 1 1
 0.5 1 1 1 1
 0.5 1 1 1 1
 0.5 1 1 1 1
 0.5 1 1 1 1
 0.5 1 1 1 1
 0.5 1 1 1 1
 0.5 1 1 1 1
 0.5 1 1 1 1
 0.5 1 1 1 1
 0.5 1 1 1 1
 0.5 1 1 1 1
 0.5 1 1 1 1
 0.5 1 1 1 1
 0.5 1 1 1 1
 0.5 1 1 1 1
 0.5 1 1 1 1
 0.5 1 1 1 1
 0.5 1 1 1 1
Scru_pelaces
 0.5 1 1 1 1
 0.5 1 1 1 1
 0.5 1 1 1 1
 0.5 1 1 1 1
 0.5 1 1 1 1
 0.5 1 1 1 1
 0.5 1 1 1 1
 0.5 1 1 1 1
 0.5 1 1 1 1
 0.5 1 1 1 1
 0.5 1 1 1 1
 0.5 1 1 1 1
 0.5 1 1 1 1
 0.5 1 1 1 1
 0.5 1 1 1 1
 0.5 1 1 1 1
 0.5 1 1 1 1
 0.5 1 1 1 1
 0.5 1 1 1 1
 0.5 1 1 1 1
 0.5 1 1 1 1
 0.5 1 1 1 1
 0.5 1 1 1 1
 0.5 1 1 1 1
 0.5 1 1 1 1
 0.5 1 1 1 1
 0.5 1 1 1 1
pf_obs 
 0.256992 0.487395 0.22802 0.0275931 0
 0.321318 0.546541 0.124235 0.00734118 0.000564706
 0.182869 0.594174 0.210203 0.0122559 0.00049798
 0.330522 0.361315 0.267642 0.0388342 0.00168674
 0.649043 0.306663 0.0425973 0.00169635 0
 0.582887 0.30429 0.105238 0.00758474 0
 0.465427 0.430635 0.0974691 0.00646863 0
 0.296916 0.608066 0.0921331 0.00288517 0
 0.311714 0.524322 0.152257 0.0117073 0
 0.15457 0.633149 0.183074 0.0267441 0.00246327
 0.131901 0.49318 0.331252 0.0422183 0.00144891
 0.196976 0.569456 0.194076 0.0375587 0.00193317
 0.518974 0.381816 0.0799577 0.0180837 0.00116848
 0.0928022 0.601141 0.25162 0.0475244 0.00691264
 0.122501 0.610282 0.24278 0.0234846 0.000952079
 0.383417 0.481906 0.127806 0.00687128 0
 0.0376549 0.599619 0.316969 0.0457579 0
 0.0361596 0.667082 0.258105 0.0386534 0
 0.158088 0.579412 0.248529 0.0139706 0
 0.0477256 0.309471 0.559284 0.082774 0.000745712
 0.0406174 0.521527 0.379366 0.0568643 0.0016247
 0.151134 0.462217 0.34131 0.0453401 0
 0.294876 0.26143 0.354403 0.0886775 0.000613685
 0.281977 0.475581 0.204845 0.0348837 0.00271318
 0.0841818 0.532909 0.334909 0.0458182 0.00218182
 0.115287 0.27431 0.454777 0.147771 0.00785563
 0 0 0 0 0
pf_pred 
 0.736319 0.132741 0.0659171 0.0327335 0.0322894
 0.0198518 0.835207 0.0729655 0.0362336 0.0357421
 0.00593635 0.0398799 0.813082 0.0710326 0.070069
 0.00921497 0.0120609 0.0392645 0.800535 0.138924
 0.0540215 0.0178137 0.0112986 0.0367829 0.880083
 0.975495 0.00258332 0.000412811 0.000261832 0.0212472
 0.0219473 0.966289 0.00124007 0.000198161 0.010325
 0.699225 0.0133112 0.284007 0.000364474 0.00309291
 0.138013 0.713297 0.00658045 0.1404 0.00170917
 0.55601 0.110262 0.276161 0.00254769 0.0550191
 0.520006 0.346074 0.0332582 0.0832978 0.0173638
 0.0911393 0.627964 0.202526 0.019463 0.0589081
 0.248068 0.12892 0.430461 0.138829 0.0537224
 0.0300388 0.392871 0.098943 0.330369 0.147779
 0.0241402 0.0586174 0.371518 0.0935653 0.45216
 0.100015 0.0437101 0.0514343 0.325991 0.47885
 0.487799 0.0955471 0.0202359 0.0238118 0.372606
 0.314288 0.454462 0.0431379 0.00913615 0.178976
 0.577178 0.205523 0.144017 0.0136702 0.059612
 0.109033 0.657538 0.113464 0.079508 0.0404572
 0.459201 0.109034 0.318645 0.0549848 0.0581355
 0.74013 0.165447 0.0190371 0.055635 0.0197507
 0.391608 0.519926 0.0563219 0.00648068 0.025663
 0.523405 0.271895 0.174935 0.0189501 0.0108151
 0.240738 0.526803 0.132617 0.0853243 0.014518
 0.390193 0.241184 0.255763 0.0643855 0.0484735
 0.680466 0.181827 0.0544644 0.0577567 0.0254859
pobs_RECLAS
 0 0 0 0 0
 0 0 0 0 0
 0 0 0 0 0
 0 0 0 0 0
 0.835266 0.146461 0.0176864 0.000547809 3.91292e-05
 0.385257 0.428462 0.181853 0.0044286 0
 0.867414 0.0963971 0.0333333 0.00285562 0
 0.441836 0.489002 0.0689373 0.000224442 0
 0.779404 0.147425 0.0564933 0.0165055 0.000172143
 0.814271 0.122319 0.05973 0.00367925 0
 0.40263 0.566651 0.0304383 0.000280538 0
 0.475488 0.404961 0.113038 0.00651328 0
 0.955842 0.0263864 0.0167828 0.000988607 0
 0.975058 0.0227948 0.00214734 0 0
 0.738997 0.206755 0.0527124 0.00153531 0
 0.850938 0.134255 0.0134407 0.00136685 0
 0.542534 0.407297 0.0501686 0 0
 0.764087 0.199537 0.0359546 0.000420521 0
 0.470689 0.182191 0.310203 0.0369168 0
 0.84361 0.089868 0.0606195 0.00523954 0.000663233
 0.607945 0.314616 0.071237 0.00620181 0
 0.523733 0.453247 0.0230204 0 0
 0.530135 0.295979 0.169645 0.0042399 0
 0.562478 0.366248 0.0663022 0.0049721 0
 0.250443 0.683176 0.0655157 0.000865301 0
 0.195077 0.31981 0.436473 0.0351445 0.0134964
 0.565238 0.351407 0.0832357 0.000118908 0
ppred_RECLAS
 0.737014 0.132391 0.0657436 0.0326473 0.0322044
 0.0199215 0.835148 0.0729603 0.036231 0.0357395
 0.00595751 0.0398791 0.813065 0.0710311 0.0700675
 0.0092477 0.0120605 0.0392633 0.800509 0.13892
 0.0542047 0.0178103 0.0112964 0.0367758 0.879913
 0.97558 0.00257431 0.000411372 0.000260919 0.0211732
 0.0220242 0.966213 0.00123997 0.000198146 0.0103242
 0.699977 0.0132779 0.283296 0.000363563 0.00308517
 0.13844 0.712944 0.00657719 0.140331 0.00170833
 0.556894 0.110043 0.275611 0.00254262 0.0549097
 0.5209 0.34543 0.0331963 0.0831427 0.0173314
 0.0914362 0.627759 0.20246 0.0194566 0.0588888
 0.248736 0.128805 0.430079 0.138706 0.0536746
 0.0301432 0.392828 0.0989323 0.330333 0.147763
 0.0242247 0.0586123 0.371485 0.0935572 0.45212
 0.100337 0.0436944 0.0514158 0.325874 0.478679
 0.488693 0.0953803 0.0202005 0.0237702 0.371956
 0.31506 0.45395 0.0430893 0.00912587 0.178775
 0.578051 0.205098 0.14372 0.013642 0.0594889
 0.109382 0.657281 0.113419 0.0794769 0.0404413
 0.46009 0.108854 0.318121 0.0548945 0.0580399
 0.740818 0.165009 0.0189868 0.0554878 0.0196984
 0.392461 0.519197 0.056243 0.00647159 0.025627
 0.524297 0.271386 0.174607 0.0189147 0.0107949
 0.241393 0.526349 0.132502 0.0852507 0.0145055
 0.391045 0.240847 0.255406 0.0642955 0.0484058
 0.681244 0.181384 0.0543318 0.0576161 0.0254239
pobs_PELACES
 0 0 0 0 0
 0 0 0 0 0
 0 0 0 0 0
 0 0 0 0 0
 0 0 0 0 0
 0 0 0 0 0
 0 0 0 0 0
 0 0 0 0 0
 0 0 0 0 0
 0 0 0 0 0
 0.450072 0.473896 0.0757376 0.000293798 0
 0 0 0 0 0
 0.463077 0.371075 0.160297 0.00555027 0
 0.529543 0.364841 0.0842815 0.0213345 0
 0.631943 0.363953 0.00410389 0 0
 0.735681 0.248677 0.0153453 0.000297389 0
 0.695825 0.281241 0.0229344 0 0
 0.275771 0.60734 0.115278 0.00161068 0
 0 0 0 0 0
 0.896147 0.0623911 0.0374545 0.00400742 0
 0.803859 0.145111 0.0509908 3.86294e-05 0
 0.739449 0.233085 0.0266225 0.000797448 4.60066e-05
 0.878498 0.100942 0.0204185 0.000141795 0
 0.694673 0.275183 0.0284847 0.00165964 0
 0.469039 0.446079 0.0841089 0.000773354 0
 0.822795 0.102175 0.0682046 0.00682512 0
 0 0 0 0 0
ppred_PELACES
 0.740542 0.130615 0.0648615 0.0322093 0.0317723
 0.0202817 0.834841 0.0729335 0.0362177 0.0357264
 0.00606676 0.0398747 0.812975 0.0710233 0.0700598
 0.00941672 0.0120585 0.0392566 0.800372 0.138896
 0.0551496 0.0177925 0.0112852 0.0367391 0.879034
 0.976012 0.0025288 0.000404098 0.000256306 0.0207988
 0.0224215 0.965821 0.00123947 0.000198065 0.01032
 0.703802 0.0131086 0.279684 0.000358927 0.00304583
 0.140635 0.711128 0.00656044 0.139973 0.00170398
 0.5614 0.108924 0.272808 0.00251676 0.0543512
 0.52546 0.342142 0.0328803 0.0823513 0.0171665
 0.0929664 0.626701 0.202119 0.0194239 0.0587897
 0.252168 0.128217 0.428114 0.138072 0.0534294
 0.0306823 0.39261 0.0988774 0.33015 0.147681
 0.0246606 0.0585861 0.371319 0.0935154 0.451918
 0.102 0.0436137 0.0513208 0.325272 0.477794
 0.493263 0.0945279 0.02002 0.0235578 0.368632
 0.319019 0.451326 0.0428403 0.00907312 0.177741
 0.582504 0.202934 0.142203 0.013498 0.0588611
 0.111175 0.655957 0.113191 0.0793168 0.0403599
 0.464635 0.107938 0.315443 0.0544324 0.0575514
 0.744313 0.162784 0.0187307 0.0547396 0.0194328
 0.396829 0.515464 0.0558386 0.00642507 0.0254428
 0.528855 0.268786 0.172934 0.0187334 0.0106914
 0.244756 0.524015 0.131915 0.0848727 0.0144411
 0.395408 0.239122 0.253577 0.0638349 0.048059
 0.685201 0.179133 0.0536574 0.0569009 0.0251083
pobs_pel_tallas
 0 0 0 0 0 0 0 0 0 0 0 0 0 0 0 0 0 0 0 0 0 0 0 0 0 0 0 0 0 0 0 0 0 0 0 0
 0 0 0 0 0 0 0 0 0 0 0 0 0 0 0 0 0 0 0 0 0 0 0 0 0 0 0 0 0 0 0 0 0 0 0 0
 0 0 0 0 0 0 0 0 0 0 0 0 0 0 0 0 0 0 0 0 0 0 0 0 0 0 0 0 0 0 0 0 0 0 0 0
 0 0 0 0 0 0 0 0 0 0 0 0 0 0 0 0 0 0 0 0 0 0 0 0 0 0 0 0 0 0 0 0 0 0 0 0
 0 0 0 0 0 0 0 0 0 0 0 0 0 0 0 0 0 0 0 0 0 0 0 0 0 0 0 0 0 0 0 0 0 0 0 0
 0 0 0 0 0 0 0 0 0 0 0 0 0 0 0 0 0 0 0 0 0 0 0 0 0 0 0 0 0 0 0 0 0 0 0 0
 0 0 0 0 0 0 0 0 0 0 0 0 0 0 0 0 0 0 0 0 0 0 0 0 0 0 0 0 0 0 0 0 0 0 0 0
 0 0 0 0 0 0 0 0 0 0 0 0 0 0 0 0 0 0 0 0 0 0 0 0 0 0 0 0 0 0 0 0 0 0 0 0
 0 0 0 0 0 0 0 0 0 0 0 0 0 0 0 0 0 0 0 0 0 0 0 0 0 0 0 0 0 0 0 0 0 0 0 0
 0 0 0 0 0 0 0 0 0 0 0 0 0 0 0 0 0 0 0 0 0 0 0 0 0 0 0 0 0 0 0 0 0 0 0 0
 0 0 0 0 0 0 0 0 1.78061e-05 0.00172719 0.00360574 0.0105946 0.0120993 0.0124554 0.0147524 0.0171206 0.0266825 0.0428682 0.0675386 0.121331 0.153587 0.119568 0.100827 0.0573624 0.0630603 0.0341343 0.0324427 0.0444173 0.0211091 0.0280891 0.0125444 0.00206551 0 0 0 0
 0 0 0 0 0 0 0 0 0 0 0 0 0 0 0 0 0 0 0 0 0 0 0 0 0 0 0 0 0 0 0 0 0 0 0 0
 0 0 0 0 0 0 0.0133647 0.0140871 0.0187388 0.0205184 0.03894 0.0496705 0.03968 0.0493445 0.0407372 0.0367815 0.0215668 0.0243155 0.0234873 0.0199281 0.019796 0.0243948 0.0301388 0.0376714 0.0412746 0.0863199 0.0771752 0.113111 0.0741005 0.0525337 0.0229764 0.00759418 0.00175318 0 0 0
 0 0 0 0 0 0 0 0 0 0 0.00219441 0.00772107 0.0458388 0.0604681 0.0671733 0.0775358 0.0609151 0.0617685 0.073594 0.0568108 0.0755445 0.0548602 0.0670107 0.0636378 0.0643287 0.046367 0.0373049 0.0286899 0.0247887 0.0153202 0.00654259 0.00121912 0.000365735 0 0 0
 0 0 0 0 0 0 0 0 0 0 0 0 0.000112435 0.00938835 0.0111873 0.0202946 0.0414886 0.0713402 0.111592 0.104902 0.108894 0.110636 0.117776 0.105296 0.107544 0.0401394 0.0192827 0.0124803 0.00416011 0.0028671 0.000618394 0 0 0 0 0
 0 0 0 0 0 0 0 0 0 0 0.00291406 0.0102884 0.027416 0.0768956 0.0749926 0.110853 0.0956884 0.0897413 0.0766577 0.0534642 0.0500743 0.0551293 0.0594112 0.0620874 0.0668451 0.0424026 0.0208742 0.0120726 0.0048766 0.00582813 0.00118941 0.000297354 0 0 0 0
 0 0.00264628 0.0354308 0.0461629 0.0458689 0.0383711 0.0214643 0.0164657 0.0346957 0.0420465 0.0363128 0.0245516 0.0311673 0.0291091 0.0169068 0.0133784 0.00837989 0.0085269 0.0148486 0.0160247 0.0276389 0.0546898 0.0760071 0.122758 0.109233 0.0665981 0.0333725 0.0166128 0.00676272 0.00308733 0.000882094 0 0 0 0 0
 0 0 0 0 0 0 0 0.000805153 0.000690131 0.00759144 0.0133425 0.0154129 0.00931677 0.000345066 0.00356568 0.00563607 0.00851162 0.0253048 0.0502646 0.0516448 0.0657925 0.0565908 0.0611916 0.0827007 0.0866115 0.110766 0.145733 0.0935128 0.0569358 0.0249597 0.0138026 0.00621118 0.00161031 0.00115022 0 0
 0 0 0 0 0 0 0 0 0 0 0 0 0 0 0 0 0 0 0 0 0 0 0 0 0 0 0 0 0 0 0 0 0 0 0 0
 0.00147267 0.00158595 0.00478618 0.00569244 0.00954404 0.0108468 0.00647125 0.017049 0.0510054 0.094081 0.124002 0.0959785 0.0687766 0.0820023 0.061753 0.0591476 0.0492212 0.0479892 0.0443925 0.0268479 0.0217502 0.0140895 0.0121071 0.0120363 0.00920419 0.00665534 0.0049561 0.00860946 0.00930331 0.0156896 0.0114698 0.00855282 0.00243557 0.00046729 0 2.83206e-05
 0 0 0 0 0.000772559 0.00158375 0.000888443 0.00281984 0.00712685 0.0440552 0.0773331 0.111326 0.0921469 0.0852325 0.0710754 0.0886704 0.0786465 0.0553345 0.0373146 0.0185414 0.00753245 0.00457741 0.012979 0.0271748 0.0457355 0.0583668 0.034881 0.0177882 0.00938659 0.00492506 0.0015258 0.00185414 0.000309023 5.79419e-05 3.86279e-05 0
 0 0.00173294 0.00326652 0 0.00397197 0.00683976 0.00946217 0.0152591 0.00757587 0.0136028 0.0228656 0.0392903 0.0559909 0.0764795 0.0681675 0.0726916 0.0566044 0.0477403 0.0527397 0.0444891 0.0609904 0.0582453 0.0661739 0.0445044 0.0529084 0.0360697 0.0280645 0.0235558 0.0158879 0.00826598 0.00280645 0.00217768 0.000904811 0.00058276 9.20147e-05 0
 0 0 0 0 0 0 0 0 0 0 0 0 0 0 0 0 0 0 0 0 0 0 0 0 0 0 0 0 0 0 0 0 0 0 0 0
 0 0 0 0 0 0 0 0 0 0 0 0 0 0 0 0 0 0 0 0 0 0 0 0 0 0 0 0 0 0 0 0 0 0 0 0
 0 0 0 0 0 0 0 0 0 0 0 0 0 0 0 0 0 0 0 0 0 0 0 0 0 0 0 0 0 0 0 0 0 0 0 0
 0 0 0 0 0 0 0 0 0 0 0 0 0 0 0 0 0 0 0 0 0 0 0 0 0 0 0 0 0 0 0 0 0 0 0 0
 0 0 0 0 0 0 0 0 0 0 0 0 0 0 0 0 0 0 0 0 0 0 0 0 0 0 0 0 0 0 0 0 0 0 0 0
ppred_pel_tallas
 1.03555e-16 3.23091e-05 0.000189632 0.000901433 0.00347058 0.0108227 0.0273372 0.0559353 0.0927179 0.124514 0.135488 0.11949 0.0854917 0.0498065 0.0240107 0.0103057 0.00515463 0.00440173 0.00550982 0.00738181 0.00959335 0.0119103 0.0141229 0.0160311 0.0174751 0.0183645 0.0186911 0.0185169 0.0179466 0.0170935 0.0160524 0.0148867 0.013631 0.0123031 0.0109185 0.00950083
 1.04221e-16 9.30911e-07 5.34975e-06 2.51905e-05 9.65827e-05 0.000300833 0.000760813 0.00156333 0.00261642 0.00358943 0.00410546 0.00409569 0.00396668 0.00440283 0.00603768 0.00930263 0.014464 0.0216603 0.0308352 0.0416154 0.0532315 0.0645528 0.0742526 0.0810728 0.0841121 0.0830428 0.0781852 0.0704069 0.0608942 0.050867 0.0413356 0.0329587 0.0260221 0.0205097 0.0162218 0.0128896
 1.17268e-16 2.80656e-07 1.60085e-06 7.52003e-06 2.88041e-05 8.9648e-05 0.000226463 0.000464374 0.000773981 0.00105253 0.00118013 0.00112432 0.000989315 0.000958522 0.00120258 0.0018479 0.00301017 0.00483442 0.00750288 0.0112122 0.0161349 0.022374 0.0299176 0.0385986 0.0480707 0.0578093 0.0671448 0.0753297 0.0816333 0.0854493 0.0863927 0.0843662 0.0795801 0.0725154 0.0638459 0.05433
 1.34553e-16 4.22524e-07 2.444e-06 1.15509e-05 4.43631e-05 0.000138207 0.000349054 0.000714667 0.00118675 0.00160042 0.00175923 0.00159404 0.00123468 0.00091478 0.000822984 0.0010496 0.00163859 0.00265727 0.00422627 0.00651359 0.00971341 0.0140191 0.0195903 0.0265134 0.0347597 0.0441473 0.0543173 0.0647353 0.074723 0.0835244 0.0903969 0.0947149 0.0960645 0.0943077 0.0896087 0.0824052
 1.42502e-16 2.41621e-06 1.41499e-05 6.7205e-05 0.00025865 0.000806461 0.002037 0.00416829 0.00691095 0.00928611 0.0101181 0.00895598 0.00647972 0.00392428 0.00218357 0.00146983 0.00158952 0.00232927 0.00362557 0.00555113 0.00825209 0.0118989 0.0166523 0.0226313 0.029878 0.0383214 0.0477453 0.0577711 0.067863 0.0773638 0.0855594 0.0917656 0.095424 0.0961849 0.0939617 0.088949
 1.00988e-16 4.25714e-05 0.000249893 0.00118795 0.00457377 0.014263 0.0360269 0.0737141 0.122182 0.164067 0.178483 0.157305 0.112321 0.064979 0.0304655 0.0115958 0.0036202 0.000991048 0.000338451 0.000260318 0.000325655 0.000433473 0.000565322 0.00071804 0.000890061 0.00107901 0.0012809 0.00148944 0.00169555 0.00188745 0.00205141 0.00217346 0.00224145 0.00224716 0.00218788 0.00206714
 1.00822e-16 1.02944e-06 5.91637e-06 2.7858e-05 0.000106809 0.000332691 0.000841437 0.00172925 0.00289496 0.00397409 0.00455194 0.00455577 0.00444021 0.00496887 0.00685017 0.0105676 0.0164165 0.0245393 0.0348451 0.0468697 0.0596896 0.0719679 0.082153 0.0887926 0.090874 0.0880779 0.0808637 0.0703462 0.0580177 0.0454037 0.0337638 0.0239146 0.0161964 0.0105554 0.00668628 0.00417804
 1.0413e-16 3.0703e-05 0.000180212 0.000856669 0.00329826 0.0102853 0.0259798 0.0531571 0.0881102 0.118319 0.128726 0.113477 0.081083 0.0470251 0.0222772 0.00890268 0.00352085 0.0021858 0.00252866 0.00359923 0.00513674 0.00709426 0.00944624 0.0121281 0.0150199 0.0179469 0.0206924 0.0230211 0.0247107 0.0255866 0.0255515 0.0246032 0.0228377 0.0204319 0.0176158 0.0146348
 1.05214e-16 6.17362e-06 3.6141e-05 0.000171602 0.00066035 0.00205895 0.00520151 0.0106484 0.0176712 0.0237937 0.0260548 0.023369 0.0175718 0.0119568 0.00898207 0.00936999 0.0127461 0.0185267 0.0262382 0.0353875 0.04527 0.0549182 0.0632125 0.0690966 0.0718203 0.07112 0.067278 0.061033 0.0533813 0.0453337 0.0377097 0.0310226 0.0254686 0.0209954 0.0174098 0.0144794
 1.06535e-16 2.44973e-05 0.000143771 0.000683405 0.00263112 0.00820486 0.0207248 0.0424057 0.0702925 0.0944019 0.102731 0.090622 0.0648846 0.0378987 0.0184594 0.00826311 0.00466533 0.00456079 0.00607695 0.00843303 0.0113498 0.0146731 0.0182369 0.0218425 0.0252759 0.0283317 0.0308319 0.0326357 0.0336433 0.0337974 0.0330863 0.0315495 0.0292814 0.0264292 0.0231813 0.0197471
 1.04211e-16 2.2939e-05 0.000134602 0.000639772 0.00246305 0.00768069 0.019401 0.0396989 0.065812 0.0884041 0.0962547 0.0850309 0.0611457 0.0362456 0.0186385 0.00999638 0.00791671 0.00952422 0.0130203 0.0175219 0.0224999 0.0274528 0.0318399 0.0351516 0.0370164 0.0372858 0.0360626 0.0336603 0.030512 0.0270593 0.0236599 0.0205369 0.0177781 0.0153687 0.0132416 0.0113222
 1.06488e-16 4.09218e-06 2.39275e-05 0.000113552 0.000436867 0.00136204 0.00344109 0.00704587 0.0116981 0.0157671 0.0173076 0.0156231 0.0119619 0.00855304 0.00709242 0.00814433 0.011553 0.0170104 0.024242 0.0328952 0.0423961 0.0519164 0.0604682 0.0670883 0.0710467 0.0720073 0.0700889 0.0658028 0.0598991 0.0531747 0.0463096 0.0397733 0.0338124 0.0284978 0.0237977 0.0196451
 1.1336e-16 1.10143e-05 6.46115e-05 0.000307068 0.00118212 0.0036862 0.00931111 0.0190527 0.0315858 0.0424307 0.0462044 0.0408304 0.0293924 0.0174909 0.00913322 0.00515686 0.00446513 0.00576209 0.00829967 0.0117971 0.0161582 0.0212883 0.0270261 0.0331352 0.0393207 0.0452515 0.0505848 0.054987 0.058157 0.0598525 0.0599189 0.0583173 0.0551433 0.0506247 0.0450993 0.0389716
 1.19777e-16 1.36596e-06 7.94593e-06 3.76262e-05 0.000144621 0.000450755 0.00113898 0.00233377 0.00388111 0.00525049 0.00581457 0.00536923 0.00436859 0.0036119 0.00374657 0.00506785 0.00764379 0.0114822 0.0165651 0.0227845 0.0298779 0.0374184 0.044869 0.0516839 0.05742 0.061819 0.0648323 0.0665774 0.0672514 0.0670343 0.0660235 0.0642194 0.0615611 0.0579882 0.0535051 0.0482182
 1.2962e-16 1.09019e-06 6.3568e-06 3.01375e-05 0.0001159 0.000361269 0.000912555 0.00186809 0.00310027 0.00417505 0.00457368 0.00410701 0.00310021 0.0021388 0.00167157 0.00186062 0.00270433 0.00420543 0.00643732 0.00952372 0.0135931 0.0187391 0.0249896 0.032283 0.0404491 0.0491992 0.0581275 0.0667286 0.0744355 0.0806765 0.0849443 0.0868665 0.0862629 0.0831757 0.0778646 0.0707712
 1.34245e-16 4.46075e-06 2.61492e-05 0.000124243 0.000478244 0.00149124 0.00376673 0.00770769 0.0127784 0.0171675 0.0186987 0.0165344 0.0119259 0.007146 0.0038284 0.0023335 0.00225251 0.00311445 0.00469351 0.00697993 0.0100652 0.0140611 0.0190573 0.0250938 0.0321363 0.0400518 0.0485882 0.0573651 0.065884 0.0735641 0.0798028 0.0840542 0.0859108 0.0851689 0.081866 0.0762786
 1.1835e-16 2.15242e-05 0.000126321 0.000600457 0.00231177 0.00720899 0.0182093 0.0372586 0.0617602 0.0829422 0.0902575 0.0796135 0.0569899 0.0332612 0.0161499 0.00714005 0.00390054 0.00369637 0.00487962 0.00677034 0.00914389 0.0119063 0.0149777 0.0182743 0.0217163 0.0252345 0.0287648 0.0322311 0.0355248 0.0384916 0.0409338 0.0426328 0.0433872 0.0430547 0.0415857 0.039042
 1.09372e-16 1.39414e-05 8.17686e-05 0.000388575 0.00149584 0.00466446 0.0117825 0.0241116 0.0399791 0.0537259 0.0585567 0.0518706 0.0376094 0.0229155 0.0129286 0.00877707 0.00911598 0.0122837 0.0172057 0.0232628 0.0299329 0.036605 0.0425872 0.0472226 0.0500347 0.0508367 0.0497667 0.0472304 0.0437786 0.0399603 0.0362016 0.0327439 0.0296476 0.0268445 0.0242098 0.0216279
 1.05299e-16 2.5421e-05 0.000149186 0.000709131 0.00273014 0.00851364 0.0215049 0.0440024 0.0729414 0.0979659 0.106626 0.0940998 0.067464 0.0395841 0.0196099 0.0093266 0.00600874 0.00643438 0.00862947 0.0117118 0.0152773 0.0190223 0.0226283 0.0257771 0.028206 0.0297558 0.0303921 0.0301913 0.0293013 0.0278919 0.026115 0.0240845 0.0218776 0.0195496 0.0171514 0.0147413
 1.06432e-16 4.88709e-06 2.85924e-05 0.000135725 0.000522229 0.00162824 0.0041135 0.00842186 0.0139795 0.0188324 0.0206472 0.0185784 0.0140978 0.00983995 0.00779052 0.0085724 0.0119444 0.0174917 0.0248631 0.0336536 0.0432425 0.0527542 0.061158 0.067464 0.0709431 0.0712937 0.068701 0.0637631 0.0573197 0.0502407 0.0432476 0.0368128 0.0311499 0.0262704 0.0220722 0.018421
 1.09073e-16 2.02779e-05 0.000118999 0.000565637 0.00217768 0.00679084 0.0171531 0.0350978 0.0581797 0.0781375 0.085039 0.0750343 0.0537649 0.0314876 0.0154968 0.00721721 0.00448588 0.00476216 0.00652613 0.0091576 0.0124427 0.0162574 0.0204509 0.0248258 0.0291525 0.0331902 0.0367064 0.0394903 0.0413643 0.0421959 0.0419117 0.0405118 0.0380803 0.0347834 0.0308549 0.0265682
 1.03108e-16 3.24747e-05 0.000190602 0.000906037 0.0034883 0.0108779 0.0274768 0.0562211 0.0931924 0.125154 0.13619 0.120125 0.0859779 0.0501548 0.0242991 0.0106328 0.0056088 0.00505148 0.00640161 0.00853324 0.0109818 0.0134632 0.015716 0.0174995 0.0186363 0.0190502 0.0187793 0.0179565 0.016767 0.0153981 0.0139973 0.0126518 0.0113907 0.0102022 0.00905874 0.00793716
 1.02371e-16 1.73372e-05 0.000101698 0.000483308 0.00186056 0.00580182 0.0146554 0.0299903 0.0497249 0.0668177 0.0728123 0.0644669 0.0466737 0.0283005 0.0157175 0.0102991 0.0103389 0.0137375 0.0191324 0.0257401 0.0329148 0.0399171 0.0459186 0.0501384 0.0520164 0.0513462 0.0483224 0.0434786 0.0375475 0.0312854 0.0253214 0.0200699 0.0157154 0.0122561 0.0095739 0.00750596
 1.03686e-16 2.30845e-05 0.000135462 0.000643872 0.00247886 0.00773 0.0195255 0.0399531 0.0662316 0.0889619 0.0968473 0.0855191 0.0614203 0.0362561 0.0183668 0.00941296 0.00695913 0.00810835 0.0110722 0.0150162 0.0194962 0.0241183 0.0284511 0.0320654 0.034614 0.0358992 0.035903 0.0347678 0.0327425 0.0301117 0.0271358 0.0240174 0.0208955 0.0178602 0.0149737 0.0122864
 1.05635e-16 1.07066e-05 6.27698e-05 0.000298235 0.00114798 0.00357965 0.00904242 0.0185058 0.0306899 0.0412594 0.0450138 0.03998 0.0292181 0.0182618 0.0111264 0.00876377 0.0102285 0.0143109 0.020202 0.0273649 0.035245 0.0431338 0.0502066 0.0556651 0.0589095 0.0596707 0.0580596 0.0545124 0.0496592 0.0441622 0.0385782 0.0332828 0.0284623 0.0241566 0.0203249 0.0169039
 1.08117e-16 1.72644e-05 0.000101296 0.000481447 0.00185349 0.00577982 0.0145995 0.0298739 0.0495247 0.0665267 0.0724373 0.0639976 0.0460363 0.0273231 0.0141199 0.00770239 0.00629073 0.00776299 0.0108226 0.0148753 0.0195996 0.0246875 0.0297762 0.0344802 0.038455 0.0414532 0.0433528 0.044149 0.0439199 0.0427835 0.0408636 0.0382758 0.0351326 0.0315562 0.02769 0.0236983
 1.03949e-16 2.98979e-05 0.000175472 0.000834103 0.00321133 0.0100142 0.0252951 0.0517574 0.0857944 0.115222 0.12539 0.110618 0.0792165 0.0462969 0.0225926 0.0101663 0.00577112 0.00557954 0.00724536 0.00973022 0.0125898 0.0155307 0.018269 0.0205354 0.0221223 0.0229263 0.0229634 0.0223507 0.021264 0.0198863 0.0183665 0.0167987 0.0152247 0.0136521 0.0120768 0.0105023
pSPR Fmed_Fpbrs
0.37029   0.255252 0.255252
Fs Fmed_Fpbrs
0.64   1.005 1.005
SSBpbr Bo_Bmed_Bpbrs
4.92895e+06  1.57869e+06  1.01168e+06 1.01168e+06
Ro
31703.4
SPR SPRFo_SPRFmed_SPRFpbrs
654810 242469 167142
log_Ro
10.1842
likeval ReclasPelacesDesembMPH_pf_preclas_ppelaces_ptallas_desvR_qrecl_qpela
 474.539 48.9765 13786.1 2713.03 589.387 454.484 96.9687 0 148.206 0 0 0 0 0 0
q_reclas_q_pelaces
1 1
M
0.7
N
 204121 18848.3 9359.8 4647.94 4584.89
 4450.22 95900.7 8378.1 4160.44 4104
 607.622 2090.81 42628 3724.07 3673.55
 425.829 285.474 929.367 18948.2 3288.25
 1184.5 200.064 126.894 413.105 9884.11
 410269 556.503 88.9284 56.4043 4577.12
 8547.31 192753 247.366 39.5288 2059.61
 411829 4015.71 85679.1 109.954 933.067
 73089.5 193486 1784.99 38084.4 463.624
 338063 34339 86004.9 793.429 17134.6
 465935 158830 15263.7 38229.2 7969.04
 62027.4 218906 70599.9 6784.74 20535.2
 109476 29141.8 97304.1 31381.7 12143.7
 7677.87 51434.4 12953.6 43251.8 19347.1
 2900.3 3607.23 22862.7 5757.87 27825.2
 6087.11 1362.62 1603.42 10162.5 14927.7
 28505.1 2859.86 605.687 712.72 11152.6
 18081.8 13392.3 1271.21 269.229 5274.15
 46577.6 8495.2 5952.89 565.054 2464.04
 7084.4 21883.2 3776.13 2646.07 1346.43
 27367.4 3328.41 9727.1 1678.49 1774.67
 112297 12857.8 1479.48 4323.7 1534.93
 77583.1 52759.8 5715.3 657.63 2604.17
 136991 36450.3 23451.8 2540.46 1449.87
 57421.4 64361.2 16202.2 10424.3 1773.7
 85210.3 26977.8 28608.6 7201.88 5422.04
 292501 40033.7 11991.7 12716.5 5611.34
pred_Ctot
 7936.97 1430.85 710.537 352.842 348.056
 173.04 7280.18 636.012 315.834 311.55
 23.6265 158.721 3236.05 282.708 278.873
 16.5577 21.6714 70.5517 1438.43 249.623
 46.0575 15.1876 9.63296 31.3603 750.339
 15952.7 42.2462 6.75089 4.28186 347.466
 332.35 14632.6 18.7785 3.00077 156.352
 16013.4 304.848 6504.21 8.34705 70.8326
 2841.98 14688.3 135.505 2891.13 35.1954
 13145.1 2606.8 6528.95 60.2321 1300.75
 18117.2 12057.3 1158.73 2902.12 604.959
 2411.85 16618 5359.5 515.055 1558.9
 4256.84 2212.26 7386.71 2382.3 921.875
 298.543 3904.58 983.353 3283.4 1468.71
 112.774 273.838 1735.59 437.101 2112.32
 236.688 103.442 121.721 771.471 1133.22
 1108.38 217.102 45.98 54.1052 846.636
 703.083 1016.66 96.5022 20.4381 400.38
 1811.1 644.902 451.906 42.8953 187.054
 275.467 1661.23 286.66 200.873 102.213
 1064.14 252.672 738.42 127.42 134.722
 4366.52 976.082 112.313 328.228 116.522
 3016.71 4005.19 433.869 49.9231 197.692
 5326.68 2767.07 1780.31 192.855 110.065
 2232.75 4885.89 1229.97 791.349 134.648
 3313.28 2047.99 2171.78 546.721 411.607
 11373.5 3039.1 910.332 965.36 425.978
F
 0.0554016 0.110803 0.110803 0.110803 0.110803
 0.0554016 0.110803 0.110803 0.110803 0.110803
 0.0554016 0.110803 0.110803 0.110803 0.110803
 0.0554016 0.110803 0.110803 0.110803 0.110803
 0.0554016 0.110803 0.110803 0.110803 0.110803
 0.0554016 0.110803 0.110803 0.110803 0.110803
 0.0554016 0.110803 0.110803 0.110803 0.110803
 0.0554016 0.110803 0.110803 0.110803 0.110803
 0.0554016 0.110803 0.110803 0.110803 0.110803
 0.0554016 0.110803 0.110803 0.110803 0.110803
 0.0554016 0.110803 0.110803 0.110803 0.110803
 0.0554016 0.110803 0.110803 0.110803 0.110803
 0.0554016 0.110803 0.110803 0.110803 0.110803
 0.0554016 0.110803 0.110803 0.110803 0.110803
 0.0554016 0.110803 0.110803 0.110803 0.110803
 0.0554016 0.110803 0.110803 0.110803 0.110803
 0.0554016 0.110803 0.110803 0.110803 0.110803
 0.0554016 0.110803 0.110803 0.110803 0.110803
 0.0554016 0.110803 0.110803 0.110803 0.110803
 0.0554016 0.110803 0.110803 0.110803 0.110803
 0.0554016 0.110803 0.110803 0.110803 0.110803
 0.0554016 0.110803 0.110803 0.110803 0.110803
 0.0554016 0.110803 0.110803 0.110803 0.110803
 0.0554016 0.110803 0.110803 0.110803 0.110803
 0.0554016 0.110803 0.110803 0.110803 0.110803
 0.0554016 0.110803 0.110803 0.110803 0.110803
 0.0554016 0.110803 0.110803 0.110803 0.110803
Np
 35464.1 10654.9 24979.8 3234.64 1145.02
YTP_r0W_actual
 701158 417057 181604 245940 120432
YTP_p0W_proyectada
 85011.4 1.43163e+06 269491 103089 175241
 85011.4 110999 378298 62558.5 24574.8
CTP_r0_actual
 85507.1 19308.2 5783.56 6133.17 2706.34
CTP_p0_proyectada
 10367.2 66279.1 8582.5 2570.8 3938
 10367.2 5138.84 12047.7 1560.06 552.242
Wmedp
 8.2 21.6 31.4 40.1 44.5
nmprior
 10.8 10.6 4.6 0
nm_flota  nm_reclas  nm_pelaces    nm_pelaL
inf 1.94389 3.79525 6.47047
cv_recla  cv_pelaces  cv_mph
1.88654 0.766628 2.08812
 ------------------------------------------------
Talla a la edad & desviaci?n 
 7.2 14.2025 17.0495 18.207 18.6776
 1.08 2.13037 2.55742 2.73105 2.80164
