years
 1997 1998 1999 2000 2001 2002 2003 2004 2005 2006 2007 2008 2009 2010 2011 2012 2013 2014 2015 2016 2017 2018 2019 2020 2021 2022
reclasobs
 0 0 0 370054 412103 1.49427e+06 250295 1.28982e+06 931140 785840 897777 1.04006e+06 184774 17550 25797 100020 73551 82996 120727 218422 84188 347160 605670 569463 516374 1.08416e+06
reclaspred
 612915 153304 346104 197170 289727 304119 620536 448729 744635 952912 851122 626262 349373 116404 98661.5 97594.3 70573.5 70660 99322.7 144555 215308 264648 535441 618598 730722 540031
pelacesobs
 0 0 0 0 0 0 0 0 0 2.06254e+06 1.5e+06 0 1.87456e+06 323000 250000 174000 83755 137374 0 501740 490994 745055 786931 1.00524e+06 1.33801e+06 1.41789e+06
pelacespred
 2.37799e+06 484306 619695 576342 783884 518709 1.79195e+06 1.23939e+06 2.34778e+06 2.63749e+06 1.87583e+06 1.49611e+06 792952 252052 224267 204052 141987 161946 223497 298502 591504 622962 994358 1.39741e+06 1.44268e+06 1.12561e+06
mphobs
 0 0 0 0 0 0 112323 0 153150 637223 0 255016 313432 73983 77613 109348 50772 17779 17303 59886 28197 0 207744 136588 643089 65757
mphpred
 213591 114354 117611 92119.8 94252 141928 170825 235001 239432 405313 410326 283728 186278 105008 61610.5 60889.8 41677.2 34521.3 25379.8 37458.3 51746.8 77188.2 123777 175014 208675 157652
desembarqueobs
 350755 77701 442110 56441 14545 235359 269955 359681 431902 328805 639364 411747 362871 311530 167758 66681 60226 58785 57116 73181 50977 67692 138656 160484 209506 203330
desembarquepred
 350757 77696.5 442061 56446.9 14545.7 235576 270032 359432 431631 328818 639351 411596 363114 311587 167508 66715 60313.9 58758.3 57038.2 73192.3 50978.9 67657.2 138681 160483 209663 203403
Reclutas
 33979.5 40378 16451.7 20111.6 33906 20758.7 57255.1 54112.5 129809 105238 62094.3 56946.8 34597.6 30708.7 17664.6 8878.27 4885.28 8206.31 14248.4 10561.4 22444.2 40742 42748.4 58506.9 13260.8 22611.4
log_desv_Rt
 0.203122 0.375652 -0.522205 -0.321338 0.200957 -0.28967 0.724882 0.668431 1.54343 1.33359 0.80602 0.719484 0.221152 0.101911 -0.451072 -1.13903 -1.73641 -1.21773 -0.665986 -0.965426 -0.211602 0.384625 0.432698 0.746511 -0.737821 -0.204178
SSB
 405609 217158 223342 174935 178984 269521 311687 438165 440091 752031 779206 538798 368072 140763 85614.4 83895.8 62935.4 49848.4 65362.8 102580 131363 189869 314054 421350 558196 442755
BT
 1.43455e+06 339319 524881 311855 358950 404611 1.06377e+06 960570 1.54444e+06 1.4825e+06 1.38635e+06 1.03984e+06 699783 400334 242730 142440 114704 124418 149334 186058 315580 331787 515610 744812 745587 651162
Ftot
 1.23993 1.16898 2.21333 0.574063 0.10926 1.27904 1.06569 1.85318 1.80665 0.777191 1.33149 1.20409 1.81975 4.95303 4.01993 1.32795 1.55209 1.87121 1.40925 1.01311 0.540768 0.552546 0.483633 0.50831 0.464412 0.580784
BD_Bspro_t
 0.896061 0.608273 0.504406 0.288875 0.409733 0.563293 0.458283 0.503996 0.470659 0.550441 0.520118 0.363724 0.284494 0.147063 0.10887 0.127734 0.135472 0.149871 0.231919 0.375583 0.45983 0.613801 0.688472 0.684104 0.685537 0.567395
BD_Bspro
 0.708099 0.379107 0.389904 0.305396 0.312465 0.470521 0.544133 0.764936 0.768298 1.31287 1.36031 0.940618 0.642568 0.24574 0.149463 0.146463 0.109871 0.0870239 0.114108 0.179081 0.229329 0.331468 0.548266 0.735579 0.974482 0.772948
BD_Bo
 0.666023 0.35658 0.366736 0.287249 0.293898 0.442562 0.5118 0.719482 0.722645 1.23486 1.27948 0.884725 0.604386 0.231138 0.140582 0.13776 0.103342 0.0818528 0.107328 0.16844 0.215702 0.311772 0.515687 0.69187 0.916577 0.727019
BD_Brms
 1.71545 0.91843 0.944587 0.739856 0.756981 1.13989 1.31822 1.85314 1.86129 3.18058 3.29552 2.27875 1.55669 0.595332 0.362091 0.354822 0.266174 0.210825 0.27644 0.433845 0.555575 0.803019 1.32824 1.78202 2.36079 1.87255
S_f
 0.0760799 0.610068 0.967455 0.998233 0.999907
 0.0760799 0.610068 0.967455 0.998233 0.999907
 0.0760799 0.610068 0.967455 0.998233 0.999907
 0.0760799 0.610068 0.967455 0.998233 0.999907
 0.0760799 0.610068 0.967455 0.998233 0.999907
 0.0760799 0.610068 0.967455 0.998233 0.999907
 0.0760799 0.610068 0.967455 0.998233 0.999907
 0.0760799 0.610068 0.967455 0.998233 0.999907
 0.0760799 0.610068 0.967455 0.998233 0.999907
 0.0760799 0.610068 0.967455 0.998233 0.999907
 0.0760799 0.610068 0.967455 0.998233 0.999907
 0.0760799 0.610068 0.967455 0.998233 0.999907
 0.0760799 0.610068 0.967455 0.998233 0.999907
 0.0760799 0.610068 0.967455 0.998233 0.999907
 0.0760799 0.610068 0.967455 0.998233 0.999907
 0.0760799 0.610068 0.967455 0.998233 0.999907
 0.0760799 0.610068 0.967455 0.998233 0.999907
 0.0760799 0.610068 0.967455 0.998233 0.999907
 0.0760799 0.610068 0.967455 0.998233 0.999907
 0.0760799 0.610068 0.967455 0.998233 0.999907
 0.0760799 0.610068 0.967455 0.998233 0.999907
 0.0760799 0.610068 0.967455 0.998233 0.999907
 0.0760799 0.610068 0.967455 0.998233 0.999907
 0.0760799 0.610068 0.967455 0.998233 0.999907
 0.0760799 0.610068 0.967455 0.998233 0.999907
 0.0760799 0.610068 0.967455 0.998233 0.999907
Scru_reclas
 0.402211 0.772007 0.944571 0.988474 0.997688
 0.402211 0.772007 0.944571 0.988474 0.997688
 0.402211 0.772007 0.944571 0.988474 0.997688
 0.402211 0.772007 0.944571 0.988474 0.997688
 0.402211 0.772007 0.944571 0.988474 0.997688
 0.402211 0.772007 0.944571 0.988474 0.997688
 0.402211 0.772007 0.944571 0.988474 0.997688
 0.402211 0.772007 0.944571 0.988474 0.997688
 0.402211 0.772007 0.944571 0.988474 0.997688
 0.402211 0.772007 0.944571 0.988474 0.997688
 0.402211 0.772007 0.944571 0.988474 0.997688
 0.402211 0.772007 0.944571 0.988474 0.997688
 0.402211 0.772007 0.944571 0.988474 0.997688
 0.402211 0.772007 0.944571 0.988474 0.997688
 0.402211 0.772007 0.944571 0.988474 0.997688
 0.402211 0.772007 0.944571 0.988474 0.997688
 0.402211 0.772007 0.944571 0.988474 0.997688
 0.402211 0.772007 0.944571 0.988474 0.997688
 0.402211 0.772007 0.944571 0.988474 0.997688
 0.402211 0.772007 0.944571 0.988474 0.997688
 0.402211 0.772007 0.944571 0.988474 0.997688
 0.402211 0.772007 0.944571 0.988474 0.997688
 0.402211 0.772007 0.944571 0.988474 0.997688
 0.402211 0.772007 0.944571 0.988474 0.997688
 0.402211 0.772007 0.944571 0.988474 0.997688
 0.402211 0.772007 0.944571 0.988474 0.997688
Scru_pelaces
 0.751393 1 1 1 1
 0.751393 1 1 1 1
 0.751393 1 1 1 1
 0.751393 1 1 1 1
 0.751393 1 1 1 1
 0.751393 1 1 1 1
 0.751393 1 1 1 1
 0.751393 1 1 1 1
 0.751393 1 1 1 1
 0.751393 1 1 1 1
 0.751393 1 1 1 1
 0.751393 1 1 1 1
 0.751393 1 1 1 1
 0.751393 1 1 1 1
 0.751393 1 1 1 1
 0.751393 1 1 1 1
 0.751393 1 1 1 1
 0.751393 1 1 1 1
 0.751393 1 1 1 1
 0.751393 1 1 1 1
 0.751393 1 1 1 1
 0.751393 1 1 1 1
 0.751393 1 1 1 1
 0.751393 1 1 1 1
 0.751393 1 1 1 1
 0.751393 1 1 1 1
pf_obs 
 0.256992 0.487395 0.22802 0.0275931 0
 0.321318 0.546541 0.124235 0.00734118 0.000564706
 0.182869 0.594174 0.210203 0.0122559 0.00049798
 0.330522 0.361315 0.267642 0.0388342 0.00168674
 0.649043 0.306663 0.0425973 0.00169635 0
 0.582887 0.30429 0.105238 0.00758474 0
 0.465427 0.430635 0.0974691 0.00646863 0
 0.296916 0.608066 0.0921331 0.00288517 0
 0.311714 0.524322 0.152257 0.0117073 0
 0.15457 0.633149 0.183074 0.0267441 0.00246327
 0.131901 0.49318 0.331252 0.0422183 0.00144891
 0.196976 0.569456 0.194076 0.0375587 0.00193317
 0.518974 0.381816 0.0799577 0.0180837 0.00116848
 0.0928022 0.601141 0.25162 0.0475244 0.00691264
 0.122501 0.610282 0.24278 0.0234846 0.000952079
 0.383417 0.481906 0.127806 0.00687128 0
 0.0376549 0.599619 0.316969 0.0457579 0
 0.0361596 0.667082 0.258105 0.0386534 0
 0.158088 0.579412 0.248529 0.0139706 0
 0.0477256 0.309471 0.559284 0.082774 0.000745712
 0.0406174 0.521527 0.379366 0.0568643 0.0016247
 0.151134 0.462217 0.34131 0.0453401 0
 0.294876 0.26143 0.354403 0.0886775 0.000613685
 0.281977 0.475581 0.204845 0.0348837 0.00271318
 0.0841818 0.532909 0.334909 0.0458182 0.00218182
 0.115287 0.27431 0.454777 0.147771 0.00785563
pf_pred 
 0.272057 0.493781 0.209001 0.0251491 1.22614e-05
 0.252319 0.595602 0.123768 0.0254158 0.00289554
 0.120547 0.685378 0.172664 0.0175981 0.00381294
 0.210626 0.508743 0.253857 0.024022 0.00275175
 0.230083 0.507065 0.199726 0.0573213 0.00580501
 0.12208 0.596228 0.212925 0.0526555 0.0161112
 0.36454 0.377499 0.210734 0.036185 0.0110418
 0.246848 0.650514 0.0765215 0.0215357 0.00458079
 0.448901 0.442758 0.10185 0.00492457 0.00156609
 0.200759 0.721753 0.0702969 0.00678713 0.000403569
 0.122839 0.585534 0.275649 0.0145548 0.00142284
 0.167217 0.504305 0.26591 0.0593216 0.00324617
 0.146155 0.596558 0.195783 0.0502998 0.0112046
 0.304801 0.509856 0.157828 0.0212836 0.00623199
 0.295774 0.676403 0.0263584 0.00127449 0.00018961
 0.172899 0.75653 0.0699572 0.000585341 2.85605e-05
 0.125167 0.587699 0.275005 0.0120299 9.96696e-05
 0.311701 0.443897 0.200812 0.0418566 0.00173392
 0.370657 0.54407 0.0697208 0.0129355 0.00261696
 0.181 0.698089 0.112774 0.00672416 0.00141325
 0.294893 0.452208 0.232203 0.019367 0.00132894
 0.29089 0.539918 0.128049 0.0378987 0.00324496
 0.186369 0.60709 0.17525 0.0239119 0.00737921
 0.198437 0.495446 0.255622 0.0430971 0.00739805
 0.0410945 0.624446 0.246512 0.073914 0.0140336
 0.108894 0.215087 0.515749 0.119323 0.0409478
pobs_RECLAS
 0 0 0 0 0
 0 0 0 0 0
 0 0 0 0 0
 0 0 0 0 0
 0.835266 0.146461 0.0176864 0.000547809 3.91292e-05
 0.385257 0.428462 0.181853 0.0044286 0
 0.867414 0.0963971 0.0333333 0.00285562 0
 0.441836 0.489002 0.0689373 0.000224442 0
 0.779404 0.147425 0.0564933 0.0165055 0.000172143
 0.814271 0.122319 0.05973 0.00367925 0
 0.40263 0.566651 0.0304383 0.000280538 0
 0.475488 0.404961 0.113038 0.00651328 0
 0.955842 0.0263864 0.0167828 0.000988607 0
 0.975058 0.0227948 0.00214734 0 0
 0.738997 0.206755 0.0527124 0.00153531 0
 0.850938 0.134255 0.0134407 0.00136685 0
 0.542534 0.407297 0.0501686 0 0
 0.764087 0.199537 0.0359546 0.000420521 0
 0.470689 0.182191 0.310203 0.0369168 0
 0.84361 0.089868 0.0606195 0.00523954 0.000663233
 0.607945 0.314616 0.071237 0.00620181 0
 0.523733 0.453247 0.0230204 0 0
 0.530135 0.295979 0.169645 0.0042399 0
 0.562478 0.366248 0.0663022 0.0049721 0
 0.250443 0.683176 0.0655157 0.000865301 0
 0.195077 0.31981 0.436473 0.0351445 0.0134964
ppred_RECLAS
 0.645174 0.263779 0.0811906 0.00985165 4.83829e-06
 0.61196 0.326919 0.0496541 0.0102873 0.00118059
 0.415127 0.492048 0.0825763 0.0084135 0.00183539
 0.555093 0.313759 0.118488 0.011351 0.00131006
 0.576007 0.302777 0.0917813 0.0267097 0.00272554
 0.404189 0.44351 0.114846 0.028631 0.00882425
 0.738119 0.174117 0.0715473 0.0124034 0.00381282
 0.613929 0.348097 0.0282795 0.00798458 0.00171031
 0.800515 0.170531 0.0272108 0.0013205 0.000422903
 0.52639 0.438321 0.0319793 0.00312266 0.000187065
 0.407974 0.435354 0.148021 0.00787598 0.000775541
 0.498774 0.339652 0.130573 0.0293814 0.00161958
 0.466404 0.410729 0.0933876 0.024078 0.00540132
 0.774796 0.193056 0.0275126 0.00358144 0.00105382
 0.715775 0.278173 0.00574068 0.000271443 4.06104e-05
 0.488801 0.478922 0.0319937 0.000269765 1.32584e-05
 0.417839 0.432276 0.143518 0.0063153 5.26989e-05
 0.703159 0.215129 0.0670979 0.0140286 0.00058522
 0.733328 0.239665 0.0220473 0.00411954 0.000839454
 0.501445 0.44197 0.0527368 0.00317575 0.000672402
 0.661404 0.237721 0.0925213 0.00781345 0.000540191
 0.650051 0.28264 0.0507803 0.0152169 0.00131272
 0.509208 0.389802 0.0855012 0.0118151 0.0036737
 0.537184 0.314831 0.123294 0.0210504 0.00364078
 0.165698 0.592201 0.177782 0.0539908 0.0103284
 0.389927 0.180176 0.326869 0.0765574 0.0264699
pobs_PELACES
 0 0 0 0 0
 0 0 0 0 0
 0 0 0 0 0
 0 0 0 0 0
 0 0 0 0 0
 0 0 0 0 0
 0 0 0 0 0
 0 0 0 0 0
 0 0 0 0 0
 0 0 0 0 0
 0.450072 0.473896 0.0757376 0.000293798 0
 0 0 0 0 0
 0.463077 0.371075 0.160297 0.00555027 0
 0.529543 0.364841 0.0842815 0.0213345 0
 0.631943 0.363953 0.00410389 0 0
 0.735681 0.248677 0.0153453 0.000297389 0
 0.695825 0.281241 0.0229344 0 0
 0.275771 0.60734 0.115278 0.00161068 0
 0 0 0 0 0
 0.896147 0.0623911 0.0374545 0.00400742 0
 0.803859 0.145111 0.0509908 3.86294e-05 0
 0.739449 0.233085 0.0266225 0.000797448 4.60066e-05
 0.878498 0.100942 0.0204185 0.000141795 0
 0.694673 0.275183 0.0284847 0.00165964 0
 0.469039 0.446079 0.0841089 0.000773354 0
 0.822795 0.102175 0.0682046 0.00682512 0
ppred_PELACES
 0.779401 0.177582 0.038596 0.00441921 2.14882e-06
 0.745624 0.224771 0.024309 0.00475582 0.000540401
 0.616517 0.343045 0.0362427 0.00345023 0.0007448
 0.681783 0.241495 0.0696577 0.0063397 0.000724701
 0.679483 0.242928 0.0594155 0.0165045 0.00166851
 0.570858 0.346679 0.0630978 0.0148376 0.0045276
 0.844389 0.114463 0.0339016 0.00555564 0.00169105
 0.767105 0.21756 0.0116096 0.00307392 0.000651692
 0.893309 0.0959708 0.0101141 0.000460496 0.00014597
 0.652083 0.328303 0.0178621 0.00165359 9.81021e-05
 0.577437 0.337894 0.0802509 0.00402557 0.000392445
 0.662548 0.253026 0.0689758 0.0146513 0.000799623
 0.653952 0.28976 0.0434463 0.0105081 0.00233313
 0.928004 0.0669819 0.00435011 0.000514574 0.000149602
 0.881711 0.117 0.00122835 5.32813e-05 7.88023e-06
 0.639828 0.34398 0.0160584 0.000127654 6.21145e-06
 0.597327 0.325948 0.0736517 0.00304855 2.51825e-05
 0.840265 0.128181 0.0262046 0.00513687 0.000212092
 0.840045 0.1485 0.00945544 0.00166428 0.000335744
 0.641642 0.328015 0.0283864 0.00161675 0.000338964
 0.769247 0.17428 0.0520128 0.00417441 0.000285851
 0.755993 0.206768 0.0284466 0.00810017 0.000692115
 0.631258 0.307686 0.0521017 0.00684628 0.0021085
 0.664518 0.246902 0.0744292 0.0120806 0.00206952
 0.250251 0.571417 0.13273 0.0383375 0.00726432
 0.552705 0.159855 0.221331 0.049245 0.0168639
pobs_pel_tallas
 0 0 0 0 0 0 0 0 0 0 0 0 0 0 0 0 0 0 0 0 0 0 0 0 0 0 0 0 0 0 0 0 0 0 0 0
 0 0 0 0 0 0 0 0 0 0 0 0 0 0 0 0 0 0 0 0 0 0 0 0 0 0 0 0 0 0 0 0 0 0 0 0
 0 0 0 0 0 0 0 0 0 0 0 0 0 0 0 0 0 0 0 0 0 0 0 0 0 0 0 0 0 0 0 0 0 0 0 0
 0 0 0 0 0 0 0 0 0 0 0 0 0 0 0 0 0 0 0 0 0 0 0 0 0 0 0 0 0 0 0 0 0 0 0 0
 0 0 0 0 0 0 0 0 0 0 0 0 0 0 0 0 0 0 0 0 0 0 0 0 0 0 0 0 0 0 0 0 0 0 0 0
 0 0 0 0 0 0 0 0 0 0 0 0 0 0 0 0 0 0 0 0 0 0 0 0 0 0 0 0 0 0 0 0 0 0 0 0
 0 0 0 0 0 0 0 0 0 0 0 0 0 0 0 0 0 0 0 0 0 0 0 0 0 0 0 0 0 0 0 0 0 0 0 0
 0 0 0 0 0 0 0 0 0 0 0 0 0 0 0 0 0 0 0 0 0 0 0 0 0 0 0 0 0 0 0 0 0 0 0 0
 0 0 0 0 0 0 0 0 0 0 0 0 0 0 0 0 0 0 0 0 0 0 0 0 0 0 0 0 0 0 0 0 0 0 0 0
 0 0 0 0 0 0 0 0 0 0 0 0 0 0 0 0 0 0 0 0 0 0 0 0 0 0 0 0 0 0 0 0 0 0 0 0
 0 0 0 0 0 0 0 0 1.78061e-05 0.00172719 0.00360574 0.0105946 0.0120993 0.0124554 0.0147524 0.0171206 0.0266825 0.0428682 0.0675386 0.121331 0.153587 0.119568 0.100827 0.0573624 0.0630603 0.0341343 0.0324427 0.0444173 0.0211091 0.0280891 0.0125444 0.00206551 0 0 0 0
 0 0 0 0 0 0 0 0 0 0 0 0 0 0 0 0 0 0 0 0 0 0 0 0 0 0 0 0 0 0 0 0 0 0 0 0
 0 0 0 0 0 0 0.0133647 0.0140871 0.0187388 0.0205184 0.03894 0.0496705 0.03968 0.0493445 0.0407372 0.0367815 0.0215668 0.0243155 0.0234873 0.0199281 0.019796 0.0243948 0.0301388 0.0376714 0.0412746 0.0863199 0.0771752 0.113111 0.0741005 0.0525337 0.0229764 0.00759418 0.00175318 0 0 0
 0 0 0 0 0 0 0 0 0 0 0.00219441 0.00772107 0.0458388 0.0604681 0.0671733 0.0775358 0.0609151 0.0617685 0.073594 0.0568108 0.0755445 0.0548602 0.0670107 0.0636378 0.0643287 0.046367 0.0373049 0.0286899 0.0247887 0.0153202 0.00654259 0.00121912 0.000365735 0 0 0
 0 0 0 0 0 0 0 0 0 0 0 0 0.000112435 0.00938835 0.0111873 0.0202946 0.0414886 0.0713402 0.111592 0.104902 0.108894 0.110636 0.117776 0.105296 0.107544 0.0401394 0.0192827 0.0124803 0.00416011 0.0028671 0.000618394 0 0 0 0 0
 0 0 0 0 0 0 0 0 0 0 0.00291406 0.0102884 0.027416 0.0768956 0.0749926 0.110853 0.0956884 0.0897413 0.0766577 0.0534642 0.0500743 0.0551293 0.0594112 0.0620874 0.0668451 0.0424026 0.0208742 0.0120726 0.0048766 0.00582813 0.00118941 0.000297354 0 0 0 0
 0 0.00264628 0.0354308 0.0461629 0.0458689 0.0383711 0.0214643 0.0164657 0.0346957 0.0420465 0.0363128 0.0245516 0.0311673 0.0291091 0.0169068 0.0133784 0.00837989 0.0085269 0.0148486 0.0160247 0.0276389 0.0546898 0.0760071 0.122758 0.109233 0.0665981 0.0333725 0.0166128 0.00676272 0.00308733 0.000882094 0 0 0 0 0
 0 0 0 0 0 0 0 0.000805153 0.000690131 0.00759144 0.0133425 0.0154129 0.00931677 0.000345066 0.00356568 0.00563607 0.00851162 0.0253048 0.0502646 0.0516448 0.0657925 0.0565908 0.0611916 0.0827007 0.0866115 0.110766 0.145733 0.0935128 0.0569358 0.0249597 0.0138026 0.00621118 0.00161031 0.00115022 0 0
 0 0 0 0 0 0 0 0 0 0 0 0 0 0 0 0 0 0 0 0 0 0 0 0 0 0 0 0 0 0 0 0 0 0 0 0
 0.00147267 0.00158595 0.00478618 0.00569244 0.00954404 0.0108468 0.00647125 0.017049 0.0510054 0.094081 0.124002 0.0959785 0.0687766 0.0820023 0.061753 0.0591476 0.0492212 0.0479892 0.0443925 0.0268479 0.0217502 0.0140895 0.0121071 0.0120363 0.00920419 0.00665534 0.0049561 0.00860946 0.00930331 0.0156896 0.0114698 0.00855282 0.00243557 0.00046729 0 2.83206e-05
 0 0 0 0 0.000772559 0.00158375 0.000888443 0.00281984 0.00712685 0.0440552 0.0773331 0.111326 0.0921469 0.0852325 0.0710754 0.0886704 0.0786465 0.0553345 0.0373146 0.0185414 0.00753245 0.00457741 0.012979 0.0271748 0.0457355 0.0583668 0.034881 0.0177882 0.00938659 0.00492506 0.0015258 0.00185414 0.000309023 5.79419e-05 3.86279e-05 0
 0 0.00173294 0.00326652 0 0.00397197 0.00683976 0.00946217 0.0152591 0.00757587 0.0136028 0.0228656 0.0392903 0.0559909 0.0764795 0.0681675 0.0726916 0.0566044 0.0477403 0.0527397 0.0444891 0.0609904 0.0582453 0.0661739 0.0445044 0.0529084 0.0360697 0.0280645 0.0235558 0.0158879 0.00826598 0.00280645 0.00217768 0.000904811 0.00058276 9.20147e-05 0
 0 0 0 0 0 0 0 0 0 0 0 0 0 0 0 0 0 0 0 0 0 0 0 0 0 0 0 0 0 0 0 0 0 0 0 0
 0 0 0 0 0 0 0 0 0 0 0 0 0 0 0 0 0 0 0 0 0 0 0 0 0 0 0 0 0 0 0 0 0 0 0 0
 0 0 0 0 0 0 0 0 0 0 0 0 0 0 0 0 0 0 0 0 0 0 0 0 0 0 0 0 0 0 0 0 0 0 0 0
 0 0 0 0 0 0 0 0 0 0 0 0 0 0 0 0 0 0 0 0 0 0 0 0 0 0 0 0 0 0 0 0 0 0 0 0
ppred_pel_tallas
 1.00758e-16 3.40054e-05 0.000199587 0.000948749 0.00365274 0.0113907 0.0287721 0.0588716 0.097586 0.131055 0.142613 0.125792 0.0900404 0.0525365 0.0254745 0.0111822 0.00594484 0.00538719 0.00682244 0.00905934 0.0115934 0.0141044 0.0162935 0.0178859 0.0186803 0.0185939 0.0176796 0.0161065 0.0141138 0.0119535 0.00983984 0.00792016 0.00626905 0.00490139 0.0037942 0.00290795
 1.00608e-16 3.25345e-05 0.000190947 0.000907664 0.00349454 0.0108974 0.027526 0.0563222 0.0933618 0.125387 0.136457 0.120393 0.086241 0.0504515 0.0247093 0.011264 0.00658288 0.00649339 0.00842161 0.0112004 0.0142924 0.0173135 0.0198895 0.0216769 0.0224304 0.0220604 0.0206532 0.0184451 0.0157605 0.0129353 0.0102508 0.00789451 0.00595276 0.00442854 0.00327199 0.00241081
 1.0078e-16 2.69096e-05 0.000157913 0.000750593 0.00288974 0.0090113 0.0227621 0.0465758 0.0772104 0.103709 0.112904 0.0997015 0.0716145 0.0422885 0.0214449 0.0110134 0.00814117 0.0094247 0.0127369 0.0170461 0.0217624 0.0263531 0.0302565 0.0329493 0.0340579 0.0334465 0.0312494 0.0278298 0.0236864 0.0193356 0.0152103 0.0115992 0.00863536 0.00632339 0.00458578 0.0033096
 1.0132e-16 2.97515e-05 0.000174606 0.000829976 0.00319541 0.00996456 0.0251698 0.0515014 0.0853719 0.11466 0.124793 0.110125 0.078938 0.0462838 0.0228644 0.0107574 0.00675457 0.00705979 0.00933 0.0124938 0.0160369 0.0195663 0.0226838 0.0250139 0.0262769 0.0263494 0.0252895 0.0233112 0.0207246 0.0178597 0.0150001 0.0123448 0.0100002 0.00799739 0.00631935 0.00492805
 1.01568e-16 2.96513e-05 0.000174018 0.000827178 0.00318464 0.00993097 0.0250849 0.0513278 0.0850842 0.114274 0.124373 0.109756 0.0786751 0.0461339 0.022798 0.0107387 0.00675908 0.00707579 0.00935316 0.012522 0.0160679 0.0195968 0.0227101 0.025033 0.0262879 0.0263557 0.0252988 0.0233361 0.0207808 0.0179631 0.0151641 0.0125767 0.0102998 0.00835573 0.00672051 0.00535125
 1.01731e-16 2.49189e-05 0.000146225 0.000695027 0.00267579 0.00834411 0.0210768 0.0431276 0.0714954 0.0960359 0.104558 0.0923505 0.0663758 0.0392785 0.0200737 0.0105647 0.00812739 0.00962594 0.0130993 0.0175892 0.0225319 0.0274019 0.0316363 0.0347042 0.036218 0.0360223 0.0342264 0.0311658 0.0273113 0.0231547 0.0191106 0.0154595 0.0123375 0.00976317 0.00768202 0.00600978
 1.00789e-16 3.68366e-05 0.000216214 0.00102781 0.00395717 0.0123401 0.0311701 0.0637774 0.105716 0.141966 0.154467 0.136204 0.0973965 0.0566336 0.0270968 0.0112737 0.00510608 0.00383105 0.0045376 0.00596865 0.0076503 0.00934266 0.0108478 0.0119867 0.0126262 0.0127068 0.0122541 0.0113667 0.0101882 0.00887122 0.00754686 0.0063066 0.00519933 0.00423937 0.0034198 0.00272482
 1.00372e-16 3.34708e-05 0.000196445 0.000933803 0.00359518 0.0112112 0.0283188 0.0579442 0.0960501 0.128996 0.140381 0.123846 0.0886957 0.051849 0.0253217 0.0114206 0.00650363 0.0062713 0.00807254 0.0107091 0.0136378 0.0164799 0.0188717 0.0204822 0.0210787 0.0205818 0.0190853 0.0168291 0.0141385 0.0113481 0.00873601 0.00648508 0.00467547 0.00330259 0.00230791 0.00161008
 1.00198e-16 3.8969e-05 0.000228735 0.00108734 0.00418638 0.0130549 0.0329755 0.0674713 0.111838 0.150185 0.163403 0.144067 0.102984 0.0598107 0.0284815 0.0116141 0.00490023 0.0032885 0.00369273 0.00478673 0.00608564 0.00736487 0.00845329 0.00920246 0.0095076 0.00933085 0.00870995 0.00774691 0.00658162 0.00535907 0.00420078 0.00318791 0.00235794 0.00171224 0.001229 0.000876375
 1.00422e-16 2.84599e-05 0.000167016 0.000793872 0.00305637 0.00953095 0.0240746 0.0492613 0.0816612 0.109684 0.1194 0.105417 0.0756741 0.0445937 0.0224435 0.0112473 0.00796999 0.00899809 0.0120773 0.0161264 0.0205491 0.0248259 0.0284171 0.0308242 0.0316957 0.0309125 0.0286171 0.0251733 0.0210744 0.016828 0.0128569 0.00943959 0.00669892 0.004629 0.0031413 0.0021118
 1.01406e-16 2.52055e-05 0.000147908 0.00070303 0.00270661 0.00844022 0.0213195 0.0436243 0.0723183 0.0971403 0.105757 0.0934034 0.0671183 0.0396894 0.0202313 0.0105636 0.00802778 0.00944954 0.0128469 0.0172574 0.0221234 0.0269305 0.0311272 0.0341915 0.0357382 0.0356065 0.0338931 0.0309158 0.0271274 0.0230054 0.0189583 0.0152684 0.0120818 0.00943147 0.00727856 0.00555196
 1.01603e-16 2.89132e-05 0.000169684 0.000806572 0.0031053 0.00968354 0.02446 0.0500491 0.0829651 0.111429 0.121281 0.107037 0.0767477 0.0450467 0.0223411 0.0106584 0.00688951 0.00735175 0.00976954 0.0130954 0.0168143 0.020521 0.0238007 0.0262617 0.0276121 0.0277239 0.0266579 0.0246375 0.0219852 0.0190428 0.016103 0.0133688 0.0109473 0.00886706 0.00710858 0.00563218
 1.01182e-16 2.85398e-05 0.000167488 0.000796128 0.00306507 0.00955809 0.0241431 0.0494012 0.0818921 0.109991 0.119725 0.105684 0.0758226 0.0445941 0.0222835 0.0109066 0.00740781 0.00815831 0.0109054 0.0145908 0.0186621 0.0226594 0.0261079 0.0285644 0.0297082 0.0294155 0.0277862 0.0251106 0.0217925 0.0182518 0.0148416 0.011799 0.00923637 0.00716407 0.00552864 0.0042501
 1.00109e-16 4.04807e-05 0.000237612 0.00112955 0.00434891 0.0135618 0.0342557 0.0700906 0.116178 0.15601 0.169734 0.14963 0.106919 0.0620131 0.0293742 0.0117071 0.00452163 0.00256001 0.00261529 0.00332301 0.00420911 0.0050846 0.00582416 0.00632377 0.00651124 0.00636176 0.00590372 0.0052106 0.00438221 0.00352142 0.00271392 0.0020163 0.00145371 0.00102532 0.000713689 0.000494241
 1.00058e-16 3.84641e-05 0.000225769 0.00107323 0.00413206 0.0128855 0.0325477 0.0665961 0.110388 0.148239 0.161291 0.142217 0.101687 0.05911 0.0282457 0.0116868 0.00518929 0.00377165 0.0043854 0.00570936 0.00724173 0.00872851 0.00996459 0.0107712 0.011025 0.0106865 0.00981092 0.00853279 0.00703269 0.00549558 0.00407458 0.0028695 0.0019227 0.00122885 0.000752006 0.000443106
 1.00345e-16 2.79261e-05 0.00016388 0.000778964 0.00299897 0.00935194 0.0236225 0.0483362 0.0801284 0.107628 0.117166 0.103457 0.0742934 0.0438331 0.0221587 0.0112652 0.00818327 0.00937295 0.0126214 0.0168572 0.021474 0.0259311 0.0296635 0.0321492 0.0330211 0.0321562 0.0297066 0.0260567 0.021727 0.0172525 0.0130786 0.00949814 0.00663992 0.00449624 0.00297185 0.00193362
 1.01258e-16 2.60723e-05 0.000152998 0.000727231 0.00279979 0.00873081 0.0220535 0.045126 0.074807 0.100481 0.109389 0.0965965 0.0693823 0.0409669 0.0207694 0.0106606 0.00787919 0.00913305 0.01237 0.0166023 0.0212733 0.0258815 0.0298939 0.0328071 0.0342512 0.0340734 0.0323703 0.0294526 0.025761 0.0217597 0.0178452 0.0142908 0.0112367 0.00871259 0.00667776 0.00505973
 1.00601e-16 3.66574e-05 0.000215161 0.0010228 0.00393787 0.0122799 0.031018 0.0634665 0.105201 0.141275 0.153719 0.135552 0.0969464 0.0564045 0.0270482 0.011358 0.00530038 0.0041381 0.00497211 0.00654294 0.00836336 0.0101733 0.0117522 0.0129014 0.013476 0.0134171 0.0127632 0.0116367 0.0102102 0.00866496 0.00715463 0.00578411 0.00460575 0.0036289 0.00283591 0.00219775
 1.00256e-16 3.66486e-05 0.000215107 0.00102254 0.00393687 0.0122768 0.0310102 0.0634505 0.105175 0.141242 0.153687 0.135534 0.0969556 0.0564543 0.0271546 0.0115434 0.00559416 0.00457275 0.00557638 0.00733201 0.00932875 0.0112751 0.0129166 0.0140262 0.0144444 0.0141161 0.0131043 0.0115717 0.00973943 0.00783519 0.00604867 0.00450497 0.00325956 0.00231041 0.00161877 0.00113025
 1.00582e-16 2.80046e-05 0.000164343 0.000781165 0.00300745 0.00937839 0.0236893 0.0484728 0.0803543 0.10793 0.117491 0.103735 0.0744747 0.0439027 0.0221251 0.0111369 0.00795497 0.0090272 0.0121378 0.0162232 0.0206946 0.0250355 0.0287074 0.0312105 0.0321898 0.0315198 0.0293343 0.0259876 0.0219632 0.017761 0.0137989 0.0103546 0.00755424 0.00539859 0.00380801 0.00266803
 1.00953e-16 3.35626e-05 0.000196987 0.00093639 0.00360516 0.0112424 0.0283973 0.0581046 0.0963148 0.129348 0.140755 0.124154 0.0888689 0.051855 0.0251483 0.0110474 0.00588728 0.0053522 0.00679351 0.00903932 0.0115958 0.0141504 0.0164104 0.0181037 0.0190276 0.0190922 0.0183382 0.0169187 0.0150566 0.0129891 0.010921 0.00899601 0.00729201 0.00583257 0.0046069 0.00358884
 1.00782e-16 3.29859e-05 0.000193599 0.000920275 0.0035431 0.0110488 0.0279085 0.0571047 0.0946583 0.127126 0.138345 0.122047 0.0874011 0.0510797 0.0249233 0.0112041 0.0063322 0.00607236 0.00781655 0.0103925 0.013277 0.0161111 0.0185503 0.0202778 0.0210656 0.0208269 0.0196349 0.0176992 0.0153101 0.0127695 0.0103304 0.00816269 0.00634591 0.00488619 0.00374342 0.00285838
 1.01174e-16 2.7551e-05 0.000161681 0.000768517 0.00295876 0.00922654 0.0233057 0.0476878 0.0790528 0.10618 0.115584 0.102045 0.0732472 0.043151 0.0216954 0.0108391 0.00764535 0.00862059 0.0115917 0.0155261 0.0198659 0.0241291 0.027812 0.0304427 0.0316787 0.0313854 0.029666 0.0268261 0.0232925 0.0195109 0.0158576 0.012587 0.00982269 0.0075802 0.00580696 0.00442129
 1.01649e-16 2.89989e-05 0.000170187 0.000808967 0.00311452 0.00971231 0.0245326 0.0501978 0.0832113 0.111759 0.121639 0.107349 0.0769638 0.045158 0.0223676 0.0106236 0.00680532 0.00721815 0.00958072 0.0128465 0.0165065 0.020164 0.0234142 0.0258737 0.0272549 0.0274291 0.0264504 0.0245312 0.0219808 0.0191288 0.0162586 0.0135686 0.0111657 0.00908212 0.00730428 0.00579903
 1.03727e-16 1.09482e-05 6.41836e-05 0.000304946 0.0011738 0.00366016 0.00924585 0.0189224 0.0313817 0.0421924 0.0460392 0.0409084 0.0299351 0.0187854 0.0115761 0.00929227 0.0109772 0.0153969 0.0217146 0.0293542 0.0377026 0.0459733 0.0532551 0.058672 0.0615743 0.0616857 0.0591584 0.0545123 0.0484883 0.0418663 0.0353076 0.0292642 0.0239642 0.0194549 0.0156731 0.0125122
 1.05675e-16 2.41201e-05 0.000141552 0.000672847 0.00259045 0.00807803 0.0204045 0.0417507 0.0692082 0.0929499 0.101162 0.0892651 0.0639716 0.0374832 0.0184756 0.00863772 0.00538277 0.00566117 0.00762031 0.0104591 0.0138447 0.0175474 0.0213188 0.0248904 0.028011 0.0304833 0.0321857 0.0330715 0.0331527 0.0324784 0.0311178 0.0291534 0.0266845 0.0238313 0.0207359 0.0175545
pSPR Fmed_Fpbrs
0.539212   0.43825 0.43825
Fs Fmed_Fpbrs
0.64   1.005 1.005
SSBpbr Bo_Bmed_Bpbrs
609001  297930  236444 236444
Ro
27733.3
SPR SPRFo_SPRFmed_SPRFpbrs
572813 308868 251035
log_Ro
10.0504
likeval ReclasPelacesDesembMPH_pf_preclas_ppelaces_ptallas_desvR_qrecl_qpela
 71.9259 10.0759 0.050632 110.152 344.497 209.517 59.3822 0 22.1387 5.64979e-06 0.000116714 0 0 0 0
q_reclas_q_pelaces
1.40049 4.65064
M
0.7
N
 33979.5 10078.3 3164.21 373.96 0.18215
 40378 15354.7 2348.89 473.467 53.8873
 16451.7 18344.9 3736.94 376.443 81.5129
 20111.6 6903.57 2360.96 218.05 24.9456
 33906 9560.33 2415.3 672.797 68.0265
 20758.7 16697.8 4441.38 1079.09 329.863
 57255.1 9352.6 3799.92 639.9 195.064
 54112.5 26217.8 2424.22 672.988 143.046
 129809 23337.8 4203.3 200.416 63.6885
 105238 56183.1 3849.32 363.499 21.5885
 62094.3 49259 17365.4 901.226 88.0214
 56946.8 27864.5 10856.8 2378.14 130.01
 34597.6 25803.5 6637.77 1681.84 374.366
 30708.7 14959.4 4222.13 566.799 165.924
 17664.6 10461.7 361.915 17.3964 2.58731
 8878.27 6460.62 447.216 3.67776 0.179284
 4885.28 3985.16 1427.02 61.4552 0.508746
 8206.31 2155.76 767.739 157.868 6.53506
 14248.4 3534.39 341.836 62.3731 12.6075
 10561.4 6356.21 742.898 43.4212 9.11641
 22444.2 4855.59 1701.25 138.437 9.48691
 40742 10696.2 1733.64 500.672 42.8125
 42748.4 19399 3791.64 504.424 155.456
 58506.9 20461.3 7171.92 1179.28 202.166
 13260.8 27951.6 7451.64 2178 412.961
 22611.4 6356.52 10455.7 2361.12 809.218
pred_Ctot
 2211.85 4014.48 1699.2 204.464 0.0996864
 2483.77 5862.97 1218.34 250.188 28.503
 1851.48 10526.7 2651.95 270.289 58.563
 619.657 1496.71 746.843 70.6723 8.09559
 201.949 445.061 175.303 50.3121 5.09518
 1392.07 6798.77 2427.98 600.43 183.715
 3221.74 3336.27 1862.44 319.796 97.5858
 5159.31 13596.3 1599.36 450.113 95.7421
 12084.2 11918.8 2741.75 132.567 42.1583
 4360.18 15675.3 1526.74 147.406 8.76489
 4327.3 20626.9 9710.44 512.728 50.1233
 3604 10869.2 5731.1 1278.55 69.9641
 3242.72 13235.8 4343.83 1116 248.596
 7085.27 11851.9 3668.79 494.749 144.866
 3406.7 7790.74 303.593 14.6795 2.18391
 617.147 2700.36 249.706 2.08932 0.101944
 393.982 1849.87 865.618 37.8658 0.313725
 789.568 1124.43 508.675 106.027 4.39219
 1048.26 1538.69 197.178 36.583 7.40105
 565.956 2182.8 352.623 21.0252 4.41899
 652.143 1000.04 513.507 42.8294 2.93889
 1209.12 2244.23 532.249 157.53 13.488
 1112.99 3625.54 1046.59 142.802 44.0686
 1599.68 3994 2060.67 347.424 59.6388
 331.749 5041.04 1990.05 596.695 113.291
 704.678 1391.88 3337.54 772.166 264.983
F
 0.0943338 0.756442 1.19958 1.23774 1.23982
 0.0889357 0.713156 1.13093 1.16691 1.16887
 0.16839 1.35028 2.1413 2.20942 2.21312
 0.0436747 0.350218 0.55538 0.573049 0.57401
 0.00831251 0.0666561 0.105704 0.109067 0.10925
 0.0973089 0.780299 1.23741 1.27677 1.27892
 0.0810777 0.650144 1.03101 1.06381 1.06559
 0.14099 1.13057 1.79287 1.84991 1.85301
 0.13745 1.10218 1.74785 1.80345 1.80648
 0.0591286 0.474139 0.751897 0.775818 0.777119
 0.1013 0.8123 1.28816 1.32914 1.33137
 0.0916072 0.734578 1.1649 1.20196 1.20398
 0.138446 1.11017 1.76053 1.81653 1.81958
 0.376826 3.02169 4.79183 4.94428 4.95257
 0.305836 2.45243 3.8891 4.01283 4.01956
 0.10103 0.81014 1.28473 1.3256 1.32783
 0.118083 0.946883 1.50158 1.54935 1.55195
 0.142362 1.14157 1.81031 1.86791 1.87104
 0.107215 0.859737 1.36338 1.40676 1.40912
 0.0770775 0.618068 0.980141 1.01132 1.01302
 0.0411416 0.329905 0.523168 0.539812 0.540717
 0.0420376 0.337091 0.534563 0.551569 0.552494
 0.0367947 0.295049 0.467893 0.482778 0.483588
 0.0386722 0.310103 0.491767 0.507411 0.508262
 0.0353325 0.283323 0.449298 0.463592 0.464369
 0.044186 0.354317 0.561882 0.579757 0.580729
Np
 17939 8252.53 2889.7 415.975 637.038
YTP_r0W_actual
 10820.7 55109 174288 47092 17561.8
YTP_p0W_proyectada
 7821.65 79205.6 32840 57187.2 18007.4
 7821.65 60843 42847.1 8036.01 13671.5
CTP_r0_actual
 1202.3 2169.65 4937.34 1137.49 390.261
CTP_p0_proyectada
 953.86 3666.93 1045.86 1426.11 404.661
 953.86 2816.8 1364.56 200.399 307.224
Wmedp
 8.2 21.6 31.4 40.1 44.5
nmprior
 10.8 10.6 4.6 0
nm_flota  nm_reclas  nm_pelaces    nm_pelaL
inf 16.2131 11.1265 29.1676
cv_recla  cv_pelaces  cv_mph
0.750266 0.347722 0.428469
 ------------------------------------------------
Talla a la edad & desviaci?n 
 7.2 14.2025 17.0495 18.207 18.6776
 1.08 2.13037 2.55742 2.73105 2.80164
