years
 1997 1998 1999 2000 2001 2002 2003 2004 2005 2006 2007 2008 2009 2010 2011 2012 2013 2014 2015 2016 2017 2018 2019
reclasobs
 0 0 0 370054 412103 1.49427e+06 250295 1.28982e+06 931140 785840 897777 1.04006e+06 184774 17550 25797 100020 73551 82996 120727 218422 84188 347160 605670
reclaspred
 466788 118324 251285 165358 251806 254615 555915 408436 779716 847896 701166 507539 285314 121723 98535.3 81270.6 58829.9 68284.8 97775.4 135263 200255 270768 531014
pelacesobs
 0 0 0 0 0 0 0 0 0 2.06254e+06 1.5e+06 0 1.87456e+06 323000 250000 174000 83755 137374 0 501740 490994 745055 786931
pelacespred
 2.0876e+06 365642 549726 534243 737246 523052 1.65319e+06 1.21021e+06 2.4918e+06 2.51614e+06 1.80099e+06 1.39177e+06 750504 269504 229692 189662 138054 169828 234749 317645 595632 679440 1.12519e+06
mphobs
 0 0 0 0 0 0 112323 0 153150 637223 0 255016 313432 73983 77613 109348 50772 17779 17303 59886 28197 0 207744
mphpred
 175810 94088.4 96926.7 80739.1 93901.6 142766 176656 214162 235525 403117 408721 287077 181966 111934 61044.2 57749 40975.5 35053.5 23712.8 36245.9 51473 72159.1 137201
desembarqueobs
 350755 77701 442110 56441 14545 235359 269955 359681 431902 328805 639364 411747 362871 311530 167758 66681 60226 58785 57116 73181 50977 67692 138656
desembarquepred
 350759 77697.8 442077 56446.5 14545.7 235569 270026 359505 431668 328805 639373 411653 363188 311596 167514 66710.7 60317.9 58776.1 57055.1 73189.5 50977.5 67663.8 138651
Reclutas
 34061.5 40017.2 17727.1 26673.4 38507.1 25322.8 53320.2 62256.9 148475 114291 62855.5 52244.3 33766.9 29434.8 17737.8 9267.79 5096.63 8956.28 16610.8 13342 24145.9 62546.2 53312.3
log_desv_Rt
 0.105373 0.266513 -0.547703 -0.13913 0.228049 -0.191091 0.55352 0.708474 1.57762 1.31595 0.718043 0.533135 0.0966851 -0.0406164 -0.547095 -1.19625 -1.79422 -1.23044 -0.612741 -0.831878 -0.238681 0.71311 0.553371
SSB
 407044 217838 224409 186931 217405 330539 394489 487426 529720 913468 946291 664654 436401 185314 104716 98907.7 75979.1 62175.9 81134.9 130959 174045 237025 463235
BT
 1.43795e+06 339253 541899 358453 423108 481715 1.10953e+06 1.07e+06 1.7802e+06 1.71148e+06 1.57119e+06 1.14859e+06 767380 433759 262415 160414 130188 142635 177555 232814 375409 440923 717322
Ftot
 1.20309 1.13398 2.15727 0.52337 0.0889356 0.9691 0.756029 1.54961 1.39552 0.60285 1.01435 0.890216 1.38639 3.38074 2.96778 1.03762 1.20696 1.35718 1.05447 0.744586 0.385672 0.413723 0.311736
BD_Bspro_t
 0.897189 0.609048 0.50581 0.302486 0.456527 0.614466 0.514748 0.531107 0.520983 0.600106 0.571728 0.41505 0.322885 0.190075 0.133511 0.1521 0.164546 0.186195 0.279414 0.441383 0.534393 0.668808 0.767282
BD_Bspro
 0.644199 0.344756 0.355156 0.295842 0.344072 0.52312 0.624329 0.771414 0.838349 1.44568 1.49763 1.0519 0.69066 0.293282 0.165727 0.156534 0.120247 0.0984014 0.128406 0.20726 0.275448 0.375123 0.733128
BD_Bo
 0.599491 0.32083 0.330508 0.27531 0.320193 0.486815 0.581 0.717877 0.780167 1.34535 1.39369 0.978897 0.642727 0.272928 0.154226 0.14567 0.111901 0.0915722 0.119495 0.192876 0.256332 0.349089 0.682248
BD_Brms
 1.56343 0.836703 0.861943 0.717991 0.835041 1.26958 1.51521 1.87217 2.03462 3.50857 3.63465 2.5529 1.67619 0.711779 0.40221 0.379898 0.291831 0.238814 0.311634 0.503006 0.668495 0.9104 1.77926
S_f
 0.081293 0.627038 0.969645 0.998355 0.999913
 0.081293 0.627038 0.969645 0.998355 0.999913
 0.081293 0.627038 0.969645 0.998355 0.999913
 0.081293 0.627038 0.969645 0.998355 0.999913
 0.081293 0.627038 0.969645 0.998355 0.999913
 0.081293 0.627038 0.969645 0.998355 0.999913
 0.081293 0.627038 0.969645 0.998355 0.999913
 0.081293 0.627038 0.969645 0.998355 0.999913
 0.081293 0.627038 0.969645 0.998355 0.999913
 0.081293 0.627038 0.969645 0.998355 0.999913
 0.081293 0.627038 0.969645 0.998355 0.999913
 0.081293 0.627038 0.969645 0.998355 0.999913
 0.081293 0.627038 0.969645 0.998355 0.999913
 0.081293 0.627038 0.969645 0.998355 0.999913
 0.081293 0.627038 0.969645 0.998355 0.999913
 0.081293 0.627038 0.969645 0.998355 0.999913
 0.081293 0.627038 0.969645 0.998355 0.999913
 0.081293 0.627038 0.969645 0.998355 0.999913
 0.081293 0.627038 0.969645 0.998355 0.999913
 0.081293 0.627038 0.969645 0.998355 0.999913
 0.081293 0.627038 0.969645 0.998355 0.999913
 0.081293 0.627038 0.969645 0.998355 0.999913
 0.081293 0.627038 0.969645 0.998355 0.999913
Scru_reclas
 0.848873 1 1 1 1
 0.848873 1 1 1 1
 0.848873 1 1 1 1
 0.848873 1 1 1 1
 0.848873 1 1 1 1
 0.848873 1 1 1 1
 0.848873 1 1 1 1
 0.848873 1 1 1 1
 0.848873 1 1 1 1
 0.848873 1 1 1 1
 0.848873 1 1 1 1
 0.848873 1 1 1 1
 0.848873 1 1 1 1
 0.848873 1 1 1 1
 0.848873 1 1 1 1
 0.848873 1 1 1 1
 0.848873 1 1 1 1
 0.848873 1 1 1 1
 0.848873 1 1 1 1
 0.848873 1 1 1 1
 0.848873 1 1 1 1
 0.848873 1 1 1 1
 0.848873 1 1 1 1
Scru_pelaces
 1 1 1 1 1
 1 1 1 1 1
 1 1 1 1 1
 1 1 1 1 1
 1 1 1 1 1
 1 1 1 1 1
 1 1 1 1 1
 1 1 1 1 1
 1 1 1 1 1
 1 1 1 1 1
 1 1 1 1 1
 1 1 1 1 1
 1 1 1 1 1
 1 1 1 1 1
 1 1 1 1 1
 1 1 1 1 1
 1 1 1 1 1
 1 1 1 1 1
 1 1 1 1 1
 1 1 1 1 1
 1 1 1 1 1
 1 1 1 1 1
 1 1 1 1 1
pf_obs 
 0.256992 0.487395 0.22802 0.0275931 0
 0.321318 0.546541 0.124235 0.00734118 0.000564706
 0.182869 0.594174 0.210203 0.0122559 0.00049798
 0.330522 0.361315 0.267642 0.0388342 0.00168674
 0.649043 0.306663 0.0425973 0.00169635 0
 0.582887 0.30429 0.105238 0.00758474 0
 0.465427 0.430635 0.0974691 0.00646863 0
 0.296916 0.608066 0.0921331 0.00288517 0
 0.311714 0.524322 0.152257 0.0117073 0
 0.15457 0.633149 0.183074 0.0267441 0.00246327
 0.131901 0.49318 0.331252 0.0422183 0.00144891
 0.196976 0.569456 0.194076 0.0375587 0.00193317
 0.518974 0.381816 0.0799577 0.0180837 0.00116848
 0.0928022 0.601141 0.25162 0.0475244 0.00691264
 0.122501 0.610282 0.24278 0.0234846 0.000952079
 0.383417 0.481906 0.127806 0.00687128 0
 0.0376549 0.599619 0.316969 0.0457579 0
 0.0361596 0.667082 0.258105 0.0386534 0
 0.158088 0.579412 0.248529 0.0139706 0
 0.0477256 0.309471 0.559284 0.082774 0.000745712
 0.0406174 0.521527 0.379366 0.0568643 0.0016247
 0.151134 0.462217 0.34131 0.0453401 0
 0.294876 0.26143 0.354403 0.0886775 0.000613685
pf_pred 
 0.280446 0.488884 0.20592 0.0247374 1.32323e-05
 0.257986 0.591754 0.121372 0.0259258 0.00296227
 0.134075 0.673691 0.170289 0.0178928 0.00405175
 0.260192 0.491965 0.222684 0.022466 0.00269242
 0.221391 0.551046 0.175016 0.0473869 0.00515976
 0.122571 0.569195 0.243527 0.0501052 0.0146022
 0.282753 0.399644 0.246505 0.05671 0.0143878
 0.263818 0.580865 0.107738 0.0372735 0.0103058
 0.434131 0.452263 0.101247 0.00872581 0.003633
 0.185497 0.71652 0.0873751 0.00950984 0.00109829
 0.105553 0.556789 0.312843 0.0222201 0.00259484
 0.131992 0.45742 0.310771 0.092794 0.00702323
 0.129432 0.525893 0.232293 0.0859707 0.0264107
 0.245201 0.502503 0.192758 0.0408497 0.0186897
 0.251799 0.676186 0.0634121 0.00673182 0.00187163
 0.15752 0.718123 0.12035 0.0035664 0.000440763
 0.112379 0.549828 0.309575 0.0273497 0.000868364
 0.282225 0.413439 0.232413 0.0661887 0.00573376
 0.359092 0.523855 0.0863659 0.0237304 0.00695669
 0.182973 0.674953 0.127267 0.0110608 0.003746
 0.253453 0.461122 0.255059 0.0273171 0.0030487
 0.351225 0.456722 0.139335 0.0472815 0.00543769
 0.162711 0.656768 0.143918 0.0268089 0.0097943
pobs_RECLAS
 0 0 0 0 0
 0 0 0 0 0
 0 0 0 0 0
 0 0 0 0 0
 0.835266 0.146461 0.0176864 0.000547809 3.91292e-05
 0.385257 0.428462 0.181853 0.0044286 0
 0.867414 0.0963971 0.0333333 0.00285562 0
 0.441836 0.489002 0.0689373 0.000224442 0
 0.779404 0.147425 0.0564933 0.0165055 0.000172143
 0.814271 0.122319 0.05973 0.00367925 0
 0.40263 0.566651 0.0304383 0.000280538 0
 0.475488 0.404961 0.113038 0.00651328 0
 0.955842 0.0263864 0.0167828 0.000988607 0
 0.975058 0.0227948 0.00214734 0 0
 0.738997 0.206755 0.0527124 0.00153531 0
 0.850938 0.134255 0.0134407 0.00136685 0
 0.542534 0.407297 0.0501686 0 0
 0.764087 0.199537 0.0359546 0.000420521 0
 0.470689 0.182191 0.310203 0.0369168 0
 0.84361 0.089868 0.0606195 0.00523954 0.000663233
 0.607945 0.314616 0.071237 0.00620181 0
 0.523733 0.453247 0.0230204 0 0
 0.530135 0.295979 0.169645 0.0042399 0
ppred_RECLAS
 0.755952 0.189497 0.0488751 0.00567341 3.02918e-06
 0.72317 0.239635 0.0302386 0.00624415 0.000712159
 0.563193 0.376471 0.053704 0.00541011 0.00122232
 0.728229 0.205965 0.0593091 0.00580285 0.000694299
 0.675962 0.256208 0.0525195 0.0138089 0.00150123
 0.525037 0.355948 0.0946809 0.0188509 0.00548408
 0.761825 0.159154 0.0617682 0.0137667 0.00348681
 0.736715 0.227417 0.0251621 0.00839053 0.00231533
 0.854627 0.126291 0.0170717 0.00141977 0.00058999
 0.615278 0.354124 0.0273758 0.00288863 0.000333054
 0.486386 0.373515 0.130116 0.0089406 0.00104222
 0.558312 0.283807 0.120436 0.0348148 0.00263043
 0.554786 0.319962 0.0853983 0.0305008 0.00935212
 0.771481 0.183873 0.034556 0.00692876 0.00316059
 0.742912 0.243775 0.0117922 0.0011901 0.000329977
 0.576802 0.38226 0.0396603 0.00113684 0.000140249
 0.508351 0.357554 0.123241 0.0105204 0.000333413
 0.768932 0.160231 0.0545463 0.0149943 0.00129646
 0.805893 0.170721 0.0174063 0.00462575 0.00135364
 0.618185 0.337266 0.0400377 0.0033713 0.00113983
 0.723614 0.198173 0.0701147 0.0072863 0.000811872
 0.80154 0.156702 0.030547 0.0100569 0.00115473
 0.582652 0.355128 0.0499062 0.0090225 0.00329099
pobs_PELACES
 0 0 0 0 0
 0 0 0 0 0
 0 0 0 0 0
 0 0 0 0 0
 0 0 0 0 0
 0 0 0 0 0
 0 0 0 0 0
 0 0 0 0 0
 0 0 0 0 0
 0 0 0 0 0
 0.450072 0.473896 0.0757376 0.000293798 0
 0 0 0 0 0
 0.463077 0.371075 0.160297 0.00555027 0
 0.529543 0.364841 0.0842815 0.0213345 0
 0.631943 0.363953 0.00410389 0 0
 0.735681 0.248677 0.0153453 0.000297389 0
 0.695825 0.281241 0.0229344 0 0
 0.275771 0.60734 0.115278 0.00161068 0
 0 0 0 0 0
 0.896147 0.0623911 0.0374545 0.00400742 0
 0.803859 0.145111 0.0509908 3.86294e-05 0
 0.739449 0.233085 0.0266225 0.000797448 4.60066e-05
 0.878498 0.100942 0.0204185 0.000141795 0
ppred_PELACES
 0.823495 0.141095 0.0317632 0.00364528 1.94511e-06
 0.793287 0.181924 0.0201939 0.0041254 0.000470237
 0.697853 0.268504 0.0300124 0.00296227 0.000668529
 0.778661 0.17013 0.0461754 0.0044955 0.000537732
 0.714487 0.226231 0.0459105 0.012061 0.00131115
 0.614292 0.296904 0.0707797 0.0139634 0.00406019
 0.816193 0.126318 0.0450081 0.00995969 0.00252159
 0.816759 0.161904 0.0150347 0.00494037 0.00136219
 0.900791 0.0878847 0.010146 0.000832708 0.000345787
 0.678584 0.297426 0.0214777 0.00225337 0.000259729
 0.579868 0.314892 0.0978084 0.00665641 0.000775544
 0.644277 0.236829 0.0908775 0.0260496 0.00196727
 0.662909 0.252833 0.0576913 0.0203361 0.00623099
 0.886401 0.0975535 0.0125098 0.00242924 0.00110619
 0.855014 0.139555 0.00482642 0.000473591 0.000131112
 0.661765 0.308831 0.028495 0.000808804 9.97269e-05
 0.610701 0.293391 0.0882265 0.00744577 0.000235825
 0.839694 0.116325 0.0339665 0.00921782 0.000796445
 0.857075 0.127467 0.0115356 0.00303512 0.000887693
 0.687689 0.278517 0.030394 0.00254128 0.000858874
 0.769948 0.166984 0.0565593 0.00585618 0.000652392
 0.838103 0.129101 0.0240165 0.00787591 0.000904125
 0.636203 0.311194 0.0422177 0.00760999 0.00277532
pobs_pel_tallas
 0 0 0 0 0 0 0 0 0 0 0 0 0 0 0 0 0 0 0 0 0 0 0 0 0 0 0 0 0 0 0 0 0 0 0 0
 0 0 0 0 0 0 0 0 0 0 0 0 0 0 0 0 0 0 0 0 0 0 0 0 0 0 0 0 0 0 0 0 0 0 0 0
 0 0 0 0 0 0 0 0 0 0 0 0 0 0 0 0 0 0 0 0 0 0 0 0 0 0 0 0 0 0 0 0 0 0 0 0
 0 0 0 0 0 0 0 0 0 0 0 0 0 0 0 0 0 0 0 0 0 0 0 0 0 0 0 0 0 0 0 0 0 0 0 0
 0 0 0 0 0 0 0 0 0 0 0 0 0 0 0 0 0 0 0 0 0 0 0 0 0 0 0 0 0 0 0 0 0 0 0 0
 0 0 0 0 0 0 0 0 0 0 0 0 0 0 0 0 0 0 0 0 0 0 0 0 0 0 0 0 0 0 0 0 0 0 0 0
 0 0 0 0 0 0 0 0 0 0 0 0 0 0 0 0 0 0 0 0 0 0 0 0 0 0 0 0 0 0 0 0 0 0 0 0
 0 0 0 0 0 0 0 0 0 0 0 0 0 0 0 0 0 0 0 0 0 0 0 0 0 0 0 0 0 0 0 0 0 0 0 0
 0 0 0 0 0 0 0 0 0 0 0 0 0 0 0 0 0 0 0 0 0 0 0 0 0 0 0 0 0 0 0 0 0 0 0 0
 0 0 0 0 0 0 0 0 0 0 0 0 0 0 0 0 0 0 0 0 0 0 0 0 0 0 0 0 0 0 0 0 0 0 0 0
 0 0 0 0 0 0 0 0 1.78061e-05 0.00172719 0.00360574 0.0105946 0.0120993 0.0124554 0.0147524 0.0171206 0.0266825 0.0428682 0.0675386 0.121331 0.153587 0.119568 0.100827 0.0573624 0.0630603 0.0341343 0.0324427 0.0444173 0.0211091 0.0280891 0.0125444 0.00206551 0 0 0 0
 0 0 0 0 0 0 0 0 0 0 0 0 0 0 0 0 0 0 0 0 0 0 0 0 0 0 0 0 0 0 0 0 0 0 0 0
 0 0 0 0 0 0 0.0133647 0.0140871 0.0187388 0.0205184 0.03894 0.0496705 0.03968 0.0493445 0.0407372 0.0367815 0.0215668 0.0243155 0.0234873 0.0199281 0.019796 0.0243948 0.0301388 0.0376714 0.0412746 0.0863199 0.0771752 0.113111 0.0741005 0.0525337 0.0229764 0.00759418 0.00175318 0 0 0
 0 0 0 0 0 0 0 0 0 0 0.00219441 0.00772107 0.0458388 0.0604681 0.0671733 0.0775358 0.0609151 0.0617685 0.073594 0.0568108 0.0755445 0.0548602 0.0670107 0.0636378 0.0643287 0.046367 0.0373049 0.0286899 0.0247887 0.0153202 0.00654259 0.00121912 0.000365735 0 0 0
 0 0 0 0 0 0 0 0 0 0 0 0 0.000112435 0.00938835 0.0111873 0.0202946 0.0414886 0.0713402 0.111592 0.104902 0.108894 0.110636 0.117776 0.105296 0.107544 0.0401394 0.0192827 0.0124803 0.00416011 0.0028671 0.000618394 0 0 0 0 0
 0 0 0 0 0 0 0 0 0 0 0.00291406 0.0102884 0.027416 0.0768956 0.0749926 0.110853 0.0956884 0.0897413 0.0766577 0.0534642 0.0500743 0.0551293 0.0594112 0.0620874 0.0668451 0.0424026 0.0208742 0.0120726 0.0048766 0.00582813 0.00118941 0.000297354 0 0 0 0
 0 0.00264628 0.0354308 0.0461629 0.0458689 0.0383711 0.0214643 0.0164657 0.0346957 0.0420465 0.0363128 0.0245516 0.0311673 0.0291091 0.0169068 0.0133784 0.00837989 0.0085269 0.0148486 0.0160247 0.0276389 0.0546898 0.0760071 0.122758 0.109233 0.0665981 0.0333725 0.0166128 0.00676272 0.00308733 0.000882094 0 0 0 0 0
 0 0 0 0 0 0 0 0.000805153 0.000690131 0.00759144 0.0133425 0.0154129 0.00931677 0.000345066 0.00356568 0.00563607 0.00851162 0.0253048 0.0502646 0.0516448 0.0657925 0.0565908 0.0611916 0.0827007 0.0866115 0.110766 0.145733 0.0935128 0.0569358 0.0249597 0.0138026 0.00621118 0.00161031 0.00115022 0 0
 0 0 0 0 0 0 0 0 0 0 0 0 0 0 0 0 0 0 0 0 0 0 0 0 0 0 0 0 0 0 0 0 0 0 0 0
 0.00147267 0.00158595 0.00478618 0.00569244 0.00954404 0.0108468 0.00647125 0.017049 0.0510054 0.094081 0.124002 0.0959785 0.0687766 0.0820023 0.061753 0.0591476 0.0492212 0.0479892 0.0443925 0.0268479 0.0217502 0.0140895 0.0121071 0.0120363 0.00920419 0.00665534 0.0049561 0.00860946 0.00930331 0.0156896 0.0114698 0.00855282 0.00243557 0.00046729 0 2.83206e-05
 0 0 0 0 0.000772559 0.00158375 0.000888443 0.00281984 0.00712685 0.0440552 0.0773331 0.111326 0.0921469 0.0852325 0.0710754 0.0886704 0.0786465 0.0553345 0.0373146 0.0185414 0.00753245 0.00457741 0.012979 0.0271748 0.0457355 0.0583668 0.034881 0.0177882 0.00938659 0.00492506 0.0015258 0.00185414 0.000309023 5.79419e-05 3.86279e-05 0
 0 0.00173294 0.00326652 0 0.00397197 0.00683976 0.00946217 0.0152591 0.00757587 0.0136028 0.0228656 0.0392903 0.0559909 0.0764795 0.0681675 0.0726916 0.0566044 0.0477403 0.0527397 0.0444891 0.0609904 0.0582453 0.0661739 0.0445044 0.0529084 0.0360697 0.0280645 0.0235558 0.0158879 0.00826598 0.00280645 0.00217768 0.000904811 0.00058276 9.20147e-05 0
 0 0 0 0 0 0 0 0 0 0 0 0 0 0 0 0 0 0 0 0 0 0 0 0 0 0 0 0 0 0 0 0 0 0 0 0
ppred_pel_tallas
 1.00623e-16 3.59267e-05 0.000210869 0.0010024 0.00385931 0.0120349 0.0303992 0.0622004 0.103102 0.138459 0.150659 0.132862 0.0950425 0.0553369 0.0266113 0.0113042 0.00546977 0.00447046 0.00546603 0.00721635 0.00923029 0.0112321 0.0129808 0.014257 0.0149005 0.0148447 0.0141307 0.0128917 0.011317 0.00960579 0.00792776 0.00639982 0.00508157 0.00398552 0.00309434 0.00237768
 1.0051e-16 3.46111e-05 0.000203142 0.000965651 0.00371782 0.0115937 0.0292847 0.0599204 0.0993245 0.13339 0.145153 0.128032 0.0916422 0.0534678 0.0259194 0.0113647 0.00602058 0.00543054 0.00685563 0.0090782 0.0115794 0.0140285 0.0161192 0.0175727 0.0181904 0.0178993 0.0167689 0.0149896 0.0128234 0.0105415 0.00837117 0.00646398 0.00488979 0.00365131 0.00270868 0.00200398
 1.00647e-16 3.04532e-05 0.000178724 0.000849546 0.00327076 0.0101995 0.0257633 0.0527159 0.0873856 0.117366 0.127742 0.112737 0.0808291 0.0474313 0.0235018 0.0111719 0.00716053 0.00757979 0.0100212 0.0133677 0.0170627 0.020667 0.023737 0.0258621 0.0267494 0.0262915 0.0245919 0.0219335 0.0187048 0.0153087 0.012083 0.00925344 0.0069245 0.00510079 0.00372306 0.00270453
 1.00891e-16 3.39729e-05 0.000199396 0.000947846 0.00364927 0.0113799 0.0287447 0.0588155 0.0974929 0.130929 0.142474 0.125667 0.0899429 0.0524641 0.0254108 0.0111061 0.00583684 0.00523151 0.00660772 0.0087806 0.0112549 0.013722 0.0158956 0.0175109 0.0183717 0.0183929 0.0176177 0.0161994 0.014359 0.0123307 0.0103157 0.00845403 0.00681983 0.00543299 0.00427919 0.00332902
 1.01202e-16 3.11769e-05 0.000182976 0.00086977 0.00334864 0.0104424 0.0263767 0.0539707 0.0894643 0.120154 0.130765 0.115379 0.082667 0.0483962 0.0237697 0.0109506 0.00656217 0.00661443 0.00864713 0.0115441 0.014787 0.017998 0.0208036 0.0228555 0.0238988 0.0238288 0.0227126 0.0207642 0.018286 0.015595 0.0129593 0.0105615 0.0084919 0.00676605 0.00535298 0.00420274
 1.01772e-16 2.68108e-05 0.000157337 0.000747864 0.00287924 0.00897859 0.0226794 0.0464063 0.0769283 0.103327 0.112478 0.0993031 0.0712799 0.0419939 0.0211177 0.0105591 0.00746279 0.00843322 0.0113616 0.0152512 0.0195675 0.0238505 0.0276163 0.0304076 0.031886 0.0319079 0.0305531 0.0280934 0.0249164 0.0214307 0.0179835 0.0148134 0.012042 0.00969547 0.00774155 0.00612363
 1.01141e-16 3.56077e-05 0.000208998 0.000993501 0.00382507 0.0119281 0.0301295 0.0616484 0.102187 0.137229 0.149317 0.131673 0.0941781 0.0548059 0.0263048 0.0110874 0.00524012 0.00416623 0.00505528 0.00668916 0.00859886 0.0105339 0.0122792 0.0136368 0.014457 0.0146687 0.0142925 0.0134281 0.0122242 0.0108404 0.00941484 0.00804515 0.00678575 0.00565653 0.00465685 0.00377804
 1.005e-16 3.56337e-05 0.000209148 0.000994207 0.00382777 0.0119366 0.0301508 0.0616923 0.102261 0.137331 0.149436 0.131795 0.0943037 0.0549561 0.0265203 0.0114226 0.00575637 0.00492547 0.00610917 0.0080641 0.0102792 0.0124485 0.0142976 0.015579 0.0161169 0.015848 0.0148355 0.0132506 0.0113274 0.00930769 0.00739306 0.00571691 0.00433933 0.00326033 0.00244208 0.0018312
 1.00218e-16 3.92949e-05 0.000230649 0.00109644 0.00422143 0.0131642 0.0332516 0.0680361 0.112774 0.151441 0.164767 0.145265 0.103829 0.0602798 0.0286637 0.0116169 0.00479167 0.00309163 0.00340503 0.00439867 0.00559217 0.00677147 0.00777843 0.0084768 0.00877031 0.00862364 0.00807046 0.00720306 0.00614836 0.00503805 0.00398255 0.00305571 0.00229186 0.00169266 0.00123894 0.000902557
 1.00492e-16 2.96142e-05 0.000173795 0.000826109 0.0031805 0.00991806 0.0250524 0.0512616 0.0849759 0.114133 0.124231 0.109658 0.0786652 0.0462484 0.023077 0.0112381 0.00755522 0.00825642 0.0109972 0.0146731 0.0187064 0.0226182 0.0259183 0.028154 0.029005 0.0283599 0.0263433 0.0232796 0.0196104 0.0157913 0.0122025 0.00909529 0.00658245 0.00466181 0.00325775 0.00226302
 1.01756e-16 2.53106e-05 0.000148527 0.000705978 0.00271796 0.00847564 0.021409 0.0438071 0.0726207 0.0975445 0.106192 0.0937751 0.0673584 0.0397774 0.0201773 0.0103766 0.0076982 0.00895129 0.0121502 0.0163442 0.021001 0.0256411 0.0297513 0.0328415 0.0345442 0.0346949 0.0333642 0.0308262 0.0274803 0.0237533 0.0200139 0.0165223 0.0134205 0.0107536 0.0085051 0.00663087
 1.02355e-16 2.81159e-05 0.000165004 0.000784328 0.00301966 0.00941648 0.0237854 0.0486688 0.0806767 0.108355 0.117934 0.10408 0.0746209 0.0437856 0.0216928 0.0103132 0.00662435 0.00704849 0.00938031 0.0126136 0.0162646 0.0199583 0.0233095 0.0259491 0.0275936 0.0281049 0.0275141 0.0259994 0.0238302 0.0212976 0.0186542 0.01608 0.0136779 0.0114893 0.00952034 0.00776339
 1.01892e-16 2.89289e-05 0.000169776 0.00080701 0.00310699 0.00968881 0.0244733 0.0500764 0.0830102 0.11149 0.121347 0.107094 0.0767874 0.0450673 0.0223461 0.0106516 0.00687226 0.00732241 0.00972427 0.0130292 0.016722 0.0203982 0.0236453 0.0260751 0.0274004 0.027499 0.026437 0.0244421 0.0218389 0.0189682 0.0161179 0.0134835 0.0111623 0.00917283 0.00748662 0.00605776
 1.00345e-16 3.86679e-05 0.000226967 0.00107893 0.00415401 0.012954 0.0327206 0.0669497 0.110973 0.149024 0.162141 0.142956 0.102193 0.0593584 0.0282795 0.0115551 0.00491201 0.00333927 0.00377551 0.00490491 0.00624535 0.00757175 0.00871123 0.00951298 0.00986971 0.00974115 0.00916295 0.00823528 0.00709644 0.00588999 0.00473623 0.00371555 0.00286535 0.00218781 0.00166289 0.00126132
 1.00137e-16 3.73009e-05 0.000218938 0.00104075 0.004007 0.0124955 0.0315626 0.0645807 0.107048 0.143756 0.15642 0.137937 0.0986596 0.057416 0.0275599 0.0116171 0.00548342 0.00433624 0.00521986 0.00684236 0.00869333 0.010491 0.0119948 0.0129914 0.0133326 0.0129692 0.0119642 0.0104747 0.00871298 0.00689678 0.00520702 0.00376227 0.0026139 0.00175763 0.00115345 0.000746068
 1.00538e-16 2.88813e-05 0.000169491 0.000805645 0.00310171 0.00967235 0.0244318 0.0499918 0.0828716 0.111308 0.121162 0.10696 0.0767533 0.0451729 0.0226303 0.01117 0.00770291 0.00855701 0.0114471 0.0152892 0.0195035 0.0235978 0.0270638 0.0294303 0.0303626 0.0297414 0.0276918 0.0245461 0.0207587 0.0167998 0.0130628 0.00980991 0.00716083 0.00511761 0.00360663 0.00252132
 1.01615e-16 2.66542e-05 0.000156417 0.000743492 0.00286241 0.0089261 0.0225468 0.046135 0.0764785 0.102723 0.11182 0.0987223 0.0708628 0.041748 0.020994 0.0104981 0.00742248 0.00839339 0.0113168 0.015205 0.0195304 0.0238385 0.0276497 0.0305079 0.0320716 0.0321892 0.0309282 0.0285463 0.0254174 0.0219407 0.01846 0.0152175 0.0123444 0.00988092 0.00780946 0.00608675
 1.00875e-16 3.6632e-05 0.000215013 0.0010221 0.00393518 0.0122715 0.0309968 0.063423 0.105128 0.141177 0.15361 0.13545 0.0968603 0.0563286 0.0269637 0.0112405 0.00512481 0.00388129 0.00461558 0.00607709 0.00779286 0.00952153 0.0110628 0.012235 0.0129029 0.013006 0.0125691 0.0116916 0.0105175 0.0092003 0.00787121 0.0066216 0.00550004 0.00452066 0.00367677 0.00295343
 1.00352e-16 3.73903e-05 0.000219464 0.00104326 0.00401664 0.0125256 0.0316385 0.0647359 0.107305 0.1441 0.156792 0.138258 0.0988756 0.0575136 0.0275545 0.0115256 0.00530878 0.00406811 0.00484292 0.00634602 0.00807977 0.0097807 0.0112284 0.0122273 0.0126392 0.0124143 0.0116032 0.0103415 0.00881448 0.00721345 0.00569815 0.00437429 0.00328958 0.002444 0.00180739 0.00133701
 1.0065e-16 3.00105e-05 0.000176123 0.000837181 0.00322314 0.010051 0.0253882 0.0519487 0.0861142 0.115659 0.125888 0.111108 0.0796789 0.0467909 0.0232487 0.0111586 0.00729335 0.00782552 0.0103817 0.013855 0.0176839 0.0214164 0.0245929 0.0267879 0.0276975 0.0272111 0.0254369 0.022669 0.0193114 0.0157829 0.0124344 0.0095003 0.00708893 0.00520457 0.00378502 0.00273938
 1.0109e-16 3.35929e-05 0.000197165 0.00093724 0.00360843 0.0112526 0.0284231 0.0581573 0.0964019 0.129464 0.14088 0.124261 0.0889369 0.051878 0.0251286 0.0109865 0.00578129 0.00519218 0.00656956 0.0087453 0.0112337 0.0137333 0.0159637 0.0176634 0.0186354 0.0187893 0.0181578 0.0168806 0.0151638 0.0132283 0.0112658 0.00941221 0.00774344 0.00628595 0.00503532 0.00397348
 1.00696e-16 3.65631e-05 0.000214607 0.00102017 0.00392774 0.0122483 0.0309382 0.0633032 0.10493 0.140912 0.153324 0.135204 0.0966992 0.0562637 0.0269862 0.0113415 0.005307 0.00415785 0.00500259 0.00658451 0.00841673 0.0102385 0.0118285 0.0129873 0.0135701 0.0135183 0.0128714 0.0117531 0.0103367 0.00880394 0.00730768 0.00595141 0.00478546 0.00381708 0.00302695 0.00238512
 1.01092e-16 2.77668e-05 0.000162948 0.000774536 0.00298193 0.00929882 0.0234883 0.0480614 0.079672 0.107012 0.116489 0.102844 0.0738208 0.0434885 0.021864 0.010921 0.00769855 0.00867443 0.0116563 0.0156008 0.0199425 0.0241928 0.0278423 0.0304155 0.0315699 0.0311759 0.0293454 0.0263965 0.0227687 0.0189192 0.0152316 0.0119627 0.00923329 0.00705205 0.00535707 0.00405683
pSPR Fmed_Fpbrs
0.534747   0.433446 0.433446
Fs Fmed_Fpbrs
0.64   1.005 1.005
SSBpbr Bo_Bmed_Bpbrs
678983  329135  260353 260353
Ro
30655
SPR SPRFo_SPRFmed_SPRFpbrs
631861 337886 273877
log_Ro
10.1506
likeval ReclasPelacesDesembMPH_pf_preclas_ppelaces_ptallas_desvR_qrecl_qpela
 75.3668 9.08701 0.0413474 65.3097 302.026 174.235 46.1153 0 20.4617 8.02894e-06 6.73788e-05 0 0 0 0
q_reclas_q_pelaces
0.669299 3.21497
M
0.7
N
 34061.5 10064.4 3189.92 376.736 0.201338
 40017.2 15338.5 2350.49 493.332 56.3153
 17727.1 18122 3740.87 388.706 87.969
 26673.4 7387 2326.66 229.359 27.4535
 38507.1 12693.9 2642.03 695.552 75.6223
 25322.8 18984.3 5961.68 1203.59 350.413
 53320.2 11622.3 5134.34 1156.81 293.168
 62256.9 24899.7 3592.56 1224.92 338.419
 148475 27256.6 4679.48 397.042 165.172
 114291 65823.2 5642.08 600.513 69.2707
 62855.5 54040.6 22397.8 1561.59 182.181
 52244.3 28742.5 14206.5 4159.52 314.491
 33766.9 24132.6 8167.63 2975.78 913.417
 29434.8 14980.9 5024.08 1057.46 483.64
 17737.8 11104.5 893.085 94.0555 26.139
 9267.79 6920.17 857.648 24.9529 3.08087
 5096.63 4229.96 1792.86 155.721 4.93975
 8956.28 2294.38 985.488 276.232 23.9091
 16610.8 3982.96 486.489 131.257 38.4416
 13342 7571.06 1021.05 86.8996 29.3977
 24145.9 6236.3 2357.14 246.313 27.4535
 62546.2 11620.4 2431.62 805.319 92.4971
 53312.3 30032.3 4451.94 808.473 294.965
pred_Ctot
 2295.26 4001.19 1685.32 202.459 0.108297
 2547.89 5844.21 1198.68 256.045 29.2556
 2071.52 10408.8 2631.05 276.453 62.6014
 800.995 1514.5 685.525 69.1609 8.28855
 199.577 496.751 157.771 42.7177 4.65135
 1385.93 6436 2753.61 566.551 165.111
 2293.91 3242.22 1999.83 460.075 116.725
 5338.05 11753.1 2179.95 754.185 208.526
 11526.9 12008.4 2688.29 231.685 96.4623
 3942.14 15227.3 1856.88 202.101 23.3406
 3595 18963.5 10655.1 756.789 88.3769
 2633.97 9128.05 6201.59 1851.75 140.152
 2605.19 10585.1 4675.54 1730.4 531.589
 5167.81 10590.7 4062.53 860.941 393.9
 2772.74 7445.96 698.276 74.1289 20.6098
 541.784 2469.95 413.936 12.2664 1.51598
 344.498 1685.5 949.002 83.8406 2.66197
 677.133 991.949 557.62 158.804 13.7568
 986.225 1438.73 237.199 65.174 19.1061
 565.534 2086.15 393.358 34.187 11.5782
 536.957 976.918 540.359 57.8731 6.45888
 1490.58 1938.3 591.327 200.66 23.0772
 960.817 3878.25 849.84 158.308 57.8358
F
 0.0978028 0.754383 1.16657 1.20111 1.20299
 0.0921844 0.711047 1.09955 1.13211 1.13388
 0.175371 1.35269 2.09179 2.15372 2.15708
 0.0425463 0.328173 0.507483 0.522509 0.523324
 0.00722984 0.055766 0.086236 0.0887893 0.0889279
 0.078781 0.607663 0.939683 0.967505 0.969016
 0.0614598 0.474059 0.733079 0.754785 0.755963
 0.125973 0.971668 1.50258 1.54707 1.54948
 0.113446 0.875044 1.35316 1.39322 1.3954
 0.0490075 0.37801 0.58455 0.601858 0.602797
 0.0824597 0.636037 0.983561 1.01268 1.01426
 0.0723683 0.5582 0.863194 0.888752 0.890139
 0.112704 0.869319 1.34431 1.38411 1.38627
 0.27483 2.11985 3.27811 3.37517 3.38044
 0.24126 1.86091 2.87769 2.9629 2.96752
 0.0843517 0.650631 1.00613 1.03592 1.03753
 0.0981176 0.756811 1.17032 1.20498 1.20686
 0.110329 0.851001 1.31598 1.35494 1.35706
 0.0857211 0.661194 1.02246 1.05274 1.05438
 0.0605297 0.466884 0.721985 0.743362 0.744522
 0.0313524 0.241831 0.373965 0.385038 0.385639
 0.0336328 0.25942 0.401165 0.413043 0.413688
 0.025342 0.195471 0.302274 0.311224 0.311709
Np
 22749 10410.6 6825.4 2298.62 351.604
YTP_r0W_actual
 19945.6 253267 70318.1 16983 7795.48
YTP_p0W_proyectada
 10574.3 194287 182134 31570 8606.66
 10574.3 78361.5 101351 44409.3 7545.8
CTP_r0_actual
 3022.07 10465.6 2105.33 389.518 142.253
CTP_p0_proyectada
 1289.55 8994.77 5800.44 787.282 193.408
 1289.55 3627.85 3227.74 1107.46 169.569
Wmedp
 8.2 21.6 31.4 40.1 44.5
nmprior
 10.8 10.6 4.6 0
nm_flota  nm_reclas  nm_pelaces    nm_pelaL
inf 11.9345 8.64773 10.7298
cv_recla  cv_pelaces  cv_mph
0.823591 0.369195 0.349937
 ------------------------------------------------
Talla a la edad & desviaci?n 
 7.2 14.2025 17.0495 18.207 18.6776
 1.08 2.13037 2.55742 2.73105 2.80164
