years
 1997 1998 1999 2000 2001 2002 2003 2004 2005 2006 2007 2008 2009 2010 2011 2012 2013 2014 2015 2016 2017 2018 2019 2020 2021 2022
reclasobs
 0 0 0 370054 412103 1.49427e+06 250295 1.28982e+06 931140 785840 897777 1.04006e+06 184774 17550 25797 100020 73551 82996 120727 218422 84188 347160 605670 569463 516374 1.08416e+06
reclaspred
 377887 100238 277348 183861 241273 251895 548184 412885 793385 785272 648260 451401 273999 141064 108710 89025.7 72354.7 91756.5 118468 170147 271299 322673 597328 712618 744178 596895
pelacesobs
 0 0 0 0 0 0 0 0 0 2.06254e+06 1.5e+06 0 1.87456e+06 323000 250000 174000 83755 137374 0 501740 490994 745055 786931 1.00524e+06 1.33801e+06 1.41789e+06
pelacespred
 891252 199595 347917 355669 406586 338304 885458 744030 1.39388e+06 1.36659e+06 1.02936e+06 749427 457800 201798 153387 133642 113540 137318 175310 248316 463985 493060 779344 1.11532e+06 1.14539e+06 1.03193e+06
mphobs
 0 0 0 0 0 0 112323 0 153150 637223 0 255016 313432 73983 77613 109348 50772 17779 17303 59886 28197 0 207744 136588 643089 65757
mphpred
 134188 78242.6 91003.8 99563.5 98851.1 136345 182234 216235 239677 392559 390466 286597 178302 108616 59953.8 52024.2 41257.5 40550 24691.7 34473.2 52688.1 73613.6 119710 173644 207745 181025
desembarqueobs
 350755 77701 442110 56441 14545 235359 269955 359681 431902 328805 639364 411747 362871 311530 167758 66681 60226 58785 57116 73181 50977 67692 138656 160484 209506 203330
desembarquepred
 350762 77700.7 442104 56443.6 14545.4 235507 270002 359665 431784 328819 639570 411875 363316 311817 167746 66719.7 60300.3 58798.1 57096.6 73185.6 50975.9 67678.8 138660 160478 209559 203350
Reclutas
 43678 54277.2 29396.1 40398.7 56961.6 38350.9 75340.7 90929.8 226726 153971 69363.8 43191.4 39737.8 28926.6 20445.6 13039.3 8644.39 14845.9 27507.3 28851.5 53949.4 105880 110933 139919 32420.7 45322.6
log_desv_Rt
 -0.0537078 0.163552 -0.449692 -0.131756 0.211823 -0.183775 0.491467 0.679535 1.59319 1.20621 0.408812 -0.0649127 -0.148249 -0.465792 -0.812785 -1.26259 -1.67364 -1.13283 -0.516102 -0.46839 0.157493 0.831755 0.878375 1.11051 -0.351757 -0.0167475
SSB
 576725 336277 391124 427912 424851 585995 761427 918507 1.00876e+06 1.65719e+06 1.67818e+06 1.23176e+06 785535 416682 235628 207299 172132 163317 202519 295390 430152 586778 977384 1.36199e+06 1.76598e+06 1.58099e+06
BT
 1.88333e+06 489600 865384 697561 740195 796091 1.77659e+06 1.73347e+06 2.88934e+06 2.7568e+06 2.41424e+06 1.72038e+06 1.17903e+06 663568 418345 295663 258036 294123 362682 502006 873600 944308 1.48719e+06 2.1338e+06 2.21719e+06 2.03438e+06
Ftot
 0.585718 0.511391 0.810836 0.168299 0.0352601 0.410105 0.289347 0.553691 0.461203 0.231122 0.426159 0.373231 0.573908 0.998808 0.809801 0.337977 0.389785 0.354245 0.291728 0.235649 0.116273 0.125225 0.112848 0.117975 0.112409 0.135603
BD_Bspro_t
 0.934705 0.707823 0.648932 0.490672 0.616075 0.740704 0.671328 0.686717 0.677145 0.731409 0.707428 0.569659 0.46629 0.360415 0.267425 0.287931 0.326716 0.398737 0.512645 0.654934 0.746661 0.8371 0.875025 0.875433 0.872843 0.824091
BD_Bspro
 0.605856 0.353263 0.41088 0.449527 0.44631 0.615594 0.799887 0.964901 1.05972 1.74089 1.76294 1.29398 0.825213 0.437729 0.24753 0.217769 0.180826 0.171566 0.212749 0.310311 0.45188 0.616417 1.02675 1.43078 1.85518 1.66085
BD_Bo
 0.32809 0.191303 0.222505 0.243433 0.241691 0.333364 0.433165 0.522525 0.57387 0.942748 0.954691 0.700729 0.446879 0.237044 0.134045 0.117929 0.0979231 0.0929086 0.11521 0.168043 0.244707 0.333809 0.556019 0.774813 1.00464 0.899403
BD_Brms
 1.0504 0.61247 0.712363 0.779367 0.77379 1.06729 1.38681 1.6729 1.83728 3.01827 3.05651 2.24343 1.43071 0.758913 0.429155 0.377558 0.313507 0.297453 0.368853 0.538002 0.783447 1.06871 1.78013 2.48062 3.21642 2.8795
S_f
 0.164265 0.869455 0.995589 0.999869 0.999996
 0.164265 0.869455 0.995589 0.999869 0.999996
 0.164265 0.869455 0.995589 0.999869 0.999996
 0.164265 0.869455 0.995589 0.999869 0.999996
 0.164265 0.869455 0.995589 0.999869 0.999996
 0.164265 0.869455 0.995589 0.999869 0.999996
 0.164265 0.869455 0.995589 0.999869 0.999996
 0.164265 0.869455 0.995589 0.999869 0.999996
 0.164265 0.869455 0.995589 0.999869 0.999996
 0.164265 0.869455 0.995589 0.999869 0.999996
 0.164265 0.869455 0.995589 0.999869 0.999996
 0.164265 0.869455 0.995589 0.999869 0.999996
 0.164265 0.869455 0.995589 0.999869 0.999996
 0.164265 0.869455 0.995589 0.999869 0.999996
 0.164265 0.869455 0.995589 0.999869 0.999996
 0.164265 0.869455 0.995589 0.999869 0.999996
 0.164265 0.869455 0.995589 0.999869 0.999996
 0.164265 0.869455 0.995589 0.999869 0.999996
 0.164265 0.869455 0.995589 0.999869 0.999996
 0.164265 0.869455 0.995589 0.999869 0.999996
 0.164265 0.869455 0.995589 0.999869 0.999996
 0.164265 0.869455 0.995589 0.999869 0.999996
 0.164265 0.869455 0.995589 0.999869 0.999996
 0.164265 0.869455 0.995589 0.999869 0.999996
 0.164265 0.869455 0.995589 0.999869 0.999996
 0.164265 0.869455 0.995589 0.999869 0.999996
Scru_reclas
 1 1 1 1 1
 1 1 1 1 1
 1 1 1 1 1
 1 1 1 1 1
 1 1 1 1 1
 1 1 1 1 1
 1 1 1 1 1
 1 1 1 1 1
 1 1 1 1 1
 1 1 1 1 1
 1 1 1 1 1
 1 1 1 1 1
 1 1 1 1 1
 1 1 1 1 1
 1 1 1 1 1
 1 1 1 1 1
 1 1 1 1 1
 1 1 1 1 1
 1 1 1 1 1
 1 1 1 1 1
 1 1 1 1 1
 1 1 1 1 1
 1 1 1 1 1
 1 1 1 1 1
 1 1 1 1 1
 1 1 1 1 1
Scru_pelaces
 1 1 1 1 1
 1 1 1 1 1
 1 1 1 1 1
 1 1 1 1 1
 1 1 1 1 1
 1 1 1 1 1
 1 1 1 1 1
 1 1 1 1 1
 1 1 1 1 1
 1 1 1 1 1
 1 1 1 1 1
 1 1 1 1 1
 1 1 1 1 1
 1 1 1 1 1
 1 1 1 1 1
 1 1 1 1 1
 1 1 1 1 1
 1 1 1 1 1
 1 1 1 1 1
 1 1 1 1 1
 1 1 1 1 1
 1 1 1 1 1
 1 1 1 1 1
 1 1 1 1 1
 1 1 1 1 1
 1 1 1 1 1
pf_obs 
 0.256992 0.487395 0.22802 0.0275931 0
 0.321318 0.546541 0.124235 0.00734118 0.000564706
 0.182869 0.594174 0.210203 0.0122559 0.00049798
 0.330522 0.361315 0.267642 0.0388342 0.00168674
 0.649043 0.306663 0.0425973 0.00169635 0
 0.582887 0.30429 0.105238 0.00758474 0
 0.465427 0.430635 0.0974691 0.00646863 0
 0.296916 0.608066 0.0921331 0.00288517 0
 0.311714 0.524322 0.152257 0.0117073 0
 0.15457 0.633149 0.183074 0.0267441 0.00246327
 0.131901 0.49318 0.331252 0.0422183 0.00144891
 0.196976 0.569456 0.194076 0.0375587 0.00193317
 0.518974 0.381816 0.0799577 0.0180837 0.00116848
 0.0928022 0.601141 0.25162 0.0475244 0.00691264
 0.122501 0.610282 0.24278 0.0234846 0.000952079
 0.383417 0.481906 0.127806 0.00687128 0
 0.0376549 0.599619 0.316969 0.0457579 0
 0.0361596 0.667082 0.258105 0.0386534 0
 0.158088 0.579412 0.248529 0.0139706 0
 0.0477256 0.309471 0.559284 0.082774 0.000745712
 0.0406174 0.521527 0.379366 0.0568643 0.0016247
 0.151134 0.462217 0.34131 0.0453401 0
 0.294876 0.26143 0.354403 0.0886775 0.000613685
 0.281977 0.475581 0.204845 0.0348837 0.00271318
 0.0841818 0.532909 0.334909 0.0458182 0.00218182
 0.115287 0.27431 0.454777 0.147771 0.00785563
pf_pred 
 0.337143 0.461023 0.180377 0.0214459 1.16094e-05
 0.316274 0.522036 0.118302 0.0387979 0.00458913
 0.173221 0.611842 0.170494 0.0325662 0.0118777
 0.270545 0.430119 0.232261 0.0532751 0.0137993
 0.269098 0.482645 0.154932 0.0724884 0.0208377
 0.158845 0.545222 0.204238 0.057317 0.0343779
 0.314259 0.360051 0.222956 0.0710176 0.0317165
 0.291155 0.513361 0.110144 0.0585124 0.0268281
 0.461389 0.387015 0.114911 0.0207211 0.0159642
 0.199792 0.668073 0.0992498 0.0249602 0.00792551
 0.103335 0.510941 0.329607 0.0422013 0.0139163
 0.104057 0.36605 0.322998 0.176931 0.0299643
 0.154163 0.349715 0.222334 0.167224 0.106564
 0.182447 0.451918 0.167285 0.0891718 0.109178
 0.204317 0.510575 0.172574 0.0516832 0.060851
 0.165055 0.537769 0.203769 0.0566819 0.0367247
 0.137073 0.457316 0.275608 0.0892832 0.0407191
 0.273266 0.352563 0.21332 0.109479 0.0513719
 0.359606 0.440553 0.104939 0.0542244 0.0406784
 0.253709 0.564028 0.131278 0.0268357 0.0241489
 0.330049 0.430602 0.187258 0.0375698 0.0145208
 0.361529 0.457048 0.122344 0.0462665 0.0128126
 0.238159 0.565284 0.146197 0.0340101 0.0163494
 0.236651 0.466814 0.227735 0.0512314 0.0175683
 0.0540655 0.581027 0.235156 0.0997515 0.0300003
 0.113521 0.200972 0.443573 0.156156 0.0857775
pobs_RECLAS
 0 0 0 0 0
 0 0 0 0 0
 0 0 0 0 0
 0 0 0 0 0
 0.835266 0.146461 0.0176864 0.000547809 3.91292e-05
 0.385257 0.428462 0.181853 0.0044286 0
 0.867414 0.0963971 0.0333333 0.00285562 0
 0.441836 0.489002 0.0689373 0.000224442 0
 0.779404 0.147425 0.0564933 0.0165055 0.000172143
 0.814271 0.122319 0.05973 0.00367925 0
 0.40263 0.566651 0.0304383 0.000280538 0
 0.475488 0.404961 0.113038 0.00651328 0
 0.955842 0.0263864 0.0167828 0.000988607 0
 0.975058 0.0227948 0.00214734 0 0
 0.738997 0.206755 0.0527124 0.00153531 0
 0.850938 0.134255 0.0134407 0.00136685 0
 0.542534 0.407297 0.0501686 0 0
 0.764087 0.199537 0.0359546 0.000420521 0
 0.470689 0.182191 0.310203 0.0369168 0
 0.84361 0.089868 0.0606195 0.00523954 0.000663233
 0.607945 0.314616 0.071237 0.00620181 0
 0.523733 0.453247 0.0230204 0 0
 0.530135 0.295979 0.169645 0.0042399 0
 0.562478 0.366248 0.0663022 0.0049721 0
 0.250443 0.683176 0.0655157 0.000865301 0
 0.195077 0.31981 0.436473 0.0351445 0.0134964
ppred_RECLAS
 0.743797 0.185749 0.0629944 0.00745572 4.0355e-06
 0.722311 0.218912 0.0430569 0.0140573 0.00166251
 0.547881 0.347027 0.0834431 0.0158637 0.00578506
 0.676243 0.201559 0.0949088 0.0216755 0.00561366
 0.671115 0.227075 0.0636404 0.0296479 0.00852156
 0.517174 0.328188 0.106872 0.0298593 0.0179068
 0.723988 0.154492 0.0833044 0.0264185 0.011797
 0.699716 0.225845 0.0420255 0.0222246 0.0101887
 0.828445 0.128038 0.0330224 0.00592812 0.00456662
 0.577233 0.360673 0.0466911 0.0116911 0.00371176
 0.3981 0.363535 0.203819 0.02598 0.00856602
 0.404651 0.263788 0.202455 0.11041 0.0186961
 0.519927 0.215586 0.118829 0.0889694 0.0566885
 0.575 0.251003 0.079821 0.0423421 0.0518342
 0.60107 0.269375 0.0785671 0.023419 0.0275694
 0.527523 0.319195 0.105251 0.0291484 0.0188831
 0.477722 0.295046 0.154623 0.0498683 0.0227403
 0.684948 0.163955 0.0863076 0.044099 0.0206903
 0.758686 0.17309 0.0359008 0.0184695 0.0138538
 0.652695 0.271073 0.0549756 0.011189 0.0100675
 0.733121 0.179778 0.0682092 0.0136259 0.00526576
 0.757777 0.179985 0.0420303 0.0158259 0.00438209
 0.632343 0.282154 0.0636671 0.0147471 0.00708836
 0.634522 0.235239 0.100123 0.0224264 0.00768949
 0.242386 0.489696 0.17292 0.0730351 0.0219625
 0.431025 0.143291 0.275874 0.0966996 0.0531108
pobs_PELACES
 0 0 0 0 0
 0 0 0 0 0
 0 0 0 0 0
 0 0 0 0 0
 0 0 0 0 0
 0 0 0 0 0
 0 0 0 0 0
 0 0 0 0 0
 0 0 0 0 0
 0 0 0 0 0
 0.450072 0.473896 0.0757376 0.000293798 0
 0 0 0 0 0
 0.463077 0.371075 0.160297 0.00555027 0
 0.529543 0.364841 0.0842815 0.0213345 0
 0.631943 0.363953 0.00410389 0 0
 0.735681 0.248677 0.0153453 0.000297389 0
 0.695825 0.281241 0.0229344 0 0
 0.275771 0.60734 0.115278 0.00161068 0
 0 0 0 0 0
 0.896147 0.0623911 0.0374545 0.00400742 0
 0.803859 0.145111 0.0509908 3.86294e-05 0
 0.739449 0.233085 0.0266225 0.000797448 4.60066e-05
 0.878498 0.100942 0.0204185 0.000141795 0
 0.694673 0.275183 0.0284847 0.00165964 0
 0.469039 0.446079 0.0841089 0.000773354 0
 0.822795 0.102175 0.0682046 0.00682512 0
ppred_PELACES
 0.770082 0.167808 0.0555392 0.00656792 3.55488e-06
 0.746394 0.20083 0.0386686 0.0126154 0.00149196
 0.595946 0.312562 0.0726618 0.0137982 0.00503166
 0.685331 0.196423 0.0918444 0.0209706 0.00543108
 0.673025 0.225861 0.0632071 0.0294446 0.00846311
 0.542312 0.312814 0.100142 0.0279627 0.0167691
 0.738272 0.147282 0.0784656 0.0248738 0.011107
 0.727216 0.206345 0.037522 0.0198275 0.00908954
 0.843809 0.117141 0.0296374 0.00531698 0.00409576
 0.590644 0.349728 0.0448407 0.0112242 0.00356346
 0.4238 0.350465 0.193037 0.0245908 0.00810783
 0.427873 0.255723 0.19324 0.105329 0.0178354
 0.556419 0.201873 0.108644 0.0812776 0.0517863
 0.634562 0.219553 0.0669765 0.0354785 0.0434301
 0.647791 0.240449 0.067806 0.0201883 0.0237653
 0.548211 0.306623 0.099693 0.0275961 0.0178771
 0.50216 0.283245 0.14605 0.0470774 0.0214673
 0.703952 0.15517 0.0804876 0.0411046 0.0192851
 0.771509 0.164463 0.0336997 0.0173299 0.0129988
 0.665502 0.261643 0.0525452 0.0106908 0.00961913
 0.738689 0.176308 0.0665695 0.0132961 0.00513831
 0.76333 0.176097 0.0409085 0.0154008 0.00426436
 0.638681 0.277595 0.0623449 0.0144385 0.00694002
 0.64127 0.231303 0.0979648 0.0219394 0.00752249
 0.247534 0.487183 0.17123 0.0723096 0.0217442
 0.439832 0.141677 0.271231 0.0950539 0.0522066
pobs_pel_tallas
 0 0 0 0 0 0 0 0 0 0 0 0 0 0 0 0 0 0 0 0 0 0 0 0 0 0 0 0 0 0 0 0 0 0 0 0
 0 0 0 0 0 0 0 0 0 0 0 0 0 0 0 0 0 0 0 0 0 0 0 0 0 0 0 0 0 0 0 0 0 0 0 0
 0 0 0 0 0 0 0 0 0 0 0 0 0 0 0 0 0 0 0 0 0 0 0 0 0 0 0 0 0 0 0 0 0 0 0 0
 0 0 0 0 0 0 0 0 0 0 0 0 0 0 0 0 0 0 0 0 0 0 0 0 0 0 0 0 0 0 0 0 0 0 0 0
 0 0 0 0 0 0 0 0 0 0 0 0 0 0 0 0 0 0 0 0 0 0 0 0 0 0 0 0 0 0 0 0 0 0 0 0
 0 0 0 0 0 0 0 0 0 0 0 0 0 0 0 0 0 0 0 0 0 0 0 0 0 0 0 0 0 0 0 0 0 0 0 0
 0 0 0 0 0 0 0 0 0 0 0 0 0 0 0 0 0 0 0 0 0 0 0 0 0 0 0 0 0 0 0 0 0 0 0 0
 0 0 0 0 0 0 0 0 0 0 0 0 0 0 0 0 0 0 0 0 0 0 0 0 0 0 0 0 0 0 0 0 0 0 0 0
 0 0 0 0 0 0 0 0 0 0 0 0 0 0 0 0 0 0 0 0 0 0 0 0 0 0 0 0 0 0 0 0 0 0 0 0
 0 0 0 0 0 0 0 0 0 0 0 0 0 0 0 0 0 0 0 0 0 0 0 0 0 0 0 0 0 0 0 0 0 0 0 0
 0 0 0 0 0 0 0 0 1.78061e-05 0.00172719 0.00360574 0.0105946 0.0120993 0.0124554 0.0147524 0.0171206 0.0266825 0.0428682 0.0675386 0.121331 0.153587 0.119568 0.100827 0.0573624 0.0630603 0.0341343 0.0324427 0.0444173 0.0211091 0.0280891 0.0125444 0.00206551 0 0 0 0
 0 0 0 0 0 0 0 0 0 0 0 0 0 0 0 0 0 0 0 0 0 0 0 0 0 0 0 0 0 0 0 0 0 0 0 0
 0 0 0 0 0 0 0.0133647 0.0140871 0.0187388 0.0205184 0.03894 0.0496705 0.03968 0.0493445 0.0407372 0.0367815 0.0215668 0.0243155 0.0234873 0.0199281 0.019796 0.0243948 0.0301388 0.0376714 0.0412746 0.0863199 0.0771752 0.113111 0.0741005 0.0525337 0.0229764 0.00759418 0.00175318 0 0 0
 0 0 0 0 0 0 0 0 0 0 0.00219441 0.00772107 0.0458388 0.0604681 0.0671733 0.0775358 0.0609151 0.0617685 0.073594 0.0568108 0.0755445 0.0548602 0.0670107 0.0636378 0.0643287 0.046367 0.0373049 0.0286899 0.0247887 0.0153202 0.00654259 0.00121912 0.000365735 0 0 0
 0 0 0 0 0 0 0 0 0 0 0 0 0.000112435 0.00938835 0.0111873 0.0202946 0.0414886 0.0713402 0.111592 0.104902 0.108894 0.110636 0.117776 0.105296 0.107544 0.0401394 0.0192827 0.0124803 0.00416011 0.0028671 0.000618394 0 0 0 0 0
 0 0 0 0 0 0 0 0 0 0 0.00291406 0.0102884 0.027416 0.0768956 0.0749926 0.110853 0.0956884 0.0897413 0.0766577 0.0534642 0.0500743 0.0551293 0.0594112 0.0620874 0.0668451 0.0424026 0.0208742 0.0120726 0.0048766 0.00582813 0.00118941 0.000297354 0 0 0 0
 0 0.00264628 0.0354308 0.0461629 0.0458689 0.0383711 0.0214643 0.0164657 0.0346957 0.0420465 0.0363128 0.0245516 0.0311673 0.0291091 0.0169068 0.0133784 0.00837989 0.0085269 0.0148486 0.0160247 0.0276389 0.0546898 0.0760071 0.122758 0.109233 0.0665981 0.0333725 0.0166128 0.00676272 0.00308733 0.000882094 0 0 0 0 0
 0 0 0 0 0 0 0 0.000805153 0.000690131 0.00759144 0.0133425 0.0154129 0.00931677 0.000345066 0.00356568 0.00563607 0.00851162 0.0253048 0.0502646 0.0516448 0.0657925 0.0565908 0.0611916 0.0827007 0.0866115 0.110766 0.145733 0.0935128 0.0569358 0.0249597 0.0138026 0.00621118 0.00161031 0.00115022 0 0
 0 0 0 0 0 0 0 0 0 0 0 0 0 0 0 0 0 0 0 0 0 0 0 0 0 0 0 0 0 0 0 0 0 0 0 0
 0.00147267 0.00158595 0.00478618 0.00569244 0.00954404 0.0108468 0.00647125 0.017049 0.0510054 0.094081 0.124002 0.0959785 0.0687766 0.0820023 0.061753 0.0591476 0.0492212 0.0479892 0.0443925 0.0268479 0.0217502 0.0140895 0.0121071 0.0120363 0.00920419 0.00665534 0.0049561 0.00860946 0.00930331 0.0156896 0.0114698 0.00855282 0.00243557 0.00046729 0 2.83206e-05
 0 0 0 0 0.000772559 0.00158375 0.000888443 0.00281984 0.00712685 0.0440552 0.0773331 0.111326 0.0921469 0.0852325 0.0710754 0.0886704 0.0786465 0.0553345 0.0373146 0.0185414 0.00753245 0.00457741 0.012979 0.0271748 0.0457355 0.0583668 0.034881 0.0177882 0.00938659 0.00492506 0.0015258 0.00185414 0.000309023 5.79419e-05 3.86279e-05 0
 0 0.00173294 0.00326652 0 0.00397197 0.00683976 0.00946217 0.0152591 0.00757587 0.0136028 0.0228656 0.0392903 0.0559909 0.0764795 0.0681675 0.0726916 0.0566044 0.0477403 0.0527397 0.0444891 0.0609904 0.0582453 0.0661739 0.0445044 0.0529084 0.0360697 0.0280645 0.0235558 0.0158879 0.00826598 0.00280645 0.00217768 0.000904811 0.00058276 9.20147e-05 0
 0 0 0 0 0 0 0 0 0 0 0 0 0 0 0 0 0 0 0 0 0 0 0 0 0 0 0 0 0 0 0 0 0 0 0 0
 0 0 0 0 0 0 0 0 0 0 0 0 0 0 0 0 0 0 0 0 0 0 0 0 0 0 0 0 0 0 0 0 0 0 0 0
 0 0 0 0 0 0 0 0 0 0 0 0 0 0 0 0 0 0 0 0 0 0 0 0 0 0 0 0 0 0 0 0 0 0 0 0
 0 0 0 0 0 0 0 0 0 0 0 0 0 0 0 0 0 0 0 0 0 0 0 0 0 0 0 0 0 0 0 0 0 0 0 0
ppred_pel_tallas
 1.0107e-16 3.35987e-05 0.0001972 0.000937403 0.00360906 0.0112545 0.028428 0.0581674 0.0964187 0.129487 0.140905 0.124283 0.0889536 0.0518895 0.0251372 0.0109954 0.00579328 0.00520922 0.00659297 0.00877563 0.0112704 0.0137746 0.0160065 0.0177033 0.0186676 0.0188093 0.0181621 0.0168675 0.0151335 0.0131832 0.0112093 0.00934893 0.0076778 0.00622189 0.00497588 0.00392065
 1.01118e-16 3.25671e-05 0.00019114 0.000908589 0.00349811 0.0109085 0.0275541 0.0563796 0.0934562 0.125512 0.136588 0.120496 0.0862881 0.0504255 0.0245973 0.011047 0.0062311 0.00596956 0.00769083 0.0102426 0.013115 0.0159612 0.0184475 0.0202653 0.0211889 0.0211263 0.0201379 0.0184144 0.0162245 0.013849 0.0115252 0.00941372 0.00759299 0.00607508 0.00483107 0.00381573
 1.01843e-16 2.60115e-05 0.000152643 0.000725544 0.0027933 0.00871057 0.0220024 0.0450213 0.0746331 0.100246 0.10913 0.0963618 0.0691994 0.0408301 0.0206471 0.0105122 0.00766641 0.00882329 0.0119378 0.0160329 0.0205683 0.0250644 0.029013 0.0319329 0.0334687 0.0334705 0.032024 0.0294171 0.0260596 0.0223831 0.0187541 0.0154238 0.0125193 0.0100671 0.00803125 0.00635026
 1.02343e-16 2.99045e-05 0.000175508 0.000834273 0.00321197 0.0100162 0.0253002 0.0517679 0.0858124 0.115248 0.125423 0.110657 0.0792674 0.0463728 0.0227159 0.0103682 0.0060903 0.00605974 0.00792985 0.0106533 0.0137663 0.0169453 0.0198691 0.0222291 0.0237841 0.0244096 0.0241176 0.0230399 0.0213841 0.0193778 0.0172216 0.0150616 0.0129863 0.0110395 0.00923923 0.00759454
 1.02379e-16 2.93689e-05 0.000172362 0.000819308 0.00315435 0.00983651 0.0248463 0.0508394 0.0842742 0.113185 0.123185 0.1087 0.0779023 0.0456489 0.0224997 0.0105013 0.00648331 0.00669739 0.0088342 0.0118461 0.0152428 0.0186593 0.0217286 0.0241036 0.0255235 0.0258696 0.0251869 0.0236607 0.021561 0.0191731 0.0167382 0.0144208 0.0123052 0.0104126 0.00872921 0.00723037
 1.03268e-16 2.36728e-05 0.000138913 0.000660269 0.00254198 0.00792683 0.0200227 0.0409707 0.0679194 0.0912316 0.0993249 0.0877229 0.0630377 0.0372797 0.0190104 0.00994149 0.00758116 0.00895617 0.0122168 0.0164745 0.0212242 0.0260016 0.0303048 0.0336517 0.035677 0.0362106 0.0353085 0.0332215 0.0303188 0.0269933 0.0235804 0.020312 0.0173111 0.0146151 0.0122124 0.010075
 1.02536e-16 3.22109e-05 0.000189054 0.000898679 0.00345997 0.0107896 0.0272536 0.0557644 0.0924352 0.124136 0.135081 0.119141 0.0852628 0.0497158 0.0240467 0.0104576 0.00542959 0.0048239 0.00611009 0.00818524 0.0106075 0.013116 0.0154688 0.0174347 0.0188296 0.0195521 0.0195985 0.019051 0.0180461 0.0167353 0.0152523 0.0136948 0.0121242 0.0105752 0.0090705 0.00763111
 1.01706e-16 3.17311e-05 0.000186232 0.000885252 0.00340825 0.0106283 0.0268463 0.0549314 0.0910561 0.122289 0.133084 0.117411 0.0840934 0.0491716 0.0240394 0.010888 0.00627042 0.00611886 0.00792977 0.0105783 0.0135609 0.0165279 0.0191402 0.021083 0.0221258 0.0221737 0.0212862 0.0196541 0.0175459 0.0152406 0.0129714 0.0108929 0.00907753 0.00753214 0.00622569 0.00511449
 1.00834e-16 3.68115e-05 0.000216066 0.00102711 0.00395446 0.0123317 0.0311487 0.0637338 0.105643 0.141869 0.154362 0.136113 0.0973342 0.0566031 0.0270929 0.0112902 0.00514043 0.00388406 0.00461135 0.00606422 0.00776594 0.00947278 0.0109828 0.0121141 0.0127323 0.0127799 0.0122862 0.0113562 0.0101399 0.00879559 0.00745785 0.00621891 0.00512578 0.00418901 0.00339692 0.00272913
 1.01303e-16 2.57817e-05 0.00015129 0.000719108 0.00276851 0.00863325 0.0218071 0.044622 0.0739723 0.099362 0.108176 0.0955398 0.0686535 0.0405969 0.0206925 0.0107998 0.00819677 0.00963182 0.0130707 0.0175199 0.0223991 0.0271725 0.0312706 0.03416 0.0354569 0.0350166 0.0329661 0.0296632 0.0256021 0.0212957 0.0171737 0.013523 0.0104767 0.00804255 0.00614916 0.00469272
 1.04079e-16 1.85069e-05 0.00010858 0.000516056 0.0019867 0.00619521 0.0156489 0.0320219 0.0530879 0.0713202 0.0776755 0.0686699 0.0494938 0.0295675 0.015629 0.00907372 0.00801504 0.0101804 0.0141482 0.0192041 0.0248783 0.0306788 0.0360459 0.0404249 0.0433751 0.0446587 0.0442791 0.0424537 0.0395379 0.0359295 0.0319857 0.0279759 0.0240745 0.0203802 0.0169478 0.0138128
 1.07279e-16 1.86806e-05 0.000109609 0.000520966 0.00200564 0.0062543 0.015798 0.0323263 0.0535899 0.0719863 0.078379 0.06924 0.0497918 0.0295199 0.015194 0.0081853 0.00655551 0.00799327 0.0110784 0.0151506 0.0198474 0.0248275 0.0297003 0.0340644 0.0375777 0.0400184 0.0413117 0.0415146 0.0407713 0.0392563 0.037131 0.0345231 0.0315322 0.0282477 0.0247682 0.0212106
 1.06821e-16 2.42834e-05 0.000142507 0.000677383 0.00260791 0.00813246 0.020542 0.0420324 0.069676 0.093581 0.101856 0.0898948 0.0644602 0.0378438 0.0187891 0.00900608 0.00589614 0.00638656 0.0085956 0.0116826 0.0152619 0.0190419 0.0227164 0.0259805 0.0285838 0.0303758 0.0313245 0.0314993 0.0310304 0.0300597 0.0287033 0.0270361 0.0250992 0.02292 0.0205354 0.0180048
 1.04271e-16 2.76914e-05 0.000162514 0.000772494 0.0029741 0.00927442 0.0234265 0.0479344 0.079459 0.106718 0.11615 0.102497 0.0734694 0.0430762 0.0212788 0.0100125 0.00629525 0.00660053 0.00875861 0.0117881 0.0152309 0.0187443 0.0219808 0.0246086 0.0263746 0.0271567 0.0269837 0.0260121 0.0244735 0.0226099 0.02062 0.0186321 0.0167046 0.0148469 0.0130475 0.0112977
 1.02846e-16 2.82692e-05 0.000165904 0.000788605 0.00303613 0.00946784 0.0239151 0.0489342 0.0811168 0.108946 0.118578 0.104648 0.0750282 0.0440247 0.0218109 0.0103676 0.0066544 0.00707177 0.00939902 0.0126203 0.0162445 0.0198915 0.0231727 0.0257199 0.0272565 0.0276571 0.0269699 0.025392 0.0232096 0.020724 0.018189 0.0157757 0.0135694 0.0115888 0.0098157 0.00822209
 1.03299e-16 2.39298e-05 0.000140422 0.000667445 0.00256961 0.00801299 0.0202404 0.041416 0.0686573 0.0922219 0.100401 0.0886675 0.0637046 0.0376499 0.0191548 0.00994508 0.00749758 0.00880382 0.0119938 0.0161732 0.0208404 0.0255389 0.029777 0.0330821 0.0350956 0.0356497 0.0347977 0.0327832 0.0299661 0.026729 0.0233988 0.0202016 0.0172574 0.0146034 0.0122291 0.0101091
 1.04787e-16 2.19209e-05 0.00012863 0.000611389 0.00235378 0.00733996 0.0185403 0.0379374 0.062891 0.0844775 0.091972 0.08123 0.0583745 0.0345278 0.01762 0.00924022 0.00708841 0.00842289 0.0115471 0.0156593 0.0203155 0.0251092 0.0295926 0.0333241 0.0359519 0.0372841 0.0373177 0.0362154 0.0342445 0.0317003 0.0288422 0.0258589 0.0228668 0.0199299 0.0170874 0.0143752
 1.03507e-16 3.07147e-05 0.000180269 0.000856914 0.00329916 0.0102881 0.025987 0.0531728 0.0881398 0.118369 0.128809 0.113619 0.0813321 0.0474664 0.0230387 0.0101573 0.00547573 0.00505598 0.00649012 0.00872607 0.0113353 0.0140553 0.016637 0.0188401 0.0204717 0.0214234 0.0216856 0.021335 0.0205022 0.0193307 0.0179443 0.0164304 0.0148417 0.0132085 0.0115547 0.0099092
 1.01735e-16 3.36607e-05 0.000197564 0.000939137 0.00361574 0.0112754 0.0284806 0.0582751 0.096597 0.129726 0.141164 0.124508 0.0891089 0.0519675 0.0251513 0.0109606 0.00571484 0.00508193 0.00640526 0.00851434 0.010925 0.0133406 0.0154889 0.0171189 0.0180459 0.0181911 0.0175973 0.0164097 0.0148346 0.0130862 0.0113431 0.00972291 0.00828031 0.00702079 0.00592239 0.00495555
 1.01649e-16 2.90423e-05 0.000170441 0.00081017 0.00311915 0.00972674 0.0245691 0.0502725 0.0833355 0.111927 0.121825 0.10752 0.0771006 0.0452675 0.0224754 0.0107626 0.00700722 0.0075095 0.00998034 0.0133609 0.0171239 0.0208503 0.024112 0.0265079 0.027744 0.0276996 0.0264522 0.0242484 0.0214358 0.0183779 0.0153813 0.0126529 0.0102935 0.00831779 0.006688 0.00534592
 1.017e-16 3.22302e-05 0.000189164 0.0008992 0.00346197 0.0107958 0.0272694 0.0557969 0.0924898 0.124212 0.135169 0.119234 0.0853615 0.0498383 0.0242267 0.0107402 0.00586704 0.0054699 0.00701112 0.00936799 0.0120646 0.014794 0.0172641 0.0191994 0.0203896 0.0207334 0.0202563 0.0190938 0.0174497 0.0155435 0.0135658 0.0116516 0.00987758 0.00827326 0.00684059 0.00557088
 1.01367e-16 3.33046e-05 0.000195472 0.000929189 0.00357743 0.0111559 0.0281789 0.0576578 0.0955741 0.128353 0.139674 0.123202 0.0881906 0.0514661 0.0249724 0.0109915 0.00588782 0.00537931 0.00683754 0.00909845 0.0116699 0.0142389 0.0165126 0.0182198 0.0191601 0.0192477 0.0185275 0.017157 0.0153607 0.0133744 0.0113975 0.00956551 0.00794579 0.00655164 0.00536407 0.00435232
 1.01796e-16 2.78735e-05 0.000163577 0.000777537 0.0029935 0.00933489 0.0235793 0.0482475 0.0799795 0.107422 0.116928 0.103214 0.0740475 0.0435446 0.0217496 0.0106314 0.00720713 0.00793587 0.0106234 0.014245 0.0182727 0.0222698 0.0257836 0.0283875 0.0297668 0.0297891 0.0285309 0.0262476 0.023302 0.0200752 0.0168899 0.013966 0.0114133 0.00925238 0.00744977 0.00595041
 1.02572e-16 2.79846e-05 0.000164234 0.000780666 0.00300556 0.00937252 0.0236743 0.0484415 0.0802999 0.107849 0.117382 0.103591 0.0742661 0.043569 0.0215701 0.0102299 0.00653915 0.00693717 0.00923081 0.0124226 0.016037 0.0197086 0.0230617 0.0257348 0.027448 0.0280613 0.0275977 0.0262224 0.0241902 0.0217776 0.0192258 0.0167084 0.0143268 0.0121258 0.0101175 0.00830241
 1.0609e-16 1.08263e-05 6.34758e-05 0.000301598 0.00116094 0.00362007 0.00914449 0.0187144 0.0310346 0.0417195 0.0455066 0.040396 0.0294756 0.0183309 0.0110095 0.00845888 0.00970992 0.0135335 0.0191193 0.0259516 0.0335171 0.0411631 0.0481242 0.0536515 0.0571695 0.0583991 0.0574057 0.0545514 0.0503803 0.0454737 0.0403284 0.0352896 0.0305443 0.0261584 0.0221325 0.0184495
 1.09602e-16 1.91976e-05 0.000112654 0.000535466 0.00206151 0.00642854 0.016238 0.0332257 0.0550776 0.0739747 0.0805177 0.0710668 0.0509696 0.0299464 0.0149165 0.00724523 0.00490135 0.00549066 0.00757408 0.0105481 0.0141756 0.0182892 0.0226893 0.0271384 0.0313872 0.0352037 0.0383925 0.0408006 0.0423144 0.0428567 0.0423885 0.0409175 0.0385112 0.0353023 0.0314854 0.0272978
pSPR Fmed_Fpbrs
0.469672   0.362347 0.362347
Fs Fmed_Fpbrs
0.64   1.005 1.005
SSBpbr Bo_Bmed_Bpbrs
1.75782e+06  737711  549051 549051
Ro
46088
SPR SPRFo_SPRFmed_SPRFpbrs
951918 447090 344925
log_Ro
10.5583
likeval ReclasPelacesDesembMPH_pf_preclas_ppelaces_ptallas_desvR_qrecl_qpela
 84.7533 20.6941 0.0260148 132.803 345.152 215.622 58.3792 0 20.9791 5.65808e-05 0 0 0 0 0
q_reclas_q_pelaces
0.344417 1
M
0.7
N
 43678 13409.9 4718.94 559.212 0.302691
 54277.2 19700.3 4001.77 1307.93 154.691
 29396.1 24781.6 6271.41 1194.35 435.571
 40398.7 12777.3 6080.68 1389.22 359.793
 56961.6 19514.4 5481.29 2553.74 734.012
 38350.9 28122.9 9397.97 2628.03 1576.09
 75340.7 17803.8 9776.85 3102.47 1385.41
 90929.8 35676.4 6874.64 3639.86 1668.72
 226726 41228.8 10947.2 1967.16 1515.41
 153971 104374 13710.2 3434.64 1090.46
 69363.8 73611.3 42395.1 5408.86 1783.44
 43191.4 32116.2 25236 13773.6 2332.39
 39737.8 20172.7 11528.9 8642.47 5506.91
 28926.6 17957.9 6082.06 3233.22 3958.28
 20445.6 12190.9 3741.97 1117.33 1315.41
 13039.3 8888.39 2993.99 829.763 537.552
 8644.39 6125.43 3290.01 1061.96 484.275
 14845.9 4026.44 2167.44 1108.3 520.001
 27507.3 6955.53 1469.44 756.439 567.407
 28851.5 13020.6 2680.2 545.769 491.072
 53949.4 13783.3 5267.97 1052.62 406.792
 105880 26283.6 6186.45 2330.04 645.179
 110933 51508.1 11705.6 2712.01 1303.57
 139919 54076 23187.7 5195.12 1781.3
 32420.7 68148.1 24235.5 10238.6 3078.9
 45322.6 15805.1 30690.4 10760.7 5910.22
pred_Ctot
 2897.43 3962.06 1550.17 184.307 0.0997721
 3160.36 5216.43 1182.13 387.687 45.8567
 2656.63 9383.64 2614.81 499.458 182.165
 793.462 1261.46 681.179 156.246 40.4709
 236.661 424.466 136.256 63.7506 18.3259
 1803.79 6191.38 2319.26 650.875 390.386
 2521.93 2889.42 1789.23 569.918 254.525
 5715.14 10076.9 2162.03 1148.55 526.615
 11948.7 10022.6 2975.86 536.618 413.428
 4134.16 13824 2053.71 516.485 163.997
 3386.26 16743.4 10801.2 1382.93 456.034
 1853.71 6520.95 5754.02 3151.92 533.796
 2585.08 5864.17 3728.2 2804.08 1786.91
 3177.75 7871.23 2913.68 1553.14 1901.59
 1845.52 4611.85 1558.8 466.836 549.646
 508.051 1655.29 627.215 174.471 113.041
 386.998 1291.14 778.122 252.073 114.962
 605.578 781.306 472.732 242.613 113.844
 928.19 1137.12 270.862 139.96 104.996
 789.586 1755.36 408.562 83.5174 75.1558
 734.81 958.678 416.904 83.6441 32.3287
 1552.15 1962.24 525.258 198.636 55.0082
 1466.81 3481.56 900.422 209.467 100.696
 1933.4 3813.8 1860.56 418.553 143.53
 427.027 4589.13 1857.34 787.87 236.952
 718.932 1272.76 2809.16 988.943 543.232
F
 0.0962128 0.509256 0.583135 0.585642 0.585716
 0.0840034 0.444631 0.509135 0.511324 0.511389
 0.133192 0.704985 0.807259 0.81073 0.810833
 0.0276456 0.146329 0.167557 0.168277 0.168299
 0.005792 0.0306571 0.0351046 0.0352555 0.03526
 0.0673657 0.356568 0.408296 0.410051 0.410103
 0.0475295 0.251574 0.28807 0.289309 0.289346
 0.0909518 0.481409 0.551248 0.553618 0.553689
 0.0757593 0.400995 0.459168 0.461143 0.461201
 0.0379651 0.20095 0.230102 0.231092 0.231121
 0.0700028 0.370526 0.424279 0.426103 0.426157
 0.0613087 0.324508 0.371585 0.373183 0.37323
 0.0942729 0.498987 0.571377 0.573833 0.573906
 0.164069 0.868418 0.994401 0.998677 0.998804
 0.133022 0.704085 0.806229 0.809695 0.809798
 0.0555177 0.293856 0.336486 0.337933 0.337976
 0.0640279 0.3389 0.388066 0.389734 0.389784
 0.05819 0.308 0.352683 0.354199 0.354244
 0.0479206 0.253644 0.290441 0.29169 0.291727
 0.0387087 0.204886 0.234609 0.235618 0.235648
 0.0190995 0.101094 0.11576 0.116257 0.116272
 0.02057 0.108877 0.124672 0.125208 0.125224
 0.018537 0.0981164 0.11235 0.112833 0.112848
 0.0193791 0.102574 0.117454 0.117959 0.117974
 0.0184648 0.0977344 0.111913 0.112394 0.112408
 0.0222748 0.117901 0.135005 0.135585 0.135603
Np
 34612.2 14572.3 4561.85 1273.62 2860.77
YTP_r0W_actual
 45068.7 176696 521044 214844 128272
YTP_p0W_proyectada
 31358.9 209259 105345 257507 143568
 31358.9 138541 68891.9 24630 61398.5
CTP_r0_actual
 5007.63 6956.53 14760.4 5189.46 2850.48
CTP_p0_proyectada
 3824.26 9687.93 3354.94 6421.61 3226.26
 3824.26 6413.92 2194.01 614.214 1379.74
Wmedp
 8.2 21.6 31.4 40.1 44.5
nmprior
 10.8 10.6 4.6 0
nm_flota  nm_reclas  nm_pelaces    nm_pelaL
inf 10.0581 13.6034 38.6461
cv_recla  cv_pelaces  cv_mph
0.814424 0.498326 0.470466
 ------------------------------------------------
Talla a la edad & desviaci?n 
 7.2 14.2025 17.0495 18.207 18.6776
 1.08 2.13037 2.55742 2.73105 2.80164
