years
 1997 1998 1999 2000 2001 2002 2003 2004 2005 2006 2007 2008 2009 2010 2011 2012 2013 2014 2015 2016 2017 2018 2019 2020 2021 2022
reclasobs
 0 0 0 370054 412103 1.49427e+06 250295 1.28982e+06 931140 785840 897777 1.04006e+06 184774 17550 25797 100020 73551 82996 120727 218422 84188 347160 605670 569463 516374 1.08416e+06
reclaspred
 2.83451e+06 689693 1.48152e+06 604811 301696 1.07064e+06 4.20937e+06 3.11365e+06 3.59421e+06 3.24943e+06 4.47856e+06 4.50437e+06 3.27115e+06 2.05912e+06 1.30864e+06 743585 527916 501462 507113 597660 488519 555060 1.26671e+06 1.37713e+06 1.83313e+06 1.79648e+06
pelacesobs
 0 0 0 0 0 0 0 0 0 2.06254e+06 1.5e+06 0 1.87456e+06 323000 250000 174000 83755 137374 0 501740 490994 745055 786931 1.00524e+06 1.33801e+06 1.41789e+06
pelacespred
 2.38455e+06 873629 516586 480258 214939 429005 1.49913e+06 2.20734e+06 2.17904e+06 2.07232e+06 2.67841e+06 2.70806e+06 2.07617e+06 1.37366e+06 831648 477901 321923 277613 294723 319725 309503 309245 545503 773708 955657 1.04759e+06
mphobs
 0 0 0 0 0 0 112323 0 153150 637223 0 255016 313432 73983 77613 109348 50772 17779 17303 59886 28197 0 207744 136588 643089 65757
mphpred
 1.84518e+06 1.50133e+06 886105 825892 367785 314918 2.6015e+06 2.70307e+06 3.58697e+06 2.88123e+06 3.50565e+06 4.5074e+06 3.28266e+06 2.31361e+06 1.37913e+06 767969 442818 401453 412543 500779 445261 415623 818114 1.11166e+06 1.44338e+06 1.41019e+06
desembarqueobs
 350755 77701 442110 56441 14545 235359 269955 359681 431902 328805 639364 411747 362871 311530 167758 66681 60226 58785 57116 73181 50977 67692 138656 160484 209506 203330
desembarquepred
 322167 78528 168690 68865.2 34350.7 121536 479274 353929 409139 369586 509354 512805 372342 234450 149002 84660.6 60067.6 57068.4 57684 68041.3 55584.7 63106.4 144162 156644 208662 204388
Reclutas
 208845 4321.91 634.412 445.86 1231.18 409756 8930.7 410878 74909.1 337374 464861 64133.4 107927 7953.81 3011.58 6268.68 28303.2 18235.8 46389.7 7306.13 27123 112936 75086.7 143951 41283.8 131225
log_desv_Rt
 1.95344 -1.92445 -3.84321 -4.1959 -3.18018 2.62741 -1.19866 2.63014 0.928123 2.43304 2.75359 0.772813 1.2933 -1.3145 -2.28569 -1.55259 -0.0451783 -0.484764 0.448925 -1.39944 -0.0877698 1.33867 0.930491 1.58132 0.332317 1.48876
SSB
 1.84518e+06 1.50133e+06 886105 825892 367785 314918 2.53901e+06 2.68145e+06 3.52936e+06 2.83515e+06 3.50565e+06 4.5074e+06 3.33623e+06 2.35143e+06 1.42458e+06 812803 483983 428282 422654 534314 456182 415623 838202 1.09387e+06 1.53995e+06 1.5412e+06
BT
 7.7984e+06 1.71606e+06 1.01701e+06 942580 424399 1.42658e+06 2.99624e+06 5.87309e+06 4.57796e+06 5.07456e+06 6.7781e+06 5.52181e+06 4.3985e+06 2.71101e+06 1.63997e+06 950446 728080 612775 694818 648954 712610 767566 1.20874e+06 1.84573e+06 2.01869e+06 2.41597e+06
Ftot
 0.110803 0.110803 0.110803 0.110803 0.110803 0.110803 0.110803 0.110803 0.110803 0.110803 0.110803 0.110803 0.110803 0.110803 0.110803 0.110803 0.110803 0.110803 0.110803 0.110803 0.110803 0.110803 0.110803 0.110803 0.110803 0.110803
BD_Bspro_t
 0.98599 0.91512 0.824744 0.740672 0.666104 0.733778 0.903318 0.843239 0.862066 0.813859 0.837077 0.837709 0.780436 0.743917 0.685525 0.635226 0.606419 0.685127 0.72976 0.791922 0.767525 0.794073 0.857105 0.843167 0.847744 0.809829
BD_Bspro
 3.01697 2.45477 1.44883 1.35038 0.601348 0.514908 4.15142 4.38431 5.77069 4.63563 5.73193 7.36984 5.45493 3.84472 2.32927 1.32898 0.791339 0.700264 0.691062 0.873634 0.745883 0.679567 1.37051 1.78853 2.5179 2.51995
BD_Bo
 0.3751 0.305201 0.180133 0.167893 0.0747657 0.0640185 0.516147 0.545102 0.717471 0.576349 0.712651 0.916294 0.678212 0.478015 0.289598 0.165232 0.0983873 0.0870639 0.0859199 0.108619 0.0927357 0.0844907 0.170395 0.222368 0.313051 0.313306
BD_Brms
 1.8232 1.48345 0.875549 0.816054 0.363403 0.311166 2.50876 2.6495 3.48731 2.80138 3.46389 4.4537 3.29649 2.32342 1.40761 0.803121 0.478218 0.42318 0.417619 0.527949 0.450747 0.410672 0.828217 1.08083 1.5216 1.52284
S_f
 0.5 1 1 1 1
 0.5 1 1 1 1
 0.5 1 1 1 1
 0.5 1 1 1 1
 0.5 1 1 1 1
 0.5 1 1 1 1
 0.5 1 1 1 1
 0.5 1 1 1 1
 0.5 1 1 1 1
 0.5 1 1 1 1
 0.5 1 1 1 1
 0.5 1 1 1 1
 0.5 1 1 1 1
 0.5 1 1 1 1
 0.5 1 1 1 1
 0.5 1 1 1 1
 0.5 1 1 1 1
 0.5 1 1 1 1
 0.5 1 1 1 1
 0.5 1 1 1 1
 0.5 1 1 1 1
 0.5 1 1 1 1
 0.5 1 1 1 1
 0.5 1 1 1 1
 0.5 1 1 1 1
 0.5 1 1 1 1
Scru_reclas
 0.5 1 1 1 1
 0.5 1 1 1 1
 0.5 1 1 1 1
 0.5 1 1 1 1
 0.5 1 1 1 1
 0.5 1 1 1 1
 0.5 1 1 1 1
 0.5 1 1 1 1
 0.5 1 1 1 1
 0.5 1 1 1 1
 0.5 1 1 1 1
 0.5 1 1 1 1
 0.5 1 1 1 1
 0.5 1 1 1 1
 0.5 1 1 1 1
 0.5 1 1 1 1
 0.5 1 1 1 1
 0.5 1 1 1 1
 0.5 1 1 1 1
 0.5 1 1 1 1
 0.5 1 1 1 1
 0.5 1 1 1 1
 0.5 1 1 1 1
 0.5 1 1 1 1
 0.5 1 1 1 1
 0.5 1 1 1 1
Scru_pelaces
 0.5 1 1 1 1
 0.5 1 1 1 1
 0.5 1 1 1 1
 0.5 1 1 1 1
 0.5 1 1 1 1
 0.5 1 1 1 1
 0.5 1 1 1 1
 0.5 1 1 1 1
 0.5 1 1 1 1
 0.5 1 1 1 1
 0.5 1 1 1 1
 0.5 1 1 1 1
 0.5 1 1 1 1
 0.5 1 1 1 1
 0.5 1 1 1 1
 0.5 1 1 1 1
 0.5 1 1 1 1
 0.5 1 1 1 1
 0.5 1 1 1 1
 0.5 1 1 1 1
 0.5 1 1 1 1
 0.5 1 1 1 1
 0.5 1 1 1 1
 0.5 1 1 1 1
 0.5 1 1 1 1
 0.5 1 1 1 1
pf_obs 
 0.256992 0.487395 0.22802 0.0275931 0
 0.321318 0.546541 0.124235 0.00734118 0.000564706
 0.182869 0.594174 0.210203 0.0122559 0.00049798
 0.330522 0.361315 0.267642 0.0388342 0.00168674
 0.649043 0.306663 0.0425973 0.00169635 0
 0.582887 0.30429 0.105238 0.00758474 0
 0.465427 0.430635 0.0974691 0.00646863 0
 0.296916 0.608066 0.0921331 0.00288517 0
 0.311714 0.524322 0.152257 0.0117073 0
 0.15457 0.633149 0.183074 0.0267441 0.00246327
 0.131901 0.49318 0.331252 0.0422183 0.00144891
 0.196976 0.569456 0.194076 0.0375587 0.00193317
 0.518974 0.381816 0.0799577 0.0180837 0.00116848
 0.0928022 0.601141 0.25162 0.0475244 0.00691264
 0.122501 0.610282 0.24278 0.0234846 0.000952079
 0.383417 0.481906 0.127806 0.00687128 0
 0.0376549 0.599619 0.316969 0.0457579 0
 0.0361596 0.667082 0.258105 0.0386534 0
 0.158088 0.579412 0.248529 0.0139706 0
 0.0477256 0.309471 0.559284 0.082774 0.000745712
 0.0406174 0.521527 0.379366 0.0568643 0.0016247
 0.151134 0.462217 0.34131 0.0453401 0
 0.294876 0.26143 0.354403 0.0886775 0.000613685
 0.281977 0.475581 0.204845 0.0348837 0.00271318
 0.0841818 0.532909 0.334909 0.0458182 0.00218182
 0.115287 0.27431 0.454777 0.147771 0.00785563
pf_pred 
 0.753631 0.124026 0.0615894 0.0305844 0.0301695
 0.0191039 0.846753 0.0675298 0.0335343 0.0330794
 0.00614515 0.0383994 0.824791 0.0657784 0.064886
 0.00956061 0.012478 0.0377853 0.811601 0.128575
 0.0555304 0.0184457 0.0116665 0.0353279 0.87903
 0.975161 0.00268758 0.000432624 0.000273625 0.0214453
 0.0229335 0.965153 0.00128904 0.000207499 0.010417
 0.698539 0.0139268 0.284029 0.000379343 0.00312662
 0.141177 0.710279 0.00686237 0.139954 0.00172755
 0.554306 0.112891 0.27524 0.00265923 0.0549031
 0.519458 0.345801 0.0341289 0.0832096 0.017402
 0.0940818 0.625506 0.201787 0.0199154 0.0587103
 0.244593 0.133317 0.429533 0.138566 0.0539919
 0.0311776 0.388047 0.102497 0.330235 0.148043
 0.025061 0.060711 0.36618 0.0967212 0.451326
 0.102584 0.0452047 0.0530685 0.320085 0.479058
 0.484401 0.0984086 0.0210147 0.0246705 0.371505
 0.316661 0.450807 0.0443817 0.00947752 0.178673
 0.575493 0.207507 0.143157 0.0140938 0.0597487
 0.112286 0.653952 0.114267 0.0788324 0.0406628
 0.455853 0.112632 0.317884 0.055545 0.0580862
 0.741995 0.163453 0.0195711 0.0552361 0.0197448
 0.382836 0.528165 0.056383 0.00675103 0.0258645
 0.539892 0.258311 0.172697 0.0184358 0.0106645
 0.181186 0.579491 0.134359 0.0898276 0.0151364
 0.520686 0.150255 0.232882 0.0539954 0.0421822
pobs_RECLAS
 0 0 0 0 0
 0 0 0 0 0
 0 0 0 0 0
 0 0 0 0 0
 0.835266 0.146461 0.0176864 0.000547809 3.91292e-05
 0.385257 0.428462 0.181853 0.0044286 0
 0.867414 0.0963971 0.0333333 0.00285562 0
 0.441836 0.489002 0.0689373 0.000224442 0
 0.779404 0.147425 0.0564933 0.0165055 0.000172143
 0.814271 0.122319 0.05973 0.00367925 0
 0.40263 0.566651 0.0304383 0.000280538 0
 0.475488 0.404961 0.113038 0.00651328 0
 0.955842 0.0263864 0.0167828 0.000988607 0
 0.975058 0.0227948 0.00214734 0 0
 0.738997 0.206755 0.0527124 0.00153531 0
 0.850938 0.134255 0.0134407 0.00136685 0
 0.542534 0.407297 0.0501686 0 0
 0.764087 0.199537 0.0359546 0.000420521 0
 0.470689 0.182191 0.310203 0.0369168 0
 0.84361 0.089868 0.0606195 0.00523954 0.000663233
 0.607945 0.314616 0.071237 0.00620181 0
 0.523733 0.453247 0.0230204 0 0
 0.530135 0.295979 0.169645 0.0042399 0
 0.562478 0.366248 0.0663022 0.0049721 0
 0.250443 0.683176 0.0655157 0.000865301 0
 0.195077 0.31981 0.436473 0.0351445 0.0134964
ppred_RECLAS
 0.754295 0.123692 0.0614235 0.030502 0.0300882
 0.0191711 0.846695 0.0675252 0.033532 0.0330771
 0.00616705 0.0383985 0.824773 0.0657769 0.0648846
 0.00959456 0.0124776 0.037784 0.811573 0.12857
 0.0557184 0.018442 0.0116642 0.0353208 0.878855
 0.975247 0.00267821 0.000431116 0.000272672 0.0213706
 0.0230138 0.965074 0.00128893 0.000207482 0.0104162
 0.699292 0.013892 0.283319 0.000378395 0.00311881
 0.141611 0.70992 0.0068589 0.139883 0.00172668
 0.55519 0.112667 0.274694 0.00265396 0.0547942
 0.520352 0.345158 0.0340654 0.0830549 0.0173697
 0.0943873 0.625295 0.201719 0.0199086 0.0586905
 0.245254 0.1332 0.429156 0.138445 0.0539446
 0.0312858 0.388004 0.102486 0.330198 0.148027
 0.0251486 0.0607055 0.366147 0.0967126 0.451286
 0.102914 0.045188 0.053049 0.319967 0.478882
 0.485295 0.098238 0.0209783 0.0246277 0.370861
 0.317436 0.450296 0.0443314 0.00946677 0.17847
 0.576368 0.207079 0.142863 0.0140648 0.0596257
 0.112643 0.653689 0.114221 0.0788007 0.0406464
 0.456741 0.112448 0.317365 0.0554544 0.0579914
 0.742679 0.16302 0.0195192 0.0550895 0.0196924
 0.383682 0.527441 0.0563057 0.00674177 0.0258291
 0.540781 0.257812 0.172363 0.0184002 0.0106439
 0.181718 0.579114 0.134272 0.0897693 0.0151266
 0.52158 0.149975 0.232448 0.0538948 0.0421036
pobs_PELACES
 0 0 0 0 0
 0 0 0 0 0
 0 0 0 0 0
 0 0 0 0 0
 0 0 0 0 0
 0 0 0 0 0
 0 0 0 0 0
 0 0 0 0 0
 0 0 0 0 0
 0 0 0 0 0
 0.450072 0.473896 0.0757376 0.000293798 0
 0 0 0 0 0
 0.463077 0.371075 0.160297 0.00555027 0
 0.529543 0.364841 0.0842815 0.0213345 0
 0.631943 0.363953 0.00410389 0 0
 0.735681 0.248677 0.0153453 0.000297389 0
 0.695825 0.281241 0.0229344 0 0
 0.275771 0.60734 0.115278 0.00161068 0
 0 0 0 0 0
 0.896147 0.0623911 0.0374545 0.00400742 0
 0.803859 0.145111 0.0509908 3.86294e-05 0
 0.739449 0.233085 0.0266225 0.000797448 4.60066e-05
 0.878498 0.100942 0.0204185 0.000141795 0
 0.694673 0.275183 0.0284847 0.00165964 0
 0.469039 0.446079 0.0841089 0.000773354 0
 0.822795 0.102175 0.0682046 0.00682512 0
ppred_PELACES
 0.757667 0.121994 0.0605804 0.0300833 0.0296752
 0.0195179 0.846395 0.0675013 0.0335202 0.0330654
 0.00628012 0.0383942 0.824679 0.0657694 0.0648772
 0.00976986 0.0124754 0.0377773 0.81143 0.128548
 0.0566881 0.0184231 0.0116522 0.0352846 0.877952
 0.975685 0.00263087 0.000423496 0.000267852 0.0209928
 0.0234285 0.964664 0.00128839 0.000207394 0.0104117
 0.703122 0.013715 0.27971 0.000373575 0.00307908
 0.143848 0.70807 0.00684102 0.139519 0.00172218
 0.559701 0.111525 0.271909 0.00262705 0.0542386
 0.524913 0.341876 0.0337415 0.0822651 0.0172045
 0.0959616 0.624208 0.201368 0.019874 0.0585885
 0.248654 0.1326 0.427223 0.137821 0.0537016
 0.0318447 0.38778 0.102427 0.330007 0.147941
 0.0256007 0.0606773 0.365978 0.0966677 0.451077
 0.104614 0.0451024 0.0529485 0.319361 0.477975
 0.489863 0.0973662 0.0207921 0.0244091 0.36757
 0.32141 0.447674 0.0440733 0.00941165 0.177431
 0.580825 0.2049 0.141359 0.0139168 0.0589983
 0.114483 0.652333 0.113985 0.0786372 0.0405621
 0.461281 0.111508 0.314713 0.054991 0.0575068
 0.746158 0.160816 0.0192553 0.0543448 0.0194262
 0.388015 0.523733 0.0559099 0.00669438 0.0256475
 0.545317 0.255265 0.17066 0.0182185 0.0105387
 0.184452 0.577179 0.133824 0.0894693 0.015076
 0.52614 0.148545 0.230232 0.0533811 0.0417023
pobs_pel_tallas
 0 0 0 0 0 0 0 0 0 0 0 0 0 0 0 0 0 0 0 0 0 0 0 0 0 0 0 0 0 0 0 0 0 0 0 0
 0 0 0 0 0 0 0 0 0 0 0 0 0 0 0 0 0 0 0 0 0 0 0 0 0 0 0 0 0 0 0 0 0 0 0 0
 0 0 0 0 0 0 0 0 0 0 0 0 0 0 0 0 0 0 0 0 0 0 0 0 0 0 0 0 0 0 0 0 0 0 0 0
 0 0 0 0 0 0 0 0 0 0 0 0 0 0 0 0 0 0 0 0 0 0 0 0 0 0 0 0 0 0 0 0 0 0 0 0
 0 0 0 0 0 0 0 0 0 0 0 0 0 0 0 0 0 0 0 0 0 0 0 0 0 0 0 0 0 0 0 0 0 0 0 0
 0 0 0 0 0 0 0 0 0 0 0 0 0 0 0 0 0 0 0 0 0 0 0 0 0 0 0 0 0 0 0 0 0 0 0 0
 0 0 0 0 0 0 0 0 0 0 0 0 0 0 0 0 0 0 0 0 0 0 0 0 0 0 0 0 0 0 0 0 0 0 0 0
 0 0 0 0 0 0 0 0 0 0 0 0 0 0 0 0 0 0 0 0 0 0 0 0 0 0 0 0 0 0 0 0 0 0 0 0
 0 0 0 0 0 0 0 0 0 0 0 0 0 0 0 0 0 0 0 0 0 0 0 0 0 0 0 0 0 0 0 0 0 0 0 0
 0 0 0 0 0 0 0 0 0 0 0 0 0 0 0 0 0 0 0 0 0 0 0 0 0 0 0 0 0 0 0 0 0 0 0 0
 0 0 0 0 0 0 0 0 1.78061e-05 0.00172719 0.00360574 0.0105946 0.0120993 0.0124554 0.0147524 0.0171206 0.0266825 0.0428682 0.0675386 0.121331 0.153587 0.119568 0.100827 0.0573624 0.0630603 0.0341343 0.0324427 0.0444173 0.0211091 0.0280891 0.0125444 0.00206551 0 0 0 0
 0 0 0 0 0 0 0 0 0 0 0 0 0 0 0 0 0 0 0 0 0 0 0 0 0 0 0 0 0 0 0 0 0 0 0 0
 0 0 0 0 0 0 0.0133647 0.0140871 0.0187388 0.0205184 0.03894 0.0496705 0.03968 0.0493445 0.0407372 0.0367815 0.0215668 0.0243155 0.0234873 0.0199281 0.019796 0.0243948 0.0301388 0.0376714 0.0412746 0.0863199 0.0771752 0.113111 0.0741005 0.0525337 0.0229764 0.00759418 0.00175318 0 0 0
 0 0 0 0 0 0 0 0 0 0 0.00219441 0.00772107 0.0458388 0.0604681 0.0671733 0.0775358 0.0609151 0.0617685 0.073594 0.0568108 0.0755445 0.0548602 0.0670107 0.0636378 0.0643287 0.046367 0.0373049 0.0286899 0.0247887 0.0153202 0.00654259 0.00121912 0.000365735 0 0 0
 0 0 0 0 0 0 0 0 0 0 0 0 0.000112435 0.00938835 0.0111873 0.0202946 0.0414886 0.0713402 0.111592 0.104902 0.108894 0.110636 0.117776 0.105296 0.107544 0.0401394 0.0192827 0.0124803 0.00416011 0.0028671 0.000618394 0 0 0 0 0
 0 0 0 0 0 0 0 0 0 0 0.00291406 0.0102884 0.027416 0.0768956 0.0749926 0.110853 0.0956884 0.0897413 0.0766577 0.0534642 0.0500743 0.0551293 0.0594112 0.0620874 0.0668451 0.0424026 0.0208742 0.0120726 0.0048766 0.00582813 0.00118941 0.000297354 0 0 0 0
 0 0.00264628 0.0354308 0.0461629 0.0458689 0.0383711 0.0214643 0.0164657 0.0346957 0.0420465 0.0363128 0.0245516 0.0311673 0.0291091 0.0169068 0.0133784 0.00837989 0.0085269 0.0148486 0.0160247 0.0276389 0.0546898 0.0760071 0.122758 0.109233 0.0665981 0.0333725 0.0166128 0.00676272 0.00308733 0.000882094 0 0 0 0 0
 0 0 0 0 0 0 0 0.000805153 0.000690131 0.00759144 0.0133425 0.0154129 0.00931677 0.000345066 0.00356568 0.00563607 0.00851162 0.0253048 0.0502646 0.0516448 0.0657925 0.0565908 0.0611916 0.0827007 0.0866115 0.110766 0.145733 0.0935128 0.0569358 0.0249597 0.0138026 0.00621118 0.00161031 0.00115022 0 0
 0 0 0 0 0 0 0 0 0 0 0 0 0 0 0 0 0 0 0 0 0 0 0 0 0 0 0 0 0 0 0 0 0 0 0 0
 0.00147267 0.00158595 0.00478618 0.00569244 0.00954404 0.0108468 0.00647125 0.017049 0.0510054 0.094081 0.124002 0.0959785 0.0687766 0.0820023 0.061753 0.0591476 0.0492212 0.0479892 0.0443925 0.0268479 0.0217502 0.0140895 0.0121071 0.0120363 0.00920419 0.00665534 0.0049561 0.00860946 0.00930331 0.0156896 0.0114698 0.00855282 0.00243557 0.00046729 0 2.83206e-05
 0 0 0 0 0.000772559 0.00158375 0.000888443 0.00281984 0.00712685 0.0440552 0.0773331 0.111326 0.0921469 0.0852325 0.0710754 0.0886704 0.0786465 0.0553345 0.0373146 0.0185414 0.00753245 0.00457741 0.012979 0.0271748 0.0457355 0.0583668 0.034881 0.0177882 0.00938659 0.00492506 0.0015258 0.00185414 0.000309023 5.79419e-05 3.86279e-05 0
 0 0.00173294 0.00326652 0 0.00397197 0.00683976 0.00946217 0.0152591 0.00757587 0.0136028 0.0228656 0.0392903 0.0559909 0.0764795 0.0681675 0.0726916 0.0566044 0.0477403 0.0527397 0.0444891 0.0609904 0.0582453 0.0661739 0.0445044 0.0529084 0.0360697 0.0280645 0.0235558 0.0158879 0.00826598 0.00280645 0.00217768 0.000904811 0.00058276 9.20147e-05 0
 0 0 0 0 0 0 0 0 0 0 0 0 0 0 0 0 0 0 0 0 0 0 0 0 0 0 0 0 0 0 0 0 0 0 0 0
 0 0 0 0 0 0 0 0 0 0 0 0 0 0 0 0 0 0 0 0 0 0 0 0 0 0 0 0 0 0 0 0 0 0 0 0
 0 0 0 0 0 0 0 0 0 0 0 0 0 0 0 0 0 0 0 0 0 0 0 0 0 0 0 0 0 0 0 0 0 0 0 0
 0 0 0 0 0 0 0 0 0 0 0 0 0 0 0 0 0 0 0 0 0 0 0 0 0 0 0 0 0 0 0 0 0 0 0 0
ppred_pel_tallas
 1.03321e-16 3.30555e-05 0.000194015 0.000922271 0.00355081 0.0110729 0.0279692 0.0572283 0.0948609 0.127391 0.138615 0.122241 0.0874443 0.0509125 0.0244846 0.0104068 0.00505462 0.00417101 0.0051582 0.00689654 0.0089604 0.0111242 0.0131907 0.014973 0.0163216 0.0171524 0.0174574 0.0172947 0.016762 0.0159653 0.0149929 0.0139041 0.0127313 0.011491 0.0101978 0.00887373
 1.03931e-16 8.98071e-07 5.1559e-06 2.42666e-05 9.30214e-05 0.000289725 0.000732768 0.00150604 0.00252176 0.00346327 0.00397071 0.00398288 0.00389908 0.00438981 0.00608048 0.00940443 0.0146353 0.0219176 0.0311954 0.042089 0.0538161 0.065228 0.0749783 0.0817915 0.0847562 0.0835448 0.0784889 0.0704773 0.0607223 0.0504701 0.0407525 0.0322423 0.0252301 0.0196976 0.0154363 0.012166
 1.17011e-16 2.89948e-07 1.65542e-06 7.77948e-06 2.98031e-05 9.27632e-05 0.000234331 0.000480466 0.000800633 0.00108825 0.00121884 0.00115807 0.00101265 0.00097053 0.00120559 0.00184485 0.00300323 0.00482517 0.00749328 0.0112055 0.0161362 0.02239 0.0299556 0.0386649 0.0481684 0.0579361 0.0672917 0.0754805 0.0817665 0.0855411 0.0864208 0.0843142 0.0794403 0.0722907 0.0635487 0.0539805
 1.34429e-16 4.37944e-07 2.53448e-06 1.1981e-05 4.60187e-05 0.00014337 0.000362095 0.000741353 0.001231 0.00165987 0.001824 0.00165136 0.00127611 0.000939777 0.000836643 0.00105822 0.00164692 0.00266818 0.00424141 0.0065339 0.00973925 0.0140502 0.0196254 0.0265506 0.0347961 0.0441794 0.0543414 0.0647471 0.0747188 0.0835006 0.0903507 0.0946444 0.0959695 0.0941895 0.0894704 0.0822517
 1.42407e-16 2.48333e-06 1.45439e-05 6.90778e-05 0.000265861 0.000828946 0.0020938 0.00428451 0.00710359 0.00954484 0.0103997 0.00920444 0.00665776 0.00402855 0.00223482 0.00149341 0.00160343 0.0023427 0.00364209 0.00557145 0.00827517 0.0119222 0.0166718 0.0226414 0.0298725 0.0382939 0.0476903 0.0576845 0.0677435 0.0772125 0.08538 0.0915645 0.095209 0.0959646 0.0937448 0.0887433
 1.00998e-16 4.25571e-05 0.000249809 0.00118755 0.00457224 0.0142582 0.0360149 0.0736894 0.122142 0.164012 0.178423 0.157252 0.112283 0.0649577 0.0304561 0.0115932 0.00362103 0.000993825 0.000342855 0.000266487 0.000333822 0.000443811 0.000577891 0.000732774 0.000906797 0.00109752 0.00130095 0.00151081 0.00171803 0.00191082 0.00207543 0.00219781 0.00226572 0.00227088 0.00221054 0.00208824
 1.00827e-16 1.0733e-06 6.17398e-06 2.9083e-05 0.000111526 0.000347401 0.00087859 0.00180526 0.00302091 0.00414312 0.00473554 0.00471695 0.00455388 0.00503178 0.00687429 0.0105673 0.0164009 0.0245113 0.0348043 0.0468147 0.0596198 0.0718841 0.082058 0.0886907 0.090771 0.0879799 0.080776 0.0702728 0.0579607 0.0453632 0.0337383 0.0239015 0.0161926 0.0105581 0.00669288 0.00418651
 1.04132e-16 3.06733e-05 0.000180038 0.000855841 0.00329507 0.0102754 0.0259547 0.0531058 0.0880251 0.118204 0.128601 0.113368 0.0810059 0.0469821 0.0222599 0.00890116 0.00352875 0.00220077 0.00255072 0.00362912 0.00517494 0.00714048 0.00949926 0.0121858 0.0150795 0.0180054 0.0207471 0.0230698 0.0247523 0.0256208 0.0255787 0.0246245 0.022854 0.0204445 0.0176256 0.0146425
 1.05203e-16 6.31362e-06 3.69632e-05 0.000175512 0.000675403 0.0021059 0.00532008 0.010891 0.0180733 0.0243332 0.0266411 0.0238839 0.0179358 0.0121597 0.00906288 0.00937551 0.0127063 0.0184522 0.0261288 0.0352397 0.0450816 0.054691 0.062953 0.0688158 0.0715324 0.07084 0.0670194 0.0608059 0.053191 0.0451807 0.0375908 0.0309325 0.0254008 0.020944 0.0173699 0.0144477
 1.06521e-16 2.44233e-05 0.000143336 0.000681338 0.00262316 0.00818004 0.0206621 0.0422775 0.07008 0.0941167 0.102421 0.0903505 0.0646938 0.0377945 0.0184222 0.00826935 0.00470077 0.00462138 0.00616427 0.00854974 0.0114966 0.0148472 0.0184313 0.0220463 0.025476 0.0285146 0.0309861 0.0327533 0.0337214 0.0338377 0.0330945 0.0315333 0.0292494 0.0263892 0.0231394 0.0197078
 1.04221e-16 2.29151e-05 0.000134462 0.000639106 0.00246048 0.00767269 0.0193808 0.0396575 0.0657435 0.088312 0.0961545 0.0849425 0.0610824 0.0362086 0.0186205 0.00998834 0.00791241 0.00952057 0.0130164 0.0175177 0.0224963 0.027451 0.0318418 0.0351592 0.0370319 0.0373106 0.0360975 0.0337051 0.0305654 0.027119 0.0237228 0.0205999 0.0178381 0.0154232 0.0132891 0.0113617
 1.06483e-16 4.22268e-06 2.46939e-05 0.000117196 0.000450898 0.0014058 0.00355161 0.00727199 0.0120728 0.01627 0.0178541 0.0161033 0.0123017 0.00874316 0.00716946 0.0081523 0.0115203 0.0169474 0.0241486 0.0327683 0.0422333 0.0517184 0.0602397 0.0668378 0.0707858 0.0717485 0.0698441 0.0655817 0.0597077 0.0530154 0.0461817 0.0396738 0.0337372 0.0284424 0.0237577 0.0196169
 1.13353e-16 1.08613e-05 6.37127e-05 0.000302794 0.00116566 0.00363488 0.00918148 0.0187875 0.0311464 0.041841 0.0455639 0.0402683 0.0289963 0.0172724 0.00905075 0.00516059 0.00452402 0.00586613 0.00845073 0.0119999 0.0164147 0.0215946 0.0273712 0.0335019 0.0396873 0.0455957 0.0508868 0.0552333 0.0583415 0.0599765 0.0599901 0.058347 0.055144 0.0506079 0.0450746 0.0389457
 1.19833e-16 1.41646e-06 8.24282e-06 3.90386e-05 0.000150061 0.000467719 0.00118182 0.0024214 0.00402622 0.00544496 0.00602509 0.0055523 0.00449393 0.00367357 0.00375518 0.00503563 0.00757582 0.0113763 0.0164159 0.022588 0.0296351 0.0371374 0.0445657 0.0513811 0.057144 0.0615958 0.0646826 0.0665133 0.0672741 0.067135 0.0661854 0.0644216 0.0617817 0.058208 0.0537093 0.0483972
 1.29614e-16 1.13125e-06 6.59772e-06 3.12825e-05 0.000120308 0.000375015 0.000947279 0.00193915 0.00321811 0.00433342 0.00474634 0.00426007 0.00321144 0.00220701 0.00171073 0.00188788 0.00273259 0.00424211 0.00648575 0.00958407 0.0136625 0.0188113 0.0250552 0.0323305 0.0404668 0.0491774 0.0580607 0.0666171 0.0742856 0.0804996 0.084755 0.0866796 0.0860919 0.08303 0.0777494 0.0706873
 1.34074e-16 4.57481e-06 2.68187e-05 0.000127425 0.000490497 0.00152945 0.00386325 0.00790518 0.0131058 0.0176072 0.0191774 0.016957 0.0122293 0.0073247 0.00391817 0.00237807 0.00228324 0.00314788 0.00473656 0.00703439 0.0101294 0.0141301 0.0191227 0.0251439 0.0321575 0.04003 0.048511 0.0572236 0.0656745 0.0732885 0.0794691 0.0836753 0.0855031 0.0847504 0.0814544 0.0758898
 1.18341e-16 2.13761e-05 0.000125451 0.000596321 0.00229584 0.00715933 0.0180838 0.0370019 0.0613349 0.0823714 0.0896372 0.0790684 0.0566044 0.0330455 0.0160626 0.00713123 0.00393814 0.00376859 0.00498651 0.00691574 0.00933062 0.0121336 0.0152405 0.0185627 0.0220174 0.0255338 0.0290483 0.0324875 0.0357466 0.0386753 0.0410794 0.0427432 0.0434668 0.0431084 0.0416185 0.0390587
 1.09386e-16 1.40455e-05 8.23802e-05 0.000391483 0.00150704 0.00469939 0.0118707 0.024292 0.0402782 0.0541271 0.0589923 0.0522526 0.0378779 0.0230622 0.012981 0.00876841 0.00906633 0.0121987 0.0170834 0.0230993 0.0297272 0.0363612 0.0423152 0.0469376 0.0497551 0.0505815 0.049552 0.0470669 0.0436703 0.0399044 0.0361901 0.0327655 0.0296903 0.0268972 0.0242638 0.0216773
 1.05309e-16 2.53479e-05 0.000148756 0.000707089 0.00272228 0.00848912 0.0214429 0.0438757 0.0727315 0.0976842 0.10632 0.0938311 0.0672745 0.0394792 0.0195695 0.00932683 0.0060344 0.00648033 0.00869627 0.0118014 0.0153905 0.0191573 0.0227803 0.0259385 0.0283675 0.0299078 0.0305265 0.0303028 0.0293878 0.0279547 0.0261579 0.0241126 0.0218962 0.019563 0.0171629 0.0147528
 1.06428e-16 5.03119e-06 2.94386e-05 0.000139749 0.000537724 0.00167656 0.00423556 0.00867156 0.0143932 0.0193877 0.0212505 0.0191081 0.0144716 0.0100473 0.00787108 0.00857372 0.0118966 0.017405 0.0247366 0.0334832 0.0430265 0.0524951 0.0608644 0.0671495 0.0706251 0.0709901 0.0684279 0.0635317 0.0571354 0.050103 0.0431511 0.0367496 0.031111 0.0262476 0.022059 0.0184127
 1.09081e-16 2.01318e-05 0.000118141 0.000561557 0.00216197 0.00674185 0.0170294 0.0348447 0.0577602 0.0775745 0.0844274 0.0744972 0.0533857 0.031277 0.0154146 0.00721487 0.00453282 0.00484775 0.00665117 0.00932602 0.0126565 0.016514 0.0207421 0.0251382 0.0294691 0.0334935 0.0369807 0.0397244 0.0415529 0.0423394 0.0420151 0.0405829 0.0381277 0.0348149 0.0308768 0.0265848
 1.03101e-16 3.25551e-05 0.000191074 0.000908281 0.00349694 0.0109049 0.0275448 0.0563603 0.0934232 0.125464 0.136527 0.12042 0.0861865 0.0502707 0.0243443 0.0106342 0.00558307 0.00500456 0.00633309 0.00844099 0.0108648 0.0133228 0.015557 0.0173291 0.0184638 0.0188853 0.0186304 0.0178294 0.0166646 0.0153198 0.0139402 0.0126116 0.0113625 0.0101819 0.00904307 0.00792398
 1.02393e-16 1.69532e-05 9.94432e-05 0.000472585 0.00181927 0.00567305 0.0143302 0.0293249 0.0486223 0.0653378 0.0712044 0.0630545 0.0456754 0.0277437 0.0154954 0.0102833 0.0104474 0.0139405 0.0194309 0.0261439 0.03343 0.0405395 0.0466307 0.0509105 0.0528101 0.0521203 0.0490393 0.0441102 0.0380781 0.0317118 0.0256512 0.0203172 0.0158972 0.0123886 0.00967115 0.00757847
 1.03625e-16 2.38018e-05 0.000139674 0.000663901 0.00255598 0.0079705 0.020133 0.0411959 0.0682911 0.0917263 0.0998512 0.0881588 0.0632881 0.037302 0.018792 0.00945974 0.00678371 0.00776903 0.01057 0.0143338 0.0186212 0.0230548 0.0272244 0.0307214 0.0332135 0.0345092 0.0345858 0.0335726 0.0316997 0.0292325 0.0264151 0.023439 0.020438 0.0175014 0.0146938 0.0120692
 1.05867e-16 8.07919e-06 4.73398e-05 0.000224868 0.000865479 0.00269867 0.00681722 0.0139533 0.0231456 0.0311338 0.0340112 0.0303133 0.0223821 0.0144412 0.00958784 0.00862359 0.0109196 0.015625 0.0221393 0.0299902 0.0386011 0.0471974 0.0548713 0.0607448 0.0641616 0.0648331 0.0628925 0.0588328 0.0533614 0.0472194 0.0410288 0.0352067 0.0299567 0.0253165 0.0212309 0.0176175
 1.071e-16 2.29612e-05 0.000134749 0.000640509 0.00246595 0.00768977 0.0194238 0.039744 0.0658818 0.0884825 0.0962998 0.0849752 0.0608981 0.0356844 0.0175937 0.00823613 0.00515265 0.0054464 0.00736276 0.0101511 0.0135092 0.0172332 0.0210998 0.0248607 0.028275 0.0311415 0.0333188 0.0347263 0.0353332 0.0351425 0.034182 0.0325025 0.0301846 0.0273445 0.0241332 0.0207268
pSPR Fmed_Fpbrs
0.370712   0.255738 0.255738
Fs Fmed_Fpbrs
0.64   1.005 1.005
SSBpbr Bo_Bmed_Bpbrs
4.91916e+06  1.57764e+06  1.01206e+06 1.01206e+06
Ro
29611.2
SPR SPRFo_SPRFmed_SPRFpbrs
611600 226728 156409
log_Ro
10.1159
likeval ReclasPelacesDesembMPH_pf_preclas_ppelaces_ptallas_desvR_qrecl_qpela
 471.433 48.9569 13850.7 2504.68 588.823 442.03 96.0625 0 140.49 0 0 0 0 0 0
q_reclas_q_pelaces
1 1
M
0.7
N
 208845 17604.5 8742.12 4341.21 4282.32
 4321.91 98119.8 7825.2 3885.88 3833.16
 634.412 2030.53 43614.3 3478.31 3431.12
 445.86 298.061 902.573 19386.6 3071.25
 1231.18 209.475 132.488 401.194 9982.54
 409756 578.436 93.1118 58.8912 4615.58
 8930.7 192512 257.115 41.3883 2077.81
 410878 4195.84 85571.8 114.288 941.984
 74909.1 193040 1865.05 38036.8 469.514
 337374 35193.9 85806.3 829.018 17116.1
 464861 158506 15643.7 38141 7976.61
 64133.4 218402 70455.9 6953.65 20499.3
 107927 30131.3 97079.9 31317.7 12202.9
 7953.81 50706.5 13393.4 43152.1 19344.9
 3011.58 3736.87 22539.1 5953.37 27780
 6268.68 1414.9 1661.04 10018.6 14994.5
 28303.2 2945.16 628.926 738.335 11118.4
 18235.8 13297.5 1309.13 279.558 5270.32
 46389.7 8567.6 5910.73 581.908 2466.92
 7306.13 21794.9 3808.31 2627.33 1355.21
 27123 3432.58 9687.86 1692.8 1770.24
 112936 12743 1525.78 4306.26 1539.32
 75086.7 53059.8 5664.27 678.213 2598.37
 143951 35277.4 23585.1 2517.77 1456.44
 41283.8 67631.3 15680.8 10483.6 1766.54
 131225 19396 30062.2 6970.14 5445.2
pred_Ctot
 8120.62 1336.42 663.647 329.557 325.086
 168.051 7448.63 594.04 294.991 290.99
 24.6682 154.145 3310.92 264.051 260.469
 17.3366 22.6269 68.5176 1471.71 233.15
 47.8727 15.902 10.0577 30.4561 757.811
 15932.8 43.9112 7.06846 4.47065 350.386
 347.257 14614.3 19.5186 3.14194 157.734
 15976.4 318.522 6496.07 8.67602 71.5095
 2912.73 14654.3 141.583 2887.51 35.6425
 13118.3 2671.7 6513.87 62.9338 1299.34
 18075.5 12032.7 1187.57 2895.42 605.534
 2493.74 16579.7 5348.57 527.878 1556.18
 4196.59 2287.38 7369.69 2377.44 926.365
 309.272 3849.32 1016.74 3275.83 1468.55
 117.101 283.68 1711.02 451.942 2108.88
 243.749 107.411 126.096 760.552 1138.29
 1100.53 223.578 47.7441 56.0497 844.036
 709.074 1009.46 99.3807 21.2223 400.089
 1803.8 650.398 448.705 44.1748 187.273
 284.088 1654.53 289.102 199.45 102.879
 1054.64 260.58 735.441 128.506 134.385
 4391.35 967.367 115.828 326.904 116.856
 2919.64 4027.96 429.996 51.4856 197.252
 5597.32 2678.04 1790.43 191.133 110.564
 1605.26 5134.14 1190.39 795.849 134.105
 5102.48 1472.42 2282.13 529.129 413.366
F
 0.0554016 0.110803 0.110803 0.110803 0.110803
 0.0554016 0.110803 0.110803 0.110803 0.110803
 0.0554016 0.110803 0.110803 0.110803 0.110803
 0.0554016 0.110803 0.110803 0.110803 0.110803
 0.0554016 0.110803 0.110803 0.110803 0.110803
 0.0554016 0.110803 0.110803 0.110803 0.110803
 0.0554016 0.110803 0.110803 0.110803 0.110803
 0.0554016 0.110803 0.110803 0.110803 0.110803
 0.0554016 0.110803 0.110803 0.110803 0.110803
 0.0554016 0.110803 0.110803 0.110803 0.110803
 0.0554016 0.110803 0.110803 0.110803 0.110803
 0.0554016 0.110803 0.110803 0.110803 0.110803
 0.0554016 0.110803 0.110803 0.110803 0.110803
 0.0554016 0.110803 0.110803 0.110803 0.110803
 0.0554016 0.110803 0.110803 0.110803 0.110803
 0.0554016 0.110803 0.110803 0.110803 0.110803
 0.0554016 0.110803 0.110803 0.110803 0.110803
 0.0554016 0.110803 0.110803 0.110803 0.110803
 0.0554016 0.110803 0.110803 0.110803 0.110803
 0.0554016 0.110803 0.110803 0.110803 0.110803
 0.0554016 0.110803 0.110803 0.110803 0.110803
 0.0554016 0.110803 0.110803 0.110803 0.110803
 0.0554016 0.110803 0.110803 0.110803 0.110803
 0.0554016 0.110803 0.110803 0.110803 0.110803
 0.0554016 0.110803 0.110803 0.110803 0.110803
 0.0554016 0.110803 0.110803 0.110803 0.110803
Np
 27314.7 8206.49 11206.7 1567.16 2870.48
YTP_r0W_actual
 345249 237609 511812 139174 118180
YTP_p0W_proyectada
 65476.5 642271 130566 258436 96052.4
 65476.5 85492.3 169716 30309.1 61607
CTP_r0_actual
 38361 9354.67 14498.9 3361.69 2626.21
CTP_p0_proyectada
 7984.93 29734.8 4158.16 6444.79 2158.48
 7984.93 3957.98 5404.96 755.839 1384.43
Wmedp
 8.2 21.6 31.4 40.1 44.5
nmprior
 10.8 10.6 4.6 0
nm_flota  nm_reclas  nm_pelaces    nm_pelaL
inf 1.7449 3.82693 6.54623
cv_recla  cv_pelaces  cv_mph
1.9208 0.766474 2.04315
 ------------------------------------------------
Talla a la edad & desviaci?n 
 7.2 14.2025 17.0495 18.207 18.6776
 1.08 2.13037 2.55742 2.73105 2.80164
