    unsorted:	 1.470950050e-06 0.007670033333 13.33355034 11.35475143 6.743655752 33.77205205 73.47803373 69.16787425 47.71701972 86.71877811 100.6768201 138.5790587 203.9057330 189.1526672 265.3445657 447.6457563 613.5129306 543.5305646 639.3845763 761.4497730 789.2557758 1012.612814 952.3508112 1204.607849 1248.688523 1418.317025 1639.553969 1963.222191 1978.696380 2198.309280 2398.355472 2473.593674 2691.333631 3270.112408 3822.875460 4555.318919 4602.498845 4739.659870 5512.390221 30332.49475 213143.1829 262941.7633 319407.2187 355563.2670 372588.2107 392492.6521 456481.2603 460776.6531 568553.0488 708125.0890 743857.4129 797903.3165 881063.9994 1187007.129 1144340.964 1420908.692 1540376.650 1671410.414 1831938.831 1895308.442 2598614.342 2699995.098 2830798.333 29221964.94
      sorted:	 1.470950050e-06 0.007670033333 6.743655752 11.35475143 13.33355034 33.77205205 47.71701972 69.16787425 73.47803373 86.71877811 100.6768201 138.5790587 189.1526672 203.9057330 265.3445657 447.6457563 543.5305646 613.5129306 639.3845763 761.4497730 789.2557758 952.3508112 1012.612814 1204.607849 1248.688523 1418.317025 1639.553969 1963.222191 1978.696380 2198.309280 2398.355472 2473.593674 2691.333631 3270.112408 3822.875460 4555.318919 4602.498845 4739.659870 5512.390221 30332.49475 213143.1829 262941.7633 319407.2187 355563.2670 372588.2107 392492.6521 456481.2603 460776.6531 568553.0488 708125.0890 743857.4129 797903.3165 881063.9994 1144340.964 1187007.129 1420908.692 1540376.650 1671410.414 1831938.831 1895308.442 2598614.342 2699995.098 2830798.333 29221964.94
