years
 1997 1998 1999 2000 2001 2002 2003 2004 2005 2006 2007 2008 2009 2010 2011 2012 2013 2014 2015 2016 2017 2018 2019 2020 2021
reclasobs
 0 0 0 370054 412103 1.49427e+06 250295 1.28982e+06 931140 785840 897777 1.04006e+06 184774 17550 25797 100020 73551 82996 120727 218422 84188 347160 605670 569463 516374
reclaspred
 463587 117623 250755 165050 251103 254666 554438 407170 776206 846788 701499 506664 284257 120774 97797.5 80830.4 58192.8 63456.1 87486.8 120345 184908 224323 433441 662854 821564
pelacesobs
 0 0 0 0 0 0 0 0 0 2.06254e+06 1.5e+06 0 1.87456e+06 323000 250000 174000 83755 137374 0 501740 490994 745055 786931 1.00524e+06 1.33801e+06
pelacespred
 2.04328e+06 357846 539977 524890 723461 514172 1.62214e+06 1.18865e+06 2.4459e+06 2.47236e+06 1.77102e+06 1.36484e+06 734892 263368 224551 185299 134038 153533 204766 274864 541397 555399 910993 1.68791e+06 1.95754e+06
mphobs
 0 0 0 0 0 0 112323 0 153150 637223 0 255016 313432 73983 77613 109348 50772 17779 17303 59886 28197 0 207744 136588 643089
mphpred
 174898 93723.8 96688 80774.2 93906.8 142664 176715 214188 235544 403178 409098 287415 181651 112603 61389.7 58101.9 41105.5 34329.6 26192.3 39202.2 56362 80549.3 134310 207244 330981
desembarqueobs
 350755 77701 442110 56441 14545 235359 269955 359681 431902 328805 639364 411747 362871 311530 167758 66681 60226 58785 57116 73181 50977 67692 138656 160484 209506
desembarquepred
 350757 77698.1 442081 56446.5 14545.7 235569 270026 359508 431671 328806 639381 411658 363195 311604 167515 66711.2 60319.1 58779.9 57050.7 73186.9 50975.7 67660.1 138674 160464 209500
Reclutas
 34120.4 40035.3 17805.6 26743 38563.3 25403.4 53403.1 62364.2 148828 114642 62874.8 51928.8 33665.7 29418.3 17740.3 9239.84 5041.47 8130.88 15348.8 12495.2 23638.1 47449.6 51902.2 110083 26974.2
log_desv_Rt
 0.0837224 0.243589 -0.566662 -0.1599 0.206128 -0.211289 0.531695 0.686818 1.55662 1.29564 0.694972 0.503701 0.0703056 -0.0645562 -0.570333 -1.22265 -1.82848 -1.3505 -0.715135 -0.920831 -0.283312 0.413496 0.503188 1.25506 -0.151291
SSB
 406412 217787 224675 187696 218212 331509 396086 489284 531726 916971 950626 667868 437225 185171 104604 98840.8 75738.8 60668.2 73516.9 116500 156083 216517 371757 546360 955325
BT
 1.43889e+06 339225 543180 359665 424271 482993 1.1123e+06 1.07281e+06 1.78512e+06 1.71732e+06 1.57605e+06 1.15024e+06 767771 433691 262333 160233 129602 135500 163486 212060 351640 378917 610764 1.09796e+06 1.27522e+06
Ftot
 1.20809 1.13608 2.15727 0.521753 0.0886829 0.966489 0.753112 1.54457 1.39154 0.601069 1.00963 0.885185 1.38278 3.38775 2.97705 1.04006 1.21303 1.40121 1.18372 0.852176 0.436361 0.463225 0.395015 0.375183 0.260101
BD_Bspro_t
 0.896983 0.609003 0.506119 0.303321 0.457394 0.615154 0.515751 0.532096 0.52196 0.601089 0.57295 0.416276 0.323354 0.190039 0.13351 0.15217 0.164253 0.182518 0.260079 0.413191 0.507713 0.647596 0.72535 0.739523 0.788939
BD_Bspro
 0.629898 0.337548 0.348224 0.29091 0.338207 0.513806 0.613893 0.75834 0.824122 1.42121 1.47337 1.03513 0.677655 0.286996 0.162126 0.153193 0.117387 0.0940296 0.113944 0.180563 0.241912 0.335579 0.576185 0.846803 1.48066
BD_Bo
 0.550215 0.294847 0.304172 0.254109 0.295423 0.448808 0.536234 0.662408 0.719868 1.24143 1.28699 0.904182 0.59193 0.25069 0.141617 0.133814 0.102538 0.0821346 0.0995296 0.157721 0.21131 0.293127 0.503296 0.73968 1.29335
BD_Brms
 1.43863 0.770928 0.79531 0.66441 0.772433 1.17348 1.40207 1.73198 1.88222 3.24592 3.36505 2.36414 1.5477 0.655472 0.370282 0.349879 0.268102 0.214755 0.260237 0.412388 0.552505 0.766431 1.31595 1.93402 3.38168
S_f
 0.0810142 0.626163 0.969535 0.998349 0.999913
 0.0810142 0.626163 0.969535 0.998349 0.999913
 0.0810142 0.626163 0.969535 0.998349 0.999913
 0.0810142 0.626163 0.969535 0.998349 0.999913
 0.0810142 0.626163 0.969535 0.998349 0.999913
 0.0810142 0.626163 0.969535 0.998349 0.999913
 0.0810142 0.626163 0.969535 0.998349 0.999913
 0.0810142 0.626163 0.969535 0.998349 0.999913
 0.0810142 0.626163 0.969535 0.998349 0.999913
 0.0810142 0.626163 0.969535 0.998349 0.999913
 0.0810142 0.626163 0.969535 0.998349 0.999913
 0.0810142 0.626163 0.969535 0.998349 0.999913
 0.0810142 0.626163 0.969535 0.998349 0.999913
 0.0810142 0.626163 0.969535 0.998349 0.999913
 0.0810142 0.626163 0.969535 0.998349 0.999913
 0.0810142 0.626163 0.969535 0.998349 0.999913
 0.0810142 0.626163 0.969535 0.998349 0.999913
 0.0810142 0.626163 0.969535 0.998349 0.999913
 0.0810142 0.626163 0.969535 0.998349 0.999913
 0.0810142 0.626163 0.969535 0.998349 0.999913
 0.0810142 0.626163 0.969535 0.998349 0.999913
 0.0810142 0.626163 0.969535 0.998349 0.999913
 0.0810142 0.626163 0.969535 0.998349 0.999913
 0.0810142 0.626163 0.969535 0.998349 0.999913
 0.0810142 0.626163 0.969535 0.998349 0.999913
Scru_reclas
 0.841325 1 1 1 1
 0.841325 1 1 1 1
 0.841325 1 1 1 1
 0.841325 1 1 1 1
 0.841325 1 1 1 1
 0.841325 1 1 1 1
 0.841325 1 1 1 1
 0.841325 1 1 1 1
 0.841325 1 1 1 1
 0.841325 1 1 1 1
 0.841325 1 1 1 1
 0.841325 1 1 1 1
 0.841325 1 1 1 1
 0.841325 1 1 1 1
 0.841325 1 1 1 1
 0.841325 1 1 1 1
 0.841325 1 1 1 1
 0.841325 1 1 1 1
 0.841325 1 1 1 1
 0.841325 1 1 1 1
 0.841325 1 1 1 1
 0.841325 1 1 1 1
 0.841325 1 1 1 1
 0.841325 1 1 1 1
 0.841325 1 1 1 1
Scru_pelaces
 0.998742 1 1 1 1
 0.998742 1 1 1 1
 0.998742 1 1 1 1
 0.998742 1 1 1 1
 0.998742 1 1 1 1
 0.998742 1 1 1 1
 0.998742 1 1 1 1
 0.998742 1 1 1 1
 0.998742 1 1 1 1
 0.998742 1 1 1 1
 0.998742 1 1 1 1
 0.998742 1 1 1 1
 0.998742 1 1 1 1
 0.998742 1 1 1 1
 0.998742 1 1 1 1
 0.998742 1 1 1 1
 0.998742 1 1 1 1
 0.998742 1 1 1 1
 0.998742 1 1 1 1
 0.998742 1 1 1 1
 0.998742 1 1 1 1
 0.998742 1 1 1 1
 0.998742 1 1 1 1
 0.998742 1 1 1 1
 0.998742 1 1 1 1
pf_obs 
 0.256992 0.487395 0.22802 0.0275931 0
 0.321318 0.546541 0.124235 0.00734118 0.000564706
 0.182869 0.594174 0.210203 0.0122559 0.00049798
 0.330522 0.361315 0.267642 0.0388342 0.00168674
 0.649043 0.306663 0.0425973 0.00169635 0
 0.582887 0.30429 0.105238 0.00758474 0
 0.465427 0.430635 0.0974691 0.00646863 0
 0.296916 0.608066 0.0921331 0.00288517 0
 0.311714 0.524322 0.152257 0.0117073 0
 0.15457 0.633149 0.183074 0.0267441 0.00246327
 0.131901 0.49318 0.331252 0.0422183 0.00144891
 0.196976 0.569456 0.194076 0.0375587 0.00193317
 0.518974 0.381816 0.0799577 0.0180837 0.00116848
 0.0928022 0.601141 0.25162 0.0475244 0.00691264
 0.122501 0.610282 0.24278 0.0234846 0.000952079
 0.383417 0.481906 0.127806 0.00687128 0
 0.0376549 0.599619 0.316969 0.0457579 0
 0.0361596 0.667082 0.258105 0.0386534 0
 0.158088 0.579412 0.248529 0.0139706 0
 0.0477256 0.309471 0.559284 0.082774 0.000745712
 0.0406174 0.521527 0.379366 0.0568643 0.0016247
 0.151134 0.462217 0.34131 0.0453401 0
 0.294876 0.26143 0.354403 0.0886775 0.000613685
 0.281977 0.475581 0.204845 0.0348837 0.00271318
 0.0841818 0.532909 0.334909 0.0458182 0.00218182
pf_pred 
 0.281008 0.488513 0.205718 0.0247481 1.35705e-05
 0.25763 0.592746 0.12093 0.0257483 0.00294533
 0.134224 0.673499 0.170487 0.0177781 0.00401237
 0.259331 0.492766 0.222776 0.0224571 0.00266867
 0.220562 0.550935 0.175839 0.0475017 0.00516287
 0.122315 0.568649 0.243999 0.0503894 0.0146476
 0.281544 0.399914 0.247095 0.0569528 0.0144932
 0.262877 0.580887 0.10833 0.0375097 0.010396
 0.433034 0.452614 0.101855 0.00882028 0.00367693
 0.185013 0.71651 0.0877684 0.0095943 0.00111364
 0.104846 0.55657 0.31361 0.0223515 0.00262265
 0.130356 0.456446 0.312549 0.0935412 0.00710727
 0.128728 0.523369 0.233858 0.0871916 0.0268534
 0.245028 0.501999 0.192681 0.0412641 0.0190281
 0.251735 0.676484 0.0632199 0.00668063 0.00188054
 0.156921 0.718973 0.120142 0.00352842 0.000434987
 0.111394 0.549941 0.310517 0.0272899 0.000858292
 0.26632 0.422288 0.237869 0.0676929 0.00582986
 0.367577 0.512457 0.0888002 0.0241139 0.0070521
 0.192354 0.678539 0.115499 0.0102035 0.00340333
 0.272724 0.466228 0.236288 0.0222514 0.00250881
 0.305178 0.505431 0.141537 0.0434596 0.00439452
 0.195946 0.603549 0.163827 0.0276581 0.00901984
 0.277609 0.445451 0.230412 0.0382588 0.00826971
 0.0482658 0.689545 0.189965 0.0604354 0.0117893
pobs_RECLAS
 0 0 0 0 0
 0 0 0 0 0
 0 0 0 0 0
 0 0 0 0 0
 0.835266 0.146461 0.0176864 0.000547809 3.91292e-05
 0.385257 0.428462 0.181853 0.0044286 0
 0.867414 0.0963971 0.0333333 0.00285562 0
 0.441836 0.489002 0.0689373 0.000224442 0
 0.779404 0.147425 0.0564933 0.0165055 0.000172143
 0.814271 0.122319 0.05973 0.00367925 0
 0.40263 0.566651 0.0304383 0.000280538 0
 0.475488 0.404961 0.113038 0.00651328 0
 0.955842 0.0263864 0.0167828 0.000988607 0
 0.975058 0.0227948 0.00214734 0 0
 0.738997 0.206755 0.0527124 0.00153531 0
 0.850938 0.134255 0.0134407 0.00136685 0
 0.542534 0.407297 0.0501686 0 0
 0.764087 0.199537 0.0359546 0.000420521 0
 0.470689 0.182191 0.310203 0.0369168 0
 0.84361 0.089868 0.0606195 0.00523954 0.000663233
 0.607945 0.314616 0.071237 0.00620181 0
 0.523733 0.453247 0.0230204 0 0
 0.530135 0.295979 0.169645 0.0042399 0
 0.562478 0.366248 0.0663022 0.0049721 0
 0.250443 0.683176 0.0655157 0.000865301 0
ppred_RECLAS
 0.755309 0.190073 0.048928 0.0056867 3.1125e-06
 0.721384 0.241422 0.0302564 0.00622685 0.00071099
 0.561811 0.377714 0.0538766 0.00538562 0.00121272
 0.725986 0.207797 0.0596898 0.00583475 0.000692225
 0.673528 0.257968 0.0530719 0.0139209 0.00151066
 0.522833 0.357391 0.0952263 0.0190281 0.00552148
 0.759565 0.160607 0.0623656 0.0139246 0.00353747
 0.734439 0.229233 0.0254754 0.00850127 0.00235151
 0.853227 0.12743 0.0172965 0.00144521 0.000601311
 0.612929 0.35618 0.0276247 0.0029273 0.000339215
 0.482851 0.375876 0.13117 0.00904334 0.00105923
 0.553315 0.286261 0.122303 0.0354332 0.00268753
 0.551925 0.320846 0.0865289 0.0311304 0.00956924
 0.770348 0.184757 0.0346492 0.00701872 0.00322681
 0.741646 0.245059 0.0117798 0.00118306 0.000332106
 0.574028 0.384942 0.039762 0.00112941 0.000138986
 0.504416 0.36036 0.124336 0.0105568 0.000331406
 0.754036 0.170722 0.0579601 0.0159139 0.00136791
 0.812436 0.164231 0.0174255 0.00457235 0.00133473
 0.631274 0.329651 0.0350766 0.00300022 0.000998976
 0.740429 0.191427 0.0618571 0.00565044 0.000636042
 0.763703 0.19105 0.034075 0.0101482 0.00102448
 0.638922 0.298172 0.0516848 0.0084653 0.00275623
 0.746542 0.181651 0.0600461 0.00967344 0.00208755
 0.270021 0.587771 0.103884 0.032077 0.00624733
pobs_PELACES
 0 0 0 0 0
 0 0 0 0 0
 0 0 0 0 0
 0 0 0 0 0
 0 0 0 0 0
 0 0 0 0 0
 0 0 0 0 0
 0 0 0 0 0
 0 0 0 0 0
 0 0 0 0 0
 0.450072 0.473896 0.0757376 0.000293798 0
 0 0 0 0 0
 0.463077 0.371075 0.160297 0.00555027 0
 0.529543 0.364841 0.0842815 0.0213345 0
 0.631943 0.363953 0.00410389 0 0
 0.735681 0.248677 0.0153453 0.000297389 0
 0.695825 0.281241 0.0229344 0 0
 0.275771 0.60734 0.115278 0.00161068 0
 0 0 0 0 0
 0.896147 0.0623911 0.0374545 0.00400742 0
 0.803859 0.145111 0.0509908 3.86294e-05 0
 0.739449 0.233085 0.0266225 0.000797448 4.60066e-05
 0.878498 0.100942 0.0204185 0.000141795 0
 0.694673 0.275183 0.0284847 0.00165964 0
 0.469039 0.446079 0.0841089 0.000773354 0
ppred_PELACES
 0.824218 0.140593 0.0315608 0.00362628 1.98354e-06
 0.793103 0.182259 0.0200828 0.00408867 0.000466576
 0.698204 0.268238 0.0299637 0.00293442 0.000660032
 0.77796 0.170771 0.0462381 0.00449746 0.000533427
 0.713777 0.22665 0.0461625 0.0120984 0.00131282
 0.613869 0.297068 0.0709427 0.0140461 0.00407378
 0.815376 0.126832 0.0452217 0.0100248 0.00254575
 0.815984 0.162494 0.0151591 0.0049849 0.00137776
 0.90039 0.0881922 0.0102244 0.000843067 0.000350525
 0.678002 0.297879 0.0215819 0.00227392 0.00026342
 0.578026 0.316088 0.0983815 0.00671797 0.000786453
 0.641156 0.23829 0.0920916 0.0264568 0.00200577
 0.661918 0.252753 0.0582791 0.0206931 0.00635636
 0.886617 0.0973818 0.012441 0.00244022 0.00111992
 0.855276 0.139347 0.00478035 0.000466695 0.000130809
 0.660992 0.309678 0.0284316 0.000799632 9.83505e-05
 0.609046 0.29467 0.0886138 0.00743749 0.000233337
 0.830705 0.123135 0.0356668 0.00966329 0.000830024
 0.866046 0.119188 0.0110589 0.00286931 0.000837077
 0.705243 0.266137 0.0257118 0.00218147 0.00072604
 0.787691 0.158597 0.048776 0.00443708 0.000499347
 0.808142 0.156685 0.0265169 0.0078625 0.000793547
 0.694457 0.25428 0.0421473 0.0068773 0.00223873
 0.791054 0.151561 0.0480144 0.00770758 0.00166299
 0.316391 0.553636 0.0950091 0.0292642 0.00569874
pobs_pel_tallas
 0 0 0 0 0 0 0 0 0 0 0 0 0 0 0 0 0 0 0 0 0 0 0 0 0 0 0 0 0 0 0 0 0 0 0 0
 0 0 0 0 0 0 0 0 0 0 0 0 0 0 0 0 0 0 0 0 0 0 0 0 0 0 0 0 0 0 0 0 0 0 0 0
 0 0 0 0 0 0 0 0 0 0 0 0 0 0 0 0 0 0 0 0 0 0 0 0 0 0 0 0 0 0 0 0 0 0 0 0
 0 0 0 0 0 0 0 0 0 0 0 0 0 0 0 0 0 0 0 0 0 0 0 0 0 0 0 0 0 0 0 0 0 0 0 0
 0 0 0 0 0 0 0 0 0 0 0 0 0 0 0 0 0 0 0 0 0 0 0 0 0 0 0 0 0 0 0 0 0 0 0 0
 0 0 0 0 0 0 0 0 0 0 0 0 0 0 0 0 0 0 0 0 0 0 0 0 0 0 0 0 0 0 0 0 0 0 0 0
 0 0 0 0 0 0 0 0 0 0 0 0 0 0 0 0 0 0 0 0 0 0 0 0 0 0 0 0 0 0 0 0 0 0 0 0
 0 0 0 0 0 0 0 0 0 0 0 0 0 0 0 0 0 0 0 0 0 0 0 0 0 0 0 0 0 0 0 0 0 0 0 0
 0 0 0 0 0 0 0 0 0 0 0 0 0 0 0 0 0 0 0 0 0 0 0 0 0 0 0 0 0 0 0 0 0 0 0 0
 0 0 0 0 0 0 0 0 0 0 0 0 0 0 0 0 0 0 0 0 0 0 0 0 0 0 0 0 0 0 0 0 0 0 0 0
 0 0 0 0 0 0 0 0 1.78061e-05 0.00172719 0.00360574 0.0105946 0.0120993 0.0124554 0.0147524 0.0171206 0.0266825 0.0428682 0.0675386 0.121331 0.153587 0.119568 0.100827 0.0573624 0.0630603 0.0341343 0.0324427 0.0444173 0.0211091 0.0280891 0.0125444 0.00206551 0 0 0 0
 0 0 0 0 0 0 0 0 0 0 0 0 0 0 0 0 0 0 0 0 0 0 0 0 0 0 0 0 0 0 0 0 0 0 0 0
 0 0 0 0 0 0 0.0133647 0.0140871 0.0187388 0.0205184 0.03894 0.0496705 0.03968 0.0493445 0.0407372 0.0367815 0.0215668 0.0243155 0.0234873 0.0199281 0.019796 0.0243948 0.0301388 0.0376714 0.0412746 0.0863199 0.0771752 0.113111 0.0741005 0.0525337 0.0229764 0.00759418 0.00175318 0 0 0
 0 0 0 0 0 0 0 0 0 0 0.00219441 0.00772107 0.0458388 0.0604681 0.0671733 0.0775358 0.0609151 0.0617685 0.073594 0.0568108 0.0755445 0.0548602 0.0670107 0.0636378 0.0643287 0.046367 0.0373049 0.0286899 0.0247887 0.0153202 0.00654259 0.00121912 0.000365735 0 0 0
 0 0 0 0 0 0 0 0 0 0 0 0 0.000112435 0.00938835 0.0111873 0.0202946 0.0414886 0.0713402 0.111592 0.104902 0.108894 0.110636 0.117776 0.105296 0.107544 0.0401394 0.0192827 0.0124803 0.00416011 0.0028671 0.000618394 0 0 0 0 0
 0 0 0 0 0 0 0 0 0 0 0.00291406 0.0102884 0.027416 0.0768956 0.0749926 0.110853 0.0956884 0.0897413 0.0766577 0.0534642 0.0500743 0.0551293 0.0594112 0.0620874 0.0668451 0.0424026 0.0208742 0.0120726 0.0048766 0.00582813 0.00118941 0.000297354 0 0 0 0
 0 0.00264628 0.0354308 0.0461629 0.0458689 0.0383711 0.0214643 0.0164657 0.0346957 0.0420465 0.0363128 0.0245516 0.0311673 0.0291091 0.0169068 0.0133784 0.00837989 0.0085269 0.0148486 0.0160247 0.0276389 0.0546898 0.0760071 0.122758 0.109233 0.0665981 0.0333725 0.0166128 0.00676272 0.00308733 0.000882094 0 0 0 0 0
 0 0 0 0 0 0 0 0.000805153 0.000690131 0.00759144 0.0133425 0.0154129 0.00931677 0.000345066 0.00356568 0.00563607 0.00851162 0.0253048 0.0502646 0.0516448 0.0657925 0.0565908 0.0611916 0.0827007 0.0866115 0.110766 0.145733 0.0935128 0.0569358 0.0249597 0.0138026 0.00621118 0.00161031 0.00115022 0 0
 0 0 0 0 0 0 0 0 0 0 0 0 0 0 0 0 0 0 0 0 0 0 0 0 0 0 0 0 0 0 0 0 0 0 0 0
 0.00147267 0.00158595 0.00478618 0.00569244 0.00954404 0.0108468 0.00647125 0.017049 0.0510054 0.094081 0.124002 0.0959785 0.0687766 0.0820023 0.061753 0.0591476 0.0492212 0.0479892 0.0443925 0.0268479 0.0217502 0.0140895 0.0121071 0.0120363 0.00920419 0.00665534 0.0049561 0.00860946 0.00930331 0.0156896 0.0114698 0.00855282 0.00243557 0.00046729 0 2.83206e-05
 0 0 0 0 0.000772559 0.00158375 0.000888443 0.00281984 0.00712685 0.0440552 0.0773331 0.111326 0.0921469 0.0852325 0.0710754 0.0886704 0.0786465 0.0553345 0.0373146 0.0185414 0.00753245 0.00457741 0.012979 0.0271748 0.0457355 0.0583668 0.034881 0.0177882 0.00938659 0.00492506 0.0015258 0.00185414 0.000309023 5.79419e-05 3.86279e-05 0
 0 0.00173294 0.00326652 0 0.00397197 0.00683976 0.00946217 0.0152591 0.00757587 0.0136028 0.0228656 0.0392903 0.0559909 0.0764795 0.0681675 0.0726916 0.0566044 0.0477403 0.0527397 0.0444891 0.0609904 0.0582453 0.0661739 0.0445044 0.0529084 0.0360697 0.0280645 0.0235558 0.0158879 0.00826598 0.00280645 0.00217768 0.000904811 0.00058276 9.20147e-05 0
 0 0 0 0 0 0 0 0 0 0 0 0 0 0 0 0 0 0 0 0 0 0 0 0 0 0 0 0 0 0 0 0 0 0 0 0
 0 0 0 0 0 0 0 0 0 0 0 0 0 0 0 0 0 0 0 0 0 0 0 0 0 0 0 0 0 0 0 0 0 0 0 0
 0 0 0 0 0 0 0 0 0 0 0 0 0 0 0 0 0 0 0 0 0 0 0 0 0 0 0 0 0 0 0 0 0 0 0 0
ppred_pel_tallas
 1.00619e-16 3.59582e-05 0.000211054 0.00100328 0.0038627 0.0120455 0.0304259 0.062255 0.103193 0.138581 0.150791 0.132978 0.0951247 0.0553831 0.0266305 0.0113071 0.00546336 0.00445746 0.0054466 0.00718979 0.00919601 0.0111901 0.0129318 0.0142026 0.0148428 0.0147862 0.0140738 0.0128385 0.0112687 0.00956319 0.00789107 0.00636881 0.00505578 0.00396438 0.00307729 0.00236416
 1.00507e-16 3.46031e-05 0.000203095 0.000965427 0.00371696 0.011591 0.0292779 0.0599065 0.0993015 0.133359 0.145119 0.128003 0.0916217 0.0534567 0.0259156 0.0113659 0.00602523 0.00543831 0.00686677 0.00909305 0.011598 0.0140505 0.0161436 0.0175981 0.0182151 0.0179214 0.0167869 0.0150025 0.0128308 0.0105437 0.00836895 0.00645846 0.00488217 0.00364273 0.00270005 0.00199596
 1.00645e-16 3.04685e-05 0.000178814 0.000849973 0.0032724 0.0102046 0.0257762 0.0527424 0.0874295 0.117425 0.127806 0.112793 0.080869 0.0474536 0.023511 0.0111731 0.00715714 0.00757307 0.0100112 0.0133541 0.0170453 0.0206457 0.0237123 0.025835 0.0267209 0.0262629 0.0245645 0.0219082 0.0186822 0.0152891 0.0120664 0.00923947 0.00691288 0.00509118 0.00371514 0.00269805
 1.00892e-16 3.39424e-05 0.000199217 0.000946993 0.00364598 0.0113697 0.0287189 0.0587625 0.0974051 0.130812 0.142347 0.125554 0.0898634 0.0524198 0.025393 0.0111047 0.00584529 0.0052474 0.00663112 0.00881229 0.0112954 0.013771 0.0159518 0.0175721 0.0184348 0.0184547 0.0176752 0.0162504 0.014402 0.0123656 0.0103427 0.00847427 0.00683453 0.00544342 0.00428645 0.00333402
 1.01207e-16 3.11459e-05 0.000182794 0.000868906 0.00334531 0.010432 0.0263505 0.0539171 0.0893755 0.120034 0.130636 0.115265 0.0825862 0.0483506 0.0237505 0.010947 0.00656738 0.00662559 0.00866397 0.0115672 0.014817 0.0180352 0.0208474 0.0229047 0.0239518 0.0238835 0.022767 0.0208166 0.0183351 0.0156398 0.0129994 0.0105967 0.00852232 0.00679185 0.00537445 0.00422022
 1.01777e-16 2.67924e-05 0.000157229 0.000747349 0.00287726 0.00897241 0.0226638 0.0463743 0.0768753 0.103256 0.112401 0.0992351 0.0712316 0.0419664 0.0211058 0.0105562 0.00746458 0.00843792 0.0113689 0.0152614 0.019581 0.0238675 0.0276369 0.0304314 0.0319126 0.0319366 0.0305832 0.0281242 0.0249472 0.0214608 0.0180124 0.0148406 0.012067 0.00971805 0.00776143 0.0061407
 1.01147e-16 3.55721e-05 0.000208789 0.000992508 0.00382124 0.0119162 0.0300993 0.0615868 0.102085 0.137092 0.149168 0.131542 0.0940852 0.0547535 0.0262828 0.0110837 0.00524652 0.00417964 0.00507544 0.00671679 0.00863463 0.0105779 0.0123308 0.0136944 0.0145186 0.0147319 0.0143548 0.0134876 0.0122793 0.0108904 0.00945939 0.00808424 0.00681962 0.00568552 0.00468132 0.00379837
 1.00504e-16 3.56e-05 0.00020895 0.000993265 0.00382415 0.0119253 0.0301222 0.0616339 0.102164 0.137201 0.149294 0.131671 0.0942157 0.0549068 0.0265 0.0114199 0.00576393 0.00494041 0.00613136 0.00809432 0.010318 0.0124958 0.0143525 0.0156394 0.0161803 0.0159114 0.0148964 0.0133067 0.0113774 0.00935089 0.00742959 0.00574731 0.00436439 0.00328083 0.00245876 0.00184467
 1.0022e-16 3.92774e-05 0.000230546 0.00109595 0.00421955 0.0131583 0.0332368 0.0680059 0.112724 0.151373 0.164694 0.145201 0.103784 0.0602542 0.0286532 0.0116156 0.00479563 0.00309943 0.00341662 0.00441446 0.00561247 0.00679623 0.0078071 0.00850839 0.00880345 0.00865682 0.00810225 0.00723231 0.00617432 0.00506038 0.00400129 0.00307114 0.00230438 0.00170272 0.00124695 0.000908865
 1.00494e-16 2.95888e-05 0.000173646 0.000825401 0.00317778 0.00990956 0.0250309 0.0512177 0.0849031 0.114035 0.124125 0.109565 0.0785991 0.0462114 0.0230618 0.0112362 0.00756108 0.0082679 0.0110143 0.0146963 0.0187362 0.0226545 0.0259603 0.0282002 0.0290534 0.0284083 0.0263895 0.023322 0.0196479 0.0158235 0.0122293 0.00911725 0.00660019 0.004676 0.00326901 0.00227186
 1.01768e-16 2.52303e-05 0.000148056 0.000703737 0.00270934 0.00844873 0.021341 0.0436681 0.0723903 0.0972352 0.105856 0.0934796 0.0671489 0.0396594 0.020128 0.0103685 0.00771331 0.0089826 0.0121972 0.0164085 0.0210843 0.0257435 0.0298711 0.0329752 0.0346867 0.0348406 0.0335073 0.0309619 0.027605 0.0238651 0.0201119 0.0166066 0.0134919 0.0108131 0.00855392 0.00667015
 1.02388e-16 2.79799e-05 0.000164206 0.000780531 0.00300504 0.00937088 0.0236702 0.0484332 0.0802862 0.107831 0.117365 0.103579 0.074265 0.0435838 0.021606 0.0102941 0.00664148 0.007089 0.00944239 0.0126997 0.0163774 0.0200992 0.0234778 0.0261415 0.027805 0.028329 0.027744 0.0262286 0.0240531 0.0215098 0.0188523 0.0162616 0.0138412 0.0116333 0.00964441 0.00786777
 1.01918e-16 2.88857e-05 0.000169522 0.000805805 0.00310235 0.00967433 0.0244367 0.0500016 0.0828862 0.111323 0.121166 0.106935 0.0766735 0.0450015 0.0223154 0.0106403 0.00686951 0.00732312 0.00972701 0.0130342 0.0167303 0.0204113 0.0236647 0.0261026 0.0274378 0.0275474 0.0264969 0.0245133 0.0219201 0.0190571 0.0162117 0.0135789 0.0112558 0.00926137 0.00756765 0.00612948
 1.00345e-16 3.86773e-05 0.000227022 0.0010792 0.00415502 0.0129571 0.0327285 0.066966 0.111 0.14906 0.16218 0.14299 0.102217 0.0593721 0.0282851 0.0115557 0.00490975 0.00333487 0.00376898 0.00489601 0.0062339 0.00755778 0.00869506 0.00949517 0.00985104 0.00972251 0.00914518 0.00821908 0.00708228 0.00587808 0.00472659 0.00370803 0.0028597 0.00218373 0.00166008 0.00125951
 1.00136e-16 3.73123e-05 0.000219005 0.00104107 0.00400822 0.0124993 0.0315722 0.0646004 0.10708 0.1438 0.156468 0.137979 0.0986893 0.0574326 0.0275667 0.0116179 0.00548072 0.00433098 0.00521207 0.00683175 0.00867972 0.0104744 0.0119756 0.0129704 0.0133106 0.0129473 0.0119433 0.0104557 0.00869621 0.00688252 0.00519522 0.00375272 0.00260629 0.00175163 0.00114876 0.000742444
 1.00537e-16 2.88476e-05 0.000169294 0.000804705 0.00309809 0.00966106 0.0244032 0.0499335 0.0827749 0.111178 0.121021 0.106836 0.0766659 0.0451244 0.0226115 0.0111698 0.00771423 0.00857749 0.011477 0.0153295 0.0195547 0.0236592 0.0271335 0.0295052 0.0304385 0.029814 0.0277572 0.0246015 0.0208026 0.0168322 0.0130849 0.00982342 0.0071679 0.00512028 0.00360661 0.0025199
 1.01621e-16 2.6582e-05 0.000155994 0.000741478 0.00285466 0.00890191 0.0224857 0.04601 0.0762714 0.102445 0.111518 0.0984569 0.0706749 0.0416426 0.0209509 0.0104927 0.00743907 0.00842597 0.0113652 0.0152709 0.0196151 0.0239418 0.0277694 0.0306398 0.03221 0.0323277 0.0310608 0.028668 0.0255251 0.0220328 0.0185366 0.0152798 0.0123941 0.00991991 0.0078396 0.00610968
 1.00918e-16 3.62403e-05 0.000212712 0.00101116 0.00389307 0.0121402 0.0306651 0.0627443 0.104004 0.139668 0.151969 0.134008 0.0958395 0.0557557 0.0267283 0.0112096 0.00521229 0.00405432 0.00487277 0.00642747 0.00824344 0.0100712 0.0116999 0.0129373 0.0136406 0.0137456 0.0132791 0.0123465 0.0111007 0.00970436 0.00829658 0.00697417 0.00578849 0.00475434 0.00386438 0.00310249
 1.00334e-16 3.77812e-05 0.000221759 0.00105417 0.00405866 0.0126566 0.0319695 0.0654132 0.108427 0.145607 0.158428 0.139696 0.0998918 0.0580807 0.0277812 0.0115427 0.00520001 0.00386375 0.00454223 0.00593889 0.00755982 0.00915195 0.010508 0.0114448 0.0118329 0.0116259 0.0108707 0.0096937 0.00826799 0.00677229 0.00535577 0.00411727 0.00310144 0.00230845 0.00171033 0.00126738
 1.00561e-16 3.07754e-05 0.000180615 0.000858539 0.00330538 0.0103075 0.026036 0.053274 0.0883105 0.118608 0.129092 0.113925 0.0816739 0.0479125 0.0237132 0.011227 0.00713511 0.00750614 0.00990496 0.0132038 0.016844 0.0203878 0.023395 0.0254595 0.026292 0.0257891 0.0240566 0.021379 0.0181454 0.0147584 0.011555 0.00875947 0.00647447 0.004702 0.00337979 0.00241788
 1.0092e-16 3.43662e-05 0.000201706 0.000958829 0.00369156 0.0115118 0.0290779 0.059497 0.0986222 0.132445 0.14412 0.127111 0.0909604 0.0530249 0.0256212 0.0110939 0.00568153 0.00495824 0.0062113 0.00824863 0.0105825 0.0129197 0.0149923 0.0165525 0.0174152 0.0174975 0.0168349 0.0155653 0.0138895 0.0120218 0.010147 0.00839546 0.00683806 0.00549699 0.00436371 0.00341609
 1.00735e-16 3.52578e-05 0.000206941 0.000983717 0.00378739 0.0118106 0.0298327 0.0610414 0.101182 0.135882 0.147858 0.130403 0.0933051 0.0543698 0.0262294 0.0112846 0.00567047 0.00484081 0.00600775 0.0079459 0.010156 0.0123428 0.014241 0.0156094 0.0162734 0.0161637 0.0153312 0.0139292 0.012172 0.0102834 0.00845163 0.00680371 0.00540078 0.0042503 0.00332633 0.00258929
 1.01023e-16 3.03046e-05 0.000177852 0.000845406 0.00325482 0.0101498 0.0256377 0.052459 0.0869594 0.116792 0.127115 0.112177 0.0804146 0.047161 0.0233182 0.011003 0.00694703 0.00728078 0.00961124 0.0128367 0.0164193 0.0199431 0.0229887 0.0251661 0.0261924 0.0259568 0.0245446 0.0222084 0.0193005 0.0161885 0.0131822 0.0104911 0.00821581 0.00636841 0.00490483 0.00375743
 1.01074e-16 3.45125e-05 0.000202566 0.000962919 0.00370731 0.0115609 0.0292019 0.0597508 0.0990426 0.133009 0.144732 0.127646 0.0913342 0.0532241 0.0256826 0.0110611 0.00557887 0.00478959 0.00596945 0.00792531 0.0101754 0.0124367 0.0144535 0.0159891 0.0168661 0.0170039 0.0164336 0.0152832 0.0137402 0.0120048 0.0102495 0.00859535 0.00710847 0.00580999 0.00469347 0.00374086
 1.02801e-16 1.38314e-05 8.11126e-05 0.000385432 0.0014837 0.00462658 0.0116869 0.0239168 0.0396594 0.0533055 0.0581233 0.0515455 0.0375014 0.0231038 0.0134886 0.00981945 0.0108038 0.0148183 0.0207877 0.0280375 0.0359312 0.043692 0.0504328 0.0553088 0.057703 0.0573699 0.054487 0.0495926 0.0434404 0.0368163 0.0303817 0.0245822 0.0196317 0.0155562 0.012265 0.00962072
pSPR Fmed_Fpbrs
0.533977   0.432458 0.432458
Fs Fmed_Fpbrs
0.64   1.005 1.005
SSBpbr Bo_Bmed_Bpbrs
738644  357486  282500 282500
Ro
31380.1
SPR SPRFo_SPRFmed_SPRFpbrs
645203 344524 279023
log_Ro
10.1739
likeval ReclasPelacesDesembMPH_pf_preclas_ppelaces_ptallas_desvR_qrecl_qpela
 78.2263 11.7819 0.0428712 81.2715 326.834 193.128 53.7067 0 22.9879 8.07463e-06 6.49684e-05 0 0 0 0
q_reclas_q_pelaces
0.668536 3.14791
M
0.7
N
 34120.4 10041.2 3180.53 376.15 0.206073
 40035.3 15363.9 2340.2 489.566 55.9489
 17805.6 18132.8 3745.87 386.266 87.1254
 26743 7424.18 2332.45 229.72 27.2647
 38563.3 12730.5 2659.24 698.418 75.7956
 25403.4 19012.9 5980.32 1211.74 351.883
 53403.1 11664.9 5154.84 1163.5 295.754
 62364.2 24949.5 3614.72 1233.39 341.576
 148828 27326.6 4710.06 401.518 167.243
 114642 66026.7 5677.6 606.868 70.3568
 62874.8 54223.6 22504 1574.24 184.533
 51928.8 28770.5 14309.5 4198.9 318.698
 33665.7 24002.6 8207.76 3012.31 926.963
 29418.3 14946.2 5014.41 1066.55 491.641
 17740.3 11102.4 889.732 93.2725 26.2444
 9239.84 6921.66 854.736 24.6447 3.03526
 5041.47 4217.6 1792.14 154.844 4.86561
 8130.88 2269.19 979.913 274.538 23.6242
 15348.8 3604.38 468.62 125.079 36.5458
 12495.2 6925.01 852.951 73.8571 24.6084
 23638.1 5790.99 2016.85 185.395 20.8761
 47449.6 11330.6 2188.18 656.043 66.253
 51902.2 22694.9 4209.97 693.473 225.858
 110083 24962.1 8800.4 1425.43 307.702
 26974.2 53029 9800.49 3037.53 591.711
pred_Ctot
 2300.79 3999.76 1684.34 202.628 0.11111
 2545.16 5855.83 1194.69 254.371 29.0974
 2074.09 10407.2 2634.45 274.716 62.0011
 797.956 1516.23 685.478 69.1001 8.21143
 198.621 496.128 158.347 42.7763 4.64928
 1382.14 6425.63 2757.15 569.391 165.515
 2281.21 3240.3 2002.08 461.459 117.431
 5313.5 11741.4 2189.66 758.177 210.133
 11485.4 12004.7 2701.52 233.941 97.5236
 3929.6 15218.4 1864.16 203.779 23.6532
 3568.11 18941.2 10672.8 760.668 89.2543
 2595.09 9086.82 6222.15 1862.19 141.49
 2582.49 10499.6 4691.58 1749.21 538.724
 5158.69 10568.8 4056.6 868.753 400.607
 2772.34 7450.07 696.236 73.5733 20.7102
 539.581 2472.22 413.113 12.1326 1.49572
 341.286 1684.9 951.356 83.6102 2.62962
 631.625 1001.53 564.149 160.546 13.8265
 1014.99 1415.05 245.204 66.5857 19.473
 601.849 2123.05 361.381 31.9254 10.6485
 591.674 1011.48 512.627 48.2744 5.44286
 1259.6 2086.13 584.183 179.376 18.138
 1177.77 3627.75 984.712 166.245 54.2155
 2374.29 3809.78 1970.63 327.213 70.7278
 404.987 5785.82 1593.95 507.1 98.921
F
 0.0978723 0.756461 1.17128 1.20609 1.20798
 0.0920382 0.711369 1.10146 1.1342 1.13598
 0.174769 1.3508 2.09155 2.15371 2.15708
 0.0422694 0.326702 0.505857 0.520891 0.521707
 0.00718458 0.05553 0.0859812 0.0885365 0.0886752
 0.0782993 0.60518 0.937045 0.964893 0.966405
 0.0610128 0.471571 0.730168 0.751869 0.753046
 0.125132 0.967154 1.49752 1.54202 1.54444
 0.112734 0.871331 1.34915 1.38924 1.39142
 0.0486952 0.376368 0.582758 0.600077 0.601017
 0.0817942 0.632192 0.978869 1.00796 1.00954
 0.0717126 0.554271 0.858218 0.883724 0.885108
 0.112025 0.865845 1.34065 1.38049 1.38266
 0.274456 2.12129 3.28455 3.38216 3.38746
 0.241184 1.86412 2.88636 2.97214 2.9768
 0.0842594 0.651246 1.00837 1.03834 1.03997
 0.0982728 0.759556 1.17608 1.21103 1.21293
 0.113518 0.877387 1.35852 1.3989 1.40109
 0.0958984 0.741204 1.14766 1.18177 1.18362
 0.0690384 0.533602 0.826214 0.850769 0.852102
 0.0353515 0.273234 0.423067 0.435641 0.436323
 0.0375278 0.290055 0.449113 0.46246 0.463185
 0.0320018 0.247344 0.382981 0.394363 0.394981
 0.0303952 0.234926 0.363753 0.374564 0.375151
 0.0210719 0.162866 0.252177 0.259671 0.260078
Np
 21583.7 9880.08 3471.25 4193.73 813.787
YTP_r0W_actual
 17068.9 406120 152933 60148.2 12213.6
YTP_p0W_proyectada
 9999.5 98619.7 332234 73068.1 34528
 9999.5 74290.4 51541.2 81022.6 17464.8
CTP_r0_actual
 1524.01 18460 4634.33 1463.46 285.365
CTP_p0_proyectada
 1219.45 4565.73 10580.7 1822.15 775.909
 1219.45 3439.37 1641.44 2020.51 392.467
Wmedp
 8.2 21.6 31.4 40.1 44.5
nmprior
 10.8 10.6 4.6 0
nm_flota  nm_reclas  nm_pelaces    nm_pelaL
inf 12.4601 11.5609 24.0929
cv_recla  cv_pelaces  cv_mph
0.800021 0.389206 0.37505
 ------------------------------------------------
Talla a la edad & desviaci?n 
 7.2 14.2025 17.0495 18.207 18.6776
 1.08 2.13037 2.55742 2.73105 2.80164
