years
 1997 1998 1999 2000 2001 2002 2003 2004 2005 2006 2007 2008 2009 2010 2011 2012 2013 2014 2015 2016 2017 2018 2019 2020
reclasobs
 0 0 0 370054 412103 1.49427e+06 250295 1.28982e+06 931140 785840 897777 1.04006e+06 184774 17550 25797 100020 73551 82996 120727 218422 84188 347160 605670 569463
reclaspred
 773192 185536 404942 210839 296189 273182 520118 367365 570838 931772 929409 627659 349019 134241 116302 124650 89280.7 72505.5 77733.3 113452 223771 285436 476265 572018
pelacesobs
 0 0 0 0 0 0 0 0 0 2.06254e+06 1.5e+06 0 1.87456e+06 323000 250000 174000 83755 137374 0 501740 490994 745055 786931 1.00524e+06
pelacespred
 648668 114475 145589 116909 159838 77745.1 396004 218942 448710 596498 387432 300147 189865 68187 63383.8 50351.2 35195 33092.6 37780.8 49643.4 148450 126499 160708 276059
mphobs
 0 0 0 0 0 0 112323 0 153150 637223 0 255016 313432 73983 77613 109348 50772 17779 17303 59886 28197 0 207744 136588
mphpred
 416753 220259 215558 154163 147866 210679 226851 330697 308250 557817 720483 443090 274490 130850 75432.8 78292.6 52612.3 40179 43382.4 58136.3 97845.4 184383 226570 292885
desembarqueobs
 350755 77701 442110 56441 14545 235359 269955 359681 431902 328805 639364 411747 362871 311530 167758 66681 60226 58785 57116 73181 50977 67692 138656 160484
desembarquepred
 350757 77696.3 442057 56447.8 14545.8 235619 269963 359147 431425 328656 639603 411694 362715 311433 167630 66719.1 60326.5 58782.8 57027.8 73140.5 50967.2 67651.5 138682 160463
Reclutas
 33632.5 39317.6 14735.1 16617.2 28449.6 15434.9 53416.4 44364.9 104807 128544 50697.9 52255.9 47268.8 31418.7 18760.9 8662.65 4838.73 6031.81 11007.2 9972.68 26253.1 26428.3 29564.4 67480
log_desv_Rt
 0.242977 0.399156 -0.582284 -0.462075 0.0756176 -0.535884 0.705603 0.519935 1.3796 1.58375 0.653369 0.683638 0.583336 0.174887 -0.34074 -1.11349 -1.69586 -1.47547 -0.873967 -0.972665 -0.00473068 0.00191937 0.114056 0.939317
SSB
 416753 220259 215558 154163 147866 210679 216397 323328 295948 543547 720483 443090 287608 141181 84426.3 86803.4 63945.3 47238.7 45990.6 66562 101128 184383 234716 285767
BT
 1.4364e+06 340743 494767 270889 298964 329256 911394 770223 1.19719e+06 1.37374e+06 1.25183e+06 907771 683373 397856 246564 144635 115440 107078 113782 142978 307963 288285 383775 629904
Ftot
 1.12567 1.08682 2.18721 0.631035 0.126947 1.68473 1.63934 2.56144 2.71996 1.05045 1.46868 1.45055 2.42545 4.95303 3.77158 1.20466 1.45583 1.9063 2.01391 1.59682 0.697783 0.561873 0.637737 0.742857
BD_Bspro_t
 0.900539 0.611508 0.494388 0.263691 0.365005 0.497855 0.372001 0.424676 0.371517 0.46746 0.495505 0.312648 0.231661 0.144874 0.10438 0.126203 0.13054 0.137426 0.169992 0.276472 0.393541 0.600533 0.615092 0.592739
BD_Bspro
 0.767861 0.405824 0.397163 0.284043 0.272441 0.388173 0.398709 0.595726 0.54528 1.00148 1.32748 0.816388 0.529913 0.260125 0.155554 0.159934 0.117818 0.0870367 0.0847369 0.12264 0.186328 0.339723 0.432461 0.526522
BD_Bo
 0.863504 0.456373 0.446632 0.319423 0.306376 0.436523 0.448371 0.669929 0.613199 1.12622 1.49283 0.918075 0.595918 0.292525 0.17493 0.179855 0.132493 0.0978778 0.0952916 0.137915 0.209536 0.382038 0.486327 0.592104
BD_Brms
 2.29704 1.21401 1.1881 0.849708 0.815002 1.16121 1.19273 1.7821 1.63119 2.99589 3.97113 2.4422 1.58522 0.778156 0.465337 0.478439 0.35245 0.260368 0.253488 0.366873 0.557395 1.01627 1.2937 1.57508
S_f
 0.0876041 0.645929 0.971959 0.998484 0.99992
 0.0876041 0.645929 0.971959 0.998484 0.99992
 0.0876041 0.645929 0.971959 0.998484 0.99992
 0.0876041 0.645929 0.971959 0.998484 0.99992
 0.0876041 0.645929 0.971959 0.998484 0.99992
 0.0876041 0.645929 0.971959 0.998484 0.99992
 0.0876041 0.645929 0.971959 0.998484 0.99992
 0.0876041 0.645929 0.971959 0.998484 0.99992
 0.0876041 0.645929 0.971959 0.998484 0.99992
 0.0876041 0.645929 0.971959 0.998484 0.99992
 0.0876041 0.645929 0.971959 0.998484 0.99992
 0.0876041 0.645929 0.971959 0.998484 0.99992
 0.0876041 0.645929 0.971959 0.998484 0.99992
 0.0876041 0.645929 0.971959 0.998484 0.99992
 0.0876041 0.645929 0.971959 0.998484 0.99992
 0.0876041 0.645929 0.971959 0.998484 0.99992
 0.0876041 0.645929 0.971959 0.998484 0.99992
 0.0876041 0.645929 0.971959 0.998484 0.99992
 0.0876041 0.645929 0.971959 0.998484 0.99992
 0.0876041 0.645929 0.971959 0.998484 0.99992
 0.0876041 0.645929 0.971959 0.998484 0.99992
 0.0876041 0.645929 0.971959 0.998484 0.99992
 0.0876041 0.645929 0.971959 0.998484 0.99992
 0.0876041 0.645929 0.971959 0.998484 0.99992
Scru_reclas
 0.300514 0.683757 0.915833 0.982066 0.996385
 0.300514 0.683757 0.915833 0.982066 0.996385
 0.300514 0.683757 0.915833 0.982066 0.996385
 0.300514 0.683757 0.915833 0.982066 0.996385
 0.300514 0.683757 0.915833 0.982066 0.996385
 0.300514 0.683757 0.915833 0.982066 0.996385
 0.300514 0.683757 0.915833 0.982066 0.996385
 0.300514 0.683757 0.915833 0.982066 0.996385
 0.300514 0.683757 0.915833 0.982066 0.996385
 0.300514 0.683757 0.915833 0.982066 0.996385
 0.300514 0.683757 0.915833 0.982066 0.996385
 0.300514 0.683757 0.915833 0.982066 0.996385
 0.300514 0.683757 0.915833 0.982066 0.996385
 0.300514 0.683757 0.915833 0.982066 0.996385
 0.300514 0.683757 0.915833 0.982066 0.996385
 0.300514 0.683757 0.915833 0.982066 0.996385
 0.300514 0.683757 0.915833 0.982066 0.996385
 0.300514 0.683757 0.915833 0.982066 0.996385
 0.300514 0.683757 0.915833 0.982066 0.996385
 0.300514 0.683757 0.915833 0.982066 0.996385
 0.300514 0.683757 0.915833 0.982066 0.996385
 0.300514 0.683757 0.915833 0.982066 0.996385
 0.300514 0.683757 0.915833 0.982066 0.996385
 0.300514 0.683757 0.915833 0.982066 0.996385
Scru_pelaces
 1 1 1 1 1
 1 1 1 1 1
 1 1 1 1 1
 1 1 1 1 1
 1 1 1 1 1
 1 1 1 1 1
 1 1 1 1 1
 1 1 1 1 1
 1 1 1 1 1
 1 1 1 1 1
 1 1 1 1 1
 1 1 1 1 1
 1 1 1 1 1
 1 1 1 1 1
 1 1 1 1 1
 1 1 1 1 1
 1 1 1 1 1
 1 1 1 1 1
 1 1 1 1 1
 1 1 1 1 1
 1 1 1 1 1
 1 1 1 1 1
 1 1 1 1 1
 1 1 1 1 1
pf_obs 
 0.256992 0.487395 0.22802 0.0275931 0
 0.321318 0.546541 0.124235 0.00734118 0.000564706
 0.182869 0.594174 0.210203 0.0122559 0.00049798
 0.330522 0.361315 0.267642 0.0388342 0.00168674
 0.649043 0.306663 0.0425973 0.00169635 0
 0.582887 0.30429 0.105238 0.00758474 0
 0.465427 0.430635 0.0974691 0.00646863 0
 0.296916 0.608066 0.0921331 0.00288517 0
 0.311714 0.524322 0.152257 0.0117073 0
 0.15457 0.633149 0.183074 0.0267441 0.00246327
 0.131901 0.49318 0.331252 0.0422183 0.00144891
 0.196976 0.569456 0.194076 0.0375587 0.00193317
 0.518974 0.381816 0.0799577 0.0180837 0.00116848
 0.0928022 0.601141 0.25162 0.0475244 0.00691264
 0.122501 0.610282 0.24278 0.0234846 0.000952079
 0.383417 0.481906 0.127806 0.00687128 0
 0.0376549 0.599619 0.316969 0.0457579 0
 0.0361596 0.667082 0.258105 0.0386534 0
 0.158088 0.579412 0.248529 0.0139706 0
 0.0477256 0.309471 0.559284 0.082774 0.000745712
 0.0406174 0.521527 0.379366 0.0568643 0.0016247
 0.151134 0.462217 0.34131 0.0453401 0
 0.294876 0.26143 0.354403 0.0886775 0.000613685
 0.281977 0.475581 0.204845 0.0348837 0.00271318
pf_pred 
 0.279276 0.490252 0.205715 0.0247459 1.09554e-05
 0.262361 0.580437 0.125662 0.0282864 0.00325353
 0.121957 0.681158 0.17205 0.020029 0.00480536
 0.218301 0.504066 0.248086 0.0260349 0.00351167
 0.2533 0.496902 0.187714 0.055685 0.00639771
 0.132209 0.609361 0.194571 0.0483235 0.0155356
 0.506882 0.322363 0.142787 0.0213518 0.00661682
 0.292988 0.659053 0.0384435 0.0080296 0.00148618
 0.550721 0.391213 0.0565593 0.00122623 0.000281078
 0.339812 0.628 0.0305626 0.00158686 3.90313e-05
 0.11741 0.7164 0.16169 0.00428215 0.000217995
 0.204883 0.462824 0.298169 0.0332466 0.000878179
 0.263216 0.565725 0.126461 0.0402272 0.00437014
 0.317213 0.593528 0.0801306 0.00687544 0.00225242
 0.330444 0.641588 0.0272205 0.000679545 6.75135e-05
 0.175174 0.759177 0.0648976 0.000733028 1.81086e-05
 0.133355 0.568288 0.285395 0.012821 0.000141584
 0.273929 0.468886 0.204289 0.0507094 0.00218639
 0.434209 0.4784 0.0704979 0.0135857 0.00330757
 0.276145 0.657204 0.0618375 0.00393065 0.000883199
 0.433877 0.445215 0.115297 0.00522641 0.000385082
 0.2206 0.660464 0.102494 0.0157056 0.000736423
 0.197044 0.528055 0.247879 0.0233974 0.00362468
 0.338951 0.431938 0.174849 0.0491002 0.00516104
pobs_RECLAS
 0 0 0 0 0
 0 0 0 0 0
 0 0 0 0 0
 0 0 0 0 0
 0.835266 0.146461 0.0176864 0.000547809 3.91292e-05
 0.385257 0.428462 0.181853 0.0044286 0
 0.867414 0.0963971 0.0333333 0.00285562 0
 0.441836 0.489002 0.0689373 0.000224442 0
 0.779404 0.147425 0.0564933 0.0165055 0.000172143
 0.814271 0.122319 0.05973 0.00367925 0
 0.40263 0.566651 0.0304383 0.000280538 0
 0.475488 0.404961 0.113038 0.00651328 0
 0.955842 0.0263864 0.0167828 0.000988607 0
 0.975058 0.0227948 0.00214734 0 0
 0.738997 0.206755 0.0527124 0.00153531 0
 0.850938 0.134255 0.0134407 0.00136685 0
 0.542534 0.407297 0.0501686 0 0
 0.764087 0.199537 0.0359546 0.000420521 0
 0.470689 0.182191 0.310203 0.0369168 0
 0.84361 0.089868 0.0606195 0.00523954 0.000663233
 0.607945 0.314616 0.071237 0.00620181 0
 0.523733 0.453247 0.0230204 0 0
 0.530135 0.295979 0.169645 0.0042399 0
 0.562478 0.366248 0.0663022 0.0049721 0
ppred_RECLAS
 0.582487 0.298044 0.106186 0.0132764 5.9534e-06
 0.556534 0.359835 0.0663068 0.0155168 0.00180778
 0.353983 0.526894 0.103658 0.012443 0.00302248
 0.493008 0.341946 0.1468 0.0160522 0.00219336
 0.533421 0.321503 0.107814 0.0333769 0.00388498
 0.365522 0.470362 0.122394 0.0314751 0.0102473
 0.796202 0.141917 0.0514181 0.00796414 0.00249938
 0.621865 0.358464 0.0156762 0.00336449 0.000630358
 0.834435 0.14923 0.0158991 0.000353647 8.20502e-05
 0.638922 0.345923 0.0143611 0.000775355 1.93173e-05
 0.325958 0.565232 0.105756 0.00290466 0.000149758
 0.493206 0.317083 0.169575 0.0196117 0.00052464
 0.59226 0.331023 0.0562736 0.0184178 0.00202551
 0.728063 0.251078 0.0187205 0.00160669 0.000532026
 0.694478 0.297111 0.00818319 0.000207233 2.08265e-05
 0.425878 0.535024 0.0386335 0.00045334 1.13432e-05
 0.364789 0.442238 0.18429 0.00858681 9.60357e-05
 0.596814 0.279671 0.0974264 0.0249968 0.00109132
 0.745101 0.222498 0.0259608 0.00516651 0.0012736
 0.579622 0.387991 0.0299638 0.00197344 0.00044906
 0.724746 0.222586 0.050125 0.00236685 0.000176658
 0.488854 0.441218 0.0599053 0.00956744 0.000454458
 0.460495 0.370561 0.151685 0.014918 0.00234116
 0.642128 0.244298 0.085807 0.0250949 0.00267207
pobs_PELACES
 0 0 0 0 0
 0 0 0 0 0
 0 0 0 0 0
 0 0 0 0 0
 0 0 0 0 0
 0 0 0 0 0
 0 0 0 0 0
 0 0 0 0 0
 0 0 0 0 0
 0 0 0 0 0
 0.450072 0.473896 0.0757376 0.000293798 0
 0 0 0 0 0
 0.463077 0.371075 0.160297 0.00555027 0
 0.529543 0.364841 0.0842815 0.0213345 0
 0.631943 0.363953 0.00410389 0 0
 0.735681 0.248677 0.0153453 0.000297389 0
 0.695825 0.281241 0.0229344 0 0
 0.275771 0.60734 0.115278 0.00161068 0
 0 0 0 0 0
 0.896147 0.0623911 0.0374545 0.00400742 0
 0.803859 0.145111 0.0509908 3.86294e-05 0
 0.739449 0.233085 0.0266225 0.000797448 4.60066e-05
 0.878498 0.100942 0.0204185 0.000141795 0
 0.694673 0.275183 0.0284847 0.00165964 0
ppred_PELACES
 0.812477 0.148489 0.0349922 0.00403999 1.78462e-06
 0.788688 0.183449 0.0224529 0.00485358 0.000557052
 0.668956 0.292473 0.0339509 0.00372851 0.000891739
 0.734214 0.199249 0.0596712 0.00605129 0.000814719
 0.744476 0.192651 0.0475787 0.0137208 0.00157401
 0.665419 0.275911 0.0447159 0.0105667 0.00338804
 0.931535 0.0539506 0.0122339 0.00174193 0.000538394
 0.859949 0.135901 0.00336837 0.000659229 0.000121588
 0.951913 0.0453293 0.00269085 5.45032e-05 1.24476e-05
 0.832093 0.163159 0.00451673 0.00022533 5.53046e-06
 0.605094 0.351828 0.0419631 0.00106109 5.38837e-05
 0.770269 0.166602 0.0569084 0.00606027 0.000159681
 0.849208 0.133427 0.013045 0.00389793 0.000422031
 0.940697 0.057243 0.00187018 0.000143332 4.66702e-05
 0.913102 0.0856939 0.00117438 2.6834e-05 2.65326e-06
 0.683333 0.302197 0.0143112 0.000154965 3.81955e-06
 0.657656 0.267968 0.0712838 0.00305817 3.36881e-05
 0.845164 0.122511 0.0259547 0.00610736 0.000262568
 0.910457 0.082449 0.0057831 0.00105453 0.000255973
 0.812581 0.178128 0.0086493 0.000523856 0.000117403
 0.878673 0.104296 0.0162669 0.000711941 5.23573e-05
 0.715774 0.256008 0.0244285 0.00362048 0.000169458
 0.707393 0.222448 0.0634742 0.00578919 0.000895201
 0.839143 0.122365 0.0296233 0.00802691 0.000842113
pobs_pel_tallas
 0 0 0 0 0 0 0 0 0 0 0 0 0 0 0 0 0 0 0 0 0 0 0 0 0 0 0 0 0 0 0 0 0 0 0 0
 0 0 0 0 0 0 0 0 0 0 0 0 0 0 0 0 0 0 0 0 0 0 0 0 0 0 0 0 0 0 0 0 0 0 0 0
 0 0 0 0 0 0 0 0 0 0 0 0 0 0 0 0 0 0 0 0 0 0 0 0 0 0 0 0 0 0 0 0 0 0 0 0
 0 0 0 0 0 0 0 0 0 0 0 0 0 0 0 0 0 0 0 0 0 0 0 0 0 0 0 0 0 0 0 0 0 0 0 0
 0 0 0 0 0 0 0 0 0 0 0 0 0 0 0 0 0 0 0 0 0 0 0 0 0 0 0 0 0 0 0 0 0 0 0 0
 0 0 0 0 0 0 0 0 0 0 0 0 0 0 0 0 0 0 0 0 0 0 0 0 0 0 0 0 0 0 0 0 0 0 0 0
 0 0 0 0 0 0 0 0 0 0 0 0 0 0 0 0 0 0 0 0 0 0 0 0 0 0 0 0 0 0 0 0 0 0 0 0
 0 0 0 0 0 0 0 0 0 0 0 0 0 0 0 0 0 0 0 0 0 0 0 0 0 0 0 0 0 0 0 0 0 0 0 0
 0 0 0 0 0 0 0 0 0 0 0 0 0 0 0 0 0 0 0 0 0 0 0 0 0 0 0 0 0 0 0 0 0 0 0 0
 0 0 0 0 0 0 0 0 0 0 0 0 0 0 0 0 0 0 0 0 0 0 0 0 0 0 0 0 0 0 0 0 0 0 0 0
 0 0 0 0 0 0 0 0 1.78061e-05 0.00172719 0.00360574 0.0105946 0.0120993 0.0124554 0.0147524 0.0171206 0.0266825 0.0428682 0.0675386 0.121331 0.153587 0.119568 0.100827 0.0573624 0.0630603 0.0341343 0.0324427 0.0444173 0.0211091 0.0280891 0.0125444 0.00206551 0 0 0 0
 0 0 0 0 0 0 0 0 0 0 0 0 0 0 0 0 0 0 0 0 0 0 0 0 0 0 0 0 0 0 0 0 0 0 0 0
 0 0 0 0 0 0 0.0133647 0.0140871 0.0187388 0.0205184 0.03894 0.0496705 0.03968 0.0493445 0.0407372 0.0367815 0.0215668 0.0243155 0.0234873 0.0199281 0.019796 0.0243948 0.0301388 0.0376714 0.0412746 0.0863199 0.0771752 0.113111 0.0741005 0.0525337 0.0229764 0.00759418 0.00175318 0 0 0
 0 0 0 0 0 0 0 0 0 0 0.00219441 0.00772107 0.0458388 0.0604681 0.0671733 0.0775358 0.0609151 0.0617685 0.073594 0.0568108 0.0755445 0.0548602 0.0670107 0.0636378 0.0643287 0.046367 0.0373049 0.0286899 0.0247887 0.0153202 0.00654259 0.00121912 0.000365735 0 0 0
 0 0 0 0 0 0 0 0 0 0 0 0 0.000112435 0.00938835 0.0111873 0.0202946 0.0414886 0.0713402 0.111592 0.104902 0.108894 0.110636 0.117776 0.105296 0.107544 0.0401394 0.0192827 0.0124803 0.00416011 0.0028671 0.000618394 0 0 0 0 0
 0 0 0 0 0 0 0 0 0 0 0.00291406 0.0102884 0.027416 0.0768956 0.0749926 0.110853 0.0956884 0.0897413 0.0766577 0.0534642 0.0500743 0.0551293 0.0594112 0.0620874 0.0668451 0.0424026 0.0208742 0.0120726 0.0048766 0.00582813 0.00118941 0.000297354 0 0 0 0
 0 0.00264628 0.0354308 0.0461629 0.0458689 0.0383711 0.0214643 0.0164657 0.0346957 0.0420465 0.0363128 0.0245516 0.0311673 0.0291091 0.0169068 0.0133784 0.00837989 0.0085269 0.0148486 0.0160247 0.0276389 0.0546898 0.0760071 0.122758 0.109233 0.0665981 0.0333725 0.0166128 0.00676272 0.00308733 0.000882094 0 0 0 0 0
 0 0 0 0 0 0 0 0.000805153 0.000690131 0.00759144 0.0133425 0.0154129 0.00931677 0.000345066 0.00356568 0.00563607 0.00851162 0.0253048 0.0502646 0.0516448 0.0657925 0.0565908 0.0611916 0.0827007 0.0866115 0.110766 0.145733 0.0935128 0.0569358 0.0249597 0.0138026 0.00621118 0.00161031 0.00115022 0 0
 0 0 0 0 0 0 0 0 0 0 0 0 0 0 0 0 0 0 0 0 0 0 0 0 0 0 0 0 0 0 0 0 0 0 0 0
 0.00147267 0.00158595 0.00478618 0.00569244 0.00954404 0.0108468 0.00647125 0.017049 0.0510054 0.094081 0.124002 0.0959785 0.0687766 0.0820023 0.061753 0.0591476 0.0492212 0.0479892 0.0443925 0.0268479 0.0217502 0.0140895 0.0121071 0.0120363 0.00920419 0.00665534 0.0049561 0.00860946 0.00930331 0.0156896 0.0114698 0.00855282 0.00243557 0.00046729 0 2.83206e-05
 0 0 0 0 0.000772559 0.00158375 0.000888443 0.00281984 0.00712685 0.0440552 0.0773331 0.111326 0.0921469 0.0852325 0.0710754 0.0886704 0.0786465 0.0553345 0.0373146 0.0185414 0.00753245 0.00457741 0.012979 0.0271748 0.0457355 0.0583668 0.034881 0.0177882 0.00938659 0.00492506 0.0015258 0.00185414 0.000309023 5.79419e-05 3.86279e-05 0
 0 0.00173294 0.00326652 0 0.00397197 0.00683976 0.00946217 0.0152591 0.00757587 0.0136028 0.0228656 0.0392903 0.0559909 0.0764795 0.0681675 0.0726916 0.0566044 0.0477403 0.0527397 0.0444891 0.0609904 0.0582453 0.0661739 0.0445044 0.0529084 0.0360697 0.0280645 0.0235558 0.0158879 0.00826598 0.00280645 0.00217768 0.000904811 0.00058276 9.20147e-05 0
 0 0 0 0 0 0 0 0 0 0 0 0 0 0 0 0 0 0 0 0 0 0 0 0 0 0 0 0 0 0 0 0 0 0 0 0
 0 0 0 0 0 0 0 0 0 0 0 0 0 0 0 0 0 0 0 0 0 0 0 0 0 0 0 0 0 0 0 0 0 0 0 0
ppred_pel_tallas
 1.00685e-16 3.54465e-05 0.00020805 0.00098899 0.00380769 0.0118739 0.0299926 0.0613685 0.101724 0.136609 0.148647 0.131094 0.0937897 0.0546317 0.0263177 0.0112579 0.00556365 0.00466289 0.00575409 0.00761051 0.00973971 0.0118575 0.0137112 0.0150701 0.0157649 0.0157246 0.014991 0.013703 0.012058 0.0102647 0.00850068 0.00688889 0.00549246 0.00432553 0.00337123 0.00259909
 1.00572e-16 3.44106e-05 0.000201965 0.000960054 0.00369627 0.0115265 0.029115 0.0595731 0.0987489 0.132617 0.144313 0.127293 0.0911166 0.0531684 0.0257879 0.0113306 0.00603667 0.00547672 0.00692831 0.00918043 0.0117155 0.0142017 0.0163306 0.017821 0.0184716 0.0182074 0.0170967 0.0153291 0.0131664 0.0108802 0.00869815 0.0067724 0.0051738 0.00390629 0.00293155 0.00219339
 1.00748e-16 2.91942e-05 0.00017133 0.000814389 0.00313538 0.00977735 0.024697 0.0505343 0.0837703 0.112514 0.122469 0.108103 0.077551 0.0455961 0.0227568 0.0110921 0.00747205 0.00818075 0.0109102 0.0145753 0.0186107 0.0225479 0.0259054 0.0282364 0.0292211 0.0287419 0.0269102 0.0240327 0.020531 0.0168427 0.0133346 0.010252 0.00770901 0.00571124 0.00419528 0.003068
 1.01159e-16 3.2036e-05 0.000188022 0.000893766 0.00344104 0.0107305 0.0271045 0.0554597 0.0919315 0.123464 0.134361 0.118533 0.0848877 0.0496171 0.0242222 0.0109124 0.00620504 0.00599225 0.00774814 0.0103423 0.0132751 0.0162047 0.0187997 0.0207495 0.0218224 0.0219153 0.0210738 0.019472 0.0173632 0.0150173 0.0126666 0.0104743 0.00852882 0.0068567 0.00544602 0.00426775
 1.01284e-16 3.24832e-05 0.000190648 0.000906252 0.00348911 0.0108805 0.0274832 0.0562345 0.0932155 0.125188 0.136234 0.12018 0.086054 0.0502728 0.0244937 0.0109518 0.00611095 0.00580168 0.00746134 0.00994642 0.012758 0.0155623 0.0180395 0.0198919 0.020899 0.020966 0.0201417 0.0185989 0.0165848 0.0143604 0.0121477 0.0100991 0.00829254 0.00674611 0.00544112 0.00434436
 1.01247e-16 2.90393e-05 0.000170422 0.000810076 0.00311878 0.00972559 0.0245662 0.0502667 0.0833263 0.111916 0.121816 0.107519 0.0771159 0.0453083 0.0225545 0.0108975 0.00722015 0.00782512 0.0104207 0.0139388 0.0178357 0.0216697 0.0249885 0.0273695 0.0285063 0.0282788 0.0267789 0.0242794 0.0211605 0.0178188 0.0145875 0.0116911 0.00923676 0.00723591 0.00564042 0.00437765
 1.00277e-16 4.06341e-05 0.000238514 0.00113384 0.00436544 0.0136133 0.0343859 0.0703569 0.116619 0.156602 0.170374 0.150187 0.107302 0.0622054 0.029409 0.0116233 0.00433717 0.00227048 0.00220639 0.00278342 0.00354044 0.00430771 0.00498136 0.00547594 0.00572996 0.00571783 0.00545492 0.00499167 0.00439978 0.00375469 0.00312056 0.00254144 0.00203965 0.00161978 0.00127529 0.000994905
 1.00121e-16 3.7516e-05 0.000220201 0.00104676 0.00403012 0.0125676 0.0317447 0.0649533 0.107665 0.144585 0.157321 0.138729 0.0992202 0.0577307 0.0276894 0.0116345 0.00543608 0.00424219 0.00507983 0.00665129 0.00844716 0.01019 0.011645 0.0126047 0.012925 0.0125591 0.011569 0.010109 0.00838668 0.00661495 0.00497034 0.00356824 0.00245815 0.00163501 0.0010588 0.000674564
 1.00056e-16 4.15223e-05 0.00024373 0.00115864 0.00446091 0.013911 0.035138 0.0718955 0.119169 0.160025 0.174096 0.153462 0.109628 0.0635258 0.0299805 0.0117563 0.00423762 0.00202403 0.00182592 0.00225362 0.0028425 0.00343066 0.00392696 0.00426012 0.00438126 0.00427379 0.00395726 0.00348184 0.00291553 0.00232844 0.00177897 0.00130567 0.000925682 0.000638341 0.000431585 0.000288404
 1.00126e-16 3.63024e-05 0.000213073 0.00101287 0.00389963 0.0121607 0.0307168 0.0628504 0.104181 0.139908 0.15224 0.134266 0.0960673 0.055975 0.0269948 0.0115966 0.00579754 0.00491191 0.0060627 0.00798021 0.0101417 0.0122349 0.0139817 0.0151333 0.0155169 0.0150757 0.0138844 0.012128 0.0100558 0.00792377 0.00594411 0.00425584 0.00291889 0.00192763 0.00123429 0.000773044
 1.0075e-16 2.64119e-05 0.00015499 0.000736695 0.00283622 0.00884441 0.0223405 0.0457134 0.0757813 0.101791 0.110819 0.0978695 0.0703179 0.0415617 0.0211481 0.0109782 0.00825882 0.00965478 0.0130791 0.0175134 0.0223651 0.0270909 0.0311146 0.0338986 0.0350578 0.0344507 0.032212 0.0287119 0.0244598 0.0199848 0.0157312 0.0119972 0.00892233 0.00651509 0.00469956 0.00336289
 1.01078e-16 3.36069e-05 0.000197248 0.000937631 0.00360994 0.0112573 0.0284349 0.0581816 0.0964421 0.129518 0.140939 0.124312 0.0889732 0.0518982 0.0251364 0.0109866 0.00577665 0.00518382 0.00655748 0.00872924 0.0112136 0.0137097 0.0159376 0.0176362 0.0186089 0.0187651 0.0181371 0.0168639 0.0151509 0.0132183 0.0112574 0.00940416 0.00773451 0.00627537 0.00502285 0.00395934
 1.00383e-16 3.70475e-05 0.00021745 0.00103368 0.00397978 0.0124106 0.0313482 0.064142 0.10632 0.142779 0.155356 0.136997 0.0979822 0.0570122 0.0273486 0.0114987 0.00538552 0.00421982 0.00506846 0.00665333 0.00847507 0.0102631 0.0117877 0.0128441 0.0132872 0.0130643 0.0122275 0.0109175 0.00932712 0.00765595 0.00607056 0.0046815 0.00353903 0.00264386 0.00196542 0.00146008
 1.00053e-16 4.10337e-05 0.00024086 0.00114499 0.00440837 0.0137472 0.0347241 0.0710489 0.117766 0.158142 0.17205 0.151666 0.10836 0.0628217 0.0297058 0.0117494 0.00439611 0.00231273 0.00224796 0.00282275 0.00356599 0.00430035 0.00491575 0.00532314 0.00546149 0.00531074 0.00489678 0.00428424 0.00356027 0.00281435 0.00212078 0.00152821 0.00105773 0.000707501 0.000461023 0.000295491
 1.00046e-16 3.98316e-05 0.0002338 0.00111142 0.00427911 0.0133441 0.0337059 0.0689658 0.114315 0.153509 0.167017 0.147246 0.105239 0.0610869 0.0290255 0.0117247 0.00477438 0.00300587 0.00326267 0.00419246 0.00530919 0.00639889 0.00730621 0.00789942 0.00808793 0.00784277 0.00720406 0.00627014 0.00517306 0.00404809 0.00300728 0.00212375 0.00142861 0.000918145 0.000566252 0.000337235
 1.00308e-16 2.98214e-05 0.000175012 0.000831891 0.00320277 0.00998749 0.0252278 0.0516205 0.0855708 0.114932 0.125102 0.110427 0.0792189 0.0465778 0.0232482 0.0113323 0.00763105 0.00834526 0.011112 0.0148156 0.0188695 0.0227862 0.0260671 0.028253 0.0290214 0.0282641 0.0261145 0.0229102 0.0191082 0.0151783 0.0115117 0.0083658 0.0058536 0.00396854 0.0026271 0.00171254
 1.01206e-16 2.87006e-05 0.000168434 0.000800626 0.0030824 0.00961213 0.0242796 0.0496802 0.082354 0.11061 0.120394 0.106263 0.0762125 0.0447729 0.02228 0.0107533 0.00711288 0.00770716 0.0102758 0.0137697 0.01766 0.0215186 0.0249047 0.0274024 0.0287033 0.0286752 0.0273889 0.0250897 0.0221305 0.0188851 0.0156745 0.0127228 0.0101485 0.00798289 0.00620148 0.00475462
 1.00631e-16 3.68708e-05 0.000216414 0.00102876 0.00396082 0.0123515 0.0311988 0.0638363 0.105813 0.142098 0.154612 0.136336 0.0974993 0.0567104 0.0271651 0.011356 0.00522318 0.00400007 0.0047709 0.00627181 0.00801895 0.00975977 0.0112829 0.0123984 0.0129674 0.0129328 0.0123302 0.0112751 0.00993073 0.00846876 0.00703465 0.0057278 0.004598 0.00365457 0.00288164 0.00225283
 1.00158e-16 3.97162e-05 0.000233123 0.0011082 0.00426671 0.0133054 0.0336083 0.068766 0.113983 0.153064 0.166532 0.146817 0.10493 0.0609016 0.0289269 0.0116669 0.00472377 0.00294404 0.00318162 0.0040908 0.00519112 0.00627437 0.00719085 0.00781318 0.0080524 0.00787762 0.0073233 0.00647922 0.00546753 0.00441414 0.00342399 0.00256639 0.00187221 0.00134061 0.000950552 0.000672391
 1.00205e-16 3.54522e-05 0.000208081 0.000989131 0.00380822 0.0118756 0.0299968 0.0613774 0.101739 0.136632 0.148679 0.131136 0.0938519 0.0547321 0.0264852 0.0115318 0.00599085 0.00529263 0.0066283 0.0087506 0.0111322 0.0134431 0.0153815 0.0166757 0.0171353 0.0166964 0.0154372 0.0135563 0.0113224 0.00901192 0.0068549 0.00500265 0.00352165 0.00240804 0.00161284 0.00106766
 1.00292e-16 3.83312e-05 0.000224989 0.00106953 0.00411781 0.0128411 0.0324354 0.0663663 0.110006 0.147726 0.160731 0.141717 0.101317 0.0588694 0.0280834 0.0115391 0.00500402 0.00351337 0.00403285 0.00525514 0.00669539 0.00812002 0.00934502 0.0102085 0.0105946 0.010459 0.00983834 0.00883881 0.00760779 0.00629911 0.00504263 0.00392629 0.00299258 0.00224635 0.00166839 0.00122888
 1.00563e-16 3.12342e-05 0.00018331 0.00087135 0.00335471 0.0104613 0.0264246 0.0540689 0.0896278 0.120376 0.131013 0.115612 0.082866 0.0485766 0.0239765 0.0112425 0.00700032 0.0072556 0.00953692 0.0127058 0.0162082 0.0196196 0.0225159 0.0245063 0.0253129 0.0248358 0.0231768 0.0206091 0.0175065 0.0142556 0.01118 0.00849481 0.00629836 0.00459238 0.00331707 0.00238622
 1.01215e-16 3.08675e-05 0.00018116 0.000861136 0.00331539 0.0103387 0.0261149 0.0534349 0.0885762 0.118961 0.129467 0.114234 0.0818469 0.047917 0.0235365 0.0108478 0.00650912 0.00657225 0.00860443 0.0115044 0.014763 0.01801 0.0208769 0.0230181 0.0241757 0.0242369 0.0232554 0.0214291 0.0190441 0.0164046 0.0137721 0.0113297 0.00917508 0.00733632 0.0057972 0.00452205
 1.00776e-16 3.66082e-05 0.000214872 0.00102143 0.0039326 0.0122635 0.0309765 0.0633815 0.10506 0.141086 0.153511 0.135366 0.0968073 0.0563113 0.0269807 0.0112907 0.00521182 0.00401244 0.00479888 0.00631736 0.00808821 0.00986082 0.0114248 0.0125901 0.0132167 0.0132449 0.0127064 0.0117121 0.01042 0.00899701 0.00758499 0.00628136 0.00513588 0.00415975 0.0033405 0.00265614
pSPR Fmed_Fpbrs
0.528094   0.425921 0.425921
Fs Fmed_Fpbrs
0.64   1.005 1.005
SSBpbr Bo_Bmed_Bpbrs
482630  230743  181431 181431
Ro
26377.6
SPR SPRFo_SPRFmed_SPRFpbrs
542745 286621 231166
log_Ro
10.0003
likeval ReclasPelacesDesembMPH_pf_preclas_ppelaces_ptallas_desvR_qrecl_qpela
 80.7819 174.18 0.0607998 120.236 328.049 183.467 53.0784 0 22.9485 2.45446e-05 0 0 0 0 0
q_reclas_q_pelaces
2.01786 1
M
0.7
N
 33632.5 10356 3309.46 391.677 0.173252
 39317.6 15133 2485.47 550.287 63.239
 14735.1 17751.3 3724.27 429.179 102.914
 16617.2 6041.32 2146.15 220.688 29.7347
 28449.6 7808.07 1995.75 577.145 66.2187
 15434.9 13971.4 3572.12 876.017 281.445
 53416.4 6613.03 2336.83 344.96 106.828
 44364.9 22977.3 1138.99 235.845 43.6323
 104807 17602.8 2181.46 46.9122 10.7487
 128544 41011 1508.56 77.0195 1.89272
 50697.9 58221 10332.8 269.865 13.7281
 52255.9 22136.3 11196.3 1231 32.4916
 47268.8 22852.9 4307.11 1357.58 147.412
 31418.7 18979.7 2368.87 202.469 66.3161
 18760.9 10109.7 384.452 9.54506 0.948039
 8662.65 6695.05 439.254 4.88416 0.120557
 4838.73 3870.9 1526.9 67.6398 0.746399
 6031.81 2115.13 750.603 184.193 7.93688
 11007.2 2534.63 306.597 58.4418 14.22
 9972.68 4581.93 342.735 21.501 4.82781
 26253.1 4305.79 811.141 36.0502 2.65339
 26428.3 12263.8 1362.39 204.43 9.57483
 29564.4 12493.5 4236.45 391.851 60.6392
 67480 13883.5 4109.41 1131.87 118.851
pred_Ctot
 2284.32 4009.97 1682.63 202.407 0.0896085
 2582.1 5712.54 1236.74 278.389 32.0206
 1868.31 10434.9 2635.71 306.833 73.6153
 644.768 1488.79 732.74 76.896 10.3719
 226.422 444.174 167.795 49.7761 5.71882
 1536.14 7080.19 2260.73 561.473 180.509
 5181.84 3295.5 1459.71 218.279 67.6435
 6496.42 14613.2 852.408 178.04 32.9531
 16201.2 11508.8 1663.87 36.0734 8.26882
 8170.64 15100 734.864 38.1554 0.938491
 4434.62 27058.7 6107.1 161.738 8.23377
 4517.57 10205 6574.48 733.072 19.3634
 6587.37 14158.1 3164.88 1006.75 109.369
 8154.19 15257.1 2059.81 176.738 57.9
 3868.99 7511.99 318.709 7.95641 0.790477
 627.769 2720.65 232.573 2.62694 0.0648954
 419.752 1788.76 898.317 40.3558 0.445653
 673.62 1153.04 502.368 124.7 5.37655
 1293.42 1425.05 209.999 40.469 9.85256
 943.854 2246.3 211.359 13.4348 3.01875
 1123.52 1152.88 298.561 13.5338 0.997169
 915.483 2740.9 425.345 65.1778 3.05613
 1159.02 3106.03 1458.03 137.624 21.3204
 3069.1 3911.07 1583.21 444.588 46.7316
F
 0.0986129 0.7271 1.0941 1.12396 1.12558
 0.0952098 0.702008 1.05634 1.08517 1.08673
 0.191609 1.41278 2.12588 2.1839 2.18704
 0.0552813 0.407604 0.61334 0.630079 0.630985
 0.0111211 0.081999 0.123388 0.126755 0.126937
 0.147589 1.08822 1.63749 1.68217 1.68459
 0.143613 1.0589 1.59337 1.63686 1.63921
 0.224393 1.65451 2.48962 2.55756 2.56124
 0.23828 1.7569 2.64369 2.71584 2.71974
 0.0920233 0.678513 1.02099 1.04885 1.05036
 0.128663 0.948666 1.4275 1.46646 1.46857
 0.127074 0.936954 1.40988 1.44835 1.45044
 0.212479 1.56667 2.35743 2.42177 2.42525
 0.433906 3.19931 4.81414 4.94552 4.95264
 0.330406 2.43617 3.66582 3.76586 3.77128
 0.105533 0.778126 1.17088 1.20284 1.20457
 0.127537 0.940366 1.41501 1.45363 1.45572
 0.167 1.23133 1.85284 1.90341 1.90615
 0.176427 1.30084 1.95744 2.01086 2.01375
 0.139888 1.03144 1.55205 1.5944 1.5967
 0.0611287 0.450718 0.678216 0.696725 0.697727
 0.0492224 0.36293 0.546117 0.561021 0.561828
 0.0558684 0.411933 0.619854 0.63677 0.637686
 0.0650773 0.479833 0.722026 0.74173 0.742797
Np
 19421.5 8831.6 8146.56 797.759 213.27
YTP_r0W_actual
 32886.3 93991.9 53523.9 19633.5 2522.03
YTP_p0W_proyectada
 9701.64 241656 63455.6 19153.3 7102.75
 9701.64 67972.1 121154 15414 4577.03
CTP_r0_actual
 4110.78 4946.94 1946.32 545.374 57.3188
CTP_p0_proyectada
 1183.13 11187.8 2020.88 477.638 159.612
 1183.13 3146.86 3858.42 384.388 102.855
Wmedp
 8.2 21.6 31.4 40.1 44.5
nmprior
 10.8 10.6 4.6 0
nm_flota  nm_reclas  nm_pelaces    nm_pelaL
inf 15.3892 8.89917 13.7791
cv_recla  cv_pelaces  cv_mph
0.832116 1.55297 0.465215
 ------------------------------------------------
Talla a la edad & desviaci?n 
 7.2 14.2025 17.0495 18.207 18.6776
 1.08 2.13037 2.55742 2.73105 2.80164
