years
 1997 1998 1999 2000 2001 2002 2003 2004 2005 2006 2007 2008 2009 2010 2011 2012 2013 2014 2015 2016 2017 2018 2019 2020 2021 2022 2023
reclasobs
 0 0 0 370054 412103 1.49427e+06 250295 1.28982e+06 931140 785840 897777 1.04006e+06 184774 17550 25797 100020 73551 82996 120727 218422 84188 347160 605670 569463 516374 1.08416e+06 1.01767e+06
reclaspred
 1.12992e+06 222680 518254 240932 253480 223825 384000 269547 529689 822995 783440 500176 286110 137393 114288 100702 67551.5 56601.6 64644.5 97735.3 199027 243231 384666 426974 467588 265232 211130
pelacesobs
 0 0 0 0 0 0 0 0 0 2.06254e+06 1.5e+06 0 1.87456e+06 323000 250000 174000 83755 137374 0 501740 490994 745055 786931 1.00524e+06 1.33801e+06 1.41789e+06 0
pelacespred
 642598 223647 170349 167352 153730 89165.3 194253 135289 287846 462488 372810 249443 136869 50385.6 46118.7 46269.8 31084.5 24089.5 27852.4 41167.9 111109 131308 163697 211790 217566 129591 88045.8
mphobs
 0 0 0 0 0 0 112323 0 153150 637223 0 255016 313432 73983 77613 109348 50772 17779 17303 59886 28197 0 207744 136588 643089 65757 70829
mphpred
 802198 420117 342078 275740 207103 244576 240176 296090 320302 633651 828603 520212 308109 158278 87599.1 86522.6 58913.3 45074.3 44588.3 65292.5 113404 219516 266945 342772 394019 258664 149346
desembarqueobs
 350755 77701 442110 56441 14545 235359 269955 359681 431902 328805 639364 411747 362871 311530 167758 66681 60226 58785 57116 73181 50977 67692 138656 160484 209506 203330 245020
desembarquepred
 350755 77698.4 442089 56444.3 14545.5 235645 269864 359448 431520 328647 639477 411573 362725 311220 167598 66715.7 60307.9 58778.3 57057.6 73149.7 50955.7 67657.9 138646 160398 209628 203382 244986
Reclutas
 39059 40580.2 18329.9 16776.1 26828.4 17812 44329.9 48316 122431 139938 53229.5 47357.2 47217.6 37689.7 22902.3 9088.68 5229.7 5864.22 13051.6 11907.5 31348.6 28942.6 37208.6 52624.6 11082.2 12778.7 52855.4
log_desv_Rt
 0.364358 0.402565 -0.392179 -0.48076 -0.0112529 -0.42084 0.490944 0.577048 1.50683 1.64049 0.673898 0.557005 0.554052 0.328673 -0.169477 -1.09369 -1.64636 -1.53185 -0.731802 -0.823545 0.144456 0.0646012 0.315826 0.662468 -0.895379 -0.752933 0.666846
SSB
 802198 420117 342078 275740 207103 244576 231216 290769 311921 620451 828603 520212 319252 166253 94466.3 94798.8 69450.7 51227.8 46576.8 72788.9 116567 219516 275365 335683 431005 301736 159631
BT
 2.00434e+06 559067 667527 405675 357357 364383 807764 720919 1.30181e+06 1.5013e+06 1.36216e+06 942907 687272 407328 265363 153194 121008 106499 118981 156785 358628 331593 451225 616544 587076 442014 438412
Ftot
 0.298649 0.334955 0.784586 0.226441 0.0560677 0.949475 0.662036 1.19611 0.767011 0.383217 0.753727 0.76101 1.13351 1.86251 1.30209 0.620305 0.820641 0.946521 0.821079 0.69932 0.247906 0.268212 0.345487 0.360255 0.426108 0.709963 1.0594
BD_Bspro_t
 0.957261 0.751473 0.614752 0.382515 0.441752 0.541239 0.386038 0.403936 0.388506 0.490272 0.520586 0.338252 0.244823 0.165494 0.110845 0.126914 0.12984 0.135508 0.159044 0.272922 0.396173 0.609856 0.626831 0.606878 0.595871 0.44243 0.309468
BD_Bspro
 1.4315 0.749685 0.610427 0.49205 0.369568 0.436437 0.412598 0.518869 0.556612 1.10718 1.47862 0.928302 0.569694 0.296674 0.168572 0.169165 0.123933 0.0914143 0.0831149 0.12989 0.208009 0.391719 0.491381 0.599015 0.769116 0.538439 0.284856
BD_Bo
 0.883806 0.462856 0.376878 0.303792 0.228172 0.269457 0.254738 0.32035 0.343653 0.683571 0.912898 0.573134 0.35173 0.183167 0.104076 0.104443 0.076516 0.0564392 0.0513152 0.0801938 0.128425 0.241848 0.303379 0.369832 0.474852 0.332432 0.17587
BD_Brms
 4.30595 2.25506 1.83617 1.48009 1.11166 1.31281 1.2411 1.56076 1.67429 3.33039 4.44769 2.79234 1.71364 0.892397 0.507066 0.508851 0.37279 0.274975 0.25001 0.390708 0.625693 1.17829 1.47808 1.80184 2.3135 1.61963 0.856848
S_f
 0.5 1 1 1 1
 0.5 1 1 1 1
 0.5 1 1 1 1
 0.5 1 1 1 1
 0.5 1 1 1 1
 0.5 1 1 1 1
 0.5 1 1 1 1
 0.5 1 1 1 1
 0.5 1 1 1 1
 0.5 1 1 1 1
 0.5 1 1 1 1
 0.5 1 1 1 1
 0.5 1 1 1 1
 0.5 1 1 1 1
 0.5 1 1 1 1
 0.5 1 1 1 1
 0.5 1 1 1 1
 0.5 1 1 1 1
 0.5 1 1 1 1
 0.5 1 1 1 1
 0.5 1 1 1 1
 0.5 1 1 1 1
 0.5 1 1 1 1
 0.5 1 1 1 1
 0.5 1 1 1 1
 0.5 1 1 1 1
 0.5 1 1 1 1
Scru_reclas
 0.5 1 1 1 1
 0.5 1 1 1 1
 0.5 1 1 1 1
 0.5 1 1 1 1
 0.5 1 1 1 1
 0.5 1 1 1 1
 0.5 1 1 1 1
 0.5 1 1 1 1
 0.5 1 1 1 1
 0.5 1 1 1 1
 0.5 1 1 1 1
 0.5 1 1 1 1
 0.5 1 1 1 1
 0.5 1 1 1 1
 0.5 1 1 1 1
 0.5 1 1 1 1
 0.5 1 1 1 1
 0.5 1 1 1 1
 0.5 1 1 1 1
 0.5 1 1 1 1
 0.5 1 1 1 1
 0.5 1 1 1 1
 0.5 1 1 1 1
 0.5 1 1 1 1
 0.5 1 1 1 1
 0.5 1 1 1 1
 0.5 1 1 1 1
Scru_pelaces
 0.5 1 1 1 1
 0.5 1 1 1 1
 0.5 1 1 1 1
 0.5 1 1 1 1
 0.5 1 1 1 1
 0.5 1 1 1 1
 0.5 1 1 1 1
 0.5 1 1 1 1
 0.5 1 1 1 1
 0.5 1 1 1 1
 0.5 1 1 1 1
 0.5 1 1 1 1
 0.5 1 1 1 1
 0.5 1 1 1 1
 0.5 1 1 1 1
 0.5 1 1 1 1
 0.5 1 1 1 1
 0.5 1 1 1 1
 0.5 1 1 1 1
 0.5 1 1 1 1
 0.5 1 1 1 1
 0.5 1 1 1 1
 0.5 1 1 1 1
 0.5 1 1 1 1
 0.5 1 1 1 1
 0.5 1 1 1 1
 0.5 1 1 1 1
pf_obs 
 0.256992 0.487395 0.22802 0.0275931 0
 0.321318 0.546541 0.124235 0.00734118 0.000564706
 0.182869 0.594174 0.210203 0.0122559 0.00049798
 0.330522 0.361315 0.267642 0.0388342 0.00168674
 0.649043 0.306663 0.0425973 0.00169635 0
 0.582887 0.30429 0.105238 0.00758474 0
 0.465427 0.430635 0.0974691 0.00646863 0
 0.296916 0.608066 0.0921331 0.00288517 0
 0.311714 0.524322 0.152257 0.0117073 0
 0.15457 0.633149 0.183074 0.0267441 0.00246327
 0.131901 0.49318 0.331252 0.0422183 0.00144891
 0.196976 0.569456 0.194076 0.0375587 0.00193317
 0.518974 0.381816 0.0799577 0.0180837 0.00116848
 0.0928022 0.601141 0.25162 0.0475244 0.00691264
 0.122501 0.610282 0.24278 0.0234846 0.000952079
 0.383417 0.481906 0.127806 0.00687128 0
 0.0376549 0.599619 0.316969 0.0457579 0
 0.0361596 0.667082 0.258105 0.0386534 0
 0.158088 0.579412 0.248529 0.0139706 0
 0.0477256 0.309471 0.559284 0.082774 0.000745712
 0.0406174 0.521527 0.379366 0.0568643 0.0016247
 0.151134 0.462217 0.34131 0.0453401 0
 0.294876 0.26143 0.354403 0.0886775 0.000613685
 0.281977 0.475581 0.204845 0.0348837 0.00271318
 0.0841818 0.532909 0.334909 0.0458182 0.00218182
 0.115287 0.27431 0.454777 0.147771 0.00785563
 0 0 0 0 0
pf_pred 
 0.425342 0.403086 0.153183 0.0183857 3.64479e-06
 0.445889 0.342073 0.148731 0.0565213 0.0067853
 0.286488 0.456204 0.158845 0.0690647 0.0293971
 0.419401 0.292878 0.183962 0.0640537 0.0397043
 0.525436 0.287824 0.0941996 0.0591686 0.0333721
 0.363739 0.440459 0.118754 0.0388661 0.0381816
 0.735702 0.15984 0.0723119 0.0194964 0.0126492
 0.624619 0.327159 0.0291632 0.0131935 0.00586504
 0.817439 0.151321 0.0272275 0.00242707 0.00158612
 0.627011 0.342633 0.0251615 0.00452737 0.000667313
 0.298525 0.554044 0.135433 0.00994561 0.0020533
 0.439578 0.289446 0.214024 0.0523168 0.00463511
 0.546732 0.300826 0.0787327 0.0582169 0.0154916
 0.600349 0.309562 0.0597907 0.0156485 0.0146499
 0.625625 0.317383 0.0441449 0.00852641 0.00432069
 0.420331 0.483825 0.0812536 0.0113016 0.003289
 0.371118 0.399709 0.191282 0.0321238 0.00576844
 0.551648 0.269992 0.113363 0.0542502 0.0107468
 0.76428 0.180774 0.0330874 0.0138926 0.00796535
 0.58714 0.368554 0.033979 0.00621924 0.0041085
 0.755216 0.19048 0.048477 0.00446936 0.00135844
 0.49187 0.441486 0.0518592 0.0131981 0.00158665
 0.518515 0.325712 0.135343 0.015898 0.00453244
 0.562477 0.308088 0.0875589 0.0363832 0.00549219
 0.17044 0.614321 0.151563 0.0430745 0.0206005
 0.344609 0.208121 0.331221 0.0817177 0.0343313
 0.804204 0.110716 0.0270175 0.0429978 0.015065
pobs_RECLAS
 0 0 0 0 0
 0 0 0 0 0
 0 0 0 0 0
 0 0 0 0 0
 0.835266 0.146461 0.0176864 0.000547809 3.91292e-05
 0.385257 0.428462 0.181853 0.0044286 0
 0.867414 0.0963971 0.0333333 0.00285562 0
 0.441836 0.489002 0.0689373 0.000224442 0
 0.779404 0.147425 0.0564933 0.0165055 0.000172143
 0.814271 0.122319 0.05973 0.00367925 0
 0.40263 0.566651 0.0304383 0.000280538 0
 0.475488 0.404961 0.113038 0.00651328 0
 0.955842 0.0263864 0.0167828 0.000988607 0
 0.975058 0.0227948 0.00214734 0 0
 0.738997 0.206755 0.0527124 0.00153531 0
 0.850938 0.134255 0.0134407 0.00136685 0
 0.542534 0.407297 0.0501686 0 0
 0.764087 0.199537 0.0359546 0.000420521 0
 0.470689 0.182191 0.310203 0.0369168 0
 0.84361 0.089868 0.0606195 0.00523954 0.000663233
 0.607945 0.314616 0.071237 0.00620181 0
 0.523733 0.453247 0.0230204 0 0
 0.530135 0.295979 0.169645 0.0042399 0
 0.562478 0.366248 0.0663022 0.0049721 0
 0.250443 0.683176 0.0655157 0.000865301 0
 0.195077 0.31981 0.436473 0.0351445 0.0134964
 0.565238 0.351407 0.0832357 0.000118908 0
ppred_RECLAS
 0.428115 0.401141 0.152443 0.018297 3.6272e-06
 0.449123 0.340077 0.147863 0.0561914 0.00674571
 0.294937 0.450802 0.156965 0.0682469 0.029049
 0.421376 0.291882 0.183337 0.0638358 0.0395692
 0.525864 0.287564 0.0941146 0.0591151 0.033342
 0.376337 0.431737 0.116403 0.0380966 0.0374256
 0.741922 0.156079 0.0706103 0.0190376 0.0123516
 0.642334 0.31172 0.0277869 0.0125709 0.00558826
 0.823284 0.146475 0.0263556 0.00234936 0.00153534
 0.630632 0.339307 0.0249173 0.00448342 0.000660834
 0.30669 0.547594 0.133856 0.00982984 0.0020294
 0.449264 0.284444 0.210325 0.0514126 0.004555
 0.564104 0.289297 0.0757153 0.0559857 0.0148979
 0.636088 0.281879 0.0544439 0.0142491 0.0133398
 0.645732 0.300337 0.041774 0.00806848 0.00408863
 0.427522 0.477823 0.0802456 0.0111614 0.0032482
 0.381374 0.393189 0.188162 0.0315999 0.00567435
 0.564915 0.262003 0.110009 0.0526449 0.0104288
 0.772069 0.174801 0.0319941 0.0134335 0.00770216
 0.59555 0.361046 0.0332869 0.00609255 0.00402481
 0.756882 0.189183 0.048147 0.00443894 0.00134919
 0.494353 0.439328 0.0516057 0.0131336 0.0015789
 0.521909 0.323416 0.134389 0.015786 0.0045005
 0.566003 0.305606 0.0868534 0.0360901 0.00544793
 0.172971 0.612447 0.151101 0.0429431 0.0205377
 0.352682 0.205557 0.327141 0.0807111 0.0339084
 0.814021 0.105164 0.0256628 0.0408419 0.0143097
pobs_PELACES
 0 0 0 0 0
 0 0 0 0 0
 0 0 0 0 0
 0 0 0 0 0
 0 0 0 0 0
 0 0 0 0 0
 0 0 0 0 0
 0 0 0 0 0
 0 0 0 0 0
 0 0 0 0 0
 0.450072 0.473896 0.0757376 0.000293798 0
 0 0 0 0 0
 0.463077 0.371075 0.160297 0.00555027 0
 0.529543 0.364841 0.0842815 0.0213345 0
 0.631943 0.363953 0.00410389 0 0
 0.735681 0.248677 0.0153453 0.000297389 0
 0.695825 0.281241 0.0229344 0 0
 0.275771 0.60734 0.115278 0.00161068 0
 0 0 0 0 0
 0.896147 0.0623911 0.0374545 0.00400742 0
 0.803859 0.145111 0.0509908 3.86294e-05 0
 0.739449 0.233085 0.0266225 0.000797448 4.60066e-05
 0.878498 0.100942 0.0204185 0.000141795 0
 0.694673 0.275183 0.0284847 0.00165964 0
 0.469039 0.446079 0.0841089 0.000773354 0
 0.822795 0.102175 0.0682046 0.00682512 0
 0 0 0 0 0
ppred_PELACES
 0.44022 0.39265 0.149217 0.0179097 3.55043e-06
 0.462832 0.331614 0.144183 0.0547931 0.00657784
 0.322552 0.433146 0.150817 0.0655739 0.0279112
 0.430512 0.287274 0.180442 0.062828 0.0389445
 0.52817 0.286166 0.0936569 0.0588276 0.0331798
 0.413756 0.405834 0.109419 0.0358108 0.0351802
 0.762279 0.143767 0.0650404 0.0175359 0.0113773
 0.686297 0.273404 0.0243714 0.0110257 0.00490137
 0.84095 0.131832 0.0237209 0.0021145 0.00138185
 0.645235 0.325892 0.0239322 0.00430616 0.000634708
 0.33375 0.526222 0.128632 0.00944619 0.00195019
 0.48049 0.268316 0.198399 0.0484976 0.00429673
 0.609417 0.259223 0.0678443 0.0501657 0.0133492
 0.703858 0.229386 0.044305 0.0115956 0.0108556
 0.693211 0.260086 0.0361754 0.00698714 0.00354067
 0.452737 0.456777 0.0767112 0.0106698 0.00310513
 0.413792 0.372585 0.178302 0.029944 0.00537701
 0.602839 0.239165 0.10042 0.0480561 0.00951976
 0.795029 0.157193 0.0287713 0.0120804 0.00692631
 0.62301 0.336533 0.0310268 0.00567889 0.00375154
 0.764329 0.183388 0.0466721 0.00430296 0.00130786
 0.505417 0.429716 0.0504766 0.0128463 0.00154435
 0.536112 0.313808 0.130396 0.015317 0.0043668
 0.580543 0.295367 0.0839436 0.034881 0.00526541
 0.183261 0.604827 0.149221 0.0424088 0.0202822
 0.379864 0.196926 0.313404 0.077322 0.0324846
 0.839047 0.091013 0.0222095 0.0353461 0.0123841
pobs_pel_tallas
 0 0 0 0 0 0 0 0 0 0 0 0 0 0 0 0 0 0 0 0 0 0 0 0 0 0 0 0 0 0 0 0 0 0 0 0
 0 0 0 0 0 0 0 0 0 0 0 0 0 0 0 0 0 0 0 0 0 0 0 0 0 0 0 0 0 0 0 0 0 0 0 0
 0 0 0 0 0 0 0 0 0 0 0 0 0 0 0 0 0 0 0 0 0 0 0 0 0 0 0 0 0 0 0 0 0 0 0 0
 0 0 0 0 0 0 0 0 0 0 0 0 0 0 0 0 0 0 0 0 0 0 0 0 0 0 0 0 0 0 0 0 0 0 0 0
 0 0 0 0 0 0 0 0 0 0 0 0 0 0 0 0 0 0 0 0 0 0 0 0 0 0 0 0 0 0 0 0 0 0 0 0
 0 0 0 0 0 0 0 0 0 0 0 0 0 0 0 0 0 0 0 0 0 0 0 0 0 0 0 0 0 0 0 0 0 0 0 0
 0 0 0 0 0 0 0 0 0 0 0 0 0 0 0 0 0 0 0 0 0 0 0 0 0 0 0 0 0 0 0 0 0 0 0 0
 0 0 0 0 0 0 0 0 0 0 0 0 0 0 0 0 0 0 0 0 0 0 0 0 0 0 0 0 0 0 0 0 0 0 0 0
 0 0 0 0 0 0 0 0 0 0 0 0 0 0 0 0 0 0 0 0 0 0 0 0 0 0 0 0 0 0 0 0 0 0 0 0
 0 0 0 0 0 0 0 0 0 0 0 0 0 0 0 0 0 0 0 0 0 0 0 0 0 0 0 0 0 0 0 0 0 0 0 0
 0 0 0 0 0 0 0 0 1.78061e-05 0.00172719 0.00360574 0.0105946 0.0120993 0.0124554 0.0147524 0.0171206 0.0266825 0.0428682 0.0675386 0.121331 0.153587 0.119568 0.100827 0.0573624 0.0630603 0.0341343 0.0324427 0.0444173 0.0211091 0.0280891 0.0125444 0.00206551 0 0 0 0
 0 0 0 0 0 0 0 0 0 0 0 0 0 0 0 0 0 0 0 0 0 0 0 0 0 0 0 0 0 0 0 0 0 0 0 0
 0 0 0 0 0 0 0.0133647 0.0140871 0.0187388 0.0205184 0.03894 0.0496705 0.03968 0.0493445 0.0407372 0.0367815 0.0215668 0.0243155 0.0234873 0.0199281 0.019796 0.0243948 0.0301388 0.0376714 0.0412746 0.0863199 0.0771752 0.113111 0.0741005 0.0525337 0.0229764 0.00759418 0.00175318 0 0 0
 0 0 0 0 0 0 0 0 0 0 0.00219441 0.00772107 0.0458388 0.0604681 0.0671733 0.0775358 0.0609151 0.0617685 0.073594 0.0568108 0.0755445 0.0548602 0.0670107 0.0636378 0.0643287 0.046367 0.0373049 0.0286899 0.0247887 0.0153202 0.00654259 0.00121912 0.000365735 0 0 0
 0 0 0 0 0 0 0 0 0 0 0 0 0.000112435 0.00938835 0.0111873 0.0202946 0.0414886 0.0713402 0.111592 0.104902 0.108894 0.110636 0.117776 0.105296 0.107544 0.0401394 0.0192827 0.0124803 0.00416011 0.0028671 0.000618394 0 0 0 0 0
 0 0 0 0 0 0 0 0 0 0 0.00291406 0.0102884 0.027416 0.0768956 0.0749926 0.110853 0.0956884 0.0897413 0.0766577 0.0534642 0.0500743 0.0551293 0.0594112 0.0620874 0.0668451 0.0424026 0.0208742 0.0120726 0.0048766 0.00582813 0.00118941 0.000297354 0 0 0 0
 0 0.00264628 0.0354308 0.0461629 0.0458689 0.0383711 0.0214643 0.0164657 0.0346957 0.0420465 0.0363128 0.0245516 0.0311673 0.0291091 0.0169068 0.0133784 0.00837989 0.0085269 0.0148486 0.0160247 0.0276389 0.0546898 0.0760071 0.122758 0.109233 0.0665981 0.0333725 0.0166128 0.00676272 0.00308733 0.000882094 0 0 0 0 0
 0 0 0 0 0 0 0 0.000805153 0.000690131 0.00759144 0.0133425 0.0154129 0.00931677 0.000345066 0.00356568 0.00563607 0.00851162 0.0253048 0.0502646 0.0516448 0.0657925 0.0565908 0.0611916 0.0827007 0.0866115 0.110766 0.145733 0.0935128 0.0569358 0.0249597 0.0138026 0.00621118 0.00161031 0.00115022 0 0
 0 0 0 0 0 0 0 0 0 0 0 0 0 0 0 0 0 0 0 0 0 0 0 0 0 0 0 0 0 0 0 0 0 0 0 0
 0.00147267 0.00158595 0.00478618 0.00569244 0.00954404 0.0108468 0.00647125 0.017049 0.0510054 0.094081 0.124002 0.0959785 0.0687766 0.0820023 0.061753 0.0591476 0.0492212 0.0479892 0.0443925 0.0268479 0.0217502 0.0140895 0.0121071 0.0120363 0.00920419 0.00665534 0.0049561 0.00860946 0.00930331 0.0156896 0.0114698 0.00855282 0.00243557 0.00046729 0 2.83206e-05
 0 0 0 0 0.000772559 0.00158375 0.000888443 0.00281984 0.00712685 0.0440552 0.0773331 0.111326 0.0921469 0.0852325 0.0710754 0.0886704 0.0786465 0.0553345 0.0373146 0.0185414 0.00753245 0.00457741 0.012979 0.0271748 0.0457355 0.0583668 0.034881 0.0177882 0.00938659 0.00492506 0.0015258 0.00185414 0.000309023 5.79419e-05 3.86279e-05 0
 0 0.00173294 0.00326652 0 0.00397197 0.00683976 0.00946217 0.0152591 0.00757587 0.0136028 0.0228656 0.0392903 0.0559909 0.0764795 0.0681675 0.0726916 0.0566044 0.0477403 0.0527397 0.0444891 0.0609904 0.0582453 0.0661739 0.0445044 0.0529084 0.0360697 0.0280645 0.0235558 0.0158879 0.00826598 0.00280645 0.00217768 0.000904811 0.00058276 9.20147e-05 0
 0 0 0 0 0 0 0 0 0 0 0 0 0 0 0 0 0 0 0 0 0 0 0 0 0 0 0 0 0 0 0 0 0 0 0 0
 0 0 0 0 0 0 0 0 0 0 0 0 0 0 0 0 0 0 0 0 0 0 0 0 0 0 0 0 0 0 0 0 0 0 0 0
 0 0 0 0 0 0 0 0 0 0 0 0 0 0 0 0 0 0 0 0 0 0 0 0 0 0 0 0 0 0 0 0 0 0 0 0
 0 0 0 0 0 0 0 0 0 0 0 0 0 0 0 0 0 0 0 0 0 0 0 0 0 0 0 0 0 0 0 0 0 0 0 0
 0 0 0 0 0 0 0 0 0 0 0 0 0 0 0 0 0 0 0 0 0 0 0 0 0 0 0 0 0 0 0 0 0 0 0 0
ppred_pel_tallas
 1.02862e-16 1.92246e-05 0.000112789 0.00053606 0.00206371 0.00643535 0.0162555 0.0332633 0.0551467 0.074088 0.080695 0.0713512 0.0514521 0.0307884 0.0163658 0.00963967 0.00865385 0.0110442 0.0153197 0.0207101 0.0266853 0.0326831 0.0380714 0.0422366 0.04471 0.0452682 0.0439741 0.0411401 0.0372346 0.0327639 0.02817 0.0237705 0.0197484 0.0161763 0.0130584 0.0103684
 1.04345e-16 2.0208e-05 0.000118569 0.000563549 0.00216957 0.00676548 0.0170893 0.0349689 0.057972 0.0778765 0.0848024 0.0749382 0.0539409 0.0320821 0.0166976 0.00928379 0.0077516 0.00959554 0.0132529 0.0179555 0.023229 0.0286021 0.0335486 0.0375525 0.0402111 0.0413169 0.0408923 0.0391595 0.036466 0.0331898 0.0296603 0.0261142 0.0226906 0.0194546 0.0164317 0.0136361
 1.0584e-16 1.40952e-05 8.26723e-05 0.000392871 0.00151238 0.00471605 0.0119128 0.0243781 0.0404206 0.0543179 0.0591985 0.0524313 0.037999 0.0231199 0.012987 0.0087383 0.00901381 0.0121387 0.0170395 0.0231115 0.0298547 0.0366798 0.0429065 0.0478703 0.0510607 0.0522298 0.0514342 0.048993 0.0453849 0.0411205 0.0366341 0.0322252 0.0280538 0.0241738 0.0205839 0.01727
 1.06634e-16 1.87969e-05 0.000110289 0.000524192 0.00201805 0.00629299 0.0158958 0.0325266 0.0539227 0.0724357 0.0788746 0.0696927 0.0501496 0.0297967 0.0154543 0.00851216 0.00702837 0.00867991 0.0120304 0.0163936 0.0213685 0.0265629 0.0315316 0.0358264 0.0390793 0.0410722 0.0417668 0.0412836 0.0398448 0.0377025 0.0350814 0.0321485 0.0290154 0.0257587 0.0224462 0.0191539
 1.04995e-16 2.3055e-05 0.000135288 0.000643044 0.00247566 0.00772004 0.0195004 0.0399018 0.0661468 0.0888492 0.0967273 0.0854198 0.0613632 0.0362504 0.0184144 0.00951631 0.00712507 0.00834459 0.01138 0.0153823 0.0198864 0.0244757 0.0287005 0.0321257 0.0344174 0.0354115 0.0351411 0.0338073 0.0317114 0.0291714 0.0264528 0.023732 0.0210968 0.0185711 0.0161502 0.0138298
 1.0456e-16 1.80709e-05 0.000106016 0.000503856 0.00193971 0.00604867 0.0152788 0.031265 0.0518349 0.0696419 0.0758609 0.0670971 0.0484285 0.0290672 0.0156111 0.00944378 0.00874162 0.0112929 0.0156964 0.0212139 0.0273165 0.0334317 0.0389162 0.0431506 0.0456698 0.0462649 0.045022 0.0422793 0.0385258 0.0342758 0.0299622 0.0258768 0.0221639 0.0188538 0.0159125 0.013288
 1.02105e-16 3.32575e-05 0.000195199 0.000927895 0.00357246 0.0111404 0.0281397 0.0575774 0.0954401 0.128171 0.139468 0.123004 0.0880144 0.0512931 0.0247583 0.010678 0.00541222 0.00468154 0.00586839 0.00783223 0.0101194 0.0124675 0.0146385 0.0164073 0.0175989 0.0181225 0.0179862 0.017284 0.0161637 0.0147862 0.0132915 0.0117795 0.0103087 0.00890649 0.00758384 0.0063479
 1.01043e-16 2.99495e-05 0.000175766 0.000835485 0.00321661 0.0100307 0.0253368 0.0518434 0.0859395 0.115424 0.125631 0.110879 0.079509 0.0466799 0.0231729 0.0110881 0.00720279 0.00769656 0.0102013 0.0136154 0.017384 0.0210641 0.0242066 0.0263962 0.027337 0.0269218 0.025257 0.0226296 0.0194324 0.0160703 0.01288 0.0100831 0.00777782 0.00596215 0.00457159 0.00351691
 1.00518e-16 3.66874e-05 0.000215336 0.00102363 0.00394109 0.0122899 0.0310434 0.0635183 0.105287 0.141391 0.153846 0.135665 0.0970313 0.0564616 0.0270897 0.0113995 0.00535509 0.00421563 0.00507879 0.00668146 0.00853169 0.0103635 0.01195 0.0130872 0.0136277 0.0135132 0.0127868 0.0115786 0.0100706 0.00845293 0.00688664 0.00548089 0.00428909 0.00331874 0.00254825 0.00194359
 1.00624e-16 2.81612e-05 0.000165262 0.000785536 0.00302428 0.00943087 0.0238218 0.048744 0.0808038 0.108533 0.118147 0.104312 0.0748833 0.0441328 0.0222212 0.0111524 0.00792464 0.00896433 0.0120427 0.0160915 0.0205219 0.0248201 0.0284512 0.0309196 0.0318743 0.0311926 0.0290099 0.0256803 0.0216856 0.017523 0.0136072 0.0102121 0.00746035 0.00534948 0.00379725 0.00268746
 1.02414e-16 1.45873e-05 8.55527e-05 0.000406546 0.001565 0.00488012 0.0123273 0.0252269 0.0418301 0.0562182 0.061286 0.054319 0.0394514 0.0241706 0.0138741 0.00976556 0.0104595 0.0142297 0.0199453 0.026923 0.0345471 0.042077 0.048666 0.0535024 0.0559854 0.0558616 0.0532772 0.0487216 0.0428934 0.0365308 0.0302642 0.0245306 0.0195561 0.0153937 0.0119862 0.00922809
 1.04771e-16 2.09756e-05 0.000123081 0.00058501 0.00225222 0.00702325 0.0177403 0.0363005 0.0601775 0.0808329 0.088005 0.0777285 0.0558633 0.0330531 0.0168886 0.00889469 0.006877 0.00822123 0.0113156 0.0154064 0.0200821 0.0249638 0.0296267 0.0336406 0.0366483 0.0384318 0.0389428 0.0382863 0.0366708 0.0343433 0.0315351 0.0284325 0.0251743 0.0218653 0.0185956 0.0154514
 1.03396e-16 2.65967e-05 0.000156083 0.000741912 0.00285634 0.00890717 0.0224989 0.0460368 0.0763148 0.1025 0.11157 0.0984832 0.0706513 0.0415433 0.0207434 0.0101312 0.00686278 0.00756461 0.0101516 0.0136588 0.0175986 0.0215732 0.0251679 0.0279881 0.0297362 0.0302757 0.0296549 0.02808 0.0258507 0.0232819 0.0206364 0.0180898 0.0157276 0.0135677 0.0115931 0.00977961
 1.0161e-16 3.07135e-05 0.000180255 0.000856835 0.00329883 0.0102871 0.0259844 0.0531681 0.0881341 0.118368 0.128823 0.113669 0.0814506 0.0477011 0.0234602 0.0108618 0.00658285 0.00669513 0.00877599 0.0117242 0.0150248 0.0182984 0.0211682 0.0232832 0.0243865 0.0243727 0.0233098 0.0214132 0.0189862 0.0163451 0.0137557 0.0113961 0.00935166 0.00763282 0.00620518 0.00501765
 1.01004e-16 3.02505e-05 0.000177534 0.000843893 0.00324899 0.0101316 0.0255918 0.0523651 0.0868039 0.116584 0.12689 0.111982 0.0802811 0.0470965 0.0233116 0.0110419 0.00702658 0.00740385 0.00978377 0.0130626 0.0166965 0.020261 0.0233275 0.0254984 0.026487 0.0261842 0.0246825 0.0222459 0.01924 0.0160447 0.0129788 0.0102556 0.00797525 0.00614505 0.00471397 0.00360685
 1.0175e-16 1.97728e-05 0.000116002 0.000551323 0.00212245 0.00661853 0.0167183 0.0342106 0.0567186 0.0762036 0.0830094 0.0734219 0.0529976 0.0318172 0.0170995 0.0103562 0.00958598 0.0123572 0.0171174 0.0230312 0.0294848 0.0358134 0.0412788 0.0451818 0.0470142 0.0465769 0.044023 0.0398067 0.0345617 0.0289498 0.0235294 0.018678 0.0145786 0.0112538 0.00862517 0.00657104
 1.03933e-16 1.80714e-05 0.000106021 0.000503886 0.00193984 0.00604907 0.0152798 0.0312667 0.0518369 0.0696422 0.0758549 0.0670769 0.0483815 0.0289748 0.0154464 0.00917099 0.00831821 0.0106761 0.0148545 0.0201404 0.0260449 0.0320446 0.0375443 0.0419586 0.0448288 0.0459181 0.0452508 0.043081 0.0398092 0.0358759 0.0316712 0.0274828 0.0234873 0.0197733 0.0163774 0.0133147
 1.036e-16 2.63091e-05 0.000154397 0.000733897 0.00282549 0.00881096 0.0222559 0.0455394 0.0754898 0.101391 0.110359 0.097407 0.069863 0.0410472 0.0204363 0.00988527 0.00657801 0.00717838 0.00963085 0.0129956 0.0168135 0.0207186 0.0243288 0.0272734 0.0292635 0.0301498 0.0299469 0.0288115 0.0269881 0.0247414 0.0223 0.0198253 0.0174097 0.0150949 0.0128975 0.0108293
 1.01199e-16 3.4686e-05 0.000203584 0.000967759 0.00372594 0.011619 0.0293487 0.0600511 0.0995406 0.133678 0.145461 0.128291 0.0917989 0.0535021 0.0258298 0.0111457 0.00565026 0.00487339 0.00607457 0.00804948 0.0103069 0.0125546 0.0145292 0.0159897 0.0167605 0.0167698 0.0160637 0.0147893 0.013153 0.0113698 0.00961959 0.00802219 0.00663402 0.00546093 0.00447884 0.00365318
 1.00921e-16 2.71925e-05 0.000159574 0.000758492 0.00292015 0.00910615 0.0230016 0.0470659 0.0780227 0.104799 0.114088 0.100741 0.0723485 0.042696 0.0216036 0.0110167 0.00804769 0.00925397 0.0124857 0.0167044 0.0213235 0.0258189 0.02964 0.0322751 0.0333593 0.0327618 0.0306162 0.0272804 0.023244 0.0190126 0.0150085 0.0115112 0.00864697 0.00641583 0.00473805 0.00350049
 1.00932e-16 3.33485e-05 0.000195729 0.000930409 0.00358213 0.0111705 0.0282159 0.0577335 0.0956999 0.128523 0.13986 0.12337 0.0883193 0.0515582 0.0250487 0.0110788 0.00601061 0.00555791 0.00708787 0.00943049 0.0120845 0.0147247 0.0170439 0.0187573 0.0196548 0.0196465 0.0187815 0.0172278 0.0152263 0.0130315 0.0108613 0.00886661 0.00712605 0.00565889 0.00444689 0.00345547
 1.01371e-16 2.20687e-05 0.000129484 0.000615422 0.00236926 0.0073882 0.0186624 0.0381882 0.0633105 0.0850526 0.0926287 0.0818826 0.0590014 0.0352143 0.0185481 0.010652 0.00925293 0.0116074 0.0159757 0.0214524 0.0274202 0.0332424 0.0382225 0.0417059 0.0432227 0.0425983 0.0399932 0.035853 0.0307913 0.0254444 0.0203452 0.0158489 0.0121199 0.00916604 0.00689581 0.00517651
 1.02684e-16 2.34026e-05 0.000137326 0.000652725 0.00251293 0.00783623 0.0197939 0.0405026 0.0671435 0.09019 0.0981925 0.0867268 0.0623306 0.036879 0.018839 0.00990649 0.00762258 0.00905254 0.0123712 0.0167013 0.0215412 0.0264251 0.0308457 0.0343114 0.0364433 0.0370559 0.0361891 0.0340804 0.031091 0.027614 0.0239938 0.02048 0.0172191 0.0142746 0.0116587 0.0093619
 1.02733e-16 2.53392e-05 0.000148697 0.000706789 0.00272109 0.00848541 0.0214336 0.0438574 0.0727035 0.097654 0.106307 0.0938653 0.0673993 0.0397535 0.0200767 0.0101814 0.00737966 0.00847268 0.0114747 0.0154456 0.0198752 0.0243158 0.0282915 0.0313476 0.0331421 0.0335201 0.0325422 0.0304541 0.0276138 0.0244006 0.0211371 0.0180454 0.0152409 0.0127552 0.0105714 0.00865537
 1.04721e-16 8.02847e-06 4.70393e-05 0.000223433 0.000859943 0.0026814 0.00677363 0.0138643 0.0229989 0.0309392 0.0338059 0.0301473 0.0222965 0.0144579 0.00972021 0.00889252 0.0113619 0.0162895 0.0230757 0.0312328 0.0401528 0.0490165 0.0568641 0.0627696 0.0660428 0.066385 0.0639467 0.0592641 0.0531051 0.0462784 0.0394688 0.0331438 0.0275389 0.0227043 0.0185797 0.0150632
 1.08688e-16 1.65851e-05 9.73109e-05 0.000462511 0.00178059 0.00555251 0.0140253 0.0286988 0.0475758 0.0639066 0.0695788 0.0614587 0.0441811 0.0261649 0.0134187 0.00716121 0.0056795 0.00693952 0.00971263 0.0134603 0.0179212 0.0228564 0.0279724 0.0329369 0.0374256 0.0411669 0.0439698 0.0457258 0.0463959 0.0459902 0.0445551 0.042171 0.038959 0.0350864 0.0307642 0.0262318
 1.02139e-16 3.66027e-05 0.000214843 0.0010213 0.0039321 0.0122619 0.0309726 0.0633732 0.105045 0.141063 0.15348 0.135321 0.0967389 0.0561978 0.0267886 0.0109742 0.00471434 0.0032725 0.00375993 0.00494249 0.00637684 0.0078631 0.00924857 0.0103964 0.0112028 0.0116171 0.0116492 0.0113595 0.0108373 0.0101741 0.00944275 0.00868735 0.00792496 0.00715537 0.00637369 0.00558
pSPR Fmed_Fpbrs
0.37029   0.255252 0.255252
Fs Fmed_Fpbrs
0.64   1.005 1.005
SSBpbr Bo_Bmed_Bpbrs
907662  290715  186300 186300
Ro
27132
SPR SPRFo_SPRFmed_SPRFpbrs
560391 207507 143041
log_Ro
10.0285
likeval ReclasPelacesDesembMPH_pf_preclas_ppelaces_ptallas_desvR_qrecl_qpela
 116.596 269.373 0.0490358 213.069 403.477 222.516 58.7031 0 24.2288 0 0 0 0 0 0
q_reclas_q_pelaces
1 1
M
0.7
N
 39059 19717.5 7493.14 899.363 0.17829
 40580.2 16705.7 7263.49 2760.3 331.37
 18329.9 17044.1 5934.56 2580.3 1098.29
 16776.1 6148.71 3862.12 1344.75 833.555
 26828.4 7438.99 2434.65 1529.25 862.522
 17812 12954.3 3492.67 1143.09 1122.96
 44329.9 5502.14 2489.18 671.119 435.422
 48316 15810 1409.31 637.575 283.428
 122431 13193.3 2373.9 211.611 138.29
 139938 41431.5 3042.56 547.453 80.692
 53229.5 57374.1 14024.8 1029.92 212.63
 47357.2 18133.3 13408.2 3277.56 290.381
 47217.6 16074.2 4206.96 3110.73 827.768
 37689.7 13303.3 2569.47 672.486 629.572
 22902.3 7375.28 1025.83 198.135 100.403
 9088.68 5931 996.053 138.541 40.3185
 5229.7 3309.76 1583.9 266 47.7652
 5864.22 1722.94 723.421 346.195 68.5802
 13051.6 1814.13 332.044 139.417 79.9352
 11907.5 4298.96 396.345 72.5437 47.9232
 31348.6 4168.3 1060.83 97.8039 29.727
 28942.6 13752.5 1615.43 411.127 49.4248
 37208.6 12568.7 5222.66 613.48 174.9
 52624.6 15545.9 4418.16 1835.87 277.132
 11082.2 21825 5384.59 1530.31 731.875
 12778.7 4447.23 7077.69 1746.18 733.609
 52855.4 4449.54 1085.8 1728.03 605.447
pred_Ctot
 3930.05 3724.42 1415.37 169.879 0.033677
 4543.94 3485.98 1515.68 575.994 69.1473
 4374.84 6966.5 2425.66 1054.66 448.91
 1299.96 907.793 570.202 198.538 123.066
 534.24 292.647 95.778 60.16 33.9313
 4974.71 6023.96 1624.15 531.555 522.194
 9156.58 1989.37 899.997 242.652 157.433
 16182.1 8475.77 755.536 341.806 151.947
 28669.7 5307.21 954.936 85.1237 55.6294
 17743.2 9695.87 712.024 128.116 18.8837
 12282.4 22795.4 5572.2 409.199 84.4804
 11016.5 7253.94 5363.74 1311.14 116.162
 15173.5 8348.87 2185.08 1615.7 429.94
 17306 8923.61 1723.56 451.093 422.307
 8178.17 4148.82 577.062 111.457 56.48
 1774.33 2042.35 342.993 47.7071 13.8838
 1295.93 1395.77 667.948 112.175 20.1431
 1633.69 799.574 335.721 160.66 31.8263
 3235.65 765.323 140.078 58.8155 33.722
 2578.06 1618.28 149.198 27.308 18.04
 2647.11 667.652 169.917 15.6656 4.76147
 2632.57 2362.91 277.559 70.6386 8.49202
 4287.74 2693.4 1119.18 131.465 37.48
 6303.47 3452.63 981.239 407.733 61.5488
 1548.21 5580.23 1376.74 391.27 187.126
 2802.62 1692.59 2693.73 664.588 279.208
 16110.9 2218.01 541.251 861.39 301.803
F
 0.149324 0.298649 0.298649 0.298649 0.298649
 0.167477 0.334955 0.334955 0.334955 0.334955
 0.392293 0.784586 0.784586 0.784586 0.784586
 0.11322 0.226441 0.226441 0.226441 0.226441
 0.0280338 0.0560677 0.0560677 0.0560677 0.0560677
 0.474738 0.949475 0.949475 0.949475 0.949475
 0.331018 0.662036 0.662036 0.662036 0.662036
 0.598054 1.19611 1.19611 1.19611 1.19611
 0.383505 0.767011 0.767011 0.767011 0.767011
 0.191609 0.383217 0.383217 0.383217 0.383217
 0.376863 0.753727 0.753727 0.753727 0.753727
 0.380505 0.76101 0.76101 0.76101 0.76101
 0.566757 1.13351 1.13351 1.13351 1.13351
 0.931254 1.86251 1.86251 1.86251 1.86251
 0.651044 1.30209 1.30209 1.30209 1.30209
 0.310152 0.620305 0.620305 0.620305 0.620305
 0.41032 0.820641 0.820641 0.820641 0.820641
 0.473261 0.946521 0.946521 0.946521 0.946521
 0.410539 0.821079 0.821079 0.821079 0.821079
 0.34966 0.69932 0.69932 0.69932 0.69932
 0.123953 0.247906 0.247906 0.247906 0.247906
 0.134106 0.268212 0.268212 0.268212 0.268212
 0.172744 0.345487 0.345487 0.345487 0.345487
 0.180128 0.360255 0.360255 0.360255 0.360255
 0.213054 0.426108 0.426108 0.426108 0.426108
 0.354982 0.709963 0.709963 0.709963 0.709963
 0.5297 1.0594 1.0594 1.0594 1.0594
Np
 17379.1 5221.4 2809.09 139.234 40.1527
YTP_r0W_actual
 126700 46353.7 16443.6 33420.4 12994.3
YTP_p0W_proyectada
 41659.6 160993 11600.1 3615.04 7483.64
 41659.6 54394.7 42541.3 2692.81 861.768
CTP_r0_actual
 15451.3 2146 523.68 833.428 292.006
CTP_p0_proyectada
 5080.44 7453.38 369.431 90.1506 168.172
 5080.44 2518.27 1354.82 67.1523 19.3656
Wmedp
 8.2 21.6 31.4 40.1 44.5
nmprior
 10.8 10.6 4.6 0
nm_flota  nm_reclas  nm_pelaces    nm_pelaL
inf 15.0154 8.96507 21.5564
cv_recla  cv_pelaces  cv_mph
0.935129 1.79791 0.585177
 ------------------------------------------------
Talla a la edad & desviaci?n 
 7.2 14.2025 17.0495 18.207 18.6776
 1.08 2.13037 2.55742 2.73105 2.80164
