years
 1991 1992 1993 1994 1995 1996 1997 1998 1999 2000 2001 2002 2003 2004 2005 2006 2007 2008 2009 2010 2011 2012 2013 2014 2015 2016 2017 2018 2019 2020 2021
reclasobs
 0 0 0 0 0 0 0 0 0 252601 567819 844713 477998 351125 339783 2.1784e+06 2.13404e+06 4.81314e+06 1.55562e+06 2.62356e+06 3.21686e+06 3.843e+06 1.13348e+06 3.07943e+06 1.97215e+06 2.03268e+06 2.025e+06 2.42433e+06 2.27542e+06 1.05018e+06 2.36338e+06
reclaspred
 3.28807e+06 1.76499e+06 896718 981824 1.03424e+06 1.98915e+06 1.05774e+06 893144 614823 403043 771115 696042 316253 729960 591386 1.34948e+06 1.00056e+06 3.11917e+06 3.00333e+06 2.22862e+06 3.0723e+06 2.13837e+06 1.4646e+06 2.97895e+06 2.22183e+06 1.96598e+06 2.42425e+06 2.67127e+06 2.02452e+06 1.16689e+06 1.89762e+06
pelacesobs
 0 0 0 0 0 0 0 0 0 0 0 0 0 0 0 552880 188675 0 991730 2.46772e+06 1.41603e+06 1.21717e+06 2.29649e+06 1.80582e+06 0 1.4828e+06 1.56532e+06 1.57751e+06 1.42118e+06 867257 1.10002e+06
pelacespred
 2.1822e+06 1.25184e+06 600910 477526 590929 1.10165e+06 572570 634573 390252 218976 428165 349442 140136 371504 322016 573267 507655 1.61832e+06 1.72824e+06 1.24374e+06 1.63228e+06 1.153e+06 868680 1.78715e+06 1.41715e+06 1.2992e+06 1.66636e+06 1.80113e+06 1.34053e+06 840416 1.12803e+06
mphobs
 0 0 0 0 0 0 0 0 0 0 0 498337 0 5186 125008 0 168611 109162 213762 579715 649985 157893 87575 83554 0 0 0 0 0 0 0
mphpred
 545002 370639 172476 97543.6 112877 146422 218407 108720 97703.3 56867.5 34459.3 105858 56925.9 18243.8 53756.7 53176.4 151525 111264 336423 295241 313390 275874 223519 164714 330057 274266 222714 245505 362662 221752 117975
desembarqueobs
 494567 514787 250237 358949 120608 361735 552515 73892 212993 205616 52469 317467 293654 387597 252695 516296 358380 742168 942051 627588 828172 859565 418607 520667 417249 300574 415391 372974 316634 284311 391294
desembarquepred
 494565 514048 250568 358981 120613 361733 552508 73897.7 213058 205664 52468.7 317681 293982 387374 252647 516208 358477 741950 941460 627226 828462 859542 418548 520674 417208 300563 415376 372925 316599 284308 391292
Reclutas
 160269 87736.3 87282.9 128675 104357 204251 75603.6 30710.6 30740 43444.3 105541 66473.8 44311.1 119042 57986.5 277782 51264.8 484715 378828 248579 230235 361328 73594.9 245293 196218 85527.5 189547 213840 63422.7 46723.7 183102
log_desv_Rt
 0.330046 -0.272471 -0.277651 0.110483 -0.0989896 0.572544 -0.421303 -1.3222 -1.32124 -0.975327 -0.0877048 -0.549999 -0.955571 0.0326683 -0.686596 0.880032 -0.809802 1.43676 1.19028 0.768955 0.692295 1.14298 -0.44823 0.755647 0.532418 -0.297968 0.497833 0.618424 -0.596985 -0.902554 0.463237
SSB
 1.39353e+06 947696 441009 249412 288620 374392 558451 277989 249820 145406 88109.9 270672 145555 46648.2 137452 135968 387440 284494 860209 754911 801317 705391 571523 421162 843932 701278 569464 627738 927301 567005 301653
BT
 2.09802e+06 1.46622e+06 702934 729763 613085 1.36751e+06 958094 620818 549008 396070 475591 570811 395181 816836 575654 1.0176e+06 716994 2.35332e+06 2.52333e+06 1.64347e+06 2.15503e+06 1.8496e+06 1.10799e+06 2.294e+06 1.60202e+06 1.3774e+06 2.01837e+06 2.10074e+06 1.33009e+06 945691 1.49949e+06
Ftot
 0.293084 0.54161 0.534046 0.775717 0.248893 0.411965 0.957153 0.171884 0.703488 1.02616 0.169911 0.884973 1.67185 1.27265 0.95339 0.917948 0.695978 0.581618 0.675256 0.592444 0.55902 0.850267 0.563277 0.416329 0.389631 0.310755 0.387566 0.322825 0.295683 0.468232 0.489885
BD_Bspro_t
 0.954448 0.709393 0.469704 0.370788 0.379355 0.492521 0.51672 0.313856 0.365762 0.293012 0.252361 0.575448 0.304575 0.123775 0.260227 0.252158 0.372507 0.296262 0.488165 0.418936 0.381994 0.355597 0.339018 0.308477 0.499712 0.509972 0.514036 0.568661 0.641293 0.530402 0.42092
BD_Bspro
 1.69454 1.1524 0.536268 0.303286 0.350963 0.455262 0.679079 0.338036 0.303782 0.176814 0.107142 0.329138 0.176996 0.0567244 0.167142 0.165338 0.471128 0.345946 1.04602 0.917975 0.974404 0.857758 0.694973 0.512134 1.02622 0.852757 0.692471 0.763331 1.1276 0.68948 0.366811
BD_Bo
 1.10449 0.751128 0.349536 0.19768 0.228755 0.296736 0.442619 0.220329 0.198003 0.115246 0.0698344 0.21453 0.115365 0.0369726 0.108942 0.107766 0.307078 0.225485 0.681787 0.59833 0.63511 0.559081 0.452979 0.333806 0.668887 0.555821 0.451348 0.497534 0.734963 0.449399 0.239085
BD_Brms
 2.00816 1.36569 0.635521 0.359418 0.415919 0.539521 0.804762 0.400599 0.360006 0.209539 0.126972 0.390055 0.209754 0.0672229 0.198077 0.195939 0.558324 0.409974 1.23961 1.08787 1.15475 1.01651 0.823599 0.60692 1.21616 1.01058 0.820633 0.904609 1.3363 0.817089 0.4347
Sel_flota
 0.651549 0.972623 0.998521 0.999922 0.999996
 0.651549 0.972623 0.998521 0.999922 0.999996
 0.651549 0.972623 0.998521 0.999922 0.999996
 0.651549 0.972623 0.998521 0.999922 0.999996
 0.651549 0.972623 0.998521 0.999922 0.999996
 0.651549 0.972623 0.998521 0.999922 0.999996
 0.651549 0.972623 0.998521 0.999922 0.999996
 0.651549 0.972623 0.998521 0.999922 0.999996
 0.651549 0.972623 0.998521 0.999922 0.999996
 0.651549 0.972623 0.998521 0.999922 0.999996
 0.651549 0.972623 0.998521 0.999922 0.999996
 0.651549 0.972623 0.998521 0.999922 0.999996
 0.651549 0.972623 0.998521 0.999922 0.999996
 0.651549 0.972623 0.998521 0.999922 0.999996
 0.651549 0.972623 0.998521 0.999922 0.999996
 0.651549 0.972623 0.998521 0.999922 0.999996
 0.651549 0.972623 0.998521 0.999922 0.999996
 0.651549 0.972623 0.998521 0.999922 0.999996
 0.651549 0.972623 0.998521 0.999922 0.999996
 0.651549 0.972623 0.998521 0.999922 0.999996
 0.651549 0.972623 0.998521 0.999922 0.999996
 0.651549 0.972623 0.998521 0.999922 0.999996
 0.651549 0.972623 0.998521 0.999922 0.999996
 0.651549 0.972623 0.998521 0.999922 0.999996
 0.651549 0.972623 0.998521 0.999922 0.999996
 0.651549 0.972623 0.998521 0.999922 0.999996
 0.651549 0.972623 0.998521 0.999922 0.999996
 0.651549 0.972623 0.998521 0.999922 0.999996
 0.651549 0.972623 0.998521 0.999922 0.999996
 0.651549 0.972623 0.998521 0.999922 0.999996
 0.651549 0.972623 0.998521 0.999922 0.999996
Sel_reclas
 1 1 1 1 1
 1 1 1 1 1
 1 1 1 1 1
 1 1 1 1 1
 1 1 1 1 1
 1 1 1 1 1
 1 1 1 1 1
 1 1 1 1 1
 1 1 1 1 1
 1 1 1 1 1
 1 1 1 1 1
 1 1 1 1 1
 1 1 1 1 1
 1 1 1 1 1
 1 1 1 1 1
 1 1 1 1 1
 1 1 1 1 1
 1 1 1 1 1
 1 1 1 1 1
 1 1 1 1 1
 1 1 1 1 1
 1 1 1 1 1
 1 1 1 1 1
 1 1 1 1 1
 1 1 1 1 1
 1 1 1 1 1
 1 1 1 1 1
 1 1 1 1 1
 1 1 1 1 1
 1 1 1 1 1
 1 1 1 1 1
Sel_pelaces
 0.619045 0.891043 0.976279 0.995195 0.999042
 0.619045 0.891043 0.976279 0.995195 0.999042
 0.619045 0.891043 0.976279 0.995195 0.999042
 0.619045 0.891043 0.976279 0.995195 0.999042
 0.619045 0.891043 0.976279 0.995195 0.999042
 0.619045 0.891043 0.976279 0.995195 0.999042
 0.619045 0.891043 0.976279 0.995195 0.999042
 0.619045 0.891043 0.976279 0.995195 0.999042
 0.619045 0.891043 0.976279 0.995195 0.999042
 0.619045 0.891043 0.976279 0.995195 0.999042
 0.619045 0.891043 0.976279 0.995195 0.999042
 0.619045 0.891043 0.976279 0.995195 0.999042
 0.619045 0.891043 0.976279 0.995195 0.999042
 0.619045 0.891043 0.976279 0.995195 0.999042
 0.619045 0.891043 0.976279 0.995195 0.999042
 0.619045 0.891043 0.976279 0.995195 0.999042
 0.619045 0.891043 0.976279 0.995195 0.999042
 0.619045 0.891043 0.976279 0.995195 0.999042
 0.619045 0.891043 0.976279 0.995195 0.999042
 0.619045 0.891043 0.976279 0.995195 0.999042
 0.619045 0.891043 0.976279 0.995195 0.999042
 0.619045 0.891043 0.976279 0.995195 0.999042
 0.619045 0.891043 0.976279 0.995195 0.999042
 0.619045 0.891043 0.976279 0.995195 0.999042
 0.619045 0.891043 0.976279 0.995195 0.999042
 0.619045 0.891043 0.976279 0.995195 0.999042
 0.619045 0.891043 0.976279 0.995195 0.999042
 0.619045 0.891043 0.976279 0.995195 0.999042
 0.619045 0.891043 0.976279 0.995195 0.999042
 0.619045 0.891043 0.976279 0.995195 0.999042
 0.619045 0.891043 0.976279 0.995195 0.999042
pf_obs 
 0.8446 0.082 0.0669 0.0065 0
 0.8095 0.147 0.0364 0.0071 0
 0.9664 0.0169 0.016 0.0007 0
 0.9276 0.0648 0.0075 0.0001 0
 0.7033 0.2144 0.0806 0.0017 0
 0.9318 0.0425 0.0243 0.0014 0
 0.5671 0.3108 0.0964 0.0239 0.0018
 0.0768 0.2599 0.5324 0.112 0.0189
 0.490249 0.384438 0.106611 0.0170017 0.00170017
 0.7925 0.1577 0.0466 0.003 0.0002
 0.840416 0.127587 0.0312969 0.00059994 9.999e-05
 0.8084 0.0986 0.0794 0.0134 0.0002
 0.7335 0.1905 0.0724 0.0035 0.0001
 0.4001 0.4547 0.1325 0.0127 0
 0.49795 0.308269 0.164784 0.0264974 0.00249975
 0.9179 0.0499 0.0305 0.0017 0
 0.2467 0.6533 0.0926 0.0074 0
 0.9418 0.0223 0.034 0.0019 0
 0.707729 0.231977 0.0356964 0.0245975 0
 0.517169 0.277429 0.184464 0.0207286 0.00020938
 0.811772 0.124168 0.05621 0.00726502 0.000585176
 0.764997 0.148141 0.077277 0.00933861 0.000247198
 0.163321 0.427699 0.378323 0.0303852 0.000271297
 0.753843 0.0900009 0.118128 0.0371064 0.000921714
 0.721811 0.176058 0.0630433 0.0369309 0.00215725
 0.143369 0.312575 0.442814 0.0836902 0.0175525
 0.692698 0.0596174 0.167031 0.0765114 0.00414204
 0.394062 0.376323 0.152708 0.0712218 0.00568511
 0.125707 0.32114 0.495352 0.0537591 0.00404204
 0.23352 0.215282 0.420074 0.123614 0.00750983
 0.796117 0.104755 0.0508955 0.0450114 0.00322123
pf_pred 
 0.534536 0.15063 0.292663 0.0221704 9.12852e-07
 0.453926 0.351906 0.064111 0.120912 0.0091454
 0.614119 0.223008 0.106264 0.0187142 0.037895
 0.751216 0.180211 0.0402054 0.0185199 0.00984738
 0.679546 0.268805 0.0378087 0.00812171 0.00571849
 0.771636 0.174795 0.0451463 0.0061687 0.00225453
 0.453814 0.46099 0.0656983 0.0164362 0.00306129
 0.457406 0.324089 0.185603 0.0253849 0.00751678
 0.555448 0.250374 0.117291 0.0653243 0.0115625
 0.75735 0.165533 0.0441467 0.0199312 0.0130393
 0.882481 0.0999781 0.0121303 0.00310065 0.0023103
 0.566372 0.398706 0.0298342 0.00352005 0.0015678
 0.641697 0.250155 0.0997587 0.00716898 0.00121989
 0.929938 0.0556334 0.0102419 0.00386306 0.000323871
 0.685932 0.302317 0.0094218 0.00165399 0.000674423
 0.934963 0.0517696 0.0127908 0.000382449 9.43014e-05
 0.390078 0.586999 0.0183967 0.00436409 0.000162304
 0.937839 0.0322318 0.0288434 0.000871463 0.000213997
 0.684472 0.303483 0.00634978 0.00548874 0.000206169
 0.610056 0.305852 0.080994 0.0016343 0.0014629
 0.657276 0.247318 0.0753884 0.0192814 0.000735909
 0.775536 0.170633 0.0392185 0.0115512 0.00306145
 0.372547 0.538627 0.0681637 0.0150619 0.00560002
 0.81998 0.0888266 0.0786626 0.00961999 0.0029106
 0.638462 0.318132 0.0217644 0.0186725 0.00296934
 0.439354 0.412705 0.130674 0.00866505 0.00860175
 0.740684 0.142734 0.0864969 0.026579 0.00350626
 0.693235 0.251565 0.0308144 0.0181001 0.00628499
 0.350375 0.506143 0.11831 0.014062 0.0111099
 0.440405 0.255406 0.238562 0.0541288 0.0114978
 0.852573 0.0828591 0.0299992 0.0271213 0.0074477
pobs_RECLAS
 0 0 0 0 0
 0 0 0 0 0
 0 0 0 0 0
 0 0 0 0 0
 0 0 0 0 0
 0 0 0 0 0
 0 0 0 0 0
 0 0 0 0 0
 0 0 0 0 0
 0 0 0 0 0
 0.991045 0.00858322 0.000360255 1.14367e-05 0
 0.934742 0.0480273 0.0164251 0.00080598 0
 0.827803 0.169806 0.00239088 0 0
 0.941827 0.0461693 0.0120037 0 0
 0.791401 0.0380133 0.147996 0.0225897 0
 0.846168 0.0940531 0.0597789 0 0
 0.134021 0.677848 0.182769 0.00536245 0
 0.80878 0.0450904 0.141981 0.00414843 0
 0.846168 0.0940531 0.0597789 0 0
 0.905697 0.0802665 0.012482 0.00150086 5.37128e-05
 0.989698 0.0102097 9.19794e-05 0 0
 0.975433 0.0193895 0.00387452 0.00125025 5.28907e-05
 0.303575 0.632131 0.0575291 0.00676475 0
 0.966965 0.00978017 0.0227588 0.000495775 0
 0.843318 0.132988 0.00938335 0.0141283 0.000182051
 0.564624 0.303363 0.111486 0.0197234 0.00080311
 0.826376 0.0876187 0.0782897 0.00655872 0.00115652
 0.89761 0.0855135 0.0140674 0.00269457 0.000114338
 0.34875 0.467042 0.161289 0.0227151 0.000203297
 0.318654 0.224769 0.449479 0.00709798 0
 0.937255 0.0296025 0.0250945 0.00804832 0
ppred_RECLAS
 0.638019 0.119305 0.225609 0.0170662 7.02635e-07
 0.561245 0.28565 0.0506033 0.095294 0.00720717
 0.710343 0.169408 0.0784967 0.0138034 0.0279488
 0.824376 0.128253 0.0277931 0.0127825 0.00679614
 0.76215 0.200385 0.0274362 0.00588513 0.0041434
 0.837391 0.125268 0.0314772 0.00429467 0.00156949
 0.565455 0.368486 0.0509599 0.0127285 0.00237052
 0.561128 0.264971 0.147748 0.0201788 0.00597472
 0.660268 0.193787 0.0882107 0.0490529 0.00868176
 0.831509 0.116075 0.0300279 0.0135348 0.00885391
 0.918777 0.0693766 0.00819565 0.00209193 0.00155859
 0.670157 0.304001 0.0220828 0.00260136 0.00115852
 0.748489 0.17744 0.0683356 0.00490164 0.000833989
 0.95512 0.0358735 0.00639618 0.00240839 0.000201896
 0.773112 0.218644 0.00661244 0.00115894 0.000472526
 0.957428 0.0340925 0.00817561 0.000244064 6.01744e-05
 0.495688 0.48588 0.0147968 0.00350474 0.000130334
 0.958913 0.0215939 0.018787 0.000566767 0.000139164
 0.769069 0.222361 0.00452129 0.00390222 0.000146564
 0.706176 0.231855 0.0596898 0.00120261 0.0010764
 0.746619 0.184282 0.0546182 0.0139482 0.000532318
 0.843474 0.119835 0.026743 0.00786434 0.00208413
 0.476153 0.451481 0.0555523 0.0122568 0.00455672
 0.874931 0.062579 0.0539148 0.0065838 0.00199183
 0.7283 0.239879 0.0159672 0.0136788 0.00217506
 0.543426 0.338501 0.104311 0.00690685 0.00685587
 0.81394 0.103689 0.0611374 0.018759 0.00247447
 0.774082 0.186186 0.0221947 0.0130181 0.00451998
 0.449867 0.431194 0.0980982 0.0116428 0.00919785
 0.548108 0.209395 0.190241 0.0431011 0.00915461
 0.898962 0.0574968 0.0202462 0.0182768 0.00501854
pobs_PELACES
 0 0 0 0 0
 0 0 0 0 0
 0 0 0 0 0
 0 0 0 0 0
 0 0 0 0 0
 0 0 0 0 0
 0 0 0 0 0
 0 0 0 0 0
 0 0 0 0 0
 0 0 0 0 0
 0 0 0 0 0
 0 0 0 0 0
 0 0 0 0 0
 0 0 0 0 0
 0 0 0 0 0
 0 0 0 0 0
 0.505614 0.472636 0.0217494 0 0
 0 0 0 0 0
 0.443492 0.261883 0.143347 0.151278 0
 0.227955 0.32914 0.350689 0.0885471 0.00366901
 0.970185 0.0296113 0.000203453 0 0
 0.997202 0.00247181 0.000326279 0 0
 0.445219 0.490057 0.0546422 0.010081 0
 0.90214 0.0892962 0.00764917 0.000914606 0
 0 0 0 0 0
 0.581667 0.319106 0.0959925 0.00289975 0.000334073
 0.762889 0.0836404 0.116647 0.0363945 0.000428098
 0.88444 0.0763242 0.0277011 0.0115352 0
 0.521256 0.241999 0.230069 0.00667565 0
 0.616807 0.101726 0.260614 0.0208532 0
 0.833518 0.0704572 0.0857862 0.0102388 0
ppred_PELACES
 0.542957 0.14167 0.292797 0.0225747 9.3301e-07
 0.47589 0.329187 0.0635992 0.122057 0.00926686
 0.633946 0.205646 0.103927 0.0186249 0.0378563
 0.775263 0.159909 0.037717 0.0176764 0.00943429
 0.692348 0.255195 0.0382017 0.00835216 0.00590299
 0.785284 0.161867 0.0444079 0.00617513 0.0022654
 0.496676 0.420949 0.0632643 0.0161009 0.0030101
 0.465525 0.310703 0.189543 0.0263863 0.00784288
 0.582674 0.228473 0.113265 0.0641847 0.0114036
 0.787776 0.141981 0.0398918 0.0183206 0.0120306
 0.887454 0.094734 0.0122439 0.00318556 0.00238255
 0.606202 0.360387 0.0284668 0.00341697 0.00152761
 0.706763 0.202016 0.0840331 0.00613964 0.00104863
 0.943247 0.0445611 0.00861101 0.00330324 0.000277973
 0.723015 0.26604 0.00874397 0.00156153 0.000639117
 0.944209 0.0439094 0.0114469 0.000348194 8.61775e-05
 0.42284 0.554176 0.0183814 0.00443671 0.000165626
 0.942959 0.028738 0.0272583 0.00083804 0.000206565
 0.712328 0.27598 0.00611293 0.00537648 0.000202714
 0.635628 0.282112 0.0791737 0.00162563 0.00146062
 0.67921 0.227426 0.0735014 0.0191293 0.000732859
 0.80035 0.149569 0.0363068 0.0108794 0.00289424
 0.398169 0.511938 0.0686854 0.015444 0.00576375
 0.829049 0.0816684 0.0768181 0.00956055 0.00290354
 0.657263 0.298998 0.0217337 0.0189762 0.00302903
 0.454741 0.394513 0.132847 0.0089655 0.00893365
 0.7522 0.132378 0.0852367 0.0266555 0.00352963
 0.707577 0.23673 0.0308343 0.0184332 0.00642485
 0.364745 0.487694 0.121259 0.0146685 0.0116329
 0.45716 0.23922 0.237178 0.0547644 0.0116767
 0.861774 0.0753234 0.0289392 0.0266244 0.00733883
pobs_pel_tallas
 0 0 0 0 0 0 0 0 0 0 0 0 0 0 0 0 0 0 0 0 0 0 0 0 0 0
 0 0 0 0 0 0 0 0 0 0 0 0 0 0 0 0 0 0 0 0 0 0 0 0 0 0
 0 0 0 0 0 0 0 0 0 0 0 0 0 0 0 0 0 0 0 0 0 0 0 0 0 0
 0 0 0 0 0 0 0 0 0 0 0 0 0 0 0 0 0 0 0 0 0 0 0 0 0 0
 0 0 0 0 0 0 0 0 0 0 0 0 0 0 0 0 0 0 0 0 0 0 0 0 0 0
 0 0 0 0 0 0 0 0 0 0 0 0 0 0 0 0 0 0 0 0 0 0 0 0 0 0
 0 0 0 0 0 0 0 0 0 0 0 0 0 0 0 0 0 0 0 0 0 0 0 0 0 0
 0 0 0 0 0 0 0 0 0 0 0 0 0 0 0 0 0 0 0 0 0 0 0 0 0 0
 0 0 0 0 0 0 0 0 0 0 0 0 0 0 0 0 0 0 0 0 0 0 0 0 0 0
 0 0 0 0 0 0 0 0 0 0 0 0 0 0 0 0 0 0 0 0 0 0 0 0 0 0
 0 0 0 0 0 0 0 0 0 0 0 0 0 0 0 0 0 0 0 0 0 0 0 0 0 0
 0 0 0 0 0 0 0 0 0 0 0 0 0 0 0 0 0 0 0 0 0 0 0 0 0 0
 0.00862536 0 0 0.000197151 0.00414017 0.0128641 0.00837892 0.0270097 0.101434 0.158115 0.152841 0.127902 0.109271 0.109419 0.0830992 0.0579132 0.0238553 0.00714673 0.00463305 0.00128148 0.00103504 0.000492878 0.000147863 0.000147863 4.92878e-05 0
 0 0 0 0 0 0 0 0 0 0 0 0 0 0 0 0 0 0 0 0 0 0 0 0 0 0
 0 0 0 0 0 0 0 0.0054083 0.00873648 0.0413646 0.0450493 0.0745869 0.0622846 0.0627006 0.0613931 0.0827291 0.12552 0.122667 0.0946155 0.0697135 0.0546179 0.0294188 0.0215738 0.0213955 0.0102223 0.00600262
 0 0 0 0 0.00359764 0.0251062 0.0480494 0.140153 0.205849 0.193036 0.1447 0.116669 0.0760912 0.0342217 0.00950174 0.001854 0.000860785 0 0 0 0.000165536 0 0.000143464 0 0 0
 0 0 0 0 0 0 0 0.000145254 0.000435761 0.0275982 0.070085 0.0708112 0.156366 0.174668 0.174014 0.160142 0.0824315 0.0480064 0.0283245 0.00493863 0.00203355 0 0 0 0 0
 0 0 0 0 0 0 0 0 0 0 0 0 0 0 0 0 0 0 0 0 0 0 0 0 0 0
 0 0 1.00437e-05 0.000401748 0.00122533 0.00171747 0.00176769 0.0269171 0.070346 0.194647 0.189555 0.159765 0.064822 0.0314167 0.0384472 0.0292271 0.0345202 0.0313363 0.0194345 0.0106764 0.0143323 0.0359363 0.0279516 0.0138201 0.00172751 0
 0 0.0021121 0.0136068 0.0755702 0.200478 0.177729 0.0527432 0.0373336 0.0318909 0.0142505 0.0149659 0.0166563 0.0217959 0.0798694 0.0677717 0.0528807 0.04013 0.0224614 0.0357745 0.0225083 0.00881397 0.00855152 0.00135912 0.000746735 0 0
 0 0 0 0 5.4009e-05 0.00500934 0.000945158 0.0243581 0.138947 0.33067 0.221406 0.137944 0.0707744 0.0437923 0.0131692 0.00525238 0.0047753 0.00276346 9.45158e-05 9.00151e-06 2.25038e-05 9.00151e-06 4.50075e-06 0 0 0
 0.000866109 0.00284123 0.00948549 0.0512746 0.133035 0.25785 0.225252 0.132002 0.0553304 0.0519788 0.0540692 0.017754 0.00435017 0.00159236 0.00146478 0.000404838 0.000125132 0.000115318 0.000107957 0.000100596 0 0 0 0 0 0
 0 0 0 0 0.00144013 0.00171154 0.00461396 0.0210425 0.0478622 0.0707936 0.0888783 0.103762 0.0637923 0.0337046 0.0602308 0.124433 0.169614 0.0934646 0.0462172 0.0250306 0.0313229 0.00938855 0.002487 0.000210481 0 0
 0 0.00764035 0.051015 0.0998891 0.058973 0.0496711 0.0374665 0.0718981 0.12319 0.153886 0.159021 0.0857701 0.0377988 0.023471 0.0147837 0.00900784 0.00315554 0.000888139 0.00291439 0.00214683 0.00393193 0.00274676 0.000635225 9.99891e-05 0 0
 0 0 0 0 0 0 0 0 0 0 0 0 0 0 0 0 0 0 0 0 0 0 0 0 0 0
 0 0 0 0 0 0 0 0 0 0 0 0 0 0 0 0 0 0 0 0 0 0 0 0 0 0
 0 0 0 0 0 0 0 0 0 0 0 0 0 0 0 0 0 0 0 0 0 0 0 0 0 0
 0 0 0 0 0 0 0 0 0 0 0 0 0 0 0 0 0 0 0 0 0 0 0 0 0 0
 0 0 0 0 0 0 0 0 0 0 0 0 0 0 0 0 0 0 0 0 0 0 0 0 0 0
 0 0 0 0 0 0 0 0 0 0 0 0 0 0 0 0 0 0 0 0 0 0 0 0 0 0
 0 0 0 0 0 0 0 0 0 0 0 0 0 0 0 0 0 0 0 0 0 0 0 0 0 0
ppred_pel_tallas
 1.1075e-16 4.47227e-05 0.00043472 0.00288887 0.0131324 0.0408598 0.0870567 0.127065 0.127079 0.0871257 0.0410928 0.0138106 0.00461185 0.00426373 0.00751479 0.0128682 0.0197307 0.0273007 0.0346984 0.0413718 0.0471601 0.0518891 0.0549351 0.0552888 0.0521591 0.0456176
 1.15729e-16 3.91985e-05 0.000381023 0.00253204 0.0115103 0.0358129 0.0763044 0.111375 0.111407 0.0764598 0.0363349 0.0130189 0.00632285 0.00866986 0.0158228 0.026212 0.0380454 0.0485006 0.0547763 0.0557139 0.0525258 0.0479322 0.0443764 0.0427054 0.0421207 0.0410998
 1.11326e-16 5.22173e-05 0.000507571 0.00337299 0.0153331 0.0477072 0.101646 0.148359 0.148379 0.101743 0.048035 0.0162817 0.00576039 0.00574028 0.0100522 0.0166999 0.0244407 0.0315629 0.0363556 0.0380507 0.0372401 0.0353551 0.0336443 0.0324806 0.0314232 0.0297764
 1.04499e-16 6.38575e-05 0.000620717 0.00412488 0.0187511 0.0583418 0.124304 0.181429 0.181444 0.124379 0.0585953 0.0194837 0.00596517 0.00464316 0.0077184 0.0126997 0.0183861 0.0233333 0.0261187 0.0261029 0.0238029 0.0205121 0.0174784 0.0152875 0.0138156 0.0125985
 1.03005e-16 5.70278e-05 0.000554331 0.00368372 0.0167457 0.0521022 0.11101 0.162028 0.162052 0.11113 0.0525058 0.0179116 0.00661043 0.00694402 0.0121942 0.0200746 0.0289256 0.0364022 0.0401525 0.0390918 0.0340415 0.027158 0.0206292 0.0156561 0.0123076 0.0100315
 1.02326e-16 6.46829e-05 0.00062874 0.0041782 0.0189935 0.0590959 0.125911 0.183774 0.183789 0.125987 0.0593526 0.0197353 0.00604176 0.00470224 0.00781658 0.0128606 0.0186139 0.0236027 0.026362 0.0262037 0.0235993 0.0198122 0.0160948 0.0130909 0.0107938 0.00889569
 1.04058e-16 4.09106e-05 0.000397666 0.00264263 0.012013 0.0373773 0.0796377 0.116242 0.116283 0.079836 0.0380431 0.0139362 0.00747021 0.0109373 0.0200606 0.0331072 0.0477061 0.0600283 0.0661907 0.0643939 0.0559794 0.0444907 0.0335292 0.0250829 0.0192903 0.0152837
 1.09523e-16 3.83447e-05 0.000372724 0.00247689 0.0112596 0.0350329 0.0746424 0.108949 0.108979 0.07479 0.0355291 0.0126956 0.00609268 0.00830299 0.0152077 0.0253633 0.0371917 0.0481433 0.0555977 0.0582804 0.0568839 0.0533161 0.0492553 0.0452365 0.0408402 0.0355224
 1.11694e-16 4.79941e-05 0.00046652 0.00310019 0.014093 0.0438487 0.0934252 0.136361 0.136384 0.0935336 0.0442131 0.0151474 0.0057542 0.00628499 0.0111719 0.0185886 0.0272375 0.0352457 0.0407397 0.042888 0.0423484 0.0406688 0.039141 0.0380467 0.0367724 0.0344914
 1.05061e-16 6.48881e-05 0.000630735 0.00419146 0.0190538 0.0592834 0.12631 0.184356 0.18437 0.126377 0.0595087 0.019705 0.00582815 0.00421011 0.00688211 0.0113265 0.016434 0.0209345 0.023585 0.0238319 0.0221328 0.0196106 0.0173242 0.0157307 0.0146595 0.0136584
 1.01101e-16 7.30984e-05 0.000710543 0.00472181 0.0214647 0.0667845 0.142292 0.207681 0.20769 0.142336 0.0669343 0.0218972 0.00580759 0.00308061 0.00457372 0.00744415 0.0107133 0.0134661 0.0148239 0.0143844 0.0124575 0.00985406 0.00739865 0.00554746 0.00432926 0.00353335
 1.01515e-16 4.99321e-05 0.000485358 0.00322538 0.0146621 0.0456194 0.0971983 0.141871 0.141906 0.0973679 0.0461885 0.0163053 0.00734824 0.00947933 0.0171126 0.0281626 0.0404489 0.0506204 0.0552928 0.0528993 0.0446295 0.0336433 0.0232204 0.0152732 0.0100731 0.00691716
 1.0327e-16 5.82152e-05 0.000565872 0.00376042 0.0170943 0.0531869 0.113321 0.1654 0.165419 0.113417 0.0535082 0.0180232 0.00609615 0.00567819 0.00980652 0.0162214 0.0235964 0.0301575 0.0341142 0.0346023 0.032136 0.0281449 0.0240073 0.0203733 0.0171828 0.0141295
 1.00639e-16 7.7694e-05 0.000755213 0.00501866 0.0228141 0.0709831 0.151237 0.220736 0.22074 0.151258 0.0710537 0.0230179 0.00553053 0.00187333 0.00220328 0.00352498 0.0050833 0.00641982 0.00712473 0.00701078 0.00621799 0.00511185 0.00405692 0.00324375 0.00267018 0.0022363
 1.00586e-16 5.95539e-05 0.000578885 0.00384689 0.0174874 0.05441 0.115927 0.169205 0.16923 0.116052 0.0548297 0.0186991 0.00688593 0.00720542 0.0126218 0.0207125 0.0296911 0.0370418 0.0402443 0.0381378 0.0316266 0.0231041 0.0150749 0.00902924 0.00521011 0.00308837
 1.00392e-16 7.77733e-05 0.000755984 0.00502378 0.0228374 0.0710556 0.151392 0.220961 0.220966 0.151412 0.0711252 0.0230385 0.00552894 0.00185991 0.00217771 0.00348575 0.00503353 0.00636966 0.00708889 0.00700034 0.00622978 0.00512193 0.00402389 0.00312271 0.00243161 0.00188048
 1.01146e-16 3.48289e-05 0.000338549 0.00224978 0.0102272 0.031821 0.0677999 0.0989671 0.0990204 0.0680603 0.0326952 0.0127511 0.00858037 0.0141423 0.0262035 0.0431409 0.0618521 0.0771683 0.0838455 0.0794662 0.0659122 0.0481666 0.0314422 0.0188395 0.0108629 0.00641201
 1.00914e-16 7.76703e-05 0.000754983 0.00501713 0.0228071 0.0709615 0.151191 0.220668 0.220671 0.151205 0.0710077 0.022941 0.00535485 0.00149787 0.00150497 0.00240773 0.00355963 0.00468053 0.00553396 0.00599801 0.0061099 0.00599612 0.00575182 0.00538005 0.00483184 0.00409052
 1.00821e-16 5.86735e-05 0.000570328 0.00379003 0.0172289 0.0536058 0.114214 0.166704 0.16673 0.114343 0.0540411 0.0184856 0.00694189 0.00744241 0.0130852 0.0214748 0.030778 0.0383864 0.0416877 0.0394846 0.0327268 0.0239116 0.0156472 0.00947739 0.00563673 0.00354742
 1.02768e-16 5.23559e-05 0.000508918 0.00338194 0.0153738 0.0478338 0.101916 0.148755 0.148782 0.102049 0.0482811 0.0166665 0.00662951 0.00760725 0.0135591 0.022399 0.0324127 0.0410679 0.0457965 0.0453747 0.0405988 0.0336566 0.0267428 0.0210266 0.0165771 0.0129502
 1.04222e-16 5.59457e-05 0.000543812 0.00361382 0.0164279 0.0511135 0.108904 0.158953 0.158975 0.109011 0.0514746 0.0174716 0.00623695 0.00628104 0.010984 0.0181542 0.0263426 0.0335375 0.0377144 0.0379239 0.0348135 0.0300986 0.025439 0.021624 0.0185522 0.0157553
 1.02667e-16 6.59238e-05 0.000640803 0.00425836 0.0193579 0.0602297 0.128326 0.187299 0.187313 0.128397 0.0604668 0.0200429 0.00597918 0.00440159 0.00722086 0.0118661 0.0171647 0.0217489 0.0242687 0.0241007 0.0217021 0.0182661 0.0149678 0.0123985 0.0105206 0.008996
 1.04638e-16 3.27968e-05 0.000318796 0.00211852 0.0096305 0.0299643 0.063844 0.0931925 0.0932418 0.064085 0.0307737 0.0119683 0.00798638 0.0131274 0.0243557 0.0402052 0.0578952 0.0727649 0.0800762 0.0776363 0.0670948 0.0528058 0.0392146 0.0288031 0.0217793 0.0170851
 1.03688e-16 6.82877e-05 0.000663781 0.00441106 0.020052 0.0623894 0.132927 0.194013 0.194021 0.132966 0.0625207 0.0204326 0.00537138 0.0027767 0.00412956 0.00684534 0.0101489 0.0133767 0.0158823 0.0173401 0.0178749 0.0178543 0.0175343 0.0168808 0.0156872 0.0138315
 1.0312e-16 5.4138e-05 0.00052624 0.00349705 0.0158971 0.049462 0.105385 0.153819 0.153847 0.105526 0.0499342 0.0172607 0.00691854 0.00799112 0.014219 0.0233899 0.0336176 0.0421314 0.0461532 0.044421 0.0379569 0.0293964 0.0214318 0.0155662 0.0118966 0.00970202
 1.06346e-16 3.74565e-05 0.000364091 0.00241951 0.0109988 0.0342215 0.0729139 0.106428 0.106466 0.0731003 0.0348478 0.0128093 0.00696988 0.0103162 0.0189929 0.0314812 0.045674 0.0581146 0.0652706 0.0654619 0.0597783 0.0511812 0.0425761 0.0354108 0.0296285 0.0245371
 1.05765e-16 6.19578e-05 0.000602252 0.00400217 0.0181933 0.0566062 0.120606 0.176031 0.176044 0.120669 0.0568179 0.0188061 0.00554575 0.00399 0.00654922 0.0108692 0.0159805 0.0207891 0.0242114 0.0257375 0.0256778 0.0248239 0.023822 0.0227882 0.0214146 0.019362
 1.03887e-16 5.82822e-05 0.000566524 0.00376475 0.017114 0.0532482 0.113452 0.165591 0.165614 0.113563 0.0536226 0.0181953 0.0064791 0.00649238 0.0113141 0.018617 0.0268264 0.0337697 0.0372795 0.0363738 0.0318455 0.0257205 0.0200314 0.0158575 0.0131879 0.0114153
 1.07064e-16 3.00437e-05 0.000292035 0.00194068 0.00882208 0.027449 0.0584848 0.0853701 0.0854172 0.0587149 0.0282219 0.0110555 0.00755088 0.0125521 0.023352 0.0386565 0.0559121 0.0707867 0.0788591 0.0780582 0.0698394 0.0580812 0.0466496 0.037564 0.0308364 0.0255036
 1.14374e-16 3.76557e-05 0.000366027 0.00243238 0.0110573 0.0344034 0.0733009 0.10699 0.107013 0.0734153 0.0347886 0.0121742 0.00525231 0.00657568 0.0119889 0.0201744 0.0300279 0.0397963 0.0476687 0.0527566 0.055449 0.0567686 0.0573171 0.0567658 0.0542555 0.0492247
 1.04767e-16 7.09832e-05 0.000689982 0.00458517 0.0208435 0.064852 0.138174 0.201671 0.201678 0.13821 0.0649719 0.0211904 0.00545786 0.00260181 0.00372217 0.00609574 0.00890644 0.0114886 0.013225 0.0138604 0.0136494 0.0131514 0.0128338 0.0127973 0.0127974 0.0124748
pSPR Fmed_Fpbrs
0.43544   0.6 0.325
Fs Fmed_Fpbrs
0.53659   0.308535 0.768766
SSBpbr Bo_Bmed_Bpbrs
1.2617e+06  486308  693933 346966
Ro
115216
SPR SPRFo_SPRFmed_SPRFpbrs
822366 358091 267269
Fref
0.308535
Nvult_r0
 134149 9775.05 3476.89 3140.4 862.331
CTP_r0
 32458.2 3154.51 1142.09 1032.53 283.54
YTP_r0
391292
Np
 144141 43369.9 13340.1 782.411 347.591
Nvult_p0
 100771 31551.3 9733.71 570.986 253.667
CTP_p0
 16866.9 8220.2 497.364 174.242 192.694
 16866.9 7282.71 2292.48 134.623 59.8109
YTP_p0
 278284 299455
CBA_c0
284635
log_Ro
11.4746
likeval ReclasPelacesDesembMPH_pf_preclas_ppelaces_ptallas_desvR_qrecl_qpela
 18.6442 22.1699 0.035722 41.9404 252.506 120.174 102.485 0 24.1344 1.94623e-05 7.17872e-05 0.10928 2.51722e-10 0 0
q_reclas_q_pelaces
1.86852 3.33814
M
1
N
 160269 31412.8 59628.6 4511.52 0.185747
 87736.3 48710.5 8689.85 16370.6 1238.15
 87282.9 22679.2 10581.5 1861.43 3769.05
 128675 22673.5 4963.07 2283.83 1214.3
 104357 28556.1 3922.45 841.521 592.474
 204251 32643.7 8246.53 1125.46 411.307
 75603.6 57451.1 8044.31 2010.61 374.464
 30710.6 14907.6 8331.02 1137.95 336.937
 30740 10100.8 4639.9 2581.46 456.899
 43444.3 7150.68 1874.58 845.562 553.152
 105541 8189.75 969.61 247.522 184.416
 66473.8 34757.5 2553.91 301.037 134.072
 44311.1 13738.5 5406.77 388.276 66.0673
 119042 5484.59 994.14 374.664 31.4096
 57986.5 19111.4 585.164 102.629 41.8453
 277782 11461.9 2781.51 83.089 20.4864
 51264.8 56190.6 1726.7 409.182 15.217
 484715 11983.6 10504.7 317.037 77.8472
 378828 122072 2503.89 2162.07 81.2078
 248579 89758.2 23285.7 469.348 420.099
 230235 62162.7 18557.9 4741.11 180.943
 361328 58842.9 13277.1 3906.73 1035.36
 73594.9 76385.8 9467.67 2089.72 776.914
 245293 18757.1 16247.5 1984.64 600.432
 196218 68799.3 4602.7 3944.13 627.163
 85527.5 56000.5 17326.4 1147.5 1139.05
 189547 25696.8 15227.7 4673.62 616.499
 213840 54169.7 6484.48 3804.26 1320.89
 63422.7 63745.2 14557.9 1728.17 1365.27
 46723.7 19243.4 17589.6 3986.4 846.72
 183102 12669.2 4489.57 4054.25 1113.26
pred_Ctot
 17887.3 5040.55 9793.42 741.893 0.0305469
 16969.4 13155.5 2396.71 4520.13 341.889
 16678.1 6056.39 2885.89 508.235 1029.14
 33613.1 8063.53 1798.99 828.67 440.621
 10006.7 3958.3 556.754 119.597 84.2079
 31065 7037 1817.53 248.343 90.7643
 23313.1 23681.8 3375.02 844.351 157.263
 2075.65 1470.68 842.243 115.194 34.1102
 7414.05 3341.95 1565.58 871.939 154.335
 14126.3 3087.55 823.434 371.762 243.212
 7055.08 799.285 96.9765 24.7885 18.47
 19286.6 13577.1 1015.94 119.868 53.388
 20242.9 7891.38 3146.98 226.152 38.4825
 45299.5 2710.03 498.907 188.179 15.7765
 17826.6 7856.89 244.862 42.9852 17.5275
 82931.3 4591.97 1134.54 33.9233 8.36454
 12255.3 18442 577.978 137.109 5.09919
 99658.8 3425.08 3065.03 92.6053 22.7402
 88321.6 39160.3 819.351 708.245 26.6033
 51917.5 26028.9 6892.81 139.084 124.497
 45759.2 17218.1 5248.5 1342.36 51.2336
 101581 22349.8 5136.89 1513 400.993
 14722.4 21285.6 2693.72 595.22 221.303
 37659.8 4079.6 3612.79 441.824 133.677
 28389.1 14145.7 967.751 830.27 132.031
 10074.3 9463.25 2996.34 198.688 197.236
 27293.3 5259.56 3187.3 979.404 129.201
 26084.1 9465.54 1159.44 681.045 236.483
 7136.38 10309 2409.73 286.413 226.284
 7960.62 4616.63 4312.17 978.413 207.83
 32458.2 3154.51 1142.09 1032.53 283.54
F
 0.190958 0.28506 0.29265 0.293061 0.293082
 0.352885 0.526782 0.540808 0.541567 0.541607
 0.347957 0.519425 0.533256 0.534004 0.534044
 0.505418 0.75448 0.77457 0.775657 0.775714
 0.162166 0.242079 0.248524 0.248873 0.248892
 0.268415 0.400686 0.411355 0.411932 0.411963
 0.623632 0.930949 0.955737 0.957078 0.957149
 0.111991 0.167179 0.17163 0.171871 0.171884
 0.458357 0.684228 0.702447 0.703433 0.703485
 0.668596 0.99807 1.02464 1.02608 1.02616
 0.110705 0.165259 0.169659 0.169897 0.16991
 0.576603 0.860745 0.883664 0.884904 0.884969
 1.08929 1.62608 1.66938 1.67172 1.67184
 0.829191 1.2378 1.27076 1.27255 1.27264
 0.621181 0.927289 0.95198 0.953316 0.953386
 0.598088 0.892817 0.91659 0.917876 0.917944
 0.453464 0.676924 0.694949 0.695924 0.695975
 0.378953 0.565695 0.580758 0.581573 0.581616
 0.439962 0.656769 0.674257 0.675203 0.675253
 0.386007 0.576225 0.591568 0.592398 0.592442
 0.364229 0.543716 0.558194 0.558977 0.559018
 0.553991 0.826989 0.849009 0.8502 0.850263
 0.367003 0.547856 0.562444 0.563233 0.563275
 0.271259 0.404931 0.415713 0.416296 0.416327
 0.253864 0.378964 0.389055 0.3896 0.389629
 0.202472 0.302247 0.310295 0.310731 0.310754
 0.252518 0.376955 0.386992 0.387535 0.387564
 0.210337 0.313987 0.322348 0.3228 0.322824
 0.192652 0.287588 0.295245 0.29566 0.295681
 0.305076 0.455413 0.467539 0.468195 0.46823
 0.319184 0.476474 0.489161 0.489847 0.489883
YTP_r0W_actual
 269403 44478.6 31521.8 35312.6 10576
YTP_p0W_proyectada
 126333 128811 11504 5117.5 6518.83
 126333 114120 53025.1 3953.87 2023.4
CTP_r0_actual
 32458.2 3154.51 1142.09 1032.53 283.54
CTP_p0_proyectada
 16866.9 8220.2 497.364 174.242 192.694
 16866.9 7282.71 2292.48 134.623 59.8109
Wmedp
 7.49 15.67 23.13 29.37 33.83
Frms_r0
 0.319184 0.476474 0.489161 0.489847 0.489883
Zrms_r0
 1.31918 1.47647 1.48916 1.48985 1.48988
nmprior
 8.19 8.8 8.5 0
nm_flota  nm_reclas  nm_pelaces    nm_pelaL
inf 16.2321 15.8816 36.4051
cv_recla  cv_pelaces  cv_mph
0.390568 0.444911 0.599574
 ------------------------------------------------
Talla a la edad & desviaci?n 
 8 13.2811 15.8009 17.003 17.5766
 0.8 1.32811 1.58009 1.7003 1.75766
