years
 1991 1992 1993 1994 1995 1996 1997 1998 1999 2000 2001 2002 2003 2004 2005 2006 2007 2008 2009 2010 2011 2012 2013 2014 2015 2016 2017 2018 2019 2020 2021
reclasobs
 0 0 0 0 0 0 0 0 0 252601 567819 844713 477998 351125 339783 2.1784e+06 2.13404e+06 4.81314e+06 1.55562e+06 2.62356e+06 3.21686e+06 3.843e+06 1.13348e+06 3.07943e+06 1.97215e+06 2.03268e+06 2.025e+06 2.42433e+06 2.27542e+06 1.05018e+06 2.36338e+06
reclaspred
 19567.6 18166.6 19811.2 23489.5 18817.9 12323.3 8061.21 7269.16 12850.1 33148.2 40513.3 50526.4 58672.9 62887.3 57896.9 64770 66159 75377.3 64329.2 53244.1 79233.8 52143.6 43395.6 96610.4 1.2704e+08 8.05096e+08 1.47854e+09 1.39057e+09 2.31575e+09 3.68442e+09 6.0713e+09
pelacesobs
 0 0 0 0 0 0 0 0 0 0 0 0 0 0 0 552880 188675 0 991730 2.46772e+06 1.41603e+06 1.21717e+06 2.29649e+06 1.80582e+06 0 1.4828e+06 1.56532e+06 1.57751e+06 1.42118e+06 867257 1.10002e+06
pelacespred
 3853.09 3971.84 4153.94 4616.79 4134.84 2812.61 1853.61 1573.14 2831.6 6667.21 9927.62 10359.6 12521.1 14234.6 13280.6 13324.9 13855.1 15186.4 15842.5 12411.9 13731.4 13889.6 9541.05 22310.9 2.29808e+07 1.36992e+08 3.1192e+08 3.36192e+08 4.39844e+08 7.49751e+08 1.29729e+09
mphobs
 0 0 0 0 0 0 0 0 0 0 0 498337 0 5186 125008 0 168611 109162 213762 579715 649985 157893 87575 83554 0 0 0 0 0 0 0
mphpred
 39327.9 44474.1 58360.4 50474.3 39399.6 24663.4 20391.7 17018.4 17266.7 138337 128644 119903 158545 175100 146153 160734 156289 196344 199212 126090 177968 151684 101822 85073.1 1.11682e+06 3.0028e+09 4.42818e+09 4.80377e+09 6.78614e+09 9.59189e+09 1.87629e+10
desembarqueobs
 0.152 0.152 0.152 0.152 0.152 0.152 0.025 0.025 0.025 0.025 0.17 0.17 0.17 0.215 0.215 0.215 0.215 0.215 0.215 0.228 0.228 0.228 0.15 0.15 0.15 300574 407403 355545 319650 289779 219260
desembarquepred
 0.15194 0.15075 0.155044 0.151952 0.151968 0.152005 0.026587 0.025308 0.0252918 0.0261785 0.169937 0.172429 0.174566 0.218466 0.216113 0.221183 0.220791 0.220352 0.221545 0.227925 0.239737 0.227926 0.156261 0.150517 0.16475 289246 408328 356302 319936 289867 219219
Reclutas
 7.96816 14.1347 5.61761 2.25678 1.22126 2.81032 2.06284 1.60976 26.7686 19.935 17.9051 34.2993 33.9372 17.9274 20.163 23.8952 25.2651 33.7698 13.2881 33.4461 13.6901 15.4165 6.88116 281.771 1.15594e+06 631092 922654 1.09547e+06 1.97001e+06 3.94467e+06 3.94467e+06
log_desv_Rt
 -3.10455 -2.53137 -3.45409 -4.36606 -4.98011 -4.1467 -4.45592 -4.70391 -1.89277 -2.18753 -2.29491 -1.64488 -1.65549 -2.29367 -2.17615 -2.00632 -1.95058 -1.66043 -2.59313 -1.67007 -2.56333 -2.44456 -3.25121 0.461096 8.78043 8.17521 8.55501 8.7267 9.31355 10.0079 10.0079
SSB
 39.8649 45.0814 59.1572 51.1635 39.9375 25.0002 20.6701 17.2508 17.5024 140.225 130.4 121.54 160.71 177.49 148.148 162.928 158.423 199.025 201.932 127.811 180.397 153.755 103.212 86.2346 1132.07 3.0438e+06 4.48864e+06 4.86935e+06 6.87879e+06 9.72285e+06 1.90191e+07
BT
 65.9338 93.9265 78.4416 67.0652 49.9515 41.7358 29.6258 35.22 213.278 254.268 215.735 248.99 320.986 321.276 308.991 262.925 289.543 372.058 286.189 240.343 278.819 219.032 156.247 2129.98 3.23796e+06 7.40189e+06 1.17217e+07 1.2601e+07 1.4046e+07 3.08035e+07 4.64259e+07
Ftot
 0.00399348 0.00720435 0.00626204 0.00377172 0.00489338 0.00788381 0.00247875 0.00247875 0.00247875 0.00247875 0.0027582 0.00247875 0.00247875 0.00247875 0.00247875 0.00247875 0.00247875 0.00247875 0.00247875 0.00274006 0.00247875 0.00276452 0.00247875 0.00247875 0.00247875 4.95303 0.208009 0.247056 0.136505 0.0826584 0.0354615
BD_Bspro_t
 0.999395 0.997441 0.997646 0.997228 0.995916 0.993302 0.993369 0.995987 0.997507 0.999758 0.999539 0.99891 0.998953 0.9989 0.998696 0.998541 0.998263 0.998838 0.99884 0.998264 0.998541 0.998218 0.997853 0.997747 0.999852 0.987995 0.946638 0.929485 0.945134 0.960601 0.982207
BD_Bspro
 0.0314334 0.0355466 0.0466454 0.0403423 0.0314907 0.0197126 0.0162983 0.0136022 0.0138006 0.110567 0.10282 0.0958341 0.126719 0.139951 0.116815 0.128469 0.124916 0.156931 0.159223 0.100779 0.142243 0.121235 0.0813825 0.0679959 0.892633 2400.03 3539.29 3839.48 5423.92 7666.46 14996.5
BD_Bo
 2.43449e-05 2.75305e-05 3.61264e-05 3.12447e-05 2.43892e-05 1.52672e-05 1.26229e-05 1.05348e-05 1.06884e-05 8.56333e-05 7.96332e-05 7.42225e-05 9.81428e-05 0.000108391 9.04718e-05 9.94976e-05 9.67462e-05 0.000121541 0.000123317 7.80523e-05 0.000110166 9.38954e-05 6.30299e-05 5.26621e-05 0.000691335 1.8588 2.74114 2.97364 4.20077 5.93759 11.6147
BD_Brms
 4.0907e-05 4.62599e-05 6.07037e-05 5.2501e-05 4.09815e-05 2.56537e-05 2.12104e-05 1.77017e-05 1.79599e-05 0.000143891 0.000133809 0.000124717 0.000164911 0.00018213 0.000152021 0.000167187 0.000162564 0.000204228 0.000207211 0.000131152 0.000185113 0.000157774 0.00010591 8.84889e-05 0.00116166 3.12337 4.60598 4.99664 7.05862 9.97702 19.5163
Sel_flota
 3.6052e-06 0.015102 0.984898 0.999996 1
 3.6052e-06 0.015102 0.984898 0.999996 1
 3.6052e-06 0.015102 0.984898 0.999996 1
 3.6052e-06 0.015102 0.984898 0.999996 1
 3.6052e-06 0.015102 0.984898 0.999996 1
 3.6052e-06 0.015102 0.984898 0.999996 1
 3.6052e-06 0.015102 0.984898 0.999996 1
 3.6052e-06 0.015102 0.984898 0.999996 1
 3.6052e-06 0.015102 0.984898 0.999996 1
 3.6052e-06 0.015102 0.984898 0.999996 1
 3.6052e-06 0.015102 0.984898 0.999996 1
 3.6052e-06 0.015102 0.984898 0.999996 1
 3.6052e-06 0.015102 0.984898 0.999996 1
 3.6052e-06 0.015102 0.984898 0.999996 1
 3.6052e-06 0.015102 0.984898 0.999996 1
 3.6052e-06 0.015102 0.984898 0.999996 1
 3.6052e-06 0.015102 0.984898 0.999996 1
 3.6052e-06 0.015102 0.984898 0.999996 1
 3.6052e-06 0.015102 0.984898 0.999996 1
 3.6052e-06 0.015102 0.984898 0.999996 1
 3.6052e-06 0.015102 0.984898 0.999996 1
 3.6052e-06 0.015102 0.984898 0.999996 1
 3.6052e-06 0.015102 0.984898 0.999996 1
 3.6052e-06 0.015102 0.984898 0.999996 1
 3.6052e-06 0.015102 0.984898 0.999996 1
 3.6052e-06 0.015102 0.984898 0.999996 1
 3.6052e-06 0.015102 0.984898 0.999996 1
 3.6052e-06 0.015102 0.984898 0.999996 1
 3.6052e-06 0.015102 0.984898 0.999996 1
 3.6052e-06 0.015102 0.984898 0.999996 1
 3.6052e-06 0.015102 0.984898 0.999996 1
Sel_reclas
 0.0551691 0.279515 0.720485 0.944831 0.991288
 0.0551691 0.279515 0.720485 0.944831 0.991288
 0.0551691 0.279515 0.720485 0.944831 0.991288
 0.0551691 0.279515 0.720485 0.944831 0.991288
 0.0551691 0.279515 0.720485 0.944831 0.991288
 0.0551691 0.279515 0.720485 0.944831 0.991288
 0.0551691 0.279515 0.720485 0.944831 0.991288
 0.0551691 0.279515 0.720485 0.944831 0.991288
 0.0551691 0.279515 0.720485 0.944831 0.991288
 0.0551691 0.279515 0.720485 0.944831 0.991288
 0.0551691 0.279515 0.720485 0.944831 0.991288
 0.0551691 0.279515 0.720485 0.944831 0.991288
 0.0551691 0.279515 0.720485 0.944831 0.991288
 0.0551691 0.279515 0.720485 0.944831 0.991288
 0.0551691 0.279515 0.720485 0.944831 0.991288
 0.0551691 0.279515 0.720485 0.944831 0.991288
 0.0551691 0.279515 0.720485 0.944831 0.991288
 0.0551691 0.279515 0.720485 0.944831 0.991288
 0.0551691 0.279515 0.720485 0.944831 0.991288
 0.0551691 0.279515 0.720485 0.944831 0.991288
 0.0551691 0.279515 0.720485 0.944831 0.991288
 0.0551691 0.279515 0.720485 0.944831 0.991288
 0.0551691 0.279515 0.720485 0.944831 0.991288
 0.0551691 0.279515 0.720485 0.944831 0.991288
 0.0551691 0.279515 0.720485 0.944831 0.991288
 0.0551691 0.279515 0.720485 0.944831 0.991288
 0.0551691 0.279515 0.720485 0.944831 0.991288
 0.0551691 0.279515 0.720485 0.944831 0.991288
 0.0551691 0.279515 0.720485 0.944831 0.991288
 0.0551691 0.279515 0.720485 0.944831 0.991288
 0.0551691 0.279515 0.720485 0.944831 0.991288
Sel_pelaces
 0.0632219 0.289339 0.710661 0.936778 0.988937
 0.0632219 0.289339 0.710661 0.936778 0.988937
 0.0632219 0.289339 0.710661 0.936778 0.988937
 0.0632219 0.289339 0.710661 0.936778 0.988937
 0.0632219 0.289339 0.710661 0.936778 0.988937
 0.0632219 0.289339 0.710661 0.936778 0.988937
 0.0632219 0.289339 0.710661 0.936778 0.988937
 0.0632219 0.289339 0.710661 0.936778 0.988937
 0.0632219 0.289339 0.710661 0.936778 0.988937
 0.0632219 0.289339 0.710661 0.936778 0.988937
 0.0632219 0.289339 0.710661 0.936778 0.988937
 0.0632219 0.289339 0.710661 0.936778 0.988937
 0.0632219 0.289339 0.710661 0.936778 0.988937
 0.0632219 0.289339 0.710661 0.936778 0.988937
 0.0632219 0.289339 0.710661 0.936778 0.988937
 0.0632219 0.289339 0.710661 0.936778 0.988937
 0.0632219 0.289339 0.710661 0.936778 0.988937
 0.0632219 0.289339 0.710661 0.936778 0.988937
 0.0632219 0.289339 0.710661 0.936778 0.988937
 0.0632219 0.289339 0.710661 0.936778 0.988937
 0.0632219 0.289339 0.710661 0.936778 0.988937
 0.0632219 0.289339 0.710661 0.936778 0.988937
 0.0632219 0.289339 0.710661 0.936778 0.988937
 0.0632219 0.289339 0.710661 0.936778 0.988937
 0.0632219 0.289339 0.710661 0.936778 0.988937
 0.0632219 0.289339 0.710661 0.936778 0.988937
 0.0632219 0.289339 0.710661 0.936778 0.988937
 0.0632219 0.289339 0.710661 0.936778 0.988937
 0.0632219 0.289339 0.710661 0.936778 0.988937
 0.0632219 0.289339 0.710661 0.936778 0.988937
 0.0632219 0.289339 0.710661 0.936778 0.988937
pf_obs 
 0.8446 0.082 0.0669 0.0065 0
 0.8095 0.147 0.0364 0.0071 0
 0.9664 0.0169 0.016 0.0007 0
 0.9276 0.0648 0.0075 0.0001 0
 0.7033 0.2144 0.0806 0.0017 0
 0.9318 0.0425 0.0243 0.0014 0
 0.5671 0.3108 0.0964 0.0239 0.0018
 0.0768 0.2599 0.5324 0.112 0.0189
 0.490249 0.384438 0.106611 0.0170017 0.00170017
 0.7925 0.1577 0.0466 0.003 0.0002
 0.840416 0.127587 0.0312969 0.00059994 9.999e-05
 0.8084 0.0986 0.0794 0.0134 0.0002
 0.7335 0.1905 0.0724 0.0035 0.0001
 0.4001 0.4547 0.1325 0.0127 0
 0.49795 0.308269 0.164784 0.0264974 0.00249975
 0.9179 0.0499 0.0305 0.0017 0
 0.2467 0.6533 0.0926 0.0074 0
 0.9418 0.0223 0.034 0.0019 0
 0.707729 0.231977 0.0356964 0.0245975 0
 0.517169 0.277429 0.184464 0.0207286 0.00020938
 0.811772 0.124168 0.05621 0.00726502 0.000585176
 0.764997 0.148141 0.077277 0.00933861 0.000247198
 0.163321 0.427699 0.378323 0.0303852 0.000271297
 0.753843 0.0900009 0.118128 0.0371064 0.000921714
 0.721811 0.176058 0.0630433 0.0369309 0.00215725
 0.143369 0.312575 0.442814 0.0836902 0.0175525
 0.692698 0.0596174 0.167031 0.0765114 0.00414204
 0.394062 0.376323 0.152708 0.0712218 0.00568511
 0.125707 0.32114 0.495352 0.0537591 0.00404204
 0.23352 0.215282 0.420074 0.123614 0.00750983
 0.796117 0.104755 0.0508955 0.0450114 0.00322123
pf_pred 
 1.42456e-05 0.00154182 0.945111 0.0531948 0.000138603
 5.8833e-05 0.0511074 0.085863 0.817535 0.0454362
 1.40791e-05 0.0545888 0.736356 0.0191812 0.18986
 3.36788e-06 0.0129187 0.778595 0.16293 0.0455527
 2.67834e-06 0.00762684 0.45455 0.425586 0.112234
 1.11672e-05 0.00747808 0.330456 0.30576 0.356295
 1.46017e-05 0.0306549 0.319248 0.218656 0.431426
 1.0222e-05 0.0201856 0.659085 0.10671 0.214008
 0.00019697 0.0182532 0.560599 0.284569 0.136381
 0.000132807 0.274812 0.396079 0.189117 0.13986
 1.6899e-05 0.0289937 0.932983 0.0209052 0.017101
 2.99054e-05 0.0240573 0.641937 0.321093 0.0128824
 3.00575e-05 0.0468131 0.585691 0.242969 0.124497
 1.04366e-05 0.0304455 0.737465 0.143443 0.0886362
 1.06158e-05 0.0145452 0.659913 0.248509 0.077023
 1.72265e-05 0.0223999 0.477328 0.336682 0.163573
 1.96941e-05 0.0287032 0.580476 0.192305 0.198496
 2.44189e-05 0.0281529 0.638149 0.200638 0.133036
 8.95828e-06 0.0350828 0.629065 0.221682 0.11416
 1.86015e-05 0.0113886 0.693584 0.193347 0.101663
 1.13938e-05 0.0428954 0.408448 0.386667 0.161978
 9.17129e-06 0.0125503 0.734772 0.108771 0.143898
 6.00794e-06 0.0207422 0.441451 0.401741 0.136059
 0.000283274 0.0106605 0.572413 0.189397 0.227246
 0.523398 0.196607 0.115073 0.0960599 0.0688623
 0.000364712 0.997985 0.00161566 1.45199e-05 2.04953e-05
 2.46469e-05 0.0259448 0.97403 7.26404e-07 1.4568e-08
 3.28082e-05 0.0425162 0.630686 0.326765 2.44368e-07
 4.52294e-05 0.0387249 0.738153 0.147816 0.0752604
 7.04083e-05 0.0541584 0.697472 0.1914 0.0569
 4.09657e-05 0.0631153 0.744543 0.142406 0.0498947
pobs_RECLAS
 0 0 0 0 0
 0 0 0 0 0
 0 0 0 0 0
 0 0 0 0 0
 0 0 0 0 0
 0 0 0 0 0
 0 0 0 0 0
 0 0 0 0 0
 0 0 0 0 0
 0 0 0 0 0
 0.991045 0.00858322 0.000360255 1.14367e-05 0
 0.934742 0.0480273 0.0164251 0.00080598 0
 0.827803 0.169806 0.00239088 0 0
 0.941827 0.0461693 0.0120037 0 0
 0.791401 0.0380133 0.147996 0.0225897 0
 0.846168 0.0940531 0.0597789 0 0
 0.134021 0.677848 0.182769 0.00536245 0
 0.80878 0.0450904 0.141981 0.00414843 0
 0.846168 0.0940531 0.0597789 0 0
 0.905697 0.0802665 0.012482 0.00150086 5.37128e-05
 0.989698 0.0102097 9.19794e-05 0 0
 0.975433 0.0193895 0.00387452 0.00125025 5.28907e-05
 0.303575 0.632131 0.0575291 0.00676475 0
 0.966965 0.00978017 0.0227588 0.000495775 0
 0.843318 0.132988 0.00938335 0.0141283 0.000182051
 0.564624 0.303363 0.111486 0.0197234 0.00080311
 0.826376 0.0876187 0.0782897 0.00655872 0.00115652
 0.89761 0.0855135 0.0140674 0.00269457 0.000114338
 0.34875 0.467042 0.161289 0.0227151 0.000203297
 0.318654 0.224769 0.449479 0.00709798 0
 0.937255 0.0296025 0.0250945 0.00804832 0
ppred_RECLAS
 0.220627 0.0288812 0.699502 0.0508505 0.000139009
 0.330267 0.346999 0.0230284 0.283193 0.0165129
 0.109341 0.512759 0.27324 0.00919288 0.0954669
 0.0486629 0.225768 0.537635 0.14531 0.042624
 0.0398814 0.137357 0.323431 0.391116 0.108215
 0.143297 0.11606 0.202579 0.242091 0.295974
 0.134732 0.342112 0.140791 0.124546 0.25782
 0.118057 0.28197 0.363815 0.0760792 0.160079
 0.723515 0.0810944 0.0984193 0.0645263 0.032445
 0.263061 0.658376 0.037497 0.0231242 0.0179421
 0.170774 0.354378 0.450614 0.0130409 0.0111923
 0.271032 0.263706 0.278062 0.179639 0.00756154
 0.218232 0.411087 0.203242 0.108897 0.0585419
 0.107481 0.379223 0.362987 0.0911905 0.0591189
 0.132569 0.219691 0.393873 0.191572 0.0622953
 0.17487 0.275022 0.231588 0.210979 0.107541
 0.184262 0.324812 0.259576 0.111069 0.120281
 0.222048 0.309632 0.277346 0.112625 0.0783491
 0.0873681 0.413833 0.293227 0.133463 0.0721089
 0.22133 0.163895 0.394423 0.14201 0.0783411
 0.0972523 0.442839 0.166628 0.203737 0.0895436
 0.121471 0.201048 0.465119 0.0889296 0.123433
 0.0700176 0.292374 0.245892 0.28902 0.102696
 0.809504 0.036846 0.0781811 0.0334108 0.0420585
 0.999516 0.000454107 1.05029e-05 1.1324e-05 8.51694e-06
 0.233169 0.766814 1.60512e-05 1.81723e-07 2.69117e-07
 0.242276 0.308383 0.449341 4.32683e-07 9.10407e-09
 0.245894 0.385292 0.220989 0.147826 1.15985e-07
 0.321299 0.332667 0.247746 0.0640652 0.0342223
 0.381798 0.355169 0.179552 0.0636326 0.019847
 0.248612 0.463255 0.215374 0.0532029 0.0195571
pobs_PELACES
 0 0 0 0 0
 0 0 0 0 0
 0 0 0 0 0
 0 0 0 0 0
 0 0 0 0 0
 0 0 0 0 0
 0 0 0 0 0
 0 0 0 0 0
 0 0 0 0 0
 0 0 0 0 0
 0 0 0 0 0
 0 0 0 0 0
 0 0 0 0 0
 0 0 0 0 0
 0 0 0 0 0
 0 0 0 0 0
 0.505614 0.472636 0.0217494 0 0
 0 0 0 0 0
 0.443492 0.261883 0.143347 0.151278 0
 0.227955 0.32914 0.350689 0.0885471 0.00366901
 0.970185 0.0296113 0.000203453 0 0
 0.997202 0.00247181 0.000326279 0 0
 0.445219 0.490057 0.0546422 0.010081 0
 0.90214 0.0892962 0.00764917 0.000914606 0
 0 0 0 0 0
 0.581667 0.319106 0.0959925 0.00289975 0.000334073
 0.762889 0.0836404 0.116647 0.0363945 0.000428098
 0.88444 0.0763242 0.0277011 0.0115352 0
 0.521256 0.241999 0.230069 0.00667565 0
 0.616807 0.101726 0.260614 0.0208532 0
 0.833518 0.0704572 0.0857862 0.0102388 0
ppred_PELACES
 0.24732 0.0292439 0.674048 0.049253 0.000135478
 0.358111 0.339855 0.021442 0.265041 0.0155503
 0.12175 0.51572 0.261343 0.00883791 0.0923499
 0.0554621 0.232424 0.526767 0.143108 0.0422385
 0.0456417 0.141991 0.318088 0.386639 0.10764
 0.16138 0.11806 0.195866 0.235272 0.289422
 0.150241 0.344596 0.135023 0.120061 0.250079
 0.13255 0.285966 0.351304 0.0738428 0.156337
 0.749435 0.0758754 0.0876764 0.0577802 0.0292331
 0.284204 0.642497 0.0348407 0.0215971 0.0168612
 0.189877 0.35591 0.430856 0.0125335 0.0108236
 0.297756 0.261688 0.262723 0.170607 0.0072259
 0.239969 0.408315 0.192206 0.103516 0.0559945
 0.120431 0.38382 0.349797 0.0883312 0.0576204
 0.149029 0.223081 0.380803 0.186172 0.060915
 0.194646 0.276517 0.221699 0.203014 0.104123
 0.204384 0.325438 0.247624 0.106503 0.116051
 0.245147 0.30878 0.263341 0.10749 0.0752411
 0.0980055 0.419321 0.28289 0.129424 0.0703603
 0.246071 0.164592 0.377104 0.136477 0.0757554
 0.108712 0.447145 0.160193 0.196882 0.0870673
 0.136902 0.204673 0.450794 0.0866361 0.120995
 0.0791364 0.298491 0.239017 0.282392 0.100964
 0.829842 0.0341186 0.0689277 0.0296086 0.0375035
 0.999564 0.000410206 9.03329e-06 9.78985e-06 7.40876e-06
 0.256527 0.74347 3.03881e-06 3.3739e-08 5.02744e-08
 0.274682 0.315492 0.409826 3.96267e-07 8.38958e-09
 0.277246 0.391924 0.197916 0.132914 1.04932e-07
 0.354226 0.331066 0.224892 0.0584171 0.0313988
 0.413504 0.347322 0.162943 0.0580217 0.0182092
 0.27243 0.458465 0.200811 0.0498537 0.0184396
pobs_pel_tallas
 0 0 0 0 0 0 0 0 0 0 0 0 0 0 0 0 0 0 0 0 0 0 0 0 0 0
 0 0 0 0 0 0 0 0 0 0 0 0 0 0 0 0 0 0 0 0 0 0 0 0 0 0
 0 0 0 0 0 0 0 0 0 0 0 0 0 0 0 0 0 0 0 0 0 0 0 0 0 0
 0 0 0 0 0 0 0 0 0 0 0 0 0 0 0 0 0 0 0 0 0 0 0 0 0 0
 0 0 0 0 0 0 0 0 0 0 0 0 0 0 0 0 0 0 0 0 0 0 0 0 0 0
 0 0 0 0 0 0 0 0 0 0 0 0 0 0 0 0 0 0 0 0 0 0 0 0 0 0
 0 0 0 0 0 0 0 0 0 0 0 0 0 0 0 0 0 0 0 0 0 0 0 0 0 0
 0 0 0 0 0 0 0 0 0 0 0 0 0 0 0 0 0 0 0 0 0 0 0 0 0 0
 0 0 0 0 0 0 0 0 0 0 0 0 0 0 0 0 0 0 0 0 0 0 0 0 0 0
 0 0 0 0 0 0 0 0 0 0 0 0 0 0 0 0 0 0 0 0 0 0 0 0 0 0
 0 0 0 0 0 0 0 0 0 0 0 0 0 0 0 0 0 0 0 0 0 0 0 0 0 0
 0 0 0 0 0 0 0 0 0 0 0 0 0 0 0 0 0 0 0 0 0 0 0 0 0 0
 0.00862536 0 0 0.000197151 0.00414017 0.0128641 0.00837892 0.0270097 0.101434 0.158115 0.152841 0.127902 0.109271 0.109419 0.0830992 0.0579132 0.0238553 0.00714673 0.00463305 0.00128148 0.00103504 0.000492878 0.000147863 0.000147863 4.92878e-05 0
 0 0 0 0 0 0 0 0 0 0 0 0 0 0 0 0 0 0 0 0 0 0 0 0 0 0
 0 0 0 0 0 0 0 0.0054083 0.00873648 0.0413646 0.0450493 0.0745869 0.0622846 0.0627006 0.0613931 0.0827291 0.12552 0.122667 0.0946155 0.0697135 0.0546179 0.0294188 0.0215738 0.0213955 0.0102223 0.00600262
 0 0 0 0 0.00359764 0.0251062 0.0480494 0.140153 0.205849 0.193036 0.1447 0.116669 0.0760912 0.0342217 0.00950174 0.001854 0.000860785 0 0 0 0.000165536 0 0.000143464 0 0 0
 0 0 0 0 0 0 0 0.000145254 0.000435761 0.0275982 0.070085 0.0708112 0.156366 0.174668 0.174014 0.160142 0.0824315 0.0480064 0.0283245 0.00493863 0.00203355 0 0 0 0 0
 0 0 0 0 0 0 0 0 0 0 0 0 0 0 0 0 0 0 0 0 0 0 0 0 0 0
 0 0 1.00437e-05 0.000401748 0.00122533 0.00171747 0.00176769 0.0269171 0.070346 0.194647 0.189555 0.159765 0.064822 0.0314167 0.0384472 0.0292271 0.0345202 0.0313363 0.0194345 0.0106764 0.0143323 0.0359363 0.0279516 0.0138201 0.00172751 0
 0 0.0021121 0.0136068 0.0755702 0.200478 0.177729 0.0527432 0.0373336 0.0318909 0.0142505 0.0149659 0.0166563 0.0217959 0.0798694 0.0677717 0.0528807 0.04013 0.0224614 0.0357745 0.0225083 0.00881397 0.00855152 0.00135912 0.000746735 0 0
 0 0 0 0 5.4009e-05 0.00500934 0.000945158 0.0243581 0.138947 0.33067 0.221406 0.137944 0.0707744 0.0437923 0.0131692 0.00525238 0.0047753 0.00276346 9.45158e-05 9.00151e-06 2.25038e-05 9.00151e-06 4.50075e-06 0 0 0
 0.000866109 0.00284123 0.00948549 0.0512746 0.133035 0.25785 0.225252 0.132002 0.0553304 0.0519788 0.0540692 0.017754 0.00435017 0.00159236 0.00146478 0.000404838 0.000125132 0.000115318 0.000107957 0.000100596 0 0 0 0 0 0
 0 0 0 0 0.00144013 0.00171154 0.00461396 0.0210425 0.0478622 0.0707936 0.0888783 0.103762 0.0637923 0.0337046 0.0602308 0.124433 0.169614 0.0934646 0.0462172 0.0250306 0.0313229 0.00938855 0.002487 0.000210481 0 0
 0 0.00764035 0.051015 0.0998891 0.058973 0.0496711 0.0374665 0.0718981 0.12319 0.153886 0.159021 0.0857701 0.0377988 0.023471 0.0147837 0.00900784 0.00315554 0.000888139 0.00291439 0.00214683 0.00393193 0.00274676 0.000635225 9.99891e-05 0 0
 0 0 0 0 0 0 0 0 0 0 0 0 0 0 0 0 0 0 0 0 0 0 0 0 0 0
 0 0 0 0 0 0 0 0 0 0 0 0 0 0 0 0 0 0 0 0 0 0 0 0 0 0
 0 0 0 0 0 0 0 0 0 0 0 0 0 0 0 0 0 0 0 0 0 0 0 0 0 0
 0 0 0 0 0 0 0 0 0 0 0 0 0 0 0 0 0 0 0 0 0 0 0 0 0 0
 0 0 0 0 0 0 0 0 0 0 0 0 0 0 0 0 0 0 0 0 0 0 0 0 0 0
 0 0 0 0 0 0 0 0 0 0 0 0 0 0 0 0 0 0 0 0 0 0 0 0 0 0
 0 0 0 0 0 0 0 0 0 0 0 0 0 0 0 0 0 0 0 0 0 0 0 0 0 0
ppred_pel_tallas
 1.24422e-16 2.03714e-05 0.000198017 0.0013159 0.00598187 0.0186119 0.0396547 0.0578779 0.0578818 0.0396741 0.01868 0.00619219 0.0018943 0.00162754 0.00322348 0.00656795 0.0124145 0.0217559 0.0353939 0.0533541 0.0742345 0.0949156 0.111105 0.118761 0.115767 0.102897
 1.29918e-16 2.94972e-05 0.000286724 0.00190538 0.0086616 0.0269496 0.0574203 0.0838134 0.0838462 0.0575806 0.0274882 0.0102182 0.00581656 0.00883957 0.0163212 0.0270782 0.0393846 0.0504452 0.0575725 0.059875 0.0589511 0.057852 0.0590367 0.0628531 0.0675065 0.070268
 1.24189e-16 1.00285e-05 9.74804e-05 0.000647794 0.00294481 0.00916266 0.0195239 0.0285061 0.0285561 0.0197684 0.00998457 0.00532269 0.00663154 0.0132096 0.0250586 0.0417951 0.0611101 0.0787561 0.0903762 0.0939583 0.0909168 0.0848301 0.0789215 0.0743389 0.0702772 0.0652953
 1.36761e-16 4.56839e-06 4.44064e-05 0.000295097 0.00134148 0.00417397 0.00889395 0.0129858 0.013009 0.00900779 0.00455863 0.00246308 0.00315052 0.00641095 0.012488 0.0216678 0.033632 0.0473892 0.0618363 0.0763922 0.0909627 0.105114 0.117243 0.124708 0.125016 0.117212
 1.66206e-16 3.75948e-06 3.65435e-05 0.000242845 0.00110395 0.00343486 0.00731887 0.0106851 0.0106994 0.00738905 0.0036724 0.0017984 0.00201822 0.00402106 0.00789851 0.0139334 0.022205 0.0325815 0.045078 0.0601581 0.0784674 0.0999302 0.122824 0.143656 0.158127 0.162716
 1.78256e-16 1.32926e-05 0.000129209 0.000858642 0.00390327 0.0121446 0.0258757 0.0377689 0.0377807 0.0259336 0.0123401 0.00447377 0.00231322 0.0033816 0.00642478 0.0112417 0.0177731 0.0258752 0.0356336 0.0477014 0.063133 0.0825724 0.105252 0.128528 0.148366 0.160583
 1.58346e-16 1.23752e-05 0.000120292 0.000799383 0.0036339 0.0113066 0.0240911 0.0351687 0.0352021 0.0242546 0.0118562 0.00522453 0.00480439 0.00890562 0.0168275 0.0281592 0.0414601 0.0541658 0.0638351 0.0697905 0.0737264 0.0785873 0.0864882 0.0972191 0.108268 0.116093
 1.44074e-16 1.0918e-05 0.000106127 0.000705255 0.003206 0.00997521 0.0212543 0.0310271 0.0310552 0.0213918 0.0104386 0.00455139 0.00410889 0.00762494 0.0145533 0.0247381 0.0372865 0.050414 0.062312 0.0722649 0.0809465 0.0895009 0.0981724 0.105688 0.109858 0.10881
 1.13292e-16 6.173e-05 0.000600037 0.00398746 0.0181264 0.0563981 0.120162 0.175382 0.175389 0.120199 0.0565211 0.0184836 0.00489146 0.00259813 0.00393005 0.00659581 0.00996595 0.0135474 0.0168992 0.0198837 0.022725 0.0257344 0.0289163 0.0317923 0.0335875 0.033622
 1.06189e-16 2.34096e-05 0.00022755 0.00151215 0.00687407 0.0213881 0.0455719 0.0665265 0.0665883 0.045874 0.0224024 0.00980249 0.00885893 0.0162525 0.0304198 0.0501548 0.0720214 0.0901044 0.0984036 0.0941898 0.0796814 0.0606195 0.0429156 0.0299432 0.0220197 0.0176245
 1.15614e-16 1.564e-05 0.000152027 0.00101027 0.00459257 0.0142894 0.0304463 0.0444446 0.0444795 0.0306171 0.0148645 0.00626113 0.00522675 0.00944961 0.0179451 0.0303481 0.0453534 0.0604278 0.0728549 0.0811577 0.0856024 0.0873015 0.0868119 0.083589 0.0767111 0.0660479
 1.25981e-16 2.45258e-05 0.0002384 0.00158425 0.00720179 0.0224076 0.0477427 0.0696872 0.0697128 0.0478681 0.0228299 0.00842703 0.00468018 0.00706511 0.0131924 0.022308 0.0334093 0.0447379 0.0545157 0.0619923 0.0677533 0.0728984 0.0777817 0.0814311 0.0820995 0.0784109
 1.25509e-16 1.9766e-05 0.000192133 0.00127679 0.00580413 0.018059 0.0384781 0.0561682 0.0562078 0.0386717 0.0187099 0.00768756 0.00601715 0.010583 0.0198812 0.0331756 0.048601 0.0628677 0.0726549 0.0765336 0.0757739 0.0732582 0.0713894 0.070683 0.0699234 0.0673828
 1.28802e-16 9.91984e-06 9.64244e-05 0.000640776 0.0029129 0.0090633 0.0193117 0.0281939 0.0282313 0.0194951 0.00968058 0.0047022 0.00515645 0.0100349 0.0191232 0.0322256 0.0478973 0.063352 0.0757084 0.0836281 0.087905 0.0904063 0.0922975 0.0931087 0.0912873 0.085531
 1.40026e-16 1.22754e-05 0.000119321 0.00079293 0.00360456 0.0112152 0.0238961 0.0348816 0.0349038 0.0240044 0.0115809 0.00466871 0.00349476 0.00611988 0.0117122 0.0201471 0.0309286 0.0429595 0.0551224 0.067 0.0789258 0.0911518 0.102838 0.111847 0.115614 0.11246
 1.44449e-16 1.60328e-05 0.000155845 0.00103565 0.00470791 0.0146482 0.0312105 0.0455583 0.0455854 0.0313427 0.0150933 0.00599848 0.00429447 0.00733518 0.0138472 0.0233953 0.0349792 0.0467797 0.0570406 0.0652327 0.0723835 0.0801154 0.0891093 0.0982426 0.105021 0.106871
 1.37549e-16 1.68349e-05 0.000163642 0.00108746 0.00494345 0.0153811 0.0327722 0.0478386 0.0478703 0.0329274 0.0159034 0.00645704 0.00490542 0.00856082 0.0161511 0.0271716 0.0403301 0.0532815 0.0636821 0.0706131 0.0750819 0.0790438 0.0837263 0.0886364 0.0919139 0.0915404
 1.31192e-16 2.01925e-05 0.000196278 0.00130434 0.00592936 0.0184486 0.0393078 0.0573772 0.0574073 0.0394553 0.018945 0.00736829 0.00493569 0.00818854 0.0153919 0.0259258 0.038562 0.0510951 0.0612963 0.0682301 0.0727094 0.0763828 0.080213 0.0836376 0.084994 0.0826782
 1.33158e-16 8.07268e-06 7.84693e-05 0.000521458 0.0023705 0.00737572 0.0157163 0.0229469 0.0229877 0.0159159 0.00804718 0.00431517 0.0054229 0.0108455 0.0206561 0.0346653 0.0511959 0.0670781 0.0790923 0.0858556 0.088541 0.0897037 0.0911876 0.0928552 0.0929757 0.0896418
 1.37432e-16 2.02686e-05 0.000197018 0.00130926 0.0059517 0.018518 0.0394552 0.0575895 0.0576059 0.039536 0.018791 0.00674814 0.00333855 0.00472744 0.00892165 0.0155022 0.0241864 0.034361 0.0453918 0.0570463 0.0694198 0.0822712 0.0943472 0.103418 0.107147 0.104199
 1.39216e-16 8.9546e-06 8.70419e-05 0.000578426 0.00262947 0.00818148 0.0174331 0.0254532 0.0254966 0.0176449 0.00889346 0.0046891 0.00576085 0.0114429 0.0217051 0.0362213 0.0530429 0.0686244 0.0794548 0.0842006 0.0845721 0.0840317 0.0853284 0.088781 0.0923944 0.0933437
 1.42226e-16 1.12765e-05 0.000109612 0.000728409 0.00331125 0.0103026 0.0219516 0.0320433 0.0320637 0.0220518 0.010641 0.00429771 0.00323913 0.00570568 0.0109791 0.0190278 0.0295192 0.0415875 0.0543087 0.0672776 0.0805859 0.0940685 0.106498 0.115583 0.118919 0.115189
 1.5238e-16 6.51842e-06 6.33614e-05 0.00042106 0.0019141 0.00595562 0.0126902 0.0185278 0.018557 0.012833 0.0064365 0.00330877 0.003944 0.00782893 0.0149808 0.0253666 0.0380245 0.0510702 0.0627068 0.0724708 0.0815474 0.0916726 0.103422 0.115273 0.12413 0.126849
 1.11314e-16 6.8353e-05 0.000664415 0.00441527 0.0200712 0.0624489 0.133054 0.194197 0.194201 0.133071 0.0625053 0.0202356 0.00483394 0.00159817 0.00190075 0.00319145 0.00496721 0.00705767 0.00935301 0.0118565 0.014666 0.0178183 0.0211103 0.0240594 0.0260547 0.0266006
 1.00003e-16 8.23327e-05 0.000800303 0.0053183 0.0241762 0.0752212 0.160267 0.233914 0.233914 0.160267 0.0752218 0.0241781 0.00532298 0.000810519 0.0001017 3.77126e-05 4.60552e-05 5.71338e-05 6.21051e-05 5.89586e-05 4.91184e-05 3.63097e-05 2.44043e-05 1.56657e-05 1.0383e-05 7.62121e-06
 1.00191e-16 2.11299e-05 0.000205391 0.0013649 0.00620467 0.0193054 0.0411348 0.0600525 0.060124 0.0414841 0.0204775 0.00958776 0.00984852 0.0186973 0.0350582 0.057709 0.0826232 0.102834 0.111261 0.104645 0.0855583 0.0608098 0.037571 0.0201786 0.00942079 0.00382334
 1.11908e-16 2.26252e-05 0.000219925 0.00146148 0.00664371 0.0206712 0.0440433 0.064289 0.06432 0.0441949 0.0211818 0.00812545 0.00520751 0.00848535 0.0159763 0.0270407 0.0404881 0.0540916 0.0654469 0.0732014 0.0774833 0.0791202 0.0784503 0.0749185 0.0677803 0.0571362
 1.19142e-16 2.28364e-05 0.000221978 0.00147513 0.00670573 0.0208642 0.0444548 0.0648911 0.0649291 0.0446408 0.0214895 0.00851514 0.00603018 0.0102099 0.019123 0.0319267 0.0468191 0.0606515 0.0702279 0.0741266 0.0734563 0.0708194 0.0683506 0.0664465 0.0639994 0.0596023
 1.17747e-16 2.91772e-05 0.000283613 0.00188471 0.00856763 0.0266572 0.0567973 0.082904 0.0829362 0.0569548 0.027187 0.0101016 0.00574971 0.00876953 0.0162888 0.0272594 0.0401526 0.0523668 0.0612392 0.0655302 0.0660306 0.0647026 0.0631046 0.0614349 0.0588086 0.0542594
 1.13692e-16 3.40599e-05 0.000331074 0.00220011 0.0100014 0.0311182 0.0663018 0.0967765 0.0968102 0.0664665 0.0316715 0.0116021 0.00622777 0.00915571 0.0168889 0.028118 0.0410949 0.052936 0.0607094 0.0630689 0.0609738 0.0568225 0.0527406 0.049426 0.0462626 0.0422614
 1.14033e-16 2.24398e-05 0.000218123 0.00144951 0.00658928 0.0205019 0.0436831 0.0637661 0.0638106 0.0439003 0.0212316 0.00869978 0.00675816 0.0118435 0.022209 0.0369633 0.0539091 0.069191 0.07886 0.0810692 0.0770603 0.070059 0.063034 0.0571544 0.0518823 0.0461339
pSPR Fmed_Fpbrs
0.996092   0.645126 0.645126
Fs Fmed_Fpbrs
0.00692562   2 2
SSBpbr Bo_Bmed_Bpbrs
1.63751e+06  1.54923e+06  974524 974524
Ro
177.683
SPR SPRFo_SPRFmed_SPRFpbrs
1268.23 1263.28 818.17
Fref
2
Nvult_r0
 2.4935e+06 917595 171683 32358.1 11337.2
CTP_r0
 0.318784 491.146 5793.83 1108.17 388.267
YTP_r0
219219
Np
 1.51831e+06 558551 517969 27379.3 4944.19
Nvult_p0
 959759 359185 491390 26016.2 4698.03
CTP_p0
 6.92019 27359.8 335742 59924.3 15291.8
 6.92019 10530.8 325927 17344.1 3132.02
YTP_p0
 1.04718e+07 8.31912e+06
CBA_c0
9.82599e+06
log_Ro
5
likeval ReclasPelacesDesembMPH_pf_preclas_ppelaces_ptallas_desvR_qrecl_qpela
 2580.99 2014.46 126.721 0.000941261 1895.06 294.592 168.743 0 1088.69 0.00210798 0.00152137 11.7017 104.517 0 0
q_reclas_q_pelaces
669.168 257.031
M
1
N
 7.96816 0.205882 1.93826 0.107449 0.000279966
 14.1347 2.93132 0.0757351 0.710248 0.0394733
 5.61761 5.19987 1.07826 0.0276644 0.273827
 2.25678 2.0666 1.91274 0.394229 0.11022
 1.22126 0.830225 0.760217 0.70105 0.184878
 2.81032 0.449278 0.3054 0.278324 0.324324
 2.06284 1.03386 0.165261 0.111481 0.219961
 1.60976 0.758875 0.380321 0.0606477 0.121629
 26.7686 0.592199 0.279164 0.139571 0.0668898
 19.935 9.84762 0.21785 0.102448 0.0757646
 17.9051 7.33366 3.6226 0.079947 0.0653986
 34.2993 6.58693 2.69779 1.32906 0.0533224
 33.9372 12.618 2.4231 0.990042 0.507293
 17.9274 12.4848 4.64173 0.889237 0.549475
 20.163 6.59513 4.59273 1.70343 0.527962
 23.8952 7.41757 2.42612 1.68545 0.818852
 25.2651 8.79056 2.72867 0.890344 0.919
 33.7698 9.29451 3.23374 1.00137 0.663973
 13.2881 12.4232 3.41913 1.18673 0.61113
 33.4461 4.88843 4.57007 1.25476 0.659757
 13.6901 12.3041 1.79828 1.67671 0.702385
 15.4165 5.0363 4.52626 0.659936 0.873052
 6.88116 5.67142 1.85268 1.66059 0.562398
 281.771 2.53144 2.08632 0.679899 0.815767
 1.15594e+06 103.658 0.931229 0.765642 0.548863
 631092 425247 38.1322 0.341745 0.482382
 922654 232162 145165 0.10676 0.00214106
 1.09547e+06 339425 85139.7 43510.5 0.0325387
 1.97001e+06 403001 124402 24556.3 12502.7
 3.94467e+06 724725 147951 40008 11893.7
 3.94467e+06 1.45116e+06 266279 50172.5 17578.8
pred_Ctot
 7.25168e-08 7.84862e-06 0.00481107 0.000270787 7.05557e-07
 2.32066e-07 0.000201592 0.000338685 0.00322475 0.000179222
 8.01671e-08 0.000310832 0.00419286 0.000109219 0.00108108
 1.93981e-08 7.44082e-05 0.00448449 0.000938431 0.000262371
 1.36191e-08 3.87816e-05 0.00231134 0.00216406 0.000570698
 5.04917e-08 3.38115e-05 0.00149413 0.00138247 0.00161096
 1.16527e-08 2.44637e-05 0.000254771 0.000174495 0.000344293
 9.09335e-09 1.79569e-05 0.000586315 9.49284e-05 0.000190379
 1.51213e-07 1.40129e-05 0.000430369 0.000218462 0.000104699
 1.1261e-07 0.000233019 0.000335844 0.000160356 0.00011859
 1.12547e-07 0.000193096 0.00621362 0.000139228 0.000113892
 1.93752e-07 0.000155863 0.004159 0.00208031 8.34627e-05
 1.91707e-07 0.000298574 0.00373554 0.00154966 0.000794039
 1.0127e-07 0.000295422 0.00715585 0.00139187 0.000860064
 1.13898e-07 0.000156057 0.0070803 0.00266629 0.000826392
 1.34981e-07 0.000175518 0.00374019 0.00263814 0.00128171
 1.42719e-07 0.000208007 0.00420661 0.0013936 0.00143846
 1.90761e-07 0.000219932 0.00498525 0.00156739 0.00103928
 7.5063e-08 0.000293965 0.00527105 0.00185752 0.000956569
 2.0885e-07 0.000127867 0.00778727 0.00217082 0.00114143
 7.73336e-08 0.000291146 0.00277228 0.00262445 0.00109941
 9.7126e-08 0.000132911 0.00778139 0.00115191 0.00152391
 3.88708e-08 0.0001342 0.00285615 0.00259923 0.000880292
 1.59169e-06 5.99002e-05 0.00321634 0.00106421 0.00127688
 0.00652977 0.00245281 0.00143561 0.00119842 0.000859106
 7.12344 19492.3 31.5566 0.283599 0.400308
 0.437371 460.403 17284.6 0.0128904 0.000258516
 0.616772 799.275 11856.5 6142.96 0.00459394
 0.612835 524.703 10001.6 2002.84 1019.74
 0.743064 571.569 7360.87 2019.96 600.502
 0.318784 491.146 5793.83 1108.17 388.267
F
 1.43973e-08 6.03096e-05 0.00393317 0.00399347 0.00399348
 2.59731e-08 0.0001088 0.00709555 0.00720433 0.00720435
 2.25759e-08 9.45694e-05 0.00616747 0.00626202 0.00626204
 1.35978e-08 5.69606e-05 0.00371476 0.00377171 0.00377172
 1.76416e-08 7.38999e-05 0.00481948 0.00489337 0.00489338
 2.84227e-08 0.000119061 0.00776475 0.00788379 0.00788381
 8.93639e-09 3.74341e-05 0.00244132 0.00247874 0.00247875
 8.93639e-09 3.74341e-05 0.00244132 0.00247874 0.00247875
 8.93639e-09 3.74341e-05 0.00244132 0.00247874 0.00247875
 8.93639e-09 3.74341e-05 0.00244132 0.00247874 0.00247875
 9.94386e-09 4.16544e-05 0.00271655 0.00275819 0.0027582
 8.93639e-09 3.74341e-05 0.00244132 0.00247874 0.00247875
 8.93639e-09 3.74341e-05 0.00244132 0.00247874 0.00247875
 8.93639e-09 3.74341e-05 0.00244132 0.00247874 0.00247875
 8.93639e-09 3.74341e-05 0.00244132 0.00247874 0.00247875
 8.93639e-09 3.74341e-05 0.00244132 0.00247874 0.00247875
 8.93639e-09 3.74341e-05 0.00244132 0.00247874 0.00247875
 8.93639e-09 3.74341e-05 0.00244132 0.00247874 0.00247875
 8.93639e-09 3.74341e-05 0.00244132 0.00247874 0.00247875
 9.87847e-09 4.13805e-05 0.00269868 0.00274005 0.00274006
 8.93639e-09 3.74341e-05 0.00244132 0.00247874 0.00247875
 9.96665e-09 4.17499e-05 0.00272277 0.00276451 0.00276452
 8.93639e-09 3.74341e-05 0.00244132 0.00247874 0.00247875
 8.93639e-09 3.74341e-05 0.00244132 0.00247874 0.00247875
 8.93639e-09 3.74341e-05 0.00244132 0.00247874 0.00247875
 1.78567e-05 0.0748008 4.87823 4.95301 4.95303
 7.49915e-07 0.00314136 0.204868 0.208009 0.208009
 8.90684e-07 0.00373104 0.243325 0.247055 0.247056
 4.92126e-07 0.00206149 0.134443 0.136504 0.136505
 2.98e-07 0.00124831 0.0814101 0.0826581 0.0826584
 1.27846e-07 0.000535541 0.034926 0.0354614 0.0354615
YTP_r0W_actual
 2.64591 6925.16 159910 37899.4 14482.3
YTP_p0W_proyectada
 51.8322 428728 7.76571e+06 1.75998e+06 517323
 51.8322 165017 7.5387e+06 509396 105956
CTP_r0_actual
 0.318784 491.146 5793.83 1108.17 388.267
CTP_p0_proyectada
 6.92019 27359.8 335742 59924.3 15291.8
 6.92019 10530.8 325927 17344.1 3132.02
Wmedp
 7.49 15.67 23.13 29.37 33.83
Frms_r0
 1.27846e-07 0.000535541 0.034926 0.0354614 0.0354615
Zrms_r0
 1 1.00054 1.03493 1.03546 1.03546
nmprior
 8.19 8.8 8.5 0
nm_flota  nm_reclas  nm_pelaces    nm_pelaL
0 1.40043 3.26809 4.66211
cv_recla  cv_pelaces  cv_mph
4.59534 5.08922 0.946805
 ------------------------------------------------
Talla a la edad & desviaci?n 
 8 13.2811 15.8009 17.003 17.5766
 0.8 1.32811 1.58009 1.7003 1.75766
