years
 1991 1992 1993 1994 1995 1996 1997 1998 1999 2000 2001 2002 2003 2004 2005 2006 2007 2008 2009 2010 2011 2012 2013 2014 2015 2016 2017 2018 2019 2020 2021
reclasobs
 0 0 0 0 0 0 0 0 0 252601 567819 844713 477998 351125 339783 2.1784e+06 2.13404e+06 4.81314e+06 1.55562e+06 2.62356e+06 3.21686e+06 3.843e+06 1.13348e+06 3.07943e+06 1.97215e+06 2.03268e+06 2.025e+06 2.42433e+06 2.27542e+06 1.05018e+06 2.36338e+06
reclaspred
 3.22091e+06 1.73217e+06 878887 947196 984344 1.83978e+06 938444 768101 498789 285921 678923 586312 379629 580379 414720 1.69294e+06 1.50452e+06 3.6713e+06 2.75964e+06 2.44631e+06 3.51254e+06 2.44799e+06 1.57534e+06 2.89088e+06 1.9975e+06 1.85107e+06 2.19575e+06 2.62878e+06 2.09407e+06 1.2249e+06 2.15012e+06
pelacesobs
 0 0 0 0 0 0 0 0 0 0 0 0 0 0 0 552880 188675 0 991730 2.46772e+06 1.41603e+06 1.21717e+06 2.29649e+06 1.80582e+06 0 1.4828e+06 1.56532e+06 1.57751e+06 1.42118e+06 867257 1.10002e+06
pelacespred
 1.9209e+06 1.10654e+06 532237 424765 514257 939448 449685 493477 277343 129337 336237 258481 159309 266555 192052 679083 743092 1.86823e+06 1.52958e+06 1.21168e+06 1.74693e+06 1.28935e+06 894522 1.6339e+06 1.17942e+06 1.10302e+06 1.38247e+06 1.61536e+06 1.23612e+06 801952 1.20486e+06
mphobs
 0 0 0 0 0 0 0 0 0 0 0 498337 6000 5186 125008 0 168611 109162 213762 579715 649985 157893 87575 83554 210694 70296 0 107559 103333 445601 0
mphpred
 368580 250454 116893 65824.8 74747.7 95375.8 136482 64127.3 56230.6 28812.5 14976.8 63250.1 32639.4 16629.1 26039.7 23477.1 147574 129356 276526 182426 246424 229000 184394 123915 218506 164927 144243 151370 248127 162103 87599.1
desembarqueobs
 494567 514787 250237 358949 120608 361735 552515 73892 212993 205616 52469 317467 293654 387597 252695 516296 358380 742168 942051 627588 828172 859565 418607 520667 417249 300574 415391 372974 316634 284311 391294
desembarquepred
 494566 514038 250572 358983 120613 361736 552519 73898.6 213072 205675 52466.8 317827 293902 387210 252586 516242 358491 742060 941451 627168 828405 859710 418634 520687 417262 300541 415383 372908 316533 284312 391293
Reclutas
 160791 88244.9 87284.8 127595 102338 195592 71588.4 28033.5 27288.4 37751.6 103164 60383.2 65335.2 100169 48680.1 366354 69608.9 520099 289871 325774 257723 383619 61301.3 237554 170776 96783.6 175976 227939 77366.9 45246.4 212420
log_desv_Rt
 0.32177 -0.278222 -0.289162 0.0905241 -0.130054 0.517693 -0.487405 -1.42494 -1.45187 -1.12731 -0.122022 -0.657627 -0.578807 -0.151483 -0.873067 1.14526 -0.515446 1.49568 0.911099 1.02786 0.793547 1.19131 -0.642536 0.712058 0.382016 -0.18586 0.412008 0.670739 -0.409779 -0.946214 0.600229
SSB
 1.42434e+06 967854 451723 254373 288855 368571 527423 247814 217297 111343 57876.2 244424 126132 64261.7 100628 90724.8 570284 499885 1.06861e+06 704965 952281 884949 712574 478856 844394 637343 557415 584953 958862 626433 338518
BT
 2.1354e+06 1.49118e+06 715559 732537 608382 1.32299e+06 913072 560468 486826 331363 431026 522138 441301 725810 470039 1.21845e+06 1.00353e+06 2.76315e+06 2.46484e+06 1.78004e+06 2.466e+06 2.12006e+06 1.21574e+06 2.30949e+06 1.53461e+06 1.36766e+06 1.91165e+06 2.13473e+06 1.40732e+06 1.00818e+06 1.7201e+06
Ftot
 0.286717 0.529683 0.522196 0.766624 0.2497 0.423642 1.02442 0.191527 0.820361 1.34401 0.187898 0.99273 1.46387 1.45444 1.26509 0.730825 0.452103 0.458526 0.66863 0.537535 0.469749 0.707915 0.489609 0.40365 0.408693 0.322487 0.405769 0.317116 0.27723 0.425375 0.415623
BD_Bspro_t
 0.955404 0.713791 0.475861 0.375758 0.380114 0.489171 0.502298 0.290567 0.33458 0.241321 0.182907 0.548559 0.281377 0.15767 0.201529 0.186707 0.461854 0.413203 0.535248 0.40942 0.430865 0.412286 0.390655 0.337934 0.502826 0.491691 0.512711 0.555195 0.649526 0.553352 0.44739
BD_Bspro
 1.71214 1.16342 0.542999 0.305773 0.347222 0.443044 0.633995 0.297887 0.261205 0.133841 0.0695707 0.293812 0.151618 0.0772465 0.120961 0.109057 0.685516 0.600893 1.28453 0.847412 1.1447 1.06376 0.856557 0.575614 1.01501 0.766126 0.670047 0.70315 1.15261 0.753011 0.40692
BD_Bo
 1.07962 0.733613 0.342397 0.19281 0.218946 0.279369 0.399775 0.187838 0.164707 0.0843958 0.0438689 0.185268 0.0956053 0.048709 0.0762737 0.0687675 0.432263 0.378902 0.809982 0.534349 0.721809 0.670773 0.540116 0.362962 0.640033 0.483093 0.422509 0.443382 0.726797 0.474823 0.25659
BD_Brms
 1.96294 1.33384 0.622539 0.350563 0.398084 0.507943 0.726864 0.341523 0.299467 0.153447 0.0797617 0.336851 0.173828 0.0885618 0.138679 0.125032 0.785933 0.688913 1.47269 0.971543 1.31238 1.21959 0.982029 0.659932 1.1637 0.87835 0.768197 0.80615 1.32145 0.863314 0.466526
Sel_flota
 0.659835 0.973584 0.998574 0.999925 0.999996
 0.659835 0.973584 0.998574 0.999925 0.999996
 0.659835 0.973584 0.998574 0.999925 0.999996
 0.659835 0.973584 0.998574 0.999925 0.999996
 0.659835 0.973584 0.998574 0.999925 0.999996
 0.659835 0.973584 0.998574 0.999925 0.999996
 0.659835 0.973584 0.998574 0.999925 0.999996
 0.659835 0.973584 0.998574 0.999925 0.999996
 0.659835 0.973584 0.998574 0.999925 0.999996
 0.659835 0.973584 0.998574 0.999925 0.999996
 0.659835 0.973584 0.998574 0.999925 0.999996
 0.659835 0.973584 0.998574 0.999925 0.999996
 0.659835 0.973584 0.998574 0.999925 0.999996
 0.659835 0.973584 0.998574 0.999925 0.999996
 0.659835 0.973584 0.998574 0.999925 0.999996
 0.659835 0.973584 0.998574 0.999925 0.999996
 0.659835 0.973584 0.998574 0.999925 0.999996
 0.659835 0.973584 0.998574 0.999925 0.999996
 0.659835 0.973584 0.998574 0.999925 0.999996
 0.659835 0.973584 0.998574 0.999925 0.999996
 0.659835 0.973584 0.998574 0.999925 0.999996
 0.659835 0.973584 0.998574 0.999925 0.999996
 0.659835 0.973584 0.998574 0.999925 0.999996
 0.659835 0.973584 0.998574 0.999925 0.999996
 0.659835 0.973584 0.998574 0.999925 0.999996
 0.659835 0.973584 0.998574 0.999925 0.999996
 0.659835 0.973584 0.998574 0.999925 0.999996
 0.659835 0.973584 0.998574 0.999925 0.999996
 0.659835 0.973584 0.998574 0.999925 0.999996
 0.659835 0.973584 0.998574 0.999925 0.999996
 0.659835 0.973584 0.998574 0.999925 0.999996
Sel_reclas
 1 1 1 1 1
 1 1 1 1 1
 1 1 1 1 1
 1 1 1 1 1
 1 1 1 1 1
 1 1 1 1 1
 1 1 1 1 1
 1 1 1 1 1
 1 1 1 1 1
 1 1 1 1 1
 1 1 1 1 1
 1 1 1 1 1
 1 1 1 1 1
 1 1 1 1 1
 1 1 1 1 1
 1 1 1 1 1
 1 1 1 1 1
 1 1 1 1 1
 1 1 1 1 1
 1 1 1 1 1
 1 1 1 1 1
 1 1 1 1 1
 1 1 1 1 1
 1 1 1 1 1
 1 1 1 1 1
 1 1 1 1 1
 1 1 1 1 1
 1 1 1 1 1
 1 1 1 1 1
 1 1 1 1 1
 1 1 1 1 1
Sel_pelaces
 0.665184 0.909078 0.980514 0.996067 0.999216
 0.665184 0.909078 0.980514 0.996067 0.999216
 0.665184 0.909078 0.980514 0.996067 0.999216
 0.665184 0.909078 0.980514 0.996067 0.999216
 0.665184 0.909078 0.980514 0.996067 0.999216
 0.665184 0.909078 0.980514 0.996067 0.999216
 0.665184 0.909078 0.980514 0.996067 0.999216
 0.665184 0.909078 0.980514 0.996067 0.999216
 0.665184 0.909078 0.980514 0.996067 0.999216
 0.665184 0.909078 0.980514 0.996067 0.999216
 0.665184 0.909078 0.980514 0.996067 0.999216
 0.665184 0.909078 0.980514 0.996067 0.999216
 0.665184 0.909078 0.980514 0.996067 0.999216
 0.665184 0.909078 0.980514 0.996067 0.999216
 0.665184 0.909078 0.980514 0.996067 0.999216
 0.665184 0.909078 0.980514 0.996067 0.999216
 0.665184 0.909078 0.980514 0.996067 0.999216
 0.665184 0.909078 0.980514 0.996067 0.999216
 0.665184 0.909078 0.980514 0.996067 0.999216
 0.665184 0.909078 0.980514 0.996067 0.999216
 0.665184 0.909078 0.980514 0.996067 0.999216
 0.665184 0.909078 0.980514 0.996067 0.999216
 0.665184 0.909078 0.980514 0.996067 0.999216
 0.665184 0.909078 0.980514 0.996067 0.999216
 0.665184 0.909078 0.980514 0.996067 0.999216
 0.665184 0.909078 0.980514 0.996067 0.999216
 0.665184 0.909078 0.980514 0.996067 0.999216
 0.665184 0.909078 0.980514 0.996067 0.999216
 0.665184 0.909078 0.980514 0.996067 0.999216
 0.665184 0.909078 0.980514 0.996067 0.999216
 0.665184 0.909078 0.980514 0.996067 0.999216
pf_obs 
 0.8446 0.082 0.0669 0.0065 0
 0.8095 0.147 0.0364 0.0071 0
 0.9664 0.0169 0.016 0.0007 0
 0.9276 0.0648 0.0075 0.0001 0
 0.7033 0.2144 0.0806 0.0017 0
 0.9318 0.0425 0.0243 0.0014 0
 0.5671 0.3108 0.0964 0.0239 0.0018
 0.0768 0.2599 0.5324 0.112 0.0189
 0.490249 0.384438 0.106611 0.0170017 0.00170017
 0.7925 0.1577 0.0466 0.003 0.0002
 0.840416 0.127587 0.0312969 0.00059994 9.999e-05
 0.8084 0.0986 0.0794 0.0134 0.0002
 0.7335 0.1905 0.0724 0.0035 0.0001
 0.4001 0.4547 0.1325 0.0127 0
 0.49795 0.308269 0.164784 0.0264974 0.00249975
 0.9179 0.0499 0.0305 0.0017 0
 0.2467 0.6533 0.0926 0.0074 0
 0.9418 0.0223 0.034 0.0019 0
 0.707729 0.231977 0.0356964 0.0245975 0
 0.517169 0.277429 0.184464 0.0207286 0.00020938
 0.811772 0.124168 0.05621 0.00726502 0.000585176
 0.764997 0.148141 0.077277 0.00933861 0.000247198
 0.163321 0.427699 0.378323 0.0303852 0.000271297
 0.753843 0.0900009 0.118128 0.0371064 0.000921714
 0.721811 0.176058 0.0630433 0.0369309 0.00215725
 0.143369 0.312575 0.442814 0.0836902 0.0175525
 0.692698 0.0596174 0.167031 0.0765114 0.00414204
 0.394062 0.376323 0.152708 0.0712218 0.00568511
 0.125707 0.32114 0.495352 0.0537591 0.00404204
 0.23352 0.215282 0.420074 0.123614 0.00750983
 0.796117 0.104755 0.0508955 0.0450114 0.00322123
pf_pred 
 0.53323 0.149762 0.294844 0.022162 9.07851e-07
 0.454562 0.349056 0.0642431 0.122914 0.00922506
 0.61267 0.222557 0.10672 0.0190136 0.03904
 0.749435 0.180375 0.0408975 0.0189844 0.0103085
 0.678695 0.26838 0.0384933 0.00841606 0.00601605
 0.76932 0.175917 0.045955 0.00640948 0.0023994
 0.45668 0.456894 0.0663932 0.0168151 0.00321779
 0.465818 0.320534 0.18083 0.0252236 0.00759388
 0.560267 0.250517 0.114783 0.0630146 0.0114192
 0.776713 0.153874 0.0401992 0.0177362 0.011478
 0.915946 0.073179 0.00760502 0.00189581 0.00137421
 0.562531 0.412374 0.0219256 0.00221732 0.000951988
 0.75666 0.169411 0.0698491 0.00356512 0.000514185
 0.881501 0.102146 0.0115556 0.00453342 0.000264048
 0.714854 0.267069 0.0156889 0.0016892 0.000699431
 0.966353 0.0277734 0.0055166 0.000309616 4.70217e-05
 0.369868 0.617329 0.0106338 0.00203778 0.000131484
 0.90411 0.0460881 0.0488204 0.000815127 0.000166006
 0.585143 0.389161 0.0125522 0.0128854 0.000258515
 0.706112 0.205624 0.0829779 0.00258478 0.00270158
 0.636403 0.289236 0.052536 0.0205205 0.00130498
 0.749421 0.184487 0.0529167 0.00931273 0.0038623
 0.293564 0.588975 0.0872904 0.0241649 0.00600488
 0.805128 0.0776843 0.098221 0.0141017 0.00486552
 0.612009 0.336694 0.0208274 0.0255451 0.00492483
 0.503299 0.353602 0.124689 0.00748192 0.0109279
 0.726787 0.166841 0.0763621 0.026155 0.00385548
 0.723792 0.223062 0.0328421 0.0145819 0.00572134
 0.390121 0.488778 0.0983506 0.0140673 0.00868284
 0.402717 0.295467 0.243252 0.0475762 0.0109881
 0.861834 0.0715126 0.0334902 0.0267371 0.00642643
pobs_RECLAS
 0 0 0 0 0
 0 0 0 0 0
 0 0 0 0 0
 0 0 0 0 0
 0 0 0 0 0
 0 0 0 0 0
 0 0 0 0 0
 0 0 0 0 0
 0 0 0 0 0
 0 0 0 0 0
 0.991045 0.00858322 0.000360255 1.14367e-05 0
 0.934742 0.0480273 0.0164251 0.00080598 0
 0.827803 0.169806 0.00239088 0 0
 0.941827 0.0461693 0.0120037 0 0
 0.791401 0.0380133 0.147996 0.0225897 0
 0.846168 0.0940531 0.0597789 0 0
 0.134021 0.677848 0.182769 0.00536245 0
 0.80878 0.0450904 0.141981 0.00414843 0
 0.846168 0.0940531 0.0597789 0 0
 0.905697 0.0802665 0.012482 0.00150086 5.37128e-05
 0.989698 0.0102097 9.19794e-05 0 0
 0.975433 0.0193895 0.00387452 0.00125025 5.28907e-05
 0.303575 0.632131 0.0575291 0.00676475 0
 0.966965 0.00978017 0.0227588 0.000495775 0
 0.843318 0.132988 0.00938335 0.0141283 0.000182051
 0.564624 0.303363 0.111486 0.0197234 0.00080311
 0.826376 0.0876187 0.0782897 0.00655872 0.00115652
 0.89761 0.0855135 0.0140674 0.00269457 0.000114338
 0.34875 0.467042 0.161289 0.0227151 0.000203297
 0.318654 0.224769 0.449479 0.00709798 0
 0.937255 0.0296025 0.0250945 0.00804832 0
ppred_RECLAS
 0.633868 0.119572 0.229345 0.0172147 7.05137e-07
 0.558703 0.28524 0.0511013 0.0976293 0.00732683
 0.706402 0.170665 0.0796623 0.0141725 0.0290977
 0.821093 0.129817 0.0286211 0.0132659 0.00720281
 0.759282 0.201933 0.0282202 0.00616144 0.00440406
 0.833999 0.127392 0.0324066 0.00451344 0.00168949
 0.56625 0.366462 0.0517109 0.013076 0.00250206
 0.566613 0.262752 0.144455 0.020122 0.00605756
 0.66325 0.194226 0.08651 0.0474213 0.00859277
 0.847385 0.106213 0.026892 0.011845 0.00766485
 0.941936 0.0507215 0.00513691 0.00127879 0.000926884
 0.665232 0.31609 0.0163227 0.00164813 0.000707552
 0.833558 0.117003 0.0467151 0.00238025 0.000343264
 0.922537 0.0670694 0.00734787 0.00287773 0.000167597
 0.797866 0.189687 0.0108049 0.00116143 0.000480861
 0.977702 0.0184945 0.00357268 0.000200216 3.04047e-05
 0.468156 0.521319 0.00874372 0.0016732 0.000107952
 0.934778 0.0317832 0.0327809 0.000546545 0.000111299
 0.681495 0.299294 0.00939119 0.0096263 0.000193115
 0.784685 0.151867 0.0596526 0.00185552 0.00193922
 0.725268 0.219748 0.0388618 0.0151577 0.000963865
 0.820524 0.133109 0.0371354 0.00652573 0.00270623
 0.385252 0.514828 0.0742832 0.0205346 0.00510239
 0.862625 0.0556456 0.0685173 0.00982321 0.00338906
 0.703116 0.258555 0.0155755 0.0190767 0.0036775
 0.603507 0.284398 0.0976918 0.00585378 0.00854925
 0.800829 0.122896 0.0547782 0.0187357 0.00276161
 0.796993 0.164782 0.0236343 0.010479 0.00411122
 0.489011 0.411648 0.0807 0.0115266 0.00711414
 0.505715 0.247832 0.198687 0.0388049 0.00896165
 0.904373 0.0501451 0.0228688 0.0182316 0.00438176
pobs_PELACES
 0 0 0 0 0
 0 0 0 0 0
 0 0 0 0 0
 0 0 0 0 0
 0 0 0 0 0
 0 0 0 0 0
 0 0 0 0 0
 0 0 0 0 0
 0 0 0 0 0
 0 0 0 0 0
 0 0 0 0 0
 0 0 0 0 0
 0 0 0 0 0
 0 0 0 0 0
 0 0 0 0 0
 0 0 0 0 0
 0.505614 0.472636 0.0217494 0 0
 0 0 0 0 0
 0.443492 0.261883 0.143347 0.151278 0
 0.227955 0.32914 0.350689 0.0885471 0.00366901
 0.970185 0.0296113 0.000203453 0 0
 0.997202 0.00247181 0.000326279 0 0
 0.445219 0.490057 0.0546422 0.010081 0
 0.90214 0.0892962 0.00764917 0.000914606 0
 0 0 0 0 0
 0.581667 0.319106 0.0959925 0.00289975 0.000334073
 0.762889 0.0836404 0.116647 0.0363945 0.000428098
 0.88444 0.0763242 0.0277011 0.0115352 0
 0.521256 0.241999 0.230069 0.00667565 0
 0.616807 0.101726 0.260614 0.0208532 0
 0.833518 0.0704572 0.0857862 0.0102388 0
ppred_PELACES
 0.553661 0.138561 0.285974 0.021803 8.95898e-07
 0.487164 0.321771 0.0619048 0.120117 0.00904287
 0.642552 0.200992 0.100756 0.0182053 0.0374952
 0.780619 0.155799 0.0368152 0.0173286 0.00943828
 0.7004 0.248074 0.0373159 0.00827564 0.00593391
 0.790481 0.157934 0.0431822 0.00610847 0.00229375
 0.512231 0.407457 0.0614921 0.0157888 0.00303062
 0.486165 0.302058 0.178832 0.0253035 0.00764144
 0.602978 0.221668 0.105773 0.0588789 0.0107024
 0.820354 0.122271 0.0330223 0.0147671 0.00958562
 0.922949 0.066613 0.00726522 0.00183715 0.00133579
 0.616119 0.361012 0.0199435 0.00204476 0.000880585
 0.807007 0.133038 0.0566036 0.00292793 0.000423568
 0.909384 0.0777226 0.00907461 0.00360802 0.000210787
 0.766266 0.218404 0.013279 0.0014492 0.000601884
 0.971574 0.0232868 0.00482277 0.00027447 4.18119e-05
 0.402601 0.584681 0.0105377 0.00204807 0.000132554
 0.913723 0.0404898 0.0448724 0.000759854 0.000155225
 0.625422 0.35027 0.0117892 0.0122723 0.000246972
 0.733926 0.183616 0.0774467 0.00244663 0.00256505
 0.666245 0.262783 0.0499304 0.0197797 0.00126174
 0.779272 0.160558 0.0480321 0.00857175 0.0035659
 0.322632 0.560103 0.0868152 0.0243743 0.00607554
 0.820746 0.0693947 0.091855 0.0133756 0.00462919
 0.641338 0.308955 0.0200066 0.0248879 0.0048129
 0.529782 0.329989 0.121935 0.00742129 0.0108727
 0.748571 0.150537 0.0721297 0.0250572 0.00370503
 0.745099 0.203737 0.0314354 0.0141569 0.0055717
 0.415088 0.464025 0.0978922 0.0142023 0.00879318
 0.429544 0.275291 0.23721 0.0470547 0.0109011
 0.874183 0.0634533 0.0311052 0.0251866 0.00607238
pobs_pel_tallas
 0 0 0 0 0 0 0 0 0 0 0 0 0 0 0 0 0 0 0 0 0 0 0 0 0 0
 0 0 0 0 0 0 0 0 0 0 0 0 0 0 0 0 0 0 0 0 0 0 0 0 0 0
 0 0 0 0 0 0 0 0 0 0 0 0 0 0 0 0 0 0 0 0 0 0 0 0 0 0
 0 0 0 0 0 0 0 0 0 0 0 0 0 0 0 0 0 0 0 0 0 0 0 0 0 0
 0 0 0 0 0 0 0 0 0 0 0 0 0 0 0 0 0 0 0 0 0 0 0 0 0 0
 0 0 0 0 0 0 0 0 0 0 0 0 0 0 0 0 0 0 0 0 0 0 0 0 0 0
 0 0 0 0 0 0 0 0 0 0 0 0 0 0 0 0 0 0 0 0 0 0 0 0 0 0
 0 0 0 0 0 0 0 0 0 0 0 0 0 0 0 0 0 0 0 0 0 0 0 0 0 0
 0 0 0 0 0 0 0 0 0 0 0 0 0 0 0 0 0 0 0 0 0 0 0 0 0 0
 0 0 0 0 0 0 0 0 0 0 0 0 0 0 0 0 0 0 0 0 0 0 0 0 0 0
 0 0 0 0 0 0 0 0 0 0 0 0 0 0 0 0 0 0 0 0 0 0 0 0 0 0
 0 0 0 0 0 0 0 0 0 0 0 0 0 0 0 0 0 0 0 0 0 0 0 0 0 0
 0.00862536 0 0 0.000197151 0.00414017 0.0128641 0.00837892 0.0270097 0.101434 0.158115 0.152841 0.127902 0.109271 0.109419 0.0830992 0.0579132 0.0238553 0.00714673 0.00463305 0.00128148 0.00103504 0.000492878 0.000147863 0.000147863 4.92878e-05 0
 0 0 0 0 0 0 0 0 0 0 0 0 0 0 0 0 0 0 0 0 0 0 0 0 0 0
 0 0 0 0 0 0 0 0.0054083 0.00873648 0.0413646 0.0450493 0.0745869 0.0622846 0.0627006 0.0613931 0.0827291 0.12552 0.122667 0.0946155 0.0697135 0.0546179 0.0294188 0.0215738 0.0213955 0.0102223 0.00600262
 0 0 0 0 0.00359764 0.0251062 0.0480494 0.140153 0.205849 0.193036 0.1447 0.116669 0.0760912 0.0342217 0.00950174 0.001854 0.000860785 0 0 0 0.000165536 0 0.000143464 0 0 0
 0 0 0 0 0 0 0 0.000145254 0.000435761 0.0275982 0.070085 0.0708112 0.156366 0.174668 0.174014 0.160142 0.0824315 0.0480064 0.0283245 0.00493863 0.00203355 0 0 0 0 0
 0 0 0 0 0 0 0 0 0 0 0 0 0 0 0 0 0 0 0 0 0 0 0 0 0 0
 0 0 1.00437e-05 0.000401748 0.00122533 0.00171747 0.00176769 0.0269171 0.070346 0.194647 0.189555 0.159765 0.064822 0.0314167 0.0384472 0.0292271 0.0345202 0.0313363 0.0194345 0.0106764 0.0143323 0.0359363 0.0279516 0.0138201 0.00172751 0
 0 0.0021121 0.0136068 0.0755702 0.200478 0.177729 0.0527432 0.0373336 0.0318909 0.0142505 0.0149659 0.0166563 0.0217959 0.0798694 0.0677717 0.0528807 0.04013 0.0224614 0.0357745 0.0225083 0.00881397 0.00855152 0.00135912 0.000746735 0 0
 0 0 0 0 5.4009e-05 0.00500934 0.000945158 0.0243581 0.138947 0.33067 0.221406 0.137944 0.0707744 0.0437923 0.0131692 0.00525238 0.0047753 0.00276346 9.45158e-05 9.00151e-06 2.25038e-05 9.00151e-06 4.50075e-06 0 0 0
 0.000866109 0.00284123 0.00948549 0.0512746 0.133035 0.25785 0.225252 0.132002 0.0553304 0.0519788 0.0540692 0.017754 0.00435017 0.00159236 0.00146478 0.000404838 0.000125132 0.000115318 0.000107957 0.000100596 0 0 0 0 0 0
 0 0 0 0 0.00144013 0.00171154 0.00461396 0.0210425 0.0478622 0.0707936 0.0888783 0.103762 0.0637923 0.0337046 0.0602308 0.124433 0.169614 0.0934646 0.0462172 0.0250306 0.0313229 0.00938855 0.002487 0.000210481 0 0
 0 0.00764035 0.051015 0.0998891 0.058973 0.0496711 0.0374665 0.0718981 0.12319 0.153886 0.159021 0.0857701 0.0377988 0.023471 0.0147837 0.00900784 0.00315554 0.000888139 0.00291439 0.00214683 0.00393193 0.00274676 0.000635225 9.99891e-05 0 0
 0 0 0 0 0 0 0 0 0 0 0 0 0 0 0 0 0 0 0 0 0 0 0 0 0 0
 0 0 0 0 0 0 0 0 0 0 0 0 0 0 0 0 0 0 0 0 0 0 0 0 0 0
 0 0 0 0 0 0 0 0 0 0 0 0 0 0 0 0 0 0 0 0 0 0 0 0 0 0
 0 0 0 0 0 0 0 0 0 0 0 0 0 0 0 0 0 0 0 0 0 0 0 0 0 0
 0 0 0 0 0 0 0 0 0 0 0 0 0 0 0 0 0 0 0 0 0 0 0 0 0 0
 0 0 0 0 0 0 0 0 0 0 0 0 0 0 0 0 0 0 0 0 0 0 0 0 0 0
 0 0 0 0 0 0 0 0 0 0 0 0 0 0 0 0 0 0 0 0 0 0 0 0 0 0
ppred_pel_tallas
 1.10475e-16 4.56044e-05 0.000443291 0.00294582 0.0133913 0.0416653 0.0887729 0.12957 0.129583 0.0888404 0.0418932 0.0140546 0.00463082 0.00418778 0.00735045 0.0125829 0.019291 0.0266885 0.0339134 0.0404254 0.0460676 0.0506716 0.0536308 0.0539617 0.050894 0.0444987
 1.15446e-16 4.01272e-05 0.00039005 0.00259202 0.011783 0.0366614 0.0781121 0.114013 0.114044 0.078264 0.0371716 0.0132576 0.00629742 0.00849212 0.0154681 0.0256216 0.0371888 0.0474097 0.0535473 0.0544707 0.0513671 0.0468964 0.0434467 0.041843 0.0412995 0.0403217
 1.11131e-16 5.29262e-05 0.000514461 0.00341878 0.0155413 0.0483548 0.103026 0.150373 0.150393 0.103121 0.0486752 0.0164683 0.00575189 0.00562801 0.00982471 0.0163177 0.0238784 0.0308313 0.0355039 0.0371464 0.0363406 0.0344904 0.0328214 0.0317014 0.0306986 0.0291272
 1.04438e-16 6.42986e-05 0.000625005 0.00415338 0.0188807 0.0587448 0.125163 0.182682 0.182697 0.125236 0.0589918 0.0195944 0.00594642 0.00454421 0.00752251 0.0123744 0.0179158 0.0227383 0.0254564 0.025448 0.0232175 0.0200249 0.0170856 0.0149685 0.0135502 0.0123757
 1.02975e-16 5.76911e-05 0.000560778 0.00372657 0.0169405 0.0527082 0.112301 0.163912 0.163936 0.112418 0.0531005 0.0180738 0.00657169 0.00677243 0.0118569 0.0195163 0.0281222 0.0353941 0.0390463 0.0380252 0.0331298 0.0264555 0.0201276 0.0153112 0.0120703 0.00986559
 1.02288e-16 6.51109e-05 0.000632901 0.00420585 0.0191192 0.059487 0.126744 0.18499 0.185005 0.126819 0.0597374 0.0198429 0.00602409 0.00460731 0.00762838 0.0125476 0.0181604 0.023027 0.025718 0.0255623 0.0230207 0.0193269 0.0157036 0.0127788 0.0105455 0.00870174
 1.03975e-16 4.21919e-05 0.00041012 0.00272539 0.0123893 0.0385478 0.0821317 0.119882 0.119921 0.0823236 0.0391923 0.0142508 0.00739837 0.0106123 0.0194212 0.0320485 0.0461819 0.058114 0.0640867 0.0623592 0.05423 0.0431278 0.0325367 0.0243776 0.018782 0.0149076
 1.09069e-16 4.00448e-05 0.00038925 0.0025867 0.0117588 0.0365861 0.0779517 0.113779 0.113808 0.0780952 0.0370683 0.0131542 0.00609992 0.00809321 0.0147726 0.0246232 0.0360832 0.0466616 0.0538018 0.056264 0.0547335 0.0510926 0.0470096 0.0430381 0.0387875 0.0337214
 1.10825e-16 4.96665e-05 0.000482776 0.00320822 0.0145841 0.0453767 0.0966807 0.141113 0.141134 0.0967858 0.0457301 0.0156065 0.00578137 0.00612271 0.0108284 0.0180021 0.026354 0.0340527 0.0392668 0.0411815 0.0404384 0.0385588 0.0368321 0.0355755 0.0342324 0.0320216
 1.04088e-16 6.75715e-05 0.000656819 0.00436479 0.0198417 0.061735 0.131533 0.191979 0.191991 0.131591 0.061929 0.0204024 0.00577367 0.00373752 0.0059337 0.00974357 0.0141276 0.0179782 0.0202189 0.0203691 0.0188223 0.0165508 0.0144778 0.0130127 0.0120248 0.0111366
 1.00638e-16 7.60221e-05 0.000738962 0.00491066 0.0223232 0.0694557 0.147983 0.215987 0.215993 0.148014 0.0695609 0.0226272 0.0056736 0.00240395 0.00323662 0.00522651 0.00751242 0.00942788 0.0103503 0.00999488 0.00858145 0.00668603 0.00489845 0.00355061 0.00267148 0.00211651
 1.01022e-16 5.0749e-05 0.000493298 0.00327814 0.014902 0.0463658 0.0987884 0.144192 0.144227 0.0989582 0.0469355 0.016547 0.00740494 0.00949362 0.0171189 0.0281545 0.0403969 0.0504705 0.0549689 0.0523176 0.0437244 0.0323967 0.02168 0.0135496 0.00831454 0.00527155
 1.02033e-16 6.64721e-05 0.000646133 0.00429378 0.0195189 0.0607306 0.129394 0.188856 0.188869 0.129456 0.0609422 0.0201307 0.00583231 0.00401379 0.00648857 0.0106898 0.01555 0.0198789 0.0224949 0.022826 0.0212054 0.0185675 0.0158146 0.0133745 0.0112142 0.00914499
 1.0068e-16 7.49048e-05 0.000728101 0.00483849 0.0219951 0.0684349 0.145808 0.212813 0.21282 0.145845 0.0685577 0.0223499 0.00572895 0.00267157 0.00376471 0.00610218 0.008776 0.0110211 0.0121134 0.0117205 0.0100967 0.00790868 0.00583695 0.00426136 0.00321183 0.00252186
 1.00687e-16 6.31164e-05 0.000613514 0.00407701 0.0185335 0.0576648 0.122862 0.179325 0.179346 0.122964 0.0580095 0.0195289 0.00657408 0.00605981 0.0103923 0.0170432 0.0244566 0.0305671 0.0333143 0.0317462 0.0265912 0.0197837 0.0133391 0.00844393 0.00527993 0.00342156
 1.0018e-16 8.00273e-05 0.000777894 0.00516938 0.0234992 0.0731149 0.155779 0.227365 0.227367 0.15579 0.0731517 0.0236058 0.00543684 0.0013621 0.00119047 0.00184376 0.0026535 0.00334716 0.0037058 0.00362817 0.00318403 0.00256247 0.00195559 0.0014694 0.00111354 0.000847983
 1.00682e-16 3.31618e-05 0.000322345 0.0021421 0.0097377 0.0302979 0.064555 0.0942317 0.0942879 0.0648297 0.03122 0.0123995 0.00881775 0.0148761 0.0276167 0.0454547 0.0651265 0.0811622 0.0880113 0.0831168 0.0684807 0.0494045 0.0314533 0.0179645 0.00951376 0.00494423
 1.01408e-16 7.52621e-05 0.000731575 0.00486157 0.0221 0.0687613 0.146503 0.213827 0.213831 0.146523 0.0688266 0.0222893 0.00533966 0.0017847 0.00210296 0.00342913 0.00509832 0.0067541 0.00807388 0.00888524 0.00922442 0.00923681 0.00901486 0.00852781 0.0076937 0.00650479
 1.01703e-16 5.15152e-05 0.000500746 0.00332764 0.015127 0.0470658 0.10028 0.146369 0.146402 0.100445 0.0476185 0.0167225 0.00732987 0.00922836 0.0165996 0.0272901 0.0391426 0.0488793 0.0532022 0.0506034 0.0422879 0.0314054 0.0212253 0.0136535 0.00893628 0.00630719
 1.02962e-16 6.04526e-05 0.00058762 0.00390494 0.0177513 0.055231 0.117676 0.171756 0.171773 0.117763 0.055523 0.0185957 0.00602811 0.00523477 0.00892198 0.0147467 0.0214513 0.0274167 0.0310133 0.031453 0.0291994 0.0255493 0.0217562 0.0184173 0.0154881 0.0127012
 1.03706e-16 5.48778e-05 0.000533431 0.00354484 0.0161143 0.0501378 0.106825 0.155919 0.155945 0.106949 0.0505539 0.0173163 0.00656312 0.00712628 0.0125876 0.0207538 0.0299646 0.0378374 0.0419784 0.0412844 0.0365827 0.0300323 0.0237879 0.0189776 0.0155913 0.0130391
 1.02891e-16 6.41876e-05 0.000623927 0.00414621 0.0188481 0.0586435 0.124947 0.182367 0.182382 0.125023 0.0588982 0.0195844 0.00599642 0.00466947 0.00776654 0.0127881 0.0185322 0.0235486 0.0263968 0.0264029 0.0240323 0.0205209 0.0170783 0.0143023 0.0121487 0.0102897
 1.06122e-16 2.65749e-05 0.000258317 0.00171661 0.0078035 0.0242799 0.0517329 0.0755169 0.0755709 0.0519967 0.0251659 0.0103628 0.00814139 0.014286 0.0266746 0.0440748 0.0635322 0.0799852 0.0882816 0.0860383 0.0750442 0.0600047 0.045687 0.034698 0.0271795 0.0219415
 1.04794e-16 6.76037e-05 0.000657132 0.00436688 0.0198512 0.0617645 0.131596 0.19207 0.192076 0.131629 0.0618769 0.0201778 0.00519295 0.0024815 0.00359418 0.00599627 0.00900797 0.012115 0.01482 0.0168641 0.0183051 0.0193256 0.0199546 0.0199718 0.0190783 0.0171595
 1.03967e-16 5.28262e-05 0.00051349 0.00341232 0.0155119 0.0482635 0.102832 0.150092 0.150122 0.102977 0.0487514 0.0169208 0.00694746 0.00822624 0.014688 0.0241663 0.0347355 0.0435394 0.0477165 0.0459776 0.0393976 0.0307155 0.0227157 0.0169315 0.013419 0.0113749
 1.06188e-16 4.36375e-05 0.000424172 0.00281877 0.0128138 0.0398685 0.0849453 0.123987 0.124019 0.0851013 0.0403928 0.0143294 0.00662895 0.00876022 0.0159291 0.0264048 0.0383576 0.0489093 0.055126 0.0556108 0.0512579 0.0444964 0.0376852 0.0319622 0.0272297 0.0228987
 1.0526e-16 6.16588e-05 0.000599346 0.00398286 0.0181055 0.0563331 0.120024 0.175182 0.175196 0.120096 0.0565729 0.0187994 0.00572885 0.00442495 0.0073688 0.012194 0.0178178 0.022951 0.0263151 0.0273168 0.0263578 0.0244623 0.0225421 0.0209043 0.0193056 0.0173577
 1.03322e-16 6.13728e-05 0.000596566 0.00396439 0.0180216 0.0560719 0.119468 0.174371 0.17439 0.119564 0.0563942 0.0189527 0.00630202 0.00570106 0.00976007 0.0160501 0.0231444 0.0291706 0.0322668 0.0315848 0.0277928 0.0226095 0.0177563 0.0141428 0.0117594 0.0101041
 1.05856e-16 3.41903e-05 0.000332342 0.00220853 0.0100397 0.0312375 0.0665564 0.0971503 0.0971951 0.0667752 0.0319723 0.0121628 0.00754012 0.0119792 0.022177 0.0366695 0.052961 0.0668915 0.074225 0.072985 0.0645921 0.0528203 0.0414629 0.0325491 0.0261492 0.021334
 1.1348e-16 3.5381e-05 0.000343916 0.00228545 0.0103893 0.0323252 0.0688732 0.100528 0.100555 0.0690046 0.0327672 0.0116702 0.00551622 0.00744844 0.0136801 0.0229574 0.0339971 0.0446998 0.0528956 0.05752 0.059072 0.0589026 0.0579809 0.0562333 0.0529018 0.0474175
 1.04468e-16 7.20053e-05 0.000699917 0.00465119 0.0211437 0.0657858 0.140164 0.204574 0.204581 0.140194 0.065887 0.0214367 0.005389 0.00231809 0.00316776 0.00518336 0.00760499 0.00987783 0.011496 0.0122505 0.0123443 0.0122148 0.0122042 0.0123432 0.0123881 0.0120287
pSPR Fmed_Fpbrs
0.440334   0.6 0.325
Fs Fmed_Fpbrs
0.524726   0.306726 0.763245
SSBpbr Bo_Bmed_Bpbrs
1.3193e+06  514966  725614 362807
Ro
116552
SPR SPRFo_SPRFmed_SPRFpbrs
831904 366315 270369
Fref
0.306726
Nvult_r0
 153019 9485.91 4363.22 3480.08 836.415
CTP_r0
 32932.6 2732.66 1279.74 1021.69 245.568
YTP_r0
391293
Np
 145040 43581.1 16211.2 835.701 481.588
Nvult_p0
 101459 31687.5 11820.8 609.467 351.22
CTP_p0
 17077.8 9931.85 527.581 239.643 237.38
 17077.8 7286.66 2771.65 143.051 82.441
YTP_p0
 310817 313194
CBA_c0
311530
log_Ro
11.4861
likeval ReclasPelacesDesembMPH_pf_preclas_ppelaces_ptallas_desvR_qrecl_qpela
 33.4126 29.5906 0.042883 93.4544 251.938 119.672 101.946 0 25.9242 1.71177e-05 5.33439e-05 0.111765 2.92823e-16 0 0
q_reclas_q_pelaces
1.79729 2.82666
M
1
N
 160791 31726.9 61072.1 4584.98 0.187809
 88244.9 48956 8828.81 16873.5 1266.34
 87284.8 22888 10753.5 1913.8 3929.32
 127595 22751.1 5064.28 2348.51 1275.18
 102338 28304.4 3967.92 866.478 619.344
 195592 31929.3 8165.46 1137.57 425.828
 71588.4 54407.2 7776.23 1967.72 376.531
 28033.5 13396.3 7382.67 1028.51 309.625
 27288.4 9088.64 4089.88 2243.15 406.472
 37751.6 5842.51 1504.31 663.201 429.175
 103164 5721.35 580.802 144.604 104.812
 60383.2 33526.4 1752.9 177.112 76.0378
 65335.2 11538.3 4691.86 239.298 34.5119
 100169 9148.76 1020.68 400.135 23.3049
 48680.1 14114 816.769 87.8706 36.3821
 366354 7771.93 1515.11 84.9504 12.9008
 69608.9 83210.8 1403.54 268.665 17.334
 520099 19002.7 19711.8 328.75 66.948
 289871 141382 4473.48 4587.54 92.0336
 325774 68597.2 27126.2 844.078 882.168
 257723 84058.9 14953.1 5834.17 370.996
 383619 69541.8 19573.5 3441.26 1427.13
 61301.3 88459.3 12841.9 3551.15 882.397
 237554 16325.7 20203.7 2897.37 999.622
 170776 66957.2 4054.2 4966.89 957.506
 96783.6 47975.2 16546.2 991.678 1448.33
 175976 28780.3 12893.4 4411.13 650.201
 227939 49531.3 7132.34 3163.01 1240.96
 77366.9 68022.1 13381.4 1911.67 1179.88
 45246.4 23703.7 19104.5 3732.32 861.96
 212420 12571.7 5763.21 4595.87 1104.58
pred_Ctot
 17791.8 4996.97 9837.78 739.456 0.0302913
 16926.6 12997.8 2392.23 4576.94 343.514
 16537.6 6007.42 2880.67 513.23 1053.8
 33353.8 8027.64 1820.16 844.907 458.785
 9959.67 3938.41 564.879 123.504 88.284
 30844 7052.95 1842.45 256.972 96.1982
 23470.2 23481.2 3412.16 864.182 165.372
 2125.56 1462.62 825.14 115.097 34.6514
 7531.78 3367.75 1543.05 847.118 153.51
 15054.5 2982.44 779.155 343.768 222.47
 7681.38 613.7 63.7779 15.8988 11.5245
 19332 14171.7 753.499 76.2008 32.7162
 27606.1 6180.82 2548.38 130.07 18.7596
 42142.2 4883.34 552.441 216.731 12.6234
 18611.9 6953.39 408.476 43.9801 18.2104
 92117.3 2647.49 525.868 29.514 4.48233
 11627.8 19407.4 334.301 64.0631 4.13355
 87966.7 4484.21 4750.05 79.3089 16.1518
 67737.9 45050.5 1453.08 1491.65 29.9265
 63285.9 18429.2 7436.97 231.664 242.132
 44526.7 20236.7 3675.74 1435.74 91.3041
 93974.9 23134.1 6635.58 1167.78 484.32
 10982 22033.1 3265.47 903.989 224.638
 35880.7 3462.02 4377.24 628.445 216.833
 26082.1 14349 887.606 1088.66 209.883
 11931.4 8382.66 2955.93 177.37 259.062
 26704.4 6130.25 2805.78 961.017 141.663
 27671.6 8527.98 1255.6 557.485 218.735
 8298.39 10397 2092.05 299.23 184.696
 7161.1 5253.98 4325.49 845.998 195.39
 32932.6 2732.66 1279.74 1021.69 245.568
F
 0.189186 0.279143 0.286308 0.286696 0.286716
 0.349503 0.515691 0.528928 0.529643 0.529681
 0.344563 0.508401 0.521451 0.522156 0.522194
 0.505845 0.746372 0.76553 0.766566 0.766621
 0.164761 0.243104 0.249344 0.249681 0.249699
 0.279534 0.412451 0.423038 0.42361 0.42364
 0.67595 0.997362 1.02296 1.02435 1.02442
 0.126376 0.186467 0.191254 0.191512 0.191526
 0.541303 0.79869 0.819191 0.8203 0.820358
 0.886824 1.30851 1.34209 1.34391 1.344
 0.123982 0.182934 0.18763 0.187884 0.187897
 0.655038 0.966505 0.991314 0.992655 0.992726
 0.965912 1.4252 1.46178 1.46376 1.46386
 0.959689 1.41602 1.45236 1.45433 1.45443
 0.834753 1.23167 1.26329 1.265 1.26509
 0.482224 0.711519 0.729783 0.73077 0.730822
 0.298313 0.44016 0.451458 0.452069 0.452101
 0.302551 0.446413 0.457872 0.458492 0.458524
 0.441185 0.650967 0.667676 0.668579 0.668627
 0.354685 0.523336 0.536769 0.537495 0.537533
 0.309957 0.45734 0.469079 0.469714 0.469747
 0.467107 0.689215 0.706906 0.707862 0.707912
 0.323061 0.476675 0.488911 0.489572 0.489607
 0.266342 0.392987 0.403075 0.40362 0.403649
 0.26967 0.397897 0.40811 0.408662 0.408691
 0.212788 0.313968 0.322027 0.322462 0.322485
 0.267741 0.39505 0.40519 0.405739 0.405767
 0.209244 0.308739 0.316664 0.317093 0.317115
 0.182926 0.269907 0.276835 0.277209 0.277229
 0.280677 0.414138 0.424768 0.425343 0.425373
 0.274242 0.404643 0.41503 0.415592 0.415621
YTP_r0W_actual
 273341 38530.5 35320.8 34941.7 9159.7
YTP_p0W_proyectada
 127913 155632 12202.9 7038.32 8030.57
 127913 114182 64108.4 4201.41 2788.98
CTP_r0_actual
 32932.6 2732.66 1279.74 1021.69 245.568
CTP_p0_proyectada
 17077.8 9931.85 527.581 239.643 237.38
 17077.8 7286.66 2771.65 143.051 82.441
Wmedp
 7.49 15.67 23.13 29.37 33.83
Frms_r0
 0.274242 0.404643 0.41503 0.415592 0.415621
Zrms_r0
 1.27424 1.40464 1.41503 1.41559 1.41562
nmprior
 8.19 8.8 8.5 0
nm_flota  nm_reclas  nm_pelaces    nm_pelaL
inf 16.1044 13.704 30.0539
cv_recla  cv_pelaces  cv_mph
0.261427 0.514006 0.789322
 ------------------------------------------------
Talla a la edad & desviaci?n 
 8 13.2811 15.8009 17.003 17.5766
 0.8 1.32811 1.58009 1.7003 1.75766
