years
 1991 1992 1993 1994 1995 1996 1997 1998 1999 2000 2001 2002 2003 2004 2005 2006 2007 2008 2009 2010 2011 2012 2013 2014 2015 2016 2017 2018 2019 2020 2021
reclasobs
 0 0 0 0 0 0 0 0 0 252601 567819 844713 477998 351125 339783 2.1784e+06 2.13404e+06 4.81314e+06 1.55562e+06 2.62356e+06 3.21686e+06 3.843e+06 1.13348e+06 3.07943e+06 1.97215e+06 2.03268e+06 2.025e+06 2.42433e+06 2.27542e+06 1.05018e+06 2.36338e+06
reclaspred
 3.46203e+06 1.84247e+06 927782 1.0689e+06 1.13634e+06 2.25562e+06 1.11788e+06 910607 573781 281360 622240 701482 503357 437912 388403 1.76013e+06 1.14112e+06 3.71469e+06 2.3203e+06 2.64107e+06 3.62168e+06 2.61498e+06 1.49172e+06 3.01521e+06 1.82801e+06 2.06338e+06 2.21654e+06 2.76444e+06 2.25954e+06 1.28771e+06 2.26751e+06
pelacesobs
 0 0 0 0 0 0 0 0 0 0 0 0 0 0 0 552880 188675 0 991730 2.46772e+06 1.41603e+06 1.21717e+06 2.29649e+06 1.80582e+06 0 1.4828e+06 1.56532e+06 1.57751e+06 1.42118e+06 867257 1.10002e+06
pelacespred
 2.00053e+06 1.12471e+06 527306 456362 594319 1.14699e+06 541770 589302 313518 116746 300403 293892 210615 167734 154148 666911 568759 1.7856e+06 1.21137e+06 1.15166e+06 1.77336e+06 1.29663e+06 830651 1.63485e+06 1.08421e+06 1.17938e+06 1.3698e+06 1.66082e+06 1.34108e+06 816542 1.22789e+06
mphobs
 0 0 0 0 0 0 0 0 0 0 0 498337 6000 5186 125008 0 168611 109162 213762 579715 649985 157893 87575 83554 210694 70296 0 107559 103333 445601 0
mphpred
 410305 277425 126553 71782.1 86936.6 116986 175217 78556.7 69550 32334.9 13569 59105 42001.7 21397.1 14769.5 19402.3 148525 87736.6 278740 140058 271065 236967 196898 115067 230581 147578 169028 153647 270061 184096 93629.2
desembarqueobs
 494567 514787 250237 358949 120608 361735 552515 73892 212993 205616 52469 317467 293654 387597 252695 516296 358380 742168 942051 627588 828172 859565 418607 520667 417249 300574 415391 372974 316634 284311 391294
desembarquepred
 494561 514268 250467 358964 120611 361724 552496 73898 213071 205682 52468.1 317578 293710 387239 252579 516474 359253 742028 941803 627040 828422 859569 418578 520699 417340 300453 415413 372883 316374 284122 391410
Reclutas
 151183 89606.2 84516.5 124224 97310.2 191720 70386.5 26861.9 25687.9 33508.7 75174.1 85365.9 68788.8 72665.1 48525.4 316872 31460.9 476175 201381 348914 219256 367118 45327.2 209782 120413 115766 135142 197752 84370.3 36506.7 180692
log_desv_Rt
 0.372381 -0.150687 -0.209164 0.175973 -0.0682082 0.609926 -0.39211 -1.3554 -1.40009 -1.13431 -0.326305 -0.199164 -0.415071 -0.36025 -0.764025 1.11239 -1.19737 1.51967 0.659086 1.20871 0.744129 1.25957 -0.832205 0.699956 0.144815 0.10546 0.260214 0.640903 -0.210896 -1.04862 0.550685
SSB
 1.13406e+06 766786 349786 198401 240287 323343 484287 217126 192232 89371.5 37503.8 163362 116090 59140.3 40821.8 53626.7 410513 242498 770420 387110 749205 654962 544214 318036 637310 407896 467184 424669 746430 508829 258785
BT
 1.76921e+06 1.2568e+06 589576 652236 537915 1.25036e+06 858833 513176 445385 287205 308932 493090 438635 555010 387656 1.02275e+06 668448 2.26463e+06 1.79839e+06 1.44627e+06 2.03752e+06 1.79656e+06 939003 1.9141e+06 1.1539e+06 1.20366e+06 1.5258e+06 1.75547e+06 1.17667e+06 827074 1.43077e+06
Ftot
 0.346908 0.646105 0.639746 0.868539 0.278975 0.440724 1.10063 0.208617 0.906519 1.6649 0.256096 1.11863 1.41849 2.14134 1.69943 0.870472 0.722797 0.585674 0.974265 0.659707 0.580287 0.848444 0.653363 0.493683 0.560768 0.389329 0.500977 0.38358 0.336805 0.517262 0.495182
BD_Bspro_t
 0.946281 0.663807 0.408396 0.310978 0.328016 0.44591 0.474761 0.261026 0.303922 0.200797 0.126204 0.458795 0.262633 0.138476 0.0938151 0.121306 0.380382 0.260243 0.448809 0.278412 0.370066 0.339011 0.322352 0.247247 0.425167 0.381574 0.46453 0.475425 0.589408 0.497305 0.378043
BD_Bspro
 1.52511 1.03119 0.470401 0.266815 0.323144 0.43484 0.651282 0.291996 0.258518 0.120189 0.0504361 0.219694 0.156121 0.0795334 0.0548982 0.0721186 0.552068 0.326118 1.03608 0.520596 1.00755 0.88081 0.731874 0.427704 0.85707 0.54855 0.628281 0.571106 1.00382 0.684286 0.348021
BD_Bo
 0.933013 0.630852 0.287776 0.163229 0.19769 0.266021 0.398434 0.178634 0.158153 0.0735279 0.0308552 0.134402 0.0955099 0.048656 0.033585 0.0441199 0.337738 0.199509 0.633842 0.318484 0.616388 0.538852 0.447737 0.261656 0.524329 0.335586 0.384363 0.349385 0.614105 0.418625 0.212908
BD_Brms
 1.69639 1.147 0.52323 0.29678 0.359436 0.483675 0.724425 0.324789 0.287552 0.133687 0.0561004 0.244367 0.173654 0.0884655 0.0610637 0.080218 0.614069 0.362743 1.15244 0.579062 1.12071 0.979732 0.814068 0.475738 0.953325 0.610156 0.698841 0.635245 1.11655 0.761136 0.387106
Sel_flota
 0.697972 0.977732 0.998803 0.999937 0.999997
 0.697972 0.977732 0.998803 0.999937 0.999997
 0.697972 0.977732 0.998803 0.999937 0.999997
 0.697972 0.977732 0.998803 0.999937 0.999997
 0.697972 0.977732 0.998803 0.999937 0.999997
 0.697972 0.977732 0.998803 0.999937 0.999997
 0.697972 0.977732 0.998803 0.999937 0.999997
 0.697972 0.977732 0.998803 0.999937 0.999997
 0.697972 0.977732 0.998803 0.999937 0.999997
 0.697972 0.977732 0.998803 0.999937 0.999997
 0.697972 0.977732 0.998803 0.999937 0.999997
 0.697972 0.977732 0.998803 0.999937 0.999997
 0.697972 0.977732 0.998803 0.999937 0.999997
 0.697972 0.977732 0.998803 0.999937 0.999997
 0.697972 0.977732 0.998803 0.999937 0.999997
 0.697972 0.977732 0.998803 0.999937 0.999997
 0.697972 0.977732 0.998803 0.999937 0.999997
 0.697972 0.977732 0.998803 0.999937 0.999997
 0.697972 0.977732 0.998803 0.999937 0.999997
 0.697972 0.977732 0.998803 0.999937 0.999997
 0.697972 0.977732 0.998803 0.999937 0.999997
 0.697972 0.977732 0.998803 0.999937 0.999997
 0.697972 0.977732 0.998803 0.999937 0.999997
 0.697972 0.977732 0.998803 0.999937 0.999997
 0.697972 0.977732 0.998803 0.999937 0.999997
 0.697972 0.977732 0.998803 0.999937 0.999997
 0.697972 0.977732 0.998803 0.999937 0.999997
 0.697972 0.977732 0.998803 0.999937 0.999997
 0.697972 0.977732 0.998803 0.999937 0.999997
 0.697972 0.977732 0.998803 0.999937 0.999997
 0.697972 0.977732 0.998803 0.999937 0.999997
Sel_reclas
 1 1 1 1 1
 1 1 1 1 1
 1 1 1 1 1
 1 1 1 1 1
 1 1 1 1 1
 1 1 1 1 1
 1 1 1 1 1
 1 1 1 1 1
 1 1 1 1 1
 1 1 1 1 1
 1 1 1 1 1
 1 1 1 1 1
 1 1 1 1 1
 1 1 1 1 1
 1 1 1 1 1
 1 1 1 1 1
 1 1 1 1 1
 1 1 1 1 1
 1 1 1 1 1
 1 1 1 1 1
 1 1 1 1 1
 1 1 1 1 1
 1 1 1 1 1
 1 1 1 1 1
 1 1 1 1 1
 1 1 1 1 1
 1 1 1 1 1
 1 1 1 1 1
 1 1 1 1 1
 1 1 1 1 1
 1 1 1 1 1
Sel_pelaces
 0.666144 1 1 1 1
 0.666144 1 1 1 1
 0.666144 1 1 1 1
 0.666144 1 1 1 1
 0.666144 1 1 1 1
 0.666144 1 1 1 1
 0.666144 1 1 1 1
 0.666144 1 1 1 1
 0.666144 1 1 1 1
 0.666144 1 1 1 1
 0.666144 1 1 1 1
 0.666144 1 1 1 1
 0.666144 1 1 1 1
 0.666144 1 1 1 1
 0.666144 1 1 1 1
 0.666144 1 1 1 1
 0.666144 1 1 1 1
 0.666144 1 1 1 1
 0.666144 1 1 1 1
 0.666144 1 1 1 1
 0.666144 1 1 1 1
 0.666144 1 1 1 1
 0.666144 1 1 1 1
 0.666144 1 1 1 1
 0.666144 1 1 1 1
 0.666144 1 1 1 1
 0.666144 1 1 1 1
 0.666144 1 1 1 1
 0.666144 1 1 1 1
 0.666144 1 1 1 1
 0.666144 1 1 1 1
pf_obs 
 0.8446 0.082 0.0669 0.0065 0
 0.8095 0.147 0.0364 0.0071 0
 0.9664 0.0169 0.016 0.0007 0
 0.9276 0.0648 0.0075 0.0001 0
 0.7033 0.2144 0.0806 0.0017 0
 0.9318 0.0425 0.0243 0.0014 0
 0.5671 0.3108 0.0964 0.0239 0.0018
 0.0768 0.2599 0.5324 0.112 0.0189
 0.490249 0.384438 0.106611 0.0170017 0.00170017
 0.7925 0.1577 0.0466 0.003 0.0002
 0.840416 0.127587 0.0312969 0.00059994 9.999e-05
 0.8084 0.0986 0.0794 0.0134 0.0002
 0.7335 0.1905 0.0724 0.0035 0.0001
 0.4001 0.4547 0.1325 0.0127 0
 0.49795 0.308269 0.164784 0.0264974 0.00249975
 0.9179 0.0499 0.0305 0.0017 0
 0.2467 0.6533 0.0926 0.0074 0
 0.9418 0.0223 0.034 0.0019 0
 0.707729 0.231977 0.0356964 0.0245975 0
 0.517169 0.277429 0.184464 0.0207286 0.00020938
 0.811772 0.124168 0.05621 0.00726502 0.000585176
 0.764997 0.148141 0.077277 0.00933861 0.000247198
 0.163321 0.427699 0.378323 0.0303852 0.000271297
 0.753843 0.0900009 0.118128 0.0371064 0.000921714
 0.721811 0.176058 0.0630433 0.0369309 0.00215725
 0.143369 0.312575 0.442814 0.0836902 0.0175525
 0.692698 0.0596174 0.167031 0.0765114 0.00414204
 0.394062 0.376323 0.152708 0.0712218 0.00568511
 0.125707 0.32114 0.495352 0.0537591 0.00404204
 0.23352 0.215282 0.420074 0.123614 0.00750983
 0.796117 0.104755 0.0508955 0.0450114 0.00322123
pf_pred 
 0.579195 0.152923 0.247811 0.0200698 8.89437e-07
 0.512929 0.327045 0.0590831 0.0933889 0.00755372
 0.656305 0.213527 0.0882596 0.0154883 0.0264204
 0.78471 0.161188 0.0339865 0.0136461 0.00646925
 0.710851 0.247223 0.0316468 0.00646164 0.00381772
 0.791848 0.162483 0.0391832 0.00489722 0.00158862
 0.478603 0.443593 0.0610844 0.0143479 0.00237157
 0.498343 0.304854 0.168325 0.0223673 0.00611041
 0.580757 0.246918 0.105678 0.0570133 0.00963362
 0.793607 0.143643 0.03747 0.0155137 0.00976643
 0.926517 0.0646955 0.0062002 0.0015465 0.00104083
 0.735816 0.250455 0.0121214 0.00113429 0.000472721
 0.762703 0.195937 0.0392837 0.00183339 0.000242584
 0.848873 0.129101 0.0183169 0.00352391 0.00018581
 0.860999 0.128295 0.00921635 0.00123951 0.000250317
 0.976638 0.0215484 0.00168017 0.000115316 1.8595e-05
 0.273129 0.716258 0.00981327 0.000740804 5.89401e-05
 0.950419 0.0183594 0.0307789 0.00040918 3.32927e-05
 0.568395 0.417605 0.00527709 0.00860001 0.000123445
 0.829522 0.116625 0.0521647 0.000637219 0.00105147
 0.644931 0.313738 0.0285344 0.0123956 0.000400625
 0.796184 0.149909 0.047789 0.00422562 0.00189212
 0.285989 0.616392 0.0724068 0.0223555 0.00285688
 0.851257 0.0569558 0.0795545 0.00907724 0.00315579
 0.599587 0.359236 0.0160316 0.0217988 0.00334712
 0.666765 0.231525 0.0915157 0.00397234 0.00622142
 0.70118 0.223475 0.0527545 0.020329 0.00226124
 0.766169 0.182351 0.0387631 0.00890768 0.00380889
 0.482062 0.429186 0.0695999 0.0144258 0.00472603
 0.393053 0.350026 0.213801 0.0338249 0.00929517
 0.878303 0.0604164 0.0357498 0.0212512 0.00427971
pobs_RECLAS
 0 0 0 0 0
 0 0 0 0 0
 0 0 0 0 0
 0 0 0 0 0
 0 0 0 0 0
 0 0 0 0 0
 0 0 0 0 0
 0 0 0 0 0
 0 0 0 0 0
 0 0 0 0 0
 0.991045 0.00858322 0.000360255 1.14367e-05 0
 0.934742 0.0480273 0.0164251 0.00080598 0
 0.827803 0.169806 0.00239088 0 0
 0.941827 0.0461693 0.0120037 0 0
 0.791401 0.0380133 0.147996 0.0225897 0
 0.846168 0.0940531 0.0597789 0 0
 0.134021 0.677848 0.182769 0.00536245 0
 0.80878 0.0450904 0.141981 0.00414843 0
 0.846168 0.0940531 0.0597789 0 0
 0.905697 0.0802665 0.012482 0.00150086 5.37128e-05
 0.989698 0.0102097 9.19794e-05 0 0
 0.975433 0.0193895 0.00387452 0.00125025 5.28907e-05
 0.303575 0.632131 0.0575291 0.00676475 0
 0.966965 0.00978017 0.0227588 0.000495775 0
 0.843318 0.132988 0.00938335 0.0141283 0.000182051
 0.564624 0.303363 0.111486 0.0197234 0.00080311
 0.826376 0.0876187 0.0782897 0.00655872 0.00115652
 0.89761 0.0855135 0.0140674 0.00269457 0.000114338
 0.34875 0.467042 0.161289 0.0227151 0.000203297
 0.318654 0.224769 0.449479 0.00709798 0
 0.937255 0.0296025 0.0250945 0.00804832 0
ppred_RECLAS
 0.663909 0.123869 0.196339 0.0158824 7.0382e-07
 0.603223 0.268499 0.0473985 0.0748277 0.00605201
 0.733961 0.166748 0.0673514 0.0118047 0.0201355
 0.841554 0.119354 0.024569 0.0098522 0.00467036
 0.776884 0.191375 0.0239663 0.00488774 0.00288764
 0.844449 0.12202 0.0287737 0.00359193 0.00116512
 0.574853 0.363064 0.0487564 0.0114369 0.00189028
 0.585298 0.254175 0.137322 0.0182265 0.0049789
 0.670047 0.196296 0.082006 0.0441853 0.00746553
 0.855406 0.101512 0.0257417 0.0106418 0.00669881
 0.946906 0.0468674 0.00439445 0.00109482 0.000736796
 0.803813 0.186234 0.00878916 0.00082136 0.000342282
 0.828694 0.142105 0.0277375 0.00129267 0.000171026
 0.89948 0.0862628 0.0118596 0.00227777 0.000120092
 0.904699 0.0881525 0.0061547 0.000826488 0.000166894
 0.983783 0.0149855 0.00114072 7.81917e-05 1.26077e-05
 0.350817 0.639922 0.00856465 0.00064574 5.13732e-05
 0.965255 0.0130519 0.0213862 0.000283965 2.31032e-05
 0.657531 0.331628 0.00408929 0.00665557 9.55278e-05
 0.875396 0.0858636 0.0375266 0.000457842 0.00075543
 0.722314 0.246021 0.0218698 0.00948886 0.00030666
 0.850467 0.110679 0.0344492 0.0030422 0.00136212
 0.365392 0.549586 0.0630832 0.0194528 0.00248578
 0.891993 0.0419388 0.057272 0.00652694 0.00226901
 0.681734 0.286221 0.0124853 0.0169562 0.00260339
 0.740606 0.181447 0.0701437 0.00304106 0.00476257
 0.770612 0.172537 0.0398201 0.0153263 0.00170466
 0.823503 0.138318 0.0287566 0.00660039 0.00282213
 0.569269 0.358279 0.0568318 0.0117655 0.00385427
 0.48223 0.30148 0.180026 0.0284471 0.00781683
 0.912207 0.0440914 0.0255077 0.0151446 0.00304973
pobs_PELACES
 0 0 0 0 0
 0 0 0 0 0
 0 0 0 0 0
 0 0 0 0 0
 0 0 0 0 0
 0 0 0 0 0
 0 0 0 0 0
 0 0 0 0 0
 0 0 0 0 0
 0 0 0 0 0
 0 0 0 0 0
 0 0 0 0 0
 0 0 0 0 0
 0 0 0 0 0
 0 0 0 0 0
 0 0 0 0 0
 0.505614 0.472636 0.0217494 0 0
 0 0 0 0 0
 0.443492 0.261883 0.143347 0.151278 0
 0.227955 0.32914 0.350689 0.0885471 0.00366901
 0.970185 0.0296113 0.000203453 0 0
 0.997202 0.00247181 0.000326279 0 0
 0.445219 0.490057 0.0546422 0.010081 0
 0.90214 0.0892962 0.00764917 0.000914606 0
 0 0 0 0 0
 0.581667 0.319106 0.0959925 0.00289975 0.000334073
 0.762889 0.0836404 0.116647 0.0363945 0.000428098
 0.88444 0.0763242 0.0277011 0.0115352 0
 0.521256 0.241999 0.230069 0.00667565 0
 0.616807 0.101726 0.260614 0.0208532 0
 0.833518 0.0704572 0.0857862 0.0102388 0
ppred_PELACES
 0.576414 0.156355 0.247233 0.0199969 8.86142e-07
 0.518445 0.326357 0.0573542 0.0905226 0.00732131
 0.661349 0.212618 0.0854977 0.0149816 0.0255541
 0.793358 0.155896 0.0318978 0.0127869 0.00606142
 0.704201 0.253788 0.0317209 0.00646855 0.00382155
 0.790313 0.164596 0.0386947 0.00482961 0.00156658
 0.499542 0.427859 0.0570198 0.0133698 0.00220969
 0.489535 0.313045 0.168883 0.0224137 0.0061227
 0.595907 0.24103 0.100062 0.0538954 0.00910599
 0.821803 0.125543 0.031469 0.0130014 0.00818388
 0.924054 0.0670541 0.00627603 0.00156344 0.00105217
 0.751703 0.235793 0.0110419 0.00103145 0.000429821
 0.786303 0.177568 0.0343193 0.00159856 0.00021149
 0.879215 0.103873 0.0140696 0.00270007 0.000142351
 0.881017 0.110156 0.00760062 0.00102001 0.000205965
 0.977685 0.02063 0.00156092 0.00010696 1.7246e-05
 0.277901 0.711848 0.00947956 0.000714527 5.68449e-05
 0.951419 0.0182959 0.0298568 0.000396351 3.22465e-05
 0.583274 0.403624 0.00494346 0.00804286 0.000115437
 0.832803 0.115379 0.0501957 0.000612259 0.0010102
 0.646516 0.313322 0.0277403 0.0120333 0.000388888
 0.804063 0.145249 0.0449432 0.00396766 0.00177646
 0.289595 0.615607 0.070341 0.0216856 0.00277105
 0.852294 0.0574754 0.0782199 0.00891259 0.00309833
 0.600531 0.359393 0.0156162 0.0212038 0.0032555
 0.663656 0.235466 0.0907801 0.00393518 0.00616279
 0.701122 0.225002 0.0517479 0.0199134 0.00221485
 0.763147 0.185727 0.0385101 0.00883781 0.00377875
 0.476047 0.435995 0.0689976 0.0142824 0.00467872
 0.394582 0.353049 0.210063 0.0331869 0.00911919
 0.878905 0.0609229 0.0351238 0.0208501 0.00419864
pobs_pel_tallas
 0 0 0 0 0 0 0 0 0 0 0 0 0 0 0 0 0 0 0 0 0 0 0 0 0 0
 0 0 0 0 0 0 0 0 0 0 0 0 0 0 0 0 0 0 0 0 0 0 0 0 0 0
 0 0 0 0 0 0 0 0 0 0 0 0 0 0 0 0 0 0 0 0 0 0 0 0 0 0
 0 0 0 0 0 0 0 0 0 0 0 0 0 0 0 0 0 0 0 0 0 0 0 0 0 0
 0 0 0 0 0 0 0 0 0 0 0 0 0 0 0 0 0 0 0 0 0 0 0 0 0 0
 0 0 0 0 0 0 0 0 0 0 0 0 0 0 0 0 0 0 0 0 0 0 0 0 0 0
 0 0 0 0 0 0 0 0 0 0 0 0 0 0 0 0 0 0 0 0 0 0 0 0 0 0
 0 0 0 0 0 0 0 0 0 0 0 0 0 0 0 0 0 0 0 0 0 0 0 0 0 0
 0 0 0 0 0 0 0 0 0 0 0 0 0 0 0 0 0 0 0 0 0 0 0 0 0 0
 0 0 0 0 0 0 0 0 0 0 0 0 0 0 0 0 0 0 0 0 0 0 0 0 0 0
 0 0 0 0 0 0 0 0 0 0 0 0 0 0 0 0 0 0 0 0 0 0 0 0 0 0
 0 0 0 0 0 0 0 0 0 0 0 0 0 0 0 0 0 0 0 0 0 0 0 0 0 0
 0.00862536 0 0 0.000197151 0.00414017 0.0128641 0.00837892 0.0270097 0.101434 0.158115 0.152841 0.127902 0.109271 0.109419 0.0830992 0.0579132 0.0238553 0.00714673 0.00463305 0.00128148 0.00103504 0.000492878 0.000147863 0.000147863 4.92878e-05 0
 0 0 0 0 0 0 0 0 0 0 0 0 0 0 0 0 0 0 0 0 0 0 0 0 0 0
 0 0 0 0 0 0 0 0.0054083 0.00873648 0.0413646 0.0450493 0.0745869 0.0622846 0.0627006 0.0613931 0.0827291 0.12552 0.122667 0.0946155 0.0697135 0.0546179 0.0294188 0.0215738 0.0213955 0.0102223 0.00600262
 0 0 0 0 0.00359764 0.0251062 0.0480494 0.140153 0.205849 0.193036 0.1447 0.116669 0.0760912 0.0342217 0.00950174 0.001854 0.000860785 0 0 0 0.000165536 0 0.000143464 0 0 0
 0 0 0 0 0 0 0 0.000145254 0.000435761 0.0275982 0.070085 0.0708112 0.156366 0.174668 0.174014 0.160142 0.0824315 0.0480064 0.0283245 0.00493863 0.00203355 0 0 0 0 0
 0 0 0 0 0 0 0 0 0 0 0 0 0 0 0 0 0 0 0 0 0 0 0 0 0 0
 0 0 1.00437e-05 0.000401748 0.00122533 0.00171747 0.00176769 0.0269171 0.070346 0.194647 0.189555 0.159765 0.064822 0.0314167 0.0384472 0.0292271 0.0345202 0.0313363 0.0194345 0.0106764 0.0143323 0.0359363 0.0279516 0.0138201 0.00172751 0
 0 0.0021121 0.0136068 0.0755702 0.200478 0.177729 0.0527432 0.0373336 0.0318909 0.0142505 0.0149659 0.0166563 0.0217959 0.0798694 0.0677717 0.0528807 0.04013 0.0224614 0.0357745 0.0225083 0.00881397 0.00855152 0.00135912 0.000746735 0 0
 0 0 0 0 5.4009e-05 0.00500934 0.000945158 0.0243581 0.138947 0.33067 0.221406 0.137944 0.0707744 0.0437923 0.0131692 0.00525238 0.0047753 0.00276346 9.45158e-05 9.00151e-06 2.25038e-05 9.00151e-06 4.50075e-06 0 0 0
 0.000866109 0.00284123 0.00948549 0.0512746 0.133035 0.25785 0.225252 0.132002 0.0553304 0.0519788 0.0540692 0.017754 0.00435017 0.00159236 0.00146478 0.000404838 0.000125132 0.000115318 0.000107957 0.000100596 0 0 0 0 0 0
 0 0 0 0 0.00144013 0.00171154 0.00461396 0.0210425 0.0478622 0.0707936 0.0888783 0.103762 0.0637923 0.0337046 0.0602308 0.124433 0.169614 0.0934646 0.0462172 0.0250306 0.0313229 0.00938855 0.002487 0.000210481 0 0
 0 0.00764035 0.051015 0.0998891 0.058973 0.0496711 0.0374665 0.0718981 0.12319 0.153886 0.159021 0.0857701 0.0377988 0.023471 0.0147837 0.00900784 0.00315554 0.000888139 0.00291439 0.00214683 0.00393193 0.00274676 0.000635225 9.99891e-05 0 0
 0 0 0 0 0 0 0 0 0 0 0 0 0 0 0 0 0 0 0 0 0 0 0 0 0 0
 0 0 0 0 0 0 0 0 0 0 0 0 0 0 0 0 0 0 0 0 0 0 0 0 0 0
 0 0 0 0 0 0 0 0 0 0 0 0 0 0 0 0 0 0 0 0 0 0 0 0 0 0
 0 0 0 0 0 0 0 0 0 0 0 0 0 0 0 0 0 0 0 0 0 0 0 0 0 0
 0 0 0 0 0 0 0 0 0 0 0 0 0 0 0 0 0 0 0 0 0 0 0 0 0 0
 0 0 0 0 0 0 0 0 0 0 0 0 0 0 0 0 0 0 0 0 0 0 0 0 0 0
 0 0 0 0 0 0 0 0 0 0 0 0 0 0 0 0 0 0 0 0 0 0 0 0 0 0
ppred_pel_tallas
 1.09181e-16 4.74785e-05 0.000461508 0.00306688 0.0139416 0.0433776 0.0924212 0.134895 0.13491 0.0924967 0.0436322 0.0146815 0.00494096 0.0046085 0.0080868 0.0137193 0.0207467 0.0281425 0.034815 0.0401392 0.0441077 0.0469101 0.0483717 0.0478491 0.0447065 0.0389242
 1.12056e-16 4.27037e-05 0.000415095 0.00275845 0.0125395 0.0390153 0.0831275 0.121334 0.121365 0.0832814 0.0395324 0.0140337 0.00651172 0.00861789 0.0156504 0.0258866 0.0374896 0.0476053 0.0533884 0.0536208 0.0494635 0.0436363 0.0386771 0.0356328 0.0339685 0.0324062
 1.08349e-16 5.44745e-05 0.000529511 0.00351879 0.0159959 0.0497694 0.10604 0.154772 0.154793 0.10614 0.0501075 0.0169739 0.00597818 0.0059137 0.0103253 0.0171031 0.0249147 0.0319304 0.0363183 0.0372426 0.0353262 0.0321341 0.0291133 0.0268434 0.0250464 0.0231157
 1.03269e-16 6.53479e-05 0.000635205 0.00422116 0.0191888 0.0597035 0.127205 0.185663 0.185678 0.127279 0.0599505 0.0199022 0.00601294 0.00454993 0.00750981 0.0123377 0.0178287 0.0225543 0.0251066 0.0248456 0.0222715 0.0186637 0.0152824 0.0127615 0.0110465 0.00973711
 1.02276e-16 5.80041e-05 0.000563821 0.00374679 0.0170324 0.0529942 0.112911 0.164801 0.164826 0.11303 0.0533953 0.018191 0.00665484 0.00691101 0.0121092 0.0199186 0.0286676 0.0360076 0.0395831 0.0383065 0.0330015 0.0258399 0.0190439 0.0138611 0.0104034 0.00814231
 1.01909e-16 6.50971e-05 0.000632767 0.00420496 0.0191151 0.0594744 0.126717 0.184951 0.184967 0.126795 0.0597352 0.0198686 0.00609745 0.00476779 0.00792903 0.0130331 0.0188328 0.0238152 0.0264776 0.0261149 0.0232176 0.0191014 0.0150864 0.0118749 0.00949304 0.0076336
 1.0347e-16 4.11467e-05 0.00039996 0.00265788 0.0120824 0.0375929 0.0800972 0.116913 0.116954 0.0802987 0.0382694 0.0140361 0.00756179 0.0111042 0.0203674 0.0335981 0.0483756 0.0607905 0.0668781 0.0648007 0.0559321 0.0439086 0.0324467 0.0236285 0.0176423 0.0136226
 1.08238e-16 4.03224e-05 0.000391949 0.00260464 0.0118403 0.0368398 0.0784922 0.114568 0.114598 0.0786407 0.0373389 0.0132845 0.00623933 0.00835794 0.0152613 0.0254062 0.0371537 0.0478862 0.0549203 0.0569575 0.0547361 0.0502859 0.0454545 0.0409383 0.0364161 0.0313467
 1.09896e-16 4.90842e-05 0.000477116 0.0031706 0.0144131 0.0448447 0.0955471 0.139459 0.139482 0.0956613 0.0452283 0.0155228 0.00596211 0.00659111 0.0117204 0.0194571 0.028401 0.0365213 0.0417823 0.0432697 0.0416931 0.0387768 0.0360474 0.0340008 0.0321639 0.029758
 1.0363e-16 6.76908e-05 0.000657979 0.0043725 0.0198768 0.0618441 0.131766 0.192319 0.192331 0.131825 0.0620431 0.0204521 0.00581792 0.00381774 0.00608181 0.00998244 0.0144577 0.0183626 0.0205816 0.0206128 0.0188583 0.0163253 0.0139835 0.0122846 0.0111278 0.0101517
 1.00534e-16 7.61131e-05 0.000739847 0.00491654 0.0223499 0.0695388 0.14816 0.216245 0.216252 0.148192 0.0696448 0.0226558 0.00568413 0.00241467 0.00325452 0.00525367 0.00754612 0.00945875 0.0103623 0.00996885 0.00850081 0.00654271 0.00469589 0.00330297 0.0023999 0.00184402
 1.00556e-16 6.19169e-05 0.000601854 0.00399953 0.0181813 0.0565689 0.120527 0.175917 0.17594 0.120638 0.056941 0.0192555 0.00669419 0.00647824 0.0112043 0.0183778 0.0263569 0.0329097 0.0358058 0.0340158 0.0283322 0.0208596 0.013797 0.00844833 0.00502387 0.00306425
 1.01232e-16 6.47668e-05 0.000629556 0.00418362 0.0190182 0.0591726 0.126074 0.184013 0.18403 0.126158 0.0594537 0.0198301 0.00622221 0.00508161 0.0085252 0.0140044 0.0201965 0.0254542 0.0281365 0.0274712 0.0239953 0.0191626 0.0144554 0.0106995 0.00797921 0.00598971
 1.00728e-16 7.24198e-05 0.000703946 0.00467797 0.0212654 0.0661645 0.140971 0.205753 0.205763 0.14102 0.0663288 0.0217397 0.00586852 0.00330267 0.00500709 0.00816093 0.0117437 0.0147556 0.0162291 0.0157157 0.0135466 0.0106027 0.00778615 0.00560533 0.00411202 0.00310402
 1.00385e-16 7.25682e-05 0.000705389 0.00468756 0.021309 0.0663002 0.14126 0.206175 0.206186 0.141312 0.0664741 0.0218111 0.00594735 0.00345332 0.00528489 0.008605 0.0123483 0.0154425 0.0168475 0.0160835 0.0135159 0.0101159 0.00689305 0.00443938 0.00284258 0.00188837
 1.00065e-16 8.05306e-05 0.000782786 0.00520189 0.023647 0.0735747 0.156759 0.228794 0.228796 0.156768 0.0736073 0.0237411 0.00543786 0.00129753 0.00105698 0.00161691 0.00231417 0.00289455 0.00315923 0.00301795 0.00253862 0.00190235 0.00129757 0.000834837 0.000531005 0.00034699
 1.00537e-16 2.28905e-05 0.000222503 0.00147862 0.00672162 0.0209138 0.0445616 0.0650534 0.0651218 0.0448961 0.0220363 0.00996191 0.00960486 0.0179378 0.0335955 0.0553153 0.0792382 0.0987101 0.106966 0.100889 0.0829199 0.0595311 0.0375243 0.0209926 0.0106598 0.00512535
 1.00912e-16 7.83671e-05 0.000761756 0.00506214 0.0230117 0.0715981 0.152547 0.222648 0.222649 0.152556 0.0716279 0.0230984 0.00528158 0.00124742 0.00102002 0.00161232 0.00243091 0.00329661 0.00407508 0.004689 0.00513221 0.00542215 0.00553722 0.00540735 0.00497013 0.00423897
 1.01073e-16 4.80436e-05 0.000467001 0.00310339 0.0141076 0.0438941 0.0935225 0.136507 0.136546 0.0937121 0.0445306 0.015945 0.00771159 0.0105134 0.019089 0.0313797 0.0449603 0.0560391 0.0607919 0.0574674 0.0474638 0.0344534 0.0222764 0.0132135 0.00761837 0.00463897
 1.01711e-16 6.85969e-05 0.000666786 0.00443103 0.0201428 0.0626718 0.133529 0.194892 0.194904 0.133584 0.0628554 0.0206735 0.0057656 0.00358813 0.00563997 0.00927547 0.0134934 0.0172529 0.0195277 0.0198192 0.018412 0.0161123 0.0136999 0.0115481 0.00963592 0.00781003
 1.02154e-16 5.32527e-05 0.000517635 0.00343987 0.0156372 0.0486532 0.103662 0.151304 0.151334 0.103809 0.0491481 0.0170664 0.00702616 0.0083425 0.0149023 0.0245214 0.035247 0.0441741 0.0483797 0.0465187 0.0396307 0.030447 0.0217761 0.015216 0.0109325 0.00826128
 1.02033e-16 6.62297e-05 0.000643776 0.00427812 0.0194477 0.0605091 0.128922 0.188168 0.188182 0.12899 0.0607396 0.0201139 0.00595201 0.00430378 0.0070344 0.011569 0.016762 0.0212912 0.0238456 0.0238042 0.0215749 0.0182652 0.0149694 0.0122448 0.0100855 0.00823818
 1.04831e-16 2.38537e-05 0.000231867 0.00154084 0.00700446 0.0217938 0.0464362 0.0677874 0.0678467 0.046726 0.0227667 0.0098143 0.00859266 0.0156219 0.0292402 0.0482705 0.0694587 0.0871902 0.0957491 0.0924951 0.0794351 0.0618594 0.0451863 0.0324677 0.0239895 0.0184712
 1.03691e-16 7.02023e-05 0.000682392 0.00453473 0.0206142 0.0641386 0.136654 0.199452 0.199458 0.136682 0.0642318 0.0208849 0.00521944 0.00219485 0.00299464 0.00497528 0.00747634 0.0100608 0.0123136 0.0140144 0.0152004 0.0160108 0.0164609 0.01637 0.0155059 0.0138001
 1.0322e-16 4.9465e-05 0.000480818 0.00319521 0.014525 0.0451927 0.0962892 0.140544 0.140579 0.0964581 0.04576 0.0161628 0.0073039 0.0094423 0.0170463 0.0280442 0.0402599 0.0503541 0.0549691 0.0525832 0.0444461 0.0337777 0.0238874 0.0166535 0.0122349 0.00976151
 1.04118e-16 5.46645e-05 0.000531359 0.00353107 0.0160517 0.049943 0.10641 0.155313 0.155336 0.106521 0.0503172 0.0171336 0.00625097 0.00648279 0.011398 0.0188616 0.0274087 0.03497 0.039451 0.0398486 0.0367857 0.0319738 0.0270745 0.0228902 0.019362 0.0161002
 1.03923e-16 5.77505e-05 0.000561356 0.00373041 0.0169579 0.0527624 0.112417 0.16408 0.164102 0.112523 0.053119 0.0179882 0.00631828 0.00621655 0.0108153 0.0178343 0.0257937 0.0326662 0.0364224 0.036127 0.032475 0.027272 0.0222959 0.0184402 0.0156425 0.013382
 1.02685e-16 6.28594e-05 0.000611016 0.00406042 0.0184581 0.05743 0.122361 0.178594 0.178612 0.122449 0.0577241 0.0193079 0.00619446 0.00527294 0.0089264 0.0146831 0.0212051 0.0267912 0.0297484 0.0292926 0.0259999 0.0213847 0.0169618 0.0135291 0.011091 0.00924893
 1.04327e-16 3.92114e-05 0.000381149 0.00253287 0.0115141 0.0358248 0.0763302 0.111415 0.111457 0.0765356 0.0365145 0.0135063 0.0075341 0.0113007 0.0207825 0.0343091 0.0494506 0.0622486 0.0686846 0.0668935 0.0582569 0.0464297 0.0351257 0.0263915 0.0203699 0.0161719
 1.11024e-16 3.25013e-05 0.000315924 0.00209943 0.00954371 0.0296942 0.0632679 0.0923486 0.0923829 0.0634356 0.0302578 0.0111749 0.00620643 0.00932252 0.0172578 0.028793 0.0422063 0.0546044 0.0630086 0.0659781 0.0643177 0.0602227 0.0556271 0.0511514 0.0463077 0.0404427
 1.03831e-16 7.23942e-05 0.000703698 0.00467632 0.0212579 0.0661411 0.140921 0.205679 0.205685 0.14095 0.0662385 0.0215397 0.00538618 0.00226149 0.00305518 0.00500068 0.00735006 0.0095714 0.0111776 0.0119576 0.0120843 0.011948 0.0118512 0.0118161 0.0116304 0.0110447
pSPR Fmed_Fpbrs
0.368321   0.6 0.325
Fs Fmed_Fpbrs
0.641765   0.298718 0.739011
SSBpbr Bo_Bmed_Bpbrs
1.21548e+06  386912  668512 334256
Ro
104179
SPR SPRFo_SPRFmed_SPRFpbrs
743591 273880 241667
Fref
0.298718
Nvult_r0
 133644 7238.27 4222.17 2507.93 505.045
CTP_r0
 34326.5 2361.24 1397.2 830.555 167.263
YTP_r0
391410
Np
 125083 37355.7 12924.3 579.231 424.174
Nvult_p0
 87727.8 27094 9396.22 421.167 308.424
CTP_p0
 15135.3 7713.58 354.499 204.221 148.404
 15135.3 6124.48 2159.23 96.8678 70.9405
YTP_p0
 253453 264522
CBA_c0
256774
log_Ro
11.3739
likeval ReclasPelacesDesembMPH_pf_preclas_ppelaces_ptallas_desvR_qrecl_qpela
 33.769 68.3056 0.0591038 50.6263 221.582 95.6243 115.23 0 26.443 3.65125e-05 8.31393e-05 0.0553584 1.29675e-15 0 0
q_reclas_q_pelaces
2.35433 3.65914
M
1
N
 151183 29609.5 47104.5 3811.18 0.168892
 89606.2 43656.9 7759.46 12254.3 991.137
 84516.5 20998.7 8538.99 1497.18 2553.81
 124224 19894.1 4132.82 1658.09 786.022
 97310.2 24924.9 3130.6 638.561 377.26
 191720 29464.5 6980.4 871.607 282.729
 70386.5 51853.6 7044.71 1653.53 273.302
 26861.9 12010.6 6503.22 863.259 235.817
 25687.9 8542.88 3603.18 1942.41 328.198
 33508.7 5019.32 1295.33 536.003 337.422
 75174.1 3856.47 362.573 90.3432 60.8001
 85365.9 23128.3 1104.46 103.279 43.0405
 68788.8 14384.9 2850.06 132.93 17.588
 72665.1 9402.48 1322.17 254.246 13.4056
 48525.4 5997.05 426.271 57.2973 11.5707
 316872 5451.74 418.819 28.7225 4.63138
 31460.9 63493.2 856.283 64.5867 5.13845
 476175 6988.42 11521.7 153.035 12.4511
 201381 116396 1450.08 2361.41 33.8944
 348914 37531.8 16517.6 201.598 332.639
 219256 80993.4 7243.98 3144.05 101.611
 367118 53796.9 16894.7 1492.69 668.357
 45327.2 74701 8633.63 2663.32 340.339
 209782 10568.5 14507.7 1653.81 574.937
 120413 54679.6 2399.33 3259.54 500.465
 115766 29949.9 11625.6 504.136 789.531
 135142 32454.2 7529.79 2898.95 322.44
 197752 35045.9 7315.61 1679.49 718.107
 84370.3 55661.4 8860.64 1834.72 601.039
 36506.7 24535.9 14731.4 2328.48 639.843
 180692 9360.15 5443.34 3232.77 651.006
pred_Ctot
 20960.4 5534.09 8967.98 726.303 0.0321876
 21323.4 13595.9 2456.19 3882.35 314.022
 19948.2 6490.07 2682.62 470.763 803.04
 37477.2 7698.22 1623.17 651.728 308.967
 11057.6 3845.65 492.278 100.513 59.3862
 32903.3 6751.6 1628.16 203.492 66.0114
 25361.8 23506.6 3236.94 760.315 125.673
 2328.38 1424.35 786.454 104.505 28.5493
 8009.62 3405.41 1457.48 786.31 132.864
 15937.4 2884.65 752.478 311.55 196.131
 7892.32 551.094 52.815 13.1735 8.86609
 31121.3 10593 512.676 47.9747 19.9937
 29545 7590.05 1521.74 71.0204 9.39701
 39943 6074.72 861.887 165.815 8.74311
 23370.7 3482.4 250.166 33.6449 6.79452
 95762.2 2112.89 164.745 11.3071 1.8233
 8206.21 21520.1 294.842 22.2576 1.77087
 104396 2016.64 3380.82 44.9452 3.65695
 66320.4 48726.2 615.732 1003.45 14.4036
 84470.7 11876 5311.96 64.8883 107.071
 47696.6 23202.9 2110.3 916.73 29.6287
 108760 20477.8 6528.05 577.226 258.466
 10886.4 23463.5 2756.23 850.982 108.75
 39748.2 2659.47 3714.68 423.849 147.355
 25447.2 15246.4 680.399 925.168 142.055
 17801.8 6181.42 2443.35 106.056 166.104
 25932.6 8265.04 1951.08 751.851 83.6299
 30007.7 7141.96 1518.19 348.878 149.179
 11388.7 10139.5 1644.29 340.807 111.652
 7201.01 6412.72 3916.99 619.696 170.294
 34326.5 2361.24 1397.2 830.555 167.263
F
 0.242132 0.339183 0.346492 0.346886 0.346906
 0.450963 0.631718 0.645332 0.646064 0.646103
 0.446524 0.6255 0.63898 0.639705 0.639744
 0.606216 0.849199 0.867499 0.868484 0.868536
 0.194716 0.272762 0.278641 0.278957 0.278974
 0.307613 0.43091 0.440197 0.440696 0.440723
 0.768212 1.07613 1.09932 1.10057 1.10063
 0.145609 0.203972 0.208368 0.208604 0.208617
 0.632725 0.886333 0.905434 0.906462 0.906516
 1.16205 1.62782 1.6629 1.66479 1.66489
 0.178748 0.250393 0.255789 0.25608 0.256095
 0.780771 1.09372 1.11729 1.11856 1.11862
 0.990067 1.38691 1.41679 1.4184 1.41849
 1.49459 2.09365 2.13877 2.1412 2.14133
 1.18615 1.66158 1.69739 1.69932 1.69942
 0.607565 0.851089 0.86943 0.870417 0.870469
 0.504492 0.706702 0.721932 0.722752 0.722795
 0.408784 0.572633 0.584973 0.585637 0.585672
 0.68001 0.952571 0.973099 0.974204 0.974262
 0.460457 0.645017 0.658917 0.659666 0.659705
 0.405024 0.567365 0.579592 0.58025 0.580285
 0.59219 0.829551 0.847428 0.848391 0.848441
 0.456029 0.638815 0.652581 0.653322 0.653361
 0.344577 0.482689 0.493092 0.493651 0.493681
 0.3914 0.548281 0.560096 0.560732 0.560766
 0.271741 0.38066 0.388863 0.389304 0.389328
 0.349668 0.489821 0.500377 0.500945 0.500975
 0.267728 0.375038 0.383121 0.383556 0.383579
 0.23508 0.329305 0.336402 0.336784 0.336804
 0.361034 0.505743 0.516642 0.517229 0.51726
 0.345623 0.484155 0.494589 0.49515 0.49518
YTP_r0W_actual
 284910 33293.4 38562.7 28405 6238.9
YTP_p0W_proyectada
 113363 120872 8199.57 5997.98 5020.5
 113363 95970.6 49943 2845.01 2399.92
CTP_r0_actual
 34326.5 2361.24 1397.2 830.555 167.263
CTP_p0_proyectada
 15135.3 7713.58 354.499 204.221 148.404
 15135.3 6124.48 2159.23 96.8678 70.9405
Wmedp
 7.49 15.67 23.13 29.37 33.83
Frms_r0
 0.345623 0.484155 0.494589 0.49515 0.49518
Zrms_r0
 1.34562 1.48415 1.49459 1.49515 1.49518
nmprior
 7 7 9 0
nm_flota  nm_reclas  nm_pelaces    nm_pelaL
inf 14.7729 8.6604 16.5501
cv_recla  cv_pelaces  cv_mph
0.223718 0.467833 0.884699
 ------------------------------------------------
Talla a la edad & desviaci?n 
 8 13.2811 15.8009 17.003 17.5766
 0.8 1.32811 1.58009 1.7003 1.75766
