years
 1991 1992 1993 1994 1995 1996 1997 1998 1999 2000 2001 2002 2003 2004 2005 2006 2007 2008 2009 2010 2011 2012 2013 2014 2015 2016 2017 2018 2019 2020 2021
reclasobs
 0 0 0 0 0 0 0 0 0 252601 567819 844713 477998 351125 339783 2.1784e+06 2.13404e+06 4.81314e+06 1.55562e+06 2.62356e+06 3.21686e+06 3.843e+06 1.13348e+06 3.07943e+06 1.97215e+06 2.03268e+06 2.025e+06 2.42433e+06 2.27542e+06 1.05018e+06 2.36338e+06
reclaspred
 3.27807e+06 1.76054e+06 894352 975824 1.02764e+06 1.97067e+06 1.05076e+06 887824 611943 402573 766224 692743 316256 725614 590987 1.4147e+06 1.09924e+06 3.17121e+06 3.02622e+06 2.17333e+06 3.01966e+06 2.04796e+06 1.35679e+06 2.91396e+06 2.19552e+06 1.9493e+06 2.43083e+06 2.67318e+06 2.03137e+06 1.169e+06 1.89103e+06
pelacesobs
 0 0 0 0 0 0 0 0 0 0 0 0 0 0 0 552880 188675 0 991730 2.46772e+06 1.41603e+06 1.21717e+06 2.29649e+06 1.80582e+06 0 1.4828e+06 1.56532e+06 1.57751e+06 1.42118e+06 867257 1.10002e+06
pelacespred
 2.14308e+06 1.23111e+06 591698 476078 585742 1.09854e+06 563590 627990 386748 219397 430950 347381 140734 377434 325961 616280 565797 1.68629e+06 1.76205e+06 1.22121e+06 1.60397e+06 1.10032e+06 793089 1.75614e+06 1.38643e+06 1.27829e+06 1.679e+06 1.8156e+06 1.33031e+06 833412 1.13682e+06
mphobs
 0 0 0 0 0 0 0 0 0 0 0 498337 0 5186 125008 0 168611 109162 213762 579715 649985 157893 87575 83554 0 0 0 0 0 0 0
mphpred
 542290 368646 171655 97062.2 112076 145138 216117 107783 96931.3 56623.9 34459.2 105159 56709.1 18316.1 53616.7 53646.2 163145 125474 342577 297661 303067 269822 209968 149505 322729 270704 220488 246524 362934 222032 118037
desembarqueobs
 494567 514787 250237 358949 120608 361735 552515 73892 212993 205616 52469 317467 293654 387597 252695 516296 358380 742168 942051 627588 828172 859565 418607 520667 417249 300574 415391 372974 316634 284311 391294
desembarquepred
 494565 514043 250570 358982 120613 361733 552508 73897.7 213058 205664 52468.7 317682 293983 387376 252648 516200 358440 741964 941460 627265 828426 859577 418569 520662 417208 300563 415372 372925 316602 284308 391291
Reclutas
 160453 87738.4 87435.3 128804 104565 204379 75730.2 30826.7 30863.6 43652.9 105958 66488.7 44408.1 119409 58383.8 291259 55177.5 485004 380690 237752 233286 348150 69233.4 248937 197544 85656.2 192916 215496 63464 46751.9 184102
log_desv_Rt
 0.32833 -0.275314 -0.278775 0.108617 -0.0998622 0.570305 -0.422496 -1.32129 -1.32009 -0.973404 -0.0866329 -0.552641 -0.956251 0.0328783 -0.682636 0.924538 -0.739117 1.43448 1.19231 0.721555 0.702591 1.10296 -0.512189 0.767529 0.536287 -0.299331 0.51258 0.623269 -0.599201 -0.904818 0.465816
SSB
 1.40533e+06 955332 444839 251533 290442 376119 560060 279315 251194 146739 89299.7 272515 146960 47465.5 138946 139022 422783 325161 887776 771379 785386 699233 544126 387438 836341 701521 571387 638859 940531 575389 305888
BT
 2.1124e+06 1.47525e+06 707729 732785 615772 1.37018e+06 960297 623459 551507 398568 478467 573073 397193 820251 580082 1.06078e+06 773699 2.4055e+06 2.56387e+06 1.63614e+06 2.15048e+06 1.81179e+06 1.05457e+06 2.27857e+06 1.59645e+06 1.37841e+06 2.04351e+06 2.12425e+06 1.34579e+06 955786 1.51073e+06
Ftot
 0.291036 0.537813 0.530258 0.772104 0.247874 0.411302 0.954546 0.17119 0.69982 1.01748 0.169017 0.880374 1.65741 1.26625 0.944407 0.871135 0.631181 0.561636 0.662372 0.596877 0.564576 0.873469 0.59917 0.424209 0.390934 0.310355 0.383115 0.318955 0.291871 0.46266 0.486078
BD_Bspro_t
 0.954758 0.711064 0.472042 0.373101 0.381188 0.494027 0.517658 0.314988 0.367167 0.29498 0.254909 0.577131 0.306684 0.125653 0.262338 0.256696 0.392858 0.323149 0.496175 0.424475 0.37856 0.354027 0.328768 0.292521 0.498175 0.510047 0.514587 0.572388 0.644317 0.533931 0.424319
BD_Bspro
 1.70399 1.15836 0.539377 0.30499 0.352167 0.456053 0.679085 0.338675 0.304578 0.177924 0.108278 0.33043 0.178192 0.057553 0.168475 0.168567 0.512634 0.394265 1.07645 0.935314 0.952298 0.847835 0.659764 0.469777 1.01408 0.850609 0.692819 0.774631 1.14042 0.697672 0.370896
BD_Bo
 1.11261 0.756345 0.352183 0.199141 0.229946 0.297777 0.443405 0.221136 0.198873 0.116175 0.0706995 0.215753 0.116349 0.0375789 0.110005 0.110065 0.334722 0.257433 0.702861 0.610708 0.621798 0.553589 0.430789 0.306738 0.662139 0.555401 0.452372 0.505791 0.744628 0.455541 0.242175
BD_Brms
 2.02293 1.37517 0.640333 0.362075 0.418083 0.541413 0.806191 0.402066 0.361587 0.211226 0.128544 0.392277 0.211544 0.0683253 0.200009 0.200118 0.608585 0.46806 1.27793 1.11038 1.13054 1.00653 0.783254 0.557706 1.20389 1.00982 0.822495 0.91962 1.35387 0.828257 0.440317
Sel_flota
 0.650487 0.972498 0.998514 0.999922 0.999996
 0.650487 0.972498 0.998514 0.999922 0.999996
 0.650487 0.972498 0.998514 0.999922 0.999996
 0.650487 0.972498 0.998514 0.999922 0.999996
 0.650487 0.972498 0.998514 0.999922 0.999996
 0.650487 0.972498 0.998514 0.999922 0.999996
 0.650487 0.972498 0.998514 0.999922 0.999996
 0.650487 0.972498 0.998514 0.999922 0.999996
 0.650487 0.972498 0.998514 0.999922 0.999996
 0.650487 0.972498 0.998514 0.999922 0.999996
 0.650487 0.972498 0.998514 0.999922 0.999996
 0.650487 0.972498 0.998514 0.999922 0.999996
 0.650487 0.972498 0.998514 0.999922 0.999996
 0.650487 0.972498 0.998514 0.999922 0.999996
 0.650487 0.972498 0.998514 0.999922 0.999996
 0.650487 0.972498 0.998514 0.999922 0.999996
 0.650487 0.972498 0.998514 0.999922 0.999996
 0.650487 0.972498 0.998514 0.999922 0.999996
 0.650487 0.972498 0.998514 0.999922 0.999996
 0.650487 0.972498 0.998514 0.999922 0.999996
 0.650487 0.972498 0.998514 0.999922 0.999996
 0.650487 0.972498 0.998514 0.999922 0.999996
 0.650487 0.972498 0.998514 0.999922 0.999996
 0.650487 0.972498 0.998514 0.999922 0.999996
 0.650487 0.972498 0.998514 0.999922 0.999996
 0.650487 0.972498 0.998514 0.999922 0.999996
 0.650487 0.972498 0.998514 0.999922 0.999996
 0.650487 0.972498 0.998514 0.999922 0.999996
 0.650487 0.972498 0.998514 0.999922 0.999996
 0.650487 0.972498 0.998514 0.999922 0.999996
 0.650487 0.972498 0.998514 0.999922 0.999996
Sel_reclas
 0.995795 1 1 1 1
 0.995795 1 1 1 1
 0.995795 1 1 1 1
 0.995795 1 1 1 1
 0.995795 1 1 1 1
 0.995795 1 1 1 1
 0.995795 1 1 1 1
 0.995795 1 1 1 1
 0.995795 1 1 1 1
 0.995795 1 1 1 1
 0.995795 1 1 1 1
 0.995795 1 1 1 1
 0.995795 1 1 1 1
 0.995795 1 1 1 1
 0.995795 1 1 1 1
 0.995795 1 1 1 1
 0.995795 1 1 1 1
 0.995795 1 1 1 1
 0.995795 1 1 1 1
 0.995795 1 1 1 1
 0.995795 1 1 1 1
 0.995795 1 1 1 1
 0.995795 1 1 1 1
 0.995795 1 1 1 1
 0.995795 1 1 1 1
 0.995795 1 1 1 1
 0.995795 1 1 1 1
 0.995795 1 1 1 1
 0.995795 1 1 1 1
 0.995795 1 1 1 1
 0.995795 1 1 1 1
Sel_pelaces
 0.649175 0.90303 0.979108 0.995778 0.999158
 0.649175 0.90303 0.979108 0.995778 0.999158
 0.649175 0.90303 0.979108 0.995778 0.999158
 0.649175 0.90303 0.979108 0.995778 0.999158
 0.649175 0.90303 0.979108 0.995778 0.999158
 0.649175 0.90303 0.979108 0.995778 0.999158
 0.649175 0.90303 0.979108 0.995778 0.999158
 0.649175 0.90303 0.979108 0.995778 0.999158
 0.649175 0.90303 0.979108 0.995778 0.999158
 0.649175 0.90303 0.979108 0.995778 0.999158
 0.649175 0.90303 0.979108 0.995778 0.999158
 0.649175 0.90303 0.979108 0.995778 0.999158
 0.649175 0.90303 0.979108 0.995778 0.999158
 0.649175 0.90303 0.979108 0.995778 0.999158
 0.649175 0.90303 0.979108 0.995778 0.999158
 0.649175 0.90303 0.979108 0.995778 0.999158
 0.649175 0.90303 0.979108 0.995778 0.999158
 0.649175 0.90303 0.979108 0.995778 0.999158
 0.649175 0.90303 0.979108 0.995778 0.999158
 0.649175 0.90303 0.979108 0.995778 0.999158
 0.649175 0.90303 0.979108 0.995778 0.999158
 0.649175 0.90303 0.979108 0.995778 0.999158
 0.649175 0.90303 0.979108 0.995778 0.999158
 0.649175 0.90303 0.979108 0.995778 0.999158
 0.649175 0.90303 0.979108 0.995778 0.999158
 0.649175 0.90303 0.979108 0.995778 0.999158
 0.649175 0.90303 0.979108 0.995778 0.999158
 0.649175 0.90303 0.979108 0.995778 0.999158
 0.649175 0.90303 0.979108 0.995778 0.999158
 0.649175 0.90303 0.979108 0.995778 0.999158
 0.649175 0.90303 0.979108 0.995778 0.999158
pf_obs 
 0.8446 0.082 0.0669 0.0065 0
 0.8095 0.147 0.0364 0.0071 0
 0.9664 0.0169 0.016 0.0007 0
 0.9276 0.0648 0.0075 0.0001 0
 0.7033 0.2144 0.0806 0.0017 0
 0.9318 0.0425 0.0243 0.0014 0
 0.5671 0.3108 0.0964 0.0239 0.0018
 0.0768 0.2599 0.5324 0.112 0.0189
 0.490249 0.384438 0.106611 0.0170017 0.00170017
 0.7925 0.1577 0.0466 0.003 0.0002
 0.840416 0.127587 0.0312969 0.00059994 9.999e-05
 0.8084 0.0986 0.0794 0.0134 0.0002
 0.7335 0.1905 0.0724 0.0035 0.0001
 0.4001 0.4547 0.1325 0.0127 0
 0.49795 0.308269 0.164784 0.0264974 0.00249975
 0.9179 0.0499 0.0305 0.0017 0
 0.2467 0.6533 0.0926 0.0074 0
 0.9418 0.0223 0.034 0.0019 0
 0.707729 0.231977 0.0356964 0.0245975 0
 0.517169 0.277429 0.184464 0.0207286 0.00020938
 0.811772 0.124168 0.05621 0.00726502 0.000585176
 0.764997 0.148141 0.077277 0.00933861 0.000247198
 0.163321 0.427699 0.378323 0.0303852 0.000271297
 0.753843 0.0900009 0.118128 0.0371064 0.000921714
 0.721811 0.176058 0.0630433 0.0369309 0.00215725
 0.143369 0.312575 0.442814 0.0836902 0.0175525
 0.692698 0.0596174 0.167031 0.0765114 0.00414204
 0.394062 0.376323 0.152708 0.0712218 0.00568511
 0.125707 0.32114 0.495352 0.0537591 0.00404204
 0.23352 0.215282 0.420074 0.123614 0.00750983
 0.796117 0.104755 0.0508955 0.0450114 0.00322123
pf_pred 
 0.532623 0.150491 0.294652 0.022233 9.13589e-07
 0.452241 0.352182 0.06426 0.122117 0.00919999
 0.612809 0.223215 0.106748 0.0188266 0.0384023
 0.749975 0.180883 0.0404427 0.018695 0.0100037
 0.678542 0.269407 0.0380578 0.00819202 0.00580112
 0.770845 0.175266 0.0453762 0.00622629 0.00228565
 0.453391 0.461136 0.0658652 0.016515 0.0030926
 0.456846 0.324384 0.185751 0.0254581 0.00756176
 0.554851 0.250615 0.117497 0.0654241 0.0116125
 0.756472 0.166059 0.0443339 0.0200296 0.0131061
 0.881456 0.100779 0.0122802 0.00314222 0.00234307
 0.564697 0.399971 0.0301642 0.00357397 0.00159396
 0.64036 0.25064 0.10048 0.00727688 0.00124397
 0.929064 0.0562472 0.0104085 0.00394682 0.000333688
 0.685008 0.303063 0.00955232 0.00168543 0.000691354
 0.936578 0.0504359 0.0125136 0.000378412 9.39431e-05
 0.387022 0.590331 0.0181557 0.0043281 0.00016302
 0.929714 0.0360037 0.0330586 0.000981141 0.000242237
 0.680698 0.305441 0.00721949 0.0064044 0.000236561
 0.594904 0.316487 0.0848965 0.00193531 0.00177677
 0.666696 0.236424 0.0762645 0.0197535 0.000862056
 0.769316 0.177259 0.0382786 0.0119278 0.0032183
 0.369959 0.538666 0.0708666 0.0147033 0.00580519
 0.833913 0.081889 0.0723518 0.00919118 0.00265483
 0.640087 0.320391 0.0198048 0.0169474 0.00276995
 0.438377 0.414362 0.131548 0.00788031 0.00783224
 0.743076 0.141256 0.0860116 0.0264967 0.00315963
 0.690529 0.254386 0.0307173 0.0181283 0.00624002
 0.347095 0.507348 0.1203 0.0140943 0.0111629
 0.437392 0.254883 0.240713 0.0553992 0.0116122
 0.8518 0.0828699 0.0301333 0.0275431 0.0076541
pobs_RECLAS
 0 0 0 0 0
 0 0 0 0 0
 0 0 0 0 0
 0 0 0 0 0
 0 0 0 0 0
 0 0 0 0 0
 0 0 0 0 0
 0 0 0 0 0
 0 0 0 0 0
 0 0 0 0 0
 0.991045 0.00858322 0.000360255 1.14367e-05 0
 0.934742 0.0480273 0.0164251 0.00080598 0
 0.827803 0.169806 0.00239088 0 0
 0.941827 0.0461693 0.0120037 0 0
 0.791401 0.0380133 0.147996 0.0225897 0
 0.846168 0.0940531 0.0597789 0 0
 0.134021 0.677848 0.182769 0.00536245 0
 0.80878 0.0450904 0.141981 0.00414843 0
 0.846168 0.0940531 0.0597789 0 0
 0.905697 0.0802665 0.012482 0.00150086 5.37128e-05
 0.989698 0.0102097 9.19794e-05 0 0
 0.975433 0.0193895 0.00387452 0.00125025 5.28907e-05
 0.303575 0.632131 0.0575291 0.00676475 0
 0.966965 0.00978017 0.0227588 0.000495775 0
 0.843318 0.132988 0.00938335 0.0141283 0.000182051
 0.564624 0.303363 0.111486 0.0197234 0.00080311
 0.826376 0.0876187 0.0782897 0.00655872 0.00115652
 0.89761 0.0855135 0.0140674 0.00269457 0.000114338
 0.34875 0.467042 0.161289 0.0227151 0.000203297
 0.318654 0.224769 0.449479 0.00709798 0
 0.937255 0.0296025 0.0250945 0.00804832 0
ppred_RECLAS
 0.635631 0.119505 0.227707 0.0171567 7.04942e-07
 0.558892 0.286548 0.0508346 0.0964587 0.0072664
 0.708638 0.170001 0.0790479 0.0139204 0.0283924
 0.823011 0.129095 0.0280329 0.0129383 0.00692272
 0.760825 0.20133 0.0276818 0.00594997 0.0042131
 0.836417 0.125928 0.0317147 0.00434531 0.00159502
 0.564365 0.369253 0.0511732 0.0128104 0.00239868
 0.559914 0.265684 0.148111 0.0202703 0.0060204
 0.659102 0.194389 0.0885449 0.0492271 0.00873686
 0.8304 0.116791 0.0302425 0.0136409 0.00892497
 0.917837 0.0701328 0.00831978 0.00212579 0.00158502
 0.668014 0.305773 0.0223838 0.00264789 0.00118084
 0.746704 0.17839 0.0690606 0.00499211 0.000853307
 0.954416 0.0363862 0.00652051 0.00246827 0.000208663
 0.771806 0.219802 0.00672239 0.0011842 0.000485711
 0.958292 0.0333684 0.00803658 0.00024264 6.02318e-05
 0.490956 0.490752 0.0146687 0.0034915 0.000131498
 0.953253 0.0242761 0.0216701 0.000642174 0.000158536
 0.765393 0.224705 0.00516108 0.00457138 0.000168841
 0.692387 0.24181 0.0630501 0.00143512 0.00131745
 0.754132 0.175842 0.0551431 0.0142613 0.000622322
 0.838555 0.124916 0.0261849 0.00814636 0.00219783
 0.473204 0.452252 0.057833 0.0119809 0.00472996
 0.884978 0.0575128 0.0494281 0.00626981 0.00181086
 0.729123 0.241873 0.0145451 0.0124283 0.00203118
 0.541768 0.340496 0.105191 0.00629226 0.00625339
 0.815404 0.102763 0.0608748 0.0187256 0.00223278
 0.771349 0.188878 0.0221933 0.0130787 0.00450152
 0.445617 0.433406 0.10001 0.0117002 0.00926599
 0.544391 0.209589 0.192508 0.0442393 0.00927226
 0.898156 0.0576683 0.0203924 0.0186117 0.00517171
pobs_PELACES
 0 0 0 0 0
 0 0 0 0 0
 0 0 0 0 0
 0 0 0 0 0
 0 0 0 0 0
 0 0 0 0 0
 0 0 0 0 0
 0 0 0 0 0
 0 0 0 0 0
 0 0 0 0 0
 0 0 0 0 0
 0 0 0 0 0
 0 0 0 0 0
 0 0 0 0 0
 0 0 0 0 0
 0 0 0 0 0
 0.505614 0.472636 0.0217494 0 0
 0 0 0 0 0
 0.443492 0.261883 0.143347 0.151278 0
 0.227955 0.32914 0.350689 0.0885471 0.00366901
 0.970185 0.0296113 0.000203453 0 0
 0.997202 0.00247181 0.000326279 0 0
 0.445219 0.490057 0.0546422 0.010081 0
 0.90214 0.0892962 0.00764917 0.000914606 0
 0 0 0 0 0
 0.581667 0.319106 0.0959925 0.00289975 0.000334073
 0.762889 0.0836404 0.116647 0.0363945 0.000428098
 0.88444 0.0763242 0.0277011 0.0115352 0
 0.521256 0.241999 0.230069 0.00667565 0
 0.616807 0.101726 0.260614 0.0208532 0
 0.833518 0.0704572 0.0857862 0.0102388 0
ppred_PELACES
 0.551658 0.139293 0.287054 0.0219935 9.06741e-07
 0.484104 0.324713 0.0621705 0.119947 0.00906637
 0.641962 0.20164 0.101197 0.0181197 0.0370825
 0.780799 0.156287 0.0365536 0.017152 0.00920828
 0.699306 0.249667 0.0371409 0.0081181 0.00576781
 0.790947 0.157898 0.0429644 0.00598575 0.00220461
 0.505607 0.414034 0.0617055 0.0157031 0.00295022
 0.474977 0.306568 0.185029 0.0257519 0.0076744
 0.591918 0.22449 0.110206 0.0622928 0.0110931
 0.793347 0.13872 0.0386085 0.0177025 0.0116214
 0.890173 0.0925423 0.0118858 0.00308842 0.00231058
 0.613186 0.354068 0.0278912 0.00335419 0.00150086
 0.713166 0.197894 0.0818923 0.00601581 0.00103174
 0.944523 0.0435998 0.00837986 0.00322422 0.000273487
 0.729116 0.260164 0.00855748 0.00153246 0.000630672
 0.947147 0.0416451 0.0107939 0.000331304 8.25187e-05
 0.426074 0.551678 0.0177824 0.00430344 0.000162626
 0.937695 0.0311619 0.0300151 0.000904378 0.000224022
 0.715728 0.271281 0.00671747 0.00604937 0.000224184
 0.629954 0.286022 0.0804477 0.00186178 0.0017149
 0.696692 0.211919 0.0717074 0.018856 0.000825602
 0.801586 0.150743 0.0340049 0.010755 0.0029114
 0.405854 0.504153 0.0695427 0.014648 0.00580242
 0.848004 0.0729731 0.0677516 0.00873869 0.00253247
 0.667365 0.294184 0.019117 0.0166099 0.00272377
 0.463408 0.390346 0.130403 0.00793205 0.00790976
 0.761915 0.127702 0.0817526 0.0255713 0.00305936
 0.712693 0.233681 0.0296896 0.0177915 0.00614437
 0.370145 0.483444 0.120652 0.0143535 0.0114058
 0.464305 0.235733 0.233832 0.0546389 0.0114907
 0.865814 0.0731288 0.0279213 0.0259112 0.0072244
pobs_pel_tallas
 0 0 0 0 0 0 0 0 0 0 0 0 0 0 0 0 0 0 0 0 0 0 0 0 0 0
 0 0 0 0 0 0 0 0 0 0 0 0 0 0 0 0 0 0 0 0 0 0 0 0 0 0
 0 0 0 0 0 0 0 0 0 0 0 0 0 0 0 0 0 0 0 0 0 0 0 0 0 0
 0 0 0 0 0 0 0 0 0 0 0 0 0 0 0 0 0 0 0 0 0 0 0 0 0 0
 0 0 0 0 0 0 0 0 0 0 0 0 0 0 0 0 0 0 0 0 0 0 0 0 0 0
 0 0 0 0 0 0 0 0 0 0 0 0 0 0 0 0 0 0 0 0 0 0 0 0 0 0
 0 0 0 0 0 0 0 0 0 0 0 0 0 0 0 0 0 0 0 0 0 0 0 0 0 0
 0 0 0 0 0 0 0 0 0 0 0 0 0 0 0 0 0 0 0 0 0 0 0 0 0 0
 0 0 0 0 0 0 0 0 0 0 0 0 0 0 0 0 0 0 0 0 0 0 0 0 0 0
 0 0 0 0 0 0 0 0 0 0 0 0 0 0 0 0 0 0 0 0 0 0 0 0 0 0
 0 0 0 0 0 0 0 0 0 0 0 0 0 0 0 0 0 0 0 0 0 0 0 0 0 0
 0 0 0 0 0 0 0 0 0 0 0 0 0 0 0 0 0 0 0 0 0 0 0 0 0 0
 0.00862536 0 0 0.000197151 0.00414017 0.0128641 0.00837892 0.0270097 0.101434 0.158115 0.152841 0.127902 0.109271 0.109419 0.0830992 0.0579132 0.0238553 0.00714673 0.00463305 0.00128148 0.00103504 0.000492878 0.000147863 0.000147863 4.92878e-05 0
 0 0 0 0 0 0 0 0 0 0 0 0 0 0 0 0 0 0 0 0 0 0 0 0 0 0
 0 0 0 0 0 0 0 0.0054083 0.00873648 0.0413646 0.0450493 0.0745869 0.0622846 0.0627006 0.0613931 0.0827291 0.12552 0.122667 0.0946155 0.0697135 0.0546179 0.0294188 0.0215738 0.0213955 0.0102223 0.00600262
 0 0 0 0 0.00359764 0.0251062 0.0480494 0.140153 0.205849 0.193036 0.1447 0.116669 0.0760912 0.0342217 0.00950174 0.001854 0.000860785 0 0 0 0.000165536 0 0.000143464 0 0 0
 0 0 0 0 0 0 0 0.000145254 0.000435761 0.0275982 0.070085 0.0708112 0.156366 0.174668 0.174014 0.160142 0.0824315 0.0480064 0.0283245 0.00493863 0.00203355 0 0 0 0 0
 0 0 0 0 0 0 0 0 0 0 0 0 0 0 0 0 0 0 0 0 0 0 0 0 0 0
 0 0 1.00437e-05 0.000401748 0.00122533 0.00171747 0.00176769 0.0269171 0.070346 0.194647 0.189555 0.159765 0.064822 0.0314167 0.0384472 0.0292271 0.0345202 0.0313363 0.0194345 0.0106764 0.0143323 0.0359363 0.0279516 0.0138201 0.00172751 0
 0 0.0021121 0.0136068 0.0755702 0.200478 0.177729 0.0527432 0.0373336 0.0318909 0.0142505 0.0149659 0.0166563 0.0217959 0.0798694 0.0677717 0.0528807 0.04013 0.0224614 0.0357745 0.0225083 0.00881397 0.00855152 0.00135912 0.000746735 0 0
 0 0 0 0 5.4009e-05 0.00500934 0.000945158 0.0243581 0.138947 0.33067 0.221406 0.137944 0.0707744 0.0437923 0.0131692 0.00525238 0.0047753 0.00276346 9.45158e-05 9.00151e-06 2.25038e-05 9.00151e-06 4.50075e-06 0 0 0
 0.000866109 0.00284123 0.00948549 0.0512746 0.133035 0.25785 0.225252 0.132002 0.0553304 0.0519788 0.0540692 0.017754 0.00435017 0.00159236 0.00146478 0.000404838 0.000125132 0.000115318 0.000107957 0.000100596 0 0 0 0 0 0
 0 0 0 0 0.00144013 0.00171154 0.00461396 0.0210425 0.0478622 0.0707936 0.0888783 0.103762 0.0637923 0.0337046 0.0602308 0.124433 0.169614 0.0934646 0.0462172 0.0250306 0.0313229 0.00938855 0.002487 0.000210481 0 0
 0 0.00764035 0.051015 0.0998891 0.058973 0.0496711 0.0374665 0.0718981 0.12319 0.153886 0.159021 0.0857701 0.0377988 0.023471 0.0147837 0.00900784 0.00315554 0.000888139 0.00291439 0.00214683 0.00393193 0.00274676 0.000635225 9.99891e-05 0 0
 0 0 0 0 0 0 0 0 0 0 0 0 0 0 0 0 0 0 0 0 0 0 0 0 0 0
 0 0 0 0 0 0 0 0 0 0 0 0 0 0 0 0 0 0 0 0 0 0 0 0 0 0
 0 0 0 0 0 0 0 0 0 0 0 0 0 0 0 0 0 0 0 0 0 0 0 0 0 0
 0 0 0 0 0 0 0 0 0 0 0 0 0 0 0 0 0 0 0 0 0 0 0 0 0 0
 0 0 0 0 0 0 0 0 0 0 0 0 0 0 0 0 0 0 0 0 0 0 0 0 0 0
 0 0 0 0 0 0 0 0 0 0 0 0 0 0 0 0 0 0 0 0 0 0 0 0 0 0
 0 0 0 0 0 0 0 0 0 0 0 0 0 0 0 0 0 0 0 0 0 0 0 0 0 0
ppred_pel_tallas
 1.10526e-16 4.54394e-05 0.000441687 0.00293517 0.0133428 0.0415146 0.0884518 0.129101 0.129115 0.0885197 0.0417436 0.0140096 0.00462892 0.00420554 0.0073878 0.0126468 0.0193876 0.0268193 0.034075 0.0406116 0.0462725 0.0508906 0.0538588 0.0541906 0.0511118 0.0446929
 1.15441e-16 3.9875e-05 0.0003876 0.00257574 0.0117089 0.036431 0.0776213 0.113297 0.113329 0.0777746 0.0369459 0.013197 0.00631478 0.00856306 0.0156071 0.0258513 0.0375185 0.0478217 0.0539962 0.0548977 0.0517227 0.0471569 0.0436154 0.0419397 0.0413474 0.0403399
 1.11065e-16 5.28776e-05 0.000513989 0.00341564 0.015527 0.0483104 0.102931 0.150235 0.150255 0.103027 0.0486318 0.016457 0.00575627 0.005644 0.00985608 0.01637 0.0239544 0.0309282 0.0356124 0.0372533 0.0364327 0.0345575 0.0328569 0.0317016 0.0306626 0.0290578
 1.04374e-16 6.43134e-05 0.000625149 0.00415434 0.018885 0.0587584 0.125192 0.182724 0.182739 0.125265 0.0590061 0.0196009 0.00595282 0.00455613 0.00754457 0.01241 0.017965 0.0227956 0.0255106 0.0254849 0.0232242 0.0199941 0.0170166 0.0148668 0.0134254 0.0122391
 1.02926e-16 5.7601e-05 0.000559902 0.00372075 0.016914 0.0526258 0.112126 0.163656 0.16368 0.112243 0.0530207 0.0180546 0.00658396 0.00681092 0.0119312 0.0196383 0.0282956 0.0356071 0.0392711 0.0382263 0.0332769 0.0265336 0.0201384 0.0152684 0.0119917 0.00976828
 1.02254e-16 6.51493e-05 0.000633274 0.00420833 0.0191305 0.0595221 0.126819 0.185099 0.185114 0.126893 0.0597724 0.019854 0.00602607 0.00460651 0.007626 0.0125431 0.0181526 0.0230145 0.025699 0.0255347 0.0229823 0.0192761 0.0156402 0.0127048 0.0104647 0.00861931
 1.03961e-16 4.16463e-05 0.000404817 0.00269015 0.0122291 0.0380494 0.0810696 0.118332 0.118372 0.0812647 0.0387042 0.0141205 0.00743823 0.0107708 0.019731 0.03256 0.0469149 0.0590276 0.0650774 0.0632943 0.0549987 0.0436783 0.0328795 0.024561 0.0188619 0.0149286
 1.093e-16 3.91233e-05 0.000380292 0.00252718 0.0114882 0.0357442 0.0761579 0.111161 0.111191 0.0763034 0.0362337 0.0129049 0.00609411 0.00820289 0.015001 0.0250128 0.0366688 0.0474484 0.0547623 0.0573523 0.0559054 0.0523143 0.0482488 0.04425 0.0399119 0.0346968
 1.11363e-16 4.87556e-05 0.000473922 0.00314938 0.0143166 0.0445444 0.0949074 0.138525 0.138547 0.0950139 0.0449024 0.0153525 0.00575665 0.0061896 0.0109751 0.0182561 0.0267441 0.0345947 0.0399634 0.0420314 0.0414461 0.0397336 0.0381722 0.0370498 0.0357728 0.0335338
 1.04892e-16 6.5347e-05 0.000635196 0.0042211 0.0191885 0.0597027 0.127203 0.18566 0.185673 0.127269 0.0599228 0.0198248 0.00582005 0.00413192 0.0067248 0.0110636 0.0160503 0.0204413 0.0230209 0.0232474 0.0215682 0.019082 0.0168261 0.015251 0.0141933 0.013213
 1.01068e-16 7.33224e-05 0.00071272 0.00473627 0.0215304 0.0669892 0.142728 0.208317 0.208326 0.142771 0.0671355 0.021953 0.00579691 0.00302787 0.00446959 0.00727153 0.0104643 0.0131523 0.0144769 0.0140449 0.0121595 0.00961264 0.00721068 0.00539981 0.00420861 0.00343144
 1.01486e-16 5.05074e-05 0.000490949 0.00326253 0.014831 0.046145 0.0983181 0.143505 0.143539 0.0984846 0.0467041 0.0164454 0.00731308 0.00932715 0.0168138 0.0276685 0.0397387 0.0497309 0.0543199 0.0519664 0.0438391 0.0330432 0.0228012 0.0149925 0.00988394 0.00678486
 1.03192e-16 5.87426e-05 0.000570999 0.00379449 0.0172492 0.0536688 0.114348 0.166898 0.166917 0.114441 0.0539834 0.0181591 0.00608242 0.00557858 0.00960704 0.0158879 0.0231093 0.0295314 0.0333993 0.0338666 0.0314379 0.0275158 0.0234532 0.0198897 0.0167672 0.013785
 1.00623e-16 7.77991e-05 0.000756235 0.00502545 0.022845 0.0710791 0.151442 0.221035 0.221039 0.151462 0.0711482 0.0230444 0.00552626 0.00185018 0.0021574 0.00344877 0.00497302 0.0062801 0.00696888 0.0068561 0.00607887 0.00499504 0.0039616 0.0031653 0.00260421 0.00218052
 1.00574e-16 6.00564e-05 0.000583769 0.00387935 0.017635 0.0548691 0.116905 0.170632 0.170657 0.117028 0.0552796 0.0188199 0.00685126 0.00706393 0.0123448 0.0202551 0.0290354 0.0362238 0.0393558 0.0372962 0.0309293 0.0225956 0.0147444 0.00883284 0.00509851 0.00302385
 1.0037e-16 7.80153e-05 0.000758336 0.00503941 0.0229084 0.0712767 0.151863 0.221649 0.221653 0.151882 0.0713427 0.0230992 0.0055185 0.00180528 0.0020695 0.00330591 0.00477315 0.00603961 0.00672058 0.00663501 0.00590234 0.00484983 0.00380708 0.00295187 0.00229688 0.00177548
 1.01114e-16 3.50952e-05 0.000341138 0.00226699 0.0103054 0.0320643 0.0683183 0.0997237 0.0997767 0.0685776 0.0329346 0.0128179 0.00856884 0.0140821 0.0260843 0.042943 0.0615659 0.0768061 0.0834422 0.0790674 0.0655559 0.047871 0.0312058 0.0186504 0.0107091 0.00628635
 1.01003e-16 7.72367e-05 0.000750768 0.00498912 0.0226798 0.0705653 0.150347 0.219436 0.219439 0.150362 0.0706154 0.022825 0.00535549 0.00155678 0.00162613 0.00261316 0.00386588 0.00508693 0.00602099 0.0065359 0.00667095 0.00656098 0.00630616 0.00590716 0.0053097 0.00449653
 1.00908e-16 5.89536e-05 0.00057305 0.00380812 0.0173112 0.0538617 0.114759 0.167499 0.167526 0.114886 0.0542896 0.0185466 0.00690664 0.00732907 0.0128662 0.0211153 0.0302671 0.037759 0.0410257 0.0388918 0.0322907 0.0236736 0.0155976 0.00957186 0.00581912 0.00376682
 1.02872e-16 5.18885e-05 0.000504375 0.00335175 0.0152366 0.0474068 0.101006 0.147427 0.147455 0.101141 0.0478604 0.0165472 0.00664442 0.00770136 0.0137465 0.0227112 0.032866 0.0416454 0.046447 0.0460309 0.0412048 0.0341867 0.0271997 0.0214265 0.0169334 0.0132669
 1.04155e-16 5.73856e-05 0.000557809 0.00370683 0.0168507 0.052429 0.111706 0.163043 0.163063 0.111807 0.0527656 0.0178237 0.00615236 0.00590745 0.0102498 0.0169391 0.0245946 0.0313447 0.0353097 0.0356076 0.0328361 0.0285779 0.0243558 0.0208803 0.0180397 0.0153945
 1.02592e-16 6.60256e-05 0.000641792 0.00426494 0.0193878 0.0603227 0.128524 0.187588 0.187603 0.128596 0.0605615 0.0200779 0.00599831 0.00442939 0.00727007 0.0119427 0.0172641 0.0218513 0.0243396 0.0240999 0.0215989 0.0180519 0.014661 0.0120385 0.0101548 0.00866609
 1.04587e-16 3.34298e-05 0.00032495 0.00215941 0.00981638 0.0305427 0.0650761 0.0949907 0.0950393 0.0653136 0.0313398 0.0121188 0.00793867 0.0129406 0.0239911 0.0396047 0.0570377 0.0717018 0.0789332 0.0765716 0.0662363 0.0522059 0.0388469 0.0285951 0.0216539 0.0169874
 1.03279e-16 6.9849e-05 0.000678957 0.00451191 0.0205105 0.0638158 0.135967 0.198449 0.198456 0.136001 0.0639331 0.0208505 0.00536968 0.00256605 0.0036965 0.00611193 0.00905737 0.0119314 0.014155 0.0154372 0.0158919 0.0158518 0.0155512 0.0149638 0.0139063 0.0122672
 1.02754e-16 5.497e-05 0.000534328 0.0035508 0.0161414 0.0502222 0.107005 0.156182 0.156211 0.107143 0.0506867 0.0174828 0.00691619 0.00787608 0.013984 0.0229948 0.0330355 0.0413719 0.0452625 0.0434608 0.0369736 0.0284049 0.0204237 0.0145345 0.0108558 0.00869159
 1.05998e-16 3.81704e-05 0.00037103 0.00246563 0.0112084 0.0348737 0.0743035 0.108456 0.108494 0.074488 0.0354934 0.0129997 0.00696743 0.0102166 0.0187895 0.0311393 0.0451704 0.0574578 0.0645014 0.0646349 0.0589349 0.0503351 0.0417196 0.034535 0.028741 0.023666
 1.05475e-16 6.27579e-05 0.000610029 0.00405386 0.0184283 0.0573372 0.122164 0.178304 0.178316 0.122224 0.0575414 0.0190193 0.00554272 0.00387753 0.00631935 0.0104818 0.015408 0.0200388 0.023327 0.0247798 0.0246964 0.0238424 0.0228445 0.0218195 0.0204749 0.0184866
 1.03741e-16 5.87036e-05 0.00057062 0.00379197 0.0172378 0.0536332 0.114272 0.166788 0.166811 0.114382 0.0540027 0.0183051 0.00647104 0.00641924 0.0111671 0.0183715 0.0264684 0.0333101 0.0367546 0.0358317 0.0313243 0.0252357 0.0195783 0.0154247 0.0127705 0.0110195
 1.06975e-16 3.04884e-05 0.000296359 0.00196941 0.00895268 0.0278554 0.0593505 0.0866336 0.0866803 0.0595786 0.0286215 0.0111667 0.00753085 0.0124499 0.0231501 0.0383218 0.0554294 0.0701784 0.078186 0.0773987 0.0692575 0.0576046 0.0462697 0.0372536 0.0305691 0.0252647
 1.14233e-16 3.82442e-05 0.000371748 0.0024704 0.0112301 0.034941 0.0744464 0.108662 0.108685 0.0745592 0.0353207 0.0123308 0.00524932 0.00649118 0.0118161 0.0198824 0.0295949 0.0392259 0.0469925 0.0520205 0.0546939 0.0560201 0.0565895 0.0560739 0.0536212 0.0486737
 1.04646e-16 7.1316e-05 0.000693217 0.00460667 0.0209413 0.0651561 0.138822 0.202616 0.202624 0.138857 0.0652725 0.021278 0.00545388 0.0025492 0.00361576 0.00591748 0.00864526 0.0111508 0.0128347 0.0134496 0.0132433 0.01276 0.0124545 0.012425 0.0124334 0.0121293
pSPR Fmed_Fpbrs
0.437894   0.6 0.325
Fs Fmed_Fpbrs
0.532804   0.308768 0.76948
SSBpbr Bo_Bmed_Bpbrs
1.26309e+06  489945  694699 347350
Ro
115547
SPR SPRFo_SPRFmed_SPRFpbrs
824727 361143 268037
Fref
0.308768
Nvult_r0
 134734 9810.38 3504.15 3199.91 889.195
CTP_r0
 32367.1 3148.93 1145.02 1046.59 290.844
YTP_r0
391291
Np
 144900 43606 13450.6 788.899 351.944
Nvult_p0
 101294 31725.3 9815.24 575.77 256.865
CTP_p0
 16942.1 8294.49 501.934 176.591 197.583
 16942.1 7326.4 2313.01 135.829 60.6001
YTP_p0
 280351 301240
CBA_c0
286618
log_Ro
11.4774
likeval ReclasPelacesDesembMPH_pf_preclas_ppelaces_ptallas_desvR_qrecl_qpela
 17.7489 18.0761 0.0351843 41.0504 252.273 119.924 101.619 0 24.0319 1.89143e-05 6.74203e-05 0.110504 5.30085e-11 0 0
q_reclas_q_pelaces
1.85203 3.21612
M
1
N
 160453 31481.1 60212.1 4537.65 0.186447
 87738.4 48846.8 8726.41 16564.6 1247.87
 87435.3 22749 10651.1 1876.37 3827.17
 128804 22782 4997.03 2307.57 1234.72
 104565 28675.6 3955.48 850.345 602.125
 204379 32739.2 8289.49 1136.09 417.03
 75730.2 57537.2 8073.46 2022.43 378.701
 30826.7 14973.1 8365.68 1145.06 340.09
 30863.6 10145.5 4663.54 2594 460.397
 43652.9 7201.97 1889.76 852.992 558.115
 105958 8284.69 984.968 251.699 187.672
 66488.7 34921.3 2585.82 306.079 136.502
 44408.1 13795.7 5457.19 394.939 67.5115
 119409 5558.34 1012.61 383.656 32.4352
 58383.8 19276.2 596.828 105.206 43.1527
 291259 11619.8 2830.46 85.5093 21.2271
 55177.5 60797.6 1832.24 436.31 16.4329
 485004 13463.5 12106.3 358.902 88.6053
 380690 123819 2868.5 2541.94 93.887
 237752 91023.9 23918.8 544.658 500.01
 233286 59321.3 18740 4848.52 211.58
 348150 59442.8 12602.8 3923.26 1058.5
 69233.4 72562.9 9351.79 1938.18 765.189
 248937 17248.6 14906 1891.34 546.272
 197544 69495.3 4200.44 3590.11 586.746
 85656.2 56354.5 17480.3 1045.86 1039.41
 192916 25750.7 15330.5 4717.04 562.453
 215496 55314.9 6526.57 3847.01 1324.11
 63464 64422.7 14922.3 1746.13 1382.86
 46751.9 19309.8 17843.2 4101.78 859.721
 184102 12729.2 4529.8 4135.67 1149.22
pred_Ctot
 17765.6 5019.6 9828.06 741.577 0.0304726
 16843.4 13116.8 2393.32 4548.15 342.647
 16581.3 6039.7 2888.36 509.407 1039.08
 33475.8 8073.87 1805.19 834.466 446.525
 9973.11 3959.71 559.368 120.405 85.2641
 30994.6 7047.22 1824.51 250.35 91.9027
 23274 23671.5 3381.06 847.767 158.753
 2072.24 1471.4 842.56 115.477 34.2999
 7401.85 3343.27 1567.44 872.773 154.913
 14085.9 3092.1 825.52 372.962 244.042
 7036.37 804.484 98.0292 25.0833 18.7039
 19187.6 13590.4 1024.94 121.438 54.1605
 20155.1 7888.8 3162.56 229.037 39.1535
 45225.6 2738.04 506.674 192.126 16.2435
 17795.8 7873.27 248.16 43.7859 17.9607
 83357.8 4488.92 1113.74 33.6796 8.36117
 12141.7 18519.9 569.583 135.781 5.11426
 96645.8 3742.67 3436.51 101.992 25.1811
 87224.9 39139.3 925.108 820.662 30.3131
 49902.5 26548 7121.4 162.34 149.041
 46695 16559 5341.53 1383.53 60.378
 99850.4 23006.7 4968.23 1548.12 417.706
 14579 21227.3 2792.65 579.416 228.766
 38807.2 3810.81 3366.98 427.723 123.546
 28624.9 14328 885.676 757.892 123.873
 10062.4 9511.21 3019.53 180.884 179.78
 27450.7 5218.27 3177.43 978.84 116.723
 25958.3 9562.85 1154.72 681.478 234.575
 7045.39 10298.2 2441.86 286.089 226.586
 7870.59 4586.46 4331.48 996.873 208.954
 32367.1 3148.93 1145.02 1046.59 290.844
F
 0.189315 0.283032 0.290604 0.291014 0.291035
 0.34984 0.523022 0.537014 0.537771 0.537811
 0.344926 0.515675 0.52947 0.530217 0.530256
 0.502244 0.75087 0.770957 0.772044 0.772101
 0.161239 0.241058 0.247506 0.247855 0.247873
 0.267546 0.39999 0.41069 0.411269 0.4113
 0.62092 0.928295 0.953128 0.954471 0.954542
 0.111357 0.166482 0.170935 0.171176 0.171189
 0.455224 0.680574 0.69878 0.699765 0.699817
 0.661859 0.9895 1.01597 1.0174 1.01748
 0.109943 0.164368 0.168766 0.169004 0.169016
 0.572672 0.856162 0.879066 0.880305 0.880371
 1.07812 1.61183 1.65494 1.65728 1.6574
 0.82368 1.23143 1.26437 1.26615 1.26625
 0.614324 0.918434 0.943003 0.944333 0.944403
 0.566662 0.847177 0.86984 0.871066 0.871131
 0.410575 0.613823 0.630243 0.631132 0.631179
 0.365337 0.54619 0.560801 0.561592 0.561634
 0.430864 0.644156 0.661388 0.66232 0.662369
 0.388261 0.580462 0.59599 0.596831 0.596875
 0.36725 0.54905 0.563737 0.564532 0.564574
 0.56818 0.849447 0.872171 0.873401 0.873466
 0.389752 0.582692 0.59828 0.599123 0.599168
 0.275943 0.412543 0.423579 0.424176 0.424207
 0.254298 0.380183 0.390353 0.390904 0.390933
 0.201882 0.30182 0.309894 0.310331 0.310354
 0.249211 0.372579 0.382545 0.383085 0.383113
 0.207476 0.310183 0.318481 0.31893 0.318954
 0.189858 0.283844 0.291437 0.291848 0.291869
 0.300954 0.449936 0.461973 0.462624 0.462658
 0.316187 0.47271 0.485355 0.486039 0.486076
YTP_r0W_actual
 268647 44399.9 31602.5 35793.5 10848.5
YTP_p0W_proyectada
 126896 129975 11609.7 5186.48 6684.23
 126896 114805 53499.8 3989.3 2050.1
CTP_r0_actual
 32367.1 3148.93 1145.02 1046.59 290.844
CTP_p0_proyectada
 16942.1 8294.49 501.934 176.591 197.583
 16942.1 7326.4 2313.01 135.829 60.6001
Wmedp
 7.49 15.67 23.13 29.37 33.83
Frms_r0
 0.316187 0.47271 0.485355 0.486039 0.486076
Zrms_r0
 1.31619 1.47271 1.48536 1.48604 1.48608
nmprior
 8.19 8.8 8.5 0
nm_flota  nm_reclas  nm_pelaces    nm_pelaL
inf 16.4412 17.2601 40.5655
cv_recla  cv_pelaces  cv_mph
0.381075 0.482086 0.593178
 ------------------------------------------------
Talla a la edad & desviaci?n 
 8 13.2811 15.8009 17.003 17.5766
 0.8 1.32811 1.58009 1.7003 1.75766
