years
 1991 1992 1993 1994 1995 1996 1997 1998 1999 2000 2001 2002 2003 2004 2005 2006 2007 2008 2009 2010 2011 2012 2013 2014 2015 2016 2017 2018 2019 2020 2021
reclasobs
 0 0 0 0 0 0 0 0 0 252601 567819 844713 477998 351125 339783 2.1784e+06 2.13404e+06 4.81314e+06 1.55562e+06 2.62356e+06 3.21686e+06 3.843e+06 1.13348e+06 3.07943e+06 1.97215e+06 2.03268e+06 2.025e+06 2.42433e+06 2.27542e+06 1.05018e+06 2.36338e+06
reclaspred
 3.33122e+06 1.78456e+06 902625 1.00353e+06 1.05284e+06 2.05203e+06 1.03302e+06 831951 528818 281928 724786 771622 435553 467212 395354 1.98625e+06 1.55843e+06 3.31298e+06 1.91832e+06 2.13538e+06 2.59127e+06 2.6711e+06 1.88793e+06 3.11099e+06 2.22025e+06 1.96152e+06 2.31988e+06 2.741e+06 2.07182e+06 1.15222e+06 2.11303e+06
pelacesobs
 0 0 0 0 0 0 0 0 0 0 0 0 0 0 0 552880 188675 0 991730 2.46772e+06 1.41603e+06 1.21717e+06 2.29649e+06 1.80582e+06 0 1.4828e+06 1.56532e+06 1.57751e+06 1.42118e+06 867257 1.10002e+06
pelacespred
 1.96721e+06 1.1228e+06 535474 463075 567578 1.11302e+06 503520 557301 301140 128515 386099 360707 197941 211449 182421 872457 811023 1.78932e+06 1.01249e+06 965906 1.26237e+06 1.31996e+06 1.07041e+06 1.88661e+06 1.3411e+06 1.20941e+06 1.54539e+06 1.78814e+06 1.24621e+06 750378 1.24476e+06
mphobs
 0 0 0 0 0 0 0 0 0 0 0 7.67 0 0.13 0.76 0 40.65 1.12 3.01 1.25 6.66 0.48 5.37 5.68 0 0 0 0 0 0 0
mphpred
 8.80249 6.00631 2.77595 1.56731 1.83301 2.39793 3.56318 1.63605 1.41671 0.684119 0.324737 1.61161 1.09507 0.413534 0.399644 0.483861 4.10111 2.96995 5.31601 2.47255 4.65464 3.57813 4.95059 3.60015 5.44331 4.34933 3.53144 3.71128 5.99189 3.62142 1.85008
desembarqueobs
 494567 514787 250237 358949 120608 361735 552515 73892 212993 205616 52469 317467 293654 387597 252695 516296 358380 742168 942051 627588 828172 859565 418607 520667 417249 300574 415391 372974 316634 284311 391294
desembarquepred
 494564 514118 250532 358975 120612 361729 552504 73898.5 213072 205678 52465.7 317565 293894 387297 252579 516151 358625 742131 941777 627245 828863 859612 418577 520663 417191 300544 415355 372881 316566 284294 391290
Reclutas
 157459 88508.4 85394.6 125505 99165.8 195851 70421.3 26717.2 26141.8 35709.1 98545.7 83214.2 53086.5 81459.1 50053.4 381500 46048.6 424503 191390 331442 176960 500233 63562.5 211733 181876 82341.2 167170 210480 61358.1 42036 192249
log_desv_Rt
 0.370476 -0.20559 -0.241405 0.143656 -0.0918941 0.588664 -0.434192 -1.40338 -1.42515 -1.11328 -0.0981671 -0.267269 -0.716765 -0.288586 -0.775597 1.25542 -0.85899 1.36223 0.565624 1.11476 0.487239 1.52639 -0.536664 0.666639 0.514637 -0.277816 0.430323 0.660702 -0.57196 -0.950162 0.570104
SSB
 1.25926e+06 859246 397119 224215 262225 343041 509738 234049 202670 97868.1 46455.9 230552 156658 59159 57171.9 69219.8 586693 424873 760493 353716 665879 511878 708218 515027 778704 622203 505199 530925 857183 518071 264667
BT
 1.9322e+06 1.36336e+06 647558 688674 568773 1.29262e+06 889194 532000 461334 306500 401157 569299 435782 606769 420378 1.2352e+06 930905 2.28583e+06 1.75772e+06 1.36052e+06 1.73975e+06 1.9305e+06 1.21846e+06 2.16997e+06 1.48572e+06 1.26449e+06 1.7885e+06 1.96248e+06 1.24123e+06 865740 1.50779e+06
Ftot
 0.317364 0.587017 0.579631 0.820805 0.265822 0.431072 1.05518 0.200821 0.873318 1.51322 0.198743 0.897415 1.38589 1.89463 1.51356 0.704236 0.479999 0.565009 1.03473 0.727848 0.703931 0.785496 0.467331 0.414417 0.422143 0.340401 0.434313 0.342384 0.316476 0.514631 0.478108
BD_Bspro_t
 0.950753 0.688633 0.441232 0.34185 0.352505 0.466102 0.490539 0.277256 0.317208 0.217417 0.152275 0.540823 0.319287 0.143032 0.128748 0.153151 0.468786 0.374186 0.447685 0.265229 0.347531 0.294907 0.380277 0.33392 0.466753 0.474484 0.482212 0.528823 0.622063 0.506166 0.390208
BD_Bspro
 1.62289 1.10737 0.511795 0.288962 0.337947 0.442101 0.656935 0.301636 0.261195 0.126129 0.059871 0.297129 0.201896 0.0762423 0.0736814 0.0892085 0.756113 0.547563 0.980101 0.455859 0.858165 0.659693 0.91273 0.663751 1.00357 0.801877 0.651085 0.68424 1.10471 0.667674 0.341095
BD_Bo
 1.0146 0.692308 0.319965 0.180654 0.211278 0.276393 0.410704 0.188577 0.163294 0.0788538 0.0374302 0.18576 0.126222 0.0476653 0.0460643 0.0557715 0.472708 0.342326 0.612741 0.284995 0.536509 0.412428 0.570622 0.414965 0.627414 0.501318 0.407046 0.427774 0.690645 0.417417 0.213246
BD_Brms
 1.84473 1.25874 0.581754 0.328461 0.384142 0.502533 0.746734 0.342867 0.296899 0.14337 0.068055 0.337745 0.229494 0.0866642 0.0837532 0.101403 0.859468 0.622412 1.11407 0.518172 0.97547 0.749868 1.03749 0.754482 1.14075 0.911488 0.740084 0.777771 1.25572 0.75894 0.38772
Sel_flota
 0.677396 0.975548 0.998683 0.999931 0.999996
 0.677396 0.975548 0.998683 0.999931 0.999996
 0.677396 0.975548 0.998683 0.999931 0.999996
 0.677396 0.975548 0.998683 0.999931 0.999996
 0.677396 0.975548 0.998683 0.999931 0.999996
 0.677396 0.975548 0.998683 0.999931 0.999996
 0.677396 0.975548 0.998683 0.999931 0.999996
 0.677396 0.975548 0.998683 0.999931 0.999996
 0.677396 0.975548 0.998683 0.999931 0.999996
 0.677396 0.975548 0.998683 0.999931 0.999996
 0.677396 0.975548 0.998683 0.999931 0.999996
 0.677396 0.975548 0.998683 0.999931 0.999996
 0.677396 0.975548 0.998683 0.999931 0.999996
 0.677396 0.975548 0.998683 0.999931 0.999996
 0.677396 0.975548 0.998683 0.999931 0.999996
 0.677396 0.975548 0.998683 0.999931 0.999996
 0.677396 0.975548 0.998683 0.999931 0.999996
 0.677396 0.975548 0.998683 0.999931 0.999996
 0.677396 0.975548 0.998683 0.999931 0.999996
 0.677396 0.975548 0.998683 0.999931 0.999996
 0.677396 0.975548 0.998683 0.999931 0.999996
 0.677396 0.975548 0.998683 0.999931 0.999996
 0.677396 0.975548 0.998683 0.999931 0.999996
 0.677396 0.975548 0.998683 0.999931 0.999996
 0.677396 0.975548 0.998683 0.999931 0.999996
 0.677396 0.975548 0.998683 0.999931 0.999996
 0.677396 0.975548 0.998683 0.999931 0.999996
 0.677396 0.975548 0.998683 0.999931 0.999996
 0.677396 0.975548 0.998683 0.999931 0.999996
 0.677396 0.975548 0.998683 0.999931 0.999996
 0.677396 0.975548 0.998683 0.999931 0.999996
Sel_reclas
 1 1 1 1 1
 1 1 1 1 1
 1 1 1 1 1
 1 1 1 1 1
 1 1 1 1 1
 1 1 1 1 1
 1 1 1 1 1
 1 1 1 1 1
 1 1 1 1 1
 1 1 1 1 1
 1 1 1 1 1
 1 1 1 1 1
 1 1 1 1 1
 1 1 1 1 1
 1 1 1 1 1
 1 1 1 1 1
 1 1 1 1 1
 1 1 1 1 1
 1 1 1 1 1
 1 1 1 1 1
 1 1 1 1 1
 1 1 1 1 1
 1 1 1 1 1
 1 1 1 1 1
 1 1 1 1 1
 1 1 1 1 1
 1 1 1 1 1
 1 1 1 1 1
 1 1 1 1 1
 1 1 1 1 1
 1 1 1 1 1
Sel_pelaces
 0.747143 0.93699 0.986814 0.997352 0.999473
 0.747143 0.93699 0.986814 0.997352 0.999473
 0.747143 0.93699 0.986814 0.997352 0.999473
 0.747143 0.93699 0.986814 0.997352 0.999473
 0.747143 0.93699 0.986814 0.997352 0.999473
 0.747143 0.93699 0.986814 0.997352 0.999473
 0.747143 0.93699 0.986814 0.997352 0.999473
 0.747143 0.93699 0.986814 0.997352 0.999473
 0.747143 0.93699 0.986814 0.997352 0.999473
 0.747143 0.93699 0.986814 0.997352 0.999473
 0.747143 0.93699 0.986814 0.997352 0.999473
 0.747143 0.93699 0.986814 0.997352 0.999473
 0.747143 0.93699 0.986814 0.997352 0.999473
 0.747143 0.93699 0.986814 0.997352 0.999473
 0.747143 0.93699 0.986814 0.997352 0.999473
 0.747143 0.93699 0.986814 0.997352 0.999473
 0.747143 0.93699 0.986814 0.997352 0.999473
 0.747143 0.93699 0.986814 0.997352 0.999473
 0.747143 0.93699 0.986814 0.997352 0.999473
 0.747143 0.93699 0.986814 0.997352 0.999473
 0.747143 0.93699 0.986814 0.997352 0.999473
 0.747143 0.93699 0.986814 0.997352 0.999473
 0.747143 0.93699 0.986814 0.997352 0.999473
 0.747143 0.93699 0.986814 0.997352 0.999473
 0.747143 0.93699 0.986814 0.997352 0.999473
 0.747143 0.93699 0.986814 0.997352 0.999473
 0.747143 0.93699 0.986814 0.997352 0.999473
 0.747143 0.93699 0.986814 0.997352 0.999473
 0.747143 0.93699 0.986814 0.997352 0.999473
 0.747143 0.93699 0.986814 0.997352 0.999473
 0.747143 0.93699 0.986814 0.997352 0.999473
pf_obs 
 0.8446 0.082 0.0669 0.0065 0
 0.8095 0.147 0.0364 0.0071 0
 0.9664 0.0169 0.016 0.0007 0
 0.9276 0.0648 0.0075 0.0001 0
 0.7033 0.2144 0.0806 0.0017 0
 0.9318 0.0425 0.0243 0.0014 0
 0.5671 0.3108 0.0964 0.0239 0.0018
 0.0768 0.2599 0.5324 0.112 0.0189
 0.490249 0.384438 0.106611 0.0170017 0.00170017
 0.7925 0.1577 0.0466 0.003 0.0002
 0.840416 0.127587 0.0312969 0.00059994 9.999e-05
 0.8084 0.0986 0.0794 0.0134 0.0002
 0.7335 0.1905 0.0724 0.0035 0.0001
 0.4001 0.4547 0.1325 0.0127 0
 0.49795 0.308269 0.164784 0.0264974 0.00249975
 0.9179 0.0499 0.0305 0.0017 0
 0.2467 0.6533 0.0926 0.0074 0
 0.9418 0.0223 0.034 0.0019 0
 0.707729 0.231977 0.0356964 0.0245975 0
 0.517169 0.277429 0.184464 0.0207286 0.00020938
 0.811772 0.124168 0.05621 0.00726502 0.000585176
 0.764997 0.148141 0.077277 0.00933861 0.000247198
 0.163321 0.427699 0.378323 0.0303852 0.000271297
 0.753843 0.0900009 0.118128 0.0371064 0.000921714
 0.721811 0.176058 0.0630433 0.0369309 0.00215725
 0.143369 0.312575 0.442814 0.0836902 0.0175525
 0.692698 0.0596174 0.167031 0.0765114 0.00414204
 0.394062 0.376323 0.152708 0.0712218 0.00568511
 0.125707 0.32114 0.495352 0.0537591 0.00404204
 0.23352 0.215282 0.420074 0.123614 0.00750983
 0.796117 0.104755 0.0508955 0.0450114 0.00322123
pf_pred 
 0.560305 0.151538 0.267263 0.0208931 8.83006e-07
 0.481335 0.342333 0.0618523 0.10619 0.00828977
 0.633259 0.218753 0.0987342 0.0172953 0.0319579
 0.767287 0.170759 0.0374225 0.0163759 0.00815507
 0.69421 0.258602 0.0349479 0.00739897 0.00484101
 0.783566 0.166969 0.0420009 0.00552984 0.00193398
 0.462753 0.455731 0.0632994 0.0154713 0.00274507
 0.473388 0.31571 0.179942 0.0240521 0.00690742
 0.570641 0.245347 0.111443 0.0619284 0.0106404
 0.789273 0.146205 0.0374465 0.0164103 0.0106653
 0.928926 0.0624648 0.00605916 0.00148151 0.00106848
 0.656315 0.326709 0.0149662 0.00141542 0.000594858
 0.659591 0.259843 0.0767226 0.00338961 0.000454403
 0.873769 0.0992216 0.0208331 0.00588236 0.000294012
 0.819565 0.168966 0.00911921 0.00181412 0.00053627
 0.974952 0.0224756 0.00241633 0.000124469 3.19994e-05
 0.276387 0.712294 0.0101902 0.00106022 6.85327e-05
 0.905022 0.0352332 0.0588374 0.000817412 9.04016e-05
 0.56639 0.406992 0.0100665 0.0163007 0.00025109
 0.832015 0.116491 0.0484483 0.00115333 0.00189245
 0.613707 0.343909 0.0296896 0.0119443 0.000749514
 0.870955 0.0929494 0.0322517 0.00269422 0.00114988
 0.283441 0.657627 0.0428522 0.014371 0.00170972
 0.774282 0.0854945 0.129 0.00816504 0.00305924
 0.654928 0.290426 0.0210645 0.0308974 0.00268427
 0.468324 0.395521 0.115119 0.00811615 0.0129193
 0.743529 0.146483 0.0823918 0.0233376 0.00425802
 0.730833 0.220067 0.0283904 0.0155194 0.00518993
 0.366685 0.509009 0.102141 0.012824 0.00934064
 0.441693 0.259848 0.241145 0.0471069 0.0102072
 0.877704 0.0678948 0.0257275 0.0231745 0.00549913
pobs_RECLAS
 0 0 0 0 0
 0 0 0 0 0
 0 0 0 0 0
 0 0 0 0 0
 0 0 0 0 0
 0 0 0 0 0
 0 0 0 0 0
 0 0 0 0 0
 0 0 0 0 0
 0 0 0 0 0
 0.991045 0.00858322 0.000360255 1.14367e-05 0
 0.934742 0.0480273 0.0164251 0.00080598 0
 0.827803 0.169806 0.00239088 0 0
 0.941827 0.0461693 0.0120037 0 0
 0.791401 0.0380133 0.147996 0.0225897 0
 0.846168 0.0940531 0.0597789 0 0
 0.134021 0.677848 0.182769 0.00536245 0
 0.80878 0.0450904 0.141981 0.00414843 0
 0.846168 0.0940531 0.0597789 0 0
 0.905697 0.0802665 0.012482 0.00150086 5.37128e-05
 0.989698 0.0102097 9.19794e-05 0 0
 0.975433 0.0193895 0.00387452 0.00125025 5.28907e-05
 0.303575 0.632131 0.0575291 0.00676475 0
 0.966965 0.00978017 0.0227588 0.000495775 0
 0.843318 0.132988 0.00938335 0.0141283 0.000182051
 0.564624 0.303363 0.111486 0.0197234 0.00080311
 0.826376 0.0876187 0.0782897 0.00655872 0.00115652
 0.89761 0.0855135 0.0140674 0.00269457 0.000114338
 0.34875 0.467042 0.161289 0.0227151 0.000203297
 0.318654 0.224769 0.449479 0.00709798 0
 0.937255 0.0296025 0.0250945 0.00804832 0
ppred_RECLAS
 0.653103 0.121468 0.209103 0.0163254 6.89914e-07
 0.579257 0.280149 0.0493596 0.0846287 0.00660609
 0.719458 0.169061 0.0744123 0.0130173 0.0240515
 0.831677 0.124385 0.0265556 0.0116044 0.00577846
 0.76785 0.19706 0.0259976 0.00549701 0.00359635
 0.841712 0.122799 0.0301398 0.00396301 0.00138591
 0.566122 0.369576 0.0499489 0.0121905 0.00216278
 0.567942 0.261516 0.145535 0.0194283 0.00557914
 0.667368 0.192267 0.0850569 0.0471991 0.00810901
 0.854805 0.101681 0.0252717 0.0110571 0.00718558
 0.949959 0.0441074 0.00417748 0.00102013 0.000735679
 0.740766 0.24675 0.0110075 0.00103956 0.000436862
 0.750598 0.191686 0.0549671 0.00242465 0.000325017
 0.918013 0.0648965 0.0131874 0.00371703 0.000185767
 0.876345 0.116015 0.00607604 0.00120679 0.000356707
 0.982969 0.015322 0.00160556 8.25919e-05 2.12318e-05
 0.358659 0.631552 0.00881415 0.000915847 5.91961e-05
 0.934297 0.0247591 0.0403226 0.000559442 6.18671e-05
 0.663456 0.316423 0.00761624 0.012315 0.000189682
 0.880834 0.0832876 0.0337589 0.000802537 0.00131676
 0.702047 0.266013 0.0223836 0.00899271 0.000564261
 0.909884 0.0653809 0.0221038 0.00184393 0.000786925
 0.367008 0.582118 0.0370061 0.0123941 0.00147443
 0.835627 0.0632144 0.0930709 0.00588323 0.00220415
 0.7356 0.223415 0.0158112 0.0231615 0.00201206
 0.563317 0.32688 0.0928578 0.00653819 0.0104068
 0.81061 0.109324 0.0599971 0.016972 0.00309638
 0.798784 0.165251 0.020807 0.0113593 0.00379847
 0.458271 0.437473 0.0856862 0.0107441 0.0078252
 0.540273 0.216844 0.196292 0.0382941 0.008297
 0.913955 0.0483096 0.0178586 0.0160652 0.00381189
pobs_PELACES
 0 0 0 0 0
 0 0 0 0 0
 0 0 0 0 0
 0 0 0 0 0
 0 0 0 0 0
 0 0 0 0 0
 0 0 0 0 0
 0 0 0 0 0
 0 0 0 0 0
 0 0 0 0 0
 0 0 0 0 0
 0 0 0 0 0
 0 0 0 0 0
 0 0 0 0 0
 0 0 0 0 0
 0 0 0 0 0
 0.505614 0.472636 0.0217494 0 0
 0 0 0 0 0
 0.443492 0.261883 0.143347 0.151278 0
 0.227955 0.32914 0.350689 0.0885471 0.00366901
 0.970185 0.0296113 0.000203453 0 0
 0.997202 0.00247181 0.000326279 0 0
 0.445219 0.490057 0.0546422 0.010081 0
 0.90214 0.0892962 0.00764917 0.000914606 0
 0 0 0 0 0
 0.581667 0.319106 0.0959925 0.00289975 0.000334073
 0.762889 0.0836404 0.116647 0.0363945 0.000428098
 0.88444 0.0763242 0.0277011 0.0115352 0
 0.521256 0.241999 0.230069 0.00667565 0
 0.616807 0.101726 0.260614 0.0208532 0
 0.833518 0.0704572 0.0857862 0.0102388 0
ppred_PELACES
 0.599803 0.135599 0.245248 0.0193493 8.19437e-07
 0.53311 0.305198 0.0563792 0.0976727 0.00764042
 0.679545 0.189156 0.0872971 0.0154307 0.0285709
 0.808243 0.139834 0.031245 0.0137947 0.00688363
 0.728652 0.228462 0.0316789 0.00676906 0.00443796
 0.813899 0.14273 0.0367731 0.00488597 0.0017123
 0.534067 0.394124 0.055649 0.0137207 0.00243938
 0.511496 0.289592 0.169469 0.0228631 0.00657943
 0.63058 0.209071 0.0967616 0.0542481 0.00933969
 0.843119 0.108376 0.0280421 0.0123926 0.00807028
 0.938785 0.0536058 0.00533896 0.00131757 0.0009522
 0.712909 0.272644 0.0127219 0.00121385 0.00051118
 0.731438 0.204396 0.0610788 0.00272147 0.000365568
 0.914296 0.0672717 0.0141902 0.00403925 0.000202292
 0.867392 0.124083 0.0067655 0.00135723 0.000402014
 0.980034 0.0178754 0.00196215 0.000101984 2.62722e-05
 0.318397 0.670683 0.00982195 0.00103126 6.67968e-05
 0.920843 0.0289484 0.0494384 0.00069308 7.68078e-05
 0.634378 0.342706 0.00861912 0.0140794 0.000217315
 0.861903 0.0951425 0.0403897 0.000970129 0.0015951
 0.666961 0.295726 0.0260665 0.0105811 0.000665329
 0.895667 0.0747099 0.0264418 0.00222864 0.000953112
 0.325256 0.617907 0.0412227 0.0139511 0.00166316
 0.803708 0.0732023 0.113149 0.00722753 0.00271353
 0.69627 0.254414 0.0189014 0.0279791 0.00243571
 0.512156 0.360431 0.107554 0.00765273 0.0122066
 0.777011 0.125923 0.0725402 0.0207356 0.00379102
 0.764253 0.191714 0.0253562 0.0139887 0.00468764
 0.407892 0.473349 0.0974075 0.0123426 0.00900851
 0.489741 0.234337 0.22253 0.0438672 0.00952462
 0.896557 0.0567008 0.0219947 0.0199933 0.00475396
pobs_pel_tallas
 0 0 0 0 0 0 0 0 0 0 0 0 0 0 0 0 0 0 0 0 0 0 0 0 0 0
 0 0 0 0 0 0 0 0 0 0 0 0 0 0 0 0 0 0 0 0 0 0 0 0 0 0
 0 0 0 0 0 0 0 0 0 0 0 0 0 0 0 0 0 0 0 0 0 0 0 0 0 0
 0 0 0 0 0 0 0 0 0 0 0 0 0 0 0 0 0 0 0 0 0 0 0 0 0 0
 0 0 0 0 0 0 0 0 0 0 0 0 0 0 0 0 0 0 0 0 0 0 0 0 0 0
 0 0 0 0 0 0 0 0 0 0 0 0 0 0 0 0 0 0 0 0 0 0 0 0 0 0
 0 0 0 0 0 0 0 0 0 0 0 0 0 0 0 0 0 0 0 0 0 0 0 0 0 0
 0 0 0 0 0 0 0 0 0 0 0 0 0 0 0 0 0 0 0 0 0 0 0 0 0 0
 0 0 0 0 0 0 0 0 0 0 0 0 0 0 0 0 0 0 0 0 0 0 0 0 0 0
 0 0 0 0 0 0 0 0 0 0 0 0 0 0 0 0 0 0 0 0 0 0 0 0 0 0
 0 0 0 0 0 0 0 0 0 0 0 0 0 0 0 0 0 0 0 0 0 0 0 0 0 0
 0 0 0 0 0 0 0 0 0 0 0 0 0 0 0 0 0 0 0 0 0 0 0 0 0 0
 0.00862536 0 0 0.000197151 0.00414017 0.0128641 0.00837892 0.0270097 0.101434 0.158115 0.152841 0.127902 0.109271 0.109419 0.0830992 0.0579132 0.0238553 0.00714673 0.00463305 0.00128148 0.00103504 0.000492878 0.000147863 0.000147863 4.92878e-05 0
 0 0 0 0 0 0 0 0 0 0 0 0 0 0 0 0 0 0 0 0 0 0 0 0 0 0
 0 0 0 0 0 0 0 0.0054083 0.00873648 0.0413646 0.0450493 0.0745869 0.0622846 0.0627006 0.0613931 0.0827291 0.12552 0.122667 0.0946155 0.0697135 0.0546179 0.0294188 0.0215738 0.0213955 0.0102223 0.00600262
 0 0 0 0 0.00359764 0.0251062 0.0480494 0.140153 0.205849 0.193036 0.1447 0.116669 0.0760912 0.0342217 0.00950174 0.001854 0.000860785 0 0 0 0.000165536 0 0.000143464 0 0 0
 0 0 0 0 0 0 0 0.000145254 0.000435761 0.0275982 0.070085 0.0708112 0.156366 0.174668 0.174014 0.160142 0.0824315 0.0480064 0.0283245 0.00493863 0.00203355 0 0 0 0 0
 0 0 0 0 0 0 0 0 0 0 0 0 0 0 0 0 0 0 0 0 0 0 0 0 0 0
 0 0 1.00437e-05 0.000401748 0.00122533 0.00171747 0.00176769 0.0269171 0.070346 0.194647 0.189555 0.159765 0.064822 0.0314167 0.0384472 0.0292271 0.0345202 0.0313363 0.0194345 0.0106764 0.0143323 0.0359363 0.0279516 0.0138201 0.00172751 0
 0 0.0021121 0.0136068 0.0755702 0.200478 0.177729 0.0527432 0.0373336 0.0318909 0.0142505 0.0149659 0.0166563 0.0217959 0.0798694 0.0677717 0.0528807 0.04013 0.0224614 0.0357745 0.0225083 0.00881397 0.00855152 0.00135912 0.000746735 0 0
 0 0 0 0 5.4009e-05 0.00500934 0.000945158 0.0243581 0.138947 0.33067 0.221406 0.137944 0.0707744 0.0437923 0.0131692 0.00525238 0.0047753 0.00276346 9.45158e-05 9.00151e-06 2.25038e-05 9.00151e-06 4.50075e-06 0 0 0
 0.000866109 0.00284123 0.00948549 0.0512746 0.133035 0.25785 0.225252 0.132002 0.0553304 0.0519788 0.0540692 0.017754 0.00435017 0.00159236 0.00146478 0.000404838 0.000125132 0.000115318 0.000107957 0.000100596 0 0 0 0 0 0
 0 0 0 0 0.00144013 0.00171154 0.00461396 0.0210425 0.0478622 0.0707936 0.0888783 0.103762 0.0637923 0.0337046 0.0602308 0.124433 0.169614 0.0934646 0.0462172 0.0250306 0.0313229 0.00938855 0.002487 0.000210481 0 0
 0 0.00764035 0.051015 0.0998891 0.058973 0.0496711 0.0374665 0.0718981 0.12319 0.153886 0.159021 0.0857701 0.0377988 0.023471 0.0147837 0.00900784 0.00315554 0.000888139 0.00291439 0.00214683 0.00393193 0.00274676 0.000635225 9.99891e-05 0 0
 0 0 0 0 0 0 0 0 0 0 0 0 0 0 0 0 0 0 0 0 0 0 0 0 0 0
 0 0 0 0 0 0 0 0 0 0 0 0 0 0 0 0 0 0 0 0 0 0 0 0 0 0
 0 0 0 0 0 0 0 0 0 0 0 0 0 0 0 0 0 0 0 0 0 0 0 0 0 0
 0 0 0 0 0 0 0 0 0 0 0 0 0 0 0 0 0 0 0 0 0 0 0 0 0 0
 0 0 0 0 0 0 0 0 0 0 0 0 0 0 0 0 0 0 0 0 0 0 0 0 0 0
 0 0 0 0 0 0 0 0 0 0 0 0 0 0 0 0 0 0 0 0 0 0 0 0 0 0
 0 0 0 0 0 0 0 0 0 0 0 0 0 0 0 0 0 0 0 0 0 0 0 0 0 0
ppred_pel_tallas
 1.09053e-16 4.9405e-05 0.000480234 0.00319132 0.0145073 0.0451377 0.0961711 0.140367 0.140381 0.0962369 0.0453595 0.0151525 0.00482779 0.00410878 0.00710483 0.0120948 0.0184108 0.0252143 0.0316071 0.0370537 0.0414785 0.0448908 0.0469306 0.0468486 0.0439969 0.0383986
 1.12794e-16 4.39116e-05 0.000426836 0.00283648 0.0128942 0.0401189 0.0854787 0.124765 0.124794 0.0856227 0.0406027 0.0142922 0.00634863 0.00810445 0.0146577 0.0242533 0.0351608 0.0447311 0.0503324 0.0508554 0.0474026 0.0425059 0.0384874 0.0362359 0.0351405 0.0339081
 1.08951e-16 5.59733e-05 0.00054408 0.0036156 0.016436 0.0511387 0.108957 0.15903 0.159048 0.109047 0.0514399 0.0173075 0.00580813 0.0053472 0.00922775 0.0152982 0.022343 0.0287576 0.032942 0.0341712 0.0329908 0.0307475 0.028649 0.0271156 0.0258168 0.0241659
 1.03486e-16 6.65739e-05 0.000647122 0.00430035 0.0195488 0.0608236 0.129592 0.189146 0.189159 0.129658 0.0610452 0.0201891 0.00590877 0.00416211 0.00675358 0.0110902 0.0160426 0.0203325 0.0227073 0.0226011 0.0204641 0.0174331 0.0146153 0.0125465 0.0111442 0.0100238
 1.02403e-16 6.00182e-05 0.000583398 0.00387688 0.0176238 0.0548342 0.116831 0.170523 0.170545 0.116938 0.0551955 0.0186672 0.00649599 0.00630081 0.0109181 0.0179541 0.0258559 0.032511 0.0358067 0.0347681 0.0301335 0.0238444 0.0178778 0.0133304 0.0102812 0.00824415
 1.01878e-16 6.70398e-05 0.000651651 0.00433045 0.0196856 0.0612493 0.130499 0.190469 0.190483 0.130566 0.0614755 0.0203394 0.00597276 0.00424089 0.00689553 0.0113244 0.016378 0.0207434 0.0231232 0.0229086 0.0205193 0.0170808 0.0137147 0.0110063 0.00896233 0.00731367
 1.03496e-16 4.39905e-05 0.000427603 0.00284157 0.0129174 0.0401911 0.0856327 0.124991 0.125029 0.0858183 0.0408143 0.0147175 0.0073601 0.0102915 0.0187772 0.0309723 0.0446109 0.0560948 0.0617794 0.0599762 0.0519464 0.0410248 0.0306106 0.0225946 0.0171287 0.0134074
 1.08371e-16 4.21313e-05 0.000409532 0.00272148 0.0123715 0.0384924 0.0820132 0.119707 0.119735 0.0821507 0.0389546 0.0137091 0.00608883 0.00779299 0.0141599 0.0235911 0.0345587 0.0446652 0.0514528 0.053728 0.0521481 0.0485264 0.044479 0.0405584 0.0364104 0.0315342
 1.09867e-16 5.19401e-05 0.000504876 0.00335508 0.0152517 0.0474539 0.101106 0.147572 0.147592 0.101205 0.047787 0.0162156 0.00578078 0.00582075 0.0102088 0.0169571 0.0248081 0.0320221 0.0368637 0.0385598 0.0377182 0.0357878 0.0340076 0.0327039 0.0313739 0.0292921
 1.03446e-16 6.94466e-05 0.000675046 0.00448592 0.0203923 0.0634482 0.135184 0.197306 0.197317 0.135235 0.0636201 0.0208891 0.00573416 0.00340413 0.00526491 0.00862733 0.0125012 0.0158934 0.0178456 0.0179293 0.0164937 0.0144061 0.0124947 0.0111348 0.0102216 0.00942727
 1.00462e-16 7.73265e-05 0.000751641 0.00499492 0.0227062 0.0706474 0.150522 0.219692 0.219697 0.150547 0.0707321 0.0229508 0.00560869 0.00209093 0.00261924 0.00420344 0.00603767 0.00757143 0.00830144 0.0079979 0.00683823 0.00528834 0.00382666 0.00272449 0.0020085 0.00156373
 1.00646e-16 5.87215e-05 0.000570794 0.00379313 0.017243 0.0536496 0.114307 0.16684 0.166866 0.114435 0.0540798 0.0184851 0.00690889 0.00736551 0.0129424 0.0212488 0.0304755 0.038052 0.0414003 0.0393298 0.0327574 0.0241169 0.015951 0.00976758 0.00580966 0.00354574
 1.0215e-16 6.02477e-05 0.000585629 0.00389171 0.0176912 0.0550439 0.117277 0.171174 0.171194 0.117374 0.0553681 0.0186282 0.00624607 0.00573263 0.00985685 0.0162555 0.0235382 0.0298605 0.0333676 0.0331747 0.0298507 0.0249611 0.0200673 0.0159885 0.0127577 0.0100545
 1.00867e-16 7.53094e-05 0.000732034 0.00486463 0.0221139 0.0688045 0.146596 0.213962 0.213968 0.146627 0.0689111 0.0224217 0.00563769 0.00242091 0.0032865 0.00532374 0.00768437 0.00971057 0.0107858 0.0106252 0.00943508 0.0077609 0.00614754 0.00488159 0.00396521 0.00325861
 1.00432e-16 7.1446e-05 0.00069448 0.00461507 0.0209794 0.0652749 0.139075 0.202987 0.202999 0.139134 0.0654707 0.0215449 0.00603352 0.00378808 0.00593824 0.00968166 0.0138872 0.0173524 0.0189044 0.0180035 0.0150663 0.0111959 0.00754104 0.00477735 0.00300569 0.00197843
 1.00076e-16 8.07241e-05 0.000784667 0.00521439 0.0237039 0.0737515 0.157135 0.229344 0.229346 0.157144 0.0737798 0.0237854 0.00541907 0.00123131 0.000928423 0.00140561 0.00201336 0.00252379 0.00276489 0.0026585 0.00226209 0.00172952 0.00122003 0.000825758 0.000559562 0.000388486
 1.0057e-16 2.62261e-05 0.000254927 0.00169408 0.00770108 0.0239613 0.0510544 0.0745289 0.0745934 0.0513695 0.0250189 0.0107541 0.00935074 0.0169467 0.03166 0.0521231 0.0746695 0.0930284 0.100828 0.095131 0.0782377 0.0562405 0.0355413 0.0199892 0.010261 0.00503611
 1.01517e-16 7.58486e-05 0.000737276 0.00489946 0.0222722 0.0692972 0.147645 0.215493 0.215496 0.147659 0.0693444 0.0224095 0.00524746 0.00150797 0.00157164 0.00256152 0.0038756 0.00527294 0.00654728 0.00757678 0.00834672 0.00887368 0.00910881 0.00892796 0.00822591 0.00702708
 1.01786e-16 5.2253e-05 0.000507917 0.00337529 0.0153436 0.0477398 0.101716 0.148464 0.148497 0.101877 0.0482805 0.0169044 0.00729025 0.00904466 0.0162369 0.026687 0.0382686 0.0477709 0.0519664 0.0493839 0.0412126 0.0305488 0.0206053 0.0132528 0.0087241 0.00624926
 1.01558e-16 7.09938e-05 0.000690085 0.00458586 0.0208466 0.0648617 0.138195 0.201702 0.201711 0.13824 0.065013 0.0212842 0.00568608 0.00309828 0.00466327 0.00764533 0.0111182 0.0142117 0.0160793 0.0163124 0.0151508 0.0132657 0.0113057 0.00957933 0.0080636 0.00662013
 1.02002e-16 5.49368e-05 0.000534005 0.00354865 0.0161317 0.0501918 0.10694 0.156088 0.156116 0.107079 0.0506589 0.0174806 0.00693344 0.00791914 0.0140693 0.0231427 0.0332632 0.0416844 0.0456458 0.0438772 0.0373593 0.0286712 0.0204663 0.014257 0.010204 0.00768321
 1.01168e-16 7.37749e-05 0.000717118 0.0047655 0.0216633 0.0674026 0.143609 0.209602 0.20961 0.143644 0.0675212 0.0220063 0.00562768 0.00260312 0.00366688 0.00597449 0.00866684 0.0110383 0.0124176 0.0124858 0.0114452 0.0098491 0.00823772 0.00687712 0.00575393 0.00474199
 1.03029e-16 2.6791e-05 0.000260418 0.00173057 0.00786698 0.0244774 0.0521539 0.0761326 0.0761921 0.0524445 0.025453 0.0106838 0.00879749 0.0156756 0.0292677 0.0482507 0.0692878 0.0866765 0.09462 0.0904467 0.0762245 0.0574087 0.0396518 0.0262354 0.0175898 0.0124455
 1.04469e-16 6.62004e-05 0.000643491 0.00427623 0.0194391 0.0604823 0.128864 0.188083 0.18809 0.1289 0.0606014 0.0197852 0.00515265 0.00258223 0.0038228 0.00640917 0.00967724 0.0131066 0.0161802 0.0186069 0.0203925 0.0216437 0.0223012 0.0220824 0.020695 0.0181171
 1.03829e-16 5.73508e-05 0.000557471 0.00370459 0.0168405 0.0523973 0.111639 0.162945 0.16297 0.111759 0.0527992 0.0180012 0.00661714 0.00691302 0.0121205 0.0199296 0.0286671 0.0359827 0.0395341 0.0382722 0.0330848 0.0262131 0.0199147 0.0154016 0.012667 0.011012
 1.0603e-16 4.21857e-05 0.00041006 0.00272499 0.0123874 0.0385421 0.0821193 0.119863 0.119898 0.0822895 0.0391139 0.0140401 0.00687751 0.00948889 0.017325 0.0286803 0.0415556 0.0527652 0.0590667 0.0589325 0.0533995 0.0452505 0.0372322 0.0307388 0.0257324 0.0215247
 1.04847e-16 6.40014e-05 0.000622116 0.00413418 0.0187934 0.0584733 0.124584 0.181836 0.181849 0.124644 0.0586743 0.0193752 0.00559904 0.0038347 0.00620883 0.0102774 0.0150672 0.0195122 0.022561 0.0237192 0.0232955 0.0220865 0.0207749 0.0195453 0.0181594 0.0163095
 1.02977e-16 6.29506e-05 0.000611902 0.0040663 0.0184848 0.0575133 0.122539 0.178853 0.178871 0.122629 0.0578165 0.0193605 0.00626452 0.00541095 0.00917837 0.0150777 0.0217241 0.0273444 0.0301803 0.0294335 0.0257422 0.0207442 0.0160855 0.0126447 0.0104223 0.00893866
 1.05695e-16 3.35976e-05 0.000326581 0.00217025 0.00986565 0.030696 0.0654027 0.0954667 0.0955123 0.0656258 0.0314454 0.012031 0.0076079 0.0122044 0.0226132 0.0373867 0.0539825 0.068151 0.0755633 0.0741989 0.0655091 0.053356 0.0416308 0.0324296 0.0258463 0.0209444
 1.12493e-16 4.03393e-05 0.000392113 0.00260573 0.0118453 0.0368552 0.0785247 0.114614 0.114637 0.0786367 0.0372321 0.012938 0.00536359 0.0064619 0.0117129 0.0196793 0.0292317 0.0386175 0.0460267 0.0505633 0.0526104 0.0532151 0.0530566 0.05193 0.0491055 0.0441049
 1.03459e-16 7.38482e-05 0.000717831 0.00477024 0.0216848 0.0674696 0.143751 0.20981 0.209816 0.143778 0.0675598 0.021946 0.0054272 0.00215706 0.00282247 0.0045903 0.00670462 0.00864752 0.00995206 0.0104243 0.0102532 0.00985759 0.0095879 0.00952147 0.00947904 0.00919762
pSPR Fmed_Fpbrs
0.403797   0.6 0.325
Fs Fmed_Fpbrs
0.582027   0.302976 0.751853
SSBpbr Bo_Bmed_Bpbrs
1.24113e+06  439109  682624 341312
Ro
108710
SPR SPRFo_SPRFmed_SPRFpbrs
775934 313319 252178
Fref
0.302976
Nvult_r0
 141091 8394.49 3130.69 2817.64 668.575
CTP_r0
 34516.2 2670 1011.75 911.349 216.256
YTP_r0
391290
Np
 134756 40375.9 14004.2 684.493 319.896
Nvult_p0
 94380.3 29323.3 10197.4 498.497 232.973
CTP_p0
 16071.6 8476.22 425.927 156.756 173.134
 16071.6 6689.73 2368.77 115.907 54.1721
YTP_p0
 273512 285231
CBA_c0
277028
log_Ro
11.4164
likeval ReclasPelacesDesembMPH_pf_preclas_ppelaces_ptallas_desvR_qrecl_qpela
 23.2098 31.4413 0.0334351 86.4743 255.8 117.867 105.35 0 26.2113 2.60232e-05 6.71021e-05 0.0898827 5.42396e-16 0 0
q_reclas_q_pelaces
2.06035 3.20726
M
1
N
 157459 30703.9 53050.1 4142.62 0.17507
 88508.4 46720.5 8287.8 14214.9 1109.63
 85394.6 21877.4 9694.12 1696.46 3134.52
 125505 21213.6 4572.21 1999.01 995.444
 99165.8 26478.5 3504.01 741.02 484.807
 195851 30469.5 7515.83 988.502 345.696
 70421.3 53803.9 7360.99 1797.7 318.951
 26717.2 12676.1 7070.74 944.03 271.095
 26141.8 8578.6 3833.62 2128.48 365.692
 35709.1 5322.56 1346.23 589.572 383.158
 98545.7 4713.15 447.418 109.272 78.8031
 83214.2 31686.6 1428.28 134.964 56.7187
 53086.5 16668.4 4857 214.433 28.7453
 81459.1 7637.92 1586.47 447.695 22.376
 50053.4 8303.6 442.563 87.9823 26.0074
 381500 6604.88 697.772 35.91 9.23156
 46048.6 87100.6 1222.37 127.05 8.21208
 424503 12238 20061.5 278.434 30.7918
 191390 106504 2594.4 4197.7 64.6572
 331442 34931.4 14278.5 339.59 557.194
 176960 74471 6317.58 2539.23 159.332
 500233 40410.3 13786.5 1150.66 491.072
 63562.5 108092 6908.81 2314.58 275.351
 211733 17038.2 25205.9 1593.74 597.101
 181876 58827.1 4183.6 6130.08 532.532
 82341.2 50267.9 14336.1 1009.63 1607.04
 167170 24053.6 13267.1 3754.02 684.896
 210480 45824 5792.67 3163.09 1057.73
 61358.1 61403.1 12070.9 1513.86 1102.59
 42036 18216.9 16588.7 3237.3 701.422
 192249 10912.6 4056.42 3650.16 866.108
pred_Ctot
 19594.3 5299.39 9346.37 730.646 0.0308793
 18957.2 13482.6 2436.03 4182.26 326.489
 18095.1 6250.8 2821.29 494.205 913.185
 35385.1 7874.95 1725.82 755.212 376.089
 10482.4 3904.84 527.706 111.723 73.0981
 32104 6841 1720.85 226.567 79.2385
 24070.1 23704.8 3292.52 804.741 142.785
 2172.02 1448.55 825.619 110.357 31.6929
 7738.41 3327.12 1511.27 839.805 144.293
 15689.7 2906.36 744.387 326.215 212.012
 7933.1 533.455 51.7457 12.6522 9.12493
 25159.2 12524.1 573.713 54.2589 22.8033
 22006.9 8669.53 2559.82 113.093 15.161
 41117.7 4669.16 980.36 276.812 13.8356
 21995.4 4534.69 244.741 48.6872 14.3924
 95083.1 2191.96 235.655 12.1389 3.12078
 8296.05 21380.3 305.869 31.8238 2.05708
 88020.8 3426.72 5722.42 79.5 8.7923
 64474 46329.3 1145.91 1855.56 28.5824
 84858.5 11881.1 4941.32 117.629 193.014
 44089.1 24706.7 2132.92 858.083 53.8456
 136190 14534.4 5043.14 421.29 179.805
 11186.8 25955.1 1691.28 567.193 67.4789
 33515.8 3700.74 5583.92 353.434 132.423
 29265.7 12977.8 941.275 1380.66 119.947
 10921.9 9224.03 2684.73 189.279 301.294
 27584.7 5434.48 3056.71 865.818 157.971
 28066 8451.16 1090.27 595.985 199.307
 7615.9 10571.9 2121.44 266.348 194.001
 8045.25 4733.02 4392.35 858.032 185.919
 34516.2 2670 1011.75 911.349 216.256
F
 0.214981 0.309604 0.316946 0.317342 0.317363
 0.397643 0.572663 0.586243 0.586976 0.587015
 0.39264 0.565458 0.578868 0.579591 0.579629
 0.556011 0.800735 0.819724 0.820748 0.820802
 0.180067 0.259322 0.265472 0.265804 0.265821
 0.292007 0.420531 0.430504 0.431042 0.431071
 0.714776 1.02938 1.05379 1.05511 1.05518
 0.136035 0.195911 0.200557 0.200807 0.20082
 0.591582 0.851963 0.872167 0.873257 0.873314
 1.02505 1.47622 1.51123 1.51311 1.51321
 0.134628 0.193884 0.198482 0.19873 0.198743
 0.607906 0.875471 0.896233 0.897353 0.897412
 0.938797 1.352 1.38406 1.38579 1.38589
 1.28341 1.8483 1.89213 1.89449 1.89462
 1.02528 1.47655 1.51157 1.51346 1.51356
 0.477047 0.687015 0.703308 0.704187 0.704233
 0.32515 0.468262 0.479367 0.479966 0.479998
 0.382735 0.551194 0.564265 0.56497 0.565007
 0.700925 1.00943 1.03337 1.03466 1.03473
 0.493042 0.710051 0.726889 0.727798 0.727846
 0.476841 0.686719 0.703004 0.703883 0.703929
 0.532092 0.766289 0.784461 0.785442 0.785493
 0.316568 0.455904 0.466716 0.467299 0.46733
 0.280725 0.404284 0.413871 0.414388 0.414416
 0.285958 0.411821 0.421587 0.422114 0.422142
 0.230586 0.332077 0.339953 0.340377 0.3404
 0.294202 0.423693 0.433741 0.434283 0.434311
 0.231929 0.334012 0.341933 0.34236 0.342382
 0.214379 0.308737 0.316059 0.316454 0.316474
 0.348609 0.502047 0.513953 0.514596 0.514629
 0.323868 0.466417 0.477478 0.478074 0.478106
YTP_r0W_actual
 286484 37647 27924.3 31168.1 8066.36
YTP_p0W_proyectada
 120377 132822 9851.69 4603.93 5857.12
 120377 104828 54789.6 3404.2 1832.64
CTP_r0_actual
 34516.2 2670 1011.75 911.349 216.256
CTP_p0_proyectada
 16071.6 8476.22 425.927 156.756 173.134
 16071.6 6689.73 2368.77 115.907 54.1721
Wmedp
 7.49 15.67 23.13 29.37 33.83
Frms_r0
 0.323868 0.466417 0.477478 0.478074 0.478106
Zrms_r0
 1.32387 1.46642 1.47748 1.47807 1.47811
nmprior
 8.19 8.8 8.5 0
nm_flota  nm_reclas  nm_pelaces    nm_pelaL
inf 22.4897 11.2216 23.1778
cv_recla  cv_pelaces  cv_mph
0.217887 0.529836 0.860935
 ------------------------------------------------
Talla a la edad & desviaci?n 
 8 13.2811 15.8009 17.003 17.5766
 0.8 1.32811 1.58009 1.7003 1.75766
