years
 1991 1992 1993 1994 1995 1996 1997 1998 1999 2000 2001 2002 2003 2004 2005 2006 2007 2008 2009 2010 2011 2012 2013 2014 2015 2016 2017 2018 2019 2020 2021
reclasobs
 0 0 0 0 0 0 0 0 0 252601 567819 844713 477998 351125 339783 2.1784e+06 2.13404e+06 4.81314e+06 1.55562e+06 2.62356e+06 3.21686e+06 3.843e+06 1.13348e+06 3.07943e+06 1.97215e+06 2.03268e+06 2.025e+06 2.42433e+06 2.27542e+06 1.05018e+06 2.36338e+06
reclaspred
 3.23997e+06 1.74294e+06 883216 952792 988802 1.85298e+06 944326 769626 498184 284200 716459 735962 401035 547197 409135 1.62374e+06 1.41284e+06 3.49509e+06 2.61153e+06 2.34187e+06 3.33634e+06 2.33499e+06 1.48451e+06 2.97747e+06 2.18919e+06 1.95399e+06 2.3094e+06 2.6645e+06 2.04009e+06 1.16163e+06 2.13533e+06
pelacesobs
 0 0 0 0 0 0 0 0 0 0 0 0 0 0 0 552880 188675 0 991730 2.46772e+06 1.41603e+06 1.21717e+06 2.29649e+06 1.80582e+06 0 1.4828e+06 1.56532e+06 1.57751e+06 1.42118e+06 867257 1.10002e+06
pelacespred
 1.99776e+06 1.15034e+06 552642 438606 531358 969500 466563 508832 284673 131285 361076 344792 182610 252857 190854 658932 710373 1.80198e+06 1.46283e+06 1.16817e+06 1.68742e+06 1.23857e+06 855320 1.71193e+06 1.3206e+06 1.2118e+06 1.50508e+06 1.69176e+06 1.25651e+06 785944 1.21443e+06
mphobs
 0 0 0 0 0 0 0 0 0 0 0 498337 0 5186 125008 0 168611 109162 213762 579715 649985 157893 87575 83554 0 0 0 0 0 0 0
mphpred
 500160 339628 158527 89143.7 101291 129194 185363 86855.4 75908.4 38605.8 19964.4 92747.8 61434.9 23396.8 31908 30739.4 187684 161189 350270 228398 314097 289167 233438 155743 307035 250170 206052 216157 338014 208447 110364
desembarqueobs
 494567 514787 250237 358949 120608 361735 552515 73892 212993 205616 52469 317467 293654 387597 252695 516296 358380 742168 942051 627588 828172 859565 418607 520667 417249 300574 415391 372974 316634 284311 391294
desembarquepred
 494566 514045 250569 358982 120613 361735 552517 73898.6 213072 205677 52466.3 317603 293985 387255 252583 516261 358513 742088 941461 627180 828446 859746 418648 520674 417209 300554 415369 372904 316593 284314 391292
Reclutas
 160375 88577.3 87061.6 127657 101976 195688 71563.3 27809 27116.4 37668.1 108587 80542.9 50029.8 95499.5 49722.7 352441 66456.1 500898 282318 320176 248760 376620 59824.7 250230 194149 89533.6 181754 224472 64842.9 45348.9 213527
log_desv_Rt
 0.32787 -0.265772 -0.283032 0.0996996 -0.12491 0.526872 -0.479065 -1.42429 -1.44951 -1.12083 -0.062093 -0.360857 -0.837029 -0.190527 -0.843186 1.11524 -0.553105 1.46676 0.893385 1.01922 0.766843 1.18159 -0.65823 0.772734 0.518979 -0.255034 0.453009 0.664104 -0.57768 -0.935261 0.614115
SSB
 1.42002e+06 964246 450079 253090 287578 366799 526268 246593 215514 109607 56681.4 263323 174421 66426.5 90590.8 87272.9 532858 457636 994460 648452 891761 820983 662761 442173 871711 710264 585009 613697 959665 591808 313337
BT
 2.12911e+06 1.48763e+06 713150 730894 605909 1.32102e+06 911363 556925 483360 328726 448463 601327 447271 700662 463209 1.17264e+06 946759 2.63328e+06 2.34848e+06 1.69627e+06 2.35035e+06 2.02493e+06 1.14943e+06 2.35422e+06 1.62913e+06 1.41136e+06 1.98386e+06 2.14801e+06 1.37198e+06 968407 1.69558e+06
Ftot
 0.286707 0.529951 0.522526 0.76371 0.249362 0.421154 1.02318 0.19187 0.82339 1.35338 0.178265 0.826632 1.32204 1.51732 1.29016 0.756887 0.482923 0.481907 0.708377 0.564298 0.496228 0.744566 0.52229 0.39618 0.378661 0.301958 0.386133 0.311158 0.283659 0.451922 0.42047
BD_Bspro_t
 0.955396 0.713051 0.474704 0.374179 0.378535 0.48745 0.501446 0.289245 0.332372 0.238298 0.179719 0.572196 0.342574 0.160405 0.18795 0.183602 0.447229 0.393167 0.517465 0.38953 0.414131 0.393621 0.372284 0.319299 0.509429 0.515216 0.521769 0.564862 0.649197 0.540539 0.431672
BD_Bspro
 1.72185 1.1692 0.545744 0.306885 0.348703 0.444763 0.638128 0.299008 0.261322 0.132904 0.0687292 0.319293 0.211495 0.0805457 0.109846 0.105823 0.646119 0.554907 1.20584 0.786283 1.08131 0.995486 0.803633 0.536158 1.057 0.861232 0.709354 0.74414 1.16365 0.717599 0.379938
BD_Bo
 1.08919 0.739601 0.345221 0.194126 0.220579 0.281344 0.40366 0.189143 0.165304 0.0840711 0.043476 0.201975 0.133786 0.0509508 0.0694854 0.0669405 0.408715 0.351018 0.762776 0.497379 0.684002 0.629714 0.508354 0.339157 0.668624 0.54479 0.448716 0.470721 0.736087 0.453931 0.240337
BD_Brms
 1.98034 1.34473 0.627675 0.352957 0.401053 0.511534 0.733928 0.343897 0.300553 0.152856 0.0790473 0.367227 0.243246 0.0926377 0.126337 0.12171 0.743119 0.638214 1.38686 0.904325 1.24364 1.14493 0.92428 0.61665 1.21568 0.990526 0.815848 0.855856 1.33834 0.82533 0.436977
Sel_flota
 0.669319 0.974656 0.998633 0.999928 0.999996
 0.669319 0.974656 0.998633 0.999928 0.999996
 0.669319 0.974656 0.998633 0.999928 0.999996
 0.669319 0.974656 0.998633 0.999928 0.999996
 0.669319 0.974656 0.998633 0.999928 0.999996
 0.669319 0.974656 0.998633 0.999928 0.999996
 0.669319 0.974656 0.998633 0.999928 0.999996
 0.669319 0.974656 0.998633 0.999928 0.999996
 0.669319 0.974656 0.998633 0.999928 0.999996
 0.669319 0.974656 0.998633 0.999928 0.999996
 0.669319 0.974656 0.998633 0.999928 0.999996
 0.669319 0.974656 0.998633 0.999928 0.999996
 0.669319 0.974656 0.998633 0.999928 0.999996
 0.669319 0.974656 0.998633 0.999928 0.999996
 0.669319 0.974656 0.998633 0.999928 0.999996
 0.669319 0.974656 0.998633 0.999928 0.999996
 0.669319 0.974656 0.998633 0.999928 0.999996
 0.669319 0.974656 0.998633 0.999928 0.999996
 0.669319 0.974656 0.998633 0.999928 0.999996
 0.669319 0.974656 0.998633 0.999928 0.999996
 0.669319 0.974656 0.998633 0.999928 0.999996
 0.669319 0.974656 0.998633 0.999928 0.999996
 0.669319 0.974656 0.998633 0.999928 0.999996
 0.669319 0.974656 0.998633 0.999928 0.999996
 0.669319 0.974656 0.998633 0.999928 0.999996
 0.669319 0.974656 0.998633 0.999928 0.999996
 0.669319 0.974656 0.998633 0.999928 0.999996
 0.669319 0.974656 0.998633 0.999928 0.999996
 0.669319 0.974656 0.998633 0.999928 0.999996
 0.669319 0.974656 0.998633 0.999928 0.999996
 0.669319 0.974656 0.998633 0.999928 0.999996
Sel_reclas
 1 1 1 1 1
 1 1 1 1 1
 1 1 1 1 1
 1 1 1 1 1
 1 1 1 1 1
 1 1 1 1 1
 1 1 1 1 1
 1 1 1 1 1
 1 1 1 1 1
 1 1 1 1 1
 1 1 1 1 1
 1 1 1 1 1
 1 1 1 1 1
 1 1 1 1 1
 1 1 1 1 1
 1 1 1 1 1
 1 1 1 1 1
 1 1 1 1 1
 1 1 1 1 1
 1 1 1 1 1
 1 1 1 1 1
 1 1 1 1 1
 1 1 1 1 1
 1 1 1 1 1
 1 1 1 1 1
 1 1 1 1 1
 1 1 1 1 1
 1 1 1 1 1
 1 1 1 1 1
 1 1 1 1 1
 1 1 1 1 1
Sel_pelaces
 0.652037 0.904127 0.979364 0.995831 0.999169
 0.652037 0.904127 0.979364 0.995831 0.999169
 0.652037 0.904127 0.979364 0.995831 0.999169
 0.652037 0.904127 0.979364 0.995831 0.999169
 0.652037 0.904127 0.979364 0.995831 0.999169
 0.652037 0.904127 0.979364 0.995831 0.999169
 0.652037 0.904127 0.979364 0.995831 0.999169
 0.652037 0.904127 0.979364 0.995831 0.999169
 0.652037 0.904127 0.979364 0.995831 0.999169
 0.652037 0.904127 0.979364 0.995831 0.999169
 0.652037 0.904127 0.979364 0.995831 0.999169
 0.652037 0.904127 0.979364 0.995831 0.999169
 0.652037 0.904127 0.979364 0.995831 0.999169
 0.652037 0.904127 0.979364 0.995831 0.999169
 0.652037 0.904127 0.979364 0.995831 0.999169
 0.652037 0.904127 0.979364 0.995831 0.999169
 0.652037 0.904127 0.979364 0.995831 0.999169
 0.652037 0.904127 0.979364 0.995831 0.999169
 0.652037 0.904127 0.979364 0.995831 0.999169
 0.652037 0.904127 0.979364 0.995831 0.999169
 0.652037 0.904127 0.979364 0.995831 0.999169
 0.652037 0.904127 0.979364 0.995831 0.999169
 0.652037 0.904127 0.979364 0.995831 0.999169
 0.652037 0.904127 0.979364 0.995831 0.999169
 0.652037 0.904127 0.979364 0.995831 0.999169
 0.652037 0.904127 0.979364 0.995831 0.999169
 0.652037 0.904127 0.979364 0.995831 0.999169
 0.652037 0.904127 0.979364 0.995831 0.999169
 0.652037 0.904127 0.979364 0.995831 0.999169
 0.652037 0.904127 0.979364 0.995831 0.999169
 0.652037 0.904127 0.979364 0.995831 0.999169
pf_obs 
 0.8446 0.082 0.0669 0.0065 0
 0.8095 0.147 0.0364 0.0071 0
 0.9664 0.0169 0.016 0.0007 0
 0.9276 0.0648 0.0075 0.0001 0
 0.7033 0.2144 0.0806 0.0017 0
 0.9318 0.0425 0.0243 0.0014 0
 0.5671 0.3108 0.0964 0.0239 0.0018
 0.0768 0.2599 0.5324 0.112 0.0189
 0.490249 0.384438 0.106611 0.0170017 0.00170017
 0.7925 0.1577 0.0466 0.003 0.0002
 0.840416 0.127587 0.0312969 0.00059994 9.999e-05
 0.8084 0.0986 0.0794 0.0134 0.0002
 0.7335 0.1905 0.0724 0.0035 0.0001
 0.4001 0.4547 0.1325 0.0127 0
 0.49795 0.308269 0.164784 0.0264974 0.00249975
 0.9179 0.0499 0.0305 0.0017 0
 0.2467 0.6533 0.0926 0.0074 0
 0.9418 0.0223 0.034 0.0019 0
 0.707729 0.231977 0.0356964 0.0245975 0
 0.517169 0.277429 0.184464 0.0207286 0.00020938
 0.811772 0.124168 0.05621 0.00726502 0.000585176
 0.764997 0.148141 0.077277 0.00933861 0.000247198
 0.163321 0.427699 0.378323 0.0303852 0.000271297
 0.753843 0.0900009 0.118128 0.0371064 0.000921714
 0.721811 0.176058 0.0630433 0.0369309 0.00215725
 0.143369 0.312575 0.442814 0.0836902 0.0175525
 0.692698 0.0596174 0.167031 0.0765114 0.00414204
 0.394062 0.376323 0.152708 0.0712218 0.00568511
 0.125707 0.32114 0.495352 0.0537591 0.00404204
 0.23352 0.215282 0.420074 0.123614 0.00750983
 0.796117 0.104755 0.0508955 0.0450114 0.00322123
pf_pred 
 0.53629 0.149567 0.292127 0.0220152 8.95783e-07
 0.459446 0.345643 0.0640451 0.121707 0.00915898
 0.615552 0.221298 0.105531 0.018954 0.0386646
 0.752739 0.177823 0.0405078 0.0187245 0.0102057
 0.681662 0.265921 0.0380713 0.0083756 0.0059704
 0.77243 0.173537 0.0453361 0.00631895 0.00237762
 0.459594 0.454601 0.0658931 0.0167113 0.00320047
 0.468596 0.318045 0.180599 0.0251702 0.00758987
 0.563596 0.248349 0.113739 0.0629194 0.0113973
 0.780644 0.151011 0.0395129 0.0174515 0.0113805
 0.922224 0.0677555 0.00699684 0.00174997 0.00127377
 0.618189 0.36127 0.0179547 0.00180664 0.00077965
 0.628502 0.27199 0.0943369 0.00452123 0.000649976
 0.884546 0.0880646 0.0202933 0.00672833 0.000367925
 0.742129 0.24195 0.0122843 0.0026964 0.00094042
 0.966448 0.0282726 0.0049669 0.000241266 7.12562e-05
 0.377266 0.609978 0.0108076 0.00183367 0.000115159
 0.909175 0.0441806 0.0457171 0.000785759 0.000141457
 0.597043 0.37913 0.0117723 0.0118159 0.000239252
 0.720141 0.198235 0.0769539 0.00230945 0.00236062
 0.643577 0.286864 0.0497254 0.0187008 0.00113291
 0.760393 0.177398 0.0503703 0.00846704 0.00337163
 0.303747 0.585301 0.0828861 0.0227331 0.00533297
 0.825823 0.0711056 0.0870758 0.0119547 0.00404123
 0.635163 0.321426 0.0180298 0.0214479 0.00393382
 0.455698 0.396023 0.13109 0.00714516 0.0100431
 0.731163 0.150497 0.086749 0.027934 0.00365709
 0.71479 0.230548 0.0309933 0.0173574 0.00631119
 0.352465 0.51269 0.109588 0.0143302 0.0109271
 0.429187 0.257686 0.249335 0.0518585 0.0119342
 0.871574 0.0696899 0.0269559 0.0253141 0.00646619
pobs_RECLAS
 0 0 0 0 0
 0 0 0 0 0
 0 0 0 0 0
 0 0 0 0 0
 0 0 0 0 0
 0 0 0 0 0
 0 0 0 0 0
 0 0 0 0 0
 0 0 0 0 0
 0 0 0 0 0
 0.991045 0.00858322 0.000360255 1.14367e-05 0
 0.934742 0.0480273 0.0164251 0.00080598 0
 0.827803 0.169806 0.00239088 0 0
 0.941827 0.0461693 0.0120037 0 0
 0.791401 0.0380133 0.147996 0.0225897 0
 0.846168 0.0940531 0.0597789 0 0
 0.134021 0.677848 0.182769 0.00536245 0
 0.80878 0.0450904 0.141981 0.00414843 0
 0.846168 0.0940531 0.0597789 0 0
 0.905697 0.0802665 0.012482 0.00150086 5.37128e-05
 0.989698 0.0102097 9.19794e-05 0 0
 0.975433 0.0193895 0.00387452 0.00125025 5.28907e-05
 0.303575 0.632131 0.0575291 0.00676475 0
 0.966965 0.00978017 0.0227588 0.000495775 0
 0.843318 0.132988 0.00938335 0.0141283 0.000182051
 0.564624 0.303363 0.111486 0.0197234 0.00080311
 0.826376 0.0876187 0.0782897 0.00655872 0.00115652
 0.89761 0.0855135 0.0140674 0.00269457 0.000114338
 0.34875 0.467042 0.161289 0.0227151 0.000203297
 0.318654 0.224769 0.449479 0.00709798 0
 0.937255 0.0296025 0.0250945 0.00804832 0
ppred_RECLAS
 0.633434 0.120254 0.229071 0.0172402 7.01442e-07
 0.560096 0.283992 0.0512784 0.0973113 0.0073226
 0.705995 0.171124 0.0795237 0.0142633 0.0290938
 0.821573 0.129303 0.0286745 0.0132357 0.0072135
 0.759297 0.201899 0.0281943 0.00619446 0.0044153
 0.834513 0.126959 0.0323341 0.00450061 0.00169331
 0.565553 0.367105 0.0517333 0.0131004 0.00250874
 0.565992 0.26235 0.145331 0.0202282 0.00609922
 0.663073 0.194023 0.08648 0.0477708 0.00865259
 0.848458 0.105321 0.0267405 0.0117914 0.00768872
 0.945683 0.0474706 0.00478244 0.00119455 0.000869432
 0.709489 0.275281 0.0133147 0.00133782 0.000577285
 0.726137 0.202107 0.068033 0.00325536 0.000467955
 0.924115 0.0583129 0.0130248 0.00431123 0.00023573
 0.817273 0.17176 0.00846526 0.00185517 0.000646974
 0.977478 0.0190577 0.00325944 0.0001581 4.66901e-05
 0.472979 0.516496 0.00891933 0.00151122 9.4901e-05
 0.937563 0.0307725 0.0310356 0.000532691 9.58911e-05
 0.68954 0.292568 0.00884606 0.00886621 0.000179512
 0.793937 0.147066 0.0556257 0.00166706 0.00170387
 0.728891 0.219303 0.0370487 0.0139142 0.000842872
 0.827341 0.128723 0.0355844 0.00597305 0.00237833
 0.393842 0.51167 0.0706115 0.0193399 0.00453663
 0.876552 0.0511606 0.0610817 0.00837465 0.0028308
 0.720232 0.247237 0.0135217 0.0160634 0.00294603
 0.553374 0.327177 0.10562 0.0057492 0.00808041
 0.802211 0.111975 0.0629292 0.0202364 0.00264915
 0.787371 0.172717 0.0226435 0.0126642 0.00460442
 0.445589 0.44125 0.0919884 0.0120127 0.00915933
 0.529975 0.215198 0.202968 0.0421573 0.00970095
 0.910246 0.0492873 0.0185851 0.0174294 0.00445183
pobs_PELACES
 0 0 0 0 0
 0 0 0 0 0
 0 0 0 0 0
 0 0 0 0 0
 0 0 0 0 0
 0 0 0 0 0
 0 0 0 0 0
 0 0 0 0 0
 0 0 0 0 0
 0 0 0 0 0
 0 0 0 0 0
 0 0 0 0 0
 0 0 0 0 0
 0 0 0 0 0
 0 0 0 0 0
 0 0 0 0 0
 0.505614 0.472636 0.0217494 0 0
 0 0 0 0 0
 0.443492 0.261883 0.143347 0.151278 0
 0.227955 0.32914 0.350689 0.0885471 0.00366901
 0.970185 0.0296113 0.000203453 0 0
 0.997202 0.00247181 0.000326279 0 0
 0.445219 0.490057 0.0546422 0.010081 0
 0.90214 0.0892962 0.00764917 0.000914606 0
 0 0 0 0 0
 0.581667 0.319106 0.0959925 0.00289975 0.000334073
 0.762889 0.0836404 0.116647 0.0363945 0.000428098
 0.88444 0.0763242 0.0277011 0.0115352 0
 0.521256 0.241999 0.230069 0.00667565 0
 0.616807 0.101726 0.260614 0.0208532 0
 0.833518 0.0704572 0.0857862 0.0102388 0
ppred_PELACES
 0.548682 0.140323 0.288888 0.022105 9.02382e-07
 0.484102 0.322661 0.0628448 0.121239 0.00915357
 0.637958 0.20342 0.101976 0.0185936 0.0380534
 0.778009 0.157211 0.0375372 0.0176121 0.00963069
 0.697041 0.250626 0.0378366 0.00845177 0.00604444
 0.788258 0.159378 0.0438219 0.00620105 0.00234089
 0.506958 0.411596 0.0623233 0.0160405 0.00308199
 0.481288 0.303414 0.181789 0.0257261 0.00778291
 0.598293 0.223425 0.107171 0.0601748 0.0109356
 0.818774 0.122966 0.0334581 0.0149929 0.00980879
 0.926708 0.0633546 0.00690407 0.00175335 0.00128042
 0.655933 0.324693 0.0169006 0.00172606 0.000747299
 0.681905 0.230351 0.0831192 0.00404182 0.000582937
 0.909576 0.0683025 0.0163284 0.00549204 0.000301291
 0.785251 0.200938 0.0106185 0.00236488 0.000827469
 0.970914 0.0243209 0.00447885 0.000220829 6.54327e-05
 0.404191 0.582957 0.0108632 0.00187113 0.000117895
 0.916163 0.0397195 0.0432275 0.00075427 0.000136232
 0.631236 0.345795 0.0112621 0.0114741 0.000233088
 0.741983 0.180047 0.0734383 0.00223735 0.0022944
 0.667342 0.264833 0.0482737 0.0184308 0.0011202
 0.784958 0.157106 0.0467684 0.00797979 0.00318796
 0.327755 0.560169 0.0833921 0.0232193 0.0054648
 0.835608 0.0649802 0.0837742 0.011677 0.00396027
 0.656197 0.300651 0.017758 0.0214473 0.00394658
 0.474004 0.376955 0.131501 0.00727741 0.0102625
 0.745749 0.13883 0.0842568 0.0275458 0.00361807
 0.73049 0.215333 0.0305046 0.0173454 0.00632747
 0.369611 0.493218 0.111129 0.0147545 0.0112875
 0.448836 0.241464 0.245812 0.0519044 0.0119838
 0.880006 0.0633314 0.0257821 0.0245811 0.00629948
pobs_pel_tallas
 0 0 0 0 0 0 0 0 0 0 0 0 0 0 0 0 0 0 0 0 0 0 0 0 0 0
 0 0 0 0 0 0 0 0 0 0 0 0 0 0 0 0 0 0 0 0 0 0 0 0 0 0
 0 0 0 0 0 0 0 0 0 0 0 0 0 0 0 0 0 0 0 0 0 0 0 0 0 0
 0 0 0 0 0 0 0 0 0 0 0 0 0 0 0 0 0 0 0 0 0 0 0 0 0 0
 0 0 0 0 0 0 0 0 0 0 0 0 0 0 0 0 0 0 0 0 0 0 0 0 0 0
 0 0 0 0 0 0 0 0 0 0 0 0 0 0 0 0 0 0 0 0 0 0 0 0 0 0
 0 0 0 0 0 0 0 0 0 0 0 0 0 0 0 0 0 0 0 0 0 0 0 0 0 0
 0 0 0 0 0 0 0 0 0 0 0 0 0 0 0 0 0 0 0 0 0 0 0 0 0 0
 0 0 0 0 0 0 0 0 0 0 0 0 0 0 0 0 0 0 0 0 0 0 0 0 0 0
 0 0 0 0 0 0 0 0 0 0 0 0 0 0 0 0 0 0 0 0 0 0 0 0 0 0
 0 0 0 0 0 0 0 0 0 0 0 0 0 0 0 0 0 0 0 0 0 0 0 0 0 0
 0 0 0 0 0 0 0 0 0 0 0 0 0 0 0 0 0 0 0 0 0 0 0 0 0 0
 0.00862536 0 0 0.000197151 0.00414017 0.0128641 0.00837892 0.0270097 0.101434 0.158115 0.152841 0.127902 0.109271 0.109419 0.0830992 0.0579132 0.0238553 0.00714673 0.00463305 0.00128148 0.00103504 0.000492878 0.000147863 0.000147863 4.92878e-05 0
 0 0 0 0 0 0 0 0 0 0 0 0 0 0 0 0 0 0 0 0 0 0 0 0 0 0
 0 0 0 0 0 0 0 0.0054083 0.00873648 0.0413646 0.0450493 0.0745869 0.0622846 0.0627006 0.0613931 0.0827291 0.12552 0.122667 0.0946155 0.0697135 0.0546179 0.0294188 0.0215738 0.0213955 0.0102223 0.00600262
 0 0 0 0 0.00359764 0.0251062 0.0480494 0.140153 0.205849 0.193036 0.1447 0.116669 0.0760912 0.0342217 0.00950174 0.001854 0.000860785 0 0 0 0.000165536 0 0.000143464 0 0 0
 0 0 0 0 0 0 0 0.000145254 0.000435761 0.0275982 0.070085 0.0708112 0.156366 0.174668 0.174014 0.160142 0.0824315 0.0480064 0.0283245 0.00493863 0.00203355 0 0 0 0 0
 0 0 0 0 0 0 0 0 0 0 0 0 0 0 0 0 0 0 0 0 0 0 0 0 0 0
 0 0 1.00437e-05 0.000401748 0.00122533 0.00171747 0.00176769 0.0269171 0.070346 0.194647 0.189555 0.159765 0.064822 0.0314167 0.0384472 0.0292271 0.0345202 0.0313363 0.0194345 0.0106764 0.0143323 0.0359363 0.0279516 0.0138201 0.00172751 0
 0 0.0021121 0.0136068 0.0755702 0.200478 0.177729 0.0527432 0.0373336 0.0318909 0.0142505 0.0149659 0.0166563 0.0217959 0.0798694 0.0677717 0.0528807 0.04013 0.0224614 0.0357745 0.0225083 0.00881397 0.00855152 0.00135912 0.000746735 0 0
 0 0 0 0 5.4009e-05 0.00500934 0.000945158 0.0243581 0.138947 0.33067 0.221406 0.137944 0.0707744 0.0437923 0.0131692 0.00525238 0.0047753 0.00276346 9.45158e-05 9.00151e-06 2.25038e-05 9.00151e-06 4.50075e-06 0 0 0
 0.000866109 0.00284123 0.00948549 0.0512746 0.133035 0.25785 0.225252 0.132002 0.0553304 0.0519788 0.0540692 0.017754 0.00435017 0.00159236 0.00146478 0.000404838 0.000125132 0.000115318 0.000107957 0.000100596 0 0 0 0 0 0
 0 0 0 0 0.00144013 0.00171154 0.00461396 0.0210425 0.0478622 0.0707936 0.0888783 0.103762 0.0637923 0.0337046 0.0602308 0.124433 0.169614 0.0934646 0.0462172 0.0250306 0.0313229 0.00938855 0.002487 0.000210481 0 0
 0 0.00764035 0.051015 0.0998891 0.058973 0.0496711 0.0374665 0.0718981 0.12319 0.153886 0.159021 0.0857701 0.0377988 0.023471 0.0147837 0.00900784 0.00315554 0.000888139 0.00291439 0.00214683 0.00393193 0.00274676 0.000635225 9.99891e-05 0 0
 0 0 0 0 0 0 0 0 0 0 0 0 0 0 0 0 0 0 0 0 0 0 0 0 0 0
 0 0 0 0 0 0 0 0 0 0 0 0 0 0 0 0 0 0 0 0 0 0 0 0 0 0
 0 0 0 0 0 0 0 0 0 0 0 0 0 0 0 0 0 0 0 0 0 0 0 0 0 0
 0 0 0 0 0 0 0 0 0 0 0 0 0 0 0 0 0 0 0 0 0 0 0 0 0 0
 0 0 0 0 0 0 0 0 0 0 0 0 0 0 0 0 0 0 0 0 0 0 0 0 0 0
 0 0 0 0 0 0 0 0 0 0 0 0 0 0 0 0 0 0 0 0 0 0 0 0 0 0
 0 0 0 0 0 0 0 0 0 0 0 0 0 0 0 0 0 0 0 0 0 0 0 0 0 0
ppred_pel_tallas
 1.1059e-16 4.51943e-05 0.000439304 0.00291933 0.0132709 0.0412907 0.0879747 0.128405 0.128418 0.088043 0.0415214 0.0139425 0.00462551 0.00423069 0.00744105 0.0127384 0.0195269 0.0270098 0.0343131 0.0408897 0.0465824 0.0512244 0.054206 0.0545354 0.051434 0.0449724
 1.15604e-16 3.98749e-05 0.000387598 0.00257573 0.0117089 0.0364309 0.0776211 0.113297 0.113328 0.0777734 0.0369426 0.0131878 0.00629173 0.00851311 0.0155133 0.025699 0.0373059 0.0475693 0.0537474 0.0547079 0.0516411 0.0472106 0.0438041 0.0422396 0.0417207 0.0407435
 1.113e-16 5.25478e-05 0.000510783 0.00339433 0.0154302 0.0480091 0.102289 0.149298 0.149318 0.102386 0.0483333 0.0163684 0.00575565 0.00568616 0.00994255 0.0165152 0.0241679 0.0312063 0.0359379 0.0376047 0.036796 0.0349327 0.033255 0.0321337 0.0311298 0.0295471
 1.0452e-16 6.40836e-05 0.000622915 0.00413949 0.0188175 0.0585484 0.124744 0.182071 0.182086 0.124818 0.0587976 0.0195378 0.00594894 0.0045781 0.00759108 0.0124894 0.0180843 0.0229564 0.0257086 0.0257138 0.0234805 0.0202784 0.0173308 0.0152087 0.0137848 0.0125989
 1.03027e-16 5.74144e-05 0.000558089 0.0037087 0.0168592 0.0524554 0.111763 0.163126 0.16315 0.111881 0.0528518 0.0180043 0.00658314 0.00683381 0.0119785 0.0197181 0.0284138 0.035763 0.0394567 0.0384309 0.0334926 0.0267585 0.0203744 0.0155159 0.0122464 0.0100202
 1.02324e-16 6.49278e-05 0.000631122 0.00419403 0.0190654 0.0593198 0.126388 0.18447 0.184485 0.126463 0.0595725 0.0197958 0.00602898 0.00464212 0.00769801 0.0126638 0.0183299 0.0232442 0.0259651 0.0258153 0.0232594 0.0195412 0.0158929 0.0129465 0.0106939 0.00883011
 1.04034e-16 4.17575e-05 0.000405898 0.00269734 0.0122617 0.038151 0.0812862 0.118648 0.118688 0.0814801 0.038802 0.0141422 0.00741786 0.010712 0.0196182 0.0323755 0.0466542 0.0587107 0.0647491 0.0630112 0.0548085 0.0436035 0.0329139 0.0246787 0.0190291 0.0151138
 1.09221e-16 3.96431e-05 0.000385345 0.00256075 0.0116408 0.0362191 0.0771697 0.112638 0.112667 0.0773138 0.0367035 0.0130428 0.00609054 0.00812619 0.0148444 0.0247479 0.0362755 0.04693 0.0541472 0.0566828 0.0552209 0.0516415 0.0476056 0.0436546 0.0393872 0.0342654
 1.11036e-16 4.92806e-05 0.000479025 0.00318329 0.0144708 0.0450241 0.0959295 0.140016 0.140038 0.0960355 0.0453803 0.0155014 0.00577714 0.00616451 0.0109157 0.0181501 0.0265749 0.0343467 0.0396226 0.0415832 0.0408757 0.039031 0.0373429 0.0361228 0.034801 0.0325838
 1.04161e-16 6.74414e-05 0.000655554 0.00435639 0.0198035 0.0616162 0.13128 0.19161 0.191622 0.131338 0.0618113 0.0203674 0.00577338 0.00375409 0.00596775 0.00980095 0.0142124 0.0180894 0.0203503 0.0205126 0.0189719 0.0167052 0.014639 0.0131822 0.0122006 0.0113124
 1.00609e-16 7.63317e-05 0.000741971 0.00493066 0.0224141 0.0697385 0.148586 0.216866 0.216872 0.148615 0.0698386 0.0227032 0.00565628 0.00232551 0.00308232 0.00497112 0.00714494 0.0089667 0.009844 0.00950609 0.008162 0.00635966 0.00466007 0.00337886 0.00254349 0.00201632
 1.00871e-16 5.40284e-05 0.000525175 0.00348997 0.0158649 0.0493619 0.105172 0.153508 0.153539 0.105324 0.0498743 0.0173444 0.00720122 0.00861894 0.0154022 0.0253159 0.0363184 0.045365 0.0493897 0.0469759 0.0392119 0.0289878 0.0193195 0.0119905 0.0072825 0.00456245
 1.02962e-16 5.61676e-05 0.000545969 0.00362816 0.0164931 0.0513163 0.109336 0.159583 0.159605 0.109444 0.0516821 0.0175508 0.00628668 0.00636146 0.0111355 0.01841 0.0267216 0.0340282 0.0382632 0.0384331 0.0351474 0.030099 0.0249507 0.0205363 0.0168471 0.0135385
 1.01091e-16 7.49206e-05 0.000728255 0.00483951 0.0219997 0.0684493 0.145839 0.212857 0.212864 0.145871 0.0685575 0.0223125 0.00562524 0.00244538 0.00334156 0.00542013 0.00783459 0.00992363 0.011067 0.0109786 0.0098662 0.00827399 0.00673905 0.00553315 0.00464234 0.00391696
 1.00736e-16 6.46801e-05 0.000628714 0.00417802 0.0189927 0.0590935 0.125906 0.183767 0.183786 0.126 0.0594106 0.0199083 0.00647495 0.00563818 0.00956461 0.0156732 0.0224855 0.0280947 0.0306047 0.0291424 0.0243839 0.0181178 0.012206 0.00774303 0.00489081 0.00324495
 1.00169e-16 7.99729e-05 0.000777365 0.00516586 0.0234833 0.0730652 0.155673 0.22721 0.227212 0.155685 0.0731037 0.0235945 0.00544501 0.00138693 0.00123821 0.00192181 0.00276368 0.00348103 0.00384449 0.0037482 0.00326627 0.00259905 0.001951 0.0014364 0.00106714 0.000800737
 1.00671e-16 3.32928e-05 0.000323618 0.00215056 0.00977616 0.0304176 0.0648099 0.0946037 0.0946598 0.0650838 0.0313369 0.0124301 0.00880664 0.0148348 0.0275363 0.0453226 0.0649384 0.0809301 0.0877639 0.0828899 0.068303 0.0492872 0.0313895 0.0179362 0.00950164 0.00493449
 1.01357e-16 7.54631e-05 0.000733528 0.00487455 0.022159 0.0689449 0.146895 0.214398 0.214402 0.146914 0.0690089 0.0223446 0.00534326 0.00176582 0.00206249 0.00335909 0.00499085 0.00660541 0.00788503 0.00866049 0.00896917 0.00895766 0.00872185 0.00823618 0.00742238 0.00627153
 1.01604e-16 5.19941e-05 0.000505402 0.00335857 0.0152676 0.0475034 0.101212 0.147729 0.147762 0.101375 0.048049 0.0168427 0.00730947 0.00912093 0.0163872 0.0269379 0.0386343 0.0482384 0.0524921 0.0499057 0.0416684 0.0308914 0.0208067 0.0133015 0.00862483 0.00602417
 1.02779e-16 6.11162e-05 0.000594071 0.00394781 0.0179462 0.0558374 0.118968 0.173641 0.173658 0.119053 0.0561236 0.0187739 0.00602879 0.00514826 0.00874353 0.014444 0.0209997 0.0268167 0.0302925 0.0306533 0.0283587 0.0246926 0.0209011 0.0175858 0.0147125 0.0120176
 1.03499e-16 5.49682e-05 0.00053431 0.00355068 0.0161409 0.0502204 0.107001 0.156176 0.156202 0.107126 0.0506396 0.017352 0.00659162 0.00717604 0.0126787 0.0208997 0.0301635 0.0380634 0.0421812 0.0414011 0.0365589 0.0298404 0.0234345 0.0184986 0.0150404 0.0124743
 1.0273e-16 6.46559e-05 0.000628479 0.00417646 0.0189856 0.0590713 0.125858 0.183697 0.183712 0.125933 0.0593206 0.019706 0.00598676 0.00458664 0.00760033 0.0125106 0.0181278 0.02303 0.025806 0.0257948 0.023451 0.0199843 0.0165812 0.0138308 0.0116958 0.00986055
 1.05804e-16 2.69969e-05 0.000262419 0.00174387 0.00792742 0.0246654 0.0525543 0.0767158 0.0767698 0.0528181 0.0255514 0.0104865 0.00816803 0.0142878 0.0266679 0.0440555 0.0634866 0.0798905 0.0881059 0.0857454 0.0746028 0.0594002 0.0449308 0.0338302 0.0262621 0.0210441
 1.04276e-16 6.8828e-05 0.000669032 0.00444596 0.0202107 0.0628829 0.133979 0.195548 0.195554 0.13401 0.0629882 0.0205162 0.00521858 0.00237476 0.00336428 0.00559906 0.00840003 0.0112757 0.0137544 0.015591 0.0168425 0.0176906 0.0181791 0.0181208 0.0172504 0.0154664
 1.03409e-16 5.40502e-05 0.000525387 0.00349138 0.0158713 0.0493818 0.105214 0.153569 0.153598 0.105356 0.0498565 0.0172421 0.0069306 0.00802818 0.0142887 0.0234997 0.0337635 0.0422912 0.046289 0.0444949 0.0379523 0.0293338 0.0213673 0.0155726 0.0120342 0.00999452
 1.06358e-16 3.90431e-05 0.000379513 0.002522 0.0114647 0.035671 0.0760023 0.110935 0.110972 0.0761805 0.0362696 0.0131951 0.00687146 0.00989334 0.0181628 0.0301084 0.043701 0.0556436 0.0625679 0.0628703 0.0575833 0.0495168 0.0414199 0.0346513 0.029143 0.0242362
 1.05842e-16 6.14264e-05 0.000597087 0.00396785 0.0180373 0.0561207 0.119572 0.174521 0.174535 0.119638 0.0563426 0.0186793 0.00558479 0.00414458 0.00685092 0.0113658 0.0166892 0.0216666 0.0251532 0.0266133 0.0263831 0.0253188 0.0241328 0.0229796 0.0215532 0.0194927
 1.03746e-16 6.01695e-05 0.000584869 0.00388666 0.0176682 0.0549725 0.117125 0.170952 0.170973 0.117227 0.0553131 0.0186521 0.00635662 0.00597786 0.0103058 0.0169518 0.0244385 0.0307896 0.0340385 0.0332947 0.0292757 0.0238128 0.0187371 0.0150115 0.0126121 0.0109822
 1.06723e-16 3.04445e-05 0.000295931 0.00196657 0.00893976 0.0278152 0.0592649 0.0865089 0.0865565 0.0594976 0.0285965 0.0111972 0.00763618 0.012683 0.0235857 0.0390219 0.0563912 0.0712908 0.0792317 0.0781172 0.069445 0.0571944 0.0453515 0.0360276 0.0292689 0.0240855
 1.14389e-16 3.69701e-05 0.000359362 0.00238809 0.0108559 0.0337769 0.0719662 0.105042 0.105065 0.0720818 0.034166 0.011984 0.00523644 0.00663287 0.0121147 0.0203968 0.0303787 0.040299 0.0483335 0.0535791 0.0564082 0.0578211 0.0583915 0.057768 0.0550906 0.0498273
 1.04292e-16 7.24849e-05 0.000704579 0.00468218 0.0212845 0.066224 0.141098 0.205937 0.205943 0.141128 0.0663249 0.0215764 0.00541666 0.00231416 0.00314803 0.00513986 0.00751876 0.00972048 0.0112317 0.0118429 0.0117685 0.0114722 0.0113315 0.0114102 0.0114816 0.0112288
pSPR Fmed_Fpbrs
0.437844   0.6 0.325
Fs Fmed_Fpbrs
0.525036   0.304687 0.757042
SSBpbr Bo_Bmed_Bpbrs
1.30374e+06  505648  717057 358528
Ro
115544
SPR SPRFo_SPRFmed_SPRFpbrs
824706 361093 268029
Fref
0.304687
Nvult_r0
 154243 9317.95 3542.78 3323.97 849.027
CTP_r0
 33875 2708.6 1047.68 983.869 251.318
YTP_r0
391292
Np
 147076 44124.5 16205.8 816.95 389.492
Nvult_p0
 102951 32062.6 11808 595.341 283.839
CTP_p0
 17438.8 9863.51 511.72 192.206 223.757
 17438.8 7341.35 2754.67 139.024 66.2855
YTP_p0
 310229 315697
CBA_c0
311869
log_Ro
11.4774
likeval ReclasPelacesDesembMPH_pf_preclas_ppelaces_ptallas_desvR_qrecl_qpela
 30.7504 28.7199 0.0385542 58.2253 251.088 119.028 102.285 0 26.2188 1.76519e-05 5.82701e-05 0.109769 1.40602e-15 0 0
q_reclas_q_pelaces
1.81368 2.96244
M
1
N
 160375 31808.7 60800.7 4576.8 0.186215
 88577.3 48697.1 8848.94 16798.4 1264.09
 87061.6 22855 10687.8 1917.59 3911.52
 127657 22575.8 5052.52 2333.31 1271.7
 101976 28167.9 3945.3 866.945 617.948
 195688 31748.2 8126.58 1131.45 425.705
 71563.3 54305.9 7747.38 1963.17 375.962
 27809 13273.2 7369.77 1025.9 309.333
 27116.4 8997.42 4050.11 2238.44 405.453
 37668.1 5749.01 1483.52 654.737 426.95
 108587 5601.15 565.498 141.266 102.818
 80542.9 35454.1 1731.91 174.11 75.1327
 50029.8 17039.1 5827.31 279.074 40.1184
 95499.5 7597.01 1728.02 572.539 31.307
 49722.7 12724.8 636.923 139.699 48.7209
 352441 7713.2 1331.21 64.6024 19.0789
 66456.1 78123.1 1356.94 229.98 14.4425
 500898 17695.5 17950.2 308.192 55.4793
 282318 133467 4069.9 4081.05 82.6299
 320176 64644.5 24616.8 738.016 754.328
 248760 80735.4 13720.7 5154.67 312.257
 376620 65651.2 18311.4 3075.16 1224.49
 59824.7 84173.9 11689.1 3202.65 751.267
 250230 15515.5 18612.5 2552.53 862.817
 194149 70612.7 3879.48 4609.84 845.455
 89533.6 55433.3 17960 977.806 1374.31
 181754 26910.3 15193.6 4887.11 639.778
 224472 51635.6 6794.82 3801.02 1381.98
 64842.9 67053.3 14026.4 1832.04 1396.88
 45348.9 19729.4 18709.2 3887.12 894.492
 213527 12328.4 4672.25 4382.91 1119.5
pred_Ctot
 17980.5 5014.6 9794.27 738.115 0.0300334
 17208.2 12945.8 2398.76 4558.43 343.043
 16709.2 6007.16 2864.65 514.509 1049.55
 33653.1 7950.05 1811 837.128 456.273
 10044.7 3918.51 561.004 123.42 87.9776
 31089.8 6984.75 1824.75 254.333 95.6975
 23693.1 23435.7 3396.94 861.505 164.992
 2140.88 1453.06 825.104 114.996 34.676
 7591.84 3345.35 1532.1 847.547 153.526
 15241.3 2948.35 771.452 340.724 222.193
 7795.81 572.755 59.1462 14.793 10.7675
 22620.2 13219.3 656.981 66.107 28.5282
 19920.4 8620.72 2990.01 143.3 20.601
 41707 4152.31 956.845 317.246 17.3479
 19466.5 6346.51 322.224 70.7282 24.6678
 92240.4 2698.41 474.054 23.0271 6.80088
 11910.9 19258 341.215 57.892 3.63574
 89610.8 4354.57 4506.01 77.4466 13.9424
 70011 44457.9 1380.46 1385.57 28.0554
 65642.7 18069.6 7014.55 210.512 215.177
 45653.7 20349.4 3527.4 1326.59 80.3658
 97267.6 22692.3 6443.25 1083.08 431.29
 11477.3 22116 3131.91 858.988 201.51
 37646.6 3241.47 3969.5 544.978 184.226
 28048.1 14193.8 796.178 947.116 173.713
 10528.6 9149.9 3028.76 165.085 232.04
 26722.4 5500.35 3170.49 1020.93 133.659
 27133.7 8751.67 1176.52 658.892 239.575
 7198.49 10470.8 2238.15 292.67 223.167
 7668.48 4604.2 4454.98 926.58 213.234
 33875 2708.6 1047.68 983.869 251.318
F
 0.191898 0.279441 0.286315 0.286687 0.286706
 0.354706 0.516519 0.529226 0.529912 0.529949
 0.349737 0.509283 0.521812 0.522489 0.522524
 0.511165 0.744355 0.762666 0.763655 0.763707
 0.166902 0.243042 0.249021 0.249344 0.249361
 0.281886 0.410481 0.420579 0.421124 0.421153
 0.684833 0.997247 1.02178 1.02311 1.02317
 0.128422 0.187007 0.191607 0.191856 0.191869
 0.55111 0.802522 0.822265 0.823331 0.823387
 0.90584 1.31908 1.35153 1.35328 1.35337
 0.119316 0.173747 0.178021 0.178252 0.178264
 0.553281 0.805682 0.825503 0.826573 0.826629
 0.884864 1.28853 1.32023 1.32194 1.32203
 1.01557 1.47886 1.51524 1.51721 1.51731
 0.863528 1.25746 1.2884 1.29007 1.29016
 0.506598 0.737704 0.755852 0.756832 0.756884
 0.323229 0.470684 0.482263 0.482888 0.482921
 0.322549 0.469694 0.481249 0.481872 0.481905
 0.47413 0.690424 0.707409 0.708326 0.708374
 0.377695 0.549996 0.563527 0.564257 0.564296
 0.332135 0.483652 0.49555 0.496192 0.496226
 0.498352 0.725696 0.743548 0.744512 0.744563
 0.349578 0.509053 0.521576 0.522252 0.522288
 0.265171 0.38614 0.395639 0.396152 0.396179
 0.253445 0.369064 0.378144 0.378634 0.37866
 0.202106 0.294305 0.301545 0.301936 0.301957
 0.258446 0.376347 0.385606 0.386106 0.386132
 0.208264 0.303272 0.310732 0.311135 0.311156
 0.189858 0.27647 0.283271 0.283639 0.283658
 0.30248 0.440469 0.451304 0.45189 0.45192
 0.281428 0.409813 0.419895 0.420439 0.420468
YTP_r0W_actual
 281162 38191.2 28916 33648.3 9374.15
YTP_p0W_proyectada
 130617 154561 11836.1 5645.1 7569.69
 130617 115039 63715.5 4083.13 2242.44
CTP_r0_actual
 33875 2708.6 1047.68 983.869 251.318
CTP_p0_proyectada
 17438.8 9863.51 511.72 192.206 223.757
 17438.8 7341.35 2754.67 139.024 66.2855
Wmedp
 7.49 15.67 23.13 29.37 33.83
Frms_r0
 0.281428 0.409813 0.419895 0.420439 0.420468
Zrms_r0
 1.28143 1.40981 1.41989 1.42044 1.42047
nmprior
 8.19 8.8 8.5 0
nm_flota  nm_reclas  nm_pelaces    nm_pelaL
inf 18.2172 12.5434 26.7881
cv_recla  cv_pelaces  cv_mph
0.250796 0.506387 0.706452
 ------------------------------------------------
Talla a la edad & desviaci?n 
 8 13.2811 15.8009 17.003 17.5766
 0.8 1.32811 1.58009 1.7003 1.75766
