years
 1991 1992 1993 1994 1995 1996 1997 1998 1999 2000 2001 2002 2003 2004 2005 2006 2007 2008 2009 2010 2011 2012 2013 2014 2015 2016 2017 2018 2019 2020 2021
reclasobs
 0 0 0 0 0 0 0 0 0 252601 567819 844713 477998 351125 339783 2.1784e+06 2.13404e+06 4.81314e+06 1.55562e+06 2.62356e+06 3.21686e+06 3.843e+06 1.13348e+06 3.07943e+06 1.97215e+06 2.03268e+06 2.025e+06 2.42433e+06 2.27542e+06 1.05018e+06 2.36338e+06
reclaspred
 2332.17 4007.1 3595.88 2505.61 1383.19 675.533 359.464 278.038 2866.69 10589.2 15148.1 25473.6 35155.1 39938.3 37862.3 43339.7 44944.8 52894.4 46117.8 39246.7 57054.1 33473.5 27093.3 464904 3.57748e+08 2.09563e+09 4.09615e+09 4.12208e+09 5.88643e+09 6.35071e+09 6.5621e+09
pelacesobs
 0 0 0 0 0 0 0 0 0 0 0 0 0 0 0 552880 188675 0 991730 2.46772e+06 1.41603e+06 1.21717e+06 2.29649e+06 1.80582e+06 0 1.4828e+06 1.56532e+06 1.57751e+06 1.42118e+06 867257 1.10002e+06
pelacespred
 287.918 627.124 624.699 440.211 249.408 122.961 65.6766 47.8572 426.577 1577.6 2710.49 3813.95 5585.81 6939.5 6723.7 6871.12 7211.06 8138.53 8656.86 7051.8 7643.57 7002.36 4638.09 76678.7 4.40599e+07 2.7762e+08 6.77772e+08 7.93937e+08 8.90018e+08 1.05627e+09 1.1202e+09
mphobs
 0 0 0 0 0 0 0 0 0 0 0 498337 0 5186 125008 0 168611 109162 213762 579715 649985 157893 87575 83554 0 0 0 0 0 0 0
mphpred
 12433.8 17643.9 12916.9 7848.99 4326.92 2128.19 1281.68 967.598 992.728 56841.7 79624.6 88615.1 148226 167243 147626 164933 159420 201988 222038 150551 179386 147726 94056.9 94299.4 8.43244e+06 8.96887e+09 1.921e+10 2.0054e+10 2.43881e+10 2.45051e+10 2.56589e+10
desembarqueobs
 0.171 0.171 0.171 0.171 0.171 0.171 0.002 0.002 0.002 0.002 0.186 0.186 0.186 0.313 0.313 0.313 0.313 0.313 0.313 0.391 0.391 0.391 0.195 0.195 0.195 300574 407403 355545 319650 289779 219260
desembarquepred
 0.171675 0.162205 0.163583 0.172378 0.173524 0.176603 0.00303356 0.00222123 0.00216448 0.00258678 0.18666 0.195519 0.213833 0.334873 0.326567 0.353049 0.354157 0.348401 0.356832 0.392466 0.466007 0.392521 0.230589 0.213248 0.261826 263469 409040 356971 320863 290846 220033
Reclutas
 4.56977 1.31807 0.504257 0.198635 0.103939 0.200494 0.177759 0.157098 18.3388 29.2756 22.8728 58.163 49.9343 30.8892 32.8844 37.861 41.1557 65.1016 28.9965 42.9237 20.1209 21.0682 18.0434 3461.55 5.37108e+06 5.37108e+06 5.37108e+06 5.37108e+06 5.37108e+06 5.37108e+06 5.37108e+06
log_desv_Rt
 -3.66054 -4.90384 -5.86467 -6.79628 -7.44396 -6.78697 -6.90733 -7.03088 -2.27098 -1.80325 -2.05005 -1.11675 -1.26929 -1.74959 -1.687 -1.54608 -1.46264 -1.00405 -1.81282 -1.42058 -2.17824 -2.13224 -2.28722 2.96947 10.3165 10.3165 10.3165 10.3165 10.3165 10.3165 10.3165
SSB
 19.8018 28.0993 20.5711 12.5001 6.89095 3.38931 2.04117 1.54098 1.581 90.5248 126.808 141.126 236.061 266.347 235.107 262.668 253.889 321.681 353.613 239.764 285.686 235.265 149.793 150.179 13429.3 1.42836e+07 3.05933e+07 3.19375e+07 3.884e+07 3.90262e+07 4.08638e+07
BT
 34.2392 36.8287 24.981 15.3211 8.38416 4.89949 2.85819 3.26984 133.895 237.973 228.911 345.954 471.808 507.232 496.293 421.892 466.753 644.483 522.343 397.347 433.922 328.858 267.854 25099.4 1.50548e+07 4.90305e+07 7.30457e+07 7.08688e+07 6.17543e+07 7.21801e+07 8.07633e+07
Ftot
 1.89569 0.0106072 0.010241 0.0167498 0.0314657 0.0675973 0.00247875 0.00247875 0.00247875 0.00247875 0.004643 0.00247875 0.00247875 0.00247875 0.00247875 0.00247875 0.00247875 0.00247875 0.00247875 0.00262484 0.00247875 0.00309711 0.00247875 0.00247875 0.00247875 4.95303 0.0394483 0.0312884 0.0193995 0.0143915 0.0101761
BD_Bspro_t
 0.998536 0.995362 0.992031 0.98551 0.973668 0.949046 0.934644 0.964644 0.98583 0.999888 0.999658 0.999032 0.999188 0.999078 0.998802 0.998632 0.998314 0.998859 0.998947 0.9985 0.998412 0.997896 0.997479 0.997988 0.999981 0.997497 0.992449 0.988866 0.989764 0.989785 0.991654
BD_Bspro
 0.0156137 0.0221563 0.0162203 0.00985633 0.00543351 0.00267247 0.00160946 0.00121506 0.00124661 0.0713787 0.0999882 0.111278 0.186134 0.210014 0.185381 0.207113 0.200192 0.253645 0.278824 0.189054 0.225263 0.185506 0.118112 0.118416 10.589 11262.6 24122.8 25182.7 30625.3 30772.1 32221.1
BD_Bo
 2.96795e-06 4.2116e-06 3.08325e-06 1.87355e-06 1.03283e-06 5.07999e-07 3.05936e-07 2.30965e-07 2.36964e-07 1.35681e-05 1.90063e-05 2.11524e-05 3.53814e-05 3.99207e-05 3.52384e-05 3.93693e-05 3.80536e-05 4.82143e-05 5.30005e-05 3.59365e-05 4.28193e-05 3.52621e-05 2.24513e-05 2.25092e-05 0.00201282 2.14087 4.58541 4.78688 5.82144 5.84935 6.12477
BD_Brms
 4.93676e-06 7.0054e-06 5.12855e-06 3.11638e-06 1.71797e-06 8.44983e-07 5.08881e-07 3.84178e-07 3.94155e-07 2.25686e-05 3.16143e-05 3.5184e-05 5.8852e-05 6.64024e-05 5.8614e-05 6.54853e-05 6.32967e-05 8.01976e-05 8.81587e-05 5.97752e-05 7.12238e-05 5.86535e-05 3.73446e-05 3.74409e-05 0.00334804 3.56102 7.62717 7.96229 9.68313 9.72956 10.1877
Sel_flota
 2.21865e-08 0.00280206 0.997198 1 1
 2.21865e-08 0.00280206 0.997198 1 1
 2.21865e-08 0.00280206 0.997198 1 1
 2.21865e-08 0.00280206 0.997198 1 1
 2.21865e-08 0.00280206 0.997198 1 1
 2.21865e-08 0.00280206 0.997198 1 1
 2.21865e-08 0.00280206 0.997198 1 1
 2.21865e-08 0.00280206 0.997198 1 1
 2.21865e-08 0.00280206 0.997198 1 1
 2.21865e-08 0.00280206 0.997198 1 1
 2.21865e-08 0.00280206 0.997198 1 1
 2.21865e-08 0.00280206 0.997198 1 1
 2.21865e-08 0.00280206 0.997198 1 1
 2.21865e-08 0.00280206 0.997198 1 1
 2.21865e-08 0.00280206 0.997198 1 1
 2.21865e-08 0.00280206 0.997198 1 1
 2.21865e-08 0.00280206 0.997198 1 1
 2.21865e-08 0.00280206 0.997198 1 1
 2.21865e-08 0.00280206 0.997198 1 1
 2.21865e-08 0.00280206 0.997198 1 1
 2.21865e-08 0.00280206 0.997198 1 1
 2.21865e-08 0.00280206 0.997198 1 1
 2.21865e-08 0.00280206 0.997198 1 1
 2.21865e-08 0.00280206 0.997198 1 1
 2.21865e-08 0.00280206 0.997198 1 1
 2.21865e-08 0.00280206 0.997198 1 1
 2.21865e-08 0.00280206 0.997198 1 1
 2.21865e-08 0.00280206 0.997198 1 1
 2.21865e-08 0.00280206 0.997198 1 1
 2.21865e-08 0.00280206 0.997198 1 1
 2.21865e-08 0.00280206 0.997198 1 1
Sel_reclas
 0.0813672 0.308323 0.691677 0.918633 0.982704
 0.0813672 0.308323 0.691677 0.918633 0.982704
 0.0813672 0.308323 0.691677 0.918633 0.982704
 0.0813672 0.308323 0.691677 0.918633 0.982704
 0.0813672 0.308323 0.691677 0.918633 0.982704
 0.0813672 0.308323 0.691677 0.918633 0.982704
 0.0813672 0.308323 0.691677 0.918633 0.982704
 0.0813672 0.308323 0.691677 0.918633 0.982704
 0.0813672 0.308323 0.691677 0.918633 0.982704
 0.0813672 0.308323 0.691677 0.918633 0.982704
 0.0813672 0.308323 0.691677 0.918633 0.982704
 0.0813672 0.308323 0.691677 0.918633 0.982704
 0.0813672 0.308323 0.691677 0.918633 0.982704
 0.0813672 0.308323 0.691677 0.918633 0.982704
 0.0813672 0.308323 0.691677 0.918633 0.982704
 0.0813672 0.308323 0.691677 0.918633 0.982704
 0.0813672 0.308323 0.691677 0.918633 0.982704
 0.0813672 0.308323 0.691677 0.918633 0.982704
 0.0813672 0.308323 0.691677 0.918633 0.982704
 0.0813672 0.308323 0.691677 0.918633 0.982704
 0.0813672 0.308323 0.691677 0.918633 0.982704
 0.0813672 0.308323 0.691677 0.918633 0.982704
 0.0813672 0.308323 0.691677 0.918633 0.982704
 0.0813672 0.308323 0.691677 0.918633 0.982704
 0.0813672 0.308323 0.691677 0.918633 0.982704
 0.0813672 0.308323 0.691677 0.918633 0.982704
 0.0813672 0.308323 0.691677 0.918633 0.982704
 0.0813672 0.308323 0.691677 0.918633 0.982704
 0.0813672 0.308323 0.691677 0.918633 0.982704
 0.0813672 0.308323 0.691677 0.918633 0.982704
 0.0813672 0.308323 0.691677 0.918633 0.982704
Sel_pelaces
 0.0813673 0.308323 0.691677 0.918633 0.982704
 0.0813673 0.308323 0.691677 0.918633 0.982704
 0.0813673 0.308323 0.691677 0.918633 0.982704
 0.0813673 0.308323 0.691677 0.918633 0.982704
 0.0813673 0.308323 0.691677 0.918633 0.982704
 0.0813673 0.308323 0.691677 0.918633 0.982704
 0.0813673 0.308323 0.691677 0.918633 0.982704
 0.0813673 0.308323 0.691677 0.918633 0.982704
 0.0813673 0.308323 0.691677 0.918633 0.982704
 0.0813673 0.308323 0.691677 0.918633 0.982704
 0.0813673 0.308323 0.691677 0.918633 0.982704
 0.0813673 0.308323 0.691677 0.918633 0.982704
 0.0813673 0.308323 0.691677 0.918633 0.982704
 0.0813673 0.308323 0.691677 0.918633 0.982704
 0.0813673 0.308323 0.691677 0.918633 0.982704
 0.0813673 0.308323 0.691677 0.918633 0.982704
 0.0813673 0.308323 0.691677 0.918633 0.982704
 0.0813673 0.308323 0.691677 0.918633 0.982704
 0.0813673 0.308323 0.691677 0.918633 0.982704
 0.0813673 0.308323 0.691677 0.918633 0.982704
 0.0813673 0.308323 0.691677 0.918633 0.982704
 0.0813673 0.308323 0.691677 0.918633 0.982704
 0.0813673 0.308323 0.691677 0.918633 0.982704
 0.0813673 0.308323 0.691677 0.918633 0.982704
 0.0813673 0.308323 0.691677 0.918633 0.982704
 0.0813673 0.308323 0.691677 0.918633 0.982704
 0.0813673 0.308323 0.691677 0.918633 0.982704
 0.0813673 0.308323 0.691677 0.918633 0.982704
 0.0813673 0.308323 0.691677 0.918633 0.982704
 0.0813673 0.308323 0.691677 0.918633 0.982704
 0.0813673 0.308323 0.691677 0.918633 0.982704
pf_obs 
 0.8446 0.082 0.0669 0.0065 0
 0.8095 0.147 0.0364 0.0071 0
 0.9664 0.0169 0.016 0.0007 0
 0.9276 0.0648 0.0075 0.0001 0
 0.7033 0.2144 0.0806 0.0017 0
 0.9318 0.0425 0.0243 0.0014 0
 0.5671 0.3108 0.0964 0.0239 0.0018
 0.0768 0.2599 0.5324 0.112 0.0189
 0.490249 0.384438 0.106611 0.0170017 0.00170017
 0.7925 0.1577 0.0466 0.003 0.0002
 0.840416 0.127587 0.0312969 0.00059994 9.999e-05
 0.8084 0.0986 0.0794 0.0134 0.0002
 0.7335 0.1905 0.0724 0.0035 0.0001
 0.4001 0.4547 0.1325 0.0127 0
 0.49795 0.308269 0.164784 0.0264974 0.00249975
 0.9179 0.0499 0.0305 0.0017 0
 0.2467 0.6533 0.0926 0.0074 0
 0.9418 0.0223 0.034 0.0019 0
 0.707729 0.231977 0.0356964 0.0245975 0
 0.517169 0.277429 0.184464 0.0207286 0.00020938
 0.811772 0.124168 0.05621 0.00726502 0.000585176
 0.764997 0.148141 0.077277 0.00933861 0.000247198
 0.163321 0.427699 0.378323 0.0303852 0.000271297
 0.753843 0.0900009 0.118128 0.0371064 0.000921714
 0.721811 0.176058 0.0630433 0.0369309 0.00215725
 0.143369 0.312575 0.442814 0.0836902 0.0175525
 0.692698 0.0596174 0.167031 0.0765114 0.00414204
 0.394062 0.376323 0.152708 0.0712218 0.00568511
 0.125707 0.32114 0.495352 0.0537591 0.00404204
 0.23352 0.215282 0.420074 0.123614 0.00750983
 0.796117 0.104755 0.0508955 0.0450114 0.00322123
pf_pred 
 1.26008e-05 0.867459 0.0837343 0.0308436 0.0179503
 3.2073e-08 0.00516638 0.994708 7.92866e-05 4.58985e-05
 1.1819e-08 0.00143534 0.648726 0.349794 4.38979e-05
 8.45805e-09 0.000997589 0.339012 0.429193 0.230798
 9.05355e-09 0.000803855 0.263693 0.250061 0.485443
 3.84734e-08 0.000926608 0.225435 0.204597 0.569041
 7.16422e-08 0.00375434 0.2545 0.167749 0.573996
 7.3606e-08 0.0038696 0.570815 0.108878 0.316437
 9.81252e-06 0.00390548 0.577953 0.23989 0.178241
 1.17528e-05 0.342058 0.38323 0.159576 0.115125
 2.01884e-07 0.0120055 0.982682 0.00309786 0.00221433
 2.64263e-07 0.0048284 0.80825 0.18592 0.00100222
 2.24676e-07 0.012159 0.625359 0.294552 0.0679292
 7.07725e-08 0.00531558 0.809762 0.117187 0.0677354
 7.07892e-08 0.00308942 0.653173 0.279979 0.0637584
 1.0532e-07 0.00425015 0.522131 0.310614 0.163004
 1.23541e-07 0.00528041 0.599825 0.207343 0.187551
 1.84015e-07 0.00540487 0.650288 0.207852 0.136455
 7.58138e-08 0.00790838 0.65386 0.221358 0.116873
 8.00209e-08 0.00251157 0.737435 0.171558 0.0884953
 5.36653e-08 0.00531909 0.469942 0.388219 0.13652
 5.28427e-08 0.00234476 0.654027 0.16259 0.181039
 6.69697e-08 0.00363313 0.453795 0.356035 0.186537
 1.52156e-05 0.00368493 0.562727 0.197773 0.2358
 0.014955 0.447806 0.305278 0.131176 0.100786
 2.11689e-05 0.977858 0.0220464 4.21927e-05 3.19696e-05
 1.68125e-07 0.007811 0.992187 1.71271e-06 5.67912e-09
 1.22697e-07 0.00570048 0.736616 0.257683 4.45007e-07
 1.11239e-07 0.00516822 0.671145 0.239977 0.0837095
 1.07154e-07 0.00497847 0.647869 0.234416 0.112736
 1.05455e-07 0.00489955 0.638723 0.23227 0.124107
pobs_RECLAS
 0 0 0 0 0
 0 0 0 0 0
 0 0 0 0 0
 0 0 0 0 0
 0 0 0 0 0
 0 0 0 0 0
 0 0 0 0 0
 0 0 0 0 0
 0 0 0 0 0
 0 0 0 0 0
 0.991045 0.00858322 0.000360255 1.14367e-05 0
 0.934742 0.0480273 0.0164251 0.00080598 0
 0.827803 0.169806 0.00239088 0 0
 0.941827 0.0461693 0.0120037 0 0
 0.791401 0.0380133 0.147996 0.0225897 0
 0.846168 0.0940531 0.0597789 0 0
 0.134021 0.677848 0.182769 0.00536245 0
 0.80878 0.0450904 0.141981 0.00414843 0
 0.846168 0.0940531 0.0597789 0 0
 0.905697 0.0802665 0.012482 0.00150086 5.37128e-05
 0.989698 0.0102097 9.19794e-05 0 0
 0.975433 0.0193895 0.00387452 0.00125025 5.28907e-05
 0.303575 0.632131 0.0575291 0.00676475 0
 0.966965 0.00978017 0.0227588 0.000495775 0
 0.843318 0.132988 0.00938335 0.0141283 0.000182051
 0.564624 0.303363 0.111486 0.0197234 0.00080311
 0.826376 0.0876187 0.0782897 0.00655872 0.00115652
 0.89761 0.0855135 0.0140674 0.00269457 0.000114338
 0.34875 0.467042 0.161289 0.0227151 0.000203297
 0.318654 0.224769 0.449479 0.00709798 0
 0.937255 0.0296025 0.0250945 0.00804832 0
ppred_RECLAS
 0.326131 0.673318 0.000308138 0.000150154 9.34808e-05
 0.0855102 0.413267 0.501137 5.29029e-05 3.27611e-05
 0.0445949 0.16249 0.462553 0.330318 4.43449e-05
 0.0311493 0.110229 0.235805 0.395375 0.227442
 0.0329073 0.0876627 0.1808 0.227071 0.471559
 0.123617 0.089325 0.136214 0.163723 0.487121
 0.167313 0.263064 0.112389 0.0981102 0.359124
 0.179666 0.28339 0.263463 0.0665557 0.206925
 0.967055 0.0115481 0.0107705 0.00592074 0.004706
 0.530388 0.463147 0.00327027 0.00180348 0.00139185
 0.269452 0.480758 0.247964 0.00103528 0.000791622
 0.434077 0.237958 0.251043 0.07648 0.000441029
 0.280951 0.456182 0.147869 0.092242 0.0227564
 0.164255 0.370145 0.355372 0.0681124 0.0421156
 0.189181 0.247716 0.330074 0.187382 0.0456479
 0.232482 0.28148 0.217936 0.171708 0.0963939
 0.248293 0.31841 0.227955 0.10436 0.100982
 0.329923 0.290744 0.220464 0.0933264 0.0655423
 0.144828 0.453271 0.23619 0.105899 0.0598125
 0.221365 0.208458 0.385742 0.118851 0.0655835
 0.12311 0.366103 0.203853 0.223033 0.0839012
 0.157236 0.209331 0.367972 0.121152 0.144308
 0.16704 0.271888 0.21403 0.222396 0.124646
 0.978793 0.0071121 0.00684498 0.00318611 0.00406367
 0.999095 0.000897585 3.85645e-06 2.19465e-06 1.80381e-06
 0.419389 0.580584 2.63126e-05 6.63847e-08 5.38083e-08
 0.285192 0.397535 0.317273 7.25335e-07 2.57287e-09
 0.246844 0.344085 0.279553 0.129517 2.3927e-07
 0.23397 0.326144 0.266554 0.126229 0.0471025
 0.229094 0.319349 0.26166 0.125388 0.0645082
 0.227021 0.316462 0.259842 0.125144 0.0715311
pobs_PELACES
 0 0 0 0 0
 0 0 0 0 0
 0 0 0 0 0
 0 0 0 0 0
 0 0 0 0 0
 0 0 0 0 0
 0 0 0 0 0
 0 0 0 0 0
 0 0 0 0 0
 0 0 0 0 0
 0 0 0 0 0
 0 0 0 0 0
 0 0 0 0 0
 0 0 0 0 0
 0 0 0 0 0
 0 0 0 0 0
 0.505614 0.472636 0.0217494 0 0
 0 0 0 0 0
 0.443492 0.261883 0.143347 0.151278 0
 0.227955 0.32914 0.350689 0.0885471 0.00366901
 0.970185 0.0296113 0.000203453 0 0
 0.997202 0.00247181 0.000326279 0 0
 0.445219 0.490057 0.0546422 0.010081 0
 0.90214 0.0892962 0.00764917 0.000914606 0
 0 0 0 0 0
 0.581667 0.319106 0.0959925 0.00289975 0.000334073
 0.762889 0.0836404 0.116647 0.0363945 0.000428098
 0.88444 0.0763242 0.0277011 0.0115352 0
 0.521256 0.241999 0.230069 0.00667565 0
 0.616807 0.101726 0.260614 0.0208532 0
 0.833518 0.0704572 0.0857862 0.0102388 0
ppred_PELACES
 0.326599 0.673105 0.000165366 8.04405e-05 5.00796e-05
 0.0856602 0.413988 0.500267 5.28105e-05 3.27039e-05
 0.0447144 0.162923 0.462232 0.330086 4.43137e-05
 0.0312973 0.110751 0.235624 0.395065 0.227263
 0.0332089 0.0884636 0.180577 0.226785 0.470965
 0.125801 0.0908974 0.135571 0.16294 0.484791
 0.167391 0.263186 0.112349 0.0980757 0.358997
 0.179745 0.283514 0.263364 0.0665305 0.206846
 0.967072 0.0115483 0.0107619 0.005916 0.00470223
 0.530391 0.463149 0.00326762 0.00180202 0.00139072
 0.269555 0.48094 0.24768 0.00103409 0.000790713
 0.434194 0.238022 0.250906 0.076438 0.000440787
 0.281012 0.456279 0.14778 0.0921865 0.0227427
 0.164317 0.370285 0.355218 0.0680826 0.0420972
 0.189268 0.247829 0.329957 0.187315 0.0456316
 0.232575 0.281591 0.217845 0.171636 0.0963534
 0.248381 0.318522 0.22785 0.104312 0.100935
 0.330025 0.290834 0.220353 0.0932791 0.0655091
 0.144875 0.453419 0.236075 0.105847 0.0597832
 0.221474 0.20856 0.385599 0.118807 0.065559
 0.123161 0.366256 0.203772 0.222944 0.0838676
 0.157338 0.209466 0.367835 0.121107 0.144254
 0.167117 0.272012 0.213953 0.222316 0.124602
 0.978804 0.00711217 0.00683948 0.00318354 0.0040604
 0.999095 0.000897583 3.8533e-06 2.19286e-06 1.80233e-06
 0.420514 0.579481 5.16966e-06 1.2983e-08 1.05234e-08
 0.286368 0.399159 0.314472 7.18906e-07 2.55006e-09
 0.247886 0.345528 0.277858 0.128728 2.37812e-07
 0.234629 0.327057 0.265604 0.125776 0.0469337
 0.229585 0.32003 0.260983 0.125062 0.0643402
 0.227369 0.316944 0.259371 0.124915 0.0714006
pobs_pel_tallas
 0 0 0 0 0 0 0 0 0 0 0 0 0 0 0 0 0 0 0 0 0 0 0 0 0 0
 0 0 0 0 0 0 0 0 0 0 0 0 0 0 0 0 0 0 0 0 0 0 0 0 0 0
 0 0 0 0 0 0 0 0 0 0 0 0 0 0 0 0 0 0 0 0 0 0 0 0 0 0
 0 0 0 0 0 0 0 0 0 0 0 0 0 0 0 0 0 0 0 0 0 0 0 0 0 0
 0 0 0 0 0 0 0 0 0 0 0 0 0 0 0 0 0 0 0 0 0 0 0 0 0 0
 0 0 0 0 0 0 0 0 0 0 0 0 0 0 0 0 0 0 0 0 0 0 0 0 0 0
 0 0 0 0 0 0 0 0 0 0 0 0 0 0 0 0 0 0 0 0 0 0 0 0 0 0
 0 0 0 0 0 0 0 0 0 0 0 0 0 0 0 0 0 0 0 0 0 0 0 0 0 0
 0 0 0 0 0 0 0 0 0 0 0 0 0 0 0 0 0 0 0 0 0 0 0 0 0 0
 0 0 0 0 0 0 0 0 0 0 0 0 0 0 0 0 0 0 0 0 0 0 0 0 0 0
 0 0 0 0 0 0 0 0 0 0 0 0 0 0 0 0 0 0 0 0 0 0 0 0 0 0
 0 0 0 0 0 0 0 0 0 0 0 0 0 0 0 0 0 0 0 0 0 0 0 0 0 0
 0.00862536 0 0 0.000197151 0.00414017 0.0128641 0.00837892 0.0270097 0.101434 0.158115 0.152841 0.127902 0.109271 0.109419 0.0830992 0.0579132 0.0238553 0.00714673 0.00463305 0.00128148 0.00103504 0.000492878 0.000147863 0.000147863 4.92878e-05 0
 0 0 0 0 0 0 0 0 0 0 0 0 0 0 0 0 0 0 0 0 0 0 0 0 0 0
 0 0 0 0 0 0 0 0.0054083 0.00873648 0.0413646 0.0450493 0.0745869 0.0622846 0.0627006 0.0613931 0.0827291 0.12552 0.122667 0.0946155 0.0697135 0.0546179 0.0294188 0.0215738 0.0213955 0.0102223 0.00600262
 0 0 0 0 0.00359764 0.0251062 0.0480494 0.140153 0.205849 0.193036 0.1447 0.116669 0.0760912 0.0342217 0.00950174 0.001854 0.000860785 0 0 0 0.000165536 0 0.000143464 0 0 0
 0 0 0 0 0 0 0 0.000145254 0.000435761 0.0275982 0.070085 0.0708112 0.156366 0.174668 0.174014 0.160142 0.0824315 0.0480064 0.0283245 0.00493863 0.00203355 0 0 0 0 0
 0 0 0 0 0 0 0 0 0 0 0 0 0 0 0 0 0 0 0 0 0 0 0 0 0 0
 0 0 1.00437e-05 0.000401748 0.00122533 0.00171747 0.00176769 0.0269171 0.070346 0.194647 0.189555 0.159765 0.064822 0.0314167 0.0384472 0.0292271 0.0345202 0.0313363 0.0194345 0.0106764 0.0143323 0.0359363 0.0279516 0.0138201 0.00172751 0
 0 0.0021121 0.0136068 0.0755702 0.200478 0.177729 0.0527432 0.0373336 0.0318909 0.0142505 0.0149659 0.0166563 0.0217959 0.0798694 0.0677717 0.0528807 0.04013 0.0224614 0.0357745 0.0225083 0.00881397 0.00855152 0.00135912 0.000746735 0 0
 0 0 0 0 5.4009e-05 0.00500934 0.000945158 0.0243581 0.138947 0.33067 0.221406 0.137944 0.0707744 0.0437923 0.0131692 0.00525238 0.0047753 0.00276346 9.45158e-05 9.00151e-06 2.25038e-05 9.00151e-06 4.50075e-06 0 0 0
 0.000866109 0.00284123 0.00948549 0.0512746 0.133035 0.25785 0.225252 0.132002 0.0553304 0.0519788 0.0540692 0.017754 0.00435017 0.00159236 0.00146478 0.000404838 0.000125132 0.000115318 0.000107957 0.000100596 0 0 0 0 0 0
 0 0 0 0 0.00144013 0.00171154 0.00461396 0.0210425 0.0478622 0.0707936 0.0888783 0.103762 0.0637923 0.0337046 0.0602308 0.124433 0.169614 0.0934646 0.0462172 0.0250306 0.0313229 0.00938855 0.002487 0.000210481 0 0
 0 0.00764035 0.051015 0.0998891 0.058973 0.0496711 0.0374665 0.0718981 0.12319 0.153886 0.159021 0.0857701 0.0377988 0.023471 0.0147837 0.00900784 0.00315554 0.000888139 0.00291439 0.00214683 0.00393193 0.00274676 0.000635225 9.99891e-05 0 0
 0 0 0 0 0 0 0 0 0 0 0 0 0 0 0 0 0 0 0 0 0 0 0 0 0 0
 0 0 0 0 0 0 0 0 0 0 0 0 0 0 0 0 0 0 0 0 0 0 0 0 0 0
 0 0 0 0 0 0 0 0 0 0 0 0 0 0 0 0 0 0 0 0 0 0 0 0 0 0
 0 0 0 0 0 0 0 0 0 0 0 0 0 0 0 0 0 0 0 0 0 0 0 0 0 0
 0 0 0 0 0 0 0 0 0 0 0 0 0 0 0 0 0 0 0 0 0 0 0 0 0 0
 0 0 0 0 0 0 0 0 0 0 0 0 0 0 0 0 0 0 0 0 0 0 0 0 0 0
 0 0 0 0 0 0 0 0 0 0 0 0 0 0 0 0 0 0 0 0 0 0 0 0 0 0
ppred_pel_tallas
 1.00194e-16 2.69017e-05 0.000261494 0.00173772 0.00789948 0.0245786 0.0523696 0.0764486 0.0765133 0.0526858 0.0256397 0.0109624 0.00941849 0.0170034 0.0317485 0.052249 0.0748061 0.0931069 0.10074 0.0947567 0.0774847 0.0550878 0.0340574 0.0183185 0.00858303 0.00351578
 1.14554e-16 7.0558e-06 6.85849e-05 0.000455773 0.0020719 0.00644668 0.0137368 0.0200578 0.0200984 0.0139354 0.00711542 0.00401203 0.00535794 0.0108762 0.0208422 0.0352479 0.0526321 0.0700229 0.0842121 0.0934223 0.09791 0.0989499 0.0972332 0.0922504 0.0831225 0.0699145
 1.46492e-16 3.6831e-06 3.58011e-05 0.000237911 0.00108152 0.0033651 0.00717031 0.0104687 0.0104852 0.00725129 0.00363937 0.00188414 0.00229238 0.00465378 0.00916915 0.0161998 0.0258241 0.0377866 0.0518286 0.0679686 0.086225 0.105787 0.124332 0.138289 0.144124 0.139898
 1.84907e-16 2.57795e-06 2.50586e-05 0.000166523 0.000756998 0.00235536 0.00501876 0.00732737 0.00733856 0.00507374 0.00254158 0.00130218 0.00156334 0.00317108 0.00627183 0.0111678 0.0180626 0.0271062 0.0387063 0.0537475 0.0732725 0.0975553 0.12509 0.152267 0.174137 0.185973
 2.07678e-16 2.73539e-06 2.6589e-05 0.000176694 0.000803229 0.00249919 0.00532512 0.00777404 0.007783 0.00536912 0.00264828 0.00124002 0.00129719 0.00255564 0.00506089 0.00906672 0.014818 0.0226089 0.0330738 0.0473896 0.0669818 0.0926341 0.123408 0.156064 0.185468 0.205925
 2.02317e-16 1.0362e-05 0.000100723 0.000669339 0.00304272 0.00946709 0.020171 0.029442 0.0294511 0.0202156 0.00961814 0.00348396 0.00179639 0.00262856 0.00501988 0.00886314 0.0142276 0.0212276 0.0303123 0.0425408 0.0593827 0.0818914 0.109611 0.13989 0.168106 0.18883
 1.73898e-16 1.37879e-05 0.000134023 0.000890631 0.00404869 0.0125971 0.0268405 0.0391798 0.0392054 0.0269656 0.013018 0.00526747 0.00396249 0.0068836 0.012968 0.0217956 0.0323528 0.0428804 0.0518208 0.0590529 0.0662775 0.0760069 0.0897717 0.106806 0.124032 0.137229
 1.49349e-16 1.48054e-05 0.000143914 0.000956358 0.00434748 0.0135268 0.0288213 0.0420713 0.042099 0.028957 0.0139836 0.00567242 0.00430276 0.00751847 0.0142276 0.0240513 0.0359749 0.0481186 0.0586388 0.0669237 0.0739591 0.0814014 0.0900682 0.0990708 0.106177 0.108973
 1.01703e-16 7.96564e-05 0.000774289 0.00514542 0.0233903 0.072776 0.155057 0.226311 0.226312 0.155063 0.0727946 0.0234443 0.00528184 0.00107499 0.000659407 0.000987182 0.00146975 0.00196771 0.00240097 0.00274268 0.0030289 0.0033203 0.00364191 0.00395112 0.00415684 0.00417001
 1.00629e-16 4.36877e-05 0.00042466 0.00282202 0.0128285 0.0399145 0.0850437 0.124133 0.124178 0.0852613 0.0406448 0.0149365 0.00810834 0.0119483 0.021881 0.0359781 0.0515271 0.0641733 0.0695143 0.0655272 0.0538134 0.0386004 0.0243294 0.013669 0.00707886 0.00362084
 1.07508e-16 2.2203e-05 0.000215821 0.00143421 0.00651974 0.0202856 0.0432223 0.0630939 0.0631406 0.0434502 0.0210517 0.00873613 0.00701051 0.0124312 0.0233446 0.0388765 0.0567351 0.0728563 0.0830258 0.0851579 0.080338 0.0717262 0.062324 0.0534811 0.0450423 0.0364782
 1.15042e-16 3.5764e-05 0.000347639 0.00231018 0.0105018 0.032675 0.0696185 0.101615 0.101638 0.0697325 0.0330589 0.0116153 0.00512273 0.00654574 0.0119787 0.0201965 0.0301456 0.040127 0.0483831 0.054052 0.0574937 0.0596318 0.0609109 0.06083 0.0584019 0.0530313
 1.17475e-16 2.31466e-05 0.000224994 0.00149516 0.00679683 0.0211477 0.045059 0.0657742 0.0658183 0.0452748 0.0218726 0.00889266 0.00676415 0.0117547 0.022002 0.0365559 0.0531825 0.0680107 0.0771207 0.0787704 0.074399 0.0674894 0.0612312 0.056844 0.0535802 0.0499159
 1.24298e-16 1.35347e-05 0.000131562 0.000874278 0.00397436 0.0123659 0.0263482 0.0384636 0.0384997 0.0265253 0.0129618 0.00570187 0.00523471 0.00973056 0.0184796 0.0311473 0.0463176 0.0612941 0.0732687 0.0808845 0.0848039 0.0867131 0.0876635 0.0872341 0.0840965 0.0772717
 1.36093e-16 1.55898e-05 0.000151538 0.00100703 0.00457781 0.0142434 0.030348 0.0442989 0.0443233 0.0304675 0.0146464 0.00574864 0.00397242 0.00671346 0.0127405 0.0217343 0.0329625 0.0449876 0.0563581 0.0665121 0.0759523 0.0853849 0.0945422 0.101768 0.104749 0.101794
 1.39877e-16 1.91569e-05 0.000186212 0.00123745 0.00562527 0.0175024 0.0372918 0.0544343 0.0544617 0.0374263 0.0179551 0.00693749 0.00454946 0.00747758 0.0140505 0.023691 0.0353155 0.0469983 0.0568576 0.0642575 0.0701816 0.0763014 0.0834528 0.0907622 0.096038 0.0969894
 1.34199e-16 2.04589e-05 0.000198868 0.00132155 0.00600758 0.018692 0.0398264 0.0581342 0.0581653 0.0399782 0.0192027 0.00748717 0.00505252 0.00840065 0.0157673 0.0264879 0.039241 0.0516888 0.0614947 0.0677298 0.0713827 0.074417 0.0781303 0.0821633 0.0848148 0.0841949
 1.26874e-16 2.71838e-05 0.000264236 0.00175595 0.00798229 0.024836 0.0529168 0.0772396 0.0772679 0.0530555 0.0253026 0.00933417 0.00516534 0.00776055 0.0144232 0.0242239 0.0358986 0.0472972 0.0562555 0.0618614 0.0649192 0.0671105 0.0695452 0.071916 0.0728244 0.0708168
 1.27661e-16 1.19333e-05 0.000115996 0.000770836 0.00350414 0.0109029 0.0232314 0.0339161 0.0339602 0.0234466 0.0116264 0.00559787 0.00604193 0.0116748 0.0221189 0.0369588 0.0542177 0.0702771 0.081462 0.0861628 0.0857155 0.083202 0.0811649 0.0801016 0.0786869 0.0751306
 1.34191e-16 1.82426e-05 0.000177325 0.00117839 0.00535678 0.016667 0.0355117 0.0518346 0.0518553 0.0356131 0.0170094 0.00635359 0.00371022 0.00580326 0.0109951 0.0189182 0.0290672 0.0404005 0.0518281 0.0628646 0.0736832 0.0843827 0.0941236 0.101012 0.102933 0.0987025
 1.42525e-16 1.01447e-05 9.86103e-05 0.000655302 0.00297893 0.00926875 0.0197494 0.0288322 0.0288679 0.0199236 0.00985479 0.00467606 0.00493248 0.00949387 0.0180289 0.0302633 0.0447465 0.0587979 0.0697837 0.0767762 0.081138 0.0853673 0.0910791 0.0977314 0.102953 0.103993
 1.47226e-16 1.29598e-05 0.000125974 0.000837141 0.00380553 0.0118405 0.0252283 0.0368258 0.0368465 0.0253301 0.0121842 0.0048058 0.00337747 0.00577031 0.0110257 0.0189844 0.0291941 0.0406631 0.0524031 0.0641076 0.0761942 0.0890043 0.101815 0.112587 0.118727 0.118304
 1.49626e-16 1.37652e-05 0.000133803 0.000889169 0.00404205 0.0125765 0.0267965 0.0391158 0.0391424 0.0269266 0.0130144 0.00531212 0.00409674 0.00720214 0.0136375 0.0230634 0.0345345 0.0463087 0.0567318 0.065381 0.0733693 0.0823557 0.0929784 0.103965 0.112558 0.115856
 1.01206e-16 8.06228e-05 0.000783683 0.00520785 0.0236741 0.073659 0.156938 0.229056 0.229057 0.156942 0.0736704 0.0237074 0.00529196 0.000969155 0.000438433 0.000612073 0.00090955 0.0012208 0.00149598 0.00172017 0.0019172 0.00212549 0.00236019 0.00259277 0.00276251 0.00280803
 1.00001e-16 8.22941e-05 0.000799928 0.0053158 0.0241649 0.0751859 0.160191 0.233804 0.233804 0.160192 0.0751873 0.0241689 0.00532605 0.000822258 0.000124607 7.54846e-05 0.000100095 0.000124294 0.000134568 0.000126743 0.000103913 7.42825e-05 4.6479e-05 2.56978e-05 1.28521e-05 6.13683e-06
 1.00149e-16 3.46373e-05 0.000336687 0.0022374 0.010171 0.0316459 0.067427 0.0984234 0.0984791 0.0676992 0.0325594 0.0128078 0.00884978 0.0147498 0.0273435 0.0449813 0.0643989 0.0801519 0.0867199 0.0815632 0.0666868 0.0473972 0.0292843 0.0157282 0.00734325 0.00298038
 1.09178e-16 2.35878e-05 0.000229282 0.00152366 0.00692637 0.0215507 0.0459175 0.0670261 0.067065 0.0461076 0.0221901 0.00877811 0.00619043 0.0104784 0.0196676 0.0329415 0.0485236 0.0632319 0.0737254 0.0782779 0.0775311 0.0735586 0.0681349 0.0617504 0.0540002 0.0446501
 1.21017e-16 2.04182e-05 0.000198472 0.00131892 0.00599562 0.0186548 0.0397472 0.0580193 0.058053 0.0399121 0.0192094 0.00760279 0.00537264 0.00911281 0.0171425 0.0288143 0.0427014 0.0562294 0.0667541 0.073054 0.0758824 0.0770145 0.0776206 0.0773823 0.0749639 0.069223
 1.28305e-16 1.93261e-05 0.000187857 0.00124838 0.00567496 0.0176571 0.0376214 0.0549163 0.0549482 0.0377776 0.0181824 0.00719737 0.00508925 0.0086374 0.0162591 0.0273592 0.0406215 0.0536688 0.0640881 0.0708384 0.07475 0.0775767 0.0803969 0.082728 0.0829659 0.0795898
 1.31044e-16 1.89107e-05 0.000183819 0.00122154 0.00555297 0.0172775 0.0368127 0.0537358 0.053767 0.0369655 0.0177917 0.00704314 0.00498146 0.00845662 0.0159232 0.0268061 0.0398313 0.0526967 0.0630775 0.070001 0.0743263 0.077798 0.0814584 0.0847614 0.0860002 0.0835113
 1.32177e-16 1.87282e-05 0.000182044 0.00120975 0.00549937 0.0171107 0.0364574 0.0532171 0.053248 0.0366087 0.01762 0.00697543 0.00493426 0.00837761 0.0157767 0.0265654 0.0394888 0.0522781 0.0626469 0.069652 0.0741628 0.0779167 0.0819369 0.0856478 0.0872993 0.0851695
pSPR Fmed_Fpbrs
0.995524   0.651194 0.651194
Fs Fmed_Fpbrs
0.00799646   2 2
SSBpbr Bo_Bmed_Bpbrs
6.67189e+06  6.30843e+06  4.0111e+06 4.0111e+06
Ro
177.683
SPR SPRFo_SPRFmed_SPRFpbrs
1268.23 1262.56 825.865
Fref
2
Nvult_r0
 3.39517e+06 1.24903e+06 462168 167600 89552.6
CTP_r0
 0.000766535 35.6141 4642.78 1688.33 902.118
YTP_r0
220033
Np
 4.17789e+06 1.53696e+06 722835 36392.4 13834.8
Nvult_p0
 2.64093e+06 974705 686644 34580.5 13146
CTP_p0
 0.117186 6983.25 459892 167681 82947.1
 0.117186 5431.92 457335 23053.7 8763.98
YTP_p0
 1.84776e+07 1.16368e+07
CBA_c0
1.64254e+07
log_Ro
5
likeval ReclasPelacesDesembMPH_pf_preclas_ppelaces_ptallas_desvR_qrecl_qpela
 3208.98 2399.48 2605.03 0.000947889 2732.51 260.99 164.997 0 1551.7 0.00157031 0.000960701 141.03 109.023 0 0
q_reclas_q_pelaces
274.607 82.2431
M
1
N
 4.56977 2.49643 0.00130703 0.000480828 0.000279831
 1.31807 1.68112 0.913521 7.26121e-05 4.20347e-05
 0.504257 0.484889 0.618433 0.33253 4.17312e-05
 0.198635 0.185506 0.178376 0.225197 0.1211
 0.103939 0.0730739 0.0682405 0.0645338 0.125279
 0.200494 0.0382368 0.02688 0.0243288 0.0676654
 0.177759 0.0737576 0.0140639 0.009244 0.0316307
 0.157098 0.0653937 0.0271337 0.00516104 0.0149997
 18.3388 0.0577932 0.0240568 0.0099573 0.00739837
 29.2756 6.74646 0.0212608 0.00882817 0.00636899
 22.8728 10.7699 2.48187 0.00780209 0.00557688
 58.163 8.41444 3.96197 0.908811 0.00489905
 49.9343 21.397 3.09548 1.45393 0.335303
 30.8892 18.3698 7.87144 1.13595 0.656592
 32.8844 11.3635 6.75783 2.88859 0.657807
 37.861 12.0975 4.18036 2.47993 1.30142
 41.1557 13.9283 4.45039 1.53407 1.38764
 65.1016 15.1403 5.12389 1.63316 1.07218
 28.9965 23.9495 5.56978 1.88032 0.992775
 42.9237 10.6672 8.81048 2.04395 1.05434
 20.1209 15.7908 3.92422 3.23272 1.13681
 21.0682 7.40206 5.80905 1.44008 1.60348
 18.0434 7.75055 2.72304 2.13044 1.1162
 3461.55 6.63778 2.85125 0.999278 1.19142
 5.37108e+06 1273.43 2.44189 1.04633 0.803916
 5.37108e+06 1.97591e+06 468.467 0.896102 0.678981
 5.37108e+06 1.97591e+06 716878 1.23406 0.00409199
 5.37108e+06 1.97591e+06 726816 253552 0.437873
 5.37108e+06 1.97591e+06 726833 259167 90403.3
 5.37108e+06 1.97591e+06 726857 262264 126129
 5.37108e+06 1.97591e+06 726867 263586 140840
pred_Ctot
 1.21493e-07 0.00836375 0.000807338 0.000297384 0.00017307
 1.96076e-10 3.15843e-05 0.00608109 4.84713e-07 2.80597e-07
 7.24239e-11 8.79541e-06 0.00397524 0.00214346 2.68995e-07
 4.6661e-11 5.50346e-06 0.00187024 0.00236775 0.00127326
 4.58672e-11 4.0725e-06 0.00133592 0.00126686 0.00245936
 1.90072e-10 4.57777e-06 0.00111373 0.00101078 0.00281127
 6.17948e-12 3.23829e-07 2.19518e-05 1.44692e-05 4.95099e-05
 5.46126e-12 2.87108e-07 4.23521e-05 8.07831e-06 2.34783e-05
 6.37517e-10 2.53738e-07 3.75495e-05 1.55856e-05 1.15803e-05
 1.01772e-09 2.962e-05 3.31852e-05 1.38183e-05 9.96904e-06
 1.48939e-09 8.85698e-05 0.00724968 2.28543e-05 1.63361e-05
 2.02194e-09 3.69432e-05 0.00618411 0.00142251 7.66823e-06
 1.73588e-09 9.39423e-05 0.00483163 0.00227576 0.000524832
 1.07381e-09 8.06518e-05 0.0122863 0.00177805 0.00102773
 1.14317e-09 4.98909e-05 0.0105481 0.00452137 0.00102963
 1.31617e-09 5.31135e-05 0.00652499 0.0038817 0.00203704
 1.43071e-09 6.11514e-05 0.00694646 0.00240121 0.00217199
 2.26315e-09 6.64729e-05 0.00799771 0.00255631 0.00167822
 1.00802e-09 0.000105149 0.00869368 0.00294317 0.00155394
 1.58011e-09 4.95941e-05 0.0145616 0.00338763 0.00174745
 6.99469e-10 6.93286e-05 0.00612519 0.00506001 0.00177939
 9.15108e-10 4.06056e-05 0.0113262 0.00281566 0.00313515
 6.27247e-10 3.40284e-05 0.00425031 0.00333467 0.00174713
 1.20335e-07 2.91429e-05 0.00445042 0.00156412 0.00186486
 0.000186717 0.00559095 0.00381146 0.00163776 0.00125833
 0.373096 17234.5 388.563 0.743636 0.563457
 0.00297152 138.055 17536.4 0.0302713 0.000100376
 0.00235686 109.499 14149.5 4949.78 0.00854806
 0.00146131 67.8931 8816.6 3152.5 1099.66
 0.00108407 50.3668 6554.44 2371.57 1140.55
 0.000766535 35.6141 4642.78 1688.33 902.118
F
 4.20587e-08 0.00531184 1.89038 1.89569 1.89569
 2.35336e-10 2.97219e-05 0.0105775 0.0106072 0.0106072
 2.27211e-10 2.86958e-05 0.0102123 0.010241 0.010241
 3.71619e-10 4.69339e-05 0.0167029 0.0167498 0.0167498
 6.98114e-10 8.81689e-05 0.0313776 0.0314657 0.0314657
 1.49975e-09 0.000189412 0.0674078 0.0675973 0.0675973
 5.49948e-11 6.94561e-06 0.00247181 0.00247875 0.00247875
 5.49948e-11 6.94561e-06 0.00247181 0.00247875 0.00247875
 5.49948e-11 6.94561e-06 0.00247181 0.00247875 0.00247875
 5.49948e-11 6.94561e-06 0.00247181 0.00247875 0.00247875
 1.03012e-10 1.301e-05 0.00462999 0.004643 0.004643
 5.49948e-11 6.94561e-06 0.00247181 0.00247875 0.00247875
 5.49948e-11 6.94561e-06 0.00247181 0.00247875 0.00247875
 5.49948e-11 6.94561e-06 0.00247181 0.00247875 0.00247875
 5.49948e-11 6.94561e-06 0.00247181 0.00247875 0.00247875
 5.49948e-11 6.94561e-06 0.00247181 0.00247875 0.00247875
 5.49948e-11 6.94561e-06 0.00247181 0.00247875 0.00247875
 5.49948e-11 6.94561e-06 0.00247181 0.00247875 0.00247875
 5.49948e-11 6.94561e-06 0.00247181 0.00247875 0.00247875
 5.82359e-11 7.35495e-06 0.00261748 0.00262484 0.00262484
 5.49948e-11 6.94561e-06 0.00247181 0.00247875 0.00247875
 6.8714e-11 8.6783e-06 0.00308843 0.00309711 0.00309711
 5.49948e-11 6.94561e-06 0.00247181 0.00247875 0.00247875
 5.49948e-11 6.94561e-06 0.00247181 0.00247875 0.00247875
 5.49948e-11 6.94561e-06 0.00247181 0.00247875 0.00247875
 1.0989e-07 0.0138787 4.93915 4.95303 4.95303
 8.7522e-10 0.000110537 0.0393378 0.0394483 0.0394483
 6.94179e-10 8.76719e-05 0.0312007 0.0312884 0.0312884
 4.30407e-10 5.43586e-05 0.0193452 0.0193995 0.0193995
 3.19297e-10 4.03259e-05 0.0143512 0.0143915 0.0143915
 2.25772e-10 2.85141e-05 0.0101476 0.0101761 0.0101761
YTP_r0W_actual
 0.00636224 502.158 128141 57741 33649
YTP_p0W_proyectada
 0.877723 109428 1.06373e+07 4.92479e+06 2.8061e+06
 0.877723 85118.2 1.05781e+07 677087 296485
CTP_r0_actual
 0.000766535 35.6141 4642.78 1688.33 902.118
CTP_p0_proyectada
 0.117186 6983.25 459892 167681 82947.1
 0.117186 5431.92 457335 23053.7 8763.98
Wmedp
 7.49 15.67 23.13 29.37 33.83
Frms_r0
 2.25772e-10 2.85141e-05 0.0101476 0.0101761 0.0101761
Zrms_r0
 1 1.00003 1.01015 1.01018 1.01018
nmprior
 8.19 8.8 8.5 0
nm_flota  nm_reclas  nm_pelaces    nm_pelaL
0 1.93103 3.17242 4.48548
cv_recla  cv_pelaces  cv_mph
5.12399 5.55431 0.950132
 ------------------------------------------------
Talla a la edad & desviaci?n 
 8 13.2811 15.8009 17.003 17.5766
 0.8 1.32811 1.58009 1.7003 1.75766
