years
 1991 1992 1993 1994 1995 1996 1997 1998 1999 2000 2001 2002 2003 2004 2005 2006 2007 2008 2009 2010 2011 2012 2013 2014 2015 2016 2017 2018 2019 2020 2021
reclasobs
 0 0 0 0 0 0 0 0 0 252601 567819 844713 477998 351125 339783 2.1784e+06 2.13404e+06 4.81314e+06 1.55562e+06 2.62356e+06 3.21686e+06 3.843e+06 1.13348e+06 3.07943e+06 1.97215e+06 2.03268e+06 2.025e+06 2.42433e+06 2.27542e+06 1.05018e+06 2.36338e+06
reclaspred
 3.28408e+06 1.75964e+06 889235 959101 1.00499e+06 1.86123e+06 942608 783264 507188 283445 692191 589160 370029 583593 412763 1.6832e+06 1.51099e+06 3.70021e+06 2.76714e+06 2.46718e+06 3.50298e+06 2.44726e+06 1.57729e+06 2.88529e+06 1.98465e+06 1.86077e+06 2.17298e+06 2.60838e+06 2.10231e+06 1.23679e+06 2.15296e+06
pelacesobs
 0 0 0 0 0 0 0 0 0 0 0 0 0 0 0 552880 188675 0 991730 2.46772e+06 1.41603e+06 1.21717e+06 2.29649e+06 1.80582e+06 0 1.4828e+06 1.56532e+06 1.57751e+06 1.42118e+06 867257 1.10002e+06
pelacespred
 1.9766e+06 1.12549e+06 537245 429349 526813 954867 448085 504554 282023 126838 343900 259110 152562 266908 189843 675294 744412 1.88824e+06 1.53249e+06 1.21944e+06 1.74293e+06 1.2814e+06 891571 1.63498e+06 1.17374e+06 1.10922e+06 1.37119e+06 1.60737e+06 1.24037e+06 806668 1.21081e+06
mphobs
 0 0 0 0 0 0 0 0 0 0 0 498337 6000 5186 125008 0 168611 109162 213762 579715 649985 157893 87575 83554 210694 70296 0 107559 103333 445601 0
mphpred
 379011 255023 118210 66648.3 76127.9 98295.5 138481 63849.6 57503.5 29164.4 14692 65437.5 32084 15844.3 26138.5 23230 147970 129988 281369 182385 249722 227703 184552 123501 219894 163689 145549 150360 248563 162759 88339
desembarqueobs
 494567 514787 250237 358949 120608 361735 552515 73892 212993 205616 52469 317467 293654 387597 252695 516296 358380 742168 942051 627588 828172 859565 418607 520667 417249 300574 415391 372974 316634 284311 391294
desembarquepred
 494565 514159 250522 358976 120612 361733 552517 73898.3 213072 205678 52466.4 317817 293905 387224 252589 516252 358499 742051 941412 627146 828403 859709 418632 520687 417265 300541 415385 372913 316535 284315 391292
Reclutas
 156180 88462 86867.3 126084 101492 190096 71445.6 28542.9 27118.8 36869.2 102227 57786.4 64361 99625.9 47797.7 355632 69313.3 509319 281545 322518 247445 379364 60693.4 230704 163603 96569.4 167901 219939 77410.9 45255.4 206145
log_desv_Rt
 0.309704 -0.25873 -0.276921 0.095648 -0.121323 0.506225 -0.472367 -1.38989 -1.44108 -1.13393 -0.114105 -0.68455 -0.576795 -0.139881 -0.874326 1.13259 -0.502667 1.49177 0.898988 1.03486 0.769884 1.19719 -0.635469 0.699831 0.356139 -0.171041 0.382071 0.652049 -0.392176 -0.928981 0.587277
SSB
 1.3814e+06 929496 430845 242917 277467 358263 504729 232716 209586 106297 53548.9 238504 116938 57748.6 95268.4 84667.6 539313 473776 1.02552e+06 664747 910175 829922 672647 450131 801460 596605 530491 548027 905951 593215 321974
BT
 2.07403e+06 1.44666e+06 690107 713846 592724 1.2867e+06 886302 547235 476343 321555 422551 507799 426384 713318 457514 1.17878e+06 965592 2.6873e+06 2.38362e+06 1.72246e+06 2.36644e+06 2.04277e+06 1.16539e+06 2.22572e+06 1.46424e+06 1.31781e+06 1.82438e+06 2.04121e+06 1.3451e+06 968741 1.66202e+06
Ftot
 0.295735 0.549811 0.543242 0.789586 0.256343 0.435199 1.06854 0.198095 0.844079 1.40452 0.19102 1.02805 1.55334 1.49397 1.31398 0.757332 0.473363 0.472166 0.695761 0.556727 0.491815 0.739942 0.514559 0.420272 0.430394 0.337404 0.426134 0.332339 0.29149 0.44424 0.430279
BD_Bspro_t
 0.954031 0.705559 0.463946 0.364075 0.369286 0.480225 0.490317 0.27749 0.325903 0.232171 0.171127 0.540975 0.266573 0.144721 0.193109 0.176662 0.448193 0.400251 0.524522 0.395426 0.419437 0.396792 0.376385 0.323096 0.488483 0.474508 0.499477 0.538893 0.636243 0.539424 0.434248
BD_Bspro
 1.68906 1.13651 0.5268 0.297018 0.339263 0.438053 0.617139 0.284545 0.256264 0.129971 0.065475 0.291622 0.142982 0.0706101 0.116486 0.103524 0.659425 0.579292 1.25392 0.812796 1.11288 1.01476 0.822455 0.550381 0.979957 0.729477 0.648638 0.67008 1.10772 0.725332 0.393682
BD_Bo
 1.06389 0.715853 0.331816 0.187083 0.213692 0.275917 0.388718 0.179227 0.161413 0.0818647 0.0412407 0.183684 0.0900603 0.0444752 0.0733711 0.0652069 0.415353 0.364879 0.789805 0.511956 0.700973 0.639165 0.51804 0.346669 0.617246 0.459476 0.408558 0.422063 0.69772 0.456865 0.247968
BD_Brms
 1.93434 1.30155 0.603301 0.34015 0.38853 0.501667 0.706759 0.325867 0.293478 0.148845 0.0749832 0.333971 0.163746 0.080864 0.133402 0.118558 0.755186 0.663416 1.43601 0.930829 1.2745 1.16212 0.941891 0.630307 1.12227 0.835411 0.742833 0.767388 1.26858 0.830664 0.450852
Sel_flota
 0.664211 0.974082 0.998602 0.999926 0.999996
 0.664211 0.974082 0.998602 0.999926 0.999996
 0.664211 0.974082 0.998602 0.999926 0.999996
 0.664211 0.974082 0.998602 0.999926 0.999996
 0.664211 0.974082 0.998602 0.999926 0.999996
 0.664211 0.974082 0.998602 0.999926 0.999996
 0.664211 0.974082 0.998602 0.999926 0.999996
 0.664211 0.974082 0.998602 0.999926 0.999996
 0.664211 0.974082 0.998602 0.999926 0.999996
 0.664211 0.974082 0.998602 0.999926 0.999996
 0.664211 0.974082 0.998602 0.999926 0.999996
 0.664211 0.974082 0.998602 0.999926 0.999996
 0.664211 0.974082 0.998602 0.999926 0.999996
 0.664211 0.974082 0.998602 0.999926 0.999996
 0.664211 0.974082 0.998602 0.999926 0.999996
 0.664211 0.974082 0.998602 0.999926 0.999996
 0.664211 0.974082 0.998602 0.999926 0.999996
 0.664211 0.974082 0.998602 0.999926 0.999996
 0.664211 0.974082 0.998602 0.999926 0.999996
 0.664211 0.974082 0.998602 0.999926 0.999996
 0.664211 0.974082 0.998602 0.999926 0.999996
 0.664211 0.974082 0.998602 0.999926 0.999996
 0.664211 0.974082 0.998602 0.999926 0.999996
 0.664211 0.974082 0.998602 0.999926 0.999996
 0.664211 0.974082 0.998602 0.999926 0.999996
 0.664211 0.974082 0.998602 0.999926 0.999996
 0.664211 0.974082 0.998602 0.999926 0.999996
 0.664211 0.974082 0.998602 0.999926 0.999996
 0.664211 0.974082 0.998602 0.999926 0.999996
 0.664211 0.974082 0.998602 0.999926 0.999996
 0.664211 0.974082 0.998602 0.999926 0.999996
Sel_reclas
 0.976099 0.99794 0.999826 0.999985 0.999999
 0.976099 0.99794 0.999826 0.999985 0.999999
 0.976099 0.99794 0.999826 0.999985 0.999999
 0.976099 0.99794 0.999826 0.999985 0.999999
 0.976099 0.99794 0.999826 0.999985 0.999999
 0.976099 0.99794 0.999826 0.999985 0.999999
 0.976099 0.99794 0.999826 0.999985 0.999999
 0.976099 0.99794 0.999826 0.999985 0.999999
 0.976099 0.99794 0.999826 0.999985 0.999999
 0.976099 0.99794 0.999826 0.999985 0.999999
 0.976099 0.99794 0.999826 0.999985 0.999999
 0.976099 0.99794 0.999826 0.999985 0.999999
 0.976099 0.99794 0.999826 0.999985 0.999999
 0.976099 0.99794 0.999826 0.999985 0.999999
 0.976099 0.99794 0.999826 0.999985 0.999999
 0.976099 0.99794 0.999826 0.999985 0.999999
 0.976099 0.99794 0.999826 0.999985 0.999999
 0.976099 0.99794 0.999826 0.999985 0.999999
 0.976099 0.99794 0.999826 0.999985 0.999999
 0.976099 0.99794 0.999826 0.999985 0.999999
 0.976099 0.99794 0.999826 0.999985 0.999999
 0.976099 0.99794 0.999826 0.999985 0.999999
 0.976099 0.99794 0.999826 0.999985 0.999999
 0.976099 0.99794 0.999826 0.999985 0.999999
 0.976099 0.99794 0.999826 0.999985 0.999999
 0.976099 0.99794 0.999826 0.999985 0.999999
 0.976099 0.99794 0.999826 0.999985 0.999999
 0.976099 0.99794 0.999826 0.999985 0.999999
 0.976099 0.99794 0.999826 0.999985 0.999999
 0.976099 0.99794 0.999826 0.999985 0.999999
 0.976099 0.99794 0.999826 0.999985 0.999999
Sel_pelaces
 0.647024 0.902201 0.978915 0.995738 0.99915
 0.647024 0.902201 0.978915 0.995738 0.99915
 0.647024 0.902201 0.978915 0.995738 0.99915
 0.647024 0.902201 0.978915 0.995738 0.99915
 0.647024 0.902201 0.978915 0.995738 0.99915
 0.647024 0.902201 0.978915 0.995738 0.99915
 0.647024 0.902201 0.978915 0.995738 0.99915
 0.647024 0.902201 0.978915 0.995738 0.99915
 0.647024 0.902201 0.978915 0.995738 0.99915
 0.647024 0.902201 0.978915 0.995738 0.99915
 0.647024 0.902201 0.978915 0.995738 0.99915
 0.647024 0.902201 0.978915 0.995738 0.99915
 0.647024 0.902201 0.978915 0.995738 0.99915
 0.647024 0.902201 0.978915 0.995738 0.99915
 0.647024 0.902201 0.978915 0.995738 0.99915
 0.647024 0.902201 0.978915 0.995738 0.99915
 0.647024 0.902201 0.978915 0.995738 0.99915
 0.647024 0.902201 0.978915 0.995738 0.99915
 0.647024 0.902201 0.978915 0.995738 0.99915
 0.647024 0.902201 0.978915 0.995738 0.99915
 0.647024 0.902201 0.978915 0.995738 0.99915
 0.647024 0.902201 0.978915 0.995738 0.99915
 0.647024 0.902201 0.978915 0.995738 0.99915
 0.647024 0.902201 0.978915 0.995738 0.99915
 0.647024 0.902201 0.978915 0.995738 0.99915
 0.647024 0.902201 0.978915 0.995738 0.99915
 0.647024 0.902201 0.978915 0.995738 0.99915
 0.647024 0.902201 0.978915 0.995738 0.99915
 0.647024 0.902201 0.978915 0.995738 0.99915
 0.647024 0.902201 0.978915 0.995738 0.99915
 0.647024 0.902201 0.978915 0.995738 0.99915
pf_obs 
 0.8446 0.082 0.0669 0.0065 0
 0.8095 0.147 0.0364 0.0071 0
 0.9664 0.0169 0.016 0.0007 0
 0.9276 0.0648 0.0075 0.0001 0
 0.7033 0.2144 0.0806 0.0017 0
 0.9318 0.0425 0.0243 0.0014 0
 0.5671 0.3108 0.0964 0.0239 0.0018
 0.0768 0.2599 0.5324 0.112 0.0189
 0.490249 0.384438 0.106611 0.0170017 0.00170017
 0.7925 0.1577 0.0466 0.003 0.0002
 0.840416 0.127587 0.0312969 0.00059994 9.999e-05
 0.8084 0.0986 0.0794 0.0134 0.0002
 0.7335 0.1905 0.0724 0.0035 0.0001
 0.4001 0.4547 0.1325 0.0127 0
 0.49795 0.308269 0.164784 0.0264974 0.00249975
 0.9179 0.0499 0.0305 0.0017 0
 0.2467 0.6533 0.0926 0.0074 0
 0.9418 0.0223 0.034 0.0019 0
 0.707729 0.231977 0.0356964 0.0245975 0
 0.517169 0.277429 0.184464 0.0207286 0.00020938
 0.811772 0.124168 0.05621 0.00726502 0.000585176
 0.764997 0.148141 0.077277 0.00933861 0.000247198
 0.163321 0.427699 0.378323 0.0303852 0.000271297
 0.753843 0.0900009 0.118128 0.0371064 0.000921714
 0.721811 0.176058 0.0630433 0.0369309 0.00215725
 0.143369 0.312575 0.442814 0.0836902 0.0175525
 0.692698 0.0596174 0.167031 0.0765114 0.00414204
 0.394062 0.376323 0.152708 0.0712218 0.00568511
 0.125707 0.32114 0.495352 0.0537591 0.00404204
 0.23352 0.215282 0.420074 0.123614 0.00750983
 0.796117 0.104755 0.0508955 0.0450114 0.00322123
pf_pred 
 0.534541 0.150869 0.292355 0.0222336 9.17902e-07
 0.466098 0.341727 0.063487 0.119606 0.00908269
 0.620788 0.221919 0.101879 0.0183274 0.0370855
 0.754115 0.178547 0.039942 0.0177554 0.00964007
 0.685703 0.263476 0.0372724 0.00804258 0.0055054
 0.769047 0.177257 0.0452155 0.00622263 0.00225843
 0.467547 0.447329 0.0657975 0.0162785 0.00304829
 0.485336 0.314395 0.169351 0.0239106 0.00700773
 0.56493 0.255606 0.110781 0.0580928 0.0105906
 0.779458 0.152722 0.040471 0.0168952 0.0104538
 0.921141 0.068839 0.00704081 0.00177991 0.0011997
 0.557489 0.418615 0.0209317 0.00208427 0.000880755
 0.767778 0.160651 0.0678532 0.00325736 0.000460391
 0.890819 0.0950417 0.00993247 0.00398859 0.000217943
 0.721682 0.262134 0.014178 0.00141043 0.000595752
 0.967645 0.0268729 0.00517707 0.000267507 3.77579e-05
 0.382728 0.605195 0.0100908 0.00187594 0.000110402
 0.906948 0.0459412 0.0462171 0.000747124 0.000146825
 0.588179 0.386991 0.0124517 0.0121439 0.000234498
 0.716517 0.198992 0.0795643 0.00247291 0.00245377
 0.636825 0.291673 0.0506729 0.0196168 0.00121253
 0.759496 0.177039 0.051287 0.00863511 0.00354354
 0.302435 0.586693 0.0823778 0.0230353 0.00545946
 0.80993 0.0776195 0.0950535 0.0129315 0.00446543
 0.614532 0.335697 0.020691 0.0245875 0.00449273
 0.519942 0.342569 0.120213 0.00718904 0.0100874
 0.726476 0.171104 0.0736895 0.0251252 0.00360514
 0.73035 0.217574 0.0329482 0.0137687 0.00535948
 0.40472 0.479864 0.093647 0.013781 0.00798817
 0.413937 0.298316 0.233222 0.0442536 0.0102715
 0.863238 0.0722534 0.0333319 0.0252768 0.00589976
pobs_RECLAS
 0 0 0 0 0
 0 0 0 0 0
 0 0 0 0 0
 0 0 0 0 0
 0 0 0 0 0
 0 0 0 0 0
 0 0 0 0 0
 0 0 0 0 0
 0 0 0 0 0
 0 0 0 0 0
 0.991045 0.00858322 0.000360255 1.14367e-05 0
 0.934742 0.0480273 0.0164251 0.00080598 0
 0.827803 0.169806 0.00239088 0 0
 0.941827 0.0461693 0.0120037 0 0
 0.791401 0.0380133 0.147996 0.0225897 0
 0.846168 0.0940531 0.0597789 0 0
 0.134021 0.677848 0.182769 0.00536245 0
 0.80878 0.0450904 0.141981 0.00414843 0
 0.846168 0.0940531 0.0597789 0 0
 0.905697 0.0802665 0.012482 0.00150086 5.37128e-05
 0.989698 0.0102097 9.19794e-05 0 0
 0.975433 0.0193895 0.00387452 0.00125025 5.28907e-05
 0.303575 0.632131 0.0575291 0.00676475 0
 0.966965 0.00978017 0.0227588 0.000495775 0
 0.843318 0.132988 0.00938335 0.0141283 0.000182051
 0.564624 0.303363 0.111486 0.0197234 0.00080311
 0.826376 0.0876187 0.0782897 0.00655872 0.00115652
 0.89761 0.0855135 0.0140674 0.00269457 0.000114338
 0.34875 0.467042 0.161289 0.0227151 0.000203297
 0.318654 0.224769 0.449479 0.00709798 0
 0.937255 0.0296025 0.0250945 0.00804832 0
ppred_RECLAS
 0.628185 0.122464 0.231747 0.0176031 7.26691e-07
 0.563149 0.282164 0.0511455 0.096234 0.00730743
 0.707564 0.172913 0.0774514 0.0139155 0.0281563
 0.820643 0.131169 0.0285987 0.0126963 0.00689283
 0.759972 0.201989 0.0279074 0.00601459 0.00411693
 0.829787 0.131375 0.0327105 0.00449612 0.00163172
 0.570537 0.362375 0.051873 0.0128156 0.00239967
 0.578602 0.259782 0.13669 0.0192763 0.00564919
 0.661058 0.201301 0.0850079 0.0445185 0.00811543
 0.846174 0.107495 0.0276649 0.0115317 0.00713463
 0.944133 0.0489146 0.00488713 0.00123399 0.000831688
 0.654644 0.327179 0.0159248 0.00158352 0.000669107
 0.838881 0.112498 0.0460988 0.00220956 0.000312273
 0.927114 0.0636932 0.0064606 0.00259039 0.000141533
 0.799162 0.189472 0.00995851 0.000989214 0.000417804
 0.97798 0.0183678 0.00344931 0.000177998 2.51223e-05
 0.474945 0.515027 0.00838085 0.00155612 9.15743e-05
 0.935011 0.0324818 0.0318912 0.000514899 0.000101182
 0.678276 0.302793 0.00949958 0.00925273 0.000178659
 0.788441 0.149595 0.058356 0.00181146 0.00179733
 0.72 0.225962 0.0383101 0.0148124 0.00091551
 0.824458 0.130091 0.0367389 0.00617763 0.00253491
 0.3887 0.51615 0.0707189 0.0197504 0.00468065
 0.862809 0.0568338 0.0679386 0.00923134 0.00318751
 0.699505 0.262529 0.0157946 0.0187459 0.00342513
 0.612593 0.278345 0.0953725 0.00569658 0.00799278
 0.795939 0.128819 0.0541539 0.0184416 0.00264598
 0.797775 0.16393 0.0242397 0.0101172 0.00393791
 0.497155 0.407219 0.0776073 0.0114068 0.0066116
 0.510042 0.252393 0.192594 0.0364996 0.0084712
 0.90286 0.05192 0.0233794 0.0177076 0.00413282
pobs_PELACES
 0 0 0 0 0
 0 0 0 0 0
 0 0 0 0 0
 0 0 0 0 0
 0 0 0 0 0
 0 0 0 0 0
 0 0 0 0 0
 0 0 0 0 0
 0 0 0 0 0
 0 0 0 0 0
 0 0 0 0 0
 0 0 0 0 0
 0 0 0 0 0
 0 0 0 0 0
 0 0 0 0 0
 0 0 0 0 0
 0.505614 0.472636 0.0217494 0 0
 0 0 0 0 0
 0.443492 0.261883 0.143347 0.151278 0
 0.227955 0.32914 0.350689 0.0885471 0.00366901
 0.970185 0.0296113 0.000203453 0 0
 0.997202 0.00247181 0.000326279 0 0
 0.445219 0.490057 0.0546422 0.010081 0
 0.90214 0.0892962 0.00764917 0.000914606 0
 0 0 0 0 0
 0.581667 0.319106 0.0959925 0.00289975 0.000334073
 0.762889 0.0836404 0.116647 0.0363945 0.000428098
 0.88444 0.0763242 0.0277011 0.0115352 0
 0.521256 0.241999 0.230069 0.00667565 0
 0.616807 0.101726 0.260614 0.0208532 0
 0.833518 0.0704572 0.0857862 0.0102388 0
ppred_PELACES
 0.547611 0.141265 0.288815 0.0223085 9.24075e-07
 0.49208 0.317886 0.0621248 0.118854 0.00905573
 0.644389 0.203169 0.0981231 0.0179254 0.0363932
 0.780543 0.156957 0.0368249 0.0166209 0.00905414
 0.701589 0.247743 0.0369925 0.00810741 0.00556837
 0.785786 0.162292 0.0436076 0.00609483 0.00221945
 0.517717 0.402055 0.0617925 0.0155189 0.00291571
 0.498797 0.299314 0.170287 0.0244209 0.00718127
 0.601322 0.229087 0.104057 0.0554015 0.0101336
 0.819781 0.123034 0.0339041 0.0143642 0.0089171
 0.925924 0.0641609 0.00693163 0.00177987 0.00120369
 0.605946 0.371819 0.019437 0.00196479 0.000833022
 0.814183 0.127045 0.0556754 0.00271217 0.000384599
 0.914993 0.0735874 0.00798646 0.00325458 0.000178423
 0.768691 0.217311 0.0122387 0.0012357 0.000523673
 0.97202 0.0230432 0.00465776 0.00024437 3.46071e-05
 0.410043 0.577786 0.0101434 0.00191505 0.00011308
 0.914154 0.0412712 0.0437159 0.000717683 0.00014151
 0.622844 0.353178 0.0119324 0.0118166 0.000228939
 0.738696 0.180577 0.0759444 0.00239698 0.00238637
 0.661132 0.269105 0.0492145 0.0193483 0.00119993
 0.784425 0.15651 0.047582 0.00813445 0.00334921
 0.326651 0.561263 0.0829352 0.0235512 0.00560038
 0.821187 0.0706712 0.0911794 0.0125978 0.00436474
 0.63814 0.31258 0.0202956 0.0244934 0.0044905
 0.53977 0.323154 0.119587 0.00726345 0.0102259
 0.743394 0.157097 0.0712755 0.0246808 0.00355322
 0.746444 0.202204 0.0322932 0.013706 0.00535296
 0.423659 0.459389 0.0945915 0.0141381 0.00822259
 0.434374 0.280143 0.230678 0.0444526 0.0103521
 0.87245 0.0654815 0.0318219 0.0245077 0.00573937
pobs_pel_tallas
 0 0 0 0 0 0 0 0 0 0 0 0 0 0 0 0 0 0 0 0 0 0 0 0 0 0
 0 0 0 0 0 0 0 0 0 0 0 0 0 0 0 0 0 0 0 0 0 0 0 0 0 0
 0 0 0 0 0 0 0 0 0 0 0 0 0 0 0 0 0 0 0 0 0 0 0 0 0 0
 0 0 0 0 0 0 0 0 0 0 0 0 0 0 0 0 0 0 0 0 0 0 0 0 0 0
 0 0 0 0 0 0 0 0 0 0 0 0 0 0 0 0 0 0 0 0 0 0 0 0 0 0
 0 0 0 0 0 0 0 0 0 0 0 0 0 0 0 0 0 0 0 0 0 0 0 0 0 0
 0 0 0 0 0 0 0 0 0 0 0 0 0 0 0 0 0 0 0 0 0 0 0 0 0 0
 0 0 0 0 0 0 0 0 0 0 0 0 0 0 0 0 0 0 0 0 0 0 0 0 0 0
 0 0 0 0 0 0 0 0 0 0 0 0 0 0 0 0 0 0 0 0 0 0 0 0 0 0
 0 0 0 0 0 0 0 0 0 0 0 0 0 0 0 0 0 0 0 0 0 0 0 0 0 0
 0 0 0 0 0 0 0 0 0 0 0 0 0 0 0 0 0 0 0 0 0 0 0 0 0 0
 0 0 0 0 0 0 0 0 0 0 0 0 0 0 0 0 0 0 0 0 0 0 0 0 0 0
 0.00862536 0 0 0.000197151 0.00414017 0.0128641 0.00837892 0.0270097 0.101434 0.158115 0.152841 0.127902 0.109271 0.109419 0.0830992 0.0579132 0.0238553 0.00714673 0.00463305 0.00128148 0.00103504 0.000492878 0.000147863 0.000147863 4.92878e-05 0
 0 0 0 0 0 0 0 0 0 0 0 0 0 0 0 0 0 0 0 0 0 0 0 0 0 0
 0 0 0 0 0 0 0 0.0054083 0.00873648 0.0413646 0.0450493 0.0745869 0.0622846 0.0627006 0.0613931 0.0827291 0.12552 0.122667 0.0946155 0.0697135 0.0546179 0.0294188 0.0215738 0.0213955 0.0102223 0.00600262
 0 0 0 0 0.00359764 0.0251062 0.0480494 0.140153 0.205849 0.193036 0.1447 0.116669 0.0760912 0.0342217 0.00950174 0.001854 0.000860785 0 0 0 0.000165536 0 0.000143464 0 0 0
 0 0 0 0 0 0 0 0.000145254 0.000435761 0.0275982 0.070085 0.0708112 0.156366 0.174668 0.174014 0.160142 0.0824315 0.0480064 0.0283245 0.00493863 0.00203355 0 0 0 0 0
 0 0 0 0 0 0 0 0 0 0 0 0 0 0 0 0 0 0 0 0 0 0 0 0 0 0
 0 0 1.00437e-05 0.000401748 0.00122533 0.00171747 0.00176769 0.0269171 0.070346 0.194647 0.189555 0.159765 0.064822 0.0314167 0.0384472 0.0292271 0.0345202 0.0313363 0.0194345 0.0106764 0.0143323 0.0359363 0.0279516 0.0138201 0.00172751 0
 0 0.0021121 0.0136068 0.0755702 0.200478 0.177729 0.0527432 0.0373336 0.0318909 0.0142505 0.0149659 0.0166563 0.0217959 0.0798694 0.0677717 0.0528807 0.04013 0.0224614 0.0357745 0.0225083 0.00881397 0.00855152 0.00135912 0.000746735 0 0
 0 0 0 0 5.4009e-05 0.00500934 0.000945158 0.0243581 0.138947 0.33067 0.221406 0.137944 0.0707744 0.0437923 0.0131692 0.00525238 0.0047753 0.00276346 9.45158e-05 9.00151e-06 2.25038e-05 9.00151e-06 4.50075e-06 0 0 0
 0.000866109 0.00284123 0.00948549 0.0512746 0.133035 0.25785 0.225252 0.132002 0.0553304 0.0519788 0.0540692 0.017754 0.00435017 0.00159236 0.00146478 0.000404838 0.000125132 0.000115318 0.000107957 0.000100596 0 0 0 0 0 0
 0 0 0 0 0.00144013 0.00171154 0.00461396 0.0210425 0.0478622 0.0707936 0.0888783 0.103762 0.0637923 0.0337046 0.0602308 0.124433 0.169614 0.0934646 0.0462172 0.0250306 0.0313229 0.00938855 0.002487 0.000210481 0 0
 0 0.00764035 0.051015 0.0998891 0.058973 0.0496711 0.0374665 0.0718981 0.12319 0.153886 0.159021 0.0857701 0.0377988 0.023471 0.0147837 0.00900784 0.00315554 0.000888139 0.00291439 0.00214683 0.00393193 0.00274676 0.000635225 9.99891e-05 0 0
 0 0 0 0 0 0 0 0 0 0 0 0 0 0 0 0 0 0 0 0 0 0 0 0 0 0
 0 0 0 0 0 0 0 0 0 0 0 0 0 0 0 0 0 0 0 0 0 0 0 0 0 0
 0 0 0 0 0 0 0 0 0 0 0 0 0 0 0 0 0 0 0 0 0 0 0 0 0 0
 0 0 0 0 0 0 0 0 0 0 0 0 0 0 0 0 0 0 0 0 0 0 0 0 0 0
 0 0 0 0 0 0 0 0 0 0 0 0 0 0 0 0 0 0 0 0 0 0 0 0 0 0
 0 0 0 0 0 0 0 0 0 0 0 0 0 0 0 0 0 0 0 0 0 0 0 0 0 0
 0 0 0 0 0 0 0 0 0 0 0 0 0 0 0 0 0 0 0 0 0 0 0 0 0 0
ppred_pel_tallas
 1.10609e-16 4.5106e-05 0.000438446 0.00291363 0.013245 0.04121 0.0878029 0.128154 0.128168 0.0878717 0.0414422 0.0139209 0.00463054 0.00425322 0.00748528 0.0128114 0.0196316 0.0271402 0.0344549 0.0410248 0.0466964 0.0513118 0.0542706 0.0545855 0.0514778 0.0450145
 1.15326e-16 4.05321e-05 0.000393986 0.00261818 0.0119019 0.0370313 0.0789003 0.115164 0.115194 0.0790503 0.0375354 0.0133588 0.0062792 0.00839929 0.015285 0.0253189 0.0367538 0.0468647 0.0529495 0.0538916 0.0508622 0.0464846 0.0431111 0.0415496 0.0410192 0.0400425
 1.10841e-16 5.30775e-05 0.000515932 0.00342855 0.0155857 0.048493 0.10332 0.150803 0.150823 0.103417 0.0488168 0.0165223 0.00578549 0.00568068 0.00991973 0.0164683 0.0240806 0.0310544 0.0356902 0.0372254 0.0362522 0.0342057 0.0323507 0.031088 0.0300042 0.0284163
 1.04302e-16 6.42923e-05 0.000624944 0.00415298 0.0188788 0.0587391 0.125151 0.182664 0.182679 0.125225 0.0589879 0.0195978 0.00595914 0.00457269 0.00757634 0.0124624 0.01804 0.0228885 0.0256095 0.0255736 0.0232868 0.0200192 0.0169988 0.0148065 0.0133279 0.0121143
 1.02887e-16 5.7789e-05 0.00056173 0.00373289 0.0169692 0.0527976 0.112492 0.16419 0.164214 0.112608 0.0531894 0.018101 0.00657408 0.0067647 0.0118402 0.0194878 0.0280791 0.0353356 0.0389733 0.0379389 0.0330296 0.026339 0.0199917 0.0151547 0.0118962 0.00968139
 1.02287e-16 6.47242e-05 0.000629142 0.00418087 0.0190057 0.0591337 0.125991 0.183891 0.183907 0.126068 0.059391 0.0197493 0.00604898 0.00471235 0.00783442 0.0128883 0.01865 0.0236398 0.0263876 0.0262029 0.0235602 0.019731 0.0159773 0.0129503 0.010647 0.00875833
 1.03936e-16 4.26438e-05 0.000414513 0.00275458 0.012522 0.0389607 0.0830113 0.121166 0.121204 0.0832007 0.0395966 0.0143589 0.00736599 0.0104826 0.0191676 0.0316304 0.0455839 0.0573708 0.0632843 0.0616064 0.0536154 0.042689 0.0322576 0.0242109 0.0186766 0.0148267
 1.08656e-16 4.10853e-05 0.000399364 0.00265391 0.0120643 0.0375367 0.0799771 0.116735 0.116764 0.0801191 0.0380143 0.0134463 0.00613266 0.00802602 0.0146208 0.0243547 0.0356594 0.0460515 0.0529856 0.0552305 0.0534793 0.0496313 0.045387 0.0413404 0.0371298 0.0322199
 1.10333e-16 4.95301e-05 0.00048145 0.00319941 0.0145441 0.0452521 0.0964152 0.140725 0.140748 0.0965237 0.0456171 0.0155999 0.00585625 0.00630307 0.0111703 0.0185594 0.0271372 0.0349945 0.0402197 0.0419564 0.0408689 0.0385538 0.0363923 0.0347758 0.0331901 0.0308668
 1.0396e-16 6.75243e-05 0.00065636 0.00436174 0.0198279 0.0616919 0.131442 0.191845 0.191857 0.1315 0.0618871 0.0203921 0.00577956 0.00375671 0.00597129 0.00980658 0.01422 0.0180972 0.0203539 0.0205038 0.0189387 0.0166321 0.0145099 0.012985 0.0119327 0.0109843
 1.00599e-16 7.62671e-05 0.000741344 0.00492649 0.0223951 0.0696795 0.14846 0.216683 0.216689 0.14849 0.0697809 0.0226879 0.00566132 0.00234496 0.00312031 0.00503383 0.0072348 0.00907866 0.00996529 0.00962031 0.00825531 0.00642533 0.0046989 0.00339628 0.00254602 0.00200941
 1.00995e-16 4.99111e-05 0.000485153 0.00322402 0.0146559 0.0456002 0.0971575 0.141812 0.141847 0.0973323 0.0461871 0.0163501 0.00747394 0.00975371 0.0176259 0.0289899 0.0415906 0.0519511 0.0565611 0.0537986 0.0449095 0.0332028 0.0221317 0.0137381 0.00834473 0.00522701
 1.01977e-16 6.70632e-05 0.000651878 0.00433196 0.0196925 0.0612707 0.130544 0.190536 0.190548 0.130604 0.0614728 0.0202769 0.00580175 0.00386945 0.00620406 0.0102184 0.0148705 0.0190237 0.0215516 0.0219079 0.0204067 0.0179322 0.0153354 0.013016 0.010939 0.00892785
 1.00606e-16 7.53668e-05 0.000732592 0.00486833 0.0221307 0.068857 0.146707 0.214125 0.214132 0.146742 0.0689733 0.0224666 0.00571118 0.00257199 0.00356712 0.0057737 0.00830022 0.0104175 0.0114382 0.0110477 0.00948735 0.00739155 0.00540907 0.00390398 0.00290758 0.00226252
 1.00622e-16 6.33161e-05 0.000615455 0.00408992 0.0185922 0.0578473 0.12325 0.179892 0.179913 0.123353 0.0581903 0.0195824 0.00657412 0.00603344 0.0103381 0.0169514 0.0243201 0.0303866 0.0330989 0.031509 0.0263433 0.0195315 0.0130857 0.00819372 0.00504087 0.00320424
 1.00171e-16 8.0064e-05 0.000778251 0.00517175 0.02351 0.0731484 0.155851 0.227469 0.227471 0.155861 0.0731849 0.0236154 0.00543638 0.00135622 0.00117856 0.00182376 0.00262407 0.00330888 0.00366127 0.00358093 0.00313712 0.00251753 0.00191304 0.00142941 0.00107672 0.000815443
 1.00652e-16 3.37748e-05 0.000328303 0.00218169 0.0099177 0.0308579 0.0657481 0.095973 0.0960286 0.0660196 0.0317691 0.0125481 0.00877851 0.0147101 0.0272912 0.0449168 0.0643544 0.0801969 0.0869588 0.082113 0.0676381 0.0487745 0.0310238 0.0176863 0.00933231 0.00481925
 1.01369e-16 7.52976e-05 0.00073192 0.00486386 0.0221104 0.0687938 0.146573 0.213928 0.213932 0.146592 0.0688602 0.0223032 0.00535045 0.00180329 0.00213671 0.00348249 0.0051696 0.00683214 0.00813828 0.00891197 0.00919475 0.00914498 0.00887038 0.00835179 0.00751151 0.00633865
 1.01659e-16 5.13029e-05 0.000498683 0.00331392 0.0150646 0.0468719 0.0998667 0.145766 0.145799 0.100033 0.0474291 0.0166734 0.00734934 0.00929863 0.0167365 0.0275158 0.0394653 0.0492802 0.0536339 0.0510049 0.042607 0.0316157 0.0213288 0.0136709 0.00889448 0.0062311
 1.02883e-16 6.08454e-05 0.000591439 0.00393032 0.0178667 0.05559 0.118441 0.172872 0.172889 0.118526 0.0558771 0.018697 0.00601826 0.00516142 0.00877504 0.0145012 0.0210928 0.0269562 0.030488 0.0309127 0.0286864 0.0250853 0.0213438 0.0180508 0.0151642 0.0124219
 1.03633e-16 5.44566e-05 0.000529338 0.00351764 0.0159907 0.0497531 0.106005 0.154723 0.154749 0.106132 0.0501791 0.0172213 0.00660775 0.00727857 0.0128828 0.0212391 0.0306555 0.0386886 0.0428827 0.0421057 0.0372077 0.0304088 0.0239308 0.0189452 0.0154541 0.0128579
 1.02796e-16 6.4612e-05 0.000628052 0.00417363 0.0189727 0.0590312 0.125773 0.183572 0.183587 0.125847 0.0592796 0.0196905 0.00597743 0.00457228 0.00757453 0.0124699 0.0180735 0.022971 0.0257586 0.0257786 0.0234822 0.0200701 0.0167171 0.0140027 0.0118848 0.0100475
 1.05847e-16 2.69059e-05 0.000261535 0.00173799 0.0079007 0.0245823 0.0523772 0.0764574 0.0765115 0.0526416 0.02547 0.0104648 0.00817452 0.0143138 0.0267184 0.0441384 0.0636042 0.0800346 0.0882582 0.0858838 0.0747109 0.0594741 0.0449795 0.0338694 0.0263065 0.0211017
 1.04652e-16 6.76401e-05 0.000657486 0.00436922 0.0198619 0.0617977 0.131667 0.192173 0.19218 0.131701 0.0619121 0.0201941 0.00520953 0.00251265 0.00365184 0.00608921 0.00913628 0.0122643 0.0149608 0.0169591 0.0183209 0.0192437 0.0197749 0.0197109 0.0187634 0.0168223
 1.03882e-16 5.25628e-05 0.00051093 0.00339531 0.0154346 0.0480229 0.102319 0.149344 0.149374 0.102466 0.0485166 0.01686 0.00697187 0.00831398 0.0148588 0.0244483 0.0351393 0.0440418 0.0482588 0.0464839 0.0398021 0.0309838 0.0228473 0.0169487 0.0133521 0.0112534
 1.05993e-16 4.44602e-05 0.000432169 0.00287192 0.0130553 0.0406202 0.0865467 0.126324 0.126355 0.0866995 0.0411336 0.0145396 0.00660321 0.00859565 0.0156011 0.0258586 0.037564 0.0478976 0.0539856 0.0544589 0.050192 0.0435619 0.0368774 0.031253 0.0265957 0.0223325
 1.05174e-16 6.12324e-05 0.000595201 0.00395532 0.0179803 0.0559435 0.119194 0.17397 0.173986 0.119269 0.0561937 0.0187039 0.0057758 0.00458295 0.00767486 0.0126969 0.0185332 0.0238315 0.0272486 0.0281614 0.0269951 0.024838 0.022672 0.0208497 0.019141 0.0171471
 1.03265e-16 6.14836e-05 0.000597643 0.00397155 0.0180541 0.0561731 0.119683 0.174685 0.174705 0.119779 0.056493 0.0189783 0.00629194 0.00566471 0.00968973 0.0159353 0.0229825 0.0289741 0.0320628 0.0314058 0.0276625 0.0225331 0.0177195 0.0141205 0.0117275 0.0100483
 1.05657e-16 3.48964e-05 0.000339205 0.00225414 0.010247 0.0318825 0.0679307 0.0991561 0.0992004 0.0681473 0.0326099 0.0123486 0.00753161 0.0118673 0.0219501 0.0362882 0.0523999 0.0661613 0.0733744 0.0720816 0.0636935 0.0519573 0.0406435 0.0317758 0.0254322 0.0206925
 1.12939e-16 3.57789e-05 0.000347784 0.00231115 0.0105061 0.0326887 0.0696477 0.101659 0.101686 0.0697813 0.0331381 0.0118083 0.00559469 0.00756549 0.0138895 0.0232873 0.0344355 0.0451731 0.0532687 0.0576292 0.0587801 0.0581486 0.0568004 0.0547444 0.0512681 0.0458054
 1.04365e-16 7.18625e-05 0.000698529 0.00464197 0.0211017 0.0656554 0.139886 0.204169 0.204175 0.139917 0.0657599 0.0214041 0.0054031 0.00236763 0.0032644 0.00534341 0.00783554 0.0101671 0.0118122 0.0125509 0.0125893 0.0123794 0.0122797 0.0123336 0.0123047 0.0118881
pSPR Fmed_Fpbrs
0.427234   0.6 0.325
Fs Fmed_Fpbrs
0.54546   0.305781 0.760368
SSBpbr Bo_Bmed_Bpbrs
1.29845e+06  489818  714145 357073
Ro
114583
SPR SPRFo_SPRFmed_SPRFpbrs
817853 349414 265802
Fref
0.305781
Nvult_r0
 149160 9395.96 4259.54 3227.17 753.204
CTP_r0
 33154.1 2775.01 1280.17 970.797 226.59
YTP_r0
391292
Np
 140913 42310.8 15563.5 812.835 461.685
Nvult_p0
 98602.6 30755 11344.6 592.584 336.587
CTP_p0
 16645.7 9506.11 511.289 228.855 214.722
 16645.7 7058.22 2653.77 138.76 78.8198
YTP_p0
 299449 303402
CBA_c0
300635
log_Ro
11.4691
likeval ReclasPelacesDesembMPH_pf_preclas_ppelaces_ptallas_desvR_qrecl_qpela
 33.7423 29.5697 0.0371035 91.4458 216.873 109.324 107.994 0 25.3943 2.07794e-05 6.08943e-05 0.0797231 3.47023e-16 0 0
q_reclas_q_pelaces
1.9078 3.03497
M
1
N
 156180 31177.1 59101 4489.37 0.18533
 88462 47208.6 8598.71 16182.4 1228.8
 86867.3 22587.2 10165.7 1826.81 3696.34
 126084 22277 4895.03 2173.92 1180.24
 101492 27453.7 3797.84 818.517 560.265
 190096 31491.4 7867.97 1081.61 392.535
 71445.6 52376.8 7582.13 1874.25 350.954
 28542.9 12925.5 6804.72 959.586 281.218
 27118.8 9205.79 3920.57 2054.02 374.44
 36869.2 5694.95 1488.29 620.853 384.132
 102227 5335.99 533.368 134.67 90.7646
 57786.4 33126.1 1629.72 162.14 68.5126
 64361 10739.3 4476.85 214.767 30.3537
 99625.9 8438.15 870.083 349.152 19.0775
 47797.7 13587 724.346 72.0031 30.4122
 355632 7346.45 1389.84 71.7457 10.1262
 69313.3 79112.3 1292.42 240.007 14.124
 509319 18619.8 18352.7 296.358 58.237
 281545 136928 4324.49 4213.39 81.3564
 322518 65245.6 25577.9 794.142 787.953
 247445 81971.7 13955.3 5396.66 333.552
 379364 65661.9 18677.2 3141.6 1289.13
 60693.4 85372 11748.8 3281.82 777.761
 230704 15864.1 19025.8 2585.49 892.751
 163603 64198.8 3875.52 4600.26 840.53
 96569.4 45221.4 15529.6 927.639 1301.55
 167901 28393.3 11976.1 4078.84 585.227
 219939 46540.9 6896.85 2878.8 1120.51
 77410.9 64884.5 12386.5 1820.64 1055.27
 45255.4 23465.1 17969.5 3405.94 790.488
 206145 12394.5 5600.13 4242.09 990.072
pred_Ctot
 17890.9 5049.53 9785.04 744.153 0.0307219
 17621.6 12919.6 2400.23 4521.9 343.387
 17126.3 6122.32 2810.65 505.618 1023.12
 33931.6 8033.77 1797.2 798.909 433.757
 10184.6 3913.36 553.601 119.455 81.7707
 30882.6 7118.1 1815.72 249.882 90.6919
 24292.6 23242.1 3418.68 845.79 158.382
 2248.47 1456.53 784.571 110.773 32.4656
 7696.29 3482.24 1509.21 791.424 144.281
 15219.3 2981.97 790.216 329.887 204.115
 7780.25 581.436 59.469 15.0337 10.133
 19090.1 14334.6 716.764 71.3719 30.1598
 28398.3 5942.1 2509.73 120.482 17.0288
 42853.4 4572.04 477.808 191.874 10.4843
 18851.4 6847.33 370.351 36.8426 15.562
 92544.7 2570.1 495.131 25.5841 3.61113
 12126.1 19174.6 319.71 59.4361 3.4979
 88906 4503.51 4530.56 73.2388 14.3929
 68365.1 44980.6 1447.29 1411.5 27.2561
 64937.4 18034.5 7210.85 224.118 222.383
 44760.9 20501 3561.68 1378.82 85.2259
 96877.5 22582.2 6541.92 1101.45 451.996
 11418.9 22151.4 3110.29 869.731 206.13
 36336.5 3482.3 4264.45 580.157 200.336
 26318.3 14376.8 886.125 1053 192.409
 12481.6 8223.61 2885.8 172.578 242.155
 26772.4 6305.58 2715.63 925.923 132.858
 28038.1 8352.68 1264.88 528.58 205.751
 8750.33 10375 2024.72 297.955 172.71
 7487.04 5395.76 4218.37 800.433 185.784
 33154.1 2775.01 1280.17 970.797 226.59
F
 0.196431 0.28807 0.295321 0.295713 0.295734
 0.365191 0.535561 0.549042 0.549771 0.549809
 0.360828 0.529162 0.542483 0.543202 0.54324
 0.524452 0.769121 0.788482 0.789528 0.789583
 0.170266 0.249699 0.255984 0.256324 0.256342
 0.289064 0.42392 0.434591 0.435167 0.435198
 0.709738 1.04085 1.06705 1.06846 1.06854
 0.131577 0.192961 0.197818 0.19808 0.198094
 0.560647 0.822202 0.842898 0.844016 0.844075
 0.932902 1.36812 1.40256 1.40442 1.40452
 0.126878 0.186069 0.190753 0.191006 0.191019
 0.68284 1.0014 1.02661 1.02797 1.02804
 1.03175 1.51308 1.55117 1.55322 1.55333
 0.992311 1.45525 1.49188 1.49386 1.49396
 0.87276 1.27992 1.31214 1.31388 1.31397
 0.503028 0.737703 0.756273 0.757276 0.757329
 0.314413 0.461094 0.472701 0.473328 0.473361
 0.313618 0.459929 0.471506 0.472131 0.472164
 0.462132 0.677728 0.694788 0.69571 0.695758
 0.369784 0.542297 0.555948 0.556686 0.556725
 0.326669 0.479069 0.491128 0.491779 0.491814
 0.491478 0.720764 0.738907 0.739887 0.739939
 0.341776 0.501222 0.513839 0.514521 0.514557
 0.27915 0.40938 0.419685 0.420241 0.420271
 0.285872 0.419239 0.429792 0.430362 0.430392
 0.224108 0.328659 0.336932 0.337379 0.337403
 0.283043 0.415089 0.425538 0.426103 0.426132
 0.220744 0.323726 0.331875 0.332315 0.332338
 0.193611 0.283935 0.291083 0.291469 0.291489
 0.295069 0.432726 0.443618 0.444207 0.444238
 0.285796 0.419127 0.429677 0.430247 0.430277
YTP_r0W_actual
 275179 39127.7 35332.6 33201.2 8451.81
YTP_p0W_proyectada
 124676 148961 11826.1 6721.47 7264.05
 124676 110602 61381.7 4075.39 2666.47
CTP_r0_actual
 33154.1 2775.01 1280.17 970.797 226.59
CTP_p0_proyectada
 16645.7 9506.11 511.289 228.855 214.722
 16645.7 7058.22 2653.77 138.76 78.8198
Wmedp
 7.49 15.67 23.13 29.37 33.83
Frms_r0
 0.285796 0.419127 0.429677 0.430247 0.430277
Zrms_r0
 1.2858 1.41913 1.42968 1.43025 1.43028
nmprior
 7 8 9 0
nm_flota  nm_reclas  nm_pelaces    nm_pelaL
inf 15.5028 14.2647 31.6622
cv_recla  cv_pelaces  cv_mph
0.262713 0.513824 0.780794
 ------------------------------------------------
Talla a la edad & desviaci?n 
 8 13.2811 15.8009 17.003 17.5766
 0.8 1.32811 1.58009 1.7003 1.75766
