years
 1991 1992 1993 1994 1995 1996 1997 1998 1999 2000 2001 2002 2003 2004 2005 2006 2007 2008 2009 2010 2011 2012 2013 2014 2015 2016 2017 2018 2019 2020 2021
reclasobs
 0 0 0 0 0 0 0 0 0 252601 567819 844713 477998 351125 339783 2.1784e+06 2.13404e+06 4.81314e+06 1.55562e+06 2.62356e+06 3.21686e+06 3.843e+06 1.13348e+06 3.07943e+06 1.97215e+06 2.03268e+06 2.025e+06 2.42433e+06 2.27542e+06 1.05018e+06 2.36338e+06
reclaspred
 2.51319e+06 1.44139e+06 810311 1.02694e+06 1.17364e+06 2.273e+06 1.66781e+06 1.59069e+06 905709 330260 475397 614382 634115 499662 497771 1.30555e+06 1.27675e+06 3.09138e+06 2.5112e+06 1.85498e+06 3.13202e+06 2.46907e+06 1.99815e+06 3.1733e+06 2.33893e+06 2.06259e+06 2.46484e+06 2.6452e+06 2.12398e+06 1.30512e+06 1.93825e+06
pelacesobs
 0 0 0 0 0 0 0 0 0 0 0 0 0 0 0 552880 188675 0 991730 2.46772e+06 1.41603e+06 1.21717e+06 2.29649e+06 1.80582e+06 0 1.4828e+06 1.56532e+06 1.57751e+06 1.42118e+06 867257 1.10002e+06
pelacespred
 1.27785e+06 824974 446466 493463 600292 1.22629e+06 883500 943003 439522 114866 207971 278939 324735 273407 273216 624033 620312 1.69371e+06 1.42833e+06 928962 1.59194e+06 1.32903e+06 1.13861e+06 1.92749e+06 1.35709e+06 1.20165e+06 1.64061e+06 1.73716e+06 1.14869e+06 791558 1.21973e+06
mphobs
 0 0 0 0 0 0 0 0 0 0 0 498337 0 5186 125008 0 168611 109162 213762 579715 649985 157893 87575 83554 0 0 0 0 0 0 0
mphpred
 365093 253233 133944 84301.7 116280 151249 249201 189518 137619 50977.3 13324.4 43707.6 58972 52006.1 35180.2 43492.4 155687 149600 309649 228224 233672 283861 268224 236275 322690 263030 215613 231623 328768 216936 129356
desembarqueobs
 564879 452012 244101 341247 126715 446669 441149 317416 781004 722465 324462 331440 300337 352626 272645 422865 271702 803891 852043 745086 894836 850170 227927 529537 430834 300574 407403 355545 319650 289779 219260
desembarquepred
 564880 451255 244529 341267 126719 446666 441143 317431 781141 722537 324459 331489 300380 352632 272627 422830 271722 803733 851829 744809 894930 850183 227934 529569 430827 300573 407400 355522 319636 289787 219264
Reclutas
 185750 101356 107377 185938 165241 337811 144994 78439.4 82962.9 103086 149305 146278 111998 75700.5 74119.6 363302 78669.2 626552 352210 299769 394696 506286 103070 313247 269712 119962 265921 298285 88643.9 65213.3 236636
log_desv_Rt
 0.0934224 -0.512337 -0.454634 0.0944342 -0.0235733 0.691509 -0.154282 -0.76865 -0.712583 -0.495416 -0.124983 -0.14547 -0.412494 -0.804193 -0.825296 0.764257 -0.765725 1.30926 0.733252 0.572035 0.847139 1.09612 -0.495568 0.616016 0.466378 -0.343799 0.452224 0.567072 -0.646349 -0.953314 0.335548
SSB
 1.68485e+06 1.16863e+06 618130 389040 536616 697992 1.15003e+06 874599 635093 235253 61490.4 201704 272147 240000 162352 200711 718471 690380 1.42899e+06 1.05322e+06 1.07836e+06 1.30998e+06 1.23781e+06 1.09038e+06 1.48917e+06 1.21385e+06 995024 1.06891e+06 1.51722e+06 1.00113e+06 596957
BT
 2.51137e+06 1.74871e+06 940499 1.06642e+06 1.05714e+06 2.34176e+06 1.79757e+06 1.79776e+06 1.47719e+06 861640 607059 719098 789213 802446 711541 1.34424e+06 1.20172e+06 3.42878e+06 3.09987e+06 2.15129e+06 3.27845e+06 2.91747e+06 2.01115e+06 3.58298e+06 2.56911e+06 2.18634e+06 3.0456e+06 3.14187e+06 2.09765e+06 1.54572e+06 2.16234e+06
Ftot
 0.273327 0.368877 0.362483 0.442132 0.140504 0.270932 0.320532 0.250201 1.03739 2.28233 0.98599 0.720808 0.6155 0.905156 0.753703 0.479913 0.26161 0.372438 0.431141 0.514049 0.378321 0.448937 0.139997 0.230295 0.232943 0.182062 0.226394 0.187161 0.177341 0.267337 0.161397
BD_Bspro_t
 0.95721 0.736574 0.560333 0.489102 0.540867 0.644669 0.678215 0.589864 0.498069 0.220649 0.0772005 0.244369 0.307799 0.308024 0.264203 0.317807 0.549171 0.541585 0.619345 0.516123 0.45275 0.49548 0.525038 0.566092 0.65846 0.655433 0.658163 0.698729 0.753242 0.6714 0.596874
BD_Bspro
 1.39525 0.967766 0.511884 0.322171 0.444381 0.578019 0.952355 0.72427 0.525932 0.194817 0.0509212 0.167035 0.22537 0.198748 0.134446 0.166212 0.594978 0.571716 1.18337 0.87219 0.893011 1.08482 1.02506 0.902958 1.23321 1.00521 0.823997 0.885182 1.25643 0.82905 0.494351
BD_Bo
 0.997962 0.6922 0.366128 0.230434 0.317846 0.413431 0.681178 0.518038 0.376175 0.139344 0.0364217 0.119472 0.161197 0.142156 0.0961634 0.118884 0.425561 0.408923 0.846411 0.623839 0.638731 0.775921 0.733177 0.645846 0.882057 0.71898 0.589368 0.633131 0.898671 0.592983 0.353587
BD_Brms
 1.81448 1.25855 0.665687 0.418972 0.577902 0.751693 1.2385 0.941888 0.683955 0.253353 0.0662212 0.217223 0.293085 0.258465 0.174843 0.216153 0.773748 0.743496 1.53893 1.13425 1.16133 1.41076 1.33305 1.17427 1.60374 1.30724 1.07158 1.15115 1.63395 1.07815 0.642885
Sel_flota
 0.70014 1 1 1 1
 0.70014 1 1 1 1
 0.70014 1 1 1 1
 0.70014 1 1 1 1
 0.70014 1 1 1 1
 0.70014 1 1 1 1
 0.70014 1 1 1 1
 0.70014 1 1 1 1
 0.70014 1 1 1 1
 0.70014 1 1 1 1
 0.70014 1 1 1 1
 0.70014 1 1 1 1
 0.70014 1 1 1 1
 0.70014 1 1 1 1
 0.70014 1 1 1 1
 0.70014 1 1 1 1
 0.70014 1 1 1 1
 0.70014 1 1 1 1
 0.70014 1 1 1 1
 0.70014 1 1 1 1
 0.70014 1 1 1 1
 0.70014 1 1 1 1
 0.70014 1 1 1 1
 0.70014 1 1 1 1
 0.70014 1 1 1 1
 0.70014 1 1 1 1
 0.70014 1 1 1 1
 0.70014 1 1 1 1
 0.70014 1 1 1 1
 0.70014 1 1 1 1
 0.70014 1 1 1 1
Sel_reclas
 1 1 1 1 1
 1 1 1 1 1
 1 1 1 1 1
 1 1 1 1 1
 1 1 1 1 1
 1 1 1 1 1
 1 1 1 1 1
 1 1 1 1 1
 1 1 1 1 1
 1 1 1 1 1
 1 1 1 1 1
 1 1 1 1 1
 1 1 1 1 1
 1 1 1 1 1
 1 1 1 1 1
 1 1 1 1 1
 1 1 1 1 1
 1 1 1 1 1
 1 1 1 1 1
 1 1 1 1 1
 1 1 1 1 1
 1 1 1 1 1
 1 1 1 1 1
 1 1 1 1 1
 1 1 1 1 1
 1 1 1 1 1
 1 1 1 1 1
 1 1 1 1 1
 1 1 1 1 1
 1 1 1 1 1
 1 1 1 1 1
Sel_pelaces
 0.991054 1 1 1 1
 0.991054 1 1 1 1
 0.991054 1 1 1 1
 0.991054 1 1 1 1
 0.991054 1 1 1 1
 0.991054 1 1 1 1
 0.991054 1 1 1 1
 0.991054 1 1 1 1
 0.991054 1 1 1 1
 0.991054 1 1 1 1
 0.991054 1 1 1 1
 0.991054 1 1 1 1
 0.991054 1 1 1 1
 0.991054 1 1 1 1
 0.991054 1 1 1 1
 0.991054 1 1 1 1
 0.991054 1 1 1 1
 0.991054 1 1 1 1
 0.991054 1 1 1 1
 0.991054 1 1 1 1
 0.991054 1 1 1 1
 0.991054 1 1 1 1
 0.991054 1 1 1 1
 0.991054 1 1 1 1
 0.991054 1 1 1 1
 0.991054 1 1 1 1
 0.991054 1 1 1 1
 0.991054 1 1 1 1
 0.991054 1 1 1 1
 0.991054 1 1 1 1
 0.991054 1 1 1 1
pf_obs 
 0.8446 0.082 0.0669 0.0065 0
 0.8095 0.147 0.0364 0.0071 0
 0.9664 0.0169 0.016 0.0007 0
 0.9276 0.0648 0.0075 0.0001 0
 0.7033 0.2144 0.0806 0.0017 0
 0.9318 0.0425 0.0243 0.0014 0
 0.5671 0.3108 0.0964 0.0239 0.0018
 0.0768 0.2599 0.5324 0.112 0.0189
 0.490249 0.384438 0.106611 0.0170017 0.00170017
 0.7925 0.1577 0.0466 0.003 0.0002
 0.840416 0.127587 0.0312969 0.00059994 9.999e-05
 0.8084 0.0986 0.0794 0.0134 0.0002
 0.7335 0.1905 0.0724 0.0035 0.0001
 0.4001 0.4547 0.1325 0.0127 0
 0.49795 0.308269 0.164784 0.0264974 0.00249975
 0.9179 0.0499 0.0305 0.0017 0
 0.2467 0.6533 0.0926 0.0074 0
 0.9418 0.0223 0.034 0.0019 0
 0.707729 0.231977 0.0356964 0.0245975 0
 0.517169 0.277429 0.184464 0.0207286 0.00020938
 0.811772 0.124168 0.05621 0.00726502 0.000585176
 0.764997 0.148141 0.077277 0.00933861 0.000247198
 0.163321 0.427699 0.378323 0.0303852 0.000271297
 0.753843 0.0900009 0.118128 0.0371064 0.000921714
 0.721811 0.176058 0.0630433 0.0369309 0.00215725
 0.143369 0.312575 0.442814 0.0836902 0.0175525
 0.692698 0.0596174 0.167031 0.0765114 0.00414204
 0.394062 0.376323 0.152708 0.0712218 0.00568511
 0.125707 0.32114 0.495352 0.0537591 0.00404204
 0.23352 0.215282 0.420074 0.123614 0.00750983
 0.796117 0.104755 0.0508955 0.0450114 0.00322123
pf_pred 
 0.541625 0.141663 0.295255 0.021456 1.09356e-06
 0.456452 0.347518 0.0605837 0.12627 0.00917637
 0.604895 0.222013 0.110666 0.0192927 0.0431323
 0.757962 0.169475 0.0407738 0.0203244 0.0114647
 0.660346 0.281597 0.0406518 0.00978039 0.00762521
 0.766461 0.17283 0.0503315 0.00726593 0.00311101
 0.46023 0.448619 0.0674561 0.0196445 0.00405015
 0.427992 0.322279 0.207557 0.0312091 0.0109625
 0.585445 0.218805 0.110289 0.0710293 0.0144318
 0.808696 0.136137 0.0291177 0.0146769 0.0113728
 0.932147 0.0616005 0.00444957 0.0009517 0.000851423
 0.79451 0.197185 0.00753911 0.000544571 0.000220679
 0.690857 0.266947 0.0404904 0.00154809 0.000157138
 0.630436 0.288879 0.0696722 0.0105678 0.000445059
 0.739468 0.19371 0.0522326 0.0125975 0.00199126
 0.932299 0.0557722 0.00886967 0.00239164 0.000667995
 0.362502 0.609145 0.0233571 0.00371457 0.00128136
 0.897403 0.0471771 0.0529548 0.0020305 0.000434311
 0.576031 0.394463 0.0135678 0.0152294 0.000708862
 0.611569 0.263128 0.116583 0.00400995 0.00471055
 0.7278 0.193817 0.0530974 0.0235257 0.00175974
 0.729284 0.217542 0.0378617 0.0103725 0.00493945
 0.303373 0.562088 0.108113 0.0188163 0.00760963
 0.718633 0.109554 0.138631 0.0266645 0.00651756
 0.61057 0.308325 0.0315791 0.0399605 0.00956476
 0.416322 0.408651 0.138575 0.0141931 0.0222588
 0.716346 0.145444 0.096765 0.0328133 0.00863148
 0.668985 0.261419 0.0356855 0.0237418 0.0101687
 0.330431 0.501527 0.132712 0.0181161 0.017215
 0.40805 0.249281 0.256669 0.0679186 0.0180816
 0.811876 0.0955912 0.0389671 0.0401219 0.0134434
pobs_RECLAS
 0 0 0 0 0
 0 0 0 0 0
 0 0 0 0 0
 0 0 0 0 0
 0 0 0 0 0
 0 0 0 0 0
 0 0 0 0 0
 0 0 0 0 0
 0 0 0 0 0
 0 0 0 0 0
 0.991045 0.00858322 0.000360255 1.14367e-05 0
 0.934742 0.0480273 0.0164251 0.00080598 0
 0.827803 0.169806 0.00239088 0 0
 0.941827 0.0461693 0.0120037 0 0
 0.791401 0.0380133 0.147996 0.0225897 0
 0.846168 0.0940531 0.0597789 0 0
 0.134021 0.677848 0.182769 0.00536245 0
 0.80878 0.0450904 0.141981 0.00414843 0
 0.846168 0.0940531 0.0597789 0 0
 0.905697 0.0802665 0.012482 0.00150086 5.37128e-05
 0.989698 0.0102097 9.19794e-05 0 0
 0.975433 0.0193895 0.00387452 0.00125025 5.28907e-05
 0.303575 0.632131 0.0575291 0.00676475 0
 0.966965 0.00978017 0.0227588 0.000495775 0
 0.843318 0.132988 0.00938335 0.0141283 0.000182051
 0.564624 0.303363 0.111486 0.0197234 0.00080311
 0.826376 0.0876187 0.0782897 0.00655872 0.00115652
 0.89761 0.0855135 0.0140674 0.00269457 0.000114338
 0.34875 0.467042 0.161289 0.0227151 0.000203297
 0.318654 0.224769 0.449479 0.00709798 0
 0.937255 0.0296025 0.0250945 0.00804832 0
ppred_RECLAS
 0.62985 0.114396 0.238427 0.0173263 8.83082e-07
 0.548253 0.288825 0.0503516 0.104944 0.00762656
 0.688669 0.17494 0.0872018 0.0152021 0.033987
 0.819469 0.126408 0.0304123 0.0151595 0.00855124
 0.735977 0.218894 0.0315998 0.00760259 0.0059273
 0.825352 0.129248 0.0376396 0.00543371 0.00232651
 0.551563 0.37271 0.0560421 0.0163205 0.00336484
 0.518449 0.271314 0.174734 0.0262737 0.00922892
 0.678689 0.16959 0.0854823 0.055053 0.0111857
 0.874952 0.0889875 0.0190332 0.00959371 0.00743399
 0.953449 0.0422615 0.00305266 0.00065292 0.000584125
 0.850263 0.143686 0.00549364 0.000396821 0.000160806
 0.765518 0.202477 0.0307117 0.00117422 0.000119188
 0.716798 0.221372 0.0533909 0.0080983 0.000341056
 0.806788 0.143657 0.038736 0.00934239 0.00147673
 0.952365 0.0392419 0.00624079 0.00168278 0.000470008
 0.450105 0.525439 0.0201474 0.00320412 0.00110528
 0.926701 0.033705 0.0378328 0.00145066 0.000310287
 0.663127 0.313428 0.0107806 0.0121009 0.000563241
 0.695982 0.205945 0.0912473 0.00313852 0.00368686
 0.794474 0.146342 0.0400915 0.0177632 0.0013287
 0.796165 0.163798 0.0285079 0.00780992 0.00371915
 0.384385 0.496722 0.0955403 0.0166281 0.00672469
 0.785985 0.0833299 0.105446 0.0202817 0.00495744
 0.692748 0.243262 0.0249153 0.031528 0.00754641
 0.505931 0.345913 0.1173 0.0120141 0.0188415
 0.784058 0.110725 0.0736658 0.0249803 0.00657103
 0.743717 0.2024 0.027629 0.0183817 0.00787295
 0.414651 0.438443 0.116019 0.0158374 0.0150496
 0.49811 0.211355 0.217619 0.0575853 0.0153306
 0.860951 0.0706547 0.0288019 0.0296555 0.00993644
pobs_PELACES
 0 0 0 0 0
 0 0 0 0 0
 0 0 0 0 0
 0 0 0 0 0
 0 0 0 0 0
 0 0 0 0 0
 0 0 0 0 0
 0 0 0 0 0
 0 0 0 0 0
 0 0 0 0 0
 0 0 0 0 0
 0 0 0 0 0
 0 0 0 0 0
 0 0 0 0 0
 0 0 0 0 0
 0 0 0 0 0
 0.505614 0.472636 0.0217494 0 0
 0 0 0 0 0
 0.443492 0.261883 0.143347 0.151278 0
 0.227955 0.32914 0.350689 0.0885471 0.00366901
 0.970185 0.0296113 0.000203453 0 0
 0.997202 0.00247181 0.000326279 0 0
 0.445219 0.490057 0.0546422 0.010081 0
 0.90214 0.0892962 0.00764917 0.000914606 0
 0 0 0 0 0
 0.581667 0.319106 0.0959925 0.00289975 0.000334073
 0.762889 0.0836404 0.116647 0.0363945 0.000428098
 0.88444 0.0763242 0.0277011 0.0115352 0
 0.521256 0.241999 0.230069 0.00667565 0
 0.616807 0.101726 0.260614 0.0208532 0
 0.833518 0.0704572 0.0857862 0.0102388 0
ppred_PELACES
 0.63405 0.113098 0.235721 0.0171297 8.73061e-07
 0.555058 0.284474 0.0495931 0.103363 0.00751167
 0.694403 0.171718 0.0855957 0.0149221 0.033361
 0.824555 0.122846 0.0295555 0.0147324 0.00831033
 0.736931 0.218102 0.0314856 0.00757511 0.00590588
 0.827906 0.127358 0.0370891 0.00535424 0.00229249
 0.557178 0.368042 0.0553403 0.0161162 0.0033227
 0.522385 0.269097 0.173306 0.0260589 0.00915348
 0.698764 0.158994 0.0801414 0.0516133 0.0104868
 0.896815 0.073429 0.0157054 0.00791635 0.00613423
 0.957226 0.0388321 0.00280495 0.000599939 0.000536726
 0.858028 0.136235 0.00520876 0.000376243 0.000152467
 0.774708 0.194541 0.0295079 0.00112819 0.000114516
 0.732866 0.208812 0.0503615 0.00763881 0.000321704
 0.816808 0.136207 0.0367271 0.0088579 0.00140015
 0.954081 0.0378277 0.00601589 0.00162214 0.000453071
 0.454291 0.521438 0.019994 0.00317973 0.00109686
 0.928572 0.0328449 0.0368673 0.00141364 0.000302369
 0.670608 0.306468 0.0105412 0.0118321 0.000550733
 0.70477 0.199992 0.0886097 0.00304779 0.00358028
 0.799081 0.143062 0.0391929 0.017365 0.00129892
 0.801856 0.159225 0.027712 0.00759188 0.00361531
 0.385538 0.495792 0.0953614 0.016597 0.0067121
 0.788297 0.0824295 0.104307 0.0200626 0.00490387
 0.695733 0.240899 0.0246732 0.0312217 0.00747308
 0.508188 0.344333 0.116764 0.0119592 0.0187555
 0.786321 0.109565 0.0728939 0.0247185 0.00650217
 0.74553 0.200968 0.0274335 0.0182517 0.00781726
 0.416731 0.436886 0.115607 0.0157811 0.0149962
 0.502477 0.209516 0.215725 0.0570843 0.0151972
 0.861785 0.0702309 0.0286292 0.0294776 0.00987684
pobs_pel_tallas
 0 0 0 0 0 0 0 0 0 0 0 0 0 0 0 0 0 0 0 0 0 0 0 0 0 0
 0 0 0 0 0 0 0 0 0 0 0 0 0 0 0 0 0 0 0 0 0 0 0 0 0 0
 0 0 0 0 0 0 0 0 0 0 0 0 0 0 0 0 0 0 0 0 0 0 0 0 0 0
 0 0 0 0 0 0 0 0 0 0 0 0 0 0 0 0 0 0 0 0 0 0 0 0 0 0
 0 0 0 0 0 0 0 0 0 0 0 0 0 0 0 0 0 0 0 0 0 0 0 0 0 0
 0 0 0 0 0 0 0 0 0 0 0 0 0 0 0 0 0 0 0 0 0 0 0 0 0 0
 0 0 0 0 0 0 0 0 0 0 0 0 0 0 0 0 0 0 0 0 0 0 0 0 0 0
 0 0 0 0 0 0 0 0 0 0 0 0 0 0 0 0 0 0 0 0 0 0 0 0 0 0
 0 0 0 0 0 0 0 0 0 0 0 0 0 0 0 0 0 0 0 0 0 0 0 0 0 0
 0 0 0 0 0 0 0 0 0 0 0 0 0 0 0 0 0 0 0 0 0 0 0 0 0 0
 0 0 0 0 0 0 0 0 0 0 0 0 0 0 0 0 0 0 0 0 0 0 0 0 0 0
 0 0 0 0 0 0 0 0 0 0 0 0 0 0 0 0 0 0 0 0 0 0 0 0 0 0
 0.00862536 0 0 0.000197151 0.00414017 0.0128641 0.00837892 0.0270097 0.101434 0.158115 0.152841 0.127902 0.109271 0.109419 0.0830992 0.0579132 0.0238553 0.00714673 0.00463305 0.00128148 0.00103504 0.000492878 0.000147863 0.000147863 4.92878e-05 0
 0 0 0 0 0 0 0 0 0 0 0 0 0 0 0 0 0 0 0 0 0 0 0 0 0 0
 0 0 0 0 0 0 0 0.0054083 0.00873648 0.0413646 0.0450493 0.0745869 0.0622846 0.0627006 0.0613931 0.0827291 0.12552 0.122667 0.0946155 0.0697135 0.0546179 0.0294188 0.0215738 0.0213955 0.0102223 0.00600262
 0 0 0 0 0.00359764 0.0251062 0.0480494 0.140153 0.205849 0.193036 0.1447 0.116669 0.0760912 0.0342217 0.00950174 0.001854 0.000860785 0 0 0 0.000165536 0 0.000143464 0 0 0
 0 0 0 0 0 0 0 0.000145254 0.000435761 0.0275982 0.070085 0.0708112 0.156366 0.174668 0.174014 0.160142 0.0824315 0.0480064 0.0283245 0.00493863 0.00203355 0 0 0 0 0
 0 0 0 0 0 0 0 0 0 0 0 0 0 0 0 0 0 0 0 0 0 0 0 0 0 0
 0 0 1.00437e-05 0.000401748 0.00122533 0.00171747 0.00176769 0.0269171 0.070346 0.194647 0.189555 0.159765 0.064822 0.0314167 0.0384472 0.0292271 0.0345202 0.0313363 0.0194345 0.0106764 0.0143323 0.0359363 0.0279516 0.0138201 0.00172751 0
 0 0.0021121 0.0136068 0.0755702 0.200478 0.177729 0.0527432 0.0373336 0.0318909 0.0142505 0.0149659 0.0166563 0.0217959 0.0798694 0.0677717 0.0528807 0.04013 0.0224614 0.0357745 0.0225083 0.00881397 0.00855152 0.00135912 0.000746735 0 0
 0 0 0 0 5.4009e-05 0.00500934 0.000945158 0.0243581 0.138947 0.33067 0.221406 0.137944 0.0707744 0.0437923 0.0131692 0.00525238 0.0047753 0.00276346 9.45158e-05 9.00151e-06 2.25038e-05 9.00151e-06 4.50075e-06 0 0 0
 0.000866109 0.00284123 0.00948549 0.0512746 0.133035 0.25785 0.225252 0.132002 0.0553304 0.0519788 0.0540692 0.017754 0.00435017 0.00159236 0.00146478 0.000404838 0.000125132 0.000115318 0.000107957 0.000100596 0 0 0 0 0 0
 0 0 0 0 0.00144013 0.00171154 0.00461396 0.0210425 0.0478622 0.0707936 0.0888783 0.103762 0.0637923 0.0337046 0.0602308 0.124433 0.169614 0.0934646 0.0462172 0.0250306 0.0313229 0.00938855 0.002487 0.000210481 0 0
 0 0.00764035 0.051015 0.0998891 0.058973 0.0496711 0.0374665 0.0718981 0.12319 0.153886 0.159021 0.0857701 0.0377988 0.023471 0.0147837 0.00900784 0.00315554 0.000888139 0.00291439 0.00214683 0.00393193 0.00274676 0.000635225 9.99891e-05 0 0
 0 0 0 0 0 0 0 0 0 0 0 0 0 0 0 0 0 0 0 0 0 0 0 0 0 0
 0 0 0 0 0 0 0 0 0 0 0 0 0 0 0 0 0 0 0 0 0 0 0 0 0 0
 0 0 0 0 0 0 0 0 0 0 0 0 0 0 0 0 0 0 0 0 0 0 0 0 0 0
 0 0 0 0 0 0 0 0 0 0 0 0 0 0 0 0 0 0 0 0 0 0 0 0 0 0
 0 0 0 0 0 0 0 0 0 0 0 0 0 0 0 0 0 0 0 0 0 0 0 0 0 0
 0 0 0 0 0 0 0 0 0 0 0 0 0 0 0 0 0 0 0 0 0 0 0 0 0 0
 0 0 0 0 0 0 0 0 0 0 0 0 0 0 0 0 0 0 0 0 0 0 0 0 0 0
ppred_pel_tallas
 1.0855e-16 5.22259e-05 0.000507654 0.00337354 0.0153356 0.0477149 0.101662 0.148381 0.148392 0.101717 0.047901 0.0158773 0.00474965 0.00356619 0.00602024 0.0102846 0.0157733 0.0218357 0.0277696 0.0331328 0.0377904 0.0415937 0.0440339 0.0442985 0.0417577 0.0364784
 1.13141e-16 4.57195e-05 0.000444409 0.00295326 0.0134251 0.0417706 0.0889977 0.129901 0.129928 0.089132 0.0422215 0.0147282 0.00622704 0.00760124 0.0136694 0.0226141 0.032795 0.0417503 0.0470459 0.0476744 0.0446918 0.0404744 0.0371747 0.0355691 0.0350008 0.0341648
 1.09657e-16 5.71971e-05 0.000555976 0.00369466 0.0167954 0.0522568 0.111339 0.162506 0.162523 0.111421 0.0525305 0.0175874 0.0056878 0.0049243 0.00840461 0.0139393 0.0203953 0.0263313 0.030318 0.0317164 0.0310269 0.0294538 0.028049 0.027129 0.0263223 0.0250349
 1.03769e-16 6.79176e-05 0.000660183 0.00438715 0.0199433 0.0620512 0.132207 0.192963 0.192974 0.132265 0.062246 0.0205062 0.00580128 0.00375143 0.00595132 0.00976495 0.0141414 0.0179598 0.0201309 0.0201683 0.0184725 0.0160359 0.0138106 0.0122337 0.0111926 0.010314
 1.02724e-16 6.07001e-05 0.000590026 0.00392093 0.017824 0.0554572 0.118158 0.17246 0.172481 0.118261 0.0558021 0.0188203 0.00642191 0.00605005 0.0104314 0.0171524 0.0247107 0.0310922 0.0342866 0.0333695 0.0290488 0.0231746 0.0176234 0.0134235 0.0106279 0.00875185
 1.02028e-16 6.81936e-05 0.000662866 0.00440498 0.0200244 0.0623034 0.132744 0.193747 0.193759 0.132805 0.0625054 0.0206083 0.00587207 0.00387033 0.00617376 0.010135 0.0146781 0.0186344 0.0208553 0.0208018 0.0188417 0.0159594 0.0131247 0.0108273 0.00904933 0.00754416
 1.0387e-16 4.58941e-05 0.000446107 0.00296454 0.0134764 0.0419303 0.0893382 0.130399 0.130435 0.0895115 0.0425124 0.0151579 0.00718561 0.00966183 0.0175515 0.0289522 0.0417227 0.0525108 0.0579258 0.0564001 0.0491119 0.0391604 0.0296891 0.0224224 0.0174617 0.0140271
 1.09233e-16 4.30282e-05 0.00041825 0.00277942 0.0126348 0.0393118 0.083759 0.122254 0.12228 0.0838869 0.0397419 0.0138797 0.0059147 0.00729721 0.0132089 0.0220341 0.0323554 0.0419803 0.0486617 0.0513088 0.050511 0.0478791 0.0447982 0.0416532 0.0380172 0.0333908
 1.09305e-16 5.75563e-05 0.000559468 0.00371786 0.0169009 0.052585 0.112038 0.163527 0.163542 0.112114 0.0528386 0.017635 0.00556604 0.00461229 0.00780894 0.0129633 0.0190138 0.0246524 0.0285926 0.0302766 0.0301766 0.0293685 0.0287245 0.028387 0.0278564 0.0264861
 1.02305e-16 7.38695e-05 0.000718038 0.00477161 0.0216911 0.067489 0.143793 0.209871 0.209878 0.143827 0.0676053 0.0220273 0.00561616 0.00256371 0.00358523 0.00582663 0.00842633 0.0106842 0.0119446 0.0119173 0.0108478 0.00934131 0.00798192 0.00704369 0.00646376 0.00601173
 1.00242e-16 7.88455e-05 0.000766406 0.00509304 0.0231522 0.0720351 0.153479 0.224007 0.224011 0.153497 0.0720965 0.0233293 0.00553723 0.00173538 0.00191704 0.00303905 0.0043575 0.00545284 0.00595661 0.00570112 0.00481641 0.00364503 0.00254148 0.00171093 0.00117917 0.000864985
 1.00249e-16 7.06746e-05 0.000686983 0.00456524 0.0207529 0.0645701 0.137574 0.200796 0.200809 0.137638 0.0647851 0.0213735 0.0061217 0.00408092 0.00650512 0.0106128 0.0152115 0.0189815 0.0206295 0.01956 0.016233 0.0118702 0.00775036 0.00463527 0.00265175 0.0015348
 1.01034e-16 6.38117e-05 0.000620273 0.00412193 0.0187377 0.0583001 0.124215 0.1813 0.181318 0.124307 0.0586077 0.0196263 0.00635243 0.00548943 0.00931097 0.0152907 0.0220165 0.0276736 0.0304512 0.0295015 0.0254302 0.0198707 0.0145019 0.0102797 0.00732329 0.00528987
 1.02328e-16 6.03653e-05 0.000586772 0.00389931 0.0177257 0.0551513 0.117506 0.171508 0.171528 0.117605 0.0554822 0.0186818 0.00630069 0.00583405 0.0100406 0.0165416 0.0239107 0.0302491 0.0336535 0.033229 0.0295931 0.0244059 0.0193294 0.0152445 0.01218 0.00975216
 1.02221e-16 6.72794e-05 0.00065398 0.00434593 0.019756 0.0614682 0.130965 0.19115 0.191163 0.131029 0.0616842 0.0203802 0.00591415 0.00408201 0.00659126 0.0108256 0.0156708 0.0198794 0.0222231 0.0221293 0.020001 0.0169039 0.0138868 0.0114764 0.00964453 0.00810848
 1.00423e-16 7.85864e-05 0.000763888 0.0050763 0.0230761 0.0717985 0.152974 0.223271 0.223275 0.152992 0.0718583 0.023249 0.00551027 0.00171143 0.00187872 0.00298304 0.00429308 0.00540593 0.00596921 0.00582182 0.00508427 0.00407365 0.00311098 0.00237143 0.00186409 0.00150864
 1.01215e-16 3.74195e-05 0.000363731 0.00241712 0.0109879 0.0341877 0.0728424 0.106326 0.106376 0.0730875 0.0350104 0.013363 0.00837465 0.0133546 0.024667 0.0406086 0.0582321 0.0726747 0.0790058 0.0749508 0.0622746 0.0456541 0.029979 0.0181532 0.0106458 0.00642512
 1.01266e-16 7.64852e-05 0.000743464 0.00494058 0.0224592 0.0698788 0.148884 0.217302 0.217305 0.1489 0.0699317 0.0226128 0.00532865 0.00159848 0.00172329 0.00278753 0.00414636 0.00550041 0.00658951 0.00727588 0.00758957 0.00764654 0.00751666 0.0071673 0.00652361 0.00557267
 1.01663e-16 5.52372e-05 0.000536925 0.00356806 0.0162199 0.0504662 0.107525 0.156942 0.156971 0.107669 0.0509498 0.017616 0.00707 0.00817372 0.0145356 0.0238822 0.0342571 0.0427865 0.046587 0.0443425 0.0371094 0.0276429 0.0187994 0.012238 0.00816325 0.00589386
 1.0352e-16 5.8051e-05 0.000564277 0.00374982 0.0170461 0.053037 0.113002 0.164933 0.164953 0.113096 0.0533552 0.0179663 0.00606394 0.00563049 0.00972188 0.0160897 0.0234252 0.0299802 0.0339885 0.0345946 0.0322961 0.0284854 0.0244989 0.0209574 0.0177936 0.0147137
 1.03129e-16 6.58193e-05 0.000639787 0.00425161 0.0193272 0.0601342 0.128123 0.187002 0.187016 0.12819 0.0603611 0.0199831 0.00589972 0.00424325 0.00692614 0.0113902 0.0165061 0.020979 0.0235346 0.0235883 0.0215745 0.01861 0.0157715 0.0135647 0.0118988 0.01042
 1.02214e-16 6.60478e-05 0.000642008 0.00426637 0.0193943 0.060343 0.128568 0.187652 0.187667 0.128643 0.060595 0.0201222 0.00609404 0.00463337 0.00765099 0.0125563 0.0181104 0.0228359 0.0252736 0.0247517 0.0217774 0.0176766 0.0137827 0.0108096 0.00877254 0.00731689
 1.0568e-16 3.17563e-05 0.000308683 0.00205131 0.00932498 0.0290137 0.0618186 0.0902361 0.0902839 0.0620523 0.0297986 0.0115923 0.00774459 0.0127434 0.0236658 0.0391215 0.0564627 0.071231 0.078885 0.0773094 0.0680391 0.0551484 0.0427476 0.0330591 0.0261889 0.0211412
 1.05874e-16 6.4931e-05 0.000631153 0.00419423 0.0190664 0.0593226 0.126393 0.184477 0.184485 0.126433 0.0594561 0.0194538 0.00517411 0.00279439 0.00424424 0.0070994 0.0106547 0.0143077 0.0174682 0.019836 0.0214964 0.0226897 0.0234711 0.0235862 0.0226647 0.0205366
 1.0517e-16 5.73067e-05 0.000557041 0.00370174 0.0168276 0.052357 0.111553 0.16282 0.162843 0.111666 0.0527378 0.0179275 0.0064627 0.00658409 0.0115039 0.0189296 0.0272732 0.0343307 0.0379115 0.0370444 0.0325749 0.0266006 0.0212024 0.0174462 0.0152387 0.0138495
 1.07831e-16 4.18588e-05 0.000406883 0.00270388 0.0122915 0.0382435 0.0814831 0.118934 0.118967 0.0816458 0.0387903 0.0138721 0.00667674 0.00909705 0.0165971 0.0275054 0.0399302 0.0508657 0.0572555 0.057667 0.0530834 0.0461058 0.0392537 0.0337295 0.0293794 0.0254735
 1.05711e-16 6.47682e-05 0.00062957 0.00418372 0.0190186 0.0591739 0.126077 0.184015 0.184025 0.126129 0.0593492 0.0195261 0.00546256 0.00343725 0.00544413 0.00902168 0.0132819 0.0173199 0.0202525 0.0216716 0.0218417 0.0214131 0.0208982 0.0203536 0.0194753 0.0179353
 1.03997e-16 6.14083e-05 0.000596911 0.00396668 0.018032 0.0561043 0.119537 0.174472 0.174491 0.119632 0.0564222 0.0189502 0.00627179 0.00562998 0.00962334 0.0158216 0.0228106 0.0287445 0.0317934 0.0311346 0.0274483 0.0224526 0.017858 0.0145517 0.0124865 0.0111086
 1.07569e-16 3.43256e-05 0.000333657 0.00221727 0.0100794 0.0313611 0.0668196 0.097534 0.0975762 0.0670258 0.0320537 0.0120811 0.00724597 0.0113251 0.0209494 0.0346845 0.0502069 0.0636507 0.0710778 0.0706493 0.0636682 0.0535826 0.0438025 0.0360678 0.0303211 0.025652
 1.14576e-16 4.13884e-05 0.00040231 0.00267349 0.0121533 0.0378136 0.0805666 0.117594 0.117614 0.080667 0.0381514 0.0131328 0.00514724 0.00585251 0.0105395 0.0177448 0.0264652 0.0351901 0.0423702 0.0472585 0.050204 0.0520721 0.0533135 0.0535279 0.0518409 0.0476637
 1.05472e-16 7.09841e-05 0.000689991 0.00458523 0.0208438 0.0648529 0.138176 0.201674 0.20168 0.138209 0.0649648 0.0211676 0.00540011 0.00247608 0.00348487 0.00570768 0.00835828 0.0108245 0.0125467 0.0133038 0.0133445 0.0131879 0.013247 0.013571 0.0138731 0.0137598
pSPR Fmed_Fpbrs
0.539491   0.6 0.325
Fs Fmed_Fpbrs
0.365094   0.295936 0.732186
SSBpbr Bo_Bmed_Bpbrs
1.68829e+06  826403  928559 464280
Ro
169182
SPR SPRFo_SPRFmed_SPRFpbrs
1.20756e+06 651467 392457
Fref
0.295936
Nvult_r0
 158884 13667.2 5571.34 5736.45 1922.07
CTP_r0
 16131.2 1899.3 774.237 797.182 267.106
YTP_r0
219264
Np
 195632 58500.8 21276.2 1704.3 884.86
Nvult_p0
 137132 42492.6 15454.1 1237.94 642.726
CTP_p0
 23536.5 12896.6 1033.07 421.125 569.344
 23536.5 9703.47 3529.06 282.691 146.771
YTP_p0
 433903 423237
CBA_c0
430703
log_Ro
11.8587
likeval ReclasPelacesDesembMPH_pf_preclas_ppelaces_ptallas_desvR_qrecl_qpela
 12.8447 17.5374 0.0312519 0.000884085 238.711 116.304 99.128 0 17.3094 1.53439e-06 6.78096e-06 0.157822 6.63013e-16 0 0
q_reclas_q_pelaces
1.19188 1.44842
M
1
N
 185750 35148 73256 5323.45 0.271325
 101356 56431.7 9837.88 20504.3 1490.1
 107377 28799.9 14355.8 2502.68 5595.2
 185938 30647.6 7373.49 3675.43 2073.25
 165241 50192.1 7245.8 1743.26 1359.12
 337811 55093.5 16044.3 2316.18 991.703
 144994 102801 15457.6 4501.55 928.092
 78439.4 42618 27447.2 4127.07 1449.68
 82962.9 24219.3 12207.8 7862.17 1597.44
 103086 14762.3 3157.45 1591.52 1233.24
 149305 7672.27 554.189 118.533 106.044
 146278 27540.6 1052.98 76.0595 30.822
 111998 32487 4927.61 188.4 19.1234
 75700.5 26777.1 6458.13 979.566 41.2539
 74119.6 14776.7 3984.42 960.967 151.898
 363302 16086.5 2558.31 689.829 192.672
 78669.2 95509.7 3662.22 582.418 200.908
 626552 24097 27048.1 1037.13 221.836
 352210 177589 6108.31 6856.39 319.134
 299769 95810.2 42450.3 1460.11 1715.21
 394696 76946.1 21079.9 9339.79 698.624
 506286 111412 19390.5 5312.16 2529.69
 103070 136017 26161.8 4553.28 1841.42
 313247 34377.1 43501.1 8367.07 2045.15
 269712 98077.1 10045.2 12711.3 3042.52
 119962 84289.9 28583 2927.51 4591.19
 265921 38850 25847.1 8764.85 2305.58
 298285 83487.2 11396.6 7582.22 3247.49
 88643.9 96255.9 25470.8 3476.95 3304
 65213.3 28802.6 29656.1 7847.47 2089.19
 236636 19895.4 8110.24 8350.59 2797.97
pred_Ctot
 20772.1 5432.97 11323.5 822.868 0.0419398
 14892.5 11338.4 1976.65 4119.76 299.395
 15531.3 5700.42 2841.47 495.359 1107.47
 32087.7 7174.56 1726.13 860.415 485.346
 9865.02 4206.83 607.304 146.111 113.914
 37471.1 8449.41 2460.63 355.221 152.093
 18764 18290.6 2750.25 800.926 165.128
 8082.23 6085.95 3919.52 589.354 207.017
 28694.2 10724.2 5405.56 3481.33 707.34
 58686.9 9879.44 2113.07 1065.1 825.326
 49728.7 3286.3 237.378 50.7718 45.4222
 38165.5 9472.09 362.153 26.1593 10.6007
 25664.9 9916.91 1504.19 57.5107 5.83757
 23632.7 10829 2611.75 396.149 16.6836
 20045.8 5251.18 1415.94 341.499 53.9798
 67349.8 4029.02 640.75 172.774 48.2564
 8448.21 14196.3 544.343 86.569 29.8624
 92857.5 4881.58 5479.42 210.103 44.9397
 59450.9 40711.6 1400.3 1571.8 73.1601
 58971.2 25372.4 11241.7 386.665 454.22
 59322.3 15797.8 4327.92 1917.56 143.435
 88549.6 26413.9 4597.16 1259.42 599.747
 6132.04 11361.4 2185.27 380.331 153.812
 29876.5 4554.61 5763.44 1108.55 270.962
 26000.5 13129.7 1344.77 1701.68 407.306
 9170.35 9001.39 3052.4 312.631 490.297
 24960.7 5067.94 3371.73 1143.36 300.76
 23406.5 9146.53 1248.57 830.678 355.782
 6609.47 10031.8 2654.58 362.369 344.344
 7144.94 4364.91 4494.27 1189.25 316.608
 16131.2 1899.3 774.237 797.182 267.106
F
 0.191367 0.273327 0.273327 0.273327 0.273327
 0.258266 0.368877 0.368877 0.368877 0.368877
 0.253789 0.362483 0.362483 0.362483 0.362483
 0.309554 0.442132 0.442132 0.442132 0.442132
 0.0983725 0.140504 0.140504 0.140504 0.140504
 0.18969 0.270932 0.270932 0.270932 0.270932
 0.224417 0.320532 0.320532 0.320532 0.320532
 0.175176 0.250201 0.250201 0.250201 0.250201
 0.726317 1.03739 1.03739 1.03739 1.03739
 1.59795 2.28233 2.28233 2.28233 2.28233
 0.690331 0.98599 0.98599 0.98599 0.98599
 0.504667 0.720808 0.720808 0.720808 0.720808
 0.430936 0.6155 0.6155 0.6155 0.6155
 0.633736 0.905156 0.905156 0.905156 0.905156
 0.527697 0.753703 0.753703 0.753703 0.753703
 0.336006 0.479913 0.479913 0.479913 0.479913
 0.183163 0.26161 0.26161 0.26161 0.26161
 0.260758 0.372438 0.372438 0.372438 0.372438
 0.301859 0.431141 0.431141 0.431141 0.431141
 0.359907 0.514049 0.514049 0.514049 0.514049
 0.264878 0.378321 0.378321 0.378321 0.378321
 0.314319 0.448937 0.448937 0.448937 0.448937
 0.0980173 0.139997 0.139997 0.139997 0.139997
 0.161239 0.230295 0.230295 0.230295 0.230295
 0.163093 0.232943 0.232943 0.232943 0.232943
 0.127469 0.182062 0.182062 0.182062 0.182062
 0.158507 0.226394 0.226394 0.226394 0.226394
 0.131039 0.187161 0.187161 0.187161 0.187161
 0.124164 0.177341 0.177341 0.177341 0.177341
 0.187173 0.267337 0.267337 0.267337 0.267337
 0.113 0.161397 0.161397 0.161397 0.161397
YTP_r0W_actual
 133889 26780.1 21368.9 27263.6 9963.04
YTP_p0W_proyectada
 176288 202090 23894.9 12368.4 19260.9
 176288 152053 81627.1 8302.64 4965.26
CTP_r0_actual
 16131.2 1899.3 774.237 797.182 267.106
CTP_p0_proyectada
 23536.5 12896.6 1033.07 421.125 569.344
 23536.5 9703.47 3529.06 282.691 146.771
Wmedp
 7.49 15.67 23.13 29.37 33.83
Frms_r0
 0.113 0.161397 0.161397 0.161397 0.161397
Zrms_r0
 1.113 1.1614 1.1614 1.1614 1.1614
nmprior
 8.19 8.8 8.5 0
nm_flota  nm_reclas  nm_pelaces    nm_pelaL
inf 14.5544 19.8718 48.7201
cv_recla  cv_pelaces  cv_mph
0.32418 0.474848 0.917598
 ------------------------------------------------
Talla a la edad & desviaci?n 
 8 13.2811 15.8009 17.003 17.5766
 0.8 1.32811 1.58009 1.7003 1.75766
