years
 1991 1992 1993 1994 1995 1996 1997 1998 1999 2000 2001 2002 2003 2004 2005 2006 2007 2008 2009 2010 2011 2012 2013 2014 2015 2016 2017 2018 2019 2020 2021
reclasobs
 0 0 0 0 0 0 0 0 0 252601 567819 844713 477998 351125 339783 2.1784e+06 2.13404e+06 4.81314e+06 1.55562e+06 2.62356e+06 3.21686e+06 3.843e+06 1.13348e+06 3.07943e+06 1.97215e+06 2.03268e+06 2.025e+06 2.42433e+06 2.27542e+06 1.05018e+06 2.36338e+06
reclaspred
 3.18273e+06 1.72397e+06 873528 914578 934375 1.6723e+06 873364 720289 476401 282983 534601 724441 590907 396156 378197 1.76833e+06 1.71912e+06 3.52704e+06 2.29683e+06 2.06035e+06 3.45855e+06 2.5916e+06 1.72448e+06 2.99307e+06 2.18661e+06 1.94423e+06 2.2988e+06 2.62113e+06 2.03977e+06 1.1849e+06 2.14596e+06
pelacesobs
 0 0 0 0 0 0 0 0 0 0 0 0 0 0 0 552880 188675 0 991730 2.46772e+06 1.41603e+06 1.21717e+06 2.29649e+06 1.80582e+06 0 1.4828e+06 1.56532e+06 1.57751e+06 1.42118e+06 867257 1.10002e+06
pelacespred
 1.82151e+06 1.06645e+06 518516 415529 480697 854825 406871 449937 261549 131584 273399 321978 286249 177868 174040 744586 840666 1.84152e+06 1.26491e+06 983833 1.70872e+06 1.37003e+06 972982 1.73035e+06 1.27265e+06 1.14823e+06 1.46618e+06 1.63674e+06 1.16631e+06 751890 1.22102e+06
mphobs
 0 0 0 0 0 0 0 0 0 0 0 498337 0 5186 125008 0 168611 109162 213762 579715 649985 157893 87575 83554 0 0 0 0 0 0 0
mphpred
 477280 321954 152276 85050.3 94127.4 116145 160671 77951.3 68628.5 36928.4 19782.5 65097.2 65845.2 40014.7 20463.1 28096.5 208704 199278 338118 188818 264442 308247 263340 182141 297921 240799 198286 208763 320550 202283 110477
desembarqueobs
 494567 514787 250237 358949 120608 361735 552515 73892 212993 205616 52469 317467 293654 387597 252695 516296 358380 742168 942051 627588 828172 859565 418607 520667 417249 300574 415391 372974 316634 284311 391294
desembarquepred
 494568 513954 250616 358986 120614 361740 552533 73898.5 213070 205680 52471.2 317558 293712 387468 252633 516230 358417 742075 941800 627311 828283 859671 418666 520677 417224 300561 415374 372917 316607 284319 391291
Reclutas
 164227 90258.2 89690.6 132526 106185 197745 74120.3 29494.4 28574.9 38978 89766.3 116742 79097.1 66673.3 56436.1 426107 87806.2 518125 238233 329546 333479 426799 65334.2 263586 210981 97795.9 202146 247452 70182 49420.8 239637
log_desv_Rt
 0.276681 -0.321894 -0.328204 0.0622112 -0.159387 0.462407 -0.518879 -1.44037 -1.47204 -1.16157 -0.327359 -0.0646047 -0.453893 -0.624765 -0.791461 1.23012 -0.349437 1.42565 0.648682 0.973146 0.98501 1.23174 -0.645054 0.749808 0.527199 -0.241686 0.484421 0.686647 -0.573477 -0.924198 0.654558
SSB
 1.6573e+06 1.11795e+06 528759 295327 326846 403299 557909 270676 238304 128230 68692.2 226042 228639 138946 71055.6 97561.7 724698 691968 1.17407e+06 655648 918243 1.07035e+06 914417 632462 1.03449e+06 836146 688524 724905 1.11307e+06 702403 383617
BT
 2.41779e+06 1.67321e+06 810357 796761 662834 1.37391e+06 953737 600892 520205 356529 397358 660792 614426 630115 479244 1.40408e+06 1.25748e+06 2.98908e+06 2.41245e+06 1.72905e+06 2.78584e+06 2.44214e+06 1.47352e+06 2.67988e+06 1.86813e+06 1.60909e+06 2.2463e+06 2.42169e+06 1.56783e+06 1.11795e+06 1.93814e+06
Ftot
 0.249371 0.4606 0.453307 0.678923 0.224721 0.396315 0.956321 0.17552 0.740546 1.17441 0.198854 0.761866 0.833834 1.60671 1.22781 0.599162 0.344369 0.397331 0.671627 0.549675 0.423271 0.575073 0.385775 0.329253 0.323989 0.259732 0.33116 0.269123 0.244108 0.381237 0.355883
BD_Bspro_t
 0.961066 0.742717 0.517478 0.416208 0.413954 0.515836 0.519322 0.30988 0.356539 0.268511 0.209534 0.546172 0.408606 0.263365 0.151326 0.200347 0.523213 0.49031 0.55662 0.396502 0.429743 0.460497 0.449036 0.400522 0.553477 0.558537 0.565323 0.606851 0.683191 0.583595 0.482207
BD_Bspro
 1.8645 1.25772 0.594868 0.33225 0.36771 0.453722 0.627662 0.304518 0.268098 0.144262 0.0772805 0.254303 0.257225 0.156318 0.0799394 0.109759 0.815305 0.778482 1.32086 0.737621 1.03305 1.20417 1.02874 0.711537 1.16383 0.940687 0.774608 0.815537 1.25223 0.790222 0.431579
BD_Bo
 1.18303 0.798024 0.377445 0.210813 0.233312 0.287887 0.398252 0.193217 0.170109 0.0915342 0.0490346 0.161356 0.16321 0.0991841 0.0507217 0.0696425 0.517312 0.493948 0.838091 0.468022 0.65547 0.764049 0.652739 0.451471 0.738453 0.596867 0.49149 0.517459 0.794544 0.501397 0.273838
BD_Brms
 2.15096 1.45095 0.686263 0.383297 0.424205 0.523431 0.724095 0.351304 0.309288 0.166426 0.0891538 0.293374 0.296745 0.180335 0.0922212 0.126623 0.940567 0.898087 1.5238 0.850948 1.19176 1.38918 1.1868 0.820856 1.34264 1.08521 0.893618 0.940835 1.44463 0.911631 0.497887
Sel_flota
 0.681019 0.975941 0.998704 0.999932 0.999996
 0.681019 0.975941 0.998704 0.999932 0.999996
 0.681019 0.975941 0.998704 0.999932 0.999996
 0.681019 0.975941 0.998704 0.999932 0.999996
 0.681019 0.975941 0.998704 0.999932 0.999996
 0.681019 0.975941 0.998704 0.999932 0.999996
 0.681019 0.975941 0.998704 0.999932 0.999996
 0.681019 0.975941 0.998704 0.999932 0.999996
 0.681019 0.975941 0.998704 0.999932 0.999996
 0.681019 0.975941 0.998704 0.999932 0.999996
 0.681019 0.975941 0.998704 0.999932 0.999996
 0.681019 0.975941 0.998704 0.999932 0.999996
 0.681019 0.975941 0.998704 0.999932 0.999996
 0.681019 0.975941 0.998704 0.999932 0.999996
 0.681019 0.975941 0.998704 0.999932 0.999996
 0.681019 0.975941 0.998704 0.999932 0.999996
 0.681019 0.975941 0.998704 0.999932 0.999996
 0.681019 0.975941 0.998704 0.999932 0.999996
 0.681019 0.975941 0.998704 0.999932 0.999996
 0.681019 0.975941 0.998704 0.999932 0.999996
 0.681019 0.975941 0.998704 0.999932 0.999996
 0.681019 0.975941 0.998704 0.999932 0.999996
 0.681019 0.975941 0.998704 0.999932 0.999996
 0.681019 0.975941 0.998704 0.999932 0.999996
 0.681019 0.975941 0.998704 0.999932 0.999996
 0.681019 0.975941 0.998704 0.999932 0.999996
 0.681019 0.975941 0.998704 0.999932 0.999996
 0.681019 0.975941 0.998704 0.999932 0.999996
 0.681019 0.975941 0.998704 0.999932 0.999996
 0.681019 0.975941 0.998704 0.999932 0.999996
 0.681019 0.975941 0.998704 0.999932 0.999996
Sel_reclas
 1 1 1 1 1
 1 1 1 1 1
 1 1 1 1 1
 1 1 1 1 1
 1 1 1 1 1
 1 1 1 1 1
 1 1 1 1 1
 1 1 1 1 1
 1 1 1 1 1
 1 1 1 1 1
 1 1 1 1 1
 1 1 1 1 1
 1 1 1 1 1
 1 1 1 1 1
 1 1 1 1 1
 1 1 1 1 1
 1 1 1 1 1
 1 1 1 1 1
 1 1 1 1 1
 1 1 1 1 1
 1 1 1 1 1
 1 1 1 1 1
 1 1 1 1 1
 1 1 1 1 1
 1 1 1 1 1
 1 1 1 1 1
 1 1 1 1 1
 1 1 1 1 1
 1 1 1 1 1
 1 1 1 1 1
 1 1 1 1 1
Sel_pelaces
 0.76174 0.941485 0.987801 0.997552 0.999513
 0.76174 0.941485 0.987801 0.997552 0.999513
 0.76174 0.941485 0.987801 0.997552 0.999513
 0.76174 0.941485 0.987801 0.997552 0.999513
 0.76174 0.941485 0.987801 0.997552 0.999513
 0.76174 0.941485 0.987801 0.997552 0.999513
 0.76174 0.941485 0.987801 0.997552 0.999513
 0.76174 0.941485 0.987801 0.997552 0.999513
 0.76174 0.941485 0.987801 0.997552 0.999513
 0.76174 0.941485 0.987801 0.997552 0.999513
 0.76174 0.941485 0.987801 0.997552 0.999513
 0.76174 0.941485 0.987801 0.997552 0.999513
 0.76174 0.941485 0.987801 0.997552 0.999513
 0.76174 0.941485 0.987801 0.997552 0.999513
 0.76174 0.941485 0.987801 0.997552 0.999513
 0.76174 0.941485 0.987801 0.997552 0.999513
 0.76174 0.941485 0.987801 0.997552 0.999513
 0.76174 0.941485 0.987801 0.997552 0.999513
 0.76174 0.941485 0.987801 0.997552 0.999513
 0.76174 0.941485 0.987801 0.997552 0.999513
 0.76174 0.941485 0.987801 0.997552 0.999513
 0.76174 0.941485 0.987801 0.997552 0.999513
 0.76174 0.941485 0.987801 0.997552 0.999513
 0.76174 0.941485 0.987801 0.997552 0.999513
 0.76174 0.941485 0.987801 0.997552 0.999513
 0.76174 0.941485 0.987801 0.997552 0.999513
 0.76174 0.941485 0.987801 0.997552 0.999513
 0.76174 0.941485 0.987801 0.997552 0.999513
 0.76174 0.941485 0.987801 0.997552 0.999513
 0.76174 0.941485 0.987801 0.997552 0.999513
 0.76174 0.941485 0.987801 0.997552 0.999513
pf_obs 
 0.8446 0.082 0.0669 0.0065 0
 0.8095 0.147 0.0364 0.0071 0
 0.9664 0.0169 0.016 0.0007 0
 0.9276 0.0648 0.0075 0.0001 0
 0.7033 0.2144 0.0806 0.0017 0
 0.9318 0.0425 0.0243 0.0014 0
 0.5671 0.3108 0.0964 0.0239 0.0018
 0.0768 0.2599 0.5324 0.112 0.0189
 0.490249 0.384438 0.106611 0.0170017 0.00170017
 0.7925 0.1577 0.0466 0.003 0.0002
 0.840416 0.127587 0.0312969 0.00059994 9.999e-05
 0.8084 0.0986 0.0794 0.0134 0.0002
 0.7335 0.1905 0.0724 0.0035 0.0001
 0.4001 0.4547 0.1325 0.0127 0
 0.49795 0.308269 0.164784 0.0264974 0.00249975
 0.9179 0.0499 0.0305 0.0017 0
 0.2467 0.6533 0.0926 0.0074 0
 0.9418 0.0223 0.034 0.0019 0
 0.707729 0.231977 0.0356964 0.0245975 0
 0.517169 0.277429 0.184464 0.0207286 0.00020938
 0.811772 0.124168 0.05621 0.00726502 0.000585176
 0.764997 0.148141 0.077277 0.00933861 0.000247198
 0.163321 0.427699 0.378323 0.0303852 0.000271297
 0.753843 0.0900009 0.118128 0.0371064 0.000921714
 0.721811 0.176058 0.0630433 0.0369309 0.00215725
 0.143369 0.312575 0.442814 0.0836902 0.0175525
 0.692698 0.0596174 0.167031 0.0765114 0.00414204
 0.394062 0.376323 0.152708 0.0712218 0.00568511
 0.125707 0.32114 0.495352 0.0537591 0.00404204
 0.23352 0.215282 0.420074 0.123614 0.00750983
 0.796117 0.104755 0.0508955 0.0450114 0.00322123
pf_pred 
 0.511857 0.145494 0.319641 0.0230078 8.9066e-07
 0.442992 0.34014 0.065804 0.140933 0.010131
 0.599691 0.220716 0.110928 0.0208572 0.0478079
 0.741901 0.180342 0.0434313 0.0212147 0.0131112
 0.670753 0.270621 0.0413623 0.00965016 0.00761379
 0.763601 0.177178 0.0488952 0.00728814 0.00303778
 0.461333 0.447788 0.0685868 0.0184094 0.00388194
 0.466566 0.315571 0.182212 0.0269189 0.00873184
 0.557991 0.248453 0.11566 0.0651639 0.0127327
 0.765219 0.158466 0.0435296 0.0196051 0.0131804
 0.894654 0.0898806 0.0105757 0.00279182 0.00209815
 0.739644 0.240982 0.016591 0.00190422 0.00087927
 0.660136 0.279455 0.0560516 0.00373272 0.000625108
 0.715067 0.217649 0.0556624 0.0107842 0.000836871
 0.818699 0.150815 0.0235487 0.00574172 0.00119567
 0.969198 0.0274246 0.00282866 0.000423996 0.000124632
 0.374925 0.612693 0.0110608 0.00110652 0.000214258
 0.875081 0.0590595 0.0645894 0.00113519 0.000135359
 0.52976 0.430213 0.0192004 0.0204252 0.000401192
 0.739242 0.167591 0.0854705 0.00369533 0.00400145
 0.705266 0.240666 0.0351204 0.0173848 0.00156297
 0.730633 0.211469 0.0475223 0.00674338 0.00363264
 0.266768 0.593852 0.110133 0.0240132 0.00523442
 0.785945 0.0759896 0.112404 0.0202832 0.00537863
 0.625843 0.317145 0.0205905 0.0296598 0.00676167
 0.44668 0.395113 0.134654 0.00851429 0.015039
 0.72595 0.149242 0.0897753 0.0298235 0.00520931
 0.706039 0.235083 0.0324567 0.0190127 0.00740868
 0.341715 0.513724 0.11621 0.0156384 0.0127127
 0.416892 0.252873 0.259154 0.0571564 0.0139248
 0.866456 0.0697125 0.0281153 0.0280377 0.00767887
pobs_RECLAS
 0 0 0 0 0
 0 0 0 0 0
 0 0 0 0 0
 0 0 0 0 0
 0 0 0 0 0
 0 0 0 0 0
 0 0 0 0 0
 0 0 0 0 0
 0 0 0 0 0
 0 0 0 0 0
 0.991045 0.00858322 0.000360255 1.14367e-05 0
 0.934742 0.0480273 0.0164251 0.00080598 0
 0.827803 0.169806 0.00239088 0 0
 0.941827 0.0461693 0.0120037 0 0
 0.791401 0.0380133 0.147996 0.0225897 0
 0.846168 0.0940531 0.0597789 0 0
 0.134021 0.677848 0.182769 0.00536245 0
 0.80878 0.0450904 0.141981 0.00414843 0
 0.846168 0.0940531 0.0597789 0 0
 0.905697 0.0802665 0.012482 0.00150086 5.37128e-05
 0.989698 0.0102097 9.19794e-05 0 0
 0.975433 0.0193895 0.00387452 0.00125025 5.28907e-05
 0.303575 0.632131 0.0575291 0.00676475 0
 0.966965 0.00978017 0.0227588 0.000495775 0
 0.843318 0.132988 0.00938335 0.0141283 0.000182051
 0.564624 0.303363 0.111486 0.0197234 0.00080311
 0.826376 0.0876187 0.0782897 0.00655872 0.00115652
 0.89761 0.0855135 0.0140674 0.00269457 0.000114338
 0.34875 0.467042 0.161289 0.0227151 0.000203297
 0.318654 0.224769 0.449479 0.00709798 0
 0.937255 0.0296025 0.0250945 0.00804832 0
ppred_RECLAS
 0.606126 0.11936 0.256102 0.0184111 7.12668e-07
 0.538842 0.284363 0.0536934 0.114847 0.00825526
 0.687808 0.174042 0.0853742 0.0160316 0.0367446
 0.809756 0.133954 0.0314597 0.0153464 0.00948381
 0.746878 0.208931 0.0311898 0.0072677 0.0057337
 0.825049 0.131916 0.0355387 0.00529047 0.00220498
 0.562008 0.365726 0.0545591 0.0146236 0.00308341
 0.559788 0.262932 0.148301 0.0218817 0.00709744
 0.653001 0.197258 0.0895269 0.0503721 0.00984179
 0.832567 0.114039 0.030475 0.0137053 0.00921332
 0.924703 0.064466 0.00740918 0.00195345 0.001468
 0.807692 0.178334 0.0119691 0.00137188 0.000633417
 0.742951 0.212324 0.0415026 0.00276004 0.000462182
 0.797647 0.155672 0.0386286 0.00747197 0.000579787
 0.873154 0.106012 0.0160987 0.00391941 0.00081612
 0.978807 0.0189204 0.00190372 0.000284977 8.37622e-05
 0.464989 0.52466 0.00924778 0.000923968 0.000178899
 0.911469 0.0423878 0.0452541 0.000794346 9.47103e-05
 0.623838 0.34489 0.0150112 0.0159474 0.000313216
 0.80684 0.125238 0.0623183 0.00269081 0.00291352
 0.777373 0.182601 0.0260109 0.012859 0.001156
 0.799488 0.158251 0.0346952 0.00491675 0.00264846
 0.346484 0.531716 0.0962673 0.0209632 0.00456927
 0.843694 0.0563542 0.0813935 0.0146688 0.00388955
 0.708435 0.248059 0.0157256 0.0226234 0.0051572
 0.539929 0.330755 0.110085 0.00695203 0.0122788
 0.794953 0.112895 0.0663094 0.0220001 0.00384253
 0.777082 0.179129 0.0241525 0.0141304 0.00550582
 0.429569 0.44748 0.0988627 0.0132872 0.0108007
 0.512483 0.214332 0.214443 0.0472347 0.0115068
 0.904868 0.0502457 0.0197849 0.0197051 0.0053964
pobs_PELACES
 0 0 0 0 0
 0 0 0 0 0
 0 0 0 0 0
 0 0 0 0 0
 0 0 0 0 0
 0 0 0 0 0
 0 0 0 0 0
 0 0 0 0 0
 0 0 0 0 0
 0 0 0 0 0
 0 0 0 0 0
 0 0 0 0 0
 0 0 0 0 0
 0 0 0 0 0
 0 0 0 0 0
 0 0 0 0 0
 0.505614 0.472636 0.0217494 0 0
 0 0 0 0 0
 0.443492 0.261883 0.143347 0.151278 0
 0.227955 0.32914 0.350689 0.0885471 0.00366901
 0.970185 0.0296113 0.000203453 0 0
 0.997202 0.00247181 0.000326279 0 0
 0.445219 0.490057 0.0546422 0.010081 0
 0.90214 0.0892962 0.00764917 0.000914606 0
 0 0 0 0 0
 0.581667 0.319106 0.0959925 0.00289975 0.000334073
 0.762889 0.0836404 0.116647 0.0363945 0.000428098
 0.88444 0.0763242 0.0277011 0.0115352 0
 0.521256 0.241999 0.230069 0.00667565 0
 0.616807 0.101726 0.260614 0.0208532 0
 0.833518 0.0704572 0.0857862 0.0102388 0
ppred_PELACES
 0.552462 0.13124 0.294891 0.0214067 8.30249e-07
 0.492162 0.306943 0.0605982 0.130871 0.00942547
 0.645713 0.193229 0.0991114 0.0187915 0.0431544
 0.783871 0.150022 0.0367787 0.0181132 0.0112155
 0.707492 0.239322 0.037421 0.00880494 0.00696009
 0.796722 0.151489 0.042692 0.00641707 0.00267976
 0.530778 0.388967 0.0604449 0.0163548 0.00345514
 0.50644 0.289025 0.170813 0.0254503 0.00827111
 0.615898 0.213962 0.10132 0.0575529 0.0112667
 0.81642 0.123286 0.0342634 0.0155537 0.0104762
 0.909554 0.0768704 0.00925562 0.00246416 0.00185542
 0.784845 0.198874 0.0139244 0.00161124 0.000745386
 0.715682 0.233089 0.0475044 0.00318928 0.000535101
 0.787074 0.162372 0.0417661 0.00815329 0.000633876
 0.861753 0.114752 0.0181153 0.00445167 0.000928749
 0.975258 0.0219803 0.00230998 0.000349121 0.000102816
 0.42079 0.567482 0.0104675 0.00105601 0.000204865
 0.89423 0.0494494 0.0552253 0.000978781 0.000116929
 0.587903 0.3763 0.0170975 0.0183381 0.000360875
 0.778211 0.14152 0.0735804 0.00320774 0.00348001
 0.74477 0.207497 0.0309129 0.0154306 0.0013899
 0.771613 0.178498 0.0408825 0.00584939 0.00315699
 0.306228 0.559427 0.105959 0.0232978 0.00508808
 0.813903 0.0650735 0.0983671 0.0179004 0.00475573
 0.668085 0.280155 0.0185888 0.0270029 0.0061676
 0.489961 0.36171 0.126064 0.00803885 0.0142262
 0.760132 0.129191 0.079416 0.0266051 0.00465594
 0.741338 0.205754 0.0290483 0.0171606 0.00669962
 0.381707 0.47991 0.11104 0.0150696 0.0122736
 0.462171 0.2302 0.240957 0.0535907 0.0130808
 0.88604 0.0587397 0.0242025 0.0243393 0.00667859
pobs_pel_tallas
 0 0 0 0 0 0 0 0 0 0 0 0 0 0 0 0 0 0 0 0 0 0 0 0 0 0
 0 0 0 0 0 0 0 0 0 0 0 0 0 0 0 0 0 0 0 0 0 0 0 0 0 0
 0 0 0 0 0 0 0 0 0 0 0 0 0 0 0 0 0 0 0 0 0 0 0 0 0 0
 0 0 0 0 0 0 0 0 0 0 0 0 0 0 0 0 0 0 0 0 0 0 0 0 0 0
 0 0 0 0 0 0 0 0 0 0 0 0 0 0 0 0 0 0 0 0 0 0 0 0 0 0
 0 0 0 0 0 0 0 0 0 0 0 0 0 0 0 0 0 0 0 0 0 0 0 0 0 0
 0 0 0 0 0 0 0 0 0 0 0 0 0 0 0 0 0 0 0 0 0 0 0 0 0 0
 0 0 0 0 0 0 0 0 0 0 0 0 0 0 0 0 0 0 0 0 0 0 0 0 0 0
 0 0 0 0 0 0 0 0 0 0 0 0 0 0 0 0 0 0 0 0 0 0 0 0 0 0
 0 0 0 0 0 0 0 0 0 0 0 0 0 0 0 0 0 0 0 0 0 0 0 0 0 0
 0 0 0 0 0 0 0 0 0 0 0 0 0 0 0 0 0 0 0 0 0 0 0 0 0 0
 0 0 0 0 0 0 0 0 0 0 0 0 0 0 0 0 0 0 0 0 0 0 0 0 0 0
 0.00862536 0 0 0.000197151 0.00414017 0.0128641 0.00837892 0.0270097 0.101434 0.158115 0.152841 0.127902 0.109271 0.109419 0.0830992 0.0579132 0.0238553 0.00714673 0.00463305 0.00128148 0.00103504 0.000492878 0.000147863 0.000147863 4.92878e-05 0
 0 0 0 0 0 0 0 0 0 0 0 0 0 0 0 0 0 0 0 0 0 0 0 0 0 0
 0 0 0 0 0 0 0 0.0054083 0.00873648 0.0413646 0.0450493 0.0745869 0.0622846 0.0627006 0.0613931 0.0827291 0.12552 0.122667 0.0946155 0.0697135 0.0546179 0.0294188 0.0215738 0.0213955 0.0102223 0.00600262
 0 0 0 0 0.00359764 0.0251062 0.0480494 0.140153 0.205849 0.193036 0.1447 0.116669 0.0760912 0.0342217 0.00950174 0.001854 0.000860785 0 0 0 0.000165536 0 0.000143464 0 0 0
 0 0 0 0 0 0 0 0.000145254 0.000435761 0.0275982 0.070085 0.0708112 0.156366 0.174668 0.174014 0.160142 0.0824315 0.0480064 0.0283245 0.00493863 0.00203355 0 0 0 0 0
 0 0 0 0 0 0 0 0 0 0 0 0 0 0 0 0 0 0 0 0 0 0 0 0 0 0
 0 0 1.00437e-05 0.000401748 0.00122533 0.00171747 0.00176769 0.0269171 0.070346 0.194647 0.189555 0.159765 0.064822 0.0314167 0.0384472 0.0292271 0.0345202 0.0313363 0.0194345 0.0106764 0.0143323 0.0359363 0.0279516 0.0138201 0.00172751 0
 0 0.0021121 0.0136068 0.0755702 0.200478 0.177729 0.0527432 0.0373336 0.0318909 0.0142505 0.0149659 0.0166563 0.0217959 0.0798694 0.0677717 0.0528807 0.04013 0.0224614 0.0357745 0.0225083 0.00881397 0.00855152 0.00135912 0.000746735 0 0
 0 0 0 0 5.4009e-05 0.00500934 0.000945158 0.0243581 0.138947 0.33067 0.221406 0.137944 0.0707744 0.0437923 0.0131692 0.00525238 0.0047753 0.00276346 9.45158e-05 9.00151e-06 2.25038e-05 9.00151e-06 4.50075e-06 0 0 0
 0.000866109 0.00284123 0.00948549 0.0512746 0.133035 0.25785 0.225252 0.132002 0.0553304 0.0519788 0.0540692 0.017754 0.00435017 0.00159236 0.00146478 0.000404838 0.000125132 0.000115318 0.000107957 0.000100596 0 0 0 0 0 0
 0 0 0 0 0.00144013 0.00171154 0.00461396 0.0210425 0.0478622 0.0707936 0.0888783 0.103762 0.0637923 0.0337046 0.0602308 0.124433 0.169614 0.0934646 0.0462172 0.0250306 0.0313229 0.00938855 0.002487 0.000210481 0 0
 0 0.00764035 0.051015 0.0998891 0.058973 0.0496711 0.0374665 0.0718981 0.12319 0.153886 0.159021 0.0857701 0.0377988 0.023471 0.0147837 0.00900784 0.00315554 0.000888139 0.00291439 0.00214683 0.00393193 0.00274676 0.000635225 9.99891e-05 0 0
 0 0 0 0 0 0 0 0 0 0 0 0 0 0 0 0 0 0 0 0 0 0 0 0 0 0
 0 0 0 0 0 0 0 0 0 0 0 0 0 0 0 0 0 0 0 0 0 0 0 0 0 0
 0 0 0 0 0 0 0 0 0 0 0 0 0 0 0 0 0 0 0 0 0 0 0 0 0 0
 0 0 0 0 0 0 0 0 0 0 0 0 0 0 0 0 0 0 0 0 0 0 0 0 0 0
 0 0 0 0 0 0 0 0 0 0 0 0 0 0 0 0 0 0 0 0 0 0 0 0 0 0
 0 0 0 0 0 0 0 0 0 0 0 0 0 0 0 0 0 0 0 0 0 0 0 0 0 0
 0 0 0 0 0 0 0 0 0 0 0 0 0 0 0 0 0 0 0 0 0 0 0 0 0 0
ppred_pel_tallas
 1.10691e-16 4.55056e-05 0.000442331 0.00293944 0.0133623 0.0415751 0.0885806 0.129289 0.129302 0.0886448 0.0417917 0.0139933 0.00454404 0.00401371 0.00702862 0.0120693 0.0185936 0.0258991 0.0332062 0.0400064 0.0460957 0.0511939 0.0545661 0.0551359 0.0521048 0.0455771
 1.16547e-16 4.05388e-05 0.000394052 0.00261861 0.0119039 0.0370375 0.0789133 0.115182 0.115212 0.0790582 0.0375243 0.0133112 0.00615537 0.00812911 0.0147751 0.0244851 0.0355769 0.0454409 0.0515002 0.0527121 0.0502343 0.046599 0.0440323 0.04322 0.0432803 0.0426631
 1.12098e-16 5.31866e-05 0.000516993 0.0034356 0.0156177 0.0485927 0.103533 0.151113 0.151131 0.103624 0.0489008 0.0165094 0.00567991 0.00543692 0.00945803 0.0157135 0.0230148 0.0297625 0.0343663 0.0361243 0.0356103 0.034176 0.0329811 0.0323372 0.0317675 0.0305443
 1.04815e-16 6.45664e-05 0.000627609 0.00417068 0.0189593 0.0589895 0.125684 0.183442 0.183457 0.125755 0.0592274 0.0196468 0.00589796 0.00440361 0.00725192 0.0119297 0.0172828 0.0219593 0.0246332 0.0247135 0.0226903 0.0197743 0.0171231 0.0152626 0.0140458 0.0130076
 1.03202e-16 5.82752e-05 0.000566456 0.0037643 0.017112 0.0532418 0.113438 0.165571 0.165594 0.113551 0.0536204 0.0182056 0.0065097 0.00656085 0.0114462 0.0188401 0.0271568 0.0341991 0.0377677 0.0368505 0.0322196 0.0258916 0.0199053 0.0153681 0.0123237 0.0102374
 1.02368e-16 6.5625e-05 0.000637898 0.00423906 0.0192701 0.0599567 0.127745 0.18645 0.186465 0.127816 0.0601969 0.0199645 0.00598363 0.00445166 0.00732429 0.0120454 0.0174404 0.022129 0.0247439 0.0246436 0.0222693 0.0187987 0.015395 0.0126485 0.0105417 0.00877897
 1.04069e-16 4.37196e-05 0.00042497 0.00282408 0.0128379 0.0399436 0.0851054 0.124222 0.124259 0.0852886 0.0405589 0.0146151 0.00728576 0.0101664 0.0185492 0.0306086 0.0441172 0.0555387 0.0612912 0.0597168 0.0520548 0.0415704 0.0315749 0.023883 0.0186024 0.0149176
 1.08956e-16 4.17149e-05 0.000405483 0.00269458 0.0122492 0.0381119 0.0812025 0.118523 0.118551 0.0813398 0.0385733 0.0135844 0.00605627 0.00777725 0.0141393 0.0235629 0.0345314 0.0446604 0.0515071 0.05389 0.0524697 0.0490508 0.0452285 0.0415245 0.03755 0.032774
 1.10658e-16 5.07308e-05 0.000493121 0.00327696 0.0148966 0.046349 0.0987523 0.144136 0.144157 0.0988537 0.0466901 0.0158834 0.00576051 0.00593657 0.0104538 0.0173743 0.0254341 0.0328634 0.0378964 0.03975 0.0390487 0.037267 0.0356523 0.0345087 0.0332895 0.0312257
 1.04354e-16 6.72475e-05 0.00065367 0.00434386 0.0197466 0.061439 0.130903 0.191059 0.191071 0.130961 0.0616346 0.020312 0.00576489 0.00376127 0.00598557 0.00983285 0.0142636 0.018165 0.0204559 0.0206549 0.0191598 0.0169474 0.0149406 0.0135404 0.0126023 0.0117351
 1.00848e-16 7.49188e-05 0.000728237 0.00483939 0.0219992 0.0684477 0.145835 0.212852 0.21286 0.145871 0.0685692 0.0223501 0.00572018 0.00265065 0.00372494 0.00603695 0.00868338 0.0109077 0.0119947 0.0116174 0.0100285 0.00788914 0.00587327 0.00435593 0.00336365 0.00272583
 1.00741e-16 6.46467e-05 0.000628389 0.00417587 0.0189829 0.059063 0.125841 0.183672 0.183691 0.125934 0.0593769 0.0198895 0.00645033 0.00558965 0.00947539 0.0155319 0.0222959 0.0278849 0.0304258 0.029053 0.0244262 0.0182982 0.0124913 0.00807288 0.00520024 0.00348522
 1.01841e-16 5.89498e-05 0.000573013 0.00380787 0.0173101 0.0538581 0.114751 0.167488 0.16751 0.114861 0.0542272 0.0183762 0.00648487 0.00642 0.0111723 0.0183993 0.02655 0.0334892 0.03707 0.0362823 0.0318274 0.0256021 0.0195331 0.0146832 0.0111469 0.00851785
 1.02172e-16 6.48303e-05 0.000630174 0.00418773 0.0190368 0.0592306 0.126198 0.184193 0.184208 0.126274 0.059488 0.0197806 0.0060562 0.00471382 0.00783432 0.0128853 0.0186395 0.0236142 0.0263368 0.0261173 0.0234342 0.019566 0.0157826 0.01274 0.0104348 0.00855337
 1.01156e-16 7.09815e-05 0.000689965 0.00458506 0.020843 0.0648504 0.138171 0.201667 0.201678 0.138225 0.065032 0.0213674 0.00590139 0.00356403 0.00553081 0.009035 0.0130172 0.0163875 0.0180854 0.0176205 0.015357 0.0122566 0.00929517 0.00700884 0.00543199 0.00432812
 1.00125e-16 8.03307e-05 0.000780843 0.00518898 0.0235883 0.0733921 0.15637 0.228226 0.228229 0.15638 0.0734268 0.0236886 0.00544065 0.00133002 0.00112263 0.00172697 0.00247559 0.00310358 0.00340097 0.00327233 0.0027891 0.00214117 0.00152441 0.0010513 0.000735764 0.000534821
 1.00588e-16 3.466e-05 0.000336908 0.00223887 0.0101776 0.0316667 0.0674712 0.0984877 0.0985422 0.0677379 0.0325616 0.0127611 0.00871816 0.0144625 0.0268067 0.0441175 0.0632097 0.0787716 0.0854148 0.0806555 0.0664349 0.0478976 0.0304456 0.0173218 0.0090908 0.0046363
 1.01725e-16 7.36565e-05 0.000715968 0.00475786 0.0216285 0.0672944 0.143378 0.209265 0.20927 0.143402 0.0673741 0.0218598 0.00534189 0.00200257 0.00255117 0.0041893 0.00623205 0.00825947 0.00987929 0.010881 0.0113077 0.0113347 0.011072 0.0104796 0.00945619 0.00799348
 1.0249e-16 4.84249e-05 0.000470707 0.00312802 0.0142195 0.0442424 0.0942645 0.137589 0.137626 0.0944415 0.0448364 0.0159343 0.00742974 0.00985291 0.0178422 0.029356 0.0421353 0.0526795 0.0574619 0.0548743 0.0462092 0.0348286 0.0242027 0.0163243 0.0114068 0.00859578
 1.03071e-16 6.41003e-05 0.000623077 0.00414057 0.0188224 0.0585637 0.124777 0.182118 0.182132 0.124844 0.0587892 0.0194748 0.00578214 0.00421965 0.00693264 0.0114583 0.0167286 0.0215102 0.0245714 0.0253119 0.0240622 0.0217549 0.0192611 0.0169478 0.0147246 0.0123869
 1.02728e-16 6.13457e-05 0.000596303 0.00396264 0.0180136 0.0560471 0.119415 0.174294 0.174314 0.119513 0.0563753 0.0189617 0.00634288 0.00579342 0.0099348 0.0163359 0.0235481 0.0296605 0.0327699 0.0320048 0.0280391 0.0226212 0.0175091 0.0136432 0.0110366 0.00920666
 1.02347e-16 6.35568e-05 0.000617794 0.00410546 0.0186628 0.0580671 0.123719 0.180575 0.180592 0.123803 0.0583499 0.0194799 0.00615756 0.00510141 0.00859006 0.0141299 0.0204167 0.0258161 0.0287006 0.0283103 0.025184 0.0207571 0.0164663 0.013072 0.0105912 0.00867148
 1.06399e-16 2.52237e-05 0.000245183 0.00162933 0.00740674 0.0230454 0.0491027 0.0716781 0.0717321 0.0493664 0.023931 0.00996503 0.00805306 0.0142751 0.0266908 0.0441379 0.0637022 0.0803616 0.0889948 0.0872187 0.0767705 0.0622513 0.0482981 0.037411 0.0296952 0.0240126
 1.05456e-16 6.70401e-05 0.000651654 0.00433047 0.0196857 0.0612495 0.130499 0.190468 0.190475 0.13053 0.0613555 0.0199935 0.00510998 0.0023765 0.00341089 0.00571079 0.00863627 0.0117318 0.0145593 0.0168893 0.0187569 0.0202731 0.0213706 0.0217405 0.0210271 0.0191017
 1.0436e-16 5.50294e-05 0.000534905 0.00355463 0.0161589 0.0502764 0.10712 0.156351 0.156378 0.107252 0.0507189 0.0174366 0.00676091 0.00753073 0.0133315 0.0219283 0.0315308 0.0395518 0.043408 0.0419441 0.0361453 0.0284968 0.021509 0.0165397 0.0135935 0.0118941
 1.06945e-16 4.03575e-05 0.000392289 0.0026069 0.0118506 0.0368719 0.0785607 0.114669 0.114704 0.0787317 0.0374463 0.0135112 0.00678075 0.00952228 0.0174338 0.0288981 0.0419511 0.0534328 0.06012 0.0604862 0.0555349 0.0479712 0.040431 0.0341992 0.0291749 0.024679
 1.05781e-16 6.26111e-05 0.000608602 0.00404437 0.0183851 0.0572031 0.121878 0.177887 0.177899 0.121939 0.0574095 0.0189828 0.00554957 0.00391132 0.00638478 0.010587 0.0155526 0.0202074 0.0234914 0.0249107 0.0247809 0.023896 0.0229099 0.0219508 0.0207161 0.0188528
 1.03746e-16 6.1063e-05 0.000593555 0.00394438 0.0179306 0.0557888 0.118865 0.173491 0.173511 0.118962 0.0561143 0.0188707 0.00630451 0.00574681 0.00985141 0.0161994 0.023355 0.0294282 0.0325419 0.0318478 0.0280344 0.0228531 0.0180529 0.014549 0.0123102 0.0107944
 1.06916e-16 3.14408e-05 0.000305616 0.00203093 0.00923232 0.0287254 0.0612043 0.0893391 0.0893854 0.0614306 0.0294857 0.0114292 0.00754874 0.0123619 0.0229601 0.0379904 0.0549157 0.0694583 0.0772576 0.0762784 0.0679753 0.0562083 0.0448347 0.0358839 0.0293795 0.024347
 1.14601e-16 3.80685e-05 0.000370039 0.00245904 0.0111785 0.0347805 0.0741043 0.108162 0.108185 0.0742145 0.0351516 0.0122548 0.00517735 0.00635909 0.011574 0.0194972 0.0290743 0.0386427 0.0464835 0.0517484 0.054788 0.0565258 0.0574547 0.0571731 0.0548022 0.0498015
 1.04285e-16 7.29819e-05 0.00070941 0.00471428 0.0214304 0.0666781 0.142065 0.207349 0.207355 0.142093 0.0667717 0.0217012 0.0053958 0.00220316 0.00292794 0.00477365 0.0069876 0.00904527 0.0104749 0.0110874 0.0110855 0.0108994 0.0108735 0.0110541 0.0112132 0.0110387
pSPR Fmed_Fpbrs
0.478772   0.6 0.325
Fs Fmed_Fpbrs
0.455909   0.302216 0.749554
SSBpbr Bo_Bmed_Bpbrs
1.40089e+06  600663  770491 385245
Ro
124533
SPR SPRFo_SPRFmed_SPRFpbrs
888868 425565 288882
Fref
0.302216
Nvult_r0
 170454 10378.4 4114.83 4099.74 1122.77
CTP_r0
 33252.5 2675.4 1079 1076.02 294.696
YTP_r0
391291
Np
 160726 48129.1 18950.3 991.633 494.456
Nvult_p0
 112597 34945.9 13795.2 721.974 359.999
CTP_p0
 19218.6 11441.5 615.231 241.537 302.511
 19218.6 7959.5 3198.37 167.546 83.5477
YTP_p0
 354793 350398
CBA_c0
353475
log_Ro
11.5523
likeval ReclasPelacesDesembMPH_pf_preclas_ppelaces_ptallas_desvR_qrecl_qpela
 20.3612 23.0887 0.0293064 0.000827255 245.253 117.51 100.915 0 26.2228 9.9727e-06 3.16125e-05 0.13755 7.18183e-16 0 0
q_reclas_q_pelaces
1.56439 2.22534
M
1
N
 164227 33551.4 72193.4 5190.76 0.200929
 90258.2 50979.5 9676.56 20703.4 1488.19
 89690.6 24264.1 11964 2247.24 5150.77
 132526 24231.6 5735.05 2798.79 1729.64
 106185 30704.9 4595.45 1070.96 844.916
 197745 33520 9071.22 1350.72 562.965
 74120.3 55538.6 8375.94 2246.35 473.66
 29494.4 14216.7 8034.67 1185.64 384.569
 28574.9 9627.91 4406.67 2480.53 484.662
 38978 6348.4 1719.33 773.781 520.19
 89766.3 6444.32 742.334 195.742 147.099
 116742 28840.7 1952.54 223.901 103.381
 79097.1 25562.3 5044.26 335.629 56.2042
 66673.3 16491.1 4167.63 806.942 62.6179
 56436.1 8212.07 1264.61 308.115 64.16
 426107 8997.52 911.501 136.497 40.1209
 87806.2 104235 1844.49 184.326 35.6896
 518125 25549.3 27400.6 481.081 57.3602
 238233 145420 6377.9 6778.46 133.136
 329546 55471 27775.6 1199.71 1299.03
 333479 83377.4 11934.2 5901.43 530.536
 426799 91957.3 20293.3 2876.83 1549.66
 65334.2 106131 19299.6 4203.68 916.273
 263586 18482 26794.1 4829.83 1280.68
 210981 77490.1 4930.62 7094.76 1617.33
 97795.9 62248 20779.3 1312.45 2318.08
 202146 30144.4 17772.3 5897.69 1030.1
 247452 59350.7 8026.97 4696.94 1830.15
 70182 75787.9 16790.6 2256.99 1834.65
 49420.8 21864.2 21970.6 4840.53 1179.21
 239637 14023.6 5544.38 5523.22 1512.6
pred_Ctot
 16440.4 4673.14 10266.6 738.992 0.0286073
 15757.9 12099.3 2340.76 5013.22 360.377
 15441.1 5683.07 2856.22 537.038 1230.98
 32193.2 7825.55 1884.61 920.566 568.935
 9644.59 3891.18 594.738 138.757 109.477
 30223.7 7012.81 1935.3 288.469 120.237
 23626.4 22932.7 3512.55 942.807 198.807
 2121.14 1434.68 828.389 122.381 39.6974
 7451.44 3317.85 1544.53 870.202 170.034
 14457.4 2993.93 822.411 370.401 249.02
 7266.68 730.041 85.8996 22.6761 17.0419
 31147.4 10148.1 698.669 80.189 37.0272
 22675.1 9599.02 1925.32 128.216 21.4719
 30545.4 9297.28 2377.72 460.668 35.7485
 21602.8 3979.52 621.374 151.505 31.5497
 93276.2 2639.36 272.232 40.8056 11.9947
 11826.9 19327.3 348.909 34.9048 6.75872
 79372.7 5356.89 5858.47 102.966 12.2775
 57358.5 46580.3 2078.88 2211.49 43.4381
 67050.7 15200.8 7752.35 335.174 362.94
 54042 18441.4 2691.16 1332.14 119.765
 90242.6 26119.2 5869.62 832.895 448.679
 9748.01 21700 4024.37 877.469 191.272
 34084.9 3295.53 4874.74 879.646 233.261
 26884.9 13623.9 884.523 1274.12 290.467
 10167.9 8994.01 3065.14 193.812 342.336
 26277.8 5402.24 3249.67 1079.54 188.565
 26589 8853.09 1222.3 716.007 279.007
 6887.48 10354.4 2342.29 315.201 256.233
 7295.91 4425.46 4535.39 1000.28 243.694
 33252.5 2675.4 1079 1076.02 294.696
F
 0.169826 0.243371 0.249048 0.249354 0.24937
 0.313677 0.449518 0.460003 0.460568 0.460598
 0.30871 0.442401 0.452719 0.453276 0.453305
 0.462359 0.662589 0.678044 0.678877 0.678921
 0.153039 0.219315 0.22443 0.224706 0.22472
 0.269898 0.38678 0.395801 0.396287 0.396313
 0.651272 0.933313 0.955082 0.956256 0.956318
 0.119532 0.171297 0.175293 0.175508 0.17552
 0.504326 0.722729 0.739586 0.740495 0.740543
 0.799798 1.14616 1.17289 1.17433 1.17441
 0.135423 0.19407 0.198596 0.19884 0.198853
 0.518845 0.743536 0.760879 0.761814 0.761863
 0.567857 0.813773 0.832754 0.833777 0.833831
 1.0942 1.56805 1.60463 1.6066 1.6067
 0.83616 1.19827 1.22622 1.22772 1.2278
 0.40804 0.584747 0.598386 0.599121 0.59916
 0.234522 0.336084 0.343923 0.344345 0.344368
 0.27059 0.387772 0.396816 0.397304 0.39733
 0.457391 0.655468 0.670757 0.671581 0.671625
 0.374339 0.53645 0.548962 0.549637 0.549673
 0.288256 0.413088 0.422723 0.423242 0.42327
 0.391636 0.561238 0.574328 0.575034 0.575071
 0.26272 0.376493 0.385275 0.385748 0.385773
 0.224228 0.321332 0.328827 0.329231 0.329252
 0.220643 0.316194 0.323569 0.323967 0.323988
 0.176883 0.253484 0.259396 0.259715 0.259732
 0.225526 0.323193 0.330731 0.331137 0.331159
 0.183278 0.262648 0.268774 0.269104 0.269122
 0.166242 0.238235 0.243792 0.244092 0.244107
 0.259629 0.372064 0.380743 0.381211 0.381235
 0.242363 0.34732 0.355421 0.355858 0.355881
YTP_r0W_actual
 275996 37723.1 29780.4 36799.8 10992.2
YTP_p0W_proyectada
 143947 179288 14230.3 7093.93 10233.9
 143947 124725 73978.2 4920.81 2826.42
CTP_r0_actual
 33252.5 2675.4 1079 1076.02 294.696
CTP_p0_proyectada
 19218.6 11441.5 615.231 241.537 302.511
 19218.6 7959.5 3198.37 167.546 83.5477
Wmedp
 7.49 15.67 23.13 29.37 33.83
Frms_r0
 0.242363 0.34732 0.355421 0.355858 0.355881
Zrms_r0
 1.24236 1.34732 1.35542 1.35586 1.35588
nmprior
 8.19 8.8 8.5 0
nm_flota  nm_reclas  nm_pelaces    nm_pelaL
inf 16.0091 13.2374 28.7305
cv_recla  cv_pelaces  cv_mph
0.204078 0.544844 0.887616
 ------------------------------------------------
Talla a la edad & desviaci?n 
 8 13.2811 15.8009 17.003 17.5766
 0.8 1.32811 1.58009 1.7003 1.75766
