years
 1991 1992 1993 1994 1995 1996 1997 1998 1999 2000 2001 2002 2003 2004 2005 2006 2007 2008 2009 2010 2011 2012 2013 2014 2015 2016 2017 2018 2019 2020 2021
reclasobs
 0 0 0 0 0 0 0 0 0 252601 567819 844713 477998 351125 339783 2.1784e+06 2.13404e+06 4.81314e+06 1.55562e+06 2.62356e+06 3.21686e+06 3.843e+06 1.13348e+06 3.07943e+06 1.97215e+06 2.03268e+06 2.025e+06 2.42433e+06 2.27542e+06 1.05018e+06 2.36338e+06
reclaspred
 3.44193e+06 1.83884e+06 928497 1.06534e+06 1.12874e+06 2.2656e+06 1.13479e+06 906929 569416 282847 612842 702815 519662 442758 393402 1.77525e+06 1.18197e+06 3.65155e+06 2.42994e+06 2.61075e+06 3.6742e+06 2.63109e+06 1.49292e+06 3.05816e+06 1.91648e+06 2.05323e+06 2.26985e+06 2.82683e+06 2.22611e+06 1.19873e+06 2.30523e+06
pelacesobs
 0 0 0 0 0 0 0 0 0 0 0 0 0 0 0 552880 188675 0 991730 2.46772e+06 1.41603e+06 1.21717e+06 2.29649e+06 1.80582e+06 0 1.4828e+06 1.56532e+06 1.57751e+06 1.42118e+06 867257 1.10002e+06
pelacespred
 2.19371e+06 1.22948e+06 578929 449952 588519 1.10296e+06 572041 603133 322505 115734 270635 280324 210284 155744 142148 599489 590335 1.61972e+06 1.23484e+06 1.1229e+06 1.74914e+06 1.30447e+06 862117 1.56822e+06 1.14485e+06 1.1782e+06 1.36161e+06 1.6183e+06 1.37593e+06 838121 1.1714e+06
mphobs
 0 0 0 0 0 0 0 0 0 0 0 498337 6000 5186 125008 0 168611 109162 213762 579715 649985 157893 87575 83554 210694 70296 0 107559 103333 445601 0
mphpred
 395104 270838 124196 70414.6 85081.5 113637 173568 78905.6 67892.6 31517.6 13518.8 56970.1 41860.6 22242.8 14954.6 19572.4 148284 90227.8 269043 147383 262566 237941 194884 113145 230980 154063 164335 155575 271287 173754 83702.6
desembarqueobs
 494567 514787 250237 358949 120608 361735 552515 73892 212993 205616 52469 317467 293654 387597 252695 516296 358380 742168 942051 627588 828172 859565 418607 520667 417249 300574 415391 372974 316634 284311 391294
desembarquepred
 494562 514173 250507 358969 120612 361726 552495 73898.3 213072 205681 52468.4 317587 293702 387201 252562 516462 359288 742040 941801 627011 828452 859561 418567 520660 417306 300441 415403 372877 316424 284216 391360
Reclutas
 155431 88937 84420.3 124929 97558.8 196598 69990.8 26119.4 25565.3 33875.7 75168.7 87167.9 70449.6 72440.2 49010.8 322965 32996.7 471635 222417 339110 229951 365918 44070.1 216137 129508 110280 142630 203720 73034.2 33798.3 191483
log_desv_Rt
 0.3938 -0.164473 -0.216593 0.175341 -0.0719462 0.628757 -0.404037 -1.38973 -1.41116 -1.1297 -0.332667 -0.184566 -0.397503 -0.36964 -0.760361 1.12514 -1.15599 1.5038 0.75215 1.17392 0.785463 1.25001 -0.86662 0.723509 0.211343 0.050619 0.307856 0.664346 -0.361474 -1.13199 0.602399
SSB
 1.14142e+06 782424 358790 203421 245792 328287 501420 227950 196135 91051.2 39054.5 164581 120931 64257.1 43202.2 56542.7 428376 260659 777238 425775 758525 687387 563000 326866 667279 445072 474747 449440 783720 501958 241808
BT
 1.78783e+06 1.27351e+06 600288 660849 545167 1.27763e+06 878140 519244 449503 290930 310818 499933 450774 561406 394253 1.04481e+06 695219 2.26956e+06 1.87825e+06 1.46968e+06 2.09982e+06 1.83446e+06 955506 1.97036e+06 1.21357e+06 1.21646e+06 1.58565e+06 1.82223e+06 1.18812e+06 807677 1.47466e+06
Ftot
 0.343875 0.636053 0.628693 0.861286 0.276666 0.434739 1.06909 0.205126 0.899775 1.64346 0.257707 1.10729 1.36796 2.10693 1.67168 0.859098 0.689431 0.588877 0.931157 0.654982 0.56692 0.831295 0.640566 0.483025 0.529927 0.381845 0.485942 0.371154 0.332596 0.542823 0.48747
BD_Bspro_t
 0.946752 0.668024 0.414314 0.316687 0.333938 0.451036 0.484023 0.270805 0.308802 0.204487 0.131213 0.461691 0.270689 0.147942 0.0984638 0.126798 0.390464 0.273739 0.45282 0.296898 0.372817 0.349344 0.330122 0.253549 0.437837 0.402156 0.46924 0.489364 0.600737 0.494764 0.366434
BD_Bspro
 1.52538 1.04563 0.479484 0.27185 0.328474 0.43872 0.670094 0.304631 0.262113 0.12168 0.0521922 0.219945 0.161611 0.0858728 0.0577351 0.0755633 0.572479 0.348343 1.03869 0.569003 1.01369 0.918619 0.752389 0.436821 0.891747 0.594791 0.634448 0.600628 1.04736 0.670814 0.323151
BD_Bo
 0.934216 0.640391 0.293659 0.166494 0.201173 0.268693 0.410398 0.186571 0.160531 0.0745228 0.031965 0.134705 0.0989784 0.0525926 0.0353598 0.0462786 0.350614 0.213342 0.636147 0.348485 0.620831 0.562606 0.460799 0.26753 0.546149 0.364278 0.388566 0.367854 0.641453 0.410838 0.197913
BD_Brms
 1.69857 1.16435 0.533925 0.302716 0.36577 0.488533 0.746178 0.339219 0.291874 0.135496 0.0581182 0.244918 0.179961 0.0956229 0.0642905 0.0841429 0.637479 0.387894 1.15663 0.633609 1.12878 1.02292 0.837816 0.486418 0.992997 0.662325 0.706485 0.668825 1.16628 0.746979 0.359842
Sel_flota
 0.687119 0.976595 0.99874 0.999934 0.999997
 0.687119 0.976595 0.99874 0.999934 0.999997
 0.687119 0.976595 0.99874 0.999934 0.999997
 0.687119 0.976595 0.99874 0.999934 0.999997
 0.687119 0.976595 0.99874 0.999934 0.999997
 0.687119 0.976595 0.99874 0.999934 0.999997
 0.687119 0.976595 0.99874 0.999934 0.999997
 0.687119 0.976595 0.99874 0.999934 0.999997
 0.687119 0.976595 0.99874 0.999934 0.999997
 0.687119 0.976595 0.99874 0.999934 0.999997
 0.687119 0.976595 0.99874 0.999934 0.999997
 0.687119 0.976595 0.99874 0.999934 0.999997
 0.687119 0.976595 0.99874 0.999934 0.999997
 0.687119 0.976595 0.99874 0.999934 0.999997
 0.687119 0.976595 0.99874 0.999934 0.999997
 0.687119 0.976595 0.99874 0.999934 0.999997
 0.687119 0.976595 0.99874 0.999934 0.999997
 0.687119 0.976595 0.99874 0.999934 0.999997
 0.687119 0.976595 0.99874 0.999934 0.999997
 0.687119 0.976595 0.99874 0.999934 0.999997
 0.687119 0.976595 0.99874 0.999934 0.999997
 0.687119 0.976595 0.99874 0.999934 0.999997
 0.687119 0.976595 0.99874 0.999934 0.999997
 0.687119 0.976595 0.99874 0.999934 0.999997
 0.687119 0.976595 0.99874 0.999934 0.999997
 0.687119 0.976595 0.99874 0.999934 0.999997
 0.687119 0.976595 0.99874 0.999934 0.999997
 0.687119 0.976595 0.99874 0.999934 0.999997
 0.687119 0.976595 0.99874 0.999934 0.999997
 0.687119 0.976595 0.99874 0.999934 0.999997
 0.687119 0.976595 0.99874 0.999934 0.999997
Sel_reclas
 1 1 1 1 1
 1 1 1 1 1
 1 1 1 1 1
 1 1 1 1 1
 1 1 1 1 1
 1 1 1 1 1
 1 1 1 1 1
 1 1 1 1 1
 1 1 1 1 1
 1 1 1 1 1
 1 1 1 1 1
 1 1 1 1 1
 1 1 1 1 1
 1 1 1 1 1
 1 1 1 1 1
 1 1 1 1 1
 1 1 1 1 1
 1 1 1 1 1
 1 1 1 1 1
 1 1 1 1 1
 1 1 1 1 1
 1 1 1 1 1
 1 1 1 1 1
 1 1 1 1 1
 1 1 1 1 1
 1 1 1 1 1
 1 1 1 1 1
 1 1 1 1 1
 1 1 1 1 1
 1 1 1 1 1
 1 1 1 1 1
Sel_pelaces
 0.470975 0.817531 0.957534 0.991265 0.998252
 0.470975 0.817531 0.957534 0.991265 0.998252
 0.470975 0.817531 0.957534 0.991265 0.998252
 0.470975 0.817531 0.957534 0.991265 0.998252
 0.470975 0.817531 0.957534 0.991265 0.998252
 0.470975 0.817531 0.957534 0.991265 0.998252
 0.470975 0.817531 0.957534 0.991265 0.998252
 0.470975 0.817531 0.957534 0.991265 0.998252
 0.470975 0.817531 0.957534 0.991265 0.998252
 0.470975 0.817531 0.957534 0.991265 0.998252
 0.470975 0.817531 0.957534 0.991265 0.998252
 0.470975 0.817531 0.957534 0.991265 0.998252
 0.470975 0.817531 0.957534 0.991265 0.998252
 0.470975 0.817531 0.957534 0.991265 0.998252
 0.470975 0.817531 0.957534 0.991265 0.998252
 0.470975 0.817531 0.957534 0.991265 0.998252
 0.470975 0.817531 0.957534 0.991265 0.998252
 0.470975 0.817531 0.957534 0.991265 0.998252
 0.470975 0.817531 0.957534 0.991265 0.998252
 0.470975 0.817531 0.957534 0.991265 0.998252
 0.470975 0.817531 0.957534 0.991265 0.998252
 0.470975 0.817531 0.957534 0.991265 0.998252
 0.470975 0.817531 0.957534 0.991265 0.998252
 0.470975 0.817531 0.957534 0.991265 0.998252
 0.470975 0.817531 0.957534 0.991265 0.998252
 0.470975 0.817531 0.957534 0.991265 0.998252
 0.470975 0.817531 0.957534 0.991265 0.998252
 0.470975 0.817531 0.957534 0.991265 0.998252
 0.470975 0.817531 0.957534 0.991265 0.998252
 0.470975 0.817531 0.957534 0.991265 0.998252
 0.470975 0.817531 0.957534 0.991265 0.998252
pf_obs 
 0.8446 0.082 0.0669 0.0065 0
 0.8095 0.147 0.0364 0.0071 0
 0.9664 0.0169 0.016 0.0007 0
 0.9276 0.0648 0.0075 0.0001 0
 0.7033 0.2144 0.0806 0.0017 0
 0.9318 0.0425 0.0243 0.0014 0
 0.5671 0.3108 0.0964 0.0239 0.0018
 0.0768 0.2599 0.5324 0.112 0.0189
 0.490249 0.384438 0.106611 0.0170017 0.00170017
 0.7925 0.1577 0.0466 0.003 0.0002
 0.840416 0.127587 0.0312969 0.00059994 9.999e-05
 0.8084 0.0986 0.0794 0.0134 0.0002
 0.7335 0.1905 0.0724 0.0035 0.0001
 0.4001 0.4547 0.1325 0.0127 0
 0.49795 0.308269 0.164784 0.0264974 0.00249975
 0.9179 0.0499 0.0305 0.0017 0
 0.2467 0.6533 0.0926 0.0074 0
 0.9418 0.0223 0.034 0.0019 0
 0.707729 0.231977 0.0356964 0.0245975 0
 0.517169 0.277429 0.184464 0.0207286 0.00020938
 0.811772 0.124168 0.05621 0.00726502 0.000585176
 0.764997 0.148141 0.077277 0.00933861 0.000247198
 0.163321 0.427699 0.378323 0.0303852 0.000271297
 0.753843 0.0900009 0.118128 0.0371064 0.000921714
 0.721811 0.176058 0.0630433 0.0369309 0.00215725
 0.143369 0.312575 0.442814 0.0836902 0.0175525
 0.692698 0.0596174 0.167031 0.0765114 0.00414204
 0.394062 0.376323 0.152708 0.0712218 0.00568511
 0.125707 0.32114 0.495352 0.0537591 0.00404204
 0.23352 0.215282 0.420074 0.123614 0.00750983
 0.796117 0.104755 0.0508955 0.0450114 0.00322123
pf_pred 
 0.580955 0.152272 0.246941 0.0198316 8.79229e-07
 0.501281 0.337394 0.0596049 0.0941678 0.00755233
 0.648929 0.215555 0.0926055 0.0158704 0.0270398
 0.780646 0.163551 0.0346701 0.0144494 0.00668414
 0.704216 0.252673 0.0324223 0.00664536 0.00404334
 0.791968 0.161776 0.0396592 0.00496269 0.00163382
 0.466016 0.455393 0.061491 0.0146643 0.00243548
 0.477204 0.313119 0.179788 0.0233956 0.00649303
 0.575277 0.24294 0.109943 0.0616108 0.010229
 0.791922 0.144675 0.0368154 0.0160918 0.0104952
 0.922618 0.0682079 0.0064705 0.00157139 0.00113191
 0.736913 0.248884 0.0125567 0.00116165 0.000484659
 0.757917 0.20072 0.0392098 0.00190444 0.000249176
 0.837099 0.138869 0.0200687 0.00375716 0.000205891
 0.854896 0.133199 0.0102307 0.00139856 0.000275353
 0.97563 0.0224223 0.00179471 0.000131458 2.14535e-05
 0.272325 0.716768 0.0100619 0.000778582 6.62155e-05
 0.945732 0.0201901 0.0335825 0.000456958 3.83021e-05
 0.589698 0.395967 0.00543343 0.00877229 0.000129163
 0.807174 0.135938 0.0549682 0.000728372 0.00119104
 0.653018 0.301555 0.0323133 0.012672 0.000441739
 0.785227 0.160057 0.0477365 0.0049669 0.00201254
 0.272652 0.623458 0.07808 0.022523 0.00328706
 0.85083 0.0553353 0.0807822 0.00981409 0.00323883
 0.603428 0.356228 0.015233 0.0216222 0.00348845
 0.63166 0.258023 0.0993902 0.00412983 0.00679727
 0.709881 0.209068 0.0572284 0.0214653 0.00235646
 0.758536 0.190612 0.0369358 0.00983069 0.00408593
 0.431159 0.469031 0.0792313 0.014953 0.0056259
 0.384932 0.325844 0.239565 0.0394321 0.0102274
 0.89136 0.0536451 0.0295343 0.0210946 0.00436587
pobs_RECLAS
 0 0 0 0 0
 0 0 0 0 0
 0 0 0 0 0
 0 0 0 0 0
 0 0 0 0 0
 0 0 0 0 0
 0 0 0 0 0
 0 0 0 0 0
 0 0 0 0 0
 0 0 0 0 0
 0.991045 0.00858322 0.000360255 1.14367e-05 0
 0.934742 0.0480273 0.0164251 0.00080598 0
 0.827803 0.169806 0.00239088 0 0
 0.941827 0.0461693 0.0120037 0 0
 0.791401 0.0380133 0.147996 0.0225897 0
 0.846168 0.0940531 0.0597789 0 0
 0.134021 0.677848 0.182769 0.00536245 0
 0.80878 0.0450904 0.141981 0.00414843 0
 0.846168 0.0940531 0.0597789 0 0
 0.905697 0.0802665 0.012482 0.00150086 5.37128e-05
 0.989698 0.0102097 9.19794e-05 0 0
 0.975433 0.0193895 0.00387452 0.00125025 5.28907e-05
 0.303575 0.632131 0.0575291 0.00676475 0
 0.966965 0.00978017 0.0227588 0.000495775 0
 0.843318 0.132988 0.00938335 0.0141283 0.000182051
 0.564624 0.303363 0.111486 0.0197234 0.00080311
 0.826376 0.0876187 0.0782897 0.00655872 0.00115652
 0.89761 0.0855135 0.0140674 0.00269457 0.000114338
 0.34875 0.467042 0.161289 0.0227151 0.000203297
 0.318654 0.224769 0.449479 0.00709798 0
 0.937255 0.0296025 0.0250945 0.00804832 0
ppred_RECLAS
 0.66895 0.122089 0.193444 0.0155161 6.87856e-07
 0.595638 0.275769 0.0475505 0.0750264 0.00601676
 0.730585 0.166988 0.0700236 0.0119849 0.0204183
 0.840439 0.119742 0.0247516 0.0103018 0.00476517
 0.773889 0.193807 0.024302 0.00497489 0.00302675
 0.846509 0.119988 0.0287308 0.00359068 0.00118205
 0.565943 0.371605 0.0488787 0.0116403 0.00193309
 0.568359 0.260907 0.146422 0.0190305 0.00528124
 0.66866 0.191624 0.0845458 0.0473145 0.00785485
 0.856103 0.100968 0.0249441 0.0108857 0.00709913
 0.944807 0.0487834 0.00452257 0.00109698 0.000790131
 0.807113 0.182732 0.00897885 0.000829483 0.000346048
 0.826819 0.14427 0.0274079 0.00132924 0.000173903
 0.892638 0.0919656 0.0128609 0.00240352 0.0001317
 0.901657 0.0904942 0.00674672 0.000920819 0.000181279
 0.983328 0.0153706 0.00119966 8.77543e-05 1.43201e-05
 0.353021 0.637513 0.008733 0.000674873 5.73915e-05
 0.962496 0.0141651 0.0230005 0.000312568 2.61976e-05
 0.679853 0.309243 0.00413643 0.00666918 9.819e-05
 0.859836 0.0995195 0.0392746 0.000519745 0.000849834
 0.732331 0.233361 0.0244131 0.00956159 0.00033329
 0.843793 0.117155 0.0340761 0.00354081 0.0014346
 0.353575 0.556023 0.0679649 0.0195798 0.00285733
 0.893162 0.0402287 0.0573535 0.00695899 0.00229644
 0.68818 0.280794 0.0117242 0.0166206 0.00268132
 0.712936 0.202497 0.0762004 0.00316232 0.0052045
 0.780569 0.159187 0.0425536 0.0159409 0.00174987
 0.819441 0.143239 0.027116 0.00720812 0.00299572
 0.522109 0.39565 0.0653016 0.0123089 0.00463078
 0.478149 0.279594 0.200706 0.0329939 0.00855697
 0.923049 0.0384651 0.0206808 0.0147524 0.00305305
pobs_PELACES
 0 0 0 0 0
 0 0 0 0 0
 0 0 0 0 0
 0 0 0 0 0
 0 0 0 0 0
 0 0 0 0 0
 0 0 0 0 0
 0 0 0 0 0
 0 0 0 0 0
 0 0 0 0 0
 0 0 0 0 0
 0 0 0 0 0
 0 0 0 0 0
 0 0 0 0 0
 0 0 0 0 0
 0 0 0 0 0
 0.505614 0.472636 0.0217494 0 0
 0 0 0 0 0
 0.443492 0.261883 0.143347 0.151278 0
 0.227955 0.32914 0.350689 0.0885471 0.00366901
 0.970185 0.0296113 0.000203453 0 0
 0.997202 0.00247181 0.000326279 0 0
 0.445219 0.490057 0.0546422 0.010081 0
 0.90214 0.0892962 0.00764917 0.000914606 0
 0 0 0 0 0
 0.581667 0.319106 0.0959925 0.00289975 0.000334073
 0.762889 0.0836404 0.116647 0.0363945 0.000428098
 0.88444 0.0763242 0.0277011 0.0115352 0
 0.521256 0.241999 0.230069 0.00667565 0
 0.616807 0.101726 0.260614 0.0208532 0
 0.833518 0.0704572 0.0857862 0.0102388 0
ppred_PELACES
 0.520514 0.159572 0.295388 0.0245243 1.09486e-06
 0.459429 0.347456 0.069846 0.114058 0.00921129
 0.608212 0.227245 0.111098 0.01968 0.0337642
 0.759197 0.17293 0.0416047 0.0179202 0.00834735
 0.663733 0.281005 0.0411868 0.00872746 0.00534723
 0.76139 0.179715 0.0502417 0.00649911 0.00215456
 0.448094 0.46114 0.07049 0.0173709 0.00290505
 0.419729 0.327965 0.215253 0.0289596 0.00809332
 0.540763 0.246849 0.126726 0.0733922 0.0122698
 0.792127 0.138605 0.0396274 0.0178912 0.0117496
 0.908241 0.0794229 0.00860777 0.0021612 0.00156763
 0.726495 0.256851 0.014663 0.0014017 0.000588878
 0.753208 0.200187 0.0441005 0.00221295 0.00029155
 0.851332 0.124493 0.0200796 0.00388155 0.000214178
 0.859491 0.127637 0.0110101 0.00155461 0.000308198
 0.973268 0.0243271 0.00220994 0.000167294 2.74917e-05
 0.250889 0.736335 0.0117547 0.00094013 8.05114e-05
 0.934077 0.0225568 0.0427149 0.000600786 5.07087e-05
 0.570566 0.412161 0.00641338 0.0107006 0.000158653
 0.782052 0.147592 0.0678949 0.000929905 0.00153118
 0.619296 0.324494 0.039596 0.0160508 0.000563423
 0.763708 0.170009 0.0575667 0.00619039 0.00252575
 0.246384 0.632638 0.0901495 0.026879 0.00395012
 0.819894 0.0612113 0.101853 0.0127912 0.00425075
 0.567523 0.382112 0.0186146 0.0273126 0.00443722
 0.585427 0.278295 0.122316 0.00525413 0.00870806
 0.671693 0.226994 0.0708191 0.0274586 0.00303543
 0.723125 0.21177 0.0468276 0.0128846 0.00539258
 0.386682 0.492734 0.095021 0.0185393 0.00702386
 0.339677 0.327354 0.274143 0.0466437 0.0121822
 0.868793 0.059985 0.0376396 0.0277903 0.00579175
pobs_pel_tallas
 0 0 0 0 0 0 0 0 0 0 0 0 0 0 0 0 0 0 0 0 0 0 0 0 0 0
 0 0 0 0 0 0 0 0 0 0 0 0 0 0 0 0 0 0 0 0 0 0 0 0 0 0
 0 0 0 0 0 0 0 0 0 0 0 0 0 0 0 0 0 0 0 0 0 0 0 0 0 0
 0 0 0 0 0 0 0 0 0 0 0 0 0 0 0 0 0 0 0 0 0 0 0 0 0 0
 0 0 0 0 0 0 0 0 0 0 0 0 0 0 0 0 0 0 0 0 0 0 0 0 0 0
 0 0 0 0 0 0 0 0 0 0 0 0 0 0 0 0 0 0 0 0 0 0 0 0 0 0
 0 0 0 0 0 0 0 0 0 0 0 0 0 0 0 0 0 0 0 0 0 0 0 0 0 0
 0 0 0 0 0 0 0 0 0 0 0 0 0 0 0 0 0 0 0 0 0 0 0 0 0 0
 0 0 0 0 0 0 0 0 0 0 0 0 0 0 0 0 0 0 0 0 0 0 0 0 0 0
 0 0 0 0 0 0 0 0 0 0 0 0 0 0 0 0 0 0 0 0 0 0 0 0 0 0
 0 0 0 0 0 0 0 0 0 0 0 0 0 0 0 0 0 0 0 0 0 0 0 0 0 0
 0 0 0 0 0 0 0 0 0 0 0 0 0 0 0 0 0 0 0 0 0 0 0 0 0 0
 0.00862536 0 0 0.000197151 0.00414017 0.0128641 0.00837892 0.0270097 0.101434 0.158115 0.152841 0.127902 0.109271 0.109419 0.0830992 0.0579132 0.0238553 0.00714673 0.00463305 0.00128148 0.00103504 0.000492878 0.000147863 0.000147863 4.92878e-05 0
 0 0 0 0 0 0 0 0 0 0 0 0 0 0 0 0 0 0 0 0 0 0 0 0 0 0
 0 0 0 0 0 0 0 0.0054083 0.00873648 0.0413646 0.0450493 0.0745869 0.0622846 0.0627006 0.0613931 0.0827291 0.12552 0.122667 0.0946155 0.0697135 0.0546179 0.0294188 0.0215738 0.0213955 0.0102223 0.00600262
 0 0 0 0 0.00359764 0.0251062 0.0480494 0.140153 0.205849 0.193036 0.1447 0.116669 0.0760912 0.0342217 0.00950174 0.001854 0.000860785 0 0 0 0.000165536 0 0.000143464 0 0 0
 0 0 0 0 0 0 0 0.000145254 0.000435761 0.0275982 0.070085 0.0708112 0.156366 0.174668 0.174014 0.160142 0.0824315 0.0480064 0.0283245 0.00493863 0.00203355 0 0 0 0 0
 0 0 0 0 0 0 0 0 0 0 0 0 0 0 0 0 0 0 0 0 0 0 0 0 0 0
 0 0 1.00437e-05 0.000401748 0.00122533 0.00171747 0.00176769 0.0269171 0.070346 0.194647 0.189555 0.159765 0.064822 0.0314167 0.0384472 0.0292271 0.0345202 0.0313363 0.0194345 0.0106764 0.0143323 0.0359363 0.0279516 0.0138201 0.00172751 0
 0 0.0021121 0.0136068 0.0755702 0.200478 0.177729 0.0527432 0.0373336 0.0318909 0.0142505 0.0149659 0.0166563 0.0217959 0.0798694 0.0677717 0.0528807 0.04013 0.0224614 0.0357745 0.0225083 0.00881397 0.00855152 0.00135912 0.000746735 0 0
 0 0 0 0 5.4009e-05 0.00500934 0.000945158 0.0243581 0.138947 0.33067 0.221406 0.137944 0.0707744 0.0437923 0.0131692 0.00525238 0.0047753 0.00276346 9.45158e-05 9.00151e-06 2.25038e-05 9.00151e-06 4.50075e-06 0 0 0
 0.000866109 0.00284123 0.00948549 0.0512746 0.133035 0.25785 0.225252 0.132002 0.0553304 0.0519788 0.0540692 0.017754 0.00435017 0.00159236 0.00146478 0.000404838 0.000125132 0.000115318 0.000107957 0.000100596 0 0 0 0 0 0
 0 0 0 0 0.00144013 0.00171154 0.00461396 0.0210425 0.0478622 0.0707936 0.0888783 0.103762 0.0637923 0.0337046 0.0602308 0.124433 0.169614 0.0934646 0.0462172 0.0250306 0.0313229 0.00938855 0.002487 0.000210481 0 0
 0 0.00764035 0.051015 0.0998891 0.058973 0.0496711 0.0374665 0.0718981 0.12319 0.153886 0.159021 0.0857701 0.0377988 0.023471 0.0147837 0.00900784 0.00315554 0.000888139 0.00291439 0.00214683 0.00393193 0.00274676 0.000635225 9.99891e-05 0 0
 0 0 0 0 0 0 0 0 0 0 0 0 0 0 0 0 0 0 0 0 0 0 0 0 0 0
 0 0 0 0 0 0 0 0 0 0 0 0 0 0 0 0 0 0 0 0 0 0 0 0 0 0
 0 0 0 0 0 0 0 0 0 0 0 0 0 0 0 0 0 0 0 0 0 0 0 0 0 0
 0 0 0 0 0 0 0 0 0 0 0 0 0 0 0 0 0 0 0 0 0 0 0 0 0 0
 0 0 0 0 0 0 0 0 0 0 0 0 0 0 0 0 0 0 0 0 0 0 0 0 0 0
 0 0 0 0 0 0 0 0 0 0 0 0 0 0 0 0 0 0 0 0 0 0 0 0 0 0
 0 0 0 0 0 0 0 0 0 0 0 0 0 0 0 0 0 0 0 0 0 0 0 0 0 0
ppred_pel_tallas
 1.11025e-16 4.28741e-05 0.000416751 0.00276946 0.0125896 0.0391709 0.0834583 0.121813 0.121829 0.0835358 0.0394322 0.0133496 0.00469782 0.00469423 0.00836502 0.0142778 0.0217639 0.0298634 0.0375333 0.0441478 0.0496048 0.0538814 0.0565044 0.0565429 0.0532035 0.0465122
 1.15102e-16 3.78426e-05 0.000367843 0.00244445 0.0111121 0.0345742 0.0736652 0.107523 0.107557 0.0738292 0.0351251 0.0127044 0.00644521 0.00911517 0.0166926 0.0276523 0.0401196 0.0511026 0.0576206 0.0584183 0.0547434 0.0494512 0.0451405 0.0427726 0.0416127 0.0401725
 1.10952e-16 5.00977e-05 0.000486967 0.00323607 0.0147107 0.0457706 0.0975199 0.142338 0.14236 0.0976277 0.0461327 0.0157584 0.00587238 0.00626385 0.0110859 0.0184178 0.0269282 0.034715 0.0398676 0.0415165 0.0403032 0.0378131 0.0354533 0.0336877 0.032098 0.0299867
 1.04455e-16 6.25341e-05 0.000607854 0.0040394 0.0183626 0.0571328 0.121728 0.177669 0.177686 0.12181 0.0574069 0.0191548 0.00602963 0.00495802 0.0083407 0.0137336 0.0198825 0.0252283 0.0282291 0.0281867 0.0256517 0.0220152 0.0186244 0.0161204 0.014388 0.0129519
 1.03041e-16 5.46709e-05 0.000531421 0.00353148 0.0160536 0.0499489 0.106422 0.155332 0.155359 0.106555 0.0503933 0.0173373 0.00675376 0.00756612 0.0134161 0.0220964 0.0318334 0.0400482 0.0441473 0.0429325 0.037307 0.0296473 0.0223697 0.016808 0.0130513 0.0105038
 1.02513e-16 6.27147e-05 0.000609609 0.00405107 0.0184156 0.0572978 0.12208 0.178182 0.1782 0.122164 0.0575828 0.0192392 0.00612039 0.00513305 0.00867137 0.0142826 0.0206758 0.0262228 0.0292976 0.0291348 0.0262543 0.0220533 0.0179171 0.014558 0.0119712 0.00982247
 1.04386e-16 3.6909e-05 0.000358769 0.00238415 0.010838 0.0337213 0.0718485 0.104874 0.104919 0.0720657 0.0344507 0.0129449 0.00767303 0.0119058 0.0219708 0.036274 0.0522741 0.0657844 0.0725518 0.0706039 0.0614061 0.0488335 0.0368244 0.027552 0.0211698 0.0167346
 1.1057e-16 3.45726e-05 0.000336058 0.00223322 0.0101519 0.0315866 0.0672998 0.0982327 0.0982645 0.0674557 0.0321108 0.0116695 0.0060554 0.00872269 0.0160877 0.0268685 0.0394637 0.0512156 0.0593822 0.0626217 0.0616304 0.0583458 0.0544363 0.0503724 0.0456643 0.039758
 1.13157e-16 4.4542e-05 0.000432964 0.0028772 0.0130794 0.0406948 0.0867056 0.126554 0.126578 0.0868227 0.0410887 0.0142191 0.00574659 0.00672498 0.0120778 0.0201184 0.0295051 0.0382335 0.0442935 0.0467955 0.0464467 0.0448976 0.0435049 0.0425255 0.0412547 0.0387777
 1.04962e-16 6.52465e-05 0.000634219 0.00421461 0.019159 0.0596109 0.127008 0.185374 0.185388 0.127073 0.0598308 0.0197949 0.00581263 0.00412918 0.00672217 0.0110615 0.0160523 0.0204543 0.0230548 0.0233137 0.0216759 0.0192343 0.0170181 0.0154694 0.0144199 0.0134291
 1.00751e-16 7.48106e-05 0.000727186 0.0048324 0.0219674 0.0683488 0.145625 0.212545 0.212553 0.145662 0.0684743 0.0223299 0.00574204 0.00271229 0.00384302 0.00623004 0.00895608 0.011239 0.0123372 0.0119113 0.0102231 0.0079597 0.00582489 0.00421488 0.00316477 0.00250253
 1.0073e-16 5.98405e-05 0.000581671 0.00386541 0.0175716 0.0546719 0.116485 0.170019 0.170043 0.116606 0.0550773 0.0187421 0.00680169 0.00698564 0.0122046 0.0200357 0.0287474 0.0359198 0.0391284 0.0372529 0.0311511 0.0231027 0.0154849 0.00970069 0.0059694 0.00379218
 1.01596e-16 6.20408e-05 0.000603058 0.00400754 0.0182177 0.0566821 0.120768 0.176268 0.176288 0.120862 0.0569991 0.0191337 0.00630777 0.00562789 0.00961489 0.0158221 0.022843 0.0288394 0.0319707 0.0313679 0.0276243 0.022352 0.0171854 0.0130212 0.00993697 0.00759507
 1.01037e-16 7.01231e-05 0.000681621 0.00452961 0.020591 0.0640662 0.1365 0.199229 0.199241 0.136559 0.0642632 0.0211598 0.00595771 0.0037997 0.00599344 0.0098012 0.0141207 0.0177739 0.019608 0.0190873 0.0166024 0.0131928 0.00991716 0.00736208 0.00557606 0.00431732
 1.00559e-16 7.07951e-05 0.000688154 0.00457302 0.0207883 0.0646802 0.137809 0.201138 0.20115 0.137869 0.0648818 0.0213704 0.00603355 0.00387451 0.00611641 0.00998414 0.014339 0.0179536 0.0196278 0.0188067 0.0159094 0.0120501 0.0083833 0.00557963 0.00373171 0.00259177
 1.00092e-16 8.01668e-05 0.00077925 0.00517839 0.0235402 0.0732423 0.156051 0.227761 0.227763 0.156062 0.0732808 0.0236512 0.00545679 0.00138663 0.00123262 0.00190801 0.00273394 0.00342316 0.00374278 0.00358651 0.00303365 0.00229594 0.00159302 0.00105287 0.000694024 0.000470681
 1.00636e-16 2.06656e-05 0.000200877 0.0013349 0.00606831 0.0188811 0.0402309 0.058733 0.0588038 0.0405769 0.0200424 0.00942029 0.00974139 0.0185276 0.0347535 0.0572304 0.0819907 0.102158 0.110737 0.104504 0.085982 0.0618539 0.0391429 0.0220702 0.0113775 0.00561814
 1.01308e-16 7.69387e-05 0.000747871 0.00496987 0.0225923 0.070293 0.149767 0.21859 0.218592 0.149778 0.07033 0.0226998 0.00524254 0.0013527 0.00125362 0.00202342 0.00307574 0.00421623 0.00528933 0.00620048 0.00692842 0.00746498 0.00774426 0.00764471 0.00707292 0.00605497
 1.01391e-16 4.69969e-05 0.000456826 0.00303577 0.0138002 0.0429378 0.091485 0.133533 0.133573 0.0916786 0.0435878 0.0156767 0.00774217 0.0107179 0.0194963 0.032057 0.0459415 0.0572856 0.062191 0.0588746 0.0487655 0.0356068 0.0233046 0.0141661 0.00852974 0.00550921
 1.0235e-16 6.44166e-05 0.000626153 0.00416101 0.0189153 0.0588527 0.125392 0.183017 0.183031 0.125462 0.0590876 0.0195946 0.00586951 0.00436695 0.00720125 0.011887 0.0173108 0.022167 0.0251502 0.0256239 0.0239443 0.0211245 0.0181376 0.0154377 0.0129857 0.0105888
 1.02931e-16 5.10107e-05 0.000495842 0.00329505 0.0149788 0.0466048 0.0992977 0.144934 0.144966 0.0994504 0.0471178 0.0164603 0.00701342 0.00861185 0.0154612 0.0254706 0.0366655 0.0460652 0.0506654 0.049082 0.0423725 0.0333113 0.0247261 0.0181882 0.0138125 0.0109026
 1.02754e-16 6.29056e-05 0.000611465 0.0040634 0.0184716 0.0574722 0.122451 0.178725 0.178741 0.122532 0.0577422 0.019252 0.00602457 0.00490096 0.00823351 0.0135747 0.0196939 0.0250666 0.0281701 0.0282824 0.0258727 0.0222134 0.0185486 0.0154915 0.0130079 0.0107946
 1.06128e-16 2.02944e-05 0.000197269 0.00131093 0.00595931 0.018542 0.0395079 0.0576757 0.0577367 0.0398058 0.0195424 0.00884904 0.00856469 0.0160328 0.0300964 0.0497276 0.0716426 0.090114 0.0993051 0.0965157 0.0837768 0.0664373 0.0499359 0.0372757 0.0286618 0.0227663
 1.04958e-16 6.75336e-05 0.000656451 0.00436235 0.0198306 0.0617004 0.131459 0.19187 0.191876 0.131489 0.0618003 0.020121 0.00509852 0.00228726 0.00323429 0.00542162 0.00822689 0.0112293 0.0140223 0.0163816 0.0183111 0.0198678 0.0209369 0.0211965 0.0203195 0.0182331
 1.04125e-16 4.67462e-05 0.00045439 0.00301958 0.0137266 0.0427088 0.0909969 0.13282 0.132857 0.0911766 0.043312 0.0154683 0.00738922 0.00998595 0.0181276 0.0298401 0.0428577 0.0536456 0.0586476 0.0562583 0.0478118 0.0367238 0.0264873 0.0190583 0.0145581 0.0120215
 1.05602e-16 4.82209e-05 0.000468724 0.00311484 0.0141596 0.044056 0.0938669 0.137007 0.137034 0.0939987 0.0444987 0.01544 0.00633496 0.00751843 0.0134958 0.0223879 0.0326004 0.0417306 0.0473292 0.0482165 0.0450979 0.0399232 0.0345555 0.0298478 0.0256769 0.021592
 1.0537e-16 5.53265e-05 0.000537794 0.00357383 0.0162461 0.0505478 0.107698 0.157193 0.157215 0.107806 0.0509082 0.0172878 0.00619197 0.00626428 0.0109637 0.018124 0.0263067 0.0335132 0.0377385 0.0380581 0.0351433 0.030724 0.0264522 0.0230773 0.0204268 0.0179467
 1.03611e-16 5.95629e-05 0.000578973 0.00384748 0.0174901 0.0544183 0.115945 0.169229 0.169249 0.116044 0.0547537 0.0184594 0.00628213 0.00589858 0.0101765 0.0167665 0.0242342 0.0306597 0.0341245 0.0337434 0.0301734 0.0251292 0.0203113 0.0165936 0.0139454 0.0118869
 1.05916e-16 3.18506e-05 0.000309599 0.0020574 0.00935266 0.0290998 0.062002 0.0905038 0.0905513 0.0622343 0.0298799 0.0116061 0.00771586 0.0126685 0.0235226 0.0388864 0.0561288 0.0708219 0.0784574 0.0769379 0.0677928 0.0550705 0.0428491 0.0333238 0.0265813 0.0216142
 1.14735e-16 2.79788e-05 0.000271964 0.0018073 0.00821573 0.0255623 0.0544645 0.0794992 0.0795311 0.0546206 0.0260877 0.00973768 0.00564534 0.00870923 0.0162244 0.0272287 0.0402742 0.052848 0.0623408 0.0674645 0.0688139 0.0680335 0.0663517 0.063781 0.0595163 0.0529425
 1.04869e-16 7.15614e-05 0.000695602 0.00462252 0.0210133 0.0653802 0.1393 0.203313 0.203319 0.139328 0.0654763 0.0212914 0.00532331 0.00223488 0.00302312 0.00495976 0.00731778 0.00959006 0.0113177 0.0123124 0.0127532 0.0130125 0.0133494 0.0137226 0.0138498 0.0134224
pSPR Fmed_Fpbrs
0.376256   0.6 0.325
Fs Fmed_Fpbrs
0.631015   0.300946 0.745719
SSBpbr Bo_Bmed_Bpbrs
1.22179e+06  398616  671985 335992
Ro
104836
SPR SPRFo_SPRFmed_SPRFpbrs
748283 281546 243192
Fref
0.300946
Nvult_r0
 141090 6605.88 3582.23 2556.53 529.092
CTP_r0
 35400.8 2130.54 1172.97 837.782 173.392
YTP_r0
391360
Np
 127185 38048.2 13817.7 533.017 362.511
Nvult_p0
 89136.4 27615.4 10054 387.887 263.809
CTP_p0
 15273.7 8307.84 329.067 176.156 154.015
 15273.7 6272.68 2323.53 89.7248 61.0263
YTP_p0
 262580 271136
CBA_c0
265147
log_Ro
11.3802
likeval ReclasPelacesDesembMPH_pf_preclas_ppelaces_ptallas_desvR_qrecl_qpela
 30.9299 68.4192 0.0638798 52.5482 255.908 118.759 108.279 0 27.3053 3.47712e-05 0.000109118 0.0768357 9.77664e-16 0 0
q_reclas_q_pelaces
2.30617 4.42002
M
1
N
 155431 29815.2 47420.8 3804.39 0.168657
 88937 45146.8 7839.64 12374.3 992.378
 84420.3 21134 8924.07 1527.97 2603.22
 124929 20162.4 4207.65 1752.16 810.494
 97558.8 25430.2 3198.54 654.884 398.439
 196598 29676.4 7140.23 892.593 293.845
 69990.8 53647.9 7140.54 1701.57 282.589
 26119.4 12351.5 6947.47 903.075 250.618
 25565.3 8345.56 3718.98 2082.38 345.712
 33875.7 5068.19 1275.09 556.999 363.266
 75168.7 4028.7 374.557 90.8653 65.4488
 87167.9 23165.4 1152.31 106.523 44.4414
 70449.6 14984.2 2890.09 140.279 18.3533
 72440.2 10124.4 1449.26 271.187 14.8605
 49010.8 6265.43 475.84 65.0094 12.7989
 322965 5716.75 450.452 32.9672 5.37988
 32996.7 65841 908.836 70.2624 5.97527
 471635 7558.6 12353.6 167.939 14.0759
 222417 115767 1564.54 2523.91 37.1606
 339110 43152.3 17153.7 227.094 371.328
 229951 79541 8373.6 3280.7 114.358
 365918 57301.2 16820.9 1748.71 708.529
 44070.1 76036.2 9360.36 2697.63 393.68
 216137 10439.9 14963.8 1816.16 599.335
 129508 57055 2396.28 3398.11 548.211
 110280 33102.9 12509.5 519.264 854.608
 142630 31207.2 8387.26 3142.84 345.003
 203720 37575.7 7142.62 1899.11 789.284
 73034.2 58074.1 9620.44 1813.74 682.363
 33798.3 21378.7 15439.2 2538.86 658.463
 191483 8562.79 4628.7 3302.8 683.532
pred_Ctot
 21077.9 5524.65 8959.4 719.522 0.0318998
 20620.7 13879.1 2451.92 3873.7 310.674
 19384.7 6439.01 2766.29 474.076 807.727
 36991.8 7750.04 1642.88 684.704 316.736
 10843.3 3890.57 499.227 102.323 62.2579
 32879.8 6716.38 1646.51 206.034 67.8306
 24410 23853.5 3220.9 768.119 127.57
 2195.68 1440.7 827.23 107.646 29.8753
 7830.93 3307.02 1496.59 838.675 139.241
 15829.4 2891.85 735.889 321.654 209.784
 7823.19 578.358 54.8656 13.3243 9.59786
 31189.8 10534 531.461 49.1667 20.5131
 29229 7740.73 1512.12 73.4447 9.60943
 39139.4 6492.97 938.335 175.67 9.62666
 23144.5 3606.1 276.976 37.8631 7.45462
 95441.7 2193.48 175.568 12.86 2.0987
 8176.98 21522.1 302.123 23.3781 1.98822
 102514 2188.54 3640.23 49.5328 4.15183
 69944.5 46965.9 644.463 1040.49 15.3201
 80562 13567.7 5486.25 72.697 118.875
 48400.2 22350.6 2394.99 939.219 32.7407
 105385 21481.1 6406.67 666.602 270.101
 10278.2 23502.6 2943.4 849.053 123.913
 39641.6 2578.17 3763.78 457.256 150.903
 25733.3 15191.4 649.613 922.084 148.766
 16434.5 6713.24 2585.93 107.45 176.851
 26297.2 7744.82 2119.99 795.17 87.2937
 29595.9 7437.14 1441.13 383.566 159.422
 9609.01 10453 1765.79 333.25 125.381
 6855.46 5803.13 4266.55 702.268 182.145
 35400.8 2130.54 1172.97 837.782 173.392
F
 0.236283 0.335826 0.343441 0.343852 0.343873
 0.437045 0.621167 0.635252 0.636011 0.636051
 0.431987 0.613978 0.627901 0.628651 0.628691
 0.591807 0.841128 0.860201 0.861229 0.861283
 0.190103 0.270191 0.276318 0.276648 0.276665
 0.298717 0.424564 0.434191 0.43471 0.434737
 0.734589 1.04406 1.06774 1.06901 1.06908
 0.140946 0.200326 0.204868 0.205113 0.205126
 0.618253 0.878716 0.898642 0.899716 0.899772
 1.12925 1.605 1.64139 1.64335 1.64346
 0.177075 0.251675 0.257382 0.257689 0.257706
 0.760839 1.08137 1.10589 1.10721 1.10728
 0.939951 1.33594 1.36624 1.36787 1.36795
 1.44771 2.05762 2.10428 2.10679 2.10693
 1.14864 1.63255 1.66957 1.67156 1.67167
 0.590303 0.83899 0.858015 0.859041 0.859095
 0.473722 0.673295 0.688563 0.689386 0.689429
 0.404629 0.575095 0.588136 0.588838 0.588875
 0.639816 0.909363 0.929984 0.931095 0.931154
 0.450051 0.639652 0.654157 0.654939 0.65498
 0.389542 0.553652 0.566206 0.566883 0.566918
 0.571199 0.811839 0.830248 0.83124 0.831292
 0.440145 0.625573 0.639759 0.640523 0.640563
 0.331896 0.47172 0.482416 0.482993 0.483023
 0.364123 0.517524 0.52926 0.529892 0.529925
 0.262373 0.372908 0.381364 0.381819 0.381843
 0.3339 0.474568 0.485329 0.485909 0.48594
 0.255027 0.362467 0.370687 0.371129 0.371153
 0.228533 0.324811 0.332177 0.332574 0.332595
 0.372984 0.530118 0.542139 0.542787 0.542821
 0.33495 0.476061 0.486856 0.487438 0.487469
YTP_r0W_actual
 293826 30040.6 32373.9 28652.1 6467.54
YTP_p0W_proyectada
 114400 130184 7611.32 5173.7 5210.31
 114400 98292.9 53743.3 2635.22 2064.52
CTP_r0_actual
 35400.8 2130.54 1172.97 837.782 173.392
CTP_p0_proyectada
 15273.7 8307.84 329.067 176.156 154.015
 15273.7 6272.68 2323.53 89.7248 61.0263
Wmedp
 7.49 15.67 23.13 29.37 33.83
Frms_r0
 0.33495 0.476061 0.486856 0.487438 0.487469
Zrms_r0
 1.33495 1.47606 1.48686 1.48744 1.48747
nmprior
 8.19 8.8 8.5 0
nm_flota  nm_reclas  nm_pelaces    nm_pelaL
inf 16.2696 8.81781 16.9422
cv_recla  cv_pelaces  cv_mph
0.223008 0.469352 0.89002
 ------------------------------------------------
Talla a la edad & desviaci?n 
 8 13.2811 15.8009 17.003 17.5766
 0.8 1.32811 1.58009 1.7003 1.75766
