years
 1991 1992 1993 1994 1995 1996 1997 1998 1999 2000 2001 2002 2003 2004 2005 2006 2007 2008 2009 2010 2011 2012 2013 2014 2015 2016 2017 2018 2019 2020 2021
reclasobs
 0 0 0 0 0 0 0 0 0 252601 567819 844713 477998 351125 339783 2.1784e+06 2.13404e+06 4.81314e+06 1.55562e+06 2.62356e+06 3.21686e+06 3.843e+06 1.13348e+06 3.07943e+06 1.97215e+06 2.03268e+06 2.025e+06 2.42433e+06 2.27542e+06 1.05018e+06 2.36338e+06
reclaspred
 3.38555e+06 1.82432e+06 923184 987410 1.05028e+06 1.99775e+06 1.08595e+06 914176 625207 402221 667644 495365 283565 793665 623014 1.50515e+06 1.26657e+06 3.50797e+06 3.3624e+06 2.39668e+06 3.36366e+06 2.23629e+06 1.52703e+06 2.69995e+06 1.87266e+06 1.71204e+06 2.16212e+06 2.58344e+06 2.14162e+06 1.30362e+06 1.9415e+06
pelacesobs
 0 0 0 0 0 0 0 0 0 0 0 0 0 0 0 552880 188675 0 991730 2.46772e+06 1.41603e+06 1.21717e+06 2.29649e+06 1.80582e+06 0 1.4828e+06 1.56532e+06 1.57751e+06 1.42118e+06 867257 1.10002e+06
pelacespred
 2.06803e+06 1.18843e+06 571249 461176 570391 1.07402e+06 548543 613149 375552 208556 368712 216880 108861 412443 340049 649867 629143 1.84713e+06 1.92421e+06 1.32629e+06 1.72995e+06 1.18951e+06 863152 1.58487e+06 1.12289e+06 1.03971e+06 1.40586e+06 1.65993e+06 1.28779e+06 862856 1.14385e+06
mphobs
 0 0 0 0 0 0 0 0 0 0 0 498337 6000 5186 125008 0 168611 109162 213762 579715 649985 157893 87575 83554 210694 70296 0 107559 103333 445601 0
mphpred
 397892 272046 126483 71625.4 82939.3 108096 161132 79936.1 72076.6 41718 24817.3 64043.9 23987.1 11934.9 45920.3 42767 132970 108178 288515 248015 247745 223047 171275 122753 214640 159138 137376 158484 259971 171882 96322.3
desembarqueobs
 494567 514787 250237 358949 120608 361735 552515 73892 212993 205616 52469 317467 293654 387597 252695 516296 358380 742168 942051 627588 828172 859565 418607 520667 417249 300574 415391 372974 316634 284311 391294
desembarquepred
 494565 514070 250558 358981 120613 361733 552508 73897.8 213059 205665 52469.2 317916 293811 387357 252661 516202 358433 741958 941489 627268 828396 859577 418573 520685 417260 300536 415374 372918 316533 284303 391295
Reclutas
 162086 87428.3 87415.4 128197 104433 203615 75228.4 30792.6 30609.1 42740.2 90183.7 46756.1 63268.5 128451 57070 302855 60544.7 516290 391008 238710 243249 351790 71993.7 218103 157651 87503.1 177193 216924 78848.9 49370.2 181322
log_desv_Rt
 0.338189 -0.279122 -0.279269 0.103629 -0.101394 0.566291 -0.429412 -1.32267 -1.32864 -0.994801 -0.248092 -0.904995 -0.602553 0.105609 -0.705662 0.963313 -0.646558 1.49673 1.21879 0.725308 0.744143 1.11309 -0.473362 0.635027 0.310441 -0.278266 0.427299 0.629607 -0.382408 -0.850594 0.450331
SSB
 1.37161e+06 937796 436012 246907 285908 372628 555455 275556 248463 143810 85550.2 220772 82688.2 41142 158297 147426 458375 372913 994569 854956 854025 768889 590419 423156 739907 548580 473563 546327 896173 592512 332042
BT
 2.07629e+06 1.45357e+06 697142 725320 610098 1.36275e+06 953992 618693 546579 391343 419163 458035 379962 867415 596445 1.10572e+06 836673 2.59135e+06 2.73111e+06 1.73958e+06 2.2805e+06 1.90612e+06 1.12318e+06 2.10404e+06 1.37574e+06 1.2078e+06 1.81856e+06 2.02139e+06 1.33797e+06 987029 1.52628e+06
Ftot
 0.294562 0.541038 0.533707 0.773276 0.246522 0.408809 0.946378 0.170713 0.701238 1.03043 0.191638 1.18352 1.98053 1.16489 0.886634 0.816496 0.561158 0.506535 0.598247 0.546994 0.516705 0.806916 0.54515 0.450499 0.458083 0.367721 0.436512 0.33533 0.288881 0.432293 0.471925
BD_Bspro_t
 0.953963 0.707115 0.466165 0.367423 0.376439 0.490767 0.515051 0.312025 0.364583 0.290614 0.246759 0.518307 0.209189 0.111723 0.28217 0.262529 0.409439 0.352231 0.523612 0.449662 0.399519 0.376853 0.348806 0.312343 0.469459 0.453481 0.472199 0.537056 0.633051 0.538905 0.438906
BD_Bspro
 1.66267 1.13679 0.528533 0.2993 0.346578 0.451698 0.673322 0.334028 0.301186 0.174326 0.103704 0.26762 0.100234 0.0498723 0.191887 0.17871 0.555642 0.452044 1.20562 1.03638 1.03525 0.932046 0.715705 0.512948 0.896914 0.664988 0.574052 0.662256 1.08634 0.718242 0.402501
BD_Bo
 1.07777 0.736893 0.342606 0.194012 0.224659 0.2928 0.436461 0.216524 0.195235 0.113002 0.0672229 0.173476 0.064974 0.0323282 0.124385 0.115843 0.360178 0.293024 0.781504 0.6718 0.671069 0.604171 0.463934 0.332503 0.581398 0.431058 0.372112 0.429288 0.704187 0.465579 0.260909
BD_Brms
 1.95959 1.33981 0.62292 0.35275 0.40847 0.532364 0.793565 0.393679 0.354972 0.205458 0.122223 0.315412 0.118135 0.0587786 0.226154 0.210624 0.654869 0.532771 1.42092 1.22145 1.22012 1.09849 0.843517 0.604552 1.05709 0.783743 0.676567 0.780524 1.28034 0.846507 0.474381
Sel_flota
 0.655687 1 1 1 1
 0.655687 1 1 1 1
 0.655687 1 1 1 1
 0.655687 1 1 1 1
 0.655687 1 1 1 1
 0.655687 1 1 1 1
 0.655687 1 1 1 1
 0.655687 1 1 1 1
 0.655687 1 1 1 1
 0.655687 1 1 1 1
 0.655687 1 1 1 1
 0.655687 1 1 1 1
 0.655687 1 1 1 1
 0.655687 1 1 1 1
 0.655687 1 1 1 1
 0.655687 1 1 1 1
 0.655687 1 1 1 1
 0.655687 1 1 1 1
 0.655687 1 1 1 1
 0.655687 1 1 1 1
 0.655687 1 1 1 1
 0.655687 1 1 1 1
 0.655687 1 1 1 1
 0.655687 1 1 1 1
 0.655687 1 1 1 1
 0.655687 1 1 1 1
 0.655687 1 1 1 1
 0.655687 1 1 1 1
 0.655687 1 1 1 1
 0.655687 1 1 1 1
 0.655687 1 1 1 1
Sel_reclas
 0.91863 0.982704 0.996515 0.999306 0.999862
 0.91863 0.982704 0.996515 0.999306 0.999862
 0.91863 0.982704 0.996515 0.999306 0.999862
 0.91863 0.982704 0.996515 0.999306 0.999862
 0.91863 0.982704 0.996515 0.999306 0.999862
 0.91863 0.982704 0.996515 0.999306 0.999862
 0.91863 0.982704 0.996515 0.999306 0.999862
 0.91863 0.982704 0.996515 0.999306 0.999862
 0.91863 0.982704 0.996515 0.999306 0.999862
 0.91863 0.982704 0.996515 0.999306 0.999862
 0.91863 0.982704 0.996515 0.999306 0.999862
 0.91863 0.982704 0.996515 0.999306 0.999862
 0.91863 0.982704 0.996515 0.999306 0.999862
 0.91863 0.982704 0.996515 0.999306 0.999862
 0.91863 0.982704 0.996515 0.999306 0.999862
 0.91863 0.982704 0.996515 0.999306 0.999862
 0.91863 0.982704 0.996515 0.999306 0.999862
 0.91863 0.982704 0.996515 0.999306 0.999862
 0.91863 0.982704 0.996515 0.999306 0.999862
 0.91863 0.982704 0.996515 0.999306 0.999862
 0.91863 0.982704 0.996515 0.999306 0.999862
 0.91863 0.982704 0.996515 0.999306 0.999862
 0.91863 0.982704 0.996515 0.999306 0.999862
 0.91863 0.982704 0.996515 0.999306 0.999862
 0.91863 0.982704 0.996515 0.999306 0.999862
 0.91863 0.982704 0.996515 0.999306 0.999862
 0.91863 0.982704 0.996515 0.999306 0.999862
 0.91863 0.982704 0.996515 0.999306 0.999862
 0.91863 0.982704 0.996515 0.999306 0.999862
 0.91863 0.982704 0.996515 0.999306 0.999862
 0.91863 0.982704 0.996515 0.999306 0.999862
Sel_pelaces
 0.645941 0.901783 0.978817 0.995718 0.999146
 0.645941 0.901783 0.978817 0.995718 0.999146
 0.645941 0.901783 0.978817 0.995718 0.999146
 0.645941 0.901783 0.978817 0.995718 0.999146
 0.645941 0.901783 0.978817 0.995718 0.999146
 0.645941 0.901783 0.978817 0.995718 0.999146
 0.645941 0.901783 0.978817 0.995718 0.999146
 0.645941 0.901783 0.978817 0.995718 0.999146
 0.645941 0.901783 0.978817 0.995718 0.999146
 0.645941 0.901783 0.978817 0.995718 0.999146
 0.645941 0.901783 0.978817 0.995718 0.999146
 0.645941 0.901783 0.978817 0.995718 0.999146
 0.645941 0.901783 0.978817 0.995718 0.999146
 0.645941 0.901783 0.978817 0.995718 0.999146
 0.645941 0.901783 0.978817 0.995718 0.999146
 0.645941 0.901783 0.978817 0.995718 0.999146
 0.645941 0.901783 0.978817 0.995718 0.999146
 0.645941 0.901783 0.978817 0.995718 0.999146
 0.645941 0.901783 0.978817 0.995718 0.999146
 0.645941 0.901783 0.978817 0.995718 0.999146
 0.645941 0.901783 0.978817 0.995718 0.999146
 0.645941 0.901783 0.978817 0.995718 0.999146
 0.645941 0.901783 0.978817 0.995718 0.999146
 0.645941 0.901783 0.978817 0.995718 0.999146
 0.645941 0.901783 0.978817 0.995718 0.999146
 0.645941 0.901783 0.978817 0.995718 0.999146
 0.645941 0.901783 0.978817 0.995718 0.999146
 0.645941 0.901783 0.978817 0.995718 0.999146
 0.645941 0.901783 0.978817 0.995718 0.999146
 0.645941 0.901783 0.978817 0.995718 0.999146
 0.645941 0.901783 0.978817 0.995718 0.999146
pf_obs 
 0.8446 0.082 0.0669 0.0065 0
 0.8095 0.147 0.0364 0.0071 0
 0.9664 0.0169 0.016 0.0007 0
 0.9276 0.0648 0.0075 0.0001 0
 0.7033 0.2144 0.0806 0.0017 0
 0.9318 0.0425 0.0243 0.0014 0
 0.5671 0.3108 0.0964 0.0239 0.0018
 0.0768 0.2599 0.5324 0.112 0.0189
 0.490249 0.384438 0.106611 0.0170017 0.00170017
 0.7925 0.1577 0.0466 0.003 0.0002
 0.840416 0.127587 0.0312969 0.00059994 9.999e-05
 0.8084 0.0986 0.0794 0.0134 0.0002
 0.7335 0.1905 0.0724 0.0035 0.0001
 0.4001 0.4547 0.1325 0.0127 0
 0.49795 0.308269 0.164784 0.0264974 0.00249975
 0.9179 0.0499 0.0305 0.0017 0
 0.2467 0.6533 0.0926 0.0074 0
 0.9418 0.0223 0.034 0.0019 0
 0.707729 0.231977 0.0356964 0.0245975 0
 0.517169 0.277429 0.184464 0.0207286 0.00020938
 0.811772 0.124168 0.05621 0.00726502 0.000585176
 0.764997 0.148141 0.077277 0.00933861 0.000247198
 0.163321 0.427699 0.378323 0.0303852 0.000271297
 0.753843 0.0900009 0.118128 0.0371064 0.000921714
 0.721811 0.176058 0.0630433 0.0369309 0.00215725
 0.143369 0.312575 0.442814 0.0836902 0.0175525
 0.692698 0.0596174 0.167031 0.0765114 0.00414204
 0.394062 0.376323 0.152708 0.0712218 0.00568511
 0.125707 0.32114 0.495352 0.0537591 0.00404204
 0.23352 0.215282 0.420074 0.123614 0.00750983
 0.796117 0.104755 0.0508955 0.0450114 0.00322123
pf_pred 
 0.541093 0.149386 0.287579 0.0219416 9.10732e-07
 0.451244 0.360263 0.061359 0.118121 0.00901272
 0.614455 0.225353 0.105167 0.0179118 0.0371126
 0.749539 0.183169 0.0393322 0.0183555 0.00960375
 0.677897 0.271766 0.0368129 0.00790489 0.00561918
 0.769058 0.178178 0.0445181 0.00603035 0.00221539
 0.450423 0.465452 0.064905 0.0162167 0.00300368
 0.457315 0.329065 0.18092 0.0252284 0.00747091
 0.553206 0.255103 0.116235 0.0639062 0.0115503
 0.754348 0.168808 0.0438755 0.0199914 0.0129779
 0.866484 0.114138 0.0133162 0.00346107 0.00260075
 0.523617 0.434201 0.0360597 0.00420699 0.00191511
 0.815515 0.126639 0.0527248 0.0043787 0.000743404
 0.9331 0.0612539 0.00387539 0.00161348 0.000156747
 0.646922 0.340755 0.0112831 0.000713857 0.000326081
 0.935422 0.0498842 0.0141809 0.000469559 4.32781e-05
 0.387003 0.590623 0.0172829 0.00491312 0.000177678
 0.924365 0.0393584 0.0349529 0.0010228 0.000301271
 0.659997 0.324369 0.00813555 0.00722491 0.000273691
 0.571648 0.330193 0.0936446 0.00234872 0.00216483
 0.659495 0.236886 0.0798746 0.0226529 0.00109184
 0.75448 0.188362 0.0397641 0.0134079 0.00398583
 0.360737 0.542224 0.0744479 0.0157163 0.00687468
 0.801176 0.0977067 0.0857675 0.011776 0.00357338
 0.615854 0.33462 0.0243382 0.0213642 0.00382343
 0.505918 0.360278 0.116554 0.00847738 0.00877325
 0.753532 0.154712 0.0669069 0.0216451 0.0032036
 0.717785 0.23603 0.028991 0.0125375 0.00465633
 0.403725 0.480695 0.096665 0.0118731 0.00704165
 0.427749 0.299257 0.220078 0.0442563 0.0086598
 0.837115 0.0904378 0.0378863 0.0278621 0.00669924
pobs_RECLAS
 0 0 0 0 0
 0 0 0 0 0
 0 0 0 0 0
 0 0 0 0 0
 0 0 0 0 0
 0 0 0 0 0
 0 0 0 0 0
 0 0 0 0 0
 0 0 0 0 0
 0 0 0 0 0
 0.991045 0.00858322 0.000360255 1.14367e-05 0
 0.934742 0.0480273 0.0164251 0.00080598 0
 0.827803 0.169806 0.00239088 0 0
 0.941827 0.0461693 0.0120037 0 0
 0.791401 0.0380133 0.147996 0.0225897 0
 0.846168 0.0940531 0.0597789 0 0
 0.134021 0.677848 0.182769 0.00536245 0
 0.80878 0.0450904 0.141981 0.00414843 0
 0.846168 0.0940531 0.0597789 0 0
 0.905697 0.0802665 0.012482 0.00150086 5.37128e-05
 0.989698 0.0102097 9.19794e-05 0 0
 0.975433 0.0193895 0.00387452 0.00125025 5.28907e-05
 0.303575 0.632131 0.0575291 0.00676475 0
 0.966965 0.00978017 0.0227588 0.000495775 0
 0.843318 0.132988 0.00938335 0.0141283 0.000182051
 0.564624 0.303363 0.111486 0.0197234 0.00080311
 0.826376 0.0876187 0.0782897 0.00655872 0.00115652
 0.89761 0.0855135 0.0140674 0.00269457 0.000114338
 0.34875 0.467042 0.161289 0.0227151 0.000203297
 0.318654 0.224769 0.449479 0.00709798 0
 0.937255 0.0296025 0.0250945 0.00804832 0
ppred_RECLAS
 0.627164 0.120211 0.234669 0.0179548 7.45666e-07
 0.543701 0.297928 0.0514554 0.099333 0.00758341
 0.697578 0.175661 0.083129 0.014198 0.029434
 0.814806 0.134883 0.0293707 0.013745 0.00719552
 0.751152 0.209472 0.0287734 0.00619586 0.00440677
 0.827725 0.132476 0.0335645 0.00455933 0.00167591
 0.5497 0.380514 0.0538065 0.0134813 0.00249843
 0.54569 0.273913 0.152715 0.0213549 0.00632736
 0.643898 0.202003 0.0933343 0.051459 0.00930583
 0.821076 0.122365 0.0322514 0.0147362 0.00957165
 0.902817 0.0828973 0.00980736 0.00255621 0.00192188
 0.62506 0.341303 0.028743 0.00336276 0.00153165
 0.877749 0.0835433 0.0352713 0.00293742 0.000498985
 0.954802 0.0413312 0.00265168 0.00110709 0.000107612
 0.731397 0.259099 0.0086999 0.000551964 0.00025227
 0.955301 0.0344172 0.00992148 0.000329442 3.03807e-05
 0.479252 0.501472 0.0148804 0.00424199 0.000153493
 0.946395 0.027706 0.0249506 0.000732153 0.000215781
 0.739231 0.248602 0.00632287 0.00563085 0.000213424
 0.659713 0.261459 0.0751932 0.00189122 0.00174412
 0.737246 0.181981 0.0622237 0.0176964 0.000853417
 0.819173 0.138249 0.0295952 0.010007 0.00297649
 0.450706 0.464871 0.0647243 0.0137019 0.00599685
 0.852981 0.0717198 0.0638408 0.00878996 0.00266877
 0.69893 0.26173 0.0193041 0.0169927 0.00304279
 0.595753 0.293622 0.0963247 0.00702567 0.00727493
 0.815059 0.115453 0.0506305 0.0164254 0.00243241
 0.785437 0.179005 0.0222958 0.00966905 0.00359301
 0.49297 0.407599 0.0831177 0.0102378 0.00607513
 0.518242 0.250189 0.186578 0.0376248 0.00736629
 0.881107 0.0655612 0.0278509 0.0205393 0.00494129
pobs_PELACES
 0 0 0 0 0
 0 0 0 0 0
 0 0 0 0 0
 0 0 0 0 0
 0 0 0 0 0
 0 0 0 0 0
 0 0 0 0 0
 0 0 0 0 0
 0 0 0 0 0
 0 0 0 0 0
 0 0 0 0 0
 0 0 0 0 0
 0 0 0 0 0
 0 0 0 0 0
 0 0 0 0 0
 0 0 0 0 0
 0.505614 0.472636 0.0217494 0 0
 0 0 0 0 0
 0.443492 0.261883 0.143347 0.151278 0
 0.227955 0.32914 0.350689 0.0885471 0.00366901
 0.970185 0.0296113 0.000203453 0 0
 0.997202 0.00247181 0.000326279 0 0
 0.445219 0.490057 0.0546422 0.010081 0
 0.90214 0.0892962 0.00764917 0.000914606 0
 0 0 0 0 0
 0.581667 0.319106 0.0959925 0.00289975 0.000334073
 0.762889 0.0836404 0.116647 0.0363945 0.000428098
 0.88444 0.0763242 0.0277011 0.0115352 0
 0.521256 0.241999 0.230069 0.00667565 0
 0.616807 0.101726 0.260614 0.0208532 0
 0.833518 0.0704572 0.0857862 0.0102388 0
ppred_PELACES
 0.559715 0.135401 0.282924 0.0219592 9.14599e-07
 0.485697 0.326622 0.0603815 0.118246 0.00905334
 0.64535 0.199603 0.101108 0.0175177 0.0364211
 0.782857 0.154901 0.0361035 0.0171396 0.00899848
 0.701564 0.248271 0.0365032 0.00797374 0.00568763
 0.791351 0.157788 0.0427914 0.00589653 0.00217368
 0.507334 0.411592 0.0622973 0.0158339 0.00294288
 0.476993 0.306466 0.182889 0.0259433 0.00770906
 0.592213 0.223894 0.11073 0.0619306 0.0112318
 0.794175 0.137394 0.0387614 0.0179662 0.0117033
 0.877976 0.102942 0.013036 0.00344674 0.0025989
 0.592138 0.368863 0.0332503 0.00394622 0.00180259
 0.870749 0.0863635 0.0390282 0.00329719 0.000561715
 0.948346 0.0469327 0.00322297 0.00136502 0.000133066
 0.697134 0.29141 0.0104735 0.000674074 0.000308968
 0.946467 0.040558 0.0125146 0.00042154 3.89861e-05
 0.428432 0.548909 0.0174344 0.00504176 0.000182958
 0.932681 0.0336408 0.0324273 0.000965279 0.000285308
 0.698482 0.286409 0.00779711 0.00704392 0.000267753
 0.608634 0.295828 0.0910654 0.00232347 0.00214893
 0.690336 0.209702 0.0767488 0.0221422 0.0010709
 0.788952 0.158542 0.0363281 0.0124608 0.00371705
 0.398083 0.503662 0.0750606 0.0161193 0.00707521
 0.81854 0.0853369 0.0813082 0.0113565 0.00345795
 0.649721 0.301418 0.023796 0.021249 0.0038159
 0.535856 0.330561 0.116075 0.00858837 0.00891871
 0.775374 0.1364 0.0640265 0.0210709 0.00312935
 0.742099 0.212469 0.0283264 0.0124616 0.00464406
 0.431491 0.450563 0.0983455 0.0122881 0.00731286
 0.455411 0.27317 0.218054 0.0446066 0.00875838
 0.852699 0.0784789 0.0356849 0.0266963 0.00644104
pobs_pel_tallas
 0 0 0 0 0 0 0 0 0 0 0 0 0 0 0 0 0 0 0 0 0 0 0 0 0 0
 0 0 0 0 0 0 0 0 0 0 0 0 0 0 0 0 0 0 0 0 0 0 0 0 0 0
 0 0 0 0 0 0 0 0 0 0 0 0 0 0 0 0 0 0 0 0 0 0 0 0 0 0
 0 0 0 0 0 0 0 0 0 0 0 0 0 0 0 0 0 0 0 0 0 0 0 0 0 0
 0 0 0 0 0 0 0 0 0 0 0 0 0 0 0 0 0 0 0 0 0 0 0 0 0 0
 0 0 0 0 0 0 0 0 0 0 0 0 0 0 0 0 0 0 0 0 0 0 0 0 0 0
 0 0 0 0 0 0 0 0 0 0 0 0 0 0 0 0 0 0 0 0 0 0 0 0 0 0
 0 0 0 0 0 0 0 0 0 0 0 0 0 0 0 0 0 0 0 0 0 0 0 0 0 0
 0 0 0 0 0 0 0 0 0 0 0 0 0 0 0 0 0 0 0 0 0 0 0 0 0 0
 0 0 0 0 0 0 0 0 0 0 0 0 0 0 0 0 0 0 0 0 0 0 0 0 0 0
 0 0 0 0 0 0 0 0 0 0 0 0 0 0 0 0 0 0 0 0 0 0 0 0 0 0
 0 0 0 0 0 0 0 0 0 0 0 0 0 0 0 0 0 0 0 0 0 0 0 0 0 0
 0.00862536 0 0 0.000197151 0.00414017 0.0128641 0.00837892 0.0270097 0.101434 0.158115 0.152841 0.127902 0.109271 0.109419 0.0830992 0.0579132 0.0238553 0.00714673 0.00463305 0.00128148 0.00103504 0.000492878 0.000147863 0.000147863 4.92878e-05 0
 0 0 0 0 0 0 0 0 0 0 0 0 0 0 0 0 0 0 0 0 0 0 0 0 0 0
 0 0 0 0 0 0 0 0.0054083 0.00873648 0.0413646 0.0450493 0.0745869 0.0622846 0.0627006 0.0613931 0.0827291 0.12552 0.122667 0.0946155 0.0697135 0.0546179 0.0294188 0.0215738 0.0213955 0.0102223 0.00600262
 0 0 0 0 0.00359764 0.0251062 0.0480494 0.140153 0.205849 0.193036 0.1447 0.116669 0.0760912 0.0342217 0.00950174 0.001854 0.000860785 0 0 0 0.000165536 0 0.000143464 0 0 0
 0 0 0 0 0 0 0 0.000145254 0.000435761 0.0275982 0.070085 0.0708112 0.156366 0.174668 0.174014 0.160142 0.0824315 0.0480064 0.0283245 0.00493863 0.00203355 0 0 0 0 0
 0 0 0 0 0 0 0 0 0 0 0 0 0 0 0 0 0 0 0 0 0 0 0 0 0 0
 0 0 1.00437e-05 0.000401748 0.00122533 0.00171747 0.00176769 0.0269171 0.070346 0.194647 0.189555 0.159765 0.064822 0.0314167 0.0384472 0.0292271 0.0345202 0.0313363 0.0194345 0.0106764 0.0143323 0.0359363 0.0279516 0.0138201 0.00172751 0
 0 0.0021121 0.0136068 0.0755702 0.200478 0.177729 0.0527432 0.0373336 0.0318909 0.0142505 0.0149659 0.0166563 0.0217959 0.0798694 0.0677717 0.0528807 0.04013 0.0224614 0.0357745 0.0225083 0.00881397 0.00855152 0.00135912 0.000746735 0 0
 0 0 0 0 5.4009e-05 0.00500934 0.000945158 0.0243581 0.138947 0.33067 0.221406 0.137944 0.0707744 0.0437923 0.0131692 0.00525238 0.0047753 0.00276346 9.45158e-05 9.00151e-06 2.25038e-05 9.00151e-06 4.50075e-06 0 0 0
 0.000866109 0.00284123 0.00948549 0.0512746 0.133035 0.25785 0.225252 0.132002 0.0553304 0.0519788 0.0540692 0.017754 0.00435017 0.00159236 0.00146478 0.000404838 0.000125132 0.000115318 0.000107957 0.000100596 0 0 0 0 0 0
 0 0 0 0 0.00144013 0.00171154 0.00461396 0.0210425 0.0478622 0.0707936 0.0888783 0.103762 0.0637923 0.0337046 0.0602308 0.124433 0.169614 0.0934646 0.0462172 0.0250306 0.0313229 0.00938855 0.002487 0.000210481 0 0
 0 0.00764035 0.051015 0.0998891 0.058973 0.0496711 0.0374665 0.0718981 0.12319 0.153886 0.159021 0.0857701 0.0377988 0.023471 0.0147837 0.00900784 0.00315554 0.000888139 0.00291439 0.00214683 0.00393193 0.00274676 0.000635225 9.99891e-05 0 0
 0 0 0 0 0 0 0 0 0 0 0 0 0 0 0 0 0 0 0 0 0 0 0 0 0 0
 0 0 0 0 0 0 0 0 0 0 0 0 0 0 0 0 0 0 0 0 0 0 0 0 0 0
 0 0 0 0 0 0 0 0 0 0 0 0 0 0 0 0 0 0 0 0 0 0 0 0 0 0
 0 0 0 0 0 0 0 0 0 0 0 0 0 0 0 0 0 0 0 0 0 0 0 0 0 0
 0 0 0 0 0 0 0 0 0 0 0 0 0 0 0 0 0 0 0 0 0 0 0 0 0 0
 0 0 0 0 0 0 0 0 0 0 0 0 0 0 0 0 0 0 0 0 0 0 0 0 0 0
 0 0 0 0 0 0 0 0 0 0 0 0 0 0 0 0 0 0 0 0 0 0 0 0 0 0
ppred_pel_tallas
 1.10402e-16 4.6103e-05 0.000448137 0.00297803 0.0135377 0.0421209 0.0897435 0.130986 0.131 0.0898095 0.0423436 0.0141863 0.0046259 0.00411096 0.00719408 0.012319 0.0189002 0.0261753 0.0333081 0.0397723 0.0454075 0.0500316 0.0530275 0.0534101 0.0504125 0.0441055
 1.15217e-16 4.00063e-05 0.000388876 0.00258422 0.0117475 0.036551 0.0778769 0.11367 0.113702 0.078031 0.0370688 0.013244 0.00634425 0.00860951 0.0156911 0.0259848 0.0376987 0.0480222 0.0541667 0.0549756 0.0516536 0.0469126 0.0432024 0.0413954 0.0407289 0.0397099
 1.1089e-16 5.31567e-05 0.000516702 0.00343367 0.015609 0.0485654 0.103474 0.151028 0.151047 0.103569 0.0488836 0.0165297 0.00575094 0.00559569 0.00975934 0.0162093 0.0237219 0.0306332 0.0352812 0.0369184 0.0361171 0.0342647 0.0325729 0.0314065 0.0303433 0.0287154
 1.04324e-16 6.4483e-05 0.000626797 0.00416529 0.0189348 0.0589133 0.125522 0.183206 0.183221 0.125595 0.0591588 0.0196444 0.00594779 0.00452281 0.00747811 0.0122993 0.0178043 0.0225907 0.0252797 0.0252516 0.0230079 0.0198033 0.0168495 0.0147168 0.013287 0.0121109
 1.0288e-16 5.7787e-05 0.00056171 0.00373276 0.0169686 0.0527957 0.112488 0.164184 0.164208 0.112605 0.0531884 0.0181028 0.0065798 0.0067773 0.0118638 0.0195256 0.0281311 0.0353957 0.0390296 0.0379772 0.0330389 0.0263155 0.0199405 0.0150871 0.0118257 0.00961942
 1.02235e-16 6.51826e-05 0.000633598 0.00421048 0.0191402 0.0595525 0.126883 0.185193 0.185208 0.126958 0.0598027 0.0198633 0.00602688 0.00460388 0.00762027 0.0125332 0.0181375 0.0229936 0.0256724 0.0255027 0.0229449 0.0192332 0.0155919 0.0126523 0.0104103 0.0085662
 1.03989e-16 4.17885e-05 0.0004062 0.00269934 0.0122708 0.0381793 0.0813466 0.118736 0.118776 0.0815405 0.0388303 0.0141513 0.00741977 0.0107121 0.0196177 0.0323744 0.0466519 0.0587062 0.0647408 0.0629968 0.054785 0.0435677 0.0328634 0.0246126 0.0189491 0.0150244
 1.09263e-16 3.92893e-05 0.000381906 0.0025379 0.011537 0.0358959 0.0764811 0.111633 0.111662 0.0766267 0.0363852 0.0129529 0.00610292 0.00819983 0.0149909 0.0249919 0.0366301 0.0473819 0.0546562 0.0571958 0.0556926 0.0520492 0.0479481 0.0439411 0.0396262 0.0344602
 1.11365e-16 4.87799e-05 0.000474158 0.00315095 0.0143238 0.0445666 0.0949548 0.138594 0.138616 0.095061 0.0449237 0.0153569 0.00575159 0.00617549 0.0109483 0.0182126 0.0266836 0.0345229 0.0398921 0.0419746 0.0414143 0.0397292 0.0381897 0.0370784 0.0358017 0.0335556
 1.04937e-16 6.54151e-05 0.000635858 0.0042255 0.0192085 0.059765 0.127336 0.185853 0.185867 0.127401 0.059983 0.0198388 0.00580941 0.00409985 0.00666305 0.0109623 0.0159065 0.0202652 0.022836 0.023084 0.021452 0.0190261 0.0168293 0.0153015 0.0142751 0.0133103
 1.01189e-16 7.23178e-05 0.000702954 0.00467138 0.0212354 0.0660713 0.140772 0.205463 0.205473 0.140821 0.0662341 0.0217055 0.00585114 0.0032781 0.00496217 0.00808696 0.011638 0.014626 0.0160962 0.0156115 0.0135095 0.0106723 0.00799791 0.00598371 0.00466165 0.00380234
 1.01755e-16 4.87737e-05 0.000474097 0.00315055 0.0143219 0.0445611 0.0949434 0.13858 0.138616 0.0951169 0.0451437 0.0160043 0.0073719 0.00968398 0.0175241 0.0288517 0.0414577 0.0519224 0.0567893 0.0544566 0.0461334 0.0350339 0.0244865 0.0164214 0.0111005 0.00780628
 1.01575e-16 7.17225e-05 0.000697168 0.00463293 0.0210606 0.0655275 0.139614 0.203772 0.20378 0.139654 0.0656649 0.0214581 0.00563265 0.00288611 0.00424802 0.00695891 0.0101325 0.0129796 0.0147379 0.0150397 0.0140989 0.0125113 0.010844 0.00935264 0.0079976 0.00664748
 1.00265e-16 7.8114e-05 0.000759296 0.00504579 0.0229374 0.0713669 0.152055 0.221929 0.221934 0.152077 0.071441 0.0231514 0.00558261 0.00193032 0.00229958 0.0036714 0.00526568 0.00658905 0.00719735 0.00688808 0.00581861 0.00440287 0.00306878 0.00206337 0.00141674 0.00103029
 1.00497e-16 5.74221e-05 0.000558163 0.00370919 0.0168615 0.0524624 0.111778 0.163149 0.163177 0.111915 0.0529221 0.0181887 0.00703823 0.00781715 0.013819 0.02269 0.032528 0.0405832 0.0440943 0.0417868 0.0346463 0.0252894 0.016456 0.00978033 0.00553646 0.00315751
 1.00421e-16 7.79592e-05 0.000757792 0.00503579 0.022892 0.0712255 0.151754 0.22149 0.221493 0.151773 0.0712898 0.023078 0.00550309 0.00177947 0.00202282 0.00323237 0.00467542 0.00593377 0.00663568 0.00660507 0.00595363 0.00498992 0.00402149 0.00320934 0.00256007 0.00201199
 1.01181e-16 3.52895e-05 0.000343026 0.00227953 0.0103625 0.0322417 0.0686963 0.100275 0.100328 0.0689543 0.0331077 0.0128623 0.00854974 0.014015 0.0259537 0.0427275 0.0612572 0.0764221 0.0830281 0.0786819 0.0652504 0.0476733 0.0311174 0.0186545 0.0107813 0.00640148
 1.0109e-16 7.68237e-05 0.000746754 0.00496244 0.0225585 0.070188 0.149543 0.218263 0.218267 0.149559 0.0702421 0.0227153 0.00535797 0.00161691 0.00174901 0.00282076 0.0041738 0.00549242 0.00650148 0.00705839 0.00720562 0.00708868 0.00681558 0.00638681 0.00574353 0.00486686
 1.01051e-16 5.75331e-05 0.000559243 0.00371636 0.0168941 0.0525639 0.111994 0.163464 0.163492 0.112129 0.0530157 0.0181984 0.00698798 0.00769291 0.0135814 0.0222982 0.0319675 0.0398897 0.043359 0.041136 0.0342057 0.0251525 0.0166697 0.0103428 0.00640007 0.00423304
 1.03301e-16 5.01325e-05 0.000487305 0.00323832 0.0147209 0.0458024 0.097588 0.142439 0.142467 0.0977277 0.0462718 0.0160774 0.00664674 0.00793924 0.0142356 0.0235398 0.0341 0.0432806 0.0484031 0.0481873 0.0434518 0.0364518 0.0294338 0.0235717 0.0189078 0.0149809
 1.04671e-16 5.68621e-05 0.00055272 0.00367302 0.016697 0.0519508 0.110687 0.161556 0.161576 0.110786 0.052284 0.0176605 0.00609536 0.00585333 0.0101609 0.0168054 0.0244316 0.0312028 0.0352743 0.0357818 0.0333094 0.0293949 0.0254979 0.0222676 0.0195505 0.0168939
 1.02968e-16 6.49849e-05 0.000631677 0.00419772 0.0190822 0.0593719 0.126499 0.184632 0.184647 0.126574 0.0596231 0.0198081 0.00602112 0.00461626 0.0076445 0.012567 0.0181725 0.0230131 0.0256578 0.0254492 0.0228799 0.019227 0.0157478 0.0130748 0.0111624 0.00963572
 1.05109e-16 3.27897e-05 0.000318728 0.00211806 0.00962842 0.0299578 0.0638301 0.0931721 0.0932207 0.0640674 0.0307544 0.0119293 0.00789389 0.0129284 0.0239837 0.0396055 0.0570674 0.0717993 0.0791551 0.076983 0.0668933 0.053135 0.0400293 0.029965 0.023111 0.0184203
 1.04093e-16 6.74221e-05 0.000655367 0.00435514 0.0197979 0.0615985 0.131242 0.191554 0.191562 0.131283 0.0617358 0.0201957 0.00535912 0.00286472 0.00431518 0.00716237 0.0106265 0.0140215 0.0166768 0.0182563 0.0188912 0.0189611 0.0187233 0.0181272 0.0169412 0.0150258
 1.03541e-16 5.35168e-05 0.000520202 0.00345693 0.0157147 0.0488944 0.104176 0.152054 0.152083 0.104318 0.0493706 0.0170896 0.00690702 0.00804815 0.0143401 0.0235962 0.0339273 0.0425483 0.0466663 0.0450158 0.0386278 0.0301516 0.022283 0.0165123 0.0129116 0.0107348
 1.05805e-16 4.41378e-05 0.000429036 0.00285109 0.0129607 0.0403257 0.0859193 0.125408 0.12544 0.0860755 0.0408506 0.0144783 0.00666571 0.00877333 0.015941 0.0264127 0.038343 0.0488372 0.0549459 0.0552675 0.0507089 0.0437305 0.0367324 0.0308896 0.0261244 0.021845
 1.04526e-16 6.38665e-05 0.000620806 0.00412547 0.0187538 0.0583501 0.124322 0.181454 0.181467 0.124386 0.0585674 0.0193823 0.00570684 0.00408527 0.00667982 0.0110375 0.0161183 0.0207429 0.0237471 0.0245892 0.0236331 0.0218129 0.0199678 0.0183933 0.0168865 0.0151072
 1.02908e-16 6.11258e-05 0.000594164 0.00394843 0.017949 0.0558462 0.118987 0.173669 0.17369 0.119087 0.0561821 0.0189194 0.00638438 0.00591201 0.0101613 0.0167038 0.0240624 0.0302745 0.0333858 0.032504 0.0283295 0.0226749 0.0173709 0.0134081 0.0108132 0.0090822
 1.05424e-16 3.55414e-05 0.000345475 0.00229581 0.0104364 0.0324718 0.0691863 0.100989 0.101032 0.0693988 0.0331854 0.0124982 0.00747368 0.0116572 0.0215429 0.0356216 0.0514569 0.0650103 0.0721684 0.0710064 0.0628904 0.051466 0.0403986 0.0316513 0.0253029 0.020479
 1.12319e-16 3.75116e-05 0.000364627 0.00242307 0.011015 0.0342718 0.0730206 0.106581 0.106608 0.0731508 0.0347098 0.0122839 0.00562248 0.00739579 0.0135285 0.0226659 0.0334892 0.0438768 0.0516429 0.0557205 0.0566372 0.0558168 0.0543406 0.0522549 0.0488821 0.0436604
 1.04818e-16 7.02357e-05 0.000682716 0.00453689 0.020624 0.0641691 0.136719 0.199547 0.199555 0.136756 0.0642942 0.020986 0.00544794 0.00267978 0.00388762 0.00638159 0.00934393 0.0120914 0.0139853 0.0147553 0.0146487 0.0142185 0.0139175 0.0138281 0.0136965 0.0131765
pSPR Fmed_Fpbrs
0.431642   0.6 0.325
Fs Fmed_Fpbrs
0.536163   0.304595 0.758807
SSBpbr Bo_Bmed_Bpbrs
1.27264e+06  485691  699949 349975
Ro
115577
SPR SPRFo_SPRFmed_SPRFpbrs
824948 356082 268108
Fref
0.304595
Nvult_r0
 132370 10540.3 4415.54 3247.25 780.778
CTP_r0
 31280.6 3379.4 1415.7 1041.13 250.331
YTP_r0
391295
Np
 137656 41473 13279.8 851.613 453.541
Nvult_p0
 96183.5 30222.1 9677.2 620.586 330.503
CTP_p0
 16011.8 8328.67 534.106 223.748 202.308
 16011.8 7056.22 2259.42 144.894 77.1655
YTP_p0
 276208 289626
CBA_c0
280234
log_Ro
11.4777
likeval ReclasPelacesDesembMPH_pf_preclas_ppelaces_ptallas_desvR_qrecl_qpela
 19.3042 19.2668 0.0370927 71.7737 249.581 110.397 106.644 0 23.4675 2.38564e-05 6.60589e-05 0.103017 8.1488e-16 0 0
q_reclas_q_pelaces
1.99796 3.17822
M
1
N
 162086 30552.9 58816.7 4487.58 0.186266
 87428.3 49155.5 8372.04 16116.8 1229.73
 87415.4 22557.5 10527.1 1792.95 3714.91
 128197 22662.8 4866.43 2271.05 1188.23
 104433 28404.4 3847.6 826.202 587.304
 203615 32684.6 8166.34 1106.2 406.387
 75228.4 57293.2 7989.24 1996.13 369.727
 30792.6 14879.8 8180.91 1140.79 337.822
 30609.1 10128.4 4614.89 2537.27 458.584
 42740.2 7110.02 1848 842.021 546.617
 90183.7 8000.46 933.395 242.603 182.299
 46756.1 29259.2 2429.93 283.494 129.052
 63268.5 7916.33 3295.89 273.718 46.4711
 128451 6352.07 401.881 167.319 16.2547
 57070 22015.5 728.982 46.121 21.0675
 302855 11739.1 3337.14 110.5 10.1845
 60544.7 65227.9 1908.71 542.6 19.6226
 516290 15416.5 13690.9 400.625 118.007
 391008 136257 3417.48 3034.95 114.968
 238710 97170.3 27558 691.188 637.073
 243249 61349.8 20686.3 5866.74 282.769
 351790 63770.3 13462.2 4539.27 1349.41
 71993.7 76244.9 10468.5 2209.95 966.683
 218103 18525.2 16261.5 2232.72 677.512
 157651 59714.9 4343.29 3812.56 682.313
 87503.1 42949.4 13894.6 1010.6 1045.88
 177193 25293.9 10938.6 3538.76 523.758
 216924 48961 6013.77 2600.72 965.887
 78848.9 64050.8 12880.2 1582.05 938.273
 49370.2 24001.5 17651 3549.52 694.548
 181322 13679.5 5730.62 4214.38 1013.32
pred_Ctot
 18280.8 5046.99 9715.84 741.296 0.030769
 16986.9 13561.9 2309.83 4446.61 339.28
 16785.7 6156.22 2872.97 489.317 1013.85
 33574.5 8204.8 1761.83 822.207 430.186
 9983.72 4002.43 542.162 116.419 82.7563
 30930.7 7166.12 1790.47 242.534 89.1006
 23108.5 23879.6 3329.89 831.982 154.101
 2080.19 1496.82 822.954 114.757 33.983
 7401.54 3413.11 1555.15 855.024 154.536
 14007.5 3134.6 814.728 371.223 240.987
 6800.87 895.846 104.516 27.1653 20.4128
 16970.8 14072.7 1168.72 136.351 62.0701
 32155.1 4993.27 2078.9 172.649 29.3119
 46091.2 3025.68 191.428 79.6991 7.74261
 16665 8778.01 290.659 18.3893 8.4
 82858 4418.65 1256.12 41.5927 3.8335
 12138.4 18525 542.082 154.101 5.5729
 94750.6 4034.37 3582.79 104.84 30.8813
 82787.3 40687.5 1020.49 906.263 34.3306
 46819.4 27043.6 7669.71 192.365 177.305
 45418.9 16314.2 5500.91 1560.09 75.1941
 95342.5 23803 5024.93 1694.34 503.683
 14079.5 21163 2905.7 613.407 268.318
 36117.2 4404.64 3866.42 530.863 161.089
 26493.9 14395.3 1047.02 919.082 164.483
 12085.4 8606.32 2784.23 202.508 209.575
 28534.9 5858.65 2533.64 819.658 121.314
 27554.1 9060.65 1112.9 481.286 178.746
 8734.49 10399.7 2091.32 256.872 152.344
 7882.27 5514.5 4055.44 815.526 159.577
 31280.6 3379.4 1415.7 1041.13 250.331
F
 0.19314 0.294562 0.294562 0.294562 0.294562
 0.354752 0.541038 0.541038 0.541038 0.541038
 0.349945 0.533707 0.533707 0.533707 0.533707
 0.507027 0.773276 0.773276 0.773276 0.773276
 0.161641 0.246522 0.246522 0.246522 0.246522
 0.268051 0.408809 0.408809 0.408809 0.408809
 0.620528 0.946378 0.946378 0.946378 0.946378
 0.111934 0.170713 0.170713 0.170713 0.170713
 0.459793 0.701238 0.701238 0.701238 0.701238
 0.675641 1.03043 1.03043 1.03043 1.03043
 0.125654 0.191638 0.191638 0.191638 0.191638
 0.776018 1.18352 1.18352 1.18352 1.18352
 1.29861 1.98053 1.98053 1.98053 1.98053
 0.763801 1.16489 1.16489 1.16489 1.16489
 0.581354 0.886634 0.886634 0.886634 0.886634
 0.535366 0.816496 0.816496 0.816496 0.816496
 0.367944 0.561158 0.561158 0.561158 0.561158
 0.332128 0.506535 0.506535 0.506535 0.506535
 0.392263 0.598247 0.598247 0.598247 0.598247
 0.358657 0.546994 0.546994 0.546994 0.546994
 0.338797 0.516705 0.516705 0.516705 0.516705
 0.529085 0.806916 0.806916 0.806916 0.806916
 0.357448 0.54515 0.54515 0.54515 0.54515
 0.295386 0.450499 0.450499 0.450499 0.450499
 0.300359 0.458083 0.458083 0.458083 0.458083
 0.24111 0.367721 0.367721 0.367721 0.367721
 0.286215 0.436512 0.436512 0.436512 0.436512
 0.219872 0.33533 0.33533 0.33533 0.33533
 0.189415 0.288881 0.288881 0.288881 0.288881
 0.283449 0.432293 0.432293 0.432293 0.432293
 0.309435 0.471925 0.471925 0.471925 0.471925
YTP_r0W_actual
 259629 47649.5 39073.3 35606.5 9337.36
YTP_p0W_proyectada
 119929 130510 12353.9 6571.49 6844.09
 119929 110571 52260.4 4255.52 2610.51
CTP_r0_actual
 31280.6 3379.4 1415.7 1041.13 250.331
CTP_p0_proyectada
 16011.8 8328.67 534.106 223.748 202.308
 16011.8 7056.22 2259.42 144.894 77.1655
Wmedp
 7.49 15.67 23.13 29.37 33.83
Frms_r0
 0.309435 0.471925 0.471925 0.471925 0.471925
Zrms_r0
 1.30944 1.47193 1.47193 1.47193 1.47193
nmprior
 8 8 9 0
nm_flota  nm_reclas  nm_pelaces    nm_pelaL
inf 13.8957 19.2968 46.8954
cv_recla  cv_pelaces  cv_mph
0.397421 0.49771 0.691731
 ------------------------------------------------
Talla a la edad & desviaci?n 
 8 13.2811 15.8009 17.003 17.5766
 0.8 1.32811 1.58009 1.7003 1.75766
