years
 1991 1992 1993 1994 1995 1996 1997 1998 1999 2000 2001 2002 2003 2004 2005 2006 2007 2008 2009 2010 2011 2012 2013 2014 2015 2016 2017 2018 2019 2020 2021
reclasobs
 0 0 0 0 0 0 0 0 0 252601 567819 844713 477998 351125 339783 2.1784e+06 2.13404e+06 4.81314e+06 1.55562e+06 2.62356e+06 3.21686e+06 3.843e+06 1.13348e+06 3.07943e+06 1.97215e+06 2.03268e+06 2.025e+06 2.42433e+06 2.27542e+06 1.05018e+06 2.36338e+06
reclaspred
 3.19276e+06 1.7429e+06 883562 911523 926800 1.61525e+06 905318 776004 547554 369075 504102 688815 676775 497303 485293 1.24922e+06 1.0491e+06 3.07593e+06 2.51544e+06 1.89629e+06 3.19343e+06 2.61674e+06 2.01665e+06 3.12511e+06 2.29324e+06 2.0163e+06 2.41886e+06 2.62051e+06 2.06905e+06 1.25228e+06 1.87992e+06
pelacesobs
 0 0 0 0 0 0 0 0 0 0 0 0 0 0 0 552880 188675 0 991730 2.46772e+06 1.41603e+06 1.21717e+06 2.29649e+06 1.80582e+06 0 1.4828e+06 1.56532e+06 1.57751e+06 1.42118e+06 867257 1.10002e+06
pelacespred
 1.89251e+06 1.1263e+06 554151 444330 499409 873045 451319 504559 326683 198848 286421 326337 356934 262620 262221 557404 510529 1.66572e+06 1.43831e+06 1.00422e+06 1.65719e+06 1.44616e+06 1.17889e+06 1.92302e+06 1.4102e+06 1.24578e+06 1.63413e+06 1.73977e+06 1.21947e+06 823366 1.14063e+06
mphobs
 0 0 0 0 0 0 0 0 0 0 0 498337 0 5186 125008 0 168611 109162 213762 579715 649985 157893 87575 83554 0 0 0 0 0 0 0
mphpred
 493467 330951 158688 88237.1 97110 117139 161829 86483.5 77732.6 48383.3 29638.5 61646.2 66283 54061.4 32565.2 40973.3 136932 114478 312153 225252 247935 291011 281805 227509 319839 259836 211391 227204 326830 211782 121151
desembarqueobs
 494567 514787 250237 358949 120608 361735 552515 73892 212993 205616 52469 317467 293654 387597 252695 516296 358380 742168 942051 627588 828172 859565 418607 520667 417249 300574 415391 372974 316634 284311 391294
desembarquepred
 494570 513842 250676 358986 120614 361743 552538 73897.5 213055 205673 52471.9 317528 293687 387569 252668 516234 358447 742002 941730 627327 828289 859530 418594 520699 417236 300570 415386 372943 316614 284316 391297
Reclutas
 169721 93283.4 94019.2 142631 115398 212229 82625.7 34833.8 34229 46208.4 86261.8 126166 105517 73716.2 67193.3 335381 63845.2 602269 336958 278586 349662 509571 101835 283021 241185 107515 238338 270124 79203.1 58383.6 225177
log_desv_Rt
 0.219783 -0.378733 -0.370877 0.0458884 -0.165993 0.443292 -0.500054 -1.36379 -1.3813 -1.08121 -0.456988 -0.0767762 -0.255507 -0.614153 -0.706801 0.900891 -0.757913 1.48633 0.905583 0.715353 0.942591 1.31919 -0.291021 0.731144 0.571188 -0.236744 0.559314 0.684505 -0.54236 -0.84734 0.502511
SSB
 1.97035e+06 1.32144e+06 633621 352319 387747 467723 646162 345317 310376 193188 118343 246145 264659 215860 130029 163601 546753 457095 1.24639e+06 899403 989973 1.16197e+06 1.12521e+06 908415 1.27707e+06 1.03749e+06 844057 907195 1.30499e+06 845619 483738
BT
 2.79926e+06 1.921e+06 940959 895648 757590 1.51383e+06 1.07574e+06 738233 644394 464781 444635 712991 755271 766860 623887 1.22017e+06 953135 3.04115e+06 2.84002e+06 1.89262e+06 2.94918e+06 2.74818e+06 1.90165e+06 3.14933e+06 2.23772e+06 1.90446e+06 2.67821e+06 2.77823e+06 1.81987e+06 1.3289e+06 1.9726e+06
Ftot
 0.212658 0.392151 0.385049 0.582642 0.193096 0.34909 0.805584 0.139248 0.558183 0.789372 0.172787 0.688687 0.643951 1.12369 0.821886 0.691209 0.476436 0.403668 0.545215 0.489966 0.391366 0.494874 0.290363 0.263415 0.264423 0.213772 0.269022 0.227465 0.207438 0.311873 0.338271
BD_Bspro_t
 0.966681 0.773734 0.56493 0.465426 0.460763 0.557092 0.559525 0.364384 0.420223 0.356309 0.311819 0.5708 0.449673 0.354801 0.240684 0.286487 0.454669 0.401403 0.575423 0.46429 0.44008 0.47868 0.500407 0.48599 0.602492 0.609917 0.615628 0.659032 0.717575 0.629172 0.537807
BD_Bspro
 2.0263 1.35897 0.651613 0.362324 0.398758 0.481004 0.664511 0.355123 0.319189 0.198674 0.121703 0.253135 0.272175 0.22199 0.133721 0.168247 0.562279 0.470075 1.28178 0.924942 1.01808 1.19496 1.15716 0.93421 1.31334 1.06695 0.868025 0.932956 1.34204 0.869632 0.497475
BD_Bo
 1.3297 0.891786 0.427604 0.237765 0.261674 0.315646 0.436067 0.23304 0.209459 0.130374 0.0798643 0.166113 0.178607 0.145675 0.0877508 0.110407 0.36898 0.308474 0.841133 0.606968 0.66809 0.784162 0.759356 0.61305 0.861842 0.700158 0.569618 0.612227 0.88068 0.570672 0.326454
BD_Brms
 2.41765 1.62143 0.777461 0.4323 0.475771 0.573902 0.79285 0.423709 0.380835 0.237044 0.145208 0.302023 0.32474 0.264863 0.159547 0.20074 0.670873 0.560862 1.52933 1.10358 1.21471 1.42575 1.38065 1.11464 1.56699 1.27302 1.03567 1.11314 1.60124 1.03759 0.593553
Sel_flota
 0.696534 0.977583 0.998795 0.999936 0.999997
 0.696534 0.977583 0.998795 0.999936 0.999997
 0.696534 0.977583 0.998795 0.999936 0.999997
 0.696534 0.977583 0.998795 0.999936 0.999997
 0.696534 0.977583 0.998795 0.999936 0.999997
 0.696534 0.977583 0.998795 0.999936 0.999997
 0.696534 0.977583 0.998795 0.999936 0.999997
 0.696534 0.977583 0.998795 0.999936 0.999997
 0.696534 0.977583 0.998795 0.999936 0.999997
 0.696534 0.977583 0.998795 0.999936 0.999997
 0.696534 0.977583 0.998795 0.999936 0.999997
 0.696534 0.977583 0.998795 0.999936 0.999997
 0.696534 0.977583 0.998795 0.999936 0.999997
 0.696534 0.977583 0.998795 0.999936 0.999997
 0.696534 0.977583 0.998795 0.999936 0.999997
 0.696534 0.977583 0.998795 0.999936 0.999997
 0.696534 0.977583 0.998795 0.999936 0.999997
 0.696534 0.977583 0.998795 0.999936 0.999997
 0.696534 0.977583 0.998795 0.999936 0.999997
 0.696534 0.977583 0.998795 0.999936 0.999997
 0.696534 0.977583 0.998795 0.999936 0.999997
 0.696534 0.977583 0.998795 0.999936 0.999997
 0.696534 0.977583 0.998795 0.999936 0.999997
 0.696534 0.977583 0.998795 0.999936 0.999997
 0.696534 0.977583 0.998795 0.999936 0.999997
 0.696534 0.977583 0.998795 0.999936 0.999997
 0.696534 0.977583 0.998795 0.999936 0.999997
 0.696534 0.977583 0.998795 0.999936 0.999997
 0.696534 0.977583 0.998795 0.999936 0.999997
 0.696534 0.977583 0.998795 0.999936 0.999997
 0.696534 0.977583 0.998795 0.999936 0.999997
Sel_reclas
 1 1 1 1 1
 1 1 1 1 1
 1 1 1 1 1
 1 1 1 1 1
 1 1 1 1 1
 1 1 1 1 1
 1 1 1 1 1
 1 1 1 1 1
 1 1 1 1 1
 1 1 1 1 1
 1 1 1 1 1
 1 1 1 1 1
 1 1 1 1 1
 1 1 1 1 1
 1 1 1 1 1
 1 1 1 1 1
 1 1 1 1 1
 1 1 1 1 1
 1 1 1 1 1
 1 1 1 1 1
 1 1 1 1 1
 1 1 1 1 1
 1 1 1 1 1
 1 1 1 1 1
 1 1 1 1 1
 1 1 1 1 1
 1 1 1 1 1
 1 1 1 1 1
 1 1 1 1 1
 1 1 1 1 1
 1 1 1 1 1
Sel_pelaces
 0.81907 0.957953 0.991354 0.99827 0.999656
 0.81907 0.957953 0.991354 0.99827 0.999656
 0.81907 0.957953 0.991354 0.99827 0.999656
 0.81907 0.957953 0.991354 0.99827 0.999656
 0.81907 0.957953 0.991354 0.99827 0.999656
 0.81907 0.957953 0.991354 0.99827 0.999656
 0.81907 0.957953 0.991354 0.99827 0.999656
 0.81907 0.957953 0.991354 0.99827 0.999656
 0.81907 0.957953 0.991354 0.99827 0.999656
 0.81907 0.957953 0.991354 0.99827 0.999656
 0.81907 0.957953 0.991354 0.99827 0.999656
 0.81907 0.957953 0.991354 0.99827 0.999656
 0.81907 0.957953 0.991354 0.99827 0.999656
 0.81907 0.957953 0.991354 0.99827 0.999656
 0.81907 0.957953 0.991354 0.99827 0.999656
 0.81907 0.957953 0.991354 0.99827 0.999656
 0.81907 0.957953 0.991354 0.99827 0.999656
 0.81907 0.957953 0.991354 0.99827 0.999656
 0.81907 0.957953 0.991354 0.99827 0.999656
 0.81907 0.957953 0.991354 0.99827 0.999656
 0.81907 0.957953 0.991354 0.99827 0.999656
 0.81907 0.957953 0.991354 0.99827 0.999656
 0.81907 0.957953 0.991354 0.99827 0.999656
 0.81907 0.957953 0.991354 0.99827 0.999656
 0.81907 0.957953 0.991354 0.99827 0.999656
 0.81907 0.957953 0.991354 0.99827 0.999656
 0.81907 0.957953 0.991354 0.99827 0.999656
 0.81907 0.957953 0.991354 0.99827 0.999656
 0.81907 0.957953 0.991354 0.99827 0.999656
 0.81907 0.957953 0.991354 0.99827 0.999656
 0.81907 0.957953 0.991354 0.99827 0.999656
pf_obs 
 0.8446 0.082 0.0669 0.0065 0
 0.8095 0.147 0.0364 0.0071 0
 0.9664 0.0169 0.016 0.0007 0
 0.9276 0.0648 0.0075 0.0001 0
 0.7033 0.2144 0.0806 0.0017 0
 0.9318 0.0425 0.0243 0.0014 0
 0.5671 0.3108 0.0964 0.0239 0.0018
 0.0768 0.2599 0.5324 0.112 0.0189
 0.490249 0.384438 0.106611 0.0170017 0.00170017
 0.7925 0.1577 0.0466 0.003 0.0002
 0.840416 0.127587 0.0312969 0.00059994 9.999e-05
 0.8084 0.0986 0.0794 0.0134 0.0002
 0.7335 0.1905 0.0724 0.0035 0.0001
 0.4001 0.4547 0.1325 0.0127 0
 0.49795 0.308269 0.164784 0.0264974 0.00249975
 0.9179 0.0499 0.0305 0.0017 0
 0.2467 0.6533 0.0926 0.0074 0
 0.9418 0.0223 0.034 0.0019 0
 0.707729 0.231977 0.0356964 0.0245975 0
 0.517169 0.277429 0.184464 0.0207286 0.00020938
 0.811772 0.124168 0.05621 0.00726502 0.000585176
 0.764997 0.148141 0.077277 0.00933861 0.000247198
 0.163321 0.427699 0.378323 0.0303852 0.000271297
 0.753843 0.0900009 0.118128 0.0371064 0.000921714
 0.721811 0.176058 0.0630433 0.0369309 0.00215725
 0.143369 0.312575 0.442814 0.0836902 0.0175525
 0.692698 0.0596174 0.167031 0.0765114 0.00414204
 0.394062 0.376323 0.152708 0.0712218 0.00568511
 0.125707 0.32114 0.495352 0.0537591 0.00404204
 0.23352 0.215282 0.420074 0.123614 0.00750983
 0.796117 0.104755 0.0508955 0.0450114 0.00322123
pf_pred 
 0.486288 0.140257 0.34956 0.0238942 8.81911e-07
 0.427344 0.331523 0.0669555 0.163045 0.0111316
 0.584925 0.218532 0.115054 0.0226497 0.0588399
 0.734818 0.179709 0.045557 0.0233797 0.0165358
 0.660623 0.274845 0.0441373 0.0108784 0.00951665
 0.757036 0.17872 0.052257 0.00820176 0.00378514
 0.46186 0.442048 0.0711561 0.0202888 0.00464756
 0.456697 0.314067 0.189361 0.0295402 0.0103347
 0.548257 0.246244 0.11992 0.0707078 0.0148714
 0.731742 0.174856 0.0515763 0.024423 0.0174028
 0.838699 0.131239 0.0198117 0.00566459 0.00458589
 0.751673 0.218844 0.0240916 0.00355487 0.00183699
 0.698152 0.249209 0.0465531 0.00497411 0.00111143
 0.649265 0.274549 0.0632213 0.0114682 0.00149678
 0.761564 0.181244 0.045123 0.0100184 0.00205046
 0.93913 0.0509669 0.00758553 0.00182935 0.000488448
 0.376349 0.598849 0.0208675 0.00301449 0.00091961
 0.926667 0.0348143 0.0370264 0.00125616 0.000236479
 0.591129 0.38836 0.00986997 0.0102297 0.000411816
 0.629089 0.254812 0.11043 0.00272972 0.00293874
 0.719807 0.201596 0.0544495 0.0229701 0.00117733
 0.756049 0.193291 0.0367142 0.00966542 0.00428058
 0.317391 0.562314 0.0958517 0.017722 0.00672192
 0.732321 0.107889 0.132193 0.0219955 0.00560193
 0.620315 0.303657 0.0310838 0.0371898 0.00775404
 0.42765 0.402122 0.136806 0.0136748 0.0197469
 0.726712 0.141496 0.0932366 0.0309939 0.00756215
 0.683471 0.251592 0.0340142 0.0218846 0.00903827
 0.340011 0.499096 0.128508 0.0169734 0.0154113
 0.42054 0.246201 0.253442 0.063767 0.0160493
 0.832775 0.0864021 0.0348309 0.0349881 0.0110042
pobs_RECLAS
 0 0 0 0 0
 0 0 0 0 0
 0 0 0 0 0
 0 0 0 0 0
 0 0 0 0 0
 0 0 0 0 0
 0 0 0 0 0
 0 0 0 0 0
 0 0 0 0 0
 0 0 0 0 0
 0.991045 0.00858322 0.000360255 1.14367e-05 0
 0.934742 0.0480273 0.0164251 0.00080598 0
 0.827803 0.169806 0.00239088 0 0
 0.941827 0.0461693 0.0120037 0 0
 0.791401 0.0380133 0.147996 0.0225897 0
 0.846168 0.0940531 0.0597789 0 0
 0.134021 0.677848 0.182769 0.00536245 0
 0.80878 0.0450904 0.141981 0.00414843 0
 0.846168 0.0940531 0.0597789 0 0
 0.905697 0.0802665 0.012482 0.00150086 5.37128e-05
 0.989698 0.0102097 9.19794e-05 0 0
 0.975433 0.0193895 0.00387452 0.00125025 5.28907e-05
 0.303575 0.632131 0.0575291 0.00676475 0
 0.966965 0.00978017 0.0227588 0.000495775 0
 0.843318 0.132988 0.00938335 0.0141283 0.000182051
 0.564624 0.303363 0.111486 0.0197234 0.00080311
 0.826376 0.0876187 0.0782897 0.00655872 0.00115652
 0.89761 0.0855135 0.0140674 0.00269457 0.000114338
 0.34875 0.467042 0.161289 0.0227151 0.000203297
 0.318654 0.224769 0.449479 0.00709798 0
 0.937255 0.0296025 0.0250945 0.00804832 0
ppred_RECLAS
 0.575853 0.117663 0.286895 0.0195879 7.22923e-07
 0.516958 0.282378 0.0557668 0.135638 0.00925983
 0.669153 0.176073 0.0906491 0.0178241 0.0463008
 0.799843 0.136671 0.033858 0.0173545 0.0122735
 0.733874 0.216427 0.0340044 0.00837124 0.00732287
 0.816325 0.135908 0.0388634 0.00609241 0.00281149
 0.554926 0.367169 0.0577074 0.0164332 0.00376411
 0.544405 0.2658 0.156813 0.0244344 0.0085479
 0.636852 0.200061 0.0952194 0.0560753 0.0117931
 0.799031 0.132104 0.0380487 0.0179944 0.0128212
 0.880396 0.0977136 0.0144324 0.00412175 0.00333664
 0.813624 0.164705 0.017712 0.00261026 0.00134877
 0.769211 0.191313 0.0349166 0.00372615 0.00083253
 0.732707 0.210388 0.0472328 0.00855631 0.00111665
 0.823034 0.135295 0.0328858 0.00729211 0.00149237
 0.957039 0.0361092 0.00524977 0.00126447 0.0003376
 0.462549 0.516541 0.0175961 0.00253884 0.000774458
 0.947826 0.0250619 0.0260631 0.000883165 0.00016625
 0.674089 0.309923 0.00769826 0.00796911 0.000320792
 0.708894 0.201406 0.0853253 0.00210661 0.00226777
 0.785941 0.154991 0.0409349 0.0172483 0.000884004
 0.816186 0.146335 0.0271708 0.00714435 0.00316386
 0.397792 0.498022 0.0830363 0.0153345 0.00581598
 0.796727 0.0830201 0.0995043 0.0165371 0.00421148
 0.698833 0.241951 0.0242274 0.0289525 0.00603619
 0.514953 0.34302 0.114169 0.0113988 0.0164593
 0.791707 0.109009 0.0702632 0.0233296 0.00569181
 0.753898 0.196511 0.0259907 0.0167028 0.00689778
 0.422297 0.439214 0.11064 0.0145964 0.0132523
 0.510058 0.210859 0.212302 0.053353 0.0134274
 0.877105 0.0642005 0.0253116 0.0253957 0.00798681
pobs_PELACES
 0 0 0 0 0
 0 0 0 0 0
 0 0 0 0 0
 0 0 0 0 0
 0 0 0 0 0
 0 0 0 0 0
 0 0 0 0 0
 0 0 0 0 0
 0 0 0 0 0
 0 0 0 0 0
 0 0 0 0 0
 0 0 0 0 0
 0 0 0 0 0
 0 0 0 0 0
 0 0 0 0 0
 0 0 0 0 0
 0.505614 0.472636 0.0217494 0 0
 0 0 0 0 0
 0.443492 0.261883 0.143347 0.151278 0
 0.227955 0.32914 0.350689 0.0885471 0.00366901
 0.970185 0.0296113 0.000203453 0 0
 0.997202 0.00247181 0.000326279 0 0
 0.445219 0.490057 0.0546422 0.010081 0
 0.90214 0.0892962 0.00764917 0.000914606 0
 0 0 0 0 0
 0.581667 0.319106 0.0959925 0.00289975 0.000334073
 0.762889 0.0836404 0.116647 0.0363945 0.000428098
 0.88444 0.0763242 0.0277011 0.0115352 0
 0.521256 0.241999 0.230069 0.00667565 0
 0.616807 0.101726 0.260614 0.0208532 0
 0.833518 0.0704572 0.0857862 0.0102388 0
ppred_PELACES
 0.536125 0.125618 0.316498 0.0217581 8.0413e-07
 0.483074 0.297589 0.0606532 0.14853 0.010154
 0.63807 0.189474 0.100678 0.0199312 0.051846
 0.781075 0.147883 0.0377587 0.0194847 0.013799
 0.704529 0.23869 0.0387575 0.00960722 0.0084157
 0.795541 0.14997 0.0442717 0.00698773 0.00322911
 0.533272 0.382962 0.0619378 0.0177555 0.00407258
 0.504958 0.284644 0.173616 0.0272399 0.00954257
 0.608684 0.212351 0.104185 0.0617704 0.0130087
 0.783428 0.140793 0.0417337 0.0198689 0.0141763
 0.864005 0.110371 0.0168499 0.00484544 0.00392792
 0.798565 0.177369 0.0196439 0.00291441 0.001508
 0.750572 0.205673 0.0386715 0.00415464 0.000929542
 0.721127 0.218204 0.0502986 0.00917136 0.00119855
 0.809922 0.144286 0.0360859 0.00805503 0.00165077
 0.952845 0.039436 0.0059047 0.00143177 0.000382792
 0.434432 0.542877 0.0190743 0.00277083 0.000846389
 0.940687 0.0280217 0.0300721 0.00102596 0.000193398
 0.649987 0.332279 0.00850882 0.00886781 0.00035746
 0.683329 0.216974 0.0948001 0.00235643 0.0025402
 0.763308 0.169776 0.0462762 0.019632 0.00100756
 0.797899 0.159807 0.0306006 0.00810083 0.00359238
 0.365798 0.521388 0.0897806 0.0166938 0.00634029
 0.770955 0.0916886 0.113516 0.0189955 0.00484426
 0.668706 0.264217 0.0273288 0.0328834 0.0068652
 0.47823 0.365259 0.125622 0.0126287 0.0182605
 0.766201 0.120345 0.0801235 0.0267864 0.00654422
 0.726431 0.216835 0.0296315 0.0191737 0.00792917
 0.387204 0.462025 0.12027 0.0159762 0.0145251
 0.473311 0.222321 0.231142 0.0584859 0.0147396
 0.86089 0.0714219 0.0290716 0.029368 0.00924882
pobs_pel_tallas
 0 0 0 0 0 0 0 0 0 0 0 0 0 0 0 0 0 0 0 0 0 0 0 0 0 0
 0 0 0 0 0 0 0 0 0 0 0 0 0 0 0 0 0 0 0 0 0 0 0 0 0 0
 0 0 0 0 0 0 0 0 0 0 0 0 0 0 0 0 0 0 0 0 0 0 0 0 0 0
 0 0 0 0 0 0 0 0 0 0 0 0 0 0 0 0 0 0 0 0 0 0 0 0 0 0
 0 0 0 0 0 0 0 0 0 0 0 0 0 0 0 0 0 0 0 0 0 0 0 0 0 0
 0 0 0 0 0 0 0 0 0 0 0 0 0 0 0 0 0 0 0 0 0 0 0 0 0 0
 0 0 0 0 0 0 0 0 0 0 0 0 0 0 0 0 0 0 0 0 0 0 0 0 0 0
 0 0 0 0 0 0 0 0 0 0 0 0 0 0 0 0 0 0 0 0 0 0 0 0 0 0
 0 0 0 0 0 0 0 0 0 0 0 0 0 0 0 0 0 0 0 0 0 0 0 0 0 0
 0 0 0 0 0 0 0 0 0 0 0 0 0 0 0 0 0 0 0 0 0 0 0 0 0 0
 0 0 0 0 0 0 0 0 0 0 0 0 0 0 0 0 0 0 0 0 0 0 0 0 0 0
 0 0 0 0 0 0 0 0 0 0 0 0 0 0 0 0 0 0 0 0 0 0 0 0 0 0
 0.00862536 0 0 0.000197151 0.00414017 0.0128641 0.00837892 0.0270097 0.101434 0.158115 0.152841 0.127902 0.109271 0.109419 0.0830992 0.0579132 0.0238553 0.00714673 0.00463305 0.00128148 0.00103504 0.000492878 0.000147863 0.000147863 4.92878e-05 0
 0 0 0 0 0 0 0 0 0 0 0 0 0 0 0 0 0 0 0 0 0 0 0 0 0 0
 0 0 0 0 0 0 0 0.0054083 0.00873648 0.0413646 0.0450493 0.0745869 0.0622846 0.0627006 0.0613931 0.0827291 0.12552 0.122667 0.0946155 0.0697135 0.0546179 0.0294188 0.0215738 0.0213955 0.0102223 0.00600262
 0 0 0 0 0.00359764 0.0251062 0.0480494 0.140153 0.205849 0.193036 0.1447 0.116669 0.0760912 0.0342217 0.00950174 0.001854 0.000860785 0 0 0 0.000165536 0 0.000143464 0 0 0
 0 0 0 0 0 0 0 0.000145254 0.000435761 0.0275982 0.070085 0.0708112 0.156366 0.174668 0.174014 0.160142 0.0824315 0.0480064 0.0283245 0.00493863 0.00203355 0 0 0 0 0
 0 0 0 0 0 0 0 0 0 0 0 0 0 0 0 0 0 0 0 0 0 0 0 0 0 0
 0 0 1.00437e-05 0.000401748 0.00122533 0.00171747 0.00176769 0.0269171 0.070346 0.194647 0.189555 0.159765 0.064822 0.0314167 0.0384472 0.0292271 0.0345202 0.0313363 0.0194345 0.0106764 0.0143323 0.0359363 0.0279516 0.0138201 0.00172751 0
 0 0.0021121 0.0136068 0.0755702 0.200478 0.177729 0.0527432 0.0373336 0.0318909 0.0142505 0.0149659 0.0166563 0.0217959 0.0798694 0.0677717 0.0528807 0.04013 0.0224614 0.0357745 0.0225083 0.00881397 0.00855152 0.00135912 0.000746735 0 0
 0 0 0 0 5.4009e-05 0.00500934 0.000945158 0.0243581 0.138947 0.33067 0.221406 0.137944 0.0707744 0.0437923 0.0131692 0.00525238 0.0047753 0.00276346 9.45158e-05 9.00151e-06 2.25038e-05 9.00151e-06 4.50075e-06 0 0 0
 0.000866109 0.00284123 0.00948549 0.0512746 0.133035 0.25785 0.225252 0.132002 0.0553304 0.0519788 0.0540692 0.017754 0.00435017 0.00159236 0.00146478 0.000404838 0.000125132 0.000115318 0.000107957 0.000100596 0 0 0 0 0 0
 0 0 0 0 0.00144013 0.00171154 0.00461396 0.0210425 0.0478622 0.0707936 0.0888783 0.103762 0.0637923 0.0337046 0.0602308 0.124433 0.169614 0.0934646 0.0462172 0.0250306 0.0313229 0.00938855 0.002487 0.000210481 0 0
 0 0.00764035 0.051015 0.0998891 0.058973 0.0496711 0.0374665 0.0718981 0.12319 0.153886 0.159021 0.0857701 0.0377988 0.023471 0.0147837 0.00900784 0.00315554 0.000888139 0.00291439 0.00214683 0.00393193 0.00274676 0.000635225 9.99891e-05 0 0
 0 0 0 0 0 0 0 0 0 0 0 0 0 0 0 0 0 0 0 0 0 0 0 0 0 0
 0 0 0 0 0 0 0 0 0 0 0 0 0 0 0 0 0 0 0 0 0 0 0 0 0 0
 0 0 0 0 0 0 0 0 0 0 0 0 0 0 0 0 0 0 0 0 0 0 0 0 0 0
 0 0 0 0 0 0 0 0 0 0 0 0 0 0 0 0 0 0 0 0 0 0 0 0 0 0
 0 0 0 0 0 0 0 0 0 0 0 0 0 0 0 0 0 0 0 0 0 0 0 0 0 0
 0 0 0 0 0 0 0 0 0 0 0 0 0 0 0 0 0 0 0 0 0 0 0 0 0 0
 0 0 0 0 0 0 0 0 0 0 0 0 0 0 0 0 0 0 0 0 0 0 0 0 0 0
ppred_pel_tallas
 1.11348e-16 4.41599e-05 0.00042925 0.00285252 0.0129671 0.0403457 0.0859611 0.125465 0.125478 0.0860228 0.040554 0.013575 0.0044007 0.00388297 0.00681988 0.0117681 0.0182567 0.0256764 0.0333336 0.0407467 0.0476421 0.0535795 0.0576261 0.0585447 0.055471 0.0485564
 1.18441e-16 3.97902e-05 0.000386775 0.00257026 0.011684 0.0363535 0.0774561 0.113056 0.113084 0.0775967 0.0368258 0.0130493 0.00600198 0.00789437 0.0143481 0.0237965 0.0346258 0.0443389 0.0504818 0.0520922 0.0503259 0.0476317 0.0461 0.046262 0.0470882 0.0469103
 1.13727e-16 5.25571e-05 0.000510873 0.00339493 0.0154329 0.0480175 0.102307 0.149324 0.149342 0.102397 0.0483199 0.0163078 0.00559754 0.0053408 0.00928974 0.0154453 0.0226514 0.0293576 0.0340283 0.0360006 0.035855 0.0349169 0.0342963 0.0342407 0.0342003 0.0333725
 1.05417e-16 6.43361e-05 0.00062537 0.0041558 0.0188917 0.0587791 0.125236 0.182788 0.182802 0.125306 0.0590137 0.0195696 0.00585929 0.00435 0.00715583 0.0117759 0.0170729 0.0217214 0.0244241 0.0246082 0.0227628 0.0200789 0.0176835 0.0160685 0.0150553 0.0141518
 1.03568e-16 5.80312e-05 0.000564084 0.00374854 0.0170403 0.0530189 0.112963 0.164878 0.164901 0.113076 0.0533965 0.0181312 0.00648735 0.0065446 0.0114211 0.0188029 0.0271127 0.0341647 0.0377711 0.0369281 0.0324071 0.0262151 0.0203737 0.01597 0.0130281 0.0109981
 1.02564e-16 6.55277e-05 0.000636953 0.00423278 0.0192416 0.0598678 0.127555 0.186174 0.186188 0.127626 0.0601057 0.0199292 0.00596066 0.0044148 0.00725752 0.0119392 0.017297 0.0219691 0.024607 0.0245784 0.0223178 0.0189822 0.015708 0.0130629 0.0110156 0.00926716
 1.04356e-16 4.3925e-05 0.000426967 0.00283735 0.0128982 0.0401313 0.0855052 0.124805 0.124842 0.0856857 0.0407371 0.0146484 0.0072312 0.0100211 0.0182718 0.0301555 0.0434784 0.0547653 0.0604974 0.0590476 0.0516347 0.0414627 0.0317713 0.0243222 0.0191978 0.0155817
 1.0943e-16 4.15928e-05 0.000404297 0.00268669 0.0122133 0.0380004 0.0809648 0.118176 0.118204 0.0811 0.038455 0.013529 0.00599962 0.00767067 0.0139421 0.0232456 0.0340943 0.0441538 0.0510326 0.0535751 0.0524265 0.0493395 0.0458439 0.0424058 0.0386026 0.0338924
 1.11458e-16 5.01366e-05 0.000487345 0.00323858 0.0147221 0.0458061 0.0975956 0.142448 0.142468 0.0976963 0.0461448 0.0157021 0.00570526 0.00589515 0.0103891 0.017278 0.025319 0.0327705 0.0378969 0.0399354 0.0395095 0.0380678 0.0368127 0.0359933 0.0350106 0.0330574
 1.05633e-16 6.453e-05 0.000627254 0.00416833 0.0189486 0.0589563 0.125613 0.183339 0.183352 0.12568 0.0591798 0.0195948 0.00579238 0.00417976 0.0068329 0.0112516 0.0163406 0.0208488 0.0235536 0.023915 0.0223901 0.0200855 0.0180326 0.0166556 0.0157524 0.0148457
 1.01666e-16 7.1167e-05 0.000691769 0.00459705 0.0208975 0.06502 0.138532 0.202194 0.202205 0.138584 0.0651946 0.0214018 0.00586314 0.00345621 0.005323 0.00869185 0.0125251 0.0157751 0.0174268 0.0170168 0.0149051 0.0120251 0.00931776 0.00728964 0.00595143 0.00504366
 1.0116e-16 6.57768e-05 0.000639374 0.00424886 0.0193147 0.0600954 0.12804 0.186882 0.186899 0.128124 0.0603757 0.0201241 0.00628014 0.00507209 0.00847963 0.013902 0.0199905 0.0250755 0.0275007 0.0264996 0.0226483 0.0174753 0.0125542 0.00878411 0.0062697 0.00465923
 1.01743e-16 6.18236e-05 0.000600948 0.00399351 0.0181539 0.0564837 0.120345 0.175652 0.175671 0.120442 0.0568092 0.0190943 0.00635462 0.00575733 0.00986066 0.0162189 0.0233921 0.0294846 0.0326001 0.0318508 0.0278666 0.0223384 0.0169841 0.0127518 0.00972035 0.00751156
 1.0263e-16 5.93984e-05 0.000577373 0.00383685 0.0174418 0.0542679 0.115624 0.168762 0.168783 0.115727 0.0546136 0.0184406 0.00634558 0.00605879 0.0104837 0.0172744 0.0249638 0.031569 0.0351014 0.0346303 0.0308104 0.0253899 0.020118 0.0159194 0.012816 0.010386
 1.02166e-16 6.67122e-05 0.000648467 0.00430929 0.0195894 0.06095 0.129861 0.189539 0.189553 0.129929 0.0611787 0.0202503 0.00596941 0.00427662 0.00696924 0.0114473 0.0165571 0.020974 0.0233908 0.0231982 0.0208281 0.0174239 0.0141184 0.011493 0.00953409 0.00794564
 1.00389e-16 7.84846e-05 0.000762898 0.00506973 0.0230462 0.0717054 0.152776 0.222982 0.222986 0.152795 0.0717678 0.0232264 0.00552198 0.00175026 0.00195393 0.00310669 0.00446919 0.00562303 0.00619991 0.00603109 0.00524243 0.00416616 0.00314004 0.00235052 0.0018106 0.00143859
 1.01111e-16 3.57837e-05 0.00034783 0.00231146 0.0105076 0.0326933 0.0696584 0.101679 0.101732 0.0699135 0.0335497 0.0129801 0.00851324 0.0138709 0.0256728 0.0422657 0.0605996 0.0756105 0.0821609 0.0778808 0.0646104 0.0472268 0.0308336 0.0184684 0.01063 0.00624774
 1.01011e-16 7.74831e-05 0.000753164 0.00500504 0.0227522 0.0707905 0.150827 0.220137 0.220139 0.15084 0.0708356 0.0228831 0.00533561 0.00148115 0.00147862 0.00237 0.00351815 0.0046551 0.00555567 0.00610166 0.00632148 0.00632088 0.00616905 0.00584744 0.00529757 0.0045079
 1.01281e-16 5.35386e-05 0.000520415 0.00345834 0.0157211 0.0489144 0.104219 0.152117 0.152149 0.104375 0.0494386 0.0172343 0.0072538 0.00879625 0.0157425 0.0258666 0.0370836 0.0462723 0.0502945 0.0477143 0.0396767 0.029183 0.0193596 0.0120451 0.00750002 0.00501212
 1.03458e-16 5.62849e-05 0.00054711 0.00363574 0.0165275 0.0514234 0.109564 0.159916 0.159937 0.109667 0.0517686 0.0175256 0.00614573 0.00604166 0.0105358 0.0174435 0.0253877 0.0324723 0.0367753 0.0373635 0.0347749 0.0305244 0.0260731 0.0221118 0.0185867 0.0151957
 1.03519e-16 6.28727e-05 0.000611145 0.00406128 0.018462 0.0574422 0.122387 0.178631 0.178648 0.122467 0.0577115 0.0192403 0.00601693 0.00488687 0.00820254 0.0135119 0.0195787 0.0248763 0.0278903 0.0279238 0.0254899 0.0219139 0.0184777 0.01579 0.0137544 0.0119623
 1.02345e-16 6.57219e-05 0.00063884 0.00424532 0.0192986 0.0600452 0.127933 0.186726 0.186741 0.128009 0.0602982 0.0200295 0.00608071 0.00464778 0.00768615 0.0126205 0.0182157 0.0229953 0.0254995 0.0250553 0.0221659 0.0181479 0.0143201 0.01138 0.00933233 0.00782276
 1.05472e-16 3.01304e-05 0.000292878 0.00194628 0.00884754 0.0275282 0.0586537 0.0856173 0.0856676 0.0588994 0.0283532 0.0112307 0.00792963 0.0133585 0.0248555 0.0410731 0.0592326 0.0746273 0.0824636 0.0805128 0.070411 0.0564941 0.0431558 0.0328013 0.0255799 0.0204379
 1.06025e-16 6.35026e-05 0.000617268 0.00410196 0.0186469 0.0580176 0.123613 0.180419 0.180428 0.123657 0.0581659 0.0190775 0.00519068 0.00301989 0.00470268 0.00787304 0.0118002 0.0158116 0.0192404 0.021744 0.0234162 0.0245355 0.0251886 0.0251272 0.023975 0.0215684
 1.05316e-16 5.50805e-05 0.000535402 0.00355794 0.0161739 0.0503231 0.10722 0.156495 0.156521 0.107344 0.0507407 0.0173803 0.00658604 0.00714551 0.0126086 0.0207586 0.0299059 0.0376368 0.0415447 0.0405587 0.0355997 0.0289648 0.0229378 0.0186979 0.0161609 0.0145481
 1.08076e-16 3.93912e-05 0.000382897 0.00254449 0.0115669 0.0359891 0.0766798 0.111924 0.111959 0.0768525 0.0365691 0.0132438 0.00675932 0.00960268 0.0176045 0.0291854 0.0423747 0.0539895 0.0607877 0.0612459 0.0563987 0.0489935 0.0416915 0.0357632 0.0310517 0.026801
 1.06137e-16 6.3111e-05 0.000613461 0.00407667 0.0185319 0.0576598 0.122851 0.179307 0.179318 0.122908 0.0578523 0.0190894 0.00548129 0.00369724 0.00597133 0.0099076 0.0145858 0.0190174 0.0222311 0.0237768 0.0239426 0.0234414 0.0228366 0.022194 0.0211859 0.0194603
 1.04176e-16 5.98352e-05 0.000581619 0.00386506 0.01757 0.054667 0.116475 0.170002 0.170023 0.116577 0.05501 0.0185607 0.00635211 0.00601187 0.0103762 0.0170688 0.0246078 0.0310058 0.0342866 0.0335607 0.0295596 0.0241361 0.0191367 0.0155231 0.0132512 0.011732
 1.0765e-16 3.18936e-05 0.000310017 0.00206018 0.00936528 0.0291391 0.0620856 0.0906251 0.0906697 0.0623037 0.0298715 0.0114819 0.00737739 0.0119315 0.0221439 0.0366644 0.0530618 0.0672455 0.0750443 0.0745091 0.0670179 0.0562248 0.045751 0.0374561 0.0312987 0.0263295
 1.15087e-16 3.89861e-05 0.000378959 0.00251831 0.0114479 0.0356188 0.0758904 0.110769 0.110791 0.0759969 0.0359772 0.0124874 0.00514377 0.00616371 0.0111823 0.0188368 0.0280977 0.0373659 0.0449947 0.0501841 0.0532923 0.0552237 0.0564472 0.0565407 0.0545952 0.0500176
 1.05368e-16 7.09104e-05 0.000689274 0.00458047 0.0208221 0.0647855 0.138033 0.201464 0.201471 0.138066 0.0648993 0.0211514 0.00540904 0.0025053 0.0035417 0.00580184 0.00849397 0.0109948 0.0127329 0.0134802 0.0134867 0.0132792 0.0132794 0.0135435 0.0137896 0.0136291
pSPR Fmed_Fpbrs
0.524626   0.6 0.325
Fs Fmed_Fpbrs
0.387738   0.299011 0.739892
SSBpbr Bo_Bmed_Bpbrs
1.48179e+06  703298  814987 407494
Ro
136234
SPR SPRFo_SPRFmed_SPRFpbrs
972388 510140 316026
Fref
0.299011
Nvult_r0
 159728 12716.2 5044.43 5062.87 1592.27
CTP_r0
 30458.2 3160.1 1273.92 1279.67 402.472
YTP_r0
391297
Np
 178309 53263.3 17974.6 1246.66 623.137
Nvult_p0
 125046 38635.2 13069.4 906.562 453.144
CTP_p0
 21554.3 10738.2 763.853 300.38 380.376
 21554.3 8738.93 3005.56 208.666 104.306
YTP_p0
 369068 377556
CBA_c0
371615
log_Ro
11.6421
likeval ReclasPelacesDesembMPH_pf_preclas_ppelaces_ptallas_desvR_qrecl_qpela
 14.1763 20.078 0.0356574 0.000821329 240.959 117.472 100.458 0 24.3092 4.5174e-06 2.05893e-05 0.176512 1.52845e-15 0 0
q_reclas_q_pelaces
1.35145 1.90705
M
1
N
 169721 35730.9 87318.2 5962.41 0.220054
 93283.4 53841 10677.4 25975.6 1773.35
 94019.2 26114.6 13499.8 2655.01 6896.89
 142631 26451.1 6593.47 3380.73 2390.97
 115398 34968 5505.34 1355.46 1185.72
 212229 37109.9 10651.1 1670.05 770.695
 82625.7 61222.5 9704.8 2764.88 633.326
 34833.8 17343.3 10247 1596.81 558.616
 34229 11630.1 5568.24 3280.22 689.869
 46208.4 8535.89 2479.17 1173 835.8
 86261.8 9809.36 1451.51 414.577 335.611
 126166 28135.6 3047.81 449.34 232.187
 105517 28729 5279.26 563.587 125.924
 73716.2 24787.4 5631.58 1020.83 133.229
 67193.3 12397.9 3039.91 674.388 138.021
 335381 13944.7 2042.28 492.104 131.389
 63845.2 76234.6 2610.1 376.7 114.912
 602269 16854.3 17602.8 596.621 112.311
 336958 167258 4178.65 4327.02 174.184
 278586 84791.7 36109 891.75 959.985
 349662 72853.5 19321.4 8143.07 417.351
 509571 97941.1 18280.9 4808.19 2129.33
 101835 132804 22211 4102.43 1555.96
 283021 30603.3 36782.4 6113.95 1557.05
 241185 86664.3 8702.38 10401.2 2168.52
 107515 73801.9 24619.7 2458.35 3549.77
 238338 34080.7 22030 7315.77 1784.87
 270124 72697.5 9638.26 6194.78 2558.29
 79203.1 84812.5 21411.8 2825.12 2564.97
 58383.6 25217.2 25473.9 6402.91 1611.44
 225177 17284.4 6839.03 6863.09 2158.42
pred_Ctot
 14950.1 4311.98 10746.7 734.589 0.0271129
 14410.7 11179.4 2257.83 5498.12 375.374
 14289.3 5338.58 2810.69 553.317 1437.42
 31079.8 7600.96 1926.88 988.868 699.396
 9281.21 3861.34 620.093 152.833 133.701
 29536 6972.83 2038.82 319.994 147.678
 23464.6 22458.1 3615.06 1030.76 236.118
 2051.56 1410.84 850.64 132.699 46.4251
 7192.79 3230.56 1573.27 927.643 195.104
 12913.1 3085.7 910.172 430.995 307.11
 6244.1 977.076 147.498 42.1728 34.1419
 31587.6 9196.48 1012.4 149.387 77.1959
 24997.5 8922.99 1666.85 178.099 39.795
 26921.8 11384.2 2621.47 475.528 62.0638
 19385.6 4613.56 1148.6 255.017 52.1943
 84218.8 4570.58 680.251 164.052 43.8028
 11708.6 18630.7 649.205 93.7835 28.6099
 95468.6 3586.69 3814.59 129.414 24.363
 69405.4 45598 1158.85 1201.09 48.3521
 52347.1 21203.2 9188.97 227.143 244.535
 53920.3 15101.4 4078.77 1720.68 88.1932
 96579.6 24691.5 4689.96 1234.69 546.813
 11982.9 21229.8 3618.83 669.085 253.782
 30441.6 4484.82 5495.08 914.326 232.865
 26033.6 12744 1304.54 1560.8 325.424
 9517.21 8949.09 3044.57 304.328 439.461
 26140 5089.63 3353.74 1114.86 272.013
 25344.7 9329.63 1261.33 811.531 335.16
 6815.54 10004.4 2575.95 340.233 308.921
 7334.67 4294.01 4420.3 1112.16 279.917
 30458.2 3160.1 1273.92 1279.67 402.472
F
 0.148123 0.207891 0.212401 0.212644 0.212657
 0.273146 0.38336 0.391678 0.392126 0.392149
 0.268199 0.376417 0.384584 0.385024 0.385047
 0.405829 0.569581 0.581939 0.582605 0.58264
 0.134498 0.188768 0.192863 0.193084 0.193095
 0.243153 0.341265 0.348669 0.349068 0.349089
 0.561116 0.787525 0.804613 0.805533 0.805581
 0.0969908 0.136126 0.13908 0.139239 0.139247
 0.388793 0.54567 0.55751 0.558148 0.558181
 0.549824 0.771677 0.788421 0.789322 0.78937
 0.120352 0.168913 0.172578 0.172776 0.172786
 0.479694 0.673249 0.687857 0.688643 0.688685
 0.448533 0.629515 0.643174 0.64391 0.643948
 0.782691 1.09851 1.12234 1.12362 1.12369
 0.572471 0.803462 0.820895 0.821834 0.821883
 0.48145 0.675715 0.690376 0.691165 0.691207
 0.331854 0.465756 0.475862 0.476406 0.476434
 0.281168 0.394619 0.403181 0.403642 0.403667
 0.379761 0.532994 0.544558 0.545181 0.545214
 0.341278 0.478982 0.489375 0.489935 0.489964
 0.272599 0.382593 0.390894 0.391341 0.391365
 0.344696 0.483781 0.494278 0.494843 0.494872
 0.202247 0.283854 0.290013 0.290344 0.290362
 0.183478 0.257511 0.263098 0.263399 0.263414
 0.184179 0.258495 0.264104 0.264406 0.264422
 0.148899 0.20898 0.213514 0.213758 0.213771
 0.187383 0.262992 0.268698 0.269005 0.269021
 0.158437 0.222366 0.227191 0.227451 0.227465
 0.144488 0.202788 0.207188 0.207425 0.207438
 0.21723 0.304882 0.311497 0.311853 0.311872
 0.235617 0.330688 0.337863 0.338249 0.33827
YTP_r0W_actual
 252803 44557.4 35160.1 43764.6 15012.2
YTP_p0W_proyectada
 161442 168268 17667.9 8822.16 12868.1
 161442 136939 69518.6 6128.51 3528.67
CTP_r0_actual
 30458.2 3160.1 1273.92 1279.67 402.472
CTP_p0_proyectada
 21554.3 10738.2 763.853 300.38 380.376
 21554.3 8738.93 3005.56 208.666 104.306
Wmedp
 7.49 15.67 23.13 29.37 33.83
Frms_r0
 0.235617 0.330688 0.337863 0.338249 0.33827
Zrms_r0
 1.23562 1.33069 1.33786 1.33825 1.33827
nmprior
 8.19 8.8 8.5 0
nm_flota  nm_reclas  nm_pelaces    nm_pelaL
inf 13.6598 16.3245 37.7303
cv_recla  cv_pelaces  cv_mph
0.340569 0.4234 0.884431
 ------------------------------------------------
Talla a la edad & desviaci?n 
 8 13.2811 15.8009 17.003 17.5766
 0.8 1.32811 1.58009 1.7003 1.75766
