years
 1991 1992 1993 1994 1995 1996 1997 1998 1999 2000 2001 2002 2003 2004 2005 2006 2007 2008 2009 2010 2011 2012 2013 2014 2015 2016 2017 2018 2019 2020 2021
reclasobs
 0 0 0 0 0 0 0 0 0 252601 567819 844713 477998 351125 339783 2.1784e+06 2.13404e+06 4.81314e+06 1.55562e+06 2.62356e+06 3.21686e+06 3.843e+06 1.13348e+06 3.07943e+06 1.97215e+06 2.03268e+06 2.025e+06 2.42433e+06 2.27542e+06 1.05018e+06 2.36338e+06
reclaspred
 3.25498e+06 1.75283e+06 887073 956126 990147 1.85272e+06 947992 771746 500080 284105 660818 671201 495724 520689 401023 1.97006e+06 1.7337e+06 3.22298e+06 1.82873e+06 2.07934e+06 2.72801e+06 2.60111e+06 1.86667e+06 3.07345e+06 2.21003e+06 1.95926e+06 2.308e+06 2.68142e+06 2.05786e+06 1.1697e+06 2.11063e+06
pelacesobs
 0 0 0 0 0 0 0 0 0 0 0 0 0 0 0 552880 188675 0 991730 2.46772e+06 1.41603e+06 1.21717e+06 2.29649e+06 1.80582e+06 0 1.4828e+06 1.56532e+06 1.57751e+06 1.42118e+06 867257 1.10002e+06
pelacespred
 1.90509e+06 1.10108e+06 530156 443675 527457 990980 454985 505093 282439 132920 351058 307534 234885 252945 193534 872387 893276 1.74357e+06 976139 944928 1.33824e+06 1.31764e+06 1.05406e+06 1.85243e+06 1.32925e+06 1.19679e+06 1.52933e+06 1.74009e+06 1.21672e+06 758677 1.24498e+06
mphobs
 0 0 0 0 0 0 0 0 0 0 0 1168 78 65 283 0 4175 652 601 182 1200 132 988 1028 0 0 0 0 0 0 0
mphpred
 1711.39 1160.54 542.512 304.453 345.758 439.674 630.885 296.837 259.197 132.16 67.6449 285.652 191.059 109.566 101.405 103.57 822.913 684.442 1021.44 474.737 917.329 777.121 958.335 709.521 1069.97 857.454 701.225 734.401 1157.81 715.757 378.113
desembarqueobs
 494567 514787 250237 358949 120608 361735 552515 73892 212993 205616 52469 317467 293654 387597 252695 516296 358380 742168 942051 627588 828172 859565 418607 520667 417249 300574 415391 372974 316634 284311 391294
desembarquepred
 494566 514042 250571 358981 120613 361734 552518 73898.5 213071 205677 52467.3 317665 293765 387251 252596 516173 358488 742100 941960 627297 828727 859632 418597 520674 417208 300552 415366 372900 316585 284307 391292
Reclutas
 160325 89053.4 87059.5 128377 102209 196357 72022.1 27908.1 27201.8 37517.1 100064 78624.8 72309.3 86028.7 50094.1 416876 64993.4 424881 189744 356070 205613 505118 67974.8 231134 194981 89498.6 182292 227352 65329 45213.1 211263
log_desv_Rt
 0.326082 -0.261884 -0.284529 0.103849 -0.124104 0.528816 -0.474148 -1.4222 -1.44784 -1.12632 -0.145309 -0.386433 -0.470167 -0.29644 -0.837218 1.28167 -0.576834 1.30069 0.494556 1.12401 0.574876 1.47367 -0.531984 0.691876 0.521781 -0.256897 0.454491 0.675381 -0.571685 -0.939733 0.601985
SSB
 1.43758e+06 974859 455714 255743 290439 369330 529948 249346 217728 111015 56822.2 239950 160491 92036.6 85181 86999.4 691253 574936 858016 398782 770563 652787 805008 596003 898786 720268 589034 616903 972565 601241 317618
BT
 2.14946e+06 1.50121e+06 719702 735985 609805 1.32672e+06 916302 561053 486369 329651 418916 567611 507306 679095 458117 1.36317e+06 1.12805e+06 2.47206e+06 1.87057e+06 1.48037e+06 1.9998e+06 2.11778e+06 1.35483e+06 2.40545e+06 1.66387e+06 1.42291e+06 1.992e+06 2.16908e+06 1.38844e+06 978771 1.68696e+06
Ftot
 0.282729 0.522835 0.515466 0.751033 0.24594 0.415027 1.01068 0.189198 0.810664 1.3349 0.18872 0.893799 1.13552 1.51611 1.29682 0.621016 0.385492 0.497231 0.948437 0.654724 0.591912 0.696224 0.414178 0.366055 0.370204 0.297734 0.380807 0.30469 0.279022 0.444569 0.417332
BD_Bspro_t
 0.955989 0.715351 0.477803 0.376742 0.380774 0.489064 0.503226 0.291274 0.334364 0.240395 0.179895 0.549752 0.33035 0.203147 0.1758 0.181809 0.50876 0.443541 0.478121 0.291255 0.385026 0.347835 0.412817 0.370998 0.506157 0.513775 0.522634 0.566759 0.652226 0.544286 0.43473
BD_Bspro
 1.74058 1.18033 0.551765 0.309646 0.351655 0.447173 0.641644 0.3019 0.263618 0.134413 0.0687985 0.290523 0.194317 0.111435 0.103134 0.105336 0.836948 0.696115 1.03886 0.482833 0.932973 0.790374 0.974679 0.721621 1.08822 0.872078 0.713184 0.746926 1.17755 0.727964 0.384562
BD_Bo
 1.10676 0.750525 0.350846 0.196891 0.223603 0.28434 0.407996 0.191966 0.167624 0.0854683 0.0437463 0.184732 0.123559 0.0708572 0.0655792 0.0669791 0.532182 0.442632 0.66057 0.307015 0.593241 0.502568 0.61976 0.458851 0.691958 0.55452 0.453486 0.474941 0.748759 0.462884 0.244528
BD_Brms
 2.0123 1.36459 0.637901 0.357984 0.406551 0.516981 0.741811 0.34903 0.304771 0.155397 0.0795387 0.335877 0.224652 0.128831 0.119235 0.12178 0.967604 0.804785 1.20104 0.558209 1.07862 0.91376 1.12684 0.834274 1.2581 1.00822 0.82452 0.863529 1.36138 0.841607 0.444596
Sel_flota
 0.680603 0.975896 0.998702 0.999932 0.999996
 0.680603 0.975896 0.998702 0.999932 0.999996
 0.680603 0.975896 0.998702 0.999932 0.999996
 0.680603 0.975896 0.998702 0.999932 0.999996
 0.680603 0.975896 0.998702 0.999932 0.999996
 0.680603 0.975896 0.998702 0.999932 0.999996
 0.680603 0.975896 0.998702 0.999932 0.999996
 0.680603 0.975896 0.998702 0.999932 0.999996
 0.680603 0.975896 0.998702 0.999932 0.999996
 0.680603 0.975896 0.998702 0.999932 0.999996
 0.680603 0.975896 0.998702 0.999932 0.999996
 0.680603 0.975896 0.998702 0.999932 0.999996
 0.680603 0.975896 0.998702 0.999932 0.999996
 0.680603 0.975896 0.998702 0.999932 0.999996
 0.680603 0.975896 0.998702 0.999932 0.999996
 0.680603 0.975896 0.998702 0.999932 0.999996
 0.680603 0.975896 0.998702 0.999932 0.999996
 0.680603 0.975896 0.998702 0.999932 0.999996
 0.680603 0.975896 0.998702 0.999932 0.999996
 0.680603 0.975896 0.998702 0.999932 0.999996
 0.680603 0.975896 0.998702 0.999932 0.999996
 0.680603 0.975896 0.998702 0.999932 0.999996
 0.680603 0.975896 0.998702 0.999932 0.999996
 0.680603 0.975896 0.998702 0.999932 0.999996
 0.680603 0.975896 0.998702 0.999932 0.999996
 0.680603 0.975896 0.998702 0.999932 0.999996
 0.680603 0.975896 0.998702 0.999932 0.999996
 0.680603 0.975896 0.998702 0.999932 0.999996
 0.680603 0.975896 0.998702 0.999932 0.999996
 0.680603 0.975896 0.998702 0.999932 0.999996
 0.680603 0.975896 0.998702 0.999932 0.999996
Sel_reclas
 1 1 1 1 1
 1 1 1 1 1
 1 1 1 1 1
 1 1 1 1 1
 1 1 1 1 1
 1 1 1 1 1
 1 1 1 1 1
 1 1 1 1 1
 1 1 1 1 1
 1 1 1 1 1
 1 1 1 1 1
 1 1 1 1 1
 1 1 1 1 1
 1 1 1 1 1
 1 1 1 1 1
 1 1 1 1 1
 1 1 1 1 1
 1 1 1 1 1
 1 1 1 1 1
 1 1 1 1 1
 1 1 1 1 1
 1 1 1 1 1
 1 1 1 1 1
 1 1 1 1 1
 1 1 1 1 1
 1 1 1 1 1
 1 1 1 1 1
 1 1 1 1 1
 1 1 1 1 1
 1 1 1 1 1
 1 1 1 1 1
Sel_pelaces
 0.771405 0.944391 0.988435 0.997681 0.999538
 0.771405 0.944391 0.988435 0.997681 0.999538
 0.771405 0.944391 0.988435 0.997681 0.999538
 0.771405 0.944391 0.988435 0.997681 0.999538
 0.771405 0.944391 0.988435 0.997681 0.999538
 0.771405 0.944391 0.988435 0.997681 0.999538
 0.771405 0.944391 0.988435 0.997681 0.999538
 0.771405 0.944391 0.988435 0.997681 0.999538
 0.771405 0.944391 0.988435 0.997681 0.999538
 0.771405 0.944391 0.988435 0.997681 0.999538
 0.771405 0.944391 0.988435 0.997681 0.999538
 0.771405 0.944391 0.988435 0.997681 0.999538
 0.771405 0.944391 0.988435 0.997681 0.999538
 0.771405 0.944391 0.988435 0.997681 0.999538
 0.771405 0.944391 0.988435 0.997681 0.999538
 0.771405 0.944391 0.988435 0.997681 0.999538
 0.771405 0.944391 0.988435 0.997681 0.999538
 0.771405 0.944391 0.988435 0.997681 0.999538
 0.771405 0.944391 0.988435 0.997681 0.999538
 0.771405 0.944391 0.988435 0.997681 0.999538
 0.771405 0.944391 0.988435 0.997681 0.999538
 0.771405 0.944391 0.988435 0.997681 0.999538
 0.771405 0.944391 0.988435 0.997681 0.999538
 0.771405 0.944391 0.988435 0.997681 0.999538
 0.771405 0.944391 0.988435 0.997681 0.999538
 0.771405 0.944391 0.988435 0.997681 0.999538
 0.771405 0.944391 0.988435 0.997681 0.999538
 0.771405 0.944391 0.988435 0.997681 0.999538
 0.771405 0.944391 0.988435 0.997681 0.999538
 0.771405 0.944391 0.988435 0.997681 0.999538
 0.771405 0.944391 0.988435 0.997681 0.999538
pf_obs 
 0.8446 0.082 0.0669 0.0065 0
 0.8095 0.147 0.0364 0.0071 0
 0.9664 0.0169 0.016 0.0007 0
 0.9276 0.0648 0.0075 0.0001 0
 0.7033 0.2144 0.0806 0.0017 0
 0.9318 0.0425 0.0243 0.0014 0
 0.5671 0.3108 0.0964 0.0239 0.0018
 0.0768 0.2599 0.5324 0.112 0.0189
 0.490249 0.384438 0.106611 0.0170017 0.00170017
 0.7925 0.1577 0.0466 0.003 0.0002
 0.840416 0.127587 0.0312969 0.00059994 9.999e-05
 0.8084 0.0986 0.0794 0.0134 0.0002
 0.7335 0.1905 0.0724 0.0035 0.0001
 0.4001 0.4547 0.1325 0.0127 0
 0.49795 0.308269 0.164784 0.0264974 0.00249975
 0.9179 0.0499 0.0305 0.0017 0
 0.2467 0.6533 0.0926 0.0074 0
 0.9418 0.0223 0.034 0.0019 0
 0.707729 0.231977 0.0356964 0.0245975 0
 0.517169 0.277429 0.184464 0.0207286 0.00020938
 0.811772 0.124168 0.05621 0.00726502 0.000585176
 0.764997 0.148141 0.077277 0.00933861 0.000247198
 0.163321 0.427699 0.378323 0.0303852 0.000271297
 0.753843 0.0900009 0.118128 0.0371064 0.000921714
 0.721811 0.176058 0.0630433 0.0369309 0.00215725
 0.143369 0.312575 0.442814 0.0836902 0.0175525
 0.692698 0.0596174 0.167031 0.0765114 0.00414204
 0.394062 0.376323 0.152708 0.0712218 0.00568511
 0.125707 0.32114 0.495352 0.0537591 0.00404204
 0.23352 0.215282 0.420074 0.123614 0.00750983
 0.796117 0.104755 0.0508955 0.0450114 0.00322123
pf_pred 
 0.537091 0.148933 0.29202 0.0219559 8.85569e-07
 0.462803 0.341673 0.0640251 0.122315 0.00918402
 0.616925 0.219935 0.104913 0.0190873 0.0391407
 0.755352 0.175248 0.0403542 0.01869 0.0103563
 0.68369 0.263876 0.0379156 0.00844803 0.00606983
 0.774701 0.171502 0.0450698 0.00631329 0.002414
 0.462876 0.451423 0.0656753 0.0167808 0.00324448
 0.471164 0.315166 0.18064 0.0253235 0.00770602
 0.565631 0.246503 0.113089 0.0632305 0.011546
 0.780296 0.150537 0.0398445 0.0176638 0.011658
 0.917585 0.0715188 0.00756764 0.00191949 0.00140927
 0.637119 0.341898 0.0182683 0.00188564 0.000828304
 0.728741 0.202458 0.0649552 0.00334946 0.000496634
 0.823817 0.145714 0.022968 0.00708237 0.000418461
 0.760447 0.215632 0.0199416 0.00300131 0.000977723
 0.972106 0.0237824 0.00371641 0.000329515 6.55991e-05
 0.316603 0.671229 0.0104219 0.00157895 0.000167587
 0.875224 0.0513301 0.0721733 0.00109023 0.000182435
 0.546244 0.416018 0.0157933 0.021565 0.000379667
 0.830304 0.113801 0.0514031 0.0018819 0.00260982
 0.618386 0.338512 0.0292046 0.0127816 0.00111494
 0.84392 0.112161 0.039094 0.00327099 0.00155388
 0.27832 0.647482 0.0538014 0.0181595 0.00223727
 0.767102 0.0860232 0.132153 0.0106795 0.00404268
 0.641155 0.299323 0.0223648 0.033438 0.0037196
 0.458178 0.395162 0.122898 0.00893656 0.0148258
 0.733887 0.148482 0.0863997 0.026177 0.00505405
 0.719483 0.22656 0.0304745 0.0172547 0.00622791
 0.354458 0.511685 0.108662 0.014238 0.0109558
 0.428622 0.256718 0.250757 0.0518887 0.0120136
 0.871113 0.0692454 0.0272199 0.0258457 0.00657637
pobs_RECLAS
 0 0 0 0 0
 0 0 0 0 0
 0 0 0 0 0
 0 0 0 0 0
 0 0 0 0 0
 0 0 0 0 0
 0 0 0 0 0
 0 0 0 0 0
 0 0 0 0 0
 0 0 0 0 0
 0.991045 0.00858322 0.000360255 1.14367e-05 0
 0.934742 0.0480273 0.0164251 0.00080598 0
 0.827803 0.169806 0.00239088 0 0
 0.941827 0.0461693 0.0120037 0 0
 0.791401 0.0380133 0.147996 0.0225897 0
 0.846168 0.0940531 0.0597789 0 0
 0.134021 0.677848 0.182769 0.00536245 0
 0.80878 0.0450904 0.141981 0.00414843 0
 0.846168 0.0940531 0.0597789 0 0
 0.905697 0.0802665 0.012482 0.00150086 5.37128e-05
 0.989698 0.0102097 9.19794e-05 0 0
 0.975433 0.0193895 0.00387452 0.00125025 5.28907e-05
 0.303575 0.632131 0.0575291 0.00676475 0
 0.966965 0.00978017 0.0227588 0.000495775 0
 0.843318 0.132988 0.00938335 0.0141283 0.000182051
 0.564624 0.303363 0.111486 0.0197234 0.00080311
 0.826376 0.0876187 0.0782897 0.00655872 0.00115652
 0.89761 0.0855135 0.0140674 0.00269457 0.000114338
 0.34875 0.467042 0.161289 0.0227151 0.000203297
 0.318654 0.224769 0.449479 0.00709798 0
 0.937255 0.0296025 0.0250945 0.00804832 0
ppred_RECLAS
 0.630301 0.120877 0.231442 0.0173793 7.00928e-07
 0.559302 0.282883 0.051723 0.0986833 0.00740913
 0.7037 0.171923 0.0800233 0.0145401 0.029814
 0.821096 0.129095 0.028979 0.0134033 0.00742638
 0.758086 0.20261 0.0284315 0.00632688 0.0045455
 0.834038 0.127064 0.0325942 0.00455985 0.00174342
 0.564432 0.367636 0.0520761 0.0132871 0.00256879
 0.564559 0.261987 0.14667 0.0205356 0.00624861
 0.660963 0.194586 0.0870031 0.0485784 0.00886987
 0.845714 0.10668 0.0274425 0.0121472 0.00801644
 0.941516 0.0509109 0.00526185 0.00133296 0.000978582
 0.723368 0.261029 0.0135877 0.00140055 0.000615176
 0.803228 0.147879 0.0461637 0.00237699 0.000352416
 0.879284 0.100353 0.015356 0.00472763 0.000279308
 0.829229 0.154151 0.0138583 0.00208259 0.000678381
 0.980874 0.0163667 0.00249461 0.000220891 4.39713e-05
 0.402163 0.587443 0.00890395 0.00134725 0.000142985
 0.912088 0.0366873 0.0503382 0.000759406 0.000127067
 0.642842 0.328186 0.0121344 0.0165457 0.000291277
 0.878713 0.082009 0.036126 0.00132083 0.0018316
 0.704088 0.263231 0.0221533 0.00968271 0.000844566
 0.889052 0.0802951 0.0272896 0.00228024 0.00108315
 0.359704 0.5759 0.0467105 0.0157458 0.00193977
 0.829059 0.0641032 0.0961413 0.00775941 0.00293708
 0.722403 0.232498 0.0169593 0.0253236 0.00281678
 0.551825 0.328977 0.0999062 0.00725551 0.0120361
 0.801789 0.111787 0.0635005 0.0192145 0.00370952
 0.788528 0.171591 0.0225371 0.0127443 0.00459963
 0.443753 0.443086 0.0918852 0.0120245 0.00925188
 0.525194 0.216215 0.206129 0.0425988 0.00986204
 0.908551 0.0496968 0.0190687 0.0180827 0.00460078
pobs_PELACES
 0 0 0 0 0
 0 0 0 0 0
 0 0 0 0 0
 0 0 0 0 0
 0 0 0 0 0
 0 0 0 0 0
 0 0 0 0 0
 0 0 0 0 0
 0 0 0 0 0
 0 0 0 0 0
 0 0 0 0 0
 0 0 0 0 0
 0 0 0 0 0
 0 0 0 0 0
 0 0 0 0 0
 0 0 0 0 0
 0.505614 0.472636 0.0217494 0 0
 0 0 0 0 0
 0.443492 0.261883 0.143347 0.151278 0
 0.227955 0.32914 0.350689 0.0885471 0.00366901
 0.970185 0.0296113 0.000203453 0 0
 0.997202 0.00247181 0.000326279 0 0
 0.445219 0.490057 0.0546422 0.010081 0
 0.90214 0.0892962 0.00764917 0.000914606 0
 0 0 0 0 0
 0.581667 0.319106 0.0959925 0.00289975 0.000334073
 0.762889 0.0836404 0.116647 0.0363945 0.000428098
 0.88444 0.0763242 0.0277011 0.0115352 0
 0.521256 0.241999 0.230069 0.00667565 0
 0.616807 0.101726 0.260614 0.0208532 0
 0.833518 0.0704572 0.0857862 0.0102388 0
ppred_PELACES
 0.581477 0.13281 0.265585 0.0201273 8.13267e-07
 0.51738 0.304448 0.0580332 0.111735 0.00840456
 0.666761 0.189658 0.0920376 0.0168759 0.0346677
 0.799346 0.143 0.0334081 0.0155916 0.00865479
 0.722351 0.230755 0.0338285 0.00759753 0.00546852
 0.808786 0.14487 0.0387734 0.00547412 0.00209686
 0.537173 0.388165 0.0571124 0.0147023 0.00284763
 0.514335 0.286866 0.167849 0.0237189 0.00723065
 0.628464 0.209303 0.0973523 0.0548473 0.010033
 0.834347 0.113131 0.0301547 0.0134653 0.0089026
 0.930121 0.0604513 0.00652998 0.00166956 0.00122797
 0.699243 0.28314 0.0153226 0.00159357 0.000701248
 0.786752 0.158752 0.0514278 0.00267158 0.00039682
 0.872679 0.105187 0.0166552 0.00517241 0.000306145
 0.817652 0.163994 0.0152809 0.00231663 0.000756003
 0.977891 0.0188029 0.00298562 0.000266774 5.32032e-05
 0.363084 0.625353 0.00989188 0.00151049 0.000160608
 0.896677 0.042067 0.0601859 0.000916276 0.0001536
 0.616378 0.351232 0.0134955 0.0185666 0.000327455
 0.861541 0.0923532 0.0423708 0.00156323 0.00217173
 0.671996 0.290333 0.0254601 0.0112294 0.000981286
 0.873802 0.0902776 0.0319454 0.00269348 0.00128181
 0.322297 0.606734 0.0513462 0.0174674 0.00215585
 0.799748 0.0730508 0.114355 0.00931435 0.0035322
 0.686131 0.260765 0.0198529 0.0299172 0.0033339
 0.50564 0.358488 0.113691 0.0083328 0.0138489
 0.770709 0.126758 0.0751472 0.0229477 0.00443848
 0.756633 0.195676 0.0268374 0.0153162 0.0055381
 0.398797 0.474416 0.102755 0.0135711 0.0104613
 0.479402 0.231378 0.230101 0.0479889 0.0111305
 0.892101 0.057359 0.0229629 0.0219754 0.00560158
pobs_pel_tallas
 0 0 0 0 0 0 0 0 0 0 0 0 0 0 0 0 0 0 0 0 0 0 0 0 0 0
 0 0 0 0 0 0 0 0 0 0 0 0 0 0 0 0 0 0 0 0 0 0 0 0 0 0
 0 0 0 0 0 0 0 0 0 0 0 0 0 0 0 0 0 0 0 0 0 0 0 0 0 0
 0 0 0 0 0 0 0 0 0 0 0 0 0 0 0 0 0 0 0 0 0 0 0 0 0 0
 0 0 0 0 0 0 0 0 0 0 0 0 0 0 0 0 0 0 0 0 0 0 0 0 0 0
 0 0 0 0 0 0 0 0 0 0 0 0 0 0 0 0 0 0 0 0 0 0 0 0 0 0
 0 0 0 0 0 0 0 0 0 0 0 0 0 0 0 0 0 0 0 0 0 0 0 0 0 0
 0 0 0 0 0 0 0 0 0 0 0 0 0 0 0 0 0 0 0 0 0 0 0 0 0 0
 0 0 0 0 0 0 0 0 0 0 0 0 0 0 0 0 0 0 0 0 0 0 0 0 0 0
 0 0 0 0 0 0 0 0 0 0 0 0 0 0 0 0 0 0 0 0 0 0 0 0 0 0
 0 0 0 0 0 0 0 0 0 0 0 0 0 0 0 0 0 0 0 0 0 0 0 0 0 0
 0 0 0 0 0 0 0 0 0 0 0 0 0 0 0 0 0 0 0 0 0 0 0 0 0 0
 0.00862536 0 0 0.000197151 0.00414017 0.0128641 0.00837892 0.0270097 0.101434 0.158115 0.152841 0.127902 0.109271 0.109419 0.0830992 0.0579132 0.0238553 0.00714673 0.00463305 0.00128148 0.00103504 0.000492878 0.000147863 0.000147863 4.92878e-05 0
 0 0 0 0 0 0 0 0 0 0 0 0 0 0 0 0 0 0 0 0 0 0 0 0 0 0
 0 0 0 0 0 0 0 0.0054083 0.00873648 0.0413646 0.0450493 0.0745869 0.0622846 0.0627006 0.0613931 0.0827291 0.12552 0.122667 0.0946155 0.0697135 0.0546179 0.0294188 0.0215738 0.0213955 0.0102223 0.00600262
 0 0 0 0 0.00359764 0.0251062 0.0480494 0.140153 0.205849 0.193036 0.1447 0.116669 0.0760912 0.0342217 0.00950174 0.001854 0.000860785 0 0 0 0.000165536 0 0.000143464 0 0 0
 0 0 0 0 0 0 0 0.000145254 0.000435761 0.0275982 0.070085 0.0708112 0.156366 0.174668 0.174014 0.160142 0.0824315 0.0480064 0.0283245 0.00493863 0.00203355 0 0 0 0 0
 0 0 0 0 0 0 0 0 0 0 0 0 0 0 0 0 0 0 0 0 0 0 0 0 0 0
 0 0 1.00437e-05 0.000401748 0.00122533 0.00171747 0.00176769 0.0269171 0.070346 0.194647 0.189555 0.159765 0.064822 0.0314167 0.0384472 0.0292271 0.0345202 0.0313363 0.0194345 0.0106764 0.0143323 0.0359363 0.0279516 0.0138201 0.00172751 0
 0 0.0021121 0.0136068 0.0755702 0.200478 0.177729 0.0527432 0.0373336 0.0318909 0.0142505 0.0149659 0.0166563 0.0217959 0.0798694 0.0677717 0.0528807 0.04013 0.0224614 0.0357745 0.0225083 0.00881397 0.00855152 0.00135912 0.000746735 0 0
 0 0 0 0 5.4009e-05 0.00500934 0.000945158 0.0243581 0.138947 0.33067 0.221406 0.137944 0.0707744 0.0437923 0.0131692 0.00525238 0.0047753 0.00276346 9.45158e-05 9.00151e-06 2.25038e-05 9.00151e-06 4.50075e-06 0 0 0
 0.000866109 0.00284123 0.00948549 0.0512746 0.133035 0.25785 0.225252 0.132002 0.0553304 0.0519788 0.0540692 0.017754 0.00435017 0.00159236 0.00146478 0.000404838 0.000125132 0.000115318 0.000107957 0.000100596 0 0 0 0 0 0
 0 0 0 0 0.00144013 0.00171154 0.00461396 0.0210425 0.0478622 0.0707936 0.0888783 0.103762 0.0637923 0.0337046 0.0602308 0.124433 0.169614 0.0934646 0.0462172 0.0250306 0.0313229 0.00938855 0.002487 0.000210481 0 0
 0 0.00764035 0.051015 0.0998891 0.058973 0.0496711 0.0374665 0.0718981 0.12319 0.153886 0.159021 0.0857701 0.0377988 0.023471 0.0147837 0.00900784 0.00315554 0.000888139 0.00291439 0.00214683 0.00393193 0.00274676 0.000635225 9.99891e-05 0 0
 0 0 0 0 0 0 0 0 0 0 0 0 0 0 0 0 0 0 0 0 0 0 0 0 0 0
 0 0 0 0 0 0 0 0 0 0 0 0 0 0 0 0 0 0 0 0 0 0 0 0 0 0
 0 0 0 0 0 0 0 0 0 0 0 0 0 0 0 0 0 0 0 0 0 0 0 0 0 0
 0 0 0 0 0 0 0 0 0 0 0 0 0 0 0 0 0 0 0 0 0 0 0 0 0 0
 0 0 0 0 0 0 0 0 0 0 0 0 0 0 0 0 0 0 0 0 0 0 0 0 0 0
 0 0 0 0 0 0 0 0 0 0 0 0 0 0 0 0 0 0 0 0 0 0 0 0 0 0
 0 0 0 0 0 0 0 0 0 0 0 0 0 0 0 0 0 0 0 0 0 0 0 0 0 0
ppred_pel_tallas
 1.09717e-16 4.78955e-05 0.000465561 0.00309382 0.0140641 0.0437586 0.0932327 0.136079 0.136092 0.0932974 0.0439766 0.0146989 0.00470578 0.00404572 0.00702638 0.0120063 0.0183739 0.0253554 0.0321107 0.0381197 0.0432504 0.0473846 0.049999 0.0502048 0.047292 0.0413192
 1.14381e-16 4.26159e-05 0.000414242 0.00275279 0.0125138 0.0389352 0.0829566 0.121084 0.121113 0.0831003 0.0394179 0.0139089 0.00625832 0.008079 0.014637 0.0242351 0.0351698 0.0448224 0.0505983 0.0514231 0.0484176 0.0441012 0.0407416 0.0391336 0.0385506 0.037593
 1.10264e-16 5.49202e-05 0.000533844 0.00354758 0.0161268 0.0501766 0.106907 0.156038 0.156056 0.106997 0.0504788 0.0170012 0.00574799 0.00535573 0.00926704 0.0153774 0.0224879 0.029007 0.0333497 0.0348063 0.0339303 0.0320607 0.0303747 0.029241 0.028267 0.0268087
 1.04029e-16 6.58411e-05 0.000639999 0.00425302 0.0193336 0.0601541 0.128165 0.187064 0.187078 0.128233 0.0603808 0.0199887 0.00589859 0.00423675 0.00691006 0.0113553 0.0164374 0.0208571 0.0233414 0.0233183 0.0212512 0.0182987 0.0155793 0.0136194 0.012309 0.0112324
 1.02723e-16 5.94991e-05 0.000578352 0.00384336 0.0174714 0.05436 0.115821 0.169048 0.16907 0.115929 0.0547249 0.0185255 0.00648952 0.0063554 0.0110325 0.0181484 0.0261465 0.0328991 0.0362782 0.0353032 0.0307191 0.0244796 0.0185674 0.0140724 0.0110573 0.00902014
 1.0206e-16 6.66187e-05 0.000647557 0.00430325 0.0195619 0.0608645 0.129679 0.189273 0.189287 0.129747 0.0610942 0.0202257 0.00597077 0.0042923 0.00700191 0.0115046 0.0166464 0.0210994 0.0235505 0.0233838 0.0210238 0.0176061 0.0142582 0.0115619 0.00951391 0.00783673
 1.03704e-16 4.42463e-05 0.00043009 0.0028581 0.0129925 0.0404248 0.0861306 0.125718 0.125755 0.0863134 0.0410387 0.0147657 0.00730926 0.0101476 0.0185015 0.0305215 0.0439741 0.0553211 0.0609794 0.0592894 0.0514912 0.0408583 0.0307204 0.022918 0.0175832 0.0139136
 1.0852e-16 4.23652e-05 0.000411805 0.00273659 0.0124402 0.0387061 0.0824684 0.120371 0.120399 0.0826046 0.0391639 0.0137652 0.00607237 0.00772617 0.0140284 0.023372 0.0342405 0.0442605 0.0510004 0.0532819 0.0517597 0.0482314 0.0442954 0.0404911 0.0364549 0.0316766
 1.10062e-16 5.17658e-05 0.000503182 0.00334382 0.0152005 0.0472947 0.100767 0.147077 0.147097 0.100866 0.0476282 0.0161656 0.00577248 0.00582572 0.010222 0.016981 0.0248468 0.0320806 0.0369477 0.0386768 0.0378781 0.0360008 0.0342807 0.0330364 0.0317552 0.0297012
 1.03757e-16 6.8724e-05 0.000668022 0.00443924 0.0201802 0.062788 0.133777 0.195254 0.195265 0.13383 0.0629675 0.0206989 0.00574264 0.00351798 0.00549514 0.0090128 0.0130654 0.0166223 0.0186861 0.0188119 0.0173643 0.0152451 0.0133116 0.0119459 0.0110295 0.0102134
 1.0058e-16 7.66129e-05 0.000744704 0.00494882 0.0224966 0.0699954 0.149133 0.217665 0.217671 0.149161 0.0700909 0.0227725 0.00564117 0.00225562 0.0029447 0.00474322 0.00681677 0.00855432 0.00939034 0.00906646 0.00778227 0.0060609 0.00443804 0.00321517 0.00241865 0.00191701
 1.00794e-16 5.75957e-05 0.000559851 0.00372041 0.0169125 0.0526211 0.112116 0.163642 0.163669 0.112249 0.0530679 0.0182026 0.00695692 0.00761843 0.0134432 0.0220807 0.0316789 0.0395755 0.0430975 0.0410099 0.0342606 0.0253669 0.0169548 0.0105753 0.00647169 0.00409178
 1.0186e-16 6.48037e-05 0.000629915 0.00418601 0.019029 0.0592064 0.126146 0.184117 0.184132 0.126221 0.0594583 0.0197573 0.0060161 0.00463178 0.00768479 0.0126529 0.0183378 0.0233007 0.026107 0.0260712 0.0236268 0.01997 0.0162858 0.0131837 0.0106739 0.00850947
 1.01079e-16 7.18814e-05 0.000698713 0.0046432 0.0211073 0.0656727 0.139923 0.204224 0.204234 0.139973 0.0658391 0.021588 0.0058499 0.00333349 0.00507737 0.00828425 0.0119364 0.0150304 0.0165947 0.0161811 0.0141236 0.0113025 0.00860929 0.00653084 0.00509378 0.0040782
 1.00844e-16 6.7349e-05 0.000654656 0.00435042 0.0197764 0.0615318 0.131101 0.191348 0.191364 0.131178 0.0617908 0.0205244 0.00622743 0.00474997 0.00783852 0.0128347 0.0184412 0.0231026 0.0252813 0.0242661 0.0205941 0.0156918 0.0110344 0.00747389 0.00512168 0.00365587
 1.00127e-16 8.05476e-05 0.000782952 0.00520299 0.023652 0.0735903 0.156792 0.228843 0.228845 0.156801 0.07362 0.0237379 0.00541864 0.00125376 0.000974812 0.00148433 0.00213087 0.0026801 0.00295306 0.00286801 0.00248354 0.00195694 0.00144919 0.0010509 0.000771781 0.000577398
 1.00624e-16 2.99069e-05 0.000290705 0.00193184 0.00878192 0.0273241 0.0582191 0.0849852 0.0850453 0.058513 0.0283103 0.0116287 0.00907132 0.0158553 0.0295281 0.0486064 0.0696355 0.086766 0.0940585 0.0887766 0.0730635 0.0525968 0.0333394 0.0188727 0.00982086 0.00494907
 1.01866e-16 7.38581e-05 0.000717927 0.00477088 0.0216877 0.0674786 0.14377 0.209838 0.209842 0.143791 0.0675468 0.021886 0.00527243 0.00182596 0.00221657 0.0036471 0.00547713 0.00736451 0.00899446 0.0101891 0.0109544 0.0113732 0.0114516 0.0110777 0.0101298 0.008623
 1.02397e-16 5.07703e-05 0.000493506 0.00327952 0.0149082 0.0463852 0.0988299 0.144252 0.144286 0.098995 0.0469395 0.0165085 0.00729393 0.0092486 0.0166538 0.0273884 0.0393028 0.0491225 0.0535545 0.0511006 0.0429753 0.0323292 0.0224138 0.0150956 0.0105694 0.00802275
 1.01771e-16 7.0964e-05 0.000689795 0.00458393 0.0208379 0.0648345 0.138137 0.201617 0.201626 0.138181 0.0649815 0.021263 0.00565312 0.00303091 0.0045378 0.00744312 0.0108392 0.0138868 0.015771 0.0160982 0.0150963 0.013402 0.0116223 0.0100331 0.00859488 0.00716881
 1.02102e-16 5.53515e-05 0.000538036 0.00357544 0.0162534 0.0505707 0.107747 0.157266 0.157294 0.107884 0.0510293 0.0175778 0.00689856 0.00778866 0.0138146 0.0227221 0.03266 0.0409321 0.0448301 0.0431094 0.0367353 0.0282413 0.0202311 0.0141846 0.0102515 0.00780966
 1.01433e-16 7.19739e-05 0.000699612 0.00464917 0.0211344 0.0657572 0.140103 0.204486 0.204495 0.140146 0.0659005 0.0215489 0.00569101 0.00297862 0.00441384 0.00721835 0.0104731 0.0133392 0.0150068 0.0150908 0.0138362 0.0119116 0.00996997 0.0083324 0.0069819 0.00576487
 1.03754e-16 2.65473e-05 0.000258049 0.00171483 0.0077954 0.0242547 0.0516794 0.0754398 0.0754982 0.0519648 0.025213 0.0105626 0.00865821 0.0154067 0.0287708 0.0474542 0.0681988 0.0854297 0.093479 0.0897333 0.0762052 0.0581976 0.0411797 0.0282877 0.0198837 0.014708
 1.04851e-16 6.58742e-05 0.00064032 0.00425515 0.0193433 0.0601843 0.128229 0.187156 0.187163 0.128265 0.0603032 0.0196889 0.00513052 0.00257726 0.00382059 0.00641024 0.00968908 0.0131442 0.016267 0.0187734 0.0206713 0.0220616 0.0228702 0.0227925 0.021512 0.0189864
 1.04205e-16 5.65158e-05 0.000549353 0.00365065 0.0165953 0.0516344 0.110013 0.160573 0.160598 0.110136 0.0520463 0.017785 0.00663623 0.00706453 0.0124235 0.0204335 0.0293977 0.0369121 0.0405806 0.0393326 0.0340809 0.0271218 0.020763 0.0162345 0.0135133 0.0118673
 1.06552e-16 4.1649e-05 0.000404843 0.00269032 0.0122298 0.0380518 0.0810746 0.118338 0.118373 0.081244 0.0386207 0.0138744 0.006823 0.00944207 0.0172505 0.0285712 0.0414294 0.0526718 0.0590878 0.0591635 0.0539202 0.0460949 0.0383734 0.0320937 0.0271842 0.0229515
 1.05254e-16 6.34823e-05 0.00061707 0.00410065 0.018641 0.057999 0.123574 0.180362 0.180374 0.123634 0.0582015 0.0192269 0.00557621 0.00385383 0.00625665 0.0103638 0.0152073 0.0197221 0.0228578 0.0241228 0.0238278 0.0227652 0.0216029 0.0205009 0.0191942 0.0173558
 1.03298e-16 6.23229e-05 0.0006058 0.00402576 0.0183005 0.0569398 0.121317 0.17707 0.177089 0.121409 0.0572493 0.0191945 0.00626987 0.00550541 0.00936983 0.0153982 0.0221931 0.0279502 0.0308795 0.0301702 0.0264752 0.0214626 0.0168035 0.0133808 0.0111802 0.0096991
 1.06218e-16 3.28485e-05 0.000319299 0.00212185 0.00964567 0.0300115 0.0639444 0.0933383 0.0933841 0.0641681 0.0307629 0.0118166 0.00757378 0.0122297 0.0226785 0.0375071 0.0541824 0.0684582 0.0760083 0.0748135 0.066322 0.0543816 0.0428552 0.0338027 0.0272864 0.022355
 1.13396e-16 3.94878e-05 0.000383835 0.00255072 0.0115952 0.0360772 0.076867 0.112194 0.112217 0.0769777 0.0364497 0.0126755 0.00527798 0.00638918 0.0115967 0.0195071 0.0290281 0.038456 0.0460307 0.0508819 0.0533756 0.0544969 0.0548358 0.0540983 0.0514901 0.0465077
 1.0383e-16 7.34812e-05 0.000714263 0.00474653 0.021577 0.0671342 0.143037 0.208768 0.208773 0.143064 0.0672256 0.0218413 0.00541158 0.00217155 0.00285768 0.00465255 0.00680287 0.00879014 0.0101477 0.0106849 0.0105961 0.0103029 0.0101507 0.0102014 0.0102536 0.0100224
pSPR Fmed_Fpbrs
0.439335   0.6 0.325
Fs Fmed_Fpbrs
0.517974   0.302302 0.749817
SSBpbr Bo_Bmed_Bpbrs
1.2989e+06  505708  714397 357198
Ro
115714
SPR SPRFo_SPRFmed_SPRFpbrs
825921 362856 268424
Fref
0.302302
Nvult_r0
 152761 9281.53 3589.31 3405.13 866.39
CTP_r0
 33791.7 2686.13 1055.9 1002.59 255.107
YTP_r0
391292
Np
 146115 43756.8 16023.4 818.428 397.374
Nvult_p0
 102358 31772.1 11664.9 595.889 289.326
CTP_p0
 17466.4 9677.08 507.941 194.183 228.724
 17466.4 7237.97 2705.06 138.316 67.1609
YTP_p0
 307653 313144
CBA_c0
309300
log_Ro
11.4789
likeval ReclasPelacesDesembMPH_pf_preclas_ppelaces_ptallas_desvR_qrecl_qpela
 23.8338 34.2189 0.0326012 62.8081 251.401 117.073 104.022 0 25.5093 1.73574e-05 4.83408e-05 0.110804 1.71917e-15 0 0
q_reclas_q_pelaces
1.80466 2.68899
M
1
N
 160325 32057.2 61577.9 4624.76 0.186524
 89053.4 48656 8949.57 17080.6 1282.43
 87059.5 22951.7 10746.1 1953.16 4004.97
 128377 22550.7 5105.68 2362.56 1309.05
 102209 28326.9 3986.18 887.182 637.394
 196357 31805.2 8197.27 1147.07 438.58
 72022.1 54460 7803.76 1992.35 385.193
 27908.1 13317.8 7471.89 1046.28 318.365
 27201.8 9026.35 4073.34 2275.49 415.491
 37517.1 5763.48 1505.35 666.878 440.119
 100064 5563.68 576.268 146.001 107.186
 78624.8 32374.4 1702.49 175.581 77.124
 72309.3 15742.5 4978.42 256.52 38.0334
 86028.7 12281.7 1912.12 589.233 34.8136
 50094.1 11277.5 1028.96 154.753 50.4112
 416876 7623.86 1170.29 103.665 20.6364
 64993.4 100496 1529.95 231.55 24.575
 424881 18392.1 25379 382.986 64.0841
 189744 111430 4164.82 5682.19 100.034
 356070 36604.3 16245.5 594.204 824
 205613 83891.2 7108.02 3107.88 271.088
 505118 50558.9 17320.2 1447.85 687.768
 67974.8 115693 9428.12 3178.96 391.631
 231134 18863.8 28410.1 2293.45 868.124
 194981 66278 4855.03 7251.19 806.569
 89498.6 55753.4 16989.2 1234.04 2047.16
 182292 26885.4 15338.7 4642.39 896.266
 227352 51750.4 6820.66 3857.69 1392.31
 65329 67974.2 14141.1 1850.88 1424.12
 45213.1 19876.4 19045.5 3937.03 911.474
 211263 12290.3 4738.31 4494.44 1143.54
pred_Ctot
 18020.4 4996.98 9797.84 736.664 0.0297126
 17348.5 12807.9 2400.03 4585.06 344.27
 16753.8 5972.76 2849.11 518.354 1062.94
 33842.3 7851.71 1808.01 837.374 463.996
 10094.9 3896.22 559.837 124.738 89.623
 31253.4 6918.84 1818.23 254.695 97.387
 23924.2 23332.3 3394.49 867.332 167.694
 2154 1440.84 825.828 115.771 35.2293
 7622.65 3321.96 1524.03 852.117 155.598
 15211.1 2934.57 776.728 344.337 227.26
 7704.68 600.522 63.5432 16.1173 11.8332
 23784.2 12763.4 681.972 70.3925 30.9213
 26168 7269.95 2332.44 120.274 17.8334
 37961.8 6714.57 1058.38 326.358 19.2829
 19911.1 5645.99 522.14 78.5845 25.6001
 93994.4 2299.55 359.345 31.8613 6.34287
 9685.52 20534.2 318.826 48.3032 5.12684
 79255.8 4648.19 6535.64 98.7258 16.5204
 60074.5 45752.6 1736.9 2371.67 41.7548
 83898.9 11499.1 5194.07 190.159 263.712
 44526.8 24374.5 2102.87 920.335 80.281
 125202 16640.1 5799.92 485.278 230.531
 10799.6 25124.2 2087.65 704.64 86.8127
 32880.1 3687.2 5664.45 457.754 173.281
 28020.1 13081.2 977.398 1461.32 162.556
 10550 9099.01 2829.85 205.774 341.38
 26869.6 5436.33 3163.33 958.411 185.042
 27374.1 8619.89 1159.46 656.489 236.953
 7254.02 10471.7 2223.78 291.382 224.211
 7647.64 4580.46 4474.1 925.817 214.35
 33791.7 2686.13 1055.9 1002.59 255.107
F
 0.192427 0.275915 0.282362 0.28271 0.282728
 0.355843 0.510232 0.522156 0.522799 0.522833
 0.350828 0.503041 0.514796 0.51543 0.515464
 0.511156 0.732931 0.750058 0.750982 0.751031
 0.167388 0.240012 0.245621 0.245923 0.245939
 0.282469 0.405023 0.414488 0.414999 0.415026
 0.687872 0.986319 1.00937 1.01061 1.01068
 0.128768 0.184637 0.188952 0.189185 0.189197
 0.551741 0.791124 0.809611 0.810608 0.810661
 0.908537 1.30272 1.33317 1.33481 1.3349
 0.128443 0.184171 0.188475 0.188707 0.188719
 0.608323 0.872255 0.892639 0.893738 0.893796
 0.77284 1.10815 1.13405 1.13544 1.13552
 1.03187 1.47957 1.51414 1.51601 1.5161
 0.88262 1.26556 1.29514 1.29673 1.29682
 0.422665 0.606047 0.62021 0.620973 0.621014
 0.262367 0.376201 0.384992 0.385466 0.385491
 0.338417 0.485246 0.496586 0.497197 0.497229
 0.64551 0.925576 0.947206 0.948373 0.948434
 0.445607 0.638942 0.653874 0.654679 0.654721
 0.402857 0.577645 0.591144 0.591871 0.59191
 0.473853 0.679443 0.69532 0.696177 0.696222
 0.281891 0.404195 0.41364 0.41415 0.414176
 0.249138 0.357231 0.365579 0.36603 0.366053
 0.251962 0.361281 0.369724 0.370179 0.370203
 0.202639 0.290558 0.297348 0.297714 0.297733
 0.259178 0.371628 0.380312 0.380781 0.380805
 0.207373 0.297346 0.304295 0.30467 0.304689
 0.189903 0.272296 0.278659 0.279003 0.279021
 0.302575 0.433853 0.443992 0.444538 0.444567
 0.284037 0.407272 0.41679 0.417303 0.41733
YTP_r0W_actual
 280471 37874.4 29142.8 34288.6 9515.48
YTP_p0W_proyectada
 130823 151640 11748.7 5703.15 7737.74
 130823 113419 62567.9 4062.34 2272.05
CTP_r0_actual
 33791.7 2686.13 1055.9 1002.59 255.107
CTP_p0_proyectada
 17466.4 9677.08 507.941 194.183 228.724
 17466.4 7237.97 2705.06 138.316 67.1609
Wmedp
 7.49 15.67 23.13 29.37 33.83
Frms_r0
 0.284037 0.407272 0.41679 0.417303 0.41733
Zrms_r0
 1.28404 1.40727 1.41679 1.4173 1.41733
nmprior
 8.19 8.8 8.5 0
nm_flota  nm_reclas  nm_pelaces    nm_pelaL
inf 21.1427 11.7488 24.6033
cv_recla  cv_pelaces  cv_mph
0.220796 0.552744 0.716857
 ------------------------------------------------
Talla a la edad & desviaci?n 
 8 13.2811 15.8009 17.003 17.5766
 0.8 1.32811 1.58009 1.7003 1.75766
