years
 1991 1992 1993 1994 1995 1996 1997 1998 1999 2000 2001 2002 2003 2004 2005 2006 2007 2008 2009 2010 2011 2012 2013 2014 2015 2016 2017 2018 2019 2020 2021
reclasobs
 0 0 0 0 0 0 0 0 0 252601 567819 844713 477998 351125 339783 2.1784e+06 2.13404e+06 4.81314e+06 1.55562e+06 2.62356e+06 3.21686e+06 3.843e+06 1.13348e+06 3.07943e+06 1.97215e+06 2.03268e+06 2.025e+06 2.42433e+06 2.27542e+06 1.05018e+06 2.36338e+06
reclaspred
 3.30392e+06 1.78146e+06 900315 973448 1.00797e+06 1.89883e+06 973127 788193 508770 283629 627372 628246 448435 518541 401111 1.98576e+06 1.73271e+06 3.20956e+06 1.83926e+06 2.12173e+06 2.77982e+06 2.66865e+06 1.90959e+06 3.15326e+06 2.31223e+06 2.01628e+06 2.32914e+06 2.70415e+06 2.069e+06 1.17159e+06 2.11808e+06
pelacesobs
 0 0 0 0 0 0 0 0 0 0 0 0 0 0 0 552880 188675 0 991730 2.46772e+06 1.41603e+06 1.21717e+06 2.29649e+06 1.80582e+06 0 1.4828e+06 1.56532e+06 1.57751e+06 1.42118e+06 867257 1.10002e+06
pelacespred
 1.9055e+06 1.10354e+06 531078 446355 530383 1.00417e+06 462474 510228 284046 130422 329246 277889 202024 245951 189845 867470 880026 1.71121e+06 963683 950288 1.34656e+06 1.33727e+06 1.06613e+06 1.87966e+06 1.3717e+06 1.21868e+06 1.52732e+06 1.73314e+06 1.20648e+06 748503 1.23255e+06
mphobs
 0 0 0 0 0 0 0 0 0 0 0 246.4 17.6 13.1 84.8 0 1304.8 192.8 157.4 59.5 402.8 43.2 356.7 335.8 342.3 403.6 0 0 0 0 0
mphpred
 523.556 356.346 166.662 93.3489 106.352 135.521 195.983 92.1917 80.1426 40.4493 20.1397 80.6421 51.6067 28.4805 30.0523 31.0433 250.021 205.979 305.71 144.013 283.267 239.659 297.853 219.832 332.725 273.613 218.04 223.577 352.478 217.146 114.137
desembarqueobs
 494567 514787 250237 358949 120608 361735 552515 73892 212993 205616 52469 317467 293654 387597 252695 516296 358380 742168 942051 627588 828172 859565 418607 520667 417249 300574 415391 372974 316634 284311 391294
desembarquepred
 494566 514055 250565 358978 120613 361733 552516 73898.5 213071 205677 52468 317695 293802 387251 252593 516169 358492 742107 941899 627288 828714 859606 418595 520664 417185 300556 415366 372896 316582 284304 391291
Reclutas
 161544 89469.9 86814.6 128717 102030 197413 72125.5 27738.2 27037.1 36946.7 92883.1 76543.5 69738.1 88099.7 49918 412583 63403.8 416771 193894 357641 204837 508230 67221.5 232031 203470 85592.9 178655 224985 64757.8 44702.3 208358
log_desv_Rt
 0.340994 -0.24988 -0.280007 0.113834 -0.118515 0.541515 -0.465374 -1.42097 -1.44657 -1.13431 -0.21244 -0.405923 -0.499035 -0.265312 -0.8334 1.27865 -0.594259 1.28876 0.523532 1.13575 0.578431 1.48715 -0.535789 0.703088 0.571739 -0.29418 0.441675 0.672252 -0.573128 -0.943758 0.595477
SSB
 1.42018e+06 966615 452083 253215 288488 367609 531619 250076 217392 109722 54630.4 218747 139987 77255.3 81519 84207.3 678200 558731 829259 390645 768382 650092 807948 596311 902541 742193 591449 606468 956122 589025 309604
BT
 2.13122e+06 1.49208e+06 714730 733413 606951 1.32883e+06 918017 560287 484572 325561 391250 536027 472398 670688 451984 1.3467e+06 1.10628e+06 2.41882e+06 1.84913e+06 1.47347e+06 1.993e+06 2.1207e+06 1.35436e+06 2.4115e+06 1.69074e+06 1.42562e+06 1.96985e+06 2.14169e+06 1.36733e+06 961604 1.65921e+06
Ftot
 0.281974 0.519333 0.51213 0.737926 0.24141 0.404144 0.986188 0.185777 0.799054 1.33031 0.196687 0.947902 1.24289 1.52209 1.28678 0.610088 0.384139 0.497999 0.943525 0.639813 0.579446 0.676651 0.40453 0.356757 0.354913 0.288122 0.376177 0.300795 0.278044 0.447747 0.41425
BD_Bspro_t
 0.955887 0.71358 0.474805 0.373027 0.377759 0.486616 0.503332 0.291282 0.333383 0.237815 0.173983 0.526891 0.301488 0.177527 0.169325 0.176485 0.503424 0.436352 0.469982 0.286881 0.383507 0.346324 0.412858 0.370407 0.506771 0.52006 0.522392 0.562164 0.64819 0.53926 0.428514
BD_Bspro
 1.73218 1.17897 0.551399 0.308843 0.351865 0.448368 0.648409 0.305015 0.265151 0.133826 0.066632 0.266803 0.17074 0.0942273 0.0994277 0.102706 0.827192 0.681477 1.01144 0.476464 0.937185 0.792908 0.985443 0.727312 1.10082 0.905243 0.721382 0.739701 1.16617 0.718426 0.37762
BD_Bo
 1.08986 0.741789 0.346932 0.19432 0.221388 0.282106 0.407969 0.191911 0.166829 0.0842013 0.0419239 0.167869 0.107427 0.0592864 0.0625584 0.0646214 0.520457 0.428775 0.63638 0.299784 0.589663 0.498886 0.620026 0.457614 0.692618 0.569566 0.453883 0.465409 0.733736 0.452023 0.237593
BD_Brms
 1.98156 1.34871 0.630786 0.353309 0.402524 0.512921 0.741762 0.348929 0.303325 0.153093 0.0762252 0.305216 0.195322 0.107793 0.113743 0.117493 0.946286 0.779592 1.15706 0.545062 1.07211 0.907066 1.12732 0.832026 1.25931 1.03557 0.825242 0.846198 1.33407 0.82186 0.431987
Sel_flota
 0.703946 1 1 1 1
 0.703946 1 1 1 1
 0.703946 1 1 1 1
 0.703946 1 1 1 1
 0.703946 1 1 1 1
 0.703946 1 1 1 1
 0.703946 1 1 1 1
 0.703946 1 1 1 1
 0.703946 1 1 1 1
 0.703946 1 1 1 1
 0.703946 1 1 1 1
 0.703946 1 1 1 1
 0.703946 1 1 1 1
 0.703946 1 1 1 1
 0.703946 1 1 1 1
 0.703946 1 1 1 1
 0.703946 1 1 1 1
 0.703946 1 1 1 1
 0.703946 1 1 1 1
 0.703946 1 1 1 1
 0.703946 1 1 1 1
 0.703946 1 1 1 1
 0.703946 1 1 1 1
 0.703946 1 1 1 1
 0.703946 1 1 1 1
 0.703946 1 1 1 1
 0.703946 1 1 1 1
 0.703946 1 1 1 1
 0.703946 1 1 1 1
 0.703946 1 1 1 1
 0.703946 1 1 1 1
Sel_reclas
 1 1 1 1 1
 1 1 1 1 1
 1 1 1 1 1
 1 1 1 1 1
 1 1 1 1 1
 1 1 1 1 1
 1 1 1 1 1
 1 1 1 1 1
 1 1 1 1 1
 1 1 1 1 1
 1 1 1 1 1
 1 1 1 1 1
 1 1 1 1 1
 1 1 1 1 1
 1 1 1 1 1
 1 1 1 1 1
 1 1 1 1 1
 1 1 1 1 1
 1 1 1 1 1
 1 1 1 1 1
 1 1 1 1 1
 1 1 1 1 1
 1 1 1 1 1
 1 1 1 1 1
 1 1 1 1 1
 1 1 1 1 1
 1 1 1 1 1
 1 1 1 1 1
 1 1 1 1 1
 1 1 1 1 1
 1 1 1 1 1
Sel_pelaces
 0.772981 0.94486 0.988537 0.997701 0.999542
 0.772981 0.94486 0.988537 0.997701 0.999542
 0.772981 0.94486 0.988537 0.997701 0.999542
 0.772981 0.94486 0.988537 0.997701 0.999542
 0.772981 0.94486 0.988537 0.997701 0.999542
 0.772981 0.94486 0.988537 0.997701 0.999542
 0.772981 0.94486 0.988537 0.997701 0.999542
 0.772981 0.94486 0.988537 0.997701 0.999542
 0.772981 0.94486 0.988537 0.997701 0.999542
 0.772981 0.94486 0.988537 0.997701 0.999542
 0.772981 0.94486 0.988537 0.997701 0.999542
 0.772981 0.94486 0.988537 0.997701 0.999542
 0.772981 0.94486 0.988537 0.997701 0.999542
 0.772981 0.94486 0.988537 0.997701 0.999542
 0.772981 0.94486 0.988537 0.997701 0.999542
 0.772981 0.94486 0.988537 0.997701 0.999542
 0.772981 0.94486 0.988537 0.997701 0.999542
 0.772981 0.94486 0.988537 0.997701 0.999542
 0.772981 0.94486 0.988537 0.997701 0.999542
 0.772981 0.94486 0.988537 0.997701 0.999542
 0.772981 0.94486 0.988537 0.997701 0.999542
 0.772981 0.94486 0.988537 0.997701 0.999542
 0.772981 0.94486 0.988537 0.997701 0.999542
 0.772981 0.94486 0.988537 0.997701 0.999542
 0.772981 0.94486 0.988537 0.997701 0.999542
 0.772981 0.94486 0.988537 0.997701 0.999542
 0.772981 0.94486 0.988537 0.997701 0.999542
 0.772981 0.94486 0.988537 0.997701 0.999542
 0.772981 0.94486 0.988537 0.997701 0.999542
 0.772981 0.94486 0.988537 0.997701 0.999542
 0.772981 0.94486 0.988537 0.997701 0.999542
pf_obs 
 0.8446 0.082 0.0669 0.0065 0
 0.8095 0.147 0.0364 0.0071 0
 0.9664 0.0169 0.016 0.0007 0
 0.9276 0.0648 0.0075 0.0001 0
 0.7033 0.2144 0.0806 0.0017 0
 0.9318 0.0425 0.0243 0.0014 0
 0.5671 0.3108 0.0964 0.0239 0.0018
 0.0768 0.2599 0.5324 0.112 0.0189
 0.490249 0.384438 0.106611 0.0170017 0.00170017
 0.7925 0.1577 0.0466 0.003 0.0002
 0.840416 0.127587 0.0312969 0.00059994 9.999e-05
 0.8084 0.0986 0.0794 0.0134 0.0002
 0.7335 0.1905 0.0724 0.0035 0.0001
 0.4001 0.4547 0.1325 0.0127 0
 0.49795 0.308269 0.164784 0.0264974 0.00249975
 0.9179 0.0499 0.0305 0.0017 0
 0.2467 0.6533 0.0926 0.0074 0
 0.9418 0.0223 0.034 0.0019 0
 0.707729 0.231977 0.0356964 0.0245975 0
 0.517169 0.277429 0.184464 0.0207286 0.00020938
 0.811772 0.124168 0.05621 0.00726502 0.000585176
 0.764997 0.148141 0.077277 0.00933861 0.000247198
 0.163321 0.427699 0.378323 0.0303852 0.000271297
 0.753843 0.0900009 0.118128 0.0371064 0.000921714
 0.721811 0.176058 0.0630433 0.0369309 0.00215725
 0.143369 0.312575 0.442814 0.0836902 0.0175525
 0.692698 0.0596174 0.167031 0.0765114 0.00414204
 0.394062 0.376323 0.152708 0.0712218 0.00568511
 0.125707 0.32114 0.495352 0.0537591 0.00404204
 0.23352 0.215282 0.420074 0.123614 0.00750983
 0.796117 0.104755 0.0508955 0.0450114 0.00322123
pf_pred 
 0.547865 0.147359 0.283278 0.0214984 8.62585e-07
 0.468963 0.342047 0.0615951 0.118408 0.00898658
 0.621846 0.219211 0.102377 0.0184358 0.0381301
 0.760399 0.172384 0.0389645 0.0181974 0.0100545
 0.687416 0.261952 0.0364281 0.00823396 0.00597019
 0.778719 0.169343 0.0435254 0.00605283 0.00236013
 0.464943 0.451151 0.0642116 0.016504 0.00319003
 0.474139 0.3147 0.178047 0.0253412 0.00777228
 0.569035 0.245477 0.111005 0.0628031 0.0116802
 0.782066 0.149382 0.039047 0.0176571 0.0118478
 0.916083 0.0729122 0.00754326 0.00197174 0.00148989
 0.653325 0.326348 0.0176618 0.00182723 0.000838523
 0.745847 0.193734 0.0568765 0.00307813 0.000464592
 0.84955 0.126628 0.0181584 0.00533095 0.000332054
 0.767236 0.21317 0.0164911 0.00236481 0.000737505
 0.972923 0.0232245 0.00352847 0.000272966 5.13506e-05
 0.317081 0.671167 0.0100797 0.00153139 0.000140757
 0.878413 0.050348 0.0700128 0.00105146 0.00017443
 0.56189 0.402308 0.0148256 0.0206161 0.000360978
 0.834667 0.113345 0.0477396 0.00175927 0.00248924
 0.6202 0.337931 0.0287034 0.0120895 0.00107589
 0.84721 0.110113 0.0379731 0.00322538 0.00147939
 0.277486 0.649751 0.0524386 0.0180839 0.00224054
 0.771974 0.084328 0.129227 0.0104293 0.00404225
 0.652941 0.290414 0.020948 0.0321014 0.0035949
 0.441757 0.413176 0.12139 0.00875608 0.0149207
 0.734751 0.143759 0.0899196 0.0264182 0.00515278
 0.724454 0.22266 0.0286628 0.0179283 0.00629467
 0.359402 0.510938 0.104775 0.0134875 0.0113983
 0.435293 0.257364 0.245135 0.0502683 0.0119396
 0.874391 0.0681873 0.0261697 0.0249263 0.00632553
pobs_RECLAS
 0 0 0 0 0
 0 0 0 0 0
 0 0 0 0 0
 0 0 0 0 0
 0 0 0 0 0
 0 0 0 0 0
 0 0 0 0 0
 0 0 0 0 0
 0 0 0 0 0
 0 0 0 0 0
 0.991045 0.00858322 0.000360255 1.14367e-05 0
 0.934742 0.0480273 0.0164251 0.00080598 0
 0.827803 0.169806 0.00239088 0 0
 0.941827 0.0461693 0.0120037 0 0
 0.791401 0.0380133 0.147996 0.0225897 0
 0.846168 0.0940531 0.0597789 0 0
 0.134021 0.677848 0.182769 0.00536245 0
 0.80878 0.0450904 0.141981 0.00414843 0
 0.846168 0.0940531 0.0597789 0 0
 0.905697 0.0802665 0.012482 0.00150086 5.37128e-05
 0.989698 0.0102097 9.19794e-05 0 0
 0.975433 0.0193895 0.00387452 0.00125025 5.28907e-05
 0.303575 0.632131 0.0575291 0.00676475 0
 0.966965 0.00978017 0.0227588 0.000495775 0
 0.843318 0.132988 0.00938335 0.0141283 0.000182051
 0.564624 0.303363 0.111486 0.0197234 0.00080311
 0.826376 0.0876187 0.0782897 0.00655872 0.00115652
 0.89761 0.0855135 0.0140674 0.00269457 0.000114338
 0.34875 0.467042 0.161289 0.0227151 0.000203297
 0.318654 0.224769 0.449479 0.00709798 0
 0.937255 0.0296025 0.0250945 0.00804832 0
ppred_RECLAS
 0.634487 0.119127 0.229006 0.0173796 6.97327e-07
 0.56085 0.282861 0.0509371 0.0979198 0.00743159
 0.703912 0.171638 0.0801594 0.0144349 0.0298553
 0.82264 0.127604 0.0288428 0.0134703 0.0074427
 0.758804 0.202127 0.0281087 0.00635349 0.00460672
 0.83511 0.126188 0.0324334 0.00451033 0.00175868
 0.562919 0.368539 0.0524536 0.0134819 0.0026059
 0.562843 0.261615 0.148014 0.0210665 0.00646121
 0.659403 0.194004 0.0877288 0.0496341 0.00923102
 0.844749 0.106416 0.0278163 0.0125786 0.00844009
 0.939736 0.0523605 0.00541706 0.00141597 0.00106994
 0.735919 0.248596 0.0134539 0.0013919 0.000638748
 0.815581 0.140578 0.0412708 0.00223355 0.000337118
 0.896747 0.0869047 0.0124621 0.00365862 0.000227888
 0.832846 0.153084 0.0118427 0.00169824 0.000529623
 0.981196 0.0161284 0.00245038 0.000189564 3.56608e-05
 0.400366 0.589315 0.0088504 0.00134463 0.000123591
 0.912574 0.0362024 0.0503422 0.000756044 0.000125423
 0.654698 0.317084 0.011685 0.0162489 0.00028451
 0.880123 0.0821826 0.0346144 0.00127559 0.00180486
 0.703088 0.26418 0.0224391 0.00945109 0.000841085
 0.889851 0.0793819 0.0273755 0.00232523 0.00106652
 0.355974 0.579168 0.0467421 0.0161194 0.00199715
 0.829446 0.0630737 0.096656 0.00780069 0.00302343
 0.729905 0.226012 0.0163026 0.0249826 0.0027977
 0.531371 0.346849 0.101904 0.00735047 0.0125255
 0.799284 0.108783 0.0680427 0.0199908 0.00389914
 0.790311 0.169443 0.0218122 0.0136433 0.0047902
 0.445558 0.44222 0.090683 0.0116735 0.00986531
 0.526366 0.215858 0.205601 0.0421613 0.0100141
 0.909276 0.0492497 0.0189016 0.0180035 0.00456875
pobs_PELACES
 0 0 0 0 0
 0 0 0 0 0
 0 0 0 0 0
 0 0 0 0 0
 0 0 0 0 0
 0 0 0 0 0
 0 0 0 0 0
 0 0 0 0 0
 0 0 0 0 0
 0 0 0 0 0
 0 0 0 0 0
 0 0 0 0 0
 0 0 0 0 0
 0 0 0 0 0
 0 0 0 0 0
 0 0 0 0 0
 0.505614 0.472636 0.0217494 0 0
 0 0 0 0 0
 0.443492 0.261883 0.143347 0.151278 0
 0.227955 0.32914 0.350689 0.0885471 0.00366901
 0.970185 0.0296113 0.000203453 0 0
 0.997202 0.00247181 0.000326279 0 0
 0.445219 0.490057 0.0546422 0.010081 0
 0.90214 0.0892962 0.00764917 0.000914606 0
 0 0 0 0 0
 0.581667 0.319106 0.0959925 0.00289975 0.000334073
 0.762889 0.0836404 0.116647 0.0363945 0.000428098
 0.88444 0.0763242 0.0277011 0.0115352 0
 0.521256 0.241999 0.230069 0.00667565 0
 0.616807 0.101726 0.260614 0.0208532 0
 0.833518 0.0704572 0.0857862 0.0102388 0
ppred_PELACES
 0.585926 0.130817 0.263104 0.0201525 8.10074e-07
 0.518974 0.304114 0.0572956 0.111164 0.00845236
 0.666943 0.189083 0.0923888 0.0167914 0.0347932
 0.80084 0.141283 0.0334108 0.0157484 0.00871744
 0.723322 0.230029 0.0334676 0.0076349 0.00554605
 0.809969 0.143811 0.0386717 0.00542771 0.00212029
 0.535191 0.388957 0.0579186 0.0150245 0.00290943
 0.512762 0.286093 0.169345 0.024326 0.00747467
 0.626334 0.208334 0.098564 0.0562813 0.0104866
 0.833043 0.112643 0.0308048 0.0140591 0.00945094
 0.928165 0.0620121 0.00671214 0.00177076 0.0013405
 0.713798 0.26867 0.0152124 0.00158842 0.000730278
 0.801591 0.149577 0.0459428 0.00250945 0.000379459
 0.891083 0.0909722 0.0136484 0.00404404 0.000252359
 0.821544 0.162778 0.0131748 0.00190677 0.000595756
 0.978265 0.0185185 0.00294355 0.000229827 4.3315e-05
 0.361696 0.626807 0.00984859 0.00151016 0.000139061
 0.897203 0.0414408 0.0602905 0.000913843 0.00015188
 0.628764 0.339458 0.0130878 0.0183683 0.000322213
 0.863021 0.0925358 0.0407767 0.00151661 0.00214985
 0.670943 0.291199 0.0258774 0.0110003 0.000980759
 0.874506 0.0892598 0.0322048 0.00276079 0.00126863
 0.318849 0.609546 0.0514679 0.0179136 0.00222355
 0.800022 0.0718164 0.115141 0.00937867 0.00364174
 0.694132 0.253774 0.0191513 0.02962 0.00332315
 0.485159 0.376357 0.115684 0.00842185 0.0143776
 0.767755 0.123118 0.0805686 0.0238903 0.00466833
 0.758722 0.193083 0.0260043 0.0164162 0.00577442
 0.400839 0.473265 0.101535 0.0131917 0.0111689
 0.480658 0.230631 0.229827 0.047566 0.0113186
 0.892942 0.0567745 0.0227968 0.021915 0.00557161
pobs_pel_tallas
 0 0 0 0 0 0 0 0 0 0 0 0 0 0 0 0 0 0 0 0 0 0 0 0 0 0
 0 0 0 0 0 0 0 0 0 0 0 0 0 0 0 0 0 0 0 0 0 0 0 0 0 0
 0 0 0 0 0 0 0 0 0 0 0 0 0 0 0 0 0 0 0 0 0 0 0 0 0 0
 0 0 0 0 0 0 0 0 0 0 0 0 0 0 0 0 0 0 0 0 0 0 0 0 0 0
 0 0 0 0 0 0 0 0 0 0 0 0 0 0 0 0 0 0 0 0 0 0 0 0 0 0
 0 0 0 0 0 0 0 0 0 0 0 0 0 0 0 0 0 0 0 0 0 0 0 0 0 0
 0 0 0 0 0 0 0 0 0 0 0 0 0 0 0 0 0 0 0 0 0 0 0 0 0 0
 0 0 0 0 0 0 0 0 0 0 0 0 0 0 0 0 0 0 0 0 0 0 0 0 0 0
 0 0 0 0 0 0 0 0 0 0 0 0 0 0 0 0 0 0 0 0 0 0 0 0 0 0
 0 0 0 0 0 0 0 0 0 0 0 0 0 0 0 0 0 0 0 0 0 0 0 0 0 0
 0 0 0 0 0 0 0 0 0 0 0 0 0 0 0 0 0 0 0 0 0 0 0 0 0 0
 0 0 0 0 0 0 0 0 0 0 0 0 0 0 0 0 0 0 0 0 0 0 0 0 0 0
 0.00862536 0 0 0.000197151 0.00414017 0.0128641 0.00837892 0.0270097 0.101434 0.158115 0.152841 0.127902 0.109271 0.109419 0.0830992 0.0579132 0.0238553 0.00714673 0.00463305 0.00128148 0.00103504 0.000492878 0.000147863 0.000147863 4.92878e-05 0
 0 0 0 0 0 0 0 0 0 0 0 0 0 0 0 0 0 0 0 0 0 0 0 0 0 0
 0 0 0 0 0 0 0 0.0054083 0.00873648 0.0413646 0.0450493 0.0745869 0.0622846 0.0627006 0.0613931 0.0827291 0.12552 0.122667 0.0946155 0.0697135 0.0546179 0.0294188 0.0215738 0.0213955 0.0102223 0.00600262
 0 0 0 0 0.00359764 0.0251062 0.0480494 0.140153 0.205849 0.193036 0.1447 0.116669 0.0760912 0.0342217 0.00950174 0.001854 0.000860785 0 0 0 0.000165536 0 0.000143464 0 0 0
 0 0 0 0 0 0 0 0.000145254 0.000435761 0.0275982 0.070085 0.0708112 0.156366 0.174668 0.174014 0.160142 0.0824315 0.0480064 0.0283245 0.00493863 0.00203355 0 0 0 0 0
 0 0 0 0 0 0 0 0 0 0 0 0 0 0 0 0 0 0 0 0 0 0 0 0 0 0
 0 0 1.00437e-05 0.000401748 0.00122533 0.00171747 0.00176769 0.0269171 0.070346 0.194647 0.189555 0.159765 0.064822 0.0314167 0.0384472 0.0292271 0.0345202 0.0313363 0.0194345 0.0106764 0.0143323 0.0359363 0.0279516 0.0138201 0.00172751 0
 0 0.0021121 0.0136068 0.0755702 0.200478 0.177729 0.0527432 0.0373336 0.0318909 0.0142505 0.0149659 0.0166563 0.0217959 0.0798694 0.0677717 0.0528807 0.04013 0.0224614 0.0357745 0.0225083 0.00881397 0.00855152 0.00135912 0.000746735 0 0
 0 0 0 0 5.4009e-05 0.00500934 0.000945158 0.0243581 0.138947 0.33067 0.221406 0.137944 0.0707744 0.0437923 0.0131692 0.00525238 0.0047753 0.00276346 9.45158e-05 9.00151e-06 2.25038e-05 9.00151e-06 4.50075e-06 0 0 0
 0.000866109 0.00284123 0.00948549 0.0512746 0.133035 0.25785 0.225252 0.132002 0.0553304 0.0519788 0.0540692 0.017754 0.00435017 0.00159236 0.00146478 0.000404838 0.000125132 0.000115318 0.000107957 0.000100596 0 0 0 0 0 0
 0 0 0 0 0.00144013 0.00171154 0.00461396 0.0210425 0.0478622 0.0707936 0.0888783 0.103762 0.0637923 0.0337046 0.0602308 0.124433 0.169614 0.0934646 0.0462172 0.0250306 0.0313229 0.00938855 0.002487 0.000210481 0 0
 0 0.00764035 0.051015 0.0998891 0.058973 0.0496711 0.0374665 0.0718981 0.12319 0.153886 0.159021 0.0857701 0.0377988 0.023471 0.0147837 0.00900784 0.00315554 0.000888139 0.00291439 0.00214683 0.00393193 0.00274676 0.000635225 9.99891e-05 0 0
 0 0 0 0 0 0 0 0 0 0 0 0 0 0 0 0 0 0 0 0 0 0 0 0 0 0
 0 0 0 0 0 0 0 0 0 0 0 0 0 0 0 0 0 0 0 0 0 0 0 0 0 0
 0 0 0 0 0 0 0 0 0 0 0 0 0 0 0 0 0 0 0 0 0 0 0 0 0 0
 0 0 0 0 0 0 0 0 0 0 0 0 0 0 0 0 0 0 0 0 0 0 0 0 0 0
 0 0 0 0 0 0 0 0 0 0 0 0 0 0 0 0 0 0 0 0 0 0 0 0 0 0
 0 0 0 0 0 0 0 0 0 0 0 0 0 0 0 0 0 0 0 0 0 0 0 0 0 0
 0 0 0 0 0 0 0 0 0 0 0 0 0 0 0 0 0 0 0 0 0 0 0 0 0 0
ppred_pel_tallas
 1.09648e-16 4.8262e-05 0.000469124 0.00311749 0.0141717 0.0440934 0.0939461 0.13712 0.137133 0.0940098 0.0443083 0.0147971 0.00470583 0.00399719 0.00692627 0.0118363 0.0181196 0.0250167 0.0317026 0.0376657 0.0427734 0.0469013 0.0495232 0.0497535 0.0468859 0.0409787
 1.1431e-16 4.27473e-05 0.000415519 0.00276127 0.0125523 0.0390552 0.0832122 0.121457 0.121486 0.0833558 0.0395373 0.0139459 0.00626267 0.00807106 0.014619 0.0242035 0.0351203 0.0447517 0.0505044 0.0513039 0.0482712 0.0439261 0.0405395 0.0389117 0.0383214 0.0373724
 1.10287e-16 5.49353e-05 0.00053399 0.00354855 0.0161312 0.0501903 0.106936 0.156081 0.156099 0.107026 0.0504917 0.0170031 0.00574252 0.00534194 0.0092409 0.015335 0.0224287 0.0289364 0.0332795 0.0347504 0.0339005 0.0320617 0.0304035 0.0292895 0.0283252 0.026868
 1.04055e-16 6.59642e-05 0.000641195 0.00426097 0.0193698 0.0602666 0.128405 0.187413 0.187427 0.128472 0.0604905 0.020017 0.00588697 0.0041953 0.00682945 0.0112225 0.0162476 0.0206219 0.0230888 0.0230846 0.0210672 0.0181792 0.0155226 0.0136124 0.0123354 0.0112773
 1.02729e-16 5.95792e-05 0.000579131 0.00384853 0.0174949 0.0544331 0.115976 0.169276 0.169298 0.116085 0.0547969 0.0185457 0.00648629 0.00633778 0.0109975 0.01809 0.0260615 0.0327905 0.0361554 0.0351793 0.0306057 0.0243834 0.0184908 0.0140147 0.0110176 0.00899732
 1.02056e-16 6.67161e-05 0.000648504 0.00430954 0.0195906 0.0609536 0.129869 0.18955 0.189564 0.129936 0.0611816 0.0202495 0.00596494 0.00426681 0.00695183 0.0114218 0.0165273 0.0209501 0.0233869 0.0232266 0.02089 0.0175037 0.0141858 0.0115126 0.0094802 0.00781317
 1.0377e-16 4.4083e-05 0.000428503 0.00284755 0.0129446 0.0402756 0.0858128 0.125254 0.125292 0.0859961 0.0408908 0.0147215 0.00730807 0.0101667 0.0185411 0.0305887 0.0440745 0.055455 0.0611413 0.0594715 0.051687 0.0410647 0.0309357 0.0231387 0.0178013 0.0141184
 1.08665e-16 4.22356e-05 0.000410545 0.00272821 0.0124021 0.0385876 0.0822161 0.120003 0.12003 0.0823519 0.0390443 0.0137238 0.00605578 0.00770743 0.0139964 0.0233229 0.0341781 0.0441999 0.0509676 0.0533083 0.0518722 0.0484428 0.0445995 0.0408643 0.0368628 0.0320823
 1.10317e-16 5.15904e-05 0.000501477 0.00333249 0.015149 0.0471343 0.100425 0.146578 0.146598 0.100524 0.0474664 0.0161099 0.00575067 0.00580163 0.0101807 0.0169168 0.0247636 0.0319957 0.0368933 0.0386932 0.038003 0.0362578 0.0346724 0.0335435 0.0323402 0.0303161
 1.03928e-16 6.86166e-05 0.000666978 0.0044323 0.0201486 0.0626899 0.133568 0.194948 0.194959 0.133621 0.0628686 0.0206652 0.00573045 0.00350571 0.00547449 0.00898087 0.0130244 0.0165815 0.0186626 0.0188273 0.0174395 0.0153941 0.013538 0.0122417 0.0113764 0.010586
 1.00615e-16 7.64517e-05 0.000743138 0.00493841 0.0224493 0.0698482 0.148819 0.217207 0.217213 0.148848 0.0699461 0.0227323 0.00564865 0.00229311 0.00301871 0.00486585 0.00699348 0.00877673 0.00963582 0.00930605 0.00799243 0.00623166 0.00457303 0.00332516 0.00251409 0.00200384
 1.00791e-16 5.87947e-05 0.000571505 0.00379786 0.0172645 0.0537164 0.11445 0.167048 0.167074 0.114576 0.0541405 0.0184888 0.00686922 0.00727008 0.0127622 0.020957 0.0300695 0.0375715 0.0409276 0.0389662 0.0325856 0.0241711 0.0162098 0.010169 0.00627677 0.00400919
 1.01681e-16 6.6026e-05 0.000641797 0.00426496 0.0193879 0.0603231 0.128525 0.187589 0.187604 0.128596 0.0605604 0.0200738 0.00598839 0.00440982 0.00723896 0.0119063 0.0172447 0.0218899 0.0244863 0.0243877 0.0220087 0.0184887 0.014961 0.0120146 0.00966557 0.00767702
 1.00866e-16 7.33973e-05 0.000713448 0.00474112 0.0215524 0.0670577 0.142874 0.20853 0.208539 0.142917 0.0672015 0.021968 0.00578444 0.00299127 0.0044001 0.00715991 0.0103112 0.0129753 0.0143094 0.0139246 0.0121109 0.00963359 0.00726962 0.00544687 0.00419369 0.00332184
 1.00714e-16 6.76695e-05 0.000657772 0.00437113 0.0198705 0.0618246 0.131725 0.192259 0.192275 0.131801 0.0620817 0.0206128 0.00623347 0.00472055 0.00777555 0.0127262 0.0182757 0.0228753 0.0249947 0.0239268 0.0202082 0.0152648 0.0105746 0.00699807 0.00465467 0.0032257
 1.00121e-16 8.05784e-05 0.000783251 0.00520498 0.0236611 0.0736184 0.156852 0.22893 0.228932 0.15686 0.0736476 0.0237457 0.00541736 0.00124693 0.000961291 0.0014619 0.00209849 0.00263923 0.0029077 0.00282332 0.00244371 0.00192375 0.00142204 0.001028 0.000751513 0.000558984
 1.0062e-16 2.97925e-05 0.000289594 0.00192446 0.00874834 0.0272196 0.0579966 0.0846603 0.0847206 0.0582911 0.0282081 0.0116017 0.00908051 0.0158903 0.0295963 0.0487189 0.0697964 0.0869657 0.0942737 0.0889774 0.0732253 0.0527082 0.0334035 0.0189012 0.00982753 0.00494472
 1.01868e-16 7.39014e-05 0.000718348 0.00477368 0.0217004 0.0675182 0.143855 0.209961 0.209965 0.143875 0.0675854 0.0218958 0.00526812 0.00181092 0.00218738 0.00359914 0.00540891 0.00728052 0.00890532 0.0101082 0.0108926 0.0113352 0.0114353 0.0110769 0.0101373 0.00863291
 1.02362e-16 5.17905e-05 0.000503422 0.00334542 0.0152078 0.0473173 0.100816 0.14715 0.147183 0.100975 0.047853 0.0167545 0.00722531 0.00896518 0.0160987 0.0264716 0.0379879 0.0474814 0.0517701 0.0494069 0.0415664 0.0312933 0.0217285 0.0146737 0.0103134 0.00785961
 1.01717e-16 7.10859e-05 0.00069098 0.00459181 0.0208737 0.0649459 0.138374 0.201963 0.201972 0.138418 0.0650931 0.0212994 0.0056625 0.00303499 0.00454226 0.00744726 0.010838 0.0138707 0.0157261 0.0160095 0.0149531 0.0132031 0.0113792 0.00976775 0.00833417 0.00693705
 1.02091e-16 5.52647e-05 0.000537193 0.00356984 0.016228 0.0504914 0.107578 0.15702 0.157048 0.107715 0.0509514 0.0175563 0.00690296 0.0078097 0.0138562 0.0227914 0.0327606 0.0410601 0.0449734 0.0432517 0.0368622 0.0283439 0.0203068 0.0142346 0.0102786 0.00781744
 1.01444e-16 7.20319e-05 0.000700176 0.00465292 0.0211515 0.0658102 0.140216 0.204651 0.20466 0.140258 0.0659519 0.0215614 0.00568324 0.00295416 0.00436666 0.00714109 0.0103637 0.0132057 0.0148672 0.014968 0.0137488 0.0118676 0.00996572 0.00835647 0.00702065 0.00580676
 1.03814e-16 2.62633e-05 0.000255289 0.00169649 0.00771202 0.0239953 0.0511266 0.0746331 0.0746918 0.0514134 0.024958 0.010492 0.00867204 0.0154741 0.0289037 0.0476742 0.0685152 0.0858269 0.0939156 0.0901566 0.0765729 0.0584929 0.0414107 0.0284755 0.0200486 0.0148607
 1.04898e-16 6.58968e-05 0.00064054 0.00425662 0.01935 0.0602049 0.128273 0.18722 0.187227 0.128308 0.060322 0.01969 0.00511819 0.00254762 0.00376463 0.00631959 0.00956297 0.012995 0.0161203 0.0186605 0.020618 0.0220784 0.0229505 0.0229173 0.0216575 0.0191313
 1.04151e-16 5.71747e-05 0.000555759 0.00369321 0.0167888 0.0522364 0.111296 0.162445 0.162469 0.111416 0.0526373 0.0179466 0.00659875 0.00689625 0.0120926 0.019886 0.02861 0.0359241 0.0394969 0.0382877 0.0331864 0.0264287 0.0202603 0.0158761 0.01325 0.0116646
 1.06713e-16 3.9962e-05 0.000388445 0.00258135 0.0117345 0.0365105 0.0777908 0.113546 0.113582 0.0779686 0.0371077 0.0134605 0.00691868 0.00987228 0.0180966 0.0299713 0.0434438 0.0551991 0.0618604 0.0618374 0.0562098 0.0478692 0.0396603 0.0330117 0.0278612 0.0234784
 1.05543e-16 6.3239e-05 0.000614706 0.00408494 0.0185695 0.0577768 0.1231 0.17967 0.179682 0.123158 0.0579737 0.0191396 0.00552099 0.00376677 0.00610009 0.0101172 0.0148798 0.0193684 0.0225773 0.0240339 0.0240254 0.0232844 0.0224053 0.0214894 0.0202447 0.0183524
 1.03424e-16 6.2495e-05 0.000607473 0.00403688 0.0183511 0.0570971 0.121652 0.177559 0.177577 0.121743 0.0574024 0.0192331 0.00625122 0.0054421 0.0092466 0.0151943 0.0219 0.0275835 0.0304809 0.0297954 0.0261754 0.0212698 0.0167275 0.0134143 0.0113055 0.00989213
 1.06265e-16 3.30167e-05 0.000320934 0.00213272 0.00969506 0.0301652 0.0642718 0.0938161 0.0938618 0.064495 0.0309147 0.0118606 0.00757108 0.0122015 0.0226213 0.0374103 0.0540388 0.068269 0.0757845 0.0745719 0.0660792 0.0541514 0.042649 0.0336323 0.0271638 0.0222892
 1.13377e-16 3.95912e-05 0.000384841 0.0025574 0.0116256 0.0361716 0.0770684 0.112488 0.112511 0.0771787 0.036543 0.0127024 0.005276 0.00637124 0.0115607 0.0194468 0.02894 0.0383426 0.0459007 0.0507468 0.0532448 0.0543746 0.0547219 0.0539916 0.0513914 0.0464202
 1.03814e-16 7.35505e-05 0.000714937 0.00475101 0.0215974 0.0671975 0.143172 0.208964 0.20897 0.143199 0.0672879 0.021859 0.00540931 0.0021575 0.0028297 0.004606 0.00673533 0.00870421 0.0100511 0.0105878 0.0105068 0.0102251 0.0100837 0.0101426 0.0102006 0.00997472
pSPR Fmed_Fpbrs
0.433465   0.6 0.325
Fs Fmed_Fpbrs
0.514583   0.295219 0.730006
SSBpbr Bo_Bmed_Bpbrs
1.30309e+06  499688  716697 358349
Ro
114868
SPR SPRFo_SPRFmed_SPRFpbrs
819883 355390 266462
Fref
0.295219
Nvult_r0
 151096 9082.05 3485.61 3320 842.514
CTP_r0
 34113.2 2660.24 1020.98 972.466 246.782
YTP_r0
391291
Np
 145530 43491.6 15680.7 798.807 390.527
Nvult_p0
 102039 31581.9 11386.7 580.064 283.586
CTP_p0
 17556.9 9477.79 482.818 185.302 219.405
 17556.9 7198.47 2595.38 132.214 64.6378
YTP_p0
 304051 310402
CBA_c0
305956
log_Ro
11.4715
likeval ReclasPelacesDesembMPH_pf_preclas_ppelaces_ptallas_desvR_qrecl_qpela
 24.462 33.5755 0.0333495 63.688 252.491 116.986 104.26 0 25.8208 1.87283e-05 4.93193e-05 0.107255 8.21365e-16 0 0
q_reclas_q_pelaces
1.84641 2.71591
M
1
N
 161544 31623.1 60791.3 4613.55 0.185111
 89469.9 48729.3 8775.07 16868.9 1280.26
 86814.6 22835.6 10664.8 1920.49 3972.09
 128717 22270.5 5033.87 2350.94 1298.96
 102030 28167.1 3917.04 885.381 641.962
 197413 31668.7 8139.64 1131.93 441.366
 72125.5 54641.9 7777.09 1998.91 386.366
 27738.2 13252.5 7497.82 1067.15 327.301
 27037.1 8953.4 4048.75 2290.65 426.018
 36946.7 5667.33 1481.39 669.887 449.487
 92883.1 5328.18 551.237 144.088 108.877
 76543.5 29751.6 1610.14 166.58 76.4444
 69738.1 14448.5 4241.78 229.563 34.6487
 88099.7 10695.5 1533.72 450.27 28.0464
 49918 11100.6 858.753 123.145 38.4047
 412583 7422.8 1127.74 87.2431 16.4122
 63403.8 98787.2 1483.6 225.401 20.7176
 416771 17798.4 24750.1 371.699 61.6625
 193894 107983 3979.32 5533.55 96.8898
 357641 36712.7 15463 569.832 806.27
 204837 83859 7122.86 3000.07 266.986
 508230 50114.7 17282.4 1467.95 673.304
 67221.5 116118 9371.41 3231.8 400.412
 232031 18601.2 28505 2300.52 891.644
 203470 66402.3 4789.7 7339.88 821.963
 85592.9 58304.6 17129.8 1235.6 2105.51
 178655 25707.4 16079.7 4724.19 921.437
 224985 50433.1 6492.21 4060.81 1425.76
 64757.8 66973.1 13733.7 1767.93 1494.08
 44702.3 19588.2 18657.5 3825.96 908.734
 208358 11999.1 4605.16 4386.36 1113.12
pred_Ctot
 18684.3 5025.51 9660.87 733.18 0.0294175
 17838.8 13011.1 2343.01 4504.12 341.839
 17103.1 6029.11 2815.74 507.053 1048.72
 34375.1 7792.91 1761.46 822.644 454.533
 10220.3 3894.63 541.604 122.42 88.7632
 31621.5 6876.53 1767.44 245.788 95.8383
 24123.7 23408.1 3331.64 856.315 165.516
 2172.5 1441.96 815.813 116.113 35.6126
 7693.03 3318.71 1500.73 849.064 157.91
 15290.6 2920.64 763.427 345.223 231.641
 7677.95 611.097 63.2222 16.5257 12.4872
 24851.5 12413.8 671.828 69.5052 31.8962
 27552 7156.66 2101.05 113.708 17.1623
 39827.9 5936.49 851.288 249.921 15.5671
 20197.7 5611.77 434.132 62.2542 19.415
 94276.6 2250.46 341.91 26.4505 4.97589
 9707.29 20547.4 308.584 46.8828 4.3092
 80151.9 4594.06 6388.4 95.9417 15.9161
 62732.4 44915.8 1655.21 2301.69 40.3015
 85018.3 11545.2 4862.71 179.198 253.551
 44826.3 24424.7 2074.6 873.798 77.7622
 126512 16442.9 5670.45 481.64 220.915
 10776.6 25234.2 2036.55 702.319 87.0155
 33246.2 3631.71 5565.33 449.154 174.085
 29018.3 12906.7 930.98 1426.66 159.766
 10098 9444.71 2774.84 200.153 341.069
 26845.3 5252.46 3285.36 965.233 188.265
 27611.5 8486.35 1092.44 683.31 239.912
 7393.8 10511.3 2155.48 277.472 234.492
 7837.42 4633.82 4413.65 905.077 214.972
 34113.2 2660.24 1020.98 972.466 246.782
F
 0.198495 0.281974 0.281974 0.281974 0.281974
 0.365583 0.519333 0.519333 0.519333 0.519333
 0.360512 0.51213 0.51213 0.51213 0.51213
 0.51946 0.737926 0.737926 0.737926 0.737926
 0.169939 0.24141 0.24141 0.24141 0.24141
 0.284496 0.404144 0.404144 0.404144 0.404144
 0.694223 0.986188 0.986188 0.986188 0.986188
 0.130777 0.185777 0.185777 0.185777 0.185777
 0.562491 0.799054 0.799054 0.799054 0.799054
 0.936466 1.33031 1.33031 1.33031 1.33031
 0.138457 0.196687 0.196687 0.196687 0.196687
 0.667272 0.947902 0.947902 0.947902 0.947902
 0.874928 1.24289 1.24289 1.24289 1.24289
 1.07147 1.52209 1.52209 1.52209 1.52209
 0.905826 1.28678 1.28678 1.28678 1.28678
 0.429469 0.610088 0.610088 0.610088 0.610088
 0.270413 0.384139 0.384139 0.384139 0.384139
 0.350564 0.497999 0.497999 0.497999 0.497999
 0.664191 0.943525 0.943525 0.943525 0.943525
 0.450394 0.639813 0.639813 0.639813 0.639813
 0.407899 0.579446 0.579446 0.579446 0.579446
 0.476326 0.676651 0.676651 0.676651 0.676651
 0.284768 0.40453 0.40453 0.40453 0.40453
 0.251138 0.356757 0.356757 0.356757 0.356757
 0.249839 0.354913 0.354913 0.354913 0.354913
 0.202823 0.288122 0.288122 0.288122 0.288122
 0.264808 0.376177 0.376177 0.376177 0.376177
 0.211743 0.300795 0.300795 0.300795 0.300795
 0.195728 0.278044 0.278044 0.278044 0.278044
 0.31519 0.447747 0.447747 0.447747 0.447747
 0.29161 0.41425 0.41425 0.41425 0.41425
YTP_r0W_actual
 283140 37509.3 28178.9 33258.3 9204.97
YTP_p0W_proyectada
 131501 148517 11167.6 5442.31 7422.48
 131501 112800 60031 3883.12 2186.7
CTP_r0_actual
 34113.2 2660.24 1020.98 972.466 246.782
CTP_p0_proyectada
 17556.9 9477.79 482.818 185.302 219.405
 17556.9 7198.47 2595.38 132.214 64.6378
Wmedp
 7.49 15.67 23.13 29.37 33.83
Frms_r0
 0.29161 0.41425 0.41425 0.41425 0.41425
Zrms_r0
 1.29161 1.41425 1.41425 1.41425 1.41425
nmprior
 8.19 8.8 8.5 0
nm_flota  nm_reclas  nm_pelaces    nm_pelaL
inf 21.2817 11.4064 23.6753
cv_recla  cv_pelaces  cv_mph
0.223687 0.547523 0.69113
 ------------------------------------------------
Talla a la edad & desviaci?n 
 8 13.2811 15.8009 17.003 17.5766
 0.8 1.32811 1.58009 1.7003 1.75766
