years
 1991 1992 1993 1994 1995 1996 1997 1998 1999 2000 2001 2002 2003 2004 2005 2006 2007 2008 2009 2010 2011 2012 2013 2014 2015 2016 2017 2018 2019 2020 2021
reclasobs
 0 0 0 0 0 0 0 0 0 252601 567819 844713 477998 351125 339783 2.1784e+06 2.13404e+06 4.81314e+06 1.55562e+06 2.62356e+06 3.21686e+06 3.843e+06 1.13348e+06 3.07943e+06 1.97215e+06 2.03268e+06 2.025e+06 2.42433e+06 2.27542e+06 1.05018e+06 2.36338e+06
reclaspred
 3.3339e+06 1.79245e+06 908801 974101 1.0388e+06 1.97933e+06 1.07076e+06 902281 616956 397256 663520 497198 286136 793315 633819 1.51269e+06 1.26417e+06 3.46289e+06 3.33266e+06 2.39945e+06 3.37544e+06 2.24228e+06 1.5257e+06 2.69555e+06 1.87556e+06 1.71284e+06 2.16454e+06 2.5948e+06 2.1468e+06 1.29401e+06 1.94249e+06
pelacesobs
 0 0 0 0 0 0 0 0 0 0 0 0 0 0 0 552880 188675 0 991730 2.46772e+06 1.41603e+06 1.21717e+06 2.29649e+06 1.80582e+06 0 1.4828e+06 1.56532e+06 1.57751e+06 1.42118e+06 867257 1.10002e+06
pelacespred
 2.03398e+06 1.16391e+06 558995 452151 562959 1.06171e+06 538691 604381 369135 204789 365395 217658 110082 411608 346533 653588 629752 1.81904e+06 1.9017e+06 1.32257e+06 1.73628e+06 1.19243e+06 863433 1.58057e+06 1.12437e+06 1.04024e+06 1.40664e+06 1.66593e+06 1.2945e+06 859329 1.14204e+06
mphobs
 0 0 0 0 0 0 0 0 0 0 0 498337 6000 5186 125008 0 168611 109162 213762 579715 649985 157893 87575 83554 210694 70296 0 107559 103333 445601 0
mphpred
 391172 267051 123868 70405.5 81666.2 106721 159079 78585.2 70868.1 40983.7 24459.6 63602.2 24136.8 12130.1 45945.8 43673 133733 107400 283690 245397 248389 223885 171942 122431 214160 159510 137249 158621 261232 171795 95204.1
desembarqueobs
 494567 514787 250237 358949 120608 361735 552515 73892 212993 205616 52469 317467 293654 387597 252695 516296 358380 742168 942051 627588 828172 859565 418607 520667 417249 300574 415391 372974 316634 284311 391294
desembarquepred
 494565 514054 250564 358984 120613 361734 552508 73897.9 213060 205666 52469.3 317917 293811 387349 252658 516195 358430 741954 941497 627278 828408 859582 418573 520687 417260 300536 415374 372917 316531 284302 391296
Reclutas
 160548 86716.3 87289.6 127151 103930 202614 74597.2 30553.8 30497.8 42629.8 89996.7 47574 63260.5 128376 58180.5 303389 59391.6 511059 391527 241992 243663 351474 70997.3 218100 158593 87114.6 177684 218331 77755.4 48318.1 182438
log_desv_Rt
 0.330917 -0.285035 -0.278446 0.0976999 -0.103963 0.563626 -0.435574 -1.32819 -1.33002 -0.995124 -0.247905 -0.88539 -0.600416 0.107289 -0.684126 0.967339 -0.663525 1.48881 1.22238 0.741226 0.748109 1.11446 -0.485035 0.637275 0.318662 -0.280453 0.432327 0.638336 -0.394109 -0.86987 0.458734
SSB
 1.35291e+06 923620 428409 243504 282450 369105 550188 271794 245104 141746 84595.6 219974 83479.5 41953.2 158908 151047 462527 371453 981167 848727 859077 774327 594679 423439 740693 551680 474688 548605 903496 594168 329272
BT
 2.0513e+06 1.43558e+06 688294 718675 604876 1.35463e+06 947009 612139 542208 388722 417426 459569 381588 868267 604499 1.11244e+06 837400 2.56936e+06 2.71772e+06 1.7413e+06 2.28943e+06 1.9137e+06 1.12386e+06 2.10519e+06 1.37963e+06 1.20964e+06 1.82396e+06 2.03322e+06 1.34359e+06 984623 1.53028e+06
Ftot
 0.302971 0.558961 0.551248 0.805821 0.256655 0.425851 0.983142 0.176958 0.726674 1.07248 0.200061 1.2172 2.02902 1.21369 0.906549 0.843544 0.578516 0.531186 0.624725 0.562834 0.528104 0.828821 0.559347 0.465654 0.471172 0.376974 0.44966 0.3457 0.295229 0.442171 0.487482
BD_Bspro_t
 0.952979 0.703901 0.462443 0.364866 0.374435 0.489134 0.51293 0.309629 0.362019 0.288105 0.245162 0.517963 0.210509 0.113585 0.283064 0.266945 0.411697 0.351624 0.520797 0.448276 0.401057 0.378543 0.350806 0.313071 0.4705 0.455471 0.473247 0.538442 0.635241 0.539841 0.43752
BD_Bspro
 1.64371 1.12215 0.520493 0.295844 0.343161 0.448442 0.668449 0.330215 0.297788 0.172213 0.102779 0.267257 0.101423 0.0509709 0.193064 0.183514 0.561945 0.451295 1.19206 1.03116 1.04373 0.940765 0.722502 0.514456 0.899901 0.670261 0.57672 0.666525 1.0977 0.721882 0.400048
BD_Bo
 1.06729 0.728634 0.337968 0.192098 0.222822 0.291183 0.434038 0.214416 0.19336 0.111822 0.0667367 0.173535 0.0658561 0.0330965 0.125361 0.11916 0.364883 0.293035 0.774033 0.669552 0.677717 0.610859 0.469136 0.334047 0.584325 0.435215 0.374477 0.432789 0.712759 0.468734 0.25976
BD_Brms
 1.94053 1.32479 0.614487 0.349269 0.405131 0.529423 0.78916 0.389847 0.351564 0.203313 0.121339 0.315519 0.119738 0.0601754 0.227929 0.216654 0.663424 0.532792 1.40733 1.21737 1.23221 1.11065 0.852975 0.607358 1.06241 0.7913 0.680867 0.786889 1.29593 0.852243 0.47229
Sel_flota
 0.626737 0.969607 0.998353 0.999913 0.999995
 0.626737 0.969607 0.998353 0.999913 0.999995
 0.626737 0.969607 0.998353 0.999913 0.999995
 0.626737 0.969607 0.998353 0.999913 0.999995
 0.626737 0.969607 0.998353 0.999913 0.999995
 0.626737 0.969607 0.998353 0.999913 0.999995
 0.626737 0.969607 0.998353 0.999913 0.999995
 0.626737 0.969607 0.998353 0.999913 0.999995
 0.626737 0.969607 0.998353 0.999913 0.999995
 0.626737 0.969607 0.998353 0.999913 0.999995
 0.626737 0.969607 0.998353 0.999913 0.999995
 0.626737 0.969607 0.998353 0.999913 0.999995
 0.626737 0.969607 0.998353 0.999913 0.999995
 0.626737 0.969607 0.998353 0.999913 0.999995
 0.626737 0.969607 0.998353 0.999913 0.999995
 0.626737 0.969607 0.998353 0.999913 0.999995
 0.626737 0.969607 0.998353 0.999913 0.999995
 0.626737 0.969607 0.998353 0.999913 0.999995
 0.626737 0.969607 0.998353 0.999913 0.999995
 0.626737 0.969607 0.998353 0.999913 0.999995
 0.626737 0.969607 0.998353 0.999913 0.999995
 0.626737 0.969607 0.998353 0.999913 0.999995
 0.626737 0.969607 0.998353 0.999913 0.999995
 0.626737 0.969607 0.998353 0.999913 0.999995
 0.626737 0.969607 0.998353 0.999913 0.999995
 0.626737 0.969607 0.998353 0.999913 0.999995
 0.626737 0.969607 0.998353 0.999913 0.999995
 0.626737 0.969607 0.998353 0.999913 0.999995
 0.626737 0.969607 0.998353 0.999913 0.999995
 0.626737 0.969607 0.998353 0.999913 0.999995
 0.626737 0.969607 0.998353 0.999913 0.999995
Sel_reclas
 0.918632 0.982704 0.996515 0.999306 0.999862
 0.918632 0.982704 0.996515 0.999306 0.999862
 0.918632 0.982704 0.996515 0.999306 0.999862
 0.918632 0.982704 0.996515 0.999306 0.999862
 0.918632 0.982704 0.996515 0.999306 0.999862
 0.918632 0.982704 0.996515 0.999306 0.999862
 0.918632 0.982704 0.996515 0.999306 0.999862
 0.918632 0.982704 0.996515 0.999306 0.999862
 0.918632 0.982704 0.996515 0.999306 0.999862
 0.918632 0.982704 0.996515 0.999306 0.999862
 0.918632 0.982704 0.996515 0.999306 0.999862
 0.918632 0.982704 0.996515 0.999306 0.999862
 0.918632 0.982704 0.996515 0.999306 0.999862
 0.918632 0.982704 0.996515 0.999306 0.999862
 0.918632 0.982704 0.996515 0.999306 0.999862
 0.918632 0.982704 0.996515 0.999306 0.999862
 0.918632 0.982704 0.996515 0.999306 0.999862
 0.918632 0.982704 0.996515 0.999306 0.999862
 0.918632 0.982704 0.996515 0.999306 0.999862
 0.918632 0.982704 0.996515 0.999306 0.999862
 0.918632 0.982704 0.996515 0.999306 0.999862
 0.918632 0.982704 0.996515 0.999306 0.999862
 0.918632 0.982704 0.996515 0.999306 0.999862
 0.918632 0.982704 0.996515 0.999306 0.999862
 0.918632 0.982704 0.996515 0.999306 0.999862
 0.918632 0.982704 0.996515 0.999306 0.999862
 0.918632 0.982704 0.996515 0.999306 0.999862
 0.918632 0.982704 0.996515 0.999306 0.999862
 0.918632 0.982704 0.996515 0.999306 0.999862
 0.918632 0.982704 0.996515 0.999306 0.999862
 0.918632 0.982704 0.996515 0.999306 0.999862
Sel_pelaces
 0.641929 0.900222 0.978451 0.995643 0.999131
 0.641929 0.900222 0.978451 0.995643 0.999131
 0.641929 0.900222 0.978451 0.995643 0.999131
 0.641929 0.900222 0.978451 0.995643 0.999131
 0.641929 0.900222 0.978451 0.995643 0.999131
 0.641929 0.900222 0.978451 0.995643 0.999131
 0.641929 0.900222 0.978451 0.995643 0.999131
 0.641929 0.900222 0.978451 0.995643 0.999131
 0.641929 0.900222 0.978451 0.995643 0.999131
 0.641929 0.900222 0.978451 0.995643 0.999131
 0.641929 0.900222 0.978451 0.995643 0.999131
 0.641929 0.900222 0.978451 0.995643 0.999131
 0.641929 0.900222 0.978451 0.995643 0.999131
 0.641929 0.900222 0.978451 0.995643 0.999131
 0.641929 0.900222 0.978451 0.995643 0.999131
 0.641929 0.900222 0.978451 0.995643 0.999131
 0.641929 0.900222 0.978451 0.995643 0.999131
 0.641929 0.900222 0.978451 0.995643 0.999131
 0.641929 0.900222 0.978451 0.995643 0.999131
 0.641929 0.900222 0.978451 0.995643 0.999131
 0.641929 0.900222 0.978451 0.995643 0.999131
 0.641929 0.900222 0.978451 0.995643 0.999131
 0.641929 0.900222 0.978451 0.995643 0.999131
 0.641929 0.900222 0.978451 0.995643 0.999131
 0.641929 0.900222 0.978451 0.995643 0.999131
 0.641929 0.900222 0.978451 0.995643 0.999131
 0.641929 0.900222 0.978451 0.995643 0.999131
 0.641929 0.900222 0.978451 0.995643 0.999131
 0.641929 0.900222 0.978451 0.995643 0.999131
 0.641929 0.900222 0.978451 0.995643 0.999131
 0.641929 0.900222 0.978451 0.995643 0.999131
pf_obs 
 0.8446 0.082 0.0669 0.0065 0
 0.8095 0.147 0.0364 0.0071 0
 0.9664 0.0169 0.016 0.0007 0
 0.9276 0.0648 0.0075 0.0001 0
 0.7033 0.2144 0.0806 0.0017 0
 0.9318 0.0425 0.0243 0.0014 0
 0.5671 0.3108 0.0964 0.0239 0.0018
 0.0768 0.2599 0.5324 0.112 0.0189
 0.490249 0.384438 0.106611 0.0170017 0.00170017
 0.7925 0.1577 0.0466 0.003 0.0002
 0.840416 0.127587 0.0312969 0.00059994 9.999e-05
 0.8084 0.0986 0.0794 0.0134 0.0002
 0.7335 0.1905 0.0724 0.0035 0.0001
 0.4001 0.4547 0.1325 0.0127 0
 0.49795 0.308269 0.164784 0.0264974 0.00249975
 0.9179 0.0499 0.0305 0.0017 0
 0.2467 0.6533 0.0926 0.0074 0
 0.9418 0.0223 0.034 0.0019 0
 0.707729 0.231977 0.0356964 0.0245975 0
 0.517169 0.277429 0.184464 0.0207286 0.00020938
 0.811772 0.124168 0.05621 0.00726502 0.000585176
 0.764997 0.148141 0.077277 0.00933861 0.000247198
 0.163321 0.427699 0.378323 0.0303852 0.000271297
 0.753843 0.0900009 0.118128 0.0371064 0.000921714
 0.721811 0.176058 0.0630433 0.0369309 0.00215725
 0.143369 0.312575 0.442814 0.0836902 0.0175525
 0.692698 0.0596174 0.167031 0.0765114 0.00414204
 0.394062 0.376323 0.152708 0.0712218 0.00568511
 0.125707 0.32114 0.495352 0.0537591 0.00404204
 0.23352 0.215282 0.420074 0.123614 0.00750983
 0.796117 0.104755 0.0508955 0.0450114 0.00322123
pf_pred 
 0.533169 0.152047 0.29254 0.0222432 9.40489e-07
 0.446309 0.361386 0.0640514 0.119205 0.00904798
 0.610894 0.226287 0.107714 0.018379 0.0367258
 0.745291 0.186155 0.0405116 0.0185649 0.00947748
 0.674772 0.273689 0.038105 0.00794598 0.00548741
 0.765998 0.179815 0.0458351 0.00617835 0.00217424
 0.446314 0.468149 0.0662725 0.0163004 0.00296468
 0.451556 0.33057 0.185525 0.0250763 0.0072713
 0.549332 0.255425 0.119142 0.0648187 0.0112825
 0.752079 0.170519 0.0446726 0.0199901 0.0127398
 0.864576 0.115747 0.0137393 0.00343027 0.00250658
 0.525433 0.432023 0.0365313 0.00420092 0.0018121
 0.810373 0.130962 0.0536503 0.00430682 0.000706884
 0.930739 0.0633774 0.00415068 0.00158509 0.000147564
 0.647756 0.339605 0.0116156 0.00072253 0.000300772
 0.932872 0.0518804 0.0147238 0.000481427 4.2308e-05
 0.377258 0.599226 0.0183526 0.00498619 0.000176945
 0.922243 0.0395716 0.036796 0.00108453 0.000304482
 0.66008 0.324063 0.00821905 0.00736113 0.00027731
 0.571354 0.330307 0.0939237 0.00229038 0.00212409
 0.652606 0.241756 0.0821084 0.0224756 0.00105415
 0.749292 0.191275 0.041835 0.0136848 0.00391373
 0.351842 0.547872 0.0773011 0.0161903 0.00679468
 0.796976 0.0977278 0.0895268 0.012161 0.00360852
 0.612963 0.33651 0.0247824 0.0218956 0.00384918
 0.49767 0.364717 0.120222 0.00853858 0.00885278
 0.749347 0.155458 0.0697694 0.0222173 0.00320785
 0.714403 0.238172 0.0298176 0.0129111 0.00469592
 0.393836 0.486694 0.100197 0.0121261 0.00714716
 0.416471 0.298777 0.230117 0.0458346 0.00880054
 0.836074 0.0895263 0.0387656 0.0288079 0.00682645
pobs_RECLAS
 0 0 0 0 0
 0 0 0 0 0
 0 0 0 0 0
 0 0 0 0 0
 0 0 0 0 0
 0 0 0 0 0
 0 0 0 0 0
 0 0 0 0 0
 0 0 0 0 0
 0 0 0 0 0
 0.991045 0.00858322 0.000360255 1.14367e-05 0
 0.934742 0.0480273 0.0164251 0.00080598 0
 0.827803 0.169806 0.00239088 0 0
 0.941827 0.0461693 0.0120037 0 0
 0.791401 0.0380133 0.147996 0.0225897 0
 0.846168 0.0940531 0.0597789 0 0
 0.134021 0.677848 0.182769 0.00536245 0
 0.80878 0.0450904 0.141981 0.00414843 0
 0.846168 0.0940531 0.0597789 0 0
 0.905697 0.0802665 0.012482 0.00150086 5.37128e-05
 0.989698 0.0102097 9.19794e-05 0 0
 0.975433 0.0193895 0.00387452 0.00125025 5.28907e-05
 0.303575 0.632131 0.0575291 0.00676475 0
 0.966965 0.00978017 0.0227588 0.000495775 0
 0.843318 0.132988 0.00938335 0.0141283 0.000182051
 0.564624 0.303363 0.111486 0.0197234 0.00080311
 0.826376 0.0876187 0.0782897 0.00655872 0.00115652
 0.89761 0.0855135 0.0140674 0.00269457 0.000114338
 0.34875 0.467042 0.161289 0.0227151 0.000203297
 0.318654 0.224769 0.449479 0.00709798 0
 0.937255 0.0296025 0.0250945 0.00804832 0
ppred_RECLAS
 0.627877 0.122519 0.231946 0.0176569 7.46921e-07
 0.545218 0.298525 0.0520047 0.0968943 0.00735797
 0.700339 0.175489 0.0821071 0.0140256 0.0280397
 0.815122 0.135772 0.0290041 0.0133055 0.00679568
 0.752107 0.209124 0.0286533 0.00598217 0.00413317
 0.828412 0.132354 0.0331799 0.00447767 0.00157649
 0.550818 0.380918 0.0528763 0.0130185 0.00236886
 0.546455 0.275057 0.151958 0.0205641 0.00596572
 0.647036 0.201578 0.092338 0.0502903 0.00875776
 0.823264 0.122304 0.0314004 0.0140646 0.0089676
 0.903041 0.0830558 0.00970402 0.00242571 0.00177336
 0.631136 0.336424 0.0278507 0.00320561 0.00138339
 0.877255 0.0855018 0.0340588 0.00273556 0.000449188
 0.954043 0.0421274 0.00270117 0.00103248 9.61629e-05
 0.73524 0.255433 0.008571 0.000533689 0.000222266
 0.954496 0.0353168 0.00983666 0.000321967 2.83077e-05
 0.472956 0.507467 0.0152749 0.00415467 0.000147506
 0.946416 0.0274985 0.0251355 0.000741688 0.000208326
 0.742533 0.24565 0.00612174 0.00548882 0.000206873
 0.664357 0.259658 0.0725698 0.00177165 0.00164379
 0.736006 0.184656 0.0616512 0.0168949 0.000792781
 0.818428 0.139127 0.0298662 0.00977993 0.00279826
 0.445948 0.469549 0.0651167 0.0136537 0.00573282
 0.853552 0.0711028 0.0640489 0.00871018 0.00258577
 0.700314 0.261111 0.0189082 0.0167249 0.00294156
 0.593315 0.296586 0.0961677 0.00683816 0.00709313
 0.815662 0.115041 0.050772 0.0161864 0.00233818
 0.785952 0.178972 0.022043 0.00955589 0.00347723
 0.487755 0.41257 0.0835764 0.0101267 0.00597149
 0.514064 0.25081 0.189968 0.0378814 0.0072769
 0.883333 0.0641885 0.0273276 0.0203312 0.00482004
pobs_PELACES
 0 0 0 0 0
 0 0 0 0 0
 0 0 0 0 0
 0 0 0 0 0
 0 0 0 0 0
 0 0 0 0 0
 0 0 0 0 0
 0 0 0 0 0
 0 0 0 0 0
 0 0 0 0 0
 0 0 0 0 0
 0 0 0 0 0
 0 0 0 0 0
 0 0 0 0 0
 0 0 0 0 0
 0 0 0 0 0
 0.505614 0.472636 0.0217494 0 0
 0 0 0 0 0
 0.443492 0.261883 0.143347 0.151278 0
 0.227955 0.32914 0.350689 0.0885471 0.00366901
 0.970185 0.0296113 0.000203453 0 0
 0.997202 0.00247181 0.000326279 0 0
 0.445219 0.490057 0.0546422 0.010081 0
 0.90214 0.0892962 0.00764917 0.000914606 0
 0 0 0 0 0
 0.581667 0.319106 0.0959925 0.00289975 0.000334073
 0.762889 0.0836404 0.116647 0.0363945 0.000428098
 0.88444 0.0763242 0.0277011 0.0115352 0
 0.521256 0.241999 0.230069 0.00667565 0
 0.616807 0.101726 0.260614 0.0208532 0
 0.833518 0.0704572 0.0857862 0.0102388 0
ppred_PELACES
 0.559927 0.138406 0.280038 0.0216285 9.17617e-07
 0.486978 0.32812 0.0609427 0.115187 0.00877269
 0.648186 0.200048 0.0997982 0.0172938 0.0346748
 0.783396 0.156154 0.0354822 0.0165102 0.00845711
 0.701977 0.248551 0.0364131 0.00771321 0.00534484
 0.791826 0.158044 0.0422949 0.00579056 0.00204471
 0.508645 0.412581 0.0608158 0.0151861 0.00277135
 0.476895 0.308445 0.182338 0.0250365 0.00728455
 0.595724 0.224095 0.109271 0.0603665 0.0105432
 0.797144 0.137505 0.0374562 0.0170148 0.0108803
 0.8779 0.10348 0.0129343 0.00328047 0.0024053
 0.598365 0.364334 0.0319568 0.00373005 0.00161441
 0.870982 0.0884577 0.0370476 0.00301629 0.000496716
 0.947562 0.047813 0.00324834 0.00125913 0.000117614
 0.700768 0.288042 0.0102708 0.000648648 0.000270931
 0.94552 0.0416878 0.012346 0.000409877 3.61422e-05
 0.421617 0.555467 0.0178228 0.00491761 0.000175104
 0.932685 0.0334534 0.0326106 0.000976168 0.000274991
 0.701778 0.283585 0.00753002 0.00684874 0.000258884
 0.613176 0.294788 0.0878363 0.0021753 0.00202422
 0.688586 0.213339 0.075963 0.0211179 0.000993841
 0.788009 0.159888 0.0365005 0.0121232 0.00347888
 0.392905 0.509073 0.075269 0.0160103 0.00674198
 0.818992 0.0848468 0.0815588 0.0112521 0.00335017
 0.650613 0.301497 0.0232968 0.0209052 0.00368757
 0.532648 0.334474 0.115829 0.00835589 0.00869289
 0.77571 0.13631 0.0642059 0.0207659 0.0030085
 0.742107 0.213034 0.0280311 0.0123286 0.00449933
 0.425521 0.456342 0.0988072 0.0121466 0.00718365
 0.450674 0.274185 0.221659 0.0448419 0.00863924
 0.855177 0.0770931 0.0350171 0.0264292 0.00628408
pobs_pel_tallas
 0 0 0 0 0 0 0 0 0 0 0 0 0 0 0 0 0 0 0 0 0 0 0 0 0 0
 0 0 0 0 0 0 0 0 0 0 0 0 0 0 0 0 0 0 0 0 0 0 0 0 0 0
 0 0 0 0 0 0 0 0 0 0 0 0 0 0 0 0 0 0 0 0 0 0 0 0 0 0
 0 0 0 0 0 0 0 0 0 0 0 0 0 0 0 0 0 0 0 0 0 0 0 0 0 0
 0 0 0 0 0 0 0 0 0 0 0 0 0 0 0 0 0 0 0 0 0 0 0 0 0 0
 0 0 0 0 0 0 0 0 0 0 0 0 0 0 0 0 0 0 0 0 0 0 0 0 0 0
 0 0 0 0 0 0 0 0 0 0 0 0 0 0 0 0 0 0 0 0 0 0 0 0 0 0
 0 0 0 0 0 0 0 0 0 0 0 0 0 0 0 0 0 0 0 0 0 0 0 0 0 0
 0 0 0 0 0 0 0 0 0 0 0 0 0 0 0 0 0 0 0 0 0 0 0 0 0 0
 0 0 0 0 0 0 0 0 0 0 0 0 0 0 0 0 0 0 0 0 0 0 0 0 0 0
 0 0 0 0 0 0 0 0 0 0 0 0 0 0 0 0 0 0 0 0 0 0 0 0 0 0
 0 0 0 0 0 0 0 0 0 0 0 0 0 0 0 0 0 0 0 0 0 0 0 0 0 0
 0.00862536 0 0 0.000197151 0.00414017 0.0128641 0.00837892 0.0270097 0.101434 0.158115 0.152841 0.127902 0.109271 0.109419 0.0830992 0.0579132 0.0238553 0.00714673 0.00463305 0.00128148 0.00103504 0.000492878 0.000147863 0.000147863 4.92878e-05 0
 0 0 0 0 0 0 0 0 0 0 0 0 0 0 0 0 0 0 0 0 0 0 0 0 0 0
 0 0 0 0 0 0 0 0.0054083 0.00873648 0.0413646 0.0450493 0.0745869 0.0622846 0.0627006 0.0613931 0.0827291 0.12552 0.122667 0.0946155 0.0697135 0.0546179 0.0294188 0.0215738 0.0213955 0.0102223 0.00600262
 0 0 0 0 0.00359764 0.0251062 0.0480494 0.140153 0.205849 0.193036 0.1447 0.116669 0.0760912 0.0342217 0.00950174 0.001854 0.000860785 0 0 0 0.000165536 0 0.000143464 0 0 0
 0 0 0 0 0 0 0 0.000145254 0.000435761 0.0275982 0.070085 0.0708112 0.156366 0.174668 0.174014 0.160142 0.0824315 0.0480064 0.0283245 0.00493863 0.00203355 0 0 0 0 0
 0 0 0 0 0 0 0 0 0 0 0 0 0 0 0 0 0 0 0 0 0 0 0 0 0 0
 0 0 1.00437e-05 0.000401748 0.00122533 0.00171747 0.00176769 0.0269171 0.070346 0.194647 0.189555 0.159765 0.064822 0.0314167 0.0384472 0.0292271 0.0345202 0.0313363 0.0194345 0.0106764 0.0143323 0.0359363 0.0279516 0.0138201 0.00172751 0
 0 0.0021121 0.0136068 0.0755702 0.200478 0.177729 0.0527432 0.0373336 0.0318909 0.0142505 0.0149659 0.0166563 0.0217959 0.0798694 0.0677717 0.0528807 0.04013 0.0224614 0.0357745 0.0225083 0.00881397 0.00855152 0.00135912 0.000746735 0 0
 0 0 0 0 5.4009e-05 0.00500934 0.000945158 0.0243581 0.138947 0.33067 0.221406 0.137944 0.0707744 0.0437923 0.0131692 0.00525238 0.0047753 0.00276346 9.45158e-05 9.00151e-06 2.25038e-05 9.00151e-06 4.50075e-06 0 0 0
 0.000866109 0.00284123 0.00948549 0.0512746 0.133035 0.25785 0.225252 0.132002 0.0553304 0.0519788 0.0540692 0.017754 0.00435017 0.00159236 0.00146478 0.000404838 0.000125132 0.000115318 0.000107957 0.000100596 0 0 0 0 0 0
 0 0 0 0 0.00144013 0.00171154 0.00461396 0.0210425 0.0478622 0.0707936 0.0888783 0.103762 0.0637923 0.0337046 0.0602308 0.124433 0.169614 0.0934646 0.0462172 0.0250306 0.0313229 0.00938855 0.002487 0.000210481 0 0
 0 0.00764035 0.051015 0.0998891 0.058973 0.0496711 0.0374665 0.0718981 0.12319 0.153886 0.159021 0.0857701 0.0377988 0.023471 0.0147837 0.00900784 0.00315554 0.000888139 0.00291439 0.00214683 0.00393193 0.00274676 0.000635225 9.99891e-05 0 0
 0 0 0 0 0 0 0 0 0 0 0 0 0 0 0 0 0 0 0 0 0 0 0 0 0 0
 0 0 0 0 0 0 0 0 0 0 0 0 0 0 0 0 0 0 0 0 0 0 0 0 0 0
 0 0 0 0 0 0 0 0 0 0 0 0 0 0 0 0 0 0 0 0 0 0 0 0 0 0
 0 0 0 0 0 0 0 0 0 0 0 0 0 0 0 0 0 0 0 0 0 0 0 0 0 0
 0 0 0 0 0 0 0 0 0 0 0 0 0 0 0 0 0 0 0 0 0 0 0 0 0 0
 0 0 0 0 0 0 0 0 0 0 0 0 0 0 0 0 0 0 0 0 0 0 0 0 0 0
 0 0 0 0 0 0 0 0 0 0 0 0 0 0 0 0 0 0 0 0 0 0 0 0 0 0
ppred_pel_tallas
 1.10286e-16 4.61205e-05 0.000448307 0.00297916 0.0135428 0.0421369 0.0897776 0.131036 0.13105 0.0898449 0.0423642 0.0142048 0.00466026 0.00418282 0.00732778 0.0125336 0.0191943 0.0265138 0.0336224 0.0399799 0.0454422 0.0498695 0.0526935 0.0529652 0.0499311 0.0436534
 1.14879e-16 4.01118e-05 0.000389901 0.00259103 0.0117785 0.0366473 0.0780822 0.11397 0.114002 0.0782371 0.0371675 0.0132818 0.00636806 0.00864746 0.0157607 0.026098 0.0378569 0.0482097 0.0543479 0.0551014 0.051673 0.046785 0.0429053 0.0409299 0.040121 0.0390086
 1.10534e-16 5.33902e-05 0.000518972 0.00344875 0.0156775 0.0487788 0.103929 0.151692 0.151711 0.104024 0.0490976 0.0166001 0.00577051 0.00560731 0.00977602 0.0162329 0.0237473 0.0306464 0.0352586 0.03683 0.0359326 0.0339616 0.032142 0.0308555 0.0296968 0.0280121
 1.04151e-16 6.45273e-05 0.000627229 0.00416816 0.0189478 0.0589538 0.125608 0.183332 0.183347 0.125682 0.0592013 0.019663 0.00596465 0.00455351 0.00753481 0.0123908 0.0179306 0.0227378 0.0254184 0.0253448 0.0230218 0.0197177 0.0166621 0.0144412 0.0129483 0.0117398
 1.02793e-16 5.7821e-05 0.000562041 0.00373496 0.0169786 0.0528268 0.112554 0.164281 0.164305 0.112671 0.0532199 0.018114 0.00658512 0.00678438 0.0118764 0.0195458 0.0281587 0.0354269 0.039057 0.0379905 0.0330279 0.0262723 0.0198612 0.0149725 0.0116812 0.0094548
 1.02188e-16 6.52217e-05 0.000633978 0.00421301 0.0191517 0.0595882 0.12696 0.185304 0.18532 0.127034 0.0598388 0.0198759 0.00603214 0.00461007 0.00763092 0.0125496 0.0181585 0.0230143 0.0256845 0.0254961 0.0229111 0.0191683 0.0154981 0.0125369 0.0102841 0.00844054
 1.03853e-16 4.18965e-05 0.000407249 0.00270632 0.0123025 0.038278 0.0815568 0.119043 0.119083 0.0817511 0.0389305 0.0141873 0.00743745 0.010736 0.01966 0.0324404 0.0467386 0.0587973 0.064807 0.0630024 0.0547 0.0433781 0.0325761 0.0242533 0.0185542 0.0146321
 1.09085e-16 3.92813e-05 0.000381828 0.00253738 0.0115346 0.0358886 0.0764655 0.11161 0.11164 0.076612 0.0363809 0.0129595 0.00612468 0.00824809 0.0150818 0.0251397 0.036837 0.0476291 0.0549027 0.0573889 0.0557855 0.0520149 0.0477847 0.043668 0.0392756 0.03407
 1.11049e-16 4.90691e-05 0.000476969 0.00316963 0.0144087 0.0448308 0.0955177 0.139415 0.139437 0.095624 0.0451882 0.0154426 0.00577186 0.00618124 0.0109526 0.0182151 0.0266768 0.0344921 0.0398143 0.041821 0.0411557 0.0393447 0.0376734 0.0364453 0.0350869 0.032809
 1.04664e-16 6.56597e-05 0.000638236 0.0042413 0.0192804 0.0599884 0.127812 0.186548 0.186562 0.127877 0.0602066 0.0199109 0.00582587 0.00410323 0.00666387 0.0109598 0.0158943 0.0202313 0.0227622 0.0229478 0.0212307 0.0187028 0.0163995 0.0147765 0.0136824 0.0126892
 1.01136e-16 7.23114e-05 0.000702893 0.00467097 0.0212336 0.0660656 0.14076 0.205445 0.205455 0.140809 0.0662291 0.021706 0.00585681 0.00329124 0.00498703 0.00812749 0.011695 0.0146947 0.0161659 0.0156682 0.0135406 0.0106705 0.00796194 0.00591764 0.00457291 0.00370002
 1.01663e-16 4.92866e-05 0.000479083 0.00318368 0.0144726 0.0450297 0.0959418 0.140037 0.140072 0.0961132 0.0456051 0.0161342 0.00735286 0.00957489 0.0173075 0.0284914 0.0409356 0.0512593 0.0560466 0.0537145 0.0454587 0.0344581 0.0240065 0.0160168 0.0107526 0.00750637
 1.01479e-16 7.17416e-05 0.000697354 0.00463416 0.0210662 0.0655449 0.139651 0.203826 0.203835 0.139693 0.0656856 0.021473 0.00565705 0.00293627 0.00434123 0.00710848 0.0103375 0.0132154 0.0149564 0.0151827 0.0141197 0.012392 0.0106006 0.009027 0.00764131 0.00630718
 1.00253e-16 7.80494e-05 0.000758668 0.00504162 0.0229185 0.0713079 0.151929 0.221746 0.221751 0.151952 0.0713834 0.0231364 0.00558849 0.00195159 0.00234098 0.00373965 0.00536329 0.00671025 0.00732779 0.0070093 0.00591493 0.0044665 0.00310054 0.00206969 0.00140581 0.00100952
 1.00481e-16 5.77214e-05 0.000561072 0.00372852 0.0169493 0.0527359 0.11236 0.163999 0.164027 0.112496 0.0531903 0.0182612 0.00701906 0.00773607 0.01366 0.0224272 0.0321508 0.0401117 0.0435802 0.0412965 0.0342348 0.0249819 0.0162466 0.00964479 0.00544812 0.00309648
 1.00415e-16 7.78813e-05 0.000757034 0.00503075 0.0228691 0.0711542 0.151602 0.221268 0.221272 0.151621 0.0712203 0.0230602 0.00551088 0.00180663 0.00207553 0.00331898 0.00479868 0.0060856 0.00679697 0.00675172 0.00606582 0.00505902 0.00405091 0.00321012 0.00254502 0.00199149
 1.0118e-16 3.47282e-05 0.00033757 0.00224328 0.0101976 0.0317289 0.0676038 0.0986809 0.0987343 0.0678649 0.0326052 0.0127274 0.00858844 0.014173 0.0262632 0.0432386 0.0619905 0.0773377 0.0840241 0.0796273 0.0660358 0.0482474 0.0314899 0.0188718 0.0108967 0.00645693
 1.01095e-16 7.6824e-05 0.000746757 0.00496246 0.0225586 0.0701883 0.149544 0.218264 0.218267 0.14956 0.0702421 0.0227146 0.00535592 0.00161244 0.00174067 0.00280737 0.00415543 0.00547122 0.00648167 0.00704502 0.00720264 0.0070974 0.00683426 0.00641152 0.00576963 0.00489043
 1.01021e-16 5.78046e-05 0.000561881 0.0037339 0.0169738 0.0528118 0.112522 0.164235 0.164262 0.112656 0.0532592 0.0182652 0.00697317 0.00762498 0.0134477 0.0220769 0.0316491 0.0394902 0.0429203 0.0407121 0.033841 0.0248669 0.0164582 0.0101865 0.00627923 0.00413472
 1.03171e-16 5.05066e-05 0.000490942 0.00326248 0.0148308 0.0461442 0.0983163 0.143501 0.14353 0.0984554 0.0466118 0.0161822 0.00665787 0.00791365 0.0141782 0.0234386 0.0339406 0.043052 0.0480988 0.0478048 0.0429919 0.0359217 0.0288524 0.0229719 0.018332 0.0144698
 1.04533e-16 5.6718e-05 0.000551319 0.00366371 0.0166547 0.0518191 0.110407 0.161146 0.161167 0.110508 0.052158 0.0176346 0.00612717 0.00594129 0.0103292 0.0170806 0.0248202 0.0316745 0.0357611 0.0361973 0.0335798 0.0294834 0.0254105 0.0220422 0.0192391 0.016548
 1.02899e-16 6.49073e-05 0.000630922 0.0041927 0.0190594 0.059301 0.126348 0.184411 0.184427 0.126423 0.0595543 0.0197915 0.00603148 0.00464902 0.00770793 0.0126715 0.0183219 0.0231984 0.0258563 0.025631 0.0230184 0.0193064 0.0157651 0.0130365 0.0110799 0.00952283
 1.05049e-16 3.23632e-05 0.000314582 0.00209051 0.00950318 0.0295682 0.063 0.0919606 0.0920096 0.0632397 0.0303733 0.0118287 0.00792814 0.013059 0.0242386 0.0400262 0.0576699 0.0725496 0.0799669 0.0777456 0.067513 0.0535659 0.040277 0.0300668 0.0231124 0.0183602
 1.04071e-16 6.74593e-05 0.000655729 0.00435755 0.0198088 0.0616325 0.131315 0.19166 0.191668 0.131355 0.061769 0.0202044 0.005356 0.0028531 0.00429265 0.00712554 0.0105745 0.0139582 0.0166109 0.0181978 0.0188477 0.0189343 0.0187086 0.0181166 0.0169271 0.0150036
 1.0347e-16 5.35902e-05 0.000520916 0.00346167 0.0157363 0.0489615 0.104319 0.152262 0.152291 0.104461 0.0494378 0.0171115 0.00691246 0.00805022 0.0143423 0.0235984 0.0339275 0.042542 0.046647 0.0449751 0.0385583 0.0300487 0.022147 0.0163493 0.0127324 0.0105529
 1.05738e-16 4.38736e-05 0.000426467 0.00283403 0.0128831 0.0400842 0.0854049 0.124658 0.12469 0.085563 0.0406154 0.0144185 0.00669317 0.00886773 0.0161242 0.0267141 0.0387727 0.049368 0.0555123 0.0557855 0.051108 0.0439767 0.0368316 0.0308741 0.0260345 0.0217163
 1.0448e-16 6.38942e-05 0.000621074 0.00412726 0.0187619 0.0583754 0.124375 0.181532 0.181546 0.12444 0.0585925 0.01939 0.00570764 0.00408339 0.00667581 0.0110309 0.0161089 0.0207311 0.0237335 0.0245742 0.0236152 0.0217889 0.0199331 0.0183439 0.0168208 0.0150275
 1.02862e-16 6.11264e-05 0.000594171 0.00394847 0.0179492 0.0558467 0.118988 0.173671 0.173692 0.119088 0.0561836 0.0189222 0.00639075 0.00592571 0.0101869 0.0167454 0.0241202 0.0303427 0.0334523 0.0325535 0.0283489 0.0226575 0.0173175 0.013326 0.0107129 0.00897482
 1.05402e-16 3.50497e-05 0.000340695 0.00226404 0.010292 0.0320226 0.0682291 0.0995916 0.0996357 0.0684443 0.0327453 0.0123802 0.00750801 0.0117965 0.0218158 0.0360726 0.0521042 0.065819 0.0730489 0.0718431 0.0635862 0.051974 0.040725 0.0318346 0.0253883 0.0205033
 1.12426e-16 3.71215e-05 0.000360834 0.00239787 0.0109004 0.0339153 0.0722611 0.105473 0.1055 0.0723919 0.0343551 0.0121744 0.00561016 0.00742098 0.0135857 0.0227675 0.0336505 0.0441108 0.0519583 0.0561222 0.0571251 0.0563818 0.0549591 0.052887 0.0494786 0.0441759
 1.04745e-16 7.04398e-05 0.0006847 0.00455007 0.020684 0.0643555 0.137117 0.200127 0.200135 0.137153 0.0644784 0.0210396 0.00544504 0.00264651 0.00382045 0.00626913 0.00917929 0.0118788 0.0137403 0.0144986 0.0143971 0.0139789 0.0136887 0.0136066 0.0134822 0.0129742
pSPR Fmed_Fpbrs
0.431894   0.6 0.325
Fs Fmed_Fpbrs
0.5538   0.314107 0.78589
SSBpbr Bo_Bmed_Bpbrs
1.2676e+06  484090  697182 348591
Ro
115316
SPR SPRFo_SPRFmed_SPRFpbrs
823083 355484 267502
Fref
0.314107
Nvult_r0
 132992 10383.4 4408.19 3272.43 775.406
CTP_r0
 31123.2 3332.65 1443.06 1072.39 254.117
YTP_r0
391296
Np
 137703 41605.8 13414.4 830.628 439.135
Nvult_p0
 96097.6 30318.5 9807.89 607.42 321.133
CTP_p0
 15806.3 8411.95 539.259 225.129 204.699
 15806.3 7078.1 2341.41 145.18 76.7591
YTP_p0
 276215 290321
CBA_c0
280446
log_Ro
11.4754
likeval ReclasPelacesDesembMPH_pf_preclas_ppelaces_ptallas_desvR_qrecl_qpela
 19.1972 19.2253 0.0379989 72.2898 254.615 121.043 101.053 0 23.5847 2.36956e-05 6.62374e-05 0.107356 5.62045e-16 0 0
q_reclas_q_pelaces
1.9933 3.18319
M
1
N
 160548 30846.8 57839.3 4391.76 0.185679
 86716.3 48847.9 8459.34 15724.1 1193.42
 87289.6 22473.1 10451.4 1781.1 3558.85
 127151 22731.3 4844.41 2217.54 1132
 103930 28228.7 3828.27 797.186 550.487
 202614 32552.7 8096.93 1090 383.559
 74597.2 57077.3 7924.43 1947.09 354.112
 30553.8 14819.3 8094.18 1092.46 316.751
 30497.8 10060.2 4592.17 2495.47 434.344
 42629.8 7115.12 1829.41 817.81 521.17
 89996.7 8007.6 925.278 230.681 168.552
 47574 29206.4 2426.41 278.763 120.241
 63260.5 8161.46 3300.86 264.799 43.4603
 128376 6524.75 419.822 160.175 14.9107
 58180.5 22071.9 739.933 45.9771 19.1381
 303389 12126.4 3371.33 110.113 9.67618
 59391.6 65781.3 1968.9 534.274 18.9585
 511059 15204.3 13810.1 406.535 114.127
 391527 134770 3341.88 2989.46 112.612
 241992 97369.8 27054 658.914 611.034
 243663 62561.8 20755 5674.18 266.114
 351474 64380.1 13792.2 4506.65 1288.78
 70997.3 76913.6 10603.4 2218.09 930.816
 218100 18395 16450.2 2231.67 662.154
 158593 59926 4308.45 3801.7 668.282
 87114.6 43425.2 13960.9 990.229 1026.6
 177684 25303.9 11084.2 3525.09 508.936
 218331 49312.9 6019.28 2602.84 946.616
 77755.4 64673.4 12974.6 1568.06 924.148
 48318.1 23772.7 17869.5 3554.63 682.464
 182438 13472.9 5696.23 4227.67 1001.74
pred_Ctot
 17825.3 5083.33 9780.38 743.649 0.031443
 16666.9 13495.6 2391.93 4451.59 337.887
 16576.9 6140.43 2922.87 498.724 996.574
 33194.9 8291.28 1804.37 826.872 422.123
 9890.43 4011.58 558.521 116.468 80.4314
 30660.2 7197.36 1834.62 247.298 87.0271
 22790.5 23905.5 3384.13 832.365 151.389
 2045.96 1497.79 840.599 113.619 32.9456
 7316.9 3402.16 1586.93 863.361 150.279
 13917.1 3155.43 826.663 369.915 235.75
 6772.97 906.75 107.632 26.8722 19.6362
 17055.4 14023.4 1185.8 136.361 58.8203
 31760.3 5132.7 2102.67 168.793 27.7043
 45926.9 3127.33 204.813 78.2157 7.28149
 16686 8748.13 299.216 18.6122 7.74782
 82174.5 4570.02 1296.98 42.4077 3.72681
 11758.1 18676.2 572 155.406 5.51487
 93983.3 4032.64 3749.78 110.522 31.0289
 82767.2 40634.1 1030.58 923.01 34.7718
 46788.9 27049.3 7691.53 187.562 173.944
 44583.2 16515.7 5609.29 1535.43 72.0151
 93863.4 23960.9 5240.65 1714.29 490.271
 13653.9 21261.2 2999.81 628.296 263.68
 35733.3 4381.74 4014.04 545.253 161.792
 26255.7 14414.1 1061.53 937.88 164.876
 11812.7 8656.91 2853.58 202.672 210.13
 28223.3 5855.17 2627.79 836.79 120.82
 27363.3 9122.55 1142.09 494.525 179.865
 8428.87 10416.2 2144.42 259.523 152.963
 7561.09 5424.35 4177.81 832.135 159.775
 31123.2 3332.65 1443.06 1072.39 254.117
F
 0.189883 0.293763 0.302472 0.302945 0.30297
 0.350321 0.541972 0.55804 0.558912 0.558958
 0.345488 0.534494 0.550341 0.551201 0.551246
 0.505038 0.78133 0.804494 0.805751 0.805818
 0.160855 0.248854 0.256232 0.256633 0.256654
 0.266897 0.412909 0.42515 0.425815 0.42585
 0.616171 0.953262 0.981523 0.983057 0.983138
 0.110906 0.17158 0.176667 0.176943 0.176957
 0.455433 0.704588 0.725477 0.726611 0.726671
 0.672162 1.03988 1.07071 1.07239 1.07247
 0.125385 0.19398 0.199731 0.200043 0.20006
 0.762863 1.18021 1.21519 1.21709 1.21719
 1.27166 1.96735 2.02567 2.02884 2.02901
 0.760662 1.1768 1.21169 1.21358 1.21368
 0.568167 0.878996 0.905056 0.90647 0.906545
 0.52868 0.817907 0.842155 0.843471 0.843541
 0.362577 0.560933 0.577563 0.578465 0.578513
 0.332914 0.515042 0.530311 0.53114 0.531184
 0.391538 0.605738 0.623696 0.624671 0.624722
 0.352749 0.545728 0.561907 0.562785 0.562831
 0.330982 0.512053 0.527234 0.528058 0.528101
 0.519453 0.803631 0.827456 0.828749 0.828817
 0.350563 0.542347 0.558425 0.559298 0.559344
 0.291843 0.451502 0.464887 0.465614 0.465652
 0.295301 0.456852 0.470396 0.471131 0.47117
 0.236264 0.365517 0.376353 0.376941 0.376972
 0.281818 0.435993 0.448919 0.449621 0.449658
 0.216663 0.335193 0.345131 0.34567 0.345699
 0.185031 0.286256 0.294743 0.295204 0.295228
 0.277125 0.428732 0.441442 0.442132 0.442169
 0.305523 0.472666 0.486679 0.48744 0.48748
YTP_r0W_actual
 258322 46990.4 39828.6 36675.6 9478.58
YTP_p0W_proyectada
 118389 131815 12473.1 6612.04 6924.97
 118389 110914 54156.8 4263.94 2596.76
CTP_r0_actual
 31123.2 3332.65 1443.06 1072.39 254.117
CTP_p0_proyectada
 15806.3 8411.95 539.259 225.129 204.699
 15806.3 7078.1 2341.41 145.18 76.7591
Wmedp
 7.49 15.67 23.13 29.37 33.83
Frms_r0
 0.305523 0.472666 0.486679 0.48744 0.48748
Zrms_r0
 1.30552 1.47267 1.48668 1.48744 1.48748
nmprior
 8.19 8.8 8.5 0
nm_flota  nm_reclas  nm_pelaces    nm_pelaL
inf 14.387 18.2429 43.5936
cv_recla  cv_pelaces  cv_mph
0.396318 0.497175 0.694213
 ------------------------------------------------
Talla a la edad & desviaci?n 
 8 13.2811 15.8009 17.003 17.5766
 0.8 1.32811 1.58009 1.7003 1.75766
