years
 1991 1992 1993 1994 1995 1996 1997 1998 1999 2000 2001 2002 2003 2004 2005 2006 2007 2008 2009 2010 2011 2012 2013 2014 2015 2016 2017 2018 2019 2020 2021
reclasobs
 0 0 0 0 0 0 0 0 0 252601 567819 844713 477998 351125 339783 2.1784e+06 2.13404e+06 4.81314e+06 1.55562e+06 2.62356e+06 3.21686e+06 3.843e+06 1.13348e+06 3.07943e+06 1.97215e+06 2.03268e+06 2.025e+06 2.42433e+06 2.27542e+06 1.05018e+06 2.36338e+06
reclaspred
 3.33106e+06 1.78409e+06 902567 1.00429e+06 1.05434e+06 2.0568e+06 1.03522e+06 834092 530206 281352 692328 751737 410027 467003 395970 1.99754e+06 1.56612e+06 3.28726e+06 1.93881e+06 2.17496e+06 2.659e+06 2.73438e+06 1.93508e+06 3.13026e+06 2.2264e+06 1.9666e+06 2.32734e+06 2.74998e+06 2.07864e+06 1.15588e+06 2.11961e+06
pelacesobs
 0 0 0 0 0 0 0 0 0 0 0 0 0 0 0 552880 188675 0 991730 2.46772e+06 1.41603e+06 1.21717e+06 2.29649e+06 1.80582e+06 0 1.4828e+06 1.56532e+06 1.57751e+06 1.42118e+06 867257 1.10002e+06
pelacespred
 1.94337e+06 1.10879e+06 528738 457816 561731 1.10285e+06 498736 552383 298478 126620 364669 343705 180028 208240 180510 867802 806459 1.75399e+06 1.01119e+06 975192 1.28589e+06 1.34466e+06 1.08983e+06 1.88024e+06 1.33165e+06 1.19911e+06 1.53285e+06 1.77379e+06 1.23635e+06 744397 1.2346e+06
mphobs
 0 0 0 0 0 0 0 0 0 0 0 1.62 0 0.03 0.23 0 12.7 0.33 0.79 0.41 2.23 0.16 1.94 1.86 0 0 0 0 0 0 0
mphpred
 2.60917 1.78097 0.822801 0.464756 0.544 0.712368 1.05936 0.486378 0.421301 0.203281 0.0957807 0.452667 0.310886 0.112043 0.118146 0.14372 1.22466 0.88459 1.56126 0.746064 1.41568 1.09758 1.51275 1.09919 1.6236 1.29317 1.05016 1.10461 1.78359 1.07792 0.550586
desembarqueobs
 494567 514787 250237 358949 120608 361735 552515 73892 212993 205616 52469 317467 293654 387597 252695 516296 358380 742168 942051 627588 828172 859565 418607 520667 417249 300574 415391 372974 316634 284311 391294
desembarquepred
 494563 514120 250531 358975 120612 361729 552504 73898.5 213072 205679 52466.3 317566 293928 387302 252577 516148 358628 742138 941723 627233 828836 859587 418578 520664 417191 300543 415354 372881 316565 284293 391289
Reclutas
 157449 88441.4 85381.4 125414 99142 195853 70390.2 26722.9 26142.5 35545.8 93732.2 84950.7 51376.8 82672.1 50082 382448 45804.1 419538 197369 335003 179161 505184 63387.6 210087 181484 82421.6 167298 210557 61331 42026.7 192295
log_desv_Rt
 0.370916 -0.205848 -0.241059 0.143435 -0.0916342 0.589174 -0.434133 -1.40267 -1.42463 -1.11737 -0.147745 -0.246116 -0.749002 -0.273306 -0.774527 1.2584 -0.863814 1.35097 0.596886 1.12595 0.500098 1.53673 -0.538919 0.659335 0.512982 -0.27634 0.43159 0.66157 -0.571902 -0.949883 0.570843
SSB
 1.25474e+06 856461 395682 223500 261607 342575 509441 233897 202602 97757 46060.6 217686 149504 53880.9 56815.8 69114.4 588934 425396 750805 358779 680795 527822 727476 528597 780782 621879 505017 531203 857722 518366 264775
BT
 1.92688e+06 1.35992e+06 645848 687563 567991 1.2921e+06 888829 531879 461290 305765 383918 558739 421325 606310 420101 1.2379e+06 932615 2.26667e+06 1.76609e+06 1.37607e+06 1.768e+06 1.96241e+06 1.24041e+06 2.17492e+06 1.48727e+06 1.26462e+06 1.7892e+06 1.96334e+06 1.2418e+06 866075 1.50824e+06
Ftot
 0.318503 0.589068 0.581671 0.823571 0.266502 0.431939 1.05648 0.201046 0.874363 1.52059 0.208568 0.928538 1.4635 1.91355 1.51879 0.703981 0.479043 0.57116 1.03254 0.718333 0.689114 0.770636 0.457093 0.412457 0.422372 0.340795 0.434788 0.34276 0.316438 0.5147 0.478825
BD_Bspro_t
 0.950583 0.687921 0.440303 0.341053 0.351913 0.465708 0.490353 0.277137 0.317148 0.217191 0.151194 0.52765 0.308759 0.132243 0.127864 0.15268 0.469477 0.374192 0.445192 0.267927 0.352226 0.300941 0.38652 0.339806 0.467812 0.47485 0.482582 0.529214 0.62231 0.506364 0.390345
BD_Bspro
 1.61788 1.10433 0.510198 0.288184 0.33732 0.441721 0.656881 0.30159 0.261238 0.126049 0.0593911 0.280688 0.192773 0.0694748 0.0732591 0.0891172 0.75938 0.548511 0.968099 0.462615 0.877827 0.680582 0.938018 0.681581 1.00675 0.80186 0.651176 0.684941 1.10596 0.668389 0.341404
BD_Bo
 1.00702 0.68737 0.317562 0.179374 0.209958 0.27494 0.408862 0.187719 0.162602 0.0784569 0.0369668 0.174708 0.119987 0.0432432 0.0455986 0.0554692 0.472661 0.34141 0.602574 0.287946 0.546386 0.423614 0.58385 0.424236 0.626633 0.499102 0.405312 0.426328 0.688382 0.416025 0.2125
BD_Brms
 1.83094 1.24976 0.577386 0.326135 0.381742 0.499892 0.743386 0.341307 0.295641 0.142649 0.0672124 0.317651 0.218159 0.078624 0.0829066 0.100853 0.859384 0.620745 1.09559 0.523537 0.993429 0.770208 1.06155 0.771339 1.13933 0.907458 0.73693 0.775141 1.2516 0.756409 0.386364
Sel_flota
 0.67572 0.975364 0.998672 0.99993 0.999996
 0.67572 0.975364 0.998672 0.99993 0.999996
 0.67572 0.975364 0.998672 0.99993 0.999996
 0.67572 0.975364 0.998672 0.99993 0.999996
 0.67572 0.975364 0.998672 0.99993 0.999996
 0.67572 0.975364 0.998672 0.99993 0.999996
 0.67572 0.975364 0.998672 0.99993 0.999996
 0.67572 0.975364 0.998672 0.99993 0.999996
 0.67572 0.975364 0.998672 0.99993 0.999996
 0.67572 0.975364 0.998672 0.99993 0.999996
 0.67572 0.975364 0.998672 0.99993 0.999996
 0.67572 0.975364 0.998672 0.99993 0.999996
 0.67572 0.975364 0.998672 0.99993 0.999996
 0.67572 0.975364 0.998672 0.99993 0.999996
 0.67572 0.975364 0.998672 0.99993 0.999996
 0.67572 0.975364 0.998672 0.99993 0.999996
 0.67572 0.975364 0.998672 0.99993 0.999996
 0.67572 0.975364 0.998672 0.99993 0.999996
 0.67572 0.975364 0.998672 0.99993 0.999996
 0.67572 0.975364 0.998672 0.99993 0.999996
 0.67572 0.975364 0.998672 0.99993 0.999996
 0.67572 0.975364 0.998672 0.99993 0.999996
 0.67572 0.975364 0.998672 0.99993 0.999996
 0.67572 0.975364 0.998672 0.99993 0.999996
 0.67572 0.975364 0.998672 0.99993 0.999996
 0.67572 0.975364 0.998672 0.99993 0.999996
 0.67572 0.975364 0.998672 0.99993 0.999996
 0.67572 0.975364 0.998672 0.99993 0.999996
 0.67572 0.975364 0.998672 0.99993 0.999996
 0.67572 0.975364 0.998672 0.99993 0.999996
 0.67572 0.975364 0.998672 0.99993 0.999996
Sel_reclas
 1 1 1 1 1
 1 1 1 1 1
 1 1 1 1 1
 1 1 1 1 1
 1 1 1 1 1
 1 1 1 1 1
 1 1 1 1 1
 1 1 1 1 1
 1 1 1 1 1
 1 1 1 1 1
 1 1 1 1 1
 1 1 1 1 1
 1 1 1 1 1
 1 1 1 1 1
 1 1 1 1 1
 1 1 1 1 1
 1 1 1 1 1
 1 1 1 1 1
 1 1 1 1 1
 1 1 1 1 1
 1 1 1 1 1
 1 1 1 1 1
 1 1 1 1 1
 1 1 1 1 1
 1 1 1 1 1
 1 1 1 1 1
 1 1 1 1 1
 1 1 1 1 1
 1 1 1 1 1
 1 1 1 1 1
 1 1 1 1 1
Sel_pelaces
 0.747093 0.936974 0.98681 0.997351 0.999473
 0.747093 0.936974 0.98681 0.997351 0.999473
 0.747093 0.936974 0.98681 0.997351 0.999473
 0.747093 0.936974 0.98681 0.997351 0.999473
 0.747093 0.936974 0.98681 0.997351 0.999473
 0.747093 0.936974 0.98681 0.997351 0.999473
 0.747093 0.936974 0.98681 0.997351 0.999473
 0.747093 0.936974 0.98681 0.997351 0.999473
 0.747093 0.936974 0.98681 0.997351 0.999473
 0.747093 0.936974 0.98681 0.997351 0.999473
 0.747093 0.936974 0.98681 0.997351 0.999473
 0.747093 0.936974 0.98681 0.997351 0.999473
 0.747093 0.936974 0.98681 0.997351 0.999473
 0.747093 0.936974 0.98681 0.997351 0.999473
 0.747093 0.936974 0.98681 0.997351 0.999473
 0.747093 0.936974 0.98681 0.997351 0.999473
 0.747093 0.936974 0.98681 0.997351 0.999473
 0.747093 0.936974 0.98681 0.997351 0.999473
 0.747093 0.936974 0.98681 0.997351 0.999473
 0.747093 0.936974 0.98681 0.997351 0.999473
 0.747093 0.936974 0.98681 0.997351 0.999473
 0.747093 0.936974 0.98681 0.997351 0.999473
 0.747093 0.936974 0.98681 0.997351 0.999473
 0.747093 0.936974 0.98681 0.997351 0.999473
 0.747093 0.936974 0.98681 0.997351 0.999473
 0.747093 0.936974 0.98681 0.997351 0.999473
 0.747093 0.936974 0.98681 0.997351 0.999473
 0.747093 0.936974 0.98681 0.997351 0.999473
 0.747093 0.936974 0.98681 0.997351 0.999473
 0.747093 0.936974 0.98681 0.997351 0.999473
 0.747093 0.936974 0.98681 0.997351 0.999473
pf_obs 
 0.8446 0.082 0.0669 0.0065 0
 0.8095 0.147 0.0364 0.0071 0
 0.9664 0.0169 0.016 0.0007 0
 0.9276 0.0648 0.0075 0.0001 0
 0.7033 0.2144 0.0806 0.0017 0
 0.9318 0.0425 0.0243 0.0014 0
 0.5671 0.3108 0.0964 0.0239 0.0018
 0.0768 0.2599 0.5324 0.112 0.0189
 0.490249 0.384438 0.106611 0.0170017 0.00170017
 0.7925 0.1577 0.0466 0.003 0.0002
 0.840416 0.127587 0.0312969 0.00059994 9.999e-05
 0.8084 0.0986 0.0794 0.0134 0.0002
 0.7335 0.1905 0.0724 0.0035 0.0001
 0.4001 0.4547 0.1325 0.0127 0
 0.49795 0.308269 0.164784 0.0264974 0.00249975
 0.9179 0.0499 0.0305 0.0017 0
 0.2467 0.6533 0.0926 0.0074 0
 0.9418 0.0223 0.034 0.0019 0
 0.707729 0.231977 0.0356964 0.0245975 0
 0.517169 0.277429 0.184464 0.0207286 0.00020938
 0.811772 0.124168 0.05621 0.00726502 0.000585176
 0.764997 0.148141 0.077277 0.00933861 0.000247198
 0.163321 0.427699 0.378323 0.0303852 0.000271297
 0.753843 0.0900009 0.118128 0.0371064 0.000921714
 0.721811 0.176058 0.0630433 0.0369309 0.00215725
 0.143369 0.312575 0.442814 0.0836902 0.0175525
 0.692698 0.0596174 0.167031 0.0765114 0.00414204
 0.394062 0.376323 0.152708 0.0712218 0.00568511
 0.125707 0.32114 0.495352 0.0537591 0.00404204
 0.23352 0.215282 0.420074 0.123614 0.00750983
 0.796117 0.104755 0.0508955 0.0450114 0.00322123
pf_pred 
 0.560546 0.151647 0.266924 0.0208825 8.84745e-07
 0.481106 0.342923 0.0618122 0.105887 0.00827232
 0.633299 0.218928 0.0987238 0.0172479 0.0318012
 0.767139 0.171021 0.037391 0.016343 0.00810566
 0.694069 0.258829 0.0349177 0.00737279 0.00481165
 0.783354 0.167204 0.0419998 0.00551893 0.00192305
 0.462267 0.456249 0.0633042 0.0154468 0.00273273
 0.472944 0.316164 0.179983 0.0240245 0.00688488
 0.570203 0.245669 0.111588 0.0619214 0.0106194
 0.788298 0.146953 0.0375935 0.0164697 0.0106858
 0.925958 0.0650703 0.00631804 0.00154223 0.00111116
 0.673273 0.309968 0.0147747 0.0013982 0.00058638
 0.657384 0.266737 0.0721228 0.00331282 0.000444091
 0.88437 0.0910995 0.0192919 0.00497959 0.000258739
 0.819687 0.169961 0.00824986 0.00165399 0.000447785
 0.974989 0.0224542 0.00241622 0.000111888 2.84324e-05
 0.274152 0.714542 0.0101843 0.00106032 6.14676e-05
 0.903748 0.0355094 0.059824 0.000827852 9.10425e-05
 0.576959 0.396812 0.00986724 0.0161143 0.000247101
 0.830292 0.119324 0.0473753 0.00113354 0.00187569
 0.611184 0.345707 0.0306094 0.0117546 0.000745264
 0.868686 0.0942952 0.0330343 0.00283027 0.00115375
 0.277637 0.661843 0.0438757 0.0148561 0.00178837
 0.768538 0.0861436 0.133469 0.00859408 0.0032551
 0.6542 0.289635 0.0212792 0.0320445 0.00284047
 0.468426 0.395395 0.114603 0.00818259 0.0133939
 0.743298 0.146803 0.0823197 0.0232151 0.00436413
 0.730326 0.220541 0.028448 0.0154999 0.00518482
 0.365933 0.50961 0.102297 0.0128391 0.00932156
 0.441019 0.260053 0.241531 0.0471888 0.0102075
 0.877459 0.0680315 0.0257712 0.0232274 0.0055107
pobs_RECLAS
 0 0 0 0 0
 0 0 0 0 0
 0 0 0 0 0
 0 0 0 0 0
 0 0 0 0 0
 0 0 0 0 0
 0 0 0 0 0
 0 0 0 0 0
 0 0 0 0 0
 0 0 0 0 0
 0.991045 0.00858322 0.000360255 1.14367e-05 0
 0.934742 0.0480273 0.0164251 0.00080598 0
 0.827803 0.169806 0.00239088 0 0
 0.941827 0.0461693 0.0120037 0 0
 0.791401 0.0380133 0.147996 0.0225897 0
 0.846168 0.0940531 0.0597789 0 0
 0.134021 0.677848 0.182769 0.00536245 0
 0.80878 0.0450904 0.141981 0.00414843 0
 0.846168 0.0940531 0.0597789 0 0
 0.905697 0.0802665 0.012482 0.00150086 5.37128e-05
 0.989698 0.0102097 9.19794e-05 0 0
 0.975433 0.0193895 0.00387452 0.00125025 5.28907e-05
 0.303575 0.632131 0.0575291 0.00676475 0
 0.966965 0.00978017 0.0227588 0.000495775 0
 0.843318 0.132988 0.00938335 0.0141283 0.000182051
 0.564624 0.303363 0.111486 0.0197234 0.00080311
 0.826376 0.0876187 0.0782897 0.00655872 0.00115652
 0.89761 0.0855135 0.0140674 0.00269457 0.000114338
 0.34875 0.467042 0.161289 0.0227151 0.000203297
 0.318654 0.224769 0.449479 0.00709798 0
 0.937255 0.0296025 0.0250945 0.00804832 0
ppred_RECLAS
 0.653888 0.12136 0.208463 0.0162877 6.90026e-07
 0.57965 0.280259 0.0492523 0.0842572 0.00658204
 0.720006 0.168895 0.0742572 0.0129558 0.0238859
 0.831929 0.124315 0.0264721 0.0115542 0.00573015
 0.768154 0.196887 0.0259249 0.0054669 0.00356758
 0.841869 0.122734 0.0300751 0.00394676 0.00137514
 0.566282 0.369535 0.0498798 0.0121532 0.00214989
 0.568091 0.261598 0.145378 0.0193805 0.00555362
 0.667547 0.192235 0.0850242 0.047114 0.00807937
 0.854485 0.101962 0.0253046 0.011068 0.00718042
 0.947952 0.045876 0.00434831 0.00106006 0.000763711
 0.755911 0.231886 0.0107598 0.00101679 0.00042639
 0.750267 0.195707 0.0513553 0.00235513 0.000315684
 0.925523 0.0590897 0.0121058 0.00311919 0.000162058
 0.876745 0.116381 0.00548037 0.00109696 0.000296955
 0.983035 0.0152712 0.00160138 7.40531e-05 1.88165e-05
 0.35662 0.633603 0.00880826 0.000915836 5.3088e-05
 0.933564 0.0249023 0.0409063 0.000565304 6.21646e-05
 0.673551 0.30674 0.00742123 0.0121019 0.00018556
 0.879722 0.0852176 0.0329693 0.000787757 0.00130343
 0.700176 0.267347 0.0230692 0.00884683 0.000560865
 0.908373 0.0662815 0.0226215 0.00193544 0.000788918
 0.360811 0.586862 0.0379497 0.0128325 0.00154467
 0.831462 0.0637054 0.0962951 0.00619227 0.00234523
 0.73546 0.222486 0.0159463 0.023982 0.00212565
 0.564009 0.326337 0.0922999 0.00658157 0.0107725
 0.810798 0.109362 0.0598235 0.0168486 0.0031671
 0.798752 0.165327 0.02081 0.0113236 0.00378754
 0.458055 0.43766 0.0857361 0.0107466 0.00780182
 0.540211 0.216806 0.196379 0.038316 0.0082876
 0.913971 0.0483053 0.017848 0.0160649 0.00381113
pobs_PELACES
 0 0 0 0 0
 0 0 0 0 0
 0 0 0 0 0
 0 0 0 0 0
 0 0 0 0 0
 0 0 0 0 0
 0 0 0 0 0
 0 0 0 0 0
 0 0 0 0 0
 0 0 0 0 0
 0 0 0 0 0
 0 0 0 0 0
 0 0 0 0 0
 0 0 0 0 0
 0 0 0 0 0
 0 0 0 0 0
 0.505614 0.472636 0.0217494 0 0
 0 0 0 0 0
 0.443492 0.261883 0.143347 0.151278 0
 0.227955 0.32914 0.350689 0.0885471 0.00366901
 0.970185 0.0296113 0.000203453 0 0
 0.997202 0.00247181 0.000326279 0 0
 0.445219 0.490057 0.0546422 0.010081 0
 0.90214 0.0892962 0.00764917 0.000914606 0
 0 0 0 0 0
 0.581667 0.319106 0.0959925 0.00289975 0.000334073
 0.762889 0.0836404 0.116647 0.0363945 0.000428098
 0.88444 0.0763242 0.0277011 0.0115352 0
 0.521256 0.241999 0.230069 0.00667565 0
 0.616807 0.101726 0.260614 0.0208532 0
 0.833518 0.0704572 0.0857862 0.0102388 0
ppred_PELACES
 0.600695 0.135488 0.24451 0.0193057 8.19615e-07
 0.533636 0.305278 0.0562471 0.0972275 0.00761132
 0.680243 0.188938 0.0870969 0.0153546 0.0283683
 0.808627 0.139692 0.0311308 0.013728 0.00682259
 0.729024 0.228254 0.0315889 0.0067317 0.00440228
 0.814118 0.14263 0.0366874 0.00486505 0.00169868
 0.534383 0.393966 0.0555527 0.013674 0.002424
 0.511671 0.289685 0.169287 0.0228071 0.00654941
 0.630888 0.208981 0.0966946 0.0541335 0.00930269
 0.842976 0.108542 0.0280407 0.0123879 0.00805356
 0.936421 0.0556758 0.00554896 0.00136709 0.000987
 0.729758 0.25613 0.0124277 0.0011865 0.000498606
 0.732874 0.207455 0.0566919 0.00262603 0.000352734
 0.922327 0.0611205 0.0129951 0.00338143 0.000176049
 0.867986 0.124351 0.00609554 0.00123235 0.000334305
 0.980117 0.0178116 0.00195649 9.14145e-05 2.32771e-05
 0.316494 0.672603 0.00981155 0.00103084 5.98812e-05
 0.920031 0.0290885 0.0501039 0.000699641 7.70997e-05
 0.644928 0.3326 0.00840784 0.0138513 0.000212831
 0.860618 0.0973866 0.0394626 0.000952694 0.00157966
 0.664703 0.297341 0.0268792 0.0104151 0.000661681
 0.893824 0.0757948 0.0270832 0.00234118 0.000956315
 0.319209 0.622379 0.0422383 0.0144325 0.00174094
 0.798868 0.0736969 0.116951 0.00759961 0.00288433
 0.696107 0.253299 0.0190584 0.0289635 0.00257262
 0.512894 0.359853 0.106913 0.00770388 0.0126362
 0.777267 0.125952 0.072321 0.0205822 0.00387711
 0.764249 0.191778 0.0253565 0.0139429 0.00467354
 0.407707 0.473512 0.0974556 0.0123445 0.00898082
 0.489731 0.234269 0.222601 0.0438867 0.00951258
 0.896601 0.0566829 0.0219762 0.019988 0.00475186
pobs_pel_tallas
 0 0 0 0 0 0 0 0 0 0 0 0 0 0 0 0 0 0 0 0 0 0 0 0 0 0
 0 0 0 0 0 0 0 0 0 0 0 0 0 0 0 0 0 0 0 0 0 0 0 0 0 0
 0 0 0 0 0 0 0 0 0 0 0 0 0 0 0 0 0 0 0 0 0 0 0 0 0 0
 0 0 0 0 0 0 0 0 0 0 0 0 0 0 0 0 0 0 0 0 0 0 0 0 0 0
 0 0 0 0 0 0 0 0 0 0 0 0 0 0 0 0 0 0 0 0 0 0 0 0 0 0
 0 0 0 0 0 0 0 0 0 0 0 0 0 0 0 0 0 0 0 0 0 0 0 0 0 0
 0 0 0 0 0 0 0 0 0 0 0 0 0 0 0 0 0 0 0 0 0 0 0 0 0 0
 0 0 0 0 0 0 0 0 0 0 0 0 0 0 0 0 0 0 0 0 0 0 0 0 0 0
 0 0 0 0 0 0 0 0 0 0 0 0 0 0 0 0 0 0 0 0 0 0 0 0 0 0
 0 0 0 0 0 0 0 0 0 0 0 0 0 0 0 0 0 0 0 0 0 0 0 0 0 0
 0 0 0 0 0 0 0 0 0 0 0 0 0 0 0 0 0 0 0 0 0 0 0 0 0 0
 0 0 0 0 0 0 0 0 0 0 0 0 0 0 0 0 0 0 0 0 0 0 0 0 0 0
 0.00862536 0 0 0.000197151 0.00414017 0.0128641 0.00837892 0.0270097 0.101434 0.158115 0.152841 0.127902 0.109271 0.109419 0.0830992 0.0579132 0.0238553 0.00714673 0.00463305 0.00128148 0.00103504 0.000492878 0.000147863 0.000147863 4.92878e-05 0
 0 0 0 0 0 0 0 0 0 0 0 0 0 0 0 0 0 0 0 0 0 0 0 0 0 0
 0 0 0 0 0 0 0 0.0054083 0.00873648 0.0413646 0.0450493 0.0745869 0.0622846 0.0627006 0.0613931 0.0827291 0.12552 0.122667 0.0946155 0.0697135 0.0546179 0.0294188 0.0215738 0.0213955 0.0102223 0.00600262
 0 0 0 0 0.00359764 0.0251062 0.0480494 0.140153 0.205849 0.193036 0.1447 0.116669 0.0760912 0.0342217 0.00950174 0.001854 0.000860785 0 0 0 0.000165536 0 0.000143464 0 0 0
 0 0 0 0 0 0 0 0.000145254 0.000435761 0.0275982 0.070085 0.0708112 0.156366 0.174668 0.174014 0.160142 0.0824315 0.0480064 0.0283245 0.00493863 0.00203355 0 0 0 0 0
 0 0 0 0 0 0 0 0 0 0 0 0 0 0 0 0 0 0 0 0 0 0 0 0 0 0
 0 0 1.00437e-05 0.000401748 0.00122533 0.00171747 0.00176769 0.0269171 0.070346 0.194647 0.189555 0.159765 0.064822 0.0314167 0.0384472 0.0292271 0.0345202 0.0313363 0.0194345 0.0106764 0.0143323 0.0359363 0.0279516 0.0138201 0.00172751 0
 0 0.0021121 0.0136068 0.0755702 0.200478 0.177729 0.0527432 0.0373336 0.0318909 0.0142505 0.0149659 0.0166563 0.0217959 0.0798694 0.0677717 0.0528807 0.04013 0.0224614 0.0357745 0.0225083 0.00881397 0.00855152 0.00135912 0.000746735 0 0
 0 0 0 0 5.4009e-05 0.00500934 0.000945158 0.0243581 0.138947 0.33067 0.221406 0.137944 0.0707744 0.0437923 0.0131692 0.00525238 0.0047753 0.00276346 9.45158e-05 9.00151e-06 2.25038e-05 9.00151e-06 4.50075e-06 0 0 0
 0.000866109 0.00284123 0.00948549 0.0512746 0.133035 0.25785 0.225252 0.132002 0.0553304 0.0519788 0.0540692 0.017754 0.00435017 0.00159236 0.00146478 0.000404838 0.000125132 0.000115318 0.000107957 0.000100596 0 0 0 0 0 0
 0 0 0 0 0.00144013 0.00171154 0.00461396 0.0210425 0.0478622 0.0707936 0.0888783 0.103762 0.0637923 0.0337046 0.0602308 0.124433 0.169614 0.0934646 0.0462172 0.0250306 0.0313229 0.00938855 0.002487 0.000210481 0 0
 0 0.00764035 0.051015 0.0998891 0.058973 0.0496711 0.0374665 0.0718981 0.12319 0.153886 0.159021 0.0857701 0.0377988 0.023471 0.0147837 0.00900784 0.00315554 0.000888139 0.00291439 0.00214683 0.00393193 0.00274676 0.000635225 9.99891e-05 0 0
 0 0 0 0 0 0 0 0 0 0 0 0 0 0 0 0 0 0 0 0 0 0 0 0 0 0
 0 0 0 0 0 0 0 0 0 0 0 0 0 0 0 0 0 0 0 0 0 0 0 0 0 0
 0 0 0 0 0 0 0 0 0 0 0 0 0 0 0 0 0 0 0 0 0 0 0 0 0 0
 0 0 0 0 0 0 0 0 0 0 0 0 0 0 0 0 0 0 0 0 0 0 0 0 0 0
 0 0 0 0 0 0 0 0 0 0 0 0 0 0 0 0 0 0 0 0 0 0 0 0 0 0
 0 0 0 0 0 0 0 0 0 0 0 0 0 0 0 0 0 0 0 0 0 0 0 0 0 0
 0 0 0 0 0 0 0 0 0 0 0 0 0 0 0 0 0 0 0 0 0 0 0 0 0 0
ppred_pel_tallas
 1.09027e-16 4.94785e-05 0.000480949 0.00319607 0.0145289 0.0452048 0.0963142 0.140576 0.14059 0.0963799 0.0454265 0.0151735 0.00483101 0.00410597 0.00709768 0.0120814 0.0183884 0.0251796 0.0315567 0.0369846 0.0413888 0.0447815 0.0468064 0.0467183 0.0438714 0.038288
 1.1274e-16 4.3955e-05 0.000427258 0.00283928 0.012907 0.0401586 0.0855631 0.124888 0.124918 0.0857072 0.0406424 0.0143053 0.00635225 0.00810658 0.0146608 0.0242577 0.0351657 0.0447338 0.0503287 0.0508395 0.0473686 0.0424492 0.0384061 0.0361319 0.0350198 0.0337796
 1.08903e-16 5.60307e-05 0.000544639 0.00361932 0.0164529 0.0511912 0.109069 0.159193 0.159211 0.109158 0.0514921 0.0173233 0.00580925 0.00534206 0.00921682 0.0152795 0.022315 0.02872 0.0328958 0.0341176 0.0329303 0.030679 0.0285711 0.0270276 0.0257203 0.0240648
 1.03466e-16 6.66056e-05 0.00064743 0.0043024 0.0195581 0.0608526 0.129653 0.189236 0.189249 0.129719 0.0610739 0.0201977 0.00590914 0.00415873 0.00674651 0.0110782 0.0160248 0.0203088 0.0226786 0.0225687 0.0204288 0.0173949 0.0145737 0.0125014 0.0110964 0.00997551
 1.02391e-16 6.00487e-05 0.000583695 0.00387886 0.0176328 0.0548622 0.11689 0.17061 0.170632 0.116998 0.0552231 0.0186752 0.00649555 0.00629581 0.010908 0.0179372 0.0258313 0.0324793 0.0357701 0.03473 0.0300963 0.023809 0.0178439 0.0132972 0.0102484 0.00821251
 1.01871e-16 6.70579e-05 0.000651827 0.00433162 0.0196909 0.0612658 0.130534 0.190521 0.190535 0.130601 0.0614919 0.0203442 0.00597277 0.00423851 0.00689062 0.0113161 0.0163658 0.0207272 0.0231039 0.0228874 0.0204972 0.0170583 0.0136919 0.0109836 0.00894016 0.00729299
 1.03486e-16 4.40165e-05 0.000427856 0.00284326 0.0129251 0.0402148 0.0856834 0.125065 0.125103 0.0858689 0.0408378 0.0147244 0.00735994 0.0102877 0.0187695 0.0309594 0.0445918 0.0560699 0.0617503 0.059945 0.0519148 0.0409934 0.0305795 0.0225636 0.0170983 0.0133785
 1.08355e-16 4.21457e-05 0.000409672 0.00272241 0.0123757 0.0385056 0.0820412 0.119747 0.119776 0.0821788 0.0389679 0.0137137 0.00609075 0.00779525 0.0141638 0.023597 0.0345662 0.0446727 0.051457 0.0537253 0.0521355 0.0485024 0.0444444 0.0405161 0.0363644 0.0314889
 1.09847e-16 5.19654e-05 0.000505123 0.00335672 0.0152592 0.047477 0.101156 0.147644 0.147664 0.101255 0.0478101 0.0162227 0.00578136 0.00581866 0.0102043 0.0169495 0.0247966 0.0320065 0.0368444 0.038537 0.037692 0.0357574 0.0339724 0.0326635 0.0313296 0.0292459
 1.03443e-16 6.94348e-05 0.000674931 0.00448515 0.0203889 0.0634374 0.13516 0.197273 0.197283 0.135212 0.0636095 0.0208864 0.00573529 0.00340815 0.00527274 0.00864022 0.0125196 0.0159163 0.0178702 0.0179519 0.0165116 0.0144177 0.0125002 0.0111352 0.0102186 0.00942228
 1.00479e-16 7.71318e-05 0.000749748 0.00498234 0.022649 0.0704695 0.150143 0.219139 0.219144 0.150169 0.0705575 0.022903 0.00561981 0.00214076 0.0027172 0.00436555 0.00627084 0.00786386 0.00862211 0.00830689 0.00710249 0.00549275 0.00397457 0.00282972 0.00208592 0.00162378
 1.00628e-16 6.01092e-05 0.000584283 0.00388277 0.0176505 0.0549174 0.117008 0.170782 0.170807 0.117129 0.0553216 0.0188174 0.00680999 0.00696794 0.0121647 0.0199652 0.0286362 0.03576 0.0389151 0.0369834 0.0308251 0.0227242 0.0150662 0.00926462 0.00554595 0.00341122
 1.02013e-16 6.03659e-05 0.000586778 0.00389935 0.0177259 0.0551519 0.117508 0.17151 0.17153 0.117606 0.0554808 0.0186764 0.00628705 0.00580536 0.00998945 0.0164655 0.0238196 0.0301707 0.0336281 0.0332931 0.0297553 0.0246302 0.019538 0.0153419 0.0120905 0.00945038
 1.0076e-16 7.59709e-05 0.000738464 0.00490735 0.0223081 0.0694088 0.147883 0.215841 0.215847 0.147912 0.0695056 0.0225878 0.00560974 0.00227293 0.00299357 0.00483751 0.00698168 0.00882218 0.00979801 0.00964961 0.00856387 0.00703568 0.00556021 0.00439885 0.00355554 0.00290561
 1.00388e-16 7.14949e-05 0.000694956 0.00461823 0.0209938 0.0653196 0.139171 0.203126 0.203138 0.139229 0.0655158 0.0215604 0.00603949 0.0037945 0.00594903 0.00969797 0.0139074 0.0173707 0.0189112 0.0179875 0.0150184 0.0111127 0.00742653 0.00464177 0.00286276 0.00184167
 1.00075e-16 8.0731e-05 0.000784734 0.00521483 0.0237059 0.0737578 0.157149 0.229364 0.229365 0.157157 0.0737859 0.0237871 0.00541878 0.00122978 0.000925394 0.00140059 0.00200613 0.00251467 0.00275481 0.00264862 0.00225334 0.00172227 0.00121409 0.000820685 0.000554939 0.000384126
 1.00569e-16 2.60694e-05 0.000253404 0.00168396 0.00765507 0.0238181 0.0507494 0.0740838 0.0741485 0.0510654 0.0248788 0.0107168 0.00936253 0.016993 0.0317503 0.052272 0.0748828 0.0932937 0.101114 0.0954003 0.0784572 0.0563956 0.0356358 0.0200384 0.0102821 0.00504259
 1.01537e-16 7.57817e-05 0.000736625 0.00489513 0.0222526 0.069236 0.147515 0.215303 0.215306 0.147529 0.0692835 0.0223906 0.00524498 0.00151149 0.00157995 0.00257656 0.00390002 0.00530938 0.00659801 0.00764353 0.00843015 0.00897239 0.00921834 0.00904074 0.00833272 0.00711955
 1.01753e-16 5.31219e-05 0.000516364 0.00343142 0.0155988 0.0485337 0.103407 0.150933 0.150965 0.103564 0.0490584 0.0171136 0.00723097 0.00880148 0.0157608 0.0259009 0.0371416 0.0463653 0.0504398 0.0479379 0.0400136 0.029672 0.0200304 0.0129027 0.00851369 0.00611463
 1.01527e-16 7.0888e-05 0.000689057 0.00457903 0.0208156 0.0647651 0.137989 0.201401 0.201411 0.138035 0.0649199 0.0212632 0.00570452 0.00315212 0.00476645 0.00781368 0.0113552 0.0144981 0.0163733 0.016562 0.015314 0.0133256 0.0112733 0.00948427 0.00794051 0.00649784
 1.02009e-16 5.47508e-05 0.000532197 0.00353664 0.0160771 0.0500218 0.106578 0.155559 0.155588 0.106718 0.0504915 0.0174334 0.00694013 0.00795829 0.0141472 0.0232727 0.0334527 0.0419268 0.0459202 0.0441552 0.0376161 0.0288924 0.0206485 0.0144021 0.0103148 0.00776216
 1.01198e-16 7.36232e-05 0.000715643 0.0047557 0.0216187 0.0672639 0.143313 0.209171 0.209179 0.143349 0.0673843 0.0219668 0.0056305 0.00262932 0.00371964 0.00606292 0.00879646 0.0112059 0.0126108 0.0126879 0.0116419 0.0100326 0.00840633 0.00703112 0.00589215 0.00486139
 1.03121e-16 2.62929e-05 0.000255577 0.0016984 0.00772072 0.0240223 0.0511843 0.0747176 0.0747775 0.0514771 0.025005 0.010558 0.00881676 0.0157831 0.0294811 0.0486052 0.0698009 0.0873266 0.0953457 0.0911681 0.0768759 0.0579603 0.0401091 0.0266211 0.0179247 0.0127388
 1.04645e-16 6.58017e-05 0.000639616 0.00425047 0.019322 0.0601181 0.128088 0.18695 0.186957 0.128124 0.0602381 0.0196708 0.00513394 0.00259468 0.00385616 0.00647218 0.0097849 0.0132771 0.0164337 0.0189628 0.020864 0.0222297 0.0229793 0.0228085 0.0214114 0.0187676
 1.03955e-16 5.73374e-05 0.00055734 0.00370372 0.0168366 0.0523851 0.111613 0.162907 0.162932 0.111732 0.0527852 0.0179922 0.0066037 0.00688561 0.0120692 0.0198462 0.0285504 0.0358437 0.0393967 0.0381676 0.033042 0.0262502 0.0200357 0.0155972 0.0129178 0.0112928
 1.06089e-16 4.22465e-05 0.000410651 0.00272892 0.0124053 0.0385977 0.0822378 0.120036 0.12007 0.0824077 0.0391686 0.0140552 0.00687464 0.00947453 0.0172964 0.0286321 0.0414844 0.0526724 0.0589592 0.0588204 0.0532939 0.045161 0.0371671 0.0307049 0.0257347 0.0215639
 1.0484e-16 6.40225e-05 0.000622321 0.00413555 0.0187996 0.0584926 0.124625 0.181897 0.181909 0.124685 0.0586937 0.0193815 0.00560066 0.0038354 0.00620959 0.0102782 0.0150671 0.0195098 0.0225538 0.0237046 0.0232716 0.0220527 0.0207328 0.0194986 0.0181129 0.0162679
 1.02971e-16 6.29502e-05 0.000611899 0.00406628 0.0184847 0.057513 0.122538 0.178852 0.17887 0.122628 0.0578163 0.0193607 0.00626522 0.00541252 0.00918134 0.0150825 0.0217309 0.0273527 0.0301887 0.0294403 0.0257459 0.0207438 0.0160807 0.0126357 0.0104102 0.00892458
 1.05692e-16 3.35824e-05 0.000326433 0.00216926 0.00986118 0.0306821 0.065373 0.0954234 0.0954691 0.0655963 0.0314318 0.0120273 0.00760879 0.0122083 0.0226209 0.0373995 0.0540011 0.0681745 0.0755894 0.0742244 0.0655313 0.0533734 0.0416431 0.0324372 0.0258499 0.0209446
 1.12495e-16 4.03385e-05 0.000392105 0.00260568 0.011845 0.0368544 0.0785231 0.114612 0.114634 0.0786351 0.0372313 0.0129375 0.00536278 0.00646028 0.0117099 0.0196745 0.0292252 0.03861 0.0460199 0.050559 0.0526102 0.0532196 0.053065 0.0519408 0.0491169 0.0441153
 1.03458e-16 7.38518e-05 0.000717866 0.00477047 0.0216859 0.0674729 0.143758 0.209821 0.209826 0.143785 0.0675631 0.0219469 0.00542722 0.00215663 0.00282158 0.00458879 0.00670236 0.00864451 0.00994843 0.0104202 0.0102489 0.00985304 0.00958319 0.00951668 0.00947434 0.00919324
pSPR Fmed_Fpbrs
0.403122   0.6 0.325
Fs Fmed_Fpbrs
0.584067   0.303329 0.752923
SSBpbr Bo_Bmed_Bpbrs
1.246e+06  439989  685298 342649
Ro
108656
SPR SPRFo_SPRFmed_SPRFpbrs
775546 312640 252052
Fref
0.303329
Nvult_r0
 141108 8401.04 3131.8 2820.27 669.077
CTP_r0
 34494.9 2674.47 1013.13 913.123 216.638
YTP_r0
391289
Np
 134543 40322.9 14007.9 684.243 319.577
Nvult_p0
 94220.3 29288 10201.5 498.381 232.771
CTP_p0
 16026.9 8488.26 426.354 156.828 173.289
 16026.9 6686.73 2371.81 115.984 54.1737
YTP_p0
 273383 284922
CBA_c0
276844
log_Ro
11.4159
likeval ReclasPelacesDesembMPH_pf_preclas_ppelaces_ptallas_desvR_qrecl_qpela
 23.1961 30.9398 0.0343939 85.1355 256.023 117.804 105.556 0 26.3896 2.6222e-05 6.61257e-05 0.0895784 1.54778e-15 0 0
q_reclas_q_pelaces
2.06603 3.18008
M
1
N
 157449 30650.5 52844.8 4129.72 0.174957
 88441.4 46706.6 8264.69 14143.9 1104.92
 85381.4 21852.1 9672.92 1688.27 3112.64
 125414 21201.7 4558.32 1990.59 987.232
 99142 26446.4 3493.14 736.737 480.783
 195853 30461.8 7502.1 984.769 343.12
 70390.2 53811.8 7353.49 1792.87 317.167
 26722.9 12681.8 7064.2 941.856 269.898
 26142.5 8582.04 3834.65 2126.04 364.596
 35545.8 5326.73 1345.61 589.12 382.215
 93732.2 4680.14 444.683 108.422 78.1121
 84950.7 29949.4 1404.8 132.83 55.7041
 51376.8 16687.2 4454.19 204.455 27.4067
 82672.1 7030.6 1472.85 379.953 19.7417
 50082 8346.64 400.063 80.1536 21.6993
 382448 6602.09 698.017 32.293 8.20568
 45804.1 87435.2 1222.32 127.128 7.36933
 419538 12190.7 20159.1 278.689 30.647
 197369 104921 2569.18 4192.33 64.2836
 335003 36138.6 14099 337.029 557.663
 179161 75849.1 6597.73 2531.27 160.48
 505184 41373.4 14247.9 1219.61 497.144
 63387.6 110409 7177.76 2427.83 292.244
 210087 17122.6 26006.8 1672.8 633.556
 181484 58487.7 4212.71 6337.26 561.712
 82421.6 50187.4 14251.3 1016.43 1663.67
 167298 24084.4 13241.6 3730.37 701.223
 210557 45877.9 5797.86 3155.53 1055.48
 61331 61445.3 12081.4 1514.65 1099.61
 42026.7 18219 16601.7 3240.25 700.863
 192295 10919.1 4057 3652.78 866.574
pred_Ctot
 19612.9 5305.96 9339.35 730.656 0.0309562
 18959 13513.6 2435.84 4172.7 325.988
 18108.2 6259.93 2822.86 493.177 909.307
 35384.4 7888.38 1724.67 753.821 373.875
 10480.6 3908.39 527.267 111.331 72.6572
 32091 6849.7 1720.57 226.089 78.7799
 24037.3 23724.4 3291.74 803.213 142.098
 2169.7 1450.45 825.696 110.216 31.5853
 7730.87 3330.8 1512.92 839.537 143.979
 15642.1 2915.96 745.964 326.807 212.036
 7878.76 553.668 53.7587 13.1225 9.45461
 26318 12116.5 577.537 54.655 22.9214
 22049.5 8946.69 2419.09 111.116 14.8954
 41911.7 4317.35 914.271 235.991 12.2621
 22021.8 4566.21 221.642 44.4362 12.0303
 95098.1 2190.13 235.673 10.9133 2.77323
 8219.86 21424 305.354 31.7914 1.84297
 87611.2 3442.35 5799.46 80.2538 8.82585
 66260.9 45571.9 1133.2 1850.64 28.3783
 84685.4 12170.4 4832.03 115.615 191.311
 43776.2 24761.4 2192.41 841.928 53.3798
 135180 14673.7 5140.61 440.431 179.54
 10917.6 26025.9 1725.34 584.19 70.3245
 33042.5 3703.65 5738.37 369.493 139.949
 29152.5 12906.8 948.246 1427.97 126.577
 10919.4 9217.02 2671.5 190.744 312.224
 27572.1 5445.57 3053.59 861.147 161.884
 28041.2 8467.79 1092.27 595.126 199.073
 7594.5 10576.3 2123.04 266.46 193.458
 8027.2 4733.35 4396.23 858.906 185.791
 34494.9 2674.47 1013.13 913.123 216.638
F
 0.215219 0.310656 0.31808 0.31848 0.318502
 0.398045 0.574556 0.588286 0.589027 0.589066
 0.393047 0.567341 0.580899 0.581631 0.581669
 0.556503 0.803281 0.822477 0.823513 0.823568
 0.180081 0.259937 0.266149 0.266484 0.266501
 0.291869 0.421297 0.431365 0.431908 0.431937
 0.713885 1.03045 1.05508 1.05641 1.05648
 0.135851 0.196093 0.200779 0.201032 0.201045
 0.590824 0.852823 0.873202 0.874302 0.87436
 1.02749 1.48313 1.51857 1.52049 1.52059
 0.140933 0.20343 0.208291 0.208553 0.208567
 0.627431 0.905663 0.927305 0.928473 0.928535
 0.988913 1.42744 1.46155 1.46339 1.46349
 1.29302 1.86641 1.91101 1.91341 1.91354
 1.02627 1.48137 1.51677 1.51868 1.51878
 0.475694 0.686638 0.703047 0.703932 0.703979
 0.323699 0.467241 0.478407 0.47901 0.479041
 0.385944 0.557089 0.570401 0.57112 0.571158
 0.697711 1.00711 1.03117 1.03247 1.03254
 0.485392 0.700637 0.71738 0.718283 0.718331
 0.465648 0.672137 0.688199 0.689066 0.689111
 0.520734 0.751651 0.769613 0.770583 0.770634
 0.308867 0.445832 0.456486 0.457061 0.457091
 0.278706 0.402296 0.41191 0.412429 0.412456
 0.285405 0.411966 0.421811 0.422342 0.42237
 0.230282 0.332399 0.340342 0.340771 0.340793
 0.293795 0.424077 0.434211 0.434758 0.434787
 0.23161 0.334316 0.342305 0.342736 0.342759
 0.213824 0.308642 0.316018 0.316416 0.316437
 0.347793 0.50202 0.514017 0.514664 0.514698
 0.323551 0.467028 0.478189 0.478791 0.478823
YTP_r0W_actual
 286308 37710 27962.3 31228.8 8080.6
YTP_p0W_proyectada
 120042 133011 9861.56 4606.03 5862.36
 120042 104781 54860 3406.45 1832.7
CTP_r0_actual
 34494.9 2674.47 1013.13 913.123 216.638
CTP_p0_proyectada
 16026.9 8488.26 426.354 156.828 173.289
 16026.9 6686.73 2371.81 115.984 54.1737
Wmedp
 7.49 15.67 23.13 29.37 33.83
Frms_r0
 0.323551 0.467028 0.478189 0.478791 0.478823
Zrms_r0
 1.32355 1.46703 1.47819 1.47879 1.47882
nmprior
 8.19 8.8 8.5 0
nm_flota  nm_reclas  nm_pelaces    nm_pelaL
inf 23.4954 11.0311 22.6676
cv_recla  cv_pelaces  cv_mph
0.217822 0.525593 0.854244
 ------------------------------------------------
Talla a la edad & desviaci?n 
 8 13.2811 15.8009 17.003 17.5766
 0.8 1.32811 1.58009 1.7003 1.75766
