years
 1997 1998 1999 2000 2001 2002 2003 2004 2005 2006 2007 2008 2009 2010 2011 2012 2013 2014 2015 2016 2017 2018 2019 2020 2021 2022 2023
reclasobs
 0 0 0 370054 412103 1.49427e+06 250295 1.28982e+06 931140 785840 897777 1.04006e+06 184774 17550 25797 100020 73551 82996 120727 218422 84188 347160 605670 569463 516374 1.08416e+06 1.01767e+06
reclaspred
 3.08142e+06 534036 871933 266365 289442 374734 644900 603284 648833 836571 852609 661774 429021 134036 77044.6 87892.9 67392.8 75295.7 117531 164122 225194 260997 453883 508256 811478 720878 373586
pelacesobs
 0 0 0 0 0 0 0 0 0 2.06254e+06 1.5e+06 0 1.87456e+06 323000 250000 174000 83755 137374 0 501740 490994 745055 786931 1.00524e+06 1.33801e+06 1.41789e+06 0
pelacespred
 5.56699e+06 2.00121e+06 809140 557697 823874 611080 2.08474e+06 1.76664e+06 1.79504e+06 2.45278e+06 1.86498e+06 1.60898e+06 1.03969e+06 283947 183023 184395 138005 183164 267152 325768 594480 615142 784463 1.11975e+06 1.59203e+06 1.3456e+06 541846
mphobs
 0 0 0 0 0 0 112323 0 153150 637223 0 255016 313432 73983 77613 109348 50772 17779 17303 59886 28197 0 207744 136588 643089 65757 70829
mphpred
 620764 252202 188211 77545.4 60346.9 154347 172133 315895 281240 327423 390505 273338 202226 141477 62713.6 52951.7 33333.9 36190.6 34799.9 40942.1 51469 75851.7 92403.1 125820 185338 134683 116683
desembarqueobs
 350755 77701 442110 56441 14545 235359 269955 359681 431902 328805 639364 411747 362871 311530 167758 66681 60226 58785 57116 73181 50977 67692 138656 160484 209506 203330 245020
desembarquepred
 350734 77664.3 441520 56414.5 14542.9 235238 269936 358998 431353 328606 638125 410930 362309 311147 167233 66664.4 60218.4 58624 56992.6 73105 50977.4 67594.8 138598 160414 209372 203030 244694
Reclutas
 14997.1 39885.3 3059.8 6847.75 37493.2 12103.9 64448.7 54039.4 70765.4 102638 64486.4 63352 49434.4 28428.1 13849.8 7988.23 5808.06 8535.99 10455.7 7698.22 16382.4 20627.7 25741.1 48486.6 12368.7 32436.9 3396.82
log_desv_Rt
 -0.304388 0.673763 -1.8939 -1.08833 0.611914 -0.518714 1.15362 0.977469 1.24713 1.61896 1.15421 1.13646 0.888402 0.335132 -0.383971 -0.934276 -1.253 -0.867954 -0.665096 -0.971255 -0.216034 0.0143893 0.235844 0.869044 -0.497079 0.467051 -1.78941
SSB
 788214 320233 238980 98463.1 76625.3 195981 208353 393342 342058 402680 495843 347070 269818 130079 62092.7 51919.6 37075.9 36749.3 55173.5 70593.9 80489.3 114164 145362 183688 309890 242339 191649
BT
 1.33868e+06 456835 370863 161067 260719 303016 1.03297e+06 910311 1.0144e+06 1.08326e+06 1.10154e+06 873748 678601 385232 204087 105388 92320.3 112487 121146 135652 215695 195827 271485 437131 462176 478420 286755
Ftot
 0.397745 0.650161 1.58489 0.913195 0.238695 1.65828 1.76492 1.7626 2.14031 1.32015 2.09392 1.93712 2.44929 4.95303 4.95303 1.97171 2.50004 2.47117 1.43547 1.30246 0.81656 0.838369 0.975946 1.10228 0.764071 1.09334 1.7794
BD_Bspro_t
 0.94902 0.691777 0.529636 0.193168 0.249504 0.503382 0.372455 0.475602 0.393843 0.392258 0.403685 0.267886 0.221988 0.130604 0.0755738 0.0779248 0.0793527 0.110751 0.196508 0.284437 0.338834 0.485004 0.502632 0.486912 0.54491 0.408392 0.348786
BD_Bspro
 1.87687 0.762528 0.569051 0.234457 0.182458 0.466664 0.496123 0.936612 0.814498 0.958848 1.18068 0.826431 0.642482 0.309739 0.147853 0.123629 0.0882838 0.0875063 0.131377 0.168096 0.191658 0.271845 0.34613 0.437393 0.7379 0.57705 0.456347
BD_Bo
 1.65032 0.670488 0.500365 0.206157 0.160434 0.410336 0.436239 0.823559 0.716185 0.843112 1.03817 0.726678 0.564933 0.272352 0.130007 0.108707 0.0776276 0.076944 0.11552 0.147806 0.168524 0.239032 0.304351 0.384598 0.648833 0.507398 0.401265
BD_Brms
 3.00059 1.21907 0.909754 0.374831 0.291699 0.746066 0.793162 1.49738 1.30215 1.53293 1.88758 1.32123 1.02715 0.495186 0.236376 0.197649 0.141141 0.139898 0.210036 0.268738 0.306408 0.434603 0.553366 0.699269 1.1797 0.922541 0.729572
S_f
 0.0774961 0.789158 0.994039 0.999865 0.999997
 0.0774961 0.789158 0.994039 0.999865 0.999997
 0.0774961 0.789158 0.994039 0.999865 0.999997
 0.0774961 0.789158 0.994039 0.999865 0.999997
 0.0774961 0.789158 0.994039 0.999865 0.999997
 0.0774961 0.789158 0.994039 0.999865 0.999997
 0.0774961 0.789158 0.994039 0.999865 0.999997
 0.0774961 0.789158 0.994039 0.999865 0.999997
 0.0774961 0.789158 0.994039 0.999865 0.999997
 0.0774961 0.789158 0.994039 0.999865 0.999997
 0.0774961 0.789158 0.994039 0.999865 0.999997
 0.0774961 0.789158 0.994039 0.999865 0.999997
 0.0774961 0.789158 0.994039 0.999865 0.999997
 0.0774961 0.789158 0.994039 0.999865 0.999997
 0.0774961 0.789158 0.994039 0.999865 0.999997
 0.0774961 0.789158 0.994039 0.999865 0.999997
 0.0774961 0.789158 0.994039 0.999865 0.999997
 0.0774961 0.789158 0.994039 0.999865 0.999997
 0.0774961 0.789158 0.994039 0.999865 0.999997
 0.0774961 0.789158 0.994039 0.999865 0.999997
 0.0774961 0.789158 0.994039 0.999865 0.999997
 0.0774961 0.789158 0.994039 0.999865 0.999997
 0.0774961 0.789158 0.994039 0.999865 0.999997
 0.0774961 0.789158 0.994039 0.999865 0.999997
 0.0774961 0.789158 0.994039 0.999865 0.999997
 0.0774961 0.789158 0.994039 0.999865 0.999997
 0.0774961 0.789158 0.994039 0.999865 0.999997
Scru_reclas
 0.0813674 0.308323 0.691677 0.918633 0.982704
 0.0813674 0.308323 0.691677 0.918633 0.982704
 0.0813674 0.308323 0.691677 0.918633 0.982704
 0.0813674 0.308323 0.691677 0.918633 0.982704
 0.0813674 0.308323 0.691677 0.918633 0.982704
 0.0813674 0.308323 0.691677 0.918633 0.982704
 0.0813674 0.308323 0.691677 0.918633 0.982704
 0.0813674 0.308323 0.691677 0.918633 0.982704
 0.0813674 0.308323 0.691677 0.918633 0.982704
 0.0813674 0.308323 0.691677 0.918633 0.982704
 0.0813674 0.308323 0.691677 0.918633 0.982704
 0.0813674 0.308323 0.691677 0.918633 0.982704
 0.0813674 0.308323 0.691677 0.918633 0.982704
 0.0813674 0.308323 0.691677 0.918633 0.982704
 0.0813674 0.308323 0.691677 0.918633 0.982704
 0.0813674 0.308323 0.691677 0.918633 0.982704
 0.0813674 0.308323 0.691677 0.918633 0.982704
 0.0813674 0.308323 0.691677 0.918633 0.982704
 0.0813674 0.308323 0.691677 0.918633 0.982704
 0.0813674 0.308323 0.691677 0.918633 0.982704
 0.0813674 0.308323 0.691677 0.918633 0.982704
 0.0813674 0.308323 0.691677 0.918633 0.982704
 0.0813674 0.308323 0.691677 0.918633 0.982704
 0.0813674 0.308323 0.691677 0.918633 0.982704
 0.0813674 0.308323 0.691677 0.918633 0.982704
 0.0813674 0.308323 0.691677 0.918633 0.982704
 0.0813674 0.308323 0.691677 0.918633 0.982704
Scru_pelaces
 0.242096 0.620984 0.893659 0.977326 0.995497
 0.242096 0.620984 0.893659 0.977326 0.995497
 0.242096 0.620984 0.893659 0.977326 0.995497
 0.242096 0.620984 0.893659 0.977326 0.995497
 0.242096 0.620984 0.893659 0.977326 0.995497
 0.242096 0.620984 0.893659 0.977326 0.995497
 0.242096 0.620984 0.893659 0.977326 0.995497
 0.242096 0.620984 0.893659 0.977326 0.995497
 0.242096 0.620984 0.893659 0.977326 0.995497
 0.242096 0.620984 0.893659 0.977326 0.995497
 0.242096 0.620984 0.893659 0.977326 0.995497
 0.242096 0.620984 0.893659 0.977326 0.995497
 0.242096 0.620984 0.893659 0.977326 0.995497
 0.242096 0.620984 0.893659 0.977326 0.995497
 0.242096 0.620984 0.893659 0.977326 0.995497
 0.242096 0.620984 0.893659 0.977326 0.995497
 0.242096 0.620984 0.893659 0.977326 0.995497
 0.242096 0.620984 0.893659 0.977326 0.995497
 0.242096 0.620984 0.893659 0.977326 0.995497
 0.242096 0.620984 0.893659 0.977326 0.995497
 0.242096 0.620984 0.893659 0.977326 0.995497
 0.242096 0.620984 0.893659 0.977326 0.995497
 0.242096 0.620984 0.893659 0.977326 0.995497
 0.242096 0.620984 0.893659 0.977326 0.995497
 0.242096 0.620984 0.893659 0.977326 0.995497
 0.242096 0.620984 0.893659 0.977326 0.995497
 0.242096 0.620984 0.893659 0.977326 0.995497
pf_obs 
 0.256992 0.487395 0.22802 0.0275931 0
 0.321318 0.546541 0.124235 0.00734118 0.000564706
 0.182869 0.594174 0.210203 0.0122559 0.00049798
 0.330522 0.361315 0.267642 0.0388342 0.00168674
 0.649043 0.306663 0.0425973 0.00169635 0
 0.582887 0.30429 0.105238 0.00758474 0
 0.465427 0.430635 0.0974691 0.00646863 0
 0.296916 0.608066 0.0921331 0.00288517 0
 0.311714 0.524322 0.152257 0.0117073 0
 0.15457 0.633149 0.183074 0.0267441 0.00246327
 0.131901 0.49318 0.331252 0.0422183 0.00144891
 0.196976 0.569456 0.194076 0.0375587 0.00193317
 0.518974 0.381816 0.0799577 0.0180837 0.00116848
 0.0928022 0.601141 0.25162 0.0475244 0.00691264
 0.122501 0.610282 0.24278 0.0234846 0.000952079
 0.383417 0.481906 0.127806 0.00687128 0
 0.0376549 0.599619 0.316969 0.0457579 0
 0.0361596 0.667082 0.258105 0.0386534 0
 0.158088 0.579412 0.248529 0.0139706 0
 0.0477256 0.309471 0.559284 0.082774 0.000745712
 0.0406174 0.521527 0.379366 0.0568643 0.0016247
 0.151134 0.462217 0.34131 0.0453401 0
 0.294876 0.26143 0.354403 0.0886775 0.000613685
 0.281977 0.475581 0.204845 0.0348837 0.00271318
 0.0841818 0.532909 0.334909 0.0458182 0.00218182
 0.115287 0.27431 0.454777 0.147771 0.00785563
 0 0 0 0 0
pf_pred 
 0.047386 0.63304 0.281698 0.037872 4.66365e-06
 0.188002 0.285459 0.380605 0.128746 0.0171883
 0.0186269 0.753272 0.0969818 0.0949915 0.0361281
 0.147063 0.225057 0.526227 0.0435199 0.0581331
 0.476106 0.380576 0.0481073 0.0799148 0.0152962
 0.0850466 0.829113 0.0665323 0.00650946 0.0127982
 0.554855 0.286528 0.14887 0.00757663 0.00217134
 0.22891 0.744883 0.0194859 0.00631368 0.000408115
 0.309417 0.592274 0.0962054 0.00156942 0.000534462
 0.310725 0.631994 0.0521972 0.00497654 0.000107242
 0.174687 0.728583 0.0912148 0.00503082 0.000484689
 0.243747 0.634059 0.113309 0.00838419 0.0004997
 0.229351 0.680889 0.0803796 0.00870688 0.000673372
 0.26092 0.667733 0.0664844 0.00436182 0.00050083
 0.282135 0.701951 0.0153427 0.000533425 3.78715e-05
 0.217237 0.765254 0.0173715 0.000132791 4.79996e-06
 0.21528 0.67701 0.106245 0.00145363 1.13551e-05
 0.373366 0.560871 0.0604588 0.00523284 7.09786e-05
 0.292957 0.668201 0.0364717 0.00218153 0.00018829
 0.170643 0.725326 0.100208 0.00359289 0.000230819
 0.311419 0.525953 0.14836 0.0137481 0.00051899
 0.224856 0.662489 0.0921749 0.0186977 0.00178246
 0.216285 0.618431 0.147352 0.0146956 0.0032365
 0.305114 0.553052 0.119419 0.0200033 0.00241152
 0.0562503 0.816667 0.107982 0.0161077 0.0029936
 0.243698 0.323282 0.389226 0.0372593 0.00653487
 0.0301517 0.824339 0.075621 0.062883 0.00700559
pobs_RECLAS
 0 0 0 0 0
 0 0 0 0 0
 0 0 0 0 0
 0 0 0 0 0
 0.835266 0.146461 0.0176864 0.000547809 3.91292e-05
 0.385257 0.428462 0.181853 0.0044286 0
 0.867414 0.0963971 0.0333333 0.00285562 0
 0.441836 0.489002 0.0689373 0.000224442 0
 0.779404 0.147425 0.0564933 0.0165055 0.000172143
 0.814271 0.122319 0.05973 0.00367925 0
 0.40263 0.566651 0.0304383 0.000280538 0
 0.475488 0.404961 0.113038 0.00651328 0
 0.955842 0.0263864 0.0167828 0.000988607 0
 0.975058 0.0227948 0.00214734 0 0
 0.738997 0.206755 0.0527124 0.00153531 0
 0.850938 0.134255 0.0134407 0.00136685 0
 0.542534 0.407297 0.0501686 0 0
 0.764087 0.199537 0.0359546 0.000420521 0
 0.470689 0.182191 0.310203 0.0369168 0
 0.84361 0.089868 0.0606195 0.00523954 0.000663233
 0.607945 0.314616 0.071237 0.00620181 0
 0.523733 0.453247 0.0230204 0 0
 0.530135 0.295979 0.169645 0.0042399 0
 0.562478 0.366248 0.0663022 0.0049721 0
 0.250443 0.683176 0.0655157 0.000865301 0
 0.195077 0.31981 0.436473 0.0351445 0.0134964
 0.565238 0.351407 0.0832357 0.000118908 0
ppred_RECLAS
 0.0962927 0.469055 0.369131 0.0655126 8.62887e-06
 0.288211 0.15689 0.367432 0.164042 0.0234247
 0.0446536 0.592548 0.128815 0.166325 0.067659
 0.232331 0.124836 0.508156 0.0554516 0.079226
 0.651721 0.191684 0.0429951 0.094295 0.0193049
 0.209603 0.664779 0.089718 0.0115701 0.0243304
 0.756125 0.125401 0.108928 0.00730593 0.0022394
 0.473492 0.494973 0.0216506 0.00924484 0.000639152
 0.572999 0.335365 0.0890268 0.00191261 0.000696629
 0.556577 0.382425 0.054046 0.00679543 0.000156626
 0.389422 0.499798 0.102563 0.00745018 0.000767697
 0.479795 0.392182 0.115995 0.0113075 0.000720802
 0.486021 0.421928 0.0797427 0.0113685 0.000940344
 0.65342 0.303509 0.039286 0.0033713 0.000413953
 0.682576 0.308237 0.00875849 0.000398302 3.02401e-05
 0.466493 0.514033 0.019272 0.000194071 7.50296e-06
 0.46616 0.425403 0.106503 0.0019176 1.60208e-05
 0.657035 0.287668 0.0495692 0.00564631 8.19117e-05
 0.544102 0.414123 0.0384616 0.00303342 0.000280033
 0.35764 0.514483 0.121726 0.00575588 0.000395505
 0.51818 0.309756 0.152644 0.0186662 0.000753686
 0.422229 0.439528 0.106753 0.0285755 0.0029137
 0.403415 0.402801 0.166684 0.0219329 0.00516655
 0.521543 0.326331 0.121753 0.0269036 0.00346909
 0.130955 0.675765 0.156376 0.0307842 0.00611938
 0.391366 0.179367 0.373285 0.047139 0.00884297
 0.0784002 0.687157 0.105301 0.115393 0.0137497
pobs_PELACES
 0 0 0 0 0
 0 0 0 0 0
 0 0 0 0 0
 0 0 0 0 0
 0 0 0 0 0
 0 0 0 0 0
 0 0 0 0 0
 0 0 0 0 0
 0 0 0 0 0
 0 0 0 0 0
 0.450072 0.473896 0.0757376 0.000293798 0
 0 0 0 0 0
 0.463077 0.371075 0.160297 0.00555027 0
 0.529543 0.364841 0.0842815 0.0213345 0
 0.631943 0.363953 0.00410389 0 0
 0.735681 0.248677 0.0153453 0.000297389 0
 0.695825 0.281241 0.0229344 0 0
 0.275771 0.60734 0.115278 0.00161068 0
 0 0 0 0 0
 0.896147 0.0623911 0.0374545 0.00400742 0
 0.803859 0.145111 0.0509908 3.86294e-05 0
 0.739449 0.233085 0.0266225 0.000797448 4.60066e-05
 0.878498 0.100942 0.0204185 0.000141795 0
 0.694673 0.275183 0.0284847 0.00165964 0
 0.469039 0.446079 0.0841089 0.000773354 0
 0.822795 0.102175 0.0682046 0.00682512 0
 0 0 0 0 0
ppred_PELACES
 0.175598 0.527376 0.259174 0.0378472 4.74652e-06
 0.510006 0.161319 0.231937 0.0851599 0.0115787
 0.109804 0.679788 0.0851673 0.0902757 0.0349646
 0.461547 0.135471 0.33257 0.029831 0.0405811
 0.785927 0.147944 0.0209468 0.0378109 0.00737073
 0.384212 0.558797 0.0432473 0.00457785 0.00916562
 0.898101 0.0666131 0.0329434 0.00181326 0.000529179
 0.673958 0.315257 0.00785222 0.00275156 0.000181121
 0.783812 0.187851 0.02768 0.000487656 0.00016911
 0.728654 0.24856 0.0206102 0.00212844 4.67094e-05
 0.626572 0.332901 0.0380383 0.00226611 0.000222322
 0.706983 0.248202 0.0413113 0.00330377 0.000200513
 0.73054 0.24152 0.0248131 0.00289919 0.000228315
 0.905351 0.0889522 0.00528422 0.000369858 4.32329e-05
 0.911731 0.0870885 0.0011357 4.2125e-05 3.04465e-06
 0.675946 0.317317 0.00667927 5.51754e-05 2.03095e-06
 0.719073 0.246938 0.0334916 0.000494165 3.93071e-06
 0.845405 0.140237 0.0131165 0.00122443 1.69118e-05
 0.719913 0.264763 0.0143153 0.00092712 8.14901e-05
 0.54916 0.393838 0.054737 0.00212594 0.000139087
 0.692333 0.231263 0.0691809 0.00695519 0.000267391
 0.593653 0.343557 0.050579 0.0111305 0.00108061
 0.592175 0.318262 0.0790907 0.00855346 0.00191844
 0.70702 0.231159 0.0513525 0.00932395 0.00114473
 0.226753 0.661964 0.0933187 0.0151049 0.00285892
 0.635351 0.152474 0.189054 0.0196174 0.00350395
 0.178957 0.699096 0.0609339 0.054796 0.00621657
pobs_pel_tallas
 0 0 0 0 0 0 0 0 0 0 0 0 0 0 0 0 0 0 0 0 0 0 0 0 0 0 0 0 0 0 0 0 0 0 0 0
 0 0 0 0 0 0 0 0 0 0 0 0 0 0 0 0 0 0 0 0 0 0 0 0 0 0 0 0 0 0 0 0 0 0 0 0
 0 0 0 0 0 0 0 0 0 0 0 0 0 0 0 0 0 0 0 0 0 0 0 0 0 0 0 0 0 0 0 0 0 0 0 0
 0 0 0 0 0 0 0 0 0 0 0 0 0 0 0 0 0 0 0 0 0 0 0 0 0 0 0 0 0 0 0 0 0 0 0 0
 0 0 0 0 0 0 0 0 0 0 0 0 0 0 0 0 0 0 0 0 0 0 0 0 0 0 0 0 0 0 0 0 0 0 0 0
 0 0 0 0 0 0 0 0 0 0 0 0 0 0 0 0 0 0 0 0 0 0 0 0 0 0 0 0 0 0 0 0 0 0 0 0
 0 0 0 0 0 0 0 0 0 0 0 0 0 0 0 0 0 0 0 0 0 0 0 0 0 0 0 0 0 0 0 0 0 0 0 0
 0 0 0 0 0 0 0 0 0 0 0 0 0 0 0 0 0 0 0 0 0 0 0 0 0 0 0 0 0 0 0 0 0 0 0 0
 0 0 0 0 0 0 0 0 0 0 0 0 0 0 0 0 0 0 0 0 0 0 0 0 0 0 0 0 0 0 0 0 0 0 0 0
 0 0 0 0 0 0 0 0 0 0 0 0 0 0 0 0 0 0 0 0 0 0 0 0 0 0 0 0 0 0 0 0 0 0 0 0
 0 0 0 0 0 0 0 0 1.78061e-05 0.00172719 0.00360574 0.0105946 0.0120993 0.0124554 0.0147524 0.0171206 0.0266825 0.0428682 0.0675386 0.121331 0.153587 0.119568 0.100827 0.0573624 0.0630603 0.0341343 0.0324427 0.0444173 0.0211091 0.0280891 0.0125444 0.00206551 0 0 0 0
 0 0 0 0 0 0 0 0 0 0 0 0 0 0 0 0 0 0 0 0 0 0 0 0 0 0 0 0 0 0 0 0 0 0 0 0
 0 0 0 0 0 0 0.0133647 0.0140871 0.0187388 0.0205184 0.03894 0.0496705 0.03968 0.0493445 0.0407372 0.0367815 0.0215668 0.0243155 0.0234873 0.0199281 0.019796 0.0243948 0.0301388 0.0376714 0.0412746 0.0863199 0.0771752 0.113111 0.0741005 0.0525337 0.0229764 0.00759418 0.00175318 0 0 0
 0 0 0 0 0 0 0 0 0 0 0.00219441 0.00772107 0.0458388 0.0604681 0.0671733 0.0775358 0.0609151 0.0617685 0.073594 0.0568108 0.0755445 0.0548602 0.0670107 0.0636378 0.0643287 0.046367 0.0373049 0.0286899 0.0247887 0.0153202 0.00654259 0.00121912 0.000365735 0 0 0
 0 0 0 0 0 0 0 0 0 0 0 0 0.000112435 0.00938835 0.0111873 0.0202946 0.0414886 0.0713402 0.111592 0.104902 0.108894 0.110636 0.117776 0.105296 0.107544 0.0401394 0.0192827 0.0124803 0.00416011 0.0028671 0.000618394 0 0 0 0 0
 0 0 0 0 0 0 0 0 0 0 0.00291406 0.0102884 0.027416 0.0768956 0.0749926 0.110853 0.0956884 0.0897413 0.0766577 0.0534642 0.0500743 0.0551293 0.0594112 0.0620874 0.0668451 0.0424026 0.0208742 0.0120726 0.0048766 0.00582813 0.00118941 0.000297354 0 0 0 0
 0 0.00264628 0.0354308 0.0461629 0.0458689 0.0383711 0.0214643 0.0164657 0.0346957 0.0420465 0.0363128 0.0245516 0.0311673 0.0291091 0.0169068 0.0133784 0.00837989 0.0085269 0.0148486 0.0160247 0.0276389 0.0546898 0.0760071 0.122758 0.109233 0.0665981 0.0333725 0.0166128 0.00676272 0.00308733 0.000882094 0 0 0 0 0
 0 0 0 0 0 0 0 0.000805153 0.000690131 0.00759144 0.0133425 0.0154129 0.00931677 0.000345066 0.00356568 0.00563607 0.00851162 0.0253048 0.0502646 0.0516448 0.0657925 0.0565908 0.0611916 0.0827007 0.0866115 0.110766 0.145733 0.0935128 0.0569358 0.0249597 0.0138026 0.00621118 0.00161031 0.00115022 0 0
 0 0 0 0 0 0 0 0 0 0 0 0 0 0 0 0 0 0 0 0 0 0 0 0 0 0 0 0 0 0 0 0 0 0 0 0
 0.00147267 0.00158595 0.00478618 0.00569244 0.00954404 0.0108468 0.00647125 0.017049 0.0510054 0.094081 0.124002 0.0959785 0.0687766 0.0820023 0.061753 0.0591476 0.0492212 0.0479892 0.0443925 0.0268479 0.0217502 0.0140895 0.0121071 0.0120363 0.00920419 0.00665534 0.0049561 0.00860946 0.00930331 0.0156896 0.0114698 0.00855282 0.00243557 0.00046729 0 2.83206e-05
 0 0 0 0 0.000772559 0.00158375 0.000888443 0.00281984 0.00712685 0.0440552 0.0773331 0.111326 0.0921469 0.0852325 0.0710754 0.0886704 0.0786465 0.0553345 0.0373146 0.0185414 0.00753245 0.00457741 0.012979 0.0271748 0.0457355 0.0583668 0.034881 0.0177882 0.00938659 0.00492506 0.0015258 0.00185414 0.000309023 5.79419e-05 3.86279e-05 0
 0 0.00173294 0.00326652 0 0.00397197 0.00683976 0.00946217 0.0152591 0.00757587 0.0136028 0.0228656 0.0392903 0.0559909 0.0764795 0.0681675 0.0726916 0.0566044 0.0477403 0.0527397 0.0444891 0.0609904 0.0582453 0.0661739 0.0445044 0.0529084 0.0360697 0.0280645 0.0235558 0.0158879 0.00826598 0.00280645 0.00217768 0.000904811 0.00058276 9.20147e-05 0
 0 0 0 0 0 0 0 0 0 0 0 0 0 0 0 0 0 0 0 0 0 0 0 0 0 0 0 0 0 0 0 0 0 0 0 0
 0 0 0 0 0 0 0 0 0 0 0 0 0 0 0 0 0 0 0 0 0 0 0 0 0 0 0 0 0 0 0 0 0 0 0 0
 0 0 0 0 0 0 0 0 0 0 0 0 0 0 0 0 0 0 0 0 0 0 0 0 0 0 0 0 0 0 0 0 0 0 0 0
 0 0 0 0 0 0 0 0 0 0 0 0 0 0 0 0 0 0 0 0 0 0 0 0 0 0 0 0 0 0 0 0 0 0 0 0
 0 0 0 0 0 0 0 0 0 0 0 0 0 0 0 0 0 0 0 0 0 0 0 0 0 0 0 0 0 0 0 0 0 0 0 0
ppred_pel_tallas
 1.05152e-16 7.69154e-06 4.50675e-05 0.000214073 0.000823927 0.0025691 0.00648989 0.0132832 0.0220338 0.0296374 0.0323743 0.0288489 0.0212897 0.0137155 0.00907364 0.00812783 0.0102841 0.0147438 0.0209561 0.0285016 0.0368691 0.0453592 0.0531351 0.0593664 0.063401 0.0649009 0.0638984 0.0607532 0.0560337 0.0503683 0.0443162 0.038293 0.0325576 0.0272437 0.0224086 0.0180761
 1.06813e-16 2.22583e-05 0.000130621 0.00062088 0.00239037 0.00745407 0.0188284 0.038526 0.0638633 0.0857733 0.0933558 0.0823881 0.0590675 0.0346591 0.0171768 0.00819013 0.00532496 0.00578079 0.00785983 0.0108303 0.0143862 0.0183084 0.022353 0.0262508 0.0297442 0.0326227 0.0347446 0.0360373 0.0364831 0.0361011 0.0349338 0.0330452 0.0305265 0.0275018 0.0241291 0.0205895
 1.06167e-16 4.82819e-06 2.82446e-05 0.000134067 0.000515838 0.0016083 0.00406318 0.00831906 0.0138097 0.0186063 0.0204062 0.0183777 0.0139799 0.00982295 0.00787828 0.00877263 0.012278 0.0179894 0.0255548 0.0345547 0.0443416 0.0540035 0.0624717 0.0687251 0.0720196 0.0720612 0.0690659 0.0636804 0.0568007 0.0493492 0.0420854 0.0355002 0.0298049 0.0249927 0.0209331 0.0174606
 1.07687e-16 2.01445e-05 0.000118213 0.000561894 0.00216326 0.00674586 0.0170395 0.0348656 0.0577957 0.0776242 0.084487 0.0745631 0.0534618 0.0313797 0.015573 0.00746894 0.00493037 0.00544037 0.00748692 0.0104385 0.0140515 0.0181579 0.022555 0.0269958 0.0312144 0.0349562 0.0380012 0.0401764 0.0413604 0.0414849 0.0405387 0.0385742 0.0357123 0.0321386 0.02809 0.0238283
 1.0199e-16 3.42887e-05 0.000201253 0.000956677 0.00368328 0.011486 0.0290126 0.0593634 0.0984004 0.132146 0.143793 0.126816 0.0907352 0.0528658 0.0254923 0.0109488 0.00547743 0.0046589 0.00578663 0.00767667 0.00985448 0.0120462 0.0140079 0.0155168 0.0164096 0.0166176 0.0161789 0.015222 0.0139268 0.0124779 0.0110254 0.00966436 0.00843388 0.00733167 0.00633481 0.00541799
 1.01382e-16 1.67888e-05 9.84749e-05 0.000467974 0.00180151 0.00561764 0.0141903 0.0290389 0.0481492 0.0647054 0.0705241 0.0624732 0.0453003 0.027607 0.015582 0.01058 0.0109709 0.0147348 0.0205469 0.0276162 0.0352549 0.0426589 0.0489262 0.0532099 0.0549081 0.053809 0.0501423 0.0445113 0.0377375 0.0306684 0.0240096 0.0182265 0.0135263 0.00990318 0.00721666 0.00526972
 1.00577e-16 3.91768e-05 0.000229957 0.00109316 0.00420879 0.0131248 0.033152 0.0678323 0.112435 0.150985 0.164267 0.144814 0.103485 0.0600351 0.0284646 0.0113943 0.00448387 0.00265096 0.0027987 0.00361307 0.00464047 0.00570041 0.0066699 0.00744136 0.00793213 0.00809986 0.00794949 0.00752771 0.00690799 0.00617157 0.00539089 0.00461999 0.00389262 0.00322596 0.00262679 0.00209703
 1.00318e-16 2.94132e-05 0.000172614 0.000820488 0.00315886 0.00985055 0.0248819 0.0509129 0.0843984 0.113359 0.123393 0.108929 0.078164 0.0459985 0.0230346 0.0113528 0.00780455 0.00864657 0.0115471 0.0153971 0.019601 0.0236537 0.0270361 0.0292706 0.0300237 0.0291861 0.0269016 0.0235272 0.0195437 0.015444 0.0116368 0.00838885 0.0058147 0.00390246 0.00255957 0.00165915
 1.00479e-16 3.41982e-05 0.000200717 0.000954122 0.00367343 0.0114553 0.0289351 0.059205 0.098139 0.131798 0.143423 0.126511 0.0905646 0.052861 0.0256662 0.011324 0.00610038 0.0055954 0.00710382 0.00942004 0.0120246 0.01458 0.0167699 0.0183051 0.018978 0.0187097 0.017568 0.0157459 0.0135107 0.0111412 0.00887257 0.00686372 0.00519091 0.00386195 0.0028407 0.00207164
 1.00449e-16 3.17955e-05 0.000186606 0.000887023 0.00341506 0.0106495 0.0268999 0.0550414 0.0912395 0.122539 0.133365 0.11768 0.0843327 0.049405 0.0243268 0.0113085 0.00690908 0.00705812 0.00923863 0.0122957 0.0156755 0.0189615 0.0217407 0.0236342 0.0243732 0.0238629 0.0222051 0.0196687 0.0166203 0.0134388 0.0104406 0.00783583 0.00571949 0.00409155 0.00289109 0.00203095
 1.00737e-16 2.73477e-05 0.000160485 0.000762826 0.00293684 0.00915819 0.0231331 0.0473348 0.0784683 0.105398 0.114738 0.101312 0.0727523 0.0429217 0.0216948 0.0110258 0.00800879 0.00918049 0.0123794 0.0165638 0.0211494 0.0256161 0.0294181 0.0320469 0.0331388 0.0325606 0.0304407 0.0271299 0.0231108 0.0188839 0.0148692 0.0113478 0.00845083 0.0061848 0.00447674 0.00321903
 1.00791e-16 3.08506e-05 0.000181058 0.000860648 0.00331351 0.0103328 0.0261 0.0534048 0.0885268 0.118897 0.129403 0.11419 0.0818434 0.0479712 0.0236671 0.0110809 0.00688031 0.00712194 0.00936863 0.0125021 0.0159834 0.0194022 0.0223478 0.0244384 0.0253978 0.0251185 0.0236854 0.0213477 0.0184527 0.0153632 0.0123862 0.00972947 0.00749436 0.00569386 0.00428468 0.00319896
 1.00542e-16 3.18774e-05 0.000187088 0.000889314 0.00342388 0.010677 0.0269694 0.0551836 0.091475 0.122855 0.133707 0.117978 0.0845373 0.0495074 0.0243449 0.0112629 0.00680931 0.00690163 0.00901764 0.0120041 0.0153141 0.0185416 0.0212853 0.0231761 0.0239512 0.0235152 0.0219632 0.0195513 0.0166311 0.0135666 0.0106626 0.0081223 0.00603918 0.00441607 0.00319794 0.0023048
 1.00119e-16 3.94938e-05 0.000231816 0.00110199 0.00424279 0.0132308 0.0334199 0.0683805 0.113345 0.152207 0.165601 0.146 0.104355 0.0605847 0.0288082 0.0116743 0.00481254 0.00310013 0.00340827 0.00439538 0.00557681 0.00673558 0.00771146 0.00836726 0.00860738 0.00839924 0.00778111 0.00685124 0.00574292 0.00459347 0.00351726 0.00258979 0.00184452 0.00128015 0.000873035 0.000589942
 1.00047e-16 3.97719e-05 0.000233449 0.00110975 0.00427269 0.013324 0.0336553 0.0688623 0.114143 0.153279 0.166767 0.147026 0.105084 0.0610006 0.0289916 0.0117233 0.00479287 0.00303986 0.00331247 0.00425969 0.00539478 0.00650197 0.00742369 0.00802613 0.00821724 0.00796763 0.00731811 0.00636866 0.00525351 0.00411015 0.0030525 0.00215483 0.00144875 0.000930427 0.000573302 0.000341051
 1.00201e-16 2.94999e-05 0.000173123 0.000822908 0.00316818 0.00987961 0.0249553 0.0510631 0.0846474 0.113693 0.123758 0.109251 0.0783961 0.0461369 0.0231074 0.0113942 0.00783949 0.00868879 0.0116028 0.0154676 0.0196841 0.0237434 0.0271222 0.0293399 0.0300612 0.0291773 0.0268351 0.0233967 0.0193489 0.0151912 0.0113375 0.00805867 0.00547059 0.00356102 0.00223526 0.0013632
 1.00574e-16 3.13777e-05 0.000184153 0.000875361 0.00337016 0.0105095 0.0265462 0.0543178 0.0900401 0.120928 0.131613 0.116136 0.0832299 0.048767 0.024028 0.0111961 0.00687821 0.00705998 0.00926025 0.0123415 0.0157581 0.0190984 0.0219527 0.0239418 0.0247941 0.0244076 0.0228739 0.0204494 0.0174883 0.0143593 0.0113731 0.00873887 0.00655608 0.00483327 0.00352052 0.00254212
 1.00275e-16 3.6882e-05 0.000216478 0.00102906 0.00396198 0.0123551 0.0312079 0.0638551 0.105845 0.142142 0.154664 0.13639 0.0975573 0.0567829 0.027272 0.0115239 0.00548266 0.00438223 0.00530203 0.00696581 0.0088688 0.0107307 0.0123104 0.0133925 0.0138246 0.0135524 0.0126323 0.0112143 0.00950427 0.00771478 0.0060238 0.00454978 0.00334683 0.00241589 0.00172383 0.00122283
 1.00326e-16 3.1415e-05 0.000184371 0.000876392 0.00337412 0.0105219 0.0265775 0.0543818 0.0901467 0.121073 0.131774 0.116286 0.0833564 0.0488783 0.0241513 0.0113671 0.00713286 0.00743109 0.00977315 0.0130077 0.0165677 0.0200138 0.0229069 0.0248444 0.025543 0.0249065 0.0230502 0.0202677 0.0169573 0.0135288 0.0103234 0.00756591 0.00535567 0.00368789 0.00249102 0.00166476
 1.00985e-16 2.39747e-05 0.000140677 0.000668642 0.00257419 0.00802725 0.0202765 0.0414905 0.0687832 0.092398 0.100611 0.0888974 0.0639655 0.0379959 0.0196824 0.0107842 0.00880022 0.0107274 0.0146745 0.019688 0.0251636 0.0305078 0.0350787 0.0382735 0.0396585 0.0390701 0.0366528 0.0328134 0.0281148 0.023143 0.0183915 0.0141932 0.0107063 0.00794521 0.00583158 0.00424651
 1.01309e-16 3.02111e-05 0.000177306 0.000842811 0.00324484 0.0101187 0.0255591 0.0522979 0.0866917 0.116431 0.126718 0.111816 0.0801323 0.0469491 0.0231281 0.0107727 0.00661918 0.00680839 0.00896093 0.0119947 0.0154005 0.0187981 0.0218058 0.0240635 0.0253022 0.0254024 0.0244171 0.022549 0.0200926 0.0173616 0.0146264 0.012077 0.00981633 0.00787553 0.00624073 0.00487801
 1.01263e-16 2.59127e-05 0.00015206 0.000722767 0.0027826 0.00867719 0.0219181 0.044849 0.0743484 0.0998666 0.108724 0.0960193 0.068989 0.0407771 0.020751 0.0107767 0.00811553 0.00949786 0.0128801 0.0172682 0.022087 0.0268094 0.0308752 0.0337593 0.0350818 0.0346967 0.0327241 0.0295107 0.0255377 0.0213061 0.0172374 0.0136148 0.0105728 0.00812409 0.00620437 0.00471704
 1.0161e-16 2.58473e-05 0.000151678 0.000720957 0.00277564 0.00865549 0.0218633 0.0447367 0.0741615 0.0996136 0.108443 0.0957599 0.0687769 0.0406006 0.0205677 0.0105318 0.00775484 0.00897374 0.0121565 0.0163292 0.0209473 0.025523 0.0295375 0.032499 0.0340435 0.0340165 0.0325039 0.0297989 0.0263203 0.0225107 0.0187482 0.0152945 0.0122852 0.00975243 0.0076632 0.00595624
 1.01179e-16 3.08515e-05 0.000181065 0.000860685 0.00331365 0.0103333 0.0261012 0.053407 0.0885301 0.1189 0.129403 0.114181 0.0818182 0.0479188 0.0235715 0.0109207 0.00662846 0.00674933 0.00884956 0.0118222 0.0151484 0.0184443 0.0213283 0.0234435 0.0245278 0.0244721 0.0233425 0.0213557 0.018819 0.0160559 0.013341 0.0108629 0.00871676 0.00692175 0.00544943 0.00425126
 1.02193e-16 9.92718e-06 5.81813e-05 0.000276392 0.00106383 0.0033172 0.00837967 0.0171508 0.0284477 0.0382601 0.0417813 0.037203 0.0273923 0.017522 0.0113731 0.00989669 0.0122802 0.0174378 0.0245994 0.0331672 0.0424378 0.0514897 0.05926 0.0647394 0.0671981 0.0663585 0.0624573 0.0561695 0.0484301 0.040212 0.0323329 0.0253424 0.0195008 0.0148301 0.0112017 0.00842309
 1.03572e-16 2.77236e-05 0.000162708 0.000773426 0.00297771 0.00928568 0.0234549 0.047992 0.0795528 0.106839 0.116268 0.102571 0.0734547 0.0429327 0.0209599 0.00945479 0.00541672 0.00531312 0.00699217 0.0095213 0.0125217 0.0157507 0.0189609 0.0218944 0.0243192 0.0260664 0.0270507 0.0272678 0.0267759 0.0256681 0.0240508 0.0220316 0.0197172 0.0172169 0.014644 0.0121125
 1.03266e-16 7.84441e-06 4.59505e-05 0.000218239 0.000839914 0.00261892 0.00661592 0.0135423 0.0224677 0.0302333 0.0330578 0.0295349 0.0219613 0.0144695 0.0101102 0.00971178 0.012709 0.0182972 0.0258701 0.0348826 0.044619 0.0541158 0.0622585 0.0679917 0.0705589 0.0696824 0.0656268 0.0591149 0.0511366 0.0427115 0.034685 0.027611 0.0217331 0.017044 0.0133833 0.0105331
pSPR Fmed_Fpbrs
0.506665   0.6 0.325
Fs Fmed_Fpbrs
0.64   0.430025 1.49067
SSBpbr Bo_Bmed_Bpbrs
477612  218108  262686 131343
Ro
20333
SPR SPRFo_SPRFmed_SPRFpbrs
419962 212780 136488
log_Ro
9.74
likeval ReclasPelacesDesembMPH_pf_preclas_ppelaces_ptallas_desvR_qrecl_qpela
 101.102 26.1934 0.248436 37.9708 376.917 230.47 60.4772 0 35.0051 0.000180304 0.000394122 1.04999e-14 0 0 0
q_reclas_q_pelaces
6.7044 16.851
M
0.7
N
 14997.1 22210 8115.25 1085.7 0.133682
 39885.3 7221.29 8057.94 2713.86 362.28
 3059.8 18833.2 2146.75 2096.71 797.392
 6847.75 1343.83 2677.52 220.581 294.623
 37493.2 3168.16 324.61 536.409 102.66
 12103.9 18277.3 1303.15 127.148 249.971
 64448.7 5285.78 2452.28 124.48 35.6719
 54039.4 27913.1 651.954 210.687 13.6179
 70765.4 23409 3449.13 56.1416 19.1179
 102638 29770.1 2147.01 204.042 4.39667
 64486.4 46011.9 5215.85 287.021 27.6513
 63352 27226.3 4377.47 323.12 19.257
 49434.4 27074.4 2931.44 316.922 24.509
 28428.1 20304.4 1945.88 127.557 14.646
 13849.8 9617.04 202.324 7.02841 0.498986
 7988.23 4685.31 95.8293 0.730782 0.026414
 5808.06 3404.74 490.88 6.70339 0.0523614
 8535.99 2376.2 235.097 20.309 0.27546
 10455.7 3500.08 167.858 10.0098 0.863896
 7698.22 4645.53 559.883 20.0094 1.28538
 16382.4 3455.8 825.356 76.1749 2.87533
 20627.7 7636.43 900.919 182.021 17.3506
 25741.1 9599.05 1956.83 194.424 42.8157
 48486.6 11851.5 2206.68 368.32 44.3998
 12368.7 22106.4 2465.98 366.331 68.076
 32436.9 5788.96 6006.81 572.966 100.484
 3396.82 14799.1 1213.05 1006.09 112.079
pred_Ctot
 327.958 4381.26 1949.63 262.112 0.032277
 1413.55 2146.31 2861.69 968.012 129.235
 256.142 10358.4 1333.62 1306.25 496.804
 337.846 517.02 1208.89 99.9775 133.548
 494.718 395.454 49.9879 83.0388 15.8942
 1057.56 10310.1 827.334 80.9456 159.147
 5971.92 3083.91 1602.29 81.5475 23.3702
 5001.18 16274.1 425.726 137.94 8.91642
 7853.09 15032.1 2441.72 39.8324 13.5648
 7220.65 14686.3 1212.96 115.645 2.49209
 7011.97 29245.5 3661.38 201.938 19.4555
 6406.11 16664.2 2977.97 220.351 13.133
 6213.88 18447.6 2177.76 235.899 18.2439
 6661.9 17048.8 1697.51 111.368 12.7874
 3245.61 8075.07 176.499 6.13639 0.435664
 821.243 2892.96 65.6713 0.502001 0.0181458
 743.949 2339.56 367.153 5.02336 0.0392401
 1081.77 1625.04 175.17 15.1613 0.20565
 796.734 1817.26 99.1893 5.93295 0.512079
 534.639 2272.51 313.96 11.2569 0.723178
 725.094 1224.6 345.434 32.0105 1.20839
 936.682 2759.72 383.972 77.8888 7.42519
 1354.38 3872.61 922.718 92.0237 20.267
 2869.1 5200.57 1122.94 188.098 22.6765
 513.164 7450.35 985.102 146.948 27.3103
 1904.4 2526.32 3041.65 291.166 51.0674
 317.183 8671.71 795.502 661.504 73.696
F
 0.0308237 0.313883 0.395374 0.397691 0.397744
 0.050385 0.51308 0.646286 0.650074 0.650159
 0.122823 1.25073 1.57545 1.58468 1.58489
 0.0707691 0.720655 0.907751 0.913072 0.913192
 0.0184979 0.188368 0.237272 0.238663 0.238694
 0.12851 1.30864 1.64839 1.65805 1.65827
 0.136775 1.3928 1.7544 1.76469 1.76492
 0.136595 1.39097 1.7521 1.76237 1.7626
 0.165866 1.68904 2.12755 2.14002 2.1403
 0.102306 1.0418 1.31228 1.31997 1.32014
 0.16227 1.65243 2.08143 2.09363 2.09391
 0.150119 1.52869 1.92557 1.93686 1.93711
 0.18981 1.93287 2.43469 2.44896 2.44928
 0.383841 3.90872 4.92351 4.95237 4.95302
 0.383841 3.90872 4.92351 4.95237 4.95302
 0.1528 1.55599 1.95996 1.97144 1.9717
 0.193743 1.97293 2.48514 2.4997 2.50003
 0.191506 1.95014 2.45644 2.47083 2.47116
 0.111243 1.13281 1.42692 1.43528 1.43547
 0.100936 1.02785 1.2947 1.30228 1.30246
 0.0632802 0.644394 0.811693 0.81645 0.816557
 0.0649703 0.661605 0.833371 0.838256 0.838366
 0.0756321 0.770176 0.970129 0.975815 0.975944
 0.0854221 0.86987 1.09571 1.10213 1.10227
 0.0592126 0.602973 0.759517 0.763969 0.764069
 0.0847293 0.862815 1.08682 1.09319 1.09333
 0.137897 1.40423 1.76879 1.77916 1.7794
Np
 12824.3 6159.63 519.746 584.427 43.9061
YTP_r0W_actual
 657.822 67457.2 9764.37 10392.3 1284.87
YTP_p0W_proyectada
 2483.53 6698.4 14526 1061.13 1047.7
 2483.53 28076.8 4183.66 6036.77 503.341
CTP_r0_actual
 80.2222 3123.02 310.967 259.16 28.8736
CTP_p0_proyectada
 302.87 310.111 462.611 26.4621 23.5437
 302.87 1299.85 133.238 150.543 11.311
Wmedp
 8.2 21.6 31.4 40.1 44.5
nmprior
 10.8 10.6 4.6 0
nm_flota  nm_reclas  nm_pelaces    nm_pelaL
inf 15.192 8.0246 18.4583
cv_recla  cv_pelaces  cv_mph
0.725654 0.280322 0.494063
 ------------------------------------------------
Talla a la edad & desviaci?n 
 7.2 14.2025 17.0495 18.207 18.6776
 1.08 2.13037 2.55742 2.73105 2.80164
