years
 1997 1998 1999 2000 2001 2002 2003 2004 2005 2006 2007 2008 2009 2010 2011 2012 2013 2014 2015 2016 2017 2018 2019 2020 2021 2022 2023
reclasobs
 0 0 0 370054 412103 1.49427e+06 250295 1.28982e+06 931140 785840 897777 1.04006e+06 184774 17550 25797 100020 73551 82996 120727 218422 84188 347160 605670 569463 516374 1.08416e+06 1.01767e+06
reclaspred
 861492 197864 485769 251916 343496 404516 780558 592313 724599 860864 804753 572560 334462 117946 74930.6 78518.7 65983 74731 104819 163128 245037 259747 468799 557974 749859 664239 515093
pelacesobs
 0 0 0 0 0 0 0 0 0 2.06254e+06 1.5e+06 0 1.87456e+06 323000 250000 174000 83755 137374 0 501740 490994 745055 786931 1.00524e+06 1.33801e+06 1.41789e+06 0
pelacespred
 3.02305e+06 653046 767162 689131 941012 659317 2.34596e+06 1.76863e+06 2.2362e+06 2.49388e+06 1.78199e+06 1.35134e+06 866751 266289 201791 167961 140172 190612 246206 361409 654296 589616 845984 1.26116e+06 1.40988e+06 1.32569e+06 1.03028e+06
mphobs
 0 0 0 0 0 0 112323 0 153150 637223 0 255016 313432 73983 77613 109348 50772 17779 17303 59886 28197 0 207744 136588 643089 65757 70829
mphpred
 281454 145861 147955 112734 106046 169496 211792 295245 286399 348034 378471 258022 160853 129341 55497.1 52397.4 39144.8 38496.4 25826.2 36043.3 56130.2 72073.7 96663.2 136047 176902 154998 131803
desembarqueobs
 350755 77701 442110 56441 14545 235359 269955 359681 431902 328805 639364 411747 362871 311530 167758 66681 60226 58785 57116 73181 50977 67692 138656 160484 209506 203330 245020
desembarquepred
 350748 77689.6 441972 56442.1 14545.2 235489 270029 359443 431773 328777 638814 411446 362873 312022 167441 66689.4 60277.4 58703 57045.1 73168.1 50983.1 67647.5 138671 160486 209475 203273 244953
Reclutas
 33802.3 44185.4 14904.8 18984.9 39039 22891.7 62359.7 64537.8 91918.9 107805 64285.3 51966.1 49436.4 27730.5 16191.6 9330.51 5655.02 9040 13125.8 13870.8 19277.7 30860.1 37841.8 57089 20716 33070.2 40860.3
log_desv_Rt
 0.148285 0.416149 -0.670564 -0.428603 0.292316 -0.241472 0.760675 0.795007 1.14866 1.30808 0.791086 0.578347 0.528441 -0.0497126 -0.587754 -1.13896 -1.6397 -1.17059 -0.797662 -0.742456 -0.413298 0.057218 0.26117 0.672367 -0.34134 0.126387 0.337915
SSB
 505037 261731 265488 202289 190288 304141 366644 521415 497932 608922 679123 462990 301688 150313 68755.8 64057 52091.7 48176.8 68197.4 101185 146094 182056 252434 335979 487082 444964 352019
BT
 1.53684e+06 393403 546606 336402 395165 445313 1.18208e+06 1.11684e+06 1.32966e+06 1.33651e+06 1.28637e+06 925069 706399 393292 218918 122691 106265 127197 147015 202290 308952 297341 429917 640942 712157 702954 617878
Ftot
 0.647245 0.65713 1.2026 0.360783 0.0760352 0.79977 0.644825 0.988256 1.04305 0.634316 1.13157 1.08858 1.68868 3.30955 3.29238 1.16582 1.31538 1.3631 0.869379 0.681423 0.335297 0.412114 0.435519 0.466931 0.390234 0.484744 0.737155
BD_Bspro_t
 0.920879 0.652616 0.552733 0.318542 0.425337 0.597165 0.499429 0.548145 0.495812 0.496366 0.487411 0.329487 0.244263 0.152444 0.0855888 0.0964722 0.109542 0.140923 0.232042 0.364057 0.479374 0.597977 0.637569 0.634153 0.653461 0.563389 0.503549
BD_Bspro
 0.839009 0.43481 0.441051 0.336059 0.316122 0.505264 0.6091 0.866218 0.827207 1.01159 1.12822 0.769158 0.501189 0.249712 0.114223 0.106417 0.086539 0.0800354 0.113295 0.168097 0.242704 0.302447 0.419364 0.558157 0.809181 0.739211 0.584803
BD_Bo
 0.708855 0.367359 0.372631 0.283927 0.267083 0.426884 0.514612 0.731843 0.698884 0.854666 0.953198 0.64984 0.423441 0.210975 0.0965037 0.0899087 0.0731144 0.0676197 0.09572 0.142021 0.205054 0.255529 0.354309 0.471571 0.683655 0.624539 0.494084
BD_Brms
 1.28883 0.667925 0.677512 0.516231 0.485606 0.776153 0.935658 1.33062 1.2707 1.55394 1.73309 1.18153 0.769892 0.38359 0.175461 0.16347 0.132935 0.122945 0.174036 0.258219 0.372826 0.464598 0.644198 0.857402 1.24301 1.13553 0.898334
S_f
 0.124115 1 1 1 1
 0.124115 1 1 1 1
 0.124115 1 1 1 1
 0.124115 1 1 1 1
 0.124115 1 1 1 1
 0.124115 1 1 1 1
 0.124115 1 1 1 1
 0.124115 1 1 1 1
 0.124115 1 1 1 1
 0.124115 1 1 1 1
 0.124115 1 1 1 1
 0.124115 1 1 1 1
 0.124115 1 1 1 1
 0.124115 1 1 1 1
 0.124115 1 1 1 1
 0.124115 1 1 1 1
 0.124115 1 1 1 1
 0.124115 1 1 1 1
 0.124115 1 1 1 1
 0.124115 1 1 1 1
 0.124115 1 1 1 1
 0.124115 1 1 1 1
 0.124115 1 1 1 1
 0.124115 1 1 1 1
 0.124115 1 1 1 1
 0.124115 1 1 1 1
 0.124115 1 1 1 1
Scru_reclas
 0.292148 0.675018 0.912688 0.981346 0.996237
 0.292148 0.675018 0.912688 0.981346 0.996237
 0.292148 0.675018 0.912688 0.981346 0.996237
 0.292148 0.675018 0.912688 0.981346 0.996237
 0.292148 0.675018 0.912688 0.981346 0.996237
 0.292148 0.675018 0.912688 0.981346 0.996237
 0.292148 0.675018 0.912688 0.981346 0.996237
 0.292148 0.675018 0.912688 0.981346 0.996237
 0.292148 0.675018 0.912688 0.981346 0.996237
 0.292148 0.675018 0.912688 0.981346 0.996237
 0.292148 0.675018 0.912688 0.981346 0.996237
 0.292148 0.675018 0.912688 0.981346 0.996237
 0.292148 0.675018 0.912688 0.981346 0.996237
 0.292148 0.675018 0.912688 0.981346 0.996237
 0.292148 0.675018 0.912688 0.981346 0.996237
 0.292148 0.675018 0.912688 0.981346 0.996237
 0.292148 0.675018 0.912688 0.981346 0.996237
 0.292148 0.675018 0.912688 0.981346 0.996237
 0.292148 0.675018 0.912688 0.981346 0.996237
 0.292148 0.675018 0.912688 0.981346 0.996237
 0.292148 0.675018 0.912688 0.981346 0.996237
 0.292148 0.675018 0.912688 0.981346 0.996237
 0.292148 0.675018 0.912688 0.981346 0.996237
 0.292148 0.675018 0.912688 0.981346 0.996237
 0.292148 0.675018 0.912688 0.981346 0.996237
 0.292148 0.675018 0.912688 0.981346 0.996237
 0.292148 0.675018 0.912688 0.981346 0.996237
Scru_pelaces
 0.869672 1 1 1 1
 0.869672 1 1 1 1
 0.869672 1 1 1 1
 0.869672 1 1 1 1
 0.869672 1 1 1 1
 0.869672 1 1 1 1
 0.869672 1 1 1 1
 0.869672 1 1 1 1
 0.869672 1 1 1 1
 0.869672 1 1 1 1
 0.869672 1 1 1 1
 0.869672 1 1 1 1
 0.869672 1 1 1 1
 0.869672 1 1 1 1
 0.869672 1 1 1 1
 0.869672 1 1 1 1
 0.869672 1 1 1 1
 0.869672 1 1 1 1
 0.869672 1 1 1 1
 0.869672 1 1 1 1
 0.869672 1 1 1 1
 0.869672 1 1 1 1
 0.869672 1 1 1 1
 0.869672 1 1 1 1
 0.869672 1 1 1 1
 0.869672 1 1 1 1
 0.869672 1 1 1 1
pf_obs 
 0.256992 0.487395 0.22802 0.0275931 0
 0.321318 0.546541 0.124235 0.00734118 0.000564706
 0.182869 0.594174 0.210203 0.0122559 0.00049798
 0.330522 0.361315 0.267642 0.0388342 0.00168674
 0.649043 0.306663 0.0425973 0.00169635 0
 0.582887 0.30429 0.105238 0.00758474 0
 0.465427 0.430635 0.0974691 0.00646863 0
 0.296916 0.608066 0.0921331 0.00288517 0
 0.311714 0.524322 0.152257 0.0117073 0
 0.15457 0.633149 0.183074 0.0267441 0.00246327
 0.131901 0.49318 0.331252 0.0422183 0.00144891
 0.196976 0.569456 0.194076 0.0375587 0.00193317
 0.518974 0.381816 0.0799577 0.0180837 0.00116848
 0.0928022 0.601141 0.25162 0.0475244 0.00691264
 0.122501 0.610282 0.24278 0.0234846 0.000952079
 0.383417 0.481906 0.127806 0.00687128 0
 0.0376549 0.599619 0.316969 0.0457579 0
 0.0361596 0.667082 0.258105 0.0386534 0
 0.158088 0.579412 0.248529 0.0139706 0
 0.0477256 0.309471 0.559284 0.082774 0.000745712
 0.0406174 0.521527 0.379366 0.0568643 0.0016247
 0.151134 0.462217 0.34131 0.0453401 0
 0.294876 0.26143 0.354403 0.0886775 0.000613685
 0.281977 0.475581 0.204845 0.0348837 0.00271318
 0.0841818 0.532909 0.334909 0.0458182 0.00218182
 0.115287 0.27431 0.454777 0.147771 0.00785563
 0 0 0 0 0
pf_pred 
 0.23639 0.532244 0.206193 0.0251644 8.53479e-06
 0.258553 0.575903 0.115386 0.044701 0.00545729
 0.0990446 0.718564 0.141668 0.0283842 0.0123386
 0.209721 0.495988 0.234714 0.046275 0.0133018
 0.284754 0.514534 0.125969 0.0596119 0.0151311
 0.131382 0.668007 0.144316 0.0353316 0.0209638
 0.381196 0.40145 0.167156 0.0361122 0.0140868
 0.256833 0.649257 0.060924 0.0253675 0.00761819
 0.322601 0.558293 0.104055 0.00976417 0.00528656
 0.267433 0.636966 0.0787919 0.0146853 0.00212411
 0.160358 0.674163 0.143884 0.0177982 0.00379706
 0.199803 0.590197 0.168612 0.0359862 0.00540111
 0.268754 0.571762 0.11763 0.0336055 0.00824875
 0.273411 0.641361 0.0666399 0.01371 0.00487819
 0.341131 0.630615 0.0249401 0.00259137 0.000722823
 0.238216 0.737481 0.0232608 0.000919935 0.000122247
 0.183519 0.67307 0.138836 0.004379 0.000196198
 0.368707 0.496402 0.111198 0.0229371 0.000755871
 0.346584 0.593108 0.0474218 0.0106229 0.00226342
 0.246699 0.655864 0.0884443 0.00707154 0.00192161
 0.252772 0.589878 0.136997 0.0184743 0.00187849
 0.270591 0.556772 0.136284 0.0316514 0.00470225
 0.229585 0.60581 0.125646 0.0307551 0.00820391
 0.261656 0.553424 0.14541 0.0301584 0.00935117
 0.0800809 0.72072 0.149309 0.0392305 0.0106594
 0.187367 0.374286 0.343427 0.0711468 0.0237728
 0.231131 0.541134 0.104891 0.0962433 0.0266006
pobs_RECLAS
 0 0 0 0 0
 0 0 0 0 0
 0 0 0 0 0
 0 0 0 0 0
 0.835266 0.146461 0.0176864 0.000547809 3.91292e-05
 0.385257 0.428462 0.181853 0.0044286 0
 0.867414 0.0963971 0.0333333 0.00285562 0
 0.441836 0.489002 0.0689373 0.000224442 0
 0.779404 0.147425 0.0564933 0.0165055 0.000172143
 0.814271 0.122319 0.05973 0.00367925 0
 0.40263 0.566651 0.0304383 0.000280538 0
 0.475488 0.404961 0.113038 0.00651328 0
 0.955842 0.0263864 0.0167828 0.000988607 0
 0.975058 0.0227948 0.00214734 0 0
 0.738997 0.206755 0.0527124 0.00153531 0
 0.850938 0.134255 0.0134407 0.00136685 0
 0.542534 0.407297 0.0501686 0 0
 0.764087 0.199537 0.0359546 0.000420521 0
 0.470689 0.182191 0.310203 0.0369168 0
 0.84361 0.089868 0.0606195 0.00523954 0.000663233
 0.607945 0.314616 0.071237 0.00620181 0
 0.523733 0.453247 0.0230204 0 0
 0.530135 0.295979 0.169645 0.0042399 0
 0.562478 0.366248 0.0663022 0.0049721 0
 0.250443 0.683176 0.0655157 0.000865301 0
 0.195077 0.31981 0.436473 0.0351445 0.0134964
 0.565238 0.351407 0.0832357 0.000118908 0
ppred_RECLAS
 0.505344 0.310603 0.162696 0.0213496 7.35082e-06
 0.540823 0.328517 0.0889956 0.0370708 0.00459444
 0.285859 0.529251 0.141084 0.0303934 0.0134125
 0.454036 0.300796 0.192463 0.0407994 0.0119058
 0.556726 0.287308 0.0951051 0.0483919 0.0124696
 0.340981 0.465634 0.136014 0.0358042 0.0215666
 0.665802 0.191457 0.107788 0.0250381 0.00991518
 0.556393 0.369366 0.0468636 0.020981 0.00639646
 0.631789 0.285124 0.0718526 0.00724959 0.00398466
 0.560241 0.364736 0.0610029 0.0122251 0.00179509
 0.408707 0.442828 0.127788 0.0169963 0.003681
 0.467358 0.357856 0.138232 0.0317215 0.00483328
 0.589436 0.296456 0.0824651 0.0253315 0.00631219
 0.684704 0.26657 0.0374498 0.00828424 0.00299236
 0.753576 0.232226 0.012418 0.00138734 0.000392849
 0.54656 0.434036 0.01851 0.000787117 0.000106184
 0.457312 0.421084 0.11744 0.00398282 0.000181155
 0.68468 0.229774 0.0695941 0.0154352 0.000516371
 0.658031 0.300032 0.0324353 0.00781236 0.00168984
 0.534891 0.386839 0.0705332 0.0060637 0.00167274
 0.528093 0.345909 0.108622 0.0157498 0.00162576
 0.549887 0.315632 0.104461 0.0260858 0.0039342
 0.497618 0.365577 0.102518 0.0269815 0.00730651
 0.53848 0.316236 0.112345 0.0250534 0.00788617
 0.223534 0.56222 0.157483 0.0444908 0.0122721
 0.408868 0.226426 0.280908 0.0625727 0.0212251
 0.497825 0.315199 0.0826089 0.0814998 0.0228675
pobs_PELACES
 0 0 0 0 0
 0 0 0 0 0
 0 0 0 0 0
 0 0 0 0 0
 0 0 0 0 0
 0 0 0 0 0
 0 0 0 0 0
 0 0 0 0 0
 0 0 0 0 0
 0 0 0 0 0
 0.450072 0.473896 0.0757376 0.000293798 0
 0 0 0 0 0
 0.463077 0.371075 0.160297 0.00555027 0
 0.529543 0.364841 0.0842815 0.0213345 0
 0.631943 0.363953 0.00410389 0 0
 0.735681 0.248677 0.0153453 0.000297389 0
 0.695825 0.281241 0.0229344 0 0
 0.275771 0.60734 0.115278 0.00161068 0
 0 0 0 0 0
 0.896147 0.0623911 0.0374545 0.00400742 0
 0.803859 0.145111 0.0509908 3.86294e-05 0
 0.739449 0.233085 0.0266225 0.000797448 4.60066e-05
 0.878498 0.100942 0.0204185 0.000141795 0
 0.694673 0.275183 0.0284847 0.00165964 0
 0.469039 0.446079 0.0841089 0.000773354 0
 0.822795 0.102175 0.0682046 0.00682512 0
 0 0 0 0 0
ppred_PELACES
 0.733154 0.185994 0.0720548 0.00879378 2.98251e-06
 0.756505 0.189129 0.0378933 0.01468 0.0017922
 0.550644 0.358387 0.0706577 0.0141568 0.00615393
 0.678749 0.20162 0.0954121 0.0188109 0.00540724
 0.741153 0.18621 0.0455881 0.0215735 0.00547594
 0.587787 0.31701 0.0684866 0.016767 0.0099486
 0.845253 0.100393 0.0418014 0.00903075 0.00352276
 0.778695 0.19334 0.0181423 0.00755409 0.00226859
 0.832239 0.138264 0.0257697 0.00241814 0.00130924
 0.763242 0.205861 0.0254647 0.00474613 0.000686489
 0.673756 0.261947 0.0559063 0.00691553 0.00147536
 0.726124 0.202001 0.0577093 0.0123166 0.00184859
 0.835783 0.128402 0.0264164 0.00754685 0.00185244
 0.922229 0.0686489 0.00713289 0.00146747 0.000522144
 0.941737 0.0557641 0.0022054 0.00022915 6.3918e-05
 0.774326 0.218474 0.00689086 0.000272525 3.62148e-05
 0.724604 0.227024 0.0468288 0.00147702 6.61768e-05
 0.874715 0.0985151 0.0220682 0.00455207 0.000150009
 0.837215 0.14776 0.0118141 0.00264647 0.000563883
 0.746559 0.220659 0.0297563 0.00237916 0.000646507
 0.727385 0.215208 0.0499813 0.00674006 0.00068534
 0.750637 0.190343 0.0465914 0.0108207 0.00160756
 0.709244 0.228634 0.0474191 0.011607 0.00309617
 0.745884 0.190472 0.0500459 0.0103796 0.0032184
 0.411993 0.46068 0.0954378 0.0250759 0.00681341
 0.657836 0.157596 0.144602 0.0299568 0.0100097
 0.734329 0.18698 0.0362436 0.0332554 0.00919144
pobs_pel_tallas
 0 0 0 0 0 0 0 0 0 0 0 0 0 0 0 0 0 0 0 0 0 0 0 0 0 0 0 0 0 0 0 0 0 0 0 0
 0 0 0 0 0 0 0 0 0 0 0 0 0 0 0 0 0 0 0 0 0 0 0 0 0 0 0 0 0 0 0 0 0 0 0 0
 0 0 0 0 0 0 0 0 0 0 0 0 0 0 0 0 0 0 0 0 0 0 0 0 0 0 0 0 0 0 0 0 0 0 0 0
 0 0 0 0 0 0 0 0 0 0 0 0 0 0 0 0 0 0 0 0 0 0 0 0 0 0 0 0 0 0 0 0 0 0 0 0
 0 0 0 0 0 0 0 0 0 0 0 0 0 0 0 0 0 0 0 0 0 0 0 0 0 0 0 0 0 0 0 0 0 0 0 0
 0 0 0 0 0 0 0 0 0 0 0 0 0 0 0 0 0 0 0 0 0 0 0 0 0 0 0 0 0 0 0 0 0 0 0 0
 0 0 0 0 0 0 0 0 0 0 0 0 0 0 0 0 0 0 0 0 0 0 0 0 0 0 0 0 0 0 0 0 0 0 0 0
 0 0 0 0 0 0 0 0 0 0 0 0 0 0 0 0 0 0 0 0 0 0 0 0 0 0 0 0 0 0 0 0 0 0 0 0
 0 0 0 0 0 0 0 0 0 0 0 0 0 0 0 0 0 0 0 0 0 0 0 0 0 0 0 0 0 0 0 0 0 0 0 0
 0 0 0 0 0 0 0 0 0 0 0 0 0 0 0 0 0 0 0 0 0 0 0 0 0 0 0 0 0 0 0 0 0 0 0 0
 0 0 0 0 0 0 0 0 1.78061e-05 0.00172719 0.00360574 0.0105946 0.0120993 0.0124554 0.0147524 0.0171206 0.0266825 0.0428682 0.0675386 0.121331 0.153587 0.119568 0.100827 0.0573624 0.0630603 0.0341343 0.0324427 0.0444173 0.0211091 0.0280891 0.0125444 0.00206551 0 0 0 0
 0 0 0 0 0 0 0 0 0 0 0 0 0 0 0 0 0 0 0 0 0 0 0 0 0 0 0 0 0 0 0 0 0 0 0 0
 0 0 0 0 0 0 0.0133647 0.0140871 0.0187388 0.0205184 0.03894 0.0496705 0.03968 0.0493445 0.0407372 0.0367815 0.0215668 0.0243155 0.0234873 0.0199281 0.019796 0.0243948 0.0301388 0.0376714 0.0412746 0.0863199 0.0771752 0.113111 0.0741005 0.0525337 0.0229764 0.00759418 0.00175318 0 0 0
 0 0 0 0 0 0 0 0 0 0 0.00219441 0.00772107 0.0458388 0.0604681 0.0671733 0.0775358 0.0609151 0.0617685 0.073594 0.0568108 0.0755445 0.0548602 0.0670107 0.0636378 0.0643287 0.046367 0.0373049 0.0286899 0.0247887 0.0153202 0.00654259 0.00121912 0.000365735 0 0 0
 0 0 0 0 0 0 0 0 0 0 0 0 0.000112435 0.00938835 0.0111873 0.0202946 0.0414886 0.0713402 0.111592 0.104902 0.108894 0.110636 0.117776 0.105296 0.107544 0.0401394 0.0192827 0.0124803 0.00416011 0.0028671 0.000618394 0 0 0 0 0
 0 0 0 0 0 0 0 0 0 0 0.00291406 0.0102884 0.027416 0.0768956 0.0749926 0.110853 0.0956884 0.0897413 0.0766577 0.0534642 0.0500743 0.0551293 0.0594112 0.0620874 0.0668451 0.0424026 0.0208742 0.0120726 0.0048766 0.00582813 0.00118941 0.000297354 0 0 0 0
 0 0.00264628 0.0354308 0.0461629 0.0458689 0.0383711 0.0214643 0.0164657 0.0346957 0.0420465 0.0363128 0.0245516 0.0311673 0.0291091 0.0169068 0.0133784 0.00837989 0.0085269 0.0148486 0.0160247 0.0276389 0.0546898 0.0760071 0.122758 0.109233 0.0665981 0.0333725 0.0166128 0.00676272 0.00308733 0.000882094 0 0 0 0 0
 0 0 0 0 0 0 0 0.000805153 0.000690131 0.00759144 0.0133425 0.0154129 0.00931677 0.000345066 0.00356568 0.00563607 0.00851162 0.0253048 0.0502646 0.0516448 0.0657925 0.0565908 0.0611916 0.0827007 0.0866115 0.110766 0.145733 0.0935128 0.0569358 0.0249597 0.0138026 0.00621118 0.00161031 0.00115022 0 0
 0 0 0 0 0 0 0 0 0 0 0 0 0 0 0 0 0 0 0 0 0 0 0 0 0 0 0 0 0 0 0 0 0 0 0 0
 0.00147267 0.00158595 0.00478618 0.00569244 0.00954404 0.0108468 0.00647125 0.017049 0.0510054 0.094081 0.124002 0.0959785 0.0687766 0.0820023 0.061753 0.0591476 0.0492212 0.0479892 0.0443925 0.0268479 0.0217502 0.0140895 0.0121071 0.0120363 0.00920419 0.00665534 0.0049561 0.00860946 0.00930331 0.0156896 0.0114698 0.00855282 0.00243557 0.00046729 0 2.83206e-05
 0 0 0 0 0.000772559 0.00158375 0.000888443 0.00281984 0.00712685 0.0440552 0.0773331 0.111326 0.0921469 0.0852325 0.0710754 0.0886704 0.0786465 0.0553345 0.0373146 0.0185414 0.00753245 0.00457741 0.012979 0.0271748 0.0457355 0.0583668 0.034881 0.0177882 0.00938659 0.00492506 0.0015258 0.00185414 0.000309023 5.79419e-05 3.86279e-05 0
 0 0.00173294 0.00326652 0 0.00397197 0.00683976 0.00946217 0.0152591 0.00757587 0.0136028 0.0228656 0.0392903 0.0559909 0.0764795 0.0681675 0.0726916 0.0566044 0.0477403 0.0527397 0.0444891 0.0609904 0.0582453 0.0661739 0.0445044 0.0529084 0.0360697 0.0280645 0.0235558 0.0158879 0.00826598 0.00280645 0.00217768 0.000904811 0.00058276 9.20147e-05 0
 0 0 0 0 0 0 0 0 0 0 0 0 0 0 0 0 0 0 0 0 0 0 0 0 0 0 0 0 0 0 0 0 0 0 0 0
 0 0 0 0 0 0 0 0 0 0 0 0 0 0 0 0 0 0 0 0 0 0 0 0 0 0 0 0 0 0 0 0 0 0 0 0
 0 0 0 0 0 0 0 0 0 0 0 0 0 0 0 0 0 0 0 0 0 0 0 0 0 0 0 0 0 0 0 0 0 0 0 0
 0 0 0 0 0 0 0 0 0 0 0 0 0 0 0 0 0 0 0 0 0 0 0 0 0 0 0 0 0 0 0 0 0 0 0 0
 0 0 0 0 0 0 0 0 0 0 0 0 0 0 0 0 0 0 0 0 0 0 0 0 0 0 0 0 0 0 0 0 0 0 0 0
ppred_pel_tallas
 1.01386e-16 3.19893e-05 0.000187749 0.00089247 0.00343605 0.010715 0.0270653 0.0553793 0.0917979 0.123284 0.134162 0.118351 0.0847436 0.0495052 0.0241165 0.0107793 0.00601268 0.00571364 0.00736326 0.00984204 0.0126666 0.0155159 0.0180806 0.0200684 0.0212565 0.0215384 0.0209424 0.0196153 0.0177775 0.0156676 0.0134942 0.0114075 0.00949448 0.00779038 0.00629841 0.00500745
 1.01188e-16 3.30076e-05 0.000193727 0.00092089 0.00354547 0.0110562 0.0279272 0.0571428 0.094721 0.127209 0.138432 0.122114 0.0874293 0.0510566 0.0248386 0.0110428 0.00607143 0.00568412 0.00727466 0.00968168 0.0124023 0.0151052 0.0174757 0.0192232 0.0201346 0.0201218 0.0192393 0.0176638 0.0156445 0.0134426 0.0112783 0.00930061 0.00758258 0.00613591 0.00493512 0.00394032
 1.01894e-16 2.4038e-05 0.000141052 0.000670432 0.00258109 0.00804879 0.0203309 0.0416015 0.0689661 0.0926408 0.100867 0.0891051 0.0640742 0.0379789 0.0195246 0.0104623 0.00827238 0.00993872 0.0135718 0.018239 0.0233764 0.028446 0.0328667 0.036089 0.0377105 0.0375671 0.0357678 0.0326547 0.0287096 0.024437 0.0202634 0.016478 0.0132229 0.0105203 0.00831812 0.00653379
 1.0232e-16 2.96177e-05 0.000173824 0.000826265 0.00318114 0.00992006 0.0250573 0.051271 0.084989 0.114143 0.124222 0.109602 0.0785206 0.0459546 0.0225458 0.0103494 0.00616043 0.00619583 0.00813198 0.0109292 0.0141219 0.0173802 0.0203744 0.0227872 0.0243707 0.0249969 0.0246783 0.0235507 0.0218283 0.0197464 0.0175126 0.0152786 0.0131373 0.0111344 0.00928916 0.00761039
 1.01706e-16 3.2338e-05 0.000189797 0.000902204 0.00347353 0.0108319 0.0273605 0.0559833 0.092799 0.124628 0.135624 0.119638 0.0856602 0.0500303 0.0243524 0.0108498 0.00600043 0.00565293 0.00725752 0.00968007 0.0124313 0.0151889 0.0176456 0.0195154 0.0205855 0.0207625 0.0200901 0.0187292 0.0169107 0.0148776 0.0128347 0.010921 0.00920565 0.00770308 0.00639607 0.00525688
 1.02117e-16 2.56559e-05 0.000150555 0.000715616 0.00275507 0.00859136 0.0217013 0.0444052 0.0736121 0.0988757 0.10764 0.0950512 0.068269 0.0403028 0.0204205 0.0104623 0.00771077 0.00892719 0.0120948 0.0162468 0.0208428 0.0253992 0.0294021 0.0323654 0.033931 0.0339492 0.0325089 0.0299032 0.0265473 0.0228766 0.0192589 0.0159436 0.0130538 0.0106105 0.00857298 0.0068765
 1.01102e-16 3.68738e-05 0.000216433 0.00102886 0.0039612 0.0123527 0.0312018 0.0638422 0.105823 0.142108 0.154619 0.136331 0.0974714 0.0566455 0.0270433 0.0111501 0.00489924 0.00352095 0.00410406 0.00539948 0.00694919 0.00853507 0.00998307 0.0111348 0.011869 0.0121252 0.0119142 0.0113086 0.0104197 0.00936813 0.00825921 0.00716837 0.00613945 0.00519136 0.00432868 0.00355077
 1.00687e-16 3.39753e-05 0.000199408 0.000947898 0.00364946 0.0113805 0.0287463 0.0588188 0.0974989 0.130939 0.14249 0.125692 0.0899852 0.0525379 0.0255374 0.0113145 0.00616192 0.00570959 0.00726909 0.00963912 0.0122971 0.0148989 0.0171209 0.0186685 0.0193317 0.0190343 0.0178512 0.0159853 0.0137143 0.0113251 0.00905657 0.00706636 0.0054252 0.00413273 0.00314418 0.0023969
 1.00556e-16 3.63078e-05 0.000213107 0.00101304 0.00390028 0.0121627 0.0307219 0.0628607 0.104197 0.139928 0.152256 0.134268 0.0960418 0.0559059 0.0268608 0.0113682 0.00543778 0.00438028 0.00532391 0.00701578 0.00896218 0.0108895 0.0125609 0.0137624 0.0143389 0.0142288 0.0134766 0.0122178 0.0106425 0.00894957 0.00730729 0.0058302 0.00457459 0.00354891 0.00273135 0.00208707
 1.00624e-16 3.3302e-05 0.000195454 0.000929097 0.00357707 0.0111547 0.028176 0.0576521 0.0955656 0.128344 0.13967 0.123214 0.0882323 0.0515567 0.0251395 0.0112729 0.00633065 0.00603504 0.0077518 0.0102972 0.0131445 0.0159338 0.0183214 0.0199917 0.0207191 0.0204193 0.0191688 0.0171807 0.014749 0.0121787 0.00972568 0.00756117 0.00576498 0.00434179 0.00324866 0.00242248
 1.01186e-16 2.94023e-05 0.000172554 0.000820216 0.00315783 0.00984736 0.0248738 0.0508959 0.0843688 0.113315 0.123334 0.10885 0.0780505 0.045817 0.0227329 0.0108602 0.00703653 0.00751455 0.00997576 0.013348 0.0170983 0.0208043 0.024035 0.0263864 0.0275625 0.0274417 0.0261021 0.0237932 0.0208678 0.0176967 0.0145951 0.0117788 0.00935631 0.00734843 0.00572026 0.00441307
 1.01395e-16 3.16834e-05 0.000185952 0.000883922 0.00340313 0.0106123 0.026806 0.0548488 0.0909191 0.122105 0.132883 0.117232 0.0839625 0.0490894 0.023989 0.0108488 0.00622705 0.00606315 0.00785978 0.0104979 0.0134798 0.0164622 0.0191105 0.0211114 0.0222309 0.022365 0.0215595 0.0199896 0.0179094 0.0155885 0.0132581 0.0110788 0.00913581 0.00745328 0.00601773 0.00480041
 1.00763e-16 3.64619e-05 0.000214013 0.00101734 0.00391687 0.0122144 0.0308526 0.063128 0.10464 0.140522 0.1529 0.13483 0.0964315 0.056108 0.0269116 0.0113106 0.00529365 0.00414944 0.00499512 0.00657837 0.00841464 0.0102449 0.0118492 0.013029 0.0136392 0.0136202 0.013009 0.0119262 0.0105417 0.0090339 0.00755338 0.00620238 0.00503136 0.0040488 0.00323742 0.00256976
 1.00199e-16 4.02289e-05 0.000236134 0.00112252 0.00432185 0.0134774 0.0340426 0.0696545 0.115456 0.15504 0.168678 0.148701 0.106259 0.0616363 0.0292077 0.0116617 0.00453786 0.00261206 0.00269821 0.00344032 0.00436624 0.00528599 0.00607201 0.00661754 0.0068476 0.00673493 0.00630607 0.00563326 0.00481559 0.0039556 0.00313903 0.00242287 0.00183314 0.00137044 0.00101925 0.000757314
 1.00061e-16 4.10791e-05 0.000241126 0.00114626 0.00441325 0.0137624 0.0347625 0.0711274 0.117897 0.158317 0.17224 0.151832 0.108477 0.0628858 0.0297292 0.0117465 0.00437593 0.00227785 0.00219755 0.00275522 0.00348081 0.004199 0.0048021 0.00520323 0.00534279 0.005201 0.00480272 0.00421052 0.00350889 0.00278465 0.00210993 0.00153206 0.00107164 0.000727111 0.000482738 0.000316694
 1.00181e-16 3.37858e-05 0.000198293 0.000942592 0.00362902 0.0113168 0.0285853 0.0584896 0.0969541 0.13021 0.141702 0.12501 0.0895269 0.05233 0.0255472 0.0115059 0.00652829 0.00627278 0.00806173 0.0106843 0.0135915 0.0164009 0.0187466 0.0202965 0.0208186 0.0202367 0.0186499 0.0163054 0.0135362 0.0106844 0.00803396 0.00577089 0.00397573 0.00264146 0.00170485 0.00107847
 1.00793e-16 3.16181e-05 0.000185566 0.000882084 0.00339605 0.0105902 0.0267502 0.0547349 0.0907309 0.121854 0.132616 0.11701 0.0838315 0.0490701 0.0240858 0.0110707 0.00659832 0.00662008 0.00863914 0.0115223 0.0147439 0.0179214 0.0206774 0.0226612 0.0236165 0.02344 0.0222026 0.020125 0.0175185 0.01471 0.0119778 0.00951302 0.00741192 0.00569244 0.00432232 0.0032468
 1.00509e-16 3.81583e-05 0.000223975 0.00106471 0.00409925 0.0127832 0.0322892 0.0660672 0.10951 0.14706 0.160005 0.141074 0.100852 0.0585888 0.02793 0.0114428 0.00491273 0.00339759 0.00387872 0.00505924 0.00646372 0.00786877 0.00910064 0.0100057 0.0104719 0.0104526 0.00997566 0.00913305 0.00805539 0.00688017 0.00572422 0.00466772 0.0037513 0.00298329 0.00235186 0.0018367
 1.00334e-16 3.65252e-05 0.000214382 0.0010191 0.00392361 0.0122354 0.0309057 0.0632368 0.10482 0.140766 0.15317 0.135077 0.0966293 0.0562647 0.0270642 0.0115066 0.00557921 0.00456441 0.00556989 0.00732783 0.00933008 0.011287 0.0129459 0.0140806 0.0145312 0.0142415 0.0132717 0.011781 0.00998634 0.00811182 0.00634421 0.00480704 0.00355577 0.00258967 0.00187237 0.00135242
 1.00607e-16 3.25751e-05 0.000191185 0.0009088 0.00349891 0.010911 0.0275604 0.0563927 0.0934785 0.125543 0.136626 0.12054 0.0863417 0.0505009 0.0247159 0.0112377 0.00652784 0.00640805 0.00830214 0.0110443 0.0141015 0.0170955 0.0196585 0.0214521 0.0222332 0.0219106 0.0205655 0.0184256 0.0158059 0.0130339 0.0103852 0.00804501 0.00610093 0.00455995 0.00337761 0.00248716
 1.01044e-16 3.17389e-05 0.000186276 0.000885462 0.00340906 0.0106308 0.0268527 0.0549445 0.091078 0.122319 0.133119 0.117447 0.0841303 0.0492156 0.0241027 0.0109872 0.00642526 0.00635031 0.00825776 0.0110177 0.0141161 0.0171886 0.019878 0.0218512 0.0228634 0.0228121 0.0217579 0.0199019 0.0175299 0.0149435 0.0123993 0.0100743 0.00805899 0.00637297 0.00499127 0.00386965
 1.01171e-16 3.27517e-05 0.000192225 0.000913749 0.00351798 0.0109705 0.0277106 0.0566997 0.0939865 0.126223 0.137359 0.12117 0.086758 0.0506735 0.024669 0.0109963 0.00608771 0.00573764 0.0073615 0.00980713 0.0125742 0.0153308 0.0177601 0.0195676 0.0205358 0.0205716 0.0197247 0.0181676 0.016147 0.0139233 0.0117178 0.00968314 0.0078973 0.00637813 0.00510635 0.00404746
 1.01292e-16 3.09484e-05 0.000181634 0.00086339 0.00332407 0.0103658 0.0261832 0.0535749 0.0888082 0.119273 0.129808 0.114537 0.0820688 0.0480568 0.0236232 0.0109172 0.00658905 0.0066795 0.00874694 0.0116822 0.0149677 0.0182234 0.0210722 0.0231623 0.0242358 0.0241863 0.0230806 0.0211337 0.0186496 0.0159472 0.0132962 0.0108798 0.00878905 0.00703954 0.00560054 0.00442257
 1.0128e-16 3.25445e-05 0.000191008 0.000907964 0.00349571 0.010901 0.0275352 0.0563407 0.0933916 0.125424 0.136491 0.120405 0.0862122 0.0503594 0.0245249 0.0109474 0.00608287 0.00575359 0.0073923 0.00985468 0.0126434 0.0154276 0.0178908 0.0197379 0.0207501 0.0208322 0.020031 0.0185156 0.0165294 0.0143295 0.0121355 0.0100986 0.00829745 0.00675145 0.00544389 0.00434345
 1.02685e-16 1.79963e-05 0.000105573 0.000501738 0.00193154 0.00602316 0.0152144 0.0311337 0.0516187 0.0693562 0.0755621 0.0668625 0.0483234 0.0291322 0.0158777 0.00995846 0.00957751 0.0125416 0.0174461 0.0235204 0.030173 0.0367452 0.042497 0.0467228 0.0489035 0.0488241 0.0466188 0.0427196 0.0377378 0.0323139 0.0269895 0.0221327 0.0179254 0.0143986 0.0114906 0.00910251
 1.03602e-16 2.8704e-05 0.000168464 0.000800792 0.00308307 0.00961426 0.0242849 0.0496902 0.0823676 0.110619 0.12038 0.106195 0.0760431 0.0444308 0.0216626 0.00972019 0.00549062 0.00530841 0.00693643 0.00939976 0.0122983 0.0153765 0.0183803 0.021053 0.0231747 0.0245994 0.0252742 0.0252319 0.0245651 0.0233929 0.0218327 0.0199863 0.017939 0.0157674 0.0135472 0.0113564
 1.02148e-16 3.20404e-05 0.00018805 0.000893899 0.00344155 0.0107322 0.0271086 0.0554679 0.0919448 0.123481 0.134376 0.118539 0.0848761 0.0495781 0.0241431 0.0107749 0.00598498 0.00566088 0.00727669 0.00970836 0.01247 0.015241 0.0177156 0.0196098 0.0207139 0.0209375 0.0203268 0.0190436 0.0173177 0.0153872 0.0134498 0.0116347 0.0100009 0.0085539 0.00727009 0.00611934
pSPR Fmed_Fpbrs
0.461771   0.6 0.325
Fs Fmed_Fpbrs
0.64   0.365247 1.17137
SSBpbr Bo_Bmed_Bpbrs
712468  293374  391857 195929
Ro
29143.9
SPR SPRFo_SPRFmed_SPRFpbrs
601944 277961 195632
log_Ro
10.1
likeval ReclasPelacesDesembMPH_pf_preclas_ppelaces_ptallas_desvR_qrecl_qpela
 93.3359 31.6979 0.0663717 41.6643 349.902 215.831 60.59 0 19.8411 1.70665e-05 0.00011947 8.93811e-16 0 0 0
q_reclas_q_pelaces
1.79571 4.7353
M
0.7
N
 33802.3 11938.7 4625.1 564.461 0.191443
 44185.4 15490 3103.53 1202.32 146.785
 14904.8 20223.3 3987.11 798.845 347.258
 18984.9 6375.23 3016.93 594.801 170.977
 39039 9014.76 2207.01 1044.41 265.1
 22891.7 19204.1 4148.84 1015.72 602.674
 62359.7 10293.5 4286 925.943 361.196
 64537.8 28585.1 2682.33 1116.87 335.41
 91918.9 28349.1 5283.72 495.806 268.441
 107805 40102.9 4960.68 924.575 133.732
 64285.3 49481.5 10560.6 1306.34 278.693
 51966.1 27740.3 7925.06 1691.41 253.862
 49436.4 22544.3 4638.1 1325.05 325.245
 27730.5 19907.5 2068.47 425.551 151.416
 16191.6 9131.85 361.154 37.5253 10.4671
 9330.51 5343.37 168.534 6.66533 0.885731
 5655.02 4009.21 826.99 26.084 1.16867
 9040 2385.2 534.306 110.213 3.63195
 13125.8 3790.42 303.063 67.8885 14.465
 13870.8 5851.39 789.07 63.0899 17.1439
 19277.7 6329.45 1469.99 198.231 20.1564
 30860.1 9182.79 2247.72 522.024 77.5538
 37841.8 14560.5 3019.88 739.192 197.179
 57089 17802.9 4677.64 970.152 300.814
 20716 26753.3 5542.41 1456.25 395.678
 33070.2 9800.87 8992.8 1863.01 622.502
 40860.3 15463.3 2997.35 2750.22 760.131
pred_Ctot
 1885.19 4244.61 1644.38 200.685 0.0680644
 2500.56 5569.78 1115.94 432.32 52.7796
 1499.09 10875.8 2144.22 429.609 186.751
 599.435 1417.66 670.873 132.266 38.02
 263.848 476.759 116.721 55.2353 14.0202
 1564.61 7955.25 1718.65 420.761 249.656
 3465.31 3649.44 1519.55 328.283 128.058
 5395.7 13640 1279.93 532.936 160.047
 8087.22 13995.7 2608.54 244.776 132.528
 5896.43 14044 1737.22 323.785 46.8329
 6106.93 25674.1 5479.52 677.81 144.604
 4760.04 14060.6 4016.95 857.322 128.674
 6804.1 14475.4 2978.07 850.797 208.836
 6877.83 16133.9 1676.37 344.885 122.714
 3998.56 7391.74 292.334 30.3747 8.47256
 911.533 2821.97 89.0072 3.52013 0.467777
 618.383 2267.97 467.82 14.7554 0.661107
 1021.8 1375.68 308.164 63.5658 2.09475
 971.568 1662.64 132.936 29.7788 6.34498
 812.937 2161.24 291.447 23.3026 6.33219
 566.468 1321.93 307.014 41.4013 4.20975
 1109.92 2283.78 559.012 129.829 19.2878
 1436.49 3790.5 786.157 192.432 51.3311
 2319.46 4905.86 1289 267.34 82.8939
 706.355 6357.13 1316.99 346.034 94.0212
 1393.51 2783.7 2554.18 529.143 176.806
 2582.81 6046.97 1172.12 1075.48 297.252
F
 0.0803327 0.647245 0.647245 0.647245 0.647245
 0.0815595 0.65713 0.65713 0.65713 0.65713
 0.14926 1.2026 1.2026 1.2026 1.2026
 0.0447786 0.360783 0.360783 0.360783 0.360783
 0.0094371 0.0760352 0.0760352 0.0760352 0.0760352
 0.0992633 0.79977 0.79977 0.79977 0.79977
 0.0800323 0.644825 0.644825 0.644825 0.644825
 0.122657 0.988256 0.988256 0.988256 0.988256
 0.129458 1.04305 1.04305 1.04305 1.04305
 0.078728 0.634316 0.634316 0.634316 0.634316
 0.140444 1.13157 1.13157 1.13157 1.13157
 0.135109 1.08858 1.08858 1.08858 1.08858
 0.20959 1.68868 1.68868 1.68868 1.68868
 0.410764 3.30955 3.30955 3.30955 3.30955
 0.408634 3.29238 3.29238 3.29238 3.29238
 0.144695 1.16582 1.16582 1.16582 1.16582
 0.163258 1.31538 1.31538 1.31538 1.31538
 0.169181 1.3631 1.3631 1.3631 1.3631
 0.107903 0.869379 0.869379 0.869379 0.869379
 0.0845747 0.681423 0.681423 0.681423 0.681423
 0.0416153 0.335297 0.335297 0.335297 0.335297
 0.0511494 0.412114 0.412114 0.412114 0.412114
 0.0540544 0.435519 0.435519 0.435519 0.435519
 0.0579531 0.466931 0.466931 0.466931 0.466931
 0.0484338 0.390234 0.390234 0.390234 0.390234
 0.0601639 0.484744 0.484744 0.484744 0.484744
 0.0914919 0.737155 0.737155 0.737155 0.737155
Np
 19272 9146.03 6381.61 1266.26 330.038
YTP_r0W_actual
 10707.4 75053.2 21148.6 24781.4 7600.86
YTP_p0W_proyectada
 5050.21 89873 25923.7 6417.22 8086.75
 5050.21 44391.6 45027.2 11409.9 3300.19
CTP_r0_actual
 1305.78 3474.69 673.521 617.99 170.806
CTP_p0_proyectada
 615.88 4160.79 825.595 160.03 181.725
 615.88 2055.17 1433.99 284.535 74.1615
Wmedp
 8.2 21.6 31.4 40.1 44.5
nmprior
 10.8 10.6 4.6 0
nm_flota  nm_reclas  nm_pelaces    nm_pelaL
inf 18.8591 11.1145 29.1236
cv_recla  cv_pelaces  cv_mph
0.697226 0.308373 0.517535
 ------------------------------------------------
Talla a la edad & desviaci?n 
 7.2 14.2025 17.0495 18.207 18.6776
 1.08 2.13037 2.55742 2.73105 2.80164
