years
 1997 1998 1999 2000 2001 2002 2003 2004 2005 2006 2007 2008 2009 2010 2011 2012 2013 2014 2015 2016 2017 2018 2019 2020 2021 2022 2023
reclasobs
 0 0 0 370054 412103 1.49427e+06 250295 1.28982e+06 931140 785840 897777 1.04006e+06 184774 17550 25797 100020 73551 82996 120727 218422 84188 347160 605670 569463 516374 1.08416e+06 1.01767e+06
reclaspred
 1.23318e+06 252161 573695 253491 332702 393297 729556 592485 691582 856052 831491 612605 363488 116060 73416.8 82300.5 66975.5 74615.4 108822 162879 240605 263599 465987 546707 784263 696353 451336
pelacesobs
 0 0 0 0 0 0 0 0 0 2.06254e+06 1.5e+06 0 1.87456e+06 323000 250000 174000 83755 137374 0 501740 490994 745055 786931 1.00524e+06 1.33801e+06 1.41789e+06 0
pelacespred
 3.33742e+06 859246 726161 631251 908344 619431 2.26118e+06 1.75599e+06 2.05578e+06 2.51039e+06 1.83267e+06 1.47088e+06 913424 268790 195571 175818 141030 188120 252498 343428 639935 596458 817497 1.2114e+06 1.47439e+06 1.30944e+06 776084
mphobs
 0 0 0 0 0 0 112323 0 153150 637223 0 255016 313432 73983 77613 109348 50772 17779 17303 59886 28197 0 207744 136588 643089 65757 70829
mphpred
 358543 172657 164127 101939 91122.1 160254 193288 300995 285941 340771 384850 264565 175838 128463 57965.7 54014.6 37281.7 37796.7 28879.7 37977.7 54790.3 73892.1 94941.1 132397 179200 149264 122904
desembarqueobs
 350755 77701 442110 56441 14545 235359 269955 359681 431902 328805 639364 411747 362871 311530 167758 66681 60226 58785 57116 73181 50977 67692 138656 160484 209506 203330 245020
desembarquepred
 350739 77679.1 441835 56436.6 14544.7 235427 270006 359287 431655 328734 638560 411259 362675 311863 167345 66683.7 60259.5 58670 57027.9 73152.6 50983.5 67630.8 138657 160470 209445 203205 244882
Reclutas
 29304.4 43262.9 9998.29 13811.1 35704.1 18359.7 62015.9 59465 80981.3 104248 64629.5 57365.2 48713.2 28913.3 15309.7 8570.34 5698.33 8732.72 11800.9 10844.2 17771.3 25343.6 31933.2 51885.7 17502 30844.5 21763.2
log_desv_Rt
 0.125491 0.515051 -0.94983 -0.626773 0.32302 -0.342084 0.875146 0.833143 1.14197 1.39453 0.916426 0.797192 0.633705 0.112056 -0.523761 -1.10394 -1.51207 -1.08517 -0.784072 -0.868612 -0.374662 -0.0197183 0.2114 0.696798 -0.389931 0.176712 -0.172024
SSB
 539075 259593 246768 153267 137004 240945 279089 444590 414605 498170 578629 397777 277333 130083 62829.3 57612.6 44025.5 41530.3 60515.2 85288.3 113049 147549 196761 257775 393027 344330 262610
BT
 1.45234e+06 390796 465129 255780 320161 365944 1.08063e+06 1.00011e+06 1.16136e+06 1.19547e+06 1.1839e+06 888763 679679 383999 210615 113207 98248 118332 132767 168356 261447 244756 348328 532316 586889 580577 439179
Ftot
 0.585851 0.686858 1.30927 0.498574 0.107984 1.05761 0.9335 1.20291 1.33832 0.812471 1.39189 1.3284 1.91066 3.97336 3.77086 1.35151 1.63342 1.67494 1.01462 0.840204 0.45184 0.520555 0.577025 0.625189 0.489591 0.64758 1.03731
BD_Bspro_t
 0.925068 0.649947 0.534584 0.264146 0.352791 0.541145 0.434952 0.50647 0.446011 0.444778 0.444317 0.295814 0.227343 0.132008 0.0773467 0.0862891 0.0930845 0.122914 0.210513 0.324251 0.416479 0.547018 0.578041 0.571103 0.603002 0.497886 0.427329
BD_Bspro
 1.00974 0.486241 0.462219 0.287083 0.25662 0.451312 0.522759 0.832758 0.776593 0.933118 1.08382 0.745073 0.51947 0.243657 0.117685 0.107914 0.0824639 0.07779 0.11335 0.159753 0.211751 0.276373 0.368552 0.482836 0.736176 0.644961 0.491892
BD_Bo
 0.908069 0.437283 0.415679 0.258178 0.230782 0.40587 0.470123 0.748909 0.698399 0.839164 0.974697 0.670053 0.467166 0.219124 0.105836 0.0970481 0.0741607 0.0699575 0.101937 0.143668 0.19043 0.248545 0.331443 0.43422 0.662052 0.580021 0.442364
BD_Brms
 1.65103 0.79506 0.755781 0.469414 0.419603 0.737945 0.85477 1.36165 1.26982 1.52575 1.77218 1.21828 0.849392 0.398407 0.192428 0.176451 0.134838 0.127195 0.185341 0.261214 0.346237 0.451901 0.602624 0.789491 1.20373 1.05458 0.804299
S_f
 0.109637 1 1 1 1
 0.109637 1 1 1 1
 0.109637 1 1 1 1
 0.109637 1 1 1 1
 0.109637 1 1 1 1
 0.109637 1 1 1 1
 0.109637 1 1 1 1
 0.109637 1 1 1 1
 0.109637 1 1 1 1
 0.109637 1 1 1 1
 0.109637 1 1 1 1
 0.109637 1 1 1 1
 0.109637 1 1 1 1
 0.109637 1 1 1 1
 0.109637 1 1 1 1
 0.109637 1 1 1 1
 0.109637 1 1 1 1
 0.109637 1 1 1 1
 0.109637 1 1 1 1
 0.109637 1 1 1 1
 0.109637 1 1 1 1
 0.109637 1 1 1 1
 0.109637 1 1 1 1
 0.109637 1 1 1 1
 0.109637 1 1 1 1
 0.109637 1 1 1 1
 0.109637 1 1 1 1
Scru_reclas
 0.181895 0.528065 0.849198 0.965916 0.993037
 0.181895 0.528065 0.849198 0.965916 0.993037
 0.181895 0.528065 0.849198 0.965916 0.993037
 0.181895 0.528065 0.849198 0.965916 0.993037
 0.181895 0.528065 0.849198 0.965916 0.993037
 0.181895 0.528065 0.849198 0.965916 0.993037
 0.181895 0.528065 0.849198 0.965916 0.993037
 0.181895 0.528065 0.849198 0.965916 0.993037
 0.181895 0.528065 0.849198 0.965916 0.993037
 0.181895 0.528065 0.849198 0.965916 0.993037
 0.181895 0.528065 0.849198 0.965916 0.993037
 0.181895 0.528065 0.849198 0.965916 0.993037
 0.181895 0.528065 0.849198 0.965916 0.993037
 0.181895 0.528065 0.849198 0.965916 0.993037
 0.181895 0.528065 0.849198 0.965916 0.993037
 0.181895 0.528065 0.849198 0.965916 0.993037
 0.181895 0.528065 0.849198 0.965916 0.993037
 0.181895 0.528065 0.849198 0.965916 0.993037
 0.181895 0.528065 0.849198 0.965916 0.993037
 0.181895 0.528065 0.849198 0.965916 0.993037
 0.181895 0.528065 0.849198 0.965916 0.993037
 0.181895 0.528065 0.849198 0.965916 0.993037
 0.181895 0.528065 0.849198 0.965916 0.993037
 0.181895 0.528065 0.849198 0.965916 0.993037
 0.181895 0.528065 0.849198 0.965916 0.993037
 0.181895 0.528065 0.849198 0.965916 0.993037
 0.181895 0.528065 0.849198 0.965916 0.993037
Scru_pelaces
 0.612065 1 1 1 1
 0.612065 1 1 1 1
 0.612065 1 1 1 1
 0.612065 1 1 1 1
 0.612065 1 1 1 1
 0.612065 1 1 1 1
 0.612065 1 1 1 1
 0.612065 1 1 1 1
 0.612065 1 1 1 1
 0.612065 1 1 1 1
 0.612065 1 1 1 1
 0.612065 1 1 1 1
 0.612065 1 1 1 1
 0.612065 1 1 1 1
 0.612065 1 1 1 1
 0.612065 1 1 1 1
 0.612065 1 1 1 1
 0.612065 1 1 1 1
 0.612065 1 1 1 1
 0.612065 1 1 1 1
 0.612065 1 1 1 1
 0.612065 1 1 1 1
 0.612065 1 1 1 1
 0.612065 1 1 1 1
 0.612065 1 1 1 1
 0.612065 1 1 1 1
 0.612065 1 1 1 1
pf_obs 
 0.256992 0.487395 0.22802 0.0275931 0
 0.321318 0.546541 0.124235 0.00734118 0.000564706
 0.182869 0.594174 0.210203 0.0122559 0.00049798
 0.330522 0.361315 0.267642 0.0388342 0.00168674
 0.649043 0.306663 0.0425973 0.00169635 0
 0.582887 0.30429 0.105238 0.00758474 0
 0.465427 0.430635 0.0974691 0.00646863 0
 0.296916 0.608066 0.0921331 0.00288517 0
 0.311714 0.524322 0.152257 0.0117073 0
 0.15457 0.633149 0.183074 0.0267441 0.00246327
 0.131901 0.49318 0.331252 0.0422183 0.00144891
 0.196976 0.569456 0.194076 0.0375587 0.00193317
 0.518974 0.381816 0.0799577 0.0180837 0.00116848
 0.0928022 0.601141 0.25162 0.0475244 0.00691264
 0.122501 0.610282 0.24278 0.0234846 0.000952079
 0.383417 0.481906 0.127806 0.00687128 0
 0.0376549 0.599619 0.316969 0.0457579 0
 0.0361596 0.667082 0.258105 0.0386534 0
 0.158088 0.579412 0.248529 0.0139706 0
 0.0477256 0.309471 0.559284 0.082774 0.000745712
 0.0406174 0.521527 0.379366 0.0568643 0.0016247
 0.151134 0.462217 0.34131 0.0453401 0
 0.294876 0.26143 0.354403 0.0886775 0.000613685
 0.281977 0.475581 0.204845 0.0348837 0.00271318
 0.0841818 0.532909 0.334909 0.0458182 0.00218182
 0.115287 0.27431 0.454777 0.147771 0.00785563
 0 0 0 0 0
pf_pred 
 0.173088 0.569914 0.228324 0.0286667 7.36382e-06
 0.243867 0.545447 0.145206 0.0581739 0.00730577
 0.0651568 0.755595 0.129303 0.0344226 0.0155226
 0.193457 0.456053 0.283287 0.0484783 0.0187254
 0.317206 0.504531 0.100798 0.0626125 0.0148535
 0.119966 0.719235 0.118817 0.0237379 0.0182433
 0.445416 0.381058 0.14182 0.0234286 0.00827792
 0.247434 0.694898 0.0396237 0.0147469 0.00329695
 0.316082 0.582808 0.0933622 0.0053236 0.00242426
 0.283895 0.642874 0.0624047 0.00999685 0.00082961
 0.169176 0.704088 0.113775 0.0110443 0.00191606
 0.223467 0.621034 0.131779 0.0212945 0.0024257
 0.253142 0.630777 0.0928354 0.019699 0.00354582
 0.291155 0.63905 0.0589473 0.00867564 0.00217228
 0.325434 0.660119 0.0130249 0.00120144 0.000221098
 0.224992 0.758631 0.0160269 0.000316228 3.45375e-05
 0.198738 0.67908 0.1196 0.00252668 5.52991e-05
 0.374058 0.531597 0.0799583 0.0140823 0.000304016
 0.323913 0.630798 0.0384629 0.00578526 0.0010409
 0.213242 0.694514 0.0860647 0.00524779 0.000931347
 0.271855 0.578251 0.13232 0.0163972 0.00117726
 0.245801 0.611812 0.113076 0.0258748 0.00343664
 0.224939 0.616603 0.128543 0.0237573 0.00615837
 0.273282 0.567782 0.126442 0.0263593 0.00613459
 0.0733371 0.765552 0.125875 0.0280318 0.00720377
 0.200637 0.385047 0.342283 0.0562795 0.015754
 0.155385 0.644021 0.0966243 0.0858929 0.0180762
pobs_RECLAS
 0 0 0 0 0
 0 0 0 0 0
 0 0 0 0 0
 0 0 0 0 0
 0.835266 0.146461 0.0176864 0.000547809 3.91292e-05
 0.385257 0.428462 0.181853 0.0044286 0
 0.867414 0.0963971 0.0333333 0.00285562 0
 0.441836 0.489002 0.0689373 0.000224442 0
 0.779404 0.147425 0.0564933 0.0165055 0.000172143
 0.814271 0.122319 0.05973 0.00367925 0
 0.40263 0.566651 0.0304383 0.000280538 0
 0.475488 0.404961 0.113038 0.00651328 0
 0.955842 0.0263864 0.0167828 0.000988607 0
 0.975058 0.0227948 0.00214734 0 0
 0.738997 0.206755 0.0527124 0.00153531 0
 0.850938 0.134255 0.0134407 0.00136685 0
 0.542534 0.407297 0.0501686 0 0
 0.764087 0.199537 0.0359546 0.000420521 0
 0.470689 0.182191 0.310203 0.0369168 0
 0.84361 0.089868 0.0606195 0.00523954 0.000663233
 0.607945 0.314616 0.071237 0.00620181 0
 0.523733 0.453247 0.0230204 0 0
 0.530135 0.295979 0.169645 0.0042399 0
 0.562478 0.366248 0.0663022 0.0049721 0
 0.250443 0.683176 0.0655157 0.000865301 0
 0.195077 0.31981 0.436473 0.0351445 0.0134964
 0.565238 0.351407 0.0832357 0.000118908 0
ppred_RECLAS
 0.364727 0.365879 0.235722 0.0336634 8.89015e-06
 0.47352 0.319392 0.136735 0.0623091 0.00804481
 0.181392 0.585909 0.16124 0.0488244 0.0226351
 0.378183 0.273859 0.273564 0.0532489 0.0211456
 0.55341 0.278485 0.0894716 0.063216 0.0154177
 0.296137 0.512372 0.136118 0.0309321 0.0244397
 0.694727 0.17426 0.104296 0.0195978 0.00711881
 0.524862 0.416994 0.0382371 0.0161868 0.00372048
 0.604006 0.308853 0.0795644 0.0051604 0.00241593
 0.555713 0.374302 0.0584299 0.0106466 0.00090834
 0.403077 0.461418 0.119905 0.0132391 0.00236131
 0.478624 0.36943 0.126062 0.0231705 0.00271352
 0.550139 0.344887 0.0816273 0.0197014 0.00364582
 0.716214 0.240586 0.0356878 0.00597432 0.0015379
 0.746053 0.245196 0.00778012 0.000816294 0.000154438
 0.508723 0.474745 0.0161288 0.000361978 4.06443e-05
 0.461733 0.417201 0.118162 0.0028394 6.38882e-05
 0.67483 0.251794 0.0609044 0.0122008 0.000270793
 0.612812 0.346342 0.0339608 0.00581019 0.00107474
 0.460009 0.444209 0.0885223 0.00613953 0.0011202
 0.517038 0.339234 0.124833 0.0175956 0.00129877
 0.486161 0.370966 0.110257 0.0286975 0.00391857
 0.456474 0.381554 0.127914 0.0268906 0.0071663
 0.520103 0.327942 0.117443 0.0278484 0.00666314
 0.187635 0.602158 0.15922 0.040331 0.0106555
 0.382865 0.222486 0.318049 0.0594827 0.0171182
 0.351551 0.421616 0.101724 0.102855 0.0222537
pobs_PELACES
 0 0 0 0 0
 0 0 0 0 0
 0 0 0 0 0
 0 0 0 0 0
 0 0 0 0 0
 0 0 0 0 0
 0 0 0 0 0
 0 0 0 0 0
 0 0 0 0 0
 0 0 0 0 0
 0.450072 0.473896 0.0757376 0.000293798 0
 0 0 0 0 0
 0.463077 0.371075 0.160297 0.00555027 0
 0.529543 0.364841 0.0842815 0.0213345 0
 0.631943 0.363953 0.00410389 0 0
 0.735681 0.248677 0.0153453 0.000297389 0
 0.695825 0.281241 0.0229344 0 0
 0.275771 0.60734 0.115278 0.00161068 0
 0 0 0 0 0
 0.896147 0.0623911 0.0374545 0.00400742 0
 0.803859 0.145111 0.0509908 3.86294e-05 0
 0.739449 0.233085 0.0266225 0.000797448 4.60066e-05
 0.878498 0.100942 0.0204185 0.000141795 0
 0.694673 0.275183 0.0284847 0.00165964 0
 0.469039 0.446079 0.0841089 0.000773354 0
 0.822795 0.102175 0.0682046 0.00682512 0
 0 0 0 0 0
ppred_PELACES
 0.591856 0.281296 0.112695 0.0141492 3.6346e-06
 0.699276 0.216932 0.0577506 0.0231365 0.00290561
 0.395126 0.488894 0.0836635 0.0222725 0.0100436
 0.616326 0.216945 0.13476 0.0230612 0.00890769
 0.729241 0.200069 0.0399708 0.0248287 0.00589008
 0.533854 0.380972 0.0629365 0.0125738 0.00966332
 0.86493 0.0928071 0.0345404 0.00570607 0.0020161
 0.74624 0.234315 0.0133609 0.00497257 0.00111171
 0.814397 0.158163 0.0253368 0.00144472 0.0006579
 0.75043 0.224048 0.0217487 0.003484 0.000289127
 0.664441 0.284372 0.0459523 0.00446066 0.00077387
 0.731193 0.214979 0.045617 0.00737135 0.000839687
 0.80757 0.162521 0.0239193 0.00507551 0.000913589
 0.938749 0.0552196 0.00509358 0.000749653 0.000187704
 0.94125 0.0574918 0.00113437 0.000104637 1.92561e-05
 0.734923 0.259476 0.0054817 0.00010816 1.18129e-05
 0.729242 0.229471 0.0404147 0.000853804 1.86864e-05
 0.868697 0.111513 0.0167728 0.00295404 6.37732e-05
 0.798072 0.188402 0.0114878 0.0017279 0.000310888
 0.675241 0.286682 0.0355259 0.00216619 0.000384442
 0.710656 0.229781 0.0525802 0.00651578 0.00046781
 0.687622 0.253403 0.0468342 0.0107169 0.0014234
 0.667074 0.264861 0.0552152 0.0102049 0.00264532
 0.725709 0.214303 0.0477241 0.00994899 0.00231543
 0.345634 0.540597 0.0888872 0.0197947 0.00508697
 0.640496 0.17317 0.153937 0.025311 0.00708518
 0.605102 0.301111 0.0451766 0.0401591 0.0084515
pobs_pel_tallas
 0 0 0 0 0 0 0 0 0 0 0 0 0 0 0 0 0 0 0 0 0 0 0 0 0 0 0 0 0 0 0 0 0 0 0 0
 0 0 0 0 0 0 0 0 0 0 0 0 0 0 0 0 0 0 0 0 0 0 0 0 0 0 0 0 0 0 0 0 0 0 0 0
 0 0 0 0 0 0 0 0 0 0 0 0 0 0 0 0 0 0 0 0 0 0 0 0 0 0 0 0 0 0 0 0 0 0 0 0
 0 0 0 0 0 0 0 0 0 0 0 0 0 0 0 0 0 0 0 0 0 0 0 0 0 0 0 0 0 0 0 0 0 0 0 0
 0 0 0 0 0 0 0 0 0 0 0 0 0 0 0 0 0 0 0 0 0 0 0 0 0 0 0 0 0 0 0 0 0 0 0 0
 0 0 0 0 0 0 0 0 0 0 0 0 0 0 0 0 0 0 0 0 0 0 0 0 0 0 0 0 0 0 0 0 0 0 0 0
 0 0 0 0 0 0 0 0 0 0 0 0 0 0 0 0 0 0 0 0 0 0 0 0 0 0 0 0 0 0 0 0 0 0 0 0
 0 0 0 0 0 0 0 0 0 0 0 0 0 0 0 0 0 0 0 0 0 0 0 0 0 0 0 0 0 0 0 0 0 0 0 0
 0 0 0 0 0 0 0 0 0 0 0 0 0 0 0 0 0 0 0 0 0 0 0 0 0 0 0 0 0 0 0 0 0 0 0 0
 0 0 0 0 0 0 0 0 0 0 0 0 0 0 0 0 0 0 0 0 0 0 0 0 0 0 0 0 0 0 0 0 0 0 0 0
 0 0 0 0 0 0 0 0 1.78061e-05 0.00172719 0.00360574 0.0105946 0.0120993 0.0124554 0.0147524 0.0171206 0.0266825 0.0428682 0.0675386 0.121331 0.153587 0.119568 0.100827 0.0573624 0.0630603 0.0341343 0.0324427 0.0444173 0.0211091 0.0280891 0.0125444 0.00206551 0 0 0 0
 0 0 0 0 0 0 0 0 0 0 0 0 0 0 0 0 0 0 0 0 0 0 0 0 0 0 0 0 0 0 0 0 0 0 0 0
 0 0 0 0 0 0 0.0133647 0.0140871 0.0187388 0.0205184 0.03894 0.0496705 0.03968 0.0493445 0.0407372 0.0367815 0.0215668 0.0243155 0.0234873 0.0199281 0.019796 0.0243948 0.0301388 0.0376714 0.0412746 0.0863199 0.0771752 0.113111 0.0741005 0.0525337 0.0229764 0.00759418 0.00175318 0 0 0
 0 0 0 0 0 0 0 0 0 0 0.00219441 0.00772107 0.0458388 0.0604681 0.0671733 0.0775358 0.0609151 0.0617685 0.073594 0.0568108 0.0755445 0.0548602 0.0670107 0.0636378 0.0643287 0.046367 0.0373049 0.0286899 0.0247887 0.0153202 0.00654259 0.00121912 0.000365735 0 0 0
 0 0 0 0 0 0 0 0 0 0 0 0 0.000112435 0.00938835 0.0111873 0.0202946 0.0414886 0.0713402 0.111592 0.104902 0.108894 0.110636 0.117776 0.105296 0.107544 0.0401394 0.0192827 0.0124803 0.00416011 0.0028671 0.000618394 0 0 0 0 0
 0 0 0 0 0 0 0 0 0 0 0.00291406 0.0102884 0.027416 0.0768956 0.0749926 0.110853 0.0956884 0.0897413 0.0766577 0.0534642 0.0500743 0.0551293 0.0594112 0.0620874 0.0668451 0.0424026 0.0208742 0.0120726 0.0048766 0.00582813 0.00118941 0.000297354 0 0 0 0
 0 0.00264628 0.0354308 0.0461629 0.0458689 0.0383711 0.0214643 0.0164657 0.0346957 0.0420465 0.0363128 0.0245516 0.0311673 0.0291091 0.0169068 0.0133784 0.00837989 0.0085269 0.0148486 0.0160247 0.0276389 0.0546898 0.0760071 0.122758 0.109233 0.0665981 0.0333725 0.0166128 0.00676272 0.00308733 0.000882094 0 0 0 0 0
 0 0 0 0 0 0 0 0.000805153 0.000690131 0.00759144 0.0133425 0.0154129 0.00931677 0.000345066 0.00356568 0.00563607 0.00851162 0.0253048 0.0502646 0.0516448 0.0657925 0.0565908 0.0611916 0.0827007 0.0866115 0.110766 0.145733 0.0935128 0.0569358 0.0249597 0.0138026 0.00621118 0.00161031 0.00115022 0 0
 0 0 0 0 0 0 0 0 0 0 0 0 0 0 0 0 0 0 0 0 0 0 0 0 0 0 0 0 0 0 0 0 0 0 0 0
 0.00147267 0.00158595 0.00478618 0.00569244 0.00954404 0.0108468 0.00647125 0.017049 0.0510054 0.094081 0.124002 0.0959785 0.0687766 0.0820023 0.061753 0.0591476 0.0492212 0.0479892 0.0443925 0.0268479 0.0217502 0.0140895 0.0121071 0.0120363 0.00920419 0.00665534 0.0049561 0.00860946 0.00930331 0.0156896 0.0114698 0.00855282 0.00243557 0.00046729 0 2.83206e-05
 0 0 0 0 0.000772559 0.00158375 0.000888443 0.00281984 0.00712685 0.0440552 0.0773331 0.111326 0.0921469 0.0852325 0.0710754 0.0886704 0.0786465 0.0553345 0.0373146 0.0185414 0.00753245 0.00457741 0.012979 0.0271748 0.0457355 0.0583668 0.034881 0.0177882 0.00938659 0.00492506 0.0015258 0.00185414 0.000309023 5.79419e-05 3.86279e-05 0
 0 0.00173294 0.00326652 0 0.00397197 0.00683976 0.00946217 0.0152591 0.00757587 0.0136028 0.0228656 0.0392903 0.0559909 0.0764795 0.0681675 0.0726916 0.0566044 0.0477403 0.0527397 0.0444891 0.0609904 0.0582453 0.0661739 0.0445044 0.0529084 0.0360697 0.0280645 0.0235558 0.0158879 0.00826598 0.00280645 0.00217768 0.000904811 0.00058276 9.20147e-05 0
 0 0 0 0 0 0 0 0 0 0 0 0 0 0 0 0 0 0 0 0 0 0 0 0 0 0 0 0 0 0 0 0 0 0 0 0
 0 0 0 0 0 0 0 0 0 0 0 0 0 0 0 0 0 0 0 0 0 0 0 0 0 0 0 0 0 0 0 0 0 0 0 0
 0 0 0 0 0 0 0 0 0 0 0 0 0 0 0 0 0 0 0 0 0 0 0 0 0 0 0 0 0 0 0 0 0 0 0 0
 0 0 0 0 0 0 0 0 0 0 0 0 0 0 0 0 0 0 0 0 0 0 0 0 0 0 0 0 0 0 0 0 0 0 0 0
 0 0 0 0 0 0 0 0 0 0 0 0 0 0 0 0 0 0 0 0 0 0 0 0 0 0 0 0 0 0 0 0 0 0 0 0
ppred_pel_tallas
 1.02178e-16 2.5832e-05 0.000151591 0.000720552 0.00277409 0.00865067 0.0218511 0.0447114 0.0741187 0.0995532 0.10837 0.0956768 0.0686778 0.0404632 0.0203534 0.0101889 0.00722299 0.00819085 0.0110704 0.0149136 0.0192197 0.0235581 0.027471 0.0305176 0.0323594 0.0328329 0.031978 0.0300124 0.027266 0.0240963 0.0208165 0.0176533 0.0147389 0.012129 0.00983171 0.00783392
 1.01822e-16 3.05132e-05 0.000179081 0.000851253 0.00327734 0.0102201 0.0258151 0.0528217 0.0875595 0.117595 0.127981 0.112921 0.0809032 0.0473589 0.023252 0.0106997 0.00639833 0.00644543 0.00843814 0.0112916 0.0145084 0.01773 0.0206007 0.0227859 0.0240359 0.0242398 0.0234463 0.0218412 0.0196932 0.0172861 0.0148613 0.0125843 0.0105404 0.00875097 0.00719984 0.00585722
 1.02582e-16 1.7262e-05 0.000101259 0.000481224 0.00185255 0.00577682 0.0145922 0.0298608 0.0495097 0.0665267 0.0724903 0.0641703 0.0464339 0.0281055 0.0155209 0.0100413 0.00996167 0.0131905 0.0183782 0.024763 0.0317315 0.0385859 0.044541 0.0488509 0.0509714 0.050686 0.0481518 0.0438445 0.0384293 0.0325995 0.0269383 0.0218374 0.0174843 0.0138999 0.011003 0.00867131
 1.03193e-16 2.68964e-05 0.000157846 0.000750302 0.00288866 0.00900796 0.0227535 0.0465573 0.0771765 0.103654 0.112817 0.0995616 0.0713773 0.0418748 0.0207335 0.00983982 0.00630548 0.00671481 0.00896975 0.0121246 0.0157373 0.0194713 0.0229761 0.0259064 0.0279837 0.0290498 0.0290909 0.0282218 0.0266415 0.0245764 0.0222323 0.0197671 0.0172881 0.0148637 0.0125413 0.0103615
 1.01762e-16 3.18191e-05 0.000186749 0.000887713 0.00341773 0.0106579 0.026921 0.0550841 0.091309 0.122628 0.133451 0.117732 0.0843152 0.0492855 0.0240658 0.0108508 0.00618164 0.00597789 0.00773008 0.0103143 0.0132329 0.0161456 0.0187237 0.0206614 0.0217337 0.0218453 0.0210498 0.0195271 0.0175318 0.0153299 0.0131439 0.0111221 0.00933521 0.00779281 0.0064691 0.00532701
 1.01902e-16 2.33067e-05 0.000136757 0.000650008 0.00250244 0.00780353 0.0197114 0.0403342 0.0668662 0.0898229 0.0978071 0.0864202 0.0621838 0.0369392 0.0191385 0.0104934 0.0085744 0.0104659 0.0143344 0.01926 0.0246633 0.0299757 0.0345807 0.0378964 0.0394997 0.0392241 0.0371952 0.0337875 0.0295239 0.0249485 0.0205191 0.0165427 0.0131655 0.0104025 0.0081872 0.00642037
 1.00811e-16 3.77315e-05 0.00022147 0.0010528 0.0040534 0.0126402 0.031928 0.0653281 0.108285 0.145414 0.158214 0.139494 0.0997189 0.0579234 0.0276005 0.0112874 0.00481718 0.00330421 0.00376704 0.004929 0.00632787 0.00775177 0.00903733 0.010038 0.0106432 0.0108002 0.0105233 0.00988532 0.00899542 0.00797105 0.00691417 0.00589742 0.00496184 0.00412317 0.00338183 0.00273205
 1.00489e-16 3.25617e-05 0.000191106 0.000908418 0.00349744 0.0109064 0.0275488 0.056369 0.0934396 0.125492 0.136574 0.1205 0.0863277 0.0505218 0.0247801 0.0113568 0.00671862 0.00669028 0.00869319 0.0115525 0.0147193 0.0177945 0.0203885 0.0221452 0.0228135 0.0223071 0.0207257 0.0183258 0.0154554 0.0124728 0.00967555 0.00725904 0.00530895 0.00382051 0.00273167 0.00195645
 1.00492e-16 3.55306e-05 0.000208543 0.000991332 0.0038167 0.0119021 0.0300636 0.0615139 0.101965 0.136933 0.149003 0.131412 0.0940267 0.0547893 0.0264299 0.0113672 0.00570582 0.00486332 0.00602888 0.00796594 0.0101694 0.0123396 0.0142076 0.0155293 0.0161292 0.0159393 0.0150147 0.0135151 0.0116629 0.00969024 0.00779301 0.00610384 0.00468688 0.00354965 0.00266356 0.00198428
 1.00516e-16 3.2744e-05 0.000192177 0.000913513 0.00351706 0.0109676 0.0277034 0.0566852 0.0939633 0.126194 0.137336 0.121166 0.0867919 0.0507672 0.0248517 0.011308 0.00657934 0.00646483 0.0083732 0.0111298 0.0141949 0.0171842 0.0197242 0.0214727 0.0221861 0.0217767 0.0203334 0.0180944 0.0153863 0.012547 0.00985906 0.00751041 0.00558698 0.00409046 0.00296885 0.00214722
 1.00935e-16 2.8997e-05 0.000170173 0.000808891 0.00311422 0.00971135 0.0245302 0.0501932 0.0832046 0.111753 0.121641 0.107369 0.077019 0.0452722 0.0225751 0.0109712 0.00735113 0.00802459 0.0107022 0.014312 0.0183011 0.0222148 0.0255852 0.0279759 0.029071 0.0287481 0.0271051 0.024428 0.0211152 0.0175826 0.0141811 0.0111482 0.00859891 0.00654687 0.00494143 0.00370401
 1.01011e-16 3.19049e-05 0.000187251 0.000890097 0.00342691 0.0106865 0.0269932 0.0552321 0.0915547 0.12296 0.133815 0.11806 0.0845672 0.0494664 0.0242166 0.0110238 0.00642486 0.00633087 0.00822319 0.0109656 0.0140418 0.0170869 0.0197437 0.0216807 0.0226546 0.0225657 0.0214777 0.0195947 0.0172056 0.0146138 0.0120769 0.00977128 0.00778545 0.00613615 0.0047949 0.00371401
 1.0061e-16 3.52331e-05 0.000206796 0.000983025 0.00378472 0.0118023 0.0298117 0.0609984 0.101111 0.135787 0.147756 0.130316 0.0932496 0.0543508 0.0262452 0.0113338 0.00575635 0.00497066 0.00618974 0.00818529 0.0104516 0.0126843 0.0146083 0.0159737 0.0166008 0.0164204 0.0154893 0.0139715 0.0120946 0.0100953 0.00817296 0.0064613 0.00502382 0.00386634 0.00295837 0.0022542
 1.00125e-16 4.09488e-05 0.000240361 0.00114262 0.00439925 0.0137187 0.0346522 0.0709017 0.117522 0.157814 0.171693 0.15135 0.108133 0.0626865 0.0296353 0.0117103 0.00436432 0.0022753 0.00219957 0.00276271 0.00349729 0.00422964 0.00485324 0.00528165 0.00545474 0.00535106 0.0049927 0.00443866 0.00376966 0.00306915 0.00240688 0.00182916 0.00135706 0.000990791 0.000717278 0.000517788
 1.0004e-16 4.10579e-05 0.000241002 0.00114567 0.00441097 0.0137553 0.0347445 0.0710907 0.117836 0.158235 0.172151 0.151755 0.108424 0.062859 0.029724 0.0117574 0.00440031 0.00231621 0.00225175 0.00282675 0.00356947 0.00430202 0.0049139 0.00531578 0.00544663 0.00528678 0.00486285 0.00424044 0.00350776 0.00275526 0.00205788 0.0014646 0.000996349 0.000650845 0.000410881 0.000252861
 1.00167e-16 3.20692e-05 0.000188212 0.000894657 0.00344445 0.0107412 0.0271314 0.0555152 0.0920251 0.123595 0.134515 0.118699 0.0850711 0.0498539 0.0245778 0.0114741 0.00707372 0.00727034 0.00952148 0.0126542 0.0160977 0.0194168 0.0221802 0.0239944 0.024585 0.0238632 0.0219489 0.0191382 0.0158291 0.01243 0.00927941 0.00659852 0.00448221 0.00292044 0.00183582 0.00112198
 1.00679e-16 3.18204e-05 0.000186754 0.000887729 0.00341778 0.010658 0.0269214 0.0550852 0.0913116 0.122634 0.133464 0.117759 0.0843682 0.0493844 0.0242401 0.0111413 0.00663879 0.00665705 0.00868167 0.01157 0.0147903 0.0179551 0.0206827 0.0226194 0.0235091 0.0232514 0.0219239 0.0197562 0.0170693 0.0141992 0.0114302 0.00895636 0.00687294 0.00519378 0.00388033 0.00287076
 1.0038e-16 3.78964e-05 0.000222436 0.00105739 0.00407107 0.0126953 0.0320672 0.0656131 0.108758 0.146051 0.15891 0.140116 0.100183 0.058232 0.0278197 0.0115005 0.00509419 0.0036949 0.00430322 0.00562346 0.007169 0.00869786 0.010015 0.010948 0.0113731 0.0112428 0.0105962 0.00954599 0.00824866 0.00686737 0.00553948 0.00435758 0.00336595 0.0025691 0.00194636 0.00146633
 1.00299e-16 3.482e-05 0.000204368 0.000971477 0.00374025 0.0116636 0.0294614 0.0602819 0.099924 0.134195 0.14603 0.128808 0.0922029 0.0538049 0.0261011 0.011475 0.00612102 0.00555552 0.00702051 0.00928594 0.0118222 0.0142871 0.0163631 0.0177628 0.0182841 0.0178575 0.0165635 0.0146092 0.012276 0.00985352 0.00758299 0.00562348 0.00404545 0.00284609 0.00197576 0.0013648
 1.00691e-16 2.9468e-05 0.000172938 0.000822036 0.00316483 0.00986917 0.0249289 0.0510089 0.0845567 0.113569 0.123616 0.109111 0.0782633 0.0459939 0.0229165 0.0111056 0.00739841 0.00804169 0.0107059 0.0142994 0.0182596 0.0221249 0.0254229 0.0277149 0.0286866 0.0282216 0.026428 0.0236055 0.0201668 0.0165408 0.0130877 0.0100493 0.00753909 0.00556439 0.00406472 0.00295001
 1.01068e-16 3.101e-05 0.000181996 0.000865109 0.00333069 0.0103864 0.0262354 0.0536815 0.0889851 0.11951 0.130067 0.114765 0.0822338 0.0481555 0.0236757 0.0109481 0.00661686 0.00671498 0.00879603 0.0117481 0.0150514 0.0183234 0.0211836 0.0232768 0.0243418 0.0242697 0.0231264 0.0211275 0.0185798 0.0158063 0.0130823 0.0105973 0.00844818 0.00665554 0.00519195 0.00400912
 1.01183e-16 3.00066e-05 0.000176103 0.000837088 0.00322279 0.0100499 0.0253855 0.0519428 0.0861038 0.115644 0.125866 0.111076 0.079628 0.0467059 0.0231049 0.0109225 0.00692417 0.00728019 0.00962277 0.0128621 0.0164661 0.0200221 0.0231128 0.0253491 0.0264472 0.0262932 0.0249668 0.0227137 0.0198784 0.0168214 0.0138473 0.0111624 0.00886777 0.00697817 0.00545456 0.00423556
 1.01345e-16 2.9111e-05 0.000170844 0.000812085 0.00312652 0.00974973 0.0246272 0.0503913 0.0835326 0.112192 0.122114 0.107776 0.0772875 0.0453834 0.0225444 0.0108146 0.00706565 0.00758949 0.0100911 0.0135074 0.0173064 0.0210631 0.0243429 0.0267382 0.02795 0.0278557 0.0265337 0.0242352 0.0213151 0.0181458 0.0150429 0.0122217 0.0097895 0.00776548 0.00611377 0.00477554
 1.01198e-16 3.16657e-05 0.000185847 0.000883422 0.0034012 0.0106063 0.0267908 0.0548179 0.0908681 0.122038 0.132812 0.117176 0.0839357 0.0491008 0.0240448 0.010958 0.00640437 0.00632684 0.00822683 0.0109775 0.0140672 0.0171334 0.0198213 0.0218003 0.0228274 0.0228011 0.0217817 0.0199688 0.0176455 0.0151096 0.0126137 0.0103307 0.00834759 0.00668149 0.00530626 0.00417788
 1.02356e-16 1.5106e-05 8.85968e-05 0.000421016 0.00162071 0.00505384 0.0127661 0.0261249 0.0433188 0.0582181 0.0634641 0.0562444 0.0408386 0.024998 0.0143078 0.0100091 0.0106597 0.0144639 0.0202428 0.0272822 0.0349415 0.0424556 0.0489559 0.0536167 0.0558374 0.0553821 0.0524305 0.0475173 0.0413879 0.0348201 0.0284686 0.0227748 0.0179503 0.0140193 0.0108884 0.00841583
 1.03443e-16 2.79486e-05 0.000164028 0.000779697 0.00300185 0.00936095 0.023645 0.0483812 0.0801984 0.107708 0.117217 0.103417 0.0740791 0.0433353 0.0212257 0.00968947 0.00570521 0.00571132 0.00753133 0.0102091 0.0133381 0.0166427 0.019843 0.0226565 0.0248433 0.0262475 0.0268186 0.0266032 0.0257152 0.0242978 0.0224912 0.0204153 0.0181682 0.0158331 0.0134883 0.0112107
 1.02515e-16 2.64101e-05 0.000154984 0.000736679 0.00283618 0.00884429 0.0223402 0.0457122 0.075778 0.101783 0.110798 0.0978247 0.070228 0.0413927 0.0208494 0.0104803 0.00747554 0.00849176 0.0114508 0.0153668 0.0197062 0.0240066 0.0277827 0.0305783 0.0320603 0.0320944 0.0307718 0.0283752 0.0252992 0.0219522 0.0186732 0.0156847 0.013087 0.0108848 0.0090272 0.00744631
pSPR Fmed_Fpbrs
0.465747   0.6 0.325
Fs Fmed_Fpbrs
0.64   0.369835 1.20077
SSBpbr Bo_Bmed_Bpbrs
593650  246808  326508 163254
Ro
25848.3
SPR SPRFo_SPRFmed_SPRFpbrs
533877 248652 173510
log_Ro
9.98
likeval ReclasPelacesDesembMPH_pf_preclas_ppelaces_ptallas_desvR_qrecl_qpela
 93.2644 30.5664 0.104874 39.4262 359.344 218.12 61.0972 0 21.6747 5.8868e-05 0.000185103 3.13905e-15 0 0 0
q_reclas_q_pelaces
2.96605 6.92831
M
0.7
N
 29304.4 13143.2 5265.56 661.106 0.169823
 43262.9 13646.8 3632.99 1455.48 182.787
 9998.29 19925.3 3409.78 907.736 409.336
 13811.1 4301.09 2671.71 457.205 176.601
 35704.1 6493.55 1297.31 805.853 191.171
 18359.7 17521.5 2894.54 578.285 444.429
 62015.9 8119 3021.68 499.181 176.373
 59465 27800.2 1585.19 589.968 131.899
 80981.3 25880.9 4145.95 236.406 107.655
 104248 34726 3370.9 539.998 44.8129
 64629.5 47356.1 7652.39 742.828 128.872
 57365.2 27551.8 5846.3 944.718 107.615
 48713.2 24625.8 3624.33 769.059 138.43
 28913.3 19618.4 1809.65 266.337 66.6875
 15309.7 9287.53 183.253 16.9036 3.11073
 8570.34 5028.17 106.225 2.09594 0.228913
 5698.33 3669.78 646.325 13.6543 0.298839
 8732.72 2365.74 355.834 62.6698 1.35294
 11800.9 3609.03 220.061 33.0996 5.95539
 10844.2 5243.2 649.742 39.618 7.03116
 17771.3 4911.18 1123.81 139.264 9.99865
 25343.6 8398.43 1552.2 355.187 47.1752
 31933.2 11887.1 2478.09 458.002 118.723
 51885.7 14885.4 3314.91 691.055 160.829
 17502 24058.7 3955.84 880.945 226.39
 30844.5 8237 7322.17 1203.94 337.013
 21763.2 14267.1 2140.54 1902.8 400.446
pred_Ctot
 1315.97 4333 1735.92 217.95 0.0559864
 2266.78 5070 1349.71 540.734 67.9082
 969.486 11242.7 1923.94 512.183 230.965
 530.031 1249.49 776.147 132.82 51.3037
 302.407 480.993 96.0951 59.6914 14.1605
 1455.3 8724.98 1441.36 287.963 221.308
 4364.52 3733.89 1389.66 229.571 81.1133
 5324.32 14952.9 852.626 317.326 70.9441
 8015.61 14779.6 2367.6 135.003 61.4776
 6422.41 14543.4 1411.75 226.154 18.7679
 6636.34 27619.5 4463.11 433.24 75.1619
 5638.59 15670.1 3325.09 537.309 61.206
 6701.39 16698.4 2457.61 521.489 93.8678
 7528.47 16524.1 1524.22 224.328 56.1691
 3817.63 7743.79 152.793 14.094 2.59368
 856.127 2886.7 60.9848 1.2033 0.131421
 678.906 2319.8 408.565 8.63138 0.188907
 1064.8 1513.25 227.61 40.0869 0.865414
 899.212 1751.15 106.776 16.0604 2.88963
 689.972 2247.19 278.473 16.9799 3.01349
 619.471 1317.65 301.514 37.3639 2.6826
 1014.43 2524.97 466.666 106.786 14.1831
 1413.01 3873.36 807.474 149.238 38.6854
 2481.8 5156.28 1148.28 239.38 55.7109
 659.859 6888.14 1132.58 252.219 64.8168
 1526.56 2929.66 2604.28 428.206 119.865
 1693.58 7019.36 1053.13 936.169 197.017
F
 0.0642312 0.585851 0.585851 0.585851 0.585851
 0.0753053 0.686858 0.686858 0.686858 0.686858
 0.143545 1.30927 1.30927 1.30927 1.30927
 0.0546624 0.498574 0.498574 0.498574 0.498574
 0.0118391 0.107984 0.107984 0.107984 0.107984
 0.115954 1.05761 1.05761 1.05761 1.05761
 0.102347 0.9335 0.9335 0.9335 0.9335
 0.131884 1.20291 1.20291 1.20291 1.20291
 0.14673 1.33832 1.33832 1.33832 1.33832
 0.0890773 0.812471 0.812471 0.812471 0.812471
 0.152603 1.39189 1.39189 1.39189 1.39189
 0.145642 1.3284 1.3284 1.3284 1.3284
 0.20948 1.91066 1.91066 1.91066 1.91066
 0.435629 3.97336 3.97336 3.97336 3.97336
 0.413428 3.77086 3.77086 3.77086 3.77086
 0.148176 1.35151 1.35151 1.35151 1.35151
 0.179084 1.63342 1.63342 1.63342 1.63342
 0.183636 1.67494 1.67494 1.67494 1.67494
 0.11124 1.01462 1.01462 1.01462 1.01462
 0.0921179 0.840204 0.840204 0.840204 0.840204
 0.0495386 0.45184 0.45184 0.45184 0.45184
 0.0570724 0.520555 0.520555 0.520555 0.520555
 0.0632635 0.577025 0.577025 0.577025 0.577025
 0.0685441 0.625189 0.625189 0.625189 0.625189
 0.0536775 0.489591 0.489591 0.489591 0.489591
 0.070999 0.64758 0.64758 0.64758 0.64758
 0.113728 1.03731 1.03731 1.03731 1.03731
Np
 16610.1 7920.57 3309.04 861.412 173.578
YTP_r0W_actual
 5111.8 69984.7 15263.9 17328.1 4046.85
YTP_p0W_proyectada
 3901.43 47314.3 17905.1 3430.66 3979.88
 3901.43 38852.9 23596.4 7844.56 1754.15
CTP_r0_actual
 623.391 3240.03 486.111 432.122 90.9403
CTP_p0_proyectada
 475.784 2190.48 570.227 85.5527 89.4354
 475.784 1798.74 751.476 195.625 39.4192
Wmedp
 8.2 21.6 31.4 40.1 44.5
nmprior
 10.8 10.6 4.6 0
nm_flota  nm_reclas  nm_pelaces    nm_pelaL
inf 17.4822 11.1276 29.1716
cv_recla  cv_pelaces  cv_mph
0.696959 0.302819 0.503442
 ------------------------------------------------
Talla a la edad & desviaci?n 
 7.2 14.2025 17.0495 18.207 18.6776
 1.08 2.13037 2.55742 2.73105 2.80164
