years
 1997 1998 1999 2000 2001 2002 2003 2004 2005 2006 2007 2008 2009 2010 2011 2012 2013 2014 2015 2016 2017 2018 2019 2020 2021 2022 2023
reclasobs
 0 0 0 370054 412103 1.49427e+06 250295 1.28982e+06 931140 785840 897777 1.04006e+06 184774 17550 25797 100020 73551 82996 120727 218422 84188 347160 605670 569463 516374 1.08416e+06 1.01767e+06
reclaspred
 486421 140934 463998 319693 401527 451629 941522 665239 821104 753415 616104 427140 258293 122389 80439.2 65525 62118.9 87253.5 112192 175769 249854 246207 427451 534887 619752 600340 705734
pelacesobs
 0 0 0 0 0 0 0 0 0 2.06254e+06 1.5e+06 0 1.87456e+06 323000 250000 174000 83755 137374 0 501740 490994 745055 786931 1.00524e+06 1.33801e+06 1.41789e+06 0
pelacespred
 1.66516e+06 489958 888021 1.01939e+06 1.06863e+06 1.05778e+06 2.24749e+06 2.03546e+06 2.18353e+06 2.09788e+06 1.61524e+06 1.18367e+06 716040 295169 176360 153450 147121 197579 256807 395168 643680 632031 896643 1.28512e+06 1.5262e+06 1.62134e+06 1.6949e+06
mphobs
 0 0 0 0 0 0 112323 0 153150 637223 0 255016 313432 73983 77613 109348 50772 17779 17303 59886 28197 0 207744 136588 643089 65757 70829
mphpred
 132858 90092.7 116364 152790 141955 191769 279397 314018 296051 328379 306711 227460 141814 126577 59998.1 44380.4 38239.2 43976.1 25119.9 34650.9 56412.2 68000.9 90812.8 130076 164525 164390 158293
desembarqueobs
 350755 77701 442110 56441 14545 235359 269955 359681 431902 328805 639364 411747 362871 311530 167758 66681 60226 58785 57116 73181 50977 67692 138656 160484 209506 203330 245020
desembarquepred
 350768 77705.8 442169 56443.5 14545.2 235430 269994 359702 431935 328850 639582 411941 363322 312326 167850 66728.2 60296.1 58793.3 57104.7 73183.3 50979.8 67684 138670 160502 209529 203345 245016
Reclutas
 70304.2 86036.2 53031.4 71560.7 108682 79060.9 123605 143166 190106 163586 79450 43376.2 38634.2 21358.4 16567 14837.7 11139 18433.8 29175.5 40489.4 49190.1 79699.7 102787 136110 55649.3 89096.7 193221
log_desv_Rt
 0.160587 0.362524 -0.121361 0.178302 0.596184 0.277974 0.724849 0.871763 1.15534 1.00509 0.282883 -0.322333 -0.438107 -1.0308 -1.28483 -1.39507 -1.6818 -1.17806 -0.718916 -0.391206 -0.196552 0.286021 0.54041 0.821219 -0.0731743 0.397477 1.17159
SSB
 837418 567864 733456 963052 894759 1.20874e+06 1.71906e+06 1.9612e+06 1.83222e+06 2.03439e+06 1.93323e+06 1.4337e+06 914741 480148 234032 175937 158154 175040 239366 344425 535483 630585 862965 1.18668e+06 1.62765e+06 1.6675e+06 1.51804e+06
BT
 2.89864e+06 796307 1.54717e+06 1.45592e+06 1.50428e+06 1.59609e+06 3.41781e+06 3.25558e+06 3.5434e+06 3.2322e+06 2.75902e+06 1.94653e+06 1.31543e+06 701646 394598 267806 257148 331366 411284 621185 957441 925434 1.33191e+06 1.92068e+06 2.21081e+06 2.34953e+06 2.57697e+06
Ftot
 0.354997 0.261092 0.361023 0.0686464 0.0155615 0.17527 0.115208 0.230389 0.233814 0.170834 0.345646 0.305477 0.465636 0.817458 0.783181 0.372057 0.376775 0.300005 0.22009 0.180427 0.0844079 0.110152 0.120062 0.122706 0.111457 0.119017 0.148848
BD_Bspro_t
 0.957669 0.803506 0.777511 0.68029 0.76889 0.855649 0.821366 0.824758 0.790401 0.772957 0.743495 0.61503 0.512576 0.397535 0.268104 0.260412 0.315473 0.422988 0.556364 0.687694 0.783368 0.844406 0.860708 0.860882 0.864052 0.830804 0.817265
BD_Bspro
 0.677165 0.459193 0.593097 0.778756 0.723532 0.977429 1.39009 1.58589 1.48159 1.64508 1.56328 1.15934 0.73969 0.388264 0.189246 0.142268 0.127888 0.141543 0.19356 0.278514 0.433009 0.509912 0.697823 0.959588 1.31618 1.3484 1.22754
BD_Bo
 0.329428 0.223389 0.28853 0.37885 0.351985 0.4755 0.676251 0.771505 0.720767 0.8003 0.760505 0.563996 0.359845 0.188883 0.0920646 0.0692109 0.0622153 0.068858 0.094163 0.135492 0.210651 0.248063 0.339477 0.466821 0.640294 0.655971 0.597175
BD_Brms
 0.598959 0.406162 0.524601 0.688818 0.639972 0.864546 1.22955 1.40274 1.31049 1.45509 1.38274 1.02545 0.654264 0.343424 0.16739 0.125838 0.113119 0.125196 0.171205 0.246348 0.383001 0.451023 0.617232 0.848766 1.16417 1.19267 1.08577
S_f
 0.200101 1 1 1 1
 0.200101 1 1 1 1
 0.200101 1 1 1 1
 0.200101 1 1 1 1
 0.200101 1 1 1 1
 0.200101 1 1 1 1
 0.200101 1 1 1 1
 0.200101 1 1 1 1
 0.200101 1 1 1 1
 0.200101 1 1 1 1
 0.200101 1 1 1 1
 0.200101 1 1 1 1
 0.200101 1 1 1 1
 0.200101 1 1 1 1
 0.200101 1 1 1 1
 0.200101 1 1 1 1
 0.200101 1 1 1 1
 0.200101 1 1 1 1
 0.200101 1 1 1 1
 0.200101 1 1 1 1
 0.200101 1 1 1 1
 0.200101 1 1 1 1
 0.200101 1 1 1 1
 0.200101 1 1 1 1
 0.200101 1 1 1 1
 0.200101 1 1 1 1
 0.200101 1 1 1 1
Scru_reclas
 1 1 1 1 1
 1 1 1 1 1
 1 1 1 1 1
 1 1 1 1 1
 1 1 1 1 1
 1 1 1 1 1
 1 1 1 1 1
 1 1 1 1 1
 1 1 1 1 1
 1 1 1 1 1
 1 1 1 1 1
 1 1 1 1 1
 1 1 1 1 1
 1 1 1 1 1
 1 1 1 1 1
 1 1 1 1 1
 1 1 1 1 1
 1 1 1 1 1
 1 1 1 1 1
 1 1 1 1 1
 1 1 1 1 1
 1 1 1 1 1
 1 1 1 1 1
 1 1 1 1 1
 1 1 1 1 1
 1 1 1 1 1
 1 1 1 1 1
Scru_pelaces
 0.752478 0.938648 0.987179 0.997426 0.999487
 0.752478 0.938648 0.987179 0.997426 0.999487
 0.752478 0.938648 0.987179 0.997426 0.999487
 0.752478 0.938648 0.987179 0.997426 0.999487
 0.752478 0.938648 0.987179 0.997426 0.999487
 0.752478 0.938648 0.987179 0.997426 0.999487
 0.752478 0.938648 0.987179 0.997426 0.999487
 0.752478 0.938648 0.987179 0.997426 0.999487
 0.752478 0.938648 0.987179 0.997426 0.999487
 0.752478 0.938648 0.987179 0.997426 0.999487
 0.752478 0.938648 0.987179 0.997426 0.999487
 0.752478 0.938648 0.987179 0.997426 0.999487
 0.752478 0.938648 0.987179 0.997426 0.999487
 0.752478 0.938648 0.987179 0.997426 0.999487
 0.752478 0.938648 0.987179 0.997426 0.999487
 0.752478 0.938648 0.987179 0.997426 0.999487
 0.752478 0.938648 0.987179 0.997426 0.999487
 0.752478 0.938648 0.987179 0.997426 0.999487
 0.752478 0.938648 0.987179 0.997426 0.999487
 0.752478 0.938648 0.987179 0.997426 0.999487
 0.752478 0.938648 0.987179 0.997426 0.999487
 0.752478 0.938648 0.987179 0.997426 0.999487
 0.752478 0.938648 0.987179 0.997426 0.999487
 0.752478 0.938648 0.987179 0.997426 0.999487
 0.752478 0.938648 0.987179 0.997426 0.999487
 0.752478 0.938648 0.987179 0.997426 0.999487
 0.752478 0.938648 0.987179 0.997426 0.999487
pf_obs 
 0.256992 0.487395 0.22802 0.0275931 0
 0.321318 0.546541 0.124235 0.00734118 0.000564706
 0.182869 0.594174 0.210203 0.0122559 0.00049798
 0.330522 0.361315 0.267642 0.0388342 0.00168674
 0.649043 0.306663 0.0425973 0.00169635 0
 0.582887 0.30429 0.105238 0.00758474 0
 0.465427 0.430635 0.0974691 0.00646863 0
 0.296916 0.608066 0.0921331 0.00288517 0
 0.311714 0.524322 0.152257 0.0117073 0
 0.15457 0.633149 0.183074 0.0267441 0.00246327
 0.131901 0.49318 0.331252 0.0422183 0.00144891
 0.196976 0.569456 0.194076 0.0375587 0.00193317
 0.518974 0.381816 0.0799577 0.0180837 0.00116848
 0.0928022 0.601141 0.25162 0.0475244 0.00691264
 0.122501 0.610282 0.24278 0.0234846 0.000952079
 0.383417 0.481906 0.127806 0.00687128 0
 0.0376549 0.599619 0.316969 0.0457579 0
 0.0361596 0.667082 0.258105 0.0386534 0
 0.158088 0.579412 0.248529 0.0139706 0
 0.0477256 0.309471 0.559284 0.082774 0.000745712
 0.0406174 0.521527 0.379366 0.0568643 0.0016247
 0.151134 0.462217 0.34131 0.0453401 0
 0.294876 0.26143 0.354403 0.0886775 0.000613685
 0.281977 0.475581 0.204845 0.0348837 0.00271318
 0.0841818 0.532909 0.334909 0.0458182 0.00218182
 0.115287 0.27431 0.454777 0.147771 0.00785563
 0 0 0 0 0
pf_pred 
 0.387709 0.432803 0.160588 0.0188903 9.60564e-06
 0.313453 0.541269 0.102691 0.0381027 0.00448437
 0.175585 0.593512 0.182042 0.0345376 0.0143231
 0.250052 0.417634 0.239239 0.0733795 0.0196953
 0.282831 0.453353 0.146915 0.0841596 0.0327419
 0.172033 0.550555 0.175363 0.056829 0.0452192
 0.264426 0.389288 0.230262 0.0733434 0.0426803
 0.252785 0.488865 0.136727 0.0808731 0.0407501
 0.283807 0.467306 0.162834 0.0455417 0.0405109
 0.209589 0.543625 0.161025 0.0561093 0.029652
 0.118256 0.519148 0.249385 0.0738691 0.0393425
 0.103252 0.394548 0.295682 0.142038 0.0644799
 0.150854 0.338178 0.224814 0.16848 0.117674
 0.143006 0.449296 0.162368 0.107939 0.13739
 0.207499 0.437434 0.186151 0.067272 0.101644
 0.238827 0.49868 0.144888 0.0616574 0.0559488
 0.194118 0.524217 0.184532 0.0536145 0.0435191
 0.319335 0.400787 0.182057 0.0640868 0.0337339
 0.347531 0.475638 0.104121 0.0472969 0.0254129
 0.317079 0.509682 0.126288 0.0276454 0.0193054
 0.272292 0.520858 0.154378 0.0382514 0.0142209
 0.312961 0.453532 0.167133 0.0495368 0.0168373
 0.280929 0.507098 0.139928 0.0515657 0.0204785
 0.277513 0.486461 0.166449 0.0459298 0.0236476
 0.105216 0.599358 0.198914 0.0680611 0.0284503
 0.208006 0.302478 0.327895 0.108821 0.0527992
 0.353711 0.375294 0.103498 0.112195 0.0553014
pobs_RECLAS
 0 0 0 0 0
 0 0 0 0 0
 0 0 0 0 0
 0 0 0 0 0
 0.835266 0.146461 0.0176864 0.000547809 3.91292e-05
 0.385257 0.428462 0.181853 0.0044286 0
 0.867414 0.0963971 0.0333333 0.00285562 0
 0.441836 0.489002 0.0689373 0.000224442 0
 0.779404 0.147425 0.0564933 0.0165055 0.000172143
 0.814271 0.122319 0.05973 0.00367925 0
 0.40263 0.566651 0.0304383 0.000280538 0
 0.475488 0.404961 0.113038 0.00651328 0
 0.955842 0.0263864 0.0167828 0.000988607 0
 0.975058 0.0227948 0.00214734 0 0
 0.738997 0.206755 0.0527124 0.00153531 0
 0.850938 0.134255 0.0134407 0.00136685 0
 0.542534 0.407297 0.0501686 0 0
 0.764087 0.199537 0.0359546 0.000420521 0
 0.470689 0.182191 0.310203 0.0369168 0
 0.84361 0.089868 0.0606195 0.00523954 0.000663233
 0.607945 0.314616 0.071237 0.00620181 0
 0.523733 0.453247 0.0230204 0 0
 0.530135 0.295979 0.169645 0.0042399 0
 0.562478 0.366248 0.0663022 0.0049721 0
 0.250443 0.683176 0.0655157 0.000865301 0
 0.195077 0.31981 0.436473 0.0351445 0.0134964
 0.565238 0.351407 0.0832357 0.000118908 0
ppred_RECLAS
 0.763738 0.167004 0.0619654 0.0072891 3.70648e-06
 0.698389 0.237788 0.0451139 0.0167392 0.00197006
 0.521021 0.344826 0.105765 0.0200661 0.00832162
 0.625734 0.208422 0.119394 0.0366204 0.00982903
 0.66356 0.212678 0.0689212 0.0394811 0.0153599
 0.511737 0.32467 0.103414 0.0335128 0.0266664
 0.643754 0.188537 0.111518 0.035521 0.0206705
 0.631311 0.241215 0.0674634 0.0399042 0.0201068
 0.66735 0.21705 0.0756313 0.0211527 0.0188161
 0.572137 0.294274 0.0871655 0.030373 0.0160512
 0.406248 0.349586 0.167932 0.0497422 0.0264926
 0.369372 0.277461 0.207935 0.0998864 0.0453448
 0.477746 0.207991 0.138268 0.103621 0.0723736
 0.470454 0.277625 0.100329 0.0666969 0.084895
 0.581395 0.231056 0.0983264 0.0355336 0.0536892
 0.615947 0.251611 0.0731037 0.0311094 0.0282292
 0.551909 0.291478 0.102605 0.029811 0.0241978
 0.704637 0.173915 0.0790007 0.0278094 0.0146382
 0.729304 0.197333 0.0431977 0.0196225 0.0105433
 0.700844 0.223268 0.0553208 0.0121102 0.00845678
 0.652511 0.248716 0.0737173 0.0182655 0.00679067
 0.695973 0.200696 0.0739594 0.0219209 0.00745083
 0.662665 0.237893 0.065644 0.0241908 0.00960697
 0.658893 0.229672 0.0785853 0.0216848 0.0111647
 0.371454 0.421023 0.139729 0.04781 0.0199851
 0.569058 0.164585 0.178415 0.0592122 0.0287292
 0.733787 0.154588 0.042632 0.0462144 0.0227792
pobs_PELACES
 0 0 0 0 0
 0 0 0 0 0
 0 0 0 0 0
 0 0 0 0 0
 0 0 0 0 0
 0 0 0 0 0
 0 0 0 0 0
 0 0 0 0 0
 0 0 0 0 0
 0 0 0 0 0
 0.450072 0.473896 0.0757376 0.000293798 0
 0 0 0 0 0
 0.463077 0.371075 0.160297 0.00555027 0
 0.529543 0.364841 0.0842815 0.0213345 0
 0.631943 0.363953 0.00410389 0 0
 0.735681 0.248677 0.0153453 0.000297389 0
 0.695825 0.281241 0.0229344 0 0
 0.275771 0.60734 0.115278 0.00161068 0
 0 0 0 0 0
 0.896147 0.0623911 0.0374545 0.00400742 0
 0.803859 0.145111 0.0509908 3.86294e-05 0
 0.739449 0.233085 0.0266225 0.000797448 4.60066e-05
 0.878498 0.100942 0.0204185 0.000141795 0
 0.694673 0.275183 0.0284847 0.00165964 0
 0.469039 0.446079 0.0841089 0.000773354 0
 0.822795 0.102175 0.0682046 0.00682512 0
 0 0 0 0 0
ppred_PELACES
 0.737022 0.183052 0.0714317 0.00848986 4.32598e-06
 0.662828 0.262767 0.0524305 0.0196559 0.00231811
 0.485831 0.36463 0.117622 0.0225472 0.00936988
 0.571257 0.233091 0.140428 0.0435193 0.0117049
 0.60863 0.242337 0.0825931 0.0478041 0.0186364
 0.46345 0.350198 0.117313 0.0384115 0.0306274
 0.592711 0.210049 0.130666 0.0420521 0.0245217
 0.588559 0.263966 0.0776435 0.0464024 0.0234294
 0.6266 0.239001 0.0875863 0.0247506 0.022062
 0.524316 0.321565 0.100174 0.0352682 0.0186767
 0.370089 0.362621 0.1832 0.0548281 0.0292616
 0.330377 0.285586 0.22509 0.109249 0.0496977
 0.444795 0.213617 0.149351 0.113088 0.0791491
 0.462248 0.274229 0.104226 0.0700064 0.0892916
 0.571683 0.230476 0.103151 0.037664 0.0570258
 0.581768 0.268715 0.0821099 0.0353048 0.0321023
 0.516857 0.308266 0.114124 0.0335022 0.0272501
 0.669278 0.190368 0.0909456 0.0323465 0.0170617
 0.692732 0.220615 0.0507912 0.0233114 0.0125512
 0.660169 0.250141 0.0651839 0.0144174 0.0100888
 0.602501 0.28016 0.0873304 0.0218631 0.00814498
 0.649693 0.227005 0.0879801 0.0263472 0.00897381
 0.615278 0.266934 0.0774659 0.0288437 0.0114785
 0.611075 0.257235 0.092567 0.025808 0.0133151
 0.323926 0.444712 0.155221 0.0536623 0.0224778
 0.513647 0.179582 0.204738 0.0686535 0.0333789
 0.691629 0.174752 0.0506848 0.0555141 0.0274197
pobs_pel_tallas
 0 0 0 0 0 0 0 0 0 0 0 0 0 0 0 0 0 0 0 0 0 0 0 0 0 0 0 0 0 0 0 0 0 0 0 0
 0 0 0 0 0 0 0 0 0 0 0 0 0 0 0 0 0 0 0 0 0 0 0 0 0 0 0 0 0 0 0 0 0 0 0 0
 0 0 0 0 0 0 0 0 0 0 0 0 0 0 0 0 0 0 0 0 0 0 0 0 0 0 0 0 0 0 0 0 0 0 0 0
 0 0 0 0 0 0 0 0 0 0 0 0 0 0 0 0 0 0 0 0 0 0 0 0 0 0 0 0 0 0 0 0 0 0 0 0
 0 0 0 0 0 0 0 0 0 0 0 0 0 0 0 0 0 0 0 0 0 0 0 0 0 0 0 0 0 0 0 0 0 0 0 0
 0 0 0 0 0 0 0 0 0 0 0 0 0 0 0 0 0 0 0 0 0 0 0 0 0 0 0 0 0 0 0 0 0 0 0 0
 0 0 0 0 0 0 0 0 0 0 0 0 0 0 0 0 0 0 0 0 0 0 0 0 0 0 0 0 0 0 0 0 0 0 0 0
 0 0 0 0 0 0 0 0 0 0 0 0 0 0 0 0 0 0 0 0 0 0 0 0 0 0 0 0 0 0 0 0 0 0 0 0
 0 0 0 0 0 0 0 0 0 0 0 0 0 0 0 0 0 0 0 0 0 0 0 0 0 0 0 0 0 0 0 0 0 0 0 0
 0 0 0 0 0 0 0 0 0 0 0 0 0 0 0 0 0 0 0 0 0 0 0 0 0 0 0 0 0 0 0 0 0 0 0 0
 0 0 0 0 0 0 0 0 1.78061e-05 0.00172719 0.00360574 0.0105946 0.0120993 0.0124554 0.0147524 0.0171206 0.0266825 0.0428682 0.0675386 0.121331 0.153587 0.119568 0.100827 0.0573624 0.0630603 0.0341343 0.0324427 0.0444173 0.0211091 0.0280891 0.0125444 0.00206551 0 0 0 0
 0 0 0 0 0 0 0 0 0 0 0 0 0 0 0 0 0 0 0 0 0 0 0 0 0 0 0 0 0 0 0 0 0 0 0 0
 0 0 0 0 0 0 0.0133647 0.0140871 0.0187388 0.0205184 0.03894 0.0496705 0.03968 0.0493445 0.0407372 0.0367815 0.0215668 0.0243155 0.0234873 0.0199281 0.019796 0.0243948 0.0301388 0.0376714 0.0412746 0.0863199 0.0771752 0.113111 0.0741005 0.0525337 0.0229764 0.00759418 0.00175318 0 0 0
 0 0 0 0 0 0 0 0 0 0 0.00219441 0.00772107 0.0458388 0.0604681 0.0671733 0.0775358 0.0609151 0.0617685 0.073594 0.0568108 0.0755445 0.0548602 0.0670107 0.0636378 0.0643287 0.046367 0.0373049 0.0286899 0.0247887 0.0153202 0.00654259 0.00121912 0.000365735 0 0 0
 0 0 0 0 0 0 0 0 0 0 0 0 0.000112435 0.00938835 0.0111873 0.0202946 0.0414886 0.0713402 0.111592 0.104902 0.108894 0.110636 0.117776 0.105296 0.107544 0.0401394 0.0192827 0.0124803 0.00416011 0.0028671 0.000618394 0 0 0 0 0
 0 0 0 0 0 0 0 0 0 0 0.00291406 0.0102884 0.027416 0.0768956 0.0749926 0.110853 0.0956884 0.0897413 0.0766577 0.0534642 0.0500743 0.0551293 0.0594112 0.0620874 0.0668451 0.0424026 0.0208742 0.0120726 0.0048766 0.00582813 0.00118941 0.000297354 0 0 0 0
 0 0.00264628 0.0354308 0.0461629 0.0458689 0.0383711 0.0214643 0.0164657 0.0346957 0.0420465 0.0363128 0.0245516 0.0311673 0.0291091 0.0169068 0.0133784 0.00837989 0.0085269 0.0148486 0.0160247 0.0276389 0.0546898 0.0760071 0.122758 0.109233 0.0665981 0.0333725 0.0166128 0.00676272 0.00308733 0.000882094 0 0 0 0 0
 0 0 0 0 0 0 0 0.000805153 0.000690131 0.00759144 0.0133425 0.0154129 0.00931677 0.000345066 0.00356568 0.00563607 0.00851162 0.0253048 0.0502646 0.0516448 0.0657925 0.0565908 0.0611916 0.0827007 0.0866115 0.110766 0.145733 0.0935128 0.0569358 0.0249597 0.0138026 0.00621118 0.00161031 0.00115022 0 0
 0 0 0 0 0 0 0 0 0 0 0 0 0 0 0 0 0 0 0 0 0 0 0 0 0 0 0 0 0 0 0 0 0 0 0 0
 0.00147267 0.00158595 0.00478618 0.00569244 0.00954404 0.0108468 0.00647125 0.017049 0.0510054 0.094081 0.124002 0.0959785 0.0687766 0.0820023 0.061753 0.0591476 0.0492212 0.0479892 0.0443925 0.0268479 0.0217502 0.0140895 0.0121071 0.0120363 0.00920419 0.00665534 0.0049561 0.00860946 0.00930331 0.0156896 0.0114698 0.00855282 0.00243557 0.00046729 0 2.83206e-05
 0 0 0 0 0.000772559 0.00158375 0.000888443 0.00281984 0.00712685 0.0440552 0.0773331 0.111326 0.0921469 0.0852325 0.0710754 0.0886704 0.0786465 0.0553345 0.0373146 0.0185414 0.00753245 0.00457741 0.012979 0.0271748 0.0457355 0.0583668 0.034881 0.0177882 0.00938659 0.00492506 0.0015258 0.00185414 0.000309023 5.79419e-05 3.86279e-05 0
 0 0.00173294 0.00326652 0 0.00397197 0.00683976 0.00946217 0.0152591 0.00757587 0.0136028 0.0228656 0.0392903 0.0559909 0.0764795 0.0681675 0.0726916 0.0566044 0.0477403 0.0527397 0.0444891 0.0609904 0.0582453 0.0661739 0.0445044 0.0529084 0.0360697 0.0280645 0.0235558 0.0158879 0.00826598 0.00280645 0.00217768 0.000904811 0.00058276 9.20147e-05 0
 0 0 0 0 0 0 0 0 0 0 0 0 0 0 0 0 0 0 0 0 0 0 0 0 0 0 0 0 0 0 0 0 0 0 0 0
 0 0 0 0 0 0 0 0 0 0 0 0 0 0 0 0 0 0 0 0 0 0 0 0 0 0 0 0 0 0 0 0 0 0 0 0
 0 0 0 0 0 0 0 0 0 0 0 0 0 0 0 0 0 0 0 0 0 0 0 0 0 0 0 0 0 0 0 0 0 0 0 0
 0 0 0 0 0 0 0 0 0 0 0 0 0 0 0 0 0 0 0 0 0 0 0 0 0 0 0 0 0 0 0 0 0 0 0 0
 0 0 0 0 0 0 0 0 0 0 0 0 0 0 0 0 0 0 0 0 0 0 0 0 0 0 0 0 0 0 0 0 0 0 0 0
ppred_pel_tallas
 1.01366e-16 3.21578e-05 0.000188739 0.000897176 0.00345417 0.0107715 0.027208 0.0556713 0.0922818 0.123933 0.134868 0.118972 0.0851828 0.0497517 0.0242177 0.0107925 0.00597498 0.00563912 0.00725252 0.00969123 0.0124727 0.0152795 0.0178067 0.0197667 0.0209399 0.0212211 0.0206381 0.0193347 0.0175276 0.0154515 0.0133115 0.0112555 0.00936945 0.00768832 0.00621567 0.00494096
 1.01614e-16 2.89258e-05 0.000169757 0.000806917 0.00310662 0.00968767 0.0244704 0.0500706 0.0830009 0.111478 0.121337 0.10709 0.0767955 0.0450942 0.0224005 0.0107453 0.00702059 0.00754239 0.0100313 0.0134321 0.0172183 0.0209697 0.0242568 0.0266765 0.0279329 0.0279041 0.0266663 0.0244655 0.0216489 0.0185803 0.0155664 0.0128148 0.0104274 0.00842049 0.00675833 0.00538495
 1.03002e-16 2.12122e-05 0.000124461 0.000591556 0.00227739 0.00710172 0.0179387 0.036707 0.0608537 0.0817486 0.0890213 0.078672 0.0566408 0.0337119 0.0175884 0.00984255 0.00828081 0.0102674 0.0141491 0.0190974 0.0245842 0.0300795 0.0349971 0.0387726 0.0409791 0.0414203 0.040167 0.0375205 0.0339241 0.0298505 0.0257065 0.0217768 0.0182157 0.0150729 0.0123347 0.0099627
 1.04112e-16 2.49318e-05 0.000146311 0.000695458 0.00267749 0.00834943 0.0210901 0.0431541 0.0715361 0.0960815 0.104583 0.0923158 0.0662264 0.0389412 0.0194459 0.0095057 0.00646144 0.00716203 0.00966975 0.0131023 0.0170286 0.0211004 0.0249466 0.0281996 0.0305618 0.0318623 0.0320822 0.0313372 0.0298299 0.0277899 0.0254235 0.0228867 0.0202838 0.0176822 0.0151325 0.0126835
 1.03765e-16 2.65617e-05 0.000155879 0.000740945 0.00285262 0.00889559 0.0224697 0.0459768 0.0762149 0.102364 0.111419 0.0983417 0.070532 0.0414375 0.020625 0.00996609 0.00661597 0.00720395 0.00965161 0.0130066 0.0168018 0.0206656 0.0242118 0.0270693 0.0289533 0.0297237 0.0294089 0.0281815 0.0263008 0.0240425 0.0216393 0.0192491 0.016954 0.0147806 0.0127281 0.0107932
 1.04531e-16 2.02356e-05 0.00011873 0.000564309 0.00217249 0.0067746 0.0171124 0.0350162 0.0580508 0.0779838 0.0849227 0.0750529 0.0540417 0.0321783 0.0168133 0.00945037 0.00800159 0.00995853 0.0137507 0.018595 0.0239946 0.0294498 0.0344055 0.0383243 0.0407958 0.0416248 0.0408642 0.0387812 0.0357725 0.0322599 0.0286014 0.025043 0.0217134 0.0186521 0.0158507 0.0132881
 1.04515e-16 2.58663e-05 0.0001518 0.000721557 0.00277798 0.00866283 0.0218817 0.0447735 0.0742197 0.0996829 0.108496 0.0957504 0.0686496 0.040284 0.019964 0.00950639 0.00613715 0.0065761 0.00881107 0.0119387 0.0155404 0.0192985 0.0228806 0.0259572 0.0282594 0.0296296 0.030043 0.0295928 0.0284477 0.026799 0.0248177 0.0226315 0.0203258 0.0179579 0.0155761 0.013232
 1.03878e-16 2.56873e-05 0.000150744 0.000716529 0.00275861 0.00860239 0.0217291 0.0444617 0.0737042 0.098995 0.107759 0.0951276 0.0682631 0.0401777 0.0201335 0.00995342 0.0068989 0.00771877 0.0104029 0.0140176 0.0180835 0.0222013 0.0259508 0.0289299 0.0308333 0.031517 0.0310228 0.0295517 0.0273991 0.024876 0.0222427 0.019673 0.0172528 0.0150025 0.0129098 0.0109577
 1.03203e-16 2.73451e-05 0.000160479 0.000762814 0.00293683 0.00915817 0.0231329 0.0473338 0.0784641 0.105384 0.114703 0.101234 0.0725921 0.0426189 0.0211592 0.0101342 0.00660925 0.00710893 0.0094908 0.0127755 0.016488 0.0202558 0.0236945 0.026435 0.0281948 0.0288359 0.0283889 0.0270298 0.0250232 0.022652 0.020158 0.0177087 0.0153944 0.0132466 0.0112653 0.00944261
 1.03612e-16 2.28885e-05 0.000134307 0.000638371 0.00245766 0.00766388 0.0193586 0.0396119 0.0656674 0.0882084 0.0960383 0.0848316 0.0609848 0.0361155 0.0185089 0.00982902 0.00767619 0.009183 0.0125632 0.0169519 0.0218458 0.0267722 0.0312174 0.0346873 0.0368072 0.0374029 0.0365314 0.0344484 0.0315305 0.0281771 0.0247277 0.0214155 0.0183623 0.0156032 0.0131252 0.0109003
 1.0597e-16 1.61653e-05 9.48317e-05 0.000450693 0.00173503 0.0054104 0.0136665 0.0279659 0.0463655 0.0622946 0.0678602 0.0600273 0.0433402 0.0260432 0.0140444 0.00859115 0.00806638 0.0105102 0.0146918 0.0199758 0.0259132 0.0320105 0.0376991 0.0424145 0.0457082 0.0473376 0.0473036 0.0458202 0.0432358 0.039934 0.0362512 0.0324315 0.028624 0.024908 0.0213294 0.0179286
 1.09365e-16 1.44305e-05 8.46542e-05 0.000402324 0.00154883 0.00482974 0.0121998 0.0249642 0.0413881 0.0556049 0.0605669 0.0535617 0.0386415 0.0231599 0.0123842 0.00742246 0.0068309 0.00887057 0.0124699 0.0171093 0.0224559 0.0281497 0.0337627 0.0388492 0.0430263 0.0460401 0.0477962 0.0483424 0.0478197 0.0464016 0.0442472 0.0414817 0.0382041 0.0345094 0.0305106 0.0263487
 1.09774e-16 1.94165e-05 0.000113934 0.000541537 0.00208486 0.00650136 0.016422 0.0336027 0.0557042 0.0748215 0.081453 0.0719245 0.0516547 0.0304884 0.0154422 0.00791641 0.00587171 0.0068876 0.00948576 0.0130016 0.0171094 0.0215323 0.0259602 0.0300725 0.0335926 0.036334 0.0382197 0.039267 0.0395497 0.0391547 0.03815 0.036577 0.0344639 0.0318483 0.0288002 0.0254312
 1.08147e-16 2.01799e-05 0.00011841 0.000562806 0.00216673 0.00675666 0.017067 0.0349227 0.0578937 0.0777663 0.0846691 0.0747886 0.0537641 0.0318384 0.0163172 0.00867108 0.00679132 0.00816243 0.0112293 0.0152575 0.0198385 0.0245955 0.0291133 0.0329839 0.0358856 0.0376469 0.0382694 0.0379011 0.036774 0.0351295 0.0331593 0.0309789 0.0286351 0.0261354 0.0234837 0.0207065
 1.05499e-16 2.49501e-05 0.000146419 0.000695974 0.00267948 0.00835563 0.0211058 0.0431861 0.071589 0.0961521 0.104659 0.0923794 0.0662653 0.0389503 0.0194244 0.00945081 0.00636456 0.00700828 0.00943965 0.0127744 0.0165834 0.0205244 0.024238 0.0273729 0.0296519 0.030926 0.0311966 0.0305937 0.0293251 0.0276134 0.0256444 0.0235426 0.0213729 0.0191615 0.0169227 0.0146792
 1.03967e-16 2.53914e-05 0.000149006 0.000708266 0.00272679 0.00850318 0.0214785 0.043949 0.0728546 0.0978546 0.106519 0.094038 0.0674914 0.0397438 0.0199538 0.00992709 0.00696029 0.00784263 0.0105878 0.0142702 0.0184093 0.0226001 0.0264148 0.0294437 0.0313755 0.0320635 0.0315506 0.0300417 0.0278388 0.0252598 0.0225714 0.0199518 0.0174895 0.0152054 0.0130866 0.0111143
 1.04145e-16 2.25627e-05 0.000132396 0.000629288 0.00242269 0.00755484 0.0190831 0.0390482 0.0647327 0.0869523 0.0946692 0.0836186 0.060105 0.035579 0.018206 0.00962458 0.00746822 0.00891155 0.0121983 0.0164849 0.0212882 0.0261588 0.030606 0.034155 0.0364404 0.0372838 0.0367231 0.0349839 0.0324062 0.0293537 0.0261374 0.0229732 0.0199782 0.0171939 0.0146218 0.0122531
 1.03262e-16 2.92042e-05 0.000171398 0.000814732 0.00313674 0.0097816 0.0247076 0.0505554 0.0838024 0.112548 0.122485 0.108066 0.0774109 0.0452873 0.0221854 0.0101293 0.00595671 0.00593724 0.00778293 0.0104763 0.0135708 0.016758 0.0197312 0.0221942 0.0239135 0.024764 0.0247487 0.0239818 0.0226471 0.0209456 0.0190516 0.01709 0.0151346 0.0132227 0.0113743 0.00960795
 1.02181e-16 3.0228e-05 0.000177406 0.00084329 0.00324668 0.0101245 0.0255736 0.0523276 0.0867406 0.116496 0.126786 0.111869 0.0801566 0.0469353 0.0230689 0.0106573 0.00642977 0.0065218 0.00855285 0.0114458 0.0147032 0.0179629 0.0208653 0.0230731 0.0243361 0.0245456 0.0237554 0.0221577 0.020027 0.0176505 0.0152692 0.0130447 0.011055 0.009313 0.00779455 0.00646403
 1.01974e-16 2.88094e-05 0.000169074 0.000803675 0.00309414 0.00964876 0.0243721 0.0498694 0.082667 0.111029 0.120845 0.106651 0.0764684 0.044878 0.0222486 0.0105996 0.00683246 0.00727738 0.0096674 0.0129604 0.0166461 0.0203249 0.0235884 0.0260514 0.0274271 0.0275903 0.0266014 0.02468 0.022142 0.0193207 0.016499 0.013871 0.0115353 0.00951487 0.00778672 0.00631078
 1.02463e-16 2.6296e-05 0.000154316 0.000733506 0.00282397 0.00880621 0.0222439 0.0455152 0.0754509 0.101342 0.110315 0.0973892 0.0698963 0.0411593 0.0206628 0.0102757 0.00719629 0.00809612 0.0109129 0.0146804 0.0188918 0.0231166 0.0269009 0.0298115 0.0315216 0.0318812 0.0309453 0.028945 0.0262197 0.0231305 0.0199867 0.0170034 0.0142957 0.0118988 0.00980042 0.0079706
 1.02648e-16 2.83517e-05 0.000166389 0.000790915 0.00304502 0.00949558 0.0239852 0.0490775 0.0813539 0.109264 0.11892 0.104944 0.0752254 0.0441109 0.0217994 0.0102731 0.00647892 0.00680595 0.00903062 0.0121439 0.0156696 0.0192472 0.0225084 0.0251005 0.026752 0.0273293 0.0268593 0.0255083 0.0235287 0.0211924 0.0187345 0.0163211 0.014046 0.0119467 0.0100289 0.00828842
 1.02715e-16 2.68526e-05 0.000157585 0.000749049 0.00288382 0.00899285 0.0227154 0.0464797 0.0770491 0.103487 0.112645 0.0994349 0.0713399 0.04196 0.0209731 0.0102788 0.00700717 0.00775268 0.0104084 0.0139953 0.0180132 0.0220494 0.0256726 0.0284724 0.0301398 0.0305337 0.029707 0.0278791 0.0253702 0.0225191 0.0196135 0.0168504 0.0143319 0.0120851 0.0100948 0.00833167
 1.02907e-16 2.6669e-05 0.000156508 0.000743929 0.00286411 0.0089314 0.0225601 0.046162 0.0765223 0.102778 0.111873 0.0987498 0.0708411 0.041652 0.0207926 0.0101475 0.00686539 0.00756447 0.0101557 0.0136739 0.017633 0.0216363 0.0252685 0.0281315 0.0299207 0.0304896 0.0298753 0.0282732 0.0259768 0.0232999 0.0205125 0.0178034 0.0152763 0.0129682 0.0108787 0.0089953
 1.05243e-16 1.41557e-05 8.30259e-05 0.00039455 0.00151884 0.00473619 0.0119637 0.0244823 0.0405937 0.0545513 0.059455 0.0526635 0.0381784 0.0232511 0.0130998 0.00887122 0.00920263 0.0124134 0.0174237 0.0236193 0.030486 0.0374153 0.0437051 0.0486705 0.051787 0.0528027 0.0517819 0.0490624 0.045149 0.040581 0.03582 0.0311874 0.026857 0.0228891 0.0192804 0.0160093
 1.06884e-16 2.24177e-05 0.000131556 0.00062532 0.00240746 0.00750736 0.0189631 0.0388016 0.0643205 0.0863885 0.0940286 0.0829895 0.0595152 0.0349547 0.0173836 0.00838699 0.00557693 0.00613235 0.00833685 0.0114392 0.0151089 0.0190984 0.0231346 0.026927 0.030211 0.0327884 0.0345491 0.0354659 0.0355721 0.0349315 0.0336172 0.031704 0.029274 0.0264263 0.0232848 0.0199951
 1.03966e-16 3.0178e-05 0.000177117 0.000841925 0.00324144 0.0101081 0.0255323 0.0522427 0.0865987 0.116301 0.126564 0.11165 0.0799472 0.0467078 0.0227629 0.0101916 0.00571337 0.00546258 0.00707023 0.0094901 0.0122786 0.0151476 0.0178202 0.0200342 0.0215881 0.0223817 0.0224314 0.0218517 0.0208136 0.0194948 0.0180387 0.0165351 0.0150223 0.0135053 0.0119788 0.0104449
pSPR Fmed_Fpbrs
0.441488   0.6 0.325
Fs Fmed_Fpbrs
0.64   0.343218 1.0438
SSBpbr Bo_Bmed_Bpbrs
2.54204e+06  995180  1.39812e+06 699061
Ro
59874.1
SPR SPRFo_SPRFmed_SPRFpbrs
1.23665e+06 545969 401913
log_Ro
10.82
likeval ReclasPelacesDesembMPH_pf_preclas_ppelaces_ptallas_desvR_qrecl_qpela
 95.857 39.9366 0.054163 52.0314 345.904 229.994 58.3279 0 23.3489 7.86229e-05 6.69756e-06 2.3173e-16 0 0 0
q_reclas_q_pelaces
0.284653 1.44512
M
0.7
N
 70304.2 17718.4 6574.27 773.344 0.393242
 86036.2 32518.1 6169.43 2289.12 269.41
 53031.4 40549.5 12437.4 2359.65 978.573
 71560.7 24499.2 14034.3 4304.59 1155.36
 108682 35051.2 11358.8 6506.85 2531.45
 79060.9 53802.2 17137.2 5553.53 4418.98
 123605 37907.4 22422 7141.9 4156.04
 143166 59981.7 16775.8 9922.81 4999.87
 190106 67891.2 23656.8 6616.38 5885.51
 163586 90088.7 26684.8 9298.35 4913.89
 79450 78504.3 37711.3 11170.3 5949.28
 43376.2 36817.1 27591.5 13254.2 6016.93
 38634.2 20262.8 13470.3 10094.9 7050.73
 21358.4 17478.4 6316.4 4199.02 5344.71
 16567 9005.84 3832.46 1384.99 2092.64
 14837.7 7033.58 2043.56 869.641 789.125
 11139 6839.55 2407.62 699.517 567.802
 18433.8 5129.74 2330.18 820.258 431.766
 29175.5 8620.6 1887.12 857.222 460.592
 40489.4 13863.9 3435.16 751.984 525.126
 49190.1 19393.5 5748.05 1424.24 529.498
 79699.7 24018 8850.98 2623.35 891.666
 102787 38714.9 10683 3936.83 1563.45
 136110 49830.7 17050.2 4704.83 2422.35
 55649.3 65950.9 21887.7 7489.16 3130.55
 89096.7 27025.1 29296.1 9722.74 4717.39
 193221 43202.9 11914.4 12915.6 6366.15
pred_Ctot
 3481.22 3886.12 1441.92 169.615 0.0862486
 3159.13 5455.17 1034.97 384.018 45.1957
 2669.1 9022.06 2767.25 525.01 217.728
 702.643 1173.55 672.259 206.195 55.3435
 243.045 389.581 126.249 72.321 28.1361
 1963.51 6283.79 2001.52 648.621 516.112
 2028.52 2986.4 1766.44 562.648 327.418
 4651.2 8995.02 2515.75 1488.05 749.794
 6266.1 10317.5 3595.16 1005.5 894.428
 3961.43 10275 3043.51 1060.52 560.451
 3833.59 16829.6 8084.49 2394.67 1275.4
 1856.25 7093.09 5315.7 2553.52 1159.2
 2485.17 5571.15 3703.59 2775.54 1938.56
 2339.77 7351.08 2656.56 1766.03 2247.89
 1743.9 3676.37 1564.49 565.381 854.259
 768.874 1605.44 466.449 198.499 180.12
 584.288 1577.88 555.436 161.378 130.991
 775.098 972.799 441.893 155.553 81.8796
 906.303 1240.38 271.53 123.342 66.2727
 1034.69 1663.19 412.101 90.2121 62.997
 593.061 1134.45 336.24 83.3128 30.9737
 1251.13 1813.09 668.15 198.034 67.3108
 1757.17 3171.83 875.233 322.536 128.09
 2377.54 4167.66 1426.02 393.495 202.597
 883.833 5034.69 1670.91 571.723 238.986
 1510.02 2195.84 2380.35 789.988 383.295
 4084.79 4334.03 1195.23 1295.67 638.64
F
 0.0710351 0.354997 0.354997 0.354997 0.354997
 0.0522447 0.261092 0.261092 0.261092 0.261092
 0.0722409 0.361023 0.361023 0.361023 0.361023
 0.0137362 0.0686464 0.0686464 0.0686464 0.0686464
 0.00311386 0.0155615 0.0155615 0.0155615 0.0155615
 0.0350717 0.17527 0.17527 0.17527 0.17527
 0.0230533 0.115208 0.115208 0.115208 0.115208
 0.0461011 0.230389 0.230389 0.230389 0.230389
 0.0467863 0.233814 0.233814 0.233814 0.233814
 0.034184 0.170834 0.170834 0.170834 0.170834
 0.069164 0.345646 0.345646 0.345646 0.345646
 0.0611262 0.305477 0.305477 0.305477 0.305477
 0.0931741 0.465636 0.465636 0.465636 0.465636
 0.163574 0.817458 0.817458 0.817458 0.817458
 0.156715 0.783181 0.783181 0.783181 0.783181
 0.0744489 0.372057 0.372057 0.372057 0.372057
 0.075393 0.376775 0.376775 0.376775 0.376775
 0.0600312 0.300005 0.300005 0.300005 0.300005
 0.0440403 0.22009 0.22009 0.22009 0.22009
 0.0361035 0.180427 0.180427 0.180427 0.180427
 0.0168901 0.0844079 0.0844079 0.0844079 0.0844079
 0.0220415 0.110152 0.110152 0.110152 0.110152
 0.0240244 0.120062 0.120062 0.120062 0.120062
 0.0245535 0.122706 0.122706 0.122706 0.122706
 0.0223026 0.111457 0.111457 0.111457 0.111457
 0.0238153 0.119017 0.119017 0.119017 0.119017
 0.0297846 0.148848 0.148848 0.148848 0.148848
Np
 45033.5 20878.7 32813.2 6513.26 2429.06
YTP_r0W_actual
 75929.3 198849 79718.6 110361 60366.1
YTP_p0W_proyectada
 17696.7 428669 123694 43563.6 74830.9
 17696.7 96097.7 219550 55654.4 23033.2
CTP_r0_actual
 9259.68 9205.95 2538.81 2752.14 1356.54
CTP_p0_proyectada
 2158.13 19845.8 3939.3 1086.38 1681.59
 2158.13 4448.97 6992.05 1387.89 517.601
Wmedp
 8.2 21.6 31.4 40.1 44.5
nmprior
 10.8 10.6 4.6 0
nm_flota  nm_reclas  nm_pelaces    nm_pelaL
inf 10.2719 13.0328 36.3958
cv_recla  cv_pelaces  cv_mph
0.70658 0.346136 0.578349
 ------------------------------------------------
Talla a la edad & desviaci?n 
 7.2 14.2025 17.0495 18.207 18.6776
 1.08 2.13037 2.55742 2.73105 2.80164
