years
 1997 1998 1999 2000 2001 2002 2003 2004 2005 2006 2007 2008 2009 2010 2011 2012 2013 2014 2015 2016 2017 2018 2019 2020 2021 2022 2023
reclasobs
 0 0 0 370054 412103 1.49427e+06 250295 1.28982e+06 931140 785840 897777 1.04006e+06 184774 17550 25797 100020 73551 82996 120727 218422 84188 347160 605670 569463 516374 1.08416e+06 1.01767e+06
reclaspred
 2.03443e+06 367174 731023 267843 318372 385775 685437 602838 666397 841639 845544 637641 388853 113685 71466.6 84385.3 67337 74534.3 112504 163488 233859 266869 466163 532051 813875 737209 413827
pelacesobs
 0 0 0 0 0 0 0 0 0 2.06254e+06 1.5e+06 0 1.87456e+06 323000 250000 174000 83755 137374 0 501740 490994 745055 786931 1.00524e+06 1.33801e+06 1.41789e+06 0
pelacespred
 4.12841e+06 1.22867e+06 743346 568268 868185 597733 2.2084e+06 1.79956e+06 1.90799e+06 2.50694e+06 1.85812e+06 1.55046e+06 963505 272435 188559 182092 141679 186426 261174 331782 617372 608911 794675 1.15835e+06 1.54778e+06 1.3106e+06 614431
mphobs
 0 0 0 0 0 0 112323 0 153150 637223 0 255016 313432 73983 77613 109348 50772 17779 17303 59886 28197 0 207744 136588 643089 65757 70829
mphpred
 475618 209279 180398 89048.1 74680 154517 181600 314002 286509 332778 389709 268393 188542 127555 60651.2 54577.3 35546.6 37762.7 32091.7 39653.1 52891.3 75351.8 93333.5 128833 181739 142660 118344
desembarqueobs
 350755 77701 442110 56441 14545 235359 269955 359681 431902 328805 639364 411747 362871 311530 167758 66681 60226 58785 57116 73181 50977 67692 138656 160484 209506 203330 245020
desembarquepred
 350734 77669.2 441690 56427 14543.8 235337 269971 359136 431512 328682 638327 411092 362504 311694 167261 66678.4 60239.9 58639.9 57009.8 73133.2 50982.7 67612.4 138634 160447 209412 203117 244790
Reclutas
 23316.9 42112.1 5916.27 9780.44 35063.6 15072.1 63145.8 55783.7 72778.1 102602 64033.7 61135.2 48525.1 29708 14232.7 8115.03 5812.02 8417.81 10820.7 8694.46 16709.7 21809.2 27834.7 48378.7 15084.7 30964.1 9854.59
log_desv_Rt
 0.0169319 0.60809 -1.35454 -0.85186 0.424918 -0.419402 1.0132 0.889238 1.15517 1.49862 1.02717 0.980843 0.749837 0.259171 -0.476703 -1.03853 -1.37232 -1.00189 -0.750782 -0.969559 -0.316255 -0.0499117 0.19404 0.746815 -0.418562 0.300582 -0.844307
SSB
 624809 274926 236985 116981 98105.6 202985 228100 404662 361224 423809 511952 352582 260678 116489 59479.2 52644.2 38557.9 37676.6 55348.7 73958.4 89804 123401 159333 205079 329478 275115 210049
BT
 1.3842e+06 407710 403693 195617 273641 317895 1.03789e+06 934450 1.04825e+06 1.10628e+06 1.11446e+06 865876 664875 380201 204204 106630 93596.8 112641 122971 144460 228159 208969 293396 459582 500972 505503 332855
Ftot
 0.47466 0.678673 1.36958 0.693841 0.15663 1.30545 1.29188 1.3709 1.64391 1.00963 1.64942 1.58095 2.1179 4.58615 4.15279 1.54265 1.95553 1.95444 1.15124 1.00694 0.600088 0.638474 0.73772 0.815046 0.592254 0.845579 1.34523
BD_Bspro_t
 0.935267 0.661168 0.525723 0.217927 0.287615 0.501802 0.389883 0.48131 0.408168 0.404458 0.412028 0.270928 0.215776 0.118248 0.0726861 0.0788456 0.0820866 0.112634 0.196295 0.293983 0.363338 0.503854 0.526068 0.51481 0.560121 0.440608 0.370984
BD_Bspro
 1.31954 0.580617 0.50049 0.247052 0.20719 0.428686 0.481724 0.854607 0.76287 0.895043 1.08119 0.744619 0.550526 0.246014 0.125615 0.11118 0.0814306 0.0795694 0.116891 0.156193 0.189657 0.260611 0.336497 0.433107 0.695827 0.581017 0.443603
BD_Bo
 1.19546 0.526021 0.453429 0.223821 0.187707 0.388376 0.436427 0.774248 0.691137 0.810882 0.979529 0.674602 0.49876 0.222881 0.113803 0.100725 0.0737736 0.0720875 0.1059 0.141506 0.171824 0.236105 0.304855 0.392382 0.630398 0.526384 0.40189
BD_Brms
 2.17356 0.956401 0.824416 0.406948 0.341286 0.706138 0.793505 1.40772 1.25661 1.47433 1.78096 1.22655 0.906836 0.405238 0.206914 0.183137 0.134134 0.131068 0.192545 0.257284 0.312407 0.429282 0.554283 0.713421 1.14618 0.957061 0.73071
S_f
 0.0949749 1 1 1 1
 0.0949749 1 1 1 1
 0.0949749 1 1 1 1
 0.0949749 1 1 1 1
 0.0949749 1 1 1 1
 0.0949749 1 1 1 1
 0.0949749 1 1 1 1
 0.0949749 1 1 1 1
 0.0949749 1 1 1 1
 0.0949749 1 1 1 1
 0.0949749 1 1 1 1
 0.0949749 1 1 1 1
 0.0949749 1 1 1 1
 0.0949749 1 1 1 1
 0.0949749 1 1 1 1
 0.0949749 1 1 1 1
 0.0949749 1 1 1 1
 0.0949749 1 1 1 1
 0.0949749 1 1 1 1
 0.0949749 1 1 1 1
 0.0949749 1 1 1 1
 0.0949749 1 1 1 1
 0.0949749 1 1 1 1
 0.0949749 1 1 1 1
 0.0949749 1 1 1 1
 0.0949749 1 1 1 1
 0.0949749 1 1 1 1
Scru_reclas
 0.105527 0.372543 0.749251 0.937647 0.986959
 0.105527 0.372543 0.749251 0.937647 0.986959
 0.105527 0.372543 0.749251 0.937647 0.986959
 0.105527 0.372543 0.749251 0.937647 0.986959
 0.105527 0.372543 0.749251 0.937647 0.986959
 0.105527 0.372543 0.749251 0.937647 0.986959
 0.105527 0.372543 0.749251 0.937647 0.986959
 0.105527 0.372543 0.749251 0.937647 0.986959
 0.105527 0.372543 0.749251 0.937647 0.986959
 0.105527 0.372543 0.749251 0.937647 0.986959
 0.105527 0.372543 0.749251 0.937647 0.986959
 0.105527 0.372543 0.749251 0.937647 0.986959
 0.105527 0.372543 0.749251 0.937647 0.986959
 0.105527 0.372543 0.749251 0.937647 0.986959
 0.105527 0.372543 0.749251 0.937647 0.986959
 0.105527 0.372543 0.749251 0.937647 0.986959
 0.105527 0.372543 0.749251 0.937647 0.986959
 0.105527 0.372543 0.749251 0.937647 0.986959
 0.105527 0.372543 0.749251 0.937647 0.986959
 0.105527 0.372543 0.749251 0.937647 0.986959
 0.105527 0.372543 0.749251 0.937647 0.986959
 0.105527 0.372543 0.749251 0.937647 0.986959
 0.105527 0.372543 0.749251 0.937647 0.986959
 0.105527 0.372543 0.749251 0.937647 0.986959
 0.105527 0.372543 0.749251 0.937647 0.986959
 0.105527 0.372543 0.749251 0.937647 0.986959
 0.105527 0.372543 0.749251 0.937647 0.986959
Scru_pelaces
 0.414784 0.913254 0.993646 0.99957 0.999971
 0.414784 0.913254 0.993646 0.99957 0.999971
 0.414784 0.913254 0.993646 0.99957 0.999971
 0.414784 0.913254 0.993646 0.99957 0.999971
 0.414784 0.913254 0.993646 0.99957 0.999971
 0.414784 0.913254 0.993646 0.99957 0.999971
 0.414784 0.913254 0.993646 0.99957 0.999971
 0.414784 0.913254 0.993646 0.99957 0.999971
 0.414784 0.913254 0.993646 0.99957 0.999971
 0.414784 0.913254 0.993646 0.99957 0.999971
 0.414784 0.913254 0.993646 0.99957 0.999971
 0.414784 0.913254 0.993646 0.99957 0.999971
 0.414784 0.913254 0.993646 0.99957 0.999971
 0.414784 0.913254 0.993646 0.99957 0.999971
 0.414784 0.913254 0.993646 0.99957 0.999971
 0.414784 0.913254 0.993646 0.99957 0.999971
 0.414784 0.913254 0.993646 0.99957 0.999971
 0.414784 0.913254 0.993646 0.99957 0.999971
 0.414784 0.913254 0.993646 0.99957 0.999971
 0.414784 0.913254 0.993646 0.99957 0.999971
 0.414784 0.913254 0.993646 0.99957 0.999971
 0.414784 0.913254 0.993646 0.99957 0.999971
 0.414784 0.913254 0.993646 0.99957 0.999971
 0.414784 0.913254 0.993646 0.99957 0.999971
 0.414784 0.913254 0.993646 0.99957 0.999971
 0.414784 0.913254 0.993646 0.99957 0.999971
 0.414784 0.913254 0.993646 0.99957 0.999971
pf_obs 
 0.256992 0.487395 0.22802 0.0275931 0
 0.321318 0.546541 0.124235 0.00734118 0.000564706
 0.182869 0.594174 0.210203 0.0122559 0.00049798
 0.330522 0.361315 0.267642 0.0388342 0.00168674
 0.649043 0.306663 0.0425973 0.00169635 0
 0.582887 0.30429 0.105238 0.00758474 0
 0.465427 0.430635 0.0974691 0.00646863 0
 0.296916 0.608066 0.0921331 0.00288517 0
 0.311714 0.524322 0.152257 0.0117073 0
 0.15457 0.633149 0.183074 0.0267441 0.00246327
 0.131901 0.49318 0.331252 0.0422183 0.00144891
 0.196976 0.569456 0.194076 0.0375587 0.00193317
 0.518974 0.381816 0.0799577 0.0180837 0.00116848
 0.0928022 0.601141 0.25162 0.0475244 0.00691264
 0.122501 0.610282 0.24278 0.0234846 0.000952079
 0.383417 0.481906 0.127806 0.00687128 0
 0.0376549 0.599619 0.316969 0.0457579 0
 0.0361596 0.667082 0.258105 0.0386534 0
 0.158088 0.579412 0.248529 0.0139706 0
 0.0477256 0.309471 0.559284 0.082774 0.000745712
 0.0406174 0.521527 0.379366 0.0568643 0.0016247
 0.151134 0.462217 0.34131 0.0453401 0
 0.294876 0.26143 0.354403 0.0886775 0.000613685
 0.281977 0.475581 0.204845 0.0348837 0.00271318
 0.0841818 0.532909 0.334909 0.0458182 0.00218182
 0.115287 0.27431 0.454777 0.147771 0.00785563
 0 0 0 0 0
pf_pred 
 0.102713 0.608166 0.255741 0.033374 5.83132e-06
 0.220366 0.473349 0.207595 0.0872959 0.0113941
 0.0360213 0.781038 0.111071 0.0487119 0.0231575
 0.175948 0.377269 0.361994 0.051479 0.0333099
 0.373352 0.479288 0.0674647 0.0647332 0.0151623
 0.103003 0.781939 0.088001 0.012387 0.0146694
 0.504499 0.353773 0.123549 0.0139044 0.00427501
 0.227275 0.739058 0.0240373 0.00839461 0.00123521
 0.300887 0.607747 0.0873856 0.00284215 0.00113862
 0.294495 0.649143 0.0489959 0.00704494 0.000320926
 0.168461 0.735011 0.0888166 0.00670368 0.00100781
 0.235896 0.645457 0.104874 0.0126726 0.0011003
 0.236322 0.678291 0.0721282 0.0117194 0.00153909
 0.294522 0.647727 0.0512939 0.00545449 0.00100263
 0.293973 0.698081 0.00729561 0.000577743 7.27292e-05
 0.212333 0.775403 0.0121255 0.000126723 1.12985e-05
 0.207508 0.690545 0.10036 0.00156939 1.7864e-05
 0.361261 0.571789 0.0583374 0.00847841 0.000134092
 0.297118 0.666716 0.0323753 0.00330313 0.00048765
 0.180493 0.732137 0.0828745 0.00402433 0.000471204
 0.288654 0.5694 0.126813 0.0143547 0.00077867
 0.222903 0.663944 0.0905738 0.020172 0.00240724
 0.216237 0.634098 0.127872 0.0174441 0.00434865
 0.280886 0.583622 0.109619 0.0221057 0.00376738
 0.0650808 0.808077 0.102943 0.0193353 0.00456368
 0.220883 0.389993 0.33633 0.0428462 0.00994703
 0.0799588 0.758773 0.0807242 0.0696165 0.0109276
pobs_RECLAS
 0 0 0 0 0
 0 0 0 0 0
 0 0 0 0 0
 0 0 0 0 0
 0.835266 0.146461 0.0176864 0.000547809 3.91292e-05
 0.385257 0.428462 0.181853 0.0044286 0
 0.867414 0.0963971 0.0333333 0.00285562 0
 0.441836 0.489002 0.0689373 0.000224442 0
 0.779404 0.147425 0.0564933 0.0165055 0.000172143
 0.814271 0.122319 0.05973 0.00367925 0
 0.40263 0.566651 0.0304383 0.000280538 0
 0.475488 0.404961 0.113038 0.00651328 0
 0.955842 0.0263864 0.0167828 0.000988607 0
 0.975058 0.0227948 0.00214734 0 0
 0.738997 0.206755 0.0527124 0.00153531 0
 0.850938 0.134255 0.0134407 0.00136685 0
 0.542534 0.407297 0.0501686 0 0
 0.764087 0.199537 0.0359546 0.000420521 0
 0.470689 0.182191 0.310203 0.0369168 0
 0.84361 0.089868 0.0606195 0.00523954 0.000663233
 0.607945 0.314616 0.071237 0.00620181 0
 0.523733 0.453247 0.0230204 0 0
 0.530135 0.295979 0.169645 0.0042399 0
 0.562478 0.366248 0.0663022 0.0049721 0
 0.250443 0.683176 0.0655157 0.000865301 0
 0.195077 0.31981 0.436473 0.0351445 0.0134964
 0.565238 0.351407 0.0832357 0.000118908 0
ppred_RECLAS
 0.208008 0.399217 0.337627 0.0551388 1.01409e-05
 0.378093 0.258056 0.227614 0.119781 0.0164563
 0.0945314 0.595104 0.170205 0.0934154 0.0467449
 0.29537 0.200916 0.387717 0.069001 0.0469958
 0.578722 0.246818 0.0698728 0.0839017 0.0206856
 0.254524 0.566508 0.128225 0.0225873 0.0281559
 0.725852 0.149538 0.105031 0.0147925 0.00478725
 0.490955 0.46343 0.0303139 0.0132486 0.00205197
 0.57731 0.323674 0.0935999 0.00380974 0.00160652
 0.557047 0.375249 0.0569625 0.0102499 0.00049148
 0.3943 0.477075 0.115941 0.0109514 0.00173297
 0.485442 0.372677 0.121782 0.018416 0.00168305
 0.520579 0.37948 0.0811575 0.0165021 0.00228118
 0.741737 0.218024 0.0347239 0.00462093 0.00089408
 0.729955 0.263876 0.00554635 0.000549658 7.28326e-05
 0.484472 0.499591 0.0157122 0.000205496 1.92855e-05
 0.468879 0.409159 0.119594 0.00234041 2.80414e-05
 0.659606 0.273819 0.0561857 0.0102189 0.000170119
 0.572016 0.384854 0.0375854 0.00479891 0.000745735
 0.393445 0.4879 0.111073 0.00674986 0.000831896
 0.510922 0.322826 0.144599 0.0204836 0.00116957
 0.436118 0.414487 0.113719 0.031695 0.00398127
 0.419764 0.388642 0.157623 0.0269094 0.00706106
 0.507844 0.330266 0.124758 0.0314847 0.00564799
 0.158748 0.631858 0.161888 0.0380523 0.00945376
 0.371029 0.204309 0.354362 0.0564944 0.0138053
 0.196025 0.542113 0.115993 0.125185 0.0206835
pobs_PELACES
 0 0 0 0 0
 0 0 0 0 0
 0 0 0 0 0
 0 0 0 0 0
 0 0 0 0 0
 0 0 0 0 0
 0 0 0 0 0
 0 0 0 0 0
 0 0 0 0 0
 0 0 0 0 0
 0.450072 0.473896 0.0757376 0.000293798 0
 0 0 0 0 0
 0.463077 0.371075 0.160297 0.00555027 0
 0.529543 0.364841 0.0842815 0.0213345 0
 0.631943 0.363953 0.00410389 0 0
 0.735681 0.248677 0.0153453 0.000297389 0
 0.695825 0.281241 0.0229344 0 0
 0.275771 0.60734 0.115278 0.00161068 0
 0 0 0 0 0
 0.896147 0.0623911 0.0374545 0.00400742 0
 0.803859 0.145111 0.0509908 3.86294e-05 0
 0.739449 0.233085 0.0266225 0.000797448 4.60066e-05
 0.878498 0.100942 0.0204185 0.000141795 0
 0.694673 0.275183 0.0284847 0.00165964 0
 0.469039 0.446079 0.0841089 0.000773354 0
 0.822795 0.102175 0.0682046 0.00682512 0
 0 0 0 0 0
ppred_PELACES
 0.388132 0.403181 0.184467 0.0242163 4.23292e-06
 0.627848 0.218222 0.10413 0.0440487 0.00575164
 0.23395 0.610177 0.0944113 0.0416524 0.0198094
 0.558762 0.19268 0.201154 0.0287765 0.0186276
 0.746812 0.189566 0.0290323 0.0280229 0.00656636
 0.478316 0.4496 0.055053 0.00779547 0.00923555
 0.888522 0.0776186 0.0294931 0.003339 0.00102701
 0.709055 0.277183 0.00980877 0.00344596 0.000507255
 0.800625 0.171341 0.0268052 0.000877016 0.000351491
 0.746188 0.231888 0.0190432 0.00275446 0.000125528
 0.65488 0.301954 0.0396991 0.00301427 0.000453335
 0.736179 0.219825 0.0388613 0.00472388 0.000410315
 0.78454 0.189483 0.021923 0.00358328 0.000470777
 0.951365 0.0443313 0.00381965 0.000408596 7.51374e-05
 0.938056 0.0611858 0.00069574 5.54245e-05 6.97991e-06
 0.70787 0.287188 0.00488628 5.13707e-05 4.58202e-06
 0.739511 0.224435 0.0354893 0.000558278 6.35729e-06
 0.859967 0.124199 0.013787 0.00201566 3.18917e-05
 0.760401 0.226238 0.011953 0.00122679 0.000181187
 0.607205 0.347643 0.0428156 0.0020915 0.000244989
 0.704813 0.232173 0.0562598 0.00640632 0.000347651
 0.632601 0.309871 0.0459931 0.0103043 0.00123017
 0.631984 0.292766 0.0642364 0.00881524 0.00219844
 0.715119 0.227381 0.0464672 0.00942645 0.00160715
 0.291073 0.605414 0.0839148 0.0158553 0.00374379
 0.642408 0.171385 0.160813 0.0206086 0.00478635
 0.412914 0.476553 0.0551624 0.0478557 0.00751484
pobs_pel_tallas
 0 0 0 0 0 0 0 0 0 0 0 0 0 0 0 0 0 0 0 0 0 0 0 0 0 0 0 0 0 0 0 0 0 0 0 0
 0 0 0 0 0 0 0 0 0 0 0 0 0 0 0 0 0 0 0 0 0 0 0 0 0 0 0 0 0 0 0 0 0 0 0 0
 0 0 0 0 0 0 0 0 0 0 0 0 0 0 0 0 0 0 0 0 0 0 0 0 0 0 0 0 0 0 0 0 0 0 0 0
 0 0 0 0 0 0 0 0 0 0 0 0 0 0 0 0 0 0 0 0 0 0 0 0 0 0 0 0 0 0 0 0 0 0 0 0
 0 0 0 0 0 0 0 0 0 0 0 0 0 0 0 0 0 0 0 0 0 0 0 0 0 0 0 0 0 0 0 0 0 0 0 0
 0 0 0 0 0 0 0 0 0 0 0 0 0 0 0 0 0 0 0 0 0 0 0 0 0 0 0 0 0 0 0 0 0 0 0 0
 0 0 0 0 0 0 0 0 0 0 0 0 0 0 0 0 0 0 0 0 0 0 0 0 0 0 0 0 0 0 0 0 0 0 0 0
 0 0 0 0 0 0 0 0 0 0 0 0 0 0 0 0 0 0 0 0 0 0 0 0 0 0 0 0 0 0 0 0 0 0 0 0
 0 0 0 0 0 0 0 0 0 0 0 0 0 0 0 0 0 0 0 0 0 0 0 0 0 0 0 0 0 0 0 0 0 0 0 0
 0 0 0 0 0 0 0 0 0 0 0 0 0 0 0 0 0 0 0 0 0 0 0 0 0 0 0 0 0 0 0 0 0 0 0 0
 0 0 0 0 0 0 0 0 1.78061e-05 0.00172719 0.00360574 0.0105946 0.0120993 0.0124554 0.0147524 0.0171206 0.0266825 0.0428682 0.0675386 0.121331 0.153587 0.119568 0.100827 0.0573624 0.0630603 0.0341343 0.0324427 0.0444173 0.0211091 0.0280891 0.0125444 0.00206551 0 0 0 0
 0 0 0 0 0 0 0 0 0 0 0 0 0 0 0 0 0 0 0 0 0 0 0 0 0 0 0 0 0 0 0 0 0 0 0 0
 0 0 0 0 0 0 0.0133647 0.0140871 0.0187388 0.0205184 0.03894 0.0496705 0.03968 0.0493445 0.0407372 0.0367815 0.0215668 0.0243155 0.0234873 0.0199281 0.019796 0.0243948 0.0301388 0.0376714 0.0412746 0.0863199 0.0771752 0.113111 0.0741005 0.0525337 0.0229764 0.00759418 0.00175318 0 0 0
 0 0 0 0 0 0 0 0 0 0 0.00219441 0.00772107 0.0458388 0.0604681 0.0671733 0.0775358 0.0609151 0.0617685 0.073594 0.0568108 0.0755445 0.0548602 0.0670107 0.0636378 0.0643287 0.046367 0.0373049 0.0286899 0.0247887 0.0153202 0.00654259 0.00121912 0.000365735 0 0 0
 0 0 0 0 0 0 0 0 0 0 0 0 0.000112435 0.00938835 0.0111873 0.0202946 0.0414886 0.0713402 0.111592 0.104902 0.108894 0.110636 0.117776 0.105296 0.107544 0.0401394 0.0192827 0.0124803 0.00416011 0.0028671 0.000618394 0 0 0 0 0
 0 0 0 0 0 0 0 0 0 0 0.00291406 0.0102884 0.027416 0.0768956 0.0749926 0.110853 0.0956884 0.0897413 0.0766577 0.0534642 0.0500743 0.0551293 0.0594112 0.0620874 0.0668451 0.0424026 0.0208742 0.0120726 0.0048766 0.00582813 0.00118941 0.000297354 0 0 0 0
 0 0.00264628 0.0354308 0.0461629 0.0458689 0.0383711 0.0214643 0.0164657 0.0346957 0.0420465 0.0363128 0.0245516 0.0311673 0.0291091 0.0169068 0.0133784 0.00837989 0.0085269 0.0148486 0.0160247 0.0276389 0.0546898 0.0760071 0.122758 0.109233 0.0665981 0.0333725 0.0166128 0.00676272 0.00308733 0.000882094 0 0 0 0 0
 0 0 0 0 0 0 0 0.000805153 0.000690131 0.00759144 0.0133425 0.0154129 0.00931677 0.000345066 0.00356568 0.00563607 0.00851162 0.0253048 0.0502646 0.0516448 0.0657925 0.0565908 0.0611916 0.0827007 0.0866115 0.110766 0.145733 0.0935128 0.0569358 0.0249597 0.0138026 0.00621118 0.00161031 0.00115022 0 0
 0 0 0 0 0 0 0 0 0 0 0 0 0 0 0 0 0 0 0 0 0 0 0 0 0 0 0 0 0 0 0 0 0 0 0 0
 0.00147267 0.00158595 0.00478618 0.00569244 0.00954404 0.0108468 0.00647125 0.017049 0.0510054 0.094081 0.124002 0.0959785 0.0687766 0.0820023 0.061753 0.0591476 0.0492212 0.0479892 0.0443925 0.0268479 0.0217502 0.0140895 0.0121071 0.0120363 0.00920419 0.00665534 0.0049561 0.00860946 0.00930331 0.0156896 0.0114698 0.00855282 0.00243557 0.00046729 0 2.83206e-05
 0 0 0 0 0.000772559 0.00158375 0.000888443 0.00281984 0.00712685 0.0440552 0.0773331 0.111326 0.0921469 0.0852325 0.0710754 0.0886704 0.0786465 0.0553345 0.0373146 0.0185414 0.00753245 0.00457741 0.012979 0.0271748 0.0457355 0.0583668 0.034881 0.0177882 0.00938659 0.00492506 0.0015258 0.00185414 0.000309023 5.79419e-05 3.86279e-05 0
 0 0.00173294 0.00326652 0 0.00397197 0.00683976 0.00946217 0.0152591 0.00757587 0.0136028 0.0228656 0.0392903 0.0559909 0.0764795 0.0681675 0.0726916 0.0566044 0.0477403 0.0527397 0.0444891 0.0609904 0.0582453 0.0661739 0.0445044 0.0529084 0.0360697 0.0280645 0.0235558 0.0158879 0.00826598 0.00280645 0.00217768 0.000904811 0.00058276 9.20147e-05 0
 0 0 0 0 0 0 0 0 0 0 0 0 0 0 0 0 0 0 0 0 0 0 0 0 0 0 0 0 0 0 0 0 0 0 0 0
 0 0 0 0 0 0 0 0 0 0 0 0 0 0 0 0 0 0 0 0 0 0 0 0 0 0 0 0 0 0 0 0 0 0 0 0
 0 0 0 0 0 0 0 0 0 0 0 0 0 0 0 0 0 0 0 0 0 0 0 0 0 0 0 0 0 0 0 0 0 0 0 0
 0 0 0 0 0 0 0 0 0 0 0 0 0 0 0 0 0 0 0 0 0 0 0 0 0 0 0 0 0 0 0 0 0 0 0 0
 0 0 0 0 0 0 0 0 0 0 0 0 0 0 0 0 0 0 0 0 0 0 0 0 0 0 0 0 0 0 0 0 0 0 0 0
ppred_pel_tallas
 1.03583e-16 1.69538e-05 9.94569e-05 0.000472673 0.00181965 0.00567425 0.0143331 0.0293299 0.0486275 0.0653354 0.071177 0.0629714 0.0454878 0.0273772 0.0148415 0.0091945 0.00874367 0.0114314 0.0159555 0.0216257 0.0279343 0.034317 0.0401278 0.0447329 0.0476389 0.0485964 0.0476429 0.0450681 0.041322 0.036898 0.0322329 0.0276479 0.0233388 0.0193992 0.0158609 0.0127275
 1.03332e-16 2.73988e-05 0.000160796 0.000764324 0.00294264 0.00917632 0.0231787 0.0474274 0.0786186 0.10559 0.114923 0.101417 0.0727005 0.0426365 0.021083 0.00995803 0.00631487 0.00666916 0.00887898 0.0119775 0.0155133 0.019146 0.0225251 0.0253099 0.0272316 0.0281467 0.0280591 0.0271017 0.0254885 0.0234545 0.0212053 0.0188898 0.0165985 0.0143784 0.0122553 0.0102511
 1.03896e-16 1.02388e-05 6.00159e-05 0.000285125 0.00109747 0.00342213 0.00864464 0.0176925 0.0293442 0.0394596 0.0430746 0.0383152 0.0281263 0.0178252 0.0112874 0.00946463 0.0114913 0.0162315 0.0228977 0.0309133 0.0396301 0.0482074 0.0556738 0.0611035 0.0638215 0.0635607 0.0605183 0.055286 0.048688 0.0415803 0.0346777 0.0284549 0.023132 0.0187242 0.0151231 0.0121754
 1.04778e-16 2.43855e-05 0.000143107 0.000680233 0.00261888 0.00816668 0.0206284 0.0422092 0.069969 0.0939741 0.102283 0.0902694 0.0647244 0.0379903 0.0188472 0.00901267 0.00587943 0.00636656 0.00859248 0.0117241 0.0153861 0.0192955 0.0231469 0.0266236 0.0294479 0.0314278 0.0324807 0.0326267 0.0319601 0.0306111 0.0287149 0.026395 0.0237634 0.0209276 0.0179985 0.0150908
 1.01744e-16 3.25849e-05 0.000191246 0.000909093 0.00350005 0.0109146 0.0275694 0.0564108 0.0935076 0.12558 0.136659 0.120552 0.0863148 0.0504131 0.0245393 0.0109332 0.00604473 0.00568908 0.00729432 0.00971403 0.0124511 0.0151771 0.0175802 0.0193726 0.0203444 0.0204099 0.0196249 0.0181648 0.0162746 0.014208 0.012175 0.0103129 0.00868311 0.00728799 0.00609648 0.00506787
 1.01628e-16 2.08878e-05 0.000122549 0.00058245 0.0022423 0.00699228 0.0176623 0.0361422 0.0599198 0.0805014 0.0876825 0.0775349 0.0559223 0.0334844 0.0178339 0.010551 0.0095039 0.0121097 0.0167232 0.0224706 0.0287292 0.034839 0.0400727 0.043746 0.045367 0.044752 0.0420679 0.0377788 0.0325243 0.0269675 0.0216633 0.0169813 0.0130919 0.0100023 0.00761681 0.00579746
 1.00607e-16 3.87596e-05 0.000227507 0.00108151 0.00416392 0.0129849 0.0327986 0.0671093 0.111237 0.149377 0.16252 0.14328 0.102403 0.059436 0.0282338 0.0113945 0.00462866 0.00291106 0.00317728 0.00412169 0.00528414 0.00646981 0.00753848 0.0083668 0.00886192 0.00897964 0.00873224 0.00818115 0.00741852 0.00654383 0.00564377 0.00478051 0.00398963 0.00328512 0.00266765 0.00213211
 1.00372e-16 3.0942e-05 0.000181593 0.000863183 0.00332326 0.0103632 0.0261768 0.0535622 0.0887885 0.11925 0.129794 0.114548 0.08213 0.0481988 0.0238891 0.0113663 0.00729545 0.00772357 0.0101988 0.0135794 0.0172909 0.0208779 0.023882 0.0258827 0.0265857 0.0258928 0.0239278 0.0210012 0.0175323 0.0139514 0.0106155 0.00775816 0.0054804 0.00377334 0.00255818 0.00172652
 1.00483e-16 3.49307e-05 0.000205019 0.000974577 0.00375219 0.0117009 0.0295554 0.0604743 0.100242 0.134621 0.14649 0.129205 0.0924675 0.0539205 0.0260851 0.0113462 0.00588106 0.00518943 0.00650808 0.00861454 0.0109975 0.0133404 0.0153534 0.0167724 0.0174071 0.0171847 0.0161656 0.014524 0.0125021 0.0103526 0.00828879 0.00645517 0.0049215 0.00369576 0.00274636 0.00202429
 1.00447e-16 3.25594e-05 0.000191092 0.000908354 0.00349719 0.0109057 0.0275469 0.0563651 0.093433 0.125483 0.136563 0.12049 0.0863181 0.0505116 0.0247666 0.0113365 0.00668806 0.00664607 0.00863305 0.0114761 0.0146292 0.0176969 0.0202929 0.0220636 0.0227583 0.0222884 0.0207489 0.0183903 0.0155541 0.0125932 0.00980233 0.00737682 0.00540494 0.00388636 0.00276425 0.00195751
 1.00787e-16 2.85808e-05 0.000167728 0.000797262 0.00306944 0.0095717 0.0241775 0.0494716 0.0820092 0.11015 0.1199 0.105845 0.0759507 0.0446957 0.0223826 0.0110344 0.00759458 0.00843071 0.0112845 0.015088 0.0192741 0.0233634 0.0268593 0.0292999 0.030353 0.0298947 0.0280367 0.0250922 0.0214933 0.0176896 0.0140591 0.0108556 0.0081992 0.00609896 0.0044932 0.00328943
 1.00805e-16 3.21225e-05 0.000188528 0.000896167 0.00345027 0.0107593 0.0271773 0.0556088 0.0921792 0.123798 0.134729 0.118867 0.0851482 0.0498118 0.0243957 0.0111217 0.00650293 0.00642198 0.00834088 0.0111118 0.0142096 0.0172602 0.0198979 0.0217844 0.0226742 0.0224702 0.0212452 0.0192166 0.0166886 0.0139796 0.0113587 0.00900857 0.00701882 0.00540206 0.00412219 0.00312201
 1.00519e-16 3.423e-05 0.000200904 0.000955009 0.00367684 0.0114659 0.0289619 0.05926 0.0982302 0.131921 0.143557 0.12663 0.0906505 0.0529134 0.0256959 0.0113439 0.00612025 0.00562052 0.00713618 0.0094591 0.0120674 0.014621 0.0168015 0.0183185 0.0189648 0.0186639 0.0174877 0.0156342 0.0133761 0.0109959 0.00873042 0.00673799 0.00509201 0.00379599 0.002809 0.00207118
 1.00087e-16 4.14984e-05 0.000243589 0.00115797 0.00445835 0.013903 0.0351177 0.0718541 0.119101 0.159933 0.173995 0.153373 0.109564 0.0634864 0.0299582 0.0117413 0.0042223 0.00200407 0.00179916 0.00221949 0.00280198 0.00338642 0.00388342 0.00422304 0.00435705 0.00426843 0.0039752 0.00352513 0.00298344 0.0024175 0.00188365 0.00141925 0.00104127 0.000749747 0.00053394 0.00037846
 1.00033e-16 4.09188e-05 0.000240185 0.00114178 0.00439601 0.0137086 0.0346267 0.0708496 0.117436 0.157699 0.171569 0.151244 0.108064 0.0626595 0.0296475 0.0117582 0.00444987 0.00240496 0.00238103 0.00300072 0.00379009 0.00456639 0.00521322 0.00563574 0.00576923 0.00559308 0.00513604 0.00446843 0.00368461 0.00288124 0.00213836 0.00150814 0.00101274 0.000649389 0.000399352 0.000237028
 1.00165e-16 3.08907e-05 0.000181291 0.000861746 0.00331772 0.010346 0.0261332 0.053473 0.0886409 0.119053 0.129581 0.114366 0.0820112 0.0481526 0.0239098 0.0114482 0.00744187 0.00794589 0.0105107 0.0139898 0.0177978 0.0214639 0.0245127 0.0265093 0.0271503 0.0263383 0.0242069 0.0210848 0.0174139 0.0136468 0.0101587 0.00719465 0.00485925 0.00314066 0.00195218 0.00117503
 1.00597e-16 3.2268e-05 0.000189382 0.000900225 0.0034659 0.0108081 0.0273004 0.0558606 0.0925966 0.124359 0.13534 0.119408 0.0855391 0.0500475 0.024524 0.0112014 0.0065777 0.00651662 0.00846714 0.0112729 0.0144011 0.0174694 0.0201037 0.0219589 0.0227856 0.0224884 0.0211464 0.018988 0.0163308 0.0135063 0.0107947 0.00838592 0.00637197 0.00476385 0.00352042 0.00257745
 1.00308e-16 3.75163e-05 0.000220203 0.00104677 0.00403019 0.0125678 0.0317452 0.0649542 0.107667 0.144586 0.157319 0.138721 0.0992024 0.057695 0.0276251 0.011527 0.00526756 0.0039935 0.00473452 0.0062009 0.00789696 0.00956339 0.0109847 0.0119696 0.0123823 0.0121732 0.0113901 0.0101635 0.00867302 0.00710476 0.00561471 0.00430705 0.00323001 0.00238569 0.00174674 0.00127318
 1.00295e-16 3.31789e-05 0.00019473 0.000925649 0.00356379 0.0111133 0.0280714 0.0574383 0.0952117 0.127871 0.139159 0.122774 0.0879408 0.0514337 0.0251671 0.0114325 0.00662359 0.00648147 0.00837773 0.0111195 0.014158 0.0171027 0.0195755 0.0212323 0.0218309 0.0212893 0.019706 0.017332 0.0145072 0.0115817 0.00884677 0.0064941 0.00460821 0.00318474 0.00216239 0.00145542
 1.00805e-16 2.65038e-05 0.00015553 0.000739263 0.00284611 0.00887525 0.0224184 0.0458727 0.0760452 0.102145 0.111203 0.0982059 0.0705532 0.0416879 0.0211886 0.0109608 0.0081997 0.00955706 0.0129391 0.0173267 0.0221308 0.0268141 0.0308073 0.0335791 0.0347486 0.0341747 0.0319892 0.0285559 0.0243762 0.0199709 0.0157776 0.01209 0.00904586 0.00665423 0.0048414 0.00349761
 1.01111e-16 3.07553e-05 0.000180501 0.000858 0.00330332 0.0103011 0.0260197 0.0532404 0.088254 0.118529 0.129 0.113827 0.081567 0.047777 0.0235118 0.01091 0.00664538 0.00678577 0.00890557 0.0119011 0.0152536 0.0185784 0.0214914 0.0236332 0.0247386 0.0246958 0.0235689 0.0215732 0.0190161 0.0162222 0.0134684 0.0109465 0.00875544 0.0069182 0.00540966 0.0041837
 1.01166e-16 2.76097e-05 0.000162026 0.000770153 0.00296506 0.00924619 0.0233553 0.0477894 0.0792211 0.106407 0.11583 0.102263 0.0734049 0.0432462 0.0217472 0.0108712 0.00767505 0.00865736 0.0116393 0.0155847 0.0199318 0.0241952 0.0278681 0.0304762 0.031677 0.0313386 0.0295686 0.0266791 0.0231037 0.0192936 0.0156282 0.0123627 0.00961821 0.00740629 0.00566926 0.00432052
 1.01413e-16 2.75821e-05 0.000161865 0.000769393 0.00296214 0.00923709 0.0233323 0.0477422 0.0791424 0.1063 0.11571 0.102149 0.0733052 0.0431519 0.0216345 0.010709 0.00743064 0.0083002 0.0111453 0.0149424 0.0191506 0.0233108 0.0269441 0.0295994 0.030945 0.0308439 0.0293813 0.0268339 0.0235932 0.0200713 0.0166181 0.0134739 0.0107598 0.00849969 0.00665615 0.00516575
 1.01133e-16 3.12045e-05 0.000183138 0.000870539 0.0033516 0.0104516 0.0264001 0.0540185 0.0895435 0.12026 0.130882 0.115482 0.0827418 0.0484421 0.0237961 0.0109692 0.00658195 0.00664086 0.00868326 0.0115912 0.0148446 0.0180637 0.0208725 0.0229207 0.0239521 0.0238616 0.0227175 0.0207361 0.0182226 0.0154974 0.0128319 0.0104109 0.0083265 0.00659465 0.00518398 0.00404334
 1.02109e-16 1.27295e-05 7.46385e-05 0.000354643 0.00136514 0.00425683 0.010753 0.0220064 0.0364943 0.0490599 0.0535163 0.047513 0.0346828 0.0215958 0.0130119 0.0100422 0.0115361 0.0160248 0.0225148 0.0303392 0.0388179 0.0470998 0.054212 0.0592314 0.0614915 0.0607386 0.0571895 0.051461 0.0444074 0.0369168 0.0297354 0.0233635 0.0180372 0.0137749 0.0104581 0.00791053
 1.03271e-16 2.80319e-05 0.000164517 0.000782023 0.0030108 0.00938888 0.0237156 0.0485255 0.0804376 0.108029 0.117566 0.103723 0.0742965 0.0434577 0.0212769 0.00969823 0.00569071 0.00568186 0.00748912 0.0101548 0.0132732 0.0165707 0.0197689 0.0225862 0.0247816 0.0261968 0.0267774 0.0265652 0.0256702 0.0242336 0.0223961 0.0202807 0.0179904 0.0156147 0.0132374 0.0109397
 1.02934e-16 1.8037e-05 0.000105811 0.000502866 0.00193588 0.00603669 0.0152486 0.0312038 0.0517352 0.0695137 0.0757365 0.0670231 0.0484532 0.0292377 0.0159834 0.010096 0.0097766 0.0128265 0.0178322 0.0240092 0.0307468 0.0373627 0.0430948 0.0472223 0.0492245 0.0489015 0.0464183 0.0422481 0.0370443 0.0314817 0.0261202 0.0213275 0.0172675 0.0139414 0.0112527 0.0090708
pSPR Fmed_Fpbrs
0.469812   0.6 0.325
Fs Fmed_Fpbrs
0.64   0.374625 1.23271
SSBpbr Bo_Bmed_Bpbrs
522652  219415  287458 143729
Ro
22925.4
SPR SPRFo_SPRFmed_SPRFpbrs
473506 222459 153890
log_Ro
9.86
likeval ReclasPelacesDesembMPH_pf_preclas_ppelaces_ptallas_desvR_qrecl_qpela
 92.2341 29.3082 0.166901 38.2903 372.556 222.622 61.8895 0 25.9777 0.00013387 0.000270687 1.54914e-15 0 0 0
q_reclas_q_pelaces
5.15283 10.3886
M
0.7
N
 23316.9 15713.4 6607.64 862.293 0.150665
 42112.1 11068.4 4854.23 2041.26 266.429
 5916.27 19606.8 2788.27 1222.84 581.336
 9780.44 2579.59 2475.15 351.989 227.758
 35063.6 4547.09 640.05 614.136 143.847
 15072.1 17154.9 1930.65 271.759 321.832
 63145.8 6611.81 2309.06 259.866 79.8975
 55783.7 27736.5 902.111 315.046 46.3571
 72778.1 24319.6 3496.82 113.731 45.5631
 102602 30916.4 2333.5 335.525 15.2845
 64033.7 46292.1 5593.8 422.208 63.4731
 61135.2 27187.5 4417.41 533.787 46.346
 48525.1 26126.1 2778.21 451.402 59.282
 29708 19706.2 1560.54 165.945 30.5037
 14232.7 9543.37 99.7374 7.89825 0.994271
 8115.03 4764.21 74.501 0.778607 0.0694201
 5812.02 3480.6 505.85 7.9103 0.090041
 8417.81 2396.96 244.553 35.5419 0.562117
 10820.7 3471.99 168.598 17.2014 2.53948
 8694.46 4816.86 545.247 26.4769 3.10014
 16709.7 3923.77 873.876 98.9187 5.36586
 21809.2 7838.1 1069.26 238.138 28.4184
 27834.7 10192.9 2055.51 280.408 69.9032
 48378.7 12887 2420.5 488.118 83.1879
 15084.7 22234.6 2832.54 532.021 125.572
 30964.1 7081.13 6106.76 777.96 180.609
 9854.59 14189.7 1509.61 1301.89 204.356
pred_Ctot
 741.087 4387.99 1845.2 240.797 0.0420736
 1897.58 4076.03 1787.61 751.709 98.1146
 522.868 11337.2 1612.25 707.079 336.143
 450.275 965.486 926.396 131.742 85.2449
 372.663 478.402 67.3401 64.6136 15.1343
 1273.01 9663.94 1087.6 153.091 181.299
 5280.89 3703.15 1293.26 145.546 44.7491
 4934.54 16046.3 521.893 182.262 26.8187
 7634.23 15420 2217.19 72.1123 28.8896
 6784.28 14954.3 1128.72 162.294 7.39318
 6737.94 29398.3 3552.4 268.127 40.3092
 6183.17 16918.3 2748.88 332.167 28.8404
 6432.74 18463.2 1963.34 319.003 41.8943
 7734.52 17010.2 1347.04 143.242 26.3304
 3412.31 8103.01 84.6843 6.70619 0.844208
 802.117 2929.19 45.8056 0.478713 0.0426817
 716.097 2383.02 346.334 5.41585 0.0616473
 1036.63 1640.73 167.397 24.3285 0.384771
 811.102 1820.07 88.3815 9.01722 1.33124
 573.43 2326.01 263.293 12.7854 1.49702
 667.934 1317.57 293.441 33.2161 1.80181
 926.065 2758.39 376.294 83.8058 10.001
 1360.03 3988.17 804.255 109.715 27.3509
 2603.24 5408.98 1015.94 204.875 34.9159
 595.301 7391.57 941.636 176.863 41.7445
 1726.4 3048.15 2628.72 334.881 77.745
 856.301 8125.91 864.498 745.542 117.027
F
 0.0450808 0.47466 0.47466 0.47466 0.47466
 0.0644569 0.678673 0.678673 0.678673 0.678673
 0.130075 1.36958 1.36958 1.36958 1.36958
 0.0658974 0.693841 0.693841 0.693841 0.693841
 0.0148759 0.15663 0.15663 0.15663 0.15663
 0.123985 1.30545 1.30545 1.30545 1.30545
 0.122696 1.29188 1.29188 1.29188 1.29188
 0.130201 1.3709 1.3709 1.3709 1.3709
 0.15613 1.64391 1.64391 1.64391 1.64391
 0.0958892 1.00963 1.00963 1.00963 1.00963
 0.156653 1.64942 1.64942 1.64942 1.64942
 0.150151 1.58095 1.58095 1.58095 1.58095
 0.201147 2.1179 2.1179 2.1179 2.1179
 0.435569 4.58615 4.58615 4.58615 4.58615
 0.394411 4.15279 4.15279 4.15279 4.15279
 0.146513 1.54265 1.54265 1.54265 1.54265
 0.185726 1.95553 1.95553 1.95553 1.95553
 0.185623 1.95444 1.95444 1.95444 1.95444
 0.109339 1.15124 1.15124 1.15124 1.15124
 0.095634 1.00694 1.00694 1.00694 1.00694
 0.0569933 0.600088 0.600088 0.600088 0.600088
 0.060639 0.638474 0.638474 0.638474 0.638474
 0.0700648 0.73772 0.73772 0.73772 0.73772
 0.0774089 0.815046 0.815046 0.815046 0.815046
 0.0562492 0.592254 0.592254 0.592254 0.592254
 0.0803087 0.845579 0.845579 0.845579 0.845579
 0.127763 1.34523 1.34523 1.34523 1.34523
Np
 14453.1 6926.31 1470.42 626.669 89.4328
YTP_r0W_actual
 2035.52 70367.5 10882.8 11985.7 2087.81
YTP_p0W_proyectada
 2985.37 21357.2 13231.7 1797.72 1943.01
 2985.37 34347.9 10600.2 5769.35 913.695
CTP_r0_actual
 248.234 3257.75 346.585 298.895 46.9171
CTP_p0_proyectada
 364.069 988.757 421.392 44.831 43.6632
 364.069 1590.18 337.587 143.874 20.5325
Wmedp
 8.2 21.6 31.4 40.1 44.5
nmprior
 10.8 10.6 4.6 0
nm_flota  nm_reclas  nm_pelaces    nm_pelaL
inf 15.8851 7.76781 17.6367
cv_recla  cv_pelaces  cv_mph
0.693099 0.296521 0.496137
 ------------------------------------------------
Talla a la edad & desviaci?n 
 7.2 14.2025 17.0495 18.207 18.6776
 1.08 2.13037 2.55742 2.73105 2.80164
