years
 1997 1998 1999 2000 2001 2002 2003 2004 2005 2006 2007 2008 2009 2010 2011 2012 2013 2014 2015 2016 2017 2018 2019 2020 2021 2022 2023
reclasobs
 0 0 0 370054 412103 1.49427e+06 250295 1.28982e+06 931140 785840 897777 1.04006e+06 184774 17550 25797 100020 73551 82996 120727 218422 84188 347160 605670 569463 516374 1.08416e+06 1.01767e+06
reclaspred
 623210 160595 439375 266464 365090 428882 855137 618765 773646 839569 744889 524292 315475 125675 79203.9 73322.4 62302.6 76069 104894 165398 241918 248934 450439 542460 676572 605912 607930
pelacesobs
 0 0 0 0 0 0 0 0 0 2.06254e+06 1.5e+06 0 1.87456e+06 323000 250000 174000 83755 137374 0 501740 490994 745055 786931 1.00524e+06 1.33801e+06 1.41789e+06 0
pelacespred
 2.62042e+06 540229 864448 822922 1.03513e+06 825483 2.40093e+06 1.89294e+06 2.34817e+06 2.40787e+06 1.74903e+06 1.27966e+06 807009 257054 189996 158932 137872 190342 249572 385959 664965 610495 890780 1.30209e+06 1.43858e+06 1.42686e+06 1.45773e+06
mphobs
 0 0 0 0 0 0 112323 0 153150 637223 0 255016 313432 73983 77613 109348 50772 17779 17303 59886 28197 0 207744 136588 643089 65757 70829
mphpred
 203008 115049 128025 123930 121724 182605 241665 296902 285255 339125 350348 246993 151738 134639 54825.2 49209.7 39178.8 39825 24011.6 34937.2 56345.8 69990.4 96153.6 136497 172040 159468 145899
desembarqueobs
 350755 77701 442110 56441 14545 235359 269955 359681 431902 328805 639364 411747 362871 311530 167758 66681 60226 58785 57116 73181 50977 67692 138656 160484 209506 203330 245020
desembarquepred
 350761 77701.1 442117 56445.2 14545.4 235503 270035 359614 431887 328831 639188 411673 363092 312154 167607 66709.7 60301.8 58749.4 57070.7 73179.4 50982.7 67665.1 138678 160500 209511 203324 244997
Reclutas
 40023.1 48321.4 23020.5 29273.5 50555.5 32466.9 68164.4 76055.4 108953 115384 67532.9 48154.6 46752.7 25133.1 16849.4 10218.5 6148.42 10066.7 15880 18330.7 23239.7 39965.4 48592.9 67671.7 26698.4 41487.8 80532.7
log_desv_Rt
 0.137212 0.32563 -0.415858 -0.175561 0.370827 -0.0720229 0.669677 0.779218 1.13867 1.19602 0.66037 0.322173 0.292626 -0.32806 -0.72793 -1.22805 -1.73605 -1.24302 -0.787184 -0.643669 -0.406384 0.13577 0.331232 0.662423 -0.267642 0.173155 0.836419
SSB
 509441 288712 321275 310998 305463 458241 588339 735338 697504 832425 879186 619820 394830 203016 87366.3 78142.1 66656.3 64111.3 88959.5 136488 206468 249570 353161 477093 663172 635826 543952
BT
 1.7102e+06 428412 708668 510100 577102 638974 1.49821e+06 1.43042e+06 1.67401e+06 1.62594e+06 1.52059e+06 1.07187e+06 788488 427772 238996 141096 124891 151167 182367 265943 404577 396168 578446 842381 946933 957393 1.00053e+06
Ftot
 0.646992 0.568058 0.951009 0.223807 0.0464487 0.498782 0.367349 0.667245 0.687116 0.442677 0.826652 0.764122 1.20008 2.2688 2.41265 0.904084 0.979219 0.94424 0.634612 0.4826 0.229523 0.291891 0.302609 0.320063 0.282478 0.327845 0.446916
BD_Bspro_t
 0.923755 0.675005 0.600912 0.413828 0.537141 0.690346 0.61225 0.633566 0.584061 0.577183 0.557786 0.400314 0.301463 0.201654 0.109699 0.119465 0.141146 0.184955 0.288766 0.44126 0.567844 0.672712 0.712067 0.711336 0.720227 0.650066 0.61379
BD_Bspro
 0.706911 0.400623 0.445808 0.431547 0.423866 0.635865 0.816392 1.02037 0.967871 1.15509 1.21998 0.860075 0.547874 0.281709 0.121231 0.108432 0.0924936 0.0889622 0.123442 0.189393 0.286499 0.346308 0.490054 0.662023 0.920231 0.882285 0.754799
BD_Bo
 0.517371 0.293206 0.326276 0.315839 0.310218 0.465374 0.597498 0.746785 0.708361 0.845383 0.892872 0.629468 0.400976 0.206176 0.0887262 0.0793585 0.0676938 0.0651093 0.0903442 0.138612 0.209682 0.253455 0.358658 0.484519 0.673495 0.645723 0.552419
BD_Brms
 0.940675 0.533102 0.593229 0.574252 0.564032 0.846135 1.08636 1.35779 1.28793 1.53706 1.6234 1.14449 0.729047 0.374866 0.16132 0.144288 0.12308 0.118381 0.164262 0.252022 0.38124 0.460827 0.652106 0.880944 1.22454 1.17404 1.0044
S_f
 0.145148 1 1 1 1
 0.145148 1 1 1 1
 0.145148 1 1 1 1
 0.145148 1 1 1 1
 0.145148 1 1 1 1
 0.145148 1 1 1 1
 0.145148 1 1 1 1
 0.145148 1 1 1 1
 0.145148 1 1 1 1
 0.145148 1 1 1 1
 0.145148 1 1 1 1
 0.145148 1 1 1 1
 0.145148 1 1 1 1
 0.145148 1 1 1 1
 0.145148 1 1 1 1
 0.145148 1 1 1 1
 0.145148 1 1 1 1
 0.145148 1 1 1 1
 0.145148 1 1 1 1
 0.145148 1 1 1 1
 0.145148 1 1 1 1
 0.145148 1 1 1 1
 0.145148 1 1 1 1
 0.145148 1 1 1 1
 0.145148 1 1 1 1
 0.145148 1 1 1 1
 0.145148 1 1 1 1
Scru_reclas
 0.546369 0.915122 0.989745 0.998844 0.999871
 0.546369 0.915122 0.989745 0.998844 0.999871
 0.546369 0.915122 0.989745 0.998844 0.999871
 0.546369 0.915122 0.989745 0.998844 0.999871
 0.546369 0.915122 0.989745 0.998844 0.999871
 0.546369 0.915122 0.989745 0.998844 0.999871
 0.546369 0.915122 0.989745 0.998844 0.999871
 0.546369 0.915122 0.989745 0.998844 0.999871
 0.546369 0.915122 0.989745 0.998844 0.999871
 0.546369 0.915122 0.989745 0.998844 0.999871
 0.546369 0.915122 0.989745 0.998844 0.999871
 0.546369 0.915122 0.989745 0.998844 0.999871
 0.546369 0.915122 0.989745 0.998844 0.999871
 0.546369 0.915122 0.989745 0.998844 0.999871
 0.546369 0.915122 0.989745 0.998844 0.999871
 0.546369 0.915122 0.989745 0.998844 0.999871
 0.546369 0.915122 0.989745 0.998844 0.999871
 0.546369 0.915122 0.989745 0.998844 0.999871
 0.546369 0.915122 0.989745 0.998844 0.999871
 0.546369 0.915122 0.989745 0.998844 0.999871
 0.546369 0.915122 0.989745 0.998844 0.999871
 0.546369 0.915122 0.989745 0.998844 0.999871
 0.546369 0.915122 0.989745 0.998844 0.999871
 0.546369 0.915122 0.989745 0.998844 0.999871
 0.546369 0.915122 0.989745 0.998844 0.999871
 0.546369 0.915122 0.989745 0.998844 0.999871
 0.546369 0.915122 0.989745 0.998844 0.999871
Scru_pelaces
 1 1 1 1 1
 1 1 1 1 1
 1 1 1 1 1
 1 1 1 1 1
 1 1 1 1 1
 1 1 1 1 1
 1 1 1 1 1
 1 1 1 1 1
 1 1 1 1 1
 1 1 1 1 1
 1 1 1 1 1
 1 1 1 1 1
 1 1 1 1 1
 1 1 1 1 1
 1 1 1 1 1
 1 1 1 1 1
 1 1 1 1 1
 1 1 1 1 1
 1 1 1 1 1
 1 1 1 1 1
 1 1 1 1 1
 1 1 1 1 1
 1 1 1 1 1
 1 1 1 1 1
 1 1 1 1 1
 1 1 1 1 1
 1 1 1 1 1
pf_obs 
 0.256992 0.487395 0.22802 0.0275931 0
 0.321318 0.546541 0.124235 0.00734118 0.000564706
 0.182869 0.594174 0.210203 0.0122559 0.00049798
 0.330522 0.361315 0.267642 0.0388342 0.00168674
 0.649043 0.306663 0.0425973 0.00169635 0
 0.582887 0.30429 0.105238 0.00758474 0
 0.465427 0.430635 0.0974691 0.00646863 0
 0.296916 0.608066 0.0921331 0.00288517 0
 0.311714 0.524322 0.152257 0.0117073 0
 0.15457 0.633149 0.183074 0.0267441 0.00246327
 0.131901 0.49318 0.331252 0.0422183 0.00144891
 0.196976 0.569456 0.194076 0.0375587 0.00193317
 0.518974 0.381816 0.0799577 0.0180837 0.00116848
 0.0928022 0.601141 0.25162 0.0475244 0.00691264
 0.122501 0.610282 0.24278 0.0234846 0.000952079
 0.383417 0.481906 0.127806 0.00687128 0
 0.0376549 0.599619 0.316969 0.0457579 0
 0.0361596 0.667082 0.258105 0.0386534 0
 0.158088 0.579412 0.248529 0.0139706 0
 0.0477256 0.309471 0.559284 0.082774 0.000745712
 0.0406174 0.521527 0.379366 0.0568643 0.0016247
 0.151134 0.462217 0.34131 0.0453401 0
 0.294876 0.26143 0.354403 0.0886775 0.000613685
 0.281977 0.475581 0.204845 0.0348837 0.00271318
 0.0841818 0.532909 0.334909 0.0458182 0.00218182
 0.115287 0.27431 0.454777 0.147771 0.00785563
 0 0 0 0 0
pf_pred 
 0.307754 0.487375 0.1831 0.0217616 9.66376e-06
 0.277394 0.584671 0.0971133 0.0364841 0.0043381
 0.140019 0.669372 0.154224 0.0256165 0.0107681
 0.230524 0.497409 0.211765 0.0487909 0.0115107
 0.270018 0.508845 0.142949 0.0608585 0.0173299
 0.140376 0.621217 0.166185 0.046686 0.0255357
 0.308019 0.40852 0.204847 0.0547996 0.0238152
 0.254813 0.585733 0.0941357 0.0472031 0.0181153
 0.310571 0.528919 0.126164 0.0202763 0.0140692
 0.246262 0.613822 0.107342 0.0256044 0.00697029
 0.151777 0.625097 0.181708 0.0317761 0.00964298
 0.166716 0.543714 0.213397 0.0620319 0.0141398
 0.240358 0.508937 0.163584 0.0642034 0.0229172
 0.226954 0.62095 0.1019 0.0327529 0.0174434
 0.325367 0.592347 0.0660958 0.0108466 0.00534305
 0.241549 0.704118 0.0477056 0.00532313 0.00130385
 0.178588 0.638285 0.170009 0.0115185 0.00160008
 0.351772 0.46193 0.144764 0.0385583 0.00297531
 0.36228 0.547531 0.0642684 0.0201411 0.00577858
 0.270603 0.615092 0.0981392 0.0115194 0.00464582
 0.248527 0.574531 0.149213 0.0238072 0.00392147
 0.293443 0.507379 0.152279 0.0395489 0.00734949
 0.241198 0.582326 0.126727 0.0380346 0.0117137
 0.255399 0.534208 0.161462 0.0351378 0.0137938
 0.0895774 0.668542 0.173535 0.0524502 0.0158952
 0.189233 0.354785 0.334837 0.0869144 0.0342305
 0.31365 0.448705 0.103991 0.0981444 0.0355089
pobs_RECLAS
 0 0 0 0 0
 0 0 0 0 0
 0 0 0 0 0
 0 0 0 0 0
 0.835266 0.146461 0.0176864 0.000547809 3.91292e-05
 0.385257 0.428462 0.181853 0.0044286 0
 0.867414 0.0963971 0.0333333 0.00285562 0
 0.441836 0.489002 0.0689373 0.000224442 0
 0.779404 0.147425 0.0564933 0.0165055 0.000172143
 0.814271 0.122319 0.05973 0.00367925 0
 0.40263 0.566651 0.0304383 0.000280538 0
 0.475488 0.404961 0.113038 0.00651328 0
 0.955842 0.0263864 0.0167828 0.000988607 0
 0.975058 0.0227948 0.00214734 0 0
 0.738997 0.206755 0.0527124 0.00153531 0
 0.850938 0.134255 0.0134407 0.00136685 0
 0.542534 0.407297 0.0501686 0 0
 0.764087 0.199537 0.0359546 0.000420521 0
 0.470689 0.182191 0.310203 0.0369168 0
 0.84361 0.089868 0.0606195 0.00523954 0.000663233
 0.607945 0.314616 0.071237 0.00620181 0
 0.523733 0.453247 0.0230204 0 0
 0.530135 0.295979 0.169645 0.0042399 0
 0.562478 0.366248 0.0663022 0.0049721 0
 0.250443 0.683176 0.0655157 0.000865301 0
 0.195077 0.31981 0.436473 0.0351445 0.0134964
 0.565238 0.351407 0.0832357 0.000118908 0
ppred_RECLAS
 0.651992 0.239168 0.0971789 0.011656 5.18144e-06
 0.618113 0.304084 0.0546267 0.0207112 0.00246516
 0.416484 0.44593 0.111121 0.0186268 0.00783792
 0.548036 0.283754 0.130655 0.0303799 0.00717458
 0.597875 0.273259 0.0830258 0.035672 0.0101683
 0.404511 0.420463 0.121652 0.0344897 0.0188841
 0.644361 0.20294 0.11006 0.0297133 0.0129263
 0.592266 0.314713 0.0547033 0.0276825 0.0106347
 0.656985 0.258122 0.0665908 0.0108005 0.00750189
 0.576821 0.339339 0.0641808 0.0154499 0.00421024
 0.435173 0.407309 0.128054 0.0225993 0.00686519
 0.4593 0.342774 0.145502 0.0426845 0.00973967
 0.586697 0.269336 0.0936298 0.0370857 0.0132513
 0.615814 0.303525 0.0538711 0.0174745 0.00931607
 0.73198 0.232955 0.0281135 0.00465593 0.00229588
 0.584311 0.383635 0.0281117 0.00316562 0.000776188
 0.488899 0.390002 0.112349 0.00768187 0.00106822
 0.702739 0.206849 0.0701104 0.0188458 0.00145571
 0.707654 0.248038 0.0314885 0.00995888 0.00286019
 0.60892 0.325559 0.0561794 0.00665487 0.00268669
 0.574885 0.318778 0.0895418 0.0144179 0.00237733
 0.629469 0.259929 0.0843739 0.0221144 0.00411381
 0.566419 0.326335 0.076809 0.0232646 0.00717229
 0.584349 0.291297 0.0952227 0.0209131 0.00821814
 0.287077 0.512029 0.143747 0.0438462 0.0133014
 0.483354 0.21585 0.220325 0.0577161 0.0227544
 0.652786 0.220333 0.0552281 0.052602 0.0190511
pobs_PELACES
 0 0 0 0 0
 0 0 0 0 0
 0 0 0 0 0
 0 0 0 0 0
 0 0 0 0 0
 0 0 0 0 0
 0 0 0 0 0
 0 0 0 0 0
 0 0 0 0 0
 0 0 0 0 0
 0.450072 0.473896 0.0757376 0.000293798 0
 0 0 0 0 0
 0.463077 0.371075 0.160297 0.00555027 0
 0.529543 0.364841 0.0842815 0.0213345 0
 0.631943 0.363953 0.00410389 0 0
 0.735681 0.248677 0.0153453 0.000297389 0
 0.695825 0.281241 0.0229344 0 0
 0.275771 0.60734 0.115278 0.00161068 0
 0 0 0 0 0
 0.896147 0.0623911 0.0374545 0.00400742 0
 0.803859 0.145111 0.0509908 3.86294e-05 0
 0.739449 0.233085 0.0266225 0.000797448 4.60066e-05
 0.878498 0.100942 0.0204185 0.000141795 0
 0.694673 0.275183 0.0284847 0.00165964 0
 0.469039 0.446079 0.0841089 0.000773354 0
 0.822795 0.102175 0.0682046 0.00682512 0
 0 0 0 0 0
ppred_PELACES
 0.794169 0.144915 0.0544426 0.00647056 2.87341e-06
 0.763789 0.191122 0.0317452 0.0119262 0.00141807
 0.614238 0.300261 0.0691804 0.0114908 0.00483023
 0.690153 0.200293 0.085272 0.0196468 0.00463506
 0.721307 0.194267 0.0545751 0.0232346 0.00661622
 0.572725 0.308775 0.082602 0.0232052 0.0126925
 0.776905 0.131707 0.0660426 0.0176674 0.00767801
 0.749419 0.196962 0.0316546 0.0158728 0.00609155
 0.798798 0.154359 0.0368194 0.0059174 0.00410594
 0.724288 0.224531 0.0392649 0.00936589 0.00254968
 0.624782 0.276516 0.0803796 0.0140564 0.00426564
 0.644971 0.231655 0.0909202 0.0264293 0.0060244
 0.774227 0.151261 0.0486187 0.0190819 0.00681123
 0.838104 0.130043 0.0213405 0.00685931 0.0036531
 0.901251 0.0867043 0.00967472 0.00158766 0.000782084
 0.753472 0.228868 0.0155063 0.00173024 0.000423807
 0.682604 0.246635 0.065692 0.00445078 0.000618277
 0.841082 0.113246 0.03549 0.00945286 0.00072942
 0.830712 0.145347 0.0170606 0.00534661 0.00153397
 0.751682 0.209404 0.0334109 0.00392172 0.00158164
 0.7113 0.220723 0.0573245 0.00914624 0.00150655
 0.759772 0.172508 0.0517748 0.0134466 0.00249882
 0.708442 0.22375 0.0486931 0.0146142 0.00450083
 0.725148 0.19719 0.0595998 0.0129703 0.00509164
 0.427516 0.420387 0.109121 0.0329812 0.00999507
 0.642893 0.156267 0.147481 0.0382819 0.015077
 0.786327 0.13969 0.0323744 0.0305541 0.0110545
pobs_pel_tallas
 0 0 0 0 0 0 0 0 0 0 0 0 0 0 0 0 0 0 0 0 0 0 0 0 0 0 0 0 0 0 0 0 0 0 0 0
 0 0 0 0 0 0 0 0 0 0 0 0 0 0 0 0 0 0 0 0 0 0 0 0 0 0 0 0 0 0 0 0 0 0 0 0
 0 0 0 0 0 0 0 0 0 0 0 0 0 0 0 0 0 0 0 0 0 0 0 0 0 0 0 0 0 0 0 0 0 0 0 0
 0 0 0 0 0 0 0 0 0 0 0 0 0 0 0 0 0 0 0 0 0 0 0 0 0 0 0 0 0 0 0 0 0 0 0 0
 0 0 0 0 0 0 0 0 0 0 0 0 0 0 0 0 0 0 0 0 0 0 0 0 0 0 0 0 0 0 0 0 0 0 0 0
 0 0 0 0 0 0 0 0 0 0 0 0 0 0 0 0 0 0 0 0 0 0 0 0 0 0 0 0 0 0 0 0 0 0 0 0
 0 0 0 0 0 0 0 0 0 0 0 0 0 0 0 0 0 0 0 0 0 0 0 0 0 0 0 0 0 0 0 0 0 0 0 0
 0 0 0 0 0 0 0 0 0 0 0 0 0 0 0 0 0 0 0 0 0 0 0 0 0 0 0 0 0 0 0 0 0 0 0 0
 0 0 0 0 0 0 0 0 0 0 0 0 0 0 0 0 0 0 0 0 0 0 0 0 0 0 0 0 0 0 0 0 0 0 0 0
 0 0 0 0 0 0 0 0 0 0 0 0 0 0 0 0 0 0 0 0 0 0 0 0 0 0 0 0 0 0 0 0 0 0 0 0
 0 0 0 0 0 0 0 0 1.78061e-05 0.00172719 0.00360574 0.0105946 0.0120993 0.0124554 0.0147524 0.0171206 0.0266825 0.0428682 0.0675386 0.121331 0.153587 0.119568 0.100827 0.0573624 0.0630603 0.0341343 0.0324427 0.0444173 0.0211091 0.0280891 0.0125444 0.00206551 0 0 0 0
 0 0 0 0 0 0 0 0 0 0 0 0 0 0 0 0 0 0 0 0 0 0 0 0 0 0 0 0 0 0 0 0 0 0 0 0
 0 0 0 0 0 0 0.0133647 0.0140871 0.0187388 0.0205184 0.03894 0.0496705 0.03968 0.0493445 0.0407372 0.0367815 0.0215668 0.0243155 0.0234873 0.0199281 0.019796 0.0243948 0.0301388 0.0376714 0.0412746 0.0863199 0.0771752 0.113111 0.0741005 0.0525337 0.0229764 0.00759418 0.00175318 0 0 0
 0 0 0 0 0 0 0 0 0 0 0.00219441 0.00772107 0.0458388 0.0604681 0.0671733 0.0775358 0.0609151 0.0617685 0.073594 0.0568108 0.0755445 0.0548602 0.0670107 0.0636378 0.0643287 0.046367 0.0373049 0.0286899 0.0247887 0.0153202 0.00654259 0.00121912 0.000365735 0 0 0
 0 0 0 0 0 0 0 0 0 0 0 0 0.000112435 0.00938835 0.0111873 0.0202946 0.0414886 0.0713402 0.111592 0.104902 0.108894 0.110636 0.117776 0.105296 0.107544 0.0401394 0.0192827 0.0124803 0.00416011 0.0028671 0.000618394 0 0 0 0 0
 0 0 0 0 0 0 0 0 0 0 0.00291406 0.0102884 0.027416 0.0768956 0.0749926 0.110853 0.0956884 0.0897413 0.0766577 0.0534642 0.0500743 0.0551293 0.0594112 0.0620874 0.0668451 0.0424026 0.0208742 0.0120726 0.0048766 0.00582813 0.00118941 0.000297354 0 0 0 0
 0 0.00264628 0.0354308 0.0461629 0.0458689 0.0383711 0.0214643 0.0164657 0.0346957 0.0420465 0.0363128 0.0245516 0.0311673 0.0291091 0.0169068 0.0133784 0.00837989 0.0085269 0.0148486 0.0160247 0.0276389 0.0546898 0.0760071 0.122758 0.109233 0.0665981 0.0333725 0.0166128 0.00676272 0.00308733 0.000882094 0 0 0 0 0
 0 0 0 0 0 0 0 0.000805153 0.000690131 0.00759144 0.0133425 0.0154129 0.00931677 0.000345066 0.00356568 0.00563607 0.00851162 0.0253048 0.0502646 0.0516448 0.0657925 0.0565908 0.0611916 0.0827007 0.0866115 0.110766 0.145733 0.0935128 0.0569358 0.0249597 0.0138026 0.00621118 0.00161031 0.00115022 0 0
 0 0 0 0 0 0 0 0 0 0 0 0 0 0 0 0 0 0 0 0 0 0 0 0 0 0 0 0 0 0 0 0 0 0 0 0
 0.00147267 0.00158595 0.00478618 0.00569244 0.00954404 0.0108468 0.00647125 0.017049 0.0510054 0.094081 0.124002 0.0959785 0.0687766 0.0820023 0.061753 0.0591476 0.0492212 0.0479892 0.0443925 0.0268479 0.0217502 0.0140895 0.0121071 0.0120363 0.00920419 0.00665534 0.0049561 0.00860946 0.00930331 0.0156896 0.0114698 0.00855282 0.00243557 0.00046729 0 2.83206e-05
 0 0 0 0 0.000772559 0.00158375 0.000888443 0.00281984 0.00712685 0.0440552 0.0773331 0.111326 0.0921469 0.0852325 0.0710754 0.0886704 0.0786465 0.0553345 0.0373146 0.0185414 0.00753245 0.00457741 0.012979 0.0271748 0.0457355 0.0583668 0.034881 0.0177882 0.00938659 0.00492506 0.0015258 0.00185414 0.000309023 5.79419e-05 3.86279e-05 0
 0 0.00173294 0.00326652 0 0.00397197 0.00683976 0.00946217 0.0152591 0.00757587 0.0136028 0.0228656 0.0392903 0.0559909 0.0764795 0.0681675 0.0726916 0.0566044 0.0477403 0.0527397 0.0444891 0.0609904 0.0582453 0.0661739 0.0445044 0.0529084 0.0360697 0.0280645 0.0235558 0.0158879 0.00826598 0.00280645 0.00217768 0.000904811 0.00058276 9.20147e-05 0
 0 0 0 0 0 0 0 0 0 0 0 0 0 0 0 0 0 0 0 0 0 0 0 0 0 0 0 0 0 0 0 0 0 0 0 0
 0 0 0 0 0 0 0 0 0 0 0 0 0 0 0 0 0 0 0 0 0 0 0 0 0 0 0 0 0 0 0 0 0 0 0 0
 0 0 0 0 0 0 0 0 0 0 0 0 0 0 0 0 0 0 0 0 0 0 0 0 0 0 0 0 0 0 0 0 0 0 0 0
 0 0 0 0 0 0 0 0 0 0 0 0 0 0 0 0 0 0 0 0 0 0 0 0 0 0 0 0 0 0 0 0 0 0 0 0
 0 0 0 0 0 0 0 0 0 0 0 0 0 0 0 0 0 0 0 0 0 0 0 0 0 0 0 0 0 0 0 0 0 0 0 0
ppred_pel_tallas
 1.01043e-16 3.46481e-05 0.000203363 0.000966707 0.00372189 0.0116064 0.0293168 0.0599858 0.099432 0.133531 0.145299 0.128142 0.0916811 0.0534099 0.0257418 0.0110349 0.00549112 0.00464552 0.00576464 0.00765491 0.0098403 0.0120471 0.0140298 0.0155603 0.0164656 0.0166637 0.0161783 0.0151254 0.0136785 0.0120249 0.0103282 0.00870581 0.00722494 0.0059121 0.00476826 0.00378309
 1.0099e-16 3.33252e-05 0.000195592 0.000929755 0.00357961 0.0111627 0.028196 0.0576929 0.0956328 0.128433 0.139764 0.123289 0.0882694 0.051545 0.0250718 0.0111383 0.00611113 0.0057074 0.00729387 0.00969568 0.0124028 0.0150786 0.0174046 0.0190875 0.0199145 0.0198011 0.0188088 0.0171238 0.0150059 0.0127262 0.0105125 0.00851784 0.00681527 0.00541302 0.00427935 0.00336664
 1.01701e-16 2.68086e-05 0.000157323 0.000747799 0.00287899 0.00897781 0.0226774 0.0464023 0.0769217 0.103318 0.112469 0.0992972 0.0712794 0.0420011 0.0211352 0.0105903 0.00751248 0.00850698 0.0114645 0.015386 0.0197332 0.0240408 0.0278193 0.0306061 0.0320603 0.0320384 0.0306239 0.028095 0.0248473 0.021297 0.017798 0.0145927 0.0118038 0.00945668 0.00751583 0.00592083
 1.02168e-16 3.01148e-05 0.000176743 0.000840143 0.00323457 0.0100867 0.0254782 0.0521322 0.0864163 0.116059 0.126306 0.111437 0.0798279 0.0467042 0.0228843 0.0104548 0.00615321 0.00612918 0.00801755 0.0107604 0.013886 0.0170637 0.0199651 0.0222767 0.0237557 0.0242805 0.0238709 0.0226701 0.0208989 0.0187972 0.0165749 0.0143832 0.012311 0.0103979 0.00865534 0.00708384
 1.01946e-16 3.1473e-05 0.000184717 0.000878055 0.00338055 0.0105419 0.026628 0.0544848 0.0903154 0.121294 0.131999 0.116449 0.0833945 0.0487431 0.0237936 0.0107166 0.0060916 0.00588428 0.00761579 0.0101796 0.0130903 0.0160184 0.0186451 0.020671 0.0218717 0.0221453 0.0215312 0.0201904 0.0183566 0.0162772 0.0141618 0.012154 0.0103273 0.00870093 0.00726273 0.00599058
 1.02664e-16 2.49988e-05 0.000146697 0.000697281 0.00268448 0.00837122 0.0211452 0.0432674 0.071726 0.0963425 0.104883 0.0926178 0.0665244 0.0392793 0.0199144 0.010225 0.00756614 0.00878632 0.0119255 0.0160473 0.0206312 0.0252106 0.0292873 0.0323867 0.0341541 0.0344325 0.0332927 0.0310008 0.0279408 0.024518 0.0210765 0.0178518 0.0149642 0.0124424 0.0102607 0.00837434
 1.01947e-16 3.38948e-05 0.000198941 0.00094569 0.00364098 0.0113541 0.0286794 0.0586816 0.0972699 0.130627 0.142137 0.12535 0.0896742 0.052223 0.0251373 0.0107218 0.00526025 0.00438647 0.00543229 0.0072412 0.00936393 0.0115528 0.0135879 0.0152618 0.0164114 0.0169493 0.0168779 0.0162778 0.0152794 0.0140263 0.0126452 0.0112283 0.00983249 0.00848779 0.00721031 0.0060126
 1.01344e-16 3.26989e-05 0.000191914 0.000912269 0.00351228 0.0109527 0.0276657 0.0566079 0.0938346 0.126019 0.137139 0.120979 0.086628 0.0506114 0.0246642 0.0110366 0.00616824 0.00586049 0.00753091 0.0100242 0.0128331 0.0156161 0.0180473 0.0198259 0.0207334 0.0206823 0.0197345 0.0180788 0.0159785 0.0137075 0.0114943 0.0094908 0.0077675 0.00632985 0.00514443 0.00416382
 1.00969e-16 3.48503e-05 0.000204549 0.000972345 0.0037436 0.0116741 0.0294878 0.0603357 0.100012 0.134311 0.146149 0.128896 0.0922281 0.0537445 0.0259324 0.0111655 0.00562521 0.00481962 0.0059957 0.00794529 0.0101781 0.0124048 0.0143648 0.0158192 0.0165921 0.016609 0.0159112 0.0146402 0.0129971 0.0111938 0.00941056 0.00777062 0.00633648 0.00512126 0.00410766 0.00326604
 1.01072e-16 3.16042e-05 0.000185485 0.000881698 0.00339456 0.0105856 0.0267385 0.0547109 0.0906911 0.121801 0.132557 0.116956 0.0837898 0.049039 0.0240581 0.0110369 0.00654927 0.00654745 0.00853563 0.0113823 0.0145647 0.017705 0.0204315 0.0223996 0.0233588 0.0232094 0.0220236 0.0200206 0.0175069 0.0148027 0.0121777 0.00981401 0.0077996 0.00614567 0.00481558 0.00375314
 1.01914e-16 2.72675e-05 0.000160019 0.000760621 0.00292837 0.00913179 0.0230663 0.0471978 0.0782397 0.105086 0.114387 0.100975 0.0724501 0.0426233 0.0213236 0.010481 0.00718202 0.00796779 0.0106957 0.0143654 0.0184596 0.0225466 0.0261757 0.0289186 0.0304548 0.0306416 0.0295412 0.0273931 0.0245448 0.0213655 0.0181719 0.0151844 0.0125202 0.0102129 0.00824438 0.00657566
 1.02556e-16 2.8146e-05 0.000165181 0.00078517 0.0030229 0.0094266 0.0238109 0.048721 0.0807632 0.108471 0.118059 0.104187 0.0746913 0.0438141 0.0216832 0.0102693 0.00654475 0.00692682 0.00920851 0.0123857 0.0159802 0.019625 0.0229442 0.025577 0.0272458 0.0278138 0.0273086 0.0259002 0.0238475 0.02143 0.0188897 0.0163992 0.0140564 0.0119018 0.00994246 0.00817416
 1.01714e-16 3.37788e-05 0.000198258 0.000942439 0.00362846 0.011315 0.0285808 0.0584799 0.0969362 0.13018 0.141656 0.124935 0.0893994 0.0521071 0.0251635 0.0108723 0.00553622 0.00480635 0.0060197 0.00801072 0.010309 0.0126374 0.0147443 0.0163953 0.0174135 0.0177156 0.0173266 0.016365 0.0150059 0.0134358 0.0118132 0.0102478 0.00879739 0.00748003 0.00629142 0.00522064
 1.00752e-16 3.65632e-05 0.000214607 0.00102017 0.00392775 0.0122483 0.0309383 0.0633033 0.10493 0.140912 0.153325 0.135205 0.0967006 0.0562662 0.0269905 0.0113484 0.0053176 0.00417306 0.0050229 0.00660965 0.00844524 0.0102676 0.0118541 0.0130048 0.013575 0.0135076 0.0128443 0.0117116 0.010286 0.00875099 0.0072606 0.00591769 0.00477077 0.00382435 0.00305607 0.00243325
 1.00257e-16 3.93149e-05 0.000230767 0.001097 0.00422358 0.0131709 0.0332685 0.0680709 0.112831 0.151518 0.164851 0.145338 0.10388 0.0603062 0.0286707 0.01161 0.00477374 0.00306271 0.00336363 0.00434326 0.0055223 0.00668844 0.00768564 0.00837969 0.00867572 0.00853894 0.00800244 0.00715695 0.00612717 0.00504227 0.0040104 0.00310357 0.00235492 0.00176562 0.00131657 0.000980137
 1.00375e-16 3.28769e-05 0.000192956 0.000917217 0.00353132 0.0110121 0.0278157 0.056915 0.0943445 0.126707 0.137894 0.12166 0.0871495 0.0509837 0.0249711 0.0113845 0.00665313 0.00655892 0.00849829 0.0112882 0.0143813 0.017385 0.0199173 0.0216297 0.0222758 0.0217708 0.020211 0.017847 0.0150194 0.0120794 0.00931945 0.00693311 0.00500657 0.00353743 0.00246661 0.00171072
 1.01195e-16 2.97875e-05 0.000174817 0.000830977 0.00319927 0.00997658 0.0252002 0.0515636 0.0854751 0.114799 0.124946 0.110262 0.0790411 0.0463546 0.0229184 0.0108142 0.00683119 0.00716904 0.00948056 0.0126895 0.016275 0.0198358 0.022965 0.0252797 0.0264962 0.0264924 0.0253326 0.0232415 0.020542 0.0175765 0.0146387 0.0119332 0.00956809 0.00757175 0.00592198 0.00457404
 1.009e-16 3.66924e-05 0.000215367 0.00102379 0.00394168 0.0122918 0.031048 0.0635277 0.105302 0.14141 0.153862 0.13567 0.0970145 0.0564107 0.0269888 0.0112266 0.00508208 0.00381148 0.00451602 0.00594493 0.00762794 0.00932806 0.01085 0.0120165 0.0126951 0.012825 0.0124286 0.0116001 0.0104773 0.00920767 0.00791758 0.00669561 0.00558968 0.00461506 0.00376736 0.00303442
 1.00546e-16 3.62415e-05 0.000212717 0.00101118 0.00389313 0.0121404 0.0306656 0.0627456 0.104006 0.139673 0.15198 0.134028 0.095878 0.0558264 0.0268521 0.0114148 0.00553348 0.00452828 0.00553115 0.00728666 0.0092938 0.0112686 0.0129632 0.0141547 0.0146838 0.0144914 0.0136311 0.0122527 0.0105623 0.00877371 0.00706546 0.00555634 0.00430089 0.00330115 0.00252628 0.00193207
 1.00752e-16 3.2798e-05 0.000192495 0.000915029 0.0035229 0.0109858 0.0277494 0.0567792 0.0941188 0.126402 0.137558 0.121355 0.0869107 0.0508037 0.0248083 0.0111859 0.00636916 0.00614853 0.00793146 0.0105512 0.0134844 0.0163691 0.018856 0.0206233 0.0214386 0.0212117 0.0200146 0.0180577 0.0156334 0.0130472 0.0105562 0.00833416 0.00646473 0.0049572 0.0037739 0.0028571
 1.01271e-16 3.10377e-05 0.000182159 0.000865889 0.00333369 0.0103958 0.026259 0.0537299 0.089065 0.119617 0.130181 0.114861 0.0822921 0.0481689 0.0236438 0.0108694 0.00648353 0.00651463 0.0085157 0.0113798 0.0145974 0.0177998 0.020622 0.0227222 0.023847 0.0238869 0.0228984 0.0210807 0.0187197 0.016118 0.013534 0.011147 0.00905026 0.00726719 0.00577757 0.00454267
 1.01371e-16 3.31493e-05 0.000194561 0.000924857 0.00356075 0.0111039 0.0280475 0.057389 0.0951285 0.127755 0.139022 0.122626 0.0877765 0.0512206 0.0248464 0.010925 0.00583795 0.00532399 0.00676899 0.00901759 0.0115843 0.0141623 0.0164643 0.0182223 0.0192354 0.0194128 0.0187903 0.0175132 0.0157937 0.0138574 0.0118975 0.0100485 0.00838226 0.00692012 0.00565315 0.00456058
 1.01477e-16 3.09132e-05 0.000181428 0.000862412 0.00332031 0.010354 0.0261536 0.0535141 0.0887075 0.119137 0.129659 0.114403 0.081968 0.0479875 0.0235701 0.010861 0.00651284 0.00657028 0.00859555 0.011484 0.0147241 0.0179439 0.0207751 0.0228736 0.0239862 0.0240067 0.022997 0.0211631 0.0187974 0.0162065 0.0136497 0.0113032 0.00925415 0.00751847 0.00606842 0.00485945
 1.01594e-16 3.16406e-05 0.000185701 0.000882731 0.00339855 0.0105981 0.0267699 0.054775 0.0907965 0.12194 0.132702 0.117071 0.0838418 0.0490088 0.023931 0.0107915 0.00615181 0.00595623 0.0077119 0.0103045 0.0132425 0.0161906 0.0188227 0.0208332 0.0219925 0.0221968 0.0214872 0.0200298 0.0180671 0.015857 0.0136203 0.0115108 0.00961014 0.0079425 0.00649732 0.00525055
 1.03287e-16 1.86716e-05 0.000109541 0.000520611 0.00200422 0.00624982 0.0157869 0.0323047 0.0535586 0.0719577 0.0783832 0.0693275 0.0500369 0.0300296 0.016122 0.00974238 0.00900396 0.0116179 0.0161314 0.0217748 0.0279936 0.0341877 0.0396841 0.0438374 0.0461652 0.0464562 0.0448104 0.0415954 0.0373402 0.0326033 0.0278591 0.0234331 0.019492 0.0160752 0.0131464 0.0106406
 1.04165e-16 2.80524e-05 0.000164639 0.000782606 0.00301305 0.0093959 0.0237333 0.0485617 0.0804971 0.108107 0.117648 0.103787 0.0743234 0.0434359 0.0211963 0.00954374 0.00543898 0.00530318 0.00695352 0.00944034 0.0123749 0.0155084 0.0185919 0.0213722 0.0236297 0.0252154 0.0260692 0.0262128 0.0257254 0.0247114 0.0232748 0.0215066 0.019486 0.0172883 0.0149929 0.0126862
 1.02072e-16 3.43059e-05 0.000201354 0.00095716 0.00368514 0.0114918 0.0290273 0.0593933 0.0984498 0.132212 0.143862 0.126873 0.0907676 0.052867 0.0254601 0.0108796 0.00536329 0.00448913 0.00555118 0.00737063 0.00948235 0.0116248 0.0135673 0.0150974 0.0160564 0.0163725 0.0160728 0.0152685 0.01412 0.0127939 0.0114279 0.0101113 0.0088849 0.00775374 0.00670525 0.0057252
pSPR Fmed_Fpbrs
0.456059   0.6 0.325
Fs Fmed_Fpbrs
0.64   0.358818 1.13196
SSBpbr Bo_Bmed_Bpbrs
984673  399835  541570 270785
Ro
34891.6
SPR SPRFo_SPRFmed_SPRFpbrs
720658 328663 234214
log_Ro
10.28
likeval ReclasPelacesDesembMPH_pf_preclas_ppelaces_ptallas_desvR_qrecl_qpela
 95.3034 34.1427 0.0439371 45.8305 341.557 216.767 57.4944 0 19.6547 6.36645e-07 6.97723e-05 8.75856e-16 0 0 0
q_reclas_q_pelaces
0.893092 3.28175
M
0.7
N
 40023.1 11557.9 4342.14 516.067 0.229172
 48321.4 18093.4 3005.3 1129.05 134.248
 23020.5 22096.6 5091.07 845.623 355.463
 29273.5 9957.73 4239.36 976.754 230.436
 50555.5 14072.2 3953.27 1683.05 479.26
 32466.9 24936.4 6670.86 1874.03 1025.04
 68164.4 14996.6 7519.86 2011.67 874.247
 76055.4 32091.8 5157.62 2586.22 992.523
 108953 34281.8 8177.26 1314.2 911.893
 115384 48968.7 8563.4 2042.64 556.067
 67532.9 53732.1 15619.2 2731.42 828.893
 48154.6 29744 11673.9 3393.47 773.519
 46752.7 21402.5 6879.22 2699.96 963.745
 25133.1 19505.2 3200.87 1028.83 547.93
 16849.4 8978.86 1001.89 164.413 80.9905
 10218.5 5895.11 399.407 44.567 10.9163
 6148.42 4450.31 1185.35 80.3103 11.1562
 10066.7 2648.68 830.07 221.091 17.0603
 15880 4358.7 511.618 160.336 46.0012
 18330.7 7191.84 1147.47 134.689 54.3203
 23239.7 8486.93 2204.16 351.678 57.9276
 39965.4 11162.3 3350.15 870.075 161.689
 48592.9 19023 4139.83 1242.49 382.655
 67671.7 23093.6 6979.92 1518.99 596.298
 26698.4 32079.3 8326.9 2516.77 762.714
 41487.8 12725.4 12009.9 3117.44 1227.78
 80532.7 19644.8 4552.86 4296.87 1554.62
pred_Ctot
 2594.01 4108.01 1543.32 183.425 0.0814543
 2763.5 5824.72 967.48 363.469 43.2178
 2151.64 10286.1 2369.92 393.641 165.47
 674.17 1454.68 619.309 142.689 33.6633
 244.393 460.555 129.383 55.0829 15.6853
 1637.5 7246.58 1938.57 544.598 297.878
 2553.22 3386.28 1698.01 454.242 197.408
 5077.19 11670.8 1875.67 940.531 360.95
 7480.53 12739.7 3038.82 488.382 338.877
 5183.31 12919.7 2259.33 538.921 146.71
 5529.57 22773.7 6620.01 1157.68 351.315
 3658.98 11933.1 4683.5 1361.43 310.33
 5429.29 11496 3695.08 1450.25 517.662
 5168.28 14140.5 2320.5 745.86 397.227
 3652.76 6650.03 742.03 121.77 59.9841
 910.627 2654.49 179.847 20.0679 4.91546
 590.672 2111.1 562.299 38.097 5.29221
 934.589 1227.26 384.609 102.442 7.90481
 1010.32 1526.95 179.231 56.1691 16.1152
 895.45 2035.39 324.751 38.1188 15.3734
 548.678 1268.4 329.42 52.5596 8.65749
 1195.2 2066.57 620.237 161.083 29.9346
 1505.55 3634.85 791.026 237.41 73.1166
 2215.13 4633.3 1400.39 304.758 119.636
 773.153 5770.27 1497.8 452.704 137.193
 1390.37 2606.75 2460.18 638.594 251.505
 3651.37 5223.63 1210.62 1142.55 413.379
F
 0.0939097 0.646992 0.646992 0.646992 0.646992
 0.0824526 0.568058 0.568058 0.568058 0.568058
 0.138037 0.951009 0.951009 0.951009 0.951009
 0.0324852 0.223807 0.223807 0.223807 0.223807
 0.00674195 0.0464487 0.0464487 0.0464487 0.0464487
 0.0723973 0.498782 0.498782 0.498782 0.498782
 0.0533201 0.367349 0.367349 0.367349 0.367349
 0.0968493 0.667245 0.667245 0.667245 0.667245
 0.0997336 0.687116 0.687116 0.687116 0.687116
 0.0642538 0.442677 0.442677 0.442677 0.442677
 0.119987 0.826652 0.826652 0.826652 0.826652
 0.110911 0.764122 0.764122 0.764122 0.764122
 0.17419 1.20008 1.20008 1.20008 1.20008
 0.329312 2.2688 2.2688 2.2688 2.2688
 0.350191 2.41265 2.41265 2.41265 2.41265
 0.131226 0.904084 0.904084 0.904084 0.904084
 0.142132 0.979219 0.979219 0.979219 0.979219
 0.137055 0.94424 0.94424 0.94424 0.94424
 0.0921128 0.634612 0.634612 0.634612 0.634612
 0.0700485 0.4826 0.4826 0.4826 0.4826
 0.0333148 0.229523 0.229523 0.229523 0.229523
 0.0423674 0.291891 0.291891 0.291891 0.291891
 0.0439232 0.302609 0.302609 0.302609 0.302609
 0.0464565 0.320063 0.320063 0.320063 0.320063
 0.0410012 0.282478 0.282478 0.282478 0.282478
 0.0475861 0.327845 0.327845 0.327845 0.327845
 0.0648691 0.446916 0.446916 0.446916 0.446916
Np
 23932.8 11281.6 13000.4 2164.26 675.571
YTP_r0W_actual
 24173.9 93919.9 31642.4 38137.5 15312.3
YTP_p0W_proyectada
 7184.04 179186 43364.5 12834.7 17711.6
 7184.04 53935.9 90352.5 19209.2 6654.05
CTP_r0_actual
 2948.04 4348.14 1007.72 951.061 344.096
CTP_p0_proyectada
 876.102 8295.63 1381.03 320.067 398.013
 876.102 2497.03 2877.47 479.033 149.529
Wmedp
 8.2 21.6 31.4 40.1 44.5
nmprior
 10.8 10.6 4.6 0
nm_flota  nm_reclas  nm_pelaces    nm_pelaL
inf 18.762 15.147 44.9219
cv_recla  cv_pelaces  cv_mph
0.704537 0.320044 0.542793
 ------------------------------------------------
Talla a la edad & desviaci?n 
 7.2 14.2025 17.0495 18.207 18.6776
 1.08 2.13037 2.55742 2.73105 2.80164
