years
 1997 1998 1999 2000 2001 2002 2003 2004 2005 2006 2007 2008 2009 2010 2011 2012 2013 2014 2015 2016 2017 2018 2019 2020 2021 2022 2023
reclasobs
 0 0 0 370054 412103 1.49427e+06 250295 1.28982e+06 931140 785840 897777 1.04006e+06 184774 17550 25797 100020 73551 82996 120727 218422 84188 347160 605670 569463 516374 1.08416e+06 1.01767e+06
reclaspred
 466652 137627 469164 325729 400295 453045 947386 667119 813188 721456 581494 403735 245932 121376 82095.2 67508.5 64135.6 88702.6 112621 177035 252082 248893 433262 540985 631211 612846 708308
pelacesobs
 0 0 0 0 0 0 0 0 0 2.06254e+06 1.5e+06 0 1.87456e+06 323000 250000 174000 83755 137374 0 501740 490994 745055 786931 1.00524e+06 1.33801e+06 1.41789e+06 0
pelacespred
 1.61675e+06 480499 899161 1.01712e+06 1.04439e+06 1.03696e+06 2.22601e+06 2.03554e+06 2.1636e+06 2.00299e+06 1.51282e+06 1.09489e+06 674596 300540 187728 160819 153885 202442 259721 398024 642568 626760 893749 1.28262e+06 1.51543e+06 1.60508e+06 1.6851e+06
mphobs
 0 0 0 0 0 0 112323 0 153150 637223 0 255016 313432 73983 77613 109348 50772 17779 17303 59886 28197 0 207744 136588 643089 65757 70829
mphpred
 127420 89304.9 117335 160020 145678 193502 285691 321799 303093 330440 298567 220936 138598 119878 60899.8 45118.8 38856.7 44282.1 25235.2 34456.8 56081.3 67497.4 90479.1 129729 164369 165932 159066
desembarqueobs
 350755 77701 442110 56441 14545 235359 269955 359681 431902 328805 639364 411747 362871 311530 167758 66681 60226 58785 57116 73181 50977 67692 138656 160484 209506 203330 245020
desembarquepred
 350766 77705 442159 56443 14545.1 235415 269986 359700 431928 328844 639612 411981 363348 312358 167902 66724.5 60282.9 58793.6 57108.1 73183.1 50979 67685.8 138667 160497 209523 203341 245017
Reclutas
 85160.2 105490 66312.4 89536.5 136006 99313 155612 176583 227794 180630 82152.2 43903 40067.7 22320.5 17757.7 17542.8 13565.3 22379.1 36036.6 51455.5 62686.9 101630 130633 172801 70802.3 111421 238696
log_desv_Rt
 0.17229 0.386367 -0.0778672 0.222401 0.640453 0.326032 0.775119 0.901546 1.1562 0.924207 0.136329 -0.490263 -0.581674 -1.16674 -1.39543 -1.4076 -1.66473 -1.16412 -0.687708 -0.331527 -0.134092 0.349098 0.600148 0.879896 -0.0123528 0.441074 1.20294
SSB
 1.02428e+06 717891 943212 1.28634e+06 1.17105e+06 1.55549e+06 2.24346e+06 2.56455e+06 2.39476e+06 2.61271e+06 2.40007e+06 1.77602e+06 1.13805e+06 609753 317109 239122 214021 235840 316236 449655 700749 824393 1.13149e+06 1.55969e+06 2.13725e+06 2.20986e+06 2.00642e+06
BT
 3.51236e+06 994021 1.9516e+06 1.90975e+06 1.93931e+06 2.03632e+06 4.38281e+06 4.15892e+06 4.45378e+06 3.97245e+06 3.2963e+06 2.33207e+06 1.57188e+06 847913 493607 349183 334666 426369 528846 799838 1.23853e+06 1.19932e+06 1.7266e+06 2.49093e+06 2.87813e+06 3.06856e+06 3.32086e+06
Ftot
 0.281746 0.202878 0.27374 0.0511062 0.0118539 0.134794 0.087349 0.173597 0.17613 0.132354 0.27607 0.245087 0.369145 0.626509 0.563884 0.271614 0.274641 0.219056 0.165474 0.136835 0.063952 0.0834257 0.0908797 0.0926116 0.0843892 0.0891778 0.111845
BD_Bspro_t
 0.966034 0.837872 0.818275 0.739083 0.813067 0.884412 0.857326 0.860671 0.831593 0.814104 0.783583 0.666043 0.569919 0.461801 0.336946 0.330315 0.39253 0.506698 0.631633 0.746712 0.827715 0.877577 0.890555 0.890585 0.893006 0.866837 0.85534
BD_Bspro
 0.691828 0.484883 0.637071 0.86883 0.790962 1.05062 1.51529 1.73217 1.61749 1.7647 1.62107 1.19958 0.768669 0.411844 0.214184 0.16151 0.144556 0.159293 0.213594 0.303709 0.473305 0.556817 0.76424 1.05346 1.44355 1.4926 1.35519
BD_Bo
 0.308537 0.216245 0.284117 0.387475 0.352748 0.46855 0.675781 0.772501 0.721357 0.787008 0.722956 0.534979 0.342806 0.183671 0.0955204 0.0720291 0.0644681 0.0710404 0.0952573 0.135446 0.211082 0.248326 0.340831 0.469815 0.643787 0.665659 0.60438
BD_Brms
 0.560976 0.393173 0.516576 0.7045 0.64136 0.851909 1.22869 1.40455 1.31156 1.43092 1.31447 0.972689 0.623283 0.333948 0.173674 0.130962 0.117215 0.129164 0.173195 0.246266 0.383785 0.451501 0.619692 0.854208 1.17052 1.21029 1.09887
S_f
 0.213492 1 1 1 1
 0.213492 1 1 1 1
 0.213492 1 1 1 1
 0.213492 1 1 1 1
 0.213492 1 1 1 1
 0.213492 1 1 1 1
 0.213492 1 1 1 1
 0.213492 1 1 1 1
 0.213492 1 1 1 1
 0.213492 1 1 1 1
 0.213492 1 1 1 1
 0.213492 1 1 1 1
 0.213492 1 1 1 1
 0.213492 1 1 1 1
 0.213492 1 1 1 1
 0.213492 1 1 1 1
 0.213492 1 1 1 1
 0.213492 1 1 1 1
 0.213492 1 1 1 1
 0.213492 1 1 1 1
 0.213492 1 1 1 1
 0.213492 1 1 1 1
 0.213492 1 1 1 1
 0.213492 1 1 1 1
 0.213492 1 1 1 1
 0.213492 1 1 1 1
 0.213492 1 1 1 1
Scru_reclas
 1 1 1 1 1
 1 1 1 1 1
 1 1 1 1 1
 1 1 1 1 1
 1 1 1 1 1
 1 1 1 1 1
 1 1 1 1 1
 1 1 1 1 1
 1 1 1 1 1
 1 1 1 1 1
 1 1 1 1 1
 1 1 1 1 1
 1 1 1 1 1
 1 1 1 1 1
 1 1 1 1 1
 1 1 1 1 1
 1 1 1 1 1
 1 1 1 1 1
 1 1 1 1 1
 1 1 1 1 1
 1 1 1 1 1
 1 1 1 1 1
 1 1 1 1 1
 1 1 1 1 1
 1 1 1 1 1
 1 1 1 1 1
 1 1 1 1 1
Scru_pelaces
 0.84197 1 1 1 1
 0.84197 1 1 1 1
 0.84197 1 1 1 1
 0.84197 1 1 1 1
 0.84197 1 1 1 1
 0.84197 1 1 1 1
 0.84197 1 1 1 1
 0.84197 1 1 1 1
 0.84197 1 1 1 1
 0.84197 1 1 1 1
 0.84197 1 1 1 1
 0.84197 1 1 1 1
 0.84197 1 1 1 1
 0.84197 1 1 1 1
 0.84197 1 1 1 1
 0.84197 1 1 1 1
 0.84197 1 1 1 1
 0.84197 1 1 1 1
 0.84197 1 1 1 1
 0.84197 1 1 1 1
 0.84197 1 1 1 1
 0.84197 1 1 1 1
 0.84197 1 1 1 1
 0.84197 1 1 1 1
 0.84197 1 1 1 1
 0.84197 1 1 1 1
 0.84197 1 1 1 1
pf_obs 
 0.256992 0.487395 0.22802 0.0275931 0
 0.321318 0.546541 0.124235 0.00734118 0.000564706
 0.182869 0.594174 0.210203 0.0122559 0.00049798
 0.330522 0.361315 0.267642 0.0388342 0.00168674
 0.649043 0.306663 0.0425973 0.00169635 0
 0.582887 0.30429 0.105238 0.00758474 0
 0.465427 0.430635 0.0974691 0.00646863 0
 0.296916 0.608066 0.0921331 0.00288517 0
 0.311714 0.524322 0.152257 0.0117073 0
 0.15457 0.633149 0.183074 0.0267441 0.00246327
 0.131901 0.49318 0.331252 0.0422183 0.00144891
 0.196976 0.569456 0.194076 0.0375587 0.00193317
 0.518974 0.381816 0.0799577 0.0180837 0.00116848
 0.0928022 0.601141 0.25162 0.0475244 0.00691264
 0.122501 0.610282 0.24278 0.0234846 0.000952079
 0.383417 0.481906 0.127806 0.00687128 0
 0.0376549 0.599619 0.316969 0.0457579 0
 0.0361596 0.667082 0.258105 0.0386534 0
 0.158088 0.579412 0.248529 0.0139706 0
 0.0477256 0.309471 0.559284 0.082774 0.000745712
 0.0406174 0.521527 0.379366 0.0568643 0.0016247
 0.151134 0.462217 0.34131 0.0453401 0
 0.294876 0.26143 0.354403 0.0886775 0.000613685
 0.281977 0.475581 0.204845 0.0348837 0.00271318
 0.0841818 0.532909 0.334909 0.0458182 0.00218182
 0.115287 0.27431 0.454777 0.147771 0.00785563
 0 0 0 0 0
pf_pred 
 0.396758 0.426069 0.158479 0.0186852 9.34372e-06
 0.32028 0.528563 0.106762 0.039711 0.00468437
 0.179597 0.580266 0.186735 0.0377179 0.0156844
 0.251689 0.401805 0.245081 0.0788697 0.022555
 0.29031 0.437915 0.145929 0.0890095 0.0368358
 0.178279 0.540894 0.173285 0.0577447 0.0497975
 0.270497 0.378596 0.230983 0.0739995 0.0459248
 0.253377 0.480466 0.138129 0.0842733 0.0437539
 0.278632 0.455905 0.170831 0.0491122 0.0455204
 0.19687 0.53152 0.171657 0.0643212 0.0356311
 0.108106 0.489716 0.266166 0.0859595 0.0500524
 0.0938697 0.354534 0.302867 0.164611 0.0841172
 0.1411 0.301744 0.217994 0.186226 0.152937
 0.131337 0.413754 0.159816 0.115459 0.179635
 0.185992 0.395776 0.199208 0.0769459 0.142077
 0.233778 0.445281 0.156044 0.0785426 0.086355
 0.192674 0.498547 0.179443 0.062884 0.066452
 0.311483 0.384496 0.187742 0.0675744 0.0487051
 0.349627 0.455483 0.108834 0.0531416 0.0329137
 0.327433 0.491307 0.126944 0.0303322 0.0239837
 0.280716 0.509165 0.153491 0.0396589 0.016969
 0.321907 0.442673 0.166648 0.0502372 0.0185342
 0.288211 0.49656 0.140506 0.0528946 0.0218282
 0.284365 0.475036 0.167847 0.0474936 0.0252577
 0.108762 0.588 0.201288 0.0711222 0.0308271
 0.209188 0.294489 0.327453 0.112096 0.0567748
 0.354543 0.363458 0.105013 0.116768 0.0602183
pobs_RECLAS
 0 0 0 0 0
 0 0 0 0 0
 0 0 0 0 0
 0 0 0 0 0
 0.835266 0.146461 0.0176864 0.000547809 3.91292e-05
 0.385257 0.428462 0.181853 0.0044286 0
 0.867414 0.0963971 0.0333333 0.00285562 0
 0.441836 0.489002 0.0689373 0.000224442 0
 0.779404 0.147425 0.0564933 0.0165055 0.000172143
 0.814271 0.122319 0.05973 0.00367925 0
 0.40263 0.566651 0.0304383 0.000280538 0
 0.475488 0.404961 0.113038 0.00651328 0
 0.955842 0.0263864 0.0167828 0.000988607 0
 0.975058 0.0227948 0.00214734 0 0
 0.738997 0.206755 0.0527124 0.00153531 0
 0.850938 0.134255 0.0134407 0.00136685 0
 0.542534 0.407297 0.0501686 0 0
 0.764087 0.199537 0.0359546 0.000420521 0
 0.470689 0.182191 0.310203 0.0369168 0
 0.84361 0.089868 0.0606195 0.00523954 0.000663233
 0.607945 0.314616 0.071237 0.00620181 0
 0.523733 0.453247 0.0230204 0 0
 0.530135 0.295979 0.169645 0.0042399 0
 0.562478 0.366248 0.0663022 0.0049721 0
 0.250443 0.683176 0.0655157 0.000865301 0
 0.195077 0.31981 0.436473 0.0351445 0.0134964
 0.565238 0.351407 0.0832357 0.000118908 0
ppred_RECLAS
 0.757871 0.171015 0.0636104 0.00749984 3.75038e-06
 0.690507 0.240667 0.0486114 0.0180814 0.00213291
 0.510103 0.346501 0.111508 0.0225229 0.00936581
 0.612292 0.20818 0.126979 0.0408633 0.011686
 0.657196 0.211528 0.0704887 0.0429946 0.0177929
 0.505735 0.325348 0.104231 0.0347335 0.0299532
 0.635601 0.189115 0.11538 0.036964 0.0229402
 0.615985 0.247121 0.071045 0.0433449 0.0225043
 0.646139 0.22364 0.0837995 0.0240916 0.0223296
 0.536158 0.306976 0.0991394 0.0371483 0.0205785
 0.365731 0.348261 0.189283 0.06113 0.0355947
 0.329676 0.262272 0.224051 0.121774 0.062227
 0.440288 0.196635 0.142058 0.121356 0.0996631
 0.425175 0.273795 0.105756 0.0764031 0.11887
 0.5264 0.230268 0.115902 0.0447681 0.0826625
 0.592004 0.237102 0.0830898 0.0418221 0.0459821
 0.531666 0.28921 0.104096 0.0364794 0.0385492
 0.681957 0.177608 0.0867224 0.0312142 0.022498
 0.717494 0.197851 0.0472749 0.0230834 0.0142969
 0.696627 0.221612 0.0572602 0.0136819 0.0108183
 0.647099 0.249811 0.0753069 0.0194578 0.00832548
 0.690658 0.201945 0.0760239 0.0229179 0.00845518
 0.655775 0.240139 0.0679492 0.0255801 0.0105562
 0.651535 0.23131 0.0817301 0.0231261 0.0122988
 0.364665 0.419167 0.143492 0.0507008 0.0219756
 0.554456 0.165915 0.184487 0.0631548 0.0319869
 0.721236 0.156973 0.0453536 0.0504304 0.0260075
pobs_PELACES
 0 0 0 0 0
 0 0 0 0 0
 0 0 0 0 0
 0 0 0 0 0
 0 0 0 0 0
 0 0 0 0 0
 0 0 0 0 0
 0 0 0 0 0
 0 0 0 0 0
 0 0 0 0 0
 0.450072 0.473896 0.0757376 0.000293798 0
 0 0 0 0 0
 0.463077 0.371075 0.160297 0.00555027 0
 0.529543 0.364841 0.0842815 0.0213345 0
 0.631943 0.363953 0.00410389 0 0
 0.735681 0.248677 0.0153453 0.000297389 0
 0.695825 0.281241 0.0229344 0 0
 0.275771 0.60734 0.115278 0.00161068 0
 0 0 0 0 0
 0.896147 0.0623911 0.0374545 0.00400742 0
 0.803859 0.145111 0.0509908 3.86294e-05 0
 0.739449 0.233085 0.0266225 0.000797448 4.60066e-05
 0.878498 0.100942 0.0204185 0.000141795 0
 0.694673 0.275183 0.0284847 0.00165964 0
 0.469039 0.446079 0.0841089 0.000773354 0
 0.822795 0.102175 0.0682046 0.00682512 0
 0 0 0 0 0
ppred_PELACES
 0.739266 0.184156 0.0684981 0.00807611 4.03855e-06
 0.664438 0.260939 0.0527059 0.0196044 0.00231256
 0.484869 0.364349 0.117251 0.0236831 0.00984824
 0.574005 0.228738 0.139519 0.0448986 0.01284
 0.618194 0.235594 0.0785084 0.0478863 0.0198173
 0.47151 0.347876 0.111448 0.0371386 0.0320273
 0.600364 0.207402 0.126537 0.0405384 0.0251585
 0.585547 0.266709 0.0766762 0.0467805 0.024288
 0.616759 0.242208 0.0907571 0.0260918 0.0241836
 0.501806 0.32971 0.106482 0.0398994 0.0221025
 0.342779 0.360863 0.196133 0.0633421 0.0368827
 0.306178 0.271466 0.231905 0.126043 0.0644084
 0.421604 0.203199 0.146801 0.125407 0.10299
 0.422879 0.274889 0.106178 0.0767083 0.119345
 0.52 0.233379 0.117468 0.0453731 0.0837795
 0.567275 0.251473 0.0881259 0.044357 0.0487691
 0.506526 0.304734 0.109684 0.0384376 0.0406185
 0.656476 0.191838 0.0936707 0.0337152 0.0243006
 0.690616 0.216674 0.0517726 0.0252795 0.0156571
 0.667032 0.243231 0.0628461 0.0150166 0.0118736
 0.610853 0.275468 0.0830415 0.0214563 0.00918057
 0.65765 0.223493 0.0841359 0.0253633 0.00935737
 0.621543 0.264021 0.0747067 0.028124 0.011606
 0.617232 0.25408 0.0897754 0.0254026 0.0135095
 0.330642 0.441613 0.151176 0.0534158 0.0231525
 0.51745 0.179696 0.19981 0.0684004 0.0346437
 0.691602 0.17366 0.050175 0.0557914 0.0287722
pobs_pel_tallas
 0 0 0 0 0 0 0 0 0 0 0 0 0 0 0 0 0 0 0 0 0 0 0 0 0 0 0 0 0 0 0 0 0 0 0 0
 0 0 0 0 0 0 0 0 0 0 0 0 0 0 0 0 0 0 0 0 0 0 0 0 0 0 0 0 0 0 0 0 0 0 0 0
 0 0 0 0 0 0 0 0 0 0 0 0 0 0 0 0 0 0 0 0 0 0 0 0 0 0 0 0 0 0 0 0 0 0 0 0
 0 0 0 0 0 0 0 0 0 0 0 0 0 0 0 0 0 0 0 0 0 0 0 0 0 0 0 0 0 0 0 0 0 0 0 0
 0 0 0 0 0 0 0 0 0 0 0 0 0 0 0 0 0 0 0 0 0 0 0 0 0 0 0 0 0 0 0 0 0 0 0 0
 0 0 0 0 0 0 0 0 0 0 0 0 0 0 0 0 0 0 0 0 0 0 0 0 0 0 0 0 0 0 0 0 0 0 0 0
 0 0 0 0 0 0 0 0 0 0 0 0 0 0 0 0 0 0 0 0 0 0 0 0 0 0 0 0 0 0 0 0 0 0 0 0
 0 0 0 0 0 0 0 0 0 0 0 0 0 0 0 0 0 0 0 0 0 0 0 0 0 0 0 0 0 0 0 0 0 0 0 0
 0 0 0 0 0 0 0 0 0 0 0 0 0 0 0 0 0 0 0 0 0 0 0 0 0 0 0 0 0 0 0 0 0 0 0 0
 0 0 0 0 0 0 0 0 0 0 0 0 0 0 0 0 0 0 0 0 0 0 0 0 0 0 0 0 0 0 0 0 0 0 0 0
 0 0 0 0 0 0 0 0 1.78061e-05 0.00172719 0.00360574 0.0105946 0.0120993 0.0124554 0.0147524 0.0171206 0.0266825 0.0428682 0.0675386 0.121331 0.153587 0.119568 0.100827 0.0573624 0.0630603 0.0341343 0.0324427 0.0444173 0.0211091 0.0280891 0.0125444 0.00206551 0 0 0 0
 0 0 0 0 0 0 0 0 0 0 0 0 0 0 0 0 0 0 0 0 0 0 0 0 0 0 0 0 0 0 0 0 0 0 0 0
 0 0 0 0 0 0 0.0133647 0.0140871 0.0187388 0.0205184 0.03894 0.0496705 0.03968 0.0493445 0.0407372 0.0367815 0.0215668 0.0243155 0.0234873 0.0199281 0.019796 0.0243948 0.0301388 0.0376714 0.0412746 0.0863199 0.0771752 0.113111 0.0741005 0.0525337 0.0229764 0.00759418 0.00175318 0 0 0
 0 0 0 0 0 0 0 0 0 0 0.00219441 0.00772107 0.0458388 0.0604681 0.0671733 0.0775358 0.0609151 0.0617685 0.073594 0.0568108 0.0755445 0.0548602 0.0670107 0.0636378 0.0643287 0.046367 0.0373049 0.0286899 0.0247887 0.0153202 0.00654259 0.00121912 0.000365735 0 0 0
 0 0 0 0 0 0 0 0 0 0 0 0 0.000112435 0.00938835 0.0111873 0.0202946 0.0414886 0.0713402 0.111592 0.104902 0.108894 0.110636 0.117776 0.105296 0.107544 0.0401394 0.0192827 0.0124803 0.00416011 0.0028671 0.000618394 0 0 0 0 0
 0 0 0 0 0 0 0 0 0 0 0.00291406 0.0102884 0.027416 0.0768956 0.0749926 0.110853 0.0956884 0.0897413 0.0766577 0.0534642 0.0500743 0.0551293 0.0594112 0.0620874 0.0668451 0.0424026 0.0208742 0.0120726 0.0048766 0.00582813 0.00118941 0.000297354 0 0 0 0
 0 0.00264628 0.0354308 0.0461629 0.0458689 0.0383711 0.0214643 0.0164657 0.0346957 0.0420465 0.0363128 0.0245516 0.0311673 0.0291091 0.0169068 0.0133784 0.00837989 0.0085269 0.0148486 0.0160247 0.0276389 0.0546898 0.0760071 0.122758 0.109233 0.0665981 0.0333725 0.0166128 0.00676272 0.00308733 0.000882094 0 0 0 0 0
 0 0 0 0 0 0 0 0.000805153 0.000690131 0.00759144 0.0133425 0.0154129 0.00931677 0.000345066 0.00356568 0.00563607 0.00851162 0.0253048 0.0502646 0.0516448 0.0657925 0.0565908 0.0611916 0.0827007 0.0866115 0.110766 0.145733 0.0935128 0.0569358 0.0249597 0.0138026 0.00621118 0.00161031 0.00115022 0 0
 0 0 0 0 0 0 0 0 0 0 0 0 0 0 0 0 0 0 0 0 0 0 0 0 0 0 0 0 0 0 0 0 0 0 0 0
 0.00147267 0.00158595 0.00478618 0.00569244 0.00954404 0.0108468 0.00647125 0.017049 0.0510054 0.094081 0.124002 0.0959785 0.0687766 0.0820023 0.061753 0.0591476 0.0492212 0.0479892 0.0443925 0.0268479 0.0217502 0.0140895 0.0121071 0.0120363 0.00920419 0.00665534 0.0049561 0.00860946 0.00930331 0.0156896 0.0114698 0.00855282 0.00243557 0.00046729 0 2.83206e-05
 0 0 0 0 0.000772559 0.00158375 0.000888443 0.00281984 0.00712685 0.0440552 0.0773331 0.111326 0.0921469 0.0852325 0.0710754 0.0886704 0.0786465 0.0553345 0.0373146 0.0185414 0.00753245 0.00457741 0.012979 0.0271748 0.0457355 0.0583668 0.034881 0.0177882 0.00938659 0.00492506 0.0015258 0.00185414 0.000309023 5.79419e-05 3.86279e-05 0
 0 0.00173294 0.00326652 0 0.00397197 0.00683976 0.00946217 0.0152591 0.00757587 0.0136028 0.0228656 0.0392903 0.0559909 0.0764795 0.0681675 0.0726916 0.0566044 0.0477403 0.0527397 0.0444891 0.0609904 0.0582453 0.0661739 0.0445044 0.0529084 0.0360697 0.0280645 0.0235558 0.0158879 0.00826598 0.00280645 0.00217768 0.000904811 0.00058276 9.20147e-05 0
 0 0 0 0 0 0 0 0 0 0 0 0 0 0 0 0 0 0 0 0 0 0 0 0 0 0 0 0 0 0 0 0 0 0 0 0
 0 0 0 0 0 0 0 0 0 0 0 0 0 0 0 0 0 0 0 0 0 0 0 0 0 0 0 0 0 0 0 0 0 0 0 0
 0 0 0 0 0 0 0 0 0 0 0 0 0 0 0 0 0 0 0 0 0 0 0 0 0 0 0 0 0 0 0 0 0 0 0 0
 0 0 0 0 0 0 0 0 0 0 0 0 0 0 0 0 0 0 0 0 0 0 0 0 0 0 0 0 0 0 0 0 0 0 0 0
 0 0 0 0 0 0 0 0 0 0 0 0 0 0 0 0 0 0 0 0 0 0 0 0 0 0 0 0 0 0 0 0 0 0 0 0
ppred_pel_tallas
 1.01311e-16 3.22557e-05 0.000189313 0.000899907 0.00346469 0.0108043 0.0272908 0.0558408 0.0925627 0.124311 0.135278 0.119334 0.0854424 0.0499036 0.024292 0.010826 0.00599351 0.00565548 0.007271 0.0097116 0.0124919 0.0152922 0.0178057 0.0197433 0.0208855 0.0211286 0.0205034 0.0191578 0.0173131 0.015208 0.0130506 0.0109902 0.0091123 0.00744996 0.00600389 0.00476024
 1.01615e-16 2.89959e-05 0.000170169 0.000808876 0.00311417 0.0097112 0.0245298 0.0501922 0.0832023 0.111748 0.12163 0.107348 0.0769773 0.045195 0.0224393 0.0107453 0.00699619 0.00749853 0.00996734 0.0133461 0.0171092 0.020839 0.0241087 0.0265181 0.0277731 0.0277522 0.0265304 0.0243515 0.0215597 0.0185157 0.0155236 0.0127898 0.0104153 0.00841686 0.00675951 0.00538829
 1.03058e-16 2.11702e-05 0.000124215 0.000590384 0.00227288 0.00708765 0.0179031 0.0366342 0.0607332 0.0815867 0.0888451 0.0785166 0.0565295 0.033647 0.0175569 0.00982884 0.00827375 0.0102615 0.0141422 0.0190891 0.0245752 0.0300711 0.0349915 0.0387726 0.040988 0.0414416 0.0402036 0.0375746 0.0339966 0.0299409 0.0258127 0.0218954 0.0183424 0.0152027 0.0124627 0.0100842
 1.04198e-16 2.50515e-05 0.000147014 0.000698801 0.00269036 0.00838957 0.0211915 0.0433615 0.0718798 0.0965426 0.105084 0.0927545 0.0665343 0.0391086 0.0195042 0.00949233 0.00639876 0.00705566 0.00951605 0.0128958 0.0167672 0.0207881 0.0245947 0.0278266 0.030191 0.0315187 0.0317888 0.0311113 0.0296813 0.0277201 0.0254267 0.0229516 0.0203959 0.017826 0.0152933 0.0128485
 1.03763e-16 2.69784e-05 0.000158327 0.000752582 0.00289743 0.00903531 0.0228226 0.0466988 0.0774115 0.103971 0.113165 0.0998761 0.0716187 0.0420482 0.0208773 0.010002 0.0065276 0.00702644 0.00938644 0.0126437 0.0163327 0.0200897 0.0235393 0.0263214 0.0281599 0.0289193 0.0286277 0.027453 0.0256468 0.0234759 0.0211648 0.0188648 0.0166536 0.0145548 0.0125665 0.0106846
 1.04468e-16 2.05869e-05 0.000120792 0.000574117 0.00221025 0.00689236 0.0174098 0.0356248 0.0590595 0.0793379 0.0863951 0.0763488 0.0549632 0.0327036 0.0170448 0.00951192 0.0079761 0.00988126 0.0136278 0.0184206 0.0237602 0.0291483 0.0340333 0.0378821 0.0402895 0.0410644 0.0402635 0.0381567 0.0351423 0.0316422 0.0280139 0.0245011 0.0212296 0.0182349 0.0155038 0.0130108
 1.04433e-16 2.61999e-05 0.000153758 0.00073087 0.00281384 0.00877465 0.0221641 0.0453514 0.0751775 0.100969 0.109894 0.0969807 0.069524 0.0407817 0.0201819 0.00956163 0.00610803 0.0064957 0.00868497 0.0117615 0.0153046 0.0189988 0.0225153 0.0255293 0.0277764 0.0291023 0.029485 0.0290187 0.0278721 0.0262363 0.0242808 0.0221319 0.0198729 0.0175586 0.0152341 0.0129481
 1.03918e-16 2.55561e-05 0.000149973 0.000712864 0.00274449 0.00855839 0.021618 0.0442343 0.0733274 0.0984892 0.107209 0.0946447 0.0679217 0.0399868 0.0200566 0.00994638 0.00693326 0.00778397 0.0104987 0.0141468 0.0182479 0.0223989 0.0261758 0.0291727 0.0310818 0.0317585 0.0312467 0.0297505 0.0275698 0.0250196 0.0223633 0.0197762 0.017344 0.015086 0.0129883 0.011032
 1.03394e-16 2.69162e-05 0.00015796 0.00075084 0.00289072 0.00901439 0.0227697 0.0465908 0.0772326 0.103731 0.112905 0.0996517 0.071467 0.0419777 0.0208768 0.0100593 0.00664027 0.00720231 0.00963809 0.0129824 0.0167628 0.0206049 0.0241199 0.026934 0.0287602 0.0294573 0.0290539 0.027725 0.0257355 0.0233684 0.0208658 0.0183951 0.016047 0.013854 0.0118176 0.00993249
 1.04023e-16 2.19073e-05 0.000128546 0.00061098 0.00235219 0.007335 0.0185279 0.0379122 0.0628504 0.0844267 0.0919265 0.081213 0.0584128 0.0346513 0.0178675 0.00966509 0.00775894 0.00941403 0.0129243 0.0174568 0.0225134 0.0276153 0.0322379 0.035875 0.0381413 0.0388548 0.0380688 0.0360391 0.0331439 0.0297849 0.0263035 0.0229338 0.0197985 0.0169345 0.0143317 0.0119675
 1.06802e-16 1.49744e-05 8.78402e-05 0.000417455 0.00160706 0.00501131 0.0126585 0.0259033 0.0429468 0.057704 0.0628665 0.0556266 0.0401992 0.0242287 0.0131993 0.00828097 0.00799205 0.0105317 0.0147689 0.0201142 0.0261389 0.0323602 0.0382165 0.0431462 0.0466982 0.0486206 0.0488982 0.0477233 0.0454198 0.0423473 0.0388216 0.0350735 0.0312473 0.0274265 0.0236691 0.0200333
 1.10721e-16 1.33747e-05 7.84571e-05 0.000372865 0.00143541 0.00447605 0.0113064 0.0231361 0.0383577 0.0515347 0.0561364 0.0496505 0.035835 0.0215087 0.0115586 0.00701945 0.00656285 0.00858831 0.0121143 0.0166698 0.021954 0.0276373 0.033321 0.0385839 0.0430563 0.0464809 0.0487413 0.0498472 0.0498908 0.0489941 0.0472698 0.0448086 0.0416902 0.0380064 0.0338821 0.0294813
 1.11272e-16 1.84048e-05 0.000107995 0.000513306 0.00197617 0.00616241 0.0155659 0.0318508 0.0528003 0.0709213 0.0772081 0.0681784 0.0489694 0.0289139 0.0146648 0.00755277 0.00564939 0.00666656 0.00921088 0.0126617 0.0167201 0.0211339 0.0256171 0.0298706 0.0336313 0.0367141 0.0390288 0.040566 0.0413622 0.041462 0.040892 0.0396584 0.0377644 0.0352354 0.0321423 0.0286093
 1.0981e-16 1.84632e-05 0.000108332 0.000514893 0.00198226 0.00618137 0.0156138 0.0319495 0.0529657 0.0711492 0.0774713 0.0684466 0.0492396 0.0292289 0.0151094 0.00824039 0.00670825 0.00822573 0.0113793 0.0154978 0.0201975 0.0251131 0.0298366 0.0339646 0.0371761 0.039295 0.0403124 0.040359 0.0396431 0.0383784 0.0367271 0.034778 0.0325569 0.0300595 0.0272891 0.0242829
 1.07218e-16 2.26966e-05 0.000133189 0.000633074 0.00243729 0.0076004 0.0191981 0.0392829 0.0651197 0.0874656 0.0952108 0.0840562 0.0603307 0.0355345 0.0178566 0.00891584 0.00630467 0.00716679 0.00974651 0.0132422 0.017255 0.0214542 0.0254837 0.0289914 0.0316931 0.0334276 0.0341769 0.0340463 0.033214 0.0318712 0.0301748 0.0282252 0.0260731 0.023742 0.0212558 0.0186577
 1.05136e-16 2.47588e-05 0.000145294 0.000690619 0.00265885 0.00829132 0.0209433 0.0428539 0.071039 0.0954152 0.103862 0.0916877 0.0657948 0.0387255 0.0194076 0.00959942 0.00666394 0.00747186 0.0100923 0.0136342 0.0176466 0.0217564 0.0255691 0.0287038 0.0308662 0.0319089 0.0318546 0.0308706 0.0292105 0.027141 0.0248832 0.0225818 0.0203065 0.0180753 0.0158855 0.0137388
 1.04875e-16 2.2112e-05 0.00012975 0.000616711 0.00237427 0.00740384 0.0187017 0.0382678 0.0634391 0.085215 0.0927784 0.0819505 0.0589103 0.0348804 0.0178646 0.0094707 0.00738162 0.00883092 0.0120996 0.0163629 0.0211482 0.0260153 0.0304832 0.0340855 0.0364634 0.0374405 0.0370519 0.0355143 0.0331546 0.0303201 0.0273044 0.024307 0.0214316 0.0187113 0.0161442 0.0137242
 1.03687e-16 2.8646e-05 0.00016812 0.000799151 0.00307675 0.00959453 0.0242351 0.0495885 0.0821999 0.110397 0.120145 0.106004 0.0759421 0.0444434 0.0218011 0.0100035 0.00595233 0.00599189 0.00788019 0.0106197 0.0137705 0.0170259 0.0200788 0.0226317 0.024449 0.025403 0.0254929 0.0248285 0.0235881 0.0219667 0.0201326 0.0182054 0.0162552 0.0143178 0.0124146 0.0105681
 1.02406e-16 3.01356e-05 0.000176864 0.000840714 0.00323677 0.0100935 0.0254955 0.0521677 0.0864755 0.11614 0.126397 0.111525 0.0799064 0.0467819 0.0229808 0.0105954 0.00636443 0.00643487 0.00843455 0.0112923 0.0145166 0.0177523 0.0206472 0.0228705 0.0241759 0.024455 0.0237573 0.0222673 0.020249 0.0179791 0.015689 0.0135328 0.0115851 0.00985782 0.00832901 0.00696715
 1.02043e-16 2.91083e-05 0.00017083 0.000812024 0.00312629 0.00974902 0.0246254 0.0503875 0.0835256 0.112181 0.122097 0.10775 0.0772446 0.0453094 0.0224177 0.0106053 0.00673745 0.00710313 0.00941158 0.0126137 0.0162029 0.0197882 0.022973 0.0253829 0.0267395 0.0269211 0.0259858 0.0241464 0.0217086 0.0189944 0.0162767 0.013742 0.0114844 0.00952477 0.00784034 0.00639253
 1.02435e-16 2.666e-05 0.000156453 0.000743669 0.0028631 0.00892824 0.0225522 0.0461458 0.0764961 0.102745 0.11184 0.0987302 0.0708474 0.0416965 0.02089 0.0103183 0.00713676 0.00796718 0.0107176 0.0144111 0.0185406 0.0226806 0.0263848 0.0292277 0.0308891 0.0312234 0.0302863 0.0283075 0.0256222 0.0225866 0.019505 0.0165883 0.013948 0.0116162 0.00957855 0.00780319
 1.02576e-16 2.86985e-05 0.000168426 0.000800597 0.0030823 0.00961184 0.0242788 0.0496783 0.0823496 0.1106 0.120374 0.106222 0.0761333 0.044626 0.0220216 0.0103234 0.00643748 0.00670587 0.00887658 0.0119297 0.0153878 0.0188936 0.0220841 0.0246125 0.0262124 0.0267539 0.0262656 0.0249134 0.0229481 0.0206393 0.0182192 0.0158518 0.0136283 0.0115838 0.00972194 0.00803602
 1.02656e-16 2.71256e-05 0.000159188 0.000756672 0.00291317 0.00908438 0.0229466 0.0469527 0.0778331 0.104539 0.113789 0.100441 0.0720545 0.0423651 0.0211473 0.0103172 0.00697263 0.00767108 0.0102833 0.0138217 0.0177855 0.0217645 0.0253321 0.0280826 0.0297108 0.0300787 0.0292401 0.027414 0.0249187 0.0220907 0.0192156 0.0164884 0.0140094 0.0118041 0.00985586 0.00813379
 1.02862e-16 2.69373e-05 0.000158083 0.000751422 0.00289296 0.00902136 0.0227874 0.0466269 0.0772928 0.103813 0.112997 0.0997388 0.0715429 0.0420492 0.0209621 0.0101823 0.00682682 0.00747739 0.0100231 0.0134905 0.0173933 0.0213377 0.0249137 0.0277279 0.0294804 0.0300274 0.0294066 0.0278128 0.0255368 0.0228898 0.0201387 0.0174699 0.0149851 0.0127197 0.0106719 0.00882774
 1.05208e-16 1.44484e-05 8.47447e-05 0.000402722 0.00155031 0.00483432 0.0122115 0.0249894 0.0414341 0.0556794 0.0606815 0.0537424 0.0389443 0.0236851 0.0132862 0.00891174 0.00916452 0.0123242 0.0172867 0.0234289 0.0302355 0.0371012 0.0433286 0.0482382 0.0513104 0.0522968 0.0512633 0.0485475 0.0446527 0.0401158 0.0353956 0.0308106 0.026532 0.0226171 0.0190604 0.0158378
 1.06864e-16 2.25835e-05 0.000132529 0.000629948 0.00242527 0.00756293 0.0191034 0.0390888 0.0647965 0.0870277 0.0947238 0.0836019 0.0599519 0.0352061 0.017499 0.00842629 0.00558084 0.0061192 0.00831084 0.0113979 0.0150475 0.0190104 0.0230138 0.0267679 0.0300097 0.0325442 0.0342648 0.0351488 0.0352329 0.0345841 0.0332768 0.0313851 0.0289887 0.0261834 0.0230886 0.0198456
 1.04031e-16 3.01767e-05 0.000177109 0.000841891 0.00324131 0.0101077 0.0255313 0.0522406 0.0865952 0.116297 0.126558 0.111644 0.079942 0.0467022 0.0227553 0.01018 0.00569542 0.0054359 0.00703267 0.00944018 0.0122161 0.0150741 0.0177394 0.0199516 0.0215109 0.0223175 0.0223872 0.0218331 0.0208238 0.0195345 0.0181061 0.016626 0.0151313 0.013626 0.0121046 0.0105697
pSPR Fmed_Fpbrs
0.438014   0.6 0.325
Fs Fmed_Fpbrs
0.64   0.339655 1.02495
SSBpbr Bo_Bmed_Bpbrs
3.3198e+06  1.28813e+06  1.82589e+06 912946
Ro
71682.4
SPR SPRFo_SPRFmed_SPRFpbrs
1.48054e+06 648499 481177
log_Ro
11
likeval ReclasPelacesDesembMPH_pf_preclas_ppelaces_ptallas_desvR_qrecl_qpela
 96.5689 42.7035 0.0573829 52.3408 350.435 234.903 59.1972 0 24.8167 0.000113499 4.41537e-08 1.9313e-16 0 0 0
q_reclas_q_pelaces
0.220986 1.03035
M
0.7
N
 85160.2 21468.2 7985.25 941.483 0.470799
 105490 39820.6 8043.19 2991.72 352.909
 66312.4 50164.1 16143.3 3260.72 1355.92
 89536.5 31060.5 18945.4 6096.81 1743.56
 136006 43980 14655.7 8939.26 3699.43
 99313 67367.8 21582.5 7192.05 6202.23
 155612 47918.4 29235.2 9366.02 5812.64
 176583 75846.8 21805.2 13303.5 6907.04
 227794 84498.1 31662.1 9102.54 8436.82
 180630 108945 35184.3 13183.8 7303.24
 82152.2 87199.2 47393.6 15306 8912.35
 43903 38460.6 32855.7 17857.4 9125.21
 40067.7 20690.1 14947.6 12769.2 10486.7
 22320.5 18389.2 7102.97 5131.53 7983.8
 17757.7 9696.35 4880.52 1885.14 3480.83
 17542.8 7818.03 2739.75 1379.01 1516.18
 13565.3 8220.7 2958.9 1036.92 1095.75
 22379.1 6352.71 3101.9 1116.48 804.714
 36036.6 10605.4 2534.07 1237.33 766.354
 51455.5 17274.1 4463.28 1066.47 843.255
 62686.9 24816.4 7481.06 1932.95 827.06
 101630 30707.3 11560 3484.84 1285.67
 130633 49577.2 14028.3 5281.06 2179.35
 172801 63624 22480.6 6361.05 3382.89
 70802.3 84130.4 28800.1 10176.1 4410.71
 111421 34531.6 38397 13144.3 6657.39
 238696 54286.7 15684.9 17440.6 8994.3
pred_Ctot
 3587.72 3852.77 1433.07 168.962 0.0844915
 3223.81 5320.31 1074.63 399.715 47.1511
 2716.33 8776.27 2824.3 570.468 237.22
 699.183 1116.2 680.828 219.097 62.6571
 247.253 372.967 124.286 75.8082 31.3725
 2029.43 6157.24 1972.58 657.335 566.868
 2069.83 2897.01 1767.48 566.243 351.415
 4630.29 8780.17 2524.22 1540.03 799.572
 6058.87 9913.66 3714.72 1067.95 989.842
 3625.14 9787.34 3160.87 1184.4 656.106
 3393.06 15370.4 8353.97 2697.96 1570.96
 1614.45 6097.58 5208.97 2831.12 1446.72
 2193.71 4691.26 3389.2 2895.28 2377.74
 2025.22 6380.12 2464.37 1780.38 2769.98
 1458.56 3103.7 1562.2 603.415 1114.18
 713.157 1358.36 476.024 239.6 263.433
 557.451 1442.41 519.172 181.938 192.261
 737.336 910.169 444.418 159.961 115.293
 901.413 1174.33 280.598 137.01 84.8585
 1067.2 1601.31 413.746 98.8613 78.1697
 611.819 1109.72 334.532 86.4362 36.9838
 1291.57 1776.12 668.637 201.565 74.364
 1807.22 3113.67 881.036 331.674 136.873
 2435.74 4068.95 1437.7 406.809 216.346
 910.103 4920.27 1684.34 595.137 257.955
 1512.81 2129.7 2368.09 810.661 410.587
 4056 4158 1201.36 1335.83 688.902
F
 0.0601506 0.281746 0.281746 0.281746 0.281746
 0.0433128 0.202878 0.202878 0.202878 0.202878
 0.0584414 0.27374 0.27374 0.27374 0.27374
 0.0109108 0.0511062 0.0511062 0.0511062 0.0511062
 0.00253071 0.0118539 0.0118539 0.0118539 0.0118539
 0.0287774 0.134794 0.134794 0.134794 0.134794
 0.0186483 0.087349 0.087349 0.087349 0.087349
 0.0370616 0.173597 0.173597 0.173597 0.173597
 0.0376024 0.17613 0.17613 0.17613 0.17613
 0.0282565 0.132354 0.132354 0.132354 0.132354
 0.0589387 0.27607 0.27607 0.27607 0.27607
 0.0523241 0.245087 0.245087 0.245087 0.245087
 0.0788096 0.369145 0.369145 0.369145 0.369145
 0.133755 0.626509 0.626509 0.626509 0.626509
 0.120385 0.563884 0.563884 0.563884 0.563884
 0.0579874 0.271614 0.271614 0.271614 0.271614
 0.0586338 0.274641 0.274641 0.274641 0.274641
 0.0467668 0.219056 0.219056 0.219056 0.219056
 0.0353275 0.165474 0.165474 0.165474 0.165474
 0.0292132 0.136835 0.136835 0.136835 0.136835
 0.0136533 0.063952 0.063952 0.063952 0.063952
 0.0178107 0.0834257 0.0834257 0.0834257 0.0834257
 0.0194021 0.0908797 0.0908797 0.0908797 0.0908797
 0.0197718 0.0926116 0.0926116 0.0926116 0.0926116
 0.0180164 0.0843892 0.0843892 0.0843892 0.0843892
 0.0190388 0.0891778 0.0891778 0.0891778 0.0891778
 0.0238781 0.111845 0.111845 0.111845 0.111845
Np
 55507.7 25636.3 40921.5 8523.1 3333.25
YTP_r0W_actual
 98872.3 247635 104010 147697 84526.4
YTP_p0W_proyectada
 22992.3 527943 159849 58980.9 105096
 22992.3 116943 271361 72178.4 31325.2
CTP_r0_actual
 12057.6 11464.6 3312.43 3683.21 1899.47
CTP_p0_proyectada
 2803.94 24441.8 5090.72 1470.84 2361.7
 2803.94 5414.02 8642.06 1799.96 703.936
Wmedp
 8.2 21.6 31.4 40.1 44.5
nmprior
 10.8 10.6 4.6 0
nm_flota  nm_reclas  nm_pelaces    nm_pelaL
inf 9.58007 12.2783 33.4807
cv_recla  cv_pelaces  cv_mph
0.709199 0.357925 0.580066
 ------------------------------------------------
Talla a la edad & desviaci?n 
 7.2 14.2025 17.0495 18.207 18.6776
 1.08 2.13037 2.55742 2.73105 2.80164
