years
 1997 1998 1999 2000 2001 2002 2003 2004 2005 2006 2007 2008 2009 2010 2011 2012 2013 2014 2015 2016 2017 2018 2019 2020 2021 2022 2023
reclasobs
 0 0 0 370054 412103 1.49427e+06 250295 1.28982e+06 931140 785840 897777 1.04006e+06 184774 17550 25797 100020 73551 82996 120727 218422 84188 347160 605670 569463 516374 1.08416e+06 1.01767e+06
reclaspred
 493641 141900 459979 316063 400945 449843 937111 663691 823076 764331 627988 435819 264038 123544 80756.6 65541.4 61572.9 86152.7 111430 174908 248138 245400 426529 533994 616569 595021 701218
pelacesobs
 0 0 0 0 0 0 0 0 0 2.06254e+06 1.5e+06 0 1.87456e+06 323000 250000 174000 83755 137374 0 501740 490994 745055 786931 1.00524e+06 1.33801e+06 1.41789e+06 0
pelacespred
 1.73351e+06 491512 893563 1.01199e+06 1.07635e+06 1.05298e+06 2.2686e+06 2.03551e+06 2.20941e+06 2.13361e+06 1.63972e+06 1.20049e+06 724909 291679 174482 152354 145462 196192 255597 396041 646614 631361 899367 1.29096e+06 1.52284e+06 1.60979e+06 1.69245e+06
mphobs
 0 0 0 0 0 0 112323 0 153150 637223 0 255016 313432 73983 77613 109348 50772 17779 17303 59886 28197 0 207744 136588 643089 65757 70829
mphpred
 135275 90430.8 115844 149600 140271 190992 276785 310963 293545 327726 309680 229736 143229 128915 59752.4 44395 38106.6 43492.7 24896.2 34603.1 56470.2 68047.9 91241.4 130743 165194 164173 157776
desembarqueobs
 350755 77701 442110 56441 14545 235359 269955 359681 431902 328805 639364 411747 362871 311530 167758 66681 60226 58785 57116 73181 50977 67692 138656 160484 209506 203330 245020
desembarquepred
 350768 77705.9 442171 56443.7 14545.2 235435 269998 359702 431936 328851 639563 411924 363307 312308 167830 66728.5 60299.6 58792.3 57103 73183.3 50980 67683 138671 160502 209529 203345 245016
Reclutas
 65792.6 80211.9 48983.1 66227.2 100675 73047.9 114267 133584 178950 158046 78561.6 43744.1 38925.8 21197.1 16401 14101.7 10332.2 17072.7 27221.9 37356.7 45028.9 74046.4 94938.6 125840 51241.1 82060.7 178694
log_desv_Rt
 0.154262 0.352428 -0.14077 0.160846 0.579652 0.25887 0.70629 0.862484 1.15486 1.03064 0.331638 -0.253887 -0.370586 -0.978382 -1.2349 -1.38595 -1.69698 -1.19476 -0.728224 -0.411733 -0.22494 0.272448 0.520986 0.802767 -0.0957026 0.375215 1.15343
SSB
 783245 523598 670742 866187 812175 1.10585e+06 1.56387e+06 1.78363e+06 1.6681e+06 1.86453e+06 1.79306e+06 1.33018e+06 849280 444761 212361 160243 143742 157634 215569 312752 486860 572997 787573 1.08284e+06 1.48527e+06 1.51417e+06 1.37477e+06
BT
 2.71525e+06 737907 1.42542e+06 1.32021e+06 1.37498e+06 1.46551e+06 3.13383e+06 2.99156e+06 3.2767e+06 3.01189e+06 2.5974e+06 1.83321e+06 1.24428e+06 662394 369757 247362 236067 302619 375685 568345 873391 846302 1.22098e+06 1.76173e+06 2.02326e+06 2.14265e+06 2.35366e+06
Ftot
 0.383633 0.285227 0.398934 0.07649 0.0171565 0.192361 0.127169 0.254787 0.258456 0.186848 0.374119 0.330195 0.50404 0.890751 0.870993 0.409942 0.417371 0.335986 0.245246 0.199271 0.0931182 0.121609 0.131764 0.134904 0.122426 0.1315 0.165005
BD_Bspro_t
 0.954396 0.790396 0.761513 0.657154 0.751366 0.844163 0.806968 0.810362 0.774266 0.757132 0.728351 0.59644 0.492865 0.377291 0.247729 0.240564 0.292211 0.394084 0.527294 0.664653 0.765802 0.830834 0.849133 0.84944 0.852874 0.816736 0.801949
BD_Bspro
 0.672523 0.44958 0.575924 0.743739 0.697363 0.949523 1.34279 1.53149 1.43229 1.60095 1.53958 1.14214 0.729223 0.381888 0.182341 0.13759 0.123422 0.13535 0.185096 0.268541 0.418036 0.491996 0.676239 0.929766 1.27531 1.30012 1.18043
BD_Bo
 0.338078 0.226005 0.289518 0.373879 0.350566 0.477327 0.675024 0.769881 0.720016 0.804803 0.773952 0.574156 0.366582 0.191976 0.0916631 0.0691669 0.0620443 0.0680408 0.0930479 0.134996 0.210147 0.247327 0.339946 0.467395 0.641098 0.653574 0.593404
BD_Brms
 0.614688 0.410917 0.526396 0.67978 0.637392 0.867867 1.22732 1.39978 1.30912 1.46328 1.40718 1.04392 0.666512 0.349047 0.16666 0.125758 0.112808 0.123711 0.169178 0.245447 0.382086 0.449686 0.618084 0.849809 1.16563 1.18832 1.07892
S_f
 0.195357 1 1 1 1
 0.195357 1 1 1 1
 0.195357 1 1 1 1
 0.195357 1 1 1 1
 0.195357 1 1 1 1
 0.195357 1 1 1 1
 0.195357 1 1 1 1
 0.195357 1 1 1 1
 0.195357 1 1 1 1
 0.195357 1 1 1 1
 0.195357 1 1 1 1
 0.195357 1 1 1 1
 0.195357 1 1 1 1
 0.195357 1 1 1 1
 0.195357 1 1 1 1
 0.195357 1 1 1 1
 0.195357 1 1 1 1
 0.195357 1 1 1 1
 0.195357 1 1 1 1
 0.195357 1 1 1 1
 0.195357 1 1 1 1
 0.195357 1 1 1 1
 0.195357 1 1 1 1
 0.195357 1 1 1 1
 0.195357 1 1 1 1
 0.195357 1 1 1 1
 0.195357 1 1 1 1
Scru_reclas
 1 1 1 1 1
 1 1 1 1 1
 1 1 1 1 1
 1 1 1 1 1
 1 1 1 1 1
 1 1 1 1 1
 1 1 1 1 1
 1 1 1 1 1
 1 1 1 1 1
 1 1 1 1 1
 1 1 1 1 1
 1 1 1 1 1
 1 1 1 1 1
 1 1 1 1 1
 1 1 1 1 1
 1 1 1 1 1
 1 1 1 1 1
 1 1 1 1 1
 1 1 1 1 1
 1 1 1 1 1
 1 1 1 1 1
 1 1 1 1 1
 1 1 1 1 1
 1 1 1 1 1
 1 1 1 1 1
 1 1 1 1 1
 1 1 1 1 1
Scru_pelaces
 0.780205 0.94699 0.988999 0.997795 0.999561
 0.780205 0.94699 0.988999 0.997795 0.999561
 0.780205 0.94699 0.988999 0.997795 0.999561
 0.780205 0.94699 0.988999 0.997795 0.999561
 0.780205 0.94699 0.988999 0.997795 0.999561
 0.780205 0.94699 0.988999 0.997795 0.999561
 0.780205 0.94699 0.988999 0.997795 0.999561
 0.780205 0.94699 0.988999 0.997795 0.999561
 0.780205 0.94699 0.988999 0.997795 0.999561
 0.780205 0.94699 0.988999 0.997795 0.999561
 0.780205 0.94699 0.988999 0.997795 0.999561
 0.780205 0.94699 0.988999 0.997795 0.999561
 0.780205 0.94699 0.988999 0.997795 0.999561
 0.780205 0.94699 0.988999 0.997795 0.999561
 0.780205 0.94699 0.988999 0.997795 0.999561
 0.780205 0.94699 0.988999 0.997795 0.999561
 0.780205 0.94699 0.988999 0.997795 0.999561
 0.780205 0.94699 0.988999 0.997795 0.999561
 0.780205 0.94699 0.988999 0.997795 0.999561
 0.780205 0.94699 0.988999 0.997795 0.999561
 0.780205 0.94699 0.988999 0.997795 0.999561
 0.780205 0.94699 0.988999 0.997795 0.999561
 0.780205 0.94699 0.988999 0.997795 0.999561
 0.780205 0.94699 0.988999 0.997795 0.999561
 0.780205 0.94699 0.988999 0.997795 0.999561
 0.780205 0.94699 0.988999 0.997795 0.999561
 0.780205 0.94699 0.988999 0.997795 0.999561
pf_obs 
 0.256992 0.487395 0.22802 0.0275931 0
 0.321318 0.546541 0.124235 0.00734118 0.000564706
 0.182869 0.594174 0.210203 0.0122559 0.00049798
 0.330522 0.361315 0.267642 0.0388342 0.00168674
 0.649043 0.306663 0.0425973 0.00169635 0
 0.582887 0.30429 0.105238 0.00758474 0
 0.465427 0.430635 0.0974691 0.00646863 0
 0.296916 0.608066 0.0921331 0.00288517 0
 0.311714 0.524322 0.152257 0.0117073 0
 0.15457 0.633149 0.183074 0.0267441 0.00246327
 0.131901 0.49318 0.331252 0.0422183 0.00144891
 0.196976 0.569456 0.194076 0.0375587 0.00193317
 0.518974 0.381816 0.0799577 0.0180837 0.00116848
 0.0928022 0.601141 0.25162 0.0475244 0.00691264
 0.122501 0.610282 0.24278 0.0234846 0.000952079
 0.383417 0.481906 0.127806 0.00687128 0
 0.0376549 0.599619 0.316969 0.0457579 0
 0.0361596 0.667082 0.258105 0.0386534 0
 0.158088 0.579412 0.248529 0.0139706 0
 0.0477256 0.309471 0.559284 0.082774 0.000745712
 0.0406174 0.521527 0.379366 0.0568643 0.0016247
 0.151134 0.462217 0.34131 0.0453401 0
 0.294876 0.26143 0.354403 0.0886775 0.000613685
 0.281977 0.475581 0.204845 0.0348837 0.00271318
 0.0841818 0.532909 0.334909 0.0458182 0.00218182
 0.115287 0.27431 0.454777 0.147771 0.00785563
 0 0 0 0 0
pf_pred 
 0.383438 0.435898 0.16165 0.019005 9.69374e-06
 0.311109 0.545468 0.101397 0.0376025 0.00442315
 0.174181 0.598682 0.179848 0.0334321 0.0138564
 0.250275 0.423668 0.236377 0.0710093 0.0186709
 0.280662 0.459544 0.14681 0.0819094 0.031076
 0.169845 0.554599 0.176037 0.0562381 0.0432811
 0.262752 0.393282 0.229792 0.0729388 0.0412347
 0.25336 0.49205 0.13581 0.0793528 0.0394269
 0.285981 0.472173 0.159381 0.0439904 0.0384741
 0.213921 0.548478 0.157123 0.0530365 0.0274414
 0.12195 0.529197 0.243409 0.0697296 0.0357152
 0.107869 0.408725 0.291346 0.134007 0.0580521
 0.156337 0.353404 0.224609 0.160106 0.105544
 0.146631 0.465668 0.162405 0.103218 0.122078
 0.216175 0.450586 0.181842 0.0634189 0.0879776
 0.239276 0.519097 0.138901 0.056056 0.0466705
 0.192095 0.53385 0.187007 0.0500397 0.0370077
 0.32064 0.405182 0.181172 0.0634645 0.0295412
 0.349962 0.47994 0.101449 0.0453619 0.0232867
 0.31431 0.517783 0.123971 0.0262047 0.0177322
 0.268336 0.526711 0.154765 0.0370548 0.0131327
 0.312764 0.454914 0.167245 0.049142 0.0159359
 0.277813 0.513566 0.138096 0.0507697 0.0197554
 0.275071 0.490364 0.166806 0.0448534 0.0229064
 0.10368 0.603885 0.197811 0.0672888 0.0273341
 0.20643 0.305498 0.328833 0.107714 0.0515249
 0.352882 0.378991 0.10322 0.111105 0.0538029
pobs_RECLAS
 0 0 0 0 0
 0 0 0 0 0
 0 0 0 0 0
 0 0 0 0 0
 0.835266 0.146461 0.0176864 0.000547809 3.91292e-05
 0.385257 0.428462 0.181853 0.0044286 0
 0.867414 0.0963971 0.0333333 0.00285562 0
 0.441836 0.489002 0.0689373 0.000224442 0
 0.779404 0.147425 0.0564933 0.0165055 0.000172143
 0.814271 0.122319 0.05973 0.00367925 0
 0.40263 0.566651 0.0304383 0.000280538 0
 0.475488 0.404961 0.113038 0.00651328 0
 0.955842 0.0263864 0.0167828 0.000988607 0
 0.975058 0.0227948 0.00214734 0 0
 0.738997 0.206755 0.0527124 0.00153531 0
 0.850938 0.134255 0.0134407 0.00136685 0
 0.542534 0.407297 0.0501686 0 0
 0.764087 0.199537 0.0359546 0.000420521 0
 0.470689 0.182191 0.310203 0.0369168 0
 0.84361 0.089868 0.0606195 0.00523954 0.000663233
 0.607945 0.314616 0.071237 0.00620181 0
 0.523733 0.453247 0.0230204 0 0
 0.530135 0.295979 0.169645 0.0042399 0
 0.562478 0.366248 0.0663022 0.0049721 0
 0.250443 0.683176 0.0655157 0.000865301 0
 0.195077 0.31981 0.436473 0.0351445 0.0134964
 0.565238 0.351407 0.0832357 0.000118908 0
ppred_RECLAS
 0.765218 0.165987 0.0615549 0.00723696 3.6913e-06
 0.701494 0.236358 0.0439368 0.0162937 0.00191661
 0.525323 0.34412 0.103376 0.0192166 0.00796462
 0.631712 0.208119 0.116116 0.034882 0.00917171
 0.666535 0.213032 0.0680568 0.0379709 0.014406
 0.514145 0.324584 0.103027 0.0329138 0.0253306
 0.647431 0.188077 0.109892 0.0348811 0.0197194
 0.637965 0.238588 0.0658523 0.0384771 0.0191176
 0.67537 0.214675 0.0724629 0.0200004 0.0174924
 0.584563 0.289867 0.0830384 0.0280294 0.0145026
 0.421083 0.348911 0.160485 0.0459742 0.0235478
 0.386947 0.280867 0.200207 0.0920871 0.0398922
 0.495113 0.211493 0.134417 0.0958145 0.0631623
 0.485834 0.280571 0.0978512 0.0621902 0.0735535
 0.602112 0.228728 0.0923074 0.0321929 0.0446594
 0.622896 0.257325 0.0688555 0.0277879 0.0231354
 0.555431 0.293764 0.102905 0.0275355 0.0203644
 0.711384 0.172136 0.0769685 0.026962 0.0125502
 0.736426 0.194604 0.0411351 0.0183931 0.00944218
 0.703434 0.223945 0.0536182 0.0113338 0.00766932
 0.653513 0.24943 0.0732906 0.0175477 0.00621915
 0.700973 0.19794 0.0727708 0.0213825 0.00693395
 0.66472 0.238426 0.0641118 0.0235701 0.00917155
 0.661698 0.228837 0.077843 0.0209317 0.0106897
 0.373373 0.422183 0.138292 0.0470424 0.0191096
 0.572765 0.164471 0.177034 0.05799 0.0277395
 0.737937 0.15348 0.0418011 0.044994 0.0217885
pobs_PELACES
 0 0 0 0 0
 0 0 0 0 0
 0 0 0 0 0
 0 0 0 0 0
 0 0 0 0 0
 0 0 0 0 0
 0 0 0 0 0
 0 0 0 0 0
 0 0 0 0 0
 0 0 0 0 0
 0.450072 0.473896 0.0757376 0.000293798 0
 0 0 0 0 0
 0.463077 0.371075 0.160297 0.00555027 0
 0.529543 0.364841 0.0842815 0.0213345 0
 0.631943 0.363953 0.00410389 0 0
 0.735681 0.248677 0.0153453 0.000297389 0
 0.695825 0.281241 0.0229344 0 0
 0.275771 0.60734 0.115278 0.00161068 0
 0 0 0 0 0
 0.896147 0.0623911 0.0374545 0.00400742 0
 0.803859 0.145111 0.0509908 3.86294e-05 0
 0.739449 0.233085 0.0266225 0.000797448 4.60066e-05
 0.878498 0.100942 0.0204185 0.000141795 0
 0.694673 0.275183 0.0284847 0.00165964 0
 0.469039 0.446079 0.0841089 0.000773354 0
 0.822795 0.102175 0.0682046 0.00682512 0
 0 0 0 0 0
ppred_PELACES
 0.74582 0.177345 0.0686845 0.00814699 4.16283e-06
 0.674073 0.255563 0.0496142 0.0185627 0.00218738
 0.500223 0.357749 0.112238 0.0210495 0.00873974
 0.585624 0.22947 0.133708 0.040524 0.0106741
 0.619156 0.2391 0.0797734 0.0449037 0.0170664
 0.474555 0.345527 0.11454 0.0369172 0.0284619
 0.604872 0.206194 0.125822 0.0402927 0.0228191
 0.604416 0.256415 0.0739122 0.0435705 0.0216865
 0.643686 0.231871 0.0817393 0.0227614 0.0199424
 0.545646 0.312512 0.0934972 0.0318404 0.0165036
 0.393801 0.358606 0.172261 0.0497867 0.0255457
 0.356167 0.28745 0.213989 0.0993014 0.0430936
 0.473035 0.214534 0.142398 0.102406 0.0676272
 0.490875 0.271608 0.0989273 0.0634333 0.0751564
 0.606153 0.221778 0.0934731 0.0328893 0.0457063
 0.599082 0.269411 0.0752873 0.0306538 0.0255666
 0.530893 0.305057 0.111601 0.0301281 0.0223212
 0.685362 0.18411 0.0859747 0.0303847 0.0141684
 0.708123 0.212807 0.0469783 0.0211927 0.0108986
 0.67072 0.24582 0.0614665 0.0131082 0.00888578
 0.611233 0.276248 0.0847716 0.020477 0.00727019
 0.662555 0.219871 0.0844192 0.0250258 0.00812976
 0.62527 0.26286 0.0738175 0.0273797 0.0106728
 0.621941 0.251881 0.0894827 0.0242755 0.0124194
 0.333058 0.442482 0.151371 0.0519493 0.0211402
 0.526346 0.177156 0.199147 0.0658135 0.0315376
 0.703635 0.170015 0.0483588 0.0525155 0.0254758
pobs_pel_tallas
 0 0 0 0 0 0 0 0 0 0 0 0 0 0 0 0 0 0 0 0 0 0 0 0 0 0 0 0 0 0 0 0 0 0 0 0
 0 0 0 0 0 0 0 0 0 0 0 0 0 0 0 0 0 0 0 0 0 0 0 0 0 0 0 0 0 0 0 0 0 0 0 0
 0 0 0 0 0 0 0 0 0 0 0 0 0 0 0 0 0 0 0 0 0 0 0 0 0 0 0 0 0 0 0 0 0 0 0 0
 0 0 0 0 0 0 0 0 0 0 0 0 0 0 0 0 0 0 0 0 0 0 0 0 0 0 0 0 0 0 0 0 0 0 0 0
 0 0 0 0 0 0 0 0 0 0 0 0 0 0 0 0 0 0 0 0 0 0 0 0 0 0 0 0 0 0 0 0 0 0 0 0
 0 0 0 0 0 0 0 0 0 0 0 0 0 0 0 0 0 0 0 0 0 0 0 0 0 0 0 0 0 0 0 0 0 0 0 0
 0 0 0 0 0 0 0 0 0 0 0 0 0 0 0 0 0 0 0 0 0 0 0 0 0 0 0 0 0 0 0 0 0 0 0 0
 0 0 0 0 0 0 0 0 0 0 0 0 0 0 0 0 0 0 0 0 0 0 0 0 0 0 0 0 0 0 0 0 0 0 0 0
 0 0 0 0 0 0 0 0 0 0 0 0 0 0 0 0 0 0 0 0 0 0 0 0 0 0 0 0 0 0 0 0 0 0 0 0
 0 0 0 0 0 0 0 0 0 0 0 0 0 0 0 0 0 0 0 0 0 0 0 0 0 0 0 0 0 0 0 0 0 0 0 0
 0 0 0 0 0 0 0 0 1.78061e-05 0.00172719 0.00360574 0.0105946 0.0120993 0.0124554 0.0147524 0.0171206 0.0266825 0.0428682 0.0675386 0.121331 0.153587 0.119568 0.100827 0.0573624 0.0630603 0.0341343 0.0324427 0.0444173 0.0211091 0.0280891 0.0125444 0.00206551 0 0 0 0
 0 0 0 0 0 0 0 0 0 0 0 0 0 0 0 0 0 0 0 0 0 0 0 0 0 0 0 0 0 0 0 0 0 0 0 0
 0 0 0 0 0 0 0.0133647 0.0140871 0.0187388 0.0205184 0.03894 0.0496705 0.03968 0.0493445 0.0407372 0.0367815 0.0215668 0.0243155 0.0234873 0.0199281 0.019796 0.0243948 0.0301388 0.0376714 0.0412746 0.0863199 0.0771752 0.113111 0.0741005 0.0525337 0.0229764 0.00759418 0.00175318 0 0 0
 0 0 0 0 0 0 0 0 0 0 0.00219441 0.00772107 0.0458388 0.0604681 0.0671733 0.0775358 0.0609151 0.0617685 0.073594 0.0568108 0.0755445 0.0548602 0.0670107 0.0636378 0.0643287 0.046367 0.0373049 0.0286899 0.0247887 0.0153202 0.00654259 0.00121912 0.000365735 0 0 0
 0 0 0 0 0 0 0 0 0 0 0 0 0.000112435 0.00938835 0.0111873 0.0202946 0.0414886 0.0713402 0.111592 0.104902 0.108894 0.110636 0.117776 0.105296 0.107544 0.0401394 0.0192827 0.0124803 0.00416011 0.0028671 0.000618394 0 0 0 0 0
 0 0 0 0 0 0 0 0 0 0 0.00291406 0.0102884 0.027416 0.0768956 0.0749926 0.110853 0.0956884 0.0897413 0.0766577 0.0534642 0.0500743 0.0551293 0.0594112 0.0620874 0.0668451 0.0424026 0.0208742 0.0120726 0.0048766 0.00582813 0.00118941 0.000297354 0 0 0 0
 0 0.00264628 0.0354308 0.0461629 0.0458689 0.0383711 0.0214643 0.0164657 0.0346957 0.0420465 0.0363128 0.0245516 0.0311673 0.0291091 0.0169068 0.0133784 0.00837989 0.0085269 0.0148486 0.0160247 0.0276389 0.0546898 0.0760071 0.122758 0.109233 0.0665981 0.0333725 0.0166128 0.00676272 0.00308733 0.000882094 0 0 0 0 0
 0 0 0 0 0 0 0 0.000805153 0.000690131 0.00759144 0.0133425 0.0154129 0.00931677 0.000345066 0.00356568 0.00563607 0.00851162 0.0253048 0.0502646 0.0516448 0.0657925 0.0565908 0.0611916 0.0827007 0.0866115 0.110766 0.145733 0.0935128 0.0569358 0.0249597 0.0138026 0.00621118 0.00161031 0.00115022 0 0
 0 0 0 0 0 0 0 0 0 0 0 0 0 0 0 0 0 0 0 0 0 0 0 0 0 0 0 0 0 0 0 0 0 0 0 0
 0.00147267 0.00158595 0.00478618 0.00569244 0.00954404 0.0108468 0.00647125 0.017049 0.0510054 0.094081 0.124002 0.0959785 0.0687766 0.0820023 0.061753 0.0591476 0.0492212 0.0479892 0.0443925 0.0268479 0.0217502 0.0140895 0.0121071 0.0120363 0.00920419 0.00665534 0.0049561 0.00860946 0.00930331 0.0156896 0.0114698 0.00855282 0.00243557 0.00046729 0 2.83206e-05
 0 0 0 0 0.000772559 0.00158375 0.000888443 0.00281984 0.00712685 0.0440552 0.0773331 0.111326 0.0921469 0.0852325 0.0710754 0.0886704 0.0786465 0.0553345 0.0373146 0.0185414 0.00753245 0.00457741 0.012979 0.0271748 0.0457355 0.0583668 0.034881 0.0177882 0.00938659 0.00492506 0.0015258 0.00185414 0.000309023 5.79419e-05 3.86279e-05 0
 0 0.00173294 0.00326652 0 0.00397197 0.00683976 0.00946217 0.0152591 0.00757587 0.0136028 0.0228656 0.0392903 0.0559909 0.0764795 0.0681675 0.0726916 0.0566044 0.0477403 0.0527397 0.0444891 0.0609904 0.0582453 0.0661739 0.0445044 0.0529084 0.0360697 0.0280645 0.0235558 0.0158879 0.00826598 0.00280645 0.00217768 0.000904811 0.00058276 9.20147e-05 0
 0 0 0 0 0 0 0 0 0 0 0 0 0 0 0 0 0 0 0 0 0 0 0 0 0 0 0 0 0 0 0 0 0 0 0 0
 0 0 0 0 0 0 0 0 0 0 0 0 0 0 0 0 0 0 0 0 0 0 0 0 0 0 0 0 0 0 0 0 0 0 0 0
 0 0 0 0 0 0 0 0 0 0 0 0 0 0 0 0 0 0 0 0 0 0 0 0 0 0 0 0 0 0 0 0 0 0 0 0
 0 0 0 0 0 0 0 0 0 0 0 0 0 0 0 0 0 0 0 0 0 0 0 0 0 0 0 0 0 0 0 0 0 0 0 0
 0 0 0 0 0 0 0 0 0 0 0 0 0 0 0 0 0 0 0 0 0 0 0 0 0 0 0 0 0 0 0 0 0 0 0 0
ppred_pel_tallas
 1.01313e-16 3.25412e-05 0.00019099 0.00090788 0.00349539 0.0109 0.0275326 0.0563355 0.0933825 0.125411 0.136474 0.120384 0.0861835 0.0503154 0.0244532 0.0108313 0.00590286 0.00548966 0.00702834 0.00938411 0.0120752 0.0147907 0.0172347 0.0191282 0.0202589 0.0205251 0.0199542 0.0186861 0.0169312 0.0149172 0.0128431 0.0108525 0.00902823 0.007404 0.00598277 0.00475384
 1.01528e-16 2.94158e-05 0.000172634 0.000820599 0.0031593 0.00985196 0.0248854 0.0509196 0.0844079 0.113367 0.123389 0.108895 0.0780747 0.0458152 0.0227024 0.0107963 0.00693068 0.00735485 0.00974981 0.0130466 0.0167196 0.0203567 0.0235393 0.0258757 0.0270785 0.0270301 0.0258058 0.0236465 0.0208917 0.0178964 0.0149601 0.0122852 0.00997042 0.00803099 0.00643088 0.00511413
 1.02842e-16 2.18395e-05 0.000128145 0.000609068 0.00234482 0.007312 0.0184698 0.0377936 0.0626546 0.0841662 0.0916494 0.0809839 0.0582821 0.0346421 0.0179879 0.0099297 0.00819996 0.010078 0.0138592 0.0186959 0.0240586 0.0294237 0.0342155 0.0378802 0.0400004 0.0403857 0.0391082 0.0364675 0.0329021 0.0288793 0.0248005 0.0209464 0.017468 0.0144124 0.0117634 0.00947971
 1.03865e-16 2.55581e-05 0.000149988 0.000712941 0.0027448 0.00855936 0.0216204 0.044239 0.0733342 0.0984956 0.107208 0.0946267 0.0678705 0.0398804 0.0198634 0.00962375 0.00642948 0.00704507 0.0094811 0.0128338 0.0166668 0.0206334 0.0243672 0.0275064 0.0297597 0.0309622 0.0310999 0.0302923 0.0287452 0.0266901 0.0243345 0.0218344 0.0192923 0.0167723 0.0143202 0.0119788
 1.03551e-16 2.70206e-05 0.000158574 0.000753755 0.00290195 0.0090494 0.0228582 0.0467717 0.0775323 0.104133 0.113342 0.100034 0.0717359 0.0421242 0.0209284 0.0100485 0.00658627 0.00710929 0.00950148 0.0127953 0.0165204 0.0203072 0.0237735 0.026553 0.028365 0.0290733 0.028708 0.0274428 0.0255377 0.0232686 0.0208685 0.0184959 0.016233 0.0141056 0.0121115 0.0102443
 1.04337e-16 2.07196e-05 0.000121572 0.000577822 0.00222452 0.00693685 0.0175222 0.0358547 0.0594405 0.0798493 0.086951 0.0768375 0.0553095 0.0328985 0.0171261 0.00952514 0.00795119 0.00983041 0.0135529 0.0183202 0.0236338 0.0289979 0.033864 0.0377015 0.040106 0.0408856 0.0400946 0.0379988 0.0349924 0.0314945 0.0278612 0.0243369 0.02105 0.0180395 0.0152959 0.0127967
 1.04305e-16 2.63964e-05 0.000154912 0.000736355 0.00283496 0.00884052 0.0223305 0.0456918 0.0757416 0.101726 0.110717 0.0977058 0.07004 0.0410765 0.0203132 0.00959928 0.00609912 0.00646097 0.00862909 0.0116826 0.0151992 0.0188639 0.0223494 0.0253323 0.0275495 0.0288479 0.0292058 0.0287181 0.0275536 0.025904 0.0239395 0.0217874 0.0195319 0.0172283 0.0149218 0.0126603
 1.03644e-16 2.63785e-05 0.000154802 0.000735824 0.0028329 0.00883408 0.0223143 0.045659 0.0756885 0.101659 0.110654 0.0976751 0.0700719 0.0412032 0.0205748 0.0100515 0.00681321 0.00751542 0.0100918 0.0135874 0.0175213 0.0215012 0.025118 0.0279808 0.0297934 0.0304173 0.0298952 0.0284249 0.0262963 0.0238147 0.0212355 0.0187295 0.0163809 0.0142092 0.012201 0.0103374
 1.0295e-16 2.80899e-05 0.000164852 0.000783606 0.00301688 0.00940782 0.0237635 0.048624 0.0806023 0.108255 0.117824 0.10398 0.0745427 0.043727 0.02164 0.0102485 0.00653034 0.00690949 0.0091826 0.0123468 0.015924 0.0195481 0.0228446 0.0254558 0.0271084 0.027671 0.0271766 0.0258002 0.023803 0.0214638 0.0190207 0.0166381 0.0144041 0.012348 0.0104671 0.00874966
 1.03295e-16 2.38182e-05 0.000139766 0.000664327 0.0025576 0.00797555 0.0201458 0.0412225 0.0683367 0.0917919 0.0999342 0.0882594 0.0634197 0.0374983 0.0191084 0.00997057 0.00757597 0.00893154 0.0121751 0.0164126 0.0211369 0.0258836 0.0301518 0.0334611 0.035449 0.0359489 0.0350205 0.032918 0.0300133 0.0267005 0.0233142 0.0200842 0.0171296 0.0144831 0.0121283 0.0100334
 1.05467e-16 1.71991e-05 0.000100901 0.000479549 0.00184614 0.00575687 0.0145417 0.0297565 0.0493333 0.0662792 0.0721935 0.0638431 0.0460574 0.0276 0.0147452 0.0088057 0.0080447 0.0103634 0.0144454 0.0196187 0.0254233 0.031365 0.0368794 0.0414084 0.0445116 0.0459556 0.0457508 0.0441206 0.0414226 0.0380483 0.0343402 0.0305456 0.0268128 0.0232167 0.0197947 0.016576
 1.08557e-16 1.55552e-05 9.12566e-05 0.000433712 0.00166968 0.00520661 0.0131517 0.0269119 0.0446165 0.05994 0.0652827 0.0577176 0.0416082 0.0248743 0.0131839 0.00771807 0.00690541 0.00885682 0.0124066 0.0169915 0.0222594 0.0278399 0.0332976 0.0381837 0.042117 0.0448522 0.0463097 0.0465579 0.0457612 0.0441168 0.0418038 0.038961 0.0356928 0.0320909 0.0282575 0.0243165
 1.0877e-16 2.06479e-05 0.000121163 0.000575907 0.00221719 0.00691403 0.0174644 0.0357354 0.0592393 0.0795683 0.0866165 0.0764746 0.0549018 0.0323633 0.0163136 0.00823345 0.00594336 0.00685878 0.00939901 0.0128527 0.0168745 0.0211774 0.0254447 0.0293523 0.0326247 0.0350819 0.0366595 0.0373929 0.0373781 0.0367251 0.0355238 0.0338326 0.0316893 0.0291331 0.0262273 0.0230693
 1.07185e-16 2.14281e-05 0.000125738 0.000597647 0.00230088 0.00717499 0.0181236 0.0370847 0.0614771 0.0825777 0.0899021 0.0793981 0.0570498 0.0337276 0.0171806 0.0089592 0.00681179 0.00805614 0.0110341 0.0149663 0.0194285 0.0240392 0.0283825 0.0320521 0.0347301 0.0362511 0.0366253 0.0360121 0.0346573 0.0328174 0.0306993 0.0284317 0.0260705 0.0236262 0.0210996 0.0185077
 1.04665e-16 2.64528e-05 0.000155242 0.000737921 0.00284099 0.00885931 0.022378 0.0457891 0.0759032 0.101944 0.110957 0.0979243 0.070211 0.0412055 0.0204294 0.00973995 0.00629789 0.00674394 0.00901232 0.0121679 0.0157688 0.0194766 0.0229412 0.0258238 0.027859 0.0289083 0.0289807 0.0282124 0.0268163 0.0250198 0.0230144 0.020929 0.0188314 0.0167474 0.0146861 0.0126608
 1.03405e-16 2.61464e-05 0.000153439 0.000729338 0.00280792 0.00875619 0.0221176 0.0452566 0.0750219 0.100765 0.109685 0.0968276 0.0694821 0.0408931 0.0204878 0.0101209 0.00700306 0.00782282 0.0105309 0.0141726 0.0182555 0.0223681 0.0260787 0.0289762 0.0307505 0.0312602 0.030557 0.0288584 0.0264804 0.0237553 0.0209623 0.0182887 0.015827 0.0135969 0.0115795 0.00974599
 1.03762e-16 2.31746e-05 0.000135988 0.000646368 0.00248845 0.00775992 0.0196011 0.0401081 0.0664893 0.0893108 0.0972339 0.0858767 0.0617124 0.0364987 0.0186178 0.00974664 0.00744801 0.00881446 0.0120395 0.0162586 0.0209834 0.0257649 0.030116 0.0335654 0.0357522 0.036501 0.035853 0.0340361 0.031393 0.0282902 0.0250423 0.0218685 0.0188883 0.0161445 0.0136371 0.0113541
 1.02987e-16 2.99052e-05 0.000175514 0.000834304 0.0032121 0.0100166 0.0253012 0.0517698 0.0858152 0.11525 0.125423 0.110651 0.079248 0.0463319 0.022641 0.0102418 0.00589036 0.00576139 0.00750968 0.0100953 0.0130685 0.0161259 0.0189695 0.0213124 0.0229294 0.0237012 0.023633 0.0228385 0.0214993 0.0198135 0.0179531 0.0160413 0.0141507 0.0123171 0.0105583 0.00888976
 1.01974e-16 3.08988e-05 0.000181345 0.000862018 0.0033188 0.0103493 0.0261417 0.0534897 0.0886666 0.119081 0.129596 0.114342 0.0819114 0.0479291 0.0234945 0.0107476 0.00633896 0.00631305 0.00823487 0.0110071 0.0141311 0.0172526 0.0200233 0.0221178 0.0232954 0.0234528 0.0226443 0.0210582 0.0189627 0.0166382 0.0143201 0.012166 0.0102518 0.0085893 0.00715342 0.00590714
 1.01819e-16 2.92693e-05 0.000171775 0.000816514 0.00314358 0.00980292 0.0247615 0.0506661 0.0839874 0.112801 0.122772 0.108347 0.077673 0.0455625 0.022546 0.0106709 0.00678485 0.00715585 0.00947933 0.0126985 0.0163013 0.0198917 0.0230676 0.0254503 0.0267591 0.0268727 0.025853 0.0239194 0.0213858 0.0185831 0.0157923 0.0132053 0.0109196 0.00895649 0.00729116 0.0058812
 1.02337e-16 2.66766e-05 0.000156551 0.000744131 0.00286488 0.00893379 0.0225662 0.0461746 0.0765437 0.102809 0.11191 0.0987922 0.0708927 0.0417248 0.0209071 0.0103317 0.00715228 0.00798877 0.0107479 0.0144516 0.0185919 0.0227417 0.0264529 0.0292982 0.0309558 0.031279 0.0303234 0.0283193 0.0256036 0.0225346 0.0194194 0.0164716 0.013805 0.0114539 0.00940497 0.00762684
 1.0251e-16 2.89122e-05 0.000169681 0.000806564 0.00310528 0.00968349 0.0244598 0.0500486 0.0829632 0.111424 0.121269 0.107009 0.0766905 0.0449392 0.0221512 0.0103422 0.00639298 0.0066165 0.00874375 0.0117491 0.0151563 0.0186121 0.0217591 0.0242553 0.0258383 0.0263793 0.0259051 0.0245781 0.0226441 0.0203678 0.0179781 0.0156368 0.0134348 0.0114084 0.00956239 0.0078916
 1.02574e-16 2.72881e-05 0.000160142 0.000761208 0.00293063 0.00913885 0.0230841 0.0472342 0.0782996 0.105165 0.11447 0.101041 0.0724808 0.0426082 0.0212547 0.0103463 0.00696212 0.00763761 0.0102303 0.0137472 0.0176863 0.0216385 0.0251782 0.0279015 0.0295049 0.0298512 0.0289951 0.0271556 0.0246512 0.0218186 0.0189433 0.0162208 0.0137513 0.0115606 0.00963135 0.007932
 1.02767e-16 2.71426e-05 0.000159288 0.000757151 0.00291502 0.00909015 0.0229611 0.0469824 0.077882 0.104604 0.113857 0.100495 0.0720801 0.042354 0.0210937 0.0102125 0.00680319 0.00741985 0.00993496 0.0133688 0.0172346 0.0211406 0.0246796 0.0274615 0.0291885 0.0297182 0.0290881 0.0274917 0.0252182 0.0225771 0.0198345 0.0171764 0.0147048 0.0124555 0.0104272 0.00860585
 1.05066e-16 1.45537e-05 8.53631e-05 0.000405662 0.00156163 0.00486962 0.0123007 0.0251718 0.0417365 0.0560856 0.0611235 0.0541324 0.0392236 0.0238483 0.0133658 0.00894736 0.00918411 0.0123419 0.0173078 0.0234543 0.0302635 0.0371279 0.043348 0.0482424 0.0512905 0.0522437 0.0511693 0.0484076 0.044465 0.0398824 0.0351227 0.0305073 0.0262098 0.0222886 0.0187381 0.0155328
 1.0662e-16 2.29713e-05 0.000134806 0.000640773 0.00246695 0.00769291 0.0194317 0.0397605 0.0659098 0.0885224 0.0963491 0.0850327 0.0609699 0.0357875 0.0177574 0.00849934 0.00556133 0.00604786 0.00819671 0.0112372 0.0148335 0.0187378 0.0226798 0.026373 0.0295571 0.0320388 0.0337128 0.0345566 0.0346074 0.0339329 0.0326089 0.0307116 0.0283226 0.025539 0.0224802 0.0192862
 1.03737e-16 3.07013e-05 0.000180189 0.000856534 0.00329769 0.0102835 0.0259754 0.0531493 0.0881012 0.118318 0.128757 0.113579 0.0813184 0.0474877 0.0231031 0.0102759 0.00566443 0.00533238 0.00686814 0.00920884 0.0119085 0.0146828 0.0172613 0.0193886 0.0208688 0.0216055 0.0216162 0.0210144 0.0199693 0.0186563 0.0172176 0.0157423 0.014269 0.0128025 0.0113367 0.0098719
pSPR Fmed_Fpbrs
0.442726   0.6 0.325
Fs Fmed_Fpbrs
0.64   0.344502 1.05069
SSBpbr Bo_Bmed_Bpbrs
2.31676e+06  909851  1.27422e+06 637108
Ro
56387.3
SPR SPRFo_SPRFmed_SPRFpbrs
1.16464e+06 515616 378507
log_Ro
10.76
likeval ReclasPelacesDesembMPH_pf_preclas_ppelaces_ptallas_desvR_qrecl_qpela
 96.0244 39.4071 0.0522682 51.6405 344.502 228.445 57.5614 0 22.8865 6.81501e-05 1.01321e-05 9.75439e-16 0 0 0
q_reclas_q_pelaces
0.310425 1.5728
M
0.7
N
 65792.6 16653.1 6175.69 726.07 0.370341
 80211.9 30312.5 5634.81 2089.63 245.801
 48983.1 37673.3 11317.3 2103.78 871.944
 66227.2 22500.6 12553.7 3771.23 991.59
 100675 32399.7 10350.7 5774.94 2190.98
 73047.9 49826.4 15815.5 5052.55 3888.47
 114267 34936.6 20413.2 6479.41 3663.02
 133584 55350.8 15277.3 8926.42 4435.14
 178950 63114.7 21304.2 5880.14 5142.78
 158046 84488.6 24203.5 8169.84 4227.12
 78561.6 75670.3 34805.2 9970.7 5106.95
 43744.1 36262.9 25848.9 11889.4 5150.51
 38925.8 20365.7 12943.6 9226.43 6082.19
 21197.1 17517.3 6109.3 3882.82 4592.28
 16401 8844.96 3569.55 1244.91 1726.99
 14101.7 6870.15 1838.33 741.89 617.675
 10332.2 6463.76 2264.25 605.872 448.083
 17072.7 4729.06 2114.55 740.724 344.789
 27221.9 7939.46 1678.23 750.403 385.223
 37356.7 12885.6 3085.14 652.134 441.286
 45028.9 17842.5 5242.71 1255.24 444.875
 74046.4 21957.6 8072.51 2371.97 769.187
 94938.6 35907.1 9655.28 3549.67 1381.24
 125840 45947 15629.7 4202.76 2146.33
 51241.1 60865 19937.2 6781.97 2754.97
 82060.7 24844.2 26741.9 8759.68 4190.19
 178694 39716.6 10817.1 11643.3 5638.32
pred_Ctot
 3431.29 3900.75 1446.56 170.071 0.086747
 3136.48 5499.19 1022.25 379.093 44.5924
 2653.06 9118.88 2739.38 509.224 211.056
 707.022 1196.86 667.761 200.6 52.7449
 242.306 396.742 126.747 70.7156 26.8292
 1941.74 6340.43 2012.53 642.939 494.809
 2019.28 3022.42 1765.98 560.544 316.894
 4678.15 9085.42 2507.65 1465.2 727.995
 6355.14 10492.7 3541.8 977.565 854.981
 4082.68 10467.7 2998.69 1012.2 523.718
 3998.87 17352.9 7981.64 2286.51 1171.14
 1972.58 7474.24 5327.77 2450.56 1061.58
 2640.12 5968.06 3793.06 2703.76 1782.36
 2459.28 7810.15 2723.85 1731.17 2047.48
 1863.71 3884.63 1567.72 546.752 758.48
 784.128 1701.13 455.19 183.7 152.943
 584.564 1624.56 569.082 152.276 112.618
 782.986 989.432 442.413 154.977 72.1381
 918.372 1259.46 266.224 119.039 61.1092
 1028.07 1693.6 405.492 85.7124 57.9998
 584.381 1147.07 337.047 80.6978 28.6005
 1251.91 1820.9 669.439 196.703 63.7873
 1737.66 3212.25 863.761 317.554 123.566
 2357.5 4202.68 1429.61 384.417 196.32
 872.105 5079.56 1663.88 565.998 229.92
 1498.98 2218.36 2387.81 782.16 374.146
 4084.07 4386.24 1194.62 1285.87 622.686
F
 0.0749454 0.383633 0.383633 0.383633 0.383633
 0.0557211 0.285227 0.285227 0.285227 0.285227
 0.0779346 0.398934 0.398934 0.398934 0.398934
 0.0149429 0.07649 0.07649 0.07649 0.07649
 0.00335165 0.0171565 0.0171565 0.0171565 0.0171565
 0.0375792 0.192361 0.192361 0.192361 0.192361
 0.0248433 0.127169 0.127169 0.127169 0.127169
 0.0497745 0.254787 0.254787 0.254787 0.254787
 0.0504912 0.258456 0.258456 0.258456 0.258456
 0.0365022 0.186848 0.186848 0.186848 0.186848
 0.0730868 0.374119 0.374119 0.374119 0.374119
 0.064506 0.330195 0.330195 0.330195 0.330195
 0.0984678 0.50404 0.50404 0.50404 0.50404
 0.174015 0.890751 0.890751 0.890751 0.890751
 0.170155 0.870993 0.870993 0.870993 0.870993
 0.0800851 0.409942 0.409942 0.409942 0.409942
 0.0815364 0.417371 0.417371 0.417371 0.417371
 0.0656373 0.335986 0.335986 0.335986 0.335986
 0.0479106 0.245246 0.245246 0.245246 0.245246
 0.0389291 0.199271 0.199271 0.199271 0.199271
 0.0181913 0.0931182 0.0931182 0.0931182 0.0931182
 0.0237572 0.121609 0.121609 0.121609 0.121609
 0.025741 0.131764 0.131764 0.131764 0.131764
 0.0263544 0.134904 0.134904 0.134904 0.134904
 0.0239169 0.122426 0.122426 0.122426 0.122426
 0.0256895 0.1315 0.1315 0.1315 0.1315
 0.0322349 0.165005 0.165005 0.165005 0.165005
Np
 41939.1 19470.8 30233.1 5884.16 2166.48
YTP_r0W_actual
 68854 183389 72608.2 99808.3 53635.9
YTP_p0W_proyectada
 16159.9 396739 112249 39042.1 66271.2
 16159.9 89905.1 202936 50440 20609.2
CTP_r0_actual
 8396.83 8490.22 2312.36 2488.99 1205.3
CTP_p0_proyectada
 1970.72 18367.5 3574.8 973.619 1489.24
 1970.72 4162.27 6462.93 1257.86 463.129
Wmedp
 8.2 21.6 31.4 40.1 44.5
nmprior
 10.8 10.6 4.6 0
nm_flota  nm_reclas  nm_pelaces    nm_pelaL
inf 10.5567 14.4902 42.2185
cv_recla  cv_pelaces  cv_mph
0.707196 0.343833 0.576173
 ------------------------------------------------
Talla a la edad & desviaci?n 
 7.2 14.2025 17.0495 18.207 18.6776
 1.08 2.13037 2.55742 2.73105 2.80164
