years
 1997 1998 1999 2000 2001 2002 2003 2004 2005 2006 2007 2008 2009 2010 2011 2012 2013 2014 2015 2016 2017 2018 2019 2020 2021 2022 2023
reclasobs
 0 0 0 370054 412103 1.49427e+06 250295 1.28982e+06 931140 785840 897777 1.04006e+06 184774 17550 25797 100020 73551 82996 120727 218422 84188 347160 605670 569463 516374 1.08416e+06 1.01767e+06
reclaspred
 677151 169367 447859 261860 357918 420722 836068 608092 758396 846815 762186 536668 319435 122414 77303.9 74387.7 63422.7 75417.3 103755 163976 243415 253234 458333 550321 702115 631275 585463
pelacesobs
 0 0 0 0 0 0 0 0 0 2.06254e+06 1.5e+06 0 1.87456e+06 323000 250000 174000 83755 137374 0 501740 490994 745055 786931 1.00524e+06 1.33801e+06 1.41789e+06 0
pelacespred
 2.77856e+06 563425 838011 776784 998309 758122 2.39167e+06 1.84601e+06 2.33705e+06 2.43902e+06 1.74307e+06 1.27934e+06 822714 259195 196050 161857 138597 190920 247852 380165 663474 602592 877565 1.29249e+06 1.41865e+06 1.3872e+06 1.3379e+06
mphobs
 0 0 0 0 0 0 112323 0 153150 637223 0 255016 313432 73983 77613 109348 50772 17779 17303 59886 28197 0 207744 136588 643089 65757 70829
mphpred
 225239 124467 134531 121323 117883 178662 232787 296667 286764 345042 361132 249515 152453 132071 54746.5 50307.8 39488.1 39458.9 24305.4 35078.2 56442.4 70621.7 96651.8 136833 173627 158363 141906
desembarqueobs
 350755 77701 442110 56441 14545 235359 269955 359681 431902 328805 639364 411747 362871 311530 167758 66681 60226 58785 57116 73181 50977 67692 138656 160484 209506 203330 245020
desembarquepred
 350757 77698.4 442083 56444.8 14545.3 235510 270037 359571 431861 328817 639084 411622 363047 312136 167556 66702.8 60295.2 58735.8 57063 73177.6 50983 67660.4 138678 160497 209502 203314 244989
Reclutas
 38044.4 46536.1 20178.6 25502.1 45477.6 29063.4 65473.9 71538.4 103154 112028 65391.5 48778.5 48425.2 26244 16677.9 9960.38 5909.22 9617.56 14829.6 16869 21655.4 36824.9 44696.2 63625.6 24561.1 38152.8 67191.2
log_desv_Rt
 0.14651 0.347984 -0.487622 -0.253485 0.324976 -0.122764 0.689407 0.777989 1.14398 1.2265 0.688148 0.395045 0.387777 -0.224808 -0.678162 -1.19363 -1.71573 -1.22865 -0.795621 -0.666766 -0.416988 0.113929 0.307644 0.660771 -0.291082 0.149356 0.715297
SSB
 500220 276421 298771 269440 261801 396780 500739 649680 619498 748821 802017 554134 352129 181057 79565.1 72587.6 61313.2 57888 80507.2 122803 184672 224680 317058 426406 598624 565967 473407
BT
 1.64646e+06 412407 648536 444453 504855 562441 1.36853e+06 1.30506e+06 1.54512e+06 1.51468e+06 1.42439e+06 1.00411e+06 752523 412533 230731 134128 117638 141417 168250 242678 368943 360271 525010 768987 861195 862875 864783
Ftot
 0.662062 0.602614 1.04046 0.261931 0.0545428 0.58747 0.44192 0.767163 0.793064 0.499081 0.922916 0.873169 1.38236 2.61919 2.71514 0.990918 1.0797 1.07455 0.712827 0.543925 0.258883 0.327365 0.339722 0.361206 0.314457 0.372066 0.523487
BD_Bspro_t
 0.921497 0.665266 0.582676 0.380781 0.500254 0.658776 0.574322 0.603588 0.55361 0.550024 0.532882 0.372498 0.276559 0.181904 0.0997587 0.110288 0.129178 0.167609 0.266068 0.413047 0.53908 0.648291 0.689041 0.687611 0.699014 0.622719 0.579589
BD_Bspro
 0.737037 0.407286 0.440217 0.397 0.385744 0.584626 0.737801 0.957256 0.912784 1.10333 1.18171 0.816475 0.518836 0.266774 0.117233 0.106953 0.0903404 0.0852936 0.118621 0.180941 0.2721 0.331049 0.467162 0.628277 0.882029 0.833911 0.69753
BD_Bo
 0.569606 0.314764 0.340214 0.306815 0.298115 0.451818 0.570197 0.739799 0.70543 0.852692 0.913266 0.630998 0.400973 0.206172 0.0906017 0.0826564 0.069818 0.0659177 0.0916745 0.139837 0.210288 0.255846 0.361038 0.485553 0.68166 0.644474 0.539074
BD_Brms
 1.03565 0.572298 0.618572 0.557845 0.542028 0.821487 1.03672 1.34509 1.2826 1.55035 1.66048 1.14727 0.729043 0.374858 0.16473 0.150284 0.126942 0.11985 0.166681 0.254249 0.382341 0.465174 0.656433 0.882824 1.23938 1.17177 0.980135
S_f
 0.13752 1 1 1 1
 0.13752 1 1 1 1
 0.13752 1 1 1 1
 0.13752 1 1 1 1
 0.13752 1 1 1 1
 0.13752 1 1 1 1
 0.13752 1 1 1 1
 0.13752 1 1 1 1
 0.13752 1 1 1 1
 0.13752 1 1 1 1
 0.13752 1 1 1 1
 0.13752 1 1 1 1
 0.13752 1 1 1 1
 0.13752 1 1 1 1
 0.13752 1 1 1 1
 0.13752 1 1 1 1
 0.13752 1 1 1 1
 0.13752 1 1 1 1
 0.13752 1 1 1 1
 0.13752 1 1 1 1
 0.13752 1 1 1 1
 0.13752 1 1 1 1
 0.13752 1 1 1 1
 0.13752 1 1 1 1
 0.13752 1 1 1 1
 0.13752 1 1 1 1
 0.13752 1 1 1 1
Scru_reclas
 0.431245 0.792353 0.950505 0.989759 0.997948
 0.431245 0.792353 0.950505 0.989759 0.997948
 0.431245 0.792353 0.950505 0.989759 0.997948
 0.431245 0.792353 0.950505 0.989759 0.997948
 0.431245 0.792353 0.950505 0.989759 0.997948
 0.431245 0.792353 0.950505 0.989759 0.997948
 0.431245 0.792353 0.950505 0.989759 0.997948
 0.431245 0.792353 0.950505 0.989759 0.997948
 0.431245 0.792353 0.950505 0.989759 0.997948
 0.431245 0.792353 0.950505 0.989759 0.997948
 0.431245 0.792353 0.950505 0.989759 0.997948
 0.431245 0.792353 0.950505 0.989759 0.997948
 0.431245 0.792353 0.950505 0.989759 0.997948
 0.431245 0.792353 0.950505 0.989759 0.997948
 0.431245 0.792353 0.950505 0.989759 0.997948
 0.431245 0.792353 0.950505 0.989759 0.997948
 0.431245 0.792353 0.950505 0.989759 0.997948
 0.431245 0.792353 0.950505 0.989759 0.997948
 0.431245 0.792353 0.950505 0.989759 0.997948
 0.431245 0.792353 0.950505 0.989759 0.997948
 0.431245 0.792353 0.950505 0.989759 0.997948
 0.431245 0.792353 0.950505 0.989759 0.997948
 0.431245 0.792353 0.950505 0.989759 0.997948
 0.431245 0.792353 0.950505 0.989759 0.997948
 0.431245 0.792353 0.950505 0.989759 0.997948
 0.431245 0.792353 0.950505 0.989759 0.997948
 0.431245 0.792353 0.950505 0.989759 0.997948
Scru_pelaces
 1 1 1 1 1
 1 1 1 1 1
 1 1 1 1 1
 1 1 1 1 1
 1 1 1 1 1
 1 1 1 1 1
 1 1 1 1 1
 1 1 1 1 1
 1 1 1 1 1
 1 1 1 1 1
 1 1 1 1 1
 1 1 1 1 1
 1 1 1 1 1
 1 1 1 1 1
 1 1 1 1 1
 1 1 1 1 1
 1 1 1 1 1
 1 1 1 1 1
 1 1 1 1 1
 1 1 1 1 1
 1 1 1 1 1
 1 1 1 1 1
 1 1 1 1 1
 1 1 1 1 1
 1 1 1 1 1
 1 1 1 1 1
 1 1 1 1 1
pf_obs 
 0.256992 0.487395 0.22802 0.0275931 0
 0.321318 0.546541 0.124235 0.00734118 0.000564706
 0.182869 0.594174 0.210203 0.0122559 0.00049798
 0.330522 0.361315 0.267642 0.0388342 0.00168674
 0.649043 0.306663 0.0425973 0.00169635 0
 0.582887 0.30429 0.105238 0.00758474 0
 0.465427 0.430635 0.0974691 0.00646863 0
 0.296916 0.608066 0.0921331 0.00288517 0
 0.311714 0.524322 0.152257 0.0117073 0
 0.15457 0.633149 0.183074 0.0267441 0.00246327
 0.131901 0.49318 0.331252 0.0422183 0.00144891
 0.196976 0.569456 0.194076 0.0375587 0.00193317
 0.518974 0.381816 0.0799577 0.0180837 0.00116848
 0.0928022 0.601141 0.25162 0.0475244 0.00691264
 0.122501 0.610282 0.24278 0.0234846 0.000952079
 0.383417 0.481906 0.127806 0.00687128 0
 0.0376549 0.599619 0.316969 0.0457579 0
 0.0361596 0.667082 0.258105 0.0386534 0
 0.158088 0.579412 0.248529 0.0139706 0
 0.0477256 0.309471 0.559284 0.082774 0.000745712
 0.0406174 0.521527 0.379366 0.0568643 0.0016247
 0.151134 0.462217 0.34131 0.0453401 0
 0.294876 0.26143 0.354403 0.0886775 0.000613685
 0.281977 0.475581 0.204845 0.0348837 0.00271318
 0.0841818 0.532909 0.334909 0.0458182 0.00218182
 0.115287 0.27431 0.454777 0.147771 0.00785563
 0 0 0 0 0
pf_pred 
 0.288323 0.499902 0.189146 0.0226196 9.40041e-06
 0.270289 0.587224 0.100087 0.0378696 0.00453063
 0.127434 0.684961 0.150973 0.0257319 0.0109009
 0.223362 0.501898 0.21567 0.047536 0.0115344
 0.268988 0.514653 0.139821 0.0600823 0.0164561
 0.138934 0.631278 0.161778 0.0439517 0.0240593
 0.327146 0.411833 0.191363 0.0490407 0.0206166
 0.255489 0.606817 0.084278 0.0391609 0.0142548
 0.31557 0.538598 0.118861 0.016508 0.0104628
 0.251028 0.624812 0.0977056 0.0215622 0.00489271
 0.152889 0.641961 0.171142 0.0267625 0.00724624
 0.177404 0.558505 0.200135 0.0533542 0.0106024
 0.257681 0.527706 0.145712 0.0522145 0.0166861
 0.244706 0.635014 0.0855056 0.0236101 0.0111641
 0.333008 0.609608 0.0482454 0.00649631 0.00264198
 0.241961 0.716925 0.0375767 0.00297388 0.000563291
 0.177678 0.653942 0.159247 0.00834672 0.000785693
 0.356151 0.472745 0.136069 0.0331353 0.00190023
 0.358056 0.562227 0.0585317 0.0168471 0.00433784
 0.2651 0.6273 0.0942377 0.00981079 0.00355091
 0.246377 0.58418 0.144634 0.0217279 0.00308074
 0.286596 0.520582 0.149469 0.037006 0.00634756
 0.235801 0.591854 0.125762 0.0361088 0.0104734
 0.255159 0.541014 0.15786 0.0335435 0.0124244
 0.0863061 0.684076 0.166783 0.0486647 0.0141709
 0.186442 0.362134 0.337978 0.0824014 0.0310449
 0.292593 0.471924 0.104819 0.0978272 0.0328369
pobs_RECLAS
 0 0 0 0 0
 0 0 0 0 0
 0 0 0 0 0
 0 0 0 0 0
 0.835266 0.146461 0.0176864 0.000547809 3.91292e-05
 0.385257 0.428462 0.181853 0.0044286 0
 0.867414 0.0963971 0.0333333 0.00285562 0
 0.441836 0.489002 0.0689373 0.000224442 0
 0.779404 0.147425 0.0564933 0.0165055 0.000172143
 0.814271 0.122319 0.05973 0.00367925 0
 0.40263 0.566651 0.0304383 0.000280538 0
 0.475488 0.404961 0.113038 0.00651328 0
 0.955842 0.0263864 0.0167828 0.000988607 0
 0.975058 0.0227948 0.00214734 0 0
 0.738997 0.206755 0.0527124 0.00153531 0
 0.850938 0.134255 0.0134407 0.00136685 0
 0.542534 0.407297 0.0501686 0 0
 0.764087 0.199537 0.0359546 0.000420521 0
 0.470689 0.182191 0.310203 0.0369168 0
 0.84361 0.089868 0.0606195 0.00523954 0.000663233
 0.607945 0.314616 0.071237 0.00620181 0
 0.523733 0.453247 0.0230204 0 0
 0.530135 0.295979 0.169645 0.0042399 0
 0.562478 0.366248 0.0663022 0.0049721 0
 0.250443 0.683176 0.0655157 0.000865301 0
 0.195077 0.31981 0.436473 0.0351445 0.0134964
 0.565238 0.351407 0.0832357 0.000118908 0
ppred_RECLAS
 0.613757 0.255717 0.116067 0.0144534 6.05635e-06
 0.59526 0.312605 0.0639152 0.0251821 0.00303766
 0.377873 0.467282 0.123551 0.0219278 0.00936623
 0.518337 0.289681 0.149324 0.0342719 0.00838473
 0.578406 0.278831 0.0908727 0.0406615 0.011229
 0.386623 0.42525 0.130731 0.0369837 0.0204125
 0.646724 0.199681 0.111304 0.0297018 0.0125899
 0.581149 0.328046 0.0546546 0.0264448 0.00970569
 0.650644 0.263171 0.0696702 0.0100758 0.0064389
 0.570262 0.346407 0.0649819 0.0149328 0.00341646
 0.423958 0.415587 0.132906 0.0216416 0.00590819
 0.462317 0.341798 0.146926 0.040787 0.00817213
 0.598377 0.268705 0.0890051 0.0332113 0.0107011
 0.643727 0.289626 0.0467825 0.0134512 0.0064131
 0.743012 0.23075 0.0219069 0.00307162 0.00125953
 0.57692 0.395755 0.0248832 0.00205063 0.000391628
 0.475455 0.400544 0.117008 0.00638612 0.000606112
 0.695812 0.211551 0.0730438 0.0185221 0.00107098
 0.694477 0.260678 0.0325551 0.00975725 0.00253312
 0.590269 0.339497 0.0611815 0.00663247 0.00242041
 0.556682 0.328359 0.0975227 0.0152556 0.00218095
 0.605581 0.272279 0.0937803 0.0241774 0.0041814
 0.543462 0.337328 0.0859852 0.0257075 0.00751819
 0.567416 0.297024 0.103966 0.0230039 0.00859109
 0.265677 0.52175 0.152596 0.0463641 0.0136127
 0.453833 0.217442 0.243443 0.0618043 0.0234775
 0.612164 0.240441 0.0640638 0.0622598 0.0210711
pobs_PELACES
 0 0 0 0 0
 0 0 0 0 0
 0 0 0 0 0
 0 0 0 0 0
 0 0 0 0 0
 0 0 0 0 0
 0 0 0 0 0
 0 0 0 0 0
 0 0 0 0 0
 0 0 0 0 0
 0.450072 0.473896 0.0757376 0.000293798 0
 0 0 0 0 0
 0.463077 0.371075 0.160297 0.00555027 0
 0.529543 0.364841 0.0842815 0.0213345 0
 0.631943 0.363953 0.00410389 0 0
 0.735681 0.248677 0.0153453 0.000297389 0
 0.695825 0.281241 0.0229344 0 0
 0.275771 0.60734 0.115278 0.00161068 0
 0 0 0 0 0
 0.896147 0.0623911 0.0374545 0.00400742 0
 0.803859 0.145111 0.0509908 3.86294e-05 0
 0.739449 0.233085 0.0266225 0.000797448 4.60066e-05
 0.878498 0.100942 0.0204185 0.000141795 0
 0.694673 0.275183 0.0284847 0.00165964 0
 0.469039 0.446079 0.0841089 0.000773354 0
 0.822795 0.102175 0.0682046 0.00682512 0
 0 0 0 0 0
ppred_PELACES
 0.789029 0.148192 0.0560709 0.00670542 2.78668e-06
 0.769708 0.185324 0.0315867 0.0119514 0.00142984
 0.610643 0.305644 0.0673672 0.0114821 0.00486421
 0.695963 0.196482 0.0844301 0.0186093 0.00451546
 0.731567 0.188984 0.0513432 0.0220626 0.00604279
 0.59143 0.299537 0.0767623 0.0208548 0.011416
 0.805088 0.1193 0.0554342 0.0142061 0.00597223
 0.767462 0.189531 0.0263231 0.0122314 0.00445229
 0.817514 0.143604 0.0316912 0.00440145 0.00278965
 0.744142 0.213443 0.0333775 0.00736591 0.00167141
 0.648773 0.266168 0.0709583 0.0110962 0.00300442
 0.683884 0.214628 0.0769098 0.0205035 0.0040744
 0.811707 0.133855 0.0369605 0.0132444 0.0042325
 0.878577 0.102086 0.0137461 0.00379561 0.00179477
 0.921328 0.0719036 0.00569057 0.000766243 0.000311623
 0.770566 0.21699 0.0113733 0.000900097 0.00017049
 0.702237 0.236793 0.0576634 0.00302235 0.0002845
 0.857646 0.104523 0.0300847 0.00732616 0.000420137
 0.840036 0.1401 0.0145854 0.00419808 0.00108094
 0.760959 0.204042 0.0306527 0.00319115 0.001155
 0.722164 0.215368 0.0533217 0.00801038 0.00113577
 0.765983 0.170766 0.0490301 0.012139 0.00208218
 0.716336 0.219691 0.0466819 0.0134033 0.00388763
 0.738597 0.189869 0.055401 0.0117721 0.00436036
 0.433767 0.423935 0.103358 0.0301584 0.00878197
 0.654895 0.153614 0.143368 0.0349541 0.013169
 0.783649 0.144331 0.0320575 0.0299191 0.0100427
pobs_pel_tallas
 0 0 0 0 0 0 0 0 0 0 0 0 0 0 0 0 0 0 0 0 0 0 0 0 0 0 0 0 0 0 0 0 0 0 0 0
 0 0 0 0 0 0 0 0 0 0 0 0 0 0 0 0 0 0 0 0 0 0 0 0 0 0 0 0 0 0 0 0 0 0 0 0
 0 0 0 0 0 0 0 0 0 0 0 0 0 0 0 0 0 0 0 0 0 0 0 0 0 0 0 0 0 0 0 0 0 0 0 0
 0 0 0 0 0 0 0 0 0 0 0 0 0 0 0 0 0 0 0 0 0 0 0 0 0 0 0 0 0 0 0 0 0 0 0 0
 0 0 0 0 0 0 0 0 0 0 0 0 0 0 0 0 0 0 0 0 0 0 0 0 0 0 0 0 0 0 0 0 0 0 0 0
 0 0 0 0 0 0 0 0 0 0 0 0 0 0 0 0 0 0 0 0 0 0 0 0 0 0 0 0 0 0 0 0 0 0 0 0
 0 0 0 0 0 0 0 0 0 0 0 0 0 0 0 0 0 0 0 0 0 0 0 0 0 0 0 0 0 0 0 0 0 0 0 0
 0 0 0 0 0 0 0 0 0 0 0 0 0 0 0 0 0 0 0 0 0 0 0 0 0 0 0 0 0 0 0 0 0 0 0 0
 0 0 0 0 0 0 0 0 0 0 0 0 0 0 0 0 0 0 0 0 0 0 0 0 0 0 0 0 0 0 0 0 0 0 0 0
 0 0 0 0 0 0 0 0 0 0 0 0 0 0 0 0 0 0 0 0 0 0 0 0 0 0 0 0 0 0 0 0 0 0 0 0
 0 0 0 0 0 0 0 0 1.78061e-05 0.00172719 0.00360574 0.0105946 0.0120993 0.0124554 0.0147524 0.0171206 0.0266825 0.0428682 0.0675386 0.121331 0.153587 0.119568 0.100827 0.0573624 0.0630603 0.0341343 0.0324427 0.0444173 0.0211091 0.0280891 0.0125444 0.00206551 0 0 0 0
 0 0 0 0 0 0 0 0 0 0 0 0 0 0 0 0 0 0 0 0 0 0 0 0 0 0 0 0 0 0 0 0 0 0 0 0
 0 0 0 0 0 0 0.0133647 0.0140871 0.0187388 0.0205184 0.03894 0.0496705 0.03968 0.0493445 0.0407372 0.0367815 0.0215668 0.0243155 0.0234873 0.0199281 0.019796 0.0243948 0.0301388 0.0376714 0.0412746 0.0863199 0.0771752 0.113111 0.0741005 0.0525337 0.0229764 0.00759418 0.00175318 0 0 0
 0 0 0 0 0 0 0 0 0 0 0.00219441 0.00772107 0.0458388 0.0604681 0.0671733 0.0775358 0.0609151 0.0617685 0.073594 0.0568108 0.0755445 0.0548602 0.0670107 0.0636378 0.0643287 0.046367 0.0373049 0.0286899 0.0247887 0.0153202 0.00654259 0.00121912 0.000365735 0 0 0
 0 0 0 0 0 0 0 0 0 0 0 0 0.000112435 0.00938835 0.0111873 0.0202946 0.0414886 0.0713402 0.111592 0.104902 0.108894 0.110636 0.117776 0.105296 0.107544 0.0401394 0.0192827 0.0124803 0.00416011 0.0028671 0.000618394 0 0 0 0 0
 0 0 0 0 0 0 0 0 0 0 0.00291406 0.0102884 0.027416 0.0768956 0.0749926 0.110853 0.0956884 0.0897413 0.0766577 0.0534642 0.0500743 0.0551293 0.0594112 0.0620874 0.0668451 0.0424026 0.0208742 0.0120726 0.0048766 0.00582813 0.00118941 0.000297354 0 0 0 0
 0 0.00264628 0.0354308 0.0461629 0.0458689 0.0383711 0.0214643 0.0164657 0.0346957 0.0420465 0.0363128 0.0245516 0.0311673 0.0291091 0.0169068 0.0133784 0.00837989 0.0085269 0.0148486 0.0160247 0.0276389 0.0546898 0.0760071 0.122758 0.109233 0.0665981 0.0333725 0.0166128 0.00676272 0.00308733 0.000882094 0 0 0 0 0
 0 0 0 0 0 0 0 0.000805153 0.000690131 0.00759144 0.0133425 0.0154129 0.00931677 0.000345066 0.00356568 0.00563607 0.00851162 0.0253048 0.0502646 0.0516448 0.0657925 0.0565908 0.0611916 0.0827007 0.0866115 0.110766 0.145733 0.0935128 0.0569358 0.0249597 0.0138026 0.00621118 0.00161031 0.00115022 0 0
 0 0 0 0 0 0 0 0 0 0 0 0 0 0 0 0 0 0 0 0 0 0 0 0 0 0 0 0 0 0 0 0 0 0 0 0
 0.00147267 0.00158595 0.00478618 0.00569244 0.00954404 0.0108468 0.00647125 0.017049 0.0510054 0.094081 0.124002 0.0959785 0.0687766 0.0820023 0.061753 0.0591476 0.0492212 0.0479892 0.0443925 0.0268479 0.0217502 0.0140895 0.0121071 0.0120363 0.00920419 0.00665534 0.0049561 0.00860946 0.00930331 0.0156896 0.0114698 0.00855282 0.00243557 0.00046729 0 2.83206e-05
 0 0 0 0 0.000772559 0.00158375 0.000888443 0.00281984 0.00712685 0.0440552 0.0773331 0.111326 0.0921469 0.0852325 0.0710754 0.0886704 0.0786465 0.0553345 0.0373146 0.0185414 0.00753245 0.00457741 0.012979 0.0271748 0.0457355 0.0583668 0.034881 0.0177882 0.00938659 0.00492506 0.0015258 0.00185414 0.000309023 5.79419e-05 3.86279e-05 0
 0 0.00173294 0.00326652 0 0.00397197 0.00683976 0.00946217 0.0152591 0.00757587 0.0136028 0.0228656 0.0392903 0.0559909 0.0764795 0.0681675 0.0726916 0.0566044 0.0477403 0.0527397 0.0444891 0.0609904 0.0582453 0.0661739 0.0445044 0.0529084 0.0360697 0.0280645 0.0235558 0.0158879 0.00826598 0.00280645 0.00217768 0.000904811 0.00058276 9.20147e-05 0
 0 0 0 0 0 0 0 0 0 0 0 0 0 0 0 0 0 0 0 0 0 0 0 0 0 0 0 0 0 0 0 0 0 0 0 0
 0 0 0 0 0 0 0 0 0 0 0 0 0 0 0 0 0 0 0 0 0 0 0 0 0 0 0 0 0 0 0 0 0 0 0 0
 0 0 0 0 0 0 0 0 0 0 0 0 0 0 0 0 0 0 0 0 0 0 0 0 0 0 0 0 0 0 0 0 0 0 0 0
 0 0 0 0 0 0 0 0 0 0 0 0 0 0 0 0 0 0 0 0 0 0 0 0 0 0 0 0 0 0 0 0 0 0 0 0
 0 0 0 0 0 0 0 0 0 0 0 0 0 0 0 0 0 0 0 0 0 0 0 0 0 0 0 0 0 0 0 0 0 0 0 0
ppred_pel_tallas
 1.01075e-16 3.44241e-05 0.000202047 0.000960453 0.00369782 0.0115313 0.0291271 0.0595977 0.0987889 0.132668 0.144361 0.127317 0.0910964 0.0530804 0.0256039 0.0110116 0.00553238 0.00473155 0.00589383 0.007832 0.0100696 0.0123293 0.0143605 0.0159298 0.0168604 0.017068 0.0165765 0.0155042 0.0140281 0.0123394 0.0106051 0.00894523 0.00742862 0.00608261 0.00490856 0.00389628
 1.00987e-16 3.35831e-05 0.000197106 0.000936956 0.00360734 0.0112491 0.0284145 0.0581398 0.0963733 0.129427 0.140844 0.124237 0.0889394 0.0519181 0.0252194 0.0111463 0.00603434 0.00556513 0.00708509 0.00941344 0.012043 0.0146445 0.0169087 0.0185509 0.0193647 0.0192674 0.018318 0.0166958 0.0146521 0.0124486 0.0103056 0.00837118 0.0067162 0.00534911 0.00423987 0.00334321
 1.01678e-16 2.6652e-05 0.000156404 0.000743427 0.00286215 0.00892529 0.0225448 0.0461309 0.0764721 0.102715 0.111814 0.0987228 0.0708756 0.0417803 0.0210557 0.0106023 0.00758562 0.00863244 0.0116454 0.0156279 0.0200377 0.024402 0.0282227 0.0310296 0.0324767 0.0324198 0.0309465 0.0283427 0.0250141 0.0213865 0.0178217 0.0145668 0.0117457 0.00938226 0.00743788 0.00584816
 1.02114e-16 3.0368e-05 0.00017823 0.000847212 0.00326179 0.0101716 0.0256926 0.0525709 0.0871433 0.117035 0.127367 0.11237 0.0804888 0.0470765 0.0230401 0.0104808 0.00610614 0.00603145 0.00787115 0.0105602 0.0136275 0.0167467 0.0195953 0.0218651 0.0233181 0.0238344 0.0234331 0.0222544 0.0205147 0.0184495 0.0162647 0.0141092 0.0120707 0.0101888 0.00847496 0.00693036
 1.01831e-16 3.19201e-05 0.000187343 0.000890539 0.00342862 0.0106918 0.0270067 0.0552595 0.0915993 0.123017 0.133872 0.118097 0.084564 0.0494051 0.0240764 0.0107755 0.00602887 0.00574173 0.00739885 0.0098802 0.0126996 0.0155332 0.0180698 0.0200183 0.0211609 0.0213999 0.0207753 0.0194455 0.0176401 0.0156018 0.0135359 0.0115827 0.00981372 0.00824669 0.00686833 0.00565521
 1.02438e-16 2.58141e-05 0.000151485 0.000720041 0.00277212 0.00864452 0.0218356 0.0446798 0.0740667 0.0994847 0.108299 0.0956226 0.0686572 0.0404876 0.0204325 0.0103362 0.00745799 0.00853569 0.0115429 0.0155186 0.0199404 0.0243509 0.0282655 0.031224 0.0328834 0.033094 0.0319278 0.0296472 0.0266295 0.0232722 0.0199124 0.0167805 0.0139934 0.0115771 0.00950406 0.00772657
 1.01594e-16 3.51232e-05 0.000206154 0.000979983 0.00377302 0.0117658 0.0297195 0.0608095 0.100797 0.135361 0.147284 0.129878 0.0928901 0.0540481 0.025926 0.0109029 0.00511847 0.00404 0.00489903 0.0065005 0.00839097 0.0103342 0.0121283 0.0135854 0.0145594 0.0149742 0.0148364 0.0142243 0.0132616 0.0120838 0.0108094 0.00952406 0.00827931 0.00710013 0.0059972 0.00497694
 1.01064e-16 3.34853e-05 0.000196532 0.000934224 0.00359682 0.0112163 0.0283316 0.0579703 0.0960925 0.12905 0.140435 0.123879 0.0886881 0.0517819 0.0251728 0.0111587 0.00608731 0.00565353 0.00721076 0.00957884 0.0122471 0.0148805 0.0171637 0.018807 0.0196017 0.0194668 0.0184667 0.0167888 0.0146934 0.0124501 0.0102842 0.00834508 0.00670133 0.00535656 0.00427469 0.0034047
 1.00779e-16 3.5666e-05 0.000209339 0.000995118 0.00383128 0.0119475 0.0301785 0.0617488 0.102354 0.137454 0.149566 0.131901 0.0943595 0.0549485 0.026442 0.0112625 0.00549447 0.00453552 0.00556649 0.00735534 0.00941193 0.0114585 0.0132506 0.0145659 0.0152417 0.0152104 0.0145133 0.0132851 0.0117168 0.0100088 0.00833151 0.00680124 0.00547641 0.00436812 0.00345805 0.00271559
 1.00875e-16 3.24694e-05 0.000190566 0.000905855 0.00348758 0.0108757 0.0274711 0.0562099 0.0931754 0.125135 0.136182 0.120144 0.0860513 0.0503172 0.0246004 0.0111425 0.00641488 0.00625236 0.00808895 0.0107676 0.0137653 0.0167159 0.0192645 0.0210836 0.0219366 0.0217314 0.0205405 0.0185771 0.0161374 0.0135303 0.0110156 0.00876824 0.0068716 0.00533431 0.00411803 0.00316492
 1.01616e-16 2.83131e-05 0.000166159 0.000789813 0.00304077 0.00948231 0.0239517 0.0490093 0.0812419 0.109116 0.118769 0.10483 0.0751881 0.0441776 0.021996 0.010637 0.00706412 0.00767692 0.0102474 0.013742 0.0176398 0.0215185 0.0249425 0.0274998 0.0288845 0.0289633 0.0278026 0.0256405 0.0228193 0.0197018 0.0165979 0.0137227 0.0111886 0.00902437 0.00720715 0.00569215
 1.02057e-16 2.9842e-05 0.00017514 0.00083252 0.00320522 0.00999515 0.025247 0.0516592 0.0856327 0.115008 0.125166 0.11044 0.0791321 0.0463346 0.022773 0.0105209 0.00635125 0.00645186 0.00847714 0.0113698 0.0146455 0.0179531 0.0209411 0.0232757 0.0247023 0.0250994 0.0245001 0.0230716 0.0210637 0.0187447 0.0163464 0.0140323 0.0118937 0.00996434 0.00824415 0.00672047
 1.01222e-16 3.54124e-05 0.000207851 0.000988046 0.00380406 0.0118626 0.029964 0.0613099 0.101626 0.136476 0.1485 0.130957 0.0936751 0.0545319 0.026208 0.0111062 0.00533667 0.00432964 0.00528891 0.00699839 0.00898315 0.0109826 0.0127703 0.0141388 0.0149338 0.0150858 0.0146237 0.0136607 0.0123605 0.0108966 0.0094161 0.00801991 0.00676 0.0056496 0.00467939 0.00383214
 1.00443e-16 3.83269e-05 0.000224964 0.00106941 0.00411736 0.0128397 0.0324318 0.066359 0.109994 0.14771 0.160712 0.1417 0.101302 0.058855 0.0280663 0.0115142 0.0049661 0.00345705 0.0039533 0.00514892 0.00656168 0.00796169 0.00916937 0.0100272 0.0104226 0.0103129 0.00973419 0.00878975 0.00762246 0.0063806 0.00518831 0.00412838 0.00323921 0.00252309 0.00195976 0.0015199
 1.00146e-16 4.01898e-05 0.000235904 0.00112143 0.00431764 0.0134642 0.0340094 0.0695866 0.115343 0.154889 0.168515 0.148559 0.106161 0.0615872 0.0291987 0.0116828 0.00458456 0.00268548 0.00280207 0.00357766 0.00453688 0.00548492 0.0062888 0.00683695 0.00705153 0.00690522 0.00642759 0.00569642 0.00481773 0.00390095 0.00303739 0.00228748 0.00167839 0.00120979 0.000863816 0.000615152
 1.00272e-16 3.36217e-05 0.000197331 0.000938015 0.0036114 0.0112618 0.0284465 0.0582056 0.0964833 0.129577 0.141014 0.124403 0.0890925 0.0520766 0.0254246 0.0114531 0.00650233 0.00625286 0.00804113 0.0106636 0.0135755 0.0163979 0.0187674 0.0203536 0.0209245 0.0204014 0.0188789 0.0165981 0.0138853 0.0110765 0.00845128 0.00619379 0.00438515 0.00302114 0.00204285 0.00136784
 1.01013e-16 3.06432e-05 0.000179842 0.000854867 0.00329125 0.0102634 0.0259247 0.053046 0.0879318 0.118097 0.128531 0.113416 0.0812793 0.0476219 0.0234604 0.010928 0.00671286 0.00689849 0.00906795 0.0121189 0.0155289 0.0189065 0.0218598 0.0240218 0.0251219 0.0250466 0.0238624 0.0217906 0.0191472 0.0162657 0.0134315 0.0108424 0.008601 0.00673143 0.00520764 0.00398116
 1.00733e-16 3.74143e-05 0.000219607 0.00104394 0.00401928 0.0125338 0.0316593 0.0647783 0.107374 0.144192 0.156887 0.138331 0.0989021 0.0574787 0.0274441 0.0113195 0.00497742 0.00357626 0.00415855 0.00545181 0.00698496 0.00852997 0.0099046 0.0109453 0.0115308 0.0116068 0.0111968 0.0103908 0.00931977 0.0081227 0.00691875 0.00579085 0.00478311 0.0039082 0.0031596 0.00252296
 1.00448e-16 3.66478e-05 0.000215103 0.00102253 0.00393681 0.0122766 0.0310097 0.0634495 0.105173 0.141239 0.153682 0.135525 0.09694 0.0564266 0.0271067 0.0114643 0.00547011 0.00438936 0.00532099 0.0069976 0.00891813 0.0108042 0.0124157 0.0135379 0.0140179 0.0138001 0.012938 0.0115784 0.00992252 0.00817874 0.00652103 0.00506486 0.00386285 0.00291605 0.00219306 0.00164904
 1.00666e-16 3.32024e-05 0.00019487 0.000926318 0.00356637 0.0111214 0.0280918 0.0574797 0.0952797 0.12796 0.139252 0.122845 0.0879672 0.0514004 0.0250607 0.0112334 0.00630355 0.00600646 0.00771688 0.0102562 0.0131013 0.0158958 0.0182987 0.0199964 0.0207632 0.0205125 0.0193164 0.0173819 0.0149964 0.0124596 0.0100237 0.00785872 0.00604602 0.0045937 0.0034634 0.00259677
 1.01156e-16 3.15112e-05 0.00018494 0.000879108 0.00338459 0.0105545 0.0266599 0.0545502 0.0904245 0.121442 0.132165 0.116606 0.0835308 0.0488706 0.0239445 0.0109336 0.00642005 0.00636796 0.00829178 0.0110701 0.0141923 0.0172952 0.0200217 0.0220385 0.0230991 0.0230988 0.022095 0.020285 0.017951 0.015391 0.0128592 0.0105315 0.00849855 0.00678186 0.00535936 0.00419042
 1.01267e-16 3.34201e-05 0.000196151 0.000932416 0.00358986 0.0111946 0.0282768 0.057858 0.0959058 0.128798 0.140157 0.123625 0.088487 0.0516261 0.0250259 0.0109744 0.00582158 0.00526966 0.00668219 0.00889468 0.0114195 0.013951 0.0162038 0.0179129 0.0188804 0.0190177 0.0183628 0.0170622 0.0153291 0.0133893 0.0114364 0.00960479 0.0079654 0.00653832 0.00531268 0.0042653
 1.01377e-16 3.12572e-05 0.000183448 0.000872017 0.00335729 0.0104694 0.0264449 0.0541102 0.0896953 0.120463 0.131101 0.115671 0.0828679 0.048497 0.023788 0.0109067 0.00646528 0.00646175 0.00843038 0.0112561 0.0144271 0.0175753 0.0203384 0.0223785 0.0234474 0.0234416 0.0224235 0.020597 0.018251 0.0156887 0.0131662 0.0108576 0.00884892 0.00715531 0.00574849 0.00458317
 1.01457e-16 3.22267e-05 0.000189143 0.000899096 0.00346156 0.0107945 0.0272662 0.0557904 0.0924794 0.124199 0.135158 0.119231 0.0853741 0.0498753 0.0242995 0.0108648 0.0060635 0.00576035 0.00741489 0.00989531 0.0127099 0.0155306 0.0180428 0.019952 0.0210379 0.0212019 0.0204855 0.0190511 0.0171348 0.0149873 0.0128228 0.0107905 0.00896897 0.00738053 0.00601328 0.00484182
 1.03052e-16 1.89443e-05 0.000111141 0.000528219 0.00203351 0.00634117 0.0160177 0.0327769 0.0543413 0.0730089 0.0795274 0.0703373 0.050761 0.0304547 0.0163329 0.00984223 0.00906613 0.0116796 0.0162062 0.0218636 0.028089 0.0342749 0.0397416 0.0438386 0.0460821 0.0462635 0.0444907 0.0411423 0.0367609 0.0319175 0.0270969 0.0226305 0.0186863 0.0153008 0.0124312 0.0100044
 1.03902e-16 2.85756e-05 0.000167711 0.00079721 0.00306929 0.00957126 0.0241763 0.0494679 0.0819991 0.110124 0.119841 0.105718 0.0756977 0.044222 0.0215479 0.00964724 0.00542013 0.00521742 0.00681315 0.00923961 0.0121032 0.0151558 0.0181514 0.0208406 0.0230081 0.024509 0.0252868 0.0253667 0.0248307 0.0237859 0.0223387 0.0205817 0.0185943 0.0164504 0.0142266 0.0120047
 1.02e-16 3.41893e-05 0.000200669 0.000953903 0.0036726 0.0114527 0.0289285 0.0591913 0.098115 0.131762 0.143375 0.126446 0.0904681 0.052705 0.0254052 0.0108957 0.00542908 0.00459959 0.00571014 0.00758333 0.0097504 0.0119433 0.0139235 0.0154714 0.0164236 0.016707 0.0163518 0.0154755 0.0142471 0.0128421 0.0114056 0.0100322 0.00876525 0.00760963 0.00655113 0.00557273
pSPR Fmed_Fpbrs
0.458122   0.6 0.325
Fs Fmed_Fpbrs
0.64   0.361118 1.14584
SSBpbr Bo_Bmed_Bpbrs
878185  358407  483002 241501
Ro
32859.6
SPR SPRFo_SPRFmed_SPRFpbrs
678690 310923 220574
log_Ro
10.22
likeval ReclasPelacesDesembMPH_pf_preclas_ppelaces_ptallas_desvR_qrecl_qpela
 94.217 33.228 0.0482213 44.5471 343.576 216.069 58.7471 0 19.5024 1.12237e-06 8.21175e-05 1.04976e-15 0 0 0
q_reclas_q_pelaces
1.16198 3.63
M
0.7
N
 38044.4 11477.7 4342.76 519.343 0.215832
 46536.1 17248.2 2939.8 1112.32 133.076
 20178.6 21271.3 4688.41 799.097 338.524
 25502.1 8684.49 3731.81 822.53 199.583
 45477.6 12215.9 3318.81 1426.13 390.605
 29063.4 22414.8 5744.23 1560.59 854.273
 65473.9 13312.4 6185.76 1585.22 666.425
 71538.4 30596.3 4249.38 1974.53 718.739
 103154 31967.9 7054.86 979.817 621.011
 112028 45931.9 7182.66 1585.11 359.679
 65391.5 51941.4 13847.1 2165.36 586.297
 48778.5 28601.9 10249.2 2732.35 542.965
 48425.2 21481.9 5931.66 2125.55 679.259
 26244 19884.1 2677.42 739.299 349.58
 16677.9 9090.65 719.449 96.8748 39.398
 9960.38 5701.32 298.827 23.6497 4.47955
 5909.22 4316.07 1051.04 55.0889 5.18563
 9617.56 2529.53 728.07 177.298 10.1676
 14829.6 4119.86 428.906 123.451 31.7866
 16869 6676.52 1003 104.419 37.7932
 21655.4 7773.17 1924.51 289.114 40.9927
 36824.9 10377.7 2979.62 737.705 126.537
 44696.2 17481.7 3714.67 1066.55 309.354
 63625.6 21182.4 6180.71 1313.33 486.456
 24561.1 30064.4 7329.92 2138.76 622.796
 38152.8 11680.5 10901.3 2657.82 1001.34
 67191.2 18001.1 3998.23 3731.54 1252.53
pred_Ctot
 2393.57 4150.03 1570.23 187.781 0.0780392
 2674.42 5810.4 990.329 374.707 44.8292
 1950.73 10485.2 2311.06 393.899 166.869
 650.22 1461.05 627.829 138.38 33.5773
 244.505 467.811 127.095 54.6138 14.9583
 1629.78 7405.26 1897.75 515.579 282.23
 2786.12 3507.35 1629.73 417.652 175.58
 5182.71 12309.5 1709.62 794.396 289.164
 7713.55 13165.1 2905.34 403.51 255.746
 5365.31 13354.3 2088.3 460.856 104.574
 5646.62 23709.4 6320.73 988.412 267.624
 3996.83 12582.8 4508.94 1202.05 238.867
 6095.61 12483.2 3446.91 1235.17 394.72
 5827.69 15122.9 2036.32 562.277 265.875
 3818.27 6989.77 553.181 74.4867 30.2929
 919.743 2725.18 142.837 11.3043 2.14118
 591.431 2176.75 530.078 27.7834 2.6153
 958.284 1272 366.118 89.1563 5.11289
 1001.5 1572.58 163.716 47.1222 12.1332
 878.126 2077.89 312.156 32.4975 11.7621
 545.819 1294.18 320.418 48.1355 6.82501
 1168.85 2123.13 609.591 150.925 25.8878
 1471.14 3692.52 784.619 225.279 65.3424
 2223.74 4715.01 1375.77 292.336 108.281
 749.429 5940.09 1448.24 422.574 123.051
 1372.65 2666.16 2488.32 606.67 228.564
 3370.38 5436.08 1207.41 1126.87 378.247
F
 0.0910465 0.662062 0.662062 0.662062 0.662062
 0.0828713 0.602614 0.602614 0.602614 0.602614
 0.143084 1.04046 1.04046 1.04046 1.04046
 0.0360206 0.261931 0.261931 0.261931 0.261931
 0.00750071 0.0545428 0.0545428 0.0545428 0.0545428
 0.0807887 0.58747 0.58747 0.58747 0.58747
 0.0607726 0.44192 0.44192 0.44192 0.44192
 0.1055 0.767163 0.767163 0.767163 0.767163
 0.109062 0.793064 0.793064 0.793064 0.793064
 0.0686335 0.499081 0.499081 0.499081 0.499081
 0.126919 0.922916 0.922916 0.922916 0.922916
 0.120078 0.873169 0.873169 0.873169 0.873169
 0.190101 1.38236 1.38236 1.38236 1.38236
 0.36019 2.61919 2.61919 2.61919 2.61919
 0.373385 2.71514 2.71514 2.71514 2.71514
 0.136271 0.990918 0.990918 0.990918 0.990918
 0.14848 1.0797 1.0797 1.0797 1.0797
 0.147772 1.07455 1.07455 1.07455 1.07455
 0.0980278 0.712827 0.712827 0.712827 0.712827
 0.0748004 0.543925 0.543925 0.543925 0.543925
 0.0356014 0.258883 0.258883 0.258883 0.258883
 0.0450192 0.327365 0.327365 0.327365 0.327365
 0.0467184 0.339722 0.339722 0.339722 0.339722
 0.0496729 0.361206 0.361206 0.361206 0.361206
 0.043244 0.314457 0.314457 0.314457 0.314457
 0.0511664 0.372066 0.372066 0.372066 0.372066
 0.0719897 0.523487 0.523487 0.523487 0.523487
Np
 22299.9 10537.3 10744.9 1832.77 547.954
YTP_r0W_actual
 19252 86530.9 27939.3 33300.4 12404.2
YTP_p0W_proyectada
 6389.48 149250 37007.8 10497.3 14070.6
 6389.48 50652.4 75084.6 16355.7 5426.53
CTP_r0_actual
 2347.8 4006.06 889.787 830.435 278.745
CTP_p0_proyectada
 779.205 6909.7 1178.59 261.778 316.194
 779.205 2345.02 2391.23 407.874 121.944
Wmedp
 8.2 21.6 31.4 40.1 44.5
nmprior
 10.8 10.6 4.6 0
nm_flota  nm_reclas  nm_pelaces    nm_pelaL
inf 18.8651 12.7494 35.2927
cv_recla  cv_pelaces  cv_mph
0.700509 0.315728 0.53514
 ------------------------------------------------
Talla a la edad & desviaci?n 
 7.2 14.2025 17.0495 18.207 18.6776
 1.08 2.13037 2.55742 2.73105 2.80164
