years
 1997 1998 1999 2000 2001 2002 2003 2004 2005 2006 2007 2008 2009 2010 2011 2012 2013 2014 2015 2016 2017 2018 2019 2020 2021 2022 2023
reclasobs
 0 0 0 370054 412103 1.49427e+06 250295 1.28982e+06 931140 785840 897777 1.04006e+06 184774 17550 25797 100020 73551 82996 120727 218422 84188 347160 605670 569463 516374 1.08416e+06 1.01767e+06
reclaspred
 2.34052e+06 342028 730258 206961 287698 420889 647343 631348 687372 882007 867783 697208 437006 124021 80463.6 94944.2 69283.3 77925 124513 175723 217474 254149 445284 521084 786200 562104 373337
pelacesobs
 0 0 0 0 0 0 0 0 0 2.06254e+06 1.5e+06 0 1.87456e+06 323000 250000 174000 83755 137374 0 501740 490994 745055 786931 1.00524e+06 1.33801e+06 1.41789e+06 0
pelacespred
 5.03247e+06 1.61932e+06 866277 626962 898544 713688 2.06744e+06 1.73069e+06 1.86598e+06 2.44814e+06 1.91902e+06 1.71386e+06 1.0255e+06 264251 181723 181462 138410 179773 266563 342470 597300 608735 814492 1.17927e+06 1.57992e+06 1.30833e+06 613839
mphobs
 0 0 0 0 0 0 112323 0 153150 637223 0 255016 313432 73983 77613 109348 50772 17779 17303 59886 28197 0 207744 136588 643089 65757 70829
mphpred
 602889 250061 194072 95680.4 71945.7 164548 176057 289369 276165 318163 372705 282417 200551 130201 60434.9 54444 35270.7 37509.5 31627.5 41149.2 50830.1 73577.3 93519.9 130746 181281 139837 121104
desembarqueobs
 350755 77701 442110 56441 14545 235359 269955 359681 431902 328805 639364 411747 362871 311530 167758 66681 60226 58785 57116 73181 50977 67692 138656 160484 209506 203330 245020
desembarquepred
 350735 77666.5 441591 56422.3 14543.9 235292 269914 359032 431395 328616 638162 410929 362300 311417 167221 66663.7 60218.1 58625.5 57001.9 73111 50971.2 67600.6 138609 160402 209363 203073 244773
Reclutas
 16935.1 41807.6 4731.2 7755.63 39482.9 12509.5 60066.6 57856.9 72196.9 100535 71294.4 62054.1 44786.6 29467.4 14308.9 8084.82 5819.36 8319.25 11520.6 7735.55 16798 22250.2 28460.2 47922.6 14294.9 33138.4 4650.38
log_desv_Rt
 -0.242857 0.660834 -1.51807 -1.02383 0.603622 -0.545757 1.02321 0.985728 1.20715 1.53826 1.19457 1.05576 0.729665 0.311039 -0.411363 -0.982257 -1.31105 -0.953672 -0.628112 -1.02642 -0.250986 0.0301074 0.276263 0.797342 -0.412342 0.428449 -1.5353
SSB
 817235 338966 263071 129698 97524.7 223050 227967 384569 359263 418011 505213 382825 285103 117737 58789.8 52107.2 38007.4 37150.3 54747.3 76793.9 86680.3 120937 160193 208955 329879 270959 215434
BT
 1.42368e+06 479432 416118 199492 293324 331865 1.00274e+06 926535 1.04129e+06 1.08848e+06 1.14903e+06 901988 668194 379402 203713 105926 93023.5 111368 125407 142164 225394 207296 296294 461853 496431 511784 315890
Ftot
 0.335414 0.561677 1.20702 0.621719 0.159555 1.15452 1.30106 1.45347 1.64409 1.02113 1.673 1.41362 1.87427 4.51097 4.18617 1.55878 1.9821 1.97693 1.1609 0.952923 0.631958 0.649219 0.728532 0.793572 0.59194 0.861802 1.29159
BD_Bspro_t
 0.951133 0.705292 0.55584 0.238728 0.294161 0.535622 0.392017 0.470699 0.408407 0.401735 0.409103 0.287879 0.230992 0.118885 0.0718587 0.0784823 0.0817003 0.111854 0.195257 0.302161 0.354856 0.498781 0.527197 0.519133 0.559664 0.436729 0.376852
BD_Bspro
 1.83265 0.760131 0.589936 0.290847 0.218699 0.500189 0.511216 0.862394 0.805646 0.937388 1.13294 0.858483 0.639343 0.264025 0.131836 0.11685 0.0852314 0.0833094 0.122771 0.17221 0.19438 0.271201 0.359231 0.468581 0.739753 0.607625 0.48311
BD_Bo
 1.47733 0.612755 0.475558 0.234457 0.176297 0.403211 0.4121 0.695191 0.649446 0.755645 0.913283 0.692038 0.515385 0.212835 0.106275 0.0941951 0.0687065 0.0671572 0.0989676 0.138822 0.156693 0.218619 0.289583 0.377731 0.596328 0.489817 0.389443
BD_Brms
 2.68605 1.1141 0.86465 0.426285 0.32054 0.733111 0.749272 1.26398 1.18081 1.3739 1.66051 1.25825 0.937064 0.386973 0.193228 0.171264 0.124921 0.122104 0.179941 0.252403 0.284897 0.39749 0.526514 0.686784 1.08423 0.890577 0.708079
S_f
 0.0972437 1 1 1 1
 0.0972437 1 1 1 1
 0.0972437 1 1 1 1
 0.0972437 1 1 1 1
 0.0972437 1 1 1 1
 0.0972437 1 1 1 1
 0.0972437 1 1 1 1
 0.0972437 1 1 1 1
 0.0972437 1 1 1 1
 0.0972437 1 1 1 1
 0.0972437 1 1 1 1
 0.0972437 1 1 1 1
 0.0972437 1 1 1 1
 0.0972437 1 1 1 1
 0.0972437 1 1 1 1
 0.0972437 1 1 1 1
 0.0972437 1 1 1 1
 0.0972437 1 1 1 1
 0.0972437 1 1 1 1
 0.0972437 1 1 1 1
 0.0972437 1 1 1 1
 0.0972437 1 1 1 1
 0.0972437 1 1 1 1
 0.0972437 1 1 1 1
 0.0972437 1 1 1 1
 0.0972437 1 1 1 1
 0.0972437 1 1 1 1
Scru_reclas
 0.273845 1 1 1 1
 0.273845 1 1 1 1
 0.273845 1 1 1 1
 0.273845 1 1 1 1
 0.273845 1 1 1 1
 0.273845 1 1 1 1
 0.273845 1 1 1 1
 0.273845 1 1 1 1
 0.273845 1 1 1 1
 0.273845 1 1 1 1
 0.273845 1 1 1 1
 0.273845 1 1 1 1
 0.273845 1 1 1 1
 0.273845 1 1 1 1
 0.273845 1 1 1 1
 0.273845 1 1 1 1
 0.273845 1 1 1 1
 0.273845 1 1 1 1
 0.273845 1 1 1 1
 0.273845 1 1 1 1
 0.273845 1 1 1 1
 0.273845 1 1 1 1
 0.273845 1 1 1 1
 0.273845 1 1 1 1
 0.273845 1 1 1 1
 0.273845 1 1 1 1
 0.273845 1 1 1 1
Scru_pelaces
 0.401848 0.965803 0.999158 0.99998 1
 0.401848 0.965803 0.999158 0.99998 1
 0.401848 0.965803 0.999158 0.99998 1
 0.401848 0.965803 0.999158 0.99998 1
 0.401848 0.965803 0.999158 0.99998 1
 0.401848 0.965803 0.999158 0.99998 1
 0.401848 0.965803 0.999158 0.99998 1
 0.401848 0.965803 0.999158 0.99998 1
 0.401848 0.965803 0.999158 0.99998 1
 0.401848 0.965803 0.999158 0.99998 1
 0.401848 0.965803 0.999158 0.99998 1
 0.401848 0.965803 0.999158 0.99998 1
 0.401848 0.965803 0.999158 0.99998 1
 0.401848 0.965803 0.999158 0.99998 1
 0.401848 0.965803 0.999158 0.99998 1
 0.401848 0.965803 0.999158 0.99998 1
 0.401848 0.965803 0.999158 0.99998 1
 0.401848 0.965803 0.999158 0.99998 1
 0.401848 0.965803 0.999158 0.99998 1
 0.401848 0.965803 0.999158 0.99998 1
 0.401848 0.965803 0.999158 0.99998 1
 0.401848 0.965803 0.999158 0.99998 1
 0.401848 0.965803 0.999158 0.99998 1
 0.401848 0.965803 0.999158 0.99998 1
 0.401848 0.965803 0.999158 0.99998 1
 0.401848 0.965803 0.999158 0.99998 1
 0.401848 0.965803 0.999158 0.99998 1
pf_obs 
 0.256992 0.487395 0.22802 0.0275931 0
 0.321318 0.546541 0.124235 0.00734118 0.000564706
 0.182869 0.594174 0.210203 0.0122559 0.00049798
 0.330522 0.361315 0.267642 0.0388342 0.00168674
 0.649043 0.306663 0.0425973 0.00169635 0
 0.582887 0.30429 0.105238 0.00758474 0
 0.465427 0.430635 0.0974691 0.00646863 0
 0.296916 0.608066 0.0921331 0.00288517 0
 0.311714 0.524322 0.152257 0.0117073 0
 0.15457 0.633149 0.183074 0.0267441 0.00246327
 0.131901 0.49318 0.331252 0.0422183 0.00144891
 0.196976 0.569456 0.194076 0.0375587 0.00193317
 0.518974 0.381816 0.0799577 0.0180837 0.00116848
 0.0928022 0.601141 0.25162 0.0475244 0.00691264
 0.122501 0.610282 0.24278 0.0234846 0.000952079
 0.383417 0.481906 0.127806 0.00687128 0
 0.0376549 0.599619 0.316969 0.0457579 0
 0.0361596 0.667082 0.258105 0.0386534 0
 0.158088 0.579412 0.248529 0.0139706 0
 0.0477256 0.309471 0.559284 0.082774 0.000745712
 0.0406174 0.521527 0.379366 0.0568643 0.0016247
 0.151134 0.462217 0.34131 0.0453401 0
 0.294876 0.26143 0.354403 0.0886775 0.000613685
 0.281977 0.475581 0.204845 0.0348837 0.00271318
 0.0841818 0.532909 0.334909 0.0458182 0.00218182
 0.115287 0.27431 0.454777 0.147771 0.00785563
 0 0 0 0 0
pf_pred 
 0.0562327 0.628291 0.278013 0.0374587 4.2595e-06
 0.206463 0.334512 0.305585 0.135219 0.0182211
 0.027254 0.761048 0.0892401 0.0815233 0.0409343
 0.14055 0.308472 0.43107 0.050547 0.0693619
 0.441182 0.39128 0.0601323 0.0840311 0.0233746
 0.0785013 0.827535 0.0657925 0.0101111 0.01806
 0.507726 0.306517 0.166815 0.0132625 0.00567873
 0.252142 0.71506 0.0204216 0.011114 0.00126195
 0.302649 0.618261 0.0756216 0.0021597 0.00130882
 0.297899 0.645114 0.0505239 0.00617975 0.000283446
 0.191999 0.714049 0.0863264 0.00676089 0.000864877
 0.219895 0.673403 0.0942946 0.0113999 0.00100703
 0.206055 0.686344 0.0928836 0.0130062 0.00171131
 0.300113 0.620609 0.0685338 0.00927474 0.00146959
 0.302529 0.689142 0.00738543 0.000815571 0.000127861
 0.217539 0.770709 0.0116111 0.000124435 1.58956e-05
 0.214263 0.685992 0.0982469 0.00148014 1.78887e-05
 0.366999 0.568504 0.0563099 0.00806463 0.000122966
 0.319986 0.645457 0.0310358 0.00307407 0.000446978
 0.157777 0.759239 0.0787673 0.0037874 0.000429686
 0.310872 0.526043 0.147016 0.0152522 0.00081658
 0.233427 0.664076 0.078241 0.0218664 0.00238999
 0.221742 0.634546 0.124496 0.0146681 0.00454742
 0.277891 0.586327 0.110709 0.0217208 0.00335251
 0.0633498 0.803788 0.107879 0.0203694 0.00461326
 0.242984 0.368837 0.333116 0.0447086 0.0103537
 0.0379111 0.808038 0.0750577 0.0677886 0.0112051
pobs_RECLAS
 0 0 0 0 0
 0 0 0 0 0
 0 0 0 0 0
 0 0 0 0 0
 0.835266 0.146461 0.0176864 0.000547809 3.91292e-05
 0.385257 0.428462 0.181853 0.0044286 0
 0.867414 0.0963971 0.0333333 0.00285562 0
 0.441836 0.489002 0.0689373 0.000224442 0
 0.779404 0.147425 0.0564933 0.0165055 0.000172143
 0.814271 0.122319 0.05973 0.00367925 0
 0.40263 0.566651 0.0304383 0.000280538 0
 0.475488 0.404961 0.113038 0.00651328 0
 0.955842 0.0263864 0.0167828 0.000988607 0
 0.975058 0.0227948 0.00214734 0 0
 0.738997 0.206755 0.0527124 0.00153531 0
 0.850938 0.134255 0.0134407 0.00136685 0
 0.542534 0.407297 0.0501686 0 0
 0.764087 0.199537 0.0359546 0.000420521 0
 0.470689 0.182191 0.310203 0.0369168 0
 0.84361 0.089868 0.0606195 0.00523954 0.000663233
 0.607945 0.314616 0.071237 0.00620181 0
 0.523733 0.453247 0.0230204 0 0
 0.530135 0.295979 0.169645 0.0042399 0
 0.562478 0.366248 0.0663022 0.0049721 0
 0.250443 0.683176 0.0655157 0.000865301 0
 0.195077 0.31981 0.436473 0.0351445 0.0134964
 0.565238 0.351407 0.0832357 0.000118908 0
ppred_RECLAS
 0.146412 0.568257 0.251448 0.0338794 3.8525e-06
 0.433107 0.238971 0.218306 0.0965986 0.0130169
 0.0816542 0.718487 0.0842494 0.0769641 0.0386451
 0.325719 0.242011 0.338195 0.0396566 0.0544178
 0.691754 0.215832 0.0331692 0.0463519 0.0128935
 0.211571 0.708034 0.0562917 0.00865097 0.015452
 0.768445 0.144179 0.0784663 0.0062384 0.00267116
 0.526242 0.452981 0.0129368 0.00704057 0.000799431
 0.596114 0.358079 0.0437978 0.00125084 0.000758034
 0.567598 0.397306 0.0311161 0.00380592 0.000174566
 0.448177 0.487659 0.0589565 0.00461734 0.000590667
 0.47993 0.448936 0.0628631 0.00759997 0.000671354
 0.479148 0.450263 0.0609345 0.00853247 0.00112267
 0.747321 0.224057 0.0247426 0.00334844 0.000530565
 0.730783 0.266002 0.00285071 0.000314803 4.9353e-05
 0.482372 0.509854 0.00768121 8.23183e-05 1.05155e-05
 0.496628 0.439472 0.0629406 0.000948231 1.14602e-05
 0.676955 0.290129 0.0287371 0.00411569 6.27542e-05
 0.597357 0.382182 0.0183766 0.00182019 0.00026466
 0.364888 0.572534 0.0593976 0.00285604 0.000324022
 0.571534 0.327068 0.0914074 0.00948307 0.00050771
 0.474239 0.455463 0.0536623 0.0149973 0.0016392
 0.459785 0.44046 0.0864171 0.0101816 0.00315652
 0.536593 0.37627 0.0710464 0.0139391 0.00215145
 0.166104 0.715609 0.0960443 0.0181348 0.00410717
 0.493283 0.246885 0.222975 0.0299262 0.00693034
 0.112382 0.745491 0.0692479 0.0625414 0.0103377
pobs_PELACES
 0 0 0 0 0
 0 0 0 0 0
 0 0 0 0 0
 0 0 0 0 0
 0 0 0 0 0
 0 0 0 0 0
 0 0 0 0 0
 0 0 0 0 0
 0 0 0 0 0
 0 0 0 0 0
 0.450072 0.473896 0.0757376 0.000293798 0
 0 0 0 0 0
 0.463077 0.371075 0.160297 0.00555027 0
 0.529543 0.364841 0.0842815 0.0213345 0
 0.631943 0.363953 0.00410389 0 0
 0.735681 0.248677 0.0153453 0.000297389 0
 0.695825 0.281241 0.0229344 0 0
 0.275771 0.60734 0.115278 0.00161068 0
 0 0 0 0 0
 0.896147 0.0623911 0.0374545 0.00400742 0
 0.803859 0.145111 0.0509908 3.86294e-05 0
 0.739449 0.233085 0.0266225 0.000797448 4.60066e-05
 0.878498 0.100942 0.0204185 0.000141795 0
 0.694673 0.275183 0.0284847 0.00165964 0
 0.469039 0.446079 0.0841089 0.000773354 0
 0.822795 0.102175 0.0682046 0.00682512 0
 0 0 0 0 0
ppred_PELACES
 0.22161 0.512264 0.234501 0.0316219 3.59586e-06
 0.573589 0.176202 0.166525 0.0737464 0.0099377
 0.161138 0.651336 0.079013 0.0722399 0.0362736
 0.463538 0.188352 0.272301 0.0319561 0.0438519
 0.779664 0.152672 0.0242731 0.033948 0.00944337
 0.364295 0.568865 0.0467892 0.00719653 0.0128544
 0.880005 0.0737524 0.0415242 0.00330407 0.00141476
 0.722089 0.265318 0.00783899 0.00426969 0.000484817
 0.784736 0.190104 0.0240553 0.000687568 0.000416689
 0.729435 0.247907 0.0200861 0.00245882 0.00011278
 0.669219 0.291147 0.0364145 0.00285425 0.000365133
 0.680134 0.274813 0.0398103 0.0048169 0.000425517
 0.708586 0.250742 0.0351051 0.0049197 0.00064733
 0.944936 0.0486357 0.00555632 0.00075256 0.000119246
 0.934844 0.0643517 0.000713465 7.88526e-05 1.23623e-05
 0.692455 0.302769 0.0047189 5.06133e-05 6.46559e-06
 0.729271 0.235329 0.0348675 0.000525729 6.35399e-06
 0.851137 0.133225 0.0136516 0.00195677 2.98366e-05
 0.760761 0.226682 0.0112761 0.00111781 0.000162535
 0.536082 0.416788 0.044733 0.00215269 0.00024423
 0.708173 0.220955 0.0638841 0.00663311 0.000355134
 0.623386 0.324749 0.0395832 0.0110716 0.00121015
 0.614852 0.31203 0.0633339 0.00746809 0.00231532
 0.688872 0.250988 0.0490276 0.009627 0.00148592
 0.264297 0.628253 0.0872319 0.0164844 0.00373347
 0.652616 0.166299 0.15538 0.0208712 0.00483347
 0.219405 0.651954 0.0626508 0.0566298 0.00936077
pobs_pel_tallas
 0 0 0 0 0 0 0 0 0 0 0 0 0 0 0 0 0 0 0 0 0 0 0 0 0 0 0 0 0 0 0 0 0 0 0 0
 0 0 0 0 0 0 0 0 0 0 0 0 0 0 0 0 0 0 0 0 0 0 0 0 0 0 0 0 0 0 0 0 0 0 0 0
 0 0 0 0 0 0 0 0 0 0 0 0 0 0 0 0 0 0 0 0 0 0 0 0 0 0 0 0 0 0 0 0 0 0 0 0
 0 0 0 0 0 0 0 0 0 0 0 0 0 0 0 0 0 0 0 0 0 0 0 0 0 0 0 0 0 0 0 0 0 0 0 0
 0 0 0 0 0 0 0 0 0 0 0 0 0 0 0 0 0 0 0 0 0 0 0 0 0 0 0 0 0 0 0 0 0 0 0 0
 0 0 0 0 0 0 0 0 0 0 0 0 0 0 0 0 0 0 0 0 0 0 0 0 0 0 0 0 0 0 0 0 0 0 0 0
 0 0 0 0 0 0 0 0 0 0 0 0 0 0 0 0 0 0 0 0 0 0 0 0 0 0 0 0 0 0 0 0 0 0 0 0
 0 0 0 0 0 0 0 0 0 0 0 0 0 0 0 0 0 0 0 0 0 0 0 0 0 0 0 0 0 0 0 0 0 0 0 0
 0 0 0 0 0 0 0 0 0 0 0 0 0 0 0 0 0 0 0 0 0 0 0 0 0 0 0 0 0 0 0 0 0 0 0 0
 0 0 0 0 0 0 0 0 0 0 0 0 0 0 0 0 0 0 0 0 0 0 0 0 0 0 0 0 0 0 0 0 0 0 0 0
 0 0 0 0 0 0 0 0 1.78061e-05 0.00172719 0.00360574 0.0105946 0.0120993 0.0124554 0.0147524 0.0171206 0.0266825 0.0428682 0.0675386 0.121331 0.153587 0.119568 0.100827 0.0573624 0.0630603 0.0341343 0.0324427 0.0444173 0.0211091 0.0280891 0.0125444 0.00206551 0 0 0 0
 0 0 0 0 0 0 0 0 0 0 0 0 0 0 0 0 0 0 0 0 0 0 0 0 0 0 0 0 0 0 0 0 0 0 0 0
 0 0 0 0 0 0 0.0133647 0.0140871 0.0187388 0.0205184 0.03894 0.0496705 0.03968 0.0493445 0.0407372 0.0367815 0.0215668 0.0243155 0.0234873 0.0199281 0.019796 0.0243948 0.0301388 0.0376714 0.0412746 0.0863199 0.0771752 0.113111 0.0741005 0.0525337 0.0229764 0.00759418 0.00175318 0 0 0
 0 0 0 0 0 0 0 0 0 0 0.00219441 0.00772107 0.0458388 0.0604681 0.0671733 0.0775358 0.0609151 0.0617685 0.073594 0.0568108 0.0755445 0.0548602 0.0670107 0.0636378 0.0643287 0.046367 0.0373049 0.0286899 0.0247887 0.0153202 0.00654259 0.00121912 0.000365735 0 0 0
 0 0 0 0 0 0 0 0 0 0 0 0 0.000112435 0.00938835 0.0111873 0.0202946 0.0414886 0.0713402 0.111592 0.104902 0.108894 0.110636 0.117776 0.105296 0.107544 0.0401394 0.0192827 0.0124803 0.00416011 0.0028671 0.000618394 0 0 0 0 0
 0 0 0 0 0 0 0 0 0 0 0.00291406 0.0102884 0.027416 0.0768956 0.0749926 0.110853 0.0956884 0.0897413 0.0766577 0.0534642 0.0500743 0.0551293 0.0594112 0.0620874 0.0668451 0.0424026 0.0208742 0.0120726 0.0048766 0.00582813 0.00118941 0.000297354 0 0 0 0
 0 0.00264628 0.0354308 0.0461629 0.0458689 0.0383711 0.0214643 0.0164657 0.0346957 0.0420465 0.0363128 0.0245516 0.0311673 0.0291091 0.0169068 0.0133784 0.00837989 0.0085269 0.0148486 0.0160247 0.0276389 0.0546898 0.0760071 0.122758 0.109233 0.0665981 0.0333725 0.0166128 0.00676272 0.00308733 0.000882094 0 0 0 0 0
 0 0 0 0 0 0 0 0.000805153 0.000690131 0.00759144 0.0133425 0.0154129 0.00931677 0.000345066 0.00356568 0.00563607 0.00851162 0.0253048 0.0502646 0.0516448 0.0657925 0.0565908 0.0611916 0.0827007 0.0866115 0.110766 0.145733 0.0935128 0.0569358 0.0249597 0.0138026 0.00621118 0.00161031 0.00115022 0 0
 0 0 0 0 0 0 0 0 0 0 0 0 0 0 0 0 0 0 0 0 0 0 0 0 0 0 0 0 0 0 0 0 0 0 0 0
 0.00147267 0.00158595 0.00478618 0.00569244 0.00954404 0.0108468 0.00647125 0.017049 0.0510054 0.094081 0.124002 0.0959785 0.0687766 0.0820023 0.061753 0.0591476 0.0492212 0.0479892 0.0443925 0.0268479 0.0217502 0.0140895 0.0121071 0.0120363 0.00920419 0.00665534 0.0049561 0.00860946 0.00930331 0.0156896 0.0114698 0.00855282 0.00243557 0.00046729 0 2.83206e-05
 0 0 0 0 0.000772559 0.00158375 0.000888443 0.00281984 0.00712685 0.0440552 0.0773331 0.111326 0.0921469 0.0852325 0.0710754 0.0886704 0.0786465 0.0553345 0.0373146 0.0185414 0.00753245 0.00457741 0.012979 0.0271748 0.0457355 0.0583668 0.034881 0.0177882 0.00938659 0.00492506 0.0015258 0.00185414 0.000309023 5.79419e-05 3.86279e-05 0
 0 0.00173294 0.00326652 0 0.00397197 0.00683976 0.00946217 0.0152591 0.00757587 0.0136028 0.0228656 0.0392903 0.0559909 0.0764795 0.0681675 0.0726916 0.0566044 0.0477403 0.0527397 0.0444891 0.0609904 0.0582453 0.0661739 0.0445044 0.0529084 0.0360697 0.0280645 0.0235558 0.0158879 0.00826598 0.00280645 0.00217768 0.000904811 0.00058276 9.20147e-05 0
 0 0 0 0 0 0 0 0 0 0 0 0 0 0 0 0 0 0 0 0 0 0 0 0 0 0 0 0 0 0 0 0 0 0 0 0
 0 0 0 0 0 0 0 0 0 0 0 0 0 0 0 0 0 0 0 0 0 0 0 0 0 0 0 0 0 0 0 0 0 0 0 0
 0 0 0 0 0 0 0 0 0 0 0 0 0 0 0 0 0 0 0 0 0 0 0 0 0 0 0 0 0 0 0 0 0 0 0 0
 0 0 0 0 0 0 0 0 0 0 0 0 0 0 0 0 0 0 0 0 0 0 0 0 0 0 0 0 0 0 0 0 0 0 0 0
 0 0 0 0 0 0 0 0 0 0 0 0 0 0 0 0 0 0 0 0 0 0 0 0 0 0 0 0 0 0 0 0 0 0 0 0
ppred_pel_tallas
 1.04583e-16 9.6972e-06 5.6844e-05 0.000270063 0.00103951 0.00324139 0.00818801 0.0167576 0.0277921 0.0373679 0.0407796 0.0362464 0.0265486 0.0167107 0.0103884 0.00846852 0.0101226 0.0142807 0.0202269 0.027475 0.0355007 0.0436157 0.0510045 0.0568627 0.0605633 0.0617894 0.0605882 0.0573272 0.0525771 0.0469645 0.0410434 0.0352214 0.0297467 0.0247386 0.0202375 0.0162486
 1.0542e-16 2.50312e-05 0.0001469 0.000698269 0.00268833 0.00838326 0.0211755 0.0433283 0.0718234 0.0964626 0.104986 0.0926412 0.0663953 0.0389112 0.0191923 0.00899071 0.00561812 0.00590281 0.00791028 0.0107922 0.0141826 0.0178221 0.021437 0.0247443 0.0274955 0.0295174 0.0307319 0.0311491 0.0308399 0.0299027 0.0284359 0.0265276 0.0242584 0.021712 0.0189848 0.0161873
 1.05511e-16 7.06543e-06 4.13817e-05 0.000196528 0.000756339 0.00235831 0.00595758 0.0121949 0.0202331 0.0272289 0.0297793 0.0266214 0.0198286 0.0131304 0.00928519 0.0090537 0.0119438 0.0172473 0.0244314 0.0330107 0.0423367 0.0515271 0.0595545 0.0654397 0.0684712 0.0683713 0.0653536 0.0600472 0.0533213 0.046071 0.0390342 0.0326885 0.02724 0.0226811 0.0188819 0.015675
 1.07074e-16 2.02333e-05 0.00011873 0.000564341 0.00217267 0.00677518 0.0171137 0.0350177 0.0580491 0.0779686 0.0848725 0.0749285 0.0537787 0.0316754 0.0159218 0.0079676 0.0056798 0.00653413 0.00899807 0.0123997 0.0164321 0.0208453 0.0253508 0.0296322 0.0333912 0.0363917 0.0384857 0.0396125 0.0397811 0.0390445 0.0374811 0.0351866 0.0322777 0.0288975 0.0252154 0.0214183
 1.02003e-16 3.40158e-05 0.00019965 0.000949056 0.00365393 0.0113945 0.0287815 0.0588905 0.0976167 0.131094 0.142649 0.125811 0.090024 0.0524669 0.0253288 0.0109284 0.00554013 0.00478229 0.00597023 0.00792732 0.0101776 0.0124415 0.0144675 0.016025 0.0169447 0.0171549 0.0166944 0.0156954 0.014344 0.0128314 0.0113142 0.00989219 0.00860764 0.00745985 0.00642622 0.00548099
 1.01698e-16 1.59207e-05 9.33775e-05 0.000443739 0.00170819 0.00532664 0.0134552 0.027535 0.0456568 0.0613596 0.066887 0.0592738 0.0430292 0.0263205 0.0150305 0.0104615 0.0110858 0.0150007 0.020952 0.0281746 0.0359822 0.0435609 0.0499942 0.0544203 0.0562257 0.0551925 0.0515505 0.0459085 0.0390967 0.031971 0.0252439 0.0193847 0.014602 0.0108899 0.0081077 0.00605928
 1.00794e-16 3.8388e-05 0.000225326 0.00107114 0.004124 0.0128604 0.0324842 0.0664659 0.110171 0.147944 0.160962 0.141905 0.101418 0.0588608 0.0279541 0.0112711 0.00456429 0.00285795 0.00311995 0.00406164 0.0052331 0.00644772 0.00757211 0.00848695 0.0090989 0.00935772 0.00926418 0.00886439 0.00823392 0.00745757 0.00661186 0.00575492 0.00492471 0.00414299 0.00342166 0.00276813
 1.00368e-16 3.15098e-05 0.000184927 0.00087904 0.00338432 0.0105536 0.0266578 0.0545461 0.090419 0.121439 0.132171 0.116637 0.0836067 0.0490229 0.0242188 0.0113918 0.00713838 0.00742788 0.00976332 0.0129891 0.016536 0.0199635 0.0228322 0.0247399 0.0254052 0.0247351 0.0228488 0.0200446 0.0167242 0.0132998 0.0101131 0.00738708 0.0052174 0.0035945 0.0024418 0.00165465
 1.00447e-16 3.42386e-05 0.000200954 0.000955249 0.00367776 0.0114688 0.0289692 0.0592749 0.0982549 0.131954 0.143593 0.126662 0.0906745 0.0529291 0.0257065 0.0113537 0.00613286 0.00563865 0.00716186 0.00949374 0.0121116 0.0146741 0.0168615 0.0183817 0.019026 0.0187171 0.0175265 0.0156529 0.0133699 0.0109621 0.00866858 0.0066501 0.00498224 0.00367025 0.00267426 0.00193467
 1.00456e-16 3.18295e-05 0.000186806 0.000887973 0.00341872 0.0106609 0.0269287 0.0551004 0.0913373 0.12267 0.133507 0.117805 0.0844213 0.0494545 0.0243467 0.0113103 0.00690005 0.0070409 0.00921312 0.0122609 0.0156307 0.0189066 0.0216771 0.0235641 0.0242997 0.0237896 0.0221357 0.0196062 0.016567 0.013396 0.0104085 0.00781398 0.00570676 0.00408646 0.00289197 0.00203614
 1.00727e-16 2.92056e-05 0.000171397 0.000814708 0.00313661 0.00978119 0.0247067 0.0505542 0.0838032 0.112557 0.122517 0.108145 0.0775792 0.0456097 0.0227581 0.0110838 0.00745523 0.00815491 0.0108743 0.014529 0.0185548 0.0224853 0.0258408 0.028176 0.0291716 0.0287089 0.0268974 0.0240407 0.0205571 0.0168816 0.0133793 0.0102953 0.00774473 0.00573521 0.00420569 0.00306529
 1.00841e-16 2.96809e-05 0.000174189 0.000827985 0.00318774 0.00994062 0.0251093 0.051378 0.0851682 0.114389 0.124506 0.109889 0.0788049 0.0462795 0.0229985 0.0110458 0.00723072 0.00777003 0.0103188 0.0137854 0.0176177 0.0213713 0.0245936 0.0268632 0.0278766 0.0275182 0.0258862 0.023261 0.0200313 0.016602 0.0133139 0.0103967 0.00795992 0.00601385 0.00450584 0.00335602
 1.0078e-16 3.09205e-05 0.000181469 0.0008626 0.00332102 0.0103563 0.0261592 0.0535259 0.0887277 0.119167 0.129697 0.11445 0.0820315 0.0480847 0.0237288 0.0111191 0.00691559 0.0071657 0.00942555 0.0125723 0.0160629 0.0194829 0.0224174 0.0244823 0.0254011 0.0250688 0.0235757 0.0211783 0.018232 0.0151062 0.0121118 0.00945801 0.00724377 0.00547762 0.00411056 0.0030689
 1.00127e-16 4.12183e-05 0.000241944 0.00115015 0.00442823 0.0138091 0.0348805 0.0713688 0.118296 0.158853 0.172821 0.152341 0.108833 0.0630748 0.0297868 0.011714 0.00427673 0.00211581 0.00196644 0.00244835 0.00309771 0.00374937 0.00430726 0.00469479 0.00485852 0.00477891 0.00447452 0.00399635 0.00341452 0.00280177 0.00221905 0.0017071 0.00128481 0.000953057 0.000701251 0.000513882
 1.00035e-16 4.07788e-05 0.000239363 0.00113787 0.00438096 0.0136617 0.0345082 0.0706071 0.117034 0.15716 0.170983 0.150729 0.1077 0.0624571 0.0295675 0.011754 0.00449176 0.00248248 0.00249474 0.0031544 0.00398594 0.00480258 0.00548289 0.00592728 0.0060677 0.00588249 0.00540189 0.00469985 0.00387563 0.00303087 0.00224974 0.0015871 0.00106621 0.000684185 0.000421278 0.000250566
 1.00168e-16 3.02192e-05 0.000177347 0.000842993 0.00324551 0.0101208 0.0255644 0.0523094 0.0867126 0.116465 0.126769 0.111897 0.0802673 0.0471825 0.0235281 0.0114316 0.00764861 0.00832634 0.0110682 0.0147426 0.0187565 0.0226189 0.0258298 0.0279307 0.0286021 0.0277414 0.02549 0.0221948 0.0183219 0.0143488 0.0106713 0.00754776 0.00508825 0.00328003 0.00203135 0.00121659
 1.00591e-16 3.18219e-05 0.000186762 0.000887768 0.00341793 0.0106585 0.0269225 0.0550876 0.0913157 0.12264 0.133472 0.117768 0.0843815 0.0494048 0.0242734 0.0111953 0.00672284 0.00678086 0.00885341 0.0117938 0.0150633 0.0182656 0.0210091 0.0229323 0.0237748 0.023438 0.0220067 0.0197225 0.0169204 0.0139498 0.0111053 0.00858635 0.0064886 0.00482207 0.00354169 0.00257795
 1.00306e-16 3.71316e-05 0.000217944 0.00103603 0.00398882 0.0124388 0.0314194 0.0642877 0.106562 0.143104 0.155709 0.137307 0.0982036 0.0571396 0.027407 0.0115184 0.00538751 0.00421368 0.00505697 0.00663628 0.00845122 0.0102309 0.0117454 0.01279 0.0132194 0.0129811 0.0121274 0.0107995 0.00919113 0.00750284 0.00590261 0.00450236 0.00335356 0.00245774 0.00178459 0.0012901
 1.00281e-16 3.31946e-05 0.000194822 0.000926087 0.00356547 0.0111186 0.0280847 0.0574654 0.0952567 0.127931 0.139225 0.122832 0.0879829 0.0514588 0.0251805 0.0114403 0.00663047 0.00648986 0.00838871 0.0111333 0.014174 0.0171194 0.0195909 0.0212436 0.0218352 0.0212839 0.0196891 0.0173029 0.0144666 0.0115316 0.00879006 0.00643423 0.00454859 0.00312835 0.00211148 0.0014114
 1.00857e-16 2.34053e-05 0.000137333 0.000652737 0.00251294 0.00783626 0.0197941 0.0405037 0.067148 0.0902043 0.0982297 0.0868109 0.0625024 0.0372034 0.019412 0.0108588 0.00911432 0.0112546 0.0154309 0.0206958 0.0264268 0.0319985 0.0367319 0.0399916 0.0413233 0.0405621 0.0378714 0.0336934 0.0286352 0.023326 0.0182935 0.0138902 0.0102794 0.00746775 0.00536124 0.00382222
 1.01224e-16 3.09014e-05 0.000181359 0.000862083 0.00331904 0.0103501 0.0261436 0.0534938 0.0886736 0.119092 0.129609 0.114358 0.0819339 0.0479638 0.0235519 0.0108421 0.00648839 0.00653783 0.00855514 0.0114387 0.0146808 0.0179131 0.0207697 0.022907 0.0240687 0.0241419 0.0231792 0.0213761 0.0190158 0.0163994 0.0137862 0.0113578 0.00921153 0.00737584 0.00583556 0.00455633
 1.01105e-16 2.72084e-05 0.000159669 0.000758944 0.0029219 0.00911159 0.0230154 0.0470939 0.0780688 0.10486 0.114152 0.100792 0.0723716 0.0426835 0.0215493 0.0109115 0.00787716 0.00900041 0.0121327 0.0162429 0.0207581 0.0251724 0.0289549 0.0316105 0.0327832 0.03234 0.0304004 0.0272993 0.0234981 0.0194755 0.0156324 0.0122365 0.00941189 0.00716501 0.00542832 0.00410344
 1.01366e-16 2.68359e-05 0.000157482 0.000748553 0.00288189 0.00898684 0.0227002 0.0464491 0.0769996 0.103424 0.112587 0.0994066 0.0713706 0.0420801 0.0212214 0.0107091 0.00768965 0.00876633 0.0118252 0.0158585 0.0203138 0.024707 0.0285282 0.0312973 0.032663 0.0324825 0.0308516 0.0280707 0.024563 0.0207728 0.0170767 0.0137321 0.0108674 0.00850498 0.00660029 0.00508023
 1.01179e-16 3.00609e-05 0.000176422 0.000838607 0.00322864 0.0100682 0.0254316 0.0520371 0.08626 0.115853 0.126093 0.111275 0.0797675 0.0467812 0.0231299 0.0109141 0.00689218 0.00722707 0.009547 0.0127618 0.0163413 0.0198762 0.0229531 0.0251859 0.0262926 0.0261589 0.0248621 0.0226435 0.019843 0.0168165 0.0138653 0.0111942 0.00890464 0.007013 0.00548265 0.00425467
 1.02184e-16 1.15629e-05 6.77875e-05 0.000322068 0.00123971 0.00386567 0.00976502 0.0199851 0.0331446 0.044564 0.0486309 0.0432205 0.0316465 0.0198974 0.0123253 0.00997424 0.0118342 0.0165956 0.0233579 0.0314836 0.0402836 0.0488787 0.0562597 0.0614692 0.0638152 0.0630344 0.0593517 0.0534071 0.046087 0.038313 0.0308595 0.0242459 0.0187171 0.0142925 0.0108493 0.00820458
 1.03203e-16 2.84769e-05 0.000167129 0.000794445 0.00305863 0.00953804 0.0240923 0.0492963 0.0817151 0.109744 0.11943 0.105363 0.0754602 0.0441165 0.0215584 0.0097568 0.0056281 0.00553937 0.00727166 0.00985365 0.0128787 0.0160784 0.0191823 0.0219172 0.0240496 0.0254261 0.025994 0.0257939 0.0249324 0.0235461 0.0217709 0.0197254 0.0175091 0.0152079 0.012903 0.0106728
 1.03485e-16 9.60619e-06 5.62981e-05 0.000267442 0.00102937 0.00320976 0.00810826 0.0165954 0.0275268 0.0370226 0.0404325 0.0360082 0.026526 0.0169941 0.0110752 0.0096944 0.0120703 0.0171561 0.0242076 0.0326439 0.0417775 0.0507072 0.0583947 0.0638559 0.0663832 0.065713 0.0620844 0.0561617 0.0488569 0.0411096 0.0336988 0.0271345 0.021641 0.0172131 0.013707 0.0109277
pSPR Fmed_Fpbrs
0.46918   0.6 0.325
Fs Fmed_Fpbrs
0.64   0.373874 1.22761
SSBpbr Bo_Bmed_Bpbrs
553184  231884  304251 152126
Ro
21590.3
SPR SPRFo_SPRFmed_SPRFpbrs
445931 209222 144928
log_Ro
9.8
likeval ReclasPelacesDesembMPH_pf_preclas_ppelaces_ptallas_desvR_qrecl_qpela
 99.0673 26.8502 0.224234 37.5076 380.539 229.204 61.3517 0 30.862 3.26009e-05 0.000269443 1.74823e-15 0 0 0
q_reclas_q_pelaces
2.24587 10.3328
M
0.7
N
 16935.1 20941.7 9266.51 1248.54 0.141974
 41807.6 8139.84 7435.97 3290.35 443.383
 4731.2 19657.5 2305.03 2105.71 1057.31
 7755.63 2089.25 2919.59 342.35 469.781
 39482.9 3625.38 557.153 778.586 216.576
 12509.5 19304.7 1534.81 235.871 421.303
 60066.6 5552.33 3021.73 240.24 102.866
 57856.9 26283.3 750.633 408.515 46.3853
 72196.9 24944 3050.98 87.1339 52.805
 100535 30554.7 2392.98 292.693 13.4249
 71294.4 45204.9 5465.14 428.018 54.7536
 62054.1 30088.1 4213.14 509.357 44.9948
 44786.6 26857.4 3634.63 508.946 66.9655
 29467.4 18534.8 2046.79 276.994 43.8901
 14308.9 9436.84 101.133 11.1681 1.75087
 8084.82 4729.42 71.2511 0.763587 0.0975424
 5819.36 3450.11 494.12 7.44417 0.089969
 8319.25 2383.2 236.054 33.8074 0.51548
 11520.6 3408.69 163.902 16.2343 2.36051
 7735.55 5110.22 530.16 25.4919 2.89209
 16798 3501.39 978.553 101.52 5.43524
 22250.2 7844.44 924.227 258.299 28.2319
 28460.2 10373.1 2035.18 239.784 74.3383
 47922.6 13166.3 2486.03 487.753 75.2827
 14294.9 22030.3 2956.75 558.286 126.44
 33138.4 6701.56 6052.53 812.33 188.12
 4650.38 15133.2 1405.7 1269.57 209.852
pred_Ctot
 391.573 4375.07 1935.93 260.841 0.0296608
 1603.23 2597.56 2372.94 1050.01 141.491
 379.383 10594 1242.25 1134.83 569.816
 328.364 720.677 1007.1 118.092 162.049
 437.555 388.063 59.6379 83.3402 23.1824
 961.603 10136.9 805.926 123.856 221.226
 5171.38 3121.99 1699.07 135.083 57.84
 5529.2 15680.5 447.824 243.718 27.6733
 7742.56 15816.7 1934.6 55.2508 33.4832
 6873.74 14885.4 1165.79 142.592 6.54025
 7770.82 28899.8 3493.9 273.635 35.0043
 5777.36 17692.5 2477.42 299.513 26.458
 5423.2 18064 2444.62 342.313 45.0404
 7716.65 15957.4 1762.17 238.477 37.7869
 3522.42 8023.86 85.9904 9.4959 1.48871
 824.978 2922.77 44.033 0.471895 0.060281
 741.878 2375.22 340.176 5.12492 0.0619389
 1058.04 1638.97 162.338 23.2499 0.354505
 890.239 1795.74 86.3453 8.55244 1.24355
 494.99 2381.94 247.114 11.8821 1.34804
 722.606 1222.76 341.73 35.4529 1.8981
 982.569 2795.31 329.341 92.0428 10.0602
 1405.6 4022.32 789.168 92.9793 28.8256
 2571 5424.6 1024.26 200.957 31.0169
 576.971 7320.66 982.529 185.519 42.0162
 1925.13 2922.25 2639.24 354.221 82.0308
 397.614 8474.76 787.211 710.972 117.52
F
 0.0326169 0.335414 0.335414 0.335414 0.335414
 0.0546196 0.561677 0.561677 0.561677 0.561677
 0.117375 1.20702 1.20702 1.20702 1.20702
 0.0604583 0.621719 0.621719 0.621719 0.621719
 0.0155157 0.159555 0.159555 0.159555 0.159555
 0.11227 1.15452 1.15452 1.15452 1.15452
 0.12652 1.30106 1.30106 1.30106 1.30106
 0.141341 1.45347 1.45347 1.45347 1.45347
 0.159878 1.64409 1.64409 1.64409 1.64409
 0.0992984 1.02113 1.02113 1.02113 1.02113
 0.162688 1.673 1.673 1.673 1.673
 0.137466 1.41362 1.41362 1.41362 1.41362
 0.182261 1.87427 1.87427 1.87427 1.87427
 0.438663 4.51097 4.51097 4.51097 4.51097
 0.407078 4.18617 4.18617 4.18617 4.18617
 0.151582 1.55878 1.55878 1.55878 1.55878
 0.192747 1.9821 1.9821 1.9821 1.9821
 0.192244 1.97693 1.97693 1.97693 1.97693
 0.112891 1.1609 1.1609 1.1609 1.1609
 0.0926658 0.952923 0.952923 0.952923 0.952923
 0.061454 0.631958 0.631958 0.631958 0.631958
 0.0631325 0.649219 0.649219 0.649219 0.649219
 0.0708451 0.728532 0.728532 0.728532 0.728532
 0.0771699 0.793572 0.793572 0.793572 0.793572
 0.0575624 0.59194 0.59194 0.59194 0.59194
 0.0838049 0.861802 0.861802 0.861802 0.861802
 0.125599 1.29159 1.29159 1.29159 1.29159
Np
 13630.3 6526.94 695.919 705.696 87.9491
YTP_r0W_actual
 981.203 74918.8 10116.5 11668.3 2140.33
YTP_p0W_proyectada
 2875.91 10083.2 14863.9 1763.24 2008.39
 2875.91 32312.5 5008.36 6485.89 897.013
CTP_r0_actual
 119.659 3468.46 322.182 290.979 48.0973
CTP_p0_proyectada
 350.721 466.813 473.372 43.971 45.1324
 350.721 1495.95 159.502 161.743 20.1576
Wmedp
 8.2 21.6 31.4 40.1 44.5
nmprior
 10.8 10.6 4.6 0
nm_flota  nm_reclas  nm_pelaces    nm_pelaL
inf 17.1913 8.33036 19.4504
cv_recla  cv_pelaces  cv_mph
0.718314 0.283814 0.49104
 ------------------------------------------------
Talla a la edad & desviaci?n 
 7.2 14.2025 17.0495 18.207 18.6776
 1.08 2.13037 2.55742 2.73105 2.80164
