years
 1997 1998 1999 2000 2001 2002 2003 2004 2005 2006 2007 2008 2009 2010 2011 2012 2013 2014 2015 2016 2017 2018 2019 2020 2021 2022 2023
reclasobs
 0 0 0 370054 412103 1.49427e+06 250295 1.28982e+06 931140 785840 897777 1.04006e+06 184774 17550 25797 100020 73551 82996 120727 218422 84188 347160 605670 569463 516374 1.08416e+06 1.01767e+06
reclaspred
 560733 150914 438940 281161 379292 439345 888397 635937 796377 820998 711018 498501 303231 128011 81044.7 70360.3 60776.2 77818.7 106021 167194 240885 245088 439453 534666 645201 588019 649001
pelacesobs
 0 0 0 0 0 0 0 0 0 2.06254e+06 1.5e+06 0 1.87456e+06 323000 250000 174000 83755 137374 0 501740 490994 745055 786931 1.00524e+06 1.33801e+06 1.41789e+06 0
pelacespred
 2.37308e+06 513700 903916 898978 1.07884e+06 921224 2.41292e+06 1.97345e+06 2.35879e+06 2.34738e+06 1.73394e+06 1.25961e+06 779192 260253 181099 154720 138311 190857 251509 394786 665358 620416 905073 1.31317e+06 1.46732e+06 1.48845e+06 1.61106e+06
mphobs
 0 0 0 0 0 0 112323 0 153150 637223 0 255016 313432 73983 77613 109348 50772 17779 17303 59886 28197 0 207744 136588 643089 65757 70829
mphpred
 173055 103183 120870 130650 128223 187052 255591 300232 285735 332514 334837 241590 149345 136890 55676.6 47228.9 38706.9 40678.7 23753.2 34607.6 56354.9 69097 95041.3 135464 169932 161619 151595
desembarqueobs
 350755 77701 442110 56441 14545 235359 269955 359681 431902 328805 639364 411747 362871 311530 167758 66681 60226 58785 57116 73181 50977 67692 138656 160484 209506 203330 245020
desembarquepred
 350766 77704.6 442158 56445.2 14545.3 235485 270026 359666 431921 328848 639348 411769 363177 312200 167688 66720.1 60309.3 58769.5 57083.3 73182.2 50982 67672.2 138678 160503 209522 203337 245007
Reclutas
 44939.3 53694.2 28729 37353.7 61201.7 40717.6 75960.4 86926.5 122609 123831 70598.4 46778.4 44331.9 23104.4 16938.6 10901.4 6787.12 11163.1 18139.5 21991 27037.8 47060.5 57567.3 78117.5 31543.3 49207.2 105993
log_desv_Rt
 0.133069 0.31106 -0.314338 -0.0518134 0.44193 0.0344166 0.657968 0.792818 1.13675 1.14667 0.584762 0.173177 0.11946 -0.532223 -0.842647 -1.28335 -1.75722 -1.25963 -0.774153 -0.581611 -0.37501 0.17919 0.380709 0.685969 -0.220882 0.223796 0.991126
SSB
 548397 326978 383029 414020 406329 592754 787627 940322 884687 1.03236e+06 1.06107e+06 765580 488452 253495 108159 92067 80170.5 80029.2 110052 168456 258818 309207 437332 594936 818546 802608 706357
BT
 1.88662e+06 478596 848228 666550 739015 809440 1.81305e+06 1.73198e+06 1.98293e+06 1.89489e+06 1.73788e+06 1.22385e+06 876071 468180 260390 158948 143603 176029 216121 321794 490143 481172 702790 1.01746e+06 1.15151e+06 1.18219e+06 1.29141e+06
Ftot
 0.590023 0.486907 0.766384 0.164736 0.0346412 0.374888 0.26525 0.508137 0.520728 0.349176 0.664695 0.599674 0.931555 1.72272 1.86486 0.744562 0.79305 0.721913 0.500124 0.382556 0.180261 0.231887 0.241429 0.252996 0.226722 0.255489 0.334571
BD_Bspro_t
 0.930832 0.701853 0.643544 0.482143 0.604621 0.742663 0.678033 0.689845 0.642351 0.630396 0.607051 0.45435 0.351154 0.244608 0.135348 0.141956 0.170536 0.227363 0.341148 0.499213 0.625175 0.719945 0.754741 0.754812 0.760894 0.701648 0.674537
BD_Bspro
 0.674917 0.402415 0.471398 0.509538 0.500073 0.729507 0.969339 1.15726 1.08879 1.27053 1.30587 0.942207 0.601142 0.311979 0.133112 0.113308 0.0986665 0.0984927 0.135442 0.20732 0.31853 0.380544 0.538229 0.732193 1.00739 0.987777 0.86932
BD_Bo
 0.442711 0.263964 0.309212 0.334231 0.328022 0.478519 0.635837 0.759105 0.714191 0.833402 0.856585 0.618039 0.394318 0.204642 0.0873149 0.074324 0.0647202 0.0646061 0.0888428 0.135991 0.208939 0.249617 0.35305 0.480281 0.660797 0.647931 0.570229
BD_Brms
 0.804928 0.479934 0.562204 0.607692 0.596404 0.870035 1.15607 1.38019 1.29853 1.51528 1.55743 1.12371 0.716943 0.372076 0.158754 0.135135 0.117673 0.117466 0.161532 0.247257 0.37989 0.45385 0.64191 0.873238 1.20145 1.17806 1.03678
S_f
 0.159515 1 1 1 1
 0.159515 1 1 1 1
 0.159515 1 1 1 1
 0.159515 1 1 1 1
 0.159515 1 1 1 1
 0.159515 1 1 1 1
 0.159515 1 1 1 1
 0.159515 1 1 1 1
 0.159515 1 1 1 1
 0.159515 1 1 1 1
 0.159515 1 1 1 1
 0.159515 1 1 1 1
 0.159515 1 1 1 1
 0.159515 1 1 1 1
 0.159515 1 1 1 1
 0.159515 1 1 1 1
 0.159515 1 1 1 1
 0.159515 1 1 1 1
 0.159515 1 1 1 1
 0.159515 1 1 1 1
 0.159515 1 1 1 1
 0.159515 1 1 1 1
 0.159515 1 1 1 1
 0.159515 1 1 1 1
 0.159515 1 1 1 1
 0.159515 1 1 1 1
 0.159515 1 1 1 1
Scru_reclas
 0.716169 1 1 1 1
 0.716169 1 1 1 1
 0.716169 1 1 1 1
 0.716169 1 1 1 1
 0.716169 1 1 1 1
 0.716169 1 1 1 1
 0.716169 1 1 1 1
 0.716169 1 1 1 1
 0.716169 1 1 1 1
 0.716169 1 1 1 1
 0.716169 1 1 1 1
 0.716169 1 1 1 1
 0.716169 1 1 1 1
 0.716169 1 1 1 1
 0.716169 1 1 1 1
 0.716169 1 1 1 1
 0.716169 1 1 1 1
 0.716169 1 1 1 1
 0.716169 1 1 1 1
 0.716169 1 1 1 1
 0.716169 1 1 1 1
 0.716169 1 1 1 1
 0.716169 1 1 1 1
 0.716169 1 1 1 1
 0.716169 1 1 1 1
 0.716169 1 1 1 1
 0.716169 1 1 1 1
Scru_pelaces
 1 1 1 1 1
 1 1 1 1 1
 1 1 1 1 1
 1 1 1 1 1
 1 1 1 1 1
 1 1 1 1 1
 1 1 1 1 1
 1 1 1 1 1
 1 1 1 1 1
 1 1 1 1 1
 1 1 1 1 1
 1 1 1 1 1
 1 1 1 1 1
 1 1 1 1 1
 1 1 1 1 1
 1 1 1 1 1
 1 1 1 1 1
 1 1 1 1 1
 1 1 1 1 1
 1 1 1 1 1
 1 1 1 1 1
 1 1 1 1 1
 1 1 1 1 1
 1 1 1 1 1
 1 1 1 1 1
 1 1 1 1 1
 1 1 1 1 1
pf_obs 
 0.256992 0.487395 0.22802 0.0275931 0
 0.321318 0.546541 0.124235 0.00734118 0.000564706
 0.182869 0.594174 0.210203 0.0122559 0.00049798
 0.330522 0.361315 0.267642 0.0388342 0.00168674
 0.649043 0.306663 0.0425973 0.00169635 0
 0.582887 0.30429 0.105238 0.00758474 0
 0.465427 0.430635 0.0974691 0.00646863 0
 0.296916 0.608066 0.0921331 0.00288517 0
 0.311714 0.524322 0.152257 0.0117073 0
 0.15457 0.633149 0.183074 0.0267441 0.00246327
 0.131901 0.49318 0.331252 0.0422183 0.00144891
 0.196976 0.569456 0.194076 0.0375587 0.00193317
 0.518974 0.381816 0.0799577 0.0180837 0.00116848
 0.0928022 0.601141 0.25162 0.0475244 0.00691264
 0.122501 0.610282 0.24278 0.0234846 0.000952079
 0.383417 0.481906 0.127806 0.00687128 0
 0.0376549 0.599619 0.316969 0.0457579 0
 0.0361596 0.667082 0.258105 0.0386534 0
 0.158088 0.579412 0.248529 0.0139706 0
 0.0477256 0.309471 0.559284 0.082774 0.000745712
 0.0406174 0.521527 0.379366 0.0568643 0.0016247
 0.151134 0.462217 0.34131 0.0453401 0
 0.294876 0.26143 0.354403 0.0886775 0.000613685
 0.281977 0.475581 0.204845 0.0348837 0.00271318
 0.0841818 0.532909 0.334909 0.0458182 0.00218182
 0.115287 0.27431 0.454777 0.147771 0.00785563
 0 0 0 0 0
pf_pred 
 0.338096 0.467373 0.174001 0.020519 9.92073e-06
 0.288681 0.576609 0.095119 0.0354125 0.00417802
 0.155607 0.644607 0.161951 0.0267159 0.0111197
 0.239599 0.478026 0.215564 0.0541584 0.0126527
 0.271555 0.496178 0.146014 0.0658447 0.0204076
 0.147398 0.600008 0.172054 0.0506315 0.0299086
 0.283477 0.404883 0.219313 0.0628884 0.0294387
 0.252833 0.551392 0.110626 0.0599227 0.0252265
 0.301353 0.510807 0.138622 0.0278117 0.0214068
 0.236908 0.593085 0.124298 0.0337317 0.0119767
 0.145225 0.596025 0.201104 0.0421472 0.0154989
 0.148222 0.50829 0.23951 0.080813 0.0231649
 0.213975 0.467213 0.190247 0.0896461 0.0389178
 0.194494 0.589615 0.128326 0.0522537 0.0353116
 0.301329 0.552864 0.106728 0.0232285 0.0158504
 0.240332 0.668929 0.0718026 0.0138611 0.00507533
 0.179604 0.608572 0.186523 0.0200213 0.0052802
 0.34019 0.442742 0.161022 0.049352 0.00669451
 0.364802 0.522311 0.0757484 0.0275491 0.00958896
 0.2842 0.5879 0.10517 0.0152523 0.00747791
 0.251548 0.561113 0.153864 0.0275248 0.00594891
 0.303605 0.485092 0.158413 0.0434389 0.0094503
 0.251057 0.564176 0.128704 0.04203 0.0140325
 0.258498 0.520734 0.166303 0.0379384 0.0165257
 0.0944749 0.644336 0.183426 0.0585794 0.0191846
 0.193705 0.339929 0.331847 0.0944683 0.0400502
 0.338549 0.41666 0.103202 0.100749 0.0408398
pobs_RECLAS
 0 0 0 0 0
 0 0 0 0 0
 0 0 0 0 0
 0 0 0 0 0
 0.835266 0.146461 0.0176864 0.000547809 3.91292e-05
 0.385257 0.428462 0.181853 0.0044286 0
 0.867414 0.0963971 0.0333333 0.00285562 0
 0.441836 0.489002 0.0689373 0.000224442 0
 0.779404 0.147425 0.0564933 0.0165055 0.000172143
 0.814271 0.122319 0.05973 0.00367925 0
 0.40263 0.566651 0.0304383 0.000280538 0
 0.475488 0.404961 0.113038 0.00651328 0
 0.955842 0.0263864 0.0167828 0.000988607 0
 0.975058 0.0227948 0.00214734 0 0
 0.738997 0.206755 0.0527124 0.00153531 0
 0.850938 0.134255 0.0134407 0.00136685 0
 0.542534 0.407297 0.0501686 0 0
 0.764087 0.199537 0.0359546 0.000420521 0
 0.470689 0.182191 0.310203 0.0369168 0
 0.84361 0.089868 0.0606195 0.00523954 0.000663233
 0.607945 0.314616 0.071237 0.00620181 0
 0.523733 0.453247 0.0230204 0 0
 0.530135 0.295979 0.169645 0.0042399 0
 0.562478 0.366248 0.0663022 0.0049721 0
 0.250443 0.683176 0.0655157 0.000865301 0
 0.195077 0.31981 0.436473 0.0351445 0.0134964
 0.565238 0.351407 0.0832357 0.000118908 0
ppred_RECLAS
 0.705214 0.20815 0.0774934 0.00913838 4.4183e-06
 0.653154 0.28116 0.046381 0.0172675 0.00203724
 0.467675 0.406375 0.102098 0.0168423 0.00701011
 0.588068 0.258961 0.116778 0.0293393 0.00685435
 0.626391 0.254483 0.0748886 0.0337708 0.0104668
 0.442843 0.392093 0.112433 0.0330866 0.0195447
 0.643404 0.2015 0.109147 0.031298 0.0146509
 0.611357 0.286809 0.0575427 0.0311691 0.0131217
 0.667485 0.243114 0.0659758 0.0132368 0.0101884
 0.587549 0.320563 0.0671832 0.018232 0.0064734
 0.444906 0.38706 0.130598 0.0273705 0.010065
 0.44926 0.328648 0.154862 0.0522518 0.0149779
 0.569394 0.255953 0.104223 0.0491106 0.0213202
 0.568328 0.315976 0.06877 0.0280028 0.0189235
 0.706855 0.231968 0.0447802 0.00974611 0.00665043
 0.600758 0.351555 0.0377357 0.00728469 0.00266733
 0.511414 0.362435 0.111083 0.0119237 0.00314462
 0.709851 0.194694 0.0708087 0.0217023 0.00294388
 0.727366 0.224182 0.0325121 0.0118244 0.00411569
 0.646206 0.290578 0.0519816 0.00753865 0.00369607
 0.603831 0.297007 0.0814431 0.0145694 0.00314886
 0.66485 0.233457 0.0762386 0.0209056 0.00454809
 0.604161 0.298184 0.068024 0.0222142 0.00741661
 0.613682 0.2713 0.0866432 0.0197657 0.00860978
 0.321835 0.482555 0.137371 0.0438712 0.0143677
 0.522649 0.201248 0.196464 0.0559281 0.0237109
 0.701129 0.188264 0.0466311 0.0455225 0.0184531
pobs_PELACES
 0 0 0 0 0
 0 0 0 0 0
 0 0 0 0 0
 0 0 0 0 0
 0 0 0 0 0
 0 0 0 0 0
 0 0 0 0 0
 0 0 0 0 0
 0 0 0 0 0
 0 0 0 0 0
 0.450072 0.473896 0.0757376 0.000293798 0
 0 0 0 0 0
 0.463077 0.371075 0.160297 0.00555027 0
 0.529543 0.364841 0.0842815 0.0213345 0
 0.631943 0.363953 0.00410389 0 0
 0.735681 0.248677 0.0153453 0.000297389 0
 0.695825 0.281241 0.0229344 0 0
 0.275771 0.60734 0.115278 0.00161068 0
 0 0 0 0 0
 0.896147 0.0623911 0.0374545 0.00400742 0
 0.803859 0.145111 0.0509908 3.86294e-05 0
 0.739449 0.233085 0.0266225 0.000797448 4.60066e-05
 0.878498 0.100942 0.0204185 0.000141795 0
 0.694673 0.275183 0.0284847 0.00165964 0
 0.469039 0.446079 0.0841089 0.000773354 0
 0.822795 0.102175 0.0682046 0.00682512 0
 0 0 0 0 0
ppred_PELACES
 0.797338 0.143101 0.0532758 0.00628253 3.03753e-06
 0.750601 0.202168 0.0333502 0.0124162 0.00146488
 0.602747 0.303261 0.0761914 0.0125688 0.00523137
 0.676014 0.203674 0.0918461 0.0230754 0.00539097
 0.702705 0.202502 0.0595918 0.0268727 0.00832882
 0.551859 0.315374 0.0904341 0.0266127 0.0157204
 0.730582 0.152239 0.0824631 0.0236465 0.0110692
 0.716628 0.209122 0.0419562 0.0227264 0.00956745
 0.764065 0.172501 0.0468128 0.00939208 0.00722911
 0.686655 0.243536 0.05104 0.0138511 0.00491793
 0.573691 0.29726 0.100298 0.0210204 0.00772988
 0.573588 0.254457 0.119902 0.0404562 0.0115967
 0.705077 0.175302 0.0713824 0.0336359 0.0146023
 0.747757 0.184637 0.040185 0.0163632 0.0110578
 0.84957 0.119036 0.0229794 0.0050013 0.00341272
 0.720909 0.245755 0.0263792 0.00509238 0.0018646
 0.645533 0.262944 0.0805905 0.00865055 0.0022814
 0.806704 0.129705 0.0471726 0.014458 0.00196121
 0.81059 0.155748 0.0225874 0.00821488 0.00285933
 0.739303 0.214116 0.0383032 0.00555494 0.00272349
 0.691105 0.231578 0.0635016 0.0113598 0.00245519
 0.747088 0.176173 0.0575315 0.0157759 0.0034321
 0.695007 0.22975 0.0524123 0.0171159 0.00571447
 0.704085 0.207812 0.0663677 0.0151403 0.006595
 0.413715 0.417177 0.118759 0.0379274 0.0124211
 0.621369 0.159629 0.155834 0.0443618 0.0188074
 0.782333 0.137112 0.0339613 0.0331539 0.0134393
pobs_pel_tallas
 0 0 0 0 0 0 0 0 0 0 0 0 0 0 0 0 0 0 0 0 0 0 0 0 0 0 0 0 0 0 0 0 0 0 0 0
 0 0 0 0 0 0 0 0 0 0 0 0 0 0 0 0 0 0 0 0 0 0 0 0 0 0 0 0 0 0 0 0 0 0 0 0
 0 0 0 0 0 0 0 0 0 0 0 0 0 0 0 0 0 0 0 0 0 0 0 0 0 0 0 0 0 0 0 0 0 0 0 0
 0 0 0 0 0 0 0 0 0 0 0 0 0 0 0 0 0 0 0 0 0 0 0 0 0 0 0 0 0 0 0 0 0 0 0 0
 0 0 0 0 0 0 0 0 0 0 0 0 0 0 0 0 0 0 0 0 0 0 0 0 0 0 0 0 0 0 0 0 0 0 0 0
 0 0 0 0 0 0 0 0 0 0 0 0 0 0 0 0 0 0 0 0 0 0 0 0 0 0 0 0 0 0 0 0 0 0 0 0
 0 0 0 0 0 0 0 0 0 0 0 0 0 0 0 0 0 0 0 0 0 0 0 0 0 0 0 0 0 0 0 0 0 0 0 0
 0 0 0 0 0 0 0 0 0 0 0 0 0 0 0 0 0 0 0 0 0 0 0 0 0 0 0 0 0 0 0 0 0 0 0 0
 0 0 0 0 0 0 0 0 0 0 0 0 0 0 0 0 0 0 0 0 0 0 0 0 0 0 0 0 0 0 0 0 0 0 0 0
 0 0 0 0 0 0 0 0 0 0 0 0 0 0 0 0 0 0 0 0 0 0 0 0 0 0 0 0 0 0 0 0 0 0 0 0
 0 0 0 0 0 0 0 0 1.78061e-05 0.00172719 0.00360574 0.0105946 0.0120993 0.0124554 0.0147524 0.0171206 0.0266825 0.0428682 0.0675386 0.121331 0.153587 0.119568 0.100827 0.0573624 0.0630603 0.0341343 0.0324427 0.0444173 0.0211091 0.0280891 0.0125444 0.00206551 0 0 0 0
 0 0 0 0 0 0 0 0 0 0 0 0 0 0 0 0 0 0 0 0 0 0 0 0 0 0 0 0 0 0 0 0 0 0 0 0
 0 0 0 0 0 0 0.0133647 0.0140871 0.0187388 0.0205184 0.03894 0.0496705 0.03968 0.0493445 0.0407372 0.0367815 0.0215668 0.0243155 0.0234873 0.0199281 0.019796 0.0243948 0.0301388 0.0376714 0.0412746 0.0863199 0.0771752 0.113111 0.0741005 0.0525337 0.0229764 0.00759418 0.00175318 0 0 0
 0 0 0 0 0 0 0 0 0 0 0.00219441 0.00772107 0.0458388 0.0604681 0.0671733 0.0775358 0.0609151 0.0617685 0.073594 0.0568108 0.0755445 0.0548602 0.0670107 0.0636378 0.0643287 0.046367 0.0373049 0.0286899 0.0247887 0.0153202 0.00654259 0.00121912 0.000365735 0 0 0
 0 0 0 0 0 0 0 0 0 0 0 0 0.000112435 0.00938835 0.0111873 0.0202946 0.0414886 0.0713402 0.111592 0.104902 0.108894 0.110636 0.117776 0.105296 0.107544 0.0401394 0.0192827 0.0124803 0.00416011 0.0028671 0.000618394 0 0 0 0 0
 0 0 0 0 0 0 0 0 0 0 0.00291406 0.0102884 0.027416 0.0768956 0.0749926 0.110853 0.0956884 0.0897413 0.0766577 0.0534642 0.0500743 0.0551293 0.0594112 0.0620874 0.0668451 0.0424026 0.0208742 0.0120726 0.0048766 0.00582813 0.00118941 0.000297354 0 0 0 0
 0 0.00264628 0.0354308 0.0461629 0.0458689 0.0383711 0.0214643 0.0164657 0.0346957 0.0420465 0.0363128 0.0245516 0.0311673 0.0291091 0.0169068 0.0133784 0.00837989 0.0085269 0.0148486 0.0160247 0.0276389 0.0546898 0.0760071 0.122758 0.109233 0.0665981 0.0333725 0.0166128 0.00676272 0.00308733 0.000882094 0 0 0 0 0
 0 0 0 0 0 0 0 0.000805153 0.000690131 0.00759144 0.0133425 0.0154129 0.00931677 0.000345066 0.00356568 0.00563607 0.00851162 0.0253048 0.0502646 0.0516448 0.0657925 0.0565908 0.0611916 0.0827007 0.0866115 0.110766 0.145733 0.0935128 0.0569358 0.0249597 0.0138026 0.00621118 0.00161031 0.00115022 0 0
 0 0 0 0 0 0 0 0 0 0 0 0 0 0 0 0 0 0 0 0 0 0 0 0 0 0 0 0 0 0 0 0 0 0 0 0
 0.00147267 0.00158595 0.00478618 0.00569244 0.00954404 0.0108468 0.00647125 0.017049 0.0510054 0.094081 0.124002 0.0959785 0.0687766 0.0820023 0.061753 0.0591476 0.0492212 0.0479892 0.0443925 0.0268479 0.0217502 0.0140895 0.0121071 0.0120363 0.00920419 0.00665534 0.0049561 0.00860946 0.00930331 0.0156896 0.0114698 0.00855282 0.00243557 0.00046729 0 2.83206e-05
 0 0 0 0 0.000772559 0.00158375 0.000888443 0.00281984 0.00712685 0.0440552 0.0773331 0.111326 0.0921469 0.0852325 0.0710754 0.0886704 0.0786465 0.0553345 0.0373146 0.0185414 0.00753245 0.00457741 0.012979 0.0271748 0.0457355 0.0583668 0.034881 0.0177882 0.00938659 0.00492506 0.0015258 0.00185414 0.000309023 5.79419e-05 3.86279e-05 0
 0 0.00173294 0.00326652 0 0.00397197 0.00683976 0.00946217 0.0152591 0.00757587 0.0136028 0.0228656 0.0392903 0.0559909 0.0764795 0.0681675 0.0726916 0.0566044 0.0477403 0.0527397 0.0444891 0.0609904 0.0582453 0.0661739 0.0445044 0.0529084 0.0360697 0.0280645 0.0235558 0.0158879 0.00826598 0.00280645 0.00217768 0.000904811 0.00058276 9.20147e-05 0
 0 0 0 0 0 0 0 0 0 0 0 0 0 0 0 0 0 0 0 0 0 0 0 0 0 0 0 0 0 0 0 0 0 0 0 0
 0 0 0 0 0 0 0 0 0 0 0 0 0 0 0 0 0 0 0 0 0 0 0 0 0 0 0 0 0 0 0 0 0 0 0 0
 0 0 0 0 0 0 0 0 0 0 0 0 0 0 0 0 0 0 0 0 0 0 0 0 0 0 0 0 0 0 0 0 0 0 0 0
 0 0 0 0 0 0 0 0 0 0 0 0 0 0 0 0 0 0 0 0 0 0 0 0 0 0 0 0 0 0 0 0 0 0 0 0
 0 0 0 0 0 0 0 0 0 0 0 0 0 0 0 0 0 0 0 0 0 0 0 0 0 0 0 0 0 0 0 0 0 0 0 0
ppred_pel_tallas
 1.0102e-16 3.47862e-05 0.000204174 0.000970563 0.00373674 0.0116527 0.0294338 0.0602251 0.0998285 0.134063 0.145878 0.128651 0.092042 0.0536137 0.025828 0.0110511 0.00546866 0.00459688 0.00569112 0.00755373 0.0097087 0.0118843 0.0138377 0.0153438 0.016232 0.0164215 0.0159362 0.014891 0.013458 0.0118224 0.0101461 0.00854492 0.00708536 0.0057932 0.004669 0.00370205
 1.01035e-16 3.27506e-05 0.000192217 0.00091371 0.00351783 0.01097 0.0277094 0.0566973 0.0939829 0.126219 0.137358 0.121174 0.0867735 0.0507078 0.0247323 0.0111028 0.00625474 0.00598378 0.0077025 0.0102506 0.0131138 0.0159421 0.0183994 0.0201758 0.0210463 0.0209217 0.0198673 0.0180803 0.0158361 0.0134216 0.0110782 0.00896773 0.00716771 0.00568667 0.0044908 0.00352943
 1.01857e-16 2.63077e-05 0.000154382 0.000733816 0.00282515 0.00880991 0.0222533 0.0455346 0.0754836 0.101388 0.11037 0.0974492 0.0699648 0.0412507 0.0208026 0.0104981 0.00754175 0.0086063 0.011624 0.0156129 0.020039 0.0244353 0.0283083 0.03119 0.0327337 0.0327904 0.0314391 0.0289543 0.0257293 0.022179 0.0186572 0.0154078 0.0125561 0.0101314 0.00810333 0.0064171
 1.02415e-16 2.94985e-05 0.000173124 0.000822937 0.00316832 0.00988009 0.0249564 0.0510645 0.0846467 0.113683 0.123723 0.109163 0.0782094 0.0457792 0.0224724 0.0103369 0.00618186 0.00624013 0.00819742 0.011017 0.0142326 0.0175123 0.0205237 0.0229474 0.0245348 0.0251586 0.0248332 0.023698 0.0219701 0.0198872 0.0176575 0.0154321 0.0133013 0.011308 0.00946861 0.00778991
 1.02225e-16 3.06622e-05 0.000179956 0.000855419 0.00329339 0.0102701 0.0259415 0.0530802 0.0879875 0.118169 0.128601 0.11346 0.0812715 0.0475381 0.0232724 0.010596 0.00618334 0.0061099 0.00796287 0.010661 0.0137216 0.0168077 0.0195888 0.021753 0.0230654 0.0234177 0.0228475 0.0215179 0.0196677 0.0175495 0.0153776 0.0132986 0.0113882 0.00966691 0.00812491 0.00674306
 1.03036e-16 2.40892e-05 0.000141357 0.000671889 0.00258672 0.00806635 0.0203752 0.0416918 0.0691146 0.0928367 0.101071 0.0892627 0.0641386 0.0379193 0.0193151 0.0100651 0.00763055 0.00898254 0.0122357 0.0164839 0.0212127 0.025951 0.0301922 0.0334512 0.0353638 0.0357652 0.0347211 0.0324951 0.0294704 0.0260525 0.0225858 0.0193067 0.016337 0.0137083 0.0114 0.00937347
 1.02551e-16 3.18758e-05 0.000187086 0.000889323 0.00342395 0.0106773 0.0269699 0.0551839 0.0914731 0.122845 0.133677 0.117907 0.0843882 0.0492233 0.0238413 0.0104245 0.00549406 0.00495693 0.00630984 0.00845945 0.0109633 0.0135546 0.0159839 0.0180114 0.0194464 0.0201837 0.0202193 0.0196382 0.0185822 0.0172089 0.0156579 0.0140318 0.0123956 0.0107866 0.00922901 0.00774469
 1.01892e-16 3.12695e-05 0.000183521 0.000872367 0.00335864 0.0104736 0.0264555 0.0541319 0.0897309 0.12051 0.131149 0.115708 0.0828818 0.0484797 0.0237321 0.0108017 0.00629512 0.00620668 0.00807097 0.0107789 0.0138305 0.016875 0.0195697 0.0215954 0.0227171 0.0228356 0.022007 0.0204197 0.01834 0.0160459 0.0137695 0.0116656 0.00980735 0.00820381 0.00682725 0.00563823
 1.01382e-16 3.33365e-05 0.00019566 0.000930083 0.00358087 0.0111666 0.028206 0.0577132 0.095666 0.128476 0.139807 0.123317 0.0882693 0.051504 0.0249759 0.0109679 0.00584008 0.00530569 0.00673469 0.00896436 0.0115062 0.0140526 0.0163159 0.0180293 0.0189944 0.0191237 0.0184574 0.0171456 0.0154048 0.0134638 0.0115171 0.00969868 0.0080773 0.00666982 0.00546188 0.00442729
 1.0151e-16 2.9964e-05 0.000175854 0.000835906 0.00321825 0.0100358 0.0253496 0.0518694 0.0859819 0.115479 0.125684 0.110911 0.0794995 0.0466095 0.0230183 0.0108172 0.00677342 0.00706145 0.00931893 0.0124641 0.015977 0.0194608 0.0225156 0.0247674 0.0259413 0.0259233 0.0247831 0.022748 0.0201392 0.0172934 0.0144954 0.0119381 0.00971696 0.00784807 0.00629925 0.0050193
 1.02605e-16 2.50405e-05 0.000146943 0.000698451 0.00268899 0.00838529 0.0211808 0.04334 0.071846 0.0965028 0.105055 0.0927641 0.0666169 0.0393089 0.0198837 0.0101358 0.00741273 0.00855691 0.0116081 0.0156367 0.0201353 0.0246542 0.028713 0.0318505 0.033717 0.0341494 0.0332007 0.0311112 0.0282364 0.0249566 0.0215994 0.018395 0.0154694 0.0128656 0.0105766 0.00857629
 1.03717e-16 2.50343e-05 0.000146911 0.000698305 0.00268844 0.00838359 0.0211764 0.0433308 0.0718296 0.0964773 0.105018 0.0927096 0.0665303 0.0391628 0.0196354 0.00972695 0.00677262 0.00760978 0.0102872 0.013904 0.0180026 0.0222008 0.0260921 0.0292795 0.0314506 0.0324408 0.0322589 0.0310652 0.0291156 0.0266904 0.0240346 0.0213254 0.0186692 0.0161196 0.0137027 0.0114385
 1.02909e-16 3.07645e-05 0.00018056 0.000858293 0.00330446 0.0103047 0.0260288 0.0532584 0.0882823 0.118562 0.129024 0.113818 0.0814966 0.0476066 0.0231889 0.0103619 0.00578012 0.0055014 0.00710982 0.0095382 0.0123339 0.0152021 0.0178589 0.0200333 0.0215149 0.0221955 0.0220862 0.0213018 0.0200199 0.0184317 0.0167008 0.0149407 0.0132144 0.0115482 0.00995122 0.00843093
 1.0171e-16 3.26259e-05 0.000191487 0.00091024 0.00350447 0.0109284 0.0276042 0.056482 0.0936255 0.125738 0.13683 0.120701 0.0864157 0.0504615 0.0245433 0.0109023 0.0059827 0.00559402 0.00716245 0.00954369 0.0122458 0.0149472 0.0173431 0.0191509 0.020162 0.0202876 0.0195755 0.0181901 0.0163652 0.0143449 0.0123338 0.0104689 0.00881577 0.00738388 0.00615039 0.00508204
 1.00697e-16 3.70627e-05 0.000217541 0.00103412 0.00398146 0.0124159 0.0313614 0.0641689 0.106365 0.142838 0.155416 0.137042 0.0979991 0.0569901 0.0272785 0.0113677 0.00517473 0.00390651 0.00463172 0.00608133 0.00777255 0.00945714 0.0109297 0.0120061 0.0125528 0.0125154 0.0119301 0.0109102 0.00961518 0.00821162 0.00684004 0.00559528 0.00452339 0.00363086 0.00289986 0.00230295
 1.00717e-16 3.14577e-05 0.000184623 0.000877595 0.00337876 0.0105363 0.026614 0.0544564 0.0902698 0.121237 0.131948 0.11643 0.083438 0.0488832 0.0240744 0.0111994 0.00685492 0.00701544 0.00919279 0.0122468 0.0156319 0.0189383 0.0217588 0.0237185 0.0245492 0.0241531 0.0226246 0.0202216 0.0172982 0.0142211 0.011297 0.00872989 0.00661344 0.00495028 0.00368556 0.00274026
 1.01634e-16 2.81718e-05 0.00016533 0.000785869 0.00302558 0.00943495 0.0238321 0.0487645 0.0808361 0.108571 0.118175 0.104306 0.074811 0.0439541 0.0218814 0.0105766 0.00701882 0.00762664 0.0101849 0.0136681 0.0175611 0.0214474 0.0248961 0.0274984 0.0289479 0.0291073 0.0280347 0.0259574 0.023207 0.0201367 0.0170511 0.0141641 0.0115917 0.00936984 0.00748418 0.00589865
 1.01301e-16 3.5194e-05 0.000206569 0.000981954 0.00378061 0.0117895 0.0297793 0.0609319 0.101 0.135635 0.147584 0.130148 0.0930937 0.0541885 0.0260341 0.0110178 0.00527425 0.0042625 0.00520599 0.00690003 0.00887794 0.0108868 0.0127069 0.0141355 0.0150182 0.0152809 0.0149424 0.014102 0.012909 0.0115237 0.0100847 0.00868978 0.00739384 0.00621758 0.005162 0.00422094
 1.00788e-16 3.53645e-05 0.000207568 0.000986697 0.00379886 0.0118464 0.0299231 0.0612263 0.101488 0.136293 0.148305 0.130796 0.0935844 0.0545281 0.0262973 0.0112992 0.00565609 0.00480709 0.00595532 0.00787178 0.0100566 0.0122155 0.014085 0.0154263 0.0160674 0.0159415 0.0151017 0.0137024 0.0119587 0.0100934 0.00829336 0.0066831 0.00532067 0.00421018 0.00332254 0.00261561
 1.00932e-16 3.22585e-05 0.000189327 0.000899966 0.0034649 0.010805 0.0272925 0.0558445 0.0925697 0.124322 0.135297 0.119365 0.0854968 0.0499996 0.0244576 0.0110991 0.00642018 0.00628403 0.00814236 0.0108458 0.0138738 0.0168605 0.0194499 0.0213127 0.0222099 0.0220465 0.0208918 0.0189558 0.0165325 0.0139289 0.0114046 0.00913496 0.00720557 0.00562795 0.00436723 0.00336902
 1.01482e-16 3.01576e-05 0.000176991 0.000841317 0.00323908 0.0101007 0.0255138 0.0522051 0.086538 0.116225 0.126493 0.111618 0.079991 0.0468674 0.0230897 0.0107579 0.00661389 0.00680541 0.00895697 0.0119879 0.0153894 0.0187815 0.0217831 0.0240353 0.025271 0.0253732 0.0243974 0.0225484 0.0201213 0.0174293 0.0147401 0.0122397 0.0100259 0.00812482 0.00651825 0.0051696
 1.01577e-16 3.25964e-05 0.000191315 0.000909423 0.00350133 0.0109186 0.0275794 0.0564312 0.0935411 0.125624 0.136705 0.120586 0.0863258 0.050393 0.0244805 0.0108253 0.00587319 0.00543765 0.00695006 0.00927369 0.0119271 0.0146016 0.0170048 0.0188628 0.0199687 0.0202265 0.0196682 0.0184364 0.0167419 0.0148094 0.0128321 0.0109453 0.00922239 0.00768751 0.00633574 0.00515119
 1.01675e-16 3.03276e-05 0.00017799 0.000846064 0.00325736 0.0101578 0.0256578 0.0524997 0.0870262 0.11688 0.127206 0.112244 0.0804349 0.0471174 0.0231941 0.0107745 0.00658003 0.00673464 0.00884823 0.0118343 0.0151835 0.0185181 0.0214612 0.0236598 0.0248529 0.0249297 0.0239507 0.0221236 0.0197444 0.0171237 0.0145244 0.0121249 0.0100141 0.00820898 0.00668348 0.00539521
 1.01839e-16 3.07226e-05 0.00018031 0.000857101 0.00329986 0.0102903 0.0259925 0.0531846 0.0881608 0.118402 0.128856 0.113687 0.0814405 0.047649 0.0233491 0.0106685 0.0062772 0.00624383 0.00815024 0.0109099 0.014033 0.0171735 0.0199896 0.0221591 0.0234389 0.0237169 0.023033 0.0215576 0.0195414 0.0172517 0.0149177 0.0126992 0.0106822 0.00889368 0.00732571 0.00595702
 1.03706e-16 1.80697e-05 0.000106007 0.000503813 0.00193954 0.00604813 0.0152775 0.0312623 0.0518308 0.0696374 0.0758587 0.0671017 0.0484458 0.0291056 0.0156826 0.00956524 0.00893459 0.0115821 0.0161059 0.0217615 0.0280072 0.0342519 0.0398298 0.0440997 0.0465792 0.047051 0.0456036 0.0425883 0.0385159 0.0339274 0.0292833 0.0249008 0.0209449 0.01746 0.0144192 0.0117706
 1.04668e-16 2.7114e-05 0.000159129 0.000756411 0.0029122 0.00908138 0.0229389 0.0469362 0.0778029 0.10449 0.113714 0.100323 0.0718562 0.0420214 0.0205577 0.00934501 0.00545228 0.00542669 0.0071631 0.00974514 0.0127944 0.0160631 0.0192995 0.0222454 0.0246747 0.0264308 0.0274455 0.027732 0.0273607 0.0264281 0.0250315 0.0232574 0.0211843 0.0188901 0.016461 0.013993
 1.02295e-16 3.41316e-05 0.000200331 0.000952298 0.00366642 0.0114334 0.0288798 0.0590916 0.0979497 0.13154 0.143131 0.126227 0.090304 0.0525938 0.0253226 0.010811 0.00531579 0.00443778 0.00548595 0.00728969 0.00938948 0.0115292 0.0134831 0.0150434 0.0160536 0.016441 0.0162288 0.0155214 0.0144702 0.0132331 0.0119395 0.0106732 0.00947194 0.00834046 0.00726862 0.00624644
pSPR Fmed_Fpbrs
0.452201   0.6 0.325
Fs Fmed_Fpbrs
0.64   0.354579 1.10702
SSBpbr Bo_Bmed_Bpbrs
1.23873e+06  498216  681299 340649
Ro
39340.1
SPR SPRFo_SPRFmed_SPRFpbrs
812540 367431 264075
log_Ro
10.4
likeval ReclasPelacesDesembMPH_pf_preclas_ppelaces_ptallas_desvR_qrecl_qpela
 96.1886 35.949 0.0434467 48.0231 339.625 219.172 56.0169 0 20.2625 1.08273e-05 4.71972e-05 3.59796e-15 0 0 0
q_reclas_q_pelaces
0.627334 2.65753
M
0.7
N
 44939.3 12172.6 4531.8 534.41 0.258381
 53694.2 20311.7 3350.67 1247.44 147.175
 28729 24671.2 6198.39 1022.5 425.587
 37353.7 12624.7 5693.08 1430.33 334.159
 61201.7 18068.2 5317.07 2397.72 743.138
 40717.6 30224.4 8666.91 2550.48 1506.6
 75960.4 19046.1 10316.7 2958.33 1384.83
 86926.5 36158.1 7254.42 3929.5 1654.26
 122609 39805.6 10802.4 2167.28 1668.16
 123831 56032.7 11743.3 3186.86 1131.52
 70598.4 58161.1 19624.1 4112.8 1512.41
 46778.4 31531.2 14857.8 5013.15 1437.01
 44331.9 21110.4 8596.06 4050.53 1758.45
 23104.4 18974.7 4129.72 1681.61 1136.38
 16938.6 8716.54 1682.68 366.225 249.9
 10901.4 6247.15 670.566 129.449 47.3987
 6787.12 4807.25 1473.39 158.153 41.7095
 11163.1 2969.88 1080.12 331.05 44.9063
 18139.5 4940.45 716.491 260.582 90.7002
 21991 8317.11 1487.85 215.776 105.791
 27037.8 10273.9 2817.24 503.977 108.924
 47060.5 13046 4260.34 1168.24 254.155
 57567.3 22520.9 5137.64 1677.77 560.153
 78117.5 27507.1 8784.74 2004.04 872.945
 31543.3 37257.6 10606.3 3387.26 1109.32
 49207.2 15107.6 14748.4 4198.49 1779.97
 105993 23459.8 5810.74 5672.59 2299.46
pred_Ctot
 2918.83 4034.9 1502.18 177.144 0.0856471
 2898.64 5789.72 955.088 355.576 41.9514
 2394.34 9918.62 2491.95 411.08 171.1
 697.778 1392.14 627.782 157.724 36.848
 242.619 443.307 130.455 58.8284 18.233
 1705.66 6943.2 1990.98 585.9 346.098
 2268.71 3240.34 1755.19 503.305 235.602
 4890.06 10664.5 2139.63 1158.97 487.908
 7062.1 11970.6 3248.55 651.759 501.661
 4840.19 12117.1 2539.49 689.162 244.692
 5139.08 21091.6 7116.49 1491.47 548.46
 3085.91 10582.4 4986.49 1682.49 482.282
 4440.27 9695.3 3947.89 1860.28 807.596
 4055.98 12295.8 2676.1 1089.7 736.387
 3188.48 5850.07 1129.33 245.79 167.719
 884.009 2460.51 264.11 50.9852 18.6685
 584.26 1979.71 606.765 65.1299 17.1767
 879.062 1144.06 416.086 127.527 17.2988
 1004.91 1438.79 208.661 75.8885 26.4143
 939.545 1943.55 347.683 50.4229 24.7214
 552.072 1231.47 337.685 60.4086 13.056
 1231.64 1967.88 642.637 176.219 38.3371
 1567.56 3522.64 803.61 262.43 87.617
 2227.26 4486.72 1432.89 326.882 142.388
 807.438 5506.87 1567.66 500.654 163.963
 1416.56 2485.89 2426.79 690.844 292.886
 3973.71 4890.54 1211.34 1182.54 479.356
F
 0.0941175 0.590023 0.590023 0.590023 0.590023
 0.0776689 0.486907 0.486907 0.486907 0.486907
 0.12225 0.766384 0.766384 0.766384 0.766384
 0.0262778 0.164736 0.164736 0.164736 0.164736
 0.00552579 0.0346412 0.0346412 0.0346412 0.0346412
 0.0598002 0.374888 0.374888 0.374888 0.374888
 0.0423114 0.26525 0.26525 0.26525 0.26525
 0.0810555 0.508137 0.508137 0.508137 0.508137
 0.0830639 0.520728 0.520728 0.520728 0.520728
 0.0556988 0.349176 0.349176 0.349176 0.349176
 0.106029 0.664695 0.664695 0.664695 0.664695
 0.095657 0.599674 0.599674 0.599674 0.599674
 0.148597 0.931555 0.931555 0.931555 0.931555
 0.274799 1.72272 1.72272 1.72272 1.72272
 0.297472 1.86486 1.86486 1.86486 1.86486
 0.118769 0.744562 0.744562 0.744562 0.744562
 0.126503 0.79305 0.79305 0.79305 0.79305
 0.115156 0.721913 0.721913 0.721913 0.721913
 0.0797772 0.500124 0.500124 0.500124 0.500124
 0.0610234 0.382556 0.382556 0.382556 0.382556
 0.0287543 0.180261 0.180261 0.180261 0.180261
 0.0369894 0.231887 0.231887 0.231887 0.231887
 0.0385115 0.241429 0.241429 0.241429 0.241429
 0.0403567 0.252996 0.252996 0.252996 0.252996
 0.0361655 0.226722 0.226722 0.226722 0.226722
 0.0407544 0.255489 0.255489 0.255489 0.255489
 0.0533692 0.334571 0.334571 0.334571 0.334571
Np
 27544.6 12926 17381.8 2904.14 969.893
YTP_r0W_actual
 34484.8 111028 39977.6 49840.4 22420.3
YTP_p0W_proyectada
 8961.65 236157 57358.8 18143.6 26640.9
 8961.65 61175.2 119586 25516.3 9456.7
CTP_r0_actual
 4205.47 5140.19 1273.17 1242.9 503.826
CTP_p0_proyectada
 1092.88 10933.2 1826.71 452.458 598.672
 1092.88 2832.18 3808.46 636.316 212.51
Wmedp
 8.2 21.6 31.4 40.1 44.5
nmprior
 10.8 10.6 4.6 0
nm_flota  nm_reclas  nm_pelaces    nm_pelaL
inf 16.9417 18.1697 57.9544
cv_recla  cv_pelaces  cv_mph
0.707801 0.328401 0.555626
 ------------------------------------------------
Talla a la edad & desviaci?n 
 7.2 14.2025 17.0495 18.207 18.6776
 1.08 2.13037 2.55742 2.73105 2.80164
