years
 1997 1998 1999 2000 2001 2002 2003 2004 2005 2006 2007 2008 2009 2010 2011 2012 2013 2014 2015 2016 2017 2018 2019 2020 2021 2022 2023
reclasobs
 0 0 0 370054 412103 1.49427e+06 250295 1.28982e+06 931140 785840 897777 1.04006e+06 184774 17550 25797 100020 73551 82996 120727 218422 84188 347160 605670 569463 516374 1.08416e+06 1.01767e+06
reclaspred
 476730 136543 432182 299549 396762 451077 935511 660444 818499 784023 653378 454422 277729 124050 80924.8 67078 60132.6 81083.1 107952 171214 242607 245232 431652 533264 624894 596043 716628
pelacesobs
 0 0 0 0 0 0 0 0 0 2.06254e+06 1.5e+06 0 1.87456e+06 323000 250000 174000 83755 137374 0 501740 490994 745055 786931 1.00524e+06 1.33801e+06 1.41789e+06 0
pelacespred
 1.99511e+06 453306 923844 964859 1.10768e+06 1.01288e+06 2.43508e+06 2.07056e+06 2.3521e+06 2.23867e+06 1.65804e+06 1.19345e+06 729527 267584 174599 152844 141336 194737 255091 404995 665159 629759 914846 1.31997e+06 1.50468e+06 1.5742e+06 1.7792e+06
mphobs
 0 0 0 0 0 0 112323 0 153150 637223 0 255016 313432 73983 77613 109348 50772 17779 17303 59886 28197 0 207744 136588 643089 65757 70829
mphpred
 134468 86620.6 110889 136852 135915 192023 274472 311045 292071 328762 316197 231646 143514 133318 57343 45598.3 38527.6 42200.6 23746.3 34151 56280.6 67902.1 93231.2 133279 167208 164804 158895
desembarqueobs
 350755 77701 442110 56441 14545 235359 269955 359681 431902 328805 639364 411747 362871 311530 167758 66681 60226 58785 57116 73181 50977 67692 138656 160484 209506 203330 245020
desembarquepred
 350774 77708.6 442200 56445.1 14545.3 235465 270018 359717 431958 328867 639559 411909 363314 312362 167811 66730.8 60312.4 58790.4 57096.7 73184.6 50981.7 67680.4 138677 160509 209534 203347 245016
Reclutas
 52593.4 63224.2 39304.9 52764.9 79608.8 57219.8 92312.2 107238 145998 135872 73380.1 44044.6 41036.6 20865.6 16569.4 12282.2 8104.29 13328.4 22187.8 29048.2 34207.1 60247.8 74026.9 98507 41584.6 64971.3 151038
log_desv_Rt
 0.110347 0.294443 -0.180896 0.113601 0.52488 0.194656 0.672932 0.822802 1.13135 1.05947 0.443408 -0.067041 -0.137782 -0.814143 -1.04469 -1.3441 -1.75985 -1.26235 -0.752703 -0.483287 -0.31981 0.246222 0.452183 0.737883 -0.124514 0.3217 1.16529
SSB
 583801 376068 481429 594150 590083 833678 1.16126e+06 1.33653e+06 1.24227e+06 1.40075e+06 1.37279e+06 1.0057e+06 640331 336062 150161 120599 107377 112295 152487 229564 359124 422743 595814 815327 1.11542e+06 1.12973e+06 1.02608e+06
BT
 2.13398e+06 547364 1.09171e+06 946956 1.02946e+06 1.12106e+06 2.42495e+06 2.31407e+06 2.55659e+06 2.37288e+06 2.10088e+06 1.47426e+06 1.02549e+06 545010 303480 196026 182157 226691 282188 429389 653555 642585 936163 1.34965e+06 1.54835e+06 1.62743e+06 1.84475e+06
Ftot
 0.650457 0.49122 0.695252 0.128353 0.0270711 0.300104 0.195769 0.403574 0.415714 0.296334 0.57344 0.490862 0.748553 1.38396 1.47795 0.66225 0.677012 0.565705 0.422979 0.330694 0.151693 0.192885 0.206962 0.212113 0.191289 0.195046 0.254395
BD_Bspro_t
 0.936549 0.730198 0.694746 0.569458 0.687679 0.80269 0.756497 0.761907 0.719525 0.702323 0.6726 0.528782 0.422954 0.311311 0.186545 0.188354 0.228921 0.307766 0.432918 0.587356 0.704511 0.782466 0.809544 0.80966 0.814324 0.770556 0.752973
BD_Bspro
 0.600133 0.386588 0.494897 0.610771 0.60659 0.857 1.19375 1.37392 1.27702 1.43994 1.41119 1.03384 0.658244 0.345463 0.154362 0.123973 0.110381 0.115436 0.156752 0.235986 0.36917 0.434569 0.612481 0.838136 1.14662 1.16133 1.05478
BD_Bo
 0.3792 0.24427 0.312706 0.385923 0.383281 0.541505 0.754284 0.868126 0.8069 0.909841 0.891675 0.653241 0.415919 0.218285 0.0975354 0.0783337 0.0697455 0.0729397 0.0990457 0.149111 0.233264 0.274587 0.387003 0.529585 0.724507 0.733801 0.666477
BD_Brms
 0.689455 0.444127 0.568557 0.701677 0.696874 0.984554 1.37142 1.57841 1.46709 1.65426 1.62123 1.18771 0.756216 0.396882 0.177337 0.142425 0.12681 0.132618 0.180083 0.27111 0.424117 0.49925 0.703642 0.962882 1.31728 1.33418 1.21178
S_f
 0.147358 0.766705 0.98425 0.999159 0.999956
 0.147358 0.766705 0.98425 0.999159 0.999956
 0.147358 0.766705 0.98425 0.999159 0.999956
 0.147358 0.766705 0.98425 0.999159 0.999956
 0.147358 0.766705 0.98425 0.999159 0.999956
 0.147358 0.766705 0.98425 0.999159 0.999956
 0.147358 0.766705 0.98425 0.999159 0.999956
 0.147358 0.766705 0.98425 0.999159 0.999956
 0.147358 0.766705 0.98425 0.999159 0.999956
 0.147358 0.766705 0.98425 0.999159 0.999956
 0.147358 0.766705 0.98425 0.999159 0.999956
 0.147358 0.766705 0.98425 0.999159 0.999956
 0.147358 0.766705 0.98425 0.999159 0.999956
 0.147358 0.766705 0.98425 0.999159 0.999956
 0.147358 0.766705 0.98425 0.999159 0.999956
 0.147358 0.766705 0.98425 0.999159 0.999956
 0.147358 0.766705 0.98425 0.999159 0.999956
 0.147358 0.766705 0.98425 0.999159 0.999956
 0.147358 0.766705 0.98425 0.999159 0.999956
 0.147358 0.766705 0.98425 0.999159 0.999956
 0.147358 0.766705 0.98425 0.999159 0.999956
 0.147358 0.766705 0.98425 0.999159 0.999956
 0.147358 0.766705 0.98425 0.999159 0.999956
 0.147358 0.766705 0.98425 0.999159 0.999956
 0.147358 0.766705 0.98425 0.999159 0.999956
 0.147358 0.766705 0.98425 0.999159 0.999956
 0.147358 0.766705 0.98425 0.999159 0.999956
Scru_reclas
 0.91367 1 1 1 1
 0.91367 1 1 1 1
 0.91367 1 1 1 1
 0.91367 1 1 1 1
 0.91367 1 1 1 1
 0.91367 1 1 1 1
 0.91367 1 1 1 1
 0.91367 1 1 1 1
 0.91367 1 1 1 1
 0.91367 1 1 1 1
 0.91367 1 1 1 1
 0.91367 1 1 1 1
 0.91367 1 1 1 1
 0.91367 1 1 1 1
 0.91367 1 1 1 1
 0.91367 1 1 1 1
 0.91367 1 1 1 1
 0.91367 1 1 1 1
 0.91367 1 1 1 1
 0.91367 1 1 1 1
 0.91367 1 1 1 1
 0.91367 1 1 1 1
 0.91367 1 1 1 1
 0.91367 1 1 1 1
 0.91367 1 1 1 1
 0.91367 1 1 1 1
 0.91367 1 1 1 1
Scru_pelaces
 1 1 1 1 1
 1 1 1 1 1
 1 1 1 1 1
 1 1 1 1 1
 1 1 1 1 1
 1 1 1 1 1
 1 1 1 1 1
 1 1 1 1 1
 1 1 1 1 1
 1 1 1 1 1
 1 1 1 1 1
 1 1 1 1 1
 1 1 1 1 1
 1 1 1 1 1
 1 1 1 1 1
 1 1 1 1 1
 1 1 1 1 1
 1 1 1 1 1
 1 1 1 1 1
 1 1 1 1 1
 1 1 1 1 1
 1 1 1 1 1
 1 1 1 1 1
 1 1 1 1 1
 1 1 1 1 1
 1 1 1 1 1
 1 1 1 1 1
pf_obs 
 0.256992 0.487395 0.22802 0.0275931 0
 0.321318 0.546541 0.124235 0.00734118 0.000564706
 0.182869 0.594174 0.210203 0.0122559 0.00049798
 0.330522 0.361315 0.267642 0.0388342 0.00168674
 0.649043 0.306663 0.0425973 0.00169635 0
 0.582887 0.30429 0.105238 0.00758474 0
 0.465427 0.430635 0.0974691 0.00646863 0
 0.296916 0.608066 0.0921331 0.00288517 0
 0.311714 0.524322 0.152257 0.0117073 0
 0.15457 0.633149 0.183074 0.0267441 0.00246327
 0.131901 0.49318 0.331252 0.0422183 0.00144891
 0.196976 0.569456 0.194076 0.0375587 0.00193317
 0.518974 0.381816 0.0799577 0.0180837 0.00116848
 0.0928022 0.601141 0.25162 0.0475244 0.00691264
 0.122501 0.610282 0.24278 0.0234846 0.000952079
 0.383417 0.481906 0.127806 0.00687128 0
 0.0376549 0.599619 0.316969 0.0457579 0
 0.0361596 0.667082 0.258105 0.0386534 0
 0.158088 0.579412 0.248529 0.0139706 0
 0.0477256 0.309471 0.559284 0.082774 0.000745712
 0.0406174 0.521527 0.379366 0.0568643 0.0016247
 0.151134 0.462217 0.34131 0.0453401 0
 0.294876 0.26143 0.354403 0.0886775 0.000613685
 0.281977 0.475581 0.204845 0.0348837 0.00271318
 0.0841818 0.532909 0.334909 0.0458182 0.00218182
 0.115287 0.27431 0.454777 0.147771 0.00785563
 0 0 0 0 0
pf_pred 
 0.388811 0.422531 0.168864 0.0197819 1.23453e-05
 0.314715 0.540202 0.109698 0.0317385 0.00364563
 0.180938 0.584599 0.19577 0.0293906 0.00930248
 0.249875 0.419255 0.256857 0.06201 0.0120025
 0.268114 0.447224 0.176585 0.0841909 0.0238869
 0.159532 0.527208 0.209125 0.0649593 0.0391762
 0.251829 0.366046 0.263661 0.0795359 0.0389279
 0.245661 0.477077 0.154066 0.0854323 0.0377631
 0.284106 0.455172 0.182078 0.0440529 0.0345898
 0.219545 0.529682 0.175811 0.0526407 0.0223211
 0.130308 0.513877 0.262088 0.066047 0.0276789
 0.118429 0.411815 0.312324 0.116567 0.0408656
 0.173257 0.368756 0.249205 0.139697 0.0690846
 0.155118 0.504279 0.181712 0.0873186 0.0715722
 0.25051 0.465495 0.19858 0.0461837 0.0392305
 0.239682 0.566103 0.140151 0.0381407 0.0159223
 0.178875 0.533311 0.230936 0.0412816 0.0155965
 0.316459 0.388205 0.212856 0.0664516 0.0160283
 0.363736 0.464478 0.11051 0.0444053 0.0168716
 0.306056 0.519676 0.136712 0.0243178 0.0132388
 0.254488 0.510439 0.187589 0.0373898 0.0100933
 0.311221 0.423854 0.195396 0.0556609 0.0138685
 0.262149 0.506779 0.156141 0.0554987 0.0194325
 0.261593 0.465345 0.202407 0.0479951 0.0226599
 0.100981 0.568937 0.227726 0.0761916 0.0261637
 0.187263 0.285662 0.364701 0.112583 0.0497909
 0.351466 0.354547 0.121747 0.119774 0.0524663
pobs_RECLAS
 0 0 0 0 0
 0 0 0 0 0
 0 0 0 0 0
 0 0 0 0 0
 0.835266 0.146461 0.0176864 0.000547809 3.91292e-05
 0.385257 0.428462 0.181853 0.0044286 0
 0.867414 0.0963971 0.0333333 0.00285562 0
 0.441836 0.489002 0.0689373 0.000224442 0
 0.779404 0.147425 0.0564933 0.0165055 0.000172143
 0.814271 0.122319 0.05973 0.00367925 0
 0.40263 0.566651 0.0304383 0.000280538 0
 0.475488 0.404961 0.113038 0.00651328 0
 0.955842 0.0263864 0.0167828 0.000988607 0
 0.975058 0.0227948 0.00214734 0 0
 0.738997 0.206755 0.0527124 0.00153531 0
 0.850938 0.134255 0.0134407 0.00136685 0
 0.542534 0.407297 0.0501686 0 0
 0.764087 0.199537 0.0359546 0.000420521 0
 0.470689 0.182191 0.310203 0.0369168 0
 0.84361 0.089868 0.0606195 0.00523954 0.000663233
 0.607945 0.314616 0.071237 0.00620181 0
 0.523733 0.453247 0.0230204 0 0
 0.530135 0.295979 0.169645 0.0042399 0
 0.562478 0.366248 0.0663022 0.0049721 0
 0.250443 0.683176 0.0655157 0.000865301 0
 0.195077 0.31981 0.436473 0.0351445 0.0134964
 0.565238 0.351407 0.0832357 0.000118908 0
ppred_RECLAS
 0.771075 0.17056 0.0523294 0.00603238 3.76143e-06
 0.701441 0.247487 0.0387648 0.0110405 0.0012671
 0.538577 0.353142 0.0906552 0.0133913 0.00423486
 0.638586 0.224269 0.10683 0.0254025 0.00491292
 0.656477 0.230119 0.070754 0.0332295 0.00942044
 0.499822 0.343037 0.10545 0.0322548 0.0194366
 0.645944 0.195953 0.109612 0.0325652 0.0159258
 0.632857 0.253874 0.0633827 0.0346037 0.015283
 0.677306 0.224002 0.0692531 0.0164961 0.0129419
 0.593761 0.297561 0.0765464 0.0225691 0.00956212
 0.447508 0.36097 0.141671 0.0351379 0.0147131
 0.427284 0.305416 0.178666 0.0656409 0.022993
 0.544574 0.234368 0.121195 0.0668382 0.0330249
 0.516938 0.322366 0.0864828 0.0408015 0.033411
 0.661422 0.233598 0.0738284 0.0168516 0.0143003
 0.622556 0.299064 0.0568186 0.0152154 0.0063464
 0.538859 0.326443 0.108427 0.0190716 0.00719922
 0.715626 0.179647 0.0758171 0.023296 0.00561432
 0.747171 0.196879 0.0361959 0.014319 0.00543596
 0.692894 0.243962 0.0497029 0.00870544 0.00473545
 0.637319 0.267301 0.076349 0.0149882 0.00404278
 0.703378 0.199949 0.0715879 0.0200841 0.00500013
 0.647121 0.260954 0.0624262 0.0218527 0.00764538
 0.649639 0.241006 0.0813843 0.0190055 0.00896582
 0.36989 0.435022 0.135236 0.0445621 0.01529
 0.564198 0.179628 0.178099 0.054147 0.0239277
 0.744163 0.156247 0.0416193 0.0403222 0.0176485
pobs_PELACES
 0 0 0 0 0
 0 0 0 0 0
 0 0 0 0 0
 0 0 0 0 0
 0 0 0 0 0
 0 0 0 0 0
 0 0 0 0 0
 0 0 0 0 0
 0 0 0 0 0
 0 0 0 0 0
 0.450072 0.473896 0.0757376 0.000293798 0
 0 0 0 0 0
 0.463077 0.371075 0.160297 0.00555027 0
 0.529543 0.364841 0.0842815 0.0213345 0
 0.631943 0.363953 0.00410389 0 0
 0.735681 0.248677 0.0153453 0.000297389 0
 0.695825 0.281241 0.0229344 0 0
 0.275771 0.60734 0.115278 0.00161068 0
 0 0 0 0 0
 0.896147 0.0623911 0.0374545 0.00400742 0
 0.803859 0.145111 0.0509908 3.86294e-05 0
 0.739449 0.233085 0.0266225 0.000797448 4.60066e-05
 0.878498 0.100942 0.0204185 0.000141795 0
 0.694673 0.275183 0.0284847 0.00165964 0
 0.469039 0.446079 0.0841089 0.000773354 0
 0.822795 0.102175 0.0682046 0.00682512 0
 0 0 0 0 0
ppred_PELACES
 0.809906 0.143307 0.041962 0.0048218 3.00608e-06
 0.740946 0.216041 0.0326667 0.00928126 0.00106506
 0.598356 0.310983 0.0759459 0.0111802 0.00353497
 0.665809 0.208111 0.0982239 0.0233414 0.00451415
 0.677894 0.215914 0.0662576 0.0311136 0.00882053
 0.539364 0.318096 0.095699 0.029229 0.0176119
 0.676545 0.180163 0.0993732 0.0294948 0.0144235
 0.674011 0.227481 0.0551717 0.0300611 0.0132754
 0.716241 0.1988 0.0596543 0.0141806 0.0111241
 0.630917 0.271908 0.068475 0.0201599 0.00854071
 0.502768 0.329555 0.124125 0.0306993 0.0128526
 0.478596 0.282725 0.159665 0.0585185 0.0204955
 0.610299 0.205935 0.10092 0.0554521 0.0273936
 0.616305 0.264637 0.0642809 0.0301211 0.0246562
 0.749198 0.178727 0.0508 0.0115113 0.00976468
 0.676103 0.259182 0.0469552 0.0125332 0.00522672
 0.598339 0.288387 0.091242 0.0159955 0.006037
 0.75838 0.154952 0.0627922 0.0192403 0.00463621
 0.780249 0.172289 0.0307276 0.0121305 0.00460462
 0.726407 0.218409 0.0434531 0.0075984 0.0041329
 0.665506 0.247241 0.0698544 0.013703 0.00369597
 0.73061 0.182425 0.0644155 0.0180547 0.00449467
 0.677636 0.239328 0.0564084 0.019726 0.00690097
 0.680463 0.220862 0.073455 0.0171359 0.00808339
 0.401557 0.414949 0.127236 0.0418868 0.0143713
 0.597906 0.167129 0.163402 0.0496312 0.021931
 0.771597 0.140522 0.0367532 0.0355632 0.0155645
pobs_pel_tallas
 0 0 0 0 0 0 0 0 0 0 0 0 0 0 0 0 0 0 0 0 0 0 0 0 0 0 0 0 0 0 0 0 0 0 0 0
 0 0 0 0 0 0 0 0 0 0 0 0 0 0 0 0 0 0 0 0 0 0 0 0 0 0 0 0 0 0 0 0 0 0 0 0
 0 0 0 0 0 0 0 0 0 0 0 0 0 0 0 0 0 0 0 0 0 0 0 0 0 0 0 0 0 0 0 0 0 0 0 0
 0 0 0 0 0 0 0 0 0 0 0 0 0 0 0 0 0 0 0 0 0 0 0 0 0 0 0 0 0 0 0 0 0 0 0 0
 0 0 0 0 0 0 0 0 0 0 0 0 0 0 0 0 0 0 0 0 0 0 0 0 0 0 0 0 0 0 0 0 0 0 0 0
 0 0 0 0 0 0 0 0 0 0 0 0 0 0 0 0 0 0 0 0 0 0 0 0 0 0 0 0 0 0 0 0 0 0 0 0
 0 0 0 0 0 0 0 0 0 0 0 0 0 0 0 0 0 0 0 0 0 0 0 0 0 0 0 0 0 0 0 0 0 0 0 0
 0 0 0 0 0 0 0 0 0 0 0 0 0 0 0 0 0 0 0 0 0 0 0 0 0 0 0 0 0 0 0 0 0 0 0 0
 0 0 0 0 0 0 0 0 0 0 0 0 0 0 0 0 0 0 0 0 0 0 0 0 0 0 0 0 0 0 0 0 0 0 0 0
 0 0 0 0 0 0 0 0 0 0 0 0 0 0 0 0 0 0 0 0 0 0 0 0 0 0 0 0 0 0 0 0 0 0 0 0
 0 0 0 0 0 0 0 0 1.78061e-05 0.00172719 0.00360574 0.0105946 0.0120993 0.0124554 0.0147524 0.0171206 0.0266825 0.0428682 0.0675386 0.121331 0.153587 0.119568 0.100827 0.0573624 0.0630603 0.0341343 0.0324427 0.0444173 0.0211091 0.0280891 0.0125444 0.00206551 0 0 0 0
 0 0 0 0 0 0 0 0 0 0 0 0 0 0 0 0 0 0 0 0 0 0 0 0 0 0 0 0 0 0 0 0 0 0 0 0
 0 0 0 0 0 0 0.0133647 0.0140871 0.0187388 0.0205184 0.03894 0.0496705 0.03968 0.0493445 0.0407372 0.0367815 0.0215668 0.0243155 0.0234873 0.0199281 0.019796 0.0243948 0.0301388 0.0376714 0.0412746 0.0863199 0.0771752 0.113111 0.0741005 0.0525337 0.0229764 0.00759418 0.00175318 0 0 0
 0 0 0 0 0 0 0 0 0 0 0.00219441 0.00772107 0.0458388 0.0604681 0.0671733 0.0775358 0.0609151 0.0617685 0.073594 0.0568108 0.0755445 0.0548602 0.0670107 0.0636378 0.0643287 0.046367 0.0373049 0.0286899 0.0247887 0.0153202 0.00654259 0.00121912 0.000365735 0 0 0
 0 0 0 0 0 0 0 0 0 0 0 0 0.000112435 0.00938835 0.0111873 0.0202946 0.0414886 0.0713402 0.111592 0.104902 0.108894 0.110636 0.117776 0.105296 0.107544 0.0401394 0.0192827 0.0124803 0.00416011 0.0028671 0.000618394 0 0 0 0 0
 0 0 0 0 0 0 0 0 0 0 0.00291406 0.0102884 0.027416 0.0768956 0.0749926 0.110853 0.0956884 0.0897413 0.0766577 0.0534642 0.0500743 0.0551293 0.0594112 0.0620874 0.0668451 0.0424026 0.0208742 0.0120726 0.0048766 0.00582813 0.00118941 0.000297354 0 0 0 0
 0 0.00264628 0.0354308 0.0461629 0.0458689 0.0383711 0.0214643 0.0164657 0.0346957 0.0420465 0.0363128 0.0245516 0.0311673 0.0291091 0.0169068 0.0133784 0.00837989 0.0085269 0.0148486 0.0160247 0.0276389 0.0546898 0.0760071 0.122758 0.109233 0.0665981 0.0333725 0.0166128 0.00676272 0.00308733 0.000882094 0 0 0 0 0
 0 0 0 0 0 0 0 0.000805153 0.000690131 0.00759144 0.0133425 0.0154129 0.00931677 0.000345066 0.00356568 0.00563607 0.00851162 0.0253048 0.0502646 0.0516448 0.0657925 0.0565908 0.0611916 0.0827007 0.0866115 0.110766 0.145733 0.0935128 0.0569358 0.0249597 0.0138026 0.00621118 0.00161031 0.00115022 0 0
 0 0 0 0 0 0 0 0 0 0 0 0 0 0 0 0 0 0 0 0 0 0 0 0 0 0 0 0 0 0 0 0 0 0 0 0
 0.00147267 0.00158595 0.00478618 0.00569244 0.00954404 0.0108468 0.00647125 0.017049 0.0510054 0.094081 0.124002 0.0959785 0.0687766 0.0820023 0.061753 0.0591476 0.0492212 0.0479892 0.0443925 0.0268479 0.0217502 0.0140895 0.0121071 0.0120363 0.00920419 0.00665534 0.0049561 0.00860946 0.00930331 0.0156896 0.0114698 0.00855282 0.00243557 0.00046729 0 2.83206e-05
 0 0 0 0 0.000772559 0.00158375 0.000888443 0.00281984 0.00712685 0.0440552 0.0773331 0.111326 0.0921469 0.0852325 0.0710754 0.0886704 0.0786465 0.0553345 0.0373146 0.0185414 0.00753245 0.00457741 0.012979 0.0271748 0.0457355 0.0583668 0.034881 0.0177882 0.00938659 0.00492506 0.0015258 0.00185414 0.000309023 5.79419e-05 3.86279e-05 0
 0 0.00173294 0.00326652 0 0.00397197 0.00683976 0.00946217 0.0152591 0.00757587 0.0136028 0.0228656 0.0392903 0.0559909 0.0764795 0.0681675 0.0726916 0.0566044 0.0477403 0.0527397 0.0444891 0.0609904 0.0582453 0.0661739 0.0445044 0.0529084 0.0360697 0.0280645 0.0235558 0.0158879 0.00826598 0.00280645 0.00217768 0.000904811 0.00058276 9.20147e-05 0
 0 0 0 0 0 0 0 0 0 0 0 0 0 0 0 0 0 0 0 0 0 0 0 0 0 0 0 0 0 0 0 0 0 0 0 0
 0 0 0 0 0 0 0 0 0 0 0 0 0 0 0 0 0 0 0 0 0 0 0 0 0 0 0 0 0 0 0 0 0 0 0 0
 0 0 0 0 0 0 0 0 0 0 0 0 0 0 0 0 0 0 0 0 0 0 0 0 0 0 0 0 0 0 0 0 0 0 0 0
 0 0 0 0 0 0 0 0 0 0 0 0 0 0 0 0 0 0 0 0 0 0 0 0 0 0 0 0 0 0 0 0 0 0 0 0
 0 0 0 0 0 0 0 0 0 0 0 0 0 0 0 0 0 0 0 0 0 0 0 0 0 0 0 0 0 0 0 0 0 0 0 0
ppred_pel_tallas
 1.00809e-16 3.53342e-05 0.000207391 0.000985859 0.00379564 0.0118364 0.0298977 0.0611742 0.101402 0.136176 0.148175 0.130676 0.0934857 0.0544454 0.0262109 0.0111835 0.00548613 0.00456113 0.00561769 0.00743694 0.00953424 0.0116341 0.0134927 0.0148859 0.0156474 0.0157034 0.0150874 0.0139257 0.0124011 0.0107085 0.00901537 0.00743944 0.00604398 0.00484772 0.00384143 0.00300348
 1.00903e-16 3.23302e-05 0.000189748 0.000901967 0.00347261 0.010829 0.0273532 0.0559687 0.0927756 0.124599 0.135598 0.119632 0.0856886 0.0501139 0.0245173 0.0111324 0.0064473 0.00631565 0.00818255 0.0108945 0.0139275 0.0169124 0.0194904 0.0213303 0.0221929 0.0219854 0.0207816 0.0187974 0.0163327 0.0136999 0.0111615 0.00889379 0.0069805 0.0054296 0.0042018 0.00323827
 1.01729e-16 2.61165e-05 0.000153259 0.000728476 0.00280459 0.00874577 0.0220913 0.0452032 0.0749345 0.100651 0.10957 0.0967487 0.0694739 0.0409853 0.0207133 0.0105258 0.00765168 0.00879052 0.011889 0.0159676 0.0204861 0.0249666 0.0289026 0.0318143 0.0333465 0.0333485 0.031904 0.0292981 0.0259384 0.0222546 0.0186133 0.015267 0.0123456 0.00987843 0.00783263 0.00614877
 1.02476e-16 2.90537e-05 0.000170512 0.000810519 0.00312051 0.009731 0.0245798 0.050294 0.0833697 0.111969 0.121859 0.107523 0.0770452 0.0451188 0.0221876 0.0102728 0.00623582 0.00636993 0.00839743 0.0112957 0.0146002 0.0179747 0.02108 0.0235888 0.0252456 0.0259175 0.0256163 0.0244809 0.0227302 0.020605 0.0183173 0.0160222 0.0138141 0.0117402 0.00982085 0.00806669
 1.02493e-16 2.95808e-05 0.000173607 0.00082523 0.00317715 0.00990762 0.0250259 0.0512068 0.0848829 0.114001 0.124071 0.109475 0.0784445 0.0459391 0.0225918 0.0104592 0.00634376 0.00646741 0.00850517 0.011408 0.014694 0.0180123 0.0210124 0.0233618 0.024809 0.0252365 0.0246812 0.0233132 0.021383 0.0191563 0.0168586 0.0146443 0.012594 0.0107314 0.00904836 0.00752824
 1.0329e-16 2.35445e-05 0.000138159 0.000656683 0.00252817 0.00788376 0.019914 0.0407482 0.0675507 0.090737 0.098788 0.0872524 0.0627078 0.0371008 0.0189491 0.00995766 0.00765078 0.00907289 0.0123836 0.0166957 0.0214998 0.0263242 0.030659 0.0340151 0.0360234 0.0365144 0.0355496 0.0333887 0.0304116 0.027021 0.0235593 0.0202616 0.0172502 0.014559 0.012171 0.0100529
 1.03157e-16 2.95207e-05 0.000173257 0.000823572 0.00317078 0.00988775 0.0249757 0.0511038 0.0847113 0.113768 0.12381 0.109227 0.0782289 0.045737 0.0223521 0.0101154 0.00582576 0.00570959 0.00745506 0.0100398 0.0130247 0.0161147 0.0190184 0.0214531 0.0231924 0.0241104 0.0242 0.0235589 0.0223514 0.0207606 0.0189487 0.0170352 0.015096 0.0131757 0.0113045 0.00951095
 1.02511e-16 2.9412e-05 0.000172614 0.000820509 0.00315897 0.00985092 0.0248827 0.0509139 0.0843978 0.113351 0.123366 0.10886 0.0780175 0.0457177 0.0225359 0.0105216 0.00649959 0.00671538 0.00885515 0.0118682 0.0152613 0.0186672 0.0217172 0.0240638 0.0254478 0.0257546 0.0250349 0.0234808 0.0213684 0.0189868 0.0165785 0.0143056 0.0122468 0.0104162 0.00879232 0.00734387
 1.01919e-16 3.12523e-05 0.000183421 0.000871892 0.00335681 0.0104679 0.0264411 0.0541023 0.0896817 0.120443 0.131075 0.115637 0.0828208 0.0484232 0.0236663 0.0107083 0.00615536 0.00600371 0.00779222 0.0104199 0.0133993 0.0163952 0.0190807 0.0211488 0.0223688 0.0226356 0.0219892 0.0205944 0.0186916 0.0165358 0.0143441 0.0122663 0.0103802 0.00870744 0.00723657 0.00594465
 1.02153e-16 2.75347e-05 0.000161589 0.000768084 0.0029571 0.0092214 0.0232927 0.0476609 0.0790071 0.106116 0.115506 0.101958 0.0731455 0.0430119 0.0214797 0.0104941 0.00710883 0.00782779 0.0104862 0.0140758 0.0180804 0.0220746 0.0256167 0.0282884 0.0297788 0.0299525 0.0288759 0.0267884 0.0240335 0.0209734 0.017915 0.0150681 0.012539 0.0103512 0.00847898 0.00687829
 1.03525e-16 2.19493e-05 0.000128792 0.000612152 0.0023567 0.00734906 0.0185634 0.0379849 0.0629709 0.0845886 0.0921028 0.0813689 0.0585253 0.0347188 0.0179041 0.00968821 0.00778244 0.00944751 0.0129754 0.0175326 0.022621 0.0277606 0.0324241 0.0360999 0.0383959 0.0391216 0.0383218 0.0362454 0.0332675 0.0297917 0.0261665 0.0226388 0.0193465 0.016343 0.0136322 0.011201
 1.05328e-16 2.08934e-05 0.000122597 0.000582711 0.00224336 0.00699563 0.0176706 0.0361578 0.0599413 0.0805168 0.0876638 0.0774341 0.0556666 0.0329665 0.0168984 0.00898535 0.00704474 0.00847255 0.0116584 0.01584 0.0205898 0.0255087 0.0301528 0.03408 0.0369339 0.0385124 0.0387973 0.0379325 0.0361651 0.0337717 0.0309972 0.0280226 0.0249644 0.0218941 0.0188649 0.0159301
 1.04686e-16 2.6633e-05 0.000156301 0.00074296 0.00286039 0.00891982 0.0225308 0.0461017 0.0764209 0.102638 0.111709 0.0985785 0.0706605 0.0414299 0.020468 0.00963806 0.00607595 0.00639658 0.00852285 0.0115238 0.0149736 0.0185574 0.0219512 0.0248383 0.0269654 0.0281916 0.0285083 0.0280214 0.0269073 0.0253586 0.0235397 0.021565 0.0195009 0.017383 0.015238 0.0130998
 1.03186e-16 2.68972e-05 0.000157847 0.000750296 0.00288862 0.00900784 0.0227532 0.0465571 0.0771774 0.103659 0.112831 0.0995973 0.071452 0.0420168 0.0209846 0.010256 0.00695441 0.00766678 0.0102817 0.013819 0.0177801 0.0217565 0.0253232 0.0280776 0.0297189 0.030114 0.0293215 0.0275638 0.0251599 0.0224433 0.0196924 0.0170919 0.0147297 0.0126193 0.0107338 0.0090364
 1.01632e-16 3.26885e-05 0.000191855 0.000911991 0.00351121 0.0109494 0.0276573 0.0565906 0.0938054 0.125979 0.137091 0.120928 0.0865719 0.0505396 0.0245571 0.0108678 0.00590754 0.00547727 0.00699974 0.00933267 0.0119901 0.014659 0.017043 0.0188662 0.0199219 0.020118 0.0194929 0.0181983 0.0164536 0.0144914 0.0125091 0.0106423 0.0089609 0.00748274 0.00619492 0.00507366
 1.01426e-16 2.95045e-05 0.000173155 0.000823071 0.00316882 0.00988164 0.0249604 0.051073 0.0846623 0.113708 0.123762 0.109225 0.0783142 0.0459612 0.0227848 0.0108519 0.00698715 0.00742846 0.00984863 0.0131729 0.0168698 0.0205213 0.0237021 0.0260154 0.0271713 0.0270534 0.0257427 0.0234887 0.0206413 0.0175657 0.0145696 0.0118602 0.00953742 0.00761405 0.00604925 0.0047809
 1.02221e-16 2.61149e-05 0.000153252 0.000728444 0.00280447 0.00874543 0.0220904 0.0452012 0.0749306 0.100644 0.109558 0.0967263 0.0694331 0.0409118 0.0205853 0.0103138 0.00731965 0.00829984 0.0112061 0.015074 0.0193899 0.0237113 0.0275696 0.0305177 0.0322186 0.0325186 0.0314759 0.0293321 0.0264415 0.0231818 0.0198778 0.0167571 0.0139429 0.011474 0.00933803 0.0075017
 1.0182e-16 3.30879e-05 0.000194202 0.000923155 0.00355421 0.0110835 0.0279959 0.0572833 0.0949528 0.127517 0.13876 0.122386 0.0875862 0.0510718 0.0247042 0.0107445 0.00557582 0.00494302 0.0062407 0.00832755 0.0107395 0.0131978 0.015445 0.0172389 0.0183931 0.0188145 0.0185191 0.0176179 0.0162808 0.0146916 0.01301 0.0113494 0.0097753 0.00831535 0.00697625 0.00575781
 1.01125e-16 3.40422e-05 0.000199803 0.000949778 0.00365671 0.0114031 0.0288033 0.0589354 0.0976917 0.131196 0.142765 0.125923 0.0901274 0.0525731 0.0254657 0.0111331 0.00585408 0.00524693 0.0066221 0.00878985 0.0112512 0.0136944 0.0158316 0.0173985 0.0182027 0.0181664 0.0173419 0.015893 0.0140493 0.01205 0.0100958 0.00832118 0.00679006 0.00550966 0.00445302 0.00358043
 1.01143e-16 3.16963e-05 0.000186026 0.000884273 0.00340448 0.0106165 0.0268166 0.0548707 0.0909558 0.122156 0.132941 0.117292 0.0840228 0.0491598 0.0240886 0.0110027 0.00646382 0.00641105 0.00834228 0.0111267 0.0142472 0.0173348 0.0200279 0.0219905 0.0229769 0.0228872 0.0217877 0.019887 0.0174789 0.0148712 0.012324 0.010014 0.00802821 0.00638034 0.00503871 0.00395296
 1.01716e-16 2.9042e-05 0.00017044 0.000810169 0.00311915 0.00972674 0.0245691 0.0502724 0.0833349 0.111925 0.12182 0.107508 0.0770774 0.0452236 0.022398 0.0106343 0.0068068 0.00721484 0.00957308 0.0128329 0.0164841 0.0201296 0.0233644 0.0258056 0.0271674 0.0273231 0.0263297 0.0244025 0.0218531 0.0190123 0.0161631 0.0135022 0.0111331 0.00908456 0.00733897 0.00586007
 1.01805e-16 3.18782e-05 0.000187097 0.000889371 0.00342412 0.0106778 0.0269713 0.055187 0.091479 0.122855 0.133695 0.117938 0.0844437 0.0493226 0.0240137 0.01071 0.00594139 0.00561851 0.00723163 0.00966722 0.0124475 0.0152586 0.0177993 0.0197857 0.0210018 0.0213448 0.0208431 0.0196388 0.0179441 0.0159863 0.0139615 0.0120076 0.010201 0.00856907 0.00711109 0.00581592
 1.0188e-16 2.95706e-05 0.000173544 0.000824928 0.00317598 0.00990396 0.0250167 0.0511882 0.0848526 0.113962 0.124034 0.109455 0.0784559 0.0459984 0.0227183 0.01068 0.00669421 0.00698757 0.00923133 0.0123614 0.0158686 0.0193654 0.0224607 0.0247868 0.0260714 0.0261973 0.0252255 0.0233691 0.0209328 0.018237 0.0155522 0.0130624 0.0108595 0.00896153 0.00734318 0.00596299
 1.02082e-16 2.96931e-05 0.000174265 0.00082836 0.0031892 0.00994519 0.0251208 0.0514011 0.085205 0.114434 0.124543 0.109894 0.0787496 0.0461277 0.0227029 0.0105414 0.00643487 0.00659162 0.00867705 0.0116351 0.0149765 0.0183413 0.0213683 0.0237149 0.0251218 0.0254679 0.0247924 0.023273 0.0211722 0.0187703 0.0163081 0.0139539 0.0117988 0.0098729 0.00817024 0.00667155
 1.04053e-16 1.75394e-05 0.000102895 0.000489014 0.00188257 0.00587045 0.0148287 0.030344 0.0503086 0.0675934 0.0736349 0.0651413 0.0470451 0.0282936 0.0152991 0.00941509 0.0088828 0.0115644 0.0161029 0.0217754 0.0280509 0.0343453 0.0399981 0.0443707 0.04698 0.0476036 0.0463201 0.0434677 0.0395423 0.035071 0.0305031 0.0261497 0.0221748 0.0186269 0.0154877 0.012716
 1.05105e-16 2.60912e-05 0.000153124 0.00072786 0.00280226 0.00873856 0.0220729 0.0451645 0.0748666 0.100548 0.109428 0.0965503 0.0691736 0.0404921 0.0198837 0.00916519 0.00552455 0.00564691 0.00751104 0.0102343 0.0134452 0.0168909 0.02031 0.0234329 0.026023 0.0279155 0.0290369 0.0293983 0.0290695 0.028147 0.0267284 0.0249004 0.0227424 0.0203349 0.0177687 0.0151465
 1.02517e-16 3.36636e-05 0.000197583 0.000939233 0.00361612 0.0112765 0.0284836 0.058281 0.0966061 0.129736 0.14117 0.124501 0.0890763 0.0518938 0.0250137 0.0107279 0.00534752 0.00453642 0.00564192 0.00750886 0.0096808 0.0118994 0.0139349 0.0155742 0.0166564 0.0171056 0.0169429 0.0162717 0.0152437 0.0140165 0.0127193 0.0114355 0.0102026 0.00902586 0.00789653 0.00680726
pSPR Fmed_Fpbrs
0.49004   0.6 0.325
Fs Fmed_Fpbrs
0.64   0.407324 1.31458
SSBpbr Bo_Bmed_Bpbrs
1.53956e+06  677468  846757 423378
Ro
47098.7
SPR SPRFo_SPRFmed_SPRFpbrs
972787 476705 316156
log_Ro
10.58
likeval ReclasPelacesDesembMPH_pf_preclas_ppelaces_ptallas_desvR_qrecl_qpela
 95.342 39.3762 0.060853 50.815 339.354 223.49 55.0873 0 21.7368 3.67136e-05 2.20021e-05 1.3465e-15 0 0 0
q_reclas_q_pelaces
0.42375 1.94904
M
0.7
N
 52593.4 13001.1 4281.31 495.936 0.309316
 63224.2 23730 3920.92 1120.8 128.658
 39304.9 29203.9 8085.89 1200.63 379.791
 52764.9 17617.6 8510.06 2025.5 391.758
 79608.8 25711.3 7928.69 3724.44 1055.88
 57219.8 39375.2 12505.6 3833.75 2310.48
 92312.2 27185.3 15534.2 4621.87 2260.47
 107238 44537.4 11618.3 6362.1 2810.33
 145998 50178 16230.7 3878.17 3043.08
 135872 68192.6 18116.9 5353.44 2268.43
 73380.1 64589.2 26981.1 6720.62 2814.73
 44044.6 33486.8 20663.9 7619.62 2669.56
 41036.6 20345.7 11413.6 6329.72 3128.47
 20865.6 18249.9 5691.38 2712.96 2222.78
 16569.4 8449.98 3136.37 723.819 614.595
 12282.2 6617.83 1351.22 363.633 151.713
 8104.29 5532.07 1977.87 349.655 132.025
 13328.4 3642.35 1634.76 504.428 121.594
 22187.8 6089.31 1172.22 465.193 176.632
 29048.2 10352.3 2186.35 383.884 208.847
 34207.1 13738.8 3989.51 784.075 211.501
 60247.8 16611.3 6073.43 1706.36 424.848
 74026.9 29079.8 7114.93 2494.47 872.788
 98507 35656.5 12321.7 2882.03 1359.71
 41584.6 47411.8 15048.9 4965.89 1704.01
 64971.3 20076.4 20332.3 6190.57 2735.84
 151038 31349.7 8584.86 8333.09 3647.65
pred_Ctot
 3476.23 3777.71 1509.76 176.863 0.110376
 3188.26 5472.59 1111.31 321.531 36.9325
 2768.87 8946.02 2995.83 449.76 142.354
 711.75 1194.22 731.638 176.631 34.1883
 227.983 380.285 150.154 71.5895 20.3116
 1784.69 5897.91 2339.49 726.703 438.266
 1890.95 2748.58 1979.79 597.222 292.303
 4468.01 8676.93 2802.1 1553.82 686.824
 6261.05 10030.9 4012.58 970.824 762.28
 4185.64 10098.4 3351.86 1003.6 425.554
 4297.02 16945.5 8642.58 2177.96 912.734
 2219.51 7717.93 5853.35 2184.61 765.874
 3101.91 6602 4461.63 2501.06 1236.85
 2801.1 9106.17 3281.33 1576.78 1292.44
 2361.47 4388.06 1871.95 435.357 369.812
 825.901 1950.69 482.935 131.426 54.8652
 556.585 1659.44 718.575 128.451 48.5299
 770.344 944.994 518.149 161.761 39.0171
 967.685 1235.7 294.001 118.136 44.8854
 996.396 1691.86 445.078 79.1688 43.1004
 544.502 1092.14 401.366 79.9993 21.5956
 1216.18 1656.32 763.564 217.51 54.1949
 1601.92 3096.78 954.133 339.137 118.747
 2184 3885.08 1689.86 400.702 189.184
 832.578 4690.81 1877.57 628.19 215.716
 1326.04 2022.82 2582.51 797.218 352.578
 4005.19 4040.31 1387.38 1364.91 597.889
F
 0.09585 0.498708 0.640213 0.64991 0.650428
 0.0723851 0.37662 0.483483 0.490807 0.491198
 0.102451 0.533053 0.684303 0.694668 0.695222
 0.0189139 0.098409 0.126332 0.128245 0.128348
 0.00398915 0.0207556 0.0266448 0.0270484 0.0270699
 0.0442227 0.230091 0.295378 0.299852 0.300091
 0.0288481 0.150097 0.192685 0.195604 0.19576
 0.0594698 0.309422 0.397218 0.403234 0.403556
 0.0612588 0.31873 0.409167 0.415364 0.415696
 0.0436671 0.2272 0.291667 0.296084 0.296321
 0.0845009 0.439659 0.564408 0.572957 0.573414
 0.0723324 0.376346 0.483131 0.490449 0.49084
 0.110305 0.573919 0.736763 0.747923 0.74852
 0.203938 1.06109 1.36217 1.3828 1.3839
 0.217788 1.13315 1.45468 1.47671 1.47789
 0.0975878 0.50775 0.651819 0.661693 0.66222
 0.0997631 0.519068 0.666349 0.676443 0.676982
 0.0833611 0.433729 0.556795 0.565229 0.56568
 0.0623293 0.3243 0.416317 0.422623 0.42296
 0.0487304 0.253544 0.325485 0.330416 0.330679
 0.0223531 0.116303 0.149304 0.151565 0.151686
 0.0284231 0.147886 0.189847 0.192723 0.192876
 0.0304975 0.158678 0.203702 0.206788 0.206952
 0.0312566 0.162628 0.208773 0.211935 0.212104
 0.0281879 0.146662 0.188276 0.191128 0.19128
 0.0287416 0.149543 0.191974 0.194882 0.195038
 0.0374872 0.195046 0.250389 0.254181 0.254384
Np
 34179.5 15984.3 26252.1 4259.91 1459.58
YTP_r0W_actual
 52069 132992 65518.4 82243.1 39977.1
YTP_p0W_proyectada
 11783.1 306472 97757.4 32755 48716.2
 11783.1 67808.6 200352 42043 15996.5
CTP_r0_actual
 6349.88 6157.02 2086.57 2050.95 898.361
CTP_p0_proyectada
 1436.96 14188.5 3113.29 816.833 1094.75
 1436.96 3139.29 6380.65 1048.45 359.471
Wmedp
 8.2 21.6 31.4 40.1 44.5
nmprior
 10.8 10.6 4.6 0
nm_flota  nm_reclas  nm_pelaces    nm_pelaL
inf 12.2592 19.2935 63.0341
cv_recla  cv_pelaces  cv_mph
0.704679 0.343699 0.571548
 ------------------------------------------------
Talla a la edad & desviaci?n 
 7.2 14.2025 17.0495 18.207 18.6776
 1.08 2.13037 2.55742 2.73105 2.80164
