years
 1997 1998 1999 2000 2001 2002 2003 2004 2005 2006 2007 2008 2009 2010 2011 2012 2013 2014 2015 2016 2017 2018 2019 2020 2021 2022 2023
reclasobs
 0 0 0 370054 412103 1.49427e+06 250295 1.28982e+06 931140 785840 897777 1.04006e+06 184774 17550 25797 100020 73551 82996 120727 218422 84188 347160 605670 569463 516374 1.08416e+06 1.01767e+06
reclaspred
 478811 136210 424056 291996 392166 449828 928257 655110 812190 792238 667687 466174 284292 124703 80770.6 67849.3 59972.2 79854.1 107299 169822 241965 244992 433327 531858 630050 596487 711950
pelacesobs
 0 0 0 0 0 0 0 0 0 2.06254e+06 1.5e+06 0 1.87456e+06 323000 250000 174000 83755 137374 0 501740 490994 745055 786931 1.00524e+06 1.33801e+06 1.41789e+06 0
pelacespred
 2.05423e+06 450564 912774 942372 1.10511e+06 995351 2.45078e+06 2.05529e+06 2.36153e+06 2.26883e+06 1.67804e+06 1.21119e+06 740767 262823 175349 153199 139716 193497 254499 403332 667996 629606 914609 1.31886e+06 1.50006e+06 1.56303e+06 1.77729e+06
mphobs
 0 0 0 0 0 0 112323 0 153150 637223 0 255016 313432 73983 77613 109348 50772 17779 17303 59886 28197 0 207744 136588 643089 65757 70829
mphpred
 138381 87447.8 110602 132619 133551 191271 270928 309630 290723 329345 319827 233615 144578 134592 56567.7 46187.4 38574.8 41782.3 23659.6 34232.5 56275.2 68218.5 93689 133670 167462 164120 158290
desembarqueobs
 350755 77701 442110 56441 14545 235359 269955 359681 431902 328805 639364 411747 362871 311530 167758 66681 60226 58785 57116 73181 50977 67692 138656 160484 209506 203330 245020
desembarquepred
 350774 77708.8 442203 56445.5 14545.4 235477 270026 359716 431961 328870 639536 411886 363294 312347 167786 66729.7 60315.2 58787.4 57093.4 73184.6 50982.3 67679.1 138679 160511 209535 203348 245015
Reclutas
 49207.7 58822.7 35994.2 48010.4 73161.7 51773.6 86405.1 99487.3 136809 130076 72402.3 44635.7 41616.6 21257.7 16669.3 11722.9 7590.91 12519.3 20722.2 26485.8 31584.9 55446.6 67869.7 90620 38417.1 59973.5 140052
log_desv_Rt
 0.103805 0.282284 -0.208887 0.0791722 0.500427 0.154635 0.666802 0.807785 1.12634 1.07587 0.489994 0.00628939 -0.0637447 -0.735526 -0.978674 -1.3307 -1.76529 -1.26498 -0.761038 -0.515636 -0.339564 0.223175 0.425346 0.71443 -0.143742 0.301657 1.14977
SSB
 542085 342563 433266 519516 523165 749273 1.03362e+06 1.19995e+06 1.1148e+06 1.26545e+06 1.25287e+06 915149 582891 304623 133474 109789 96962.1 100033 136710 207310 322863 381702 538419 734592 1.00549e+06 1.01348e+06 919638
BT
 1.99584e+06 503525 996417 839144 924889 1.01291e+06 2.21256e+06 2.10921e+06 2.34633e+06 2.19022e+06 1.96252e+06 1.37741e+06 965745 513911 286320 181831 167498 207602 257876 390358 594349 584269 851229 1.22669e+06 1.40521e+06 1.47247e+06 1.67832e+06
Ftot
 0.728004 0.557697 0.80345 0.15013 0.0310857 0.341537 0.224838 0.462415 0.47815 0.33689 0.645684 0.552698 0.846059 1.58912 1.74009 0.755572 0.773988 0.658167 0.486422 0.376746 0.172694 0.218326 0.233882 0.240599 0.216226 0.220716 0.290145
BD_Bspro_t
 0.93054 0.711415 0.671458 0.537122 0.661716 0.784995 0.734423 0.741407 0.696795 0.68041 0.65128 0.504566 0.399049 0.28849 0.167795 0.172255 0.208409 0.279854 0.402542 0.559691 0.680591 0.763874 0.793235 0.793147 0.798354 0.751035 0.732205
BD_Bspro
 0.591708 0.373921 0.472927 0.567073 0.571056 0.817862 1.12824 1.3098 1.21685 1.38129 1.36756 0.998923 0.636249 0.332508 0.145693 0.11984 0.105838 0.10919 0.149224 0.226287 0.352418 0.416643 0.587706 0.801837 1.09753 1.10625 1.00382
BD_Bo
 0.395995 0.250244 0.316502 0.379508 0.382174 0.547347 0.755065 0.876569 0.814363 0.924413 0.915228 0.66852 0.425804 0.222528 0.0975034 0.0802016 0.0708312 0.0730743 0.0998669 0.151441 0.235853 0.278835 0.393317 0.536622 0.734512 0.740349 0.671799
BD_Brms
 0.719991 0.454988 0.575459 0.690015 0.694862 0.995176 1.37285 1.59376 1.48066 1.68075 1.66405 1.21549 0.774189 0.404596 0.177279 0.145821 0.128784 0.132862 0.181576 0.275347 0.428823 0.506972 0.715122 0.975677 1.33548 1.34609 1.22145
S_f
 0.136516 0.750243 0.982781 0.999079 0.999951
 0.136516 0.750243 0.982781 0.999079 0.999951
 0.136516 0.750243 0.982781 0.999079 0.999951
 0.136516 0.750243 0.982781 0.999079 0.999951
 0.136516 0.750243 0.982781 0.999079 0.999951
 0.136516 0.750243 0.982781 0.999079 0.999951
 0.136516 0.750243 0.982781 0.999079 0.999951
 0.136516 0.750243 0.982781 0.999079 0.999951
 0.136516 0.750243 0.982781 0.999079 0.999951
 0.136516 0.750243 0.982781 0.999079 0.999951
 0.136516 0.750243 0.982781 0.999079 0.999951
 0.136516 0.750243 0.982781 0.999079 0.999951
 0.136516 0.750243 0.982781 0.999079 0.999951
 0.136516 0.750243 0.982781 0.999079 0.999951
 0.136516 0.750243 0.982781 0.999079 0.999951
 0.136516 0.750243 0.982781 0.999079 0.999951
 0.136516 0.750243 0.982781 0.999079 0.999951
 0.136516 0.750243 0.982781 0.999079 0.999951
 0.136516 0.750243 0.982781 0.999079 0.999951
 0.136516 0.750243 0.982781 0.999079 0.999951
 0.136516 0.750243 0.982781 0.999079 0.999951
 0.136516 0.750243 0.982781 0.999079 0.999951
 0.136516 0.750243 0.982781 0.999079 0.999951
 0.136516 0.750243 0.982781 0.999079 0.999951
 0.136516 0.750243 0.982781 0.999079 0.999951
 0.136516 0.750243 0.982781 0.999079 0.999951
 0.136516 0.750243 0.982781 0.999079 0.999951
Scru_reclas
 0.851404 1 1 1 1
 0.851404 1 1 1 1
 0.851404 1 1 1 1
 0.851404 1 1 1 1
 0.851404 1 1 1 1
 0.851404 1 1 1 1
 0.851404 1 1 1 1
 0.851404 1 1 1 1
 0.851404 1 1 1 1
 0.851404 1 1 1 1
 0.851404 1 1 1 1
 0.851404 1 1 1 1
 0.851404 1 1 1 1
 0.851404 1 1 1 1
 0.851404 1 1 1 1
 0.851404 1 1 1 1
 0.851404 1 1 1 1
 0.851404 1 1 1 1
 0.851404 1 1 1 1
 0.851404 1 1 1 1
 0.851404 1 1 1 1
 0.851404 1 1 1 1
 0.851404 1 1 1 1
 0.851404 1 1 1 1
 0.851404 1 1 1 1
 0.851404 1 1 1 1
 0.851404 1 1 1 1
Scru_pelaces
 1 1 1 1 1
 1 1 1 1 1
 1 1 1 1 1
 1 1 1 1 1
 1 1 1 1 1
 1 1 1 1 1
 1 1 1 1 1
 1 1 1 1 1
 1 1 1 1 1
 1 1 1 1 1
 1 1 1 1 1
 1 1 1 1 1
 1 1 1 1 1
 1 1 1 1 1
 1 1 1 1 1
 1 1 1 1 1
 1 1 1 1 1
 1 1 1 1 1
 1 1 1 1 1
 1 1 1 1 1
 1 1 1 1 1
 1 1 1 1 1
 1 1 1 1 1
 1 1 1 1 1
 1 1 1 1 1
 1 1 1 1 1
 1 1 1 1 1
pf_obs 
 0.256992 0.487395 0.22802 0.0275931 0
 0.321318 0.546541 0.124235 0.00734118 0.000564706
 0.182869 0.594174 0.210203 0.0122559 0.00049798
 0.330522 0.361315 0.267642 0.0388342 0.00168674
 0.649043 0.306663 0.0425973 0.00169635 0
 0.582887 0.30429 0.105238 0.00758474 0
 0.465427 0.430635 0.0974691 0.00646863 0
 0.296916 0.608066 0.0921331 0.00288517 0
 0.311714 0.524322 0.152257 0.0117073 0
 0.15457 0.633149 0.183074 0.0267441 0.00246327
 0.131901 0.49318 0.331252 0.0422183 0.00144891
 0.196976 0.569456 0.194076 0.0375587 0.00193317
 0.518974 0.381816 0.0799577 0.0180837 0.00116848
 0.0928022 0.601141 0.25162 0.0475244 0.00691264
 0.122501 0.610282 0.24278 0.0234846 0.000952079
 0.383417 0.481906 0.127806 0.00687128 0
 0.0376549 0.599619 0.316969 0.0457579 0
 0.0361596 0.667082 0.258105 0.0386534 0
 0.158088 0.579412 0.248529 0.0139706 0
 0.0477256 0.309471 0.559284 0.082774 0.000745712
 0.0406174 0.521527 0.379366 0.0568643 0.0016247
 0.151134 0.462217 0.34131 0.0453401 0
 0.294876 0.26143 0.354403 0.0886775 0.000613685
 0.281977 0.475581 0.204845 0.0348837 0.00271318
 0.0841818 0.532909 0.334909 0.0458182 0.00218182
 0.115287 0.27431 0.454777 0.147771 0.00785563
 0 0 0 0 0
pf_pred 
 0.379557 0.428296 0.171987 0.0201474 1.27255e-05
 0.307649 0.550333 0.108226 0.0303192 0.00347296
 0.176411 0.594567 0.19351 0.0271988 0.00831243
 0.244987 0.43146 0.255707 0.0575388 0.010308
 0.261511 0.454985 0.180764 0.0814869 0.0212538
 0.152268 0.53434 0.212081 0.0649745 0.0363374
 0.250174 0.367756 0.266948 0.0783901 0.0367319
 0.240458 0.489817 0.151888 0.0827803 0.0350567
 0.281703 0.463307 0.182624 0.0411167 0.03125
 0.219233 0.539348 0.172849 0.0493987 0.0191714
 0.132391 0.525052 0.257805 0.0610112 0.0237409
 0.122491 0.430204 0.306722 0.106387 0.0341958
 0.177866 0.389764 0.248698 0.126796 0.0568768
 0.161248 0.526219 0.178758 0.0777638 0.0560118
 0.26272 0.489419 0.183254 0.0374941 0.0271132
 0.236703 0.597432 0.128034 0.0282301 0.00960028
 0.175042 0.546451 0.233724 0.0347555 0.0100282
 0.316642 0.398063 0.21109 0.0625096 0.0116947
 0.359853 0.477734 0.108086 0.0404295 0.0138963
 0.295148 0.534063 0.137242 0.0224802 0.0110671
 0.248294 0.515357 0.191436 0.0362293 0.00868401
 0.301933 0.43253 0.197251 0.0554916 0.0127938
 0.253063 0.514584 0.159156 0.0546231 0.0185744
 0.253782 0.471257 0.205631 0.0477595 0.0215708
 0.0976109 0.573998 0.228713 0.0748852 0.0247922
 0.181541 0.290528 0.369597 0.110872 0.0474616
 0.344737 0.361989 0.124308 0.118929 0.0500374
pobs_RECLAS
 0 0 0 0 0
 0 0 0 0 0
 0 0 0 0 0
 0 0 0 0 0
 0.835266 0.146461 0.0176864 0.000547809 3.91292e-05
 0.385257 0.428462 0.181853 0.0044286 0
 0.867414 0.0963971 0.0333333 0.00285562 0
 0.441836 0.489002 0.0689373 0.000224442 0
 0.779404 0.147425 0.0564933 0.0165055 0.000172143
 0.814271 0.122319 0.05973 0.00367925 0
 0.40263 0.566651 0.0304383 0.000280538 0
 0.475488 0.404961 0.113038 0.00651328 0
 0.955842 0.0263864 0.0167828 0.000988607 0
 0.975058 0.0227948 0.00214734 0 0
 0.738997 0.206755 0.0527124 0.00153531 0
 0.850938 0.134255 0.0134407 0.00136685 0
 0.542534 0.407297 0.0501686 0 0
 0.764087 0.199537 0.0359546 0.000420521 0
 0.470689 0.182191 0.310203 0.0369168 0
 0.84361 0.089868 0.0606195 0.00523954 0.000663233
 0.607945 0.314616 0.071237 0.00620181 0
 0.523733 0.453247 0.0230204 0 0
 0.530135 0.295979 0.169645 0.0042399 0
 0.562478 0.366248 0.0663022 0.0049721 0
 0.250443 0.683176 0.0655157 0.000865301 0
 0.195077 0.31981 0.436473 0.0351445 0.0134964
 0.565238 0.351407 0.0832357 0.000118908 0
ppred_RECLAS
 0.76319 0.177297 0.0533676 0.00614139 3.87536e-06
 0.692329 0.257735 0.0382117 0.0105205 0.00120398
 0.529526 0.365526 0.0889243 0.0122755 0.00374802
 0.63005 0.23577 0.106414 0.0235505 0.00421531
 0.646429 0.240097 0.0727876 0.0322758 0.00841099
 0.484029 0.357722 0.107686 0.0324378 0.0181247
 0.642658 0.200075 0.110442 0.0318937 0.0149314
 0.624071 0.266016 0.0623654 0.0334114 0.0141365
 0.672875 0.231371 0.0689204 0.0152525 0.0115818
 0.590546 0.306044 0.0743978 0.0209056 0.00810609
 0.450101 0.369477 0.136381 0.0317126 0.0123286
 0.43456 0.317716 0.170803 0.0582237 0.0186975
 0.550967 0.246534 0.117388 0.0587727 0.0263381
 0.52936 0.330688 0.0807812 0.034412 0.0247587
 0.677064 0.237667 0.0634055 0.0126946 0.00916926
 0.614991 0.318968 0.0511882 0.0110863 0.00376658
 0.530686 0.340011 0.108826 0.015895 0.0045819
 0.714601 0.185796 0.0740361 0.0215412 0.00402631
 0.741688 0.205767 0.0351728 0.0129318 0.00444082
 0.679225 0.258373 0.0503139 0.00810261 0.00398536
 0.627381 0.276421 0.0781649 0.0145485 0.00348412
 0.692248 0.210083 0.0728663 0.0201593 0.00464368
 0.633926 0.272886 0.0641712 0.0216583 0.00735828
 0.638343 0.250861 0.0832135 0.019006 0.00857655
 0.359034 0.447313 0.135564 0.0436506 0.0144386
 0.553985 0.187796 0.181693 0.0536008 0.0229248
 0.737044 0.163406 0.0426116 0.0400873 0.016851
pobs_PELACES
 0 0 0 0 0
 0 0 0 0 0
 0 0 0 0 0
 0 0 0 0 0
 0 0 0 0 0
 0 0 0 0 0
 0 0 0 0 0
 0 0 0 0 0
 0 0 0 0 0
 0 0 0 0 0
 0.450072 0.473896 0.0757376 0.000293798 0
 0 0 0 0 0
 0.463077 0.371075 0.160297 0.00555027 0
 0.529543 0.364841 0.0842815 0.0213345 0
 0.631943 0.363953 0.00410389 0 0
 0.735681 0.248677 0.0153453 0.000297389 0
 0.695825 0.281241 0.0229344 0 0
 0.275771 0.60734 0.115278 0.00161068 0
 0 0 0 0 0
 0.896147 0.0623911 0.0374545 0.00400742 0
 0.803859 0.145111 0.0509908 3.86294e-05 0
 0.739449 0.233085 0.0266225 0.000797448 4.60066e-05
 0.878498 0.100942 0.0204185 0.000141795 0
 0.694673 0.275183 0.0284847 0.00165964 0
 0.469039 0.446079 0.0841089 0.000773354 0
 0.822795 0.102175 0.0682046 0.00682512 0
 0 0 0 0 0
ppred_PELACES
 0.816439 0.139346 0.0396652 0.00454671 2.86848e-06
 0.748717 0.211963 0.0301091 0.00826488 0.000945687
 0.611923 0.305629 0.0699068 0.00960864 0.00293308
 0.674351 0.208415 0.0929902 0.020563 0.00368043
 0.683808 0.214883 0.0649885 0.0288127 0.00750843
 0.54346 0.319108 0.0935767 0.028136 0.0157196
 0.690197 0.174802 0.0948405 0.0273552 0.0128058
 0.683941 0.226024 0.0511423 0.0273307 0.0115622
 0.729036 0.193732 0.0556296 0.0122796 0.00932306
 0.646095 0.266275 0.0630781 0.0176927 0.00685964
 0.526883 0.323098 0.113496 0.0262998 0.0102224
 0.507074 0.282216 0.145418 0.0494234 0.0158689
 0.637932 0.20476 0.091368 0.0455377 0.0204021
 0.653854 0.252063 0.0545056 0.0230213 0.0165557
 0.783765 0.164667 0.0384391 0.00762429 0.00550425
 0.688281 0.260809 0.039497 0.00851955 0.00289389
 0.612234 0.285516 0.086114 0.0125255 0.00360981
 0.773757 0.149907 0.0567931 0.0164658 0.00307708
 0.789481 0.168984 0.0278271 0.0102043 0.0035037
 0.729684 0.218961 0.0414239 0.00665746 0.00327419
 0.672671 0.243662 0.0679945 0.0126438 0.00302782
 0.73519 0.181744 0.0619899 0.0171301 0.00394566
 0.681782 0.238316 0.0550448 0.0185547 0.00630343
 0.686433 0.218751 0.0712349 0.0162491 0.00733195
 0.408587 0.414837 0.123653 0.0397691 0.0131538
 0.60643 0.167376 0.159216 0.0469143 0.0200637
 0.778854 0.138626 0.0353538 0.0332076 0.0139579
pobs_pel_tallas
 0 0 0 0 0 0 0 0 0 0 0 0 0 0 0 0 0 0 0 0 0 0 0 0 0 0 0 0 0 0 0 0 0 0 0 0
 0 0 0 0 0 0 0 0 0 0 0 0 0 0 0 0 0 0 0 0 0 0 0 0 0 0 0 0 0 0 0 0 0 0 0 0
 0 0 0 0 0 0 0 0 0 0 0 0 0 0 0 0 0 0 0 0 0 0 0 0 0 0 0 0 0 0 0 0 0 0 0 0
 0 0 0 0 0 0 0 0 0 0 0 0 0 0 0 0 0 0 0 0 0 0 0 0 0 0 0 0 0 0 0 0 0 0 0 0
 0 0 0 0 0 0 0 0 0 0 0 0 0 0 0 0 0 0 0 0 0 0 0 0 0 0 0 0 0 0 0 0 0 0 0 0
 0 0 0 0 0 0 0 0 0 0 0 0 0 0 0 0 0 0 0 0 0 0 0 0 0 0 0 0 0 0 0 0 0 0 0 0
 0 0 0 0 0 0 0 0 0 0 0 0 0 0 0 0 0 0 0 0 0 0 0 0 0 0 0 0 0 0 0 0 0 0 0 0
 0 0 0 0 0 0 0 0 0 0 0 0 0 0 0 0 0 0 0 0 0 0 0 0 0 0 0 0 0 0 0 0 0 0 0 0
 0 0 0 0 0 0 0 0 0 0 0 0 0 0 0 0 0 0 0 0 0 0 0 0 0 0 0 0 0 0 0 0 0 0 0 0
 0 0 0 0 0 0 0 0 0 0 0 0 0 0 0 0 0 0 0 0 0 0 0 0 0 0 0 0 0 0 0 0 0 0 0 0
 0 0 0 0 0 0 0 0 1.78061e-05 0.00172719 0.00360574 0.0105946 0.0120993 0.0124554 0.0147524 0.0171206 0.0266825 0.0428682 0.0675386 0.121331 0.153587 0.119568 0.100827 0.0573624 0.0630603 0.0341343 0.0324427 0.0444173 0.0211091 0.0280891 0.0125444 0.00206551 0 0 0 0
 0 0 0 0 0 0 0 0 0 0 0 0 0 0 0 0 0 0 0 0 0 0 0 0 0 0 0 0 0 0 0 0 0 0 0 0
 0 0 0 0 0 0 0.0133647 0.0140871 0.0187388 0.0205184 0.03894 0.0496705 0.03968 0.0493445 0.0407372 0.0367815 0.0215668 0.0243155 0.0234873 0.0199281 0.019796 0.0243948 0.0301388 0.0376714 0.0412746 0.0863199 0.0771752 0.113111 0.0741005 0.0525337 0.0229764 0.00759418 0.00175318 0 0 0
 0 0 0 0 0 0 0 0 0 0 0.00219441 0.00772107 0.0458388 0.0604681 0.0671733 0.0775358 0.0609151 0.0617685 0.073594 0.0568108 0.0755445 0.0548602 0.0670107 0.0636378 0.0643287 0.046367 0.0373049 0.0286899 0.0247887 0.0153202 0.00654259 0.00121912 0.000365735 0 0 0
 0 0 0 0 0 0 0 0 0 0 0 0 0.000112435 0.00938835 0.0111873 0.0202946 0.0414886 0.0713402 0.111592 0.104902 0.108894 0.110636 0.117776 0.105296 0.107544 0.0401394 0.0192827 0.0124803 0.00416011 0.0028671 0.000618394 0 0 0 0 0
 0 0 0 0 0 0 0 0 0 0 0.00291406 0.0102884 0.027416 0.0768956 0.0749926 0.110853 0.0956884 0.0897413 0.0766577 0.0534642 0.0500743 0.0551293 0.0594112 0.0620874 0.0668451 0.0424026 0.0208742 0.0120726 0.0048766 0.00582813 0.00118941 0.000297354 0 0 0 0
 0 0.00264628 0.0354308 0.0461629 0.0458689 0.0383711 0.0214643 0.0164657 0.0346957 0.0420465 0.0363128 0.0245516 0.0311673 0.0291091 0.0169068 0.0133784 0.00837989 0.0085269 0.0148486 0.0160247 0.0276389 0.0546898 0.0760071 0.122758 0.109233 0.0665981 0.0333725 0.0166128 0.00676272 0.00308733 0.000882094 0 0 0 0 0
 0 0 0 0 0 0 0 0.000805153 0.000690131 0.00759144 0.0133425 0.0154129 0.00931677 0.000345066 0.00356568 0.00563607 0.00851162 0.0253048 0.0502646 0.0516448 0.0657925 0.0565908 0.0611916 0.0827007 0.0866115 0.110766 0.145733 0.0935128 0.0569358 0.0249597 0.0138026 0.00621118 0.00161031 0.00115022 0 0
 0 0 0 0 0 0 0 0 0 0 0 0 0 0 0 0 0 0 0 0 0 0 0 0 0 0 0 0 0 0 0 0 0 0 0 0
 0.00147267 0.00158595 0.00478618 0.00569244 0.00954404 0.0108468 0.00647125 0.017049 0.0510054 0.094081 0.124002 0.0959785 0.0687766 0.0820023 0.061753 0.0591476 0.0492212 0.0479892 0.0443925 0.0268479 0.0217502 0.0140895 0.0121071 0.0120363 0.00920419 0.00665534 0.0049561 0.00860946 0.00930331 0.0156896 0.0114698 0.00855282 0.00243557 0.00046729 0 2.83206e-05
 0 0 0 0 0.000772559 0.00158375 0.000888443 0.00281984 0.00712685 0.0440552 0.0773331 0.111326 0.0921469 0.0852325 0.0710754 0.0886704 0.0786465 0.0553345 0.0373146 0.0185414 0.00753245 0.00457741 0.012979 0.0271748 0.0457355 0.0583668 0.034881 0.0177882 0.00938659 0.00492506 0.0015258 0.00185414 0.000309023 5.79419e-05 3.86279e-05 0
 0 0.00173294 0.00326652 0 0.00397197 0.00683976 0.00946217 0.0152591 0.00757587 0.0136028 0.0228656 0.0392903 0.0559909 0.0764795 0.0681675 0.0726916 0.0566044 0.0477403 0.0527397 0.0444891 0.0609904 0.0582453 0.0661739 0.0445044 0.0529084 0.0360697 0.0280645 0.0235558 0.0158879 0.00826598 0.00280645 0.00217768 0.000904811 0.00058276 9.20147e-05 0
 0 0 0 0 0 0 0 0 0 0 0 0 0 0 0 0 0 0 0 0 0 0 0 0 0 0 0 0 0 0 0 0 0 0 0 0
 0 0 0 0 0 0 0 0 0 0 0 0 0 0 0 0 0 0 0 0 0 0 0 0 0 0 0 0 0 0 0 0 0 0 0 0
 0 0 0 0 0 0 0 0 0 0 0 0 0 0 0 0 0 0 0 0 0 0 0 0 0 0 0 0 0 0 0 0 0 0 0 0
 0 0 0 0 0 0 0 0 0 0 0 0 0 0 0 0 0 0 0 0 0 0 0 0 0 0 0 0 0 0 0 0 0 0 0 0
 0 0 0 0 0 0 0 0 0 0 0 0 0 0 0 0 0 0 0 0 0 0 0 0 0 0 0 0 0 0 0 0 0 0 0 0
ppred_pel_tallas
 1.00765e-16 3.56189e-05 0.000209063 0.000993808 0.00382624 0.0119318 0.0301387 0.0616675 0.102219 0.137273 0.149368 0.131724 0.0942293 0.0548649 0.0263873 0.0112149 0.00543656 0.00445602 0.00545936 0.0072195 0.00925206 0.011286 0.0130834 0.0144267 0.0151544 0.0151955 0.0145837 0.0134426 0.0119513 0.0103 0.0086523 0.00712271 0.00577242 0.00461898 0.00365241 0.0028506
 1.00825e-16 3.26689e-05 0.000191737 0.000911423 0.00350901 0.0109425 0.02764 0.0565554 0.093748 0.125904 0.137017 0.12088 0.0865742 0.050615 0.024731 0.0111761 0.00639839 0.00620558 0.00801524 0.0106636 0.0136264 0.0165386 0.0190475 0.0208283 0.0216471 0.0214141 0.0202036 0.0182297 0.0157891 0.0131902 0.0106921 0.00846855 0.00660142 0.00509747 0.00391635 0.0029982
 1.0156e-16 2.67079e-05 0.000156732 0.000744985 0.00286815 0.008944 0.022592 0.0462276 0.0766324 0.10293 0.112048 0.0989292 0.0710231 0.0418658 0.0210962 0.0106184 0.00759181 0.00863601 0.0116492 0.0156329 0.020044 0.0244094 0.0282301 0.031035 0.0324771 0.0324111 0.0309238 0.0283007 0.0249476 0.0212917 0.0176967 0.0144122 0.0115651 0.00918188 0.00722591 0.00563381
 1.02267e-16 2.94262e-05 0.000172699 0.000820915 0.00316054 0.00985582 0.0248951 0.0509391 0.084439 0.113405 0.123421 0.108899 0.078027 0.0456852 0.0224499 0.0103663 0.0062534 0.00635454 0.00836075 0.0112351 0.0145069 0.017837 0.0208848 0.0233229 0.0248973 0.0254788 0.0250849 0.0238612 0.0220343 0.0198518 0.0175311 0.0152301 0.0130436 0.0110159 0.00916242 0.00748761
 1.02334e-16 2.98387e-05 0.000175121 0.000832427 0.00320486 0.00999403 0.0252442 0.0516534 0.0856231 0.114995 0.125152 0.110427 0.0791223 0.0463276 0.0227671 0.0105135 0.00633974 0.00643311 0.0084474 0.0113246 0.0145799 0.0178625 0.0208226 0.023129 0.0245317 0.0249146 0.0243167 0.0229096 0.0209458 0.018693 0.0163788 0.0141593 0.0121161 0.0102729 0.00862067 0.00714064
 1.03134e-16 2.37231e-05 0.000139207 0.00066167 0.00254736 0.00794363 0.0200652 0.0410576 0.0680636 0.0914258 0.0995374 0.0879132 0.0631803 0.0373755 0.0190803 0.0100115 0.00767349 0.00908683 0.0123961 0.0167067 0.0215052 0.0263174 0.0306309 0.0339549 0.0359198 0.0363577 0.0353329 0.0331096 0.030073 0.0266313 0.0231312 0.0198111 0.0167946 0.014115 0.0117534 0.00967298
 1.02942e-16 3.01157e-05 0.000176751 0.000840183 0.00323474 0.0100872 0.0254795 0.0521346 0.0864197 0.116061 0.126303 0.111422 0.079788 0.0466234 0.0227383 0.0102101 0.00576807 0.0055582 0.00722 0.00971211 0.0125925 0.0155707 0.0183628 0.0206943 0.022346 0.0231971 0.0232427 0.0225801 0.0213718 0.0197984 0.0180199 0.016154 0.014275 0.012426 0.0106348 0.00892683
 1.0228e-16 2.98449e-05 0.000175156 0.000832593 0.0032055 0.00999602 0.0252492 0.0516638 0.0856406 0.115019 0.125181 0.110458 0.0791559 0.0463705 0.022831 0.0106141 0.00649469 0.00666021 0.00876097 0.0117307 0.0150716 0.0184156 0.021395 0.0236648 0.0249687 0.0251955 0.0244 0.0227783 0.0206108 0.0181906 0.0157633 0.013493 0.0114589 0.0096736 0.00811237 0.00673931
 1.01711e-16 3.181e-05 0.000186696 0.000887461 0.00341676 0.0106548 0.0269133 0.0550684 0.0912828 0.122593 0.133412 0.117694 0.0842819 0.0492539 0.0240281 0.0107968 0.00610097 0.00586139 0.0075714 0.0101122 0.0129938 0.0158852 0.0184667 0.0204388 0.0215775 0.0217825 0.0210955 0.019681 0.0177773 0.0156372 0.0134755 0.0114404 0.00960872 0.00800065 0.0066028 0.00538955
 1.01911e-16 2.81963e-05 0.000165474 0.000786554 0.00302822 0.00944317 0.0238528 0.048807 0.0809066 0.108666 0.118279 0.104398 0.0748794 0.0439984 0.0219108 0.0106023 0.00704929 0.00766626 0.0102342 0.0137236 0.0176147 0.0214866 0.0249052 0.0274612 0.0288515 0.0289463 0.027815 0.0256972 0.0229352 0.0198893 0.0168644 0.0140685 0.0116063 0.00949914 0.00771827 0.0062157
 1.03098e-16 2.30005e-05 0.000134964 0.000641497 0.00246969 0.00770141 0.0194534 0.0398059 0.065989 0.0886404 0.0965087 0.0852474 0.0612844 0.0362942 0.018603 0.00988323 0.00772395 0.00924416 0.0126491 0.0170697 0.0219992 0.0269611 0.031436 0.034923 0.0370404 0.0376074 0.0366764 0.0345018 0.0314627 0.0279651 0.0243591 0.0208911 0.017697 0.0148251 0.012272 0.0100154
 1.04596e-16 2.21351e-05 0.000129887 0.000617369 0.00237681 0.00741176 0.0187217 0.0383085 0.063506 0.0853031 0.0928699 0.0820207 0.0589375 0.0348503 0.0177652 0.00928469 0.00708418 0.00839332 0.0114981 0.0155894 0.0202215 0.0249877 0.0294412 0.0331413 0.0357372 0.0370374 0.0370395 0.0359065 0.0339064 0.0313354 0.0284545 0.0254542 0.022453 0.0195164 0.0166844 0.0139929
 1.03882e-16 2.78379e-05 0.000163375 0.00077659 0.00298988 0.00932362 0.0235508 0.0481885 0.0798798 0.107282 0.11676 0.103029 0.0738337 0.0432567 0.021307 0.00992526 0.0061095 0.00631348 0.00835996 0.0112733 0.0146109 0.0180514 0.0212686 0.0239466 0.0258368 0.0268066 0.0268596 0.0261177 0.024775 0.0230418 0.0210983 0.0190703 0.0170291 0.0150083 0.0130261 0.0111021
 1.02421e-16 2.8534e-05 0.000167458 0.00079599 0.00306456 0.00955649 0.024139 0.0493925 0.0818767 0.109967 0.119691 0.105635 0.0757446 0.0444631 0.022061 0.0105403 0.00683359 0.00730719 0.00971577 0.0130256 0.0167281 0.0204232 0.0237024 0.026181 0.0275748 0.0277625 0.026809 0.0249382 0.022468 0.0197304 0.0170032 0.0144718 0.0122243 0.0102729 0.00858598 0.00711846
 1.01119e-16 3.41952e-05 0.000200702 0.000954054 0.00367317 0.0114545 0.028933 0.0592007 0.0981312 0.131786 0.143405 0.126483 0.0905187 0.0527824 0.0255318 0.0111022 0.00575295 0.00508117 0.00638644 0.00847854 0.0108651 0.013245 0.0153422 0.0169023 0.017738 0.0177701 0.0170428 0.0157062 0.0139741 0.0120714 0.0101886 0.00845547 0.00693723 0.00564668 0.00456477 0.00365999
 1.01074e-16 3.00356e-05 0.000176272 0.000837893 0.00322589 0.0100596 0.0254099 0.0519928 0.0861868 0.115756 0.125989 0.111188 0.0797161 0.0467727 0.0231658 0.0109971 0.00703101 0.00743447 0.00983557 0.0131383 0.0168013 0.0204003 0.0235059 0.0257188 0.0267506 0.0264894 0.0250251 0.0226189 0.019634 0.0164483 0.0133797 0.0106414 0.0083346 0.00646881 0.0049959 0.00384396
 1.01915e-16 2.67207e-05 0.000156809 0.000745355 0.00286958 0.00894847 0.0226033 0.0462505 0.0766698 0.102979 0.112097 0.0989621 0.0710246 0.0418227 0.0209935 0.0104354 0.00730055 0.00820454 0.0110491 0.0148487 0.019084 0.0233127 0.0270695 0.0299115 0.0315064 0.0317055 0.0305714 0.0283502 0.0253999 0.0221018 0.0187837 0.0156751 0.0128994 0.0104938 0.00844206 0.0067055
 1.01565e-16 3.37583e-05 0.000198138 0.000941867 0.00362626 0.0113082 0.0285635 0.0584444 0.0968773 0.130101 0.141569 0.124859 0.089344 0.0520734 0.0251447 0.0108603 0.00552508 0.00479348 0.00600504 0.00799632 0.0102989 0.0126376 0.0147618 0.0164371 0.0174845 0.017817 0.0174544 0.0165092 0.0151518 0.0135654 0.0119087 0.0102944 0.00878624 0.00740923 0.00616633 0.00505252
 1.00965e-16 3.44446e-05 0.000202166 0.000961012 0.00369996 0.011538 0.0291441 0.0596325 0.098847 0.132747 0.144452 0.127407 0.0911823 0.0531736 0.0257288 0.0112004 0.00582024 0.00515226 0.00647398 0.00858259 0.0109768 0.0133475 0.0154112 0.0169086 0.0176519 0.0175663 0.0167061 0.0152354 0.013383 0.0113873 0.00944834 0.00769992 0.00620531 0.00497078 0.00396772 0.00315412
 1.01042e-16 3.18392e-05 0.000186865 0.000888261 0.00341984 0.0106644 0.0269375 0.0551182 0.091366 0.122706 0.133541 0.11782 0.0844002 0.0493786 0.0241918 0.011043 0.00647743 0.00641536 0.00834254 0.0111224 0.014235 0.0173095 0.0199831 0.0219187 0.0228711 0.0227415 0.0215987 0.0196545 0.0172067 0.0145666 0.0119973 0.00967746 0.00769436 0.00606096 0.00474362 0.0036893
 1.01621e-16 2.93543e-05 0.000172274 0.000818888 0.00315272 0.00983143 0.0248335 0.0508134 0.0842315 0.113129 0.123128 0.108659 0.0778944 0.0456864 0.0225964 0.0106768 0.00676527 0.00711875 0.00942655 0.0126306 0.0162201 0.0198014 0.0229749 0.0253631 0.0266846 0.0268152 0.0258123 0.0238894 0.0213555 0.0185383 0.0157183 0.0130901 0.0107566 0.00874569 0.0070393 0.00560039
 1.01713e-16 3.20779e-05 0.00018827 0.000894945 0.00344558 0.0107447 0.0271403 0.0555328 0.0920523 0.123625 0.134532 0.118675 0.0849687 0.0496236 0.0241495 0.0107521 0.00593825 0.00559165 0.00718603 0.00960069 0.0123556 0.0151368 0.0176434 0.0195929 0.0207709 0.0210766 0.0205403 0.0193063 0.0175888 0.0156169 0.0135879 0.0116402 0.00984989 0.00824331 0.00681769 0.00555947
 1.01792e-16 2.97513e-05 0.000174605 0.000829972 0.0031954 0.00996453 0.0251697 0.0515012 0.0853714 0.114659 0.124791 0.110122 0.0789304 0.0462696 0.0228392 0.0107148 0.00668626 0.00695581 0.00917986 0.0122882 0.0157699 0.0192381 0.0223026 0.0245974 0.0258515 0.0259494 0.024953 0.0230766 0.0206257 0.0179211 0.0152343 0.0127495 0.0105587 0.00867956 0.00708574 0.00573434
 1.01984e-16 2.99533e-05 0.000175793 0.000835624 0.00321717 0.0100324 0.0253411 0.0518518 0.0859521 0.115437 0.125634 0.110854 0.0794317 0.046516 0.0228731 0.010585 0.00641298 0.00653034 0.00858109 0.0115007 0.0147984 0.0181158 0.0210946 0.0233956 0.0247623 0.025076 0.0243772 0.0228438 0.020738 0.0183398 0.0158892 0.013554 0.0114247 0.00953045 0.00786403 0.00640453
 1.03872e-16 1.7846e-05 0.000104694 0.00049757 0.00191551 0.00597318 0.0150881 0.030875 0.0511886 0.068775 0.0749202 0.0662736 0.0478526 0.0287587 0.0155131 0.00948909 0.0088927 0.0115451 0.0160636 0.0217139 0.0279604 0.0342171 0.0398228 0.0441393 0.0466848 0.0472395 0.045886 0.0429672 0.0389842 0.034469 0.0298749 0.0255152 0.0215545 0.0180397 0.0149494 0.0122377
 1.04865e-16 2.64629e-05 0.000155306 0.000738233 0.00284221 0.00886312 0.0223876 0.0458083 0.0759336 0.101981 0.110986 0.0979235 0.0701533 0.0410573 0.0201456 0.00925884 0.00554275 0.00563273 0.00747646 0.0101771 0.0133571 0.016761 0.0201255 0.0231809 0.0256916 0.0274962 0.0285258 0.0287979 0.0283895 0.0274038 0.025944 0.0241006 0.0219539 0.0195828 0.0170744 0.0145256
 1.02341e-16 3.398e-05 0.000199441 0.000948064 0.00365012 0.0113826 0.0287514 0.0588289 0.0975143 0.130955 0.142496 0.125668 0.089907 0.0523684 0.0252251 0.0107884 0.00533304 0.00448018 0.00555125 0.00738042 0.0095087 0.0116786 0.0136622 0.0152492 0.0162811 0.0166838 0.01648 0.0157743 0.014719 0.013473 0.0121667 0.0108846 0.00966518 0.00851374 0.00742081 0.00637712
pSPR Fmed_Fpbrs
0.495869   0.6 0.325
Fs Fmed_Fpbrs
0.64   0.415815 1.35813
SSBpbr Bo_Bmed_Bpbrs
1.36892e+06  610358  752905 376452
Ro
44355.9
SPR SPRFo_SPRFmed_SPRFpbrs
916136 454284 297744
log_Ro
10.52
likeval ReclasPelacesDesembMPH_pf_preclas_ppelaces_ptallas_desvR_qrecl_qpela
 95.2682 38.6018 0.0594393 50.2835 337.737 221.85 54.9639 0 21.2546 2.68194e-05 2.95672e-05 2.00993e-15 0 0 0
q_reclas_q_pelaces
0.480057 2.16756
M
0.7
N
 49207.7 12169.1 3986.53 461.488 0.291302
 58822.7 22124.1 3499.85 967.976 110.803
 35994.2 27069.1 7230.13 1004.64 306.848
 48010.4 16017.4 7356.7 1630.1 291.792
 73161.7 23357.6 7106.71 3152.09 821.437
 51773.6 36177.2 11331.7 3422.9 1912.85
 86405.1 24538.8 13904.2 4022.66 1883.44
 99487.3 41610.5 10294.1 5535.74 2342.67
 136809 46381.6 14605.9 3245.01 2464.57
 130076 63644.2 16089.6 4533.58 1758.14
 72402.3 61690.2 24546.2 5737.85 2231.27
 44635.7 32920.4 18872.5 6462.35 2075.76
 41616.6 20554.5 10798.8 5444.05 2440.57
 21257.7 18411.9 5410.45 2334.84 1681.03
 16669.3 8497.56 2775.35 563.595 407.393
 11722.9 6527.47 1143.72 249.237 84.706
 7590.91 5250.89 1838.88 270.286 77.9389
 12519.3 3391.56 1458.95 426.773 79.7919
 20722.2 5682.65 1027.89 379.419 130.321
 26485.8 9629.22 1959.09 316.465 155.683
 31584.9 12493.1 3604.39 671.813 160.9
 55446.6 15319.2 5449.99 1510.49 347.973
 67869.7 26725.4 6457.92 2183.76 741.995
 90620 32644 11135.6 2548.37 1150.08
 38417.1 43546.5 13533.3 4365.32 1444.08
 59973.5 18522.5 18386.3 5433.87 2324.26
 140052 28898 7794.31 7349.94 3090
pred_Ctot
 3367.21 3799.59 1525.77 178.736 0.112893
 3114.86 5571.97 1095.76 306.974 35.1627
 2706.16 9120.71 2968.46 417.232 127.513
 701.271 1235.05 731.958 164.704 29.5065
 222.865 387.748 154.051 69.4448 18.113
 1700.76 5968.33 2368.85 725.735 405.872
 1881.67 2766.07 2007.84 589.609 276.278
 4392.99 8948.61 2774.89 1512.34 640.461
 6240.66 10263.8 4045.73 910.874 692.292
 4216.01 10372.1 3324.01 949.972 368.679
 4415.67 17512.2 8598.62 2034.92 791.833
 2343.12 8229.33 5867.25 2035.07 654.129
 3286.52 7201.88 4595.32 2342.89 1050.94
 3018.94 9852.06 3346.78 1455.92 1048.67
 2569.68 4787.04 1792.43 366.733 265.197
 831.2 2097.93 449.602 99.1319 33.7121
 550.741 1719.32 735.376 109.353 31.5521
 777.707 977.685 518.46 153.53 28.7235
 961.144 1276 288.692 107.984 37.116
 957.733 1732.99 445.338 72.9465 35.9119
 529.972 1100.01 408.612 77.3299 18.5356
 1172.96 1680.31 766.292 215.577 49.7021
 1536.64 3124.64 966.421 331.681 112.787
 2109.8 3917.77 1709.5 397.045 179.328
 804.992 4733.73 1886.19 617.575 204.46
 1282.43 2052.33 2610.89 783.217 335.275
 3920.48 4116.67 1413.68 1352.5 569.045
F
 0.0993844 0.54618 0.715469 0.727334 0.727969
 0.0761347 0.418408 0.548094 0.557183 0.55767
 0.109684 0.602782 0.789615 0.80271 0.803411
 0.0204952 0.112634 0.147545 0.149992 0.150123
 0.0042437 0.0233218 0.0305504 0.031057 0.0310841
 0.0466254 0.256236 0.335656 0.341223 0.341521
 0.0306941 0.168683 0.220967 0.224631 0.224827
 0.0631272 0.346924 0.454453 0.461989 0.462393
 0.0652752 0.358729 0.469917 0.47771 0.478127
 0.0459909 0.252749 0.331089 0.336579 0.336873
 0.0881464 0.48442 0.634566 0.645089 0.645653
 0.0754522 0.414658 0.543181 0.552189 0.552671
 0.115501 0.63475 0.83149 0.84528 0.846018
 0.21694 1.19222 1.56175 1.58765 1.58904
 0.237551 1.30549 1.71013 1.73849 1.74001
 0.103148 0.566863 0.742562 0.754876 0.755536
 0.105662 0.580679 0.76066 0.773275 0.77395
 0.0898504 0.493785 0.646834 0.65756 0.658135
 0.0664045 0.364935 0.478046 0.485974 0.486398
 0.0514319 0.282651 0.370258 0.376399 0.376727
 0.0235756 0.129563 0.169721 0.172535 0.172686
 0.029805 0.163798 0.214567 0.218125 0.218315
 0.0319287 0.175469 0.229855 0.233667 0.233871
 0.0328456 0.180507 0.236456 0.240377 0.240587
 0.0295183 0.162222 0.212502 0.216027 0.216215
 0.0301313 0.16559 0.216915 0.220512 0.220705
 0.0396095 0.217679 0.285149 0.289878 0.290131
Np
 31900.1 14967 24299.2 3809.26 1266.46
YTP_r0W_actual
 45727.1 122477 60442.4 73790.6 34451.3
YTP_p0W_proyectada
 10415.4 283314 89513.3 29218 41767.4
 10415.4 63433.7 188432 38243.5 14120.2
CTP_r0_actual
 5576.47 5670.22 1924.92 1840.16 774.188
CTP_p0_proyectada
 1270.17 13116.4 2850.74 728.628 938.593
 1270.17 2936.75 6001.03 953.704 317.307
Wmedp
 8.2 21.6 31.4 40.1 44.5
nmprior
 10.8 10.6 4.6 0
nm_flota  nm_reclas  nm_pelaces    nm_pelaL
inf 13.4081 18.8455 60.9946
cv_recla  cv_pelaces  cv_mph
0.704407 0.340302 0.568551
 ------------------------------------------------
Talla a la edad & desviaci?n 
 7.2 14.2025 17.0495 18.207 18.6776
 1.08 2.13037 2.55742 2.73105 2.80164
