years
 1997 1998 1999 2000 2001 2002 2003 2004 2005 2006 2007 2008 2009 2010 2011 2012 2013 2014 2015 2016 2017 2018 2019 2020 2021 2022 2023
reclasobs
 0 0 0 370054 412103 1.49427e+06 250295 1.28982e+06 931140 785840 897777 1.04006e+06 184774 17550 25797 100020 73551 82996 120727 218422 84188 347160 605670 569463 516374 1.08416e+06 1.01767e+06
reclaspred
 510451 144192 452141 307674 398362 446538 927502 659866 824516 784014 648737 450837 276203 125612 81743 66543.2 60718.3 82710.4 108799 172463 243628 245088 429627 535729 617884 588097 691293
pelacesobs
 0 0 0 0 0 0 0 0 0 2.06254e+06 1.5e+06 0 1.87456e+06 323000 250000 174000 83755 137374 0 501740 490994 745055 786931 1.00524e+06 1.33801e+06 1.41789e+06 0
pelacespred
 1.99962e+06 492189 929662 987489 1.09411e+06 1.01537e+06 2.35487e+06 2.04545e+06 2.31311e+06 2.2145e+06 1.65868e+06 1.19789e+06 731739 279010 175461 152475 143231 194722 254028 402023 656614 626071 908886 1.31329e+06 1.49933e+06 1.56045e+06 1.69515e+06
mphobs
 0 0 0 0 0 0 112323 0 153150 637223 0 255016 313432 73983 77613 109348 50772 17779 17303 59886 28197 0 207744 136588 643089 65757 70829
mphpred
 142874 92520 116081 143825 137396 190454 272346 306979 290701 328492 316112 232628 144822 132905 58680 44856 38271.4 42333.4 24060.7 34259.8 56414.6 67880 92841 133173 167589 164452 156706
desembarqueobs
 350755 77701 442110 56441 14545 235359 269955 359681 431902 328805 639364 411747 362871 311530 167758 66681 60226 58785 57116 73181 50977 67692 138656 160484 209506 203330 245020
desembarquepred
 350769 77706.2 442175 56444.2 14545.2 235449 270005 359698 431936 328852 639516 411894 363286 312291 167797 66726.9 60304 58788 57098.3 73183.4 50980.4 67680.1 138673 160502 209526 203343 245014
Reclutas
 57773.5 69826.7 41558.3 56167.8 85992.9 61689 98208.3 116279 158123 145498 75238.8 44634.1 41066.8 21046.4 16487 12946.1 8757.19 14358.1 23755.7 31753.1 37291.5 65015.6 81010.8 107711 43630.4 69014.1 152577
log_desv_Rt
 0.144286 0.333772 -0.185147 0.116098 0.54202 0.209861 0.674846 0.843749 1.15113 1.06792 0.408423 -0.113746 -0.197044 -0.865517 -1.10967 -1.35145 -1.74237 -1.24793 -0.744423 -0.454254 -0.29348 0.262383 0.482338 0.767207 -0.13649 0.322067 1.11542
SSB
 687795 445391 558813 692375 661426 916844 1.27838e+06 1.46314e+06 1.37201e+06 1.55273e+06 1.52176e+06 1.11987e+06 715333 376422 171989 133204 119245 126354 170863 254360 398406 467921 656536 902457 1.23598e+06 1.24559e+06 1.11945e+06
BT
 2.39047e+06 634722 1.20592e+06 1.07422e+06 1.13867e+06 1.22495e+06 2.62471e+06 2.51526e+06 2.79059e+06 2.59462e+06 2.27564e+06 1.60419e+06 1.1075e+06 587854 326035 212615 199032 249206 309769 471884 719305 705268 1.02719e+06 1.48447e+06 1.69564e+06 1.77673e+06 1.95485e+06
Ftot
 0.447309 0.341068 0.49081 0.0962647 0.021111 0.234382 0.157212 0.31475 0.319232 0.226049 0.446048 0.396029 0.606557 1.07628 1.09863 0.497065 0.511041 0.429079 0.31255 0.246413 0.114554 0.149885 0.158281 0.163212 0.147933 0.161143 0.204765
BD_Bspro_t
 0.947171 0.762359 0.726348 0.605982 0.711489 0.817549 0.773463 0.777419 0.737794 0.72141 0.693283 0.552949 0.447884 0.334895 0.207097 0.20358 0.248339 0.334573 0.461899 0.612289 0.7254 0.798854 0.823577 0.824206 0.82807 0.785467 0.767186
BD_Bspro
 0.665861 0.431187 0.540992 0.670295 0.640333 0.887606 1.23761 1.41648 1.32825 1.50321 1.47323 1.08416 0.692521 0.364418 0.166505 0.128956 0.115443 0.122324 0.165414 0.246248 0.385701 0.452998 0.635599 0.873677 1.19656 1.20586 1.08375
BD_Bo
 0.360647 0.233542 0.293015 0.363049 0.34682 0.48075 0.670322 0.767204 0.719416 0.814177 0.79794 0.587206 0.375087 0.197378 0.0901831 0.0698458 0.0625267 0.0662539 0.0895926 0.133374 0.208905 0.245355 0.344256 0.473206 0.648087 0.653126 0.586987
BD_Brms
 0.655723 0.424622 0.532755 0.660088 0.630583 0.874091 1.21877 1.39492 1.30803 1.48032 1.4508 1.06765 0.681976 0.358869 0.163969 0.126992 0.113685 0.120462 0.162896 0.242499 0.379828 0.446101 0.625921 0.860374 1.17834 1.1875 1.06725
S_f
 0.184815 1 1 1 1
 0.184815 1 1 1 1
 0.184815 1 1 1 1
 0.184815 1 1 1 1
 0.184815 1 1 1 1
 0.184815 1 1 1 1
 0.184815 1 1 1 1
 0.184815 1 1 1 1
 0.184815 1 1 1 1
 0.184815 1 1 1 1
 0.184815 1 1 1 1
 0.184815 1 1 1 1
 0.184815 1 1 1 1
 0.184815 1 1 1 1
 0.184815 1 1 1 1
 0.184815 1 1 1 1
 0.184815 1 1 1 1
 0.184815 1 1 1 1
 0.184815 1 1 1 1
 0.184815 1 1 1 1
 0.184815 1 1 1 1
 0.184815 1 1 1 1
 0.184815 1 1 1 1
 0.184815 1 1 1 1
 0.184815 1 1 1 1
 0.184815 1 1 1 1
 0.184815 1 1 1 1
Scru_reclas
 0.968537 1 1 1 1
 0.968537 1 1 1 1
 0.968537 1 1 1 1
 0.968537 1 1 1 1
 0.968537 1 1 1 1
 0.968537 1 1 1 1
 0.968537 1 1 1 1
 0.968537 1 1 1 1
 0.968537 1 1 1 1
 0.968537 1 1 1 1
 0.968537 1 1 1 1
 0.968537 1 1 1 1
 0.968537 1 1 1 1
 0.968537 1 1 1 1
 0.968537 1 1 1 1
 0.968537 1 1 1 1
 0.968537 1 1 1 1
 0.968537 1 1 1 1
 0.968537 1 1 1 1
 0.968537 1 1 1 1
 0.968537 1 1 1 1
 0.968537 1 1 1 1
 0.968537 1 1 1 1
 0.968537 1 1 1 1
 0.968537 1 1 1 1
 0.968537 1 1 1 1
 0.968537 1 1 1 1
Scru_pelaces
 0.959793 1 1 1 1
 0.959793 1 1 1 1
 0.959793 1 1 1 1
 0.959793 1 1 1 1
 0.959793 1 1 1 1
 0.959793 1 1 1 1
 0.959793 1 1 1 1
 0.959793 1 1 1 1
 0.959793 1 1 1 1
 0.959793 1 1 1 1
 0.959793 1 1 1 1
 0.959793 1 1 1 1
 0.959793 1 1 1 1
 0.959793 1 1 1 1
 0.959793 1 1 1 1
 0.959793 1 1 1 1
 0.959793 1 1 1 1
 0.959793 1 1 1 1
 0.959793 1 1 1 1
 0.959793 1 1 1 1
 0.959793 1 1 1 1
 0.959793 1 1 1 1
 0.959793 1 1 1 1
 0.959793 1 1 1 1
 0.959793 1 1 1 1
 0.959793 1 1 1 1
 0.959793 1 1 1 1
pf_obs 
 0.256992 0.487395 0.22802 0.0275931 0
 0.321318 0.546541 0.124235 0.00734118 0.000564706
 0.182869 0.594174 0.210203 0.0122559 0.00049798
 0.330522 0.361315 0.267642 0.0388342 0.00168674
 0.649043 0.306663 0.0425973 0.00169635 0
 0.582887 0.30429 0.105238 0.00758474 0
 0.465427 0.430635 0.0974691 0.00646863 0
 0.296916 0.608066 0.0921331 0.00288517 0
 0.311714 0.524322 0.152257 0.0117073 0
 0.15457 0.633149 0.183074 0.0267441 0.00246327
 0.131901 0.49318 0.331252 0.0422183 0.00144891
 0.196976 0.569456 0.194076 0.0375587 0.00193317
 0.518974 0.381816 0.0799577 0.0180837 0.00116848
 0.0928022 0.601141 0.25162 0.0475244 0.00691264
 0.122501 0.610282 0.24278 0.0234846 0.000952079
 0.383417 0.481906 0.127806 0.00687128 0
 0.0376549 0.599619 0.316969 0.0457579 0
 0.0361596 0.667082 0.258105 0.0386534 0
 0.158088 0.579412 0.248529 0.0139706 0
 0.0477256 0.309471 0.559284 0.082774 0.000745712
 0.0406174 0.521527 0.379366 0.0568643 0.0016247
 0.151134 0.462217 0.34131 0.0453401 0
 0.294876 0.26143 0.354403 0.0886775 0.000613685
 0.281977 0.475581 0.204845 0.0348837 0.00271318
 0.0841818 0.532909 0.334909 0.0458182 0.00218182
 0.115287 0.27431 0.454777 0.147771 0.00785563
 0 0 0 0 0
pf_pred 
 0.373169 0.443251 0.16427 0.0192997 9.84646e-06
 0.305326 0.555142 0.0986666 0.0365662 0.00429826
 0.170362 0.610725 0.174943 0.0310929 0.0128777
 0.249641 0.437965 0.229964 0.0658733 0.0165568
 0.276207 0.472598 0.146616 0.0769843 0.0275949
 0.164359 0.564749 0.176878 0.0548735 0.0391405
 0.26198 0.400482 0.228118 0.0714458 0.0379749
 0.254308 0.502404 0.132019 0.075199 0.0360705
 0.289965 0.483728 0.152473 0.0400659 0.0337688
 0.220574 0.560799 0.148945 0.0469481 0.0227345
 0.128352 0.548864 0.232244 0.0616828 0.0288577
 0.119941 0.436368 0.279386 0.118218 0.0460874
 0.175348 0.387945 0.216537 0.138638 0.0815324
 0.15423 0.51248 0.156791 0.0875149 0.0889836
 0.240488 0.476328 0.171591 0.0524973 0.0590959
 0.240678 0.567371 0.120382 0.043366 0.0282029
 0.18358 0.558932 0.192397 0.040822 0.0242692
 0.320888 0.412855 0.182283 0.062746 0.021228
 0.360313 0.484793 0.0941654 0.0415757 0.0191531
 0.309243 0.538157 0.115649 0.0224635 0.014487
 0.258305 0.542101 0.1555 0.0334167 0.0106768
 0.317344 0.454051 0.167086 0.0479283 0.0135905
 0.268893 0.533249 0.1316 0.0484277 0.0178304
 0.268978 0.498261 0.169769 0.0418973 0.0210944
 0.100479 0.613644 0.194853 0.0663909 0.0246339
 0.201043 0.313863 0.330926 0.10508 0.0490879
 0.351374 0.385656 0.103305 0.108922 0.0507432
pobs_RECLAS
 0 0 0 0 0
 0 0 0 0 0
 0 0 0 0 0
 0 0 0 0 0
 0.835266 0.146461 0.0176864 0.000547809 3.91292e-05
 0.385257 0.428462 0.181853 0.0044286 0
 0.867414 0.0963971 0.0333333 0.00285562 0
 0.441836 0.489002 0.0689373 0.000224442 0
 0.779404 0.147425 0.0564933 0.0165055 0.000172143
 0.814271 0.122319 0.05973 0.00367925 0
 0.40263 0.566651 0.0304383 0.000280538 0
 0.475488 0.404961 0.113038 0.00651328 0
 0.955842 0.0263864 0.0167828 0.000988607 0
 0.975058 0.0227948 0.00214734 0 0
 0.738997 0.206755 0.0527124 0.00153531 0
 0.850938 0.134255 0.0134407 0.00136685 0
 0.542534 0.407297 0.0501686 0 0
 0.764087 0.199537 0.0359546 0.000420521 0
 0.470689 0.182191 0.310203 0.0369168 0
 0.84361 0.089868 0.0606195 0.00523954 0.000663233
 0.607945 0.314616 0.071237 0.00620181 0
 0.523733 0.453247 0.0230204 0 0
 0.530135 0.295979 0.169645 0.0042399 0
 0.562478 0.366248 0.0663022 0.0049721 0
 0.250443 0.683176 0.0655157 0.000865301 0
 0.195077 0.31981 0.436473 0.0351445 0.0134964
 0.565238 0.351407 0.0832357 0.000118908 0
ppred_RECLAS
 0.762539 0.167916 0.0622303 0.00731127 3.73012e-06
 0.701612 0.238454 0.042381 0.0157065 0.00184626
 0.526439 0.348605 0.099858 0.017748 0.00735063
 0.63664 0.212084 0.11136 0.0318991 0.0080176
 0.666876 0.217512 0.0674797 0.0354318 0.0127005
 0.51087 0.330567 0.103533 0.0321194 0.0229103
 0.652288 0.188684 0.107476 0.0336611 0.0178916
 0.645512 0.238833 0.0627593 0.0357482 0.0171472
 0.68566 0.214152 0.0675013 0.0177376 0.0149498
 0.600311 0.287577 0.0763789 0.0240749 0.0116582
 0.442649 0.350956 0.148502 0.0394413 0.0184522
 0.422679 0.286259 0.183278 0.0775514 0.0302335
 0.537692 0.217486 0.121392 0.0777219 0.0457079
 0.512337 0.295492 0.0904041 0.0504603 0.0513071
 0.646574 0.221651 0.0798469 0.0244288 0.0274993
 0.631925 0.275028 0.0583543 0.0210213 0.0136711
 0.549431 0.308466 0.106181 0.022529 0.0133938
 0.717911 0.171492 0.0757165 0.0260634 0.00881768
 0.750442 0.18913 0.0367363 0.0162197 0.00747208
 0.704072 0.230553 0.0495454 0.00962361 0.00620642
 0.647382 0.257726 0.0739282 0.015887 0.00507599
 0.710615 0.192477 0.0708295 0.0203173 0.00576115
 0.6603 0.247768 0.0611466 0.0225014 0.00828468
 0.660463 0.231427 0.0788525 0.01946 0.00979771
 0.371064 0.429053 0.136239 0.0464198 0.0172238
 0.570835 0.168594 0.177759 0.0564447 0.0263679
 0.74168 0.15359 0.041142 0.0433787 0.0202088
pobs_PELACES
 0 0 0 0 0
 0 0 0 0 0
 0 0 0 0 0
 0 0 0 0 0
 0 0 0 0 0
 0 0 0 0 0
 0 0 0 0 0
 0 0 0 0 0
 0 0 0 0 0
 0 0 0 0 0
 0.450072 0.473896 0.0757376 0.000293798 0
 0 0 0 0 0
 0.463077 0.371075 0.160297 0.00555027 0
 0.529543 0.364841 0.0842815 0.0213345 0
 0.631943 0.363953 0.00410389 0 0
 0.735681 0.248677 0.0153453 0.000297389 0
 0.695825 0.281241 0.0229344 0 0
 0.275771 0.60734 0.115278 0.00161068 0
 0 0 0 0 0
 0.896147 0.0623911 0.0374545 0.00400742 0
 0.803859 0.145111 0.0509908 3.86294e-05 0
 0.739449 0.233085 0.0266225 0.000797448 4.60066e-05
 0.878498 0.100942 0.0204185 0.000141795 0
 0.694673 0.275183 0.0284847 0.00165964 0
 0.469039 0.446079 0.0841089 0.000773354 0
 0.822795 0.102175 0.0682046 0.00682512 0
 0 0 0 0 0
ppred_PELACES
 0.782094 0.154088 0.0571056 0.00670918 3.42294e-06
 0.718628 0.224856 0.0399641 0.0148108 0.00174097
 0.556956 0.32614 0.0934229 0.0166043 0.00687694
 0.640523 0.209817 0.110169 0.0315581 0.00793191
 0.666122 0.218004 0.0676323 0.035512 0.0127292
 0.524348 0.321458 0.10068 0.0312343 0.022279
 0.659784 0.184616 0.105159 0.0329354 0.0175058
 0.662616 0.22731 0.0597312 0.0340234 0.0163199
 0.701973 0.203037 0.0639981 0.0168171 0.0141739
 0.612659 0.278693 0.0740193 0.0233311 0.0112981
 0.470162 0.333631 0.141171 0.0374944 0.0175414
 0.446624 0.274385 0.175676 0.0743348 0.0289795
 0.575703 0.199604 0.111412 0.0713317 0.0419498
 0.581716 0.253453 0.0775426 0.0432814 0.0440078
 0.70899 0.182507 0.0657456 0.0201145 0.0226428
 0.660412 0.253743 0.0538379 0.0193944 0.0126131
 0.580975 0.28687 0.0987473 0.0209517 0.0124561
 0.738943 0.158706 0.0700713 0.0241202 0.00816026
 0.764225 0.178685 0.0347074 0.0153239 0.00705942
 0.715853 0.221374 0.047573 0.00924049 0.00595934
 0.652331 0.25411 0.0728907 0.0156641 0.00500476
 0.717 0.18823 0.069267 0.019869 0.00563405
 0.667775 0.242315 0.059801 0.0220062 0.00810236
 0.668231 0.226132 0.0770485 0.0190148 0.00957356
 0.378263 0.424142 0.13468 0.0458885 0.0170266
 0.579211 0.165303 0.17429 0.0553429 0.0258533
 0.750398 0.148407 0.0397535 0.0419148 0.0195268
pobs_pel_tallas
 0 0 0 0 0 0 0 0 0 0 0 0 0 0 0 0 0 0 0 0 0 0 0 0 0 0 0 0 0 0 0 0 0 0 0 0
 0 0 0 0 0 0 0 0 0 0 0 0 0 0 0 0 0 0 0 0 0 0 0 0 0 0 0 0 0 0 0 0 0 0 0 0
 0 0 0 0 0 0 0 0 0 0 0 0 0 0 0 0 0 0 0 0 0 0 0 0 0 0 0 0 0 0 0 0 0 0 0 0
 0 0 0 0 0 0 0 0 0 0 0 0 0 0 0 0 0 0 0 0 0 0 0 0 0 0 0 0 0 0 0 0 0 0 0 0
 0 0 0 0 0 0 0 0 0 0 0 0 0 0 0 0 0 0 0 0 0 0 0 0 0 0 0 0 0 0 0 0 0 0 0 0
 0 0 0 0 0 0 0 0 0 0 0 0 0 0 0 0 0 0 0 0 0 0 0 0 0 0 0 0 0 0 0 0 0 0 0 0
 0 0 0 0 0 0 0 0 0 0 0 0 0 0 0 0 0 0 0 0 0 0 0 0 0 0 0 0 0 0 0 0 0 0 0 0
 0 0 0 0 0 0 0 0 0 0 0 0 0 0 0 0 0 0 0 0 0 0 0 0 0 0 0 0 0 0 0 0 0 0 0 0
 0 0 0 0 0 0 0 0 0 0 0 0 0 0 0 0 0 0 0 0 0 0 0 0 0 0 0 0 0 0 0 0 0 0 0 0
 0 0 0 0 0 0 0 0 0 0 0 0 0 0 0 0 0 0 0 0 0 0 0 0 0 0 0 0 0 0 0 0 0 0 0 0
 0 0 0 0 0 0 0 0 1.78061e-05 0.00172719 0.00360574 0.0105946 0.0120993 0.0124554 0.0147524 0.0171206 0.0266825 0.0428682 0.0675386 0.121331 0.153587 0.119568 0.100827 0.0573624 0.0630603 0.0341343 0.0324427 0.0444173 0.0211091 0.0280891 0.0125444 0.00206551 0 0 0 0
 0 0 0 0 0 0 0 0 0 0 0 0 0 0 0 0 0 0 0 0 0 0 0 0 0 0 0 0 0 0 0 0 0 0 0 0
 0 0 0 0 0 0 0.0133647 0.0140871 0.0187388 0.0205184 0.03894 0.0496705 0.03968 0.0493445 0.0407372 0.0367815 0.0215668 0.0243155 0.0234873 0.0199281 0.019796 0.0243948 0.0301388 0.0376714 0.0412746 0.0863199 0.0771752 0.113111 0.0741005 0.0525337 0.0229764 0.00759418 0.00175318 0 0 0
 0 0 0 0 0 0 0 0 0 0 0.00219441 0.00772107 0.0458388 0.0604681 0.0671733 0.0775358 0.0609151 0.0617685 0.073594 0.0568108 0.0755445 0.0548602 0.0670107 0.0636378 0.0643287 0.046367 0.0373049 0.0286899 0.0247887 0.0153202 0.00654259 0.00121912 0.000365735 0 0 0
 0 0 0 0 0 0 0 0 0 0 0 0 0.000112435 0.00938835 0.0111873 0.0202946 0.0414886 0.0713402 0.111592 0.104902 0.108894 0.110636 0.117776 0.105296 0.107544 0.0401394 0.0192827 0.0124803 0.00416011 0.0028671 0.000618394 0 0 0 0 0
 0 0 0 0 0 0 0 0 0 0 0.00291406 0.0102884 0.027416 0.0768956 0.0749926 0.110853 0.0956884 0.0897413 0.0766577 0.0534642 0.0500743 0.0551293 0.0594112 0.0620874 0.0668451 0.0424026 0.0208742 0.0120726 0.0048766 0.00582813 0.00118941 0.000297354 0 0 0 0
 0 0.00264628 0.0354308 0.0461629 0.0458689 0.0383711 0.0214643 0.0164657 0.0346957 0.0420465 0.0363128 0.0245516 0.0311673 0.0291091 0.0169068 0.0133784 0.00837989 0.0085269 0.0148486 0.0160247 0.0276389 0.0546898 0.0760071 0.122758 0.109233 0.0665981 0.0333725 0.0166128 0.00676272 0.00308733 0.000882094 0 0 0 0 0
 0 0 0 0 0 0 0 0.000805153 0.000690131 0.00759144 0.0133425 0.0154129 0.00931677 0.000345066 0.00356568 0.00563607 0.00851162 0.0253048 0.0502646 0.0516448 0.0657925 0.0565908 0.0611916 0.0827007 0.0866115 0.110766 0.145733 0.0935128 0.0569358 0.0249597 0.0138026 0.00621118 0.00161031 0.00115022 0 0
 0 0 0 0 0 0 0 0 0 0 0 0 0 0 0 0 0 0 0 0 0 0 0 0 0 0 0 0 0 0 0 0 0 0 0 0
 0.00147267 0.00158595 0.00478618 0.00569244 0.00954404 0.0108468 0.00647125 0.017049 0.0510054 0.094081 0.124002 0.0959785 0.0687766 0.0820023 0.061753 0.0591476 0.0492212 0.0479892 0.0443925 0.0268479 0.0217502 0.0140895 0.0121071 0.0120363 0.00920419 0.00665534 0.0049561 0.00860946 0.00930331 0.0156896 0.0114698 0.00855282 0.00243557 0.00046729 0 2.83206e-05
 0 0 0 0 0.000772559 0.00158375 0.000888443 0.00281984 0.00712685 0.0440552 0.0773331 0.111326 0.0921469 0.0852325 0.0710754 0.0886704 0.0786465 0.0553345 0.0373146 0.0185414 0.00753245 0.00457741 0.012979 0.0271748 0.0457355 0.0583668 0.034881 0.0177882 0.00938659 0.00492506 0.0015258 0.00185414 0.000309023 5.79419e-05 3.86279e-05 0
 0 0.00173294 0.00326652 0 0.00397197 0.00683976 0.00946217 0.0152591 0.00757587 0.0136028 0.0228656 0.0392903 0.0559909 0.0764795 0.0681675 0.0726916 0.0566044 0.0477403 0.0527397 0.0444891 0.0609904 0.0582453 0.0661739 0.0445044 0.0529084 0.0360697 0.0280645 0.0235558 0.0158879 0.00826598 0.00280645 0.00217768 0.000904811 0.00058276 9.20147e-05 0
 0 0 0 0 0 0 0 0 0 0 0 0 0 0 0 0 0 0 0 0 0 0 0 0 0 0 0 0 0 0 0 0 0 0 0 0
 0 0 0 0 0 0 0 0 0 0 0 0 0 0 0 0 0 0 0 0 0 0 0 0 0 0 0 0 0 0 0 0 0 0 0 0
 0 0 0 0 0 0 0 0 0 0 0 0 0 0 0 0 0 0 0 0 0 0 0 0 0 0 0 0 0 0 0 0 0 0 0 0
 0 0 0 0 0 0 0 0 0 0 0 0 0 0 0 0 0 0 0 0 0 0 0 0 0 0 0 0 0 0 0 0 0 0 0 0
 0 0 0 0 0 0 0 0 0 0 0 0 0 0 0 0 0 0 0 0 0 0 0 0 0 0 0 0 0 0 0 0 0 0 0 0
ppred_pel_tallas
 1.01092e-16 3.4122e-05 0.000200273 0.000952016 0.00366533 0.01143 0.0288712 0.0590742 0.0979213 0.131503 0.143095 0.126206 0.0903099 0.0526405 0.025426 0.010994 0.00560949 0.00487927 0.00611211 0.00812836 0.0104493 0.0127903 0.0148914 0.0165104 0.0174636 0.0176644 0.0171386 0.0160104 0.014465 0.0127024 0.0108968 0.00917329 0.00760315 0.00621406 0.00500639 0.00396834
 1.01231e-16 3.13574e-05 0.000184036 0.000874809 0.00336804 0.0105029 0.0265296 0.0542835 0.0899826 0.120849 0.131522 0.116045 0.0831399 0.0486649 0.0238864 0.0109784 0.00654281 0.00656499 0.00856954 0.0114341 0.0146391 0.0178081 0.02057 0.0225799 0.0235865 0.0234887 0.0223566 0.0204061 0.0179404 0.0152758 0.0126785 0.0103279 0.0083105 0.00663754 0.00527397 0.0041665
 1.02325e-16 2.4312e-05 0.000142663 0.000678099 0.00261062 0.00814088 0.0205634 0.0420771 0.0697536 0.0936956 0.102008 0.090094 0.0647444 0.0382944 0.0195373 0.0102307 0.0078145 0.00923225 0.0125787 0.0169329 0.0217646 0.0265837 0.0308624 0.0340966 0.0359089 0.0361318 0.0348393 0.0323144 0.0289669 0.025232 0.0214821 0.0179758 0.0148498 0.012142 0.00982987 0.00786635
 1.03088e-16 2.79512e-05 0.00016404 0.000779747 0.00300203 0.00936151 0.0236465 0.0483844 0.0802047 0.107719 0.117237 0.103452 0.0741431 0.0434502 0.0214252 0.0100189 0.00621955 0.00646805 0.00857852 0.0115691 0.0149899 0.0185095 0.0217889 0.0244982 0.0263754 0.0272782 0.0272059 0.0262825 0.0247115 0.0227188 0.0205047 0.0182173 0.01595 0.0137549 0.0116631 0.00969972
 1.02847e-16 2.90676e-05 0.000170594 0.000810904 0.00312199 0.00973561 0.0245914 0.0503179 0.0834096 0.112023 0.12192 0.107581 0.0770952 0.0451656 0.0222426 0.0103504 0.00635057 0.00653367 0.00861695 0.0115692 0.0149137 0.0183002 0.0213765 0.0238081 0.0253408 0.0258546 0.0253839 0.0240958 0.0222373 0.0200699 0.0178149 0.0156224 0.0135701 0.01168 0.00994505 0.00835174
 1.03649e-16 2.28899e-05 0.000134315 0.000638411 0.00245781 0.00766436 0.0193598 0.0396144 0.0656715 0.0882139 0.0960442 0.0848367 0.0609883 0.0361172 0.0185091 0.0098281 0.00767421 0.00917983 0.0125585 0.0169455 0.0218373 0.0267615 0.0312046 0.0346727 0.0367913 0.0373865 0.0365154 0.0344342 0.0315195 0.0281707 0.0247273 0.0214223 0.0183771 0.0156264 0.0131561 0.0109379
 1.03503e-16 2.879e-05 0.000168966 0.000803175 0.00309224 0.00964284 0.0243571 0.0498382 0.0826135 0.110952 0.120747 0.106532 0.0763109 0.0446415 0.0218654 0.00997814 0.0058636 0.00584645 0.00767501 0.0103517 0.013443 0.0166521 0.0196822 0.0222437 0.0241037 0.0251304 0.0253124 0.0247439 0.0235871 0.022023 0.020212 0.0182728 0.0162812 0.0142837 0.0123142 0.0104068
 1.02854e-16 2.89151e-05 0.000169697 0.000806641 0.00310557 0.00968441 0.0244621 0.0500534 0.0829713 0.111435 0.121282 0.107024 0.0767079 0.0449623 0.0221863 0.0103971 0.0064763 0.00673571 0.00890297 0.0119462 0.01538 0.0188407 0.0219616 0.0243958 0.0258827 0.0263039 0.0257045 0.0242686 0.0222634 0.0199694 0.0176213 0.0153758 0.0133096 0.0114381 0.00974383 0.00820232
 1.02215e-16 3.06303e-05 0.000179769 0.000854529 0.00328996 0.0102594 0.0259145 0.053025 0.0878961 0.118046 0.128468 0.113343 0.0811888 0.0474921 0.0232543 0.0105954 0.00619368 0.00612916 0.00799179 0.0107013 0.0137746 0.0168741 0.0196678 0.0218422 0.0231607 0.0235137 0.022938 0.0215966 0.0197291 0.0175898 0.0153952 0.0132943 0.011365 0.00962985 0.00807983 0.00669595
 1.02472e-16 2.67389e-05 0.000156916 0.000745867 0.00287156 0.00895463 0.0226188 0.0462823 0.0767223 0.103049 0.112171 0.0990235 0.0710596 0.0418249 0.0209607 0.0103632 0.00717923 0.00802013 0.0107862 0.0144948 0.018634 0.022773 0.0264608 0.0292691 0.0308778 0.0311451 0.0301345 0.0280854 0.025343 0.022272 0.0191812 0.0162818 0.0136813 0.0114048 0.00942951 0.00771534
 1.04221e-16 2.05277e-05 0.000120446 0.00057247 0.00220392 0.0068726 0.0173599 0.0355225 0.0588897 0.0791089 0.0861434 0.0761206 0.0547865 0.0325737 0.0169326 0.00938046 0.0077924 0.00962022 0.013274 0.0179717 0.0232319 0.0285778 0.0334786 0.0374158 0.0399867 0.0409876 0.040448 0.0386006 0.0358045 0.0324488 0.0288719 0.0253149 0.0219175 0.0187405 0.015802 0.0131063
 1.06492e-16 1.9499e-05 0.000114411 0.000543796 0.00209353 0.00652839 0.0164904 0.033743 0.0559385 0.0751414 0.0818149 0.0722766 0.0519783 0.0308215 0.0158723 0.00856113 0.00686169 0.00835528 0.0115494 0.0157399 0.02053 0.0255433 0.0303552 0.0345369 0.0377351 0.0397371 0.0405003 0.0401321 0.0388363 0.0368462 0.03437 0.031564 0.0285351 0.02536 0.0221096 0.0188648
 1.06058e-16 2.51242e-05 0.000147444 0.000700851 0.00269826 0.00841423 0.0212538 0.0434886 0.0720897 0.0968218 0.105381 0.0929995 0.0666732 0.0391161 0.0193703 0.00919976 0.00590985 0.00631586 0.00846718 0.0114936 0.0149993 0.0186902 0.0222594 0.0254023 0.0278691 0.029511 0.0302986 0.0303059 0.0296703 0.0285436 0.0270535 0.0252869 0.0232955 0.0211139 0.0187811 0.0163535
 1.04727e-16 2.53885e-05 0.000148991 0.000708194 0.00272652 0.00850234 0.0214764 0.0439445 0.0728467 0.0978426 0.106503 0.0940153 0.0674571 0.0396876 0.0198592 0.00977121 0.0067152 0.00747769 0.0100747 0.0135898 0.0175603 0.0216058 0.025327 0.0283406 0.0303538 0.0312257 0.0309895 0.0298272 0.028008 0.0258136 0.0234764 0.0211476 0.0188976 0.0167396 0.0146616 0.0126536
 1.02742e-16 3.09354e-05 0.000181563 0.000863059 0.00332281 0.0103619 0.0261733 0.0535542 0.0887727 0.119221 0.129742 0.114455 0.0819585 0.0478886 0.0233487 0.0104706 0.00589128 0.00564656 0.00730456 0.00978663 0.0126289 0.0155243 0.018176 0.0203031 0.0216903 0.0222326 0.0219524 0.0209819 0.0195199 0.0177779 0.0159355 0.0141152 0.0123815 0.0107554 0.00923537 0.00781613
 1.02103e-16 2.88201e-05 0.000169137 0.000803972 0.00309529 0.00965233 0.0243811 0.0498878 0.0826977 0.11107 0.120891 0.106693 0.0765014 0.0449036 0.0222726 0.0106293 0.00687441 0.00733661 0.00974656 0.0130588 0.0167585 0.0204409 0.023693 0.0261269 0.0274563 0.0275609 0.0265091 0.024531 0.0219528 0.0191154 0.0163052 0.0137143 0.0114353 0.00948189 0.00782121 0.00640431
 1.02798e-16 2.53577e-05 0.000148806 0.000707311 0.00272311 0.00849169 0.0214495 0.0438898 0.072757 0.0977251 0.106383 0.0939279 0.0674352 0.0397566 0.0200452 0.0101119 0.00726491 0.00830223 0.0112389 0.0151402 0.0195055 0.0238998 0.02786 0.0309418 0.0328071 0.0332969 0.0324595 0.0305225 0.027824 0.0247252 0.0215371 0.0184773 0.0156649 0.0131404 0.0108983 0.00891643
 1.02257e-16 3.22406e-05 0.000189227 0.000899501 0.00346313 0.0107995 0.0272785 0.0558155 0.0925201 0.124251 0.135208 0.119259 0.0853595 0.0497968 0.0241317 0.0105719 0.00559859 0.00507047 0.00645215 0.00863192 0.0111542 0.0137399 0.0161281 0.0180707 0.0193748 0.0199407 0.0197776 0.0189903 0.0177425 0.0162125 0.0145552 0.0128812 0.0112552 0.00970749 0.0082501 0.00689078
 1.01408e-16 3.33437e-05 0.000195702 0.000930279 0.00358163 0.011169 0.028212 0.0577254 0.0956864 0.128504 0.139838 0.123348 0.0882974 0.0515326 0.0250124 0.0110219 0.00592163 0.00542414 0.00689691 0.00917238 0.0117547 0.0143268 0.016592 0.0182767 0.0191804 0.0192199 0.0184458 0.0170228 0.0151833 0.0131695 0.0111845 0.00936398 0.00777264 0.00641849 0.00527622 0.00430892
 1.01344e-16 3.12362e-05 0.000183325 0.00087143 0.00335503 0.0104623 0.0264271 0.0540738 0.0896349 0.120382 0.131013 0.115595 0.0828154 0.0484707 0.0237833 0.0109183 0.00649076 0.00650193 0.00848749 0.0113321 0.0145222 0.0176873 0.0204619 0.0225054 0.0235677 0.0235449 0.0225004 0.0206409 0.0182589 0.0156616 0.0131084 0.010776 0.00875183 0.00705129 0.00564528 0.004487
 1.0189e-16 2.84678e-05 0.000167068 0.000794138 0.00305742 0.00953424 0.0240829 0.0492776 0.0816862 0.109712 0.119414 0.105392 0.0755756 0.0443735 0.0220348 0.0105586 0.00688717 0.00739741 0.00985065 0.0132155 0.0169824 0.0207473 0.0240953 0.026633 0.0280664 0.0282642 0.0272833 0.0253425 0.0227594 0.019871 0.0169655 0.014243 0.011809 0.00969275 0.00787747 0.00632781
 1.01991e-16 3.12849e-05 0.000183614 0.00087281 0.00336035 0.0104789 0.026469 0.0541593 0.0897758 0.120569 0.131209 0.11575 0.0828902 0.0484405 0.0236316 0.0106204 0.00600656 0.00578087 0.00748213 0.0100155 0.0129054 0.0158328 0.0184882 0.0205784 0.0218798 0.0222842 0.021818 0.0206243 0.0189179 0.01693 0.0148598 0.012848 0.010973 0.00926466 0.00772442 0.00634415
 1.02063e-16 2.91407e-05 0.00017102 0.000812928 0.00312977 0.00975987 0.0246528 0.0504435 0.0836185 0.112306 0.122232 0.107869 0.0773281 0.0453552 0.0224342 0.0106029 0.00672231 0.00707679 0.00937296 0.012561 0.0161349 0.0197053 0.0228771 0.0252782 0.0266319 0.0268174 0.0258934 0.0240716 0.0216561 0.0189669 0.0162744 0.0137625 0.0115235 0.00957693 0.00789944 0.00645271
 1.02269e-16 2.916e-05 0.000171135 0.000813475 0.00313189 0.00976646 0.0246694 0.0504775 0.0836743 0.112379 0.122309 0.107929 0.0773533 0.0453349 0.0223595 0.0104608 0.00649321 0.00673705 0.00890123 0.0119465 0.0153853 0.0188532 0.0219814 0.0244193 0.0259009 0.0263006 0.0256564 0.024147 0.0220379 0.0196127 0.0171148 0.0147147 0.0125048 0.0105163 0.00874487 0.0071733
 1.04423e-16 1.65241e-05 9.69329e-05 0.00046067 0.00177343 0.00553011 0.013969 0.0285852 0.0473936 0.0636801 0.0693802 0.0613975 0.044385 0.0267812 0.0146403 0.00925377 0.00898163 0.0118232 0.0165046 0.0223354 0.0287891 0.035274 0.0411169 0.0456651 0.0484231 0.0491601 0.0479511 0.0451349 0.0412109 0.0367103 0.0320864 0.0276531 0.0235767 0.0199085 0.0166341 0.0137171
 1.05638e-16 2.5276e-05 0.000148338 0.000705107 0.00271466 0.00846537 0.0213829 0.0437526 0.0725263 0.0974056 0.106009 0.0935374 0.0670225 0.0392484 0.0193025 0.00894838 0.00546683 0.00565186 0.00755074 0.010313 0.0135816 0.0171121 0.0206486 0.0239237 0.0266989 0.0288023 0.0301476 0.0307292 0.0305983 0.0298335 0.0285178 0.0267294 0.0245456 0.0220517 0.0193489 0.0165537
 1.02966e-16 3.27395e-05 0.000192157 0.000913436 0.00351679 0.0109668 0.0277012 0.0566802 0.093953 0.126174 0.137297 0.121093 0.086654 0.0505148 0.0244096 0.0105734 0.00542504 0.00475289 0.00597963 0.00797966 0.0103014 0.0126804 0.0148767 0.0166665 0.0178796 0.0184342 0.0183495 0.0177302 0.0167306 0.0155107 0.0142009 0.0128837 0.0115953 0.01034 0.00910987 0.00790072
pSPR Fmed_Fpbrs
0.445491   0.6 0.325
Fs Fmed_Fpbrs
0.64   0.347395 1.06646
SSBpbr Bo_Bmed_Bpbrs
1.90711e+06  754246  1.04891e+06 524456
Ro
50011.1
SPR SPRFo_SPRFmed_SPRFpbrs
1.03294e+06 460166 335706
log_Ro
10.64
likeval ReclasPelacesDesembMPH_pf_preclas_ppelaces_ptallas_desvR_qrecl_qpela
 96.3275 38.936 0.0503559 50.6491 341.913 225.402 55.9066 0 22.0453 4.75426e-05 1.60081e-05 2.87363e-16 0 0 0
q_reclas_q_pelaces
0.376414 1.7669
M
0.7
N
 57773.5 14786.2 5479.81 643.808 0.328463
 69826.7 26413.1 4694.46 1739.79 204.507
 41558.3 32556.7 9325.89 1657.51 686.486
 56167.8 18847.7 9896.41 2834.84 712.516
 85992.9 27400.2 8500.49 4463.39 1599.89
 61689 42536.5 13322.3 4133.04 2948.04
 98208.3 29335.2 16709.6 5233.39 2781.65
 116279 47372.2 12448.2 7090.6 3401.13
 158123 54479.4 17172.1 4512.39 3803.18
 145498 74022.8 19660.1 6196.92 3000.85
 75238.8 69296 29321.6 7787.67 3643.38
 44634.1 34406 22028.6 9321.06 3633.82
 41066.8 20600.3 11498.3 7361.85 4329.47
 21046.4 18230.6 5577.55 3113.18 3165.43
 16487 8566.12 3085.83 944.094 1062.76
 12946.1 6682.76 1417.92 510.785 332.187
 8757.19 5864.58 2018.72 428.323 254.644
 14358.1 3956.76 1746.98 601.351 203.447
 23755.7 6586.46 1279.34 564.853 260.216
 31753.1 11134.6 2392.81 464.775 299.74
 37291.5 15066.1 4321.68 928.721 296.732
 65015.6 18130.5 6671.84 1913.8 542.676
 81010.8 31403.7 7750.13 2851.97 1050.06
 107711 39069 13311.7 3285.2 1654.03
 43630.4 51898.4 16479.5 5614.95 2083.39
 69014.1 21081.9 22228 7058.16 3297.2
 152577 33265.8 8910.87 9395.32 4376.99
pred_Ctot
 3312.44 3934.52 1458.15 171.314 0.0874022
 3078.89 5598.01 994.946 368.731 43.3433
 2605.34 9339.77 2675.38 475.501 196.937
 713.031 1250.92 656.828 188.149 47.2899
 240.873 412.141 127.86 67.1361 24.0648
 1885.44 6478.47 2029.04 629.477 448.997
 2025.97 3097.06 1764.11 552.514 293.672
 4741.58 9367.33 2461.49 1402.09 672.536
 6537.31 10905.7 3437.52 903.292 761.322
 4291.75 10911.6 2898.06 913.478 442.351
 4302.09 18396.7 7784.31 2067.47 967.247
 2275.09 8277.24 5299.53 2242.42 874.209
 3152.27 6974.18 3892.73 2492.33 1465.73
 2761.64 9176.47 2807.49 1567.04 1593.34
 2204.42 4366.22 1572.87 481.213 541.698
 821.537 1936.68 410.915 148.027 96.2685
 570.699 1737.56 598.109 126.904 75.4463
 790.832 1017.49 449.239 154.638 52.3168
 962.098 1294.48 251.438 111.014 51.1421
 1019.31 1773.85 381.197 74.043 47.7515
 562.507 1180.52 338.63 72.771 23.2507
 1279.48 1830.66 673.667 193.24 54.7949
 1682.43 3336.47 823.406 303.006 111.562
 2305.69 4271.12 1455.27 359.146 180.823
 847.586 5176.39 1643.68 560.04 207.799
 1458.85 2277.52 2401.34 762.509 356.203
 4083.84 4482.28 1200.66 1265.94 589.762
F
 0.0826694 0.447309 0.447309 0.447309 0.447309
 0.0630344 0.341068 0.341068 0.341068 0.341068
 0.0907091 0.49081 0.49081 0.49081 0.49081
 0.0177912 0.0962647 0.0962647 0.0962647 0.0962647
 0.00390164 0.021111 0.021111 0.021111 0.021111
 0.0433173 0.234382 0.234382 0.234382 0.234382
 0.0290551 0.157212 0.157212 0.157212 0.157212
 0.0581706 0.31475 0.31475 0.31475 0.31475
 0.0589989 0.319232 0.319232 0.319232 0.319232
 0.0417772 0.226049 0.226049 0.226049 0.226049
 0.0824363 0.446048 0.446048 0.446048 0.446048
 0.073192 0.396029 0.396029 0.396029 0.396029
 0.112101 0.606557 0.606557 0.606557 0.606557
 0.198913 1.07628 1.07628 1.07628 1.07628
 0.203043 1.09863 1.09863 1.09863 1.09863
 0.0918652 0.497065 0.497065 0.497065 0.497065
 0.0944481 0.511041 0.511041 0.511041 0.511041
 0.0793003 0.429079 0.429079 0.429079 0.429079
 0.057764 0.31255 0.31255 0.31255 0.31255
 0.0455409 0.246413 0.246413 0.246413 0.246413
 0.0211713 0.114554 0.114554 0.114554 0.114554
 0.0277009 0.149885 0.149885 0.149885 0.149885
 0.0292528 0.158281 0.158281 0.158281 0.158281
 0.030164 0.163212 0.163212 0.163212 0.163212
 0.0273403 0.147933 0.147933 0.147933 0.147933
 0.0297816 0.161143 0.161143 0.161143 0.161143
 0.0378436 0.204765 0.204765 0.204765 0.204765
Np
 36397.6 16950.5 25595.9 4722.65 1708.89
YTP_r0W_actual
 56161.2 154707 60243.1 81117.3 41936.6
YTP_p0W_proyectada
 13397.4 339281 91002 31130.6 51163.4
 13397.4 78830.6 173044 40774.4 16373.2
CTP_r0_actual
 6848.92 7162.35 1918.57 2022.88 942.396
CTP_p0_proyectada
 1633.83 15707.4 2898.15 776.325 1149.74
 1633.83 3649.56 5510.96 1016.82 367.936
Wmedp
 8.2 21.6 31.4 40.1 44.5
nmprior
 10.8 10.6 4.6 0
nm_flota  nm_reclas  nm_pelaces    nm_pelaL
inf 11.4827 18.2939 58.5098
cv_recla  cv_pelaces  cv_mph
0.708312 0.341772 0.570615
 ------------------------------------------------
Talla a la edad & desviaci?n 
 7.2 14.2025 17.0495 18.207 18.6776
 1.08 2.13037 2.55742 2.73105 2.80164
