years
 1997 1998 1999 2000 2001 2002 2003 2004 2005 2006 2007 2008 2009 2010 2011 2012 2013 2014 2015 2016 2017 2018 2019 2020 2021 2022 2023
reclasobs
 0 0 0 370054 412103 1.49427e+06 250295 1.28982e+06 931140 785840 897777 1.04006e+06 184774 17550 25797 100020 73551 82996 120727 218422 84188 347160 605670 569463 516374 1.08416e+06 1.01767e+06
reclaspred
 472929 138796 468449 324443 401181 453195 946634 666980 816194 732156 593132 410978 248611 120713 80544.5 66093.4 63413.6 89193.2 113483 177432 252912 248081 430249 537954 626702 609763 709754
pelacesobs
 0 0 0 0 0 0 0 0 0 2.06254e+06 1.5e+06 0 1.87456e+06 323000 250000 174000 83755 137374 0 501740 490994 745055 786931 1.00524e+06 1.33801e+06 1.41789e+06 0
pelacespred
 1.55951e+06 483437 875733 1.02257e+06 1.04899e+06 1.05482e+06 2.2063e+06 2.02738e+06 2.13875e+06 2.02844e+06 1.56138e+06 1.14498e+06 698171 301447 182046 156829 150817 200329 258739 393878 638182 631080 891110 1.27531e+06 1.52634e+06 1.63236e+06 1.68876e+06
mphobs
 0 0 0 0 0 0 112323 0 153150 637223 0 255016 313432 73983 77613 109348 50772 17779 17303 59886 28197 0 207744 136588 643089 65757 70829
mphpred
 128964 89532.3 117106 157961 144648 193042 283862 319461 300862 329791 301271 223164 139396 122074 60416.1 44578.3 38579.2 44684.5 25459 34693.5 56303.8 67864.3 90207.4 129163 163665 164884 158807
desembarqueobs
 350755 77701 442110 56441 14545 235359 269955 359681 431902 328805 639364 411747 362871 311530 167758 66681 60226 58785 57116 73181 50977 67692 138656 160484 209506 203330 245020
desembarquepred
 350767 77705.3 442162 56443.2 14545.2 235420 269988 359701 431931 328846 639606 411968 363341 312347 167884 66726.6 60288.3 58794 57107.3 73183.1 50979.3 67685.5 138668 160499 209526 203343 245017
Reclutas
 79951.7 98635.1 61665 83171.3 126277 92146.3 144200 164563 214419 174917 81319.8 43165.6 38740.3 21896.3 17162.3 16551.4 12908 21388 33555.8 47565.2 58374.4 92733.3 120493 159390 65418.3 104271 223052
log_desv_Rt
 0.169178 0.379183 -0.0905283 0.208658 0.626232 0.311132 0.758955 0.89105 1.15569 0.952065 0.186144 -0.4472 -0.555365 -1.12593 -1.36953 -1.40578 -1.6544 -1.14942 -0.699035 -0.350143 -0.145368 0.317483 0.579347 0.859109 -0.0314429 0.434747 1.19516
SSB
 957138 664484 869131 1.17234e+06 1.07353e+06 1.4327e+06 2.05757e+06 2.35016e+06 2.19403e+06 2.40694e+06 2.23595e+06 1.65626e+06 1.05738e+06 559490 283882 213103 191872 214519 292241 414925 644286 758954 1.0332e+06 1.42165e+06 1.94983e+06 2.01256e+06 1.83491e+06
BT
 3.29531e+06 923720 1.80925e+06 1.74958e+06 1.78537e+06 1.88042e+06 4.03995e+06 3.83689e+06 4.12943e+06 3.71097e+06 3.10804e+06 2.1938e+06 1.47475e+06 790883 453244 316146 305795 395713 490584 739384 1.14462e+06 1.10296e+06 1.58233e+06 2.28058e+06 2.63391e+06 2.81185e+06 3.06099e+06
Ftot
 0.304482 0.220398 0.299359 0.0561795 0.012947 0.146824 0.0955638 0.190335 0.193181 0.143877 0.29704 0.263286 0.399281 0.68972 0.635469 0.305464 0.307056 0.241512 0.179306 0.148977 0.0697666 0.0909964 0.0999416 0.101848 0.0926644 0.098089 0.12247
BD_Bspro_t
 0.963442 0.827108 0.805704 0.720987 0.79953 0.875631 0.846366 0.849735 0.818905 0.80131 0.771022 0.649786 0.550783 0.438656 0.311236 0.303617 0.364588 0.48004 0.610387 0.729466 0.814631 0.868061 0.881277 0.881273 0.883972 0.855702 0.84393
BD_Bspro
 0.686453 0.476563 0.623335 0.840795 0.769932 1.02753 1.47568 1.68552 1.57354 1.72624 1.60361 1.18786 0.758345 0.401263 0.203598 0.152836 0.137609 0.153851 0.209593 0.297581 0.462077 0.544317 0.741003 1.0196 1.39841 1.4434 1.31598
BD_Bo
 0.314769 0.218525 0.285827 0.385541 0.353047 0.471166 0.676663 0.772885 0.721538 0.791558 0.735325 0.544686 0.347734 0.183996 0.0933586 0.070082 0.0630998 0.0705476 0.0961078 0.136454 0.211883 0.249593 0.339782 0.467529 0.641231 0.66186 0.603435
BD_Brms
 0.572307 0.397318 0.519685 0.700984 0.641904 0.856665 1.2303 1.40525 1.31189 1.4392 1.33696 0.990337 0.632244 0.334539 0.169743 0.127422 0.114727 0.128268 0.174741 0.248098 0.385241 0.453805 0.617786 0.850053 1.16587 1.20338 1.09716
S_f
 0.208933 1 1 1 1
 0.208933 1 1 1 1
 0.208933 1 1 1 1
 0.208933 1 1 1 1
 0.208933 1 1 1 1
 0.208933 1 1 1 1
 0.208933 1 1 1 1
 0.208933 1 1 1 1
 0.208933 1 1 1 1
 0.208933 1 1 1 1
 0.208933 1 1 1 1
 0.208933 1 1 1 1
 0.208933 1 1 1 1
 0.208933 1 1 1 1
 0.208933 1 1 1 1
 0.208933 1 1 1 1
 0.208933 1 1 1 1
 0.208933 1 1 1 1
 0.208933 1 1 1 1
 0.208933 1 1 1 1
 0.208933 1 1 1 1
 0.208933 1 1 1 1
 0.208933 1 1 1 1
 0.208933 1 1 1 1
 0.208933 1 1 1 1
 0.208933 1 1 1 1
 0.208933 1 1 1 1
Scru_reclas
 1 1 1 1 1
 1 1 1 1 1
 1 1 1 1 1
 1 1 1 1 1
 1 1 1 1 1
 1 1 1 1 1
 1 1 1 1 1
 1 1 1 1 1
 1 1 1 1 1
 1 1 1 1 1
 1 1 1 1 1
 1 1 1 1 1
 1 1 1 1 1
 1 1 1 1 1
 1 1 1 1 1
 1 1 1 1 1
 1 1 1 1 1
 1 1 1 1 1
 1 1 1 1 1
 1 1 1 1 1
 1 1 1 1 1
 1 1 1 1 1
 1 1 1 1 1
 1 1 1 1 1
 1 1 1 1 1
 1 1 1 1 1
 1 1 1 1 1
Scru_pelaces
 0.72518 0.929971 0.985258 0.997036 0.99941
 0.72518 0.929971 0.985258 0.997036 0.99941
 0.72518 0.929971 0.985258 0.997036 0.99941
 0.72518 0.929971 0.985258 0.997036 0.99941
 0.72518 0.929971 0.985258 0.997036 0.99941
 0.72518 0.929971 0.985258 0.997036 0.99941
 0.72518 0.929971 0.985258 0.997036 0.99941
 0.72518 0.929971 0.985258 0.997036 0.99941
 0.72518 0.929971 0.985258 0.997036 0.99941
 0.72518 0.929971 0.985258 0.997036 0.99941
 0.72518 0.929971 0.985258 0.997036 0.99941
 0.72518 0.929971 0.985258 0.997036 0.99941
 0.72518 0.929971 0.985258 0.997036 0.99941
 0.72518 0.929971 0.985258 0.997036 0.99941
 0.72518 0.929971 0.985258 0.997036 0.99941
 0.72518 0.929971 0.985258 0.997036 0.99941
 0.72518 0.929971 0.985258 0.997036 0.99941
 0.72518 0.929971 0.985258 0.997036 0.99941
 0.72518 0.929971 0.985258 0.997036 0.99941
 0.72518 0.929971 0.985258 0.997036 0.99941
 0.72518 0.929971 0.985258 0.997036 0.99941
 0.72518 0.929971 0.985258 0.997036 0.99941
 0.72518 0.929971 0.985258 0.997036 0.99941
 0.72518 0.929971 0.985258 0.997036 0.99941
 0.72518 0.929971 0.985258 0.997036 0.99941
 0.72518 0.929971 0.985258 0.997036 0.99941
 0.72518 0.929971 0.985258 0.997036 0.99941
pf_obs 
 0.256992 0.487395 0.22802 0.0275931 0
 0.321318 0.546541 0.124235 0.00734118 0.000564706
 0.182869 0.594174 0.210203 0.0122559 0.00049798
 0.330522 0.361315 0.267642 0.0388342 0.00168674
 0.649043 0.306663 0.0425973 0.00169635 0
 0.582887 0.30429 0.105238 0.00758474 0
 0.465427 0.430635 0.0974691 0.00646863 0
 0.296916 0.608066 0.0921331 0.00288517 0
 0.311714 0.524322 0.152257 0.0117073 0
 0.15457 0.633149 0.183074 0.0267441 0.00246327
 0.131901 0.49318 0.331252 0.0422183 0.00144891
 0.196976 0.569456 0.194076 0.0375587 0.00193317
 0.518974 0.381816 0.0799577 0.0180837 0.00116848
 0.0928022 0.601141 0.25162 0.0475244 0.00691264
 0.122501 0.610282 0.24278 0.0234846 0.000952079
 0.383417 0.481906 0.127806 0.00687128 0
 0.0376549 0.599619 0.316969 0.0457579 0
 0.0361596 0.667082 0.258105 0.0386534 0
 0.158088 0.579412 0.248529 0.0139706 0
 0.0477256 0.309471 0.559284 0.082774 0.000745712
 0.0406174 0.521527 0.379366 0.0568643 0.0016247
 0.151134 0.462217 0.34131 0.0453401 0
 0.294876 0.26143 0.354403 0.0886775 0.000613685
 0.281977 0.475581 0.204845 0.0348837 0.00271318
 0.0841818 0.532909 0.334909 0.0458182 0.00218182
 0.115287 0.27431 0.454777 0.147771 0.00785563
 0 0 0 0 0
pf_pred 
 0.394152 0.428035 0.159065 0.0187384 9.43866e-06
 0.317867 0.533013 0.105354 0.0391513 0.00461447
 0.178149 0.584513 0.185454 0.0366564 0.0152277
 0.250649 0.406887 0.243565 0.0772785 0.02162
 0.287473 0.442765 0.146477 0.0876819 0.0356028
 0.176104 0.543861 0.174015 0.0575679 0.048453
 0.268137 0.382096 0.230885 0.0738742 0.045009
 0.252651 0.483244 0.137886 0.0833186 0.042901
 0.27996 0.459373 0.16855 0.048093 0.044024
 0.200994 0.535262 0.168264 0.0617383 0.0337416
 0.111345 0.499569 0.260653 0.0819383 0.0464952
 0.095623 0.36798 0.301542 0.157331 0.0775231
 0.142017 0.311476 0.222367 0.182219 0.14192
 0.136046 0.421059 0.160785 0.114787 0.167322
 0.192807 0.411613 0.192791 0.0736192 0.12917
 0.237366 0.46201 0.153298 0.0718016 0.0755251
 0.196698 0.50697 0.17952 0.0595659 0.0572458
 0.31655 0.392239 0.183786 0.0650792 0.0423463
 0.34453 0.466666 0.108356 0.0507709 0.0296764
 0.32287 0.495413 0.129374 0.0300397 0.0223025
 0.27905 0.511332 0.153364 0.0400501 0.0162034
 0.314814 0.449795 0.166951 0.0500736 0.0183669
 0.286459 0.496654 0.142377 0.0528464 0.0216641
 0.282141 0.479281 0.16606 0.047605 0.0249132
 0.107769 0.591656 0.20068 0.0695313 0.0303642
 0.210062 0.296978 0.326891 0.110876 0.0551925
 0.353563 0.368944 0.104324 0.114832 0.0583374
pobs_RECLAS
 0 0 0 0 0
 0 0 0 0 0
 0 0 0 0 0
 0 0 0 0 0
 0.835266 0.146461 0.0176864 0.000547809 3.91292e-05
 0.385257 0.428462 0.181853 0.0044286 0
 0.867414 0.0963971 0.0333333 0.00285562 0
 0.441836 0.489002 0.0689373 0.000224442 0
 0.779404 0.147425 0.0564933 0.0165055 0.000172143
 0.814271 0.122319 0.05973 0.00367925 0
 0.40263 0.566651 0.0304383 0.000280538 0
 0.475488 0.404961 0.113038 0.00651328 0
 0.955842 0.0263864 0.0167828 0.000988607 0
 0.975058 0.0227948 0.00214734 0 0
 0.738997 0.206755 0.0527124 0.00153531 0
 0.850938 0.134255 0.0134407 0.00136685 0
 0.542534 0.407297 0.0501686 0 0
 0.764087 0.199537 0.0359546 0.000420521 0
 0.470689 0.182191 0.310203 0.0369168 0
 0.84361 0.089868 0.0606195 0.00523954 0.000663233
 0.607945 0.314616 0.071237 0.00620181 0
 0.523733 0.453247 0.0230204 0 0
 0.530135 0.295979 0.169645 0.0042399 0
 0.562478 0.366248 0.0663022 0.0049721 0
 0.250443 0.683176 0.0655157 0.000865301 0
 0.195077 0.31981 0.436473 0.0351445 0.0134964
 0.565238 0.351407 0.0832357 0.000118908 0
ppred_RECLAS
 0.760125 0.169473 0.0629791 0.00741913 3.73708e-06
 0.692986 0.239898 0.0474176 0.0176212 0.00207688
 0.513488 0.346015 0.109784 0.0216995 0.00901434
 0.61616 0.20842 0.124761 0.0395843 0.0110744
 0.658958 0.211924 0.0701092 0.0419678 0.0170408
 0.507581 0.32505 0.104003 0.0344067 0.028959
 0.637926 0.189034 0.114225 0.0365477 0.0222672
 0.620421 0.24544 0.0700322 0.0423176 0.0217895
 0.6528 0.221508 0.0812741 0.0231902 0.0212282
 0.54811 0.302726 0.0951643 0.034917 0.0190831
 0.378873 0.349175 0.182184 0.0572709 0.0324979
 0.339312 0.268826 0.22029 0.114938 0.0566341
 0.448066 0.20037 0.143047 0.11722 0.0912962
 0.441993 0.271952 0.103848 0.0741381 0.108069
 0.544476 0.232286 0.108798 0.0415456 0.0728946
 0.602562 0.240771 0.0798893 0.0374186 0.0393591
 0.543979 0.287798 0.101911 0.0338146 0.0324975
 0.691978 0.176777 0.0828299 0.0293304 0.0190849
 0.717486 0.201138 0.0467027 0.0218828 0.0127908
 0.696949 0.221724 0.0579018 0.0134443 0.00998152
 0.650206 0.24809 0.0744098 0.0194317 0.00786165
 0.688372 0.20457 0.0759305 0.0227739 0.00835339
 0.658824 0.237472 0.068077 0.0252682 0.0103585
 0.654062 0.230967 0.0800249 0.022941 0.0120057
 0.367392 0.419494 0.142286 0.0492989 0.0215288
 0.561205 0.164966 0.181582 0.0615897 0.0306584
 0.724824 0.157053 0.0444087 0.0488817 0.0248331
pobs_PELACES
 0 0 0 0 0
 0 0 0 0 0
 0 0 0 0 0
 0 0 0 0 0
 0 0 0 0 0
 0 0 0 0 0
 0 0 0 0 0
 0 0 0 0 0
 0 0 0 0 0
 0 0 0 0 0
 0.450072 0.473896 0.0757376 0.000293798 0
 0 0 0 0 0
 0.463077 0.371075 0.160297 0.00555027 0
 0.529543 0.364841 0.0842815 0.0213345 0
 0.631943 0.363953 0.00410389 0 0
 0.735681 0.248677 0.0153453 0.000297389 0
 0.695825 0.281241 0.0229344 0 0
 0.275771 0.60734 0.115278 0.00161068 0
 0 0 0 0 0
 0.896147 0.0623911 0.0374545 0.00400742 0
 0.803859 0.145111 0.0509908 3.86294e-05 0
 0.739449 0.233085 0.0266225 0.000797448 4.60066e-05
 0.878498 0.100942 0.0204185 0.000141795 0
 0.694673 0.275183 0.0284847 0.00165964 0
 0.469039 0.446079 0.0841089 0.000773354 0
 0.822795 0.102175 0.0682046 0.00682512 0
 0 0 0 0 0
ppred_PELACES
 0.724408 0.191295 0.0753145 0.00897834 4.53323e-06
 0.647756 0.271487 0.0568516 0.0213796 0.00252585
 0.466432 0.372766 0.125303 0.025063 0.0104364
 0.552483 0.236167 0.149775 0.0480888 0.0134857
 0.595989 0.244972 0.08586 0.0520108 0.021169
 0.449714 0.355433 0.120486 0.040336 0.0340303
 0.577476 0.214039 0.137024 0.0443664 0.0270952
 0.566912 0.273665 0.0827279 0.0505866 0.0261092
 0.601096 0.248699 0.096676 0.0279147 0.0256137
 0.490211 0.334408 0.111373 0.0413529 0.0226543
 0.333337 0.364568 0.201524 0.0641079 0.036464
 0.292267 0.277221 0.240674 0.127074 0.0627634
 0.402476 0.207963 0.157294 0.130436 0.101831
 0.416717 0.274629 0.111104 0.080267 0.117282
 0.515828 0.239071 0.118633 0.0458427 0.0806257
 0.555115 0.26265 0.09233 0.0437625 0.0461416
 0.496031 0.310618 0.11653 0.0391276 0.0376931
 0.644875 0.198359 0.0984676 0.0352846 0.0230139
 0.670728 0.230103 0.0566044 0.0268393 0.0157254
 0.647049 0.253911 0.0702493 0.0165063 0.012284
 0.591764 0.284329 0.0903486 0.023876 0.00968275
 0.633211 0.235654 0.0926679 0.0281261 0.0103412
 0.602557 0.271353 0.0824142 0.0309555 0.0127202
 0.597219 0.263355 0.0966711 0.0280443 0.0147114
 0.312326 0.446398 0.160413 0.0562438 0.0246201
 0.495941 0.182224 0.212502 0.0729391 0.0363944
 0.673274 0.181194 0.0542808 0.0604624 0.0307895
pobs_pel_tallas
 0 0 0 0 0 0 0 0 0 0 0 0 0 0 0 0 0 0 0 0 0 0 0 0 0 0 0 0 0 0 0 0 0 0 0 0
 0 0 0 0 0 0 0 0 0 0 0 0 0 0 0 0 0 0 0 0 0 0 0 0 0 0 0 0 0 0 0 0 0 0 0 0
 0 0 0 0 0 0 0 0 0 0 0 0 0 0 0 0 0 0 0 0 0 0 0 0 0 0 0 0 0 0 0 0 0 0 0 0
 0 0 0 0 0 0 0 0 0 0 0 0 0 0 0 0 0 0 0 0 0 0 0 0 0 0 0 0 0 0 0 0 0 0 0 0
 0 0 0 0 0 0 0 0 0 0 0 0 0 0 0 0 0 0 0 0 0 0 0 0 0 0 0 0 0 0 0 0 0 0 0 0
 0 0 0 0 0 0 0 0 0 0 0 0 0 0 0 0 0 0 0 0 0 0 0 0 0 0 0 0 0 0 0 0 0 0 0 0
 0 0 0 0 0 0 0 0 0 0 0 0 0 0 0 0 0 0 0 0 0 0 0 0 0 0 0 0 0 0 0 0 0 0 0 0
 0 0 0 0 0 0 0 0 0 0 0 0 0 0 0 0 0 0 0 0 0 0 0 0 0 0 0 0 0 0 0 0 0 0 0 0
 0 0 0 0 0 0 0 0 0 0 0 0 0 0 0 0 0 0 0 0 0 0 0 0 0 0 0 0 0 0 0 0 0 0 0 0
 0 0 0 0 0 0 0 0 0 0 0 0 0 0 0 0 0 0 0 0 0 0 0 0 0 0 0 0 0 0 0 0 0 0 0 0
 0 0 0 0 0 0 0 0 1.78061e-05 0.00172719 0.00360574 0.0105946 0.0120993 0.0124554 0.0147524 0.0171206 0.0266825 0.0428682 0.0675386 0.121331 0.153587 0.119568 0.100827 0.0573624 0.0630603 0.0341343 0.0324427 0.0444173 0.0211091 0.0280891 0.0125444 0.00206551 0 0 0 0
 0 0 0 0 0 0 0 0 0 0 0 0 0 0 0 0 0 0 0 0 0 0 0 0 0 0 0 0 0 0 0 0 0 0 0 0
 0 0 0 0 0 0 0.0133647 0.0140871 0.0187388 0.0205184 0.03894 0.0496705 0.03968 0.0493445 0.0407372 0.0367815 0.0215668 0.0243155 0.0234873 0.0199281 0.019796 0.0243948 0.0301388 0.0376714 0.0412746 0.0863199 0.0771752 0.113111 0.0741005 0.0525337 0.0229764 0.00759418 0.00175318 0 0 0
 0 0 0 0 0 0 0 0 0 0 0.00219441 0.00772107 0.0458388 0.0604681 0.0671733 0.0775358 0.0609151 0.0617685 0.073594 0.0568108 0.0755445 0.0548602 0.0670107 0.0636378 0.0643287 0.046367 0.0373049 0.0286899 0.0247887 0.0153202 0.00654259 0.00121912 0.000365735 0 0 0
 0 0 0 0 0 0 0 0 0 0 0 0 0.000112435 0.00938835 0.0111873 0.0202946 0.0414886 0.0713402 0.111592 0.104902 0.108894 0.110636 0.117776 0.105296 0.107544 0.0401394 0.0192827 0.0124803 0.00416011 0.0028671 0.000618394 0 0 0 0 0
 0 0 0 0 0 0 0 0 0 0 0.00291406 0.0102884 0.027416 0.0768956 0.0749926 0.110853 0.0956884 0.0897413 0.0766577 0.0534642 0.0500743 0.0551293 0.0594112 0.0620874 0.0668451 0.0424026 0.0208742 0.0120726 0.0048766 0.00582813 0.00118941 0.000297354 0 0 0 0
 0 0.00264628 0.0354308 0.0461629 0.0458689 0.0383711 0.0214643 0.0164657 0.0346957 0.0420465 0.0363128 0.0245516 0.0311673 0.0291091 0.0169068 0.0133784 0.00837989 0.0085269 0.0148486 0.0160247 0.0276389 0.0546898 0.0760071 0.122758 0.109233 0.0665981 0.0333725 0.0166128 0.00676272 0.00308733 0.000882094 0 0 0 0 0
 0 0 0 0 0 0 0 0.000805153 0.000690131 0.00759144 0.0133425 0.0154129 0.00931677 0.000345066 0.00356568 0.00563607 0.00851162 0.0253048 0.0502646 0.0516448 0.0657925 0.0565908 0.0611916 0.0827007 0.0866115 0.110766 0.145733 0.0935128 0.0569358 0.0249597 0.0138026 0.00621118 0.00161031 0.00115022 0 0
 0 0 0 0 0 0 0 0 0 0 0 0 0 0 0 0 0 0 0 0 0 0 0 0 0 0 0 0 0 0 0 0 0 0 0 0
 0.00147267 0.00158595 0.00478618 0.00569244 0.00954404 0.0108468 0.00647125 0.017049 0.0510054 0.094081 0.124002 0.0959785 0.0687766 0.0820023 0.061753 0.0591476 0.0492212 0.0479892 0.0443925 0.0268479 0.0217502 0.0140895 0.0121071 0.0120363 0.00920419 0.00665534 0.0049561 0.00860946 0.00930331 0.0156896 0.0114698 0.00855282 0.00243557 0.00046729 0 2.83206e-05
 0 0 0 0 0.000772559 0.00158375 0.000888443 0.00281984 0.00712685 0.0440552 0.0773331 0.111326 0.0921469 0.0852325 0.0710754 0.0886704 0.0786465 0.0553345 0.0373146 0.0185414 0.00753245 0.00457741 0.012979 0.0271748 0.0457355 0.0583668 0.034881 0.0177882 0.00938659 0.00492506 0.0015258 0.00185414 0.000309023 5.79419e-05 3.86279e-05 0
 0 0.00173294 0.00326652 0 0.00397197 0.00683976 0.00946217 0.0152591 0.00757587 0.0136028 0.0228656 0.0392903 0.0559909 0.0764795 0.0681675 0.0726916 0.0566044 0.0477403 0.0527397 0.0444891 0.0609904 0.0582453 0.0661739 0.0445044 0.0529084 0.0360697 0.0280645 0.0235558 0.0158879 0.00826598 0.00280645 0.00217768 0.000904811 0.00058276 9.20147e-05 0
 0 0 0 0 0 0 0 0 0 0 0 0 0 0 0 0 0 0 0 0 0 0 0 0 0 0 0 0 0 0 0 0 0 0 0 0
 0 0 0 0 0 0 0 0 0 0 0 0 0 0 0 0 0 0 0 0 0 0 0 0 0 0 0 0 0 0 0 0 0 0 0 0
 0 0 0 0 0 0 0 0 0 0 0 0 0 0 0 0 0 0 0 0 0 0 0 0 0 0 0 0 0 0 0 0 0 0 0 0
 0 0 0 0 0 0 0 0 0 0 0 0 0 0 0 0 0 0 0 0 0 0 0 0 0 0 0 0 0 0 0 0 0 0 0 0
 0 0 0 0 0 0 0 0 0 0 0 0 0 0 0 0 0 0 0 0 0 0 0 0 0 0 0 0 0 0 0 0 0 0 0 0
ppred_pel_tallas
 1.01441e-16 3.16082e-05 0.000185511 0.000881828 0.00339507 0.0105872 0.0267425 0.0547189 0.0907035 0.121815 0.132565 0.116947 0.0837481 0.0489437 0.0238803 0.0107374 0.00607923 0.00585467 0.0075757 0.0101339 0.0130454 0.0159834 0.0186303 0.0206854 0.0219191 0.022221 0.0216195 0.0202644 0.0183814 0.0162152 0.0139797 0.0118297 0.00985485 0.00809226 0.0065462 0.00520631
 1.01749e-16 2.82689e-05 0.0001659 0.000788577 0.00303601 0.00946746 0.0239142 0.0489326 0.0811149 0.108946 0.118585 0.10467 0.0750791 0.0441249 0.0219905 0.0106681 0.00712736 0.00777348 0.0103803 0.0139119 0.0178415 0.0217397 0.0251635 0.0276965 0.0290319 0.0290418 0.0278025 0.025565 0.0226851 0.0195356 0.0164314 0.0135862 0.0111055 0.00900779 0.00725846 0.00580265
 1.03249e-16 2.03666e-05 0.000119496 0.00056795 0.0021865 0.00681827 0.0172227 0.0352421 0.058426 0.0784895 0.085478 0.0755544 0.0544263 0.0324543 0.0170433 0.00971415 0.00837264 0.0104975 0.0145044 0.0195919 0.0252353 0.0308971 0.0359796 0.0399053 0.0422359 0.0427674 0.041567 0.0389368 0.0353236 0.031205 0.0269925 0.022975 0.0193107 0.0160527 0.0131919 0.0106943
 1.04486e-16 2.41134e-05 0.000141506 0.000672612 0.00258952 0.00807512 0.0203972 0.0417364 0.0691864 0.0929268 0.101153 0.0892947 0.064075 0.0377085 0.0188907 0.0093355 0.00647815 0.00727772 0.00986441 0.0133849 0.0174172 0.0216134 0.0255995 0.0290025 0.0315182 0.032968 0.033325 0.0326966 0.031278 0.0292922 0.0269407 0.0243774 0.0217078 0.0190036 0.0163232 0.0137248
 1.04075e-16 2.60106e-05 0.000152643 0.000725562 0.00279339 0.00871088 0.0220031 0.0450222 0.0746327 0.10024 0.109109 0.0963077 0.069084 0.0406087 0.0202532 0.00985466 0.00663194 0.00728833 0.00979078 0.013206 0.0170721 0.0210172 0.0246524 0.0276033 0.0295808 0.0304414 0.0302099 0.0290554 0.0272343 0.0250186 0.022638 0.0202478 0.0179287 0.0157075 0.0135862 0.0115655
 1.04803e-16 1.96369e-05 0.000115214 0.000547595 0.00210813 0.0065739 0.0166054 0.033979 0.0563319 0.0756761 0.0824137 0.0728449 0.0524725 0.0312854 0.0164231 0.00935225 0.00805502 0.0101037 0.0139767 0.01891 0.0244097 0.029972 0.0350348 0.039053 0.0416101 0.0425063 0.0417932 0.0397386 0.0367413 0.033225 0.0295492 0.0259603 0.0225871 0.0194691 0.0165989 0.0139576
 1.04806e-16 2.52022e-05 0.0001479 0.000703018 0.0027066 0.00844023 0.0213194 0.0436231 0.072313 0.0971231 0.105712 0.0933001 0.0669063 0.0392883 0.0195217 0.00938191 0.00617204 0.00670142 0.0090126 0.0122248 0.0159248 0.0197931 0.0234924 0.0266869 0.0291013 0.030572 0.03107 0.0306847 0.0295824 0.0279528 0.0259655 0.023748 0.0213865 0.0189409 0.0164637 0.014012
 1.04222e-16 2.47438e-05 0.000145204 0.000690188 0.00265718 0.00828611 0.0209302 0.0428272 0.0709953 0.0953584 0.103805 0.0916492 0.0657928 0.0387756 0.0195273 0.00981352 0.00700635 0.00798221 0.0108078 0.0145786 0.0188185 0.0231191 0.0270465 0.0301844 0.0322154 0.0329881 0.0325431 0.0310844 0.0289134 0.0263478 0.023653 0.0210063 0.018495 0.0161409 0.0139332 0.0118578
 1.0361e-16 2.62335e-05 0.000153952 0.00073178 0.00281733 0.00878553 0.0221917 0.0454081 0.0752724 0.1011 0.110045 0.0971345 0.0696789 0.040962 0.0204361 0.00995456 0.00671271 0.00738542 0.00992119 0.0133765 0.0172817 0.0212567 0.0249034 0.0278378 0.0297638 0.0305342 0.0301748 0.0288616 0.0268619 0.0244626 0.0219093 0.0193726 0.0169457 0.0146636 0.012531 0.0105463
 1.0417e-16 2.14019e-05 0.000125578 0.000596871 0.00229787 0.00716558 0.0180999 0.0370367 0.0613994 0.0824787 0.0898087 0.0793496 0.0570889 0.0338991 0.0175408 0.00958695 0.00781166 0.00954833 0.0131323 0.0177468 0.0228958 0.0280967 0.0328178 0.0365454 0.0388874 0.0396572 0.0389058 0.0368887 0.0339861 0.0306021 0.0270808 0.0236586 0.0204607 0.0175263 0.0148483 0.0124071
 1.06887e-16 1.45628e-05 8.54234e-05 0.000405964 0.00156282 0.00487334 0.01231 0.0251903 0.0417651 0.0561177 0.0611418 0.0541091 0.0391211 0.0236162 0.0129332 0.00821728 0.00803504 0.0106414 0.0149392 0.0203524 0.0264541 0.0327584 0.0386982 0.0437054 0.0473229 0.0492943 0.0496017 0.0484366 0.0461237 0.0430244 0.0394572 0.0356553 0.0317663 0.0278769 0.0240488 0.0203436
 1.10806e-16 1.27684e-05 7.48969e-05 0.000355938 0.00137023 0.0042728 0.010793 0.0220858 0.0366169 0.0491978 0.0535957 0.0474152 0.0342474 0.0206075 0.0111688 0.00692931 0.00663205 0.00875884 0.012378 0.017038 0.0224408 0.0282513 0.034062 0.0394416 0.0440108 0.0475051 0.0498038 0.0509156 0.0509343 0.0499855 0.0481864 0.0456327 0.0424098 0.0386154 0.0343802 0.0298738
 1.11541e-16 1.75709e-05 0.000103099 0.000490029 0.00188655 0.00588292 0.0148599 0.0304064 0.0504063 0.0677073 0.0737132 0.0651018 0.0467805 0.0276638 0.0141094 0.00739656 0.00569364 0.00682516 0.00946672 0.0130264 0.0172125 0.0217706 0.0264087 0.030819 0.0347295 0.0379461 0.0403712 0.0419889 0.0428313 0.0429401 0.0423409 0.0410412 0.0390478 0.0363925 0.0331546 0.0294678
 1.09905e-16 1.81945e-05 0.000106754 0.000507394 0.00195338 0.00609133 0.0153864 0.0314842 0.0521944 0.0701136 0.0763447 0.067454 0.0485315 0.0288206 0.0149207 0.0081738 0.00669706 0.00823936 0.0114098 0.0155478 0.0202741 0.0252254 0.0299947 0.0341783 0.0374533 0.0396403 0.0407254 0.0408335 0.0401669 0.0389341 0.037294 0.035334 0.0330813 0.0305351 0.0277039 0.0246307
 1.07105e-16 2.25149e-05 0.000132121 0.000627999 0.00241775 0.00753947 0.0190442 0.0389681 0.0645979 0.0867655 0.0944506 0.0833894 0.0598616 0.0352773 0.0177628 0.0089272 0.00638577 0.00730743 0.00995072 0.0135173 0.0176045 0.0218737 0.0259594 0.0294999 0.0322049 0.0339102 0.0346005 0.0343874 0.0334588 0.032016 0.0302249 0.028193 0.0259752 0.0235965 0.0210806 0.0184688
 1.05056e-16 2.4229e-05 0.000142183 0.000675826 0.00260189 0.00811368 0.0204947 0.0419359 0.0695178 0.0933736 0.101644 0.0897391 0.0644177 0.0379576 0.0191018 0.00957882 0.00681573 0.00775601 0.0105111 0.0142029 0.0183756 0.0226416 0.0265885 0.0298172 0.03202 0.0330435 0.0329131 0.031807 0.0299944 0.0277594 0.0253386 0.0228884 0.020486 0.0181526 0.0158854 0.0136846
 1.04862e-16 2.16547e-05 0.000127064 0.000603942 0.0023251 0.00725052 0.0183144 0.0374754 0.0621259 0.0834523 0.0908624 0.0802656 0.0577154 0.0342058 0.0175799 0.0094183 0.00745844 0.00899622 0.0123501 0.016709 0.0216006 0.0265782 0.0311511 0.0348429 0.0372857 0.0382969 0.0379095 0.0363418 0.0339251 0.0310131 0.027906 0.0248099 0.0218345 0.019018 0.0163628 0.0138663
 1.03751e-16 2.81404e-05 0.000165152 0.000785036 0.0030224 0.00942504 0.0238069 0.0487126 0.0807484 0.108448 0.118027 0.104142 0.074621 0.0436971 0.0214852 0.00994341 0.00603364 0.00616874 0.00814792 0.0109886 0.0142512 0.0176217 0.0207832 0.0234274 0.0253102 0.0262983 0.0263902 0.0256984 0.024407 0.0227177 0.0208054 0.0187947 0.0167599 0.0147399 0.0127585 0.0108401
 1.02536e-16 2.92689e-05 0.000171774 0.000816515 0.00314359 0.00980296 0.0247616 0.0506661 0.0839871 0.112799 0.122767 0.108333 0.077645 0.045509 0.0224508 0.0105118 0.00653392 0.00678213 0.0089541 0.0120028 0.0154341 0.0188776 0.0219603 0.0243306 0.0257263 0.0260314 0.0252975 0.0237192 0.0215762 0.0191619 0.0167219 0.0144208 0.0123387 0.0104898 0.0088522 0.00739368
 1.02222e-16 2.82374e-05 0.000165716 0.000787709 0.00303267 0.00945706 0.0238879 0.0488787 0.0810251 0.108824 0.118448 0.104541 0.0749676 0.0440216 0.0218696 0.0104954 0.00686719 0.00739219 0.00985049 0.0132191 0.0169922 0.0207679 0.0241331 0.0266966 0.0281661 0.0284114 0.0274893 0.0256174 0.0231101 0.0203 0.0174695 0.0148125 0.0124286 0.0103425 0.00853445 0.00696875
 1.02649e-16 2.5828e-05 0.000151568 0.00072044 0.00277366 0.00864933 0.0218477 0.0447045 0.0741072 0.0995379 0.108354 0.0956633 0.0686698 0.0404618 0.0203586 0.0102003 0.00724019 0.0082129 0.0110944 0.0149334 0.0192254 0.0235364 0.0274068 0.0303972 0.0321753 0.0325876 0.0316874 0.0297063 0.0269851 0.0238867 0.0207218 0.0177066 0.0149568 0.0125083 0.0103505 0.0084553
 1.02842e-16 2.76333e-05 0.000162171 0.000770859 0.0029678 0.00925477 0.0233769 0.047833 0.0792914 0.106495 0.115911 0.102296 0.0733469 0.0430479 0.0213457 0.0101797 0.00658146 0.00703746 0.00938248 0.012629 0.0163018 0.0200314 0.0234367 0.0261516 0.027894 0.0285242 0.0280685 0.0266974 0.0246706 0.0222682 0.0197321 0.0172335 0.0148693 0.0126785 0.0106685 0.00883657
 1.02917e-16 2.62981e-05 0.000154329 0.00073357 0.00282421 0.00880699 0.0222459 0.0455192 0.0754572 0.101349 0.110321 0.0973899 0.0698862 0.0411322 0.0206102 0.0101854 0.00705295 0.00788202 0.0106112 0.0142797 0.0183906 0.0225277 0.026254 0.0291519 0.0309059 0.0313702 0.0305947 0.0287979 0.0263001 0.0234413 0.0205102 0.0177052 0.0151298 0.0128134 0.0107437 0.00889519
 1.0311e-16 2.6065e-05 0.000152961 0.000727069 0.00279919 0.00872894 0.0220487 0.0451157 0.0747883 0.100451 0.109342 0.0965233 0.0692598 0.0407545 0.0204045 0.0100578 0.00693392 0.00773286 0.0104148 0.0140333 0.0181046 0.0222262 0.0259741 0.0289408 0.0308139 0.0314418 0.0308602 0.0292661 0.0269564 0.0242491 0.0214176 0.0186533 0.0160615 0.0136808 0.0115126 0.00954661
 1.05506e-16 1.36499e-05 8.00565e-05 0.000380433 0.00146449 0.00456668 0.0115355 0.0236062 0.0391417 0.0526018 0.0573349 0.0507965 0.0368485 0.0224884 0.0127551 0.00876335 0.00920864 0.0124784 0.0175346 0.0237812 0.0307096 0.0377121 0.0440851 0.0491412 0.0523521 0.0534618 0.0525297 0.0498885 0.046038 0.041513 0.0367716 0.0321329 0.0277707 0.0237472 0.0200634 0.016703
 1.07283e-16 2.16457e-05 0.000127023 0.000603771 0.00232449 0.00724863 0.0183095 0.0374644 0.0621043 0.0834129 0.0907925 0.0801397 0.0574855 0.0337909 0.0168579 0.00822294 0.00558704 0.00623286 0.00850796 0.0116886 0.0154531 0.0195547 0.0237181 0.0276488 0.0310765 0.0337964 0.0356913 0.0367264 0.0369275 0.0363516 0.0350664 0.0331435 0.0306646 0.0277321 0.024476 0.0210502
 1.04346e-16 2.93779e-05 0.000172419 0.000819589 0.00315544 0.00983993 0.0248549 0.0508567 0.0843016 0.113218 0.123211 0.108699 0.0778492 0.0455128 0.022238 0.0100547 0.00577574 0.0056431 0.00735324 0.00988584 0.0128019 0.0158087 0.0186211 0.0209676 0.022639 0.0235297 0.0236535 0.0231249 0.0221165 0.0208071 0.0193405 0.017806 0.0162413 0.0146512 0.013032 0.0113893
pSPR Fmed_Fpbrs
0.439193   0.6 0.325
Fs Fmed_Fpbrs
0.64   0.340858 1.03127
SSBpbr Bo_Bmed_Bpbrs
3.04077e+06  1.18345e+06  1.67242e+06 836210
Ro
67507.9
SPR SPRFo_SPRFmed_SPRFpbrs
1.39432e+06 612378 453155
log_Ro
10.94
likeval ReclasPelacesDesembMPH_pf_preclas_ppelaces_ptallas_desvR_qrecl_qpela
 95.9417 41.0216 0.0563714 52.5618 348.828 233.124 59.7793 0 24.2656 0.000101249 1.76055e-06 3.67714e-16 0 0 0
q_reclas_q_pelaces
0.2403 1.20777
M
0.7
N
 79951.7 20107 7472.1 880.236 0.443382
 98635.1 37255.8 7363.87 2736.54 322.535
 61665 46776.4 14841.2 2933.48 1218.61
 83171.3 28765.3 17219.1 5463.28 1528.45
 126277 40819.7 13504.1 8083.62 3282.31
 92146.3 62537.8 20009.7 6619.66 5571.55
 144200 44376.1 26814.6 8579.66 5227.28
 164563 70191.9 20028.1 12102.2 6231.44
 214419 78533.7 28815.1 8221.9 7526.28
 174917 102265 32147.9 11795.5 6446.54
 81319.8 84288.8 43978.1 13824.9 7844.8
 43165.6 37952.2 31100 16226.6 7995.46
 38740.3 20288.1 14484 11868.9 9244.03
 21896.3 17698.1 6758.18 4824.76 7032.94
 17162.3 9414.12 4409.39 1683.77 2954.29
 16551.4 7462.92 2476.24 1159.82 1219.97
 12908 7710.99 2730.49 905.994 870.706
 21388 6011.6 2816.77 997.429 649.016
 33555.8 10098.3 2344.75 1098.65 642.176
 47565.2 16050.6 4191.52 973.238 722.564
 58374.4 22896.3 6867.29 1793.35 725.553
 92733.3 28568.4 10603.8 3180.39 1166.56
 120493 45182.7 12952.7 4807.67 1970.87
 159390 58598.6 20303.1 5820.36 3045.97
 65418.3 77484.2 26281.4 9105.93 3976.55
 104271 31862.9 35072.2 11896 5921.62
 223052 50729 14344.3 15789.1 8021.26
pred_Ctot
 3556.96 3862.73 1435.46 169.101 0.0851776
 3200.88 5367.38 1060.9 394.249 46.4671
 2698.51 8853.92 2809.17 555.253 230.661
 698.449 1133.82 678.711 215.341 60.2455
 245.363 377.907 125.02 74.8378 30.3875
 2005.56 6193.75 1981.76 655.612 551.807
 2052.42 2924.7 1767.28 565.461 344.515
 4624.64 8845.51 2523.92 1525.1 785.279
 6114.21 10032.5 3681.07 1050.33 961.468
 3731.65 9937.66 3123.98 1146.23 626.445
 3531.81 15846.1 8267.79 2599.05 1474.81
 1666.83 6414.36 5256.27 2742.48 1351.33
 2240.68 4914.35 3508.42 2874.98 2239.16
 2130.94 6595.2 2518.44 1797.95 2620.83
 1546.4 3301.32 1546.27 590.459 1036
 738.662 1437.73 477.048 223.44 235.027
 578.981 1492.27 528.419 175.333 168.504
 759.099 940.602 440.724 156.062 101.548
 889.261 1204.5 279.676 131.044 76.5972
 1050.23 1611.48 420.827 97.7128 72.5453
 608.008 1114.12 334.157 87.263 35.3048
 1257.33 1796.43 666.784 199.988 73.3552
 1792.84 3108.37 891.087 330.746 135.587
 2416.4 4104.8 1422.22 407.713 213.369
 903.099 4958.06 1681.7 582.671 254.451
 1522.96 2153.12 2369.99 803.863 400.15
 4058.53 4235.08 1197.53 1318.15 669.651
F
 0.0636162 0.304482 0.304482 0.304482 0.304482
 0.0460484 0.220398 0.220398 0.220398 0.220398
 0.0625459 0.299359 0.299359 0.299359 0.299359
 0.0117377 0.0561795 0.0561795 0.0561795 0.0561795
 0.00270506 0.012947 0.012947 0.012947 0.012947
 0.0306763 0.146824 0.146824 0.146824 0.146824
 0.0199664 0.0955638 0.0955638 0.0955638 0.0955638
 0.0397672 0.190335 0.190335 0.190335 0.190335
 0.0403619 0.193181 0.193181 0.193181 0.193181
 0.0300606 0.143877 0.143877 0.143877 0.143877
 0.0620614 0.29704 0.29704 0.29704 0.29704
 0.0550091 0.263286 0.263286 0.263286 0.263286
 0.0834229 0.399281 0.399281 0.399281 0.399281
 0.144105 0.68972 0.68972 0.68972 0.68972
 0.13277 0.635469 0.635469 0.635469 0.635469
 0.0638215 0.305464 0.305464 0.305464 0.305464
 0.0641541 0.307056 0.307056 0.307056 0.307056
 0.0504597 0.241512 0.241512 0.241512 0.241512
 0.037463 0.179306 0.179306 0.179306 0.179306
 0.0311263 0.148977 0.148977 0.148977 0.148977
 0.0145765 0.0697666 0.0697666 0.0697666 0.0697666
 0.0190121 0.0909964 0.0909964 0.0909964 0.0909964
 0.0208811 0.0999416 0.0999416 0.0999416 0.0999416
 0.0212793 0.101848 0.101848 0.101848 0.101848
 0.0193606 0.0926644 0.0926644 0.0926644 0.0926644
 0.020494 0.098089 0.098089 0.098089 0.098089
 0.025588 0.12247 0.12247 0.12247 0.12247
Np
 51895.1 23998.9 38128.4 7870.88 3011.57
YTP_r0W_actual
 90791 232110 95409.9 134118 75611.4
YTP_p0W_proyectada
 21123.4 493999 148244 53532.1 94118.1
 21123.4 109807 253608 66857.8 28388.1
CTP_r0_actual
 11072.1 10745.9 3038.53 3344.59 1699.13
CTP_p0_proyectada
 2576.02 22870.3 4721.14 1334.96 2115.01
 2576.02 5083.65 8076.68 1667.28 637.936
Wmedp
 8.2 21.6 31.4 40.1 44.5
nmprior
 10.8 10.6 4.6 0
nm_flota  nm_reclas  nm_pelaces    nm_pelaL
inf 9.81107 10.9529 28.5325
cv_recla  cv_pelaces  cv_mph
0.706892 0.350806 0.58129
 ------------------------------------------------
Talla a la edad & desviaci?n 
 7.2 14.2025 17.0495 18.207 18.6776
 1.08 2.13037 2.55742 2.73105 2.80164
