years
 1997 1998 1999 2000 2001 2002 2003 2004 2005 2006 2007 2008 2009 2010 2011 2012 2013 2014 2015 2016 2017 2018 2019 2020 2021 2022 2023
reclasobs
 0 0 0 370054 412103 1.49427e+06 250295 1.28982e+06 931140 785840 897777 1.04006e+06 184774 17550 25797 100020 73551 82996 120727 218422 84188 347160 605670 569463 516374 1.08416e+06 1.01767e+06
reclaspred
 482942 136168 414633 283085 386461 447395 917739 648708 804846 800797 682368 478615 291142 125226 80568.2 68973 60067.9 78684.3 106788 168687 241619 245169 436104 531553 636935 597407 703290
pelacesobs
 0 0 0 0 0 0 0 0 0 2.06254e+06 1.5e+06 0 1.87456e+06 323000 250000 174000 83755 137374 0 501740 490994 745055 786931 1.00524e+06 1.33801e+06 1.41789e+06 0
pelacespred
 2.11874e+06 447414 896118 912631 1.09672e+06 969622 2.45759e+06 2.03015e+06 2.36597e+06 2.29654e+06 1.6955e+06 1.22936e+06 753361 258928 177322 154152 138350 192347 253785 400822 669840 628123 912696 1.31575e+06 1.49236e+06 1.5466e+06 1.76017e+06
mphobs
 0 0 0 0 0 0 112323 0 153150 637223 0 255016 313432 73983 77613 109348 50772 17779 17303 59886 28197 0 207744 136588 643089 65757 70829
mphpred
 143430 88691.9 110395 127863 130683 190088 266378 307663 289235 330303 324001 235886 145956 135475 55844.2 46923.7 38654.7 41302.4 23613.4 34338.2 56255.7 68546.8 94189.8 134117 167817 163321 157234
desembarqueobs
 350755 77701 442110 56441 14545 235359 269955 359681 431902 328805 639364 411747 362871 311530 167758 66681 60226 58785 57116 73181 50977 67692 138656 160484 209506 203330 245020
desembarquepred
 350774 77708.7 442202 56445.9 14545.4 235489 270034 359712 431961 328871 639503 411857 363265 312326 167757 66727.2 60316.3 58783 57089.3 73184.3 50983 67677.4 138680 160513 209536 203348 245014
Reclutas
 46063.5 54777 32813.6 43467.3 67102.3 46619 80947.6 92411.2 128439 124658 71469 45402.2 42265.5 21787.9 16741.6 11235 7132.6 11790.7 19371 24131.1 29180.7 51064.9 62253.8 83483.1 35466.4 55264.3 128462
log_desv_Rt
 0.0977764 0.271026 -0.241402 0.0397637 0.473974 0.109763 0.661557 0.794004 1.12321 1.09333 0.537019 0.083315 0.0117259 -0.650889 -0.914348 -1.31322 -1.76757 -1.26493 -0.768467 -0.548745 -0.358736 0.200853 0.398975 0.692399 -0.163658 0.279883 1.12339
SSB
 505336 312480 388946 450488 460426 669721 913323 1.07183e+06 996538 1.14073e+06 1.14153e+06 831078 530111 275661 118919 100362 87771.9 89113.2 122570 187065 289681 344069 485915 660879 905461 907201 820539
BT
 1.86999e+06 464154 907354 738703 826779 911036 2.01375e+06 1.91861e+06 2.15268e+06 2.02157e+06 1.83432e+06 1.28904e+06 911840 486592 271519 169496 154577 190607 235940 354749 540150 530875 773619 1.11475e+06 1.27459e+06 1.33017e+06 1.51761e+06
Ftot
 0.813826 0.635227 0.936307 0.177841 0.0360643 0.392347 0.261177 0.535155 0.555209 0.385754 0.731846 0.626806 0.962908 1.84051 2.06061 0.863876 0.88639 0.770524 0.562405 0.431383 0.19767 0.248312 0.265449 0.274123 0.245385 0.250899 0.333768
BD_Bspro_t
 0.924129 0.692149 0.646598 0.502571 0.633199 0.765202 0.709638 0.718684 0.672105 0.657085 0.628741 0.479716 0.375278 0.266206 0.150809 0.157764 0.189639 0.253592 0.372988 0.531498 0.655266 0.743898 0.775689 0.77533 0.781194 0.729985 0.709385
BD_Bspro
 0.585704 0.362177 0.450803 0.522132 0.533651 0.776232 1.05858 1.2423 1.15503 1.32216 1.32307 0.963251 0.614419 0.319502 0.137831 0.116323 0.101731 0.103286 0.142063 0.216815 0.335751 0.398789 0.563194 0.765984 1.04946 1.05148 0.951036
BD_Bo
 0.416651 0.257641 0.320687 0.371429 0.379623 0.552187 0.753038 0.883731 0.821649 0.94054 0.941191 0.685227 0.437078 0.227284 0.0980487 0.0827485 0.0723682 0.0734741 0.101059 0.154236 0.238843 0.283686 0.400639 0.544897 0.746556 0.74799 0.676537
BD_Brms
 0.757548 0.468438 0.583068 0.675325 0.690223 1.00398 1.36916 1.60678 1.49391 1.71007 1.71126 1.24587 0.794687 0.413243 0.17827 0.150452 0.131579 0.133589 0.183745 0.280428 0.434259 0.515793 0.728434 0.990722 1.35737 1.35998 1.23007
S_f
 0.125501 0.731667 0.981063 0.998985 0.999947
 0.125501 0.731667 0.981063 0.998985 0.999947
 0.125501 0.731667 0.981063 0.998985 0.999947
 0.125501 0.731667 0.981063 0.998985 0.999947
 0.125501 0.731667 0.981063 0.998985 0.999947
 0.125501 0.731667 0.981063 0.998985 0.999947
 0.125501 0.731667 0.981063 0.998985 0.999947
 0.125501 0.731667 0.981063 0.998985 0.999947
 0.125501 0.731667 0.981063 0.998985 0.999947
 0.125501 0.731667 0.981063 0.998985 0.999947
 0.125501 0.731667 0.981063 0.998985 0.999947
 0.125501 0.731667 0.981063 0.998985 0.999947
 0.125501 0.731667 0.981063 0.998985 0.999947
 0.125501 0.731667 0.981063 0.998985 0.999947
 0.125501 0.731667 0.981063 0.998985 0.999947
 0.125501 0.731667 0.981063 0.998985 0.999947
 0.125501 0.731667 0.981063 0.998985 0.999947
 0.125501 0.731667 0.981063 0.998985 0.999947
 0.125501 0.731667 0.981063 0.998985 0.999947
 0.125501 0.731667 0.981063 0.998985 0.999947
 0.125501 0.731667 0.981063 0.998985 0.999947
 0.125501 0.731667 0.981063 0.998985 0.999947
 0.125501 0.731667 0.981063 0.998985 0.999947
 0.125501 0.731667 0.981063 0.998985 0.999947
 0.125501 0.731667 0.981063 0.998985 0.999947
 0.125501 0.731667 0.981063 0.998985 0.999947
 0.125501 0.731667 0.981063 0.998985 0.999947
Scru_reclas
 0.788171 1 1 1 1
 0.788171 1 1 1 1
 0.788171 1 1 1 1
 0.788171 1 1 1 1
 0.788171 1 1 1 1
 0.788171 1 1 1 1
 0.788171 1 1 1 1
 0.788171 1 1 1 1
 0.788171 1 1 1 1
 0.788171 1 1 1 1
 0.788171 1 1 1 1
 0.788171 1 1 1 1
 0.788171 1 1 1 1
 0.788171 1 1 1 1
 0.788171 1 1 1 1
 0.788171 1 1 1 1
 0.788171 1 1 1 1
 0.788171 1 1 1 1
 0.788171 1 1 1 1
 0.788171 1 1 1 1
 0.788171 1 1 1 1
 0.788171 1 1 1 1
 0.788171 1 1 1 1
 0.788171 1 1 1 1
 0.788171 1 1 1 1
 0.788171 1 1 1 1
 0.788171 1 1 1 1
Scru_pelaces
 1 1 1 1 1
 1 1 1 1 1
 1 1 1 1 1
 1 1 1 1 1
 1 1 1 1 1
 1 1 1 1 1
 1 1 1 1 1
 1 1 1 1 1
 1 1 1 1 1
 1 1 1 1 1
 1 1 1 1 1
 1 1 1 1 1
 1 1 1 1 1
 1 1 1 1 1
 1 1 1 1 1
 1 1 1 1 1
 1 1 1 1 1
 1 1 1 1 1
 1 1 1 1 1
 1 1 1 1 1
 1 1 1 1 1
 1 1 1 1 1
 1 1 1 1 1
 1 1 1 1 1
 1 1 1 1 1
 1 1 1 1 1
 1 1 1 1 1
pf_obs 
 0.256992 0.487395 0.22802 0.0275931 0
 0.321318 0.546541 0.124235 0.00734118 0.000564706
 0.182869 0.594174 0.210203 0.0122559 0.00049798
 0.330522 0.361315 0.267642 0.0388342 0.00168674
 0.649043 0.306663 0.0425973 0.00169635 0
 0.582887 0.30429 0.105238 0.00758474 0
 0.465427 0.430635 0.0974691 0.00646863 0
 0.296916 0.608066 0.0921331 0.00288517 0
 0.311714 0.524322 0.152257 0.0117073 0
 0.15457 0.633149 0.183074 0.0267441 0.00246327
 0.131901 0.49318 0.331252 0.0422183 0.00144891
 0.196976 0.569456 0.194076 0.0375587 0.00193317
 0.518974 0.381816 0.0799577 0.0180837 0.00116848
 0.0928022 0.601141 0.25162 0.0475244 0.00691264
 0.122501 0.610282 0.24278 0.0234846 0.000952079
 0.383417 0.481906 0.127806 0.00687128 0
 0.0376549 0.599619 0.316969 0.0457579 0
 0.0361596 0.667082 0.258105 0.0386534 0
 0.158088 0.579412 0.248529 0.0139706 0
 0.0477256 0.309471 0.559284 0.082774 0.000745712
 0.0406174 0.521527 0.379366 0.0568643 0.0016247
 0.151134 0.462217 0.34131 0.0453401 0
 0.294876 0.26143 0.354403 0.0886775 0.000613685
 0.281977 0.475581 0.204845 0.0348837 0.00271318
 0.0841818 0.532909 0.334909 0.0458182 0.00218182
 0.115287 0.27431 0.454777 0.147771 0.00785563
 0 0 0 0 0
pf_pred 
 0.368189 0.435327 0.175854 0.0206174 1.30894e-05
 0.299877 0.560694 0.107212 0.0289137 0.00330354
 0.171295 0.605666 0.190685 0.0250185 0.0073359
 0.239977 0.444919 0.253988 0.0524613 0.00865444
 0.255003 0.463183 0.18512 0.0782274 0.0184668
 0.144777 0.542382 0.21492 0.0647161 0.0332054
 0.249314 0.369492 0.270338 0.0766742 0.0341812
 0.235722 0.504217 0.148835 0.0793465 0.03188
 0.279827 0.472698 0.182396 0.0376186 0.0274608
 0.218768 0.550578 0.16925 0.0455381 0.0158657
 0.134329 0.537116 0.253218 0.0555996 0.0197369
 0.126907 0.449679 0.299967 0.0956998 0.0277469
 0.182341 0.412792 0.246528 0.112976 0.0453638
 0.168435 0.548105 0.174135 0.0673225 0.0420026
 0.274638 0.51482 0.164419 0.0287839 0.0173391
 0.233871 0.627665 0.113976 0.0193072 0.00518118
 0.17107 0.561023 0.233952 0.0280849 0.00587086
 0.316932 0.40898 0.20865 0.0573418 0.00809577
 0.355469 0.49234 0.105099 0.0360702 0.0110214
 0.283685 0.549419 0.137512 0.0204392 0.00894385
 0.241837 0.520598 0.195463 0.0348239 0.0072779
 0.292256 0.441861 0.199143 0.0551001 0.0116396
 0.243577 0.522959 0.162364 0.0535194 0.0175809
 0.245721 0.47751 0.209092 0.047356 0.0203212
 0.0939209 0.579765 0.229755 0.0733102 0.0232488
 0.175202 0.295508 0.375529 0.108901 0.0448596
 0.335448 0.371065 0.127533 0.118431 0.0475222
pobs_RECLAS
 0 0 0 0 0
 0 0 0 0 0
 0 0 0 0 0
 0 0 0 0 0
 0.835266 0.146461 0.0176864 0.000547809 3.91292e-05
 0.385257 0.428462 0.181853 0.0044286 0
 0.867414 0.0963971 0.0333333 0.00285562 0
 0.441836 0.489002 0.0689373 0.000224442 0
 0.779404 0.147425 0.0564933 0.0165055 0.000172143
 0.814271 0.122319 0.05973 0.00367925 0
 0.40263 0.566651 0.0304383 0.000280538 0
 0.475488 0.404961 0.113038 0.00651328 0
 0.955842 0.0263864 0.0167828 0.000988607 0
 0.975058 0.0227948 0.00214734 0 0
 0.738997 0.206755 0.0527124 0.00153531 0
 0.850938 0.134255 0.0134407 0.00136685 0
 0.542534 0.407297 0.0501686 0 0
 0.764087 0.199537 0.0359546 0.000420521 0
 0.470689 0.182191 0.310203 0.0369168 0
 0.84361 0.089868 0.0606195 0.00523954 0.000663233
 0.607945 0.314616 0.071237 0.00620181 0
 0.523733 0.453247 0.0230204 0 0
 0.530135 0.295979 0.169645 0.0042399 0
 0.562478 0.366248 0.0663022 0.0049721 0
 0.250443 0.683176 0.0655157 0.000865301 0
 0.195077 0.31981 0.436473 0.0351445 0.0134964
 0.565238 0.351407 0.0832357 0.000118908 0
ppred_RECLAS
 0.753222 0.185783 0.0547038 0.0062874 3.98748e-06
 0.681987 0.269115 0.0377675 0.00999043 0.00114029
 0.519239 0.379681 0.0866725 0.0111434 0.00326393
 0.620754 0.248738 0.10557 0.0214094 0.00352843
 0.635847 0.251021 0.0747811 0.0310326 0.00731866
 0.466962 0.374301 0.109699 0.0324195 0.0166177
 0.640147 0.204291 0.110923 0.0308845 0.0137547
 0.615306 0.279426 0.0607432 0.0317718 0.0127524
 0.668653 0.239526 0.0680206 0.0137635 0.0100368
 0.586593 0.315974 0.0718542 0.0189745 0.00660425
 0.452034 0.379131 0.130712 0.0281434 0.00997999
 0.441987 0.330697 0.161955 0.0506812 0.0146793
 0.556642 0.260095 0.112492 0.0505116 0.0202602
 0.543893 0.337219 0.0737342 0.0278195 0.017334
 0.692259 0.241275 0.0522005 0.00890713 0.00535821
 0.607115 0.338726 0.0447398 0.00742851 0.00199135
 0.521847 0.355207 0.107638 0.0126642 0.0026445
 0.713526 0.192644 0.0717652 0.0193374 0.00272727
 0.735313 0.215878 0.0339076 0.0114166 0.00348485
 0.663995 0.274586 0.0507746 0.00740625 0.00323761
 0.616525 0.286598 0.0799688 0.0139881 0.00292053
 0.68 0.221512 0.0741095 0.0201303 0.00424824
 0.619393 0.2863 0.0659584 0.0213435 0.00700438
 0.626089 0.261834 0.0850584 0.0189114 0.00810718
 0.346866 0.461398 0.135743 0.0425213 0.0134715
 0.542338 0.197068 0.185893 0.0529222 0.0217788
 0.727281 0.172639 0.0439546 0.040065 0.0160608
pobs_PELACES
 0 0 0 0 0
 0 0 0 0 0
 0 0 0 0 0
 0 0 0 0 0
 0 0 0 0 0
 0 0 0 0 0
 0 0 0 0 0
 0 0 0 0 0
 0 0 0 0 0
 0 0 0 0 0
 0.450072 0.473896 0.0757376 0.000293798 0
 0 0 0 0 0
 0.463077 0.371075 0.160297 0.00555027 0
 0.529543 0.364841 0.0842815 0.0213345 0
 0.631943 0.363953 0.00410389 0 0
 0.735681 0.248677 0.0153453 0.000297389 0
 0.695825 0.281241 0.0229344 0 0
 0.275771 0.60734 0.115278 0.00161068 0
 0 0 0 0 0
 0.896147 0.0623911 0.0374545 0.00400742 0
 0.803859 0.145111 0.0509908 3.86294e-05 0
 0.739449 0.233085 0.0266225 0.000797448 4.60066e-05
 0.878498 0.100942 0.0204185 0.000141795 0
 0.694673 0.275183 0.0284847 0.00165964 0
 0.469039 0.446079 0.0841089 0.000773354 0
 0.822795 0.102175 0.0682046 0.00682512 0
 0 0 0 0 0
ppred_PELACES
 0.822439 0.135865 0.0374137 0.00427951 2.71337e-06
 0.756947 0.20733 0.0276146 0.00727735 0.000830453
 0.626727 0.299509 0.0633004 0.00809352 0.00236991
 0.683834 0.208422 0.0871737 0.0176601 0.00291035
 0.69074 0.213383 0.0633801 0.0262958 0.00620147
 0.548323 0.320267 0.0908807 0.0267958 0.0137333
 0.705933 0.168525 0.0895572 0.0248971 0.0110873
 0.695716 0.223737 0.0465415 0.0242667 0.0097384
 0.743433 0.187837 0.0509593 0.0102775 0.00749338
 0.662092 0.260221 0.0573264 0.0151037 0.00525633
 0.552418 0.315448 0.102399 0.0219522 0.0077827
 0.537789 0.279769 0.130124 0.0405698 0.0117483
 0.666207 0.202364 0.0808548 0.0360996 0.0144751
 0.69435 0.234804 0.0441241 0.0164675 0.0102548
 0.816934 0.148606 0.0271361 0.00457423 0.00274989
 0.701755 0.259618 0.0319377 0.00527585 0.0014139
 0.62743 0.281916 0.0794187 0.00929521 0.00194045
 0.79008 0.144112 0.0503868 0.0135152 0.00190566
 0.799127 0.16524 0.02478 0.00831566 0.00253785
 0.733403 0.219281 0.0391337 0.00569369 0.00248863
 0.680602 0.239698 0.0658031 0.0114968 0.00240023
 0.74036 0.180875 0.0592899 0.0160812 0.00339347
 0.686455 0.237152 0.053455 0.0172704 0.00566721
 0.693211 0.216303 0.0686997 0.0152496 0.00653682
 0.415881 0.415131 0.119689 0.0374382 0.0118602
 0.615368 0.167612 0.154876 0.0440266 0.0181166
 0.785173 0.137413 0.0340379 0.0309647 0.0124114
pobs_pel_tallas
 0 0 0 0 0 0 0 0 0 0 0 0 0 0 0 0 0 0 0 0 0 0 0 0 0 0 0 0 0 0 0 0 0 0 0 0
 0 0 0 0 0 0 0 0 0 0 0 0 0 0 0 0 0 0 0 0 0 0 0 0 0 0 0 0 0 0 0 0 0 0 0 0
 0 0 0 0 0 0 0 0 0 0 0 0 0 0 0 0 0 0 0 0 0 0 0 0 0 0 0 0 0 0 0 0 0 0 0 0
 0 0 0 0 0 0 0 0 0 0 0 0 0 0 0 0 0 0 0 0 0 0 0 0 0 0 0 0 0 0 0 0 0 0 0 0
 0 0 0 0 0 0 0 0 0 0 0 0 0 0 0 0 0 0 0 0 0 0 0 0 0 0 0 0 0 0 0 0 0 0 0 0
 0 0 0 0 0 0 0 0 0 0 0 0 0 0 0 0 0 0 0 0 0 0 0 0 0 0 0 0 0 0 0 0 0 0 0 0
 0 0 0 0 0 0 0 0 0 0 0 0 0 0 0 0 0 0 0 0 0 0 0 0 0 0 0 0 0 0 0 0 0 0 0 0
 0 0 0 0 0 0 0 0 0 0 0 0 0 0 0 0 0 0 0 0 0 0 0 0 0 0 0 0 0 0 0 0 0 0 0 0
 0 0 0 0 0 0 0 0 0 0 0 0 0 0 0 0 0 0 0 0 0 0 0 0 0 0 0 0 0 0 0 0 0 0 0 0
 0 0 0 0 0 0 0 0 0 0 0 0 0 0 0 0 0 0 0 0 0 0 0 0 0 0 0 0 0 0 0 0 0 0 0 0
 0 0 0 0 0 0 0 0 1.78061e-05 0.00172719 0.00360574 0.0105946 0.0120993 0.0124554 0.0147524 0.0171206 0.0266825 0.0428682 0.0675386 0.121331 0.153587 0.119568 0.100827 0.0573624 0.0630603 0.0341343 0.0324427 0.0444173 0.0211091 0.0280891 0.0125444 0.00206551 0 0 0 0
 0 0 0 0 0 0 0 0 0 0 0 0 0 0 0 0 0 0 0 0 0 0 0 0 0 0 0 0 0 0 0 0 0 0 0 0
 0 0 0 0 0 0 0.0133647 0.0140871 0.0187388 0.0205184 0.03894 0.0496705 0.03968 0.0493445 0.0407372 0.0367815 0.0215668 0.0243155 0.0234873 0.0199281 0.019796 0.0243948 0.0301388 0.0376714 0.0412746 0.0863199 0.0771752 0.113111 0.0741005 0.0525337 0.0229764 0.00759418 0.00175318 0 0 0
 0 0 0 0 0 0 0 0 0 0 0.00219441 0.00772107 0.0458388 0.0604681 0.0671733 0.0775358 0.0609151 0.0617685 0.073594 0.0568108 0.0755445 0.0548602 0.0670107 0.0636378 0.0643287 0.046367 0.0373049 0.0286899 0.0247887 0.0153202 0.00654259 0.00121912 0.000365735 0 0 0
 0 0 0 0 0 0 0 0 0 0 0 0 0.000112435 0.00938835 0.0111873 0.0202946 0.0414886 0.0713402 0.111592 0.104902 0.108894 0.110636 0.117776 0.105296 0.107544 0.0401394 0.0192827 0.0124803 0.00416011 0.0028671 0.000618394 0 0 0 0 0
 0 0 0 0 0 0 0 0 0 0 0.00291406 0.0102884 0.027416 0.0768956 0.0749926 0.110853 0.0956884 0.0897413 0.0766577 0.0534642 0.0500743 0.0551293 0.0594112 0.0620874 0.0668451 0.0424026 0.0208742 0.0120726 0.0048766 0.00582813 0.00118941 0.000297354 0 0 0 0
 0 0.00264628 0.0354308 0.0461629 0.0458689 0.0383711 0.0214643 0.0164657 0.0346957 0.0420465 0.0363128 0.0245516 0.0311673 0.0291091 0.0169068 0.0133784 0.00837989 0.0085269 0.0148486 0.0160247 0.0276389 0.0546898 0.0760071 0.122758 0.109233 0.0665981 0.0333725 0.0166128 0.00676272 0.00308733 0.000882094 0 0 0 0 0
 0 0 0 0 0 0 0 0.000805153 0.000690131 0.00759144 0.0133425 0.0154129 0.00931677 0.000345066 0.00356568 0.00563607 0.00851162 0.0253048 0.0502646 0.0516448 0.0657925 0.0565908 0.0611916 0.0827007 0.0866115 0.110766 0.145733 0.0935128 0.0569358 0.0249597 0.0138026 0.00621118 0.00161031 0.00115022 0 0
 0 0 0 0 0 0 0 0 0 0 0 0 0 0 0 0 0 0 0 0 0 0 0 0 0 0 0 0 0 0 0 0 0 0 0 0
 0.00147267 0.00158595 0.00478618 0.00569244 0.00954404 0.0108468 0.00647125 0.017049 0.0510054 0.094081 0.124002 0.0959785 0.0687766 0.0820023 0.061753 0.0591476 0.0492212 0.0479892 0.0443925 0.0268479 0.0217502 0.0140895 0.0121071 0.0120363 0.00920419 0.00665534 0.0049561 0.00860946 0.00930331 0.0156896 0.0114698 0.00855282 0.00243557 0.00046729 0 2.83206e-05
 0 0 0 0 0.000772559 0.00158375 0.000888443 0.00281984 0.00712685 0.0440552 0.0773331 0.111326 0.0921469 0.0852325 0.0710754 0.0886704 0.0786465 0.0553345 0.0373146 0.0185414 0.00753245 0.00457741 0.012979 0.0271748 0.0457355 0.0583668 0.034881 0.0177882 0.00938659 0.00492506 0.0015258 0.00185414 0.000309023 5.79419e-05 3.86279e-05 0
 0 0.00173294 0.00326652 0 0.00397197 0.00683976 0.00946217 0.0152591 0.00757587 0.0136028 0.0228656 0.0392903 0.0559909 0.0764795 0.0681675 0.0726916 0.0566044 0.0477403 0.0527397 0.0444891 0.0609904 0.0582453 0.0661739 0.0445044 0.0529084 0.0360697 0.0280645 0.0235558 0.0158879 0.00826598 0.00280645 0.00217768 0.000904811 0.00058276 9.20147e-05 0
 0 0 0 0 0 0 0 0 0 0 0 0 0 0 0 0 0 0 0 0 0 0 0 0 0 0 0 0 0 0 0 0 0 0 0 0
 0 0 0 0 0 0 0 0 0 0 0 0 0 0 0 0 0 0 0 0 0 0 0 0 0 0 0 0 0 0 0 0 0 0 0 0
 0 0 0 0 0 0 0 0 0 0 0 0 0 0 0 0 0 0 0 0 0 0 0 0 0 0 0 0 0 0 0 0 0 0 0 0
 0 0 0 0 0 0 0 0 0 0 0 0 0 0 0 0 0 0 0 0 0 0 0 0 0 0 0 0 0 0 0 0 0 0 0 0
 0 0 0 0 0 0 0 0 0 0 0 0 0 0 0 0 0 0 0 0 0 0 0 0 0 0 0 0 0 0 0 0 0 0 0 0
ppred_pel_tallas
 1.00723e-16 3.58804e-05 0.000210598 0.00100111 0.00385435 0.0120195 0.0303602 0.0621205 0.10297 0.138281 0.150463 0.132688 0.0949124 0.0552506 0.0265503 0.0112452 0.00539329 0.0043628 0.00531857 0.00702581 0.00900024 0.0109746 0.0127163 0.0140134 0.0147088 0.0147342 0.0141233 0.0129981 0.0115343 0.00991826 0.00831022 0.00682192 0.00551271 0.00439889 0.00346965 0.00270223
 1.00749e-16 3.30275e-05 0.000193843 0.000921436 0.00354757 0.0110628 0.0279437 0.0571768 0.0947778 0.127287 0.13852 0.122201 0.0875116 0.0511447 0.0249556 0.0112195 0.00634199 0.0060822 0.00782856 0.0104068 0.0132924 0.0161254 0.01856 0.0202788 0.0210535 0.0207976 0.0195857 0.0176292 0.0152204 0.0126633 0.0102126 0.00803883 0.006222 0.00476766 0.00363465 0.00276238
 1.01386e-16 2.73532e-05 0.000160521 0.000762999 0.00293752 0.00916031 0.0231384 0.0473454 0.078485 0.105417 0.114752 0.101308 0.072713 0.0428256 0.0215124 0.0107167 0.00752216 0.008461 0.0113786 0.0152557 0.0195469 0.0237841 0.0274776 0.030166 0.0315113 0.0313747 0.0298457 0.0272098 0.0238705 0.0202515 0.0167126 0.0134999 0.010737 0.00844688 0.00658901 0.00509593
 1.02049e-16 2.98396e-05 0.000175127 0.000832456 0.00320497 0.00999438 0.0252451 0.0516552 0.0856259 0.114998 0.125154 0.110427 0.0791163 0.0463128 0.0227391 0.0104668 0.00626776 0.00632978 0.00830927 0.0111535 0.0143856 0.0176636 0.0206458 0.0230053 0.0244903 0.0249757 0.0244847 0.0231703 0.0212666 0.0190281 0.0166775 0.0143754 0.0122164 0.0102417 0.00846161 0.00687362
 1.02163e-16 3.01409e-05 0.000176895 0.000840862 0.00323734 0.0100953 0.0255 0.0521769 0.0864907 0.11616 0.126419 0.111542 0.0799162 0.046782 0.0229707 0.0105742 0.00633034 0.0063859 0.00836981 0.0112136 0.0144298 0.0176677 0.020579 0.0228346 0.0241866 0.0245209 0.0238782 0.0224319 0.0204361 0.0181603 0.0158336 0.0136138 0.0115832 0.00976544 0.00815028 0.00671668
 1.02957e-16 2.39353e-05 0.000140453 0.000667589 0.00257016 0.0080147 0.0202447 0.041425 0.0686725 0.0922434 0.100427 0.0886976 0.0637411 0.0377014 0.0192357 0.0100749 0.00769952 0.00910196 0.0124089 0.0167169 0.0215081 0.0263048 0.0305921 0.0338774 0.0357908 0.0361658 0.0350705 0.0327744 0.0296691 0.0261688 0.0226258 0.0192817 0.0162617 0.013598 0.0112692 0.00923454
 1.027e-16 3.08016e-05 0.000180778 0.000859333 0.00330847 0.0103171 0.0260603 0.0533229 0.088389 0.118705 0.129178 0.113951 0.081585 0.0476449 0.0231829 0.0103182 0.00569995 0.00538128 0.00694563 0.00932979 0.0120886 0.0149369 0.0175997 0.0198119 0.0213631 0.0221382 0.0221347 0.0214497 0.020243 0.0186925 0.016955 0.0151461 0.0133384 0.0115728 0.00987439 0.00826509
 1.02023e-16 3.03583e-05 0.00017817 0.000846924 0.00326067 0.0101681 0.0256838 0.0525531 0.0871145 0.116998 0.127332 0.112353 0.0805049 0.0471429 0.0231776 0.0107183 0.00648039 0.00658219 0.00863165 0.0115446 0.014818 0.018084 0.0209774 0.0231565 0.0243691 0.0245082 0.0236327 0.0219428 0.0197225 0.0172682 0.0148284 0.0125687 0.0105684 0.00883856 0.0073508 0.00606432
 1.01488e-16 3.24375e-05 0.000190381 0.00090498 0.00348422 0.0108652 0.0274447 0.0561556 0.0930846 0.125012 0.136041 0.120008 0.0859258 0.050188 0.024434 0.0108944 0.00603656 0.00569646 0.00731615 0.00975696 0.0125262 0.015298 0.0177609 0.0196245 0.0206727 0.0208103 0.0200813 0.0186491 0.0167497 0.0146325 0.0125096 0.0105271 0.00876009 0.00722707 0.00591245 0.00478763
 1.01664e-16 2.88936e-05 0.000169568 0.000806021 0.00310317 0.00967691 0.0244432 0.050015 0.0829086 0.111354 0.121201 0.10697 0.0767068 0.0450379 0.0223645 0.0107152 0.00698462 0.00749313 0.00996459 0.013347 0.017117 0.0208588 0.0241465 0.0265803 0.0278656 0.0278786 0.0266916 0.0245446 0.0217784 0.0187506 0.0157639 0.0130245 0.0106349 0.00861409 0.00693016 0.005531
 1.02675e-16 2.41136e-05 0.0001415 0.00067257 0.00258933 0.00807451 0.0203958 0.041734 0.0691846 0.0929308 0.101174 0.0893536 0.0642045 0.0379596 0.0193382 0.0100818 0.00764953 0.00901028 0.0122777 0.0165454 0.0212986 0.0260655 0.0303369 0.0336241 0.0355577 0.0359669 0.0349115 0.0326505 0.0295652 0.0260624 0.022492 0.019099 0.0160163 0.013287 0.0109004 0.00882478
 1.03882e-16 2.34743e-05 0.00013775 0.000654749 0.00252073 0.00786058 0.0198554 0.040628 0.0673505 0.0904652 0.0984842 0.0869659 0.062462 0.0368758 0.0186888 0.00958878 0.00709718 0.00826399 0.0112636 0.0152379 0.0197234 0.0243086 0.0285469 0.0320019 0.0343311 0.0353549 0.0350861 0.0337054 0.0314989 0.0287798 0.025822 0.0228238 0.0199039 0.0171211 0.0145022 0.0120653
 1.03131e-16 2.90707e-05 0.000170613 0.000810999 0.00312236 0.00973677 0.0245944 0.0503238 0.0834189 0.112034 0.121929 0.107581 0.0770783 0.0451216 0.022158 0.0102067 0.00612413 0.00619902 0.00815179 0.0109618 0.0141706 0.017452 0.02048 0.0229419 0.0245951 0.0253163 0.0251214 0.0241465 0.0226015 0.0207121 0.0186719 0.0166156 0.0146181 0.0127101 0.0109003 0.00919451
 1.01748e-16 3.02991e-05 0.000177822 0.000845266 0.00325429 0.0101482 0.0256336 0.0524503 0.0869444 0.116771 0.127087 0.112142 0.0803674 0.0470887 0.0232 0.0108103 0.00664556 0.00683357 0.00898512 0.012011 0.0153962 0.0187558 0.0217053 0.0238858 0.0250349 0.0250446 0.0239839 0.0220721 0.019618 0.0169431 0.014317 0.0119198 0.0098369 0.00807795 0.00660768 0.00537472
 1.0072e-16 3.56409e-05 0.000209191 0.000994414 0.00382857 0.0119391 0.0301571 0.0617051 0.102282 0.137358 0.149462 0.131812 0.0943012 0.0549258 0.0264519 0.0113021 0.00556513 0.0046425 0.00571594 0.00755093 0.00965183 0.0117333 0.0135429 0.0148513 0.0154923 0.0153994 0.01462 0.0132984 0.0116372 0.00984802 0.00810927 0.00654174 0.00520406 0.00410416 0.00321833 0.00250985
 1.00786e-16 3.0623e-05 0.000179721 0.00085429 0.00328902 0.0102565 0.0259072 0.0530103 0.0878733 0.11802 0.128452 0.113357 0.0812619 0.0476606 0.0235699 0.0111287 0.00703378 0.00737324 0.00972618 0.012975 0.0165709 0.0200874 0.0230958 0.0251992 0.026113 0.0257312 0.0241505 0.0216401 0.018571 0.0153282 0.0122346 0.00950608 0.00724333 0.00545196 0.00407748 0.0030399
 1.0163e-16 2.73831e-05 0.000160698 0.000763846 0.00294078 0.0091705 0.0231641 0.0473979 0.0785716 0.105532 0.114873 0.101406 0.0727641 0.0428169 0.0214366 0.0105629 0.00727095 0.00808717 0.0108586 0.0145769 0.0187169 0.0228375 0.0264778 0.0292007 0.0306801 0.0307733 0.0295481 0.0272548 0.0242549 0.0209326 0.0176175 0.0145396 0.0118213 0.00949672 0.00754481 0.00592053
 1.01316e-16 3.44698e-05 0.000202316 0.000961731 0.00370274 0.0115467 0.0291659 0.059677 0.0989201 0.132844 0.144551 0.127483 0.0912092 0.0531351 0.0256096 0.0109787 0.00546422 0.00462435 0.00574028 0.00762537 0.00980716 0.0120148 0.0140057 0.0155547 0.0164913 0.0167348 0.0163086 0.0153266 0.0139583 0.0123856 0.0107652 0.00920817 0.00777579 0.00649029 0.00535064 0.00434692
 1.00811e-16 3.4865e-05 0.000204634 0.00097275 0.00374516 0.0116789 0.0295 0.0603608 0.100054 0.134368 0.146214 0.128958 0.092284 0.0538001 0.026002 0.0112679 0.00578029 0.00504652 0.00630964 0.00835337 0.0106744 0.0129668 0.014952 0.0163767 0.0170579 0.0169245 0.0160323 0.0145452 0.0126907 0.0107057 0.00878883 0.00707269 0.00561965 0.00443486 0.0034881 0.00273515
 1.00939e-16 3.20014e-05 0.000187817 0.000892788 0.00343726 0.0107188 0.0270748 0.0553991 0.0918316 0.123332 0.134221 0.11842 0.0848281 0.0496258 0.0243071 0.0110856 0.0064881 0.00641314 0.00833289 0.0111043 0.0142048 0.0172619 0.0199116 0.0218167 0.0227323 0.0225612 0.0213746 0.0193879 0.0169022 0.0142323 0.0116443 0.00931808 0.00734141 0.00572615 0.00443655 0.00341677
 1.0152e-16 2.96999e-05 0.000174304 0.000828538 0.00318988 0.0099473 0.0251262 0.0514122 0.085224 0.114461 0.124577 0.109933 0.0787986 0.0461986 0.0228158 0.0107237 0.00671904 0.00701198 0.00926374 0.0124057 0.0159266 0.0194366 0.0225418 0.024871 0.0261475 0.0262503 0.0252368 0.0233192 0.0208032 0.0180132 0.0152265 0.0126361 0.0103433 0.00837523 0.00671318 0.00531916
 1.01612e-16 3.23032e-05 0.000189593 0.000901237 0.00346981 0.0108203 0.0273311 0.0559232 0.0926993 0.124494 0.135477 0.119507 0.0855611 0.0499629 0.0243022 0.0107987 0.00593317 0.00555907 0.00713139 0.00952143 0.0122468 0.0149932 0.017461 0.019369 0.0205047 0.0207695 0.0201959 0.0189305 0.0171895 0.0152038 0.0131718 0.0112325 0.00946155 0.0078839 0.0064947 0.00527775
 1.01695e-16 2.9955e-05 0.000175801 0.000835659 0.0032173 0.0100328 0.0253422 0.0518541 0.0859563 0.115444 0.125645 0.110873 0.0794653 0.0465753 0.0229754 0.0107538 0.00667689 0.0069194 0.00912097 0.0122044 0.0156572 0.0190927 0.0221223 0.0243816 0.0256015 0.0256679 0.0246443 0.0227459 0.0202791 0.0175656 0.0148773 0.012399 0.0102225 0.0083651 0.00679928 0.00548046
 1.01876e-16 3.02488e-05 0.000177528 0.000843872 0.00324893 0.0101314 0.0255913 0.0523637 0.0868003 0.116576 0.126872 0.111944 0.0802061 0.0469568 0.023066 0.0106339 0.0063873 0.00645953 0.00847039 0.0113458 0.0145933 0.0178564 0.0207802 0.0230292 0.0243506 0.0246281 0.0239037 0.0223555 0.0202455 0.0178528 0.0154166 0.0131039 0.0110047 0.00914687 0.00752179 0.0061067
 1.03675e-16 1.81641e-05 0.000106562 0.000506448 0.00194969 0.00607977 0.0153574 0.0314258 0.0521017 0.070001 0.0762538 0.0674488 0.0486912 0.0292426 0.0157376 0.00956973 0.00890902 0.011534 0.0160354 0.0216665 0.0278866 0.0341071 0.0396655 0.0439231 0.0463993 0.0468772 0.0454437 0.0424476 0.0383963 0.0338276 0.0292 0.0248295 0.0208814 0.0174009 0.0143628 0.0117162
 1.04613e-16 2.68527e-05 0.000157594 0.000749112 0.00288409 0.00899374 0.0227175 0.0464833 0.0770525 0.103483 0.11262 0.0993635 0.0711807 0.04165 0.0204201 0.00935686 0.00556156 0.00561745 0.00743963 0.0101164 0.0132639 0.0166238 0.0199311 0.0229158 0.0253436 0.0270561 0.0279899 0.0281688 0.0276771 0.0266254 0.0251226 0.023263 0.021128 0.018795 0.0163468 0.0138747
 1.02172e-16 3.42555e-05 0.000201058 0.000955754 0.00367973 0.0114749 0.0289847 0.0593061 0.0983052 0.132017 0.14365 0.126685 0.090631 0.0527832 0.0254117 0.0108454 0.00532711 0.00444112 0.00548616 0.00728683 0.00938142 0.0115123 0.0134529 0.0149941 0.0159793 0.0163361 0.0160887 0.0153435 0.0142546 0.0129828 0.0116605 0.0103738 0.00916221 0.00803129 0.00697054 0.00596866
pSPR Fmed_Fpbrs
0.502187   0.6 0.325
Fs Fmed_Fpbrs
0.64   0.425365 1.408
SSBpbr Bo_Bmed_Bpbrs
1.21285e+06  548435  667068 333534
Ro
41772.8
SPR SPRFo_SPRFmed_SPRFpbrs
862784 433279 280405
log_Ro
10.46
likeval ReclasPelacesDesembMPH_pf_preclas_ppelaces_ptallas_desvR_qrecl_qpela
 95.1986 37.6497 0.0571468 49.5794 336.43 220.277 55.0207 0 20.7987 1.81766e-05 3.82454e-05 2.5036e-15 0 0 0
q_reclas_q_pelaces
0.546543 2.41051
M
0.7
N
 46063.5 11459.9 3734.8 432.402 0.274338
 54777 20653.5 3137.44 834.668 95.2962
 32813.6 25117.1 6443.75 835.446 244.815
 43467.3 14488.2 6287.01 1277.03 210.481
 67102.3 21108.8 6316.81 2622.19 618.423
 46619 33171.6 10209.3 3027.79 1552.29
 80947.6 22038 12362 3450.04 1536.7
 92411.2 38901.2 9040.12 4751.18 1907.5
 128439 42909.2 13058.9 2655.55 1937.04
 124658 59488.2 14194.5 3761.34 1309.41
 71469 58977.6 22276.5 4827.89 1712.63
 45402.2 32376 17144.7 5395.4 1563.19
 42265.5 20840.4 10163.5 4603.21 1847.2
 21787.9 18599.3 5115.97 1962.32 1223.79
 16741.6 8588.03 2402.43 417.574 251.446
 11235 6419.17 944.298 158.008 42.3745
 7132.6 5005.88 1694.21 200.924 41.9741
 11790.7 3169.06 1299.62 352.613 49.7496
 19371 5315.42 895.536 303.048 92.5287
 24131.1 8963.81 1749.13 256.125 111.987
 29180.7 11351.6 3246.46 568.875 118.785
 51064.9 14135.7 4877.98 1327.95 280.281
 62253.8 24580 5853.38 1898.61 623.153
 83483.1 29901.4 10051.4 2240.27 960.516
 35466.4 40054.5 12150.1 3814.4 1208.61
 55264.3 17078 16621.6 4742.67 1951.96
 128462 26592.8 7058.39 6453.05 2587.24
pred_Ctot
 3235.44 3825.42 1545.3 181.174 0.115022
 3032.53 5670.06 1084.19 292.392 33.4073
 2634.06 9313.54 2932.22 384.718 112.807
 690.862 1280.86 731.197 151.029 24.9149
 217.982 395.939 158.245 66.8705 15.7858
 1615.45 6052.02 2398.13 722.117 370.513
 1880.78 2787.39 2039.39 578.417 257.857
 4333.72 9269.96 2736.31 1458.77 586.11
 6242.14 10544.6 4068.73 839.165 612.573
 4248.62 10692.6 3286.95 884.382 308.123
 4534.43 18130.9 8547.63 1876.82 666.238
 2481.35 8792.35 5865.1 1871.17 542.521
 3484.15 7887.58 4710.62 2158.73 866.807
 3275 10657.2 3385.82 1309 816.685
 2784.73 5220.1 1667.15 291.859 175.812
 835.382 2242 407.119 68.9649 18.5071
 543.505 1782.42 743.285 89.2281 18.6523
 785.954 1014.22 517.428 142.201 20.0765
 953.256 1320.3 281.843 96.7288 29.5559
 917.422 1776.79 444.707 66.0992 28.9239
 514.94 1108.5 416.197 74.1501 15.4967
 1128.83 1706.67 769.179 212.822 44.9573
 1469.75 3155.55 979.709 322.938 106.084
 2034.38 3953.42 1731.12 392.071 168.244
 774.895 4783.36 1895.59 604.847 191.814
 1234.21 2081.71 2645.42 767.156 316.014
 3799.09 4202.46 1444.36 1341.28 538.208
F
 0.102136 0.59545 0.798415 0.813 0.813783
 0.0797213 0.464775 0.623198 0.634582 0.635193
 0.117507 0.685065 0.918576 0.935357 0.936257
 0.0223192 0.130121 0.174474 0.177661 0.177832
 0.00452609 0.0263871 0.0353814 0.0360277 0.0360624
 0.0492397 0.287067 0.384917 0.391949 0.392326
 0.0327779 0.191095 0.256231 0.260912 0.261163
 0.0671622 0.391555 0.525021 0.534612 0.535126
 0.069679 0.406228 0.544695 0.554645 0.555179
 0.0484124 0.282244 0.378449 0.385363 0.385734
 0.091847 0.535467 0.717987 0.731103 0.731806
 0.0786645 0.458614 0.614937 0.62617 0.626773
 0.120845 0.704528 0.944674 0.961931 0.962857
 0.230986 1.34664 1.80566 1.83865 1.84042
 0.258608 1.50768 2.02159 2.05852 2.0605
 0.108417 0.63207 0.847517 0.863 0.86383
 0.111242 0.648542 0.869604 0.88549 0.886342
 0.0967012 0.563767 0.755933 0.769742 0.770483
 0.0705821 0.411493 0.551755 0.561834 0.562375
 0.0541388 0.315629 0.423214 0.430945 0.43136
 0.0248077 0.144628 0.193927 0.197469 0.197659
 0.0311633 0.181682 0.24361 0.24806 0.248299
 0.033314 0.194221 0.260423 0.26518 0.265435
 0.0344026 0.200567 0.268932 0.273845 0.274108
 0.030796 0.17954 0.240738 0.245136 0.245372
 0.031488 0.183575 0.246148 0.250645 0.250886
 0.041888 0.244207 0.327447 0.333429 0.33375
Np
 29768.8 14014.3 22253.9 3384.22 1086.44
YTP_r0W_actual
 39502.3 112475 55697.1 66011.1 29393.4
YTP_p0W_proyectada
 9153.99 258744 81625.8 25843 35360.6
 9153.99 59274.1 175604 34618.6 12342.9
CTP_r0_actual
 4817.36 5207.19 1773.79 1646.16 660.525
CTP_p0_proyectada
 1116.34 11978.9 2599.55 644.463 794.62
 1116.34 2744.17 5592.48 863.308 277.368
Wmedp
 8.2 21.6 31.4 40.1 44.5
nmprior
 10.8 10.6 4.6 0
nm_flota  nm_reclas  nm_pelaces    nm_pelaL
inf 14.9475 18.6373 60.053
cv_recla  cv_pelaces  cv_mph
0.704149 0.336079 0.564557
 ------------------------------------------------
Talla a la edad & desviaci?n 
 7.2 14.2025 17.0495 18.207 18.6776
 1.08 2.13037 2.55742 2.73105 2.80164
