years
 1997 1998 1999 2000 2001 2002 2003 2004 2005 2006 2007 2008 2009 2010 2011 2012 2013 2014 2015 2016 2017 2018 2019 2020 2021 2022 2023
reclasobs
 0 0 0 370054 412103 1.49427e+06 250295 1.28982e+06 931140 785840 897777 1.04006e+06 184774 17550 25797 100020 73551 82996 120727 218422 84188 347160 605670 569463 516374 1.08416e+06 1.01767e+06
reclaspred
 586066 154705 436783 272407 372374 435235 870538 628107 786405 831563 728622 511666 309800 127585 80520.3 72113.6 61452.1 76852.3 105839 166654 241081 246173 444648 537364 657706 590001 627944
pelacesobs
 0 0 0 0 0 0 0 0 0 2.06254e+06 1.5e+06 0 1.87456e+06 323000 250000 174000 83755 137374 0 501740 490994 745055 786931 1.00524e+06 1.33801e+06 1.41789e+06 0
pelacespred
 2.48105e+06 523207 884856 861841 1.06242e+06 880694 2.40824e+06 1.93586e+06 2.35462e+06 2.37775e+06 1.74932e+06 1.27707e+06 794337 257921 184905 156476 137739 190225 250762 390445 664915 615963 899619 1.3085e+06 1.45436e+06 1.46022e+06 1.5441e+06
mphobs
 0 0 0 0 0 0 112323 0 153150 637223 0 255016 313432 73983 77613 109348 50772 17779 17303 59886 28197 0 207744 136588 643089 65757 70829
mphpred
 185658 107827 123201 126642 124791 185325 249003 297738 284571 334518 341426 244659 151082 136571 55126.6 48138.5 38892.7 40209.6 23831.1 34792.2 56284 69450.7 95621.6 136074 170840 160589 149062
desembarqueobs
 350755 77701 442110 56441 14545 235359 269955 359681 431902 328805 639364 411747 362871 311530 167758 66681 60226 58785 57116 73181 50977 67692 138656 160484 209506 203330 245020
desembarquepred
 350764 77703.1 442140 56445.2 14545.4 235494 270030 359644 431905 328840 639273 411718 363130 312168 167650 66715.3 60306.3 58760.5 57077.5 73180.7 50982.3 67668.9 138678 160502 209517 203332 245003
Reclutas
 42242.8 50648.4 25879.4 33199.4 56095 36252.8 71674.3 81236.7 115456 119482 69569.1 47575.6 45215.6 23976.8 16943.1 10532.7 6440.54 10580.5 17007.3 20007 25038.9 43423.1 52926.8 72492.5 29050.3 45196.1 93171.9
log_desv_Rt
 0.131188 0.312663 -0.358796 -0.109712 0.414802 -0.0217284 0.659887 0.785123 1.13665 1.17092 0.630076 0.250076 0.199197 -0.435156 -0.782384 -1.25776 -1.74963 -1.25323 -0.778605 -0.616163 -0.391815 0.158746 0.356665 0.671238 -0.243215 0.198766 0.922202
SSB
 525853 305406 348953 358699 353456 524911 685109 832936 786529 927578 967046 692967 442541 228008 96925.8 84648.4 72958.8 71501.8 98822.9 151832 231119 277707 393478 533700 736816 715103 621774
BT
 1.78848e+06 450204 774872 583457 656324 722557 1.64784e+06 1.57387e+06 1.82078e+06 1.75428e+06 1.6285e+06 1.14858e+06 831202 446717 248954 149383 133558 162704 198449 292284 444941 436542 638102 925644 1.04424e+06 1.06439e+06 1.14169e+06
Ftot
 0.621294 0.52894 0.85876 0.19184 0.0399353 0.428483 0.30964 0.580731 0.596278 0.392435 0.739189 0.67125 1.04608 1.96346 2.12517 0.821056 0.882453 0.825701 0.563202 0.428598 0.203385 0.260034 0.269746 0.283889 0.253026 0.288904 0.384901
BD_Bspro_t
 0.926996 0.687308 0.621258 0.447605 0.571899 0.718656 0.647126 0.662665 0.614016 0.604331 0.583059 0.428612 0.327506 0.223269 0.121641 0.130131 0.155121 0.20512 0.314116 0.47044 0.596734 0.696755 0.734161 0.733949 0.741063 0.676634 0.645509
BD_Bspro
 0.68719 0.399109 0.456016 0.468752 0.4619 0.68596 0.895309 1.08849 1.02784 1.21217 1.26375 0.905577 0.578318 0.297963 0.126664 0.11062 0.0953434 0.0934394 0.129143 0.198416 0.302028 0.362911 0.514201 0.697445 0.96288 0.934505 0.812541
BD_Bo
 0.475395 0.276101 0.315469 0.32428 0.31954 0.474544 0.61937 0.753012 0.711058 0.838573 0.874254 0.626473 0.400078 0.20613 0.0876254 0.076526 0.0659581 0.0646409 0.0893404 0.137263 0.208942 0.25106 0.355722 0.482489 0.666115 0.646486 0.562112
BD_Brms
 0.864354 0.502002 0.57358 0.5896 0.580982 0.862807 1.12613 1.36911 1.29283 1.52468 1.58955 1.13904 0.727414 0.374781 0.159319 0.139138 0.119924 0.117529 0.162437 0.24957 0.379894 0.456473 0.646767 0.877253 1.21112 1.17543 1.02202
S_f
 0.152723 1 1 1 1
 0.152723 1 1 1 1
 0.152723 1 1 1 1
 0.152723 1 1 1 1
 0.152723 1 1 1 1
 0.152723 1 1 1 1
 0.152723 1 1 1 1
 0.152723 1 1 1 1
 0.152723 1 1 1 1
 0.152723 1 1 1 1
 0.152723 1 1 1 1
 0.152723 1 1 1 1
 0.152723 1 1 1 1
 0.152723 1 1 1 1
 0.152723 1 1 1 1
 0.152723 1 1 1 1
 0.152723 1 1 1 1
 0.152723 1 1 1 1
 0.152723 1 1 1 1
 0.152723 1 1 1 1
 0.152723 1 1 1 1
 0.152723 1 1 1 1
 0.152723 1 1 1 1
 0.152723 1 1 1 1
 0.152723 1 1 1 1
 0.152723 1 1 1 1
 0.152723 1 1 1 1
Scru_reclas
 0.651337 1 1 1 1
 0.651337 1 1 1 1
 0.651337 1 1 1 1
 0.651337 1 1 1 1
 0.651337 1 1 1 1
 0.651337 1 1 1 1
 0.651337 1 1 1 1
 0.651337 1 1 1 1
 0.651337 1 1 1 1
 0.651337 1 1 1 1
 0.651337 1 1 1 1
 0.651337 1 1 1 1
 0.651337 1 1 1 1
 0.651337 1 1 1 1
 0.651337 1 1 1 1
 0.651337 1 1 1 1
 0.651337 1 1 1 1
 0.651337 1 1 1 1
 0.651337 1 1 1 1
 0.651337 1 1 1 1
 0.651337 1 1 1 1
 0.651337 1 1 1 1
 0.651337 1 1 1 1
 0.651337 1 1 1 1
 0.651337 1 1 1 1
 0.651337 1 1 1 1
 0.651337 1 1 1 1
Scru_pelaces
 1 1 1 1 1
 1 1 1 1 1
 1 1 1 1 1
 1 1 1 1 1
 1 1 1 1 1
 1 1 1 1 1
 1 1 1 1 1
 1 1 1 1 1
 1 1 1 1 1
 1 1 1 1 1
 1 1 1 1 1
 1 1 1 1 1
 1 1 1 1 1
 1 1 1 1 1
 1 1 1 1 1
 1 1 1 1 1
 1 1 1 1 1
 1 1 1 1 1
 1 1 1 1 1
 1 1 1 1 1
 1 1 1 1 1
 1 1 1 1 1
 1 1 1 1 1
 1 1 1 1 1
 1 1 1 1 1
 1 1 1 1 1
 1 1 1 1 1
pf_obs 
 0.256992 0.487395 0.22802 0.0275931 0
 0.321318 0.546541 0.124235 0.00734118 0.000564706
 0.182869 0.594174 0.210203 0.0122559 0.00049798
 0.330522 0.361315 0.267642 0.0388342 0.00168674
 0.649043 0.306663 0.0425973 0.00169635 0
 0.582887 0.30429 0.105238 0.00758474 0
 0.465427 0.430635 0.0974691 0.00646863 0
 0.296916 0.608066 0.0921331 0.00288517 0
 0.311714 0.524322 0.152257 0.0117073 0
 0.15457 0.633149 0.183074 0.0267441 0.00246327
 0.131901 0.49318 0.331252 0.0422183 0.00144891
 0.196976 0.569456 0.194076 0.0375587 0.00193317
 0.518974 0.381816 0.0799577 0.0180837 0.00116848
 0.0928022 0.601141 0.25162 0.0475244 0.00691264
 0.122501 0.610282 0.24278 0.0234846 0.000952079
 0.383417 0.481906 0.127806 0.00687128 0
 0.0376549 0.599619 0.316969 0.0457579 0
 0.0361596 0.667082 0.258105 0.0386534 0
 0.158088 0.579412 0.248529 0.0139706 0
 0.0477256 0.309471 0.559284 0.082774 0.000745712
 0.0406174 0.521527 0.379366 0.0568643 0.0016247
 0.151134 0.462217 0.34131 0.0453401 0
 0.294876 0.26143 0.354403 0.0886775 0.000613685
 0.281977 0.475581 0.204845 0.0348837 0.00271318
 0.0841818 0.532909 0.334909 0.0458182 0.00218182
 0.115287 0.27431 0.454777 0.147771 0.00785563
 0 0 0 0 0
pf_pred 
 0.323914 0.476778 0.178211 0.0210874 9.8276e-06
 0.283754 0.58038 0.095813 0.0358131 0.00423968
 0.149737 0.655585 0.15775 0.0260423 0.0108865
 0.236094 0.489172 0.21183 0.0509714 0.0119323
 0.272408 0.50156 0.144741 0.0626783 0.0186125
 0.142716 0.612231 0.168926 0.0487489 0.0273788
 0.29402 0.404846 0.215055 0.0593377 0.026741
 0.254166 0.566922 0.102598 0.0545001 0.0218144
 0.305934 0.519464 0.132719 0.0240185 0.0178655
 0.241921 0.602713 0.116281 0.029709 0.00937571
 0.149647 0.609508 0.191485 0.0369432 0.0124174
 0.156863 0.527268 0.226405 0.0711281 0.0183353
 0.224486 0.488572 0.179444 0.0770517 0.0304468
 0.209264 0.604291 0.11746 0.0431409 0.0258442
 0.315125 0.571739 0.0864601 0.0168058 0.00987018
 0.241118 0.687995 0.059177 0.00894893 0.00276106
 0.179315 0.622837 0.179368 0.0154281 0.00305292
 0.34649 0.451652 0.153194 0.0441177 0.00454563
 0.365011 0.533655 0.0700338 0.0237545 0.0075458
 0.276768 0.602152 0.101758 0.0133541 0.00596835
 0.25066 0.566155 0.152516 0.0257737 0.00489409
 0.299598 0.495321 0.154946 0.0417409 0.00839321
 0.246553 0.573006 0.127607 0.0399179 0.0129158
 0.256633 0.527336 0.164294 0.0365878 0.0151486
 0.0924482 0.654988 0.179166 0.05582 0.0175778
 0.191838 0.347312 0.332599 0.0909796 0.037271
 0.32794 0.43097 0.10361 0.0992207 0.0382596
pobs_RECLAS
 0 0 0 0 0
 0 0 0 0 0
 0 0 0 0 0
 0 0 0 0 0
 0.835266 0.146461 0.0176864 0.000547809 3.91292e-05
 0.385257 0.428462 0.181853 0.0044286 0
 0.867414 0.0963971 0.0333333 0.00285562 0
 0.441836 0.489002 0.0689373 0.000224442 0
 0.779404 0.147425 0.0564933 0.0165055 0.000172143
 0.814271 0.122319 0.05973 0.00367925 0
 0.40263 0.566651 0.0304383 0.000280538 0
 0.475488 0.404961 0.113038 0.00651328 0
 0.955842 0.0263864 0.0167828 0.000988607 0
 0.975058 0.0227948 0.00214734 0 0
 0.738997 0.206755 0.0527124 0.00153531 0
 0.850938 0.134255 0.0134407 0.00136685 0
 0.542534 0.407297 0.0501686 0 0
 0.764087 0.199537 0.0359546 0.000420521 0
 0.470689 0.182191 0.310203 0.0369168 0
 0.84361 0.089868 0.0606195 0.00523954 0.000663233
 0.607945 0.314616 0.071237 0.00620181 0
 0.523733 0.453247 0.0230204 0 0
 0.530135 0.295979 0.169645 0.0042399 0
 0.562478 0.366248 0.0663022 0.0049721 0
 0.250443 0.683176 0.0655157 0.000865301 0
 0.195077 0.31981 0.436473 0.0351445 0.0134964
 0.565238 0.351407 0.0832357 0.000118908 0
ppred_RECLAS
 0.681372 0.224698 0.0839879 0.00993813 4.63158e-06
 0.63677 0.294328 0.0485897 0.0181619 0.00215007
 0.446303 0.426921 0.102728 0.0169589 0.00708937
 0.571274 0.274538 0.118885 0.0286067 0.00669676
 0.61538 0.265135 0.0765129 0.033133 0.00983897
 0.422066 0.412732 0.113881 0.0328638 0.0184573
 0.64415 0.204063 0.108399 0.0299093 0.0134788
 0.602414 0.302212 0.0546923 0.0290527 0.0116287
 0.66247 0.252619 0.0645421 0.0116804 0.00868814
 0.582615 0.331843 0.0640225 0.0163572 0.0051621
 0.442877 0.399329 0.125454 0.0242039 0.00813545
 0.454901 0.340886 0.146374 0.0459853 0.011854
 0.575427 0.26748 0.0982404 0.0421837 0.0166688
 0.588936 0.314141 0.0610616 0.0224268 0.0134351
 0.719839 0.233881 0.0353682 0.00687474 0.00403759
 0.591512 0.370331 0.0318535 0.00481699 0.00148621
 0.500695 0.378933 0.109127 0.00938645 0.0018574
 0.707402 0.20222 0.0685901 0.0197529 0.00203523
 0.71844 0.236628 0.0310536 0.010533 0.00334588
 0.626698 0.310805 0.052523 0.00689281 0.00308061
 0.590713 0.309232 0.0833039 0.0140775 0.00267314
 0.649446 0.24791 0.0775511 0.0208915 0.00420083
 0.586476 0.31449 0.0700361 0.0219087 0.00708873
 0.599638 0.284012 0.0884853 0.0197054 0.00815874
 0.306025 0.500847 0.137002 0.0426837 0.0134412
 0.507436 0.211682 0.202715 0.0554508 0.0227162
 0.680828 0.204674 0.049206 0.0471215 0.0181701
pobs_PELACES
 0 0 0 0 0
 0 0 0 0 0
 0 0 0 0 0
 0 0 0 0 0
 0 0 0 0 0
 0 0 0 0 0
 0 0 0 0 0
 0 0 0 0 0
 0 0 0 0 0
 0 0 0 0 0
 0.450072 0.473896 0.0757376 0.000293798 0
 0 0 0 0 0
 0.463077 0.371075 0.160297 0.00555027 0
 0.529543 0.364841 0.0842815 0.0213345 0
 0.631943 0.363953 0.00410389 0 0
 0.735681 0.248677 0.0153453 0.000297389 0
 0.695825 0.281241 0.0229344 0 0
 0.275771 0.60734 0.115278 0.00161068 0
 0 0 0 0 0
 0.896147 0.0623911 0.0374545 0.00400742 0
 0.803859 0.145111 0.0509908 3.86294e-05 0
 0.739449 0.233085 0.0266225 0.000797448 4.60066e-05
 0.878498 0.100942 0.0204185 0.000141795 0
 0.694673 0.275183 0.0284847 0.00165964 0
 0.469039 0.446079 0.0841089 0.000773354 0
 0.822795 0.102175 0.0682046 0.00682512 0
 0 0 0 0 0
ppred_PELACES
 0.79617 0.143742 0.053728 0.00635753 2.96288e-06
 0.757311 0.196653 0.0324648 0.0121347 0.00143655
 0.611404 0.299622 0.0720962 0.0119021 0.00497546
 0.683395 0.20274 0.0877943 0.0211254 0.00494542
 0.712976 0.197858 0.0570982 0.0247257 0.00734238
 0.558292 0.315446 0.0870375 0.0251174 0.0141067
 0.751892 0.142278 0.0755786 0.0208536 0.00939781
 0.732361 0.203437 0.0368166 0.0195571 0.00782799
 0.780704 0.164129 0.0419337 0.00758887 0.00564478
 0.705156 0.234417 0.045226 0.0115549 0.00364655
 0.600108 0.286631 0.0900489 0.0173731 0.00583948
 0.607191 0.245649 0.10548 0.0331378 0.0085422
 0.735993 0.166324 0.0610877 0.0262306 0.010365
 0.792042 0.158924 0.0308911 0.0113457 0.00679683
 0.877244 0.102477 0.0154969 0.00301224 0.00176911
 0.736628 0.23877 0.0205375 0.00310574 0.000958231
 0.663347 0.255494 0.0735785 0.00632876 0.00125234
 0.823813 0.121766 0.0413014 0.0118942 0.00122551
 0.82097 0.150459 0.0197454 0.00669737 0.00212747
 0.743958 0.213177 0.0360247 0.00472768 0.00211295
 0.701093 0.225836 0.0608378 0.010281 0.00195222
 0.753625 0.174235 0.0545042 0.0146829 0.00295242
 0.701315 0.227154 0.0505866 0.0158245 0.00512014
 0.713422 0.203296 0.0633376 0.0141051 0.00584001
 0.420848 0.417979 0.114335 0.0356214 0.0112172
 0.631639 0.158305 0.151599 0.0414686 0.0169882
 0.784811 0.137994 0.0331752 0.0317698 0.0122505
pobs_pel_tallas
 0 0 0 0 0 0 0 0 0 0 0 0 0 0 0 0 0 0 0 0 0 0 0 0 0 0 0 0 0 0 0 0 0 0 0 0
 0 0 0 0 0 0 0 0 0 0 0 0 0 0 0 0 0 0 0 0 0 0 0 0 0 0 0 0 0 0 0 0 0 0 0 0
 0 0 0 0 0 0 0 0 0 0 0 0 0 0 0 0 0 0 0 0 0 0 0 0 0 0 0 0 0 0 0 0 0 0 0 0
 0 0 0 0 0 0 0 0 0 0 0 0 0 0 0 0 0 0 0 0 0 0 0 0 0 0 0 0 0 0 0 0 0 0 0 0
 0 0 0 0 0 0 0 0 0 0 0 0 0 0 0 0 0 0 0 0 0 0 0 0 0 0 0 0 0 0 0 0 0 0 0 0
 0 0 0 0 0 0 0 0 0 0 0 0 0 0 0 0 0 0 0 0 0 0 0 0 0 0 0 0 0 0 0 0 0 0 0 0
 0 0 0 0 0 0 0 0 0 0 0 0 0 0 0 0 0 0 0 0 0 0 0 0 0 0 0 0 0 0 0 0 0 0 0 0
 0 0 0 0 0 0 0 0 0 0 0 0 0 0 0 0 0 0 0 0 0 0 0 0 0 0 0 0 0 0 0 0 0 0 0 0
 0 0 0 0 0 0 0 0 0 0 0 0 0 0 0 0 0 0 0 0 0 0 0 0 0 0 0 0 0 0 0 0 0 0 0 0
 0 0 0 0 0 0 0 0 0 0 0 0 0 0 0 0 0 0 0 0 0 0 0 0 0 0 0 0 0 0 0 0 0 0 0 0
 0 0 0 0 0 0 0 0 1.78061e-05 0.00172719 0.00360574 0.0105946 0.0120993 0.0124554 0.0147524 0.0171206 0.0266825 0.0428682 0.0675386 0.121331 0.153587 0.119568 0.100827 0.0573624 0.0630603 0.0341343 0.0324427 0.0444173 0.0211091 0.0280891 0.0125444 0.00206551 0 0 0 0
 0 0 0 0 0 0 0 0 0 0 0 0 0 0 0 0 0 0 0 0 0 0 0 0 0 0 0 0 0 0 0 0 0 0 0 0
 0 0 0 0 0 0 0.0133647 0.0140871 0.0187388 0.0205184 0.03894 0.0496705 0.03968 0.0493445 0.0407372 0.0367815 0.0215668 0.0243155 0.0234873 0.0199281 0.019796 0.0243948 0.0301388 0.0376714 0.0412746 0.0863199 0.0771752 0.113111 0.0741005 0.0525337 0.0229764 0.00759418 0.00175318 0 0 0
 0 0 0 0 0 0 0 0 0 0 0.00219441 0.00772107 0.0458388 0.0604681 0.0671733 0.0775358 0.0609151 0.0617685 0.073594 0.0568108 0.0755445 0.0548602 0.0670107 0.0636378 0.0643287 0.046367 0.0373049 0.0286899 0.0247887 0.0153202 0.00654259 0.00121912 0.000365735 0 0 0
 0 0 0 0 0 0 0 0 0 0 0 0 0.000112435 0.00938835 0.0111873 0.0202946 0.0414886 0.0713402 0.111592 0.104902 0.108894 0.110636 0.117776 0.105296 0.107544 0.0401394 0.0192827 0.0124803 0.00416011 0.0028671 0.000618394 0 0 0 0 0
 0 0 0 0 0 0 0 0 0 0 0.00291406 0.0102884 0.027416 0.0768956 0.0749926 0.110853 0.0956884 0.0897413 0.0766577 0.0534642 0.0500743 0.0551293 0.0594112 0.0620874 0.0668451 0.0424026 0.0208742 0.0120726 0.0048766 0.00582813 0.00118941 0.000297354 0 0 0 0
 0 0.00264628 0.0354308 0.0461629 0.0458689 0.0383711 0.0214643 0.0164657 0.0346957 0.0420465 0.0363128 0.0245516 0.0311673 0.0291091 0.0169068 0.0133784 0.00837989 0.0085269 0.0148486 0.0160247 0.0276389 0.0546898 0.0760071 0.122758 0.109233 0.0665981 0.0333725 0.0166128 0.00676272 0.00308733 0.000882094 0 0 0 0 0
 0 0 0 0 0 0 0 0.000805153 0.000690131 0.00759144 0.0133425 0.0154129 0.00931677 0.000345066 0.00356568 0.00563607 0.00851162 0.0253048 0.0502646 0.0516448 0.0657925 0.0565908 0.0611916 0.0827007 0.0866115 0.110766 0.145733 0.0935128 0.0569358 0.0249597 0.0138026 0.00621118 0.00161031 0.00115022 0 0
 0 0 0 0 0 0 0 0 0 0 0 0 0 0 0 0 0 0 0 0 0 0 0 0 0 0 0 0 0 0 0 0 0 0 0 0
 0.00147267 0.00158595 0.00478618 0.00569244 0.00954404 0.0108468 0.00647125 0.017049 0.0510054 0.094081 0.124002 0.0959785 0.0687766 0.0820023 0.061753 0.0591476 0.0492212 0.0479892 0.0443925 0.0268479 0.0217502 0.0140895 0.0121071 0.0120363 0.00920419 0.00665534 0.0049561 0.00860946 0.00930331 0.0156896 0.0114698 0.00855282 0.00243557 0.00046729 0 2.83206e-05
 0 0 0 0 0.000772559 0.00158375 0.000888443 0.00281984 0.00712685 0.0440552 0.0773331 0.111326 0.0921469 0.0852325 0.0710754 0.0886704 0.0786465 0.0553345 0.0373146 0.0185414 0.00753245 0.00457741 0.012979 0.0271748 0.0457355 0.0583668 0.034881 0.0177882 0.00938659 0.00492506 0.0015258 0.00185414 0.000309023 5.79419e-05 3.86279e-05 0
 0 0.00173294 0.00326652 0 0.00397197 0.00683976 0.00946217 0.0152591 0.00757587 0.0136028 0.0228656 0.0392903 0.0559909 0.0764795 0.0681675 0.0726916 0.0566044 0.0477403 0.0527397 0.0444891 0.0609904 0.0582453 0.0661739 0.0445044 0.0529084 0.0360697 0.0280645 0.0235558 0.0158879 0.00826598 0.00280645 0.00217768 0.000904811 0.00058276 9.20147e-05 0
 0 0 0 0 0 0 0 0 0 0 0 0 0 0 0 0 0 0 0 0 0 0 0 0 0 0 0 0 0 0 0 0 0 0 0 0
 0 0 0 0 0 0 0 0 0 0 0 0 0 0 0 0 0 0 0 0 0 0 0 0 0 0 0 0 0 0 0 0 0 0 0 0
 0 0 0 0 0 0 0 0 0 0 0 0 0 0 0 0 0 0 0 0 0 0 0 0 0 0 0 0 0 0 0 0 0 0 0 0
 0 0 0 0 0 0 0 0 0 0 0 0 0 0 0 0 0 0 0 0 0 0 0 0 0 0 0 0 0 0 0 0 0 0 0 0
 0 0 0 0 0 0 0 0 0 0 0 0 0 0 0 0 0 0 0 0 0 0 0 0 0 0 0 0 0 0 0 0 0 0 0 0
ppred_pel_tallas
 1.01029e-16 3.47353e-05 0.000203875 0.000969142 0.00373127 0.0116356 0.0293907 0.0601369 0.0996824 0.133867 0.145664 0.128464 0.0919089 0.0535385 0.0257961 0.0110449 0.00547653 0.00461421 0.00571739 0.00758994 0.00975588 0.0119428 0.0139069 0.0154221 0.0163168 0.0165098 0.0160249 0.0149775 0.0135399 0.0118982 0.0102147 0.00860601 0.00713869 0.00583888 0.0047073 0.00373343
 1.0101e-16 3.3043e-05 0.000193934 0.000921874 0.00354926 0.011068 0.027957 0.0572039 0.0948224 0.127346 0.138582 0.12225 0.0875348 0.0511341 0.0249056 0.0111218 0.00618322 0.00584545 0.00749778 0.00997241 0.0127572 0.0155086 0.0178995 0.0196281 0.0204757 0.0203554 0.0193308 0.0175935 0.0154113 0.0130635 0.0107845 0.00873188 0.00698094 0.00554 0.00437621 0.00344031
 1.01763e-16 2.6685e-05 0.000156598 0.000744351 0.00286571 0.0089364 0.0225728 0.0461882 0.076567 0.102842 0.111951 0.0988403 0.0709529 0.0418117 0.0210455 0.0105548 0.00749977 0.00850207 0.011463 0.0153886 0.0197435 0.0240639 0.0278615 0.0306746 0.0321616 0.0321776 0.0308031 0.0283127 0.0250981 0.0215721 0.0180861 0.0148815 0.0120815 0.00971316 0.00774377 0.00611599
 1.0227e-16 2.98202e-05 0.000175013 0.000831919 0.00320291 0.00998794 0.0252288 0.0516219 0.0855705 0.114923 0.125072 0.110351 0.0790557 0.0462647 0.0226921 0.0104062 0.00617904 0.00620014 0.00812845 0.0109156 0.0140916 0.0173237 0.0202804 0.0226441 0.0241686 0.0247297 0.0243456 0.0231593 0.0213918 0.0192839 0.0170461 0.0148305 0.0127269 0.0107761 0.00899091 0.00737403
 1.02068e-16 3.11098e-05 0.000182585 0.000867917 0.00334151 0.0104202 0.0263206 0.0538557 0.0892728 0.119894 0.130477 0.11511 0.0824435 0.0482032 0.0235597 0.0106618 0.00613153 0.00598365 0.00776897 0.0103924 0.0133697 0.0163684 0.0190644 0.0211529 0.0224047 0.0227151 0.0221223 0.020788 0.018948 0.0168518 0.0147111 0.0126706 0.0108052 0.00913478 0.00764852 0.00632585
 1.02861e-16 2.43697e-05 0.000143004 0.000679719 0.00261686 0.00816035 0.0206126 0.0421777 0.0699199 0.093918 0.102247 0.090299 0.0648779 0.0383455 0.019512 0.0101345 0.00764231 0.00896886 0.0122054 0.0164351 0.0211391 0.0258445 0.0300435 0.0332513 0.0351044 0.0354408 0.0343296 0.0320392 0.0289577 0.0254957 0.0220014 0.0187135 0.0157545 0.0131547 0.0108904 0.00891896
 1.02275e-16 3.28045e-05 0.000192539 0.000915253 0.00352378 0.0109886 0.0277563 0.0567929 0.0941397 0.126425 0.137569 0.12133 0.086819 0.0506017 0.0244347 0.0105567 0.00537936 0.00468402 0.00589166 0.00788026 0.0102048 0.0126082 0.0148552 0.0167217 0.0180299 0.0186826 0.018678 0.018098 0.0170778 0.0157675 0.0142997 0.0127722 0.0112462 0.00975617 0.00832332 0.00696603
 1.01627e-16 3.19553e-05 0.000187548 0.000891512 0.00343236 0.0107035 0.0270362 0.0553199 0.0916999 0.123153 0.134023 0.118237 0.0846795 0.0495029 0.0241802 0.0109158 0.00623634 0.00604366 0.00781612 0.0104223 0.0133587 0.0162786 0.0188472 0.020754 0.0217716 0.0218067 0.0209184 0.0192954 0.0172031 0.0149176 0.0126699 0.0106132 0.00881953 0.00729605 0.0060121 0.00492424
 1.01174e-16 3.40617e-05 0.000199918 0.000950328 0.00365883 0.0114097 0.02882 0.0589695 0.097748 0.131271 0.142845 0.12599 0.0901662 0.0525783 0.0254359 0.0110657 0.005742 0.00508004 0.00639075 0.00848942 0.0108863 0.0132821 0.0154016 0.0169907 0.0178616 0.0179329 0.0172459 0.0159468 0.0142456 0.0123639 0.0104898 0.0087526 0.00721833 0.00590201 0.00478768 0.00384719
 1.01286e-16 3.07703e-05 0.000180588 0.000858417 0.00330492 0.0103061 0.0260324 0.0532663 0.088297 0.118587 0.129063 0.113883 0.081609 0.0478046 0.0235308 0.0109274 0.00666669 0.00681391 0.00894106 0.0119418 0.0152945 0.0186113 0.0215058 0.0236181 0.0246851 0.0245997 0.0234331 0.0214089 0.0188417 0.0160605 0.0133431 0.0108776 0.00875586 0.00699159 0.00555034 0.00437826
 1.02242e-16 2.6192e-05 0.000153704 0.000730596 0.00281276 0.00877127 0.0221557 0.0453347 0.0751519 0.100941 0.10988 0.0970096 0.0696331 0.041023 0.0206288 0.0103153 0.00729502 0.00825466 0.0111397 0.0149838 0.0192744 0.023571 0.0274082 0.0303419 0.0320372 0.0323414 0.0313125 0.0291905 0.0263269 0.0230965 0.0198215 0.0167272 0.0139352 0.0114836 0.00935995 0.00753118
 1.03116e-16 2.64992e-05 0.000155512 0.000739198 0.00284589 0.00887459 0.0224166 0.0458683 0.0760353 0.102124 0.111158 0.0981144 0.0703755 0.0413587 0.0206105 0.0100007 0.00669433 0.00733121 0.00983935 0.013268 0.0171475 0.0211001 0.0247301 0.0276546 0.0295759 0.0303426 0.029974 0.0286387 0.0265984 0.0241375 0.0215033 0.0188733 0.016351 0.0139834 0.0117865 0.00976661
 1.02308e-16 3.21122e-05 0.000188473 0.000895915 0.00344932 0.0107564 0.0271698 0.0555929 0.0921515 0.123757 0.134672 0.11879 0.085033 0.0496247 0.0240822 0.0106076 0.00569853 0.00523144 0.00667958 0.00893068 0.0115221 0.0141641 0.0165839 0.0185243 0.0197878 0.020277 0.0200108 0.0191086 0.0177507 0.0161306 0.0144132 0.0127129 0.011092 0.00957323 0.00815899 0.00684713
 1.01198e-16 3.45559e-05 0.00020282 0.000964125 0.00371195 0.0115754 0.0292385 0.0598256 0.0991668 0.133176 0.144916 0.127811 0.091459 0.0533103 0.0257491 0.0111314 0.005673 0.00492175 0.00614769 0.00815037 0.0104385 0.0127182 0.0147228 0.0162086 0.0169973 0.0170153 0.0163083 0.0150239 0.01337 0.0115635 0.00978652 0.0081608 0.00674449 0.00554486 0.00453893 0.00369291
 1.0044e-16 3.82688e-05 0.000224623 0.00106779 0.00411111 0.0128202 0.0323826 0.0662584 0.109827 0.147486 0.160469 0.141485 0.10115 0.0587683 0.0280283 0.0115047 0.00497131 0.00347141 0.00397604 0.00518129 0.00660536 0.00801806 0.00923911 0.01011 0.0105172 0.0104169 0.00984429 0.00890201 0.00773264 0.0064845 0.00528221 0.00420934 0.00330539 0.00257385 0.00199565 0.00154251
 1.00521e-16 3.21428e-05 0.000188646 0.000896723 0.00345241 0.010766 0.0271941 0.0556433 0.0922369 0.123877 0.134819 0.118956 0.0852317 0.049901 0.024514 0.0112998 0.00677492 0.00682083 0.00889346 0.0118312 0.0150862 0.0182551 0.0209411 0.0227799 0.0235133 0.0230494 0.021485 0.0190765 0.0161743 0.0131402 0.0102764 0.00778327 0.00575127 0.00418034 0.00301268 0.00216592
 1.01404e-16 2.89482e-05 0.000169889 0.000807546 0.00310905 0.00969523 0.0244895 0.0501096 0.0830653 0.111564 0.121429 0.107168 0.0768445 0.045109 0.0223821 0.0106947 0.00693488 0.00741601 0.00985949 0.0132152 0.0169647 0.0206982 0.0239958 0.0264603 0.0277958 0.0278722 0.0267506 0.0246579 0.0219222 0.0188925 0.0158689 0.0130617 0.0105836 0.0084669 0.0066936 0.0052232
 1.01093e-16 3.59397e-05 0.000210948 0.00100277 0.00386077 0.0120395 0.0304107 0.0622238 0.103141 0.138509 0.150709 0.132896 0.0950454 0.0552953 0.0265107 0.0111242 0.00518249 0.00404379 0.00487066 0.00643531 0.00826897 0.0101263 0.0117992 0.0130972 0.0138767 0.0140702 0.0136983 0.0128584 0.0116946 0.0103614 0.00899169 0.00767924 0.00647555 0.00539863 0.00444669 0.00361035
 1.00659e-16 3.58169e-05 0.000210224 0.000999327 0.00384749 0.0119981 0.0303061 0.06201 0.102787 0.138037 0.150201 0.132463 0.0947677 0.0551981 0.026584 0.0113596 0.00559406 0.00466507 0.00573904 0.00757329 0.0096673 0.0117319 0.0135116 0.0147757 0.0153586 0.0151974 0.0143456 0.0129554 0.0112373 0.00940977 0.00765543 0.00609602 0.00478785 0.00373398 0.00290441 0.00225587
 1.00843e-16 3.24614e-05 0.000190519 0.000905631 0.00348671 0.010873 0.0274643 0.056196 0.0931523 0.125105 0.136148 0.120114 0.08603 0.0503047 0.0245942 0.0111397 0.00641341 0.00625144 0.00808866 0.0107686 0.0137687 0.0167232 0.0192773 0.0211032 0.0219636 0.0217655 0.02058 0.0186189 0.0161773 0.0135639 0.0110386 0.00877738 0.00686541 0.00531313 0.00408398 0.00312142
 1.01382e-16 3.05929e-05 0.000179547 0.00085347 0.00328588 0.0102467 0.0258824 0.0529593 0.0877878 0.117903 0.128317 0.113222 0.0811285 0.04751 0.0233617 0.0108096 0.00654412 0.00665378 0.0087279 0.0116731 0.0149805 0.0182765 0.0211885 0.0233665 0.0245504 0.0246268 0.0236514 0.0218252 0.0194379 0.0167967 0.014164 0.0117222 0.00956682 0.00772294 0.00617184 0.00487635
 1.01474e-16 3.28814e-05 0.000192988 0.000917378 0.00353196 0.0110141 0.0278207 0.0569248 0.0943593 0.126722 0.137899 0.121637 0.0870734 0.0508193 0.0246688 0.0108762 0.0058542 0.00537784 0.00685499 0.00913936 0.0117475 0.0143717 0.0167224 0.0185287 0.019587 0.0198039 0.0192134 0.0179595 0.0162535 0.0143204 0.0123534 0.0104873 0.0087945 0.0072977 0.00598988 0.00485267
 1.01576e-16 3.06025e-05 0.000179604 0.000853739 0.00328691 0.0102499 0.0258905 0.052976 0.0878156 0.11794 0.128358 0.113258 0.0811551 0.0475267 0.0233719 0.0108172 0.00655182 0.00666241 0.00873649 0.0116789 0.0149789 0.0182614 0.0211529 0.0233043 0.0244581 0.0245055 0.0235082 0.0216732 0.0192955 0.0166843 0.0141012 0.0117238 0.00964039 0.00786746 0.00637793 0.00512817
 1.01723e-16 3.11295e-05 0.0001827 0.000868463 0.00334361 0.0104267 0.0263371 0.0538896 0.0893292 0.11997 0.130561 0.115187 0.0825053 0.0482524 0.0236082 0.0107249 0.00622457 0.00612073 0.00796207 0.0106496 0.0136926 0.0167494 0.0194849 0.0215839 0.022809 0.023052 0.0223532 0.0208817 0.0188848 0.0166261 0.0143316 0.0121585 0.0101912 0.00845549 0.00694203 0.00562823
 1.03508e-16 1.83807e-05 0.000107834 0.000512494 0.00197297 0.00615237 0.0155408 0.0318011 0.0527237 0.0708364 0.0771631 0.0682513 0.0492666 0.0295804 0.0159049 0.00964875 0.00895784 0.011582 0.0160931 0.0217344 0.0279585 0.034171 0.0397039 0.0439148 0.0463223 0.0467119 0.0451772 0.0420763 0.0379273 0.0332782 0.0285952 0.0241989 0.0202547 0.0168049 0.0138186 0.011238
 1.04423e-16 2.75618e-05 0.000161758 0.000768909 0.00296032 0.00923145 0.0233179 0.0477118 0.0790884 0.106216 0.115591 0.101976 0.0730339 0.0426972 0.0208639 0.00944242 0.00544998 0.00537374 0.00707141 0.00961055 0.0126075 0.0158135 0.0189779 0.0218441 0.0241892 0.0258603 0.0267933 0.027006 0.0265737 0.0255973 0.0241778 0.0224042 0.0203552 0.0181074 0.0157435 0.0133545
 1.02181e-16 3.42397e-05 0.000200966 0.000955313 0.00367803 0.0114696 0.0289713 0.0592788 0.0982599 0.131956 0.143584 0.126627 0.0905903 0.0527609 0.0254037 0.0108466 0.00533431 0.0044534 0.00550371 0.00731002 0.00941015 0.0115458 0.0134893 0.0150312 0.0160144 0.0163667 0.0161131 0.0153609 0.0142655 0.0129885 0.0116631 0.0103755 0.00916479 0.00803595 0.00697774 0.00597819
pSPR Fmed_Fpbrs
0.454021   0.6 0.325
Fs Fmed_Fpbrs
0.64   0.356568 1.11862
SSBpbr Bo_Bmed_Bpbrs
1.10614e+06  446903  608376 304188
Ro
37049.1
SPR SPRFo_SPRFmed_SPRFpbrs
765221 347426 248697
log_Ro
10.34
likeval ReclasPelacesDesembMPH_pf_preclas_ppelaces_ptallas_desvR_qrecl_qpela
 95.9598 34.9705 0.0421121 46.9742 340.304 217.843 56.5777 0 19.9293 5.25586e-06 5.79446e-05 8.58579e-16 0 0 0
q_reclas_q_pelaces
0.722624 2.95346
M
0.7
N
 42242.8 11805.4 4412.64 522.14 0.243339
 50648.4 19078.2 3149.56 1177.25 139.366
 25879.4 23199.4 5582.33 921.569 385.244
 33199.4 11271.7 4881.08 1174.51 274.949
 56095 16010.3 4620.28 2000.76 594.132
 36252.8 27686.6 7639.25 2204.54 1238.14
 71674.3 16862.2 8957.26 2471.48 1113.79
 81236.7 33948.4 6143.76 3263.58 1306.29
 115456 36917.2 9432.03 1706.95 1269.67
 119482 52343.5 10098.6 2580.11 814.246
 69569.1 55881.5 17555.9 3387.06 1138.46
 47575.6 30859 13250.6 4162.86 1073.09
 45215.6 21323.4 7831.7 3362.87 1328.83
 23976.8 19138.1 3719.99 1366.29 818.495
 16943.1 8821.79 1334.06 259.309 152.294
 10532.7 6081.79 523.117 79.1074 24.4074
 6440.54 4613.96 1328.76 114.291 22.616
 10580.5 2795.03 948.034 273.02 28.1304
 17007.3 4631.64 607.83 206.167 65.4907
 20007 7749.48 1309.58 171.862 76.8106
 25038.9 9305.68 2506.85 423.633 80.4423
 43423.1 12053.7 3770.62 1015.77 204.249
 52926.8 20723.7 4615.11 1443.7 467.12
 72492.5 25221.9 7858 1749.95 724.542
 29050.3 34471.3 9429.32 2937.75 925.101
 45196.1 13879.1 13291.2 3635.69 1489.41
 93171.9 21475 5162.82 4944.11 1906.46
pred_Ctot
 2765.16 4070.12 1521.34 180.017 0.0838954
 2839.93 5808.68 958.935 358.432 42.4324
 2305.03 10092 2428.38 400.894 167.586
 690.544 1430.76 619.575 149.085 34.9004
 245.382 451.799 130.381 56.4598 16.7659
 1657.74 7111.49 1962.19 566.253 318.025
 2387.32 3287.19 1746.16 481.798 217.126
 4983.88 11116.7 2011.82 1068.68 427.754
 7265.37 12336.3 3151.83 570.397 424.274
 5016 12496.7 2410.99 615.988 194.397
 5375.9 21895.9 6878.88 1327.14 446.081
 3353.52 11272.3 4840.23 1520.62 391.982
 4845.72 10546.3 3873.45 1663.23 657.22
 4545.08 13124.8 2551.16 936.995 561.321
 3440.67 6242.49 944.008 183.493 107.767
 899.17 2565.66 220.682 33.3721 10.2965
 588.554 2044.3 588.729 50.6388 10.0204
 908.087 1183.7 401.494 115.624 11.9133
 1013.08 1481.15 194.377 65.9301 20.9432
 915.104 1990.95 336.451 44.1538 19.7337
 551.718 1246.14 335.697 56.7295 10.7722
 1218.66 2014.8 630.269 169.788 34.1407
 1539.86 3578.74 796.975 249.31 80.6661
 2217.59 4556.76 1419.68 316.158 130.9
 793.694 5623.26 1538.19 479.231 150.911
 1406.53 2546.43 2438.56 667.047 273.265
 3838.31 5044.2 1212.68 1161.31 447.802
F
 0.0948858 0.621294 0.621294 0.621294 0.621294
 0.0807812 0.52894 0.52894 0.52894 0.52894
 0.131152 0.85876 0.85876 0.85876 0.85876
 0.0292984 0.19184 0.19184 0.19184 0.19184
 0.00609903 0.0399353 0.0399353 0.0399353 0.0399353
 0.0654392 0.428483 0.428483 0.428483 0.428483
 0.0472891 0.30964 0.30964 0.30964 0.30964
 0.0886909 0.580731 0.580731 0.580731 0.580731
 0.0910652 0.596278 0.596278 0.596278 0.596278
 0.0599338 0.392435 0.392435 0.392435 0.392435
 0.112891 0.739189 0.739189 0.739189 0.739189
 0.102515 0.67125 0.67125 0.67125 0.67125
 0.159761 1.04608 1.04608 1.04608 1.04608
 0.299864 1.96346 1.96346 1.96346 1.96346
 0.324562 2.12517 2.12517 2.12517 2.12517
 0.125394 0.821056 0.821056 0.821056 0.821056
 0.134771 0.882453 0.882453 0.882453 0.882453
 0.126103 0.825701 0.825701 0.825701 0.825701
 0.0860138 0.563202 0.563202 0.563202 0.563202
 0.0654567 0.428598 0.428598 0.428598 0.428598
 0.0310614 0.203385 0.203385 0.203385 0.203385
 0.039713 0.260034 0.260034 0.260034 0.260034
 0.0411963 0.269746 0.269746 0.269746 0.269746
 0.0433563 0.283889 0.283889 0.283889 0.283889
 0.0386428 0.253026 0.253026 0.253026 0.253026
 0.0441222 0.288904 0.288904 0.288904 0.288904
 0.0587832 0.384901 0.384901 0.384901 0.384901
Np
 25679.5 12076.2 15166.6 2522.92 817.4
YTP_r0W_actual
 29212.5 102121 35689.8 43647.6 18677.3
YTP_p0W_proyectada
 8051.37 207459 50167.6 15402.5 21900
 8051.37 57426.4 104844 22272.9 8007.97
CTP_r0_actual
 3562.5 4727.82 1136.62 1088.47 419.715
CTP_p0_proyectada
 981.874 9604.56 1597.7 384.103 492.135
 981.874 2658.63 3339 555.434 179.954
Wmedp
 8.2 21.6 31.4 40.1 44.5
nmprior
 10.8 10.6 4.6 0
nm_flota  nm_reclas  nm_pelaces    nm_pelaL
inf 18.4713 18.3616 58.8131
cv_recla  cv_pelaces  cv_mph
0.706959 0.3239 0.549524
 ------------------------------------------------
Talla a la edad & desviaci?n 
 7.2 14.2025 17.0495 18.207 18.6776
 1.08 2.13037 2.55742 2.73105 2.80164
