years
 1997 1998 1999 2000 2001 2002 2003 2004 2005 2006 2007 2008 2009 2010 2011 2012 2013 2014 2015 2016 2017 2018 2019 2020 2021 2022 2023
reclasobs
 0 0 0 370054 412103 1.49427e+06 250295 1.28982e+06 931140 785840 897777 1.04006e+06 184774 17550 25797 100020 73551 82996 120727 218422 84188 347160 605670 569463 516374 1.08416e+06 1.01767e+06
reclaspred
 1.55379e+06 297362 641343 258901 326115 389059 705910 596925 678182 849527 838271 625940 377295 114919 72452.1 83539.1 67157.7 74487.2 110730 163182 237113 265450 466190 540100 800779 717832 429987
pelacesobs
 0 0 0 0 0 0 0 0 0 2.06254e+06 1.5e+06 0 1.87456e+06 323000 250000 174000 83755 137374 0 501740 490994 745055 786931 1.00524e+06 1.33801e+06 1.41789e+06 0
pelacespred
 3.62778e+06 1.00645e+06 725958 595206 887459 606354 2.22663e+06 1.77695e+06 1.97788e+06 2.51342e+06 1.84553e+06 1.5157e+06 939388 270440 191912 179968 141319 186979 257525 337285 628432 602892 805119 1.18354e+06 1.51428e+06 1.30229e+06 682216
mphobs
 0 0 0 0 0 0 112323 0 153150 637223 0 255016 313432 73983 77613 109348 50772 17779 17303 59886 28197 0 207744 136588 643089 65757 70829
mphpred
 410000 188972 172513 95625.2 82880.3 156836 186533 306929 286386 336683 386867 266350 182897 128011 59372.9 54409.9 36343.3 37711.2 30461.3 38885.5 53755.6 74640.2 94136.9 130600 180421 146271 120200
desembarqueobs
 350755 77701 442110 56441 14545 235359 269955 359681 431902 328805 639364 411747 362871 311530 167758 66681 60226 58785 57116 73181 50977 67692 138656 160484 209506 203330 245020
desembarquepred
 350736 77673.8 441762 56432.3 14544.3 235383 269990 359209 431585 328708 638436 411175 362586 311777 167301 66681.1 60248.9 58654.3 57019.1 73143.3 50983.3 67621.7 138646 160459 209428 203161 244838
Reclutas
 26527.2 42901.6 7786.92 11650 35122.7 16572.2 62486.4 57513.1 76496.5 103099 64358.3 59682.7 48476.7 29381.1 14765.3 8303.04 5757.03 8564.97 11295.2 9614.83 17221.7 23380.4 29685 49922 16276.1 30728.2 14814.7
log_desv_Rt
 0.0859254 0.566665 -1.1398 -0.736937 0.366602 -0.384516 0.942704 0.859768 1.145 1.44345 0.972222 0.896798 0.688838 0.188108 -0.499968 -1.07562 -1.44182 -1.04456 -0.767871 -0.928938 -0.346072 -0.0403483 0.198399 0.718217 -0.402544 0.232938 -0.496628
SSB
 572986 264094 241092 133639 115827 219183 249778 421069 385041 456814 540658 372232 268573 122502 60921.2 54914.5 40948.5 39302 57611.1 79166.4 100088 134272 176138 228729 357903 306783 232879
BT
 1.41428e+06 396002 431374 223244 293770 338511 1.05382e+06 962554 1.09866e+06 1.14438e+06 1.14426e+06 876586 670975 381603 207148 109526 95557.8 115078 127437 155038 243167 225000 318041 492026 540064 538802 377947
Ftot
 0.535966 0.689854 1.34283 0.588383 0.129881 1.18753 1.1073 1.29429 1.49148 0.910606 1.52688 1.45851 2.01348 4.29262 3.97497 1.44882 1.79976 1.82263 1.08614 0.922733 0.524087 0.579192 0.655748 0.716917 0.541431 0.741278 1.19389
BD_Bspro_t
 0.929354 0.653122 0.529286 0.239799 0.318698 0.518798 0.409742 0.491978 0.425688 0.422966 0.42632 0.281934 0.221239 0.124322 0.0746653 0.0821867 0.0868719 0.116929 0.202467 0.308085 0.387887 0.524183 0.550858 0.541789 0.580336 0.468317 0.396665
BD_Bspro
 1.13962 0.525261 0.479512 0.265796 0.230371 0.435936 0.496787 0.837471 0.765815 0.908566 1.07532 0.740338 0.534169 0.243647 0.121167 0.10922 0.0814433 0.0781684 0.114584 0.157455 0.199067 0.267057 0.350324 0.454922 0.711839 0.610166 0.463177
BD_Bo
 1.03704 0.477981 0.43635 0.241871 0.209635 0.396696 0.45207 0.762089 0.696883 0.826784 0.978531 0.673698 0.486087 0.221715 0.110261 0.0993891 0.0741124 0.0711322 0.10427 0.143282 0.181149 0.243018 0.31879 0.413974 0.647764 0.555244 0.421485
BD_Brms
 1.88553 0.869056 0.793364 0.439766 0.381154 0.721266 0.821946 1.38562 1.26706 1.50324 1.77915 1.22491 0.883795 0.403119 0.200474 0.180707 0.13475 0.129331 0.189581 0.260514 0.329361 0.441851 0.579619 0.752679 1.17775 1.00953 0.766337
S_f
 0.102121 1 1 1 1
 0.102121 1 1 1 1
 0.102121 1 1 1 1
 0.102121 1 1 1 1
 0.102121 1 1 1 1
 0.102121 1 1 1 1
 0.102121 1 1 1 1
 0.102121 1 1 1 1
 0.102121 1 1 1 1
 0.102121 1 1 1 1
 0.102121 1 1 1 1
 0.102121 1 1 1 1
 0.102121 1 1 1 1
 0.102121 1 1 1 1
 0.102121 1 1 1 1
 0.102121 1 1 1 1
 0.102121 1 1 1 1
 0.102121 1 1 1 1
 0.102121 1 1 1 1
 0.102121 1 1 1 1
 0.102121 1 1 1 1
 0.102121 1 1 1 1
 0.102121 1 1 1 1
 0.102121 1 1 1 1
 0.102121 1 1 1 1
 0.102121 1 1 1 1
 0.102121 1 1 1 1
Scru_reclas
 0.139371 0.449033 0.803981 0.953793 0.990465
 0.139371 0.449033 0.803981 0.953793 0.990465
 0.139371 0.449033 0.803981 0.953793 0.990465
 0.139371 0.449033 0.803981 0.953793 0.990465
 0.139371 0.449033 0.803981 0.953793 0.990465
 0.139371 0.449033 0.803981 0.953793 0.990465
 0.139371 0.449033 0.803981 0.953793 0.990465
 0.139371 0.449033 0.803981 0.953793 0.990465
 0.139371 0.449033 0.803981 0.953793 0.990465
 0.139371 0.449033 0.803981 0.953793 0.990465
 0.139371 0.449033 0.803981 0.953793 0.990465
 0.139371 0.449033 0.803981 0.953793 0.990465
 0.139371 0.449033 0.803981 0.953793 0.990465
 0.139371 0.449033 0.803981 0.953793 0.990465
 0.139371 0.449033 0.803981 0.953793 0.990465
 0.139371 0.449033 0.803981 0.953793 0.990465
 0.139371 0.449033 0.803981 0.953793 0.990465
 0.139371 0.449033 0.803981 0.953793 0.990465
 0.139371 0.449033 0.803981 0.953793 0.990465
 0.139371 0.449033 0.803981 0.953793 0.990465
 0.139371 0.449033 0.803981 0.953793 0.990465
 0.139371 0.449033 0.803981 0.953793 0.990465
 0.139371 0.449033 0.803981 0.953793 0.990465
 0.139371 0.449033 0.803981 0.953793 0.990465
 0.139371 0.449033 0.803981 0.953793 0.990465
 0.139371 0.449033 0.803981 0.953793 0.990465
 0.139371 0.449033 0.803981 0.953793 0.990465
Scru_pelaces
 0.516592 1 1 1 1
 0.516592 1 1 1 1
 0.516592 1 1 1 1
 0.516592 1 1 1 1
 0.516592 1 1 1 1
 0.516592 1 1 1 1
 0.516592 1 1 1 1
 0.516592 1 1 1 1
 0.516592 1 1 1 1
 0.516592 1 1 1 1
 0.516592 1 1 1 1
 0.516592 1 1 1 1
 0.516592 1 1 1 1
 0.516592 1 1 1 1
 0.516592 1 1 1 1
 0.516592 1 1 1 1
 0.516592 1 1 1 1
 0.516592 1 1 1 1
 0.516592 1 1 1 1
 0.516592 1 1 1 1
 0.516592 1 1 1 1
 0.516592 1 1 1 1
 0.516592 1 1 1 1
 0.516592 1 1 1 1
 0.516592 1 1 1 1
 0.516592 1 1 1 1
 0.516592 1 1 1 1
pf_obs 
 0.256992 0.487395 0.22802 0.0275931 0
 0.321318 0.546541 0.124235 0.00734118 0.000564706
 0.182869 0.594174 0.210203 0.0122559 0.00049798
 0.330522 0.361315 0.267642 0.0388342 0.00168674
 0.649043 0.306663 0.0425973 0.00169635 0
 0.582887 0.30429 0.105238 0.00758474 0
 0.465427 0.430635 0.0974691 0.00646863 0
 0.296916 0.608066 0.0921331 0.00288517 0
 0.311714 0.524322 0.152257 0.0117073 0
 0.15457 0.633149 0.183074 0.0267441 0.00246327
 0.131901 0.49318 0.331252 0.0422183 0.00144891
 0.196976 0.569456 0.194076 0.0375587 0.00193317
 0.518974 0.381816 0.0799577 0.0180837 0.00116848
 0.0928022 0.601141 0.25162 0.0475244 0.00691264
 0.122501 0.610282 0.24278 0.0234846 0.000952079
 0.383417 0.481906 0.127806 0.00687128 0
 0.0376549 0.599619 0.316969 0.0457579 0
 0.0361596 0.667082 0.258105 0.0386534 0
 0.158088 0.579412 0.248529 0.0139706 0
 0.0477256 0.309471 0.559284 0.082774 0.000745712
 0.0406174 0.521527 0.379366 0.0568643 0.0016247
 0.151134 0.462217 0.34131 0.0453401 0
 0.294876 0.26143 0.354403 0.0886775 0.000613685
 0.281977 0.475581 0.204845 0.0348837 0.00271318
 0.0841818 0.532909 0.334909 0.0458182 0.00218182
 0.115287 0.27431 0.454777 0.147771 0.00785563
 0 0 0 0 0
pf_pred 
 0.137653 0.589842 0.241608 0.0308903 6.64532e-06
 0.234065 0.516273 0.170768 0.0699488 0.00894512
 0.0491402 0.771715 0.120752 0.039941 0.0184526
 0.184693 0.420069 0.320774 0.0501922 0.0242721
 0.342283 0.494092 0.0843042 0.0643766 0.0149443
 0.111914 0.750232 0.103559 0.0176697 0.0166252
 0.476484 0.367824 0.131525 0.0181552 0.00601232
 0.238327 0.717587 0.030975 0.0110759 0.00203518
 0.308831 0.59584 0.0898118 0.00387677 0.00164096
 0.289747 0.646011 0.0553815 0.00834773 0.000512856
 0.170007 0.719496 0.100502 0.0086159 0.00137848
 0.232176 0.633373 0.116552 0.0162804 0.001619
 0.243729 0.657665 0.081339 0.0149678 0.00229868
 0.294753 0.641515 0.0554225 0.00685456 0.00145507
 0.31053 0.678921 0.00959619 0.000829044 0.000124301
 0.218458 0.767539 0.0137888 0.000194897 1.93623e-05
 0.204457 0.683953 0.109591 0.00196879 3.05924e-05
 0.369213 0.551985 0.0677483 0.0108554 0.000198047
 0.311434 0.648499 0.0350618 0.00430333 0.000702107
 0.195181 0.715287 0.0843218 0.00455894 0.000650837
 0.281767 0.57159 0.13033 0.015364 0.000949255
 0.233905 0.639457 0.100782 0.0229795 0.00287632
 0.220792 0.624895 0.128805 0.0203002 0.00520809
 0.277338 0.575767 0.117804 0.0242821 0.0048088
 0.0695831 0.787094 0.114189 0.0233637 0.00576947
 0.209857 0.389404 0.339009 0.0491824 0.0125479
 0.114308 0.703174 0.0899499 0.0783089 0.0142593
pobs_RECLAS
 0 0 0 0 0
 0 0 0 0 0
 0 0 0 0 0
 0 0 0 0 0
 0.835266 0.146461 0.0176864 0.000547809 3.91292e-05
 0.385257 0.428462 0.181853 0.0044286 0
 0.867414 0.0963971 0.0333333 0.00285562 0
 0.441836 0.489002 0.0689373 0.000224442 0
 0.779404 0.147425 0.0564933 0.0165055 0.000172143
 0.814271 0.122319 0.05973 0.00367925 0
 0.40263 0.566651 0.0304383 0.000280538 0
 0.475488 0.404961 0.113038 0.00651328 0
 0.955842 0.0263864 0.0167828 0.000988607 0
 0.975058 0.0227948 0.00214734 0 0
 0.738997 0.206755 0.0527124 0.00153531 0
 0.850938 0.134255 0.0134407 0.00136685 0
 0.542534 0.407297 0.0501686 0 0
 0.764087 0.199537 0.0359546 0.000420521 0
 0.470689 0.182191 0.310203 0.0369168 0
 0.84361 0.089868 0.0606195 0.00523954 0.000663233
 0.607945 0.314616 0.071237 0.00620181 0
 0.523733 0.453247 0.0230204 0 0
 0.530135 0.295979 0.169645 0.0042399 0
 0.562478 0.366248 0.0663022 0.0049721 0
 0.250443 0.683176 0.0655157 0.000865301 0
 0.195077 0.31981 0.436473 0.0351445 0.0134964
 0.565238 0.351407 0.0832357 0.000118908 0
ppred_RECLAS
 0.285664 0.387244 0.284005 0.0430772 9.62334e-06
 0.431389 0.296423 0.175552 0.0853077 0.0113287
 0.133573 0.600503 0.168236 0.0660166 0.0316721
 0.336961 0.241237 0.32983 0.0612258 0.0307462
 0.562627 0.26524 0.0810304 0.0734066 0.0176958
 0.27451 0.538974 0.133207 0.0269635 0.0263451
 0.710621 0.16247 0.104018 0.0170337 0.00585781
 0.507799 0.44091 0.0340765 0.0144555 0.00275829
 0.589662 0.318147 0.0858617 0.00439688 0.00193267
 0.555227 0.376068 0.0577242 0.0103222 0.000658541
 0.39906 0.469571 0.11744 0.011944 0.00198442
 0.484064 0.371253 0.12232 0.0202699 0.00209323
 0.532469 0.365975 0.0810424 0.0176921 0.00282154
 0.729981 0.228368 0.035325 0.00518303 0.00114255
 0.73826 0.254535 0.00644162 0.00066021 0.000102793
 0.494629 0.48934 0.01574 0.000263932 2.72288e-05
 0.465739 0.413162 0.118532 0.00252621 4.07632e-05
 0.667388 0.263493 0.0579037 0.0110068 0.00020853
 0.592223 0.366282 0.0354575 0.00516281 0.000874723
 0.423088 0.470329 0.0992723 0.00636738 0.000943961
 0.514455 0.330525 0.134937 0.0188712 0.00121078
 0.459002 0.395339 0.11156 0.0301769 0.00392244
 0.436922 0.386612 0.142681 0.0266775 0.00710735
 0.512615 0.330578 0.121103 0.0296134 0.00609011
 0.172739 0.617831 0.160486 0.0389547 0.00998941
 0.375088 0.215627 0.33611 0.0578481 0.0153263
 0.268911 0.484063 0.110868 0.114505 0.0216521
pobs_PELACES
 0 0 0 0 0
 0 0 0 0 0
 0 0 0 0 0
 0 0 0 0 0
 0 0 0 0 0
 0 0 0 0 0
 0 0 0 0 0
 0 0 0 0 0
 0 0 0 0 0
 0 0 0 0 0
 0.450072 0.473896 0.0757376 0.000293798 0
 0 0 0 0 0
 0.463077 0.371075 0.160297 0.00555027 0
 0.529543 0.364841 0.0842815 0.0213345 0
 0.631943 0.363953 0.00410389 0 0
 0.735681 0.248677 0.0153453 0.000297389 0
 0.695825 0.281241 0.0229344 0 0
 0.275771 0.60734 0.115278 0.00161068 0
 0 0 0 0 0
 0.896147 0.0623911 0.0374545 0.00400742 0
 0.803859 0.145111 0.0509908 3.86294e-05 0
 0.739449 0.233085 0.0266225 0.000797448 4.60066e-05
 0.878498 0.100942 0.0204185 0.000141795 0
 0.694673 0.275183 0.0284847 0.00165964 0
 0.469039 0.446079 0.0841089 0.000773354 0
 0.822795 0.102175 0.0682046 0.00682512 0
 0 0 0 0 0
ppred_PELACES
 0.496055 0.344697 0.141193 0.018052 3.88345e-06
 0.666993 0.224461 0.074245 0.0304118 0.00388909
 0.309055 0.560769 0.0877446 0.0290233 0.0134086
 0.587789 0.212383 0.16218 0.0253767 0.0122717
 0.733775 0.199994 0.0341239 0.0260578 0.00604903
 0.504488 0.418596 0.0577812 0.00985887 0.00927611
 0.876558 0.0867308 0.0310129 0.00428089 0.00141767
 0.726029 0.258113 0.0111416 0.00398397 0.000732046
 0.805338 0.167813 0.0252947 0.00109186 0.000462163
 0.74537 0.231599 0.0198546 0.00299272 0.000183862
 0.658427 0.296099 0.0413604 0.00354576 0.000567294
 0.733888 0.219514 0.0403944 0.00564246 0.00056111
 0.792704 0.180268 0.0222952 0.00410271 0.000630074
 0.945251 0.0498011 0.00430247 0.000532123 0.000112958
 0.939156 0.0599127 0.000846835 7.31607e-05 1.09692e-05
 0.717361 0.277575 0.00498662 7.04832e-05 7.00224e-06
 0.733288 0.2293 0.0367411 0.000660051 1.02563e-05
 0.863586 0.119373 0.0146513 0.00234759 4.28297e-05
 0.777612 0.209448 0.011324 0.00138986 0.000226761
 0.636238 0.323296 0.0381118 0.00206055 0.000294165
 0.706572 0.233518 0.0532452 0.00627683 0.000387811
 0.656941 0.28635 0.0451303 0.0102903 0.00128802
 0.646888 0.283183 0.0583701 0.00919942 0.00236014
 0.717748 0.224879 0.0460112 0.00948391 0.00187819
 0.316081 0.578567 0.0839369 0.0171739 0.00424095
 0.63994 0.177447 0.154483 0.0224119 0.00571795
 0.511149 0.388112 0.0496472 0.0432221 0.00787034
pobs_pel_tallas
 0 0 0 0 0 0 0 0 0 0 0 0 0 0 0 0 0 0 0 0 0 0 0 0 0 0 0 0 0 0 0 0 0 0 0 0
 0 0 0 0 0 0 0 0 0 0 0 0 0 0 0 0 0 0 0 0 0 0 0 0 0 0 0 0 0 0 0 0 0 0 0 0
 0 0 0 0 0 0 0 0 0 0 0 0 0 0 0 0 0 0 0 0 0 0 0 0 0 0 0 0 0 0 0 0 0 0 0 0
 0 0 0 0 0 0 0 0 0 0 0 0 0 0 0 0 0 0 0 0 0 0 0 0 0 0 0 0 0 0 0 0 0 0 0 0
 0 0 0 0 0 0 0 0 0 0 0 0 0 0 0 0 0 0 0 0 0 0 0 0 0 0 0 0 0 0 0 0 0 0 0 0
 0 0 0 0 0 0 0 0 0 0 0 0 0 0 0 0 0 0 0 0 0 0 0 0 0 0 0 0 0 0 0 0 0 0 0 0
 0 0 0 0 0 0 0 0 0 0 0 0 0 0 0 0 0 0 0 0 0 0 0 0 0 0 0 0 0 0 0 0 0 0 0 0
 0 0 0 0 0 0 0 0 0 0 0 0 0 0 0 0 0 0 0 0 0 0 0 0 0 0 0 0 0 0 0 0 0 0 0 0
 0 0 0 0 0 0 0 0 0 0 0 0 0 0 0 0 0 0 0 0 0 0 0 0 0 0 0 0 0 0 0 0 0 0 0 0
 0 0 0 0 0 0 0 0 0 0 0 0 0 0 0 0 0 0 0 0 0 0 0 0 0 0 0 0 0 0 0 0 0 0 0 0
 0 0 0 0 0 0 0 0 1.78061e-05 0.00172719 0.00360574 0.0105946 0.0120993 0.0124554 0.0147524 0.0171206 0.0266825 0.0428682 0.0675386 0.121331 0.153587 0.119568 0.100827 0.0573624 0.0630603 0.0341343 0.0324427 0.0444173 0.0211091 0.0280891 0.0125444 0.00206551 0 0 0 0
 0 0 0 0 0 0 0 0 0 0 0 0 0 0 0 0 0 0 0 0 0 0 0 0 0 0 0 0 0 0 0 0 0 0 0 0
 0 0 0 0 0 0 0.0133647 0.0140871 0.0187388 0.0205184 0.03894 0.0496705 0.03968 0.0493445 0.0407372 0.0367815 0.0215668 0.0243155 0.0234873 0.0199281 0.019796 0.0243948 0.0301388 0.0376714 0.0412746 0.0863199 0.0771752 0.113111 0.0741005 0.0525337 0.0229764 0.00759418 0.00175318 0 0 0
 0 0 0 0 0 0 0 0 0 0 0.00219441 0.00772107 0.0458388 0.0604681 0.0671733 0.0775358 0.0609151 0.0617685 0.073594 0.0568108 0.0755445 0.0548602 0.0670107 0.0636378 0.0643287 0.046367 0.0373049 0.0286899 0.0247887 0.0153202 0.00654259 0.00121912 0.000365735 0 0 0
 0 0 0 0 0 0 0 0 0 0 0 0 0.000112435 0.00938835 0.0111873 0.0202946 0.0414886 0.0713402 0.111592 0.104902 0.108894 0.110636 0.117776 0.105296 0.107544 0.0401394 0.0192827 0.0124803 0.00416011 0.0028671 0.000618394 0 0 0 0 0
 0 0 0 0 0 0 0 0 0 0 0.00291406 0.0102884 0.027416 0.0768956 0.0749926 0.110853 0.0956884 0.0897413 0.0766577 0.0534642 0.0500743 0.0551293 0.0594112 0.0620874 0.0668451 0.0424026 0.0208742 0.0120726 0.0048766 0.00582813 0.00118941 0.000297354 0 0 0 0
 0 0.00264628 0.0354308 0.0461629 0.0458689 0.0383711 0.0214643 0.0164657 0.0346957 0.0420465 0.0363128 0.0245516 0.0311673 0.0291091 0.0169068 0.0133784 0.00837989 0.0085269 0.0148486 0.0160247 0.0276389 0.0546898 0.0760071 0.122758 0.109233 0.0665981 0.0333725 0.0166128 0.00676272 0.00308733 0.000882094 0 0 0 0 0
 0 0 0 0 0 0 0 0.000805153 0.000690131 0.00759144 0.0133425 0.0154129 0.00931677 0.000345066 0.00356568 0.00563607 0.00851162 0.0253048 0.0502646 0.0516448 0.0657925 0.0565908 0.0611916 0.0827007 0.0866115 0.110766 0.145733 0.0935128 0.0569358 0.0249597 0.0138026 0.00621118 0.00161031 0.00115022 0 0
 0 0 0 0 0 0 0 0 0 0 0 0 0 0 0 0 0 0 0 0 0 0 0 0 0 0 0 0 0 0 0 0 0 0 0 0
 0.00147267 0.00158595 0.00478618 0.00569244 0.00954404 0.0108468 0.00647125 0.017049 0.0510054 0.094081 0.124002 0.0959785 0.0687766 0.0820023 0.061753 0.0591476 0.0492212 0.0479892 0.0443925 0.0268479 0.0217502 0.0140895 0.0121071 0.0120363 0.00920419 0.00665534 0.0049561 0.00860946 0.00930331 0.0156896 0.0114698 0.00855282 0.00243557 0.00046729 0 2.83206e-05
 0 0 0 0 0.000772559 0.00158375 0.000888443 0.00281984 0.00712685 0.0440552 0.0773331 0.111326 0.0921469 0.0852325 0.0710754 0.0886704 0.0786465 0.0553345 0.0373146 0.0185414 0.00753245 0.00457741 0.012979 0.0271748 0.0457355 0.0583668 0.034881 0.0177882 0.00938659 0.00492506 0.0015258 0.00185414 0.000309023 5.79419e-05 3.86279e-05 0
 0 0.00173294 0.00326652 0 0.00397197 0.00683976 0.00946217 0.0152591 0.00757587 0.0136028 0.0228656 0.0392903 0.0559909 0.0764795 0.0681675 0.0726916 0.0566044 0.0477403 0.0527397 0.0444891 0.0609904 0.0582453 0.0661739 0.0445044 0.0529084 0.0360697 0.0280645 0.0235558 0.0158879 0.00826598 0.00280645 0.00217768 0.000904811 0.00058276 9.20147e-05 0
 0 0 0 0 0 0 0 0 0 0 0 0 0 0 0 0 0 0 0 0 0 0 0 0 0 0 0 0 0 0 0 0 0 0 0 0
 0 0 0 0 0 0 0 0 0 0 0 0 0 0 0 0 0 0 0 0 0 0 0 0 0 0 0 0 0 0 0 0 0 0 0 0
 0 0 0 0 0 0 0 0 0 0 0 0 0 0 0 0 0 0 0 0 0 0 0 0 0 0 0 0 0 0 0 0 0 0 0 0
 0 0 0 0 0 0 0 0 0 0 0 0 0 0 0 0 0 0 0 0 0 0 0 0 0 0 0 0 0 0 0 0 0 0 0 0
 0 0 0 0 0 0 0 0 0 0 0 0 0 0 0 0 0 0 0 0 0 0 0 0 0 0 0 0 0 0 0 0 0 0 0 0
ppred_pel_tallas
 1.02738e-16 2.16572e-05 0.000127076 0.000603989 0.00232527 0.00725103 0.0183158 0.0374784 0.0621319 0.0834633 0.0908824 0.0803022 0.057783 0.0343287 0.0177952 0.00977741 0.00802594 0.00984435 0.0135477 0.0183049 0.0236048 0.0289446 0.0337679 0.0375346 0.039829 0.0404487 0.0394396 0.0370658 0.0337279 0.0298616 0.0258487 0.0219664 0.0183776 0.0151523 0.0123031 0.00981719
 1.02354e-16 2.91059e-05 0.000170818 0.000811968 0.00312608 0.00974836 0.0246237 0.0503839 0.0835192 0.112171 0.122082 0.107728 0.0772079 0.0452469 0.0223109 0.0104297 0.00646281 0.00669763 0.00884771 0.0118768 0.0153003 0.0187569 0.0218815 0.0243266 0.0258285 0.0262623 0.0256641 0.0242093 0.0221583 0.019789 0.0173393 0.014975 0.012786 0.0108024 0.00902063 0.00742622
 1.03052e-16 1.35118e-05 7.92353e-05 0.000376506 0.00144933 0.0045194 0.0114162 0.023363 0.0387415 0.0520737 0.0567847 0.0503695 0.0366698 0.0226392 0.0133016 0.00980235 0.0108871 0.0149754 0.0210168 0.0283436 0.0363157 0.0441475 0.0509422 0.0558463 0.058239 0.0578763 0.054943 0.0499895 0.0437821 0.0371175 0.0306635 0.0248663 0.0199352 0.0158881 0.0126251 0.0100006
 1.03817e-16 2.56519e-05 0.00015054 0.000715569 0.00275493 0.00859093 0.0217001 0.044402 0.073604 0.0988565 0.107598 0.0949615 0.0680919 0.0399729 0.0198404 0.00949953 0.00620361 0.00670375 0.00900755 0.0122201 0.0159237 0.0197968 0.0234985 0.0266872 0.0290788 0.0304995 0.0309099 0.0303922 0.0291111 0.0272625 0.0250306 0.0225645 0.0199758 0.0173489 0.0147559 0.0122654
 1.01728e-16 3.20168e-05 0.00018791 0.000893231 0.00343898 0.0107241 0.0270883 0.0554265 0.0918766 0.12339 0.13428 0.118462 0.0848356 0.0495847 0.0242023 0.0108958 0.00618346 0.00595805 0.00769336 0.0102578 0.0131508 0.0160311 0.0185701 0.0204632 0.0214875 0.0215514 0.0207123 0.0191545 0.0171368 0.0149276 0.0127508 0.0107539 0.00900499 0.00750963 0.0062374 0.00514663
 1.01729e-16 2.20278e-05 0.000129245 0.000614287 0.0023649 0.00737459 0.018628 0.0381177 0.0631934 0.0848944 0.0924543 0.0817233 0.0588753 0.0351167 0.0184562 0.0105363 0.00908541 0.0113639 0.0156377 0.0210101 0.0268775 0.0326208 0.0375626 0.0410651 0.0426676 0.0421949 0.0397959 0.035895 0.03108 0.0259611 0.0210497 0.0166874 0.0130337 0.0100986 0.00779897 0.00601359
 1.00682e-16 3.82382e-05 0.000224445 0.00106695 0.00410787 0.0128101 0.0323571 0.066206 0.10974 0.147367 0.160337 0.141361 0.101044 0.0586734 0.0279205 0.0113533 0.00474486 0.00314086 0.00351869 0.00458643 0.00588123 0.00719745 0.00838074 0.00929399 0.00983424 0.00995318 0.0096658 0.00904205 0.00818599 0.0072095 0.00620956 0.00525514 0.00438496 0.00361321 0.00293909 0.00235547
 1.00414e-16 3.16814e-05 0.000185935 0.000883833 0.00340277 0.0106112 0.0268031 0.0548435 0.0909117 0.1221 0.132889 0.117266 0.0840471 0.0492608 0.0242987 0.0113667 0.00703952 0.00726281 0.00952675 0.0126741 0.0161415 0.0194985 0.0223172 0.0242058 0.0248893 0.024275 0.0224762 0.0197798 0.0165736 0.0132562 0.0101583 0.00749694 0.00536604 0.00375852 0.00260278 0.00180011
 1.00473e-16 3.5136e-05 0.000206225 0.000980311 0.00377427 0.0117697 0.0297294 0.06083 0.100832 0.135412 0.14735 0.129961 0.0930027 0.0542209 0.0262084 0.0113623 0.00583507 0.00509843 0.00637266 0.00842977 0.0107594 0.0130494 0.0150153 0.0163985 0.0170133 0.0167888 0.0157847 0.0141724 0.0121896 0.0100843 0.00806543 0.00627431 0.00477878 0.00358597 0.00266415 0.00196461
 1.00469e-16 3.25237e-05 0.000190883 0.000907358 0.00349336 0.0108937 0.0275167 0.0563032 0.0933305 0.125345 0.136414 0.120358 0.0862236 0.0504565 0.02474 0.0113252 0.00668272 0.00664218 0.00862914 0.0114722 0.0146264 0.0176968 0.0202979 0.0220761 0.0227808 0.0223232 0.0207972 0.018452 0.0156279 0.0126766 0.00989178 0.0074683 0.00549445 0.00397042 0.00284016 0.00202355
 1.00832e-16 2.87353e-05 0.000168635 0.000801577 0.00308605 0.00962352 0.0243084 0.0497394 0.0824528 0.110745 0.120546 0.106411 0.0763482 0.0449117 0.0224577 0.0110171 0.00751381 0.00829412 0.011088 0.0148255 0.0189442 0.0229725 0.0264237 0.0288441 0.0299075 0.0294903 0.0277003 0.0248418 0.0213361 0.0176216 0.0140676 0.0109225 0.00830439 0.00622363 0.00462185 0.00341088
 1.00866e-16 3.20226e-05 0.000187942 0.000893379 0.00343954 0.0107259 0.0270927 0.0554358 0.0918924 0.123413 0.13431 0.118498 0.0848845 0.0496592 0.0243241 0.0110944 0.00649482 0.0064211 0.00834376 0.011119 0.0142235 0.0172843 0.0199367 0.0218426 0.0227562 0.0225795 0.0213835 0.0193832 0.0168805 0.0141912 0.0115825 0.00923622 0.00724169 0.0056124 0.00431378 0.00329062
 1.00546e-16 3.45856e-05 0.000202993 0.000964941 0.00371509 0.0115852 0.0292632 0.0598763 0.0992515 0.133291 0.145046 0.127937 0.0915725 0.0534241 0.0258925 0.0113435 0.00599614 0.00539736 0.00681067 0.00902057 0.0115105 0.0139525 0.016043 0.0175055 0.0181421 0.0178793 0.016784 0.0150428 0.0129131 0.0106621 0.00851398 0.00661854 0.00504573 0.00379964 0.00284265 0.00211947
 1.00102e-16 4.1232e-05 0.000242025 0.00115053 0.00442971 0.0138137 0.0348921 0.0713926 0.118336 0.158906 0.17288 0.152393 0.108871 0.0630993 0.0298028 0.011728 0.00429395 0.0021397 0.00199903 0.00249036 0.00314828 0.00380576 0.00436475 0.00474708 0.00489859 0.00480012 0.00447189 0.0039675 0.00336012 0.00272538 0.00212644 0.00160524 0.00118077 0.00085308 0.000610109 0.000434624
 1.00035e-16 4.09667e-05 0.000240466 0.00114312 0.00440116 0.0137247 0.0346673 0.0709326 0.117574 0.157884 0.17177 0.15142 0.108188 0.0627283 0.0296738 0.0117579 0.00443279 0.00237438 0.00233648 0.00294077 0.00371406 0.00447529 0.00511007 0.00552548 0.00565806 0.00548754 0.00504191 0.00438988 0.0036237 0.00283786 0.00211067 0.00149318 0.00100713 0.000649935 0.000403366 0.000242522
 1.00165e-16 3.13042e-05 0.000183719 0.000873292 0.00336218 0.0104846 0.0264834 0.0541895 0.0898282 0.120646 0.131312 0.115886 0.0830849 0.0487499 0.0241448 0.0114583 0.00731427 0.00771119 0.0101669 0.0135254 0.0172064 0.0207514 0.0237004 0.0256328 0.0262552 0.0254733 0.0234162 0.0204012 0.0168551 0.0132153 0.0098442 0.0069787 0.00471993 0.00305663 0.00190522 0.00115115
 1.0062e-16 3.19968e-05 0.000187789 0.000892653 0.00343674 0.0107171 0.0270707 0.0553908 0.0918181 0.123314 0.134204 0.11841 0.0848326 0.0496514 0.024362 0.0111816 0.0066407 0.00664003 0.0086503 0.0115222 0.0147214 0.0178598 0.0205556 0.022456 0.0233064 0.0230087 0.0216435 0.0194435 0.0167328 0.0138497 0.0110801 0.00861808 0.00655772 0.00491055 0.00363496 0.0026658
 1.0033e-16 3.76739e-05 0.000221129 0.00105118 0.00404713 0.0126207 0.0318787 0.0652274 0.108119 0.145193 0.157979 0.1393 0.0996098 0.057919 0.0277081 0.01152 0.00520194 0.00387894 0.00456854 0.00597824 0.00761562 0.00922787 0.0106073 0.0115698 0.0119842 0.011802 0.0110678 0.00990565 0.0084866 0.00698824 0.0055596 0.00430047 0.00325751 0.00243356 0.00180358 0.0013306
 1.00288e-16 3.39287e-05 0.000199133 0.000946587 0.00364441 0.0113647 0.0287065 0.0587375 0.0973646 0.13076 0.142299 0.125531 0.0898889 0.0525186 0.0255966 0.0114565 0.00640116 0.00606903 0.00777239 0.010301 0.0131144 0.0158431 0.0181362 0.0196745 0.0202339 0.0197382 0.0182783 0.0160861 0.013476 0.0107715 0.00824193 0.00606464 0.00431777 0.00299737 0.00204696 0.00138753
 1.00731e-16 2.77688e-05 0.000162959 0.000774585 0.00298212 0.00929939 0.0234897 0.0480645 0.0796774 0.10702 0.116501 0.102861 0.0738461 0.0435306 0.0219351 0.0110379 0.00788165 0.00894562 0.012035 0.0160985 0.0205565 0.0249014 0.0286025 0.0311658 0.0322375 0.0316876 0.0296399 0.0264342 0.0225381 0.0184369 0.0145382 0.0111149 0.00829463 0.00608457 0.00441479 0.00318176
 1.01066e-16 3.08321e-05 0.000180951 0.000860141 0.00331156 0.0103268 0.0260847 0.0533732 0.0884742 0.118825 0.129322 0.114111 0.0817712 0.0478974 0.0235725 0.0109404 0.00666646 0.00680822 0.00893334 0.0119342 0.0152895 0.0186117 0.0215146 0.0236371 0.0247139 0.0246346 0.0234662 0.0214285 0.0188335 0.0160101 0.0132384 0.0107114 0.00852761 0.00670795 0.00522432 0.0040273
 1.01148e-16 2.867e-05 0.000168253 0.000799764 0.00307907 0.00960176 0.0242534 0.0496268 0.0822659 0.110493 0.12027 0.106163 0.0761603 0.0447813 0.0223559 0.0109074 0.00736399 0.00807928 0.0107905 0.0144368 0.0184677 0.0224279 0.0258475 0.0282882 0.0294322 0.0291558 0.0275562 0.024919 0.0216418 0.0181391 0.0147596 0.0117386 0.00918842 0.00712119 0.00548599 0.00420551
 1.01348e-16 2.82316e-05 0.000165679 0.000787527 0.00303196 0.00945484 0.0238823 0.0488675 0.0810073 0.108803 0.118431 0.104541 0.0750005 0.0441068 0.0220335 0.0107747 0.00730828 0.00804653 0.0107644 0.0144202 0.0184739 0.0224775 0.0259672 0.0285071 0.029778 0.0296493 0.0282063 0.0257194 0.0225699 0.0191583 0.0158239 0.0127986 0.0101978 0.00804198 0.00629203 0.00488355
 1.01141e-16 3.1319e-05 0.000183811 0.000873738 0.00336392 0.01049 0.0264971 0.054217 0.0898724 0.120702 0.131361 0.115903 0.0830395 0.0486079 0.0238619 0.0109732 0.00654844 0.00657849 0.00859155 0.0114669 0.0146858 0.0178716 0.0206521 0.0226813 0.0237055 0.0236208 0.0224945 0.0205403 0.0180597 0.0153693 0.0127369 0.0103452 0.00828486 0.00657163 0.00517453 0.00404314
 1.02169e-16 1.38189e-05 8.10368e-05 0.000385067 0.00148228 0.00462216 0.0116758 0.0238942 0.0396226 0.0532582 0.0580771 0.0515176 0.0375092 0.0231643 0.0136219 0.0100536 0.011176 0.0153708 0.0215588 0.0290496 0.0371777 0.0451271 0.0519678 0.0568174 0.0590374 0.0583828 0.0550568 0.0496442 0.0429562 0.0358369 0.0289958 0.022909 0.017802 0.0136945 0.0104765 0.00798398
 1.03289e-16 2.79246e-05 0.000163886 0.000779022 0.00299925 0.00935285 0.0236246 0.0483394 0.0801292 0.107615 0.117117 0.103331 0.074023 0.0433129 0.0212342 0.00972602 0.0057712 0.0058121 0.0076736 0.0103978 0.0135735 0.0169185 0.0201451 0.0229638 0.0251299 0.0264864 0.026986 0.0266816 0.0256965 0.0241835 0.0222917 0.0201476 0.017853 0.0154924 0.0131425 0.0108773
 1.02685e-16 2.23169e-05 0.000130945 0.000622378 0.00239606 0.00747177 0.0188734 0.0386196 0.0640245 0.0860078 0.0936586 0.0827681 0.0595853 0.0354546 0.0184777 0.0103043 0.00861907 0.0106385 0.014609 0.0196424 0.025166 0.0306079 0.0353454 0.0387911 0.0405189 0.0403626 0.0384504 0.0351607 0.0310172 0.0265616 0.0222433 0.0183573 0.0150359 0.0122816 0.0100206 0.00815302
pSPR Fmed_Fpbrs
0.467826   0.6 0.325
Fs Fmed_Fpbrs
0.64   0.372271 1.21685
SSBpbr Bo_Bmed_Bpbrs
552520  230857  303886 151943
Ro
24343
SPR SPRFo_SPRFmed_SPRFpbrs
502786 235216 163405
log_Ro
9.92
likeval ReclasPelacesDesembMPH_pf_preclas_ppelaces_ptallas_desvR_qrecl_qpela
 92.8274 29.8645 0.133194 38.7249 365.523 220.189 61.4536 0 23.4774 9.19961e-05 0.000220638 1.5699e-15 0 0 0
q_reclas_q_pelaces
3.89288 8.2752
M
0.7
N
 26527.2 14197.6 5815.52 743.534 0.159954
 42901.6 12471.4 4125.16 1689.72 216.083
 7786.92 19855.1 3106.77 1027.62 474.758
 11650 3371.35 2574.44 402.828 194.801
 35122.7 5447.85 929.536 709.815 164.776
 16572.2 17211.6 2375.82 405.372 381.41
 62486.4 7289.66 2606.61 359.805 119.154
 57513.1 27712.1 1196.21 427.736 78.5957
 76496.5 25024.1 3771.92 162.817 68.9172
 103099 32620.3 2796.48 421.518 25.8967
 64358.3 46651.2 6516.44 558.644 89.3786
 59682.7 27345.1 5031.98 702.889 69.8983
 48476.7 25536.2 3158.28 581.178 89.2546
 29381.1 19598.7 1693.19 209.411 44.4534
 14765.3 9412.01 133.034 11.4932 1.72321
 8303.04 4885.87 87.7744 1.24065 0.123253
 5757.03 3556.11 569.799 10.2364 0.15906
 8564.97 2378.88 291.973 46.7831 0.853516
 11295.2 3530.9 190.902 23.4304 3.82278
 9614.83 5020.13 591.799 31.9962 4.5678
 17221.7 4345.22 990.766 116.797 7.21623
 23380.4 8106.38 1277.61 291.311 36.463
 29685 10943.5 2255.7 355.51 91.2071
 49922 13786.3 2820.74 581.417 115.143
 16276.1 23040.4 3342.64 683.919 168.888
 30728.2 7647.73 6657.99 965.923 246.436
 14814.7 14146.7 1809.65 1575.45 286.875
pred_Ctot
 1019.33 4367.82 1789.12 228.745 0.049209
 2107.34 4648.13 1537.46 629.765 80.535
 723.318 11359.2 1777.4 587.91 271.612
 490.294 1115.14 851.543 133.243 64.434
 333.067 480.79 82.0344 62.6433 14.542
 1370.7 9188.66 1268.36 216.414 203.622
 4836.23 3733.35 1334.96 184.272 61.024
 5160.23 15537.1 670.668 239.815 44.0656
 7840.86 15127.7 2280.22 98.4268 41.6621
 6619.5 14758.6 1265.23 190.71 11.7166
 6742.82 28536.6 3986.12 341.723 54.673
 5990.91 16343.1 3007.42 420.089 41.7755
 6556.69 17692.2 2188.15 402.657 61.8381
 7689.8 16736.4 1445.91 178.828 37.9613
 3626.21 7928.08 112.059 9.68115 1.45152
 828.267 2910.07 52.2792 0.738939 0.0734108
 702.521 2350.09 376.558 6.76484 0.105117
 1057.39 1580.84 194.025 31.0888 0.567188
 858.302 1787.25 96.6293 11.8599 1.93499
 625.207 2291.21 270.1 14.6032 2.08477
 647.437 1313.38 299.468 35.3029 2.18117
 968.995 2649.07 417.507 95.197 11.9157
 1388.16 3928.83 809.817 127.631 32.7442
 2545.31 5284.19 1081.17 222.853 44.1335
 631.649 7144.94 1036.57 212.086 52.373
 1618.18 3002.64 2614.05 379.24 96.7554
 1231.55 7575.94 969.113 843.694 153.629
F
 0.0547335 0.535966 0.535966 0.535966 0.535966
 0.0704488 0.689854 0.689854 0.689854 0.689854
 0.137131 1.34283 1.34283 1.34283 1.34283
 0.0600864 0.588383 0.588383 0.588383 0.588383
 0.0132636 0.129881 0.129881 0.129881 0.129881
 0.121272 1.18753 1.18753 1.18753 1.18753
 0.113079 1.1073 1.1073 1.1073 1.1073
 0.132174 1.29429 1.29429 1.29429 1.29429
 0.152311 1.49148 1.49148 1.49148 1.49148
 0.0929921 0.910606 0.910606 0.910606 0.910606
 0.155927 1.52688 1.52688 1.52688 1.52688
 0.148945 1.45851 1.45851 1.45851 1.45851
 0.205619 2.01348 2.01348 2.01348 2.01348
 0.438367 4.29262 4.29262 4.29262 4.29262
 0.405929 3.97497 3.97497 3.97497 3.97497
 0.147955 1.44882 1.44882 1.44882 1.44882
 0.183794 1.79976 1.79976 1.79976 1.79976
 0.186129 1.82263 1.82263 1.82263 1.82263
 0.110918 1.08614 1.08614 1.08614 1.08614
 0.0942306 0.922733 0.922733 0.922733 0.922733
 0.0535204 0.524087 0.524087 0.524087 0.524087
 0.0591477 0.579192 0.579192 0.579192 0.579192
 0.0669658 0.655748 0.655748 0.655748 0.655748
 0.0732125 0.716917 0.716917 0.716917 0.716917
 0.0552916 0.541431 0.541431 0.541431 0.541431
 0.0757002 0.741278 0.741278 0.741278 0.741278
 0.121922 1.19389 1.19389 1.19389 1.19389
Np
 15468.4 7394.82 2228.71 728.563 125.093
YTP_r0W_actual
 3266.14 69781.1 12976.3 14427 2915.28
YTP_p0W_proyectada
 3410.26 32123.1 15265.4 2493.79 2771.83
 3410.26 36476.3 15981.3 6671.76 1271.22
CTP_r0_actual
 398.309 3230.61 413.259 359.777 65.512
CTP_p0_proyectada
 415.885 1487.18 486.158 62.1893 62.2884
 415.885 1688.72 508.959 166.378 28.5668
Wmedp
 8.2 21.6 31.4 40.1 44.5
nmprior
 10.8 10.6 4.6 0
nm_flota  nm_reclas  nm_pelaces    nm_pelaL
inf 16.6213 8.83196 21.1096
cv_recla  cv_pelaces  cv_mph
0.695325 0.299322 0.498944
 ------------------------------------------------
Talla a la edad & desviaci?n 
 7.2 14.2025 17.0495 18.207 18.6776
 1.08 2.13037 2.55742 2.73105 2.80164
