years
 1997 1998 1999 2000 2001 2002 2003 2004 2005 2006 2007 2008 2009 2010 2011 2012 2013 2014 2015 2016 2017 2018 2019 2020 2021 2022 2023
reclasobs
 0 0 0 370054 412103 1.49427e+06 250295 1.28982e+06 931140 785840 897777 1.04006e+06 184774 17550 25797 100020 73551 82996 120727 218422 84188 347160 605670 569463 516374 1.08416e+06 1.01767e+06
reclaspred
 9.45264e+06 1.66995e+06 1.98181e+06 313729 247691 377412 641772 623410 642557 836310 874243 677192 432847 124255 75779.7 88883.6 68793.5 77408.9 121237 166769 219203 258879 446166 501977 839088 701630 356870
pelacesobs
 0 0 0 0 0 0 0 0 0 2.06254e+06 1.5e+06 0 1.87456e+06 323000 250000 174000 83755 137374 0 501740 490994 745055 786931 1.00524e+06 1.33801e+06 1.41789e+06 0
pelacespred
 1.64467e+07 7.71369e+06 1.60586e+06 577790 745485 636561 2.10619e+06 1.79286e+06 1.71905e+06 2.43195e+06 1.90066e+06 1.63958e+06 1.04079e+06 280080 180117 182220 140858 183246 270337 325413 582615 616783 776606 1.11559e+06 1.67899e+06 1.33007e+06 507050
mphobs
 0 0 0 0 0 0 112323 0 153150 637223 0 255016 313432 73983 77613 109348 50772 17779 17303 59886 28197 0 207744 136588 643089 65757 70829
mphpred
 1.53123e+06 632400 243487 73988.4 45536.4 161690 170320 323431 283651 320356 400838 277670 203881 132096 63516.5 53841.3 33506.7 37444.4 36135.6 41947.5 49761.8 76530.4 91325.7 124154 193518 127989 117228
desembarqueobs
 350755 77701 442110 56441 14545 235359 269955 359681 431902 328805 639364 411747 362871 311530 167758 66681 60226 58785 57116 73181 50977 67692 138656 160484 209506 203330 245020
desembarquepred
 350745 77677.2 441476 56399 14540.9 235180 269840 358848 431170 328525 637881 410724 362162 311240 167109 66647.5 60196.5 58588.9 56972.3 73080.6 50965.7 67571.7 138561 160362 209313 202901 244627
Reclutas
 5785.81 8320.39 978.958 3443.63 40305.2 9683.75 63982.3 53353.2 64951.4 103669 63533 63307.8 49288.7 29544.5 12994.1 7824.95 5893.89 8114.06 10100.7 6667.85 15861.8 19128 23895.9 48505 9873.37 33393.6 992.905
log_desv_Rt
 -1.01684 -0.653536 -2.79351 -1.53572 0.924236 -0.501795 1.38636 1.20469 1.40139 1.86896 1.37931 1.37576 1.12545 0.613654 -0.207753 -0.714927 -0.998329 -0.678646 -0.459638 -0.874947 -0.00832914 0.178908 0.401464 1.10942 -0.482404 0.736118 -2.77937
SSB
 1.78213e+06 736022 283384 86111.9 52997.8 188184 188381 368655 314876 360118 466518 323168 250402 111145 57677.4 48230.3 34284.7 34802.1 51377 65168.9 69754.4 102950 128807 161657 290140 209602 173252
BT
 2.19618e+06 872414 399438 131909 246966 288353 1.00622e+06 882833 948398 1.04486e+06 1.06947e+06 851594 662318 380357 198575 101450 90202.3 108277 115746 124182 200175 179646 247015 412697 424048 448239 256753
Ftot
 0.140376 0.269043 1.25107 1.09133 0.33133 1.41468 1.90481 1.57378 2.0358 1.27856 1.89292 1.82138 2.29521 4.95303 4.44282 1.76247 2.31277 2.24803 1.28867 1.18523 0.839747 0.788764 0.951221 1.09484 0.673917 1.21295 1.65693
BD_Bspro_t
 0.978027 0.836964 0.569556 0.182475 0.221987 0.546561 0.365499 0.46278 0.372733 0.366373 0.388343 0.253863 0.208578 0.11244 0.0702118 0.0726985 0.0738021 0.105539 0.186147 0.26969 0.30938 0.460926 0.473211 0.45611 0.529011 0.372225 0.325047
BD_Bspro
 5.3946 2.22798 0.85782 0.260665 0.160427 0.569643 0.57024 1.11594 0.953148 1.0901 1.41218 0.978246 0.757982 0.336443 0.174593 0.145996 0.103782 0.105348 0.155521 0.19727 0.21115 0.311635 0.389906 0.489344 0.87827 0.634477 0.524442
BD_Bo
 2.93961 1.21406 0.467441 0.142041 0.0874195 0.310408 0.310733 0.608094 0.519386 0.594013 0.769518 0.533063 0.413037 0.183333 0.0951385 0.0795554 0.0565524 0.0574058 0.084746 0.107496 0.115059 0.169815 0.212466 0.266652 0.478584 0.345737 0.285777
BD_Brms
 5.34474 2.20739 0.849892 0.258256 0.158945 0.564378 0.564969 1.10562 0.944339 1.08002 1.39912 0.969205 0.750976 0.333333 0.172979 0.144646 0.102823 0.104374 0.154084 0.195447 0.209199 0.308755 0.386303 0.484821 0.870153 0.628613 0.519595
S_f
 0.0801176 1 1 1 1
 0.0801176 1 1 1 1
 0.0801176 1 1 1 1
 0.0801176 1 1 1 1
 0.0801176 1 1 1 1
 0.0801176 1 1 1 1
 0.0801176 1 1 1 1
 0.0801176 1 1 1 1
 0.0801176 1 1 1 1
 0.0801176 1 1 1 1
 0.0801176 1 1 1 1
 0.0801176 1 1 1 1
 0.0801176 1 1 1 1
 0.0801176 1 1 1 1
 0.0801176 1 1 1 1
 0.0801176 1 1 1 1
 0.0801176 1 1 1 1
 0.0801176 1 1 1 1
 0.0801176 1 1 1 1
 0.0801176 1 1 1 1
 0.0801176 1 1 1 1
 0.0801176 1 1 1 1
 0.0801176 1 1 1 1
 0.0801176 1 1 1 1
 0.0801176 1 1 1 1
 0.0801176 1 1 1 1
 0.0801176 1 1 1 1
Scru_reclas
 0.0783781 0.305439 0.694561 0.921622 0.98382
 0.0783781 0.305439 0.694561 0.921622 0.98382
 0.0783781 0.305439 0.694561 0.921622 0.98382
 0.0783781 0.305439 0.694561 0.921622 0.98382
 0.0783781 0.305439 0.694561 0.921622 0.98382
 0.0783781 0.305439 0.694561 0.921622 0.98382
 0.0783781 0.305439 0.694561 0.921622 0.98382
 0.0783781 0.305439 0.694561 0.921622 0.98382
 0.0783781 0.305439 0.694561 0.921622 0.98382
 0.0783781 0.305439 0.694561 0.921622 0.98382
 0.0783781 0.305439 0.694561 0.921622 0.98382
 0.0783781 0.305439 0.694561 0.921622 0.98382
 0.0783781 0.305439 0.694561 0.921622 0.98382
 0.0783781 0.305439 0.694561 0.921622 0.98382
 0.0783781 0.305439 0.694561 0.921622 0.98382
 0.0783781 0.305439 0.694561 0.921622 0.98382
 0.0783781 0.305439 0.694561 0.921622 0.98382
 0.0783781 0.305439 0.694561 0.921622 0.98382
 0.0783781 0.305439 0.694561 0.921622 0.98382
 0.0783781 0.305439 0.694561 0.921622 0.98382
 0.0783781 0.305439 0.694561 0.921622 0.98382
 0.0783781 0.305439 0.694561 0.921622 0.98382
 0.0783781 0.305439 0.694561 0.921622 0.98382
 0.0783781 0.305439 0.694561 0.921622 0.98382
 0.0783781 0.305439 0.694561 0.921622 0.98382
 0.0783781 0.305439 0.694561 0.921622 0.98382
 0.0783781 0.305439 0.694561 0.921622 0.98382
Scru_pelaces
 0.193241 0.546591 0.858501 0.96829 0.993535
 0.193241 0.546591 0.858501 0.96829 0.993535
 0.193241 0.546591 0.858501 0.96829 0.993535
 0.193241 0.546591 0.858501 0.96829 0.993535
 0.193241 0.546591 0.858501 0.96829 0.993535
 0.193241 0.546591 0.858501 0.96829 0.993535
 0.193241 0.546591 0.858501 0.96829 0.993535
 0.193241 0.546591 0.858501 0.96829 0.993535
 0.193241 0.546591 0.858501 0.96829 0.993535
 0.193241 0.546591 0.858501 0.96829 0.993535
 0.193241 0.546591 0.858501 0.96829 0.993535
 0.193241 0.546591 0.858501 0.96829 0.993535
 0.193241 0.546591 0.858501 0.96829 0.993535
 0.193241 0.546591 0.858501 0.96829 0.993535
 0.193241 0.546591 0.858501 0.96829 0.993535
 0.193241 0.546591 0.858501 0.96829 0.993535
 0.193241 0.546591 0.858501 0.96829 0.993535
 0.193241 0.546591 0.858501 0.96829 0.993535
 0.193241 0.546591 0.858501 0.96829 0.993535
 0.193241 0.546591 0.858501 0.96829 0.993535
 0.193241 0.546591 0.858501 0.96829 0.993535
 0.193241 0.546591 0.858501 0.96829 0.993535
 0.193241 0.546591 0.858501 0.96829 0.993535
 0.193241 0.546591 0.858501 0.96829 0.993535
 0.193241 0.546591 0.858501 0.96829 0.993535
 0.193241 0.546591 0.858501 0.96829 0.993535
 0.193241 0.546591 0.858501 0.96829 0.993535
pf_obs 
 0.256992 0.487395 0.22802 0.0275931 0
 0.321318 0.546541 0.124235 0.00734118 0.000564706
 0.182869 0.594174 0.210203 0.0122559 0.00049798
 0.330522 0.361315 0.267642 0.0388342 0.00168674
 0.649043 0.306663 0.0425973 0.00169635 0
 0.582887 0.30429 0.105238 0.00758474 0
 0.465427 0.430635 0.0974691 0.00646863 0
 0.296916 0.608066 0.0921331 0.00288517 0
 0.311714 0.524322 0.152257 0.0117073 0
 0.15457 0.633149 0.183074 0.0267441 0.00246327
 0.131901 0.49318 0.331252 0.0422183 0.00144891
 0.196976 0.569456 0.194076 0.0375587 0.00193317
 0.518974 0.381816 0.0799577 0.0180837 0.00116848
 0.0928022 0.601141 0.25162 0.0475244 0.00691264
 0.122501 0.610282 0.24278 0.0234846 0.000952079
 0.383417 0.481906 0.127806 0.00687128 0
 0.0376549 0.599619 0.316969 0.0457579 0
 0.0361596 0.667082 0.258105 0.0386534 0
 0.158088 0.579412 0.248529 0.0139706 0
 0.0477256 0.309471 0.559284 0.082774 0.000745712
 0.0406174 0.521527 0.379366 0.0568643 0.0016247
 0.151134 0.462217 0.34131 0.0453401 0
 0.294876 0.26143 0.354403 0.0886775 0.000613685
 0.281977 0.475581 0.204845 0.0348837 0.00271318
 0.0841818 0.532909 0.334909 0.0458182 0.00218182
 0.115287 0.27431 0.454777 0.147771 0.00785563
 0 0 0 0 0
pf_pred 
 0.00699052 0.628908 0.320997 0.0431033 1.50422e-06
 0.0220404 0.0844425 0.565896 0.288835 0.038786
 0.00737309 0.242844 0.0647404 0.433861 0.251181
 0.128308 0.137457 0.179629 0.0478877 0.506718
 0.644193 0.274379 0.0128404 0.0167798 0.0518075
 0.0594128 0.90688 0.0259933 0.00121643 0.0064976
 0.590322 0.261249 0.14311 0.00410187 0.00121731
 0.209802 0.776038 0.00902953 0.00494631 0.000183847
 0.280059 0.641436 0.0770982 0.00089707 0.000509674
 0.310639 0.649093 0.0358768 0.00431226 7.8682e-05
 0.159793 0.773253 0.063043 0.00348452 0.000426468
 0.23302 0.673194 0.0863128 0.00703704 0.000436556
 0.218006 0.716543 0.0574479 0.00736562 0.00063777
 0.271792 0.678768 0.0453019 0.00363202 0.000505997
 0.250667 0.743558 0.00538247 0.000359233 3.28135e-05
 0.199519 0.790326 0.010076 7.29379e-05 5.31263e-06
 0.208693 0.709285 0.0809815 0.00103244 8.01801e-06
 0.339483 0.613812 0.0418635 0.00477969 6.14101e-05
 0.267894 0.70342 0.0266572 0.00181809 0.000210244
 0.14068 0.776981 0.0791128 0.0029981 0.000228124
 0.315646 0.546516 0.124631 0.01269 0.000517499
 0.201381 0.719609 0.0630964 0.0143889 0.00152483
 0.20179 0.661416 0.12326 0.0108076 0.00272582
 0.307114 0.583372 0.090746 0.0169112 0.00185679
 0.040462 0.87362 0.0723386 0.0112526 0.00232725
 0.277405 0.311399 0.374376 0.0309996 0.00581942
 0.0083767 0.896774 0.0408749 0.0491414 0.00483294
pobs_RECLAS
 0 0 0 0 0
 0 0 0 0 0
 0 0 0 0 0
 0 0 0 0 0
 0.835266 0.146461 0.0176864 0.000547809 3.91292e-05
 0.385257 0.428462 0.181853 0.0044286 0
 0.867414 0.0963971 0.0333333 0.00285562 0
 0.441836 0.489002 0.0689373 0.000224442 0
 0.779404 0.147425 0.0564933 0.0165055 0.000172143
 0.814271 0.122319 0.05973 0.00367925 0
 0.40263 0.566651 0.0304383 0.000280538 0
 0.475488 0.404961 0.113038 0.00651328 0
 0.955842 0.0263864 0.0167828 0.000988607 0
 0.975058 0.0227948 0.00214734 0 0
 0.738997 0.206755 0.0527124 0.00153531 0
 0.850938 0.134255 0.0134407 0.00136685 0
 0.542534 0.407297 0.0501686 0 0
 0.764087 0.199537 0.0359546 0.000420521 0
 0.470689 0.182191 0.310203 0.0369168 0
 0.84361 0.089868 0.0606195 0.00523954 0.000663233
 0.607945 0.314616 0.071237 0.00620181 0
 0.523733 0.453247 0.0230204 0 0
 0.530135 0.295979 0.169645 0.0042399 0
 0.562478 0.366248 0.0663022 0.0049721 0
 0.250443 0.683176 0.0655157 0.000865301 0
 0.195077 0.31981 0.436473 0.0351445 0.0134964
 0.565238 0.351407 0.0832357 0.000118908 0
ppred_RECLAS
 0.0149361 0.416086 0.482928 0.0860468 3.20553e-06
 0.0294397 0.034614 0.527489 0.357248 0.0512102
 0.0105803 0.0957943 0.0580729 0.516406 0.319146
 0.164194 0.0494659 0.146994 0.0519984 0.587347
 0.801895 0.104314 0.0111008 0.0192488 0.0634416
 0.182827 0.748119 0.0487605 0.00302786 0.017265
 0.79915 0.0870214 0.1084 0.00412271 0.00130607
 0.497292 0.480392 0.0127105 0.00923894 0.000366572
 0.587101 0.322552 0.088161 0.00136113 0.000825523
 0.603994 0.345517 0.0434272 0.00692621 0.000134905
 0.411021 0.490501 0.0909371 0.00666945 0.000871358
 0.511017 0.368992 0.107582 0.0116385 0.000770741
 0.523816 0.391535 0.0713821 0.0121441 0.00112249
 0.75634 0.2082 0.0315982 0.00336153 0.000499919
 0.719251 0.275768 0.00453939 0.000402008 3.91988e-05
 0.492583 0.492977 0.014292 0.000137278 1.06738e-05
 0.506752 0.390211 0.101309 0.00171385 1.42081e-05
 0.671315 0.278804 0.0432399 0.00655076 8.98451e-05
 0.559942 0.401903 0.0346344 0.00313436 0.00038692
 0.343989 0.527286 0.122087 0.00613919 0.000498652
 0.555474 0.279281 0.144827 0.0195671 0.000851802
 0.430651 0.44953 0.0896299 0.0271217 0.00306814
 0.417444 0.391937 0.166093 0.0193242 0.00520271
 0.563397 0.300805 0.106403 0.0263114 0.00308384
 0.112443 0.71824 0.135239 0.0279143 0.00616284
 0.440426 0.136667 0.373629 0.0410516 0.00822653
 0.027432 0.756067 0.0783646 0.125012 0.0131244
pobs_PELACES
 0 0 0 0 0
 0 0 0 0 0
 0 0 0 0 0
 0 0 0 0 0
 0 0 0 0 0
 0 0 0 0 0
 0 0 0 0 0
 0 0 0 0 0
 0 0 0 0 0
 0 0 0 0 0
 0.450072 0.473896 0.0757376 0.000293798 0
 0 0 0 0 0
 0.463077 0.371075 0.160297 0.00555027 0
 0.529543 0.364841 0.0842815 0.0213345 0
 0.631943 0.363953 0.00410389 0 0
 0.735681 0.248677 0.0153453 0.000297389 0
 0.695825 0.281241 0.0229344 0 0
 0.275771 0.60734 0.115278 0.00161068 0
 0 0 0 0 0
 0.896147 0.0623911 0.0374545 0.00400742 0
 0.803859 0.145111 0.0509908 3.86294e-05 0
 0.739449 0.233085 0.0266225 0.000797448 4.60066e-05
 0.878498 0.100942 0.0204185 0.000141795 0
 0.694673 0.275183 0.0284847 0.00165964 0
 0.469039 0.446079 0.0841089 0.000773354 0
 0.822795 0.102175 0.0682046 0.00682512 0
 0 0 0 0 0
ppred_PELACES
 0.0261354 0.506408 0.405969 0.0614847 2.20165e-06
 0.0645709 0.050783 0.534531 0.307717 0.0423988
 0.0332722 0.149561 0.0626246 0.473353 0.281189
 0.380493 0.0597382 0.122614 0.0368681 0.400287
 0.884788 0.0755466 0.00555289 0.00818449 0.0259285
 0.327879 0.633827 0.0285338 0.00150609 0.00825458
 0.92244 0.0408928 0.0351838 0.00113741 0.000346351
 0.69066 0.300331 0.0054886 0.00339111 0.000129329
 0.795945 0.171085 0.0322985 0.000423866 0.0002471
 0.763663 0.215086 0.0186723 0.00253135 4.73916e-05
 0.643331 0.313682 0.0401683 0.00250411 0.000314468
 0.730909 0.220372 0.0443782 0.00408084 0.000259763
 0.76354 0.20638 0.0259883 0.00375818 0.000333895
 0.952779 0.0423259 0.0044369 0.000401214 5.73527e-05
 0.931855 0.067317 0.000765368 5.76142e-05 5.39987e-06
 0.69734 0.296667 0.00594057 4.8502e-05 3.62488e-06
 0.753376 0.208663 0.0374187 0.000538063 4.28757e-06
 0.854119 0.130123 0.0139391 0.00179499 2.36636e-05
 0.727231 0.256207 0.01525 0.0011731 0.000139194
 0.524584 0.407281 0.0651342 0.00278403 0.000217358
 0.716213 0.202555 0.0725511 0.00833192 0.000348635
 0.587592 0.350392 0.0482549 0.0124116 0.00134959
 0.595733 0.304157 0.0890275 0.00880434 0.00227846
 0.734355 0.204113 0.0498691 0.010482 0.00118089
 0.186066 0.703053 0.0914353 0.0160421 0.00340431
 0.674342 0.105098 0.198455 0.0185343 0.00357007
 0.0655464 0.792944 0.0567669 0.076975 0.00776769
pobs_pel_tallas
 0 0 0 0 0 0 0 0 0 0 0 0 0 0 0 0 0 0 0 0 0 0 0 0 0 0 0 0 0 0 0 0 0 0 0 0
 0 0 0 0 0 0 0 0 0 0 0 0 0 0 0 0 0 0 0 0 0 0 0 0 0 0 0 0 0 0 0 0 0 0 0 0
 0 0 0 0 0 0 0 0 0 0 0 0 0 0 0 0 0 0 0 0 0 0 0 0 0 0 0 0 0 0 0 0 0 0 0 0
 0 0 0 0 0 0 0 0 0 0 0 0 0 0 0 0 0 0 0 0 0 0 0 0 0 0 0 0 0 0 0 0 0 0 0 0
 0 0 0 0 0 0 0 0 0 0 0 0 0 0 0 0 0 0 0 0 0 0 0 0 0 0 0 0 0 0 0 0 0 0 0 0
 0 0 0 0 0 0 0 0 0 0 0 0 0 0 0 0 0 0 0 0 0 0 0 0 0 0 0 0 0 0 0 0 0 0 0 0
 0 0 0 0 0 0 0 0 0 0 0 0 0 0 0 0 0 0 0 0 0 0 0 0 0 0 0 0 0 0 0 0 0 0 0 0
 0 0 0 0 0 0 0 0 0 0 0 0 0 0 0 0 0 0 0 0 0 0 0 0 0 0 0 0 0 0 0 0 0 0 0 0
 0 0 0 0 0 0 0 0 0 0 0 0 0 0 0 0 0 0 0 0 0 0 0 0 0 0 0 0 0 0 0 0 0 0 0 0
 0 0 0 0 0 0 0 0 0 0 0 0 0 0 0 0 0 0 0 0 0 0 0 0 0 0 0 0 0 0 0 0 0 0 0 0
 0 0 0 0 0 0 0 0 1.78061e-05 0.00172719 0.00360574 0.0105946 0.0120993 0.0124554 0.0147524 0.0171206 0.0266825 0.0428682 0.0675386 0.121331 0.153587 0.119568 0.100827 0.0573624 0.0630603 0.0341343 0.0324427 0.0444173 0.0211091 0.0280891 0.0125444 0.00206551 0 0 0 0
 0 0 0 0 0 0 0 0 0 0 0 0 0 0 0 0 0 0 0 0 0 0 0 0 0 0 0 0 0 0 0 0 0 0 0 0
 0 0 0 0 0 0 0.0133647 0.0140871 0.0187388 0.0205184 0.03894 0.0496705 0.03968 0.0493445 0.0407372 0.0367815 0.0215668 0.0243155 0.0234873 0.0199281 0.019796 0.0243948 0.0301388 0.0376714 0.0412746 0.0863199 0.0771752 0.113111 0.0741005 0.0525337 0.0229764 0.00759418 0.00175318 0 0 0
 0 0 0 0 0 0 0 0 0 0 0.00219441 0.00772107 0.0458388 0.0604681 0.0671733 0.0775358 0.0609151 0.0617685 0.073594 0.0568108 0.0755445 0.0548602 0.0670107 0.0636378 0.0643287 0.046367 0.0373049 0.0286899 0.0247887 0.0153202 0.00654259 0.00121912 0.000365735 0 0 0
 0 0 0 0 0 0 0 0 0 0 0 0 0.000112435 0.00938835 0.0111873 0.0202946 0.0414886 0.0713402 0.111592 0.104902 0.108894 0.110636 0.117776 0.105296 0.107544 0.0401394 0.0192827 0.0124803 0.00416011 0.0028671 0.000618394 0 0 0 0 0
 0 0 0 0 0 0 0 0 0 0 0.00291406 0.0102884 0.027416 0.0768956 0.0749926 0.110853 0.0956884 0.0897413 0.0766577 0.0534642 0.0500743 0.0551293 0.0594112 0.0620874 0.0668451 0.0424026 0.0208742 0.0120726 0.0048766 0.00582813 0.00118941 0.000297354 0 0 0 0
 0 0.00264628 0.0354308 0.0461629 0.0458689 0.0383711 0.0214643 0.0164657 0.0346957 0.0420465 0.0363128 0.0245516 0.0311673 0.0291091 0.0169068 0.0133784 0.00837989 0.0085269 0.0148486 0.0160247 0.0276389 0.0546898 0.0760071 0.122758 0.109233 0.0665981 0.0333725 0.0166128 0.00676272 0.00308733 0.000882094 0 0 0 0 0
 0 0 0 0 0 0 0 0.000805153 0.000690131 0.00759144 0.0133425 0.0154129 0.00931677 0.000345066 0.00356568 0.00563607 0.00851162 0.0253048 0.0502646 0.0516448 0.0657925 0.0565908 0.0611916 0.0827007 0.0866115 0.110766 0.145733 0.0935128 0.0569358 0.0249597 0.0138026 0.00621118 0.00161031 0.00115022 0 0
 0 0 0 0 0 0 0 0 0 0 0 0 0 0 0 0 0 0 0 0 0 0 0 0 0 0 0 0 0 0 0 0 0 0 0 0
 0.00147267 0.00158595 0.00478618 0.00569244 0.00954404 0.0108468 0.00647125 0.017049 0.0510054 0.094081 0.124002 0.0959785 0.0687766 0.0820023 0.061753 0.0591476 0.0492212 0.0479892 0.0443925 0.0268479 0.0217502 0.0140895 0.0121071 0.0120363 0.00920419 0.00665534 0.0049561 0.00860946 0.00930331 0.0156896 0.0114698 0.00855282 0.00243557 0.00046729 0 2.83206e-05
 0 0 0 0 0.000772559 0.00158375 0.000888443 0.00281984 0.00712685 0.0440552 0.0773331 0.111326 0.0921469 0.0852325 0.0710754 0.0886704 0.0786465 0.0553345 0.0373146 0.0185414 0.00753245 0.00457741 0.012979 0.0271748 0.0457355 0.0583668 0.034881 0.0177882 0.00938659 0.00492506 0.0015258 0.00185414 0.000309023 5.79419e-05 3.86279e-05 0
 0 0.00173294 0.00326652 0 0.00397197 0.00683976 0.00946217 0.0152591 0.00757587 0.0136028 0.0228656 0.0392903 0.0559909 0.0764795 0.0681675 0.0726916 0.0566044 0.0477403 0.0527397 0.0444891 0.0609904 0.0582453 0.0661739 0.0445044 0.0529084 0.0360697 0.0280645 0.0235558 0.0158879 0.00826598 0.00280645 0.00217768 0.000904811 0.00058276 9.20147e-05 0
 0 0 0 0 0 0 0 0 0 0 0 0 0 0 0 0 0 0 0 0 0 0 0 0 0 0 0 0 0 0 0 0 0 0 0 0
 0 0 0 0 0 0 0 0 0 0 0 0 0 0 0 0 0 0 0 0 0 0 0 0 0 0 0 0 0 0 0 0 0 0 0 0
 0 0 0 0 0 0 0 0 0 0 0 0 0 0 0 0 0 0 0 0 0 0 0 0 0 0 0 0 0 0 0 0 0 0 0 0
 0 0 0 0 0 0 0 0 0 0 0 0 0 0 0 0 0 0 0 0 0 0 0 0 0 0 0 0 0 0 0 0 0 0 0 0
 0 0 0 0 0 0 0 0 0 0 0 0 0 0 0 0 0 0 0 0 0 0 0 0 0 0 0 0 0 0 0 0 0 0 0 0
ppred_pel_tallas
 1.08041e-16 1.17376e-06 6.80345e-06 3.21635e-05 0.000123535 0.000384956 0.000972923 0.00199501 0.00332334 0.00451284 0.00504195 0.00475943 0.00408888 0.0037659 0.00441602 0.00637948 0.00980461 0.0147673 0.0212704 0.0291594 0.0380472 0.0473076 0.0561491 0.0637532 0.0694338 0.072766 0.0736467 0.0722669 0.0690194 0.0643788 0.0587994 0.0526577 0.0462439 0.0397836 0.033468 0.0274726
 1.20159e-16 2.83119e-06 1.65761e-05 7.87172e-05 0.000302937 0.000944527 0.00238581 0.00488252 0.00809688 0.0108849 0.0118742 0.0105439 0.00770263 0.0048151 0.00295505 0.00240609 0.00298187 0.00447103 0.00682413 0.0101217 0.0144828 0.0199909 0.0266453 0.0343271 0.0427789 0.0516002 0.0602651 0.0681635 0.0746664 0.0792062 0.0813591 0.0809127 0.0779041 0.0726151 0.0655302 0.0572609
 1.30342e-16 1.46847e-06 8.57156e-06 4.06531e-05 0.000156365 0.000487445 0.00123136 0.00252095 0.00418447 0.00563711 0.0061805 0.00556175 0.00422255 0.0029553 0.00236438 0.00265837 0.00380782 0.0057621 0.00853042 0.0121519 0.0166429 0.0219674 0.0280326 0.0347017 0.0418082 0.049162 0.0565421 0.063679 0.0702397 0.0758293 0.0800205 0.0824107 0.082694 0.0807273 0.0765736 0.0705054
 1.21731e-16 1.66057e-05 9.74478e-05 0.000463197 0.00178329 0.00556097 0.0140465 0.028741 0.0476416 0.0639819 0.0696267 0.0614199 0.0439762 0.0256875 0.0125176 0.0056234 0.00322662 0.00324794 0.00445916 0.00639118 0.0089348 0.0120819 0.0158231 0.0201177 0.0248859 0.0300032 0.0352949 0.0405325 0.0454365 0.0496925 0.0529801 0.0550142 0.0555894 0.0546165 0.0521417 0.0483462
 1.01597e-16 3.85965e-05 0.00022655 0.00107696 0.00414642 0.0129303 0.0326607 0.0668271 0.110769 0.148748 0.161836 0.142675 0.101966 0.0591749 0.0280949 0.0113119 0.00455264 0.00281112 0.00303461 0.00392314 0.00502084 0.00613884 0.00714572 0.00792956 0.00841056 0.00855743 0.00839292 0.00798421 0.00742234 0.00679777 0.00618027 0.00560885 0.00509262 0.00461976 0.0041697 0.00372406
 1.01049e-16 1.43354e-05 8.40646e-05 0.000399451 0.00153765 0.00479479 0.0121119 0.024787 0.0411037 0.0552513 0.0602567 0.0534652 0.0389581 0.0241194 0.014288 0.010687 0.0119896 0.0165139 0.0231245 0.0310735 0.0396228 0.0478672 0.0547839 0.0594148 0.0610852 0.059568 0.0551419 0.0485124 0.0406332 0.0324839 0.024878 0.0183481 0.0131253 0.00919138 0.00636917 0.00441469
 1.00569e-16 4.02371e-05 0.000236184 0.00112277 0.0043228 0.0134803 0.03405 0.0696696 0.11548 0.15507 0.168706 0.148711 0.106236 0.0615635 0.0290616 0.0114111 0.00414256 0.00202847 0.0018886 0.00238584 0.00308051 0.00382535 0.00453818 0.0051496 0.00560306 0.00586346 0.00592194 0.00579379 0.00551124 0.00511379 0.00463991 0.00412216 0.00358623 0.00305221 0.00253681 0.00205461
 1.00299e-16 3.01408e-05 0.000176887 0.000840807 0.0032371 0.0100945 0.0254982 0.0521737 0.0864877 0.116163 0.12644 0.111605 0.0800567 0.0470555 0.0234588 0.0113883 0.00760779 0.00827441 0.0109985 0.0146532 0.0186494 0.0225004 0.025711 0.0278266 0.02853 0.0277182 0.0255295 0.0223054 0.018505 0.0145988 0.0109762 0.00789119 0.00545168 0.00364507 0.00238165 0.00153914
 1.00541e-16 3.47266e-05 0.000203821 0.000968881 0.00373026 0.0116325 0.0293827 0.0601208 0.0996564 0.133834 0.145635 0.128451 0.0919297 0.0536105 0.025942 0.011296 0.00587336 0.00520117 0.00653359 0.00865623 0.0110612 0.0134336 0.0154841 0.0169479 0.0176333 0.0174639 0.0164961 0.0148991 0.0129104 0.0107789 0.00871582 0.00686562 0.00530006 0.00403075 0.0030307 0.0022557
 1.00425e-16 3.33207e-05 0.000195563 0.000929613 0.00357905 0.0111609 0.0281917 0.0576842 0.095619 0.128417 0.139751 0.12329 0.0882965 0.0516141 0.0252042 0.0113635 0.00646637 0.00623351 0.00802719 0.0106567 0.0135842 0.0164354 0.0188508 0.0205019 0.0211557 0.0207296 0.0193109 0.0171309 0.0145058 0.0117621 0.00917301 0.00691964 0.00508427 0.00366728 0.00261679 0.00185848
 1.00774e-16 2.80777e-05 0.000164773 0.000783213 0.00301534 0.009403 0.0237514 0.0485999 0.0805646 0.108211 0.117794 0.103995 0.0746444 0.0439692 0.0220972 0.0110229 0.00775107 0.00871822 0.0117057 0.0156571 0.0199992 0.0242374 0.0278564 0.0303765 0.0314532 0.0309583 0.0290092 0.0259324 0.0221785 0.0182157 0.0144379 0.0111093 0.00835459 0.00618273 0.00452861 0.00329487
 1.00855e-16 3.18927e-05 0.000187179 0.000889754 0.00342558 0.0106823 0.0269828 0.0552108 0.0915196 0.122913 0.133765 0.118019 0.084544 0.0494654 0.0242392 0.0110729 0.00650637 0.00645309 0.00839448 0.0111912 0.0143211 0.0174105 0.020093 0.0220285 0.0229688 0.0228135 0.0216314 0.0196361 0.0171287 0.0144249 0.0117932 0.00941704 0.00738836 0.00572346 0.00439056 0.00333686
 1.00581e-16 3.3315e-05 0.00019553 0.000929459 0.00357846 0.0111591 0.028187 0.0576746 0.0956029 0.128394 0.139725 0.123262 0.0882675 0.0515783 0.025152 0.0112817 0.00634008 0.00604771 0.00776925 0.0103202 0.0131729 0.0159667 0.0183566 0.0200261 0.0207488 0.0204402 0.019177 0.0171731 0.0147238 0.0121358 0.0096663 0.00748797 0.00568161 0.00425249 0.00315778 0.00233409
 1.00094e-16 4.156e-05 0.000243951 0.00115969 0.00446497 0.0139237 0.0351699 0.0719608 0.119278 0.16017 0.174253 0.153599 0.109723 0.0635735 0.0299901 0.0117376 0.00419514 0.00195711 0.00173131 0.00212868 0.00268755 0.00325042 0.00373111 0.00406262 0.00419857 0.00412222 0.00385017 0.0034273 0.0029152 0.00237768 0.00186818 0.00142238 0.00105672 0.000771758 0.000557905 0.000401175
 1.00036e-16 4.06486e-05 0.000238598 0.00113424 0.00436696 0.013618 0.0343979 0.0703814 0.11666 0.156658 0.170438 0.15025 0.107362 0.0622688 0.0294931 0.0117502 0.00453109 0.00255513 0.00260129 0.00329839 0.00416943 0.00502386 0.0057355 0.00620033 0.00634715 0.00615329 0.0056504 0.00491582 0.0040534 0.00316948 0.00235211 0.00165871 0.00111365 0.000713894 0.000438824 0.000260273
 1.00183e-16 3.0432e-05 0.000178596 0.000848935 0.00326839 0.0101921 0.0257447 0.0526781 0.0873237 0.117285 0.12766 0.112678 0.080818 0.0474863 0.0236426 0.0114262 0.00756648 0.00818129 0.0108575 0.0144598 0.0183987 0.0221916 0.0253481 0.0274188 0.02809 0.0272604 0.0250676 0.0218502 0.0180639 0.0141756 0.0105726 0.00750807 0.00509023 0.00330747 0.002071 0.00125888
 1.00618e-16 3.28719e-05 0.000192929 0.000917091 0.00353084 0.0110106 0.0278119 0.0569072 0.0943309 0.126687 0.137868 0.121628 0.0871047 0.0509145 0.0248578 0.0112004 0.00636669 0.00613749 0.00791453 0.010529 0.0134575 0.0163381 0.0188222 0.0205878 0.0214014 0.0211717 0.0199687 0.0180006 0.0155591 0.0129493 0.0104299 0.0081772 0.00627833 0.00474629 0.00354657 0.0026234
 1.00304e-16 3.72615e-05 0.000218707 0.00103966 0.00400279 0.0124824 0.0315294 0.0645128 0.106935 0.143604 0.156253 0.137785 0.0985409 0.0573271 0.0274804 0.011521 0.00534647 0.00413857 0.00494709 0.00648806 0.00826275 0.0100042 0.0114876 0.0125125 0.0129371 0.0127096 0.0118805 0.0105875 0.0090192 0.00737129 0.00580764 0.00443762 0.00331176 0.00243197 0.00176911 0.0012807
 1.00347e-16 3.17337e-05 0.000186243 0.000885294 0.0034084 0.0106287 0.0268475 0.0549342 0.091062 0.122301 0.133108 0.117458 0.0841822 0.049335 0.024326 0.0113642 0.00701779 0.00722548 0.00947375 0.0126048 0.0160569 0.0194018 0.0222142 0.0241043 0.0247973 0.0241993 0.0224205 0.0197438 0.016553 0.0132435 0.0101446 0.00747374 0.0053272 0.00370121 0.00252775 0.00171116
 1.01164e-16 2.29036e-05 0.000134388 0.000638739 0.00245905 0.00766819 0.0193696 0.039635 0.065708 0.08827 0.0961238 0.084951 0.0611659 0.0364135 0.0190107 0.0106531 0.00896622 0.0110927 0.0152284 0.0204518 0.0261593 0.0317431 0.0365407 0.0399276 0.0414518 0.0409392 0.038532 0.034643 0.0298465 0.024742 0.0198361 0.015472 0.0118163 0.00888877 0.0066159 0.0048826
 1.01399e-16 3.12513e-05 0.000183415 0.00087186 0.00335669 0.0104675 0.0264401 0.0541004 0.0896786 0.120439 0.131072 0.115637 0.082826 0.0484373 0.0236938 0.0107558 0.0062319 0.00612 0.00795959 0.0106482 0.0136943 0.0167559 0.0194972 0.021601 0.0228271 0.023063 0.022345 0.0208385 0.0187894 0.0164625 0.0140879 0.01183 0.00978187 0.00797816 0.00641711 0.0050808
 1.01289e-16 2.56487e-05 0.000150509 0.000715394 0.00275421 0.00858865 0.0216945 0.0443915 0.0735903 0.0988491 0.107619 0.0950489 0.0683043 0.0403976 0.0206042 0.0107755 0.008205 0.00965922 0.0131151 0.017584 0.0224867 0.0272873 0.031415 0.0343348 0.0356606 0.0352455 0.0332139 0.0299217 0.0258618 0.0215464 0.0174054 0.0137272 0.0106471 0.00817576 0.00624489 0.00475356
 1.01772e-16 2.60019e-05 0.000152587 0.000725281 0.00279229 0.00870742 0.0219944 0.0450049 0.0746058 0.100209 0.109088 0.0963208 0.0691617 0.0407915 0.0205978 0.0104393 0.00755629 0.00866348 0.0117191 0.015753 0.0202348 0.0246975 0.0286454 0.0316064 0.0332276 0.033353 0.0320537 0.0295974 0.026372 0.0227905 0.0192079 0.015873 0.0129194 0.0103861 0.00825295 0.00647378
 1.0119e-16 3.20423e-05 0.000188059 0.000893939 0.0034417 0.0107326 0.0271098 0.0554705 0.0919495 0.123489 0.134389 0.11856 0.0849115 0.0496406 0.0242513 0.0109547 0.00626875 0.00608463 0.00787449 0.0105041 0.0134678 0.0164168 0.0190122 0.0209383 0.021962 0.0219835 0.021057 0.0193684 0.0171833 0.0147822 0.0124042 0.0102137 0.00829533 0.00666854 0.00531237 0.00418914
 1.02238e-16 8.15467e-06 4.77713e-05 0.000226894 0.000873234 0.00272282 0.00687838 0.0140793 0.023358 0.0314293 0.03436 0.0306854 0.022789 0.014961 0.0103646 0.00985116 0.0128234 0.0184381 0.0260648 0.0351458 0.0449565 0.0545229 0.062717 0.0684682 0.0710045 0.0700356 0.0658189 0.0590781 0.0508125 0.0420603 0.033693 0.0262942 0.0201375 0.0152413 0.0114626 0.00859
 1.03656e-16 2.94219e-05 0.000172683 0.000820857 0.00316035 0.00985525 0.0248935 0.0509352 0.0844297 0.113384 0.123377 0.10881 0.0778526 0.0453617 0.0218822 0.00942504 0.00478131 0.00418517 0.00535275 0.00731875 0.00973389 0.0124183 0.0152 0.0178908 0.0203049 0.0222834 0.0237112 0.0245214 0.0246911 0.0242325 0.0231871 0.0216219 0.0196305 0.0173308 0.0148586 0.012356
 1.04072e-16 2.90293e-06 1.69312e-05 8.02587e-05 0.000308624 0.000962086 0.00243103 0.00498039 0.00827899 0.0111893 0.012363 0.0113493 0.00909327 0.00726206 0.00717734 0.00938224 0.0139044 0.0206122 0.0292926 0.039525 0.0505594 0.0613184 0.0705432 0.077041 0.0799581 0.0789843 0.0744238 0.0670989 0.0581315 0.0486741 0.0396786 0.0317632 0.0251932 0.0199502 0.0158447 0.0126256
pSPR Fmed_Fpbrs
0.473968   0.6 0.325
Fs Fmed_Fpbrs
0.64   0.379633 1.26759
SSBpbr Bo_Bmed_Bpbrs
606247  257029  333436 166718
Ro
15994.5
SPR SPRFo_SPRFmed_SPRFpbrs
330354 156577 107365
log_Ro
9.5
likeval ReclasPelacesDesembMPH_pf_preclas_ppelaces_ptallas_desvR_qrecl_qpela
 98.9488 27.3711 0.379246 36.8879 431.151 235.464 62.8085 0 55.4301 0.000208824 0.000477144 1.35447e-15 0 0 0
q_reclas_q_pelaces
7.7503 22.3693
M
0.7
N
 5785.81 44118.4 22518.2 3023.73 0.105523
 8320.39 2841.02 19039.2 9717.69 1304.93
 978.958 4043.67 1078.01 7224.36 4182.49
 3443.63 439.772 574.693 153.209 1621.16
 40305.2 1566.89 73.327 95.8236 295.856
 9683.75 19490.7 558.647 26.1435 139.646
 63982.3 4293.53 2351.96 67.4127 20.0061
 53353.2 27275.7 317.365 173.85 6.46174
 64951.4 23355.8 2807.29 32.6639 18.5581
 103669 27399.8 1514.45 182.031 3.32136
 63533 46468.2 3788.53 209.4 25.6284
 63307.8 27110 3475.88 283.387 17.5804
 49288.7 27169.2 2178.26 279.283 24.1824
 29544.5 20364.8 1359.17 108.97 15.1812
 12994.1 9865.8 71.4166 4.76644 0.435382
 7824.95 4520.14 57.6278 0.417157 0.0303847
 5893.89 3374.05 385.226 4.91129 0.0381414
 8114.06 2431.78 165.853 18.936 0.243292
 10100.7 3365.22 127.53 8.69786 1.00582
 6667.85 4523.84 460.621 17.456 1.32821
 15861.8 3011.2 686.692 69.9195 2.85132
 19128 7364.25 645.709 147.251 15.6046
 23895.9 8916.99 1661.75 145.705 36.7486
 48505 10995.6 1710.42 318.75 34.9975
 9873.37 22064.1 1826.98 284.194 58.7768
 33393.6 4645.26 5584.72 462.433 86.8105
 992.905 15047.1 685.845 824.549 81.0925
pred_Ctot
 46.5645 4189.22 2138.19 287.115 0.0100198
 127.759 489.477 3280.26 1674.26 224.826
 67.5356 2224.39 593.005 3974.06 2300.75
 208.388 223.248 291.741 77.7758 822.974
 760.489 323.913 15.1584 19.809 61.1603
 751.141 11465.5 328.627 15.379 82.1476
 6570.13 2907.63 1592.78 45.6528 13.5484
 4578.56 16935.7 197.053 107.944 4.01213
 7096.23 16252.9 1953.54 22.7302 12.9143
 7301.98 15257.8 843.329 101.365 1.84952
 6485.92 31385.9 2558.88 141.435 17.3101
 6234.01 18010 2309.14 188.263 11.6792
 6017.41 19778.1 1585.68 203.306 17.6038
 7119.66 17780.5 1186.69 95.1417 13.2547
 2856.46 8473.16 61.3356 4.09362 0.373924
 747.129 2959.49 37.7309 0.273127 0.0198939
 724.625 2462.79 281.185 3.58485 0.0278402
 971.811 1757.11 119.839 13.6824 0.175794
 716.825 1882.2 71.3287 4.86479 0.562566
 436.788 2412.39 245.631 9.30859 0.708284
 745.107 1290.09 294.2 29.9557 1.2216
 845.489 3021.25 264.908 60.411 6.40194
 1266.57 4151.5 773.665 67.8362 17.1091
 2944.31 5592.82 869.986 162.129 17.8011
 374.379 8083.26 669.32 104.116 21.5331
 2236.5 2510.56 3018.29 249.925 46.9173
 89.4515 9576.29 436.487 524.761 51.609
F
 0.0112466 0.140376 0.140376 0.140376 0.140376
 0.0215551 0.269043 0.269043 0.269043 0.269043
 0.100233 1.25107 1.25107 1.25107 1.25107
 0.0874344 1.09133 1.09133 1.09133 1.09133
 0.0265454 0.33133 0.33133 0.33133 0.33133
 0.113341 1.41468 1.41468 1.41468 1.41468
 0.152609 1.90481 1.90481 1.90481 1.90481
 0.126087 1.57378 1.57378 1.57378 1.57378
 0.163103 2.0358 2.0358 2.0358 2.0358
 0.102435 1.27856 1.27856 1.27856 1.27856
 0.151656 1.89292 1.89292 1.89292 1.89292
 0.145924 1.82138 1.82138 1.82138 1.82138
 0.183887 2.29521 2.29521 2.29521 2.29521
 0.396825 4.95303 4.95303 4.95303 4.95303
 0.355948 4.44282 4.44282 4.44282 4.44282
 0.141205 1.76247 1.76247 1.76247 1.76247
 0.185293 2.31277 2.31277 2.31277 2.31277
 0.180106 2.24803 2.24803 2.24803 2.24803
 0.103245 1.28867 1.28867 1.28867 1.28867
 0.0949579 1.18523 1.18523 1.18523 1.18523
 0.0672785 0.839747 0.839747 0.839747 0.839747
 0.0631939 0.788764 0.788764 0.788764 0.788764
 0.0762095 0.951221 0.951221 0.951221 0.951221
 0.0877156 1.09484 1.09484 1.09484 1.09484
 0.0539926 0.673917 0.673917 0.673917 0.673917
 0.0971788 1.21295 1.21295 1.21295 1.21295
 0.132749 1.65693 1.65693 1.65693 1.65693
Np
 11074.8 5334.84 146.68 484.141 29.5637
YTP_r0W_actual
 175.719 75461 5000.02 7676.75 837.832
YTP_p0W_proyectada
 1959.96 2165.31 10389.5 604.763 883.264
 1959.96 26754.1 1069.34 4507.47 305.447
CTP_r0_actual
 21.4291 3493.56 159.236 191.44 18.8277
CTP_p0_proyectada
 239.019 100.246 330.877 15.0814 19.8486
 239.019 1238.62 34.0554 112.406 6.86398
Wmedp
 8.2 21.6 31.4 40.1 44.5
nmprior
 10.8 10.6 4.6 0
nm_flota  nm_reclas  nm_pelaces    nm_pelaL
inf 15.5688 6.17292 12.7846
cv_recla  cv_pelaces  cv_mph
0.717885 0.286554 0.486967
 ------------------------------------------------
Talla a la edad & desviaci?n 
 7.2 14.2025 17.0495 18.207 18.6776
 1.08 2.13037 2.55742 2.73105 2.80164
