years
 1997 1998 1999 2000 2001 2002 2003 2004 2005 2006 2007 2008 2009 2010 2011 2012 2013 2014 2015 2016 2017 2018 2019 2020 2021 2022 2023
reclasobs
 0 0 0 370054 412103 1.49427e+06 250295 1.28982e+06 931140 785840 897777 1.04006e+06 184774 17550 25797 100020 73551 82996 120727 218422 84188 347160 605670 569463 516374 1.08416e+06 1.01767e+06
reclaspred
 479598 139916 466826 322484 401609 452738 944682 666349 818824 742653 604396 418796 253139 121429 80365.4 65713 62736.3 88267.5 112880 176620 251451 247122 428739 536264 623189 605295 708562
pelacesobs
 0 0 0 0 0 0 0 0 0 2.06254e+06 1.5e+06 0 1.87456e+06 323000 250000 174000 83755 137374 0 501740 490994 745055 786931 1.00524e+06 1.33801e+06 1.41789e+06 0
pelacespred
 1.60793e+06 487247 882124 1.02282e+06 1.05947e+06 1.05816e+06 2.22676e+06 2.0327e+06 2.16024e+06 2.06282e+06 1.58883e+06 1.16488e+06 707067 298386 178927 154957 148913 198969 257868 394470 640856 631900 893902 1.27996e+06 1.52724e+06 1.62872e+06 1.69356e+06
mphobs
 0 0 0 0 0 0 112323 0 153150 637223 0 255016 313432 73983 77613 109348 50772 17779 17303 59886 28197 0 207744 136588 643089 65757 70829
mphpred
 130796 89814.8 116804 155590 143426 192470 281773 316871 298519 329096 303909 225244 140521 124286 60210.5 44444.1 38401.5 44376.5 25305.4 34679.9 56356 67936.9 90472.8 129556 164023 164630 158632
desembarqueobs
 350755 77701 442110 56441 14545 235359 269955 359681 431902 328805 639364 411747 362871 311530 167758 66681 60226 58785 57116 73181 50977 67692 138656 160484 209506 203330 245020
desembarquepred
 350767 77705.5 442166 56443.3 14545.2 235425 269991 359702 431933 328848 639596 411956 363334 312339 167868 66727.5 60292.2 58793.8 57106.1 73183.2 50979.5 67684.8 138669 160501 209528 203344 245017
Reclutas
 75029.7 92181.8 57258.9 77204.7 117208 85422.5 133574 153484 201918 169174 80340.7 43179.4 38577.2 21586.9 16820 15654.4 11997.1 19871.9 31284.5 43887.3 53632.9 85922.5 111293 147278 60373.8 96504.5 208022
log_desv_Rt
 0.16564 0.371518 -0.104661 0.194216 0.611702 0.295365 0.74241 0.881353 1.15562 0.978686 0.234031 -0.386881 -0.499584 -1.08016 -1.32967 -1.40149 -1.66758 -1.16294 -0.709121 -0.370619 -0.170082 0.3012 0.559921 0.84008 -0.0516901 0.417345 1.1854
SSB
 895426 614869 799635 1.06517e+06 981889 1.31764e+06 1.88352e+06 2.14989e+06 2.00738e+06 2.21502e+06 2.08055e+06 1.54201e+06 983816 518224 257748 193469 174143 193967 264898 378450 587896 692494 944745 1.29947e+06 1.78231e+06 1.83346e+06 1.67135e+06
BT
 3.0922e+06 858302 1.67517e+06 1.59909e+06 1.64105e+06 1.73433e+06 3.71963e+06 3.53713e+06 3.82739e+06 3.46484e+06 2.92871e+06 2.06627e+06 1.39196e+06 744274 422286 290636 280327 362357 449546 678135 1.04774e+06 1.01089e+06 1.45221e+06 2.09341e+06 2.41413e+06 2.57243e+06 2.81273e+06
Ftot
 0.328632 0.239572 0.32808 0.0619438 0.0141688 0.160189 0.104754 0.209069 0.21221 0.156596 0.320124 0.283355 0.43097 0.750821 0.705251 0.337321 0.340116 0.268764 0.198296 0.16376 0.0766644 0.100007 0.109486 0.111726 0.10157 0.107936 0.134776
BD_Bspro_t
 0.960681 0.815743 0.792217 0.701528 0.784904 0.866105 0.834454 0.837837 0.805247 0.787655 0.757678 0.632758 0.531839 0.41797 0.28925 0.281427 0.339634 0.451698 0.584077 0.709287 0.79962 0.85678 0.87141 0.871482 0.874408 0.843774 0.831222
BD_Bspro
 0.681904 0.468249 0.608956 0.811168 0.74775 1.00344 1.43438 1.63723 1.52871 1.68683 1.58443 1.17431 0.749217 0.394649 0.196286 0.147335 0.132617 0.147714 0.201731 0.288206 0.447707 0.527363 0.719463 0.989604 1.35731 1.39626 1.2728
BD_Bo
 0.321737 0.22093 0.287319 0.382727 0.352805 0.473446 0.676773 0.772483 0.721277 0.795882 0.747567 0.554064 0.353497 0.186204 0.092612 0.0695159 0.0625716 0.0696947 0.0951812 0.135982 0.211238 0.248822 0.339459 0.466917 0.640407 0.658786 0.600537
BD_Brms
 0.584977 0.401691 0.522397 0.695867 0.641463 0.860811 1.2305 1.40451 1.31141 1.44706 1.35921 1.00739 0.642722 0.338553 0.168385 0.126392 0.113767 0.126718 0.173057 0.24724 0.38407 0.452403 0.617198 0.84894 1.16438 1.19779 1.09189
S_f
 0.204621 1 1 1 1
 0.204621 1 1 1 1
 0.204621 1 1 1 1
 0.204621 1 1 1 1
 0.204621 1 1 1 1
 0.204621 1 1 1 1
 0.204621 1 1 1 1
 0.204621 1 1 1 1
 0.204621 1 1 1 1
 0.204621 1 1 1 1
 0.204621 1 1 1 1
 0.204621 1 1 1 1
 0.204621 1 1 1 1
 0.204621 1 1 1 1
 0.204621 1 1 1 1
 0.204621 1 1 1 1
 0.204621 1 1 1 1
 0.204621 1 1 1 1
 0.204621 1 1 1 1
 0.204621 1 1 1 1
 0.204621 1 1 1 1
 0.204621 1 1 1 1
 0.204621 1 1 1 1
 0.204621 1 1 1 1
 0.204621 1 1 1 1
 0.204621 1 1 1 1
 0.204621 1 1 1 1
Scru_reclas
 1 1 1 1 1
 1 1 1 1 1
 1 1 1 1 1
 1 1 1 1 1
 1 1 1 1 1
 1 1 1 1 1
 1 1 1 1 1
 1 1 1 1 1
 1 1 1 1 1
 1 1 1 1 1
 1 1 1 1 1
 1 1 1 1 1
 1 1 1 1 1
 1 1 1 1 1
 1 1 1 1 1
 1 1 1 1 1
 1 1 1 1 1
 1 1 1 1 1
 1 1 1 1 1
 1 1 1 1 1
 1 1 1 1 1
 1 1 1 1 1
 1 1 1 1 1
 1 1 1 1 1
 1 1 1 1 1
 1 1 1 1 1
 1 1 1 1 1
Scru_pelaces
 0.734751 0.933068 0.985947 0.997176 0.999438
 0.734751 0.933068 0.985947 0.997176 0.999438
 0.734751 0.933068 0.985947 0.997176 0.999438
 0.734751 0.933068 0.985947 0.997176 0.999438
 0.734751 0.933068 0.985947 0.997176 0.999438
 0.734751 0.933068 0.985947 0.997176 0.999438
 0.734751 0.933068 0.985947 0.997176 0.999438
 0.734751 0.933068 0.985947 0.997176 0.999438
 0.734751 0.933068 0.985947 0.997176 0.999438
 0.734751 0.933068 0.985947 0.997176 0.999438
 0.734751 0.933068 0.985947 0.997176 0.999438
 0.734751 0.933068 0.985947 0.997176 0.999438
 0.734751 0.933068 0.985947 0.997176 0.999438
 0.734751 0.933068 0.985947 0.997176 0.999438
 0.734751 0.933068 0.985947 0.997176 0.999438
 0.734751 0.933068 0.985947 0.997176 0.999438
 0.734751 0.933068 0.985947 0.997176 0.999438
 0.734751 0.933068 0.985947 0.997176 0.999438
 0.734751 0.933068 0.985947 0.997176 0.999438
 0.734751 0.933068 0.985947 0.997176 0.999438
 0.734751 0.933068 0.985947 0.997176 0.999438
 0.734751 0.933068 0.985947 0.997176 0.999438
 0.734751 0.933068 0.985947 0.997176 0.999438
 0.734751 0.933068 0.985947 0.997176 0.999438
 0.734751 0.933068 0.985947 0.997176 0.999438
 0.734751 0.933068 0.985947 0.997176 0.999438
 0.734751 0.933068 0.985947 0.997176 0.999438
pf_obs 
 0.256992 0.487395 0.22802 0.0275931 0
 0.321318 0.546541 0.124235 0.00734118 0.000564706
 0.182869 0.594174 0.210203 0.0122559 0.00049798
 0.330522 0.361315 0.267642 0.0388342 0.00168674
 0.649043 0.306663 0.0425973 0.00169635 0
 0.582887 0.30429 0.105238 0.00758474 0
 0.465427 0.430635 0.0974691 0.00646863 0
 0.296916 0.608066 0.0921331 0.00288517 0
 0.311714 0.524322 0.152257 0.0117073 0
 0.15457 0.633149 0.183074 0.0267441 0.00246327
 0.131901 0.49318 0.331252 0.0422183 0.00144891
 0.196976 0.569456 0.194076 0.0375587 0.00193317
 0.518974 0.381816 0.0799577 0.0180837 0.00116848
 0.0928022 0.601141 0.25162 0.0475244 0.00691264
 0.122501 0.610282 0.24278 0.0234846 0.000952079
 0.383417 0.481906 0.127806 0.00687128 0
 0.0376549 0.599619 0.316969 0.0457579 0
 0.0361596 0.667082 0.258105 0.0386534 0
 0.158088 0.579412 0.248529 0.0139706 0
 0.0477256 0.309471 0.559284 0.082774 0.000745712
 0.0406174 0.521527 0.379366 0.0568643 0.0016247
 0.151134 0.462217 0.34131 0.0453401 0
 0.294876 0.26143 0.354403 0.0886775 0.000613685
 0.281977 0.475581 0.204845 0.0348837 0.00271318
 0.0841818 0.532909 0.334909 0.0458182 0.00218182
 0.115287 0.27431 0.454777 0.147771 0.00785563
 0 0 0 0 0
pf_pred 
 0.391251 0.430201 0.159736 0.0188029 9.51939e-06
 0.315695 0.53712 0.104015 0.0386216 0.00454852
 0.176895 0.588805 0.183905 0.0356139 0.0147811
 0.250184 0.412052 0.241618 0.0754662 0.0206798
 0.2851 0.447779 0.146793 0.0860762 0.0342519
 0.174117 0.546987 0.174687 0.0572666 0.0469422
 0.26623 0.38557 0.230615 0.0736496 0.0439354
 0.25257 0.485937 0.137405 0.0821842 0.0419037
 0.281802 0.463069 0.165871 0.0469023 0.0423564
 0.205244 0.539254 0.164738 0.059009 0.0317541
 0.114702 0.509245 0.255158 0.0779489 0.0429462
 0.0992 0.380925 0.299045 0.149837 0.0709935
 0.146138 0.324233 0.223966 0.175825 0.129838
 0.139465 0.434517 0.16177 0.111744 0.152505
 0.199776 0.424385 0.189776 0.070653 0.11541
 0.238226 0.479668 0.14961 0.0669024 0.0655937
 0.195639 0.515323 0.181999 0.0567663 0.0502727
 0.317975 0.396476 0.18294 0.06461 0.037999
 0.34575 0.471203 0.106409 0.0490986 0.0275388
 0.319936 0.502247 0.128067 0.0289206 0.0208292
 0.275843 0.515765 0.153903 0.0392436 0.0152448
 0.313682 0.451794 0.167035 0.0498428 0.0176465
 0.283794 0.50151 0.141332 0.0522524 0.0211123
 0.279864 0.482767 0.166213 0.0468408 0.0243148
 0.106577 0.595293 0.199862 0.0688107 0.0294579
 0.209209 0.299648 0.327251 0.109871 0.0540214
 0.35391 0.371969 0.10387 0.113439 0.0568117
pobs_RECLAS
 0 0 0 0 0
 0 0 0 0 0
 0 0 0 0 0
 0 0 0 0 0
 0.835266 0.146461 0.0176864 0.000547809 3.91292e-05
 0.385257 0.428462 0.181853 0.0044286 0
 0.867414 0.0963971 0.0333333 0.00285562 0
 0.441836 0.489002 0.0689373 0.000224442 0
 0.779404 0.147425 0.0564933 0.0165055 0.000172143
 0.814271 0.122319 0.05973 0.00367925 0
 0.40263 0.566651 0.0304383 0.000280538 0
 0.475488 0.404961 0.113038 0.00651328 0
 0.955842 0.0263864 0.0167828 0.000988607 0
 0.975058 0.0227948 0.00214734 0 0
 0.738997 0.206755 0.0527124 0.00153531 0
 0.850938 0.134255 0.0134407 0.00136685 0
 0.542534 0.407297 0.0501686 0 0
 0.764087 0.199537 0.0359546 0.000420521 0
 0.470689 0.182191 0.310203 0.0369168 0
 0.84361 0.089868 0.0606195 0.00523954 0.000663233
 0.607945 0.314616 0.071237 0.00620181 0
 0.523733 0.453247 0.0230204 0 0
 0.530135 0.295979 0.169645 0.0042399 0
 0.562478 0.366248 0.0663022 0.0049721 0
 0.250443 0.683176 0.0655157 0.000865301 0
 0.195077 0.31981 0.436473 0.0351445 0.0134964
 0.565238 0.351407 0.0832357 0.000118908 0
ppred_RECLAS
 0.762029 0.168173 0.0624439 0.00735038 3.72131e-06
 0.695554 0.238963 0.0462762 0.0171827 0.00202363
 0.517075 0.345458 0.107899 0.0208951 0.00867223
 0.620569 0.208511 0.122267 0.0381883 0.0104646
 0.661045 0.212305 0.0695988 0.0408113 0.0162398
 0.509559 0.324822 0.103736 0.0340071 0.0278761
 0.640609 0.188847 0.112952 0.0360726 0.021519
 0.6255 0.243479 0.068847 0.0411784 0.0209959
 0.659837 0.219325 0.0785621 0.0222145 0.0200615
 0.559941 0.298587 0.0912161 0.0326735 0.0175823
 0.392147 0.349652 0.175194 0.0535204 0.0294872
 0.353566 0.27336 0.214601 0.107526 0.0509465
 0.462163 0.20423 0.141074 0.11075 0.0817834
 0.455837 0.274769 0.102296 0.0706615 0.0964369
 0.56226 0.232148 0.103811 0.0386487 0.0631321
 0.609232 0.246056 0.0767457 0.034319 0.0336477
 0.548086 0.289524 0.102253 0.031893 0.0282447
 0.698184 0.175452 0.0809563 0.0285918 0.0168156
 0.723017 0.199489 0.0450492 0.0207864 0.0116588
 0.698698 0.22252 0.0567402 0.0128132 0.00922833
 0.651395 0.248286 0.074088 0.0188916 0.00733874
 0.691817 0.202873 0.0750051 0.0223814 0.00792397
 0.660692 0.237594 0.0669569 0.024755 0.0100021
 0.656354 0.230375 0.079316 0.0223522 0.0116029
 0.369463 0.42013 0.141053 0.0485635 0.02079
 0.565206 0.164753 0.17993 0.0604092 0.0297022
 0.729406 0.155788 0.0435028 0.0475103 0.0237938
pobs_PELACES
 0 0 0 0 0
 0 0 0 0 0
 0 0 0 0 0
 0 0 0 0 0
 0 0 0 0 0
 0 0 0 0 0
 0 0 0 0 0
 0 0 0 0 0
 0 0 0 0 0
 0 0 0 0 0
 0.450072 0.473896 0.0757376 0.000293798 0
 0 0 0 0 0
 0.463077 0.371075 0.160297 0.00555027 0
 0.529543 0.364841 0.0842815 0.0213345 0
 0.631943 0.363953 0.00410389 0 0
 0.735681 0.248677 0.0153453 0.000297389 0
 0.695825 0.281241 0.0229344 0 0
 0.275771 0.60734 0.115278 0.00161068 0
 0 0 0 0 0
 0.896147 0.0623911 0.0374545 0.00400742 0
 0.803859 0.145111 0.0509908 3.86294e-05 0
 0.739449 0.233085 0.0266225 0.000797448 4.60066e-05
 0.878498 0.100942 0.0204185 0.000141795 0
 0.694673 0.275183 0.0284847 0.00165964 0
 0.469039 0.446079 0.0841089 0.000773354 0
 0.822795 0.102175 0.0682046 0.00682512 0
 0 0 0 0 0
ppred_PELACES
 0.729935 0.187664 0.07363 0.00876583 4.44798e-06
 0.654136 0.267998 0.0548401 0.0205944 0.00243093
 0.474702 0.36952 0.121955 0.0238861 0.00993609
 0.56033 0.235231 0.145752 0.046042 0.0126454
 0.60101 0.244214 0.0845962 0.0501704 0.0200093
 0.455309 0.353403 0.11926 0.0395415 0.0324862
 0.583706 0.21259 0.134359 0.0433978 0.0259475
 0.576193 0.269614 0.0805577 0.0487315 0.0249034
 0.612488 0.24453 0.0925545 0.0264691 0.0239579
 0.505894 0.328785 0.106133 0.0384499 0.0207376
 0.350072 0.36444 0.192952 0.0596166 0.0329205
 0.309342 0.281954 0.233892 0.118527 0.0562858
 0.421524 0.211248 0.154191 0.122426 0.0906109
 0.437661 0.275094 0.108221 0.0756058 0.103419
 0.541696 0.236028 0.111528 0.0419945 0.068753
 0.567254 0.266287 0.0877627 0.0396925 0.0390044
 0.505347 0.310047 0.115707 0.0365004 0.0323984
 0.655864 0.195046 0.0950978 0.0339687 0.0200233
 0.680345 0.226292 0.0539979 0.0251993 0.014166
 0.652375 0.252745 0.0680995 0.0155536 0.0112274
 0.596099 0.282788 0.0891653 0.0229951 0.00895307
 0.640038 0.232173 0.0907023 0.0273736 0.00971343
 0.607793 0.269702 0.0803127 0.030031 0.0121613
 0.602936 0.260979 0.0949447 0.0270614 0.0140793
 0.317146 0.445931 0.1582 0.0550873 0.0236364
 0.503636 0.181222 0.209133 0.0710135 0.0349953
 0.681566 0.178436 0.0526509 0.058156 0.0291914
pobs_pel_tallas
 0 0 0 0 0 0 0 0 0 0 0 0 0 0 0 0 0 0 0 0 0 0 0 0 0 0 0 0 0 0 0 0 0 0 0 0
 0 0 0 0 0 0 0 0 0 0 0 0 0 0 0 0 0 0 0 0 0 0 0 0 0 0 0 0 0 0 0 0 0 0 0 0
 0 0 0 0 0 0 0 0 0 0 0 0 0 0 0 0 0 0 0 0 0 0 0 0 0 0 0 0 0 0 0 0 0 0 0 0
 0 0 0 0 0 0 0 0 0 0 0 0 0 0 0 0 0 0 0 0 0 0 0 0 0 0 0 0 0 0 0 0 0 0 0 0
 0 0 0 0 0 0 0 0 0 0 0 0 0 0 0 0 0 0 0 0 0 0 0 0 0 0 0 0 0 0 0 0 0 0 0 0
 0 0 0 0 0 0 0 0 0 0 0 0 0 0 0 0 0 0 0 0 0 0 0 0 0 0 0 0 0 0 0 0 0 0 0 0
 0 0 0 0 0 0 0 0 0 0 0 0 0 0 0 0 0 0 0 0 0 0 0 0 0 0 0 0 0 0 0 0 0 0 0 0
 0 0 0 0 0 0 0 0 0 0 0 0 0 0 0 0 0 0 0 0 0 0 0 0 0 0 0 0 0 0 0 0 0 0 0 0
 0 0 0 0 0 0 0 0 0 0 0 0 0 0 0 0 0 0 0 0 0 0 0 0 0 0 0 0 0 0 0 0 0 0 0 0
 0 0 0 0 0 0 0 0 0 0 0 0 0 0 0 0 0 0 0 0 0 0 0 0 0 0 0 0 0 0 0 0 0 0 0 0
 0 0 0 0 0 0 0 0 1.78061e-05 0.00172719 0.00360574 0.0105946 0.0120993 0.0124554 0.0147524 0.0171206 0.0266825 0.0428682 0.0675386 0.121331 0.153587 0.119568 0.100827 0.0573624 0.0630603 0.0341343 0.0324427 0.0444173 0.0211091 0.0280891 0.0125444 0.00206551 0 0 0 0
 0 0 0 0 0 0 0 0 0 0 0 0 0 0 0 0 0 0 0 0 0 0 0 0 0 0 0 0 0 0 0 0 0 0 0 0
 0 0 0 0 0 0 0.0133647 0.0140871 0.0187388 0.0205184 0.03894 0.0496705 0.03968 0.0493445 0.0407372 0.0367815 0.0215668 0.0243155 0.0234873 0.0199281 0.019796 0.0243948 0.0301388 0.0376714 0.0412746 0.0863199 0.0771752 0.113111 0.0741005 0.0525337 0.0229764 0.00759418 0.00175318 0 0 0
 0 0 0 0 0 0 0 0 0 0 0.00219441 0.00772107 0.0458388 0.0604681 0.0671733 0.0775358 0.0609151 0.0617685 0.073594 0.0568108 0.0755445 0.0548602 0.0670107 0.0636378 0.0643287 0.046367 0.0373049 0.0286899 0.0247887 0.0153202 0.00654259 0.00121912 0.000365735 0 0 0
 0 0 0 0 0 0 0 0 0 0 0 0 0.000112435 0.00938835 0.0111873 0.0202946 0.0414886 0.0713402 0.111592 0.104902 0.108894 0.110636 0.117776 0.105296 0.107544 0.0401394 0.0192827 0.0124803 0.00416011 0.0028671 0.000618394 0 0 0 0 0
 0 0 0 0 0 0 0 0 0 0 0.00291406 0.0102884 0.027416 0.0768956 0.0749926 0.110853 0.0956884 0.0897413 0.0766577 0.0534642 0.0500743 0.0551293 0.0594112 0.0620874 0.0668451 0.0424026 0.0208742 0.0120726 0.0048766 0.00582813 0.00118941 0.000297354 0 0 0 0
 0 0.00264628 0.0354308 0.0461629 0.0458689 0.0383711 0.0214643 0.0164657 0.0346957 0.0420465 0.0363128 0.0245516 0.0311673 0.0291091 0.0169068 0.0133784 0.00837989 0.0085269 0.0148486 0.0160247 0.0276389 0.0546898 0.0760071 0.122758 0.109233 0.0665981 0.0333725 0.0166128 0.00676272 0.00308733 0.000882094 0 0 0 0 0
 0 0 0 0 0 0 0 0.000805153 0.000690131 0.00759144 0.0133425 0.0154129 0.00931677 0.000345066 0.00356568 0.00563607 0.00851162 0.0253048 0.0502646 0.0516448 0.0657925 0.0565908 0.0611916 0.0827007 0.0866115 0.110766 0.145733 0.0935128 0.0569358 0.0249597 0.0138026 0.00621118 0.00161031 0.00115022 0 0
 0 0 0 0 0 0 0 0 0 0 0 0 0 0 0 0 0 0 0 0 0 0 0 0 0 0 0 0 0 0 0 0 0 0 0 0
 0.00147267 0.00158595 0.00478618 0.00569244 0.00954404 0.0108468 0.00647125 0.017049 0.0510054 0.094081 0.124002 0.0959785 0.0687766 0.0820023 0.061753 0.0591476 0.0492212 0.0479892 0.0443925 0.0268479 0.0217502 0.0140895 0.0121071 0.0120363 0.00920419 0.00665534 0.0049561 0.00860946 0.00930331 0.0156896 0.0114698 0.00855282 0.00243557 0.00046729 0 2.83206e-05
 0 0 0 0 0.000772559 0.00158375 0.000888443 0.00281984 0.00712685 0.0440552 0.0773331 0.111326 0.0921469 0.0852325 0.0710754 0.0886704 0.0786465 0.0553345 0.0373146 0.0185414 0.00753245 0.00457741 0.012979 0.0271748 0.0457355 0.0583668 0.034881 0.0177882 0.00938659 0.00492506 0.0015258 0.00185414 0.000309023 5.79419e-05 3.86279e-05 0
 0 0.00173294 0.00326652 0 0.00397197 0.00683976 0.00946217 0.0152591 0.00757587 0.0136028 0.0228656 0.0392903 0.0559909 0.0764795 0.0681675 0.0726916 0.0566044 0.0477403 0.0527397 0.0444891 0.0609904 0.0582453 0.0661739 0.0445044 0.0529084 0.0360697 0.0280645 0.0235558 0.0158879 0.00826598 0.00280645 0.00217768 0.000904811 0.00058276 9.20147e-05 0
 0 0 0 0 0 0 0 0 0 0 0 0 0 0 0 0 0 0 0 0 0 0 0 0 0 0 0 0 0 0 0 0 0 0 0 0
 0 0 0 0 0 0 0 0 0 0 0 0 0 0 0 0 0 0 0 0 0 0 0 0 0 0 0 0 0 0 0 0 0 0 0 0
 0 0 0 0 0 0 0 0 0 0 0 0 0 0 0 0 0 0 0 0 0 0 0 0 0 0 0 0 0 0 0 0 0 0 0 0
 0 0 0 0 0 0 0 0 0 0 0 0 0 0 0 0 0 0 0 0 0 0 0 0 0 0 0 0 0 0 0 0 0 0 0 0
 0 0 0 0 0 0 0 0 0 0 0 0 0 0 0 0 0 0 0 0 0 0 0 0 0 0 0 0 0 0 0 0 0 0 0 0
ppred_pel_tallas
 1.01408e-16 3.1849e-05 0.000186925 0.000888553 0.00342097 0.010668 0.0269465 0.0551362 0.091395 0.122743 0.133574 0.117834 0.0843767 0.0492977 0.024028 0.0107614 0.00603328 0.00575983 0.00743355 0.00993921 0.0127936 0.015674 0.0182684 0.0202818 0.0214892 0.0217823 0.0211892 0.0198571 0.0180078 0.0158813 0.0136879 0.0115793 0.00964337 0.00791644 0.00640244 0.00509097
 1.01688e-16 2.8547e-05 0.000167532 0.000796341 0.0030659 0.00956068 0.0241497 0.0494143 0.0819133 0.110018 0.11975 0.105695 0.075806 0.0445359 0.0221652 0.0107027 0.00708513 0.00768004 0.0102386 0.0137168 0.0175875 0.021425 0.0247916 0.0272762 0.0285767 0.0285675 0.0273253 0.0250992 0.0222419 0.0191228 0.0160539 0.0132464 0.0108043 0.0087451 0.00703353 0.00561403
 1.03137e-16 2.07271e-05 0.000121613 0.000578014 0.00222525 0.00693912 0.0175279 0.0358666 0.059461 0.079879 0.0869887 0.0768837 0.0553708 0.0329912 0.0172769 0.00977104 0.00833687 0.0104044 0.0143599 0.0193903 0.024969 0.0305616 0.0355748 0.0394362 0.0417125 0.0422026 0.0409756 0.0383338 0.0347228 0.0306188 0.0264315 0.0224486 0.0188266 0.0156172 0.0128091 0.0103663
 1.04319e-16 2.44555e-05 0.000143514 0.00068216 0.00262629 0.00818977 0.0206868 0.0423289 0.0701685 0.0942453 0.102587 0.0905576 0.0649748 0.0382249 0.0191248 0.00941001 0.00647647 0.00723723 0.00979404 0.0132812 0.0172726 0.0214196 0.0253487 0.0286888 0.0311379 0.0325209 0.0328143 0.0321298 0.0306663 0.0286505 0.0262866 0.0237299 0.0210854 0.0184232 0.0157981 0.013264
 1.0394e-16 2.62295e-05 0.000153929 0.000731673 0.00281692 0.00878426 0.0221884 0.0454014 0.0752613 0.101084 0.110027 0.097116 0.0696598 0.0409389 0.0204026 0.00990181 0.00663015 0.00726158 0.009745 0.0131393 0.0169804 0.0208958 0.0244972 0.0274111 0.0293498 0.0301711 0.0299012 0.0287114 0.0268595 0.0246201 0.0222244 0.0198292 0.0175163 0.0153122 0.013218 0.0112323
 1.04685e-16 1.98808e-05 0.000116646 0.000554403 0.00213435 0.00665565 0.0168119 0.0344015 0.057032 0.0766161 0.0834357 0.0737444 0.0531119 0.0316495 0.0165827 0.0093933 0.00803497 0.0100471 0.0138883 0.0187865 0.0242467 0.0297665 0.0347864 0.0387643 0.0412861 0.0421538 0.0414195 0.0393509 0.0363462 0.0328285 0.029157 0.0255781 0.0222207 0.0191246 0.0162816 0.0136724
 1.04681e-16 2.54738e-05 0.000149495 0.000710598 0.00273579 0.00853125 0.0215493 0.0440935 0.0730927 0.0981698 0.10685 0.0943022 0.0676195 0.0396961 0.0197037 0.00943457 0.00616055 0.00665429 0.00893594 0.0121154 0.015777 0.0196017 0.0232539 0.0264 0.0287673 0.0301947 0.0306548 0.0302391 0.0291152 0.0274739 0.0254858 0.0232786 0.0209384 0.018524 0.016086 0.0136792
 1.0407e-16 2.51484e-05 0.000147579 0.000701482 0.00270067 0.00842172 0.0212727 0.043528 0.0721568 0.0969177 0.1055 0.0931407 0.0668522 0.0393771 0.0197879 0.00987458 0.00696198 0.00787179 0.0106378 0.0143428 0.0185092 0.0227324 0.0265841 0.029654 0.0316296 0.0323628 0.0318948 0.0304283 0.0282626 0.0257127 0.023042 0.0204265 0.017953 0.0156427 0.0134842 0.0114621
 1.03423e-16 2.673e-05 0.000156867 0.000745643 0.00287071 0.00895198 0.0226121 0.0462683 0.0766981 0.103013 0.112126 0.0989658 0.0709804 0.0417026 0.02076 0.0100364 0.00666896 0.00726557 0.00973405 0.0131147 0.0169355 0.0208192 0.0243736 0.0272214 0.029072 0.0297826 0.0293812 0.028044 0.0260376 0.0236475 0.0211178 0.018618 0.0162401 0.0140175 0.0119528 0.0100413
 1.03904e-16 2.20855e-05 0.000129592 0.000615955 0.00237135 0.00739473 0.0186787 0.0382209 0.0633621 0.0851136 0.0926735 0.0818708 0.058881 0.0349193 0.0179876 0.00970099 0.00775365 0.00938668 0.0128795 0.017393 0.0224274 0.0275042 0.0320997 0.0357086 0.0379466 0.0386328 0.037821 0.0357677 0.0328517 0.0294759 0.0259826 0.0226073 0.0194736 0.0166191 0.0140335 0.0116932
 1.06445e-16 1.52925e-05 8.97075e-05 0.000426331 0.00164124 0.00511789 0.0129277 0.0264542 0.0438599 0.0589304 0.0642013 0.0568046 0.0410436 0.0247238 0.0134436 0.00839486 0.00806084 0.0105988 0.0148505 0.0202124 0.0262467 0.0324628 0.0382916 0.0431654 0.0466305 0.0484365 0.0485748 0.0472487 0.0447952 0.0415876 0.0379541 0.0341339 0.0302758 0.026463 0.0227497 0.0191869
 1.10115e-16 1.35132e-05 7.92689e-05 0.000376722 0.00145025 0.00452234 0.0114233 0.0233755 0.0387548 0.0520687 0.0567196 0.0501701 0.036218 0.0217545 0.0117193 0.00716019 0.00673679 0.0088322 0.0124519 0.0171133 0.0225015 0.0282689 0.0339967 0.0392457 0.0436337 0.0469007 0.0489385 0.0497748 0.0495267 0.0483436 0.0463636 0.0436974 0.0404374 0.0366805 0.0325496 0.0282004
 1.10699e-16 1.84017e-05 0.000107976 0.000513214 0.00197581 0.00616129 0.015563 0.0318451 0.052791 0.0709096 0.0771972 0.0681735 0.0489758 0.0289378 0.0147139 0.00763833 0.00578609 0.00687165 0.00950125 0.0130498 0.0172096 0.0217147 0.0262635 0.0305414 0.0342729 0.0372672 0.0394361 0.0407796 0.0413503 0.0412116 0.0404102 0.0389704 0.0369097 0.0342632 0.0311063 0.0275625
 1.09057e-16 1.91078e-05 0.000112116 0.000532883 0.00205152 0.00639738 0.0161594 0.0330659 0.0548161 0.0736339 0.0801741 0.0708284 0.0509397 0.030211 0.0155671 0.00840928 0.00675107 0.00821988 0.0113492 0.0154441 0.0201111 0.0249797 0.0296379 0.0336787 0.0367791 0.0387628 0.0396234 0.0394974 0.038602 0.0371622 0.0353538 0.0332781 0.0309724 0.0284402 0.025688 0.0227511
 1.06316e-16 2.36428e-05 0.000138743 0.000659481 0.00253897 0.00791747 0.019999 0.0409216 0.0678358 0.091113 0.0991788 0.0875538 0.0628291 0.0369816 0.018538 0.00917912 0.0063908 0.00719099 0.00974507 0.0132143 0.0171828 0.0213086 0.0252274 0.0285807 0.0310832 0.0325775 0.0330565 0.0326421 0.0315332 0.0299431 0.0280491 0.025968 0.0237603 0.0214521 0.0190625 0.0166236
 1.04519e-16 2.47584e-05 0.00014529 0.000690601 0.00265878 0.00829108 0.0209427 0.0428528 0.0710375 0.0954145 0.103864 0.0916978 0.0658192 0.038774 0.0194951 0.00974621 0.00689541 0.00781605 0.010575 0.0142718 0.0184386 0.0226784 0.02657 0.0297083 0.0317828 0.0326429 0.0323226 0.0310136 0.0290019 0.0265892 0.0240274 0.0214846 0.0190438 0.0167266 0.0145253 0.012431
 1.04512e-16 2.20609e-05 0.000129449 0.00061528 0.00236876 0.00738665 0.0186583 0.038179 0.063292 0.085018 0.0925655 0.0817659 0.0587852 0.0348217 0.017863 0.00951559 0.00747074 0.00897019 0.0122989 0.016631 0.0214888 0.0264234 0.0309435 0.0345724 0.0369426 0.0378731 0.0373995 0.0357439 0.0332424 0.0302545 0.0270862 0.023949 0.0209566 0.018149 0.0155285 0.0130894
 1.03517e-16 2.86194e-05 0.000167964 0.000798409 0.00307389 0.0095856 0.0242125 0.0495424 0.0821236 0.110294 0.120035 0.105909 0.0758778 0.0444141 0.0218022 0.01003 0.00600353 0.00607124 0.00799303 0.0107704 0.0139604 0.017251 0.0203294 0.0228922 0.0246998 0.0256225 0.025661 0.0249291 0.0236112 0.0219094 0.0199991 0.0180053 0.0160026 0.014029 0.0121068 0.0102576
 1.02369e-16 2.96881e-05 0.000174236 0.000828218 0.00318865 0.00994348 0.0251165 0.0513923 0.0851906 0.114415 0.124523 0.109879 0.0787433 0.0461335 0.022723 0.0105787 0.00649357 0.00667602 0.00878946 0.0117735 0.0151322 0.0184981 0.0215036 0.0238028 0.0251384 0.0253975 0.024633 0.0230389 0.0208936 0.0184884 0.0160677 0.0137952 0.0117502 0.00994667 0.0083613 0.0069602
 1.02109e-16 2.84696e-05 0.000167079 0.00079419 0.00305763 0.00953488 0.0240845 0.0492808 0.0816916 0.109719 0.119421 0.105398 0.0755775 0.0443705 0.0220256 0.0105413 0.00685866 0.00735384 0.00978772 0.0131293 0.0168706 0.0206099 0.0239354 0.026458 0.027887 0.0280944 0.0271387 0.0252389 0.0227109 0.0198884 0.0170547 0.0144044 0.0120369 0.00997606 0.0082008 0.00667324
 1.02567e-16 2.6017e-05 0.000152677 0.000725715 0.00279397 0.00871267 0.0220077 0.0450318 0.0746498 0.100266 0.109146 0.0963602 0.0691653 0.0407439 0.0204823 0.0102322 0.00722473 0.00816912 0.0110258 0.0148376 0.0190986 0.0233761 0.0272126 0.0301709 0.0319207 0.0323101 0.0313929 0.0294008 0.0266745 0.0235763 0.0204167 0.0174117 0.014677 0.0122482 0.010114 0.00824561
 1.02758e-16 2.79309e-05 0.000163918 0.000779166 0.00299978 0.00935451 0.0236288 0.0483485 0.0801457 0.107642 0.117157 0.103393 0.0741251 0.0434885 0.0215342 0.0102193 0.00654054 0.00694388 0.00923998 0.0124323 0.0160453 0.0197127 0.0230588 0.0257228 0.0274269 0.0280339 0.0275705 0.0262056 0.024196 0.0218188 0.0193131 0.0168484 0.0145201 0.0123668 0.010395 0.00860138
 1.02829e-16 2.65263e-05 0.000155669 0.000739941 0.00284875 0.00888349 0.0224391 0.0459145 0.0761124 0.102229 0.111278 0.0982317 0.0704849 0.0414735 0.0207605 0.0102255 0.00703664 0.00783254 0.010533 0.0141695 0.0182438 0.0223406 0.0260252 0.0288826 0.0305998 0.031033 0.0302334 0.0284202 0.0259142 0.0230551 0.0201316 0.0173417 0.0147885 0.0125004 0.0104636 0.00865123
 1.03021e-16 2.63142e-05 0.000154425 0.000734026 0.00282597 0.00881248 0.0222598 0.0455474 0.0755038 0.101411 0.110386 0.0974421 0.0699125 0.0411253 0.0205655 0.0100962 0.00690793 0.00766677 0.0103126 0.0138913 0.0179178 0.0219917 0.0256926 0.0286164 0.0304539 0.0310557 0.0304578 0.0288573 0.0265496 0.0238517 0.0210356 0.018292 0.0157255 0.0133743 0.0112387 0.00930746
 1.05389e-16 1.386e-05 8.12902e-05 0.000386298 0.00148707 0.00463711 0.0117134 0.0239702 0.039745 0.0534118 0.0582159 0.0515724 0.0374015 0.0228061 0.0128997 0.00881044 0.00920971 0.0124567 0.0174959 0.0237237 0.0306288 0.0376027 0.0439423 0.0489606 0.0521308 0.0531984 0.0522253 0.0495466 0.0456646 0.0411167 0.0363629 0.0317234 0.0273724 0.0233711 0.0197188 0.0163966
 1.07104e-16 2.19812e-05 0.000128993 0.000613136 0.00236054 0.00736107 0.0185935 0.0380455 0.0630674 0.0847061 0.092199 0.0813783 0.0583678 0.0342972 0.0170872 0.00829569 0.00558495 0.0061926 0.0084384 0.0115866 0.0153114 0.0193655 0.0234745 0.0273452 0.0307095 0.0333657 0.0351996 0.0361801 0.0363364 0.035729 0.0344281 0.032507 0.0300476 0.0271511 0.0239447 0.0205785
 1.04168e-16 2.97393e-05 0.000174541 0.00082968 0.0031943 0.0099611 0.025161 0.0514829 0.0853394 0.114611 0.124726 0.110032 0.0787973 0.0460532 0.022476 0.0101181 0.00574993 0.00556506 0.00723031 0.00971356 0.0125736 0.0155194 0.0182694 0.0205561 0.0221735 0.0230184 0.023106 0.022551 0.0215256 0.0202085 0.0187436 0.0172206 0.0156778 0.0141199 0.0125425 0.0109496
pSPR Fmed_Fpbrs
0.440312   0.6 0.325
Fs Fmed_Fpbrs
0.64   0.342005 1.03733
SSBpbr Bo_Bmed_Bpbrs
2.78309e+06  1.08628e+06  1.5307e+06 765351
Ro
63576.6
SPR SPRFo_SPRFmed_SPRFpbrs
1.31312e+06 578185 426766
log_Ro
10.88
likeval ReclasPelacesDesembMPH_pf_preclas_ppelaces_ptallas_desvR_qrecl_qpela
 95.8269 40.4713 0.0555773 52.3389 347.353 231.558 59.0765 0 23.8113 8.96611e-05 3.86937e-06 1.27485e-15 0 0 0
q_reclas_q_pelaces
0.261377 1.32294
M
0.7
N
 75029.7 18870.3 7006.67 824.767 0.417558
 92181.8 34835.6 6746.05 2504.85 295
 57258.9 43586.2 13613.6 2636.32 1094.17
 77204.7 26587.8 15590.5 4869.48 1334.37
 117208 37855.8 12410.1 7277 2895.7
 85422.5 58035.1 18534.2 6075.95 4980.54
 133574 41051.7 24553.6 7841.48 4677.8
 153484 64924.2 18358.2 10980.3 5598.6
 201918 73026.2 26157.9 7396.51 6679.63
 169174 96008.6 29329.9 10505.9 5653.48
 80340.7 81360.3 40765.7 12453.6 6861.37
 43179.4 37366.4 29334.5 14698.1 6964.03
 38577.2 20234.4 13977 10972.7 8102.8
 21586.9 17539.8 6530.04 4510.67 6156.04
 16820 9193.09 4110.95 1530.5 2500.04
 15654.4 7230.17 2255.12 1008.44 988.712
 11997.1 7255.3 2562.39 799.22 707.796
 19871.9 5557.07 2564.12 905.584 532.6
 31284.5 9340.03 2109.2 973.216 545.865
 43887.3 14917.7 3803.85 858.998 618.666
 53632.9 21075.6 6288.92 1603.6 622.945
 85922.5 26218.8 9693.47 2892.51 1024.07
 111293 41803.6 11780.8 4355.52 1759.82
 147278 54042.1 18606.2 5243.46 2721.86
 60373.8 71483.2 23999.6 8262.85 3537.33
 96504.5 29364.1 32069.1 10766.8 5293.84
 208022 46875.9 13089.8 14295.7 7159.47
pred_Ctot
 3522.8 3873.5 1438.26 169.3 0.0857122
 3180.45 5411.19 1047.9 389.092 45.8239
 2684.04 8933.97 2790.4 540.372 224.274
 699.823 1152.61 675.863 211.097 57.8463
 244.067 383.332 125.666 73.6876 29.3222
 1984.76 6235.1 1991.25 652.781 535.093
 2039.68 2953.98 1766.82 564.254 336.603
 4633.92 8915.52 2520.99 1507.84 768.811
 6186.06 10165.2 3641.16 1029.59 929.801
 3843.78 10099 3085.18 1105.11 594.684
 3677.31 16326.2 8180.27 2499.01 1376.84
 1755.14 6739.68 5290.98 2651.06 1256.08
 2353.74 5222.21 3607.28 2831.89 2091.22
 2230.59 6949.65 2587.34 1787.22 2439.15
 1639.1 3481.95 1557.05 579.686 946.907
 753.858 1517.89 473.436 211.71 207.569
 582.377 1534.01 541.773 168.981 149.651
 767.152 956.544 441.365 155.879 91.6769
 896.725 1222.09 275.977 127.34 71.4236
 1042.1 1635.92 417.143 94.2006 67.845
 600.89 1123.53 335.259 85.4873 33.2088
 1253.12 1804.87 667.286 199.117 70.4959
 1775.46 3137.53 884.195 326.9 132.082
 2397.12 4135.05 1423.66 401.205 208.264
 894.145 4994.31 1676.78 577.3 247.142
 1517.95 2174.15 2374.43 797.185 391.962
 4075.83 4283.81 1196.23 1306.43 654.277
F
 0.0672449 0.328632 0.328632 0.328632 0.328632
 0.0490215 0.239572 0.239572 0.239572 0.239572
 0.0671319 0.32808 0.32808 0.32808 0.32808
 0.012675 0.0619438 0.0619438 0.0619438 0.0619438
 0.00289922 0.0141688 0.0141688 0.0141688 0.0141688
 0.032778 0.160189 0.160189 0.160189 0.160189
 0.0214348 0.104754 0.104754 0.104754 0.104754
 0.0427798 0.209069 0.209069 0.209069 0.209069
 0.0434226 0.21221 0.21221 0.21221 0.21221
 0.0320428 0.156596 0.156596 0.156596 0.156596
 0.0655041 0.320124 0.320124 0.320124 0.320124
 0.0579804 0.283355 0.283355 0.283355 0.283355
 0.0881855 0.43097 0.43097 0.43097 0.43097
 0.153634 0.750821 0.750821 0.750821 0.750821
 0.144309 0.705251 0.705251 0.705251 0.705251
 0.0690229 0.337321 0.337321 0.337321 0.337321
 0.0695949 0.340116 0.340116 0.340116 0.340116
 0.0549948 0.268764 0.268764 0.268764 0.268764
 0.0405755 0.198296 0.198296 0.198296 0.198296
 0.0335086 0.16376 0.16376 0.16376 0.16376
 0.0156871 0.0766644 0.0766644 0.0766644 0.0766644
 0.0204636 0.100007 0.100007 0.100007 0.100007
 0.0224031 0.109486 0.109486 0.109486 0.109486
 0.0228615 0.111726 0.111726 0.111726 0.111726
 0.0207833 0.10157 0.10157 0.10157 0.10157
 0.0220859 0.107936 0.107936 0.107936 0.107936
 0.027578 0.134776 0.134776 0.134776 0.134776
Np
 48349.5 22386.9 35447.7 7175.86 2710.66
YTP_r0W_actual
 83249.5 215100 87317.5 121783 67682.8
YTP_p0W_proyectada
 19349.3 461123 135700 48392.4 84101.6
 19349.3 102727 236459 61130.2 25625.5
CTP_r0_actual
 10152.4 9958.35 2780.81 3036.98 1520.96
CTP_p0_proyectada
 2359.67 21348.3 4321.64 1206.79 1889.92
 2359.67 4755.88 7530.53 1524.44 575.854
Wmedp
 8.2 21.6 31.4 40.1 44.5
nmprior
 10.8 10.6 4.6 0
nm_flota  nm_reclas  nm_pelaces    nm_pelaL
inf 10.0263 11.8525 31.8663
cv_recla  cv_pelaces  cv_mph
0.706469 0.348445 0.580055
 ------------------------------------------------
Talla a la edad & desviaci?n 
 7.2 14.2025 17.0495 18.207 18.6776
 1.08 2.13037 2.55742 2.73105 2.80164
