years
 1997 1998 1999 2000 2001 2002 2003 2004 2005 2006 2007 2008 2009 2010 2011 2012 2013 2014 2015 2016 2017 2018 2019 2020 2021 2022 2023
reclasobs
 0 0 0 370054 412103 1.49427e+06 250295 1.28982e+06 931140 785840 897777 1.04006e+06 184774 17550 25797 100020 73551 82996 120727 218422 84188 347160 605670 569463 516374 1.08416e+06 1.01767e+06
reclaspred
 753715 181216 461532 255355 349531 411637 806729 597820 742402 857206 784585 550494 322840 119022 75569.3 76391.9 65079 74833.3 103509 163641 245233 257653 468728 559611 731534 652150 551757
pelacesobs
 0 0 0 0 0 0 0 0 0 2.06254e+06 1.5e+06 0 1.87456e+06 323000 250000 174000 83755 137374 0 501740 490994 745055 786931 1.00524e+06 1.33801e+06 1.41789e+06 0
pelacespred
 2.92847e+06 589695 802664 721533 961644 689663 2.38724e+06 1.80069e+06 2.31821e+06 2.47395e+06 1.74909e+06 1.29357e+06 845715 264147 202384 164804 139568 191538 245995 371898 658278 591631 861111 1.28074e+06 1.39559e+06 1.34408e+06 1.17726e+06
mphobs
 0 0 0 0 0 0 112323 0 153150 637223 0 255016 313432 73983 77613 109348 50772 17779 17303 59886 28197 0 207744 136588 643089 65757 70829
mphpred
 251741 134736 141047 117320 112421 174422 222453 295713 287345 349467 372346 253608 154660 129973 54691.6 51324.8 39765.6 39066.3 24686.8 35272.4 56350.8 71124.1 97204.2 137288 175711 157408 137111
desembarqueobs
 350755 77701 442110 56441 14545 235359 269955 359681 431902 328805 639364 411747 362871 311530 167758 66681 60226 58785 57116 73181 50977 67692 138656 160484 209506 203330 245020
desembarquepred
 350753 77694.2 442030 56443.7 14545.3 235504 270035 359512 431819 328796 638944 411542 362973 312089 167495 66693.8 60285 58719 57053.6 73173.6 50982.8 67654.4 138675 160491 209487 203296 244975
Reclutas
 35854.9 45131.2 17457.1 22020.9 41835.4 25702 63533.5 67756.3 97868.5 109853 64129.8 49568.6 49549.3 27055.1 16484.8 9753.42 5714.44 9229.53 13939.7 15489.1 20282.7 34188.2 41319.3 60304.6 22674.7 35347.8 52716.2
log_desv_Rt
 0.147235 0.37733 -0.572496 -0.340252 0.301499 -0.185675 0.719323 0.783673 1.15138 1.2669 0.728665 0.471112 0.470724 -0.13437 -0.629807 -1.15463 -1.68925 -1.20984 -0.797506 -0.692107 -0.422474 0.0996363 0.289085 0.667163 -0.310995 0.132992 0.532679
SSB
 499442 267309 279830 232756 223038 346044 426663 577967 553506 676835 738714 503144 320047 163355 73101.8 67853.4 56817.8 52684.2 73374.9 111090 165229 202610 285835 382770 543835 506253 411053
BT
 1.58629e+06 400575 593973 385786 444699 498148 1.2629e+06 1.20046e+06 1.43376e+06 1.42288e+06 1.34892e+06 953791 725411 400868 223952 128295 111613 133248 156362 222098 337457 328841 478794 706510 787990 782416 733693
Ftot
 0.660348 0.633279 1.12798 0.308025 0.064409 0.687657 0.534579 0.876526 0.911403 0.560469 1.01991 0.981988 1.56064 2.98105 3.02832 1.07971 1.18122 1.21358 0.795479 0.610068 0.292223 0.366462 0.379659 0.40595 0.34775 0.420476 0.616677
BD_Bspro_t
 0.920611 0.657601 0.566109 0.348328 0.462301 0.62756 0.535929 0.574427 0.524073 0.523788 0.510299 0.349031 0.256558 0.165334 0.0914679 0.102622 0.119328 0.153148 0.246454 0.387186 0.510487 0.623678 0.666019 0.663795 0.678231 0.595631 0.543694
BD_Bspro
 0.781395 0.418215 0.437805 0.364155 0.348952 0.541399 0.667531 0.904251 0.865982 1.05893 1.15575 0.787188 0.500726 0.255575 0.114371 0.106159 0.0888936 0.0824263 0.114798 0.173804 0.258507 0.316991 0.4472 0.598858 0.850851 0.792052 0.643109
BD_Bo
 0.632469 0.338507 0.354363 0.294751 0.282445 0.438213 0.540306 0.731909 0.700934 0.857111 0.935472 0.637157 0.405292 0.206865 0.0925726 0.0859262 0.0719513 0.0667166 0.0929184 0.140678 0.209238 0.256576 0.361968 0.484721 0.688686 0.641094 0.520538
BD_Brms
 1.14994 0.615467 0.644297 0.53591 0.513536 0.796751 0.982374 1.33074 1.27442 1.55838 1.70086 1.15847 0.736895 0.376118 0.168314 0.156229 0.13082 0.121303 0.168942 0.255779 0.380433 0.466501 0.658123 0.881312 1.25216 1.16563 0.946433
S_f
 0.130692 1 1 1 1
 0.130692 1 1 1 1
 0.130692 1 1 1 1
 0.130692 1 1 1 1
 0.130692 1 1 1 1
 0.130692 1 1 1 1
 0.130692 1 1 1 1
 0.130692 1 1 1 1
 0.130692 1 1 1 1
 0.130692 1 1 1 1
 0.130692 1 1 1 1
 0.130692 1 1 1 1
 0.130692 1 1 1 1
 0.130692 1 1 1 1
 0.130692 1 1 1 1
 0.130692 1 1 1 1
 0.130692 1 1 1 1
 0.130692 1 1 1 1
 0.130692 1 1 1 1
 0.130692 1 1 1 1
 0.130692 1 1 1 1
 0.130692 1 1 1 1
 0.130692 1 1 1 1
 0.130692 1 1 1 1
 0.130692 1 1 1 1
 0.130692 1 1 1 1
 0.130692 1 1 1 1
Scru_reclas
 0.356792 0.736261 0.933551 0.986054 0.997198
 0.356792 0.736261 0.933551 0.986054 0.997198
 0.356792 0.736261 0.933551 0.986054 0.997198
 0.356792 0.736261 0.933551 0.986054 0.997198
 0.356792 0.736261 0.933551 0.986054 0.997198
 0.356792 0.736261 0.933551 0.986054 0.997198
 0.356792 0.736261 0.933551 0.986054 0.997198
 0.356792 0.736261 0.933551 0.986054 0.997198
 0.356792 0.736261 0.933551 0.986054 0.997198
 0.356792 0.736261 0.933551 0.986054 0.997198
 0.356792 0.736261 0.933551 0.986054 0.997198
 0.356792 0.736261 0.933551 0.986054 0.997198
 0.356792 0.736261 0.933551 0.986054 0.997198
 0.356792 0.736261 0.933551 0.986054 0.997198
 0.356792 0.736261 0.933551 0.986054 0.997198
 0.356792 0.736261 0.933551 0.986054 0.997198
 0.356792 0.736261 0.933551 0.986054 0.997198
 0.356792 0.736261 0.933551 0.986054 0.997198
 0.356792 0.736261 0.933551 0.986054 0.997198
 0.356792 0.736261 0.933551 0.986054 0.997198
 0.356792 0.736261 0.933551 0.986054 0.997198
 0.356792 0.736261 0.933551 0.986054 0.997198
 0.356792 0.736261 0.933551 0.986054 0.997198
 0.356792 0.736261 0.933551 0.986054 0.997198
 0.356792 0.736261 0.933551 0.986054 0.997198
 0.356792 0.736261 0.933551 0.986054 0.997198
 0.356792 0.736261 0.933551 0.986054 0.997198
Scru_pelaces
 1 1 1 1 1
 1 1 1 1 1
 1 1 1 1 1
 1 1 1 1 1
 1 1 1 1 1
 1 1 1 1 1
 1 1 1 1 1
 1 1 1 1 1
 1 1 1 1 1
 1 1 1 1 1
 1 1 1 1 1
 1 1 1 1 1
 1 1 1 1 1
 1 1 1 1 1
 1 1 1 1 1
 1 1 1 1 1
 1 1 1 1 1
 1 1 1 1 1
 1 1 1 1 1
 1 1 1 1 1
 1 1 1 1 1
 1 1 1 1 1
 1 1 1 1 1
 1 1 1 1 1
 1 1 1 1 1
 1 1 1 1 1
 1 1 1 1 1
pf_obs 
 0.256992 0.487395 0.22802 0.0275931 0
 0.321318 0.546541 0.124235 0.00734118 0.000564706
 0.182869 0.594174 0.210203 0.0122559 0.00049798
 0.330522 0.361315 0.267642 0.0388342 0.00168674
 0.649043 0.306663 0.0425973 0.00169635 0
 0.582887 0.30429 0.105238 0.00758474 0
 0.465427 0.430635 0.0974691 0.00646863 0
 0.296916 0.608066 0.0921331 0.00288517 0
 0.311714 0.524322 0.152257 0.0117073 0
 0.15457 0.633149 0.183074 0.0267441 0.00246327
 0.131901 0.49318 0.331252 0.0422183 0.00144891
 0.196976 0.569456 0.194076 0.0375587 0.00193317
 0.518974 0.381816 0.0799577 0.0180837 0.00116848
 0.0928022 0.601141 0.25162 0.0475244 0.00691264
 0.122501 0.610282 0.24278 0.0234846 0.000952079
 0.383417 0.481906 0.127806 0.00687128 0
 0.0376549 0.599619 0.316969 0.0457579 0
 0.0361596 0.667082 0.258105 0.0386534 0
 0.158088 0.579412 0.248529 0.0139706 0
 0.0477256 0.309471 0.559284 0.082774 0.000745712
 0.0406174 0.521527 0.379366 0.0568643 0.0016247
 0.151134 0.462217 0.34131 0.0453401 0
 0.294876 0.26143 0.354403 0.0886775 0.000613685
 0.281977 0.475581 0.204845 0.0348837 0.00271318
 0.0841818 0.532909 0.334909 0.0458182 0.00218182
 0.115287 0.27431 0.454777 0.147771 0.00785563
 0 0 0 0 0
pf_pred 
 0.263196 0.515705 0.197274 0.0238158 9.01069e-06
 0.264473 0.58324 0.106589 0.0407737 0.00492424
 0.113939 0.701454 0.146386 0.0267524 0.0114696
 0.216651 0.502156 0.222608 0.0464557 0.0121298
 0.275146 0.515746 0.134046 0.0594232 0.0156389
 0.135191 0.64845 0.153943 0.040011 0.0224051
 0.352452 0.407787 0.179777 0.0426795 0.0173043
 0.256939 0.628006 0.0724551 0.0319425 0.0106578
 0.320909 0.547743 0.11101 0.0128076 0.00753028
 0.258068 0.632986 0.0878734 0.0178091 0.00326276
 0.15483 0.658852 0.158959 0.0220673 0.00529169
 0.187203 0.573253 0.186736 0.0450533 0.00775426
 0.270586 0.544536 0.130392 0.0424749 0.0120115
 0.26047 0.642666 0.0723125 0.0173156 0.00723561
 0.340563 0.619811 0.0344356 0.00387468 0.00131551
 0.243173 0.726165 0.0288201 0.0016012 0.000241335
 0.177205 0.668754 0.1478 0.00586592 0.00037502
 0.360736 0.482713 0.127242 0.0281215 0.00118745
 0.354892 0.57522 0.0527725 0.0139107 0.00320419
 0.258836 0.640267 0.0899663 0.00825378 0.00267682
 0.246187 0.591529 0.140192 0.0196989 0.00239335
 0.281648 0.533646 0.144942 0.0343512 0.00541325
 0.231063 0.60187 0.12411 0.0337093 0.00924804
 0.256358 0.546906 0.153991 0.0317542 0.0109908
 0.0831215 0.700259 0.159311 0.0448568 0.0124514
 0.184707 0.368566 0.341185 0.0776205 0.0279221
 0.260854 0.503785 0.106398 0.0984938 0.0304682
pobs_RECLAS
 0 0 0 0 0
 0 0 0 0 0
 0 0 0 0 0
 0 0 0 0 0
 0.835266 0.146461 0.0176864 0.000547809 3.91292e-05
 0.385257 0.428462 0.181853 0.0044286 0
 0.867414 0.0963971 0.0333333 0.00285562 0
 0.441836 0.489002 0.0689373 0.000224442 0
 0.779404 0.147425 0.0564933 0.0165055 0.000172143
 0.814271 0.122319 0.05973 0.00367925 0
 0.40263 0.566651 0.0304383 0.000280538 0
 0.475488 0.404961 0.113038 0.00651328 0
 0.955842 0.0263864 0.0167828 0.000988607 0
 0.975058 0.0227948 0.00214734 0 0
 0.738997 0.206755 0.0527124 0.00153531 0
 0.850938 0.134255 0.0134407 0.00136685 0
 0.542534 0.407297 0.0501686 0 0
 0.764087 0.199537 0.0359546 0.000420521 0
 0.470689 0.182191 0.310203 0.0369168 0
 0.84361 0.089868 0.0606195 0.00523954 0.000663233
 0.607945 0.314616 0.071237 0.00620181 0
 0.523733 0.453247 0.0230204 0 0
 0.530135 0.295979 0.169645 0.0042399 0
 0.562478 0.366248 0.0663022 0.0049721 0
 0.250443 0.683176 0.0655157 0.000865301 0
 0.195077 0.31981 0.436473 0.0351445 0.0134964
 0.565238 0.351407 0.0832357 0.000118908 0
ppred_RECLAS
 0.562645 0.282728 0.137134 0.0174864 6.69075e-06
 0.568799 0.322566 0.0747462 0.0302009 0.00368858
 0.333529 0.498172 0.131821 0.0254456 0.0110326
 0.486888 0.298545 0.16781 0.0369896 0.00976732
 0.565526 0.284914 0.0938941 0.0439645 0.0117013
 0.363018 0.445301 0.134043 0.0367982 0.0208388
 0.654616 0.196617 0.109907 0.0275597 0.0113003
 0.568997 0.348315 0.0509546 0.0237272 0.00800621
 0.642517 0.273532 0.0702911 0.0085658 0.00509322
 0.563259 0.357784 0.0629782 0.0134815 0.00249782
 0.412217 0.431669 0.132055 0.0193633 0.00469577
 0.46221 0.349984 0.144556 0.036838 0.00641196
 0.603155 0.275977 0.0837921 0.0288302 0.00824508
 0.666601 0.279228 0.0398376 0.0100758 0.00425792
 0.751658 0.229587 0.0161734 0.00192217 0.000659981
 0.565494 0.412352 0.0207508 0.00121772 0.00018561
 0.459766 0.4179 0.117108 0.00490919 0.000317402
 0.687681 0.220629 0.0737412 0.017214 0.000735083
 0.67854 0.278017 0.0323408 0.0090044 0.00209752
 0.566323 0.361069 0.0643301 0.00623375 0.00204455
 0.53778 0.342237 0.102844 0.0152637 0.00187545
 0.581152 0.289993 0.0998704 0.0250004 0.00398422
 0.518103 0.355045 0.0928314 0.0266317 0.00738891
 0.549811 0.307927 0.109935 0.0239445 0.00838138
 0.243484 0.54101 0.156063 0.0464135 0.0130291
 0.427606 0.223729 0.262605 0.0631034 0.0229564
 0.55504 0.276108 0.0739393 0.0722955 0.0226168
pobs_PELACES
 0 0 0 0 0
 0 0 0 0 0
 0 0 0 0 0
 0 0 0 0 0
 0 0 0 0 0
 0 0 0 0 0
 0 0 0 0 0
 0 0 0 0 0
 0 0 0 0 0
 0 0 0 0 0
 0.450072 0.473896 0.0757376 0.000293798 0
 0 0 0 0 0
 0.463077 0.371075 0.160297 0.00555027 0
 0.529543 0.364841 0.0842815 0.0213345 0
 0.631943 0.363953 0.00410389 0 0
 0.735681 0.248677 0.0153453 0.000297389 0
 0.695825 0.281241 0.0229344 0 0
 0.275771 0.60734 0.115278 0.00161068 0
 0 0 0 0 0
 0.896147 0.0623911 0.0374545 0.00400742 0
 0.803859 0.145111 0.0509908 3.86294e-05 0
 0.739449 0.233085 0.0266225 0.000797448 4.60066e-05
 0.878498 0.100942 0.0204185 0.000141795 0
 0.694673 0.275183 0.0284847 0.00165964 0
 0.469039 0.446079 0.0841089 0.000773354 0
 0.822795 0.102175 0.0682046 0.00682512 0
 0 0 0 0 0
ppred_PELACES
 0.776476 0.15645 0.0598471 0.00722499 2.73357e-06
 0.775796 0.177784 0.0324905 0.0124287 0.00150101
 0.601849 0.315198 0.0657783 0.0120212 0.00515386
 0.702084 0.190975 0.08466 0.0176676 0.0046131
 0.748028 0.179282 0.0465967 0.0206565 0.00543635
 0.60575 0.295616 0.07018 0.0182403 0.010214
 0.834538 0.104198 0.0459368 0.0109055 0.00442162
 0.785569 0.181228 0.0209089 0.00921788 0.00307561
 0.835472 0.132706 0.0268952 0.00310298 0.00182442
 0.764987 0.200504 0.0278346 0.00564119 0.00103351
 0.673018 0.254899 0.0614986 0.00853745 0.00204726
 0.718112 0.198811 0.0647624 0.015625 0.00268927
 0.840464 0.1191 0.028519 0.00929001 0.00262714
 0.909652 0.0785146 0.00883443 0.00211544 0.000883975
 0.938034 0.0582425 0.00323585 0.000364096 0.000123616
 0.787285 0.204097 0.00810024 0.000450035 6.783e-05
 0.721412 0.226431 0.0500432 0.00198612 0.000126977
 0.873086 0.0958338 0.0252616 0.00558301 0.000235746
 0.849442 0.134248 0.0123163 0.00324654 0.00074781
 0.769094 0.199472 0.0280285 0.00257142 0.000833949
 0.734539 0.208311 0.0493696 0.0069371 0.000842834
 0.773378 0.168352 0.0457256 0.0108369 0.00170774
 0.724383 0.215734 0.044486 0.0120827 0.00331486
 0.752747 0.18184 0.0512004 0.0105579 0.00365433
 0.43937 0.428177 0.0974115 0.0274279 0.00761347
 0.667942 0.150112 0.13896 0.0316138 0.0113723
 0.771402 0.155808 0.0329062 0.0304615 0.00942302
pobs_pel_tallas
 0 0 0 0 0 0 0 0 0 0 0 0 0 0 0 0 0 0 0 0 0 0 0 0 0 0 0 0 0 0 0 0 0 0 0 0
 0 0 0 0 0 0 0 0 0 0 0 0 0 0 0 0 0 0 0 0 0 0 0 0 0 0 0 0 0 0 0 0 0 0 0 0
 0 0 0 0 0 0 0 0 0 0 0 0 0 0 0 0 0 0 0 0 0 0 0 0 0 0 0 0 0 0 0 0 0 0 0 0
 0 0 0 0 0 0 0 0 0 0 0 0 0 0 0 0 0 0 0 0 0 0 0 0 0 0 0 0 0 0 0 0 0 0 0 0
 0 0 0 0 0 0 0 0 0 0 0 0 0 0 0 0 0 0 0 0 0 0 0 0 0 0 0 0 0 0 0 0 0 0 0 0
 0 0 0 0 0 0 0 0 0 0 0 0 0 0 0 0 0 0 0 0 0 0 0 0 0 0 0 0 0 0 0 0 0 0 0 0
 0 0 0 0 0 0 0 0 0 0 0 0 0 0 0 0 0 0 0 0 0 0 0 0 0 0 0 0 0 0 0 0 0 0 0 0
 0 0 0 0 0 0 0 0 0 0 0 0 0 0 0 0 0 0 0 0 0 0 0 0 0 0 0 0 0 0 0 0 0 0 0 0
 0 0 0 0 0 0 0 0 0 0 0 0 0 0 0 0 0 0 0 0 0 0 0 0 0 0 0 0 0 0 0 0 0 0 0 0
 0 0 0 0 0 0 0 0 0 0 0 0 0 0 0 0 0 0 0 0 0 0 0 0 0 0 0 0 0 0 0 0 0 0 0 0
 0 0 0 0 0 0 0 0 1.78061e-05 0.00172719 0.00360574 0.0105946 0.0120993 0.0124554 0.0147524 0.0171206 0.0266825 0.0428682 0.0675386 0.121331 0.153587 0.119568 0.100827 0.0573624 0.0630603 0.0341343 0.0324427 0.0444173 0.0211091 0.0280891 0.0125444 0.00206551 0 0 0 0
 0 0 0 0 0 0 0 0 0 0 0 0 0 0 0 0 0 0 0 0 0 0 0 0 0 0 0 0 0 0 0 0 0 0 0 0
 0 0 0 0 0 0 0.0133647 0.0140871 0.0187388 0.0205184 0.03894 0.0496705 0.03968 0.0493445 0.0407372 0.0367815 0.0215668 0.0243155 0.0234873 0.0199281 0.019796 0.0243948 0.0301388 0.0376714 0.0412746 0.0863199 0.0771752 0.113111 0.0741005 0.0525337 0.0229764 0.00759418 0.00175318 0 0 0
 0 0 0 0 0 0 0 0 0 0 0.00219441 0.00772107 0.0458388 0.0604681 0.0671733 0.0775358 0.0609151 0.0617685 0.073594 0.0568108 0.0755445 0.0548602 0.0670107 0.0636378 0.0643287 0.046367 0.0373049 0.0286899 0.0247887 0.0153202 0.00654259 0.00121912 0.000365735 0 0 0
 0 0 0 0 0 0 0 0 0 0 0 0 0.000112435 0.00938835 0.0111873 0.0202946 0.0414886 0.0713402 0.111592 0.104902 0.108894 0.110636 0.117776 0.105296 0.107544 0.0401394 0.0192827 0.0124803 0.00416011 0.0028671 0.000618394 0 0 0 0 0
 0 0 0 0 0 0 0 0 0 0 0.00291406 0.0102884 0.027416 0.0768956 0.0749926 0.110853 0.0956884 0.0897413 0.0766577 0.0534642 0.0500743 0.0551293 0.0594112 0.0620874 0.0668451 0.0424026 0.0208742 0.0120726 0.0048766 0.00582813 0.00118941 0.000297354 0 0 0 0
 0 0.00264628 0.0354308 0.0461629 0.0458689 0.0383711 0.0214643 0.0164657 0.0346957 0.0420465 0.0363128 0.0245516 0.0311673 0.0291091 0.0169068 0.0133784 0.00837989 0.0085269 0.0148486 0.0160247 0.0276389 0.0546898 0.0760071 0.122758 0.109233 0.0665981 0.0333725 0.0166128 0.00676272 0.00308733 0.000882094 0 0 0 0 0
 0 0 0 0 0 0 0 0.000805153 0.000690131 0.00759144 0.0133425 0.0154129 0.00931677 0.000345066 0.00356568 0.00563607 0.00851162 0.0253048 0.0502646 0.0516448 0.0657925 0.0565908 0.0611916 0.0827007 0.0866115 0.110766 0.145733 0.0935128 0.0569358 0.0249597 0.0138026 0.00621118 0.00161031 0.00115022 0 0
 0 0 0 0 0 0 0 0 0 0 0 0 0 0 0 0 0 0 0 0 0 0 0 0 0 0 0 0 0 0 0 0 0 0 0 0
 0.00147267 0.00158595 0.00478618 0.00569244 0.00954404 0.0108468 0.00647125 0.017049 0.0510054 0.094081 0.124002 0.0959785 0.0687766 0.0820023 0.061753 0.0591476 0.0492212 0.0479892 0.0443925 0.0268479 0.0217502 0.0140895 0.0121071 0.0120363 0.00920419 0.00665534 0.0049561 0.00860946 0.00930331 0.0156896 0.0114698 0.00855282 0.00243557 0.00046729 0 2.83206e-05
 0 0 0 0 0.000772559 0.00158375 0.000888443 0.00281984 0.00712685 0.0440552 0.0773331 0.111326 0.0921469 0.0852325 0.0710754 0.0886704 0.0786465 0.0553345 0.0373146 0.0185414 0.00753245 0.00457741 0.012979 0.0271748 0.0457355 0.0583668 0.034881 0.0177882 0.00938659 0.00492506 0.0015258 0.00185414 0.000309023 5.79419e-05 3.86279e-05 0
 0 0.00173294 0.00326652 0 0.00397197 0.00683976 0.00946217 0.0152591 0.00757587 0.0136028 0.0228656 0.0392903 0.0559909 0.0764795 0.0681675 0.0726916 0.0566044 0.0477403 0.0527397 0.0444891 0.0609904 0.0582453 0.0661739 0.0445044 0.0529084 0.0360697 0.0280645 0.0235558 0.0158879 0.00826598 0.00280645 0.00217768 0.000904811 0.00058276 9.20147e-05 0
 0 0 0 0 0 0 0 0 0 0 0 0 0 0 0 0 0 0 0 0 0 0 0 0 0 0 0 0 0 0 0 0 0 0 0 0
 0 0 0 0 0 0 0 0 0 0 0 0 0 0 0 0 0 0 0 0 0 0 0 0 0 0 0 0 0 0 0 0 0 0 0 0
 0 0 0 0 0 0 0 0 0 0 0 0 0 0 0 0 0 0 0 0 0 0 0 0 0 0 0 0 0 0 0 0 0 0 0 0
 0 0 0 0 0 0 0 0 0 0 0 0 0 0 0 0 0 0 0 0 0 0 0 0 0 0 0 0 0 0 0 0 0 0 0 0
 0 0 0 0 0 0 0 0 0 0 0 0 0 0 0 0 0 0 0 0 0 0 0 0 0 0 0 0 0 0 0 0 0 0 0 0
ppred_pel_tallas
 1.0115e-16 3.38771e-05 0.000198835 0.000945179 0.003639 0.0113479 0.0286639 0.05865 0.0972182 0.130559 0.142069 0.125303 0.0896687 0.0522764 0.0252684 0.0109572 0.00563687 0.00494715 0.00621695 0.00827443 0.0106419 0.0130324 0.0151827 0.0168466 0.0178368 0.0180642 0.0175535 0.0164287 0.014876 0.013097 0.0112673 0.0095136 0.00790877 0.00648205 0.00523543 0.00415881
 1.01017e-16 3.38483e-05 0.000198664 0.000944362 0.00363585 0.0113381 0.0286391 0.0585993 0.0971348 0.130449 0.141954 0.125211 0.0896257 0.0522967 0.0253623 0.0111399 0.00593222 0.0053846 0.00682278 0.0090609 0.0115966 0.0141106 0.0163058 0.017909 0.018721 0.0186611 0.0177838 0.0162586 0.0143237 0.0122281 0.0101811 0.00832399 0.0067251 0.0053937 0.00430297 0.00341192
 1.01691e-16 2.6269e-05 0.000154154 0.000732728 0.00282096 0.00879683 0.0222203 0.0454671 0.0753721 0.101239 0.11021 0.0973147 0.0698818 0.0412288 0.0208412 0.0105983 0.00771198 0.00886174 0.0119802 0.0160787 0.0206098 0.0250884 0.0290012 0.031864 0.0333214 0.0332269 0.0316738 0.0289599 0.0255066 0.0217554 0.0180805 0.0147366 0.0118503 0.00944363 0.00747369 0.0058709
 1.02087e-16 3.06347e-05 0.000179796 0.000854659 0.00329047 0.010261 0.0259185 0.053033 0.087909 0.118062 0.128484 0.113351 0.0811825 0.047464 0.0231957 0.0104942 0.00603474 0.00589629 0.00767211 0.0102907 0.0132835 0.0163307 0.0191185 0.0213471 0.0227839 0.023311 0.0229449 0.0218198 0.0201439 0.0181445 0.0160208 0.0139177 0.0119212 0.0100714 0.00838169 0.00685519
 1.01684e-16 3.26375e-05 0.000191556 0.000910568 0.00350574 0.0109323 0.0276142 0.0565023 0.093659 0.125782 0.136878 0.12074 0.0864382 0.0504632 0.0245231 0.0108581 0.0059097 0.00548558 0.00701243 0.00934939 0.0120107 0.0146829 0.0170697 0.018895 0.019953 0.0201522 0.0195325 0.0182463 0.0165138 0.0145668 0.0126015 0.0107516 0.00908439 0.00761558 0.00633076 0.00520563
 1.02197e-16 2.64383e-05 0.00015515 0.000737467 0.00283921 0.00885375 0.022364 0.0457611 0.0758588 0.101891 0.110915 0.0979255 0.0702954 0.0414226 0.0208468 0.0104509 0.00742149 0.00841225 0.0113453 0.0152384 0.0195644 0.0238678 0.0276692 0.0305147 0.0320679 0.0321849 0.0309424 0.0286061 0.0255554 0.0221891 0.018845 0.0157529 0.0130278 0.0106929 0.00871581 0.00704314
 1.01268e-16 3.64067e-05 0.000213691 0.00101582 0.003911 0.0121961 0.0308063 0.0630332 0.104482 0.140308 0.152662 0.134608 0.0962471 0.0559485 0.0267381 0.0110723 0.00493909 0.00363182 0.00427761 0.00564262 0.00727146 0.00894314 0.0104784 0.0117127 0.0125194 0.012834 0.0126647 0.0120834 0.0112019 0.0101419 0.00900985 0.00788231 0.0068045 0.00579719 0.00486746 0.00401779
 1.00817e-16 3.42745e-05 0.000201166 0.000956258 0.00368165 0.0114809 0.0289998 0.0593375 0.0983584 0.132092 0.143742 0.126788 0.0907539 0.0529537 0.0256781 0.0112729 0.00599284 0.00542615 0.00686187 0.00909538 0.0116137 0.0140897 0.0162197 0.0177271 0.0184137 0.0182053 0.0171678 0.0154864 0.013416 0.0112203 0.00911925 0.00725833 0.00570362 0.00445661 0.00347892 0.00271651
 1.00618e-16 3.64486e-05 0.000213934 0.00101697 0.00391542 0.0122099 0.0308412 0.0631046 0.104601 0.140471 0.152845 0.134784 0.0964035 0.0561019 0.0269277 0.0113499 0.00536015 0.00424974 0.00513621 0.00676498 0.00864672 0.0105156 0.0121439 0.0133259 0.0139122 0.013842 0.0131558 0.0119812 0.0104978 0.00889398 0.0073293 0.00591264 0.00469809 0.0036948 0.00288373 0.00223386
 1.00703e-16 3.33778e-05 0.0001959 0.000931218 0.00358523 0.0111802 0.0282404 0.0577837 0.0957836 0.128637 0.139987 0.12349 0.0884235 0.051655 0.0251624 0.011241 0.00625438 0.00591381 0.0075799 0.0100696 0.0128612 0.0156029 0.0179596 0.0196238 0.0203744 0.0201274 0.0189544 0.0170595 0.0147255 0.0122463 0.0098688 0.00775868 0.00599403 0.00458108 0.00348069 0.00263466
 1.01346e-16 2.93698e-05 0.000172364 0.000819315 0.00315436 0.00983654 0.0248464 0.0508399 0.0842758 0.113189 0.123196 0.108725 0.0779536 0.0457456 0.0226708 0.0107867 0.00693238 0.00736427 0.00976804 0.0130775 0.0167686 0.0204299 0.0236424 0.0260123 0.0272488 0.0272287 0.0260218 0.0238632 0.0210884 0.0180515 0.0150543 0.0123049 0.00991022 0.00789448 0.00622993 0.00486676
 1.01647e-16 3.13339e-05 0.0001839 0.000874169 0.00336558 0.0104952 0.0265102 0.0542437 0.089916 0.120758 0.131417 0.115939 0.0830367 0.0485489 0.0237267 0.010734 0.00616816 0.00601497 0.0078071 0.0104409 0.013428 0.016432 0.0191248 0.0211974 0.0224163 0.0226736 0.0220068 0.0205786 0.0186293 0.0164153 0.0141574 0.0120105 0.0100591 0.00833106 0.00682048 0.00550801
 1.00886e-16 3.66657e-05 0.00021521 0.00102304 0.00393879 0.0122828 0.0310253 0.0634812 0.105225 0.141307 0.153752 0.135576 0.0969531 0.0563877 0.0270014 0.0112721 0.0051624 0.00393251 0.00468438 0.00616408 0.00789483 0.00963091 0.0111677 0.0123207 0.0129538 0.0130087 0.0125157 0.0115811 0.0103571 0.00900377 0.00765663 0.00640818 0.00530498 0.00435682 0.00355137 0.00286801
 1.00266e-16 3.96809e-05 0.000232916 0.00110722 0.00426293 0.0132936 0.0335785 0.068705 0.113882 0.152928 0.166383 0.146684 0.104831 0.0608357 0.0288801 0.0116214 0.00466459 0.00286045 0.00306668 0.00394154 0.00500971 0.00606935 0.00697754 0.00761255 0.00788844 0.00777352 0.00729739 0.00654169 0.00561868 0.00464461 0.0037167 0.00289958 0.00222288 0.00168755 0.00127645 0.000965
 1.00084e-16 4.09177e-05 0.000240179 0.00114175 0.0043959 0.0137083 0.0346258 0.0708478 0.117433 0.157695 0.171564 0.151238 0.108056 0.0626487 0.0296304 0.0117308 0.0044073 0.00234224 0.00229394 0.0028871 0.00365123 0.00440817 0.00504639 0.00547516 0.00563188 0.00549529 0.00509058 0.00448216 0.00375736 0.00300606 0.00230308 0.0016977 0.00121165 0.000843863 0.000578703 0.000394275
 1.00201e-16 3.43502e-05 0.000201609 0.000958356 0.00368972 0.0115061 0.0290634 0.0594678 0.098575 0.132385 0.144065 0.127085 0.0909907 0.0531414 0.025861 0.0115081 0.00633598 0.00592564 0.00755516 0.0100019 0.0127249 0.0153608 0.0175664 0.0190312 0.0195377 0.0190137 0.0175505 0.0153773 0.0128036 0.0101476 0.00767383 0.00555582 0.00386925 0.00260859 0.00171619 0.00111196
 1.00859e-16 3.14789e-05 0.000184749 0.000878199 0.00338109 0.0105436 0.0266323 0.0544938 0.0903313 0.121318 0.132032 0.116495 0.0834639 0.0488571 0.0239855 0.011032 0.00658592 0.00661739 0.0086414 0.0115306 0.0147619 0.0179547 0.0207329 0.0227462 0.0237377 0.0236022 0.0224075 0.0203707 0.0177987 0.015015 0.0122953 0.00982963 0.00771499 0.00597127 0.00456917 0.00345732
 1.00593e-16 3.80872e-05 0.000223558 0.00106273 0.00409162 0.0127594 0.0322291 0.0659441 0.109306 0.146786 0.159706 0.14081 0.100661 0.0584725 0.0278654 0.0114007 0.00487144 0.00334454 0.00380794 0.00496931 0.00635744 0.00775356 0.00898858 0.00991255 0.010415 0.010448 0.0100353 0.00926215 0.00825156 0.00713361 0.00601947 0.00498617 0.00407392 0.00329309 0.00263554 0.00208549
 1.00366e-16 3.70577e-05 0.00021751 0.00103397 0.00398088 0.012414 0.0313568 0.0641597 0.10635 0.142819 0.155399 0.137035 0.0980104 0.0570303 0.0273603 0.0115088 0.00539777 0.00423676 0.00509158 0.00668315 0.00851099 0.0103032 0.0118286 0.0128814 0.0133158 0.0130795 0.0122256 0.0108967 0.0092879 0.00760077 0.00600354 0.00460765 0.00346349 0.00257122 0.00189924 0.00140269
 1.00591e-16 3.35569e-05 0.000196951 0.000936216 0.00360448 0.0112402 0.028392 0.0580939 0.0962977 0.129327 0.140738 0.124151 0.0888938 0.051924 0.0252826 0.0112763 0.0062478 0.0058845 0.00753233 0.0100022 0.012771 0.015487 0.0178163 0.0194525 0.0201756 0.0199022 0.0187046 0.0167873 0.0144337 0.0119385 0.00954979 0.00743458 0.00567206 0.00426912 0.00318657 0.00236531
 1.01047e-16 3.20505e-05 0.000188107 0.000894166 0.00344257 0.0107353 0.0271166 0.0554846 0.091973 0.123521 0.134424 0.118593 0.0849402 0.0496668 0.0242816 0.0109978 0.00633361 0.00618001 0.00800762 0.0106792 0.0136842 0.0166668 0.0192809 0.021204 0.0221987 0.0221651 0.0211608 0.0193794 0.0170962 0.0146019 0.0121442 0.00989389 0.00793858 0.00629776 0.00494816 0.00384806
 1.01157e-16 3.37425e-05 0.000198044 0.000941415 0.00362451 0.0113027 0.0285497 0.0584164 0.0968314 0.130041 0.141508 0.124814 0.0893324 0.0521077 0.0252376 0.0110299 0.00579675 0.00519703 0.00656771 0.00873362 0.011205 0.0136779 0.0158704 0.0175213 0.0184364 0.0185303 0.0178429 0.016522 0.0147806 0.0128448 0.0109074 0.00910198 0.00749837 0.00611499 0.00493874 0.00394384
 1.01272e-16 3.1608e-05 0.000185508 0.000881809 0.00339499 0.010587 0.0267419 0.0547178 0.0907022 0.121815 0.13257 0.116964 0.0837855 0.0490169 0.0240111 0.010955 0.0064194 0.00635494 0.00826732 0.0110308 0.0141328 0.0172092 0.0199034 0.0218836 0.0229065 0.0228716 0.0218416 0.0200189 0.0176895 0.0151532 0.0126634 0.010392 0.00842397 0.00677363 0.00541192 0.00429254
 1.0132e-16 3.28434e-05 0.000192764 0.000916313 0.00352785 0.0110013 0.0277884 0.0568588 0.09425 0.126576 0.137742 0.121503 0.0869857 0.0507858 0.0246853 0.0109388 0.00596578 0.00554715 0.0070925 0.00945189 0.0121335 0.0148181 0.0172029 0.019006 0.020017 0.0201429 0.0194252 0.0180218 0.0161611 0.0140855 0.012002 0.0100543 0.00831767 0.00681265 0.00552618 0.00443184
 1.02821e-16 1.91888e-05 0.000112577 0.000535041 0.00205978 0.00642308 0.0162245 0.0332002 0.0550431 0.0739515 0.0805536 0.0712436 0.0514121 0.0308393 0.0165278 0.00994165 0.00913738 0.0117578 0.0163051 0.0219849 0.0282255 0.0344114 0.039855 0.0438997 0.0460595 0.0461287 0.044223 0.0407337 0.0362173 0.031259 0.0263545 0.0218418 0.0178904 0.0145335 0.0117217 0.00937312
 1.0364e-16 2.91444e-05 0.00017105 0.000813088 0.00313042 0.00976191 0.0246578 0.0504532 0.0836321 0.112316 0.122225 0.107816 0.0771907 0.0450747 0.0219266 0.00975369 0.00539006 0.00510996 0.00664062 0.00899511 0.0117753 0.0147347 0.0176316 0.0202217 0.0222953 0.0237118 0.0244182 0.0244422 0.0238677 0.0228034 0.0213568 0.0196212 0.017676 0.0155936 0.0134476 0.0113152
 1.02005e-16 3.36557e-05 0.000197536 0.000939002 0.00361522 0.0112738 0.0284766 0.0582667 0.0965828 0.129706 0.141141 0.124483 0.089081 0.0519314 0.0250969 0.0108743 0.00558071 0.00488329 0.00612737 0.00814819 0.0104717 0.0128155 0.0149226 0.0165563 0.0175405 0.0177979 0.0173634 0.016367 0.0149948 0.01344 0.0118625 0.0103667 0.00900052 0.00776903 0.00665523 0.00563807
pSPR Fmed_Fpbrs
0.459977   0.6 0.325
Fs Fmed_Fpbrs
0.64   0.363207 1.15865
SSBpbr Bo_Bmed_Bpbrs
789670  323747  434319 217159
Ro
30946
SPR SPRFo_SPRFmed_SPRFpbrs
639166 294002 207729
log_Ro
10.16
likeval ReclasPelacesDesembMPH_pf_preclas_ppelaces_ptallas_desvR_qrecl_qpela
 93.268 32.2162 0.0554244 43.1035 346.514 215.625 60.209 0 19.5349 6.54129e-06 9.43967e-05 5.08176e-16 0 0 0
q_reclas_q_pelaces
1.4368 3.98392
M
0.7
N
 35854.9 11633.7 4450.27 537.256 0.203271
 45131.2 16332.8 2984.88 1141.81 137.897
 17457.1 20631.3 4305.53 786.849 337.346
 22020.9 7480.73 3316.24 692.062 180.701
 41835.4 10503.8 2730.01 1210.22 318.505
 25702 20600.7 4890.66 1271.12 711.79
 63533.5 11666.2 5143.17 1221 495.052
 67756.3 29420.8 3394.37 1496.44 499.298
 97868.5 30005 6081.05 701.59 412.503
 109853 43142.6 5989.21 1213.82 222.381
 64129.8 50698.4 12231.8 1698.07 407.193
 49568.6 27871.8 9079.2 2190.51 377.015
 49549.3 21650.3 5184.26 1688.77 477.569
 27055.1 20065.6 2257.77 540.633 225.913
 16484.8 9100 505.58 56.8876 19.3142
 9753.42 5510.53 218.703 12.1507 1.83138
 5714.44 4205.99 929.558 36.8925 2.35861
 9229.53 2431.77 641.009 141.668 5.98201
 13939.7 3911.04 358.811 94.5816 21.786
 15489.1 6238.72 876.625 80.4242 26.0828
 20282.7 7102.21 1683.22 236.515 28.7358
 34188.2 9694.7 2633.16 624.056 98.3421
 41319.3 16183.4 3337.15 906.396 248.667
 60304.6 19525.3 5497.69 1133.67 392.388
 22674.7 28399 6460.85 1819.17 504.966
 35347.8 10759.6 9960.27 2265.99 815.134
 52716.2 16614.6 3508.98 3248.29 1004.83
pred_Ctot
 2142.68 4198.37 1606.01 193.884 0.0733562
 2590.46 5712.72 1044.02 399.371 48.2319
 1735.51 10684.5 2229.74 407.492 174.704
 626.32 1451.69 643.54 134.3 35.0663
 252.32 472.961 122.926 54.4936 14.3415
 1596.99 7660.03 1818.51 472.644 264.667
 3095.72 3581.75 1579.05 374.87 151.99
 5309.16 12976.6 1497.15 660.033 220.224
 7958.08 13583.2 2752.88 317.609 186.74
 5603.64 13744.5 1908.06 386.703 70.8469
 5799.84 24680.3 5954.53 826.628 198.224
 4325.5 13245.6 4314.72 1041 179.17
 6652.49 13387.7 3205.75 1044.27 295.31
 6420.06 15840.4 1782.35 426.793 178.343
 3963.72 7213.82 400.787 45.0963 15.3109
 930.668 2779.17 110.3 6.12808 0.923634
 593.141 2238.46 494.717 19.6344 1.25527
 982.455 1314.66 346.541 76.5884 3.23398
 995.831 1614.07 148.08 39.0335 8.991
 857.598 2121.39 298.084 27.3471 8.86908
 547.786 1316.2 311.938 43.8315 5.32538
 1152.99 2184.61 593.356 140.625 22.1605
 1442.58 3757.61 774.849 210.455 57.7377
 2247.82 4795.43 1350.24 278.43 96.3708
 726.431 6119.84 1392.28 392.021 108.818
 1363.59 2720.92 2518.78 573.029 206.133
 2949.29 5695.95 1202.97 1113.6 344.483
F
 0.0863021 0.660348 0.660348 0.660348 0.660348
 0.0827644 0.633279 0.633279 0.633279 0.633279
 0.147418 1.12798 1.12798 1.12798 1.12798
 0.0402564 0.308025 0.308025 0.308025 0.308025
 0.00841773 0.064409 0.064409 0.064409 0.064409
 0.0898712 0.687657 0.687657 0.687657 0.687657
 0.0698651 0.534579 0.534579 0.534579 0.534579
 0.114555 0.876526 0.876526 0.876526 0.876526
 0.119113 0.911403 0.911403 0.911403 0.911403
 0.0732488 0.560469 0.560469 0.560469 0.560469
 0.133294 1.01991 1.01991 1.01991 1.01991
 0.128338 0.981988 0.981988 0.981988 0.981988
 0.203963 1.56064 1.56064 1.56064 1.56064
 0.3896 2.98105 2.98105 2.98105 2.98105
 0.395777 3.02832 3.02832 3.02832 3.02832
 0.141109 1.07971 1.07971 1.07971 1.07971
 0.154376 1.18122 1.18122 1.18122 1.18122
 0.158605 1.21358 1.21358 1.21358 1.21358
 0.103963 0.795479 0.795479 0.795479 0.795479
 0.0797309 0.610068 0.610068 0.610068 0.610068
 0.0381913 0.292223 0.292223 0.292223 0.292223
 0.0478937 0.366462 0.366462 0.366462 0.366462
 0.0496184 0.379659 0.379659 0.379659 0.379659
 0.0530543 0.40595 0.40595 0.40595 0.40595
 0.0454481 0.34775 0.34775 0.34775 0.34775
 0.0549529 0.420476 0.420476 0.420476 0.420476
 0.0805948 0.616677 0.616677 0.616677 0.616677
Np
 20767.6 9834.8 8340.49 1537.87 436.963
YTP_r0W_actual
 14451.5 80258.8 24641 29130.4 10000
YTP_p0W_proyectada
 5693.2 116664 31271.1 8434.27 10986.6
 5693.2 47508 58569.2 13791.5 4348.63
CTP_r0_actual
 1762.38 3715.68 784.745 726.444 224.719
CTP_p0_proyectada
 694.293 5401.13 995.894 210.331 246.89
 694.293 2199.45 1865.26 343.929 97.722
Wmedp
 8.2 21.6 31.4 40.1 44.5
nmprior
 10.8 10.6 4.6 0
nm_flota  nm_reclas  nm_pelaces    nm_pelaL
inf 18.9375 10.9361 28.4712
cv_recla  cv_pelaces  cv_mph
0.696972 0.310883 0.526397
 ------------------------------------------------
Talla a la edad & desviaci?n 
 7.2 14.2025 17.0495 18.207 18.6776
 1.08 2.13037 2.55742 2.73105 2.80164
