years
 1997 1998 1999 2000 2001 2002 2003 2004 2005 2006 2007 2008 2009 2010 2011 2012 2013 2014 2015 2016 2017 2018 2019 2020 2021 2022 2023
reclasobs
 0 0 0 370054 412103 1.49427e+06 250295 1.28982e+06 931140 785840 897777 1.04006e+06 184774 17550 25797 100020 73551 82996 120727 218422 84188 347160 605670 569463 516374 1.08416e+06 1.01767e+06
reclaspred
 1.01403e+06 220665 522486 251241 338238 398464 754872 590725 707294 860098 820472 594361 348768 117100 74282.6 80567.8 66584.1 74692.2 106746 162844 243378 261613 467024 552919 766912 678121 480388
pelacesobs
 0 0 0 0 0 0 0 0 0 2.06254e+06 1.5e+06 0 1.87456e+06 323000 250000 174000 83755 137374 0 501740 490994 745055 786931 1.00524e+06 1.33801e+06 1.41789e+06 0
pelacespred
 3.14813e+06 743138 740675 661537 925089 637679 2.30125e+06 1.75318e+06 2.14343e+06 2.50463e+06 1.81199e+06 1.4146e+06 888969 267495 199042 171697 140650 189362 248522 351592 648581 591799 831377 1.23769e+06 1.43868e+06 1.316e+06 894718
mphobs
 0 0 0 0 0 0 112323 0 153150 637223 0 255016 313432 73983 77613 109348 50772 17779 17303 59886 28197 0 207744 136588 643089 65757 70829
mphpred
 316521 158455 155744 107661 98931.3 164614 201845 296934 285866 344712 382246 261766 168282 128918 56645.6 53330.8 38246.3 38050.5 27289.5 37001.3 55611.7 73034.3 95817.9 134280 178016 152192 126861
desembarqueobs
 350755 77701 442110 56441 14545 235359 269955 359681 431902 328805 639364 411747 362871 311530 167758 66681 60226 58785 57116 73181 50977 67692 138656 160484 209506 203330 245020
desembarquepred
 350743 77684.5 441906 56439.8 14545 235464 270019 359367 431719 328757 638687 411350 362771 311946 167392 66686.4 60269.1 58686.5 57036.6 73161 50983.4 67639.5 138666 160479 209461 203243 244921
Reclutas
 31678.9 43606.6 12410.6 16256 36990.8 20458.7 61903.2 61796.3 86167 105860 64580.3 54723.8 49062.4 28353.9 15796.1 8915.94 5658.64 8888.65 12410.8 12282 18452.1 27834.4 34666.2 54264 18976.5 31560.1 30548.9
log_desv_Rt
 0.143405 0.462965 -0.793691 -0.523783 0.298423 -0.293837 0.813327 0.811599 1.14404 1.34987 0.855665 0.690054 0.580849 0.0325202 -0.552479 -1.1244 -1.57906 -1.12747 -0.793675 -0.804113 -0.397064 0.0140281 0.23352 0.681616 -0.369042 0.13965 0.107084
SSB
 517581 259108 254675 176050 161774 269180 317713 477431 451889 548869 625054 428043 288160 139345 65410.9 60667 47755.1 44459 64002.2 92612.6 128478 163538 222227 293595 436108 390324 302054
BT
 1.49309e+06 390145 503803 293389 353817 401388 1.12219e+06 1.05075e+06 1.23826e+06 1.25973e+06 1.23136e+06 904515 691394 387810 214539 117611 101793 122318 139242 184189 283449 268929 385701 581988 644239 634889 519227
Ftot
 0.622784 0.675185 1.26334 0.423389 0.0902913 0.924943 0.777757 1.0991 1.18677 0.719172 1.25747 1.20393 1.80242 3.641 3.54011 1.25634 1.46913 1.5193 0.94205 0.758717 0.388517 0.464018 0.502429 0.540793 0.438369 0.561235 0.880589
BD_Bspro_t
 0.922307 0.650007 0.542265 0.290508 0.388678 0.567848 0.465259 0.525253 0.469542 0.469552 0.464993 0.311746 0.234906 0.141394 0.0809568 0.0910572 0.100669 0.130844 0.220275 0.342996 0.447467 0.571999 0.60747 0.602471 0.627778 0.530045 0.463629
BD_Bspro
 0.913019 0.45707 0.44925 0.310554 0.285371 0.474836 0.56045 0.842194 0.797138 0.968211 1.1026 0.755073 0.508318 0.245807 0.115386 0.107017 0.0842405 0.0784261 0.112901 0.16337 0.226637 0.288483 0.392012 0.517905 0.7693 0.688536 0.532827
BD_Bo
 0.800054 0.400518 0.393666 0.27213 0.250064 0.416087 0.491108 0.737993 0.698511 0.848419 0.966182 0.661651 0.445425 0.215394 0.101109 0.0937765 0.0738178 0.0687228 0.0989319 0.143157 0.198597 0.25279 0.34351 0.453827 0.674118 0.603346 0.466903
BD_Brms
 1.45464 0.728215 0.715756 0.494782 0.454661 0.756521 0.892923 1.3418 1.27002 1.54258 1.7567 1.203 0.809864 0.391626 0.183835 0.170503 0.134214 0.124951 0.179876 0.260285 0.361085 0.459619 0.624563 0.825139 1.22567 1.09699 0.848914
S_f
 0.117088 1 1 1 1
 0.117088 1 1 1 1
 0.117088 1 1 1 1
 0.117088 1 1 1 1
 0.117088 1 1 1 1
 0.117088 1 1 1 1
 0.117088 1 1 1 1
 0.117088 1 1 1 1
 0.117088 1 1 1 1
 0.117088 1 1 1 1
 0.117088 1 1 1 1
 0.117088 1 1 1 1
 0.117088 1 1 1 1
 0.117088 1 1 1 1
 0.117088 1 1 1 1
 0.117088 1 1 1 1
 0.117088 1 1 1 1
 0.117088 1 1 1 1
 0.117088 1 1 1 1
 0.117088 1 1 1 1
 0.117088 1 1 1 1
 0.117088 1 1 1 1
 0.117088 1 1 1 1
 0.117088 1 1 1 1
 0.117088 1 1 1 1
 0.117088 1 1 1 1
 0.117088 1 1 1 1
Scru_reclas
 0.233383 0.60507 0.885195 0.974877 0.994905
 0.233383 0.60507 0.885195 0.974877 0.994905
 0.233383 0.60507 0.885195 0.974877 0.994905
 0.233383 0.60507 0.885195 0.974877 0.994905
 0.233383 0.60507 0.885195 0.974877 0.994905
 0.233383 0.60507 0.885195 0.974877 0.994905
 0.233383 0.60507 0.885195 0.974877 0.994905
 0.233383 0.60507 0.885195 0.974877 0.994905
 0.233383 0.60507 0.885195 0.974877 0.994905
 0.233383 0.60507 0.885195 0.974877 0.994905
 0.233383 0.60507 0.885195 0.974877 0.994905
 0.233383 0.60507 0.885195 0.974877 0.994905
 0.233383 0.60507 0.885195 0.974877 0.994905
 0.233383 0.60507 0.885195 0.974877 0.994905
 0.233383 0.60507 0.885195 0.974877 0.994905
 0.233383 0.60507 0.885195 0.974877 0.994905
 0.233383 0.60507 0.885195 0.974877 0.994905
 0.233383 0.60507 0.885195 0.974877 0.994905
 0.233383 0.60507 0.885195 0.974877 0.994905
 0.233383 0.60507 0.885195 0.974877 0.994905
 0.233383 0.60507 0.885195 0.974877 0.994905
 0.233383 0.60507 0.885195 0.974877 0.994905
 0.233383 0.60507 0.885195 0.974877 0.994905
 0.233383 0.60507 0.885195 0.974877 0.994905
 0.233383 0.60507 0.885195 0.974877 0.994905
 0.233383 0.60507 0.885195 0.974877 0.994905
 0.233383 0.60507 0.885195 0.974877 0.994905
Scru_pelaces
 0.730705 1 1 1 1
 0.730705 1 1 1 1
 0.730705 1 1 1 1
 0.730705 1 1 1 1
 0.730705 1 1 1 1
 0.730705 1 1 1 1
 0.730705 1 1 1 1
 0.730705 1 1 1 1
 0.730705 1 1 1 1
 0.730705 1 1 1 1
 0.730705 1 1 1 1
 0.730705 1 1 1 1
 0.730705 1 1 1 1
 0.730705 1 1 1 1
 0.730705 1 1 1 1
 0.730705 1 1 1 1
 0.730705 1 1 1 1
 0.730705 1 1 1 1
 0.730705 1 1 1 1
 0.730705 1 1 1 1
 0.730705 1 1 1 1
 0.730705 1 1 1 1
 0.730705 1 1 1 1
 0.730705 1 1 1 1
 0.730705 1 1 1 1
 0.730705 1 1 1 1
 0.730705 1 1 1 1
pf_obs 
 0.256992 0.487395 0.22802 0.0275931 0
 0.321318 0.546541 0.124235 0.00734118 0.000564706
 0.182869 0.594174 0.210203 0.0122559 0.00049798
 0.330522 0.361315 0.267642 0.0388342 0.00168674
 0.649043 0.306663 0.0425973 0.00169635 0
 0.582887 0.30429 0.105238 0.00758474 0
 0.465427 0.430635 0.0974691 0.00646863 0
 0.296916 0.608066 0.0921331 0.00288517 0
 0.311714 0.524322 0.152257 0.0117073 0
 0.15457 0.633149 0.183074 0.0267441 0.00246327
 0.131901 0.49318 0.331252 0.0422183 0.00144891
 0.196976 0.569456 0.194076 0.0375587 0.00193317
 0.518974 0.381816 0.0799577 0.0180837 0.00116848
 0.0928022 0.601141 0.25162 0.0475244 0.00691264
 0.122501 0.610282 0.24278 0.0234846 0.000952079
 0.383417 0.481906 0.127806 0.00687128 0
 0.0376549 0.599619 0.316969 0.0457579 0
 0.0361596 0.667082 0.258105 0.0386534 0
 0.158088 0.579412 0.248529 0.0139706 0
 0.0477256 0.309471 0.559284 0.082774 0.000745712
 0.0406174 0.521527 0.379366 0.0568643 0.0016247
 0.151134 0.462217 0.34131 0.0453401 0
 0.294876 0.26143 0.354403 0.0886775 0.000613685
 0.281977 0.475581 0.204845 0.0348837 0.00271318
 0.0841818 0.532909 0.334909 0.0458182 0.00218182
 0.115287 0.27431 0.454777 0.147771 0.00785563
 0 0 0 0 0
pf_pred 
 0.206398 0.550359 0.216472 0.0267625 7.98892e-06
 0.251794 0.564151 0.127642 0.0502051 0.00620873
 0.0824232 0.736974 0.136175 0.0308102 0.0136172
 0.201909 0.481374 0.254379 0.0470032 0.0153349
 0.298353 0.511017 0.11498 0.0607603 0.0148899
 0.12647 0.691468 0.132597 0.0298347 0.0196295
 0.412838 0.392495 0.154095 0.0295495 0.0110232
 0.253812 0.671713 0.0497832 0.0195451 0.00514616
 0.320882 0.570128 0.0981123 0.00727147 0.00360647
 0.276367 0.639925 0.0702739 0.0120933 0.00134081
 0.165742 0.68901 0.128446 0.0141054 0.0026965
 0.212426 0.606521 0.149531 0.0278756 0.00364639
 0.26192 0.601595 0.105109 0.0259133 0.00546269
 0.28389 0.639275 0.0626268 0.0109419 0.00326628
 0.33598 0.643862 0.017995 0.00176288 0.000399947
 0.231726 0.748546 0.019129 0.000534628 6.42574e-05
 0.191415 0.675649 0.129522 0.00330993 0.000103626
 0.373879 0.512827 0.0946685 0.018148 0.000478291
 0.335918 0.612072 0.0425991 0.00786385 0.00154723
 0.230957 0.674248 0.0873711 0.00608086 0.0013434
 0.26188 0.584733 0.134479 0.0174262 0.00148078
 0.258195 0.583679 0.125266 0.0288092 0.0040504
 0.227894 0.61017 0.127417 0.0273456 0.00717326
 0.267799 0.560364 0.135797 0.0283576 0.0076824
 0.0768633 0.742992 0.137867 0.0334103 0.00886695
 0.192831 0.379924 0.343871 0.0638075 0.0195667
 0.196085 0.588022 0.101618 0.0919752 0.0223001
pobs_RECLAS
 0 0 0 0 0
 0 0 0 0 0
 0 0 0 0 0
 0 0 0 0 0
 0.835266 0.146461 0.0176864 0.000547809 3.91292e-05
 0.385257 0.428462 0.181853 0.0044286 0
 0.867414 0.0963971 0.0333333 0.00285562 0
 0.441836 0.489002 0.0689373 0.000224442 0
 0.779404 0.147425 0.0564933 0.0165055 0.000172143
 0.814271 0.122319 0.05973 0.00367925 0
 0.40263 0.566651 0.0304383 0.000280538 0
 0.475488 0.404961 0.113038 0.00651328 0
 0.955842 0.0263864 0.0167828 0.000988607 0
 0.975058 0.0227948 0.00214734 0 0
 0.738997 0.206755 0.0527124 0.00153531 0
 0.850938 0.134255 0.0134407 0.00136685 0
 0.542534 0.407297 0.0501686 0 0
 0.764087 0.199537 0.0359546 0.000420521 0
 0.470689 0.182191 0.310203 0.0369168 0
 0.84361 0.089868 0.0606195 0.00523954 0.000663233
 0.607945 0.314616 0.071237 0.00620181 0
 0.523733 0.453247 0.0230204 0 0
 0.530135 0.295979 0.169645 0.0042399 0
 0.562478 0.366248 0.0663022 0.0049721 0
 0.250443 0.683176 0.0655157 0.000865301 0
 0.195077 0.31981 0.436473 0.0351445 0.0134964
 0.565238 0.351407 0.0832357 0.000118908 0
ppred_RECLAS
 0.439159 0.339123 0.19514 0.0265694 8.09423e-06
 0.509359 0.328742 0.108814 0.0471359 0.00594892
 0.233984 0.559928 0.15136 0.0377155 0.0170116
 0.417648 0.293702 0.227059 0.0462057 0.0153844
 0.552001 0.285595 0.0940093 0.0547116 0.0136831
 0.31861 0.487845 0.13686 0.0339137 0.0227717
 0.67944 0.184035 0.105703 0.0223234 0.00849864
 0.541571 0.392523 0.0425596 0.0184019 0.00494471
 0.618552 0.297377 0.0748673 0.00611085 0.0030931
 0.5577 0.370265 0.0594855 0.0112739 0.00127564
 0.406318 0.452451 0.123396 0.0149237 0.00291154
 0.473176 0.364682 0.131532 0.0270046 0.00360502
 0.570077 0.320853 0.0820115 0.0222674 0.00479055
 0.701085 0.253469 0.0363271 0.00698997 0.00212945
 0.751416 0.237579 0.00971406 0.00104805 0.000242658
 0.526622 0.455751 0.0170387 0.000524451 6.43292e-05
 0.45879 0.42 0.117789 0.00331506 0.000105919
 0.680813 0.24024 0.0648805 0.0136977 0.00036842
 0.635439 0.323572 0.0329459 0.00669804 0.00134493
 0.498422 0.415426 0.0787546 0.00603648 0.00136099
 0.521589 0.344518 0.115916 0.0165425 0.00143456
 0.517191 0.343659 0.1079 0.0273293 0.00392128
 0.477167 0.374244 0.114332 0.0270231 0.00723431
 0.528846 0.323016 0.114519 0.026337 0.0072816
 0.2048 0.58319 0.158314 0.0422524 0.011444
 0.394011 0.226165 0.299473 0.0611989 0.0191524
 0.430439 0.363428 0.091882 0.0915884 0.0226625
pobs_PELACES
 0 0 0 0 0
 0 0 0 0 0
 0 0 0 0 0
 0 0 0 0 0
 0 0 0 0 0
 0 0 0 0 0
 0 0 0 0 0
 0 0 0 0 0
 0 0 0 0 0
 0 0 0 0 0
 0.450072 0.473896 0.0757376 0.000293798 0
 0 0 0 0 0
 0.463077 0.371075 0.160297 0.00555027 0
 0.529543 0.364841 0.0842815 0.0213345 0
 0.631943 0.363953 0.00410389 0 0
 0.735681 0.248677 0.0153453 0.000297389 0
 0.695825 0.281241 0.0229344 0 0
 0.275771 0.60734 0.115278 0.00161068 0
 0 0 0 0 0
 0.896147 0.0623911 0.0374545 0.00400742 0
 0.803859 0.145111 0.0509908 3.86294e-05 0
 0.739449 0.233085 0.0266225 0.000797448 4.60066e-05
 0.878498 0.100942 0.0204185 0.000141795 0
 0.694673 0.275183 0.0284847 0.00165964 0
 0.469039 0.446079 0.0841089 0.000773354 0
 0.822795 0.102175 0.0682046 0.00682512 0
 0 0 0 0 0
ppred_PELACES
 0.671033 0.228137 0.0897328 0.0110937 3.31159e-06
 0.729318 0.204095 0.0461774 0.0181629 0.00224616
 0.47883 0.41859 0.0773455 0.0174998 0.00773439
 0.647661 0.212516 0.112302 0.0207508 0.00677
 0.732467 0.194847 0.043841 0.0231675 0.00567742
 0.561846 0.346834 0.0665096 0.0149648 0.00984599
 0.85432 0.0973813 0.0382322 0.0073315 0.00273495
 0.764208 0.212259 0.0157313 0.00617616 0.00162617
 0.823776 0.147942 0.0254591 0.00188687 0.00093584
 0.756784 0.215082 0.0236194 0.00406462 0.000450653
 0.66962 0.27286 0.0508667 0.00558597 0.00106786
 0.728875 0.208797 0.0514764 0.00959628 0.00125528
 0.822648 0.144556 0.0252563 0.00622665 0.00131262
 0.931096 0.0615107 0.00602591 0.00105283 0.00031428
 0.942187 0.0560575 0.00156672 0.000153484 3.48212e-05
 0.754636 0.239064 0.00610926 0.000170744 2.05219e-05
 0.726252 0.228742 0.04385 0.00112058 3.50828e-05
 0.872542 0.104395 0.0192714 0.00369434 9.73643e-05
 0.818577 0.167214 0.0116378 0.00214835 0.000422695
 0.713117 0.251521 0.0325928 0.0022684 0.00050114
 0.717866 0.223504 0.0514024 0.00666088 0.000566001
 0.719734 0.220523 0.0473275 0.0108846 0.00153031
 0.68845 0.246208 0.0514138 0.0110341 0.00289446
 0.735365 0.202529 0.0490805 0.0102491 0.00277661
 0.378262 0.500409 0.0928541 0.022502 0.00597194
 0.64657 0.166355 0.150569 0.027939 0.00856757
 0.679611 0.234348 0.0404986 0.0366555 0.0088874
pobs_pel_tallas
 0 0 0 0 0 0 0 0 0 0 0 0 0 0 0 0 0 0 0 0 0 0 0 0 0 0 0 0 0 0 0 0 0 0 0 0
 0 0 0 0 0 0 0 0 0 0 0 0 0 0 0 0 0 0 0 0 0 0 0 0 0 0 0 0 0 0 0 0 0 0 0 0
 0 0 0 0 0 0 0 0 0 0 0 0 0 0 0 0 0 0 0 0 0 0 0 0 0 0 0 0 0 0 0 0 0 0 0 0
 0 0 0 0 0 0 0 0 0 0 0 0 0 0 0 0 0 0 0 0 0 0 0 0 0 0 0 0 0 0 0 0 0 0 0 0
 0 0 0 0 0 0 0 0 0 0 0 0 0 0 0 0 0 0 0 0 0 0 0 0 0 0 0 0 0 0 0 0 0 0 0 0
 0 0 0 0 0 0 0 0 0 0 0 0 0 0 0 0 0 0 0 0 0 0 0 0 0 0 0 0 0 0 0 0 0 0 0 0
 0 0 0 0 0 0 0 0 0 0 0 0 0 0 0 0 0 0 0 0 0 0 0 0 0 0 0 0 0 0 0 0 0 0 0 0
 0 0 0 0 0 0 0 0 0 0 0 0 0 0 0 0 0 0 0 0 0 0 0 0 0 0 0 0 0 0 0 0 0 0 0 0
 0 0 0 0 0 0 0 0 0 0 0 0 0 0 0 0 0 0 0 0 0 0 0 0 0 0 0 0 0 0 0 0 0 0 0 0
 0 0 0 0 0 0 0 0 0 0 0 0 0 0 0 0 0 0 0 0 0 0 0 0 0 0 0 0 0 0 0 0 0 0 0 0
 0 0 0 0 0 0 0 0 1.78061e-05 0.00172719 0.00360574 0.0105946 0.0120993 0.0124554 0.0147524 0.0171206 0.0266825 0.0428682 0.0675386 0.121331 0.153587 0.119568 0.100827 0.0573624 0.0630603 0.0341343 0.0324427 0.0444173 0.0211091 0.0280891 0.0125444 0.00206551 0 0 0 0
 0 0 0 0 0 0 0 0 0 0 0 0 0 0 0 0 0 0 0 0 0 0 0 0 0 0 0 0 0 0 0 0 0 0 0 0
 0 0 0 0 0 0 0.0133647 0.0140871 0.0187388 0.0205184 0.03894 0.0496705 0.03968 0.0493445 0.0407372 0.0367815 0.0215668 0.0243155 0.0234873 0.0199281 0.019796 0.0243948 0.0301388 0.0376714 0.0412746 0.0863199 0.0771752 0.113111 0.0741005 0.0525337 0.0229764 0.00759418 0.00175318 0 0 0
 0 0 0 0 0 0 0 0 0 0 0.00219441 0.00772107 0.0458388 0.0604681 0.0671733 0.0775358 0.0609151 0.0617685 0.073594 0.0568108 0.0755445 0.0548602 0.0670107 0.0636378 0.0643287 0.046367 0.0373049 0.0286899 0.0247887 0.0153202 0.00654259 0.00121912 0.000365735 0 0 0
 0 0 0 0 0 0 0 0 0 0 0 0 0.000112435 0.00938835 0.0111873 0.0202946 0.0414886 0.0713402 0.111592 0.104902 0.108894 0.110636 0.117776 0.105296 0.107544 0.0401394 0.0192827 0.0124803 0.00416011 0.0028671 0.000618394 0 0 0 0 0
 0 0 0 0 0 0 0 0 0 0 0.00291406 0.0102884 0.027416 0.0768956 0.0749926 0.110853 0.0956884 0.0897413 0.0766577 0.0534642 0.0500743 0.0551293 0.0594112 0.0620874 0.0668451 0.0424026 0.0208742 0.0120726 0.0048766 0.00582813 0.00118941 0.000297354 0 0 0 0
 0 0.00264628 0.0354308 0.0461629 0.0458689 0.0383711 0.0214643 0.0164657 0.0346957 0.0420465 0.0363128 0.0245516 0.0311673 0.0291091 0.0169068 0.0133784 0.00837989 0.0085269 0.0148486 0.0160247 0.0276389 0.0546898 0.0760071 0.122758 0.109233 0.0665981 0.0333725 0.0166128 0.00676272 0.00308733 0.000882094 0 0 0 0 0
 0 0 0 0 0 0 0 0.000805153 0.000690131 0.00759144 0.0133425 0.0154129 0.00931677 0.000345066 0.00356568 0.00563607 0.00851162 0.0253048 0.0502646 0.0516448 0.0657925 0.0565908 0.0611916 0.0827007 0.0866115 0.110766 0.145733 0.0935128 0.0569358 0.0249597 0.0138026 0.00621118 0.00161031 0.00115022 0 0
 0 0 0 0 0 0 0 0 0 0 0 0 0 0 0 0 0 0 0 0 0 0 0 0 0 0 0 0 0 0 0 0 0 0 0 0
 0.00147267 0.00158595 0.00478618 0.00569244 0.00954404 0.0108468 0.00647125 0.017049 0.0510054 0.094081 0.124002 0.0959785 0.0687766 0.0820023 0.061753 0.0591476 0.0492212 0.0479892 0.0443925 0.0268479 0.0217502 0.0140895 0.0121071 0.0120363 0.00920419 0.00665534 0.0049561 0.00860946 0.00930331 0.0156896 0.0114698 0.00855282 0.00243557 0.00046729 0 2.83206e-05
 0 0 0 0 0.000772559 0.00158375 0.000888443 0.00281984 0.00712685 0.0440552 0.0773331 0.111326 0.0921469 0.0852325 0.0710754 0.0886704 0.0786465 0.0553345 0.0373146 0.0185414 0.00753245 0.00457741 0.012979 0.0271748 0.0457355 0.0583668 0.034881 0.0177882 0.00938659 0.00492506 0.0015258 0.00185414 0.000309023 5.79419e-05 3.86279e-05 0
 0 0.00173294 0.00326652 0 0.00397197 0.00683976 0.00946217 0.0152591 0.00757587 0.0136028 0.0228656 0.0392903 0.0559909 0.0764795 0.0681675 0.0726916 0.0566044 0.0477403 0.0527397 0.0444891 0.0609904 0.0582453 0.0661739 0.0445044 0.0529084 0.0360697 0.0280645 0.0235558 0.0158879 0.00826598 0.00280645 0.00217768 0.000904811 0.00058276 9.20147e-05 0
 0 0 0 0 0 0 0 0 0 0 0 0 0 0 0 0 0 0 0 0 0 0 0 0 0 0 0 0 0 0 0 0 0 0 0 0
 0 0 0 0 0 0 0 0 0 0 0 0 0 0 0 0 0 0 0 0 0 0 0 0 0 0 0 0 0 0 0 0 0 0 0 0
 0 0 0 0 0 0 0 0 0 0 0 0 0 0 0 0 0 0 0 0 0 0 0 0 0 0 0 0 0 0 0 0 0 0 0 0
 0 0 0 0 0 0 0 0 0 0 0 0 0 0 0 0 0 0 0 0 0 0 0 0 0 0 0 0 0 0 0 0 0 0 0 0
 0 0 0 0 0 0 0 0 0 0 0 0 0 0 0 0 0 0 0 0 0 0 0 0 0 0 0 0 0 0 0 0 0 0 0 0
ppred_pel_tallas
 1.0173e-16 2.92823e-05 0.000171853 0.000816888 0.00314502 0.00980743 0.0247729 0.0506892 0.0840253 0.112851 0.122823 0.108383 0.0776808 0.0455307 0.0224634 0.010522 0.00654833 0.00680797 0.00900036 0.0120812 0.0155592 0.0190649 0.0222231 0.0246759 0.0261496 0.0265124 0.0257983 0.0241856 0.0219433 0.0193631 0.0166999 0.0141377 0.0117835 0.00968147 0.0078366 0.00623666
 1.01452e-16 3.18227e-05 0.000186769 0.000887809 0.0034181 0.010659 0.0269239 0.0550901 0.091319 0.122642 0.133468 0.117748 0.0843321 0.0493056 0.0240948 0.0108963 0.00625258 0.006084 0.00788057 0.0105161 0.0134882 0.0164499 0.0190641 0.0210167 0.0220759 0.0221428 0.0212713 0.0196457 0.0175286 0.0151963 0.0128819 0.0107445 0.0088634 0.00725413 0.00589406 0.00474604
 1.02198e-16 2.0909e-05 0.000122677 0.000583061 0.00224467 0.00699965 0.0176809 0.03618 0.0599817 0.0805819 0.0877636 0.0775908 0.0559283 0.0334196 0.0176757 0.0102678 0.00905238 0.0114403 0.0157915 0.0212522 0.0272359 0.0331307 0.0382614 0.0419876 0.0438412 0.0436337 0.0414959 0.0378312 0.0332058 0.0282115 0.023347 0.0189494 0.0151822 0.0120676 0.00954062 0.0075007
 1.02693e-16 2.82626e-05 0.000165867 0.000788435 0.00303548 0.00946583 0.02391 0.0489236 0.0810984 0.108919 0.118543 0.104604 0.0749686 0.0439331 0.0216614 0.0101258 0.00628002 0.0065242 0.00864637 0.0116514 0.0150817 0.0185989 0.0218574 0.0245216 0.0263259 0.0271278 0.0269305 0.025866 0.0241486 0.0220166 0.0196825 0.0173045 0.0149831 0.0127736 0.0107062 0.00880124
 1.01748e-16 3.19596e-05 0.000187574 0.000891637 0.00343284 0.010705 0.02704 0.0553276 0.0917124 0.12317 0.134039 0.118247 0.0846771 0.0494828 0.0241357 0.0108378 0.00611269 0.00586074 0.00756196 0.0100907 0.0129534 0.0158168 0.0183603 0.0202851 0.0213702 0.0215202 0.0207835 0.0193317 0.0174093 0.0152727 0.0131376 0.0111489 0.00937769 0.00783644 0.00650401 0.00534822
 1.02032e-16 2.45259e-05 0.000143918 0.000684058 0.00263356 0.00821242 0.0207442 0.042447 0.0703673 0.0945212 0.10291 0.0908989 0.0653404 0.0386819 0.0197986 0.0104685 0.00811242 0.00964698 0.0131438 0.0176592 0.0226352 0.0275488 0.0318382 0.0349727 0.0365636 0.036453 0.0347463 0.031774 0.0280007 0.0239121 0.0199175 0.016293 0.0131727 0.010575 0.0084477 0.00671072
 1.00955e-16 3.7269e-05 0.000218754 0.00103989 0.00400368 0.0124852 0.0315364 0.0645269 0.106957 0.143632 0.156276 0.137789 0.0985079 0.0572359 0.0273028 0.011218 0.00486867 0.00343181 0.00396373 0.00520234 0.00668708 0.00820198 0.00957707 0.0106587 0.01133 0.0115342 0.0112842 0.0106536 0.0097537 0.00870497 0.00761201 0.0065496 0.00556051 0.00466208 0.00385662 0.00314061
 1.00581e-16 3.33443e-05 0.000195702 0.000930275 0.0035816 0.0111689 0.0282118 0.0577253 0.095687 0.128508 0.139849 0.123375 0.0883536 0.05164 0.0252029 0.0113394 0.00641985 0.00616132 0.00792427 0.0105188 0.0134098 0.0162277 0.0186184 0.0202586 0.0209197 0.0205209 0.0191488 0.0170313 0.0144791 0.0118123 0.00929727 0.00710924 0.00532593 0.0039449 0.0029132 0.00215712
 1.00519e-16 3.59392e-05 0.000210942 0.00100274 0.00386063 0.0120391 0.0304097 0.0622218 0.103138 0.138508 0.150713 0.132913 0.0950864 0.055377 0.0266577 0.01137 0.00556852 0.00461473 0.00566574 0.00747623 0.00954685 0.0115912 0.0133568 0.0146151 0.0152011 0.01505 0.0142118 0.0128337 0.0111219 0.00929139 0.00752414 0.00594354 0.00460972 0.00353067 0.00268117 0.00202165
 1.00567e-16 3.30207e-05 0.000193802 0.000921241 0.00354682 0.0110604 0.0279378 0.0571647 0.0947579 0.127261 0.138493 0.122182 0.0875063 0.0511589 0.0249948 0.0112911 0.00645688 0.00625298 0.00806686 0.0107193 0.013677 0.0165677 0.0190324 0.0207422 0.0214623 0.0211066 0.019758 0.0176422 0.0150698 0.0123625 0.00978975 0.00753133 0.0056702 0.00420954 0.00310187 0.00227809
 1.01053e-16 2.92224e-05 0.000171497 0.000815188 0.00313847 0.00978697 0.0247212 0.0505839 0.0838519 0.112622 0.122583 0.108193 0.0775941 0.0455782 0.0226683 0.0109185 0.00719028 0.00776181 0.0103273 0.0138139 0.0176789 0.0214839 0.02478 0.0271473 0.0282804 0.0280573 0.0265659 0.0240739 0.0209566 0.017607 0.0143578 0.0114356 0.0089521 0.00692454 0.00531017 0.00404034
 1.01188e-16 3.18036e-05 0.000186657 0.000887273 0.00341603 0.0106526 0.0269076 0.0550568 0.091264 0.122569 0.133389 0.117681 0.0842902 0.0492932 0.0241112 0.0109416 0.00633099 0.00620342 0.00805007 0.0107427 0.013774 0.016789 0.0194415 0.0214085 0.0224512 0.0224677 0.0215132 0.0197781 0.0175347 0.0150704 0.0126304 0.0103835 0.00841709 0.0067513 0.00536495 0.00421935
 1.00682e-16 3.58899e-05 0.000210653 0.00100137 0.00385535 0.0120226 0.030368 0.0621366 0.102997 0.138317 0.150505 0.132729 0.0949506 0.0552908 0.026603 0.0113241 0.00551327 0.00453801 0.00556005 0.00733804 0.00937732 0.0113973 0.0131518 0.0144181 0.0150345 0.0149369 0.014172 0.0128807 0.0112606 0.00951779 0.00782612 0.00630295 0.00500502 0.00393963 0.00308325 0.0023997
 1.00157e-16 4.06153e-05 0.000238403 0.00113331 0.00436339 0.0136069 0.0343698 0.070324 0.116565 0.156529 0.170297 0.150123 0.107265 0.0622002 0.0294376 0.0116885 0.00444579 0.0024329 0.0024328 0.00307955 0.00390347 0.00472322 0.00542239 0.00590503 0.00610407 0.00599534 0.00560306 0.00499249 0.00425301 0.00347709 0.00274201 0.00209915 0.00157191 0.00116068 0.000851233 0.000623138
 1.00048e-16 4.10987e-05 0.000241242 0.00114681 0.00441536 0.013769 0.0347791 0.0711614 0.117953 0.158392 0.172322 0.151905 0.108529 0.0629165 0.0297445 0.0117539 0.00438071 0.00228271 0.00220344 0.00276217 0.00348818 0.00420559 0.00480618 0.00520272 0.00533554 0.00518517 0.00477714 0.00417501 0.00346432 0.0027329 0.00205359 0.00147408 0.00101489 0.000674089 0.000435282 0.000275908
 1.00172e-16 3.2928e-05 0.000193256 0.000918638 0.00353679 0.0110291 0.0278588 0.0570033 0.094491 0.126904 0.138111 0.121856 0.0873005 0.051093 0.0250633 0.011491 0.00680231 0.00677344 0.00879419 0.0116726 0.0148487 0.0179135 0.0204682 0.02215 0.0227056 0.0220524 0.0203002 0.0177207 0.0146797 0.0115526 0.00865074 0.00617796 0.00422193 0.00277407 0.00176396 0.00109461
 1.00738e-16 3.169e-05 0.000185988 0.00088409 0.00340377 0.0106143 0.026811 0.0548594 0.0909373 0.122132 0.132918 0.117277 0.0840237 0.0491845 0.0241454 0.0111036 0.006625 0.00665137 0.00867947 0.0115722 0.0148006 0.0179793 0.0207278 0.0226931 0.0236186 0.0234019 0.0221174 0.0199907 0.0173386 0.0144931 0.0117362 0.00926084 0.00716315 0.00545912 0.00411336 0.00306755
 1.0044e-16 3.80638e-05 0.00022342 0.00106207 0.00408908 0.0127515 0.0322091 0.0659033 0.109239 0.146696 0.15961 0.14073 0.100613 0.0584638 0.0278968 0.0114747 0.00499556 0.0035305 0.00406753 0.0053094 0.00677525 0.00823312 0.00949961 0.0104126 0.0108549 0.0107797 0.0102204 0.0092788 0.00809761 0.00682633 0.00559138 0.00447867 0.00353038 0.00275291 0.00213007 0.00163609
 1.00314e-16 3.57132e-05 0.000209614 0.000996422 0.0038363 0.0119632 0.030218 0.0618298 0.102489 0.137637 0.14977 0.132092 0.0945218 0.0550938 0.0266062 0.0114926 0.00583876 0.00503865 0.00626385 0.00826446 0.010522 0.0127216 0.0145796 0.0158404 0.016324 0.0159678 0.0148418 0.0131282 0.0110748 0.00893712 0.00692817 0.00518849 0.00378077 0.00270327 0.00191325 0.00135049
 1.00647e-16 3.11181e-05 0.000182629 0.000868115 0.00334226 0.0104225 0.0263265 0.0538681 0.0892949 0.119928 0.130526 0.115181 0.0825535 0.0483872 0.0238716 0.0111749 0.00693471 0.00717211 0.00942654 0.0125671 0.016047 0.019449 0.0223565 0.0243841 0.0252555 0.0248675 0.0233138 0.0208556 0.0178536 0.0146826 0.0116577 0.0089905 0.00678084 0.00503595 0.00370401 0.00270747
 1.01058e-16 3.13241e-05 0.000183841 0.000873882 0.00336447 0.0104918 0.0265014 0.0542259 0.0898872 0.120721 0.131382 0.115921 0.0830512 0.0486124 0.0238597 0.010965 0.00653428 0.00655779 0.008564 0.0114332 0.0146482 0.0178341 0.0206205 0.0226619 0.023704 0.0236408 0.0225358 0.0205985 0.0181267 0.015434 0.0127878 0.0103722 0.00828112 0.0065348 0.00510681 0.00395056
 1.0119e-16 3.14055e-05 0.000184318 0.000876153 0.00337322 0.010519 0.0265703 0.0543669 0.0901207 0.121035 0.131722 0.116219 0.0832601 0.0487254 0.0238978 0.0109532 0.00648713 0.00647819 0.00844832 0.0112764 0.0144475 0.0175911 0.0203425 0.0223618 0.0233995 0.0233522 0.0222833 0.0203999 0.0179947 0.0153756 0.0128034 0.0104563 0.00842341 0.00672158 0.00532258 0.00417966
 1.01325e-16 3.00424e-05 0.000176313 0.000838092 0.00322666 0.010062 0.0254159 0.0520051 0.0862068 0.115781 0.126014 0.111203 0.0797107 0.0467376 0.0230896 0.0108639 0.00681975 0.00712184 0.00940089 0.0125706 0.0161066 0.0196072 0.0226675 0.0249084 0.0260522 0.0259844 0.0247772 0.022663 0.0199701 0.0170431 0.0141738 0.011561 0.0093036 0.00741896 0.00587411 0.00461527
 1.01245e-16 3.20863e-05 0.000188317 0.000895167 0.00344643 0.0107474 0.027147 0.0555467 0.0920758 0.123658 0.134572 0.118721 0.0850246 0.049702 0.0242725 0.0109495 0.00624509 0.00604449 0.0078163 0.0104256 0.0133679 0.0162966 0.0188756 0.0207921 0.0218148 0.0218452 0.0209368 0.0192739 0.0171195 0.0147514 0.0124054 0.0102439 0.00834961 0.00674095 0.00539663 0.00427912
 1.02534e-16 1.65271e-05 9.69436e-05 0.000460706 0.00177354 0.00553045 0.0139699 0.0285876 0.0473997 0.0636945 0.0694123 0.0614645 0.0445173 0.027028 0.0150747 0.00997594 0.0101147 0.0134997 0.0188412 0.0253979 0.0325545 0.0395995 0.0457291 0.0501778 0.0523858 0.0521273 0.0495584 0.0451617 0.0396145 0.033625 0.0277908 0.0225162 0.0179982 0.0142647 0.011239 0.0088014
 1.03552e-16 2.82132e-05 0.000165581 0.000787085 0.0030303 0.00944967 0.0238691 0.0488397 0.0809581 0.108727 0.118325 0.104389 0.0747646 0.0437144 0.0213706 0.00968671 0.00560875 0.00553854 0.00727856 0.009867 0.012901 0.0161144 0.0192386 0.0220026 0.0241747 0.025603 0.0262351 0.0261104 0.0253323 0.0240324 0.02234 0.0203665 0.0182042 0.0159338 0.013633 0.0113804
 1.02327e-16 2.96564e-05 0.000174049 0.000827327 0.00318522 0.00993278 0.0250895 0.0513371 0.0850992 0.114293 0.124392 0.109767 0.078672 0.0461091 0.022743 0.0106411 0.00660185 0.00683843 0.0090147 0.0120657 0.0154866 0.018898 0.0219201 0.0241972 0.0254683 0.0256241 0.0247292 0.0229945 0.0207174 0.018206 0.0157158 0.0134144 0.0113781 0.00961205 0.00808205 0.006743
pSPR Fmed_Fpbrs
0.463697   0.6 0.325
Fs Fmed_Fpbrs
0.64   0.367456 1.18539
SSBpbr Bo_Bmed_Bpbrs
646932  267634  355813 177906
Ro
27446.7
SPR SPRFo_SPRFmed_SPRFpbrs
566890 262865 184239
log_Ro
10.04
likeval ReclasPelacesDesembMPH_pf_preclas_ppelaces_ptallas_desvR_qrecl_qpela
 93.4288 31.1897 0.0825936 40.4103 354.138 216.653 60.8098 0 20.5102 3.40895e-05 0.000150719 1.8106e-16 0 0 0
q_reclas_q_pelaces
2.28727 5.73516
M
0.7
N
 31678.9 12421.4 4885.68 604.018 0.180306
 43606.6 14625 3308.96 1301.51 160.954
 12410.6 20008.4 3697.08 836.481 369.7
 16256 5315.52 2808.95 519.027 169.334
 36990.8 7682.06 1728.48 913.403 223.838
 20458.7 18175.9 3485.45 784.233 515.981
 61903.2 9116.7 3579.25 686.364 256.042
 61796.3 28064.5 2079.97 816.602 215.009
 86167 26981.5 4643.2 344.125 170.677
 105860 37238 4089.33 703.725 78.0236
 64580.3 48323 9008.41 989.266 189.116
 54723.8 27679 6823.94 1272.12 166.405
 49062.4 23602 4123.67 1016.64 214.315
 28353.9 19728.2 1932.68 337.672 100.799
 15796.1 9193.04 256.931 25.1704 5.71044
 8915.94 5182.36 132.435 3.70135 0.444869
 5658.64 3821.86 732.653 18.7229 0.58617
 8888.65 2365.92 436.752 83.7256 2.20659
 12410.8 3694.64 257.14 47.4684 9.33954
 12282 5519.39 715.219 49.7779 10.997
 18452.1 5580.59 1283.45 166.313 14.1323
 27834.4 8755.57 1879.07 432.157 60.7587
 34666.2 13091.2 2733.74 586.701 153.903
 54264 16231.2 3933.43 821.391 222.524
 18976.5 25293.3 4693.33 1137.37 301.853
 31560.1 8951.98 8102.49 1503.47 461.043
 30548.9 14675.5 2536.13 2295.47 556.553
pred_Ctot
 1608.94 4290.24 1687.48 208.623 0.0622764
 2394.68 5365.34 1213.93 477.474 59.0479
 1237.76 11067.3 2044.97 462.683 204.492
 567.047 1351.9 714.404 132.005 43.0669
 279.932 479.466 107.881 57.0089 13.9706
 1519.66 8308.64 1593.28 358.492 235.867
 3895.45 3703.5 1454.01 278.823 104.012
 5406.58 14308.5 1060.45 416.338 109.621
 8104.14 14399.1 2477.91 183.647 91.0845
 6178.17 14305.5 1570.97 270.345 29.9738
 6412.82 26658.8 4969.76 545.758 104.331
 5216.77 14895 3672.19 684.572 89.5483
 6795.25 15607.8 2726.94 672.295 141.724
 7252.5 16331.5 1599.92 279.533 83.4434
 3947.47 7564.79 211.424 20.7123 4.69902
 884.609 2857.55 73.0246 2.04093 0.245301
 649.536 2292.7 439.512 11.2317 0.351638
 1052.49 1443.64 266.498 51.0878 1.34642
 938.102 1709.3 118.964 21.961 4.32089
 754.692 2203.22 285.5 19.8703 4.38979
 591.697 1321.16 303.845 39.3732 3.34569
 1061.88 2400.51 515.184 118.484 16.6582
 1429.18 3826.54 799.068 171.491 44.9854
 2403.23 5028.73 1218.65 254.482 68.9421
 684.838 6619.93 1228.37 297.68 79.0029
 1449.05 2854.98 2584.06 479.488 147.036
 2165.2 6493.04 1122.09 1015.61 246.242
F
 0.0729207 0.622784 0.622784 0.622784 0.622784
 0.0790563 0.675185 0.675185 0.675185 0.675185
 0.147923 1.26334 1.26334 1.26334 1.26334
 0.0495739 0.423389 0.423389 0.423389 0.423389
 0.0105721 0.0902913 0.0902913 0.0902913 0.0902913
 0.1083 0.924943 0.924943 0.924943 0.924943
 0.0910662 0.777757 0.777757 0.777757 0.777757
 0.128692 1.0991 1.0991 1.0991 1.0991
 0.138957 1.18677 1.18677 1.18677 1.18677
 0.0842066 0.719172 0.719172 0.719172 0.719172
 0.147235 1.25747 1.25747 1.25747 1.25747
 0.140966 1.20393 1.20393 1.20393 1.20393
 0.211043 1.80242 1.80242 1.80242 1.80242
 0.426318 3.641 3.641 3.641 3.641
 0.414506 3.54011 3.54011 3.54011 3.54011
 0.147103 1.25634 1.25634 1.25634 1.25634
 0.172018 1.46913 1.46913 1.46913 1.46913
 0.177892 1.5193 1.5193 1.5193 1.5193
 0.110303 0.94205 0.94205 0.94205 0.94205
 0.0888369 0.758717 0.758717 0.758717 0.758717
 0.0454908 0.388517 0.388517 0.388517 0.388517
 0.054331 0.464018 0.464018 0.464018 0.464018
 0.0588285 0.502429 0.502429 0.502429 0.502429
 0.0633206 0.540793 0.540793 0.540793 0.540793
 0.0513278 0.438369 0.438369 0.438369 0.438369
 0.0657141 0.561235 0.561235 0.561235 0.561235
 0.103107 0.880589 0.880589 0.880589 0.880589
Np
 17879.9 8504.96 4705.66 1038.87 241.269
YTP_r0W_actual
 7605.49 71595.3 17986.2 20789.9 5593.77
YTP_p0W_proyectada
 4451.39 66757.8 21424.9 4728.38 5726.93
 4451.39 41491.9 33372.4 9409.01 2424.93
CTP_r0_actual
 927.499 3314.6 572.808 518.452 125.703
CTP_p0_proyectada
 542.853 3090.64 682.323 117.915 128.695
 542.853 1920.92 1062.82 234.639 54.4928
Wmedp
 8.2 21.6 31.4 40.1 44.5
nmprior
 10.8 10.6 4.6 0
nm_flota  nm_reclas  nm_pelaces    nm_pelaL
inf 18.277 12.0163 32.4846
cv_recla  cv_pelaces  cv_mph
0.697573 0.30589 0.509687
 ------------------------------------------------
Talla a la edad & desviaci?n 
 7.2 14.2025 17.0495 18.207 18.6776
 1.08 2.13037 2.55742 2.73105 2.80164
