years
 1997 1998 1999 2000 2001 2002 2003 2004 2005 2006 2007 2008 2009 2010 2011 2012 2013 2014 2015 2016 2017 2018 2019 2020 2021 2022 2023
reclasobs
 0 0 0 370054 412103 1.49427e+06 250295 1.28982e+06 931140 785840 897777 1.04006e+06 184774 17550 25797 100020 73551 82996 120727 218422 84188 347160 605670 569463 516374 1.08416e+06 1.01767e+06
reclaspred
 7.83307e+06 1.41812e+06 1.7226e+06 295237 251907 372928 637977 612190 644184 840283 865898 673173 440728 135239 77549.1 89270.4 68265.8 76792.8 120632 165818 220303 257868 446512 502687 825866 700007 356639
pelacesobs
 0 0 0 0 0 0 0 0 0 2.06254e+06 1.5e+06 0 1.87456e+06 323000 250000 174000 83755 137374 0 501740 490994 745055 786931 1.00524e+06 1.33801e+06 1.41789e+06 0
pelacespred
 1.37747e+07 6.47138e+06 1.38252e+06 554913 749076 632671 2.0599e+06 1.76462e+06 1.73781e+06 2.43721e+06 1.88441e+06 1.63152e+06 1.05947e+06 283242 180366 184369 138441 182245 270592 325934 583434 615727 778519 1.11493e+06 1.65192e+06 1.3303e+06 514727
mphobs
 0 0 0 0 0 0 112323 0 153150 637223 0 255016 313432 73983 77613 109348 50772 17779 17303 59886 28197 0 207744 136588 643089 65757 70829
mphpred
 1.36302e+06 570114 228894 73185.8 47940.8 159661 169298 317754 281471 323098 396504 276220 206021 141334 62577.5 53142.8 33104.7 36425.8 35768.2 41747.7 50203.4 76103 91875.4 124465 191451 129403 116924
desembarqueobs
 350755 77701 442110 56441 14545 235359 269955 359681 431902 328805 639364 411747 362871 311530 167758 66681 60226 58785 57116 73181 50977 67692 138656 160484 209506 203330 245020
desembarquepred
 350744 77677.3 441487 56402.2 14541.6 235191 269875 358882 431218 328542 637932 410782 362186 311054 167173 66649.9 60199.8 58601.4 56978.6 73085.3 50968.9 67578.1 138568 160376 209327 202939 244642
Reclutas
 7639.97 10899.1 1291.23 4193.42 40301.9 10043.4 64076.2 53678.7 67564.2 103390 63942.1 63799.2 49765.1 28487.3 13530.7 7896.11 5833.27 8353.2 10302.8 6974.48 16108.4 19824.9 24396 49203.5 10179.7 33378.6 1314.88
log_desv_Rt
 -0.798851 -0.443563 -2.57665 -1.39873 0.864154 -0.525331 1.32783 1.15077 1.38083 1.80626 1.32573 1.3235 1.07507 0.517213 -0.227284 -0.765874 -1.06867 -0.709601 -0.499827 -0.889986 -0.0529023 0.154694 0.362176 1.06372 -0.51185 0.675671 -2.5585
SSB
 1.64925e+06 689837 276961 88554.6 58008.2 193189 194851 376760 325500 378138 479769 334225 262335 124498 59576.8 50000.9 35489.6 35538.2 53205.4 67719.2 73675 107301 135635 170008 300329 220709 180605
BT
 2.09827e+06 824780 395938 138074 252614 294310 1.01443e+06 891422 975616 1.06129e+06 1.08313e+06 864072 674122 382994 201346 103243 90930.6 110240 118436 128602 206247 186183 256256 424903 437392 460207 265959
Ftot
 0.166182 0.289783 1.30492 1.06022 0.318999 1.58713 1.92537 1.75545 2.18369 1.35729 2.07381 1.94728 2.42604 4.95303 4.9122 1.94453 2.50593 2.4636 1.41523 1.2918 0.871526 0.853421 1.00519 1.15295 0.743669 1.1995 1.8009
BD_Bspro_t
 0.976264 0.827925 0.563426 0.185079 0.23317 0.548007 0.371408 0.468909 0.38184 0.377795 0.395347 0.260329 0.216788 0.125069 0.0724705 0.0751549 0.0761499 0.107494 0.191044 0.276377 0.319955 0.470197 0.485382 0.467926 0.537078 0.384589 0.334602
BD_Bspro
 4.70165 1.96657 0.789553 0.252449 0.165368 0.550738 0.555476 1.07406 0.927926 1.07799 1.36771 0.9528 0.747859 0.354915 0.16984 0.142541 0.101173 0.101311 0.151677 0.193052 0.210031 0.30589 0.386666 0.484654 0.856171 0.62919 0.514865
BD_Bo
 2.87621 1.20304 0.483004 0.154434 0.101163 0.336911 0.339809 0.657048 0.567653 0.659452 0.83669 0.58287 0.457498 0.217117 0.103899 0.0871987 0.0618919 0.0619766 0.0927872 0.118099 0.128485 0.187126 0.236541 0.296484 0.523758 0.384903 0.314965
BD_Brms
 5.22946 2.18734 0.878189 0.280789 0.183933 0.612565 0.617835 1.19463 1.0321 1.199 1.52125 1.05976 0.831815 0.394758 0.188907 0.158543 0.112531 0.112685 0.168704 0.214725 0.233609 0.34023 0.430074 0.539062 0.952286 0.699824 0.572665
S_f
 0.0772076 0.849817 0.997394 0.999961 0.999999
 0.0772076 0.849817 0.997394 0.999961 0.999999
 0.0772076 0.849817 0.997394 0.999961 0.999999
 0.0772076 0.849817 0.997394 0.999961 0.999999
 0.0772076 0.849817 0.997394 0.999961 0.999999
 0.0772076 0.849817 0.997394 0.999961 0.999999
 0.0772076 0.849817 0.997394 0.999961 0.999999
 0.0772076 0.849817 0.997394 0.999961 0.999999
 0.0772076 0.849817 0.997394 0.999961 0.999999
 0.0772076 0.849817 0.997394 0.999961 0.999999
 0.0772076 0.849817 0.997394 0.999961 0.999999
 0.0772076 0.849817 0.997394 0.999961 0.999999
 0.0772076 0.849817 0.997394 0.999961 0.999999
 0.0772076 0.849817 0.997394 0.999961 0.999999
 0.0772076 0.849817 0.997394 0.999961 0.999999
 0.0772076 0.849817 0.997394 0.999961 0.999999
 0.0772076 0.849817 0.997394 0.999961 0.999999
 0.0772076 0.849817 0.997394 0.999961 0.999999
 0.0772076 0.849817 0.997394 0.999961 0.999999
 0.0772076 0.849817 0.997394 0.999961 0.999999
 0.0772076 0.849817 0.997394 0.999961 0.999999
 0.0772076 0.849817 0.997394 0.999961 0.999999
 0.0772076 0.849817 0.997394 0.999961 0.999999
 0.0772076 0.849817 0.997394 0.999961 0.999999
 0.0772076 0.849817 0.997394 0.999961 0.999999
 0.0772076 0.849817 0.997394 0.999961 0.999999
 0.0772076 0.849817 0.997394 0.999961 0.999999
Scru_reclas
 0.0813673 0.308323 0.691677 0.918633 0.982704
 0.0813673 0.308323 0.691677 0.918633 0.982704
 0.0813673 0.308323 0.691677 0.918633 0.982704
 0.0813673 0.308323 0.691677 0.918633 0.982704
 0.0813673 0.308323 0.691677 0.918633 0.982704
 0.0813673 0.308323 0.691677 0.918633 0.982704
 0.0813673 0.308323 0.691677 0.918633 0.982704
 0.0813673 0.308323 0.691677 0.918633 0.982704
 0.0813673 0.308323 0.691677 0.918633 0.982704
 0.0813673 0.308323 0.691677 0.918633 0.982704
 0.0813673 0.308323 0.691677 0.918633 0.982704
 0.0813673 0.308323 0.691677 0.918633 0.982704
 0.0813673 0.308323 0.691677 0.918633 0.982704
 0.0813673 0.308323 0.691677 0.918633 0.982704
 0.0813673 0.308323 0.691677 0.918633 0.982704
 0.0813673 0.308323 0.691677 0.918633 0.982704
 0.0813673 0.308323 0.691677 0.918633 0.982704
 0.0813673 0.308323 0.691677 0.918633 0.982704
 0.0813673 0.308323 0.691677 0.918633 0.982704
 0.0813673 0.308323 0.691677 0.918633 0.982704
 0.0813673 0.308323 0.691677 0.918633 0.982704
 0.0813673 0.308323 0.691677 0.918633 0.982704
 0.0813673 0.308323 0.691677 0.918633 0.982704
 0.0813673 0.308323 0.691677 0.918633 0.982704
 0.0813673 0.308323 0.691677 0.918633 0.982704
 0.0813673 0.308323 0.691677 0.918633 0.982704
 0.0813673 0.308323 0.691677 0.918633 0.982704
Scru_pelaces
 0.204376 0.563844 0.866773 0.970364 0.993968
 0.204376 0.563844 0.866773 0.970364 0.993968
 0.204376 0.563844 0.866773 0.970364 0.993968
 0.204376 0.563844 0.866773 0.970364 0.993968
 0.204376 0.563844 0.866773 0.970364 0.993968
 0.204376 0.563844 0.866773 0.970364 0.993968
 0.204376 0.563844 0.866773 0.970364 0.993968
 0.204376 0.563844 0.866773 0.970364 0.993968
 0.204376 0.563844 0.866773 0.970364 0.993968
 0.204376 0.563844 0.866773 0.970364 0.993968
 0.204376 0.563844 0.866773 0.970364 0.993968
 0.204376 0.563844 0.866773 0.970364 0.993968
 0.204376 0.563844 0.866773 0.970364 0.993968
 0.204376 0.563844 0.866773 0.970364 0.993968
 0.204376 0.563844 0.866773 0.970364 0.993968
 0.204376 0.563844 0.866773 0.970364 0.993968
 0.204376 0.563844 0.866773 0.970364 0.993968
 0.204376 0.563844 0.866773 0.970364 0.993968
 0.204376 0.563844 0.866773 0.970364 0.993968
 0.204376 0.563844 0.866773 0.970364 0.993968
 0.204376 0.563844 0.866773 0.970364 0.993968
 0.204376 0.563844 0.866773 0.970364 0.993968
 0.204376 0.563844 0.866773 0.970364 0.993968
 0.204376 0.563844 0.866773 0.970364 0.993968
 0.204376 0.563844 0.866773 0.970364 0.993968
 0.204376 0.563844 0.866773 0.970364 0.993968
 0.204376 0.563844 0.866773 0.970364 0.993968
pf_obs 
 0.256992 0.487395 0.22802 0.0275931 0
 0.321318 0.546541 0.124235 0.00734118 0.000564706
 0.182869 0.594174 0.210203 0.0122559 0.00049798
 0.330522 0.361315 0.267642 0.0388342 0.00168674
 0.649043 0.306663 0.0425973 0.00169635 0
 0.582887 0.30429 0.105238 0.00758474 0
 0.465427 0.430635 0.0974691 0.00646863 0
 0.296916 0.608066 0.0921331 0.00288517 0
 0.311714 0.524322 0.152257 0.0117073 0
 0.15457 0.633149 0.183074 0.0267441 0.00246327
 0.131901 0.49318 0.331252 0.0422183 0.00144891
 0.196976 0.569456 0.194076 0.0375587 0.00193317
 0.518974 0.381816 0.0799577 0.0180837 0.00116848
 0.0928022 0.601141 0.25162 0.0475244 0.00691264
 0.122501 0.610282 0.24278 0.0234846 0.000952079
 0.383417 0.481906 0.127806 0.00687128 0
 0.0376549 0.599619 0.316969 0.0457579 0
 0.0361596 0.667082 0.258105 0.0386534 0
 0.158088 0.579412 0.248529 0.0139706 0
 0.0477256 0.309471 0.559284 0.082774 0.000745712
 0.0406174 0.521527 0.379366 0.0568643 0.0016247
 0.151134 0.462217 0.34131 0.0453401 0
 0.294876 0.26143 0.354403 0.0886775 0.000613685
 0.281977 0.475581 0.204845 0.0348837 0.00271318
 0.0841818 0.532909 0.334909 0.0458182 0.00218182
 0.115287 0.27431 0.454777 0.147771 0.00785563
 0 0 0 0 0
pf_pred 
 0.0104511 0.637556 0.31085 0.0411413 1.85513e-06
 0.0291302 0.100045 0.594512 0.244095 0.0322179
 0.00938429 0.284409 0.0857222 0.424006 0.196479
 0.137327 0.150191 0.248951 0.0565013 0.407029
 0.615279 0.289986 0.0203372 0.0260689 0.0483284
 0.0665186 0.887905 0.0358725 0.00208827 0.00761594
 0.584407 0.254091 0.155679 0.004588 0.0012345
 0.225032 0.756593 0.0127086 0.00546255 0.000203077
 0.29937 0.613088 0.08605 0.00103413 0.00045843
 0.317265 0.634167 0.0442676 0.00422705 7.2839e-05
 0.169863 0.74879 0.0769396 0.0040188 0.00038847
 0.243237 0.647886 0.101295 0.00717335 0.000408316
 0.225771 0.696507 0.0695492 0.00760656 0.000565894
 0.258857 0.678369 0.0584731 0.0038518 0.00044941
 0.273464 0.714554 0.0114832 0.000464872 3.37505e-05
 0.211694 0.774864 0.0133362 0.000101308 4.34224e-06
 0.215193 0.689131 0.0945287 0.00113843 8.96431e-06
 0.363586 0.580453 0.0513067 0.00459893 5.54184e-05
 0.285054 0.681234 0.0317042 0.00184188 0.000165897
 0.153865 0.750825 0.091927 0.00318237 0.000200536
 0.321778 0.522959 0.1417 0.0130842 0.000479227
 0.217333 0.688363 0.0764295 0.0163191 0.0015559
 0.209868 0.637114 0.138096 0.0121031 0.00281955
 0.316873 0.556462 0.106748 0.0179826 0.00193506
 0.0446478 0.850367 0.0894145 0.0131311 0.00243916
 0.269108 0.292821 0.398808 0.0334581 0.00580451
 0.0116907 0.874222 0.0533524 0.0553138 0.00542083
pobs_RECLAS
 0 0 0 0 0
 0 0 0 0 0
 0 0 0 0 0
 0 0 0 0 0
 0.835266 0.146461 0.0176864 0.000547809 3.91292e-05
 0.385257 0.428462 0.181853 0.0044286 0
 0.867414 0.0963971 0.0333333 0.00285562 0
 0.441836 0.489002 0.0689373 0.000224442 0
 0.779404 0.147425 0.0564933 0.0165055 0.000172143
 0.814271 0.122319 0.05973 0.00367925 0
 0.40263 0.566651 0.0304383 0.000280538 0
 0.475488 0.404961 0.113038 0.00651328 0
 0.955842 0.0263864 0.0167828 0.000988607 0
 0.975058 0.0227948 0.00214734 0 0
 0.738997 0.206755 0.0527124 0.00153531 0
 0.850938 0.134255 0.0134407 0.00136685 0
 0.542534 0.407297 0.0501686 0 0
 0.764087 0.199537 0.0359546 0.000420521 0
 0.470689 0.182191 0.310203 0.0369168 0
 0.84361 0.089868 0.0606195 0.00523954 0.000663233
 0.607945 0.314616 0.071237 0.00620181 0
 0.523733 0.453247 0.0230204 0 0
 0.530135 0.295979 0.169645 0.0042399 0
 0.562478 0.366248 0.0663022 0.0049721 0
 0.250443 0.683176 0.0655157 0.000865301 0
 0.195077 0.31981 0.436473 0.0351445 0.0134964
 0.565238 0.351407 0.0832357 0.000118908 0
ppred_RECLAS
 0.0224191 0.46697 0.43444 0.0761667 3.67389e-06
 0.0425095 0.0494934 0.560264 0.304711 0.0430219
 0.0149097 0.139883 0.0782949 0.51275 0.254162
 0.190453 0.0662434 0.205532 0.0617704 0.476002
 0.776001 0.123762 0.0165268 0.0280616 0.0556489
 0.18523 0.73916 0.0548813 0.00422922 0.016499
 0.788256 0.0977605 0.108532 0.00423302 0.00121836
 0.49248 0.483907 0.0148363 0.00844075 0.000335664
 0.586156 0.329177 0.0827282 0.00131548 0.000623789
 0.586583 0.360732 0.0466755 0.00590091 0.000108769
 0.404124 0.496959 0.0919068 0.00635244 0.000656839
 0.501758 0.380001 0.107549 0.0100793 0.00061371
 0.505263 0.410817 0.0725838 0.0105014 0.000835697
 0.684915 0.275514 0.0360475 0.00313258 0.000390948
 0.706367 0.286229 0.00700126 0.000373925 2.90382e-05
 0.482176 0.502017 0.0156426 0.000157258 7.21012e-06
 0.4909 0.408717 0.098796 0.00157384 1.32564e-05
 0.670606 0.280371 0.043766 0.00518939 6.6891e-05
 0.556081 0.406019 0.0349529 0.00268838 0.000259017
 0.34796 0.526435 0.119747 0.0054887 0.000369974
 0.546674 0.287877 0.146794 0.0179509 0.000703307
 0.432925 0.445045 0.0930377 0.0263086 0.00268316
 0.412762 0.400761 0.162865 0.0189022 0.0047104
 0.555471 0.307185 0.109986 0.0245338 0.00282403
 0.114009 0.711747 0.1413 0.0274828 0.00546091
 0.431004 0.146934 0.372945 0.0414289 0.00768829
 0.0347336 0.754269 0.0838602 0.115074 0.0120634
pobs_PELACES
 0 0 0 0 0
 0 0 0 0 0
 0 0 0 0 0
 0 0 0 0 0
 0 0 0 0 0
 0 0 0 0 0
 0 0 0 0 0
 0 0 0 0 0
 0 0 0 0 0
 0 0 0 0 0
 0.450072 0.473896 0.0757376 0.000293798 0
 0 0 0 0 0
 0.463077 0.371075 0.160297 0.00555027 0
 0.529543 0.364841 0.0842815 0.0213345 0
 0.631943 0.363953 0.00410389 0 0
 0.735681 0.248677 0.0153453 0.000297389 0
 0.695825 0.281241 0.0229344 0 0
 0.275771 0.60734 0.115278 0.00161068 0
 0 0 0 0 0
 0.896147 0.0623911 0.0374545 0.00400742 0
 0.803859 0.145111 0.0509908 3.86294e-05 0
 0.739449 0.233085 0.0266225 0.000797448 4.60066e-05
 0.878498 0.100942 0.0204185 0.000141795 0
 0.694673 0.275183 0.0284847 0.00165964 0
 0.469039 0.446079 0.0841089 0.000773354 0
 0.822795 0.102175 0.0682046 0.00682512 0
 0 0 0 0 0
ppred_PELACES
 0.0383341 0.557222 0.352373 0.0520676 2.40483e-06
 0.0913915 0.0719538 0.550324 0.25223 0.0341
 0.0454666 0.222675 0.0801474 0.441949 0.209762
 0.414771 0.0801569 0.161846 0.0409641 0.302262
 0.864531 0.0925457 0.00833795 0.0119304 0.0226546
 0.327032 0.633942 0.0298549 0.00193668 0.00723442
 0.913114 0.0504663 0.034956 0.00114735 0.000316204
 0.680055 0.310966 0.00599785 0.00287208 0.000109362
 0.786598 0.184309 0.0285386 0.000381813 0.00017336
 0.742995 0.235356 0.019533 0.00207918 3.66969e-05
 0.628155 0.331449 0.0379691 0.00220826 0.000218632
 0.714408 0.239768 0.0422937 0.0033356 0.00019447
 0.736531 0.23489 0.0252693 0.00307538 0.000234339
 0.918146 0.0760592 0.00535764 0.000390812 4.66998e-05
 0.921245 0.0776806 0.00102501 4.59538e-05 3.41693e-06
 0.67992 0.313928 0.00609738 5.15848e-05 2.26463e-06
 0.731246 0.233986 0.0343047 0.000459667 3.70725e-06
 0.847896 0.137718 0.0130659 0.00130317 1.60841e-05
 0.718173 0.266136 0.014654 0.000948931 8.7543e-05
 0.522696 0.414189 0.060624 0.00233973 0.000151014
 0.703823 0.216079 0.0723653 0.00745379 0.000279632
 0.586005 0.352832 0.0484865 0.0115488 0.00112781
 0.58489 0.319985 0.0848516 0.00829406 0.00197908
 0.722434 0.216793 0.050286 0.00944585 0.00104111
 0.186923 0.702875 0.092218 0.0151095 0.00287479
 0.659734 0.120605 0.197864 0.0185086 0.0032889
 0.0795385 0.794542 0.0554506 0.0640405 0.00642825
pobs_pel_tallas
 0 0 0 0 0 0 0 0 0 0 0 0 0 0 0 0 0 0 0 0 0 0 0 0 0 0 0 0 0 0 0 0 0 0 0 0
 0 0 0 0 0 0 0 0 0 0 0 0 0 0 0 0 0 0 0 0 0 0 0 0 0 0 0 0 0 0 0 0 0 0 0 0
 0 0 0 0 0 0 0 0 0 0 0 0 0 0 0 0 0 0 0 0 0 0 0 0 0 0 0 0 0 0 0 0 0 0 0 0
 0 0 0 0 0 0 0 0 0 0 0 0 0 0 0 0 0 0 0 0 0 0 0 0 0 0 0 0 0 0 0 0 0 0 0 0
 0 0 0 0 0 0 0 0 0 0 0 0 0 0 0 0 0 0 0 0 0 0 0 0 0 0 0 0 0 0 0 0 0 0 0 0
 0 0 0 0 0 0 0 0 0 0 0 0 0 0 0 0 0 0 0 0 0 0 0 0 0 0 0 0 0 0 0 0 0 0 0 0
 0 0 0 0 0 0 0 0 0 0 0 0 0 0 0 0 0 0 0 0 0 0 0 0 0 0 0 0 0 0 0 0 0 0 0 0
 0 0 0 0 0 0 0 0 0 0 0 0 0 0 0 0 0 0 0 0 0 0 0 0 0 0 0 0 0 0 0 0 0 0 0 0
 0 0 0 0 0 0 0 0 0 0 0 0 0 0 0 0 0 0 0 0 0 0 0 0 0 0 0 0 0 0 0 0 0 0 0 0
 0 0 0 0 0 0 0 0 0 0 0 0 0 0 0 0 0 0 0 0 0 0 0 0 0 0 0 0 0 0 0 0 0 0 0 0
 0 0 0 0 0 0 0 0 1.78061e-05 0.00172719 0.00360574 0.0105946 0.0120993 0.0124554 0.0147524 0.0171206 0.0266825 0.0428682 0.0675386 0.121331 0.153587 0.119568 0.100827 0.0573624 0.0630603 0.0341343 0.0324427 0.0444173 0.0211091 0.0280891 0.0125444 0.00206551 0 0 0 0
 0 0 0 0 0 0 0 0 0 0 0 0 0 0 0 0 0 0 0 0 0 0 0 0 0 0 0 0 0 0 0 0 0 0 0 0
 0 0 0 0 0 0 0.0133647 0.0140871 0.0187388 0.0205184 0.03894 0.0496705 0.03968 0.0493445 0.0407372 0.0367815 0.0215668 0.0243155 0.0234873 0.0199281 0.019796 0.0243948 0.0301388 0.0376714 0.0412746 0.0863199 0.0771752 0.113111 0.0741005 0.0525337 0.0229764 0.00759418 0.00175318 0 0 0
 0 0 0 0 0 0 0 0 0 0 0.00219441 0.00772107 0.0458388 0.0604681 0.0671733 0.0775358 0.0609151 0.0617685 0.073594 0.0568108 0.0755445 0.0548602 0.0670107 0.0636378 0.0643287 0.046367 0.0373049 0.0286899 0.0247887 0.0153202 0.00654259 0.00121912 0.000365735 0 0 0
 0 0 0 0 0 0 0 0 0 0 0 0 0.000112435 0.00938835 0.0111873 0.0202946 0.0414886 0.0713402 0.111592 0.104902 0.108894 0.110636 0.117776 0.105296 0.107544 0.0401394 0.0192827 0.0124803 0.00416011 0.0028671 0.000618394 0 0 0 0 0
 0 0 0 0 0 0 0 0 0 0 0.00291406 0.0102884 0.027416 0.0768956 0.0749926 0.110853 0.0956884 0.0897413 0.0766577 0.0534642 0.0500743 0.0551293 0.0594112 0.0620874 0.0668451 0.0424026 0.0208742 0.0120726 0.0048766 0.00582813 0.00118941 0.000297354 0 0 0 0
 0 0.00264628 0.0354308 0.0461629 0.0458689 0.0383711 0.0214643 0.0164657 0.0346957 0.0420465 0.0363128 0.0245516 0.0311673 0.0291091 0.0169068 0.0133784 0.00837989 0.0085269 0.0148486 0.0160247 0.0276389 0.0546898 0.0760071 0.122758 0.109233 0.0665981 0.0333725 0.0166128 0.00676272 0.00308733 0.000882094 0 0 0 0 0
 0 0 0 0 0 0 0 0.000805153 0.000690131 0.00759144 0.0133425 0.0154129 0.00931677 0.000345066 0.00356568 0.00563607 0.00851162 0.0253048 0.0502646 0.0516448 0.0657925 0.0565908 0.0611916 0.0827007 0.0866115 0.110766 0.145733 0.0935128 0.0569358 0.0249597 0.0138026 0.00621118 0.00161031 0.00115022 0 0
 0 0 0 0 0 0 0 0 0 0 0 0 0 0 0 0 0 0 0 0 0 0 0 0 0 0 0 0 0 0 0 0 0 0 0 0
 0.00147267 0.00158595 0.00478618 0.00569244 0.00954404 0.0108468 0.00647125 0.017049 0.0510054 0.094081 0.124002 0.0959785 0.0687766 0.0820023 0.061753 0.0591476 0.0492212 0.0479892 0.0443925 0.0268479 0.0217502 0.0140895 0.0121071 0.0120363 0.00920419 0.00665534 0.0049561 0.00860946 0.00930331 0.0156896 0.0114698 0.00855282 0.00243557 0.00046729 0 2.83206e-05
 0 0 0 0 0.000772559 0.00158375 0.000888443 0.00281984 0.00712685 0.0440552 0.0773331 0.111326 0.0921469 0.0852325 0.0710754 0.0886704 0.0786465 0.0553345 0.0373146 0.0185414 0.00753245 0.00457741 0.012979 0.0271748 0.0457355 0.0583668 0.034881 0.0177882 0.00938659 0.00492506 0.0015258 0.00185414 0.000309023 5.79419e-05 3.86279e-05 0
 0 0.00173294 0.00326652 0 0.00397197 0.00683976 0.00946217 0.0152591 0.00757587 0.0136028 0.0228656 0.0392903 0.0559909 0.0764795 0.0681675 0.0726916 0.0566044 0.0477403 0.0527397 0.0444891 0.0609904 0.0582453 0.0661739 0.0445044 0.0529084 0.0360697 0.0280645 0.0235558 0.0158879 0.00826598 0.00280645 0.00217768 0.000904811 0.00058276 9.20147e-05 0
 0 0 0 0 0 0 0 0 0 0 0 0 0 0 0 0 0 0 0 0 0 0 0 0 0 0 0 0 0 0 0 0 0 0 0 0
 0 0 0 0 0 0 0 0 0 0 0 0 0 0 0 0 0 0 0 0 0 0 0 0 0 0 0 0 0 0 0 0 0 0 0 0
 0 0 0 0 0 0 0 0 0 0 0 0 0 0 0 0 0 0 0 0 0 0 0 0 0 0 0 0 0 0 0 0 0 0 0 0
 0 0 0 0 0 0 0 0 0 0 0 0 0 0 0 0 0 0 0 0 0 0 0 0 0 0 0 0 0 0 0 0 0 0 0 0
 0 0 0 0 0 0 0 0 0 0 0 0 0 0 0 0 0 0 0 0 0 0 0 0 0 0 0 0 0 0 0 0 0 0 0 0
ppred_pel_tallas
 1.06973e-16 1.70761e-06 9.93327e-06 4.70334e-05 0.000180772 0.000563435 0.0014238 0.0029179 0.00485435 0.00657259 0.00729298 0.00676783 0.00557615 0.00473327 0.00506929 0.00697553 0.0105536 0.0158129 0.0226999 0.0310047 0.0402726 0.0497951 0.0586956 0.0660862 0.071248 0.0737738 0.0736309 0.0711223 0.0667726 0.0611818 0.0548997 0.0483544 0.0418407 0.0355483 0.0296058 0.0241145
 1.18096e-16 4.00168e-06 2.34457e-05 0.000111371 0.000428653 0.00133656 0.00337608 0.00690885 0.0114561 0.0153974 0.0167876 0.014885 0.0108255 0.00666844 0.00391138 0.00292237 0.00339022 0.00495239 0.00746014 0.0109377 0.0154619 0.0210729 0.0277238 0.0352537 0.0433773 0.051688 0.0596804 0.0667901 0.0724523 0.076173 0.0776005 0.0765828 0.0731989 0.0677503 0.0607186 0.0526922
 1.26198e-16 2.00341e-06 1.17048e-05 5.55326e-05 0.000213627 0.000665994 0.00168245 0.00344447 0.00571729 0.00770161 0.00844281 0.00759466 0.00575926 0.00401613 0.00318436 0.00353589 0.00500715 0.0074908 0.0109421 0.0153358 0.0205964 0.0265655 0.0330126 0.0396727 0.0462913 0.0526533 0.0585871 0.0639402 0.0685438 0.0721848 0.074607 0.0755452 0.0747839 0.07222 0.0679102 0.0620823
 1.17855e-16 1.81015e-05 0.000106227 0.000504927 0.00194395 0.00606198 0.015312 0.0313306 0.0519344 0.0697482 0.0759044 0.0669641 0.0479598 0.0280423 0.0137163 0.00624567 0.00369294 0.00378748 0.00517853 0.00733203 0.0100942 0.0134109 0.0172207 0.0214306 0.0259168 0.0305293 0.0350931 0.0394072 0.0432458 0.0463687 0.0485422 0.0495695 0.0493256 0.0477837 0.0450282 0.0412493
 1.01618e-16 3.7714e-05 0.000221367 0.00105231 0.00405152 0.0126343 0.0319132 0.0652979 0.108235 0.145347 0.15814 0.139427 0.099669 0.0578894 0.0275742 0.0112584 0.00477504 0.00323852 0.00366666 0.00478187 0.00612189 0.00747701 0.00868894 0.00961967 0.0101702 0.0103016 0.0100417 0.00947424 0.00871354 0.00787449 0.00704777 0.00628681 0.00560823 0.00500188 0.00444524 0.00391624
 1.01035e-16 1.42985e-05 8.38478e-05 0.00039842 0.00153368 0.00478242 0.0120806 0.024723 0.0409977 0.055109 0.0601019 0.053329 0.0388611 0.0240639 0.0142633 0.0106799 0.0119914 0.0165208 0.023136 0.0310905 0.0396464 0.0478988 0.0548245 0.0594651 0.0611448 0.059636 0.0552163 0.0485904 0.0407113 0.0325585 0.0249452 0.0184049 0.0131694 0.00922173 0.00638605 0.00441951
 1.00567e-16 3.98308e-05 0.000233798 0.00111142 0.00427912 0.0133441 0.033706 0.0689656 0.114313 0.153505 0.167005 0.147218 0.105181 0.0609771 0.0288315 0.0114023 0.00426977 0.00226178 0.00223021 0.00284702 0.00366751 0.00453212 0.00534342 0.00601767 0.00648837 0.00671741 0.00670068 0.00646481 0.00605709 0.00553241 0.0049419 0.00432634 0.00371476 0.00312666 0.00257552 0.0020716
 1.00291e-16 2.96788e-05 0.000174173 0.000827905 0.00318742 0.00993962 0.0251069 0.0513731 0.0851611 0.114382 0.124506 0.109907 0.0788568 0.046388 0.0231959 0.0113765 0.00774946 0.00853542 0.0113812 0.0151704 0.0193084 0.0232952 0.0266183 0.028807 0.0295329 0.0286892 0.0264192 0.0230765 0.0191367 0.0150872 0.0113317 0.0081334 0.00560466 0.00373264 0.0024246 0.00155391
 1.00487e-16 3.43195e-05 0.00020143 0.000957511 0.00368648 0.0114959 0.0290378 0.0594153 0.0984874 0.132266 0.143931 0.126957 0.0908786 0.0530341 0.0257313 0.0113205 0.00605276 0.00551155 0.00698217 0.0092568 0.0118183 0.0143338 0.0164928 0.0180111 0.0186846 0.018435 0.0173277 0.015551 0.013366 0.0110454 0.00881941 0.00684394 0.00519432 0.0038791 0.00286397 0.00209564
 1.00428e-16 3.24203e-05 0.000190275 0.00090447 0.00348224 0.010859 0.0274291 0.056124 0.0930336 0.124947 0.135981 0.119979 0.0859573 0.0503116 0.0246891 0.0113358 0.00673525 0.00673145 0.00875787 0.0116446 0.0148438 0.0179553 0.0205874 0.0223809 0.0230812 0.0225987 0.0210298 0.0186289 0.0157432 0.0127312 0.00989272 0.0074265 0.00542254 0.0038808 0.00274364 0.00192857
 1.00734e-16 2.74167e-05 0.000160891 0.000764752 0.00294426 0.00918132 0.0231915 0.0474543 0.0786663 0.105663 0.115027 0.101566 0.0729317 0.0430219 0.0217348 0.0110289 0.00798974 0.00914464 0.0123266 0.0164924 0.0210581 0.0255057 0.0292916 0.0319095 0.0329972 0.0324221 0.0303118 0.0270158 0.0230143 0.0188057 0.0148082 0.0113017 0.00841669 0.00615982 0.00445851 0.00320565
 1.00803e-16 3.1174e-05 0.000182958 0.000869681 0.00334829 0.0104413 0.026374 0.0539653 0.0894556 0.120143 0.130757 0.115378 0.0826819 0.0484356 0.0238459 0.0110804 0.00676744 0.0069191 0.00907294 0.012104 0.0154784 0.0187968 0.0216618 0.0237043 0.0246565 0.0244132 0.0230543 0.0208183 0.0180387 0.0150643 0.0121902 0.00961727 0.00744403 0.00568453 0.00429901 0.0032241
 1.00552e-16 3.21384e-05 0.00018862 0.000896603 0.00345195 0.0107646 0.0271905 0.0556358 0.0922244 0.12386 0.134799 0.118937 0.0852141 0.0498826 0.02449 0.0112641 0.00672054 0.00674132 0.00878368 0.0116888 0.0149138 0.0180609 0.0207397 0.022591 0.0233585 0.0229491 0.0214539 0.019121 0.0162912 0.0133174 0.0104955 0.0080227 0.00599035 0.00440184 0.00320464 0.00232212
 1.00117e-16 4.00512e-05 0.00023509 0.00111756 0.00430273 0.0134177 0.033892 0.0693464 0.114945 0.154355 0.167935 0.14805 0.105802 0.06139 0.0291253 0.0116885 0.00464148 0.00278514 0.00294666 0.00377188 0.00478271 0.00577872 0.00662016 0.0071892 0.00740374 0.00723539 0.00671617 0.0059293 0.00498798 0.00400895 0.00308964 0.00229448 0.00165236 0.00116266 0.000805892 0.000554427
 1.00042e-16 4.01864e-05 0.000235884 0.00112133 0.00431726 0.013463 0.0340064 0.0695805 0.115333 0.154876 0.168502 0.14855 0.106161 0.0616 0.0292284 0.0117355 0.00466825 0.00280943 0.00297449 0.00380293 0.00481269 0.00580001 0.00662226 0.00715979 0.00733046 0.00710803 0.00652889 0.0056822 0.00468769 0.00366798 0.00272465 0.00192396 0.00129409 0.000831651 0.000512944 0.000305589
 1.00191e-16 2.96731e-05 0.00017414 0.000827743 0.00318679 0.00993767 0.0251019 0.0513631 0.0851446 0.11436 0.124483 0.109888 0.0788467 0.046389 0.0232093 0.0114042 0.00779516 0.00860393 0.0114774 0.0152974 0.0194661 0.0234787 0.0268174 0.0290067 0.0297151 0.0288353 0.0265129 0.0231067 0.0190988 0.0149836 0.0111709 0.00792861 0.00537122 0.0034863 0.00217975 0.00132237
 1.0058e-16 3.19079e-05 0.000187267 0.00089017 0.00342718 0.0106873 0.0269954 0.0552367 0.0915628 0.122972 0.133833 0.118085 0.084606 0.0495311 0.0243259 0.0112034 0.00670576 0.00674599 0.00880126 0.0117225 0.0149712 0.0181525 0.0208772 0.0227856 0.0236191 0.0232798 0.0218523 0.0195772 0.016788 0.0138324 0.0110036 0.00849983 0.00641613 0.00476227 0.00349309 0.00253916
 1.00276e-16 3.69905e-05 0.000217115 0.00103209 0.00397364 0.0123915 0.0312998 0.0640431 0.106157 0.14256 0.155118 0.136789 0.0978391 0.0569396 0.0273337 0.0115265 0.00544916 0.00432059 0.00521171 0.00684379 0.00871337 0.0105434 0.0120967 0.0131618 0.0135889 0.0133245 0.0124237 0.011034 0.00935687 0.0076011 0.00594127 0.0044936 0.00331129 0.00239533 0.00171338 0.00121867
 1.00332e-16 3.13392e-05 0.000183925 0.000874275 0.00336597 0.0104964 0.0265133 0.0542504 0.089929 0.120781 0.131456 0.116007 0.0831589 0.0487675 0.0241061 0.0113616 0.00715066 0.00746587 0.00982475 0.0130779 0.0166579 0.0201237 0.023034 0.0249842 0.0256892 0.0250524 0.0231893 0.020395 0.0170694 0.0136243 0.0104025 0.00763002 0.00540678 0.00372811 0.00252233 0.00168886
 1.01083e-16 2.28216e-05 0.000133906 0.000636445 0.00245021 0.00764064 0.0193 0.0394926 0.0654722 0.087954 0.0957815 0.0846528 0.0609608 0.0363105 0.0189917 0.0106971 0.00906355 0.0112455 0.0154441 0.0207363 0.0265117 0.0321522 0.0369839 0.0403727 0.0418612 0.0412755 0.0387652 0.0347552 0.0298349 0.0246183 0.0196231 0.0151991 0.0115139 0.00858445 0.00633093 0.00463112
 1.01367e-16 3.07115e-05 0.000180245 0.000856787 0.00329865 0.0102865 0.025983 0.0531651 0.0881287 0.11836 0.128812 0.113653 0.0814261 0.0476609 0.0233928 0.0107522 0.00641349 0.00644869 0.0084397 0.0112956 0.0145172 0.017745 0.0206214 0.0228088 0.0240528 0.024237 0.0234044 0.021737 0.0195024 0.0169878 0.0144418 0.0120412 0.00988412 0.00800455 0.00639615 0.00503461
 1.01253e-16 2.55796e-05 0.000150103 0.000713464 0.00274678 0.00856548 0.021636 0.0442718 0.0733919 0.098583 0.10733 0.0947956 0.0681263 0.0403006 0.02057 0.0107822 0.00823957 0.00971817 0.0132003 0.0176983 0.0226312 0.0274597 0.0316089 0.03454 0.0358642 0.0354338 0.0333746 0.0300458 0.0259444 0.0215874 0.0174087 0.0136992 0.0105961 0.00810992 0.00617183 0.00467958
 1.01687e-16 2.55298e-05 0.000149814 0.000712092 0.0027415 0.00854905 0.0215944 0.0441866 0.0732498 0.0983896 0.107112 0.0945882 0.0679433 0.0401246 0.0203563 0.0104726 0.00777225 0.00903522 0.0122559 0.0164715 0.0211402 0.0257736 0.0298503 0.032875 0.0344798 0.0345061 0.0330362 0.0303602 0.0268948 0.0230817 0.0192989 0.0158096 0.0127518 0.0101615 0.00800984 0.00623984
 1.01158e-16 3.1523e-05 0.000185009 0.000879437 0.00338586 0.0105585 0.0266699 0.0545706 0.0904584 0.121488 0.132215 0.116651 0.0835641 0.0488926 0.02396 0.0109484 0.00643908 0.00639446 0.0083276 0.0111156 0.014246 0.0173533 0.0200785 0.0220865 0.0231306 0.0231071 0.0220762 0.0202386 0.0178803 0.0153027 0.012762 0.0104344 0.00840972 0.00670718 0.00530201 0.00415092
 1.02192e-16 8.19206e-06 4.79909e-05 0.000227937 0.000877253 0.00273536 0.00691003 0.0141441 0.0234653 0.0315734 0.0345168 0.0308235 0.0228873 0.0150175 0.0103902 0.0098595 0.0128236 0.0184345 0.0260586 0.0351371 0.044945 0.0545082 0.0626989 0.0684462 0.0709781 0.0700041 0.0657814 0.0590333 0.0507595 0.0419983 0.0336218 0.0262146 0.0200511 0.0151506 0.0113707 0.00850006
 1.03638e-16 2.87855e-05 0.000168945 0.000803086 0.00309192 0.00964185 0.0243545 0.0498324 0.0826024 0.110932 0.120713 0.106471 0.0762012 0.0444448 0.0215246 0.00941625 0.00498825 0.00456203 0.00590377 0.00806203 0.0106791 0.0135551 0.0164932 0.019282 0.0217196 0.0236424 0.0249434 0.0255741 0.0255365 0.0248682 0.0236313 0.0219065 0.0197929 0.0174072 0.01488 0.0123462
 1.03547e-16 3.51313e-06 2.05134e-05 9.72886e-05 0.000374193 0.00116656 0.00294751 0.00603716 0.0100306 0.0135414 0.0149219 0.0136048 0.0107043 0.00819506 0.00761635 0.00955138 0.0139589 0.0206263 0.0292897 0.0395044 0.0505094 0.0612205 0.0703731 0.0767706 0.0795581 0.0784284 0.0736924 0.0661834 0.0570372 0.0474212 0.038301 0.0303058 0.0237076 0.0184893 0.0144575 0.0113527
pSPR Fmed_Fpbrs
0.497074   0.6 0.325
Fs Fmed_Fpbrs
0.64   0.414329 1.42115
SSBpbr Bo_Bmed_Bpbrs
573413  256358  315377 157689
Ro
16983.5
SPR SPRFo_SPRFmed_SPRFpbrs
350782 174365 114004
log_Ro
9.56
likeval ReclasPelacesDesembMPH_pf_preclas_ppelaces_ptallas_desvR_qrecl_qpela
 102.819 26.1479 0.341008 37.2668 413.547 234.819 61.4129 0 49.3361 0.00019489 0.000448926 2.36527e-15 0 0 0
q_reclas_q_pelaces
7.22994 20.3768
M
0.7
N
 7639.97 44780.3 18799.9 2482.25 0.111925
 10899.1 3745.53 19308.5 7909.8 1043.97
 1291.23 5292.59 1453.97 7181.56 3327.77
 4193.42 579.75 867.073 196.476 1415.36
 40301.9 1918.72 116.934 149.556 277.248
 10043.4 19526.4 726.563 42.243 154.058
 64076.2 4412.21 2516.83 74.0936 19.9361
 53678.7 27424 426.63 183.167 6.80935
 67564.2 23277.4 3063.66 36.7833 16.3057
 103390 28345.8 1807.14 172.322 2.96933
 63942.1 46233.8 4441.67 231.77 22.4033
 63799.2 27054.8 3940.68 278.768 15.8676
 49765.1 27259.3 2567.76 280.592 20.8745
 28487.3 20491.4 1722.39 113.417 13.233
 13530.7 9650.85 151.198 6.11866 0.444222
 7896.11 4598.37 73.7245 0.559449 0.0239787
 5833.27 3374.47 437.451 5.26391 0.0414491
 8353.2 2387.15 199.221 17.8422 0.215
 10302.8 3429.57 146.094 8.47598 0.763411
 6974.48 4586.65 511.581 17.6849 1.11438
 16108.4 3134.66 759.845 70.0406 2.56527
 19824.9 7478.66 742.215 158.2 15.0827
 24396 9216.98 1798.23 157.345 36.6544
 49203.5 11210.1 1948.03 327.664 35.2582
 10179.7 22352.7 2089.69 306.32 56.899
 33378.6 4773.01 5900.08 494.25 85.7436
 1314.88 15109.2 855.236 885.671 86.7956
pred_Ctot
 70.0975 4276.19 2084.92 275.941 0.0124426
 173.646 596.371 3543.89 1455.06 192.052
 89.5171 2712.99 817.708 4044.61 1874.22
 238.151 260.46 431.728 97.9838 705.863
 706.129 332.804 23.3401 29.9181 55.4644
 838.912 11198 452.413 26.3365 96.0498
 6420.14 2791.38 1710.25 50.4025 13.5618
 4931.48 16580.4 278.502 119.709 4.45033
 7612.42 15589.7 2188.09 26.2961 11.657
 7442.35 14876.2 1038.42 99.1573 1.70865
 6866.74 30270 3110.3 162.461 15.704
 6460.42 17208 2690.42 190.526 10.845
 6179.6 19064.1 1903.64 208.2 15.4891
 6654.84 17439.9 1503.26 99.0243 11.5537
 3138.88 8201.79 131.807 5.33589 0.387395
 798.517 2922.81 50.3044 0.382136 0.016379
 746.235 2389.73 327.802 3.94779 0.031086
 1052.02 1679.51 148.453 13.3068 0.16035
 771.791 1844.46 85.8399 4.98694 0.44917
 478.872 2336.78 286.103 9.90444 0.624123
 756.8 1229.97 333.268 30.7731 1.12711
 912.613 2890.54 320.939 68.5264 6.53346
 1316.01 3995.12 865.953 75.8946 17.6805
 3029.29 5319.76 1020.51 171.913 18.4991
 409.86 7806.24 820.812 120.541 22.3911
 2134.64 2322.74 3163.46 265.399 46.043
 123.738 9253.03 564.698 585.458 57.3757
F
 0.0128305 0.141224 0.165749 0.166175 0.166182
 0.0223734 0.246262 0.289027 0.289771 0.289782
 0.10075 1.10894 1.30152 1.30487 1.30492
 0.081857 0.900991 1.05746 1.06018 1.06022
 0.0246291 0.27109 0.318167 0.318986 0.318999
 0.122539 1.34877 1.583 1.58707 1.58713
 0.148653 1.63621 1.92035 1.9253 1.92537
 0.135534 1.49181 1.75087 1.75538 1.75545
 0.168598 1.85574 2.178 2.18361 2.18369
 0.104793 1.15345 1.35375 1.35724 1.35729
 0.160114 1.76236 2.06841 2.07373 2.07381
 0.150345 1.65483 1.94221 1.94721 1.94728
 0.187309 2.06169 2.41971 2.42594 2.42603
 0.382412 4.20917 4.94012 4.95284 4.95303
 0.379259 4.17447 4.89939 4.91201 4.91219
 0.150132 1.65249 1.93946 1.94445 1.94453
 0.193477 2.12958 2.4994 2.50583 2.50593
 0.190209 2.09361 2.45718 2.4635 2.4636
 0.109266 1.20268 1.41154 1.41517 1.41523
 0.0997368 1.09779 1.28843 1.29175 1.2918
 0.0672885 0.740637 0.869255 0.871493 0.871526
 0.0658906 0.725251 0.851197 0.853388 0.853421
 0.0776083 0.854227 1.00257 1.00515 1.00519
 0.0890165 0.979795 1.14994 1.1529 1.15295
 0.057417 0.631982 0.741731 0.743641 0.743669
 0.0926107 1.01936 1.19637 1.19945 1.1995
 0.139043 1.53043 1.7962 1.80083 1.8009
Np
 11535.8 5548.17 198.413 533.458 30.7115
YTP_r0W_actual
 244.572 71081 6694.03 8871.89 964.874
YTP_p0W_proyectada
 2145.71 2673.03 12711 705.898 873.739
 2145.71 26101.2 1553 5343.72 341.408
CTP_r0_actual
 29.8259 3290.79 213.186 221.244 21.6826
CTP_p0_proyectada
 261.672 123.752 404.808 17.6035 19.6346
 261.672 1208.39 49.4587 133.26 7.6721
Wmedp
 8.2 21.6 31.4 40.1 44.5
nmprior
 10.8 10.6 4.6 0
nm_flota  nm_reclas  nm_pelaces    nm_pelaL
inf 15.4511 6.96862 15.1497
cv_recla  cv_pelaces  cv_mph
0.731788 0.280078 0.489461
 ------------------------------------------------
Talla a la edad & desviaci?n 
 7.2 14.2025 17.0495 18.207 18.6776
 1.08 2.13037 2.55742 2.73105 2.80164
