years
 1997 1998 1999 2000 2001 2002 2003 2004 2005 2006 2007 2008 2009 2010 2011 2012 2013 2014 2015 2016 2017 2018 2019 2020 2021 2022 2023
reclasobs
 0 0 0 370054 412103 1.49427e+06 250295 1.28982e+06 931140 785840 897777 1.04006e+06 184774 17550 25797 100020 73551 82996 120727 218422 84188 347160 605670 569463 516374 1.08416e+06 1.01767e+06
reclaspred
 459454 136099 467993 325828 398643 452050 946532 666349 809722 712154 572271 397858 242986 121417 82882.5 68285.5 64928.5 89464.8 113003 177621 253119 249661 434634 542619 634131 615774 705791
pelacesobs
 0 0 0 0 0 0 0 0 0 2.06254e+06 1.5e+06 0 1.87456e+06 323000 250000 174000 83755 137374 0 501740 490994 745055 786931 1.00524e+06 1.33801e+06 1.41789e+06 0
pelacespred
 1.57635e+06 474477 890219 1.0101e+06 1.03146e+06 1.02848e+06 2.20484e+06 2.0249e+06 2.1424e+06 1.9696e+06 1.48643e+06 1.07658e+06 667283 303829 191525 163214 155915 203598 260050 397348 640122 624939 890642 1.27837e+06 1.51166e+06 1.6027e+06 1.67253e+06
mphobs
 0 0 0 0 0 0 112323 0 153150 637223 0 255016 313432 73983 77613 109348 50772 17779 17303 59886 28197 0 207744 136588 643089 65757 70829
mphpred
 125665 88772.6 117104 161250 146174 193535 286837 323419 304737 330803 296382 219488 138054 117957 61185.4 45371.5 39014.1 44364.3 25355.2 34451.9 56040.5 67425.3 90312.5 129509 164217 166167 158936
desembarqueobs
 350755 77701 442110 56441 14545 235359 269955 359681 431902 328805 639364 411747 362871 311530 167758 66681 60226 58785 57116 73181 50977 67692 138656 160484 209506 203330 245020
desembarquepred
 350765 77704.7 442155 56442.8 14545.1 235411 269983 359699 431926 328842 639615 411986 363346 312349 167910 66723 60279.1 58793.4 57108.9 73182.9 50978.8 67686.3 138666 160496 209522 203340 245018
Reclutas
 90357.8 112463 71033.7 96172.2 146241 106768 167579 189223 241980 187374 83697.1 44335.4 40683.9 22860.9 18284.9 18594.4 14562.9 24011.2 38635.8 55714.1 68003.2 109746 141305 186924 76464.7 119761 253759
log_desv_Rt
 0.171532 0.390382 -0.0690904 0.233895 0.653014 0.338414 0.78921 0.910683 1.15661 0.900861 0.0949601 -0.540461 -0.626412 -1.20282 -1.42617 -1.40938 -1.65377 -1.15372 -0.678065 -0.312011 -0.112689 0.365923 0.618677 0.898455 0.00458427 0.453251 1.20414
SSB
 1.09274e+06 771935 1.0183e+06 1.40218e+06 1.27108e+06 1.68291e+06 2.43703e+06 2.7885e+06 2.60524e+06 2.8299e+06 2.57723e+06 1.90859e+06 1.22557e+06 660553 350369 264541 236170 259996 347082 490887 765107 899937 1.23395e+06 1.7018e+06 2.33212e+06 2.41637e+06 2.19006e+06
BT
 3.73063e+06 1.06525e+06 2.09607e+06 2.07336e+06 2.09838e+06 2.19816e+06 4.74085e+06 4.49596e+06 4.79512e+06 4.25233e+06 3.50341e+06 2.48281e+06 1.67284e+06 906267 533703 381797 365642 464572 575323 869644 1.34842e+06 1.30497e+06 1.87738e+06 2.7088e+06 3.1325e+06 3.34156e+06 3.59178e+06
Ftot
 0.261809 0.187791 0.251898 0.0468076 0.0109076 0.12422 0.0801764 0.158999 0.161232 0.122041 0.256476 0.227667 0.341415 0.573928 0.50708 0.245147 0.247967 0.19783 0.150527 0.125048 0.0584308 0.0762321 0.0831932 0.0846759 0.0772137 0.0814115 0.10235
BD_Bspro_t
 0.968314 0.847487 0.829469 0.755227 0.82519 0.892307 0.867186 0.870505 0.84311 0.825933 0.795678 0.682315 0.588841 0.483432 0.361163 0.35512 0.418895 0.534016 0.655354 0.764296 0.840495 0.887001 0.898846 0.898829 0.901068 0.876823 0.865835
BD_Bspro
 0.695086 0.491023 0.647733 0.891915 0.808523 1.07049 1.55018 1.77375 1.65717 1.80008 1.63936 1.21404 0.779579 0.420173 0.222868 0.168273 0.150226 0.165382 0.220777 0.31225 0.48668 0.572444 0.784907 1.0825 1.48345 1.53704 1.39308
BD_Bo
 0.302378 0.213606 0.281779 0.388003 0.351726 0.465687 0.674363 0.771621 0.720909 0.783077 0.71316 0.528136 0.339135 0.182785 0.0969526 0.0732025 0.0653518 0.0719449 0.096043 0.135836 0.211717 0.249026 0.341453 0.470914 0.645334 0.668646 0.606022
BD_Brms
 0.549778 0.388375 0.512325 0.705461 0.639502 0.846704 1.22612 1.40295 1.31074 1.42378 1.29665 0.960247 0.616609 0.332336 0.176277 0.133095 0.118821 0.130809 0.174624 0.246974 0.38494 0.452775 0.620823 0.856207 1.17333 1.21572 1.10186
S_f
 0.217448 1 1 1 1
 0.217448 1 1 1 1
 0.217448 1 1 1 1
 0.217448 1 1 1 1
 0.217448 1 1 1 1
 0.217448 1 1 1 1
 0.217448 1 1 1 1
 0.217448 1 1 1 1
 0.217448 1 1 1 1
 0.217448 1 1 1 1
 0.217448 1 1 1 1
 0.217448 1 1 1 1
 0.217448 1 1 1 1
 0.217448 1 1 1 1
 0.217448 1 1 1 1
 0.217448 1 1 1 1
 0.217448 1 1 1 1
 0.217448 1 1 1 1
 0.217448 1 1 1 1
 0.217448 1 1 1 1
 0.217448 1 1 1 1
 0.217448 1 1 1 1
 0.217448 1 1 1 1
 0.217448 1 1 1 1
 0.217448 1 1 1 1
 0.217448 1 1 1 1
 0.217448 1 1 1 1
Scru_reclas
 1 1 1 1 1
 1 1 1 1 1
 1 1 1 1 1
 1 1 1 1 1
 1 1 1 1 1
 1 1 1 1 1
 1 1 1 1 1
 1 1 1 1 1
 1 1 1 1 1
 1 1 1 1 1
 1 1 1 1 1
 1 1 1 1 1
 1 1 1 1 1
 1 1 1 1 1
 1 1 1 1 1
 1 1 1 1 1
 1 1 1 1 1
 1 1 1 1 1
 1 1 1 1 1
 1 1 1 1 1
 1 1 1 1 1
 1 1 1 1 1
 1 1 1 1 1
 1 1 1 1 1
 1 1 1 1 1
 1 1 1 1 1
 1 1 1 1 1
Scru_pelaces
 0.843269 1 1 1 1
 0.843269 1 1 1 1
 0.843269 1 1 1 1
 0.843269 1 1 1 1
 0.843269 1 1 1 1
 0.843269 1 1 1 1
 0.843269 1 1 1 1
 0.843269 1 1 1 1
 0.843269 1 1 1 1
 0.843269 1 1 1 1
 0.843269 1 1 1 1
 0.843269 1 1 1 1
 0.843269 1 1 1 1
 0.843269 1 1 1 1
 0.843269 1 1 1 1
 0.843269 1 1 1 1
 0.843269 1 1 1 1
 0.843269 1 1 1 1
 0.843269 1 1 1 1
 0.843269 1 1 1 1
 0.843269 1 1 1 1
 0.843269 1 1 1 1
 0.843269 1 1 1 1
 0.843269 1 1 1 1
 0.843269 1 1 1 1
 0.843269 1 1 1 1
 0.843269 1 1 1 1
pf_obs 
 0.256992 0.487395 0.22802 0.0275931 0
 0.321318 0.546541 0.124235 0.00734118 0.000564706
 0.182869 0.594174 0.210203 0.0122559 0.00049798
 0.330522 0.361315 0.267642 0.0388342 0.00168674
 0.649043 0.306663 0.0425973 0.00169635 0
 0.582887 0.30429 0.105238 0.00758474 0
 0.465427 0.430635 0.0974691 0.00646863 0
 0.296916 0.608066 0.0921331 0.00288517 0
 0.311714 0.524322 0.152257 0.0117073 0
 0.15457 0.633149 0.183074 0.0267441 0.00246327
 0.131901 0.49318 0.331252 0.0422183 0.00144891
 0.196976 0.569456 0.194076 0.0375587 0.00193317
 0.518974 0.381816 0.0799577 0.0180837 0.00116848
 0.0928022 0.601141 0.25162 0.0475244 0.00691264
 0.122501 0.610282 0.24278 0.0234846 0.000952079
 0.383417 0.481906 0.127806 0.00687128 0
 0.0376549 0.599619 0.316969 0.0457579 0
 0.0361596 0.667082 0.258105 0.0386534 0
 0.158088 0.579412 0.248529 0.0139706 0
 0.0477256 0.309471 0.559284 0.082774 0.000745712
 0.0406174 0.521527 0.379366 0.0568643 0.0016247
 0.151134 0.462217 0.34131 0.0453401 0
 0.294876 0.26143 0.354403 0.0886775 0.000613685
 0.281977 0.475581 0.204845 0.0348837 0.00271318
 0.0841818 0.532909 0.334909 0.0458182 0.00218182
 0.115287 0.27431 0.454777 0.147771 0.00785563
 0 0 0 0 0
pf_pred 
 0.398474 0.424722 0.158134 0.0186612 9.28492e-06
 0.322432 0.524421 0.108133 0.0402605 0.00475344
 0.18084 0.576706 0.187654 0.0386931 0.0161073
 0.252875 0.397352 0.246247 0.0801261 0.0233992
 0.292982 0.433912 0.145249 0.090014 0.037843
 0.180077 0.538628 0.172637 0.0577892 0.0508694
 0.27254 0.375509 0.231205 0.074104 0.0466415
 0.253935 0.478153 0.138294 0.0851489 0.0444686
 0.277346 0.452949 0.172854 0.0499937 0.0468572
 0.193333 0.528081 0.174614 0.066636 0.0373364
 0.105328 0.48108 0.270756 0.0895275 0.0533084
 0.0909428 0.343402 0.304162 0.171185 0.0903078
 0.137628 0.290947 0.21586 0.191194 0.164372
 0.128305 0.40196 0.158479 0.117579 0.193677
 0.179837 0.384051 0.201102 0.0792876 0.155723
 0.232049 0.429745 0.158369 0.0829273 0.0969099
 0.192905 0.490606 0.177107 0.0652672 0.0741148
 0.309875 0.380337 0.18831 0.0679791 0.0534991
 0.349096 0.450907 0.110221 0.0545717 0.035204
 0.330497 0.485386 0.127546 0.0311774 0.0253943
 0.283406 0.505769 0.152847 0.0401638 0.0178143
 0.323563 0.440417 0.166581 0.0503421 0.0190958
 0.290631 0.49275 0.141038 0.0533455 0.0222366
 0.286564 0.471949 0.167744 0.0480126 0.02573
 0.109631 0.585164 0.201898 0.07176 0.0315467
 0.209442 0.292035 0.327637 0.113044 0.0578421
 0.35309 0.361016 0.10561 0.118485 0.0617985
pobs_RECLAS
 0 0 0 0 0
 0 0 0 0 0
 0 0 0 0 0
 0 0 0 0 0
 0.835266 0.146461 0.0176864 0.000547809 3.91292e-05
 0.385257 0.428462 0.181853 0.0044286 0
 0.867414 0.0963971 0.0333333 0.00285562 0
 0.441836 0.489002 0.0689373 0.000224442 0
 0.779404 0.147425 0.0564933 0.0165055 0.000172143
 0.814271 0.122319 0.05973 0.00367925 0
 0.40263 0.566651 0.0304383 0.000280538 0
 0.475488 0.404961 0.113038 0.00651328 0
 0.955842 0.0263864 0.0167828 0.000988607 0
 0.975058 0.0227948 0.00214734 0 0
 0.738997 0.206755 0.0527124 0.00153531 0
 0.850938 0.134255 0.0134407 0.00136685 0
 0.542534 0.407297 0.0501686 0 0
 0.764087 0.199537 0.0359546 0.000420521 0
 0.470689 0.182191 0.310203 0.0369168 0
 0.84361 0.089868 0.0606195 0.00523954 0.000663233
 0.607945 0.314616 0.071237 0.00620181 0
 0.523733 0.453247 0.0230204 0 0
 0.530135 0.295979 0.169645 0.0042399 0
 0.562478 0.366248 0.0663022 0.0049721 0
 0.250443 0.683176 0.0655157 0.000865301 0
 0.195077 0.31981 0.436473 0.0351445 0.0134964
 0.565238 0.351407 0.0832357 0.000118908 0
ppred_RECLAS
 0.755554 0.172596 0.0642619 0.00758344 3.77316e-06
 0.688484 0.241106 0.0497147 0.01851 0.00218542
 0.507244 0.346911 0.112881 0.0232754 0.00968918
 0.60937 0.207753 0.128749 0.0418935 0.0122341
 0.655962 0.211143 0.070679 0.0438012 0.0184146
 0.504047 0.325803 0.104424 0.0349553 0.0307698
 0.633649 0.189108 0.116435 0.037319 0.0234888
 0.612122 0.248591 0.0718989 0.0442688 0.0231192
 0.640247 0.225488 0.0860506 0.024888 0.0233265
 0.525827 0.310415 0.102641 0.0391698 0.021947
 0.354473 0.34711 0.195357 0.0645962 0.0384633
 0.317762 0.25772 0.22827 0.128473 0.0677751
 0.42815 0.192931 0.143139 0.126783 0.108997
 0.412973 0.270692 0.106725 0.0791815 0.130428
 0.51028 0.229317 0.120078 0.0473427 0.0929821
 0.584782 0.232356 0.0856275 0.0448374 0.0523976
 0.52701 0.287515 0.103792 0.0382492 0.0434342
 0.676024 0.178548 0.0884013 0.0319125 0.0251149
 0.713097 0.198749 0.0485826 0.0240539 0.0155171
 0.695534 0.220736 0.0580031 0.0141784 0.0115484
 0.645873 0.249942 0.0755341 0.0198482 0.00880351
 0.688267 0.202964 0.0767684 0.0232 0.00880024
 0.65419 0.24021 0.0687544 0.0260054 0.0108401
 0.649713 0.23172 0.0823598 0.0235735 0.012633
 0.362394 0.419045 0.144582 0.0513884 0.0225911
 0.550192 0.166161 0.186418 0.0643192 0.0329108
 0.716131 0.158416 0.0463425 0.0519923 0.0271176
pobs_PELACES
 0 0 0 0 0
 0 0 0 0 0
 0 0 0 0 0
 0 0 0 0 0
 0 0 0 0 0
 0 0 0 0 0
 0 0 0 0 0
 0 0 0 0 0
 0 0 0 0 0
 0 0 0 0 0
 0.450072 0.473896 0.0757376 0.000293798 0
 0 0 0 0 0
 0.463077 0.371075 0.160297 0.00555027 0
 0.529543 0.364841 0.0842815 0.0213345 0
 0.631943 0.363953 0.00410389 0 0
 0.735681 0.248677 0.0153453 0.000297389 0
 0.695825 0.281241 0.0229344 0 0
 0.275771 0.60734 0.115278 0.00161068 0
 0 0 0 0 0
 0.896147 0.0623911 0.0374545 0.00400742 0
 0.803859 0.145111 0.0509908 3.86294e-05 0
 0.739449 0.233085 0.0266225 0.000797448 4.60066e-05
 0.878498 0.100942 0.0204185 0.000141795 0
 0.694673 0.275183 0.0284847 0.00165964 0
 0.469039 0.446079 0.0841089 0.000773354 0
 0.822795 0.102175 0.0682046 0.00682512 0
 0 0 0 0 0
ppred_PELACES
 0.736062 0.18636 0.0693863 0.00818815 4.07404e-06
 0.661742 0.261803 0.0539824 0.020099 0.00237303
 0.480899 0.365458 0.118916 0.0245198 0.0102072
 0.571086 0.228114 0.141367 0.0459993 0.0134332
 0.617204 0.23493 0.0786413 0.0487357 0.0204891
 0.469488 0.348506 0.111701 0.0373911 0.0329139
 0.598241 0.207385 0.127689 0.040926 0.025759
 0.580988 0.268545 0.07767 0.0478221 0.0249749
 0.610069 0.244403 0.0932689 0.0269757 0.0252833
 0.491113 0.33314 0.110155 0.0420374 0.0235537
 0.330999 0.359733 0.202461 0.0669453 0.039862
 0.294059 0.266674 0.236201 0.132936 0.0701298
 0.408129 0.199685 0.148151 0.131222 0.112813
 0.407588 0.273176 0.107704 0.0799079 0.131625
 0.500402 0.233943 0.1225 0.0482977 0.0948577
 0.558548 0.247036 0.0910374 0.0476703 0.0557081
 0.500428 0.303673 0.109625 0.0403988 0.0458752
 0.649348 0.193249 0.09568 0.0345401 0.0271828
 0.685438 0.21791 0.0532662 0.0263728 0.017013
 0.66551 0.242503 0.063723 0.0155765 0.0126873
 0.609584 0.275554 0.0832743 0.0218821 0.00970562
 0.655035 0.224601 0.0849522 0.0256732 0.00973838
 0.619758 0.264128 0.0756002 0.0285947 0.0119194
 0.615189 0.254559 0.0904772 0.0258969 0.0138782
 0.32838 0.441399 0.152295 0.0541297 0.0237962
 0.512997 0.179901 0.201833 0.0696378 0.0356322
 0.685963 0.175252 0.0512676 0.0575177 0.0299996
pobs_pel_tallas
 0 0 0 0 0 0 0 0 0 0 0 0 0 0 0 0 0 0 0 0 0 0 0 0 0 0 0 0 0 0 0 0 0 0 0 0
 0 0 0 0 0 0 0 0 0 0 0 0 0 0 0 0 0 0 0 0 0 0 0 0 0 0 0 0 0 0 0 0 0 0 0 0
 0 0 0 0 0 0 0 0 0 0 0 0 0 0 0 0 0 0 0 0 0 0 0 0 0 0 0 0 0 0 0 0 0 0 0 0
 0 0 0 0 0 0 0 0 0 0 0 0 0 0 0 0 0 0 0 0 0 0 0 0 0 0 0 0 0 0 0 0 0 0 0 0
 0 0 0 0 0 0 0 0 0 0 0 0 0 0 0 0 0 0 0 0 0 0 0 0 0 0 0 0 0 0 0 0 0 0 0 0
 0 0 0 0 0 0 0 0 0 0 0 0 0 0 0 0 0 0 0 0 0 0 0 0 0 0 0 0 0 0 0 0 0 0 0 0
 0 0 0 0 0 0 0 0 0 0 0 0 0 0 0 0 0 0 0 0 0 0 0 0 0 0 0 0 0 0 0 0 0 0 0 0
 0 0 0 0 0 0 0 0 0 0 0 0 0 0 0 0 0 0 0 0 0 0 0 0 0 0 0 0 0 0 0 0 0 0 0 0
 0 0 0 0 0 0 0 0 0 0 0 0 0 0 0 0 0 0 0 0 0 0 0 0 0 0 0 0 0 0 0 0 0 0 0 0
 0 0 0 0 0 0 0 0 0 0 0 0 0 0 0 0 0 0 0 0 0 0 0 0 0 0 0 0 0 0 0 0 0 0 0 0
 0 0 0 0 0 0 0 0 1.78061e-05 0.00172719 0.00360574 0.0105946 0.0120993 0.0124554 0.0147524 0.0171206 0.0266825 0.0428682 0.0675386 0.121331 0.153587 0.119568 0.100827 0.0573624 0.0630603 0.0341343 0.0324427 0.0444173 0.0211091 0.0280891 0.0125444 0.00206551 0 0 0 0
 0 0 0 0 0 0 0 0 0 0 0 0 0 0 0 0 0 0 0 0 0 0 0 0 0 0 0 0 0 0 0 0 0 0 0 0
 0 0 0 0 0 0 0.0133647 0.0140871 0.0187388 0.0205184 0.03894 0.0496705 0.03968 0.0493445 0.0407372 0.0367815 0.0215668 0.0243155 0.0234873 0.0199281 0.019796 0.0243948 0.0301388 0.0376714 0.0412746 0.0863199 0.0771752 0.113111 0.0741005 0.0525337 0.0229764 0.00759418 0.00175318 0 0 0
 0 0 0 0 0 0 0 0 0 0 0.00219441 0.00772107 0.0458388 0.0604681 0.0671733 0.0775358 0.0609151 0.0617685 0.073594 0.0568108 0.0755445 0.0548602 0.0670107 0.0636378 0.0643287 0.046367 0.0373049 0.0286899 0.0247887 0.0153202 0.00654259 0.00121912 0.000365735 0 0 0
 0 0 0 0 0 0 0 0 0 0 0 0 0.000112435 0.00938835 0.0111873 0.0202946 0.0414886 0.0713402 0.111592 0.104902 0.108894 0.110636 0.117776 0.105296 0.107544 0.0401394 0.0192827 0.0124803 0.00416011 0.0028671 0.000618394 0 0 0 0 0
 0 0 0 0 0 0 0 0 0 0 0.00291406 0.0102884 0.027416 0.0768956 0.0749926 0.110853 0.0956884 0.0897413 0.0766577 0.0534642 0.0500743 0.0551293 0.0594112 0.0620874 0.0668451 0.0424026 0.0208742 0.0120726 0.0048766 0.00582813 0.00118941 0.000297354 0 0 0 0
 0 0.00264628 0.0354308 0.0461629 0.0458689 0.0383711 0.0214643 0.0164657 0.0346957 0.0420465 0.0363128 0.0245516 0.0311673 0.0291091 0.0169068 0.0133784 0.00837989 0.0085269 0.0148486 0.0160247 0.0276389 0.0546898 0.0760071 0.122758 0.109233 0.0665981 0.0333725 0.0166128 0.00676272 0.00308733 0.000882094 0 0 0 0 0
 0 0 0 0 0 0 0 0.000805153 0.000690131 0.00759144 0.0133425 0.0154129 0.00931677 0.000345066 0.00356568 0.00563607 0.00851162 0.0253048 0.0502646 0.0516448 0.0657925 0.0565908 0.0611916 0.0827007 0.0866115 0.110766 0.145733 0.0935128 0.0569358 0.0249597 0.0138026 0.00621118 0.00161031 0.00115022 0 0
 0 0 0 0 0 0 0 0 0 0 0 0 0 0 0 0 0 0 0 0 0 0 0 0 0 0 0 0 0 0 0 0 0 0 0 0
 0.00147267 0.00158595 0.00478618 0.00569244 0.00954404 0.0108468 0.00647125 0.017049 0.0510054 0.094081 0.124002 0.0959785 0.0687766 0.0820023 0.061753 0.0591476 0.0492212 0.0479892 0.0443925 0.0268479 0.0217502 0.0140895 0.0121071 0.0120363 0.00920419 0.00665534 0.0049561 0.00860946 0.00930331 0.0156896 0.0114698 0.00855282 0.00243557 0.00046729 0 2.83206e-05
 0 0 0 0 0.000772559 0.00158375 0.000888443 0.00281984 0.00712685 0.0440552 0.0773331 0.111326 0.0921469 0.0852325 0.0710754 0.0886704 0.0786465 0.0553345 0.0373146 0.0185414 0.00753245 0.00457741 0.012979 0.0271748 0.0457355 0.0583668 0.034881 0.0177882 0.00938659 0.00492506 0.0015258 0.00185414 0.000309023 5.79419e-05 3.86279e-05 0
 0 0.00173294 0.00326652 0 0.00397197 0.00683976 0.00946217 0.0152591 0.00757587 0.0136028 0.0228656 0.0392903 0.0559909 0.0764795 0.0681675 0.0726916 0.0566044 0.0477403 0.0527397 0.0444891 0.0609904 0.0582453 0.0661739 0.0445044 0.0529084 0.0360697 0.0280645 0.0235558 0.0158879 0.00826598 0.00280645 0.00217768 0.000904811 0.00058276 9.20147e-05 0
 0 0 0 0 0 0 0 0 0 0 0 0 0 0 0 0 0 0 0 0 0 0 0 0 0 0 0 0 0 0 0 0 0 0 0 0
 0 0 0 0 0 0 0 0 0 0 0 0 0 0 0 0 0 0 0 0 0 0 0 0 0 0 0 0 0 0 0 0 0 0 0 0
 0 0 0 0 0 0 0 0 0 0 0 0 0 0 0 0 0 0 0 0 0 0 0 0 0 0 0 0 0 0 0 0 0 0 0 0
 0 0 0 0 0 0 0 0 0 0 0 0 0 0 0 0 0 0 0 0 0 0 0 0 0 0 0 0 0 0 0 0 0 0 0 0
 0 0 0 0 0 0 0 0 0 0 0 0 0 0 0 0 0 0 0 0 0 0 0 0 0 0 0 0 0 0 0 0 0 0 0 0
ppred_pel_tallas
 1.01328e-16 3.21161e-05 0.000188494 0.000896009 0.00344968 0.0107575 0.0271726 0.0555989 0.0921618 0.123773 0.134693 0.11882 0.0850781 0.0496987 0.0242069 0.010813 0.00602158 0.00571257 0.00735634 0.00982827 0.0126426 0.0154769 0.0180211 0.0199826 0.0211394 0.0213862 0.0207544 0.0193934 0.0175272 0.0153973 0.0132143 0.0111291 0.00922831 0.00754548 0.00608135 0.00482199
 1.01654e-16 2.88784e-05 0.000169479 0.000805595 0.00310154 0.00967181 0.0244303 0.0499886 0.0828649 0.111295 0.121138 0.106915 0.0766691 0.0450194 0.022362 0.010725 0.00700511 0.00752482 0.0100088 0.0134045 0.0171871 0.0209383 0.0242302 0.026661 0.0279354 0.0279306 0.0267209 0.0245496 0.0217608 0.0187152 0.0157172 0.0129733 0.0105851 0.00857014 0.00689421 0.00550338
 1.03127e-16 2.09971e-05 0.000123199 0.000585553 0.00225428 0.00702965 0.0177566 0.0363345 0.0602364 0.0809197 0.0881198 0.0778781 0.0560754 0.0333878 0.0174421 0.00979714 0.00828402 0.0102959 0.0141972 0.019167 0.0246795 0.030205 0.0351565 0.0389686 0.041213 0.0416921 0.0404749 0.0378612 0.0342925 0.0302397 0.0261078 0.0221805 0.0186113 0.0154501 0.0126843 0.0102774
 1.0429e-16 2.49242e-05 0.000146267 0.000695248 0.00267668 0.00834692 0.0210838 0.043141 0.0715144 0.0960519 0.10455 0.0922838 0.0661979 0.0389133 0.0194115 0.00945526 0.0063847 0.00704895 0.00951183 0.0128944 0.0167717 0.0208033 0.0246269 0.027883 0.0302787 0.0316438 0.0319549 0.0313189 0.029927 0.0279972 0.0257253 0.0232602 0.0207025 0.0181194 0.0155643 0.0130903
 1.03825e-16 2.69352e-05 0.000158073 0.000751377 0.00289279 0.00902085 0.022786 0.0466241 0.0772876 0.103804 0.112983 0.099716 0.0715038 0.0419804 0.020843 0.00998458 0.0065151 0.00701259 0.00936861 0.0126213 0.0163066 0.0200621 0.0235137 0.0263028 0.0281535 0.0289307 0.0286614 0.0275117 0.0257313 0.0235847 0.021294 0.019009 0.0168064 0.0147095 0.0127169 0.0108254
 1.04522e-16 2.04988e-05 0.000120275 0.000571656 0.00220078 0.00686281 0.0173352 0.0354721 0.0588064 0.0789982 0.0860257 0.0760237 0.054732 0.0325716 0.0169864 0.00949588 0.00798142 0.00989881 0.0136557 0.0184597 0.023812 0.029214 0.0341133 0.037976 0.0403962 0.0411824 0.0403911 0.0382921 0.0352837 0.031788 0.0281621 0.0246496 0.0213757 0.0183758 0.0156366 0.0131328
 1.04491e-16 2.61074e-05 0.000153215 0.000728285 0.00280389 0.00874362 0.0220858 0.0451911 0.0749117 0.100612 0.109505 0.0966387 0.0692801 0.0406411 0.0201169 0.00953879 0.00610427 0.0065004 0.00869525 0.011778 0.0153294 0.0190345 0.022565 0.0255959 0.0278625 0.0292099 0.0296145 0.0291692 0.0280412 0.0264197 0.0244732 0.022327 0.0200644 0.0177405 0.0154015 0.0130974
 1.04001e-16 2.53574e-05 0.000148807 0.000707317 0.00272314 0.00849178 0.0214497 0.0438901 0.0727569 0.0977234 0.106376 0.093912 0.0674011 0.0396908 0.0199277 0.00991482 0.00695258 0.00783451 0.0105771 0.0142558 0.0183911 0.0225787 0.0263918 0.029422 0.0313589 0.0320569 0.0315592 0.0300703 0.0278909 0.0253371 0.0226726 0.0200731 0.0176246 0.0153464 0.013225 0.0112423
 1.03512e-16 2.66246e-05 0.000156248 0.000742698 0.00285937 0.00891663 0.0225228 0.0460856 0.0763953 0.102607 0.111683 0.0985759 0.0707022 0.0415419 0.0206851 0.0100088 0.00666212 0.00726699 0.00974002 0.0131256 0.0169532 0.0208469 0.0244149 0.0272801 0.0291523 0.0298877 0.0295135 0.0282041 0.0262241 0.023857 0.021345 0.018856 0.0164813 0.0142541 0.0121776 0.0102482
 1.04218e-16 2.14411e-05 0.000125809 0.000597968 0.00230209 0.00717875 0.0181332 0.0371048 0.0615122 0.08263 0.0899729 0.0794936 0.0571901 0.0339544 0.0175605 0.0095834 0.00779233 0.0095151 0.0130839 0.0176813 0.022812 0.0279951 0.0327016 0.0364198 0.0387596 0.0395353 0.0387977 0.0368014 0.0339244 0.0305686 0.0270754 0.0236794 0.0205037 0.0175867 0.0149204 0.0124853
 1.07155e-16 1.44607e-05 8.48243e-05 0.000403117 0.00155186 0.00483916 0.0122237 0.0250136 0.0414721 0.0557238 0.0607123 0.0537281 0.0388438 0.023445 0.0128329 0.00814409 0.00795522 0.010534 0.0147926 0.0201618 0.0262218 0.0324953 0.0384241 0.0434482 0.0471154 0.0491697 0.0495881 0.0485528 0.046376 0.0434061 0.0399496 0.0362315 0.0323942 0.0285239 0.0246845 0.0209426
 1.11285e-16 1.28461e-05 7.5354e-05 0.000358113 0.00137861 0.00429894 0.010859 0.0222207 0.0368403 0.0494968 0.0539186 0.0476939 0.0344338 0.0206896 0.0111591 0.00684094 0.00646539 0.00850179 0.0120134 0.016552 0.0218306 0.0275306 0.0332641 0.0386181 0.0432265 0.0468295 0.0493011 0.0506352 0.0509045 0.0502106 0.0486484 0.046295 0.0432235 0.0395254 0.0353316 0.0308161
 1.11949e-16 1.7817e-05 0.000104545 0.000496905 0.00191302 0.00596549 0.0150685 0.0308331 0.0511132 0.0686557 0.0747428 0.0660044 0.0474141 0.0280084 0.0142296 0.00736913 0.00556404 0.00660384 0.00914428 0.0125888 0.0166515 0.0210897 0.0256269 0.0299711 0.0338632 0.0371166 0.0396341 0.0413934 0.0424146 0.0427234 0.0423292 0.0412235 0.0394001 0.0368808 0.0337387 0.0301056
 1.10514e-16 1.77963e-05 0.000104417 0.000496282 0.0019106 0.00595791 0.0150494 0.0307946 0.0510514 0.0685787 0.0746747 0.0659815 0.0474788 0.0282088 0.0146288 0.00805418 0.00664626 0.00820627 0.0113761 0.0155103 0.0202373 0.0251991 0.0299942 0.0342238 0.037569 0.0398521 0.0410581 0.0413074 0.0407947 0.0397181 0.0382248 0.0363905 0.0342316 0.0317398 0.0289193 0.0258135
 1.07907e-16 2.1842e-05 0.000128172 0.000609223 0.00234546 0.00731403 0.0184748 0.0378029 0.0626665 0.0841717 0.091628 0.0808996 0.0580794 0.0342374 0.0172587 0.00870726 0.0062729 0.00721334 0.0098437 0.013394 0.0174775 0.0217686 0.0259138 0.0295612 0.0324254 0.0343404 0.035281 0.0353422 0.0346902 0.033503 0.0319249 0.0300464 0.0279118 0.0255428 0.0229669 0.0202349
 1.05614e-16 2.4378e-05 0.000143059 0.000679996 0.00261795 0.00816377 0.0206212 0.0421946 0.0699462 0.0939475 0.102264 0.0902777 0.0647839 0.0381322 0.0191137 0.00946058 0.00657751 0.00738526 0.00998533 0.0135037 0.0175003 0.0216117 0.025453 0.028651 0.0309154 0.0320974 0.0322124 0.0314153 0.0299437 0.0280475 0.0259326 0.0237322 0.0215097 0.019282 0.01705 0.0148229
 1.05187e-16 2.18461e-05 0.000128189 0.000609289 0.00234569 0.00731473 0.0184766 0.0378072 0.0626756 0.0841898 0.091663 0.0809671 0.0582073 0.0344722 0.0176705 0.00939219 0.00735015 0.00881302 0.0120839 0.0163485 0.0211395 0.0260202 0.030513 0.0341542 0.0365865 0.0376331 0.0373267 0.0358797 0.0336127 0.030866 0.0279259 0.0249857 0.0221447 0.0194334 0.0168503 0.0143914
 1.03879e-16 2.83352e-05 0.000166296 0.000790478 0.00304335 0.00949038 0.023972 0.0490503 0.0813079 0.109199 0.118843 0.104858 0.0751256 0.0439758 0.021591 0.00993977 0.00595997 0.0060374 0.0079557 0.0107281 0.0139178 0.0172178 0.0203199 0.0229246 0.0247945 0.0257996 0.0259374 0.0253157 0.0241111 0.0225166 0.0206988 0.0187752 0.0168153 0.0148547 0.0129159 0.0110236
 1.02529e-16 2.99098e-05 0.000175538 0.000834412 0.0032125 0.0100179 0.0253044 0.0517766 0.0858274 0.115269 0.125451 0.110692 0.0793135 0.0464429 0.0228294 0.0105514 0.00637348 0.00647318 0.00849682 0.011381 0.014636 0.0179065 0.0208388 0.0231003 0.0244431 0.0247571 0.0240906 0.0226267 0.0206289 0.0183726 0.0160883 0.0139295 0.0119702 0.0102228 0.0086661 0.00727018
 1.02112e-16 2.90419e-05 0.00017044 0.000810171 0.00311916 0.00972677 0.0245691 0.0502725 0.0833349 0.111925 0.121818 0.107504 0.0770684 0.0452062 0.0223668 0.0105819 0.00672364 0.00708997 0.00939579 0.012595 0.0161827 0.0197698 0.0229608 0.0253829 0.0267579 0.0269637 0.0260571 0.0242484 0.0218406 0.019153 0.016456 0.0139344 0.0116817 0.00971892 0.00802424 0.00656063
 1.02478e-16 2.66047e-05 0.000156129 0.000742124 0.00285715 0.0089097 0.0225053 0.04605 0.0763372 0.102531 0.111608 0.0985258 0.0707017 0.0416126 0.0208515 0.0103053 0.0071354 0.00797123 0.0107253 0.0144228 0.0185573 0.0227036 0.0264154 0.0292673 0.0309389 0.0312843 0.0303588 0.0283915 0.025717 0.0226906 0.0196159 0.0167033 0.0140637 0.0117293 0.00968581 0.00790185
 1.02617e-16 2.85845e-05 0.000167756 0.000797415 0.00307005 0.00957363 0.0241823 0.0494808 0.0820224 0.110161 0.119896 0.105802 0.0758347 0.0444564 0.0219481 0.010306 0.00644971 0.0067366 0.00892401 0.0119956 0.0154744 0.0190021 0.0222143 0.0247622 0.0263783 0.0269315 0.0264502 0.0251005 0.0231337 0.0208201 0.0183926 0.0160154 0.0137802 0.0117223 0.00984564 0.00814406
 1.02699e-16 2.70478e-05 0.000158731 0.0007545 0.0029048 0.00905831 0.0228807 0.0468179 0.0776097 0.104239 0.113463 0.100154 0.0718497 0.0422473 0.0210934 0.0102991 0.00697131 0.00767776 0.0102957 0.0138406 0.0178125 0.0218017 0.0253816 0.0281462 0.0297902 0.0301745 0.0293523 0.0275413 0.0250589 0.0222404 0.0193705 0.0166439 0.0141607 0.0119468 0.00998633 0.00824945
 1.02906e-16 2.68482e-05 0.00015756 0.000748935 0.00288338 0.0089915 0.0227119 0.0464726 0.077037 0.103469 0.112624 0.09941 0.0713089 0.0419154 0.0209023 0.0101649 0.00683044 0.0074926 0.0100478 0.0135258 0.0174409 0.0213994 0.0249904 0.0278201 0.0295877 0.0301487 0.0295404 0.0279569 0.0256885 0.0230462 0.0202964 0.0176255 0.0151349 0.0128604 0.0108005 0.00894215
 1.05278e-16 1.43497e-05 8.41656e-05 0.000399969 0.00153971 0.00480127 0.012128 0.0248186 0.0411509 0.0552992 0.0602679 0.0533779 0.0386841 0.0235346 0.0132158 0.0088854 0.00915735 0.0123245 0.017291 0.0234376 0.0302509 0.0371263 0.0433674 0.0482949 0.051389 0.0524005 0.051394 0.0487052 0.0448351 0.0403184 0.0356123 0.031034 0.0267541 0.0228305 0.0192588 0.0160163
 1.06982e-16 2.23894e-05 0.000131389 0.000624528 0.00240441 0.00749786 0.0189391 0.0387525 0.0642391 0.0862792 0.0939098 0.0828848 0.0594407 0.0349119 0.0173641 0.00838052 0.0055763 0.00613395 0.00833913 0.0114413 0.0151099 0.0190972 0.0231304 0.0269193 0.0302002 0.0327762 0.0345388 0.0354625 0.0355811 0.0349588 0.0336677 0.0317804 0.0293762 0.0265517 0.0234279 0.0201487
 1.04164e-16 2.99309e-05 0.000175666 0.000835029 0.00321489 0.0100253 0.0253232 0.0518148 0.0858895 0.115349 0.125528 0.110737 0.0792968 0.0463338 0.0225917 0.0101341 0.00570853 0.00548237 0.007107 0.00954509 0.0123562 0.0152531 0.0179592 0.0202122 0.0218098 0.022651 0.0227505 0.0222205 0.0212296 0.0199522 0.0185285 0.0170452 0.0155388 0.0140133 0.0124636 0.0108939
pSPR Fmed_Fpbrs
0.436993   0.6 0.325
Fs Fmed_Fpbrs
0.64   0.338618 1.01955
SSBpbr Bo_Bmed_Bpbrs
3.61382e+06  1.39852e+06  1.9876e+06 993801
Ro
76115
SPR SPRFo_SPRFmed_SPRFpbrs
1.5721e+06 686995 510931
log_Ro
11.06
likeval ReclasPelacesDesembMPH_pf_preclas_ppelaces_ptallas_desvR_qrecl_qpela
 97.032 43.2793 0.0562008 52.3711 351.931 236.446 59.7294 0 25.2215 0.000126186 1.95126e-07 8.77518e-16 0 0 0
q_reclas_q_pelaces
0.203559 0.939089
M
0.7
N
 90357.8 22867.6 8514.17 1004.74 0.499913
 112463 42387.2 8740.02 3254.13 384.205
 71033.7 53613 17445.1 3597.07 1497.41
 96172.2 33394.1 20695 6733.93 1966.51
 146241 47274.1 15824.7 9806.9 4122.94
 106768 72449.3 23220.9 7773.06 6842.31
 167579 51606.5 31774.6 10184.2 6409.96
 189223 81779 23652.6 14563.1 7605.51
 241980 90772.3 34640.4 10018.9 9390.3
 187374 116024 38364.1 14640.5 8203.12
 83697.1 90610.3 50996.3 16862.3 10040.5
 44335.4 39308.3 34816.5 19595 10337.3
 40683.9 20952.9 15545.4 13769.1 11837.5
 22860.9 18757.5 7395.44 5486.84 9037.96
 18284.9 10020.4 5247.05 2068.73 4063.03
 18594.4 8132.04 2996.81 1569.23 1833.82
 14562.9 8754.38 3160.29 1164.63 1322.5
 24011.2 6852.1 3392.57 1224.7 963.833
 38635.8 11421.6 2791.91 1382.31 891.726
 55714.1 18568.2 4879.18 1192.68 971.446
 68003.2 26924.7 8136.83 2138.12 948.348
 109746 33343.1 12611.5 3811.3 1445.71
 141305 53602.3 15342.4 5803.03 2418.94
 186924 68912.1 24493.3 7010.61 3756.98
 76464.7 91130 31442.4 11175.5 4912.9
 119761 37339 41891.1 14453.6 7395.59
 253759 58427.9 17092.3 19176 10001.7
pred_Ctot
 3607.93 3845.59 1431.81 168.965 0.0840692
 3243.82 5275.92 1087.87 405.04 47.8218
 2731.54 8710.99 2834.46 584.449 243.297
 700.804 1101.2 682.435 222.057 64.8472
 249.187 369.05 123.537 76.5587 32.1862
 2049.48 6130.18 1964.8 657.706 578.951
 2085 2872.74 1768.77 566.915 356.819
 4633.78 8725.28 2523.57 1553.79 811.457
 6007.61 9811.36 3744.2 1082.92 1014.98
 3534.39 9654.02 3192.17 1218.19 682.56
 3275.57 14960.9 8420.15 2784.19 1657.82
 1544.44 5831.85 5165.45 2907.16 1533.66
 2102.47 4444.65 3297.58 2920.77 2511.03
 1942.87 6086.71 2399.78 1780.45 2932.77
 1381.63 2950.55 1545.01 609.143 1196.37
 696.315 1289.54 475.221 248.842 290.799
 551.469 1402.53 506.307 186.584 211.877
 728.889 894.631 442.944 159.901 125.841
 896.439 1157.88 283.034 140.134 90.3999
 1076.51 1581.02 415.448 101.553 82.7158
 617.899 1102.71 333.246 87.5675 38.8398
 1298.77 1767.81 668.649 202.07 76.6497
 1823.73 3092.05 885.025 334.748 139.537
 2455.15 4043.43 1437.15 411.349 220.442
 916.472 4891.73 1687.78 599.884 263.718
 1512.83 2109.41 2366.57 816.533 417.802
 4021.86 4112.14 1202.95 1349.61 703.915
F
 0.0569297 0.261809 0.261809 0.261809 0.261809
 0.0408347 0.187791 0.187791 0.187791 0.187791
 0.0547747 0.251898 0.251898 0.251898 0.251898
 0.0101782 0.0468076 0.0468076 0.0468076 0.0468076
 0.00237182 0.0109076 0.0109076 0.0109076 0.0109076
 0.0270114 0.12422 0.12422 0.12422 0.12422
 0.0174342 0.0801764 0.0801764 0.0801764 0.0801764
 0.0345741 0.158999 0.158999 0.158999 0.158999
 0.0350595 0.161232 0.161232 0.161232 0.161232
 0.0265375 0.122041 0.122041 0.122041 0.122041
 0.0557702 0.256476 0.256476 0.256476 0.256476
 0.0495058 0.227667 0.227667 0.227667 0.227667
 0.0742399 0.341415 0.341415 0.341415 0.341415
 0.124799 0.573928 0.573928 0.573928 0.573928
 0.110263 0.50708 0.50708 0.50708 0.50708
 0.0533066 0.245147 0.245147 0.245147 0.245147
 0.0539198 0.247967 0.247967 0.247967 0.247967
 0.0430176 0.19783 0.19783 0.19783 0.19783
 0.0327317 0.150527 0.150527 0.150527 0.150527
 0.0271915 0.125048 0.125048 0.125048 0.125048
 0.0127056 0.0584308 0.0584308 0.0584308 0.0584308
 0.0165765 0.0762321 0.0762321 0.0762321 0.0762321
 0.0180902 0.0831932 0.0831932 0.0831932 0.0831932
 0.0184126 0.0846759 0.0846759 0.0846759 0.0846759
 0.01679 0.0772137 0.0772137 0.0772137 0.0772137
 0.0177028 0.0814115 0.0814115 0.0814115 0.0814115
 0.0222558 0.10235 0.10235 0.10235 0.10235
Np
 59503.2 27450.9 43619.7 9270.38 3671.79
YTP_r0W_actual
 106681 265827 113046 161968 93747
YTP_p0W_proyectada
 25015.3 560697 173228 64716.3 116691
 25015.3 124892 288495 78301 34416.2
CTP_r0_actual
 13009.8 12306.8 3600.19 4039.1 2106.67
CTP_p0_proyectada
 3050.64 25958.2 5516.82 1613.87 2622.28
 3050.64 5782.05 9187.72 1952.64 773.399
Wmedp
 8.2 21.6 31.4 40.1 44.5
nmprior
 10.8 10.6 4.6 0
nm_flota  nm_reclas  nm_pelaces    nm_pelaL
inf 9.41018 11.649 31.1033
cv_recla  cv_pelaces  cv_mph
0.710897 0.36033 0.580234
 ------------------------------------------------
Talla a la edad & desviaci?n 
 7.2 14.2025 17.0495 18.207 18.6776
 1.08 2.13037 2.55742 2.73105 2.80164
