years
 1997 1998 1999 2000 2001 2002 2003 2004 2005 2006 2007 2008 2009 2010 2011 2012 2013 2014 2015 2016 2017 2018 2019 2020 2021 2022 2023
reclasobs
 0 0 0 370054 412103 1.49427e+06 250295 1.28982e+06 931140 785840 897777 1.04006e+06 184774 17550 25797 100020 73551 82996 120727 218422 84188 347160 605670 569463 516374 1.08416e+06 1.01767e+06
reclaspred
 7.42098e+06 1.30679e+06 1.62801e+06 302445 265229 374889 654356 617281 649404 838724 864867 668243 424413 120427 74738.4 87612.1 68377.5 76700.2 118930 165702 223534 261138 451924 510183 827457 717778 367742
pelacesobs
 0 0 0 0 0 0 0 0 0 2.06254e+06 1.5e+06 0 1.87456e+06 323000 250000 174000 83755 137374 0 501740 490994 745055 786931 1.00524e+06 1.33801e+06 1.41789e+06 0
pelacespred
 1.25228e+07 5.37793e+06 1.22213e+06 537567 772219 623411 2.12469e+06 1.79923e+06 1.76381e+06 2.4577e+06 1.88923e+06 1.62454e+06 1.02363e+06 277005 181790 183031 141047 183949 268767 326555 590620 616337 780762 1.12294e+06 1.64138e+06 1.32824e+06 519080
mphobs
 0 0 0 0 0 0 112323 0 153150 637223 0 255016 313432 73983 77613 109348 50772 17779 17303 59886 28197 0 207744 136588 643089 65757 70829
mphpred
 1.26961e+06 528954 227051 75939.7 51660.7 158103 172677 320302 284156 322972 396709 274763 201221 129505 63132.9 54199.5 34008.4 37608.5 35204.5 41400.1 50594.6 76168.9 91789 125384 189015 132364 116954
desembarqueobs
 350755 77701 442110 56441 14545 235359 269955 359681 431902 328805 639364 411747 362871 311530 167758 66681 60226 58785 57116 73181 50977 67692 138656 160484 209506 203330 245020
desembarquepred
 350743 77675.2 441501 56405.5 14541.8 235214 269882 358920 431268 328571 637994 410826 362253 311379 167143 66657 60208.2 58602.2 56982.5 73095.7 50971.5 67582.7 138583 160387 209341 202966 244664
Reclutas
 10186.7 15434.2 1757.83 4947.24 38805.2 11183.6 63509.9 53894 66628.5 103095 63639.3 63384.3 48576.8 29843.7 13259.2 7874.51 5879.47 8177.17 10228.8 7103.79 15965.2 19651.2 24791.4 47804.7 11496.9 32691.7 1974.12
log_desv_Rt
 -0.571159 -0.155661 -2.32816 -1.29341 0.76631 -0.477798 1.25895 1.09477 1.30689 1.7434 1.26099 1.25697 0.990901 0.503731 -0.307549 -0.828614 -1.12078 -0.790899 -0.567041 -0.931617 -0.121832 0.0858955 0.318253 0.974879 -0.450172 0.594875 -2.21212
SSB
 1.51604e+06 631623 271121 90679.4 61687.9 188791 196249 374701 324108 372817 473709 328093 253378 110419 57975 49064.6 35054.4 35302.6 52077.9 66770.7 73750.3 106686 134612 170155 294802 223594 179519
BT
 2.01903e+06 766623 394235 143854 249907 292941 1.00856e+06 892103 968693 1.05493e+06 1.07638e+06 856259 660557 379740 199652 102379 90775.2 109052 117002 128218 205251 185068 256264 419003 439648 459160 267566
Ftot
 0.167534 0.311847 1.28211 1.00185 0.271488 1.41356 1.73114 1.53339 1.94348 1.21279 1.84778 1.7734 2.24407 4.95303 4.38469 1.7154 2.23704 2.18639 1.26072 1.14838 0.776841 0.756185 0.901314 1.024 0.665093 1.10673 1.5986
BD_Bspro_t
 0.974129 0.815202 0.559273 0.18796 0.23774 0.532212 0.37081 0.465784 0.38021 0.374316 0.392149 0.25678 0.210607 0.111888 0.0705885 0.0737949 0.0752623 0.106671 0.187777 0.274062 0.320791 0.469156 0.484129 0.468612 0.532753 0.388328 0.333179
BD_Bspro
 4.0702 1.69575 0.727893 0.243452 0.165617 0.506857 0.526881 1.00598 0.870151 1.00092 1.27179 0.880851 0.680258 0.296447 0.155649 0.131727 0.0941126 0.094779 0.139817 0.179263 0.198002 0.286425 0.361401 0.456825 0.791473 0.600295 0.481964
BD_Bo
 2.59486 1.08109 0.464051 0.155207 0.105585 0.323135 0.335901 0.64134 0.554744 0.638116 0.810803 0.561566 0.433683 0.188993 0.0992302 0.0839792 0.0599993 0.0604241 0.0891368 0.114285 0.126231 0.182604 0.230403 0.291238 0.504585 0.382704 0.307265
BD_Brms
 4.71793 1.96561 0.843729 0.282195 0.191973 0.587518 0.610729 1.16607 1.00863 1.16021 1.47419 1.02103 0.788514 0.343624 0.180419 0.15269 0.10909 0.109862 0.162067 0.207791 0.229511 0.332007 0.418914 0.529524 0.917427 0.695825 0.558663
S_f
 0.0835451 1 1 1 1
 0.0835451 1 1 1 1
 0.0835451 1 1 1 1
 0.0835451 1 1 1 1
 0.0835451 1 1 1 1
 0.0835451 1 1 1 1
 0.0835451 1 1 1 1
 0.0835451 1 1 1 1
 0.0835451 1 1 1 1
 0.0835451 1 1 1 1
 0.0835451 1 1 1 1
 0.0835451 1 1 1 1
 0.0835451 1 1 1 1
 0.0835451 1 1 1 1
 0.0835451 1 1 1 1
 0.0835451 1 1 1 1
 0.0835451 1 1 1 1
 0.0835451 1 1 1 1
 0.0835451 1 1 1 1
 0.0835451 1 1 1 1
 0.0835451 1 1 1 1
 0.0835451 1 1 1 1
 0.0835451 1 1 1 1
 0.0835451 1 1 1 1
 0.0835451 1 1 1 1
 0.0835451 1 1 1 1
 0.0835451 1 1 1 1
Scru_reclas
 0.0813672 0.308323 0.691677 0.918633 0.982704
 0.0813672 0.308323 0.691677 0.918633 0.982704
 0.0813672 0.308323 0.691677 0.918633 0.982704
 0.0813672 0.308323 0.691677 0.918633 0.982704
 0.0813672 0.308323 0.691677 0.918633 0.982704
 0.0813672 0.308323 0.691677 0.918633 0.982704
 0.0813672 0.308323 0.691677 0.918633 0.982704
 0.0813672 0.308323 0.691677 0.918633 0.982704
 0.0813672 0.308323 0.691677 0.918633 0.982704
 0.0813672 0.308323 0.691677 0.918633 0.982704
 0.0813672 0.308323 0.691677 0.918633 0.982704
 0.0813672 0.308323 0.691677 0.918633 0.982704
 0.0813672 0.308323 0.691677 0.918633 0.982704
 0.0813672 0.308323 0.691677 0.918633 0.982704
 0.0813672 0.308323 0.691677 0.918633 0.982704
 0.0813672 0.308323 0.691677 0.918633 0.982704
 0.0813672 0.308323 0.691677 0.918633 0.982704
 0.0813672 0.308323 0.691677 0.918633 0.982704
 0.0813672 0.308323 0.691677 0.918633 0.982704
 0.0813672 0.308323 0.691677 0.918633 0.982704
 0.0813672 0.308323 0.691677 0.918633 0.982704
 0.0813672 0.308323 0.691677 0.918633 0.982704
 0.0813672 0.308323 0.691677 0.918633 0.982704
 0.0813672 0.308323 0.691677 0.918633 0.982704
 0.0813672 0.308323 0.691677 0.918633 0.982704
 0.0813672 0.308323 0.691677 0.918633 0.982704
 0.0813672 0.308323 0.691677 0.918633 0.982704
Scru_pelaces
 0.239059 0.649072 0.91589 0.984641 0.997357
 0.239059 0.649072 0.91589 0.984641 0.997357
 0.239059 0.649072 0.91589 0.984641 0.997357
 0.239059 0.649072 0.91589 0.984641 0.997357
 0.239059 0.649072 0.91589 0.984641 0.997357
 0.239059 0.649072 0.91589 0.984641 0.997357
 0.239059 0.649072 0.91589 0.984641 0.997357
 0.239059 0.649072 0.91589 0.984641 0.997357
 0.239059 0.649072 0.91589 0.984641 0.997357
 0.239059 0.649072 0.91589 0.984641 0.997357
 0.239059 0.649072 0.91589 0.984641 0.997357
 0.239059 0.649072 0.91589 0.984641 0.997357
 0.239059 0.649072 0.91589 0.984641 0.997357
 0.239059 0.649072 0.91589 0.984641 0.997357
 0.239059 0.649072 0.91589 0.984641 0.997357
 0.239059 0.649072 0.91589 0.984641 0.997357
 0.239059 0.649072 0.91589 0.984641 0.997357
 0.239059 0.649072 0.91589 0.984641 0.997357
 0.239059 0.649072 0.91589 0.984641 0.997357
 0.239059 0.649072 0.91589 0.984641 0.997357
 0.239059 0.649072 0.91589 0.984641 0.997357
 0.239059 0.649072 0.91589 0.984641 0.997357
 0.239059 0.649072 0.91589 0.984641 0.997357
 0.239059 0.649072 0.91589 0.984641 0.997357
 0.239059 0.649072 0.91589 0.984641 0.997357
 0.239059 0.649072 0.91589 0.984641 0.997357
 0.239059 0.649072 0.91589 0.984641 0.997357
pf_obs 
 0.256992 0.487395 0.22802 0.0275931 0
 0.321318 0.546541 0.124235 0.00734118 0.000564706
 0.182869 0.594174 0.210203 0.0122559 0.00049798
 0.330522 0.361315 0.267642 0.0388342 0.00168674
 0.649043 0.306663 0.0425973 0.00169635 0
 0.582887 0.30429 0.105238 0.00758474 0
 0.465427 0.430635 0.0974691 0.00646863 0
 0.296916 0.608066 0.0921331 0.00288517 0
 0.311714 0.524322 0.152257 0.0117073 0
 0.15457 0.633149 0.183074 0.0267441 0.00246327
 0.131901 0.49318 0.331252 0.0422183 0.00144891
 0.196976 0.569456 0.194076 0.0375587 0.00193317
 0.518974 0.381816 0.0799577 0.0180837 0.00116848
 0.0928022 0.601141 0.25162 0.0475244 0.00691264
 0.122501 0.610282 0.24278 0.0234846 0.000952079
 0.383417 0.481906 0.127806 0.00687128 0
 0.0376549 0.599619 0.316969 0.0457579 0
 0.0361596 0.667082 0.258105 0.0386534 0
 0.158088 0.579412 0.248529 0.0139706 0
 0.0477256 0.309471 0.559284 0.082774 0.000745712
 0.0406174 0.521527 0.379366 0.0568643 0.0016247
 0.151134 0.462217 0.34131 0.0453401 0
 0.294876 0.26143 0.354403 0.0886775 0.000613685
 0.281977 0.475581 0.204845 0.0348837 0.00271318
 0.0841818 0.532909 0.334909 0.0458182 0.00218182
 0.115287 0.27431 0.454777 0.147771 0.00785563
 0 0 0 0 0
pf_pred 
 0.0151602 0.633313 0.309869 0.0416559 1.97998e-06
 0.046611 0.159532 0.510499 0.249779 0.0335795
 0.012498 0.402842 0.0978323 0.31306 0.173768
 0.152813 0.200954 0.263624 0.0640227 0.318586
 0.557641 0.349188 0.0221004 0.0289927 0.0420784
 0.0714979 0.878004 0.0398619 0.00252289 0.00811321
 0.565351 0.292168 0.134732 0.00611691 0.00163214
 0.215165 0.766698 0.0121915 0.00562204 0.000323349
 0.285699 0.633721 0.0787184 0.00125172 0.000610425
 0.307011 0.649416 0.0386575 0.00480189 0.000113593
 0.163119 0.763711 0.068569 0.00408167 0.000519004
 0.236975 0.665533 0.0889681 0.00798791 0.000535953
 0.219326 0.712012 0.059889 0.00800593 0.000767032
 0.283429 0.664509 0.0474828 0.00399389 0.000585054
 0.260896 0.733443 0.00524989 0.000375134 3.61756e-05
 0.203077 0.786393 0.0104496 7.47971e-05 5.86007e-06
 0.209938 0.704179 0.0847487 0.00112614 8.69234e-06
 0.345877 0.603867 0.0447933 0.00539092 7.21878e-05
 0.275086 0.694855 0.027749 0.00205835 0.000251042
 0.150486 0.766255 0.0798066 0.00318708 0.000265242
 0.308298 0.553776 0.124409 0.0129573 0.000560516
 0.207188 0.705954 0.0695388 0.0156223 0.00169747
 0.206508 0.654516 0.123749 0.0121897 0.00303604
 0.298253 0.586684 0.094911 0.0179448 0.00220788
 0.0485284 0.855815 0.0799719 0.0129375 0.00274705
 0.260282 0.34476 0.35525 0.0331965 0.00651068
 0.0168283 0.871184 0.0521941 0.0537822 0.00601136
pobs_RECLAS
 0 0 0 0 0
 0 0 0 0 0
 0 0 0 0 0
 0 0 0 0 0
 0.835266 0.146461 0.0176864 0.000547809 3.91292e-05
 0.385257 0.428462 0.181853 0.0044286 0
 0.867414 0.0963971 0.0333333 0.00285562 0
 0.441836 0.489002 0.0689373 0.000224442 0
 0.779404 0.147425 0.0564933 0.0165055 0.000172143
 0.814271 0.122319 0.05973 0.00367925 0
 0.40263 0.566651 0.0304383 0.000280538 0
 0.475488 0.404961 0.113038 0.00651328 0
 0.955842 0.0263864 0.0167828 0.000988607 0
 0.975058 0.0227948 0.00214734 0 0
 0.738997 0.206755 0.0527124 0.00153531 0
 0.850938 0.134255 0.0134407 0.00136685 0
 0.542534 0.407297 0.0501686 0 0
 0.764087 0.199537 0.0359546 0.000420521 0
 0.470689 0.182191 0.310203 0.0369168 0
 0.84361 0.089868 0.0606195 0.00523954 0.000663233
 0.607945 0.314616 0.071237 0.00620181 0
 0.523733 0.453247 0.0230204 0 0
 0.530135 0.295979 0.169645 0.0042399 0
 0.562478 0.366248 0.0663022 0.0049721 0
 0.250443 0.683176 0.0655157 0.000865301 0
 0.195077 0.31981 0.436473 0.0351445 0.0134964
 0.565238 0.351407 0.0832357 0.000118908 0
ppred_RECLAS
 0.0322263 0.421942 0.463138 0.082689 4.20448e-06
 0.0651592 0.0691735 0.496573 0.322687 0.0464068
 0.0209078 0.187026 0.101894 0.433043 0.25713
 0.209436 0.079492 0.233943 0.0754566 0.401672
 0.743212 0.144797 0.0205587 0.0358199 0.0556129
 0.208041 0.694785 0.0707635 0.00594825 0.0204627
 0.780231 0.103925 0.107511 0.00648267 0.00185037
 0.49843 0.473687 0.0168974 0.010349 0.000636731
 0.585601 0.321834 0.0896826 0.00189399 0.000988062
 0.593238 0.351832 0.0469832 0.00775104 0.000196146
 0.409746 0.48401 0.0974879 0.00770725 0.00104837
 0.509865 0.36626 0.109838 0.0130975 0.000940076
 0.51868 0.392713 0.0741024 0.0131564 0.0013484
 0.763394 0.200341 0.0321147 0.00358759 0.000562189
 0.723512 0.271669 0.00436237 0.000413997 4.27078e-05
 0.492363 0.492795 0.0146901 0.000139652 1.17043e-05
 0.500315 0.391973 0.105829 0.00186768 1.54215e-05
 0.670328 0.276249 0.0459696 0.00734783 0.000105255
 0.563929 0.396585 0.0355293 0.00350024 0.000456673
 0.357539 0.515146 0.120363 0.00638389 0.000568351
 0.543402 0.28955 0.145928 0.0201856 0.000934104
 0.432607 0.438286 0.0968513 0.0288975 0.00335892
 0.419366 0.388534 0.164797 0.0215595 0.00574424
 0.546468 0.309358 0.112272 0.0281924 0.00371064
 0.129893 0.687885 0.144202 0.0309829 0.00703752
 0.420302 0.158444 0.366261 0.0454556 0.00953679
 0.0518036 0.707435 0.0950813 0.130122 0.0155585
pobs_PELACES
 0 0 0 0 0
 0 0 0 0 0
 0 0 0 0 0
 0 0 0 0 0
 0 0 0 0 0
 0 0 0 0 0
 0 0 0 0 0
 0 0 0 0 0
 0 0 0 0 0
 0 0 0 0 0
 0.450072 0.473896 0.0757376 0.000293798 0
 0 0 0 0 0
 0.463077 0.371075 0.160297 0.00555027 0
 0.529543 0.364841 0.0842815 0.0213345 0
 0.631943 0.363953 0.00410389 0 0
 0.735681 0.248677 0.0153453 0.000297389 0
 0.695825 0.281241 0.0229344 0 0
 0.275771 0.60734 0.115278 0.00161068 0
 0 0 0 0 0
 0.896147 0.0623911 0.0374545 0.00400742 0
 0.803859 0.145111 0.0509908 3.86294e-05 0
 0.739449 0.233085 0.0266225 0.000797448 4.60066e-05
 0.878498 0.100942 0.0204185 0.000141795 0
 0.694673 0.275183 0.0284847 0.00165964 0
 0.469039 0.446079 0.0841089 0.000773354 0
 0.822795 0.102175 0.0682046 0.00682512 0
 0 0 0 0 0
ppred_PELACES
 0.0589446 0.52567 0.362931 0.0524514 2.52531e-06
 0.149571 0.103534 0.467499 0.24591 0.0334863
 0.0673391 0.292883 0.100368 0.345282 0.194128
 0.463151 0.0930332 0.172218 0.0449635 0.226635
 0.847396 0.10897 0.00973187 0.0137253 0.0201773
 0.371823 0.580237 0.0371722 0.00252926 0.00823872
 0.912732 0.0516054 0.0335802 0.001639 0.000442973
 0.693039 0.296808 0.00665974 0.00330164 0.000192345
 0.794849 0.173893 0.0304797 0.000521048 0.00025738
 0.756092 0.222649 0.0187017 0.00249744 5.98419e-05
 0.64525 0.312323 0.0395688 0.0025322 0.00032614
 0.733303 0.220761 0.0416426 0.00401949 0.000273173
 0.761602 0.209599 0.0248771 0.00357519 0.000346956
 0.955362 0.0401672 0.00405002 0.000366229 5.43406e-05
 0.932645 0.0666256 0.00067294 5.16947e-05 5.0495e-06
 0.696888 0.297487 0.00557802 4.29239e-05 3.40635e-06
 0.749321 0.213841 0.0363154 0.000518784 4.05604e-06
 0.854351 0.13023 0.0136312 0.00176368 2.39218e-05
 0.732447 0.252076 0.0142048 0.00113277 0.00013994
 0.542987 0.396091 0.0582118 0.00249919 0.00021068
 0.709859 0.214276 0.0679266 0.00760572 0.000333261
 0.595477 0.343906 0.0478015 0.011545 0.00127064
 0.603066 0.304824 0.0813247 0.00861208 0.00217268
 0.72408 0.215485 0.0491904 0.00999856 0.00124608
 0.217447 0.674776 0.0889749 0.0154744 0.00332816
 0.663065 0.128156 0.18634 0.0187197 0.00371883
 0.122355 0.738265 0.0624129 0.0691395 0.00782769
pobs_pel_tallas
 0 0 0 0 0 0 0 0 0 0 0 0 0 0 0 0 0 0 0 0 0 0 0 0 0 0 0 0 0 0 0 0 0 0 0 0
 0 0 0 0 0 0 0 0 0 0 0 0 0 0 0 0 0 0 0 0 0 0 0 0 0 0 0 0 0 0 0 0 0 0 0 0
 0 0 0 0 0 0 0 0 0 0 0 0 0 0 0 0 0 0 0 0 0 0 0 0 0 0 0 0 0 0 0 0 0 0 0 0
 0 0 0 0 0 0 0 0 0 0 0 0 0 0 0 0 0 0 0 0 0 0 0 0 0 0 0 0 0 0 0 0 0 0 0 0
 0 0 0 0 0 0 0 0 0 0 0 0 0 0 0 0 0 0 0 0 0 0 0 0 0 0 0 0 0 0 0 0 0 0 0 0
 0 0 0 0 0 0 0 0 0 0 0 0 0 0 0 0 0 0 0 0 0 0 0 0 0 0 0 0 0 0 0 0 0 0 0 0
 0 0 0 0 0 0 0 0 0 0 0 0 0 0 0 0 0 0 0 0 0 0 0 0 0 0 0 0 0 0 0 0 0 0 0 0
 0 0 0 0 0 0 0 0 0 0 0 0 0 0 0 0 0 0 0 0 0 0 0 0 0 0 0 0 0 0 0 0 0 0 0 0
 0 0 0 0 0 0 0 0 0 0 0 0 0 0 0 0 0 0 0 0 0 0 0 0 0 0 0 0 0 0 0 0 0 0 0 0
 0 0 0 0 0 0 0 0 0 0 0 0 0 0 0 0 0 0 0 0 0 0 0 0 0 0 0 0 0 0 0 0 0 0 0 0
 0 0 0 0 0 0 0 0 1.78061e-05 0.00172719 0.00360574 0.0105946 0.0120993 0.0124554 0.0147524 0.0171206 0.0266825 0.0428682 0.0675386 0.121331 0.153587 0.119568 0.100827 0.0573624 0.0630603 0.0341343 0.0324427 0.0444173 0.0211091 0.0280891 0.0125444 0.00206551 0 0 0 0
 0 0 0 0 0 0 0 0 0 0 0 0 0 0 0 0 0 0 0 0 0 0 0 0 0 0 0 0 0 0 0 0 0 0 0 0
 0 0 0 0 0 0 0.0133647 0.0140871 0.0187388 0.0205184 0.03894 0.0496705 0.03968 0.0493445 0.0407372 0.0367815 0.0215668 0.0243155 0.0234873 0.0199281 0.019796 0.0243948 0.0301388 0.0376714 0.0412746 0.0863199 0.0771752 0.113111 0.0741005 0.0525337 0.0229764 0.00759418 0.00175318 0 0 0
 0 0 0 0 0 0 0 0 0 0 0.00219441 0.00772107 0.0458388 0.0604681 0.0671733 0.0775358 0.0609151 0.0617685 0.073594 0.0568108 0.0755445 0.0548602 0.0670107 0.0636378 0.0643287 0.046367 0.0373049 0.0286899 0.0247887 0.0153202 0.00654259 0.00121912 0.000365735 0 0 0
 0 0 0 0 0 0 0 0 0 0 0 0 0.000112435 0.00938835 0.0111873 0.0202946 0.0414886 0.0713402 0.111592 0.104902 0.108894 0.110636 0.117776 0.105296 0.107544 0.0401394 0.0192827 0.0124803 0.00416011 0.0028671 0.000618394 0 0 0 0 0
 0 0 0 0 0 0 0 0 0 0 0.00291406 0.0102884 0.027416 0.0768956 0.0749926 0.110853 0.0956884 0.0897413 0.0766577 0.0534642 0.0500743 0.0551293 0.0594112 0.0620874 0.0668451 0.0424026 0.0208742 0.0120726 0.0048766 0.00582813 0.00118941 0.000297354 0 0 0 0
 0 0.00264628 0.0354308 0.0461629 0.0458689 0.0383711 0.0214643 0.0164657 0.0346957 0.0420465 0.0363128 0.0245516 0.0311673 0.0291091 0.0169068 0.0133784 0.00837989 0.0085269 0.0148486 0.0160247 0.0276389 0.0546898 0.0760071 0.122758 0.109233 0.0665981 0.0333725 0.0166128 0.00676272 0.00308733 0.000882094 0 0 0 0 0
 0 0 0 0 0 0 0 0.000805153 0.000690131 0.00759144 0.0133425 0.0154129 0.00931677 0.000345066 0.00356568 0.00563607 0.00851162 0.0253048 0.0502646 0.0516448 0.0657925 0.0565908 0.0611916 0.0827007 0.0866115 0.110766 0.145733 0.0935128 0.0569358 0.0249597 0.0138026 0.00621118 0.00161031 0.00115022 0 0
 0 0 0 0 0 0 0 0 0 0 0 0 0 0 0 0 0 0 0 0 0 0 0 0 0 0 0 0 0 0 0 0 0 0 0 0
 0.00147267 0.00158595 0.00478618 0.00569244 0.00954404 0.0108468 0.00647125 0.017049 0.0510054 0.094081 0.124002 0.0959785 0.0687766 0.0820023 0.061753 0.0591476 0.0492212 0.0479892 0.0443925 0.0268479 0.0217502 0.0140895 0.0121071 0.0120363 0.00920419 0.00665534 0.0049561 0.00860946 0.00930331 0.0156896 0.0114698 0.00855282 0.00243557 0.00046729 0 2.83206e-05
 0 0 0 0 0.000772559 0.00158375 0.000888443 0.00281984 0.00712685 0.0440552 0.0773331 0.111326 0.0921469 0.0852325 0.0710754 0.0886704 0.0786465 0.0553345 0.0373146 0.0185414 0.00753245 0.00457741 0.012979 0.0271748 0.0457355 0.0583668 0.034881 0.0177882 0.00938659 0.00492506 0.0015258 0.00185414 0.000309023 5.79419e-05 3.86279e-05 0
 0 0.00173294 0.00326652 0 0.00397197 0.00683976 0.00946217 0.0152591 0.00757587 0.0136028 0.0228656 0.0392903 0.0559909 0.0764795 0.0681675 0.0726916 0.0566044 0.0477403 0.0527397 0.0444891 0.0609904 0.0582453 0.0661739 0.0445044 0.0529084 0.0360697 0.0280645 0.0235558 0.0158879 0.00826598 0.00280645 0.00217768 0.000904811 0.00058276 9.20147e-05 0
 0 0 0 0 0 0 0 0 0 0 0 0 0 0 0 0 0 0 0 0 0 0 0 0 0 0 0 0 0 0 0 0 0 0 0 0
 0 0 0 0 0 0 0 0 0 0 0 0 0 0 0 0 0 0 0 0 0 0 0 0 0 0 0 0 0 0 0 0 0 0 0 0
 0 0 0 0 0 0 0 0 0 0 0 0 0 0 0 0 0 0 0 0 0 0 0 0 0 0 0 0 0 0 0 0 0 0 0 0
 0 0 0 0 0 0 0 0 0 0 0 0 0 0 0 0 0 0 0 0 0 0 0 0 0 0 0 0 0 0 0 0 0 0 0 0
 0 0 0 0 0 0 0 0 0 0 0 0 0 0 0 0 0 0 0 0 0 0 0 0 0 0 0 0 0 0 0 0 0 0 0 0
ppred_pel_tallas
 1.07126e-16 2.60508e-06 1.5205e-05 7.21021e-05 0.000277303 0.000864472 0.00218416 0.00447341 0.00743173 0.0100308 0.0110479 0.0100601 0.00788978 0.00599669 0.00552062 0.00689976 0.0101237 0.015078 0.0216407 0.029589 0.0384917 0.0476834 0.0563383 0.0636143 0.0688215 0.0715567 0.0717635 0.0696988 0.0658287 0.0606955 0.0548031 0.0485521 0.0422291 0.0360322 0.0301091 0.024584
 1.16685e-16 6.53967e-06 3.83435e-05 0.000182191 0.000701321 0.00218686 0.00552389 0.0113036 0.0187412 0.0251816 0.0274365 0.0242819 0.0175602 0.0106142 0.00585237 0.0038151 0.00390857 0.00543179 0.00801472 0.0115622 0.0160752 0.0215293 0.027822 0.034757 0.0420469 0.0493267 0.0561742 0.0621392 0.0667823 0.0697224 0.0706876 0.0695607 0.0664078 0.0614766 0.0551683 0.0479805
 1.22456e-16 2.96021e-06 1.7315e-05 8.2189e-05 0.000316235 0.000985951 0.00249071 0.00509878 0.00846129 0.0113921 0.0124731 0.0111835 0.00840208 0.00570687 0.00428061 0.00448432 0.00617072 0.00911823 0.0131927 0.0182895 0.0242373 0.0307571 0.0374842 0.0440317 0.0500639 0.0553489 0.0597727 0.0633078 0.0659562 0.0676921 0.0684323 0.0680463 0.0664021 0.0634249 0.0591498 0.0537434
 1.1461e-16 2.02118e-05 0.000118614 0.000563816 0.00217068 0.00676902 0.017098 0.0349848 0.0579917 0.0778829 0.0847563 0.0747714 0.053547 0.0312997 0.0152901 0.00692493 0.00403292 0.00406667 0.00550075 0.00771607 0.0105132 0.0138011 0.0174819 0.0214297 0.0254976 0.0295287 0.0333618 0.0368308 0.0397637 0.0419862 0.0433344 0.0436778 0.0429452 0.0411455 0.0383768 0.0348199
 1.01589e-16 3.69674e-05 0.000216983 0.00103147 0.00397125 0.012384 0.031281 0.0640043 0.106092 0.14247 0.155014 0.136682 0.0977291 0.0568085 0.0271454 0.0112326 0.00499356 0.00364503 0.004264 0.00559042 0.00715428 0.00872496 0.010118 0.0111702 0.0117647 0.011856 0.0114788 0.0107345 0.00976199 0.00870161 0.00766562 0.00672218 0.00589501 0.00517478 0.00453554 0.00394979
 1.01189e-16 1.62494e-05 9.53063e-05 0.000452906 0.00174348 0.00543669 0.0137332 0.0281039 0.0466 0.0626271 0.068268 0.0604964 0.0439139 0.0268559 0.0153255 0.0106502 0.0112682 0.0152344 0.0212648 0.0285744 0.0364586 0.0440834 0.0505118 0.0548652 0.0565214 0.0552658 0.0513441 0.0453914 0.0382699 0.0308675 0.0239229 0.017922 0.0130792 0.00938431 0.00668466 0.00476747
 1.00571e-16 3.98142e-05 0.000233701 0.00111096 0.00427733 0.0133385 0.0336919 0.0689368 0.114266 0.153441 0.166936 0.147157 0.105139 0.0609553 0.0288259 0.0114083 0.00428486 0.00228579 0.00226405 0.00289141 0.0037221 0.00459492 0.00541071 0.00608428 0.0065485 0.00676558 0.00673287 0.0064792 0.00605437 0.00551554 0.00491542 0.00429537 0.0036841 0.00310003 0.00255521 0.00205846
 1.00314e-16 3.02444e-05 0.000177495 0.0008437 0.00324824 0.0101293 0.0255859 0.0523532 0.0867852 0.116562 0.126874 0.111986 0.0803239 0.0472017 0.0235116 0.0113807 0.00755993 0.00819218 0.0108799 0.0144946 0.0184496 0.0222634 0.025446 0.0275482 0.0282559 0.0274667 0.0253163 0.0221409 0.0183934 0.0145378 0.0109583 0.00790602 0.00548795 0.0036924 0.00243175 0.00158622
 1.0052e-16 3.46789e-05 0.000203541 0.000967548 0.00372512 0.0116165 0.0293423 0.0600381 0.0995194 0.133651 0.145435 0.128277 0.0918085 0.0535468 0.0259241 0.0113103 0.00591219 0.00526377 0.0066225 0.00877387 0.0112074 0.0136043 0.0156705 0.0171374 0.017811 0.0176152 0.0166089 0.0149663 0.0129306 0.0107565 0.00865951 0.00678642 0.00520937 0.00393865 0.00294488 0.00218104
 1.00427e-16 3.29909e-05 0.000193626 0.000920403 0.00354359 0.0110503 0.0279123 0.0571127 0.094672 0.127146 0.13837 0.122077 0.0874398 0.0511374 0.0250162 0.0113545 0.00656664 0.00641852 0.00829841 0.0110232 0.014051 0.0169982 0.0194929 0.0211955 0.021865 0.0214162 0.0199401 0.0176768 0.0149541 0.0121108 0.00942961 0.00709841 0.00520214 0.0037408 0.00266015 0.00188261
 1.00766e-16 2.81613e-05 0.000165264 0.000785547 0.00302433 0.00943103 0.0238222 0.0487447 0.0808046 0.108533 0.118144 0.104303 0.0748624 0.0440918 0.0221479 0.0110302 0.00773357 0.008683 0.0116532 0.0155853 0.0199065 0.0241238 0.0277241 0.0302297 0.0312978 0.0308011 0.0288567 0.0257901 0.0220503 0.0181036 0.0143424 0.0110298 0.00828967 0.0061307 0.00448771 0.00326342
 1.00815e-16 3.19971e-05 0.000187792 0.000892668 0.0034368 0.0107173 0.0270712 0.0553916 0.0918193 0.123315 0.134203 0.118405 0.0848196 0.0496248 0.024314 0.0111012 0.00651441 0.00645318 0.00839 0.0111812 0.0143026 0.0173793 0.0200441 0.0219568 0.0228697 0.022684 0.021471 0.0194471 0.0169163 0.0141971 0.0115594 0.00918727 0.00717182 0.00552758 0.00422037 0.00319473
 1.00561e-16 3.32306e-05 0.000195035 0.000927102 0.00356939 0.0111308 0.0281155 0.0575284 0.0953606 0.128069 0.139372 0.122953 0.0880504 0.0514604 0.025111 0.0112912 0.00638426 0.00612238 0.0078766 0.0104635 0.0133528 0.0161796 0.0185935 0.0202736 0.0209902 0.0206585 0.0193579 0.017307 0.0148073 0.0121712 0.00966107 0.00745228 0.00562653 0.00418823 0.00309257 0.0022737
 1.00086e-16 4.16725e-05 0.000244612 0.00116283 0.00447707 0.0139614 0.0352652 0.0721559 0.119601 0.160604 0.174724 0.154013 0.110016 0.0637375 0.0300565 0.0117445 0.004167 0.00190294 0.00165121 0.00201987 0.00254808 0.00308097 0.00353579 0.00384881 0.00397608 0.0039018 0.00364185 0.00323899 0.00275181 0.00224099 0.00175732 0.00133467 0.000988597 0.000719537 0.000518244 0.0003713
 1.00034e-16 4.0683e-05 0.0002388 0.0011352 0.00437066 0.0136296 0.034427 0.0704411 0.116759 0.15679 0.170582 0.150377 0.107451 0.0623189 0.0295133 0.0117521 0.00452203 0.0025379 0.00257586 0.0032639 0.0041253 0.00497035 0.00567399 0.00613322 0.00627763 0.00608483 0.00558619 0.00485836 0.00400419 0.00312898 0.00231994 0.00163389 0.00109492 0.000699986 0.000428602 0.000252812
 1.00178e-16 3.04123e-05 0.000178481 0.000848386 0.00326628 0.0101855 0.025728 0.052644 0.0872672 0.117209 0.127578 0.112606 0.0807675 0.047459 0.0236335 0.0114291 0.00757773 0.0082001 0.0108845 0.0144957 0.0184437 0.0222447 0.0254069 0.0274797 0.0281489 0.027313 0.0251102 0.0218806 0.0180812 0.0141808 0.0105677 0.00749579 0.00507353 0.00328901 0.00205288 0.00124253
 1.00604e-16 3.26953e-05 0.000191892 0.000912159 0.00351185 0.0109514 0.0276623 0.0566011 0.0938238 0.126006 0.137129 0.120979 0.0866478 0.0506627 0.0247633 0.0112058 0.0064365 0.00626031 0.00809271 0.0107682 0.0137598 0.0166989 0.0192285 0.0210189 0.0218319 0.0215749 0.0203212 0.0182863 0.0157706 0.0130884 0.0105055 0.00820287 0.00626899 0.00471595 0.00350664 0.00258209
 1.00298e-16 3.72716e-05 0.000218767 0.00103994 0.00400388 0.0124858 0.031538 0.0645303 0.106964 0.143643 0.156295 0.137822 0.0985676 0.0573427 0.0274881 0.0115244 0.00534827 0.00414009 0.00494876 0.00648985 0.00826434 0.0100051 0.011487 0.0125096 0.012931 0.0126996 0.0118663 0.0105691 0.00899711 0.00734639 0.00578111 0.00441077 0.00328586 0.00240807 0.00174797 0.00126275
 1.0033e-16 3.1961e-05 0.000187577 0.00089164 0.00343283 0.0107049 0.0270399 0.0553279 0.0917145 0.123177 0.13406 0.118294 0.0847742 0.0496669 0.0244615 0.0113803 0.00696417 0.00712083 0.00931855 0.0123936 0.0157856 0.0190713 0.0218321 0.0236842 0.0243577 0.0237607 0.0220024 0.0193617 0.016217 0.0129578 0.0099085 0.00728299 0.00517583 0.00358276 0.0024362 0.0016413
 1.01052e-16 2.37056e-05 0.000139097 0.000661131 0.00254526 0.00793706 0.0200487 0.0410245 0.0680107 0.091361 0.0994835 0.0879052 0.0632604 0.0375949 0.0195074 0.0107409 0.00882556 0.010795 0.01478 0.0198359 0.0253599 0.0307567 0.0353809 0.0386261 0.0400546 0.0395002 0.0371054 0.0332763 0.0285759 0.0235912 0.0188168 0.0145871 0.0110622 0.0082583 0.00609948 0.00446914
 1.01312e-16 3.09746e-05 0.00018179 0.000864132 0.00332693 0.0103747 0.0262058 0.0536209 0.0888841 0.119374 0.129915 0.114624 0.0821161 0.0480542 0.0235659 0.0107978 0.00639363 0.00638972 0.00834618 0.0111632 0.0143396 0.017517 0.0203407 0.0224765 0.0236735 0.0238184 0.0229571 0.0212731 0.0190351 0.0165301 0.0140062 0.0116384 0.00952285 0.00769059 0.00613222 0.0048203
 1.01247e-16 2.59923e-05 0.000152527 0.000724988 0.00279115 0.00870385 0.0219855 0.0449868 0.0745768 0.100173 0.109058 0.0963133 0.069199 0.0408986 0.020808 0.0107983 0.00812158 0.0094977 0.0128762 0.0172595 0.022071 0.0267826 0.0308335 0.0336985 0.0349985 0.034589 0.0325922 0.0293573 0.0253681 0.0211278 0.0170586 0.0134439 0.0104171 0.00798897 0.00609278 0.00462954
 1.01652e-16 2.63217e-05 0.000154464 0.000734206 0.00282665 0.00881458 0.0222651 0.0455587 0.0755237 0.101442 0.110429 0.0975023 0.0700049 0.0412784 0.0208239 0.0105212 0.00757366 0.0086531 0.0116907 0.0157033 0.020155 0.0245759 0.0284687 0.0313614 0.0329034 0.0329431 0.0315583 0.0290243 0.0257369 0.0221158 0.0185201 0.0151999 0.0122863 0.00981356 0.00775483 0.00605666
 1.01171e-16 3.15947e-05 0.00018543 0.00088144 0.00339357 0.0105825 0.0267307 0.0546949 0.0906643 0.121764 0.132515 0.116915 0.0837508 0.0489971 0.0240024 0.0109529 0.00642111 0.00635976 0.00827604 0.0110452 0.0141551 0.0172419 0.0199488 0.021943 0.0229796 0.0229558 0.0219317 0.0201072 0.0177668 0.0152096 0.0126903 0.0103834 0.00837739 0.00669081 0.00529845 0.00415691
 1.0217e-16 9.52189e-06 5.58007e-05 0.000265072 0.00102024 0.00318126 0.00803633 0.0164484 0.0272838 0.0366984 0.0400853 0.0357152 0.0263451 0.0169468 0.011161 0.00991701 0.0124524 0.0177373 0.0250324 0.0337468 0.0431683 0.0523581 0.060233 0.065765 0.0682127 0.0672969 0.0632635 0.0568058 0.0488821 0.0404877 0.0324585 0.0253544 0.0194384 0.0147289 0.0110897 0.00831898
 1.03504e-16 2.8931e-05 0.000169799 0.000807143 0.00310754 0.00969056 0.0244775 0.0500842 0.08302 0.111493 0.121325 0.107014 0.0765963 0.0446885 0.0216669 0.00951896 0.00509853 0.00470808 0.00609965 0.00831093 0.0109731 0.0138737 0.0168037 0.0195421 0.0218834 0.0236685 0.024803 0.0252572 0.0250542 0.0242512 0.0229241 0.0211603 0.0190572 0.0167235 0.0142779 0.0118419
 1.03868e-16 5.37785e-06 3.14661e-05 0.00014937 0.00057474 0.00179197 0.00452718 0.00926886 0.0153856 0.0207271 0.0227259 0.0204518 0.0155256 0.0108474 0.00860251 0.00947427 0.0131909 0.0192828 0.0273415 0.0368891 0.0472015 0.0572708 0.0659234 0.072047 0.0748432 0.0740179 0.0698475 0.0630901 0.0547837 0.0459963 0.0376117 0.0302065 0.0240314 0.0190758 0.0151705 0.0120892
pSPR Fmed_Fpbrs
0.473006   0.6 0.325
Fs Fmed_Fpbrs
0.64   0.378464 1.2593
SSBpbr Bo_Bmed_Bpbrs
584247  247140  321336 160668
Ro
18033.7
SPR SPRFo_SPRFmed_SPRFpbrs
372473 176182 121054
log_Ro
9.62
likeval ReclasPelacesDesembMPH_pf_preclas_ppelaces_ptallas_desvR_qrecl_qpela
 97.1506 27.7212 0.311268 37.2151 409.59 230.075 62.5335 0 42.4612 0.000197161 0.000413768 1.80269e-15 0 0 0
q_reclas_q_pelaces
7.31354 18.0646
M
0.7
N
 10186.7 38006.8 18596.1 2499.88 0.118824
 15434.2 4988.27 15962.3 7810.1 1049.97
 1757.83 7467.28 1813.47 5803.05 3221.05
 4947.24 784.246 1028.83 249.856 1243.32
 38805.2 2259.47 143.004 187.602 272.274
 11183.6 18837.9 855.254 54.1297 174.072
 63509.9 4934.99 2275.75 103.32 27.5683
 53894 27291.3 433.966 200.121 11.5099
 66628.5 23545 2924.67 46.5059 22.6795
 103095 28128 1674.36 207.983 4.92
 63639.3 46262.3 4153.61 247.25 31.439
 63384.3 27081.7 3620.26 325.041 21.8088
 48576.8 27141.3 2282.92 305.179 29.2386
 29843.7 19998.6 1429.01 120.198 17.6074
 13259.2 9797.96 70.1326 5.01136 0.483264
 7874.51 4564.81 60.6573 0.434178 0.0340162
 5879.47 3388.26 407.781 5.41861 0.0418245
 8177.17 2421.95 179.654 21.6215 0.289526
 10228.8 3382.73 135.089 10.0206 1.22214
 7103.79 4571.66 476.145 19.0149 1.5825
 15965.2 3204.92 720.002 74.9893 3.24393
 19651.2 7429.89 731.869 164.418 17.8652
 24791.4 9161.09 1732.09 170.616 42.4946
 47804.7 11418.1 1847.16 349.243 42.9698
 11496.9 21792.7 2036.42 329.443 69.9515
 32691.7 5400.59 5564.91 520.015 101.988
 1974.12 14800.5 886.72 913.7 102.126
pred_Ctot
 101.907 4257.12 2082.94 280.011 0.0133094
 285.88 978.461 3131.04 1531.97 205.953
 129.207 4164.66 1011.41 3236.48 1796.45
 287.056 377.488 495.214 120.265 598.459
 626.676 392.416 24.8364 32.582 47.2876
 902.016 11076.9 502.898 31.8288 102.356
 6201.82 3205.04 1477.99 67.1017 17.9043
 4694.95 16729.5 266.02 122.674 7.05554
 7248.96 16079.2 1997.3 31.7596 15.4882
 7186.13 15200.7 904.847 112.397 2.65883
 6605.43 30926.2 2776.67 165.286 21.0168
 6331.03 17780.4 2376.88 213.406 14.3186
 6037.16 19598.8 1648.5 220.371 21.1133
 7447.45 17460.8 1247.67 104.945 15.373
 2986.86 8396.78 60.1032 4.2947 0.414154
 762.396 2952.29 39.2302 0.280805 0.022
 728.597 2443.88 294.124 3.90833 0.0301672
 992.183 1732.26 128.494 15.4644 0.207078
 739.878 1868.9 74.6344 5.53619 0.675208
 469.963 2393 249.234 9.95316 0.828345
 724.215 1300.86 292.246 30.4378 1.31669
 868.373 2958.82 291.454 65.4767 7.1145
 1298.87 4116.71 778.345 76.6696 19.0958
 2832.84 5572.4 901.476 170.442 20.9707
 448.327 7906.4 738.816 119.522 25.3785
 2087.49 2765.02 2849.15 266.24 52.2164
 178.868 9259.79 554.77 571.65 63.8946
F
 0.0139966 0.167534 0.167534 0.167534 0.167534
 0.0260533 0.311847 0.311847 0.311847 0.311847
 0.107114 1.28211 1.28211 1.28211 1.28211
 0.0836997 1.00185 1.00185 1.00185 1.00185
 0.0226815 0.271488 0.271488 0.271488 0.271488
 0.118096 1.41356 1.41356 1.41356 1.41356
 0.144628 1.73114 1.73114 1.73114 1.73114
 0.128107 1.53339 1.53339 1.53339 1.53339
 0.162368 1.94348 1.94348 1.94348 1.94348
 0.101322 1.21279 1.21279 1.21279 1.21279
 0.154373 1.84778 1.84778 1.84778 1.84778
 0.148159 1.7734 1.7734 1.7734 1.7734
 0.187481 2.24407 2.24407 2.24407 2.24407
 0.413802 4.95303 4.95303 4.95303 4.95303
 0.366319 4.38469 4.38469 4.38469 4.38469
 0.143313 1.7154 1.7154 1.7154 1.7154
 0.186894 2.23704 2.23704 2.23704 2.23704
 0.182662 2.18639 2.18639 2.18639 2.18639
 0.105327 1.26072 1.26072 1.26072 1.26072
 0.0959414 1.14838 1.14838 1.14838 1.14838
 0.0649012 0.776841 0.776841 0.776841 0.776841
 0.0631756 0.756185 0.756185 0.756185 0.756185
 0.0753004 0.901314 0.901314 0.901314 0.901314
 0.0855503 1.024 1.024 1.024 1.024
 0.0555652 0.665093 0.665093 0.665093 0.665093
 0.0924622 1.10673 1.10673 1.10673 1.10673
 0.133555 1.5986 1.5986 1.5986 1.5986
Np
 11943.5 5746.38 291.74 505.4 40.5779
YTP_r0W_actual
 363.001 74031 6447.65 8484.64 1052.41
YTP_p0W_proyectada
 2196.17 4290.47 10804.9 826.698 1040.23
 2196.17 28743.1 2121.34 4693.15 418.152
CTP_r0_actual
 44.2684 3427.36 205.339 211.587 23.6496
CTP_p0_proyectada
 267.825 198.633 344.105 20.6159 23.376
 267.825 1330.7 67.5586 117.036 9.39668
Wmedp
 8.2 21.6 31.4 40.1 44.5
nmprior
 10.8 10.6 4.6 0
nm_flota  nm_reclas  nm_pelaces    nm_pelaL
inf 15.8866 6.50718 13.7642
cv_recla  cv_pelaces  cv_mph
0.711332 0.288381 0.489122
 ------------------------------------------------
Talla a la edad & desviaci?n 
 7.2 14.2025 17.0495 18.207 18.6776
 1.08 2.13037 2.55742 2.73105 2.80164
