years
 1997 1998 1999 2000 2001 2002 2003 2004 2005 2006 2007 2008 2009 2010 2011 2012 2013 2014 2015 2016 2017 2018 2019 2020 2021 2022 2023
reclasobs
 0 0 0 370054 412103 1.49427e+06 250295 1.28982e+06 931140 785840 897777 1.04006e+06 184774 17550 25797 100020 73551 82996 120727 218422 84188 347160 605670 569463 516374 1.08416e+06 1.01767e+06
reclaspred
 485359 139615 448924 310555 400446 449305 936397 663568 824144 772024 636402 442058 268626 124045 81052.8 65808.3 61019.1 84860.3 110596 174117 246286 244959 426371 533361 615170 592885 705470
pelacesobs
 0 0 0 0 0 0 0 0 0 2.06254e+06 1.5e+06 0 1.87456e+06 323000 250000 174000 83755 137374 0 501740 490994 745055 786931 1.00524e+06 1.33801e+06 1.41789e+06 0
pelacespred
 1.78073e+06 474930 895204 995689 1.08593e+06 1.04734e+06 2.31027e+06 2.04535e+06 2.24679e+06 2.16785e+06 1.65338e+06 1.20692e+06 728540 285324 172909 151966 143936 195329 254927 398450 651663 631131 903998 1.29956e+06 1.52063e+06 1.6027e+06 1.71277e+06
mphobs
 0 0 0 0 0 0 112323 0 153150 637223 0 255016 313432 73983 77613 109348 50772 17779 17303 59886 28197 0 207744 136588 643089 65757 70829
mphpred
 132883 87916.3 113108 144508 138453 190900 275821 309755 292065 327139 311587 230958 143951 130825 59238.6 44620.5 38097.6 43021.2 24571.7 34479.1 56462.8 67977.1 91723.4 131413 165772 164326 158098
desembarqueobs
 350755 77701 442110 56441 14545 235359 269955 359681 431902 328805 639364 411747 362871 311530 167758 66681 60226 58785 57116 73181 50977 67692 138656 160484 209506 203330 245020
desembarquepred
 350770 77706.8 442180 56444.1 14545.2 235444 270003 359707 431942 328856 639561 411915 363304 312318 167821 66730 60304.6 58792.5 57101.4 73183.6 50980.5 67682.3 138673 160505 209531 203346 245016
Reclutas
 60724.2 73905.9 45637.2 61887.9 93398.5 67902.9 105827 124445 167509 151048 77286.8 43893.4 39190.3 20910.6 16302.6 13407.3 9545.19 15750 25425.7 34478.7 41090.3 69065.6 87568.1 116191 47752.7 76104.8 168250
log_desv_Rt
 0.134098 0.330548 -0.151522 0.153079 0.56463 0.245834 0.689564 0.851617 1.14879 1.04536 0.375278 -0.190482 -0.303815 -0.931988 -1.18092 -1.37644 -1.71621 -1.21541 -0.736483 -0.431903 -0.256473 0.262812 0.500172 0.782993 -0.106208 0.359866 1.15321
SSB
 704124 465855 599343 765723 733643 1.01155e+06 1.42567e+06 1.62554e+06 1.51811e+06 1.7027e+06 1.65105e+06 1.22381e+06 781870 409226 191322 146179 130745 141572 193274 283328 441965 519534 718902 987578 1.35418e+06 1.37771e+06 1.25121e+06
BT
 2.48899e+06 663744 1.30322e+06 1.1856e+06 1.2536e+06 1.34698e+06 2.87983e+06 2.7531e+06 3.02414e+06 2.79287e+06 2.43217e+06 1.71568e+06 1.1712e+06 622908 346311 228948 216833 275711 342553 519528 795161 773624 1.11939e+06 1.61531e+06 1.85449e+06 1.9603e+06 2.17052e+06
Ftot
 0.463188 0.345285 0.482386 0.0907435 0.0199385 0.222892 0.146209 0.297078 0.302496 0.217595 0.428892 0.372288 0.566247 1.0157 1.02299 0.478668 0.490321 0.398057 0.293443 0.235924 0.109653 0.142041 0.15371 0.157272 0.142368 0.149727 0.190714
BD_Bspro_t
 0.948736 0.770347 0.740093 0.629255 0.732048 0.831947 0.792192 0.795737 0.757819 0.740728 0.712066 0.576792 0.4725 0.357359 0.228264 0.223229 0.271383 0.366634 0.498278 0.641287 0.747638 0.816477 0.837113 0.837423 0.841297 0.802786 0.787107
BD_Bspro
 0.641972 0.424734 0.54644 0.698134 0.668885 0.922261 1.29983 1.48205 1.38411 1.5524 1.50532 1.11579 0.712856 0.373104 0.174435 0.133276 0.119204 0.129076 0.176214 0.258319 0.402954 0.473676 0.655446 0.900406 1.23465 1.2561 1.14077
BD_Bo
 0.349006 0.230906 0.297071 0.379538 0.363637 0.501384 0.706647 0.805715 0.752468 0.843959 0.818361 0.606595 0.387542 0.202837 0.0948308 0.0724551 0.064805 0.0701717 0.095798 0.140435 0.219065 0.257512 0.356331 0.489503 0.671213 0.682874 0.620174
BD_Brms
 0.634557 0.419828 0.540128 0.69007 0.661159 0.911608 1.28481 1.46494 1.36812 1.53447 1.48793 1.1029 0.704622 0.368794 0.17242 0.131737 0.117827 0.127585 0.174178 0.255336 0.398299 0.468204 0.647875 0.890006 1.22039 1.24159 1.12759
S_f
 0.177599 0.905352 0.997645 0.999947 0.999999
 0.177599 0.905352 0.997645 0.999947 0.999999
 0.177599 0.905352 0.997645 0.999947 0.999999
 0.177599 0.905352 0.997645 0.999947 0.999999
 0.177599 0.905352 0.997645 0.999947 0.999999
 0.177599 0.905352 0.997645 0.999947 0.999999
 0.177599 0.905352 0.997645 0.999947 0.999999
 0.177599 0.905352 0.997645 0.999947 0.999999
 0.177599 0.905352 0.997645 0.999947 0.999999
 0.177599 0.905352 0.997645 0.999947 0.999999
 0.177599 0.905352 0.997645 0.999947 0.999999
 0.177599 0.905352 0.997645 0.999947 0.999999
 0.177599 0.905352 0.997645 0.999947 0.999999
 0.177599 0.905352 0.997645 0.999947 0.999999
 0.177599 0.905352 0.997645 0.999947 0.999999
 0.177599 0.905352 0.997645 0.999947 0.999999
 0.177599 0.905352 0.997645 0.999947 0.999999
 0.177599 0.905352 0.997645 0.999947 0.999999
 0.177599 0.905352 0.997645 0.999947 0.999999
 0.177599 0.905352 0.997645 0.999947 0.999999
 0.177599 0.905352 0.997645 0.999947 0.999999
 0.177599 0.905352 0.997645 0.999947 0.999999
 0.177599 0.905352 0.997645 0.999947 0.999999
 0.177599 0.905352 0.997645 0.999947 0.999999
 0.177599 0.905352 0.997645 0.999947 0.999999
 0.177599 0.905352 0.997645 0.999947 0.999999
 0.177599 0.905352 0.997645 0.999947 0.999999
Scru_reclas
 1 1 1 1 1
 1 1 1 1 1
 1 1 1 1 1
 1 1 1 1 1
 1 1 1 1 1
 1 1 1 1 1
 1 1 1 1 1
 1 1 1 1 1
 1 1 1 1 1
 1 1 1 1 1
 1 1 1 1 1
 1 1 1 1 1
 1 1 1 1 1
 1 1 1 1 1
 1 1 1 1 1
 1 1 1 1 1
 1 1 1 1 1
 1 1 1 1 1
 1 1 1 1 1
 1 1 1 1 1
 1 1 1 1 1
 1 1 1 1 1
 1 1 1 1 1
 1 1 1 1 1
 1 1 1 1 1
 1 1 1 1 1
 1 1 1 1 1
Scru_pelaces
 0.829643 0.960798 0.991958 0.998392 0.99968
 0.829643 0.960798 0.991958 0.998392 0.99968
 0.829643 0.960798 0.991958 0.998392 0.99968
 0.829643 0.960798 0.991958 0.998392 0.99968
 0.829643 0.960798 0.991958 0.998392 0.99968
 0.829643 0.960798 0.991958 0.998392 0.99968
 0.829643 0.960798 0.991958 0.998392 0.99968
 0.829643 0.960798 0.991958 0.998392 0.99968
 0.829643 0.960798 0.991958 0.998392 0.99968
 0.829643 0.960798 0.991958 0.998392 0.99968
 0.829643 0.960798 0.991958 0.998392 0.99968
 0.829643 0.960798 0.991958 0.998392 0.99968
 0.829643 0.960798 0.991958 0.998392 0.99968
 0.829643 0.960798 0.991958 0.998392 0.99968
 0.829643 0.960798 0.991958 0.998392 0.99968
 0.829643 0.960798 0.991958 0.998392 0.99968
 0.829643 0.960798 0.991958 0.998392 0.99968
 0.829643 0.960798 0.991958 0.998392 0.99968
 0.829643 0.960798 0.991958 0.998392 0.99968
 0.829643 0.960798 0.991958 0.998392 0.99968
 0.829643 0.960798 0.991958 0.998392 0.99968
 0.829643 0.960798 0.991958 0.998392 0.99968
 0.829643 0.960798 0.991958 0.998392 0.99968
 0.829643 0.960798 0.991958 0.998392 0.99968
 0.829643 0.960798 0.991958 0.998392 0.99968
 0.829643 0.960798 0.991958 0.998392 0.99968
 0.829643 0.960798 0.991958 0.998392 0.99968
pf_obs 
 0.256992 0.487395 0.22802 0.0275931 0
 0.321318 0.546541 0.124235 0.00734118 0.000564706
 0.182869 0.594174 0.210203 0.0122559 0.00049798
 0.330522 0.361315 0.267642 0.0388342 0.00168674
 0.649043 0.306663 0.0425973 0.00169635 0
 0.582887 0.30429 0.105238 0.00758474 0
 0.465427 0.430635 0.0974691 0.00646863 0
 0.296916 0.608066 0.0921331 0.00288517 0
 0.311714 0.524322 0.152257 0.0117073 0
 0.15457 0.633149 0.183074 0.0267441 0.00246327
 0.131901 0.49318 0.331252 0.0422183 0.00144891
 0.196976 0.569456 0.194076 0.0375587 0.00193317
 0.518974 0.381816 0.0799577 0.0180837 0.00116848
 0.0928022 0.601141 0.25162 0.0475244 0.00691264
 0.122501 0.610282 0.24278 0.0234846 0.000952079
 0.383417 0.481906 0.127806 0.00687128 0
 0.0376549 0.599619 0.316969 0.0457579 0
 0.0361596 0.667082 0.258105 0.0386534 0
 0.158088 0.579412 0.248529 0.0139706 0
 0.0477256 0.309471 0.559284 0.082774 0.000745712
 0.0406174 0.521527 0.379366 0.0568643 0.0016247
 0.151134 0.462217 0.34131 0.0453401 0
 0.294876 0.26143 0.354403 0.0886775 0.000613685
 0.281977 0.475581 0.204845 0.0348837 0.00271318
 0.0841818 0.532909 0.334909 0.0458182 0.00218182
 0.115287 0.27431 0.454777 0.147771 0.00785563
 0 0 0 0 0
pf_pred 
 0.386924 0.429663 0.164144 0.0192583 1.06619e-05
 0.314156 0.54059 0.105385 0.0356913 0.00417773
 0.177624 0.590735 0.186866 0.0325089 0.0122652
 0.251543 0.41872 0.244771 0.0685814 0.0163843
 0.276776 0.453927 0.157258 0.08322 0.0288189
 0.167523 0.541875 0.188895 0.0594494 0.0422577
 0.257031 0.383108 0.242893 0.0760988 0.0408687
 0.251841 0.481446 0.144409 0.0826173 0.039687
 0.285758 0.46386 0.167459 0.0449529 0.0379702
 0.216716 0.538396 0.165182 0.0533566 0.0263504
 0.12488 0.520822 0.251548 0.0693644 0.0333854
 0.110347 0.406112 0.301507 0.12935 0.0526842
 0.158644 0.354463 0.236386 0.156365 0.0941427
 0.147382 0.470949 0.172869 0.101533 0.107268
 0.223484 0.450388 0.192673 0.0605716 0.0728839
 0.238234 0.528017 0.144364 0.0528896 0.036495
 0.188163 0.528849 0.203353 0.0492384 0.0303968
 0.318985 0.396631 0.193036 0.0656961 0.0256513
 0.35409 0.472034 0.106186 0.0459887 0.0217013
 0.312672 0.514461 0.130033 0.0261856 0.016648
 0.263887 0.519096 0.166732 0.0378501 0.0124358
 0.312655 0.441456 0.178461 0.0518329 0.015595
 0.273854 0.507808 0.145321 0.0530299 0.0199871
 0.271537 0.479604 0.179351 0.0463015 0.023207
 0.102925 0.589282 0.209713 0.0707348 0.0273458
 0.200069 0.295492 0.342896 0.110153 0.0513908
 0.351599 0.369131 0.109989 0.115162 0.0541206
pobs_RECLAS
 0 0 0 0 0
 0 0 0 0 0
 0 0 0 0 0
 0 0 0 0 0
 0.835266 0.146461 0.0176864 0.000547809 3.91292e-05
 0.385257 0.428462 0.181853 0.0044286 0
 0.867414 0.0963971 0.0333333 0.00285562 0
 0.441836 0.489002 0.0689373 0.000224442 0
 0.779404 0.147425 0.0564933 0.0165055 0.000172143
 0.814271 0.122319 0.05973 0.00367925 0
 0.40263 0.566651 0.0304383 0.000280538 0
 0.475488 0.404961 0.113038 0.00651328 0
 0.955842 0.0263864 0.0167828 0.000988607 0
 0.975058 0.0227948 0.00214734 0 0
 0.738997 0.206755 0.0527124 0.00153531 0
 0.850938 0.134255 0.0134407 0.00136685 0
 0.542534 0.407297 0.0501686 0 0
 0.764087 0.199537 0.0359546 0.000420521 0
 0.470689 0.182191 0.310203 0.0369168 0
 0.84361 0.089868 0.0606195 0.00523954 0.000663233
 0.607945 0.314616 0.071237 0.00620181 0
 0.523733 0.453247 0.0230204 0 0
 0.530135 0.295979 0.169645 0.0042399 0
 0.562478 0.366248 0.0663022 0.0049721 0
 0.250443 0.683176 0.0655157 0.000865301 0
 0.195077 0.31981 0.436473 0.0351445 0.0134964
 0.565238 0.351407 0.0832357 0.000118908 0
ppred_RECLAS
 0.772781 0.163968 0.0566199 0.00662702 3.66869e-06
 0.70823 0.234725 0.0414138 0.0139926 0.00163777
 0.537823 0.341295 0.0975625 0.0169319 0.00638784
 0.642118 0.208822 0.110718 0.0309497 0.00739357
 0.6692 0.215113 0.0676218 0.0357025 0.0123631
 0.517513 0.324792 0.102588 0.0322112 0.0228951
 0.650401 0.188872 0.108567 0.0339352 0.0182239
 0.643351 0.237596 0.0645307 0.0368314 0.0176918
 0.681861 0.213752 0.0698702 0.0187118 0.0158044
 0.594975 0.286878 0.0797532 0.0257015 0.0126921
 0.436712 0.34885 0.152355 0.0419113 0.020171
 0.404987 0.286568 0.192501 0.0823888 0.0335552
 0.513261 0.217447 0.130906 0.0863815 0.0520047
 0.499146 0.2903 0.0955044 0.0559466 0.0591031
 0.623404 0.228491 0.0875942 0.0274653 0.0330462
 0.628101 0.2657 0.06565 0.0239939 0.0165554
 0.557117 0.298603 0.103749 0.0250605 0.01547
 0.717709 0.171287 0.0754064 0.025602 0.00999584
 0.744365 0.191739 0.0390571 0.0168757 0.00796292
 0.706183 0.225277 0.0515872 0.0103641 0.00658883
 0.653831 0.251041 0.0731249 0.0165618 0.00544114
 0.707207 0.194587 0.0713212 0.0206667 0.00621768
 0.665873 0.240467 0.0623871 0.0227131 0.00856019
 0.664189 0.228428 0.0774407 0.0199457 0.00999654
 0.378266 0.422025 0.136172 0.0458232 0.0177141
 0.577155 0.166047 0.174691 0.0559878 0.0261193
 0.744165 0.151856 0.0410098 0.0428383 0.020131
pobs_PELACES
 0 0 0 0 0
 0 0 0 0 0
 0 0 0 0 0
 0 0 0 0 0
 0 0 0 0 0
 0 0 0 0 0
 0 0 0 0 0
 0 0 0 0 0
 0 0 0 0 0
 0 0 0 0 0
 0.450072 0.473896 0.0757376 0.000293798 0
 0 0 0 0 0
 0.463077 0.371075 0.160297 0.00555027 0
 0.529543 0.364841 0.0842815 0.0213345 0
 0.631943 0.363953 0.00410389 0 0
 0.735681 0.248677 0.0153453 0.000297389 0
 0.695825 0.281241 0.0229344 0 0
 0.275771 0.60734 0.115278 0.00161068 0
 0 0 0 0 0
 0.896147 0.0623911 0.0374545 0.00400742 0
 0.803859 0.145111 0.0509908 3.86294e-05 0
 0.739449 0.233085 0.0266225 0.000797448 4.60066e-05
 0.878498 0.100942 0.0204185 0.000141795 0
 0.694673 0.275183 0.0284847 0.00165964 0
 0.469039 0.446079 0.0841089 0.000773354 0
 0.822795 0.102175 0.0682046 0.00682512 0
 0 0 0 0 0
ppred_PELACES
 0.765555 0.16831 0.0591636 0.0069672 3.86196e-06
 0.693895 0.245136 0.0441861 0.0150222 0.00176054
 0.528917 0.346184 0.100679 0.0175797 0.00664073
 0.609835 0.224724 0.122674 0.0345119 0.00825517
 0.634256 0.234983 0.0762173 0.0405012 0.0140428
 0.491942 0.338915 0.109773 0.0346848 0.024685
 0.621376 0.201759 0.119204 0.0374975 0.0201628
 0.623818 0.24843 0.0690342 0.0396484 0.0190694
 0.663729 0.224077 0.0749268 0.0201915 0.0170761
 0.570028 0.302093 0.0861339 0.0279332 0.0138119
 0.424034 0.353877 0.157492 0.0435912 0.0210064
 0.388386 0.291046 0.199574 0.0859456 0.0350488
 0.508065 0.217579 0.132921 0.0882422 0.0531929
 0.522951 0.275984 0.0908838 0.0535439 0.0566368
 0.646023 0.214482 0.0822863 0.0259481 0.0312605
 0.619294 0.270442 0.0679903 0.0250013 0.0172726
 0.548418 0.302594 0.106937 0.0259883 0.0160633
 0.70543 0.177195 0.079567 0.0271816 0.0106262
 0.728303 0.202476 0.0422028 0.018349 0.00866927
 0.685805 0.239406 0.0561954 0.0113611 0.00723194
 0.62413 0.270308 0.0810196 0.0184673 0.00607499
 0.681189 0.209778 0.0790402 0.0230494 0.00694348
 0.63908 0.257589 0.0686744 0.0251613 0.00949511
 0.637296 0.24442 0.0851407 0.0220686 0.0110747
 0.349978 0.436992 0.144944 0.0490862 0.019
 0.545439 0.175311 0.189553 0.061138 0.0285587
 0.721995 0.162985 0.0451794 0.0474931 0.0223471
pobs_pel_tallas
 0 0 0 0 0 0 0 0 0 0 0 0 0 0 0 0 0 0 0 0 0 0 0 0 0 0 0 0 0 0 0 0 0 0 0 0
 0 0 0 0 0 0 0 0 0 0 0 0 0 0 0 0 0 0 0 0 0 0 0 0 0 0 0 0 0 0 0 0 0 0 0 0
 0 0 0 0 0 0 0 0 0 0 0 0 0 0 0 0 0 0 0 0 0 0 0 0 0 0 0 0 0 0 0 0 0 0 0 0
 0 0 0 0 0 0 0 0 0 0 0 0 0 0 0 0 0 0 0 0 0 0 0 0 0 0 0 0 0 0 0 0 0 0 0 0
 0 0 0 0 0 0 0 0 0 0 0 0 0 0 0 0 0 0 0 0 0 0 0 0 0 0 0 0 0 0 0 0 0 0 0 0
 0 0 0 0 0 0 0 0 0 0 0 0 0 0 0 0 0 0 0 0 0 0 0 0 0 0 0 0 0 0 0 0 0 0 0 0
 0 0 0 0 0 0 0 0 0 0 0 0 0 0 0 0 0 0 0 0 0 0 0 0 0 0 0 0 0 0 0 0 0 0 0 0
 0 0 0 0 0 0 0 0 0 0 0 0 0 0 0 0 0 0 0 0 0 0 0 0 0 0 0 0 0 0 0 0 0 0 0 0
 0 0 0 0 0 0 0 0 0 0 0 0 0 0 0 0 0 0 0 0 0 0 0 0 0 0 0 0 0 0 0 0 0 0 0 0
 0 0 0 0 0 0 0 0 0 0 0 0 0 0 0 0 0 0 0 0 0 0 0 0 0 0 0 0 0 0 0 0 0 0 0 0
 0 0 0 0 0 0 0 0 1.78061e-05 0.00172719 0.00360574 0.0105946 0.0120993 0.0124554 0.0147524 0.0171206 0.0266825 0.0428682 0.0675386 0.121331 0.153587 0.119568 0.100827 0.0573624 0.0630603 0.0341343 0.0324427 0.0444173 0.0211091 0.0280891 0.0125444 0.00206551 0 0 0 0
 0 0 0 0 0 0 0 0 0 0 0 0 0 0 0 0 0 0 0 0 0 0 0 0 0 0 0 0 0 0 0 0 0 0 0 0
 0 0 0 0 0 0 0.0133647 0.0140871 0.0187388 0.0205184 0.03894 0.0496705 0.03968 0.0493445 0.0407372 0.0367815 0.0215668 0.0243155 0.0234873 0.0199281 0.019796 0.0243948 0.0301388 0.0376714 0.0412746 0.0863199 0.0771752 0.113111 0.0741005 0.0525337 0.0229764 0.00759418 0.00175318 0 0 0
 0 0 0 0 0 0 0 0 0 0 0.00219441 0.00772107 0.0458388 0.0604681 0.0671733 0.0775358 0.0609151 0.0617685 0.073594 0.0568108 0.0755445 0.0548602 0.0670107 0.0636378 0.0643287 0.046367 0.0373049 0.0286899 0.0247887 0.0153202 0.00654259 0.00121912 0.000365735 0 0 0
 0 0 0 0 0 0 0 0 0 0 0 0 0.000112435 0.00938835 0.0111873 0.0202946 0.0414886 0.0713402 0.111592 0.104902 0.108894 0.110636 0.117776 0.105296 0.107544 0.0401394 0.0192827 0.0124803 0.00416011 0.0028671 0.000618394 0 0 0 0 0
 0 0 0 0 0 0 0 0 0 0 0.00291406 0.0102884 0.027416 0.0768956 0.0749926 0.110853 0.0956884 0.0897413 0.0766577 0.0534642 0.0500743 0.0551293 0.0594112 0.0620874 0.0668451 0.0424026 0.0208742 0.0120726 0.0048766 0.00582813 0.00118941 0.000297354 0 0 0 0
 0 0.00264628 0.0354308 0.0461629 0.0458689 0.0383711 0.0214643 0.0164657 0.0346957 0.0420465 0.0363128 0.0245516 0.0311673 0.0291091 0.0169068 0.0133784 0.00837989 0.0085269 0.0148486 0.0160247 0.0276389 0.0546898 0.0760071 0.122758 0.109233 0.0665981 0.0333725 0.0166128 0.00676272 0.00308733 0.000882094 0 0 0 0 0
 0 0 0 0 0 0 0 0.000805153 0.000690131 0.00759144 0.0133425 0.0154129 0.00931677 0.000345066 0.00356568 0.00563607 0.00851162 0.0253048 0.0502646 0.0516448 0.0657925 0.0565908 0.0611916 0.0827007 0.0866115 0.110766 0.145733 0.0935128 0.0569358 0.0249597 0.0138026 0.00621118 0.00161031 0.00115022 0 0
 0 0 0 0 0 0 0 0 0 0 0 0 0 0 0 0 0 0 0 0 0 0 0 0 0 0 0 0 0 0 0 0 0 0 0 0
 0.00147267 0.00158595 0.00478618 0.00569244 0.00954404 0.0108468 0.00647125 0.017049 0.0510054 0.094081 0.124002 0.0959785 0.0687766 0.0820023 0.061753 0.0591476 0.0492212 0.0479892 0.0443925 0.0268479 0.0217502 0.0140895 0.0121071 0.0120363 0.00920419 0.00665534 0.0049561 0.00860946 0.00930331 0.0156896 0.0114698 0.00855282 0.00243557 0.00046729 0 2.83206e-05
 0 0 0 0 0.000772559 0.00158375 0.000888443 0.00281984 0.00712685 0.0440552 0.0773331 0.111326 0.0921469 0.0852325 0.0710754 0.0886704 0.0786465 0.0553345 0.0373146 0.0185414 0.00753245 0.00457741 0.012979 0.0271748 0.0457355 0.0583668 0.034881 0.0177882 0.00938659 0.00492506 0.0015258 0.00185414 0.000309023 5.79419e-05 3.86279e-05 0
 0 0.00173294 0.00326652 0 0.00397197 0.00683976 0.00946217 0.0152591 0.00757587 0.0136028 0.0228656 0.0392903 0.0559909 0.0764795 0.0681675 0.0726916 0.0566044 0.0477403 0.0527397 0.0444891 0.0609904 0.0582453 0.0661739 0.0445044 0.0529084 0.0360697 0.0280645 0.0235558 0.0158879 0.00826598 0.00280645 0.00217768 0.000904811 0.00058276 9.20147e-05 0
 0 0 0 0 0 0 0 0 0 0 0 0 0 0 0 0 0 0 0 0 0 0 0 0 0 0 0 0 0 0 0 0 0 0 0 0
 0 0 0 0 0 0 0 0 0 0 0 0 0 0 0 0 0 0 0 0 0 0 0 0 0 0 0 0 0 0 0 0 0 0 0 0
 0 0 0 0 0 0 0 0 0 0 0 0 0 0 0 0 0 0 0 0 0 0 0 0 0 0 0 0 0 0 0 0 0 0 0 0
 0 0 0 0 0 0 0 0 0 0 0 0 0 0 0 0 0 0 0 0 0 0 0 0 0 0 0 0 0 0 0 0 0 0 0 0
 0 0 0 0 0 0 0 0 0 0 0 0 0 0 0 0 0 0 0 0 0 0 0 0 0 0 0 0 0 0 0 0 0 0 0 0
ppred_pel_tallas
 1.01135e-16 3.34014e-05 0.000196041 0.000931895 0.00358785 0.0111884 0.028261 0.0578257 0.0958522 0.128726 0.140078 0.123554 0.0884347 0.0515918 0.0250025 0.0109531 0.00579537 0.00523447 0.00663662 0.00884015 0.0113607 0.0138961 0.0161639 0.0179003 0.0189058 0.0190879 0.0184775 0.0172132 0.0155006 0.0135603 0.0115845 0.00970986 0.00801354 0.00652371 0.00523802 0.00414055
 1.01306e-16 3.02797e-05 0.000177707 0.000844718 0.00325217 0.0101416 0.0256169 0.0524163 0.0868883 0.116696 0.127009 0.112079 0.0803339 0.0470936 0.0232478 0.0109084 0.00680687 0.00707567 0.00932555 0.0124617 0.0159573 0.0194111 0.02242 0.0246081 0.0257012 0.025589 0.0243477 0.022213 0.0195157 0.0166011 0.0137605 0.01119 0.00898489 0.00715788 0.00567111 0.00446649
 1.02457e-16 2.30901e-05 0.000135488 0.000643983 0.00247926 0.00773123 0.0195287 0.0399602 0.0662454 0.0889867 0.0968903 0.0855954 0.0615582 0.0365037 0.0187969 0.0101242 0.00807129 0.00974839 0.0133486 0.0179841 0.0231198 0.0282424 0.0327925 0.036235 0.0381686 0.0384146 0.0370507 0.034376 0.0308248 0.0268584 0.0228721 0.0191409 0.0158108 0.0129233 0.0104557 0.00835942
 1.03387e-16 2.66137e-05 0.000156186 0.000742405 0.00285825 0.00891314 0.022514 0.0460673 0.0763645 0.102564 0.111633 0.0985223 0.0706438 0.0414678 0.0205752 0.00983633 0.00639713 0.00687998 0.00920812 0.0124408 0.0161312 0.019933 0.023485 0.0264333 0.0284954 0.0295162 0.0294908 0.0285475 0.0269001 0.0247867 0.0224198 0.0199573 0.0175008 0.0151091 0.0128196 0.0106636
 1.03207e-16 2.76788e-05 0.000162438 0.00077213 0.0029727 0.00927003 0.0234155 0.0479119 0.0794221 0.10667 0.116101 0.102463 0.0734638 0.0431111 0.0213669 0.0101723 0.0065526 0.00698688 0.00930506 0.0125175 0.0161487 0.0198309 0.0231869 0.0258559 0.0275629 0.028176 0.0277287 0.0263968 0.0244419 0.0221417 0.0197309 0.0173701 0.0151424 0.0130736 0.0111591 0.00938851
 1.04014e-16 2.14775e-05 0.000126022 0.000598979 0.00230598 0.00719089 0.0181639 0.0371675 0.0616164 0.0827704 0.0901269 0.0796323 0.0572957 0.0340285 0.0176198 0.00964888 0.00788276 0.00964532 0.0132647 0.0179184 0.0231037 0.0283305 0.033059 0.0367685 0.039063 0.0397565 0.0389053 0.0367749 0.0337571 0.0302684 0.0266629 0.023184 0.0199592 0.0170269 0.0143756 0.0119795
 1.03989e-16 2.71159e-05 0.000159137 0.00075644 0.00291229 0.00908168 0.0229397 0.0469381 0.0778073 0.104499 0.113733 0.10036 0.0719285 0.0421549 0.0207918 0.0097332 0.00605987 0.00632308 0.00840785 0.0113689 0.0147783 0.0183231 0.0216816 0.0245373 0.0266341 0.0278251 0.0280934 0.0275372 0.026328 0.0246589 0.0227015 0.0205834 0.0183878 0.0161675 0.0139633 0.0118173
 1.03315e-16 2.72242e-05 0.000159768 0.000759433 0.0029238 0.00911756 0.0230303 0.047124 0.0781166 0.104918 0.114198 0.100793 0.0722872 0.0424621 0.0211222 0.0101836 0.00672753 0.00729505 0.00975092 0.0131134 0.0168981 0.0207196 0.0241798 0.0268996 0.028593 0.0291279 0.0285491 0.0270528 0.0249253 0.0224674 0.0199314 0.0174859 0.0152139 0.0131339 0.0112304 0.00948139
 1.02629e-16 2.89635e-05 0.000169982 0.000807995 0.00311079 0.00970067 0.0245032 0.0501374 0.0831105 0.111622 0.121485 0.107201 0.0768318 0.0450286 0.0222075 0.0103883 0.00644678 0.00668891 0.00883986 0.0118687 0.0152933 0.0187539 0.0218869 0.0243466 0.0258702 0.0263337 0.0257735 0.024364 0.0223641 0.0200489 0.0176533 0.0153393 0.0131928 0.0112406 0.00947645 0.00788439
 1.02927e-16 2.48809e-05 0.000146006 0.000693995 0.00267183 0.00833178 0.0210456 0.0430635 0.0713878 0.0958879 0.104387 0.0921774 0.0662027 0.0390788 0.0197934 0.0101319 0.00746069 0.0086431 0.0117302 0.0157945 0.0203249 0.0248663 0.0289325 0.0320591 0.0338971 0.0342887 0.0332965 0.0311726 0.0282835 0.0250168 0.0217019 0.0185643 0.0157205 0.0132005 0.0109848 0.00903679
 1.04831e-16 1.85172e-05 0.00010864 0.000516341 0.0019878 0.00619864 0.0156576 0.0320396 0.0531173 0.0713598 0.0777188 0.0687086 0.0495225 0.029586 0.0156409 0.00908248 0.00802207 0.0101836 0.0141413 0.0191761 0.0248137 0.0305585 0.0358507 0.0401399 0.0429962 0.0441981 0.0437687 0.0419447 0.039096 0.0356255 0.0318836 0.0281217 0.0244873 0.0210485 0.0178311 0.0148494
 1.07519e-16 1.69602e-05 9.9505e-05 0.000472925 0.00182066 0.00567743 0.014341 0.0293453 0.0486498 0.065356 0.0711747 0.0629107 0.0453165 0.0270201 0.0141901 0.00809943 0.00701741 0.00886764 0.0123666 0.0168956 0.022077 0.0275252 0.0327937 0.0374277 0.0410475 0.0434179 0.0444796 0.0443289 0.0431627 0.0412106 0.0386791 0.0357256 0.0324619 0.0289751 0.0253527 0.0216963
 1.07476e-16 2.21756e-05 0.000130131 0.000618542 0.00238135 0.00742594 0.0187574 0.0383811 0.0636245 0.0854568 0.0930225 0.0821204 0.0589331 0.0346951 0.0174056 0.00864491 0.00606076 0.00686527 0.00935031 0.0127453 0.0166783 0.0208467 0.0249223 0.0285739 0.0315255 0.0336052 0.0347664 0.0350706 0.0346455 0.0336345 0.0321581 0.030298 0.0281051 0.0256202 0.0228965 0.0200121
 1.05867e-16 2.2827e-05 0.00013395 0.000636687 0.00245119 0.00764372 0.0193076 0.0395072 0.0654926 0.0879699 0.0957684 0.0845693 0.0607441 0.0358684 0.0181906 0.0093529 0.00694611 0.00810225 0.0110464 0.0149439 0.0193446 0.0238501 0.0280309 0.0314712 0.0338503 0.0350089 0.034974 0.0339305 0.0321561 0.0299415 0.0275253 0.0250609 0.0226188 0.0202132 0.0178367 0.0154889
 1.03591e-16 2.81911e-05 0.000165448 0.000786441 0.0030278 0.00944189 0.0238495 0.0487999 0.0808933 0.108644 0.118244 0.10434 0.0747798 0.0438233 0.0216084 0.0101018 0.00626396 0.00650236 0.00860802 0.0115851 0.0149742 0.0184362 0.0216276 0.0242187 0.0259553 0.0267101 0.0265035 0.0254832 0.023874 0.0219158 0.0198118 0.0177009 0.0156568 0.0137049 0.0118479 0.0100857
 1.0272e-16 2.70278e-05 0.000158613 0.000753938 0.00290264 0.00905155 0.0228636 0.0467831 0.0775521 0.104162 0.113381 0.100084 0.0718066 0.0422357 0.0211129 0.0103498 0.00705737 0.00780633 0.0104739 0.0140717 0.0180927 0.0221176 0.0257099 0.0284558 0.0300465 0.0303461 0.0294168 0.0274902 0.0248995 0.0219942 0.019069 0.0163224 0.0138524 0.0116783 0.00977417 0.0081003
 1.03261e-16 2.39387e-05 0.000140474 0.000667696 0.00257057 0.00801601 0.020248 0.0414315 0.0686829 0.092256 0.100437 0.0886977 0.063722 0.0376519 0.0191405 0.00991318 0.00744489 0.00872582 0.0118864 0.0160351 0.0206747 0.0253549 0.02959 0.0329117 0.0349628 0.0355729 0.0347886 0.0328442 0.030089 0.0268973 0.0235902 0.0203926 0.0174274 0.0147374 0.0123195 0.0101554
 1.02618e-16 3.078e-05 0.00018065 0.000858724 0.00330612 0.0103098 0.0260418 0.0532851 0.0883266 0.118622 0.129089 0.113877 0.0815416 0.0476383 0.0232146 0.0103909 0.00582113 0.00556208 0.00719684 0.00965695 0.0124874 0.0153899 0.0180756 0.020268 0.0217514 0.0224134 0.022263 0.0214151 0.0200502 0.0183652 0.0165311 0.0146699 0.0128535 0.0111157 0.0094709 0.00792949
 1.01701e-16 3.17783e-05 0.000186509 0.000886573 0.00341334 0.0106442 0.0268864 0.0550134 0.0911918 0.122471 0.133281 0.117583 0.0842119 0.0492317 0.0240519 0.0108653 0.0062187 0.00603763 0.00781563 0.0104289 0.0133774 0.0163174 0.0189157 0.0208622 0.0219288 0.0220194 0.0211884 0.0196191 0.0175711 0.0153157 0.0130806 0.0110183 0.00920213 0.00764263 0.00631364 0.00517653
 1.01605e-16 2.99268e-05 0.000175636 0.00083487 0.00321426 0.0100233 0.0253182 0.0518051 0.0858752 0.115335 0.125527 0.110771 0.0793949 0.0465403 0.0229697 0.0107705 0.00671318 0.00697675 0.00920296 0.0123143 0.0157962 0.0192583 0.0223077 0.0245758 0.0257904 0.025836 0.0247766 0.0228305 0.0203086 0.0175377 0.0147952 0.0122703 0.0100582 0.00817786 0.0066021 0.00528534
 1.02157e-16 2.72387e-05 0.000159851 0.000759824 0.0029253 0.00912222 0.0230422 0.0471483 0.0781575 0.104975 0.114265 0.100864 0.072364 0.0425593 0.021267 0.0104129 0.00708478 0.00782652 0.010499 0.0141069 0.0181404 0.0221782 0.0257806 0.0285295 0.0301106 0.0303819 0.0294002 0.0273939 0.024696 0.0216607 0.018591 0.0156979 0.0130935 0.0108108 0.00883495 0.00713251
 1.02307e-16 2.97243e-05 0.00017445 0.000829237 0.00319258 0.00995574 0.0251475 0.0514555 0.0852949 0.114554 0.124671 0.110001 0.0788137 0.04614 0.0226621 0.0104446 0.00627199 0.00634721 0.00833532 0.0111865 0.014424 0.0177049 0.020687 0.023044 0.0245258 0.0250107 0.0245261 0.0232289 0.0213561 0.0191627 0.0168687 0.0146299 0.0125334 0.0106131 0.00887248 0.00730461
 1.02368e-16 2.78901e-05 0.000163677 0.000778012 0.00299533 0.00934062 0.0235938 0.0482769 0.0800278 0.107485 0.116993 0.10326 0.0740581 0.0435053 0.021646 0.0104431 0.00690532 0.00748668 0.00999539 0.0134191 0.017253 0.0210918 0.0245178 0.0271351 0.0286477 0.0289237 0.0280204 0.0261571 0.0236509 0.0208363 0.0179965 0.0153252 0.0129208 0.0108066 0.00896243 0.00735312
 1.02565e-16 2.78118e-05 0.000163218 0.000775836 0.00298696 0.00931451 0.0235278 0.0481418 0.0798035 0.107183 0.116661 0.102962 0.0738313 0.0433464 0.0215199 0.0103054 0.00671692 0.00721792 0.00962643 0.0129423 0.0166772 0.0204467 0.0238545 0.0265219 0.0281606 0.0286335 0.0279793 0.0263885 0.0241449 0.0215519 0.0188703 0.0162824 0.0138879 0.0117211 0.00977894 0.00804556
 1.04775e-16 1.52913e-05 8.96939e-05 0.000426252 0.00164091 0.00511684 0.0129251 0.0264495 0.0438541 0.0589284 0.0642145 0.0568529 0.0411579 0.0249507 0.0138509 0.00907553 0.00912954 0.0121793 0.0170513 0.0230936 0.0297837 0.0365176 0.0426033 0.0473679 0.0502988 0.0511538 0.0500044 0.0471924 0.043225 0.0386425 0.033907 0.0293392 0.0251111 0.0212786 0.0178319 0.0147406
 1.06184e-16 2.38038e-05 0.000139694 0.00066401 0.00255642 0.00797191 0.0201365 0.0412024 0.0682997 0.0917312 0.0998391 0.0881066 0.0631603 0.0370456 0.0183296 0.00868519 0.00556441 0.00596004 0.0080406 0.0110051 0.014507 0.018296 0.0221028 0.0256438 0.0286643 0.0309785 0.0324901 0.0331871 0.0331171 0.0323576 0.0309919 0.0291001 0.0267642 0.0240767 0.0211493 0.0181112
 1.03371e-16 3.15016e-05 0.000184889 0.000878876 0.00338372 0.0105518 0.026653 0.0545357 0.0903989 0.121403 0.132111 0.116531 0.083416 0.0486812 0.0236248 0.0104073 0.0055934 0.00513902 0.00656723 0.00878966 0.0113564 0.0139887 0.0164253 0.0184208 0.0197877 0.0204351 0.0203821 0.019741 0.0186785 0.0173672 0.015948 0.0145098 0.0130916 0.0116986 0.0103236 0.00896399
pSPR Fmed_Fpbrs
0.460401   0.6 0.325
Fs Fmed_Fpbrs
0.64   0.366393 1.13905
SSBpbr Bo_Bmed_Bpbrs
2.01751e+06  827989  1.10963e+06 554816
Ro
53103.6
SPR SPRFo_SPRFmed_SPRFpbrs
1.09681e+06 504975 356465
log_Ro
10.7
likeval ReclasPelacesDesembMPH_pf_preclas_ppelaces_ptallas_desvR_qrecl_qpela
 95.9928 39.3166 0.0541876 51.3863 342.822 226.849 56.568 0 22.5189 5.82676e-05 1.39299e-05 1.86643e-15 0 0 0
q_reclas_q_pelaces
0.339028 1.70062
M
0.7
N
 60724.2 15249.7 5379.66 629.992 0.348765
 73905.9 27773.5 4978.92 1682.92 196.979
 45637.2 34517.7 10089.3 1751.97 660.966
 61887.9 20802.1 11075.6 3096.36 739.69
 93398.5 30241.3 9515.26 5023.93 1739.68
 67902.9 46216.4 14748.7 4632.08 3292.41
 105827 32410.8 18756.5 5863.75 3148.96
 124445 51205.2 14099.3 8050.01 3866.82
 167509 58621.5 19431.2 5205.65 4396.83
 151048 78831.7 22136.7 7135.61 3523.78
 77286.8 72165 32146.9 8847.67 4258.23
 43893.4 35564.7 24304.4 10406.5 4238.4
 39190.3 20402.3 12607.6 8324.86 5011.93
 20910.6 17599.4 6067.78 3558.67 3759.55
 16302.6 8670 3484.4 1093.82 1316.12
 13407.3 6750.68 1705.24 623.576 430.263
 9545.19 6115.29 2173.38 525.273 324.259
 15750 4344.7 1948.15 661.738 258.367
 25425.7 7287.39 1504.67 650.353 306.877
 34478.7 11984.9 2774.51 557.564 354.465
 41090.3 16419 4806.9 1088.83 357.722
 69065.6 20011.3 7382.9 2139.68 643.738
 87568.1 33442.6 8738.17 3181.84 1199.19
 116191 42314 14449.6 3722.34 1865.6
 47752.7 56109.6 18223.9 6133.51 2371.08
 76104.8 23121.2 24493.6 7851.46 3662.86
 168250 36800.8 10026.1 10475.5 4922.76
pred_Ctot
 3465.06 3847.81 1469.98 172.466 0.0954816
 3172.61 5459.33 1064.26 360.441 42.1902
 2708.07 9006.41 2848.98 495.634 186.996
 712.195 1185.53 693.022 194.175 46.3889
 237.476 389.473 134.929 71.4034 24.7268
 1899.66 6144.72 2142.02 674.14 479.191
 1953.74 2912.07 1846.27 578.44 310.65
 4613.53 8819.7 2645.46 1513.48 727.033
 6320.65 10260.1 3704.02 994.309 839.859
 4127.03 10253 3145.64 1016.1 501.804
 4094.46 17076.4 8247.59 2274.27 1094.62
 2027.34 7461.25 5539.4 2376.47 967.936
 2712.19 6059.94 4041.28 2673.25 1609.48
 2508.05 8014.3 2941.77 1727.82 1825.41
 1968.3 3966.71 1696.93 533.473 641.912
 789.675 1750.22 478.523 175.313 120.97
 575.368 1617.12 621.816 150.562 92.948
 776.259 965.213 469.757 159.873 62.423
 931.336 1241.56 279.292 120.961 57.0793
 1019.94 1678.18 424.17 85.418 54.3061
 570.552 1122.34 360.492 81.8361 26.8875
 1239.11 1749.57 707.273 205.423 61.8059
 1698.59 3149.69 901.355 328.919 123.971
 2305.38 4071.89 1522.71 393.106 197.03
 858.686 4916.29 1749.6 590.129 228.142
 1438.42 2124.48 2465.29 791.957 369.481
 4037.59 4238.91 1263.06 1322.46 621.494
F
 0.0822616 0.419348 0.462097 0.463163 0.463187
 0.0613222 0.312604 0.344472 0.345267 0.345285
 0.0856712 0.436729 0.481251 0.482361 0.482386
 0.0161159 0.0821548 0.0905299 0.0907387 0.0907434
 0.00354105 0.0180513 0.0198915 0.0199374 0.0199385
 0.0395853 0.201795 0.222367 0.22288 0.222891
 0.0259666 0.132371 0.145865 0.146201 0.146209
 0.0527607 0.26896 0.296378 0.297062 0.297078
 0.053723 0.273866 0.301784 0.30248 0.302496
 0.0386445 0.197 0.217082 0.217583 0.217594
 0.0761707 0.388298 0.427882 0.428869 0.428891
 0.0661178 0.337051 0.371411 0.372268 0.372287
 0.100565 0.512653 0.564914 0.566217 0.566246
 0.180388 0.919569 1.01331 1.01565 1.0157
 0.181682 0.926166 1.02058 1.02294 1.02299
 0.0850108 0.433362 0.477541 0.478642 0.478667
 0.0870804 0.443913 0.489167 0.490295 0.490321
 0.0706944 0.360382 0.39712 0.398036 0.398056
 0.0521152 0.265669 0.292752 0.293428 0.293443
 0.0418998 0.213594 0.235368 0.235911 0.235923
 0.0194743 0.0992747 0.109395 0.109647 0.109653
 0.0252262 0.128597 0.141706 0.142033 0.14204
 0.0272988 0.139162 0.153349 0.153702 0.15371
 0.0279313 0.142386 0.156902 0.157263 0.157272
 0.0252844 0.128893 0.142033 0.14236 0.142368
 0.0265914 0.135556 0.149375 0.149719 0.149727
 0.0338706 0.172663 0.190265 0.190704 0.190714
Np
 39156 18219.3 28785.3 5297.98 1904.83
YTP_r0W_actual
 62742.8 164488 70788.7 94638.7 49355.7
YTP_p0W_proyectada
 14601.8 361008 108566 37187 60786.4
 14601.8 81434.7 203236 47863.5 19097.9
CTP_r0_actual
 7651.56 7615.2 2254.42 2360.07 1109.12
CTP_p0_proyectada
 1780.71 16713.3 3457.52 927.356 1365.99
 1780.71 3770.13 6472.49 1193.6 429.166
Wmedp
 8.2 21.6 31.4 40.1 44.5
nmprior
 10.8 10.6 4.6 0
nm_flota  nm_reclas  nm_pelaces    nm_pelaL
inf 10.8588 16.6501 51.284
cv_recla  cv_pelaces  cv_mph
0.70708 0.343438 0.574753
 ------------------------------------------------
Talla a la edad & desviaci?n 
 7.2 14.2025 17.0495 18.207 18.6776
 1.08 2.13037 2.55742 2.73105 2.80164
