years
 1997 1998 1999 2000 2001 2002 2003 2004 2005 2006 2007 2008 2009 2010 2011 2012 2013 2014 2015 2016 2017 2018 2019 2020 2021 2022 2023
reclasobs
 0 0 0 370054 412103 1.49427e+06 250295 1.28982e+06 931140 785840 897777 1.04006e+06 184774 17550 25797 100020 73551 82996 120727 218422 84188 347160 605670 569463 516374 1.08416e+06 1.01767e+06
reclaspred
 5.05284e+06 627416 886140 209339 268784 430095 624897 641891 678596 880916 881172 719405 451186 124286 80684.3 97083 69847.4 78637.7 127395 177625 211457 254399 440372 513537 802619 545151 363708
pelacesobs
 0 0 0 0 0 0 0 0 0 2.06254e+06 1.5e+06 0 1.87456e+06 323000 250000 174000 83755 137374 0 501740 490994 745055 786931 1.00524e+06 1.33801e+06 1.41789e+06 0
pelacespred
 1.05733e+07 4.16577e+06 1.19458e+06 705283 877306 718293 2.04741e+06 1.72909e+06 1.81132e+06 2.42811e+06 1.93344e+06 1.75868e+06 1.05327e+06 265240 179550 181730 138327 178899 268572 340932 587652 610275 807489 1.16755e+06 1.61263e+06 1.31184e+06 577523
mphobs
 0 0 0 0 0 0 112323 0 153150 637223 0 255016 313432 73983 77613 109348 50772 17779 17303 59886 28197 0 207744 136588 643089 65757 70829
mphpred
 1.17313e+06 496011 235632 99292.9 63895.9 164773 171593 292446 275795 314534 374954 287651 204630 130123 61132.2 54554 34790.6 37540.1 32821.8 41972.7 49943.9 74011.7 92985.4 129561 183743 135762 120095
desembarqueobs
 350755 77701 442110 56441 14545 235359 269955 359681 431902 328805 639364 411747 362871 311530 167758 66681 60226 58785 57116 73181 50977 67692 138656 160484 209506 203330 245020
desembarquepred
 350743 77676 441545 56416.7 14543.3 235239 269869 358948 431299 328572 638027 410823 362192 311299 167177 66656 60205.1 58609.6 56990.9 73096.4 50966.1 67588.7 138590 160378 209333 203014 244730
Reclutas
 11961.5 20030.8 2462.38 5560.9 40492.1 10994 60408.1 56810.8 69526.9 100201 71889.5 62119.4 45067.7 29694.3 14029.6 7986.84 5840.54 8202.51 11245.6 7071.29 16441 21214 27099.8 47389.2 12918.1 33492 2402.95
log_desv_Rt
 -0.470548 0.0450255 -2.05111 -1.23649 0.748862 -0.554892 1.14888 1.08748 1.28947 1.65493 1.32289 1.17681 0.855922 0.43871 -0.311073 -0.874449 -1.18742 -0.847805 -0.532267 -0.996202 -0.152466 0.102415 0.347283 0.90615 -0.393615 0.559063 -2.07555
SSB
 1.51848e+06 642028 304997 128523 82705.7 213279 211753 370907 341948 394135 485334 372330 278085 113407 57397.9 50402.7 36375.6 35930.5 52980.3 73267.3 79440 113289 148595 192589 312245 247335 199901
BT
 2.07013e+06 785002 436924 187692 281336 317593 989136 905526 1.00473e+06 1.06091e+06 1.13304e+06 891850 663261 377832 201591 103904 91567.8 109448 122320 134756 214870 196194 279016 441570 468098 488048 290026
Ftot
 0.167452 0.303466 1.08824 0.652386 0.193908 1.21456 1.47332 1.52481 1.76373 1.10307 1.76786 1.4711 1.94405 4.71688 4.3301 1.6336 2.09914 2.07698 1.21337 1.00906 0.705072 0.6989 0.794795 0.871739 0.627147 0.965054 1.40439
BD_Bspro_t
 0.974233 0.817994 0.591725 0.245137 0.288701 0.559577 0.386947 0.465197 0.39619 0.387826 0.398832 0.282106 0.226226 0.114545 0.0700444 0.0759327 0.0782951 0.108436 0.190061 0.292172 0.335356 0.482638 0.508152 0.498673 0.54576 0.413428 0.358363
BD_Bspro
 3.83935 1.62331 0.771158 0.324958 0.209114 0.539256 0.535397 0.937805 0.864584 0.996535 1.22712 0.941402 0.703114 0.28674 0.145125 0.127439 0.0919725 0.090847 0.133956 0.18525 0.200857 0.286441 0.375708 0.486944 0.789483 0.625363 0.505431
BD_Bo
 2.44004 1.03167 0.490097 0.206522 0.132899 0.342715 0.340263 0.596007 0.549473 0.633332 0.779878 0.598293 0.446853 0.182233 0.0922321 0.0809915 0.0584516 0.0577364 0.0851335 0.117733 0.127651 0.182043 0.238775 0.309469 0.501744 0.39744 0.321219
BD_Brms
 4.43643 1.87576 0.891085 0.375495 0.241635 0.623119 0.61866 1.08365 0.999041 1.15151 1.41796 1.08781 0.812459 0.331333 0.167695 0.147257 0.106276 0.104975 0.154788 0.214059 0.232093 0.330987 0.434137 0.562671 0.912261 0.722617 0.584034
S_f
 0.0941803 1 1 1 1
 0.0941803 1 1 1 1
 0.0941803 1 1 1 1
 0.0941803 1 1 1 1
 0.0941803 1 1 1 1
 0.0941803 1 1 1 1
 0.0941803 1 1 1 1
 0.0941803 1 1 1 1
 0.0941803 1 1 1 1
 0.0941803 1 1 1 1
 0.0941803 1 1 1 1
 0.0941803 1 1 1 1
 0.0941803 1 1 1 1
 0.0941803 1 1 1 1
 0.0941803 1 1 1 1
 0.0941803 1 1 1 1
 0.0941803 1 1 1 1
 0.0941803 1 1 1 1
 0.0941803 1 1 1 1
 0.0941803 1 1 1 1
 0.0941803 1 1 1 1
 0.0941803 1 1 1 1
 0.0941803 1 1 1 1
 0.0941803 1 1 1 1
 0.0941803 1 1 1 1
 0.0941803 1 1 1 1
 0.0941803 1 1 1 1
Scru_reclas
 0.254054 1 1 1 1
 0.254054 1 1 1 1
 0.254054 1 1 1 1
 0.254054 1 1 1 1
 0.254054 1 1 1 1
 0.254054 1 1 1 1
 0.254054 1 1 1 1
 0.254054 1 1 1 1
 0.254054 1 1 1 1
 0.254054 1 1 1 1
 0.254054 1 1 1 1
 0.254054 1 1 1 1
 0.254054 1 1 1 1
 0.254054 1 1 1 1
 0.254054 1 1 1 1
 0.254054 1 1 1 1
 0.254054 1 1 1 1
 0.254054 1 1 1 1
 0.254054 1 1 1 1
 0.254054 1 1 1 1
 0.254054 1 1 1 1
 0.254054 1 1 1 1
 0.254054 1 1 1 1
 0.254054 1 1 1 1
 0.254054 1 1 1 1
 0.254054 1 1 1 1
 0.254054 1 1 1 1
Scru_pelaces
 0.326924 0.849069 0.984884 0.998677 0.999886
 0.326924 0.849069 0.984884 0.998677 0.999886
 0.326924 0.849069 0.984884 0.998677 0.999886
 0.326924 0.849069 0.984884 0.998677 0.999886
 0.326924 0.849069 0.984884 0.998677 0.999886
 0.326924 0.849069 0.984884 0.998677 0.999886
 0.326924 0.849069 0.984884 0.998677 0.999886
 0.326924 0.849069 0.984884 0.998677 0.999886
 0.326924 0.849069 0.984884 0.998677 0.999886
 0.326924 0.849069 0.984884 0.998677 0.999886
 0.326924 0.849069 0.984884 0.998677 0.999886
 0.326924 0.849069 0.984884 0.998677 0.999886
 0.326924 0.849069 0.984884 0.998677 0.999886
 0.326924 0.849069 0.984884 0.998677 0.999886
 0.326924 0.849069 0.984884 0.998677 0.999886
 0.326924 0.849069 0.984884 0.998677 0.999886
 0.326924 0.849069 0.984884 0.998677 0.999886
 0.326924 0.849069 0.984884 0.998677 0.999886
 0.326924 0.849069 0.984884 0.998677 0.999886
 0.326924 0.849069 0.984884 0.998677 0.999886
 0.326924 0.849069 0.984884 0.998677 0.999886
 0.326924 0.849069 0.984884 0.998677 0.999886
 0.326924 0.849069 0.984884 0.998677 0.999886
 0.326924 0.849069 0.984884 0.998677 0.999886
 0.326924 0.849069 0.984884 0.998677 0.999886
 0.326924 0.849069 0.984884 0.998677 0.999886
 0.326924 0.849069 0.984884 0.998677 0.999886
pf_obs 
 0.256992 0.487395 0.22802 0.0275931 0
 0.321318 0.546541 0.124235 0.00734118 0.000564706
 0.182869 0.594174 0.210203 0.0122559 0.00049798
 0.330522 0.361315 0.267642 0.0388342 0.00168674
 0.649043 0.306663 0.0425973 0.00169635 0
 0.582887 0.30429 0.105238 0.00758474 0
 0.465427 0.430635 0.0974691 0.00646863 0
 0.296916 0.608066 0.0921331 0.00288517 0
 0.311714 0.524322 0.152257 0.0117073 0
 0.15457 0.633149 0.183074 0.0267441 0.00246327
 0.131901 0.49318 0.331252 0.0422183 0.00144891
 0.196976 0.569456 0.194076 0.0375587 0.00193317
 0.518974 0.381816 0.0799577 0.0180837 0.00116848
 0.0928022 0.601141 0.25162 0.0475244 0.00691264
 0.122501 0.610282 0.24278 0.0234846 0.000952079
 0.383417 0.481906 0.127806 0.00687128 0
 0.0376549 0.599619 0.316969 0.0457579 0
 0.0361596 0.667082 0.258105 0.0386534 0
 0.158088 0.579412 0.248529 0.0139706 0
 0.0477256 0.309471 0.559284 0.082774 0.000745712
 0.0406174 0.521527 0.379366 0.0568643 0.0016247
 0.151134 0.462217 0.34131 0.0453401 0
 0.294876 0.26143 0.354403 0.0886775 0.000613685
 0.281977 0.475581 0.204845 0.0348837 0.00271318
 0.0841818 0.532909 0.334909 0.0458182 0.00218182
 0.115287 0.27431 0.454777 0.147771 0.00785563
 0 0 0 0 0
pf_pred 
 0.0199269 0.636598 0.303021 0.0404514 2.08879e-06
 0.0646544 0.17811 0.491856 0.234124 0.0312556
 0.0161019 0.454563 0.100797 0.278353 0.150185
 0.12685 0.209347 0.306679 0.0680043 0.28912
 0.520747 0.328609 0.0361184 0.0529111 0.0616144
 0.0695044 0.862795 0.0464206 0.00510223 0.0161783
 0.541145 0.279008 0.166762 0.0089722 0.00411312
 0.250161 0.724551 0.0153764 0.00919038 0.000721143
 0.30128 0.624124 0.0720803 0.00152969 0.000986024
 0.30721 0.641689 0.0456449 0.00527155 0.000183985
 0.196126 0.720315 0.0773963 0.00550539 0.000658011
 0.219722 0.684231 0.0860637 0.00924737 0.000736407
 0.206736 0.691979 0.0888171 0.0111716 0.00129595
 0.303251 0.623535 0.0638661 0.00819736 0.00115069
 0.297526 0.695671 0.00608821 0.000623591 9.12747e-05
 0.217748 0.771853 0.010299 9.01327e-05 1.05832e-05
 0.219138 0.688663 0.0909739 0.00121389 1.18708e-05
 0.366268 0.576854 0.0501623 0.00662655 8.92845e-05
 0.316491 0.651846 0.0288216 0.00250628 0.000335546
 0.148445 0.771296 0.076541 0.00338429 0.000333693
 0.32466 0.514817 0.145393 0.0144284 0.000700859
 0.230257 0.678474 0.0695753 0.0196492 0.00204465
 0.221878 0.63941 0.122264 0.0125378 0.00390934
 0.288069 0.585659 0.103763 0.0198409 0.00266902
 0.0583932 0.822061 0.0983424 0.0174236 0.0037798
 0.261635 0.353436 0.336058 0.0402023 0.00866793
 0.0205162 0.846303 0.0637501 0.0606156 0.00881484
pobs_RECLAS
 0 0 0 0 0
 0 0 0 0 0
 0 0 0 0 0
 0 0 0 0 0
 0.835266 0.146461 0.0176864 0.000547809 3.91292e-05
 0.385257 0.428462 0.181853 0.0044286 0
 0.867414 0.0963971 0.0333333 0.00285562 0
 0.441836 0.489002 0.0689373 0.000224442 0
 0.779404 0.147425 0.0564933 0.0165055 0.000172143
 0.814271 0.122319 0.05973 0.00367925 0
 0.40263 0.566651 0.0304383 0.000280538 0
 0.475488 0.404961 0.113038 0.00651328 0
 0.955842 0.0263864 0.0167828 0.000988607 0
 0.975058 0.0227948 0.00214734 0 0
 0.738997 0.206755 0.0527124 0.00153531 0
 0.850938 0.134255 0.0134407 0.00136685 0
 0.542534 0.407297 0.0501686 0 0
 0.764087 0.199537 0.0359546 0.000420521 0
 0.470689 0.182191 0.310203 0.0369168 0
 0.84361 0.089868 0.0606195 0.00523954 0.000663233
 0.607945 0.314616 0.071237 0.00620181 0
 0.523733 0.453247 0.0230204 0 0
 0.530135 0.295979 0.169645 0.0042399 0
 0.562478 0.366248 0.0663022 0.0049721 0
 0.250443 0.683176 0.0655157 0.000865301 0
 0.195077 0.31981 0.436473 0.0351445 0.0134964
 0.565238 0.351407 0.0832357 0.000118908 0
ppred_RECLAS
 0.0524847 0.615451 0.292955 0.0391076 2.0194e-06
 0.159771 0.159998 0.441839 0.210316 0.0280772
 0.0466603 0.440445 0.0976663 0.269708 0.14552
 0.291992 0.169752 0.248676 0.0551424 0.234438
 0.747825 0.172909 0.019005 0.027841 0.0324206
 0.185253 0.755468 0.0406461 0.00446754 0.0141658
 0.788805 0.128418 0.0767545 0.00412959 0.00189312
 0.515857 0.467815 0.00992796 0.00593388 0.000465615
 0.589353 0.366806 0.0423625 0.000899016 0.000579499
 0.570607 0.397721 0.0282908 0.00326732 0.000114034
 0.448326 0.49433 0.0531147 0.00377818 0.000451573
 0.471316 0.463607 0.0583132 0.00626563 0.000498959
 0.472859 0.459835 0.059021 0.00742375 0.000861188
 0.754169 0.219999 0.0225336 0.00289224 0.000405992
 0.726246 0.271103 0.00237258 0.000243013 3.55698e-05
 0.475199 0.517824 0.00690946 6.04687e-05 7.10011e-06
 0.498937 0.441901 0.0583761 0.000778927 7.61726e-06
 0.67123 0.299263 0.0260234 0.00343775 4.63194e-05
 0.584933 0.395839 0.0175022 0.00152196 0.000203764
 0.340325 0.5975 0.0592941 0.00262171 0.000258502
 0.578469 0.321337 0.090751 0.00900584 0.000437459
 0.460434 0.475589 0.0487701 0.0137735 0.00143323
 0.451185 0.450981 0.0862338 0.00884299 0.00275729
 0.540682 0.377851 0.0669447 0.0128008 0.00172197
 0.149363 0.742641 0.0888414 0.0157402 0.00341463
 0.510469 0.234326 0.222805 0.0266539 0.00574678
 0.061571 0.810831 0.061078 0.0580749 0.00844537
pobs_PELACES
 0 0 0 0 0
 0 0 0 0 0
 0 0 0 0 0
 0 0 0 0 0
 0 0 0 0 0
 0 0 0 0 0
 0 0 0 0 0
 0 0 0 0 0
 0 0 0 0 0
 0 0 0 0 0
 0.450072 0.473896 0.0757376 0.000293798 0
 0 0 0 0 0
 0.463077 0.371075 0.160297 0.00555027 0
 0.529543 0.364841 0.0842815 0.0213345 0
 0.631943 0.363953 0.00410389 0 0
 0.735681 0.248677 0.0153453 0.000297389 0
 0.695825 0.281241 0.0229344 0 0
 0.275771 0.60734 0.115278 0.00161068 0
 0 0 0 0 0
 0.896147 0.0623911 0.0374545 0.00400742 0
 0.803859 0.145111 0.0509908 3.86294e-05 0
 0.739449 0.233085 0.0266225 0.000797448 4.60066e-05
 0.878498 0.100942 0.0204185 0.000141795 0
 0.694673 0.275183 0.0284847 0.00165964 0
 0.469039 0.446079 0.0841089 0.000773354 0
 0.822795 0.102175 0.0682046 0.00682512 0
 0 0 0 0 0
ppred_PELACES
 0.0770835 0.567291 0.313224 0.042399 2.19201e-06
 0.217667 0.131352 0.420753 0.203084 0.0271446
 0.0858627 0.386275 0.0993554 0.278215 0.150292
 0.402271 0.126968 0.215752 0.0485117 0.206497
 0.818747 0.117874 0.0150283 0.0223237 0.0260272
 0.328656 0.615096 0.0383873 0.00427836 0.0135824
 0.89213 0.0616937 0.0427722 0.00233348 0.00107103
 0.716963 0.271966 0.00669486 0.00405751 0.000318767
 0.783691 0.18996 0.0254478 0.000547614 0.000353416
 0.734582 0.242943 0.0200454 0.00234747 8.20294e-05
 0.67265 0.288491 0.035956 0.00259346 0.000310348
 0.672821 0.281308 0.0410432 0.00447177 0.000356537
 0.704281 0.252734 0.0376279 0.00479918 0.0005574
 0.949303 0.0446105 0.00530016 0.000689814 9.69484e-05
 0.936091 0.0631916 0.000641487 6.6625e-05 9.76367e-06
 0.690551 0.304686 0.00471581 4.18487e-05 4.91974e-06
 0.735028 0.229348 0.0351437 0.000475499 4.65561e-06
 0.850175 0.134425 0.0135592 0.00181628 2.45018e-05
 0.752893 0.23391 0.0119968 0.00105783 0.000141796
 0.510135 0.437075 0.0503119 0.00225571 0.000222684
 0.712054 0.21139 0.0692495 0.00696834 0.000338897
 0.609895 0.337297 0.0401213 0.0114896 0.00119703
 0.605643 0.314966 0.0698594 0.00726417 0.00226774
 0.692319 0.246002 0.0505565 0.00980248 0.00132024
 0.239247 0.650712 0.0902957 0.016222 0.00352339
 0.660394 0.149897 0.165325 0.0200547 0.00432918
 0.12886 0.73583 0.0642946 0.0619895 0.00902554
pobs_pel_tallas
 0 0 0 0 0 0 0 0 0 0 0 0 0 0 0 0 0 0 0 0 0 0 0 0 0 0 0 0 0 0 0 0 0 0 0 0
 0 0 0 0 0 0 0 0 0 0 0 0 0 0 0 0 0 0 0 0 0 0 0 0 0 0 0 0 0 0 0 0 0 0 0 0
 0 0 0 0 0 0 0 0 0 0 0 0 0 0 0 0 0 0 0 0 0 0 0 0 0 0 0 0 0 0 0 0 0 0 0 0
 0 0 0 0 0 0 0 0 0 0 0 0 0 0 0 0 0 0 0 0 0 0 0 0 0 0 0 0 0 0 0 0 0 0 0 0
 0 0 0 0 0 0 0 0 0 0 0 0 0 0 0 0 0 0 0 0 0 0 0 0 0 0 0 0 0 0 0 0 0 0 0 0
 0 0 0 0 0 0 0 0 0 0 0 0 0 0 0 0 0 0 0 0 0 0 0 0 0 0 0 0 0 0 0 0 0 0 0 0
 0 0 0 0 0 0 0 0 0 0 0 0 0 0 0 0 0 0 0 0 0 0 0 0 0 0 0 0 0 0 0 0 0 0 0 0
 0 0 0 0 0 0 0 0 0 0 0 0 0 0 0 0 0 0 0 0 0 0 0 0 0 0 0 0 0 0 0 0 0 0 0 0
 0 0 0 0 0 0 0 0 0 0 0 0 0 0 0 0 0 0 0 0 0 0 0 0 0 0 0 0 0 0 0 0 0 0 0 0
 0 0 0 0 0 0 0 0 0 0 0 0 0 0 0 0 0 0 0 0 0 0 0 0 0 0 0 0 0 0 0 0 0 0 0 0
 0 0 0 0 0 0 0 0 1.78061e-05 0.00172719 0.00360574 0.0105946 0.0120993 0.0124554 0.0147524 0.0171206 0.0266825 0.0428682 0.0675386 0.121331 0.153587 0.119568 0.100827 0.0573624 0.0630603 0.0341343 0.0324427 0.0444173 0.0211091 0.0280891 0.0125444 0.00206551 0 0 0 0
 0 0 0 0 0 0 0 0 0 0 0 0 0 0 0 0 0 0 0 0 0 0 0 0 0 0 0 0 0 0 0 0 0 0 0 0
 0 0 0 0 0 0 0.0133647 0.0140871 0.0187388 0.0205184 0.03894 0.0496705 0.03968 0.0493445 0.0407372 0.0367815 0.0215668 0.0243155 0.0234873 0.0199281 0.019796 0.0243948 0.0301388 0.0376714 0.0412746 0.0863199 0.0771752 0.113111 0.0741005 0.0525337 0.0229764 0.00759418 0.00175318 0 0 0
 0 0 0 0 0 0 0 0 0 0 0.00219441 0.00772107 0.0458388 0.0604681 0.0671733 0.0775358 0.0609151 0.0617685 0.073594 0.0568108 0.0755445 0.0548602 0.0670107 0.0636378 0.0643287 0.046367 0.0373049 0.0286899 0.0247887 0.0153202 0.00654259 0.00121912 0.000365735 0 0 0
 0 0 0 0 0 0 0 0 0 0 0 0 0.000112435 0.00938835 0.0111873 0.0202946 0.0414886 0.0713402 0.111592 0.104902 0.108894 0.110636 0.117776 0.105296 0.107544 0.0401394 0.0192827 0.0124803 0.00416011 0.0028671 0.000618394 0 0 0 0 0
 0 0 0 0 0 0 0 0 0 0 0.00291406 0.0102884 0.027416 0.0768956 0.0749926 0.110853 0.0956884 0.0897413 0.0766577 0.0534642 0.0500743 0.0551293 0.0594112 0.0620874 0.0668451 0.0424026 0.0208742 0.0120726 0.0048766 0.00582813 0.00118941 0.000297354 0 0 0 0
 0 0.00264628 0.0354308 0.0461629 0.0458689 0.0383711 0.0214643 0.0164657 0.0346957 0.0420465 0.0363128 0.0245516 0.0311673 0.0291091 0.0169068 0.0133784 0.00837989 0.0085269 0.0148486 0.0160247 0.0276389 0.0546898 0.0760071 0.122758 0.109233 0.0665981 0.0333725 0.0166128 0.00676272 0.00308733 0.000882094 0 0 0 0 0
 0 0 0 0 0 0 0 0.000805153 0.000690131 0.00759144 0.0133425 0.0154129 0.00931677 0.000345066 0.00356568 0.00563607 0.00851162 0.0253048 0.0502646 0.0516448 0.0657925 0.0565908 0.0611916 0.0827007 0.0866115 0.110766 0.145733 0.0935128 0.0569358 0.0249597 0.0138026 0.00621118 0.00161031 0.00115022 0 0
 0 0 0 0 0 0 0 0 0 0 0 0 0 0 0 0 0 0 0 0 0 0 0 0 0 0 0 0 0 0 0 0 0 0 0 0
 0.00147267 0.00158595 0.00478618 0.00569244 0.00954404 0.0108468 0.00647125 0.017049 0.0510054 0.094081 0.124002 0.0959785 0.0687766 0.0820023 0.061753 0.0591476 0.0492212 0.0479892 0.0443925 0.0268479 0.0217502 0.0140895 0.0121071 0.0120363 0.00920419 0.00665534 0.0049561 0.00860946 0.00930331 0.0156896 0.0114698 0.00855282 0.00243557 0.00046729 0 2.83206e-05
 0 0 0 0 0.000772559 0.00158375 0.000888443 0.00281984 0.00712685 0.0440552 0.0773331 0.111326 0.0921469 0.0852325 0.0710754 0.0886704 0.0786465 0.0553345 0.0373146 0.0185414 0.00753245 0.00457741 0.012979 0.0271748 0.0457355 0.0583668 0.034881 0.0177882 0.00938659 0.00492506 0.0015258 0.00185414 0.000309023 5.79419e-05 3.86279e-05 0
 0 0.00173294 0.00326652 0 0.00397197 0.00683976 0.00946217 0.0152591 0.00757587 0.0136028 0.0228656 0.0392903 0.0559909 0.0764795 0.0681675 0.0726916 0.0566044 0.0477403 0.0527397 0.0444891 0.0609904 0.0582453 0.0661739 0.0445044 0.0529084 0.0360697 0.0280645 0.0235558 0.0158879 0.00826598 0.00280645 0.00217768 0.000904811 0.00058276 9.20147e-05 0
 0 0 0 0 0 0 0 0 0 0 0 0 0 0 0 0 0 0 0 0 0 0 0 0 0 0 0 0 0 0 0 0 0 0 0 0
 0 0 0 0 0 0 0 0 0 0 0 0 0 0 0 0 0 0 0 0 0 0 0 0 0 0 0 0 0 0 0 0 0 0 0 0
 0 0 0 0 0 0 0 0 0 0 0 0 0 0 0 0 0 0 0 0 0 0 0 0 0 0 0 0 0 0 0 0 0 0 0 0
 0 0 0 0 0 0 0 0 0 0 0 0 0 0 0 0 0 0 0 0 0 0 0 0 0 0 0 0 0 0 0 0 0 0 0 0
 0 0 0 0 0 0 0 0 0 0 0 0 0 0 0 0 0 0 0 0 0 0 0 0 0 0 0 0 0 0 0 0 0 0 0 0
ppred_pel_tallas
 1.06088e-16 3.39759e-06 1.98542e-05 9.4197e-05 0.000362361 0.00112971 0.00285418 0.00584461 0.00970556 0.0130872 0.0143811 0.0130174 0.0100438 0.00732804 0.00630372 0.00747359 0.0107483 0.0159112 0.0227642 0.0310259 0.0402038 0.0495633 0.0582078 0.0652391 0.0699428 0.0719338 0.0712193 0.068154 0.063319 0.057365 0.0508784 0.0443037 0.0379305 0.0319241 0.0263754 0.0213416
 1.14262e-16 9.51002e-06 5.57796e-05 0.000265079 0.00102045 0.00318205 0.00803768 0.0164472 0.0272673 0.0366323 0.0398977 0.035275 0.0254322 0.0152131 0.00809092 0.00480665 0.00443562 0.00588274 0.00852412 0.0121334 0.0166339 0.0219375 0.0278849 0.0342391 0.0407018 0.046935 0.0525849 0.0573021 0.0607653 0.0627092 0.0629559 0.0614471 0.0582653 0.0536354 0.0479031 0.0414908
 1.18119e-16 3.77189e-06 2.20713e-05 0.000104781 0.000403184 0.00125708 0.00317566 0.00650093 0.010788 0.0145242 0.0159008 0.0142531 0.0106999 0.0072499 0.00540483 0.00561335 0.00766794 0.011255 0.0161582 0.0221836 0.0290396 0.0362917 0.0434029 0.0498313 0.0551413 0.0590857 0.0616314 0.0629167 0.0631643 0.062584 0.0613035 0.05935 0.056681 0.053243 0.0490325 0.0441349
 1.1442e-16 1.75587e-05 0.000103035 0.000489741 0.00188546 0.00587957 0.0148513 0.0303883 0.0503741 0.0676574 0.0736415 0.0649972 0.0466156 0.0273867 0.013639 0.00662227 0.00448097 0.00502994 0.00696124 0.00973597 0.013156 0.0170931 0.0213938 0.0258713 0.0303253 0.0345617 0.0384043 0.0416941 0.0442837 0.0460347 0.0468238 0.0465608 0.0452124 0.0428212 0.0395138 0.0354932
 1.02236e-16 3.57186e-05 0.00020965 0.000996604 0.00383702 0.0119654 0.0302236 0.061841 0.102506 0.137656 0.14978 0.132075 0.0944525 0.0549393 0.0263192 0.0110074 0.00507258 0.0038995 0.00466738 0.00615731 0.00790777 0.00968283 0.0112872 0.0125455 0.0133298 0.0135865 0.0133457 0.0127073 0.0118096 0.0107921 0.00976533 0.0087946 0.00790122 0.00707531 0.00629351 0.00553448
 1.01527e-16 1.43686e-05 8.42609e-05 0.000400388 0.00154126 0.00480607 0.0121404 0.024845 0.0411995 0.0553784 0.0603909 0.0535739 0.0390148 0.0241101 0.0142048 0.0105175 0.0117119 0.016099 0.0225447 0.030312 0.0386842 0.0467852 0.0536244 0.0582714 0.0600677 0.0587857 0.054685 0.0484367 0.0409518 0.0331673 0.0258615 0.0195448 0.0144403 0.0105346 0.00766463 0.00560564
 1.00758e-16 3.89163e-05 0.000228428 0.00108589 0.0041808 0.0130375 0.0329316 0.0673812 0.111687 0.14998 0.163173 0.143848 0.10279 0.0596248 0.028256 0.011287 0.00440616 0.00256555 0.00269142 0.00348313 0.00449684 0.00556128 0.00656199 0.00739741 0.00798637 0.00828203 0.00827884 0.0080085 0.0075277 0.00690225 0.00619338 0.00544978 0.00470614 0.0039859 0.00330569 0.00267867
 1.00339e-16 3.12866e-05 0.000183616 0.000872805 0.00336031 0.0104788 0.0264687 0.0541592 0.089778 0.120578 0.131237 0.115817 0.0830293 0.0487051 0.0241001 0.0113999 0.00722856 0.00758605 0.00999273 0.013297 0.0169254 0.0204283 0.0233557 0.0252955 0.0259598 0.0252541 0.023302 0.0204103 0.0169927 0.0134728 0.0102019 0.00740889 0.00519167 0.00353967 0.00237327 0.00158377
 1.00459e-16 3.4193e-05 0.000200687 0.000953977 0.00367287 0.0114535 0.0289306 0.059196 0.0981241 0.131778 0.143402 0.126494 0.0905543 0.0528596 0.0256741 0.0113418 0.00613001 0.00563961 0.00716528 0.00950013 0.0121223 0.0146911 0.0168868 0.0184174 0.0190739 0.0187781 0.0176005 0.0157384 0.0134641 0.0110613 0.00876845 0.0067462 0.00507071 0.00374814 0.00273983 0.00198741
 1.00449e-16 3.20537e-05 0.000188123 0.000894234 0.00344282 0.0107361 0.0271186 0.0554889 0.0919811 0.123534 0.134446 0.11863 0.0850039 0.0497792 0.0244756 0.0113181 0.00683461 0.00691918 0.0090344 0.0120193 0.0153225 0.0185348 0.0212521 0.023104 0.0238278 0.0233309 0.0217128 0.0192361 0.0162592 0.013152 0.0102238 0.00767967 0.00561227 0.00402148 0.00284772 0.00200586
 1.00709e-16 2.93551e-05 0.000172275 0.000818883 0.00315269 0.00983131 0.0248333 0.0508132 0.0842324 0.113134 0.123143 0.108695 0.0779687 0.0458282 0.0228477 0.0110951 0.00742118 0.00808793 0.0107749 0.0143937 0.0183811 0.0222736 0.025596 0.0279067 0.0288896 0.0284271 0.0266278 0.0237929 0.0203374 0.0166922 0.0132196 0.0101628 0.00763569 0.00564595 0.0041329 0.00300627
 1.00845e-16 2.93623e-05 0.000172318 0.000819087 0.00315348 0.00983378 0.0248395 0.0508259 0.0842532 0.113161 0.123171 0.108716 0.0779761 0.0458166 0.0228126 0.01103 0.00731651 0.00793249 0.0105584 0.0141104 0.0180336 0.0218757 0.0251735 0.0274957 0.0285315 0.0281626 0.0264893 0.0237988 0.020489 0.0169746 0.0136049 0.0106153 0.00811819 0.00612447 0.00458039 0.00340421
 1.00808e-16 3.07329e-05 0.000180367 0.000857362 0.00330085 0.0102934 0.0260004 0.0532009 0.088189 0.118443 0.128911 0.113758 0.0815406 0.0478064 0.0236093 0.011093 0.00693994 0.00722277 0.00951309 0.0126939 0.0162228 0.0196833 0.0226574 0.0247577 0.0257044 0.0253906 0.0239055 0.0215059 0.018548 0.015403 0.0123836 0.00970057 0.00745467 0.00565597 0.00425693 0.0031852
 1.00119e-16 4.14085e-05 0.000243061 0.00115546 0.00444868 0.0138729 0.0350416 0.0716984 0.118843 0.159586 0.173618 0.153041 0.109327 0.0633508 0.0298971 0.0117223 0.00422382 0.00201639 0.00182014 0.00225025 0.00284469 0.00344338 0.00395661 0.00431385 0.004466 0.004395 0.00411771 0.00368075 0.00314826 0.00258682 0.00205227 0.00158199 0.00119338 0.000887371 0.000654426 0.000480499
 1.00033e-16 4.08331e-05 0.000239682 0.00113939 0.0043868 0.0136799 0.0345542 0.0707012 0.11719 0.157369 0.17121 0.150929 0.107841 0.0625359 0.0295989 0.0117562 0.00447649 0.00245385 0.00245262 0.00309738 0.00391313 0.00471455 0.00538205 0.0058178 0.00595498 0.00577237 0.0052997 0.00460965 0.00379977 0.0029699 0.00220273 0.00155214 0.00104098 0.000666348 0.000408821 0.0002419
 1.00168e-16 3.01363e-05 0.00017686 0.000840677 0.00323659 0.010093 0.0254942 0.0521657 0.0864745 0.116145 0.126422 0.111592 0.080052 0.0470627 0.0234809 0.0114294 0.00767405 0.00837319 0.0111368 0.0148354 0.0188746 0.0227612 0.0259921 0.028106 0.0287812 0.0279147 0.0256485 0.0223321 0.0184343 0.0144358 0.010735 0.00759169 0.00511679 0.0032974 0.00204119 0.00122169
 1.00591e-16 3.20727e-05 0.000188235 0.00089477 0.00344489 0.0107426 0.0271349 0.0555221 0.0920358 0.123607 0.134522 0.11869 0.0850325 0.0497665 0.0244151 0.0112001 0.00664338 0.00663547 0.00864067 0.0115067 0.0146981 0.0178261 0.0205088 0.0223935 0.0232262 0.0229098 0.0215261 0.0193096 0.0165859 0.0136946 0.0109226 0.00846399 0.00641254 0.00477874 0.00351963 0.0025685
 1.003e-16 3.70897e-05 0.000217698 0.00103486 0.00398432 0.0124248 0.0313839 0.0642151 0.106442 0.142942 0.155533 0.137153 0.0980952 0.0570798 0.0273845 0.0115196 0.00540383 0.0042425 0.00509884 0.00669256 0.00852251 0.0103162 0.0118417 0.0128926 0.0133223 0.0130781 0.0122128 0.0108693 0.00924328 0.0075375 0.0059216 0.00450863 0.00335054 0.00244874 0.00177244 0.00127698
 1.0029e-16 3.28518e-05 0.000192809 0.000916515 0.00352861 0.0110036 0.0277944 0.0568715 0.0942724 0.12661 0.13779 0.121571 0.0870916 0.0509615 0.0249817 0.0114253 0.00672574 0.00666896 0.00865235 0.0114904 0.0146303 0.0176715 0.020224 0.0219319 0.022545 0.0219788 0.0203355 0.017875 0.0149494 0.0119209 0.00909116 0.00665852 0.00471036 0.00324197 0.00218965 0.00146432
 1.00945e-16 2.22748e-05 0.000130693 0.000621169 0.00239139 0.00745719 0.0188366 0.0385448 0.0639018 0.0858471 0.0934946 0.0826495 0.0595569 0.0355519 0.0187366 0.0107764 0.00937743 0.0117698 0.0161956 0.021737 0.0277649 0.0336295 0.0386199 0.0420694 0.0435001 0.0427372 0.0399493 0.0355972 0.0303146 0.0247589 0.0194823 0.0148542 0.0110472 0.00807025 0.00582776 0.00417839
 1.01308e-16 3.10702e-05 0.000182351 0.000866802 0.00333721 0.0104068 0.0262867 0.0537865 0.0891586 0.119742 0.130315 0.114975 0.0823634 0.0481903 0.0236168 0.0107945 0.00635542 0.00632273 0.00824922 0.0110334 0.0141761 0.0173227 0.020123 0.0222469 0.0234461 0.0236075 0.0227747 0.0211272 0.0189284 0.0164605 0.0139676 0.0116227 0.00952151 0.00769631 0.00613951 0.0048258
 1.01131e-16 2.66207e-05 0.000156217 0.000742532 0.0028587 0.00891452 0.0225176 0.0460755 0.0763811 0.102595 0.111691 0.0986298 0.0708436 0.041831 0.021209 0.0108866 0.00804206 0.00930968 0.0125876 0.0168586 0.0215442 0.0261226 0.0300432 0.0327918 0.0339992 0.0335278 0.0315026 0.0282723 0.024317 0.0201346 0.0161421 0.0126175 0.00968942 0.00736395 0.0055701 0.0042048
 1.0145e-16 2.64344e-05 0.000155125 0.000737347 0.00283874 0.00885228 0.0223604 0.0457537 0.0758471 0.101877 0.110904 0.0979261 0.0703181 0.0414807 0.0209584 0.0106411 0.0077225 0.00886004 0.0119731 0.0160672 0.0205929 0.0250639 0.0289657 0.0318131 0.033249 0.0331257 0.0315354 0.0287762 0.0252705 0.0214628 0.0177314 0.0143359 0.0114081 0.00897443 0.0069949 0.00540087
 1.01197e-16 3.02111e-05 0.000177304 0.0008428 0.00324479 0.0101185 0.0255587 0.0522973 0.0866911 0.116432 0.126721 0.111826 0.080155 0.0469934 0.0232071 0.0109041 0.00682455 0.00711046 0.00937861 0.0125365 0.0160576 0.0195392 0.022576 0.0247892 0.0259013 0.0257988 0.0245554 0.0224052 0.0196789 0.0167235 0.013833 0.0112082 0.00894906 0.00707327 0.00554712 0.00431527
 1.02216e-16 1.04715e-05 6.1378e-05 0.000291592 0.00112236 0.00349972 0.00884068 0.018094 0.0300107 0.0403579 0.0440607 0.0392054 0.0288078 0.0183121 0.0116894 0.00992139 0.0121299 0.0171546 0.0241819 0.0326007 0.0417123 0.0506095 0.0582477 0.0636348 0.0660542 0.0652336 0.0614061 0.0552355 0.0476406 0.0395771 0.0318479 0.0249917 0.0192629 0.0146819 0.011121 0.00839059
 1.03288e-16 2.88154e-05 0.000169118 0.000803902 0.00309505 0.00965161 0.0243792 0.0498832 0.0826872 0.111048 0.120845 0.106602 0.0763258 0.0445795 0.0217046 0.00968831 0.00540363 0.00517054 0.00674555 0.00915568 0.0120084 0.0150584 0.0180615 0.0207675 0.0229563 0.024474 0.0252526 0.0253054 0.024706 0.023559 0.0219759 0.0200619 0.0179145 0.0156272 0.0132945 0.0110104
 1.03705e-16 5.66142e-06 3.31311e-05 0.000157286 0.00060522 0.00188702 0.00476726 0.00976008 0.0161997 0.0218201 0.0239143 0.0214977 0.0162691 0.011271 0.0087887 0.00952313 0.0131696 0.0192204 0.0272441 0.0367537 0.047024 0.0570483 0.0656562 0.0717379 0.0744971 0.0736407 0.0694446 0.0626662 0.0543425 0.0455411 0.0371468 0.0297376 0.0235664 0.0186243 0.0147431 0.011696
pSPR Fmed_Fpbrs
0.470033   0.6 0.325
Fs Fmed_Fpbrs
0.64   0.374888 1.23451
SSBpbr Bo_Bmed_Bpbrs
622320  261395  342276 171138
Ro
19148.9
SPR SPRFo_SPRFmed_SPRFpbrs
395506 185901 128539
log_Ro
9.68
likeval ReclasPelacesDesembMPH_pf_preclas_ppelaces_ptallas_desvR_qrecl_qpela
 99.1672 26.2335 0.286672 37.0382 402.264 234.883 61.8541 0 38.6235 4.02181e-05 0.000321784 1.28029e-15 0 0 0
q_reclas_q_pelaces
2.4563 12.8339
M
0.7
N
 11961.5 38442.4 18298.6 2442.75 0.126136
 20030.8 5846.98 16146.6 7685.8 1026.06
 2462.38 9666.73 2143.54 5919.45 3193.82
 5560.9 1103.67 1616.8 358.516 1524.23
 40492.1 2596.9 285.433 418.14 486.92
 10994 19743.9 1062.27 116.758 370.219
 60408.1 4869.38 2910.4 156.587 71.7839
 56810.8 26111.2 554.132 331.201 25.9884
 69526.9 24437.5 2822.3 59.8947 38.6077
 100201 29242 2080.05 240.226 8.38425
 71889.5 44848.4 4818.87 342.778 40.9692
 62119.4 30223.9 3801.61 408.475 32.5286
 45067.7 26856.5 3447.1 433.582 50.2974
 29694.3 18635.6 1908.77 244.995 34.3907
 14029.6 9456.65 82.7605 8.47682 1.24075
 7986.84 4633.73 61.829 0.541101 0.063535
 5840.54 3400.57 449.223 5.9941 0.0586173
 8202.51 2380.06 206.966 27.3407 0.368382
 11245.6 3349.56 148.102 12.8787 1.72423
 7071.29 4981.35 494.334 21.8572 2.15513
 16441 3193.15 901.801 89.4919 4.34707
 21214 7639.82 783.439 221.256 23.0233
 27099.8 9863.46 1886.03 193.406 60.3049
 47389.2 12486.8 2212.32 423.026 56.906
 12918.1 21677.9 2593.31 459.463 99.6741
 33492 6047.02 5749.7 687.831 148.301
 2402.95 15186.7 1143.98 1087.73 158.18
pred_Ctot
 134.723 4303.95 2048.68 273.486 0.014122
 406.558 1119.99 3092.87 1472.21 196.541
 173.53 4898.82 1086.29 2999.81 1618.54
 239.17 394.713 578.228 128.219 545.123
 527.536 332.893 36.5893 53.6009 62.4177
 860.257 10678.8 574.548 63.1504 200.239
 5673.81 2925.36 1748.47 94.072 43.1253
 5510.91 15961.5 338.734 202.459 15.8864
 7726.11 16005.2 1848.45 39.2277 25.2859
 7153.22 14941.4 1062.82 122.745 4.28399
 8006.07 29404 3159.4 224.736 26.8607
 5826.28 18143.5 2282.12 245.209 19.527
 5480.16 18343 2354.36 296.135 34.353
 7857.04 16155.4 1654.73 212.388 29.8135
 3458.84 8087.41 70.7776 7.24946 1.0611
 826.384 2929.29 39.0863 0.342067 0.0401648
 762.093 2394.96 316.379 4.22153 0.0412831
 1059.93 1669.34 145.163 19.1764 0.258378
 879.128 1810.65 80.0588 6.96179 0.932059
 463.571 2408.65 239.026 10.5687 1.04208
 762.564 1209.21 341.5 33.8894 1.64618
 975.578 2874.63 294.784 83.2521 8.66299
 1411.68 4068.18 777.892 79.7702 24.8727
 2699.03 5487.27 972.193 185.897 25.0071
 534.658 7526.92 900.438 159.533 34.6085
 2103.65 2841.77 2702.04 323.243 69.6936
 215.74 8899.36 670.368 637.407 92.693
F
 0.0157706 0.167452 0.167452 0.167452 0.167452
 0.0285805 0.303466 0.303466 0.303466 0.303466
 0.102491 1.08824 1.08824 1.08824 1.08824
 0.0614419 0.652386 0.652386 0.652386 0.652386
 0.0182623 0.193908 0.193908 0.193908 0.193908
 0.114387 1.21456 1.21456 1.21456 1.21456
 0.138758 1.47332 1.47332 1.47332 1.47332
 0.143607 1.52481 1.52481 1.52481 1.52481
 0.166108 1.76373 1.76373 1.76373 1.76373
 0.103887 1.10307 1.10307 1.10307 1.10307
 0.166498 1.76786 1.76786 1.76786 1.76786
 0.138549 1.4711 1.4711 1.4711 1.4711
 0.183091 1.94405 1.94405 1.94405 1.94405
 0.444237 4.71688 4.71688 4.71688 4.71688
 0.40781 4.3301 4.3301 4.3301 4.3301
 0.153853 1.6336 1.6336 1.6336 1.6336
 0.197698 2.09914 2.09914 2.09914 2.09914
 0.19561 2.07698 2.07698 2.07698 2.07698
 0.114276 1.21337 1.21337 1.21337 1.21337
 0.0950339 1.00906 1.00906 1.00906 1.00906
 0.0664038 0.705072 0.705072 0.705072 0.705072
 0.0658226 0.6989 0.6989 0.6989 0.6989
 0.074854 0.794795 0.794795 0.794795 0.794795
 0.0821006 0.871739 0.871739 0.871739 0.871739
 0.0590649 0.627147 0.627147 0.627147 0.627147
 0.090889 0.965054 0.965054 0.965054 0.965054
 0.132266 1.40439 1.40439 1.40439 1.40439
Np
 12585.6 6033.03 356.843 632.004 63.8575
YTP_r0W_actual
 492.595 75356.2 8251.82 10020 1617.01
YTP_p0W_proyectada
 2580.01 5187.43 13355.8 1284.81 1520.97
 2580.01 29935.9 2574.01 5821.92 652.791
CTP_r0_actual
 60.0726 3488.72 262.797 249.876 36.3374
CTP_p0_proyectada
 314.636 240.159 425.344 32.0402 34.1791
 314.636 1385.92 81.9748 145.185 14.6695
Wmedp
 8.2 21.6 31.4 40.1 44.5
nmprior
 10.8 10.6 4.6 0
nm_flota  nm_reclas  nm_pelaces    nm_pelaL
inf 16.6527 7.67313 17.3365
cv_recla  cv_pelaces  cv_mph
0.718676 0.280536 0.487958
 ------------------------------------------------
Talla a la edad & desviaci?n 
 7.2 14.2025 17.0495 18.207 18.6776
 1.08 2.13037 2.55742 2.73105 2.80164
