years
 1991 1992 1993 1994 1995 1996 1997 1998 1999 2000 2001 2002 2003 2004 2005 2006 2007 2008 2009 2010 2011 2012 2013 2014 2015 2016 2017 2018 2019 2020 2021
reclasobs
 0 0 0 0 0 0 0 0 0 252601 567819 844713 477998 351125 339783 2.1784e+06 2.13404e+06 4.81314e+06 1.55562e+06 2.62356e+06 3.21686e+06 3.843e+06 1.13348e+06 3.07943e+06 1.97215e+06 2.03268e+06 2.025e+06 2.42433e+06 2.27542e+06 1.05018e+06 2.36338e+06
reclaspred
 3.2032e+06 1.74925e+06 884575 906262 918896 1.56637e+06 883534 771119 548810 372550 503987 681365 659992 489349 487379 1.35215e+06 1.20343e+06 3.11782e+06 2.46099e+06 1.78361e+06 3.07047e+06 2.523e+06 1.92356e+06 3.03471e+06 2.25092e+06 1.99446e+06 2.38867e+06 2.63328e+06 2.09491e+06 1.27514e+06 1.97812e+06
pelacesobs
 0 0 0 0 0 0 0 0 0 0 0 0 0 0 0 552880 188675 0 991730 2.46772e+06 1.41603e+06 1.21717e+06 2.29649e+06 1.80582e+06 0 1.4828e+06 1.56532e+06 1.57751e+06 1.42118e+06 867257 1.10002e+06
pelacespred
 1.82635e+06 1.08932e+06 536913 449140 495437 871020 432415 502339 327612 204246 297914 332983 356945 268719 278076 650889 594447 1.78845e+06 1.43508e+06 949610 1.63776e+06 1.40755e+06 1.10722e+06 1.92245e+06 1.36772e+06 1.21931e+06 1.65614e+06 1.6396e+06 1.19897e+06 829655 1.06304e+06
mphobs
 0 0 0 0 0 0 0 0 0 0 0 0 498337 0 5186 125008 0 168611 109162 213762 579715 649985 157893 87575 83554 210694 70296 0 107559 103333 445601
mphpred
 428345 285178 136939 75885.2 83046.7 99531.2 134476 72578.3 66464.5 42155.1 25926.3 52982.6 56501.7 45390.6 27804.9 36095.2 131887 116464 270765 188402 197908 240786 232280 185549 266609 219307 179770 192811 282805 184764 106809
desembarqueobs
 494567 514787 250237 358949 120608 361735 552515 73892 212993 205616 52469 317467 293654 387597 252695 516296 358380 742168 942051 627588 828172 859565 418607 520667 417249 300574 415391 372974 316634 284311 391294
desembarquepred
 494570 513906 250654 358981 120613 361742 552540 73897.1 213053 205671 52471.7 317529 293691 387582 252672 516225 358405 742011 941744 627364 828253 859545 418608 520692 417237 300571 415384 372944 316619 284315 391290
Reclutas
 168664 94712.7 95218.3 144786 117501 210476 84450.8 36631.7 35265.5 46800.1 88718.3 126992 104652 74767 69294.2 369391 73280.2 602118 328852 264568 360105 507489 99067.8 288499 247841 110346 242652 282833 82086.6 60525.7 245059
log_desv_Rt
 0.191562 -0.385499 -0.380175 0.0389116 -0.169898 0.413026 -0.500178 -1.33543 -1.37344 -1.09046 -0.450881 -0.0922238 -0.285702 -0.62197 -0.697986 0.975509 -0.642056 1.46411 0.859259 0.641753 0.95005 1.29313 -0.340543 0.728344 0.576439 -0.232725 0.55528 0.708509 -0.528573 -0.833279 0.565153
SSB
 2.07528e+06 1.38165e+06 663455 367655 402352 482217 651519 351634 322013 204237 125610 256695 273744 219912 134712 174877 638979 564256 1.31182e+06 912784 958841 1.16658e+06 1.12537e+06 898966 1.29169e+06 1.06252e+06 870967 934150 1.37016e+06 895160 517476
BT
 2.92023e+06 1.99579e+06 978000 920368 779996 1.52349e+06 1.08599e+06 762220 665186 480382 461796 728071 762892 777663 643082 1.33411e+06 1.09892e+06 3.17135e+06 2.88995e+06 1.87267e+06 2.96145e+06 2.74767e+06 1.88799e+06 3.17653e+06 2.27276e+06 1.9505e+06 2.73938e+06 2.63329e+06 1.9048e+06 1.42158e+06 1.81394e+06
Ftot
 0.202947 0.375321 0.368925 0.55962 0.186127 0.342431 0.792848 0.13454 0.533665 0.74793 0.164238 0.663766 0.628859 1.09179 0.781019 0.611154 0.400398 0.37441 0.530188 0.494544 0.390757 0.489665 0.291253 0.259367 0.258275 0.207138 0.259758 0.216243 0.196795 0.293945 0.307223
BD_Bspro_t
 0.968168 0.781623 0.577097 0.477766 0.471118 0.565326 0.562377 0.368745 0.429289 0.368786 0.324175 0.580903 0.458055 0.359738 0.247679 0.301077 0.493087 0.449928 0.587857 0.469079 0.435122 0.481095 0.500632 0.483636 0.605082 0.615095 0.622248 0.665325 0.72698 0.641896 0.554674
BD_Bspro
 2.08781 1.38999 0.667459 0.369874 0.40478 0.485128 0.655451 0.353756 0.323957 0.20547 0.126368 0.258244 0.275396 0.221239 0.135525 0.175933 0.642836 0.567662 1.31974 0.918293 0.964628 1.17362 1.13216 0.904392 1.29949 1.06893 0.876223 0.939788 1.37843 0.900563 0.520599
BD_Bo
 1.45451 0.968361 0.464996 0.257679 0.281997 0.337972 0.456631 0.24645 0.22569 0.143144 0.0880364 0.17991 0.191859 0.15413 0.0944154 0.122566 0.447842 0.395471 0.919419 0.639744 0.672023 0.817623 0.78874 0.630059 0.905309 0.744688 0.610435 0.654718 0.960302 0.627392 0.362684
BD_Brms
 2.64455 1.76066 0.845447 0.468507 0.512721 0.614495 0.830237 0.448091 0.410345 0.260261 0.160066 0.327109 0.348835 0.280236 0.171664 0.222848 0.814258 0.719038 1.67167 1.16317 1.22186 1.48659 1.43407 1.14556 1.64602 1.35398 1.10988 1.1904 1.746 1.14071 0.659425
Sel_flota
 0.708094 0.978764 0.998859 0.99994 0.999997
 0.708094 0.978764 0.998859 0.99994 0.999997
 0.708094 0.978764 0.998859 0.99994 0.999997
 0.708094 0.978764 0.998859 0.99994 0.999997
 0.708094 0.978764 0.998859 0.99994 0.999997
 0.708094 0.978764 0.998859 0.99994 0.999997
 0.708094 0.978764 0.998859 0.99994 0.999997
 0.708094 0.978764 0.998859 0.99994 0.999997
 0.708094 0.978764 0.998859 0.99994 0.999997
 0.708094 0.978764 0.998859 0.99994 0.999997
 0.708094 0.978764 0.998859 0.99994 0.999997
 0.708094 0.978764 0.998859 0.99994 0.999997
 0.708094 0.978764 0.998859 0.99994 0.999997
 0.708094 0.978764 0.998859 0.99994 0.999997
 0.708094 0.978764 0.998859 0.99994 0.999997
 0.708094 0.978764 0.998859 0.99994 0.999997
 0.708094 0.978764 0.998859 0.99994 0.999997
 0.708094 0.978764 0.998859 0.99994 0.999997
 0.708094 0.978764 0.998859 0.99994 0.999997
 0.708094 0.978764 0.998859 0.99994 0.999997
 0.708094 0.978764 0.998859 0.99994 0.999997
 0.708094 0.978764 0.998859 0.99994 0.999997
 0.708094 0.978764 0.998859 0.99994 0.999997
 0.708094 0.978764 0.998859 0.99994 0.999997
 0.708094 0.978764 0.998859 0.99994 0.999997
 0.708094 0.978764 0.998859 0.99994 0.999997
 0.708094 0.978764 0.998859 0.99994 0.999997
 0.708094 0.978764 0.998859 0.99994 0.999997
 0.708094 0.978764 0.998859 0.99994 0.999997
 0.708094 0.978764 0.998859 0.99994 0.999997
 0.708094 0.978764 0.998859 0.99994 0.999997
Sel_reclas
 1 1 1 1 1
 1 1 1 1 1
 1 1 1 1 1
 1 1 1 1 1
 1 1 1 1 1
 1 1 1 1 1
 1 1 1 1 1
 1 1 1 1 1
 1 1 1 1 1
 1 1 1 1 1
 1 1 1 1 1
 1 1 1 1 1
 1 1 1 1 1
 1 1 1 1 1
 1 1 1 1 1
 1 1 1 1 1
 1 1 1 1 1
 1 1 1 1 1
 1 1 1 1 1
 1 1 1 1 1
 1 1 1 1 1
 1 1 1 1 1
 1 1 1 1 1
 1 1 1 1 1
 1 1 1 1 1
 1 1 1 1 1
 1 1 1 1 1
 1 1 1 1 1
 1 1 1 1 1
 1 1 1 1 1
 1 1 1 1 1
Sel_pelaces
 0.961367 1 1 1 1
 0.961367 1 1 1 1
 0.961367 1 1 1 1
 0.961367 1 1 1 1
 0.961367 1 1 1 1
 0.961367 1 1 1 1
 0.961367 1 1 1 1
 0.961367 1 1 1 1
 0.961367 1 1 1 1
 0.961367 1 1 1 1
 0.961367 1 1 1 1
 0.961367 1 1 1 1
 0.961367 1 1 1 1
 0.961367 1 1 1 1
 0.961367 1 1 1 1
 0.961367 1 1 1 1
 0.961367 1 1 1 1
 0.961367 1 1 1 1
 0.961367 1 1 1 1
 0.961367 1 1 1 1
 0.961367 1 1 1 1
 0.961367 1 1 1 1
 0.961367 1 1 1 1
 0.961367 1 1 1 1
 0.961367 1 1 1 1
 0.961367 1 1 1 1
 0.961367 1 1 1 1
 0.961367 1 1 1 1
 0.961367 1 1 1 1
 0.961367 1 1 1 1
 0.961367 1 1 1 1
pf_obs 
 0.8446 0.082 0.0669 0.0065 0
 0.8095 0.147 0.0364 0.0071 0
 0.9664 0.0169 0.016 0.0007 0
 0.9276 0.0648 0.0075 0.0001 0
 0.7033 0.2144 0.0806 0.0017 0
 0.9318 0.0425 0.0243 0.0014 0
 0.5671 0.3108 0.0964 0.0239 0.0018
 0.0768 0.2599 0.5324 0.112 0.0189
 0.490249 0.384438 0.106611 0.0170017 0.00170017
 0.7925 0.1577 0.0466 0.003 0.0002
 0.840416 0.127587 0.0312969 0.00059994 9.999e-05
 0.8084 0.0986 0.0794 0.0134 0.0002
 0.7335 0.1905 0.0724 0.0035 0.0001
 0.4001 0.4547 0.1325 0.0127 0
 0.49795 0.308269 0.164784 0.0264974 0.00249975
 0.9179 0.0499 0.0305 0.0017 0
 0.2467 0.6533 0.0926 0.0074 0
 0.9418 0.0223 0.034 0.0019 0
 0.707729 0.231977 0.0356964 0.0245975 0
 0.517169 0.277429 0.184464 0.0207286 0.00020938
 0.811772 0.124168 0.05621 0.00726502 0.000585176
 0.764997 0.148141 0.077277 0.00933861 0.000247198
 0.163321 0.427699 0.378323 0.0303852 0.000271297
 0.753843 0.0900009 0.118128 0.0371064 0.000921714
 0.721811 0.176058 0.0630433 0.0369309 0.00215725
 0.143369 0.312575 0.442814 0.0836902 0.0175525
 0.692698 0.0596174 0.167031 0.0765114 0.00414204
 0.394062 0.376323 0.152708 0.0712218 0.00568511
 0.125707 0.32114 0.495352 0.0537591 0.00404204
 0.23352 0.215282 0.420074 0.123614 0.00750983
 0.796117 0.104755 0.0508955 0.0450114 0.00322123
pf_pred 
 0.476984 0.138412 0.360393 0.0242109 8.80269e-07
 0.428642 0.323026 0.0667831 0.170132 0.0114165
 0.58374 0.217623 0.113518 0.0229124 0.0622068
 0.734414 0.178515 0.0460546 0.0234539 0.017563
 0.66118 0.273103 0.0445615 0.0111974 0.0099582
 0.753387 0.180715 0.0533416 0.00851748 0.0040389
 0.470223 0.4322 0.0719588 0.0207419 0.00487626
 0.468588 0.308705 0.18268 0.0295305 0.0104964
 0.548879 0.249381 0.118237 0.0685098 0.014994
 0.726439 0.176999 0.0540183 0.0249486 0.0175949
 0.838477 0.130063 0.0205672 0.00609805 0.0047951
 0.748379 0.22125 0.0245588 0.00380107 0.00201083
 0.693831 0.250939 0.0487272 0.00525977 0.00124285
 0.653454 0.268761 0.0640705 0.0121025 0.00161268
 0.763939 0.179 0.044591 0.0102741 0.00219529
 0.941879 0.0485446 0.00731384 0.00176892 0.000493873
 0.376118 0.599428 0.0205166 0.00300835 0.000929378
 0.91246 0.0408665 0.0448866 0.0014994 0.000287401
 0.581306 0.392956 0.01217 0.0130495 0.000518791
 0.620343 0.255812 0.116421 0.00351279 0.00391094
 0.737229 0.186165 0.0520465 0.0230887 0.00147022
 0.755617 0.196432 0.0342145 0.00933624 0.00439972
 0.314999 0.562161 0.0992347 0.0168501 0.0067554
 0.741654 0.102446 0.128469 0.0221647 0.0052659
 0.626854 0.30026 0.0292998 0.0359255 0.00766146
 0.431141 0.400921 0.135742 0.0129518 0.019244
 0.727007 0.141145 0.093527 0.0309818 0.00733954
 0.690835 0.244894 0.0335963 0.0217671 0.00890795
 0.340395 0.500802 0.126374 0.0169609 0.0154677
 0.420044 0.244134 0.256313 0.0632887 0.0162211
 0.838183 0.0827069 0.0337502 0.0346302 0.0107292
pobs_RECLAS
 0 0 0 0 0
 0 0 0 0 0
 0 0 0 0 0
 0 0 0 0 0
 0 0 0 0 0
 0 0 0 0 0
 0 0 0 0 0
 0 0 0 0 0
 0 0 0 0 0
 0 0 0 0 0
 0.991045 0.00858322 0.000360255 1.14367e-05 0
 0.934742 0.0480273 0.0164251 0.00080598 0
 0.827803 0.169806 0.00239088 0 0
 0.941827 0.0461693 0.0120037 0 0
 0.791401 0.0380133 0.147996 0.0225897 0
 0.846168 0.0940531 0.0597789 0 0
 0.134021 0.677848 0.182769 0.00536245 0
 0.80878 0.0450904 0.141981 0.00414843 0
 0.846168 0.0940531 0.0597789 0 0
 0.905697 0.0802665 0.012482 0.00150086 5.37128e-05
 0.989698 0.0102097 9.19794e-05 0 0
 0.975433 0.0193895 0.00387452 0.00125025 5.28907e-05
 0.303575 0.632131 0.0575291 0.00676475 0
 0.966965 0.00978017 0.0227588 0.000495775 0
 0.843318 0.132988 0.00938335 0.0141283 0.000182051
 0.564624 0.303363 0.111486 0.0197234 0.00080311
 0.826376 0.0876187 0.0782897 0.00655872 0.00115652
 0.89761 0.0855135 0.0140674 0.00269457 0.000114338
 0.34875 0.467042 0.161289 0.0227151 0.000203297
 0.318654 0.224769 0.449479 0.00709798 0
 0.937255 0.0296025 0.0250945 0.00804832 0
ppred_RECLAS
 0.562687 0.117509 0.299692 0.0201109 7.31158e-07
 0.51416 0.277299 0.0561289 0.142829 0.00958378
 0.664349 0.177291 0.0905455 0.018255 0.0495591
 0.796739 0.137617 0.0347404 0.0176715 0.0132322
 0.731269 0.217487 0.0347603 0.00872494 0.00775891
 0.81089 0.139361 0.0402777 0.00642425 0.00304613
 0.559019 0.361265 0.0588059 0.0169302 0.00397991
 0.552274 0.262351 0.152088 0.0245583 0.0087286
 0.633337 0.204695 0.0949725 0.0549666 0.0120292
 0.791624 0.135911 0.0405599 0.0187104 0.0131947
 0.878558 0.0981864 0.0152094 0.00450454 0.00354187
 0.808272 0.169037 0.0183532 0.00283726 0.00150087
 0.762541 0.195394 0.0371174 0.00400189 0.00094556
 0.732618 0.20848 0.0485275 0.00915489 0.00121982
 0.822231 0.135537 0.0330117 0.00759702 0.00162317
 0.958226 0.0350174 0.00516152 0.00124691 0.000348109
 0.457657 0.521518 0.017475 0.00255947 0.000790657
 0.936423 0.0300155 0.0322781 0.00107701 0.000206426
 0.661488 0.318133 0.0096419 0.0103268 0.000410523
 0.697835 0.205026 0.0913221 0.00275233 0.0030641
 0.797857 0.144108 0.0394434 0.0174779 0.00111288
 0.813341 0.150673 0.0256859 0.007001 0.00329903
 0.391408 0.501336 0.0866642 0.0146992 0.00589275
 0.801852 0.0795751 0.0977295 0.0168424 0.00400121
 0.701311 0.24135 0.0230653 0.0282497 0.00602418
 0.514502 0.344277 0.114172 0.0108817 0.0161673
 0.78924 0.110083 0.0714388 0.0236386 0.00559963
 0.757269 0.193116 0.0259489 0.0167938 0.00687228
 0.418786 0.443496 0.10962 0.0146961 0.0134015
 0.505353 0.210784 0.216713 0.0534512 0.0136989
 0.879479 0.0622512 0.0248756 0.0254957 0.00789867
pobs_PELACES
 0 0 0 0 0
 0 0 0 0 0
 0 0 0 0 0
 0 0 0 0 0
 0 0 0 0 0
 0 0 0 0 0
 0 0 0 0 0
 0 0 0 0 0
 0 0 0 0 0
 0 0 0 0 0
 0 0 0 0 0
 0 0 0 0 0
 0 0 0 0 0
 0 0 0 0 0
 0 0 0 0 0
 0 0 0 0 0
 0.505614 0.472636 0.0217494 0 0
 0 0 0 0 0
 0.443492 0.261883 0.143347 0.151278 0
 0.227955 0.32914 0.350689 0.0885471 0.00366901
 0.970185 0.0296113 0.000203453 0 0
 0.997202 0.00247181 0.000326279 0 0
 0.445219 0.490057 0.0546422 0.010081 0
 0.90214 0.0892962 0.00764917 0.000914606 0
 0 0 0 0 0
 0.581667 0.319106 0.0959925 0.00289975 0.000334073
 0.762889 0.0836404 0.116647 0.0363945 0.000428098
 0.88444 0.0763242 0.0277011 0.0115352 0
 0.521256 0.241999 0.230069 0.00667565 0
 0.616807 0.101726 0.260614 0.0208532 0
 0.833518 0.0704572 0.0857862 0.0102388 0
ppred_PELACES
 0.557689 0.118969 0.303008 0.020332 7.39192e-07
 0.512969 0.278287 0.0561889 0.142963 0.00959266
 0.663174 0.178122 0.0907476 0.0182933 0.0496629
 0.798646 0.136493 0.0343292 0.0174589 0.0130728
 0.726818 0.221142 0.0353009 0.00886005 0.00787904
 0.809628 0.140376 0.0404789 0.00645556 0.00306096
 0.566985 0.35508 0.057496 0.0165484 0.0038901
 0.545587 0.266369 0.15428 0.024911 0.00885393
 0.635625 0.203743 0.0941968 0.0545072 0.0119286
 0.796395 0.133034 0.0395048 0.0182188 0.0128478
 0.875918 0.100342 0.0155264 0.00459817 0.00361547
 0.811416 0.166352 0.0179824 0.00277928 0.00147018
 0.765698 0.19294 0.0364986 0.00393429 0.000929578
 0.744154 0.199806 0.0461729 0.00870729 0.00116015
 0.826803 0.132215 0.0320362 0.00737047 0.00157474
 0.958856 0.0345122 0.00506648 0.00122368 0.00034162
 0.456781 0.522414 0.0174586 0.00255671 0.000789797
 0.936146 0.0301859 0.0323808 0.00108029 0.000207054
 0.663316 0.316483 0.00955824 0.0102353 0.00040688
 0.699063 0.204409 0.0907489 0.00273457 0.00304431
 0.797254 0.144648 0.0394886 0.0174956 0.00111399
 0.814095 0.15016 0.0255155 0.00695332 0.00327653
 0.388306 0.504064 0.0869677 0.0147492 0.00591274
 0.799427 0.0806327 0.0988582 0.0170354 0.00404702
 0.697951 0.244148 0.0232927 0.0285257 0.006083
 0.509381 0.348048 0.115264 0.010985 0.0163207
 0.786673 0.111517 0.0722447 0.023903 0.00566224
 0.753614 0.196083 0.0263098 0.017026 0.00696729
 0.41356 0.447624 0.110496 0.0148125 0.0135076
 0.50235 0.212304 0.217851 0.0537261 0.0137693
 0.878314 0.0629166 0.0250903 0.0257129 0.00796593
pobs_pel_tallas
 0 0 0 0 0 0 0 0 0 0 0 0 0 0 0 0 0 0 0 0 0 0 0 0 0 0
 0 0 0 0 0 0 0 0 0 0 0 0 0 0 0 0 0 0 0 0 0 0 0 0 0 0
 0 0 0 0 0 0 0 0 0 0 0 0 0 0 0 0 0 0 0 0 0 0 0 0 0 0
 0 0 0 0 0 0 0 0 0 0 0 0 0 0 0 0 0 0 0 0 0 0 0 0 0 0
 0 0 0 0 0 0 0 0 0 0 0 0 0 0 0 0 0 0 0 0 0 0 0 0 0 0
 0 0 0 0 0 0 0 0 0 0 0 0 0 0 0 0 0 0 0 0 0 0 0 0 0 0
 0 0 0 0 0 0 0 0 0 0 0 0 0 0 0 0 0 0 0 0 0 0 0 0 0 0
 0 0 0 0 0 0 0 0 0 0 0 0 0 0 0 0 0 0 0 0 0 0 0 0 0 0
 0 0 0 0 0 0 0 0 0 0 0 0 0 0 0 0 0 0 0 0 0 0 0 0 0 0
 0 0 0 0 0 0 0 0 0 0 0 0 0 0 0 0 0 0 0 0 0 0 0 0 0 0
 0 0 0 0 0 0 0 0 0 0 0 0 0 0 0 0 0 0 0 0 0 0 0 0 0 0
 0 0 0 0 0 0 0 0 0 0 0 0 0 0 0 0 0 0 0 0 0 0 0 0 0 0
 0.00862536 0 0 0.000197151 0.00414017 0.0128641 0.00837892 0.0270097 0.101434 0.158115 0.152841 0.127902 0.109271 0.109419 0.0830992 0.0579132 0.0238553 0.00714673 0.00463305 0.00128148 0.00103504 0.000492878 0.000147863 0.000147863 4.92878e-05 0
 0 0 0 0 0 0 0 0 0 0 0 0 0 0 0 0 0 0 0 0 0 0 0 0 0 0
 0 0 0 0 0 0 0 0.0054083 0.00873648 0.0413646 0.0450493 0.0745869 0.0622846 0.0627006 0.0613931 0.0827291 0.12552 0.122667 0.0946155 0.0697135 0.0546179 0.0294188 0.0215738 0.0213955 0.0102223 0.00600262
 0 0 0 0 0.00359764 0.0251062 0.0480494 0.140153 0.205849 0.193036 0.1447 0.116669 0.0760912 0.0342217 0.00950174 0.001854 0.000860785 0 0 0 0.000165536 0 0.000143464 0 0 0
 0 0 0 0 0 0 0 0.000145254 0.000435761 0.0275982 0.070085 0.0708112 0.156366 0.174668 0.174014 0.160142 0.0824315 0.0480064 0.0283245 0.00493863 0.00203355 0 0 0 0 0
 0 0 0 0 0 0 0 0 0 0 0 0 0 0 0 0 0 0 0 0 0 0 0 0 0 0
 0 0 1.00437e-05 0.000401748 0.00122533 0.00171747 0.00176769 0.0269171 0.070346 0.194647 0.189555 0.159765 0.064822 0.0314167 0.0384472 0.0292271 0.0345202 0.0313363 0.0194345 0.0106764 0.0143323 0.0359363 0.0279516 0.0138201 0.00172751 0
 0 0.0021121 0.0136068 0.0755702 0.200478 0.177729 0.0527432 0.0373336 0.0318909 0.0142505 0.0149659 0.0166563 0.0217959 0.0798694 0.0677717 0.0528807 0.04013 0.0224614 0.0357745 0.0225083 0.00881397 0.00855152 0.00135912 0.000746735 0 0
 0 0 0 0 5.4009e-05 0.00500934 0.000945158 0.0243581 0.138947 0.33067 0.221406 0.137944 0.0707744 0.0437923 0.0131692 0.00525238 0.0047753 0.00276346 9.45158e-05 9.00151e-06 2.25038e-05 9.00151e-06 4.50075e-06 0 0 0
 0.000866109 0.00284123 0.00948549 0.0512746 0.133035 0.25785 0.225252 0.132002 0.0553304 0.0519788 0.0540692 0.017754 0.00435017 0.00159236 0.00146478 0.000404838 0.000125132 0.000115318 0.000107957 0.000100596 0 0 0 0 0 0
 0 0 0 0 0.00144013 0.00171154 0.00461396 0.0210425 0.0478622 0.0707936 0.0888783 0.103762 0.0637923 0.0337046 0.0602308 0.124433 0.169614 0.0934646 0.0462172 0.0250306 0.0313229 0.00938855 0.002487 0.000210481 0 0
 0 0.00764035 0.051015 0.0998891 0.058973 0.0496711 0.0374665 0.0718981 0.12319 0.153886 0.159021 0.0857701 0.0377988 0.023471 0.0147837 0.00900784 0.00315554 0.000888139 0.00291439 0.00214683 0.00393193 0.00274676 0.000635225 9.99891e-05 0 0
 0 0 0 0 0 0 0 0 0 0 0 0 0 0 0 0 0 0 0 0 0 0 0 0 0 0
 0 0 0 0 0 0 0 0 0 0 0 0 0 0 0 0 0 0 0 0 0 0 0 0 0 0
 0 0 0 0 0 0 0 0 0 0 0 0 0 0 0 0 0 0 0 0 0 0 0 0 0 0
 0 0 0 0 0 0 0 0 0 0 0 0 0 0 0 0 0 0 0 0 0 0 0 0 0 0
 0 0 0 0 0 0 0 0 0 0 0 0 0 0 0 0 0 0 0 0 0 0 0 0 0 0
 0 0 0 0 0 0 0 0 0 0 0 0 0 0 0 0 0 0 0 0 0 0 0 0 0 0
 0 0 0 0 0 0 0 0 0 0 0 0 0 0 0 0 0 0 0 0 0 0 0 0 0 0
ppred_pel_tallas
 1.10814e-16 4.59362e-05 0.000446516 0.00296726 0.0134887 0.0419685 0.0894187 0.130512 0.130524 0.0894772 0.0421659 0.0140648 0.00443463 0.00372069 0.00647145 0.0111652 0.0173322 0.0243978 0.0317087 0.0388088 0.0454308 0.0511411 0.0550356 0.0559251 0.0529844 0.0463647
 1.17654e-16 4.22527e-05 0.000410711 0.00272932 0.0124071 0.0386033 0.0822493 0.120051 0.120078 0.0823808 0.0390449 0.0136839 0.00593864 0.00743197 0.0134243 0.0222585 0.0323929 0.0414928 0.0472701 0.0488337 0.0472725 0.0448797 0.0436031 0.04392 0.0448375 0.044764
 1.12904e-16 5.46248e-05 0.000530973 0.0035285 0.0160401 0.0499067 0.106332 0.155198 0.155216 0.106417 0.0501908 0.0168621 0.00559776 0.00506756 0.00872812 0.0144963 0.0212434 0.0275012 0.0318207 0.0335795 0.0333342 0.032352 0.0317033 0.031643 0.0316621 0.030994
 1.04989e-16 6.57834e-05 0.000639438 0.00424929 0.0193167 0.0601014 0.128053 0.1869 0.186913 0.128117 0.0603179 0.0199423 0.00582136 0.00407658 0.00660946 0.0108655 0.0157496 0.0200321 0.0225139 0.022666 0.0209411 0.0184416 0.0162124 0.0147126 0.0137804 0.0129615
 1.03298e-16 5.98671e-05 0.000581929 0.00386712 0.0175794 0.0546962 0.116537 0.170093 0.170115 0.116641 0.055046 0.01859 0.00640437 0.00612215 0.0105859 0.0174172 0.0251115 0.0316377 0.0349677 0.0341714 0.0299652 0.0242117 0.0187881 0.0147049 0.0119859 0.0101202
 1.0237e-16 6.6688e-05 0.000648232 0.00430773 0.0195823 0.0609279 0.129814 0.18947 0.189484 0.12988 0.0611506 0.0202259 0.00592473 0.0041834 0.00679599 0.0111697 0.0161775 0.0205386 0.0229889 0.0229364 0.0207901 0.0176378 0.0145498 0.0120633 0.0101521 0.00853496
 1.04068e-16 4.67019e-05 0.000453959 0.00301672 0.0137136 0.0426682 0.0909105 0.132694 0.132728 0.0910778 0.04323 0.0153363 0.00709072 0.00934971 0.0169478 0.0279612 0.0403147 0.0507816 0.0560994 0.05476 0.0478936 0.0384708 0.0294949 0.0225979 0.017855 0.0145074
 1.08517e-16 4.49393e-05 0.000436826 0.00290286 0.013196 0.0410578 0.087479 0.127684 0.127709 0.0876055 0.041483 0.0144263 0.00600011 0.00722813 0.0130308 0.0217013 0.0317938 0.0411034 0.0473785 0.0495357 0.0481969 0.0450432 0.0415617 0.03824 0.034709 0.030452
 1.10256e-16 5.23556e-05 0.000508915 0.00338192 0.0153737 0.0478335 0.101915 0.148752 0.148772 0.102012 0.0481582 0.0163132 0.00574607 0.00569015 0.00995281 0.0165315 0.0241915 0.031241 0.0359965 0.0377143 0.0369969 0.0352619 0.0337132 0.0326514 0.0315564 0.0296836
 1.05176e-16 6.5598e-05 0.000637636 0.00423732 0.0192622 0.059932 0.127692 0.186373 0.186386 0.127755 0.0601432 0.0198728 0.00577181 0.00399419 0.00646045 0.0106305 0.0154366 0.0196919 0.0222389 0.0225652 0.0210998 0.0188874 0.0169032 0.0155525 0.0146518 0.0137594
 1.01547e-16 7.21482e-05 0.000701306 0.00466043 0.0211856 0.0659164 0.140442 0.204982 0.204991 0.14049 0.0660751 0.0216442 0.00581157 0.00321483 0.00484749 0.00790432 0.0113908 0.0143493 0.0158572 0.0154938 0.0135861 0.0109821 0.00853507 0.00670329 0.00549414 0.0046703
 1.0109e-16 6.68353e-05 0.000649663 0.00431724 0.0196255 0.0610625 0.130101 0.189889 0.189905 0.130179 0.0613253 0.0203846 0.0062222 0.00480663 0.007957 0.0130364 0.0187435 0.0235077 0.0257748 0.0248261 0.0212031 0.0163417 0.0117206 0.00818521 0.00583416 0.00433592
 1.01655e-16 6.30695e-05 0.000613058 0.00407399 0.0185198 0.057622 0.12277 0.179191 0.17921 0.122861 0.0579274 0.019402 0.00628902 0.00545047 0.00925592 0.0152167 0.0219473 0.0276657 0.0305934 0.0298976 0.026169 0.0209927 0.0159788 0.012015 0.00917406 0.00710074
 1.02454e-16 6.1295e-05 0.000595809 0.00395936 0.0179987 0.0560007 0.119316 0.17415 0.174169 0.11941 0.0563173 0.0189134 0.00625664 0.00561526 0.00960726 0.0158198 0.0228622 0.0289139 0.0321543 0.031732 0.0282471 0.0232996 0.01849 0.0146622 0.0118334 0.00961465
 1.01965e-16 6.81027e-05 0.000661983 0.00439911 0.0199977 0.0622204 0.132568 0.193489 0.193502 0.13263 0.0624299 0.0206032 0.00591998 0.00398556 0.00639045 0.0104838 0.0151584 0.0191933 0.0213887 0.0211864 0.0189846 0.0158363 0.0127865 0.0103737 0.00858802 0.00715574
 1.00336e-16 7.89797e-05 0.000767711 0.00510171 0.0231916 0.0721578 0.15374 0.224389 0.224392 0.153756 0.0722124 0.0233493 0.00549746 0.00163169 0.00171998 0.00271884 0.00390976 0.00491813 0.00542082 0.00527006 0.00457621 0.00363054 0.00272938 0.00203663 0.00156411 0.00124031
 1.01028e-16 3.76245e-05 0.000365724 0.00243037 0.0110481 0.0343751 0.0732416 0.106909 0.106959 0.0734871 0.0351992 0.0134274 0.00839805 0.0133781 0.0247058 0.0406669 0.058303 0.0727363 0.0790215 0.0748774 0.0620767 0.0453172 0.0295164 0.0176031 0.0100608 0.00585865
 1.01086e-16 7.71091e-05 0.000749528 0.00498088 0.0226423 0.0704488 0.150099 0.219074 0.219077 0.150113 0.0704974 0.0227834 0.00533697 0.00153372 0.00158641 0.00255246 0.00378954 0.005014 0.0059836 0.00657095 0.00680666 0.00680471 0.00663979 0.00629213 0.00569898 0.00484807
 1.01453e-16 5.46366e-05 0.000531087 0.00352926 0.0160435 0.0499175 0.106356 0.155236 0.155266 0.106504 0.0504168 0.017485 0.00714498 0.00841551 0.015003 0.02465 0.0353489 0.0441289 0.0480066 0.0456183 0.0380541 0.0281657 0.0189166 0.0120396 0.00776499 0.00540319
 1.03461e-16 5.7581e-05 0.000559708 0.00371945 0.0169081 0.0526075 0.112087 0.163598 0.163618 0.112183 0.0529327 0.0178486 0.00608468 0.00573778 0.00993472 0.0164445 0.0239411 0.0306385 0.0347301 0.0353392 0.0329718 0.0290491 0.0249367 0.0212722 0.017993 0.0148075
 1.0312e-16 6.56687e-05 0.000638324 0.00424189 0.019283 0.0599967 0.12783 0.186574 0.186588 0.127898 0.0602261 0.0199462 0.0059082 0.00428154 0.00700152 0.0115152 0.0166863 0.021206 0.023785 0.0238319 0.0217856 0.0187754 0.0158912 0.013646 0.0119502 0.010448
 1.02027e-16 6.7056e-05 0.000651808 0.00433149 0.0196903 0.0612641 0.13053 0.190516 0.19053 0.130601 0.0615017 0.0203768 0.00605486 0.00441521 0.00721828 0.0118373 0.0170697 0.0215169 0.0238008 0.0232873 0.0204553 0.0165583 0.0128582 0.0100334 0.00810245 0.00673244
 1.05119e-16 3.19844e-05 0.0003109 0.00206604 0.00939195 0.0292221 0.0622626 0.0908842 0.0909328 0.0625001 0.0300197 0.0116959 0.00785051 0.0129421 0.0240318 0.0397065 0.0572594 0.0721359 0.079699 0.0777905 0.0679889 0.0544847 0.0415282 0.0314518 0.0244115 0.0194008
 1.05267e-16 6.58477e-05 0.000640064 0.00425345 0.0193356 0.0601601 0.128178 0.187081 0.187089 0.128217 0.0602906 0.0197141 0.00521056 0.00275204 0.00414322 0.00691876 0.0103654 0.0138822 0.0168809 0.0190604 0.0205052 0.0214652 0.0220219 0.0219614 0.0209543 0.0188546
 1.04625e-16 5.74893e-05 0.000558817 0.00371354 0.0168812 0.0525238 0.111908 0.163339 0.163362 0.112023 0.0529097 0.0179957 0.00651075 0.00666427 0.0116507 0.0191659 0.0275986 0.0347067 0.0382592 0.037262 0.0325668 0.0263056 0.0206064 0.0165813 0.0141734 0.0126757
 1.07279e-16 4.19571e-05 0.000407838 0.00271023 0.0123203 0.0383333 0.0816744 0.119213 0.119247 0.0818389 0.0388859 0.0139176 0.00672473 0.0091882 0.0167663 0.0277793 0.0403108 0.0513136 0.0576879 0.0579771 0.053173 0.0459139 0.0387675 0.0329797 0.0284274 0.0243996
 1.05469e-16 6.47972e-05 0.000629852 0.00418559 0.0190271 0.0592004 0.126133 0.184097 0.184108 0.126186 0.0593787 0.0195434 0.00548636 0.00348505 0.00553339 0.00916642 0.0134836 0.0175588 0.0204861 0.0218454 0.021906 0.0213377 0.0206781 0.0200061 0.019033 0.0174394
 1.03696e-16 6.20742e-05 0.000603384 0.0040097 0.0182275 0.0567127 0.120833 0.176363 0.176382 0.120925 0.0570228 0.0191233 0.0062585 0.00551331 0.00938942 0.0154318 0.0222442 0.0280212 0.030974 0.0302968 0.0266514 0.0217152 0.017162 0.0138667 0.0117943 0.0104156
 1.07075e-16 3.40645e-05 0.000331119 0.00220041 0.0100028 0.0311225 0.0663114 0.0967925 0.0968357 0.0665226 0.0318319 0.0120527 0.00734965 0.0115839 0.0214401 0.0354822 0.0513231 0.0649848 0.0724148 0.0717217 0.0642522 0.0535756 0.043242 0.0350934 0.0291144 0.0243844
 1.1406e-16 4.1378e-05 0.000402209 0.00267282 0.0121503 0.0378041 0.0805464 0.117564 0.117585 0.080648 0.0381463 0.0131426 0.00517874 0.00592271 0.0106731 0.0179657 0.0267823 0.0355844 0.0427905 0.0476311 0.0504509 0.0521274 0.0531325 0.053093 0.051166 0.0467987
 1.04667e-16 7.23456e-05 0.000703225 0.00467318 0.0212436 0.0660967 0.140826 0.205541 0.205547 0.140856 0.0661969 0.0215336 0.00540287 0.00230238 0.00312823 0.00510783 0.00747428 0.00966932 0.0111875 0.0118272 0.0118091 0.0115996 0.0115739 0.0117861 0.0119915 0.0118497
pSPR Fmed_Fpbrs
0.561122   0.6 0.325
Fs Fmed_Fpbrs
0.34   0.296671 0.732876
SSBpbr Bo_Bmed_Bpbrs
1.4268e+06  729267  784738 392369
Ro
139261
SPR SPRFo_SPRFmed_SPRFpbrs
994000 557756 323050
Fref
0.296671
Nvult_r0
 171988 13106.5 5265.42 5398.22 1672.42
CTP_r0
 29857.6 2949.35 1203.64 1235.03 382.639
YTP_r0
379134
Np
 190421 56778.9 19957.1 1347.02 683.122
Nvult_p0
 133642 41155.2 14498.2 978.684 496.329
CTP_p0
 23200.5 11829.7 817.793 326.094 424.605
 23200.5 9261.1 3314.19 223.907 113.557
YTP_p0
 426225 427326
CBA_c0
393262
log_Ro
11.6641
likeval ReclasPelacesDesembMPH_pf_preclas_ppelaces_ptallas_desvR_qrecl_qpela
 12.4806 16.92 0.0313316 0.000923821 214.812 118.459 101.483 0 23.8556 3.46138e-06 1.3897e-05 0.154969 7.35966e-16 0 0
q_reclas_q_pelaces
1.30097 1.69418
M
1
N
 168664 36203.9 92522 6209.39 0.225752
 94712.7 53742.5 10919.3 27791.5 1864.82
 95218.3 26711.3 13692.6 2761.12 7496.05
 144786 26975.8 6848.26 3484.58 2609.24
 117501 35837.5 5738.53 1440.53 1281.04
 210476 37888.7 10988.2 1752.93 831.18
 84450.8 60758.1 9969.15 2871.35 675.005
 36631.7 17721.1 10287.1 1661.22 590.438
 35265.5 12251.5 5714.89 3308.52 724.07
 46800.1 8890.83 2673.3 1233.7 870.029
 88718.3 10137.9 1572.98 465.91 366.341
 126992 29054.4 3175.7 491.115 259.797
 104652 29198.4 5581.74 602.011 142.245
 74767 24664.2 5804.37 1095.66 145.993
 69294.2 12696 3116.62 717.535 153.311
 369391 14663 2174.62 525.514 146.714
 73280.2 88155.4 2965.81 434.481 134.219
 602118 20303.1 21915.8 731.404 140.187
 328852 169921 5177.45 5546.81 220.507
 264568 83111.6 37203.7 1121.57 1248.63
 360105 68574.2 18843 8351.38 531.765
 507489 100454 17209.4 4691.87 2210.95
 99067.8 131993 22884 3882 1556.26
 288499 29653.2 36513.3 6293.49 1495.14
 247841 88326 8463.06 10366.8 2210.7
 110346 75936.9 25235.3 2405.43 3573.86
 242652 35056.1 22809.2 7548.46 1788.13
 282833 74269 10001.2 6473.4 2649.03
 82086.6 89276.3 22110.3 2964.51 2703.38
 60525.7 26269.9 27088.8 6682.37 1712.63
 245059 18082.2 7247.98 7429.89 2301.83
pred_Ctot
 14439.8 4190.16 10910.2 732.941 0.0266485
 14277.7 10759.8 2224.49 5666.96 380.273
 14134.8 5269.55 2748.75 554.803 1506.28
 30920 7515.76 1938.97 987.446 739.428
 9270.73 3829.31 624.819 157.004 139.629
 29218 7008.52 2068.7 330.327 156.637
 23992.9 22052.8 3671.66 1058.34 248.809
 2120.6 1397.05 826.723 133.641 47.5017
 7233.25 3286.39 1558.15 902.838 197.595
 12693.8 3092.88 943.915 435.951 307.454
 6215.79 964.18 152.468 45.206 35.547
 31267.7 9243.97 1026.08 158.811 84.0137
 24644.2 8913.1 1730.74 186.822 44.1447
 27063.7 11131.1 2653.57 501.245 66.7913
 19454.1 4558.34 1135.53 261.636 55.9043
 84945.5 4378.1 659.615 159.534 44.5411
 11702.2 18650.1 638.336 93.5994 28.9159
 90570.9 4056.41 4455.45 148.831 28.5275
 67074.9 45341.8 1404.26 1505.74 59.8615
 50833.1 20962.1 9539.93 287.851 320.476
 56273.2 14210.1 3972.75 1762.37 112.223
 96675.3 25132 4377.48 1194.5 562.909
 11868.1 21180.3 3738.82 634.854 254.52
 31058.8 4290.2 5380.01 928.206 220.524
 26577.6 12730.6 1242.27 1523.19 324.834
 9630.5 8955.46 3032.1 289.307 429.858
 26159.6 5078.76 3365.34 1114.8 264.096
 25701.9 9111.07 1249.92 809.826 331.413
 6826.71 10043.7 2534.47 340.156 310.21
 7312.24 4249.95 4461.97 1101.75 282.382
 30827 3041.82 1241.28 1273.64 394.603
F
 0.143706 0.198637 0.202716 0.202935 0.202947
 0.265763 0.367351 0.374893 0.375299 0.37532
 0.261233 0.36109 0.368504 0.368902 0.368923
 0.396264 0.547736 0.558982 0.559587 0.559619
 0.131795 0.182174 0.185915 0.186116 0.186127
 0.242473 0.335159 0.34204 0.34241 0.342429
 0.561411 0.776011 0.791944 0.792801 0.792846
 0.0952668 0.131683 0.134386 0.134532 0.134539
 0.377885 0.522332 0.533056 0.533633 0.533663
 0.529605 0.732047 0.747077 0.747885 0.747928
 0.116296 0.16075 0.164051 0.164228 0.164237
 0.470009 0.64967 0.663009 0.663726 0.663764
 0.445291 0.615504 0.628142 0.628821 0.628857
 0.773089 1.0686 1.09054 1.09172 1.09179
 0.553034 0.764433 0.780128 0.780972 0.781016
 0.432755 0.598176 0.610457 0.611118 0.611152
 0.283519 0.391895 0.399941 0.400374 0.400396
 0.265117 0.366459 0.373983 0.374388 0.374409
 0.375422 0.518928 0.529583 0.530156 0.530186
 0.350184 0.484042 0.49398 0.494515 0.494543
 0.276693 0.382459 0.390312 0.390734 0.390756
 0.346729 0.479267 0.489107 0.489636 0.489664
 0.206235 0.285068 0.290921 0.291236 0.291252
 0.183656 0.253859 0.259071 0.259351 0.259366
 0.182883 0.25279 0.25798 0.258259 0.258274
 0.146673 0.202739 0.206902 0.207126 0.207138
 0.183933 0.254242 0.259462 0.259743 0.259758
 0.15312 0.211651 0.215996 0.21623 0.216242
 0.139349 0.192616 0.19657 0.196783 0.196794
 0.208141 0.287703 0.29361 0.293927 0.293944
 0.217543 0.300699 0.306873 0.307205 0.307222
YTP_r0W_actual
 247818 41585.8 33220.4 42237.9 14272.4
YTP_p0W_proyectada
 174932 206429 19684.3 10213.3 14967.3
 174932 161606 79772.5 7012.77 4002.88
CTP_r0_actual
 29857.6 2949.35 1203.64 1235.03 382.639
CTP_p0_proyectada
 23200.5 11829.7 817.793 326.094 424.605
 23200.5 9261.1 3314.19 223.907 113.557
Wmedp
 7.54 17.45 24.07 31.32 35.25
Frms_r0
 0.210071 0.290371 0.296333 0.296653 0.29667
Zrms_r0
 1.21007 1.29037 1.29633 1.29665 1.29667
nmprior
 7.29 8.9 8.7 0
nm_flota  nm_reclas  nm_pelaces    nm_pelaL
inf 13.8005 19.7657 48.3824
cv_recla  cv_pelaces  cv_mph
0.319553 0.466416 0.84299
 ------------------------------------------------
Talla a la edad & desviaci?n 
 8 13.2811 15.8009 17.003 17.5766
 0.8 1.32811 1.58009 1.7003 1.75766
