years
 1991 1992 1993 1994 1995 1996 1997 1998 1999 2000 2001 2002 2003 2004 2005 2006 2007 2008 2009 2010 2011 2012 2013 2014 2015 2016 2017 2018 2019 2020 2021
reclasobs
 0 0 0 0 0 0 0 0 0 252601 567819 844713 477998 351125 339783 2.1784e+06 2.13404e+06 4.81314e+06 1.55562e+06 2.62356e+06 3.21686e+06 3.843e+06 1.13348e+06 3.07943e+06 1.97215e+06 2.03268e+06 2.025e+06 2.42433e+06 2.27542e+06 1.05018e+06 2.36338e+06
reclaspred
 3.20321e+06 1.74924e+06 884574 906273 918915 1.56644e+06 883555 771131 548812 372541 503990 681376 660002 489347 487372 1.35216e+06 1.20342e+06 3.11788e+06 2.46102e+06 1.78362e+06 3.07048e+06 2.52301e+06 1.92354e+06 3.03471e+06 2.25091e+06 1.99445e+06 2.38868e+06 2.63329e+06 2.09489e+06 1.27512e+06 1.97812e+06
pelacesobs
 0 0 0 0 0 0 0 0 0 0 0 0 0 0 0 552880 188675 0 991730 2.46772e+06 1.41603e+06 1.21717e+06 2.29649e+06 1.80582e+06 0 1.4828e+06 1.56532e+06 1.57751e+06 1.42118e+06 867257 1.10002e+06
pelacespred
 1.82638e+06 1.08932e+06 536912 449143 495451 871062 432426 502352 327613 204238 297915 332986 356948 268713 278067 650887 594443 1.78848e+06 1.4351e+06 949610 1.63776e+06 1.40754e+06 1.10721e+06 1.92245e+06 1.36772e+06 1.21932e+06 1.65614e+06 1.63961e+06 1.19898e+06 829648 1.06303e+06
mphobs
 0 0 0 0 0 0 0 0 0 0 0 0 498337 0 5186 125008 0 168611 109162 213762 579715 649985 157893 87575 83554 210694 70296 0 107559 103333 445601
mphpred
 2.07507e+06 1.38151e+06 663381 367616 402312 482180 651477 351600 321983 204212 125591 256669 273715 219887 134691 174851 638911 564184 1.3117e+06 912684 958732 1.16645e+06 1.12525e+06 898855 1.29155e+06 1.0624e+06 870866 934050 1.37002e+06 895057 517407
desembarqueobs
 494567 514787 250237 358949 120608 361735 552515 73892 212993 205616 52469 317467 293654 387597 252695 516296 358380 742168 942051 627588 828172 859565 418607 520667 417249 300574 415391 372974 316634 284311 391294
desembarquepred
 494570 513906 250654 358981 120613 361742 552540 73897.1 213053 205671 52471.7 317529 293691 387582 252672 516225 358405 742011 941744 627364 828253 859545 418608 520692 417237 300571 415384 372944 316619 284315 391290
Reclutas
 168660 94710 95215.4 144780 117496 210471 84447.4 36629.5 35263.6 46797.5 88712.9 126987 104649 74764.3 69290.2 369371 73275 602088 328835 264557 360084 507462 99060.6 288478 247823 110338 242635 282812 82080.4 60521.1 245043
log_desv_Rt
 0.191591 -0.385474 -0.380152 0.0389234 -0.169885 0.413053 -0.500165 -1.33544 -1.37344 -1.09046 -0.450889 -0.0922083 -0.285681 -0.621953 -0.697991 0.975508 -0.642074 1.46411 0.859264 0.641762 0.950043 1.29313 -0.340561 0.728326 0.57642 -0.232745 0.555264 0.708488 -0.528594 -0.833301 0.56514
SSB
 2.07507e+06 1.38151e+06 663381 367616 402312 482180 651477 351600 321983 204212 125591 256669 273715 219887 134691 174851 638911 564184 1.3117e+06 912684 958732 1.16645e+06 1.12525e+06 898855 1.29155e+06 1.0624e+06 870866 934050 1.37002e+06 895057 517407
BT
 2.91997e+06 1.99562e+06 977908 920303 779938 1.52342e+06 1.08594e+06 762161 665137 480341 461755 728026 762844 777616 643031 1.33402e+06 1.09882e+06 3.17114e+06 2.88975e+06 1.87252e+06 2.96122e+06 2.74745e+06 1.8878e+06 3.17625e+06 2.27254e+06 1.95031e+06 2.73915e+06 2.63306e+06 1.90462e+06 1.42143e+06 1.81379e+06
Ftot
 0.202967 0.375359 0.368962 0.559673 0.186143 0.342453 0.792907 0.134552 0.533717 0.748022 0.164256 0.663827 0.628917 1.0919 0.781114 0.611216 0.400442 0.374445 0.530237 0.494594 0.390799 0.489716 0.291286 0.259396 0.258303 0.207161 0.259786 0.216265 0.196816 0.29398 0.307257
BD_Bspro_t
 0.968165 0.781605 0.577069 0.477737 0.471091 0.565305 0.56236 0.368722 0.429265 0.368757 0.324142 0.580878 0.458028 0.359711 0.247651 0.301046 0.49306 0.449896 0.587834 0.469052 0.435094 0.481066 0.500603 0.483604 0.605054 0.615067 0.62222 0.665301 0.72696 0.64187 0.554642
BD_Bspro
 2.0877 1.38992 0.66742 0.369854 0.404762 0.485116 0.655444 0.353742 0.323943 0.205455 0.126356 0.258232 0.275382 0.221226 0.135511 0.175916 0.642802 0.56762 1.31969 0.918242 0.964571 1.17355 1.1321 0.904329 1.29941 1.06887 0.87617 0.939738 1.37836 0.900508 0.520558
BD_Bo
 1.45452 0.968371 0.464997 0.25768 0.282001 0.337984 0.456653 0.246454 0.225694 0.143142 0.0880331 0.179912 0.191861 0.15413 0.0944119 0.122562 0.447845 0.395465 0.919439 0.639746 0.672023 0.817624 0.788742 0.630053 0.905312 0.744688 0.610434 0.654722 0.960314 0.627391 0.362677
BD_Brms
 7.93301 5.28154 2.53611 1.4054 1.53805 1.84338 2.49061 1.34417 1.23095 0.780704 0.480137 0.981251 1.04642 0.84063 0.514927 0.668458 2.44257 2.15688 5.01466 3.48921 3.66525 4.45936 4.30184 3.43634 4.93761 4.06156 3.32934 3.57089 5.2376 3.42182 1.97806
Sel_flota
 0.70808 0.978762 0.998859 0.99994 0.999997
 0.70808 0.978762 0.998859 0.99994 0.999997
 0.70808 0.978762 0.998859 0.99994 0.999997
 0.70808 0.978762 0.998859 0.99994 0.999997
 0.70808 0.978762 0.998859 0.99994 0.999997
 0.70808 0.978762 0.998859 0.99994 0.999997
 0.70808 0.978762 0.998859 0.99994 0.999997
 0.70808 0.978762 0.998859 0.99994 0.999997
 0.70808 0.978762 0.998859 0.99994 0.999997
 0.70808 0.978762 0.998859 0.99994 0.999997
 0.70808 0.978762 0.998859 0.99994 0.999997
 0.70808 0.978762 0.998859 0.99994 0.999997
 0.70808 0.978762 0.998859 0.99994 0.999997
 0.70808 0.978762 0.998859 0.99994 0.999997
 0.70808 0.978762 0.998859 0.99994 0.999997
 0.70808 0.978762 0.998859 0.99994 0.999997
 0.70808 0.978762 0.998859 0.99994 0.999997
 0.70808 0.978762 0.998859 0.99994 0.999997
 0.70808 0.978762 0.998859 0.99994 0.999997
 0.70808 0.978762 0.998859 0.99994 0.999997
 0.70808 0.978762 0.998859 0.99994 0.999997
 0.70808 0.978762 0.998859 0.99994 0.999997
 0.70808 0.978762 0.998859 0.99994 0.999997
 0.70808 0.978762 0.998859 0.99994 0.999997
 0.70808 0.978762 0.998859 0.99994 0.999997
 0.70808 0.978762 0.998859 0.99994 0.999997
 0.70808 0.978762 0.998859 0.99994 0.999997
 0.70808 0.978762 0.998859 0.99994 0.999997
 0.70808 0.978762 0.998859 0.99994 0.999997
 0.70808 0.978762 0.998859 0.99994 0.999997
 0.70808 0.978762 0.998859 0.99994 0.999997
Sel_reclas
 1 1 1 1 1
 1 1 1 1 1
 1 1 1 1 1
 1 1 1 1 1
 1 1 1 1 1
 1 1 1 1 1
 1 1 1 1 1
 1 1 1 1 1
 1 1 1 1 1
 1 1 1 1 1
 1 1 1 1 1
 1 1 1 1 1
 1 1 1 1 1
 1 1 1 1 1
 1 1 1 1 1
 1 1 1 1 1
 1 1 1 1 1
 1 1 1 1 1
 1 1 1 1 1
 1 1 1 1 1
 1 1 1 1 1
 1 1 1 1 1
 1 1 1 1 1
 1 1 1 1 1
 1 1 1 1 1
 1 1 1 1 1
 1 1 1 1 1
 1 1 1 1 1
 1 1 1 1 1
 1 1 1 1 1
 1 1 1 1 1
Sel_pelaces
 0.961331 1 1 1 1
 0.961331 1 1 1 1
 0.961331 1 1 1 1
 0.961331 1 1 1 1
 0.961331 1 1 1 1
 0.961331 1 1 1 1
 0.961331 1 1 1 1
 0.961331 1 1 1 1
 0.961331 1 1 1 1
 0.961331 1 1 1 1
 0.961331 1 1 1 1
 0.961331 1 1 1 1
 0.961331 1 1 1 1
 0.961331 1 1 1 1
 0.961331 1 1 1 1
 0.961331 1 1 1 1
 0.961331 1 1 1 1
 0.961331 1 1 1 1
 0.961331 1 1 1 1
 0.961331 1 1 1 1
 0.961331 1 1 1 1
 0.961331 1 1 1 1
 0.961331 1 1 1 1
 0.961331 1 1 1 1
 0.961331 1 1 1 1
 0.961331 1 1 1 1
 0.961331 1 1 1 1
 0.961331 1 1 1 1
 0.961331 1 1 1 1
 0.961331 1 1 1 1
 0.961331 1 1 1 1
pf_obs 
 0.8446 0.082 0.0669 0.0065 0
 0.8095 0.147 0.0364 0.0071 0
 0.9664 0.0169 0.016 0.0007 0
 0.9276 0.0648 0.0075 0.0001 0
 0.7033 0.2144 0.0806 0.0017 0
 0.9318 0.0425 0.0243 0.0014 0
 0.5671 0.3108 0.0964 0.0239 0.0018
 0.0768 0.2599 0.5324 0.112 0.0189
 0.490249 0.384438 0.106611 0.0170017 0.00170017
 0.7925 0.1577 0.0466 0.003 0.0002
 0.840416 0.127587 0.0312969 0.00059994 9.999e-05
 0.8084 0.0986 0.0794 0.0134 0.0002
 0.7335 0.1905 0.0724 0.0035 0.0001
 0.4001 0.4547 0.1325 0.0127 0
 0.49795 0.308269 0.164784 0.0264974 0.00249975
 0.9179 0.0499 0.0305 0.0017 0
 0.2467 0.6533 0.0926 0.0074 0
 0.9418 0.0223 0.034 0.0019 0
 0.707729 0.231977 0.0356964 0.0245975 0
 0.517169 0.277429 0.184464 0.0207286 0.00020938
 0.811772 0.124168 0.05621 0.00726502 0.000585176
 0.764997 0.148141 0.077277 0.00933861 0.000247198
 0.163321 0.427699 0.378323 0.0303852 0.000271297
 0.753843 0.0900009 0.118128 0.0371064 0.000921714
 0.721811 0.176058 0.0630433 0.0369309 0.00215725
 0.143369 0.312575 0.442814 0.0836902 0.0175525
 0.692698 0.0596174 0.167031 0.0765114 0.00414204
 0.394062 0.376323 0.152708 0.0712218 0.00568511
 0.125707 0.32114 0.495352 0.0537591 0.00404204
 0.23352 0.215282 0.420074 0.123614 0.00750983
 0.796117 0.104755 0.0508955 0.0450114 0.00322123
pf_pred 
 0.476997 0.138415 0.360376 0.0242106 8.80271e-07
 0.428649 0.323033 0.0667828 0.170119 0.0114159
 0.583747 0.217624 0.113517 0.0229114 0.0621998
 0.734418 0.178516 0.0460534 0.0234527 0.0175607
 0.661185 0.273101 0.0445599 0.0111966 0.0099569
 0.753391 0.180714 0.0533395 0.00851686 0.00403835
 0.470221 0.432205 0.0719572 0.0207406 0.00487571
 0.46859 0.308708 0.182678 0.029529 0.0104954
 0.548882 0.249382 0.118235 0.0685076 0.0149928
 0.726447 0.176997 0.054016 0.0249471 0.0175933
 0.838484 0.130059 0.0205654 0.00609731 0.00479437
 0.748385 0.221247 0.0245571 0.00380056 0.00201046
 0.69384 0.250935 0.0487236 0.00525907 0.00124258
 0.653463 0.268758 0.0640659 0.0121009 0.00161234
 0.76395 0.178996 0.0445867 0.0102724 0.00219478
 0.941883 0.0485422 0.00731292 0.00176857 0.000493735
 0.37612 0.599428 0.0205148 0.00300786 0.000929139
 0.912464 0.0408652 0.0448838 0.00149918 0.000287329
 0.581309 0.392955 0.0121692 0.0130482 0.000518685
 0.620352 0.25581 0.116415 0.0035124 0.00391036
 0.737233 0.186166 0.0520441 0.0230866 0.00146996
 0.755623 0.19643 0.0342131 0.00933536 0.00439909
 0.315001 0.562165 0.0992305 0.0168489 0.00675445
 0.741659 0.102446 0.128467 0.022163 0.00526526
 0.626856 0.30026 0.029299 0.0359237 0.0076606
 0.431144 0.400923 0.135739 0.0129511 0.0192424
 0.72701 0.141145 0.093525 0.0309803 0.0073388
 0.690836 0.244895 0.0335956 0.0217661 0.0089072
 0.340396 0.500805 0.126373 0.0169602 0.0154665
 0.420047 0.244136 0.25631 0.0632868 0.0162199
 0.838188 0.0827061 0.0337491 0.0346283 0.0107283
pobs_RECLAS
 0 0 0 0 0
 0 0 0 0 0
 0 0 0 0 0
 0 0 0 0 0
 0 0 0 0 0
 0 0 0 0 0
 0 0 0 0 0
 0 0 0 0 0
 0 0 0 0 0
 0 0 0 0 0
 0.991045 0.00858322 0.000360255 1.14367e-05 0
 0.934742 0.0480273 0.0164251 0.00080598 0
 0.827803 0.169806 0.00239088 0 0
 0.941827 0.0461693 0.0120037 0 0
 0.791401 0.0380133 0.147996 0.0225897 0
 0.846168 0.0940531 0.0597789 0 0
 0.134021 0.677848 0.182769 0.00536245 0
 0.80878 0.0450904 0.141981 0.00414843 0
 0.846168 0.0940531 0.0597789 0 0
 0.905697 0.0802665 0.012482 0.00150086 5.37128e-05
 0.989698 0.0102097 9.19794e-05 0 0
 0.975433 0.0193895 0.00387452 0.00125025 5.28907e-05
 0.303575 0.632131 0.0575291 0.00676475 0
 0.966965 0.00978017 0.0227588 0.000495775 0
 0.843318 0.132988 0.00938335 0.0141283 0.000182051
 0.564624 0.303363 0.111486 0.0197234 0.00080311
 0.826376 0.0876187 0.0782897 0.00655872 0.00115652
 0.89761 0.0855135 0.0140674 0.00269457 0.000114338
 0.34875 0.467042 0.161289 0.0227151 0.000203297
 0.318654 0.224769 0.449479 0.00709798 0
 0.937255 0.0296025 0.0250945 0.00804832 0
ppred_RECLAS
 0.562705 0.11751 0.299674 0.0201103 7.31147e-07
 0.514172 0.277301 0.0561279 0.142816 0.00958321
 0.664361 0.17729 0.0905426 0.0182539 0.0495527
 0.796746 0.137615 0.0347388 0.0176703 0.0132302
 0.731278 0.217482 0.0347584 0.00872416 0.00775777
 0.810897 0.139359 0.0402753 0.00642367 0.00304566
 0.559023 0.361265 0.0588037 0.0169289 0.00397941
 0.552281 0.26235 0.152084 0.0245568 0.00872765
 0.633345 0.204693 0.09497 0.0549639 0.0120281
 0.791634 0.135907 0.0405572 0.0187088 0.0131931
 0.878565 0.0981821 0.0152077 0.0045039 0.00354125
 0.808281 0.169031 0.0183515 0.00283682 0.00150056
 0.762552 0.195387 0.0371139 0.00400128 0.000945339
 0.732631 0.208473 0.0485227 0.00915345 0.00121953
 0.822243 0.135531 0.0330077 0.0075956 0.00162276
 0.95823 0.0350149 0.00516075 0.00124663 0.000348003
 0.457665 0.521513 0.0174733 0.00255902 0.000790443
 0.936427 0.030014 0.0322753 0.00107683 0.00020637
 0.661496 0.318127 0.00964112 0.0103256 0.000410433
 0.697847 0.205021 0.091316 0.00275197 0.00306358
 0.797864 0.144107 0.0394408 0.0174761 0.00111266
 0.813349 0.150668 0.0256844 0.0070002 0.0032985
 0.391415 0.501336 0.0866597 0.0146981 0.00589186
 0.801859 0.0795738 0.0977256 0.0168409 0.00400064
 0.701318 0.241347 0.0230643 0.0282478 0.0060234
 0.514509 0.344275 0.114168 0.010881 0.0161657
 0.789246 0.110082 0.0714361 0.023637 0.00559896
 0.757274 0.193114 0.025948 0.0167927 0.00687159
 0.418792 0.443495 0.109617 0.0146953 0.0134003
 0.505361 0.210784 0.216708 0.0534489 0.0136977
 0.879485 0.0622495 0.0248742 0.0254938 0.00789784
pobs_PELACES
 0 0 0 0 0
 0 0 0 0 0
 0 0 0 0 0
 0 0 0 0 0
 0 0 0 0 0
 0 0 0 0 0
 0 0 0 0 0
 0 0 0 0 0
 0 0 0 0 0
 0 0 0 0 0
 0 0 0 0 0
 0 0 0 0 0
 0 0 0 0 0
 0 0 0 0 0
 0 0 0 0 0
 0 0 0 0 0
 0.505614 0.472636 0.0217494 0 0
 0 0 0 0 0
 0.443492 0.261883 0.143347 0.151278 0
 0.227955 0.32914 0.350689 0.0885471 0.00366901
 0.970185 0.0296113 0.000203453 0 0
 0.997202 0.00247181 0.000326279 0 0
 0.445219 0.490057 0.0546422 0.010081 0
 0.90214 0.0892962 0.00764917 0.000914606 0
 0 0 0 0 0
 0.581667 0.319106 0.0959925 0.00289975 0.000334073
 0.762889 0.0836404 0.116647 0.0363945 0.000428098
 0.88444 0.0763242 0.0277011 0.0115352 0
 0.521256 0.241999 0.230069 0.00667565 0
 0.616807 0.101726 0.260614 0.0208532 0
 0.833518 0.0704572 0.0857862 0.0102388 0
ppred_PELACES
 0.557699 0.118973 0.302996 0.0203318 7.39195e-07
 0.512973 0.278294 0.0561888 0.142952 0.00959225
 0.663179 0.178124 0.0907466 0.0182926 0.0496575
 0.798648 0.136495 0.0343284 0.017458 0.0130711
 0.726819 0.221143 0.0352999 0.00885949 0.00787808
 0.809629 0.140377 0.0404777 0.00645515 0.00306057
 0.566982 0.355086 0.0574948 0.0165474 0.00388967
 0.545585 0.266373 0.154279 0.02491 0.00885314
 0.635626 0.203745 0.094196 0.0545056 0.0119277
 0.796401 0.133032 0.039503 0.0182177 0.0128466
 0.875921 0.100341 0.0155252 0.00459766 0.00361496
 0.81142 0.16635 0.0179812 0.00277891 0.00146991
 0.765704 0.192937 0.036496 0.00393378 0.000929381
 0.744162 0.199803 0.0461691 0.00870605 0.0011599
 0.826811 0.132212 0.032033 0.00736924 0.00157437
 0.958858 0.0345107 0.00506586 0.00122344 0.000341526
 0.45678 0.522417 0.0174572 0.00255629 0.000789595
 0.936149 0.0301853 0.032379 0.00108014 0.000207004
 0.663317 0.316484 0.00955766 0.0102343 0.000406799
 0.699069 0.204408 0.0907448 0.00273428 0.00304385
 0.797255 0.14465 0.0394871 0.0174941 0.00111381
 0.814098 0.150159 0.0255145 0.00695269 0.00327608
 0.388305 0.504071 0.0869643 0.0147482 0.00591192
 0.799429 0.0806336 0.0988569 0.0170343 0.00404656
 0.69795 0.244151 0.0232923 0.0285245 0.00608236
 0.50938 0.348053 0.115263 0.0109845 0.0163194
 0.786674 0.111518 0.0722438 0.0239021 0.00566172
 0.753612 0.196086 0.0263095 0.0170254 0.00696677
 0.413558 0.447629 0.110495 0.0148119 0.0135066
 0.502351 0.212307 0.217849 0.0537246 0.0137683
 0.878317 0.0629167 0.0250897 0.0257117 0.00796532
pobs_pel_tallas
 0 0 0 0 0 0 0 0 0 0 0 0 0 0 0 0 0 0 0 0 0 0 0 0 0 0
 0 0 0 0 0 0 0 0 0 0 0 0 0 0 0 0 0 0 0 0 0 0 0 0 0 0
 0 0 0 0 0 0 0 0 0 0 0 0 0 0 0 0 0 0 0 0 0 0 0 0 0 0
 0 0 0 0 0 0 0 0 0 0 0 0 0 0 0 0 0 0 0 0 0 0 0 0 0 0
 0 0 0 0 0 0 0 0 0 0 0 0 0 0 0 0 0 0 0 0 0 0 0 0 0 0
 0 0 0 0 0 0 0 0 0 0 0 0 0 0 0 0 0 0 0 0 0 0 0 0 0 0
 0 0 0 0 0 0 0 0 0 0 0 0 0 0 0 0 0 0 0 0 0 0 0 0 0 0
 0 0 0 0 0 0 0 0 0 0 0 0 0 0 0 0 0 0 0 0 0 0 0 0 0 0
 0 0 0 0 0 0 0 0 0 0 0 0 0 0 0 0 0 0 0 0 0 0 0 0 0 0
 0 0 0 0 0 0 0 0 0 0 0 0 0 0 0 0 0 0 0 0 0 0 0 0 0 0
 0 0 0 0 0 0 0 0 0 0 0 0 0 0 0 0 0 0 0 0 0 0 0 0 0 0
 0 0 0 0 0 0 0 0 0 0 0 0 0 0 0 0 0 0 0 0 0 0 0 0 0 0
 0.00862536 0 0 0.000197151 0.00414017 0.0128641 0.00837892 0.0270097 0.101434 0.158115 0.152841 0.127902 0.109271 0.109419 0.0830992 0.0579132 0.0238553 0.00714673 0.00463305 0.00128148 0.00103504 0.000492878 0.000147863 0.000147863 4.92878e-05 0
 0 0 0 0 0 0 0 0 0 0 0 0 0 0 0 0 0 0 0 0 0 0 0 0 0 0
 0 0 0 0 0 0 0 0.0054083 0.00873648 0.0413646 0.0450493 0.0745869 0.0622846 0.0627006 0.0613931 0.0827291 0.12552 0.122667 0.0946155 0.0697135 0.0546179 0.0294188 0.0215738 0.0213955 0.0102223 0.00600262
 0 0 0 0 0.00359764 0.0251062 0.0480494 0.140153 0.205849 0.193036 0.1447 0.116669 0.0760912 0.0342217 0.00950174 0.001854 0.000860785 0 0 0 0.000165536 0 0.000143464 0 0 0
 0 0 0 0 0 0 0 0.000145254 0.000435761 0.0275982 0.070085 0.0708112 0.156366 0.174668 0.174014 0.160142 0.0824315 0.0480064 0.0283245 0.00493863 0.00203355 0 0 0 0 0
 0 0 0 0 0 0 0 0 0 0 0 0 0 0 0 0 0 0 0 0 0 0 0 0 0 0
 0 0 1.00437e-05 0.000401748 0.00122533 0.00171747 0.00176769 0.0269171 0.070346 0.194647 0.189555 0.159765 0.064822 0.0314167 0.0384472 0.0292271 0.0345202 0.0313363 0.0194345 0.0106764 0.0143323 0.0359363 0.0279516 0.0138201 0.00172751 0
 0 0.0021121 0.0136068 0.0755702 0.200478 0.177729 0.0527432 0.0373336 0.0318909 0.0142505 0.0149659 0.0166563 0.0217959 0.0798694 0.0677717 0.0528807 0.04013 0.0224614 0.0357745 0.0225083 0.00881397 0.00855152 0.00135912 0.000746735 0 0
 0 0 0 0 5.4009e-05 0.00500934 0.000945158 0.0243581 0.138947 0.33067 0.221406 0.137944 0.0707744 0.0437923 0.0131692 0.00525238 0.0047753 0.00276346 9.45158e-05 9.00151e-06 2.25038e-05 9.00151e-06 4.50075e-06 0 0 0
 0.000866109 0.00284123 0.00948549 0.0512746 0.133035 0.25785 0.225252 0.132002 0.0553304 0.0519788 0.0540692 0.017754 0.00435017 0.00159236 0.00146478 0.000404838 0.000125132 0.000115318 0.000107957 0.000100596 0 0 0 0 0 0
 0 0 0 0 0.00144013 0.00171154 0.00461396 0.0210425 0.0478622 0.0707936 0.0888783 0.103762 0.0637923 0.0337046 0.0602308 0.124433 0.169614 0.0934646 0.0462172 0.0250306 0.0313229 0.00938855 0.002487 0.000210481 0 0
 0 0.00764035 0.051015 0.0998891 0.058973 0.0496711 0.0374665 0.0718981 0.12319 0.153886 0.159021 0.0857701 0.0377988 0.023471 0.0147837 0.00900784 0.00315554 0.000888139 0.00291439 0.00214683 0.00393193 0.00274676 0.000635225 9.99891e-05 0 0
 0 0 0 0 0 0 0 0 0 0 0 0 0 0 0 0 0 0 0 0 0 0 0 0 0 0
 0 0 0 0 0 0 0 0 0 0 0 0 0 0 0 0 0 0 0 0 0 0 0 0 0 0
 0 0 0 0 0 0 0 0 0 0 0 0 0 0 0 0 0 0 0 0 0 0 0 0 0 0
 0 0 0 0 0 0 0 0 0 0 0 0 0 0 0 0 0 0 0 0 0 0 0 0 0 0
 0 0 0 0 0 0 0 0 0 0 0 0 0 0 0 0 0 0 0 0 0 0 0 0 0 0
 0 0 0 0 0 0 0 0 0 0 0 0 0 0 0 0 0 0 0 0 0 0 0 0 0 0
 0 0 0 0 0 0 0 0 0 0 0 0 0 0 0 0 0 0 0 0 0 0 0 0 0 0
ppred_pel_tallas
 1.10814e-16 4.59369e-05 0.000446523 0.0029673 0.0134889 0.0419692 0.0894202 0.130514 0.130526 0.0894786 0.0421666 0.014065 0.00443472 0.00372077 0.00647159 0.0111654 0.0173325 0.0243979 0.0317087 0.0388084 0.0454299 0.0511398 0.0550339 0.0559231 0.0529824 0.046363
 1.17653e-16 4.2253e-05 0.000410714 0.00272934 0.0124072 0.0386036 0.08225 0.120052 0.120079 0.0823814 0.0390452 0.013684 0.00593874 0.00743215 0.0134247 0.022259 0.0323936 0.0414936 0.0472709 0.0488343 0.0472726 0.0448792 0.043602 0.0439182 0.0448353 0.0447615
 1.12903e-16 5.46252e-05 0.000530976 0.00352853 0.0160402 0.049907 0.106333 0.1552 0.155217 0.106417 0.0501911 0.0168622 0.00559781 0.00506762 0.00872823 0.0144965 0.0212436 0.0275014 0.0318209 0.0335796 0.0333341 0.0323516 0.0317025 0.0316419 0.0316606 0.0309923
 1.04989e-16 6.57836e-05 0.00063944 0.0042493 0.0193167 0.0601016 0.128053 0.1869 0.186913 0.128118 0.060318 0.0199424 0.00582139 0.00407661 0.00660953 0.0108657 0.0157498 0.0200322 0.0225141 0.0226661 0.020941 0.0184414 0.016212 0.0147121 0.0137797 0.0129607
 1.03297e-16 5.98672e-05 0.00058193 0.00386713 0.0175794 0.0546963 0.116537 0.170094 0.170115 0.116641 0.0550461 0.0185901 0.00640439 0.00612218 0.010586 0.0174173 0.0251116 0.0316378 0.0349677 0.0341714 0.0299651 0.0242115 0.0187878 0.0147045 0.0119855 0.0101197
 1.0237e-16 6.66881e-05 0.000648232 0.00430773 0.0195823 0.060928 0.129814 0.18947 0.189484 0.12988 0.0611507 0.0202259 0.00592474 0.00418342 0.00679604 0.0111698 0.0161776 0.0205387 0.0229889 0.0229365 0.02079 0.0176376 0.0145495 0.012063 0.0101518 0.0085346
 1.04068e-16 4.67017e-05 0.000453957 0.0030167 0.0137135 0.042668 0.09091 0.132693 0.132727 0.0910773 0.0432298 0.0153363 0.00709077 0.00934984 0.016948 0.0279616 0.0403152 0.0507823 0.0561001 0.0547606 0.047894 0.0384709 0.0294948 0.0225977 0.0178546 0.0145069
 1.08517e-16 4.49392e-05 0.000436825 0.00290285 0.013196 0.0410577 0.0874787 0.127683 0.127709 0.0876052 0.0414828 0.0144263 0.00600016 0.00722824 0.013031 0.0217017 0.0317943 0.041104 0.0473791 0.0495362 0.0481972 0.0450433 0.0415616 0.0382396 0.0347086 0.0304515
 1.10256e-16 5.23557e-05 0.000508916 0.00338193 0.0153738 0.0478336 0.101915 0.148752 0.148772 0.102012 0.0481583 0.0163132 0.0057461 0.00569021 0.00995292 0.0165317 0.0241917 0.0312413 0.0359968 0.0377145 0.036997 0.0352618 0.0337129 0.0326509 0.0315557 0.0296829
 1.05176e-16 6.55985e-05 0.000637641 0.00423735 0.0192624 0.0599325 0.127693 0.186374 0.186387 0.127756 0.0601437 0.0198729 0.00577182 0.00399415 0.00646037 0.0106303 0.0154364 0.0196916 0.0222386 0.0225647 0.0210993 0.0188868 0.0169026 0.0155517 0.014651 0.0137585
 1.01547e-16 7.21485e-05 0.000701309 0.00466045 0.0211857 0.0659167 0.140443 0.204982 0.204992 0.14049 0.0660754 0.0216442 0.00581158 0.0032148 0.00484742 0.00790421 0.0113906 0.0143491 0.015857 0.0154935 0.0135858 0.0109817 0.00853469 0.00670288 0.00549371 0.00466988
 1.01089e-16 6.68356e-05 0.000649666 0.00431726 0.0196256 0.0610627 0.130101 0.18989 0.189906 0.130179 0.0613256 0.0203847 0.0062222 0.00480659 0.00795691 0.0130362 0.0187433 0.0235074 0.0257744 0.0248257 0.0212027 0.0163413 0.0117202 0.00818485 0.0058338 0.00433558
 1.01655e-16 6.307e-05 0.000613063 0.00407402 0.0185199 0.0576224 0.122771 0.179192 0.179211 0.122862 0.0579278 0.0194021 0.00628902 0.00545041 0.0092558 0.0152165 0.0219469 0.0276653 0.0305929 0.0298971 0.0261684 0.0209921 0.0159782 0.0120144 0.00917346 0.0071002
 1.02453e-16 6.12957e-05 0.000595816 0.00395941 0.0179989 0.0560014 0.119318 0.174152 0.174171 0.119412 0.0563179 0.0189136 0.00625665 0.00561519 0.0096071 0.0158195 0.0228618 0.0289133 0.0321536 0.0317312 0.0282462 0.0232987 0.0184891 0.0146613 0.0118324 0.00961376
 1.01964e-16 6.81034e-05 0.000661989 0.00439915 0.0199979 0.062221 0.132569 0.193491 0.193504 0.132631 0.0624305 0.0206034 0.00591998 0.00398548 0.00639029 0.0104835 0.015158 0.0191928 0.021388 0.0211857 0.0189838 0.0158354 0.0127856 0.0103728 0.00858713 0.0071549
 1.00336e-16 7.89799e-05 0.000767713 0.00510172 0.0231917 0.072158 0.15374 0.224389 0.224392 0.153757 0.0722125 0.0233493 0.00549746 0.00163165 0.00171991 0.00271873 0.00390959 0.00491792 0.00542057 0.0052698 0.00457596 0.00363031 0.00272917 0.00203643 0.00156392 0.00124014
 1.01028e-16 3.76245e-05 0.000365723 0.00243036 0.0110481 0.034375 0.0732415 0.106909 0.106959 0.073487 0.0351992 0.0134274 0.00839808 0.0133782 0.024706 0.0406671 0.0583033 0.0727367 0.0790218 0.0748777 0.0620768 0.0453172 0.0295162 0.0176029 0.0100605 0.00585832
 1.01086e-16 7.71093e-05 0.00074953 0.00498089 0.0226424 0.0704489 0.150099 0.219075 0.219078 0.150113 0.0704976 0.0227834 0.00533698 0.00153371 0.00158638 0.0025524 0.00378946 0.00501388 0.00598344 0.00657074 0.0068064 0.00680442 0.00663947 0.0062918 0.00569866 0.00484778
 1.01452e-16 5.46366e-05 0.000531088 0.00352927 0.0160435 0.0499176 0.106356 0.155236 0.155266 0.106505 0.0504169 0.017485 0.00714499 0.00841553 0.0150031 0.0246501 0.035349 0.044129 0.0480067 0.0456183 0.038054 0.0281655 0.0189164 0.0120393 0.00776468 0.00540286
 1.03461e-16 5.75814e-05 0.000559712 0.00371948 0.0169082 0.0526079 0.112088 0.163599 0.163619 0.112184 0.0529331 0.0178487 0.0060847 0.00573776 0.00993467 0.0164444 0.023941 0.0306383 0.0347298 0.0353388 0.0329713 0.0290484 0.024936 0.0212714 0.0179922 0.0148067
 1.0312e-16 6.56688e-05 0.000638325 0.00424189 0.019283 0.0599967 0.12783 0.186574 0.186588 0.127898 0.0602262 0.0199462 0.00590823 0.00428159 0.00700161 0.0115153 0.0166865 0.0212062 0.0237852 0.023832 0.0217855 0.0187752 0.0158908 0.0136456 0.0119497 0.0104475
 1.02027e-16 6.70562e-05 0.00065181 0.00433151 0.0196904 0.0612643 0.130531 0.190516 0.190531 0.130601 0.0615019 0.0203768 0.00605486 0.00441519 0.00721823 0.0118372 0.0170695 0.0215167 0.0238006 0.023287 0.0204551 0.016558 0.0128578 0.0100331 0.00810206 0.00673204
 1.05118e-16 3.19843e-05 0.000310899 0.00206603 0.00939191 0.029222 0.0622623 0.0908839 0.0909325 0.0624998 0.0300196 0.0116959 0.00785058 0.0129423 0.0240321 0.039707 0.0572601 0.0721367 0.0796998 0.0777911 0.0679893 0.0544847 0.0415278 0.0314511 0.0244106 0.0193999
 1.05267e-16 6.58479e-05 0.000640065 0.00425346 0.0193356 0.0601603 0.128178 0.187081 0.187089 0.128217 0.0602907 0.0197142 0.00521058 0.00275206 0.00414326 0.00691882 0.0103655 0.0138823 0.0168809 0.0190603 0.0205051 0.021465 0.0220215 0.0219609 0.0209538 0.018854
 1.04625e-16 5.74893e-05 0.000558816 0.00371353 0.0168812 0.0525238 0.111908 0.163338 0.163362 0.112023 0.0529097 0.0179957 0.00651078 0.00666434 0.0116508 0.0191661 0.0275989 0.034707 0.0382596 0.0372623 0.032567 0.0263056 0.0206062 0.016581 0.014173 0.0126752
 1.07279e-16 4.19571e-05 0.000407838 0.00271023 0.0123203 0.0383332 0.0816743 0.119213 0.119247 0.0818388 0.0388858 0.0139176 0.00672478 0.00918831 0.0167665 0.0277797 0.0403113 0.0513142 0.0576885 0.0579776 0.0531733 0.0459139 0.0387673 0.0329792 0.0284268 0.0243989
 1.05469e-16 6.47973e-05 0.000629853 0.00418559 0.0190271 0.0592005 0.126133 0.184097 0.184108 0.126186 0.0593788 0.0195435 0.00548638 0.00348509 0.00553346 0.00916653 0.0134838 0.017559 0.0204863 0.0218455 0.021906 0.0213376 0.0206778 0.0200057 0.0190326 0.0174389
 1.03696e-16 6.20741e-05 0.000603382 0.00400969 0.0182275 0.0567125 0.120833 0.176363 0.176382 0.120925 0.0570227 0.0191233 0.00625853 0.00551338 0.00938958 0.0154321 0.0222445 0.0280217 0.0309745 0.0302972 0.0266517 0.0217153 0.017162 0.0138665 0.0117941 0.0104153
 1.07075e-16 3.40643e-05 0.000331117 0.00220039 0.0100027 0.0311223 0.066311 0.0967918 0.0968351 0.0665222 0.0318317 0.0120527 0.00734969 0.011584 0.0214404 0.0354826 0.0513237 0.0649855 0.0724155 0.0717223 0.0642526 0.0535758 0.0432419 0.0350931 0.0291139 0.0243839
 1.14059e-16 4.1378e-05 0.000402209 0.00267282 0.0121503 0.0378041 0.0805464 0.117564 0.117585 0.080648 0.0381463 0.0131426 0.00517878 0.00592279 0.0106733 0.017966 0.0267827 0.0355848 0.0427909 0.0476314 0.050451 0.0521273 0.0531322 0.0530924 0.0511653 0.046798
 1.04667e-16 7.23458e-05 0.000703227 0.00467319 0.0212436 0.0660969 0.140827 0.205542 0.205548 0.140856 0.0661971 0.0215336 0.00540289 0.00230239 0.00312823 0.00510782 0.00747427 0.00966929 0.0111874 0.0118271 0.0118089 0.0115993 0.0115735 0.0117857 0.011991 0.0118492
pSPR Fmed_Fpbrs
0.561125   0.23335 0.23335
Fs Fmed_Fpbrs
0.34   1.005 1.005
SSBpbr Bo_Bmed_Bpbrs
1.42664e+06  729189  261574 261574
Ro
139253
SPR SPRFo_SPRFmed_SPRFpbrs
993947 557729 231938
Fref
1.005
Nvult_r0
 200795 15593.2 6270.09 6428.4 1991.52
CTP_r0
 83482.1 7732.37 3141.07 3222.12 998.243
YTP_r0
1.03605e+06
Np
 190408 34382.5 9976.32 663.814 299.719
Nvult_p0
 156025 29652.6 8631.37 574.419 259.359
CTP_p0
 64868.7 31014.5 2134.14 850.753 1107.71
 64868.7 14704.2 4323.98 287.917 130.002
YTP_p0
 1.14737e+06 863376
CBA_c0
1.06945e+06
log_Ro
11.664
likeval ReclasPelacesDesembMPH_pf_preclas_ppelaces_ptallas_desvR_qrecl_qpela
 12.4803 16.92 0.0313278 0.0029154 214.812 118.459 101.483 0 23.8556 3.46392e-06 1.39038e-05 0.154947 0 0 0
q_reclas_q_pelaces
1.3011 1.6944
M
1
N
 168660 36202.4 92511.5 6208.88 0.225736
 94710 53740.5 10918.6 27787.8 1864.63
 95215.4 26709.9 13691.6 2760.85 7494.78
 144780 26974.4 6847.67 3484.2 2608.75
 117496 35835 5737.94 1440.33 1280.79
 210471 37886.9 10987.2 1752.72 831.029
 84447.4 60755.8 9968.44 2871.03 674.896
 36629.5 17719.9 10286.1 1661 590.334
 35263.6 12250.7 5714.42 3308.18 723.959
 46797.5 8890.08 2672.99 1233.54 869.885
 88712.9 10136.8 1572.71 465.813 366.253
 126987 29052.3 3175.3 491.021 259.735
 104649 29196.3 5581.01 601.898 142.207
 74764.3 24662.6 5803.63 1095.46 145.955
 69290.2 12694.7 3116.08 717.362 153.263
 369371 14661.3 2174.2 525.373 146.663
 73275 88147.6 2965.3 434.371 134.172
 602088 20301.1 21912.9 731.244 140.142
 328835 169910 5176.77 5545.89 220.447
 264557 83105.2 37199.3 1121.37 1248.36
 360084 68569.2 18840.7 8349.99 531.632
 507462 100446 17207.5 4691.08 2210.47
 99060.6 131982 22880.9 3881.37 1555.9
 288478 29650.5 36509.2 6292.45 1494.81
 247823 88318.3 8462.05 10365.3 2210.25
 110338 75930.2 25232.4 2405.08 3573.21
 242635 35053 22806.7 7547.41 1787.79
 282812 74262.6 10000.1 6472.5 2648.57
 82080.4 89268.5 22107.9 2964.1 2702.92
 60521.1 26267.7 27085.9 6681.51 1712.33
 245043 18080.5 7247.11 7428.83 2301.43
pred_Ctot
 14440.5 4190.35 10910 732.947 0.0266492
 14278.4 10760.3 2224.55 5666.69 380.267
 14135.4 5269.74 2748.79 554.796 1506.16
 30920.6 7515.91 1938.95 987.41 739.344
 9270.93 3829.34 624.804 156.995 139.612
 29218.4 7008.56 2068.64 330.306 156.618
 23992.9 22053.2 3671.6 1058.28 248.782
 2120.62 1397.07 826.716 133.635 47.4974
 7233.34 3286.44 1558.14 902.814 197.58
 12694.1 3092.89 943.891 435.932 307.43
 6215.93 964.169 152.457 45.2012 35.5421
 31268.3 9243.94 1026.02 158.791 83.9994
 24644.9 8913.08 1730.64 186.8 44.136
 27064.4 11131.1 2653.41 501.184 66.7783
 19454.6 4558.28 1135.44 261.595 55.8918
 84946.6 4377.93 659.539 159.504 44.529
 11702.3 18650.2 638.285 93.5844 28.9086
 90572.4 4056.33 4455.22 148.81 28.5206
 67075.8 45342 1404.17 1505.6 59.8497
 50834.4 20962.2 9539.59 287.822 320.432
 56274.1 14210.4 3972.61 1762.24 112.204
 96677.2 25132 4377.36 1194.4 562.837
 11868.2 21180.6 3738.69 634.813 254.486
 31059.2 4290.23 5379.93 928.144 220.498
 26578 12730.7 1242.24 1523.12 324.8
 9630.61 8955.56 3032.06 289.293 429.824
 26159.9 5078.81 3365.29 1114.76 264.071
 25702.1 9111.14 1249.9 809.792 331.386
 6826.75 10043.8 2534.44 340.142 310.186
 7312.35 4250.02 4461.96 1101.72 282.362
 30827.5 3041.82 1241.25 1273.58 394.573
F
 0.143717 0.198657 0.202736 0.202955 0.202967
 0.265784 0.367388 0.374931 0.375337 0.375358
 0.261255 0.361126 0.368541 0.36894 0.368961
 0.396293 0.547787 0.559034 0.559639 0.559671
 0.131804 0.18219 0.185931 0.186132 0.186143
 0.242484 0.33518 0.342062 0.342432 0.342451
 0.561441 0.776067 0.792002 0.792859 0.792904
 0.0952735 0.131694 0.134399 0.134544 0.134552
 0.377914 0.522383 0.533109 0.533685 0.533716
 0.529659 0.732136 0.747169 0.747978 0.74802
 0.116306 0.160767 0.164068 0.164246 0.164255
 0.470042 0.649728 0.663069 0.663787 0.663824
 0.445323 0.61556 0.6282 0.628879 0.628915
 0.773155 1.06871 1.09066 1.09184 1.0919
 0.553091 0.764525 0.780223 0.781067 0.781111
 0.43279 0.598235 0.610519 0.611179 0.611214
 0.283545 0.391938 0.399986 0.400418 0.400441
 0.265137 0.366493 0.374018 0.374423 0.374444
 0.37545 0.518976 0.529632 0.530205 0.530235
 0.350212 0.48409 0.49403 0.494565 0.494593
 0.276717 0.382499 0.390353 0.390775 0.390798
 0.346758 0.479316 0.489158 0.489687 0.489715
 0.206254 0.2851 0.290954 0.291268 0.291285
 0.183673 0.253887 0.2591 0.25938 0.259395
 0.182899 0.252818 0.258009 0.258288 0.258303
 0.146687 0.202761 0.206925 0.207149 0.20716
 0.183949 0.254269 0.25949 0.259771 0.259786
 0.153133 0.211672 0.216019 0.216252 0.216265
 0.139361 0.192636 0.196591 0.196804 0.196815
 0.208161 0.287736 0.293645 0.293962 0.293979
 0.217562 0.300732 0.306906 0.307238 0.307256
YTP_r0W_actual
 692901 109026 86693.6 110197 37234.4
YTP_p0W_proyectada
 489110 541203 51368.7 26645.6 39046.9
 489110 256588 104078 9017.56 4582.59
CTP_r0_actual
 83482.1 7732.37 3141.07 3222.12 998.243
CTP_p0_proyectada
 64868.7 31014.5 2134.14 850.753 1107.71
 64868.7 14704.2 4323.98 287.917 130.002
Wmedp
 7.54 17.45 24.07 31.32 35.25
Frms_r0
 0.71162 0.983656 1.00385 1.00494 1.005
Zrms_r0
 1.71162 1.98366 2.00385 2.00494 2.005
nmprior
 7.29 8.9 8.7 0
nm_flota  nm_reclas  nm_pelaces    nm_pelaL
inf 13.801 19.7651 48.3805
cv_recla  cv_pelaces  cv_mph
0.319549 0.466415 1.49754
 ------------------------------------------------
Talla a la edad & desviaci?n 
 8 13.2811 15.8009 17.003 17.5766
 0.8 1.32811 1.58009 1.7003 1.75766
