years
 1991 1992 1993 1994 1995 1996 1997 1998 1999 2000 2001 2002 2003 2004 2005 2006 2007 2008 2009 2010 2011 2012 2013 2014 2015 2016 2017 2018 2019 2020 2021 2022
reclasobs
 0 0 0 0 0 0 0 0 0 252601 567819 844713 477998 351125 339783 2.1784e+06 2.13404e+06 4.81314e+06 1.55562e+06 2.62356e+06 3.21686e+06 3.843e+06 1.13348e+06 3.07943e+06 1.97215e+06 2.03268e+06 2.025e+06 2.42433e+06 2.27542e+06 1.05018e+06 2.36338e+06 3.18982e+06
reclaspred
 3.306e+06 1.8109e+06 918584 921596 924452 1.53022e+06 868714 763639 546663 376573 501801 673335 653817 487902 490416 1.36098e+06 1.23086e+06 3.11438e+06 2.47138e+06 1.80265e+06 3.1133e+06 2.54635e+06 1.96113e+06 3.06475e+06 2.27868e+06 2.02625e+06 2.42204e+06 2.67426e+06 2.17818e+06 1.48087e+06 2.04223e+06 2.22272e+06
pelacesobs
 0 0 0 0 0 0 0 0 0 0 0 0 0 0 0 552880 188675 0 991730 2.46772e+06 1.41603e+06 1.21717e+06 2.29649e+06 1.80582e+06 0 1.4828e+06 1.56532e+06 1.57751e+06 1.42118e+06 867257 1.10002e+06 1.06204e+06
pelacespred
 1.801e+06 1.08178e+06 537499 444258 479194 822407 406990 476705 313962 200150 287737 318732 342236 261702 273904 642271 583293 1.73979e+06 1.39093e+06 926975 1.60747e+06 1.37646e+06 1.08084e+06 1.88043e+06 1.32666e+06 1.18642e+06 1.62472e+06 1.60894e+06 1.18297e+06 921450 1.08013e+06 1.21284e+06
mphobs
 0 0 0 0 0 0 0 0 0 0 0 0 498337 0 5186 125008 0 168611 109162 213762 579715 649985 157893 87575 83554 210694 70296 0 107559 103333 445601 22526
mphpred
 377216 250932 121186 67190.6 72107 84641.2 111557 60955.4 55918.9 36031.7 22542.1 44744.2 47733.1 38550.7 23973.4 31284.6 113964 101941 230475 162276 171438 208636 200425 161372 229174 188876 155436 166484 244545 165688 108926 195008
desembarqueobs
 494567 514787 250237 358949 120608 361735 552515 73892 212993 205616 52469 317467 293654 387597 252695 516296 358380 742168 942051 627588 828172 859565 418607 520667 417249 300574 415391 372974 316634 284311 391294 218835
desembarquepred
 494570 513852 250674 358984 120614 361745 552547 73897.1 213053 205671 52471.7 317531 293695 387591 252674 516227 358403 742017 941755 627376 828252 859552 418609 520693 417240 300571 415385 372946 316619 284304 391252 218838
Reclutas
 173101 96028.9 98990.8 147628 120454 211308 85377.9 37841.9 36280.9 48132.4 91524.7 128939 106491 75885.4 71583.7 384776 76573 620891 339319 273149 374937 522783 103977 300903 258816 116137 255059 299123 94994.2 87285 244433 102217
log_desv_Rt
 0.183851 -0.405378 -0.375 0.0246659 -0.178758 0.38329 -0.522939 -1.33661 -1.37874 -1.09607 -0.453419 -0.110687 -0.301968 -0.640803 -0.69916 0.982635 -0.631783 1.46113 0.856915 0.63999 0.95673 1.28914 -0.325858 0.736761 0.586092 -0.215253 0.571469 0.730829 -0.416212 -0.500848 0.528916 -0.342929
SSB
 2.27536e+06 1.51361e+06 730988 405292 434948 510553 672911 367682 337302 217342 135973 269896 287925 232537 144607 188708 687427 614903 1.39022e+06 978842 1.03411e+06 1.25848e+06 1.20896e+06 973391 1.38237e+06 1.13929e+06 937588 1.00423e+06 1.47509e+06 999429 657039 1.17628e+06
BT
 3.16661e+06 2.15521e+06 1.06387e+06 974964 826038 1.56179e+06 1.11411e+06 792426 690812 502139 483984 750458 787470 800793 670794 1.39746e+06 1.16958e+06 3.31013e+06 3.02257e+06 1.9751e+06 3.12419e+06 2.89691e+06 2.01158e+06 3.35476e+06 2.41076e+06 2.0758e+06 2.90426e+06 2.80278e+06 2.0662e+06 1.68255e+06 1.97987e+06 2.02193e+06
Ftot
 0.187561 0.346101 0.339895 0.529844 0.177516 0.338156 0.774546 0.130555 0.516409 0.71464 0.159989 0.649644 0.613374 1.0636 0.757004 0.594745 0.376141 0.364354 0.509241 0.471842 0.372121 0.46845 0.27396 0.248455 0.245262 0.195742 0.247856 0.206506 0.181677 0.24764 0.28408 0.128951
BD_Bspro_t
 0.970553 0.796922 0.602327 0.505712 0.494626 0.583223 0.572814 0.381139 0.443069 0.384955 0.342832 0.593698 0.471262 0.373082 0.261369 0.317289 0.511572 0.471271 0.602362 0.487018 0.454575 0.500861 0.520186 0.505495 0.622832 0.633062 0.640723 0.681966 0.742281 0.668471 0.609051 0.700376
BD_Bspro
 2.1947 1.45996 0.705078 0.390926 0.419531 0.492456 0.649059 0.354649 0.325346 0.209638 0.131153 0.260329 0.277719 0.224294 0.139481 0.182019 0.66306 0.593107 1.34094 0.944146 0.997454 1.21388 1.16611 0.938888 1.33337 1.09891 0.904354 0.96863 1.42281 0.964003 0.63375 1.13459
BD_Bo
 1.46801 0.97655 0.471617 0.261485 0.280619 0.329398 0.434147 0.23722 0.217619 0.140224 0.0877268 0.174131 0.185763 0.150028 0.0932971 0.12175 0.443512 0.396722 0.896939 0.631527 0.667184 0.811946 0.779994 0.62801 0.891875 0.735047 0.604911 0.647904 0.951696 0.644809 0.423907 0.75891
BD_Brms
 2.66911 1.77554 0.857486 0.475428 0.510216 0.598905 0.789358 0.431309 0.395672 0.254953 0.159503 0.316601 0.33775 0.272778 0.169631 0.221364 0.806386 0.721312 1.6308 1.14823 1.21306 1.47627 1.41817 1.14184 1.62159 1.33645 1.09984 1.17801 1.73036 1.17238 0.77074 1.37984
Sel_flota
 0.683783 0.976239 0.998721 0.999933 0.999996
 0.683783 0.976239 0.998721 0.999933 0.999996
 0.683783 0.976239 0.998721 0.999933 0.999996
 0.683783 0.976239 0.998721 0.999933 0.999996
 0.683783 0.976239 0.998721 0.999933 0.999996
 0.683783 0.976239 0.998721 0.999933 0.999996
 0.683783 0.976239 0.998721 0.999933 0.999996
 0.683783 0.976239 0.998721 0.999933 0.999996
 0.683783 0.976239 0.998721 0.999933 0.999996
 0.683783 0.976239 0.998721 0.999933 0.999996
 0.683783 0.976239 0.998721 0.999933 0.999996
 0.683783 0.976239 0.998721 0.999933 0.999996
 0.683783 0.976239 0.998721 0.999933 0.999996
 0.683783 0.976239 0.998721 0.999933 0.999996
 0.683783 0.976239 0.998721 0.999933 0.999996
 0.683783 0.976239 0.998721 0.999933 0.999996
 0.683783 0.976239 0.998721 0.999933 0.999996
 0.683783 0.976239 0.998721 0.999933 0.999996
 0.683783 0.976239 0.998721 0.999933 0.999996
 0.683783 0.976239 0.998721 0.999933 0.999996
 0.683783 0.976239 0.998721 0.999933 0.999996
 0.683783 0.976239 0.998721 0.999933 0.999996
 0.683783 0.976239 0.998721 0.999933 0.999996
 0.683783 0.976239 0.998721 0.999933 0.999996
 0.683783 0.976239 0.998721 0.999933 0.999996
 0.683783 0.976239 0.998721 0.999933 0.999996
 0.683783 0.976239 0.998721 0.999933 0.999996
 0.683783 0.976239 0.998721 0.999933 0.999996
 0.683783 0.976239 0.998721 0.999933 0.999996
 0.683783 0.976239 0.998721 0.999933 0.999996
 0.683783 0.976239 0.998721 0.999933 0.999996
 0.683783 0.976239 0.998721 0.999933 0.999996
Sel_reclas
 1 1 1 1 1
 1 1 1 1 1
 1 1 1 1 1
 1 1 1 1 1
 1 1 1 1 1
 1 1 1 1 1
 1 1 1 1 1
 1 1 1 1 1
 1 1 1 1 1
 1 1 1 1 1
 1 1 1 1 1
 1 1 1 1 1
 1 1 1 1 1
 1 1 1 1 1
 1 1 1 1 1
 1 1 1 1 1
 1 1 1 1 1
 1 1 1 1 1
 1 1 1 1 1
 1 1 1 1 1
 1 1 1 1 1
 1 1 1 1 1
 1 1 1 1 1
 1 1 1 1 1
 1 1 1 1 1
 1 1 1 1 1
 1 1 1 1 1
 1 1 1 1 1
 1 1 1 1 1
 1 1 1 1 1
 1 1 1 1 1
 1 1 1 1 1
Sel_pelaces
 1 1 1 1 1
 1 1 1 1 1
 1 1 1 1 1
 1 1 1 1 1
 1 1 1 1 1
 1 1 1 1 1
 1 1 1 1 1
 1 1 1 1 1
 1 1 1 1 1
 1 1 1 1 1
 1 1 1 1 1
 1 1 1 1 1
 1 1 1 1 1
 1 1 1 1 1
 1 1 1 1 1
 1 1 1 1 1
 1 1 1 1 1
 1 1 1 1 1
 1 1 1 1 1
 1 1 1 1 1
 1 1 1 1 1
 1 1 1 1 1
 1 1 1 1 1
 1 1 1 1 1
 1 1 1 1 1
 1 1 1 1 1
 1 1 1 1 1
 1 1 1 1 1
 1 1 1 1 1
 1 1 1 1 1
 1 1 1 1 1
 1 1 1 1 1
pf_obs 
 0.8446 0.082 0.0669 0.0065 0
 0.8095 0.147 0.0364 0.0071 0
 0.9664 0.0169 0.016 0.0007 0
 0.9276 0.0648 0.0075 0.0001 0
 0.7033 0.2144 0.0806 0.0017 0
 0.9318 0.0425 0.0243 0.0014 0
 0.5671 0.3108 0.0964 0.0239 0.0018
 0.0768 0.2599 0.5324 0.112 0.0189
 0.490249 0.384438 0.106611 0.0170017 0.00170017
 0.7925 0.1577 0.0466 0.003 0.0002
 0.840416 0.127587 0.0312969 0.00059994 9.999e-05
 0.8084 0.0986 0.0794 0.0134 0.0002
 0.7335 0.1905 0.0724 0.0035 0.0001
 0.4001 0.4547 0.1325 0.0127 0
 0.49795 0.308269 0.164784 0.0264974 0.00249975
 0.9179 0.0499 0.0305 0.0017 0
 0.2467 0.6533 0.0926 0.0074 0
 0.9418 0.0223 0.034 0.0019 0
 0.707729 0.231977 0.0356964 0.0245975 0
 0.517169 0.277429 0.184464 0.0207286 0.00020938
 0.811772 0.124168 0.05621 0.00726502 0.000585176
 0.764997 0.148141 0.077277 0.00933861 0.000247198
 0.163321 0.427699 0.378323 0.0303852 0.000271297
 0.753843 0.0900009 0.118128 0.0371064 0.000921714
 0.721811 0.176058 0.0630433 0.0369309 0.00215725
 0.143369 0.312575 0.442814 0.0836902 0.0175525
 0.692698 0.0596174 0.167031 0.0765114 0.00414204
 0.394062 0.376323 0.152708 0.0712218 0.00568511
 0.125707 0.32114 0.495352 0.0537591 0.00404204
 0.23352 0.215282 0.420074 0.123614 0.00750983
 0.796117 0.104755 0.0508955 0.0450114 0.00322123
 0.162477 0.292055 0.404252 0.121198 0.0200186
pf_pred 
 0.454763 0.136623 0.383483 0.0251296 8.76765e-07
 0.407913 0.326379 0.0678001 0.18575 0.0121569
 0.568461 0.219775 0.118171 0.0239074 0.0696863
 0.716642 0.188493 0.0489545 0.0256355 0.020274
 0.644993 0.282968 0.0483976 0.0122096 0.011432
 0.73979 0.188638 0.0573303 0.0095721 0.00466968
 0.460594 0.43704 0.0747535 0.0221244 0.00548814
 0.458106 0.314688 0.185237 0.0306626 0.0113061
 0.537935 0.254307 0.121849 0.0700567 0.0158524
 0.714868 0.183925 0.056445 0.0262699 0.0184924
 0.82824 0.137688 0.0222318 0.0066089 0.0052319
 0.737668 0.229497 0.0264477 0.00416918 0.00221763
 0.681879 0.259833 0.0511908 0.00571898 0.00137873
 0.640013 0.277988 0.0673496 0.0128682 0.00178125
 0.752803 0.186616 0.0471831 0.0110087 0.00238969
 0.938511 0.0511547 0.0078643 0.00192442 0.000545506
 0.363212 0.61124 0.0213619 0.00318665 0.000999195
 0.905616 0.0434906 0.0489038 0.00166376 0.000325539
 0.569492 0.402828 0.0129393 0.0141653 0.000575381
 0.605638 0.26443 0.121807 0.00380119 0.00432368
 0.725738 0.192676 0.0552152 0.0247249 0.00164666
 0.742769 0.205708 0.0364884 0.0101792 0.00485474
 0.305186 0.566573 0.103138 0.017786 0.00731695
 0.728949 0.10654 0.134777 0.0239196 0.00581381
 0.61498 0.307845 0.0308012 0.0380014 0.00837221
 0.420197 0.406357 0.13939 0.0136027 0.0204524
 0.716579 0.145599 0.0972997 0.0325748 0.00794785
 0.681375 0.251366 0.0349793 0.0227984 0.0094821
 0.350071 0.49199 0.125254 0.0170095 0.0156763
 0.472293 0.23159 0.225477 0.056036 0.0146037
 0.788235 0.120732 0.04052 0.038475 0.0120375
 0.45401 0.462356 0.0482186 0.015776 0.0196394
pobs_RECLAS
 0 0 0 0 0
 0 0 0 0 0
 0 0 0 0 0
 0 0 0 0 0
 0 0 0 0 0
 0 0 0 0 0
 0 0 0 0 0
 0 0 0 0 0
 0 0 0 0 0
 0 0 0 0 0
 0.991045 0.00858322 0.000360255 1.14367e-05 0
 0.934742 0.0480273 0.0164251 0.00080598 0
 0.827803 0.169806 0.00239088 0 0
 0.941827 0.0461693 0.0120037 0 0
 0.791401 0.0380133 0.147996 0.0225897 0
 0.846168 0.0940531 0.0597789 0 0
 0.134021 0.677848 0.182769 0.00536245 0
 0.80878 0.0450904 0.141981 0.00414843 0
 0.846168 0.0940531 0.0597789 0 0
 0.905697 0.0802665 0.012482 0.00150086 5.37128e-05
 0.989698 0.0102097 9.19794e-05 0 0
 0.975433 0.0193895 0.00387452 0.00125025 5.28907e-05
 0.303575 0.632131 0.0575291 0.00676475 0
 0.966965 0.00978017 0.0227588 0.000495775 0
 0.843318 0.132988 0.00938335 0.0141283 0.000182051
 0.564624 0.303363 0.111486 0.0197234 0.00080311
 0.826376 0.0876187 0.0782897 0.00655872 0.00115652
 0.89761 0.0855135 0.0140674 0.00269457 0.000114338
 0.34875 0.467042 0.161289 0.0227151 0.000203297
 0.318654 0.224769 0.449479 0.00709798 0
 0.937255 0.0296025 0.0250945 0.00804832 0
 0.456809 0.399803 0.12412 0.0192676 0
ppred_RECLAS
 0.549133 0.114956 0.315276 0.0206345 7.19885e-07
 0.501246 0.277956 0.0563936 0.154306 0.0100983
 0.657859 0.176312 0.092591 0.0187087 0.0545293
 0.787541 0.142502 0.0361241 0.0188924 0.0149401
 0.723675 0.221298 0.0369837 0.00931866 0.00872457
 0.804981 0.1423 0.0422392 0.00704357 0.00343593
 0.557893 0.359931 0.060032 0.0177434 0.0044011
 0.550142 0.263785 0.151737 0.0250865 0.00924947
 0.631005 0.205338 0.0960355 0.0551443 0.0124772
 0.787654 0.138211 0.0413709 0.0192287 0.0135349
 0.874157 0.101347 0.0159902 0.00474762 0.00375818
 0.804788 0.171306 0.0192604 0.00303218 0.00161274
 0.758544 0.198101 0.0380826 0.00424899 0.00102427
 0.727836 0.211446 0.0498837 0.00951755 0.00131735
 0.818266 0.138045 0.0340366 0.00793075 0.00172143
 0.95716 0.0357869 0.00536874 0.00131203 0.00037189
 0.451964 0.526548 0.0179709 0.00267742 0.000839467
 0.933472 0.0310476 0.0340954 0.0011585 0.000226662
 0.658027 0.320491 0.0100489 0.0109869 0.000446247
 0.691783 0.208302 0.0936749 0.00291955 0.00332063
 0.793774 0.145912 0.0408352 0.0182626 0.0012162
 0.807941 0.154335 0.0267265 0.00744638 0.00355114
 0.388331 0.500935 0.0890802 0.0153426 0.00631134
 0.796851 0.0809951 0.100099 0.0177429 0.00431225
 0.697657 0.242898 0.0237427 0.0292565 0.00644517
 0.511619 0.344673 0.11552 0.0112594 0.016928
 0.786203 0.111097 0.0725308 0.0242523 0.00591688
 0.755268 0.194035 0.0263815 0.0171733 0.00714211
 0.437323 0.42835 0.106556 0.0144524 0.0133188
 0.565969 0.193009 0.183581 0.0455672 0.0118746
 0.844097 0.0898042 0.029442 0.0279212 0.00873504
 0.544524 0.387088 0.0394497 0.0128912 0.0160471
pobs_PELACES
 0 0 0 0 0
 0 0 0 0 0
 0 0 0 0 0
 0 0 0 0 0
 0 0 0 0 0
 0 0 0 0 0
 0 0 0 0 0
 0 0 0 0 0
 0 0 0 0 0
 0 0 0 0 0
 0 0 0 0 0
 0 0 0 0 0
 0 0 0 0 0
 0 0 0 0 0
 0 0 0 0 0
 0 0 0 0 0
 0.505614 0.472636 0.0217494 0 0
 0 0 0 0 0
 0.443492 0.261883 0.143347 0.151278 0
 0.227955 0.32914 0.350689 0.0885471 0.00366901
 0.970185 0.0296113 0.000203453 0 0
 0.997202 0.00247181 0.000326279 0 0
 0.445219 0.490057 0.0546422 0.010081 0
 0.90214 0.0892962 0.00764917 0.000914606 0
 0 0 0 0 0
 0.581667 0.319106 0.0959925 0.00289975 0.000334073
 0.762889 0.0836404 0.116647 0.0363945 0.000428098
 0.88444 0.0763242 0.0277011 0.0115352 0
 0.521256 0.241999 0.230069 0.00667565 0
 0.616807 0.101726 0.260614 0.0208532 0
 0.833518 0.0704572 0.0857862 0.0102388 0
 0.697417 0.212968 0.0787535 0.0105354 0.000325836
ppred_PELACES
 0.553867 0.113867 0.311856 0.0204091 7.12019e-07
 0.50989 0.273462 0.0553394 0.1514 0.00990805
 0.665483 0.172599 0.090413 0.0182661 0.053239
 0.796187 0.136885 0.034564 0.0180726 0.0142917
 0.727141 0.218581 0.0364815 0.00919147 0.00860546
 0.810159 0.138617 0.0410428 0.00684315 0.00333813
 0.576506 0.34515 0.0572369 0.0169121 0.00419482
 0.553358 0.262005 0.150567 0.0248918 0.00917766
 0.642931 0.199047 0.0927373 0.0532394 0.012046
 0.799265 0.130902 0.0389757 0.0181102 0.0127474
 0.875871 0.0999903 0.0157574 0.00467819 0.00370321
 0.814541 0.162845 0.0182211 0.00286782 0.00152529
 0.769365 0.189378 0.0362404 0.00404246 0.000974475
 0.748022 0.19611 0.0459021 0.00875417 0.00121166
 0.829072 0.130014 0.0318769 0.00742527 0.00161168
 0.959482 0.0338725 0.00505918 0.00123609 0.000350359
 0.460998 0.517925 0.0176274 0.00262585 0.000823289
 0.935709 0.0300467 0.0329072 0.00111796 0.000218729
 0.669053 0.310233 0.00969059 0.0105929 0.000430243
 0.701645 0.201867 0.0904635 0.00281893 0.00320615
 0.799722 0.14182 0.0395805 0.0176988 0.00117864
 0.814963 0.148795 0.0256777 0.00715283 0.00341112
 0.394718 0.495888 0.0880037 0.0151555 0.00623435
 0.800884 0.0794763 0.0980405 0.0173764 0.00422314
 0.702704 0.238932 0.0233126 0.0287236 0.00632775
 0.516446 0.341414 0.114262 0.0111359 0.0167422
 0.790345 0.109043 0.0710587 0.0237577 0.00579618
 0.758993 0.191144 0.0259486 0.0168902 0.00702433
 0.441723 0.425139 0.105614 0.0143237 0.0132001
 0.572083 0.190486 0.180849 0.0448847 0.0116967
 0.84779 0.0877578 0.0287105 0.0272244 0.008517
 0.547645 0.384492 0.0391476 0.0127918 0.0159234
pobs_pel_tallas
 0 0 0 0 0 0 0 0 0 0 0 0 0 0 0 0 0 0 0 0 0 0 0 0 0 0
 0 0 0 0 0 0 0 0 0 0 0 0 0 0 0 0 0 0 0 0 0 0 0 0 0 0
 0 0 0 0 0 0 0 0 0 0 0 0 0 0 0 0 0 0 0 0 0 0 0 0 0 0
 0 0 0 0 0 0 0 0 0 0 0 0 0 0 0 0 0 0 0 0 0 0 0 0 0 0
 0 0 0 0 0 0 0 0 0 0 0 0 0 0 0 0 0 0 0 0 0 0 0 0 0 0
 0 0 0 0 0 0 0 0 0 0 0 0 0 0 0 0 0 0 0 0 0 0 0 0 0 0
 0 0 0 0 0 0 0 0 0 0 0 0 0 0 0 0 0 0 0 0 0 0 0 0 0 0
 0 0 0 0 0 0 0 0 0 0 0 0 0 0 0 0 0 0 0 0 0 0 0 0 0 0
 0 0 0 0 0 0 0 0 0 0 0 0 0 0 0 0 0 0 0 0 0 0 0 0 0 0
 0 0 0 0 0 0 0 0 0 0 0 0 0 0 0 0 0 0 0 0 0 0 0 0 0 0
 0 0 0 0 0 0 0 0 0 0 0 0 0 0 0 0 0 0 0 0 0 0 0 0 0 0
 0 0 0 0 0 0 0 0 0 0 0 0 0 0 0 0 0 0 0 0 0 0 0 0 0 0
 0.00862536 0 0 0.000197151 0.00414017 0.0128641 0.00837892 0.0270097 0.101434 0.158115 0.152841 0.127902 0.109271 0.109419 0.0830992 0.0579132 0.0238553 0.00714673 0.00463305 0.00128148 0.00103504 0.000492878 0.000147863 0.000147863 4.92878e-05 0
 0 0 0 0 0 0 0 0 0 0 0 0 0 0 0 0 0 0 0 0 0 0 0 0 0 0
 0 0 0 0 0 0 0 0.0054083 0.00873648 0.0413646 0.0450493 0.0745869 0.0622846 0.0627006 0.0613931 0.0827291 0.12552 0.122667 0.0946155 0.0697135 0.0546179 0.0294188 0.0215738 0.0213955 0.0102223 0.00600262
 0 0 0 0 0.00359764 0.0251062 0.0480494 0.140153 0.205849 0.193036 0.1447 0.116669 0.0760912 0.0342217 0.00950174 0.001854 0.000860785 0 0 0 0.000165536 0 0.000143464 0 0 0
 0 0 0 0 0 0 0 0.000145254 0.000435761 0.0275982 0.070085 0.0708112 0.156366 0.174668 0.174014 0.160142 0.0824315 0.0480064 0.0283245 0.00493863 0.00203355 0 0 0 0 0
 0 0 0 0 0 0 0 0 0 0 0 0 0 0 0 0 0 0 0 0 0 0 0 0 0 0
 0 0 1.00437e-05 0.000401748 0.00122533 0.00171747 0.00176769 0.0269171 0.070346 0.194647 0.189555 0.159765 0.064822 0.0314167 0.0384472 0.0292271 0.0345202 0.0313363 0.0194345 0.0106764 0.0143323 0.0359363 0.0279516 0.0138201 0.00172751 0
 0 0.0021121 0.0136068 0.0755702 0.200478 0.177729 0.0527432 0.0373336 0.0318909 0.0142505 0.0149659 0.0166563 0.0217959 0.0798694 0.0677717 0.0528807 0.04013 0.0224614 0.0357745 0.0225083 0.00881397 0.00855152 0.00135912 0.000746735 0 0
 0 0 0 0 5.4009e-05 0.00500934 0.000945158 0.0243581 0.138947 0.33067 0.221406 0.137944 0.0707744 0.0437923 0.0131692 0.00525238 0.0047753 0.00276346 9.45158e-05 9.00151e-06 2.25038e-05 9.00151e-06 4.50075e-06 0 0 0
 0.000866109 0.00284123 0.00948549 0.0512746 0.133035 0.25785 0.225252 0.132002 0.0553304 0.0519788 0.0540692 0.017754 0.00435017 0.00159236 0.00146478 0.000404838 0.000125132 0.000115318 0.000107957 0.000100596 0 0 0 0 0 0
 0 0 0 0 0.00144013 0.00171154 0.00461396 0.0210425 0.0478622 0.0707936 0.0888783 0.103762 0.0637923 0.0337046 0.0602308 0.124433 0.169614 0.0934646 0.0462172 0.0250306 0.0313229 0.00938855 0.002487 0.000210481 0 0
 0 0.00764035 0.051015 0.0998891 0.058973 0.0496711 0.0374665 0.0718981 0.12319 0.153886 0.159021 0.0857701 0.0377988 0.023471 0.0147837 0.00900784 0.00315554 0.000888139 0.00291439 0.00214683 0.00393193 0.00274676 0.000635225 9.99891e-05 0 0
 0 0 0 0 0 0 0 0 0 0 0 0 0 0 0 0 0 0 0 0 0 0 0 0 0 0
 0 0 0 0 0 0 0 0 0 0 0 0 0 0 0 0 0 0 0 0 0 0 0 0 0 0
 0 0 0 0 0 0 0 0 0 0 0 0 0 0 0 0 0 0 0 0 0 0 0 0 0 0
 0 0 0 0 0 0 0 0 0 0 0 0 0 0 0 0 0 0 0 0 0 0 0 0 0 0
 0 0 0 0 0 0 0 0 0 0 0 0 0 0 0 0 0 0 0 0 0 0 0 0 0 0
 0 0 0 0 0 0 0 0 0 0 0 0 0 0 0 0 0 0 0 0 0 0 0 0 0 0
 0 0 0 0 0 0 0 0 0 0 0 0 0 0 0 0 0 0 0 0 0 0 0 0 0 0
 0 0 0 0 0 0 0 0 0 0 0 0 0 0 0 0 0 0 0 0 0 0 0 0 0 0
ppred_pel_tallas
 1.11076e-16 4.56213e-05 0.000443456 0.00294692 0.0133963 0.0416808 0.0888059 0.129617 0.129629 0.088862 0.0418706 0.0139501 0.00435923 0.00359977 0.00625418 0.0108244 0.0168827 0.0239185 0.0313404 0.0387152 0.0457374 0.0518823 0.0561378 0.0572328 0.054313 0.0475547
 1.18527e-16 4.19991e-05 0.000408246 0.00271294 0.0123326 0.0383716 0.0817556 0.11933 0.119357 0.0818848 0.0388057 0.0135876 0.0058677 0.00731108 0.0132013 0.0218964 0.0318873 0.0408945 0.0466909 0.048425 0.0471857 0.0452274 0.0444354 0.0452163 0.0465088 0.0466641
 1.13495e-16 5.4815e-05 0.000532821 0.00354078 0.0160959 0.0500804 0.106702 0.155739 0.155755 0.106784 0.0503558 0.0168928 0.00554709 0.0049323 0.00846889 0.0140702 0.0206364 0.0267542 0.0310325 0.0328811 0.0328471 0.0321556 0.0318256 0.032071 0.0323549 0.0318897
 1.05264e-16 6.55809e-05 0.00063747 0.00423621 0.0192572 0.0599164 0.127659 0.186324 0.186338 0.127723 0.0601335 0.0198847 0.00581295 0.00408497 0.00662942 0.0109002 0.0158031 0.0201074 0.0226141 0.0227962 0.0211115 0.018667 0.0165082 0.0150881 0.0142319 0.01347
 1.03487e-16 5.98937e-05 0.000582188 0.00386884 0.0175872 0.0547205 0.116589 0.170169 0.17019 0.116692 0.0550663 0.0185863 0.00637735 0.00606013 0.010469 0.0172274 0.0248464 0.0313222 0.0346547 0.0339275 0.0298475 0.0242495 0.0189772 0.0150152 0.0123743 0.0105419
 1.02472e-16 6.67317e-05 0.000648656 0.00431055 0.0195951 0.0609678 0.129899 0.189594 0.189607 0.129964 0.0611877 0.0202308 0.00590773 0.00414081 0.00671508 0.0110379 0.0159922 0.0203157 0.0227629 0.0227512 0.0206833 0.0176286 0.0146358 0.0122255 0.0103635 0.00876768
 1.04146e-16 4.74861e-05 0.000461582 0.00306738 0.0139439 0.0433847 0.092437 0.134922 0.134955 0.0925997 0.0439309 0.0155214 0.00702802 0.00911023 0.0164803 0.02719 0.0392104 0.0494074 0.0546139 0.0533667 0.0467636 0.0376861 0.0290427 0.0224058 0.017836 0.0145886
 1.08462e-16 4.55794e-05 0.000443048 0.00294421 0.013384 0.0416427 0.088725 0.129502 0.129528 0.0888494 0.0420608 0.014594 0.00599036 0.00712208 0.0128161 0.0213399 0.0312607 0.0404073 0.0465648 0.0486693 0.0473371 0.0442287 0.0408137 0.0375747 0.0341462 0.0300106
 1.10105e-16 5.29574e-05 0.000514765 0.00342079 0.0155504 0.0483833 0.103086 0.150462 0.150481 0.103181 0.0487005 0.0164683 0.00573073 0.00557737 0.00972729 0.0161555 0.0236445 0.0305418 0.0352042 0.036906 0.0362351 0.0345737 0.0330932 0.0320818 0.0310274 0.0292002
 1.05132e-16 6.58344e-05 0.000639934 0.00425259 0.0193317 0.060148 0.128152 0.187044 0.187057 0.128214 0.0603558 0.0199324 0.00576255 0.00394287 0.00635867 0.0104614 0.0151918 0.0193817 0.0218926 0.0222208 0.0207892 0.0186251 0.016687 0.0153717 0.0144964 0.0136242
 1.01577e-16 7.21443e-05 0.000701269 0.00466018 0.0211845 0.0659129 0.140435 0.204971 0.20498 0.140482 0.0660711 0.0216415 0.0058074 0.00320631 0.00483161 0.00787871 0.0113554 0.0143079 0.0158178 0.015466 0.0135784 0.0109985 0.00857476 0.00676107 0.00556276 0.00474225
 1.01114e-16 6.70927e-05 0.000652165 0.00433386 0.0197011 0.0612976 0.130602 0.19062 0.190636 0.130678 0.0615549 0.0204443 0.00619891 0.00472219 0.00779272 0.0127659 0.0183575 0.02303 0.0252633 0.0243542 0.020832 0.0160992 0.011599 0.00815432 0.00585831 0.00438575
 1.01665e-16 6.33716e-05 0.000615995 0.0040935 0.0186085 0.057898 0.123358 0.180049 0.180067 0.123448 0.0581977 0.0194744 0.0062678 0.00536458 0.00908777 0.0149389 0.0215486 0.0271679 0.0300517 0.0293835 0.0257423 0.0206821 0.0157801 0.0119039 0.00912201 0.00708475
 1.02458e-16 6.16136e-05 0.000598906 0.00397994 0.0180923 0.0562918 0.119936 0.175055 0.175074 0.120029 0.0566025 0.0189901 0.00623496 0.00552619 0.00943276 0.0155315 0.0224483 0.0283966 0.0315909 0.0311961 0.0278002 0.0229711 0.018275 0.0145356 0.0117662 0.00958388
 1.01971e-16 6.82896e-05 0.000663799 0.00441118 0.0200526 0.0623911 0.132931 0.19402 0.194032 0.132993 0.0625972 0.020648 0.00590688 0.00393248 0.00628653 0.0103121 0.0149121 0.0188856 0.0210539 0.0208685 0.0187206 0.015644 0.0126632 0.0103045 0.00855545 0.00714561
 1.00339e-16 7.90313e-05 0.000768212 0.00510504 0.0232068 0.0722049 0.15384 0.224535 0.224538 0.153856 0.0722585 0.0233615 0.00549349 0.00161628 0.00168988 0.00266919 0.00383867 0.00482967 0.00532516 0.00518024 0.00450311 0.00357923 0.00269877 0.00202187 0.00155951 0.00124129
 1.01044e-16 3.79719e-05 0.0003691 0.0024528 0.0111501 0.0346924 0.0739178 0.107896 0.107945 0.0741612 0.0355095 0.013509 0.00836934 0.01327 0.0244952 0.0403198 0.0578068 0.0721207 0.0783592 0.0742611 0.0615832 0.0449816 0.0293291 0.017527 0.0100526 0.00588358
 1.01107e-16 7.70732e-05 0.000749179 0.00497855 0.0226318 0.0704159 0.150029 0.218972 0.218975 0.150043 0.0704643 0.0227723 0.00533325 0.00153046 0.00158124 0.00254502 0.00378126 0.00500865 0.00598715 0.00659011 0.00684653 0.00686648 0.00671974 0.0063824 0.00578982 0.00493056
 1.01495e-16 5.51091e-05 0.00053568 0.00355978 0.0161823 0.0503492 0.107275 0.156578 0.156608 0.107421 0.0508387 0.0175954 0.00710427 0.0082649 0.0147096 0.0241665 0.0346579 0.0432718 0.0470851 0.0447622 0.0373721 0.0277087 0.0186734 0.0119595 0.00778774 0.00547818
 1.03488e-16 5.77936e-05 0.000561774 0.00373319 0.0169705 0.0528018 0.1125 0.164202 0.164221 0.112596 0.053123 0.0178994 0.00606932 0.00567638 0.00981452 0.0162458 0.0236557 0.0302817 0.0343411 0.0349692 0.0326643 0.028826 0.024797 0.0212009 0.0179714 0.0148194
 1.03153e-16 6.58721e-05 0.0006403 0.00425502 0.0193427 0.0601824 0.128226 0.187152 0.187165 0.128292 0.0604074 0.019993 0.00588912 0.00421334 0.00686888 0.0112967 0.0163744 0.0208197 0.0233711 0.0234498 0.0214856 0.0185813 0.0157986 0.013632 0.0119867 0.0105106
 1.02074e-16 6.71274e-05 0.000652503 0.00433611 0.0197113 0.0613294 0.130669 0.190719 0.190733 0.130739 0.0615648 0.0203916 0.00604399 0.00438222 0.00715472 0.011733 0.0169216 0.0213354 0.0236101 0.0231182 0.0203343 0.0164987 0.0128587 0.0100823 0.00818369 0.00683033
 1.05242e-16 3.25125e-05 0.000316033 0.00210015 0.00954702 0.0297046 0.0632905 0.0923844 0.0924322 0.0635242 0.0304893 0.011814 0.00779176 0.0127452 0.0236502 0.0390797 0.0563676 0.0710381 0.0785349 0.0767373 0.0671946 0.0540177 0.0413702 0.0315276 0.0246292 0.019681
 1.05307e-16 6.59677e-05 0.00064123 0.0042612 0.0193708 0.0602698 0.128411 0.187422 0.18743 0.12845 0.0603984 0.019744 0.00520486 0.00272374 0.00408703 0.00682485 0.0102283 0.0137063 0.0166812 0.0188582 0.0203208 0.0213125 0.0219083 0.0218899 0.0209253 0.0188649
 1.04686e-16 5.78808e-05 0.000562622 0.00373882 0.0169962 0.0528815 0.11267 0.164451 0.164474 0.112783 0.0532592 0.0180869 0.00647656 0.00653847 0.0114056 0.018762 0.027021 0.0339896 0.0374874 0.0365439 0.0319938 0.0259216 0.0204044 0.0165219 0.0142086 0.0127642
 1.07335e-16 4.2539e-05 0.000413495 0.00274782 0.0124912 0.038865 0.0828071 0.120866 0.120899 0.0829685 0.039407 0.0140582 0.00668629 0.00902793 0.0164519 0.027259 0.0395623 0.050375 0.05666 0.0569908 0.0523401 0.0452912 0.038354 0.0327393 0.0283161 0.0243796
 1.05442e-16 6.50997e-05 0.000632792 0.00420513 0.0191159 0.0594767 0.126722 0.184956 0.184967 0.126774 0.0596511 0.0196208 0.00547723 0.00342522 0.00541389 0.00896687 0.0131927 0.0171857 0.020062 0.0214122 0.0214997 0.0209781 0.0203691 0.0197448 0.018817 0.0172689
 1.03681e-16 6.25173e-05 0.00060769 0.00403832 0.0183576 0.0571174 0.121695 0.177622 0.17764 0.121785 0.0574198 0.0192309 0.00623063 0.00539438 0.00915609 0.0150461 0.0216901 0.0273279 0.0302169 0.0295728 0.0260411 0.0212558 0.0168459 0.01366 0.0116598 0.0103254
 1.06827e-16 3.63842e-05 0.000353667 0.00235025 0.0106839 0.0332418 0.0708267 0.103382 0.103423 0.0710273 0.0339156 0.012631 0.00724112 0.011042 0.0203693 0.0337054 0.0487564 0.061743 0.068818 0.0681865 0.0611273 0.0510278 0.0412545 0.0335507 0.0278954 0.0234105
 1.11749e-16 4.71218e-05 0.00045804 0.00304384 0.0138369 0.0430517 0.091727 0.133882 0.133901 0.091818 0.0433582 0.0147255 0.00528669 0.00539526 0.00954464 0.0160216 0.0238184 0.0315153 0.0376639 0.0415641 0.0435527 0.0444887 0.0449009 0.0445599 0.0427774 0.0390616
 1.05023e-16 6.98314e-05 0.000678786 0.00451077 0.0205053 0.0637997 0.135932 0.198399 0.198407 0.135974 0.0639392 0.0209088 0.00552539 0.00290002 0.00430745 0.00706215 0.0102919 0.0132174 0.0151058 0.0156514 0.0151562 0.0142968 0.0136604 0.0134148 0.0133172 0.0129682
 1.05206e-16 4.51089e-05 0.000438475 0.00291382 0.0132458 0.0412129 0.0878098 0.128169 0.128206 0.0879907 0.0418205 0.0150004 0.0073172 0.010048 0.0182865 0.0301377 0.0433603 0.0544288 0.0597869 0.0578157 0.0498139 0.0391358 0.0291986 0.0218968 0.0173354 0.0145864
pSPR Fmed_Fpbrs
0.567015   0.6 0.325
Fs Fmed_Fpbrs
0.34   0.302638 0.750513
SSBpbr Bo_Bmed_Bpbrs
1.54996e+06  801353  852478 426239
Ro
144031
SPR SPRFo_SPRFmed_SPRFpbrs
1.03675e+06 587852 336943
Fref
0.302638
Nvult_r0
 71642.7 53774.4 5502.34 1798.42 2238.72
CTP_r0
 12283.7 12264.1 1277.09 417.8 520.113
YTP_r0
481757
Np
 183134 54777.5 9426.04 6530.97 844.98
Nvult_p0
 128357 39780.8 6862.92 4755.73 615.303
CTP_p0
 22007.7 5702.51 4058.74 413.484 178.806
 22007.7 9072.63 1592.88 1104.83 142.951
YTP_p0
 382394 402238
CBA_c0
451948
log_Ro
11.6978
likeval ReclasPelacesDesembMPH_pf_preclas_ppelaces_ptallas_desvR_qrecl_qpela
 13.5627 17.0948 0.0345256 0.00115295 231.315 129.606 109.124 0 23.3759 2.24724e-06 8.57878e-06 0.171013 8.21851e-16 0 0
q_reclas_q_pelaces
1.23615 1.51319
M
1
N
 173101 37244.8 102363 6700.29 0.233757
 96028.9 56015.4 11409.1 31224.4 2043.45
 98990.8 27882.3 14698.6 2970.56 8658.25
 147628 28864.5 7360.83 3850.83 3045.29
 120454 37803.2 6330.36 1595.21 1493.52
 211308 39247.4 11694.2 1950.47 951.468
 85377.9 61688.2 10378.8 3069.06 761.273
 37841.9 18494.4 10654.2 1761.58 649.501
 36280.9 12732.3 5989.53 3440.31 778.432
 48132.4 9376.25 2829.24 1315.56 926.035
 91524.7 10862.3 1716.9 509.81 403.564
 128939 30180.9 3418.19 538.341 286.335
 106491 30420.8 5888.51 657.242 158.44
 75885.4 25755.4 6149.23 1174 162.501
 71583.7 13490.1 3354.56 781.993 169.741
 384776 15693.4 2370.12 579.427 164.239
 76573 94253.3 3230.47 481.405 150.939
 620891 21781.2 24017.5 816.252 159.703
 339319 178042 5614.48 6140.43 249.406
 273149 88122.9 39840.2 1242.05 1412.7
 374937 72775.5 20452.4 9148.94 609.279
 522783 106944 18617.5 5188.56 2474.44
 103977 139609 24903 4289.84 1764.69
 300903 31716.6 39306.9 6968.36 1693.61
 258816 93400.7 9154.89 11282.6 2485.56
 116137 80512.6 27044 2636.2 3963.43
 255059 37372.3 24466.9 8182.29 1996.27
 299123 79203.2 10793.7 7027.17 2922.51
 94994.2 95550.1 23817.4 3230.77 2977.38
 87285 30863.9 29438.1 7308.03 1904.45
 244433 27108.5 8915.86 8456.77 2645.69
 102217 74046.5 7557.32 2469.75 3074.37
pred_Ctot
 13309.4 3998.5 11223.3 735.462 0.02566
 13041.1 10434.5 2167.59 5938.51 388.66
 13224.7 5112.87 2749.15 556.185 1621.19
 29207.4 7682.22 1995.19 1044.8 826.285
 8790.11 3856.35 659.573 166.396 155.798
 28098.8 7164.87 2177.52 363.568 177.364
 23158 21973.7 3758.49 1112.38 275.935
 2057.86 1413.61 832.105 137.74 50.7883
 7021.11 3319.2 1590.36 914.377 206.905
 12234.1 3147.64 965.986 449.576 316.475
 6049.11 1005.61 162.371 48.2686 38.2115
 30302.5 9427.47 1086.44 171.265 91.0974
 23856 9090.43 1790.95 200.083 48.2359
 26271.6 11411 2764.61 528.222 73.1179
 19062.8 4725.57 1194.79 278.768 60.5128
 83991.5 4578.06 703.811 172.225 48.8197
 11209.3 18863.9 659.265 98.3456 30.8369
 88325.7 4241.68 4769.63 162.268 31.7501
 64878 45891.1 1474.08 1613.74 65.5488
 48878.1 21340.8 9830.43 306.776 348.943
 54359 14431.7 4135.72 1851.94 123.338
 92960.6 25745.2 4566.68 1273.97 607.59
 11400.7 21165.3 3852.89 664.426 273.337
 30133.1 4404.14 5571.39 988.782 240.33
 25608 12818.8 1282.58 1582.39 348.622
 9297.86 8991.61 3084.34 300.993 452.558
 25484.8 5178.17 3460.42 1158.51 282.662
 25188.8 9292.39 1293.1 842.801 350.53
 7086.42 9959.26 2535.49 344.32 317.333
 8714.21 4273.04 4160.25 1033.91 269.45
 27714.1 4244.89 1424.67 1352.77 423.235
 5492.77 5593.74 583.365 190.864 237.604
F
 0.128251 0.183104 0.187321 0.187548 0.18756
 0.236658 0.337877 0.345658 0.346077 0.3461
 0.232415 0.331819 0.339461 0.339873 0.339894
 0.362298 0.517255 0.529166 0.529809 0.529842
 0.121383 0.173298 0.177289 0.177504 0.177516
 0.231225 0.330121 0.337723 0.338133 0.338155
 0.529621 0.756142 0.773555 0.774494 0.774543
 0.0892714 0.127453 0.130388 0.130547 0.130555
 0.353111 0.504138 0.515748 0.516374 0.516407
 0.488658 0.697659 0.713726 0.714592 0.714637
 0.109398 0.156188 0.159785 0.159978 0.159989
 0.444215 0.634207 0.648812 0.6496 0.649641
 0.419414 0.598799 0.612589 0.613332 0.613371
 0.727269 1.03832 1.06224 1.06353 1.06359
 0.517626 0.739017 0.756035 0.756953 0.757001
 0.406676 0.580613 0.593984 0.594705 0.594743
 0.257199 0.367203 0.37566 0.376115 0.376139
 0.249139 0.355696 0.363888 0.364329 0.364353
 0.34821 0.497141 0.508589 0.509206 0.509239
 0.322638 0.460631 0.471239 0.471811 0.471841
 0.25445 0.363279 0.371645 0.372096 0.372119
 0.320318 0.457319 0.467851 0.468419 0.468449
 0.187329 0.26745 0.273609 0.273941 0.273959
 0.169889 0.242552 0.248137 0.248438 0.248454
 0.167706 0.239434 0.244948 0.245246 0.245261
 0.133845 0.191091 0.195492 0.195729 0.195742
 0.169479 0.241966 0.247538 0.247839 0.247855
 0.141205 0.201599 0.206242 0.206492 0.206505
 0.124228 0.17736 0.181445 0.181665 0.181676
 0.169332 0.241756 0.247323 0.247623 0.247639
 0.194249 0.27733 0.283717 0.284061 0.284079
 0.0881744 0.125887 0.128786 0.128942 0.12895
YTP_r0W_actual
 105640 304150 35630.8 15584 20752.5
YTP_p0W_proyectada
 165938 99508.8 97693.8 12950.3 6302.91
 165938 158317 38340.5 34603.2 5039.03
CTP_r0_actual
 12283.7 12264.1 1277.09 417.8 520.113
CTP_p0_proyectada
 22007.7 5702.51 4058.74 413.484 178.806
 22007.7 9072.63 1592.88 1104.83 142.951
Wmedp
 7.54 17.45 24.07 31.32 35.25
Frms_r0
 0.206939 0.295447 0.302251 0.302618 0.302637
Zrms_r0
 1.20694 1.29545 1.30225 1.30262 1.30264
nmprior
 7.29 8.9 8.7 0
nm_flota  nm_reclas  nm_pelaces    nm_pelaL
inf 13.1459 21.4879 73.2945
cv_recla  cv_pelaces  cv_mph
0.325796 0.452921 0.924142
 ------------------------------------------------
Talla a la edad & desviaci?n 
 8 13.2811 15.8009 17.003 17.5766
 0.8 1.32811 1.58009 1.7003 1.75766
