    unsorted:	 2.338103234e-06 -5.730488969e-07 5.790384927e-05 9.081521428e-05 0.001399885950 4.883791209 6.971933653 12.21397117 46.90686615 93.51035943 130.1860275 203.2318333 239.7041198 492.5865092 452.5295975 620.2692802 901.6018469 890.1169144 920.2517499 792.2879758 739.8200750 1045.457504 1129.595833 1162.452640 1297.685352 1422.677247 1518.194693 1663.186607 1813.541487 1962.055115 2310.735691 2281.204288 2277.939834 2351.656366 2532.597052 2637.867081 2750.548032 2824.455521 3059.098061 3691.706050 4088.172961 7594.895870 10270.22259 41290.10972 388050.6524 392038.4729 384186.1334 367923.4529 363126.6563 403983.8751 430674.4124 319042.7565 453196.7265 470400.3530 169220.7483 605605.9083 621301.8165 661639.7530 702046.6517 724549.9092 970746.1365 1056809.638 1117493.656 1197936.596 1516383.215 1667236.086 1793903.366 2281191.926 2363770.821 2445701.843 2577113.209 2777666.130 3239793.669 40473794.03
      sorted:	 -5.730488969e-07 2.338103234e-06 5.790384927e-05 9.081521428e-05 0.001399885950 4.883791209 6.971933653 12.21397117 46.90686615 93.51035943 130.1860275 203.2318333 239.7041198 452.5295975 492.5865092 620.2692802 739.8200750 792.2879758 890.1169144 901.6018469 920.2517499 1045.457504 1129.595833 1162.452640 1297.685352 1422.677247 1518.194693 1663.186607 1813.541487 1962.055115 2277.939834 2281.204288 2310.735691 2351.656366 2532.597052 2637.867081 2750.548032 2824.455521 3059.098061 3691.706050 4088.172961 7594.895870 10270.22259 41290.10972 169220.7483 319042.7565 363126.6563 367923.4529 384186.1334 388050.6524 392038.4729 403983.8751 430674.4124 453196.7265 470400.3530 605605.9083 621301.8165 661639.7530 702046.6517 724549.9092 970746.1365 1056809.638 1117493.656 1197936.596 1516383.215 1667236.086 1793903.366 2281191.926 2363770.821 2445701.843 2577113.209 2777666.130 3239793.669 40473794.03
