years
 1991 1992 1993 1994 1995 1996 1997 1998 1999 2000 2001 2002 2003 2004 2005 2006 2007 2008 2009 2010 2011 2012 2013 2014 2015 2016 2017 2018 2019
reclasobs
 0 0 0 0 0 0 0 0 0 252601 567819 844713 477998 351125 339783 2.1784e+06 2.13404e+06 4.81314e+06 1.55562e+06 2.62356e+06 3.21686e+06 3.843e+06 1.13348e+06 3.07943e+06 1.97215e+06 2.03268e+06 2.025e+06 2.42433e+06 2.27542e+06
reclaspred
 3.1977e+06 1.74712e+06 881188 910514 925857 1.59338e+06 898973 780858 553792 373031 505749 685721 662949 490586 486898 1.35854e+06 1.20702e+06 3.13104e+06 2.47699e+06 1.7895e+06 3.08369e+06 2.53872e+06 1.92706e+06 3.05784e+06 2.27136e+06 2.02241e+06 2.46663e+06 2.51179e+06 1.99183e+06
pelacesobs
 0 0 0 0 0 0 0 0 0 0 0 0 0 0 0 552880 188675 0 991730 2.46772e+06 1.41603e+06 1.21717e+06 2.29649e+06 1.80582e+06 0 1.4828e+06 1.56532e+06 1.57751e+06 1.42118e+06
pelacespred
 1.83379e+06 1.09296e+06 536728 447092 498050 876498 442101 507182 329721 202897 294896 331447 354705 264823 272320 639703 596625 1.76273e+06 1.43659e+06 949120 1.62644e+06 1.40625e+06 1.11151e+06 1.91273e+06 1.38118e+06 1.23673e+06 1.69389e+06 1.56266e+06 1.14623e+06
mphobs
 0 0 0 0 0 0 0 0 0 0 0 0 498337 0 5186 125008 0 168611 109162 213762 579715 649985 157893 87575 83554 210694 70296 0 107559
mphpred
 402301 268024 128667 71112.9 78499.7 94698.9 129078 69490.4 63475.2 39948.7 24322.8 50127.2 53410.1 42813.8 26077.4 33821.6 124469 109968 255815 178282 186601 227618 219740 174987 253178 208631 172183 187968 251175
desembarqueobs
 494567 514787 250237 358949 120608 361735 552515 73892 212993 205616 52469 317467 293654 387597 252695 516296 358380 742168 942051 627588 828172 859565 418607 520667 417249 300574 415391 372974 316634
desembarquepred
 494571 513920 250652 358980 120613 361742 552540 73897.2 213054 205672 52471.8 317528 293690 387580 252671 516226 358407 742013 941741 627364 828253 859545 418608 520692 417237 300570 415378 372939 316623
Reclutas
 167487 95114.6 93694.2 144822 116837 210775 84652.5 36257.9 34896.1 46296.4 87476.7 126252 103886 74410.2 68403 365144 73039.8 593593 328372 261572 356941 503939 97656.3 286178 246375 110835 247400 253833 85396.9
log_desv_Rt
 0.183178 -0.382643 -0.397689 0.0377789 -0.176942 0.413067 -0.49917 -1.34707 -1.38535 -1.10266 -0.466354 -0.0994464 -0.294436 -0.628133 -0.712309 0.962567 -0.646721 1.44847 0.856422 0.628983 0.939846 1.28473 -0.356271 0.718889 0.56913 -0.229685 0.573283 0.598952 -0.490415
SSB
 2.01825e+06 1.34461e+06 645492 356757 393814 475082 647552 348617 318440 200413 122022 251476 267946 214787 130824 169675 624433 551684 1.28336e+06 894396 936135 1.14191e+06 1.10238e+06 877870 1.27013e+06 1.04665e+06 863799 942990 1.26009e+06
BT
 2.84981e+06 1.95281e+06 954151 906655 768078 1.51561e+06 1.08102e+06 755121 657979 473290 453119 718976 752475 768305 631944 1.31445e+06 1.08035e+06 3.1205e+06 2.8525e+06 1.8417e+06 2.91782e+06 2.70762e+06 1.85338e+06 3.13387e+06 2.24253e+06 1.93422e+06 2.7623e+06 2.49196e+06 1.78506e+06
Ftot
 0.206816 0.382556 0.376093 0.56123 0.18663 0.338193 0.789908 0.134288 0.533383 0.752278 0.163591 0.662437 0.629437 1.09088 0.779438 0.604118 0.404326 0.371801 0.531475 0.496439 0.391417 0.489346 0.294725 0.258265 0.258744 0.207004 0.253044 0.224931 0.21116
BD_Bspro_t
 0.967559 0.776931 0.569409 0.468584 0.463727 0.559641 0.559735 0.365582 0.425165 0.363475 0.317154 0.575662 0.45241 0.35417 0.242106 0.294825 0.487163 0.444019 0.582409 0.463666 0.428732 0.475165 0.494343 0.47653 0.600073 0.610499 0.61952 0.665584 0.710077
BD_Bspro
 2.03639 1.3567 0.651295 0.359964 0.397355 0.479353 0.653373 0.351751 0.321303 0.202215 0.123119 0.253737 0.270355 0.216718 0.132 0.1712 0.630047 0.556644 1.2949 0.902437 0.944551 1.15217 1.11229 0.885762 1.28155 1.05606 0.871565 0.951468 1.27141
BD_Bo
 1.43082 0.953251 0.457616 0.252919 0.279191 0.336805 0.459076 0.247149 0.225755 0.142081 0.0865063 0.178282 0.189958 0.152271 0.0927466 0.12029 0.442686 0.391111 0.909827 0.634074 0.663664 0.809544 0.781523 0.622358 0.900448 0.742016 0.612383 0.668524 0.893327
BD_Brms
 2.60149 1.73318 0.832028 0.459853 0.50762 0.612373 0.834683 0.449361 0.410464 0.258329 0.157284 0.324148 0.345378 0.276856 0.16863 0.218708 0.804884 0.711112 1.65423 1.15286 1.20666 1.4719 1.42095 1.13156 1.63718 1.34912 1.11342 1.2155 1.62423
Sel_flota
 0.733513 0.981238 0.998995 0.999947 0.999997
 0.733513 0.981238 0.998995 0.999947 0.999997
 0.733513 0.981238 0.998995 0.999947 0.999997
 0.733513 0.981238 0.998995 0.999947 0.999997
 0.733513 0.981238 0.998995 0.999947 0.999997
 0.733513 0.981238 0.998995 0.999947 0.999997
 0.733513 0.981238 0.998995 0.999947 0.999997
 0.733513 0.981238 0.998995 0.999947 0.999997
 0.733513 0.981238 0.998995 0.999947 0.999997
 0.733513 0.981238 0.998995 0.999947 0.999997
 0.733513 0.981238 0.998995 0.999947 0.999997
 0.733513 0.981238 0.998995 0.999947 0.999997
 0.733513 0.981238 0.998995 0.999947 0.999997
 0.733513 0.981238 0.998995 0.999947 0.999997
 0.733513 0.981238 0.998995 0.999947 0.999997
 0.733513 0.981238 0.998995 0.999947 0.999997
 0.733513 0.981238 0.998995 0.999947 0.999997
 0.733513 0.981238 0.998995 0.999947 0.999997
 0.733513 0.981238 0.998995 0.999947 0.999997
 0.733513 0.981238 0.998995 0.999947 0.999997
 0.733513 0.981238 0.998995 0.999947 0.999997
 0.733513 0.981238 0.998995 0.999947 0.999997
 0.733513 0.981238 0.998995 0.999947 0.999997
 0.733513 0.981238 0.998995 0.999947 0.999997
 0.733513 0.981238 0.998995 0.999947 0.999997
 0.733513 0.981238 0.998995 0.999947 0.999997
 0.733513 0.981238 0.998995 0.999947 0.999997
 0.733513 0.981238 0.998995 0.999947 0.999997
 0.733513 0.981238 0.998995 0.999947 0.999997
Sel_reclas
 1 1 1 1 1
 1 1 1 1 1
 1 1 1 1 1
 1 1 1 1 1
 1 1 1 1 1
 1 1 1 1 1
 1 1 1 1 1
 1 1 1 1 1
 1 1 1 1 1
 1 1 1 1 1
 1 1 1 1 1
 1 1 1 1 1
 1 1 1 1 1
 1 1 1 1 1
 1 1 1 1 1
 1 1 1 1 1
 1 1 1 1 1
 1 1 1 1 1
 1 1 1 1 1
 1 1 1 1 1
 1 1 1 1 1
 1 1 1 1 1
 1 1 1 1 1
 1 1 1 1 1
 1 1 1 1 1
 1 1 1 1 1
 1 1 1 1 1
 1 1 1 1 1
 1 1 1 1 1
Sel_pelaces
 0.923312 1 1 1 1
 0.923312 1 1 1 1
 0.923312 1 1 1 1
 0.923312 1 1 1 1
 0.923312 1 1 1 1
 0.923312 1 1 1 1
 0.923312 1 1 1 1
 0.923312 1 1 1 1
 0.923312 1 1 1 1
 0.923312 1 1 1 1
 0.923312 1 1 1 1
 0.923312 1 1 1 1
 0.923312 1 1 1 1
 0.923312 1 1 1 1
 0.923312 1 1 1 1
 0.923312 1 1 1 1
 0.923312 1 1 1 1
 0.923312 1 1 1 1
 0.923312 1 1 1 1
 0.923312 1 1 1 1
 0.923312 1 1 1 1
 0.923312 1 1 1 1
 0.923312 1 1 1 1
 0.923312 1 1 1 1
 0.923312 1 1 1 1
 0.923312 1 1 1 1
 0.923312 1 1 1 1
 0.923312 1 1 1 1
 0.923312 1 1 1 1
pf_obs 
 0.8446 0.082 0.0669 0.0065 0
 0.8095 0.147 0.0364 0.0071 0
 0.9664 0.0169 0.016 0.0007 0
 0.9276 0.0648 0.0075 0.0001 0
 0.7033 0.2144 0.0806 0.0017 0
 0.9318 0.0425 0.0243 0.0014 0
 0.5671 0.3108 0.0964 0.0239 0.0018
 0.0768 0.2599 0.5324 0.112 0.0189
 0.490249 0.384438 0.106611 0.0170017 0.00170017
 0.7925 0.1577 0.0466 0.003 0.0002
 0.840416 0.127587 0.0312969 0.00059994 9.999e-05
 0.8084 0.0986 0.0794 0.0134 0.0002
 0.7335 0.1905 0.0724 0.0035 0.0001
 0.4001 0.4547 0.1325 0.0127 0
 0.49795 0.308269 0.164784 0.0264974 0.00249975
 0.9179 0.0499 0.0305 0.0017 0
 0.2467 0.6533 0.0926 0.0074 0
 0.9418 0.0223 0.034 0.0019 0
 0.707729 0.231977 0.0356964 0.0245975 0
 0.517169 0.277429 0.184464 0.0207286 0.00020938
 0.811772 0.124168 0.05621 0.00726502 0.000585176
 0.764997 0.148141 0.077277 0.00933861 0.000247198
 0.163321 0.427699 0.378323 0.0303852 0.000271297
 0.753843 0.0900009 0.118128 0.0371064 0.000921714
 0.721811 0.176058 0.0630433 0.0369309 0.00215725
 0.143369 0.312575 0.442814 0.0836902 0.0175525
 0.692698 0.0596174 0.167031 0.0765114 0.00414204
 0.394062 0.376323 0.152708 0.0712218 0.00568511
 0.125707 0.32114 0.495352 0.0537591 0.00404204
pf_pred 
 0.48932 0.138225 0.348948 0.0235057 8.79555e-07
 0.442295 0.317308 0.0659921 0.163409 0.0109965
 0.591925 0.215332 0.110705 0.0225392 0.0594994
 0.745593 0.170863 0.0445371 0.0224154 0.0165915
 0.67101 0.26615 0.0425334 0.0108317 0.00947466
 0.761506 0.175255 0.0513486 0.0080509 0.00383966
 0.478581 0.425927 0.0705617 0.0202465 0.00468309
 0.476769 0.302744 0.180971 0.0292105 0.0103057
 0.556427 0.245114 0.115736 0.0679093 0.0148136
 0.733606 0.171793 0.0528282 0.0243734 0.0173994
 0.84501 0.124675 0.0197308 0.00591421 0.00467001
 0.755946 0.214991 0.0234662 0.00364403 0.00195276
 0.70259 0.243744 0.0474136 0.00504924 0.00120265
 0.663092 0.261343 0.0622014 0.0118082 0.00155498
 0.771698 0.172897 0.043268 0.00999301 0.00214341
 0.944393 0.0464474 0.00698092 0.00170206 0.000476748
 0.387527 0.588601 0.0200183 0.00293774 0.000915716
 0.915438 0.0397413 0.0431099 0.00143495 0.000275903
 0.593065 0.381917 0.0118901 0.0126273 0.000500554
 0.628858 0.250916 0.112998 0.0034378 0.00379102
 0.745889 0.179925 0.0505212 0.0222436 0.00142123
 0.763318 0.190551 0.0328705 0.00903418 0.00422689
 0.322816 0.556149 0.0978745 0.0165084 0.00665193
 0.750619 0.098977 0.123971 0.0213799 0.00505365
 0.636288 0.293319 0.0282768 0.0347215 0.00739557
 0.443399 0.392973 0.132478 0.0125206 0.018629
 0.738232 0.136358 0.0890474 0.0294464 0.0069164
 0.671286 0.2615 0.0353493 0.0226326 0.00923229
 0.377401 0.458304 0.131231 0.0173978 0.0156665
pobs_RECLAS
 0 0 0 0 0
 0 0 0 0 0
 0 0 0 0 0
 0 0 0 0 0
 0 0 0 0 0
 0 0 0 0 0
 0 0 0 0 0
 0 0 0 0 0
 0 0 0 0 0
 0 0 0 0 0
 0.991045 0.00858322 0.000360255 1.14367e-05 0
 0.934742 0.0480273 0.0164251 0.00080598 0
 0.827803 0.169806 0.00239088 0 0
 0.941827 0.0461693 0.0120037 0 0
 0.791401 0.0380133 0.147996 0.0225897 0
 0.846168 0.0940531 0.0597789 0 0
 0.134021 0.677848 0.182769 0.00536245 0
 0.80878 0.0450904 0.141981 0.00414843 0
 0.846168 0.0940531 0.0597789 0 0
 0.905697 0.0802665 0.012482 0.00150086 5.37128e-05
 0.989698 0.0102097 9.19794e-05 0 0
 0.975433 0.0193895 0.00387452 0.00125025 5.28907e-05
 0.303575 0.632131 0.0575291 0.00676475 0
 0.966965 0.00978017 0.0227588 0.000495775 0
 0.843318 0.132988 0.00938335 0.0141283 0.000182051
 0.564624 0.303363 0.111486 0.0197234 0.00080311
 0.826376 0.0876187 0.0782897 0.00655872 0.00115652
 0.89761 0.0855135 0.0140674 0.00269457 0.000114338
 0.34875 0.467042 0.161289 0.0227151 0.000203297
ppred_RECLAS
 0.566236 0.118985 0.294931 0.0198476 7.42638e-07
 0.519398 0.275725 0.056282 0.139226 0.00936872
 0.664154 0.178817 0.0902313 0.0183526 0.048445
 0.800463 0.134874 0.0344884 0.0173402 0.0128343
 0.733337 0.216489 0.0339713 0.00864282 0.00755965
 0.812393 0.138544 0.0398453 0.00624114 0.00297639
 0.558495 0.361974 0.0587845 0.0168494 0.0038971
 0.551984 0.261223 0.153342 0.0247271 0.00872345
 0.63224 0.204994 0.0949613 0.0556632 0.0121416
 0.791761 0.135253 0.040777 0.0187935 0.0134154
 0.8802 0.0967154 0.0150297 0.00450074 0.00355372
 0.809148 0.168516 0.0180385 0.00279826 0.00149945
 0.763755 0.194293 0.0370687 0.00394351 0.000939233
 0.733779 0.20749 0.0483543 0.00916924 0.00120739
 0.823379 0.134408 0.0329739 0.00760748 0.00163165
 0.958697 0.03461 0.00510233 0.00124275 0.000348077
 0.461301 0.518081 0.0172927 0.00253522 0.000790205
 0.936588 0.0300969 0.0320443 0.00106556 0.000204869
 0.664686 0.315075 0.00962362 0.01021 0.000404708
 0.698162 0.205317 0.0907233 0.00275734 0.00304049
 0.799597 0.142682 0.039321 0.0172951 0.00110499
 0.814502 0.1499 0.0253722 0.00696632 0.00325921
 0.391944 0.501034 0.0865602 0.0145857 0.00587688
 0.803829 0.0787322 0.0968157 0.0166804 0.00394261
 0.702718 0.240622 0.0227737 0.0279368 0.00595014
 0.518469 0.341812 0.113142 0.0106827 0.0158937
 0.792963 0.108813 0.0697643 0.0230473 0.00541309
 0.733842 0.212545 0.0282096 0.0180438 0.00736006
 0.45023 0.406661 0.114332 0.0151427 0.013635
pobs_PELACES
 0 0 0 0 0
 0 0 0 0 0
 0 0 0 0 0
 0 0 0 0 0
 0 0 0 0 0
 0 0 0 0 0
 0 0 0 0 0
 0 0 0 0 0
 0 0 0 0 0
 0 0 0 0 0
 0 0 0 0 0
 0 0 0 0 0
 0 0 0 0 0
 0 0 0 0 0
 0 0 0 0 0
 0 0 0 0 0
 0.505614 0.472636 0.0217494 0 0
 0 0 0 0 0
 0.443492 0.261883 0.143347 0.151278 0
 0.227955 0.32914 0.350689 0.0885471 0.00366901
 0.970185 0.0296113 0.000203453 0 0
 0.997202 0.00247181 0.000326279 0 0
 0.445219 0.490057 0.0546422 0.010081 0
 0.90214 0.0892962 0.00764917 0.000914606 0
 0 0 0 0 0
 0.581667 0.319106 0.0959925 0.00289975 0.000334073
 0.762889 0.0836404 0.116647 0.0363945 0.000428098
 0.88444 0.0763242 0.0277011 0.0115352 0
 0.521256 0.241999 0.230069 0.00667565 0
ppred_PELACES
 0.550951 0.123286 0.305223 0.020539 7.68503e-07
 0.507526 0.282816 0.0576002 0.14247 0.00958693
 0.653367 0.184756 0.0930225 0.0189181 0.0499374
 0.79517 0.138603 0.0353256 0.017758 0.0131434
 0.720572 0.2269 0.0355661 0.00904804 0.00791406
 0.804398 0.144524 0.0414827 0.00649692 0.00309835
 0.554948 0.36519 0.0590328 0.0169164 0.00391254
 0.534996 0.271218 0.159084 0.0256519 0.00904971
 0.624118 0.209818 0.0968923 0.0567856 0.0123863
 0.788992 0.137268 0.0412024 0.0189851 0.0135519
 0.873039 0.102516 0.0159159 0.00476586 0.00376305
 0.80523 0.172054 0.0183459 0.00284535 0.00152467
 0.758726 0.19856 0.0377434 0.00401449 0.000956129
 0.735885 0.206141 0.0477338 0.00904847 0.00119146
 0.821192 0.136222 0.0332668 0.00767317 0.00164571
 0.9575 0.0356338 0.00523471 0.00127475 0.000357036
 0.449733 0.529254 0.0176238 0.00258344 0.00080523
 0.933662 0.0315221 0.0334886 0.00111346 0.000214077
 0.656583 0.322752 0.00982745 0.0104245 0.000413207
 0.690036 0.211041 0.0929817 0.00282554 0.00311566
 0.79194 0.148233 0.0407572 0.0179246 0.00114521
 0.808502 0.154835 0.0261325 0.00717395 0.00335633
 0.378825 0.512 0.0883022 0.0148778 0.00599457
 0.794561 0.0825274 0.101329 0.0174566 0.00412606
 0.690388 0.250676 0.0236893 0.0290577 0.00618884
 0.50285 0.353025 0.116712 0.0110191 0.0163941
 0.783213 0.114018 0.0729935 0.0241121 0.00566317
 0.721733 0.222275 0.0294622 0.0188437 0.00768628
 0.434886 0.418147 0.117416 0.0155501 0.0140018
pobs_pel_tallas
 0 0 0 0 0 0 0 0 0 0 0 0 0 0 0 0 0 0 0 0 0 0 0 0 0 0
 0 0 0 0 0 0 0 0 0 0 0 0 0 0 0 0 0 0 0 0 0 0 0 0 0 0
 0 0 0 0 0 0 0 0 0 0 0 0 0 0 0 0 0 0 0 0 0 0 0 0 0 0
 0 0 0 0 0 0 0 0 0 0 0 0 0 0 0 0 0 0 0 0 0 0 0 0 0 0
 0 0 0 0 0 0 0 0 0 0 0 0 0 0 0 0 0 0 0 0 0 0 0 0 0 0
 0 0 0 0 0 0 0 0 0 0 0 0 0 0 0 0 0 0 0 0 0 0 0 0 0 0
 0 0 0 0 0 0 0 0 0 0 0 0 0 0 0 0 0 0 0 0 0 0 0 0 0 0
 0 0 0 0 0 0 0 0 0 0 0 0 0 0 0 0 0 0 0 0 0 0 0 0 0 0
 0 0 0 0 0 0 0 0 0 0 0 0 0 0 0 0 0 0 0 0 0 0 0 0 0 0
 0 0 0 0 0 0 0 0 0 0 0 0 0 0 0 0 0 0 0 0 0 0 0 0 0 0
 0 0 0 0 0 0 0 0 0 0 0 0 0 0 0 0 0 0 0 0 0 0 0 0 0 0
 0 0 0 0 0 0 0 0 0 0 0 0 0 0 0 0 0 0 0 0 0 0 0 0 0 0
 0.00862536 0 0 0.000197151 0.00414017 0.0128641 0.00837892 0.0270097 0.101434 0.158115 0.152841 0.127902 0.109271 0.109419 0.0830992 0.0579132 0.0238553 0.00714673 0.00463305 0.00128148 0.00103504 0.000492878 0.000147863 0.000147863 4.92878e-05 0
 0 0 0 0 0 0 0 0 0 0 0 0 0 0 0 0 0 0 0 0 0 0 0 0 0 0
 0 0 0 0 0 0 0 0.0054083 0.00873648 0.0413646 0.0450493 0.0745869 0.0622846 0.0627006 0.0613931 0.0827291 0.12552 0.122667 0.0946155 0.0697135 0.0546179 0.0294188 0.0215738 0.0213955 0.0102223 0.00600262
 0 0 0 0 0.00359764 0.0251062 0.0480494 0.140153 0.205849 0.193036 0.1447 0.116669 0.0760912 0.0342217 0.00950174 0.001854 0.000860785 0 0 0 0.000165536 0 0.000143464 0 0 0
 0 0 0 0 0 0 0 0.000145254 0.000435761 0.0275982 0.070085 0.0708112 0.156366 0.174668 0.174014 0.160142 0.0824315 0.0480064 0.0283245 0.00493863 0.00203355 0 0 0 0 0
 0 0 0 0 0 0 0 0 0 0 0 0 0 0 0 0 0 0 0 0 0 0 0 0 0 0
 0 0 1.00437e-05 0.000401748 0.00122533 0.00171747 0.00176769 0.0269171 0.070346 0.194647 0.189555 0.159765 0.064822 0.0314167 0.0384472 0.0292271 0.0345202 0.0313363 0.0194345 0.0106764 0.0143323 0.0359363 0.0279516 0.0138201 0.00172751 0
 0 0.0021121 0.0136068 0.0755702 0.200478 0.177729 0.0527432 0.0373336 0.0318909 0.0142505 0.0149659 0.0166563 0.0217959 0.0798694 0.0677717 0.0528807 0.04013 0.0224614 0.0357745 0.0225083 0.00881397 0.00855152 0.00135912 0.000746735 0 0
 0 0 0 0 5.4009e-05 0.00500934 0.000945158 0.0243581 0.138947 0.33067 0.221406 0.137944 0.0707744 0.0437923 0.0131692 0.00525238 0.0047753 0.00276346 9.45158e-05 9.00151e-06 2.25038e-05 9.00151e-06 4.50075e-06 0 0 0
 0.000866109 0.00284123 0.00948549 0.0512746 0.133035 0.25785 0.225252 0.132002 0.0553304 0.0519788 0.0540692 0.017754 0.00435017 0.00159236 0.00146478 0.000404838 0.000125132 0.000115318 0.000107957 0.000100596 0 0 0 0 0 0
 0 0 0 0 0.00144013 0.00171154 0.00461396 0.0210425 0.0478622 0.0707936 0.0888783 0.103762 0.0637923 0.0337046 0.0602308 0.124433 0.169614 0.0934646 0.0462172 0.0250306 0.0313229 0.00938855 0.002487 0.000210481 0 0
 0 0.00764035 0.051015 0.0998891 0.058973 0.0496711 0.0374665 0.0718981 0.12319 0.153886 0.159021 0.0857701 0.0377988 0.023471 0.0147837 0.00900784 0.00315554 0.000888139 0.00291439 0.00214683 0.00393193 0.00274676 0.000635225 9.99891e-05 0 0
 0 0 0 0 0 0 0 0 0 0 0 0 0 0 0 0 0 0 0 0 0 0 0 0 0 0
 0 0 0 0 0 0 0 0 0 0 0 0 0 0 0 0 0 0 0 0 0 0 0 0 0 0
 0 0 0 0 0 0 0 0 0 0 0 0 0 0 0 0 0 0 0 0 0 0 0 0 0 0
 0 0 0 0 0 0 0 0 0 0 0 0 0 0 0 0 0 0 0 0 0 0 0 0 0 0
 0 0 0 0 0 0 0 0 0 0 0 0 0 0 0 0 0 0 0 0 0 0 0 0 0 0
ppred_pel_tallas
 1.109e-16 4.53811e-05 0.00044112 0.0029314 0.0133257 0.0414614 0.0883383 0.128935 0.128947 0.0883987 0.0416657 0.0139217 0.00444884 0.00382498 0.00668037 0.0115145 0.0178423 0.0250535 0.0324576 0.0395799 0.0461633 0.0518026 0.0556202 0.0564378 0.0534278 0.0467348
 1.17645e-16 4.18043e-05 0.000406353 0.00270036 0.0122755 0.0381936 0.0813766 0.118777 0.118805 0.0815102 0.0386425 0.013573 0.00596183 0.00754158 0.0136407 0.0226178 0.0329126 0.0421501 0.0480004 0.0495515 0.0479039 0.0453851 0.0439786 0.0441824 0.0450087 0.0448629
 1.1308e-16 5.3817e-05 0.00052312 0.00347632 0.0158028 0.0491686 0.10476 0.152903 0.152921 0.104847 0.0494632 0.0166554 0.00562215 0.00522725 0.0090466 0.015027 0.0220146 0.0284853 0.0329318 0.0347048 0.0343801 0.0332749 0.0325068 0.032352 0.0322959 0.0315559
 1.05061e-16 6.54971e-05 0.000636655 0.0042308 0.0192326 0.0598399 0.127496 0.186086 0.1861 0.127561 0.0600597 0.019868 0.00582733 0.00412738 0.00671151 0.0110362 0.0159989 0.0203529 0.0228813 0.0230464 0.0213067 0.018779 0.0165213 0.0149973 0.0140419 0.0131959
 1.03332e-16 5.93526e-05 0.000576928 0.00383389 0.0174283 0.0542261 0.115535 0.168632 0.168654 0.115642 0.0545851 0.0184652 0.00643696 0.0062607 0.0108577 0.0178662 0.0257559 0.0324431 0.0358456 0.0350087 0.0306683 0.0247385 0.0191499 0.014944 0.0121481 0.0102388
 1.02411e-16 6.62573e-05 0.000644044 0.0042799 0.0194558 0.0605343 0.128975 0.188246 0.18826 0.129044 0.0607636 0.0201184 0.00594459 0.00428341 0.00699373 0.011498 0.016652 0.0211386 0.0236556 0.0235934 0.0213728 0.0181148 0.0149229 0.0123524 0.0103783 0.00871204
 1.04156e-16 4.57104e-05 0.000444322 0.00295268 0.0134225 0.0417624 0.0889806 0.129877 0.129912 0.0891526 0.0423402 0.0150914 0.00714262 0.0095932 0.0174276 0.0287562 0.0414604 0.0522231 0.0576887 0.0563056 0.049236 0.0395355 0.0302939 0.0231909 0.0183056 0.0148589
 1.08765e-16 4.40669e-05 0.000428346 0.00284651 0.0129399 0.0402608 0.0857809 0.125205 0.125232 0.0859097 0.0406937 0.0141928 0.0060009 0.00734543 0.0132719 0.0221094 0.0324006 0.041906 0.0483364 0.0505898 0.049295 0.046154 0.0426669 0.0393169 0.0357205 0.0313528
 1.10641e-16 5.14078e-05 0.000499703 0.0033207 0.0150954 0.0469676 0.10007 0.14606 0.14608 0.10017 0.047302 0.0160629 0.00575537 0.00583552 0.0102473 0.017025 0.0249148 0.0321772 0.03708 0.0388587 0.0381356 0.0363712 0.0348044 0.0337416 0.0326418 0.0307324
 1.05422e-16 6.49883e-05 0.000631709 0.00419793 0.0190832 0.059375 0.126505 0.184641 0.184654 0.12657 0.0595929 0.0197132 0.00578146 0.00409565 0.00666485 0.0109722 0.0159357 0.020334 0.0229747 0.02333 0.0218427 0.019589 0.0175718 0.0162047 0.015294 0.0143806
 1.01601e-16 7.19111e-05 0.000699002 0.00464511 0.021116 0.0656998 0.139981 0.204308 0.204318 0.140029 0.065862 0.0215845 0.00582122 0.00326706 0.00495092 0.00807597 0.0116388 0.0146627 0.0162055 0.0158377 0.0138937 0.0112394 0.00874631 0.00688161 0.00565179 0.00481333
 1.01117e-16 6.63258e-05 0.00064471 0.00428433 0.0194759 0.060597 0.129109 0.188442 0.188458 0.12919 0.0608688 0.020261 0.00625449 0.0049439 0.00822624 0.0134814 0.0193824 0.0243067 0.0266464 0.0256582 0.0219028 0.0168664 0.0120802 0.00842033 0.00598951 0.00444463
 1.01705e-16 6.24953e-05 0.000607476 0.00403689 0.0183511 0.0570973 0.121653 0.17756 0.177579 0.121746 0.0574116 0.0192591 0.00631651 0.00558598 0.00952359 0.0156609 0.0225888 0.0284759 0.0314919 0.03078 0.0269473 0.0216244 0.0164672 0.0123882 0.00946212 0.00732407
 1.0254e-16 6.06139e-05 0.000589189 0.00391537 0.0177987 0.0553785 0.11799 0.172215 0.172235 0.118088 0.0557051 0.0187424 0.00628553 0.00576792 0.00990957 0.016322 0.0235887 0.0298338 0.0331794 0.0327473 0.0291563 0.0240569 0.0190994 0.0151535 0.0122362 0.00994621
 1.02043e-16 6.76405e-05 0.00065749 0.00436925 0.019862 0.0617981 0.131668 0.192176 0.192189 0.131732 0.062014 0.0204858 0.00593632 0.00408208 0.00658236 0.0108031 0.0156217 0.0197827 0.0220505 0.0218504 0.0195923 0.0163597 0.0132275 0.0107485 0.0089109 0.0074325
 1.00349e-16 7.8868e-05 0.000766625 0.00509449 0.0231588 0.0720557 0.153522 0.224071 0.224075 0.153539 0.0721121 0.0233216 0.00550311 0.00165869 0.00177322 0.00280707 0.00403694 0.00507822 0.00559746 0.00544215 0.00472624 0.00375047 0.00282074 0.00210619 0.00161889 0.0012849
 1.0104e-16 3.7044e-05 0.000360081 0.00239287 0.0108777 0.0338447 0.0721117 0.10526 0.105311 0.0723604 0.0346797 0.0132881 0.00843867 0.0135428 0.0250281 0.0411989 0.0590655 0.073687 0.0800533 0.0758532 0.0628829 0.0459021 0.0298929 0.017823 0.0101824 0.0059266
 1.01123e-16 7.69045e-05 0.000747539 0.00496766 0.0225823 0.0702618 0.1497 0.218493 0.218496 0.149715 0.0703126 0.0227295 0.0053394 0.00156611 0.00165214 0.00266313 0.00395289 0.00522747 0.00623365 0.00683833 0.00707421 0.00706196 0.00688177 0.00651495 0.00589699 0.0050146
 1.01482e-16 5.40819e-05 0.000525695 0.00349343 0.0158807 0.0494108 0.105276 0.15366 0.153691 0.105428 0.04992 0.0173507 0.0071808 0.00856638 0.0152988 0.0251386 0.0360501 0.0450049 0.0489608 0.0465269 0.0388149 0.0287325 0.0193014 0.0122883 0.00792796 0.00551743
 1.03548e-16 5.68374e-05 0.00055248 0.00367142 0.0166898 0.0519282 0.110639 0.161485 0.161506 0.110739 0.0522639 0.0176607 0.00611314 0.00589783 0.0102526 0.0169734 0.0247084 0.0316143 0.0358249 0.0364351 0.0339688 0.029897 0.0256341 0.0218427 0.0184602 0.0151846
 1.03206e-16 6.52311e-05 0.000634069 0.00421361 0.0191545 0.0595968 0.126978 0.185331 0.185345 0.127048 0.0598319 0.0198341 0.00592133 0.00436788 0.00717375 0.0118022 0.0171037 0.0217389 0.0243874 0.0244428 0.0223545 0.0192783 0.0163291 0.014031 0.0122914 0.0107462
 1.02082e-16 6.65953e-05 0.00064733 0.00430173 0.0195551 0.0608431 0.129633 0.189207 0.189222 0.129706 0.0610881 0.0202628 0.0060787 0.00452774 0.00744003 0.0122046 0.0175988 0.0221823 0.0245338 0.0239995 0.0210736 0.0170493 0.0132292 0.0103139 0.00832291 0.00691293
 1.05186e-16 3.12034e-05 0.000303309 0.00201559 0.00916263 0.0285086 0.0607424 0.0886657 0.0887151 0.0609837 0.0293188 0.0115029 0.00789112 0.0131334 0.0244087 0.0403311 0.0581599 0.0732696 0.0809499 0.0790085 0.0690487 0.055327 0.042161 0.0319208 0.0247658 0.0196745
 1.05395e-16 6.54469e-05 0.000636168 0.00422756 0.0192179 0.059794 0.127398 0.185942 0.18595 0.127437 0.0599275 0.0196054 0.00520721 0.00279793 0.00423903 0.00708215 0.010611 0.0142123 0.0172843 0.019519 0.0210024 0.0219895 0.0225627 0.0225023 0.0214705 0.0193181
 1.0471e-16 5.68664e-05 0.000552762 0.0036733 0.0166983 0.0519547 0.110696 0.161569 0.161593 0.110814 0.0523509 0.0178426 0.0065452 0.00682116 0.0119593 0.0196763 0.0283322 0.0356261 0.0392665 0.038232 0.0333973 0.0269521 0.0210837 0.0169366 0.0144551 0.012915
 1.07338e-16 4.14191e-05 0.000402609 0.00267548 0.0121624 0.0378418 0.0806272 0.117685 0.117719 0.080794 0.0384022 0.0137825 0.00674729 0.00930825 0.0170042 0.0281748 0.0408834 0.0520398 0.0584989 0.0587827 0.0538971 0.0465188 0.0392539 0.0333683 0.0287399 0.0246492
 1.05513e-16 6.45123e-05 0.000627082 0.00416718 0.0189434 0.05894 0.125578 0.183288 0.183299 0.125633 0.0591223 0.0194712 0.00549678 0.00354531 0.00565313 0.00936563 0.0137725 0.0179261 0.0208981 0.0222581 0.0222824 0.0216602 0.0209476 0.0202328 0.0192259 0.0176023
 1.04098e-16 5.94482e-05 0.000577858 0.00384007 0.0174564 0.0543135 0.115721 0.168903 0.168925 0.115826 0.054665 0.0184718 0.00638908 0.0061431 0.0106313 0.017489 0.0252078 0.0317487 0.0350826 0.0342949 0.0301351 0.0245062 0.0193092 0.015541 0.0131679 0.0115944
 1.07425e-16 3.58211e-05 0.000348194 0.00231387 0.0105185 0.0327273 0.0697305 0.101782 0.101823 0.0699279 0.0333905 0.0124352 0.00712931 0.0108752 0.0200719 0.0332396 0.0481441 0.0610954 0.0683342 0.0681013 0.0616277 0.0521788 0.0429727 0.0356337 0.0300879 0.0254758
pSPR Fmed_Fpbrs
0.556076   0.6 0.325
Fs Fmed_Fpbrs
0.34   0.291697 0.718476
SSBpbr Bo_Bmed_Bpbrs
1.41056e+06  713848  775805 387903
Ro
139453
SPR SPRFo_SPRFmed_SPRFpbrs
991090 551121 322104
Fref
0.291697
Nvult_r0
 60032.5 57299.5 16171.7 2142.3 1929.03
CTP_r0
 10580.8 12750.9 3649.12 483.764 435.621
YTP_r0
424178
Np
 221584 65814.5 7434.99 6508.35 2327.63
Nvult_p0
 155770 47629.2 5391.23 4719.8 1687.99
CTP_p0
 27454.7 4333.32 3874 1088.04 187.018
 27454.7 10598.9 1216.52 1065.8 381.188
YTP_p0
 416542 468060
CBA_c0
421887
log_Ro
11.6655
likeval ReclasPelacesDesembMPH_pf_preclas_ppelaces_ptallas_desvR_qrecl_qpela
 12.1429 16.958 0.0307652 0.000798561 198.49 104.377 86.6781 0 22.2366 4.09232e-06 1.59626e-05 0.152191 8.17758e-16 0 0
q_reclas_q_pelaces
1.33121 1.75949
M
1
N
 167487 36107.6 89665.4 6034.72 0.225802
 95114.6 52942.2 10843.5 26828.8 1805.36
 93694.2 26429.3 13380.8 2722.08 7185.5
 144822 26158.3 6722.34 3380.79 2502.31
 116837 35298.3 5548.17 1411.67 1234.75
 210775 37483 10812.5 1693.89 807.819
 84652.5 60504.8 9895.11 2837.3 656.253
 36257.9 17446.6 10253.7 1653.55 583.358
 34896.1 12087.3 5625.89 3298.55 719.509
 46296.4 8680.96 2634.73 1214.74 867.134
 87476.7 9808.58 1526.49 457.151 360.961
 126252 28542 3073.25 476.895 255.549
 103886 28570.4 5481.44 583.31 138.93
 74410.2 24085 5667.48 1075.26 141.592
 68403 12297.8 3037.94 701.149 150.385
 365144 14206.3 2105.61 513.003 143.687
 73039.8 86242.6 2888.98 423.626 132.042
 593593 19973.9 21336.6 709.628 136.437
 328372 166247 5101.83 5414.05 214.608
 261572 81802.1 36305.5 1103.69 1217.04
 356941 66857.5 18489 8133.81 519.679
 503939 98539.9 16751.6 4600.45 2152.36
 97656.3 129478 22427.7 3779.67 1522.92
 286178 28941.3 35670.3 6146.42 1452.79
 246375 87110.2 8263.51 10138.2 2159.31
 110835 74968.1 24860.6 2347.54 3492.67
 247400 35029.9 22509.6 7437.16 1746.77
 253833 75595.5 10053.3 6431.15 2623.27
 85396.9 79177.1 22302.2 2954.12 2660.01
pred_Ctot
 15087.8 4262.06 10759.5 724.777 0.0271203
 15050.5 10797.4 2245.59 5560.5 374.192
 14602.6 5312.19 2731.06 556.036 1467.84
 31939.2 7319.29 1907.85 960.214 710.736
 9555.2 3789.98 605.677 154.243 134.919
 29868.1 6873.91 2014.02 315.776 150.601
 24654.6 21942.1 3635.05 1043.02 241.254
 2167.37 1376.26 822.686 132.79 46.8492
 7372.2 3247.56 1533.4 899.741 196.267
 12974.7 3038.36 934.329 431.071 307.728
 6314.26 931.623 147.436 44.1934 34.8963
 31942.8 9084.52 991.574 153.98 82.5146
 25206.2 8744.6 1701.02 181.147 43.1465
 27608.8 10881.4 2589.85 491.654 64.7437
 19714.4 4416.97 1105.36 255.29 54.7573
 85639.8 4211.96 633.047 154.347 43.2326
 12138.3 18436.4 627.02 92.017 28.6824
 91572.6 3975.38 4312.35 143.54 27.599
 69161.6 44538.1 1386.58 1472.56 58.3732
 51976.9 20738.9 9339.59 284.144 313.339
 57640.4 13904.1 3904.15 1718.93 109.829
 98907.5 24690.8 4259.22 1170.61 547.702
 12214.5 21043.2 3703.32 624.634 251.692
 31705.3 4180.69 5236.4 903.065 213.461
 27342.3 12604.4 1215.1 1492.04 317.799
 9992.91 8856.45 2985.67 282.177 419.844
 26896.6 4968.04 3244.34 1072.85 251.991
 24735.4 9635.71 1302.54 833.964 340.19
 7844.29 9525.85 2727.64 361.614 325.628
F
 0.151702 0.202935 0.206608 0.206805 0.206815
 0.28061 0.375378 0.382172 0.382536 0.382555
 0.275869 0.369036 0.375715 0.376073 0.376092
 0.41167 0.5507 0.560666 0.561201 0.561229
 0.136895 0.183128 0.186442 0.18662 0.186629
 0.248069 0.331848 0.337853 0.338175 0.338192
 0.579408 0.775088 0.789114 0.789866 0.789906
 0.0985022 0.131769 0.134153 0.134281 0.134288
 0.391244 0.523376 0.532847 0.533355 0.533382
 0.551806 0.738164 0.751522 0.752238 0.752276
 0.119996 0.160522 0.163427 0.163583 0.163591
 0.485906 0.650008 0.661771 0.662402 0.662435
 0.461701 0.617628 0.628805 0.629404 0.629436
 0.800172 1.07041 1.08978 1.09082 1.09087
 0.571728 0.764814 0.778654 0.779397 0.779436
 0.443128 0.592783 0.603511 0.604086 0.604116
 0.296579 0.39674 0.40392 0.404305 0.404325
 0.272721 0.364825 0.371428 0.371782 0.3718
 0.389844 0.521504 0.530941 0.531447 0.531474
 0.364144 0.487124 0.49594 0.496413 0.496437
 0.287109 0.384073 0.391023 0.391396 0.391416
 0.358941 0.480164 0.488854 0.48932 0.489344
 0.216185 0.289195 0.294429 0.294709 0.294724
 0.189441 0.25342 0.258006 0.258252 0.258264
 0.189792 0.253889 0.258484 0.25873 0.258743
 0.15184 0.20312 0.206796 0.206993 0.207003
 0.185611 0.248297 0.25279 0.253031 0.253044
 0.16499 0.220711 0.224705 0.224919 0.224931
 0.154889 0.207198 0.210948 0.211149 0.211159
YTP_r0W_actual
 55020.4 261393 79185.8 14029.1 14549.7
YTP_p0W_proyectada
 207009 75616.4 93247.2 34077.5 6592.37
 207009 184951 29281.7 33380.9 13436.9
CTP_r0_actual
 10580.8 12750.9 3649.12 483.764 435.621
CTP_p0_proyectada
 27454.7 4333.32 3874 1088.04 187.018
 27454.7 10598.9 1216.52 1065.8 381.188
Wmedp
 7.54 17.45 24.07 31.32 35.25
Frms_r0
 0.213963 0.286224 0.291403 0.291681 0.291696
Zrms_r0
 1.21396 1.28622 1.2914 1.29168 1.2917
nmprior
 7.29 8.9 8.7 0
nm_flota  nm_reclas  nm_pelaces    nm_pelaL
inf 13.0224 17.1721 22.8194
cv_recla  cv_pelaces  cv_mph
0.330585 0.504351 0.815762
 ------------------------------------------------
Talla a la edad & desviaci?n 
 8 13.2811 15.8009 17.003 17.5766
 0.8 1.32811 1.58009 1.7003 1.75766
