years
 1991 1992 1993 1994 1995 1996 1997 1998 1999 2000 2001 2002 2003 2004 2005 2006 2007 2008 2009 2010 2011 2012 2013 2014 2015 2016 2017 2018 2019
reclasobs
 0 0 0 0 0 0 0 0 0 252601 567819 844713 477998 351125 339783 2.1784e+06 2.13404e+06 4.81314e+06 1.55562e+06 2.62356e+06 3.21686e+06 3.843e+06 1.13348e+06 3.07943e+06 1.97215e+06 2.03268e+06 2.025e+06 2.42433e+06 2.27542e+06
reclaspred
 4.20077e+06 2.89545e+06 2.05107e+06 2.14196e+06 2.2227e+06 2.55058e+06 2.13897e+06 3.00257e+06 3.13572e+06 3.32858e+06 2.43662e+06 2.45084e+06 2.26409e+06 2.12197e+06 2.18927e+06 2.23953e+06 2.33645e+06 2.70663e+06 1.57317e+06 1.16648e+06 1.8694e+06 1.1807e+06 1.47255e+06 2.19687e+06 1.93967e+06 2.32717e+06 2.50015e+06 2.09233e+06 2.50462e+06
pelacesobs
 0 0 0 0 0 0 0 0 0 0 0 0 0 0 0 552880 188675 0 991730 2.46772e+06 1.41603e+06 1.21717e+06 2.29649e+06 1.80582e+06 0 1.4828e+06 1.56532e+06 1.57751e+06 1.42118e+06
pelacespred
 2.02303e+06 1.50228e+06 1.03769e+06 932792 1.04547e+06 1.18329e+06 1.01129e+06 1.55305e+06 1.7185e+06 1.706e+06 1.39641e+06 1.17795e+06 1.14621e+06 1.17234e+06 1.21456e+06 1.06699e+06 1.06851e+06 1.17657e+06 780228 511276 739806 528605 681428 1.08274e+06 974323 1.13754e+06 1.357e+06 1.1439e+06 1.14305e+06
mphobs
 0 0 0 0 0 0 0 0 0 0 0 0 498337 0 5186 125008 0 168611 109162 213762 579715 649985 157893 87575 83554 210694 70296 0 107559
mphpred
 3.91647e+06 2.85699e+06 1.96857e+06 1.57664e+06 1.76154e+06 1.89478e+06 1.93919e+06 1.77684e+06 2.48531e+06 2.8304e+06 2.27557e+06 2.05316e+06 1.87078e+06 1.65318e+06 1.59266e+06 1.96904e+06 1.70774e+06 2.12029e+06 1.60444e+06 964050 1.14352e+06 1.19106e+06 830566 1.39349e+06 1.76964e+06 1.54911e+06 1.94396e+06 1.73055e+06 1.98901e+06
desembarqueobs
 494567 514787 250237 358949 120608 361735 552515 73892 212993 205616 52469 317467 293654 387597 252695 516296 358380 742168 942051 627588 828172 859565 418607 520667 417249 300574 415391 372974 316634
desembarquepred
 494369 505196 260959 358669 120524 361451 552056 73844 212883 205517 52437.1 317354 293542 387471 252569 515970 358073 740901 939029 625798 826400 857086 418141 520195 416884 300353 415072 372648 316408
Reclutas
 327738 327738 327738 327738 327738 327738 327738 327738 327738 327738 327738 327738 327738 327738 327738 327738 327738 327738 327738 327738 327738 327738 327738 327738 327738 327738 327738 327738 327738
log_desv_Rt
 0 0 0 0 0 0 0 0 0 0 0 0 0 0 0 0 0 0 0 0 0 0 0 0 0 0 0 0 0
SSB
 3.91647e+06 2.85699e+06 1.96857e+06 1.57664e+06 1.76154e+06 1.89478e+06 1.93919e+06 1.77684e+06 2.48531e+06 2.8304e+06 2.27557e+06 2.05316e+06 1.87078e+06 1.65318e+06 1.59266e+06 1.96904e+06 1.70774e+06 2.12029e+06 1.60444e+06 964050 1.14352e+06 1.19106e+06 830566 1.39349e+06 1.76964e+06 1.54911e+06 1.94396e+06 1.73055e+06 1.98901e+06
BT
 5.46562e+06 4.39294e+06 2.87964e+06 2.91377e+06 2.90374e+06 3.71399e+06 3.21793e+06 5.14098e+06 5.30667e+06 4.82782e+06 3.82631e+06 3.4733e+06 3.51727e+06 4.05922e+06 4.09799e+06 3.37563e+06 3.39497e+06 3.93641e+06 3.26735e+06 2.10939e+06 3.03891e+06 2.37188e+06 2.68875e+06 4.05455e+06 3.0629e+06 3.82039e+06 4.60086e+06 3.82344e+06 3.36262e+06
Ftot
 0.111906 0.165176 0.120901 0.158696 0.0518256 0.134584 0.242808 0.0235603 0.0648446 0.0589765 0.020618 0.123055 0.123234 0.173005 0.109861 0.217228 0.145476 0.257145 0.546046 0.494652 0.41033 0.656533 0.267427 0.22359 0.202952 0.122757 0.157459 0.168847 0.120088
BD_Bspro_t
 0.982254 0.884516 0.804417 0.791388 0.794945 0.840065 0.808548 0.758151 0.863009 0.892624 0.895291 0.916706 0.861503 0.82176 0.805789 0.819364 0.74662 0.778322 0.66763 0.521243 0.513005 0.505494 0.451072 0.611929 0.690178 0.709597 0.786233 0.786159 0.802249
BD_Bspro
 1.68144 1.22658 0.845159 0.676892 0.756275 0.813477 0.832546 0.762843 1.06701 1.21517 0.976959 0.881473 0.803172 0.709751 0.683771 0.845359 0.733177 0.910295 0.688826 0.413892 0.490944 0.511352 0.356583 0.598262 0.759752 0.665074 0.834594 0.742968 0.853934
BD_Bo
 1.14907 0.838224 0.577567 0.462576 0.516825 0.555915 0.568947 0.521314 0.729175 0.830422 0.667637 0.602383 0.548874 0.485031 0.467277 0.577704 0.50104 0.622079 0.470732 0.282846 0.335502 0.349449 0.243683 0.408841 0.519201 0.4545 0.570346 0.507731 0.583563
BD_Brms
 4.87543 3.55654 2.45059 1.96269 2.19286 2.35872 2.41401 2.21191 3.09385 3.52344 2.83275 2.55588 2.32884 2.05796 1.98263 2.45117 2.12589 2.63945 1.99729 1.2001 1.42352 1.48269 1.03393 1.73469 2.20294 1.92842 2.41995 2.15428 2.47603
Sel_flota
 0.5 1 1 1 1
 0.5 1 1 1 1
 0.5 1 1 1 1
 0.5 1 1 1 1
 0.5 1 1 1 1
 0.5 1 1 1 1
 0.5 1 1 1 1
 0.5 1 1 1 1
 0.5 1 1 1 1
 0.5 1 1 1 1
 0.5 1 1 1 1
 0.5 1 1 1 1
 0.5 1 1 1 1
 0.5 1 1 1 1
 0.5 1 1 1 1
 0.5 1 1 1 1
 0.5 1 1 1 1
 0.5 1 1 1 1
 0.5 1 1 1 1
 0.5 1 1 1 1
 0.5 1 1 1 1
 0.5 1 1 1 1
 0.5 1 1 1 1
 0.5 1 1 1 1
 0.5 1 1 1 1
 0.5 1 1 1 1
 0.5 1 1 1 1
 0.5 1 1 1 1
 0.5 1 1 1 1
Sel_reclas
 0.5 1 1 1 1
 0.5 1 1 1 1
 0.5 1 1 1 1
 0.5 1 1 1 1
 0.5 1 1 1 1
 0.5 1 1 1 1
 0.5 1 1 1 1
 0.5 1 1 1 1
 0.5 1 1 1 1
 0.5 1 1 1 1
 0.5 1 1 1 1
 0.5 1 1 1 1
 0.5 1 1 1 1
 0.5 1 1 1 1
 0.5 1 1 1 1
 0.5 1 1 1 1
 0.5 1 1 1 1
 0.5 1 1 1 1
 0.5 1 1 1 1
 0.5 1 1 1 1
 0.5 1 1 1 1
 0.5 1 1 1 1
 0.5 1 1 1 1
 0.5 1 1 1 1
 0.5 1 1 1 1
 0.5 1 1 1 1
 0.5 1 1 1 1
 0.5 1 1 1 1
 0.5 1 1 1 1
Sel_pelaces
 0.5 1 1 1 1
 0.5 1 1 1 1
 0.5 1 1 1 1
 0.5 1 1 1 1
 0.5 1 1 1 1
 0.5 1 1 1 1
 0.5 1 1 1 1
 0.5 1 1 1 1
 0.5 1 1 1 1
 0.5 1 1 1 1
 0.5 1 1 1 1
 0.5 1 1 1 1
 0.5 1 1 1 1
 0.5 1 1 1 1
 0.5 1 1 1 1
 0.5 1 1 1 1
 0.5 1 1 1 1
 0.5 1 1 1 1
 0.5 1 1 1 1
 0.5 1 1 1 1
 0.5 1 1 1 1
 0.5 1 1 1 1
 0.5 1 1 1 1
 0.5 1 1 1 1
 0.5 1 1 1 1
 0.5 1 1 1 1
 0.5 1 1 1 1
 0.5 1 1 1 1
 0.5 1 1 1 1
pf_obs 
 0.8446 0.082 0.0669 0.0065 0
 0.8095 0.147 0.0364 0.0071 0
 0.9664 0.0169 0.016 0.0007 0
 0.9276 0.0648 0.0075 0.0001 0
 0.7033 0.2144 0.0806 0.0017 0
 0.9318 0.0425 0.0243 0.0014 0
 0.5671 0.3108 0.0964 0.0239 0.0018
 0.0768 0.2599 0.5324 0.112 0.0189
 0.490249 0.384438 0.106611 0.0170017 0.00170017
 0.7925 0.1577 0.0466 0.003 0.0002
 0.840416 0.127587 0.0312969 0.00059994 9.999e-05
 0.8084 0.0986 0.0794 0.0134 0.0002
 0.7335 0.1905 0.0724 0.0035 0.0001
 0.4001 0.4547 0.1325 0.0127 0
 0.49795 0.308269 0.164784 0.0264974 0.00249975
 0.9179 0.0499 0.0305 0.0017 0
 0.2467 0.6533 0.0926 0.0074 0
 0.9418 0.0223 0.034 0.0019 0
 0.707729 0.231977 0.0356964 0.0245975 0
 0.517169 0.277429 0.184464 0.0207286 0.00020938
 0.811772 0.124168 0.05621 0.00726502 0.000585176
 0.764997 0.148141 0.077277 0.00933861 0.000247198
 0.163321 0.427699 0.378323 0.0303852 0.000271297
 0.753843 0.0900009 0.118128 0.0371064 0.000921714
 0.721811 0.176058 0.0630433 0.0369309 0.00215725
 0.143369 0.312575 0.442814 0.0836902 0.0175525
 0.692698 0.0596174 0.167031 0.0765114 0.00414204
 0.394062 0.376323 0.152708 0.0712218 0.00568511
 0.125707 0.32114 0.495352 0.0537591 0.00404204
pf_pred 
 0.431439 0.0413966 0.498703 0.0145346 0.0139271
 0.475847 0.320081 0.0148584 0.178998 0.0102157
 0.498155 0.329189 0.105435 0.00489435 0.0623271
 0.500896 0.335852 0.107086 0.0342982 0.0218673
 0.502011 0.337535 0.107972 0.0344266 0.0180564
 0.490643 0.342187 0.113307 0.0362449 0.017618
 0.504612 0.330508 0.110767 0.0366776 0.0174355
 0.514264 0.333476 0.101583 0.0340446 0.0166319
 0.486868 0.3493 0.112477 0.0342625 0.0170925
 0.483687 0.340338 0.11979 0.038573 0.0176118
 0.479739 0.341246 0.118001 0.0415331 0.0194802
 0.477842 0.339287 0.119947 0.041477 0.021446
 0.49261 0.332297 0.113772 0.0402213 0.0210997
 0.500131 0.333995 0.108634 0.0371939 0.0200468
 0.506862 0.33438 0.106076 0.0345019 0.0181796
 0.504965 0.336532 0.107475 0.0340947 0.0169327
 0.516781 0.331084 0.103423 0.0330293 0.0156817
 0.51532 0.334754 0.102724 0.0320886 0.0151133
 0.544721 0.317153 0.0953995 0.0292746 0.0134518
 0.592303 0.301233 0.0741646 0.0223087 0.00999136
 0.592861 0.314172 0.0686893 0.0169116 0.0073653
 0.591927 0.313125 0.0732672 0.0160188 0.00566153
 0.608519 0.305551 0.0659361 0.0154282 0.00456532
 0.556212 0.342176 0.0793084 0.0171143 0.00518948
 0.535606 0.33817 0.0973234 0.0225573 0.00634375
 0.522798 0.338883 0.100724 0.0289878 0.00860819
 0.508909 0.340992 0.106592 0.0316816 0.0118254
 0.510303 0.335283 0.107218 0.0335156 0.0136799
 0.509991 0.336448 0.10514 0.0336221 0.0147998
pobs_RECLAS
 0 0 0 0 0
 0 0 0 0 0
 0 0 0 0 0
 0 0 0 0 0
 0 0 0 0 0
 0 0 0 0 0
 0 0 0 0 0
 0 0 0 0 0
 0 0 0 0 0
 0 0 0 0 0
 0.991045 0.00858322 0.000360255 1.14367e-05 0
 0.934742 0.0480273 0.0164251 0.00080598 0
 0.827803 0.169806 0.00239088 0 0
 0.941827 0.0461693 0.0120037 0 0
 0.791401 0.0380133 0.147996 0.0225897 0
 0.846168 0.0940531 0.0597789 0 0
 0.134021 0.677848 0.182769 0.00536245 0
 0.80878 0.0450904 0.141981 0.00414843 0
 0.846168 0.0940531 0.0597789 0 0
 0.905697 0.0802665 0.012482 0.00150086 5.37128e-05
 0.989698 0.0102097 9.19794e-05 0 0
 0.975433 0.0193895 0.00387452 0.00125025 5.28907e-05
 0.303575 0.632131 0.0575291 0.00676475 0
 0.966965 0.00978017 0.0227588 0.000495775 0
 0.843318 0.132988 0.00938335 0.0141283 0.000182051
 0.564624 0.303363 0.111486 0.0197234 0.00080311
 0.826376 0.0876187 0.0782897 0.00655872 0.00115652
 0.89761 0.0855135 0.0140674 0.00269457 0.000114338
 0.34875 0.467042 0.161289 0.0227151 0.000203297
ppred_RECLAS
 0.432656 0.041308 0.497636 0.0145035 0.0138973
 0.477737 0.318927 0.0148048 0.178353 0.0101789
 0.499502 0.328306 0.105152 0.00488121 0.0621598
 0.502709 0.334633 0.106697 0.0341736 0.0217879
 0.502562 0.337161 0.107852 0.0343886 0.0180364
 0.492156 0.341171 0.11297 0.0361373 0.0175656
 0.507534 0.328559 0.110113 0.0364613 0.0173327
 0.514509 0.333308 0.101532 0.0340274 0.0166235
 0.487563 0.348827 0.112324 0.0342161 0.0170693
 0.484317 0.339923 0.119644 0.038526 0.0175903
 0.479953 0.341106 0.117953 0.0415161 0.0194722
 0.479213 0.338397 0.119632 0.0413682 0.0213897
 0.493985 0.331397 0.113463 0.0401123 0.0210425
 0.502125 0.332662 0.1082 0.0370455 0.0199669
 0.508077 0.333556 0.105815 0.0344169 0.0181348
 0.507538 0.334783 0.106917 0.0339174 0.0168447
 0.518427 0.329957 0.103071 0.0329169 0.0156283
 0.518438 0.332601 0.102063 0.0318822 0.0150161
 0.552409 0.311797 0.0937885 0.0287803 0.0132246
 0.598903 0.296356 0.072964 0.0219475 0.00982961
 0.598099 0.310131 0.0678057 0.016694 0.00727055
 0.601402 0.305855 0.0715661 0.0156469 0.00553008
 0.611627 0.303125 0.0654126 0.0153057 0.00452907
 0.558837 0.340152 0.0788394 0.0170131 0.00515879
 0.537977 0.336443 0.0968265 0.0224422 0.00631136
 0.524164 0.337912 0.100435 0.0289048 0.00858354
 0.510705 0.339745 0.106202 0.0315657 0.0117821
 0.512243 0.333955 0.106794 0.0333829 0.0136257
 0.511327 0.33553 0.104853 0.0335303 0.0147594
pobs_PELACES
 0 0 0 0 0
 0 0 0 0 0
 0 0 0 0 0
 0 0 0 0 0
 0 0 0 0 0
 0 0 0 0 0
 0 0 0 0 0
 0 0 0 0 0
 0 0 0 0 0
 0 0 0 0 0
 0 0 0 0 0
 0 0 0 0 0
 0 0 0 0 0
 0 0 0 0 0
 0 0 0 0 0
 0 0 0 0 0
 0.505614 0.472636 0.0217494 0 0
 0 0 0 0 0
 0.443492 0.261883 0.143347 0.151278 0
 0.227955 0.32914 0.350689 0.0885471 0.00366901
 0.970185 0.0296113 0.000203453 0 0
 0.997202 0.00247181 0.000326279 0 0
 0.445219 0.490057 0.0546422 0.010081 0
 0.90214 0.0892962 0.00764917 0.000914606 0
 0 0 0 0 0
 0.581667 0.319106 0.0959925 0.00289975 0.000334073
 0.762889 0.0836404 0.116647 0.0363945 0.000428098
 0.88444 0.0763242 0.0277011 0.0115352 0
 0.521256 0.241999 0.230069 0.00667565 0
ppred_PELACES
 0.437193 0.0409776 0.493655 0.0143875 0.0137862
 0.484541 0.314772 0.0146119 0.176029 0.0100463
 0.504489 0.325034 0.104104 0.00483258 0.0615404
 0.509254 0.330228 0.105293 0.0337238 0.0215011
 0.504699 0.335712 0.107389 0.0342408 0.0179589
 0.497707 0.337442 0.111735 0.0357423 0.0173736
 0.517543 0.321881 0.107875 0.0357202 0.0169804
 0.51548 0.332641 0.101329 0.0339593 0.0165902
 0.490237 0.347007 0.111738 0.0340376 0.0169802
 0.486748 0.338321 0.11908 0.0383444 0.0175074
 0.480802 0.340549 0.11776 0.0414483 0.0194404
 0.484282 0.335103 0.118468 0.0409655 0.0211815
 0.499068 0.328068 0.112324 0.0397093 0.0208311
 0.50926 0.327895 0.10665 0.0365146 0.0196807
 0.512607 0.330485 0.104841 0.0341 0.0179678
 0.516494 0.328695 0.104972 0.0333007 0.0165384
 0.524416 0.325853 0.101789 0.0325074 0.015434
 0.529021 0.325291 0.0998201 0.0311815 0.0146861
 0.574567 0.296362 0.0891456 0.0273555 0.01257
 0.618341 0.281994 0.0694279 0.0208839 0.00935323
 0.61426 0.29766 0.0650791 0.0160227 0.00697819
 0.627063 0.286165 0.0669588 0.0146396 0.00517406
 0.622056 0.294986 0.0636562 0.0148947 0.00440746
 0.567911 0.333155 0.0772177 0.0166631 0.00505268
 0.546289 0.33039 0.0950846 0.0220384 0.00619782
 0.529213 0.334327 0.0993697 0.0285981 0.00849246
 0.517195 0.335239 0.104793 0.031147 0.0116259
 0.519201 0.329191 0.10527 0.0329067 0.0134313
 0.516277 0.332131 0.103791 0.0331907 0.0146099
pobs_pel_tallas
 0 0 0 0 0 0 0 0 0 0 0 0 0 0 0 0 0 0 0 0 0 0 0 0 0 0
 0 0 0 0 0 0 0 0 0 0 0 0 0 0 0 0 0 0 0 0 0 0 0 0 0 0
 0 0 0 0 0 0 0 0 0 0 0 0 0 0 0 0 0 0 0 0 0 0 0 0 0 0
 0 0 0 0 0 0 0 0 0 0 0 0 0 0 0 0 0 0 0 0 0 0 0 0 0 0
 0 0 0 0 0 0 0 0 0 0 0 0 0 0 0 0 0 0 0 0 0 0 0 0 0 0
 0 0 0 0 0 0 0 0 0 0 0 0 0 0 0 0 0 0 0 0 0 0 0 0 0 0
 0 0 0 0 0 0 0 0 0 0 0 0 0 0 0 0 0 0 0 0 0 0 0 0 0 0
 0 0 0 0 0 0 0 0 0 0 0 0 0 0 0 0 0 0 0 0 0 0 0 0 0 0
 0 0 0 0 0 0 0 0 0 0 0 0 0 0 0 0 0 0 0 0 0 0 0 0 0 0
 0 0 0 0 0 0 0 0 0 0 0 0 0 0 0 0 0 0 0 0 0 0 0 0 0 0
 0 0 0 0 0 0 0 0 0 0 0 0 0 0 0 0 0 0 0 0 0 0 0 0 0 0
 0 0 0 0 0 0 0 0 0 0 0 0 0 0 0 0 0 0 0 0 0 0 0 0 0 0
 0.00862536 0 0 0.000197151 0.00414017 0.0128641 0.00837892 0.0270097 0.101434 0.158115 0.152841 0.127902 0.109271 0.109419 0.0830992 0.0579132 0.0238553 0.00714673 0.00463305 0.00128148 0.00103504 0.000492878 0.000147863 0.000147863 4.92878e-05 0
 0 0 0 0 0 0 0 0 0 0 0 0 0 0 0 0 0 0 0 0 0 0 0 0 0 0
 0 0 0 0 0 0 0 0.0054083 0.00873648 0.0413646 0.0450493 0.0745869 0.0622846 0.0627006 0.0613931 0.0827291 0.12552 0.122667 0.0946155 0.0697135 0.0546179 0.0294188 0.0215738 0.0213955 0.0102223 0.00600262
 0 0 0 0 0.00359764 0.0251062 0.0480494 0.140153 0.205849 0.193036 0.1447 0.116669 0.0760912 0.0342217 0.00950174 0.001854 0.000860785 0 0 0 0.000165536 0 0.000143464 0 0 0
 0 0 0 0 0 0 0 0.000145254 0.000435761 0.0275982 0.070085 0.0708112 0.156366 0.174668 0.174014 0.160142 0.0824315 0.0480064 0.0283245 0.00493863 0.00203355 0 0 0 0 0
 0 0 0 0 0 0 0 0 0 0 0 0 0 0 0 0 0 0 0 0 0 0 0 0 0 0
 0 0 1.00437e-05 0.000401748 0.00122533 0.00171747 0.00176769 0.0269171 0.070346 0.194647 0.189555 0.159765 0.064822 0.0314167 0.0384472 0.0292271 0.0345202 0.0313363 0.0194345 0.0106764 0.0143323 0.0359363 0.0279516 0.0138201 0.00172751 0
 0 0.0021121 0.0136068 0.0755702 0.200478 0.177729 0.0527432 0.0373336 0.0318909 0.0142505 0.0149659 0.0166563 0.0217959 0.0798694 0.0677717 0.0528807 0.04013 0.0224614 0.0357745 0.0225083 0.00881397 0.00855152 0.00135912 0.000746735 0 0
 0 0 0 0 5.4009e-05 0.00500934 0.000945158 0.0243581 0.138947 0.33067 0.221406 0.137944 0.0707744 0.0437923 0.0131692 0.00525238 0.0047753 0.00276346 9.45158e-05 9.00151e-06 2.25038e-05 9.00151e-06 4.50075e-06 0 0 0
 0.000866109 0.00284123 0.00948549 0.0512746 0.133035 0.25785 0.225252 0.132002 0.0553304 0.0519788 0.0540692 0.017754 0.00435017 0.00159236 0.00146478 0.000404838 0.000125132 0.000115318 0.000107957 0.000100596 0 0 0 0 0 0
 0 0 0 0 0.00144013 0.00171154 0.00461396 0.0210425 0.0478622 0.0707936 0.0888783 0.103762 0.0637923 0.0337046 0.0602308 0.124433 0.169614 0.0934646 0.0462172 0.0250306 0.0313229 0.00938855 0.002487 0.000210481 0 0
 0 0.00764035 0.051015 0.0998891 0.058973 0.0496711 0.0374665 0.0718981 0.12319 0.153886 0.159021 0.0857701 0.0377988 0.023471 0.0147837 0.00900784 0.00315554 0.000888139 0.00291439 0.00214683 0.00393193 0.00274676 0.000635225 9.99891e-05 0 0
 0 0 0 0 0 0 0 0 0 0 0 0 0 0 0 0 0 0 0 0 0 0 0 0 0 0
 0 0 0 0 0 0 0 0 0 0 0 0 0 0 0 0 0 0 0 0 0 0 0 0 0 0
 0 0 0 0 0 0 0 0 0 0 0 0 0 0 0 0 0 0 0 0 0 0 0 0 0 0
 0 0 0 0 0 0 0 0 0 0 0 0 0 0 0 0 0 0 0 0 0 0 0 0 0 0
 0 0 0 0 0 0 0 0 0 0 0 0 0 0 0 0 0 0 0 0 0 0 0 0 0 0
ppred_pel_tallas
 1.18033e-16 3.60111e-05 0.00035004 0.00232614 0.0105743 0.0329006 0.0700984 0.102312 0.102316 0.0701218 0.0329813 0.010817 0.00297167 0.00187965 0.0032931 0.00630325 0.0112045 0.0185101 0.0286022 0.0413992 0.0559403 0.0701438 0.0811093 0.0860687 0.083568 0.0741728
 1.19856e-16 3.9911e-05 0.00038795 0.00257806 0.0117195 0.0364639 0.0776914 0.113399 0.11343 0.0778397 0.036962 0.0131586 0.006192 0.00828371 0.0150578 0.0248999 0.0360584 0.0458286 0.0515765 0.0523189 0.049424 0.0457313 0.0437307 0.0441713 0.0459565 0.0471005
 1.13987e-16 4.15541e-05 0.000403921 0.0026842 0.012202 0.0379651 0.0808898 0.118068 0.118099 0.0810435 0.0384812 0.0136939 0.006434 0.0086064 0.015669 0.0259696 0.0377195 0.0481066 0.0542982 0.0550275 0.0513356 0.0457888 0.0408202 0.0375015 0.0354688 0.0336823
 1.10144e-16 4.19466e-05 0.000407736 0.00270955 0.0123173 0.0383237 0.0816539 0.119183 0.119215 0.08181 0.0388481 0.0138331 0.00651955 0.00874202 0.0159207 0.0263874 0.0383248 0.0488701 0.0551294 0.0557832 0.0518355 0.0458226 0.0401477 0.0358697 0.0326682 0.0296361
 1.09658e-16 4.15715e-05 0.00040409 0.00268532 0.0122071 0.037981 0.0809237 0.118117 0.11815 0.0810823 0.038514 0.0137481 0.0065585 0.00887646 0.016183 0.0268225 0.0389533 0.049662 0.0560009 0.0566195 0.052528 0.0462958 0.0403641 0.0358195 0.0323608 0.0291015
 1.09836e-16 4.09955e-05 0.000398491 0.00264812 0.012038 0.0374548 0.0798025 0.116481 0.116514 0.0799621 0.0379907 0.0135873 0.00654269 0.00891865 0.0162764 0.0269861 0.0392084 0.0500237 0.0564756 0.0572086 0.0532294 0.0471004 0.0412472 0.0367344 0.0332438 0.0298871
 1.09652e-16 4.26294e-05 0.000414373 0.00275365 0.0125177 0.0389475 0.0829829 0.121122 0.121154 0.0831351 0.0394587 0.0139958 0.00646927 0.00854348 0.0155343 0.0257538 0.0374267 0.0477698 0.0539688 0.054735 0.0510292 0.0452902 0.0398189 0.0356131 0.032351 0.0291719
 1.09223e-16 4.24595e-05 0.000412722 0.00274268 0.0124679 0.0387923 0.0826523 0.12064 0.120672 0.0828094 0.0393203 0.0139941 0.00657856 0.00880221 0.0160223 0.0265442 0.038526 0.0490699 0.0552453 0.0557112 0.0514775 0.0451133 0.0390711 0.0344608 0.0310049 0.0278262
 1.09601e-16 4.03802e-05 0.00039251 0.00260837 0.0118573 0.0368926 0.0786049 0.114733 0.114767 0.0787689 0.0374436 0.0134501 0.00661191 0.00915002 0.016725 0.0277245 0.040262 0.0513261 0.0578657 0.0584789 0.0542016 0.0476831 0.0414454 0.0366197 0.0329132 0.0294347
 1.10332e-16 4.00928e-05 0.000389717 0.0025898 0.0117729 0.03663 0.0780454 0.113916 0.113949 0.0782053 0.0371676 0.0133272 0.00649727 0.00894 0.0163385 0.0271055 0.0394164 0.0503609 0.0569902 0.0579512 0.0542411 0.0483939 0.0427882 0.0384365 0.0349814 0.0315255
 1.10932e-16 3.96031e-05 0.000384957 0.00255817 0.0116291 0.0361826 0.0770921 0.112525 0.112558 0.0772532 0.0367237 0.0131935 0.00649099 0.00899051 0.0164429 0.0272791 0.0396677 0.0506818 0.0573586 0.0583461 0.054662 0.0488713 0.0433748 0.0391825 0.0359071 0.0326044
 1.11198e-16 3.98898e-05 0.000387743 0.00257669 0.0117133 0.0364445 0.0776501 0.113339 0.113372 0.0778085 0.036977 0.0132529 0.00644766 0.00885873 0.0161889 0.0268621 0.0390751 0.0499541 0.0565912 0.0576613 0.0541652 0.0486174 0.043363 0.039373 0.0362452 0.0330355
 1.10833e-16 4.11077e-05 0.000399581 0.00265536 0.0120709 0.0375572 0.0800208 0.116799 0.116831 0.0801759 0.0380784 0.0135778 0.00644373 0.0086889 0.0158412 0.0262748 0.0382047 0.0488086 0.0552336 0.0561814 0.0526402 0.0470901 0.0418521 0.0379003 0.0348526 0.0317805
 1.10154e-16 4.19472e-05 0.000407742 0.00270959 0.0123174 0.0383242 0.0816549 0.119184 0.119216 0.0818099 0.0388449 0.0138228 0.0064936 0.00868586 0.0158157 0.0262181 0.0380912 0.0485981 0.0548713 0.0556036 0.0517875 0.045928 0.04039 0.0362008 0.0330248 0.0299574
 1.09571e-16 4.22228e-05 0.000410421 0.00272739 0.0123983 0.038576 0.0821915 0.119968 0.12 0.0823477 0.0391007 0.0139152 0.00654 0.00875014 0.0159305 0.0264007 0.038338 0.0488726 0.0551024 0.0556997 0.0516619 0.0455237 0.039693 0.0352414 0.0318702 0.0286992
 1.09252e-16 4.2543e-05 0.000413533 0.00274807 0.0124924 0.0388685 0.0828147 0.120877 0.120909 0.08297 0.0393904 0.0140011 0.00654015 0.00870839 0.0158455 0.0262591 0.0381324 0.0486097 0.0548023 0.0553852 0.0513448 0.0451957 0.0393299 0.0348167 0.0313702 0.0281328
 1.08893e-16 4.31956e-05 0.000419876 0.00279023 0.012684 0.0394648 0.084085 0.122731 0.122763 0.084239 0.039982 0.0141794 0.00654861 0.00864039 0.0157026 0.0260157 0.037767 0.0481192 0.0542022 0.0546994 0.0505906 0.0443783 0.0384503 0.0338856 0.0304169 0.027202
 1.08577e-16 4.35748e-05 0.000423563 0.00281472 0.0127953 0.0398112 0.0848232 0.123809 0.12384 0.0849769 0.0403276 0.0142879 0.00656583 0.00862759 0.0156699 0.0259562 0.0376698 0.047972 0.0539917 0.05441 0.0502052 0.0438834 0.0378431 0.0331813 0.0296501 0.0264213
 1.07519e-16 4.73264e-05 0.000460029 0.00305706 0.013897 0.0432387 0.0921258 0.134466 0.134495 0.0922658 0.0437091 0.0152565 0.00647378 0.00793217 0.0142779 0.023634 0.0342882 0.043643 0.049076 0.0493813 0.045451 0.0395755 0.0339547 0.0296069 0.026324 0.0233633
 1.05753e-16 5.0932e-05 0.000495077 0.00328996 0.0149557 0.0465329 0.0991443 0.14471 0.144737 0.0992774 0.0469799 0.0162475 0.00653493 0.00758733 0.0135454 0.0223788 0.0323888 0.0410616 0.0458652 0.0456343 0.0412387 0.0349302 0.0289171 0.0242944 0.0209604 0.0182423
 1.04742e-16 5.05958e-05 0.00049181 0.00326825 0.014857 0.0462258 0.09849 0.143755 0.143784 0.0986304 0.0466973 0.0162194 0.00668986 0.0079675 0.0142668 0.0235547 0.0340412 0.0430495 0.0478792 0.0472802 0.0421728 0.0349696 0.0280711 0.0227233 0.0189046 0.0159601
 1.0435e-16 5.16504e-05 0.00050206 0.00333637 0.0151667 0.0471893 0.100543 0.146751 0.146778 0.100678 0.0476427 0.0164769 0.00662725 0.00769305 0.0137292 0.022669 0.0327761 0.04148 0.0461867 0.0456894 0.0408579 0.0339864 0.0273557 0.0221471 0.0183437 0.0153431
 1.04153e-16 5.1238e-05 0.000498051 0.00330973 0.0150456 0.0468125 0.0997399 0.145579 0.145608 0.0998791 0.0472797 0.0163955 0.00670007 0.00790502 0.0141355 0.0233326 0.0337115 0.0426131 0.0473536 0.0466865 0.0415181 0.0342387 0.0272352 0.0217608 0.0178198 0.014791
 1.0484e-16 4.67782e-05 0.0004547 0.00302165 0.013736 0.0427379 0.0910588 0.13291 0.132942 0.091216 0.0432658 0.0152612 0.00685256 0.00882549 0.0159675 0.0263839 0.0381435 0.0482616 0.0537156 0.0530977 0.047419 0.0393524 0.0315591 0.0254236 0.0209377 0.0174098
 1.06088e-16 4.49972e-05 0.000437388 0.0029066 0.013213 0.0411107 0.087592 0.12785 0.127882 0.087748 0.0416349 0.0147278 0.00671289 0.00875937 0.0158876 0.0262928 0.0381025 0.0483995 0.054226 0.0542015 0.0492973 0.0420735 0.0350329 0.0294065 0.0250878 0.021373
 1.07259e-16 4.35907e-05 0.000423717 0.00281575 0.0128 0.0398257 0.0848541 0.123854 0.123886 0.0850121 0.0403562 0.0143334 0.00666922 0.00885023 0.0160894 0.0266414 0.0386357 0.0491386 0.0551769 0.0553726 0.0507167 0.0437887 0.0370841 0.0317886 0.0277244 0.0241187
 1.08201e-16 4.26007e-05 0.000414094 0.0027518 0.0125093 0.0389213 0.0829272 0.121041 0.121074 0.0830856 0.0394535 0.0140477 0.00661802 0.00887009 0.0161493 0.0267552 0.0388312 0.0494524 0.0556549 0.0560697 0.0516901 0.0450826 0.0387092 0.0337053 0.0298405 0.0263032
 1.08696e-16 4.2766e-05 0.000415701 0.00276248 0.0125578 0.0390723 0.0832488 0.121511 0.121543 0.0834044 0.0395949 0.0140688 0.00656012 0.00872256 0.015868 0.0262946 0.0381796 0.0486594 0.0548348 0.0553711 0.0512469 0.0449745 0.0389496 0.0342546 0.0306262 0.0272367
 1.08882e-16 4.25251e-05 0.000413359 0.00274692 0.0124871 0.0388522 0.08278 0.120827 0.120859 0.0829369 0.0393795 0.0140113 0.00657768 0.00879213 0.0160032 0.0265158 0.038492 0.0490399 0.0552327 0.0557259 0.0515154 0.0451497 0.0390622 0.0343555 0.030764 0.0274388
pSPR Fmed_Fpbrs
0.599947   0.285685 0.285685
Fs Fmed_Fpbrs
0.34   1.005 1.005
SSBpbr Bo_Bmed_Bpbrs
3.40839e+06  1.87443e+06  803307 803307
Ro
327738
SPR SPRFo_SPRFmed_SPRFpbrs
2.32923e+06 1.39742e+06 665427
Fref
1.005
Nvult_r0
 254792 95885.8 29964.2 9582.1 4217.87
CTP_r0
 85213.4 48062.4 15019.5 4803 2114.19
YTP_r0
1.96421e+06
Np
 327738 72945.6 15289.6 4868.1 1726.13
Nvult_p0
 254792 63122.7 13230.7 4212.56 1493.69
CTP_p0
 85213.4 49248.6 15680.4 4900.12 2078.21
 85213.4 31640.1 6631.83 2111.53 748.708
YTP_p0
 2.10605e+06 1.44678e+06
CBA_c0
2.00677e+06
log_Ro
12.52
likeval ReclasPelacesDesembMPH_pf_preclas_ppelaces_ptallas_desvR_qrecl_qpela
 122.179 50.3927 10.7954 0.00510638 225.159 139.554 92.7094 0 0 0 0 53.2366 0 0 0
q_reclas_q_pelaces
1 1
M
1
N
 327738 16089.3 193828 5649.08 5412.97
 327738 114007 5292.29 63756 3638.66
 327738 111011 35555.2 1650.5 21018.2
 327738 113496 36187.9 11590.5 7389.69
 327738 111371 35625.7 11359.2 5957.78
 327738 117484 38901.8 12444 6048.82
 327738 112722 37777.6 12509.1 5946.48
 327738 106784 32528.4 10901.6 5325.78
 327738 119156 38369 11687.9 5830.71
 327738 116722 41082.8 13228.9 6040.09
 327738 117065 40480.3 14247.9 6682.7
 327738 119331 42186.8 14588 7542.82
 327738 113373 38816.7 13722.7 7198.8
 327738 113363 36872 12624.2 6804.23
 327738 110577 35078.6 11409.5 6011.85
 327738 114124 36446.7 11562.1 5742.16
 327738 108159 33786.3 10790 5122.92
 327738 112110 34402.3 10746.5 5061.47
 327738 106021 31891.2 9786.26 4496.81
 327738 91761.4 22592 6795.67 3043.56
 327738 94149.9 20584.5 5067.99 2207.2
 327738 98204.2 22978.5 5023.91 1775.6
 327738 86829.6 18737.3 4384.28 1297.34
 327738 105478 24447.3 5275.58 1599.69
 327738 107815 31028.7 7191.72 2022.52
 327738 108934 32377.6 9318.1 2767.09
 327738 113390 35445 10535.1 3932.3
 327738 111440 35636.7 11139.8 4546.86
 327738 110807 34627.1 11073.2 4874.23
pred_Ctot
 11325.2 1086.65 13090.8 381.531 365.584
 16533.6 11121.4 516.263 6219.4 354.951
 12212.8 8070.43 2584.85 119.99 1528.02
 15906.2 10665.1 3400.57 1089.15 694.406
 5310.66 3570.7 1142.21 364.192 191.015
 13556.6 9454.76 3130.7 1001.46 486.791
 23920.6 15667.4 5250.78 1738.66 826.512
 2428.51 1574.78 479.706 160.769 78.5408
 6626.78 4754.34 1530.93 466.348 232.646
 6034.45 4246.03 1494.49 481.234 219.723
 2126.54 1512.64 523.064 184.104 86.3501
 12424.9 8822.16 3118.86 1078.49 557.64
 12442.4 8393.23 2873.67 1015.92 532.94
 17289.4 11546.1 3755.44 1285.78 693.015
 11123 7337.89 2327.82 757.135 398.946
 21512.8 14337.1 4578.71 1452.52 721.375
 14620.9 9367.11 2926.07 934.473 443.671
 25259 16408.4 5035.14 1572.86 740.799
 50609.4 29466.3 8863.47 2719.87 1249.79
 46317 23555.9 5799.54 1744.5 781.306
 39075.3 20707 4527.29 1114.64 485.445
 59537.9 31495.1 7369.44 1611.22 569.454
 26214 13162.7 2840.42 664.621 196.667
 22114 13604.3 3153.16 680.433 206.325
 20157.9 12727.2 3662.83 848.958 238.751
 12395.5 8034.88 2388.15 687.298 204.099
 15786.2 10577.5 3306.44 982.752 366.82
 16888.3 11096.1 3548.35 1109.19 452.731
 12132.7 8004.1 2501.28 799.869 352.088
F
 0.0559529 0.111906 0.111906 0.111906 0.111906
 0.082588 0.165176 0.165176 0.165176 0.165176
 0.0604506 0.120901 0.120901 0.120901 0.120901
 0.0793481 0.158696 0.158696 0.158696 0.158696
 0.0259128 0.0518256 0.0518256 0.0518256 0.0518256
 0.0672922 0.134584 0.134584 0.134584 0.134584
 0.121404 0.242808 0.242808 0.242808 0.242808
 0.0117801 0.0235603 0.0235603 0.0235603 0.0235603
 0.0324223 0.0648446 0.0648446 0.0648446 0.0648446
 0.0294883 0.0589765 0.0589765 0.0589765 0.0589765
 0.010309 0.020618 0.020618 0.020618 0.020618
 0.0615276 0.123055 0.123055 0.123055 0.123055
 0.0616169 0.123234 0.123234 0.123234 0.123234
 0.0865026 0.173005 0.173005 0.173005 0.173005
 0.0549306 0.109861 0.109861 0.109861 0.109861
 0.108614 0.217228 0.217228 0.217228 0.217228
 0.0727381 0.145476 0.145476 0.145476 0.145476
 0.128573 0.257145 0.257145 0.257145 0.257145
 0.273023 0.546046 0.546046 0.546046 0.546046
 0.247326 0.494652 0.494652 0.494652 0.494652
 0.205165 0.41033 0.41033 0.41033 0.41033
 0.328267 0.656533 0.656533 0.656533 0.656533
 0.133713 0.267427 0.267427 0.267427 0.267427
 0.111795 0.22359 0.22359 0.22359 0.22359
 0.101476 0.202952 0.202952 0.202952 0.202952
 0.0613783 0.122757 0.122757 0.122757 0.122757
 0.0787295 0.157459 0.157459 0.157459 0.157459
 0.0844236 0.168847 0.168847 0.168847 0.168847
 0.0600439 0.120088 0.120088 0.120088 0.120088
YTP_r0W_actual
 443110 985280 325923 139287 70614
YTP_p0W_proyectada
 642509 859388 377428 153472 73257
 642509 552119 159628 66133.1 26391.9
CTP_r0_actual
 85213.4 48062.4 15019.5 4803 2114.19
CTP_p0_proyectada
 85213.4 49248.6 15680.4 4900.12 2078.21
 85213.4 31640.1 6631.83 2111.53 748.708
Wmedp
 7.54 17.45 24.07 31.32 35.25
Frms_r0
 0.5025 1.005 1.005 1.005 1.005
Zrms_r0
 1.5025 2.005 2.005 2.005 2.005
nmprior
 7.29 8.9 8.7 0
nm_flota  nm_reclas  nm_pelaces    nm_pelaL
inf 3.87673 7.74121 9.49926
cv_recla  cv_pelaces  cv_mph
1.04862 0.869419 2.06284
 ------------------------------------------------
Talla a la edad & desviaci?n 
 8 13.2811 15.8009 17.003 17.5766
 0.8 1.32811 1.58009 1.7003 1.75766
