years
 1991 1992 1993 1994 1995 1996 1997 1998 1999 2000 2001 2002 2003 2004 2005 2006 2007 2008 2009 2010 2011 2012 2013 2014 2015 2016 2017 2018 2019 2020 2021 2022
reclasobs
 0 0 0 0 0 0 0 0 0 252601 567819 844713 477998 351125 339783 2.1784e+06 2.13404e+06 4.81314e+06 1.55562e+06 2.62356e+06 3.21686e+06 3.843e+06 1.13348e+06 3.07943e+06 1.97215e+06 2.03268e+06 2.025e+06 2.42433e+06 2.27542e+06 1.05018e+06 2.36338e+06 3.18982e+06
reclaspred
 3.27007e+06 1.76889e+06 902006 931283 955836 1.65917e+06 895506 781308 547442 359006 512536 703752 686464 503937 509149 1.36011e+06 1.26344e+06 3.12956e+06 2.56128e+06 1.77505e+06 3.10995e+06 2.5387e+06 1.89218e+06 3.13813e+06 2.23895e+06 1.97234e+06 2.4089e+06 2.59846e+06 2.07152e+06 1.42694e+06 1.99336e+06 2.26695e+06
pelacesobs
 0 0 0 0 0 0 0 0 0 0 0 0 0 0 0 552880 188675 0 991730 2.46772e+06 1.41603e+06 1.21717e+06 2.29649e+06 1.80582e+06 0 1.4828e+06 1.56532e+06 1.57751e+06 1.42118e+06 867257 1.10002e+06 1.06204e+06
pelacespred
 2.19305e+06 1.28813e+06 624477 432391 532920 823110 484663 508399 326811 184194 255258 309600 336920 232095 230022 488608 659715 1.42271e+06 1.44729e+06 957196 1.47414e+06 1.35005e+06 1.19391e+06 1.70953e+06 1.48788e+06 1.27788e+06 1.48418e+06 1.4952e+06 1.40222e+06 996266 963395 1.38967e+06
mphobs
 0 0 0 0 0 0 0 0 0 0 0 0 498337 0 5186 125008 0 168611 109162 213762 579715 649985 157893 87575 83554 210694 70296 0 107559 103333 445601 22526
mphpred
 1.82146e+06 1.21904e+06 577606 324997 355994 436092 589687 302384 279008 169910 101309 224506 239655 191229 114573 152386 543936 514452 1.11535e+06 810645 806392 1.01278e+06 966535 755681 1.15552e+06 902893 740413 810500 1.16424e+06 771437 510856 937463
desembarqueobs
 494567 514787 250237 358949 120608 361735 552515 73892 212993 205616 52469 317467 293654 387597 252695 516296 358380 742168 942051 627588 828172 859565 418607 520667 417249 300574 415391 372974 316634 284311 391294 218835
desembarquepred
 494568 513969 250611 358988 120614 361743 552536 73897.7 213059 205678 52471.8 317527 293683 387552 252659 516209 358437 741985 941719 627329 828290 859590 418621 520700 417247 300577 415391 372954 316631 284310 391248 218844
Reclutas
 165367 89594.4 93506.3 134887 111521 200060 78155.6 33973.7 32749.2 43421.9 82136.7 121544 101205 72406.8 66747.5 335859 80895.7 530616 336480 233930 341322 464623 89059.8 274757 210931 102392 222791 247284 82602.2 79440.7 208040 100877
log_desv_Rt
 0.23359 -0.379282 -0.336546 0.0298634 -0.160366 0.424041 -0.515873 -1.34899 -1.3857 -1.10361 -0.46619 -0.0743016 -0.257426 -0.592274 -0.673658 0.942116 -0.481414 1.39946 0.943963 0.580446 0.958251 1.26665 -0.385267 0.741313 0.476957 -0.245763 0.53166 0.635961 -0.460539 -0.499564 0.463158 -0.260675
SSB
 1.82146e+06 1.21904e+06 577606 324997 355994 436092 589687 302384 279008 169910 101309 224506 239655 191229 114573 152386 543936 514452 1.11535e+06 810645 806392 1.01278e+06 966535 755681 1.15552e+06 902893 740413 810500 1.16424e+06 771437 510856 937463
BT
 2.61526e+06 1.79172e+06 874731 841335 710916 1.42492e+06 1.00174e+06 679829 598100 426184 410215 674593 710358 731180 602897 1.20915e+06 1.01745e+06 2.82487e+06 2.687e+06 1.67609e+06 2.69175e+06 2.46523e+06 1.65215e+06 2.90984e+06 2.01339e+06 1.71641e+06 2.45066e+06 2.30267e+06 1.66487e+06 1.37326e+06 1.63428e+06 1.7329e+06
Ftot
 0.233428 0.431791 0.425083 0.658055 0.215414 0.396037 0.914068 0.159052 0.640952 0.929787 0.202958 0.785278 0.737281 1.29682 0.937048 0.767304 0.461285 0.462221 0.621448 0.594658 0.472301 0.590541 0.348787 0.311122 0.307269 0.249729 0.316422 0.269018 0.2334 0.318694 0.370881 0.158207
BD_Bspro_t
 0.963543 0.759113 0.542664 0.445072 0.440543 0.540495 0.536813 0.33635 0.396502 0.3284 0.28076 0.547611 0.425415 0.327854 0.219004 0.272316 0.454363 0.425958 0.549712 0.440009 0.393827 0.445834 0.463478 0.442203 0.578395 0.577928 0.586067 0.633893 0.695027 0.609428 0.547484 0.650634
BD_Bspro
 1.93286 1.2936 0.612933 0.344874 0.377766 0.462763 0.625752 0.320878 0.296073 0.180302 0.107505 0.238237 0.254313 0.202924 0.12158 0.161705 0.577203 0.545916 1.18357 0.860225 0.855711 1.07473 1.02565 0.801899 1.22619 0.958115 0.785697 0.860071 1.23544 0.818618 0.5421 0.994799
BD_Bo
 1.49631 1.00143 0.474499 0.266982 0.292446 0.358246 0.484423 0.248406 0.229203 0.13958 0.0832245 0.18443 0.196875 0.157093 0.0941205 0.125183 0.446839 0.422618 0.916255 0.665939 0.662445 0.831994 0.794001 0.620786 0.949248 0.74172 0.608243 0.665819 0.956412 0.633729 0.419664 0.770118
BD_Brms
 7.27101 4.86625 2.30572 1.29734 1.42108 1.74082 2.35395 1.20707 1.11376 0.678257 0.404411 0.896199 0.956672 0.763358 0.457358 0.608302 2.17132 2.05362 4.45234 3.23598 3.21901 4.0429 3.85827 3.01657 4.61267 3.60423 2.95563 3.23541 4.64748 3.07947 2.03927 3.74222
Sel_flota
 0.624389 0.96931 0.998336 0.999912 0.999995
 0.624389 0.96931 0.998336 0.999912 0.999995
 0.624389 0.96931 0.998336 0.999912 0.999995
 0.624389 0.96931 0.998336 0.999912 0.999995
 0.624389 0.96931 0.998336 0.999912 0.999995
 0.624389 0.96931 0.998336 0.999912 0.999995
 0.624389 0.96931 0.998336 0.999912 0.999995
 0.624389 0.96931 0.998336 0.999912 0.999995
 0.624389 0.96931 0.998336 0.999912 0.999995
 0.624389 0.96931 0.998336 0.999912 0.999995
 0.624389 0.96931 0.998336 0.999912 0.999995
 0.624389 0.96931 0.998336 0.999912 0.999995
 0.624389 0.96931 0.998336 0.999912 0.999995
 0.624389 0.96931 0.998336 0.999912 0.999995
 0.624389 0.96931 0.998336 0.999912 0.999995
 0.624389 0.96931 0.998336 0.999912 0.999995
 0.624389 0.96931 0.998336 0.999912 0.999995
 0.624389 0.96931 0.998336 0.999912 0.999995
 0.624389 0.96931 0.998336 0.999912 0.999995
 0.624389 0.96931 0.998336 0.999912 0.999995
 0.624389 0.96931 0.998336 0.999912 0.999995
 0.624389 0.96931 0.998336 0.999912 0.999995
 0.624389 0.96931 0.998336 0.999912 0.999995
 0.624389 0.96931 0.998336 0.999912 0.999995
 0.624389 0.96931 0.998336 0.999912 0.999995
 0.624389 0.96931 0.998336 0.999912 0.999995
 0.624389 0.96931 0.998336 0.999912 0.999995
 0.624389 0.96931 0.998336 0.999912 0.999995
 0.624389 0.96931 0.998336 0.999912 0.999995
 0.624389 0.96931 0.998336 0.999912 0.999995
 0.624389 0.96931 0.998336 0.999912 0.999995
 0.624389 0.96931 0.998336 0.999912 0.999995
Sel_reclas
 1 1 1 1 1
 1 1 1 1 1
 1 1 1 1 1
 1 1 1 1 1
 1 1 1 1 1
 1 1 1 1 1
 1 1 1 1 1
 1 1 1 1 1
 1 1 1 1 1
 1 1 1 1 1
 1 1 1 1 1
 1 1 1 1 1
 1 1 1 1 1
 1 1 1 1 1
 1 1 1 1 1
 1 1 1 1 1
 1 1 1 1 1
 1 1 1 1 1
 1 1 1 1 1
 1 1 1 1 1
 1 1 1 1 1
 1 1 1 1 1
 1 1 1 1 1
 1 1 1 1 1
 1 1 1 1 1
 1 1 1 1 1
 1 1 1 1 1
 1 1 1 1 1
 1 1 1 1 1
 1 1 1 1 1
 1 1 1 1 1
 1 1 1 1 1
Sel_pelaces
 0.5 1 1 1 1
 0.5 1 1 1 1
 0.5 1 1 1 1
 0.5 1 1 1 1
 0.5 1 1 1 1
 0.5 1 1 1 1
 0.5 1 1 1 1
 0.5 1 1 1 1
 0.5 1 1 1 1
 0.5 1 1 1 1
 0.5 1 1 1 1
 0.5 1 1 1 1
 0.5 1 1 1 1
 0.5 1 1 1 1
 0.5 1 1 1 1
 0.5 1 1 1 1
 0.5 1 1 1 1
 0.5 1 1 1 1
 0.5 1 1 1 1
 0.5 1 1 1 1
 0.5 1 1 1 1
 0.5 1 1 1 1
 0.5 1 1 1 1
 0.5 1 1 1 1
 0.5 1 1 1 1
 0.5 1 1 1 1
 0.5 1 1 1 1
 0.5 1 1 1 1
 0.5 1 1 1 1
 0.5 1 1 1 1
 0.5 1 1 1 1
 0.5 1 1 1 1
pf_obs 
 0.8446 0.082 0.0669 0.0065 0
 0.8095 0.147 0.0364 0.0071 0
 0.9664 0.0169 0.016 0.0007 0
 0.9276 0.0648 0.0075 0.0001 0
 0.7033 0.2144 0.0806 0.0017 0
 0.9318 0.0425 0.0243 0.0014 0
 0.5671 0.3108 0.0964 0.0239 0.0018
 0.0768 0.2599 0.5324 0.112 0.0189
 0.490249 0.384438 0.106611 0.0170017 0.00170017
 0.7925 0.1577 0.0466 0.003 0.0002
 0.840416 0.127587 0.0312969 0.00059994 9.999e-05
 0.8084 0.0986 0.0794 0.0134 0.0002
 0.7335 0.1905 0.0724 0.0035 0.0001
 0.4001 0.4547 0.1325 0.0127 0
 0.49795 0.308269 0.164784 0.0264974 0.00249975
 0.9179 0.0499 0.0305 0.0017 0
 0.2467 0.6533 0.0926 0.0074 0
 0.9418 0.0223 0.034 0.0019 0
 0.707729 0.231977 0.0356964 0.0245975 0
 0.517169 0.277429 0.184464 0.0207286 0.00020938
 0.811772 0.124168 0.05621 0.00726502 0.000585176
 0.764997 0.148141 0.077277 0.00933861 0.000247198
 0.163321 0.427699 0.378323 0.0303852 0.000271297
 0.753843 0.0900009 0.118128 0.0371064 0.000921714
 0.721811 0.176058 0.0630433 0.0369309 0.00215725
 0.143369 0.312575 0.442814 0.0836902 0.0175525
 0.692698 0.0596174 0.167031 0.0765114 0.00414204
 0.394062 0.376323 0.152708 0.0712218 0.00568511
 0.125707 0.32114 0.495352 0.0537591 0.00404204
 0.23352 0.215282 0.420074 0.123614 0.00750983
 0.796117 0.104755 0.0508955 0.0450114 0.00322123
 0.162477 0.292055 0.404252 0.121198 0.0200186
pf_pred 
 0.473712 0.144929 0.356513 0.0248458 9.38551e-07
 0.408724 0.351323 0.0676389 0.161105 0.0112086
 0.576804 0.227591 0.117976 0.0219128 0.0557161
 0.714379 0.199075 0.0473319 0.0236705 0.0155441
 0.647115 0.287616 0.0460541 0.0105191 0.00869595
 0.738514 0.194767 0.0547018 0.00848394 0.00353354
 0.447542 0.45571 0.0727154 0.019711 0.00432196
 0.452972 0.328862 0.181385 0.0276618 0.00911998
 0.535125 0.264012 0.122259 0.065371 0.0132338
 0.7232 0.185894 0.0525398 0.0233723 0.0149943
 0.834991 0.137124 0.0190113 0.00513363 0.00373939
 0.743095 0.228551 0.023691 0.00318147 0.00148228
 0.687281 0.262568 0.0448255 0.00445116 0.000874189
 0.648662 0.280497 0.0598797 0.00979999 0.00116159
 0.763579 0.187296 0.0396425 0.0080191 0.0014637
 0.937453 0.0537248 0.00705548 0.0014261 0.000340283
 0.41128 0.567678 0.0181817 0.00228852 0.000571625
 0.897763 0.0550774 0.0455329 0.00140611 0.000220756
 0.601064 0.373901 0.0137148 0.0109309 0.000389785
 0.584028 0.300972 0.108053 0.00380946 0.00313778
 0.736775 0.186729 0.0559415 0.019315 0.00123918
 0.740746 0.214096 0.0323793 0.00935043 0.00342877
 0.297389 0.584273 0.0983882 0.0143125 0.00563678
 0.74147 0.105775 0.127759 0.0207888 0.00420729
 0.584243 0.343076 0.0303339 0.0354283 0.00691897
 0.425553 0.399177 0.145493 0.0124405 0.017336
 0.716601 0.154086 0.0907517 0.0320203 0.00654149
 0.664458 0.270341 0.0360027 0.0205025 0.00869597
 0.352295 0.492912 0.12552 0.0161771 0.0130963
 0.486361 0.238959 0.210646 0.0519417 0.0120923
 0.781926 0.132865 0.0403671 0.0344028 0.010439
 0.483605 0.441894 0.04602 0.0135063 0.0149753
pobs_RECLAS
 0 0 0 0 0
 0 0 0 0 0
 0 0 0 0 0
 0 0 0 0 0
 0 0 0 0 0
 0 0 0 0 0
 0 0 0 0 0
 0 0 0 0 0
 0 0 0 0 0
 0 0 0 0 0
 0.991045 0.00858322 0.000360255 1.14367e-05 0
 0.934742 0.0480273 0.0164251 0.00080598 0
 0.827803 0.169806 0.00239088 0 0
 0.941827 0.0461693 0.0120037 0 0
 0.791401 0.0380133 0.147996 0.0225897 0
 0.846168 0.0940531 0.0597789 0 0
 0.134021 0.677848 0.182769 0.00536245 0
 0.80878 0.0450904 0.141981 0.00414843 0
 0.846168 0.0940531 0.0597789 0 0
 0.905697 0.0802665 0.012482 0.00150086 5.37128e-05
 0.989698 0.0102097 9.19794e-05 0 0
 0.975433 0.0193895 0.00387452 0.00125025 5.28907e-05
 0.303575 0.632131 0.0575291 0.00676475 0
 0.966965 0.00978017 0.0227588 0.000495775 0
 0.843318 0.132988 0.00938335 0.0141283 0.000182051
 0.564624 0.303363 0.111486 0.0197234 0.00080311
 0.826376 0.0876187 0.0782897 0.00655872 0.00115652
 0.89761 0.0855135 0.0140674 0.00269457 0.000114338
 0.34875 0.467042 0.161289 0.0227151 0.000203297
 0.318654 0.224769 0.449479 0.00709798 0
 0.937255 0.0296025 0.0250945 0.00804832 0
 0.456809 0.399803 0.12412 0.0192676 0
ppred_RECLAS
 0.590055 0.115385 0.275398 0.0191618 7.23777e-07
 0.524901 0.285964 0.0533779 0.126927 0.00882999
 0.685647 0.171522 0.0862052 0.0159852 0.0406408
 0.801255 0.139891 0.0322124 0.0160817 0.0105597
 0.742476 0.211069 0.0327944 0.00747844 0.00618175
 0.817645 0.136896 0.0372822 0.00577275 0.00240413
 0.56914 0.357494 0.0551658 0.014927 0.00327269
 0.566633 0.26366 0.141133 0.0214889 0.00708419
 0.650519 0.201267 0.0902738 0.0481864 0.00975407
 0.810869 0.128441 0.0351032 0.0155876 0.00999911
 0.888248 0.0933428 0.0125578 0.00338554 0.00246585
 0.823564 0.157527 0.0158034 0.00211853 0.000986953
 0.779836 0.185812 0.0307093 0.00304413 0.0005978
 0.75606 0.196167 0.0403927 0.00659792 0.000781972
 0.840771 0.127025 0.025997 0.00524934 0.000958051
 0.960294 0.0342626 0.00435522 0.000878772 0.000209665
 0.524936 0.45859 0.0142384 0.0017892 0.000446867
 0.933659 0.0362521 0.0290528 0.000895697 0.00014061
 0.706301 0.275823 0.00980031 0.00779774 0.000278034
 0.692568 0.22438 0.0780427 0.00274676 0.00226225
 0.817019 0.130988 0.0380398 0.0131122 0.000841161
 0.820434 0.14911 0.0218479 0.00629852 0.00230944
 0.400751 0.500886 0.0818039 0.0118805 0.00467858
 0.820886 0.074617 0.0874215 0.014202 0.00287398
 0.689154 0.257899 0.022119 0.0257917 0.00503655
 0.539273 0.323118 0.114263 0.00975439 0.0135917
 0.801005 0.109722 0.0626825 0.0220805 0.00451048
 0.757342 0.196674 0.0254102 0.014447 0.00612704
 0.461532 0.412744 0.10198 0.0131221 0.0106222
 0.601767 0.188331 0.161031 0.0396429 0.00922827
 0.85099 0.0919024 0.0270778 0.0230391 0.00699023
 0.594735 0.348309 0.035204 0.0103154 0.0114364
pobs_PELACES
 0 0 0 0 0
 0 0 0 0 0
 0 0 0 0 0
 0 0 0 0 0
 0 0 0 0 0
 0 0 0 0 0
 0 0 0 0 0
 0 0 0 0 0
 0 0 0 0 0
 0 0 0 0 0
 0 0 0 0 0
 0 0 0 0 0
 0 0 0 0 0
 0 0 0 0 0
 0 0 0 0 0
 0 0 0 0 0
 0.505614 0.472636 0.0217494 0 0
 0 0 0 0 0
 0.443492 0.261883 0.143347 0.151278 0
 0.227955 0.32914 0.350689 0.0885471 0.00366901
 0.970185 0.0296113 0.000203453 0 0
 0.997202 0.00247181 0.000326279 0 0
 0.445219 0.490057 0.0546422 0.010081 0
 0.90214 0.0892962 0.00764917 0.000914606 0
 0 0 0 0 0
 0.581667 0.319106 0.0959925 0.00289975 0.000334073
 0.762889 0.0836404 0.116647 0.0363945 0.000428098
 0.88444 0.0763242 0.0277011 0.0115352 0
 0.521256 0.241999 0.230069 0.00667565 0
 0.616807 0.101726 0.260614 0.0208532 0
 0.833518 0.0704572 0.0857862 0.0102388 0
 0.697417 0.212968 0.0787535 0.0105354 0.000325836
ppred_PELACES
 0.425369 0.161999 0.385792 0.0268397 1.01378e-06
 0.367582 0.381306 0.0708806 0.168509 0.0117226
 0.53419 0.254643 0.127461 0.02363 0.0600765
 0.68521 0.221995 0.0507971 0.0253513 0.0166461
 0.596434 0.330892 0.0513055 0.0116984 0.00966997
 0.701271 0.224473 0.0609016 0.009428 0.00392636
 0.423297 0.479225 0.0733057 0.019826 0.00434665
 0.399796 0.365384 0.195286 0.0297318 0.00980156
 0.500946 0.28817 0.128461 0.0685473 0.0138754
 0.70501 0.200916 0.0544241 0.0241554 0.0154947
 0.802699 0.164853 0.0221352 0.00596696 0.004346
 0.718641 0.251409 0.0250328 0.00335442 0.00156268
 0.658494 0.288541 0.0473517 0.00469205 0.000921394
 0.642929 0.287845 0.0585382 0.00955545 0.00113245
 0.746364 0.202708 0.0411156 0.00829806 0.00151443
 0.929625 0.0607887 0.00767046 0.00154708 0.000369109
 0.368034 0.610145 0.0188605 0.00236943 0.000591777
 0.881402 0.0649382 0.0518122 0.00159698 0.000250697
 0.563516 0.410069 0.0144837 0.0115204 0.000410763
 0.54692 0.331192 0.114539 0.00403003 0.00331911
 0.702283 0.2134 0.0616931 0.0212602 0.00136384
 0.709783 0.241228 0.0351458 0.010129 0.00371389
 0.258222 0.620363 0.100979 0.0146627 0.00577413
 0.703991 0.12353 0.144298 0.0234379 0.00474298
 0.534573 0.38635 0.0330383 0.0385179 0.00752165
 0.375994 0.437944 0.154499 0.0131875 0.0183752
 0.676304 0.178726 0.101795 0.0358522 0.00732362
 0.616835 0.31071 0.0400404 0.0227617 0.0096533
 0.305715 0.532461 0.131266 0.0168883 0.0136708
 0.439692 0.26541 0.226246 0.0556883 0.0129633
 0.748919 0.155072 0.0455278 0.0387299 0.0117508
 0.427674 0.491998 0.0496515 0.0145476 0.0161284
pobs_pel_tallas
 0 0 0 0 0 0 0 0 0 0 0 0 0 0 0 0 0 0 0 0 0 0 0 0 0 0
 0 0 0 0 0 0 0 0 0 0 0 0 0 0 0 0 0 0 0 0 0 0 0 0 0 0
 0 0 0 0 0 0 0 0 0 0 0 0 0 0 0 0 0 0 0 0 0 0 0 0 0 0
 0 0 0 0 0 0 0 0 0 0 0 0 0 0 0 0 0 0 0 0 0 0 0 0 0 0
 0 0 0 0 0 0 0 0 0 0 0 0 0 0 0 0 0 0 0 0 0 0 0 0 0 0
 0 0 0 0 0 0 0 0 0 0 0 0 0 0 0 0 0 0 0 0 0 0 0 0 0 0
 0 0 0 0 0 0 0 0 0 0 0 0 0 0 0 0 0 0 0 0 0 0 0 0 0 0
 0 0 0 0 0 0 0 0 0 0 0 0 0 0 0 0 0 0 0 0 0 0 0 0 0 0
 0 0 0 0 0 0 0 0 0 0 0 0 0 0 0 0 0 0 0 0 0 0 0 0 0 0
 0 0 0 0 0 0 0 0 0 0 0 0 0 0 0 0 0 0 0 0 0 0 0 0 0 0
 0 0 0 0 0 0 0 0 0 0 0 0 0 0 0 0 0 0 0 0 0 0 0 0 0 0
 0 0 0 0 0 0 0 0 0 0 0 0 0 0 0 0 0 0 0 0 0 0 0 0 0 0
 0.00862536 0 0 0.000197151 0.00414017 0.0128641 0.00837892 0.0270097 0.101434 0.158115 0.152841 0.127902 0.109271 0.109419 0.0830992 0.0579132 0.0238553 0.00714673 0.00463305 0.00128148 0.00103504 0.000492878 0.000147863 0.000147863 4.92878e-05 0
 0 0 0 0 0 0 0 0 0 0 0 0 0 0 0 0 0 0 0 0 0 0 0 0 0 0
 0 0 0 0 0 0 0 0.0054083 0.00873648 0.0413646 0.0450493 0.0745869 0.0622846 0.0627006 0.0613931 0.0827291 0.12552 0.122667 0.0946155 0.0697135 0.0546179 0.0294188 0.0215738 0.0213955 0.0102223 0.00600262
 0 0 0 0 0.00359764 0.0251062 0.0480494 0.140153 0.205849 0.193036 0.1447 0.116669 0.0760912 0.0342217 0.00950174 0.001854 0.000860785 0 0 0 0.000165536 0 0.000143464 0 0 0
 0 0 0 0 0 0 0 0.000145254 0.000435761 0.0275982 0.070085 0.0708112 0.156366 0.174668 0.174014 0.160142 0.0824315 0.0480064 0.0283245 0.00493863 0.00203355 0 0 0 0 0
 0 0 0 0 0 0 0 0 0 0 0 0 0 0 0 0 0 0 0 0 0 0 0 0 0 0
 0 0 1.00437e-05 0.000401748 0.00122533 0.00171747 0.00176769 0.0269171 0.070346 0.194647 0.189555 0.159765 0.064822 0.0314167 0.0384472 0.0292271 0.0345202 0.0313363 0.0194345 0.0106764 0.0143323 0.0359363 0.0279516 0.0138201 0.00172751 0
 0 0.0021121 0.0136068 0.0755702 0.200478 0.177729 0.0527432 0.0373336 0.0318909 0.0142505 0.0149659 0.0166563 0.0217959 0.0798694 0.0677717 0.0528807 0.04013 0.0224614 0.0357745 0.0225083 0.00881397 0.00855152 0.00135912 0.000746735 0 0
 0 0 0 0 5.4009e-05 0.00500934 0.000945158 0.0243581 0.138947 0.33067 0.221406 0.137944 0.0707744 0.0437923 0.0131692 0.00525238 0.0047753 0.00276346 9.45158e-05 9.00151e-06 2.25038e-05 9.00151e-06 4.50075e-06 0 0 0
 0.000866109 0.00284123 0.00948549 0.0512746 0.133035 0.25785 0.225252 0.132002 0.0553304 0.0519788 0.0540692 0.017754 0.00435017 0.00159236 0.00146478 0.000404838 0.000125132 0.000115318 0.000107957 0.000100596 0 0 0 0 0 0
 0 0 0 0 0.00144013 0.00171154 0.00461396 0.0210425 0.0478622 0.0707936 0.0888783 0.103762 0.0637923 0.0337046 0.0602308 0.124433 0.169614 0.0934646 0.0462172 0.0250306 0.0313229 0.00938855 0.002487 0.000210481 0 0
 0 0.00764035 0.051015 0.0998891 0.058973 0.0496711 0.0374665 0.0718981 0.12319 0.153886 0.159021 0.0857701 0.0377988 0.023471 0.0147837 0.00900784 0.00315554 0.000888139 0.00291439 0.00214683 0.00393193 0.00274676 0.000635225 9.99891e-05 0 0
 0 0 0 0 0 0 0 0 0 0 0 0 0 0 0 0 0 0 0 0 0 0 0 0 0 0
 0 0 0 0 0 0 0 0 0 0 0 0 0 0 0 0 0 0 0 0 0 0 0 0 0 0
 0 0 0 0 0 0 0 0 0 0 0 0 0 0 0 0 0 0 0 0 0 0 0 0 0 0
 0 0 0 0 0 0 0 0 0 0 0 0 0 0 0 0 0 0 0 0 0 0 0 0 0 0
 0 0 0 0 0 0 0 0 0 0 0 0 0 0 0 0 0 0 0 0 0 0 0 0 0 0
 0 0 0 0 0 0 0 0 0 0 0 0 0 0 0 0 0 0 0 0 0 0 0 0 0 0
 0 0 0 0 0 0 0 0 0 0 0 0 0 0 0 0 0 0 0 0 0 0 0 0 0 0
 0 0 0 0 0 0 0 0 0 0 0 0 0 0 0 0 0 0 0 0 0 0 0 0 0 0
ppred_pel_tallas
 1.13867e-16 3.50371e-05 0.000340573 0.00226323 0.0102883 0.0320108 0.0682031 0.0995478 0.099564 0.0682824 0.0322789 0.0110696 0.0042517 0.00477135 0.00871286 0.015033 0.0232418 0.0325293 0.0419668 0.0509294 0.0591148 0.0660674 0.0707352 0.0716601 0.0677958 0.0593066
 1.21026e-16 3.02773e-05 0.000294307 0.00195577 0.00889068 0.0276624 0.058939 0.086031 0.0860678 0.0591191 0.0282672 0.0106387 0.00634835 0.00990051 0.0183276 0.0304005 0.0441665 0.0563999 0.0639052 0.0653996 0.0623411 0.0578982 0.0548501 0.0540416 0.0543442 0.0537805
 1.1628e-16 4.40006e-05 0.000427701 0.00284223 0.0129204 0.0402002 0.0856516 0.125016 0.125041 0.0857724 0.0406062 0.0140951 0.00579879 0.00690831 0.0124303 0.020688 0.0302924 0.0391526 0.0451731 0.0474338 0.0467042 0.0447873 0.0432352 0.042473 0.0418687 0.0404376
 1.06883e-16 5.64399e-05 0.000548616 0.00364575 0.0165731 0.051565 0.109866 0.160357 0.160378 0.10997 0.0519169 0.0175899 0.00620026 0.00613205 0.0106812 0.0176248 0.0255192 0.0323869 0.0362602 0.0362612 0.0331217 0.0286513 0.0245908 0.021747 0.019923 0.0184343
 1.04375e-16 4.91275e-05 0.000477537 0.0031734 0.0144259 0.0448844 0.095632 0.139584 0.139616 0.0957879 0.0454078 0.0159378 0.00696905 0.00876495 0.0157929 0.0260429 0.0375395 0.0472688 0.0521899 0.0509032 0.0444761 0.0356993 0.0273957 0.0211014 0.0168813 0.0139983
 1.03425e-16 5.77628e-05 0.000561475 0.0037312 0.0169615 0.0527737 0.112441 0.164115 0.164137 0.112547 0.0531296 0.0179901 0.00631541 0.00621016 0.0108071 0.0178309 0.0258108 0.0327289 0.0365575 0.0363462 0.0327537 0.027537 0.0224353 0.018338 0.0152261 0.0126582
 1.04962e-16 3.48665e-05 0.000338915 0.00225221 0.0102383 0.0318552 0.0678727 0.0990718 0.099118 0.0680984 0.0326133 0.0124278 0.00774877 0.0123396 0.0228312 0.037702 0.0543377 0.0683937 0.0754563 0.0734823 0.0640008 0.0510409 0.0386907 0.0291944 0.0226894 0.0181708
 1.1037e-16 3.29308e-05 0.000320099 0.00212717 0.00966983 0.0300866 0.0641041 0.0935692 0.0936046 0.0642774 0.0306692 0.0113554 0.00636938 0.00961754 0.017798 0.0296523 0.0433669 0.0559022 0.0641353 0.0665643 0.0640674 0.0590284 0.0536065 0.0485975 0.043587 0.0378907
 1.13004e-16 4.12623e-05 0.000401085 0.00266535 0.0121163 0.0376985 0.0803217 0.117238 0.117266 0.0804582 0.0381575 0.0134442 0.0060065 0.00772153 0.0140234 0.0233285 0.0341018 0.0439539 0.0504775 0.0525955 0.0511501 0.0481639 0.0453933 0.0433476 0.0413877 0.0385414
 1.06667e-16 5.80708e-05 0.000564469 0.00375109 0.0170519 0.053055 0.11304 0.164989 0.165009 0.113135 0.0533738 0.0179732 0.00606619 0.00562678 0.00969752 0.0160074 0.0232152 0.029543 0.0332248 0.0334704 0.030925 0.0271849 0.0237667 0.0213433 0.0197022 0.0182262
 1.02015e-16 6.61173e-05 0.000642684 0.00427086 0.0194147 0.0604065 0.128703 0.187849 0.187865 0.128781 0.0606671 0.0201676 0.00616065 0.00476799 0.00790056 0.012956 0.0186564 0.0234603 0.0258448 0.0251113 0.0217987 0.0173138 0.0130853 0.00989903 0.00779846 0.0064135
 1.01388e-16 5.91935e-05 0.000575382 0.00382362 0.0173816 0.0540808 0.115226 0.168181 0.168205 0.115344 0.054478 0.0185286 0.00670173 0.0068553 0.011977 0.0196831 0.0282924 0.035459 0.0388307 0.0373179 0.0317412 0.0242799 0.0171854 0.0117546 0.00815256 0.00588672
 1.02067e-16 5.42394e-05 0.000527226 0.0035036 0.0159269 0.0495546 0.105582 0.154106 0.154134 0.105718 0.050011 0.0172453 0.00681345 0.00775375 0.0137818 0.0227057 0.0327189 0.0411736 0.0453986 0.0441448 0.038309 0.0302974 0.0225689 0.016501 0.0122336 0.00923567
 1.02913e-16 5.29573e-05 0.000514764 0.00342079 0.0155504 0.0483833 0.103087 0.150464 0.150492 0.103222 0.048839 0.0168671 0.00672714 0.00773681 0.0137813 0.0227314 0.0328138 0.0414152 0.0458967 0.0450239 0.0396735 0.0321898 0.0249385 0.0192005 0.0150472 0.0119312
 1.02327e-16 6.14771e-05 0.000597579 0.00397112 0.0180522 0.0561671 0.119671 0.174667 0.174686 0.119766 0.0564881 0.0189795 0.00629969 0.00568399 0.00973064 0.0160132 0.0231169 0.0291845 0.0323603 0.0317798 0.028065 0.0228689 0.017854 0.0139121 0.0110774 0.00894642
 1.00455e-16 7.6572e-05 0.000744307 0.00494618 0.0224846 0.069958 0.149053 0.217549 0.217555 0.149082 0.0700541 0.0227621 0.00564273 0.0022646 0.00296306 0.00477515 0.00686605 0.00862263 0.00947613 0.00916459 0.00788375 0.00615248 0.00450258 0.00323413 0.00237732 0.00181054
 1.01039e-16 3.03146e-05 0.000294669 0.00195818 0.00890163 0.0276966 0.0590127 0.0861431 0.0862018 0.0592995 0.0286591 0.0116802 0.00892742 0.0154904 0.0288364 0.0474841 0.0680696 0.0849033 0.0922059 0.0873112 0.0722913 0.0526401 0.0341124 0.0201424 0.0113054 0.00640226
 1.01715e-16 7.25999e-05 0.000705697 0.00468961 0.0213183 0.0663291 0.141321 0.206264 0.20627 0.141352 0.0664331 0.0216196 0.00544922 0.00237426 0.00327156 0.00537165 0.00791156 0.0103222 0.0120602 0.0128486 0.0127934 0.0122293 0.0114366 0.0104817 0.00928326 0.00779045
 1.01748e-16 4.64161e-05 0.000451181 0.00299826 0.0136297 0.0424072 0.0903545 0.131883 0.131923 0.0905473 0.0430542 0.0154976 0.00768375 0.0106687 0.0194193 0.0319468 0.0458207 0.0572125 0.0622578 0.0591857 0.0494008 0.0365872 0.0245752 0.0156075 0.00999123 0.00685026
 1.04356e-16 4.50491e-05 0.000437893 0.00290996 0.0132283 0.0411582 0.0876931 0.127997 0.128029 0.0878496 0.0416841 0.0147484 0.0067305 0.00879407 0.0159612 0.0264355 0.0383529 0.0487972 0.0547929 0.0549129 0.0500489 0.0426639 0.0351861 0.0288457 0.0236402 0.0190569
 1.04198e-16 5.78462e-05 0.000562285 0.00373658 0.016986 0.0528498 0.112603 0.164351 0.164372 0.112704 0.0531884 0.0179646 0.00619569 0.00593931 0.0102957 0.0169973 0.0246399 0.0313231 0.0351439 0.0352194 0.0321811 0.027677 0.023304 0.0198248 0.0171341 0.0147492
 1.02721e-16 5.8464e-05 0.000568291 0.00377649 0.0171674 0.0534143 0.113806 0.166107 0.166131 0.113919 0.0537958 0.0182694 0.00654277 0.00660759 0.0115297 0.0189724 0.0273345 0.0343952 0.0379305 0.0369154 0.0321278 0.0256076 0.0194235 0.01471 0.0115301 0.00935992
 1.05521e-16 2.12695e-05 0.000206747 0.00137391 0.00624563 0.0194328 0.0414058 0.0604456 0.0605054 0.0416981 0.0204142 0.00908041 0.00849043 0.0157449 0.0295388 0.0488196 0.0703686 0.0885775 0.0977227 0.0951369 0.0827676 0.0657996 0.0495126 0.0368366 0.0280155 0.0218389
 1.07349e-16 5.79869e-05 0.000563653 0.00374567 0.0170273 0.0529783 0.112876 0.164749 0.164761 0.112936 0.0531779 0.0176064 0.0052091 0.00379092 0.00628277 0.0105447 0.0157676 0.0210469 0.0254661 0.0285546 0.030451 0.0315708 0.0320932 0.0317515 0.0300894 0.0269027
 1.06188e-16 4.40321e-05 0.000428008 0.00284426 0.0129296 0.0402291 0.0857137 0.125109 0.125147 0.0858955 0.0408396 0.0146926 0.0072686 0.0100834 0.0183732 0.0302856 0.0435836 0.0547392 0.0602033 0.0583836 0.0506211 0.0403041 0.0308425 0.0240614 0.0199444 0.0174333
 1.09003e-16 3.09702e-05 0.000301042 0.00200053 0.00909414 0.0282955 0.0602881 0.0880011 0.0880435 0.0604951 0.028991 0.011105 0.00705511 0.0113584 0.0210985 0.0350076 0.0508378 0.0647864 0.0729632 0.07353 0.0677061 0.0587596 0.0498607 0.0425317 0.0366119 0.031247
 1.07819e-16 5.57063e-05 0.000541485 0.00359836 0.0163576 0.0508947 0.108437 0.158271 0.158288 0.108522 0.0511801 0.0171835 0.00567777 0.00510217 0.00878022 0.014593 0.021407 0.0277459 0.0321327 0.0338841 0.0334561 0.0319892 0.0304438 0.029047 0.0274028 0.025008
 1.05152e-16 5.08079e-05 0.000493871 0.00328195 0.0149193 0.0464196 0.0989029 0.144358 0.144388 0.0990492 0.0469109 0.0163384 0.00684432 0.00827095 0.0148224 0.024429 0.035201 0.0443058 0.0488989 0.0476914 0.0417258 0.0336651 0.0261837 0.0207048 0.0172183 0.0149259
 1.07932e-16 2.51814e-05 0.000244772 0.0016266 0.00739433 0.0230068 0.0490202 0.0715573 0.0716087 0.0492715 0.0238506 0.00983271 0.0077515 0.0136295 0.025486 0.0422003 0.0610368 0.0772718 0.0860805 0.0852056 0.0762426 0.0634336 0.0510046 0.041159 0.0339002 0.0281593
 1.14376e-16 3.62169e-05 0.000352041 0.00233944 0.0106348 0.0330888 0.0705002 0.102903 0.102928 0.0706269 0.033515 0.0118697 0.00545448 0.00720243 0.0131941 0.0221427 0.0328023 0.0431588 0.0511402 0.0557471 0.0574895 0.0576874 0.0572649 0.0561009 0.0533773 0.0484435
 1.07227e-16 6.16875e-05 0.000599625 0.00398472 0.018114 0.0563593 0.12008 0.175264 0.175279 0.120153 0.0566056 0.018826 0.00577468 0.00451611 0.00752689 0.0124189 0.0180613 0.023101 0.0262161 0.0268389 0.0254916 0.0233896 0.0216287 0.0205977 0.0199733 0.0191388
 1.05747e-16 3.52271e-05 0.00034242 0.0022755 0.0103441 0.0321847 0.0685746 0.100097 0.100144 0.0688061 0.0329621 0.0125892 0.00790954 0.0126371 0.0233724 0.0385508 0.0554559 0.0695866 0.0763824 0.0737581 0.0633634 0.0494846 0.0365021 0.0268657 0.0207523 0.0170245
pSPR Fmed_Fpbrs
0.579322   0.255792 0.255792
Fs Fmed_Fpbrs
0.34   1.005 1.005
SSBpbr Bo_Bmed_Bpbrs
1.2173e+06  644342  250510 250510
Ro
130918
SPR SPRFo_SPRFmed_SPRFpbrs
942364 545932 241049
Fref
1.005
Nvult_r0
 81062.8 52281.3 5320.83 1559.68 1729.2
CTP_r0
 31255 25798.5 2664.84 781.75 866.755
YTP_r0
1.04669e+06
Np
 160836 31591 4669.07 2584.36 295.231
Nvult_p0
 129245 27203.7 4039.28 2236.32 255.475
CTP_p0
 49832.2 14285.9 8301.42 837.974 322.631
 49832.2 13423.8 2023 1120.9 128.056
YTP_p0
 862457 698294
CBA_c0
991418
log_Ro
11.6023
likeval ReclasPelacesDesembMPH_pf_preclas_ppelaces_ptallas_desvR_qrecl_qpela
 13.4006 17.791 0.027549 0.00325035 232.258 130.103 114.71 0 22.3353 7.85293e-06 4.22661e-05 0.131271 0 0 0
q_reclas_q_pelaces
1.48632 2.50782
M
1
N
 165367 33665.6 80625.1 5610.82 0.211933
 89594.4 52584.2 9877.05 23494.6 1634.49
 93506.3 25170.9 12728.9 2361.13 6003.07
 134887 26380.1 6132.79 3063.32 2011.52
 111521 32902.7 5128.18 1169.63 966.837
 200060 35863 9823.26 1521.5 633.656
 78155.6 57474.1 8987.4 2433.61 533.578
 33973.7 16248 8717.37 1327.47 437.627
 32749.2 11316.7 5123.29 2736.09 553.865
 43421.9 8074.21 2236.68 993.929 637.608
 82136.7 8938.92 1206.14 325.223 236.877
 121544 26619.9 2701.17 362.331 168.803
 101205 27383.9 4574.43 453.715 89.1022
 72406.8 23495.2 4929.81 806.08 95.54
 66747.5 11853 2459.06 496.904 90.6929
 335859 13678.6 1758.2 354.975 84.6955
 80895.7 76523.2 2391.88 300.672 75.0966
 530616 22312.3 18001.7 555.193 87.1579
 336480 146267 5244.1 4174.58 148.852
 233930 83974.4 29460.7 1037.37 854.409
 341322 59366.1 17358.9 5985.79 384.001
 464623 93496.7 13817.2 3985.21 1461.27
 89059.8 118214 19404.6 2818.93 1110.12
 274757 26351.6 31013.3 5039.47 1019.83
 210931 83231.5 7170.35 8362.96 1633.12
 102392 64050.8 22732.3 1940.99 2704.58
 222791 32229.6 18497.1 6517.39 1331.35
 247284 67266.6 8724.83 4961.54 2104.24
 82602.2 76904.5 19065.9 2453.71 1986.28
 79440.7 26266.7 22563.4 5556.07 1293.39
 208040 23951.3 7095 6038.55 1832.16
 100877 60713.1 6150.44 1802.41 1998.29
pred_Ctot
 14346.9 4389.34 10797.4 752.485 0.0284252
 13680.6 11759.3 2263.97 5392.41 375.169
 14079.5 5555.38 2879.75 534.88 1360
 29700.3 8276.51 1967.82 984.099 646.245
 8969.67 3986.64 638.356 145.806 120.535
 28268.5 7455.18 2093.85 324.744 135.255
 22494.4 22905 3654.84 990.719 217.232
 2046.81 1486 819.609 124.993 41.2097
 7052.56 3479.49 1611.28 861.542 174.412
 12665.9 3255.68 920.163 409.335 262.604
 6244.08 1025.42 142.167 38.3894 27.9632
 30978.8 9528.03 987.651 132.632 61.7945
 24496.7 9358.68 1597.71 158.652 31.1586
 27093.4 11715.8 2501.07 409.328 48.5176
 19588.7 4804.84 1016.98 205.72 37.5493
 84001.7 4814.08 632.215 127.788 30.4915
 13100.1 18081.8 579.127 72.8941 18.2075
 86081.6 5281.07 4365.9 134.824 21.1671
 70588.3 43910.5 1610.65 1283.72 45.776
 47265.5 24357.7 8744.79 308.301 253.942
 56439.5 14304.1 4285.31 1479.6 94.9258
 93320.6 26972.2 4079.21 1177.99 431.964
 11214.3 22032.4 3710.13 539.711 212.558
 31154 4444.28 5367.99 873.472 176.776
 23643.6 13883.9 1227.58 1433.74 280.002
 9464.54 8877.92 3235.85 276.685 385.562
 25657.8 5517.02 3249.35 1146.48 234.217
 24503.1 9969.29 1327.66 756.066 320.679
 7165.64 10025.8 2553.06 329.04 266.378
 9209.24 4524.68 3988.58 983.515 228.967
 27702.1 4707.16 1430.13 1218.82 369.832
 6046.53 5525.02 575.39 168.87 187.236
F
 0.14575 0.226264 0.233039 0.233407 0.233427
 0.269606 0.41854 0.431073 0.431753 0.431789
 0.265417 0.412038 0.424376 0.425046 0.425081
 0.410882 0.63786 0.65696 0.657997 0.658052
 0.134502 0.208803 0.215056 0.215395 0.215413
 0.247281 0.383883 0.395379 0.396003 0.396036
 0.570734 0.886016 0.912548 0.913988 0.914064
 0.0993104 0.154171 0.158788 0.159038 0.159051
 0.400204 0.621282 0.639886 0.640896 0.640949
 0.580549 0.901252 0.92824 0.929705 0.929782
 0.126725 0.19673 0.202621 0.202941 0.202957
 0.490319 0.761178 0.783972 0.785209 0.785275
 0.46035 0.714654 0.736055 0.737217 0.737278
 0.809718 1.25702 1.29466 1.2967 1.29681
 0.585083 0.908291 0.935489 0.936966 0.937044
 0.479096 0.743756 0.766028 0.767237 0.767301
 0.288021 0.447128 0.460518 0.461245 0.461283
 0.288606 0.448035 0.461452 0.46218 0.462219
 0.388025 0.602376 0.620414 0.621393 0.621445
 0.371298 0.576408 0.593668 0.594605 0.594655
 0.2949 0.457806 0.471515 0.47226 0.472299
 0.368727 0.572418 0.589559 0.590489 0.590538
 0.217779 0.338083 0.348207 0.348757 0.348786
 0.194261 0.301574 0.310605 0.311095 0.311121
 0.191855 0.297839 0.306758 0.307242 0.307267
 0.155928 0.242065 0.249313 0.249707 0.249728
 0.19757 0.306711 0.315895 0.316394 0.31642
 0.167972 0.260762 0.26857 0.268994 0.269017
 0.145732 0.226237 0.233012 0.23338 0.233399
 0.198989 0.308913 0.318164 0.318666 0.318693
 0.231574 0.359498 0.370264 0.370848 0.370879
 0.0987828 0.153352 0.157944 0.158193 0.158206
YTP_r0W_actual
 268793 639802 74348.9 29159.3 34583.5
YTP_p0W_proyectada
 375735 249289 199815 26245.4 11372.7
 375735 234245 48693.5 35106.6 4513.96
CTP_r0_actual
 31255 25798.5 2664.84 781.75 866.755
CTP_p0_proyectada
 49832.2 14285.9 8301.42 837.974 322.631
 49832.2 13423.8 2023 1120.9 128.056
Wmedp
 7.54 17.45 24.07 31.32 35.25
Frms_r0
 0.627511 0.974157 1.00333 1.00491 1.005
Zrms_r0
 1.62751 1.97416 2.00333 2.00491 2.005
nmprior
 7.29 8.9 8.7 0
nm_flota  nm_reclas  nm_pelaces    nm_pelaL
inf 13.8677 7.52586 16.8725
cv_recla  cv_pelaces  cv_mph
0.323843 0.462052 1.55167
 ------------------------------------------------
Talla a la edad & desviaci?n 
 8 13.2811 15.8009 17.003 17.5766
 0.8 1.32811 1.58009 1.7003 1.75766
