years
 1991 1992 1993 1994 1995 1996 1997 1998 1999 2000 2001 2002 2003 2004 2005 2006 2007 2008 2009 2010 2011 2012 2013 2014 2015 2016 2017 2018 2019 2020 2021 2022 2023
reclasobs
 0 0 0 0 0 0 0 0 0 252601 567819 844713 477998 351125 339783 2.1784e+06 2.13404e+06 4.81314e+06 1.55562e+06 2.62356e+06 3.21686e+06 3.843e+06 1.13348e+06 3.07943e+06 1.97215e+06 2.03268e+06 2.025e+06 2.42433e+06 2.27542e+06 1.05018e+06 2.36338e+06 3.18982e+06 1.53035e+06
reclaspred
 3.31952e+06 1.81731e+06 921727 926875 930706 1.54393e+06 874843 767874 548617 376444 502963 675742 655977 488747 490489 1.36131e+06 1.22613e+06 3.12131e+06 2.47208e+06 1.80181e+06 3.10835e+06 2.54398e+06 1.95589e+06 3.06045e+06 2.27513e+06 2.02244e+06 2.41827e+06 2.67269e+06 2.17383e+06 1.47491e+06 2.00075e+06 2.10652e+06 1.66324e+06
pelacesobs
 0 0 0 0 0 0 0 0 0 0 0 0 0 0 0 552880 188675 0 991730 2.46772e+06 1.41603e+06 1.21717e+06 2.29649e+06 1.80582e+06 0 1.4828e+06 1.56532e+06 1.57751e+06 1.42118e+06 867257 1.10002e+06 1.06204e+06 0
pelacespred
 1.82115e+06 1.09279e+06 542604 449736 485953 836140 412605 483095 317204 201201 290435 321917 345618 263573 275508 646393 584580 1.75633e+06 1.39976e+06 931538 1.61609e+06 1.38271e+06 1.08484e+06 1.89132e+06 1.33309e+06 1.19228e+06 1.63377e+06 1.6191e+06 1.1889e+06 923846 1.06525e+06 1.15406e+06 941820
mphobs
 0 0 0 0 0 0 0 0 0 0 0 0 498337 0 5186 125008 0 168611 109162 213762 579715 649985 157893 87575 83554 210694 70296 0 107559 103333 445601 22526 28222
mphpred
 2.25389e+06 1.49913e+06 723396 401215 431500 507429 669717 364934 334501 214668 133722 266791 284524 229522 142247 185505 676654 602980 1.37332e+06 963477 1.01752e+06 1.23746e+06 1.18968e+06 956542 1.3607e+06 1.12175e+06 922560 988337 1.45377e+06 983142 644147 1.13107e+06 709072
desembarqueobs
 494567 514787 250237 358949 120608 361735 552515 73892 212993 205616 52469 317467 293654 387597 252695 516296 358380 742168 942051 627588 828172 859565 418607 520667 417249 300574 415391 372974 316634 284311 391294 218835 356480
desembarquepred
 494570 513859 250671 358984 120613 361745 552546 73897.1 213053 205671 52471.7 317531 293694 387588 252673 516225 358403 742014 941751 627372 828252 859549 418609 520693 417239 300571 415384 372945 316618 284303 391252 218841 356496
Reclutas
 172543 95782.7 98657.2 147287 120083 210940 85058.1 37606.6 36036.4 47775.7 90850.9 128426 106068 75598.8 71077.4 381367 75648.1 617137 336365 271462 371326 518950 102919 297752 256434 114820 252210 295978 93919.3 86111.8 235942 90067.1 168752
log_desv_Rt
 0.187209 -0.401355 -0.371786 0.0289439 -0.175256 0.388134 -0.520103 -1.33626 -1.37891 -1.09692 -0.454218 -0.108083 -0.299359 -0.637996 -0.699668 0.980325 -0.637345 1.46165 0.854761 0.640386 0.953644 1.28837 -0.329497 0.732823 0.583434 -0.220071 0.566823 0.726847 -0.421001 -0.507791 0.500148 -0.462882 0.164996
SSB
 2.25389e+06 1.49913e+06 723396 401215 431500 507429 669717 364934 334501 214668 133722 266791 284524 229522 142247 185505 676654 602980 1.37332e+06 963477 1.01752e+06 1.23746e+06 1.18968e+06 956542 1.3607e+06 1.12175e+06 922560 988337 1.45377e+06 983142 644147 1.13107e+06 709072
BT
 3.14004e+06 2.13748e+06 1.05438e+06 969008 821038 1.55642e+06 1.1096e+06 787010 685787 497413 478959 745151 781755 795349 664551 1.38337e+06 1.15319e+06 3.28038e+06 2.99183e+06 1.95233e+06 3.08691e+06 2.86234e+06 1.98353e+06 3.31215e+06 2.37858e+06 2.04727e+06 2.86688e+06 2.76737e+06 2.03796e+06 1.65724e+06 1.9244e+06 1.89658e+06 1.72525e+06
Ftot
 0.189215 0.349286 0.343068 0.53359 0.178599 0.339426 0.77852 0.131477 0.520876 0.723457 0.161694 0.655464 0.619079 1.07446 0.766101 0.601775 0.382231 0.368281 0.515314 0.478112 0.377424 0.474859 0.27817 0.251987 0.248799 0.198598 0.251378 0.209251 0.184341 0.251748 0.292955 0.136902 0.303069
BD_Bspro_t
 0.970297 0.79535 0.5997 0.502897 0.492306 0.581394 0.571414 0.379274 0.440888 0.381959 0.339091 0.590906 0.468266 0.369986 0.258186 0.313601 0.507592 0.466447 0.599312 0.483015 0.450466 0.496555 0.515986 0.500868 0.618899 0.62925 0.636814 0.678416 0.739398 0.664731 0.604051 0.692043 0.685036
BD_Bspro
 2.18648 1.4543 0.70176 0.389215 0.418594 0.492253 0.649686 0.354019 0.324496 0.208247 0.129722 0.258811 0.276014 0.222657 0.137993 0.179957 0.656416 0.584945 1.33225 0.93466 0.987086 1.20045 1.1541 0.927933 1.32 1.0882 0.894967 0.958777 1.41028 0.953737 0.624881 1.09724 0.687864
BD_Bo
 1.48148 0.985382 0.475488 0.263719 0.283625 0.333533 0.440205 0.239871 0.219868 0.141101 0.0878953 0.175362 0.187018 0.150865 0.093499 0.121933 0.444765 0.396339 0.902686 0.633294 0.668816 0.813381 0.781976 0.628735 0.89439 0.737325 0.606399 0.649634 0.95556 0.64622 0.423398 0.743452 0.466073
BD_Brms
 7.7712 5.16887 2.4942 1.38335 1.48777 1.74957 2.30912 1.25826 1.15333 0.740152 0.461059 0.919868 0.981011 0.791368 0.490454 0.639604 2.33304 2.07901 4.73508 3.32197 3.5083 4.26663 4.10189 3.29806 4.69156 3.86767 3.18089 3.40769 5.01244 3.38978 2.22096 3.89981 2.44481
Sel_flota
 0.684249 0.976289 0.998723 0.999933 0.999996
 0.684249 0.976289 0.998723 0.999933 0.999996
 0.684249 0.976289 0.998723 0.999933 0.999996
 0.684249 0.976289 0.998723 0.999933 0.999996
 0.684249 0.976289 0.998723 0.999933 0.999996
 0.684249 0.976289 0.998723 0.999933 0.999996
 0.684249 0.976289 0.998723 0.999933 0.999996
 0.684249 0.976289 0.998723 0.999933 0.999996
 0.684249 0.976289 0.998723 0.999933 0.999996
 0.684249 0.976289 0.998723 0.999933 0.999996
 0.684249 0.976289 0.998723 0.999933 0.999996
 0.684249 0.976289 0.998723 0.999933 0.999996
 0.684249 0.976289 0.998723 0.999933 0.999996
 0.684249 0.976289 0.998723 0.999933 0.999996
 0.684249 0.976289 0.998723 0.999933 0.999996
 0.684249 0.976289 0.998723 0.999933 0.999996
 0.684249 0.976289 0.998723 0.999933 0.999996
 0.684249 0.976289 0.998723 0.999933 0.999996
 0.684249 0.976289 0.998723 0.999933 0.999996
 0.684249 0.976289 0.998723 0.999933 0.999996
 0.684249 0.976289 0.998723 0.999933 0.999996
 0.684249 0.976289 0.998723 0.999933 0.999996
 0.684249 0.976289 0.998723 0.999933 0.999996
 0.684249 0.976289 0.998723 0.999933 0.999996
 0.684249 0.976289 0.998723 0.999933 0.999996
 0.684249 0.976289 0.998723 0.999933 0.999996
 0.684249 0.976289 0.998723 0.999933 0.999996
 0.684249 0.976289 0.998723 0.999933 0.999996
 0.684249 0.976289 0.998723 0.999933 0.999996
 0.684249 0.976289 0.998723 0.999933 0.999996
 0.684249 0.976289 0.998723 0.999933 0.999996
 0.684249 0.976289 0.998723 0.999933 0.999996
 0.684249 0.976289 0.998723 0.999933 0.999996
Sel_reclas
 1 1 1 1 1
 1 1 1 1 1
 1 1 1 1 1
 1 1 1 1 1
 1 1 1 1 1
 1 1 1 1 1
 1 1 1 1 1
 1 1 1 1 1
 1 1 1 1 1
 1 1 1 1 1
 1 1 1 1 1
 1 1 1 1 1
 1 1 1 1 1
 1 1 1 1 1
 1 1 1 1 1
 1 1 1 1 1
 1 1 1 1 1
 1 1 1 1 1
 1 1 1 1 1
 1 1 1 1 1
 1 1 1 1 1
 1 1 1 1 1
 1 1 1 1 1
 1 1 1 1 1
 1 1 1 1 1
 1 1 1 1 1
 1 1 1 1 1
 1 1 1 1 1
 1 1 1 1 1
 1 1 1 1 1
 1 1 1 1 1
 1 1 1 1 1
 1 1 1 1 1
Sel_pelaces
 1 1 1 1 1
 1 1 1 1 1
 1 1 1 1 1
 1 1 1 1 1
 1 1 1 1 1
 1 1 1 1 1
 1 1 1 1 1
 1 1 1 1 1
 1 1 1 1 1
 1 1 1 1 1
 1 1 1 1 1
 1 1 1 1 1
 1 1 1 1 1
 1 1 1 1 1
 1 1 1 1 1
 1 1 1 1 1
 1 1 1 1 1
 1 1 1 1 1
 1 1 1 1 1
 1 1 1 1 1
 1 1 1 1 1
 1 1 1 1 1
 1 1 1 1 1
 1 1 1 1 1
 1 1 1 1 1
 1 1 1 1 1
 1 1 1 1 1
 1 1 1 1 1
 1 1 1 1 1
 1 1 1 1 1
 1 1 1 1 1
 1 1 1 1 1
 1 1 1 1 1
pf_obs 
 0.8446 0.082 0.0669 0.0065 0
 0.8095 0.147 0.0364 0.0071 0
 0.9664 0.0169 0.016 0.0007 0
 0.9276 0.0648 0.0075 0.0001 0
 0.7033 0.2144 0.0806 0.0017 0
 0.9318 0.0425 0.0243 0.0014 0
 0.5671 0.3108 0.0964 0.0239 0.0018
 0.0768 0.2599 0.5324 0.112 0.0189
 0.490249 0.384438 0.106611 0.0170017 0.00170017
 0.7925 0.1577 0.0466 0.003 0.0002
 0.840416 0.127587 0.0312969 0.00059994 9.999e-05
 0.8084 0.0986 0.0794 0.0134 0.0002
 0.7335 0.1905 0.0724 0.0035 0.0001
 0.4001 0.4547 0.1325 0.0127 0
 0.49795 0.308269 0.164784 0.0264974 0.00249975
 0.9179 0.0499 0.0305 0.0017 0
 0.2467 0.6533 0.0926 0.0074 0
 0.9418 0.0223 0.034 0.0019 0
 0.707729 0.231977 0.0356964 0.0245975 0
 0.517169 0.277429 0.184464 0.0207286 0.00020938
 0.811772 0.124168 0.05621 0.00726502 0.000585176
 0.764997 0.148141 0.077277 0.00933861 0.000247198
 0.163321 0.427699 0.378323 0.0303852 0.000271297
 0.753843 0.0900009 0.118128 0.0371064 0.000921714
 0.721811 0.176058 0.0630433 0.0369309 0.00215725
 0.143369 0.312575 0.442814 0.0836902 0.0175525
 0.692698 0.0596174 0.167031 0.0765114 0.00414204
 0.394062 0.376323 0.152708 0.0712218 0.00568511
 0.125707 0.32114 0.495352 0.0537591 0.00404204
 0.23352 0.215282 0.420074 0.123614 0.00750983
 0.796117 0.104755 0.0508955 0.0450114 0.00322123
 0.162477 0.292055 0.404252 0.121198 0.0200186
 0 0 0 0 0
pf_pred 
 0.456291 0.136906 0.381659 0.0251437 8.76065e-07
 0.409218 0.326506 0.0677611 0.184383 0.0121319
 0.569698 0.219713 0.117815 0.0238126 0.0689613
 0.717853 0.187998 0.0487095 0.0254377 0.0200016
 0.6459 0.282585 0.0481237 0.0121117 0.0112806
 0.740528 0.188284 0.0570894 0.00949113 0.00460743
 0.460729 0.437211 0.0745992 0.0220281 0.00543216
 0.458487 0.314537 0.185165 0.0305756 0.0112351
 0.538348 0.254204 0.121692 0.0699752 0.0157805
 0.715812 0.183435 0.0562187 0.0261412 0.0183927
 0.829421 0.136893 0.021994 0.00652894 0.0051629
 0.738971 0.228586 0.0261609 0.00410367 0.00217862
 0.683329 0.258986 0.0507109 0.00562613 0.00134877
 0.641712 0.277121 0.0667514 0.0126754 0.00174052
 0.754314 0.185874 0.0466577 0.0108221 0.00233242
 0.938945 0.0508715 0.00776584 0.00188652 0.000530938
 0.363996 0.610687 0.0212007 0.00314025 0.000975945
 0.906764 0.043051 0.0482389 0.00163018 0.000316044
 0.570036 0.402668 0.0127861 0.0139482 0.000561936
 0.607793 0.263216 0.121026 0.0037335 0.00423036
 0.726731 0.192521 0.0546952 0.0244465 0.00160614
 0.744371 0.204644 0.0362086 0.0100138 0.00476294
 0.306126 0.566735 0.102358 0.0176066 0.00717424
 0.73022 0.106333 0.134121 0.0236163 0.00570962
 0.61642 0.307089 0.0306117 0.0376573 0.00822274
 0.420956 0.406562 0.138791 0.0134941 0.0201975
 0.717522 0.145325 0.0969996 0.0323188 0.0078349
 0.682476 0.250742 0.0347806 0.0226417 0.00936007
 0.350815 0.492014 0.124763 0.0168887 0.0155189
 0.47293 0.231716 0.22516 0.0557361 0.0144585
 0.785524 0.12242 0.0410467 0.038899 0.0121105
 0.432844 0.479161 0.0507927 0.0166009 0.0206017
 0.679916 0.167435 0.129442 0.0134029 0.00980418
pobs_RECLAS
 0 0 0 0 0
 0 0 0 0 0
 0 0 0 0 0
 0 0 0 0 0
 0 0 0 0 0
 0 0 0 0 0
 0 0 0 0 0
 0 0 0 0 0
 0 0 0 0 0
 0 0 0 0 0
 0.991045 0.00858322 0.000360255 1.14367e-05 0
 0.934742 0.0480273 0.0164251 0.00080598 0
 0.827803 0.169806 0.00239088 0 0
 0.941827 0.0461693 0.0120037 0 0
 0.791401 0.0380133 0.147996 0.0225897 0
 0.846168 0.0940531 0.0597789 0 0
 0.134021 0.677848 0.182769 0.00536245 0
 0.80878 0.0450904 0.141981 0.00414843 0
 0.846168 0.0940531 0.0597789 0 0
 0.905697 0.0802665 0.012482 0.00150086 5.37128e-05
 0.989698 0.0102097 9.19794e-05 0 0
 0.975433 0.0193895 0.00387452 0.00125025 5.28907e-05
 0.303575 0.632131 0.0575291 0.00676475 0
 0.966965 0.00978017 0.0227588 0.000495775 0
 0.843318 0.132988 0.00938335 0.0141283 0.000182051
 0.564624 0.303363 0.111486 0.0197234 0.00080311
 0.826376 0.0876187 0.0782897 0.00655872 0.00115652
 0.89761 0.0855135 0.0140674 0.00269457 0.000114338
 0.34875 0.467042 0.161289 0.0227151 0.000203297
 0.318654 0.224769 0.449479 0.00709798 0
 0.937255 0.0296025 0.0250945 0.00804832 0
 0.456809 0.399803 0.12412 0.0192676 0
 0.883104 0.0372192 0.0704036 0.00927362 0
ppred_RECLAS
 0.550496 0.115161 0.3137 0.0206411 7.19139e-07
 0.50245 0.277991 0.0563485 0.153136 0.0100752
 0.658863 0.176241 0.0923046 0.018633 0.0539577
 0.78845 0.142121 0.0359431 0.0187465 0.0147393
 0.724339 0.221024 0.0367804 0.00924544 0.00861046
 0.805485 0.142065 0.0420732 0.00698591 0.00339106
 0.557908 0.360143 0.059922 0.0176704 0.00435723
 0.550366 0.263707 0.151713 0.0250212 0.00919349
 0.63128 0.205281 0.0959275 0.0550893 0.0124227
 0.788389 0.137821 0.0411989 0.0191317 0.0134599
 0.875003 0.100775 0.015822 0.00469099 0.00370927
 0.805781 0.170601 0.0190493 0.00298419 0.00158418
 0.75969 0.197411 0.0377184 0.00417921 0.00100183
 0.729285 0.210651 0.0494089 0.00936892 0.00128639
 0.819437 0.137445 0.0336454 0.00779348 0.00167957
 0.957454 0.0355951 0.0053026 0.00128646 0.000362034
 0.452699 0.52601 0.0178337 0.00263821 0.000819864
 0.934272 0.0307365 0.0336361 0.00113526 0.00022008
 0.658432 0.320382 0.0099308 0.0108195 0.000435857
 0.693617 0.20724 0.0930297 0.00286617 0.00324738
 0.794508 0.145796 0.040452 0.0180576 0.00118631
 0.809177 0.1535 0.0265159 0.00732384 0.00348326
 0.389256 0.500979 0.0883925 0.0151855 0.00618727
 0.7978 0.0808346 0.0996125 0.0175182 0.00423502
 0.698822 0.242265 0.0235941 0.0289885 0.00632944
 0.512249 0.344838 0.115026 0.0111697 0.0167173
 0.78689 0.110896 0.0723158 0.0240646 0.0058335
 0.756099 0.19356 0.0262337 0.0170567 0.00705077
 0.437983 0.428346 0.106136 0.0143496 0.0131848
 0.566462 0.193119 0.183335 0.0453264 0.0117573
 0.84191 0.0911675 0.0298608 0.0282631 0.00879863
 0.523091 0.404375 0.0418903 0.0136745 0.016969
 0.755658 0.129254 0.0976098 0.0100943 0.00738347
pobs_PELACES
 0 0 0 0 0
 0 0 0 0 0
 0 0 0 0 0
 0 0 0 0 0
 0 0 0 0 0
 0 0 0 0 0
 0 0 0 0 0
 0 0 0 0 0
 0 0 0 0 0
 0 0 0 0 0
 0 0 0 0 0
 0 0 0 0 0
 0 0 0 0 0
 0 0 0 0 0
 0 0 0 0 0
 0 0 0 0 0
 0.505614 0.472636 0.0217494 0 0
 0 0 0 0 0
 0.443492 0.261883 0.143347 0.151278 0
 0.227955 0.32914 0.350689 0.0885471 0.00366901
 0.970185 0.0296113 0.000203453 0 0
 0.997202 0.00247181 0.000326279 0 0
 0.445219 0.490057 0.0546422 0.010081 0
 0.90214 0.0892962 0.00764917 0.000914606 0
 0 0 0 0 0
 0.581667 0.319106 0.0959925 0.00289975 0.000334073
 0.762889 0.0836404 0.116647 0.0363945 0.000428098
 0.88444 0.0763242 0.0277011 0.0115352 0
 0.521256 0.241999 0.230069 0.00667565 0
 0.616807 0.101726 0.260614 0.0208532 0
 0.833518 0.0704572 0.0857862 0.0102388 0
 0.697417 0.212968 0.0787535 0.0105354 0.000325836
 0 0 0 0 0
ppred_PELACES
 0.555263 0.11406 0.310264 0.0204134 7.11204e-07
 0.51116 0.273448 0.0552846 0.150223 0.00988355
 0.666535 0.172495 0.0901133 0.0181882 0.0526692
 0.797115 0.136481 0.0343806 0.0179278 0.0140954
 0.727816 0.218295 0.0362783 0.00911856 0.00849227
 0.810664 0.138377 0.0408781 0.00678656 0.00329427
 0.576589 0.345298 0.0571219 0.0168395 0.00415226
 0.5536 0.261916 0.150536 0.0248258 0.00912169
 0.643286 0.198944 0.0926083 0.053172 0.0119902
 0.800092 0.130447 0.0387864 0.0180062 0.0126679
 0.876723 0.0994118 0.0155893 0.00462171 0.00365447
 0.815566 0.162102 0.0180127 0.00282107 0.00149757
 0.770558 0.188638 0.0358774 0.00397424 0.000952682
 0.74957 0.195213 0.045425 0.0086098 0.00118214
 0.830297 0.129355 0.0314859 0.00729103 0.00157126
 0.959783 0.0336712 0.0049937 0.00121123 0.000340857
 0.461868 0.517255 0.0174874 0.00258657 0.000803811
 0.936505 0.0297357 0.0324522 0.00109514 0.000212301
 0.669566 0.310014 0.00957285 0.0104273 0.000420056
 0.70356 0.200745 0.0897955 0.002766 0.00313386
 0.800515 0.141651 0.0391923 0.0174926 0.00114919
 0.816248 0.147915 0.0254615 0.00703127 0.00334408
 0.395737 0.495848 0.0873072 0.0149973 0.00611059
 0.801869 0.0792976 0.0975363 0.0171513 0.00414631
 0.703922 0.238252 0.0231605 0.028453 0.00621247
 0.517138 0.34153 0.113755 0.0110454 0.0165312
 0.791074 0.108818 0.0708283 0.0235673 0.00571291
 0.759858 0.190639 0.0257978 0.0167719 0.006933
 0.442442 0.425087 0.105185 0.01422 0.0130657
 0.572667 0.190554 0.180564 0.0446367 0.0115784
 0.845755 0.0890343 0.0290989 0.0275387 0.00857308
 0.526421 0.401615 0.0415623 0.0135667 0.0168351
 0.761204 0.126455 0.0952819 0.00985237 0.00720645
pobs_pel_tallas
 0 0 0 0 0 0 0 0 0 0 0 0 0 0 0 0 0 0 0 0 0 0 0 0 0 0
 0 0 0 0 0 0 0 0 0 0 0 0 0 0 0 0 0 0 0 0 0 0 0 0 0 0
 0 0 0 0 0 0 0 0 0 0 0 0 0 0 0 0 0 0 0 0 0 0 0 0 0 0
 0 0 0 0 0 0 0 0 0 0 0 0 0 0 0 0 0 0 0 0 0 0 0 0 0 0
 0 0 0 0 0 0 0 0 0 0 0 0 0 0 0 0 0 0 0 0 0 0 0 0 0 0
 0 0 0 0 0 0 0 0 0 0 0 0 0 0 0 0 0 0 0 0 0 0 0 0 0 0
 0 0 0 0 0 0 0 0 0 0 0 0 0 0 0 0 0 0 0 0 0 0 0 0 0 0
 0 0 0 0 0 0 0 0 0 0 0 0 0 0 0 0 0 0 0 0 0 0 0 0 0 0
 0 0 0 0 0 0 0 0 0 0 0 0 0 0 0 0 0 0 0 0 0 0 0 0 0 0
 0 0 0 0 0 0 0 0 0 0 0 0 0 0 0 0 0 0 0 0 0 0 0 0 0 0
 0 0 0 0 0 0 0 0 0 0 0 0 0 0 0 0 0 0 0 0 0 0 0 0 0 0
 0 0 0 0 0 0 0 0 0 0 0 0 0 0 0 0 0 0 0 0 0 0 0 0 0 0
 0.00862536 0 0 0.000197151 0.00414017 0.0128641 0.00837892 0.0270097 0.101434 0.158115 0.152841 0.127902 0.109271 0.109419 0.0830992 0.0579132 0.0238553 0.00714673 0.00463305 0.00128148 0.00103504 0.000492878 0.000147863 0.000147863 4.92878e-05 0
 0 0 0 0 0 0 0 0 0 0 0 0 0 0 0 0 0 0 0 0 0 0 0 0 0 0
 0 0 0 0 0 0 0 0.0054083 0.00873648 0.0413646 0.0450493 0.0745869 0.0622846 0.0627006 0.0613931 0.0827291 0.12552 0.122667 0.0946155 0.0697135 0.0546179 0.0294188 0.0215738 0.0213955 0.0102223 0.00600262
 0 0 0 0 0.00359764 0.0251062 0.0480494 0.140153 0.205849 0.193036 0.1447 0.116669 0.0760912 0.0342217 0.00950174 0.001854 0.000860785 0 0 0 0.000165536 0 0.000143464 0 0 0
 0 0 0 0 0 0 0 0.000145254 0.000435761 0.0275982 0.070085 0.0708112 0.156366 0.174668 0.174014 0.160142 0.0824315 0.0480064 0.0283245 0.00493863 0.00203355 0 0 0 0 0
 0 0 0 0 0 0 0 0 0 0 0 0 0 0 0 0 0 0 0 0 0 0 0 0 0 0
 0 0 1.00437e-05 0.000401748 0.00122533 0.00171747 0.00176769 0.0269171 0.070346 0.194647 0.189555 0.159765 0.064822 0.0314167 0.0384472 0.0292271 0.0345202 0.0313363 0.0194345 0.0106764 0.0143323 0.0359363 0.0279516 0.0138201 0.00172751 0
 0 0.0021121 0.0136068 0.0755702 0.200478 0.177729 0.0527432 0.0373336 0.0318909 0.0142505 0.0149659 0.0166563 0.0217959 0.0798694 0.0677717 0.0528807 0.04013 0.0224614 0.0357745 0.0225083 0.00881397 0.00855152 0.00135912 0.000746735 0 0
 0 0 0 0 5.4009e-05 0.00500934 0.000945158 0.0243581 0.138947 0.33067 0.221406 0.137944 0.0707744 0.0437923 0.0131692 0.00525238 0.0047753 0.00276346 9.45158e-05 9.00151e-06 2.25038e-05 9.00151e-06 4.50075e-06 0 0 0
 0.000866109 0.00284123 0.00948549 0.0512746 0.133035 0.25785 0.225252 0.132002 0.0553304 0.0519788 0.0540692 0.017754 0.00435017 0.00159236 0.00146478 0.000404838 0.000125132 0.000115318 0.000107957 0.000100596 0 0 0 0 0 0
 0 0 0 0 0.00144013 0.00171154 0.00461396 0.0210425 0.0478622 0.0707936 0.0888783 0.103762 0.0637923 0.0337046 0.0602308 0.124433 0.169614 0.0934646 0.0462172 0.0250306 0.0313229 0.00938855 0.002487 0.000210481 0 0
 0 0.00764035 0.051015 0.0998891 0.058973 0.0496711 0.0374665 0.0718981 0.12319 0.153886 0.159021 0.0857701 0.0377988 0.023471 0.0147837 0.00900784 0.00315554 0.000888139 0.00291439 0.00214683 0.00393193 0.00274676 0.000635225 9.99891e-05 0 0
 0 0 0 0 0 0 0 0 0 0 0 0 0 0 0 0 0 0 0 0 0 0 0 0 0 0
 0 0 0 0 0 0 0 0 0 0 0 0 0 0 0 0 0 0 0 0 0 0 0 0 0 0
 0 0 0 0 0 0 0 0 0 0 0 0 0 0 0 0 0 0 0 0 0 0 0 0 0 0
 0 0 0 0 0 0 0 0 0 0 0 0 0 0 0 0 0 0 0 0 0 0 0 0 0 0
 0 0 0 0 0 0 0 0 0 0 0 0 0 0 0 0 0 0 0 0 0 0 0 0 0 0
 0 0 0 0 0 0 0 0 0 0 0 0 0 0 0 0 0 0 0 0 0 0 0 0 0 0
 0 0 0 0 0 0 0 0 0 0 0 0 0 0 0 0 0 0 0 0 0 0 0 0 0 0
 0 0 0 0 0 0 0 0 0 0 0 0 0 0 0 0 0 0 0 0 0 0 0 0 0 0
 0 0 0 0 0 0 0 0 0 0 0 0 0 0 0 0 0 0 0 0 0 0 0 0 0 0
ppred_pel_tallas
 1.11031e-16 4.57363e-05 0.000444573 0.00295434 0.01343 0.0417858 0.0890296 0.129944 0.129955 0.0890858 0.0419758 0.0139845 0.00436828 0.00360405 0.00625915 0.0108295 0.0168831 0.0239046 0.0312984 0.0386306 0.0455999 0.0516914 0.0559054 0.0569811 0.0540686 0.0473411
 1.18404e-16 4.21036e-05 0.000409262 0.00271969 0.0123634 0.0384671 0.0819592 0.119627 0.119654 0.0820884 0.0389012 0.0136182 0.00587418 0.00731137 0.0131997 0.0218926 0.0318793 0.0408787 0.0466616 0.0483738 0.0471024 0.0451018 0.0442607 0.0449922 0.0462444 0.0463773
 1.13382e-16 5.49016e-05 0.000533663 0.00354638 0.0161213 0.0501596 0.106871 0.155985 0.156001 0.106953 0.0504348 0.0169178 0.00555135 0.00493012 0.00846292 0.0140593 0.0206187 0.0267272 0.0309933 0.0328259 0.0327707 0.0320524 0.0316911 0.0319042 0.0321596 0.0316751
 1.05211e-16 6.56573e-05 0.000638213 0.00424115 0.0192797 0.0599862 0.127807 0.186542 0.186555 0.127872 0.0602027 0.0199053 0.0058132 0.00407541 0.00660978 0.0108672 0.0157545 0.020044 0.0225395 0.0227154 0.0210273 0.0185794 0.0164148 0.0149866 0.0141225 0.013356
 1.03455e-16 5.99493e-05 0.000582728 0.00387243 0.0176035 0.0547713 0.116697 0.170327 0.170348 0.1168 0.0551167 0.0186013 0.0063776 0.00605332 0.010455 0.0172036 0.0248113 0.0312759 0.0345997 0.0338669 0.0297838 0.024183 0.0189072 0.0149413 0.0122976 0.0104651
 1.02454e-16 6.67733e-05 0.000649061 0.00431324 0.0196074 0.0610058 0.12998 0.189712 0.189726 0.130045 0.0612254 0.0202419 0.00590761 0.00413505 0.0067033 0.011018 0.0159629 0.0202774 0.0227179 0.0227025 0.0206332 0.0175783 0.0145851 0.0121744 0.0103128 0.00871906
 1.04129e-16 4.74929e-05 0.000461648 0.00306782 0.0139459 0.0433909 0.0924502 0.134941 0.134974 0.0926129 0.0439373 0.0155241 0.0070301 0.00911383 0.0164869 0.0272005 0.0392248 0.0494239 0.0546288 0.0533755 0.0467622 0.0376726 0.0290171 0.0223706 0.0177948 0.0145453
 1.08445e-16 4.55993e-05 0.000443242 0.0029455 0.0133898 0.0416609 0.0887638 0.129559 0.129584 0.0888881 0.0420788 0.0145994 0.00599062 0.00712001 0.0128118 0.0213327 0.0312499 0.0403932 0.0465479 0.0486505 0.0473167 0.0442063 0.0407882 0.0375455 0.0341134 0.0299754
 1.10085e-16 5.29867e-05 0.000515049 0.00342268 0.015559 0.04841 0.103143 0.150545 0.150564 0.103238 0.0487271 0.0164764 0.00573139 0.00557494 0.00972204 0.0161465 0.0236309 0.0305232 0.0351808 0.0368782 0.0362032 0.0345372 0.0330518 0.0320362 0.0309789 0.0291514
 1.05103e-16 6.59026e-05 0.000640597 0.00425699 0.0193517 0.0602103 0.128285 0.187238 0.187251 0.128346 0.0604174 0.0199503 0.00576168 0.00393199 0.0063367 0.0104246 0.0151381 0.0193123 0.0218128 0.0221373 0.0207072 0.0185464 0.0166106 0.0152959 0.0144208 0.0135504
 1.01558e-16 7.22145e-05 0.000701951 0.00466471 0.0212051 0.065977 0.140571 0.20517 0.20518 0.140618 0.0661343 0.0216594 0.00580527 0.00319241 0.00480391 0.00783259 0.0112885 0.0142227 0.0157219 0.0153692 0.0134889 0.0109197 0.00850587 0.00669937 0.00550609 0.00469013
 1.01098e-16 6.71771e-05 0.000652986 0.00433932 0.0197259 0.0613748 0.130766 0.19086 0.190876 0.130842 0.0616309 0.0204657 0.00619581 0.0047043 0.00775719 0.0127068 0.0182719 0.0229213 0.0251414 0.0242324 0.0207212 0.0160044 0.0115197 0.00808712 0.00580018 0.00433531
 1.01644e-16 6.34699e-05 0.00061695 0.00409985 0.0186373 0.0579877 0.12355 0.180328 0.180346 0.123639 0.0582863 0.0194999 0.00626557 0.00534674 0.00905199 0.0148791 0.0214612 0.0270554 0.0299232 0.0292507 0.0256152 0.0205659 0.0156752 0.011809 0.00903665 0.00701002
 1.02425e-16 6.17411e-05 0.000600146 0.00398818 0.0181297 0.0564083 0.120185 0.175417 0.175436 0.120277 0.0567176 0.0190234 0.00623277 0.00550457 0.00938921 0.0154585 0.0223415 0.0282586 0.0314319 0.0310299 0.0276383 0.022819 0.0181332 0.014403 0.0116431 0.00947315
 1.01939e-16 6.83905e-05 0.00066478 0.0044177 0.0200822 0.0624833 0.133128 0.194306 0.194319 0.133189 0.0626883 0.0206746 0.00590572 0.00391662 0.0062544 0.0102582 0.0148328 0.0187828 0.0209344 0.020742 0.0185948 0.0155226 0.0125466 0.0101921 0.00844845 0.00704714
 1.00332e-16 7.90561e-05 0.000768453 0.00510664 0.023214 0.0722275 0.153889 0.224605 0.224609 0.153904 0.0722808 0.0233679 0.00549277 0.00161144 0.00168022 0.0026531 0.00381528 0.00479983 0.00529146 0.00514609 0.00447129 0.00355101 0.00267396 0.00199966 0.00153931 0.00122304
 1.01033e-16 3.80435e-05 0.000369797 0.00245743 0.0111712 0.0347579 0.0740572 0.108099 0.108149 0.0743003 0.0355739 0.0135269 0.00836626 0.0132539 0.0244632 0.0402667 0.0577302 0.0720238 0.0782515 0.0741547 0.0614884 0.044903 0.0292659 0.0174756 0.0100094 0.00584675
 1.0109e-16 7.71387e-05 0.000749815 0.00498279 0.022651 0.0704758 0.150156 0.219158 0.219161 0.15017 0.0705237 0.02279 0.00533377 0.00152289 0.00156542 0.00251799 0.00374054 0.00495374 0.00591979 0.00651332 0.00676324 0.00677908 0.00663066 0.00629507 0.00570875 0.0048603
 1.01473e-16 5.51513e-05 0.00053609 0.00356251 0.0161947 0.0503878 0.107358 0.156698 0.156728 0.107503 0.0508769 0.0176067 0.00710444 0.00825968 0.0146989 0.0241484 0.0346311 0.0432366 0.0470434 0.0447164 0.037324 0.0276584 0.0186202 0.0119031 0.00772912 0.00541997
 1.03451e-16 5.79514e-05 0.000563308 0.00374338 0.0170169 0.0529459 0.112808 0.16465 0.164669 0.112903 0.0532653 0.0179406 0.00606646 0.00564929 0.00975995 0.0161544 0.0235217 0.0301084 0.0341413 0.0347602 0.0324609 0.028636 0.0246219 0.02104 0.0178254 0.0146912
 1.03117e-16 6.59374e-05 0.000640935 0.00425924 0.0193619 0.0602421 0.128353 0.187337 0.187351 0.12842 0.0604668 0.0200114 0.00589125 0.00420931 0.00685977 0.0112807 0.0163494 0.020784 0.0233238 0.0233901 0.0214125 0.0184943 0.0156986 0.0135225 0.0118736 0.0104014
 1.02044e-16 6.72333e-05 0.000653532 0.00434295 0.0197424 0.0614261 0.130875 0.191019 0.191034 0.130945 0.0616602 0.0204186 0.00604069 0.00436109 0.00711263 0.011663 0.0168201 0.0212063 0.0234652 0.0229725 0.0202 0.016381 0.0127559 0.00998974 0.00809767 0.00675007
 1.05185e-16 3.25965e-05 0.000316849 0.00210558 0.00957167 0.0297813 0.0634539 0.0926229 0.0926707 0.0636876 0.0305659 0.0118383 0.00779645 0.0127442 0.0236464 0.0390717 0.0563526 0.0710122 0.0784927 0.0766731 0.0671035 0.0538979 0.0412243 0.0313634 0.0244583 0.019516
 1.05257e-16 6.60489e-05 0.000642018 0.00426644 0.0193946 0.0603439 0.128569 0.187652 0.18766 0.128607 0.0604722 0.019767 0.00520786 0.00271949 0.00407714 0.00680729 0.0102005 0.0136658 0.0166262 0.0187868 0.0202313 0.0212037 0.0217814 0.0217495 0.0207791 0.0187226
 1.04635e-16 5.79812e-05 0.000563598 0.00374531 0.0170256 0.0529732 0.112866 0.164736 0.164759 0.112978 0.0533498 0.0181133 0.0064752 0.00652227 0.011373 0.0187075 0.0269416 0.0338879 0.0373714 0.0364238 0.0318771 0.0258099 0.0202947 0.0164099 0.0140924 0.0126459
 1.07276e-16 4.25961e-05 0.000414049 0.0027515 0.0125079 0.0389171 0.0829181 0.121028 0.121061 0.0830795 0.0394593 0.0140754 0.0066911 0.00903079 0.0164559 0.0272644 0.0395674 0.0503757 0.0566497 0.056962 0.0522859 0.0452081 0.0382431 0.0326066 0.028171 0.024233
 1.05403e-16 6.51597e-05 0.000633376 0.004209 0.0191335 0.0595316 0.126839 0.185127 0.185138 0.12689 0.0597056 0.0196374 0.00547844 0.0034199 0.00540255 0.00894749 0.0131634 0.0171462 0.0200129 0.0213547 0.0214343 0.0209041 0.0202857 0.0196525 0.0187187 0.0171697
 1.03649e-16 6.25886e-05 0.000608383 0.00404292 0.0183785 0.0571826 0.121834 0.177824 0.177843 0.121924 0.0574841 0.0192495 0.0062294 0.00538231 0.00913182 0.0150056 0.0216311 0.0272523 0.0301308 0.029484 0.0259556 0.0211756 0.0167694 0.0135845 0.0115838 0.01025
 1.06782e-16 3.64434e-05 0.000354243 0.00235407 0.0107013 0.0332959 0.070942 0.103551 0.103592 0.0711426 0.0339696 0.0126481 0.00724418 0.0110408 0.0203657 0.0336983 0.048744 0.0617228 0.068787 0.0681412 0.0610647 0.0509462 0.041155 0.0334373 0.0277751 0.0232914
 1.11696e-16 4.71699e-05 0.000458508 0.00304695 0.013851 0.0430957 0.0918206 0.134019 0.134037 0.0919116 0.0434023 0.0147398 0.00529044 0.00539703 0.00954687 0.0160244 0.0238206 0.0315139 0.0376544 0.0415408 0.0435099 0.0444229 0.0448115 0.0444501 0.042654 0.0389336
 1.05076e-16 6.96637e-05 0.000677156 0.00449994 0.0204561 0.0636465 0.135606 0.197923 0.197931 0.135648 0.0637881 0.0208654 0.00552929 0.00293064 0.00436875 0.00716436 0.0104406 0.0134076 0.0153215 0.015872 0.015365 0.0144872 0.0138347 0.0135786 0.0134734 0.0131154
 1.05512e-16 4.33607e-05 0.000421481 0.00280089 0.0127325 0.0396157 0.0844068 0.123202 0.123241 0.0845959 0.0402503 0.0145653 0.00740064 0.0104597 0.0190992 0.0314844 0.0453019 0.0568735 0.0624867 0.0604513 0.0521232 0.0410032 0.0306555 0.0230534 0.018302 0.0154297
 1.0499e-16 6.26994e-05 0.000609461 0.00405008 0.0184111 0.0572838 0.12205 0.178138 0.17815 0.12211 0.0574863 0.0189976 0.00552829 0.003856 0.00628587 0.0104424 0.0153857 0.0200764 0.0234768 0.0250768 0.0251238 0.0243107 0.0232028 0.0219044 0.0201777 0.0178044
pSPR Fmed_Fpbrs
0.567372   0.240638 0.240638
Fs Fmed_Fpbrs
0.34   1.005 1.005
SSBpbr Bo_Bmed_Bpbrs
1.52137e+06  787118  290032 290032
Ro
143085
SPR SPRFo_SPRFmed_SPRFpbrs
1.03083e+06 584865 248057
Fref
1.005
Nvult_r0
 137542 26010.2 19779.4 2046.25 1496.76
CTP_r0
 56043.7 12881.5 9908.06 1025.64 750.243
YTP_r0
944408
Np
 161531 29875.1 6957.97 1113.25 949.514
Nvult_p0
 131656 25755.1 6019.81 963.327 821.652
CTP_p0
 53645.3 21541.2 3578.24 2695.17 354.398
 53645.3 12755.1 3015.49 482.848 411.85
YTP_p0
 963413 729286
CBA_c0
950109
log_Ro
11.6912
likeval ReclasPelacesDesembMPH_pf_preclas_ppelaces_ptallas_desvR_qrecl_qpela
 13.8566 17.0181 0.0341191 0.00435979 231.131 134.227 109.274 0 23.4804 2.52617e-06 9.46368e-06 0.16866 0 0 0
q_reclas_q_pelaces
1.25204 1.54505
M
1
N
 172543 37106.4 101293 6665.71 0.232236
 95782.7 55766.7 11348.2 30847.1 2029.54
 98657.2 27745.8 14587.6 2945.33 8529.22
 147287 28700.3 7302.02 3809.67 2995.38
 120083 37610.1 6271.21 1576.55 1468.29
 210940 39094.2 11622.1 1930.15 936.932
 85058.1 61517.4 10325.3 3046.26 751.176
 37606.6 18368.4 10583.1 1745.55 641.369
 36036.4 12644.4 5943.35 3414.23 769.922
 47775.7 9282.4 2797.4 1299.61 914.348
 90850.9 10713.4 1685.09 499.653 395.088
 128426 29921.6 3365.69 527.467 280.016
 106068 30170.2 5804.65 643.397 154.237
 75598.8 25545.8 6064.51 1150.7 158.001
 71077.4 13333 3291.98 762.893 164.415
 381367 15480.3 2321.71 563.473 158.575
 75648.1 92944.2 3164.7 468.274 145.525
 617137 21424.9 23543.1 794.785 154.078
 336365 176460 5501.4 5995.57 241.533
 271462 86972.7 39251.9 1209.67 1370.58
 371326 72000.7 20061.8 8957.56 588.482
 518950 105512 18323.8 5062.59 2407.83
 102919 137949 24415.8 4195.23 1709.35
 297752 31299.5 38679.6 6803.34 1644.72
 256434 92188.8 9003.3 11063.4 2415.64
 114820 79569.5 26600.7 2583.41 3866.52
 252210 36872.9 24112.8 8025.26 1945.42
 295978 78120.7 10612.8 6901.13 2852.75
 93919.3 94358.9 23428.8 3167.92 2910.79
 86111.8 30456.6 28995.3 7169.68 1859.78
 235942 26666 8762.86 8295.46 2582.5
 90067.1 71032.1 7369.72 2405.94 2985.6
 168752 30171 22862 2364.7 1729.68
pred_Ctot
 13385.9 4016.33 11196.5 737.625 0.0257006
 13124.1 10471.4 2173.18 5913.37 389.083
 13299.9 5129.31 2750.45 555.917 1609.94
 29333.8 7682.21 1990.43 1039.47 817.332
 8819.51 3858.58 657.11 165.38 154.032
 28162.7 7160.54 2171.14 360.953 175.223
 23178.5 21995.3 3752.96 1108.2 273.282
 2060.32 1413.44 832.079 137.398 50.4874
 7029.85 3319.44 1589.07 913.749 206.065
 12271.9 3144.81 963.814 448.165 315.324
 6069.6 1001.77 160.95 47.7779 37.7815
 30423.1 9410.8 1077.03 168.946 89.6929
 23959.9 9080.94 1778.1 197.272 47.2928
 26381.9 11392.9 2744.27 521.108 71.5557
 19121 4711.69 1182.72 274.327 59.1242
 84123.2 4557.75 695.767 169.02 47.5685
 11241.5 18860.2 654.753 96.9822 30.1407
 88697.2 4211.14 4718.6 159.459 30.9146
 65012.9 45924.4 1458.26 1590.8 64.089
 49168.2 21293.2 9790.57 302.026 342.22
 54557.4 14453 4106.1 1835.26 120.577
 93436.1 25687.6 4545.03 1256.97 597.861
 11452.1 21201.3 3829.19 658.657 268.386
 30231 4402.16 5552.62 977.713 236.378
 25729.3 12817.8 1277.73 1571.81 343.216
 9325.11 9006.26 3074.53 298.925 447.419
 25549.5 5174.72 3453.97 1150.81 278.985
 25252.1 9277.64 1286.91 837.761 346.33
 7108.29 9969.31 2527.99 342.204 314.447
 8735.29 4279.93 4158.85 1029.48 267.057
 27536.9 4291.49 1438.91 1363.62 424.54
 5130.2 5679.15 602.01 196.759 244.178
 20318.6 5003.63 3868.22 400.532 292.988
F
 0.12947 0.184728 0.188973 0.189202 0.189214
 0.238999 0.341004 0.34884 0.349263 0.349285
 0.234744 0.334933 0.34263 0.343045 0.343066
 0.365109 0.520938 0.532909 0.533554 0.533588
 0.122206 0.174364 0.178371 0.178587 0.178599
 0.232252 0.331378 0.338992 0.339403 0.339425
 0.532701 0.76006 0.777526 0.778467 0.778517
 0.0899628 0.128359 0.131309 0.131468 0.131476
 0.356409 0.508525 0.520211 0.520841 0.520874
 0.495024 0.706303 0.722533 0.723408 0.723454
 0.110639 0.15786 0.161487 0.161683 0.161693
 0.448501 0.639922 0.654627 0.65542 0.655462
 0.423604 0.6044 0.618289 0.619037 0.619077
 0.7352 1.04899 1.07309 1.07439 1.07446
 0.524204 0.747936 0.765123 0.76605 0.766099
 0.411764 0.587506 0.601006 0.601734 0.601772
 0.261541 0.373168 0.381743 0.382205 0.38223
 0.251996 0.359548 0.36781 0.368256 0.368279
 0.352603 0.503095 0.514656 0.515279 0.515312
 0.327147 0.466775 0.477501 0.47808 0.47811
 0.258252 0.368475 0.376942 0.377399 0.377423
 0.324922 0.4636 0.474253 0.474827 0.474858
 0.190337 0.271574 0.277815 0.278151 0.278169
 0.172422 0.246012 0.251665 0.25197 0.251986
 0.17024 0.242899 0.248481 0.248782 0.248798
 0.135891 0.193889 0.198345 0.198585 0.198598
 0.172005 0.245418 0.251057 0.251361 0.251377
 0.14318 0.204289 0.208983 0.209237 0.20925
 0.126135 0.17997 0.184106 0.184329 0.184341
 0.172258 0.245778 0.251426 0.251731 0.251747
 0.200454 0.286008 0.292581 0.292935 0.292954
 0.0936749 0.133656 0.136727 0.136893 0.136901
 0.207374 0.295882 0.302682 0.303048 0.303068
YTP_r0W_actual
 422570 224782 238487 32123.1 26446.1
YTP_p0W_proyectada
 404486 375894 86128.2 84412.6 12492.5
 404486 222577 72582.8 15122.8 14517.7
CTP_r0_actual
 56043.7 12881.5 9908.06 1025.64 750.243
CTP_p0_proyectada
 53645.3 21541.2 3578.24 2695.17 354.398
 53645.3 12755.1 3015.49 482.848 411.85
Wmedp
 7.54 17.45 24.07 31.32 35.25
Frms_r0
 0.68767 0.98117 1.00372 1.00493 1.005
Zrms_r0
 1.68767 1.98117 2.00372 2.00493 2.005
nmprior
 7.29 8.9 8.7 0
nm_flota  nm_reclas  nm_pelaces    nm_pelaL
inf 13.451 21.3569 72.6695
cv_recla  cv_pelaces  cv_mph
0.322373 0.451904 1.76469
 ------------------------------------------------
Talla a la edad & desviaci?n 
 8 13.2811 15.8009 17.003 17.5766
 0.8 1.32811 1.58009 1.7003 1.75766
