    unsorted:	 2.334289241e-06 2.223678514e-06 5.762342157e-05 4.961712532e-05 8.438731326e-05 0.001699897653 9.215052459 9.246607072 12.19782248 62.28263674 171.3472519 204.7808369 132.5840098 259.5166629 458.0596581 504.8879511 635.9720011 780.3801755 793.0256093 854.8750108 891.2436369 945.2796659 994.3216644 1078.567528 1193.892398 1317.624349 1435.232786 1532.506570 1632.265449 1797.943339 1881.866214 2119.041195 2370.874498 2349.769565 2301.156948 2423.274331 2579.315515 2800.708352 2898.150054 3015.376242 3245.177115 3320.456903 3826.612562 4169.415533 4307.905007 9672.298606 40835.35493 375451.2647 375207.8335 391544.4844 387935.1749 361917.3558 354278.1891 407151.0675 414127.4535 434141.0141 435222.2554 315857.6502 153396.9953 513945.7089 591915.0880 597446.5800 636586.5216 677763.0361 687586.1837 948399.0630 1018285.547 1111547.108 1158625.084 1486429.540 1633492.376 1785325.551 2169266.172 2371870.261 2428449.618 2467118.357 2742378.354 2945394.052 3323619.766 44728281.19
      sorted:	 2.223678514e-06 2.334289241e-06 4.961712532e-05 5.762342157e-05 8.438731326e-05 0.001699897653 9.215052459 9.246607072 12.19782248 62.28263674 132.5840098 171.3472519 204.7808369 259.5166629 458.0596581 504.8879511 635.9720011 780.3801755 793.0256093 854.8750108 891.2436369 945.2796659 994.3216644 1078.567528 1193.892398 1317.624349 1435.232786 1532.506570 1632.265449 1797.943339 1881.866214 2119.041195 2301.156948 2349.769565 2370.874498 2423.274331 2579.315515 2800.708352 2898.150054 3015.376242 3245.177115 3320.456903 3826.612562 4169.415533 4307.905007 9672.298606 40835.35493 153396.9953 315857.6502 354278.1891 361917.3558 375207.8335 375451.2647 387935.1749 391544.4844 407151.0675 414127.4535 434141.0141 435222.2554 513945.7089 591915.0880 597446.5800 636586.5216 677763.0361 687586.1837 948399.0630 1018285.547 1111547.108 1158625.084 1486429.540 1633492.376 1785325.551 2169266.172 2371870.261 2428449.618 2467118.357 2742378.354 2945394.052 3323619.766 44728281.19
