years
 1991 1992 1993 1994 1995 1996 1997 1998 1999 2000 2001 2002 2003 2004 2005 2006 2007 2008 2009 2010 2011 2012 2013 2014 2015 2016 2017 2018 2019 2020 2021 2022 2023
reclasobs
 0 0 0 0 0 0 0 0 0 252601 567819 844713 477998 351125 339783 2.1784e+06 2.13404e+06 4.81314e+06 1.55562e+06 2.62356e+06 3.21686e+06 3.843e+06 1.13348e+06 3.07943e+06 1.97215e+06 2.03268e+06 2.025e+06 2.42433e+06 2.27542e+06 1.05018e+06 2.36338e+06 3.18982e+06 1.53035e+06
reclaspred
 3.28509e+06 1.77608e+06 905531 937062 962581 1.67497e+06 902699 786292 549785 358884 513756 706392 688908 505031 509097 1.36054e+06 1.25809e+06 3.13597e+06 2.56292e+06 1.77444e+06 3.1059e+06 2.53712e+06 1.88669e+06 3.13481e+06 2.23515e+06 1.96784e+06 2.40513e+06 2.59768e+06 2.06767e+06 1.42131e+06 1.95161e+06 2.12163e+06 1.68309e+06
pelacesobs
 0 0 0 0 0 0 0 0 0 0 0 0 0 0 0 552880 188675 0 991730 2.46772e+06 1.41603e+06 1.21717e+06 2.29649e+06 1.80582e+06 0 1.4828e+06 1.56532e+06 1.57751e+06 1.42118e+06 867257 1.10002e+06 1.06204e+06 0
pelacespred
 2.21966e+06 1.30233e+06 630892 437815 540770 837551 492424 516085 330666 185111 257499 312610 340184 233717 231188 491632 660949 1.43431e+06 1.45695e+06 961138 1.48171e+06 1.3552e+06 1.19794e+06 1.71912e+06 1.49473e+06 1.28371e+06 1.49195e+06 1.50446e+06 1.41e+06 998977 951783 1.32353e+06 946526
mphobs
 0 0 0 0 0 0 0 0 0 0 0 0 498337 0 5186 125008 0 168611 109162 213762 579715 649985 157893 87575 83554 210694 70296 0 107559 103333 445601 22526 28222
mphpred
 1.80668e+06 1.20896e+06 572350 322137 353634 433923 587885 300766 277176 168042 99669.4 222098 237057 188953 112835 149832 535702 504509 1.10235e+06 798762 793926 996748 951924 742757 1.13859e+06 889312 728650 798191 1.14852e+06 759414 501001 900708 593247
desembarqueobs
 494567 514787 250237 358949 120608 361735 552515 73892 212993 205616 52469 317467 293654 387597 252695 516296 358380 742168 942051 627588 828172 859565 418607 520667 417249 300574 415391 372974 316634 284311 391294 218835 356480
desembarquepred
 494568 513976 250608 358987 120614 361742 552535 73897.6 213059 205678 52471.8 317526 293682 387549 252658 516208 358437 741983 941715 627325 828289 859587 418620 520700 417246 300576 415390 372953 316630 284309 391248 218847 356500
Reclutas
 164947 89484.3 93291.5 134709 111257 199968 77946 33797.9 32567.8 43142.2 81595.3 121177 100891 72207.6 66306.1 333296 79963.6 527983 334172 232775 338552 461872 88220.3 272291 209141 101329 220604 245063 81801.7 78506.3 201111 87017.5 146173
log_desv_Rt
 0.238679 -0.372883 -0.331217 0.0361707 -0.155107 0.43121 -0.510931 -1.34655 -1.38362 -1.10244 -0.465175 -0.0696926 -0.252901 -0.587401 -0.672664 0.942083 -0.485375 1.40212 0.944709 0.583125 0.957732 1.26834 -0.38711 0.739923 0.476063 -0.248575 0.529425 0.63457 -0.462648 -0.503767 0.436908 -0.400837 0.117845
SSB
 1.80668e+06 1.20896e+06 572350 322137 353634 433923 587885 300766 277176 168042 99669.4 222098 237057 188953 112835 149832 535702 504509 1.10235e+06 798762 793926 996748 951924 742757 1.13859e+06 889312 728650 798191 1.14852e+06 759414 501001 900708 593247
BT
 2.59685e+06 1.77954e+06 868171 837296 707459 1.42187e+06 999122 676293 594659 422755 406369 670538 705997 727122 597819 1.19832e+06 1.004e+06 2.80198e+06 2.66311e+06 1.65882e+06 2.66337e+06 2.43916e+06 1.6307e+06 2.87672e+06 1.98844e+06 1.69404e+06 2.42165e+06 2.27632e+06 1.64403e+06 1.3542e+06 1.58986e+06 1.6074e+06 1.47668e+06
Ftot
 0.235142 0.435132 0.428428 0.661623 0.216413 0.396822 0.916921 0.159843 0.64523 0.939926 0.204828 0.79122 0.74306 1.30779 0.947033 0.775089 0.468376 0.466722 0.627935 0.601809 0.478343 0.597746 0.353841 0.315067 0.311394 0.253206 0.320547 0.272185 0.236556 0.323618 0.382031 0.169217 0.373962
BD_Bspro_t
 0.96328 0.757578 0.540261 0.442601 0.438564 0.53891 0.535816 0.335042 0.394789 0.325891 0.27749 0.544962 0.42272 0.32518 0.216381 0.269006 0.450552 0.421253 0.54669 0.436297 0.389994 0.441776 0.459471 0.43767 0.574537 0.573998 0.581985 0.630245 0.692022 0.605565 0.542349 0.641335 0.643231
BD_Bspro
 1.93018 1.29161 0.611476 0.344158 0.377808 0.463586 0.628073 0.321327 0.296124 0.179529 0.106483 0.237281 0.253262 0.20187 0.120548 0.160075 0.572322 0.538997 1.17771 0.853365 0.848199 1.06489 1.017 0.793533 1.21642 0.950105 0.778461 0.852756 1.22703 0.811328 0.535249 0.962281 0.633802
BD_Bo
 1.50878 1.00962 0.477977 0.269021 0.295324 0.362375 0.490951 0.251174 0.231473 0.140334 0.0832353 0.185477 0.19797 0.157797 0.0942299 0.125127 0.447372 0.421322 0.920592 0.667057 0.663018 0.832398 0.794965 0.620287 0.95085 0.742676 0.608506 0.66658 0.959145 0.634197 0.418393 0.752194 0.495429
BD_Brms
 7.32581 4.90216 2.32079 1.30622 1.43393 1.75949 2.38379 1.21956 1.12391 0.681385 0.404144 0.900573 0.961231 0.766176 0.457528 0.607548 2.17219 2.04571 4.46988 3.23886 3.21925 4.04166 3.85991 3.01177 4.6168 3.60602 2.95457 3.23654 4.65707 3.07931 2.03148 3.65224 2.40553
Sel_flota
 0.625394 0.969438 0.998343 0.999913 0.999995
 0.625394 0.969438 0.998343 0.999913 0.999995
 0.625394 0.969438 0.998343 0.999913 0.999995
 0.625394 0.969438 0.998343 0.999913 0.999995
 0.625394 0.969438 0.998343 0.999913 0.999995
 0.625394 0.969438 0.998343 0.999913 0.999995
 0.625394 0.969438 0.998343 0.999913 0.999995
 0.625394 0.969438 0.998343 0.999913 0.999995
 0.625394 0.969438 0.998343 0.999913 0.999995
 0.625394 0.969438 0.998343 0.999913 0.999995
 0.625394 0.969438 0.998343 0.999913 0.999995
 0.625394 0.969438 0.998343 0.999913 0.999995
 0.625394 0.969438 0.998343 0.999913 0.999995
 0.625394 0.969438 0.998343 0.999913 0.999995
 0.625394 0.969438 0.998343 0.999913 0.999995
 0.625394 0.969438 0.998343 0.999913 0.999995
 0.625394 0.969438 0.998343 0.999913 0.999995
 0.625394 0.969438 0.998343 0.999913 0.999995
 0.625394 0.969438 0.998343 0.999913 0.999995
 0.625394 0.969438 0.998343 0.999913 0.999995
 0.625394 0.969438 0.998343 0.999913 0.999995
 0.625394 0.969438 0.998343 0.999913 0.999995
 0.625394 0.969438 0.998343 0.999913 0.999995
 0.625394 0.969438 0.998343 0.999913 0.999995
 0.625394 0.969438 0.998343 0.999913 0.999995
 0.625394 0.969438 0.998343 0.999913 0.999995
 0.625394 0.969438 0.998343 0.999913 0.999995
 0.625394 0.969438 0.998343 0.999913 0.999995
 0.625394 0.969438 0.998343 0.999913 0.999995
 0.625394 0.969438 0.998343 0.999913 0.999995
 0.625394 0.969438 0.998343 0.999913 0.999995
 0.625394 0.969438 0.998343 0.999913 0.999995
 0.625394 0.969438 0.998343 0.999913 0.999995
Sel_reclas
 1 1 1 1 1
 1 1 1 1 1
 1 1 1 1 1
 1 1 1 1 1
 1 1 1 1 1
 1 1 1 1 1
 1 1 1 1 1
 1 1 1 1 1
 1 1 1 1 1
 1 1 1 1 1
 1 1 1 1 1
 1 1 1 1 1
 1 1 1 1 1
 1 1 1 1 1
 1 1 1 1 1
 1 1 1 1 1
 1 1 1 1 1
 1 1 1 1 1
 1 1 1 1 1
 1 1 1 1 1
 1 1 1 1 1
 1 1 1 1 1
 1 1 1 1 1
 1 1 1 1 1
 1 1 1 1 1
 1 1 1 1 1
 1 1 1 1 1
 1 1 1 1 1
 1 1 1 1 1
 1 1 1 1 1
 1 1 1 1 1
 1 1 1 1 1
 1 1 1 1 1
Sel_pelaces
 0.5 1 1 1 1
 0.5 1 1 1 1
 0.5 1 1 1 1
 0.5 1 1 1 1
 0.5 1 1 1 1
 0.5 1 1 1 1
 0.5 1 1 1 1
 0.5 1 1 1 1
 0.5 1 1 1 1
 0.5 1 1 1 1
 0.5 1 1 1 1
 0.5 1 1 1 1
 0.5 1 1 1 1
 0.5 1 1 1 1
 0.5 1 1 1 1
 0.5 1 1 1 1
 0.5 1 1 1 1
 0.5 1 1 1 1
 0.5 1 1 1 1
 0.5 1 1 1 1
 0.5 1 1 1 1
 0.5 1 1 1 1
 0.5 1 1 1 1
 0.5 1 1 1 1
 0.5 1 1 1 1
 0.5 1 1 1 1
 0.5 1 1 1 1
 0.5 1 1 1 1
 0.5 1 1 1 1
 0.5 1 1 1 1
 0.5 1 1 1 1
 0.5 1 1 1 1
 0.5 1 1 1 1
pf_obs 
 0.8446 0.082 0.0669 0.0065 0
 0.8095 0.147 0.0364 0.0071 0
 0.9664 0.0169 0.016 0.0007 0
 0.9276 0.0648 0.0075 0.0001 0
 0.7033 0.2144 0.0806 0.0017 0
 0.9318 0.0425 0.0243 0.0014 0
 0.5671 0.3108 0.0964 0.0239 0.0018
 0.0768 0.2599 0.5324 0.112 0.0189
 0.490249 0.384438 0.106611 0.0170017 0.00170017
 0.7925 0.1577 0.0466 0.003 0.0002
 0.840416 0.127587 0.0312969 0.00059994 9.999e-05
 0.8084 0.0986 0.0794 0.0134 0.0002
 0.7335 0.1905 0.0724 0.0035 0.0001
 0.4001 0.4547 0.1325 0.0127 0
 0.49795 0.308269 0.164784 0.0264974 0.00249975
 0.9179 0.0499 0.0305 0.0017 0
 0.2467 0.6533 0.0926 0.0074 0
 0.9418 0.0223 0.034 0.0019 0
 0.707729 0.231977 0.0356964 0.0245975 0
 0.517169 0.277429 0.184464 0.0207286 0.00020938
 0.811772 0.124168 0.05621 0.00726502 0.000585176
 0.764997 0.148141 0.077277 0.00933861 0.000247198
 0.163321 0.427699 0.378323 0.0303852 0.000271297
 0.753843 0.0900009 0.118128 0.0371064 0.000921714
 0.721811 0.176058 0.0630433 0.0369309 0.00215725
 0.143369 0.312575 0.442814 0.0836902 0.0175525
 0.692698 0.0596174 0.167031 0.0765114 0.00414204
 0.394062 0.376323 0.152708 0.0712218 0.00568511
 0.125707 0.32114 0.495352 0.0537591 0.00404204
 0.23352 0.215282 0.420074 0.123614 0.00750983
 0.796117 0.104755 0.0508955 0.0450114 0.00322123
 0.162477 0.292055 0.404252 0.121198 0.0200186
 0 0 0 0 0
pf_pred 
 0.475295 0.14518 0.354667 0.0248565 9.33572e-07
 0.410282 0.351127 0.0675671 0.15984 0.0111833
 0.578207 0.227415 0.11747 0.0218096 0.0550975
 0.715728 0.198423 0.0470657 0.0234566 0.0153262
 0.648124 0.287093 0.0457744 0.0104316 0.00857693
 0.739475 0.194205 0.0544289 0.0084066 0.00348488
 0.447729 0.455836 0.0725334 0.0196228 0.00427889
 0.453354 0.328571 0.181412 0.0275927 0.00907025
 0.53566 0.263735 0.122074 0.065347 0.0131843
 0.724225 0.185292 0.0522984 0.0232559 0.0149283
 0.836329 0.136143 0.018777 0.00506334 0.0036876
 0.74458 0.227446 0.0233949 0.00312566 0.00145416
 0.688887 0.261528 0.0443602 0.00437128 0.000853724
 0.650529 0.279401 0.0592943 0.00964218 0.00113312
 0.765082 0.186447 0.0391678 0.0078762 0.00142713
 0.938008 0.0533148 0.00695239 0.00139473 0.000330457
 0.412309 0.566879 0.0180053 0.00225041 0.000557139
 0.899162 0.0544295 0.0448224 0.0013727 0.00021362
 0.602098 0.373273 0.0135174 0.0107325 0.000379086
 0.586423 0.299578 0.107207 0.00373162 0.00306093
 0.738087 0.186327 0.0553367 0.0190451 0.0012041
 0.742607 0.212798 0.032064 0.00917936 0.00335235
 0.298476 0.584316 0.0975546 0.0141391 0.00551434
 0.743121 0.105392 0.126897 0.020473 0.00411682
 0.585836 0.342233 0.0301024 0.0350496 0.00677954
 0.426683 0.399109 0.144804 0.0123182 0.0170859
 0.71795 0.153621 0.0902878 0.0317135 0.00642823
 0.66595 0.269451 0.0357306 0.0203061 0.00856266
 0.353378 0.492775 0.124891 0.0160284 0.0129272
 0.487414 0.238969 0.210113 0.0515691 0.0119351
 0.779461 0.134566 0.0408122 0.0346942 0.0104668
 0.457306 0.463495 0.0489939 0.0143529 0.0158525
 0.662507 0.192302 0.124567 0.0127662 0.0078571
pobs_RECLAS
 0 0 0 0 0
 0 0 0 0 0
 0 0 0 0 0
 0 0 0 0 0
 0 0 0 0 0
 0 0 0 0 0
 0 0 0 0 0
 0 0 0 0 0
 0 0 0 0 0
 0 0 0 0 0
 0.991045 0.00858322 0.000360255 1.14367e-05 0
 0.934742 0.0480273 0.0164251 0.00080598 0
 0.827803 0.169806 0.00239088 0 0
 0.941827 0.0461693 0.0120037 0 0
 0.791401 0.0380133 0.147996 0.0225897 0
 0.846168 0.0940531 0.0597789 0 0
 0.134021 0.677848 0.182769 0.00536245 0
 0.80878 0.0450904 0.141981 0.00414843 0
 0.846168 0.0940531 0.0597789 0 0
 0.905697 0.0802665 0.012482 0.00150086 5.37128e-05
 0.989698 0.0102097 9.19794e-05 0 0
 0.975433 0.0193895 0.00387452 0.00125025 5.28907e-05
 0.303575 0.632131 0.0575291 0.00676475 0
 0.966965 0.00978017 0.0227588 0.000495775 0
 0.843318 0.132988 0.00938335 0.0141283 0.000182051
 0.564624 0.303363 0.111486 0.0197234 0.00080311
 0.826376 0.0876187 0.0782897 0.00655872 0.00115652
 0.89761 0.0855135 0.0140674 0.00269457 0.000114338
 0.34875 0.467042 0.161289 0.0227151 0.000203297
 0.318654 0.224769 0.449479 0.00709798 0
 0.937255 0.0296025 0.0250945 0.00804832 0
 0.456809 0.399803 0.12412 0.0192676 0
 0.883104 0.0372192 0.0704036 0.00927362 0
ppred_RECLAS
 0.591214 0.115591 0.27402 0.0191736 7.2007e-07
 0.526146 0.285783 0.0533234 0.125937 0.00881049
 0.686572 0.171437 0.0858692 0.0159163 0.0402056
 0.802084 0.139501 0.0320507 0.0159461 0.0104181
 0.743033 0.210822 0.0326204 0.007422 0.00610189
 0.81816 0.136611 0.0371308 0.0057255 0.00237325
 0.568976 0.357837 0.055072 0.0148723 0.0032427
 0.566642 0.263594 0.141261 0.0214516 0.00705095
 0.6507 0.201173 0.0901999 0.0482025 0.0097244
 0.81151 0.128061 0.0349545 0.0155156 0.00995873
 0.889066 0.092744 0.0124138 0.0033421 0.00243382
 0.824515 0.156821 0.0156131 0.00208233 0.000968685
 0.780903 0.185122 0.0304011 0.00299056 0.000584012
 0.757419 0.19534 0.0399881 0.00649013 0.000762622
 0.841754 0.126464 0.0256907 0.00515684 0.000934309
 0.960611 0.0340293 0.00429555 0.000860239 0.000203799
 0.525697 0.458004 0.0141036 0.00175983 0.000435645
 0.934517 0.0358496 0.0286217 0.000875098 0.000136172
 0.706943 0.275463 0.00966386 0.00765983 0.000270532
 0.694409 0.223277 0.0774167 0.00269014 0.00220644
 0.817832 0.130764 0.0376493 0.0129362 0.000817799
 0.821685 0.148231 0.0216409 0.00618495 0.00225857
 0.401674 0.500896 0.0811152 0.0117373 0.00457723
 0.82194 0.074377 0.0868759 0.0139935 0.00281364
 0.690261 0.25732 0.0219574 0.0255245 0.00493671
 0.540064 0.32312 0.113755 0.00966133 0.0133996
 0.801839 0.109444 0.0623997 0.0218823 0.00443509
 0.75831 0.196106 0.0252314 0.0143162 0.0060363
 0.462355 0.412664 0.10149 0.0130042 0.0104872
 0.602444 0.188388 0.160683 0.0393733 0.0091117
 0.849017 0.0932513 0.0274294 0.0232794 0.00702248
 0.568792 0.369899 0.0379506 0.0111 0.0122587
 0.757588 0.139952 0.0879267 0.00899635 0.00553644
pobs_PELACES
 0 0 0 0 0
 0 0 0 0 0
 0 0 0 0 0
 0 0 0 0 0
 0 0 0 0 0
 0 0 0 0 0
 0 0 0 0 0
 0 0 0 0 0
 0 0 0 0 0
 0 0 0 0 0
 0 0 0 0 0
 0 0 0 0 0
 0 0 0 0 0
 0 0 0 0 0
 0 0 0 0 0
 0 0 0 0 0
 0.505614 0.472636 0.0217494 0 0
 0 0 0 0 0
 0.443492 0.261883 0.143347 0.151278 0
 0.227955 0.32914 0.350689 0.0885471 0.00366901
 0.970185 0.0296113 0.000203453 0 0
 0.997202 0.00247181 0.000326279 0 0
 0.445219 0.490057 0.0546422 0.010081 0
 0.90214 0.0892962 0.00764917 0.000914606 0
 0 0 0 0 0
 0.581667 0.319106 0.0959925 0.00289975 0.000334073
 0.762889 0.0836404 0.116647 0.0363945 0.000428098
 0.88444 0.0763242 0.0277011 0.0115352 0
 0.521256 0.241999 0.230069 0.00667565 0
 0.616807 0.101726 0.260614 0.0208532 0
 0.833518 0.0704572 0.0857862 0.0102388 0
 0.697417 0.212968 0.0787535 0.0105354 0.000325836
 0 0 0 0 0
ppred_PELACES
 0.426572 0.162408 0.384143 0.0268757 1.00932e-06
 0.368803 0.381329 0.0708562 0.167307 0.0117046
 0.535322 0.254648 0.127027 0.0235399 0.0594628
 0.686379 0.221478 0.0505648 0.0251488 0.0164301
 0.597148 0.330636 0.0510534 0.0116147 0.00954881
 0.701988 0.224099 0.0606801 0.00935483 0.00387758
 0.423146 0.479624 0.0731725 0.019751 0.00430633
 0.399815 0.365288 0.195461 0.0296797 0.00975545
 0.501222 0.288028 0.12835 0.0685672 0.0138325
 0.706066 0.200287 0.0541807 0.024038 0.0154285
 0.80403 0.163891 0.0218939 0.00589376 0.004292
 0.720054 0.250374 0.0247397 0.00329821 0.00153427
 0.659991 0.2876 0.0468968 0.00461147 0.000900534
 0.644821 0.286709 0.0579645 0.00940136 0.00110467
 0.747918 0.201823 0.0406308 0.00815173 0.00147688
 0.930212 0.0603531 0.00756231 0.00151384 0.000358637
 0.368901 0.609506 0.0186852 0.00233095 0.00057702
 0.882892 0.0642423 0.0510622 0.00156083 0.000242873
 0.564413 0.409586 0.0142834 0.0113177 0.000399715
 0.549225 0.329865 0.113719 0.00395038 0.00324003
 0.703536 0.213087 0.0610719 0.0209789 0.00132623
 0.711668 0.23992 0.0348279 0.0099507 0.00363366
 0.25905 0.620639 0.100168 0.0144915 0.00565125
 0.705564 0.123205 0.143478 0.0231069 0.00464601
 0.535954 0.385713 0.0328156 0.0381406 0.00737673
 0.376818 0.438123 0.15387 0.0130666 0.0181224
 0.677534 0.178345 0.101373 0.0355436 0.0072039
 0.618147 0.309989 0.0397803 0.022568 0.00951554
 0.30648 0.532586 0.130688 0.0167434 0.0135026
 0.440507 0.26556 0.225808 0.055322 0.0128024
 0.746224 0.156964 0.0460023 0.0390346 0.0117751
 0.402087 0.513022 0.0525497 0.0153687 0.0169729
 0.620184 0.219613 0.137483 0.0140641 0.00865509
pobs_pel_tallas
 0 0 0 0 0 0 0 0 0 0 0 0 0 0 0 0 0 0 0 0 0 0 0 0 0 0
 0 0 0 0 0 0 0 0 0 0 0 0 0 0 0 0 0 0 0 0 0 0 0 0 0 0
 0 0 0 0 0 0 0 0 0 0 0 0 0 0 0 0 0 0 0 0 0 0 0 0 0 0
 0 0 0 0 0 0 0 0 0 0 0 0 0 0 0 0 0 0 0 0 0 0 0 0 0 0
 0 0 0 0 0 0 0 0 0 0 0 0 0 0 0 0 0 0 0 0 0 0 0 0 0 0
 0 0 0 0 0 0 0 0 0 0 0 0 0 0 0 0 0 0 0 0 0 0 0 0 0 0
 0 0 0 0 0 0 0 0 0 0 0 0 0 0 0 0 0 0 0 0 0 0 0 0 0 0
 0 0 0 0 0 0 0 0 0 0 0 0 0 0 0 0 0 0 0 0 0 0 0 0 0 0
 0 0 0 0 0 0 0 0 0 0 0 0 0 0 0 0 0 0 0 0 0 0 0 0 0 0
 0 0 0 0 0 0 0 0 0 0 0 0 0 0 0 0 0 0 0 0 0 0 0 0 0 0
 0 0 0 0 0 0 0 0 0 0 0 0 0 0 0 0 0 0 0 0 0 0 0 0 0 0
 0 0 0 0 0 0 0 0 0 0 0 0 0 0 0 0 0 0 0 0 0 0 0 0 0 0
 0.00862536 0 0 0.000197151 0.00414017 0.0128641 0.00837892 0.0270097 0.101434 0.158115 0.152841 0.127902 0.109271 0.109419 0.0830992 0.0579132 0.0238553 0.00714673 0.00463305 0.00128148 0.00103504 0.000492878 0.000147863 0.000147863 4.92878e-05 0
 0 0 0 0 0 0 0 0 0 0 0 0 0 0 0 0 0 0 0 0 0 0 0 0 0 0
 0 0 0 0 0 0 0 0.0054083 0.00873648 0.0413646 0.0450493 0.0745869 0.0622846 0.0627006 0.0613931 0.0827291 0.12552 0.122667 0.0946155 0.0697135 0.0546179 0.0294188 0.0215738 0.0213955 0.0102223 0.00600262
 0 0 0 0 0.00359764 0.0251062 0.0480494 0.140153 0.205849 0.193036 0.1447 0.116669 0.0760912 0.0342217 0.00950174 0.001854 0.000860785 0 0 0 0.000165536 0 0.000143464 0 0 0
 0 0 0 0 0 0 0 0.000145254 0.000435761 0.0275982 0.070085 0.0708112 0.156366 0.174668 0.174014 0.160142 0.0824315 0.0480064 0.0283245 0.00493863 0.00203355 0 0 0 0 0
 0 0 0 0 0 0 0 0 0 0 0 0 0 0 0 0 0 0 0 0 0 0 0 0 0 0
 0 0 1.00437e-05 0.000401748 0.00122533 0.00171747 0.00176769 0.0269171 0.070346 0.194647 0.189555 0.159765 0.064822 0.0314167 0.0384472 0.0292271 0.0345202 0.0313363 0.0194345 0.0106764 0.0143323 0.0359363 0.0279516 0.0138201 0.00172751 0
 0 0.0021121 0.0136068 0.0755702 0.200478 0.177729 0.0527432 0.0373336 0.0318909 0.0142505 0.0149659 0.0166563 0.0217959 0.0798694 0.0677717 0.0528807 0.04013 0.0224614 0.0357745 0.0225083 0.00881397 0.00855152 0.00135912 0.000746735 0 0
 0 0 0 0 5.4009e-05 0.00500934 0.000945158 0.0243581 0.138947 0.33067 0.221406 0.137944 0.0707744 0.0437923 0.0131692 0.00525238 0.0047753 0.00276346 9.45158e-05 9.00151e-06 2.25038e-05 9.00151e-06 4.50075e-06 0 0 0
 0.000866109 0.00284123 0.00948549 0.0512746 0.133035 0.25785 0.225252 0.132002 0.0553304 0.0519788 0.0540692 0.017754 0.00435017 0.00159236 0.00146478 0.000404838 0.000125132 0.000115318 0.000107957 0.000100596 0 0 0 0 0 0
 0 0 0 0 0.00144013 0.00171154 0.00461396 0.0210425 0.0478622 0.0707936 0.0888783 0.103762 0.0637923 0.0337046 0.0602308 0.124433 0.169614 0.0934646 0.0462172 0.0250306 0.0313229 0.00938855 0.002487 0.000210481 0 0
 0 0.00764035 0.051015 0.0998891 0.058973 0.0496711 0.0374665 0.0718981 0.12319 0.153886 0.159021 0.0857701 0.0377988 0.023471 0.0147837 0.00900784 0.00315554 0.000888139 0.00291439 0.00214683 0.00393193 0.00274676 0.000635225 9.99891e-05 0 0
 0 0 0 0 0 0 0 0 0 0 0 0 0 0 0 0 0 0 0 0 0 0 0 0 0 0
 0 0 0 0 0 0 0 0 0 0 0 0 0 0 0 0 0 0 0 0 0 0 0 0 0 0
 0 0 0 0 0 0 0 0 0 0 0 0 0 0 0 0 0 0 0 0 0 0 0 0 0 0
 0 0 0 0 0 0 0 0 0 0 0 0 0 0 0 0 0 0 0 0 0 0 0 0 0 0
 0 0 0 0 0 0 0 0 0 0 0 0 0 0 0 0 0 0 0 0 0 0 0 0 0 0
 0 0 0 0 0 0 0 0 0 0 0 0 0 0 0 0 0 0 0 0 0 0 0 0 0 0
 0 0 0 0 0 0 0 0 0 0 0 0 0 0 0 0 0 0 0 0 0 0 0 0 0 0
 0 0 0 0 0 0 0 0 0 0 0 0 0 0 0 0 0 0 0 0 0 0 0 0 0 0
 0 0 0 0 0 0 0 0 0 0 0 0 0 0 0 0 0 0 0 0 0 0 0 0 0 0
ppred_pel_tallas
 1.13823e-16 3.51362e-05 0.000341537 0.00226963 0.0103174 0.0321014 0.0683961 0.0998295 0.0998457 0.0684756 0.03237 0.0111004 0.00426219 0.00478082 0.00872792 0.0150546 0.0232657 0.0325442 0.0419555 0.0508725 0.0589985 0.0658899 0.0705094 0.0714107 0.0675519 0.0590936
 1.20902e-16 3.03779e-05 0.000295284 0.00196227 0.00892021 0.0277543 0.0591348 0.0863167 0.0863535 0.0593149 0.0283591 0.0106683 0.00635499 0.0099017 0.0183277 0.0303996 0.0441628 0.0563897 0.0638822 0.0653548 0.0622639 0.0577778 0.0546793 0.0538202 0.0540813 0.0534942
 1.16155e-16 4.40938e-05 0.000428608 0.00284825 0.0129478 0.0402854 0.0858332 0.125281 0.125306 0.085954 0.0406914 0.0141224 0.00580467 0.00690876 0.0124291 0.0206847 0.0302847 0.0391369 0.0451435 0.0473828 0.0466239 0.0446708 0.0430786 0.0422775 0.0416413 0.0401906
 1.06819e-16 5.65361e-05 0.000549551 0.00365196 0.0166013 0.051653 0.110053 0.16063 0.160651 0.110157 0.052004 0.0176158 0.00620046 0.00611978 0.010656 0.0175825 0.0254569 0.0323057 0.036165 0.0361581 0.0330148 0.0285408 0.0244737 0.0216207 0.0197877 0.0182944
 1.04339e-16 4.91863e-05 0.000478109 0.0031772 0.0144431 0.0449381 0.0957465 0.139751 0.139783 0.0959022 0.0454611 0.0159539 0.00696982 0.00875884 0.01578 0.0260211 0.0375069 0.0472251 0.0521367 0.0508427 0.0444097 0.0356271 0.0273173 0.0210171 0.0167932 0.0139104
 1.03403e-16 5.78219e-05 0.000562049 0.00373502 0.0169789 0.0528276 0.112556 0.164283 0.164304 0.112661 0.053183 0.0180058 0.00631488 0.00620119 0.0107889 0.0178004 0.0257658 0.0326704 0.0364895 0.0362739 0.0326813 0.0274664 0.0223663 0.0182702 0.0151601 0.012596
 1.04944e-16 3.48541e-05 0.000338794 0.00225141 0.0102346 0.0318439 0.0678485 0.0990366 0.0990828 0.0680744 0.0326025 0.0124259 0.00775246 0.0123492 0.0228495 0.037732 0.0543798 0.0684445 0.0755079 0.0735251 0.0640265 0.0510455 0.0386751 0.0291631 0.0226486 0.0181264
 1.10362e-16 3.29323e-05 0.000320114 0.00212727 0.0096703 0.0300881 0.0641071 0.0935736 0.0936091 0.0642804 0.0306705 0.0113555 0.00636844 0.00961533 0.0177939 0.0296458 0.0433582 0.0558926 0.064127 0.0665598 0.0640683 0.0590343 0.0536152 0.0486057 0.0435914 0.0378892
 1.12995e-16 4.12851e-05 0.000401305 0.00266682 0.012123 0.0377192 0.0803659 0.117302 0.11733 0.0805024 0.038178 0.0134502 0.00600631 0.00771811 0.0140164 0.0233168 0.0340846 0.0439314 0.0504511 0.0525673 0.0511217 0.0481362 0.0453665 0.0433217 0.041363 0.0385185
 1.06637e-16 5.81577e-05 0.000565314 0.00375671 0.0170775 0.0531345 0.113209 0.165236 0.165256 0.113304 0.0534522 0.0179959 0.00606453 0.00561169 0.0096672 0.0159567 0.0231413 0.0294481 0.0331165 0.0333584 0.0308173 0.0270848 0.0236731 0.0212541 0.0196162 0.0181447
 1.01992e-16 6.62269e-05 0.000643749 0.00427794 0.0194469 0.0605066 0.128916 0.18816 0.188176 0.128994 0.0607658 0.0201954 0.00615665 0.00474485 0.0078546 0.0128796 0.0185458 0.0233199 0.0256877 0.0249545 0.0216563 0.017192 0.0129828 0.00981113 0.00772077 0.00634418
 1.01369e-16 5.93099e-05 0.000576514 0.00383114 0.0174158 0.0541872 0.115452 0.168511 0.168535 0.11557 0.0545827 0.018558 0.00669732 0.00683036 0.0119275 0.0196007 0.0281731 0.0353075 0.0386611 0.0371486 0.0315875 0.0241492 0.017077 0.0116639 0.00807535 0.00582092
 1.02042e-16 5.43626e-05 0.000528424 0.00351157 0.0159631 0.0496672 0.105822 0.154457 0.154484 0.105958 0.0501222 0.0172772 0.00681051 0.00773107 0.0137363 0.0226297 0.0326079 0.041031 0.0452357 0.0439768 0.0381488 0.0301517 0.0224382 0.0163837 0.012129 0.00914488
 1.02876e-16 5.31131e-05 0.000516278 0.00343085 0.0155962 0.0485256 0.10339 0.150906 0.150934 0.103525 0.0489795 0.0169076 0.00672402 0.00770944 0.0137263 0.0226393 0.0326792 0.0412416 0.0456976 0.0448171 0.0394739 0.0320049 0.0247688 0.0190442 0.0149044 0.0118043
 1.02292e-16 6.1605e-05 0.000598823 0.00397939 0.0180897 0.056284 0.11992 0.17503 0.17505 0.120015 0.0566036 0.0190129 0.00629767 0.00566268 0.00968765 0.0159412 0.0230113 0.0290479 0.0322027 0.0316145 0.0279032 0.0227159 0.0177103 0.0137767 0.0109511 0.00883208
 1.00447e-16 7.66204e-05 0.000744777 0.00494931 0.0224988 0.0700022 0.149147 0.217686 0.217692 0.149176 0.0700976 0.0227744 0.00564084 0.00225411 0.00294226 0.00474058 0.00681601 0.00855919 0.00940527 0.0090941 0.00782009 0.00609864 0.00445814 0.00319698 0.0023455 0.0017831
 1.01027e-16 3.0386e-05 0.000295363 0.00196279 0.0089226 0.0277618 0.0591517 0.0863459 0.0864046 0.0594381 0.0287233 0.0116983 0.00892468 0.0154751 0.0288059 0.0474333 0.0679961 0.08481 0.0921015 0.0872072 0.0721971 0.0525601 0.0340462 0.0200872 0.0112584 0.0063623
 1.01688e-16 7.27226e-05 0.00070689 0.00469753 0.0213543 0.0664412 0.14156 0.206613 0.206619 0.141591 0.0665441 0.0216524 0.00544894 0.00235736 0.00323687 0.00531289 0.00782409 0.0102064 0.0119219 0.0126964 0.0126353 0.0120706 0.0112811 0.0103335 0.00914825 0.00767477
 1.0172e-16 4.64901e-05 0.0004519 0.00300304 0.0136514 0.0424748 0.0904984 0.132093 0.132133 0.090691 0.043121 0.0155171 0.00768292 0.0106571 0.0193959 0.0319076 0.0457633 0.0571384 0.0621722 0.0590956 0.0493116 0.0365008 0.0244908 0.0155237 0.00990832 0.00677067
 1.04311e-16 4.5239e-05 0.00043974 0.00292223 0.013284 0.0413317 0.0880628 0.128537 0.128569 0.0882187 0.0418555 0.014798 0.00672732 0.00876203 0.0158966 0.0263272 0.0381939 0.0485913 0.0545549 0.0546632 0.0498046 0.0424342 0.0349729 0.0286486 0.0234607 0.018899
 1.04146e-16 5.79494e-05 0.000563289 0.00374325 0.0170163 0.0529441 0.112804 0.164645 0.164665 0.112904 0.0532822 0.0179934 0.00619853 0.00593179 0.0102791 0.0169685 0.0245953 0.0312607 0.0350629 0.0351198 0.0320628 0.0275399 0.0231497 0.0196587 0.0169651 0.0145881
 1.0268e-16 5.86192e-05 0.000569799 0.00378652 0.017213 0.0535561 0.114108 0.166548 0.166572 0.114221 0.0539355 0.018309 0.00653774 0.00657618 0.0114672 0.0188684 0.0271838 0.0342038 0.0377157 0.0366999 0.0319299 0.025435 0.019274 0.0145769 0.0114077 0.00924694
 1.05459e-16 2.13377e-05 0.00020741 0.00137832 0.00626567 0.0194951 0.0415387 0.0606394 0.0606993 0.041831 0.0204769 0.0091016 0.00849768 0.0157515 0.0295495 0.0488355 0.0703873 0.0885924 0.0977226 0.0951088 0.0827008 0.0656896 0.0493636 0.0366604 0.0278282 0.0216573
 1.07276e-16 5.81164e-05 0.000564912 0.00375404 0.0170653 0.0530966 0.113128 0.165117 0.165129 0.113188 0.0532957 0.0176428 0.00521343 0.00378315 0.00626512 0.0105136 0.0157187 0.0209769 0.0253726 0.0284359 0.0303052 0.031397 0.0318937 0.0315335 0.0298651 0.0266869
 1.06119e-16 4.41459e-05 0.000429114 0.00285161 0.012963 0.0403331 0.0859352 0.125433 0.12547 0.0861167 0.0409425 0.0147231 0.00726857 0.0100683 0.0183424 0.0302338 0.0435077 0.0546405 0.0600881 0.0582598 0.050494 0.0401739 0.0307057 0.0239148 0.0197883 0.017273
 1.0893e-16 3.10381e-05 0.000301701 0.00200491 0.00911407 0.0283575 0.0604202 0.0881939 0.0882363 0.0606273 0.0290533 0.0111257 0.00706128 0.0113627 0.0211051 0.035017 0.0508479 0.0647919 0.0729557 0.0734991 0.0676428 0.0586593 0.0497249 0.0423681 0.0364327 0.0310658
 1.07755e-16 5.58076e-05 0.00054247 0.00360491 0.0163874 0.0509873 0.108635 0.158559 0.158576 0.108719 0.0512721 0.0172114 0.00567978 0.00509315 0.00876096 0.0145601 0.0213573 0.0276784 0.0320488 0.0337857 0.0333441 0.031863 0.0303024 0.028892 0.0272394 0.0248448
 1.05101e-16 5.0916e-05 0.000494922 0.00328893 0.014951 0.0465183 0.0991134 0.144665 0.144695 0.0992594 0.0470085 0.0163669 0.00684296 0.00825372 0.0147876 0.0243709 0.035116 0.0441964 0.0487733 0.0475603 0.0415972 0.0335417 0.0260632 0.0205839 0.0170959 0.0148045
 1.07872e-16 2.52445e-05 0.000245385 0.00163067 0.00741284 0.0230644 0.049143 0.0717364 0.0717878 0.0493943 0.0239084 0.00985172 0.00775678 0.0136325 0.0254903 0.042206 0.0610418 0.0772717 0.086068 0.0851723 0.0761812 0.0633404 0.0508813 0.041013 0.0337425 0.0280023
 1.14299e-16 3.62841e-05 0.000352694 0.00234378 0.0106545 0.0331502 0.0706309 0.103093 0.103119 0.0707577 0.0335766 0.0118901 0.00546033 0.00720622 0.0131997 0.0221506 0.0328108 0.0431634 0.0511331 0.0557188 0.0574311 0.0575933 0.0571346 0.0559399 0.0531964 0.0482562
 1.07276e-16 6.14655e-05 0.000597467 0.00397038 0.0180488 0.0561565 0.119648 0.174633 0.174648 0.119722 0.0564058 0.0187695 0.00578213 0.00456159 0.00761734 0.0125694 0.0182794 0.0233781 0.0265271 0.0271508 0.0257777 0.023638 0.0218419 0.0207847 0.0201414 0.01929
 1.06062e-16 3.31194e-05 0.000321933 0.00213936 0.00972525 0.0302591 0.0644721 0.0941092 0.0941587 0.0647135 0.0310698 0.0120663 0.00801445 0.0131429 0.0243698 0.0402033 0.0578374 0.0725831 0.0796873 0.0769766 0.0661697 0.0517328 0.0382277 0.0282028 0.021838 0.0179458
 1.06899e-16 5.10838e-05 0.000496553 0.00329977 0.0150003 0.0466716 0.0994395 0.145139 0.145161 0.0995438 0.0470224 0.0160156 0.0058565 0.00610467 0.0107803 0.0179456 0.0263223 0.0340928 0.0394051 0.0413562 0.0404273 0.0379549 0.0351136 0.0322767 0.029153 0.0253704
pSPR Fmed_Fpbrs
0.579571   0.255954 0.255954
Fs Fmed_Fpbrs
0.34   1.005 1.005
SSBpbr Bo_Bmed_Bpbrs
1.19744e+06  634131  246618 246618
Ro
129924
SPR SPRFo_SPRFmed_SPRFpbrs
936014 542487 239577
Fref
1.005
Nvult_r0
 117491 24798.5 15736.7 1610.99 991.449
CTP_r0
 45345.2 12237.7 7881.46 807.47 496.96
YTP_r0
787966
Np
 141409 27747.2 5909.92 994.429 703.962
Nvult_p0
 113662 23894.2 5112.77 860.508 609.165
CTP_p0
 43867.2 18086.4 3194.32 1998.11 256.122
 43867.2 11791.5 2560.64 431.308 305.342
YTP_p0
 794863 622427
CBA_c0
790035
log_Ro
11.5947
likeval ReclasPelacesDesembMPH_pf_preclas_ppelaces_ptallas_desvR_qrecl_qpela
 13.7691 17.649 0.0272201 0.00366412 232.042 134.712 114.954 0 22.4351 8.33237e-06 4.42047e-05 0.129141 0 0 0
q_reclas_q_pelaces
1.50415 2.56065
M
1
N
 164947 33580.8 79877.8 5590.18 0.209943
 89484.3 52382.3 9835.52 23237 1625.68
 93291.5 25076.6 12638.3 2343.37 5919.61
 134709 26253.3 6089.7 3031.38 1980.54
 111257 32764.4 5085.49 1157.28 951.45
 199968 35748.1 9772.22 1507.33 624.805
 77946 57396.7 8951.33 2419.06 527.464
 33797.9 16160.6 8680.59 1318.38 433.342
 32567.8 11250.7 5091.75 2722.39 549.231
 43142.2 8002.87 2214.27 983.596 631.349
 81595.3 8816.96 1183.65 318.719 232.103
 121177 26408.2 2659.42 354.911 165.107
 100891 27178.6 4511.53 444.058 86.7207
 72207.6 23320.7 4865.06 790.418 92.883
 66306.1 11724.3 2414.57 485.031 87.8808
 333296 13490.9 1722.15 345.092 81.7585
 79963.6 75512.2 2341.08 292.225 72.3418
 527983 21947.5 17641.1 539.568 83.9622
 334172 145065 5135.59 4072.61 143.841
 232775 83009 29033.1 1009.34 827.879
 338552 58774.3 17039.5 5856.92 370.269
 461872 92344.4 13598.8 3888.34 1419.95
 88220.3 116917 19030.6 2754.47 1074.19
 272291 26011.7 30521.6 4917.47 988.759
 209141 82255.3 7050.57 8197.99 1585.6
 101329 63324.1 22375.2 1900.72 2636.19
 220604 31817.6 18225.1 6392.75 1295.7
 245063 66413.7 8578.58 4868.49 2052.78
 81801.7 76042.6 18765.8 2404.96 1939.5
 78506.3 25954.8 22241.7 5451.4 1261.57
 201111 23589.2 6977.08 5923.25 1786.84
 87017.5 58261.1 5992.06 1752.83 1935.81
 146173 28797.3 18190.3 1861.71 1145.74
pred_Ctot
 14431.2 4408.04 10768.6 754.706 0.0283456
 13777.8 11791.3 2269 5367.65 375.552
 14166.3 5571.76 2878.07 534.345 1349.91
 29836.5 8271.65 1962.03 977.834 638.904
 9001.3 3987.21 635.726 144.877 119.118
 28347 7444.63 2086.47 322.258 133.589
 22517.6 22925.3 3647.91 986.887 215.198
 2049.09 1485.09 819.953 124.715 40.9961
 7062.58 3477.31 1609.52 861.589 173.833
 12707.5 3251.19 917.641 408.054 261.936
 6266.64 1020.13 140.696 37.9398 27.6313
 31115.9 9504.92 977.668 130.621 60.7693
 24610.8 9343.19 1584.79 156.166 30.4996
 27212 11687.5 2480.31 403.338 47.399
 19645.4 4787.5 1005.73 202.242 36.6453
 84161 4783.58 623.791 125.14 29.6496
 13143.9 18071.4 573.99 71.7406 17.761
 86515.6 5237.11 4312.73 132.079 20.5542
 70821.4 43906 1589.97 1262.4 44.5897
 47580.4 24306.7 8698.4 302.771 248.354
 56693.7 14312.1 4250.51 1462.89 92.4888
 93864.5 26897.3 4052.85 1160.26 423.732
 11271.8 22066.4 3684.1 533.956 208.246
 31281.1 4436.41 5341.61 861.795 173.294
 23768.2 13884.9 1221.3 1422.01 275.056
 9502.59 8888.5 3224.92 274.336 380.518
 25748.5 5509.45 3238.08 1137.37 230.542
 24586.1 9947.79 1319.13 749.678 316.123
 7197.26 10036.4 2543.67 326.451 263.289
 9243.78 4532.03 3984.78 978.005 226.348
 27547.9 4755.86 1442.39 1226.17 369.919
 5571.67 5647.07 596.926 174.872 193.141
 19639.2 5700.57 3692.65 378.438 232.914
F
 0.147056 0.227956 0.234753 0.235122 0.235141
 0.272129 0.421833 0.434411 0.435094 0.43513
 0.267937 0.415335 0.427719 0.428391 0.428426
 0.413775 0.641402 0.660527 0.661565 0.66162
 0.135343 0.209799 0.216054 0.216394 0.216412
 0.24817 0.384694 0.396164 0.396787 0.39682
 0.573437 0.888897 0.915402 0.91684 0.916916
 0.0999651 0.154958 0.159579 0.159829 0.159843
 0.403523 0.62551 0.644161 0.645174 0.645227
 0.587824 0.9112 0.938369 0.939844 0.939922
 0.128098 0.198568 0.204489 0.20481 0.204827
 0.494824 0.767038 0.789909 0.79115 0.791216
 0.464705 0.72035 0.741829 0.742995 0.743056
 0.817883 1.26782 1.30562 1.30767 1.30778
 0.592269 0.918089 0.945464 0.94695 0.947029
 0.484736 0.7514 0.773805 0.775021 0.775085
 0.292919 0.454061 0.4676 0.468335 0.468373
 0.291885 0.452458 0.465949 0.466681 0.46672
 0.392707 0.608744 0.626895 0.62788 0.627932
 0.376368 0.583416 0.600812 0.601756 0.601806
 0.299153 0.463724 0.477551 0.478301 0.478341
 0.373827 0.579477 0.596756 0.597694 0.597743
 0.22129 0.343027 0.353255 0.35381 0.353839
 0.197041 0.305438 0.314545 0.31504 0.315066
 0.194744 0.301877 0.310878 0.311366 0.311392
 0.158353 0.245467 0.252786 0.253184 0.253205
 0.200468 0.31075 0.320016 0.320519 0.320545
 0.170223 0.263866 0.271734 0.272161 0.272184
 0.147941 0.229326 0.236164 0.236535 0.236555
 0.202389 0.313728 0.323082 0.32359 0.323617
 0.23892 0.370356 0.381399 0.381998 0.38203
 0.105828 0.164046 0.168937 0.169203 0.169217
 0.233873 0.362532 0.373342 0.373929 0.37396
YTP_r0W_actual
 341903 213549 189707 25290 17517.8
YTP_p0W_proyectada
 330759 315608 76887.2 62580.7 9028.3
 330759 205761 61634.6 13508.6 10763.3
CTP_r0_actual
 45345.2 12237.7 7881.46 807.47 496.96
CTP_p0_proyectada
 43867.2 18086.4 3194.32 1998.11 256.122
 43867.2 11791.5 2560.64 431.308 305.342
Wmedp
 7.54 17.45 24.07 31.32 35.25
Frms_r0
 0.628521 0.974285 1.00334 1.00491 1.005
Zrms_r0
 1.62852 1.97428 2.00334 2.00491 2.005
nmprior
 7.29 8.9 8.7 0
nm_flota  nm_reclas  nm_pelaces    nm_pelaL
inf 14.1906 7.44693 16.6252
cv_recla  cv_pelaces  cv_mph
0.321354 0.460205 1.61779
 ------------------------------------------------
Talla a la edad & desviaci?n 
 8 13.2811 15.8009 17.003 17.5766
 0.8 1.32811 1.58009 1.7003 1.75766
