years
 1991 1992 1993 1994 1995 1996 1997 1998 1999 2000 2001 2002 2003 2004 2005 2006 2007 2008 2009 2010 2011 2012 2013 2014 2015 2016 2017 2018 2019 2020 2021
reclasobs
 0 0 0 0 0 0 0 0 0 252601 567819 844713 477998 351125 339783 2.1784e+06 2.13404e+06 4.81314e+06 1.55562e+06 2.62356e+06 3.21686e+06 3.843e+06 1.13348e+06 3.07943e+06 1.97215e+06 2.03268e+06 2.025e+06 2.42433e+06 2.27542e+06 1.05018e+06 2.36338e+06
reclaspred
 4.25041e+06 2.86373e+06 2.01488e+06 2.09444e+06 2.17048e+06 2.48993e+06 2.08306e+06 2.92876e+06 3.06241e+06 3.2521e+06 2.38155e+06 2.39465e+06 2.20969e+06 2.0693e+06 2.13572e+06 2.18106e+06 2.27471e+06 2.63311e+06 1.52078e+06 1.123e+06 1.79783e+06 1.13048e+06 1.41881e+06 2.12864e+06 1.88158e+06 2.26446e+06 2.43572e+06 2.03903e+06 2.44053e+06 2.54801e+06 2.57871e+06
pelacesobs
 0 0 0 0 0 0 0 0 0 0 0 0 0 0 0 552880 188675 0 991730 2.46772e+06 1.41603e+06 1.21717e+06 2.29649e+06 1.80582e+06 0 1.4828e+06 1.56532e+06 1.57751e+06 1.42118e+06 867257 1.10002e+06
pelacespred
 2.08705e+06 1.49441e+06 1.02043e+06 911502 1.02033e+06 1.15382e+06 982530 1.5146e+06 1.67736e+06 1.66576e+06 1.36431e+06 1.14969e+06 1.1175e+06 1.14184e+06 1.1838e+06 1.03719e+06 1.0384e+06 1.14178e+06 750060 488779 709252 501015 654389 1.04729e+06 942406 1.10512e+06 1.32032e+06 1.11272e+06 1.1123e+06 1.26542e+06 1.25849e+06
mphobs
 0 0 0 0 0 0 0 0 0 0 0 0 498337 0 5186 125008 0 168611 109162 213762 579715 649985 157893 87575 83554 210694 70296 0 107559 103333 445601
mphpred
 4.05482e+06 2.8524e+06 1.93961e+06 1.54402e+06 1.7196e+06 1.84974e+06 1.89012e+06 1.7285e+06 2.42562e+06 2.76469e+06 2.22291e+06 2.00678e+06 1.82583e+06 1.61156e+06 1.55175e+06 1.9192e+06 1.66043e+06 2.06355e+06 1.55428e+06 926077 1.09696e+06 1.14105e+06 791449 1.34439e+06 1.7148e+06 1.50277e+06 1.89194e+06 1.68457e+06 1.93741e+06 1.91056e+06 2.02747e+06
desembarqueobs
 494567 514787 250237 358949 120608 361735 552515 73892 212993 205616 52469 317467 293654 387597 252695 516296 358380 742168 942051 627588 828172 859565 418607 520667 417249 300574 415391 372974 316634 284311 391294
desembarquepred
 494535 505371 260740 358707 120533 361479 552105 73849.4 212898 205533 52440.9 317381 293565 387503 252585 516002 358086 740885 938851 625727 826363 857085 418171 520232 416913 300372 415114 372672 316434 284173 391081
Reclutas
 320968 320968 320968 320968 320968 320968 320968 320968 320968 320968 320968 320968 320968 320968 320968 320968 320968 320968 320968 320968 320968 320968 320968 320968 320968 320968 320968 320968 320968 320968 320968
log_desv_Rt
 0 0 0 0 0 0 0 0 0 0 0 0 0 0 0 0 0 0 0 0 0 0 0 0 0 0 0 0 0 0 0
SSB
 4.05482e+06 2.8524e+06 1.93961e+06 1.54402e+06 1.7196e+06 1.84974e+06 1.89012e+06 1.7285e+06 2.42562e+06 2.76469e+06 2.22291e+06 2.00678e+06 1.82583e+06 1.61156e+06 1.55175e+06 1.9192e+06 1.66043e+06 2.06355e+06 1.55428e+06 926077 1.09696e+06 1.14105e+06 791449 1.34439e+06 1.7148e+06 1.50277e+06 1.89194e+06 1.68457e+06 1.93741e+06 1.91056e+06 2.02747e+06
BT
 5.61369e+06 4.3688e+06 2.83493e+06 2.85458e+06 2.8376e+06 3.63135e+06 3.14282e+06 5.02127e+06 5.18786e+06 4.72024e+06 3.74082e+06 3.3979e+06 3.43813e+06 3.96772e+06 4.00458e+06 3.2969e+06 3.31163e+06 3.84211e+06 3.18372e+06 2.04632e+06 2.95085e+06 2.29626e+06 2.60786e+06 3.94794e+06 2.97951e+06 3.72527e+06 4.49304e+06 3.73355e+06 3.28175e+06 3.98161e+06 3.97534e+06
Ftot
 0.110646 0.167034 0.122948 0.162266 0.0530714 0.137837 0.249206 0.0241548 0.0663943 0.0603615 0.0210955 0.125924 0.126247 0.177364 0.112601 0.222955 0.149386 0.264153 0.563747 0.512924 0.426064 0.683766 0.277389 0.230655 0.209127 0.126133 0.161589 0.173216 0.123221 0.106173 0.143975
BD_Bspro_t
 0.982452 0.884957 0.802968 0.788692 0.791474 0.837034 0.80459 0.753038 0.860034 0.890286 0.893021 0.914895 0.858542 0.817973 0.801651 0.815472 0.741247 0.773473 0.660403 0.511273 0.502495 0.494485 0.438894 0.602821 0.682895 0.702888 0.781331 0.781416 0.797921 0.79885 0.818821
BD_Bspro
 1.76991 1.24506 0.846634 0.673957 0.7506 0.807404 0.825029 0.754483 1.05877 1.20678 0.970293 0.87595 0.796969 0.703441 0.677332 0.837725 0.72477 0.900731 0.678439 0.404229 0.478818 0.498064 0.345464 0.586822 0.748501 0.655953 0.825823 0.73531 0.845674 0.833952 0.88498
BD_Bo
 1.20938 0.850752 0.578505 0.460515 0.512886 0.5517 0.563743 0.515539 0.723462 0.824591 0.663002 0.598537 0.54457 0.480662 0.462822 0.572418 0.495236 0.615471 0.463578 0.27621 0.327176 0.340327 0.236056 0.400976 0.511452 0.448213 0.564285 0.502438 0.57785 0.56984 0.604708
BD_Brms
 5.13857 3.61478 2.45802 1.95669 2.17921 2.34413 2.3953 2.19048 3.07393 3.50362 2.81704 2.54314 2.31383 2.0423 1.96649 2.43216 2.10422 2.61509 1.9697 1.17359 1.39015 1.44602 1.00298 1.70372 2.17312 1.90442 2.3976 2.13482 2.45524 2.42121 2.56936
Sel_flota
 0.5 1 1 1 1
 0.5 1 1 1 1
 0.5 1 1 1 1
 0.5 1 1 1 1
 0.5 1 1 1 1
 0.5 1 1 1 1
 0.5 1 1 1 1
 0.5 1 1 1 1
 0.5 1 1 1 1
 0.5 1 1 1 1
 0.5 1 1 1 1
 0.5 1 1 1 1
 0.5 1 1 1 1
 0.5 1 1 1 1
 0.5 1 1 1 1
 0.5 1 1 1 1
 0.5 1 1 1 1
 0.5 1 1 1 1
 0.5 1 1 1 1
 0.5 1 1 1 1
 0.5 1 1 1 1
 0.5 1 1 1 1
 0.5 1 1 1 1
 0.5 1 1 1 1
 0.5 1 1 1 1
 0.5 1 1 1 1
 0.5 1 1 1 1
 0.5 1 1 1 1
 0.5 1 1 1 1
 0.5 1 1 1 1
 0.5 1 1 1 1
Sel_reclas
 0.5 1 1 1 1
 0.5 1 1 1 1
 0.5 1 1 1 1
 0.5 1 1 1 1
 0.5 1 1 1 1
 0.5 1 1 1 1
 0.5 1 1 1 1
 0.5 1 1 1 1
 0.5 1 1 1 1
 0.5 1 1 1 1
 0.5 1 1 1 1
 0.5 1 1 1 1
 0.5 1 1 1 1
 0.5 1 1 1 1
 0.5 1 1 1 1
 0.5 1 1 1 1
 0.5 1 1 1 1
 0.5 1 1 1 1
 0.5 1 1 1 1
 0.5 1 1 1 1
 0.5 1 1 1 1
 0.5 1 1 1 1
 0.5 1 1 1 1
 0.5 1 1 1 1
 0.5 1 1 1 1
 0.5 1 1 1 1
 0.5 1 1 1 1
 0.5 1 1 1 1
 0.5 1 1 1 1
 0.5 1 1 1 1
 0.5 1 1 1 1
Sel_pelaces
 0.5 1 1 1 1
 0.5 1 1 1 1
 0.5 1 1 1 1
 0.5 1 1 1 1
 0.5 1 1 1 1
 0.5 1 1 1 1
 0.5 1 1 1 1
 0.5 1 1 1 1
 0.5 1 1 1 1
 0.5 1 1 1 1
 0.5 1 1 1 1
 0.5 1 1 1 1
 0.5 1 1 1 1
 0.5 1 1 1 1
 0.5 1 1 1 1
 0.5 1 1 1 1
 0.5 1 1 1 1
 0.5 1 1 1 1
 0.5 1 1 1 1
 0.5 1 1 1 1
 0.5 1 1 1 1
 0.5 1 1 1 1
 0.5 1 1 1 1
 0.5 1 1 1 1
 0.5 1 1 1 1
 0.5 1 1 1 1
 0.5 1 1 1 1
 0.5 1 1 1 1
 0.5 1 1 1 1
 0.5 1 1 1 1
 0.5 1 1 1 1
pf_obs 
 0.8446 0.082 0.0669 0.0065 0
 0.8095 0.147 0.0364 0.0071 0
 0.9664 0.0169 0.016 0.0007 0
 0.9276 0.0648 0.0075 0.0001 0
 0.7033 0.2144 0.0806 0.0017 0
 0.9318 0.0425 0.0243 0.0014 0
 0.5671 0.3108 0.0964 0.0239 0.0018
 0.0768 0.2599 0.5324 0.112 0.0189
 0.490249 0.384438 0.106611 0.0170017 0.00170017
 0.7925 0.1577 0.0466 0.003 0.0002
 0.840416 0.127587 0.0312969 0.00059994 9.999e-05
 0.8084 0.0986 0.0794 0.0134 0.0002
 0.7335 0.1905 0.0724 0.0035 0.0001
 0.4001 0.4547 0.1325 0.0127 0
 0.49795 0.308269 0.164784 0.0264974 0.00249975
 0.9179 0.0499 0.0305 0.0017 0
 0.2467 0.6533 0.0926 0.0074 0
 0.9418 0.0223 0.034 0.0019 0
 0.707729 0.231977 0.0356964 0.0245975 0
 0.517169 0.277429 0.184464 0.0207286 0.00020938
 0.811772 0.124168 0.05621 0.00726502 0.000585176
 0.764997 0.148141 0.077277 0.00933861 0.000247198
 0.163321 0.427699 0.378323 0.0303852 0.000271297
 0.753843 0.0900009 0.118128 0.0371064 0.000921714
 0.721811 0.176058 0.0630433 0.0369309 0.00215725
 0.143369 0.312575 0.442814 0.0836902 0.0175525
 0.692698 0.0596174 0.167031 0.0765114 0.00414204
 0.394062 0.376323 0.152708 0.0712218 0.00568511
 0.125707 0.32114 0.495352 0.0537591 0.00404204
 0.23352 0.215282 0.420074 0.123614 0.00750983
 0.796117 0.104755 0.0508955 0.0450114 0.00322123
pf_pred 
 0.426339 0.0447645 0.467462 0.0353805 0.026054
 0.473711 0.318727 0.0161967 0.169137 0.0222283
 0.4978 0.328513 0.105187 0.00534528 0.0631549
 0.501264 0.335516 0.10677 0.0341868 0.0222633
 0.502726 0.337326 0.107602 0.034242 0.0181039
 0.491227 0.342157 0.113024 0.0360531 0.017539
 0.505604 0.330209 0.110418 0.0364741 0.0172948
 0.515557 0.333206 0.101012 0.0337771 0.0164481
 0.487448 0.349501 0.112149 0.0339981 0.0169045
 0.484188 0.34033 0.119658 0.0383963 0.0174275
 0.480144 0.341264 0.117834 0.0414299 0.0193281
 0.4782 0.339264 0.119827 0.0413748 0.0213338
 0.493318 0.332096 0.113513 0.0400924 0.0209814
 0.501033 0.333804 0.108253 0.0370015 0.0199081
 0.507941 0.334177 0.105622 0.0342532 0.0180073
 0.505998 0.336381 0.107046 0.0338337 0.0167405
 0.518153 0.330755 0.102884 0.0327406 0.0154683
 0.516661 0.334516 0.102157 0.0317767 0.0148899
 0.546931 0.316332 0.0946346 0.0289003 0.013202
 0.596146 0.299529 0.0728397 0.0217909 0.00969462
 0.596952 0.312554 0.0671172 0.0163216 0.00705514
 0.596167 0.311444 0.0716451 0.015385 0.00535854
 0.613583 0.303343 0.0640683 0.0147384 0.00426722
 0.559145 0.341798 0.0777612 0.0164237 0.00487204
 0.537731 0.337903 0.0964222 0.0219366 0.00600759
 0.524488 0.3387 0.100005 0.028537 0.00827034
 0.51013 0.340953 0.106072 0.0313189 0.0115271
 0.511518 0.335096 0.106757 0.0332125 0.0134157
 0.511177 0.336282 0.104642 0.0333376 0.0145608
 0.502785 0.340305 0.107945 0.0335897 0.0153752
 0.499469 0.338366 0.110989 0.0352059 0.0159697
pobs_RECLAS
 0 0 0 0 0
 0 0 0 0 0
 0 0 0 0 0
 0 0 0 0 0
 0 0 0 0 0
 0 0 0 0 0
 0 0 0 0 0
 0 0 0 0 0
 0 0 0 0 0
 0 0 0 0 0
 0.991045 0.00858322 0.000360255 1.14367e-05 0
 0.934742 0.0480273 0.0164251 0.00080598 0
 0.827803 0.169806 0.00239088 0 0
 0.941827 0.0461693 0.0120037 0 0
 0.791401 0.0380133 0.147996 0.0225897 0
 0.846168 0.0940531 0.0597789 0 0
 0.134021 0.677848 0.182769 0.00536245 0
 0.80878 0.0450904 0.141981 0.00414843 0
 0.846168 0.0940531 0.0597789 0 0
 0.905697 0.0802665 0.012482 0.00150086 5.37128e-05
 0.989698 0.0102097 9.19794e-05 0 0
 0.975433 0.0193895 0.00387452 0.00125025 5.28907e-05
 0.303575 0.632131 0.0575291 0.00676475 0
 0.966965 0.00978017 0.0227588 0.000495775 0
 0.843318 0.132988 0.00938335 0.0141283 0.000182051
 0.564624 0.303363 0.111486 0.0197234 0.00080311
 0.826376 0.0876187 0.0782897 0.00655872 0.00115652
 0.89761 0.0855135 0.0140674 0.00269457 0.000114338
 0.34875 0.467042 0.161289 0.0227151 0.000203297
 0.318654 0.224769 0.449479 0.00709798 0
 0.937255 0.0296025 0.0250945 0.00804832 0
ppred_RECLAS
 0.427537 0.044671 0.466486 0.0353066 0.0259996
 0.475624 0.317568 0.0161379 0.168523 0.0221475
 0.499171 0.327616 0.1049 0.00533068 0.0629824
 0.503121 0.334266 0.106373 0.0340595 0.0221803
 0.50329 0.336943 0.10748 0.0342031 0.0180834
 0.492779 0.341113 0.112679 0.0359431 0.0174854
 0.508615 0.328198 0.109745 0.036252 0.0171895
 0.515809 0.333033 0.100959 0.0337596 0.0164395
 0.48816 0.349015 0.111993 0.0339508 0.016881
 0.484833 0.339904 0.119509 0.0383483 0.0174057
 0.480363 0.34112 0.117784 0.0414125 0.01932
 0.479605 0.33835 0.119504 0.0412634 0.0212764
 0.494729 0.331171 0.113196 0.0399807 0.0209229
 0.503083 0.332433 0.107808 0.0368495 0.0198263
 0.509188 0.33333 0.105354 0.0341664 0.0179616
 0.508649 0.334576 0.106472 0.0336522 0.0166507
 0.519846 0.329592 0.102522 0.0326256 0.015414
 0.519877 0.33229 0.101477 0.0315653 0.0147908
 0.554931 0.310747 0.0929636 0.02839 0.0129689
 0.603032 0.294422 0.0715977 0.0214193 0.00952932
 0.602418 0.308315 0.066207 0.0161003 0.00695947
 0.606123 0.303766 0.0698789 0.0150057 0.00522644
 0.61681 0.30081 0.0635332 0.0146153 0.00423159
 0.56186 0.339693 0.0772823 0.0163226 0.00484203
 0.540181 0.336111 0.095911 0.0218204 0.00597575
 0.525894 0.337698 0.0997094 0.0284526 0.00824587
 0.511978 0.339667 0.105671 0.0312008 0.0114836
 0.513514 0.333728 0.106321 0.0330769 0.0133609
 0.512551 0.335337 0.104348 0.0332439 0.0145199
 0.503956 0.339503 0.107691 0.0335106 0.015339
 0.501098 0.337265 0.110628 0.0350913 0.0159178
pobs_PELACES
 0 0 0 0 0
 0 0 0 0 0
 0 0 0 0 0
 0 0 0 0 0
 0 0 0 0 0
 0 0 0 0 0
 0 0 0 0 0
 0 0 0 0 0
 0 0 0 0 0
 0 0 0 0 0
 0 0 0 0 0
 0 0 0 0 0
 0 0 0 0 0
 0 0 0 0 0
 0 0 0 0 0
 0 0 0 0 0
 0.505614 0.472636 0.0217494 0 0
 0 0 0 0 0
 0.443492 0.261883 0.143347 0.151278 0
 0.227955 0.32914 0.350689 0.0885471 0.00366901
 0.970185 0.0296113 0.000203453 0 0
 0.997202 0.00247181 0.000326279 0 0
 0.445219 0.490057 0.0546422 0.010081 0
 0.90214 0.0892962 0.00764917 0.000914606 0
 0 0 0 0 0
 0.581667 0.319106 0.0959925 0.00289975 0.000334073
 0.762889 0.0836404 0.116647 0.0363945 0.000428098
 0.88444 0.0763242 0.0277011 0.0115352 0
 0.521256 0.241999 0.230069 0.00667565 0
 0.616807 0.101726 0.260614 0.0208532 0
 0.833518 0.0704572 0.0857862 0.0102388 0
ppred_PELACES
 0.432011 0.0443219 0.46284 0.0350307 0.0257964
 0.482502 0.313403 0.0159262 0.166312 0.021857
 0.504243 0.324299 0.103837 0.0052767 0.0623447
 0.509814 0.329764 0.10494 0.0336007 0.0218816
 0.505479 0.335458 0.107007 0.0340524 0.0180037
 0.498465 0.337289 0.111416 0.0355403 0.0172895
 0.518886 0.321338 0.107451 0.0354942 0.0168301
 0.516804 0.332348 0.100752 0.0336902 0.0164057
 0.490898 0.347148 0.111394 0.0337692 0.0167908
 0.487321 0.338263 0.118932 0.0381631 0.0173216
 0.481232 0.34055 0.117588 0.0413432 0.0192877
 0.484793 0.334977 0.118313 0.040852 0.0210643
 0.499937 0.327758 0.11203 0.0395686 0.0207073
 0.510398 0.327539 0.106221 0.0363071 0.0195345
 0.51383 0.330177 0.104358 0.0338432 0.0177917
 0.517839 0.328319 0.104481 0.0330227 0.0163393
 0.525995 0.325371 0.101209 0.0322077 0.0152166
 0.530745 0.324768 0.0991805 0.0308508 0.014456
 0.577772 0.294799 0.0881928 0.0269331 0.0123033
 0.623105 0.279534 0.0679774 0.0203363 0.00904747
 0.619129 0.295356 0.0634243 0.0154236 0.00666696
 0.632711 0.28326 0.0651618 0.0139927 0.00487363
 0.627569 0.292364 0.0617495 0.014205 0.00411278
 0.571206 0.332447 0.0756338 0.0159744 0.00473875
 0.548739 0.329856 0.0941259 0.0214142 0.00586453
 0.531081 0.334004 0.0986187 0.0281413 0.00815568
 0.518637 0.335032 0.104229 0.030775 0.0113269
 0.52065 0.328832 0.104761 0.0325916 0.0131649
 0.51763 0.331843 0.103261 0.0328976 0.0143686
 0.508335 0.336506 0.10674 0.0332148 0.0152036
 0.507037 0.33325 0.109311 0.0346736 0.0157283
pobs_pel_tallas
 0 0 0 0 0 0 0 0 0 0 0 0 0 0 0 0 0 0 0 0 0 0 0 0 0 0
 0 0 0 0 0 0 0 0 0 0 0 0 0 0 0 0 0 0 0 0 0 0 0 0 0 0
 0 0 0 0 0 0 0 0 0 0 0 0 0 0 0 0 0 0 0 0 0 0 0 0 0 0
 0 0 0 0 0 0 0 0 0 0 0 0 0 0 0 0 0 0 0 0 0 0 0 0 0 0
 0 0 0 0 0 0 0 0 0 0 0 0 0 0 0 0 0 0 0 0 0 0 0 0 0 0
 0 0 0 0 0 0 0 0 0 0 0 0 0 0 0 0 0 0 0 0 0 0 0 0 0 0
 0 0 0 0 0 0 0 0 0 0 0 0 0 0 0 0 0 0 0 0 0 0 0 0 0 0
 0 0 0 0 0 0 0 0 0 0 0 0 0 0 0 0 0 0 0 0 0 0 0 0 0 0
 0 0 0 0 0 0 0 0 0 0 0 0 0 0 0 0 0 0 0 0 0 0 0 0 0 0
 0 0 0 0 0 0 0 0 0 0 0 0 0 0 0 0 0 0 0 0 0 0 0 0 0 0
 0 0 0 0 0 0 0 0 0 0 0 0 0 0 0 0 0 0 0 0 0 0 0 0 0 0
 0 0 0 0 0 0 0 0 0 0 0 0 0 0 0 0 0 0 0 0 0 0 0 0 0 0
 0.00862536 0 0 0.000197151 0.00414017 0.0128641 0.00837892 0.0270097 0.101434 0.158115 0.152841 0.127902 0.109271 0.109419 0.0830992 0.0579132 0.0238553 0.00714673 0.00463305 0.00128148 0.00103504 0.000492878 0.000147863 0.000147863 4.92878e-05 0
 0 0 0 0 0 0 0 0 0 0 0 0 0 0 0 0 0 0 0 0 0 0 0 0 0 0
 0 0 0 0 0 0 0 0.0054083 0.00873648 0.0413646 0.0450493 0.0745869 0.0622846 0.0627006 0.0613931 0.0827291 0.12552 0.122667 0.0946155 0.0697135 0.0546179 0.0294188 0.0215738 0.0213955 0.0102223 0.00600262
 0 0 0 0 0.00359764 0.0251062 0.0480494 0.140153 0.205849 0.193036 0.1447 0.116669 0.0760912 0.0342217 0.00950174 0.001854 0.000860785 0 0 0 0.000165536 0 0.000143464 0 0 0
 0 0 0 0 0 0 0 0.000145254 0.000435761 0.0275982 0.070085 0.0708112 0.156366 0.174668 0.174014 0.160142 0.0824315 0.0480064 0.0283245 0.00493863 0.00203355 0 0 0 0 0
 0 0 0 0 0 0 0 0 0 0 0 0 0 0 0 0 0 0 0 0 0 0 0 0 0 0
 0 0 1.00437e-05 0.000401748 0.00122533 0.00171747 0.00176769 0.0269171 0.070346 0.194647 0.189555 0.159765 0.064822 0.0314167 0.0384472 0.0292271 0.0345202 0.0313363 0.0194345 0.0106764 0.0143323 0.0359363 0.0279516 0.0138201 0.00172751 0
 0 0.0021121 0.0136068 0.0755702 0.200478 0.177729 0.0527432 0.0373336 0.0318909 0.0142505 0.0149659 0.0166563 0.0217959 0.0798694 0.0677717 0.0528807 0.04013 0.0224614 0.0357745 0.0225083 0.00881397 0.00855152 0.00135912 0.000746735 0 0
 0 0 0 0 5.4009e-05 0.00500934 0.000945158 0.0243581 0.138947 0.33067 0.221406 0.137944 0.0707744 0.0437923 0.0131692 0.00525238 0.0047753 0.00276346 9.45158e-05 9.00151e-06 2.25038e-05 9.00151e-06 4.50075e-06 0 0 0
 0.000866109 0.00284123 0.00948549 0.0512746 0.133035 0.25785 0.225252 0.132002 0.0553304 0.0519788 0.0540692 0.017754 0.00435017 0.00159236 0.00146478 0.000404838 0.000125132 0.000115318 0.000107957 0.000100596 0 0 0 0 0 0
 0 0 0 0 0.00144013 0.00171154 0.00461396 0.0210425 0.0478622 0.0707936 0.0888783 0.103762 0.0637923 0.0337046 0.0602308 0.124433 0.169614 0.0934646 0.0462172 0.0250306 0.0313229 0.00938855 0.002487 0.000210481 0 0
 0 0.00764035 0.051015 0.0998891 0.058973 0.0496711 0.0374665 0.0718981 0.12319 0.153886 0.159021 0.0857701 0.0377988 0.023471 0.0147837 0.00900784 0.00315554 0.000888139 0.00291439 0.00214683 0.00393193 0.00274676 0.000635225 9.99891e-05 0 0
 0 0 0 0 0 0 0 0 0 0 0 0 0 0 0 0 0 0 0 0 0 0 0 0 0 0
 0 0 0 0 0 0 0 0 0 0 0 0 0 0 0 0 0 0 0 0 0 0 0 0 0 0
 0 0 0 0 0 0 0 0 0 0 0 0 0 0 0 0 0 0 0 0 0 0 0 0 0 0
 0 0 0 0 0 0 0 0 0 0 0 0 0 0 0 0 0 0 0 0 0 0 0 0 0 0
 0 0 0 0 0 0 0 0 0 0 0 0 0 0 0 0 0 0 0 0 0 0 0 0 0 0
 0 0 0 0 0 0 0 0 0 0 0 0 0 0 0 0 0 0 0 0 0 0 0 0 0 0
 0 0 0 0 0 0 0 0 0 0 0 0 0 0 0 0 0 0 0 0 0 0 0 0 0 0
ppred_pel_tallas
 1.21247e-16 3.55842e-05 0.000345891 0.00229857 0.010449 0.0325106 0.0692675 0.101099 0.101104 0.0692922 0.0325958 0.0107041 0.00297386 0.00193513 0.00339095 0.00642889 0.0113062 0.0184895 0.0283425 0.0408375 0.0551617 0.0694424 0.0809615 0.087 0.0859551 0.0780728
 1.20918e-16 3.97431e-05 0.000386317 0.00256721 0.0116702 0.0363105 0.0773644 0.112922 0.112952 0.0775121 0.0368064 0.0131031 0.00616574 0.00824862 0.0149947 0.0247972 0.0359143 0.0456559 0.051405 0.0521905 0.0493864 0.0458343 0.0440262 0.0447131 0.0467901 0.0482438
 1.1416e-16 4.15339e-05 0.000403724 0.00268289 0.012196 0.0379466 0.0808504 0.11801 0.118041 0.0810037 0.0384615 0.0136846 0.00642429 0.00858789 0.0156343 0.0259128 0.0376389 0.0480085 0.0541976 0.0549454 0.0512938 0.0458052 0.0409063 0.037661 0.0356969 0.0339647
 1.10186e-16 4.19927e-05 0.000408184 0.00271253 0.0123308 0.0383658 0.0817436 0.119314 0.119346 0.0818995 0.0388894 0.0138445 0.00651712 0.0087306 0.0158981 0.0263494 0.0382692 0.0487984 0.0550474 0.0556994 0.0517583 0.0457587 0.0401019 0.0358457 0.0326686 0.0296612
 1.09636e-16 4.16357e-05 0.000404714 0.00268947 0.012226 0.0380397 0.0810487 0.1183 0.118332 0.0812073 0.0385723 0.0137657 0.0065596 0.00887033 0.01617 0.0268001 0.0389192 0.0496155 0.0559425 0.056551 0.0524507 0.0462106 0.0402726 0.035725 0.0322684 0.029017
 1.09792e-16 4.10579e-05 0.000399098 0.00265215 0.0120563 0.0375118 0.079924 0.116658 0.116691 0.0800835 0.0380474 0.0136049 0.00654484 0.00891507 0.0162682 0.0269718 0.039186 0.0499917 0.0564331 0.0571546 0.0531626 0.0470196 0.0411522 0.0366275 0.03313 0.0297734
 1.09591e-16 4.27401e-05 0.000415449 0.0027608 0.0125502 0.0390486 0.0831983 0.121437 0.121468 0.0833502 0.039559 0.0140258 0.00647004 0.00853052 0.0155074 0.0257084 0.0373591 0.0476804 0.0538617 0.0546158 0.050902 0.0451558 0.0396764 0.0354626 0.0321957 0.0290183
 1.09148e-16 4.25685e-05 0.000413781 0.00274972 0.0124999 0.0388919 0.0828645 0.12095 0.120982 0.0830215 0.0394194 0.0140247 0.00658202 0.00879528 0.0160067 0.026517 0.0384839 0.0490105 0.0551673 0.0556139 0.0513592 0.0449724 0.0389077 0.0342785 0.030812 0.0276339
 1.09532e-16 4.04347e-05 0.00039304 0.00261189 0.0118733 0.0369424 0.0787109 0.114888 0.114921 0.0788749 0.0374936 0.0134667 0.00661688 0.00915361 0.0167305 0.0277326 0.0402712 0.0513327 0.0578631 0.0584589 0.0541564 0.0476076 0.0413387 0.036486 0.0327608 0.0292749
 1.10278e-16 4.01401e-05 0.000390176 0.00259286 0.0117868 0.0366732 0.0781373 0.114051 0.114083 0.0782973 0.0372106 0.0133407 0.00649958 0.00893877 0.0163352 0.0270995 0.0394065 0.0503458 0.0569683 0.0579204 0.0541984 0.0483364 0.042714 0.0383454 0.0348765 0.0314125
 1.10891e-16 3.96385e-05 0.0003853 0.00256046 0.0116395 0.036215 0.077161 0.112626 0.112659 0.077322 0.036756 0.0132038 0.0064932 0.00899065 0.0164424 0.0272776 0.0396645 0.0506753 0.0573466 0.0583257 0.0546303 0.0488258 0.0433146 0.0391086 0.0358229 0.032515
 1.11162e-16 3.99318e-05 0.000388152 0.00257941 0.0117256 0.0364829 0.077732 0.113459 0.113491 0.0778904 0.0370152 0.0132647 0.00644888 0.00885581 0.0161825 0.026851 0.0390581 0.0499307 0.0565614 0.057625 0.0541219 0.0485661 0.0433024 0.0393034 0.0361686 0.0329556
 1.1079e-16 4.11792e-05 0.000400276 0.00265998 0.0120919 0.0376226 0.08016 0.117003 0.117034 0.080315 0.0381433 0.0135974 0.00644469 0.00868151 0.0158257 0.0262485 0.0381652 0.0487558 0.0551693 0.0561082 0.0525596 0.0470023 0.0417564 0.0377971 0.0347447 0.0316728
 1.10096e-16 4.20409e-05 0.000408652 0.00271564 0.0123449 0.0384098 0.0818373 0.119451 0.119482 0.0819921 0.03893 0.0138486 0.00649542 0.00867741 0.0157977 0.0261872 0.0380446 0.0485348 0.0547926 0.0555113 0.0516828 0.0458106 0.0402593 0.0360586 0.032876 0.0298096
 1.09501e-16 4.23236e-05 0.000411401 0.0027339 0.0124279 0.0386681 0.0823877 0.120254 0.120286 0.0825437 0.0391923 0.0139434 0.00654279 0.00874286 0.0159145 0.0263731 0.0382955 0.0488137 0.0550269 0.0556075 0.0515526 0.0453957 0.0395458 0.0350776 0.0316961 0.0285247
 1.09176e-16 4.26538e-05 0.00041461 0.00275523 0.0125249 0.0389698 0.0830304 0.121192 0.121224 0.0831855 0.039491 0.0140318 0.0065428 0.00869949 0.0158262 0.026226 0.038082 0.0485408 0.0547153 0.0552814 0.0512241 0.0450569 0.0391721 0.0346417 0.0311842 0.0279456
 1.08809e-16 4.33256e-05 0.00042114 0.00279863 0.0127222 0.0395836 0.0843381 0.123101 0.123132 0.0844919 0.0401001 0.0142153 0.00655127 0.00862895 0.0156781 0.0259738 0.0377037 0.048033 0.0540948 0.0545732 0.0504466 0.0442158 0.0382684 0.0336863 0.0302069 0.0269922
 1.08486e-16 4.37168e-05 0.000424943 0.0028239 0.012837 0.039941 0.0850996 0.124212 0.124243 0.0852531 0.0404565 0.0143271 0.00656876 0.00861517 0.0156433 0.0259106 0.0376008 0.0478782 0.0538746 0.0542721 0.0500478 0.0437056 0.0376441 0.0329634 0.0294208 0.0261926
 1.07404e-16 4.75903e-05 0.000462595 0.00307411 0.0139745 0.0434799 0.0926396 0.135216 0.135245 0.0927789 0.0439478 0.0153268 0.00647261 0.00789473 0.0142015 0.0235055 0.034099 0.0433961 0.0487869 0.0490706 0.0451348 0.0392599 0.033638 0.0292872 0.0260049 0.0230556
 1.05604e-16 5.13244e-05 0.000498891 0.00331531 0.0150709 0.0468914 0.0999081 0.145824 0.145851 0.10004 0.0473344 0.0163513 0.00653163 0.00752828 0.0134255 0.0221774 0.0320926 0.0406765 0.0454166 0.0451565 0.0407593 0.034461 0.0284569 0.0238404 0.020517 0.0178229
 1.04581e-16 5.09969e-05 0.000495708 0.00329415 0.0149748 0.0465922 0.0992707 0.144894 0.144923 0.09941 0.04706 0.0163264 0.00668881 0.00791218 0.0141537 0.0233639 0.0337593 0.0426802 0.0474437 0.0468078 0.0416873 0.034481 0.0275798 0.0222303 0.0184192 0.0155005
 1.04181e-16 5.21157e-05 0.000506583 0.00336642 0.0153033 0.0476143 0.101448 0.148073 0.1481 0.101582 0.0480631 0.0166 0.00662344 0.00762327 0.0135873 0.0224307 0.0324255 0.0410235 0.0456541 0.0451211 0.0402865 0.0334264 0.0268072 0.0216081 0.0178209 0.014853
 1.03978e-16 5.16921e-05 0.000502465 0.00333906 0.0151789 0.0472273 0.100624 0.146869 0.146898 0.100762 0.0476903 0.0165167 0.00669872 0.00784203 0.0140067 0.0231155 0.0333906 0.0421924 0.0468576 0.0461488 0.0409657 0.0336838 0.0266791 0.0212052 0.0172757 0.0142792
 1.04672e-16 4.70496e-05 0.000457338 0.00303918 0.0138157 0.0429859 0.0915871 0.133681 0.133713 0.0917439 0.0435125 0.0153375 0.00686137 0.00880864 0.0159295 0.0263172 0.0380395 0.0481138 0.0535201 0.0528515 0.0471183 0.0389945 0.0311465 0.0249689 0.0204639 0.0169465
 1.05941e-16 4.5199e-05 0.000439351 0.00291964 0.0132723 0.0412952 0.0879849 0.128423 0.128455 0.0881406 0.0418184 0.0147845 0.00671942 0.00874682 0.0158594 0.0262437 0.0380263 0.0482922 0.0540853 0.0540256 0.0490826 0.0418159 0.034731 0.0290658 0.0247228 0.0210049
 1.07134e-16 4.37445e-05 0.000425212 0.00282568 0.0128452 0.0399663 0.0851535 0.124291 0.124323 0.0853113 0.0404962 0.014377 0.00667514 0.00884274 0.0160718 0.0266103 0.0385866 0.0490675 0.0550806 0.0552473 0.0505577 0.0435915 0.0368472 0.0315166 0.0274292 0.0238177
 1.08097e-16 4.27195e-05 0.000415249 0.00275948 0.0125442 0.0390298 0.0831584 0.121379 0.121411 0.0833167 0.0395616 0.0140815 0.00662308 0.00886536 0.0161377 0.0267344 0.0387979 0.0494033 0.0555866 0.0559781 0.0515706 0.0449307 0.0385232 0.0334887 0.0296025 0.026058
 1.08604e-16 4.28853e-05 0.000416861 0.00277019 0.0125929 0.0391813 0.0834812 0.12185 0.121882 0.0836366 0.0397034 0.0141021 0.00656351 0.00871413 0.0158495 0.0262626 0.0381306 0.0485916 0.0547479 0.0552651 0.0511208 0.0448256 0.0387764 0.0340587 0.0304144 0.0270203
 1.08796e-16 4.26365e-05 0.000414442 0.00275412 0.0125198 0.038954 0.0829969 0.121143 0.121175 0.0831537 0.0394808 0.0140426 0.00658136 0.00878537 0.015988 0.0264892 0.0384507 0.0489817 0.0551563 0.05563 0.0513979 0.0450082 0.0388955 0.0341665 0.0305602 0.0272318
 1.09071e-16 4.1871e-05 0.000407001 0.00270467 0.012295 0.0382546 0.0815067 0.118968 0.119001 0.0816657 0.0387888 0.0138395 0.00658643 0.0088977 0.0162169 0.0268745 0.0390192 0.0497247 0.056028 0.056567 0.0523472 0.0459436 0.0398121 0.0350618 0.0314198 0.0280284
 1.09379e-16 4.1764e-05 0.000405961 0.00269776 0.0122636 0.0381569 0.0812984 0.118664 0.118696 0.0814559 0.0386861 0.0137936 0.00654345 0.00881881 0.0160716 0.0266414 0.0387001 0.049359 0.0556935 0.0563601 0.0523508 0.0461989 0.0403081 0.035744 0.0322089 0.0288408
pSPR Fmed_Fpbrs
0.5999   0.285354 0.285354
Fs Fmed_Fpbrs
0.34   1.005 1.005
SSBpbr Bo_Bmed_Bpbrs
3.3528e+06  1.84371e+06  789095 789095
Ro
320968
SPR SPRFo_SPRFmed_SPRFpbrs
2.29097e+06 1.37435e+06 653738
Fref
1.005
Nvult_r0
 249529 96894.4 31782.8 10081.5 4573.08
CTP_r0
 83453.2 48568 15931 5053.34 2292.24
YTP_r0
2.07549e+06
Np
 320968 71438.8 14795.9 4803.18 1787.67
Nvult_p0
 249529 61818.8 12803.5 4156.39 1546.95
CTP_p0
 83453.2 47658.6 15471.3 5074.83 2122.53
 83453.2 30986.5 6417.72 2083.38 775.402
YTP_p0
 2.06704e+06 1.41701e+06
CBA_c0
2.07296e+06
log_Ro
12.4991
likeval ReclasPelacesDesembMPH_pf_preclas_ppelaces_ptallas_desvR_qrecl_qpela
 125.151 53.3381 10.3847 0.00554511 245.107 159.243 110.463 0 0 0 0 51.1168 0 0 0
q_reclas_q_pelaces
1 1
M
1
N
 320968 17238.4 180015 13624.7 10033.2
 320968 111723 5677.4 59287.4 7791.63
 320968 108617 34778 1767.31 20881
 320968 111037 35335.1 11314 7367.92
 320968 108876 34729.9 11052 5843.25
 320968 114985 37982.9 12116 5894.15
 320968 110214 36854.1 12174 5772.47
 320968 104244 31601.9 10567.3 5145.82
 320968 116660 37434.1 11348.2 5642.57
 320968 114222 40159.9 12886.6 5849.04
 320968 114567 39558.6 13908.6 6488.73
 320968 116839 41267.1 14249 7347.12
 320968 110872 37896.9 13385.1 7004.76
 320968 110854 35950.1 12288 6611.36
 320968 108057 34153.1 11075.9 5822.7
 320968 111613 35518.7 11226.2 5554.6
 320968 105622 32854.4 10455.2 4939.59
 320968 109579 33464.2 10409.3 4877.56
 320968 103468 30953.8 9452.93 4318.21
 320968 89074 21661.1 6480.18 2882.99
 320968 91366.5 19619.9 4771.18 2062.38
 320968 95422 21951.1 4713.73 1641.78
 320968 83885.9 17717.3 4075.73 1180.05
 320968 102786 23384.4 4938.95 1465.12
 320968 105216 30023.8 6830.61 1870.64
 320968 106354 31402.5 8960.85 2596.95
 320968 110861 34489.1 10183.3 3748.02
 320968 108913 34698.1 10794.7 4360.35
 320968 108281 33694.4 10734.6 4688.52
 320968 111022 35216.4 10958.4 5016.06
 320968 111973 36728.7 11650.4 5284.73
pred_Ctot
 10969.2 1151.74 12027.3 910.3 670.34
 16367.9 11012.8 559.638 5844.13 768.044
 12157.8 8023.33 2568.99 130.548 1542.44
 15916.3 10653.4 3390.21 1085.51 706.912
 5324.6 3572.77 1139.67 362.673 191.747
 13588.4 9464.79 3126.49 997.307 485.165
 24012.4 15682.4 5244.02 1732.25 821.371
 2438.06 1575.73 477.684 159.732 77.7826
 6642.85 4762.93 1528.34 463.319 230.372
 6046.83 4250.25 1494.37 479.516 217.645
 2130.64 1514.36 522.888 183.845 85.7686
 12444.5 8828.85 3118.33 1076.72 555.182
 12475.6 8398.46 2870.65 1013.91 530.603
 17343.3 11554.7 3747.18 1280.81 689.121
 11158.5 7341.26 2320.32 752.48 395.587
 21598.5 14358.4 4569.27 1444.19 714.568
 14691.9 9378.32 2917.2 928.338 438.594
 25375.1 16429.3 5017.32 1560.67 731.296
 50991.5 29492.3 8822.98 2694.44 1230.85
 46864.9 23546.9 5726.16 1713.05 762.125
 39610.2 20739.2 4453.5 1083.01 468.138
 60403.4 31555.4 7259.05 1558.8 542.925
 26574.9 13138.1 2774.86 638.334 184.818
 22309.3 13637.4 3102.59 655.29 194.389
 20316.3 12766.5 3642.99 828.802 226.977
 12464.7 8049.33 2376.66 678.192 196.548
 15852.1 10595 3296.14 973.227 358.2
 16952.2 11105.4 3538.03 1100.69 444.608
 12184.2 8015.45 2494.2 794.619 347.065
 10535.5 7130.85 2261.92 703.85 322.177
 14175.6 9603.24 3150 999.185 453.24
F
 0.0553229 0.110646 0.110646 0.110646 0.110646
 0.0835169 0.167034 0.167034 0.167034 0.167034
 0.0614738 0.122948 0.122948 0.122948 0.122948
 0.0811331 0.162266 0.162266 0.162266 0.162266
 0.0265357 0.0530714 0.0530714 0.0530714 0.0530714
 0.0689186 0.137837 0.137837 0.137837 0.137837
 0.124603 0.249206 0.249206 0.249206 0.249206
 0.0120774 0.0241548 0.0241548 0.0241548 0.0241548
 0.0331971 0.0663943 0.0663943 0.0663943 0.0663943
 0.0301808 0.0603615 0.0603615 0.0603615 0.0603615
 0.0105478 0.0210955 0.0210955 0.0210955 0.0210955
 0.0629618 0.125924 0.125924 0.125924 0.125924
 0.0631237 0.126247 0.126247 0.126247 0.126247
 0.088682 0.177364 0.177364 0.177364 0.177364
 0.0563005 0.112601 0.112601 0.112601 0.112601
 0.111477 0.222955 0.222955 0.222955 0.222955
 0.074693 0.149386 0.149386 0.149386 0.149386
 0.132076 0.264153 0.264153 0.264153 0.264153
 0.281873 0.563747 0.563747 0.563747 0.563747
 0.256462 0.512924 0.512924 0.512924 0.512924
 0.213032 0.426064 0.426064 0.426064 0.426064
 0.341883 0.683766 0.683766 0.683766 0.683766
 0.138694 0.277389 0.277389 0.277389 0.277389
 0.115328 0.230655 0.230655 0.230655 0.230655
 0.104563 0.209127 0.209127 0.209127 0.209127
 0.0630667 0.126133 0.126133 0.126133 0.126133
 0.0807946 0.161589 0.161589 0.161589 0.161589
 0.0866081 0.173216 0.173216 0.173216 0.173216
 0.0616104 0.123221 0.123221 0.123221 0.123221
 0.0530864 0.106173 0.106173 0.106173 0.106173
 0.0719877 0.143975 0.143975 0.143975 0.143975
YTP_r0W_actual
 692661 684809 439696 172824 85500.7
YTP_p0W_proyectada
 629237 831643 372395 158944 74819
 629237 540714 154475 65251.3 27332.9
CTP_r0_actual
 83453.2 48568 15931 5053.34 2292.24
CTP_p0_proyectada
 83453.2 47658.6 15471.3 5074.83 2122.53
 83453.2 30986.5 6417.72 2083.38 775.402
Wmedp
 7.54 17.45 24.07 31.32 35.25
Frms_r0
 0.5025 1.005 1.005 1.005 1.005
Zrms_r0
 1.5025 2.005 2.005 2.005 2.005
nmprior
 7.29 8.9 8.7 0
nm_flota  nm_reclas  nm_pelaces    nm_pelaL
inf 3.77681 7.20543 13.0304
cv_recla  cv_pelaces  cv_mph
1.01191 0.828116 2.0653
 ------------------------------------------------
Talla a la edad & desviaci?n 
 8 13.2811 15.8009 17.003 17.5766
 0.8 1.32811 1.58009 1.7003 1.75766
