years
 1991 1992 1993 1994 1995 1996 1997 1998 1999 2000 2001 2002 2003 2004 2005 2006 2007 2008 2009 2010 2011 2012 2013 2014 2015 2016 2017 2018 2019 2020 2021
reclasobs
 0 0 0 0 0 0 0 0 0 252601 567819 844713 477998 351125 339783 2.1784e+06 2.13404e+06 4.81314e+06 1.55562e+06 2.62356e+06 3.21686e+06 3.843e+06 1.13348e+06 3.07943e+06 1.97215e+06 2.03268e+06 2.025e+06 2.42433e+06 2.27542e+06 1.05018e+06 2.36338e+06
reclaspred
 3.16921e+06 1.70989e+06 869226 917523 951468 1.6982e+06 914144 792456 552347 356967 514905 711289 692071 505592 504870 1.34669e+06 1.22551e+06 3.11898e+06 2.53636e+06 1.75195e+06 3.05554e+06 2.50691e+06 1.84891e+06 3.09546e+06 2.2033e+06 1.93344e+06 2.36421e+06 2.55014e+06 1.98211e+06 1.21043e+06 2.12044e+06
pelacesobs
 0 0 0 0 0 0 0 0 0 0 0 0 0 0 0 552880 188675 0 991730 2.46772e+06 1.41603e+06 1.21717e+06 2.29649e+06 1.80582e+06 0 1.4828e+06 1.56532e+06 1.57751e+06 1.42118e+06 867257 1.10002e+06
pelacespred
 2.21277e+06 1.2908e+06 621840 439915 553783 883428 520297 544755 346993 191392 268882 328181 356370 243208 238376 506320 669417 1.48314e+06 1.49931e+06 981744 1.51694e+06 1.38539e+06 1.22119e+06 1.76791e+06 1.53335e+06 1.31503e+06 1.52887e+06 1.53977e+06 1.41918e+06 908624 1.00247e+06
mphobs
 0 0 0 0 0 0 0 0 0 0 0 0 498337 0 5186 125008 0 168611 109162 213762 579715 649985 157893 87575 83554 210694 70296 0 107559 103333 445601
mphpred
 1.67791e+06 1.12523e+06 530135 298170 333753 417239 578580 294468 270985 162681 95247.8 216046 230495 183088 108273 142615 509092 472648 1.05964e+06 759611 753842 944854 906097 702387 1.08714e+06 847964 692165 758161 1.08914e+06 692804 400312
desembarqueobs
 494567 514787 250237 358949 120608 361735 552515 73892 212993 205616 52469 317467 293654 387597 252695 516296 358380 742168 942051 627588 828172 859565 418607 520667 417249 300574 415391 372974 316634 284311 391294
desembarquepred
 494568 514014 250595 358984 120613 361740 552530 73897.7 213059 205677 52471.8 317524 293679 387544 252657 516209 358439 741980 941711 627319 828291 859582 418619 520699 417244 300577 415390 372952 316631 284325 391288
Reclutas
 162540 89211.8 90943 133632 109717 200651 77980.2 33259.6 32158.9 42600.3 80206.6 120364 99986.7 71754.1 64952.3 324825 77067.4 519200 326856 229614 329671 454812 85687.6 265079 203983 97951.5 213296 236076 72185.1 56410.8 235717
log_desv_Rt
 0.240735 -0.359177 -0.339957 0.0448981 -0.15229 0.451377 -0.493735 -1.34585 -1.3795 -1.09833 -0.465585 -0.0596709 -0.245154 -0.576945 -0.676537 0.933096 -0.50551 1.4021 0.939328 0.58621 0.947904 1.26969 -0.399483 0.729836 0.467848 -0.265718 0.512491 0.613963 -0.570957 -0.817529 0.612443
SSB
 1.67791e+06 1.12523e+06 530135 298170 333753 417239 578580 294468 270985 162681 95247.8 216046 230495 183088 108273 142615 509092 472648 1.05964e+06 759611 753842 944854 906097 702387 1.08714e+06 847964 692165 758161 1.08914e+06 692804 400312
BT
 2.439e+06 1.67975e+06 814324 804295 679915 1.40407e+06 987486 663798 584058 413648 396172 660177 694116 716220 582804 1.1636e+06 960647 2.72632e+06 2.58412e+06 1.60252e+06 2.57128e+06 2.35769e+06 1.56356e+06 2.77602e+06 1.91285e+06 1.62483e+06 2.32743e+06 2.18082e+06 1.54596e+06 1.16222e+06 1.62938e+06
Ftot
 0.249811 0.462813 0.455961 0.686473 0.223032 0.396646 0.922558 0.161271 0.651468 0.956405 0.205678 0.793931 0.747936 1.31529 0.956665 0.781791 0.488226 0.47249 0.642324 0.618639 0.4919 0.612651 0.368073 0.32223 0.321464 0.262316 0.329412 0.279646 0.250972 0.377504 0.367479
BD_Bspro_t
 0.961024 0.744002 0.519447 0.420455 0.420785 0.525567 0.529704 0.328682 0.387423 0.317566 0.267654 0.537662 0.415444 0.31811 0.209308 0.259507 0.437832 0.405606 0.53644 0.423567 0.377082 0.427972 0.445842 0.422306 0.56173 0.560872 0.568233 0.617524 0.67967 0.581689 0.491897
BD_Bspro
 1.83992 1.23388 0.581323 0.32696 0.365979 0.457526 0.634445 0.322901 0.29715 0.178389 0.104445 0.236906 0.252751 0.200766 0.118727 0.156385 0.558248 0.518285 1.16195 0.832955 0.826629 1.03609 0.993586 0.770207 1.19211 0.92984 0.758998 0.831366 1.1943 0.759699 0.438964
BD_Bo
 1.48493 0.995819 0.469165 0.263878 0.295368 0.369253 0.512038 0.260601 0.239819 0.143971 0.0842934 0.191199 0.203986 0.162031 0.0958205 0.126213 0.450542 0.418289 0.937769 0.672249 0.667143 0.836187 0.801888 0.621606 0.962108 0.750441 0.61256 0.670966 0.963876 0.613126 0.354272
BD_Brms
 7.47225 5.011 2.36086 1.32784 1.48631 1.8581 2.5766 1.31136 1.20678 0.724471 0.424168 0.962119 1.02647 0.815348 0.482173 0.635108 2.26715 2.10485 4.71889 3.38278 3.35709 4.20773 4.03513 3.12795 4.84137 3.77625 3.08243 3.37633 4.85026 3.08527 1.78271
Sel_flota
 0.647073 0.972095 0.998491 0.99992 0.999996
 0.647073 0.972095 0.998491 0.99992 0.999996
 0.647073 0.972095 0.998491 0.99992 0.999996
 0.647073 0.972095 0.998491 0.99992 0.999996
 0.647073 0.972095 0.998491 0.99992 0.999996
 0.647073 0.972095 0.998491 0.99992 0.999996
 0.647073 0.972095 0.998491 0.99992 0.999996
 0.647073 0.972095 0.998491 0.99992 0.999996
 0.647073 0.972095 0.998491 0.99992 0.999996
 0.647073 0.972095 0.998491 0.99992 0.999996
 0.647073 0.972095 0.998491 0.99992 0.999996
 0.647073 0.972095 0.998491 0.99992 0.999996
 0.647073 0.972095 0.998491 0.99992 0.999996
 0.647073 0.972095 0.998491 0.99992 0.999996
 0.647073 0.972095 0.998491 0.99992 0.999996
 0.647073 0.972095 0.998491 0.99992 0.999996
 0.647073 0.972095 0.998491 0.99992 0.999996
 0.647073 0.972095 0.998491 0.99992 0.999996
 0.647073 0.972095 0.998491 0.99992 0.999996
 0.647073 0.972095 0.998491 0.99992 0.999996
 0.647073 0.972095 0.998491 0.99992 0.999996
 0.647073 0.972095 0.998491 0.99992 0.999996
 0.647073 0.972095 0.998491 0.99992 0.999996
 0.647073 0.972095 0.998491 0.99992 0.999996
 0.647073 0.972095 0.998491 0.99992 0.999996
 0.647073 0.972095 0.998491 0.99992 0.999996
 0.647073 0.972095 0.998491 0.99992 0.999996
 0.647073 0.972095 0.998491 0.99992 0.999996
 0.647073 0.972095 0.998491 0.99992 0.999996
 0.647073 0.972095 0.998491 0.99992 0.999996
 0.647073 0.972095 0.998491 0.99992 0.999996
Sel_reclas
 1 1 1 1 1
 1 1 1 1 1
 1 1 1 1 1
 1 1 1 1 1
 1 1 1 1 1
 1 1 1 1 1
 1 1 1 1 1
 1 1 1 1 1
 1 1 1 1 1
 1 1 1 1 1
 1 1 1 1 1
 1 1 1 1 1
 1 1 1 1 1
 1 1 1 1 1
 1 1 1 1 1
 1 1 1 1 1
 1 1 1 1 1
 1 1 1 1 1
 1 1 1 1 1
 1 1 1 1 1
 1 1 1 1 1
 1 1 1 1 1
 1 1 1 1 1
 1 1 1 1 1
 1 1 1 1 1
 1 1 1 1 1
 1 1 1 1 1
 1 1 1 1 1
 1 1 1 1 1
 1 1 1 1 1
 1 1 1 1 1
Sel_pelaces
 0.5 1 1 1 1
 0.5 1 1 1 1
 0.5 1 1 1 1
 0.5 1 1 1 1
 0.5 1 1 1 1
 0.5 1 1 1 1
 0.5 1 1 1 1
 0.5 1 1 1 1
 0.5 1 1 1 1
 0.5 1 1 1 1
 0.5 1 1 1 1
 0.5 1 1 1 1
 0.5 1 1 1 1
 0.5 1 1 1 1
 0.5 1 1 1 1
 0.5 1 1 1 1
 0.5 1 1 1 1
 0.5 1 1 1 1
 0.5 1 1 1 1
 0.5 1 1 1 1
 0.5 1 1 1 1
 0.5 1 1 1 1
 0.5 1 1 1 1
 0.5 1 1 1 1
 0.5 1 1 1 1
 0.5 1 1 1 1
 0.5 1 1 1 1
 0.5 1 1 1 1
 0.5 1 1 1 1
 0.5 1 1 1 1
 0.5 1 1 1 1
pf_obs 
 0.8446 0.082 0.0669 0.0065 0
 0.8095 0.147 0.0364 0.0071 0
 0.9664 0.0169 0.016 0.0007 0
 0.9276 0.0648 0.0075 0.0001 0
 0.7033 0.2144 0.0806 0.0017 0
 0.9318 0.0425 0.0243 0.0014 0
 0.5671 0.3108 0.0964 0.0239 0.0018
 0.0768 0.2599 0.5324 0.112 0.0189
 0.490249 0.384438 0.106611 0.0170017 0.00170017
 0.7925 0.1577 0.0466 0.003 0.0002
 0.840416 0.127587 0.0312969 0.00059994 9.999e-05
 0.8084 0.0986 0.0794 0.0134 0.0002
 0.7335 0.1905 0.0724 0.0035 0.0001
 0.4001 0.4547 0.1325 0.0127 0
 0.49795 0.308269 0.164784 0.0264974 0.00249975
 0.9179 0.0499 0.0305 0.0017 0
 0.2467 0.6533 0.0926 0.0074 0
 0.9418 0.0223 0.034 0.0019 0
 0.707729 0.231977 0.0356964 0.0245975 0
 0.517169 0.277429 0.184464 0.0207286 0.00020938
 0.811772 0.124168 0.05621 0.00726502 0.000585176
 0.764997 0.148141 0.077277 0.00933861 0.000247198
 0.163321 0.427699 0.378323 0.0303852 0.000271297
 0.753843 0.0900009 0.118128 0.0371064 0.000921714
 0.721811 0.176058 0.0630433 0.0369309 0.00215725
 0.143369 0.312575 0.442814 0.0836902 0.0175525
 0.692698 0.0596174 0.167031 0.0765114 0.00414204
 0.394062 0.376323 0.152708 0.0712218 0.00568511
 0.125707 0.32114 0.495352 0.0537591 0.00404204
 0.23352 0.215282 0.420074 0.123614 0.00750983
 0.796117 0.104755 0.0508955 0.0450114 0.00322123
pf_pred 
 0.495757 0.146184 0.33425 0.0238084 9.39795e-07
 0.429248 0.346816 0.0662979 0.147171 0.0104668
 0.592325 0.224676 0.112694 0.0208404 0.0494644
 0.732146 0.188545 0.0443715 0.0215306 0.0134072
 0.662577 0.277784 0.0424473 0.00962684 0.00756477
 0.751415 0.186849 0.0510873 0.00758251 0.0030661
 0.456564 0.450707 0.0702589 0.0186005 0.00387028
 0.462252 0.32275 0.179567 0.0268597 0.00857128
 0.544798 0.258991 0.119101 0.0644188 0.0126913
 0.73296 0.179404 0.0506643 0.0224595 0.0145122
 0.844045 0.129868 0.0177708 0.00481235 0.00350368
 0.752866 0.220673 0.0221424 0.00294326 0.00137514
 0.698224 0.253899 0.0429285 0.00414194 0.00080607
 0.66096 0.271383 0.0572682 0.00931642 0.00107159
 0.773029 0.1802 0.0378038 0.00759358 0.00137375
 0.940786 0.050964 0.00660652 0.00132864 0.000314443
 0.422162 0.557603 0.0175099 0.00218335 0.000541873
 0.905865 0.0510458 0.041629 0.00126405 0.000196377
 0.61147 0.365398 0.0127358 0.010045 0.000351764
 0.601299 0.289248 0.10316 0.00346715 0.00282487
 0.747341 0.181204 0.0523468 0.0180112 0.00109639
 0.754197 0.20376 0.0304426 0.00850267 0.00309801
 0.307749 0.579287 0.0942162 0.0135823 0.00516572
 0.753801 0.101798 0.121456 0.0191418 0.00380251
 0.597344 0.334093 0.0288657 0.0333985 0.00629888
 0.436468 0.394273 0.141186 0.0118302 0.0162425
 0.727097 0.149244 0.087292 0.0303434 0.00602341
 0.675179 0.262687 0.0344606 0.0195444 0.00812888
 0.343593 0.501509 0.125997 0.016041 0.0128606
 0.439035 0.251485 0.238101 0.0580773 0.0133004
 0.849414 0.0839432 0.0304057 0.0278905 0.00834668
pobs_RECLAS
 0 0 0 0 0
 0 0 0 0 0
 0 0 0 0 0
 0 0 0 0 0
 0 0 0 0 0
 0 0 0 0 0
 0 0 0 0 0
 0 0 0 0 0
 0 0 0 0 0
 0 0 0 0 0
 0.991045 0.00858322 0.000360255 1.14367e-05 0
 0.934742 0.0480273 0.0164251 0.00080598 0
 0.827803 0.169806 0.00239088 0 0
 0.941827 0.0461693 0.0120037 0 0
 0.791401 0.0380133 0.147996 0.0225897 0
 0.846168 0.0940531 0.0597789 0 0
 0.134021 0.677848 0.182769 0.00536245 0
 0.80878 0.0450904 0.141981 0.00414843 0
 0.846168 0.0940531 0.0597789 0 0
 0.905697 0.0802665 0.012482 0.00150086 5.37128e-05
 0.989698 0.0102097 9.19794e-05 0 0
 0.975433 0.0193895 0.00387452 0.00125025 5.28907e-05
 0.303575 0.632131 0.0575291 0.00676475 0
 0.966965 0.00978017 0.0227588 0.000495775 0
 0.843318 0.132988 0.00938335 0.0141283 0.000182051
 0.564624 0.303363 0.111486 0.0197234 0.00080311
 0.826376 0.0876187 0.0782897 0.00655872 0.00115652
 0.89761 0.0855135 0.0140674 0.00269457 0.000114338
 0.34875 0.467042 0.161289 0.0227151 0.000203297
 0.318654 0.224769 0.449479 0.00709798 0
 0.937255 0.0296025 0.0250945 0.00804832 0
ppred_RECLAS
 0.602874 0.117396 0.261155 0.0185747 7.33145e-07
 0.537473 0.284273 0.0528297 0.117097 0.00832726
 0.692068 0.171896 0.0838237 0.015478 0.036734
 0.809862 0.135018 0.0308599 0.0149509 0.00930924
 0.749063 0.207591 0.0308646 0.00698971 0.00549209
 0.822576 0.134289 0.0357039 0.00529136 0.00213947
 0.569442 0.35895 0.0542772 0.014346 0.00298479
 0.567443 0.262455 0.142103 0.0212251 0.00677267
 0.651423 0.200856 0.0897226 0.0484534 0.00954512
 0.813144 0.126819 0.0347333 0.015372 0.00993178
 0.891541 0.0907328 0.012081 0.00326676 0.00237822
 0.826059 0.155811 0.0151758 0.00201403 0.000940908
 0.782739 0.183645 0.030147 0.00290413 0.000565131
 0.759488 0.193779 0.0395678 0.00642557 0.000739009
 0.843237 0.125247 0.0254823 0.00511019 0.0009244
 0.961202 0.033531 0.00421951 0.000847244 0.000200496
 0.527959 0.45596 0.0139182 0.00173287 0.000430036
 0.937095 0.0345522 0.0273929 0.000830517 0.000129016
 0.708417 0.274701 0.00930089 0.0073245 0.000256473
 0.700567 0.218949 0.0758641 0.00254581 0.00207404
 0.82018 0.130007 0.0365072 0.0125422 0.000763413
 0.825924 0.145018 0.0210498 0.00587018 0.00213867
 0.404549 0.500548 0.0791729 0.0113967 0.00433413
 0.825346 0.0734018 0.0851837 0.0134054 0.00266276
 0.693579 0.25547 0.0214696 0.0248044 0.00467768
 0.541938 0.323138 0.112574 0.00941892 0.0129309
 0.803862 0.10863 0.0617997 0.0214502 0.00425772
 0.760076 0.195068 0.0248944 0.0140982 0.00586323
 0.443773 0.427731 0.10455 0.0132911 0.0106551
 0.547453 0.206047 0.189714 0.0462058 0.0105809
 0.8968 0.0582572 0.020522 0.0187964 0.00562468
pobs_PELACES
 0 0 0 0 0
 0 0 0 0 0
 0 0 0 0 0
 0 0 0 0 0
 0 0 0 0 0
 0 0 0 0 0
 0 0 0 0 0
 0 0 0 0 0
 0 0 0 0 0
 0 0 0 0 0
 0 0 0 0 0
 0 0 0 0 0
 0 0 0 0 0
 0 0 0 0 0
 0 0 0 0 0
 0 0 0 0 0
 0.505614 0.472636 0.0217494 0 0
 0 0 0 0 0
 0.443492 0.261883 0.143347 0.151278 0
 0.227955 0.32914 0.350689 0.0885471 0.00366901
 0.970185 0.0296113 0.000203453 0 0
 0.997202 0.00247181 0.000326279 0 0
 0.445219 0.490057 0.0546422 0.010081 0
 0.90214 0.0892962 0.00764917 0.000914606 0
 0 0 0 0 0
 0.581667 0.319106 0.0959925 0.00289975 0.000334073
 0.762889 0.0836404 0.116647 0.0363945 0.000428098
 0.88444 0.0763242 0.0277011 0.0115352 0
 0.521256 0.241999 0.230069 0.00667565 0
 0.616807 0.101726 0.260614 0.0208532 0
 0.833518 0.0704572 0.0857862 0.0102388 0
ppred_PELACES
 0.438473 0.166251 0.369031 0.0262443 1.03586e-06
 0.379488 0.381986 0.0707034 0.15668 0.011142
 0.541741 0.256271 0.124473 0.022979 0.0545355
 0.696644 0.215797 0.0490287 0.0237456 0.014785
 0.604616 0.327197 0.0485534 0.0109944 0.00863869
 0.70768 0.22144 0.0586719 0.00869361 0.00351508
 0.422316 0.482257 0.0723389 0.0191116 0.00397621
 0.400384 0.364022 0.196819 0.0293953 0.00937967
 0.50112 0.288169 0.127997 0.0691017 0.0136125
 0.707388 0.199138 0.0540876 0.023927 0.0154587
 0.807802 0.160834 0.0213765 0.00577977 0.00420767
 0.721252 0.249874 0.0241698 0.00320644 0.00149795
 0.661455 0.286452 0.0467184 0.00449891 0.000875451
 0.645665 0.286125 0.0577583 0.00937378 0.00107805
 0.74907 0.20082 0.0405191 0.00812199 0.00146918
 0.930955 0.0597273 0.00746503 0.00149837 0.000354574
 0.370824 0.60783 0.0184753 0.00229972 0.0005707
 0.88701 0.0621787 0.0490925 0.00148809 0.000231163
 0.565566 0.409416 0.0137848 0.0108523 0.000379995
 0.555929 0.325182 0.112067 0.0037596 0.00306285
 0.706487 0.21246 0.0594059 0.0204043 0.00124195
 0.717172 0.235828 0.0340491 0.00949256 0.00345835
 0.261208 0.621363 0.097968 0.0140997 0.00536203
 0.710138 0.122021 0.14121 0.0222188 0.00441336
 0.539596 0.384033 0.0321838 0.0371771 0.00701089
 0.378437 0.438776 0.152512 0.0127588 0.017516
 0.68007 0.177422 0.100646 0.0349282 0.00693295
 0.620203 0.308934 0.0393301 0.0222704 0.00926189
 0.290783 0.545656 0.133083 0.0169164 0.0135613
 0.386876 0.279664 0.256651 0.0624975 0.0143115
 0.819041 0.102299 0.0359212 0.0328951 0.00984353
pobs_pel_tallas
 0 0 0 0 0 0 0 0 0 0 0 0 0 0 0 0 0 0 0 0 0 0 0 0 0 0
 0 0 0 0 0 0 0 0 0 0 0 0 0 0 0 0 0 0 0 0 0 0 0 0 0 0
 0 0 0 0 0 0 0 0 0 0 0 0 0 0 0 0 0 0 0 0 0 0 0 0 0 0
 0 0 0 0 0 0 0 0 0 0 0 0 0 0 0 0 0 0 0 0 0 0 0 0 0 0
 0 0 0 0 0 0 0 0 0 0 0 0 0 0 0 0 0 0 0 0 0 0 0 0 0 0
 0 0 0 0 0 0 0 0 0 0 0 0 0 0 0 0 0 0 0 0 0 0 0 0 0 0
 0 0 0 0 0 0 0 0 0 0 0 0 0 0 0 0 0 0 0 0 0 0 0 0 0 0
 0 0 0 0 0 0 0 0 0 0 0 0 0 0 0 0 0 0 0 0 0 0 0 0 0 0
 0 0 0 0 0 0 0 0 0 0 0 0 0 0 0 0 0 0 0 0 0 0 0 0 0 0
 0 0 0 0 0 0 0 0 0 0 0 0 0 0 0 0 0 0 0 0 0 0 0 0 0 0
 0 0 0 0 0 0 0 0 0 0 0 0 0 0 0 0 0 0 0 0 0 0 0 0 0 0
 0 0 0 0 0 0 0 0 0 0 0 0 0 0 0 0 0 0 0 0 0 0 0 0 0 0
 0.00862536 0 0 0.000197151 0.00414017 0.0128641 0.00837892 0.0270097 0.101434 0.158115 0.152841 0.127902 0.109271 0.109419 0.0830992 0.0579132 0.0238553 0.00714673 0.00463305 0.00128148 0.00103504 0.000492878 0.000147863 0.000147863 4.92878e-05 0
 0 0 0 0 0 0 0 0 0 0 0 0 0 0 0 0 0 0 0 0 0 0 0 0 0 0
 0 0 0 0 0 0 0 0.0054083 0.00873648 0.0413646 0.0450493 0.0745869 0.0622846 0.0627006 0.0613931 0.0827291 0.12552 0.122667 0.0946155 0.0697135 0.0546179 0.0294188 0.0215738 0.0213955 0.0102223 0.00600262
 0 0 0 0 0.00359764 0.0251062 0.0480494 0.140153 0.205849 0.193036 0.1447 0.116669 0.0760912 0.0342217 0.00950174 0.001854 0.000860785 0 0 0 0.000165536 0 0.000143464 0 0 0
 0 0 0 0 0 0 0 0.000145254 0.000435761 0.0275982 0.070085 0.0708112 0.156366 0.174668 0.174014 0.160142 0.0824315 0.0480064 0.0283245 0.00493863 0.00203355 0 0 0 0 0
 0 0 0 0 0 0 0 0 0 0 0 0 0 0 0 0 0 0 0 0 0 0 0 0 0 0
 0 0 1.00437e-05 0.000401748 0.00122533 0.00171747 0.00176769 0.0269171 0.070346 0.194647 0.189555 0.159765 0.064822 0.0314167 0.0384472 0.0292271 0.0345202 0.0313363 0.0194345 0.0106764 0.0143323 0.0359363 0.0279516 0.0138201 0.00172751 0
 0 0.0021121 0.0136068 0.0755702 0.200478 0.177729 0.0527432 0.0373336 0.0318909 0.0142505 0.0149659 0.0166563 0.0217959 0.0798694 0.0677717 0.0528807 0.04013 0.0224614 0.0357745 0.0225083 0.00881397 0.00855152 0.00135912 0.000746735 0 0
 0 0 0 0 5.4009e-05 0.00500934 0.000945158 0.0243581 0.138947 0.33067 0.221406 0.137944 0.0707744 0.0437923 0.0131692 0.00525238 0.0047753 0.00276346 9.45158e-05 9.00151e-06 2.25038e-05 9.00151e-06 4.50075e-06 0 0 0
 0.000866109 0.00284123 0.00948549 0.0512746 0.133035 0.25785 0.225252 0.132002 0.0553304 0.0519788 0.0540692 0.017754 0.00435017 0.00159236 0.00146478 0.000404838 0.000125132 0.000115318 0.000107957 0.000100596 0 0 0 0 0 0
 0 0 0 0 0.00144013 0.00171154 0.00461396 0.0210425 0.0478622 0.0707936 0.0888783 0.103762 0.0637923 0.0337046 0.0602308 0.124433 0.169614 0.0934646 0.0462172 0.0250306 0.0313229 0.00938855 0.002487 0.000210481 0 0
 0 0.00764035 0.051015 0.0998891 0.058973 0.0496711 0.0374665 0.0718981 0.12319 0.153886 0.159021 0.0857701 0.0377988 0.023471 0.0147837 0.00900784 0.00315554 0.000888139 0.00291439 0.00214683 0.00393193 0.00274676 0.000635225 9.99891e-05 0 0
 0 0 0 0 0 0 0 0 0 0 0 0 0 0 0 0 0 0 0 0 0 0 0 0 0 0
 0 0 0 0 0 0 0 0 0 0 0 0 0 0 0 0 0 0 0 0 0 0 0 0 0 0
 0 0 0 0 0 0 0 0 0 0 0 0 0 0 0 0 0 0 0 0 0 0 0 0 0 0
 0 0 0 0 0 0 0 0 0 0 0 0 0 0 0 0 0 0 0 0 0 0 0 0 0 0
 0 0 0 0 0 0 0 0 0 0 0 0 0 0 0 0 0 0 0 0 0 0 0 0 0 0
 0 0 0 0 0 0 0 0 0 0 0 0 0 0 0 0 0 0 0 0 0 0 0 0 0 0
 0 0 0 0 0 0 0 0 0 0 0 0 0 0 0 0 0 0 0 0 0 0 0 0 0 0
ppred_pel_tallas
 1.13325e-16 3.61165e-05 0.000351065 0.00233295 0.0106053 0.032997 0.0703043 0.102615 0.102631 0.0703854 0.0332712 0.011404 0.00436391 0.00487031 0.00886944 0.0152575 0.0234895 0.0326836 0.041845 0.0503275 0.0578821 0.0641764 0.0683115 0.0689553 0.0651146 0.0569202
 1.19737e-16 3.1258e-05 0.000303839 0.00201912 0.00917864 0.0285584 0.060848 0.0888171 0.088854 0.0610283 0.0291641 0.0109294 0.00641827 0.00992334 0.0183505 0.0304273 0.0441807 0.0563613 0.0637438 0.0650161 0.0616182 0.0567236 0.0531496 0.0518131 0.0516796 0.0508625
 1.15192e-16 4.46225e-05 0.000433747 0.0028824 0.013103 0.0407684 0.0868623 0.126783 0.126808 0.0869838 0.0411768 0.0142847 0.00585612 0.00695069 0.0124965 0.0207874 0.030413 0.039255 0.0451872 0.047268 0.0462651 0.0440011 0.0420651 0.0409302 0.0400145 0.0383787
 1.06354e-16 5.73817e-05 0.00055777 0.00370658 0.0168496 0.0524254 0.111699 0.163032 0.163053 0.111801 0.0527675 0.017838 0.00618948 0.00598446 0.0103831 0.017127 0.0247932 0.0314542 0.0351925 0.0351497 0.0320328 0.0276002 0.0235487 0.020674 0.0188012 0.0172834
 1.0405e-16 4.98015e-05 0.000484088 0.00321694 0.0146238 0.0455001 0.0969439 0.141499 0.141531 0.0970981 0.0460176 0.0161186 0.00696933 0.00867642 0.0156111 0.0257363 0.0370858 0.0466727 0.0514844 0.0501332 0.0436765 0.0348832 0.0265605 0.020246 0.0160199 0.0131622
 1.03217e-16 5.82907e-05 0.000566606 0.0037653 0.0171165 0.0532559 0.113468 0.165615 0.165636 0.113573 0.053607 0.0181311 0.00631402 0.00613731 0.010658 0.0175797 0.0254394 0.0322418 0.035983 0.0357229 0.0321127 0.0268923 0.0217881 0.0176901 0.0145903 0.0120583
 1.04801e-16 3.47857e-05 0.000338129 0.00224699 0.0102145 0.0317814 0.0677154 0.0988424 0.0988889 0.0679426 0.0325442 0.0124177 0.00777772 0.012413 0.0229707 0.0379295 0.0546572 0.0687784 0.0758466 0.0738033 0.064188 0.051062 0.0385506 0.0289265 0.0223407 0.0177889
 1.10309e-16 3.29792e-05 0.00032057 0.0021303 0.00968405 0.0301309 0.0641983 0.0937067 0.093742 0.064371 0.0307113 0.0113636 0.00635746 0.00958554 0.0177374 0.0295549 0.0432328 0.0557464 0.0639863 0.0664553 0.0640215 0.0590479 0.0536711 0.0486733 0.04364 0.0378982
 1.13001e-16 4.12766e-05 0.000401224 0.00266627 0.0121205 0.0377115 0.0803495 0.117278 0.117306 0.080486 0.0381705 0.0134484 0.00600729 0.00772129 0.0140224 0.0233263 0.0340975 0.0439459 0.0504644 0.0525763 0.0511251 0.0481356 0.0453655 0.0433247 0.0413728 0.0385351
 1.06628e-16 5.82667e-05 0.000566373 0.00376375 0.0171095 0.053234 0.113421 0.165546 0.165565 0.113515 0.0535499 0.0180226 0.00605842 0.00558406 0.00961285 0.0158668 0.023012 0.0292859 0.0329385 0.0331868 0.0306702 0.0269704 0.0235894 0.0211933 0.0195705 0.0181087
 1.0195e-16 6.65376e-05 0.00064677 0.00429801 0.0195381 0.0607905 0.129521 0.189043 0.189059 0.129597 0.0610448 0.0202726 0.00614164 0.00467127 0.00770936 0.0126388 0.0181984 0.0228821 0.0252036 0.0244812 0.0212409 0.0168564 0.012723 0.009609 0.00755795 0.00620897
 1.01337e-16 5.94086e-05 0.000577473 0.00383751 0.0174448 0.0542773 0.115645 0.168792 0.168816 0.115762 0.0546721 0.0185847 0.00669777 0.00681827 0.0119024 0.0195581 0.0281094 0.0352226 0.0385584 0.0370337 0.031465 0.0240221 0.0169475 0.0115352 0.0079525 0.00571
 1.02021e-16 5.44832e-05 0.000529597 0.00351936 0.0159985 0.0497774 0.106057 0.154799 0.154827 0.106192 0.0502306 0.0173074 0.00680513 0.00770346 0.0136817 0.0225392 0.0324773 0.0408662 0.0450532 0.0437976 0.0379903 0.0300214 0.0223342 0.016299 0.012057 0.00908189
 1.02863e-16 5.31826e-05 0.000516954 0.00343534 0.0156166 0.0485892 0.103525 0.151104 0.151132 0.10366 0.0490422 0.0169254 0.00672178 0.00769537 0.0136982 0.0225926 0.0326113 0.0411551 0.0456 0.0447186 0.0393829 0.0319253 0.0247007 0.0189853 0.0148529 0.0117598
 1.02284e-16 6.17e-05 0.000599746 0.00398552 0.0181176 0.0563707 0.120104 0.1753 0.175319 0.120199 0.0566887 0.0190362 0.00629231 0.00563853 0.00964015 0.0158625 0.0228982 0.028906 0.0320469 0.0314641 0.0277743 0.0226158 0.0176375 0.0137247 0.0109129 0.00880279
 1.00442e-16 7.66815e-05 0.000745372 0.00495326 0.0225168 0.0700581 0.149266 0.21786 0.217866 0.149295 0.0701525 0.0227895 0.00563761 0.00223904 0.00291256 0.00469137 0.00674509 0.00846997 0.00930692 0.00899849 0.00773711 0.00603295 0.00440902 0.00316076 0.00231822 0.00176201
 1.01016e-16 3.05444e-05 0.000296902 0.00197302 0.00896912 0.0279066 0.05946 0.0867959 0.0868544 0.0597457 0.0288654 0.0117371 0.00891571 0.0154347 0.0287265 0.0473019 0.0678069 0.0845725 0.0918407 0.0869552 0.0719808 0.0523921 0.0339244 0.020001 0.0111964 0.00631629
 1.01622e-16 7.30618e-05 0.000710187 0.00471944 0.0214539 0.0667511 0.14222 0.207576 0.207582 0.14225 0.0668507 0.0217424 0.00544659 0.0023073 0.00313468 0.00514031 0.00756829 0.00986987 0.0115237 0.0122644 0.0121947 0.0116375 0.0108648 0.00994347 0.00879741 0.00737731
 1.01656e-16 4.6585e-05 0.000452823 0.00300917 0.0136793 0.0425615 0.0906833 0.132363 0.132403 0.0908758 0.0432075 0.0155442 0.0076869 0.0106532 0.0193863 0.0318904 0.0457356 0.0570972 0.0621147 0.0590184 0.0492113 0.0363748 0.0243394 0.0153517 0.00972519 0.0065891
 1.04213e-16 4.57912e-05 0.000445106 0.00295789 0.0134462 0.0418362 0.0891375 0.130105 0.130137 0.0892912 0.0423525 0.0149386 0.00670893 0.00864915 0.0156718 0.0259528 0.0376501 0.0478981 0.0537739 0.0538756 0.0490785 0.0418026 0.0344353 0.0281883 0.0230631 0.0185586
 1.04026e-16 5.81925e-05 0.000565652 0.00375896 0.0170877 0.0531662 0.113277 0.165335 0.165356 0.113377 0.0535032 0.0180617 0.00620644 0.0059167 0.0102449 0.0169083 0.0245006 0.031125 0.0348818 0.0348903 0.0317824 0.0272086 0.0227739 0.0192542 0.0165565 0.0142031
 1.02581e-16 5.90725e-05 0.000574206 0.0038158 0.0173461 0.0539703 0.11499 0.167836 0.167859 0.115101 0.0543432 0.0184234 0.00652 0.00647786 0.0112723 0.0185448 0.026716 0.0336119 0.0370565 0.0360467 0.0313425 0.0249394 0.0188628 0.0142266 0.0110971 0.00896649
 1.05308e-16 2.15154e-05 0.000209138 0.0013898 0.00631786 0.0196575 0.0418846 0.0611444 0.0612043 0.0421773 0.0206404 0.00915682 0.00851658 0.0157688 0.0295775 0.0488768 0.0704358 0.0886301 0.0977204 0.0950327 0.0825231 0.0653998 0.0489736 0.0362022 0.0273454 0.0211934
 1.07082e-16 5.84931e-05 0.000568574 0.00377838 0.017176 0.0534408 0.113862 0.166187 0.166199 0.11392 0.0536379 0.0177478 0.00522334 0.00375474 0.00620283 0.0104055 0.015552 0.0207441 0.0250724 0.0280693 0.0298724 0.0308985 0.0313355 0.0309339 0.0292551 0.0261044
 1.05942e-16 4.44459e-05 0.00043203 0.00287099 0.0130511 0.0406071 0.0865191 0.126285 0.126322 0.0866998 0.0412139 0.0148034 0.00726843 0.0100284 0.0182608 0.030097 0.0433067 0.0543792 0.0597829 0.0579317 0.0501569 0.039829 0.0303447 0.0235295 0.0193801 0.0168558
 1.08758e-16 3.11715e-05 0.000302998 0.00201353 0.00915324 0.0284794 0.0606799 0.0885729 0.0886153 0.0608873 0.0291762 0.0111677 0.00707681 0.0113787 0.0211319 0.0350578 0.0508991 0.0648401 0.0729775 0.0734663 0.0675307 0.0584547 0.0494308 0.0420029 0.036025 0.0306484
 1.07626e-16 5.60165e-05 0.000544501 0.0036184 0.0164487 0.0511782 0.109041 0.159152 0.15917 0.109125 0.0514614 0.0172685 0.00568242 0.00507126 0.00871513 0.0144823 0.0212412 0.0275238 0.0318614 0.0335735 0.0331117 0.0316098 0.0300253 0.0285909 0.0269217 0.0245251
 1.05015e-16 5.10854e-05 0.000496568 0.00329987 0.0150008 0.0466731 0.099443 0.145146 0.145176 0.0995885 0.0471616 0.0164117 0.00684166 0.00822855 0.0147365 0.0242853 0.0349906 0.0440341 0.0485854 0.0473616 0.0413986 0.0333463 0.0258678 0.020384 0.0168911 0.0146
 1.07972e-16 2.39515e-05 0.000232818 0.00154716 0.00703318 0.0218831 0.0466263 0.0680634 0.0681161 0.0468837 0.0227478 0.00953181 0.00782328 0.0139476 0.0261115 0.0432357 0.0625271 0.0791429 0.088135 0.0871885 0.0779399 0.0647429 0.0519385 0.0417969 0.034331 0.02845
 1.16168e-16 3.18666e-05 0.000309754 0.00205843 0.00935733 0.0291143 0.062032 0.0905433 0.0905706 0.0621657 0.029564 0.0106608 0.00534765 0.00754787 0.0139481 0.0234537 0.0348261 0.045987 0.0547882 0.0601877 0.0626878 0.0635891 0.063735 0.0628682 0.0600456 0.0545798
 1.06028e-16 6.74633e-05 0.000655768 0.00435781 0.01981 0.0616362 0.131323 0.191672 0.191681 0.131371 0.0617989 0.0202806 0.00554152 0.00324788 0.00501464 0.0082489 0.0120351 0.0154817 0.0177409 0.0184589 0.0179835 0.0170913 0.0164475 0.0162271 0.0161325 0.0156947
pSPR Fmed_Fpbrs
0.573594   0.248726 0.248726
Fs Fmed_Fpbrs
0.34   1.005 1.005
SSBpbr Bo_Bmed_Bpbrs
1.12996e+06  591638  224552 224552
Ro
127765
SPR SPRFo_SPRFmed_SPRFpbrs
911946 523087 226825
Fref
1.005
Nvult_r0
 190462 14003.7 4977.85 4561.51 1365.03
CTP_r0
 75052 6920.22 2493.25 2286.35 684.216
YTP_r0
893035
Np
 169365 32516.4 9467.76 564.215 224.104
Nvult_p0
 136848 28013.2 8190.9 488.232 193.926
CTP_p0
 53925.4 29104.9 1812.82 636.1 730.879
 53925.4 13843.3 4102.57 244.715 97.2047
YTP_p0
 1.0038e+06 758003
CBA_c0
926264
log_Ro
11.5779
likeval ReclasPelacesDesembMPH_pf_preclas_ppelaces_ptallas_desvR_qrecl_qpela
 12.3974 17.1056 0.0252654 0.00240114 215.516 118.722 106.025 0 23.0366 9.51563e-06 5.15891e-05 0.119632 0 0 0
q_reclas_q_pelaces
1.54689 2.76148
M
1
N
 162540 32962.4 73569 5233.54 0.206571
 89211.8 50870.3 9511.75 21089.8 1499.81
 90943 24325.8 11933.9 2204.31 5231.57
 133632 24908.1 5744.84 2784.61 1733.89
 109717 31528.4 4701.48 1064.88 836.727
 200651 34938.3 9337.9 1384.28 559.719
 77980.2 57106 8740.83 2311.82 481.006
 33259.6 15791.8 8568.52 1279.97 408.427
 32158.9 11023.1 4966.53 2683.35 528.623
 42600.3 7761.24 2152.65 953.359 615.982
 80206.6 8440.13 1126.85 304.751 221.862
 120364 25829.5 2542.28 337.584 157.716
 99986.7 26490.5 4391.81 423.3 82.3745
 71754.1 22670.6 4710.17 765.622 88.0591
 64952.3 11270.2 2322.13 465.995 84.2985
 324825 12866.4 1635.89 328.658 77.7775
 77067.4 72053.6 2213.66 275.705 68.4213
 519200 20671.6 16490.9 500.152 77.6968
 326856 140689 4804.04 3784.94 132.536
 229614 79351.5 27720 930.626 758.186
 329671 56604.9 15998.8 5498.35 334.678
 454812 88217 12909 3601.51 1312.16
 85687.6 112556 17890 2575.89 979.617
 265079 24842 28952.4 4557.28 905.241
 203983 79163.8 6681.21 7720.72 1456.01
 97951.5 60948.4 21306.8 1783.04 2447.9
 213296 30408.9 17375 6032.16 1197.36
 236076 63404 8121.5 4600.28 1913.21
 72185.1 72472.1 17773.1 2259.83 1811.66
 56410.8 22574.9 20889.2 5089.05 1165.38
 235717 16254.8 5753.83 5271.41 1577.45
pred_Ctot
 15539.1 4582.05 10476.8 746.259 0.0294572
 14953.5 12081.8 2309.58 5126.93 364.626
 15044.3 5706.47 2862.29 529.318 1256.33
 31404.4 8087.38 1903.26 923.526 575.083
 9430.85 3953.87 604.178 137.025 107.674
 29317.5 7290.2 1993.24 295.843 119.628
 23246.7 22948.5 3577.35 947.074 197.062
 2101.21 1467.09 816.239 122.094 38.9616
 7234.92 3439.4 1581.66 855.481 168.54
 13058.9 3196.38 902.665 400.152 258.558
 6386.94 982.722 134.473 36.4153 26.5125
 31858.8 9338.14 936.995 124.549 58.1915
 25215.2 9169.16 1550.29 149.579 29.1099
 27809.1 11418.1 2409.49 391.978 45.0858
 19914.9 4642.33 973.907 195.627 35.3907
 84914.7 4599.97 596.3 119.923 28.3814
 13539.2 17882.9 561.561 70.0225 17.3784
 88627.7 4994.2 4072.88 123.671 19.2131
 72667.5 43424.1 1513.53 1193.76 41.8039
 49458.1 23791.3 8485.13 285.18 232.351
 58297.7 14135.2 4083.41 1404.99 85.5255
 97162.5 26250.2 3921.9 1095.39 399.113
 11704 22031 3583.16 516.552 196.459
 32076.3 4331.79 5168.29 814.538 161.807
 24629.6 13775.3 1190.19 1377.08 259.715
 9800.93 8853.45 3170.35 265.648 364.727
 26336.4 5405.81 3161.83 1099.08 218.176
 25068.2 9753.12 1279.46 725.651 301.811
 6931 10116.5 2541.62 323.581 259.426
 7883.35 4515.69 4275.37 1042.84 238.824
 32149.5 3177.17 1150.83 1055.63 315.914
F
 0.161646 0.24284 0.249434 0.249791 0.24981
 0.299474 0.449898 0.462115 0.462776 0.462811
 0.29504 0.443237 0.455273 0.455924 0.455959
 0.444198 0.667317 0.685437 0.686418 0.68647
 0.144318 0.216809 0.222696 0.223015 0.223032
 0.256659 0.385577 0.396047 0.396614 0.396644
 0.596963 0.896814 0.921166 0.922484 0.922554
 0.104354 0.156771 0.161028 0.161258 0.161271
 0.421548 0.633289 0.650485 0.651416 0.651465
 0.618864 0.929716 0.954962 0.956329 0.956401
 0.133089 0.199938 0.205367 0.205661 0.205677
 0.513732 0.771776 0.792734 0.793868 0.793928
 0.483969 0.727064 0.746807 0.747876 0.747932
 0.851088 1.27858 1.3133 1.31518 1.31528
 0.619032 0.929969 0.955222 0.956589 0.956661
 0.505876 0.759975 0.780612 0.781729 0.781788
 0.315918 0.474602 0.48749 0.488187 0.488224
 0.305736 0.459305 0.471777 0.472452 0.472488
 0.415631 0.6244 0.641355 0.642273 0.642321
 0.400305 0.601376 0.617706 0.61859 0.618636
 0.318295 0.478173 0.491158 0.491861 0.491898
 0.39643 0.595555 0.611727 0.612603 0.612649
 0.23817 0.357802 0.367518 0.368044 0.368072
 0.208507 0.313238 0.321744 0.322205 0.322229
 0.208011 0.312494 0.320979 0.321439 0.321463
 0.169738 0.254996 0.26192 0.262295 0.262315
 0.213154 0.32022 0.328915 0.329386 0.329411
 0.180952 0.271842 0.279224 0.279624 0.279645
 0.162397 0.243968 0.250593 0.250952 0.250971
 0.244273 0.36697 0.376935 0.377474 0.377503
 0.237786 0.357224 0.366924 0.367449 0.367477
YTP_r0W_actual
 622932 97575 68813.7 78193.2 25521.3
YTP_p0W_proyectada
 406597 507881 43634.6 19922.7 25763.5
 406597 241566 98748.9 7664.47 3426.46
CTP_r0_actual
 75052 6920.22 2493.25 2286.35 684.216
CTP_p0_proyectada
 53925.4 29104.9 1812.82 636.1 730.879
 53925.4 13843.3 4102.57 244.715 97.2047
Wmedp
 7.54 17.45 24.07 31.32 35.25
Frms_r0
 0.650309 0.976955 1.00348 1.00492 1.005
Zrms_r0
 1.65031 1.97696 2.00348 2.00492 2.005
nmprior
 7.29 8.9 8.7 0
nm_flota  nm_reclas  nm_pelaces    nm_pelaL
inf 15.3133 8.45721 16.0471
cv_recla  cv_pelaces  cv_mph
0.318486 0.468967 1.35906
 ------------------------------------------------
Talla a la edad & desviaci?n 
 8 13.2811 15.8009 17.003 17.5766
 0.8 1.32811 1.58009 1.7003 1.75766
