years
 1991 1992 1993 1994 1995 1996 1997 1998 1999 2000 2001 2002 2003 2004 2005 2006 2007 2008 2009 2010 2011 2012 2013 2014 2015 2016 2017 2018 2019
reclasobs
 0 0 0 0 0 0 0 0 0 252601 567819 844713 477998 351125 339783 2.1784e+06 2.13404e+06 4.81314e+06 1.55562e+06 2.62356e+06 3.21686e+06 3.843e+06 1.13348e+06 3.07943e+06 1.97215e+06 2.03268e+06 2.025e+06 2.42433e+06 2.27542e+06
reclaspred
 3.78612e+06 2.16634e+06 1.06948e+06 875840 915489 1.24307e+06 940204 798611 569214 428310 426421 588309 581768 478384 548070 1.0914e+06 1.57309e+06 2.38748e+06 2.32662e+06 1.79837e+06 3.04842e+06 2.46942e+06 2.27372e+06 2.83697e+06 2.50325e+06 2.277e+06 2.41323e+06 2.41523e+06 2.68874e+06
pelacesobs
 0 0 0 0 0 0 0 0 0 0 0 0 0 0 0 552880 188675 0 991730 2.46772e+06 1.41603e+06 1.21717e+06 2.29649e+06 1.80582e+06 0 1.4828e+06 1.56532e+06 1.57751e+06 1.42118e+06
pelacespred
 1.82487e+06 1.14344e+06 578335 379820 415397 558175 409337 401888 293453 205140 220237 243619 261720 230330 280954 469539 663270 1.08893e+06 1.15707e+06 863567 1.27823e+06 1.2359e+06 1.08268e+06 1.44766e+06 1.30865e+06 1.13741e+06 1.35476e+06 1.31587e+06 1.25019e+06
mphobs
 0 0 0 0 0 0 0 0 0 0 0 0 498337 0 5186 125008 0 168611 109162 213762 579715 649985 157893 87575 83554 210694 70296 0 107559
mphpred
 3.64501e+06 2.43164e+06 1.21745e+06 662229 706249 782169 991272 621398 556938 387525 270355 435875 444626 386084 307054 494996 1.1922e+06 1.30586e+06 1.9612e+06 1.65282e+06 1.73466e+06 2.19627e+06 1.99653e+06 1.69745e+06 2.38877e+06 1.90976e+06 1.64377e+06 1.85543e+06 2.38769e+06
desembarqueobs
 494567 514787 250237 358949 120608 361735 552515 73892 212993 205616 52469 317467 293654 387597 252695 516296 358380 742168 942051 627588 828172 859565 418607 520667 417249 300574 415391 372974 316634
desembarquepred
 494574 513535 250858 358977 120613 361750 552568 73896.1 213041 205659 52471.7 317556 293729 387671 252695 516279 358412 742087 941910 627503 828264 859665 418635 520706 417274 300584 415401 372976 316640
Reclutas
 208083 118176 119847 195771 157306 258405 109931 52008.9 47683.2 68359.4 125356 146773 132266 105088 130669 502815 160220 672350 529542 335848 547525 664745 164269 457668 353218 189829 423227 410263 182708
log_desv_Rt
 0.0250604 -0.540701 -0.526664 -0.0359326 -0.254686 0.241651 -0.613027 -1.36146 -1.4483 -1.0881 -0.481719 -0.323989 -0.42806 -0.658078 -0.440209 0.907345 -0.236327 1.1979 0.959136 0.503781 0.992531 1.18653 -0.21137 0.813267 0.554208 -0.0667515 0.735032 0.703921 -0.104987
SSB
 3.64501e+06 2.43164e+06 1.21745e+06 662229 706249 782169 991272 621398 556938 387525 270355 435875 444626 386084 307054 494996 1.1922e+06 1.30586e+06 1.9612e+06 1.65282e+06 1.73466e+06 2.19627e+06 1.99653e+06 1.69745e+06 2.38877e+06 1.90976e+06 1.64377e+06 1.85543e+06 2.38769e+06
BT
 4.85797e+06 3.29539e+06 1.66883e+06 1.4253e+06 1.23681e+06 2.08846e+06 1.54477e+06 1.22209e+06 1.02964e+06 791361 760673 1.00205e+06 1.07147e+06 1.16033e+06 1.25491e+06 2.12028e+06 2.09929e+06 4.34671e+06 4.38119e+06 2.93639e+06 4.78904e+06 4.3558e+06 3.24123e+06 5.33178e+06 3.85625e+06 3.42056e+06 4.89005e+06 4.3933e+06 3.39766e+06
Ftot
 0.117412 0.213426 0.208178 0.323457 0.110291 0.224659 0.494052 0.0783003 0.305613 0.386082 0.0911818 0.419924 0.392965 0.594383 0.322796 0.324416 0.190619 0.230764 0.318688 0.283459 0.212859 0.276519 0.159357 0.138385 0.141065 0.111852 0.13084 0.118112 0.105173
BD_Bspro_t
 0.981389 0.863603 0.718708 0.634776 0.620618 0.68732 0.669155 0.510226 0.569647 0.529494 0.508592 0.702534 0.581713 0.502113 0.430624 0.543579 0.648359 0.653771 0.688976 0.6188 0.585846 0.636944 0.64301 0.645108 0.743058 0.745286 0.760158 0.797733 0.824153
BD_Bspro
 2.52731 1.68601 0.844133 0.459165 0.489687 0.542327 0.687311 0.430854 0.38616 0.268696 0.187454 0.302219 0.308287 0.267697 0.2129 0.343212 0.826624 0.905435 1.35982 1.14601 1.20275 1.52281 1.38432 1.17695 1.65628 1.32415 1.13973 1.28649 1.65554
BD_Bo
 1.36271 0.909084 0.455151 0.247579 0.264036 0.292419 0.370593 0.232314 0.208215 0.144879 0.101074 0.162955 0.166226 0.14434 0.114794 0.185058 0.44571 0.488204 0.733207 0.617918 0.648514 0.821089 0.746416 0.634602 0.893056 0.713974 0.614532 0.693665 0.892654
BD_Brms
 8.35691 5.57502 2.79125 1.51829 1.61922 1.79328 2.27269 1.42468 1.27689 0.88848 0.619842 0.999331 1.0194 0.885176 0.703983 1.13488 2.73335 2.99395 4.49645 3.78943 3.97706 5.03539 4.57745 3.89174 5.47673 4.3785 3.76866 4.25395 5.47427
Sel_flota
 0.79184 1 1 1 1
 0.79184 1 1 1 1
 0.79184 1 1 1 1
 0.79184 1 1 1 1
 0.79184 1 1 1 1
 0.79184 1 1 1 1
 0.79184 1 1 1 1
 0.79184 1 1 1 1
 0.79184 1 1 1 1
 0.79184 1 1 1 1
 0.79184 1 1 1 1
 0.79184 1 1 1 1
 0.79184 1 1 1 1
 0.79184 1 1 1 1
 0.79184 1 1 1 1
 0.79184 1 1 1 1
 0.79184 1 1 1 1
 0.79184 1 1 1 1
 0.79184 1 1 1 1
 0.79184 1 1 1 1
 0.79184 1 1 1 1
 0.79184 1 1 1 1
 0.79184 1 1 1 1
 0.79184 1 1 1 1
 0.79184 1 1 1 1
 0.79184 1 1 1 1
 0.79184 1 1 1 1
 0.79184 1 1 1 1
 0.79184 1 1 1 1
Sel_reclas
 0.5 1 1 1 1
 0.5 1 1 1 1
 0.5 1 1 1 1
 0.5 1 1 1 1
 0.5 1 1 1 1
 0.5 1 1 1 1
 0.5 1 1 1 1
 0.5 1 1 1 1
 0.5 1 1 1 1
 0.5 1 1 1 1
 0.5 1 1 1 1
 0.5 1 1 1 1
 0.5 1 1 1 1
 0.5 1 1 1 1
 0.5 1 1 1 1
 0.5 1 1 1 1
 0.5 1 1 1 1
 0.5 1 1 1 1
 0.5 1 1 1 1
 0.5 1 1 1 1
 0.5 1 1 1 1
 0.5 1 1 1 1
 0.5 1 1 1 1
 0.5 1 1 1 1
 0.5 1 1 1 1
 0.5 1 1 1 1
 0.5 1 1 1 1
 0.5 1 1 1 1
 0.5 1 1 1 1
Sel_pelaces
 0.5 1 1 1 1
 0.5 1 1 1 1
 0.5 1 1 1 1
 0.5 1 1 1 1
 0.5 1 1 1 1
 0.5 1 1 1 1
 0.5 1 1 1 1
 0.5 1 1 1 1
 0.5 1 1 1 1
 0.5 1 1 1 1
 0.5 1 1 1 1
 0.5 1 1 1 1
 0.5 1 1 1 1
 0.5 1 1 1 1
 0.5 1 1 1 1
 0.5 1 1 1 1
 0.5 1 1 1 1
 0.5 1 1 1 1
 0.5 1 1 1 1
 0.5 1 1 1 1
 0.5 1 1 1 1
 0.5 1 1 1 1
 0.5 1 1 1 1
 0.5 1 1 1 1
 0.5 1 1 1 1
 0.5 1 1 1 1
 0.5 1 1 1 1
 0.5 1 1 1 1
 0.5 1 1 1 1
pf_obs 
 0.8446 0.082 0.0669 0.0065 0
 0.8095 0.147 0.0364 0.0071 0
 0.9664 0.0169 0.016 0.0007 0
 0.9276 0.0648 0.0075 0.0001 0
 0.7033 0.2144 0.0806 0.0017 0
 0.9318 0.0425 0.0243 0.0014 0
 0.5671 0.3108 0.0964 0.0239 0.0018
 0.0768 0.2599 0.5324 0.112 0.0189
 0.490249 0.384438 0.106611 0.0170017 0.00170017
 0.7925 0.1577 0.0466 0.003 0.0002
 0.840416 0.127587 0.0312969 0.00059994 9.999e-05
 0.8084 0.0986 0.0794 0.0134 0.0002
 0.7335 0.1905 0.0724 0.0035 0.0001
 0.4001 0.4547 0.1325 0.0127 0
 0.49795 0.308269 0.164784 0.0264974 0.00249975
 0.9179 0.0499 0.0305 0.0017 0
 0.2467 0.6533 0.0926 0.0074 0
 0.9418 0.0223 0.034 0.0019 0
 0.707729 0.231977 0.0356964 0.0245975 0
 0.517169 0.277429 0.184464 0.0207286 0.00020938
 0.811772 0.124168 0.05621 0.00726502 0.000585176
 0.764997 0.148141 0.077277 0.00933861 0.000247198
 0.163321 0.427699 0.378323 0.0303852 0.000271297
 0.753843 0.0900009 0.118128 0.0371064 0.000921714
 0.721811 0.176058 0.0630433 0.0369309 0.00215725
 0.143369 0.312575 0.442814 0.0836902 0.0175525
 0.692698 0.0596174 0.167031 0.0765114 0.00414204
 0.394062 0.376323 0.152708 0.0712218 0.00568511
 0.125707 0.32114 0.495352 0.0537591 0.00404204
pf_pred 
 0.424624 0.119689 0.430992 0.0246942 8.40219e-07
 0.398955 0.29211 0.0642644 0.231411 0.0132594
 0.548897 0.208678 0.11782 0.0259204 0.0986851
 0.722656 0.169717 0.0497875 0.02811 0.029729
 0.635846 0.281903 0.0503328 0.0147654 0.0171532
 0.730925 0.185903 0.064386 0.0114959 0.00729015
 0.469967 0.412971 0.080878 0.0280114 0.00817295
 0.451977 0.29813 0.194702 0.0381314 0.0170597
 0.52465 0.243649 0.126047 0.0823188 0.0233344
 0.705838 0.174017 0.0615822 0.0318583 0.0267038
 0.804278 0.148924 0.0276845 0.00979713 0.00931666
 0.701845 0.250433 0.0363109 0.00675009 0.00466037
 0.679225 0.243217 0.0651447 0.00944548 0.00296818
 0.643371 0.263044 0.0709575 0.0190057 0.00362163
 0.757806 0.172212 0.0516172 0.013924 0.00444016
 0.898342 0.081785 0.0141311 0.0042355 0.00150689
 0.453473 0.503238 0.0348264 0.00601742 0.00244528
 0.847159 0.0791082 0.0678924 0.00469847 0.00114171
 0.647217 0.309781 0.0222571 0.0191015 0.00164314
 0.559765 0.311197 0.11331 0.00814106 0.00758786
 0.736338 0.164683 0.0699669 0.0254756 0.00353636
 0.712644 0.225177 0.038837 0.0165002 0.00684187
 0.33902 0.505172 0.122094 0.021058 0.0126564
 0.732513 0.106409 0.123108 0.0297537 0.00821602
 0.593613 0.316436 0.0357837 0.041399 0.0127686
 0.460043 0.35228 0.146137 0.0165256 0.0250157
 0.734481 0.138528 0.0828515 0.0343694 0.00976998
 0.645884 0.27629 0.0406038 0.0242845 0.0129376
 0.42654 0.401616 0.134077 0.0197041 0.0180631
pobs_RECLAS
 0 0 0 0 0
 0 0 0 0 0
 0 0 0 0 0
 0 0 0 0 0
 0 0 0 0 0
 0 0 0 0 0
 0 0 0 0 0
 0 0 0 0 0
 0 0 0 0 0
 0 0 0 0 0
 0.991045 0.00858322 0.000360255 1.14367e-05 0
 0.934742 0.0480273 0.0164251 0.00080598 0
 0.827803 0.169806 0.00239088 0 0
 0.941827 0.0461693 0.0120037 0 0
 0.791401 0.0380133 0.147996 0.0225897 0
 0.846168 0.0940531 0.0597789 0 0
 0.134021 0.677848 0.182769 0.00536245 0
 0.80878 0.0450904 0.141981 0.00414843 0
 0.846168 0.0940531 0.0597789 0 0
 0.905697 0.0802665 0.012482 0.00150086 5.37128e-05
 0.989698 0.0102097 9.19794e-05 0 0
 0.975433 0.0193895 0.00387452 0.00125025 5.28907e-05
 0.303575 0.632131 0.0575291 0.00676475 0
 0.966965 0.00978017 0.0227588 0.000495775 0
 0.843318 0.132988 0.00938335 0.0141283 0.000182051
 0.564624 0.303363 0.111486 0.0197234 0.00080311
 0.826376 0.0876187 0.0782897 0.00655872 0.00115652
 0.89761 0.0855135 0.0140674 0.00269457 0.000114338
 0.34875 0.467042 0.161289 0.0227151 0.000203297
ppred_RECLAS
 0.31835 0.141796 0.510597 0.0292553 9.9541e-07
 0.296241 0.34203 0.0752467 0.270957 0.0155254
 0.435524 0.261124 0.14743 0.0324348 0.123487
 0.623626 0.230317 0.0675649 0.0381471 0.0403443
 0.524902 0.367788 0.0656673 0.0192639 0.0223792
 0.632775 0.253715 0.0878718 0.0156892 0.00994935
 0.361682 0.49734 0.0974014 0.0337341 0.00984268
 0.342762 0.357544 0.233504 0.0457305 0.0204596
 0.412293 0.30124 0.155841 0.101776 0.0288499
 0.604502 0.233965 0.0827968 0.0428333 0.035903
 0.722155 0.211411 0.0393006 0.0139079 0.0132258
 0.600145 0.335856 0.0486965 0.00905253 0.00625001
 0.574298 0.322774 0.0864538 0.0125351 0.00393908
 0.536308 0.342012 0.0922595 0.0247113 0.00470887
 0.665514 0.237837 0.0712868 0.01923 0.00613216
 0.848932 0.121535 0.0209992 0.0062941 0.00223929
 0.344656 0.603436 0.0417606 0.00721552 0.00293215
 0.778588 0.1146 0.0983518 0.00680641 0.00165393
 0.538423 0.405314 0.0291209 0.0249922 0.00214986
 0.446818 0.391037 0.14238 0.0102297 0.00953459
 0.639125 0.225402 0.0957641 0.0348686 0.00484024
 0.611671 0.304301 0.0524837 0.0222981 0.00924599
 0.24521 0.576868 0.139422 0.0240466 0.0144527
 0.634206 0.145517 0.168353 0.0406889 0.0112356
 0.480477 0.40453 0.0457457 0.0529242 0.0163233
 0.350275 0.423894 0.175845 0.0198851 0.0301011
 0.636501 0.189647 0.113425 0.0470521 0.0133752
 0.535805 0.362176 0.0532258 0.0318335 0.0169594
 0.319999 0.47623 0.158987 0.0233649 0.0214189
pobs_PELACES
 0 0 0 0 0
 0 0 0 0 0
 0 0 0 0 0
 0 0 0 0 0
 0 0 0 0 0
 0 0 0 0 0
 0 0 0 0 0
 0 0 0 0 0
 0 0 0 0 0
 0 0 0 0 0
 0 0 0 0 0
 0 0 0 0 0
 0 0 0 0 0
 0 0 0 0 0
 0 0 0 0 0
 0 0 0 0 0
 0.505614 0.472636 0.0217494 0 0
 0 0 0 0 0
 0.443492 0.261883 0.143347 0.151278 0
 0.227955 0.32914 0.350689 0.0885471 0.00366901
 0.970185 0.0296113 0.000203453 0 0
 0.997202 0.00247181 0.000326279 0 0
 0.445219 0.490057 0.0546422 0.010081 0
 0.90214 0.0892962 0.00764917 0.000914606 0
 0 0 0 0 0
 0.581667 0.319106 0.0959925 0.00289975 0.000334073
 0.762889 0.0836404 0.116647 0.0363945 0.000428098
 0.88444 0.0763242 0.0277011 0.0115352 0
 0.521256 0.241999 0.230069 0.00667565 0
ppred_PELACES
 0.320103 0.141432 0.509284 0.0291801 9.92851e-07
 0.299307 0.34054 0.0749189 0.269777 0.0154577
 0.439043 0.259496 0.146511 0.0322326 0.122717
 0.628827 0.227135 0.0666313 0.03762 0.0397868
 0.526791 0.366326 0.0654062 0.0191873 0.0222902
 0.636354 0.251242 0.0870155 0.0155363 0.00985239
 0.369553 0.491207 0.0962003 0.0333181 0.0097213
 0.343974 0.356884 0.233074 0.0456462 0.0204218
 0.417389 0.298628 0.154489 0.100894 0.0285997
 0.610825 0.230225 0.0814732 0.0421485 0.035329
 0.72341 0.210456 0.0391231 0.0138451 0.0131661
 0.607047 0.330059 0.047856 0.00889628 0.00614213
 0.580883 0.317781 0.0851164 0.0123412 0.00387814
 0.546445 0.334535 0.0902425 0.0241711 0.00460593
 0.670432 0.23434 0.0702387 0.0189473 0.006042
 0.851768 0.119254 0.020605 0.00617595 0.00219725
 0.347619 0.600707 0.0415718 0.00718289 0.00291889
 0.781309 0.113191 0.0971433 0.00672277 0.00163361
 0.543859 0.40054 0.028778 0.0246979 0.00212454
 0.451636 0.387631 0.14114 0.0101406 0.00945155
 0.64249 0.2233 0.094871 0.0345434 0.0047951
 0.616174 0.300773 0.0518753 0.0220396 0.0091388
 0.247242 0.575315 0.139047 0.0239819 0.0144138
 0.636408 0.144641 0.167339 0.0404439 0.0111679
 0.482896 0.402646 0.0455326 0.0526778 0.0162472
 0.352026 0.422752 0.175371 0.0198315 0.03002
 0.638578 0.188563 0.112777 0.0467833 0.0132988
 0.537823 0.360602 0.0529945 0.0316951 0.0168857
 0.321573 0.475128 0.158619 0.0233108 0.0213693
pobs_pel_tallas
 0 0 0 0 0 0 0 0 0 0 0 0 0 0 0 0 0 0 0 0 0 0 0 0 0 0
 0 0 0 0 0 0 0 0 0 0 0 0 0 0 0 0 0 0 0 0 0 0 0 0 0 0
 0 0 0 0 0 0 0 0 0 0 0 0 0 0 0 0 0 0 0 0 0 0 0 0 0 0
 0 0 0 0 0 0 0 0 0 0 0 0 0 0 0 0 0 0 0 0 0 0 0 0 0 0
 0 0 0 0 0 0 0 0 0 0 0 0 0 0 0 0 0 0 0 0 0 0 0 0 0 0
 0 0 0 0 0 0 0 0 0 0 0 0 0 0 0 0 0 0 0 0 0 0 0 0 0 0
 0 0 0 0 0 0 0 0 0 0 0 0 0 0 0 0 0 0 0 0 0 0 0 0 0 0
 0 0 0 0 0 0 0 0 0 0 0 0 0 0 0 0 0 0 0 0 0 0 0 0 0 0
 0 0 0 0 0 0 0 0 0 0 0 0 0 0 0 0 0 0 0 0 0 0 0 0 0 0
 0 0 0 0 0 0 0 0 0 0 0 0 0 0 0 0 0 0 0 0 0 0 0 0 0 0
 0 0 0 0 0 0 0 0 0 0 0 0 0 0 0 0 0 0 0 0 0 0 0 0 0 0
 0 0 0 0 0 0 0 0 0 0 0 0 0 0 0 0 0 0 0 0 0 0 0 0 0 0
 0.00862536 0 0 0.000197151 0.00414017 0.0128641 0.00837892 0.0270097 0.101434 0.158115 0.152841 0.127902 0.109271 0.109419 0.0830992 0.0579132 0.0238553 0.00714673 0.00463305 0.00128148 0.00103504 0.000492878 0.000147863 0.000147863 4.92878e-05 0
 0 0 0 0 0 0 0 0 0 0 0 0 0 0 0 0 0 0 0 0 0 0 0 0 0 0
 0 0 0 0 0 0 0 0.0054083 0.00873648 0.0413646 0.0450493 0.0745869 0.0622846 0.0627006 0.0613931 0.0827291 0.12552 0.122667 0.0946155 0.0697135 0.0546179 0.0294188 0.0215738 0.0213955 0.0102223 0.00600262
 0 0 0 0 0.00359764 0.0251062 0.0480494 0.140153 0.205849 0.193036 0.1447 0.116669 0.0760912 0.0342217 0.00950174 0.001854 0.000860785 0 0 0 0.000165536 0 0.000143464 0 0 0
 0 0 0 0 0 0 0 0.000145254 0.000435761 0.0275982 0.070085 0.0708112 0.156366 0.174668 0.174014 0.160142 0.0824315 0.0480064 0.0283245 0.00493863 0.00203355 0 0 0 0 0
 0 0 0 0 0 0 0 0 0 0 0 0 0 0 0 0 0 0 0 0 0 0 0 0 0 0
 0 0 1.00437e-05 0.000401748 0.00122533 0.00171747 0.00176769 0.0269171 0.070346 0.194647 0.189555 0.159765 0.064822 0.0314167 0.0384472 0.0292271 0.0345202 0.0313363 0.0194345 0.0106764 0.0143323 0.0359363 0.0279516 0.0138201 0.00172751 0
 0 0.0021121 0.0136068 0.0755702 0.200478 0.177729 0.0527432 0.0373336 0.0318909 0.0142505 0.0149659 0.0166563 0.0217959 0.0798694 0.0677717 0.0528807 0.04013 0.0224614 0.0357745 0.0225083 0.00881397 0.00855152 0.00135912 0.000746735 0 0
 0 0 0 0 5.4009e-05 0.00500934 0.000945158 0.0243581 0.138947 0.33067 0.221406 0.137944 0.0707744 0.0437923 0.0131692 0.00525238 0.0047753 0.00276346 9.45158e-05 9.00151e-06 2.25038e-05 9.00151e-06 4.50075e-06 0 0 0
 0.000866109 0.00284123 0.00948549 0.0512746 0.133035 0.25785 0.225252 0.132002 0.0553304 0.0519788 0.0540692 0.017754 0.00435017 0.00159236 0.00146478 0.000404838 0.000125132 0.000115318 0.000107957 0.000100596 0 0 0 0 0 0
 0 0 0 0 0.00144013 0.00171154 0.00461396 0.0210425 0.0478622 0.0707936 0.0888783 0.103762 0.0637923 0.0337046 0.0602308 0.124433 0.169614 0.0934646 0.0462172 0.0250306 0.0313229 0.00938855 0.002487 0.000210481 0 0
 0 0.00764035 0.051015 0.0998891 0.058973 0.0496711 0.0374665 0.0718981 0.12319 0.153886 0.159021 0.0857701 0.0377988 0.023471 0.0147837 0.00900784 0.00315554 0.000888139 0.00291439 0.00214683 0.00393193 0.00274676 0.000635225 9.99891e-05 0 0
 0 0 0 0 0 0 0 0 0 0 0 0 0 0 0 0 0 0 0 0 0 0 0 0 0 0
 0 0 0 0 0 0 0 0 0 0 0 0 0 0 0 0 0 0 0 0 0 0 0 0 0 0
 0 0 0 0 0 0 0 0 0 0 0 0 0 0 0 0 0 0 0 0 0 0 0 0 0 0
 0 0 0 0 0 0 0 0 0 0 0 0 0 0 0 0 0 0 0 0 0 0 0 0 0 0
 0 0 0 0 0 0 0 0 0 0 0 0 0 0 0 0 0 0 0 0 0 0 0 0 0 0
ppred_pel_tallas
 1.1766e-16 2.63665e-05 0.000256291 0.00170315 0.00774227 0.0240891 0.051325 0.0749134 0.0749277 0.0513957 0.0243287 0.00844398 0.00350114 0.00430226 0.00806396 0.0142095 0.0226028 0.0328591 0.044432 0.0568005 0.0693048 0.08068 0.0888544 0.0915153 0.0872519 0.0764707
 1.3192e-16 2.46536e-05 0.000239642 0.0015925 0.00723931 0.0225244 0.0479918 0.0700523 0.0700853 0.0481529 0.0230658 0.00880513 0.00553098 0.00886544 0.016494 0.0274734 0.0401914 0.0519529 0.0601515 0.0639062 0.0646999 0.065321 0.06787 0.0723605 0.0768226 0.0785867
 1.28295e-16 3.61634e-05 0.000351521 0.00233599 0.0106191 0.03304 0.0703961 0.10275 0.102776 0.0705194 0.0334546 0.0118192 0.00535892 0.00698536 0.0127391 0.0212817 0.0313248 0.0408508 0.0478671 0.0515945 0.0529447 0.0537851 0.055564 0.0583835 0.0610966 0.0621256
 1.12487e-16 5.17957e-05 0.000503473 0.00334575 0.0152093 0.047322 0.100825 0.147162 0.147184 0.100933 0.0476827 0.0162521 0.00596696 0.00623832 0.0109818 0.0181771 0.026433 0.0337969 0.0383372 0.0392333 0.0372753 0.0342836 0.0319117 0.0307652 0.0303685 0.0297601
 1.07678e-16 4.33911e-05 0.000421777 0.00280286 0.0127414 0.0396435 0.0844659 0.123288 0.123323 0.0846386 0.0402233 0.0144166 0.00700924 0.00960917 0.0175065 0.0289123 0.0417404 0.0526988 0.0584656 0.0575312 0.0510963 0.042229 0.033981 0.0279327 0.0240114 0.0212679
 1.05801e-16 5.24157e-05 0.000509499 0.0033858 0.0153914 0.0478884 0.102032 0.148924 0.148948 0.102151 0.0482874 0.016545 0.00628567 0.00685341 0.0121403 0.0200911 0.0291799 0.0372043 0.0419418 0.0423527 0.0391518 0.0342215 0.0293706 0.0254402 0.0222867 0.0193644
 1.07889e-16 3.04397e-05 0.000295885 0.00196626 0.00893836 0.0278108 0.0592556 0.0864952 0.0865426 0.0594872 0.0285886 0.0111855 0.00760925 0.0126227 0.0234655 0.0388089 0.0560549 0.0708152 0.0786301 0.0774462 0.0688159 0.0567737 0.0453373 0.0365961 0.0305035 0.0259243
 1.14851e-16 2.83328e-05 0.000275405 0.00183016 0.00831968 0.0258858 0.0551537 0.0805057 0.0805404 0.0553234 0.0264564 0.00997149 0.0059909 0.00940634 0.0175108 0.0292738 0.0430334 0.0559337 0.0650358 0.0689356 0.0684458 0.0657027 0.0624931 0.0592219 0.0551776 0.0495482
 1.19493e-16 3.43799e-05 0.000334184 0.00222077 0.0100953 0.0314105 0.0669244 0.0976843 0.0977133 0.0670662 0.0318871 0.0114749 0.00569435 0.00795301 0.0146113 0.0243872 0.0358121 0.0465095 0.0540961 0.0575529 0.0577865 0.0568141 0.0562375 0.0562515 0.0558203 0.0536283
 1.12616e-16 5.03129e-05 0.000489059 0.00324997 0.0147739 0.0459672 0.0979388 0.142949 0.142972 0.0980478 0.0463333 0.0158324 0.0059119 0.00631644 0.0111667 0.0185127 0.0269806 0.0346182 0.0394873 0.0407544 0.0391815 0.0365349 0.0343885 0.0332679 0.0326565 0.0316189
 1.048e-16 5.95864e-05 0.000579201 0.00384899 0.017497 0.0544397 0.11599 0.169295 0.169316 0.116089 0.0547729 0.0184596 0.00626641 0.00585985 0.0100987 0.0166286 0.0240155 0.0303474 0.0337218 0.0332784 0.0297088 0.0247687 0.0201939 0.0168667 0.0147175 0.0131798
 1.03398e-16 5.00017e-05 0.000486035 0.00322987 0.0146826 0.045683 0.0973337 0.142068 0.1421 0.0974892 0.046205 0.0161902 0.00701433 0.0087478 0.0157414 0.0259465 0.0373764 0.0470107 0.0518003 0.0503348 0.0436737 0.0346106 0.0259904 0.0193909 0.0149291 0.0119154
 1.04432e-16 4.78467e-05 0.000465087 0.00309067 0.0140497 0.0437141 0.0931387 0.135945 0.135976 0.0932887 0.0442179 0.0155058 0.0067485 0.00846011 0.015261 0.0252294 0.0365149 0.0462828 0.0516585 0.0512903 0.0461076 0.0386002 0.0312401 0.0253033 0.0207847 0.0170795
 1.05894e-16 4.50101e-05 0.000437514 0.00290743 0.0132168 0.0411225 0.0876171 0.127886 0.127919 0.087775 0.041653 0.01475 0.00675941 0.00885797 0.016071 0.0265867 0.0385042 0.0488602 0.0546514 0.0544798 0.0493418 0.0418573 0.0345954 0.0288328 0.0244744 0.0207979
 1.0501e-16 5.52226e-05 0.000536784 0.00356712 0.0162156 0.0504529 0.107496 0.156898 0.156921 0.107607 0.0508248 0.0172905 0.00626825 0.00644349 0.011303 0.018677 0.0270838 0.0344469 0.0386798 0.0388145 0.0355426 0.0306693 0.0259428 0.0221964 0.0193116 0.0167552
 1.01617e-16 7.0159e-05 0.000681971 0.00453194 0.0206015 0.0640991 0.13657 0.199331 0.199342 0.136626 0.0642878 0.0211467 0.00590076 0.00367126 0.00575075 0.00940508 0.0135628 0.0171009 0.0189249 0.0185314 0.0163004 0.0132245 0.0103024 0.00806837 0.00653385 0.0054339
 1.02568e-16 2.86331e-05 0.000278324 0.00184956 0.00840787 0.0261603 0.0557395 0.0813655 0.0814233 0.056022 0.0271087 0.0111463 0.00871978 0.0152643 0.0284551 0.0469057 0.0673523 0.0842445 0.0919393 0.0878291 0.0739135 0.0554903 0.0380612 0.0248386 0.0162768 0.0111797
 1.03784e-16 6.43554e-05 0.000625557 0.00415705 0.0188974 0.0587967 0.125273 0.182842 0.182853 0.125327 0.0589784 0.0194236 0.00548398 0.00354226 0.00566217 0.0094109 0.0139035 0.0182164 0.0214258 0.0230604 0.0232986 0.0226918 0.0216734 0.0202937 0.0183558 0.0157432
 1.0377e-16 4.4797e-05 0.000435443 0.00289368 0.0131543 0.040928 0.0872028 0.127283 0.127322 0.0873912 0.0415605 0.0149808 0.00747684 0.0104346 0.0190178 0.0313253 0.0450202 0.0564096 0.0617682 0.0593998 0.0506681 0.0391022 0.0283125 0.0203246 0.0152873 0.0122565
 1.06789e-16 3.72007e-05 0.000361605 0.00240299 0.0109237 0.0339878 0.072416 0.105701 0.105739 0.0725993 0.0346036 0.0127039 0.00687793 0.0101515 0.0186915 0.0310018 0.0450264 0.0573904 0.064642 0.0651358 0.0599211 0.051856 0.0437217 0.0368692 0.0312005 0.0260385
 1.07071e-16 5.29211e-05 0.000514412 0.00341845 0.0155398 0.0483502 0.103016 0.150359 0.150381 0.103122 0.0487055 0.0165676 0.00600377 0.0061759 0.0108575 0.0180036 0.0262546 0.0337028 0.03843 0.0395486 0.0376767 0.034393 0.031137 0.0284515 0.0260319 0.0233064
 1.05331e-16 5.07535e-05 0.000493342 0.00327843 0.0149033 0.0463698 0.0987969 0.144203 0.144232 0.0989386 0.0468459 0.0162785 0.00673153 0.00803505 0.0143846 0.0237292 0.0342482 0.0432219 0.0479155 0.0470819 0.0416988 0.0342778 0.0273212 0.0221305 0.0186629 0.0161703
 1.09004e-16 2.03651e-05 0.000197956 0.00131549 0.00598006 0.0186065 0.0396452 0.0578749 0.0579305 0.0399166 0.0195182 0.00861454 0.00793287 0.0146586 0.0275274 0.0455903 0.065939 0.0834776 0.092999 0.0920756 0.0824463 0.0687084 0.0554316 0.0449827 0.0373314 0.031279
 1.10812e-16 5.24201e-05 0.000509542 0.00338609 0.0153927 0.0478924 0.10204 0.148934 0.148948 0.10211 0.0481262 0.016071 0.00510055 0.00429133 0.00734982 0.0123696 0.0185215 0.0247791 0.0301015 0.0339778 0.0366093 0.038502 0.0398428 0.04024 0.0390293 0.0358232
 1.0945e-16 3.97756e-05 0.000386633 0.00256932 0.0116798 0.0363403 0.0774282 0.113017 0.113056 0.0776179 0.036977 0.0135188 0.00718585 0.0104656 0.0191856 0.0316683 0.0456564 0.0575232 0.0636242 0.0623463 0.0551025 0.0453845 0.0366404 0.0306124 0.0271053 0.0248691
 1.12238e-16 2.8996e-05 0.000281851 0.001873 0.00851443 0.0264918 0.056445 0.0823917 0.0824326 0.0566451 0.0271641 0.0104589 0.00676291 0.0109865 0.0204469 0.0339869 0.049495 0.0633709 0.0719317 0.0734478 0.0690768 0.0618645 0.0546793 0.0487606 0.0437511 0.0387117
 1.10245e-16 5.25989e-05 0.00051128 0.00339763 0.0154452 0.0480557 0.102389 0.149443 0.149461 0.102478 0.0483571 0.0163174 0.00559455 0.00533198 0.00928144 0.0154549 0.0227176 0.0295443 0.0344111 0.036629 0.0366952 0.0357966 0.0348878 0.0341107 0.0329296 0.0307076
 1.07658e-16 4.42998e-05 0.00043061 0.00286156 0.0130082 0.0404737 0.0862347 0.125869 0.125904 0.0864046 0.0410442 0.0146563 0.00699908 0.00946561 0.0172121 0.0284095 0.0409833 0.0516828 0.0572364 0.0561731 0.0497098 0.0409155 0.0328371 0.0270416 0.0234237 0.0209791
 1.10653e-16 2.64877e-05 0.00025747 0.00171098 0.00777788 0.0242001 0.0515626 0.0752668 0.0753127 0.0517872 0.0249545 0.00995876 0.00719243 0.0122472 0.0228668 0.0379437 0.0550831 0.0701622 0.0789671 0.0795249 0.073198 0.0635806 0.0541483 0.0465512 0.0405615 0.0351573
pSPR Fmed_Fpbrs
0.543275   0.213064 0.213064
Fs Fmed_Fpbrs
0.34   1.005 1.005
SSBpbr Bo_Bmed_Bpbrs
2.67482e+06  1.31942e+06  436167 436167
Ro
202933
SPR SPRFo_SPRFmed_SPRFpbrs
1.44225e+06 783536 307290
Fref
1.005
Nvult_r0
 152380 118942 39708.3 5835.57 5349.55
CTP_r0
 67526.2 59619.5 19903.6 2925.06 2681.45
YTP_r0
2.17963e+06
Np
 352224 58467.3 8327.88 6129.41 2321.82
Nvult_p0
 293757 50594.1 7206.45 5304.03 2009.16
CTP_p0
 130177 26824.6 19743.2 6591.16 1289.41
 130177 25360.1 3612.21 2658.63 1007.09
YTP_p0
 2.17673e+06 1.62978e+06
CBA_c0
2.17876e+06
log_Ro
12.0406
likeval ReclasPelacesDesembMPH_pf_preclas_ppelaces_ptallas_desvR_qrecl_qpela
 16.8866 19.4383 0.0623813 0.00444178 199.686 124.001 91.3612 0 21.2475 1.25861e-09 0 0.313958 0 0 0
q_reclas_q_pelaces
0.994995 1
M
1
N
 208083 46911 168923 9678.63 0.329315
 118176 69753.4 15345.8 55258.9 3166.23
 119847 36714.7 20729.1 4560.42 17362.6
 195771 37388.7 10968.2 6192.64 6549.31
 157306 55746.7 9953.39 2919.88 3392.08
 258405 53030 18366.5 3279.27 2079.56
 109931 79569.7 15583.3 5397.14 1574.73
 52008.9 27347.9 17860.3 3497.85 1564.92
 47683.2 17982.8 9303.02 6075.61 1722.22
 68359.4 13771.2 4873.44 2521.18 2113.26
 125356 18523.9 3443.54 1218.62 1158.86
 146773 42903.6 6220.7 1156.41 798.402
 132266 38720.8 10371.2 1503.74 472.541
 105088 35646.5 9615.83 2575.56 490.787
 130669 24146.6 7237.45 1952.34 622.573
 502815 37228.2 6432.4 1927.98 685.93
 160220 143070 9901.14 1710.75 695.192
 672350 50684 43498.1 3010.27 731.485
 529542 206036 14803.3 12704.5 1092.85
 335848 151360 55111.7 3959.66 3690.59
 547525 98711.7 41938.5 15270.2 2119.71
 664745 170180 29351.5 12470.2 5170.82
 164269 196457 47481.4 8189.27 4921.97
 457668 53267.3 61626.2 14894.3 4112.84
 353218 150892 17063.4 19741.1 6088.68
 189829 116208 48206.8 5451.4 8252.06
 423227 63915.2 38226.6 15857.6 4507.74
 410263 140373 20629.4 12338.1 6573.16
 182708 137452 45887.5 6743.67 6182.02
pred_Ctot
 11766.7 3316.71 11943.2 684.3 0.0232833
 11776.7 8622.74 1897.01 6830.96 391.402
 11669.1 4436.3 2504.74 551.044 2097.96
 28551.1 6705.29 1967.03 1110.59 1174.55
 8375.27 3713.18 662.975 194.487 225.94
 27008.9 6869.45 2379.17 424.793 269.384
 23222.4 20406 3996.4 1384.12 403.848
 1986.5 1310.32 855.742 167.592 74.9798
 6607.56 3068.58 1587.47 1036.74 293.879
 11668.3 2876.7 1018.02 526.653 441.442
 5552.29 1028.09 191.118 67.634 64.3171
 26963.2 9621.03 1394.98 259.322 179.04
 22929.8 8210.7 2199.2 318.868 100.202
 25903.8 10590.8 2856.94 765.219 145.816
 19021.7 4322.71 1295.65 349.507 111.453
 73525.5 6693.75 1156.57 346.658 123.333
 14365.1 15941.6 1103.23 190.62 77.4617
 72044 6727.51 5773.69 399.567 97.0932
 76204.1 36474 2620.58 2249.04 193.465
 43469.3 24166.4 8799.22 632.206 589.246
 54427.8 12172.9 5171.74 1883.08 261.397
 84117.5 26579 4584.16 1947.62 807.586
 12437.4 18532.9 4479.18 772.538 464.316
 30296.3 4401.03 5091.66 1230.59 339.809
 23814.1 12694.5 1435.54 1660.81 512.24
 10244.7 7844.92 3254.32 368.01 557.075
 26553.9 5008.25 2995.35 1242.57 353.217
 23332.7 9981.02 1466.82 877.282 467.374
 9291.82 8748.86 2920.76 429.238 393.489
F
 0.0929714 0.117412 0.117412 0.117412 0.117412
 0.168999 0.213426 0.213426 0.213426 0.213426
 0.164843 0.208178 0.208178 0.208178 0.208178
 0.256126 0.323457 0.323457 0.323457 0.323457
 0.087333 0.110291 0.110291 0.110291 0.110291
 0.177894 0.224659 0.224659 0.224659 0.224659
 0.39121 0.494052 0.494052 0.494052 0.494052
 0.0620013 0.0783003 0.0783003 0.0783003 0.0783003
 0.241996 0.305613 0.305613 0.305613 0.305613
 0.305715 0.386082 0.386082 0.386082 0.386082
 0.0722014 0.0911818 0.0911818 0.0911818 0.0911818
 0.332512 0.419924 0.419924 0.419924 0.419924
 0.311165 0.392965 0.392965 0.392965 0.392965
 0.470656 0.594383 0.594383 0.594383 0.594383
 0.255603 0.322796 0.322796 0.322796 0.322796
 0.256885 0.324416 0.324416 0.324416 0.324416
 0.15094 0.190619 0.190619 0.190619 0.190619
 0.182728 0.230763 0.230764 0.230764 0.230764
 0.25235 0.318688 0.318688 0.318688 0.318688
 0.224454 0.283459 0.283459 0.283459 0.283459
 0.168551 0.212859 0.212859 0.212859 0.212859
 0.218959 0.276519 0.276519 0.276519 0.276519
 0.126185 0.159357 0.159357 0.159357 0.159357
 0.109579 0.138385 0.138385 0.138385 0.138385
 0.111701 0.141065 0.141065 0.141065 0.141065
 0.0885687 0.111852 0.111852 0.111852 0.111852
 0.103605 0.13084 0.13084 0.13084 0.13084
 0.0935259 0.118112 0.118112 0.118112 0.118112
 0.0832804 0.105173 0.105173 0.105173 0.105173
YTP_r0W_actual
 351136 1.2222e+06 431909 84826.7 89560.3
YTP_p0W_proyectada
 981533 468089 475219 206435 45451.8
 981533 442534 86945.9 83268.2 35499.8
CTP_r0_actual
 67526.2 59619.5 19903.6 2925.06 2681.45
CTP_p0_proyectada
 130177 26824.6 19743.2 6591.16 1289.41
 130177 25360.1 3612.21 2658.63 1007.09
Wmedp
 7.54 17.45 24.07 31.32 35.25
Frms_r0
 0.795799 1.005 1.005 1.005 1.005
Zrms_r0
 1.7958 2.005 2.005 2.005 2.005
nmprior
 7.29 8.9 8.7 0
nm_flota  nm_reclas  nm_pelaces    nm_pelaL
inf 7.89011 6.61967 7.99686
cv_recla  cv_pelaces  cv_mph
0.389846 0.539976 1.92392
 ------------------------------------------------
Talla a la edad & desviaci?n 
 8 13.2811 15.8009 17.003 17.5766
 0.8 1.32811 1.58009 1.7003 1.75766
