    unsorted:	 2.305787810e-06 4.747115864e-06 5.963173862e-05 8.777034295e-05 0.001599882772 6.342226882 7.275102512 12.21660356 52.11162931 100.1025652 132.2165149 203.6001745 242.8167288 419.9962831 487.8901515 579.9549986 635.6521415 787.8823132 839.5522491 895.3570454 912.7126378 950.4105623 1032.566649 1094.816588 1153.455105 1295.090268 1458.468517 1524.911530 1611.994894 1717.419352 1857.162326 2021.527179 2307.001639 2293.706802 2352.384110 2440.749212 2595.965186 2740.699860 2878.393771 3154.882421 3195.136599 3747.834730 3881.388043 4235.794736 10082.08574 41307.00043 357499.1679 359984.8815 383858.1277 378450.8102 388534.7624 396569.9569 420578.7840 453479.1094 444703.8579 463472.6241 316615.1839 158300.4700 602204.9720 610415.1634 653419.3298 692123.6602 708422.8411 970976.3779 1043448.818 1130868.596 1183990.785 1372810.172 1508922.374 1656729.863 1818860.690 2314183.770 2435195.854 2483450.841 2743834.064 2964849.315 3307220.513 43270364.73
      sorted:	 2.305787810e-06 4.747115864e-06 5.963173862e-05 8.777034295e-05 0.001599882772 6.342226882 7.275102512 12.21660356 52.11162931 100.1025652 132.2165149 203.6001745 242.8167288 419.9962831 487.8901515 579.9549986 635.6521415 787.8823132 839.5522491 895.3570454 912.7126378 950.4105623 1032.566649 1094.816588 1153.455105 1295.090268 1458.468517 1524.911530 1611.994894 1717.419352 1857.162326 2021.527179 2293.706802 2307.001639 2352.384110 2440.749212 2595.965186 2740.699860 2878.393771 3154.882421 3195.136599 3747.834730 3881.388043 4235.794736 10082.08574 41307.00043 158300.4700 316615.1839 357499.1679 359984.8815 378450.8102 383858.1277 388534.7624 396569.9569 420578.7840 444703.8579 453479.1094 463472.6241 602204.9720 610415.1634 653419.3298 692123.6602 708422.8411 970976.3779 1043448.818 1130868.596 1183990.785 1372810.172 1508922.374 1656729.863 1818860.690 2314183.770 2435195.854 2483450.841 2743834.064 2964849.315 3307220.513 43270364.73
