years
 1991 1992 1993 1994 1995 1996 1997 1998 1999 2000 2001 2002 2003 2004 2005 2006 2007 2008 2009 2010 2011 2012 2013 2014 2015 2016 2017 2018 2019 2020 2021 2022 2023
reclasobs
 0 0 0 0 0 0 0 0 0 252601 567819 844713 477998 351125 339783 2.1784e+06 2.13404e+06 4.81314e+06 1.55562e+06 2.62356e+06 3.21686e+06 3.843e+06 1.13348e+06 3.07943e+06 1.97215e+06 2.03268e+06 2.025e+06 2.42433e+06 2.27542e+06 1.05018e+06 2.36338e+06 3.18982e+06 1.53035e+06
reclaspred
 3.31951e+06 1.81731e+06 921729 926863 930685 1.54386e+06 874823 767863 548616 376455 502959 675730 655966 488749 490497 1.36129e+06 1.22615e+06 3.12123e+06 2.47205e+06 1.80179e+06 3.10835e+06 2.54397e+06 1.95591e+06 3.06046e+06 2.27514e+06 2.02245e+06 2.41826e+06 2.67266e+06 2.17384e+06 1.47493e+06 2.00075e+06 2.10654e+06 1.66325e+06
pelacesobs
 0 0 0 0 0 0 0 0 0 0 0 0 0 0 0 552880 188675 0 991730 2.46772e+06 1.41603e+06 1.21717e+06 2.29649e+06 1.80582e+06 0 1.4828e+06 1.56532e+06 1.57751e+06 1.42118e+06 867257 1.10002e+06 1.06204e+06 0
pelacespred
 1.82115e+06 1.0928e+06 542612 449733 485941 836092 412600 483083 317205 201210 290433 321913 345613 263579 275516 646384 584591 1.75628e+06 1.39975e+06 931539 1.61608e+06 1.38272e+06 1.08485e+06 1.89131e+06 1.3331e+06 1.19228e+06 1.63375e+06 1.61908e+06 1.1889e+06 923857 1.06526e+06 1.15406e+06 941826
mphobs
 0 0 0 0 0 0 0 0 0 0 0 0 498337 0 5186 125008 0 168611 109162 213762 579715 649985 157893 87575 83554 210694 70296 0 107559 103333 445601 22526 28222
mphpred
 350924 233410 112631 62468.1 67182.8 79003 104268 56818.7 52080.4 33423.9 20821.2 41538.3 44299.6 35736.3 22148.6 28884.2 105353 93884.8 213818 150011 158425 192670 185230 148933 211859 174654 143641 153881 226345 153073 100294 176105 110402
desembarqueobs
 494567 514787 250237 358949 120608 361735 552515 73892 212993 205616 52469 317467 293654 387597 252695 516296 358380 742168 942051 627588 828172 859565 418607 520667 417249 300574 415391 372974 316634 284311 391294 218835 356480
desembarquepred
 494570 513859 250671 358984 120613 361745 552546 73897.1 213053 205671 52471.7 317531 293694 387588 252673 516225 358403 742014 941752 627372 828252 859549 418609 520693 417239 300571 415384 372945 316618 284303 391252 218841 356496
Reclutas
 172549 95786.2 98661.3 147294 120089 210946 85062.4 37609.3 36038.8 47779 90857.5 128432 106072 75602.2 71082.5 381391 75655.6 617171 336387 271475 371354 518983 102927 297778 256455 114830 252231 296003 93927.6 86119.6 235963 90076.2 168767
log_desv_Rt
 0.187175 -0.401386 -0.371812 0.0289294 -0.175272 0.3881 -0.52012 -1.33625 -1.37891 -1.09692 -0.454212 -0.108103 -0.299386 -0.638019 -0.699663 0.98032 -0.637313 1.46164 0.854759 0.640367 0.953651 1.28837 -0.32948 0.732844 0.583448 -0.22005 0.56684 0.726865 -0.42098 -0.507767 0.500169 -0.462849 0.165016
SSB
 2.25417e+06 1.49932e+06 723490 401266 431551 507478 669770 364976 334540 214700 133746 266822 284560 229553 142272 185538 676737 603072 1.37347e+06 963601 1.01765e+06 1.23762e+06 1.18983e+06 956678 1.36088e+06 1.12189e+06 922682 988460 1.45393e+06 983269 644240 1.13121e+06 709168
BT
 3.14038e+06 2.1377e+06 1.0545e+06 969091 821112 1.55651e+06 1.10967e+06 787085 685849 497465 479011 745206 781814 795407 664616 1.38349e+06 1.15331e+06 3.28063e+06 2.99207e+06 1.95251e+06 3.0872e+06 2.86261e+06 1.98375e+06 3.3125e+06 2.37885e+06 2.04751e+06 2.86717e+06 2.76765e+06 2.03818e+06 1.65743e+06 1.92461e+06 1.89681e+06 1.72543e+06
Ftot
 0.189193 0.349245 0.343026 0.533531 0.178581 0.3394 0.77845 0.131462 0.520814 0.72335 0.161673 0.655394 0.619012 1.07433 0.765991 0.601705 0.382181 0.368241 0.515258 0.478056 0.377378 0.474802 0.278134 0.251954 0.248767 0.198573 0.251347 0.209226 0.184319 0.251715 0.292916 0.136884 0.303029
BD_Bspro_t
 0.970301 0.795369 0.599733 0.502932 0.492338 0.58142 0.571436 0.379302 0.440917 0.381995 0.339132 0.590936 0.468298 0.370019 0.25822 0.313639 0.507623 0.466485 0.599338 0.483047 0.450499 0.496589 0.516019 0.500904 0.618931 0.629281 0.636845 0.678443 0.739421 0.66476 0.604086 0.69207 0.685065
BD_Bspro
 2.1866 1.45437 0.701804 0.389238 0.418615 0.492267 0.649694 0.354036 0.324512 0.208264 0.129737 0.258825 0.27603 0.222673 0.138008 0.179977 0.656452 0.584995 1.3323 0.934718 0.987147 1.20052 1.15417 0.928002 1.32009 1.08827 0.895026 0.958831 1.41035 0.953796 0.62493 1.09731 0.687911
BD_Bo
 1.48147 0.985371 0.475488 0.263718 0.283621 0.333522 0.440182 0.239868 0.219864 0.141104 0.0878996 0.175359 0.187017 0.150866 0.0935034 0.121938 0.444761 0.396347 0.902662 0.633292 0.668814 0.813382 0.781975 0.628742 0.894389 0.737325 0.6064 0.64963 0.955545 0.646218 0.423404 0.74345 0.466075
BD_Brms
 7.77126 5.1689 2.49424 1.38337 1.48777 1.74953 2.30904 1.25826 1.15333 0.740178 0.461089 0.919872 0.981022 0.791387 0.490485 0.639645 2.33306 2.07909 4.73504 3.32202 3.50836 4.26671 4.10196 3.29815 4.69164 3.86774 3.18095 3.40772 5.01244 3.38983 2.22102 3.89987 2.44486
Sel_flota
 0.684262 0.97629 0.998723 0.999933 0.999996
 0.684262 0.97629 0.998723 0.999933 0.999996
 0.684262 0.97629 0.998723 0.999933 0.999996
 0.684262 0.97629 0.998723 0.999933 0.999996
 0.684262 0.97629 0.998723 0.999933 0.999996
 0.684262 0.97629 0.998723 0.999933 0.999996
 0.684262 0.97629 0.998723 0.999933 0.999996
 0.684262 0.97629 0.998723 0.999933 0.999996
 0.684262 0.97629 0.998723 0.999933 0.999996
 0.684262 0.97629 0.998723 0.999933 0.999996
 0.684262 0.97629 0.998723 0.999933 0.999996
 0.684262 0.97629 0.998723 0.999933 0.999996
 0.684262 0.97629 0.998723 0.999933 0.999996
 0.684262 0.97629 0.998723 0.999933 0.999996
 0.684262 0.97629 0.998723 0.999933 0.999996
 0.684262 0.97629 0.998723 0.999933 0.999996
 0.684262 0.97629 0.998723 0.999933 0.999996
 0.684262 0.97629 0.998723 0.999933 0.999996
 0.684262 0.97629 0.998723 0.999933 0.999996
 0.684262 0.97629 0.998723 0.999933 0.999996
 0.684262 0.97629 0.998723 0.999933 0.999996
 0.684262 0.97629 0.998723 0.999933 0.999996
 0.684262 0.97629 0.998723 0.999933 0.999996
 0.684262 0.97629 0.998723 0.999933 0.999996
 0.684262 0.97629 0.998723 0.999933 0.999996
 0.684262 0.97629 0.998723 0.999933 0.999996
 0.684262 0.97629 0.998723 0.999933 0.999996
 0.684262 0.97629 0.998723 0.999933 0.999996
 0.684262 0.97629 0.998723 0.999933 0.999996
 0.684262 0.97629 0.998723 0.999933 0.999996
 0.684262 0.97629 0.998723 0.999933 0.999996
 0.684262 0.97629 0.998723 0.999933 0.999996
 0.684262 0.97629 0.998723 0.999933 0.999996
Sel_reclas
 1 1 1 1 1
 1 1 1 1 1
 1 1 1 1 1
 1 1 1 1 1
 1 1 1 1 1
 1 1 1 1 1
 1 1 1 1 1
 1 1 1 1 1
 1 1 1 1 1
 1 1 1 1 1
 1 1 1 1 1
 1 1 1 1 1
 1 1 1 1 1
 1 1 1 1 1
 1 1 1 1 1
 1 1 1 1 1
 1 1 1 1 1
 1 1 1 1 1
 1 1 1 1 1
 1 1 1 1 1
 1 1 1 1 1
 1 1 1 1 1
 1 1 1 1 1
 1 1 1 1 1
 1 1 1 1 1
 1 1 1 1 1
 1 1 1 1 1
 1 1 1 1 1
 1 1 1 1 1
 1 1 1 1 1
 1 1 1 1 1
 1 1 1 1 1
 1 1 1 1 1
Sel_pelaces
 1 1 1 1 1
 1 1 1 1 1
 1 1 1 1 1
 1 1 1 1 1
 1 1 1 1 1
 1 1 1 1 1
 1 1 1 1 1
 1 1 1 1 1
 1 1 1 1 1
 1 1 1 1 1
 1 1 1 1 1
 1 1 1 1 1
 1 1 1 1 1
 1 1 1 1 1
 1 1 1 1 1
 1 1 1 1 1
 1 1 1 1 1
 1 1 1 1 1
 1 1 1 1 1
 1 1 1 1 1
 1 1 1 1 1
 1 1 1 1 1
 1 1 1 1 1
 1 1 1 1 1
 1 1 1 1 1
 1 1 1 1 1
 1 1 1 1 1
 1 1 1 1 1
 1 1 1 1 1
 1 1 1 1 1
 1 1 1 1 1
 1 1 1 1 1
 1 1 1 1 1
pf_obs 
 0.8446 0.082 0.0669 0.0065 0
 0.8095 0.147 0.0364 0.0071 0
 0.9664 0.0169 0.016 0.0007 0
 0.9276 0.0648 0.0075 0.0001 0
 0.7033 0.2144 0.0806 0.0017 0
 0.9318 0.0425 0.0243 0.0014 0
 0.5671 0.3108 0.0964 0.0239 0.0018
 0.0768 0.2599 0.5324 0.112 0.0189
 0.490249 0.384438 0.106611 0.0170017 0.00170017
 0.7925 0.1577 0.0466 0.003 0.0002
 0.840416 0.127587 0.0312969 0.00059994 9.999e-05
 0.8084 0.0986 0.0794 0.0134 0.0002
 0.7335 0.1905 0.0724 0.0035 0.0001
 0.4001 0.4547 0.1325 0.0127 0
 0.49795 0.308269 0.164784 0.0264974 0.00249975
 0.9179 0.0499 0.0305 0.0017 0
 0.2467 0.6533 0.0926 0.0074 0
 0.9418 0.0223 0.034 0.0019 0
 0.707729 0.231977 0.0356964 0.0245975 0
 0.517169 0.277429 0.184464 0.0207286 0.00020938
 0.811772 0.124168 0.05621 0.00726502 0.000585176
 0.764997 0.148141 0.077277 0.00933861 0.000247198
 0.163321 0.427699 0.378323 0.0303852 0.000271297
 0.753843 0.0900009 0.118128 0.0371064 0.000921714
 0.721811 0.176058 0.0630433 0.0369309 0.00215725
 0.143369 0.312575 0.442814 0.0836902 0.0175525
 0.692698 0.0596174 0.167031 0.0765114 0.00414204
 0.394062 0.376323 0.152708 0.0712218 0.00568511
 0.125707 0.32114 0.495352 0.0537591 0.00404204
 0.23352 0.215282 0.420074 0.123614 0.00750983
 0.796117 0.104755 0.0508955 0.0450114 0.00322123
 0.162477 0.292055 0.404252 0.121198 0.0200186
 0 0 0 0 0
pf_pred 
 0.456276 0.136902 0.381678 0.025144 8.76052e-07
 0.40921 0.326499 0.0677613 0.184398 0.0121324
 0.569689 0.219711 0.117817 0.0238136 0.0689697
 0.717848 0.187997 0.048711 0.0254392 0.0200045
 0.645892 0.282587 0.0481258 0.0121126 0.0112822
 0.740523 0.188285 0.0570922 0.00949194 0.00460814
 0.46073 0.437207 0.0746014 0.0220297 0.00543287
 0.458484 0.314535 0.185168 0.0305774 0.0112364
 0.538343 0.254203 0.121694 0.0699781 0.0157821
 0.715802 0.183438 0.0562217 0.0261432 0.0183948
 0.829413 0.136897 0.0219964 0.00652989 0.00516386
 0.738963 0.228591 0.0261631 0.00410432 0.00217909
 0.683318 0.258991 0.0507153 0.005627 0.00134911
 0.6417 0.277125 0.0667571 0.0126773 0.00174093
 0.754301 0.185879 0.0466629 0.0108241 0.00233305
 0.93894 0.0508746 0.00776701 0.00188697 0.000531114
 0.363996 0.610684 0.0212027 0.00314084 0.000976235
 0.906758 0.0430533 0.0482425 0.00163047 0.000316138
 0.570034 0.402667 0.0127872 0.0139498 0.000562066
 0.607781 0.263221 0.121033 0.00373403 0.00423108
 0.726727 0.192519 0.0546984 0.0244488 0.00160646
 0.744364 0.204648 0.0362101 0.0100149 0.00476368
 0.306124 0.56673 0.102363 0.017608 0.0071754
 0.730215 0.106332 0.134124 0.0236183 0.00571038
 0.616414 0.30709 0.0306127 0.0376596 0.00822381
 0.420953 0.406558 0.138795 0.0134949 0.0201994
 0.717518 0.145324 0.0970016 0.0323207 0.00783579
 0.682473 0.250741 0.0347816 0.0226429 0.00936101
 0.350813 0.492011 0.124766 0.0168896 0.0155202
 0.472927 0.231713 0.225162 0.0557381 0.0144597
 0.78552 0.12242 0.0410478 0.0389008 0.0121115
 0.432843 0.479157 0.0507942 0.0166018 0.0206034
 0.679911 0.167436 0.129444 0.0134037 0.00980514
pobs_RECLAS
 0 0 0 0 0
 0 0 0 0 0
 0 0 0 0 0
 0 0 0 0 0
 0 0 0 0 0
 0 0 0 0 0
 0 0 0 0 0
 0 0 0 0 0
 0 0 0 0 0
 0 0 0 0 0
 0.991045 0.00858322 0.000360255 1.14367e-05 0
 0.934742 0.0480273 0.0164251 0.00080598 0
 0.827803 0.169806 0.00239088 0 0
 0.941827 0.0461693 0.0120037 0 0
 0.791401 0.0380133 0.147996 0.0225897 0
 0.846168 0.0940531 0.0597789 0 0
 0.134021 0.677848 0.182769 0.00536245 0
 0.80878 0.0450904 0.141981 0.00414843 0
 0.846168 0.0940531 0.0597789 0 0
 0.905697 0.0802665 0.012482 0.00150086 5.37128e-05
 0.989698 0.0102097 9.19794e-05 0 0
 0.975433 0.0193895 0.00387452 0.00125025 5.28907e-05
 0.303575 0.632131 0.0575291 0.00676475 0
 0.966965 0.00978017 0.0227588 0.000495775 0
 0.843318 0.132988 0.00938335 0.0141283 0.000182051
 0.564624 0.303363 0.111486 0.0197234 0.00080311
 0.826376 0.0876187 0.0782897 0.00655872 0.00115652
 0.89761 0.0855135 0.0140674 0.00269457 0.000114338
 0.34875 0.467042 0.161289 0.0227151 0.000203297
 0.318654 0.224769 0.449479 0.00709798 0
 0.937255 0.0296025 0.0250945 0.00804832 0
 0.456809 0.399803 0.12412 0.0192676 0
 0.883104 0.0372192 0.0704036 0.00927362 0
ppred_RECLAS
 0.550476 0.11516 0.313721 0.0206417 7.1914e-07
 0.502436 0.277988 0.0563494 0.153151 0.0100759
 0.65885 0.176242 0.0923077 0.0186342 0.0539653
 0.788442 0.142123 0.0359449 0.018748 0.0147417
 0.724329 0.22103 0.0367827 0.00924634 0.00861187
 0.805477 0.142068 0.042076 0.00698664 0.00339164
 0.557903 0.360143 0.0599246 0.0176719 0.00435787
 0.550357 0.263708 0.151717 0.025023 0.00919467
 0.63127 0.205283 0.0959306 0.0550925 0.0124241
 0.788376 0.137826 0.0412021 0.0191336 0.0134618
 0.874994 0.10078 0.015824 0.00469178 0.00371003
 0.805771 0.170608 0.0190513 0.00298473 0.00158457
 0.759676 0.197419 0.0377225 0.00417995 0.0010021
 0.729269 0.210659 0.0494145 0.00937062 0.00128674
 0.819423 0.137452 0.0336501 0.00779517 0.00168007
 0.957449 0.0355981 0.00530354 0.0012868 0.000362162
 0.452694 0.526011 0.0178356 0.00263873 0.000820116
 0.934266 0.0307388 0.0336394 0.00113549 0.000220151
 0.658426 0.320386 0.00993181 0.0108208 0.000435965
 0.693601 0.207248 0.0930364 0.00286664 0.003248
 0.794502 0.145797 0.0404552 0.0180597 0.00118657
 0.809168 0.153506 0.0265176 0.00732482 0.00348388
 0.389248 0.500979 0.0883978 0.0151868 0.00618834
 0.797792 0.0808357 0.0996165 0.0175199 0.00423566
 0.698814 0.24227 0.0235952 0.0289908 0.00633037
 0.512241 0.344839 0.11503 0.0111705 0.0167192
 0.786882 0.110898 0.0723186 0.0240665 0.00583427
 0.756093 0.193563 0.0262348 0.0170579 0.0070516
 0.437977 0.428347 0.106139 0.0143505 0.0131861
 0.566455 0.193119 0.183339 0.0453286 0.0117585
 0.841904 0.0911695 0.0298622 0.0282649 0.00879954
 0.523086 0.404376 0.041892 0.0136754 0.0169706
 0.75565 0.129257 0.0976135 0.0100951 0.00738432
pobs_PELACES
 0 0 0 0 0
 0 0 0 0 0
 0 0 0 0 0
 0 0 0 0 0
 0 0 0 0 0
 0 0 0 0 0
 0 0 0 0 0
 0 0 0 0 0
 0 0 0 0 0
 0 0 0 0 0
 0 0 0 0 0
 0 0 0 0 0
 0 0 0 0 0
 0 0 0 0 0
 0 0 0 0 0
 0 0 0 0 0
 0.505614 0.472636 0.0217494 0 0
 0 0 0 0 0
 0.443492 0.261883 0.143347 0.151278 0
 0.227955 0.32914 0.350689 0.0885471 0.00366901
 0.970185 0.0296113 0.000203453 0 0
 0.997202 0.00247181 0.000326279 0 0
 0.445219 0.490057 0.0546422 0.010081 0
 0.90214 0.0892962 0.00764917 0.000914606 0
 0 0 0 0 0
 0.581667 0.319106 0.0959925 0.00289975 0.000334073
 0.762889 0.0836404 0.116647 0.0363945 0.000428098
 0.88444 0.0763242 0.0277011 0.0115352 0
 0.521256 0.241999 0.230069 0.00667565 0
 0.616807 0.101726 0.260614 0.0208532 0
 0.833518 0.0704572 0.0857862 0.0102388 0
 0.697417 0.212968 0.0787535 0.0105354 0.000325836
 0 0 0 0 0
ppred_PELACES
 0.555242 0.114058 0.310285 0.0204141 7.11207e-07
 0.511145 0.273446 0.0552857 0.150239 0.00988421
 0.66652 0.172497 0.0901167 0.0181894 0.0526768
 0.797106 0.136484 0.0343826 0.0179293 0.0140978
 0.727805 0.218301 0.0362806 0.00911948 0.00849368
 0.810656 0.138381 0.0408811 0.0067873 0.00329485
 0.576581 0.3453 0.0571247 0.016841 0.00415289
 0.553591 0.261918 0.150541 0.0248276 0.00912287
 0.643274 0.198947 0.0926118 0.0531755 0.0119917
 0.800078 0.130454 0.0387899 0.0180082 0.0126698
 0.876714 0.0994172 0.0155913 0.00462249 0.00365523
 0.815555 0.16211 0.0180148 0.00282161 0.00149794
 0.770543 0.188647 0.0358816 0.00397498 0.00095295
 0.749552 0.195223 0.0454308 0.00861149 0.00118247
 0.830282 0.129363 0.0314907 0.00729271 0.00157175
 0.959778 0.0336743 0.00499463 0.00121156 0.000340982
 0.461862 0.517258 0.0174893 0.0025871 0.000804061
 0.936499 0.029738 0.0324555 0.00109537 0.00021237
 0.669557 0.31002 0.00957388 0.0104287 0.000420163
 0.703543 0.200753 0.0898026 0.00276647 0.00313448
 0.800508 0.141653 0.0391956 0.0174947 0.00114944
 0.816238 0.147921 0.0254633 0.00703226 0.00334469
 0.395728 0.495849 0.0873126 0.0149987 0.00611166
 0.80186 0.0792989 0.0975405 0.0171531 0.00414695
 0.703913 0.238257 0.0231617 0.0284553 0.00621341
 0.51713 0.341531 0.11376 0.0110462 0.0165331
 0.791066 0.10882 0.0708313 0.0235692 0.00571368
 0.759852 0.190642 0.025799 0.0167731 0.00693384
 0.442435 0.425089 0.105188 0.0142208 0.0130669
 0.572658 0.190555 0.180568 0.044639 0.0115796
 0.845748 0.0890367 0.0291004 0.0275407 0.00857401
 0.526415 0.401617 0.041564 0.0135676 0.0168367
 0.761196 0.126458 0.0952859 0.00985316 0.00720732
pobs_pel_tallas
 0 0 0 0 0 0 0 0 0 0 0 0 0 0 0 0 0 0 0 0 0 0 0 0 0 0
 0 0 0 0 0 0 0 0 0 0 0 0 0 0 0 0 0 0 0 0 0 0 0 0 0 0
 0 0 0 0 0 0 0 0 0 0 0 0 0 0 0 0 0 0 0 0 0 0 0 0 0 0
 0 0 0 0 0 0 0 0 0 0 0 0 0 0 0 0 0 0 0 0 0 0 0 0 0 0
 0 0 0 0 0 0 0 0 0 0 0 0 0 0 0 0 0 0 0 0 0 0 0 0 0 0
 0 0 0 0 0 0 0 0 0 0 0 0 0 0 0 0 0 0 0 0 0 0 0 0 0 0
 0 0 0 0 0 0 0 0 0 0 0 0 0 0 0 0 0 0 0 0 0 0 0 0 0 0
 0 0 0 0 0 0 0 0 0 0 0 0 0 0 0 0 0 0 0 0 0 0 0 0 0 0
 0 0 0 0 0 0 0 0 0 0 0 0 0 0 0 0 0 0 0 0 0 0 0 0 0 0
 0 0 0 0 0 0 0 0 0 0 0 0 0 0 0 0 0 0 0 0 0 0 0 0 0 0
 0 0 0 0 0 0 0 0 0 0 0 0 0 0 0 0 0 0 0 0 0 0 0 0 0 0
 0 0 0 0 0 0 0 0 0 0 0 0 0 0 0 0 0 0 0 0 0 0 0 0 0 0
 0.00862536 0 0 0.000197151 0.00414017 0.0128641 0.00837892 0.0270097 0.101434 0.158115 0.152841 0.127902 0.109271 0.109419 0.0830992 0.0579132 0.0238553 0.00714673 0.00463305 0.00128148 0.00103504 0.000492878 0.000147863 0.000147863 4.92878e-05 0
 0 0 0 0 0 0 0 0 0 0 0 0 0 0 0 0 0 0 0 0 0 0 0 0 0 0
 0 0 0 0 0 0 0 0.0054083 0.00873648 0.0413646 0.0450493 0.0745869 0.0622846 0.0627006 0.0613931 0.0827291 0.12552 0.122667 0.0946155 0.0697135 0.0546179 0.0294188 0.0215738 0.0213955 0.0102223 0.00600262
 0 0 0 0 0.00359764 0.0251062 0.0480494 0.140153 0.205849 0.193036 0.1447 0.116669 0.0760912 0.0342217 0.00950174 0.001854 0.000860785 0 0 0 0.000165536 0 0.000143464 0 0 0
 0 0 0 0 0 0 0 0.000145254 0.000435761 0.0275982 0.070085 0.0708112 0.156366 0.174668 0.174014 0.160142 0.0824315 0.0480064 0.0283245 0.00493863 0.00203355 0 0 0 0 0
 0 0 0 0 0 0 0 0 0 0 0 0 0 0 0 0 0 0 0 0 0 0 0 0 0 0
 0 0 1.00437e-05 0.000401748 0.00122533 0.00171747 0.00176769 0.0269171 0.070346 0.194647 0.189555 0.159765 0.064822 0.0314167 0.0384472 0.0292271 0.0345202 0.0313363 0.0194345 0.0106764 0.0143323 0.0359363 0.0279516 0.0138201 0.00172751 0
 0 0.0021121 0.0136068 0.0755702 0.200478 0.177729 0.0527432 0.0373336 0.0318909 0.0142505 0.0149659 0.0166563 0.0217959 0.0798694 0.0677717 0.0528807 0.04013 0.0224614 0.0357745 0.0225083 0.00881397 0.00855152 0.00135912 0.000746735 0 0
 0 0 0 0 5.4009e-05 0.00500934 0.000945158 0.0243581 0.138947 0.33067 0.221406 0.137944 0.0707744 0.0437923 0.0131692 0.00525238 0.0047753 0.00276346 9.45158e-05 9.00151e-06 2.25038e-05 9.00151e-06 4.50075e-06 0 0 0
 0.000866109 0.00284123 0.00948549 0.0512746 0.133035 0.25785 0.225252 0.132002 0.0553304 0.0519788 0.0540692 0.017754 0.00435017 0.00159236 0.00146478 0.000404838 0.000125132 0.000115318 0.000107957 0.000100596 0 0 0 0 0 0
 0 0 0 0 0.00144013 0.00171154 0.00461396 0.0210425 0.0478622 0.0707936 0.0888783 0.103762 0.0637923 0.0337046 0.0602308 0.124433 0.169614 0.0934646 0.0462172 0.0250306 0.0313229 0.00938855 0.002487 0.000210481 0 0
 0 0.00764035 0.051015 0.0998891 0.058973 0.0496711 0.0374665 0.0718981 0.12319 0.153886 0.159021 0.0857701 0.0377988 0.023471 0.0147837 0.00900784 0.00315554 0.000888139 0.00291439 0.00214683 0.00393193 0.00274676 0.000635225 9.99891e-05 0 0
 0 0 0 0 0 0 0 0 0 0 0 0 0 0 0 0 0 0 0 0 0 0 0 0 0 0
 0 0 0 0 0 0 0 0 0 0 0 0 0 0 0 0 0 0 0 0 0 0 0 0 0 0
 0 0 0 0 0 0 0 0 0 0 0 0 0 0 0 0 0 0 0 0 0 0 0 0 0 0
 0 0 0 0 0 0 0 0 0 0 0 0 0 0 0 0 0 0 0 0 0 0 0 0 0 0
 0 0 0 0 0 0 0 0 0 0 0 0 0 0 0 0 0 0 0 0 0 0 0 0 0 0
 0 0 0 0 0 0 0 0 0 0 0 0 0 0 0 0 0 0 0 0 0 0 0 0 0 0
 0 0 0 0 0 0 0 0 0 0 0 0 0 0 0 0 0 0 0 0 0 0 0 0 0 0
 0 0 0 0 0 0 0 0 0 0 0 0 0 0 0 0 0 0 0 0 0 0 0 0 0 0
 0 0 0 0 0 0 0 0 0 0 0 0 0 0 0 0 0 0 0 0 0 0 0 0 0 0
ppred_pel_tallas
 1.11031e-16 4.57346e-05 0.000444556 0.00295423 0.0134295 0.0417843 0.0890263 0.129939 0.12995 0.0890825 0.0419742 0.013984 0.00436817 0.00360402 0.00625914 0.0108295 0.0168832 0.0239049 0.0312992 0.0386319 0.0456019 0.0516941 0.0559086 0.0569846 0.0540721 0.0473441
 1.18405e-16 4.21024e-05 0.00040925 0.00271961 0.012363 0.038466 0.0819568 0.119624 0.11965 0.082086 0.0389 0.0136179 0.00587408 0.00731132 0.0131996 0.0218925 0.0318792 0.0408786 0.0466617 0.0483742 0.0471033 0.0451034 0.044263 0.0449952 0.046248 0.0463812
 1.13384e-16 5.49004e-05 0.000533652 0.00354631 0.016121 0.0501585 0.106869 0.155981 0.155998 0.10695 0.0504337 0.0169174 0.0055513 0.00493017 0.00846302 0.0140595 0.020619 0.0267276 0.0309939 0.0328266 0.0327718 0.0320537 0.0316929 0.0319064 0.0321622 0.0316779
 1.05211e-16 6.56566e-05 0.000638206 0.0042411 0.0192794 0.0599856 0.127806 0.186539 0.186553 0.127871 0.060202 0.0199051 0.00581318 0.00407548 0.00660992 0.0108674 0.0157548 0.0200445 0.0225401 0.022716 0.0210281 0.0185803 0.0164158 0.0149877 0.0141237 0.0133573
 1.03455e-16 5.99484e-05 0.00058272 0.00387238 0.0176033 0.0547705 0.116695 0.170324 0.170345 0.116798 0.0551159 0.0186011 0.00637761 0.00605346 0.0104552 0.0172041 0.0248119 0.0312768 0.0346007 0.033868 0.0297848 0.024184 0.0189082 0.0149423 0.0122986 0.010466
 1.02454e-16 6.67727e-05 0.000649054 0.00431319 0.0196072 0.0610052 0.129979 0.18971 0.189724 0.130044 0.0612248 0.0202417 0.00590761 0.00413514 0.00670349 0.0110184 0.0159634 0.020278 0.0227186 0.0227033 0.0206341 0.0175791 0.0145859 0.0121752 0.0103136 0.00871981
 1.04129e-16 4.74923e-05 0.000461642 0.00306777 0.0139457 0.0433904 0.092449 0.134939 0.134972 0.0926117 0.0439367 0.0155239 0.00703009 0.00911389 0.0164871 0.0272007 0.0392251 0.0494243 0.0546294 0.0533761 0.0467629 0.0376734 0.029018 0.0223715 0.0177957 0.0145463
 1.08445e-16 4.55986e-05 0.000443235 0.00294545 0.0133896 0.0416602 0.0887624 0.129557 0.129582 0.0888867 0.0420782 0.0145992 0.00599059 0.00712004 0.0128119 0.0213328 0.0312501 0.0403935 0.0465484 0.0486511 0.0473175 0.0442072 0.0407893 0.0375468 0.0341148 0.0299768
 1.10086e-16 5.29857e-05 0.00051504 0.00342262 0.0155588 0.0484092 0.103142 0.150542 0.150561 0.103236 0.0487262 0.0164761 0.00573136 0.00557501 0.00972219 0.0161468 0.0236313 0.0305237 0.0351815 0.0368791 0.0362042 0.0345384 0.0330532 0.0320377 0.0309806 0.0291531
 1.05103e-16 6.59014e-05 0.000640585 0.00425691 0.0193513 0.0602092 0.128283 0.187235 0.187247 0.128344 0.0604163 0.01995 0.00576169 0.00393215 0.00633702 0.0104251 0.0151389 0.0193133 0.021814 0.0221386 0.0207085 0.0185477 0.016612 0.0152974 0.0144223 0.0135519
 1.01558e-16 7.22138e-05 0.000701944 0.00466466 0.0212049 0.0659763 0.14057 0.205168 0.205177 0.140617 0.0661336 0.0216592 0.00580528 0.00319254 0.00480417 0.00783302 0.0112891 0.0142235 0.0157228 0.0153702 0.0134898 0.0109206 0.00850665 0.00670012 0.00550681 0.00469082
 1.01098e-16 6.71762e-05 0.000652977 0.00433926 0.0197257 0.061374 0.130764 0.190858 0.190873 0.130841 0.0616301 0.0204655 0.00619584 0.00470449 0.00775757 0.0127075 0.0182728 0.0229224 0.0251427 0.0242337 0.0207223 0.0160054 0.0115205 0.00808784 0.00580081 0.00433586
 1.01644e-16 6.34687e-05 0.000616938 0.00409977 0.018637 0.0579866 0.123547 0.180325 0.180343 0.123636 0.0582852 0.0194996 0.0062656 0.00534697 0.00905244 0.0148798 0.0214623 0.0270568 0.0299247 0.0292523 0.0256168 0.0205673 0.0156764 0.0118101 0.00903764 0.00701089
 1.02425e-16 6.17397e-05 0.000600132 0.00398809 0.0181293 0.056407 0.120182 0.175413 0.175432 0.120274 0.0567163 0.019023 0.00623279 0.00550482 0.0093897 0.0154593 0.0223427 0.0282602 0.0314338 0.0310318 0.0276402 0.0228208 0.0181348 0.0144045 0.0116446 0.00947447
 1.0194e-16 6.83892e-05 0.000664768 0.00441762 0.0200818 0.0624821 0.133125 0.194303 0.194315 0.133186 0.0626872 0.0206743 0.00590574 0.00391682 0.00625482 0.0102589 0.0148339 0.0187841 0.0209359 0.0207436 0.0185964 0.0155242 0.012548 0.0101935 0.00844978 0.00704836
 1.00333e-16 7.90557e-05 0.000768449 0.00510662 0.0232139 0.0722272 0.153888 0.224604 0.224608 0.153904 0.0722805 0.0233678 0.00549278 0.00161151 0.00168037 0.00265335 0.00381564 0.00480029 0.00529198 0.00514661 0.00447177 0.00355143 0.00267432 0.00199998 0.00153959 0.00122329
 1.01033e-16 3.80431e-05 0.000369792 0.0024574 0.011171 0.0347575 0.0740563 0.108098 0.108147 0.0742994 0.0355735 0.0135268 0.00836626 0.0132539 0.0244634 0.040267 0.0577305 0.0720243 0.078252 0.0741553 0.061489 0.0449036 0.0292665 0.0174761 0.01001 0.00584722
 1.01091e-16 7.71382e-05 0.00074981 0.00498275 0.0226509 0.0704753 0.150155 0.219156 0.219159 0.150169 0.0705232 0.0227899 0.00533376 0.00152295 0.00156554 0.0025182 0.00374085 0.00495416 0.0059203 0.00651389 0.00676386 0.00677973 0.00663132 0.00629572 0.00570936 0.00486083
 1.01473e-16 5.51506e-05 0.000536084 0.00356247 0.0161945 0.0503872 0.107356 0.156696 0.156726 0.107502 0.0508763 0.0176066 0.00710446 0.00825982 0.0146992 0.0241489 0.0346318 0.0432374 0.0470443 0.0447174 0.0373248 0.0276591 0.0186208 0.0119036 0.00772967 0.00542049
 1.03451e-16 5.795e-05 0.000563294 0.00374329 0.0170165 0.0529446 0.112805 0.164646 0.164666 0.1129 0.053264 0.0179402 0.00606647 0.0056495 0.00976038 0.0161551 0.0235228 0.0301097 0.0341429 0.034762 0.0324627 0.0286377 0.0246236 0.0210416 0.0178269 0.0146925
 1.03117e-16 6.59368e-05 0.000640929 0.0042592 0.0193617 0.0602415 0.128351 0.187336 0.187349 0.128418 0.0604663 0.0200112 0.00589123 0.00420934 0.00685985 0.0112809 0.0163496 0.0207844 0.0233242 0.0233906 0.0214132 0.0184951 0.0156995 0.0135235 0.0118746 0.0104024
 1.02044e-16 6.72325e-05 0.000653524 0.0043429 0.0197422 0.0614253 0.130874 0.191017 0.191031 0.130943 0.0616594 0.0204184 0.00604071 0.00436124 0.00711294 0.0116635 0.0168208 0.0212073 0.0234662 0.0229736 0.0202011 0.0163819 0.0127567 0.00999049 0.00809838 0.00675074
 1.05185e-16 3.25957e-05 0.000316842 0.00210553 0.00957146 0.0297806 0.0634525 0.0926209 0.0926687 0.0636862 0.0305653 0.0118381 0.00779641 0.0127442 0.0236464 0.0390718 0.0563528 0.0710125 0.0784931 0.0766737 0.0671043 0.0538989 0.0412255 0.0313647 0.0244597 0.0195173
 1.05258e-16 6.60482e-05 0.000642012 0.0042664 0.0193944 0.0603433 0.128568 0.18765 0.187658 0.128606 0.0604716 0.0197668 0.00520783 0.00271952 0.00407722 0.00680742 0.0102007 0.0136661 0.0166266 0.0187874 0.020232 0.0212046 0.0217825 0.0217507 0.0207803 0.0187237
 1.04635e-16 5.79804e-05 0.00056359 0.00374526 0.0170254 0.0529725 0.112864 0.164734 0.164756 0.112976 0.0533491 0.0181131 0.00647521 0.00652239 0.0113733 0.0187079 0.0269423 0.0338887 0.0373723 0.0364247 0.031878 0.0258108 0.0202956 0.0164108 0.0140933 0.0126469
 1.07276e-16 4.25953e-05 0.000414042 0.00275146 0.0125077 0.0389164 0.0829167 0.121026 0.121059 0.0830781 0.0394586 0.0140752 0.00669107 0.00903082 0.016456 0.0272646 0.0395676 0.050376 0.0566502 0.0569626 0.0522867 0.045209 0.0382442 0.0326079 0.0281724 0.0242344
 1.05403e-16 6.51591e-05 0.00063337 0.00420896 0.0191333 0.059531 0.126837 0.185125 0.185136 0.126889 0.059705 0.0196372 0.00547843 0.00341995 0.00540266 0.00894768 0.0131637 0.0171466 0.0200134 0.0213553 0.021435 0.0209049 0.0202866 0.0196535 0.0187198 0.0171708
 1.03649e-16 6.2588e-05 0.000608378 0.00404289 0.0183784 0.0571821 0.121833 0.177823 0.177841 0.121923 0.0574836 0.0192494 0.0062294 0.00538238 0.00913197 0.0150058 0.0216314 0.0272528 0.0301313 0.0294846 0.0259562 0.0211762 0.01677 0.0135851 0.0115845 0.0102507
 1.06782e-16 3.64429e-05 0.000354238 0.00235404 0.0107011 0.0332954 0.0709409 0.103549 0.10359 0.0711415 0.0339691 0.0126479 0.00724416 0.0110408 0.0203657 0.0336984 0.0487443 0.0617231 0.0687874 0.0681417 0.0610653 0.0509469 0.0411558 0.0334382 0.0277761 0.0232924
 1.11696e-16 4.71691e-05 0.000458501 0.0030469 0.0138508 0.043095 0.0918191 0.134017 0.134035 0.0919102 0.0434016 0.0147396 0.0052904 0.00539705 0.00954693 0.0160245 0.0238208 0.0315142 0.0376548 0.0415413 0.0435107 0.0444239 0.0448127 0.0444515 0.0426555 0.0389351
 1.05076e-16 6.96632e-05 0.000677151 0.00449991 0.0204559 0.063646 0.135605 0.197921 0.19793 0.135647 0.0637876 0.0208653 0.00552929 0.00293069 0.00436887 0.00716455 0.0104409 0.013408 0.015322 0.0158725 0.0153656 0.0144879 0.0138355 0.0135794 0.0134743 0.0131163
 1.05513e-16 4.33602e-05 0.000421477 0.00280086 0.0127323 0.0396152 0.0844059 0.123201 0.12324 0.0845949 0.0402499 0.0145652 0.00740063 0.0104598 0.0190993 0.0314846 0.0453021 0.0568738 0.0624871 0.0604517 0.0521237 0.0410038 0.0306562 0.0230542 0.0183029 0.0154306
 1.0499e-16 6.26987e-05 0.000609454 0.00405003 0.0184109 0.0572831 0.122048 0.178136 0.178148 0.122108 0.0574857 0.0189974 0.00552828 0.00385607 0.00628602 0.0104426 0.0153861 0.020077 0.0234775 0.0250775 0.0251247 0.0243116 0.0232038 0.0219054 0.0201787 0.0178054
pSPR Fmed_Fpbrs
0.56737   0.240635 0.240635
Fs Fmed_Fpbrs
0.34   1.005 1.005
SSBpbr Bo_Bmed_Bpbrs
1.52157e+06  787217  290065 290065
Ro
143094
SPR SPRFo_SPRFmed_SPRFpbrs
1.0309e+06 584902 248070
Fref
1.005
Nvult_r0
 137554 26013 19782 2046.59 1497.06
CTP_r0
 56049.5 12882.9 9909.33 1025.81 750.397
YTP_r0
944517
Np
 161545 29877.3 6958.74 1113.41 949.673
Nvult_p0
 131667 25757 6020.47 963.47 821.79
CTP_p0
 53650.8 21543.6 3578.77 2695.62 354.473
 53650.8 12756.1 3015.82 482.92 411.919
YTP_p0
 963527 729357
CBA_c0
950220
log_Ro
11.6913
likeval ReclasPelacesDesembMPH_pf_preclas_ppelaces_ptallas_desvR_qrecl_qpela
 13.8569 17.0182 0.0341239 0.00124671 231.131 134.227 109.274 0 23.4804 2.5236e-06 9.45813e-06 0.168687 0 0 0
q_reclas_q_pelaces
1.2519 1.54485
M
1
N
 172549 37108.3 101306 6666.34 0.232251
 95786.2 55769.2 11349 30851.8 2029.78
 98661.3 27747.4 14588.9 2945.67 8530.86
 147294 28702.2 7302.75 3810.15 2996.02
 120089 37613.3 6271.98 1576.8 1468.61
 210946 39096.6 11623.3 1930.42 937.128
 85062.4 61520.2 10326.2 3046.66 751.318
 37609.3 18370 10584.3 1745.83 641.505
 36038.8 12645.4 5943.96 3414.66 770.065
 47779 9283.35 2797.8 1299.82 914.532
 90857.5 10714.8 1685.43 499.776 395.201
 128432 29924.1 3366.2 527.586 280.096
 106072 30172.8 5805.53 643.538 154.285
 75602.2 25547.8 6065.42 1150.95 158.05
 71082.5 13334.6 3292.65 763.109 164.474
 381391 15482.4 2322.24 563.651 158.639
 75655.6 92953.6 3165.35 468.413 145.584
 617171 21427.6 23546.6 794.987 154.135
 336387 176474 5502.32 5996.71 241.608
 271475 86981.2 39257 1209.94 1370.92
 371354 72006.5 20064.9 8959.24 588.654
 518983 105523 18326.1 5063.58 2408.41
 102927 137963 24419.6 4195.99 1709.81
 297778 31302.8 38684.6 6804.65 1645.12
 256455 92198.7 9004.53 11065.3 2416.21
 114830 79577.5 26604.4 2583.85 3867.32
 252231 36876.6 24115.8 8026.57 1945.84
 296003 78128.7 10614.2 6902.2 2853.34
 93927.6 94368.3 23431.8 3168.42 2911.36
 86119.6 30459.6 28998.8 7170.74 1860.15
 235963 26668.9 8764.02 8296.74 2582.99
 90076.2 71039.9 7370.81 2406.35 2986.2
 168767 30174.3 22864.9 2365.09 1730.03
pred_Ctot
 13385.2 4016.11 11196.8 737.616 0.0256996
 13123.4 10470.8 2173.11 5913.67 389.089
 13299.2 5129.09 2750.4 555.922 1610.08
 29333.1 7682.04 1990.45 1039.51 817.434
 8819.26 3858.55 657.128 165.391 154.052
 28162.2 7160.5 2171.22 360.98 175.248
 23178.3 21994.9 3753.04 1108.27 273.316
 2060.29 1413.42 832.088 137.406 50.4929
 7029.72 3319.39 1589.08 913.778 206.083
 12271.4 3144.8 963.844 448.19 315.354
 6069.42 1001.78 160.964 47.784 37.7878
 30422.3 9410.84 1077.11 168.971 89.7111
 23959.1 9080.96 1778.22 197.299 47.3037
 26381.1 11392.9 2744.47 521.181 71.5719
 19120.4 4711.77 1182.84 274.376 59.1395
 84121.7 4557.97 695.864 169.058 47.5836
 11241.5 18860.1 654.813 97.0001 30.1496
 88695.2 4211.29 4718.88 159.485 30.9233
 65012.2 45924.1 1458.38 1590.96 64.1035
 49166.4 21293.3 9790.92 302.064 342.272
 54556.4 14452.7 4106.28 1835.41 120.599
 93433.8 25687.7 4545.15 1257.09 597.945
 11451.9 21201 3829.34 658.701 268.427
 30230.6 4402.11 5552.69 977.786 236.407
 25728.8 12817.7 1277.76 1571.89 343.257
 9324.98 9006.12 3074.6 298.94 447.46
 25549.2 5174.68 3454.01 1150.87 279.015
 25251.9 9277.58 1286.94 837.801 346.363
 7108.24 9969.22 2528.02 342.22 314.474
 8735.18 4279.85 4158.86 1029.51 267.078
 27536.5 4291.47 1438.94 1363.67 424.572
 5130.17 5679.1 602.026 196.769 244.197
 20318.3 5003.61 3868.27 400.551 293.014
F
 0.129457 0.184707 0.188951 0.18918 0.189192
 0.238975 0.340964 0.348799 0.349221 0.349243
 0.23472 0.334893 0.342588 0.343003 0.343025
 0.365075 0.520881 0.53285 0.533495 0.533529
 0.122196 0.174347 0.178353 0.178569 0.17858
 0.232238 0.331352 0.338966 0.339377 0.339398
 0.532664 0.759993 0.777456 0.778397 0.778447
 0.0899548 0.128345 0.131295 0.131454 0.131462
 0.356373 0.508465 0.520149 0.520779 0.520812
 0.494961 0.7062 0.722427 0.723302 0.723348
 0.110627 0.15784 0.161467 0.161662 0.161673
 0.448462 0.639855 0.654558 0.65535 0.655392
 0.423566 0.604335 0.618222 0.61897 0.61901
 0.735123 1.04886 1.07296 1.07426 1.07433
 0.524139 0.74783 0.765014 0.76594 0.765989
 0.411724 0.587439 0.600937 0.601665 0.601703
 0.261512 0.373119 0.381693 0.382155 0.38218
 0.251974 0.35951 0.367771 0.368216 0.36824
 0.352572 0.503042 0.514601 0.515224 0.515257
 0.327116 0.466721 0.477446 0.478024 0.478054
 0.258225 0.36843 0.376896 0.377353 0.377377
 0.324889 0.463545 0.474196 0.47477 0.4748
 0.190317 0.271539 0.277779 0.278115 0.278133
 0.172403 0.24598 0.251632 0.251937 0.251953
 0.170222 0.242868 0.248449 0.24875 0.248766
 0.135876 0.193865 0.19832 0.19856 0.198572
 0.171987 0.245388 0.251026 0.25133 0.251346
 0.143165 0.204265 0.208959 0.209212 0.209225
 0.126123 0.179949 0.184084 0.184307 0.184319
 0.172239 0.245746 0.251393 0.251698 0.251714
 0.200432 0.285971 0.292542 0.292897 0.292915
 0.0936647 0.133639 0.136709 0.136875 0.136884
 0.207351 0.295844 0.302642 0.303008 0.303028
YTP_r0W_actual
 422613 224807 238518 32128.4 26451.5
YTP_p0W_proyectada
 404527 375936 86141.1 84426.8 12495.2
 404527 222594 72590.8 15125.1 14520.1
CTP_r0_actual
 56049.5 12882.9 9909.33 1025.81 750.397
CTP_p0_proyectada
 53650.8 21543.6 3578.77 2695.62 354.473
 53650.8 12756.1 3015.82 482.92 411.919
Wmedp
 7.54 17.45 24.07 31.32 35.25
Frms_r0
 0.687684 0.981172 1.00372 1.00493 1.005
Zrms_r0
 1.68768 1.98117 2.00372 2.00493 2.005
nmprior
 7.29 8.9 8.7 0
nm_flota  nm_reclas  nm_pelaces    nm_pelaL
inf 13.4505 21.3559 72.6649
cv_recla  cv_pelaces  cv_mph
0.322377 0.451905 0.943666
 ------------------------------------------------
Talla a la edad & desviaci?n 
 8 13.2811 15.8009 17.003 17.5766
 0.8 1.32811 1.58009 1.7003 1.75766
