years
 1991 1992 1993 1994 1995 1996 1997 1998 1999 2000 2001 2002 2003 2004 2005 2006 2007 2008 2009 2010 2011 2012 2013 2014 2015 2016 2017 2018 2019 2020
reclasobs
 0 0 0 0 0 0 0 0 0 252601 567819 844713 477998 351125 339783 2.1784e+06 2.13404e+06 4.81314e+06 1.55562e+06 2.62356e+06 3.21686e+06 3.843e+06 1.13348e+06 3.07943e+06 1.97215e+06 2.03268e+06 2.025e+06 2.42433e+06 2.27542e+06 1.05018e+06
reclaspred
 3.71504e+06 2.1245e+06 1.04879e+06 855342 888902 1.20497e+06 909957 775628 555130 420996 421930 583092 577450 475002 543915 1.07694e+06 1.55192e+06 2.35526e+06 2.29359e+06 1.77198e+06 3.00247e+06 2.43183e+06 2.24111e+06 2.79397e+06 2.45992e+06 2.21818e+06 2.27286e+06 2.28065e+06 2.48575e+06 1.61129e+06
pelacesobs
 0 0 0 0 0 0 0 0 0 0 0 0 0 0 0 552880 188675 0 991730 2.46772e+06 1.41603e+06 1.21717e+06 2.29649e+06 1.80582e+06 0 1.4828e+06 1.56532e+06 1.57751e+06 1.42118e+06 867257
pelacespred
 1.83153e+06 1.14696e+06 579990 378857 412530 552995 404075 398793 292322 206040 222699 247104 265929 234269 285385 474044 669412 1.09875e+06 1.1667e+06 870392 1.28769e+06 1.24465e+06 1.09138e+06 1.45804e+06 1.31572e+06 1.13351e+06 1.30196e+06 1.26562e+06 1.18118e+06 880814
mphobs
 0 0 0 0 0 0 0 0 0 0 0 0 498337 0 5186 125008 0 168611 109162 213762 579715 649985 157893 87575 83554 210694 70296 0 107559 103333
mphpred
 3.65835e+06 2.44035e+06 1.22027e+06 664948 702537 775150 982148 615190 553623 388072 272843 441898 451756 392595 312714 502610 1.20276e+06 1.31846e+06 1.97989e+06 1.66708e+06 1.74857e+06 2.21311e+06 2.01276e+06 1.71129e+06 2.40607e+06 1.91481e+06 1.62775e+06 1.7587e+06 2.32569e+06 1.61465e+06
desembarqueobs
 494567 514787 250237 358949 120608 361735 552515 73892 212993 205616 52469 317467 293654 387597 252695 516296 358380 742168 942051 627588 828172 859565 418607 520667 417249 300574 415391 372974 316634 284311
desembarquepred
 494573 513547 250843 358978 120613 361750 552565 73896.1 213040 205658 52471.7 317555 293728 387670 252695 516278 358411 742086 941910 627502 828264 859665 418635 520706 417274 300585 415406 372984 316651 284329
Reclutas
 208493 117251 120942 192961 155793 256976 109268 52046.4 48099.2 69039.1 126995 147775 133231 105786 131929 504754 161386 676687 530957 336684 550012 667273 164873 460044 351447 185227 394364 409304 128227 127104
log_desv_Rt
 0.0555149 -0.520075 -0.489083 -0.0219008 -0.235866 0.26459 -0.590589 -1.33226 -1.41113 -1.04972 -0.440246 -0.2887 -0.392308 -0.622974 -0.402125 0.939679 -0.200593 1.23282 0.990289 0.534754 1.02555 1.21881 -0.179214 0.846931 0.577669 -0.0628075 0.692884 0.730067 -0.430587 -0.439384
SSB
 3.65835e+06 2.44035e+06 1.22027e+06 664948 702537 775150 982148 615190 553623 388072 272843 441898 451756 392595 312714 502610 1.20276e+06 1.31846e+06 1.97989e+06 1.66708e+06 1.74857e+06 2.21311e+06 2.01276e+06 1.71129e+06 2.40607e+06 1.91481e+06 1.62775e+06 1.7587e+06 2.32569e+06 1.61465e+06
BT
 4.87496e+06 3.30335e+06 1.67407e+06 1.4206e+06 1.22884e+06 2.07441e+06 1.533e+06 1.2152e+06 1.02893e+06 795238 769400 1.01271e+06 1.0841e+06 1.1732e+06 1.27048e+06 2.13595e+06 2.11686e+06 4.38035e+06 4.41014e+06 2.95647e+06 4.8186e+06 4.38343e+06 3.26379e+06 5.36594e+06 3.87235e+06 3.39958e+06 4.67421e+06 4.27436e+06 3.16379e+06 2.61444e+06
Ftot
 0.117488 0.213571 0.208408 0.328375 0.112156 0.229784 0.501764 0.0794774 0.309025 0.387848 0.0917364 0.419898 0.392506 0.59519 0.324953 0.32892 0.190673 0.232778 0.320294 0.284418 0.214289 0.278025 0.159202 0.13976 0.141695 0.11346 0.138866 0.123532 0.113204 0.149832
BD_Bspro_t
 0.981377 0.864012 0.719557 0.636301 0.62052 0.686653 0.667815 0.508568 0.569076 0.530425 0.511333 0.705374 0.585721 0.50645 0.435358 0.547293 0.650701 0.65641 0.69129 0.621237 0.588337 0.63925 0.645697 0.647867 0.745021 0.746431 0.758696 0.789931 0.820322 0.766136
BD_Bspro
 2.60565 1.73813 0.869137 0.473608 0.50038 0.552099 0.699532 0.438168 0.394317 0.276403 0.194332 0.314741 0.321762 0.279625 0.22273 0.357983 0.856665 0.939069 1.41017 1.18737 1.24542 1.57628 1.43358 1.21886 1.71372 1.36382 1.15936 1.25263 1.65647 1.15003
BD_Bo
 1.36975 0.913709 0.456892 0.248968 0.263042 0.29023 0.367733 0.230338 0.207286 0.145301 0.102157 0.165454 0.169145 0.146994 0.117086 0.188186 0.450336 0.493654 0.741306 0.624184 0.654696 0.828627 0.753612 0.640736 0.900876 0.716939 0.609456 0.658488 0.870779 0.604554
BD_Brms
 8.14958 5.43628 2.71836 1.48128 1.56502 1.72678 2.1879 1.37044 1.23329 0.864495 0.607802 0.984402 1.00636 0.87457 0.696623 1.11965 2.67936 2.93708 4.41054 3.7137 3.89524 4.93007 4.48375 3.81218 5.35993 4.26556 3.62607 3.91779 5.18086 3.5969
Sel_flota
 0.767707 1 1 1 1
 0.767707 1 1 1 1
 0.767707 1 1 1 1
 0.767707 1 1 1 1
 0.767707 1 1 1 1
 0.767707 1 1 1 1
 0.767707 1 1 1 1
 0.767707 1 1 1 1
 0.767707 1 1 1 1
 0.767707 1 1 1 1
 0.767707 1 1 1 1
 0.767707 1 1 1 1
 0.767707 1 1 1 1
 0.767707 1 1 1 1
 0.767707 1 1 1 1
 0.767707 1 1 1 1
 0.767707 1 1 1 1
 0.767707 1 1 1 1
 0.767707 1 1 1 1
 0.767707 1 1 1 1
 0.767707 1 1 1 1
 0.767707 1 1 1 1
 0.767707 1 1 1 1
 0.767707 1 1 1 1
 0.767707 1 1 1 1
 0.767707 1 1 1 1
 0.767707 1 1 1 1
 0.767707 1 1 1 1
 0.767707 1 1 1 1
 0.767707 1 1 1 1
Sel_reclas
 0.5 1 1 1 1
 0.5 1 1 1 1
 0.5 1 1 1 1
 0.5 1 1 1 1
 0.5 1 1 1 1
 0.5 1 1 1 1
 0.5 1 1 1 1
 0.5 1 1 1 1
 0.5 1 1 1 1
 0.5 1 1 1 1
 0.5 1 1 1 1
 0.5 1 1 1 1
 0.5 1 1 1 1
 0.5 1 1 1 1
 0.5 1 1 1 1
 0.5 1 1 1 1
 0.5 1 1 1 1
 0.5 1 1 1 1
 0.5 1 1 1 1
 0.5 1 1 1 1
 0.5 1 1 1 1
 0.5 1 1 1 1
 0.5 1 1 1 1
 0.5 1 1 1 1
 0.5 1 1 1 1
 0.5 1 1 1 1
 0.5 1 1 1 1
 0.5 1 1 1 1
 0.5 1 1 1 1
 0.5 1 1 1 1
Sel_pelaces
 0.5 1 1 1 1
 0.5 1 1 1 1
 0.5 1 1 1 1
 0.5 1 1 1 1
 0.5 1 1 1 1
 0.5 1 1 1 1
 0.5 1 1 1 1
 0.5 1 1 1 1
 0.5 1 1 1 1
 0.5 1 1 1 1
 0.5 1 1 1 1
 0.5 1 1 1 1
 0.5 1 1 1 1
 0.5 1 1 1 1
 0.5 1 1 1 1
 0.5 1 1 1 1
 0.5 1 1 1 1
 0.5 1 1 1 1
 0.5 1 1 1 1
 0.5 1 1 1 1
 0.5 1 1 1 1
 0.5 1 1 1 1
 0.5 1 1 1 1
 0.5 1 1 1 1
 0.5 1 1 1 1
 0.5 1 1 1 1
 0.5 1 1 1 1
 0.5 1 1 1 1
 0.5 1 1 1 1
 0.5 1 1 1 1
pf_obs 
 0.8446 0.082 0.0669 0.0065 0
 0.8095 0.147 0.0364 0.0071 0
 0.9664 0.0169 0.016 0.0007 0
 0.9276 0.0648 0.0075 0.0001 0
 0.7033 0.2144 0.0806 0.0017 0
 0.9318 0.0425 0.0243 0.0014 0
 0.5671 0.3108 0.0964 0.0239 0.0018
 0.0768 0.2599 0.5324 0.112 0.0189
 0.490249 0.384438 0.106611 0.0170017 0.00170017
 0.7925 0.1577 0.0466 0.003 0.0002
 0.840416 0.127587 0.0312969 0.00059994 9.999e-05
 0.8084 0.0986 0.0794 0.0134 0.0002
 0.7335 0.1905 0.0724 0.0035 0.0001
 0.4001 0.4547 0.1325 0.0127 0
 0.49795 0.308269 0.164784 0.0264974 0.00249975
 0.9179 0.0499 0.0305 0.0017 0
 0.2467 0.6533 0.0926 0.0074 0
 0.9418 0.0223 0.034 0.0019 0
 0.707729 0.231977 0.0356964 0.0245975 0
 0.517169 0.277429 0.184464 0.0207286 0.00020938
 0.811772 0.124168 0.05621 0.00726502 0.000585176
 0.764997 0.148141 0.077277 0.00933861 0.000247198
 0.163321 0.427699 0.378323 0.0303852 0.000271297
 0.753843 0.0900009 0.118128 0.0371064 0.000921714
 0.721811 0.176058 0.0630433 0.0369309 0.00215725
 0.143369 0.312575 0.442814 0.0836902 0.0175525
 0.692698 0.0596174 0.167031 0.0765114 0.00414204
 0.394062 0.376323 0.152708 0.0712218 0.00568511
 0.125707 0.32114 0.495352 0.0537591 0.00404204
 0.23352 0.215282 0.420074 0.123614 0.00750983
pf_pred 
 0.417142 0.120646 0.437067 0.0251445 8.25572e-07
 0.389294 0.297101 0.0649135 0.235163 0.0135294
 0.543832 0.210292 0.119615 0.0261348 0.100126
 0.712405 0.176913 0.0510239 0.0290227 0.030635
 0.628369 0.286763 0.0522061 0.0150569 0.0176046
 0.725936 0.189386 0.06534 0.0118953 0.00744204
 0.463608 0.418818 0.0812475 0.0280311 0.00829582
 0.446287 0.303127 0.195658 0.0379562 0.0169708
 0.520598 0.246831 0.12732 0.0821806 0.0230705
 0.701103 0.178234 0.0621262 0.0320458 0.0264912
 0.799273 0.153247 0.0283127 0.00986881 0.00929865
 0.694512 0.256627 0.0373035 0.00689189 0.00466576
 0.671246 0.249405 0.0666575 0.00968939 0.00300204
 0.63511 0.269155 0.0726286 0.0194111 0.00369583
 0.75091 0.177326 0.0529352 0.014284 0.0045445
 0.89467 0.0847177 0.0146737 0.00438039 0.00155806
 0.445973 0.510012 0.0354016 0.00613182 0.00248154
 0.842934 0.0814276 0.0696289 0.00483317 0.00117593
 0.639127 0.316973 0.0227588 0.0194611 0.00167953
 0.551221 0.317288 0.115495 0.00829261 0.007703
 0.729964 0.168701 0.0716436 0.0260789 0.00361181
 0.705929 0.23052 0.0397025 0.0168608 0.00698747
 0.331349 0.511347 0.123309 0.0212376 0.0127569
 0.726068 0.108893 0.126213 0.0304357 0.00839064
 0.583471 0.324367 0.0366365 0.0424634 0.0130628
 0.446363 0.360094 0.150719 0.0170234 0.0258006
 0.717118 0.146002 0.0890288 0.0372634 0.0105877
 0.652728 0.267727 0.0410551 0.0250345 0.0134555
 0.341418 0.469885 0.145474 0.0223081 0.0209143
 0.48215 0.210672 0.219165 0.0678526 0.0201599
pobs_RECLAS
 0 0 0 0 0
 0 0 0 0 0
 0 0 0 0 0
 0 0 0 0 0
 0 0 0 0 0
 0 0 0 0 0
 0 0 0 0 0
 0 0 0 0 0
 0 0 0 0 0
 0 0 0 0 0
 0.991045 0.00858322 0.000360255 1.14367e-05 0
 0.934742 0.0480273 0.0164251 0.00080598 0
 0.827803 0.169806 0.00239088 0 0
 0.941827 0.0461693 0.0120037 0 0
 0.791401 0.0380133 0.147996 0.0225897 0
 0.846168 0.0940531 0.0597789 0 0
 0.134021 0.677848 0.182769 0.00536245 0
 0.80878 0.0450904 0.141981 0.00414843 0
 0.846168 0.0940531 0.0597789 0 0
 0.905697 0.0802665 0.012482 0.00150086 5.37128e-05
 0.989698 0.0102097 9.19794e-05 0 0
 0.975433 0.0193895 0.00387452 0.00125025 5.28907e-05
 0.303575 0.632131 0.0575291 0.00676475 0
 0.966965 0.00978017 0.0227588 0.000495775 0
 0.843318 0.132988 0.00938335 0.0141283 0.000182051
 0.564624 0.303363 0.111486 0.0197234 0.00080311
 0.826376 0.0876187 0.0782897 0.00655872 0.00115652
 0.89761 0.0855135 0.0140674 0.00269457 0.000114338
 0.34875 0.467042 0.161289 0.0227151 0.000203297
 0.318654 0.224769 0.449479 0.00709798 0
ppred_RECLAS
 0.31846 0.141073 0.511065 0.0294016 9.65346e-07
 0.294364 0.343282 0.0750038 0.271717 0.0156324
 0.438229 0.258975 0.147306 0.032185 0.123305
 0.619229 0.23423 0.0675549 0.0384256 0.0405603
 0.524672 0.36678 0.0667734 0.0192583 0.022517
 0.634258 0.252739 0.0871972 0.0158745 0.00993152
 0.3633 0.497139 0.0964412 0.0332731 0.00984718
 0.344598 0.358796 0.231591 0.0449269 0.0200875
 0.416066 0.300652 0.155081 0.1001 0.0281009
 0.60672 0.234515 0.0817438 0.0421649 0.0348563
 0.722087 0.212175 0.0391997 0.0136637 0.0128743
 0.599482 0.336457 0.0489077 0.00903579 0.00611716
 0.57321 0.323779 0.086535 0.0125788 0.00389726
 0.535524 0.342612 0.0924504 0.0247088 0.0047045
 0.664308 0.238978 0.0713394 0.0192502 0.0061245
 0.847943 0.122301 0.0211834 0.00632366 0.00224926
 0.344899 0.603056 0.0418601 0.00725048 0.00293426
 0.778463 0.114852 0.0982099 0.00681706 0.00165862
 0.53756 0.406185 0.0291643 0.0249385 0.00215223
 0.446091 0.391615 0.142551 0.0102352 0.0095075
 0.63887 0.225611 0.0958121 0.0348764 0.00483023
 0.611455 0.304578 0.0524575 0.0222775 0.0092323
 0.244632 0.577663 0.139301 0.0239919 0.0144113
 0.633889 0.145536 0.168683 0.0406773 0.0112141
 0.47783 0.406633 0.0459283 0.053233 0.0163759
 0.344838 0.426128 0.178358 0.0201451 0.0305319
 0.623485 0.194328 0.118497 0.0495975 0.0140922
 0.551035 0.346127 0.0530775 0.0323655 0.0173958
 0.25286 0.53307 0.165036 0.0253078 0.0237266
 0.378242 0.252944 0.263141 0.0814674 0.024205
pobs_PELACES
 0 0 0 0 0
 0 0 0 0 0
 0 0 0 0 0
 0 0 0 0 0
 0 0 0 0 0
 0 0 0 0 0
 0 0 0 0 0
 0 0 0 0 0
 0 0 0 0 0
 0 0 0 0 0
 0 0 0 0 0
 0 0 0 0 0
 0 0 0 0 0
 0 0 0 0 0
 0 0 0 0 0
 0 0 0 0 0
 0.505614 0.472636 0.0217494 0 0
 0 0 0 0 0
 0.443492 0.261883 0.143347 0.151278 0
 0.227955 0.32914 0.350689 0.0885471 0.00366901
 0.970185 0.0296113 0.000203453 0 0
 0.997202 0.00247181 0.000326279 0 0
 0.445219 0.490057 0.0546422 0.010081 0
 0.90214 0.0892962 0.00764917 0.000914606 0
 0 0 0 0 0
 0.581667 0.319106 0.0959925 0.00289975 0.000334073
 0.762889 0.0836404 0.116647 0.0363945 0.000428098
 0.88444 0.0763242 0.0277011 0.0115352 0
 0.521256 0.241999 0.230069 0.00667565 0
 0.616807 0.101726 0.260614 0.0208532 0
ppred_PELACES
 0.320418 0.140667 0.509597 0.0293171 9.62573e-07
 0.297776 0.341623 0.0746411 0.270403 0.0155568
 0.442166 0.25716 0.146274 0.0319594 0.122441
 0.625146 0.23059 0.0665051 0.0378284 0.03993
 0.526815 0.365126 0.0664722 0.0191714 0.0224154
 0.638335 0.249922 0.0862253 0.0156976 0.00982083
 0.372243 0.490156 0.0950866 0.0328058 0.00970887
 0.345976 0.358042 0.231104 0.0448325 0.0200453
 0.421832 0.297683 0.15355 0.0991113 0.0278234
 0.613791 0.230298 0.080274 0.0414067 0.0342296
 0.723496 0.211099 0.039001 0.0135944 0.012809
 0.607185 0.329986 0.0479671 0.008862 0.00599951
 0.580554 0.318207 0.0850459 0.0123623 0.00383019
 0.546852 0.334256 0.0901956 0.0241062 0.00458976
 0.66984 0.23504 0.0701637 0.018933 0.00602357
 0.851165 0.119709 0.0207345 0.00618964 0.00220159
 0.348209 0.600009 0.0416486 0.00721385 0.00291944
 0.781525 0.113264 0.0968524 0.00672284 0.0016357
 0.543658 0.400829 0.0287797 0.0246096 0.00212385
 0.451484 0.387802 0.141163 0.0101356 0.00941493
 0.642651 0.223249 0.0948089 0.0345112 0.00477966
 0.616506 0.300618 0.0517756 0.0219879 0.00911227
 0.246894 0.575933 0.138884 0.02392 0.0143681
 0.636372 0.144549 0.167539 0.0404014 0.011138
 0.48054 0.404522 0.0456899 0.0529567 0.0162909
 0.346805 0.424848 0.177822 0.0200846 0.0304402
 0.625981 0.19304 0.117712 0.0492688 0.0139988
 0.553376 0.344321 0.0528006 0.0321967 0.0173051
 0.254503 0.531897 0.164673 0.0252521 0.0236744
 0.380947 0.251844 0.261996 0.081113 0.0240997
pobs_pel_tallas
 0 0 0 0 0 0 0 0 0 0 0 0 0 0 0 0 0 0 0 0 0 0 0 0 0 0
 0 0 0 0 0 0 0 0 0 0 0 0 0 0 0 0 0 0 0 0 0 0 0 0 0 0
 0 0 0 0 0 0 0 0 0 0 0 0 0 0 0 0 0 0 0 0 0 0 0 0 0 0
 0 0 0 0 0 0 0 0 0 0 0 0 0 0 0 0 0 0 0 0 0 0 0 0 0 0
 0 0 0 0 0 0 0 0 0 0 0 0 0 0 0 0 0 0 0 0 0 0 0 0 0 0
 0 0 0 0 0 0 0 0 0 0 0 0 0 0 0 0 0 0 0 0 0 0 0 0 0 0
 0 0 0 0 0 0 0 0 0 0 0 0 0 0 0 0 0 0 0 0 0 0 0 0 0 0
 0 0 0 0 0 0 0 0 0 0 0 0 0 0 0 0 0 0 0 0 0 0 0 0 0 0
 0 0 0 0 0 0 0 0 0 0 0 0 0 0 0 0 0 0 0 0 0 0 0 0 0 0
 0 0 0 0 0 0 0 0 0 0 0 0 0 0 0 0 0 0 0 0 0 0 0 0 0 0
 0 0 0 0 0 0 0 0 0 0 0 0 0 0 0 0 0 0 0 0 0 0 0 0 0 0
 0 0 0 0 0 0 0 0 0 0 0 0 0 0 0 0 0 0 0 0 0 0 0 0 0 0
 0.00862536 0 0 0.000197151 0.00414017 0.0128641 0.00837892 0.0270097 0.101434 0.158115 0.152841 0.127902 0.109271 0.109419 0.0830992 0.0579132 0.0238553 0.00714673 0.00463305 0.00128148 0.00103504 0.000492878 0.000147863 0.000147863 4.92878e-05 0
 0 0 0 0 0 0 0 0 0 0 0 0 0 0 0 0 0 0 0 0 0 0 0 0 0 0
 0 0 0 0 0 0 0 0.0054083 0.00873648 0.0413646 0.0450493 0.0745869 0.0622846 0.0627006 0.0613931 0.0827291 0.12552 0.122667 0.0946155 0.0697135 0.0546179 0.0294188 0.0215738 0.0213955 0.0102223 0.00600262
 0 0 0 0 0.00359764 0.0251062 0.0480494 0.140153 0.205849 0.193036 0.1447 0.116669 0.0760912 0.0342217 0.00950174 0.001854 0.000860785 0 0 0 0.000165536 0 0.000143464 0 0 0
 0 0 0 0 0 0 0 0.000145254 0.000435761 0.0275982 0.070085 0.0708112 0.156366 0.174668 0.174014 0.160142 0.0824315 0.0480064 0.0283245 0.00493863 0.00203355 0 0 0 0 0
 0 0 0 0 0 0 0 0 0 0 0 0 0 0 0 0 0 0 0 0 0 0 0 0 0 0
 0 0 1.00437e-05 0.000401748 0.00122533 0.00171747 0.00176769 0.0269171 0.070346 0.194647 0.189555 0.159765 0.064822 0.0314167 0.0384472 0.0292271 0.0345202 0.0313363 0.0194345 0.0106764 0.0143323 0.0359363 0.0279516 0.0138201 0.00172751 0
 0 0.0021121 0.0136068 0.0755702 0.200478 0.177729 0.0527432 0.0373336 0.0318909 0.0142505 0.0149659 0.0166563 0.0217959 0.0798694 0.0677717 0.0528807 0.04013 0.0224614 0.0357745 0.0225083 0.00881397 0.00855152 0.00135912 0.000746735 0 0
 0 0 0 0 5.4009e-05 0.00500934 0.000945158 0.0243581 0.138947 0.33067 0.221406 0.137944 0.0707744 0.0437923 0.0131692 0.00525238 0.0047753 0.00276346 9.45158e-05 9.00151e-06 2.25038e-05 9.00151e-06 4.50075e-06 0 0 0
 0.000866109 0.00284123 0.00948549 0.0512746 0.133035 0.25785 0.225252 0.132002 0.0553304 0.0519788 0.0540692 0.017754 0.00435017 0.00159236 0.00146478 0.000404838 0.000125132 0.000115318 0.000107957 0.000100596 0 0 0 0 0 0
 0 0 0 0 0.00144013 0.00171154 0.00461396 0.0210425 0.0478622 0.0707936 0.0888783 0.103762 0.0637923 0.0337046 0.0602308 0.124433 0.169614 0.0934646 0.0462172 0.0250306 0.0313229 0.00938855 0.002487 0.000210481 0 0
 0 0.00764035 0.051015 0.0998891 0.058973 0.0496711 0.0374665 0.0718981 0.12319 0.153886 0.159021 0.0857701 0.0377988 0.023471 0.0147837 0.00900784 0.00315554 0.000888139 0.00291439 0.00214683 0.00393193 0.00274676 0.000635225 9.99891e-05 0 0
 0 0 0 0 0 0 0 0 0 0 0 0 0 0 0 0 0 0 0 0 0 0 0 0 0 0
 0 0 0 0 0 0 0 0 0 0 0 0 0 0 0 0 0 0 0 0 0 0 0 0 0 0
 0 0 0 0 0 0 0 0 0 0 0 0 0 0 0 0 0 0 0 0 0 0 0 0 0 0
 0 0 0 0 0 0 0 0 0 0 0 0 0 0 0 0 0 0 0 0 0 0 0 0 0 0
 0 0 0 0 0 0 0 0 0 0 0 0 0 0 0 0 0 0 0 0 0 0 0 0 0 0
 0 0 0 0 0 0 0 0 0 0 0 0 0 0 0 0 0 0 0 0 0 0 0 0 0 0
ppred_pel_tallas
 1.17683e-16 2.63924e-05 0.000256544 0.00170482 0.00774989 0.0241129 0.0513755 0.0749871 0.0750014 0.0514459 0.0243513 0.00844816 0.00349422 0.00428385 0.00802889 0.0141523 0.0225226 0.0327628 0.0443343 0.0567201 0.0692569 0.0806715 0.0888823 0.0915697 0.0873199 0.0765408
 1.31992e-16 2.45275e-05 0.000238416 0.00158436 0.0072023 0.0224092 0.0477464 0.0696942 0.0697273 0.047908 0.0229523 0.00877303 0.00553515 0.00889105 0.0165447 0.0275571 0.0403114 0.0521028 0.0603157 0.0640658 0.0648416 0.0654431 0.0679815 0.0724745 0.0769488 0.0787268
 1.28213e-16 3.64207e-05 0.000354022 0.0023526 0.0106946 0.033275 0.0708968 0.103481 0.103506 0.071019 0.0336859 0.0118841 0.00534876 0.0069294 0.0126283 0.021098 0.0310599 0.0405168 0.0474971 0.0512307 0.0526205 0.0535131 0.0553367 0.0581835 0.0609086 0.0619427
 1.1253e-16 5.14925e-05 0.000500526 0.00332617 0.0151203 0.047045 0.100235 0.146301 0.146323 0.100344 0.0474111 0.0161788 0.00598678 0.00632128 0.0111442 0.0184452 0.0268168 0.0342748 0.0388551 0.0397229 0.0376809 0.0345823 0.0321141 0.0309013 0.0304698 0.0298482
 1.07728e-16 4.33931e-05 0.000421797 0.00280299 0.012742 0.0396453 0.0844698 0.123294 0.123329 0.0846419 0.0402233 0.0144119 0.00699607 0.00958045 0.0174528 0.0288259 0.0416215 0.0525608 0.058335 0.0574402 0.0510708 0.0422786 0.0340968 0.0280922 0.0241875 0.0214367
 1.05789e-16 5.25788e-05 0.000511085 0.00339634 0.0154393 0.0480375 0.10235 0.149388 0.149412 0.102468 0.0484344 0.0165868 0.00628087 0.00682139 0.0120762 0.019984 0.0290234 0.037003 0.0417119 0.0421165 0.0389292 0.0340238 0.0292016 0.0252996 0.022174 0.0192793
 1.07803e-16 3.06612e-05 0.000298038 0.00198057 0.00900342 0.0280132 0.0596869 0.0871246 0.0871719 0.059918 0.0287893 0.0112456 0.00761112 0.0125974 0.0234128 0.0387194 0.0559208 0.070636 0.0784123 0.0772002 0.0685498 0.0564916 0.0450419 0.0362934 0.0302052 0.025646
 1.14649e-16 2.84976e-05 0.000277007 0.00184081 0.00836808 0.0260364 0.0554746 0.0809741 0.0810089 0.0556448 0.0266087 0.0100249 0.00601397 0.00943445 0.0175595 0.0293493 0.0431309 0.0560325 0.0650989 0.0689184 0.06831 0.0654298 0.0620908 0.0587219 0.0546265 0.0489963
 1.19156e-16 3.47458e-05 0.000337742 0.00224442 0.0102028 0.0317449 0.0676369 0.098724 0.0987529 0.0677782 0.03222 0.0115779 0.00570666 0.00793147 0.0145628 0.0243033 0.0356835 0.0463305 0.053864 0.0572636 0.0574299 0.0563746 0.0557013 0.0556168 0.0551054 0.0528717
 1.12321e-16 5.05572e-05 0.000491434 0.00326575 0.0148457 0.0461905 0.0984145 0.143643 0.143666 0.0985234 0.0465566 0.0159044 0.00592796 0.00631903 0.0111661 0.0185081 0.0269659 0.0345821 0.039413 0.0406205 0.0389657 0.0362196 0.0339666 0.0327473 0.032061 0.0309851
 1.04711e-16 5.95935e-05 0.00057927 0.00384945 0.0174991 0.0544462 0.116004 0.169316 0.169336 0.116104 0.0547804 0.0184646 0.00627413 0.00587566 0.0101284 0.0166768 0.024083 0.0304281 0.0338021 0.0333406 0.0297363 0.0247508 0.0201277 0.0167559 0.0145714 0.0130111
 1.03373e-16 5.00131e-05 0.000486145 0.00323061 0.0146859 0.0456934 0.0973559 0.1421 0.142132 0.0975113 0.0462153 0.0161932 0.00701427 0.00874619 0.0157382 0.0259413 0.0373692 0.0470022 0.0517916 0.050327 0.043667 0.0346038 0.0259808 0.0193754 0.0149055 0.0118832
 1.04424e-16 4.78196e-05 0.000464823 0.00308891 0.0140418 0.0436893 0.0930859 0.135868 0.135899 0.0932361 0.0441938 0.0154997 0.00675158 0.00847038 0.0152808 0.025262 0.0365613 0.0463399 0.0517189 0.0513448 0.0461485 0.038624 0.0312477 0.0252988 0.0207726 0.0170639
 1.05883e-16 4.50436e-05 0.00043784 0.0029096 0.0132266 0.0411532 0.0876823 0.127982 0.128014 0.0878401 0.0416832 0.0147585 0.00675837 0.00885129 0.0160577 0.0265646 0.0384722 0.0488196 0.0546059 0.0544343 0.0493001 0.0418206 0.0345631 0.0288031 0.0244461 0.0207707
 1.05003e-16 5.51739e-05 0.00053631 0.00356397 0.0162013 0.0504084 0.107401 0.15676 0.156783 0.107512 0.0507814 0.0172794 0.00627305 0.00646033 0.0113357 0.0187308 0.0271604 0.0345414 0.0387806 0.0389066 0.0356137 0.0307138 0.0259623 0.0221974 0.0193016 0.0167403
 1.01623e-16 7.01094e-05 0.000681488 0.00452873 0.0205869 0.0640537 0.136474 0.19919 0.199201 0.13653 0.0642431 0.0211342 0.00590279 0.00368224 0.00577251 0.00944125 0.0136152 0.0171674 0.0189991 0.0186053 0.0163668 0.0132803 0.0103476 0.00810491 0.00656367 0.00545813
 1.02573e-16 2.86816e-05 0.000278796 0.0018527 0.00842213 0.0262047 0.055834 0.0815034 0.0815612 0.0561162 0.027152 0.0111574 0.00871498 0.0152475 0.0284225 0.0468521 0.0672759 0.0841502 0.0918389 0.0877375 0.0738429 0.0554463 0.038042 0.0248377 0.0162866 0.0111938
 1.03775e-16 6.43732e-05 0.00062573 0.0041582 0.0189026 0.058813 0.125308 0.182893 0.182904 0.125362 0.0589947 0.0194291 0.00548585 0.00354394 0.00566484 0.00941474 0.0139077 0.0182191 0.0214238 0.0230503 0.0232779 0.0226601 0.021633 0.020249 0.0183119 0.0157048
 1.03761e-16 4.47804e-05 0.000435282 0.0028926 0.0131494 0.0409128 0.0871705 0.127236 0.127275 0.087359 0.0415458 0.0149773 0.00747906 0.0104416 0.0190313 0.0313475 0.0450519 0.0564487 0.0618097 0.0594372 0.0506959 0.0391174 0.0283151 0.0203168 0.0152723 0.0122376
 1.06783e-16 3.71883e-05 0.000361483 0.00240218 0.01092 0.0339764 0.0723917 0.105666 0.105703 0.072575 0.0345924 0.012701 0.00687908 0.0101556 0.0186996 0.0310151 0.0450455 0.0574142 0.0646679 0.0651601 0.0599409 0.0518694 0.0437284 0.0368701 0.0311967 0.0260313
 1.07063e-16 5.29344e-05 0.000514541 0.00341931 0.0155437 0.0483623 0.103042 0.150397 0.150419 0.103147 0.0487176 0.0165713 0.00600401 0.00617468 0.0108549 0.0179992 0.0262479 0.0336936 0.0384187 0.0395354 0.0376617 0.0343763 0.0311185 0.0284315 0.0260112 0.023286
 1.05319e-16 5.07808e-05 0.000493608 0.0032802 0.0149113 0.0463948 0.0988501 0.144281 0.14431 0.0989918 0.0468706 0.0162859 0.00673149 0.00803135 0.014377 0.0237165 0.0342294 0.0431973 0.0478865 0.0470505 0.0416664 0.0342449 0.0272877 0.0220962 0.0186283 0.0161368
 1.08986e-16 2.03365e-05 0.000197678 0.00131364 0.00597166 0.0185803 0.0395894 0.0577936 0.0578492 0.0398612 0.019493 0.00860893 0.00793801 0.0146735 0.027556 0.0456371 0.0660051 0.0835579 0.0930822 0.0921475 0.0824948 0.0687278 0.0554236 0.0449539 0.0372902 0.0312334
 1.10809e-16 5.24172e-05 0.000509514 0.0033859 0.0153918 0.0478897 0.102035 0.148925 0.14894 0.102104 0.0481233 0.0160697 0.00509937 0.0042892 0.00734597 0.0123635 0.0185136 0.0247708 0.0300953 0.0339765 0.0366146 0.0385138 0.039859 0.040257 0.0390434 0.0358319
 1.0949e-16 3.95816e-05 0.000384747 0.00255678 0.0116228 0.036163 0.0770505 0.112466 0.112505 0.077241 0.0368026 0.0134704 0.00719481 0.0105106 0.0192745 0.0318155 0.0458685 0.05779 0.0639184 0.0626333 0.0553543 0.0455894 0.0368033 0.0307464 0.0272228 0.0249765
 1.12406e-16 2.8566e-05 0.000277672 0.00184523 0.00838816 0.0260989 0.055608 0.0811701 0.0812112 0.0558091 0.0267747 0.0103425 0.00675997 0.0110371 0.0205521 0.0341659 0.0497629 0.063729 0.072366 0.0739368 0.069602 0.062415 0.0552477 0.0493345 0.0443094 0.0392278
 1.10757e-16 5.15612e-05 0.000501194 0.00333061 0.0151405 0.0471077 0.100369 0.146495 0.146514 0.10046 0.0474163 0.0160337 0.00558064 0.00543911 0.00950678 0.0158391 0.0232947 0.0303205 0.035363 0.0377207 0.0379006 0.0371072 0.0362994 0.0356003 0.0344429 0.0321656
 1.0777e-16 4.55809e-05 0.000443063 0.00294431 0.0133844 0.0416441 0.0887284 0.129509 0.129542 0.0888906 0.0421889 0.0149584 0.00689606 0.00907315 0.0164462 0.0271463 0.0391752 0.0494343 0.0548082 0.0538991 0.0478703 0.0396431 0.0321076 0.0267327 0.02339 0.0210996
 1.11427e-16 2.09632e-05 0.00020377 0.00135412 0.00615568 0.0191529 0.0408091 0.0595729 0.0596243 0.0410604 0.019997 0.00859565 0.00748582 0.0136126 0.0255553 0.0423944 0.0614888 0.0782058 0.0878071 0.0880812 0.0805815 0.0693959 0.0585026 0.0498299 0.0431644 0.0373478
 1.19838e-16 3.13782e-05 0.000305007 0.00202688 0.00921392 0.0286681 0.0610812 0.089155 0.0891796 0.0612019 0.0290742 0.0103921 0.00500282 0.00686357 0.0126703 0.0213784 0.0319264 0.042541 0.0513978 0.0576389 0.0617126 0.0646571 0.0669642 0.0680503 0.0667251 0.0621421
pSPR Fmed_Fpbrs
0.547684   0.218076 0.218076
Fs Fmed_Fpbrs
0.34   1.005 1.005
SSBpbr Bo_Bmed_Bpbrs
2.67082e+06  1.32922e+06  448900 448900
Ro
197234
SPR SPRFo_SPRFmed_SPRFpbrs
1.40401e+06 768951 306180
Fref
1.005
Nvult_r0
 105488 37422.2 38930.8 12052.8 3581.04
CTP_r0
 45942.1 18757.8 19513.9 6041.43 1794.99
YTP_r0
1.40706e+06
Np
 297322 50565.5 5612.41 1844.24 2176.94
Nvult_p0
 246757 43756.3 4856.64 1595.89 1883.79
CTP_p0
 107468 18077.9 5940.39 6179.86 2519.17
 107468 21932.7 2434.38 799.935 944.244
YTP_p0
 1.55111e+06 1.30997e+06
CBA_c0
1.45027e+06
log_Ro
12.0121
likeval ReclasPelacesDesembMPH_pf_preclas_ppelaces_ptallas_desvR_qrecl_qpela
 17.7838 19.6531 0.0603934 0.00483357 210.325 135.261 101.909 0 21.6142 3.75787e-08 0 0.303717 0 0 0
q_reclas_q_pelaces
0.972958 1
M
1
N
 208493 46814 169594 9756.73 0.320344
 117251 70085 15312.9 55474.1 3191.54
 120942 36611.3 20824.7 4549.99 17431.6
 192961 37913.7 10934.8 6219.76 6565.29
 155793 55168.6 10043.6 2896.7 3386.85
 256976 52584.6 18142.2 3302.83 2066.34
 109268 79247.4 15373.4 5303.97 1569.71
 52046.4 27346.7 17651.3 3424.23 1531.02
 48099.2 18013.5 9291.66 5997.45 1683.66
 69039.1 13957.6 4865.14 2509.52 2074.54
 126995 18857.6 3483.99 1214.4 1144.24
 147775 43541.7 6329.25 1169.34 791.635
 133231 39382.9 10525.7 1530.03 474.044
 105786 36261.4 9784.76 2615.13 497.915
 131929 24642.8 7356.34 1985.03 631.543
 504754 37818.5 6550.44 1955.43 695.527
 161386 144251 10012.9 1734.32 701.876
 676687 51286 43854.8 3044.1 740.643
 530957 208201 14948.9 12782.9 1103.18
 336684 152748 55601.5 3992.21 3708.36
 550012 99563.5 42282.4 15391.1 2131.61
 667273 171645 29562.5 12554.5 5202.87
 164873 198295 47818.1 8235.73 4946.98
 460044 53675.5 62212.4 15002.3 4135.89
 351447 152022 17170.6 19901.5 6122.22
 185227 115964 48537.3 5482.18 8308.79
 394364 62457.1 38085 15940.7 4529.24
 409304 130408 19997.6 12194.1 6554.09
 128227 136951 42399.4 6501.82 6095.6
 127104 43245.7 44989 13928.4 4138.31
pred_Ctot
 11451.1 3311.91 11998.1 690.251 0.0226631
 11359.2 8669.1 1894.11 6861.82 394.774
 11451.9 4428.3 2518.84 550.341 2108.43
 27743.1 6889.49 1987.02 1130.22 1193.01
 8182.04 3733.96 679.779 196.057 229.231
 26651 6952.87 2398.8 436.709 273.217
 22781.2 20580.3 3992.41 1377.42 407.648
 1957.12 1329.31 858.027 166.451 74.4226
 6546.64 3103.96 1601.08 1033.44 290.117
 11513.5 2926.96 1020.24 526.255 435.038
 5490.63 1052.74 194.495 67.7941 63.8774
 26423.4 9763.62 1419.25 262.209 177.513
 22453.8 8342.85 2229.76 324.119 100.421
 25448.6 10784.9 2910.2 777.796 148.091
 18790.2 4437.26 1324.61 357.431 113.718
 72679.3 6882.12 1192.03 355.845 126.57
 14058.6 16077.4 1115.98 193.296 78.2268
 71028 6861.31 5867.13 407.256 99.0872
 74644.1 37019.5 2658.02 2272.88 196.153
 42496.3 24461.2 8904.07 639.317 593.861
 53452.1 12353.2 5246.15 1909.64 264.477
 82492.3 26937.7 4639.49 1970.29 816.53
 12110.5 18689.3 4506.85 776.216 466.252
 29846.7 4476.32 5188.26 1251.13 344.917
 23102.8 12843.5 1450.64 1681.36 517.23
 9836.91 7935.73 3321.54 375.16 568.593
 25429.1 5177.25 3156.97 1321.37 375.441
 23591.6 9676.46 1483.86 904.823 486.324
 6795.01 9351.79 2895.28 443.982 416.242
 8812.63 3850.63 4005.86 1240.2 368.478
F
 0.0901968 0.117488 0.117488 0.117488 0.117488
 0.16396 0.213571 0.213571 0.213571 0.213571
 0.159996 0.208408 0.208408 0.208408 0.208408
 0.252096 0.328375 0.328375 0.328375 0.328375
 0.0861031 0.112156 0.112156 0.112156 0.112156
 0.176407 0.229784 0.229784 0.229784 0.229784
 0.385208 0.501764 0.501764 0.501764 0.501764
 0.0610154 0.0794774 0.0794774 0.0794774 0.0794774
 0.237241 0.309025 0.309025 0.309025 0.309025
 0.297754 0.387848 0.387848 0.387848 0.387848
 0.0704267 0.0917364 0.0917364 0.0917364 0.0917364
 0.322359 0.419898 0.419898 0.419898 0.419898
 0.30133 0.392506 0.392506 0.392506 0.392506
 0.456932 0.59519 0.59519 0.59519 0.59519
 0.249469 0.324953 0.324953 0.324953 0.324953
 0.252514 0.32892 0.32892 0.32892 0.32892
 0.146381 0.190673 0.190673 0.190673 0.190673
 0.178706 0.232778 0.232778 0.232778 0.232778
 0.245892 0.320294 0.320294 0.320294 0.320294
 0.21835 0.284418 0.284418 0.284418 0.284418
 0.164511 0.214289 0.214289 0.214289 0.214289
 0.213442 0.278025 0.278025 0.278025 0.278025
 0.122221 0.159202 0.159202 0.159202 0.159202
 0.107295 0.13976 0.13976 0.13976 0.13976
 0.10878 0.141695 0.141695 0.141695 0.141695
 0.0871038 0.11346 0.11346 0.11346 0.11346
 0.106609 0.138866 0.138866 0.138866 0.138866
 0.0948361 0.123532 0.123532 0.123532 0.123532
 0.0869076 0.113204 0.113204 0.113204 0.113204
 0.115027 0.149832 0.149832 0.149832 0.149832
YTP_r0W_actual
 335378 298248 517119 191513 64799
YTP_p0W_proyectada
 810307 315460 142985 193553 88800.7
 810307 382726 58595.4 25054 33284.6
CTP_r0_actual
 45942.1 18757.8 19513.9 6041.43 1794.99
CTP_p0_proyectada
 107468 18077.9 5940.39 6179.86 2519.17
 107468 21932.7 2434.38 799.935 944.244
Wmedp
 7.54 17.45 24.07 31.32 35.25
Frms_r0
 0.771546 1.005 1.005 1.005 1.005
Zrms_r0
 1.77155 2.005 2.005 2.005 2.005
nmprior
 7.29 8.9 8.7 0
nm_flota  nm_reclas  nm_pelaces    nm_pelaL
inf 7.21174 6.45314 9.3697
cv_recla  cv_pelaces  cv_mph
0.390426 0.521651 1.96643
 ------------------------------------------------
Talla a la edad & desviaci?n 
 8 13.2811 15.8009 17.003 17.5766
 0.8 1.32811 1.58009 1.7003 1.75766
