years
 1991 1992 1993 1994 1995 1996 1997 1998 1999 2000 2001 2002 2003 2004 2005 2006 2007 2008 2009 2010 2011 2012 2013 2014 2015 2016 2017 2018 2019 2020 2021 2022 2023
reclasobs
 0 0 0 0 0 0 0 0 0 252601 567819 844713 477998 351125 339783 2.1784e+06 2.13404e+06 4.81314e+06 1.55562e+06 2.62356e+06 3.21686e+06 3.843e+06 1.13348e+06 3.07943e+06 1.97215e+06 2.03268e+06 2.025e+06 2.42433e+06 2.27542e+06 1.05018e+06 2.36338e+06 3.18982e+06 1.53035e+06
reclaspred
 3.90327e+06 2.2316e+06 1.10438e+06 901608 932843 1.24031e+06 927892 792560 565946 428184 426836 586238 580491 477484 550250 1.08622e+06 1.56875e+06 2.38123e+06 2.31488e+06 1.79079e+06 3.03559e+06 2.45281e+06 2.2637e+06 2.81942e+06 2.48081e+06 2.24261e+06 2.29624e+06 2.30739e+06 2.54652e+06 1.7415e+06 1.81596e+06 2.49508e+06 1.90932e+06
pelacesobs
 0 0 0 0 0 0 0 0 0 0 0 0 0 0 0 552880 188675 0 991730 2.46772e+06 1.41603e+06 1.21717e+06 2.29649e+06 1.80582e+06 0 1.4828e+06 1.56532e+06 1.57751e+06 1.42118e+06 867257 1.10002e+06 1.06204e+06 0
pelacespred
 1.90222e+06 1.19221e+06 604414 394537 427904 561783 406733 401852 293864 206433 222203 244530 263055 231602 284355 470833 666601 1.0939e+06 1.1595e+06 865560 1.28286e+06 1.23557e+06 1.08625e+06 1.45003e+06 1.30748e+06 1.12916e+06 1.29627e+06 1.26142e+06 1.19201e+06 933327 880130 1.14308e+06 933462
mphobs
 0 0 0 0 0 0 0 0 0 0 0 0 498337 0 5186 125008 0 168611 109162 213762 579715 649985 157893 87575 83554 210694 70296 0 107559 103333 445601 22526 28222
mphpred
 3.79625e+06 2.52992e+06 1.266e+06 694372 730922 799165 990494 619560 557960 390285 273772 439206 447642 388930 310407 501857 1.19657e+06 1.31731e+06 1.97185e+06 1.66058e+06 1.7455e+06 2.20605e+06 2.00232e+06 1.70673e+06 2.3935e+06 1.90629e+06 1.62471e+06 1.75115e+06 2.32625e+06 1.66102e+06 1.2163e+06 1.93949e+06 1.31164e+06
desembarqueobs
 494567 514787 250237 358949 120608 361735 552515 73892 212993 205616 52469 317467 293654 387597 252695 516296 358380 742168 942051 627588 828172 859565 418607 520667 417249 300574 415391 372974 316634 284311 391294 218835 356480
desembarquepred
 494572 513510 250858 358980 120613 361753 552573 73896.2 213042 205660 52471.7 317558 293731 387674 252696 516278 358413 742084 941910 627500 828270 859672 418636 520708 417275 300585 415407 372985 316651 284324 391289 218845 356495
Reclutas
 210982 118122 125861 195494 158040 254405 108585 52492.3 48006.2 68659.8 125975 146652 132680 105415 132265 501856 162242 673057 529173 336551 547474 661664 165486 456998 350035 185586 392173 409954 143972 151066 342757 160573 324752
log_desv_Rt
 0.0324437 -0.547608 -0.484152 -0.0437975 -0.256482 0.219599 -0.631796 -1.35866 -1.448 -1.09017 -0.483248 -0.331267 -0.43139 -0.66142 -0.434521 0.898983 -0.230239 1.1925 0.951985 0.499421 0.985985 1.17543 -0.210442 0.80535 0.538705 -0.0958124 0.652372 0.696714 -0.34971 -0.301613 0.517692 -0.240584 0.463732
SSB
 3.79625e+06 2.52992e+06 1.266e+06 694372 730922 799165 990494 619560 557960 390285 273772 439206 447642 388930 310407 501857 1.19657e+06 1.31731e+06 1.97185e+06 1.66058e+06 1.7455e+06 2.20605e+06 2.00232e+06 1.70673e+06 2.3935e+06 1.90629e+06 1.62471e+06 1.75115e+06 2.32625e+06 1.66102e+06 1.2163e+06 1.93949e+06 1.31164e+06
BT
 5.04369e+06 3.41189e+06 1.73606e+06 1.46445e+06 1.26817e+06 2.093e+06 1.54257e+06 1.22465e+06 1.03414e+06 796876 767132 1.00703e+06 1.07798e+06 1.16794e+06 1.27071e+06 2.12784e+06 2.11371e+06 4.36642e+06 4.39712e+06 2.95033e+06 4.80468e+06 4.36434e+06 3.25541e+06 5.34043e+06 3.85471e+06 3.39242e+06 4.65706e+06 4.27015e+06 3.21135e+06 2.79462e+06 3.11167e+06 3.26768e+06 3.21681e+06
Ftot
 0.114872 0.208851 0.203677 0.327553 0.111977 0.236313 0.5117 0.0810466 0.316174 0.399124 0.0964779 0.439684 0.410348 0.624829 0.34269 0.349466 0.197605 0.244193 0.334211 0.294498 0.223016 0.290008 0.163873 0.146458 0.146745 0.116943 0.145216 0.12935 0.113988 0.142599 0.170163 0.0781819 0.152072
BD_Bspro_t
 0.981841 0.868231 0.728124 0.648533 0.632675 0.695674 0.671426 0.512912 0.574045 0.534205 0.514305 0.705175 0.584523 0.504748 0.434227 0.546898 0.650098 0.656737 0.690937 0.621127 0.588899 0.639468 0.646089 0.648972 0.745296 0.746862 0.759327 0.789834 0.821193 0.772058 0.741452 0.795263 0.80281
BD_Bspro
 2.57992 1.71932 0.860371 0.471892 0.496731 0.543109 0.673135 0.42105 0.379187 0.265236 0.186054 0.298482 0.304216 0.264315 0.210951 0.341059 0.813186 0.895239 1.34006 1.12852 1.18624 1.49922 1.36077 1.15988 1.62661 1.29551 1.10415 1.19007 1.58091 1.12882 0.82659 1.31807 0.891386
BD_Bo
 1.43441 0.955926 0.478358 0.262368 0.276178 0.301963 0.374257 0.2341 0.210824 0.147469 0.103444 0.165953 0.169141 0.146956 0.117287 0.189626 0.452124 0.497745 0.745061 0.627448 0.659536 0.833551 0.756575 0.644885 0.904381 0.720291 0.613895 0.661669 0.878969 0.627612 0.459576 0.732833 0.495602
BD_Brms
 7.81743 5.20973 2.60702 1.42989 1.50515 1.64568 2.03967 1.27583 1.14898 0.803695 0.563764 0.904434 0.921807 0.800903 0.639206 1.03345 2.46404 2.71267 4.06053 3.41955 3.59443 4.5428 4.12328 3.51458 4.92882 3.92553 3.34568 3.60605 4.79032 3.42044 2.50466 3.99389 2.701
Sel_flota
 0.713155 0.979269 0.998887 0.999941 0.999997
 0.713155 0.979269 0.998887 0.999941 0.999997
 0.713155 0.979269 0.998887 0.999941 0.999997
 0.713155 0.979269 0.998887 0.999941 0.999997
 0.713155 0.979269 0.998887 0.999941 0.999997
 0.713155 0.979269 0.998887 0.999941 0.999997
 0.713155 0.979269 0.998887 0.999941 0.999997
 0.713155 0.979269 0.998887 0.999941 0.999997
 0.713155 0.979269 0.998887 0.999941 0.999997
 0.713155 0.979269 0.998887 0.999941 0.999997
 0.713155 0.979269 0.998887 0.999941 0.999997
 0.713155 0.979269 0.998887 0.999941 0.999997
 0.713155 0.979269 0.998887 0.999941 0.999997
 0.713155 0.979269 0.998887 0.999941 0.999997
 0.713155 0.979269 0.998887 0.999941 0.999997
 0.713155 0.979269 0.998887 0.999941 0.999997
 0.713155 0.979269 0.998887 0.999941 0.999997
 0.713155 0.979269 0.998887 0.999941 0.999997
 0.713155 0.979269 0.998887 0.999941 0.999997
 0.713155 0.979269 0.998887 0.999941 0.999997
 0.713155 0.979269 0.998887 0.999941 0.999997
 0.713155 0.979269 0.998887 0.999941 0.999997
 0.713155 0.979269 0.998887 0.999941 0.999997
 0.713155 0.979269 0.998887 0.999941 0.999997
 0.713155 0.979269 0.998887 0.999941 0.999997
 0.713155 0.979269 0.998887 0.999941 0.999997
 0.713155 0.979269 0.998887 0.999941 0.999997
 0.713155 0.979269 0.998887 0.999941 0.999997
 0.713155 0.979269 0.998887 0.999941 0.999997
 0.713155 0.979269 0.998887 0.999941 0.999997
 0.713155 0.979269 0.998887 0.999941 0.999997
 0.713155 0.979269 0.998887 0.999941 0.999997
 0.713155 0.979269 0.998887 0.999941 0.999997
Sel_reclas
 0.5 1 1 1 1
 0.5 1 1 1 1
 0.5 1 1 1 1
 0.5 1 1 1 1
 0.5 1 1 1 1
 0.5 1 1 1 1
 0.5 1 1 1 1
 0.5 1 1 1 1
 0.5 1 1 1 1
 0.5 1 1 1 1
 0.5 1 1 1 1
 0.5 1 1 1 1
 0.5 1 1 1 1
 0.5 1 1 1 1
 0.5 1 1 1 1
 0.5 1 1 1 1
 0.5 1 1 1 1
 0.5 1 1 1 1
 0.5 1 1 1 1
 0.5 1 1 1 1
 0.5 1 1 1 1
 0.5 1 1 1 1
 0.5 1 1 1 1
 0.5 1 1 1 1
 0.5 1 1 1 1
 0.5 1 1 1 1
 0.5 1 1 1 1
 0.5 1 1 1 1
 0.5 1 1 1 1
 0.5 1 1 1 1
 0.5 1 1 1 1
 0.5 1 1 1 1
 0.5 1 1 1 1
Sel_pelaces
 0.5 1 1 1 1
 0.5 1 1 1 1
 0.5 1 1 1 1
 0.5 1 1 1 1
 0.5 1 1 1 1
 0.5 1 1 1 1
 0.5 1 1 1 1
 0.5 1 1 1 1
 0.5 1 1 1 1
 0.5 1 1 1 1
 0.5 1 1 1 1
 0.5 1 1 1 1
 0.5 1 1 1 1
 0.5 1 1 1 1
 0.5 1 1 1 1
 0.5 1 1 1 1
 0.5 1 1 1 1
 0.5 1 1 1 1
 0.5 1 1 1 1
 0.5 1 1 1 1
 0.5 1 1 1 1
 0.5 1 1 1 1
 0.5 1 1 1 1
 0.5 1 1 1 1
 0.5 1 1 1 1
 0.5 1 1 1 1
 0.5 1 1 1 1
 0.5 1 1 1 1
 0.5 1 1 1 1
 0.5 1 1 1 1
 0.5 1 1 1 1
 0.5 1 1 1 1
 0.5 1 1 1 1
pf_obs 
 0.8446 0.082 0.0669 0.0065 0
 0.8095 0.147 0.0364 0.0071 0
 0.9664 0.0169 0.016 0.0007 0
 0.9276 0.0648 0.0075 0.0001 0
 0.7033 0.2144 0.0806 0.0017 0
 0.9318 0.0425 0.0243 0.0014 0
 0.5671 0.3108 0.0964 0.0239 0.0018
 0.0768 0.2599 0.5324 0.112 0.0189
 0.490249 0.384438 0.106611 0.0170017 0.00170017
 0.7925 0.1577 0.0466 0.003 0.0002
 0.840416 0.127587 0.0312969 0.00059994 9.999e-05
 0.8084 0.0986 0.0794 0.0134 0.0002
 0.7335 0.1905 0.0724 0.0035 0.0001
 0.4001 0.4547 0.1325 0.0127 0
 0.49795 0.308269 0.164784 0.0264974 0.00249975
 0.9179 0.0499 0.0305 0.0017 0
 0.2467 0.6533 0.0926 0.0074 0
 0.9418 0.0223 0.034 0.0019 0
 0.707729 0.231977 0.0356964 0.0245975 0
 0.517169 0.277429 0.184464 0.0207286 0.00020938
 0.811772 0.124168 0.05621 0.00726502 0.000585176
 0.764997 0.148141 0.077277 0.00933861 0.000247198
 0.163321 0.427699 0.378323 0.0303852 0.000271297
 0.753843 0.0900009 0.118128 0.0371064 0.000921714
 0.721811 0.176058 0.0630433 0.0369309 0.00215725
 0.143369 0.312575 0.442814 0.0836902 0.0175525
 0.692698 0.0596174 0.167031 0.0765114 0.00414204
 0.394062 0.376323 0.152708 0.0712218 0.00568511
 0.125707 0.32114 0.495352 0.0537591 0.00404204
 0.23352 0.215282 0.420074 0.123614 0.00750983
 0.796117 0.104755 0.0508955 0.0450114 0.00322123
 0.162477 0.292055 0.404252 0.121198 0.0200186
 0 0 0 0 0
pf_pred 
 0.39579 0.120353 0.457898 0.025958 8.61533e-07
 0.370077 0.300813 0.0666257 0.248416 0.0140679
 0.531326 0.212334 0.123834 0.026849 0.105656
 0.693671 0.188472 0.0540365 0.03085 0.032971
 0.610021 0.298108 0.0570323 0.0159842 0.0188549
 0.707503 0.199859 0.0711565 0.0133413 0.00814075
 0.449104 0.426185 0.0858052 0.0298918 0.00901363
 0.431457 0.310233 0.200979 0.0394627 0.0178688
 0.503533 0.253886 0.133574 0.0848332 0.0241736
 0.686818 0.185723 0.0659211 0.0339038 0.0276342
 0.787812 0.161458 0.0303798 0.0105314 0.00981847
 0.683665 0.264612 0.0395496 0.00729371 0.00488032
 0.659958 0.258049 0.0688603 0.0100454 0.00308806
 0.623599 0.277901 0.0751823 0.0195874 0.00373099
 0.741674 0.184466 0.0549145 0.0144659 0.00448028
 0.888976 0.0893495 0.0155804 0.00453269 0.00156189
 0.435514 0.519228 0.0365881 0.00623479 0.00243582
 0.834139 0.0859475 0.0736315 0.00507971 0.00120241
 0.627266 0.326893 0.0240047 0.0201215 0.00171472
 0.537912 0.326292 0.119435 0.00857203 0.00778812
 0.717297 0.176281 0.0756422 0.0270754 0.00370424
 0.693295 0.239679 0.0421379 0.0176963 0.00719253
 0.320868 0.517719 0.126761 0.0217946 0.0128575
 0.712201 0.11408 0.133087 0.0319164 0.00871503
 0.570158 0.333378 0.0387182 0.0442506 0.0134947
 0.433231 0.367043 0.155637 0.017708 0.0263809
 0.70357 0.152309 0.0940037 0.0390632 0.0110536
 0.641204 0.275465 0.0432516 0.0261521 0.0139272
 0.354605 0.459363 0.143514 0.0220801 0.0204381
 0.496683 0.217059 0.204939 0.0627491 0.0185698
 0.745782 0.147249 0.0466781 0.0431768 0.0171134
 0.459118 0.434741 0.0620332 0.0192597 0.0248483
 0.698224 0.162239 0.112597 0.0157523 0.0111883
pobs_RECLAS
 0 0 0 0 0
 0 0 0 0 0
 0 0 0 0 0
 0 0 0 0 0
 0 0 0 0 0
 0 0 0 0 0
 0 0 0 0 0
 0 0 0 0 0
 0 0 0 0 0
 0 0 0 0 0
 0.991045 0.00858322 0.000360255 1.14367e-05 0
 0.934742 0.0480273 0.0164251 0.00080598 0
 0.827803 0.169806 0.00239088 0 0
 0.941827 0.0461693 0.0120037 0 0
 0.791401 0.0380133 0.147996 0.0225897 0
 0.846168 0.0940531 0.0597789 0 0
 0.134021 0.677848 0.182769 0.00536245 0
 0.80878 0.0450904 0.141981 0.00414843 0
 0.846168 0.0940531 0.0597789 0 0
 0.905697 0.0802665 0.012482 0.00150086 5.37128e-05
 0.989698 0.0102097 9.19794e-05 0 0
 0.975433 0.0193895 0.00387452 0.00125025 5.28907e-05
 0.303575 0.632131 0.0575291 0.00676475 0
 0.966965 0.00978017 0.0227588 0.000495775 0
 0.843318 0.132988 0.00938335 0.0141283 0.000182051
 0.564624 0.303363 0.111486 0.0197234 0.00080311
 0.826376 0.0876187 0.0782897 0.00655872 0.00115652
 0.89761 0.0855135 0.0140674 0.00269457 0.000114338
 0.34875 0.467042 0.161289 0.0227151 0.000203297
 0.318654 0.224769 0.449479 0.00709798 0
 0.937255 0.0296025 0.0250945 0.00804832 0
 0.456809 0.399803 0.12412 0.0192676 0
 0.883104 0.0372192 0.0704036 0.00927362 0
ppred_RECLAS
 0.314261 0.138805 0.517621 0.0293124 9.7281e-07
 0.290774 0.342418 0.0743214 0.276812 0.0156751
 0.441749 0.255798 0.146195 0.0316631 0.124594
 0.612637 0.240262 0.0674857 0.0384862 0.0411299
 0.519691 0.368917 0.0691791 0.0193678 0.022845
 0.627114 0.25644 0.0894666 0.0167562 0.0102239
 0.363595 0.494709 0.0975266 0.0339371 0.0102329
 0.345036 0.360669 0.229032 0.0449232 0.0203402
 0.41507 0.302192 0.155764 0.0988179 0.028157
 0.605717 0.235837 0.0819921 0.0421228 0.0343314
 0.719679 0.214339 0.0395311 0.0136892 0.0127618
 0.601333 0.334624 0.0489826 0.00902334 0.00603729
 0.575414 0.323823 0.0846379 0.0123334 0.00379119
 0.538633 0.342555 0.0907097 0.0236058 0.00449614
 0.66688 0.239286 0.0697844 0.0183629 0.00568691
 0.847883 0.122915 0.0209969 0.00610177 0.00210245
 0.347782 0.600899 0.041496 0.00706351 0.00275943
 0.778228 0.116049 0.09742 0.00671359 0.00158906
 0.538993 0.405349 0.0291608 0.0244168 0.00208064
 0.447657 0.392372 0.140717 0.0100885 0.00916537
 0.638416 0.22721 0.0955395 0.0341606 0.00467331
 0.61108 0.305302 0.0525897 0.0220617 0.00896629
 0.246574 0.577122 0.138488 0.0237854 0.0140312
 0.633178 0.147194 0.168301 0.0403181 0.0110086
 0.478678 0.406201 0.0462368 0.052787 0.0160971
 0.346418 0.426281 0.177168 0.0201363 0.0299968
 0.622874 0.195701 0.118381 0.0491405 0.0139043
 0.552906 0.344888 0.053076 0.0320582 0.0170715
 0.275604 0.518594 0.158805 0.0244066 0.0225903
 0.407507 0.258486 0.239197 0.0731602 0.0216496
 0.671089 0.192175 0.0597042 0.0551667 0.0218645
 0.369551 0.50875 0.0711583 0.0220694 0.0284716
 0.616777 0.207961 0.141454 0.0197683 0.01404
pobs_PELACES
 0 0 0 0 0
 0 0 0 0 0
 0 0 0 0 0
 0 0 0 0 0
 0 0 0 0 0
 0 0 0 0 0
 0 0 0 0 0
 0 0 0 0 0
 0 0 0 0 0
 0 0 0 0 0
 0 0 0 0 0
 0 0 0 0 0
 0 0 0 0 0
 0 0 0 0 0
 0 0 0 0 0
 0 0 0 0 0
 0.505614 0.472636 0.0217494 0 0
 0 0 0 0 0
 0.443492 0.261883 0.143347 0.151278 0
 0.227955 0.32914 0.350689 0.0885471 0.00366901
 0.970185 0.0296113 0.000203453 0 0
 0.997202 0.00247181 0.000326279 0 0
 0.445219 0.490057 0.0546422 0.010081 0
 0.90214 0.0892962 0.00764917 0.000914606 0
 0 0 0 0 0
 0.581667 0.319106 0.0959925 0.00289975 0.000334073
 0.762889 0.0836404 0.116647 0.0363945 0.000428098
 0.88444 0.0763242 0.0277011 0.0115352 0
 0.521256 0.241999 0.230069 0.00667565 0
 0.616807 0.101726 0.260614 0.0208532 0
 0.833518 0.0704572 0.0857862 0.0102388 0
 0.697417 0.212968 0.0787535 0.0105354 0.000325836
 0 0 0 0 0
ppred_PELACES
 0.316567 0.13842 0.515803 0.0292083 9.69353e-07
 0.294722 0.34076 0.0738616 0.275079 0.0155769
 0.446346 0.253879 0.144907 0.0313819 0.123486
 0.619636 0.236116 0.0661807 0.0377377 0.0403297
 0.522188 0.367062 0.0687814 0.0192557 0.0227128
 0.632066 0.253156 0.088186 0.016515 0.0100767
 0.374231 0.486805 0.0956512 0.0332786 0.0100342
 0.3467 0.359838 0.228384 0.044795 0.0202821
 0.422074 0.298876 0.15374 0.0975231 0.0277879
 0.614308 0.230944 0.0800838 0.0411367 0.0335274
 0.721415 0.213044 0.0392676 0.0135975 0.0126763
 0.610662 0.326945 0.0477225 0.00878985 0.00588102
 0.584348 0.317211 0.0826897 0.0120478 0.00370337
 0.552498 0.332611 0.087721 0.0228231 0.00434701
 0.67367 0.234557 0.0682535 0.0179579 0.00556146
 0.851855 0.119759 0.0204115 0.00593092 0.00204357
 0.351751 0.597303 0.0411949 0.00701178 0.00273921
 0.782036 0.114143 0.0956683 0.00659231 0.00156035
 0.546343 0.398993 0.0286415 0.0239792 0.00204334
 0.454198 0.387941 0.138863 0.00995453 0.00904363
 0.64305 0.224421 0.0942304 0.0336899 0.0046089
 0.617213 0.300611 0.0516847 0.0216799 0.00881105
 0.249304 0.575175 0.137874 0.0236787 0.0139682
 0.636293 0.146028 0.16681 0.0399588 0.0109104
 0.481949 0.40374 0.045913 0.0524147 0.0159835
 0.348807 0.424836 0.176434 0.020052 0.0298712
 0.625973 0.194182 0.117352 0.0487109 0.0137827
 0.555761 0.342753 0.0527033 0.0318317 0.0169508
 0.277649 0.51724 0.158274 0.0243239 0.0225137
 0.410662 0.257246 0.237829 0.0727383 0.0215247
 0.674483 0.190282 0.059051 0.0545599 0.0216239
 0.371175 0.50749 0.0709461 0.022003 0.0283859
 0.620036 0.206286 0.140177 0.0195888 0.0139124
pobs_pel_tallas
 0 0 0 0 0 0 0 0 0 0 0 0 0 0 0 0 0 0 0 0 0 0 0 0 0 0
 0 0 0 0 0 0 0 0 0 0 0 0 0 0 0 0 0 0 0 0 0 0 0 0 0 0
 0 0 0 0 0 0 0 0 0 0 0 0 0 0 0 0 0 0 0 0 0 0 0 0 0 0
 0 0 0 0 0 0 0 0 0 0 0 0 0 0 0 0 0 0 0 0 0 0 0 0 0 0
 0 0 0 0 0 0 0 0 0 0 0 0 0 0 0 0 0 0 0 0 0 0 0 0 0 0
 0 0 0 0 0 0 0 0 0 0 0 0 0 0 0 0 0 0 0 0 0 0 0 0 0 0
 0 0 0 0 0 0 0 0 0 0 0 0 0 0 0 0 0 0 0 0 0 0 0 0 0 0
 0 0 0 0 0 0 0 0 0 0 0 0 0 0 0 0 0 0 0 0 0 0 0 0 0 0
 0 0 0 0 0 0 0 0 0 0 0 0 0 0 0 0 0 0 0 0 0 0 0 0 0 0
 0 0 0 0 0 0 0 0 0 0 0 0 0 0 0 0 0 0 0 0 0 0 0 0 0 0
 0 0 0 0 0 0 0 0 0 0 0 0 0 0 0 0 0 0 0 0 0 0 0 0 0 0
 0 0 0 0 0 0 0 0 0 0 0 0 0 0 0 0 0 0 0 0 0 0 0 0 0 0
 0.00862536 0 0 0.000197151 0.00414017 0.0128641 0.00837892 0.0270097 0.101434 0.158115 0.152841 0.127902 0.109271 0.109419 0.0830992 0.0579132 0.0238553 0.00714673 0.00463305 0.00128148 0.00103504 0.000492878 0.000147863 0.000147863 4.92878e-05 0
 0 0 0 0 0 0 0 0 0 0 0 0 0 0 0 0 0 0 0 0 0 0 0 0 0 0
 0 0 0 0 0 0 0 0.0054083 0.00873648 0.0413646 0.0450493 0.0745869 0.0622846 0.0627006 0.0613931 0.0827291 0.12552 0.122667 0.0946155 0.0697135 0.0546179 0.0294188 0.0215738 0.0213955 0.0102223 0.00600262
 0 0 0 0 0.00359764 0.0251062 0.0480494 0.140153 0.205849 0.193036 0.1447 0.116669 0.0760912 0.0342217 0.00950174 0.001854 0.000860785 0 0 0 0.000165536 0 0.000143464 0 0 0
 0 0 0 0 0 0 0 0.000145254 0.000435761 0.0275982 0.070085 0.0708112 0.156366 0.174668 0.174014 0.160142 0.0824315 0.0480064 0.0283245 0.00493863 0.00203355 0 0 0 0 0
 0 0 0 0 0 0 0 0 0 0 0 0 0 0 0 0 0 0 0 0 0 0 0 0 0 0
 0 0 1.00437e-05 0.000401748 0.00122533 0.00171747 0.00176769 0.0269171 0.070346 0.194647 0.189555 0.159765 0.064822 0.0314167 0.0384472 0.0292271 0.0345202 0.0313363 0.0194345 0.0106764 0.0143323 0.0359363 0.0279516 0.0138201 0.00172751 0
 0 0.0021121 0.0136068 0.0755702 0.200478 0.177729 0.0527432 0.0373336 0.0318909 0.0142505 0.0149659 0.0166563 0.0217959 0.0798694 0.0677717 0.0528807 0.04013 0.0224614 0.0357745 0.0225083 0.00881397 0.00855152 0.00135912 0.000746735 0 0
 0 0 0 0 5.4009e-05 0.00500934 0.000945158 0.0243581 0.138947 0.33067 0.221406 0.137944 0.0707744 0.0437923 0.0131692 0.00525238 0.0047753 0.00276346 9.45158e-05 9.00151e-06 2.25038e-05 9.00151e-06 4.50075e-06 0 0 0
 0.000866109 0.00284123 0.00948549 0.0512746 0.133035 0.25785 0.225252 0.132002 0.0553304 0.0519788 0.0540692 0.017754 0.00435017 0.00159236 0.00146478 0.000404838 0.000125132 0.000115318 0.000107957 0.000100596 0 0 0 0 0 0
 0 0 0 0 0.00144013 0.00171154 0.00461396 0.0210425 0.0478622 0.0707936 0.0888783 0.103762 0.0637923 0.0337046 0.0602308 0.124433 0.169614 0.0934646 0.0462172 0.0250306 0.0313229 0.00938855 0.002487 0.000210481 0 0
 0 0.00764035 0.051015 0.0998891 0.058973 0.0496711 0.0374665 0.0718981 0.12319 0.153886 0.159021 0.0857701 0.0377988 0.023471 0.0147837 0.00900784 0.00315554 0.000888139 0.00291439 0.00214683 0.00393193 0.00274676 0.000635225 9.99891e-05 0 0
 0 0 0 0 0 0 0 0 0 0 0 0 0 0 0 0 0 0 0 0 0 0 0 0 0 0
 0 0 0 0 0 0 0 0 0 0 0 0 0 0 0 0 0 0 0 0 0 0 0 0 0 0
 0 0 0 0 0 0 0 0 0 0 0 0 0 0 0 0 0 0 0 0 0 0 0 0 0 0
 0 0 0 0 0 0 0 0 0 0 0 0 0 0 0 0 0 0 0 0 0 0 0 0 0 0
 0 0 0 0 0 0 0 0 0 0 0 0 0 0 0 0 0 0 0 0 0 0 0 0 0 0
 0 0 0 0 0 0 0 0 0 0 0 0 0 0 0 0 0 0 0 0 0 0 0 0 0 0
 0 0 0 0 0 0 0 0 0 0 0 0 0 0 0 0 0 0 0 0 0 0 0 0 0 0
 0 0 0 0 0 0 0 0 0 0 0 0 0 0 0 0 0 0 0 0 0 0 0 0 0 0
 0 0 0 0 0 0 0 0 0 0 0 0 0 0 0 0 0 0 0 0 0 0 0 0 0 0
ppred_pel_tallas
 1.1785e-16 2.60753e-05 0.000253461 0.00168434 0.00765676 0.0238231 0.0507581 0.0740859 0.0741 0.0508275 0.0240581 0.0083455 0.00345029 0.00423118 0.00793903 0.0140163 0.0223545 0.0326091 0.0442719 0.0568357 0.069615 0.0812845 0.0897004 0.0924941 0.0882343 0.0773448
 1.32442e-16 2.42759e-05 0.000235971 0.00156811 0.00712842 0.0221793 0.0472566 0.0689793 0.0690123 0.0474178 0.0227211 0.00869527 0.00550922 0.0088677 0.0165055 0.0274949 0.040228 0.0520129 0.0602498 0.0640681 0.064963 0.0657307 0.0684675 0.0731646 0.0778144 0.079705
 1.28292e-16 3.6765e-05 0.000357369 0.00237484 0.0107957 0.0335896 0.0715671 0.104459 0.104484 0.0716877 0.0339953 0.0119701 0.00533307 0.00684975 0.0124704 0.020835 0.0306777 0.0400295 0.0469489 0.050681 0.0521224 0.0530985 0.055016 0.0579561 0.0607715 0.0618922
 1.1258e-16 5.10386e-05 0.000496114 0.00329685 0.014987 0.0466303 0.0993516 0.145011 0.145034 0.0994632 0.0470051 0.0160706 0.00602042 0.00645401 0.0114034 0.0188723 0.0274274 0.0350327 0.0396718 0.040486 0.038299 0.0350169 0.0323824 0.0310537 0.0305618 0.0299207
 1.07854e-16 4.3012e-05 0.000418092 0.00277837 0.0126301 0.0392971 0.0837279 0.122211 0.122246 0.083901 0.0398782 0.014309 0.00699439 0.00962734 0.01755 0.0289911 0.0418686 0.0528905 0.0587337 0.0578868 0.0515463 0.0427706 0.0345964 0.0285867 0.0246575 0.0218601
 1.05972e-16 5.20625e-05 0.000506066 0.00336299 0.0152877 0.0475657 0.101345 0.147921 0.147945 0.101464 0.0479678 0.0164502 0.00628521 0.00689909 0.0122341 0.0202493 0.0294136 0.0375108 0.042304 0.0427481 0.0395636 0.0346451 0.0298096 0.0258966 0.0227525 0.0198207
 1.07921e-16 3.0825e-05 0.00029963 0.00199115 0.0090515 0.0281628 0.0600056 0.0875898 0.0876367 0.0602351 0.0289336 0.0112785 0.00758373 0.0125164 0.0232571 0.0384642 0.0555592 0.0701942 0.0779508 0.0767956 0.0682678 0.0563647 0.0450655 0.0364363 0.0304257 0.0259035
 1.14608e-16 2.85573e-05 0.000277587 0.00184467 0.00838561 0.0260909 0.0555908 0.0811437 0.0811787 0.0557618 0.026666 0.0100503 0.00603735 0.00947694 0.0176371 0.029472 0.043295 0.0562128 0.0652494 0.0689855 0.0682532 0.0652392 0.0617918 0.0583657 0.0542724 0.048693
 1.18996e-16 3.47657e-05 0.000337935 0.0022457 0.0102086 0.031763 0.0676755 0.0987805 0.0988095 0.0678174 0.03224 0.0115891 0.00572148 0.00796107 0.0146183 0.0243938 0.0358108 0.0464835 0.0540173 0.0573834 0.0574832 0.0563384 0.0555666 0.0553896 0.0548045 0.052526
 1.1217e-16 5.05998e-05 0.000491848 0.00326851 0.0148582 0.0462294 0.0984974 0.143765 0.143787 0.0986067 0.0465965 0.0159198 0.00593795 0.0063351 0.0111955 0.0185555 0.0270315 0.0346586 0.0394849 0.0406674 0.0389675 0.036162 0.0338433 0.0325607 0.031821 0.0307085
 1.04697e-16 5.9422e-05 0.000577603 0.00383838 0.0174487 0.0542896 0.11567 0.168829 0.168849 0.115771 0.0546269 0.0184232 0.00628533 0.00592261 0.0102205 0.0168292 0.0243022 0.0307029 0.034103 0.0336292 0.0299802 0.0249336 0.0202501 0.0168288 0.0146077 0.0130217
 1.03338e-16 5.02995e-05 0.000488929 0.00324911 0.01477 0.0459551 0.0979133 0.142914 0.142945 0.0980673 0.0464721 0.0162634 0.00699796 0.00867303 0.0155943 0.0257034 0.0370273 0.0465736 0.0513222 0.0498756 0.0432817 0.0343061 0.0257647 0.0192193 0.0147863 0.0117854
 1.04303e-16 4.8132e-05 0.00046786 0.0031091 0.0141335 0.0439748 0.0936941 0.136756 0.136786 0.0938438 0.0444777 0.0155867 0.00675953 0.00844613 0.0152276 0.0251693 0.0364174 0.0461378 0.0514565 0.0510234 0.0457706 0.0381945 0.0307783 0.0248114 0.0202974 0.0166322
 1.05641e-16 4.55086e-05 0.000442359 0.00293964 0.0133632 0.041578 0.0885874 0.129303 0.129335 0.0887445 0.0421053 0.0148873 0.00676862 0.00881197 0.015973 0.0264186 0.0382497 0.0485138 0.0542193 0.0539731 0.0487679 0.0412181 0.0338944 0.0280852 0.0237119 0.0200637
 1.04772e-16 5.54894e-05 0.000539377 0.00358435 0.0162939 0.0506966 0.108015 0.157656 0.157679 0.108126 0.0510688 0.0173695 0.00628713 0.00644909 0.0113072 0.0186789 0.0270753 0.0344124 0.0385961 0.0386539 0.0352804 0.0302914 0.025453 0.0216183 0.018685 0.0161272
 1.01561e-16 7.01662e-05 0.000682041 0.0045324 0.0206036 0.0641056 0.136584 0.199351 0.199363 0.136641 0.0642951 0.0211511 0.00590688 0.0036836 0.00577377 0.00944237 0.0136147 0.0171622 0.0189844 0.0185752 0.0163155 0.0132037 0.0102449 0.00797955 0.00642281 0.0053116
 1.02509e-16 2.89734e-05 0.000281632 0.00187155 0.00850781 0.0264713 0.056402 0.0823324 0.0823899 0.0566829 0.0274143 0.0112307 0.00870275 0.0151825 0.0282938 0.0466385 0.0669675 0.0837609 0.0914068 0.0873117 0.0734637 0.0551309 0.0377851 0.0246226 0.0160974 0.0110225
 1.03716e-16 6.44153e-05 0.00062614 0.00416092 0.0189149 0.0588515 0.12539 0.183012 0.183023 0.125444 0.0590345 0.0194453 0.00549816 0.00356495 0.00570301 0.00947521 0.0139888 0.0183085 0.0214987 0.0230836 0.0232478 0.0225588 0.0214691 0.0200443 0.0180937 0.0154981
 1.0368e-16 4.50017e-05 0.000437432 0.00290689 0.0132143 0.0411149 0.0876011 0.127864 0.127903 0.0877888 0.041745 0.0150338 0.00747228 0.0103977 0.0189441 0.0312027 0.0448427 0.056184 0.0615144 0.0591426 0.0504264 0.0388807 0.0281039 0.0201175 0.0150752 0.0120415
 1.06636e-16 3.74118e-05 0.000363656 0.00241662 0.0109856 0.0341806 0.0728267 0.106301 0.106338 0.0730101 0.0347967 0.012767 0.00689424 0.0101588 0.0186999 0.0310108 0.0450284 0.0573702 0.064577 0.0650005 0.0596951 0.0515325 0.0433122 0.036403 0.0307168 0.0255773
 1.06936e-16 5.29672e-05 0.00051486 0.00342143 0.0155533 0.0483923 0.103106 0.15049 0.150512 0.103212 0.0487494 0.0165862 0.00601921 0.0062033 0.0109078 0.0180846 0.0263659 0.0338311 0.0385486 0.0396235 0.0376773 0.0343021 0.0309543 0.0281924 0.0257224 0.0229769
 1.05234e-16 5.08391e-05 0.000494174 0.00328396 0.0149284 0.046448 0.0989635 0.144446 0.144475 0.0991052 0.0469238 0.0163029 0.0067351 0.00803151 0.0143761 0.0237144 0.034225 0.0431886 0.0478705 0.0470227 0.0416213 0.034177 0.0271925 0.0219726 0.0184795 0.015971
 1.08865e-16 2.0535e-05 0.000199607 0.00132646 0.00602994 0.0187617 0.0399758 0.0583575 0.058413 0.0402472 0.0196731 0.00866363 0.00794177 0.0146554 0.0275174 0.0455709 0.065905 0.0834218 0.0929127 0.091949 0.0822701 0.068477 0.0551469 0.0446554 0.0369804 0.0309277
 1.10705e-16 5.24106e-05 0.00050945 0.00338548 0.0153899 0.0478837 0.102022 0.148907 0.148921 0.102092 0.0481197 0.0160744 0.00511551 0.00432502 0.00741326 0.0124726 0.0186655 0.0249505 0.0302715 0.0341099 0.0366716 0.0384773 0.0397323 0.0400594 0.0388024 0.0355761
 1.0939e-16 3.96976e-05 0.000385875 0.00256427 0.0116568 0.036269 0.0772763 0.112795 0.112834 0.0774665 0.0369074 0.0135009 0.00719339 0.0104923 0.0192377 0.0317547 0.0457809 0.0576796 0.0637954 0.0625094 0.0552363 0.0454755 0.0366837 0.0306097 0.0270619 0.0247933
 1.12267e-16 2.87309e-05 0.000279275 0.00185588 0.00843658 0.0262496 0.055929 0.0816386 0.0816797 0.0561301 0.0269253 0.0103907 0.00676996 0.0110368 0.0205477 0.0341555 0.0497412 0.0636874 0.0722932 0.0738198 0.0694298 0.0621823 0.0549582 0.0490022 0.0439557 0.0388769
 1.10654e-16 5.15606e-05 0.000501187 0.00333057 0.0151403 0.0471071 0.100367 0.146493 0.146512 0.10046 0.0474175 0.0160387 0.00559343 0.00546694 0.00955909 0.015924 0.0234135 0.0304619 0.035503 0.0378287 0.0379492 0.037081 0.0361976 0.0354348 0.0342333 0.0319346
 1.0767e-16 4.57773e-05 0.000444972 0.002957 0.0134421 0.0418235 0.0891107 0.130067 0.1301 0.0892722 0.0423659 0.0150089 0.00689076 0.00903579 0.0163718 0.0270227 0.0389968 0.0492085 0.0545562 0.0536475 0.0476386 0.0394366 0.0319179 0.0265461 0.0231962 0.0208972
 1.10949e-16 2.28697e-05 0.000222302 0.00147728 0.00671551 0.0208947 0.0445202 0.0649891 0.0650391 0.0447646 0.0217155 0.00908802 0.00743929 0.0132596 0.0248482 0.0412135 0.059767 0.075997 0.0852921 0.0854995 0.0781329 0.0671757 0.0565096 0.0480232 0.0415192 0.0358739
 1.17867e-16 3.38257e-05 0.000328798 0.00218498 0.00993261 0.0309042 0.0658456 0.0961088 0.0961339 0.0659685 0.031318 0.0111323 0.00521303 0.00699423 0.0128554 0.0216269 0.032158 0.0425654 0.0509178 0.0563081 0.0592402 0.0609179 0.0620661 0.062328 0.0606627 0.0562545
 1.10884e-16 5.55563e-05 0.000540027 0.00358867 0.0163136 0.0507577 0.108145 0.157845 0.157864 0.108235 0.0510601 0.017188 0.00578724 0.00535226 0.00923335 0.0152809 0.0222613 0.0285531 0.0325653 0.0336328 0.0324184 0.0304112 0.0289164 0.0283317 0.028152 0.027511
 1.09188e-16 3.05733e-05 0.000297184 0.00197489 0.00897761 0.0279329 0.0595159 0.0868754 0.0869243 0.0597549 0.0287356 0.011296 0.00779464 0.0130032 0.0241661 0.0399166 0.0575345 0.0724388 0.0799876 0.0780729 0.0683908 0.0552853 0.043126 0.03425 0.0286591 0.0250593
 1.08417e-16 5.10716e-05 0.000496434 0.00329898 0.0149967 0.0466604 0.0994156 0.145104 0.145124 0.0995137 0.0469903 0.0159519 0.00570539 0.00577829 0.0101664 0.0169461 0.0249204 0.0324139 0.0377247 0.0400319 0.0397866 0.0381995 0.0362846 0.0342752 0.0317832 0.0283805
pSPR Fmed_Fpbrs
0.561516   0.233489 0.233489
Fs Fmed_Fpbrs
0.34   1.005 1.005
SSBpbr Bo_Bmed_Bpbrs
2.64656e+06  1.35376e+06  485614 485614
Ro
204247
SPR SPRFo_SPRFmed_SPRFpbrs
1.47146e+06 826250 343570
Fref
1.005
Nvult_r0
 266409 48186.4 32927.3 4602.73 3269.03
CTP_r0
 111224 23900.9 16495.5 2307.04 1638.59
YTP_r0
1.78276e+06
Np
 255816 45958.4 14738.2 2387.36 1837.85
Nvult_p0
 209857 39639.4 12751.4 2065.86 1590.37
CTP_p0
 87614.2 45857.4 7675.64 5216.76 959.367
 87614.2 19661.5 6388.03 1035.48 797.165
YTP_p0
 1.84278e+06 1.218e+06
CBA_c0
1.80077e+06
log_Ro
12.0471
likeval ReclasPelacesDesembMPH_pf_preclas_ppelaces_ptallas_desvR_qrecl_qpela
 19.1946 20.0599 0.0637358 0.00661 231.594 155.686 117.119 0 21.9269 9.44181e-09 0 0.319204 0 0 0
q_reclas_q_pelaces
0.986352 1
M
1
N
 210982 47311.6 176630 10003 0.331978
 118122 71511.1 15553.2 57934.6 3280.69
 125861 37441.5 21441.6 4644.33 18275.4
 195494 40041.8 11283.3 6435.83 6877.99
 158040 56936.5 10688.4 2992.58 3529.86
 254405 53677.3 18770.4 3515.95 2145.29
 108585 79075.4 15667.3 5453.35 1644.34
 52492.3 27732.7 17624.8 3457.15 1565.32
 48006.2 18226.3 9423.88 5979.59 1703.83
 68659.8 14095.4 4919.7 2527.99 2060.41
 125975 19001.7 3507.84 1214.79 1132.49
 146652 43262.1 6360.13 1171.9 784.101
 132680 39428.9 10347.1 1508.1 463.585
 105415 36426.5 9705.16 2526.45 481.216
 132265 24836.4 7267.57 1912.72 592.365
 501856 38107.7 6532.07 1898.59 654.193
 162242 143896 9956.21 1694.94 662.149
 673057 51840.3 43622.9 3006.6 711.65
 529173 208030 15014.8 12574.4 1071.51
 336551 153388 55168.9 3955.86 3593.92
 547474 100356 42291.2 15123.2 2068.93
 661664 171790 29675.9 12451.1 5060.41
 165486 197935 47573.4 8171.48 4820.44
 456998 54164.3 62020.3 14858.7 4057.07
 350035 151447 17263.6 19710.8 6010.71
 185586 115976 48256.5 5485 8170.98
 392173 62810.3 38048.6 15795.4 4469.33
 409954 130079 20043.7 12107.3 6447.36
 143972 137524 42160 6479.92 5997.71
 151066 48829.2 45248.6 13840.7 4095.76
 342757 50200.3 15622.1 14436.1 5721.56
 160573 111684 15633 4848.71 6255.3
 324752 55867.9 38057.9 5319.03 3777.74
pred_Ctot
 10560.5 3211.28 12217.7 692.613 0.0229875
 10459.1 8501.55 1882.97 7020.72 397.586
 10884.5 4349.77 2536.8 550.014 2164.42
 26237.6 7128.82 2043.89 1166.88 1247.11
 7717.76 3771.56 721.552 202.226 238.546
 25286.5 7143.05 2543.17 476.826 290.955
 21616.5 20513.3 4130.01 1438.76 433.847
 1872.31 1346.26 872.151 171.249 77.542
 6239.37 3145.94 1655.14 1051.18 299.54
 11002.8 2975.27 1056.05 543.136 442.698
 5324.58 1091.25 205.328 71.1783 66.36
 25595.4 9906.68 1480.68 273.066 182.712
 21790.8 8520.39 2273.67 331.684 101.963
 24838.2 11068.9 2994.54 780.172 148.607
 18492 4599.23 1369.17 360.674 111.706
 71413.9 7177.69 1251.62 364.123 125.471
 13636.5 16257.7 1145.62 195.219 76.2687
 68971.8 7106.67 6088.31 420.022 99.4224
 72327.3 37692.6 2767.88 2320.13 197.717
 40996.1 24867.8 9102.55 653.303 593.559
 51551.7 12669.2 5436.36 1945.9 266.222
 79472.1 27474.3 4830.25 2028.52 824.477
 11648.5 18794.9 4601.84 791.216 466.77
 28896 4628.54 5399.72 1294.94 353.593
 22174.2 12965.5 1505.8 1720.97 524.828
 9451.06 8007.15 3395.25 386.305 575.506
 24595.6 5324.47 3286.21 1365.58 386.414
 23008.2 9884.48 1551.99 938.412 499.748
 7152.83 9265.93 2894.87 445.384 412.262
 9310.67 4068.93 3841.72 1176.27 348.104
 25006.8 4937.4 1565.16 1447.76 573.829
 5529.59 5235.99 747.124 231.963 299.271
 21286.2 4946.06 3432.65 480.228 341.09
F
 0.0819212 0.11249 0.114744 0.114865 0.114871
 0.148943 0.204522 0.208619 0.208839 0.208851
 0.145253 0.199454 0.20345 0.203665 0.203676
 0.233596 0.320763 0.327189 0.327534 0.327552
 0.079857 0.109656 0.111852 0.111971 0.111977
 0.168528 0.231414 0.23605 0.236299 0.236312
 0.364921 0.501092 0.511131 0.51167 0.511699
 0.0577987 0.0793664 0.0809564 0.0810418 0.0810463
 0.225481 0.309619 0.315822 0.316155 0.316173
 0.284637 0.39085 0.39868 0.399101 0.399123
 0.0688036 0.0944778 0.0963705 0.0964722 0.0964776
 0.313563 0.430569 0.439195 0.439659 0.439683
 0.292642 0.401842 0.409892 0.410324 0.410347
 0.4456 0.611876 0.624134 0.624793 0.624827
 0.244391 0.335586 0.342309 0.34267 0.342689
 0.249223 0.342221 0.349077 0.349445 0.349465
 0.140923 0.193509 0.197385 0.197593 0.197604
 0.174147 0.23913 0.243921 0.244178 0.244192
 0.238344 0.327283 0.333839 0.334191 0.33421
 0.210022 0.288392 0.29417 0.29448 0.294497
 0.159045 0.218393 0.222768 0.223003 0.223015
 0.20682 0.283996 0.289685 0.289991 0.290007
 0.116867 0.160476 0.163691 0.163864 0.163873
 0.104447 0.143422 0.146295 0.14645 0.146458
 0.104652 0.143703 0.146582 0.146737 0.146745
 0.0833983 0.114518 0.116813 0.116936 0.116942
 0.103561 0.142205 0.145054 0.145207 0.145215
 0.0922464 0.126668 0.129206 0.129342 0.129349
 0.0812913 0.111625 0.113861 0.113982 0.113988
 0.101695 0.139642 0.14244 0.14259 0.142598
 0.121353 0.166636 0.169974 0.170153 0.170163
 0.0557558 0.0765612 0.0780949 0.0781773 0.0781817
 0.108451 0.14892 0.151903 0.152063 0.152072
YTP_r0W_actual
 838630 417071 397047 72256.3 57760.2
YTP_p0W_proyectada
 660611 800212 184753 163389 33817.7
 660611 343093 153760 32431.1 28100.1
CTP_r0_actual
 111224 23900.9 16495.5 2307.04 1638.59
CTP_p0_proyectada
 87614.2 45857.4 7675.64 5216.76 959.367
 87614.2 19661.5 6388.03 1035.48 797.165
Wmedp
 7.54 17.45 24.07 31.32 35.25
Frms_r0
 0.71672 0.984166 1.00388 1.00494 1.005
Zrms_r0
 1.71672 1.98417 2.00388 2.00494 2.005
nmprior
 7.29 8.9 8.7 0
nm_flota  nm_reclas  nm_pelaces    nm_pelaL
inf 7.4722 6.54173 13.8666
cv_recla  cv_pelaces  cv_mph
0.37942 0.49063 2.17289
 ------------------------------------------------
Talla a la edad & desviaci?n 
 8 13.2811 15.8009 17.003 17.5766
 0.8 1.32811 1.58009 1.7003 1.75766
