years
 1991 1992 1993 1994 1995 1996 1997 1998 1999 2000 2001 2002 2003 2004 2005 2006 2007 2008 2009 2010 2011 2012 2013 2014 2015 2016 2017 2018 2019 2020
reclasobs
 0 0 0 0 0 0 0 0 0 252601 567819 844713 477998 351125 339783 2.1784e+06 2.13404e+06 4.81314e+06 1.55562e+06 2.62356e+06 3.21686e+06 3.843e+06 1.13348e+06 3.07943e+06 1.97215e+06 2.03268e+06 2.025e+06 2.42433e+06 2.27542e+06 1.05018e+06
reclaspred
 4.22326e+06 2.87695e+06 2.02489e+06 2.10577e+06 2.18253e+06 2.50371e+06 2.09569e+06 2.94538e+06 3.07891e+06 3.26931e+06 2.39394e+06 2.40729e+06 2.22193e+06 2.08114e+06 2.14776e+06 2.19422e+06 2.2886e+06 2.64965e+06 1.53257e+06 1.13279e+06 1.81395e+06 1.1418e+06 1.43092e+06 2.144e+06 1.89465e+06 2.27857e+06 2.45022e+06 2.05102e+06 2.45495e+06 2.56261e+06
pelacesobs
 0 0 0 0 0 0 0 0 0 0 0 0 0 0 0 552880 188675 0 991730 2.46772e+06 1.41603e+06 1.21717e+06 2.29649e+06 1.80582e+06 0 1.4828e+06 1.56532e+06 1.57751e+06 1.42118e+06 867257
pelacespred
 2.04584e+06 1.49697e+06 1.02566e+06 916646 1.02617e+06 1.16053e+06 989030 1.52326e+06 1.68662e+06 1.67481e+06 1.37153e+06 1.15605e+06 1.12396e+06 1.14869e+06 1.19071e+06 1.04389e+06 1.04517e+06 1.1496e+06 756841 493840 716131 507228 660476 1.05527e+06 949585 1.11242e+06 1.32857e+06 1.11973e+06 1.11922e+06 1.27301e+06
mphobs
 0 0 0 0 0 0 0 0 0 0 0 0 498337 0 5186 125008 0 168611 109162 213762 579715 649985 157893 87575 83554 210694 70296 0 107559 103333
mphpred
 3.96845e+06 2.85445e+06 1.94881e+06 1.55207e+06 1.72939e+06 1.86003e+06 1.90123e+06 1.7394e+06 2.43906e+06 2.77948e+06 2.23476e+06 2.01721e+06 1.83595e+06 1.62092e+06 1.56095e+06 1.93041e+06 1.67108e+06 2.07631e+06 1.56556e+06 934619 1.10745e+06 1.15232e+06 800270 1.35545e+06 1.72714e+06 1.51319e+06 1.90364e+06 1.69492e+06 1.94903e+06 1.92199e+06
desembarqueobs
 494567 514787 250237 358949 120608 361735 552515 73892 212993 205616 52469 317467 293654 387597 252695 516296 358380 742168 942051 627588 828172 859565 418607 520667 417249 300574 415391 372974 316634 284311
desembarquepred
 494486 505362 260760 358705 120532 361476 552103 73843.7 212901 205525 52437.4 317372 293566 387499 252582 515981 358092 740896 938889 625723 826367 857062 418177 520225 416916 300369 415104 372661 316427 284162
Reclutas
 322491 322491 322491 322491 322491 322491 322491 322491 322491 322491 322491 322491 322491 322491 322491 322491 322491 322491 322491 322491 322491 322491 322491 322491 322491 322491 322491 322491 322491 322491
log_desv_Rt
 0 0 0 0 0 0 0 0 0 0 0 0 0 0 0 0 0 0 0 0 0 0 0 0 0 0 0 0 0 0
SSB
 3.96845e+06 2.85445e+06 1.94881e+06 1.55207e+06 1.72939e+06 1.86003e+06 1.90123e+06 1.7394e+06 2.43906e+06 2.77948e+06 2.23476e+06 2.01721e+06 1.83595e+06 1.62092e+06 1.56095e+06 1.93041e+06 1.67108e+06 2.07631e+06 1.56556e+06 934619 1.10745e+06 1.15232e+06 800270 1.35545e+06 1.72714e+06 1.51319e+06 1.90364e+06 1.69492e+06 1.94903e+06 1.92199e+06
BT
 5.5147e+06 4.37527e+06 2.84815e+06 2.86874e+06 2.85289e+06 3.65013e+06 3.1598e+06 5.04823e+06 5.2146e+06 4.74444e+06 3.76005e+06 3.41487e+06 3.45594e+06 3.9883e+06 4.02559e+06 3.31461e+06 3.33039e+06 3.86332e+06 3.20253e+06 2.06051e+06 2.97068e+06 2.31329e+06 2.62609e+06 3.97194e+06 2.99828e+06 3.74667e+06 4.51729e+06 3.75377e+06 3.29995e+06 4.00309e+06
Ftot
 0.11134 0.166275 0.122355 0.161404 0.052779 0.137086 0.247736 0.0240168 0.0660411 0.060043 0.0209851 0.125266 0.125559 0.176366 0.111974 0.221635 0.148492 0.262546 0.559664 0.508679 0.422413 0.677412 0.275088 0.229027 0.207709 0.125358 0.160641 0.172211 0.122501 0.105568
BD_Bspro_t
 0.982343 0.884584 0.803282 0.789398 0.792334 0.837763 0.805512 0.754214 0.860717 0.890821 0.893541 0.915311 0.85922 0.818837 0.802595 0.816362 0.742478 0.774581 0.662054 0.513552 0.504905 0.497011 0.44169 0.604909 0.684563 0.704422 0.782452 0.782501 0.798912 0.799833
BD_Bspro
 1.72869 1.24342 0.848917 0.676095 0.753335 0.810246 0.828189 0.757696 1.06248 1.21076 0.97348 0.878714 0.799753 0.706087 0.679962 0.840904 0.727934 0.904458 0.681972 0.407127 0.482413 0.50196 0.348604 0.590445 0.752356 0.659159 0.829241 0.738319 0.849011 0.837233
BD_Bo
 1.18283 0.850794 0.580859 0.462608 0.515459 0.554399 0.566676 0.518442 0.726983 0.828446 0.666089 0.601247 0.547219 0.483129 0.465254 0.575376 0.498078 0.618862 0.466629 0.278571 0.330084 0.343459 0.238527 0.404004 0.514789 0.45102 0.567396 0.505184 0.580924 0.572864
BD_Brms
 5.02477 3.61425 2.46754 1.9652 2.18972 2.35514 2.4073 2.20239 3.08829 3.51932 2.82961 2.55415 2.32464 2.05238 1.97644 2.44425 2.11588 2.62899 1.98229 1.1834 1.40223 1.45905 1.01329 1.71625 2.18687 1.91598 2.41035 2.14607 2.46782 2.43358
Sel_flota
 0.5 1 1 1 1
 0.5 1 1 1 1
 0.5 1 1 1 1
 0.5 1 1 1 1
 0.5 1 1 1 1
 0.5 1 1 1 1
 0.5 1 1 1 1
 0.5 1 1 1 1
 0.5 1 1 1 1
 0.5 1 1 1 1
 0.5 1 1 1 1
 0.5 1 1 1 1
 0.5 1 1 1 1
 0.5 1 1 1 1
 0.5 1 1 1 1
 0.5 1 1 1 1
 0.5 1 1 1 1
 0.5 1 1 1 1
 0.5 1 1 1 1
 0.5 1 1 1 1
 0.5 1 1 1 1
 0.5 1 1 1 1
 0.5 1 1 1 1
 0.5 1 1 1 1
 0.5 1 1 1 1
 0.5 1 1 1 1
 0.5 1 1 1 1
 0.5 1 1 1 1
 0.5 1 1 1 1
 0.5 1 1 1 1
Sel_reclas
 0.5 1 1 1 1
 0.5 1 1 1 1
 0.5 1 1 1 1
 0.5 1 1 1 1
 0.5 1 1 1 1
 0.5 1 1 1 1
 0.5 1 1 1 1
 0.5 1 1 1 1
 0.5 1 1 1 1
 0.5 1 1 1 1
 0.5 1 1 1 1
 0.5 1 1 1 1
 0.5 1 1 1 1
 0.5 1 1 1 1
 0.5 1 1 1 1
 0.5 1 1 1 1
 0.5 1 1 1 1
 0.5 1 1 1 1
 0.5 1 1 1 1
 0.5 1 1 1 1
 0.5 1 1 1 1
 0.5 1 1 1 1
 0.5 1 1 1 1
 0.5 1 1 1 1
 0.5 1 1 1 1
 0.5 1 1 1 1
 0.5 1 1 1 1
 0.5 1 1 1 1
 0.5 1 1 1 1
 0.5 1 1 1 1
Sel_pelaces
 0.5 1 1 1 1
 0.5 1 1 1 1
 0.5 1 1 1 1
 0.5 1 1 1 1
 0.5 1 1 1 1
 0.5 1 1 1 1
 0.5 1 1 1 1
 0.5 1 1 1 1
 0.5 1 1 1 1
 0.5 1 1 1 1
 0.5 1 1 1 1
 0.5 1 1 1 1
 0.5 1 1 1 1
 0.5 1 1 1 1
 0.5 1 1 1 1
 0.5 1 1 1 1
 0.5 1 1 1 1
 0.5 1 1 1 1
 0.5 1 1 1 1
 0.5 1 1 1 1
 0.5 1 1 1 1
 0.5 1 1 1 1
 0.5 1 1 1 1
 0.5 1 1 1 1
 0.5 1 1 1 1
 0.5 1 1 1 1
 0.5 1 1 1 1
 0.5 1 1 1 1
 0.5 1 1 1 1
 0.5 1 1 1 1
pf_obs 
 0.8446 0.082 0.0669 0.0065 0
 0.8095 0.147 0.0364 0.0071 0
 0.9664 0.0169 0.016 0.0007 0
 0.9276 0.0648 0.0075 0.0001 0
 0.7033 0.2144 0.0806 0.0017 0
 0.9318 0.0425 0.0243 0.0014 0
 0.5671 0.3108 0.0964 0.0239 0.0018
 0.0768 0.2599 0.5324 0.112 0.0189
 0.490249 0.384438 0.106611 0.0170017 0.00170017
 0.7925 0.1577 0.0466 0.003 0.0002
 0.840416 0.127587 0.0312969 0.00059994 9.999e-05
 0.8084 0.0986 0.0794 0.0134 0.0002
 0.7335 0.1905 0.0724 0.0035 0.0001
 0.4001 0.4547 0.1325 0.0127 0
 0.49795 0.308269 0.164784 0.0264974 0.00249975
 0.9179 0.0499 0.0305 0.0017 0
 0.2467 0.6533 0.0926 0.0074 0
 0.9418 0.0223 0.034 0.0019 0
 0.707729 0.231977 0.0356964 0.0245975 0
 0.517169 0.277429 0.184464 0.0207286 0.00020938
 0.811772 0.124168 0.05621 0.00726502 0.000585176
 0.764997 0.148141 0.077277 0.00933861 0.000247198
 0.163321 0.427699 0.378323 0.0303852 0.000271297
 0.753843 0.0900009 0.118128 0.0371064 0.000921714
 0.721811 0.176058 0.0630433 0.0369309 0.00215725
 0.143369 0.312575 0.442814 0.0836902 0.0175525
 0.692698 0.0596174 0.167031 0.0765114 0.00414204
 0.394062 0.376323 0.152708 0.0712218 0.00568511
 0.125707 0.32114 0.495352 0.0537591 0.00404204
 0.23352 0.215282 0.420074 0.123614 0.00750983
pf_pred 
 0.427 0.0417325 0.490067 0.0299376 0.0112631
 0.474046 0.318889 0.0150809 0.177095 0.0148887
 0.497771 0.328659 0.105237 0.00497684 0.0633567
 0.501123 0.335579 0.106862 0.0342174 0.0222184
 0.502537 0.337365 0.107693 0.034294 0.0181113
 0.491084 0.342159 0.11309 0.0361004 0.0175671
 0.505373 0.330276 0.110498 0.0365217 0.0173316
 0.515259 0.333268 0.101143 0.0338386 0.0164919
 0.487314 0.349455 0.112224 0.0340587 0.0169482
 0.484073 0.340332 0.119688 0.0384368 0.0174699
 0.480051 0.34126 0.117872 0.0414536 0.019363
 0.478118 0.339269 0.119855 0.0413982 0.0213595
 0.493156 0.332142 0.113572 0.0401219 0.0210085
 0.500827 0.333848 0.10834 0.0370455 0.0199398
 0.507694 0.334224 0.105726 0.0343099 0.0180466
 0.505761 0.336416 0.107145 0.0338933 0.0167843
 0.517838 0.330831 0.103008 0.0328067 0.015517
 0.516354 0.33457 0.102287 0.0318482 0.0149409
 0.546424 0.316521 0.0948097 0.0289859 0.013259
 0.595261 0.299924 0.0731435 0.0219092 0.00976217
 0.596007 0.312932 0.0674789 0.0164563 0.00712563
 0.595187 0.311837 0.0720194 0.0155298 0.00542724
 0.612409 0.303861 0.0644995 0.0148963 0.00433471
 0.558469 0.341887 0.0781186 0.016582 0.00494404
 0.537242 0.337965 0.0966296 0.0220792 0.00608403
 0.5241 0.338742 0.10017 0.0286403 0.00834736
 0.50985 0.340962 0.106191 0.0314019 0.0115951
 0.51124 0.33514 0.106863 0.0332819 0.013476
 0.510905 0.336321 0.104757 0.0334028 0.0146154
 0.502561 0.340318 0.108042 0.0336528 0.0154257
pobs_RECLAS
 0 0 0 0 0
 0 0 0 0 0
 0 0 0 0 0
 0 0 0 0 0
 0 0 0 0 0
 0 0 0 0 0
 0 0 0 0 0
 0 0 0 0 0
 0 0 0 0 0
 0 0 0 0 0
 0.991045 0.00858322 0.000360255 1.14367e-05 0
 0.934742 0.0480273 0.0164251 0.00080598 0
 0.827803 0.169806 0.00239088 0 0
 0.941827 0.0461693 0.0120037 0 0
 0.791401 0.0380133 0.147996 0.0225897 0
 0.846168 0.0940531 0.0597789 0 0
 0.134021 0.677848 0.182769 0.00536245 0
 0.80878 0.0450904 0.141981 0.00414843 0
 0.846168 0.0940531 0.0597789 0 0
 0.905697 0.0802665 0.012482 0.00150086 5.37128e-05
 0.989698 0.0102097 9.19794e-05 0 0
 0.975433 0.0193895 0.00387452 0.00125025 5.28907e-05
 0.303575 0.632131 0.0575291 0.00676475 0
 0.966965 0.00978017 0.0227588 0.000495775 0
 0.843318 0.132988 0.00938335 0.0141283 0.000182051
 0.564624 0.303363 0.111486 0.0197234 0.00080311
 0.826376 0.0876187 0.0782897 0.00655872 0.00115652
 0.89761 0.0855135 0.0140674 0.00269457 0.000114338
 0.34875 0.467042 0.161289 0.0227151 0.000203297
 0.318654 0.224769 0.449479 0.00709798 0
ppred_RECLAS
 0.428207 0.0416446 0.489034 0.0298746 0.0112394
 0.475949 0.317735 0.0150263 0.176454 0.0148348
 0.499136 0.327766 0.104951 0.00496332 0.0631845
 0.50297 0.334337 0.106467 0.0340907 0.0221362
 0.503098 0.336984 0.107572 0.0342553 0.0180908
 0.492627 0.341121 0.112747 0.035991 0.0175138
 0.508363 0.32828 0.10983 0.0363009 0.0172268
 0.515509 0.333096 0.101091 0.0338212 0.0164834
 0.488023 0.348972 0.112069 0.0340117 0.0169248
 0.484715 0.339908 0.11954 0.038389 0.0174482
 0.480269 0.341117 0.117823 0.0414362 0.0193549
 0.479515 0.338361 0.119534 0.0412874 0.0213024
 0.494559 0.331222 0.113258 0.0400109 0.0209503
 0.502864 0.332485 0.107898 0.0368943 0.0198585
 0.508934 0.333382 0.105459 0.0342235 0.0180011
 0.508394 0.334624 0.106574 0.0337127 0.0166949
 0.51952 0.329677 0.102648 0.0326923 0.0154629
 0.519547 0.332361 0.101612 0.0316379 0.0148422
 0.554352 0.310989 0.0931526 0.0284792 0.0130272
 0.602081 0.294871 0.0719111 0.02154 0.00959769
 0.60142 0.308739 0.0665748 0.0162358 0.00703016
 0.60503 0.304255 0.0702682 0.0151522 0.00529527
 0.615608 0.301352 0.063967 0.0147733 0.00429892
 0.561163 0.3398 0.077642 0.0164808 0.00491387
 0.539674 0.336189 0.0961217 0.0219631 0.00605206
 0.525497 0.337747 0.0998761 0.0285562 0.00832285
 0.511686 0.339685 0.105793 0.0312843 0.0115517
 0.513222 0.33378 0.10643 0.0331469 0.0134213
 0.51227 0.335382 0.104464 0.0333095 0.0145746
 0.503726 0.339521 0.107789 0.0335741 0.0153896
pobs_PELACES
 0 0 0 0 0
 0 0 0 0 0
 0 0 0 0 0
 0 0 0 0 0
 0 0 0 0 0
 0 0 0 0 0
 0 0 0 0 0
 0 0 0 0 0
 0 0 0 0 0
 0 0 0 0 0
 0 0 0 0 0
 0 0 0 0 0
 0 0 0 0 0
 0 0 0 0 0
 0 0 0 0 0
 0 0 0 0 0
 0.505614 0.472636 0.0217494 0 0
 0 0 0 0 0
 0.443492 0.261883 0.143347 0.151278 0
 0.227955 0.32914 0.350689 0.0885471 0.00366901
 0.970185 0.0296113 0.000203453 0 0
 0.997202 0.00247181 0.000326279 0 0
 0.445219 0.490057 0.0546422 0.010081 0
 0.90214 0.0892962 0.00764917 0.000914606 0
 0 0 0 0 0
 0.581667 0.319106 0.0959925 0.00289975 0.000334073
 0.762889 0.0836404 0.116647 0.0363945 0.000428098
 0.88444 0.0763242 0.0277011 0.0115352 0
 0.521256 0.241999 0.230069 0.00667565 0
 0.616807 0.101726 0.260614 0.0208532 0
ppred_PELACES
 0.432711 0.0413166 0.485182 0.0296393 0.0111509
 0.482796 0.313584 0.01483 0.174149 0.014641
 0.504183 0.324463 0.103893 0.0049133 0.0625478
 0.509626 0.329859 0.105041 0.0336342 0.0218397
 0.505275 0.335508 0.1071 0.0341052 0.0180116
 0.498281 0.33732 0.111491 0.0355899 0.0173186
 0.518574 0.321461 0.107549 0.0355469 0.016869
 0.516499 0.332415 0.100884 0.0337521 0.0164497
 0.490746 0.347116 0.111473 0.0338308 0.0168348
 0.48719 0.338276 0.118965 0.0382046 0.0173644
 0.481133 0.34055 0.117627 0.0413673 0.0193227
 0.484676 0.335006 0.118349 0.0408781 0.0210912
 0.499738 0.327829 0.112097 0.0396009 0.0207356
 0.510138 0.327621 0.106319 0.0363545 0.0195679
 0.513551 0.330248 0.104468 0.0339018 0.0178319
 0.51753 0.328406 0.104593 0.0330862 0.0163847
 0.525633 0.325482 0.101342 0.0322763 0.0152662
 0.53035 0.324888 0.0993271 0.0309265 0.0145085
 0.577035 0.29516 0.0884111 0.0270297 0.0123641
 0.622007 0.280105 0.0683102 0.0204614 0.00911708
 0.618003 0.295894 0.0638048 0.0155603 0.00673766
 0.631403 0.283939 0.0655762 0.0141405 0.00494169
 0.626291 0.292977 0.0621893 0.0143627 0.00417945
 0.570447 0.332612 0.0759995 0.0161321 0.00480992
 0.548176 0.32998 0.0943465 0.0215575 0.00594028
 0.530652 0.334078 0.0987911 0.028246 0.00823244
 0.518306 0.33508 0.104359 0.0308602 0.0113951
 0.520318 0.328915 0.104878 0.0326637 0.0132257
 0.517319 0.33191 0.103383 0.0329647 0.0144237
 0.50808 0.336542 0.106844 0.0332795 0.0152546
pobs_pel_tallas
 0 0 0 0 0 0 0 0 0 0 0 0 0 0 0 0 0 0 0 0 0 0 0 0 0 0
 0 0 0 0 0 0 0 0 0 0 0 0 0 0 0 0 0 0 0 0 0 0 0 0 0 0
 0 0 0 0 0 0 0 0 0 0 0 0 0 0 0 0 0 0 0 0 0 0 0 0 0 0
 0 0 0 0 0 0 0 0 0 0 0 0 0 0 0 0 0 0 0 0 0 0 0 0 0 0
 0 0 0 0 0 0 0 0 0 0 0 0 0 0 0 0 0 0 0 0 0 0 0 0 0 0
 0 0 0 0 0 0 0 0 0 0 0 0 0 0 0 0 0 0 0 0 0 0 0 0 0 0
 0 0 0 0 0 0 0 0 0 0 0 0 0 0 0 0 0 0 0 0 0 0 0 0 0 0
 0 0 0 0 0 0 0 0 0 0 0 0 0 0 0 0 0 0 0 0 0 0 0 0 0 0
 0 0 0 0 0 0 0 0 0 0 0 0 0 0 0 0 0 0 0 0 0 0 0 0 0 0
 0 0 0 0 0 0 0 0 0 0 0 0 0 0 0 0 0 0 0 0 0 0 0 0 0 0
 0 0 0 0 0 0 0 0 0 0 0 0 0 0 0 0 0 0 0 0 0 0 0 0 0 0
 0 0 0 0 0 0 0 0 0 0 0 0 0 0 0 0 0 0 0 0 0 0 0 0 0 0
 0.00862536 0 0 0.000197151 0.00414017 0.0128641 0.00837892 0.0270097 0.101434 0.158115 0.152841 0.127902 0.109271 0.109419 0.0830992 0.0579132 0.0238553 0.00714673 0.00463305 0.00128148 0.00103504 0.000492878 0.000147863 0.000147863 4.92878e-05 0
 0 0 0 0 0 0 0 0 0 0 0 0 0 0 0 0 0 0 0 0 0 0 0 0 0 0
 0 0 0 0 0 0 0 0.0054083 0.00873648 0.0413646 0.0450493 0.0745869 0.0622846 0.0627006 0.0613931 0.0827291 0.12552 0.122667 0.0946155 0.0697135 0.0546179 0.0294188 0.0215738 0.0213955 0.0102223 0.00600262
 0 0 0 0 0.00359764 0.0251062 0.0480494 0.140153 0.205849 0.193036 0.1447 0.116669 0.0760912 0.0342217 0.00950174 0.001854 0.000860785 0 0 0 0.000165536 0 0.000143464 0 0 0
 0 0 0 0 0 0 0 0.000145254 0.000435761 0.0275982 0.070085 0.0708112 0.156366 0.174668 0.174014 0.160142 0.0824315 0.0480064 0.0283245 0.00493863 0.00203355 0 0 0 0 0
 0 0 0 0 0 0 0 0 0 0 0 0 0 0 0 0 0 0 0 0 0 0 0 0 0 0
 0 0 1.00437e-05 0.000401748 0.00122533 0.00171747 0.00176769 0.0269171 0.070346 0.194647 0.189555 0.159765 0.064822 0.0314167 0.0384472 0.0292271 0.0345202 0.0313363 0.0194345 0.0106764 0.0143323 0.0359363 0.0279516 0.0138201 0.00172751 0
 0 0.0021121 0.0136068 0.0755702 0.200478 0.177729 0.0527432 0.0373336 0.0318909 0.0142505 0.0149659 0.0166563 0.0217959 0.0798694 0.0677717 0.0528807 0.04013 0.0224614 0.0357745 0.0225083 0.00881397 0.00855152 0.00135912 0.000746735 0 0
 0 0 0 0 5.4009e-05 0.00500934 0.000945158 0.0243581 0.138947 0.33067 0.221406 0.137944 0.0707744 0.0437923 0.0131692 0.00525238 0.0047753 0.00276346 9.45158e-05 9.00151e-06 2.25038e-05 9.00151e-06 4.50075e-06 0 0 0
 0.000866109 0.00284123 0.00948549 0.0512746 0.133035 0.25785 0.225252 0.132002 0.0553304 0.0519788 0.0540692 0.017754 0.00435017 0.00159236 0.00146478 0.000404838 0.000125132 0.000115318 0.000107957 0.000100596 0 0 0 0 0 0
 0 0 0 0 0.00144013 0.00171154 0.00461396 0.0210425 0.0478622 0.0707936 0.0888783 0.103762 0.0637923 0.0337046 0.0602308 0.124433 0.169614 0.0934646 0.0462172 0.0250306 0.0313229 0.00938855 0.002487 0.000210481 0 0
 0 0.00764035 0.051015 0.0998891 0.058973 0.0496711 0.0374665 0.0718981 0.12319 0.153886 0.159021 0.0857701 0.0377988 0.023471 0.0147837 0.00900784 0.00315554 0.000888139 0.00291439 0.00214683 0.00393193 0.00274676 0.000635225 9.99891e-05 0 0
 0 0 0 0 0 0 0 0 0 0 0 0 0 0 0 0 0 0 0 0 0 0 0 0 0 0
 0 0 0 0 0 0 0 0 0 0 0 0 0 0 0 0 0 0 0 0 0 0 0 0 0 0
 0 0 0 0 0 0 0 0 0 0 0 0 0 0 0 0 0 0 0 0 0 0 0 0 0 0
 0 0 0 0 0 0 0 0 0 0 0 0 0 0 0 0 0 0 0 0 0 0 0 0 0 0
 0 0 0 0 0 0 0 0 0 0 0 0 0 0 0 0 0 0 0 0 0 0 0 0 0 0
 0 0 0 0 0 0 0 0 0 0 0 0 0 0 0 0 0 0 0 0 0 0 0 0 0 0
ppred_pel_tallas
 1.18872e-16 3.56418e-05 0.000346451 0.00230229 0.0104659 0.0325633 0.0693797 0.101263 0.101267 0.0694032 0.0326443 0.0107095 0.00294995 0.00187973 0.00329712 0.00630463 0.0111954 0.0184818 0.0285544 0.0413556 0.0559643 0.0703407 0.0816047 0.0869636 0.0848884 0.0758395
 1.20451e-16 3.97673e-05 0.000386553 0.00256878 0.0116773 0.0363326 0.0774116 0.112991 0.113021 0.0775594 0.0368289 0.013111 0.00616932 0.00825324 0.015003 0.0248111 0.0359348 0.0456833 0.0514383 0.0522284 0.0494255 0.0458657 0.0440302 0.0446565 0.0466304 0.0479421
 1.14159e-16 4.15289e-05 0.000403676 0.00268257 0.0121946 0.0379421 0.0808408 0.117996 0.118027 0.0809941 0.0384573 0.0136839 0.00642584 0.00859192 0.015642 0.0259254 0.0376568 0.0480303 0.0542201 0.0549645 0.0513056 0.0458075 0.0408989 0.0376457 0.0356771 0.0339444
 1.10185e-16 4.19773e-05 0.000408035 0.00271153 0.0123263 0.0383517 0.0817136 0.11927 0.119302 0.0818695 0.0388755 0.0138404 0.00651724 0.00873291 0.0159028 0.0263574 0.0382811 0.0488141 0.0550661 0.0557199 0.0517794 0.0457793 0.0401214 0.0358632 0.032683 0.0296717
 1.09645e-16 4.16189e-05 0.000404551 0.00268838 0.012221 0.0380243 0.081016 0.118252 0.118284 0.0811746 0.038557 0.013761 0.00655912 0.00887151 0.0161726 0.0268047 0.0389262 0.0496254 0.0559554 0.0565669 0.0524696 0.0462327 0.0402977 0.0357524 0.0322967 0.0290443
 1.09804e-16 4.10428e-05 0.000398951 0.00265117 0.0120519 0.037498 0.0798946 0.116615 0.116648 0.0800541 0.0380337 0.0136006 0.00654424 0.00891577 0.0162699 0.0269747 0.0391907 0.0499986 0.0564424 0.0571668 0.0531782 0.047039 0.0411756 0.0366544 0.0331592 0.029803
 1.09606e-16 4.27143e-05 0.000415199 0.00275914 0.0125427 0.0390251 0.0831482 0.121364 0.121395 0.0833002 0.0395357 0.0140188 0.00646982 0.00853346 0.0155135 0.0257187 0.0373745 0.0477008 0.0538862 0.0546431 0.0509313 0.045187 0.0397097 0.035498 0.0322325 0.0290549
 1.09165e-16 4.25434e-05 0.000413537 0.0027481 0.0124925 0.0388689 0.0828155 0.120878 0.120911 0.0829726 0.0393965 0.0140177 0.00658121 0.00879687 0.0160103 0.0265233 0.0384936 0.0490241 0.0551852 0.0556362 0.0513864 0.0450049 0.0389454 0.0343207 0.0308566 0.0276785
 1.09548e-16 4.04222e-05 0.000392918 0.00261108 0.0118696 0.0369309 0.0786865 0.114852 0.114886 0.0788505 0.0374821 0.0134629 0.00661574 0.00915278 0.0167292 0.0277307 0.0402691 0.0513311 0.0578637 0.0584634 0.0541668 0.0476249 0.0413632 0.0365167 0.0327959 0.0293117
 1.1029e-16 4.01292e-05 0.00039007 0.00259216 0.0117836 0.0366633 0.0781162 0.11402 0.114053 0.0782762 0.0372008 0.0133376 0.00649905 0.00893905 0.016336 0.0271008 0.0394088 0.0503492 0.0569733 0.0579274 0.0542082 0.0483496 0.042731 0.0383663 0.0349005 0.0314385
 1.10901e-16 3.96304e-05 0.000385221 0.00255993 0.0116371 0.0362075 0.0771452 0.112603 0.112636 0.0773062 0.0367486 0.0132015 0.0064927 0.00899062 0.0164425 0.027278 0.0396653 0.0506768 0.0573493 0.0583304 0.0546376 0.0488362 0.0433284 0.0391255 0.0358422 0.0325355
 1.1117e-16 3.99222e-05 0.000388058 0.00257878 0.0117228 0.0364741 0.0777132 0.113431 0.113464 0.0778716 0.0370065 0.013262 0.0064486 0.00885648 0.016184 0.0268535 0.039062 0.0499361 0.0565682 0.0576334 0.0541319 0.0485779 0.0433163 0.0393194 0.0361862 0.0329739
 1.108e-16 4.11628e-05 0.000400117 0.00265892 0.0120871 0.0376076 0.0801281 0.116956 0.116988 0.0802831 0.0381284 0.0135929 0.00644447 0.0086832 0.0158292 0.0262545 0.0381743 0.0487679 0.055184 0.056125 0.0525781 0.0470225 0.0417783 0.0378207 0.0347694 0.0316975
 1.1011e-16 4.20195e-05 0.000408444 0.00271426 0.0123386 0.0383902 0.0817956 0.11939 0.119421 0.0819505 0.0389105 0.0138427 0.00649501 0.00867934 0.0158018 0.0261943 0.0380552 0.0485493 0.0548106 0.0555324 0.0517068 0.0458374 0.0402892 0.0360911 0.03291 0.0298434
 1.09517e-16 4.23005e-05 0.000411176 0.00273241 0.0124212 0.0386471 0.0823428 0.120188 0.12022 0.0824989 0.0391714 0.0139369 0.00654216 0.00874453 0.0159182 0.0263794 0.0383053 0.0488272 0.0550442 0.0556286 0.0515776 0.045425 0.0395794 0.035115 0.0317359 0.0285646
 1.09194e-16 4.26283e-05 0.000414363 0.00275359 0.0125174 0.0389465 0.0829809 0.12112 0.121151 0.0831361 0.0394679 0.0140248 0.0065422 0.00870155 0.0158307 0.0262337 0.0380937 0.0485567 0.0547353 0.0553053 0.0512518 0.0450888 0.0392082 0.0346818 0.0312267 0.0279884
 1.08829e-16 4.32957e-05 0.00042085 0.0027967 0.0127134 0.0395563 0.08428 0.123016 0.123047 0.0844338 0.040073 0.014207 0.00655066 0.00863159 0.0156838 0.0259835 0.0377183 0.0480529 0.0541196 0.0546022 0.0504797 0.0442531 0.0383101 0.033732 0.030255 0.0270403
 1.08507e-16 4.36843e-05 0.000424627 0.0028218 0.0128275 0.0399113 0.0850363 0.12412 0.124151 0.0851898 0.0404269 0.0143181 0.00656809 0.00861802 0.0156494 0.0259211 0.0376166 0.0478997 0.0539015 0.0543037 0.0500839 0.0437463 0.0376896 0.0330133 0.0294733 0.0262449
 1.0743e-16 4.75297e-05 0.000462006 0.00307019 0.0139567 0.0434245 0.0925215 0.135044 0.135072 0.092661 0.0438929 0.0153107 0.0064729 0.00790337 0.0142192 0.0235351 0.0341426 0.043453 0.0488535 0.0491421 0.0452075 0.0393323 0.0337107 0.0293604 0.026078 0.023126
 1.05638e-16 5.12339e-05 0.000498012 0.00330947 0.0150444 0.0468088 0.099732 0.145567 0.145594 0.0998642 0.0472527 0.0163274 0.00653243 0.00754198 0.0134533 0.0222241 0.0321613 0.0407657 0.0455205 0.045267 0.04087 0.0345691 0.0285627 0.0239446 0.0206186 0.0179189
 1.04618e-16 5.09042e-05 0.000494807 0.00328817 0.0149475 0.0465075 0.0990902 0.144631 0.14466 0.0992298 0.0469762 0.0163017 0.00668911 0.00792509 0.01418 0.0234084 0.033825 0.0427662 0.047545 0.0469175 0.0417997 0.0345938 0.0276929 0.0223436 0.0185305 0.0156057
 1.0422e-16 5.20079e-05 0.000505535 0.00335946 0.0152716 0.0475159 0.101239 0.147766 0.147794 0.101373 0.0479657 0.0165715 0.00662439 0.00763957 0.0136204 0.0224863 0.0325073 0.04113 0.0457781 0.0452533 0.0404191 0.033556 0.0269338 0.0217322 0.017941 0.0149654
 1.04018e-16 5.15868e-05 0.000501443 0.00333226 0.015148 0.0471312 0.100419 0.14657 0.146599 0.100557 0.0475952 0.0164886 0.0066991 0.00785676 0.0140368 0.0231662 0.0334655 0.0422906 0.0469732 0.0462739 0.0410939 0.0338122 0.0268074 0.0213331 0.0174007 0.0143966
 1.04711e-16 4.6987e-05 0.00045673 0.00303514 0.0137973 0.0429287 0.0914653 0.133503 0.133535 0.0916222 0.0434557 0.0153199 0.00685936 0.00881257 0.0159383 0.0263327 0.0380636 0.0481481 0.0535654 0.0529084 0.0471878 0.039077 0.0312415 0.0250735 0.0205727 0.0170528
 1.05975e-16 4.51526e-05 0.000438899 0.00291664 0.0132587 0.0412528 0.0878946 0.128291 0.128323 0.0880504 0.0417762 0.0147715 0.00671793 0.00874973 0.0158659 0.0262551 0.0380439 0.048317 0.0541178 0.0540661 0.049132 0.0418751 0.0348003 0.029144 0.0248065 0.0210893
 1.07163e-16 4.37092e-05 0.000424869 0.0028234 0.0128348 0.039934 0.0850848 0.124191 0.124223 0.0852426 0.0404641 0.014367 0.00667379 0.00884447 0.0160759 0.0266174 0.0385979 0.0490839 0.0551028 0.0552761 0.0505942 0.0436367 0.0369016 0.031579 0.0274968 0.0238866
 1.08121e-16 4.26923e-05 0.000414984 0.00275772 0.0125362 0.0390049 0.0831054 0.121301 0.121334 0.0832637 0.0395368 0.0140737 0.00662193 0.00886645 0.0161404 0.0267392 0.0388056 0.0494146 0.0556023 0.0559991 0.051598 0.0449656 0.0385658 0.0335383 0.029657 0.0261141
 1.08625e-16 4.2858e-05 0.000416595 0.00276842 0.0125848 0.0391563 0.0834278 0.121772 0.121804 0.0835833 0.0396785 0.0140945 0.00656273 0.00871608 0.0158538 0.02627 0.0381419 0.0486072 0.0547679 0.0552895 0.0511497 0.0448598 0.0388161 0.0341035 0.0304629 0.0270698
 1.08816e-16 4.2611e-05 0.000414194 0.00275246 0.0125123 0.0389306 0.082947 0.12107 0.121102 0.0831039 0.0394575 0.0140354 0.00658052 0.00878694 0.0159915 0.0264953 0.0384602 0.0489951 0.0551739 0.0556521 0.0514249 0.0450407 0.0389337 0.0342099 0.0306069 0.0272792
 1.09089e-16 4.18499e-05 0.000406796 0.00270331 0.0122889 0.0382354 0.0814657 0.118908 0.118941 0.0816247 0.0387697 0.0138335 0.00658553 0.00889853 0.0162189 0.0268781 0.0390251 0.0497334 0.0560402 0.0565833 0.0523686 0.0459707 0.0398452 0.0351003 0.0314618 0.0280715
pSPR Fmed_Fpbrs
0.599873   0.2854 0.2854
Fs Fmed_Fpbrs
0.34   1.005 1.005
SSBpbr Bo_Bmed_Bpbrs
3.35505e+06  1.84485e+06  789777 789777
Ro
322491
SPR SPRFo_SPRFmed_SPRFpbrs
2.29564e+06 1.37709e+06 655175
Fref
1.005
Nvult_r0
 250713 96562.5 30656.2 9548.73 4376.94
CTP_r0
 83849.1 48401.7 15366.3 4786.27 2193.93
YTP_r0
2.01982e+06
Np
 322491 71777.7 15154.4 4974.15 1791.82
Nvult_p0
 250713 62112.1 13113.7 4304.33 1550.53
CTP_p0
 83849.1 48813.2 16022 5086.6 2108.83
 83849.1 31133.5 6573.2 2157.53 777.2
YTP_p0
 2.10331e+06 1.42869e+06
CBA_c0
2.04487e+06
log_Ro
12.5038
likeval ReclasPelacesDesembMPH_pf_preclas_ppelaces_ptallas_desvR_qrecl_qpela
 125.471 52.777 10.4201 0.00545507 238.247 152.534 102.931 0 0 0 0 51.2589 0 0 0
q_reclas_q_pelaces
1 1
M
1
N
 322491 16124.3 189348 11567.1 4351.77
 322491 112214 5306.79 62317.8 5239.17
 322491 109173 34957.4 1653.2 21045.7
 322491 111597 35537.3 11379.1 7388.77
 322491 109440 34935.1 11124.8 5875.2
 322491 115548 38190.8 12191.2 5932.44
 322491 110778 37062.3 12249.8 5813.2
 322491 104816 31810.5 10642.6 5186.86
 322491 117222 37644.6 11424.7 5685.14
 322491 114784 40367.5 12963.6 5892.1
 322491 115129 39765.9 13984.9 6532.4
 322491 117399 41474 14325.3 7391.17
 322491 111435 38103.9 13461.1 7048.42
 322491 111419 36157.4 12363.6 6654.74
 322491 108624 34361.2 11150.8 5865.2
 322491 112178 35727.4 11301.7 5596.74
 322491 106193 33064.3 10530.6 4980.79
 322491 110148 33675.3 10485.2 4918.88
 322491 104043 31164.6 9527.85 4358.31
 322491 89679.5 21870.5 6551 2918.96
 322491 91995.1 19837.3 4837.79 2094.78
 322491 96049.9 22182.9 4783.4 1671.66
 322491 84552.1 17947.6 4145.03 1206.17
 322491 103392 23624.4 5014.67 1495.16
 322491 105801 30250.2 6911.96 1904.63
 322491 106935 31622 9041.22 2635.11
 322491 111430 34704.2 10262.5 3789.39
 322491 109481 34909.3 10872.3 4402.24
 322491 108850 33904.3 10810.8 4730.25
 322491 111589 35426.8 11034.7 5058.05
pred_Ctot
 11088.8 1083.76 12726.6 777.455 292.494
 16373.4 11014.3 520.888 6116.81 514.251
 12158.2 8027.56 2570.43 121.56 1547.5
 15909.7 10654 3392.67 1086.33 705.391
 5320.7 3571.92 1140.22 363.094 191.756
 13580.5 9462.13 3127.41 998.328 485.803
 23991.2 15678.9 5245.58 1733.76 822.768
 2435.71 1575.41 478.118 159.96 77.9596
 6639.35 4761.1 1528.98 464.029 230.909
 6043.87 4249.19 1494.36 479.9 218.119
 2129.59 1513.89 522.902 183.895 85.8978
 12439.9 8827.25 3118.43 1077.12 555.741
 12468.3 8397.44 2871.4 1014.39 531.15
 17331.1 11552.8 3749.1 1281.96 690.018
 11150.4 7340.53 2322.05 753.547 396.356
 21578.3 14353.2 4571.32 1446.06 716.103
 14675.9 9376 2919.31 929.767 439.764
 25348.7 16424.7 5021.46 1563.48 733.474
 50903.6 29486.4 8832.25 2700.26 1235.17
 46737 23548.6 5742.87 1720.2 766.478
 39486 20732.1 4470.54 1090.25 472.08
 60200.9 31541.1 7284.49 1570.78 548.944
 26491.9 13144.6 2790.15 644.391 187.513
 22264.3 13629.9 3114.33 661.068 197.102
 20280.3 12757.8 3647.66 833.464 229.665
 12448.8 8046.05 2379.32 680.285 198.273
 15837 10591 3298.51 975.41 360.168
 16937.3 11103.1 3540.35 1102.62 446.456
 12172.3 8012.83 2495.82 795.82 348.211
 10526.6 7128.23 2263.03 704.886 323.105
F
 0.0556702 0.11134 0.11134 0.11134 0.11134
 0.0831373 0.166275 0.166275 0.166275 0.166275
 0.0611777 0.122355 0.122355 0.122355 0.122355
 0.0807018 0.161404 0.161404 0.161404 0.161404
 0.0263895 0.052779 0.052779 0.052779 0.052779
 0.0685428 0.137086 0.137086 0.137086 0.137086
 0.123868 0.247736 0.247736 0.247736 0.247736
 0.0120084 0.0240168 0.0240168 0.0240168 0.0240168
 0.0330206 0.0660411 0.0660411 0.0660411 0.0660411
 0.0300215 0.060043 0.060043 0.060043 0.060043
 0.0104926 0.0209851 0.0209851 0.0209851 0.0209851
 0.0626328 0.125266 0.125266 0.125266 0.125266
 0.0627797 0.125559 0.125559 0.125559 0.125559
 0.0881832 0.176366 0.176366 0.176366 0.176366
 0.0559868 0.111974 0.111974 0.111974 0.111974
 0.110817 0.221635 0.221635 0.221635 0.221635
 0.0742458 0.148492 0.148492 0.148492 0.148492
 0.131273 0.262546 0.262546 0.262546 0.262546
 0.279832 0.559664 0.559664 0.559664 0.559664
 0.254339 0.508679 0.508679 0.508679 0.508679
 0.211206 0.422413 0.422413 0.422413 0.422413
 0.338706 0.677412 0.677412 0.677412 0.677412
 0.137544 0.275088 0.275088 0.275088 0.275088
 0.114513 0.229027 0.229027 0.229027 0.229027
 0.103855 0.207709 0.207709 0.207709 0.207709
 0.062679 0.125358 0.125358 0.125358 0.125358
 0.0803206 0.160641 0.160641 0.160641 0.160641
 0.0861055 0.172211 0.172211 0.172211 0.172211
 0.0612506 0.122501 0.122501 0.122501 0.122501
 0.0527842 0.105568 0.105568 0.105568 0.105568
YTP_r0W_actual
 612098 769586 407207 151725 79200.7
YTP_p0W_proyectada
 632222 851790 385651 159312 74336.1
 632222 543280 158217 67573.9 27396.3
CTP_r0_actual
 83849.1 48401.7 15366.3 4786.27 2193.93
CTP_p0_proyectada
 83849.1 48813.2 16022 5086.6 2108.83
 83849.1 31133.5 6573.2 2157.53 777.2
Wmedp
 7.54 17.45 24.07 31.32 35.25
Frms_r0
 0.5025 1.005 1.005 1.005 1.005
Zrms_r0
 1.5025 2.005 2.005 2.005 2.005
nmprior
 7.29 8.9 8.7 0
nm_flota  nm_reclas  nm_pelaces    nm_pelaL
inf 3.88362 7.65376 11.4987
cv_recla  cv_pelaces  cv_mph
1.03705 0.854844 2.08903
 ------------------------------------------------
Talla a la edad & desviaci?n 
 8 13.2811 15.8009 17.003 17.5766
 0.8 1.32811 1.58009 1.7003 1.75766
