years
 1991 1992 1993 1994 1995 1996 1997 1998 1999 2000 2001 2002 2003 2004 2005 2006 2007 2008 2009 2010 2011 2012 2013 2014 2015 2016 2017 2018 2019 2020 2021
reclasobs
 0 0 0 0 0 0 0 0 0 252601 567819 844713 477998 351125 339783 2.1784e+06 2.13404e+06 4.81314e+06 1.55562e+06 2.62356e+06 3.21686e+06 3.843e+06 1.13348e+06 3.07943e+06 1.97215e+06 2.03268e+06 2.025e+06 2.42433e+06 2.27542e+06 1.05018e+06 2.36338e+06
reclaspred
 3.80591e+06 2.1785e+06 1.07632e+06 879819 916300 1.23483e+06 933165 795279 567811 428934 426164 586286 580647 478252 547964 1.08176e+06 1.55915e+06 2.36575e+06 2.30148e+06 1.77956e+06 3.01607e+06 2.4418e+06 2.25231e+06 2.80778e+06 2.47164e+06 2.22998e+06 2.27856e+06 2.28022e+06 2.49221e+06 1.61261e+06 2.11833e+06
pelacesobs
 0 0 0 0 0 0 0 0 0 0 0 0 0 0 0 552880 188675 0 991730 2.46772e+06 1.41603e+06 1.21717e+06 2.29649e+06 1.80582e+06 0 1.4828e+06 1.56532e+06 1.57751e+06 1.42118e+06 867257 1.10002e+06
pelacespred
 1.87379e+06 1.17549e+06 595311 389862 424683 566009 415046 408209 298877 209875 224712 248003 266795 235380 286852 475032 670853 1.10047e+06 1.16779e+06 871741 1.29005e+06 1.24661e+06 1.09407e+06 1.46136e+06 1.3186e+06 1.13656e+06 1.30152e+06 1.26216e+06 1.18075e+06 877001 1.0133e+06
mphobs
 0 0 0 0 0 0 0 0 0 0 0 0 498337 0 5186 125008 0 168611 109162 213762 579715 649985 157893 87575 83554 210694 70296 0 107559 103333 445601
mphpred
 3.73878e+06 2.4952e+06 1.24938e+06 681362 723086 796913 1.00327e+06 630876 566129 395636 276996 443651 453019 394035 314374 505178 1.20399e+06 1.32268e+06 1.98183e+06 1.6687e+06 1.75255e+06 2.21693e+06 2.01584e+06 1.71664e+06 2.41096e+06 1.91934e+06 1.63244e+06 1.7554e+06 2.31804e+06 1.62318e+06 1.10119e+06
desembarqueobs
 494567 514787 250237 358949 120608 361735 552515 73892 212993 205616 52469 317467 293654 387597 252695 516296 358380 742168 942051 627588 828172 859565 418607 520667 417249 300574 415391 372974 316634 284311 391294
desembarquepred
 494573 513521 250860 358977 120613 361751 552568 73896 213041 205659 52471.7 317556 293729 387672 252696 516279 358412 742087 941913 627503 828266 859668 418636 520706 417274 300585 415406 372985 316652 284330 391296
Reclutas
 211006 118419 122763 197069 158907 259198 110366 52749.4 48325.7 69188.5 126922 147923 133536 106091 132385 504498 162305 676309 531271 337657 550366 667648 165867 460467 352174 185802 392567 407880 133289 120232 516656
log_desv_Rt
 0.0324917 -0.545168 -0.509135 -0.03584 -0.251072 0.238199 -0.615596 -1.35384 -1.44143 -1.08256 -0.47582 -0.322702 -0.425026 -0.655094 -0.433682 0.90417 -0.229919 1.19726 0.955879 0.502638 0.99119 1.18437 -0.208207 0.812848 0.544731 -0.0947115 0.653315 0.69158 -0.426875 -0.529973 0.927983
SSB
 3.73878e+06 2.4952e+06 1.24938e+06 681362 723086 796913 1.00327e+06 630876 566129 395636 276996 443651 453019 394035 314374 505178 1.20399e+06 1.32268e+06 1.98183e+06 1.6687e+06 1.75255e+06 2.21693e+06 2.01584e+06 1.71664e+06 2.41096e+06 1.91934e+06 1.63244e+06 1.7554e+06 2.31804e+06 1.62318e+06 1.10119e+06
BT
 4.97548e+06 3.37116e+06 1.71121e+06 1.45262e+06 1.26079e+06 2.11005e+06 1.56068e+06 1.24019e+06 1.04541e+06 804966 774075 1.01534e+06 1.08683e+06 1.17689e+06 1.27555e+06 2.13841e+06 2.12205e+06 4.384e+06 4.41381e+06 2.96104e+06 4.82517e+06 4.38908e+06 3.27246e+06 5.37542e+06 3.88019e+06 3.40837e+06 4.66757e+06 4.26308e+06 3.16979e+06 2.58858e+06 3.7997e+06
Ftot
 0.115116 0.209073 0.203898 0.32089 0.10933 0.225751 0.491825 0.0778845 0.303915 0.382921 0.091427 0.419513 0.392067 0.594051 0.324361 0.32943 0.190447 0.232982 0.320566 0.284305 0.214305 0.278096 0.158928 0.13978 0.141554 0.11328 0.139278 0.124159 0.113091 0.150848 0.131597
BD_Bspro_t
 0.98175 0.86662 0.724485 0.642491 0.627717 0.692803 0.672783 0.515242 0.575129 0.535739 0.515613 0.706649 0.58674 0.507546 0.436736 0.5485 0.651023 0.657198 0.691573 0.621577 0.588981 0.639725 0.64617 0.648692 0.745495 0.746963 0.759236 0.789669 0.819979 0.766872 0.726948
BD_Bspro
 2.56442 1.71145 0.856946 0.467343 0.495962 0.5466 0.688136 0.432715 0.388306 0.271365 0.18999 0.304299 0.310724 0.270267 0.215628 0.346499 0.825809 0.907222 1.35933 1.14455 1.20207 1.52058 1.38266 1.17744 1.65367 1.31647 1.11969 1.20402 1.58994 1.11333 0.755301
BD_Bo
 1.39811 0.933076 0.467205 0.254794 0.270397 0.298005 0.37517 0.235915 0.211703 0.147948 0.103582 0.165903 0.169406 0.147349 0.11756 0.188911 0.450229 0.494615 0.741105 0.624007 0.655364 0.829018 0.753823 0.641935 0.901576 0.717735 0.61045 0.65643 0.86683 0.606987 0.411788
BD_Brms
 8.28638 5.53018 2.76904 1.51012 1.6026 1.76622 2.22357 1.39823 1.25473 0.876861 0.613914 0.983278 1.00404 0.873312 0.696758 1.11964 2.66843 2.9315 4.3924 3.69838 3.88423 4.91345 4.46778 3.80464 5.34349 4.25389 3.61803 3.89055 5.13755 3.59751 2.4406
Sel_flota
 0.764595 1 1 1 1
 0.764595 1 1 1 1
 0.764595 1 1 1 1
 0.764595 1 1 1 1
 0.764595 1 1 1 1
 0.764595 1 1 1 1
 0.764595 1 1 1 1
 0.764595 1 1 1 1
 0.764595 1 1 1 1
 0.764595 1 1 1 1
 0.764595 1 1 1 1
 0.764595 1 1 1 1
 0.764595 1 1 1 1
 0.764595 1 1 1 1
 0.764595 1 1 1 1
 0.764595 1 1 1 1
 0.764595 1 1 1 1
 0.764595 1 1 1 1
 0.764595 1 1 1 1
 0.764595 1 1 1 1
 0.764595 1 1 1 1
 0.764595 1 1 1 1
 0.764595 1 1 1 1
 0.764595 1 1 1 1
 0.764595 1 1 1 1
 0.764595 1 1 1 1
 0.764595 1 1 1 1
 0.764595 1 1 1 1
 0.764595 1 1 1 1
 0.764595 1 1 1 1
 0.764595 1 1 1 1
Sel_reclas
 0.5 1 1 1 1
 0.5 1 1 1 1
 0.5 1 1 1 1
 0.5 1 1 1 1
 0.5 1 1 1 1
 0.5 1 1 1 1
 0.5 1 1 1 1
 0.5 1 1 1 1
 0.5 1 1 1 1
 0.5 1 1 1 1
 0.5 1 1 1 1
 0.5 1 1 1 1
 0.5 1 1 1 1
 0.5 1 1 1 1
 0.5 1 1 1 1
 0.5 1 1 1 1
 0.5 1 1 1 1
 0.5 1 1 1 1
 0.5 1 1 1 1
 0.5 1 1 1 1
 0.5 1 1 1 1
 0.5 1 1 1 1
 0.5 1 1 1 1
 0.5 1 1 1 1
 0.5 1 1 1 1
 0.5 1 1 1 1
 0.5 1 1 1 1
 0.5 1 1 1 1
 0.5 1 1 1 1
 0.5 1 1 1 1
 0.5 1 1 1 1
Sel_pelaces
 0.5 1 1 1 1
 0.5 1 1 1 1
 0.5 1 1 1 1
 0.5 1 1 1 1
 0.5 1 1 1 1
 0.5 1 1 1 1
 0.5 1 1 1 1
 0.5 1 1 1 1
 0.5 1 1 1 1
 0.5 1 1 1 1
 0.5 1 1 1 1
 0.5 1 1 1 1
 0.5 1 1 1 1
 0.5 1 1 1 1
 0.5 1 1 1 1
 0.5 1 1 1 1
 0.5 1 1 1 1
 0.5 1 1 1 1
 0.5 1 1 1 1
 0.5 1 1 1 1
 0.5 1 1 1 1
 0.5 1 1 1 1
 0.5 1 1 1 1
 0.5 1 1 1 1
 0.5 1 1 1 1
 0.5 1 1 1 1
 0.5 1 1 1 1
 0.5 1 1 1 1
 0.5 1 1 1 1
 0.5 1 1 1 1
 0.5 1 1 1 1
pf_obs 
 0.8446 0.082 0.0669 0.0065 0
 0.8095 0.147 0.0364 0.0071 0
 0.9664 0.0169 0.016 0.0007 0
 0.9276 0.0648 0.0075 0.0001 0
 0.7033 0.2144 0.0806 0.0017 0
 0.9318 0.0425 0.0243 0.0014 0
 0.5671 0.3108 0.0964 0.0239 0.0018
 0.0768 0.2599 0.5324 0.112 0.0189
 0.490249 0.384438 0.106611 0.0170017 0.00170017
 0.7925 0.1577 0.0466 0.003 0.0002
 0.840416 0.127587 0.0312969 0.00059994 9.999e-05
 0.8084 0.0986 0.0794 0.0134 0.0002
 0.7335 0.1905 0.0724 0.0035 0.0001
 0.4001 0.4547 0.1325 0.0127 0
 0.49795 0.308269 0.164784 0.0264974 0.00249975
 0.9179 0.0499 0.0305 0.0017 0
 0.2467 0.6533 0.0926 0.0074 0
 0.9418 0.0223 0.034 0.0019 0
 0.707729 0.231977 0.0356964 0.0245975 0
 0.517169 0.277429 0.184464 0.0207286 0.00020938
 0.811772 0.124168 0.05621 0.00726502 0.000585176
 0.764997 0.148141 0.077277 0.00933861 0.000247198
 0.163321 0.427699 0.378323 0.0303852 0.000271297
 0.753843 0.0900009 0.118128 0.0371064 0.000921714
 0.721811 0.176058 0.0630433 0.0369309 0.00215725
 0.143369 0.312575 0.442814 0.0836902 0.0175525
 0.692698 0.0596174 0.167031 0.0765114 0.00414204
 0.394062 0.376323 0.152708 0.0712218 0.00568511
 0.125707 0.32114 0.495352 0.0537591 0.00404204
 0.23352 0.215282 0.420074 0.123614 0.00750983
 0.796117 0.104755 0.0508955 0.0450114 0.00322123
pf_pred 
 0.414226 0.119723 0.440869 0.0251816 8.2277e-07
 0.386302 0.29732 0.0646627 0.238114 0.0136011
 0.541841 0.21021 0.120125 0.0261253 0.101699
 0.711601 0.17712 0.0510567 0.0291765 0.0310466
 0.625497 0.288956 0.0525382 0.0151447 0.0178637
 0.721851 0.191709 0.0666946 0.0121265 0.00761875
 0.461038 0.419292 0.0824804 0.0286945 0.00849513
 0.443089 0.303934 0.196806 0.0387145 0.017456
 0.515936 0.248147 0.128752 0.0833705 0.0237947
 0.697442 0.179339 0.0631664 0.032774 0.0272791
 0.796879 0.154583 0.0287705 0.0101335 0.00963403
 0.69361 0.256944 0.0376305 0.00700365 0.00481205
 0.670406 0.250075 0.0666853 0.00976636 0.00306656
 0.634146 0.269932 0.07278 0.0194076 0.00373479
 0.749857 0.17812 0.0531391 0.0143275 0.00455583
 0.893797 0.0854023 0.0148114 0.00441872 0.00157023
 0.446307 0.509523 0.035519 0.0061601 0.00249082
 0.841873 0.0822041 0.0698662 0.00487039 0.00118622
 0.638324 0.317544 0.0229423 0.0194989 0.00169034
 0.550763 0.317725 0.115465 0.00834222 0.00770478
 0.728783 0.169612 0.0718604 0.0261148 0.00362937
 0.704937 0.231221 0.0399248 0.0169151 0.00700144
 0.331506 0.511205 0.123257 0.0212827 0.0127492
 0.724743 0.109752 0.126564 0.030516 0.00842561
 0.582575 0.324896 0.0368933 0.042545 0.0130904
 0.445564 0.360692 0.150798 0.0171238 0.0258227
 0.714777 0.147282 0.0897382 0.0375178 0.0106849
 0.651703 0.268077 0.0414235 0.0252391 0.0135571
 0.350087 0.463681 0.143339 0.0221489 0.0207441
 0.463836 0.223653 0.222961 0.0689246 0.0206251
 0.844758 0.0832209 0.0300426 0.0299497 0.0120289
pobs_RECLAS
 0 0 0 0 0
 0 0 0 0 0
 0 0 0 0 0
 0 0 0 0 0
 0 0 0 0 0
 0 0 0 0 0
 0 0 0 0 0
 0 0 0 0 0
 0 0 0 0 0
 0 0 0 0 0
 0.991045 0.00858322 0.000360255 1.14367e-05 0
 0.934742 0.0480273 0.0164251 0.00080598 0
 0.827803 0.169806 0.00239088 0 0
 0.941827 0.0461693 0.0120037 0 0
 0.791401 0.0380133 0.147996 0.0225897 0
 0.846168 0.0940531 0.0597789 0 0
 0.134021 0.677848 0.182769 0.00536245 0
 0.80878 0.0450904 0.141981 0.00414843 0
 0.846168 0.0940531 0.0597789 0 0
 0.905697 0.0802665 0.012482 0.00150086 5.37128e-05
 0.989698 0.0102097 9.19794e-05 0 0
 0.975433 0.0193895 0.00387452 0.00125025 5.28907e-05
 0.303575 0.632131 0.0575291 0.00676475 0
 0.966965 0.00978017 0.0227588 0.000495775 0
 0.843318 0.132988 0.00938335 0.0141283 0.000182051
 0.564624 0.303363 0.111486 0.0197234 0.00080311
 0.826376 0.0876187 0.0782897 0.00655872 0.00115652
 0.89761 0.0855135 0.0140674 0.00269457 0.000114338
 0.34875 0.467042 0.161289 0.0227151 0.000203297
 0.318654 0.224769 0.449479 0.00709798 0
 0.937255 0.0296025 0.0250945 0.00804832 0
ppred_RECLAS
 0.316734 0.139649 0.514244 0.0293726 9.59705e-07
 0.292582 0.342725 0.0745375 0.274477 0.0156781
 0.43724 0.258202 0.14755 0.0320899 0.124918
 0.619233 0.233847 0.0674089 0.038521 0.0409901
 0.522613 0.368338 0.0669716 0.0193053 0.0227713
 0.630442 0.254711 0.0886128 0.0161116 0.0101225
 0.361809 0.496489 0.097666 0.0339775 0.0100592
 0.34259 0.358781 0.232321 0.0457007 0.020606
 0.412507 0.301168 0.156262 0.101184 0.0288789
 0.603523 0.235008 0.0827741 0.0429475 0.0357469
 0.71992 0.213152 0.0396711 0.0139729 0.0132842
 0.599469 0.335892 0.0491929 0.0091556 0.0062906
 0.573302 0.323752 0.086332 0.0126437 0.00397003
 0.535543 0.342682 0.0923952 0.0246382 0.00474137
 0.663979 0.239272 0.0713825 0.0192464 0.00611992
 0.847291 0.1228 0.0212973 0.00635369 0.00225783
 0.346134 0.601705 0.041945 0.00727456 0.00294145
 0.777797 0.115515 0.0981774 0.00684398 0.0016669
 0.537731 0.405863 0.0293232 0.0249221 0.00216047
 0.446658 0.391354 0.142222 0.0102754 0.00949027
 0.638441 0.22611 0.0957971 0.0348137 0.00483832
 0.611306 0.304594 0.0525939 0.0222827 0.00922318
 0.245522 0.576958 0.139111 0.0240201 0.014389
 0.633297 0.146213 0.168611 0.040654 0.0112247
 0.477933 0.406343 0.046142 0.0532103 0.0163719
 0.345031 0.426094 0.178142 0.0202287 0.030505
 0.621746 0.195321 0.119008 0.0497549 0.0141699
 0.550934 0.345637 0.0534082 0.0325413 0.0174795
 0.260957 0.527271 0.162997 0.0251864 0.0235889
 0.362076 0.266101 0.265278 0.082006 0.0245396
 0.78111 0.117341 0.0423598 0.0422287 0.0169607
pobs_PELACES
 0 0 0 0 0
 0 0 0 0 0
 0 0 0 0 0
 0 0 0 0 0
 0 0 0 0 0
 0 0 0 0 0
 0 0 0 0 0
 0 0 0 0 0
 0 0 0 0 0
 0 0 0 0 0
 0 0 0 0 0
 0 0 0 0 0
 0 0 0 0 0
 0 0 0 0 0
 0 0 0 0 0
 0 0 0 0 0
 0.505614 0.472636 0.0217494 0 0
 0 0 0 0 0
 0.443492 0.261883 0.143347 0.151278 0
 0.227955 0.32914 0.350689 0.0885471 0.00366901
 0.970185 0.0296113 0.000203453 0 0
 0.997202 0.00247181 0.000326279 0 0
 0.445219 0.490057 0.0546422 0.010081 0
 0.90214 0.0892962 0.00764917 0.000914606 0
 0 0 0 0 0
 0.581667 0.319106 0.0959925 0.00289975 0.000334073
 0.762889 0.0836404 0.116647 0.0363945 0.000428098
 0.88444 0.0763242 0.0277011 0.0115352 0
 0.521256 0.241999 0.230069 0.00667565 0
 0.616807 0.101726 0.260614 0.0208532 0
 0.833518 0.0704572 0.0857862 0.0102388 0
ppred_PELACES
 0.318672 0.139253 0.512785 0.0292893 9.56983e-07
 0.295955 0.341091 0.0741821 0.273169 0.0156034
 0.441142 0.256412 0.146527 0.0318675 0.124052
 0.625093 0.230248 0.0663715 0.0379282 0.0403593
 0.524732 0.366704 0.0666744 0.0192196 0.0226702
 0.634518 0.251902 0.0876353 0.0159339 0.0100109
 0.370676 0.48959 0.0963089 0.0335053 0.0099194
 0.343954 0.358037 0.231839 0.0456059 0.0205633
 0.418241 0.298229 0.154737 0.100197 0.0285971
 0.610619 0.230802 0.0812928 0.0421789 0.0351072
 0.721349 0.212064 0.0394686 0.0139016 0.0132164
 0.607267 0.329352 0.048235 0.00897733 0.00616812
 0.580736 0.318112 0.0848281 0.0124234 0.00390087
 0.547001 0.334228 0.0901158 0.0240304 0.0046244
 0.669578 0.235285 0.0701932 0.0189257 0.00601795
 0.850573 0.120161 0.0208396 0.00621714 0.00220931
 0.34949 0.598616 0.0417298 0.00723722 0.00292635
 0.780909 0.113897 0.0968022 0.00674812 0.00164355
 0.543915 0.400433 0.0289309 0.0245887 0.00213157
 0.452122 0.387489 0.140818 0.0101739 0.00939655
 0.642275 0.223712 0.0947812 0.0344445 0.00478701
 0.616427 0.300581 0.051901 0.0219892 0.00910167
 0.247816 0.575204 0.138688 0.0239471 0.0143453
 0.635815 0.145209 0.167453 0.0403748 0.0111477
 0.480677 0.404207 0.0458994 0.0529306 0.0162858
 0.347022 0.424798 0.1776 0.0201672 0.0304122
 0.624287 0.194009 0.118209 0.0494207 0.0140747
 0.553319 0.343802 0.0531246 0.0323685 0.0173866
 0.262655 0.52606 0.162622 0.0251285 0.0235347
 0.364787 0.26497 0.26415 0.0816575 0.0244353
 0.782853 0.116406 0.0420225 0.0418925 0.0168256
pobs_pel_tallas
 0 0 0 0 0 0 0 0 0 0 0 0 0 0 0 0 0 0 0 0 0 0 0 0 0 0
 0 0 0 0 0 0 0 0 0 0 0 0 0 0 0 0 0 0 0 0 0 0 0 0 0 0
 0 0 0 0 0 0 0 0 0 0 0 0 0 0 0 0 0 0 0 0 0 0 0 0 0 0
 0 0 0 0 0 0 0 0 0 0 0 0 0 0 0 0 0 0 0 0 0 0 0 0 0 0
 0 0 0 0 0 0 0 0 0 0 0 0 0 0 0 0 0 0 0 0 0 0 0 0 0 0
 0 0 0 0 0 0 0 0 0 0 0 0 0 0 0 0 0 0 0 0 0 0 0 0 0 0
 0 0 0 0 0 0 0 0 0 0 0 0 0 0 0 0 0 0 0 0 0 0 0 0 0 0
 0 0 0 0 0 0 0 0 0 0 0 0 0 0 0 0 0 0 0 0 0 0 0 0 0 0
 0 0 0 0 0 0 0 0 0 0 0 0 0 0 0 0 0 0 0 0 0 0 0 0 0 0
 0 0 0 0 0 0 0 0 0 0 0 0 0 0 0 0 0 0 0 0 0 0 0 0 0 0
 0 0 0 0 0 0 0 0 0 0 0 0 0 0 0 0 0 0 0 0 0 0 0 0 0 0
 0 0 0 0 0 0 0 0 0 0 0 0 0 0 0 0 0 0 0 0 0 0 0 0 0 0
 0.00862536 0 0 0.000197151 0.00414017 0.0128641 0.00837892 0.0270097 0.101434 0.158115 0.152841 0.127902 0.109271 0.109419 0.0830992 0.0579132 0.0238553 0.00714673 0.00463305 0.00128148 0.00103504 0.000492878 0.000147863 0.000147863 4.92878e-05 0
 0 0 0 0 0 0 0 0 0 0 0 0 0 0 0 0 0 0 0 0 0 0 0 0 0 0
 0 0 0 0 0 0 0 0.0054083 0.00873648 0.0413646 0.0450493 0.0745869 0.0622846 0.0627006 0.0613931 0.0827291 0.12552 0.122667 0.0946155 0.0697135 0.0546179 0.0294188 0.0215738 0.0213955 0.0102223 0.00600262
 0 0 0 0 0.00359764 0.0251062 0.0480494 0.140153 0.205849 0.193036 0.1447 0.116669 0.0760912 0.0342217 0.00950174 0.001854 0.000860785 0 0 0 0.000165536 0 0.000143464 0 0 0
 0 0 0 0 0 0 0 0.000145254 0.000435761 0.0275982 0.070085 0.0708112 0.156366 0.174668 0.174014 0.160142 0.0824315 0.0480064 0.0283245 0.00493863 0.00203355 0 0 0 0 0
 0 0 0 0 0 0 0 0 0 0 0 0 0 0 0 0 0 0 0 0 0 0 0 0 0 0
 0 0 1.00437e-05 0.000401748 0.00122533 0.00171747 0.00176769 0.0269171 0.070346 0.194647 0.189555 0.159765 0.064822 0.0314167 0.0384472 0.0292271 0.0345202 0.0313363 0.0194345 0.0106764 0.0143323 0.0359363 0.0279516 0.0138201 0.00172751 0
 0 0.0021121 0.0136068 0.0755702 0.200478 0.177729 0.0527432 0.0373336 0.0318909 0.0142505 0.0149659 0.0166563 0.0217959 0.0798694 0.0677717 0.0528807 0.04013 0.0224614 0.0357745 0.0225083 0.00881397 0.00855152 0.00135912 0.000746735 0 0
 0 0 0 0 5.4009e-05 0.00500934 0.000945158 0.0243581 0.138947 0.33067 0.221406 0.137944 0.0707744 0.0437923 0.0131692 0.00525238 0.0047753 0.00276346 9.45158e-05 9.00151e-06 2.25038e-05 9.00151e-06 4.50075e-06 0 0 0
 0.000866109 0.00284123 0.00948549 0.0512746 0.133035 0.25785 0.225252 0.132002 0.0553304 0.0519788 0.0540692 0.017754 0.00435017 0.00159236 0.00146478 0.000404838 0.000125132 0.000115318 0.000107957 0.000100596 0 0 0 0 0 0
 0 0 0 0 0.00144013 0.00171154 0.00461396 0.0210425 0.0478622 0.0707936 0.0888783 0.103762 0.0637923 0.0337046 0.0602308 0.124433 0.169614 0.0934646 0.0462172 0.0250306 0.0313229 0.00938855 0.002487 0.000210481 0 0
 0 0.00764035 0.051015 0.0998891 0.058973 0.0496711 0.0374665 0.0718981 0.12319 0.153886 0.159021 0.0857701 0.0377988 0.023471 0.0147837 0.00900784 0.00315554 0.000888139 0.00291439 0.00214683 0.00393193 0.00274676 0.000635225 9.99891e-05 0 0
 0 0 0 0 0 0 0 0 0 0 0 0 0 0 0 0 0 0 0 0 0 0 0 0 0 0
 0 0 0 0 0 0 0 0 0 0 0 0 0 0 0 0 0 0 0 0 0 0 0 0 0 0
 0 0 0 0 0 0 0 0 0 0 0 0 0 0 0 0 0 0 0 0 0 0 0 0 0 0
 0 0 0 0 0 0 0 0 0 0 0 0 0 0 0 0 0 0 0 0 0 0 0 0 0 0
 0 0 0 0 0 0 0 0 0 0 0 0 0 0 0 0 0 0 0 0 0 0 0 0 0 0
 0 0 0 0 0 0 0 0 0 0 0 0 0 0 0 0 0 0 0 0 0 0 0 0 0 0
 0 0 0 0 0 0 0 0 0 0 0 0 0 0 0 0 0 0 0 0 0 0 0 0 0 0
ppred_pel_tallas
 1.17771e-16 2.62486e-05 0.000255146 0.00169554 0.00770767 0.0239815 0.0510956 0.0745785 0.0745927 0.0511653 0.0242177 0.00839986 0.00346992 0.00425052 0.00797051 0.0140623 0.0224075 0.0326482 0.0442639 0.0567439 0.0694127 0.0809678 0.0892933 0.0920425 0.0877923 0.076959
 1.32264e-16 2.43775e-05 0.000236958 0.00157467 0.00715825 0.0222722 0.0474544 0.069268 0.069301 0.0476158 0.0228144 0.00872659 0.00551949 0.00887669 0.0165205 0.0275187 0.0402598 0.0520469 0.0602741 0.0640652 0.0649128 0.0656146 0.0682725 0.0728885 0.0774687 0.0793149
 1.28483e-16 3.63363e-05 0.000353202 0.00234715 0.0106698 0.0331979 0.0707326 0.103242 0.103266 0.0708545 0.0336077 0.011856 0.00533494 0.00691048 0.0125943 0.0210434 0.0309848 0.0404304 0.0474187 0.0511862 0.0526368 0.0536117 0.0555303 0.0584747 0.0612887 0.0623914
 1.12608e-16 5.14882e-05 0.000500483 0.00332589 0.015119 0.047041 0.100227 0.146288 0.146311 0.100335 0.0474066 0.0161759 0.00598258 0.00631268 0.011128 0.0184185 0.0267788 0.0342281 0.0388065 0.0396815 0.0376565 0.0345829 0.032145 0.0309647 0.0305644 0.0299685
 1.07782e-16 4.32216e-05 0.000420129 0.00279191 0.0126916 0.0394885 0.0841358 0.122806 0.122841 0.0843087 0.040069 0.0143687 0.00700308 0.0096183 0.0175277 0.0289501 0.0418006 0.0527866 0.058585 0.0576858 0.0512889 0.0424601 0.0342465 0.0282218 0.0243076 0.0215528
 1.05886e-16 5.22645e-05 0.000508029 0.00337603 0.015347 0.0477503 0.101738 0.148495 0.148519 0.101857 0.0481504 0.0165037 0.00628369 0.00686912 0.0121733 0.0201472 0.0292639 0.0373167 0.0420787 0.0425088 0.0393235 0.0344084 0.0295736 0.0256578 0.0225124 0.0195871
 1.07944e-16 3.05322e-05 0.000296784 0.00197224 0.00896554 0.0278954 0.0594358 0.0867581 0.0868054 0.0596666 0.0286706 0.0112053 0.00759684 0.0125836 0.0233898 0.0386847 0.0558781 0.0705977 0.0783997 0.077239 0.0686628 0.0566906 0.0453232 0.0366385 0.0305851 0.0260281
 1.14836e-16 2.83311e-05 0.000275389 0.00183006 0.0083192 0.0258843 0.0551505 0.0805011 0.0805359 0.0553207 0.0264566 0.00997611 0.00600351 0.00943375 0.0175619 0.0293557 0.0431455 0.0560623 0.0651547 0.0690137 0.0684592 0.0656444 0.0623756 0.0590713 0.055024 0.0494163
 1.1943e-16 3.445e-05 0.000334866 0.0022253 0.0101159 0.0314746 0.067061 0.0978835 0.0979125 0.0672025 0.0319506 0.0114937 0.00569435 0.00794383 0.0145926 0.0243563 0.0357676 0.0464533 0.0540328 0.0574875 0.0577209 0.0567452 0.0561585 0.0561556 0.055705 0.0534976
 1.12577e-16 5.02959e-05 0.000488894 0.00324888 0.0147689 0.0459517 0.0979059 0.142901 0.142923 0.0980151 0.0463187 0.0158301 0.00591732 0.00633043 0.0111933 0.0185562 0.0270419 0.0346922 0.039563 0.0408177 0.0392203 0.036543 0.034366 0.0332203 0.0325913 0.0315439
 1.04824e-16 5.94166e-05 0.000577551 0.00383803 0.0174471 0.0542846 0.11566 0.168813 0.168834 0.11576 0.0546204 0.0184172 0.00627393 0.00589857 0.0101753 0.0167557 0.0241992 0.0305796 0.0339798 0.0335326 0.0299348 0.024955 0.0203421 0.0169853 0.0148151 0.0132617
 1.03421e-16 5.00199e-05 0.000486211 0.00323105 0.0146879 0.0456996 0.097369 0.14212 0.142151 0.0975242 0.0462205 0.0161923 0.00700758 0.00873082 0.0157092 0.0258942 0.0373034 0.0469237 0.0517135 0.0502659 0.043637 0.0346123 0.0260271 0.0194522 0.0150023 0.011989
 1.04436e-16 4.78345e-05 0.000464968 0.00308988 0.0140462 0.043703 0.093115 0.13591 0.135941 0.0932651 0.0442073 0.0155037 0.00675139 0.00846796 0.0152759 0.0252535 0.0365483 0.0463223 0.0516973 0.0513205 0.0461232 0.0385998 0.0312271 0.0252844 0.0207667 0.0170674
 1.05879e-16 4.50558e-05 0.000437959 0.00291039 0.0132302 0.0411643 0.0877062 0.128016 0.128049 0.087864 0.0416944 0.014762 0.00675881 0.00885062 0.0160562 0.0265619 0.0384678 0.0488132 0.0545972 0.0544229 0.0492858 0.0418035 0.0345435 0.0287821 0.0244252 0.0207516
 1.05003e-16 5.51523e-05 0.0005361 0.00356257 0.016195 0.0503886 0.107359 0.156699 0.156721 0.10747 0.050762 0.0172741 0.00627447 0.00646626 0.0113473 0.01875 0.0271881 0.0345761 0.0388184 0.0389428 0.0356442 0.0307366 0.0259776 0.0222065 0.0193064 0.0167424
 1.0163e-16 7.00606e-05 0.000681014 0.00452558 0.0205726 0.0640091 0.136379 0.199051 0.199063 0.136435 0.0641993 0.021122 0.00590484 0.00369312 0.00579407 0.00947706 0.013667 0.0172329 0.0190721 0.0186775 0.0164316 0.0133343 0.0103912 0.00814049 0.00659338 0.00548317
 1.02579e-16 2.87872e-05 0.000279822 0.00185952 0.00845313 0.0263011 0.0560394 0.0818033 0.0818609 0.056321 0.0272462 0.011182 0.00870593 0.015214 0.0283572 0.0467445 0.0671223 0.0839599 0.0916347 0.0875482 0.0736926 0.0553458 0.0379881 0.0248185 0.0162882 0.0112049
 1.03778e-16 6.43225e-05 0.000625237 0.00415492 0.0188877 0.0587667 0.125209 0.182748 0.18276 0.125263 0.0589494 0.0194171 0.00548978 0.00355914 0.0056945 0.0094636 0.0139775 0.0183056 0.0215169 0.023137 0.0233477 0.0227085 0.0216618 0.0202639 0.0183193 0.0157092
 1.03764e-16 4.48017e-05 0.000435488 0.00289397 0.0131556 0.0409322 0.0872118 0.127296 0.127335 0.0874002 0.0415646 0.0149817 0.00747597 0.0104321 0.0190131 0.0313177 0.0450099 0.0563977 0.0617569 0.0593915 0.0506646 0.0391033 0.0283163 0.0203282 0.0152882 0.0122533
 1.06774e-16 3.72408e-05 0.000361994 0.00240558 0.0109354 0.0340244 0.072494 0.105815 0.105852 0.0726772 0.0346399 0.012715 0.00687878 0.010148 0.018684 0.0309888 0.0450063 0.0573624 0.0646063 0.0650928 0.0598717 0.0518011 0.0436629 0.0368093 0.0311429 0.0259868
 1.07057e-16 5.29034e-05 0.00051424 0.00341731 0.0155346 0.048334 0.102981 0.150309 0.150331 0.103087 0.04869 0.0165643 0.00600728 0.00618586 0.0108765 0.0180348 0.0262987 0.0337563 0.0384855 0.0395963 0.0377083 0.0344047 0.0311294 0.028429 0.0260002 0.0232712
 1.05321e-16 5.07743e-05 0.000493545 0.00327978 0.0149094 0.0463889 0.0988375 0.144262 0.144291 0.0989792 0.0468646 0.0162838 0.00673069 0.00803049 0.0143756 0.0237144 0.0342269 0.0431953 0.0478864 0.0470538 0.0416742 0.0342574 0.0273037 0.0221139 0.0186452 0.016151
 1.08979e-16 2.04124e-05 0.000198416 0.00131855 0.00599395 0.0186497 0.0397372 0.0580093 0.0580648 0.0400086 0.0195612 0.00862788 0.00793452 0.0146559 0.0275212 0.0455792 0.0659215 0.0834521 0.0929645 0.0920314 0.0823917 0.0686433 0.0553576 0.0449031 0.037251 0.0312031
 1.10806e-16 5.23713e-05 0.000509068 0.00338293 0.0153783 0.0478478 0.101945 0.148795 0.148809 0.102015 0.0480825 0.0160593 0.00510391 0.00430508 0.00737677 0.0124142 0.0185857 0.0248597 0.0301898 0.0340626 0.0366807 0.0385548 0.0398768 0.040258 0.039035 0.0358201
 1.09493e-16 3.95928e-05 0.000384856 0.00255751 0.0116261 0.0361733 0.0770724 0.112498 0.112537 0.0772628 0.0368125 0.0134723 0.00719201 0.0105031 0.0192602 0.0317923 0.0458361 0.0577514 0.0638799 0.0626025 0.0553371 0.0455879 0.0368151 0.0307663 0.0272447 0.0249959
 1.12403e-16 2.85839e-05 0.000277845 0.00184638 0.00839341 0.0261152 0.0556428 0.0812209 0.081262 0.0558439 0.0267909 0.0103475 0.00676049 0.0110358 0.0205492 0.0341608 0.0497548 0.0637171 0.07235 0.0739165 0.0695778 0.0623878 0.0552191 0.049307 0.0442853 0.0392089
 1.10799e-16 5.14217e-05 0.000499838 0.0033216 0.0150995 0.0469803 0.100097 0.146099 0.146118 0.100189 0.0472904 0.0159972 0.00558288 0.00546242 0.00955378 0.0159178 0.02341 0.0304693 0.0355344 0.0379 0.0380756 0.0372724 0.0364548 0.0357478 0.0345822 0.0322938
 1.0781e-16 4.55762e-05 0.000443017 0.002944 0.013383 0.0416398 0.0887192 0.129495 0.129528 0.0888812 0.0421838 0.0149546 0.00688996 0.00906057 0.0164228 0.0271084 0.0391228 0.049373 0.0547496 0.0538576 0.0478581 0.0396665 0.0321648 0.0268163 0.023489 0.0212029
 1.11331e-16 2.16346e-05 0.000210296 0.0013975 0.00635284 0.0197663 0.0421161 0.0614804 0.0615312 0.0423646 0.0206012 0.00876602 0.00746183 0.0134718 0.0252753 0.0419281 0.0608119 0.0773437 0.0868376 0.0871067 0.0796886 0.0686278 0.0578599 0.0492924 0.0427129 0.0369732
 1.20015e-16 3.00471e-05 0.000292068 0.0019409 0.00882306 0.0274519 0.0584902 0.0853736 0.0853996 0.0586171 0.0278789 0.0100612 0.00506745 0.00717952 0.0132939 0.0224121 0.0334174 0.0444196 0.0534744 0.0596682 0.0634915 0.0660926 0.0680741 0.0689124 0.0674193 0.062719
 1.08292e-16 6.44826e-05 0.000626794 0.00416527 0.0189347 0.0589129 0.125521 0.183203 0.183215 0.125576 0.0590982 0.0194706 0.00551334 0.00357975 0.00570321 0.00940915 0.0137493 0.0177331 0.0204159 0.0214174 0.0211522 0.0205085 0.0202243 0.0204501 0.0207741 0.0205821
pSPR Fmed_Fpbrs
0.548288   0.218724 0.218724
Fs Fmed_Fpbrs
0.34   1.005 1.005
SSBpbr Bo_Bmed_Bpbrs
2.67416e+06  1.3325e+06  451196 451196
Ro
204260
SPR SPRFo_SPRFmed_SPRFpbrs
1.45795e+06 799374 318888
Fref
1.005
Nvult_r0
 428513 34105.2 12311.9 12273.8 4929.64
CTP_r0
 186199 17095.1 6171.32 6152.23 2470.97
YTP_r0
2.25939e+06
Np
 308799 52681.8 23144.5 1711.7 701.13
Nvult_p0
 256117 45587.7 20027.9 1481.2 606.716
CTP_p0
 111289 74549.9 5513.49 1990.36 2624.14
 111289 22850.7 10038.9 742.448 304.114
YTP_p0
 2.42756e+06 1.51347e+06
CBA_c0
2.30984e+06
log_Ro
12.0471
likeval ReclasPelacesDesembMPH_pf_preclas_ppelaces_ptallas_desvR_qrecl_qpela
 17.9231 19.6734 0.0633312 0.00488283 215.861 138.822 107.724 0 22.7263 3.06544e-08 0 0.318193 0 0 0
q_reclas_q_pelaces
0.975543 1
M
1
N
 211006 47151.2 173630 9917.39 0.324036
 118419 71084.4 15459.8 56929.2 3251.79
 122763 37127.9 21216.8 4614.34 17962.5
 197069 38642.7 11139.2 6365.53 6773.54
 158907 56724.3 10313.7 2973.03 3506.79
 259198 53770.7 18706.5 3401.24 2136.91
 110366 80237 15783.7 5491.06 1625.65
 52749.4 27875.6 18050.3 3550.73 1600.99
 48325.7 18283.6 9486.46 6142.77 1753.2
 69188.5 14091.8 4963.39 2575.26 2143.49
 126922 18992.7 3534.85 1245.04 1183.68
 147923 43539.5 6376.55 1186.78 815.41
 133536 39485.5 10529.2 1542.05 484.193
 106091 36401 9814.56 2617.16 503.646
 132385 24781.3 7393.08 1993.35 633.839
 504498 38004.6 6591.16 1966.36 698.76
 162305 144270 10057.1 1744.21 705.265
 676309 51617.4 43870.2 3058.21 744.848
 531271 208203 15042.5 12784.8 1108.3
 337657 152959 55586.9 4016.1 3709.22
 550366 99948.3 42345.6 15388.8 2138.7
 667648 171868 29676.3 12573.1 5204.21
 165867 198568 47876.8 8266.84 4952.17
 460467 54037.1 62315 15024.8 4148.42
 352174 152226 17285.9 19933.9 6133.32
 185802 116268 48609.2 5519.78 8323.85
 392567 62681.7 38191.5 15967.1 4547.35
 407880 129829 20061.3 12223.2 6565.67
 133289 136462 42184.7 6518.42 6104.99
 120232 44972.4 44833.3 13859.4 4147.32
 516656 39412.5 14227.9 14183.8 5696.77
pred_Ctot
 11319.2 3271.57 12047.2 688.115 0.0224831
 11203.8 8623.12 1875.4 6905.98 394.469
 11345.6 4401.57 2515.29 547.038 2129.48
 27649.8 6882.12 1983.85 1133.68 1206.34
 8110.7 3746.83 681.252 196.379 231.635
 26343.1 6996.2 2433.94 442.541 278.037
 22542.9 20501.7 4032.97 1403.05 415.378
 1937.09 1328.74 860.398 169.252 76.3139
 6455.04 3104.65 1610.86 1043.08 297.704
 11368 2923.14 1029.58 534.201 444.637
 5448 1056.83 196.694 69.2793 65.8647
 26335 9755.64 1428.76 265.915 182.704
 22402.6 8356.64 2228.39 326.357 102.474
 25396.4 10810.3 2914.71 777.239 149.572
 18755.3 4455.12 1329.11 358.358 113.95
 72478.7 6925.34 1201.07 358.317 127.331
 14069 16061.8 1119.67 194.186 78.5186
 70778.8 6911.14 5873.86 409.469 99.729
 74472.3 37047.4 2676.64 2274.91 197.209
 42446 24486.3 8898.6 642.915 593.789
 53287.9 12401.9 5254.37 1909.49 265.376
 82251.6 26978.8 4658.39 1973.64 816.924
 12116.7 18684.8 4505.12 777.894 465.99
 29762.5 4507.09 5197.52 1253.18 346.008
 23038.9 12848.6 1459.01 1682.51 517.68
 9813.83 7944.46 3321.43 377.162 568.762
 25286.6 5210.39 3174.66 1327.26 377.997
 23532.2 9679.96 1495.76 911.354 489.532
 7028.86 9309.52 2877.88 444.692 416.487
 8357.55 4029.86 4017.39 1241.91 371.63
 31519.9 3105.17 1120.96 1117.49 448.828
F
 0.0880171 0.115116 0.115116 0.115116 0.115116
 0.159856 0.209073 0.209073 0.209073 0.209073
 0.1559 0.203898 0.203898 0.203898 0.203898
 0.245351 0.32089 0.32089 0.32089 0.32089
 0.083593 0.10933 0.10933 0.10933 0.10933
 0.172608 0.225751 0.225751 0.225751 0.225751
 0.376047 0.491825 0.491825 0.491825 0.491825
 0.0595502 0.0778845 0.0778845 0.0778845 0.0778845
 0.232372 0.303915 0.303915 0.303915 0.303915
 0.292779 0.382921 0.382921 0.382921 0.382921
 0.0699047 0.091427 0.091427 0.091427 0.091427
 0.320758 0.419513 0.419513 0.419513 0.419513
 0.299773 0.392067 0.392067 0.392067 0.392067
 0.454209 0.594051 0.594051 0.594051 0.594051
 0.248005 0.324361 0.324361 0.324361 0.324361
 0.251881 0.32943 0.32943 0.32943 0.32943
 0.145615 0.190447 0.190447 0.190447 0.190447
 0.178137 0.232982 0.232982 0.232982 0.232982
 0.245104 0.320566 0.320566 0.320566 0.320566
 0.217378 0.284305 0.284305 0.284305 0.284305
 0.163857 0.214305 0.214305 0.214305 0.214305
 0.212631 0.278096 0.278096 0.278096 0.278096
 0.121516 0.158928 0.158928 0.158928 0.158928
 0.106875 0.13978 0.13978 0.13978 0.13978
 0.108231 0.141554 0.141554 0.141554 0.141554
 0.086613 0.11328 0.11328 0.11328 0.11328
 0.106491 0.139278 0.139278 0.139278 0.139278
 0.0949314 0.124159 0.124159 0.124159 0.124159
 0.0864691 0.113091 0.113091 0.113091 0.113091
 0.115338 0.150848 0.150848 0.150848 0.150848
 0.100618 0.131597 0.131597 0.131597 0.131597
YTP_r0W_actual
 1.54545e+06 241041 170328 210406 92167.1
YTP_p0W_proyectada
 839116 1.3009e+06 132710 62338.1 92501.1
 839116 398744 241637 23253.5 10720
CTP_r0_actual
 186199 17095.1 6171.32 6152.23 2470.97
CTP_p0_proyectada
 111289 74549.9 5513.49 1990.36 2624.14
 111289 22850.7 10038.9 742.448 304.114
Wmedp
 7.54 17.45 24.07 31.32 35.25
Frms_r0
 0.768418 1.005 1.005 1.005 1.005
Zrms_r0
 1.76842 2.005 2.005 2.005 2.005
nmprior
 7.29 8.9 8.7 0
nm_flota  nm_reclas  nm_pelaces    nm_pelaL
inf 7.41917 7.47565 13.6692
cv_recla  cv_pelaces  cv_mph
0.382941 0.502936 1.93805
 ------------------------------------------------
Talla a la edad & desviaci?n 
 8 13.2811 15.8009 17.003 17.5766
 0.8 1.32811 1.58009 1.7003 1.75766
