years
 1991 1992 1993 1994 1995 1996 1997 1998 1999 2000 2001 2002 2003 2004 2005 2006 2007 2008 2009 2010 2011 2012 2013 2014 2015 2016 2017 2018 2019 2020 2021 2022 2023
reclasobs
 0 0 0 0 0 0 0 0 0 252601 567819 844713 477998 351125 339783 2.1784e+06 2.13404e+06 4.81314e+06 1.55562e+06 2.62356e+06 3.21686e+06 3.843e+06 1.13348e+06 3.07943e+06 1.97215e+06 2.03268e+06 2.025e+06 2.42433e+06 2.27542e+06 1.05018e+06 2.36338e+06 3.18982e+06 1.53035e+06
reclaspred
 4.33346e+06 2.93273e+06 2.02767e+06 2.08211e+06 2.14707e+06 2.45762e+06 2.0517e+06 2.8862e+06 3.01982e+06 3.20748e+06 2.34938e+06 2.3618e+06 2.17786e+06 2.03848e+06 2.10439e+06 2.14683e+06 2.23856e+06 2.59003e+06 1.48998e+06 1.09743e+06 1.75574e+06 1.10098e+06 1.3873e+06 2.08863e+06 1.84752e+06 2.22772e+06 2.398e+06 2.00783e+06 2.40302e+06 2.51003e+06 2.54041e+06 3.34678e+06 2.67143e+06
pelacesobs
 0 0 0 0 0 0 0 0 0 0 0 0 0 0 0 552880 188675 0 991730 2.46772e+06 1.41603e+06 1.21717e+06 2.29649e+06 1.80582e+06 0 1.4828e+06 1.56532e+06 1.57751e+06 1.42118e+06 867257 1.10002e+06 1.06204e+06 0
pelacespred
 2.09249e+06 1.52826e+06 1.03314e+06 907824 1.00987e+06 1.13849e+06 966522 1.49249e+06 1.65348e+06 1.64229e+06 1.34556e+06 1.13316e+06 1.10071e+06 1.12399e+06 1.16579e+06 1.01974e+06 1.02077e+06 1.1214e+06 732324 475566 691306 484877 638561 1.02651e+06 923699 1.08613e+06 1.29884e+06 1.09447e+06 1.0943e+06 1.24568e+06 1.23868e+06 1.57195e+06 1.27916e+06
mphobs
 0 0 0 0 0 0 0 0 0 0 0 0 498337 0 5186 125008 0 168611 109162 213762 579715 649985 157893 87575 83554 210694 70296 0 107559 103333 445601 22526 28222
mphpred
 4.06436e+06 2.92336e+06 1.96788e+06 1.54262e+06 1.70343e+06 1.82724e+06 1.86308e+06 1.70097e+06 2.39106e+06 2.7264e+06 2.19217e+06 1.97966e+06 1.79955e+06 1.58721e+06 1.5278e+06 1.89003e+06 1.63272e+06 2.03032e+06 1.52484e+06 903731 1.06956e+06 1.11166e+06 768518 1.3156e+06 1.68264e+06 1.4756e+06 1.86146e+06 1.65766e+06 1.90721e+06 1.88084e+06 1.99672e+06 2.37974e+06 2.01687e+06
desembarqueobs
 494567 514787 250237 358949 120608 361735 552515 73892 212993 205616 52469 317467 293654 387597 252695 516296 358380 742168 942051 627588 828172 859565 418607 520667 417249 300574 415391 372974 316634 284311 391294 218835 356480
desembarquepred
 494434 505564 260137 358736 120544 361514 552154 73856 212917 205550 52445.5 317411 293594 387542 252611 516052 358120 740951 938956 625755 826387 857044 418197 520279 416954 300403 415144 372701 316462 284194 391105 218731 356308
Reclutas
 317009 317009 317009 317009 317009 317009 317009 317009 317009 317009 317009 317009 317009 317009 317009 317009 317009 317009 317009 317009 317009 317009 317009 317009 317009 317009 317009 317009 317009 317009 317009 317009 317009
log_desv_Rt
 0 0 0 0 0 0 0 0 0 0 0 0 0 0 0 0 0 0 0 0 0 0 0 0 0 0 0 0 0 0 0 0 0
SSB
 4.06436e+06 2.92336e+06 1.96788e+06 1.54262e+06 1.70343e+06 1.82724e+06 1.86308e+06 1.70097e+06 2.39106e+06 2.7264e+06 2.19217e+06 1.97966e+06 1.79955e+06 1.58721e+06 1.5278e+06 1.89003e+06 1.63272e+06 2.03032e+06 1.52484e+06 903731 1.06956e+06 1.11166e+06 768518 1.3156e+06 1.68264e+06 1.4756e+06 1.86146e+06 1.65766e+06 1.90721e+06 1.88084e+06 1.99672e+06 2.37974e+06 2.01687e+06
BT
 5.61393e+06 4.44069e+06 2.86202e+06 2.84091e+06 2.80875e+06 3.58758e+06 3.10087e+06 4.95213e+06 5.11879e+06 4.65748e+06 3.69089e+06 3.35383e+06 3.39184e+06 3.9142e+06 3.94994e+06 3.25084e+06 3.26286e+06 3.78691e+06 3.13473e+06 2.00928e+06 2.89915e+06 2.25186e+06 2.56047e+06 3.88549e+06 2.93065e+06 3.66957e+06 4.42992e+06 3.68095e+06 3.23442e+06 3.92572e+06 3.92025e+06 4.72274e+06 4.0162e+06
Ftot
 0.108521 0.163214 0.121899 0.163226 0.0536523 0.139642 0.252955 0.0245126 0.0673323 0.0612023 0.0213858 0.127669 0.128086 0.180027 0.114276 0.226463 0.151785 0.268467 0.574822 0.524372 0.435916 0.700807 0.283586 0.23502 0.212936 0.128208 0.164112 0.175887 0.125136 0.107774 0.146131 0.0624209 0.126763
BD_Bspro_t
 0.982787 0.886668 0.805131 0.789671 0.791032 0.836075 0.802622 0.75017 0.858321 0.888905 0.891662 0.913804 0.856748 0.815675 0.799138 0.813107 0.737983 0.77052 0.655986 0.505168 0.496066 0.487764 0.431501 0.597278 0.678458 0.698802 0.778344 0.778534 0.795292 0.796244 0.816476 0.827605 0.859296
BD_Bspro
 1.77962 1.28002 0.861653 0.675451 0.745865 0.800076 0.815766 0.744787 1.04695 1.19378 0.959863 0.866815 0.787948 0.694977 0.668964 0.827568 0.714904 0.888993 0.667667 0.395707 0.468319 0.48675 0.336503 0.576048 0.73676 0.646106 0.815057 0.725821 0.835091 0.823543 0.874283 1.04199 0.883105
BD_Bo
 1.21439 0.873471 0.587981 0.46092 0.508969 0.545962 0.556669 0.508233 0.714424 0.814621 0.654999 0.591504 0.537686 0.474244 0.456492 0.564722 0.487841 0.606638 0.455608 0.270026 0.319575 0.332152 0.229625 0.393088 0.502756 0.440895 0.556184 0.495291 0.569856 0.561975 0.5966 0.711043 0.60262
BD_Brms
 5.12285 3.6847 2.48037 1.94437 2.14706 2.30312 2.34828 2.14396 3.01377 3.43644 2.76309 2.49523 2.26821 2.00058 1.92569 2.38226 2.05794 2.55908 1.92196 1.13909 1.34811 1.40117 0.968665 1.65823 2.12086 1.8599 2.34624 2.08937 2.40391 2.37067 2.51673 2.9995 2.54213
Sel_flota
 0.5 1 1 1 1
 0.5 1 1 1 1
 0.5 1 1 1 1
 0.5 1 1 1 1
 0.5 1 1 1 1
 0.5 1 1 1 1
 0.5 1 1 1 1
 0.5 1 1 1 1
 0.5 1 1 1 1
 0.5 1 1 1 1
 0.5 1 1 1 1
 0.5 1 1 1 1
 0.5 1 1 1 1
 0.5 1 1 1 1
 0.5 1 1 1 1
 0.5 1 1 1 1
 0.5 1 1 1 1
 0.5 1 1 1 1
 0.5 1 1 1 1
 0.5 1 1 1 1
 0.5 1 1 1 1
 0.5 1 1 1 1
 0.5 1 1 1 1
 0.5 1 1 1 1
 0.5 1 1 1 1
 0.5 1 1 1 1
 0.5 1 1 1 1
 0.5 1 1 1 1
 0.5 1 1 1 1
 0.5 1 1 1 1
 0.5 1 1 1 1
 0.5 1 1 1 1
 0.5 1 1 1 1
Sel_reclas
 0.5 1 1 1 1
 0.5 1 1 1 1
 0.5 1 1 1 1
 0.5 1 1 1 1
 0.5 1 1 1 1
 0.5 1 1 1 1
 0.5 1 1 1 1
 0.5 1 1 1 1
 0.5 1 1 1 1
 0.5 1 1 1 1
 0.5 1 1 1 1
 0.5 1 1 1 1
 0.5 1 1 1 1
 0.5 1 1 1 1
 0.5 1 1 1 1
 0.5 1 1 1 1
 0.5 1 1 1 1
 0.5 1 1 1 1
 0.5 1 1 1 1
 0.5 1 1 1 1
 0.5 1 1 1 1
 0.5 1 1 1 1
 0.5 1 1 1 1
 0.5 1 1 1 1
 0.5 1 1 1 1
 0.5 1 1 1 1
 0.5 1 1 1 1
 0.5 1 1 1 1
 0.5 1 1 1 1
 0.5 1 1 1 1
 0.5 1 1 1 1
 0.5 1 1 1 1
 0.5 1 1 1 1
Sel_pelaces
 0.5 1 1 1 1
 0.5 1 1 1 1
 0.5 1 1 1 1
 0.5 1 1 1 1
 0.5 1 1 1 1
 0.5 1 1 1 1
 0.5 1 1 1 1
 0.5 1 1 1 1
 0.5 1 1 1 1
 0.5 1 1 1 1
 0.5 1 1 1 1
 0.5 1 1 1 1
 0.5 1 1 1 1
 0.5 1 1 1 1
 0.5 1 1 1 1
 0.5 1 1 1 1
 0.5 1 1 1 1
 0.5 1 1 1 1
 0.5 1 1 1 1
 0.5 1 1 1 1
 0.5 1 1 1 1
 0.5 1 1 1 1
 0.5 1 1 1 1
 0.5 1 1 1 1
 0.5 1 1 1 1
 0.5 1 1 1 1
 0.5 1 1 1 1
 0.5 1 1 1 1
 0.5 1 1 1 1
 0.5 1 1 1 1
 0.5 1 1 1 1
 0.5 1 1 1 1
 0.5 1 1 1 1
pf_obs 
 0.8446 0.082 0.0669 0.0065 0
 0.8095 0.147 0.0364 0.0071 0
 0.9664 0.0169 0.016 0.0007 0
 0.9276 0.0648 0.0075 0.0001 0
 0.7033 0.2144 0.0806 0.0017 0
 0.9318 0.0425 0.0243 0.0014 0
 0.5671 0.3108 0.0964 0.0239 0.0018
 0.0768 0.2599 0.5324 0.112 0.0189
 0.490249 0.384438 0.106611 0.0170017 0.00170017
 0.7925 0.1577 0.0466 0.003 0.0002
 0.840416 0.127587 0.0312969 0.00059994 9.999e-05
 0.8084 0.0986 0.0794 0.0134 0.0002
 0.7335 0.1905 0.0724 0.0035 0.0001
 0.4001 0.4547 0.1325 0.0127 0
 0.49795 0.308269 0.164784 0.0264974 0.00249975
 0.9179 0.0499 0.0305 0.0017 0
 0.2467 0.6533 0.0926 0.0074 0
 0.9418 0.0223 0.034 0.0019 0
 0.707729 0.231977 0.0356964 0.0245975 0
 0.517169 0.277429 0.184464 0.0207286 0.00020938
 0.811772 0.124168 0.05621 0.00726502 0.000585176
 0.764997 0.148141 0.077277 0.00933861 0.000247198
 0.163321 0.427699 0.378323 0.0303852 0.000271297
 0.753843 0.0900009 0.118128 0.0371064 0.000921714
 0.721811 0.176058 0.0630433 0.0369309 0.00215725
 0.143369 0.312575 0.442814 0.0836902 0.0175525
 0.692698 0.0596174 0.167031 0.0765114 0.00414204
 0.394062 0.376323 0.152708 0.0712218 0.00568511
 0.125707 0.32114 0.495352 0.0537591 0.00404204
 0.23352 0.215282 0.420074 0.123614 0.00750983
 0.796117 0.104755 0.0508955 0.0450114 0.00322123
 0.162477 0.292055 0.404252 0.121198 0.0200186
 0 0 0 0 0
pf_pred 
 0.411522 0.0523263 0.51019 0.00839696 0.017565
 0.467101 0.314853 0.0193883 0.189039 0.00961959
 0.494854 0.327263 0.105098 0.00647184 0.0663124
 0.500187 0.334907 0.106836 0.0343097 0.0237606
 0.502552 0.337007 0.107506 0.0342945 0.0186407
 0.491347 0.342017 0.112891 0.0360123 0.0177323
 0.506097 0.329992 0.110214 0.0363786 0.017319
 0.516286 0.333028 0.100678 0.0336253 0.0163827
 0.487781 0.34961 0.111954 0.0338448 0.0168112
 0.484485 0.34032 0.119577 0.0382916 0.0173259
 0.480387 0.341273 0.117732 0.0413674 0.0192407
 0.478417 0.339249 0.119754 0.0413128 0.0212676
 0.493748 0.331973 0.113355 0.040014 0.0209103
 0.501583 0.333687 0.108021 0.0368847 0.0198243
 0.508599 0.334051 0.105345 0.0341022 0.017903
 0.506629 0.336287 0.106785 0.0336751 0.0166242
 0.518991 0.33055 0.102554 0.032565 0.0153393
 0.517482 0.334366 0.10181 0.0315869 0.0147546
 0.548294 0.315819 0.0941646 0.028672 0.0130508
 0.598534 0.298455 0.0720222 0.0214741 0.00951482
 0.599494 0.311527 0.0661477 0.0159626 0.0068682
 0.598797 0.310381 0.0706443 0.0150002 0.00517727
 0.61672 0.301947 0.0629216 0.0143213 0.00409044
 0.560953 0.341551 0.0768073 0.0160056 0.00468345
 0.539037 0.337732 0.0958659 0.0215581 0.00580696
 0.525526 0.338583 0.099563 0.0282611 0.0080672
 0.510877 0.340927 0.105752 0.0310972 0.0113467
 0.51226 0.334981 0.106476 0.0330276 0.0132557
 0.511901 0.336179 0.104339 0.0331647 0.0144162
 0.503379 0.34027 0.107687 0.0334225 0.0152414
 0.500008 0.338314 0.110777 0.0350581 0.0158428
 0.500393 0.337831 0.109464 0.0358426 0.0164693
 0.491299 0.341371 0.113148 0.036662 0.0175205
pobs_RECLAS
 0 0 0 0 0
 0 0 0 0 0
 0 0 0 0 0
 0 0 0 0 0
 0 0 0 0 0
 0 0 0 0 0
 0 0 0 0 0
 0 0 0 0 0
 0 0 0 0 0
 0 0 0 0 0
 0.991045 0.00858322 0.000360255 1.14367e-05 0
 0.934742 0.0480273 0.0164251 0.00080598 0
 0.827803 0.169806 0.00239088 0 0
 0.941827 0.0461693 0.0120037 0 0
 0.791401 0.0380133 0.147996 0.0225897 0
 0.846168 0.0940531 0.0597789 0 0
 0.134021 0.677848 0.182769 0.00536245 0
 0.80878 0.0450904 0.141981 0.00414843 0
 0.846168 0.0940531 0.0597789 0 0
 0.905697 0.0802665 0.012482 0.00150086 5.37128e-05
 0.989698 0.0102097 9.19794e-05 0 0
 0.975433 0.0193895 0.00387452 0.00125025 5.28907e-05
 0.303575 0.632131 0.0575291 0.00676475 0
 0.966965 0.00978017 0.0227588 0.000495775 0
 0.843318 0.132988 0.00938335 0.0141283 0.000182051
 0.564624 0.303363 0.111486 0.0197234 0.00080311
 0.826376 0.0876187 0.0782897 0.00655872 0.00115652
 0.89761 0.0855135 0.0140674 0.00269457 0.000114338
 0.34875 0.467042 0.161289 0.0227151 0.000203297
 0.318654 0.224769 0.449479 0.00709798 0
 0.937255 0.0296025 0.0250945 0.00804832 0
 0.456809 0.399803 0.12412 0.0192676 0
 0.883104 0.0372192 0.0704036 0.00927362 0
ppred_RECLAS
 0.412684 0.052223 0.509182 0.00838038 0.0175303
 0.468962 0.313753 0.0193205 0.188378 0.00958598
 0.496213 0.326383 0.104816 0.00645443 0.066134
 0.502057 0.333654 0.106436 0.0341814 0.0236718
 0.503123 0.33662 0.107382 0.0342552 0.0186193
 0.492922 0.340959 0.112541 0.0359008 0.0176774
 0.509159 0.327946 0.10953 0.0361531 0.0172116
 0.516542 0.332852 0.100625 0.0336076 0.0163741
 0.488504 0.349116 0.111796 0.033797 0.0167874
 0.485139 0.339888 0.119426 0.038243 0.0173039
 0.480609 0.341127 0.117682 0.0413497 0.0192324
 0.479843 0.338321 0.119427 0.0411998 0.0212095
 0.495182 0.331032 0.113034 0.0399007 0.0208511
 0.503667 0.332292 0.107569 0.0367305 0.0197414
 0.509866 0.33319 0.105073 0.0340142 0.0178568
 0.509327 0.334448 0.106201 0.0334909 0.0165333
 0.520714 0.329366 0.102187 0.0324483 0.0152843
 0.520758 0.332096 0.101119 0.0313724 0.0146545
 0.55649 0.310088 0.0924559 0.0281517 0.0128139
 0.6056 0.293202 0.0707546 0.0210962 0.00934736
 0.605104 0.307164 0.0652212 0.015739 0.006772
 0.609056 0.302444 0.0688379 0.0146166 0.00504489
 0.620021 0.299346 0.0623796 0.0141979 0.00405521
 0.563724 0.339395 0.0763225 0.0159046 0.00465389
 0.541537 0.3359 0.0953459 0.0214412 0.00577547
 0.526957 0.337561 0.0992626 0.0281759 0.00804286
 0.512757 0.339617 0.105346 0.0309777 0.0113031
 0.514289 0.333588 0.106032 0.0328902 0.0132006
 0.513298 0.335217 0.10404 0.0330697 0.0143749
 0.504569 0.339455 0.107429 0.0333424 0.0152049
 0.501664 0.337194 0.11041 0.034942 0.0157904
 0.501062 0.337379 0.109317 0.0357947 0.0164473
 0.492716 0.34042 0.112832 0.0365599 0.0174717
pobs_PELACES
 0 0 0 0 0
 0 0 0 0 0
 0 0 0 0 0
 0 0 0 0 0
 0 0 0 0 0
 0 0 0 0 0
 0 0 0 0 0
 0 0 0 0 0
 0 0 0 0 0
 0 0 0 0 0
 0 0 0 0 0
 0 0 0 0 0
 0 0 0 0 0
 0 0 0 0 0
 0 0 0 0 0
 0 0 0 0 0
 0.505614 0.472636 0.0217494 0 0
 0 0 0 0 0
 0.443492 0.261883 0.143347 0.151278 0
 0.227955 0.32914 0.350689 0.0885471 0.00366901
 0.970185 0.0296113 0.000203453 0 0
 0.997202 0.00247181 0.000326279 0 0
 0.445219 0.490057 0.0546422 0.010081 0
 0.90214 0.0892962 0.00764917 0.000914606 0
 0 0 0 0 0
 0.581667 0.319106 0.0959925 0.00289975 0.000334073
 0.762889 0.0836404 0.116647 0.0363945 0.000428098
 0.88444 0.0763242 0.0277011 0.0115352 0
 0.521256 0.241999 0.230069 0.00667565 0
 0.616807 0.101726 0.260614 0.0208532 0
 0.833518 0.0704572 0.0857862 0.0102388 0
 0.697417 0.212968 0.0787535 0.0105354 0.000325836
 0 0 0 0 0
ppred_PELACES
 0.417031 0.0518365 0.505414 0.00831836 0.0174006
 0.475674 0.309787 0.0190763 0.185997 0.00946482
 0.501241 0.323125 0.10377 0.00639001 0.0654739
 0.508789 0.329143 0.104997 0.0337192 0.0233517
 0.505336 0.335121 0.106904 0.0341026 0.0185363
 0.498682 0.337086 0.111263 0.035493 0.0174766
 0.519585 0.32098 0.107204 0.0353852 0.016846
 0.517552 0.332157 0.100415 0.0335374 0.0163399
 0.49128 0.347221 0.111189 0.0336136 0.0166963
 0.487662 0.338223 0.118841 0.0380556 0.0172191
 0.48149 0.340548 0.117482 0.0412795 0.0191998
 0.485103 0.3349 0.118219 0.0407832 0.020995
 0.500465 0.327568 0.111851 0.0394831 0.0206329
 0.511092 0.327321 0.10596 0.0361811 0.0194461
 0.514577 0.329987 0.104063 0.0336873 0.0176852
 0.518661 0.328086 0.104181 0.0328538 0.0162188
 0.526961 0.325074 0.100855 0.0320254 0.0150851
 0.531801 0.324443 0.098789 0.0306495 0.0143168
 0.579757 0.293821 0.0876056 0.0266748 0.0121417
 0.626065 0.277988 0.0670831 0.0200015 0.00886232
 0.622154 0.293901 0.0624051 0.0150594 0.0064796
 0.636216 0.281433 0.0640554 0.0136011 0.0046944
 0.630981 0.290712 0.0605803 0.0137884 0.00393824
 0.573237 0.331995 0.0746584 0.0155578 0.00455242
 0.550246 0.329519 0.0935347 0.0210339 0.00566575
 0.532227 0.333801 0.0981568 0.027862 0.00795326
 0.51952 0.334903 0.103883 0.0305478 0.0111462
 0.521535 0.328611 0.104451 0.0323995 0.0130037
 0.518455 0.331665 0.102938 0.0327193 0.0142226
 0.509014 0.336409 0.106465 0.0330433 0.0150685
 0.507691 0.333115 0.109075 0.0345194 0.0155994
 0.503637 0.335638 0.108753 0.0356099 0.0163624
 0.497945 0.336911 0.111669 0.036183 0.0172916
pobs_pel_tallas
 0 0 0 0 0 0 0 0 0 0 0 0 0 0 0 0 0 0 0 0 0 0 0 0 0 0
 0 0 0 0 0 0 0 0 0 0 0 0 0 0 0 0 0 0 0 0 0 0 0 0 0 0
 0 0 0 0 0 0 0 0 0 0 0 0 0 0 0 0 0 0 0 0 0 0 0 0 0 0
 0 0 0 0 0 0 0 0 0 0 0 0 0 0 0 0 0 0 0 0 0 0 0 0 0 0
 0 0 0 0 0 0 0 0 0 0 0 0 0 0 0 0 0 0 0 0 0 0 0 0 0 0
 0 0 0 0 0 0 0 0 0 0 0 0 0 0 0 0 0 0 0 0 0 0 0 0 0 0
 0 0 0 0 0 0 0 0 0 0 0 0 0 0 0 0 0 0 0 0 0 0 0 0 0 0
 0 0 0 0 0 0 0 0 0 0 0 0 0 0 0 0 0 0 0 0 0 0 0 0 0 0
 0 0 0 0 0 0 0 0 0 0 0 0 0 0 0 0 0 0 0 0 0 0 0 0 0 0
 0 0 0 0 0 0 0 0 0 0 0 0 0 0 0 0 0 0 0 0 0 0 0 0 0 0
 0 0 0 0 0 0 0 0 0 0 0 0 0 0 0 0 0 0 0 0 0 0 0 0 0 0
 0 0 0 0 0 0 0 0 0 0 0 0 0 0 0 0 0 0 0 0 0 0 0 0 0 0
 0.00862536 0 0 0.000197151 0.00414017 0.0128641 0.00837892 0.0270097 0.101434 0.158115 0.152841 0.127902 0.109271 0.109419 0.0830992 0.0579132 0.0238553 0.00714673 0.00463305 0.00128148 0.00103504 0.000492878 0.000147863 0.000147863 4.92878e-05 0
 0 0 0 0 0 0 0 0 0 0 0 0 0 0 0 0 0 0 0 0 0 0 0 0 0 0
 0 0 0 0 0 0 0 0.0054083 0.00873648 0.0413646 0.0450493 0.0745869 0.0622846 0.0627006 0.0613931 0.0827291 0.12552 0.122667 0.0946155 0.0697135 0.0546179 0.0294188 0.0215738 0.0213955 0.0102223 0.00600262
 0 0 0 0 0.00359764 0.0251062 0.0480494 0.140153 0.205849 0.193036 0.1447 0.116669 0.0760912 0.0342217 0.00950174 0.001854 0.000860785 0 0 0 0.000165536 0 0.000143464 0 0 0
 0 0 0 0 0 0 0 0.000145254 0.000435761 0.0275982 0.070085 0.0708112 0.156366 0.174668 0.174014 0.160142 0.0824315 0.0480064 0.0283245 0.00493863 0.00203355 0 0 0 0 0
 0 0 0 0 0 0 0 0 0 0 0 0 0 0 0 0 0 0 0 0 0 0 0 0 0 0
 0 0 1.00437e-05 0.000401748 0.00122533 0.00171747 0.00176769 0.0269171 0.070346 0.194647 0.189555 0.159765 0.064822 0.0314167 0.0384472 0.0292271 0.0345202 0.0313363 0.0194345 0.0106764 0.0143323 0.0359363 0.0279516 0.0138201 0.00172751 0
 0 0.0021121 0.0136068 0.0755702 0.200478 0.177729 0.0527432 0.0373336 0.0318909 0.0142505 0.0149659 0.0166563 0.0217959 0.0798694 0.0677717 0.0528807 0.04013 0.0224614 0.0357745 0.0225083 0.00881397 0.00855152 0.00135912 0.000746735 0 0
 0 0 0 0 5.4009e-05 0.00500934 0.000945158 0.0243581 0.138947 0.33067 0.221406 0.137944 0.0707744 0.0437923 0.0131692 0.00525238 0.0047753 0.00276346 9.45158e-05 9.00151e-06 2.25038e-05 9.00151e-06 4.50075e-06 0 0 0
 0.000866109 0.00284123 0.00948549 0.0512746 0.133035 0.25785 0.225252 0.132002 0.0553304 0.0519788 0.0540692 0.017754 0.00435017 0.00159236 0.00146478 0.000404838 0.000125132 0.000115318 0.000107957 0.000100596 0 0 0 0 0 0
 0 0 0 0 0.00144013 0.00171154 0.00461396 0.0210425 0.0478622 0.0707936 0.0888783 0.103762 0.0637923 0.0337046 0.0602308 0.124433 0.169614 0.0934646 0.0462172 0.0250306 0.0313229 0.00938855 0.002487 0.000210481 0 0
 0 0.00764035 0.051015 0.0998891 0.058973 0.0496711 0.0374665 0.0718981 0.12319 0.153886 0.159021 0.0857701 0.0377988 0.023471 0.0147837 0.00900784 0.00315554 0.000888139 0.00291439 0.00214683 0.00393193 0.00274676 0.000635225 9.99891e-05 0 0
 0 0 0 0 0 0 0 0 0 0 0 0 0 0 0 0 0 0 0 0 0 0 0 0 0 0
 0 0 0 0 0 0 0 0 0 0 0 0 0 0 0 0 0 0 0 0 0 0 0 0 0 0
 0 0 0 0 0 0 0 0 0 0 0 0 0 0 0 0 0 0 0 0 0 0 0 0 0 0
 0 0 0 0 0 0 0 0 0 0 0 0 0 0 0 0 0 0 0 0 0 0 0 0 0 0
 0 0 0 0 0 0 0 0 0 0 0 0 0 0 0 0 0 0 0 0 0 0 0 0 0 0
 0 0 0 0 0 0 0 0 0 0 0 0 0 0 0 0 0 0 0 0 0 0 0 0 0 0
 0 0 0 0 0 0 0 0 0 0 0 0 0 0 0 0 0 0 0 0 0 0 0 0 0 0
 0 0 0 0 0 0 0 0 0 0 0 0 0 0 0 0 0 0 0 0 0 0 0 0 0 0
 0 0 0 0 0 0 0 0 0 0 0 0 0 0 0 0 0 0 0 0 0 0 0 0 0 0
ppred_pel_tallas
 1.18378e-16 3.43503e-05 0.000333897 0.00221886 0.0100866 0.0313833 0.0668657 0.0975936 0.0975993 0.0668942 0.0314814 0.0103799 0.00299213 0.00214449 0.00383126 0.00721144 0.0125491 0.0202744 0.0306782 0.0436274 0.0581705 0.072272 0.0830742 0.0878258 0.0850759 0.0754021
 1.20885e-16 3.91807e-05 0.000380851 0.00253089 0.0115051 0.0357967 0.0762697 0.111324 0.111354 0.0764158 0.0362872 0.0129222 0.00609044 0.00815993 0.0148417 0.0245604 0.03561 0.0453534 0.0512283 0.0522934 0.0499041 0.0468315 0.0454624 0.0464376 0.0485719 0.0498291
 1.14799e-16 4.12867e-05 0.000401321 0.00266692 0.0121235 0.0377207 0.0803692 0.117308 0.117339 0.0805219 0.0382338 0.0136067 0.00639518 0.00855708 0.015581 0.0258276 0.0375229 0.0478787 0.0540892 0.0549084 0.0513837 0.0460732 0.0413896 0.0383746 0.036626 0.035061
 1.10448e-16 4.19083e-05 0.000407364 0.00270708 0.012306 0.0382887 0.0815793 0.119074 0.119106 0.0817349 0.0388113 0.0138169 0.00650469 0.00871467 0.0158697 0.0263037 0.0382062 0.0487257 0.0549815 0.055663 0.0517757 0.0458509 0.0402832 0.0361212 0.0330322 0.0300943
 1.09728e-16 4.16239e-05 0.000404599 0.00268871 0.0122225 0.0380289 0.0810258 0.118266 0.118299 0.0811841 0.038561 0.0137607 0.00655499 0.00886183 0.0161541 0.0267741 0.0388823 0.0495706 0.0558966 0.0565137 0.0524322 0.0462195 0.0403148 0.035803 0.032381 0.0291583
 1.09815e-16 4.10758e-05 0.000399272 0.0026533 0.0120615 0.0375281 0.0799588 0.116709 0.116742 0.0801182 0.0380635 0.0136092 0.00654362 0.00891003 0.0162583 0.0269552 0.0391617 0.0499605 0.0563976 0.0571188 0.0531304 0.0469941 0.0411358 0.036622 0.0331365 0.0297917
 1.09576e-16 4.27976e-05 0.000416008 0.00276452 0.0125671 0.0391011 0.0833103 0.1216 0.121631 0.083462 0.039611 0.014041 0.00646957 0.00852191 0.0154899 0.0256789 0.0373156 0.0476236 0.0537951 0.0545444 0.0508298 0.0450851 0.0396075 0.0353961 0.0321331 0.028962
 1.09112e-16 4.26301e-05 0.00041438 0.0027537 0.0125179 0.0389481 0.0829843 0.121125 0.121157 0.0831413 0.0394754 0.0140419 0.00658367 0.00879072 0.0159967 0.0264997 0.0384572 0.0489733 0.0551195 0.0555555 0.0512901 0.0448923 0.038817 0.0341797 0.0307095 0.0275339
 1.09494e-16 4.04662e-05 0.000393346 0.00261392 0.0118825 0.0369711 0.0787721 0.114977 0.115011 0.0789362 0.0375224 0.0134763 0.00661965 0.00915546 0.0167333 0.0277365 0.0402756 0.0513352 0.0578602 0.0584461 0.0541294 0.0475636 0.0412776 0.0364101 0.0326751 0.0291856
 1.10247e-16 4.01681e-05 0.000390449 0.00259467 0.011795 0.0366988 0.078192 0.11413 0.114163 0.0783519 0.0372362 0.0133488 0.00650089 0.00893791 0.016333 0.0270954 0.0394 0.0503361 0.0569545 0.0579013 0.0541726 0.0483021 0.0426701 0.0382921 0.0348154 0.0313471
 1.10867e-16 3.96598e-05 0.000385507 0.00256183 0.0116457 0.0362344 0.0772024 0.112686 0.112719 0.0773634 0.0367754 0.0132101 0.00649451 0.00899067 0.016442 0.0272766 0.0396623 0.0506711 0.057339 0.0583131 0.054611 0.0487983 0.0432785 0.0390645 0.0357728 0.0324621
 1.11141e-16 3.99573e-05 0.0003884 0.00258105 0.0117331 0.0365062 0.0777816 0.113531 0.113564 0.07794 0.0370384 0.0132718 0.0064496 0.008854 0.0161785 0.0268441 0.0390477 0.0499164 0.0565431 0.0576029 0.0540956 0.0485349 0.0432658 0.0392614 0.0361224 0.0329076
 1.10763e-16 4.12227e-05 0.0004007 0.00266279 0.0121047 0.0376623 0.0802447 0.117126 0.117158 0.0803996 0.0381827 0.0136093 0.00644526 0.008677 0.0158162 0.0262323 0.0381411 0.0487235 0.05513 0.0560635 0.0525106 0.0469489 0.0416982 0.0377344 0.0346792 0.0316075
 1.10061e-16 4.2098e-05 0.000409208 0.00271933 0.0123617 0.038462 0.0819485 0.119613 0.119645 0.0821032 0.0389818 0.0138644 0.00649651 0.00867222 0.0157866 0.0261683 0.038016 0.048496 0.0547443 0.0554549 0.0516189 0.045739 0.0401798 0.0359722 0.0327856 0.0297199
 1.09459e-16 4.23851e-05 0.000411998 0.00273787 0.012446 0.0387243 0.0825074 0.120429 0.120461 0.0826633 0.0392482 0.0139605 0.00654448 0.00873838 0.0159047 0.026356 0.0382695 0.0487776 0.0549805 0.0555511 0.0514857 0.0453176 0.0394562 0.0349779 0.0315904 0.0284187
 1.0913e-16 4.27215e-05 0.000415268 0.0027596 0.0125448 0.0390316 0.0831621 0.121384 0.121416 0.0833172 0.0395525 0.0140506 0.00654439 0.008694 0.0158144 0.0262056 0.0380511 0.0484983 0.0546618 0.0552177 0.0511503 0.0449722 0.0390759 0.0345352 0.031071 0.0278317
 1.08759e-16 4.34052e-05 0.000421914 0.00280377 0.0127455 0.0396562 0.084493 0.123327 0.123358 0.0846466 0.0401723 0.0142372 0.00655286 0.00862189 0.015663 0.025948 0.0376646 0.04798 0.0540287 0.0544956 0.0503584 0.0441164 0.0381573 0.0335649 0.0300791 0.0268646
 1.08431e-16 4.38038e-05 0.000425789 0.00282952 0.0128626 0.0400205 0.085269 0.124459 0.124491 0.0854223 0.0405354 0.0143512 0.00657051 0.00860746 0.0156268 0.0258824 0.0375581 0.0478201 0.0538023 0.0541872 0.0499511 0.0435966 0.0375224 0.0328305 0.0292811 0.0260533
 1.07334e-16 4.77539e-05 0.000464184 0.00308467 0.0140225 0.0436293 0.0929579 0.135681 0.135709 0.0930967 0.0440956 0.0153703 0.00647177 0.00787129 0.0141538 0.0234252 0.0339808 0.043242 0.0486066 0.0488772 0.0449385 0.0390646 0.0334428 0.0290906 0.0258092 0.0228672
 1.05513e-16 5.15682e-05 0.000501262 0.00333106 0.0151425 0.0471142 0.100383 0.146517 0.146544 0.100514 0.0475548 0.0164157 0.00652938 0.00749115 0.0133501 0.0220508 0.0319067 0.0404349 0.0451357 0.0448579 0.0404606 0.0341698 0.0281725 0.0235608 0.0202447 0.0175658
 1.04483e-16 5.12461e-05 0.00049813 0.00331025 0.0150479 0.0468199 0.0997558 0.145602 0.145631 0.0998944 0.0472854 0.0163929 0.0066879 0.00787724 0.0140823 0.0232437 0.0335818 0.0424478 0.0471702 0.0465122 0.0413846 0.034178 0.0272767 0.0219273 0.0181218 0.0152195
 1.04079e-16 5.24044e-05 0.000509389 0.00338507 0.0153881 0.0478781 0.10201 0.148893 0.14892 0.102143 0.048324 0.0166764 0.00662079 0.00757934 0.0134981 0.0222809 0.0322052 0.0407371 0.0453205 0.044766 0.0399308 0.0330796 0.0264691 0.0212775 0.0175012 0.0145542
 1.03872e-16 5.19732e-05 0.000505198 0.00335722 0.0152614 0.0474842 0.101171 0.147668 0.147696 0.101308 0.0479445 0.0165916 0.00669756 0.00780232 0.0139256 0.0229789 0.0331889 0.0419284 0.046547 0.0458131 0.0406226 0.033341 0.0263374 0.0208654 0.0169442 0.0139682
 1.04571e-16 4.72168e-05 0.000458964 0.00304998 0.0138648 0.0431387 0.0919127 0.134156 0.134188 0.0920693 0.0436646 0.0153844 0.00686661 0.00879788 0.0159054 0.026275 0.0379737 0.0480206 0.0533975 0.052698 0.0469322 0.0387741 0.0308936 0.024691 0.0201751 0.0166648
 1.05852e-16 4.53231e-05 0.000440557 0.00292766 0.0133087 0.0414086 0.0882265 0.128776 0.128808 0.0883821 0.0419312 0.0148194 0.00672334 0.00873891 0.0158417 0.0262129 0.0379786 0.0482251 0.0539978 0.0539164 0.04895 0.0416574 0.0345459 0.0288575 0.0245001 0.0207808
 1.07059e-16 4.38389e-05 0.00042613 0.00283179 0.0128729 0.0400526 0.0853374 0.124559 0.124591 0.0854951 0.0405822 0.0144038 0.00667872 0.00883802 0.0160608 0.0265908 0.0385559 0.0490233 0.0550208 0.0551697 0.0504597 0.0434704 0.0367021 0.0313503 0.0272489 0.0236341
 1.08034e-16 4.27922e-05 0.000415955 0.00276417 0.0125655 0.0390962 0.0832999 0.121585 0.121618 0.0834581 0.0396278 0.0141022 0.00662615 0.00886242 0.0161306 0.0267216 0.0387774 0.049373 0.0555445 0.0559218 0.0514972 0.0448377 0.0384095 0.0333563 0.0294573 0.0259086
 1.08549e-16 4.29582e-05 0.000417569 0.0027749 0.0126143 0.0392479 0.083623 0.122057 0.122089 0.0837783 0.0397696 0.0141225 0.00656556 0.00870895 0.0158381 0.026243 0.0381005 0.0485499 0.0546946 0.0552002 0.0510436 0.0447348 0.0386707 0.0339393 0.0302854 0.0268886
 1.08744e-16 4.27045e-05 0.000415103 0.00275851 0.0125398 0.0390161 0.0831292 0.121336 0.121368 0.0832859 0.0395426 0.0140617 0.00658357 0.0087812 0.0159786 0.0264728 0.0384253 0.0489459 0.0551093 0.0555712 0.0513261 0.0449218 0.038794 0.0340515 0.0304363 0.0271061
 1.09023e-16 4.19269e-05 0.000407544 0.00270828 0.0123115 0.0383057 0.0816155 0.119127 0.11916 0.0817744 0.0388398 0.0138554 0.00658881 0.00889548 0.0162114 0.0268647 0.0390035 0.0497015 0.0559957 0.0565236 0.0522906 0.0458717 0.0397243 0.0349599 0.0313083 0.027914
 1.09335e-16 4.18179e-05 0.000406485 0.00270124 0.0122795 0.0382061 0.0814033 0.118817 0.11885 0.0815608 0.0387351 0.0138088 0.00654528 0.00881566 0.0160644 0.026629 0.0386808 0.0493318 0.0556576 0.0563148 0.052295 0.0461311 0.0402275 0.0356516 0.0321081 0.0287372
 1.09565e-16 4.1484e-05 0.000403239 0.00267967 0.0121814 0.037901 0.0807533 0.117869 0.117901 0.080912 0.038434 0.0137222 0.00655252 0.00887527 0.0161834 0.026826 0.0389646 0.0496894 0.056055 0.0567108 0.0526617 0.0464667 0.0405539 0.0359988 0.0324967 0.0291673
 1.09864e-16 4.10151e-05 0.000398682 0.00264938 0.0120437 0.0374727 0.0798407 0.116537 0.116569 0.0799999 0.0380077 0.0135907 0.00653791 0.00890568 0.0162515 0.0269453 0.0391505 0.0499526 0.0564012 0.0571437 0.0531855 0.0470847 0.0412607 0.0367735 0.0333017 0.0299552
pSPR Fmed_Fpbrs
0.601426   0.287053 0.287053
Fs Fmed_Fpbrs
0.34   1.005 1.005
SSBpbr Bo_Bmed_Bpbrs
3.34683e+06  1.84553e+06  793378 793378
Ro
317009
SPR SPRFo_SPRFmed_SPRFpbrs
2.28384e+06 1.37356e+06 655583
Fref
1.005
Nvult_r0
 246451 97815.7 32421.1 10505.1 5020.3
CTP_r0
 82423.7 49029.8 16251 5265.63 2516.41
YTP_r0
2.12183e+06
Np
 317009 70557.6 14739.7 4933.04 1855.24
Nvult_p0
 246451 61056.3 12754.9 4268.76 1605.41
CTP_p0
 82423.7 47477.6 15889.6 5266.63 2259.53
 82423.7 30604.3 6393.35 2139.7 804.707
YTP_p0
 2.07702e+06 1.40479e+06
CBA_c0
2.10839e+06
log_Ro
12.4867
likeval ReclasPelacesDesembMPH_pf_preclas_ppelaces_ptallas_desvR_qrecl_qpela
 125.981 55.4403 9.37632 0.00747507 258.62 176.295 118.43 0 0 0 0 46.0913 0 0 0
q_reclas_q_pelaces
1 1
M
1
N
 317009 20609.5 200946 3307.27 6918.24
 317009 110462 6802.1 66321.5 3374.9
 317009 107482 34517.1 2125.52 21778.7
 317009 109725 35002.6 11240.9 7784.68
 317009 107481 34286.6 10937.5 5945.04
 317009 113534 37474.6 11954.4 5886.3
 317009 108756 36323.3 11989.4 5707.84
 317009 102766 31067.2 10376.1 5055.38
 317009 115200 36889.9 11152.2 5539.46
 317009 112760 39620.2 12687.4 5740.69
 317009 113106 39019.5 13710.2 6376.84
 317009 115381 40729.1 14050.7 7233.24
 317009 109409 37358.7 13187.5 6891.47
 317009 109386 35410.5 12091.2 6498.62
 317009 106582 33611.2 10880.6 5712.11
 317009 110144 34975.2 11029.6 5444.94
 317009 104136 32308.4 10259.2 4832.45
 317009 108098 32914.5 10211.8 4770.05
 317009 101972 30403.9 9257.6 4213.83
 317009 87489.4 21112.7 6294.95 2789.18
 317009 89724.4 19051.5 4597.45 1978.14
 317009 93781.8 21345.2 4532.3 1564.31
 317009 82148.2 17118.6 3896.27 1112.85
 317009 101204 22758.5 4742.56 1387.74
 317009 103691 29433 6618.84 1782.87
 317009 104843 30829.8 8751.11 2498.02
 317009 109380 33928.4 9976.93 3640.36
 317009 107434 34148.3 10592.4 4251.32
 317009 106803 33148.1 10536.3 4579.97
 317009 109548 34669.1 10760.2 4906.87
 317009 110503 36182.9 11451 5174.71
 317009 108404 35124.9 11501.2 5284.71
 317009 113037 37466.3 12139.8 5801.53
pred_Ctot
 10630.5 1351.7 13179.3 216.911 453.741
 15808.8 10656 656.185 6397.9 325.57
 11908 7875.14 2529.05 155.736 1595.72
 15809.9 10585.7 3376.86 1084.46 751.024
 5315.83 3564.75 1137.16 362.757 197.175
 13591.5 9460.77 3122.75 996.159 490.504
 24054.5 15684.3 5238.39 1729.06 823.16
 2443.47 1576.15 476.487 159.142 77.5359
 6652.3 4767.94 1526.81 461.572 229.269
 6054.38 4252.82 1494.3 478.512 216.514
 2133.18 1515.44 522.797 183.694 85.4391
 12456.9 8833.26 3118.12 1075.69 553.759
 12496.5 8402.01 2868.94 1012.73 529.227
 17377.1 11560.4 3742.32 1277.85 686.8
 11181 7343.74 2315.88 749.697 393.577
 21652.2 14372.2 4563.75 1439.2 710.484
 14736.4 9385.74 2911.95 924.659 435.547
 25449 16443.7 5006.89 1553.4 725.612
 51239.5 29514.2 8799.93 2679.47 1219.63
 47212.3 23542.1 5681.11 1693.88 750.528
 39947.3 20758.6 4407.75 1063.66 457.662
 60941.7 31588.6 7189.72 1526.62 526.91
 26799.6 13121.1 2734.27 622.332 177.751
 22431 13657.7 3071.32 640.021 187.279
 20415.3 12791.1 3630.79 816.485 219.931
 12508 8058.58 2369.69 672.642 192.007
 15892.8 10605.8 3289.81 967.396 352.981
 16991.9 11111.5 3531.84 1095.54 439.698
 12216.1 8022.62 2489.96 791.446 344.03
 10559 7137.6 2258.87 701.08 319.708
 14204 9610.64 3146.89 995.913 450.054
 6173.36 4167.82 1350.45 442.191 203.182
 12370.7 8595.61 2849.02 923.138 441.161
F
 0.0542603 0.108521 0.108521 0.108521 0.108521
 0.0816071 0.163214 0.163214 0.163214 0.163214
 0.0609493 0.121899 0.121899 0.121899 0.121899
 0.081613 0.163226 0.163226 0.163226 0.163226
 0.0268261 0.0536523 0.0536523 0.0536523 0.0536523
 0.0698212 0.139642 0.139642 0.139642 0.139642
 0.126477 0.252955 0.252955 0.252955 0.252955
 0.0122563 0.0245126 0.0245126 0.0245126 0.0245126
 0.0336661 0.0673323 0.0673323 0.0673323 0.0673323
 0.0306012 0.0612023 0.0612023 0.0612023 0.0612023
 0.0106929 0.0213858 0.0213858 0.0213858 0.0213858
 0.0638346 0.127669 0.127669 0.127669 0.127669
 0.0640431 0.128086 0.128086 0.128086 0.128086
 0.0900135 0.180027 0.180027 0.180027 0.180027
 0.057138 0.114276 0.114276 0.114276 0.114276
 0.113232 0.226463 0.226463 0.226463 0.226463
 0.0758925 0.151785 0.151785 0.151785 0.151785
 0.134233 0.268467 0.268467 0.268467 0.268467
 0.287411 0.574822 0.574822 0.574822 0.574822
 0.262186 0.524372 0.524372 0.524372 0.524372
 0.217958 0.435916 0.435916 0.435916 0.435916
 0.350403 0.700807 0.700807 0.700807 0.700807
 0.141793 0.283586 0.283586 0.283586 0.283586
 0.11751 0.23502 0.23502 0.23502 0.23502
 0.106468 0.212936 0.212936 0.212936 0.212936
 0.0641039 0.128208 0.128208 0.128208 0.128208
 0.0820559 0.164112 0.164112 0.164112 0.164112
 0.0879434 0.175887 0.175887 0.175887 0.175887
 0.062568 0.125136 0.125136 0.125136 0.125136
 0.0538872 0.107774 0.107774 0.107774 0.107774
 0.0730655 0.146131 0.146131 0.146131 0.146131
 0.0312104 0.0624209 0.0624209 0.0624209 0.0624209
 0.0633815 0.126763 0.126763 0.126763 0.126763
YTP_r0W_actual
 621475 855570 391161 164919 88703.4
YTP_p0W_proyectada
 621475 828484 382463 164951 79648.3
 621475 534044 153888 67015.4 28365.9
CTP_r0_actual
 82423.7 49029.8 16251 5265.63 2516.41
CTP_p0_proyectada
 82423.7 47477.6 15889.6 5266.63 2259.53
 82423.7 30604.3 6393.35 2139.7 804.707
Wmedp
 7.54 17.45 24.07 31.32 35.25
Frms_r0
 0.5025 1.005 1.005 1.005 1.005
Zrms_r0
 1.5025 2.005 2.005 2.005 2.005
nmprior
 7.29 8.9 8.7 0
nm_flota  nm_reclas  nm_pelaces    nm_pelaL
inf 4.27886 7.44665 16.6244
cv_recla  cv_pelaces  cv_mph
0.972039 0.815649 2.3107
 ------------------------------------------------
Talla a la edad & desviaci?n 
 8 13.2811 15.8009 17.003 17.5766
 0.8 1.32811 1.58009 1.7003 1.75766
