years
 1991 1992 1993 1994 1995 1996 1997 1998 1999 2000 2001 2002 2003 2004 2005 2006 2007 2008 2009 2010 2011 2012 2013 2014 2015 2016 2017 2018 2019 2020 2021 2022
reclasobs
 0 0 0 0 0 0 0 0 0 252601 567819 844713 477998 351125 339783 2.1784e+06 2.13404e+06 4.81314e+06 1.55562e+06 2.62356e+06 3.21686e+06 3.843e+06 1.13348e+06 3.07943e+06 1.97215e+06 2.03268e+06 2.025e+06 2.42433e+06 2.27542e+06 1.05018e+06 2.36338e+06 3.18982e+06
reclaspred
 3.30601e+06 1.8109e+06 918582 921607 924471 1.53029e+06 868732 763648 546663 376563 501805 673345 653826 487899 490408 1.361e+06 1.23084e+06 3.11445e+06 2.47141e+06 1.80266e+06 3.11331e+06 2.54636e+06 1.96111e+06 3.06475e+06 2.27866e+06 2.02624e+06 2.42204e+06 2.67428e+06 2.17817e+06 1.48085e+06 2.04222e+06 2.2227e+06
pelacesobs
 0 0 0 0 0 0 0 0 0 0 0 0 0 0 0 552880 188675 0 991730 2.46772e+06 1.41603e+06 1.21717e+06 2.29649e+06 1.80582e+06 0 1.4828e+06 1.56532e+06 1.57751e+06 1.42118e+06 867257 1.10002e+06 1.06204e+06
pelacespred
 1.80101e+06 1.08178e+06 537492 444260 479205 822450 406994 476715 313961 200142 287739 318736 342240 261697 273896 642279 583283 1.73984e+06 1.39094e+06 926974 1.60748e+06 1.37646e+06 1.08083e+06 1.88043e+06 1.32665e+06 1.18642e+06 1.62473e+06 1.60896e+06 1.18297e+06 921441 1.08013e+06 1.21284e+06
mphobs
 0 0 0 0 0 0 0 0 0 0 0 0 498337 0 5186 125008 0 168611 109162 213762 579715 649985 157893 87575 83554 210694 70296 0 107559 103333 445601 22526
mphpred
 2.2751e+06 1.51344e+06 730900 405245 434900 510508 672860 367641 337265 217312 135950 269866 287891 232507 144583 188677 687349 614816 1.39008e+06 978724 1.03398e+06 1.25833e+06 1.20881e+06 973262 1.3822e+06 1.13916e+06 937471 1.00411e+06 1.47493e+06 999308 656951 1.17614e+06
desembarqueobs
 494567 514787 250237 358949 120608 361735 552515 73892 212993 205616 52469 317467 293654 387597 252695 516296 358380 742168 942051 627588 828172 859565 418607 520667 417249 300574 415391 372974 316634 284311 391294 218835
desembarquepred
 494570 513852 250674 358984 120614 361745 552547 73897.1 213053 205671 52471.7 317531 293695 387591 252674 516226 358403 742017 941755 627376 828252 859552 418609 520693 417240 300571 415385 372946 316619 284304 391252 218838
Reclutas
 173096 96025.6 98986.9 147620 120448 211301 85373.9 37839.4 36278.6 48129.4 91518.4 128933 106487 75882.1 71578.8 384754 76565.9 620858 339299 273137 374911 522752 103969 300878 258797 116128 255039 299099 94986.3 87277.6 244413 102208
log_desv_Rt
 0.183882 -0.40535 -0.374977 0.0246786 -0.178744 0.383321 -0.522924 -1.33661 -1.37874 -1.09607 -0.453425 -0.110668 -0.301944 -0.640783 -0.699165 0.982639 -0.631813 1.46114 0.856916 0.640007 0.956723 1.28914 -0.325875 0.73674 0.586078 -0.215273 0.571453 0.730811 -0.416232 -0.500871 0.528896 -0.342957
SSB
 2.2751e+06 1.51344e+06 730900 405245 434900 510508 672860 367641 337265 217312 135950 269866 287891 232507 144583 188677 687349 614816 1.39008e+06 978724 1.03398e+06 1.25833e+06 1.20881e+06 973262 1.3822e+06 1.13916e+06 937471 1.00411e+06 1.47493e+06 999308 656951 1.17614e+06
BT
 3.1663e+06 2.155e+06 1.06376e+06 974885 825968 1.5617e+06 1.11404e+06 792355 690753 502090 483935 750406 787415 800737 670733 1.39736e+06 1.16946e+06 3.3099e+06 3.02233e+06 1.97493e+06 3.12392e+06 2.89665e+06 2.01137e+06 3.35442e+06 2.41051e+06 2.07558e+06 2.90399e+06 2.80252e+06 2.06599e+06 1.68237e+06 1.97967e+06 2.02171e+06
Ftot
 0.187581 0.346139 0.339934 0.529899 0.177534 0.338181 0.774611 0.130569 0.516467 0.714738 0.160008 0.649709 0.613436 1.06372 0.757106 0.594809 0.376187 0.364391 0.509292 0.471894 0.372164 0.468503 0.273993 0.248485 0.245292 0.195766 0.247884 0.206529 0.181697 0.24767 0.284115 0.128966
BD_Bspro_t
 0.97055 0.796904 0.602297 0.505679 0.494596 0.583198 0.572794 0.381113 0.443042 0.384922 0.342795 0.593671 0.471232 0.373052 0.261337 0.317253 0.511543 0.471236 0.602338 0.486988 0.454545 0.50083 0.520155 0.50546 0.622803 0.633033 0.640693 0.681941 0.74226 0.668444 0.609019 0.700351
BD_Bspro
 2.19459 1.45989 0.705036 0.390905 0.419511 0.492443 0.649051 0.354632 0.325331 0.209622 0.13114 0.260317 0.277704 0.22428 0.139467 0.182 0.663026 0.59306 1.3409 0.944091 0.997396 1.2138 1.16604 0.938822 1.33329 1.09885 0.904298 0.968578 1.42274 0.963947 0.633704 1.13452
BD_Bo
 1.46802 0.976559 0.471618 0.261487 0.280622 0.329408 0.434167 0.237223 0.217622 0.140222 0.0877229 0.174133 0.185764 0.150027 0.0932929 0.121745 0.443516 0.396714 0.896961 0.631528 0.667185 0.811946 0.779995 0.628004 0.891876 0.735048 0.60491 0.647908 0.95171 0.64481 0.423902 0.758914
BD_Brms
 7.71221 5.13033 2.47763 1.37371 1.47424 1.73054 2.28089 1.24625 1.14327 0.736653 0.46085 0.914803 0.975904 0.788162 0.490112 0.639583 2.33 2.08413 4.71216 3.31772 3.50504 4.26554 4.09768 3.2992 4.68545 3.86155 3.17788 3.40377 4.99979 3.38749 2.22696 3.98694
Sel_flota
 0.68377 0.976237 0.998721 0.999933 0.999996
 0.68377 0.976237 0.998721 0.999933 0.999996
 0.68377 0.976237 0.998721 0.999933 0.999996
 0.68377 0.976237 0.998721 0.999933 0.999996
 0.68377 0.976237 0.998721 0.999933 0.999996
 0.68377 0.976237 0.998721 0.999933 0.999996
 0.68377 0.976237 0.998721 0.999933 0.999996
 0.68377 0.976237 0.998721 0.999933 0.999996
 0.68377 0.976237 0.998721 0.999933 0.999996
 0.68377 0.976237 0.998721 0.999933 0.999996
 0.68377 0.976237 0.998721 0.999933 0.999996
 0.68377 0.976237 0.998721 0.999933 0.999996
 0.68377 0.976237 0.998721 0.999933 0.999996
 0.68377 0.976237 0.998721 0.999933 0.999996
 0.68377 0.976237 0.998721 0.999933 0.999996
 0.68377 0.976237 0.998721 0.999933 0.999996
 0.68377 0.976237 0.998721 0.999933 0.999996
 0.68377 0.976237 0.998721 0.999933 0.999996
 0.68377 0.976237 0.998721 0.999933 0.999996
 0.68377 0.976237 0.998721 0.999933 0.999996
 0.68377 0.976237 0.998721 0.999933 0.999996
 0.68377 0.976237 0.998721 0.999933 0.999996
 0.68377 0.976237 0.998721 0.999933 0.999996
 0.68377 0.976237 0.998721 0.999933 0.999996
 0.68377 0.976237 0.998721 0.999933 0.999996
 0.68377 0.976237 0.998721 0.999933 0.999996
 0.68377 0.976237 0.998721 0.999933 0.999996
 0.68377 0.976237 0.998721 0.999933 0.999996
 0.68377 0.976237 0.998721 0.999933 0.999996
 0.68377 0.976237 0.998721 0.999933 0.999996
 0.68377 0.976237 0.998721 0.999933 0.999996
 0.68377 0.976237 0.998721 0.999933 0.999996
Sel_reclas
 1 1 1 1 1
 1 1 1 1 1
 1 1 1 1 1
 1 1 1 1 1
 1 1 1 1 1
 1 1 1 1 1
 1 1 1 1 1
 1 1 1 1 1
 1 1 1 1 1
 1 1 1 1 1
 1 1 1 1 1
 1 1 1 1 1
 1 1 1 1 1
 1 1 1 1 1
 1 1 1 1 1
 1 1 1 1 1
 1 1 1 1 1
 1 1 1 1 1
 1 1 1 1 1
 1 1 1 1 1
 1 1 1 1 1
 1 1 1 1 1
 1 1 1 1 1
 1 1 1 1 1
 1 1 1 1 1
 1 1 1 1 1
 1 1 1 1 1
 1 1 1 1 1
 1 1 1 1 1
 1 1 1 1 1
 1 1 1 1 1
 1 1 1 1 1
Sel_pelaces
 1 1 1 1 1
 1 1 1 1 1
 1 1 1 1 1
 1 1 1 1 1
 1 1 1 1 1
 1 1 1 1 1
 1 1 1 1 1
 1 1 1 1 1
 1 1 1 1 1
 1 1 1 1 1
 1 1 1 1 1
 1 1 1 1 1
 1 1 1 1 1
 1 1 1 1 1
 1 1 1 1 1
 1 1 1 1 1
 1 1 1 1 1
 1 1 1 1 1
 1 1 1 1 1
 1 1 1 1 1
 1 1 1 1 1
 1 1 1 1 1
 1 1 1 1 1
 1 1 1 1 1
 1 1 1 1 1
 1 1 1 1 1
 1 1 1 1 1
 1 1 1 1 1
 1 1 1 1 1
 1 1 1 1 1
 1 1 1 1 1
 1 1 1 1 1
pf_obs 
 0.8446 0.082 0.0669 0.0065 0
 0.8095 0.147 0.0364 0.0071 0
 0.9664 0.0169 0.016 0.0007 0
 0.9276 0.0648 0.0075 0.0001 0
 0.7033 0.2144 0.0806 0.0017 0
 0.9318 0.0425 0.0243 0.0014 0
 0.5671 0.3108 0.0964 0.0239 0.0018
 0.0768 0.2599 0.5324 0.112 0.0189
 0.490249 0.384438 0.106611 0.0170017 0.00170017
 0.7925 0.1577 0.0466 0.003 0.0002
 0.840416 0.127587 0.0312969 0.00059994 9.999e-05
 0.8084 0.0986 0.0794 0.0134 0.0002
 0.7335 0.1905 0.0724 0.0035 0.0001
 0.4001 0.4547 0.1325 0.0127 0
 0.49795 0.308269 0.164784 0.0264974 0.00249975
 0.9179 0.0499 0.0305 0.0017 0
 0.2467 0.6533 0.0926 0.0074 0
 0.9418 0.0223 0.034 0.0019 0
 0.707729 0.231977 0.0356964 0.0245975 0
 0.517169 0.277429 0.184464 0.0207286 0.00020938
 0.811772 0.124168 0.05621 0.00726502 0.000585176
 0.764997 0.148141 0.077277 0.00933861 0.000247198
 0.163321 0.427699 0.378323 0.0303852 0.000271297
 0.753843 0.0900009 0.118128 0.0371064 0.000921714
 0.721811 0.176058 0.0630433 0.0369309 0.00215725
 0.143369 0.312575 0.442814 0.0836902 0.0175525
 0.692698 0.0596174 0.167031 0.0765114 0.00414204
 0.394062 0.376323 0.152708 0.0712218 0.00568511
 0.125707 0.32114 0.495352 0.0537591 0.00404204
 0.23352 0.215282 0.420074 0.123614 0.00750983
 0.796117 0.104755 0.0508955 0.0450114 0.00322123
 0.162477 0.292055 0.404252 0.121198 0.0200186
pf_pred 
 0.454777 0.136626 0.383466 0.0251293 8.76784e-07
 0.407921 0.326386 0.0678 0.185736 0.0121564
 0.568469 0.219777 0.11817 0.0239064 0.0696784
 0.716647 0.188494 0.0489532 0.0256342 0.0202713
 0.645 0.282965 0.0483957 0.0122087 0.0114304
 0.739795 0.188637 0.0573277 0.00957135 0.00466902
 0.460594 0.437044 0.0747515 0.0221229 0.00548747
 0.458109 0.314691 0.185234 0.0306609 0.0113049
 0.53794 0.254308 0.121847 0.070054 0.0158509
 0.714877 0.183922 0.0564423 0.026268 0.0184905
 0.828248 0.137684 0.0222296 0.006608 0.00523099
 0.737675 0.229493 0.0264457 0.00416856 0.00221718
 0.681889 0.259828 0.0511867 0.00571816 0.00137841
 0.640024 0.277985 0.0673443 0.0128664 0.00178086
 0.752815 0.186611 0.0471781 0.0110068 0.00238909
 0.938516 0.0511519 0.0078632 0.00192399 0.000545338
 0.363211 0.611244 0.02136 0.00318609 0.00099892
 0.905622 0.0434885 0.0489005 0.00166349 0.000325449
 0.569494 0.402828 0.0129383 0.0141638 0.000575257
 0.60565 0.264426 0.121801 0.00380069 0.00432301
 0.725741 0.192678 0.0552123 0.0247228 0.00164636
 0.742776 0.205705 0.0364871 0.0101781 0.00485404
 0.305189 0.566577 0.103133 0.0177848 0.00731585
 0.728954 0.106541 0.134775 0.0239178 0.0058131
 0.614985 0.307844 0.0308004 0.0379993 0.00837121
 0.4202 0.406361 0.139387 0.013602 0.0204506
 0.716583 0.145599 0.0972979 0.032573 0.00794703
 0.681377 0.251366 0.0349784 0.0227973 0.00948122
 0.350072 0.491993 0.125252 0.0170087 0.0156751
 0.472296 0.231592 0.225475 0.0560342 0.0146025
 0.788239 0.120732 0.0405191 0.0384733 0.0120366
 0.454011 0.462359 0.0482172 0.0157752 0.0196379
pobs_RECLAS
 0 0 0 0 0
 0 0 0 0 0
 0 0 0 0 0
 0 0 0 0 0
 0 0 0 0 0
 0 0 0 0 0
 0 0 0 0 0
 0 0 0 0 0
 0 0 0 0 0
 0 0 0 0 0
 0.991045 0.00858322 0.000360255 1.14367e-05 0
 0.934742 0.0480273 0.0164251 0.00080598 0
 0.827803 0.169806 0.00239088 0 0
 0.941827 0.0461693 0.0120037 0 0
 0.791401 0.0380133 0.147996 0.0225897 0
 0.846168 0.0940531 0.0597789 0 0
 0.134021 0.677848 0.182769 0.00536245 0
 0.80878 0.0450904 0.141981 0.00414843 0
 0.846168 0.0940531 0.0597789 0 0
 0.905697 0.0802665 0.012482 0.00150086 5.37128e-05
 0.989698 0.0102097 9.19794e-05 0 0
 0.975433 0.0193895 0.00387452 0.00125025 5.28907e-05
 0.303575 0.632131 0.0575291 0.00676475 0
 0.966965 0.00978017 0.0227588 0.000495775 0
 0.843318 0.132988 0.00938335 0.0141283 0.000182051
 0.564624 0.303363 0.111486 0.0197234 0.00080311
 0.826376 0.0876187 0.0782897 0.00655872 0.00115652
 0.89761 0.0855135 0.0140674 0.00269457 0.000114338
 0.34875 0.467042 0.161289 0.0227151 0.000203297
 0.318654 0.224769 0.449479 0.00709798 0
 0.937255 0.0296025 0.0250945 0.00804832 0
 0.456809 0.399803 0.12412 0.0192676 0
ppred_RECLAS
 0.549151 0.114957 0.315256 0.0206339 7.19888e-07
 0.501258 0.277959 0.0563928 0.154292 0.0100977
 0.657871 0.176311 0.0925882 0.0187076 0.0545222
 0.787549 0.1425 0.0361225 0.018891 0.0149378
 0.723684 0.221293 0.0369816 0.00931781 0.00872325
 0.804988 0.142297 0.0422365 0.00704289 0.00343538
 0.557898 0.35993 0.0600296 0.017742 0.00440051
 0.55015 0.263784 0.151733 0.0250848 0.00924837
 0.631015 0.205336 0.0960326 0.0551413 0.0124758
 0.787666 0.138206 0.0413679 0.0192268 0.0135331
 0.874165 0.101343 0.0159884 0.00474688 0.00375746
 0.804797 0.1713 0.0192585 0.00303167 0.00161238
 0.758556 0.198093 0.0380787 0.00424829 0.00102401
 0.72785 0.211438 0.0498785 0.00951595 0.00131702
 0.818279 0.138038 0.0340322 0.00792915 0.00172095
 0.957165 0.0357841 0.00536786 0.00131171 0.000371768
 0.451968 0.526546 0.0179692 0.00267693 0.000839227
 0.933477 0.0310455 0.0340924 0.00115829 0.000226595
 0.658033 0.320487 0.010048 0.0109856 0.000446144
 0.691797 0.208295 0.0936686 0.00291911 0.00332004
 0.79378 0.145912 0.0408323 0.0182607 0.00121595
 0.807949 0.15433 0.026725 0.00744546 0.00355056
 0.388338 0.500935 0.0890752 0.0153414 0.00631034
 0.796858 0.0809942 0.100095 0.0177412 0.00431164
 0.697666 0.242894 0.0237417 0.0292544 0.0064443
 0.511626 0.344673 0.115516 0.0112587 0.0169263
 0.78621 0.111095 0.0725282 0.0242506 0.00591616
 0.755274 0.194032 0.0263804 0.0171723 0.00714134
 0.437329 0.428349 0.106553 0.0144516 0.0133176
 0.565976 0.193008 0.183577 0.0455651 0.0118735
 0.844103 0.0898023 0.0294408 0.0279195 0.0087342
 0.54453 0.387086 0.0394481 0.0128904 0.0160457
pobs_PELACES
 0 0 0 0 0
 0 0 0 0 0
 0 0 0 0 0
 0 0 0 0 0
 0 0 0 0 0
 0 0 0 0 0
 0 0 0 0 0
 0 0 0 0 0
 0 0 0 0 0
 0 0 0 0 0
 0 0 0 0 0
 0 0 0 0 0
 0 0 0 0 0
 0 0 0 0 0
 0 0 0 0 0
 0 0 0 0 0
 0.505614 0.472636 0.0217494 0 0
 0 0 0 0 0
 0.443492 0.261883 0.143347 0.151278 0
 0.227955 0.32914 0.350689 0.0885471 0.00366901
 0.970185 0.0296113 0.000203453 0 0
 0.997202 0.00247181 0.000326279 0 0
 0.445219 0.490057 0.0546422 0.010081 0
 0.90214 0.0892962 0.00764917 0.000914606 0
 0 0 0 0 0
 0.581667 0.319106 0.0959925 0.00289975 0.000334073
 0.762889 0.0836404 0.116647 0.0363945 0.000428098
 0.88444 0.0763242 0.0277011 0.0115352 0
 0.521256 0.241999 0.230069 0.00667565 0
 0.616807 0.101726 0.260614 0.0208532 0
 0.833518 0.0704572 0.0857862 0.0102388 0
 0.697417 0.212968 0.0787535 0.0105354 0.000325836
ppred_PELACES
 0.553887 0.113868 0.311836 0.0204085 7.12021e-07
 0.509904 0.273464 0.0553384 0.151386 0.00990744
 0.665496 0.172597 0.0904099 0.018265 0.0532319
 0.796195 0.136882 0.0345622 0.0180712 0.0142894
 0.727151 0.218575 0.0364794 0.00919062 0.00860414
 0.810166 0.138614 0.0410401 0.00684246 0.00333759
 0.576514 0.345147 0.0572342 0.0169106 0.00419422
 0.553366 0.262004 0.150563 0.0248901 0.00917655
 0.642941 0.199044 0.0927339 0.0532362 0.0120447
 0.799278 0.130895 0.0389724 0.0181083 0.0127456
 0.875879 0.0999853 0.0157555 0.00467745 0.00370249
 0.814551 0.162838 0.0182191 0.00286731 0.00152494
 0.769379 0.189369 0.0362365 0.00404176 0.00097422
 0.748039 0.196101 0.0458967 0.00875256 0.00121134
 0.829087 0.130006 0.0318723 0.00742368 0.00161122
 0.959486 0.0338696 0.0050583 0.00123577 0.00035024
 0.461003 0.517923 0.0176256 0.00262535 0.000823051
 0.935715 0.0300445 0.0329041 0.00111775 0.000218663
 0.66906 0.310228 0.00968962 0.0105917 0.000430141
 0.70166 0.201859 0.0904569 0.00281849 0.00320557
 0.799729 0.141819 0.0395774 0.0176969 0.0011784
 0.814972 0.148789 0.0256761 0.0071519 0.00341054
 0.394726 0.495888 0.0879986 0.0151543 0.00623335
 0.800891 0.079475 0.0980365 0.0173747 0.00422254
 0.702713 0.238927 0.0233115 0.0287215 0.00632687
 0.516454 0.341413 0.114258 0.0111351 0.0167405
 0.790352 0.109041 0.0710559 0.0237559 0.00579546
 0.758999 0.191141 0.0259475 0.0168891 0.00702354
 0.441729 0.425138 0.105611 0.0143229 0.0131989
 0.572091 0.190486 0.180845 0.0448825 0.0116956
 0.847796 0.0877556 0.0287092 0.0272226 0.00851614
 0.547651 0.38449 0.039146 0.0127911 0.0159219
pobs_pel_tallas
 0 0 0 0 0 0 0 0 0 0 0 0 0 0 0 0 0 0 0 0 0 0 0 0 0 0
 0 0 0 0 0 0 0 0 0 0 0 0 0 0 0 0 0 0 0 0 0 0 0 0 0 0
 0 0 0 0 0 0 0 0 0 0 0 0 0 0 0 0 0 0 0 0 0 0 0 0 0 0
 0 0 0 0 0 0 0 0 0 0 0 0 0 0 0 0 0 0 0 0 0 0 0 0 0 0
 0 0 0 0 0 0 0 0 0 0 0 0 0 0 0 0 0 0 0 0 0 0 0 0 0 0
 0 0 0 0 0 0 0 0 0 0 0 0 0 0 0 0 0 0 0 0 0 0 0 0 0 0
 0 0 0 0 0 0 0 0 0 0 0 0 0 0 0 0 0 0 0 0 0 0 0 0 0 0
 0 0 0 0 0 0 0 0 0 0 0 0 0 0 0 0 0 0 0 0 0 0 0 0 0 0
 0 0 0 0 0 0 0 0 0 0 0 0 0 0 0 0 0 0 0 0 0 0 0 0 0 0
 0 0 0 0 0 0 0 0 0 0 0 0 0 0 0 0 0 0 0 0 0 0 0 0 0 0
 0 0 0 0 0 0 0 0 0 0 0 0 0 0 0 0 0 0 0 0 0 0 0 0 0 0
 0 0 0 0 0 0 0 0 0 0 0 0 0 0 0 0 0 0 0 0 0 0 0 0 0 0
 0.00862536 0 0 0.000197151 0.00414017 0.0128641 0.00837892 0.0270097 0.101434 0.158115 0.152841 0.127902 0.109271 0.109419 0.0830992 0.0579132 0.0238553 0.00714673 0.00463305 0.00128148 0.00103504 0.000492878 0.000147863 0.000147863 4.92878e-05 0
 0 0 0 0 0 0 0 0 0 0 0 0 0 0 0 0 0 0 0 0 0 0 0 0 0 0
 0 0 0 0 0 0 0 0.0054083 0.00873648 0.0413646 0.0450493 0.0745869 0.0622846 0.0627006 0.0613931 0.0827291 0.12552 0.122667 0.0946155 0.0697135 0.0546179 0.0294188 0.0215738 0.0213955 0.0102223 0.00600262
 0 0 0 0 0.00359764 0.0251062 0.0480494 0.140153 0.205849 0.193036 0.1447 0.116669 0.0760912 0.0342217 0.00950174 0.001854 0.000860785 0 0 0 0.000165536 0 0.000143464 0 0 0
 0 0 0 0 0 0 0 0.000145254 0.000435761 0.0275982 0.070085 0.0708112 0.156366 0.174668 0.174014 0.160142 0.0824315 0.0480064 0.0283245 0.00493863 0.00203355 0 0 0 0 0
 0 0 0 0 0 0 0 0 0 0 0 0 0 0 0 0 0 0 0 0 0 0 0 0 0 0
 0 0 1.00437e-05 0.000401748 0.00122533 0.00171747 0.00176769 0.0269171 0.070346 0.194647 0.189555 0.159765 0.064822 0.0314167 0.0384472 0.0292271 0.0345202 0.0313363 0.0194345 0.0106764 0.0143323 0.0359363 0.0279516 0.0138201 0.00172751 0
 0 0.0021121 0.0136068 0.0755702 0.200478 0.177729 0.0527432 0.0373336 0.0318909 0.0142505 0.0149659 0.0166563 0.0217959 0.0798694 0.0677717 0.0528807 0.04013 0.0224614 0.0357745 0.0225083 0.00881397 0.00855152 0.00135912 0.000746735 0 0
 0 0 0 0 5.4009e-05 0.00500934 0.000945158 0.0243581 0.138947 0.33067 0.221406 0.137944 0.0707744 0.0437923 0.0131692 0.00525238 0.0047753 0.00276346 9.45158e-05 9.00151e-06 2.25038e-05 9.00151e-06 4.50075e-06 0 0 0
 0.000866109 0.00284123 0.00948549 0.0512746 0.133035 0.25785 0.225252 0.132002 0.0553304 0.0519788 0.0540692 0.017754 0.00435017 0.00159236 0.00146478 0.000404838 0.000125132 0.000115318 0.000107957 0.000100596 0 0 0 0 0 0
 0 0 0 0 0.00144013 0.00171154 0.00461396 0.0210425 0.0478622 0.0707936 0.0888783 0.103762 0.0637923 0.0337046 0.0602308 0.124433 0.169614 0.0934646 0.0462172 0.0250306 0.0313229 0.00938855 0.002487 0.000210481 0 0
 0 0.00764035 0.051015 0.0998891 0.058973 0.0496711 0.0374665 0.0718981 0.12319 0.153886 0.159021 0.0857701 0.0377988 0.023471 0.0147837 0.00900784 0.00315554 0.000888139 0.00291439 0.00214683 0.00393193 0.00274676 0.000635225 9.99891e-05 0 0
 0 0 0 0 0 0 0 0 0 0 0 0 0 0 0 0 0 0 0 0 0 0 0 0 0 0
 0 0 0 0 0 0 0 0 0 0 0 0 0 0 0 0 0 0 0 0 0 0 0 0 0 0
 0 0 0 0 0 0 0 0 0 0 0 0 0 0 0 0 0 0 0 0 0 0 0 0 0 0
 0 0 0 0 0 0 0 0 0 0 0 0 0 0 0 0 0 0 0 0 0 0 0 0 0 0
 0 0 0 0 0 0 0 0 0 0 0 0 0 0 0 0 0 0 0 0 0 0 0 0 0 0
 0 0 0 0 0 0 0 0 0 0 0 0 0 0 0 0 0 0 0 0 0 0 0 0 0 0
 0 0 0 0 0 0 0 0 0 0 0 0 0 0 0 0 0 0 0 0 0 0 0 0 0 0
 0 0 0 0 0 0 0 0 0 0 0 0 0 0 0 0 0 0 0 0 0 0 0 0 0 0
ppred_pel_tallas
 1.11075e-16 4.56229e-05 0.000443471 0.00294702 0.0133967 0.0416823 0.088809 0.129622 0.129633 0.0888651 0.041872 0.0139506 0.00435934 0.0035998 0.00625419 0.0108244 0.0168826 0.0239182 0.0313397 0.038714 0.0457355 0.0518798 0.0561348 0.0572295 0.0543098 0.0475519
 1.18526e-16 4.20002e-05 0.000408257 0.00271301 0.012333 0.0383726 0.0817579 0.119334 0.11936 0.0818871 0.0388067 0.013588 0.0058678 0.00731114 0.0132014 0.0218965 0.0318874 0.0408945 0.0466908 0.0484247 0.0471849 0.045226 0.0444333 0.0452135 0.0465054 0.0466605
 1.13494e-16 5.4816e-05 0.000532831 0.00354085 0.0160962 0.0500814 0.106704 0.155742 0.155758 0.106786 0.0503568 0.0168931 0.00554714 0.00493227 0.00846879 0.01407 0.0206362 0.0267538 0.0310319 0.0328804 0.0328462 0.0321543 0.031824 0.032069 0.0323525 0.0318871
 1.05263e-16 6.55816e-05 0.000637476 0.00423625 0.0192574 0.059917 0.12766 0.186326 0.186339 0.127725 0.0601341 0.0198849 0.00581297 0.0040849 0.00662929 0.0109 0.0158027 0.020107 0.0226135 0.0227956 0.0211108 0.0186662 0.0165073 0.015087 0.0142308 0.0134688
 1.03487e-16 5.98945e-05 0.000582196 0.0038689 0.0175874 0.0547212 0.11659 0.170171 0.170192 0.116693 0.0550671 0.0185866 0.00637734 0.00606 0.0104687 0.0172269 0.0248458 0.0313214 0.0346537 0.0339265 0.0298466 0.0242486 0.0189763 0.0150143 0.0123734 0.010541
 1.02471e-16 6.67324e-05 0.000648662 0.00431059 0.0195953 0.0609684 0.1299 0.189596 0.189609 0.129966 0.0611883 0.0202309 0.00590773 0.00414072 0.0067149 0.0110376 0.0159918 0.0203152 0.0227623 0.0227505 0.0206825 0.0176278 0.014635 0.0122247 0.0103628 0.00876698
 1.04146e-16 4.74867e-05 0.000461588 0.00306742 0.013944 0.0433853 0.0924382 0.134923 0.134956 0.0926008 0.0439314 0.0155216 0.00702803 0.00911017 0.0164802 0.0271897 0.03921 0.049407 0.0546134 0.0533661 0.0467629 0.0376854 0.0290418 0.0224049 0.0178351 0.0145877
 1.08462e-16 4.55801e-05 0.000443055 0.00294426 0.0133842 0.0416433 0.0887264 0.129504 0.129529 0.0888507 0.0420614 0.0145942 0.00599039 0.00712205 0.0128161 0.0213398 0.0312605 0.040407 0.0465644 0.0486687 0.0473364 0.0442278 0.0408126 0.0375735 0.0341449 0.0300093
 1.10105e-16 5.29583e-05 0.000514773 0.00342085 0.0155507 0.0483841 0.103088 0.150464 0.150484 0.103183 0.0487013 0.0164686 0.00573075 0.00557731 0.00972715 0.0161553 0.0236441 0.0305413 0.0352035 0.0369052 0.0362342 0.0345726 0.0330919 0.0320804 0.0310258 0.0291986
 1.05132e-16 6.58355e-05 0.000639945 0.00425266 0.019332 0.060149 0.128154 0.187048 0.18706 0.128216 0.0603568 0.0199327 0.00576255 0.00394272 0.00635837 0.0104609 0.0151911 0.0193807 0.0218914 0.0222196 0.020788 0.0186238 0.0166857 0.0153703 0.0144949 0.0136228
 1.01576e-16 7.2145e-05 0.000701275 0.00466022 0.0211847 0.0659135 0.140436 0.204973 0.204982 0.140483 0.0660717 0.0216416 0.00580739 0.00320619 0.00483137 0.00787831 0.0113548 0.0143072 0.0158169 0.0154652 0.0135776 0.0109978 0.00857403 0.00676037 0.00556209 0.0047416
 1.01114e-16 6.70935e-05 0.000652173 0.00433392 0.0197014 0.0612983 0.130603 0.190622 0.190638 0.13068 0.0615557 0.0204445 0.00619888 0.00472201 0.00779237 0.0127653 0.0183567 0.023029 0.0252621 0.024353 0.0208309 0.0160983 0.0115982 0.00815365 0.00585773 0.00438523
 1.01665e-16 6.33727e-05 0.000616006 0.00409357 0.0186088 0.057899 0.123361 0.180052 0.180071 0.12345 0.0581987 0.0194747 0.00626777 0.00536437 0.00908735 0.0149382 0.0215476 0.0271666 0.0300502 0.029382 0.0257408 0.0206808 0.0157789 0.0119028 0.00912108 0.00708394
 1.02458e-16 6.1615e-05 0.00059892 0.00398003 0.0180927 0.0562931 0.119939 0.175059 0.175077 0.120032 0.0566038 0.0189904 0.00623494 0.00552596 0.0094323 0.0155307 0.0224472 0.0283952 0.0315892 0.0311943 0.0277985 0.0229694 0.0182734 0.0145342 0.0117648 0.00958263
 1.01971e-16 6.82908e-05 0.000663811 0.00441126 0.0200529 0.0623922 0.132934 0.194023 0.194036 0.132995 0.0625983 0.0206483 0.00590687 0.00393229 0.00628615 0.0103115 0.0149111 0.0188844 0.0210525 0.020867 0.0187191 0.0156425 0.0126618 0.0103032 0.0085542 0.00714446
 1.00338e-16 7.90316e-05 0.000768215 0.00510506 0.0232069 0.0722052 0.153841 0.224536 0.224539 0.153857 0.0722588 0.0233616 0.00549348 0.00161621 0.00168974 0.00266896 0.00383833 0.00482924 0.00532468 0.00517975 0.00450266 0.00357883 0.00269843 0.00202157 0.00155924 0.00124106
 1.01044e-16 3.79723e-05 0.000369105 0.00245283 0.0111503 0.0346929 0.0739186 0.107897 0.107947 0.0741621 0.0355099 0.0135091 0.00836934 0.0132699 0.024495 0.0403196 0.0578065 0.0721203 0.0783587 0.0742605 0.0615826 0.0449811 0.0293286 0.0175265 0.0100521 0.00588314
 1.01107e-16 7.70736e-05 0.000749183 0.00497858 0.0226319 0.0704163 0.15003 0.218973 0.218976 0.150044 0.0704648 0.0227724 0.00533325 0.00153041 0.00158113 0.00254483 0.00378098 0.00500827 0.00598668 0.00658958 0.00684595 0.00686587 0.00671911 0.00638179 0.00578925 0.00493006
 1.01494e-16 5.51097e-05 0.000535686 0.00355982 0.0161825 0.0503498 0.107277 0.15658 0.156609 0.107422 0.0508392 0.0175955 0.00710425 0.00826477 0.0147094 0.0241661 0.0346573 0.043271 0.0470842 0.0447613 0.0373713 0.027708 0.0186728 0.011959 0.00778722 0.0054777
 1.03488e-16 5.77949e-05 0.000561787 0.00373327 0.0169709 0.0528029 0.112503 0.164205 0.164225 0.112599 0.0531241 0.0178998 0.00606931 0.00567618 0.00981413 0.0162451 0.0236548 0.0302804 0.0343396 0.0349676 0.0326626 0.0288243 0.0247955 0.0211995 0.0179701 0.0148182
 1.03153e-16 6.58726e-05 0.000640305 0.00425506 0.0193429 0.0601829 0.128227 0.187153 0.187167 0.128294 0.0604079 0.0199932 0.00588913 0.0042133 0.0068688 0.0112966 0.0163742 0.0208194 0.0233707 0.0234493 0.021485 0.0185806 0.0157977 0.0136311 0.0119857 0.0105097
 1.02074e-16 6.71282e-05 0.00065251 0.00433616 0.0197116 0.06133 0.130671 0.190721 0.190735 0.130741 0.0615655 0.0203918 0.00604397 0.00438208 0.00715443 0.0117325 0.0169209 0.0213345 0.0236091 0.0231171 0.0203333 0.0164978 0.0128579 0.0100816 0.00818302 0.0068297
 1.05241e-16 3.25132e-05 0.00031604 0.0021002 0.00954722 0.0297052 0.0632918 0.0923863 0.0924341 0.0635255 0.0304899 0.0118141 0.00779179 0.0127451 0.0236502 0.0390796 0.0563674 0.0710379 0.0785345 0.0767368 0.0671939 0.0540168 0.0413691 0.0315263 0.0246279 0.0196797
 1.05307e-16 6.59684e-05 0.000641236 0.00426124 0.019371 0.0602703 0.128413 0.187424 0.187431 0.128451 0.0603989 0.0197442 0.00520489 0.00272371 0.00408696 0.00682473 0.0102281 0.013706 0.0166808 0.0188577 0.0203201 0.0213116 0.0219073 0.0218888 0.0209241 0.0188638
 1.04685e-16 5.78816e-05 0.000562629 0.00373887 0.0169964 0.0528822 0.112672 0.164453 0.164476 0.112784 0.0532598 0.0180871 0.00647656 0.00653835 0.0114054 0.0187616 0.0270204 0.0339889 0.0374866 0.036543 0.031993 0.0259208 0.0204036 0.0165211 0.0142077 0.0127633
 1.07335e-16 4.25397e-05 0.000413501 0.00274786 0.0124914 0.0388656 0.0828084 0.120868 0.120901 0.0829698 0.0394076 0.0140584 0.00668632 0.0090279 0.0164519 0.0272589 0.0395621 0.0503747 0.0566596 0.0569902 0.0523394 0.0452903 0.0383529 0.0327381 0.0283148 0.0243784
 1.05442e-16 6.51003e-05 0.000632798 0.00420516 0.0191161 0.0594773 0.126723 0.184958 0.184969 0.126775 0.0596517 0.019621 0.00547725 0.00342517 0.00541379 0.0089667 0.0131924 0.0171854 0.0200616 0.0214116 0.0214991 0.0209773 0.0203683 0.0197438 0.018816 0.0172679
 1.03681e-16 6.25178e-05 0.000607695 0.00403835 0.0183578 0.0571179 0.121696 0.177623 0.177642 0.121786 0.0574202 0.019231 0.00623063 0.00539431 0.00915595 0.0150459 0.0216897 0.0273275 0.0302164 0.0295722 0.0260405 0.0212552 0.0168453 0.0136594 0.0116592 0.0103247
 1.06827e-16 3.63847e-05 0.000353672 0.00235028 0.0106841 0.0332423 0.0708277 0.103384 0.103425 0.0710283 0.0339161 0.0126311 0.00724114 0.011042 0.0203693 0.0337053 0.0487562 0.0617427 0.0688177 0.068186 0.0611268 0.0510271 0.0412538 0.0335498 0.0278945 0.0234096
 1.11748e-16 4.71225e-05 0.000458047 0.00304388 0.0138371 0.0430524 0.0917283 0.133884 0.133903 0.0918193 0.0433589 0.0147257 0.00528672 0.00539524 0.00954459 0.0160215 0.0238183 0.031515 0.0376635 0.0415636 0.043552 0.0444878 0.0448998 0.0445586 0.042776 0.0390602
 1.05023e-16 6.98319e-05 0.000678791 0.0045108 0.0205055 0.0638002 0.135933 0.1984 0.198409 0.135975 0.0639397 0.0209089 0.00552539 0.00289997 0.00430734 0.00706196 0.0102916 0.0132171 0.0151054 0.0156509 0.0151556 0.0142962 0.0136597 0.0134141 0.0133164 0.0129673
 1.05206e-16 4.51094e-05 0.000438479 0.00291385 0.013246 0.0412133 0.0878107 0.12817 0.128207 0.0879917 0.0418209 0.0150006 0.00731721 0.010048 0.0182864 0.0301375 0.0433601 0.0544285 0.0597865 0.0578152 0.0498133 0.0391353 0.029198 0.0218961 0.0173347 0.0145856
pSPR Fmed_Fpbrs
0.567017   0.24035 0.24035
Fs Fmed_Fpbrs
0.34   1.005 1.005
SSBpbr Bo_Bmed_Bpbrs
1.54977e+06  801259  294999 294999
Ro
144022
SPR SPRFo_SPRFmed_SPRFpbrs
1.03668e+06 587818 249167
Fref
1.005
Nvult_r0
 83295.3 63827.9 6537.45 2136.81 2659.88
CTP_r0
 33926 31609.8 3274.78 1071.03 1333.25
YTP_r0
1.2602e+06
Np
 183119 33884.2 4747.92 3238.07 373.432
Nvult_p0
 149235 29211.1 4107.74 2802 323.145
CTP_p0
 60783.2 14697.8 10407.9 1059.98 458.354
 60783.2 14466.3 2057.68 1404.45 161.975
YTP_p0
 1.01466e+06 809968
CBA_c0
1.18654e+06
log_Ro
11.6977
likeval ReclasPelacesDesembMPH_pf_preclas_ppelaces_ptallas_desvR_qrecl_qpela
 13.5623 17.0948 0.0345211 0.00389762 231.315 129.606 109.124 0 23.3759 2.2495e-06 8.58371e-06 0.170988 0 0 0
q_reclas_q_pelaces
1.23628 1.51337
M
1
N
 173096 37243.1 102350 6699.69 0.233744
 96025.6 56013 11408.3 31220 2043.22
 98986.9 27880.7 14697.4 2970.25 8656.7
 147620 28862.7 7360.14 3850.38 3044.69
 120448 37800.2 6329.64 1594.97 1493.21
 211301 39245.2 11693.1 1950.21 951.283
 85373.9 61685.4 10378 3068.69 761.139
 37839.4 18492.9 10653 1761.32 649.373
 36278.6 12731.4 5988.96 3439.9 778.296
 48129.4 9375.35 2828.87 1315.36 925.861
 91518.4 10861 1716.57 509.693 403.457
 128933 30178.5 3417.71 538.228 286.259
 106487 30418.3 5887.68 657.108 158.394
 75882.1 25753.5 6148.36 1173.76 162.455
 71578.8 13488.6 3353.91 781.786 169.684
 384754 15691.4 2369.61 579.256 164.177
 76565.9 94244.4 3229.86 481.272 150.882
 620858 21778.6 24014.2 816.06 159.647
 339299 178029 5613.62 6139.35 249.334
 273137 88114.9 39835.3 1241.79 1412.37
 374911 72770.1 20449.6 9147.34 609.114
 522752 106934 18615.3 5187.61 2473.88
 103969 139597 24899.4 4289.12 1764.25
 300878 31713.5 39302 6967.11 1693.23
 258797 93391.3 9153.73 11280.9 2485.02
 116128 80505 27040.5 2635.79 3962.66
 255039 37368.7 24464.1 8181.05 1995.86
 299099 79195.7 10792.4 7026.15 2921.95
 94986.3 95541.2 23814.6 3230.3 2976.84
 87277.6 30861 29434.8 7307.02 1904.1
 244413 27105.7 8914.76 8455.56 2645.22
 102208 74039 7556.29 2469.36 3073.8
pred_Ctot
 13310.1 3998.7 11223 735.47 0.0256612
 13041.8 10435 2167.66 5938.23 388.655
 13225.4 5113.07 2749.2 556.18 1621.06
 29208.1 7682.38 1995.17 1044.76 826.189
 8790.34 3856.38 659.557 166.386 155.779
 28099.3 7164.91 2177.45 363.544 177.341
 23158.1 21974.1 3758.42 1112.31 275.903
 2057.89 1413.63 832.096 137.733 50.7832
 7021.23 3319.25 1590.36 914.349 206.887
 12234.5 3147.65 965.958 449.553 316.448
 6049.27 1005.6 162.358 48.2629 38.2056
 30303.2 9427.43 1086.37 171.242 91.0803
 23856.8 9090.42 1790.83 200.058 48.2255
 26272.4 11411 2764.42 528.154 73.1026
 19063.3 4725.49 1194.68 278.722 60.4983
 83992.9 4577.86 703.721 172.189 48.8053
 11209.4 18864.1 659.209 98.3286 30.8285
 88327.6 4241.54 4769.38 162.244 31.7418
 64878.6 45891.5 1473.97 1613.59 65.5351
 48879.8 21340.8 9830.11 306.74 348.894
 54359.9 14432.1 4135.54 1851.8 123.317
 92962.7 25745.2 4566.57 1273.85 607.511
 11400.9 21165.6 3852.75 664.385 273.298
 30133.5 4404.19 5571.32 988.714 240.302
 25608.5 12818.9 1282.55 1582.32 348.584
 9297.98 8991.74 3084.28 300.979 452.52
 25485.2 5178.21 3460.38 1158.45 282.635
 25189 9292.45 1293.07 842.765 350.499
 7086.46 9959.34 2535.46 344.305 317.308
 8714.32 4273.1 4160.24 1033.89 269.43
 27714.4 4244.91 1424.65 1352.72 423.206
 5492.8 5593.79 583.35 190.855 237.587
F
 0.128262 0.183124 0.187341 0.187568 0.18758
 0.23668 0.337914 0.345696 0.346116 0.346138
 0.232436 0.331856 0.339499 0.339911 0.339932
 0.362329 0.517308 0.529221 0.529864 0.529897
 0.121392 0.173315 0.177306 0.177522 0.177533
 0.231238 0.330145 0.337748 0.338158 0.33818
 0.529656 0.756205 0.77362 0.774559 0.774609
 0.089279 0.127466 0.130402 0.13056 0.130568
 0.353144 0.504194 0.515806 0.516432 0.516465
 0.488716 0.697754 0.713823 0.71469 0.714735
 0.109409 0.156206 0.159803 0.159997 0.160008
 0.444251 0.63427 0.648877 0.649665 0.649706
 0.419449 0.598859 0.612651 0.613395 0.613434
 0.72734 1.03844 1.06236 1.06365 1.06372
 0.517686 0.739115 0.756137 0.757055 0.757103
 0.406713 0.580675 0.594048 0.594769 0.594807
 0.257225 0.367248 0.375706 0.376161 0.376186
 0.249159 0.355732 0.363924 0.364366 0.364389
 0.348239 0.49719 0.508641 0.509258 0.50929
 0.322667 0.460681 0.47129 0.471862 0.471892
 0.254474 0.36332 0.371687 0.372139 0.372162
 0.320348 0.45737 0.467904 0.468472 0.468502
 0.187348 0.267482 0.273642 0.273974 0.273992
 0.169907 0.242581 0.248168 0.248469 0.248485
 0.167723 0.239463 0.244978 0.245275 0.245291
 0.133859 0.191114 0.195515 0.195752 0.195765
 0.169496 0.241994 0.247567 0.247868 0.247884
 0.141218 0.201621 0.206265 0.206515 0.206528
 0.124239 0.17738 0.181465 0.181685 0.181697
 0.16935 0.241785 0.247354 0.247654 0.24767
 0.194269 0.277364 0.283751 0.284096 0.284114
 0.0881831 0.125901 0.128801 0.128957 0.128966
YTP_r0W_actual
 291764 783923 91366.5 39949.5 53196.9
YTP_p0W_proyectada
 458305 256477 250517 33198.4 16157
 458305 252438 49528.3 43987.2 5709.63
CTP_r0_actual
 33926 31609.8 3274.78 1071.03 1333.25
CTP_p0_proyectada
 60783.2 14697.8 10407.9 1059.98 458.354
 60783.2 14466.3 2057.68 1404.45 161.975
Wmedp
 7.54 17.45 24.07 31.32 35.25
Frms_r0
 0.687189 0.981119 1.00371 1.00493 1.005
Zrms_r0
 1.68719 1.98112 2.00371 2.00493 2.005
nmprior
 7.29 8.9 8.7 0
nm_flota  nm_reclas  nm_pelaces    nm_pelaL
inf 13.1463 21.4888 73.2987
cv_recla  cv_pelaces  cv_mph
0.325791 0.452921 1.69915
 ------------------------------------------------
Talla a la edad & desviaci?n 
 8 13.2811 15.8009 17.003 17.5766
 0.8 1.32811 1.58009 1.7003 1.75766
