years
 1991 1992 1993 1994 1995 1996 1997 1998 1999 2000 2001 2002 2003 2004 2005 2006 2007 2008 2009 2010 2011 2012 2013 2014 2015 2016 2017 2018 2019 2020 2021 2022
reclasobs
 0 0 0 0 0 0 0 0 0 252601 567819 844713 477998 351125 339783 2.1784e+06 2.13404e+06 4.81314e+06 1.55562e+06 2.62356e+06 3.21686e+06 3.843e+06 1.13348e+06 3.07943e+06 1.97215e+06 2.03268e+06 2.025e+06 2.42433e+06 2.27542e+06 1.05018e+06 2.36338e+06 3.18982e+06
reclaspred
 4.33413e+06 2.94354e+06 2.04054e+06 2.09867e+06 2.16485e+06 2.47807e+06 2.0705e+06 2.91099e+06 3.04442e+06 3.23314e+06 2.36786e+06 2.38065e+06 2.19611e+06 2.05615e+06 2.12235e+06 2.16644e+06 2.25927e+06 2.61471e+06 1.50758e+06 1.11203e+06 1.77978e+06 1.11785e+06 1.40534e+06 2.11155e+06 1.86703e+06 2.24877e+06 2.41962e+06 2.02571e+06 2.42452e+06 2.5318e+06 2.56237e+06 3.37478e+06
pelacesobs
 0 0 0 0 0 0 0 0 0 0 0 0 0 0 0 552880 188675 0 991730 2.46772e+06 1.41603e+06 1.21717e+06 2.29649e+06 1.80582e+06 0 1.4828e+06 1.56532e+06 1.57751e+06 1.42118e+06 867257 1.10002e+06 1.06204e+06
pelacespred
 2.08358e+06 1.53353e+06 1.03929e+06 915339 1.01846e+06 1.14844e+06 976198 1.50541e+06 1.66728e+06 1.6558e+06 1.35633e+06 1.14265e+06 1.11034e+06 1.13422e+06 1.17611e+06 1.02973e+06 1.03087e+06 1.13307e+06 742441 483099 701554 494100 647620 1.03841e+06 934412 1.09701e+06 1.31115e+06 1.10493e+06 1.10462e+06 1.257e+06 1.25004e+06 1.5855e+06
mphobs
 0 0 0 0 0 0 0 0 0 0 0 0 498337 0 5186 125008 0 168611 109162 213762 579715 649985 157893 87575 83554 210694 70296 0 107559 103333 445601 22526
mphpred
 4.04319e+06 2.93063e+06 1.9783e+06 1.55432e+06 1.71781e+06 1.84249e+06 1.8796e+06 1.71722e+06 2.4111e+06 2.74845e+06 2.20984e+06 1.99523e+06 1.81462e+06 1.60117e+06 1.54153e+06 1.90675e+06 1.64859e+06 2.04936e+06 1.54168e+06 916476 1.0852e+06 1.12846e+06 781638 1.33209e+06 1.70106e+06 1.49117e+06 1.87892e+06 1.67308e+06 1.92452e+06 1.89787e+06 2.01435e+06 2.40046e+06
desembarqueobs
 494567 514787 250237 358949 120608 361735 552515 73892 212993 205616 52469 317467 293654 387597 252695 516296 358380 742168 942051 627588 828172 859565 418607 520667 417249 300574 415391 372974 316634 284311 391294 218835
desembarquepred
 494426 505520 260224 358727 120541 361503 552134 73854.2 212910 205545 52444.2 317402 293585 387531 252605 516043 358112 740952 938997 625775 826400 857075 418191 520270 416945 300396 415136 372692 316454 284186 391091 218723
Reclutas
 319280 319280 319280 319280 319280 319280 319280 319280 319280 319280 319280 319280 319280 319280 319280 319280 319280 319280 319280 319280 319280 319280 319280 319280 319280 319280 319280 319280 319280 319280 319280 319280
log_desv_Rt
 0 0 0 0 0 0 0 0 0 0 0 0 0 0 0 0 0 0 0 0 0 0 0 0 0 0 0 0 0 0 0 0
SSB
 4.04319e+06 2.93063e+06 1.9783e+06 1.55432e+06 1.71781e+06 1.84249e+06 1.8796e+06 1.71722e+06 2.4111e+06 2.74845e+06 2.20984e+06 1.99523e+06 1.81462e+06 1.60117e+06 1.54153e+06 1.90675e+06 1.64859e+06 2.04936e+06 1.54168e+06 916476 1.0852e+06 1.12846e+06 781638 1.33209e+06 1.70106e+06 1.49117e+06 1.87892e+06 1.67308e+06 1.92452e+06 1.89787e+06 2.01435e+06 2.40046e+06
BT
 5.59409e+06 4.45569e+06 2.87786e+06 2.86165e+06 2.83131e+06 3.61546e+06 3.12613e+06 4.99232e+06 5.15866e+06 4.69358e+06 3.71957e+06 3.37912e+06 3.41839e+06 3.94489e+06 3.98127e+06 3.27725e+06 3.29081e+06 3.81855e+06 3.1628e+06 2.03045e+06 2.92872e+06 2.27726e+06 2.58762e+06 3.92129e+06 2.95866e+06 3.7015e+06 4.4661e+06 3.71111e+06 3.26156e+06 3.95776e+06 3.95184e+06 4.76068e+06
Ftot
 0.108502 0.16261 0.121178 0.16195 0.0532121 0.138498 0.250698 0.0243036 0.0667887 0.0607172 0.0212187 0.126665 0.127029 0.178496 0.113314 0.224448 0.150406 0.265992 0.5685 0.517805 0.430247 0.690962 0.28001 0.232507 0.210744 0.127015 0.16266 0.17435 0.124034 0.106852 0.144887 0.0619028
BD_Bspro_t
 0.982789 0.886829 0.805792 0.790634 0.792255 0.83714 0.804009 0.751958 0.859362 0.889722 0.892456 0.914437 0.857781 0.816996 0.800581 0.814465 0.739856 0.772214 0.658513 0.508648 0.499738 0.491614 0.435746 0.600464 0.681008 0.701149 0.78006 0.78019 0.796803 0.797742 0.817825 0.828872
BD_Bspro
 1.75928 1.27518 0.860803 0.676317 0.747458 0.801706 0.817854 0.747198 1.04912 1.19591 0.961549 0.868166 0.789582 0.696706 0.670753 0.829669 0.717339 0.89172 0.67082 0.398779 0.472194 0.491017 0.340108 0.579622 0.740169 0.648839 0.817561 0.727995 0.837403 0.825807 0.876487 1.04449
BD_Bo
 1.2009 0.870449 0.587591 0.46166 0.510222 0.547251 0.558274 0.510044 0.716139 0.81634 0.656362 0.592618 0.538975 0.475577 0.457862 0.566339 0.489662 0.608695 0.457908 0.27221 0.322324 0.335172 0.232161 0.395655 0.505246 0.442903 0.558074 0.496936 0.571618 0.563703 0.598297 0.712979
BD_Brms
 5.07645 3.67956 2.48387 1.95153 2.15681 2.31334 2.35994 2.15606 3.02726 3.45083 2.77457 2.50511 2.27836 2.01036 1.93547 2.39403 2.0699 2.57308 1.93567 1.15068 1.36253 1.41684 0.981389 1.67251 2.13578 1.87224 2.35909 2.10065 2.41634 2.38289 2.52912 3.01391
Sel_flota
 0.5 1 1 1 1
 0.5 1 1 1 1
 0.5 1 1 1 1
 0.5 1 1 1 1
 0.5 1 1 1 1
 0.5 1 1 1 1
 0.5 1 1 1 1
 0.5 1 1 1 1
 0.5 1 1 1 1
 0.5 1 1 1 1
 0.5 1 1 1 1
 0.5 1 1 1 1
 0.5 1 1 1 1
 0.5 1 1 1 1
 0.5 1 1 1 1
 0.5 1 1 1 1
 0.5 1 1 1 1
 0.5 1 1 1 1
 0.5 1 1 1 1
 0.5 1 1 1 1
 0.5 1 1 1 1
 0.5 1 1 1 1
 0.5 1 1 1 1
 0.5 1 1 1 1
 0.5 1 1 1 1
 0.5 1 1 1 1
 0.5 1 1 1 1
 0.5 1 1 1 1
 0.5 1 1 1 1
 0.5 1 1 1 1
 0.5 1 1 1 1
 0.5 1 1 1 1
Sel_reclas
 0.5 1 1 1 1
 0.5 1 1 1 1
 0.5 1 1 1 1
 0.5 1 1 1 1
 0.5 1 1 1 1
 0.5 1 1 1 1
 0.5 1 1 1 1
 0.5 1 1 1 1
 0.5 1 1 1 1
 0.5 1 1 1 1
 0.5 1 1 1 1
 0.5 1 1 1 1
 0.5 1 1 1 1
 0.5 1 1 1 1
 0.5 1 1 1 1
 0.5 1 1 1 1
 0.5 1 1 1 1
 0.5 1 1 1 1
 0.5 1 1 1 1
 0.5 1 1 1 1
 0.5 1 1 1 1
 0.5 1 1 1 1
 0.5 1 1 1 1
 0.5 1 1 1 1
 0.5 1 1 1 1
 0.5 1 1 1 1
 0.5 1 1 1 1
 0.5 1 1 1 1
 0.5 1 1 1 1
 0.5 1 1 1 1
 0.5 1 1 1 1
 0.5 1 1 1 1
Sel_pelaces
 0.5 1 1 1 1
 0.5 1 1 1 1
 0.5 1 1 1 1
 0.5 1 1 1 1
 0.5 1 1 1 1
 0.5 1 1 1 1
 0.5 1 1 1 1
 0.5 1 1 1 1
 0.5 1 1 1 1
 0.5 1 1 1 1
 0.5 1 1 1 1
 0.5 1 1 1 1
 0.5 1 1 1 1
 0.5 1 1 1 1
 0.5 1 1 1 1
 0.5 1 1 1 1
 0.5 1 1 1 1
 0.5 1 1 1 1
 0.5 1 1 1 1
 0.5 1 1 1 1
 0.5 1 1 1 1
 0.5 1 1 1 1
 0.5 1 1 1 1
 0.5 1 1 1 1
 0.5 1 1 1 1
 0.5 1 1 1 1
 0.5 1 1 1 1
 0.5 1 1 1 1
 0.5 1 1 1 1
 0.5 1 1 1 1
 0.5 1 1 1 1
 0.5 1 1 1 1
pf_obs 
 0.8446 0.082 0.0669 0.0065 0
 0.8095 0.147 0.0364 0.0071 0
 0.9664 0.0169 0.016 0.0007 0
 0.9276 0.0648 0.0075 0.0001 0
 0.7033 0.2144 0.0806 0.0017 0
 0.9318 0.0425 0.0243 0.0014 0
 0.5671 0.3108 0.0964 0.0239 0.0018
 0.0768 0.2599 0.5324 0.112 0.0189
 0.490249 0.384438 0.106611 0.0170017 0.00170017
 0.7925 0.1577 0.0466 0.003 0.0002
 0.840416 0.127587 0.0312969 0.00059994 9.999e-05
 0.8084 0.0986 0.0794 0.0134 0.0002
 0.7335 0.1905 0.0724 0.0035 0.0001
 0.4001 0.4547 0.1325 0.0127 0
 0.49795 0.308269 0.164784 0.0264974 0.00249975
 0.9179 0.0499 0.0305 0.0017 0
 0.2467 0.6533 0.0926 0.0074 0
 0.9418 0.0223 0.034 0.0019 0
 0.707729 0.231977 0.0356964 0.0245975 0
 0.517169 0.277429 0.184464 0.0207286 0.00020938
 0.811772 0.124168 0.05621 0.00726502 0.000585176
 0.764997 0.148141 0.077277 0.00933861 0.000247198
 0.163321 0.427699 0.378323 0.0303852 0.000271297
 0.753843 0.0900009 0.118128 0.0371064 0.000921714
 0.721811 0.176058 0.0630433 0.0369309 0.00215725
 0.143369 0.312575 0.442814 0.0836902 0.0175525
 0.692698 0.0596174 0.167031 0.0765114 0.00414204
 0.394062 0.376323 0.152708 0.0712218 0.00568511
 0.125707 0.32114 0.495352 0.0537591 0.00404204
 0.23352 0.215282 0.420074 0.123614 0.00750983
 0.796117 0.104755 0.0508955 0.0450114 0.00322123
 0.162477 0.292055 0.404252 0.121198 0.0200186
pf_pred 
 0.412643 0.0552066 0.505022 0.0227691 0.00435885
 0.467539 0.315189 0.0204218 0.186816 0.010035
 0.494881 0.327428 0.105184 0.0068151 0.0656924
 0.500025 0.335004 0.106938 0.0343531 0.023681
 0.502286 0.337075 0.107634 0.0343584 0.0186459
 0.491137 0.342025 0.11299 0.03608 0.0177675
 0.505746 0.330097 0.110336 0.0364503 0.017371
 0.515831 0.333124 0.100878 0.033719 0.0164479
 0.487577 0.349539 0.112069 0.0339374 0.0168771
 0.484309 0.340323 0.119624 0.0383536 0.0173903
 0.480245 0.341267 0.117791 0.0414035 0.0192938
 0.478291 0.339257 0.119796 0.0413486 0.0213068
 0.4935 0.332043 0.113446 0.0400591 0.0209516
 0.501267 0.333754 0.108154 0.0369519 0.0198726
 0.508221 0.334124 0.105504 0.0341889 0.0179629
 0.506266 0.336341 0.106935 0.0337662 0.016691
 0.51851 0.330668 0.102743 0.0326658 0.0154133
 0.51701 0.334452 0.10201 0.0316958 0.0148322
 0.547514 0.316112 0.0944338 0.0288028 0.0131374
 0.59717 0.299069 0.0724885 0.0216548 0.0096174
 0.598038 0.312118 0.0667016 0.0161672 0.00697467
 0.597286 0.310995 0.0712185 0.0152198 0.00528046
 0.614912 0.302755 0.0635814 0.0145602 0.00419118
 0.559911 0.341695 0.077357 0.0162457 0.00479117
 0.538285 0.337831 0.0961862 0.0217758 0.00592182
 0.524929 0.33865 0.0998174 0.0284197 0.0081837
 0.510448 0.340942 0.105936 0.0312246 0.0114502
 0.511833 0.335048 0.106638 0.0331339 0.0133475
 0.511485 0.336239 0.104513 0.0332641 0.0144992
 0.503037 0.34029 0.107836 0.0335187 0.0153182
 0.499698 0.338344 0.110899 0.0351431 0.0159157
 0.500081 0.337866 0.109594 0.0359215 0.0165386
pobs_RECLAS
 0 0 0 0 0
 0 0 0 0 0
 0 0 0 0 0
 0 0 0 0 0
 0 0 0 0 0
 0 0 0 0 0
 0 0 0 0 0
 0 0 0 0 0
 0 0 0 0 0
 0 0 0 0 0
 0.991045 0.00858322 0.000360255 1.14367e-05 0
 0.934742 0.0480273 0.0164251 0.00080598 0
 0.827803 0.169806 0.00239088 0 0
 0.941827 0.0461693 0.0120037 0 0
 0.791401 0.0380133 0.147996 0.0225897 0
 0.846168 0.0940531 0.0597789 0 0
 0.134021 0.677848 0.182769 0.00536245 0
 0.80878 0.0450904 0.141981 0.00414843 0
 0.846168 0.0940531 0.0597789 0 0
 0.905697 0.0802665 0.012482 0.00150086 5.37128e-05
 0.989698 0.0102097 9.19794e-05 0 0
 0.975433 0.0193895 0.00387452 0.00125025 5.28907e-05
 0.303575 0.632131 0.0575291 0.00676475 0
 0.966965 0.00978017 0.0227588 0.000495775 0
 0.843318 0.132988 0.00938335 0.0141283 0.000182051
 0.564624 0.303363 0.111486 0.0197234 0.00080311
 0.826376 0.0876187 0.0782897 0.00655872 0.00115652
 0.89761 0.0855135 0.0140674 0.00269457 0.000114338
 0.34875 0.467042 0.161289 0.0227151 0.000203297
 0.318654 0.224769 0.449479 0.00709798 0
 0.937255 0.0296025 0.0250945 0.00804832 0
 0.456809 0.399803 0.12412 0.0192676 0
ppred_RECLAS
 0.413806 0.0550973 0.504022 0.022724 0.00435022
 0.469393 0.314091 0.0203507 0.186165 0.0100001
 0.496231 0.326552 0.104903 0.00679689 0.0655168
 0.501878 0.333762 0.106541 0.0342257 0.0235932
 0.502853 0.336691 0.107512 0.0343193 0.0186247
 0.492698 0.340976 0.112644 0.0359694 0.017713
 0.508777 0.328072 0.109659 0.0362267 0.0172645
 0.516084 0.33295 0.100826 0.0337014 0.0164393
 0.488294 0.34905 0.111912 0.0338899 0.0168535
 0.484958 0.339895 0.119473 0.0383054 0.0173685
 0.480466 0.341122 0.117741 0.0413859 0.0192856
 0.479706 0.338338 0.119471 0.0412365 0.021249
 0.494921 0.331112 0.113127 0.0399467 0.0208928
 0.503331 0.332373 0.107707 0.0367989 0.0197903
 0.509476 0.33327 0.105235 0.0341016 0.0179171
 0.508937 0.334522 0.106357 0.0335835 0.0166007
 0.520216 0.329496 0.102379 0.0325501 0.0153587
 0.520252 0.332207 0.101325 0.0314831 0.0147326
 0.555598 0.310465 0.0927466 0.0282882 0.0129026
 0.604133 0.2939 0.0712357 0.0212806 0.00945117
 0.603565 0.307827 0.0657845 0.0159449 0.00687878
 0.607369 0.303208 0.0694352 0.0148388 0.00514824
 0.61817 0.300194 0.0630434 0.014437 0.00415571
 0.562651 0.339568 0.0768756 0.0161446 0.00476135
 0.540757 0.336022 0.0956714 0.0216593 0.00589012
 0.526346 0.33764 0.0995196 0.028335 0.00815929
 0.512309 0.339646 0.105533 0.0311059 0.0114067
 0.513843 0.333668 0.106199 0.0329975 0.0132926
 0.512869 0.335286 0.104217 0.0331698 0.0144581
 0.504217 0.339483 0.10758 0.0334391 0.0152819
 0.501338 0.337235 0.110536 0.0350279 0.0158636
 0.500743 0.337418 0.109448 0.0358739 0.0165166
pobs_PELACES
 0 0 0 0 0
 0 0 0 0 0
 0 0 0 0 0
 0 0 0 0 0
 0 0 0 0 0
 0 0 0 0 0
 0 0 0 0 0
 0 0 0 0 0
 0 0 0 0 0
 0 0 0 0 0
 0 0 0 0 0
 0 0 0 0 0
 0 0 0 0 0
 0 0 0 0 0
 0 0 0 0 0
 0 0 0 0 0
 0.505614 0.472636 0.0217494 0 0
 0 0 0 0 0
 0.443492 0.261883 0.143347 0.151278 0
 0.227955 0.32914 0.350689 0.0885471 0.00366901
 0.970185 0.0296113 0.000203453 0 0
 0.997202 0.00247181 0.000326279 0 0
 0.445219 0.490057 0.0546422 0.010081 0
 0.90214 0.0892962 0.00764917 0.000914606 0
 0 0 0 0 0
 0.581667 0.319106 0.0959925 0.00289975 0.000334073
 0.762889 0.0836404 0.116647 0.0363945 0.000428098
 0.88444 0.0763242 0.0277011 0.0115352 0
 0.521256 0.241999 0.230069 0.00667565 0
 0.616807 0.101726 0.260614 0.0208532 0
 0.833518 0.0704572 0.0857862 0.0102388 0
 0.697417 0.212968 0.0787535 0.0105354 0.000325836
ppred_PELACES
 0.418156 0.0546885 0.500282 0.0225554 0.00431794
 0.476081 0.310133 0.0200942 0.183819 0.00987406
 0.50123 0.323312 0.103862 0.00672945 0.0648667
 0.508557 0.329286 0.105113 0.0337668 0.0232768
 0.505048 0.335205 0.107037 0.0341678 0.0185425
 0.49841 0.337136 0.111375 0.0355643 0.0175136
 0.51911 0.321171 0.107353 0.0354647 0.0169013
 0.517085 0.332261 0.100617 0.0336316 0.0164053
 0.491048 0.347172 0.11131 0.0337075 0.0167628
 0.487461 0.338243 0.118892 0.0381192 0.0172841
 0.48134 0.340548 0.117543 0.0413163 0.0192532
 0.484924 0.334944 0.118273 0.0408229 0.0210359
 0.500161 0.327677 0.111954 0.0395323 0.0206761
 0.510693 0.327447 0.10611 0.0362535 0.019497
 0.514148 0.330096 0.104232 0.0337769 0.0177464
 0.518189 0.32822 0.104353 0.0329508 0.016288
 0.526406 0.325245 0.101058 0.0321301 0.0151605
 0.531195 0.32463 0.0990137 0.030765 0.0143966
 0.578621 0.29438 0.0879416 0.0268226 0.0122342
 0.624373 0.278873 0.0675934 0.0201925 0.00896793
 0.62042 0.294739 0.0629876 0.015267 0.00658631
 0.6342 0.282489 0.0646904 0.0138247 0.00479644
 0.629014 0.291668 0.0612529 0.014027 0.00403769
 0.572067 0.332257 0.0752204 0.015797 0.00465884
 0.549379 0.329713 0.0938751 0.0212526 0.00577954
 0.531568 0.333918 0.0984225 0.0280226 0.00806934
 0.519012 0.334977 0.104082 0.0306784 0.0112499
 0.521026 0.328738 0.104629 0.0325099 0.0130962
 0.51798 0.331768 0.103124 0.0328218 0.0143064
 0.508623 0.336465 0.106623 0.0331419 0.0151461
 0.507314 0.333193 0.109211 0.0346081 0.0156734
 0.503297 0.335692 0.108889 0.0356904 0.0164322
pobs_pel_tallas
 0 0 0 0 0 0 0 0 0 0 0 0 0 0 0 0 0 0 0 0 0 0 0 0 0 0
 0 0 0 0 0 0 0 0 0 0 0 0 0 0 0 0 0 0 0 0 0 0 0 0 0 0
 0 0 0 0 0 0 0 0 0 0 0 0 0 0 0 0 0 0 0 0 0 0 0 0 0 0
 0 0 0 0 0 0 0 0 0 0 0 0 0 0 0 0 0 0 0 0 0 0 0 0 0 0
 0 0 0 0 0 0 0 0 0 0 0 0 0 0 0 0 0 0 0 0 0 0 0 0 0 0
 0 0 0 0 0 0 0 0 0 0 0 0 0 0 0 0 0 0 0 0 0 0 0 0 0 0
 0 0 0 0 0 0 0 0 0 0 0 0 0 0 0 0 0 0 0 0 0 0 0 0 0 0
 0 0 0 0 0 0 0 0 0 0 0 0 0 0 0 0 0 0 0 0 0 0 0 0 0 0
 0 0 0 0 0 0 0 0 0 0 0 0 0 0 0 0 0 0 0 0 0 0 0 0 0 0
 0 0 0 0 0 0 0 0 0 0 0 0 0 0 0 0 0 0 0 0 0 0 0 0 0 0
 0 0 0 0 0 0 0 0 0 0 0 0 0 0 0 0 0 0 0 0 0 0 0 0 0 0
 0 0 0 0 0 0 0 0 0 0 0 0 0 0 0 0 0 0 0 0 0 0 0 0 0 0
 0.00862536 0 0 0.000197151 0.00414017 0.0128641 0.00837892 0.0270097 0.101434 0.158115 0.152841 0.127902 0.109271 0.109419 0.0830992 0.0579132 0.0238553 0.00714673 0.00463305 0.00128148 0.00103504 0.000492878 0.000147863 0.000147863 4.92878e-05 0
 0 0 0 0 0 0 0 0 0 0 0 0 0 0 0 0 0 0 0 0 0 0 0 0 0 0
 0 0 0 0 0 0 0 0.0054083 0.00873648 0.0413646 0.0450493 0.0745869 0.0622846 0.0627006 0.0613931 0.0827291 0.12552 0.122667 0.0946155 0.0697135 0.0546179 0.0294188 0.0215738 0.0213955 0.0102223 0.00600262
 0 0 0 0 0.00359764 0.0251062 0.0480494 0.140153 0.205849 0.193036 0.1447 0.116669 0.0760912 0.0342217 0.00950174 0.001854 0.000860785 0 0 0 0.000165536 0 0.000143464 0 0 0
 0 0 0 0 0 0 0 0.000145254 0.000435761 0.0275982 0.070085 0.0708112 0.156366 0.174668 0.174014 0.160142 0.0824315 0.0480064 0.0283245 0.00493863 0.00203355 0 0 0 0 0
 0 0 0 0 0 0 0 0 0 0 0 0 0 0 0 0 0 0 0 0 0 0 0 0 0 0
 0 0 1.00437e-05 0.000401748 0.00122533 0.00171747 0.00176769 0.0269171 0.070346 0.194647 0.189555 0.159765 0.064822 0.0314167 0.0384472 0.0292271 0.0345202 0.0313363 0.0194345 0.0106764 0.0143323 0.0359363 0.0279516 0.0138201 0.00172751 0
 0 0.0021121 0.0136068 0.0755702 0.200478 0.177729 0.0527432 0.0373336 0.0318909 0.0142505 0.0149659 0.0166563 0.0217959 0.0798694 0.0677717 0.0528807 0.04013 0.0224614 0.0357745 0.0225083 0.00881397 0.00855152 0.00135912 0.000746735 0 0
 0 0 0 0 5.4009e-05 0.00500934 0.000945158 0.0243581 0.138947 0.33067 0.221406 0.137944 0.0707744 0.0437923 0.0131692 0.00525238 0.0047753 0.00276346 9.45158e-05 9.00151e-06 2.25038e-05 9.00151e-06 4.50075e-06 0 0 0
 0.000866109 0.00284123 0.00948549 0.0512746 0.133035 0.25785 0.225252 0.132002 0.0553304 0.0519788 0.0540692 0.017754 0.00435017 0.00159236 0.00146478 0.000404838 0.000125132 0.000115318 0.000107957 0.000100596 0 0 0 0 0 0
 0 0 0 0 0.00144013 0.00171154 0.00461396 0.0210425 0.0478622 0.0707936 0.0888783 0.103762 0.0637923 0.0337046 0.0602308 0.124433 0.169614 0.0934646 0.0462172 0.0250306 0.0313229 0.00938855 0.002487 0.000210481 0 0
 0 0.00764035 0.051015 0.0998891 0.058973 0.0496711 0.0374665 0.0718981 0.12319 0.153886 0.159021 0.0857701 0.0377988 0.023471 0.0147837 0.00900784 0.00315554 0.000888139 0.00291439 0.00214683 0.00393193 0.00274676 0.000635225 9.99891e-05 0 0
 0 0 0 0 0 0 0 0 0 0 0 0 0 0 0 0 0 0 0 0 0 0 0 0 0 0
 0 0 0 0 0 0 0 0 0 0 0 0 0 0 0 0 0 0 0 0 0 0 0 0 0 0
 0 0 0 0 0 0 0 0 0 0 0 0 0 0 0 0 0 0 0 0 0 0 0 0 0 0
 0 0 0 0 0 0 0 0 0 0 0 0 0 0 0 0 0 0 0 0 0 0 0 0 0 0
 0 0 0 0 0 0 0 0 0 0 0 0 0 0 0 0 0 0 0 0 0 0 0 0 0 0
 0 0 0 0 0 0 0 0 0 0 0 0 0 0 0 0 0 0 0 0 0 0 0 0 0 0
 0 0 0 0 0 0 0 0 0 0 0 0 0 0 0 0 0 0 0 0 0 0 0 0 0 0
 0 0 0 0 0 0 0 0 0 0 0 0 0 0 0 0 0 0 0 0 0 0 0 0 0 0
ppred_pel_tallas
 1.17444e-16 3.44429e-05 0.000334798 0.00222485 0.0101138 0.0314679 0.067046 0.0978568 0.0978629 0.0670759 0.0315705 0.0104197 0.00302944 0.00221291 0.00395711 0.00741307 0.0128254 0.0205931 0.030977 0.0438316 0.0582178 0.0721292 0.0827335 0.0872879 0.0843353 0.0744491
 1.20765e-16 3.92142e-05 0.000381176 0.00253305 0.0115149 0.0358273 0.0763349 0.111419 0.111449 0.0764811 0.0363183 0.0129337 0.00609672 0.00816933 0.0148591 0.0245896 0.0356526 0.0454072 0.051286 0.0523425 0.0499283 0.0468133 0.0453863 0.0462951 0.0483659 0.049576
 1.14733e-16 4.12857e-05 0.000401312 0.00266686 0.0121232 0.0377199 0.0803673 0.117305 0.117336 0.0805201 0.0382332 0.0136073 0.00639728 0.00856181 0.01559 0.0258426 0.0375447 0.0479061 0.0541192 0.0549365 0.0514049 0.0460826 0.0413825 0.0383471 0.0365755 0.0349874
 1.10443e-16 4.18893e-05 0.000407179 0.00270585 0.0123004 0.0382713 0.0815422 0.11902 0.119052 0.0816979 0.0387942 0.0138119 0.00650513 0.00871816 0.0158767 0.0263155 0.0382236 0.0487485 0.0550079 0.0556909 0.051803 0.0458759 0.040305 0.0361389 0.0330448 0.0301012
 1.0974e-16 4.16002e-05 0.000404368 0.00268717 0.0122155 0.0380072 0.0809795 0.118199 0.118231 0.0811379 0.0385394 0.0137541 0.00655446 0.00886384 0.0161585 0.0267816 0.0388937 0.0495863 0.0559165 0.0565375 0.0524597 0.0462506 0.0403492 0.0358397 0.0324181 0.0291936
 1.09831e-16 4.10535e-05 0.000399054 0.00265186 0.012055 0.0375077 0.0799153 0.116646 0.116678 0.0800747 0.0380431 0.0136029 0.00654281 0.00891122 0.016261 0.02696 0.0391693 0.0499714 0.0564123 0.0571376 0.0531539 0.047023 0.0411701 0.0366609 0.0331783 0.0298338
 1.09597e-16 4.27585e-05 0.000415628 0.00276199 0.0125556 0.0390654 0.0832342 0.121489 0.12152 0.083386 0.0395755 0.0140304 0.00646929 0.00852646 0.0154993 0.0256949 0.0373394 0.0476551 0.0538328 0.0545863 0.0508747 0.0451325 0.0396579 0.0354495 0.0321883 0.0290167
 1.09138e-16 4.25917e-05 0.000414006 0.00275122 0.0125067 0.0389131 0.0829096 0.121016 0.121048 0.0830665 0.0394404 0.0140311 0.00658246 0.00879318 0.0160022 0.0265093 0.0384721 0.0489943 0.055147 0.0555898 0.0513318 0.0449419 0.0388745 0.0342438 0.0307773 0.0276015
 1.09519e-16 4.0447e-05 0.00039316 0.00261269 0.0118769 0.0369537 0.0787349 0.114923 0.114957 0.078899 0.0375049 0.0134704 0.00661791 0.00915421 0.0167313 0.0277337 0.0402723 0.0513329 0.0578612 0.0584531 0.0541453 0.0475902 0.041315 0.036457 0.0327286 0.0292417
 1.10266e-16 4.01516e-05 0.000390288 0.0025936 0.0117902 0.0366837 0.0781597 0.114083 0.114116 0.0783197 0.0372211 0.013344 0.00650008 0.00893834 0.0163341 0.0270976 0.0394035 0.0503414 0.0569622 0.0579121 0.0541875 0.0483223 0.0426962 0.038324 0.0348522 0.0313867
 1.10881e-16 3.96474e-05 0.000385387 0.00256103 0.0116421 0.0362231 0.0771783 0.112651 0.112684 0.0773393 0.0367641 0.0132064 0.00649374 0.00899063 0.0164422 0.0272771 0.0396635 0.0506734 0.0573432 0.0583203 0.0546221 0.0488143 0.0432995 0.0390904 0.0358023 0.0324933
 1.11153e-16 3.99426e-05 0.000388256 0.0025801 0.0117288 0.0364928 0.0777529 0.113489 0.113522 0.0779114 0.037025 0.0132677 0.00644917 0.00885503 0.0161808 0.026848 0.0390537 0.0499246 0.0565536 0.0576156 0.0541108 0.0485529 0.043287 0.0392858 0.0361492 0.0329355
 1.10779e-16 4.11977e-05 0.000400456 0.00266117 0.0120973 0.0376394 0.080196 0.117055 0.117087 0.0803509 0.03816 0.0136024 0.00644493 0.00867959 0.0158216 0.0262416 0.038155 0.0487421 0.0551526 0.0560892 0.0525388 0.0469797 0.0417317 0.0377705 0.0347169 0.0316451
 1.10082e-16 4.20651e-05 0.000408888 0.00271721 0.0123521 0.038432 0.0818846 0.11952 0.119551 0.0820394 0.038952 0.0138553 0.00649588 0.0086752 0.015793 0.0261792 0.0380324 0.0485183 0.0547721 0.0554874 0.0516557 0.0457802 0.0402256 0.0360219 0.0328376 0.0297715
 1.09483e-16 4.23498e-05 0.000411655 0.00273559 0.0124356 0.038692 0.0824386 0.120328 0.12036 0.0825946 0.0392161 0.0139507 0.00654351 0.00874096 0.0159103 0.0263658 0.0382845 0.0487984 0.0550072 0.0555835 0.0515242 0.0453625 0.0395077 0.0350352 0.0316512 0.0284796
 1.09157e-16 4.26826e-05 0.00041489 0.00275709 0.0125334 0.0389961 0.0830864 0.121274 0.121305 0.0832416 0.0395172 0.0140398 0.00654348 0.00869716 0.0158212 0.0262173 0.0380689 0.0485227 0.0546925 0.0552543 0.0511927 0.0450209 0.0391311 0.0345964 0.031136 0.0278971
 1.08788e-16 4.33595e-05 0.000421469 0.00280081 0.0127321 0.0396145 0.0844041 0.123197 0.123228 0.0845577 0.0401308 0.0142246 0.00655195 0.00862595 0.0156717 0.0259628 0.0376871 0.0480105 0.0540667 0.0545402 0.0504091 0.0441735 0.0382211 0.0336346 0.0301525 0.0269379
 1.08462e-16 4.37539e-05 0.000425303 0.00282629 0.0128479 0.0399748 0.0851718 0.124317 0.124349 0.0853252 0.0404901 0.0143374 0.00656951 0.00861189 0.0156363 0.0258986 0.0375826 0.0478535 0.0538438 0.054236 0.0500066 0.0436592 0.0375922 0.0329068 0.0293613 0.0261332
 1.07374e-16 4.76603e-05 0.000463276 0.00307863 0.013995 0.0435439 0.0927759 0.135415 0.135443 0.0929149 0.044011 0.0153454 0.00647225 0.00788469 0.0141811 0.0234711 0.0340484 0.0433301 0.0487096 0.0489878 0.0450507 0.0391763 0.0335545 0.0292031 0.0259212 0.022975
 1.05565e-16 5.14289e-05 0.000499907 0.00332206 0.0151016 0.0469869 0.100111 0.146121 0.146148 0.100243 0.0474289 0.0163789 0.00653068 0.00751241 0.0133933 0.0221233 0.0320131 0.0405731 0.0452964 0.0450287 0.0406314 0.0343362 0.0283349 0.0237204 0.0204001 0.0177125
 1.04539e-16 5.11033e-05 0.000496742 0.00330103 0.015006 0.0466894 0.0994778 0.145197 0.145225 0.0996168 0.0471562 0.0163548 0.00668846 0.00789736 0.0141233 0.0233129 0.0336839 0.0425814 0.0473274 0.0466819 0.0415582 0.0343516 0.0274501 0.0221005 0.0182916 0.0153799
 1.04138e-16 5.22383e-05 0.000507775 0.00337434 0.0153393 0.0477263 0.101687 0.148421 0.148448 0.10182 0.0481739 0.0166325 0.00662237 0.00760472 0.0135497 0.0223674 0.0323324 0.0409024 0.0455129 0.0449707 0.0401356 0.033279 0.0266633 0.0214671 0.0176844 0.0147252
 1.03933e-16 5.18111e-05 0.000503623 0.00334675 0.0152139 0.0473361 0.100856 0.147208 0.147236 0.100993 0.047798 0.0165484 0.00669828 0.0078253 0.0139725 0.0230579 0.0333056 0.0420811 0.0467265 0.0460069 0.0408205 0.0335385 0.026534 0.0210607 0.0171345 0.0141466
 1.04629e-16 4.71205e-05 0.000458028 0.00304376 0.0138365 0.0430507 0.0917252 0.133882 0.133914 0.0918819 0.043577 0.0153574 0.00686361 0.00880411 0.0159193 0.0262994 0.0380117 0.0480745 0.0534683 0.0527866 0.0470395 0.038901 0.0310391 0.0248509 0.0203411 0.0168266
 1.05903e-16 4.52517e-05 0.000439863 0.00292304 0.0132878 0.0413433 0.0880875 0.128573 0.128605 0.0882432 0.0418663 0.0147993 0.00672109 0.00874347 0.0158519 0.0262306 0.0380061 0.0482638 0.0540482 0.0539793 0.0490263 0.0417486 0.0346524 0.0289773 0.0246281 0.0209096
 1.07102e-16 4.37846e-05 0.000425602 0.00282828 0.012857 0.0400029 0.0852317 0.124405 0.124437 0.0853894 0.0405328 0.0143884 0.00667667 0.00884074 0.0160671 0.026602 0.0385736 0.0490488 0.0550552 0.0552144 0.0505161 0.04354 0.0367856 0.0314459 0.0273525 0.0237396
 1.0807e-16 4.27504e-05 0.000415549 0.00276147 0.0125533 0.0390581 0.0832185 0.121467 0.121499 0.0833768 0.0395898 0.0140903 0.00662439 0.00886411 0.0161347 0.026729 0.0387892 0.0493904 0.0555687 0.0559542 0.0515394 0.0448912 0.0384749 0.0334324 0.0295408 0.0259944
 1.0858e-16 4.29163e-05 0.000417162 0.00277219 0.012602 0.0392096 0.0835414 0.121938 0.12197 0.0836968 0.0397315 0.0141108 0.00656438 0.00871194 0.0158447 0.0262543 0.0381179 0.0485739 0.0547253 0.0552376 0.051088 0.044787 0.0387315 0.0340079 0.0303595 0.0269643
 1.08774e-16 4.26654e-05 0.000414723 0.00275598 0.0125283 0.0389804 0.0830531 0.121225 0.121257 0.0832098 0.0395071 0.0140507 0.0065823 0.00878361 0.015984 0.0264823 0.03844 0.0489665 0.0551364 0.0556051 0.0513674 0.0449715 0.0388524 0.0341177 0.0305076 0.0271784
 1.0905e-16 4.18947e-05 0.000407232 0.0027062 0.012302 0.0382763 0.0815529 0.119036 0.119068 0.0817119 0.0388105 0.0138462 0.00658744 0.00889676 0.0162146 0.0268703 0.0390125 0.0497149 0.0560143 0.0565486 0.0523232 0.0459131 0.0397748 0.0350185 0.0313724 0.0279797
 1.0936e-16 4.17869e-05 0.000406183 0.00269923 0.0122703 0.0381777 0.0813429 0.118729 0.118761 0.0815004 0.0387069 0.0138 0.00654423 0.00881748 0.0160686 0.0266362 0.038692 0.0493475 0.0556783 0.0563409 0.0523272 0.0461702 0.0402739 0.0357048 0.0321661 0.0287968
 1.09589e-16 4.1456e-05 0.000402967 0.00267786 0.0121732 0.0378754 0.0806988 0.117789 0.117822 0.0808575 0.0384085 0.0137142 0.00655139 0.00887652 0.0161864 0.0268313 0.038973 0.0497017 0.0560718 0.0567331 0.0526903 0.0465025 0.0405973 0.036049 0.0325516 0.0292236
pSPR Fmed_Fpbrs
0.600942   0.286563 0.286563
Fs Fmed_Fpbrs
0.34   1.005 1.005
SSBpbr Bo_Bmed_Bpbrs
3.3668e+06  1.85491e+06  796461 796461
Ro
319280
SPR SPRFo_SPRFmed_SPRFpbrs
2.29821e+06 1.38109e+06 658581
Fref
1.005
Nvult_r0
 248217 94536.9 30665 10051.1 4627.59
CTP_r0
 83014.2 47386.3 15370.7 5038.06 2319.57
YTP_r0
2.59842e+06
Np
 319280 71063 15334.7 5087.16 1872.33
Nvult_p0
 248217 61493.6 13269.7 4402.13 1620.2
CTP_p0
 83014.2 49393.8 16386.1 5315.15 2344.58
 83014.2 30823.5 6651.39 2206.55 812.122
YTP_p0
 2.13138e+06 1.42163e+06
CBA_c0
2.45831e+06
log_Ro
12.4938
likeval ReclasPelacesDesembMPH_pf_preclas_ppelaces_ptallas_desvR_qrecl_qpela
 124.775 54.7528 9.51945 0.00660635 258.468 168.85 118.464 0 0 0 0 46.8521 0 0 0
q_reclas_q_pelaces
1 1
M
1
N
 319280 21840.1 199790 9007.61 1724.39
 319280 111254 7208.4 65941.3 3542.13
 319280 108285 34785.7 2253.84 21725.3
 319280 110551 35289.5 11336.5 7814.71
 319280 108320 34588.7 11041.2 5991.94
 319280 114373 37783.8 12065.1 5941.43
 319280 109598 36633.5 12102.1 5767.48
 319280 103619 31378.4 10488.3 5116.16
 319280 116038 37203.9 11266.3 5602.74
 319280 113599 39929.9 12802.3 5804.84
 319280 113944 39328.7 13824 6441.93
 319280 116217 41037.6 14164.5 7298.91
 319280 110248 37667.3 13300.8 6956.55
 319280 110228 35719.8 12204 6563.27
 319280 107428 33921.8 10992.5 5775.46
 319280 110987 35286.7 11142.2 5507.74
 319280 104988 32621.2 10371.5 4893.76
 319280 108947 33229.5 10324.9 4831.56
 319280 102829 30718.7 9369.36 4273.5
 319280 88395.1 21425.3 6400.47 2842.59
 319280 90664.4 19375.6 4696.26 2026.01
 319280 94721.7 21691.4 4635.6 1608.3
 319280 83145 17461.2 3998.64 1151.01
 319280 102111 23117.2 4854.82 1431.78
 319280 104565 29771.6 6740.06 1832.92
 319280 105710 31157.9 8871.21 2554.54
 319280 110229 34249.8 10095.1 3701.93
 319280 108282 34463.4 10708.3 4313.7
 319280 107651 33461.2 10649.9 4642.1
 319280 110393 34982.9 10873.8 4969.38
 319280 111346 36495.8 11565.3 5237.71
 319280 109248 35436.9 11615.2 5347.71
pred_Ctot
 10704.9 1432.18 13101.4 590.681 113.078
 15865 10695.3 692.975 6339.23 340.52
 11924.1 7889.35 2534.4 164.21 1582.85
 15802.8 10587.5 3379.67 1085.7 748.415
 5310.47 3563.75 1137.98 363.258 197.136
 13579.9 9456.97 3124.18 997.609 491.271
 24021.7 15678.8 5240.69 1731.3 825.081
 2440.1 1575.82 477.199 159.505 77.8058
 6646.62 4764.9 1527.72 462.632 230.067
 6050.02 4251.34 1494.34 479.116 217.241
 2131.74 1514.84 522.858 183.784 85.6426
 12450 8830.91 3118.31 1076.31 554.618
 12484.8 8400.18 2870 1013.43 530.042
 17358.2 11557.4 3745.23 1279.59 688.16
 11168.5 7342.57 2318.51 751.322 394.746
 21622.2 14364.8 4567.1 1442.12 712.858
 14711.3 9381.8 2915.06 926.803 437.311
 25407.9 16436.3 5013.15 1557.66 728.911
 51102.9 29504.8 8814.1 2688.34 1226.19
 47016.3 23546.3 5707.16 1704.93 757.196
 39755.4 20748.5 4434.08 1074.73 463.65
 60632.6 31570.3 7229.64 1545.02 536.038
 26670.6 13131.4 2757.72 631.523 181.785
 22361.6 13646.5 3089.47 648.817 191.349
 20359 12777.4 3637.96 823.606 223.975
 12483.5 8053.55 2373.79 675.859 194.619
 15869.8 10599.8 3293.53 970.77 355.985
 16969.4 11108.2 3535.48 1098.53 442.527
 12198 8018.7 2492.46 793.29 345.781
 10545.6 7133.82 2260.66 702.683 321.13
 14187.6 9606.38 3148.68 997.795 451.885
 6166.64 4166.32 1351.43 442.959 203.942
F
 0.0542512 0.108502 0.108502 0.108502 0.108502
 0.0813049 0.16261 0.16261 0.16261 0.16261
 0.0605888 0.121178 0.121178 0.121178 0.121178
 0.0809751 0.16195 0.16195 0.16195 0.16195
 0.026606 0.0532121 0.0532121 0.0532121 0.0532121
 0.0692492 0.138498 0.138498 0.138498 0.138498
 0.125349 0.250698 0.250698 0.250698 0.250698
 0.0121518 0.0243036 0.0243036 0.0243036 0.0243036
 0.0333944 0.0667887 0.0667887 0.0667887 0.0667887
 0.0303586 0.0607172 0.0607172 0.0607172 0.0607172
 0.0106093 0.0212187 0.0212187 0.0212187 0.0212187
 0.0633325 0.126665 0.126665 0.126665 0.126665
 0.0635143 0.127029 0.127029 0.127029 0.127029
 0.0892481 0.178496 0.178496 0.178496 0.178496
 0.0566569 0.113314 0.113314 0.113314 0.113314
 0.112224 0.224448 0.224448 0.224448 0.224448
 0.0752031 0.150406 0.150406 0.150406 0.150406
 0.132996 0.265992 0.265992 0.265992 0.265992
 0.28425 0.5685 0.5685 0.5685 0.5685
 0.258902 0.517805 0.517805 0.517805 0.517805
 0.215124 0.430247 0.430247 0.430247 0.430247
 0.345481 0.690962 0.690962 0.690962 0.690962
 0.140005 0.28001 0.28001 0.28001 0.28001
 0.116254 0.232507 0.232507 0.232507 0.232507
 0.105372 0.210744 0.210744 0.210744 0.210744
 0.0635076 0.127015 0.127015 0.127015 0.127015
 0.08133 0.16266 0.16266 0.16266 0.16266
 0.0871749 0.17435 0.17435 0.17435 0.17435
 0.062017 0.124034 0.124034 0.124034 0.124034
 0.0534259 0.106852 0.106852 0.106852 0.106852
 0.0724435 0.144887 0.144887 0.144887 0.144887
 0.0309514 0.0619028 0.0619028 0.0619028 0.0619028
YTP_r0W_actual
 713922 1.17518e+06 428843 187920 92550.6
YTP_p0W_proyectada
 625927 861923 394412 166471 82646.4
 625927 537870 160099 69109.2 28627.3
CTP_r0_actual
 83014.2 47386.3 15370.7 5038.06 2319.57
CTP_p0_proyectada
 83014.2 49393.8 16386.1 5315.15 2344.58
 83014.2 30823.5 6651.39 2206.55 812.122
Wmedp
 7.54 17.45 24.07 31.32 35.25
Frms_r0
 0.5025 1.005 1.005 1.005 1.005
Zrms_r0
 1.5025 2.005 2.005 2.005 2.005
nmprior
 7.29 8.9 8.7 0
nm_flota  nm_reclas  nm_pelaces    nm_pelaL
inf 4.37654 7.44472 16.6183
cv_recla  cv_pelaces  cv_mph
0.988181 0.810576 2.21215
 ------------------------------------------------
Talla a la edad & desviaci?n 
 8 13.2811 15.8009 17.003 17.5766
 0.8 1.32811 1.58009 1.7003 1.75766
