    unsorted:	 2.337686407e-06 2.227226939e-06 5.788172247e-05 4.986394957e-05 8.426383291e-05 0.001799875181 9.200096793 9.339161358 12.20420934 62.41595424 172.7939956 204.6681613 132.3243569 257.9663046 453.4805253 502.5400922 634.1433640 622.9688474 780.5699432 794.7761188 888.9121272 925.4632450 940.4429188 1041.595478 1172.625948 1189.117965 1318.865904 1440.981901 1522.385703 1624.437181 1790.029523 1881.837198 2111.673073 2347.517519 2300.275102 2402.935476 2433.064883 2608.616183 2838.695510 2878.452183 3026.567021 3240.499930 3317.607621 3816.619844 4174.404755 4305.465444 9711.730241 41002.04462 375363.7347 375086.9424 383459.4464 391110.0548 361413.5560 354038.2607 399163.2977 413021.3898 436430.3977 434781.0464 315567.7099 148769.0315 511494.8143 592877.7319 598571.3772 638456.0472 679270.0107 689842.0439 786229.3884 952637.8905 1021117.844 1116410.801 1162486.122 1489095.410 1637021.354 1792262.818 2352307.146 2391098.595 2437485.666 2494280.377 2752794.831 2960671.160 3336223.526 46091594.30
      sorted:	 2.227226939e-06 2.337686407e-06 4.986394957e-05 5.788172247e-05 8.426383291e-05 0.001799875181 9.200096793 9.339161358 12.20420934 62.41595424 132.3243569 172.7939956 204.6681613 257.9663046 453.4805253 502.5400922 622.9688474 634.1433640 780.5699432 794.7761188 888.9121272 925.4632450 940.4429188 1041.595478 1172.625948 1189.117965 1318.865904 1440.981901 1522.385703 1624.437181 1790.029523 1881.837198 2111.673073 2300.275102 2347.517519 2402.935476 2433.064883 2608.616183 2838.695510 2878.452183 3026.567021 3240.499930 3317.607621 3816.619844 4174.404755 4305.465444 9711.730241 41002.04462 148769.0315 315567.7099 354038.2607 361413.5560 375086.9424 375363.7347 383459.4464 391110.0548 399163.2977 413021.3898 434781.0464 436430.3977 511494.8143 592877.7319 598571.3772 638456.0472 679270.0107 689842.0439 786229.3884 952637.8905 1021117.844 1116410.801 1162486.122 1489095.410 1637021.354 1792262.818 2352307.146 2391098.595 2437485.666 2494280.377 2752794.831 2960671.160 3336223.526 46091594.30
