    unsorted:	 2.317311740e-06 5.530277471e-05 8.684072937e-05 0.001499863030 3.348817098 0.8216164164 6.251676272 12.23170145 9.869301545 55.39234787 155.0814399 127.8365937 203.3249860 241.4982077 462.8345057 492.2736719 621.6992977 790.0556966 815.9864652 875.2287246 901.7291809 915.3833162 1052.751304 1138.066414 1267.914290 1365.873156 1441.511365 1535.047155 1682.754886 1806.597342 1991.781895 2290.039950 2299.644562 2215.197859 2382.257476 2524.973043 2721.174702 2842.836063 3039.051467 3159.010010 3667.157854 3736.432048 4214.885120 10132.07080 41237.37528 385500.2777 387815.2286 378251.0449 356957.7769 359471.4038 397728.1933 421398.3956 445473.5565 454311.6303 460192.5792 315987.3261 163559.2932 604981.9561 613681.1085 657172.5935 693079.5702 711369.6941 973744.6261 1052572.842 1131137.368 1188828.855 1510647.395 1658677.446 1818728.551 2299117.676 2439259.442 2479583.840 2739137.039 2945283.632 3287464.910 41865743.31
      sorted:	 2.317311740e-06 5.530277471e-05 8.684072937e-05 0.001499863030 0.8216164164 3.348817098 6.251676272 9.869301545 12.23170145 55.39234787 127.8365937 155.0814399 203.3249860 241.4982077 462.8345057 492.2736719 621.6992977 790.0556966 815.9864652 875.2287246 901.7291809 915.3833162 1052.751304 1138.066414 1267.914290 1365.873156 1441.511365 1535.047155 1682.754886 1806.597342 1991.781895 2215.197859 2290.039950 2299.644562 2382.257476 2524.973043 2721.174702 2842.836063 3039.051467 3159.010010 3667.157854 3736.432048 4214.885120 10132.07080 41237.37528 163559.2932 315987.3261 356957.7769 359471.4038 378251.0449 385500.2777 387815.2286 397728.1933 421398.3956 445473.5565 454311.6303 460192.5792 604981.9561 613681.1085 657172.5935 693079.5702 711369.6941 973744.6261 1052572.842 1131137.368 1188828.855 1510647.395 1658677.446 1818728.551 2299117.676 2439259.442 2479583.840 2739137.039 2945283.632 3287464.910 41865743.31
