years
 1991 1992 1993 1994 1995 1996 1997 1998 1999 2000 2001 2002 2003 2004 2005 2006 2007 2008 2009 2010 2011 2012 2013 2014 2015 2016 2017 2018 2019 2020 2021 2022 2023
reclasobs
 0 0 0 0 0 0 0 0 0 252601 567819 844713 477998 351125 339783 2.1784e+06 2.13404e+06 4.81314e+06 1.55562e+06 2.62356e+06 3.21686e+06 3.843e+06 1.13348e+06 3.07943e+06 1.97215e+06 2.03268e+06 2.025e+06 2.42433e+06 2.27542e+06 1.05018e+06 2.36338e+06 3.18982e+06 1.53035e+06
reclaspred
 3.31951e+06 1.81731e+06 921729 926863 930685 1.54386e+06 874823 767864 548617 376456 502962 675727 655963 488754 490496 1.36129e+06 1.22615e+06 3.12124e+06 2.47206e+06 1.80179e+06 3.10834e+06 2.54396e+06 1.95591e+06 3.06046e+06 2.27514e+06 2.02245e+06 2.41826e+06 2.67266e+06 2.17383e+06 1.47492e+06 2.00076e+06 2.10655e+06 1.66326e+06
pelacesobs
 0 0 0 0 0 0 0 0 0 0 0 0 0 0 0 552880 188675 0 991730 2.46772e+06 1.41603e+06 1.21717e+06 2.29649e+06 1.80582e+06 0 1.4828e+06 1.56532e+06 1.57751e+06 1.42118e+06 867257 1.10002e+06 1.06204e+06 0
pelacespred
 1.82115e+06 1.0928e+06 542612 449734 485942 836093 412601 483084 317206 201211 290435 321911 345611 263582 275515 646384 584590 1.75628e+06 1.39975e+06 931540 1.61607e+06 1.38271e+06 1.08485e+06 1.89131e+06 1.3331e+06 1.19228e+06 1.63375e+06 1.61908e+06 1.1889e+06 923853 1.06526e+06 1.15407e+06 941828
mphobs
 0 0 0 0 0 0 0 0 0 0 0 498337 0 5186 125008 0 168611 109162 213762 579715 649985 157893 87575 83554 210694 70296 0 107559 103333 445601 22526 28222 0
mphpred
 347614 231208 111569 61878.9 66549.1 78257.8 103285 56282.8 51589.2 33108.7 20624.9 41146.7 43881.4 35399 21940 28611.6 104359 92999.1 211802 148597 156931 190852 183483 147528 209860 173006 142286 152429 224210 151629 99347.3 174444 109361
desembarqueobs
 494567 514787 250237 358949 120608 361735 552515 73892 212993 205616 52469 317467 293654 387597 252695 516296 358380 742168 942051 627588 828172 859565 418607 520667 417249 300574 415391 372974 316634 284311 391294 218835 356480
desembarquepred
 494570 513859 250671 358984 120613 361745 552546 73897.1 213053 205671 52471.7 317531 293694 387588 252673 516225 358403 742014 941752 627372 828252 859549 418609 520693 417239 300571 415384 372945 316618 284303 391252 218841 356496
Reclutas
 172549 95786.2 98661.3 147295 120089 210947 85062.4 37609.4 36038.8 47779.1 90858 128431 106072 75603.4 71081.9 381391 75655.5 617173 336388 271474 371352 518983 102928 297778 256455 114830 252230 296003 93927.3 86119 235963 90076.6 168767
log_desv_Rt
 0.187175 -0.401386 -0.371811 0.0289297 -0.175272 0.388101 -0.520119 -1.33625 -1.37891 -1.09692 -0.454207 -0.108115 -0.299386 -0.638004 -0.699672 0.980321 -0.637315 1.46164 0.85476 0.640363 0.953647 1.28837 -0.329479 0.732845 0.583447 -0.220049 0.566839 0.726865 -0.420984 -0.507774 0.500173 -0.462844 0.165016
SSB
 2.25417e+06 1.49932e+06 723490 401266 431551 507478 669770 364977 334540 214700 133746 266824 284558 229552 142274 185537 676737 603071 1.37347e+06 963605 1.01765e+06 1.23762e+06 1.18983e+06 956676 1.36088e+06 1.12189e+06 922682 988459 1.45393e+06 983267 644237 1.13122e+06 709170
BT
 3.14038e+06 2.1377e+06 1.0545e+06 969091 821112 1.55651e+06 1.10967e+06 787086 685850 497466 479013 745203 781811 795412 664614 1.38348e+06 1.15331e+06 3.28064e+06 2.99208e+06 1.95251e+06 3.08719e+06 2.86261e+06 1.98375e+06 3.3125e+06 2.37885e+06 2.04751e+06 2.86717e+06 2.76764e+06 2.03818e+06 1.65743e+06 1.92461e+06 1.89681e+06 1.72544e+06
Ftot
 0.189193 0.349245 0.343026 0.533531 0.178581 0.339399 0.778449 0.131462 0.520813 0.723349 0.161672 0.655397 0.619015 1.07432 0.765993 0.601706 0.382181 0.36824 0.515257 0.478056 0.377379 0.474803 0.278134 0.251954 0.248767 0.198573 0.251347 0.209226 0.18432 0.251715 0.292916 0.136884 0.303028
BD_Bspro_t
 0.970301 0.795369 0.599733 0.502932 0.492338 0.58142 0.571436 0.379302 0.440917 0.381996 0.339132 0.590936 0.468296 0.370018 0.258222 0.313638 0.507623 0.466485 0.599339 0.483048 0.450499 0.496588 0.516019 0.500904 0.618931 0.629281 0.636845 0.678443 0.739421 0.66476 0.604085 0.692071 0.685066
BD_Bspro
 2.1866 1.45437 0.701804 0.389238 0.418615 0.492267 0.649694 0.354037 0.324513 0.208264 0.129737 0.258826 0.276028 0.222671 0.13801 0.179976 0.656452 0.584994 1.3323 0.934721 0.987147 1.20052 1.15417 0.928001 1.32009 1.08827 0.895025 0.95883 1.41035 0.953794 0.624927 1.09731 0.687913
BD_Bo
 1.48147 0.985372 0.475488 0.263718 0.283621 0.333522 0.440183 0.239868 0.219864 0.141104 0.0878999 0.17536 0.187015 0.150865 0.0935047 0.121938 0.444761 0.396347 0.902665 0.633295 0.668814 0.813379 0.781973 0.628741 0.89439 0.737324 0.6064 0.649629 0.955544 0.646217 0.423402 0.743451 0.466076
BD_Brms
 2.69358 1.79158 0.864524 0.479487 0.515675 0.606403 0.800332 0.436123 0.399754 0.256552 0.159818 0.318837 0.340028 0.2743 0.170009 0.221705 0.808656 0.72063 1.64121 1.15144 1.21603 1.47887 1.42177 1.14317 1.62616 1.34059 1.10255 1.18114 1.73735 1.17494 0.769821 1.35173 0.847412
Sel_flota
 0.684262 0.97629 0.998723 0.999933 0.999996
 0.684262 0.97629 0.998723 0.999933 0.999996
 0.684262 0.97629 0.998723 0.999933 0.999996
 0.684262 0.97629 0.998723 0.999933 0.999996
 0.684262 0.97629 0.998723 0.999933 0.999996
 0.684262 0.97629 0.998723 0.999933 0.999996
 0.684262 0.97629 0.998723 0.999933 0.999996
 0.684262 0.97629 0.998723 0.999933 0.999996
 0.684262 0.97629 0.998723 0.999933 0.999996
 0.684262 0.97629 0.998723 0.999933 0.999996
 0.684262 0.97629 0.998723 0.999933 0.999996
 0.684262 0.97629 0.998723 0.999933 0.999996
 0.684262 0.97629 0.998723 0.999933 0.999996
 0.684262 0.97629 0.998723 0.999933 0.999996
 0.684262 0.97629 0.998723 0.999933 0.999996
 0.684262 0.97629 0.998723 0.999933 0.999996
 0.684262 0.97629 0.998723 0.999933 0.999996
 0.684262 0.97629 0.998723 0.999933 0.999996
 0.684262 0.97629 0.998723 0.999933 0.999996
 0.684262 0.97629 0.998723 0.999933 0.999996
 0.684262 0.97629 0.998723 0.999933 0.999996
 0.684262 0.97629 0.998723 0.999933 0.999996
 0.684262 0.97629 0.998723 0.999933 0.999996
 0.684262 0.97629 0.998723 0.999933 0.999996
 0.684262 0.97629 0.998723 0.999933 0.999996
 0.684262 0.97629 0.998723 0.999933 0.999996
 0.684262 0.97629 0.998723 0.999933 0.999996
 0.684262 0.97629 0.998723 0.999933 0.999996
 0.684262 0.97629 0.998723 0.999933 0.999996
 0.684262 0.97629 0.998723 0.999933 0.999996
 0.684262 0.97629 0.998723 0.999933 0.999996
 0.684262 0.97629 0.998723 0.999933 0.999996
 0.684262 0.97629 0.998723 0.999933 0.999996
Sel_reclas
 1 1 1 1 1
 1 1 1 1 1
 1 1 1 1 1
 1 1 1 1 1
 1 1 1 1 1
 1 1 1 1 1
 1 1 1 1 1
 1 1 1 1 1
 1 1 1 1 1
 1 1 1 1 1
 1 1 1 1 1
 1 1 1 1 1
 1 1 1 1 1
 1 1 1 1 1
 1 1 1 1 1
 1 1 1 1 1
 1 1 1 1 1
 1 1 1 1 1
 1 1 1 1 1
 1 1 1 1 1
 1 1 1 1 1
 1 1 1 1 1
 1 1 1 1 1
 1 1 1 1 1
 1 1 1 1 1
 1 1 1 1 1
 1 1 1 1 1
 1 1 1 1 1
 1 1 1 1 1
 1 1 1 1 1
 1 1 1 1 1
 1 1 1 1 1
 1 1 1 1 1
Sel_pelaces
 1 1 1 1 1
 1 1 1 1 1
 1 1 1 1 1
 1 1 1 1 1
 1 1 1 1 1
 1 1 1 1 1
 1 1 1 1 1
 1 1 1 1 1
 1 1 1 1 1
 1 1 1 1 1
 1 1 1 1 1
 1 1 1 1 1
 1 1 1 1 1
 1 1 1 1 1
 1 1 1 1 1
 1 1 1 1 1
 1 1 1 1 1
 1 1 1 1 1
 1 1 1 1 1
 1 1 1 1 1
 1 1 1 1 1
 1 1 1 1 1
 1 1 1 1 1
 1 1 1 1 1
 1 1 1 1 1
 1 1 1 1 1
 1 1 1 1 1
 1 1 1 1 1
 1 1 1 1 1
 1 1 1 1 1
 1 1 1 1 1
 1 1 1 1 1
 1 1 1 1 1
pf_obs 
 0.8446 0.082 0.0669 0.0065 0
 0.8095 0.147 0.0364 0.0071 0
 0.9664 0.0169 0.016 0.0007 0
 0.9276 0.0648 0.0075 0.0001 0
 0.7033 0.2144 0.0806 0.0017 0
 0.9318 0.0425 0.0243 0.0014 0
 0.5671 0.3108 0.0964 0.0239 0.0018
 0.0768 0.2599 0.5324 0.112 0.0189
 0.490249 0.384438 0.106611 0.0170017 0.00170017
 0.7925 0.1577 0.0466 0.003 0.0002
 0.840416 0.127587 0.0312969 0.00059994 9.999e-05
 0.8084 0.0986 0.0794 0.0134 0.0002
 0.7335 0.1905 0.0724 0.0035 0.0001
 0.4001 0.4547 0.1325 0.0127 0
 0.49795 0.308269 0.164784 0.0264974 0.00249975
 0.9179 0.0499 0.0305 0.0017 0
 0.2467 0.6533 0.0926 0.0074 0
 0.9418 0.0223 0.034 0.0019 0
 0.707729 0.231977 0.0356964 0.0245975 0
 0.517169 0.277429 0.184464 0.0207286 0.00020938
 0.811772 0.124168 0.05621 0.00726502 0.000585176
 0.764997 0.148141 0.077277 0.00933861 0.000247198
 0.163321 0.427699 0.378323 0.0303852 0.000271297
 0.753843 0.0900009 0.118128 0.0371064 0.000921714
 0.721811 0.176058 0.0630433 0.0369309 0.00215725
 0.143369 0.312575 0.442814 0.0836902 0.0175525
 0.692698 0.0596174 0.167031 0.0765114 0.00414204
 0.394062 0.376323 0.152708 0.0712218 0.00568511
 0.125707 0.32114 0.495352 0.0537591 0.00404204
 0.23352 0.215282 0.420074 0.123614 0.00750983
 0.796117 0.104755 0.0508955 0.0450114 0.00322123
 0.162477 0.292055 0.404252 0.121198 0.0200186
 0 0 0 0 0
pf_pred 
 0.456276 0.136902 0.381678 0.025144 8.76363e-07
 0.40921 0.326499 0.0677613 0.184398 0.0121324
 0.569689 0.219711 0.117817 0.0238136 0.0689697
 0.717848 0.187997 0.048711 0.0254392 0.0200045
 0.645892 0.282587 0.0481258 0.0121126 0.0112822
 0.740523 0.188285 0.0570922 0.00949194 0.00460814
 0.460729 0.437207 0.0746013 0.0220297 0.00543287
 0.458484 0.314535 0.185168 0.0305774 0.0112364
 0.538343 0.254203 0.121694 0.0699781 0.0157821
 0.715802 0.183438 0.0562217 0.0261432 0.0183948
 0.829413 0.136897 0.0219963 0.00652988 0.00516385
 0.738959 0.228594 0.0261634 0.00410437 0.00217912
 0.68332 0.258988 0.0507156 0.00562702 0.00134912
 0.641704 0.277122 0.0667555 0.0126772 0.00174092
 0.754296 0.185883 0.0466632 0.0108241 0.00233307
 0.938941 0.0508742 0.00776716 0.00188698 0.000531109
 0.363996 0.610684 0.0212025 0.0031409 0.000976236
 0.906758 0.0430531 0.0482423 0.00163044 0.000316142
 0.570033 0.402668 0.0127872 0.0139497 0.000562062
 0.607779 0.263222 0.121033 0.00373404 0.00423109
 0.726727 0.192519 0.0546987 0.024449 0.00160647
 0.744365 0.204647 0.0362099 0.0100149 0.0047637
 0.306124 0.56673 0.102363 0.0176079 0.00717542
 0.730215 0.106332 0.134124 0.0236181 0.00571035
 0.616414 0.30709 0.0306127 0.0376596 0.00822377
 0.420953 0.406558 0.138795 0.0134949 0.0201994
 0.717517 0.145325 0.0970015 0.0323208 0.00783579
 0.682473 0.250741 0.0347816 0.0226429 0.00936102
 0.350813 0.492012 0.124766 0.0168896 0.0155202
 0.472925 0.231713 0.225163 0.0557382 0.0144598
 0.785521 0.122419 0.0410475 0.0389006 0.0121115
 0.432844 0.479158 0.0507936 0.0166016 0.0206033
 0.67991 0.167437 0.129444 0.0134036 0.0098051
pobs_RECLAS
 0 0 0 0 0
 0 0 0 0 0
 0 0 0 0 0
 0 0 0 0 0
 0 0 0 0 0
 0 0 0 0 0
 0 0 0 0 0
 0 0 0 0 0
 0 0 0 0 0
 0 0 0 0 0
 0.991045 0.00858322 0.000360255 1.14367e-05 0
 0.934742 0.0480273 0.0164251 0.00080598 0
 0.827803 0.169806 0.00239088 0 0
 0.941827 0.0461693 0.0120037 0 0
 0.791401 0.0380133 0.147996 0.0225897 0
 0.846168 0.0940531 0.0597789 0 0
 0.134021 0.677848 0.182769 0.00536245 0
 0.80878 0.0450904 0.141981 0.00414843 0
 0.846168 0.0940531 0.0597789 0 0
 0.905697 0.0802665 0.012482 0.00150086 5.37128e-05
 0.989698 0.0102097 9.19794e-05 0 0
 0.975433 0.0193895 0.00387452 0.00125025 5.28907e-05
 0.303575 0.632131 0.0575291 0.00676475 0
 0.966965 0.00978017 0.0227588 0.000495775 0
 0.843318 0.132988 0.00938335 0.0141283 0.000182051
 0.564624 0.303363 0.111486 0.0197234 0.00080311
 0.826376 0.0876187 0.0782897 0.00655872 0.00115652
 0.89761 0.0855135 0.0140674 0.00269457 0.000114338
 0.34875 0.467042 0.161289 0.0227151 0.000203297
 0.318654 0.224769 0.449479 0.00709798 0
 0.937255 0.0296025 0.0250945 0.00804832 0
 0.456809 0.399803 0.12412 0.0192676 0
 0.883104 0.0372192 0.0704036 0.00927362 0
ppred_RECLAS
 0.550477 0.11516 0.313721 0.0206417 7.19395e-07
 0.502436 0.277988 0.0563494 0.153151 0.0100759
 0.65885 0.176242 0.0923077 0.0186342 0.0539653
 0.788442 0.142123 0.0359449 0.0187479 0.0147417
 0.724329 0.22103 0.0367827 0.00924634 0.00861187
 0.805477 0.142068 0.042076 0.00698664 0.00339164
 0.557903 0.360143 0.0599246 0.0176719 0.00435786
 0.550357 0.263708 0.151717 0.025023 0.00919467
 0.63127 0.205283 0.0959306 0.0550925 0.0124241
 0.788376 0.137826 0.0412021 0.0191336 0.0134618
 0.874994 0.10078 0.015824 0.00469177 0.00371003
 0.805769 0.17061 0.0190515 0.00298477 0.00158458
 0.759678 0.197417 0.0377227 0.00417996 0.00100211
 0.729273 0.210657 0.0494132 0.00937053 0.00128672
 0.819419 0.137455 0.0336504 0.00779512 0.00168008
 0.95745 0.0355978 0.00530363 0.0012868 0.000362159
 0.452694 0.526012 0.0178355 0.00263878 0.000820117
 0.934266 0.0307387 0.0336393 0.00113547 0.000220153
 0.658425 0.320386 0.00993178 0.0108208 0.000435962
 0.6936 0.207248 0.0930371 0.00286664 0.00324802
 0.794501 0.145797 0.0404554 0.0180598 0.00118658
 0.809169 0.153505 0.0265175 0.00732484 0.00348389
 0.389249 0.500979 0.0883973 0.0151867 0.00618835
 0.797793 0.0808357 0.0996163 0.0175198 0.00423564
 0.698813 0.242271 0.0235953 0.0289908 0.00633033
 0.512241 0.344838 0.11503 0.0111705 0.0167191
 0.786882 0.110898 0.0723185 0.0240665 0.00583427
 0.756093 0.193563 0.0262349 0.0170578 0.0070516
 0.437976 0.428347 0.106139 0.0143505 0.0131861
 0.566453 0.193119 0.18334 0.0453287 0.0117586
 0.841905 0.0911687 0.029862 0.0282648 0.0087995
 0.523087 0.404376 0.0418915 0.0136753 0.0169705
 0.755649 0.129257 0.0976138 0.010095 0.00738429
pobs_PELACES
 0 0 0 0 0
 0 0 0 0 0
 0 0 0 0 0
 0 0 0 0 0
 0 0 0 0 0
 0 0 0 0 0
 0 0 0 0 0
 0 0 0 0 0
 0 0 0 0 0
 0 0 0 0 0
 0 0 0 0 0
 0 0 0 0 0
 0 0 0 0 0
 0 0 0 0 0
 0 0 0 0 0
 0 0 0 0 0
 0.505614 0.472636 0.0217494 0 0
 0 0 0 0 0
 0.443492 0.261883 0.143347 0.151278 0
 0.227955 0.32914 0.350689 0.0885471 0.00366901
 0.970185 0.0296113 0.000203453 0 0
 0.997202 0.00247181 0.000326279 0 0
 0.445219 0.490057 0.0546422 0.010081 0
 0.90214 0.0892962 0.00764917 0.000914606 0
 0 0 0 0 0
 0.581667 0.319106 0.0959925 0.00289975 0.000334073
 0.762889 0.0836404 0.116647 0.0363945 0.000428098
 0.88444 0.0763242 0.0277011 0.0115352 0
 0.521256 0.241999 0.230069 0.00667565 0
 0.616807 0.101726 0.260614 0.0208532 0
 0.833518 0.0704572 0.0857862 0.0102388 0
 0.697417 0.212968 0.0787535 0.0105354 0.000325836
 0 0 0 0 0
ppred_PELACES
 0.555242 0.114058 0.310285 0.0204141 7.11459e-07
 0.511145 0.273446 0.0552857 0.150239 0.0098842
 0.66652 0.172497 0.0901167 0.0181894 0.0526768
 0.797106 0.136484 0.0343826 0.0179293 0.0140978
 0.727805 0.218301 0.0362806 0.00911948 0.00849368
 0.810656 0.138381 0.040881 0.0067873 0.00329485
 0.576581 0.3453 0.0571247 0.016841 0.00415289
 0.553591 0.261918 0.150541 0.0248276 0.00912287
 0.643274 0.198947 0.0926118 0.0531755 0.0119917
 0.800078 0.130454 0.0387899 0.0180082 0.0126698
 0.876714 0.099417 0.0155913 0.00462248 0.00365522
 0.815553 0.162113 0.018015 0.00282164 0.00149796
 0.770545 0.188645 0.0358818 0.00397499 0.000952953
 0.749556 0.195221 0.0454297 0.00861142 0.00118246
 0.830278 0.129366 0.031491 0.00729267 0.00157176
 0.959779 0.033674 0.00499472 0.00121156 0.000340979
 0.461862 0.517258 0.0174891 0.00258714 0.000804061
 0.936499 0.0297379 0.0324554 0.00109535 0.000212372
 0.669557 0.31002 0.00957386 0.0104287 0.00042016
 0.703542 0.200754 0.0898033 0.00276648 0.00313449
 0.800507 0.141652 0.0391958 0.0174949 0.00114945
 0.816239 0.147921 0.0254631 0.00703227 0.00334471
 0.395729 0.495849 0.0873121 0.0149986 0.00611166
 0.801861 0.0792989 0.0975404 0.017153 0.00414693
 0.703912 0.238258 0.0231617 0.0284553 0.00621337
 0.51713 0.341531 0.11376 0.0110462 0.0165331
 0.791066 0.10882 0.0708313 0.0235692 0.00571368
 0.759852 0.190642 0.025799 0.0167731 0.00693385
 0.442434 0.425089 0.105188 0.0142209 0.013067
 0.572657 0.190555 0.180569 0.0446392 0.0115796
 0.845749 0.0890358 0.0291002 0.0275406 0.00857397
 0.526416 0.401617 0.0415635 0.0135675 0.0168366
 0.761195 0.126459 0.0952862 0.00985308 0.00720729
pobs_pel_tallas
 0 0 0 0 0 0 0 0 0 0 0 0 0 0 0 0 0 0 0 0 0 0 0 0 0 0
 0 0 0 0 0 0 0 0 0 0 0 0 0 0 0 0 0 0 0 0 0 0 0 0 0 0
 0 0 0 0 0 0 0 0 0 0 0 0 0 0 0 0 0 0 0 0 0 0 0 0 0 0
 0 0 0 0 0 0 0 0 0 0 0 0 0 0 0 0 0 0 0 0 0 0 0 0 0 0
 0 0 0 0 0 0 0 0 0 0 0 0 0 0 0 0 0 0 0 0 0 0 0 0 0 0
 0 0 0 0 0 0 0 0 0 0 0 0 0 0 0 0 0 0 0 0 0 0 0 0 0 0
 0 0 0 0 0 0 0 0 0 0 0 0 0 0 0 0 0 0 0 0 0 0 0 0 0 0
 0 0 0 0 0 0 0 0 0 0 0 0 0 0 0 0 0 0 0 0 0 0 0 0 0 0
 0 0 0 0 0 0 0 0 0 0 0 0 0 0 0 0 0 0 0 0 0 0 0 0 0 0
 0 0 0 0 0 0 0 0 0 0 0 0 0 0 0 0 0 0 0 0 0 0 0 0 0 0
 0 0 0 0 0 0 0 0 0 0 0 0 0 0 0 0 0 0 0 0 0 0 0 0 0 0
 0 0 0 0 0 0 0 0 0 0 0 0 0 0 0 0 0 0 0 0 0 0 0 0 0 0
 0.00862536 0 0 0.000197151 0.00414017 0.0128641 0.00837892 0.0270097 0.101434 0.158115 0.152841 0.127902 0.109271 0.109419 0.0830992 0.0579132 0.0238553 0.00714673 0.00463305 0.00128148 0.00103504 0.000492878 0.000147863 0.000147863 4.92878e-05 0
 0 0 0 0 0 0 0 0 0 0 0 0 0 0 0 0 0 0 0 0 0 0 0 0 0 0
 0 0 0 0 0 0 0 0.0054083 0.00873648 0.0413646 0.0450493 0.0745869 0.0622846 0.0627006 0.0613931 0.0827291 0.12552 0.122667 0.0946155 0.0697135 0.0546179 0.0294188 0.0215738 0.0213955 0.0102223 0.00600262
 0 0 0 0 0.00359764 0.0251062 0.0480494 0.140153 0.205849 0.193036 0.1447 0.116669 0.0760912 0.0342217 0.00950174 0.001854 0.000860785 0 0 0 0.000165536 0 0.000143464 0 0 0
 0 0 0 0 0 0 0 0.000145254 0.000435761 0.0275982 0.070085 0.0708112 0.156366 0.174668 0.174014 0.160142 0.0824315 0.0480064 0.0283245 0.00493863 0.00203355 0 0 0 0 0
 0 0 0 0 0 0 0 0 0 0 0 0 0 0 0 0 0 0 0 0 0 0 0 0 0 0
 0 0 1.00437e-05 0.000401748 0.00122533 0.00171747 0.00176769 0.0269171 0.070346 0.194647 0.189555 0.159765 0.064822 0.0314167 0.0384472 0.0292271 0.0345202 0.0313363 0.0194345 0.0106764 0.0143323 0.0359363 0.0279516 0.0138201 0.00172751 0
 0 0.0021121 0.0136068 0.0755702 0.200478 0.177729 0.0527432 0.0373336 0.0318909 0.0142505 0.0149659 0.0166563 0.0217959 0.0798694 0.0677717 0.0528807 0.04013 0.0224614 0.0357745 0.0225083 0.00881397 0.00855152 0.00135912 0.000746735 0 0
 0 0 0 0 5.4009e-05 0.00500934 0.000945158 0.0243581 0.138947 0.33067 0.221406 0.137944 0.0707744 0.0437923 0.0131692 0.00525238 0.0047753 0.00276346 9.45158e-05 9.00151e-06 2.25038e-05 9.00151e-06 4.50075e-06 0 0 0
 0.000866109 0.00284123 0.00948549 0.0512746 0.133035 0.25785 0.225252 0.132002 0.0553304 0.0519788 0.0540692 0.017754 0.00435017 0.00159236 0.00146478 0.000404838 0.000125132 0.000115318 0.000107957 0.000100596 0 0 0 0 0 0
 0 0 0 0 0.00144013 0.00171154 0.00461396 0.0210425 0.0478622 0.0707936 0.0888783 0.103762 0.0637923 0.0337046 0.0602308 0.124433 0.169614 0.0934646 0.0462172 0.0250306 0.0313229 0.00938855 0.002487 0.000210481 0 0
 0 0.00764035 0.051015 0.0998891 0.058973 0.0496711 0.0374665 0.0718981 0.12319 0.153886 0.159021 0.0857701 0.0377988 0.023471 0.0147837 0.00900784 0.00315554 0.000888139 0.00291439 0.00214683 0.00393193 0.00274676 0.000635225 9.99891e-05 0 0
 0 0 0 0 0 0 0 0 0 0 0 0 0 0 0 0 0 0 0 0 0 0 0 0 0 0
 0 0 0 0 0 0 0 0 0 0 0 0 0 0 0 0 0 0 0 0 0 0 0 0 0 0
 0 0 0 0 0 0 0 0 0 0 0 0 0 0 0 0 0 0 0 0 0 0 0 0 0 0
 0 0 0 0 0 0 0 0 0 0 0 0 0 0 0 0 0 0 0 0 0 0 0 0 0 0
 0 0 0 0 0 0 0 0 0 0 0 0 0 0 0 0 0 0 0 0 0 0 0 0 0 0
 0 0 0 0 0 0 0 0 0 0 0 0 0 0 0 0 0 0 0 0 0 0 0 0 0 0
 0 0 0 0 0 0 0 0 0 0 0 0 0 0 0 0 0 0 0 0 0 0 0 0 0 0
 0 0 0 0 0 0 0 0 0 0 0 0 0 0 0 0 0 0 0 0 0 0 0 0 0 0
 0 0 0 0 0 0 0 0 0 0 0 0 0 0 0 0 0 0 0 0 0 0 0 0 0 0
ppred_pel_tallas
 1.11031e-16 4.57346e-05 0.000444556 0.00295423 0.0134295 0.0417843 0.0890263 0.129939 0.12995 0.0890825 0.0419742 0.013984 0.00436817 0.00360402 0.00625914 0.0108295 0.0168832 0.0239049 0.0312992 0.0386319 0.0456019 0.0516941 0.0559086 0.0569846 0.0540721 0.0473441
 1.18405e-16 4.21024e-05 0.00040925 0.00271961 0.012363 0.038466 0.0819568 0.119624 0.11965 0.082086 0.0389 0.0136179 0.00587408 0.00731132 0.0131996 0.0218925 0.0318792 0.0408786 0.0466617 0.0483742 0.0471033 0.0451034 0.044263 0.0449952 0.046248 0.0463812
 1.13384e-16 5.49004e-05 0.000533652 0.00354631 0.016121 0.0501585 0.106869 0.155981 0.155998 0.10695 0.0504337 0.0169174 0.0055513 0.00493017 0.00846302 0.0140595 0.020619 0.0267276 0.0309939 0.0328266 0.0327718 0.0320537 0.0316929 0.0319064 0.0321622 0.0316779
 1.05211e-16 6.56566e-05 0.000638206 0.0042411 0.0192794 0.0599856 0.127806 0.186539 0.186553 0.127871 0.060202 0.0199051 0.00581318 0.00407548 0.00660992 0.0108674 0.0157548 0.0200445 0.0225401 0.022716 0.0210281 0.0185803 0.0164158 0.0149877 0.0141237 0.0133573
 1.03455e-16 5.99484e-05 0.00058272 0.00387238 0.0176033 0.0547705 0.116695 0.170324 0.170345 0.116798 0.0551159 0.0186011 0.00637761 0.00605346 0.0104552 0.0172041 0.0248119 0.0312768 0.0346007 0.033868 0.0297848 0.024184 0.0189082 0.0149423 0.0122986 0.010466
 1.02454e-16 6.67727e-05 0.000649054 0.00431319 0.0196072 0.0610052 0.129979 0.18971 0.189724 0.130044 0.0612248 0.0202417 0.00590761 0.00413514 0.00670349 0.0110184 0.0159634 0.020278 0.0227186 0.0227033 0.0206341 0.0175791 0.0145859 0.0121752 0.0103136 0.00871981
 1.04129e-16 4.74923e-05 0.000461642 0.00306777 0.0139457 0.0433904 0.092449 0.134939 0.134972 0.0926117 0.0439367 0.0155239 0.00703009 0.00911389 0.0164871 0.0272007 0.0392251 0.0494243 0.0546294 0.0533761 0.0467629 0.0376734 0.029018 0.0223715 0.0177957 0.0145463
 1.08445e-16 4.55986e-05 0.000443235 0.00294545 0.0133896 0.0416602 0.0887624 0.129557 0.129582 0.0888867 0.0420782 0.0145992 0.00599059 0.00712004 0.0128119 0.0213328 0.0312501 0.0403935 0.0465484 0.0486511 0.0473175 0.0442072 0.0407894 0.0375468 0.0341148 0.0299768
 1.10086e-16 5.29857e-05 0.00051504 0.00342262 0.0155588 0.0484092 0.103142 0.150542 0.150561 0.103236 0.0487262 0.0164761 0.00573136 0.00557501 0.00972219 0.0161468 0.0236313 0.0305237 0.0351815 0.0368791 0.0362042 0.0345384 0.0330532 0.0320377 0.0309806 0.0291531
 1.05103e-16 6.59014e-05 0.000640585 0.00425691 0.0193513 0.0602092 0.128283 0.187235 0.187247 0.128344 0.0604163 0.01995 0.00576169 0.00393215 0.00633702 0.0104251 0.0151389 0.0193133 0.021814 0.0221386 0.0207085 0.0185477 0.016612 0.0152974 0.0144223 0.0135519
 1.01558e-16 7.22138e-05 0.000701944 0.00466466 0.0212049 0.0659763 0.14057 0.205168 0.205177 0.140617 0.0661336 0.0216592 0.00580528 0.00319253 0.00480416 0.00783301 0.0112891 0.0142235 0.0157227 0.0153702 0.0134898 0.0109205 0.00850664 0.00670011 0.0055068 0.00469081
 1.01098e-16 6.7176e-05 0.000652975 0.00433925 0.0197256 0.0613738 0.130764 0.190857 0.190873 0.13084 0.0616299 0.0204654 0.00619585 0.00470455 0.00775768 0.0127076 0.0182731 0.0229227 0.0251431 0.0242341 0.0207226 0.0160056 0.0115207 0.00808794 0.00580088 0.00433592
 1.01644e-16 6.34688e-05 0.00061694 0.00409978 0.018637 0.0579868 0.123548 0.180325 0.180343 0.123637 0.0582854 0.0194996 0.00626559 0.00534691 0.00905233 0.0148797 0.0214621 0.0270565 0.0299244 0.029252 0.0256166 0.0205671 0.0156763 0.01181 0.00903764 0.00701091
 1.02425e-16 6.17399e-05 0.000600134 0.0039881 0.0181294 0.0564072 0.120182 0.175414 0.175432 0.120274 0.0567165 0.0190231 0.00623279 0.00550477 0.00938959 0.0154592 0.0223424 0.0282599 0.0314334 0.0310314 0.0276398 0.0228204 0.0181345 0.0144043 0.0116444 0.00947429
 1.0194e-16 6.8389e-05 0.000664765 0.0044176 0.0200818 0.0624819 0.133125 0.194302 0.194315 0.133186 0.0626869 0.0206742 0.00590576 0.0039169 0.00625496 0.0102591 0.0148342 0.0187845 0.0209364 0.020744 0.0185968 0.0155244 0.0125482 0.0101937 0.00844985 0.00704841
 1.00333e-16 7.90557e-05 0.00076845 0.00510662 0.0232139 0.0722272 0.153888 0.224604 0.224608 0.153904 0.0722805 0.0233678 0.00549278 0.0016115 0.00168036 0.00265332 0.0038156 0.00480024 0.00529193 0.00514657 0.00447174 0.00355141 0.00267432 0.00199998 0.0015396 0.0012233
 1.01033e-16 3.8043e-05 0.000369792 0.0024574 0.011171 0.0347574 0.0740562 0.108098 0.108147 0.0742993 0.0355735 0.0135268 0.00836627 0.013254 0.0244634 0.040267 0.0577306 0.0720244 0.0782521 0.0741554 0.061489 0.0449036 0.0292665 0.0174761 0.0100099 0.00584721
 1.01091e-16 7.71382e-05 0.000749811 0.00498276 0.0226509 0.0704753 0.150155 0.219157 0.219159 0.150169 0.0705233 0.0227899 0.00533376 0.00152294 0.00156553 0.00251819 0.00374083 0.00495413 0.00592027 0.00651387 0.00676383 0.0067797 0.0066313 0.0062957 0.00570934 0.00486082
 1.01473e-16 5.51506e-05 0.000536083 0.00356246 0.0161945 0.0503871 0.107356 0.156696 0.156726 0.107502 0.0508763 0.0176066 0.00710446 0.00825984 0.0146992 0.0241489 0.0346319 0.0432375 0.0470444 0.0447174 0.0373249 0.0276592 0.0186208 0.0119037 0.00772967 0.00542049
 1.03451e-16 5.79498e-05 0.000563293 0.00374328 0.0170164 0.0529445 0.112805 0.164646 0.164665 0.1129 0.0532639 0.0179402 0.00606647 0.00564952 0.00976042 0.0161551 0.0235229 0.0301099 0.0341431 0.0347621 0.0324629 0.0286379 0.0246237 0.0210417 0.017827 0.0146926
 1.03117e-16 6.59368e-05 0.000640929 0.0042592 0.0193617 0.0602415 0.128351 0.187336 0.187349 0.128418 0.0604662 0.0200112 0.00589123 0.00420934 0.00685985 0.0112809 0.0163496 0.0207844 0.0233242 0.0233906 0.0214132 0.0184952 0.0156996 0.0135235 0.0118747 0.0104025
 1.02044e-16 6.72326e-05 0.000653525 0.0043429 0.0197422 0.0614254 0.130874 0.191017 0.191031 0.130944 0.0616595 0.0204184 0.00604071 0.00436122 0.00711291 0.0116635 0.0168208 0.0212072 0.0234661 0.0229735 0.020201 0.0163818 0.0127566 0.00999045 0.00809836 0.00675072
 1.05185e-16 3.25958e-05 0.000316843 0.00210553 0.00957148 0.0297807 0.0634526 0.092621 0.0926688 0.0636863 0.0305653 0.0118381 0.00779642 0.0127442 0.0236464 0.0390718 0.0563528 0.0710124 0.0784931 0.0766736 0.0671042 0.0538988 0.0412254 0.0313646 0.0244596 0.0195173
 1.05258e-16 6.60482e-05 0.000642012 0.0042664 0.0193944 0.0603433 0.128568 0.187651 0.187658 0.128606 0.0604716 0.0197668 0.00520783 0.00271952 0.00407721 0.00680742 0.0102007 0.0136661 0.0166266 0.0187874 0.020232 0.0212046 0.0217824 0.0217506 0.0207802 0.0187237
 1.04635e-16 5.79804e-05 0.00056359 0.00374525 0.0170254 0.0529724 0.112864 0.164733 0.164756 0.112976 0.053349 0.0181131 0.00647521 0.00652241 0.0113733 0.018708 0.0269423 0.0338888 0.0373724 0.0364248 0.0318781 0.0258109 0.0202956 0.0164108 0.0140933 0.0126469
 1.07276e-16 4.25954e-05 0.000414042 0.00275146 0.0125078 0.0389164 0.0829168 0.121026 0.121059 0.0830782 0.0394587 0.0140752 0.00669107 0.00903081 0.016456 0.0272645 0.0395675 0.0503759 0.0566501 0.0569625 0.0522866 0.045209 0.0382442 0.0326079 0.0281724 0.0242344
 1.05403e-16 6.51591e-05 0.000633369 0.00420896 0.0191333 0.059531 0.126837 0.185125 0.185136 0.126889 0.059705 0.0196372 0.00547843 0.00341996 0.00540267 0.0089477 0.0131637 0.0171466 0.0200135 0.0213553 0.021435 0.0209049 0.0202866 0.0196535 0.0187198 0.0171708
 1.03649e-16 6.2588e-05 0.000608378 0.00404289 0.0183784 0.0571821 0.121833 0.177823 0.177841 0.121923 0.0574836 0.0192494 0.0062294 0.00538238 0.00913197 0.0150058 0.0216314 0.0272528 0.0301313 0.0294845 0.0259562 0.0211762 0.01677 0.0135851 0.0115845 0.0102507
 1.06782e-16 3.64428e-05 0.000354237 0.00235403 0.0107011 0.0332954 0.0709408 0.103549 0.10359 0.0711414 0.0339691 0.0126479 0.00724417 0.0110409 0.0203658 0.0336985 0.0487443 0.0617231 0.0687875 0.0681418 0.0610654 0.050947 0.0411559 0.0334382 0.0277761 0.0232925
 1.11696e-16 4.7169e-05 0.0004585 0.00304689 0.0138507 0.0430949 0.0918189 0.134016 0.134035 0.09191 0.0434015 0.0147396 0.0052904 0.00539706 0.00954694 0.0160245 0.0238208 0.0315142 0.0376548 0.0415414 0.0435108 0.044424 0.0448128 0.0444517 0.0426556 0.0389352
 1.05076e-16 6.96633e-05 0.000677152 0.00449991 0.020456 0.0636461 0.135605 0.197921 0.19793 0.135647 0.0637877 0.0208653 0.00552928 0.00293067 0.00436883 0.00716448 0.0104408 0.0134079 0.0153219 0.0158724 0.0153655 0.0144878 0.0138354 0.0135793 0.0134742 0.0131163
 1.05513e-16 4.33602e-05 0.000421477 0.00280087 0.0127323 0.0396153 0.084406 0.123201 0.12324 0.084595 0.0402499 0.0145652 0.00740064 0.0104598 0.0190993 0.0314846 0.0453021 0.0568738 0.0624871 0.0604517 0.0521237 0.0410037 0.0306561 0.0230541 0.0183027 0.0154305
 1.0499e-16 6.26986e-05 0.000609453 0.00405003 0.0184109 0.0572831 0.122048 0.178135 0.178148 0.122108 0.0574856 0.0189974 0.00552828 0.00385608 0.00628605 0.0104427 0.0153862 0.0200771 0.0234776 0.0250776 0.0251248 0.0243117 0.0232039 0.0219054 0.0201787 0.0178054
pSPR Fmed_Fpbrs
0.56737   0.6 0.325
Fs Fmed_Fpbrs
0.34   0.303011 0.751366
SSBpbr Bo_Bmed_Bpbrs
1.52157e+06  787216  836866 418433
Ro
143094
SPR SPRFo_SPRFmed_SPRFpbrs
1.0309e+06 584902 335043
Fref
0.303011
Nvult_r0
 118307 21916.6 16649.9 1722.44 1259.96
CTP_r0
 20317.2 5003.38 3868.09 400.528 292.998
YTP_r0
356478
Np
 161545 48300.5 13809.3 2244.6 2147.57
Nvult_p0
 113244 35082.1 10055.7 1634.7 1564.05
CTP_p0
 19447.7 8366.93 1396.97 1052.52 138.406
 19447.7 8008.96 2336.13 380.126 363.715
YTP_p0
 364107 367349
CBA_c0
358767
log_Ro
11.6913
likeval ReclasPelacesDesembMPH_pf_preclas_ppelaces_ptallas_desvR_qrecl_qpela
 13.8569 17.0182 0.0341239 0.00130937 231.131 134.227 109.274 0 23.4804 2.52361e-06 9.45817e-06 0.168687 7.22988e-16 0 0
q_reclas_q_pelaces
1.2519 1.54485
M
1
N
 172549 37108.3 101306 6666.34 0.232333
 95786.2 55769.2 11349 30851.8 2029.78
 98661.3 27747.4 14588.9 2945.67 8530.86
 147295 28702.2 7302.75 3810.15 2996.02
 120089 37613.3 6271.98 1576.8 1468.61
 210947 39096.6 11623.3 1930.42 937.128
 85062.4 61520.3 10326.2 3046.66 751.318
 37609.4 18370.1 10584.3 1745.83 641.505
 36038.8 12645.5 5943.96 3414.67 770.066
 47779.1 9283.37 2797.8 1299.82 914.533
 90858 10714.8 1685.44 499.778 395.202
 128431 29924.3 3366.21 527.588 280.097
 106072 30172.3 5805.55 643.539 154.285
 75603.4 25547.7 6065.32 1150.95 158.049
 71081.9 13334.9 3292.67 763.101 164.475
 381391 15482.2 2322.28 563.653 158.638
 75655.5 92953.6 3165.32 468.421 145.584
 617173 21427.6 23546.6 794.978 154.137
 336388 176474 5502.31 5996.71 241.607
 271474 86981.3 39257.2 1209.94 1370.93
 371352 72006.2 20064.9 8959.28 588.654
 518983 105523 18326 5063.59 2408.42
 102928 137962 24419.4 4195.97 1709.81
 297778 31302.8 38684.6 6804.6 1645.11
 256455 92198.8 9004.53 11065.2 2416.19
 114830 79577.4 26604.4 2583.85 3867.32
 252230 36876.7 24115.7 8026.58 1945.84
 296003 78128.6 10614.2 6902.19 2853.34
 93927.3 94368.1 23431.7 3168.42 2911.35
 86119 30459.5 28998.8 7170.72 1860.14
 235963 26668.7 8763.98 8296.72 2582.99
 90076.6 71040.2 7370.75 2406.34 2986.19
 168767 30174.5 22865 2365.08 1730.02
pred_Ctot
 13385.2 4016.11 11196.8 737.616 0.0257087
 13123.4 10470.8 2173.11 5913.67 389.089
 13299.2 5129.09 2750.4 555.922 1610.08
 29333.1 7682.04 1990.45 1039.51 817.434
 8819.26 3858.55 657.128 165.391 154.052
 28162.2 7160.5 2171.22 360.98 175.248
 23178.3 21994.9 3753.04 1108.27 273.316
 2060.29 1413.42 832.088 137.406 50.4928
 7029.72 3319.39 1589.08 913.779 206.083
 12271.4 3144.8 963.844 448.19 315.354
 6069.43 1001.78 160.963 47.784 37.7877
 30422.1 9410.92 1077.12 168.972 89.7117
 23959.2 9080.88 1778.24 197.3 47.304
 26381.3 11392.9 2744.41 521.178 71.5715
 19120.3 4711.87 1182.84 274.374 59.14
 84121.8 4557.93 695.877 169.058 47.5833
 11241.5 18860.1 654.807 97.0019 30.1496
 88695.3 4211.28 4718.87 159.483 30.9237
 65012.1 45924.1 1458.37 1590.96 64.103
 49166.1 21293.3 9790.97 302.064 342.273
 54556.3 14452.7 4106.3 1835.42 120.6
 93434 25687.6 4545.13 1257.09 597.949
 11451.9 21201 3829.33 658.698 268.428
 30230.6 4402.11 5552.69 977.78 236.406
 25728.7 12817.8 1277.76 1571.89 343.255
 9324.99 9006.1 3074.6 298.941 447.459
 25549.2 5174.69 3454.01 1150.87 279.015
 25251.9 9277.58 1286.94 837.8 346.364
 7108.23 9969.22 2528.02 342.221 314.473
 8735.15 4279.85 4158.87 1029.51 267.079
 27536.6 4291.43 1438.93 1363.67 424.57
 5130.18 5679.11 602.02 196.767 244.196
 20318.2 5003.62 3868.28 400.548 293.012
F
 0.129457 0.184707 0.188951 0.18918 0.189192
 0.238975 0.340964 0.348799 0.349221 0.349243
 0.23472 0.334893 0.342589 0.343003 0.343025
 0.365075 0.520881 0.53285 0.533495 0.533529
 0.122196 0.174347 0.178353 0.178569 0.17858
 0.232238 0.331352 0.338966 0.339377 0.339398
 0.532663 0.759992 0.777456 0.778397 0.778447
 0.0899547 0.128345 0.131294 0.131453 0.131462
 0.356373 0.508465 0.520148 0.520778 0.520811
 0.49496 0.706198 0.722426 0.7233 0.723346
 0.110626 0.157839 0.161466 0.161662 0.161672
 0.448463 0.639857 0.65456 0.655353 0.655394
 0.423569 0.604339 0.618225 0.618974 0.619013
 0.735119 1.04885 1.07295 1.07425 1.07432
 0.52414 0.747831 0.765015 0.765941 0.76599
 0.411725 0.58744 0.600938 0.601665 0.601704
 0.261512 0.37312 0.381693 0.382155 0.38218
 0.251973 0.359509 0.36777 0.368216 0.368239
 0.352571 0.50304 0.514599 0.515222 0.515255
 0.327116 0.466721 0.477446 0.478024 0.478054
 0.258226 0.368431 0.376897 0.377354 0.377378
 0.32489 0.463546 0.474197 0.474771 0.474802
 0.190317 0.27154 0.277779 0.278116 0.278133
 0.172403 0.24598 0.251632 0.251937 0.251953
 0.170222 0.242869 0.248449 0.24875 0.248766
 0.135876 0.193865 0.19832 0.19856 0.198573
 0.171987 0.245388 0.251026 0.25133 0.251346
 0.143165 0.204265 0.208959 0.209212 0.209225
 0.126123 0.179949 0.184084 0.184307 0.184319
 0.172239 0.245747 0.251394 0.251699 0.251715
 0.200432 0.285971 0.292542 0.292897 0.292915
 0.0936645 0.133638 0.136709 0.136875 0.136883
 0.207351 0.295844 0.302641 0.303008 0.303027
YTP_r0W_actual
 153192 87309 93104.9 12544.5 10328.2
YTP_p0W_proyectada
 146636 146003 33625.1 32964.8 4878.82
 146636 139756 56230.7 11905.5 12820.9
CTP_r0_actual
 20317.2 5003.38 3868.09 400.528 292.998
CTP_p0_proyectada
 19447.7 8366.93 1396.97 1052.52 138.406
 19447.7 8008.96 2336.13 380.126 363.715
Wmedp
 7.54 17.45 24.07 31.32 35.25
Frms_r0
 0.207339 0.295827 0.302625 0.302991 0.30301
Zrms_r0
 1.20734 1.29583 1.30262 1.30299 1.30301
nmprior
 7.29 8.9 8.7 0
nm_flota  nm_reclas  nm_pelaces    nm_pelaL
inf 13.4505 21.3559 72.6651
cv_recla  cv_pelaces  cv_mph
0.322377 0.451905 0.967091
 ------------------------------------------------
Talla a la edad & desviaci?n 
 8 13.2811 15.8009 17.003 17.5766
 0.8 1.32811 1.58009 1.7003 1.75766
