years
 1991 1992 1993 1994 1995 1996 1997 1998 1999 2000 2001 2002 2003 2004 2005 2006 2007 2008 2009 2010 2011 2012 2013 2014 2015 2016 2017 2018 2019 2020 2021 2022 2023
reclasobs
 0 0 0 0 0 0 0 0 0 252601 567819 844713 477998 351125 339783 2.1784e+06 2.13404e+06 4.81314e+06 1.55562e+06 2.62356e+06 3.21686e+06 3.843e+06 1.13348e+06 3.07943e+06 1.97215e+06 2.03268e+06 2.025e+06 2.42433e+06 2.27542e+06 1.05018e+06 2.36338e+06 3.18982e+06 1.53035e+06
reclaspred
 3.11229e+06 1.65063e+06 852462 813746 843244 1.85038e+06 881580 746250 505887 300936 579083 1.06617e+06 865758 241590 683235 1.53404e+06 1.2101e+06 2.66054e+06 2.10247e+06 2.02888e+06 3.54019e+06 2.83573e+06 1.98681e+06 3.00665e+06 2.31966e+06 2.02113e+06 2.44089e+06 2.85842e+06 2.37373e+06 1.86812e+06 1.62456e+06 1.46459e+06 1.27592e+06
pelacesobs
 0 0 0 0 0 0 0 0 0 0 0 0 0 0 0 552880 188675 0 991730 2.46772e+06 1.41603e+06 1.21717e+06 2.29649e+06 1.80582e+06 0 1.4828e+06 1.56532e+06 1.57751e+06 1.42118e+06 867257 1.10002e+06 1.06204e+06 0
pelacespred
 1.81593e+06 1.01722e+06 488260 356503 436146 969470 402063 486429 274475 137855 307080 501721 459573 91121.5 344743 659633 587243 1.35531e+06 1.07434e+06 915951 1.80826e+06 1.48448e+06 1.15986e+06 1.81101e+06 1.36528e+06 1.23545e+06 1.62024e+06 1.68236e+06 1.41914e+06 1.23141e+06 884478 859911 667293
mphobs
 0 0 0 0 0 0 0 0 0 0 0 0 498337 0 5186 125008 0 168611 109162 213762 579715 649985 157893 87575 83554 210694 70296 0 107559 103333 445601 22526 28222
mphpred
 587523 400925 183668 104659 102003 134907 226447 98630.2 88888.6 47679.5 27156.9 92782.4 147694 67735.6 12256.8 73450.4 210943 156485 285789 310803 471818 549273 114599 84832.2 129034 108414 88601.6 101374 156882 116501 74089.1 74035.4 44599.5
desembarqueobs
 494567 514787 250237 358949 120608 361735 552515 73892 212993 205616 52469 317467 293654 387597 252695 516296 358380 742168 942051 627588 828172 859565 418607 520667 417249 300574 415391 372974 316634 284311 391294 218835 356480
desembarquepred
 494552 514286 250344 358988 120611 361706 552411 73896.8 213041 205656 52469.7 317417 293728 387702 252582 516091 358392 741846 941217 627096 828243 859387 418589 520693 417152 300565 415362 372895 316550 284191 391221 218860 356509
Reclutas
 157076 83902.1 86324.6 99567.4 87696.5 197150 62236.1 26550.7 28321.6 38215.9 77873.1 154756 72825.5 34690.6 83916.9 291150 53984.8 375064 278610 294047 301728 410771 67830.8 204322 208629 73605 180550 220902 88129.5 94009.3 103361 48914 111958
log_desv_Rt
 0.358841 -0.26824 -0.239777 -0.0970564 -0.22401 0.586073 -0.566956 -1.41883 -1.35427 -1.05464 -0.342811 0.343957 -0.409825 -1.15142 -0.268064 0.975946 -0.709188 1.2292 0.931922 0.985847 1.01164 1.32014 -0.480875 0.621805 0.642665 -0.399179 0.498115 0.699829 -0.219084 -0.154498 -0.0596609 -0.807827 0.0202325
SSB
 1.19661e+06 816564 374077 213159 207749 274766 461205 200880 181039 97108.9 55310.5 188970 285045 132487 23835.4 143437 429627 318713 607558 426913 666075 823577 775103 551154 776586 695405 533824 584239 939639 653393 485942 494242 275903
BT
 1.86338e+06 1.3059e+06 624569 606722 477747 1.22093e+06 822709 492007 454676 320281 340698 733486 663842 471658 596747 1.07424e+06 781031 1.96714e+06 1.88692e+06 1.37037e+06 2.34207e+06 2.12332e+06 1.32423e+06 2.17155e+06 1.56268e+06 1.30305e+06 1.92232e+06 1.9e+06 1.41824e+06 1.31061e+06 1.12552e+06 905539 931659
Ftot
 0.355413 0.64598 0.641696 1.09542 0.36617 0.574189 1.24845 0.243125 1.03616 1.64669 0.304007 0.842098 0.794117 3.0458 1.31183 1.10236 0.652951 0.862812 1.14312 0.876841 0.62315 0.788248 0.455112 0.498035 0.444582 0.338052 0.480669 0.385369 0.283537 0.361074 0.616552 0.336232 0.770776
BD_Bspro_t
 0.944721 0.677388 0.430422 0.33273 0.310714 0.425236 0.469437 0.253087 0.298631 0.218399 0.177971 0.505889 0.456915 0.233547 0.0601811 0.267788 0.40328 0.320012 0.403889 0.300966 0.347986 0.39162 0.407954 0.366059 0.483633 0.515297 0.503828 0.555739 0.649321 0.571743 0.523612 0.503443 0.466789
BD_Bspro
 1.51387 1.03307 0.473259 0.269675 0.262831 0.347616 0.583488 0.254141 0.22904 0.122856 0.0699753 0.239073 0.360621 0.167614 0.0301551 0.181467 0.543537 0.403216 0.768645 0.540103 0.842677 1.04194 0.980611 0.697285 0.982488 0.879782 0.67536 0.739143 1.18877 0.826632 0.614783 0.625283 0.349055
BD_Bo
 2.51936 1.71921 0.78759 0.448789 0.437399 0.578497 0.971032 0.422937 0.381164 0.204455 0.116452 0.397861 0.600139 0.278941 0.0501836 0.301995 0.904545 0.671026 1.27917 0.898831 1.40237 1.73398 1.63192 1.16041 1.63504 1.46412 1.12392 1.23007 1.97834 1.37567 1.02311 1.04059 0.580892
BD_Brms
 2.69913 1.84188 0.843787 0.480812 0.468609 0.619775 1.04032 0.453115 0.408362 0.219044 0.124761 0.42625 0.642962 0.298844 0.0537644 0.323543 0.969088 0.718906 1.37044 0.962966 1.50243 1.8577 1.74836 1.24321 1.75171 1.56859 1.20412 1.31784 2.1195 1.47383 1.09611 1.11484 0.622341
Sel_flota
 0.477323 1 1 1 1
 0.477323 1 1 1 1
 0.477323 1 1 1 1
 0.477323 1 1 1 1
 0.477323 1 1 1 1
 0.477323 1 1 1 1
 0.477323 1 1 1 1
 0.477323 1 1 1 1
 0.477323 1 1 1 1
 0.477323 1 1 1 1
 0.477323 1 1 1 1
 0.477323 1 1 1 1
 0.477323 1 1 1 1
 0.477323 1 1 1 1
 0.477323 1 1 1 1
 0.477323 1 1 1 1
 0.477323 1 1 1 1
 0.477323 1 1 1 1
 0.477323 1 1 1 1
 0.477323 1 1 1 1
 0.477323 1 1 1 1
 0.477323 1 1 1 1
 0.477323 1 1 1 1
 0.477323 1 1 1 1
 0.477323 1 1 1 1
 0.477323 1 1 1 1
 0.477323 1 1 1 1
 0.477323 1 1 1 1
 0.477323 1 1 1 1
 0.477323 1 1 1 1
 0.477323 1 1 1 1
 0.477323 1 1 1 1
 0.477323 1 1 1 1
Sel_reclas
 0.982065 1 1 1 1
 0.982065 1 1 1 1
 0.982065 1 1 1 1
 0.982065 1 1 1 1
 0.982065 1 1 1 1
 0.982065 1 1 1 1
 0.982065 1 1 1 1
 0.982065 1 1 1 1
 0.982065 1 1 1 1
 0.982065 1 1 1 1
 0.982065 1 1 1 1
 0.982065 1 1 1 1
 0.982065 1 1 1 1
 0.982065 1 1 1 1
 0.982065 1 1 1 1
 0.982065 1 1 1 1
 0.982065 1 1 1 1
 0.982065 1 1 1 1
 0.982065 1 1 1 1
 0.982065 1 1 1 1
 0.982065 1 1 1 1
 0.982065 1 1 1 1
 0.982065 1 1 1 1
 0.982065 1 1 1 1
 0.982065 1 1 1 1
 0.982065 1 1 1 1
 0.982065 1 1 1 1
 0.982065 1 1 1 1
 0.982065 1 1 1 1
 0.982065 1 1 1 1
 0.982065 1 1 1 1
 0.982065 1 1 1 1
 0.982065 1 1 1 1
Sel_pelaces
 0.712949 0.925923 0.984352 0.996851 0.999373
 0.712949 0.925923 0.984352 0.996851 0.999373
 0.712949 0.925923 0.984352 0.996851 0.999373
 0.712949 0.925923 0.984352 0.996851 0.999373
 0.712949 0.925923 0.984352 0.996851 0.999373
 0.712949 0.925923 0.984352 0.996851 0.999373
 0.712949 0.925923 0.984352 0.996851 0.999373
 0.712949 0.925923 0.984352 0.996851 0.999373
 0.712949 0.925923 0.984352 0.996851 0.999373
 0.712949 0.925923 0.984352 0.996851 0.999373
 0.712949 0.925923 0.984352 0.996851 0.999373
 0.712949 0.925923 0.984352 0.996851 0.999373
 0.712949 0.925923 0.984352 0.996851 0.999373
 0.712949 0.925923 0.984352 0.996851 0.999373
 0.712949 0.925923 0.984352 0.996851 0.999373
 0.712949 0.925923 0.984352 0.996851 0.999373
 0.712949 0.925923 0.984352 0.996851 0.999373
 0.712949 0.925923 0.984352 0.996851 0.999373
 0.712949 0.925923 0.984352 0.996851 0.999373
 0.712949 0.925923 0.984352 0.996851 0.999373
 0.712949 0.925923 0.984352 0.996851 0.999373
 0.712949 0.925923 0.984352 0.996851 0.999373
 0.712949 0.925923 0.984352 0.996851 0.999373
 0.712949 0.925923 0.984352 0.996851 0.999373
 0.712949 0.925923 0.984352 0.996851 0.999373
 0.712949 0.925923 0.984352 0.996851 0.999373
 0.712949 0.925923 0.984352 0.996851 0.999373
 0.712949 0.925923 0.984352 0.996851 0.999373
 0.712949 0.925923 0.984352 0.996851 0.999373
 0.712949 0.925923 0.984352 0.996851 0.999373
 0.712949 0.925923 0.984352 0.996851 0.999373
 0.712949 0.925923 0.984352 0.996851 0.999373
 0.712949 0.925923 0.984352 0.996851 0.999373
pf_obs 
 0.8446 0.082 0.0669 0.0065 0
 0.8095 0.147 0.0364 0.0071 0
 0.9664 0.0169 0.016 0.0007 0
 0.9276 0.0648 0.0075 0.0001 0
 0.7033 0.2144 0.0806 0.0017 0
 0.9318 0.0425 0.0243 0.0014 0
 0.5671 0.3108 0.0964 0.0239 0.0018
 0.0768 0.2599 0.5324 0.112 0.0189
 0.490249 0.384438 0.106611 0.0170017 0.00170017
 0.7925 0.1577 0.0466 0.003 0.0002
 0.840416 0.127587 0.0312969 0.00059994 9.999e-05
 0.8084 0.0986 0.0794 0.0134 0.0002
 0.7335 0.1905 0.0724 0.0035 0.0001
 0.4001 0.4547 0.1325 0.0127 0
 0.49795 0.308269 0.164784 0.0264974 0.00249975
 0.9179 0.0499 0.0305 0.0017 0
 0.2467 0.6533 0.0926 0.0074 0
 0.9418 0.0223 0.034 0.0019 0
 0.707729 0.231977 0.0356964 0.0245975 0
 0.517169 0.277429 0.184464 0.0207286 0.00020938
 0.811772 0.124168 0.05621 0.00726502 0.000585176
 0.764997 0.148141 0.077277 0.00933861 0.000247198
 0.163321 0.427699 0.378323 0.0303852 0.000271297
 0.753843 0.0900009 0.118128 0.0371064 0.000921714
 0.721811 0.176058 0.0630433 0.0369309 0.00215725
 0.143369 0.312575 0.442814 0.0836902 0.0175525
 0.692698 0.0596174 0.167031 0.0765114 0.00414204
 0.394062 0.376323 0.152708 0.0712218 0.00568511
 0.125707 0.32114 0.495352 0.0537591 0.00404204
 0.23352 0.215282 0.420074 0.123614 0.00750983
 0.796117 0.104755 0.0508955 0.0450114 0.00322123
 0.162477 0.292055 0.404252 0.121198 0.0200186
 0 0 0 0 0
pf_pred 
 0.49394 0.167719 0.311389 0.0269514 1.08677e-06
 0.393883 0.421719 0.0611132 0.113464 0.00982094
 0.564062 0.27314 0.113271 0.0164146 0.0331134
 0.657388 0.263591 0.0495111 0.0205322 0.00897775
 0.639564 0.307499 0.0407276 0.00764997 0.00455959
 0.758789 0.194576 0.039786 0.00526957 0.00157974
 0.375302 0.55471 0.0564563 0.011544 0.00198734
 0.410324 0.388055 0.179033 0.0182213 0.00436722
 0.535912 0.283686 0.118719 0.0547721 0.00691058
 0.746798 0.195932 0.0350078 0.0146503 0.00761185
 0.850043 0.137468 0.00966478 0.00172684 0.00109813
 0.76524 0.218066 0.0153033 0.00107591 0.000314485
 0.489555 0.459448 0.0473707 0.00332435 0.000302037
 0.500237 0.361187 0.124731 0.0128602 0.00098449
 0.93679 0.0550193 0.00591956 0.00204424 0.000226903
 0.910174 0.088016 0.00157565 0.000169525 6.50413e-05
 0.309909 0.668358 0.021295 0.000381221 5.67522e-05
 0.88658 0.0609644 0.0508033 0.00161868 3.32913e-05
 0.632255 0.351589 0.00868355 0.00723625 0.000235301
 0.701826 0.250821 0.0452725 0.00111814 0.000962075
 0.665517 0.290391 0.0370904 0.00669472 0.000307614
 0.698696 0.251886 0.0429032 0.00547985 0.00103455
 0.228168 0.665942 0.088522 0.0150777 0.0022894
 0.691563 0.128667 0.155108 0.020618 0.00404505
 0.609056 0.330859 0.0250648 0.0302157 0.00480449
 0.324167 0.533814 0.120192 0.00910536 0.0127218
 0.685263 0.166106 0.117398 0.0264329 0.0048003
 0.645417 0.298445 0.0296274 0.0209396 0.0055709
 0.348917 0.528397 0.103263 0.0102511 0.00917267
 0.484799 0.283841 0.187764 0.036694 0.00690217
 0.56895 0.296722 0.0740059 0.0489557 0.0113668
 0.405408 0.458646 0.0935816 0.0233404 0.0190248
 0.71327 0.175924 0.0854714 0.0174395 0.00789501
pobs_RECLAS
 0 0 0 0 0
 0 0 0 0 0
 0 0 0 0 0
 0 0 0 0 0
 0 0 0 0 0
 0 0 0 0 0
 0 0 0 0 0
 0 0 0 0 0
 0 0 0 0 0
 0 0 0 0 0
 0.991045 0.00858322 0.000360255 1.14367e-05 0
 0.934742 0.0480273 0.0164251 0.00080598 0
 0.827803 0.169806 0.00239088 0 0
 0.941827 0.0461693 0.0120037 0 0
 0.791401 0.0380133 0.147996 0.0225897 0
 0.846168 0.0940531 0.0597789 0 0
 0.134021 0.677848 0.182769 0.00536245 0
 0.80878 0.0450904 0.141981 0.00414843 0
 0.846168 0.0940531 0.0597789 0 0
 0.905697 0.0802665 0.012482 0.00150086 5.37128e-05
 0.989698 0.0102097 9.19794e-05 0 0
 0.975433 0.0193895 0.00387452 0.00125025 5.28907e-05
 0.303575 0.632131 0.0575291 0.00676475 0
 0.966965 0.00978017 0.0227588 0.000495775 0
 0.843318 0.132988 0.00938335 0.0141283 0.000182051
 0.564624 0.303363 0.111486 0.0197234 0.00080311
 0.826376 0.0876187 0.0782897 0.00655872 0.00115652
 0.89761 0.0855135 0.0140674 0.00269457 0.000114338
 0.34875 0.467042 0.161289 0.0227151 0.000203297
 0.318654 0.224769 0.449479 0.00709798 0
 0.937255 0.0296025 0.0250945 0.00804832 0
 0.456809 0.399803 0.12412 0.0192676 0
 0.883104 0.0372192 0.0704036 0.00927362 0
ppred_RECLAS
 0.671783 0.108778 0.201958 0.01748 7.04851e-07
 0.581894 0.290906 0.0421566 0.0782685 0.0067746
 0.734756 0.16619 0.0689188 0.00998734 0.0201476
 0.810766 0.145589 0.0273463 0.0113405 0.00495866
 0.788293 0.180613 0.0239218 0.0044933 0.00267813
 0.870115 0.104774 0.0214237 0.00283752 0.000850649
 0.576981 0.375626 0.0382298 0.00781709 0.00134574
 0.591712 0.268687 0.123961 0.0126163 0.00302384
 0.719322 0.171572 0.0718006 0.0331258 0.00417948
 0.875451 0.0963782 0.0172202 0.00720645 0.00374424
 0.922171 0.0713465 0.00501608 0.00089624 0.000569937
 0.876542 0.114679 0.00804783 0.00056581 0.000165384
 0.67532 0.292242 0.0301311 0.00211452 0.000192117
 0.748495 0.181767 0.0627707 0.00647187 0.000495443
 0.971339 0.024947 0.00268406 0.000926905 0.000102883
 0.957702 0.0414452 0.000741947 7.98265e-05 3.06268e-05
 0.490399 0.493553 0.0157254 0.000281515 4.1909e-05
 0.944624 0.0297651 0.0248041 0.000790301 1.62541e-05
 0.794175 0.196783 0.00486015 0.0040501 0.000131697
 0.837219 0.13693 0.0247154 0.000610422 0.000525222
 0.809647 0.16526 0.021108 0.00380993 0.000175062
 0.834065 0.13872 0.0236278 0.00301789 0.000569749
 0.384263 0.531263 0.0706194 0.0120284 0.00182639
 0.82602 0.0725769 0.0874914 0.01163 0.00228169
 0.766705 0.197439 0.0149574 0.0180311 0.00286706
 0.501179 0.393999 0.0887117 0.00672052 0.00938979
 0.821576 0.0941653 0.0665527 0.0149848 0.00272129
 0.792721 0.174462 0.0173193 0.0122407 0.00325658
 0.528031 0.383033 0.0748549 0.00743102 0.00664925
 0.663749 0.185252 0.122546 0.0239487 0.00450477
 0.73823 0.180195 0.0449427 0.02973 0.00690291
 0.588145 0.317689 0.064821 0.0161671 0.0131779
 0.843354 0.0961107 0.0466947 0.00952756 0.0043132
pobs_PELACES
 0 0 0 0 0
 0 0 0 0 0
 0 0 0 0 0
 0 0 0 0 0
 0 0 0 0 0
 0 0 0 0 0
 0 0 0 0 0
 0 0 0 0 0
 0 0 0 0 0
 0 0 0 0 0
 0 0 0 0 0
 0 0 0 0 0
 0 0 0 0 0
 0 0 0 0 0
 0 0 0 0 0
 0 0 0 0 0
 0.505614 0.472636 0.0217494 0 0
 0 0 0 0 0
 0.443492 0.261883 0.143347 0.151278 0
 0.227955 0.32914 0.350689 0.0885471 0.00366901
 0.970185 0.0296113 0.000203453 0 0
 0.997202 0.00247181 0.000326279 0 0
 0.445219 0.490057 0.0546422 0.010081 0
 0.90214 0.0892962 0.00764917 0.000914606 0
 0 0 0 0 0
 0.581667 0.319106 0.0959925 0.00289975 0.000334073
 0.762889 0.0836404 0.116647 0.0363945 0.000428098
 0.88444 0.0763242 0.0277011 0.0115352 0
 0.521256 0.241999 0.230069 0.00667565 0
 0.616807 0.101726 0.260614 0.0208532 0
 0.833518 0.0704572 0.0857862 0.0102388 0
 0.697417 0.212968 0.0787535 0.0105354 0.000325836
 0 0 0 0 0
ppred_PELACES
 0.620641 0.120555 0.237947 0.0208564 8.43128e-07
 0.54412 0.310364 0.0478144 0.0899002 0.00780107
 0.702931 0.181536 0.0800333 0.0117453 0.0237538
 0.799791 0.151638 0.03028 0.0127165 0.0055744
 0.754884 0.207095 0.0291601 0.00554678 0.00331439
 0.851347 0.11842 0.0257421 0.00345278 0.00103771
 0.568345 0.380491 0.0411685 0.00852487 0.0014713
 0.536889 0.298171 0.146245 0.0150732 0.00362185
 0.700676 0.17827 0.0793115 0.0370557 0.00468713
 0.878186 0.0928195 0.0176309 0.007472 0.00389203
 0.906858 0.0849149 0.00634674 0.0011484 0.000732134
 0.865004 0.124826 0.0093127 0.000663052 0.000194297
 0.65014 0.312903 0.0342972 0.00243745 0.000222017
 0.794938 0.145599 0.0534535 0.00558122 0.000428342
 0.970616 0.0253563 0.00290024 0.00101428 0.000112866
 0.955441 0.0436042 0.000829855 9.04183e-05 3.47783e-05
 0.457338 0.524525 0.0177669 0.000322099 4.8072e-05
 0.937802 0.0324777 0.0287724 0.000928378 1.91422e-05
 0.786023 0.203955 0.00535514 0.00451926 0.000147324
 0.822819 0.147549 0.0283128 0.000708148 0.00061085
 0.786399 0.183862 0.0249658 0.00456348 0.000210217
 0.817096 0.151294 0.0273957 0.00354358 0.000670687
 0.34407 0.56091 0.0792653 0.0136725 0.00208128
 0.796264 0.0818869 0.104944 0.014127 0.0027786
 0.733474 0.223122 0.0179697 0.0219375 0.00349703
 0.451673 0.427229 0.102264 0.00784555 0.0109894
 0.791828 0.106543 0.0800524 0.0182532 0.00332323
 0.76017 0.199656 0.021071 0.0150813 0.00402248
 0.47642 0.419744 0.0872053 0.008767 0.00786452
 0.615373 0.205828 0.14475 0.0286471 0.00540217
 0.706502 0.197759 0.0524358 0.0351272 0.0081767
 0.538835 0.350303 0.0759858 0.0191924 0.0156834
 0.824585 0.104934 0.0541986 0.0111991 0.00508273
pobs_pel_tallas
 0 0 0 0 0 0 0 0 0 0 0 0 0 0 0 0 0 0 0 0 0 0 0 0 0 0
 0 0 0 0 0 0 0 0 0 0 0 0 0 0 0 0 0 0 0 0 0 0 0 0 0 0
 0 0 0 0 0 0 0 0 0 0 0 0 0 0 0 0 0 0 0 0 0 0 0 0 0 0
 0 0 0 0 0 0 0 0 0 0 0 0 0 0 0 0 0 0 0 0 0 0 0 0 0 0
 0 0 0 0 0 0 0 0 0 0 0 0 0 0 0 0 0 0 0 0 0 0 0 0 0 0
 0 0 0 0 0 0 0 0 0 0 0 0 0 0 0 0 0 0 0 0 0 0 0 0 0 0
 0 0 0 0 0 0 0 0 0 0 0 0 0 0 0 0 0 0 0 0 0 0 0 0 0 0
 0 0 0 0 0 0 0 0 0 0 0 0 0 0 0 0 0 0 0 0 0 0 0 0 0 0
 0 0 0 0 0 0 0 0 0 0 0 0 0 0 0 0 0 0 0 0 0 0 0 0 0 0
 0 0 0 0 0 0 0 0 0 0 0 0 0 0 0 0 0 0 0 0 0 0 0 0 0 0
 0 0 0 0 0 0 0 0 0 0 0 0 0 0 0 0 0 0 0 0 0 0 0 0 0 0
 0 0 0 0 0 0 0 0 0 0 0 0 0 0 0 0 0 0 0 0 0 0 0 0 0 0
 0.00862536 0 0 0.000197151 0.00414017 0.0128641 0.00837892 0.0270097 0.101434 0.158115 0.152841 0.127902 0.109271 0.109419 0.0830992 0.0579132 0.0238553 0.00714673 0.00463305 0.00128148 0.00103504 0.000492878 0.000147863 0.000147863 4.92878e-05 0
 0 0 0 0 0 0 0 0 0 0 0 0 0 0 0 0 0 0 0 0 0 0 0 0 0 0
 0 0 0 0 0 0 0 0.0054083 0.00873648 0.0413646 0.0450493 0.0745869 0.0622846 0.0627006 0.0613931 0.0827291 0.12552 0.122667 0.0946155 0.0697135 0.0546179 0.0294188 0.0215738 0.0213955 0.0102223 0.00600262
 0 0 0 0 0.00359764 0.0251062 0.0480494 0.140153 0.205849 0.193036 0.1447 0.116669 0.0760912 0.0342217 0.00950174 0.001854 0.000860785 0 0 0 0.000165536 0 0.000143464 0 0 0
 0 0 0 0 0 0 0 0.000145254 0.000435761 0.0275982 0.070085 0.0708112 0.156366 0.174668 0.174014 0.160142 0.0824315 0.0480064 0.0283245 0.00493863 0.00203355 0 0 0 0 0
 0 0 0 0 0 0 0 0 0 0 0 0 0 0 0 0 0 0 0 0 0 0 0 0 0 0
 0 0 1.00437e-05 0.000401748 0.00122533 0.00171747 0.00176769 0.0269171 0.070346 0.194647 0.189555 0.159765 0.064822 0.0314167 0.0384472 0.0292271 0.0345202 0.0313363 0.0194345 0.0106764 0.0143323 0.0359363 0.0279516 0.0138201 0.00172751 0
 0 0.0021121 0.0136068 0.0755702 0.200478 0.177729 0.0527432 0.0373336 0.0318909 0.0142505 0.0149659 0.0166563 0.0217959 0.0798694 0.0677717 0.0528807 0.04013 0.0224614 0.0357745 0.0225083 0.00881397 0.00855152 0.00135912 0.000746735 0 0
 0 0 0 0 5.4009e-05 0.00500934 0.000945158 0.0243581 0.138947 0.33067 0.221406 0.137944 0.0707744 0.0437923 0.0131692 0.00525238 0.0047753 0.00276346 9.45158e-05 9.00151e-06 2.25038e-05 9.00151e-06 4.50075e-06 0 0 0
 0.000866109 0.00284123 0.00948549 0.0512746 0.133035 0.25785 0.225252 0.132002 0.0553304 0.0519788 0.0540692 0.017754 0.00435017 0.00159236 0.00146478 0.000404838 0.000125132 0.000115318 0.000107957 0.000100596 0 0 0 0 0 0
 0 0 0 0 0.00144013 0.00171154 0.00461396 0.0210425 0.0478622 0.0707936 0.0888783 0.103762 0.0637923 0.0337046 0.0602308 0.124433 0.169614 0.0934646 0.0462172 0.0250306 0.0313229 0.00938855 0.002487 0.000210481 0 0
 0 0.00764035 0.051015 0.0998891 0.058973 0.0496711 0.0374665 0.0718981 0.12319 0.153886 0.159021 0.0857701 0.0377988 0.023471 0.0147837 0.00900784 0.00315554 0.000888139 0.00291439 0.00214683 0.00393193 0.00274676 0.000635225 9.99891e-05 0 0
 0 0 0 0 0 0 0 0 0 0 0 0 0 0 0 0 0 0 0 0 0 0 0 0 0 0
 0 0 0 0 0 0 0 0 0 0 0 0 0 0 0 0 0 0 0 0 0 0 0 0 0 0
 0 0 0 0 0 0 0 0 0 0 0 0 0 0 0 0 0 0 0 0 0 0 0 0 0 0
 0 0 0 0 0 0 0 0 0 0 0 0 0 0 0 0 0 0 0 0 0 0 0 0 0 0
 0 0 0 0 0 0 0 0 0 0 0 0 0 0 0 0 0 0 0 0 0 0 0 0 0 0
 0 0 0 0 0 0 0 0 0 0 0 0 0 0 0 0 0 0 0 0 0 0 0 0 0 0
 0 0 0 0 0 0 0 0 0 0 0 0 0 0 0 0 0 0 0 0 0 0 0 0 0 0
 0 0 0 0 0 0 0 0 0 0 0 0 0 0 0 0 0 0 0 0 0 0 0 0 0 0
 0 0 0 0 0 0 0 0 0 0 0 0 0 0 0 0 0 0 0 0 0 0 0 0 0 0
ppred_pel_tallas
 1.0899e-16 5.11214e-05 0.000496918 0.0033022 0.0150113 0.0467058 0.0995121 0.145243 0.145255 0.0995707 0.0469037 0.0155872 0.00476453 0.00374425 0.00637941 0.0108848 0.0166494 0.0229629 0.0290623 0.0344805 0.0391097 0.0428582 0.045265 0.0455277 0.0429902 0.0376813
 1.11796e-16 4.48185e-05 0.000435652 0.00289506 0.0131605 0.0409475 0.0872441 0.127342 0.127372 0.0873905 0.0414391 0.0145809 0.0064624 0.00823083 0.0148733 0.0245853 0.0355844 0.0451468 0.0505648 0.0506897 0.0466496 0.0410667 0.0363891 0.0336283 0.032259 0.0310186
 1.07554e-16 5.78996e-05 0.000562804 0.00374003 0.0170017 0.0528986 0.112707 0.164502 0.16452 0.112793 0.0531875 0.0178374 0.00584241 0.00516712 0.00884604 0.0146478 0.0213668 0.027445 0.0313293 0.0323087 0.0309016 0.0284123 0.0260326 0.0242159 0.0227016 0.0209752
 1.03132e-16 6.58777e-05 0.000640355 0.00425539 0.0193444 0.0601876 0.128237 0.187168 0.187183 0.128308 0.0604278 0.0200382 0.00599798 0.00444743 0.00730513 0.0119964 0.0173323 0.0219199 0.0243888 0.0241159 0.0215895 0.0180571 0.0147487 0.0122847 0.0106141 0.0093469
 1.02012e-16 6.21788e-05 0.0006044 0.00401645 0.0182582 0.0568082 0.121037 0.176661 0.176681 0.121134 0.0571357 0.0192041 0.00639067 0.00578725 0.00990512 0.0162761 0.0234385 0.0294705 0.0324546 0.0315047 0.0272859 0.0215547 0.0161018 0.0119241 0.00910104 0.00720352
 1.01296e-16 7.01243e-05 0.000681634 0.0045297 0.0205913 0.0640674 0.136503 0.199232 0.199244 0.136559 0.0642549 0.0211332 0.00589052 0.00365447 0.00572232 0.00936528 0.0135214 0.0170798 0.0189545 0.0186379 0.0164875 0.0134602 0.0105198 0.00818411 0.00647831 0.00517853
 1.0239e-16 4.68139e-05 0.000455048 0.00302395 0.0137465 0.0427706 0.0911286 0.133013 0.133049 0.0913077 0.0433718 0.0154828 0.00738121 0.00996345 0.0180946 0.0298123 0.0428758 0.0537782 0.0589721 0.0568141 0.0485417 0.0374354 0.0268719 0.0187786 0.0133766 0.0099085
 1.06422e-16 4.42229e-05 0.000429863 0.00285659 0.0129857 0.0404034 0.0860847 0.125649 0.125678 0.086226 0.0408783 0.0143594 0.00631267 0.00800028 0.0144972 0.0240928 0.0351574 0.0451565 0.0514966 0.0529217 0.0501536 0.0451946 0.0399171 0.0351113 0.0305713 0.0258216
 1.06844e-16 5.77138e-05 0.000560998 0.00372803 0.0169471 0.0527288 0.112345 0.163974 0.163992 0.112429 0.0530127 0.0177683 0.0057942 0.00508729 0.00870087 0.0144169 0.0210561 0.027103 0.0310498 0.0322098 0.0310858 0.0289227 0.0268215 0.02514 0.0235485 0.0215195
 1.01941e-16 7.2335e-05 0.000703122 0.00467249 0.0212405 0.0660871 0.140806 0.205512 0.205521 0.14085 0.066234 0.0216651 0.00573883 0.00303255 0.00450115 0.00733976 0.0105974 0.0133945 0.0148891 0.0147001 0.0131292 0.0109453 0.00890812 0.00740295 0.00640022 0.00565762
 1.00445e-16 7.46967e-05 0.000726078 0.00482505 0.021934 0.0682448 0.145403 0.212222 0.21223 0.145443 0.0683788 0.0223211 0.00579641 0.00284504 0.00409452 0.00663908 0.00952892 0.0119243 0.0130249 0.0124627 0.0105204 0.00794515 0.00551111 0.00366797 0.00247562 0.00176202
 1.00401e-16 7.12493e-05 0.000692568 0.00460236 0.0209217 0.0650952 0.138693 0.202428 0.20244 0.138751 0.0652922 0.0214908 0.00603012 0.00380701 0.00597913 0.00975345 0.0139995 0.0175113 0.0191113 0.0182546 0.0153528 0.0115025 0.00784469 0.00504882 0.00321642 0.00210987
 1.01352e-16 5.35512e-05 0.000520537 0.00345915 0.0157248 0.0489259 0.104243 0.152152 0.152182 0.10439 0.0494204 0.0171526 0.0070421 0.00833893 0.0148925 0.0245098 0.0352403 0.0441817 0.0484062 0.0465506 0.0396213 0.030312 0.0214083 0.0145208 0.00987116 0.00687973
 1.02213e-16 6.5478e-05 0.000636469 0.00422956 0.019227 0.0598224 0.127458 0.186032 0.186046 0.127527 0.0600537 0.0198957 0.00591056 0.0043141 0.00707332 0.0116506 0.0169171 0.0215639 0.02429 0.0244738 0.0225037 0.0194454 0.016336 0.0136806 0.0114478 0.0093986
 1.00212e-16 7.99484e-05 0.000777127 0.00516428 0.0234761 0.0730428 0.155625 0.22714 0.227143 0.155637 0.0730829 0.0235918 0.00545475 0.00141107 0.00128345 0.00199403 0.00286183 0.00359262 0.00394645 0.00381456 0.0032798 0.00256006 0.00187819 0.00135922 0.00101399 0.000788901
 1.00051e-16 7.86984e-05 0.000764976 0.00508354 0.023109 0.0719008 0.153192 0.22359 0.223594 0.153213 0.0719695 0.0233075 0.0055814 0.0018504 0.0021359 0.00339545 0.00485761 0.00605356 0.00656472 0.00620011 0.00510887 0.00368619 0.00234699 0.00134016 0.000708835 0.000367047
 1.00688e-16 3.76704e-05 0.00036617 0.00243333 0.0110616 0.034417 0.0733309 0.107039 0.10709 0.0735774 0.0352445 0.0134504 0.00842497 0.0134306 0.024804 0.0408272 0.0585285 0.0730074 0.0792934 0.0750897 0.0621701 0.0452486 0.0292668 0.0171787 0.00949067 0.00519144
 1.00936e-16 7.72455e-05 0.000750854 0.00498969 0.0226824 0.0705734 0.150364 0.219462 0.219465 0.15038 0.0706255 0.0228335 0.00537063 0.00158829 0.00168477 0.00270734 0.00399512 0.005236 0.00616004 0.00662877 0.00668851 0.00649201 0.0061603 0.00570946 0.00509104 0.00428462
 1.00685e-16 6.47437e-05 0.000629332 0.00418213 0.0190114 0.0591516 0.126029 0.183948 0.183967 0.126125 0.0594733 0.0199402 0.00651177 0.00570895 0.00969428 0.0158782 0.0227593 0.0283954 0.0308567 0.0292594 0.0243046 0.0178334 0.0117664 0.00723676 0.00441139 0.00286081
 1.0103e-16 6.77745e-05 0.000658793 0.00437791 0.0199013 0.0619206 0.131929 0.192557 0.192571 0.131998 0.0621541 0.020576 0.00607176 0.0043579 0.00709712 0.0116359 0.0167779 0.0211425 0.0233644 0.0228017 0.0199011 0.0158724 0.0119503 0.00882415 0.00656656 0.0049245
 1.01261e-16 6.47747e-05 0.000629633 0.00418413 0.0190205 0.0591798 0.12609 0.184035 0.184053 0.126176 0.0594705 0.0198601 0.00629148 0.00522953 0.00879941 0.0144408 0.0207864 0.0261173 0.0287241 0.0278127 0.0239687 0.0187508 0.0137562 0.00988574 0.00723271 0.0054413
 1.01299e-16 6.73031e-05 0.000654211 0.00434746 0.0197629 0.0614899 0.131011 0.191218 0.191232 0.131083 0.0617293 0.0204546 0.00608398 0.00444634 0.00727298 0.0119267 0.0171959 0.0216673 0.023944 0.023374 0.0204236 0.0163421 0.0123989 0.00929492 0.00708726 0.00549244
 1.04155e-16 2.83407e-05 0.000275482 0.00183068 0.00832203 0.0258932 0.0551702 0.0805339 0.080588 0.0554344 0.0267801 0.0108837 0.00826076 0.0143118 0.026684 0.0440635 0.0634575 0.0797634 0.0877834 0.0850988 0.0734914 0.0577039 0.0425887 0.0308727 0.0228251 0.0173551
 1.04937e-16 6.55872e-05 0.000637531 0.00423662 0.0192591 0.0599221 0.127671 0.186341 0.186349 0.12771 0.0600547 0.0196439 0.00520987 0.00278587 0.00421525 0.00704637 0.0105673 0.0141713 0.0172597 0.0195171 0.0210105 0.0219677 0.0224499 0.0222348 0.0210085 0.0186658
 1.03368e-16 6.04153e-05 0.000587258 0.00390254 0.0177404 0.055197 0.117604 0.171651 0.171672 0.117709 0.0555496 0.0187584 0.00645718 0.00616201 0.0106422 0.0174842 0.0251514 0.031575 0.0346997 0.0336031 0.0290597 0.0230302 0.0174922 0.0135103 0.0110858 0.0096154
 1.05707e-16 3.72038e-05 0.000361634 0.00240319 0.0109246 0.0339906 0.0724221 0.105711 0.105752 0.0726236 0.0346675 0.0128805 0.00731599 0.0110963 0.0204535 0.0338306 0.0489059 0.0618627 0.0688134 0.0679347 0.0605047 0.049942 0.0396723 0.0315129 0.0255171 0.0208641
 1.04731e-16 6.52219e-05 0.00063398 0.00421302 0.0191518 0.0595883 0.12696 0.185303 0.185314 0.12701 0.059759 0.0196462 0.00545916 0.00337143 0.00531445 0.00881435 0.0129995 0.0169939 0.0199362 0.0214113 0.0216379 0.0211962 0.0205388 0.0197086 0.0184484 0.016525
 1.02853e-16 6.26142e-05 0.000608632 0.00404458 0.0183861 0.057206 0.121884 0.177897 0.177917 0.121978 0.0575216 0.0192974 0.00633194 0.00560102 0.00954148 0.0156688 0.0225531 0.0283402 0.0311909 0.0302724 0.026261 0.0208872 0.0158993 0.0122433 0.00993547 0.00847057
 1.04834e-16 3.92421e-05 0.000381448 0.00253486 0.0115231 0.0358529 0.0763899 0.111502 0.111542 0.0765878 0.0365175 0.0134433 0.00735679 0.0109143 0.0200621 0.0331539 0.0478692 0.0604304 0.0669955 0.0657678 0.0580284 0.0471977 0.036726 0.0284798 0.0225573 0.0181467
 1.08017e-16 5.06875e-05 0.0004927 0.00327417 0.0148839 0.0463095 0.0986679 0.144013 0.144033 0.0987659 0.0466389 0.0158377 0.00567737 0.00576897 0.0101596 0.0169465 0.0249468 0.032501 0.0379207 0.0403873 0.040333 0.0389266 0.0371246 0.0351071 0.0324602 0.0287732
 1.06471e-16 5.81936e-05 0.000565663 0.00375903 0.017088 0.0531673 0.113279 0.165338 0.165357 0.113373 0.053481 0.0179949 0.00603802 0.00554929 0.00954875 0.0157629 0.0228678 0.0291179 0.0327827 0.033092 0.0306848 0.0271256 0.023886 0.0215941 0.0200039 0.0184847
 1.06862e-16 4.43832e-05 0.000431421 0.00286694 0.0130327 0.0405499 0.086397 0.126106 0.12614 0.0865622 0.0411048 0.0146361 0.00689391 0.00922998 0.0167772 0.027726 0.0400789 0.050705 0.0564394 0.0558284 0.0499762 0.0417384 0.033943 0.0280351 0.0239399 0.0208173
 1.03575e-16 6.792e-05 0.000660207 0.00438731 0.0199441 0.0620535 0.132212 0.192969 0.192979 0.132262 0.0622207 0.0204281 0.00560532 0.00332954 0.00516808 0.00851657 0.0124498 0.0160506 0.0184246 0.0191508 0.0184961 0.0171587 0.0157643 0.0145309 0.0133097 0.0118612
pSPR Fmed_Fpbrs
1   0.983398 0.6 0.325 0.983398 0.983398 0.983398
Fs Fmed_Fpbrs
0   0.01 0.347781 0.898701 0.01 0.01 0.01
SSBpbr Bo_Bmed_Bpbrs
474964  451216  443331 261230 130615 443331 443331 443331
Ro
109716
SPR SPRFo_SPRFmed_SPRFpbrs
790428 790428 777306
Fref
0
Nvult_r0
 83449.2 12717.8 6178.85 1260.73 570.742
CTP_r0
 22444.3 5535.75 2689.51 548.764 248.43
YTP_r0
356509
Np
 111958 41187 15151.9 5574.06 2804.95
Nvult_p0
 70771 26035.2 9577.81 3523.48 1773.07
CTP_p0
 0 0 0 0 0
 0 0 0 0 0
 0 0 0 0 0
 0 0 0 0 0
 0 0 0 0 0
 0 0 0 0 0
YTP_p0
 0 0 0 0 0 0
CBA_c0
0
log_Ro
11.4256
likeval ReclasPelacesDesembMPH_pf_preclas_ppelaces_ptallas_desvR_qrecl_qpela
 20.208 17.3803 0.0192232 52.4053 240.13 137.585 117.181 0 24.9625 2.46499e-05 6.66086e-05 0.034638 2067.51 0 0
q_reclas_q_pelaces
2.01806 3.17148
M
1
N
 157076 27409.5 50888.8 4404.54 0.177606
 83902.1 48768.6 7067.28 13121.2 1135.72
 86324.6 22676.1 9403.73 1362.74 2749.07
 99567.4 23378.5 4391.25 1821.04 796.257
 87696.5 21714.2 2876 540.206 321.977
 197150 27088.3 5538.9 733.615 219.927
 62236.1 55140.8 5612.02 1147.52 197.551
 26550.7 12616.7 5820.83 592.422 141.99
 28321.6 8697.25 3639.69 1679.2 211.864
 38215.9 6353.7 1135.24 475.083 246.838
 77873.1 6406.08 450.385 80.472 51.1737
 154756 24778.4 1738.88 122.253 35.7341
 72825.5 38087.9 3926.99 275.585 25.0386
 34690.6 18338.7 6333.03 652.957 49.986
 83916.9 2982.13 320.849 110.801 12.2985
 291150 16505 295.47 31.7898 12.1967
 53984.8 63285.6 2016.39 36.0971 5.37376
 375064 14541.9 12118.2 386.106 7.941
 278610 91400.9 2257.42 1881.17 61.17
 294047 59392.9 10720.3 264.769 227.814
 301728 71179.3 9091.45 1640.98 75.401
 410771 82441 14042 1793.53 338.601
 67830.8 103730 13788.5 2348.56 356.605
 204322 20081.1 24207.8 3217.88 631.316
 208629 59262.2 4489.52 5412.12 860.561
 73605 62075.2 13976.7 1058.83 1479.38
 180550 23042.8 16285.8 3666.87 665.914
 220902 52803.2 5241.9 3704.79 985.645
 88129.5 67611.3 13213 1311.69 1173.69
 94009.3 28317.2 18732.1 3660.75 688.59
 103361 29108.9 7260.11 4802.63 1115.11
 48914 28330.4 5780.51 1441.73 1175.16
 111958 15326.3 7446.2 1519.32 687.807
pred_Ctot
 15709.1 5334.08 9903.32 857.155 0.0345634
 14429.4 15449.1 2238.8 4156.59 359.777
 14759.4 7147.05 2963.87 429.508 866.454
 26730.5 10718.1 2013.2 834.872 365.05
 9017.17 4335.41 574.216 107.857 64.2854
 30548.4 7833.5 1601.76 212.15 63.5996
 18527.8 27384.8 2787.12 569.9 98.1105
 1856.44 1755.69 810.002 82.4389 19.7588
 7269.56 3848.16 1610.41 742.975 93.7409
 13999.2 3672.87 656.244 274.63 142.689
 6728.24 1088.08 76.4984 13.6683 8.69191
 33449.8 9532.01 668.931 47.0298 13.7466
 14976.4 14055.4 1449.16 101.698 9.23989
 18786.5 13564.4 4684.28 482.965 36.9726
 25957.4 1524.52 164.024 56.6435 6.28722
 78560.5 7596.99 136 14.6324 5.61396
 9372.14 20212.2 643.996 11.5287 1.71628
 82745.8 5689.89 4741.55 151.074 3.10712
 77387.7 43034.3 1062.86 885.712 28.8007
 65756.6 23500.3 4241.74 104.763 90.1403
 50272.5 21935.8 2801.77 505.712 23.2368
 83941.3 30261.6 5154.38 658.349 124.29
 8521.7 24871.8 3306.14 563.128 85.5051
 27860.9 5183.57 6248.79 830.635 162.962
 25655.7 13937 1055.82 1272.8 202.383
 7025.15 11568.5 2604.72 197.326 275.7
 23839.8 5778.69 4084.17 919.58 166.998
 23816.3 11012.8 1093.27 772.683 205.57
 7129.95 10797.5 2110.12 209.477 187.439
 9541.11 5586.15 3695.29 722.158 135.839
 17060.4 8897.44 2219.13 1467.97 340.843
 4645.04 5255.02 1072.23 267.427 217.981
 22444.3 5535.75 2689.51 548.764 248.43
F
 0.169647 0.355413 0.355413 0.355413 0.355413
 0.308341 0.64598 0.64598 0.64598 0.64598
 0.306296 0.641696 0.641696 0.641696 0.641696
 0.522869 1.09542 1.09542 1.09542 1.09542
 0.174782 0.36617 0.36617 0.36617 0.36617
 0.274074 0.574189 0.574189 0.574189 0.574189
 0.595913 1.24845 1.24845 1.24845 1.24845
 0.116049 0.243125 0.243125 0.243125 0.243125
 0.494585 1.03616 1.03616 1.03616 1.03616
 0.786004 1.64669 1.64669 1.64669 1.64669
 0.14511 0.304007 0.304007 0.304007 0.304007
 0.401953 0.842098 0.842098 0.842098 0.842098
 0.37905 0.794117 0.794117 0.794117 0.794117
 1.45383 3.0458 3.0458 3.0458 3.0458
 0.626165 1.31183 1.31183 1.31183 1.31183
 0.52618 1.10236 1.10236 1.10236 1.10236
 0.311669 0.652951 0.652951 0.652951 0.652951
 0.411841 0.862812 0.862812 0.862812 0.862812
 0.545638 1.14312 1.14312 1.14312 1.14312
 0.418537 0.876841 0.876841 0.876841 0.876841
 0.297444 0.62315 0.62315 0.62315 0.62315
 0.376249 0.788248 0.788248 0.788248 0.788248
 0.217235 0.455112 0.455112 0.455112 0.455112
 0.237724 0.498035 0.498035 0.498035 0.498035
 0.21221 0.444582 0.444582 0.444582 0.444582
 0.16136 0.338052 0.338052 0.338052 0.338052
 0.229434 0.480669 0.480669 0.480669 0.480669
 0.183945 0.385369 0.385369 0.385369 0.385369
 0.135339 0.283537 0.283537 0.283537 0.283537
 0.172349 0.361074 0.361074 0.361074 0.361074
 0.294295 0.616552 0.616552 0.616552 0.616552
 0.160491 0.336232 0.336232 0.336232 0.336232
 0.367909 0.770776 0.770776 0.770776 0.770776
YTP_r0W_actual
 169230 96598.8 64736.4 17187.3 8757.16
YTP_p0W_proyectada
 0 0 0 0 0
 0 0 0 0 0
 0 0 0 0 0
 0 0 0 0 0
 0 0 0 0 0
 0 0 0 0 0
CTP_r0_actual
 22444.3 5535.75 2689.51 548.764 248.43
CTP_p0_proyectada
 0 0 0 0 0
 0 0 0 0 0
 0 0 0 0 0
 0 0 0 0 0
 0 0 0 0 0
 0 0 0 0 0
Wmedp
 7.54 17.45 24.07 31.32 35.25
Frms_r0
 0.367909 0.770776 0.770776 0.770776 0.770776
Zrms_r0
 1.36791 1.77078 1.77078 1.77078 1.77078
nmprior
 7.29 8.9 8.7 0
nm_flota  nm_reclas  nm_pelaces    nm_pelaL
inf 13.5154 12.8603 35.7233
cv_recla  cv_pelaces  cv_mph
0.389307 0.456688 0.580423
 ------------------------------------------------
Talla a la edad & desviaci?n 
 8 13.2811 15.8009 17.003 17.5766
 0.8 1.32811 1.58009 1.7003 1.75766
