years
 1991 1992 1993 1994 1995 1996 1997 1998 1999 2000 2001 2002 2003 2004 2005 2006 2007 2008 2009 2010 2011 2012 2013 2014 2015 2016 2017 2018 2019 2020 2021 2022 2023
reclasobs
 0 0 0 0 0 0 0 0 0 252601 567819 844713 477998 351125 339783 2.1784e+06 2.13404e+06 4.81314e+06 1.55562e+06 2.62356e+06 3.21686e+06 3.843e+06 1.13348e+06 3.07943e+06 1.97215e+06 2.03268e+06 2.025e+06 2.42433e+06 2.27542e+06 1.05018e+06 2.36338e+06 3.18982e+06 1.53035e+06
reclaspred
 1.01067e+07 2.70766e+06 1.59246e+06 1.33255e+06 93019.3 1.00748e+07 1.06244e+07 6.95589e+06 3.15231e+06 213731 288489 1.2635e+06 1.97139e+06 252177 602358 2.06015e+06 1.14171e+06 3.7364e+06 2.01314e+06 2.29617e+06 3.18352e+06 3.504e+06 2.12153e+06 2.79958e+06 2.63471e+06 1.91089e+06 2.09553e+06 2.97471e+06 2.33716e+06 1.9999e+06 1.65676e+06 2.35193e+06 411561
pelacesobs
 0 0 0 0 0 0 0 0 0 0 0 0 0 0 0 552880 188675 0 991730 2.46772e+06 1.41603e+06 1.21717e+06 2.29649e+06 1.80582e+06 0 1.4828e+06 1.56532e+06 1.57751e+06 1.42118e+06 867257 1.10002e+06 1.06204e+06 0
pelacespred
 8.32885e+06 2.04627e+06 831881 524155 24075.5 6.27257e+06 7.61625e+06 6.23228e+06 2.82572e+06 86038.8 144007 587900 1.13427e+06 69961.3 289622 925113 498353 2.0447e+06 890627 952071 1.51465e+06 1.6863e+06 1.11117e+06 1.66653e+06 1.45445e+06 1.06504e+06 1.35426e+06 1.7567e+06 1.37599e+06 1.29142e+06 822674 1.40466e+06 122855
mphobs
 0 0 0 0 0 0 0 0 0 0 0 0 498337 0 5186 125008 0 168611 109162 213762 579715 649985 157893 87575 83554 210694 70296 0 107559 103333 445601 22526 28222
mphpred
 2.4358e+06 948949 144199 348173 68418.1 2352.97 2.72517e+06 1.55627e+06 845599 170032 4172.95 54044.4 245944 190002 7582.3 73774.1 366132 85363.3 506337 258185 636274 490312 161760 55894.4 131759 133804 55610.7 97287.9 192312 76980.8 82061.7 77418.1 64621.6
desembarqueobs
 494567 514787 250237 358949 120608 361735 552515 73892 212993 205616 52469 317467 293654 387597 252695 516296 358380 742168 942051 627588 828172 859565 418607 520667 417249 300574 415391 372974 316634 284311 391294 218835 356480
desembarquepred
 494495 514190 250293 358197 120411 361612 552139 73878.8 212783 205118 52432.6 317013 293238 386219 252208 515417 357865 740886 938800 626044 827200 857871 417989 519981 416549 300142 414703 372467 316088 283721 390473 218642 355404
Reclutas
 1346.55 857.119 244076 2503.28 1049.43 808179 1175.76 378.694 655.249 1344.53 31814.2 157503 128637 11924.4 57627.3 264633 4451.53 391419 149632 271036 170457 435580 4136.05 144513 176914 13540.7 124724 152738 13105.4 108709 69056 77862.9 1915.89
log_desv_Rt
 -2.96526 -3.41699 2.23467 -2.3452 -3.21456 3.43198 -3.10089 -4.23383 -3.68555 -2.96676 0.197107 1.79664 1.59418 -0.784222 0.79119 2.31554 -1.76956 2.70697 1.74537 2.33944 1.87568 2.81387 -1.84307 1.71057 1.91286 -0.657106 1.56329 1.76592 -0.689779 1.42587 0.972112 1.09214 -2.61262
SSB
 1.79615e+06 699750 106331 256741 50451.2 1735.07 2.00952e+06 1.14758e+06 623540 125381 3077.11 39852 171350 133023 5199.62 51612.3 269984 62946.4 398139 123073 316819 263616 443941 147470 308788 342076 131656 215161 447520 163859 218579 203403 166949
BT
 2.21189e+06 975299 538076 375462 110760 3.55811e+06 2.46646e+06 1.36436e+06 786409 255504 115762 548700 733610 380191 395397 872523 415798 1.69636e+06 1.21921e+06 921224 1.30318e+06 1.48155e+06 628792 1.25038e+06 916018 538352 1.04991e+06 1.09656e+06 626383 798695 648527 728496 320553
Ftot
 0.292138 1.05919 1.04773 1.24502 3.76492 0.262076 0.272784 0.0652529 0.412795 3.29949 1.25166 1.60294 0.891958 4.18755 2.62997 1.63074 1.41843 1.34077 2.21154 1.69516 1.43755 1.48933 0.962426 1.20565 0.932302 0.811792 1.27023 0.801599 0.696353 0.912967 1.32459 0.56596 2.8857
BD_Bspro_t
 0.954334 0.630634 0.220428 0.404154 0.0922775 0.00537461 0.800793 0.649303 0.583317 0.245907 0.0157946 0.250008 0.358706 0.212428 0.013172 0.116909 0.287464 0.0898397 0.29206 0.113151 0.200828 0.175348 0.272785 0.125395 0.258634 0.325401 0.194623 0.310471 0.456005 0.255515 0.331496 0.290303 0.290375
BD_Bspro
 9.54396 3.71817 0.564999 1.36421 0.268076 0.00921941 10.6777 6.09776 3.31322 0.666219 0.0163504 0.211757 0.910484 0.70683 0.0276286 0.274246 1.43458 0.33447 2.11554 0.653959 1.68344 1.40074 2.35891 0.783594 1.64077 1.81764 0.699564 1.14327 2.37793 0.870679 1.16144 1.0808 0.887096
BD_Bo
 4.91986 1.9167 0.291254 0.703245 0.138192 0.00475256 5.50433 3.14337 1.70795 0.343433 0.00842858 0.10916 0.46935 0.364367 0.0142424 0.141372 0.739519 0.172418 1.09055 0.337113 0.867806 0.722076 1.21601 0.403939 0.845808 0.936987 0.360622 0.589352 1.22581 0.448831 0.598716 0.557145 0.457294
BD_Brms
 5.26896 2.0527 0.311921 0.753146 0.147998 0.00508979 5.8949 3.36641 1.82914 0.367802 0.00902665 0.116905 0.502654 0.390222 0.015253 0.151404 0.791993 0.184652 1.16793 0.361033 0.929383 0.773313 1.30229 0.432601 0.905824 1.00347 0.386211 0.631171 1.31279 0.480678 0.641199 0.596678 0.489742
Sel_flota
 0.442198 1 1 1 1
 0.442198 1 1 1 1
 0.442198 1 1 1 1
 0.442198 1 1 1 1
 0.442198 1 1 1 1
 0.442198 1 1 1 1
 0.442198 1 1 1 1
 0.442198 1 1 1 1
 0.442198 1 1 1 1
 0.442198 1 1 1 1
 0.442198 1 1 1 1
 0.442198 1 1 1 1
 0.442198 1 1 1 1
 0.442198 1 1 1 1
 0.442198 1 1 1 1
 0.442198 1 1 1 1
 0.442198 1 1 1 1
 0.442198 1 1 1 1
 0.442198 1 1 1 1
 0.442198 1 1 1 1
 0.442198 1 1 1 1
 0.442198 1 1 1 1
 0.442198 1 1 1 1
 0.442198 1 1 1 1
 0.442198 1 1 1 1
 0.442198 1 1 1 1
 0.442198 1 1 1 1
 0.442198 1 1 1 1
 0.442198 1 1 1 1
 0.442198 1 1 1 1
 0.442198 1 1 1 1
 0.442198 1 1 1 1
 0.442198 1 1 1 1
Sel_reclas
 0.508499 0.838883 0.96324 0.992474 0.998495
 0.508499 0.838883 0.96324 0.992474 0.998495
 0.508499 0.838883 0.96324 0.992474 0.998495
 0.508499 0.838883 0.96324 0.992474 0.998495
 0.508499 0.838883 0.96324 0.992474 0.998495
 0.508499 0.838883 0.96324 0.992474 0.998495
 0.508499 0.838883 0.96324 0.992474 0.998495
 0.508499 0.838883 0.96324 0.992474 0.998495
 0.508499 0.838883 0.96324 0.992474 0.998495
 0.508499 0.838883 0.96324 0.992474 0.998495
 0.508499 0.838883 0.96324 0.992474 0.998495
 0.508499 0.838883 0.96324 0.992474 0.998495
 0.508499 0.838883 0.96324 0.992474 0.998495
 0.508499 0.838883 0.96324 0.992474 0.998495
 0.508499 0.838883 0.96324 0.992474 0.998495
 0.508499 0.838883 0.96324 0.992474 0.998495
 0.508499 0.838883 0.96324 0.992474 0.998495
 0.508499 0.838883 0.96324 0.992474 0.998495
 0.508499 0.838883 0.96324 0.992474 0.998495
 0.508499 0.838883 0.96324 0.992474 0.998495
 0.508499 0.838883 0.96324 0.992474 0.998495
 0.508499 0.838883 0.96324 0.992474 0.998495
 0.508499 0.838883 0.96324 0.992474 0.998495
 0.508499 0.838883 0.96324 0.992474 0.998495
 0.508499 0.838883 0.96324 0.992474 0.998495
 0.508499 0.838883 0.96324 0.992474 0.998495
 0.508499 0.838883 0.96324 0.992474 0.998495
 0.508499 0.838883 0.96324 0.992474 0.998495
 0.508499 0.838883 0.96324 0.992474 0.998495
 0.508499 0.838883 0.96324 0.992474 0.998495
 0.508499 0.838883 0.96324 0.992474 0.998495
 0.508499 0.838883 0.96324 0.992474 0.998495
 0.508499 0.838883 0.96324 0.992474 0.998495
Sel_pelaces
 0.3768 0.752648 0.938701 0.98719 0.997428
 0.3768 0.752648 0.938701 0.98719 0.997428
 0.3768 0.752648 0.938701 0.98719 0.997428
 0.3768 0.752648 0.938701 0.98719 0.997428
 0.3768 0.752648 0.938701 0.98719 0.997428
 0.3768 0.752648 0.938701 0.98719 0.997428
 0.3768 0.752648 0.938701 0.98719 0.997428
 0.3768 0.752648 0.938701 0.98719 0.997428
 0.3768 0.752648 0.938701 0.98719 0.997428
 0.3768 0.752648 0.938701 0.98719 0.997428
 0.3768 0.752648 0.938701 0.98719 0.997428
 0.3768 0.752648 0.938701 0.98719 0.997428
 0.3768 0.752648 0.938701 0.98719 0.997428
 0.3768 0.752648 0.938701 0.98719 0.997428
 0.3768 0.752648 0.938701 0.98719 0.997428
 0.3768 0.752648 0.938701 0.98719 0.997428
 0.3768 0.752648 0.938701 0.98719 0.997428
 0.3768 0.752648 0.938701 0.98719 0.997428
 0.3768 0.752648 0.938701 0.98719 0.997428
 0.3768 0.752648 0.938701 0.98719 0.997428
 0.3768 0.752648 0.938701 0.98719 0.997428
 0.3768 0.752648 0.938701 0.98719 0.997428
 0.3768 0.752648 0.938701 0.98719 0.997428
 0.3768 0.752648 0.938701 0.98719 0.997428
 0.3768 0.752648 0.938701 0.98719 0.997428
 0.3768 0.752648 0.938701 0.98719 0.997428
 0.3768 0.752648 0.938701 0.98719 0.997428
 0.3768 0.752648 0.938701 0.98719 0.997428
 0.3768 0.752648 0.938701 0.98719 0.997428
 0.3768 0.752648 0.938701 0.98719 0.997428
 0.3768 0.752648 0.938701 0.98719 0.997428
 0.3768 0.752648 0.938701 0.98719 0.997428
 0.3768 0.752648 0.938701 0.98719 0.997428
pf_obs 
 0.8446 0.082 0.0669 0.0065 0
 0.8095 0.147 0.0364 0.0071 0
 0.9664 0.0169 0.016 0.0007 0
 0.9276 0.0648 0.0075 0.0001 0
 0.7033 0.2144 0.0806 0.0017 0
 0.9318 0.0425 0.0243 0.0014 0
 0.5671 0.3108 0.0964 0.0239 0.0018
 0.0768 0.2599 0.5324 0.112 0.0189
 0.490249 0.384438 0.106611 0.0170017 0.00170017
 0.7925 0.1577 0.0466 0.003 0.0002
 0.840416 0.127587 0.0312969 0.00059994 9.999e-05
 0.8084 0.0986 0.0794 0.0134 0.0002
 0.7335 0.1905 0.0724 0.0035 0.0001
 0.4001 0.4547 0.1325 0.0127 0
 0.49795 0.308269 0.164784 0.0264974 0.00249975
 0.9179 0.0499 0.0305 0.0017 0
 0.2467 0.6533 0.0926 0.0074 0
 0.9418 0.0223 0.034 0.0019 0
 0.707729 0.231977 0.0356964 0.0245975 0
 0.517169 0.277429 0.184464 0.0207286 0.00020938
 0.811772 0.124168 0.05621 0.00726502 0.000585176
 0.764997 0.148141 0.077277 0.00933861 0.000247198
 0.163321 0.427699 0.378323 0.0303852 0.000271297
 0.753843 0.0900009 0.118128 0.0371064 0.000921714
 0.721811 0.176058 0.0630433 0.0369309 0.00215725
 0.143369 0.312575 0.442814 0.0836902 0.0175525
 0.692698 0.0596174 0.167031 0.0765114 0.00414204
 0.394062 0.376323 0.152708 0.0712218 0.00568511
 0.125707 0.32114 0.495352 0.0537591 0.00404204
 0.23352 0.215282 0.420074 0.123614 0.00750983
 0.796117 0.104755 0.0508955 0.0450114 0.00322123
 0.162477 0.292055 0.404252 0.121198 0.0200186
 0 0 0 0 0
pf_pred 
 0.00588684 0.155408 0.744995 0.0937103 4.88121e-07
 0.0154293 0.0143241 0.151677 0.727109 0.0914609
 0.97076 0.00143784 0.000404489 0.00428309 0.023115
 0.024173 0.966962 0.000435919 0.000122631 0.00830645
 0.105953 0.0722592 0.814323 0.000367107 0.00709851
 0.99966 0.000192645 1.19363e-05 0.000134516 1.23323e-06
 0.00208301 0.997779 7.79232e-05 4.82812e-06 5.49092e-05
 0.00227533 0.00513133 0.992456 7.75075e-05 5.94186e-05
 0.0121376 0.00517715 0.00505399 0.977496 0.000134862
 0.129318 0.0269491 0.0044218 0.00431661 0.834995
 0.988825 0.00632748 0.000150036 2.46179e-05 0.00467277
 0.932884 0.0669034 0.000120292 2.85235e-06 8.93025e-05
 0.701942 0.292923 0.00511803 9.20223e-06 7.04974e-06
 0.200357 0.703186 0.0947957 0.0016563 5.25946e-06
 0.977592 0.0173134 0.00448008 0.000603954 1.0586e-05
 0.959679 0.0401776 0.000110711 2.86479e-05 3.92969e-06
 0.051209 0.939287 0.00947044 2.60962e-05 7.67902e-06
 0.977619 0.0038135 0.0183811 0.00018533 6.60957e-07
 0.546369 0.450833 0.000476854 0.00229845 2.32569e-05
 0.872381 0.110409 0.0171039 1.80911e-05 8.80819e-05
 0.670354 0.318715 0.00945668 0.00146497 9.09386e-06
 0.87199 0.113462 0.014066 0.000417357 6.50558e-05
 0.0252084 0.939578 0.031212 0.0038694 0.000132706
 0.860946 0.0105649 0.123848 0.00411411 0.000527526
 0.74365 0.245026 0.000860394 0.010086 0.000378009
 0.129119 0.784811 0.0822677 0.000288878 0.00351331
 0.862212 0.0424548 0.0859117 0.00900568 0.000416218
 0.744943 0.244173 0.00335338 0.00678591 0.000744208
 0.132594 0.778344 0.0852611 0.00117094 0.00262939
 0.833298 0.050931 0.103884 0.0113796 0.000507223
 0.581296 0.393477 0.00770747 0.0157209 0.00179886
 0.696837 0.253357 0.046805 0.000916821 0.00208402
 0.0487826 0.821075 0.108762 0.0200925 0.0012882
pobs_RECLAS
 0 0 0 0 0
 0 0 0 0 0
 0 0 0 0 0
 0 0 0 0 0
 0 0 0 0 0
 0 0 0 0 0
 0 0 0 0 0
 0 0 0 0 0
 0 0 0 0 0
 0 0 0 0 0
 0.991045 0.00858322 0.000360255 1.14367e-05 0
 0.934742 0.0480273 0.0164251 0.00080598 0
 0.827803 0.169806 0.00239088 0 0
 0.941827 0.0461693 0.0120037 0 0
 0.791401 0.0380133 0.147996 0.0225897 0
 0.846168 0.0940531 0.0597789 0 0
 0.134021 0.677848 0.182769 0.00536245 0
 0.80878 0.0450904 0.141981 0.00414843 0
 0.846168 0.0940531 0.0597789 0 0
 0.905697 0.0802665 0.012482 0.00150086 5.37128e-05
 0.989698 0.0102097 9.19794e-05 0 0
 0.975433 0.0193895 0.00387452 0.00125025 5.28907e-05
 0.303575 0.632131 0.0575291 0.00676475 0
 0.966965 0.00978017 0.0227588 0.000495775 0
 0.843318 0.132988 0.00938335 0.0141283 0.000182051
 0.564624 0.303363 0.111486 0.0197234 0.00080311
 0.826376 0.0876187 0.0782897 0.00655872 0.00115652
 0.89761 0.0855135 0.0140674 0.00269457 0.000114338
 0.34875 0.467042 0.161289 0.0227151 0.000203297
 0.318654 0.224769 0.449479 0.00709798 0
 0.937255 0.0296025 0.0250945 0.00804832 0
 0.456809 0.399803 0.12412 0.0192676 0
 0.883104 0.0372192 0.0704036 0.00927362 0
ppred_RECLAS
 0.00725741 0.13754 0.757081 0.0981208 5.14196e-07
 0.0194572 0.0121334 0.147525 0.728671 0.0922135
 0.976668 0.000972886 0.000314261 0.00342867 0.0186161
 0.0362366 0.953379 0.000493509 0.000143046 0.00974802
 0.195773 0.0571875 0.740009 0.000343731 0.00668683
 0.999736 0.000138571 9.85864e-06 0.000114474 1.05585e-06
 0.00289559 0.996944 8.93997e-05 5.70731e-06 6.53019e-05
 0.0027254 0.0044698 0.992663 7.98765e-05 6.16062e-05
 0.0143891 0.00437018 0.00489864 0.976207 0.000135501
 0.210254 0.020643 0.0038892 0.00391191 0.761302
 0.992028 0.0041719 0.000113588 1.92031e-05 0.00366709
 0.956718 0.0431222 8.90274e-05 2.17507e-06 6.85111e-05
 0.774621 0.220932 0.00443241 8.21135e-06 6.3288e-06
 0.38627 0.53018 0.0820681 0.00147743 4.71996e-06
 0.987482 0.00934767 0.0027774 0.000385782 6.80291e-06
 0.974354 0.0255402 8.081e-05 2.15453e-05 2.97333e-06
 0.0772336 0.912167 0.0105604 2.99828e-05 8.87619e-06
 0.983556 0.00249449 0.0138058 0.000143423 5.14606e-07
 0.677038 0.320619 0.000389396 0.00193386 1.96866e-05
 0.915251 0.071881 0.0127861 1.39345e-05 6.8256e-05
 0.759032 0.231802 0.00789745 0.00126056 7.87242e-06
 0.913026 0.0758017 0.0107903 0.00032988 5.17322e-05
 0.0365154 0.9236 0.0352294 0.0045 0.00015527
 0.89169 0.00723012 0.0973195 0.00333099 0.000429703
 0.808719 0.181384 0.000731336 0.00883331 0.000333069
 0.174988 0.73261 0.0881799 0.000319037 0.00390363
 0.896222 0.028938 0.0672399 0.00726233 0.000337681
 0.807884 0.182572 0.00287906 0.0060029 0.00066233
 0.177812 0.726583 0.0913898 0.0012932 0.00292155
 0.868938 0.0362223 0.0848351 0.00957502 0.000429375
 0.678364 0.29914 0.00672821 0.01414 0.00162778
 0.761166 0.194776 0.0413168 0.000833881 0.00190699
 0.0896214 0.769605 0.117056 0.022281 0.00143719
pobs_PELACES
 0 0 0 0 0
 0 0 0 0 0
 0 0 0 0 0
 0 0 0 0 0
 0 0 0 0 0
 0 0 0 0 0
 0 0 0 0 0
 0 0 0 0 0
 0 0 0 0 0
 0 0 0 0 0
 0 0 0 0 0
 0 0 0 0 0
 0 0 0 0 0
 0 0 0 0 0
 0 0 0 0 0
 0 0 0 0 0
 0.505614 0.472636 0.0217494 0 0
 0 0 0 0 0
 0.443492 0.261883 0.143347 0.151278 0
 0.227955 0.32914 0.350689 0.0885471 0.00366901
 0.970185 0.0296113 0.000203453 0 0
 0.997202 0.00247181 0.000326279 0 0
 0.445219 0.490057 0.0546422 0.010081 0
 0.90214 0.0892962 0.00764917 0.000914606 0
 0 0 0 0 0
 0.581667 0.319106 0.0959925 0.00289975 0.000334073
 0.762889 0.0836404 0.116647 0.0363945 0.000428098
 0.88444 0.0763242 0.0277011 0.0115352 0
 0.521256 0.241999 0.230069 0.00667565 0
 0.616807 0.101726 0.260614 0.0208532 0
 0.833518 0.0704572 0.0857862 0.0102388 0
 0.697417 0.212968 0.0787535 0.0105354 0.000325836
 0 0 0 0 0
ppred_PELACES
 0.00588393 0.127947 0.764974 0.101194 5.32569e-07
 0.0177151 0.0110063 0.145354 0.732793 0.0931318
 0.974262 0.000968953 0.000339964 0.0037858 0.0206431
 0.0375401 0.950942 0.00053467 0.000158181 0.0108255
 0.271227 0.0479705 0.674238 0.000319657 0.00624509
 0.99968 0.00015987 1.23542e-05 0.000146417 1.35626e-06
 0.00251555 0.997308 9.71397e-05 6.32968e-06 7.27326e-05
 0.00209942 0.00411919 0.993637 8.16082e-05 6.32111e-05
 0.0116046 0.00395518 0.00481553 0.979488 0.000136538
 0.266606 0.0172662 0.00353336 0.00362747 0.708967
 0.991924 0.00401141 0.00011863 2.04703e-05 0.00392581
 0.960804 0.0390372 8.75395e-05 2.18294e-06 6.90532e-05
 0.769555 0.225514 0.00491425 9.29226e-06 7.19253e-06
 0.526179 0.404549 0.0680182 0.00124982 4.00988e-06
 0.990421 0.00699549 0.00225764 0.000320072 5.66831e-06
 0.976931 0.0229655 7.89257e-05 2.1478e-05 2.97673e-06
 0.082284 0.906277 0.0113964 3.30255e-05 9.81879e-06
 0.983308 0.00235916 0.0141821 0.000150379 5.41871e-07
 0.722169 0.275606 0.000363574 0.00184296 1.88415e-05
 0.923242 0.0642605 0.0124157 1.38106e-05 6.79385e-05
 0.771593 0.218975 0.00810338 0.00132017 8.27999e-06
 0.918559 0.0701959 0.0108535 0.000338672 5.33382e-05
 0.0358947 0.920809 0.0381499 0.00497382 0.000172352
 0.887022 0.00697515 0.101979 0.00356264 0.000461553
 0.804791 0.184087 0.000806204 0.00993894 0.000376361
 0.167664 0.731947 0.0956927 0.000353377 0.00434231
 0.894412 0.0276768 0.0698515 0.00770041 0.000359583
 0.800198 0.188917 0.00323586 0.00688636 0.000763056
 0.167362 0.728422 0.0995171 0.00143733 0.00326104
 0.858909 0.0366455 0.0932226 0.0107393 0.000483644
 0.688193 0.287939 0.00703442 0.0150893 0.00174448
 0.741911 0.207125 0.0477229 0.00098309 0.00225783
 0.120026 0.733689 0.12121 0.0235489 0.00152547
pobs_pel_tallas
 0 0 0 0 0 0 0 0 0 0 0 0 0 0 0 0 0 0 0 0 0 0 0 0 0 0
 0 0 0 0 0 0 0 0 0 0 0 0 0 0 0 0 0 0 0 0 0 0 0 0 0 0
 0 0 0 0 0 0 0 0 0 0 0 0 0 0 0 0 0 0 0 0 0 0 0 0 0 0
 0 0 0 0 0 0 0 0 0 0 0 0 0 0 0 0 0 0 0 0 0 0 0 0 0 0
 0 0 0 0 0 0 0 0 0 0 0 0 0 0 0 0 0 0 0 0 0 0 0 0 0 0
 0 0 0 0 0 0 0 0 0 0 0 0 0 0 0 0 0 0 0 0 0 0 0 0 0 0
 0 0 0 0 0 0 0 0 0 0 0 0 0 0 0 0 0 0 0 0 0 0 0 0 0 0
 0 0 0 0 0 0 0 0 0 0 0 0 0 0 0 0 0 0 0 0 0 0 0 0 0 0
 0 0 0 0 0 0 0 0 0 0 0 0 0 0 0 0 0 0 0 0 0 0 0 0 0 0
 0 0 0 0 0 0 0 0 0 0 0 0 0 0 0 0 0 0 0 0 0 0 0 0 0 0
 0 0 0 0 0 0 0 0 0 0 0 0 0 0 0 0 0 0 0 0 0 0 0 0 0 0
 0 0 0 0 0 0 0 0 0 0 0 0 0 0 0 0 0 0 0 0 0 0 0 0 0 0
 0.00862536 0 0 0.000197151 0.00414017 0.0128641 0.00837892 0.0270097 0.101434 0.158115 0.152841 0.127902 0.109271 0.109419 0.0830992 0.0579132 0.0238553 0.00714673 0.00463305 0.00128148 0.00103504 0.000492878 0.000147863 0.000147863 4.92878e-05 0
 0 0 0 0 0 0 0 0 0 0 0 0 0 0 0 0 0 0 0 0 0 0 0 0 0 0
 0 0 0 0 0 0 0 0.0054083 0.00873648 0.0413646 0.0450493 0.0745869 0.0622846 0.0627006 0.0613931 0.0827291 0.12552 0.122667 0.0946155 0.0697135 0.0546179 0.0294188 0.0215738 0.0213955 0.0102223 0.00600262
 0 0 0 0 0.00359764 0.0251062 0.0480494 0.140153 0.205849 0.193036 0.1447 0.116669 0.0760912 0.0342217 0.00950174 0.001854 0.000860785 0 0 0 0.000165536 0 0.000143464 0 0 0
 0 0 0 0 0 0 0 0.000145254 0.000435761 0.0275982 0.070085 0.0708112 0.156366 0.174668 0.174014 0.160142 0.0824315 0.0480064 0.0283245 0.00493863 0.00203355 0 0 0 0 0
 0 0 0 0 0 0 0 0 0 0 0 0 0 0 0 0 0 0 0 0 0 0 0 0 0 0
 0 0 1.00437e-05 0.000401748 0.00122533 0.00171747 0.00176769 0.0269171 0.070346 0.194647 0.189555 0.159765 0.064822 0.0314167 0.0384472 0.0292271 0.0345202 0.0313363 0.0194345 0.0106764 0.0143323 0.0359363 0.0279516 0.0138201 0.00172751 0
 0 0.0021121 0.0136068 0.0755702 0.200478 0.177729 0.0527432 0.0373336 0.0318909 0.0142505 0.0149659 0.0166563 0.0217959 0.0798694 0.0677717 0.0528807 0.04013 0.0224614 0.0357745 0.0225083 0.00881397 0.00855152 0.00135912 0.000746735 0 0
 0 0 0 0 5.4009e-05 0.00500934 0.000945158 0.0243581 0.138947 0.33067 0.221406 0.137944 0.0707744 0.0437923 0.0131692 0.00525238 0.0047753 0.00276346 9.45158e-05 9.00151e-06 2.25038e-05 9.00151e-06 4.50075e-06 0 0 0
 0.000866109 0.00284123 0.00948549 0.0512746 0.133035 0.25785 0.225252 0.132002 0.0553304 0.0519788 0.0540692 0.017754 0.00435017 0.00159236 0.00146478 0.000404838 0.000125132 0.000115318 0.000107957 0.000100596 0 0 0 0 0 0
 0 0 0 0 0.00144013 0.00171154 0.00461396 0.0210425 0.0478622 0.0707936 0.0888783 0.103762 0.0637923 0.0337046 0.0602308 0.124433 0.169614 0.0934646 0.0462172 0.0250306 0.0313229 0.00938855 0.002487 0.000210481 0 0
 0 0.00764035 0.051015 0.0998891 0.058973 0.0496711 0.0374665 0.0718981 0.12319 0.153886 0.159021 0.0857701 0.0377988 0.023471 0.0147837 0.00900784 0.00315554 0.000888139 0.00291439 0.00214683 0.00393193 0.00274676 0.000635225 9.99891e-05 0 0
 0 0 0 0 0 0 0 0 0 0 0 0 0 0 0 0 0 0 0 0 0 0 0 0 0 0
 0 0 0 0 0 0 0 0 0 0 0 0 0 0 0 0 0 0 0 0 0 0 0 0 0 0
 0 0 0 0 0 0 0 0 0 0 0 0 0 0 0 0 0 0 0 0 0 0 0 0 0 0
 0 0 0 0 0 0 0 0 0 0 0 0 0 0 0 0 0 0 0 0 0 0 0 0 0 0
 0 0 0 0 0 0 0 0 0 0 0 0 0 0 0 0 0 0 0 0 0 0 0 0 0 0
 0 0 0 0 0 0 0 0 0 0 0 0 0 0 0 0 0 0 0 0 0 0 0 0 0 0
 0 0 0 0 0 0 0 0 0 0 0 0 0 0 0 0 0 0 0 0 0 0 0 0 0 0
 0 0 0 0 0 0 0 0 0 0 0 0 0 0 0 0 0 0 0 0 0 0 0 0 0 0
 0 0 0 0 0 0 0 0 0 0 0 0 0 0 0 0 0 0 0 0 0 0 0 0 0 0
ppred_pel_tallas
 1.32257e-16 4.84682e-07 4.71129e-06 3.13088e-05 0.000142333 0.000442924 0.00094419 0.00138089 0.00139441 0.0010108 0.000670032 0.000813474 0.00177322 0.00399678 0.00813731 0.0149001 0.0248384 0.0382711 0.055291 0.0756077 0.0980314 0.119893 0.137118 0.145424 0.142171 0.127712
 1.93447e-16 1.45917e-06 1.41837e-05 9.42557e-05 0.000428473 0.00133315 0.00284047 0.00414607 0.00414763 0.00284836 0.00136123 0.000516896 0.000344861 0.000660357 0.00153442 0.00338172 0.00698982 0.0135828 0.0247897 0.0423348 0.0673481 0.0994199 0.135821 0.17144 0.199778 0.214842
 1.03884e-16 8.02487e-05 0.000780046 0.00518368 0.0235642 0.0733171 0.15621 0.227993 0.227993 0.15621 0.0733188 0.0235691 0.00519633 0.000809073 0.000139916 0.00011752 0.000196449 0.000330942 0.000549089 0.000901388 0.00144798 0.00223425 0.00325673 0.00443471 0.00560633 0.00655982
 1.02107e-16 3.09233e-06 3.00586e-05 0.000199754 0.000908111 0.00282596 0.00602439 0.00881194 0.00890338 0.00647107 0.00432517 0.00523553 0.0110516 0.0236847 0.0448244 0.0738292 0.105722 0.131624 0.142499 0.134203 0.110054 0.0787764 0.0495391 0.0278519 0.0146501 0.00795234
 1.20559e-16 2.23406e-05 0.000217159 0.0014431 0.00656011 0.020411 0.0434879 0.063473 0.0634787 0.043516 0.0205083 0.00685439 0.00223104 0.00209978 0.00407248 0.00793047 0.0142808 0.0238819 0.0372764 0.0543183 0.0736049 0.0921951 0.1061 0.111639 0.107043 0.0933549
 1.00016e-16 8.23423e-05 0.000800397 0.00531892 0.024179 0.0752299 0.160285 0.233941 0.233941 0.160285 0.0752302 0.0241798 0.00532076 0.000804427 9.00265e-05 1.85752e-05 1.89207e-05 2.39817e-05 2.75474e-05 2.89797e-05 2.90377e-05 2.91357e-05 3.036e-05 3.27595e-05 3.53586e-05 3.67701e-05
 1.00271e-16 2.0741e-07 2.01619e-06 1.3403e-05 6.09868e-05 0.000190267 0.000408929 0.000616947 0.000712841 0.000877377 0.00176251 0.00459917 0.0113936 0.0248076 0.0470001 0.077411 0.110834 0.137947 0.149253 0.140382 0.114783 0.0815906 0.050423 0.0270972 0.0126698 0.0051626
 1.28695e-16 1.72932e-07 1.68095e-06 1.11706e-05 5.07809e-05 0.000158007 0.000336716 0.000491827 0.000493754 0.00034686 0.000196484 0.000181364 0.000412151 0.00111857 0.00282667 0.00650475 0.0136161 0.0259168 0.0448264 0.0704001 0.100317 0.129616 0.151778 0.16102 0.154727 0.134652
 1.98393e-16 9.55855e-07 9.29125e-06 6.17436e-05 0.000280678 0.000873297 0.00186068 0.00271586 0.0027166 0.00186447 0.000887233 0.000326594 0.000199712 0.000390919 0.000980375 0.00234445 0.00524295 0.0109398 0.0212282 0.0381635 0.0633543 0.0968795 0.136243 0.176039 0.208874 0.227522
 2.20448e-16 2.196e-05 0.000213459 0.00141851 0.00644833 0.0200632 0.0427467 0.0623905 0.0623923 0.0427557 0.0200936 0.00653881 0.00165571 0.000767913 0.00119437 0.00229143 0.00423889 0.00761814 0.0134646 0.023323 0.0390155 0.061987 0.0923402 0.127954 0.164228 0.194838
 1.00671e-16 8.17034e-05 0.000794187 0.00527765 0.0239914 0.0746462 0.159042 0.232126 0.232126 0.159044 0.0746526 0.0240098 0.00532368 0.000894753 0.000272996 0.000322981 0.000460231 0.000586344 0.000664975 0.000687278 0.000676648 0.000676449 0.000724365 0.000830916 0.000974507 0.00111253
 1.00025e-16 7.91402e-05 0.000769271 0.00511207 0.0232387 0.0723044 0.154052 0.224845 0.224848 0.154071 0.0723659 0.0234164 0.00555756 0.00174032 0.00191909 0.00303624 0.00433993 0.00540225 0.00584692 0.00550278 0.00450486 0.00321033 0.00199517 0.00108635 0.000524563 0.000231932
 1.00202e-16 6.33873e-05 0.000616147 0.00409452 0.0186131 0.0579123 0.123389 0.180095 0.180116 0.123495 0.058268 0.0196398 0.00666957 0.00623023 0.0107041 0.0175393 0.0251271 0.0313178 0.0339672 0.0320873 0.0264467 0.0190859 0.0121479 0.00691918 0.00362587 0.00182937
 1.02193e-16 4.33407e-05 0.000421287 0.0027996 0.0127266 0.0395975 0.084368 0.123146 0.123185 0.0845586 0.0402374 0.0145752 0.0074402 0.0105532 0.0192895 0.0318298 0.0458651 0.057704 0.0635933 0.0617677 0.0534691 0.0420601 0.0309908 0.0222168 0.0159782 0.0115842
 1.00101e-16 8.15797e-05 0.000792984 0.00526965 0.0239551 0.0745332 0.158801 0.231775 0.231775 0.158804 0.0745443 0.0239872 0.00535031 0.000969375 0.000417491 0.000563434 0.000809158 0.00102858 0.00115408 0.00115559 0.00105255 0.000897696 0.000742781 0.000613637 0.000509287 0.000417447
 1.00011e-16 8.04685e-05 0.000782183 0.00519788 0.0236288 0.073518 0.156638 0.228618 0.22862 0.156649 0.0735542 0.0237333 0.00545997 0.00135348 0.00116298 0.00178876 0.00255363 0.00317878 0.0034408 0.00323888 0.0026523 0.001891 0.00117592 0.000640444 0.000308518 0.000134565
 1.00566e-16 6.77781e-06 6.58828e-05 0.000437819 0.00199031 0.00619307 0.0131982 0.0192815 0.0193686 0.013624 0.00762217 0.00611553 0.0107833 0.0226188 0.0427466 0.070416 0.100867 0.125644 0.136133 0.128362 0.105441 0.0756123 0.0475418 0.0264497 0.0132661 0.0062141
 1.00426e-16 8.09938e-05 0.000787288 0.00523181 0.023783 0.0739978 0.15766 0.23011 0.23011 0.157661 0.074002 0.0237954 0.00526379 0.000860487 0.000229863 0.000277393 0.00045098 0.000689659 0.000987162 0.00133426 0.00170603 0.00205273 0.00230313 0.00238727 0.00226917 0.00196817
 1.0027e-16 5.94842e-05 0.000578207 0.00384239 0.017467 0.0543464 0.115792 0.169007 0.169033 0.115921 0.0547809 0.0187212 0.00698759 0.00743407 0.0130503 0.0214025 0.0306425 0.0381496 0.0412994 0.0388881 0.0318714 0.0227715 0.0142399 0.00787181 0.00394447 0.00189831
 1.00388e-16 7.60462e-05 0.000739197 0.00491222 0.0223302 0.0694777 0.14803 0.216055 0.216061 0.14806 0.0695794 0.0226241 0.00564992 0.0023502 0.00313735 0.00507059 0.00730633 0.00920563 0.0101703 0.00991961 0.00864687 0.00687823 0.00515157 0.00376888 0.00276504 0.00203395
 1.00424e-16 6.35551e-05 0.000617778 0.00410536 0.0186624 0.0580657 0.123716 0.180571 0.180592 0.123819 0.0584111 0.0196597 0.00660706 0.00607286 0.0104056 0.0170543 0.024449 0.0305085 0.033158 0.0314409 0.0260982 0.0190945 0.012485 0.00749265 0.00431804 0.00253159
 1.00375e-16 7.56605e-05 0.000735447 0.0048873 0.022217 0.0691253 0.147279 0.214959 0.214966 0.147312 0.0692363 0.0225376 0.0056922 0.00249257 0.00341279 0.00552218 0.00794677 0.00999004 0.0109956 0.0106572 0.0091929 0.00719105 0.00525625 0.00373252 0.00266277 0.00192411
 1.01865e-16 2.95679e-06 2.87412e-05 0.000191 0.000868311 0.00270211 0.00576041 0.00842606 0.00851466 0.00619325 0.00415502 0.00506281 0.0107123 0.0229718 0.0435026 0.0717205 0.102861 0.12839 0.139603 0.13248 0.110125 0.0807789 0.0530598 0.0320881 0.0187007 0.0111012
 1.03381e-16 7.30628e-05 0.000710196 0.00471951 0.0214542 0.0667519 0.142222 0.207577 0.207578 0.142226 0.0667662 0.0214975 0.00483578 0.000988886 0.000674996 0.00118919 0.00214452 0.00360674 0.00566212 0.00829594 0.0112996 0.0142251 0.0164574 0.0174201 0.0168223 0.0148005
 1.01131e-16 6.62896e-05 0.000644359 0.00428199 0.0194653 0.0605639 0.129039 0.188339 0.188357 0.129125 0.0608542 0.0203034 0.00638382 0.00522676 0.00875191 0.0143192 0.0205181 0.0255898 0.0277975 0.0263562 0.0219182 0.0161667 0.0108465 0.00697082 0.00465539 0.00345994
 1.03719e-16 1.38104e-05 0.000134242 0.000892092 0.00405536 0.0126181 0.0268868 0.0392569 0.0393274 0.0272314 0.0137751 0.00739688 0.00927859 0.018438 0.0347638 0.0574161 0.0826253 0.103716 0.113866 0.109885 0.0940922 0.0727166 0.0521861 0.0361958 0.0252388 0.0179925
 1.02857e-16 7.36715e-05 0.000716113 0.00475883 0.0216329 0.0673081 0.143407 0.209307 0.20931 0.143421 0.067354 0.021767 0.00510026 0.00147806 0.00156934 0.00260445 0.00403939 0.00569325 0.0074155 0.00910685 0.0107124 0.0121353 0.0131619 0.0135018 0.01294 0.0114854
 1.00962e-16 6.59113e-05 0.000640681 0.00425755 0.0193542 0.0602183 0.128302 0.187264 0.187283 0.128391 0.0605163 0.0202144 0.00641509 0.00534488 0.00898332 0.0147034 0.0210735 0.0262905 0.0285705 0.0271017 0.0225435 0.0166114 0.0110888 0.00701836 0.00453508 0.00321253
 1.03755e-16 1.37856e-05 0.000134001 0.000890485 0.00404806 0.0125954 0.0268384 0.0391861 0.0392563 0.0271814 0.013747 0.00737398 0.00923816 0.0183541 0.0346081 0.0571671 0.082286 0.10333 0.113515 0.109668 0.0940843 0.0729408 0.052603 0.0367205 0.0257714 0.0184484
 1.03859e-16 7.07472e-05 0.000687688 0.00456993 0.0207742 0.0646364 0.137715 0.200999 0.201003 0.137733 0.0646972 0.0209518 0.00502232 0.00169745 0.00205347 0.00345225 0.00536067 0.00756268 0.00986268 0.0121305 0.0142927 0.0162173 0.0176153 0.0180947 0.0173649 0.0154349
 1.02086e-16 5.66856e-05 0.000551004 0.00366162 0.0166452 0.0517896 0.110344 0.161056 0.161084 0.110479 0.0522438 0.0179567 0.00695125 0.00772449 0.0136577 0.0224305 0.032171 0.0401769 0.043744 0.0416466 0.0348936 0.0260907 0.0179303 0.0119623 0.00834846 0.00640349
 1.01911e-16 6.11102e-05 0.000594013 0.00394743 0.0179445 0.055832 0.118957 0.173625 0.173645 0.119054 0.05616 0.0188924 0.00632812 0.0057951 0.00995051 0.0163832 0.0236623 0.0298927 0.0331741 0.0326091 0.0288094 0.0234361 0.0181694 0.0139263 0.0107786 0.00837309
 1.06306e-16 9.88656e-06 9.61009e-05 0.000638628 0.00290315 0.00903317 0.0192487 0.0281089 0.0281797 0.0195944 0.0101939 0.00625607 0.00905609 0.0184754 0.0349267 0.0577537 0.08326 0.104831 0.115704 0.112724 0.0981897 0.0782127 0.0590106 0.0440202 0.0335126 0.0260606
pSPR Fmed_Fpbrs
1   0.983744 0.6 0.325 0.983744 0.983744 0.983744
Fs Fmed_Fpbrs
0   0.01 0.357526 0.932581 0.01 0.01 0.01
SSBpbr Bo_Bmed_Bpbrs
365080  346826  340892 200794 100397 340892 340892 340892
Ro
26122.8
SPR SPRFo_SPRFmed_SPRFpbrs
188197 188197 185138
Fref
0
Nvult_r0
 1719.15 21844.2 2893.54 534.548 34.2719
CTP_r0
 963.83 16222.5 2148.87 396.98 25.4519
YTP_r0
355404
Np
 1915.89 704.818 259.288 95.3868 48
Nvult_p0
 1211.08 445.53 163.901 60.2959 30.3418
CTP_p0
 0 0 0 0 0
 0 0 0 0 0
 0 0 0 0 0
 0 0 0 0 0
 0 0 0 0 0
 0 0 0 0 0
YTP_p0
 0 0 0 0 0 0
CBA_c0
0
log_Ro
9.99056
likeval ReclasPelacesDesembMPH_pf_preclas_ppelaces_ptallas_desvR_qrecl_qpela
 36.317 17.9752 0.515851 55.7261 441.423 178.203 151.709 0 240.658 0.000180497 0.000304673 0.0626988 2066.08 0 0
q_reclas_q_pelaces
6.68578 11.8046
M
1
N
 1346.55 16782 80449.8 10119.5 0.0527107
 857.119 435.337 4609.73 22098.2 2779.67
 244076 197.395 55.5304 588.006 3173.36
 2503.28 56496.3 25.4693 7.16493 485.318
 1049.43 531.028 5984.4 2.69785 52.1665
 808179 73.0513 4.52626 51.0085 0.467641
 1175.76 264779 20.6783 1.28123 14.5711
 378.694 383.388 74151.5 5.79098 4.43947
 655.249 135.351 132.131 25555.6 3.52583
 1344.53 200.834 32.9528 32.1689 6222.68
 31814.2 114.981 2.72642 0.44735 84.9124
 157503 6729.03 12.0988 0.286884 8.98189
 128637 28520.7 498.321 0.895982 0.686403
 11924.4 31898.8 4300.25 75.135 0.238586
 57627.3 688.568 178.176 24.0197 0.421011
 264633 6626.2 18.2588 4.7247 0.648096
 4451.53 47334.2 477.251 1.31509 0.386975
 391419 874.608 4215.63 42.5045 0.151587
 149632 79590.4 84.1842 405.77 4.1058
 271036 20702.2 3207.06 3.39216 16.5157
 170457 47117.9 1398.05 216.577 1.34441
 435580 33208.4 4116.91 122.154 19.0408
 4136.05 82938.3 2755.14 341.56 11.7142
 144513 994.174 11654.3 387.144 49.641
 176914 31194.4 109.537 1284.06 48.1247
 13540.7 43094.7 4517.4 15.8626 192.919
 124724 3478.94 7040 737.967 34.1068
 152738 26164.6 359.334 727.15 79.7462
 13105.4 39419.4 4318.06 59.3026 133.166
 108709 3543.46 7227.59 791.722 35.2893
 69056 26708.1 523.162 1067.09 122.101
 77862.9 14142.5 2612.67 51.1774 116.331
 1915.89 22302.2 2954.2 545.755 34.9904
pred_Ctot
 104.246 2752.01 13192.6 1659.45 0.00864382
 210.434 195.362 2068.66 9916.78 1247.4
 59390.6 87.9665 24.7464 262.038 1414.17
 700.279 28012.3 12.6283 3.55256 240.633
 609.984 416.006 4688.17 2.11349 40.8672
 56434.2 10.8755 0.673845 7.59388 0.0696199
 85.2917 40855.4 3.19067 0.197694 2.24833
 6.82464 15.3909 2976.78 0.232476 0.17822
 70.1438 29.9191 29.2073 5649.01 0.779377
 729.533 152.031 24.9452 24.3517 4710.54
 8937.49 57.1909 1.3561 0.222508 42.2348
 53502 3836.99 6.89891 0.163585 5.1216
 27362.9 11418.7 199.51 0.358719 0.274811
 7295.81 25605.9 3451.9 60.3125 0.191518
 27421.9 485.649 125.668 16.9412 0.29694
 91043.9 3811.61 10.5031 2.7178 0.372806
 1378.75 25289.4 254.983 0.702617 0.20675
 116065 452.747 2182.25 22.0027 0.0784702
 63745.7 52599.3 55.6353 268.163 2.71342
 95935.2 12141.6 1880.91 1.98947 9.68631
 53339.6 25360 752.462 116.567 0.723592
 140025 18219.8 2258.74 67.0196 10.4467
 937.95 34959.6 1161.33 143.972 4.93771
 39405.7 483.559 5668.54 188.304 24.145
 39063.9 12871.2 45.1965 529.817 19.8568
 2657.82 16154.7 1693.41 5.94633 72.3186
 35448.6 1745.47 3532.14 370.256 17.1122
 29655.6 9720.33 133.495 270.142 29.6263
 2251.18 13214.7 1447.56 19.8803 44.6418
 23583.8 1441.44 2940.11 322.064 14.3553
 20283.7 13730 268.945 548.566 62.7693
 11121.6 4043.62 747.014 14.6326 33.2613
 963.83 16222.5 2148.87 396.98 25.4519
F
 0.129183 0.292138 0.292138 0.292138 0.292138
 0.468371 1.05919 1.05919 1.05919 1.05919
 0.463305 1.04773 1.04773 1.04773 1.04773
 0.550544 1.24502 1.24502 1.24502 1.24502
 1.66484 3.76492 3.76492 3.76492 3.76492
 0.115889 0.262076 0.262076 0.262076 0.262076
 0.120625 0.272784 0.272784 0.272784 0.272784
 0.0288547 0.0652529 0.0652529 0.0652529 0.0652529
 0.182537 0.412795 0.412795 0.412795 0.412795
 1.45903 3.29949 3.29949 3.29949 3.29949
 0.553483 1.25166 1.25166 1.25166 1.25166
 0.708817 1.60294 1.60294 1.60294 1.60294
 0.394422 0.891958 0.891958 0.891958 0.891958
 1.85173 4.18755 4.18755 4.18755 4.18755
 1.16297 2.62997 2.62997 2.62997 2.62997
 0.721111 1.63074 1.63074 1.63074 1.63074
 0.627228 1.41843 1.41843 1.41843 1.41843
 0.592885 1.34077 1.34077 1.34077 1.34077
 0.977938 2.21154 2.21154 2.21154 2.21154
 0.749596 1.69516 1.69516 1.69516 1.69516
 0.635682 1.43755 1.43755 1.43755 1.43755
 0.65858 1.48933 1.48933 1.48933 1.48933
 0.425583 0.962426 0.962426 0.962426 0.962426
 0.533134 1.20565 1.20565 1.20565 1.20565
 0.412262 0.932302 0.932302 0.932302 0.932302
 0.358973 0.811792 0.811792 0.811792 0.811792
 0.561693 1.27023 1.27023 1.27023 1.27023
 0.354465 0.801599 0.801599 0.801599 0.801599
 0.307925 0.696353 0.696353 0.696353 0.696353
 0.403712 0.912967 0.912967 0.912967 0.912967
 0.585732 1.32459 1.32459 1.32459 1.32459
 0.250266 0.56596 0.56596 0.56596 0.56596
 1.27605 2.8857 2.8857 2.8857 2.8857
YTP_r0W_actual
 7267.28 283083 51723.4 12433.4 897.179
YTP_p0W_proyectada
 0 0 0 0 0
 0 0 0 0 0
 0 0 0 0 0
 0 0 0 0 0
 0 0 0 0 0
 0 0 0 0 0
CTP_r0_actual
 963.83 16222.5 2148.87 396.98 25.4519
CTP_p0_proyectada
 0 0 0 0 0
 0 0 0 0 0
 0 0 0 0 0
 0 0 0 0 0
 0 0 0 0 0
 0 0 0 0 0
Wmedp
 7.54 17.45 24.07 31.32 35.25
Frms_r0
 1.27605 2.8857 2.8857 2.8857 2.8857
Zrms_r0
 2.27605 3.8857 3.8857 3.8857 3.8857
nmprior
 7.29 8.9 8.7 0
nm_flota  nm_reclas  nm_pelaces    nm_pelaL
inf 6.54383 3.53466 5.85715
cv_recla  cv_pelaces  cv_mph
0.521898 0.464438 0.598531
 ------------------------------------------------
Talla a la edad & desviaci?n 
 8 13.2811 15.8009 17.003 17.5766
 0.8 1.32811 1.58009 1.7003 1.75766
