years
 1991 1992 1993 1994 1995 1996 1997 1998 1999 2000 2001 2002 2003 2004 2005 2006 2007 2008 2009 2010 2011 2012 2013 2014 2015 2016 2017 2018 2019 2020 2021 2022 2023
reclasobs
 0 0 0 0 0 0 0 0 0 252601 567819 844713 477998 351125 339783 2.1784e+06 2.13404e+06 4.81314e+06 1.55562e+06 2.62356e+06 3.21686e+06 3.843e+06 1.13348e+06 3.07943e+06 1.97215e+06 2.03268e+06 2.025e+06 2.42433e+06 2.27542e+06 1.05018e+06 2.36338e+06 3.18982e+06 1.53035e+06
reclaspred
 3.00446e+06 1.66763e+06 884755 964036 1.01965e+06 1.51938e+06 984925 934451 692620 529243 622643 760406 585106 268299 605566 1.28669e+06 1.27694e+06 2.20513e+06 1.88842e+06 1.78923e+06 3.32808e+06 2.6751e+06 2.16437e+06 3.10497e+06 2.4265e+06 2.19124e+06 2.53359e+06 2.78245e+06 2.4572e+06 1.88932e+06 1.72848e+06 1.70206e+06 1.65385e+06
pelacesobs
 0 0 0 0 0 0 0 0 0 0 0 0 0 0 0 552880 188675 0 991730 2.46772e+06 1.41603e+06 1.21717e+06 2.29649e+06 1.80582e+06 0 1.4828e+06 1.56532e+06 1.57751e+06 1.42118e+06 867257 1.10002e+06 1.06204e+06 0
pelacespred
 1.62539e+06 1.00342e+06 524583 472145 521997 809343 494460 569701 414465 302750 361558 376161 307390 133911 351487 619926 611060 1.18424e+06 1.05435e+06 891798 1.69815e+06 1.4892e+06 1.20066e+06 1.87304e+06 1.405e+06 1.26059e+06 1.67609e+06 1.6563e+06 1.3141e+06 1.16032e+06 952798 934117 915600
mphobs
 0 0 0 0 0 0 0 0 0 0 0 0 498337 0 5186 125008 0 168611 109162 213762 579715 649985 157893 87575 83554 210694 70296 0 107559 103333 445601 22526 28222
mphpred
 547839 367082 181323 106889 128769 150900 187240 123355 113624 82132.8 57233.8 90308.3 98000.5 54839.1 20232 71067.1 180597 174204 242246 322748 450240 554294 107952 92489.2 126463 104959 91555.6 98478.9 138720 110656 73223.9 76114.6 51900.6
desembarqueobs
 494567 514787 250237 358949 120608 361735 552515 73892 212993 205616 52469 317467 293654 387597 252695 516296 358380 742168 942051 627588 828172 859565 418607 520667 417249 300574 415391 372974 316634 284311 391294 218835 356480
desembarquepred
 494571 513345 250992 358993 120615 361768 552606 73896.8 213048 205667 52471.2 317508 293865 388158 252673 516263 358421 742120 941835 627425 828274 859642 418643 520727 417247 300590 415414 372969 316622 284288 391319 218855 356504
Reclutas
 203150 102794 136399 211835 180642 267633 117342 62083.2 54772.8 73005.4 148527 164887 79990.7 43317.4 142214 472635 112502 545214 432653 449168 540365 680013 149400 407052 400740 163884 367727 445598 178923 165961 208941 116300 278735
log_desv_Rt
 0.0496585 -0.63156 -0.348701 0.091519 -0.0677672 0.325329 -0.499196 -1.13581 -1.26109 -0.973754 -0.263523 -0.159026 -0.882376 -1.49573 -0.306957 0.894036 -0.541318 1.03689 0.805649 0.84311 1.02796 1.25782 -0.257658 0.744655 0.729027 -0.165128 0.643054 0.835129 -0.0773293 -0.152535 0.0777642 -0.508116 0.365975
SSB
 3.23333e+06 2.16651e+06 1.07016e+06 630856 759989 890607 1.10508e+06 728037 670607 484745 337792 532997 553770 316389 115697 407012 1.06587e+06 1.02814e+06 1.47331e+06 1.20903e+06 1.72553e+06 2.21603e+06 2.08291e+06 1.72505e+06 2.22178e+06 1.9484e+06 1.6092e+06 1.67077e+06 2.43313e+06 1.83512e+06 1.37055e+06 1.45999e+06 925207
BT
 4.36755e+06 2.94485e+06 1.52419e+06 1.44353e+06 1.35978e+06 2.26516e+06 1.70542e+06 1.44202e+06 1.21882e+06 931512 922462 1.17935e+06 1.01037e+06 727966 1.10178e+06 1.93559e+06 1.76349e+06 3.51788e+06 3.47422e+06 2.71864e+06 4.7575e+06 4.43795e+06 3.27342e+06 5.01565e+06 3.79866e+06 3.31593e+06 4.48036e+06 4.37061e+06 3.44247e+06 3.08114e+06 2.67106e+06 2.44318e+06 2.53536e+06
Ftot
 0.140598 0.254709 0.247317 0.388866 0.117367 0.255699 0.496475 0.076453 0.29685 0.373993 0.0999133 0.429992 0.465301 1.30154 0.597126 0.53023 0.26458 0.390525 0.523195 0.385204 0.265665 0.33344 0.175192 0.187089 0.170037 0.128627 0.181905 0.157556 0.11377 0.140065 0.232836 0.119778 0.242817
BD_Bspro_t
 0.977926 0.849332 0.696409 0.630511 0.646145 0.720085 0.697745 0.560783 0.628655 0.595799 0.575687 0.748845 0.635601 0.445039 0.24113 0.512302 0.631506 0.602555 0.628656 0.553018 0.589389 0.642313 0.659071 0.655923 0.737767 0.757068 0.761113 0.785251 0.83144 0.792855 0.760313 0.75612 0.753319
BD_Bspro
 2.32169 1.55566 0.768431 0.452987 0.54571 0.639501 0.793505 0.522767 0.48153 0.348071 0.242552 0.382719 0.397635 0.227184 0.0830766 0.292256 0.765352 0.73826 1.05791 0.868142 1.23902 1.59122 1.49564 1.23868 1.59535 1.39905 1.15549 1.1997 1.74711 1.31771 0.984125 1.04835 0.664346
BD_Bo
 2.41324 1.617 0.798732 0.470849 0.567229 0.664717 0.824794 0.543381 0.500517 0.361796 0.252116 0.39781 0.413314 0.236142 0.0863525 0.30378 0.795531 0.76737 1.09963 0.902374 1.28787 1.65396 1.55461 1.28752 1.65826 1.45422 1.20105 1.247 1.816 1.36967 1.02293 1.08969 0.690542
BD_Brms
 2.58422 1.73157 0.855321 0.504208 0.607416 0.711812 0.88323 0.581879 0.535979 0.387429 0.269978 0.425994 0.442597 0.252872 0.0924705 0.325302 0.851894 0.821738 1.17754 0.966306 1.37912 1.77115 1.66475 1.37874 1.77574 1.55725 1.28614 1.33535 1.94466 1.46671 1.0954 1.16689 0.739466
Sel_flota
 0.469629 0.943896 0.996881 0.999835 0.999991
 0.469629 0.943896 0.996881 0.999835 0.999991
 0.469629 0.943896 0.996881 0.999835 0.999991
 0.469629 0.943896 0.996881 0.999835 0.999991
 0.469629 0.943896 0.996881 0.999835 0.999991
 0.469629 0.943896 0.996881 0.999835 0.999991
 0.469629 0.943896 0.996881 0.999835 0.999991
 0.469629 0.943896 0.996881 0.999835 0.999991
 0.469629 0.943896 0.996881 0.999835 0.999991
 0.469629 0.943896 0.996881 0.999835 0.999991
 0.469629 0.943896 0.996881 0.999835 0.999991
 0.469629 0.943896 0.996881 0.999835 0.999991
 0.469629 0.943896 0.996881 0.999835 0.999991
 0.469629 0.943896 0.996881 0.999835 0.999991
 0.469629 0.943896 0.996881 0.999835 0.999991
 0.469629 0.943896 0.996881 0.999835 0.999991
 0.469629 0.943896 0.996881 0.999835 0.999991
 0.469629 0.943896 0.996881 0.999835 0.999991
 0.469629 0.943896 0.996881 0.999835 0.999991
 0.469629 0.943896 0.996881 0.999835 0.999991
 0.469629 0.943896 0.996881 0.999835 0.999991
 0.469629 0.943896 0.996881 0.999835 0.999991
 0.469629 0.943896 0.996881 0.999835 0.999991
 0.469629 0.943896 0.996881 0.999835 0.999991
 0.469629 0.943896 0.996881 0.999835 0.999991
 0.469629 0.943896 0.996881 0.999835 0.999991
 0.469629 0.943896 0.996881 0.999835 0.999991
 0.469629 0.943896 0.996881 0.999835 0.999991
 0.469629 0.943896 0.996881 0.999835 0.999991
 0.469629 0.943896 0.996881 0.999835 0.999991
 0.469629 0.943896 0.996881 0.999835 0.999991
 0.469629 0.943896 0.996881 0.999835 0.999991
 0.469629 0.943896 0.996881 0.999835 0.999991
Sel_reclas
 1 1 1 1 1
 1 1 1 1 1
 1 1 1 1 1
 1 1 1 1 1
 1 1 1 1 1
 1 1 1 1 1
 1 1 1 1 1
 1 1 1 1 1
 1 1 1 1 1
 1 1 1 1 1
 1 1 1 1 1
 1 1 1 1 1
 1 1 1 1 1
 1 1 1 1 1
 1 1 1 1 1
 1 1 1 1 1
 1 1 1 1 1
 1 1 1 1 1
 1 1 1 1 1
 1 1 1 1 1
 1 1 1 1 1
 1 1 1 1 1
 1 1 1 1 1
 1 1 1 1 1
 1 1 1 1 1
 1 1 1 1 1
 1 1 1 1 1
 1 1 1 1 1
 1 1 1 1 1
 1 1 1 1 1
 1 1 1 1 1
 1 1 1 1 1
 1 1 1 1 1
Sel_pelaces
 1 1 1 1 1
 1 1 1 1 1
 1 1 1 1 1
 1 1 1 1 1
 1 1 1 1 1
 1 1 1 1 1
 1 1 1 1 1
 1 1 1 1 1
 1 1 1 1 1
 1 1 1 1 1
 1 1 1 1 1
 1 1 1 1 1
 1 1 1 1 1
 1 1 1 1 1
 1 1 1 1 1
 1 1 1 1 1
 1 1 1 1 1
 1 1 1 1 1
 1 1 1 1 1
 1 1 1 1 1
 1 1 1 1 1
 1 1 1 1 1
 1 1 1 1 1
 1 1 1 1 1
 1 1 1 1 1
 1 1 1 1 1
 1 1 1 1 1
 1 1 1 1 1
 1 1 1 1 1
 1 1 1 1 1
 1 1 1 1 1
 1 1 1 1 1
 1 1 1 1 1
pf_obs 
 0.8446 0.082 0.0669 0.0065 0
 0.8095 0.147 0.0364 0.0071 0
 0.9664 0.0169 0.016 0.0007 0
 0.9276 0.0648 0.0075 0.0001 0
 0.7033 0.2144 0.0806 0.0017 0
 0.9318 0.0425 0.0243 0.0014 0
 0.5671 0.3108 0.0964 0.0239 0.0018
 0.0768 0.2599 0.5324 0.112 0.0189
 0.490249 0.384438 0.106611 0.0170017 0.00170017
 0.7925 0.1577 0.0466 0.003 0.0002
 0.840416 0.127587 0.0312969 0.00059994 9.999e-05
 0.8084 0.0986 0.0794 0.0134 0.0002
 0.7335 0.1905 0.0724 0.0035 0.0001
 0.4001 0.4547 0.1325 0.0127 0
 0.49795 0.308269 0.164784 0.0264974 0.00249975
 0.9179 0.0499 0.0305 0.0017 0
 0.2467 0.6533 0.0926 0.0074 0
 0.9418 0.0223 0.034 0.0019 0
 0.707729 0.231977 0.0356964 0.0245975 0
 0.517169 0.277429 0.184464 0.0207286 0.00020938
 0.811772 0.124168 0.05621 0.00726502 0.000585176
 0.764997 0.148141 0.077277 0.00933861 0.000247198
 0.163321 0.427699 0.378323 0.0303852 0.000271297
 0.753843 0.0900009 0.118128 0.0371064 0.000921714
 0.721811 0.176058 0.0630433 0.0369309 0.00215725
 0.143369 0.312575 0.442814 0.0836902 0.0175525
 0.692698 0.0596174 0.167031 0.0765114 0.00414204
 0.394062 0.376323 0.152708 0.0712218 0.00568511
 0.125707 0.32114 0.495352 0.0537591 0.00404204
 0.23352 0.215282 0.420074 0.123614 0.00750983
 0.796117 0.104755 0.0508955 0.0450114 0.00322123
 0.162477 0.292055 0.404252 0.121198 0.0200186
 0 0 0 0 0
pf_pred 
 0.333626 0.122662 0.515732 0.0279796 1.06149e-06
 0.28156 0.366801 0.0677662 0.269306 0.0145663
 0.490364 0.231209 0.146511 0.0254897 0.106427
 0.630302 0.248333 0.0569177 0.0339676 0.0304799
 0.527406 0.372339 0.0687917 0.0147837 0.0166792
 0.605628 0.272368 0.0972581 0.0169966 0.0077495
 0.35892 0.489611 0.106562 0.0358226 0.0090842
 0.337661 0.368179 0.228262 0.0464126 0.0194856
 0.398078 0.304163 0.169551 0.0995536 0.0286545
 0.566324 0.254681 0.0932695 0.048886 0.0368403
 0.712227 0.21295 0.0451225 0.0155024 0.0141979
 0.586612 0.343987 0.0521007 0.0104462 0.00685465
 0.398665 0.455326 0.122834 0.0174133 0.00576103
 0.404138 0.357484 0.183456 0.0462327 0.0086896
 0.859408 0.094177 0.028949 0.0134585 0.00400711
 0.859807 0.131047 0.00627349 0.00179432 0.00107824
 0.288225 0.663511 0.0453174 0.00202392 0.000923145
 0.784838 0.0982639 0.109409 0.00703357 0.000455872
 0.558378 0.393214 0.022892 0.023887 0.00162935
 0.58813 0.304714 0.0961354 0.00522197 0.00579853
 0.608031 0.296408 0.0718726 0.0212603 0.00242838
 0.611024 0.297493 0.070198 0.0160219 0.00526323
 0.216802 0.603066 0.139786 0.0309834 0.00936221
 0.599037 0.144408 0.200148 0.0438046 0.0126031
 0.532245 0.354248 0.0424211 0.0554948 0.0155904
 0.300053 0.488466 0.162427 0.0183697 0.0306855
 0.607394 0.181903 0.149529 0.0470185 0.0141557
 0.583846 0.31723 0.0472756 0.036687 0.0149615
 0.306527 0.51267 0.139708 0.0196714 0.0214237
 0.389458 0.28639 0.243096 0.0626769 0.0183794
 0.518639 0.272727 0.100836 0.0809044 0.0268927
 0.373191 0.434124 0.112039 0.0390433 0.0416024
 0.661943 0.184256 0.108367 0.0264524 0.0189813
pobs_RECLAS
 0 0 0 0 0
 0 0 0 0 0
 0 0 0 0 0
 0 0 0 0 0
 0 0 0 0 0
 0 0 0 0 0
 0 0 0 0 0
 0 0 0 0 0
 0 0 0 0 0
 0 0 0 0 0
 0.991045 0.00858322 0.000360255 1.14367e-05 0
 0.934742 0.0480273 0.0164251 0.00080598 0
 0.827803 0.169806 0.00239088 0 0
 0.941827 0.0461693 0.0120037 0 0
 0.791401 0.0380133 0.147996 0.0225897 0
 0.846168 0.0940531 0.0597789 0 0
 0.134021 0.677848 0.182769 0.00536245 0
 0.80878 0.0450904 0.141981 0.00414843 0
 0.846168 0.0940531 0.0597789 0 0
 0.905697 0.0802665 0.012482 0.00150086 5.37128e-05
 0.989698 0.0102097 9.19794e-05 0 0
 0.975433 0.0193895 0.00387452 0.00125025 5.28907e-05
 0.303575 0.632131 0.0575291 0.00676475 0
 0.966965 0.00978017 0.0227588 0.000495775 0
 0.843318 0.132988 0.00938335 0.0141283 0.000182051
 0.564624 0.303363 0.111486 0.0197234 0.00080311
 0.826376 0.0876187 0.0782897 0.00655872 0.00115652
 0.89761 0.0855135 0.0140674 0.00269457 0.000114338
 0.34875 0.467042 0.161289 0.0227151 0.000203297
 0.318654 0.224769 0.449479 0.00709798 0
 0.937255 0.0296025 0.0250945 0.00804832 0
 0.456809 0.399803 0.12412 0.0192676 0
 0.883104 0.0372192 0.0704036 0.00927362 0
ppred_RECLAS
 0.514308 0.0935196 0.372047 0.020124 7.63344e-07
 0.450445 0.288595 0.0504148 0.199743 0.0108021
 0.668569 0.155091 0.0929305 0.016119 0.0672905
 0.780661 0.150139 0.032508 0.0193404 0.0173518
 0.695167 0.242981 0.042482 0.00910234 0.0102678
 0.760584 0.168214 0.0567958 0.00989542 0.00451103
 0.539246 0.356695 0.0732768 0.0245561 0.00622612
 0.512947 0.27741 0.162789 0.0330014 0.0138529
 0.580913 0.217802 0.114769 0.0671822 0.0193339
 0.732394 0.160916 0.055677 0.0290925 0.0219205
 0.835179 0.123728 0.0248117 0.00849896 0.00778257
 0.746325 0.213103 0.0304818 0.00609263 0.00399726
 0.580436 0.322098 0.0820376 0.0115936 0.00383501
 0.605714 0.24289 0.116613 0.0292809 0.0055024
 0.928262 0.0489942 0.0142029 0.00658198 0.00195938
 0.927132 0.0683703 0.00308848 0.000880575 0.000529069
 0.452617 0.512165 0.033074 0.00147263 0.000671586
 0.885133 0.054091 0.0568936 0.00364623 0.000236288
 0.724419 0.24694 0.0135665 0.0141117 0.000962411
 0.747958 0.189206 0.0563925 0.00305374 0.00339035
 0.761852 0.182546 0.0418506 0.0123421 0.0014095
 0.764722 0.182329 0.0406594 0.00925167 0.00303869
 0.362147 0.4974 0.109069 0.0241023 0.00728182
 0.758293 0.0902079 0.118269 0.0258066 0.00742369
 0.700196 0.230167 0.0260751 0.0340088 0.00955274
 0.468304 0.377253 0.118704 0.0133847 0.0223548
 0.763556 0.112873 0.0877718 0.0275163 0.00828292
 0.742058 0.19925 0.0280932 0.0217357 0.00886275
 0.475195 0.393552 0.101491 0.0142477 0.0155144
 0.570482 0.207482 0.166641 0.042836 0.0125593
 0.691605 0.179061 0.0626086 0.0500812 0.0166444
 0.550226 0.31686 0.0773841 0.0268862 0.028644
 0.803211 0.110024 0.0611903 0.0148913 0.0106838
pobs_PELACES
 0 0 0 0 0
 0 0 0 0 0
 0 0 0 0 0
 0 0 0 0 0
 0 0 0 0 0
 0 0 0 0 0
 0 0 0 0 0
 0 0 0 0 0
 0 0 0 0 0
 0 0 0 0 0
 0 0 0 0 0
 0 0 0 0 0
 0 0 0 0 0
 0 0 0 0 0
 0 0 0 0 0
 0 0 0 0 0
 0.505614 0.472636 0.0217494 0 0
 0 0 0 0 0
 0.443492 0.261883 0.143347 0.151278 0
 0.227955 0.32914 0.350689 0.0885471 0.00366901
 0.970185 0.0296113 0.000203453 0 0
 0.997202 0.00247181 0.000326279 0 0
 0.445219 0.490057 0.0546422 0.010081 0
 0.90214 0.0892962 0.00764917 0.000914606 0
 0 0 0 0 0
 0.581667 0.319106 0.0959925 0.00289975 0.000334073
 0.762889 0.0836404 0.116647 0.0363945 0.000428098
 0.88444 0.0763242 0.0277011 0.0115352 0
 0.521256 0.241999 0.230069 0.00667565 0
 0.616807 0.101726 0.260614 0.0208532 0
 0.833518 0.0704572 0.0857862 0.0102388 0
 0.697417 0.212968 0.0787535 0.0105354 0.000325836
 0 0 0 0 0
ppred_PELACES
 0.5203 0.0925499 0.367286 0.0198637 7.53466e-07
 0.46088 0.283741 0.0493465 0.195462 0.0105704
 0.677605 0.15122 0.0902195 0.015645 0.0653109
 0.791268 0.143193 0.0307941 0.0183138 0.0164304
 0.699134 0.23992 0.0418608 0.00896822 0.0101164
 0.768034 0.163198 0.0548565 0.00955516 0.00435586
 0.558973 0.342102 0.0696714 0.0233366 0.00591677
 0.516081 0.275786 0.161619 0.0327618 0.0137523
 0.592795 0.212167 0.111221 0.0650865 0.0187305
 0.744218 0.154218 0.0530115 0.0276897 0.0208631
 0.837381 0.122129 0.0244484 0.0083737 0.00766782
 0.759076 0.202638 0.0287678 0.00574762 0.00377083
 0.598516 0.308804 0.0780144 0.01102 0.0036452
 0.655165 0.214302 0.100573 0.0252213 0.0047392
 0.934448 0.0449202 0.0128866 0.00596853 0.0017767
 0.932579 0.0632954 0.00283285 0.000807272 0.000485013
 0.462969 0.502629 0.0323083 0.00143817 0.000655862
 0.891553 0.051253 0.0535417 0.00343011 0.000222278
 0.74065 0.232623 0.0126636 0.0131657 0.000897874
 0.75946 0.180875 0.0535478 0.00289861 0.00321805
 0.769508 0.176872 0.0403618 0.0118999 0.00135898
 0.774213 0.175206 0.0388438 0.00883567 0.00290201
 0.368663 0.492655 0.107698 0.0237953 0.007189
 0.763993 0.0882633 0.115342 0.0251633 0.00723855
 0.705901 0.225949 0.0255213 0.0332809 0.00934819
 0.473484 0.373824 0.117361 0.0132316 0.022099
 0.768957 0.110481 0.0856388 0.0268429 0.00808012
 0.746871 0.195658 0.0275108 0.0212818 0.00867762
 0.479763 0.390323 0.100458 0.0141011 0.0153547
 0.576158 0.205003 0.164247 0.0422149 0.0123771
 0.699692 0.174672 0.0608259 0.0486441 0.0161666
 0.555017 0.313683 0.076448 0.0265579 0.028294
 0.809442 0.106743 0.059114 0.0143826 0.0103187
pobs_pel_tallas
 0 0 0 0 0 0 0 0 0 0 0 0 0 0 0 0 0 0 0 0 0 0 0 0 0 0
 0 0 0 0 0 0 0 0 0 0 0 0 0 0 0 0 0 0 0 0 0 0 0 0 0 0
 0 0 0 0 0 0 0 0 0 0 0 0 0 0 0 0 0 0 0 0 0 0 0 0 0 0
 0 0 0 0 0 0 0 0 0 0 0 0 0 0 0 0 0 0 0 0 0 0 0 0 0 0
 0 0 0 0 0 0 0 0 0 0 0 0 0 0 0 0 0 0 0 0 0 0 0 0 0 0
 0 0 0 0 0 0 0 0 0 0 0 0 0 0 0 0 0 0 0 0 0 0 0 0 0 0
 0 0 0 0 0 0 0 0 0 0 0 0 0 0 0 0 0 0 0 0 0 0 0 0 0 0
 0 0 0 0 0 0 0 0 0 0 0 0 0 0 0 0 0 0 0 0 0 0 0 0 0 0
 0 0 0 0 0 0 0 0 0 0 0 0 0 0 0 0 0 0 0 0 0 0 0 0 0 0
 0 0 0 0 0 0 0 0 0 0 0 0 0 0 0 0 0 0 0 0 0 0 0 0 0 0
 0 0 0 0 0 0 0 0 0 0 0 0 0 0 0 0 0 0 0 0 0 0 0 0 0 0
 0 0 0 0 0 0 0 0 0 0 0 0 0 0 0 0 0 0 0 0 0 0 0 0 0 0
 0.00862536 0 0 0.000197151 0.00414017 0.0128641 0.00837892 0.0270097 0.101434 0.158115 0.152841 0.127902 0.109271 0.109419 0.0830992 0.0579132 0.0238553 0.00714673 0.00463305 0.00128148 0.00103504 0.000492878 0.000147863 0.000147863 4.92878e-05 0
 0 0 0 0 0 0 0 0 0 0 0 0 0 0 0 0 0 0 0 0 0 0 0 0 0 0
 0 0 0 0 0 0 0 0.0054083 0.00873648 0.0413646 0.0450493 0.0745869 0.0622846 0.0627006 0.0613931 0.0827291 0.12552 0.122667 0.0946155 0.0697135 0.0546179 0.0294188 0.0215738 0.0213955 0.0102223 0.00600262
 0 0 0 0 0.00359764 0.0251062 0.0480494 0.140153 0.205849 0.193036 0.1447 0.116669 0.0760912 0.0342217 0.00950174 0.001854 0.000860785 0 0 0 0.000165536 0 0.000143464 0 0 0
 0 0 0 0 0 0 0 0.000145254 0.000435761 0.0275982 0.070085 0.0708112 0.156366 0.174668 0.174014 0.160142 0.0824315 0.0480064 0.0283245 0.00493863 0.00203355 0 0 0 0 0
 0 0 0 0 0 0 0 0 0 0 0 0 0 0 0 0 0 0 0 0 0 0 0 0 0 0
 0 0 1.00437e-05 0.000401748 0.00122533 0.00171747 0.00176769 0.0269171 0.070346 0.194647 0.189555 0.159765 0.064822 0.0314167 0.0384472 0.0292271 0.0345202 0.0313363 0.0194345 0.0106764 0.0143323 0.0359363 0.0279516 0.0138201 0.00172751 0
 0 0.0021121 0.0136068 0.0755702 0.200478 0.177729 0.0527432 0.0373336 0.0318909 0.0142505 0.0149659 0.0166563 0.0217959 0.0798694 0.0677717 0.0528807 0.04013 0.0224614 0.0357745 0.0225083 0.00881397 0.00855152 0.00135912 0.000746735 0 0
 0 0 0 0 5.4009e-05 0.00500934 0.000945158 0.0243581 0.138947 0.33067 0.221406 0.137944 0.0707744 0.0437923 0.0131692 0.00525238 0.0047753 0.00276346 9.45158e-05 9.00151e-06 2.25038e-05 9.00151e-06 4.50075e-06 0 0 0
 0.000866109 0.00284123 0.00948549 0.0512746 0.133035 0.25785 0.225252 0.132002 0.0553304 0.0519788 0.0540692 0.017754 0.00435017 0.00159236 0.00146478 0.000404838 0.000125132 0.000115318 0.000107957 0.000100596 0 0 0 0 0 0
 0 0 0 0 0.00144013 0.00171154 0.00461396 0.0210425 0.0478622 0.0707936 0.0888783 0.103762 0.0637923 0.0337046 0.0602308 0.124433 0.169614 0.0934646 0.0462172 0.0250306 0.0313229 0.00938855 0.002487 0.000210481 0 0
 0 0.00764035 0.051015 0.0998891 0.058973 0.0496711 0.0374665 0.0718981 0.12319 0.153886 0.159021 0.0857701 0.0377988 0.023471 0.0147837 0.00900784 0.00315554 0.000888139 0.00291439 0.00214683 0.00393193 0.00274676 0.000635225 9.99891e-05 0 0
 0 0 0 0 0 0 0 0 0 0 0 0 0 0 0 0 0 0 0 0 0 0 0 0 0 0
 0 0 0 0 0 0 0 0 0 0 0 0 0 0 0 0 0 0 0 0 0 0 0 0 0 0
 0 0 0 0 0 0 0 0 0 0 0 0 0 0 0 0 0 0 0 0 0 0 0 0 0 0
 0 0 0 0 0 0 0 0 0 0 0 0 0 0 0 0 0 0 0 0 0 0 0 0 0 0
 0 0 0 0 0 0 0 0 0 0 0 0 0 0 0 0 0 0 0 0 0 0 0 0 0 0
 0 0 0 0 0 0 0 0 0 0 0 0 0 0 0 0 0 0 0 0 0 0 0 0 0 0
 0 0 0 0 0 0 0 0 0 0 0 0 0 0 0 0 0 0 0 0 0 0 0 0 0 0
 0 0 0 0 0 0 0 0 0 0 0 0 0 0 0 0 0 0 0 0 0 0 0 0 0 0
 0 0 0 0 0 0 0 0 0 0 0 0 0 0 0 0 0 0 0 0 0 0 0 0 0 0
ppred_pel_tallas
 1.12615e-16 4.28564e-05 0.00041658 0.00276832 0.0125844 0.0391547 0.0834237 0.121761 0.121771 0.0834702 0.0393126 0.0130474 0.00395708 0.00309912 0.00539322 0.00951349 0.0152451 0.0223782 0.030605 0.0395887 0.0488188 0.0572964 0.0634395 0.0655316 0.0625539 0.0548272
 1.22888e-16 3.79621e-05 0.000369005 0.00245217 0.0111472 0.0346833 0.0738975 0.107861 0.107889 0.0740315 0.0351338 0.0124496 0.00572623 0.00753403 0.0137013 0.0227478 0.0331656 0.0426301 0.0488911 0.0511463 0.050608 0.0496592 0.0502114 0.052521 0.0552171 0.056289
 1.15264e-16 5.58135e-05 0.000542527 0.00360528 0.0163891 0.0509926 0.108646 0.158575 0.158589 0.108718 0.0512343 0.0170888 0.00536797 0.00441136 0.00746564 0.0124199 0.0182837 0.0238515 0.0279511 0.0301077 0.0308209 0.0311426 0.0318934 0.0331408 0.0342673 0.0344403
 1.05543e-16 6.51757e-05 0.000633531 0.00421004 0.0191382 0.0595462 0.12687 0.185173 0.185187 0.126938 0.0597732 0.0197941 0.00585757 0.00423452 0.00691757 0.0113697 0.0164622 0.0209018 0.0234276 0.0234903 0.021584 0.0188964 0.0165582 0.0150729 0.0142672 0.0136311
 1.03881e-16 5.75868e-05 0.000559764 0.00371983 0.0169098 0.0526129 0.112098 0.163615 0.163639 0.112211 0.0529926 0.0180067 0.00647382 0.00657415 0.0114872 0.0189185 0.0272928 0.0344195 0.0381055 0.0373442 0.0329071 0.0268002 0.0210379 0.0166945 0.0137812 0.0117408
 1.03321e-16 6.3262e-05 0.000614929 0.00408642 0.0185763 0.0577978 0.123145 0.179737 0.179753 0.123222 0.0580569 0.0193254 0.00596932 0.00473351 0.00790928 0.0130384 0.0189232 0.0241038 0.0271279 0.0273143 0.0251251 0.0217875 0.0184892 0.0157954 0.0136344 0.0116709
 1.0544e-16 4.60419e-05 0.000447544 0.00297409 0.0135198 0.0420653 0.0896258 0.130818 0.130851 0.0897871 0.042607 0.0150851 0.00690508 0.0090352 0.0163742 0.0270461 0.0390729 0.0493828 0.0548709 0.0541057 0.04816 0.0398288 0.0318922 0.0257917 0.0214923 0.0182147
 1.10348e-16 4.2509e-05 0.000413202 0.00274588 0.0124824 0.0388374 0.0827482 0.120779 0.120806 0.0828792 0.0392777 0.0137566 0.0059542 0.00744929 0.0135003 0.0225002 0.0329911 0.0427108 0.0493515 0.0518172 0.05077 0.0479499 0.0448662 0.04196 0.0387622 0.034649
 1.12961e-16 4.88278e-05 0.000474624 0.00315404 0.0143378 0.0446104 0.095048 0.13873 0.13875 0.0951487 0.0449491 0.0153179 0.00562174 0.00588694 0.0104031 0.0173216 0.0254259 0.0330004 0.0383374 0.0406954 0.0407005 0.039775 0.0390642 0.0387393 0.0381205 0.0363384
 1.07877e-16 6.13003e-05 0.000595861 0.0039597 0.0180002 0.0560055 0.119326 0.174163 0.174178 0.119399 0.0562507 0.0187091 0.00574205 0.00449715 0.00750173 0.0123884 0.018041 0.0231235 0.0263279 0.027088 0.0259102 0.0239803 0.0223643 0.0214352 0.0208732 0.0200778
 1.02875e-16 6.8974e-05 0.000670452 0.00445539 0.0202535 0.0630164 0.134263 0.195964 0.195976 0.134321 0.0632098 0.0208124 0.00585889 0.00373674 0.00589968 0.00966372 0.0139613 0.0176591 0.0196542 0.0194481 0.0174386 0.014636 0.0120352 0.0101359 0.00889059 0.00797077
 1.02097e-16 6.25241e-05 0.000607757 0.00403876 0.0183596 0.0571237 0.121709 0.177642 0.177661 0.121804 0.0574441 0.0192852 0.00636201 0.00567948 0.00969475 0.0159287 0.0229404 0.0288493 0.0317812 0.0308706 0.0267698 0.0211972 0.0159026 0.0118568 0.00913089 0.0072985
 1.04053e-16 4.92991e-05 0.000479205 0.00318448 0.0144762 0.0450411 0.0959658 0.140071 0.140101 0.0961116 0.0455305 0.0158906 0.00673721 0.00824329 0.0148194 0.0244855 0.0354161 0.0448444 0.0499681 0.0494708 0.0442648 0.0367931 0.029491 0.0236321 0.0192316 0.0157018
 1.06289e-16 5.39651e-05 0.00052456 0.00348589 0.0158463 0.049304 0.105048 0.153325 0.153346 0.10515 0.0496453 0.0168336 0.00596968 0.0059654 0.0104421 0.0173216 0.0252848 0.0325054 0.0371419 0.0383264 0.0366172 0.0334812 0.0302572 0.0274537 0.0248124 0.0218586
 1.01283e-16 7.69692e-05 0.000748168 0.00497184 0.0226013 0.070321 0.149826 0.218677 0.218681 0.149848 0.0703923 0.0228073 0.00548966 0.00188059 0.00223366 0.00358683 0.0051975 0.00661729 0.00744678 0.0075065 0.00693576 0.00608479 0.0052865 0.00468923 0.00425018 0.00384339
 1.00262e-16 7.68153e-05 0.000746673 0.0049619 0.0225561 0.0701804 0.149527 0.21824 0.218246 0.149557 0.0702803 0.0228445 0.00568527 0.00232418 0.00306809 0.00493825 0.00707735 0.00883902 0.00962234 0.00915271 0.00764498 0.00566549 0.00380401 0.00240726 0.00152565 0.00102845
 1.01317e-16 3.81342e-05 0.000370678 0.00246329 0.0111978 0.0348407 0.0742336 0.108356 0.108405 0.07447 0.0356342 0.0134886 0.00821039 0.0129058 0.0238123 0.0392212 0.056295 0.0703658 0.076696 0.0730896 0.0612137 0.04551 0.0306099 0.0192467 0.0118529 0.00747287
 1.0194e-16 7.3436e-05 0.000713825 0.00474362 0.0215638 0.067093 0.142949 0.208639 0.208644 0.142973 0.0671755 0.0218031 0.00534786 0.00204428 0.00263349 0.00432396 0.00642238 0.00849244 0.010127 0.0111128 0.0115077 0.0115121 0.0112584 0.010713 0.00976186 0.00837107
 1.01898e-16 6.10064e-05 0.000593004 0.00394072 0.017914 0.0557371 0.118755 0.17333 0.173353 0.118864 0.0561043 0.0189743 0.00660093 0.00639571 0.0110682 0.0181673 0.0260862 0.0326431 0.0356635 0.0341587 0.0289274 0.022039 0.0156199 0.0108778 0.00792083 0.00620517
 1.02427e-16 6.25558e-05 0.000608064 0.0040408 0.0183689 0.0571526 0.12177 0.177731 0.177748 0.121856 0.0574395 0.0191981 0.00612426 0.0051629 0.0087323 0.0143872 0.0208345 0.0264375 0.0295592 0.0294242 0.0265452 0.0223154 0.0181184 0.0146705 0.0119798 0.00973269
 1.02634e-16 6.33834e-05 0.000616109 0.00409426 0.0186119 0.0579087 0.123381 0.180082 0.180099 0.123465 0.0581889 0.0194217 0.00612807 0.00506014 0.00851578 0.0140105 0.0202526 0.0256283 0.0285331 0.0282229 0.0252376 0.0209972 0.0169111 0.0137051 0.0113621 0.00950309
 1.02544e-16 6.37709e-05 0.000619876 0.0041193 0.0187257 0.0582628 0.124136 0.181183 0.1812 0.124218 0.0585403 0.0195277 0.00613336 0.00502031 0.00843195 0.0138674 0.0200375 0.0253382 0.0281756 0.0278098 0.0247774 0.0204935 0.0163689 0.0131411 0.010808 0.00900035
 1.06837e-16 3.03664e-05 0.000295172 0.00196152 0.00891683 0.0277438 0.0591129 0.086287 0.0863345 0.0593453 0.0285242 0.0111715 0.0076241 0.0126666 0.0235552 0.03897 0.0563138 0.0711906 0.0791216 0.0780223 0.0694008 0.0572419 0.0455257 0.0363434 0.0297076 0.0245932
 1.071e-16 6.29291e-05 0.000611694 0.00406492 0.0184785 0.0574936 0.122497 0.178789 0.178798 0.122539 0.0576367 0.018894 0.0051159 0.00293314 0.00455161 0.00763424 0.0114812 0.0154663 0.0189736 0.0216941 0.0237214 0.0252987 0.0264513 0.026859 0.0260751 0.0238795
 1.05714e-16 5.81442e-05 0.000565182 0.00375583 0.0170735 0.0531221 0.113183 0.165199 0.16522 0.113289 0.0534794 0.0181056 0.0063468 0.00622216 0.010805 0.0177812 0.025639 0.0323196 0.035783 0.0351324 0.0311672 0.0258479 0.0210999 0.0178799 0.0160489 0.0148759
 1.0855e-16 3.90003e-05 0.000379097 0.00251924 0.0114521 0.0356319 0.0759189 0.110813 0.11085 0.0760955 0.0362252 0.0131671 0.00682913 0.00980432 0.0179883 0.029805 0.0432323 0.0549975 0.0617722 0.062005 0.0567901 0.049002 0.0414372 0.0354495 0.0308834 0.0269129
 1.0656e-16 6.3338e-05 0.000615668 0.00409133 0.0185986 0.0578672 0.123293 0.179951 0.179962 0.123345 0.0580444 0.0191119 0.00538545 0.00346001 0.0055221 0.00917842 0.0135677 0.0178054 0.0210246 0.0228225 0.0234441 0.0234871 0.023383 0.0231029 0.0222837 0.0205888
 1.04447e-16 6.15189e-05 0.000597985 0.00397382 0.0180644 0.0562053 0.119752 0.174785 0.174804 0.119844 0.0565148 0.0189586 0.0062187 0.00550008 0.00937628 0.0154173 0.0222389 0.0280501 0.0310783 0.0305328 0.0270823 0.0223976 0.0181297 0.0151151 0.0132723 0.0120282
 1.07012e-16 3.95175e-05 0.000384125 0.00255264 0.011604 0.0361045 0.0769258 0.112283 0.112321 0.07711 0.0367232 0.0133921 0.00704449 0.0102015 0.0187189 0.0309734 0.0448247 0.0568089 0.063406 0.0629776 0.0566992 0.0476691 0.0389528 0.0321148 0.027099 0.0230694
 1.11121e-16 4.74574e-05 0.000461303 0.00306552 0.0139354 0.0433584 0.0923804 0.134836 0.134856 0.0924782 0.0436873 0.0148882 0.00546789 0.00574198 0.0101833 0.0170404 0.025201 0.0330765 0.0390521 0.0423589 0.04342 0.0433121 0.0428203 0.0419096 0.0399665 0.0364548
 1.09415e-16 5.76327e-05 0.000560211 0.0037228 0.0169233 0.0526548 0.112187 0.163744 0.163761 0.11227 0.0529325 0.0177266 0.00574302 0.00498337 0.00849707 0.0140612 0.020504 0.0263378 0.0301028 0.0311773 0.0301428 0.0283259 0.0268851 0.0261657 0.0257216 0.0248124
 1.09738e-16 4.57161e-05 0.000444377 0.00295304 0.0134241 0.0417676 0.0889913 0.129892 0.129922 0.0891394 0.0422649 0.0148613 0.00656367 0.00833681 0.015066 0.024918 0.0360911 0.0458196 0.0513226 0.0513516 0.0469259 0.0405876 0.0347887 0.0306789 0.0280061 0.0258377
 1.04922e-16 6.66727e-05 0.000648082 0.00430674 0.0195778 0.0609139 0.129784 0.189425 0.189436 0.129834 0.0610842 0.0200707 0.00554772 0.00336921 0.00527017 0.00870078 0.0127479 0.0164972 0.0190589 0.0200233 0.01967 0.0186992 0.017713 0.0168776 0.0159754 0.014702
pSPR Fmed_Fpbrs
1   0.983838 0.6 0.325 0.983838 0.983838 0.983838
Fs Fmed_Fpbrs
0   0.01 0.358282 0.926866 0.01 0.01 0.01
SSBpbr Bo_Bmed_Bpbrs
1.33983e+06  1.27284e+06  1.25118e+06 736905 368453 1.25118e+06 1.25118e+06 1.25118e+06
Ro
193308
SPR SPRFo_SPRFmed_SPRFpbrs
1.39266e+06 1.39266e+06 1.37015e+06
Fref
0
Nvult_r0
 187245 28613 16100.7 3920.82 2813.08
CTP_r0
 19166.6 5335.15 3137.79 765.933 549.605
YTP_r0
356504
Np
 278735 102541 37722.7 13877.4 6983.31
Nvult_p0
 176194 64818.2 23845.3 8772.19 4414.3
CTP_p0
 0 0 0 0 0
 0 0 0 0 0
 0 0 0 0 0
 0 0 0 0 0
 0 0 0 0 0
 0 0 0 0 0
YTP_p0
 0 0 0 0 0 0
CBA_c0
0
log_Ro
11.992
likeval ReclasPelacesDesembMPH_pf_preclas_ppelaces_ptallas_desvR_qrecl_qpela
 21.4778 17.1712 0.099962 65.3971 239.182 138.792 111.968 0 23.3452 2.26599e-06 1.23303e-07 0.438312 2065.69 0 0
q_reclas_q_pelaces
0.80825 0.951553
M
1
N
 203150 38192.3 152507 8250.79 0.312972
 102794 69959.5 12304 48766.8 2637.34
 136399 33552.4 20236.7 3511.38 14658.9
 211835 44676.1 9773.43 5817.98 5219.92
 180642 64921.8 11386.1 2440.04 2752.48
 267633 62890.8 21378.8 3726.2 1698.7
 117342 87315.9 18175 6095.18 1545.47
 62083.2 34189.9 20103.9 4076.02 1710.99
 54772.8 22033.7 11702.1 6853.07 1972.24
 73005.4 17527.7 6124.98 3202.22 2412.86
 148527 22531.1 4530.24 1552.01 1421.2
 164887 52135.3 7542.76 1508.59 989.788
 79990.7 49567 12781.2 1807.49 597.915
 43317.4 23650.7 11753.2 2956.85 555.701
 142214 8647.89 2546.9 1181.34 351.688
 472635 39523.8 1810.66 516.652 310.428
 112502 135546 8814.7 392.631 179.061
 545214 36551.2 38844.9 2490.95 161.427
 432653 166964 9300.8 9682.01 660.336
 449168 124490 37484.8 2031.02 2254.96
 540365 137895 31837.2 9392.71 1072.7
 680013 175472 39477.6 8987.18 2951.9
 149400 213902 47122.3 10415.9 3146.9
 407052 50620.4 66696.7 14557.4 4187.74
 400740 137151 15607.7 20361.6 5719.44
 163884 136109 42973.5 4846.49 8094.57
 367727 56755.4 44347.2 13906.5 4186.17
 445598 124203 17585.1 13608.7 5549.05
 178923 152235 39377.6 5528.89 6020.51
 165961 62397.7 50301.5 12933 3791.92
 208941 57166.8 20112.1 16093.4 5348.69
 116300 68903.3 16881.2 5866.22 6249.79
 278735 40444.1 22638.4 5511.27 3954.12
pred_Ctot
 8249.69 3033.1 12752.7 691.863 0.0262479
 7397.67 9637.29 1780.48 7075.71 382.713
 9544.77 4500.41 2851.78 496.149 2071.56
 22686.5 8938.29 2048.65 1222.6 1097.07
 6151.31 4342.71 802.34 172.427 194.535
 19331.7 8693.99 3104.48 542.533 247.364
 15721.9 21446.6 4667.76 1569.15 397.918
 1388.12 1513.58 938.384 190.802 80.1051
 4557.02 3481.92 1940.95 1139.65 328.024
 7540.75 3391.14 1241.91 650.93 490.538
 4320.18 1291.7 273.701 94.0332 86.1205
 19374.8 11361.3 1720.8 345.02 226.398
 10103.5 11539.5 3113.03 441.311 146.004
 13152.2 11633.9 5970.37 1504.59 282.793
 22490.2 2464.55 757.577 352.201 104.863
 67204.2 10242.9 490.349 140.247 84.2777
 8394.16 19323.9 1319.81 58.9438 26.8854
 58620.6 7339.47 8171.92 525.348 34.0498
 60783 42803.8 2491.94 2600.25 177.365
 47683.9 24705.3 7794.38 423.383 470.128
 40475.6 19731.4 4784.44 1415.26 161.653
 63107.5 30725.6 7250.17 1654.77 543.594
 7509.31 20888.2 4841.74 1073.16 324.276
 21798.9 5254.98 7283.35 1594.04 458.625
 19569.2 13024.7 1559.71 2040.39 573.216
 6102.65 9934.7 3303.53 373.614 624.099
 19166.4 5739.96 4718.41 1483.67 446.684
 20211.3 10981.7 1636.56 1270.01 517.932
 5910.17 9884.83 2693.72 379.286 413.073
 6714.66 4937.66 4191.23 1080.61 316.88
 13803.3 7258.48 2683.7 2153.22 715.733
 4039.73 4699.32 1212.8 422.638 450.339
 19166.6 5335.15 3137.79 765.933 549.605
F
 0.0660287 0.13271 0.140159 0.140575 0.140597
 0.119618 0.240418 0.253914 0.254667 0.254706
 0.116147 0.233441 0.246545 0.247276 0.247315
 0.182623 0.367049 0.387653 0.388802 0.388863
 0.0551191 0.110783 0.117001 0.117348 0.117366
 0.120084 0.241353 0.254902 0.255657 0.255697
 0.233159 0.468621 0.494927 0.496393 0.496471
 0.0359045 0.0721637 0.0762146 0.0764404 0.0764523
 0.139409 0.280196 0.295925 0.296802 0.296848
 0.175638 0.35301 0.372826 0.373931 0.373989
 0.0469222 0.0943078 0.0996018 0.0998969 0.0999125
 0.201936 0.405867 0.428651 0.429921 0.429988
 0.218519 0.439196 0.46385 0.465224 0.465297
 0.611238 1.22851 1.29748 1.30132 1.30152
 0.280428 0.563625 0.595264 0.597028 0.597121
 0.249011 0.500482 0.528576 0.530143 0.530225
 0.124254 0.249735 0.263754 0.264536 0.264577
 0.183402 0.368615 0.389307 0.39046 0.390521
 0.245707 0.493842 0.521563 0.523109 0.523191
 0.180903 0.363592 0.384003 0.38514 0.3852
 0.124764 0.25076 0.264837 0.265622 0.265663
 0.156593 0.314733 0.3324 0.333385 0.333437
 0.0822753 0.165363 0.174646 0.175163 0.175191
 0.0878622 0.176592 0.186505 0.187058 0.187087
 0.0798541 0.160497 0.169506 0.170009 0.170035
 0.0604068 0.12141 0.128226 0.128606 0.128626
 0.0854276 0.171699 0.181337 0.181875 0.181903
 0.0739929 0.148717 0.157065 0.15753 0.157555
 0.0534298 0.107387 0.113416 0.113752 0.113769
 0.0657788 0.132207 0.139629 0.140042 0.140064
 0.109347 0.219773 0.23211 0.232798 0.232834
 0.0562512 0.113058 0.119404 0.119758 0.119777
 0.114034 0.229194 0.24206 0.242777 0.242815
YTP_r0W_actual
 144516 93098.3 75526.6 23989 19373.6
YTP_p0W_proyectada
 0 0 0 0 0
 0 0 0 0 0
 0 0 0 0 0
 0 0 0 0 0
 0 0 0 0 0
 0 0 0 0 0
CTP_r0_actual
 19166.6 5335.15 3137.79 765.933 549.605
CTP_p0_proyectada
 0 0 0 0 0
 0 0 0 0 0
 0 0 0 0 0
 0 0 0 0 0
 0 0 0 0 0
 0 0 0 0 0
Wmedp
 7.54 17.45 24.07 31.32 35.25
Frms_r0
 0.114034 0.229194 0.24206 0.242777 0.242815
Zrms_r0
 1.11403 1.22919 1.24206 1.24278 1.24281
nmprior
 7.29 8.9 8.7 0
nm_flota  nm_reclas  nm_pelaces    nm_pelaL
inf 10.4606 16.8502 52.1491
cv_recla  cv_pelaces  cv_mph
0.401352 0.453932 0.64839
 ------------------------------------------------
Talla a la edad & desviaci?n 
 8 13.2811 15.8009 17.003 17.5766
 0.8 1.32811 1.58009 1.7003 1.75766
