years
 1991 1992 1993 1994 1995 1996 1997 1998 1999 2000 2001 2002 2003 2004 2005 2006 2007 2008 2009 2010 2011 2012 2013 2014 2015 2016 2017 2018 2019 2020 2021 2022 2023
reclasobs
 0 0 0 0 0 0 0 0 0 252601 567819 844713 477998 351125 339783 2.1784e+06 2.13404e+06 4.81314e+06 1.55562e+06 2.62356e+06 3.21686e+06 3.843e+06 1.13348e+06 3.07943e+06 1.97215e+06 2.03268e+06 2.025e+06 2.42433e+06 2.27542e+06 1.05018e+06 2.36338e+06 3.18982e+06 1.53035e+06
reclaspred
 6.12916e+06 2.11059e+06 1.07641e+06 774569 325054 2.79737e+06 1.60828e+06 875139 605879 247651 442849 1.2312e+06 1.17544e+06 256688 649805 1.71373e+06 1.21724e+06 2.85335e+06 2.27452e+06 2.17067e+06 3.61914e+06 3.12585e+06 2.03357e+06 2.83736e+06 2.36786e+06 1.97502e+06 2.2411e+06 2.75851e+06 2.4127e+06 1.97679e+06 1.68677e+06 1.3877e+06 901234
pelacesobs
 0 0 0 0 0 0 0 0 0 0 0 0 0 0 0 552880 188675 0 991730 2.46772e+06 1.41603e+06 1.21717e+06 2.29649e+06 1.80582e+06 0 1.4828e+06 1.56532e+06 1.57751e+06 1.42118e+06 867257 1.10002e+06 1.06204e+06 0
pelacespred
 4.81768e+06 1.4732e+06 565134 288672 143345 1.53307e+06 811214 643342 312505 90973.5 237121 573005 624915 80356.1 316994 737792 564361 1.45139e+06 1.08828e+06 946847 1.81881e+06 1.56348e+06 1.14471e+06 1.7072e+06 1.36939e+06 1.19087e+06 1.47972e+06 1.66273e+06 1.47735e+06 1.30623e+06 888056 803536 410087
mphobs
 0 0 0 0 0 0 0 0 0 0 0 0 498337 0 5186 125008 0 168611 109162 213762 579715 649985 157893 87575 83554 210694 70296 0 107559 103333 445601 22526 28222
mphpred
 1.29785e+06 572439 152637 144560 63753.4 35469.5 464356 147899 84994.4 48532.9 17940.3 79726.9 191282 79041.6 10578.4 75231.8 255907 120345 324586 308188 499194 523557 135819 72635.2 138590 118859 79007.1 106789 179910 107837 81098.1 80154.5 33273.1
desembarqueobs
 494567 514787 250237 358949 120608 361735 552515 73892 212993 205616 52469 317467 293654 387597 252695 516296 358380 742168 942051 627588 828172 859565 418607 520667 417249 300574 415391 372974 316634 284311 391294 218835 356480
desembarquepred
 494510 514591 249873 358801 120565 361585 552045 73880.8 212869 205481 52461 317258 293498 387080 252452 515827 358207 741405 940354 626645 827926 858750 418336 520445 416894 300424 415136 372728 316368 283990 390932 218782 356336
Reclutas
 50551.5 50333 143121 49832.9 23096.9 273799 32032.3 11148 30718 31991.9 44201.1 149283 74107.2 39522.3 63831.9 247198 31297.8 324310 242891 248587 225621 371675 36792.4 151640 161955 41718.8 129952 152299 49177 89582.4 80822 25495.3 75115.7
log_desv_Rt
 -0.438427 -0.442757 0.602273 -0.452744 -1.22172 1.25097 -0.894675 -1.95016 -0.936572 -0.895937 -0.57267 0.644427 -0.0559062 -0.684553 -0.205166 1.14877 -0.91787 1.42028 1.13119 1.15438 1.05744 1.5566 -0.756129 0.660088 0.725901 -0.630468 0.505743 0.664429 -0.465994 0.13374 0.0308297 -1.12292 -0.0423897
SSB
 1.3106e+06 578061 154136 145980 64379.6 35817.9 468917 149352 85829.3 49009.6 18116.6 80510 181466 75743.5 10092.3 72363.9 258420 121527 346145 213470 358065 404785 428424 217192 375988 349115 214933 274506 484720 268053 245540 248021 95431
BT
 1.7549e+06 949970 443609 381951 153945 1.25147e+06 761375 290329 350533 235830 178097 577387 542213 424150 443573 848383 494719 1.50392e+06 1.43415e+06 980627 1.60129e+06 1.50783e+06 764622 1.3857e+06 954718 706123 1.18744e+06 1.16478e+06 770325 825394 728583 477783 527233
Ftot
 0.376795 1.06203 1.06879 1.77216 1.51039 0.66516 1.30534 0.393429 1.56419 2.927 0.597571 1.20712 1.08182 4.23965 1.84073 1.4321 1.18208 1.25226 1.72662 1.32044 1.03349 1.23328 0.860601 0.890132 0.797088 0.666725 0.888906 0.652662 0.566525 0.678007 1.04599 0.685795 1.73827
BD_Bspro_t
 0.941494 0.594695 0.262201 0.259573 0.117094 0.0898587 0.460811 0.194876 0.165336 0.120843 0.0666323 0.311154 0.344253 0.145918 0.0257739 0.156136 0.284172 0.154712 0.276725 0.176333 0.219178 0.23806 0.266616 0.177725 0.301675 0.335225 0.282176 0.364617 0.479437 0.352143 0.354186 0.325495 0.226086
BD_Bspro
 2.32132 1.02386 0.273005 0.258558 0.114029 0.0634403 0.830543 0.26453 0.15202 0.0868054 0.0320879 0.142599 0.321411 0.134156 0.0178754 0.12817 0.457712 0.215248 0.613089 0.378097 0.634201 0.716951 0.758821 0.384689 0.665947 0.618349 0.380688 0.486203 0.858532 0.474773 0.434899 0.439294 0.169027
BD_Bo
 4.90025 2.16134 0.576309 0.545811 0.240712 0.133921 1.75326 0.558418 0.320911 0.183245 0.0677369 0.301023 0.678492 0.283201 0.0377346 0.270565 0.966221 0.454383 1.29422 0.798155 1.33879 1.51347 1.60186 0.812071 1.4058 1.30532 0.803624 1.02637 1.81234 1.00224 0.918062 0.92734 0.356812
BD_Brms
 5.25263 2.31676 0.617751 0.585061 0.258022 0.143551 1.87934 0.598574 0.343988 0.196422 0.0726079 0.322669 0.727282 0.303566 0.040448 0.290021 1.0357 0.487058 1.38728 0.855551 1.43506 1.6223 1.71704 0.870466 1.50689 1.39919 0.861412 1.10017 1.94267 1.07431 0.98408 0.994024 0.38247
Sel_flota
 0.526553 1 1 1 1
 0.526553 1 1 1 1
 0.526553 1 1 1 1
 0.526553 1 1 1 1
 0.526553 1 1 1 1
 0.526553 1 1 1 1
 0.526553 1 1 1 1
 0.526553 1 1 1 1
 0.526553 1 1 1 1
 0.526553 1 1 1 1
 0.526553 1 1 1 1
 0.526553 1 1 1 1
 0.526553 1 1 1 1
 0.526553 1 1 1 1
 0.526553 1 1 1 1
 0.526553 1 1 1 1
 0.526553 1 1 1 1
 0.526553 1 1 1 1
 0.526553 1 1 1 1
 0.526553 1 1 1 1
 0.526553 1 1 1 1
 0.526553 1 1 1 1
 0.526553 1 1 1 1
 0.526553 1 1 1 1
 0.526553 1 1 1 1
 0.526553 1 1 1 1
 0.526553 1 1 1 1
 0.526553 1 1 1 1
 0.526553 1 1 1 1
 0.526553 1 1 1 1
 0.526553 1 1 1 1
 0.526553 1 1 1 1
 0.526553 1 1 1 1
Sel_reclas
 0.566711 0.868114 0.970697 0.994037 0.99881
 0.566711 0.868114 0.970697 0.994037 0.99881
 0.566711 0.868114 0.970697 0.994037 0.99881
 0.566711 0.868114 0.970697 0.994037 0.99881
 0.566711 0.868114 0.970697 0.994037 0.99881
 0.566711 0.868114 0.970697 0.994037 0.99881
 0.566711 0.868114 0.970697 0.994037 0.99881
 0.566711 0.868114 0.970697 0.994037 0.99881
 0.566711 0.868114 0.970697 0.994037 0.99881
 0.566711 0.868114 0.970697 0.994037 0.99881
 0.566711 0.868114 0.970697 0.994037 0.99881
 0.566711 0.868114 0.970697 0.994037 0.99881
 0.566711 0.868114 0.970697 0.994037 0.99881
 0.566711 0.868114 0.970697 0.994037 0.99881
 0.566711 0.868114 0.970697 0.994037 0.99881
 0.566711 0.868114 0.970697 0.994037 0.99881
 0.566711 0.868114 0.970697 0.994037 0.99881
 0.566711 0.868114 0.970697 0.994037 0.99881
 0.566711 0.868114 0.970697 0.994037 0.99881
 0.566711 0.868114 0.970697 0.994037 0.99881
 0.566711 0.868114 0.970697 0.994037 0.99881
 0.566711 0.868114 0.970697 0.994037 0.99881
 0.566711 0.868114 0.970697 0.994037 0.99881
 0.566711 0.868114 0.970697 0.994037 0.99881
 0.566711 0.868114 0.970697 0.994037 0.99881
 0.566711 0.868114 0.970697 0.994037 0.99881
 0.566711 0.868114 0.970697 0.994037 0.99881
 0.566711 0.868114 0.970697 0.994037 0.99881
 0.566711 0.868114 0.970697 0.994037 0.99881
 0.566711 0.868114 0.970697 0.994037 0.99881
 0.566711 0.868114 0.970697 0.994037 0.99881
 0.566711 0.868114 0.970697 0.994037 0.99881
 0.566711 0.868114 0.970697 0.994037 0.99881
Sel_pelaces
 0.378254 0.753799 0.939056 0.987269 0.997444
 0.378254 0.753799 0.939056 0.987269 0.997444
 0.378254 0.753799 0.939056 0.987269 0.997444
 0.378254 0.753799 0.939056 0.987269 0.997444
 0.378254 0.753799 0.939056 0.987269 0.997444
 0.378254 0.753799 0.939056 0.987269 0.997444
 0.378254 0.753799 0.939056 0.987269 0.997444
 0.378254 0.753799 0.939056 0.987269 0.997444
 0.378254 0.753799 0.939056 0.987269 0.997444
 0.378254 0.753799 0.939056 0.987269 0.997444
 0.378254 0.753799 0.939056 0.987269 0.997444
 0.378254 0.753799 0.939056 0.987269 0.997444
 0.378254 0.753799 0.939056 0.987269 0.997444
 0.378254 0.753799 0.939056 0.987269 0.997444
 0.378254 0.753799 0.939056 0.987269 0.997444
 0.378254 0.753799 0.939056 0.987269 0.997444
 0.378254 0.753799 0.939056 0.987269 0.997444
 0.378254 0.753799 0.939056 0.987269 0.997444
 0.378254 0.753799 0.939056 0.987269 0.997444
 0.378254 0.753799 0.939056 0.987269 0.997444
 0.378254 0.753799 0.939056 0.987269 0.997444
 0.378254 0.753799 0.939056 0.987269 0.997444
 0.378254 0.753799 0.939056 0.987269 0.997444
 0.378254 0.753799 0.939056 0.987269 0.997444
 0.378254 0.753799 0.939056 0.987269 0.997444
 0.378254 0.753799 0.939056 0.987269 0.997444
 0.378254 0.753799 0.939056 0.987269 0.997444
 0.378254 0.753799 0.939056 0.987269 0.997444
 0.378254 0.753799 0.939056 0.987269 0.997444
 0.378254 0.753799 0.939056 0.987269 0.997444
 0.378254 0.753799 0.939056 0.987269 0.997444
 0.378254 0.753799 0.939056 0.987269 0.997444
 0.378254 0.753799 0.939056 0.987269 0.997444
pf_obs 
 0.8446 0.082 0.0669 0.0065 0
 0.8095 0.147 0.0364 0.0071 0
 0.9664 0.0169 0.016 0.0007 0
 0.9276 0.0648 0.0075 0.0001 0
 0.7033 0.2144 0.0806 0.0017 0
 0.9318 0.0425 0.0243 0.0014 0
 0.5671 0.3108 0.0964 0.0239 0.0018
 0.0768 0.2599 0.5324 0.112 0.0189
 0.490249 0.384438 0.106611 0.0170017 0.00170017
 0.7925 0.1577 0.0466 0.003 0.0002
 0.840416 0.127587 0.0312969 0.00059994 9.999e-05
 0.8084 0.0986 0.0794 0.0134 0.0002
 0.7335 0.1905 0.0724 0.0035 0.0001
 0.4001 0.4547 0.1325 0.0127 0
 0.49795 0.308269 0.164784 0.0264974 0.00249975
 0.9179 0.0499 0.0305 0.0017 0
 0.2467 0.6533 0.0926 0.0074 0
 0.9418 0.0223 0.034 0.0019 0
 0.707729 0.231977 0.0356964 0.0245975 0
 0.517169 0.277429 0.184464 0.0207286 0.00020938
 0.811772 0.124168 0.05621 0.00726502 0.000585176
 0.764997 0.148141 0.077277 0.00933861 0.000247198
 0.163321 0.427699 0.378323 0.0303852 0.000271297
 0.753843 0.0900009 0.118128 0.0371064 0.000921714
 0.721811 0.176058 0.0630433 0.0369309 0.00215725
 0.143369 0.312575 0.442814 0.0836902 0.0175525
 0.692698 0.0596174 0.167031 0.0765114 0.00414204
 0.394062 0.376323 0.152708 0.0712218 0.00568511
 0.125707 0.32114 0.495352 0.0537591 0.00404204
 0.23352 0.215282 0.420074 0.123614 0.00750983
 0.796117 0.104755 0.0508955 0.0450114 0.00322123
 0.162477 0.292055 0.404252 0.121198 0.0200186
 0 0 0 0 0
pf_pred 
 0.250235 0.204868 0.47939 0.0655063 1.1399e-06
 0.462528 0.222425 0.0860844 0.201437 0.0275258
 0.855283 0.100302 0.0183807 0.00711381 0.0189209
 0.518182 0.452694 0.0201854 0.00369903 0.00523938
 0.626392 0.292611 0.0761008 0.00339329 0.00150261
 0.972556 0.0229658 0.003507 0.000912084 5.86783e-05
 0.225063 0.765583 0.00782814 0.0011954 0.000330894
 0.325532 0.305369 0.364643 0.0037285 0.000726964
 0.758381 0.122362 0.0539941 0.0644748 0.000787798
 0.817373 0.165695 0.00857489 0.00378379 0.00457346
 0.908006 0.0882234 0.00342064 0.000177022 0.000172529
 0.885547 0.109546 0.00470645 0.000182481 1.86474e-05
 0.605938 0.376403 0.0169016 0.000726148 3.10316e-05
 0.628916 0.297773 0.0700262 0.00314437 0.000140866
 0.963853 0.0339301 0.00177902 0.000418367 1.96275e-05
 0.947831 0.0516074 0.000527498 2.76578e-05 6.80934e-06
 0.315147 0.672419 0.0123009 0.000125733 8.21547e-06
 0.949762 0.0279795 0.021854 0.000399788 4.35339e-06
 0.725882 0.269032 0.0028331 0.00221286 4.09218e-05
 0.801745 0.177921 0.0199571 0.000210163 0.000167188
 0.740678 0.238708 0.0184995 0.00207507 3.92355e-05
 0.814365 0.1636 0.0202829 0.00157189 0.000179651
 0.225543 0.715757 0.0517328 0.00641375 0.000553865
 0.818748 0.075599 0.0976446 0.00705747 0.000950533
 0.720675 0.256439 0.0095457 0.0123294 0.00101115
 0.352571 0.557652 0.0824211 0.00306805 0.00428772
 0.804583 0.108882 0.0745349 0.0110163 0.000983162
 0.732863 0.243305 0.0132791 0.00909013 0.00146343
 0.384118 0.531642 0.0767249 0.00418749 0.00332801
 0.698078 0.175967 0.108727 0.0156911 0.00153701
 0.649952 0.295018 0.0320725 0.019817 0.00314007
 0.423281 0.478078 0.0831343 0.00903782 0.00646915
 0.832561 0.105561 0.0512946 0.00891976 0.0016638
pobs_RECLAS
 0 0 0 0 0
 0 0 0 0 0
 0 0 0 0 0
 0 0 0 0 0
 0 0 0 0 0
 0 0 0 0 0
 0 0 0 0 0
 0 0 0 0 0
 0 0 0 0 0
 0 0 0 0 0
 0.991045 0.00858322 0.000360255 1.14367e-05 0
 0.934742 0.0480273 0.0164251 0.00080598 0
 0.827803 0.169806 0.00239088 0 0
 0.941827 0.0461693 0.0120037 0 0
 0.791401 0.0380133 0.147996 0.0225897 0
 0.846168 0.0940531 0.0597789 0 0
 0.134021 0.677848 0.182769 0.00536245 0
 0.80878 0.0450904 0.141981 0.00414843 0
 0.846168 0.0940531 0.0597789 0 0
 0.905697 0.0802665 0.012482 0.00150086 5.37128e-05
 0.989698 0.0102097 9.19794e-05 0 0
 0.975433 0.0193895 0.00387452 0.00125025 5.28907e-05
 0.303575 0.632131 0.0575291 0.00676475 0
 0.966965 0.00978017 0.0227588 0.000495775 0
 0.843318 0.132988 0.00938335 0.0141283 0.000182051
 0.564624 0.303363 0.111486 0.0197234 0.00080311
 0.826376 0.0876187 0.0782897 0.00655872 0.00115652
 0.89761 0.0855135 0.0140674 0.00269457 0.000114338
 0.34875 0.467042 0.161289 0.0227151 0.000203297
 0.318654 0.224769 0.449479 0.00709798 0
 0.937255 0.0296025 0.0250945 0.00804832 0
 0.456809 0.399803 0.12412 0.0192676 0
 0.883104 0.0372192 0.0704036 0.00927362 0
ppred_RECLAS
 0.279216 0.180981 0.473539 0.0662626 1.1586e-06
 0.514704 0.185784 0.0804001 0.192659 0.0264528
 0.883212 0.0776948 0.0159203 0.00630972 0.0168628
 0.606059 0.3673 0.018313 0.00343661 0.00489105
 0.69534 0.232566 0.0676318 0.00308817 0.00137406
 0.978136 0.0179335 0.00306214 0.000815535 5.27187e-05
 0.283635 0.706671 0.0080796 0.00126346 0.000351414
 0.364304 0.270287 0.36089 0.00377886 0.000740319
 0.805439 0.092465 0.0456229 0.0557886 0.000684936
 0.882998 0.104862 0.00606796 0.00274196 0.00333011
 0.926402 0.0702341 0.00304494 0.000161368 0.000158027
 0.912304 0.0835083 0.00401176 0.000159286 1.63553e-05
 0.671221 0.312375 0.015684 0.00069004 2.96301e-05
 0.781551 0.171253 0.045032 0.00207068 9.32107e-05
 0.974673 0.0235953 0.00138334 0.000333137 1.5704e-05
 0.961713 0.037826 0.000432321 2.32125e-05 5.74235e-06
 0.382327 0.605157 0.0123787 0.000129569 8.5068e-06
 0.960608 0.0208431 0.0182037 0.000341018 3.73126e-06
 0.791073 0.204556 0.00240867 0.00192658 3.57989e-05
 0.84529 0.137172 0.0172046 0.000185533 0.000148303
 0.789867 0.191587 0.0166023 0.00190703 3.62314e-05
 0.854245 0.126645 0.0175567 0.00139333 0.000160008
 0.274069 0.664791 0.053727 0.00682115 0.000591873
 0.84702 0.0596274 0.0861162 0.00637389 0.000862586
 0.768581 0.210149 0.00874698 0.0115694 0.000953379
 0.408259 0.501301 0.0828476 0.00315808 0.00443473
 0.836684 0.0863337 0.066083 0.0100019 0.000896921
 0.777257 0.200538 0.0122383 0.0085791 0.00138779
 0.439646 0.475847 0.0767877 0.00429168 0.0034272
 0.739349 0.144561 0.0998768 0.0147605 0.00145279
 0.707654 0.241465 0.0293524 0.0185724 0.00295699
 0.48114 0.42127 0.0819122 0.00911908 0.00655866
 0.872239 0.0770463 0.0418627 0.00745465 0.00139719
pobs_PELACES
 0 0 0 0 0
 0 0 0 0 0
 0 0 0 0 0
 0 0 0 0 0
 0 0 0 0 0
 0 0 0 0 0
 0 0 0 0 0
 0 0 0 0 0
 0 0 0 0 0
 0 0 0 0 0
 0 0 0 0 0
 0 0 0 0 0
 0 0 0 0 0
 0 0 0 0 0
 0 0 0 0 0
 0 0 0 0 0
 0.505614 0.472636 0.0217494 0 0
 0 0 0 0 0
 0.443492 0.261883 0.143347 0.151278 0
 0.227955 0.32914 0.350689 0.0885471 0.00366901
 0.970185 0.0296113 0.000203453 0 0
 0.997202 0.00247181 0.000326279 0 0
 0.445219 0.490057 0.0546422 0.010081 0
 0.90214 0.0892962 0.00764917 0.000914606 0
 0 0 0 0 0
 0.581667 0.319106 0.0959925 0.00289975 0.000334073
 0.762889 0.0836404 0.116647 0.0363945 0.000428098
 0.88444 0.0763242 0.0277011 0.0115352 0
 0.521256 0.241999 0.230069 0.00667565 0
 0.616807 0.101726 0.260614 0.0208532 0
 0.833518 0.0704572 0.0857862 0.0102388 0
 0.697417 0.212968 0.0787535 0.0105354 0.000325836
 0 0 0 0 0
ppred_PELACES
 0.224944 0.178837 0.521324 0.0748937 1.31669e-06
 0.470249 0.187057 0.0901883 0.221875 0.0306312
 0.867966 0.0840553 0.019189 0.00780795 0.0209812
 0.607349 0.36304 0.0201661 0.00388523 0.00555984
 0.683738 0.234968 0.076128 0.00356878 0.0015966
 0.97392 0.0209369 0.00398291 0.00108904 7.07847e-05
 0.271454 0.717528 0.00913989 0.00146736 0.000410363
 0.305321 0.277127 0.412248 0.00443168 0.000872971
 0.791776 0.0926122 0.05091 0.0639131 0.000788984
 0.900419 0.0880546 0.00567684 0.0026336 0.00321603
 0.913538 0.08207 0.00396409 0.000215678 0.000212371
 0.905691 0.089314 0.00478029 0.000194859 2.01176e-05
 0.648832 0.331737 0.0185568 0.000838197 3.61892e-05
 0.838809 0.12329 0.0361192 0.00170512 7.71759e-05
 0.975072 0.0230335 0.0015045 0.000371974 1.76308e-05
 0.960184 0.0392811 0.000500183 2.75721e-05 6.85819e-06
 0.363455 0.622203 0.0141797 0.000152377 1.00591e-05
 0.955807 0.0221857 0.0215874 0.000415185 4.56766e-06
 0.791735 0.203365 0.00266791 0.00219081 4.09318e-05
 0.835953 0.143583 0.0200636 0.000222132 0.000178531
 0.770691 0.20693 0.019978 0.00235596 4.50058e-05
 0.843264 0.134136 0.020717 0.00168797 0.000194905
 0.247392 0.682452 0.0614481 0.00800937 0.000698784
 0.820353 0.0653749 0.105191 0.00799325 0.00108766
 0.740721 0.232629 0.0107876 0.0146487 0.00121375
 0.366376 0.527359 0.0970996 0.00380001 0.00536541
 0.810806 0.0947276 0.0807821 0.0125526 0.00113182
 0.745732 0.22604 0.0153687 0.0110607 0.00179903
 0.393011 0.506506 0.0910622 0.00522515 0.0041955
 0.697214 0.159522 0.12279 0.0186304 0.00184373
 0.681893 0.257058 0.0348137 0.0226152 0.00362038
 0.436937 0.447126 0.0968606 0.0110707 0.00800593
 0.867963 0.0760199 0.0460184 0.0084131 0.00158546
pobs_pel_tallas
 0 0 0 0 0 0 0 0 0 0 0 0 0 0 0 0 0 0 0 0 0 0 0 0 0 0
 0 0 0 0 0 0 0 0 0 0 0 0 0 0 0 0 0 0 0 0 0 0 0 0 0 0
 0 0 0 0 0 0 0 0 0 0 0 0 0 0 0 0 0 0 0 0 0 0 0 0 0 0
 0 0 0 0 0 0 0 0 0 0 0 0 0 0 0 0 0 0 0 0 0 0 0 0 0 0
 0 0 0 0 0 0 0 0 0 0 0 0 0 0 0 0 0 0 0 0 0 0 0 0 0 0
 0 0 0 0 0 0 0 0 0 0 0 0 0 0 0 0 0 0 0 0 0 0 0 0 0 0
 0 0 0 0 0 0 0 0 0 0 0 0 0 0 0 0 0 0 0 0 0 0 0 0 0 0
 0 0 0 0 0 0 0 0 0 0 0 0 0 0 0 0 0 0 0 0 0 0 0 0 0 0
 0 0 0 0 0 0 0 0 0 0 0 0 0 0 0 0 0 0 0 0 0 0 0 0 0 0
 0 0 0 0 0 0 0 0 0 0 0 0 0 0 0 0 0 0 0 0 0 0 0 0 0 0
 0 0 0 0 0 0 0 0 0 0 0 0 0 0 0 0 0 0 0 0 0 0 0 0 0 0
 0 0 0 0 0 0 0 0 0 0 0 0 0 0 0 0 0 0 0 0 0 0 0 0 0 0
 0.00862536 0 0 0.000197151 0.00414017 0.0128641 0.00837892 0.0270097 0.101434 0.158115 0.152841 0.127902 0.109271 0.109419 0.0830992 0.0579132 0.0238553 0.00714673 0.00463305 0.00128148 0.00103504 0.000492878 0.000147863 0.000147863 4.92878e-05 0
 0 0 0 0 0 0 0 0 0 0 0 0 0 0 0 0 0 0 0 0 0 0 0 0 0 0
 0 0 0 0 0 0 0 0.0054083 0.00873648 0.0413646 0.0450493 0.0745869 0.0622846 0.0627006 0.0613931 0.0827291 0.12552 0.122667 0.0946155 0.0697135 0.0546179 0.0294188 0.0215738 0.0213955 0.0102223 0.00600262
 0 0 0 0 0.00359764 0.0251062 0.0480494 0.140153 0.205849 0.193036 0.1447 0.116669 0.0760912 0.0342217 0.00950174 0.001854 0.000860785 0 0 0 0.000165536 0 0.000143464 0 0 0
 0 0 0 0 0 0 0 0.000145254 0.000435761 0.0275982 0.070085 0.0708112 0.156366 0.174668 0.174014 0.160142 0.0824315 0.0480064 0.0283245 0.00493863 0.00203355 0 0 0 0 0
 0 0 0 0 0 0 0 0 0 0 0 0 0 0 0 0 0 0 0 0 0 0 0 0 0 0
 0 0 1.00437e-05 0.000401748 0.00122533 0.00171747 0.00176769 0.0269171 0.070346 0.194647 0.189555 0.159765 0.064822 0.0314167 0.0384472 0.0292271 0.0345202 0.0313363 0.0194345 0.0106764 0.0143323 0.0359363 0.0279516 0.0138201 0.00172751 0
 0 0.0021121 0.0136068 0.0755702 0.200478 0.177729 0.0527432 0.0373336 0.0318909 0.0142505 0.0149659 0.0166563 0.0217959 0.0798694 0.0677717 0.0528807 0.04013 0.0224614 0.0357745 0.0225083 0.00881397 0.00855152 0.00135912 0.000746735 0 0
 0 0 0 0 5.4009e-05 0.00500934 0.000945158 0.0243581 0.138947 0.33067 0.221406 0.137944 0.0707744 0.0437923 0.0131692 0.00525238 0.0047753 0.00276346 9.45158e-05 9.00151e-06 2.25038e-05 9.00151e-06 4.50075e-06 0 0 0
 0.000866109 0.00284123 0.00948549 0.0512746 0.133035 0.25785 0.225252 0.132002 0.0553304 0.0519788 0.0540692 0.017754 0.00435017 0.00159236 0.00146478 0.000404838 0.000125132 0.000115318 0.000107957 0.000100596 0 0 0 0 0 0
 0 0 0 0 0.00144013 0.00171154 0.00461396 0.0210425 0.0478622 0.0707936 0.0888783 0.103762 0.0637923 0.0337046 0.0602308 0.124433 0.169614 0.0934646 0.0462172 0.0250306 0.0313229 0.00938855 0.002487 0.000210481 0 0
 0 0.00764035 0.051015 0.0998891 0.058973 0.0496711 0.0374665 0.0718981 0.12319 0.153886 0.159021 0.0857701 0.0377988 0.023471 0.0147837 0.00900784 0.00315554 0.000888139 0.00291439 0.00214683 0.00393193 0.00274676 0.000635225 9.99891e-05 0 0
 0 0 0 0 0 0 0 0 0 0 0 0 0 0 0 0 0 0 0 0 0 0 0 0 0 0
 0 0 0 0 0 0 0 0 0 0 0 0 0 0 0 0 0 0 0 0 0 0 0 0 0 0
 0 0 0 0 0 0 0 0 0 0 0 0 0 0 0 0 0 0 0 0 0 0 0 0 0 0
 0 0 0 0 0 0 0 0 0 0 0 0 0 0 0 0 0 0 0 0 0 0 0 0 0 0
 0 0 0 0 0 0 0 0 0 0 0 0 0 0 0 0 0 0 0 0 0 0 0 0 0 0
 0 0 0 0 0 0 0 0 0 0 0 0 0 0 0 0 0 0 0 0 0 0 0 0 0 0
 0 0 0 0 0 0 0 0 0 0 0 0 0 0 0 0 0 0 0 0 0 0 0 0 0 0
 0 0 0 0 0 0 0 0 0 0 0 0 0 0 0 0 0 0 0 0 0 0 0 0 0 0
 0 0 0 0 0 0 0 0 0 0 0 0 0 0 0 0 0 0 0 0 0 0 0 0 0 0
ppred_pel_tallas
 1.22601e-16 1.85284e-05 0.000180102 0.00119684 0.00544069 0.0169281 0.0360678 0.0526458 0.0526638 0.0361562 0.0172274 0.00631524 0.00343021 0.0051817 0.0098872 0.0172809 0.0271403 0.0388193 0.0515183 0.0646504 0.0777317 0.0897823 0.0988951 0.102653 0.0993092 0.0888795
 1.30086e-16 3.87338e-05 0.000376506 0.00250202 0.0113738 0.0353883 0.0753991 0.110051 0.110069 0.0754882 0.0356879 0.0122419 0.00469093 0.00518937 0.00928469 0.0155777 0.0231533 0.0307201 0.0370913 0.0419926 0.0462992 0.051342 0.0577617 0.064805 0.0705618 0.0729135
 1.04909e-16 7.14933e-05 0.00069494 0.00461812 0.0209933 0.065318 0.139167 0.20312 0.203129 0.139207 0.0654513 0.0213785 0.00558597 0.00281097 0.00410003 0.00669201 0.00970009 0.0123486 0.0139105 0.0140831 0.013177 0.0119045 0.010929 0.010521 0.0105245 0.0105639
 1.02006e-16 5.00266e-05 0.000486276 0.00323148 0.0146899 0.0457058 0.0973823 0.14214 0.142175 0.097553 0.0462788 0.0163443 0.00738192 0.00953857 0.017218 0.0283231 0.0406489 0.0508095 0.0553908 0.052824 0.0443378 0.0331661 0.0226674 0.0148031 0.00983955 0.00701497
 1.02886e-16 5.63187e-05 0.000547437 0.00363791 0.0165374 0.0514543 0.10963 0.160012 0.160035 0.109741 0.0518272 0.0176153 0.00634664 0.00647067 0.0113349 0.0187253 0.0271431 0.0344908 0.0386485 0.0386031 0.0349983 0.0296062 0.0241816 0.0196256 0.0159497 0.0127823
 1.00242e-16 8.02205e-05 0.000779772 0.00518186 0.023556 0.0732914 0.156155 0.227914 0.227916 0.156165 0.0733246 0.0236517 0.00542229 0.00130491 0.00107835 0.00165786 0.00238526 0.00300945 0.00333418 0.00327022 0.0028826 0.00234322 0.00182495 0.00142044 0.00113272 0.000918663
 1.00664e-16 2.23595e-05 0.000217342 0.00144432 0.0065657 0.0204287 0.0435281 0.0635449 0.0636139 0.0438652 0.0215602 0.00983183 0.00963534 0.0180738 0.0338625 0.055756 0.0798697 0.0994975 0.107822 0.101703 0.0836055 0.060055 0.0379086 0.0212894 0.0109199 0.00537932
 1.1256e-16 2.51489e-05 0.000244457 0.0016245 0.00738476 0.0229769 0.0489557 0.071458 0.0714852 0.0490893 0.0234271 0.00869234 0.00493407 0.00755953 0.0141812 0.0240883 0.0362809 0.0488996 0.0599188 0.0681654 0.0736388 0.0768048 0.0776043 0.0752171 0.0688126 0.0585312
 1.08037e-16 6.52175e-05 0.000633938 0.00421274 0.0191505 0.0595844 0.126951 0.185291 0.1853 0.126995 0.0597325 0.0195795 0.00529365 0.00300769 0.00461587 0.00764195 0.0112783 0.0147842 0.0174688 0.0190668 0.0198856 0.0205232 0.0213735 0.0223244 0.022853 0.0223874
 1.00995e-16 7.41663e-05 0.000720923 0.00479079 0.0217782 0.0677602 0.144371 0.210715 0.210723 0.144412 0.0678992 0.0221797 0.00579801 0.00291814 0.00424258 0.00688485 0.00988406 0.012375 0.0135332 0.0129859 0.0110367 0.00846961 0.00608955 0.00435264 0.00329659 0.00270903
 1.00194e-16 7.52469e-05 0.000731427 0.00486059 0.0220955 0.0687475 0.146474 0.213785 0.213793 0.146513 0.068877 0.0224694 0.00579852 0.00277685 0.0039537 0.00640089 0.00917505 0.0114566 0.0124659 0.0118444 0.0098675 0.00726735 0.00480881 0.00294564 0.00175138 0.00106685
 1.00184e-16 7.46006e-05 0.000725144 0.00481884 0.0219057 0.0681569 0.145216 0.211949 0.211957 0.145258 0.0682979 0.0223127 0.00583971 0.00295153 0.00429648 0.0069679 0.00999017 0.0124777 0.0135829 0.0129149 0.0107719 0.00794778 0.00527197 0.00323643 0.00192165 0.00115738
 1.00711e-16 5.34435e-05 0.00051949 0.00345219 0.0156932 0.0488275 0.104033 0.151846 0.151878 0.104189 0.0493511 0.0172048 0.00724428 0.00878977 0.0157369 0.0258702 0.0371166 0.0463671 0.0504883 0.0480293 0.0400958 0.0296325 0.0197147 0.0121644 0.00727775 0.0044234
 1.01258e-16 6.90916e-05 0.000671595 0.00446298 0.0202881 0.0631238 0.134492 0.196298 0.19631 0.134551 0.0633194 0.0208532 0.00588285 0.00377547 0.00597638 0.00980292 0.0141884 0.0179928 0.020094 0.0199581 0.0179297 0.0149564 0.0119846 0.0095129 0.00756341 0.00594246
 1.0009e-16 8.03154e-05 0.000780695 0.00518799 0.0235838 0.0733781 0.15634 0.228183 0.228185 0.156351 0.0734145 0.0236888 0.00545139 0.00135524 0.00117009 0.00180364 0.0025818 0.00322833 0.00352193 0.00336237 0.00282645 0.00211758 0.00144707 0.000938385 0.000609055 0.000413178
 1.00029e-16 7.90891e-05 0.000768774 0.00510878 0.0232238 0.0722577 0.153953 0.2247 0.224703 0.153971 0.0723197 0.0234026 0.00555719 0.00174631 0.00193162 0.0030577 0.00437242 0.00544633 0.00590137 0.00556526 0.0045728 0.0032812 0.002066 0.00115324 0.000582995 0.000277991
 1.00586e-16 2.99374e-05 0.000291002 0.00193382 0.00879088 0.027352 0.0582786 0.0850718 0.0851317 0.058571 0.0283334 0.0116238 0.00903875 0.0157812 0.0293899 0.0483856 0.0693351 0.0864243 0.0937473 0.0885784 0.0730376 0.0527513 0.0336275 0.0192118 0.0101253 0.00515812
 1.00672e-16 7.87286e-05 0.00076527 0.00508549 0.0231179 0.0719283 0.153251 0.223675 0.223677 0.153262 0.071964 0.0232213 0.00534637 0.00133924 0.00118178 0.00186279 0.00275368 0.00362369 0.00428925 0.00465538 0.00474876 0.00466401 0.00447159 0.00417244 0.00373006 0.00313563
 1.00356e-16 6.52142e-05 0.000633906 0.00421253 0.0191495 0.0595815 0.126945 0.185284 0.185304 0.127041 0.0599022 0.0200753 0.00653425 0.00569543 0.00965792 0.0158107 0.0226466 0.02822 0.0305987 0.0288959 0.0238128 0.0171986 0.0109916 0.00635038 0.00346672 0.00192556
 1.00669e-16 6.88564e-05 0.000669308 0.00444779 0.020219 0.0629089 0.134035 0.19563 0.195644 0.134102 0.0631359 0.0208746 0.00609337 0.00426113 0.00688882 0.0112752 0.0162242 0.0203753 0.0223872 0.0216328 0.0185626 0.0143908 0.0103694 0.00721696 0.00503002 0.00355621
 1.00874e-16 6.34808e-05 0.000617056 0.00410056 0.0186406 0.0579978 0.123571 0.18036 0.18038 0.123669 0.0583247 0.0195845 0.00646914 0.00578497 0.00987018 0.0161954 0.0232728 0.0291565 0.0319058 0.0306203 0.025973 0.0197586 0.0138352 0.00928012 0.00624194 0.00432802
 1.00835e-16 6.94586e-05 0.000675162 0.00448669 0.0203959 0.0634591 0.135207 0.197341 0.197354 0.13527 0.0636713 0.0210086 0.00602484 0.0040331 0.00644713 0.0105491 0.0151901 0.0191008 0.0210333 0.0204053 0.0176353 0.013848 0.0101962 0.00733136 0.00532711 0.00394003
 1.0287e-16 2.03775e-05 0.000198077 0.00131629 0.00598371 0.0186179 0.0396698 0.0579131 0.0579788 0.0399909 0.0196958 0.0090963 0.00912632 0.0172374 0.0323514 0.0533726 0.0766968 0.0960508 0.105041 0.100699 0.0852562 0.0646559 0.0450546 0.0300278 0.0200721 0.013878
 1.04039e-16 6.75714e-05 0.000656818 0.00436479 0.0198417 0.0617349 0.131533 0.191978 0.191984 0.131565 0.0618414 0.0201513 0.00514905 0.00239269 0.00343402 0.00575163 0.00870053 0.0118173 0.0146464 0.0169282 0.0186574 0.0199062 0.0205903 0.0204289 0.019147 0.0167327
 1.02046e-16 6.10123e-05 0.000593061 0.0039411 0.0179157 0.0557425 0.118766 0.173347 0.17337 0.118875 0.0561097 0.0189759 0.00660086 0.00639447 0.0110648 0.0181595 0.0260702 0.0326139 0.0356166 0.0340932 0.0288503 0.0219672 0.0155792 0.0108956 0.00801639 0.00638066
 1.04226e-16 3.0178e-05 0.000293341 0.00194936 0.00886152 0.0275718 0.0587464 0.0857528 0.0858037 0.058995 0.0284063 0.0112723 0.00800221 0.0135111 0.0251456 0.0415544 0.0599277 0.0754977 0.0833994 0.0813488 0.0709619 0.0565898 0.0426685 0.0316694 0.0238323 0.0182083
 1.03806e-16 6.6785e-05 0.000649174 0.00431399 0.0196108 0.0610165 0.130002 0.189744 0.189753 0.130048 0.0611685 0.0200513 0.00542492 0.0030915 0.00475552 0.00788739 0.0116615 0.0153027 0.0180488 0.0195193 0.0198756 0.0195818 0.0189861 0.0180965 0.0166986 0.0146451
 1.01916e-16 6.1425e-05 0.000597073 0.00396776 0.0180369 0.0561195 0.119569 0.174519 0.174541 0.119676 0.0564764 0.0190675 0.00655367 0.00623836 0.0107643 0.01767 0.0253832 0.031786 0.0347684 0.0333682 0.0283539 0.0217223 0.015524 0.0109212 0.00801811 0.00629618
 1.03992e-16 3.23719e-05 0.000314667 0.00209107 0.00950574 0.0295762 0.0630169 0.0919853 0.0920341 0.0632556 0.0303776 0.011821 0.00790389 0.0130078 0.0241497 0.0398998 0.0575335 0.0724659 0.0800223 0.0780099 0.0679863 0.0541397 0.0407415 0.0301723 0.0226627 0.0172941
 1.05765e-16 5.74286e-05 0.000558227 0.00370961 0.0168634 0.0524683 0.11179 0.163164 0.163179 0.111866 0.0527239 0.0176036 0.00557547 0.00465688 0.00791617 0.0131909 0.0194501 0.0254052 0.0297516 0.0318426 0.0319766 0.0310015 0.0295978 0.0278701 0.0255117 0.0222701
 1.03952e-16 5.61667e-05 0.00054596 0.0036281 0.0164928 0.0513154 0.109334 0.159581 0.159606 0.109455 0.051722 0.0176671 0.00657605 0.00698219 0.0122824 0.0202243 0.0291494 0.0367066 0.0405436 0.0395925 0.0347069 0.028074 0.0218855 0.0173017 0.0143095 0.0122621
 1.05375e-16 3.599e-05 0.000349836 0.00232478 0.0105681 0.0328817 0.0700595 0.102263 0.102306 0.0702703 0.0335898 0.0126141 0.00746284 0.0115743 0.0213768 0.0353441 0.0510517 0.0644893 0.0715731 0.0703921 0.0623038 0.0509309 0.0399187 0.0312234 0.0249287 0.0201674
 1.0246e-16 7.1493e-05 0.000694937 0.0046181 0.0209932 0.0653178 0.139167 0.203119 0.203127 0.139203 0.0654392 0.0213446 0.00550282 0.00263537 0.00378343 0.00621136 0.00910358 0.0117883 0.013623 0.0142992 0.0139895 0.013162 0.0122246 0.0113007 0.010276 0.00900513
pSPR Fmed_Fpbrs
1   0.982914 0.6 0.325 0.982914 0.982914 0.982914
Fs Fmed_Fpbrs
0   0.01 0.335073 0.855795 0.01 0.01 0.01
SSBpbr Bo_Bmed_Bpbrs
267455  254082  249512 147100 73550.1 249512 249512 249512
Ro
78368.3
SPR SPRFo_SPRFmed_SPRFpbrs
564592 564592 554945
Fref
0
Nvult_r0
 64051.2 6113.62 2970.75 516.592 96.3595
CTP_r0
 30609.2 3880.96 1885.85 327.936 61.1696
YTP_r0
356336
Np
 75115.7 27633.5 10165.8 3739.79 1881.92
Nvult_p0
 47482.2 17467.7 6426.01 2364 1189.6
CTP_p0
 0 0 0 0 0
 0 0 0 0 0
 0 0 0 0 0
 0 0 0 0 0
 0 0 0 0 0
 0 0 0 0 0
YTP_p0
 0 0 0 0 0 0
CBA_c0
0
log_Ro
11.0892
likeval ReclasPelacesDesembMPH_pf_preclas_ppelaces_ptallas_desvR_qrecl_qpela
 23.9729 17.6115 0.108867 48.0535 262.944 139.884 124.114 0 36.1314 0.000136644 0.000257867 0.0273927 2069.51 0 0
q_reclas_q_pelaces
5.22337 9.68886
M
1
N
 50551.5 23385.6 54722.2 7477.53 0.130119
 50333 15250.2 5902.21 13811.1 1887.26
 143121 10585.1 1939.76 750.737 1996.77
 49832.9 29991.6 1337.31 245.066 347.116
 23096.9 7210.49 1875.27 83.6171 37.0271
 273799 3835.88 585.758 152.341 9.80076
 32032.3 70962.5 725.597 110.802 30.6708
 11148 5926.39 7076.74 72.3601 14.1084
 30718 3333.75 1471.06 1756.61 21.4635
 31991.9 4959.07 256.637 113.245 136.879
 44201.1 2520 97.7067 5.05642 4.92809
 149283 11871 510.017 19.7746 2.02074
 74107.2 29085.4 1306.02 56.1109 2.39787
 39522.3 15423.3 3627.04 162.864 7.29623
 63831.9 1559.66 81.7761 19.231 0.902213
 247198 8908.54 91.0576 4.77434 1.17544
 31297.8 42781.9 782.633 7.99959 0.5227
 324310 6178.78 4826.07 88.2861 0.96137
 242891 61702.3 649.771 507.518 9.38541
 248587 35997.8 4037.81 42.5211 33.8263
 225621 45627.6 3536.07 396.636 7.49963
 371675 48166.6 5971.62 462.792 52.8922
 36792.4 71423.8 5162.31 640.014 55.269
 151640 8603.24 11112.1 803.147 108.172
 161955 34911.1 1299.54 1678.5 137.656
 41718.8 39158.3 5787.6 215.438 301.084
 129952 10803.7 7395.61 1093.07 97.5527
 152299 29937.3 1633.92 1118.49 180.067
 49177 39733.2 5734.17 312.959 248.725
 89582.4 13425 8295.07 1197.12 117.262
 80822 23061.2 2507.07 1549.07 245.456
 25495.3 17141.1 2980.71 324.044 231.946
 75115.7 6536.41 3176.2 552.317 103.023
pred_Ctot
 5844.34 4784.79 11196.4 1529.93 0.0266229
 14255.6 6855.39 2653.22 6208.51 848.377
 40739.4 4777.66 875.521 338.85 901.255
 20574.1 17973.9 801.447 146.868 208.026
 8532.41 3985.8 1036.61 46.2217 20.4678
 52614.1 1242.42 189.724 49.3426 3.17442
 10634.2 36173.7 369.878 56.4823 15.6347
 1341 1257.94 1502.12 15.3592 2.99467
 11633.8 1877.08 828.287 989.064 12.0851
 17874.4 3623.43 187.516 82.7442 100.013
 7737.97 751.834 29.1505 1.50857 1.47028
 46709.8 5778.19 248.25 9.62528 0.983594
 21296.9 13229.4 594.039 25.5219 1.09067
 26218.3 12413.5 2919.25 131.083 5.87243
 27032.7 951.621 49.8955 11.7338 0.550482
 87878.6 4784.8 48.9073 2.56431 0.631331
 9636.68 20561.5 376.143 3.8447 0.251216
 104351 3074.13 2401.12 43.9251 0.478311
 98524.2 36515.8 384.538 300.352 5.55434
 83239.4 18472.2 2072 21.8197 17.3579
 62536.8 20154.6 1561.95 175.202 3.31273
 118213 23748.2 2944.27 228.176 26.0781
 8790.52 27896.6 2016.28 249.975 21.5868
 37251.2 3439.58 4442.61 321.099 43.2471
 36302.5 12917.6 480.845 621.066 50.9347
 8033.1 12705.7 1877.91 69.9034 97.6929
 31887.3 4315.22 2953.97 436.597 38.9647
 28790.4 9558.2 521.667 357.105 57.4906
 8214.55 11369.4 1640.8 89.5514 71.1711
 17500.6 4411.45 2725.76 393.373 38.5324
 22616.8 10265.9 1116.05 689.585 109.267
 5029.88 5681.04 987.891 107.397 76.8735
 30609.2 3880.96 1885.85 327.936 61.1696
F
 0.198403 0.376795 0.376795 0.376795 0.376795
 0.559213 1.06203 1.06203 1.06203 1.06203
 0.562775 1.06879 1.06879 1.06879 1.06879
 0.933138 1.77216 1.77216 1.77216 1.77216
 0.795298 1.51039 1.51039 1.51039 1.51039
 0.350242 0.66516 0.66516 0.66516 0.66516
 0.68733 1.30534 1.30534 1.30534 1.30534
 0.207161 0.393429 0.393429 0.393429 0.393429
 0.823629 1.56419 1.56419 1.56419 1.56419
 1.54122 2.927 2.927 2.927 2.927
 0.314653 0.597571 0.597571 0.597571 0.597571
 0.63561 1.20712 1.20712 1.20712 1.20712
 0.569634 1.08182 1.08182 1.08182 1.08182
 2.2324 4.23965 4.23965 4.23965 4.23965
 0.969242 1.84073 1.84073 1.84073 1.84073
 0.754077 1.4321 1.4321 1.4321 1.4321
 0.622428 1.18208 1.18208 1.18208 1.18208
 0.659379 1.25226 1.25226 1.25226 1.25226
 0.909156 1.72662 1.72662 1.72662 1.72662
 0.695282 1.32044 1.32044 1.32044 1.32044
 0.544189 1.03349 1.03349 1.03349 1.03349
 0.649389 1.23328 1.23328 1.23328 1.23328
 0.453152 0.860601 0.860601 0.860601 0.860601
 0.468702 0.890132 0.890132 0.890132 0.890132
 0.419709 0.797088 0.797088 0.797088 0.797088
 0.351066 0.666725 0.666725 0.666725 0.666725
 0.468056 0.888906 0.888906 0.888906 0.888906
 0.343661 0.652662 0.652662 0.652662 0.652662
 0.298305 0.566525 0.566525 0.566525 0.566525
 0.357006 0.678007 0.678007 0.678007 0.678007
 0.550769 1.04599 1.04599 1.04599 1.04599
 0.361108 0.685795 0.685795 0.685795 0.685795
 0.915291 1.73827 1.73827 1.73827 1.73827
YTP_r0W_actual
 230793 67722.7 45392.4 10270.9 2156.23
YTP_p0W_proyectada
 0 0 0 0 0
 0 0 0 0 0
 0 0 0 0 0
 0 0 0 0 0
 0 0 0 0 0
 0 0 0 0 0
CTP_r0_actual
 30609.2 3880.96 1885.85 327.936 61.1696
CTP_p0_proyectada
 0 0 0 0 0
 0 0 0 0 0
 0 0 0 0 0
 0 0 0 0 0
 0 0 0 0 0
 0 0 0 0 0
Wmedp
 7.54 17.45 24.07 31.32 35.25
Frms_r0
 0.915291 1.73827 1.73827 1.73827 1.73827
Zrms_r0
 1.91529 2.73827 2.73827 2.73827 2.73827
nmprior
 7.29 8.9 8.7 0
nm_flota  nm_reclas  nm_pelaces    nm_pelaL
inf 16.1419 7.0243 15.3195
cv_recla  cv_pelaces  cv_mph
0.424025 0.459715 0.555802
 ------------------------------------------------
Talla a la edad & desviaci?n 
 8 13.2811 15.8009 17.003 17.5766
 0.8 1.32811 1.58009 1.7003 1.75766
