years
 1991 1992 1993 1994 1995 1996 1997 1998 1999 2000 2001 2002 2003 2004 2005 2006 2007 2008 2009 2010 2011 2012 2013 2014 2015 2016 2017 2018 2019 2020 2021 2022 2023
reclasobs
 0 0 0 0 0 0 0 0 0 252601 567819 844713 477998 351125 339783 2.1784e+06 2.13404e+06 4.81314e+06 1.55562e+06 2.62356e+06 3.21686e+06 3.843e+06 1.13348e+06 3.07943e+06 1.97215e+06 2.03268e+06 2.025e+06 2.42433e+06 2.27542e+06 1.05018e+06 2.36338e+06 3.18982e+06 1.53035e+06
reclaspred
 3.89603e+06 1.83933e+06 915337 606004 428995 2.3485e+06 1.2452e+06 837144 542187 251835 490919 1.20018e+06 1.13348e+06 251647 680537 1.61985e+06 1.23671e+06 2.87227e+06 2.25833e+06 2.12092e+06 3.63649e+06 2.96184e+06 2.00976e+06 2.85424e+06 2.30736e+06 1.98676e+06 2.28581e+06 2.73287e+06 2.41197e+06 1.95675e+06 1.62462e+06 1.41425e+06 969927
pelacesobs
 0 0 0 0 0 0 0 0 0 0 0 0 0 0 0 552880 188675 0 991730 2.46772e+06 1.41603e+06 1.21717e+06 2.29649e+06 1.80582e+06 0 1.4828e+06 1.56532e+06 1.57751e+06 1.42118e+06 867257 1.10002e+06 1.06204e+06 0
pelacespred
 2.60502e+06 1.1173e+06 485885 223254 196316 1.25244e+06 591318 580042 280047 98995.3 262856 563143 610135 86089.2 340900 697244 588957 1.47157e+06 1.11726e+06 937794 1.85242e+06 1.50027e+06 1.15044e+06 1.71948e+06 1.34431e+06 1.208e+06 1.51494e+06 1.6367e+06 1.47286e+06 1.29195e+06 863450 826436 462848
mphobs
 0 0 0 0 0 0 0 0 0 0 0 0 498337 0 5186 125008 0 168611 109162 213762 579715 649985 157893 87575 83554 210694 70296 0 107559 103333 445601 22526 28222
mphpred
 749285 397352 171174 93733.2 55702.6 57543.7 331594 119545 84916.1 41761.3 19517 82091 174841 76686 11171.6 74633.4 228117 130648 312217 312093 485430 531664 126389 76900.9 134933 113946 82974.1 105024 171020 113326 78329.6 77131.5 37107.9
desembarqueobs
 494567 514787 250237 358949 120608 361735 552515 73892 212993 205616 52469 317467 293654 387597 252695 516296 358380 742168 942051 627588 828172 859565 418607 520667 417249 300574 415391 372974 316634 284311 391294 218835 356480
desembarquepred
 494514 514566 249994 358857 120585 361609 552151 73887.4 212933 205548 52464.8 317317 293577 387253 252498 515902 358294 741519 940632 626754 828082 858976 418446 520550 416994 300484 415226 372787 316447 284064 391022 218821 356418
Reclutas
 93973.6 94771.5 85296.1 64789 40666.7 249882 43989.4 16997.7 27779.5 33802.2 54156.9 154362 77303.6 34684.3 71093 256145 38514 348102 247110 258676 248687 366273 45691.4 164120 169345 50484.2 142134 167904 60833.1 89888.3 83700.1 32077.1 79472.4
log_desv_Rt
 0.0564321 0.0648861 -0.0404537 -0.315447 -0.781174 1.03441 -0.702635 -1.6535 -1.16228 -0.966056 -0.494696 0.55272 -0.138841 -0.940294 -0.222594 1.05916 -0.835561 1.36591 1.02325 1.06899 1.02961 1.4168 -0.664672 0.614018 0.645355 -0.564922 0.470186 0.636808 -0.378448 0.0119854 -0.0593423 -1.01844 -0.111172
SSB
 997605 529039 227903 124797 74163 76614.3 441488 159163 113058 55601.4 25985.1 109297 219446 97117 14072.1 94616.6 303717 173946 437532 275830 442898 522442 509165 296571 473471 430177 291984 350158 595715 366032 305397 305272 136779
BT
 1.4871e+06 1.00387e+06 450070 403489 205063 1.20097e+06 758950 355348 369598 253223 222665 632493 602095 434833 498247 908455 575162 1.67474e+06 1.5734e+06 1.09335e+06 1.82047e+06 1.65329e+06 903511 1.57847e+06 1.09603e+06 854471 1.37011e+06 1.34225e+06 934928 948256 819399 584225 605670
Ftot
 0.47409 1.0272 1.03104 2.1174 1.13552 0.79579 1.45514 0.35152 1.57761 2.89026 0.547588 1.21444 1.02603 4.1829 1.88106 1.5492 1.05052 1.24633 1.66226 1.31191 0.9708 1.21835 0.760308 0.83953 0.744639 0.580545 0.823696 0.634417 0.485726 0.602114 0.997294 0.587823 1.56035
BD_Bspro_t
 0.927977 0.579062 0.322066 0.220373 0.135721 0.174509 0.448539 0.205992 0.204433 0.135061 0.0927829 0.375445 0.389519 0.177379 0.0359237 0.193799 0.320769 0.20665 0.325152 0.217037 0.259991 0.288394 0.30778 0.233207 0.35848 0.391018 0.35296 0.425874 0.536026 0.427179 0.406315 0.379605 0.297037
BD_Bspro
 1.55907 0.826791 0.35617 0.195035 0.115903 0.119734 0.689964 0.248742 0.176689 0.0868948 0.0406099 0.170811 0.342953 0.151776 0.021992 0.147868 0.474654 0.271845 0.683783 0.431071 0.692168 0.816481 0.795731 0.463485 0.739948 0.672288 0.456317 0.547232 0.930993 0.572041 0.47728 0.477083 0.21376
BD_Bo
 3.26561 1.73178 0.746029 0.408518 0.242769 0.250793 1.44519 0.521012 0.37009 0.182009 0.0850608 0.357777 0.718345 0.317908 0.0460642 0.309723 0.994203 0.569403 1.43224 0.902915 1.44981 1.71019 1.66673 0.970809 1.54988 1.40816 0.955796 1.14622 1.95004 1.19819 0.999703 0.999291 0.447738
BD_Brms
 3.49528 1.85358 0.798496 0.437248 0.259843 0.268431 1.54683 0.557654 0.396118 0.194809 0.0910431 0.382939 0.768865 0.340266 0.0493038 0.331505 1.06412 0.609448 1.53297 0.966416 1.55177 1.83046 1.78394 1.03909 1.65889 1.5072 1.02302 1.22684 2.08719 1.28246 1.07001 1.06957 0.479227
Sel_flota
 0.429584 0.934679 0.996335 0.999806 0.99999
 0.429584 0.934679 0.996335 0.999806 0.99999
 0.429584 0.934679 0.996335 0.999806 0.99999
 0.429584 0.934679 0.996335 0.999806 0.99999
 0.429584 0.934679 0.996335 0.999806 0.99999
 0.429584 0.934679 0.996335 0.999806 0.99999
 0.429584 0.934679 0.996335 0.999806 0.99999
 0.429584 0.934679 0.996335 0.999806 0.99999
 0.429584 0.934679 0.996335 0.999806 0.99999
 0.429584 0.934679 0.996335 0.999806 0.99999
 0.429584 0.934679 0.996335 0.999806 0.99999
 0.429584 0.934679 0.996335 0.999806 0.99999
 0.429584 0.934679 0.996335 0.999806 0.99999
 0.429584 0.934679 0.996335 0.999806 0.99999
 0.429584 0.934679 0.996335 0.999806 0.99999
 0.429584 0.934679 0.996335 0.999806 0.99999
 0.429584 0.934679 0.996335 0.999806 0.99999
 0.429584 0.934679 0.996335 0.999806 0.99999
 0.429584 0.934679 0.996335 0.999806 0.99999
 0.429584 0.934679 0.996335 0.999806 0.99999
 0.429584 0.934679 0.996335 0.999806 0.99999
 0.429584 0.934679 0.996335 0.999806 0.99999
 0.429584 0.934679 0.996335 0.999806 0.99999
 0.429584 0.934679 0.996335 0.999806 0.99999
 0.429584 0.934679 0.996335 0.999806 0.99999
 0.429584 0.934679 0.996335 0.999806 0.99999
 0.429584 0.934679 0.996335 0.999806 0.99999
 0.429584 0.934679 0.996335 0.999806 0.99999
 0.429584 0.934679 0.996335 0.999806 0.99999
 0.429584 0.934679 0.996335 0.999806 0.99999
 0.429584 0.934679 0.996335 0.999806 0.99999
 0.429584 0.934679 0.996335 0.999806 0.99999
 0.429584 0.934679 0.996335 0.999806 0.99999
Sel_reclas
 0.666524 0.909574 0.980628 0.99609 0.999221
 0.666524 0.909574 0.980628 0.99609 0.999221
 0.666524 0.909574 0.980628 0.99609 0.999221
 0.666524 0.909574 0.980628 0.99609 0.999221
 0.666524 0.909574 0.980628 0.99609 0.999221
 0.666524 0.909574 0.980628 0.99609 0.999221
 0.666524 0.909574 0.980628 0.99609 0.999221
 0.666524 0.909574 0.980628 0.99609 0.999221
 0.666524 0.909574 0.980628 0.99609 0.999221
 0.666524 0.909574 0.980628 0.99609 0.999221
 0.666524 0.909574 0.980628 0.99609 0.999221
 0.666524 0.909574 0.980628 0.99609 0.999221
 0.666524 0.909574 0.980628 0.99609 0.999221
 0.666524 0.909574 0.980628 0.99609 0.999221
 0.666524 0.909574 0.980628 0.99609 0.999221
 0.666524 0.909574 0.980628 0.99609 0.999221
 0.666524 0.909574 0.980628 0.99609 0.999221
 0.666524 0.909574 0.980628 0.99609 0.999221
 0.666524 0.909574 0.980628 0.99609 0.999221
 0.666524 0.909574 0.980628 0.99609 0.999221
 0.666524 0.909574 0.980628 0.99609 0.999221
 0.666524 0.909574 0.980628 0.99609 0.999221
 0.666524 0.909574 0.980628 0.99609 0.999221
 0.666524 0.909574 0.980628 0.99609 0.999221
 0.666524 0.909574 0.980628 0.99609 0.999221
 0.666524 0.909574 0.980628 0.99609 0.999221
 0.666524 0.909574 0.980628 0.99609 0.999221
 0.666524 0.909574 0.980628 0.99609 0.999221
 0.666524 0.909574 0.980628 0.99609 0.999221
 0.666524 0.909574 0.980628 0.99609 0.999221
 0.666524 0.909574 0.980628 0.99609 0.999221
 0.666524 0.909574 0.980628 0.99609 0.999221
 0.666524 0.909574 0.980628 0.99609 0.999221
Sel_pelaces
 0.458969 0.810222 0.955528 0.990837 0.998166
 0.458969 0.810222 0.955528 0.990837 0.998166
 0.458969 0.810222 0.955528 0.990837 0.998166
 0.458969 0.810222 0.955528 0.990837 0.998166
 0.458969 0.810222 0.955528 0.990837 0.998166
 0.458969 0.810222 0.955528 0.990837 0.998166
 0.458969 0.810222 0.955528 0.990837 0.998166
 0.458969 0.810222 0.955528 0.990837 0.998166
 0.458969 0.810222 0.955528 0.990837 0.998166
 0.458969 0.810222 0.955528 0.990837 0.998166
 0.458969 0.810222 0.955528 0.990837 0.998166
 0.458969 0.810222 0.955528 0.990837 0.998166
 0.458969 0.810222 0.955528 0.990837 0.998166
 0.458969 0.810222 0.955528 0.990837 0.998166
 0.458969 0.810222 0.955528 0.990837 0.998166
 0.458969 0.810222 0.955528 0.990837 0.998166
 0.458969 0.810222 0.955528 0.990837 0.998166
 0.458969 0.810222 0.955528 0.990837 0.998166
 0.458969 0.810222 0.955528 0.990837 0.998166
 0.458969 0.810222 0.955528 0.990837 0.998166
 0.458969 0.810222 0.955528 0.990837 0.998166
 0.458969 0.810222 0.955528 0.990837 0.998166
 0.458969 0.810222 0.955528 0.990837 0.998166
 0.458969 0.810222 0.955528 0.990837 0.998166
 0.458969 0.810222 0.955528 0.990837 0.998166
 0.458969 0.810222 0.955528 0.990837 0.998166
 0.458969 0.810222 0.955528 0.990837 0.998166
 0.458969 0.810222 0.955528 0.990837 0.998166
 0.458969 0.810222 0.955528 0.990837 0.998166
 0.458969 0.810222 0.955528 0.990837 0.998166
 0.458969 0.810222 0.955528 0.990837 0.998166
 0.458969 0.810222 0.955528 0.990837 0.998166
 0.458969 0.810222 0.955528 0.990837 0.998166
pf_obs 
 0.8446 0.082 0.0669 0.0065 0
 0.8095 0.147 0.0364 0.0071 0
 0.9664 0.0169 0.016 0.0007 0
 0.9276 0.0648 0.0075 0.0001 0
 0.7033 0.2144 0.0806 0.0017 0
 0.9318 0.0425 0.0243 0.0014 0
 0.5671 0.3108 0.0964 0.0239 0.0018
 0.0768 0.2599 0.5324 0.112 0.0189
 0.490249 0.384438 0.106611 0.0170017 0.00170017
 0.7925 0.1577 0.0466 0.003 0.0002
 0.840416 0.127587 0.0312969 0.00059994 9.999e-05
 0.8084 0.0986 0.0794 0.0134 0.0002
 0.7335 0.1905 0.0724 0.0035 0.0001
 0.4001 0.4547 0.1325 0.0127 0
 0.49795 0.308269 0.164784 0.0264974 0.00249975
 0.9179 0.0499 0.0305 0.0017 0
 0.2467 0.6533 0.0926 0.0074 0
 0.9418 0.0223 0.034 0.0019 0
 0.707729 0.231977 0.0356964 0.0245975 0
 0.517169 0.277429 0.184464 0.0207286 0.00020938
 0.811772 0.124168 0.05621 0.00726502 0.000585176
 0.764997 0.148141 0.077277 0.00933861 0.000247198
 0.163321 0.427699 0.378323 0.0303852 0.000271297
 0.753843 0.0900009 0.118128 0.0371064 0.000921714
 0.721811 0.176058 0.0630433 0.0369309 0.00215725
 0.143369 0.312575 0.442814 0.0836902 0.0175525
 0.692698 0.0596174 0.167031 0.0765114 0.00414204
 0.394062 0.376323 0.152708 0.0712218 0.00568511
 0.125707 0.32114 0.495352 0.0537591 0.00404204
 0.23352 0.215282 0.420074 0.123614 0.00750983
 0.796117 0.104755 0.0508955 0.0450114 0.00322123
 0.162477 0.292055 0.404252 0.121198 0.0200186
 0 0 0 0 0
pf_pred 
 0.394275 0.207501 0.354166 0.0440569 1.27981e-06
 0.537717 0.288108 0.0628491 0.0990569 0.0122689
 0.621896 0.294227 0.0543491 0.0106938 0.0188337
 0.632595 0.305737 0.0490848 0.00817016 0.00441243
 0.679227 0.283803 0.031537 0.00433217 0.00110073
 0.9264 0.0636913 0.00887163 0.00088508 0.000151556
 0.279245 0.700382 0.0178459 0.00226412 0.000263189
 0.353368 0.364955 0.274614 0.00619239 0.000870991
 0.638974 0.205453 0.0906715 0.0632803 0.00162089
 0.797794 0.176114 0.0156904 0.00608056 0.00432101
 0.881003 0.114193 0.00428546 0.000313712 0.000205644
 0.841646 0.150192 0.00785701 0.000271426 3.27416e-05
 0.545666 0.428449 0.0246857 0.00115495 4.44341e-05
 0.530956 0.367086 0.0966974 0.00501796 0.000242395
 0.951168 0.0452292 0.00297351 0.000597534 3.20147e-05
 0.928626 0.0704772 0.000839251 4.77642e-05 1.00315e-05
 0.302516 0.68251 0.0148078 0.000155229 1.06138e-05
 0.925493 0.041763 0.0321097 0.000627587 6.98819e-06
 0.662046 0.329951 0.00470858 0.00323131 6.34583e-05
 0.74743 0.221762 0.0301689 0.000376838 0.000261739
 0.695944 0.275398 0.0255035 0.00308916 6.49584e-05
 0.751073 0.216135 0.0299742 0.00250955 0.00030864
 0.215701 0.709213 0.0661186 0.00820149 0.000766328
 0.755006 0.103561 0.128977 0.0109747 0.00148101
 0.656897 0.308096 0.0156155 0.0176918 0.0016996
 0.324116 0.564144 0.101258 0.00468861 0.00579326
 0.742764 0.140791 0.098509 0.0162601 0.00167522
 0.679116 0.28557 0.020152 0.0128372 0.0023251
 0.35558 0.543283 0.0908462 0.00588462 0.00440655
 0.594419 0.232392 0.147795 0.0228207 0.0025736
 0.589461 0.325305 0.0506099 0.029568 0.00505661
 0.399396 0.484506 0.0939142 0.0132023 0.00898143
 0.766432 0.147211 0.0707869 0.0126062 0.00296359
pobs_RECLAS
 0 0 0 0 0
 0 0 0 0 0
 0 0 0 0 0
 0 0 0 0 0
 0 0 0 0 0
 0 0 0 0 0
 0 0 0 0 0
 0 0 0 0 0
 0 0 0 0 0
 0 0 0 0 0
 0.991045 0.00858322 0.000360255 1.14367e-05 0
 0.934742 0.0480273 0.0164251 0.00080598 0
 0.827803 0.169806 0.00239088 0 0
 0.941827 0.0461693 0.0120037 0 0
 0.791401 0.0380133 0.147996 0.0225897 0
 0.846168 0.0940531 0.0597789 0 0
 0.134021 0.677848 0.182769 0.00536245 0
 0.80878 0.0450904 0.141981 0.00414843 0
 0.846168 0.0940531 0.0597789 0 0
 0.905697 0.0802665 0.012482 0.00150086 5.37128e-05
 0.989698 0.0102097 9.19794e-05 0 0
 0.975433 0.0193895 0.00387452 0.00125025 5.28907e-05
 0.303575 0.632131 0.0575291 0.00676475 0
 0.966965 0.00978017 0.0227588 0.000495775 0
 0.843318 0.132988 0.00938335 0.0141283 0.000182051
 0.564624 0.303363 0.111486 0.0197234 0.00080311
 0.826376 0.0876187 0.0782897 0.00655872 0.00115652
 0.89761 0.0855135 0.0140674 0.00269457 0.000114338
 0.34875 0.467042 0.161289 0.0227151 0.000203297
 0.318654 0.224769 0.449479 0.00709798 0
 0.937255 0.0296025 0.0250945 0.00804832 0
 0.456809 0.399803 0.12412 0.0192676 0
 0.883104 0.0372192 0.0704036 0.00927362 0
ppred_RECLAS
 0.514168 0.165421 0.284583 0.0358274 1.04382e-06
 0.664709 0.208246 0.0454939 0.0725401 0.0090109
 0.737541 0.203957 0.0377275 0.00750989 0.013265
 0.770399 0.191549 0.0302163 0.00508264 0.00275285
 0.785346 0.189878 0.021098 0.00293175 0.000747086
 0.9547 0.0391713 0.00548058 0.000553247 9.50131e-05
 0.409227 0.574134 0.0145544 0.00186736 0.0002177
 0.46905 0.298449 0.226599 0.00517153 0.000729549
 0.762623 0.135236 0.0592529 0.0418147 0.00107417
 0.89648 0.090514 0.00778775 0.0030469 0.00217131
 0.924057 0.072851 0.00275372 0.000204002 0.000134121
 0.902523 0.0924568 0.00483059 0.000168797 2.04212e-05
 0.672515 0.308791 0.0178177 0.000843353 3.25411e-05
 0.760246 0.190347 0.0468397 0.00244929 0.000118636
 0.973478 0.0245844 0.00159562 0.000324119 1.74158e-05
 0.959207 0.0402831 0.000476478 2.74213e-05 5.77577e-06
 0.426404 0.561267 0.0121911 0.000129288 8.86595e-06
 0.955993 0.0246835 0.0189449 0.000374531 4.18259e-06
 0.78207 0.21279 0.0030102 0.00208866 4.11372e-05
 0.838954 0.141445 0.0191892 0.000242428 0.000168874
 0.79562 0.185055 0.0171754 0.00210478 4.43887e-05
 0.84021 0.138745 0.0192162 0.00162737 0.000200728
 0.314705 0.619311 0.0580197 0.00728229 0.00068244
 0.837871 0.0683361 0.0854415 0.00735616 0.000995611
 0.76139 0.214006 0.0109017 0.012498 0.00120417
 0.44109 0.46588 0.084196 0.0039453 0.00488918
 0.828665 0.0935217 0.0657053 0.0109737 0.0011339
 0.77763 0.197643 0.0140353 0.00904756 0.00164354
 0.474244 0.442604 0.0745901 0.00488978 0.00367238
 0.70677 0.167411 0.107178 0.0167472 0.00189422
 0.709751 0.229664 0.0357973 0.0211586 0.00362907
 0.522551 0.384462 0.0750296 0.0106739 0.00728274
 0.856081 0.0908689 0.0433931 0.00781413 0.00184236
pobs_PELACES
 0 0 0 0 0
 0 0 0 0 0
 0 0 0 0 0
 0 0 0 0 0
 0 0 0 0 0
 0 0 0 0 0
 0 0 0 0 0
 0 0 0 0 0
 0 0 0 0 0
 0 0 0 0 0
 0 0 0 0 0
 0 0 0 0 0
 0 0 0 0 0
 0 0 0 0 0
 0 0 0 0 0
 0 0 0 0 0
 0.505614 0.472636 0.0217494 0 0
 0 0 0 0 0
 0.443492 0.261883 0.143347 0.151278 0
 0.227955 0.32914 0.350689 0.0885471 0.00366901
 0.970185 0.0296113 0.000203453 0 0
 0.997202 0.00247181 0.000326279 0 0
 0.445219 0.490057 0.0546422 0.010081 0
 0.90214 0.0892962 0.00764917 0.000914606 0
 0 0 0 0 0
 0.581667 0.319106 0.0959925 0.00289975 0.000334073
 0.762889 0.0836404 0.116647 0.0363945 0.000428098
 0.88444 0.0763242 0.0277011 0.0115352 0
 0.521256 0.241999 0.230069 0.00667565 0
 0.616807 0.101726 0.260614 0.0208532 0
 0.833518 0.0704572 0.0857862 0.0102388 0
 0.697417 0.212968 0.0787535 0.0105354 0.000325836
 0 0 0 0 0
ppred_PELACES
 0.455918 0.175328 0.326778 0.0419748 1.22807e-06
 0.637934 0.217851 0.0509839 0.0828918 0.0103398
 0.717086 0.216015 0.0428023 0.00868749 0.0154092
 0.785412 0.177493 0.0293364 0.00502535 0.00273301
 0.772178 0.199861 0.0237375 0.00336295 0.000860544
 0.948472 0.0440876 0.00663921 0.000683562 0.000117885
 0.405196 0.577001 0.0155336 0.00203118 0.000237781
 0.41095 0.319001 0.263055 0.00612628 0.000867882
 0.758391 0.133743 0.0620756 0.0446396 0.00115149
 0.915143 0.0738311 0.00655192 0.0026082 0.00186624
 0.911268 0.0848284 0.00346864 0.00026216 0.000173083
 0.897255 0.097114 0.00541484 0.000192891 2.34332e-05
 0.652277 0.326527 0.0201843 0.000974147 3.77449e-05
 0.830994 0.134027 0.0331338 0.00176028 8.5602e-05
 0.974789 0.0232741 0.00159035 0.000329078 1.77552e-05
 0.959209 0.0402509 0.000504638 2.9595e-05 6.25948e-06
 0.406034 0.580313 0.0134966 0.000145943 1.00499e-05
 0.952563 0.0258478 0.0211577 0.000426392 4.78158e-06
 0.785138 0.209469 0.00313363 0.00221543 4.38147e-05
 0.832545 0.145911 0.0210831 0.000271503 0.000189914
 0.77842 0.199219 0.0198304 0.00247806 5.24797e-05
 0.831516 0.144978 0.021427 0.00184985 0.000229121
 0.28566 0.64064 0.0646451 0.00827589 0.000778805
 0.814757 0.0747354 0.100485 0.00882326 0.00119918
 0.734545 0.235902 0.0129477 0.0151402 0.00146487
 0.39863 0.494412 0.096594 0.00461758 0.00574636
 0.80546 0.102506 0.0774695 0.0131959 0.00136923
 0.748443 0.221381 0.0169765 0.0111636 0.00203646
 0.427264 0.475714 0.0868346 0.00580796 0.00438034
 0.665374 0.184409 0.127572 0.0203356 0.00230977
 0.687026 0.243537 0.0406896 0.0245238 0.00422384
 0.478592 0.412987 0.0871151 0.0126431 0.00866265
 0.853539 0.0903585 0.0457256 0.00839089 0.00198655
pobs_pel_tallas
 0 0 0 0 0 0 0 0 0 0 0 0 0 0 0 0 0 0 0 0 0 0 0 0 0 0
 0 0 0 0 0 0 0 0 0 0 0 0 0 0 0 0 0 0 0 0 0 0 0 0 0 0
 0 0 0 0 0 0 0 0 0 0 0 0 0 0 0 0 0 0 0 0 0 0 0 0 0 0
 0 0 0 0 0 0 0 0 0 0 0 0 0 0 0 0 0 0 0 0 0 0 0 0 0 0
 0 0 0 0 0 0 0 0 0 0 0 0 0 0 0 0 0 0 0 0 0 0 0 0 0 0
 0 0 0 0 0 0 0 0 0 0 0 0 0 0 0 0 0 0 0 0 0 0 0 0 0 0
 0 0 0 0 0 0 0 0 0 0 0 0 0 0 0 0 0 0 0 0 0 0 0 0 0 0
 0 0 0 0 0 0 0 0 0 0 0 0 0 0 0 0 0 0 0 0 0 0 0 0 0 0
 0 0 0 0 0 0 0 0 0 0 0 0 0 0 0 0 0 0 0 0 0 0 0 0 0 0
 0 0 0 0 0 0 0 0 0 0 0 0 0 0 0 0 0 0 0 0 0 0 0 0 0 0
 0 0 0 0 0 0 0 0 0 0 0 0 0 0 0 0 0 0 0 0 0 0 0 0 0 0
 0 0 0 0 0 0 0 0 0 0 0 0 0 0 0 0 0 0 0 0 0 0 0 0 0 0
 0.00862536 0 0 0.000197151 0.00414017 0.0128641 0.00837892 0.0270097 0.101434 0.158115 0.152841 0.127902 0.109271 0.109419 0.0830992 0.0579132 0.0238553 0.00714673 0.00463305 0.00128148 0.00103504 0.000492878 0.000147863 0.000147863 4.92878e-05 0
 0 0 0 0 0 0 0 0 0 0 0 0 0 0 0 0 0 0 0 0 0 0 0 0 0 0
 0 0 0 0 0 0 0 0.0054083 0.00873648 0.0413646 0.0450493 0.0745869 0.0622846 0.0627006 0.0613931 0.0827291 0.12552 0.122667 0.0946155 0.0697135 0.0546179 0.0294188 0.0215738 0.0213955 0.0102223 0.00600262
 0 0 0 0 0.00359764 0.0251062 0.0480494 0.140153 0.205849 0.193036 0.1447 0.116669 0.0760912 0.0342217 0.00950174 0.001854 0.000860785 0 0 0 0.000165536 0 0.000143464 0 0 0
 0 0 0 0 0 0 0 0.000145254 0.000435761 0.0275982 0.070085 0.0708112 0.156366 0.174668 0.174014 0.160142 0.0824315 0.0480064 0.0283245 0.00493863 0.00203355 0 0 0 0 0
 0 0 0 0 0 0 0 0 0 0 0 0 0 0 0 0 0 0 0 0 0 0 0 0 0 0
 0 0 1.00437e-05 0.000401748 0.00122533 0.00171747 0.00176769 0.0269171 0.070346 0.194647 0.189555 0.159765 0.064822 0.0314167 0.0384472 0.0292271 0.0345202 0.0313363 0.0194345 0.0106764 0.0143323 0.0359363 0.0279516 0.0138201 0.00172751 0
 0 0.0021121 0.0136068 0.0755702 0.200478 0.177729 0.0527432 0.0373336 0.0318909 0.0142505 0.0149659 0.0166563 0.0217959 0.0798694 0.0677717 0.0528807 0.04013 0.0224614 0.0357745 0.0225083 0.00881397 0.00855152 0.00135912 0.000746735 0 0
 0 0 0 0 5.4009e-05 0.00500934 0.000945158 0.0243581 0.138947 0.33067 0.221406 0.137944 0.0707744 0.0437923 0.0131692 0.00525238 0.0047753 0.00276346 9.45158e-05 9.00151e-06 2.25038e-05 9.00151e-06 4.50075e-06 0 0 0
 0.000866109 0.00284123 0.00948549 0.0512746 0.133035 0.25785 0.225252 0.132002 0.0553304 0.0519788 0.0540692 0.017754 0.00435017 0.00159236 0.00146478 0.000404838 0.000125132 0.000115318 0.000107957 0.000100596 0 0 0 0 0 0
 0 0 0 0 0.00144013 0.00171154 0.00461396 0.0210425 0.0478622 0.0707936 0.0888783 0.103762 0.0637923 0.0337046 0.0602308 0.124433 0.169614 0.0934646 0.0462172 0.0250306 0.0313229 0.00938855 0.002487 0.000210481 0 0
 0 0.00764035 0.051015 0.0998891 0.058973 0.0496711 0.0374665 0.0718981 0.12319 0.153886 0.159021 0.0857701 0.0377988 0.023471 0.0147837 0.00900784 0.00315554 0.000888139 0.00291439 0.00214683 0.00393193 0.00274676 0.000635225 9.99891e-05 0 0
 0 0 0 0 0 0 0 0 0 0 0 0 0 0 0 0 0 0 0 0 0 0 0 0 0 0
 0 0 0 0 0 0 0 0 0 0 0 0 0 0 0 0 0 0 0 0 0 0 0 0 0 0
 0 0 0 0 0 0 0 0 0 0 0 0 0 0 0 0 0 0 0 0 0 0 0 0 0 0
 0 0 0 0 0 0 0 0 0 0 0 0 0 0 0 0 0 0 0 0 0 0 0 0 0 0
 0 0 0 0 0 0 0 0 0 0 0 0 0 0 0 0 0 0 0 0 0 0 0 0 0 0
 0 0 0 0 0 0 0 0 0 0 0 0 0 0 0 0 0 0 0 0 0 0 0 0 0 0
 0 0 0 0 0 0 0 0 0 0 0 0 0 0 0 0 0 0 0 0 0 0 0 0 0 0
 0 0 0 0 0 0 0 0 0 0 0 0 0 0 0 0 0 0 0 0 0 0 0 0 0 0
 0 0 0 0 0 0 0 0 0 0 0 0 0 0 0 0 0 0 0 0 0 0 0 0 0 0
ppred_pel_tallas
 1.13685e-16 3.75534e-05 0.000365033 0.00242577 0.0110272 0.0343098 0.0731014 0.106697 0.106715 0.0731865 0.0345971 0.011863 0.00454672 0.00507138 0.00919924 0.0157314 0.0240149 0.0330263 0.0416515 0.0492348 0.0556836 0.0609625 0.0644985 0.065173 0.0619949 0.054886
 1.1159e-16 5.25458e-05 0.000510764 0.00339421 0.0154296 0.0480073 0.102285 0.149293 0.149314 0.102388 0.048353 0.0164291 0.0059065 0.00600659 0.0105252 0.0174137 0.0253194 0.0323763 0.0367532 0.0376978 0.0360056 0.0334398 0.0315532 0.0308296 0.0306741 0.0300419
 1.0477e-16 5.90654e-05 0.000574137 0.00381534 0.017344 0.0539638 0.114976 0.167816 0.167836 0.115078 0.0543058 0.0183323 0.00629716 0.00599573 0.0103669 0.0170753 0.0246642 0.0311723 0.0346437 0.0341881 0.030505 0.0253861 0.0206098 0.0170906 0.0147798 0.0131245
 1.01859e-16 6.46934e-05 0.000628843 0.00417888 0.0189966 0.0591056 0.125931 0.183804 0.183821 0.126015 0.0593864 0.0198078 0.0062153 0.00507536 0.00851238 0.0139779 0.0201468 0.0253709 0.028013 0.027314 0.023834 0.0190564 0.0144866 0.0109524 0.00850924 0.00679583
 1.0122e-16 6.36033e-05 0.000618247 0.00410847 0.0186765 0.0581096 0.123809 0.180708 0.180727 0.123904 0.0584255 0.0195887 0.00639787 0.00561461 0.00954835 0.0156733 0.0225445 0.0282911 0.0310485 0.0299515 0.0256434 0.0198369 0.0142945 0.0100223 0.00713851 0.00525662
 1.00292e-16 7.81244e-05 0.000759397 0.00504646 0.0229405 0.0713763 0.152075 0.221959 0.221963 0.152096 0.0714461 0.0231419 0.00555197 0.00186295 0.00217401 0.00347041 0.00499139 0.00627542 0.00690914 0.0067013 0.00579024 0.00454658 0.00335 0.00241474 0.00176414 0.00131647
 1.0084e-16 3.33756e-05 0.000324423 0.00215591 0.00980047 0.0304932 0.064971 0.0948388 0.0948943 0.0652422 0.0314034 0.0124279 0.00874571 0.0146923 0.0272683 0.0448899 0.0643395 0.080228 0.0870856 0.0823894 0.0681032 0.0494335 0.0318383 0.0185807 0.0102145 0.00560628
 1.08435e-16 3.38495e-05 0.000329029 0.00218652 0.0099396 0.030926 0.0658922 0.0961781 0.0962091 0.0660442 0.0314374 0.011421 0.00592091 0.00853378 0.0157694 0.026414 0.038967 0.0509036 0.0595828 0.0636409 0.0635754 0.0609863 0.0571987 0.0524995 0.0464825 0.0389283
 1.06498e-16 6.24677e-05 0.000607208 0.00403511 0.018343 0.0570721 0.121599 0.177479 0.177492 0.121662 0.0572852 0.0189599 0.00558756 0.00400996 0.00656585 0.0108647 0.0159049 0.0205585 0.0237244 0.0249177 0.0245314 0.0234831 0.0225391 0.0218671 0.0211014 0.0197473
 1.00786e-16 7.53791e-05 0.000732712 0.00486913 0.0221343 0.0688682 0.146731 0.21416 0.214167 0.146766 0.0689848 0.0224712 0.00571428 0.00257681 0.00357512 0.00578456 0.00831055 0.01042 0.0114228 0.0110054 0.00941683 0.00730383 0.00532858 0.00386336 0.00293743 0.00238028
 1.00178e-16 7.50599e-05 0.000729609 0.00484851 0.0220406 0.0685766 0.14611 0.213254 0.213262 0.14615 0.0687105 0.022427 0.00581774 0.00284314 0.0040822 0.00661194 0.00947513 0.0118256 0.012857 0.0121984 0.0101361 0.00742974 0.00487405 0.0029416 0.00171007 0.00101397
 1.00205e-16 7.39057e-05 0.00071839 0.00477395 0.0217017 0.0675221 0.143863 0.209975 0.209984 0.143909 0.0676754 0.0221442 0.00588405 0.00313943 0.00466506 0.00757724 0.0108654 0.0135728 0.0147785 0.0140574 0.0117334 0.00866839 0.00576307 0.00355111 0.00211958 0.0012839
 1.00771e-16 5.37273e-05 0.000522248 0.00347052 0.0157765 0.0490868 0.104586 0.152652 0.152684 0.104739 0.0496022 0.0172646 0.00720375 0.00866464 0.0154961 0.0254762 0.0365598 0.0456894 0.0497838 0.0474155 0.0396685 0.0294315 0.0197186 0.0123111 0.00749425 0.00464897
 1.01182e-16 6.84479e-05 0.000665338 0.0044214 0.0200991 0.0625357 0.133239 0.19447 0.194483 0.133303 0.0627481 0.0207127 0.00596273 0.00403324 0.00647387 0.0106178 0.0153424 0.0194024 0.0215693 0.021262 0.0188693 0.0154523 0.0120806 0.00933229 0.00724847 0.00560834
 1.00088e-16 8.02921e-05 0.000780467 0.00518648 0.023577 0.0733568 0.156294 0.228117 0.228119 0.156305 0.0733935 0.0236831 0.00545266 0.00136107 0.0011816 0.00182276 0.00260947 0.00326335 0.00356087 0.00340064 0.00286003 0.00214424 0.00146641 0.000951168 0.000616382 0.000416146
 1.00029e-16 7.90087e-05 0.000767993 0.00510358 0.0232002 0.0721843 0.153796 0.224471 0.224475 0.153815 0.0722478 0.0233834 0.00556306 0.00176965 0.00197726 0.00313301 0.00448027 0.00558061 0.00604674 0.00570215 0.00468496 0.00336126 0.0021159 0.00118054 0.000596269 0.000283887
 1.00555e-16 3.34446e-05 0.000325094 0.00216036 0.00982074 0.0305563 0.0651054 0.0950349 0.0950907 0.0653781 0.0314715 0.0124629 0.00878705 0.0147727 0.0274174 0.0451301 0.0646708 0.0806128 0.0874479 0.0826341 0.0681479 0.0492356 0.0314055 0.0179631 0.00948682 0.00484871
 1.00661e-16 7.84614e-05 0.000762673 0.00506823 0.0230394 0.0716842 0.152731 0.222916 0.222918 0.152743 0.0717257 0.0231594 0.00537075 0.00142729 0.00135297 0.00214437 0.00315502 0.00411938 0.00481841 0.00514107 0.00512775 0.00490876 0.0045927 0.0042043 0.00371202 0.00309891
 1.00374e-16 6.46708e-05 0.000628624 0.00417743 0.01899 0.059085 0.125888 0.183741 0.183761 0.125986 0.0594153 0.0199436 0.00656897 0.00584245 0.00994628 0.0162874 0.0233312 0.0290765 0.0315334 0.0297888 0.0245638 0.0177611 0.0113748 0.00659637 0.00362243 0.00202652
 1.00706e-16 6.85756e-05 0.000666579 0.00442966 0.0201366 0.0626524 0.133488 0.194833 0.194847 0.133557 0.0628832 0.0208029 0.00610217 0.00431736 0.007001 0.0114623 0.0164967 0.0207239 0.0227822 0.0220344 0.0189367 0.0147196 0.0106508 0.00745608 0.00523129 0.00372082
 1.00881e-16 6.41174e-05 0.000623244 0.00414168 0.0188275 0.0585794 0.12481 0.182168 0.182187 0.124904 0.0588941 0.0197363 0.00642224 0.00559926 0.00950715 0.0155963 0.0224146 0.0280875 0.030748 0.0295296 0.025079 0.0191213 0.0134409 0.00907011 0.00614892 0.0042987
 1.0088e-16 6.84909e-05 0.000665756 0.00442418 0.0201117 0.062575 0.133323 0.194592 0.194606 0.133391 0.0628043 0.0207739 0.00608633 0.00429415 0.00695916 0.0113954 0.0164054 0.0206205 0.0226914 0.0219885 0.0189665 0.014846 0.0108791 0.00777562 0.00561722 0.00413878
 1.02992e-16 2.35295e-05 0.000228716 0.0015199 0.00690928 0.0214977 0.0458053 0.0668671 0.0669288 0.0461068 0.0225098 0.00983198 0.00885399 0.0162314 0.0303929 0.050148 0.0720941 0.0903525 0.0989325 0.0950506 0.0807869 0.0616848 0.0434763 0.0294725 0.0201148 0.0141797
 1.04007e-16 6.71105e-05 0.000652338 0.00433502 0.0197064 0.0613138 0.130636 0.190668 0.190676 0.130672 0.061435 0.020058 0.00522449 0.00261648 0.00386294 0.00645071 0.00968282 0.0130014 0.0158568 0.0179498 0.0193204 0.0201502 0.0204744 0.0200892 0.018735 0.016366
 1.02201e-16 6.05036e-05 0.000588116 0.00390824 0.0177663 0.0552777 0.117776 0.171902 0.171925 0.117887 0.0556501 0.0188417 0.00660618 0.00647332 0.0112248 0.0184283 0.0264657 0.0331287 0.0362165 0.0347317 0.0294883 0.0225853 0.0161739 0.0114668 0.00855607 0.00687242
 1.0435e-16 3.28347e-05 0.000319165 0.00212097 0.00964164 0.029999 0.0639178 0.0932998 0.0933475 0.0641508 0.0307816 0.0119025 0.00779778 0.0127173 0.0235951 0.0389963 0.0562647 0.070939 0.0784691 0.0767181 0.0671913 0.0539414 0.041088 0.0309073 0.0235972 0.0182637
 1.03817e-16 6.63447e-05 0.000644894 0.00428555 0.0194815 0.0606142 0.129145 0.188493 0.188503 0.129194 0.0607784 0.019957 0.00548412 0.00327753 0.00511349 0.0084721 0.0124859 0.0163025 0.0190824 0.0204127 0.0204911 0.01987 0.0189931 0.0179285 0.0164727 0.0144501
 1.02011e-16 6.16483e-05 0.000599243 0.00398218 0.0181024 0.0563235 0.120004 0.175154 0.175175 0.120108 0.0566732 0.0191121 0.00651552 0.00612636 0.0105494 0.0173189 0.0248879 0.0311853 0.0341484 0.0328361 0.027998 0.0215804 0.0155782 0.0111158 0.00828563 0.00657861
 1.03952e-16 3.51932e-05 0.000342091 0.00227332 0.0103342 0.0321537 0.0685087 0.1 0.100046 0.0687328 0.0329066 0.0125089 0.00773332 0.0122653 0.0226907 0.0374851 0.0540589 0.0681064 0.075241 0.0734063 0.0640646 0.0511439 0.0386448 0.0287892 0.0217808 0.0167485
 1.06159e-16 5.4806e-05 0.000532734 0.0035402 0.0160933 0.0500722 0.106685 0.155713 0.155731 0.106772 0.0503672 0.0169474 0.00569193 0.00525583 0.00910063 0.0151563 0.0222889 0.0289907 0.0337313 0.0357598 0.0354537 0.0338654 0.0318798 0.0297077 0.0270404 0.0235679
 1.04411e-16 5.65894e-05 0.000550069 0.00365541 0.016617 0.0517017 0.110157 0.160782 0.160805 0.110271 0.0520871 0.0177305 0.00645138 0.00665664 0.011663 0.0192161 0.0277358 0.0350106 0.0388305 0.0381924 0.033894 0.0279703 0.022439 0.0183348 0.0155966 0.0135951
 1.05354e-16 3.94211e-05 0.000383187 0.00254641 0.0115757 0.0360164 0.0767382 0.11201 0.11205 0.0769329 0.0366704 0.0134652 0.00729163 0.0107491 0.0197471 0.0326379 0.0471384 0.0595399 0.0660732 0.064981 0.0575298 0.0470802 0.037008 0.029117 0.0234641 0.0192151
 1.02521e-16 7.03049e-05 0.000683388 0.00454136 0.0206443 0.0642323 0.136854 0.199744 0.199753 0.136897 0.0643763 0.0210609 0.0055896 0.00298022 0.00445737 0.00732288 0.0106943 0.0137667 0.0157613 0.0163076 0.0156293 0.0143283 0.0129527 0.01171 0.0104994 0.00914349
pSPR Fmed_Fpbrs
1   0.984292 0.6 0.325 0.984292 0.984292 0.984292
Fs Fmed_Fpbrs
0   0.01 0.371682 0.972122 0.01 0.01 0.01
SSBpbr Bo_Bmed_Bpbrs
305488  290214  285415 168018 84009.2 285415 285415 285415
Ro
88817.4
SPR SPRFo_SPRFmed_SPRFpbrs
639871 639871 629820
Fref
0
Nvult_r0
 64516.5 8382.7 3929.39 698.82 164.274
CTP_r0
 25890.8 4972.92 2391.25 425.849 100.113
YTP_r0
356418
Np
 79472.4 29236.3 10755.4 3956.7 1991.07
Nvult_p0
 50236.1 18480.8 6798.72 2501.11 1258.6
CTP_p0
 0 0 0 0 0
 0 0 0 0 0
 0 0 0 0 0
 0 0 0 0 0
 0 0 0 0 0
 0 0 0 0 0
YTP_p0
 0 0 0 0 0 0
CBA_c0
0
log_Ro
11.2143
likeval ReclasPelacesDesembMPH_pf_preclas_ppelaces_ptallas_desvR_qrecl_qpela
 23.284 17.9007 0.0615394 49.299 248.717 139.633 122.107 0 29.3393 9.07351e-05 0.000182097 0.0135921 2063.82 0 0
q_reclas_q_pelaces
3.84629 6.74219
M
1
N
 93973.6 24972.8 40435.8 5015.75 0.14568
 94771.5 28200.9 5898.3 9275.37 1148.68
 85296.1 22425.5 3971.91 779.756 1373.13
 64789 20150.2 3147.19 523.086 282.48
 40666.7 9597.81 1024.42 140.418 35.6738
 249882 9185.35 1221.64 121.574 20.8149
 43989.4 65309.1 1606.09 203.38 23.6392
 16997.7 8661.13 6165.98 138.622 19.4949
 27779.5 5376.69 2293.98 1598.1 40.9306
 33802.2 5189.21 452.717 175.25 124.53
 54156.9 3592.76 128.108 9.35213 6.12961
 154362 15747 792.234 27.3111 3.29412
 77303.6 33703.5 1861.8 86.9099 3.34326
 34684.3 18301.4 4752.14 246.418 11.9029
 71093 2115.69 134.971 27.0794 1.45074
 256145 11657.1 134.148 7.62085 1.60039
 38514 48435.6 1007.94 10.5426 0.720769
 348102 9022.63 6674.8 130.191 1.44952
 247110 74970.5 1035.44 709.341 13.9292
 258676 44511.8 5832.3 72.7047 50.493
 248687 54163.1 4804.42 580.601 12.2073
 366273 60289.5 8041.49 671.86 82.6203
 45691.4 79837.7 7102.11 878.737 82.0962
 164120 12125.3 14430.6 1224.91 165.278
 169345 42096 2035.22 2299.98 220.923
 50484.2 45243.2 7721.07 356.541 440.48
 142134 14472.7 9673.88 1592.87 164.086
 167904 36705.3 2465.45 1566.36 283.663
 60833.1 47033.3 7462.91 482.046 360.914
 89888.3 18164.6 10988.6 1692.15 190.804
 83700.1 25531.4 3806.43 2218.76 379.399
 32077.1 20061.8 3697.88 518.431 352.634
 79472.4 9167.13 4260.53 757.365 178.032
pred_Ctot
 11128.8 5856.96 9996.73 1243.56 0.036124
 22150 11867.9 2588.92 4080.41 505.387
 19997.1 9460.91 1747.6 343.859 605.598
 26289.2 12705.8 2039.86 339.533 183.371
 10321.7 4312.72 479.242 65.8324 16.7269
 47022.7 3232.88 450.311 44.9254 7.69276
 13589.1 34083.4 868.452 110.181 12.8078
 1524.63 1574.62 1184.84 26.7175 3.75796
 9125.38 2934.14 1294.91 903.724 23.1484
 16732.8 3693.78 329.086 127.532 90.6278
 7314.68 948.103 35.5808 2.60465 1.7074
 41366.8 7381.93 386.171 13.3405 1.60924
 18050.2 14172.8 816.585 38.2049 1.46985
 20924.1 14466.3 3810.69 197.75 9.5524
 26563.4 1263.12 83.0416 16.6874 0.89408
 82997.3 6299.01 75.0094 4.269 0.896579
 9170.49 20689.7 448.884 4.70563 0.321748
 95242.1 4297.81 3304.39 64.5847 0.719152
 84401.9 42064.3 600.28 411.948 8.09008
 73714.7 21871.1 2975.39 37.1653 25.8138
 55446.2 21941.1 2031.87 246.115 5.17526
 98409.4 28319.1 3927.38 328.815 40.4396
 8264.05 27171.7 2533.17 314.22 29.3599
 32343.3 4436.4 5525.17 470.14 63.4443
 30077.1 14106.7 714.979 810.047 77.8188
 7188.28 12511.6 2245.71 103.984 128.483
 27555.1 5223.09 3654.5 603.219 62.1473
 25886.5 10885.3 768.154 489.326 88.628
 7366.18 11254.6 1881.97 121.906 91.2859
 13225.5 5170.61 3288.37 507.75 57.2614
 19086.8 10533.4 1638.75 957.416 163.734
 4618.86 5603.14 1086.08 152.68 103.867
 25890.8 4972.92 2391.25 425.849 100.113
F
 0.203661 0.443122 0.472353 0.473998 0.474085
 0.441269 0.960105 1.02344 1.027 1.02719
 0.442916 0.963688 1.02726 1.03084 1.03103
 0.909601 1.97909 2.10964 2.11699 2.11738
 0.487799 1.06134 1.13135 1.1353 1.1355
 0.341858 0.743808 0.792874 0.795636 0.795782
 0.625102 1.36008 1.4498 1.45485 1.45512
 0.151007 0.328558 0.350231 0.351452 0.351516
 0.677716 1.47456 1.57183 1.57731 1.5776
 1.24161 2.70146 2.87966 2.8897 2.89023
 0.235235 0.511819 0.545581 0.547482 0.547582
 0.521702 1.13511 1.20999 1.2142 1.21442
 0.440765 0.959007 1.02227 1.02583 1.02602
 1.79691 3.90967 4.16757 4.18209 4.18286
 0.808074 1.75819 1.87417 1.8807 1.88105
 0.66551 1.448 1.54352 1.5489 1.54918
 0.451285 0.981897 1.04667 1.05031 1.05051
 0.535401 1.16491 1.24176 1.24608 1.24631
 0.714081 1.55368 1.65617 1.66194 1.66225
 0.563576 1.22622 1.3071 1.31166 1.3119
 0.41704 0.907386 0.967242 0.970612 0.97079
 0.523383 1.13876 1.21388 1.21811 1.21834
 0.326616 0.710644 0.757521 0.760161 0.7603
 0.360648 0.784691 0.836453 0.839367 0.839521
 0.319885 0.695999 0.741911 0.744495 0.744632
 0.249393 0.542623 0.578418 0.580433 0.580539
 0.353846 0.769891 0.820677 0.823536 0.823687
 0.272535 0.592977 0.632092 0.634295 0.634411
 0.20866 0.453998 0.483946 0.485632 0.485721
 0.258658 0.562784 0.599908 0.601998 0.602108
 0.428421 0.93215 0.99364 0.997101 0.997284
 0.252519 0.549426 0.585669 0.58771 0.587817
 0.670301 1.45843 1.55463 1.56005 1.56033
YTP_r0W_actual
 195217 86777.4 57557.4 13337.6 3528.98
YTP_p0W_proyectada
 0 0 0 0 0
 0 0 0 0 0
 0 0 0 0 0
 0 0 0 0 0
 0 0 0 0 0
 0 0 0 0 0
CTP_r0_actual
 25890.8 4972.92 2391.25 425.849 100.113
CTP_p0_proyectada
 0 0 0 0 0
 0 0 0 0 0
 0 0 0 0 0
 0 0 0 0 0
 0 0 0 0 0
 0 0 0 0 0
Wmedp
 7.54 17.45 24.07 31.32 35.25
Frms_r0
 0.670301 1.45843 1.55463 1.56005 1.56033
Zrms_r0
 1.6703 2.45843 2.55463 2.56005 2.56033
nmprior
 7.29 8.9 8.7 0
nm_flota  nm_reclas  nm_pelaces    nm_pelaL
inf 16.2125 8.44889 19.839
cv_recla  cv_pelaces  cv_mph
0.417887 0.463475 0.562958
 ------------------------------------------------
Talla a la edad & desviaci?n 
 8 13.2811 15.8009 17.003 17.5766
 0.8 1.32811 1.58009 1.7003 1.75766
