years
 1991 1992 1993 1994 1995 1996 1997 1998 1999 2000 2001 2002 2003 2004 2005 2006 2007 2008 2009 2010 2011 2012 2013 2014 2015 2016 2017 2018 2019 2020 2021 2022 2023
reclasobs
 0 0 0 0 0 0 0 0 0 252601 567819 844713 477998 351125 339783 2.1784e+06 2.13404e+06 4.81314e+06 1.55562e+06 2.62356e+06 3.21686e+06 3.843e+06 1.13348e+06 3.07943e+06 1.97215e+06 2.03268e+06 2.025e+06 2.42433e+06 2.27542e+06 1.05018e+06 2.36338e+06 3.18982e+06 1.53035e+06
reclaspred
 3.10925e+06 1.76194e+06 927042 980297 1.02297e+06 1.50031e+06 1.04388e+06 988761 739007 575139 624742 730682 580629 323306 605325 1.25204e+06 1.29563e+06 2.14258e+06 1.84988e+06 1.72557e+06 3.24548e+06 2.63233e+06 2.16959e+06 3.08864e+06 2.41628e+06 2.17344e+06 2.49988e+06 2.72903e+06 2.43338e+06 1.86234e+06 1.72233e+06 1.70214e+06 1.63778e+06
pelacesobs
 0 0 0 0 0 0 0 0 0 0 0 0 0 0 0 552880 188675 0 991730 2.46772e+06 1.41603e+06 1.21717e+06 2.29649e+06 1.80582e+06 0 1.4828e+06 1.56532e+06 1.57751e+06 1.42118e+06 867257 1.10002e+06 1.06204e+06 0
pelacespred
 1.70757e+06 1.09049e+06 576712 497375 528877 806173 548846 600665 451741 339369 367986 370655 314804 180221 360379 617625 631209 1.16222e+06 1.06619e+06 892429 1.65872e+06 1.50373e+06 1.21599e+06 1.86372e+06 1.4152e+06 1.25731e+06 1.65412e+06 1.63183e+06 1.30365e+06 1.14923e+06 963163 936864 914038
mphobs
 0 0 0 0 0 0 0 0 0 0 0 0 498337 0 5186 125008 0 168611 109162 213762 579715 649985 157893 87575 83554 210694 70296 0 107559 103333 445601 22526 28222
mphpred
 519462 350696 177708 101979 121097 137892 174227 124285 111051 82580.3 58417.6 82604.3 88398.7 55341.7 26599.1 68514.9 165134 166083 222243 329787 443097 551209 108486 94038.9 126825 104611 91308.6 97818.1 136123 109453 73117.5 76486.4 52319.1
desembarqueobs
 494567 514787 250237 358949 120608 361735 552515 73892 212993 205616 52469 317467 293654 387597 252695 516296 358380 742168 942051 627588 828172 859565 418607 520667 417249 300574 415391 372974 316634 284311 391294 218835 356480
desembarquepred
 494570 513101 251117 358976 120612 361756 552576 73895.1 213030 205650 52470.4 317499 293823 388047 252686 516281 358409 742142 941924 627478 828241 859628 418634 520708 417248 300585 415406 372970 316626 284296 391314 218849 356495
Reclutas
 256424 129834 171679 285762 242190 360382 160193 85613.1 75406.7 99876.7 198204 200641 100120 58284.1 182642 613362 154399 693301 546999 558026 716552 896749 200529 557476 538064 222656 502208 609283 239252 219553 285898 158356 378598
log_desv_Rt
 0.00164401 -0.678932 -0.39956 0.109972 -0.0554685 0.341974 -0.468809 -1.09535 -1.22229 -0.941253 -0.255893 -0.243673 -0.93882 -1.47986 -0.337663 0.873767 -0.505646 0.996275 0.759257 0.779216 1.02926 1.25359 -0.244232 0.77823 0.742789 -0.13956 0.673826 0.867094 -0.0676702 -0.153594 0.110446 -0.480346 0.391286
SSB
 4.91938e+06 3.32115e+06 1.68292e+06 965757 1.14681e+06 1.30586e+06 1.64995e+06 1.177e+06 1.05167e+06 782048 553223 782275 805008 515122 245180 631806 1.56385e+06 1.57283e+06 2.16174e+06 1.8149e+06 2.49258e+06 3.22149e+06 3.05167e+06 2.5595e+06 3.26284e+06 2.83915e+06 2.34966e+06 2.43416e+06 3.49841e+06 2.66476e+06 1.99507e+06 2.14296e+06 1.36354e+06
BT
 6.47313e+06 4.37647e+06 2.29981e+06 2.0646e+06 1.96751e+06 3.1592e+06 2.45107e+06 2.18778e+06 1.8134e+06 1.40049e+06 1.34934e+06 1.58241e+06 1.3824e+06 1.04625e+06 1.52806e+06 2.6218e+06 2.51834e+06 4.76366e+06 4.70153e+06 3.72328e+06 6.51854e+06 6.15547e+06 4.66998e+06 7.07574e+06 5.40346e+06 4.71312e+06 6.27505e+06 6.13221e+06 4.87292e+06 4.33787e+06 3.77097e+06 3.49652e+06 3.5524e+06
Ftot
 0.0911039 0.16233 0.156858 0.245527 0.0750154 0.165332 0.309606 0.0466924 0.181331 0.222769 0.0614523 0.282273 0.304986 0.726891 0.351382 0.33065 0.168378 0.25023 0.337639 0.249702 0.173557 0.216328 0.114338 0.120158 0.10987 0.0846038 0.11779 0.100912 0.0752551 0.093452 0.151465 0.0780363 0.155657
BD_Bspro_t
 0.985529 0.896523 0.783657 0.727372 0.736518 0.792881 0.777073 0.672367 0.726072 0.70394 0.689179 0.814884 0.718629 0.571876 0.399019 0.619619 0.716014 0.700113 0.714139 0.649998 0.676156 0.724314 0.739348 0.739314 0.805158 0.819247 0.823157 0.841864 0.876067 0.84712 0.82208 0.819071 0.818039
BD_Bspro
 2.6673 1.80073 0.912482 0.523635 0.6218 0.708039 0.894607 0.638171 0.570216 0.424027 0.299958 0.424151 0.436477 0.2793 0.132937 0.342566 0.84792 0.852791 1.1721 0.984039 1.35148 1.7467 1.65462 1.38777 1.76912 1.53939 1.27399 1.31981 1.89685 1.44484 1.08173 1.16192 0.739311
BD_Bo
 2.4666 1.66524 0.843825 0.484236 0.575015 0.654765 0.827296 0.590154 0.527312 0.392123 0.277389 0.392237 0.403635 0.258285 0.122935 0.316791 0.784121 0.788626 1.08391 0.909998 1.24979 1.61527 1.53012 1.28335 1.636 1.42357 1.17813 1.2205 1.75412 1.33613 1.00034 1.07449 0.683684
BD_Brms
 2.64453 1.78536 0.904692 0.519165 0.616492 0.701995 0.88697 0.632723 0.565348 0.420408 0.297398 0.42053 0.43275 0.276915 0.131802 0.339642 0.840681 0.845511 1.16209 0.975638 1.33994 1.73179 1.64049 1.37592 1.75401 1.52625 1.26311 1.30854 1.88065 1.4325 1.07249 1.152 0.732999
Sel_flota
 0.546251 1 1 1 1
 0.546251 1 1 1 1
 0.546251 1 1 1 1
 0.546251 1 1 1 1
 0.546251 1 1 1 1
 0.546251 1 1 1 1
 0.546251 1 1 1 1
 0.546251 1 1 1 1
 0.546251 1 1 1 1
 0.546251 1 1 1 1
 0.546251 1 1 1 1
 0.546251 1 1 1 1
 0.546251 1 1 1 1
 0.546251 1 1 1 1
 0.546251 1 1 1 1
 0.546251 1 1 1 1
 0.546251 1 1 1 1
 0.546251 1 1 1 1
 0.546251 1 1 1 1
 0.546251 1 1 1 1
 0.546251 1 1 1 1
 0.546251 1 1 1 1
 0.546251 1 1 1 1
 0.546251 1 1 1 1
 0.546251 1 1 1 1
 0.546251 1 1 1 1
 0.546251 1 1 1 1
 0.546251 1 1 1 1
 0.546251 1 1 1 1
 0.546251 1 1 1 1
 0.546251 1 1 1 1
 0.546251 1 1 1 1
 0.546251 1 1 1 1
Sel_reclas
 1 1 1 1 1
 1 1 1 1 1
 1 1 1 1 1
 1 1 1 1 1
 1 1 1 1 1
 1 1 1 1 1
 1 1 1 1 1
 1 1 1 1 1
 1 1 1 1 1
 1 1 1 1 1
 1 1 1 1 1
 1 1 1 1 1
 1 1 1 1 1
 1 1 1 1 1
 1 1 1 1 1
 1 1 1 1 1
 1 1 1 1 1
 1 1 1 1 1
 1 1 1 1 1
 1 1 1 1 1
 1 1 1 1 1
 1 1 1 1 1
 1 1 1 1 1
 1 1 1 1 1
 1 1 1 1 1
 1 1 1 1 1
 1 1 1 1 1
 1 1 1 1 1
 1 1 1 1 1
 1 1 1 1 1
 1 1 1 1 1
 1 1 1 1 1
 1 1 1 1 1
Sel_pelaces
 1 1 1 1 1
 1 1 1 1 1
 1 1 1 1 1
 1 1 1 1 1
 1 1 1 1 1
 1 1 1 1 1
 1 1 1 1 1
 1 1 1 1 1
 1 1 1 1 1
 1 1 1 1 1
 1 1 1 1 1
 1 1 1 1 1
 1 1 1 1 1
 1 1 1 1 1
 1 1 1 1 1
 1 1 1 1 1
 1 1 1 1 1
 1 1 1 1 1
 1 1 1 1 1
 1 1 1 1 1
 1 1 1 1 1
 1 1 1 1 1
 1 1 1 1 1
 1 1 1 1 1
 1 1 1 1 1
 1 1 1 1 1
 1 1 1 1 1
 1 1 1 1 1
 1 1 1 1 1
 1 1 1 1 1
 1 1 1 1 1
 1 1 1 1 1
 1 1 1 1 1
pf_obs 
 0.8446 0.082 0.0669 0.0065 0
 0.8095 0.147 0.0364 0.0071 0
 0.9664 0.0169 0.016 0.0007 0
 0.9276 0.0648 0.0075 0.0001 0
 0.7033 0.2144 0.0806 0.0017 0
 0.9318 0.0425 0.0243 0.0014 0
 0.5671 0.3108 0.0964 0.0239 0.0018
 0.0768 0.2599 0.5324 0.112 0.0189
 0.490249 0.384438 0.106611 0.0170017 0.00170017
 0.7925 0.1577 0.0466 0.003 0.0002
 0.840416 0.127587 0.0312969 0.00059994 9.999e-05
 0.8084 0.0986 0.0794 0.0134 0.0002
 0.7335 0.1905 0.0724 0.0035 0.0001
 0.4001 0.4547 0.1325 0.0127 0
 0.49795 0.308269 0.164784 0.0264974 0.00249975
 0.9179 0.0499 0.0305 0.0017 0
 0.2467 0.6533 0.0926 0.0074 0
 0.9418 0.0223 0.034 0.0019 0
 0.707729 0.231977 0.0356964 0.0245975 0
 0.517169 0.277429 0.184464 0.0207286 0.00020938
 0.811772 0.124168 0.05621 0.00726502 0.000585176
 0.764997 0.148141 0.077277 0.00933861 0.000247198
 0.163321 0.427699 0.378323 0.0303852 0.000271297
 0.753843 0.0900009 0.118128 0.0371064 0.000921714
 0.721811 0.176058 0.0630433 0.0369309 0.00215725
 0.143369 0.312575 0.442814 0.0836902 0.0175525
 0.692698 0.0596174 0.167031 0.0765114 0.00414204
 0.394062 0.376323 0.152708 0.0712218 0.00568511
 0.125707 0.32114 0.495352 0.0537591 0.00404204
 0.23352 0.215282 0.420074 0.123614 0.00750983
 0.796117 0.104755 0.0508955 0.0450114 0.00322123
 0.162477 0.292055 0.404252 0.121198 0.0200186
 0 0 0 0 0
pf_pred 
 0.325086 0.111663 0.53626 0.0269909 9.47803e-07
 0.278759 0.342329 0.0626899 0.301068 0.0151538
 0.484188 0.219211 0.140778 0.0257804 0.130042
 0.643844 0.228607 0.0542058 0.0348113 0.0385314
 0.532227 0.36467 0.0661794 0.015692 0.0212319
 0.617434 0.260141 0.0954408 0.0173204 0.00966366
 0.365974 0.47896 0.105444 0.0386853 0.0109375
 0.33646 0.35488 0.23317 0.0513327 0.0241576
 0.401967 0.289744 0.164882 0.108334 0.0350738
 0.56047 0.247763 0.09291 0.0528715 0.0459855
 0.705797 0.209643 0.0476666 0.0178748 0.0190189
 0.572077 0.349608 0.0558059 0.0126886 0.00982091
 0.398605 0.436291 0.134887 0.0215313 0.00868475
 0.396542 0.343178 0.188824 0.0583786 0.0130774
 0.814753 0.110502 0.0425062 0.0233879 0.00885057
 0.852145 0.132866 0.00894096 0.00343927 0.00260848
 0.298309 0.645771 0.0502515 0.00338157 0.00228732
 0.774487 0.101214 0.114392 0.00890159 0.00100419
 0.554122 0.388183 0.0258946 0.0292661 0.00253429
 0.576476 0.302345 0.105498 0.00703752 0.00864255
 0.621367 0.275356 0.0737269 0.0257258 0.00382359
 0.617351 0.290395 0.0670907 0.0179636 0.00719972
 0.224409 0.58785 0.142477 0.0329169 0.012346
 0.613481 0.136526 0.18948 0.0459242 0.0145894
 0.539513 0.345379 0.0406582 0.0564282 0.0180213
 0.313325 0.472671 0.160509 0.0188952 0.0345992
 0.622915 0.173734 0.139976 0.0475329 0.0158417
 0.597206 0.305048 0.0450342 0.0362836 0.0164275
 0.315036 0.504156 0.136932 0.0202153 0.0236613
 0.400345 0.277088 0.237419 0.0644848 0.0206626
 0.537877 0.257012 0.0947777 0.0812091 0.0291246
 0.384594 0.424233 0.106322 0.039208 0.0456432
 0.672597 0.176392 0.1041 0.0260896 0.0208211
pobs_RECLAS
 0 0 0 0 0
 0 0 0 0 0
 0 0 0 0 0
 0 0 0 0 0
 0 0 0 0 0
 0 0 0 0 0
 0 0 0 0 0
 0 0 0 0 0
 0 0 0 0 0
 0 0 0 0 0
 0.991045 0.00858322 0.000360255 1.14367e-05 0
 0.934742 0.0480273 0.0164251 0.00080598 0
 0.827803 0.169806 0.00239088 0 0
 0.941827 0.0461693 0.0120037 0 0
 0.791401 0.0380133 0.147996 0.0225897 0
 0.846168 0.0940531 0.0597789 0 0
 0.134021 0.677848 0.182769 0.00536245 0
 0.80878 0.0450904 0.141981 0.00414843 0
 0.846168 0.0940531 0.0597789 0 0
 0.905697 0.0802665 0.012482 0.00150086 5.37128e-05
 0.989698 0.0102097 9.19794e-05 0 0
 0.975433 0.0193895 0.00387452 0.00125025 5.28907e-05
 0.303575 0.632131 0.0575291 0.00676475 0
 0.966965 0.00978017 0.0227588 0.000495775 0
 0.843318 0.132988 0.00938335 0.0141283 0.000182051
 0.564624 0.303363 0.111486 0.0197234 0.00080311
 0.826376 0.0876187 0.0782897 0.00655872 0.00115652
 0.89761 0.0855135 0.0140674 0.00269457 0.000114338
 0.34875 0.467042 0.161289 0.0227151 0.000203297
 0.318654 0.224769 0.449479 0.00709798 0
 0.937255 0.0296025 0.0250945 0.00804832 0
 0.456809 0.399803 0.12412 0.0192676 0
 0.883104 0.0372192 0.0704036 0.00927362 0
ppred_RECLAS
 0.469488 0.0877717 0.421524 0.021216 7.45015e-07
 0.416008 0.277185 0.0507603 0.243776 0.0122701
 0.633654 0.155691 0.0999854 0.0183101 0.0923603
 0.769867 0.147717 0.0350256 0.0224936 0.0248974
 0.676275 0.252371 0.0457997 0.0108597 0.0146936
 0.748429 0.171066 0.0627607 0.0113897 0.00635471
 0.517317 0.364631 0.080274 0.029451 0.0083267
 0.481849 0.277122 0.18208 0.0400851 0.0188644
 0.553557 0.216299 0.123087 0.0808732 0.0261833
 0.702117 0.167917 0.0629679 0.0358326 0.0311657
 0.814893 0.131903 0.0299909 0.0112464 0.0119663
 0.712529 0.23486 0.0374895 0.008524 0.00659752
 0.55164 0.32527 0.100563 0.0160523 0.00647478
 0.556272 0.252342 0.138844 0.0429263 0.00961589
 0.891129 0.0649429 0.0249812 0.0137452 0.00520154
 0.914628 0.0767174 0.00516254 0.00198584 0.00150614
 0.439389 0.515934 0.0401481 0.00270168 0.00182744
 0.864072 0.061007 0.06895 0.00536543 0.000605276
 0.697981 0.262938 0.0175399 0.0198236 0.00171662
 0.715858 0.202844 0.0707789 0.00472148 0.00579829
 0.751629 0.180625 0.0483625 0.0168753 0.00250815
 0.748821 0.190621 0.0440398 0.0117917 0.00472605
 0.347315 0.494695 0.119899 0.0277007 0.0103895
 0.744885 0.0901115 0.125063 0.0303115 0.0096295
 0.682976 0.237778 0.0279913 0.0388483 0.0124069
 0.455965 0.374486 0.127167 0.0149702 0.0274121
 0.752387 0.114083 0.0919155 0.0312126 0.0104025
 0.73156 0.203298 0.0300129 0.0241811 0.0109481
 0.457838 0.399048 0.108384 0.0160007 0.0187284
 0.550915 0.207513 0.177805 0.0482931 0.0154743
 0.681949 0.176886 0.0652297 0.0558913 0.0200447
 0.534359 0.320992 0.0804472 0.0296663 0.0345355
 0.791021 0.11259 0.0664464 0.0166528 0.01329
pobs_PELACES
 0 0 0 0 0
 0 0 0 0 0
 0 0 0 0 0
 0 0 0 0 0
 0 0 0 0 0
 0 0 0 0 0
 0 0 0 0 0
 0 0 0 0 0
 0 0 0 0 0
 0 0 0 0 0
 0 0 0 0 0
 0 0 0 0 0
 0 0 0 0 0
 0 0 0 0 0
 0 0 0 0 0
 0 0 0 0 0
 0.505614 0.472636 0.0217494 0 0
 0 0 0 0 0
 0.443492 0.261883 0.143347 0.151278 0
 0.227955 0.32914 0.350689 0.0885471 0.00366901
 0.970185 0.0296113 0.000203453 0 0
 0.997202 0.00247181 0.000326279 0 0
 0.445219 0.490057 0.0546422 0.010081 0
 0.90214 0.0892962 0.00764917 0.000914606 0
 0 0 0 0 0
 0.581667 0.319106 0.0959925 0.00289975 0.000334073
 0.762889 0.0836404 0.116647 0.0363945 0.000428098
 0.88444 0.0763242 0.0277011 0.0115352 0
 0.521256 0.241999 0.230069 0.00667565 0
 0.616807 0.101726 0.260614 0.0208532 0
 0.833518 0.0704572 0.0857862 0.0102388 0
 0.697417 0.212968 0.0787535 0.0105354 0.000325836
 0 0 0 0 0
ppred_PELACES
 0.472887 0.0872094 0.418823 0.0210801 7.40242e-07
 0.421925 0.274377 0.050246 0.241306 0.0121458
 0.639089 0.153381 0.0985021 0.0180385 0.0909901
 0.776315 0.143577 0.0340441 0.0218633 0.0241997
 0.67873 0.250458 0.0454525 0.0107774 0.0145822
 0.753062 0.167916 0.061605 0.0111799 0.00623769
 0.528882 0.355895 0.0783507 0.0287454 0.0081272
 0.483595 0.276188 0.181466 0.03995 0.0188009
 0.560257 0.213053 0.12124 0.0796595 0.0257903
 0.709046 0.164011 0.0615032 0.0349991 0.0304408
 0.816277 0.130917 0.0297667 0.0111624 0.0118768
 0.721108 0.227851 0.0363706 0.00826962 0.00640063
 0.562906 0.317097 0.0980363 0.015649 0.00631208
 0.582948 0.237171 0.130497 0.0403456 0.0090378
 0.89613 0.06196 0.0238338 0.0131139 0.00496263
 0.918415 0.0733139 0.00493351 0.00189774 0.00143933
 0.445609 0.51021 0.0397026 0.00267171 0.00180717
 0.868413 0.0590586 0.066748 0.00519408 0.000585946
 0.708531 0.253754 0.0169273 0.0191312 0.00165666
 0.723401 0.197458 0.0688998 0.00459613 0.00564436
 0.756449 0.17712 0.047424 0.0165478 0.00245948
 0.754864 0.186035 0.0429802 0.011508 0.00461234
 0.351206 0.491746 0.119185 0.0275355 0.0103276
 0.748289 0.0889092 0.123394 0.0299071 0.00950101
 0.686527 0.235114 0.0276778 0.0384131 0.0122679
 0.459109 0.372321 0.126432 0.0148837 0.0272536
 0.755658 0.112576 0.0907012 0.0308002 0.0102651
 0.734517 0.201059 0.0296823 0.0239147 0.0108275
 0.460637 0.396989 0.107825 0.0159182 0.0186317
 0.554374 0.205914 0.176435 0.047921 0.0153551
 0.686848 0.174161 0.064225 0.0550304 0.0197359
 0.537265 0.318989 0.0799451 0.0294812 0.03432
 0.794848 0.110528 0.0652296 0.0163479 0.0130466
pobs_pel_tallas
 0 0 0 0 0 0 0 0 0 0 0 0 0 0 0 0 0 0 0 0 0 0 0 0 0 0
 0 0 0 0 0 0 0 0 0 0 0 0 0 0 0 0 0 0 0 0 0 0 0 0 0 0
 0 0 0 0 0 0 0 0 0 0 0 0 0 0 0 0 0 0 0 0 0 0 0 0 0 0
 0 0 0 0 0 0 0 0 0 0 0 0 0 0 0 0 0 0 0 0 0 0 0 0 0 0
 0 0 0 0 0 0 0 0 0 0 0 0 0 0 0 0 0 0 0 0 0 0 0 0 0 0
 0 0 0 0 0 0 0 0 0 0 0 0 0 0 0 0 0 0 0 0 0 0 0 0 0 0
 0 0 0 0 0 0 0 0 0 0 0 0 0 0 0 0 0 0 0 0 0 0 0 0 0 0
 0 0 0 0 0 0 0 0 0 0 0 0 0 0 0 0 0 0 0 0 0 0 0 0 0 0
 0 0 0 0 0 0 0 0 0 0 0 0 0 0 0 0 0 0 0 0 0 0 0 0 0 0
 0 0 0 0 0 0 0 0 0 0 0 0 0 0 0 0 0 0 0 0 0 0 0 0 0 0
 0 0 0 0 0 0 0 0 0 0 0 0 0 0 0 0 0 0 0 0 0 0 0 0 0 0
 0 0 0 0 0 0 0 0 0 0 0 0 0 0 0 0 0 0 0 0 0 0 0 0 0 0
 0.00862536 0 0 0.000197151 0.00414017 0.0128641 0.00837892 0.0270097 0.101434 0.158115 0.152841 0.127902 0.109271 0.109419 0.0830992 0.0579132 0.0238553 0.00714673 0.00463305 0.00128148 0.00103504 0.000492878 0.000147863 0.000147863 4.92878e-05 0
 0 0 0 0 0 0 0 0 0 0 0 0 0 0 0 0 0 0 0 0 0 0 0 0 0 0
 0 0 0 0 0 0 0 0.0054083 0.00873648 0.0413646 0.0450493 0.0745869 0.0622846 0.0627006 0.0613931 0.0827291 0.12552 0.122667 0.0946155 0.0697135 0.0546179 0.0294188 0.0215738 0.0213955 0.0102223 0.00600262
 0 0 0 0 0.00359764 0.0251062 0.0480494 0.140153 0.205849 0.193036 0.1447 0.116669 0.0760912 0.0342217 0.00950174 0.001854 0.000860785 0 0 0 0.000165536 0 0.000143464 0 0 0
 0 0 0 0 0 0 0 0.000145254 0.000435761 0.0275982 0.070085 0.0708112 0.156366 0.174668 0.174014 0.160142 0.0824315 0.0480064 0.0283245 0.00493863 0.00203355 0 0 0 0 0
 0 0 0 0 0 0 0 0 0 0 0 0 0 0 0 0 0 0 0 0 0 0 0 0 0 0
 0 0 1.00437e-05 0.000401748 0.00122533 0.00171747 0.00176769 0.0269171 0.070346 0.194647 0.189555 0.159765 0.064822 0.0314167 0.0384472 0.0292271 0.0345202 0.0313363 0.0194345 0.0106764 0.0143323 0.0359363 0.0279516 0.0138201 0.00172751 0
 0 0.0021121 0.0136068 0.0755702 0.200478 0.177729 0.0527432 0.0373336 0.0318909 0.0142505 0.0149659 0.0166563 0.0217959 0.0798694 0.0677717 0.0528807 0.04013 0.0224614 0.0357745 0.0225083 0.00881397 0.00855152 0.00135912 0.000746735 0 0
 0 0 0 0 5.4009e-05 0.00500934 0.000945158 0.0243581 0.138947 0.33067 0.221406 0.137944 0.0707744 0.0437923 0.0131692 0.00525238 0.0047753 0.00276346 9.45158e-05 9.00151e-06 2.25038e-05 9.00151e-06 4.50075e-06 0 0 0
 0.000866109 0.00284123 0.00948549 0.0512746 0.133035 0.25785 0.225252 0.132002 0.0553304 0.0519788 0.0540692 0.017754 0.00435017 0.00159236 0.00146478 0.000404838 0.000125132 0.000115318 0.000107957 0.000100596 0 0 0 0 0 0
 0 0 0 0 0.00144013 0.00171154 0.00461396 0.0210425 0.0478622 0.0707936 0.0888783 0.103762 0.0637923 0.0337046 0.0602308 0.124433 0.169614 0.0934646 0.0462172 0.0250306 0.0313229 0.00938855 0.002487 0.000210481 0 0
 0 0.00764035 0.051015 0.0998891 0.058973 0.0496711 0.0374665 0.0718981 0.12319 0.153886 0.159021 0.0857701 0.0377988 0.023471 0.0147837 0.00900784 0.00315554 0.000888139 0.00291439 0.00214683 0.00393193 0.00274676 0.000635225 9.99891e-05 0 0
 0 0 0 0 0 0 0 0 0 0 0 0 0 0 0 0 0 0 0 0 0 0 0 0 0 0
 0 0 0 0 0 0 0 0 0 0 0 0 0 0 0 0 0 0 0 0 0 0 0 0 0 0
 0 0 0 0 0 0 0 0 0 0 0 0 0 0 0 0 0 0 0 0 0 0 0 0 0 0
 0 0 0 0 0 0 0 0 0 0 0 0 0 0 0 0 0 0 0 0 0 0 0 0 0 0
 0 0 0 0 0 0 0 0 0 0 0 0 0 0 0 0 0 0 0 0 0 0 0 0 0 0
 0 0 0 0 0 0 0 0 0 0 0 0 0 0 0 0 0 0 0 0 0 0 0 0 0 0
 0 0 0 0 0 0 0 0 0 0 0 0 0 0 0 0 0 0 0 0 0 0 0 0 0 0
 0 0 0 0 0 0 0 0 0 0 0 0 0 0 0 0 0 0 0 0 0 0 0 0 0 0
 0 0 0 0 0 0 0 0 0 0 0 0 0 0 0 0 0 0 0 0 0 0 0 0 0 0
ppred_pel_tallas
 1.14223e-16 3.89511e-05 0.000378618 0.00251605 0.0114376 0.0355867 0.0758216 0.110666 0.110675 0.075866 0.0357378 0.0118822 0.00366234 0.00298129 0.00527513 0.00942197 0.0153399 0.0229669 0.032124 0.0425044 0.0534598 0.0636834 0.0711982 0.0739486 0.0707655 0.0620625
 1.27776e-16 3.47534e-05 0.000337816 0.00224491 0.010205 0.0317518 0.0676515 0.098745 0.0987715 0.0677813 0.0321879 0.0114662 0.00541679 0.00728414 0.0132964 0.0221224 0.0323636 0.0418498 0.0485092 0.0516812 0.0526227 0.0536325 0.0564085 0.0608898 0.0653372 0.0674082
 1.20089e-16 5.26409e-05 0.000511688 0.00340035 0.0154575 0.0480941 0.10247 0.149561 0.149576 0.102543 0.0483396 0.0161685 0.00519227 0.00444777 0.00760071 0.0126772 0.0187268 0.0245716 0.0290785 0.0318277 0.0333742 0.0347958 0.0368718 0.0395418 0.0419848 0.0431337
 1.07308e-16 6.39441e-05 0.000621559 0.00413048 0.0187766 0.058421 0.124473 0.181674 0.181688 0.12454 0.0586487 0.0194347 0.0057843 0.00423775 0.00694967 0.011437 0.0165898 0.0211309 0.0238203 0.0241325 0.0225803 0.0203531 0.0185545 0.0176279 0.0173146 0.017015
 1.04925e-16 5.59061e-05 0.000543427 0.00361127 0.0164163 0.0510774 0.108827 0.158841 0.158865 0.108945 0.0514738 0.0175617 0.00648719 0.00682486 0.0119952 0.0197682 0.0285345 0.0360198 0.0399471 0.0392778 0.0348256 0.0286829 0.0229377 0.0186809 0.0158828 0.0139189
 1.03998e-16 6.20287e-05 0.000602941 0.00400676 0.0182142 0.0566711 0.120744 0.176233 0.17625 0.120824 0.0569379 0.0189856 0.00594614 0.00484653 0.00815045 0.0134523 0.0195507 0.024959 0.0281963 0.0285687 0.0265462 0.023369 0.0202214 0.0176418 0.0155214 0.013499
 1.06611e-16 4.35634e-05 0.000423452 0.00281399 0.012792 0.0398008 0.0848011 0.123777 0.123811 0.084969 0.0403647 0.0144212 0.00690607 0.00936493 0.0170501 0.0281845 0.0407538 0.0515845 0.057467 0.0569265 0.0510775 0.042802 0.034942 0.0289321 0.0246739 0.0213169
 1.12496e-16 3.98331e-05 0.000387192 0.00257303 0.0116966 0.0363927 0.0775395 0.113177 0.113204 0.0776709 0.0368344 0.0129753 0.00579395 0.00745645 0.0135773 0.0226761 0.0333495 0.0433843 0.0505204 0.0536878 0.0535279 0.0516943 0.0495504 0.0473687 0.0445414 0.0403815
 1.15907e-16 4.61477e-05 0.000448572 0.00298092 0.0135508 0.0421618 0.0898309 0.131115 0.131136 0.0899322 0.0425023 0.0145366 0.00546404 0.00589849 0.0104838 0.0174916 0.0257501 0.0335821 0.0393256 0.0422828 0.0431006 0.0431731 0.0435506 0.0442486 0.0444065 0.0430009
 1.10479e-16 5.84032e-05 0.0005677 0.00377257 0.0171496 0.0533587 0.113687 0.165933 0.165949 0.113765 0.0536197 0.0179043 0.00567089 0.00472493 0.00799333 0.0132285 0.0193076 0.0248402 0.0284674 0.0296181 0.0288484 0.0274091 0.0263856 0.0260885 0.0260693 0.0255841
 1.04022e-16 6.72357e-05 0.000653555 0.0043431 0.0197431 0.0614283 0.13088 0.191026 0.191038 0.130942 0.0616357 0.0203427 0.00584926 0.00394534 0.00633044 0.01039 0.0150352 0.0190698 0.0213272 0.0212864 0.0193783 0.0166745 0.0142125 0.0124837 0.0113878 0.0105305
 1.03021e-16 5.93967e-05 0.000577357 0.00383674 0.0174413 0.0542665 0.115621 0.168757 0.168779 0.115729 0.0546269 0.0184825 0.0064508 0.00628513 0.0109033 0.0179415 0.0258637 0.0325761 0.0359848 0.0351257 0.0307312 0.0247172 0.0190202 0.0146913 0.0117728 0.0097595
 1.05548e-16 4.63659e-05 0.000450693 0.00299502 0.0136149 0.0423612 0.0902562 0.131738 0.131769 0.090406 0.0428644 0.0150694 0.00665008 0.00844324 0.0152653 0.0252665 0.0366336 0.0465699 0.0522364 0.052298 0.0476628 0.0407541 0.0339434 0.0284016 0.0240479 0.0202561
 1.09403e-16 4.80167e-05 0.00046674 0.00310165 0.0140997 0.0438694 0.0934693 0.136426 0.136449 0.0935818 0.0442479 0.0151949 0.00585871 0.00651198 0.0116073 0.0193191 0.0283094 0.0366215 0.0422756 0.0443476 0.0434402 0.0410881 0.0386143 0.0363892 0.0339582 0.0307046
 1.02859e-16 7.3813e-05 0.000717489 0.00476797 0.0216745 0.0674374 0.143683 0.20971 0.209716 0.143712 0.067536 0.0219596 0.00548496 0.00228748 0.00306978 0.00499614 0.00728082 0.00935125 0.0106807 0.011038 0.0106156 0.00987092 0.00921057 0.00876914 0.0084186 0.0079377
 1.00596e-16 7.56487e-05 0.000735332 0.00488654 0.0222135 0.0691145 0.147256 0.214926 0.214933 0.147291 0.0692303 0.0225477 0.00572513 0.00256464 0.00354596 0.00573235 0.00822685 0.0102966 0.0112521 0.0107795 0.0091275 0.00694543 0.00490302 0.00338422 0.00243013 0.0018774
 1.0185e-16 3.67043e-05 0.000356779 0.00237092 0.0107779 0.0335343 0.0714502 0.104294 0.104343 0.0716902 0.03434 0.0131041 0.00820734 0.0130885 0.0241893 0.0398596 0.0572451 0.0716242 0.0782024 0.0747564 0.0629668 0.0473098 0.032438 0.0210752 0.013626 0.00911321
 1.02562e-16 7.15301e-05 0.000695298 0.0046205 0.0210041 0.0653516 0.139239 0.203224 0.20323 0.139267 0.0654469 0.0212805 0.0053187 0.00223394 0.003036 0.00501598 0.0074744 0.00993007 0.0119249 0.013217 0.0138639 0.014072 0.0139571 0.0134432 0.0123742 0.0107078
 1.02753e-16 5.83608e-05 0.000567288 0.00376983 0.0171371 0.05332 0.113605 0.165815 0.165839 0.113724 0.0537208 0.0182943 0.00667327 0.00690174 0.0120778 0.019847 0.0285223 0.0357426 0.0391512 0.0376813 0.0322066 0.0249701 0.0182587 0.0133433 0.0102933 0.00847975
 1.03455e-16 5.95856e-05 0.000579194 0.00384895 0.0174968 0.054439 0.115989 0.169293 0.169312 0.116082 0.0547526 0.0184033 0.00612739 0.00556306 0.00955405 0.0157764 0.0228967 0.0291581 0.0327957 0.0329718 0.030229 0.0260397 0.0218418 0.0183419 0.0154965 0.0129526
 1.0349e-16 6.23077e-05 0.000605653 0.00402478 0.0182961 0.056926 0.121287 0.177026 0.177043 0.121371 0.0572069 0.0191079 0.00606443 0.00506458 0.00854935 0.0140846 0.0203997 0.0258995 0.0289979 0.0289627 0.0263284 0.0224842 0.0187831 0.0158823 0.0137041 0.0118375
 1.03223e-16 6.21772e-05 0.000604385 0.00401635 0.0182578 0.0568067 0.121033 0.176656 0.176674 0.121121 0.0571015 0.0191095 0.0061558 0.00527945 0.00895464 0.0147414 0.0213141 0.0269819 0.0300617 0.0297759 0.0266975 0.0223232 0.0181343 0.0148871 0.0125491 0.0107018
 1.08075e-16 2.89285e-05 0.000281195 0.00186864 0.00849462 0.0264302 0.056314 0.0822019 0.0822494 0.056546 0.0272095 0.0107466 0.00752546 0.0126433 0.0235459 0.0389826 0.056393 0.0714198 0.0796218 0.0789345 0.0708499 0.0592927 0.0481487 0.0394062 0.0329983 0.0278668
 1.08191e-16 6.16356e-05 0.00059912 0.00398136 0.0180987 0.0563118 0.119979 0.175114 0.175123 0.120021 0.0564562 0.0185181 0.00504315 0.00294659 0.00460696 0.00774706 0.0116898 0.0158271 0.0195614 0.0225967 0.0250234 0.0270543 0.0286559 0.0294314 0.0288633 0.0266893
 1.06788e-16 5.65484e-05 0.00054967 0.00365275 0.0166049 0.0516641 0.110077 0.160665 0.160688 0.110187 0.052036 0.0176792 0.00634971 0.00643877 0.0112466 0.0185203 0.0267203 0.0337172 0.0374015 0.0368537 0.0329158 0.0276268 0.0229733 0.0199154 0.0182608 0.0172002
 1.09849e-16 3.78163e-05 0.000367588 0.00244275 0.0111044 0.0345501 0.0736141 0.107449 0.107485 0.0737901 0.0351414 0.0128137 0.00673916 0.00976603 0.0179441 0.0297548 0.0432098 0.0550754 0.0620627 0.0626428 0.0578988 0.0506554 0.0436305 0.0380909 0.03381 0.0299229
 1.07473e-16 6.22426e-05 0.00060502 0.00402057 0.0182769 0.0568664 0.12116 0.176839 0.17685 0.121214 0.0570471 0.0188004 0.00534089 0.00350814 0.00563737 0.00938342 0.0138937 0.0182815 0.0216786 0.0236868 0.0245583 0.0248888 0.0250863 0.0250761 0.0244401 0.0227978
 1.05139e-16 6.05012e-05 0.000588093 0.00390809 0.0177656 0.0552755 0.117771 0.171894 0.171914 0.117866 0.0555937 0.0186847 0.00621573 0.00562784 0.00963867 0.0158581 0.0228874 0.0288955 0.0320703 0.0316079 0.0282003 0.0235609 0.0193717 0.0164669 0.0147312 0.0135463
 1.07963e-16 3.79421e-05 0.000368811 0.00245088 0.0111414 0.0346651 0.0738591 0.107808 0.107846 0.0740466 0.0352946 0.0129607 0.00702176 0.0103606 0.019054 0.0315446 0.0456823 0.0579615 0.0648184 0.0645973 0.0584906 0.0496269 0.0410821 0.034397 0.0294678 0.0254164
 1.12549e-16 4.56631e-05 0.000443862 0.00294962 0.0134085 0.0417191 0.0888876 0.129738 0.129758 0.0889859 0.0420498 0.014367 0.00536742 0.00576179 0.0102628 0.0172025 0.0255008 0.0335948 0.0398945 0.0436468 0.0452661 0.0457821 0.0458934 0.0454584 0.0437704 0.0402443
 1.10757e-16 5.65748e-05 0.000549927 0.00365446 0.0166126 0.0516882 0.110128 0.160738 0.160755 0.11021 0.0519653 0.0174142 0.00567086 0.00496628 0.00848779 0.0140604 0.0205345 0.0264466 0.0303644 0.0316905 0.031016 0.0296526 0.0287151 0.0284797 0.0284197 0.0277228
 1.11154e-16 4.42539e-05 0.000430164 0.00285859 0.0129948 0.0404317 0.0861451 0.125738 0.125769 0.0862956 0.0409375 0.0144567 0.00653161 0.00845999 0.0153291 0.0253653 0.0367604 0.0467167 0.0524237 0.0526296 0.0483839 0.0422707 0.0367626 0.032985 0.0306213 0.0286597
 1.05759e-16 6.54706e-05 0.000636397 0.00422909 0.0192248 0.0598156 0.127444 0.18601 0.186021 0.127496 0.0599921 0.0197358 0.00551577 0.00345894 0.00546647 0.00904015 0.0132678 0.017217 0.0199794 0.0211395 0.0209856 0.0202268 0.0194564 0.0188077 0.0180185 0.0167493
pSPR Fmed_Fpbrs
1   0.982721 0.6 0.325 0.982721 0.982721 0.982721
Fs Fmed_Fpbrs
0   0.01 0.330271 0.839934 0.01 0.01 0.01
SSBpbr Bo_Bmed_Bpbrs
1.99439e+06  1.89467e+06  1.86021e+06 1.09692e+06 548458 1.86021e+06 1.86021e+06 1.86021e+06
Ro
256003
SPR SPRFo_SPRFmed_SPRFpbrs
1.84433e+06 1.84433e+06 1.81246e+06
Fref
0
Nvult_r0
 250673 38248.3 22572.7 5657.19 4514.79
CTP_r0
 19643.9 5151.72 3040.36 761.976 608.104
YTP_r0
356495
Np
 378598 139278 51237.7 18849.3 9485.24
Nvult_p0
 239320 88040.8 32388.4 11915 5995.82
CTP_p0
 0 0 0 0 0
 0 0 0 0 0
 0 0 0 0 0
 0 0 0 0 0
 0 0 0 0 0
 0 0 0 0 0
YTP_p0
 0 0 0 0 0 0
CBA_c0
0
log_Ro
12.2729
likeval ReclasPelacesDesembMPH_pf_preclas_ppelaces_ptallas_desvR_qrecl_qpela
 22.2356 17.4267 0.124757 71.6548 238.922 140.054 110.914 0 22.9935 1.68445e-05 9.25734e-06 0.589559 2070.31 0 0
q_reclas_q_pelaces
0.559662 0.650322
M
1
N
 256424 48940.2 235036 11829.7 0.41541
 129834 89753.6 16436.4 78935.6 3973.11
 171679 43710.3 28071 5140.58 25930.3
 285762 57971.1 13745.7 8827.57 9770.93
 242190 91931.3 16683.5 3955.86 5352.45
 360382 85519.4 31375.5 5693.94 3176.86
 160193 121128 26666.6 9783.47 2766.08
 85613.1 49762.3 32695.8 7198.02 3387.46
 75406.7 30702.2 17471.4 11479.4 3716.53
 99876.7 25124.5 9421.57 5361.45 4663.17
 198204 32532.8 7397 2773.84 2951.39
 200641 70508.1 11254.8 2559.02 1980.66
 100120 63264.5 19559.4 3122.15 1259.33
 58284.1 31179.8 17155.8 5304.04 1188.16
 182642 14414.9 5544.9 3050.93 1154.55
 613362 55455.6 3731.77 1435.48 1088.72
 154399 188357 14657.2 986.327 667.16
 693301 51809.1 58554.6 4556.5 514.021
 546999 222466 14840.1 16772.3 1452.39
 558026 167337 58389.5 3895.01 4783.34
 716552 179111 47957.1 16733.8 2487.13
 896749 239761 55392.7 14831.5 5944.37
 200529 293127 71045.2 16413.8 6156.22
 557476 69303.8 96184.5 23312.2 7405.94
 538064 192055 22608.8 31378.1 10021.1
 222656 186412 63301.7 7451.91 13645.3
 502208 78211.3 63014 21398.2 7131.59
 609283 173239 25575.2 20605.7 9329.31
 239252 212122 57613.7 8505.49 9955.41
 219553 84471.2 72378.1 19658.4 6299.06
 285898 76749.5 28302.7 24250.9 8697.25
 158356 96824.2 24266.1 8948.57 10417.3
 378598 55824.7 32945.7 8256.87 6589.49
pred_Ctot
 7901.26 2713.98 13033.9 656.017 0.0230365
 7014.81 8614.51 1577.56 7576.21 381.337
 8974.07 4062.9 2609.22 477.821 2410.24
 22922.2 8138.92 1929.84 1239.36 1371.8
 6167.2 4225.63 766.857 181.832 246.026
 19817.8 8349.76 3063.37 555.932 310.175
 15974.7 20906.5 4602.59 1688.6 477.42
 1365.71 1440.48 946.451 208.363 98.0574
 4531.69 3266.51 1858.84 1221.33 395.415
 7305.89 3229.67 1211.11 689.196 599.434
 4147.32 1231.88 280.093 105.034 111.756
 18352.5 11215.6 1790.28 407.057 315.059
 9845.17 10776 3331.59 531.803 214.505
 12468.2 10790.4 5937.1 1835.56 411.184
 20481.2 2777.8 1068.52 587.923 222.485
 65020 10137.9 682.209 262.421 199.031
 8641.16 18706.2 1455.64 97.9545 66.2573
 56618.7 7399.25 8362.62 650.748 73.4111
 59119.4 41415.3 2762.71 3122.41 270.384
 45480.6 23853.2 8323.19 555.219 681.846
 41288.1 18296.7 4898.95 1709.41 254.067
 63791.4 30006.7 6932.54 1856.19 743.953
 7714.16 20207.6 4897.71 1131.53 424.397
 22507.7 5008.92 6951.71 1684.89 535.263
 19910.1 12745.8 1500.44 2082.42 665.056
 6380.64 9625.61 3268.66 384.788 704.588
 19887.2 5546.65 4468.88 1517.54 505.764
 20749.2 10598.5 1564.66 1260.63 570.754
 6111.54 9780.37 2656.42 392.166 459.018
 6935.83 4800.45 4113.2 1117.17 357.972
 14448.2 6903.73 2545.87 2181.4 782.331
 4191.94 4624 1158.87 427.354 497.496
 19643.9 5151.72 3040.36 761.976 608.104
F
 0.0497656 0.0911039 0.0911039 0.0911039 0.0911039
 0.0886728 0.16233 0.16233 0.16233 0.16233
 0.0856842 0.156858 0.156858 0.156858 0.156858
 0.13412 0.245527 0.245527 0.245527 0.245527
 0.0409772 0.0750154 0.0750154 0.0750154 0.0750154
 0.0903127 0.165332 0.165332 0.165332 0.165332
 0.169123 0.309606 0.309606 0.309606 0.309606
 0.0255058 0.0466924 0.0466924 0.0466924 0.0466924
 0.0990523 0.181331 0.181331 0.181331 0.181331
 0.121688 0.222769 0.222769 0.222769 0.222769
 0.0335684 0.0614523 0.0614523 0.0614523 0.0614523
 0.154192 0.282273 0.282273 0.282273 0.282273
 0.166599 0.304986 0.304986 0.304986 0.304986
 0.397065 0.726891 0.726891 0.726891 0.726891
 0.191943 0.351382 0.351382 0.351382 0.351382
 0.180618 0.33065 0.33065 0.33065 0.33065
 0.091977 0.168378 0.168378 0.168378 0.168378
 0.136689 0.25023 0.25023 0.25023 0.25023
 0.184436 0.337639 0.337639 0.337639 0.337639
 0.1364 0.249702 0.249702 0.249702 0.249702
 0.0948058 0.173557 0.173557 0.173557 0.173557
 0.118169 0.216328 0.216328 0.216328 0.216328
 0.0624574 0.114338 0.114338 0.114338 0.114338
 0.0656366 0.120158 0.120158 0.120158 0.120158
 0.0600168 0.10987 0.10987 0.10987 0.10987
 0.046215 0.0846038 0.0846038 0.0846038 0.0846038
 0.0643428 0.11779 0.11779 0.11779 0.11779
 0.0551236 0.100912 0.100912 0.100912 0.100912
 0.0411082 0.0752551 0.0752551 0.0752551 0.0752551
 0.0510483 0.093452 0.093452 0.093452 0.093452
 0.0827381 0.151465 0.151465 0.151465 0.151465
 0.0426274 0.0780363 0.0780363 0.0780363 0.0780363
 0.0850281 0.155657 0.155657 0.155657 0.155657
YTP_r0W_actual
 148115 89897.6 73181.4 23865.1 21435.7
YTP_p0W_proyectada
 0 0 0 0 0
 0 0 0 0 0
 0 0 0 0 0
 0 0 0 0 0
 0 0 0 0 0
 0 0 0 0 0
CTP_r0_actual
 19643.9 5151.72 3040.36 761.976 608.104
CTP_p0_proyectada
 0 0 0 0 0
 0 0 0 0 0
 0 0 0 0 0
 0 0 0 0 0
 0 0 0 0 0
 0 0 0 0 0
Wmedp
 7.54 17.45 24.07 31.32 35.25
Frms_r0
 0.0850281 0.155657 0.155657 0.155657 0.155657
Zrms_r0
 1.08503 1.15566 1.15566 1.15566 1.15566
nmprior
 7.29 8.9 8.7 0
nm_flota  nm_reclas  nm_pelaces    nm_pelaL
inf 10.6342 15.4596 46.2249
cv_recla  cv_pelaces  cv_mph
0.408371 0.457297 0.678703
 ------------------------------------------------
Talla a la edad & desviaci?n 
 8 13.2811 15.8009 17.003 17.5766
 0.8 1.32811 1.58009 1.7003 1.75766
