years
 1991 1992 1993 1994 1995 1996 1997 1998 1999 2000 2001 2002 2003 2004 2005 2006 2007 2008 2009 2010 2011 2012 2013 2014 2015 2016 2017 2018 2019 2020 2021 2022 2023
reclasobs
 0 0 0 0 0 0 0 0 0 252601 567819 844713 477998 351125 339783 2.1784e+06 2.13404e+06 4.81314e+06 1.55562e+06 2.62356e+06 3.21686e+06 3.843e+06 1.13348e+06 3.07943e+06 1.97215e+06 2.03268e+06 2.025e+06 2.42433e+06 2.27542e+06 1.05018e+06 2.36338e+06 3.18982e+06 1.53035e+06
reclaspred
 2.97618e+06 1.62799e+06 862960 934732 989219 1.51335e+06 908455 856169 627406 468913 616886 810680 622690 245425 617743 1.33024e+06 1.26187e+06 2.27639e+06 1.92271e+06 1.84169e+06 3.3824e+06 2.70321e+06 2.14059e+06 3.09362e+06 2.41508e+06 2.18012e+06 2.53741e+06 2.81567e+06 2.46082e+06 1.89557e+06 1.71493e+06 1.67085e+06 1.61985e+06
pelacesobs
 0 0 0 0 0 0 0 0 0 0 0 0 0 0 0 552880 188675 0 991730 2.46772e+06 1.41603e+06 1.21717e+06 2.29649e+06 1.80582e+06 0 1.4828e+06 1.56532e+06 1.57751e+06 1.42118e+06 867257 1.10002e+06 1.06204e+06 0
pelacespred
 1.59234e+06 959157 494661 447614 505206 804569 435913 526193 367305 259921 354211 396608 322872 113344 354476 633572 598519 1.22158e+06 1.05315e+06 897183 1.73461e+06 1.48027e+06 1.18267e+06 1.87561e+06 1.39075e+06 1.25449e+06 1.68724e+06 1.67755e+06 1.32086e+06 1.166e+06 937872 919135 894277
mphobs
 0 0 0 0 0 0 0 0 0 0 0 0 498337 0 5186 125008 0 168611 109162 213762 579715 649985 157893 87575 83554 210694 70296 0 107559 103333 445601 22526 28222
mphpred
 562837 378513 183250 108532 128196 153280 189141 113768 107220 74617.1 51265.3 94319.2 108272 56408.8 16867.5 72708 190926 175519 255140 317822 456224 555503 108144 91100.7 126309 105436 91511.6 99094.2 141849 112053 73310 75596.7 50939.6
desembarqueobs
 494567 514787 250237 358949 120608 361735 552515 73892 212993 205616 52469 317467 293654 387597 252695 516296 358380 742168 942051 627588 828172 859565 418607 520667 417249 300574 415391 372974 316634 284311 391294 218835 356480
desembarquepred
 494571 513574 250860 359005 120616 361772 552614 73898.2 213062 205679 52471.6 317502 293864 388137 252657 516238 358424 742084 941736 627372 828292 859630 418645 520736 417241 300592 415415 372962 316614 284277 391316 218860 356511
Reclutas
 184785 91049.5 116695 170973 146745 222447 94488.6 48680.3 43718.4 59221.4 125262 155524 74266.9 38169.2 121624 404499 90896 476941 374420 394432 451867 574324 121949 330953 331171 132594 299376 363955 147365 138290 169569 92954.7 222745
log_desv_Rt
 0.131838 -0.575952 -0.327794 0.0541474 -0.0986621 0.317332 -0.538877 -1.20208 -1.30959 -1.00607 -0.256952 -0.0405584 -0.77969 -1.44533 -0.286419 0.915293 -0.57764 1.08004 0.838022 0.89009 1.02603 1.26584 -0.283751 0.714619 0.715277 -0.200061 0.614345 0.809673 -0.0944469 -0.158004 0.0459062 -0.555244 0.31867
SSB
 2.43808e+06 1.63963e+06 793796 470134 555314 663973 819314 492818 464453 323224 222070 408569 447680 237734 70535.3 304755 827046 760309 1.14214e+06 910873 1.33875e+06 1.70672e+06 1.59635e+06 1.29866e+06 1.69065e+06 1.49337e+06 1.22557e+06 1.2789e+06 1.89443e+06 1.41245e+06 1.04979e+06 1.10754e+06 692999
BT
 3.39001e+06 2.2932e+06 1.16795e+06 1.12874e+06 1.03468e+06 1.80003e+06 1.31501e+06 1.04108e+06 897793 680043 704633 1.00285e+06 863454 609323 908399 1.61007e+06 1.39554e+06 2.92109e+06 2.87106e+06 2.21922e+06 3.87034e+06 3.57663e+06 2.56275e+06 3.96728e+06 2.98068e+06 2.59422e+06 3.55869e+06 3.47796e+06 2.71587e+06 2.43852e+06 2.10636e+06 1.88958e+06 1.9805e+06
Ftot
 0.185549 0.337734 0.329543 0.523603 0.159099 0.339153 0.690471 0.110181 0.431134 0.557303 0.137703 0.540431 0.573042 1.79371 0.792534 0.684305 0.346559 0.507032 0.67518 0.499069 0.343626 0.433182 0.229671 0.247536 0.223792 0.167948 0.238965 0.205548 0.147056 0.181931 0.306607 0.158407 0.325872
BD_Bspro_t
 0.971013 0.809651 0.627291 0.552621 0.56669 0.653463 0.627533 0.462998 0.537242 0.493412 0.469968 0.693491 0.581546 0.369978 0.162438 0.439546 0.569614 0.527758 0.565927 0.481796 0.524618 0.578216 0.595227 0.587026 0.679962 0.703597 0.706785 0.736127 0.792872 0.746088 0.707629 0.700998 0.694829
BD_Bspro
 2.0895 1.40521 0.680305 0.402918 0.47592 0.569044 0.702175 0.422359 0.398049 0.277012 0.19032 0.350155 0.383674 0.203744 0.0604507 0.261184 0.708802 0.651606 0.978849 0.780644 1.14735 1.46271 1.36811 1.11299 1.44893 1.27986 1.05034 1.09605 1.62358 1.21051 0.8997 0.949191 0.59392
BD_Bo
 2.4052 1.61752 0.783089 0.463793 0.547824 0.655018 0.808263 0.486171 0.458188 0.318865 0.219075 0.403058 0.441641 0.234527 0.0695839 0.300645 0.815891 0.750054 1.12674 0.898588 1.32069 1.6837 1.57481 1.28115 1.66784 1.47323 1.20904 1.26165 1.86888 1.3934 1.03563 1.0926 0.683652
BD_Brms
 2.57504 1.73173 0.838386 0.496543 0.586508 0.701271 0.865337 0.520501 0.490542 0.341381 0.234544 0.43152 0.472827 0.251088 0.0744975 0.321875 0.873504 0.803018 1.2063 0.96204 1.41395 1.80259 1.68602 1.37161 1.78562 1.57726 1.29441 1.35074 2.00085 1.49179 1.10876 1.16975 0.731927
Sel_flota
 0.451389 0.939878 0.996645 0.999823 0.999991
 0.451389 0.939878 0.996645 0.999823 0.999991
 0.451389 0.939878 0.996645 0.999823 0.999991
 0.451389 0.939878 0.996645 0.999823 0.999991
 0.451389 0.939878 0.996645 0.999823 0.999991
 0.451389 0.939878 0.996645 0.999823 0.999991
 0.451389 0.939878 0.996645 0.999823 0.999991
 0.451389 0.939878 0.996645 0.999823 0.999991
 0.451389 0.939878 0.996645 0.999823 0.999991
 0.451389 0.939878 0.996645 0.999823 0.999991
 0.451389 0.939878 0.996645 0.999823 0.999991
 0.451389 0.939878 0.996645 0.999823 0.999991
 0.451389 0.939878 0.996645 0.999823 0.999991
 0.451389 0.939878 0.996645 0.999823 0.999991
 0.451389 0.939878 0.996645 0.999823 0.999991
 0.451389 0.939878 0.996645 0.999823 0.999991
 0.451389 0.939878 0.996645 0.999823 0.999991
 0.451389 0.939878 0.996645 0.999823 0.999991
 0.451389 0.939878 0.996645 0.999823 0.999991
 0.451389 0.939878 0.996645 0.999823 0.999991
 0.451389 0.939878 0.996645 0.999823 0.999991
 0.451389 0.939878 0.996645 0.999823 0.999991
 0.451389 0.939878 0.996645 0.999823 0.999991
 0.451389 0.939878 0.996645 0.999823 0.999991
 0.451389 0.939878 0.996645 0.999823 0.999991
 0.451389 0.939878 0.996645 0.999823 0.999991
 0.451389 0.939878 0.996645 0.999823 0.999991
 0.451389 0.939878 0.996645 0.999823 0.999991
 0.451389 0.939878 0.996645 0.999823 0.999991
 0.451389 0.939878 0.996645 0.999823 0.999991
 0.451389 0.939878 0.996645 0.999823 0.999991
 0.451389 0.939878 0.996645 0.999823 0.999991
 0.451389 0.939878 0.996645 0.999823 0.999991
Sel_reclas
 1 1 1 1 1
 1 1 1 1 1
 1 1 1 1 1
 1 1 1 1 1
 1 1 1 1 1
 1 1 1 1 1
 1 1 1 1 1
 1 1 1 1 1
 1 1 1 1 1
 1 1 1 1 1
 1 1 1 1 1
 1 1 1 1 1
 1 1 1 1 1
 1 1 1 1 1
 1 1 1 1 1
 1 1 1 1 1
 1 1 1 1 1
 1 1 1 1 1
 1 1 1 1 1
 1 1 1 1 1
 1 1 1 1 1
 1 1 1 1 1
 1 1 1 1 1
 1 1 1 1 1
 1 1 1 1 1
 1 1 1 1 1
 1 1 1 1 1
 1 1 1 1 1
 1 1 1 1 1
 1 1 1 1 1
 1 1 1 1 1
 1 1 1 1 1
 1 1 1 1 1
Sel_pelaces
 1 1 1 1 1
 1 1 1 1 1
 1 1 1 1 1
 1 1 1 1 1
 1 1 1 1 1
 1 1 1 1 1
 1 1 1 1 1
 1 1 1 1 1
 1 1 1 1 1
 1 1 1 1 1
 1 1 1 1 1
 1 1 1 1 1
 1 1 1 1 1
 1 1 1 1 1
 1 1 1 1 1
 1 1 1 1 1
 1 1 1 1 1
 1 1 1 1 1
 1 1 1 1 1
 1 1 1 1 1
 1 1 1 1 1
 1 1 1 1 1
 1 1 1 1 1
 1 1 1 1 1
 1 1 1 1 1
 1 1 1 1 1
 1 1 1 1 1
 1 1 1 1 1
 1 1 1 1 1
 1 1 1 1 1
 1 1 1 1 1
 1 1 1 1 1
 1 1 1 1 1
pf_obs 
 0.8446 0.082 0.0669 0.0065 0
 0.8095 0.147 0.0364 0.0071 0
 0.9664 0.0169 0.016 0.0007 0
 0.9276 0.0648 0.0075 0.0001 0
 0.7033 0.2144 0.0806 0.0017 0
 0.9318 0.0425 0.0243 0.0014 0
 0.5671 0.3108 0.0964 0.0239 0.0018
 0.0768 0.2599 0.5324 0.112 0.0189
 0.490249 0.384438 0.106611 0.0170017 0.00170017
 0.7925 0.1577 0.0466 0.003 0.0002
 0.840416 0.127587 0.0312969 0.00059994 9.999e-05
 0.8084 0.0986 0.0794 0.0134 0.0002
 0.7335 0.1905 0.0724 0.0035 0.0001
 0.4001 0.4547 0.1325 0.0127 0
 0.49795 0.308269 0.164784 0.0264974 0.00249975
 0.9179 0.0499 0.0305 0.0017 0
 0.2467 0.6533 0.0926 0.0074 0
 0.9418 0.0223 0.034 0.0019 0
 0.707729 0.231977 0.0356964 0.0245975 0
 0.517169 0.277429 0.184464 0.0207286 0.00020938
 0.811772 0.124168 0.05621 0.00726502 0.000585176
 0.764997 0.148141 0.077277 0.00933861 0.000247198
 0.163321 0.427699 0.378323 0.0303852 0.000271297
 0.753843 0.0900009 0.118128 0.0371064 0.000921714
 0.721811 0.176058 0.0630433 0.0369309 0.00215725
 0.143369 0.312575 0.442814 0.0836902 0.0175525
 0.692698 0.0596174 0.167031 0.0765114 0.00414204
 0.394062 0.376323 0.152708 0.0712218 0.00568511
 0.125707 0.32114 0.495352 0.0537591 0.00404204
 0.23352 0.215282 0.420074 0.123614 0.00750983
 0.796117 0.104755 0.0508955 0.0450114 0.00322123
 0.162477 0.292055 0.404252 0.121198 0.0200186
 0 0 0 0 0
pf_pred 
 0.364925 0.133902 0.473135 0.0280368 1.09962e-06
 0.294024 0.393543 0.0691744 0.229693 0.0135655
 0.501457 0.241274 0.147862 0.0242933 0.0851141
 0.6302 0.257003 0.0565362 0.0323879 0.0238729
 0.539809 0.368444 0.0652221 0.0133227 0.0132028
 0.617607 0.271855 0.0895773 0.014915 0.00604507
 0.365456 0.497298 0.099481 0.0306257 0.00713906
 0.355361 0.378386 0.212264 0.039181 0.0148076
 0.417888 0.312091 0.162424 0.0858366 0.0217603
 0.59921 0.250962 0.0830298 0.0402438 0.0265545
 0.740476 0.202841 0.0365077 0.0112016 0.00897385
 0.620823 0.324819 0.0430506 0.00729171 0.00401602
 0.413296 0.466105 0.104407 0.012835 0.00335712
 0.422564 0.365057 0.171367 0.0355253 0.0054859
 0.888058 0.0821412 0.0197205 0.00814479 0.00193532
 0.870573 0.123429 0.00450108 0.000992508 0.000504929
 0.287207 0.671893 0.0391462 0.00131719 0.000436239
 0.805913 0.0913361 0.0972227 0.00529189 0.00023614
 0.570526 0.390416 0.0191052 0.0188842 0.00106939
 0.610866 0.297715 0.0837071 0.00378024 0.00393072
 0.611479 0.305228 0.0648079 0.0169316 0.00155328
 0.620978 0.294807 0.0671153 0.0133156 0.00378381
 0.217667 0.617052 0.130563 0.0276903 0.0070272
 0.606255 0.146903 0.197289 0.0391728 0.0103798
 0.541275 0.35446 0.0404953 0.0510037 0.0127652
 0.299727 0.501235 0.156045 0.0167341 0.0262596
 0.61261 0.183766 0.148289 0.0434146 0.0119203
 0.588223 0.319415 0.0453084 0.0342994 0.012754
 0.30991 0.518838 0.134725 0.0179504 0.0185772
 0.396478 0.292059 0.237681 0.0580863 0.0156953
 0.519411 0.281458 0.0994902 0.0760989 0.0235422
 0.374394 0.441337 0.110941 0.0367037 0.0366249
 0.666416 0.186085 0.105947 0.0250511 0.0165014
pobs_RECLAS
 0 0 0 0 0
 0 0 0 0 0
 0 0 0 0 0
 0 0 0 0 0
 0 0 0 0 0
 0 0 0 0 0
 0 0 0 0 0
 0 0 0 0 0
 0 0 0 0 0
 0 0 0 0 0
 0.991045 0.00858322 0.000360255 1.14367e-05 0
 0.934742 0.0480273 0.0164251 0.00080598 0
 0.827803 0.169806 0.00239088 0 0
 0.941827 0.0461693 0.0120037 0 0
 0.791401 0.0380133 0.147996 0.0225897 0
 0.846168 0.0940531 0.0597789 0 0
 0.134021 0.677848 0.182769 0.00536245 0
 0.80878 0.0450904 0.141981 0.00414843 0
 0.846168 0.0940531 0.0597789 0 0
 0.905697 0.0802665 0.012482 0.00150086 5.37128e-05
 0.989698 0.0102097 9.19794e-05 0 0
 0.975433 0.0193895 0.00387452 0.00125025 5.28907e-05
 0.303575 0.632131 0.0575291 0.00676475 0
 0.966965 0.00978017 0.0227588 0.000495775 0
 0.843318 0.132988 0.00938335 0.0141283 0.000182051
 0.564624 0.303363 0.111486 0.0197234 0.00080311
 0.826376 0.0876187 0.0782897 0.00655872 0.00115652
 0.89761 0.0855135 0.0140674 0.00269457 0.000114338
 0.34875 0.467042 0.161289 0.0227151 0.000203297
 0.318654 0.224769 0.449479 0.00709798 0
 0.937255 0.0296025 0.0250945 0.00804832 0
 0.456809 0.399803 0.12412 0.0192676 0
 0.883104 0.0372192 0.0704036 0.00927362 0
ppred_RECLAS
 0.558393 0.0975832 0.324836 0.0191867 7.52388e-07
 0.475414 0.300585 0.049723 0.164561 0.00971717
 0.687166 0.156253 0.0901236 0.0147584 0.0516985
 0.788146 0.15007 0.0310207 0.0177108 0.0130522
 0.71337 0.232201 0.0387302 0.00788575 0.00781346
 0.776749 0.161494 0.0500783 0.00831075 0.00336778
 0.558599 0.350691 0.0658136 0.0201907 0.00470572
 0.541628 0.275669 0.145752 0.0268175 0.0101333
 0.611304 0.214447 0.104956 0.055281 0.0140118
 0.766667 0.149577 0.0464864 0.022455 0.0148141
 0.858246 0.112233 0.0190356 0.00582187 0.00466322
 0.77982 0.190283 0.0236942 0.0039996 0.00220245
 0.605235 0.317616 0.0668219 0.00818657 0.00214089
 0.645968 0.230354 0.0998799 0.0206155 0.00318275
 0.946333 0.0400629 0.00901347 0.00370951 0.000881268
 0.935959 0.061251 0.0020956 0.000460487 0.000234225
 0.461304 0.509514 0.0279353 0.000936861 0.000310225
 0.901737 0.0477688 0.0477862 0.00259226 0.000115654
 0.74311 0.234881 0.0107847 0.0106231 0.000601459
 0.772985 0.176184 0.0465576 0.00209547 0.0021785
 0.771487 0.181848 0.0363355 0.00946163 0.000867843
 0.779529 0.173812 0.037211 0.00735796 0.0020905
 0.372203 0.501397 0.099919 0.0211223 0.00535946
 0.771042 0.0886985 0.112177 0.0222009 0.00588165
 0.715641 0.222767 0.0239703 0.0300923 0.00753019
 0.477282 0.380471 0.111601 0.0119293 0.0187167
 0.774581 0.110359 0.0838674 0.024474 0.00671865
 0.752663 0.194459 0.0259829 0.0196058 0.00728902
 0.488486 0.390228 0.0954836 0.012681 0.0131216
 0.587139 0.206026 0.15796 0.0384787 0.0103954
 0.700812 0.179706 0.0597952 0.0455866 0.0141003
 0.560836 0.315289 0.0746782 0.0246269 0.0245698
 0.812764 0.107279 0.0574867 0.013548 0.00892262
pobs_PELACES
 0 0 0 0 0
 0 0 0 0 0
 0 0 0 0 0
 0 0 0 0 0
 0 0 0 0 0
 0 0 0 0 0
 0 0 0 0 0
 0 0 0 0 0
 0 0 0 0 0
 0 0 0 0 0
 0 0 0 0 0
 0 0 0 0 0
 0 0 0 0 0
 0 0 0 0 0
 0 0 0 0 0
 0 0 0 0 0
 0.505614 0.472636 0.0217494 0 0
 0 0 0 0 0
 0.443492 0.261883 0.143347 0.151278 0
 0.227955 0.32914 0.350689 0.0885471 0.00366901
 0.970185 0.0296113 0.000203453 0 0
 0.997202 0.00247181 0.000326279 0 0
 0.445219 0.490057 0.0546422 0.010081 0
 0.90214 0.0892962 0.00764917 0.000914606 0
 0 0 0 0 0
 0.581667 0.319106 0.0959925 0.00289975 0.000334073
 0.762889 0.0836404 0.116647 0.0363945 0.000428098
 0.88444 0.0763242 0.0277011 0.0115352 0
 0.521256 0.241999 0.230069 0.00667565 0
 0.616807 0.101726 0.260614 0.0208532 0
 0.833518 0.0704572 0.0857862 0.0102388 0
 0.697417 0.212968 0.0787535 0.0105354 0.000325836
 0 0 0 0 0
ppred_PELACES
 0.566422 0.0960695 0.318688 0.0188199 7.37995e-07
 0.48971 0.293218 0.0481984 0.159459 0.0094157
 0.699136 0.15075 0.0864145 0.0141461 0.0495527
 0.802362 0.140411 0.0287408 0.0164001 0.0120859
 0.718701 0.228013 0.0379184 0.00771919 0.00764835
 0.786384 0.154799 0.047698 0.00791292 0.0032065
 0.586488 0.329417 0.0610265 0.0187085 0.00436012
 0.54624 0.273122 0.144108 0.0265119 0.0100178
 0.628548 0.205692 0.0998609 0.0525738 0.0133253
 0.783004 0.139639 0.042947 0.0207331 0.0136777
 0.860991 0.11012 0.0186291 0.00569673 0.00456295
 0.79464 0.177722 0.0219071 0.00369585 0.00203512
 0.62757 0.300277 0.0624996 0.00765242 0.00200114
 0.711411 0.18999 0.0796561 0.0164103 0.00253328
 0.952636 0.0354929 0.00786761 0.00323524 0.000768561
 0.942292 0.0552248 0.00186536 0.000409599 0.000208334
 0.475301 0.49645 0.0270429 0.000906603 0.0003002
 0.909149 0.0443816 0.0439781 0.00238441 0.000106378
 0.763532 0.216448 0.00981341 0.0096595 0.000546884
 0.787143 0.165542 0.0433385 0.00194957 0.00202675
 0.781332 0.174245 0.0345928 0.00900459 0.000825906
 0.791581 0.164595 0.0349529 0.00690832 0.00196271
 0.3811 0.494723 0.0981659 0.0207467 0.00526409
 0.778505 0.0860538 0.108329 0.0214337 0.00567833
 0.723112 0.217117 0.0232646 0.0291996 0.0073067
 0.484257 0.375719 0.109861 0.0117413 0.0184215
 0.781631 0.107155 0.081069 0.0236514 0.00649275
 0.758935 0.189689 0.0252481 0.0190473 0.00708128
 0.494576 0.385837 0.0941495 0.0125019 0.0129361
 0.594647 0.20263 0.154828 0.0377084 0.0101872
 0.711555 0.173662 0.0574531 0.0437869 0.0135435
 0.567325 0.310896 0.0734195 0.0242078 0.0241515
 0.821016 0.102822 0.0547633 0.0129017 0.00849685
pobs_pel_tallas
 0 0 0 0 0 0 0 0 0 0 0 0 0 0 0 0 0 0 0 0 0 0 0 0 0 0
 0 0 0 0 0 0 0 0 0 0 0 0 0 0 0 0 0 0 0 0 0 0 0 0 0 0
 0 0 0 0 0 0 0 0 0 0 0 0 0 0 0 0 0 0 0 0 0 0 0 0 0 0
 0 0 0 0 0 0 0 0 0 0 0 0 0 0 0 0 0 0 0 0 0 0 0 0 0 0
 0 0 0 0 0 0 0 0 0 0 0 0 0 0 0 0 0 0 0 0 0 0 0 0 0 0
 0 0 0 0 0 0 0 0 0 0 0 0 0 0 0 0 0 0 0 0 0 0 0 0 0 0
 0 0 0 0 0 0 0 0 0 0 0 0 0 0 0 0 0 0 0 0 0 0 0 0 0 0
 0 0 0 0 0 0 0 0 0 0 0 0 0 0 0 0 0 0 0 0 0 0 0 0 0 0
 0 0 0 0 0 0 0 0 0 0 0 0 0 0 0 0 0 0 0 0 0 0 0 0 0 0
 0 0 0 0 0 0 0 0 0 0 0 0 0 0 0 0 0 0 0 0 0 0 0 0 0 0
 0 0 0 0 0 0 0 0 0 0 0 0 0 0 0 0 0 0 0 0 0 0 0 0 0 0
 0 0 0 0 0 0 0 0 0 0 0 0 0 0 0 0 0 0 0 0 0 0 0 0 0 0
 0.00862536 0 0 0.000197151 0.00414017 0.0128641 0.00837892 0.0270097 0.101434 0.158115 0.152841 0.127902 0.109271 0.109419 0.0830992 0.0579132 0.0238553 0.00714673 0.00463305 0.00128148 0.00103504 0.000492878 0.000147863 0.000147863 4.92878e-05 0
 0 0 0 0 0 0 0 0 0 0 0 0 0 0 0 0 0 0 0 0 0 0 0 0 0 0
 0 0 0 0 0 0 0 0.0054083 0.00873648 0.0413646 0.0450493 0.0745869 0.0622846 0.0627006 0.0613931 0.0827291 0.12552 0.122667 0.0946155 0.0697135 0.0546179 0.0294188 0.0215738 0.0213955 0.0102223 0.00600262
 0 0 0 0 0.00359764 0.0251062 0.0480494 0.140153 0.205849 0.193036 0.1447 0.116669 0.0760912 0.0342217 0.00950174 0.001854 0.000860785 0 0 0 0.000165536 0 0.000143464 0 0 0
 0 0 0 0 0 0 0 0.000145254 0.000435761 0.0275982 0.070085 0.0708112 0.156366 0.174668 0.174014 0.160142 0.0824315 0.0480064 0.0283245 0.00493863 0.00203355 0 0 0 0 0
 0 0 0 0 0 0 0 0 0 0 0 0 0 0 0 0 0 0 0 0 0 0 0 0 0 0
 0 0 1.00437e-05 0.000401748 0.00122533 0.00171747 0.00176769 0.0269171 0.070346 0.194647 0.189555 0.159765 0.064822 0.0314167 0.0384472 0.0292271 0.0345202 0.0313363 0.0194345 0.0106764 0.0143323 0.0359363 0.0279516 0.0138201 0.00172751 0
 0 0.0021121 0.0136068 0.0755702 0.200478 0.177729 0.0527432 0.0373336 0.0318909 0.0142505 0.0149659 0.0166563 0.0217959 0.0798694 0.0677717 0.0528807 0.04013 0.0224614 0.0357745 0.0225083 0.00881397 0.00855152 0.00135912 0.000746735 0 0
 0 0 0 0 5.4009e-05 0.00500934 0.000945158 0.0243581 0.138947 0.33067 0.221406 0.137944 0.0707744 0.0437923 0.0131692 0.00525238 0.0047753 0.00276346 9.45158e-05 9.00151e-06 2.25038e-05 9.00151e-06 4.50075e-06 0 0 0
 0.000866109 0.00284123 0.00948549 0.0512746 0.133035 0.25785 0.225252 0.132002 0.0553304 0.0519788 0.0540692 0.017754 0.00435017 0.00159236 0.00146478 0.000404838 0.000125132 0.000115318 0.000107957 0.000100596 0 0 0 0 0 0
 0 0 0 0 0.00144013 0.00171154 0.00461396 0.0210425 0.0478622 0.0707936 0.0888783 0.103762 0.0637923 0.0337046 0.0602308 0.124433 0.169614 0.0934646 0.0462172 0.0250306 0.0313229 0.00938855 0.002487 0.000210481 0 0
 0 0.00764035 0.051015 0.0998891 0.058973 0.0496711 0.0374665 0.0718981 0.12319 0.153886 0.159021 0.0857701 0.0377988 0.023471 0.0147837 0.00900784 0.00315554 0.000888139 0.00291439 0.00214683 0.00393193 0.00274676 0.000635225 9.99891e-05 0 0
 0 0 0 0 0 0 0 0 0 0 0 0 0 0 0 0 0 0 0 0 0 0 0 0 0 0
 0 0 0 0 0 0 0 0 0 0 0 0 0 0 0 0 0 0 0 0 0 0 0 0 0 0
 0 0 0 0 0 0 0 0 0 0 0 0 0 0 0 0 0 0 0 0 0 0 0 0 0 0
 0 0 0 0 0 0 0 0 0 0 0 0 0 0 0 0 0 0 0 0 0 0 0 0 0 0
 0 0 0 0 0 0 0 0 0 0 0 0 0 0 0 0 0 0 0 0 0 0 0 0 0 0
 0 0 0 0 0 0 0 0 0 0 0 0 0 0 0 0 0 0 0 0 0 0 0 0 0 0
 0 0 0 0 0 0 0 0 0 0 0 0 0 0 0 0 0 0 0 0 0 0 0 0 0 0
 0 0 0 0 0 0 0 0 0 0 0 0 0 0 0 0 0 0 0 0 0 0 0 0 0 0
 0 0 0 0 0 0 0 0 0 0 0 0 0 0 0 0 0 0 0 0 0 0 0 0 0 0
ppred_pel_tallas
 1.11109e-16 4.66555e-05 0.000453508 0.00301372 0.0136999 0.0426256 0.0908188 0.132555 0.132564 0.0908666 0.0427875 0.0141735 0.00422523 0.00317368 0.00543331 0.00948231 0.0149876 0.0216144 0.0289478 0.0366297 0.0442745 0.0511598 0.056061 0.0575719 0.0548133 0.0480207
 1.19051e-16 4.03368e-05 0.000392088 0.00260556 0.0118445 0.0368529 0.07852 0.114608 0.114637 0.0786585 0.037318 0.0131888 0.00598394 0.00778122 0.0141179 0.0234011 0.0340256 0.0435258 0.0494903 0.0509963 0.0492299 0.0466619 0.0453949 0.0459493 0.0472463 0.04753
 1.12337e-16 5.7587e-05 0.000559766 0.00371984 0.0169099 0.0526129 0.112098 0.163613 0.163628 0.11217 0.0528537 0.0176068 0.00547483 0.00440994 0.00742633 0.0123364 0.0181238 0.0235604 0.0274436 0.0292615 0.0294791 0.0291342 0.0290724 0.0294375 0.0297348 0.029276
 1.04556e-16 6.60895e-05 0.000642414 0.00426907 0.0194066 0.0603811 0.128649 0.18777 0.187783 0.128715 0.0606036 0.0200494 0.0058837 0.00417082 0.00677828 0.0111314 0.0161027 0.0204132 0.0228147 0.022756 0.0207123 0.0178481 0.0152859 0.013549 0.0125089 0.0117102
 1.03222e-16 5.91985e-05 0.000575431 0.00382394 0.0173831 0.0540854 0.115235 0.168194 0.168216 0.115343 0.0544461 0.0184253 0.0064404 0.00628885 0.010915 0.0179641 0.0259034 0.0326411 0.036085 0.0352723 0.0309343 0.024983 0.0193475 0.0150701 0.0121851 0.010183
 1.02753e-16 6.47734e-05 0.000629621 0.00418405 0.0190201 0.0591787 0.126087 0.184031 0.184046 0.12616 0.0594243 0.0197301 0.00596834 0.00453132 0.00749413 0.0123372 0.0178834 0.022734 0.025501 0.0255334 0.0232755 0.0199116 0.0165995 0.0139101 0.0118013 0.00996418
 1.0446e-16 4.83083e-05 0.000469574 0.00312049 0.0141853 0.0441359 0.0940374 0.137257 0.137289 0.0941927 0.0446573 0.0156917 0.00690313 0.00873131 0.0157513 0.0259963 0.0375213 0.047348 0.052468 0.0514917 0.0454567 0.0370822 0.0290948 0.022943 0.0186459 0.0154821
 1.08583e-16 4.49932e-05 0.000437349 0.00290634 0.0132118 0.041107 0.0875839 0.127837 0.127863 0.0877134 0.0415425 0.0144718 0.00607725 0.0073869 0.0133241 0.022167 0.0324211 0.0418033 0.0479875 0.0498661 0.0481139 0.0445271 0.0407211 0.0372698 0.0338186 0.0297971
 1.10462e-16 5.17727e-05 0.000503249 0.00334427 0.0152026 0.0473009 0.10078 0.147096 0.147116 0.100878 0.0476289 0.0161515 0.00573258 0.00573845 0.0100583 0.0167159 0.0244782 0.031645 0.036521 0.0383536 0.037739 0.0360867 0.0345867 0.0335244 0.0323725 0.0303942
 1.0567e-16 6.4495e-05 0.000626914 0.00416607 0.0189383 0.0589243 0.125545 0.183239 0.183253 0.125611 0.059146 0.0195794 0.00577743 0.00415212 0.00678214 0.0111707 0.016231 0.0207256 0.0234454 0.0238563 0.0224086 0.0201916 0.0182152 0.0168865 0.0159957 0.0150682
 1.0191e-16 7.09187e-05 0.000689355 0.00458101 0.0208246 0.0647931 0.138049 0.201489 0.201499 0.138101 0.0649674 0.021328 0.00584499 0.00344972 0.00531661 0.00868597 0.0125268 0.0157992 0.0174957 0.0171572 0.0151418 0.0123729 0.009775 0.00783619 0.00655168 0.00565375
 1.01393e-16 6.54535e-05 0.000636231 0.00422798 0.0192198 0.0598 0.127411 0.185963 0.185981 0.127494 0.0600809 0.0200311 0.0062642 0.00508037 0.00850285 0.0139458 0.0200653 0.0251941 0.0276785 0.0267534 0.0229933 0.0179196 0.0130924 0.00939375 0.00691336 0.00529239
 1.02987e-16 5.16922e-05 0.000502466 0.00333907 0.0151789 0.0472274 0.100624 0.14687 0.146899 0.100766 0.0477029 0.0165526 0.00678857 0.00803738 0.0143753 0.0237182 0.0342415 0.0432221 0.0479068 0.0470048 0.0414256 0.0336089 0.0260189 0.0199937 0.0156163 0.012328
 1.04422e-16 5.8598e-05 0.000569593 0.00378515 0.0172068 0.0535367 0.114066 0.166487 0.166505 0.114156 0.0538389 0.0180807 0.00598313 0.0053815 0.00923746 0.0152837 0.0222563 0.0285008 0.0323561 0.0330357 0.031043 0.0277228 0.02434 0.021439 0.0188713 0.0162581
 1.00691e-16 7.84673e-05 0.000762731 0.00506861 0.0230412 0.0716897 0.152743 0.222933 0.222936 0.152759 0.0717459 0.0232037 0.00547676 0.0016546 0.00177492 0.00281704 0.00406693 0.0051494 0.00574055 0.00569379 0.00512062 0.00430813 0.00353847 0.00295248 0.00253771 0.00220707
 1.00145e-16 7.76153e-05 0.000754449 0.00501358 0.022791 0.0709113 0.151084 0.220513 0.220518 0.15111 0.0709984 0.0230425 0.00564445 0.00213008 0.00268554 0.00430468 0.00616484 0.00769189 0.00835909 0.00792565 0.00657946 0.00481726 0.00315839 0.00191119 0.00112486 0.00068833
 1.0105e-16 3.915e-05 0.000380552 0.0025289 0.0114961 0.0357688 0.0762109 0.111242 0.11129 0.0764443 0.0365523 0.0137582 0.00820355 0.0127563 0.0235076 0.0387073 0.0555349 0.0693687 0.0755205 0.0718193 0.0599213 0.0442375 0.0293757 0.018068 0.0107606 0.00650772
 1.01538e-16 7.48854e-05 0.000727913 0.00483724 0.0219894 0.0684172 0.14577 0.212757 0.212761 0.145791 0.0684886 0.0221964 0.00535957 0.00187738 0.00228489 0.00372889 0.00552669 0.00728628 0.00864965 0.00943058 0.00968343 0.00959375 0.00929329 0.0087704 0.00793767 0.00676652
 1.014e-16 6.28912e-05 0.000611325 0.00406247 0.0184674 0.057459 0.122423 0.178685 0.178706 0.122525 0.0578007 0.0194537 0.00653675 0.00600776 0.0102973 0.0168865 0.0242329 0.0302939 0.0330378 0.0315382 0.0265383 0.0199723 0.0138387 0.00928789 0.00644703 0.00482825
 1.01832e-16 6.48359e-05 0.000630228 0.00418809 0.0190385 0.0592358 0.126209 0.184209 0.184225 0.126287 0.0594982 0.0197967 0.0060928 0.0047928 0.00798362 0.0131302 0.018987 0.0240378 0.0267728 0.0264782 0.0236333 0.0195397 0.0155034 0.0122195 0.00972164 0.00772613
 1.02086e-16 6.43573e-05 0.000625576 0.00415717 0.0188979 0.0587985 0.125277 0.182849 0.182866 0.125359 0.0590744 0.019695 0.00615866 0.00499747 0.00837512 0.0137641 0.0198686 0.0250837 0.027815 0.0273223 0.0241438 0.0197034 0.0154305 0.0120871 0.0096937 0.00789225
 1.02076e-16 6.52015e-05 0.000633782 0.00421171 0.0191458 0.0595698 0.12692 0.185247 0.185263 0.126998 0.0598305 0.0198989 0.00610307 0.00476562 0.00792103 0.0130146 0.0187944 0.0237443 0.0263603 0.0259424 0.0229943 0.0188515 0.0148532 0.0117112 0.0094431 0.00771616
 1.05931e-16 3.13908e-05 0.00030513 0.0020277 0.00921765 0.0286798 0.0611071 0.0891976 0.0892453 0.0613403 0.0294631 0.0114806 0.00771009 0.0127171 0.0236251 0.0390626 0.0563966 0.0711878 0.0789146 0.077472 0.0683879 0.0557102 0.0435098 0.0339682 0.027161 0.0220815
 1.06259e-16 6.41245e-05 0.000623313 0.00414213 0.0188295 0.0585857 0.124823 0.182185 0.182194 0.124865 0.058725 0.019234 0.00516497 0.00288132 0.00442636 0.00740951 0.0111198 0.0149315 0.0182297 0.0207034 0.0224447 0.0237089 0.0245559 0.0247189 0.0238055 0.0216289
 1.04892e-16 5.95619e-05 0.000578962 0.00384741 0.0174898 0.0544173 0.115943 0.169226 0.169247 0.116045 0.0547606 0.0184813 0.0063363 0.00601246 0.01038 0.0170707 0.0246014 0.030983 0.0342452 0.0335164 0.0295591 0.0242602 0.0194853 0.0161815 0.0142505 0.0130228
 1.07562e-16 3.98877e-05 0.000387722 0.00257655 0.0117127 0.0364426 0.0776462 0.113335 0.113371 0.0778236 0.0370387 0.0134353 0.00690506 0.00985138 0.0180556 0.0298976 0.0433247 0.0550262 0.0616358 0.0615817 0.0559706 0.0477253 0.0397141 0.0333651 0.0285798 0.0245582
 1.05838e-16 6.4382e-05 0.000625816 0.00415877 0.0189052 0.058821 0.125325 0.182917 0.182928 0.125376 0.0589927 0.0194026 0.00541293 0.00338161 0.00535101 0.00888334 0.0131172 0.017184 0.0202332 0.021866 0.0223173 0.0221743 0.0218747 0.0214194 0.0204883 0.0187806
 1.03886e-16 6.25125e-05 0.000607644 0.00403801 0.0183562 0.0571131 0.121686 0.177608 0.177627 0.121775 0.0574131 0.0192229 0.00621367 0.00535804 0.00908738 0.0149332 0.0215296 0.0271317 0.0300137 0.0294024 0.0259436 0.0212616 0.0169707 0.0139029 0.0120035 0.010738
 1.06259e-16 4.07376e-05 0.000395984 0.00263146 0.0119622 0.0372192 0.0793007 0.11575 0.115787 0.0794828 0.0378306 0.0137291 0.00706959 0.0100945 0.0184896 0.0305796 0.0442272 0.0559933 0.0623844 0.0617721 0.0553229 0.046121 0.0372345 0.0302549 0.0251655 0.0211616
 1.10026e-16 4.89803e-05 0.000476106 0.00316389 0.0143826 0.0447497 0.0953448 0.139163 0.139182 0.0954413 0.0450745 0.0153233 0.00553529 0.0056865 0.0100434 0.0167856 0.0247839 0.0324451 0.0381512 0.0411283 0.0418008 0.0412668 0.040362 0.0391244 0.0370108 0.0335257
 1.08386e-16 5.86099e-05 0.000569709 0.00378592 0.0172102 0.0535475 0.114089 0.16652 0.166537 0.114171 0.0538235 0.0180084 0.00579282 0.00496248 0.00843637 0.0139485 0.0203153 0.0260423 0.0296609 0.0305375 0.0292434 0.0271078 0.0253141 0.0242566 0.0235503 0.0225099
 1.08714e-16 4.67299e-05 0.000454231 0.00301853 0.0137218 0.0426938 0.0909647 0.132772 0.132802 0.0911114 0.0431866 0.0151458 0.00659584 0.00827289 0.0149238 0.0246727 0.0357168 0.0453024 0.0506596 0.0505373 0.0459383 0.0393864 0.033333 0.0289549 0.0260497 0.0237387
 1.04339e-16 6.7626e-05 0.000657349 0.00436832 0.0198577 0.0617848 0.131639 0.192134 0.192144 0.131688 0.0619488 0.0203323 0.00556278 0.0032758 0.00507278 0.00836407 0.0122417 0.0158153 0.0182204 0.0190568 0.0185938 0.0175139 0.0164144 0.0154775 0.014516 0.0132526
pSPR Fmed_Fpbrs
1   0.984044 0.6 0.325 0.984044 0.984044 0.984044
Fs Fmed_Fpbrs
0   0.01 0.364224 0.946797 0.01 0.01 0.01
SSBpbr Bo_Bmed_Bpbrs
1.01367e+06  962989  946814 557520 278760 946814 946814 946814
Ro
161961
SPR SPRFo_SPRFmed_SPRFpbrs
1.16682e+06 1.16682e+06 1.1482e+06
Fref
0
Nvult_r0
 152010 23214.3 12640.7 2981.72 1963.83
CTP_r0
 19492.7 5442.99 3098.96 732.747 482.667
YTP_r0
356511
Np
 222745 81943.2 30145.2 11089.8 5580.55
Nvult_p0
 140801 51798 19055.4 7010.09 3527.58
CTP_p0
 0 0 0 0 0
 0 0 0 0 0
 0 0 0 0 0
 0 0 0 0 0
 0 0 0 0 0
 0 0 0 0 0
YTP_p0
 0 0 0 0 0 0
CBA_c0
0
log_Ro
11.8151
likeval ReclasPelacesDesembMPH_pf_preclas_ppelaces_ptallas_desvR_qrecl_qpela
 20.6985 17.0919 0.0745 61.0906 238.632 137.961 113.071 0 23.5949 6.30298e-08 2.32621e-06 0.309132 2064.84 0 0
q_reclas_q_pelaces
1.03614 1.24072
M
1
N
 184785 33789.7 113074 6680.75 0.261983
 91049.5 62517 10441.2 34574.3 2041.64
 116695 28759.1 16743.5 2743.3 9610.04
 170973 36996 7761.88 4435.2 3268.72
 146745 49657.8 8320.21 1694.49 1678.97
 222447 50243.4 15730.8 2612.02 1058.5
 94488.6 70217.6 13438.4 4127.23 961.966
 48680.3 25452.4 13499.3 2484.23 938.708
 43718.4 17039.6 8442.28 4449.67 1127.87
 59221.4 13238.9 4180.07 2020.94 1333.32
 125262 16940.8 2884.54 882.404 706.8
 155524 43304.1 5475.59 925.078 509.433
 74266.9 44828.9 9586.04 1175.49 307.419
 38169.2 21094.3 9624.03 1992.1 307.599
 121624 6248.66 1437.82 592.484 140.766
 404499 31286.8 1091.42 240.089 122.128
 90896 109263 6049.84 203.004 67.2233
 476941 28596.5 29021.5 1575.6 70.2986
 374420 139564 6532.14 6441.15 364.708
 394432 101556 27219.6 1226.08 1274.71
 451867 115836 23372.2 6089.36 558.546
 574324 142349 30852.1 6104.78 1734.52
 121949 173757 34853.1 7370.43 1870.17
 330953 40444.7 51511.1 10198.5 2701.94
 331171 108879 11790.3 14806.9 3705.29
 132594 110125 32456.6 3470.29 5444.84
 299376 45217.5 34596.9 10099.8 2772.68
 363955 98872.9 13288.3 10030.2 3729.08
 147365 122028 29983.4 3982.97 4121.4
 138290 50730.6 39096.5 9526.55 2573.74
 169569 46863.1 15729.5 11997.7 3711.09
 92954.7 54318.4 12923.6 4262.94 4253.12
 222745 31836.4 17218.4 4060 2673.96
pred_Ctot
 9449.14 3467.17 12251.1 725.967 0.0284729
 8239.95 11028.9 1938.59 6437.09 380.17
 10320.2 4965.51 3043.05 499.966 1751.68
 23191.3 9457.68 2080.53 1191.87 878.523
 6465.95 4413.3 781.245 159.582 158.146
 20210.7 8896.24 2931.34 488.08 197.82
 16403.9 22321.8 4465.32 1374.67 320.445
 1499.07 1596.21 895.426 165.283 62.4652
 4965.3 3708.23 1929.91 1019.9 258.554
 8498.3 3559.26 1177.57 570.758 376.609
 4796.17 1313.83 236.465 72.5545 58.1249
 21707.8 11357.7 1505.32 254.964 140.425
 10927.4 12323.6 2760.48 339.352 88.7608
 14281.6 12338 5791.76 1200.66 185.409
 23802.3 2201.61 528.562 218.302 51.8717
 69673.4 9878.19 360.229 79.4321 40.4103
 8427.38 19715 1148.65 38.6495 12.8003
 62834.1 7121.14 7580.1 412.589 18.411
 63735.8 43614.9 2134.32 2109.64 119.466
 51221.6 24963.6 7018.9 316.976 329.593
 41562.4 20746.4 4405.02 1150.85 105.577
 65514 31102.5 7080.74 1404.81 399.197
 7655.94 21703.4 4592.26 973.945 247.166
 22319.4 5408.27 7263.24 1442.16 382.135
 20280.7 13281.1 1517.3 1911.03 478.29
 6157.25 10296.8 3205.6 343.766 539.448
 19521.8 5856 4725.46 1383.48 379.86
 20540.7 11153.9 1582.16 1197.73 445.367
 6015.2 10070.4 2614.95 348.41 360.576
 6938.33 5111.01 4159.39 1016.5 274.667
 14011.4 7592.48 2683.81 2052.81 635.065
 4078.52 4807.77 1208.55 399.837 398.979
 19492.7 5442.99 3098.96 732.747 482.667
F
 0.0837549 0.174394 0.184927 0.185516 0.185548
 0.152449 0.317428 0.3366 0.337674 0.33773
 0.148752 0.30973 0.328437 0.329484 0.32954
 0.236348 0.492123 0.521846 0.52351 0.523598
 0.0718157 0.149534 0.158566 0.159071 0.159098
 0.15309 0.318762 0.338015 0.339093 0.339149
 0.311671 0.648958 0.688154 0.690348 0.690464
 0.0497343 0.103556 0.109811 0.110161 0.11018
 0.194609 0.405213 0.429687 0.431058 0.43113
 0.25156 0.523797 0.555433 0.557204 0.557298
 0.0621576 0.129424 0.137241 0.137679 0.137702
 0.243944 0.507939 0.538617 0.540335 0.540426
 0.258665 0.53859 0.57112 0.572941 0.573037
 0.809662 1.68587 1.78769 1.7934 1.7937
 0.357741 0.744885 0.789875 0.792394 0.792527
 0.308888 0.643164 0.682009 0.684184 0.684299
 0.156433 0.325723 0.345396 0.346498 0.346556
 0.228868 0.476548 0.505331 0.506942 0.507027
 0.304769 0.634587 0.672915 0.675061 0.675174
 0.225274 0.469064 0.497394 0.49898 0.499064
 0.155109 0.322967 0.342473 0.343565 0.343623
 0.195533 0.407138 0.431728 0.433105 0.433178
 0.103671 0.215862 0.2289 0.22963 0.229668
 0.111735 0.232653 0.246705 0.247492 0.247533
 0.101017 0.210338 0.223042 0.223753 0.22379
 0.0758099 0.157851 0.167385 0.167918 0.167947
 0.107866 0.224598 0.238163 0.238923 0.238963
 0.0927821 0.19319 0.204859 0.205512 0.205546
 0.0663793 0.138214 0.146562 0.14703 0.147054
 0.0821216 0.170993 0.181321 0.181899 0.181929
 0.138399 0.288173 0.305578 0.306552 0.306604
 0.071503 0.148883 0.157875 0.158379 0.158405
 0.147095 0.30628 0.324779 0.325815 0.325869
YTP_r0W_actual
 146975 94980.1 74591.9 22949.6 17014
YTP_p0W_proyectada
 0 0 0 0 0
 0 0 0 0 0
 0 0 0 0 0
 0 0 0 0 0
 0 0 0 0 0
 0 0 0 0 0
CTP_r0_actual
 19492.7 5442.99 3098.96 732.747 482.667
CTP_p0_proyectada
 0 0 0 0 0
 0 0 0 0 0
 0 0 0 0 0
 0 0 0 0 0
 0 0 0 0 0
 0 0 0 0 0
Wmedp
 7.54 17.45 24.07 31.32 35.25
Frms_r0
 0.147095 0.30628 0.324779 0.325815 0.325869
Zrms_r0
 1.1471 1.30628 1.32478 1.32581 1.32587
nmprior
 7.29 8.9 8.7 0
nm_flota  nm_reclas  nm_pelaces    nm_pelaL
inf 10.6528 18.1045 57.6634
cv_recla  cv_pelaces  cv_mph
0.394004 0.452883 0.626678
 ------------------------------------------------
Talla a la edad & desviaci?n 
 8 13.2811 15.8009 17.003 17.5766
 0.8 1.32811 1.58009 1.7003 1.75766
