years
 1991 1992 1993 1994 1995 1996 1997 1998 1999 2000 2001 2002 2003 2004 2005 2006 2007 2008 2009 2010 2011 2012 2013 2014 2015 2016 2017 2018 2019 2020 2021 2022 2023
reclasobs
 0 0 0 0 0 0 0 0 0 252601 567819 844713 477998 351125 339783 2.1784e+06 2.13404e+06 4.81314e+06 1.55562e+06 2.62356e+06 3.21686e+06 3.843e+06 1.13348e+06 3.07943e+06 1.97215e+06 2.03268e+06 2.025e+06 2.42433e+06 2.27542e+06 1.05018e+06 2.36338e+06 3.18982e+06 1.53035e+06
reclaspred
 2.94109e+06 1.56701e+06 821911 838279 892721 1.64802e+06 811011 727869 505398 331835 593520 984995 786502 238315 671551 1.46859e+06 1.23621e+06 2.54945e+06 2.05523e+06 1.96997e+06 3.49261e+06 2.77059e+06 2.02961e+06 3.02709e+06 2.33841e+06 2.07509e+06 2.47849e+06 2.84142e+06 2.3962e+06 1.87202e+06 1.64315e+06 1.53395e+06 1.40536e+06
pelacesobs
 0 0 0 0 0 0 0 0 0 0 0 0 0 0 0 552880 188675 0 991730 2.46772e+06 1.41603e+06 1.21717e+06 2.29649e+06 1.80582e+06 0 1.4828e+06 1.56532e+06 1.57751e+06 1.42118e+06 867257 1.10002e+06 1.06204e+06 0
pelacespred
 1.64694e+06 943361 464280 375587 460279 864944 364903 462839 278350 162275 321119 469219 413807 95782 351592 649041 596226 1.31991e+06 1.07301e+06 908843 1.78825e+06 1.46921e+06 1.16495e+06 1.82752e+06 1.36865e+06 1.2448e+06 1.64677e+06 1.67616e+06 1.38619e+06 1.2089e+06 896251 883167 751372
mphobs
 0 0 0 0 0 0 0 0 0 0 0 0 498337 0 5186 125008 0 168611 109162 213762 579715 649985 157893 87575 83554 210694 70296 0 107559 103333 445601 22526 28222
mphpred
 546894 377368 174942 102039 109161 141434 197370 92262 87169.3 51182.5 32122 93586.4 134588 63406.8 13244.8 73525.9 203890 164120 276437 313935 466145 550412 111484 86913.6 127703 107142 90036.7 100753 151449 115379 73676.9 74330.2 47166.2
desembarqueobs
 494567 514787 250237 358949 120608 361735 552515 73892 212993 205616 52469 317467 293654 387597 252695 516296 358380 742168 942051 627588 828172 859565 418607 520667 417249 300574 415391 372974 316634 284311 391294 218835 356480
desembarquepred
 494561 514090 250504 359013 120615 361742 552507 73898.8 213065 205679 52470.9 317452 293782 387857 252608 516141 358411 741925 941391 627184 828288 859506 418622 520728 417194 300581 415393 372925 316578 284228 391268 218865 356519
Reclutas
 165276 80920.7 90780.9 113893 101794 187220 66728.3 30750.3 30431.2 41816.8 89885.8 154446 72592.7 34328.2 92794.3 313798 63004.5 396159 297765 313517 332722 437339 80146.6 229231 232716 86838.5 204972 249826 101395 102211 115659 58986.4 135841
log_desv_Rt
 0.318756 -0.395394 -0.280414 -0.0536056 -0.165911 0.443423 -0.588234 -1.36296 -1.3734 -1.05556 -0.290323 0.250983 -0.503998 -1.25289 -0.258478 0.959885 -0.645656 1.19295 0.907442 0.958991 1.01844 1.29185 -0.405006 0.645867 0.660954 -0.324813 0.53401 0.731902 -0.169837 -0.16182 -0.0382137 -0.711556 0.122623
SSB
 1.3762e+06 949605 440224 256769 274691 355903 496659 232167 219352 128795 80831.6 235500 321498 153681 31895.1 177758 513068 412990 724048 529774 807423 1.00876e+06 939696 705659 963840 859719 680288 729765 1.13839e+06 814190 602757 619270 364387
BT
 2.09562e+06 1.4551e+06 710625 703084 592222 1.27878e+06 875639 567946 515888 374247 413405 791014 707485 496387 667068 1.18627e+06 915143 2.17349e+06 2.09925e+06 1.55005e+06 2.66314e+06 2.41443e+06 1.58032e+06 2.53713e+06 1.85207e+06 1.57615e+06 2.26651e+06 2.22739e+06 1.69144e+06 1.54479e+06 1.32414e+06 1.11302e+06 1.15762e+06
Ftot
 0.321173 0.583209 0.576244 0.967355 0.305812 0.557746 1.22417 0.222081 0.917925 1.35855 0.268007 0.808795 0.774404 2.85451 1.26512 1.07157 0.579625 0.807254 1.06374 0.811825 0.567144 0.719963 0.396865 0.436832 0.391146 0.291834 0.419649 0.349999 0.248249 0.31091 0.538395 0.284981 0.63178
BD_Bspro_t
 0.950573 0.709593 0.474467 0.383653 0.380443 0.493375 0.493467 0.285673 0.346131 0.274116 0.241963 0.561118 0.490333 0.263942 0.0796836 0.312027 0.448449 0.378023 0.448626 0.349447 0.395498 0.443375 0.459532 0.429954 0.542397 0.5728 0.567875 0.611954 0.694525 0.626736 0.578736 0.564019 0.540131
BD_Bspro
 1.58968 1.09691 0.508513 0.296601 0.317303 0.411113 0.573703 0.268182 0.253379 0.148775 0.0933706 0.272032 0.37137 0.177521 0.0368428 0.205332 0.592658 0.477055 0.836366 0.611955 0.932674 1.16524 1.08547 0.815125 1.11336 0.993083 0.785817 0.842969 1.31498 0.940492 0.69626 0.715334 0.420913
BD_Bo
 2.37765 1.64063 0.760573 0.443619 0.474583 0.614893 0.858076 0.401114 0.378974 0.222519 0.139652 0.406872 0.555451 0.265515 0.055105 0.307111 0.886426 0.713521 1.25094 0.915288 1.39498 1.74283 1.62351 1.21917 1.66522 1.48533 1.17533 1.26081 1.96679 1.40667 1.04138 1.06991 0.629551
BD_Brms
 2.54465 1.75586 0.813993 0.474778 0.507916 0.65808 0.918344 0.429287 0.405592 0.238148 0.149461 0.435449 0.594463 0.284164 0.0589754 0.328682 0.948685 0.763636 1.3388 0.979575 1.49296 1.86524 1.73754 1.30479 1.78218 1.58966 1.25788 1.34937 2.10493 1.50547 1.11452 1.14506 0.673768
Sel_flota
 0.422576 0.932907 0.996229 0.999801 0.99999
 0.422576 0.932907 0.996229 0.999801 0.99999
 0.422576 0.932907 0.996229 0.999801 0.99999
 0.422576 0.932907 0.996229 0.999801 0.99999
 0.422576 0.932907 0.996229 0.999801 0.99999
 0.422576 0.932907 0.996229 0.999801 0.99999
 0.422576 0.932907 0.996229 0.999801 0.99999
 0.422576 0.932907 0.996229 0.999801 0.99999
 0.422576 0.932907 0.996229 0.999801 0.99999
 0.422576 0.932907 0.996229 0.999801 0.99999
 0.422576 0.932907 0.996229 0.999801 0.99999
 0.422576 0.932907 0.996229 0.999801 0.99999
 0.422576 0.932907 0.996229 0.999801 0.99999
 0.422576 0.932907 0.996229 0.999801 0.99999
 0.422576 0.932907 0.996229 0.999801 0.99999
 0.422576 0.932907 0.996229 0.999801 0.99999
 0.422576 0.932907 0.996229 0.999801 0.99999
 0.422576 0.932907 0.996229 0.999801 0.99999
 0.422576 0.932907 0.996229 0.999801 0.99999
 0.422576 0.932907 0.996229 0.999801 0.99999
 0.422576 0.932907 0.996229 0.999801 0.99999
 0.422576 0.932907 0.996229 0.999801 0.99999
 0.422576 0.932907 0.996229 0.999801 0.99999
 0.422576 0.932907 0.996229 0.999801 0.99999
 0.422576 0.932907 0.996229 0.999801 0.99999
 0.422576 0.932907 0.996229 0.999801 0.99999
 0.422576 0.932907 0.996229 0.999801 0.99999
 0.422576 0.932907 0.996229 0.999801 0.99999
 0.422576 0.932907 0.996229 0.999801 0.99999
 0.422576 0.932907 0.996229 0.999801 0.99999
 0.422576 0.932907 0.996229 0.999801 0.99999
 0.422576 0.932907 0.996229 0.999801 0.99999
 0.422576 0.932907 0.996229 0.999801 0.99999
Sel_reclas
 1 1 1 1 1
 1 1 1 1 1
 1 1 1 1 1
 1 1 1 1 1
 1 1 1 1 1
 1 1 1 1 1
 1 1 1 1 1
 1 1 1 1 1
 1 1 1 1 1
 1 1 1 1 1
 1 1 1 1 1
 1 1 1 1 1
 1 1 1 1 1
 1 1 1 1 1
 1 1 1 1 1
 1 1 1 1 1
 1 1 1 1 1
 1 1 1 1 1
 1 1 1 1 1
 1 1 1 1 1
 1 1 1 1 1
 1 1 1 1 1
 1 1 1 1 1
 1 1 1 1 1
 1 1 1 1 1
 1 1 1 1 1
 1 1 1 1 1
 1 1 1 1 1
 1 1 1 1 1
 1 1 1 1 1
 1 1 1 1 1
 1 1 1 1 1
 1 1 1 1 1
Sel_pelaces
 0.799595 0.952561 0.990201 0.998038 0.999609
 0.799595 0.952561 0.990201 0.998038 0.999609
 0.799595 0.952561 0.990201 0.998038 0.999609
 0.799595 0.952561 0.990201 0.998038 0.999609
 0.799595 0.952561 0.990201 0.998038 0.999609
 0.799595 0.952561 0.990201 0.998038 0.999609
 0.799595 0.952561 0.990201 0.998038 0.999609
 0.799595 0.952561 0.990201 0.998038 0.999609
 0.799595 0.952561 0.990201 0.998038 0.999609
 0.799595 0.952561 0.990201 0.998038 0.999609
 0.799595 0.952561 0.990201 0.998038 0.999609
 0.799595 0.952561 0.990201 0.998038 0.999609
 0.799595 0.952561 0.990201 0.998038 0.999609
 0.799595 0.952561 0.990201 0.998038 0.999609
 0.799595 0.952561 0.990201 0.998038 0.999609
 0.799595 0.952561 0.990201 0.998038 0.999609
 0.799595 0.952561 0.990201 0.998038 0.999609
 0.799595 0.952561 0.990201 0.998038 0.999609
 0.799595 0.952561 0.990201 0.998038 0.999609
 0.799595 0.952561 0.990201 0.998038 0.999609
 0.799595 0.952561 0.990201 0.998038 0.999609
 0.799595 0.952561 0.990201 0.998038 0.999609
 0.799595 0.952561 0.990201 0.998038 0.999609
 0.799595 0.952561 0.990201 0.998038 0.999609
 0.799595 0.952561 0.990201 0.998038 0.999609
 0.799595 0.952561 0.990201 0.998038 0.999609
 0.799595 0.952561 0.990201 0.998038 0.999609
 0.799595 0.952561 0.990201 0.998038 0.999609
 0.799595 0.952561 0.990201 0.998038 0.999609
 0.799595 0.952561 0.990201 0.998038 0.999609
 0.799595 0.952561 0.990201 0.998038 0.999609
 0.799595 0.952561 0.990201 0.998038 0.999609
 0.799595 0.952561 0.990201 0.998038 0.999609
pf_obs 
 0.8446 0.082 0.0669 0.0065 0
 0.8095 0.147 0.0364 0.0071 0
 0.9664 0.0169 0.016 0.0007 0
 0.9276 0.0648 0.0075 0.0001 0
 0.7033 0.2144 0.0806 0.0017 0
 0.9318 0.0425 0.0243 0.0014 0
 0.5671 0.3108 0.0964 0.0239 0.0018
 0.0768 0.2599 0.5324 0.112 0.0189
 0.490249 0.384438 0.106611 0.0170017 0.00170017
 0.7925 0.1577 0.0466 0.003 0.0002
 0.840416 0.127587 0.0312969 0.00059994 9.999e-05
 0.8084 0.0986 0.0794 0.0134 0.0002
 0.7335 0.1905 0.0724 0.0035 0.0001
 0.4001 0.4547 0.1325 0.0127 0
 0.49795 0.308269 0.164784 0.0264974 0.00249975
 0.9179 0.0499 0.0305 0.0017 0
 0.2467 0.6533 0.0926 0.0074 0
 0.9418 0.0223 0.034 0.0019 0
 0.707729 0.231977 0.0356964 0.0245975 0
 0.517169 0.277429 0.184464 0.0207286 0.00020938
 0.811772 0.124168 0.05621 0.00726502 0.000585176
 0.764997 0.148141 0.077277 0.00933861 0.000247198
 0.163321 0.427699 0.378323 0.0303852 0.000271297
 0.753843 0.0900009 0.118128 0.0371064 0.000921714
 0.721811 0.176058 0.0630433 0.0369309 0.00215725
 0.143369 0.312575 0.442814 0.0836902 0.0175525
 0.692698 0.0596174 0.167031 0.0765114 0.00414204
 0.394062 0.376323 0.152708 0.0712218 0.00568511
 0.125707 0.32114 0.495352 0.0537591 0.00404204
 0.23352 0.215282 0.420074 0.123614 0.00750983
 0.796117 0.104755 0.0508955 0.0450114 0.00322123
 0.162477 0.292055 0.404252 0.121198 0.0200186
 0 0 0 0 0
pf_pred 
 0.450737 0.16443 0.357556 0.0272747 1.16259e-06
 0.340599 0.439562 0.0693447 0.139868 0.0106257
 0.53124 0.268191 0.137617 0.0199222 0.0430306
 0.638779 0.270285 0.0539641 0.0254067 0.0115653
 0.596322 0.338167 0.0502784 0.00906085 0.00617208
 0.690394 0.239848 0.0591356 0.00816056 0.0024621
 0.371343 0.535324 0.0736756 0.0166757 0.00298125
 0.393589 0.394901 0.183075 0.0224759 0.00595846
 0.488642 0.306922 0.136445 0.0588817 0.00910897
 0.701438 0.220792 0.048583 0.0195166 0.00967036
 0.815127 0.164141 0.0158095 0.00308307 0.00183959
 0.71583 0.258695 0.0228017 0.00204087 0.000632871
 0.452407 0.47841 0.0635044 0.00508541 0.000593127
 0.4608 0.376243 0.144039 0.0173725 0.0015452
 0.921878 0.0659804 0.00896753 0.00280939 0.000364836
 0.894157 0.103168 0.00229926 0.000277944 9.77417e-05
 0.295461 0.677599 0.0263281 0.000526921 8.5577e-05
 0.856053 0.0741298 0.0673604 0.00240147 5.56015e-05
 0.599613 0.378176 0.0119712 0.00988087 0.000358508
 0.660023 0.277956 0.0589221 0.00167513 0.00142427
 0.634556 0.307968 0.0477895 0.00920498 0.000481577
 0.658521 0.278411 0.0538489 0.00767182 0.0015477
 0.217218 0.655267 0.105686 0.0186523 0.00317723
 0.644598 0.141733 0.181098 0.0270153 0.00555595
 0.571535 0.351171 0.032324 0.0381401 0.00682941
 0.304468 0.529025 0.138392 0.0117868 0.0163276
 0.643405 0.179791 0.13683 0.0332471 0.00672598
 0.611115 0.317554 0.0373873 0.0262954 0.0076483
 0.324254 0.531667 0.119292 0.013018 0.0117691
 0.43429 0.295604 0.21574 0.0450446 0.00932179
 0.53356 0.301705 0.0891791 0.0603984 0.0151575
 0.383349 0.458573 0.105308 0.0286279 0.0241419
 0.681821 0.188294 0.098417 0.0209925 0.0104758
pobs_RECLAS
 0 0 0 0 0
 0 0 0 0 0
 0 0 0 0 0
 0 0 0 0 0
 0 0 0 0 0
 0 0 0 0 0
 0 0 0 0 0
 0 0 0 0 0
 0 0 0 0 0
 0 0 0 0 0
 0.991045 0.00858322 0.000360255 1.14367e-05 0
 0.934742 0.0480273 0.0164251 0.00080598 0
 0.827803 0.169806 0.00239088 0 0
 0.941827 0.0461693 0.0120037 0 0
 0.791401 0.0380133 0.147996 0.0225897 0
 0.846168 0.0940531 0.0597789 0 0
 0.134021 0.677848 0.182769 0.00536245 0
 0.80878 0.0450904 0.141981 0.00414843 0
 0.846168 0.0940531 0.0597789 0 0
 0.905697 0.0802665 0.012482 0.00150086 5.37128e-05
 0.989698 0.0102097 9.19794e-05 0 0
 0.975433 0.0193895 0.00387452 0.00125025 5.28907e-05
 0.303575 0.632131 0.0575291 0.00676475 0
 0.966965 0.00978017 0.0227588 0.000495775 0
 0.843318 0.132988 0.00938335 0.0141283 0.000182051
 0.564624 0.303363 0.111486 0.0197234 0.00080311
 0.826376 0.0876187 0.0782897 0.00655872 0.00115652
 0.89761 0.0855135 0.0140674 0.00269457 0.000114338
 0.34875 0.467042 0.161289 0.0227151 0.000203297
 0.318654 0.224769 0.449479 0.00709798 0
 0.937255 0.0296025 0.0250945 0.00804832 0
 0.456809 0.399803 0.12412 0.0192676 0
 0.883104 0.0372192 0.0704036 0.00927362 0
ppred_RECLAS
 0.658742 0.1071 0.217618 0.0165387 7.04828e-07
 0.547002 0.309224 0.0454713 0.0913637 0.00693947
 0.727114 0.160873 0.0769512 0.0110972 0.0239643
 0.809366 0.145343 0.0269226 0.0126234 0.00574498
 0.769988 0.194779 0.0270638 0.00485929 0.00330941
 0.83768 0.127709 0.0293577 0.00403582 0.00121739
 0.590763 0.352488 0.0448382 0.0101048 0.00180611
 0.597093 0.268495 0.1164 0.0142381 0.00377385
 0.697775 0.186842 0.0771143 0.0331427 0.00512606
 0.854644 0.109761 0.0222743 0.0089082 0.00441292
 0.908562 0.0817893 0.00736417 0.00143084 0.000853583
 0.854876 0.132956 0.0108951 0.000971282 0.000301129
 0.658866 0.300703 0.037125 0.00296119 0.0003453
 0.727045 0.196816 0.0673493 0.00807236 0.000717761
 0.966646 0.0285128 0.00357943 0.00111649 0.000144958
 0.952695 0.0461962 0.000953779 0.000114814 4.03665e-05
 0.489699 0.492066 0.0178221 0.000355317 5.76952e-05
 0.934664 0.0348363 0.0294303 0.00104504 2.41909e-05
 0.781454 0.207288 0.00607949 0.00499695 0.000181264
 0.820501 0.148666 0.0292982 0.000829616 0.000705228
 0.800099 0.170291 0.0246356 0.00472704 0.000247255
 0.818403 0.149992 0.0270002 0.00383162 0.000772822
 0.387408 0.518441 0.0780833 0.0137294 0.00233819
 0.81029 0.0788343 0.0940285 0.0139741 0.00287334
 0.752675 0.205233 0.0176415 0.0207381 0.00371266
 0.499066 0.387126 0.0946527 0.00803187 0.0111239
 0.808191 0.10004 0.0710819 0.0172069 0.00348031
 0.781487 0.180669 0.0198713 0.0139242 0.0040492
 0.520939 0.382269 0.080192 0.00871908 0.00788112
 0.639988 0.19426 0.132489 0.0275605 0.00570242
 0.727385 0.180745 0.0498218 0.0336143 0.00843411
 0.586107 0.313129 0.0672113 0.0182042 0.0153486
 0.834779 0.10062 0.0489963 0.0104106 0.00519408
pobs_PELACES
 0 0 0 0 0
 0 0 0 0 0
 0 0 0 0 0
 0 0 0 0 0
 0 0 0 0 0
 0 0 0 0 0
 0 0 0 0 0
 0 0 0 0 0
 0 0 0 0 0
 0 0 0 0 0
 0 0 0 0 0
 0 0 0 0 0
 0 0 0 0 0
 0 0 0 0 0
 0 0 0 0 0
 0 0 0 0 0
 0.505614 0.472636 0.0217494 0 0
 0 0 0 0 0
 0.443492 0.261883 0.143347 0.151278 0
 0.227955 0.32914 0.350689 0.0885471 0.00366901
 0.970185 0.0296113 0.000203453 0 0
 0.997202 0.00247181 0.000326279 0 0
 0.445219 0.490057 0.0546422 0.010081 0
 0.90214 0.0892962 0.00764917 0.000914606 0
 0 0 0 0 0
 0.581667 0.319106 0.0959925 0.00289975 0.000334073
 0.762889 0.0836404 0.116647 0.0363945 0.000428098
 0.88444 0.0763242 0.0277011 0.0115352 0
 0.521256 0.241999 0.230069 0.00667565 0
 0.616807 0.101726 0.260614 0.0208532 0
 0.833518 0.0704572 0.0857862 0.0102388 0
 0.697417 0.212968 0.0787535 0.0105354 0.000325836
 0 0 0 0 0
ppred_PELACES
 0.625807 0.114828 0.240917 0.0184474 7.87391e-07
 0.525379 0.320719 0.0484314 0.098014 0.00745605
 0.708868 0.16956 0.0833021 0.0120999 0.0261699
 0.806685 0.146631 0.0276694 0.0130613 0.00595328
 0.746375 0.213635 0.0306601 0.00554656 0.00378335
 0.82547 0.136482 0.0322362 0.00446366 0.00134852
 0.597774 0.345745 0.0445637 0.0101079 0.00180935
 0.560661 0.289317 0.12978 0.0159962 0.00424645
 0.69165 0.18903 0.0795596 0.034427 0.00533278
 0.860813 0.104769 0.0214827 0.00864577 0.0042893
 0.896834 0.0919337 0.0085566 0.00167516 0.00100089
 0.849746 0.137393 0.0115073 0.001033 0.000320752
 0.648132 0.309306 0.0390589 0.00313723 0.000366387
 0.784316 0.156399 0.0524125 0.0063105 0.000561888
 0.967786 0.0274818 0.00349276 0.00109645 0.000142568
 0.95292 0.0459577 0.000964508 0.000116877 4.11537e-05
 0.470132 0.510439 0.0189867 0.000381271 6.20047e-05
 0.931576 0.0361057 0.0311776 0.00111479 2.58447e-05
 0.781979 0.20658 0.00615967 0.00509653 0.000185155
 0.814205 0.15329 0.0308749 0.000880339 0.000749487
 0.786366 0.181224 0.0269321 0.00520511 0.00027268
 0.8096 0.15658 0.0288624 0.00412479 0.000833228
 0.360918 0.53819 0.0835649 0.0148025 0.00252487
 0.791221 0.0852013 0.104678 0.0156718 0.00322742
 0.730607 0.222197 0.0196928 0.0233219 0.0041817
 0.465683 0.409697 0.103497 0.00884879 0.0122744
 0.788952 0.108403 0.0793685 0.0193553 0.00392092
 0.759888 0.197304 0.0223941 0.0158096 0.00460462
 0.485851 0.407336 0.0883674 0.00968117 0.0087644
 0.607522 0.208476 0.146846 0.0307776 0.00637795
 0.708162 0.19146 0.0542472 0.0368663 0.00926433
 0.552819 0.335358 0.0743828 0.0202992 0.0171416
 0.823526 0.106318 0.0531107 0.0113656 0.00567928
pobs_pel_tallas
 0 0 0 0 0 0 0 0 0 0 0 0 0 0 0 0 0 0 0 0 0 0 0 0 0 0
 0 0 0 0 0 0 0 0 0 0 0 0 0 0 0 0 0 0 0 0 0 0 0 0 0 0
 0 0 0 0 0 0 0 0 0 0 0 0 0 0 0 0 0 0 0 0 0 0 0 0 0 0
 0 0 0 0 0 0 0 0 0 0 0 0 0 0 0 0 0 0 0 0 0 0 0 0 0 0
 0 0 0 0 0 0 0 0 0 0 0 0 0 0 0 0 0 0 0 0 0 0 0 0 0 0
 0 0 0 0 0 0 0 0 0 0 0 0 0 0 0 0 0 0 0 0 0 0 0 0 0 0
 0 0 0 0 0 0 0 0 0 0 0 0 0 0 0 0 0 0 0 0 0 0 0 0 0 0
 0 0 0 0 0 0 0 0 0 0 0 0 0 0 0 0 0 0 0 0 0 0 0 0 0 0
 0 0 0 0 0 0 0 0 0 0 0 0 0 0 0 0 0 0 0 0 0 0 0 0 0 0
 0 0 0 0 0 0 0 0 0 0 0 0 0 0 0 0 0 0 0 0 0 0 0 0 0 0
 0 0 0 0 0 0 0 0 0 0 0 0 0 0 0 0 0 0 0 0 0 0 0 0 0 0
 0 0 0 0 0 0 0 0 0 0 0 0 0 0 0 0 0 0 0 0 0 0 0 0 0 0
 0.00862536 0 0 0.000197151 0.00414017 0.0128641 0.00837892 0.0270097 0.101434 0.158115 0.152841 0.127902 0.109271 0.109419 0.0830992 0.0579132 0.0238553 0.00714673 0.00463305 0.00128148 0.00103504 0.000492878 0.000147863 0.000147863 4.92878e-05 0
 0 0 0 0 0 0 0 0 0 0 0 0 0 0 0 0 0 0 0 0 0 0 0 0 0 0
 0 0 0 0 0 0 0 0.0054083 0.00873648 0.0413646 0.0450493 0.0745869 0.0622846 0.0627006 0.0613931 0.0827291 0.12552 0.122667 0.0946155 0.0697135 0.0546179 0.0294188 0.0215738 0.0213955 0.0102223 0.00600262
 0 0 0 0 0.00359764 0.0251062 0.0480494 0.140153 0.205849 0.193036 0.1447 0.116669 0.0760912 0.0342217 0.00950174 0.001854 0.000860785 0 0 0 0.000165536 0 0.000143464 0 0 0
 0 0 0 0 0 0 0 0.000145254 0.000435761 0.0275982 0.070085 0.0708112 0.156366 0.174668 0.174014 0.160142 0.0824315 0.0480064 0.0283245 0.00493863 0.00203355 0 0 0 0 0
 0 0 0 0 0 0 0 0 0 0 0 0 0 0 0 0 0 0 0 0 0 0 0 0 0 0
 0 0 1.00437e-05 0.000401748 0.00122533 0.00171747 0.00176769 0.0269171 0.070346 0.194647 0.189555 0.159765 0.064822 0.0314167 0.0384472 0.0292271 0.0345202 0.0313363 0.0194345 0.0106764 0.0143323 0.0359363 0.0279516 0.0138201 0.00172751 0
 0 0.0021121 0.0136068 0.0755702 0.200478 0.177729 0.0527432 0.0373336 0.0318909 0.0142505 0.0149659 0.0166563 0.0217959 0.0798694 0.0677717 0.0528807 0.04013 0.0224614 0.0357745 0.0225083 0.00881397 0.00855152 0.00135912 0.000746735 0 0
 0 0 0 0 5.4009e-05 0.00500934 0.000945158 0.0243581 0.138947 0.33067 0.221406 0.137944 0.0707744 0.0437923 0.0131692 0.00525238 0.0047753 0.00276346 9.45158e-05 9.00151e-06 2.25038e-05 9.00151e-06 4.50075e-06 0 0 0
 0.000866109 0.00284123 0.00948549 0.0512746 0.133035 0.25785 0.225252 0.132002 0.0553304 0.0519788 0.0540692 0.017754 0.00435017 0.00159236 0.00146478 0.000404838 0.000125132 0.000115318 0.000107957 0.000100596 0 0 0 0 0 0
 0 0 0 0 0.00144013 0.00171154 0.00461396 0.0210425 0.0478622 0.0707936 0.0888783 0.103762 0.0637923 0.0337046 0.0602308 0.124433 0.169614 0.0934646 0.0462172 0.0250306 0.0313229 0.00938855 0.002487 0.000210481 0 0
 0 0.00764035 0.051015 0.0998891 0.058973 0.0496711 0.0374665 0.0718981 0.12319 0.153886 0.159021 0.0857701 0.0377988 0.023471 0.0147837 0.00900784 0.00315554 0.000888139 0.00291439 0.00214683 0.00393193 0.00274676 0.000635225 9.99891e-05 0 0
 0 0 0 0 0 0 0 0 0 0 0 0 0 0 0 0 0 0 0 0 0 0 0 0 0 0
 0 0 0 0 0 0 0 0 0 0 0 0 0 0 0 0 0 0 0 0 0 0 0 0 0 0
 0 0 0 0 0 0 0 0 0 0 0 0 0 0 0 0 0 0 0 0 0 0 0 0 0 0
 0 0 0 0 0 0 0 0 0 0 0 0 0 0 0 0 0 0 0 0 0 0 0 0 0 0
 0 0 0 0 0 0 0 0 0 0 0 0 0 0 0 0 0 0 0 0 0 0 0 0 0 0
 0 0 0 0 0 0 0 0 0 0 0 0 0 0 0 0 0 0 0 0 0 0 0 0 0 0
 0 0 0 0 0 0 0 0 0 0 0 0 0 0 0 0 0 0 0 0 0 0 0 0 0 0
 0 0 0 0 0 0 0 0 0 0 0 0 0 0 0 0 0 0 0 0 0 0 0 0 0 0
 0 0 0 0 0 0 0 0 0 0 0 0 0 0 0 0 0 0 0 0 0 0 0 0 0 0
ppred_pel_tallas
 1.08832e-16 5.15469e-05 0.000501054 0.00332968 0.0151363 0.0470946 0.10034 0.146452 0.146463 0.100396 0.0472835 0.0156864 0.0047275 0.00360829 0.0061159 0.0104538 0.0160407 0.0222213 0.0282872 0.0337915 0.0385956 0.0425402 0.0450959 0.0454224 0.0428682 0.0374963
 1.12571e-16 4.32749e-05 0.000420647 0.00279535 0.0127073 0.0395372 0.0842393 0.122956 0.122987 0.0843906 0.0400452 0.014175 0.0064818 0.00847626 0.0153677 0.025409 0.0367815 0.0466774 0.0523059 0.0524892 0.0484025 0.0427593 0.0380832 0.0353985 0.0341305 0.0329401
 1.0809e-16 5.83886e-05 0.000567558 0.00377162 0.0171453 0.0533453 0.113658 0.165891 0.165908 0.113739 0.0536155 0.017927 0.00573867 0.00487784 0.00829225 0.0137425 0.0200886 0.025893 0.0297262 0.0309361 0.0299986 0.0280964 0.0262831 0.0249138 0.0236884 0.0220977
 1.03154e-16 6.64456e-05 0.000645875 0.00429207 0.0195111 0.0607064 0.129342 0.188781 0.188795 0.129411 0.0609386 0.0201819 0.00597665 0.00432591 0.00706326 0.0115928 0.0167441 0.0211671 0.0235362 0.0232518 0.0207925 0.0173736 0.0141934 0.0118552 0.0103045 0.00915075
 1.02136e-16 6.1478e-05 0.000597588 0.00397118 0.0180524 0.0561679 0.119672 0.17467 0.17469 0.119773 0.0565058 0.0190282 0.00642058 0.00594471 0.0102168 0.0167936 0.0241867 0.0304167 0.0335071 0.0325441 0.0282133 0.0223242 0.0167208 0.0124279 0.00952491 0.00756823
 1.01642e-16 6.79929e-05 0.000660915 0.00439201 0.0199655 0.06212 0.132354 0.193177 0.19319 0.132418 0.0623363 0.0205903 0.00596136 0.00408995 0.00658952 0.0108099 0.0156205 0.0197565 0.0219721 0.0216839 0.0192988 0.0159075 0.0126022 0.00996188 0.0080039 0.00646995
 1.02695e-16 4.92379e-05 0.00047861 0.00318054 0.0144583 0.0449852 0.095847 0.139899 0.139932 0.0960098 0.0455318 0.0160369 0.00714269 0.00912678 0.01647 0.0271403 0.0390682 0.049078 0.0539615 0.0522322 0.0450026 0.0352187 0.0258957 0.0187286 0.0138785 0.0106485
 1.06142e-16 4.6181e-05 0.000448895 0.00298307 0.0135606 0.0421923 0.0898961 0.131212 0.13124 0.0900331 0.0426527 0.0148923 0.00633237 0.00778265 0.0140393 0.0233059 0.0339619 0.043526 0.0494676 0.0505718 0.0475713 0.0424715 0.0371656 0.0324814 0.028236 0.0239299
 1.067e-16 5.69704e-05 0.000553772 0.00368001 0.0167288 0.0520496 0.110898 0.161863 0.161881 0.110987 0.0523505 0.017599 0.00586884 0.00534731 0.00920609 0.0152491 0.0222445 0.0285747 0.0326259 0.0336604 0.0322147 0.029632 0.0271224 0.0251172 0.0233133 0.0211758
 1.0224e-16 7.09041e-05 0.000689213 0.00458006 0.0208203 0.0647798 0.13802 0.201447 0.201457 0.13807 0.0649457 0.0212998 0.00578425 0.00332018 0.00507418 0.00829405 0.0119833 0.0151607 0.0168791 0.0167088 0.0149865 0.0125721 0.0103122 0.00863153 0.00749157 0.00662101
 1.00608e-16 7.3871e-05 0.000718053 0.00477171 0.0216915 0.0674904 0.143796 0.209876 0.209885 0.143839 0.0676356 0.0221109 0.00582401 0.00301404 0.00443087 0.007199 0.0103416 0.012959 0.0141886 0.0136337 0.0115976 0.00888095 0.00630988 0.00435831 0.00308204 0.00229275
 1.00526e-16 6.99925e-05 0.000680352 0.00452118 0.0205526 0.0639469 0.136246 0.198858 0.198871 0.136311 0.0641639 0.0211792 0.00609316 0.00410973 0.00657628 0.0107434 0.0154273 0.0193103 0.0210992 0.0201953 0.0170495 0.0128628 0.00888171 0.0058339 0.0038248 0.00259194
 1.01583e-16 5.33858e-05 0.000518929 0.00344847 0.0156763 0.0487748 0.103921 0.151682 0.151712 0.104067 0.0492637 0.0170882 0.00699213 0.00825292 0.014736 0.0242618 0.0349074 0.0438139 0.0480964 0.0464096 0.0397378 0.0307179 0.0220678 0.015345 0.0107484 0.00770767
 1.02281e-16 6.46031e-05 0.000627965 0.00417305 0.0189701 0.059023 0.125755 0.183547 0.183562 0.125829 0.0592713 0.0196878 0.00597699 0.00457339 0.00757931 0.012484 0.0181075 0.0230398 0.0258771 0.0259524 0.0236954 0.020276 0.0168408 0.0139593 0.0116081 0.00951842
 1.00243e-16 7.97153e-05 0.000774861 0.00514922 0.0234076 0.0728298 0.155172 0.226478 0.226481 0.155185 0.0728733 0.0235331 0.00546417 0.0014623 0.00138503 0.00216289 0.00310638 0.00390281 0.00429306 0.00415935 0.0035907 0.00282155 0.00209112 0.00153282 0.00115741 0.000907222
 1.00059e-16 7.84907e-05 0.000762958 0.00507012 0.0230481 0.0717111 0.152788 0.223 0.223004 0.15281 0.0717836 0.0232573 0.0055949 0.00190706 0.00224698 0.00357901 0.00512109 0.00638284 0.00692356 0.00654202 0.00539525 0.00389933 0.00249093 0.00143171 0.000766695 0.000405255
 1.00728e-16 3.87242e-05 0.000376413 0.0025014 0.011371 0.0353798 0.0753822 0.110033 0.110082 0.0756221 0.0361851 0.0136959 0.00833274 0.0130917 0.0241445 0.0397416 0.0569795 0.0710908 0.077241 0.0731954 0.060676 0.0442621 0.0287509 0.0170069 0.00951779 0.00530175
 1.01026e-16 7.67327e-05 0.000745869 0.00495656 0.0225318 0.0701049 0.149366 0.218005 0.218008 0.149383 0.0701628 0.0226997 0.00537977 0.00167605 0.00186176 0.00300427 0.00443108 0.00580117 0.00681397 0.0073157 0.0073599 0.00712048 0.00673709 0.00623188 0.00555248 0.00467408
 1.00774e-16 6.44106e-05 0.000626094 0.00416061 0.0189136 0.0588472 0.125381 0.183001 0.183021 0.125478 0.0591731 0.0198544 0.00652055 0.005772 0.00982026 0.0160881 0.0230646 0.0287853 0.0312979 0.0297085 0.0247262 0.0182125 0.0121064 0.00754822 0.00470116 0.00312728
 1.01146e-16 6.7065e-05 0.000651896 0.00433208 0.019693 0.0612723 0.130548 0.190541 0.190556 0.13062 0.061515 0.0203941 0.00609237 0.00449648 0.00737395 0.0120979 0.0174511 0.0220047 0.0243432 0.0238003 0.0208372 0.0167038 0.0126726 0.00945028 0.00710644 0.00537878
 1.01392e-16 6.4772e-05 0.000629607 0.00418396 0.0190197 0.0591774 0.126084 0.184027 0.184045 0.12617 0.059464 0.0198475 0.00626197 0.0051661 0.00868084 0.0142497 0.0205226 0.0258098 0.0284311 0.0276058 0.0239067 0.018859 0.0140194 0.0102584 0.00765592 0.0058597
 1.01428e-16 6.66857e-05 0.000648209 0.00430757 0.0195816 0.0609258 0.129809 0.189464 0.189479 0.129883 0.0611736 0.0202975 0.00610499 0.0045735 0.0075259 0.0123475 0.017806 0.0224431 0.0248149 0.0242478 0.0212247 0.0170359 0.0129908 0.00980872 0.00754325 0.00589723
 1.04461e-16 2.97285e-05 0.000288971 0.00192032 0.00872952 0.027161 0.0578714 0.0844759 0.0845278 0.0581249 0.0280123 0.0111884 0.0080928 0.013765 0.0256271 0.0423297 0.0609963 0.0767454 0.0846047 0.0822587 0.0714035 0.0565529 0.0423089 0.0312332 0.0235482 0.0182034
 1.05161e-16 6.51719e-05 0.000633494 0.00420979 0.0191371 0.0595426 0.126862 0.185161 0.185169 0.126903 0.0596805 0.0195371 0.00522093 0.00286452 0.00437178 0.0073057 0.010941 0.0146424 0.0177828 0.0200368 0.0214867 0.0223934 0.0228475 0.022638 0.0214403 0.0191271
 1.03672e-16 6.01792e-05 0.000584963 0.00388728 0.017671 0.0549813 0.117144 0.17098 0.171001 0.117249 0.0553324 0.0186851 0.00643215 0.00613897 0.0106043 0.0174268 0.0250802 0.0315104 0.034677 0.0336664 0.0292498 0.023372 0.0179868 0.0141336 0.0117934 0.0103514
 1.06057e-16 3.83578e-05 0.000372851 0.00247773 0.0112634 0.0350449 0.0746683 0.108989 0.109028 0.0748616 0.0356942 0.0131398 0.00719108 0.0106733 0.0196332 0.0324813 0.0469829 0.059489 0.0662849 0.0656291 0.0587411 0.0488751 0.0392769 0.0316449 0.0259948 0.0215239
 1.04923e-16 6.4985e-05 0.000631677 0.00419772 0.0190822 0.0593719 0.126499 0.18463 0.184641 0.12655 0.0595455 0.019585 0.00546498 0.00341511 0.00540123 0.00895751 0.0132044 0.0172496 0.0202161 0.0216843 0.0218842 0.0214177 0.020757 0.0199518 0.0187368 0.0168601
 1.03062e-16 6.2591e-05 0.000608407 0.00404308 0.0183793 0.0571848 0.121839 0.177832 0.177851 0.121932 0.0574967 0.0192801 0.00630418 0.00554395 0.00943498 0.0154967 0.0223146 0.0280605 0.0309217 0.0300789 0.0261996 0.0209874 0.0161571 0.0126275 0.0103998 0.00896517
 1.05109e-16 4.0019e-05 0.000388999 0.00258504 0.0117512 0.0365627 0.077902 0.113709 0.113748 0.0780941 0.0372078 0.0136151 0.00726594 0.0106149 0.0194824 0.0322011 0.0465129 0.0587599 0.065223 0.0641639 0.0568218 0.0464994 0.0365173 0.0286549 0.0229816 0.0186975
 1.08457e-16 5.00409e-05 0.000486415 0.0032324 0.014694 0.0457187 0.0974093 0.142176 0.142196 0.0975085 0.0460523 0.0156602 0.00566681 0.00583145 0.0102914 0.0171706 0.0252822 0.03295 0.0384692 0.0410165 0.0410343 0.0397068 0.0379969 0.0360731 0.0334965 0.0298304
 1.0688e-16 5.83304e-05 0.000566992 0.00376786 0.0171282 0.0532922 0.113545 0.165727 0.165745 0.113636 0.0535961 0.0180067 0.00597585 0.0053965 0.00925879 0.0152903 0.0222037 0.0283191 0.0319734 0.0324304 0.0303087 0.0271081 0.0242229 0.0222211 0.020825 0.0193971
 1.07169e-16 4.5535e-05 0.000442617 0.00294134 0.0133709 0.0416022 0.088639 0.129378 0.12941 0.0887972 0.0421335 0.0149062 0.00679738 0.00886837 0.0160714 0.0265602 0.0384068 0.048619 0.0541764 0.0536965 0.0482407 0.0405388 0.0332821 0.0278275 0.0240708 0.0211774
 1.03661e-16 6.78328e-05 0.000659359 0.00438167 0.0199185 0.0619738 0.132042 0.192721 0.192732 0.132092 0.0621432 0.0204086 0.00561514 0.00336215 0.00523075 0.00861832 0.0125919 0.0162203 0.0185957 0.0192928 0.0185873 0.0171969 0.0157674 0.0145284 0.0133302 0.0119222
pSPR Fmed_Fpbrs
1   0.984373 0.6 0.325 0.984373 0.984373 0.984373
Fs Fmed_Fpbrs
0   0.01 0.374168 0.980637 0.01 0.01 0.01
SSBpbr Bo_Bmed_Bpbrs
578805  549865  540820 318343 159171 540820 540820 540820
Ro
120165
SPR SPRFo_SPRFmed_SPRFpbrs
865707 865707 852179
Fref
0
Nvult_r0
 97577.1 15312.4 7683.38 1635.28 815.952
CTP_r0
 20561.3 5678.27 2967.91 633.058 315.912
YTP_r0
356519
Np
 135841 49973.2 18384.1 6763.13 3403.31
Nvult_p0
 85868 31589.1 11621 4275.11 2151.3
CTP_p0
 0 0 0 0 0
 0 0 0 0 0
 0 0 0 0 0
 0 0 0 0 0
 0 0 0 0 0
 0 0 0 0 0
YTP_p0
 0 0 0 0 0 0
CBA_c0
0
log_Ro
11.5166
likeval ReclasPelacesDesembMPH_pf_preclas_ppelaces_ptallas_desvR_qrecl_qpela
 19.6696 17.3777 0.0266377 54.6583 238.557 137.449 116.153 0 24.3589 1.31774e-05 3.85487e-05 0.0860526 2063.49 0 0
q_reclas_q_pelaces
1.67091 2.4062
M
1
N
 165276 29166 59868.4 4552.55 0.194021
 80920.7 53085.2 7951.65 15993.6 1214.85
 90780.9 23266.6 11334.1 1636.19 3533.53
 113893 26178.6 4999.99 2348.43 1068.88
 101794 27840.1 3905.9 701.685 477.895
 187220 32908.3 7699.7 1059.54 319.622
 66728.3 54412.6 7195.08 1625.05 290.49
 30750.3 14633.7 6388.88 781.801 207.223
 30431.2 10299.1 4376.04 1883.85 291.393
 41816.8 7595.63 1609.16 645.119 319.619
 89885.8 8664.28 786.766 152.94 91.2402
 154446 29526.5 2482.3 221.613 68.7127
 72592.7 40369.3 5107.73 407.97 47.5763
 34328.2 19252.1 7211.1 868.726 77.2643
 92794.3 3779.98 493.923 154.413 20.0503
 313798 20000.9 427.194 51.5233 18.1165
 63004.5 73400.4 2707.72 54.0394 8.77522
 396159 18142.7 15724.1 559.152 12.9444
 297765 103616 3143 2588.25 93.8983
 313517 69881 14130.3 400.697 340.645
 332722 81842.5 12054.5 2315.34 121.114
 437339 96317 17737.9 2520.43 508.396
 80146.6 118685 18101.3 3185.01 542.446
 229231 24932 30151.4 4484.46 922.128
 232716 70114.9 6102.07 7178.18 1285.13
 86838.5 72568.3 17907.7 1520.37 2105.73
 204972 28239.7 20333.6 4925.86 996.357
 249826 63151.7 7023.31 4924.43 1432.09
 101395 79270.3 16760.5 1823.13 1647.96
 102211 33586.4 23133.2 4814.87 996.253
 115659 32972 9244.9 6243.45 1566.61
 58986.4 33890.6 7340.35 1989.15 1677.16
 135841 19237.9 9557.01 2032.93 1014.34
pred_Ctot
 13407 4890.92 10635.4 811.275 0.0345807
 11399.5 14711.6 2320.89 4681.22 355.631
 12650.6 6386.52 3277.13 474.415 1024.7
 24969.6 10565.3 2109.43 993.138 452.082
 7883.3 4470.52 664.673 119.783 81.594
 25331.2 8800.23 2169.74 299.418 90.3368
 17761 25604.1 3523.83 797.585 142.59
 1754.61 1760.46 816.145 100.197 26.5626
 6382.15 4008.7 1782.11 769.053 118.972
 12091.1 3805.92 837.456 336.42 166.694
 6140.47 1236.5 119.096 23.2253 13.8579
 29057.7 10501.2 925.589 82.8452 25.6901
 13151.6 13907.6 1846.09 147.835 17.2424
 16702 13637.2 5220.8 629.678 56.0068
 25358.9 1814.98 246.678 77.2802 10.0359
 74927.6 8645.17 192.671 23.2909 8.19046
 8826.36 20242.1 786.506 15.7408 2.55646
 74410.7 6443.59 5855.17 208.743 4.83306
 70669.6 44571.4 1410.91 1164.55 42.2532
 59176.8 24921.1 5282.88 150.19 127.698
 45703.7 22181.3 3442.03 662.986 34.6855
 74332.4 31426.4 6078.35 865.978 174.701
 7929.92 23921.7 3858.26 680.937 115.991
 24795 5451.87 6966.06 1039.16 213.714
 22715.9 13957.5 1284.73 1515.89 271.438
 6433.17 11177.9 2924.12 249.046 344.989
 21361.4 5969.17 4542.84 1103.82 223.306
 21975.3 11419 1344.42 945.565 275.027
 6438.06 10556.2 2368.53 258.471 233.676
 8040.5 5472.86 3994.24 833.962 172.585
 15155.4 8569.75 2533.08 1715.58 430.539
 4272.28 5110.62 1173.61 319.047 269.052
 20561.3 5678.27 2967.91 633.058 315.912
F
 0.13572 0.299625 0.319962 0.321109 0.32117
 0.24645 0.54408 0.58101 0.583093 0.583203
 0.243507 0.537582 0.574071 0.576129 0.576238
 0.408781 0.902453 0.963707 0.967162 0.967345
 0.129229 0.285294 0.304659 0.305751 0.305809
 0.23569 0.520325 0.555643 0.557635 0.55774
 0.517305 1.14204 1.21955 1.22393 1.22416
 0.0938464 0.207181 0.221244 0.222037 0.222079
 0.387893 0.856339 0.914463 0.917742 0.917915
 0.57409 1.2674 1.35342 1.35828 1.35853
 0.113253 0.250026 0.266996 0.267953 0.268004
 0.341778 0.754531 0.805745 0.808634 0.808787
 0.327245 0.722447 0.771484 0.77425 0.774396
 1.20625 2.663 2.84375 2.85394 2.85448
 0.534608 1.18024 1.26035 1.26486 1.2651
 0.452818 0.999671 1.06752 1.07135 1.07155
 0.244936 0.540736 0.577439 0.579509 0.579619
 0.341126 0.753093 0.80421 0.807093 0.807245
 0.449511 0.99237 1.05973 1.06353 1.06373
 0.343058 0.757357 0.808763 0.811663 0.811816
 0.239662 0.529093 0.565006 0.567031 0.567138
 0.304239 0.671659 0.717248 0.719819 0.719955
 0.167706 0.370239 0.395369 0.396786 0.396861
 0.184595 0.407524 0.435185 0.436745 0.436827
 0.165289 0.364903 0.389671 0.391068 0.391142
 0.123322 0.272254 0.290733 0.291775 0.291831
 0.177334 0.391493 0.418066 0.419565 0.419644
 0.147901 0.326517 0.348679 0.349929 0.349995
 0.104904 0.231594 0.247313 0.2482 0.248247
 0.131383 0.29005 0.309738 0.310848 0.310907
 0.227513 0.502273 0.536365 0.538288 0.53839
 0.120426 0.265861 0.283907 0.284924 0.284978
 0.266975 0.589392 0.629397 0.631654 0.631773
YTP_r0W_actual
 155032 99085.9 71437.5 19827.4 11135.9
YTP_p0W_proyectada
 0 0 0 0 0
 0 0 0 0 0
 0 0 0 0 0
 0 0 0 0 0
 0 0 0 0 0
 0 0 0 0 0
CTP_r0_actual
 20561.3 5678.27 2967.91 633.058 315.912
CTP_p0_proyectada
 0 0 0 0 0
 0 0 0 0 0
 0 0 0 0 0
 0 0 0 0 0
 0 0 0 0 0
 0 0 0 0 0
Wmedp
 7.54 17.45 24.07 31.32 35.25
Frms_r0
 0.266975 0.589392 0.629397 0.631654 0.631773
Zrms_r0
 1.26698 1.58939 1.6294 1.63165 1.63177
nmprior
 7.29 8.9 8.7 0
nm_flota  nm_reclas  nm_pelaces    nm_pelaL
inf 12.2796 14.647 42.8597
cv_recla  cv_pelaces  cv_mph
0.384086 0.456654 0.592769
 ------------------------------------------------
Talla a la edad & desviaci?n 
 8 13.2811 15.8009 17.003 17.5766
 0.8 1.32811 1.58009 1.7003 1.75766
