years
 1991 1992 1993 1994 1995 1996 1997 1998 1999 2000 2001 2002 2003 2004 2005 2006 2007 2008 2009 2010 2011 2012 2013 2014 2015 2016 2017 2018 2019 2020 2021 2022 2023
reclasobs
 0 0 0 0 0 0 0 0 0 252601 567819 844713 477998 351125 339783 2.1784e+06 2.13404e+06 4.81314e+06 1.55562e+06 2.62356e+06 3.21686e+06 3.843e+06 1.13348e+06 3.07943e+06 1.97215e+06 2.03268e+06 2.025e+06 2.42433e+06 2.27542e+06 1.05018e+06 2.36338e+06 3.18982e+06 1.53035e+06
reclaspred
 3.11026e+06 1.74935e+06 921304 985176 1.03392e+06 1.52874e+06 1.03574e+06 977995 727007 559913 624861 739996 577302 296259 602571 1.26556e+06 1.28665e+06 2.16754e+06 1.86649e+06 1.75306e+06 3.28421e+06 2.65524e+06 2.17061e+06 3.10094e+06 2.42453e+06 2.18354e+06 2.51805e+06 2.75665e+06 2.44743e+06 1.87578e+06 1.72686e+06 1.70193e+06 1.64723e+06
pelacesobs
 0 0 0 0 0 0 0 0 0 0 0 0 0 0 0 552880 188675 0 991730 2.46772e+06 1.41603e+06 1.21717e+06 2.29649e+06 1.80582e+06 0 1.4828e+06 1.56532e+06 1.57751e+06 1.42118e+06 867257 1.10002e+06 1.06204e+06 0
pelacespred
 1.69694e+06 1.07087e+06 563204 493281 532150 818108 535325 594667 440734 326439 365849 370937 308375 157423 354238 617174 621497 1.16929e+06 1.06024e+06 891738 1.67525e+06 1.49951e+06 1.21045e+06 1.86895e+06 1.4122e+06 1.25921e+06 1.66424e+06 1.64375e+06 1.30904e+06 1.15424e+06 959300 934930 915386
mphobs
 0 0 0 0 0 0 0 0 0 0 0 0 498337 0 5186 125008 0 168611 109162 213762 579715 649985 157893 87575 83554 210694 70296 0 107559 103333 445601 22526 28222
mphpred
 540811 364887 183153 105744 126358 145688 183188 126700 114197 83734.8 58674.3 86213.6 92127.4 54902.6 23575.2 69554.7 172030 170166 231316 326627 445929 553007 108300 93433.1 126718 104765 91414.7 98124.6 137251 109973 73165.9 76269.9 52087.1
desembarqueobs
 494567 514787 250237 358949 120608 361735 552515 73892 212993 205616 52469 317467 293654 387597 252695 516296 358380 742168 942051 627588 828172 859565 418607 520667 417249 300574 415391 372974 316634 284311 391294 218835 356480
desembarquepred
 494571 513202 251069 358981 120613 361760 552587 73895.7 213037 205656 52470.7 317503 293845 388108 252681 516275 358414 742135 941891 627458 828253 859633 418638 520714 417248 300587 415409 372969 316624 284292 391316 218851 356498
Reclutas
 233713 116571 153401 251512 213334 317298 139887 74054 65125.4 86327.3 172736 180781 88977.4 50231.3 162070 542220 132973 617925 489661 503277 628408 788537 174784 482013 469010 193007 434694 527156 208820 192366 247106 136881 328827
log_desv_Rt
 0.0395233 -0.656071 -0.381513 0.112921 -0.0517079 0.345272 -0.473737 -1.10977 -1.23825 -0.956423 -0.262805 -0.217284 -0.926186 -1.49793 -0.326542 0.881102 -0.524424 1.0118 0.779145 0.806572 1.02862 1.25561 -0.251015 0.763401 0.736055 -0.15184 0.660074 0.852927 -0.0730943 -0.155171 0.0952468 -0.495455 0.380961
SSB
 4.1166e+06 2.77749e+06 1.39414e+06 804912 961829 1.10896e+06 1.39441e+06 964427 869256 637382 446623 656251 673119 409908 174383 514869 1.30948e+06 1.29529e+06 1.8108e+06 1.50688e+06 2.10365e+06 2.71455e+06 2.56345e+06 2.13874e+06 2.7384e+06 2.38984e+06 1.97604e+06 2.04975e+06 2.96229e+06 2.24679e+06 1.67977e+06 1.79677e+06 1.14091e+06
BT
 5.47649e+06 3.70034e+06 1.93145e+06 1.76955e+06 1.67821e+06 2.7386e+06 2.09988e+06 1.83074e+06 1.52556e+06 1.16989e+06 1.13496e+06 1.37286e+06 1.1845e+06 875049 1.30518e+06 2.27037e+06 2.1323e+06 4.12793e+06 4.07763e+06 3.21305e+06 5.63035e+06 5.29043e+06 3.96584e+06 6.03868e+06 4.59477e+06 4.00795e+06 5.3709e+06 5.24595e+06 4.15259e+06 3.70329e+06 3.21511e+06 2.96143e+06 3.03984e+06
Ftot
 0.108634 0.194209 0.188024 0.292703 0.0888426 0.194379 0.370095 0.0564909 0.220168 0.273343 0.0743048 0.334354 0.365501 0.934293 0.432828 0.395863 0.20179 0.298661 0.40121 0.296347 0.205464 0.25663 0.136054 0.143635 0.130877 0.100362 0.140215 0.119958 0.0889758 0.110704 0.18055 0.0930065 0.185783
BD_Bspro_t
 0.982769 0.8786 0.749251 0.687272 0.698906 0.762973 0.745249 0.626835 0.685919 0.658971 0.641201 0.786238 0.68018 0.512944 0.321885 0.570435 0.678015 0.656953 0.675861 0.606222 0.636725 0.687775 0.703564 0.7023 0.775608 0.791907 0.796071 0.817397 0.856718 0.823584 0.795251 0.79129 0.789733
BD_Bspro
 2.54347 1.71609 0.861382 0.497321 0.594273 0.685181 0.861546 0.595879 0.537076 0.393811 0.27595 0.405469 0.415892 0.253265 0.107744 0.318115 0.80907 0.800305 1.11882 0.931035 1.29975 1.67721 1.58385 1.32144 1.69194 1.47658 1.22091 1.26646 1.83028 1.3882 1.03786 1.11015 0.704922
BD_Bo
 2.46628 1.66401 0.83524 0.482227 0.576237 0.664386 0.835399 0.577794 0.520776 0.381859 0.267575 0.393164 0.40327 0.245578 0.104474 0.308461 0.784516 0.776016 1.08486 0.902779 1.26031 1.62631 1.53578 1.28133 1.64059 1.43177 1.18386 1.22802 1.77473 1.34607 1.00636 1.07646 0.683528
BD_Brms
 2.64386 1.78382 0.895378 0.516948 0.617727 0.712223 0.895548 0.619396 0.558273 0.409354 0.28684 0.421472 0.432305 0.26326 0.111996 0.33067 0.841001 0.83189 1.16297 0.96778 1.35105 1.7434 1.64636 1.37359 1.75872 1.53486 1.26909 1.31644 1.90251 1.44299 1.07882 1.15396 0.732742
Sel_flota
 0.534641 1 1 1 1
 0.534641 1 1 1 1
 0.534641 1 1 1 1
 0.534641 1 1 1 1
 0.534641 1 1 1 1
 0.534641 1 1 1 1
 0.534641 1 1 1 1
 0.534641 1 1 1 1
 0.534641 1 1 1 1
 0.534641 1 1 1 1
 0.534641 1 1 1 1
 0.534641 1 1 1 1
 0.534641 1 1 1 1
 0.534641 1 1 1 1
 0.534641 1 1 1 1
 0.534641 1 1 1 1
 0.534641 1 1 1 1
 0.534641 1 1 1 1
 0.534641 1 1 1 1
 0.534641 1 1 1 1
 0.534641 1 1 1 1
 0.534641 1 1 1 1
 0.534641 1 1 1 1
 0.534641 1 1 1 1
 0.534641 1 1 1 1
 0.534641 1 1 1 1
 0.534641 1 1 1 1
 0.534641 1 1 1 1
 0.534641 1 1 1 1
 0.534641 1 1 1 1
 0.534641 1 1 1 1
 0.534641 1 1 1 1
 0.534641 1 1 1 1
Sel_reclas
 1 1 1 1 1
 1 1 1 1 1
 1 1 1 1 1
 1 1 1 1 1
 1 1 1 1 1
 1 1 1 1 1
 1 1 1 1 1
 1 1 1 1 1
 1 1 1 1 1
 1 1 1 1 1
 1 1 1 1 1
 1 1 1 1 1
 1 1 1 1 1
 1 1 1 1 1
 1 1 1 1 1
 1 1 1 1 1
 1 1 1 1 1
 1 1 1 1 1
 1 1 1 1 1
 1 1 1 1 1
 1 1 1 1 1
 1 1 1 1 1
 1 1 1 1 1
 1 1 1 1 1
 1 1 1 1 1
 1 1 1 1 1
 1 1 1 1 1
 1 1 1 1 1
 1 1 1 1 1
 1 1 1 1 1
 1 1 1 1 1
 1 1 1 1 1
 1 1 1 1 1
Sel_pelaces
 1 1 1 1 1
 1 1 1 1 1
 1 1 1 1 1
 1 1 1 1 1
 1 1 1 1 1
 1 1 1 1 1
 1 1 1 1 1
 1 1 1 1 1
 1 1 1 1 1
 1 1 1 1 1
 1 1 1 1 1
 1 1 1 1 1
 1 1 1 1 1
 1 1 1 1 1
 1 1 1 1 1
 1 1 1 1 1
 1 1 1 1 1
 1 1 1 1 1
 1 1 1 1 1
 1 1 1 1 1
 1 1 1 1 1
 1 1 1 1 1
 1 1 1 1 1
 1 1 1 1 1
 1 1 1 1 1
 1 1 1 1 1
 1 1 1 1 1
 1 1 1 1 1
 1 1 1 1 1
 1 1 1 1 1
 1 1 1 1 1
 1 1 1 1 1
 1 1 1 1 1
pf_obs 
 0.8446 0.082 0.0669 0.0065 0
 0.8095 0.147 0.0364 0.0071 0
 0.9664 0.0169 0.016 0.0007 0
 0.9276 0.0648 0.0075 0.0001 0
 0.7033 0.2144 0.0806 0.0017 0
 0.9318 0.0425 0.0243 0.0014 0
 0.5671 0.3108 0.0964 0.0239 0.0018
 0.0768 0.2599 0.5324 0.112 0.0189
 0.490249 0.384438 0.106611 0.0170017 0.00170017
 0.7925 0.1577 0.0466 0.003 0.0002
 0.840416 0.127587 0.0312969 0.00059994 9.999e-05
 0.8084 0.0986 0.0794 0.0134 0.0002
 0.7335 0.1905 0.0724 0.0035 0.0001
 0.4001 0.4547 0.1325 0.0127 0
 0.49795 0.308269 0.164784 0.0264974 0.00249975
 0.9179 0.0499 0.0305 0.0017 0
 0.2467 0.6533 0.0926 0.0074 0
 0.9418 0.0223 0.034 0.0019 0
 0.707729 0.231977 0.0356964 0.0245975 0
 0.517169 0.277429 0.184464 0.0207286 0.00020938
 0.811772 0.124168 0.05621 0.00726502 0.000585176
 0.764997 0.148141 0.077277 0.00933861 0.000247198
 0.163321 0.427699 0.378323 0.0303852 0.000271297
 0.753843 0.0900009 0.118128 0.0371064 0.000921714
 0.721811 0.176058 0.0630433 0.0369309 0.00215725
 0.143369 0.312575 0.442814 0.0836902 0.0175525
 0.692698 0.0596174 0.167031 0.0765114 0.00414204
 0.394062 0.376323 0.152708 0.0712218 0.00568511
 0.125707 0.32114 0.495352 0.0537591 0.00404204
 0.23352 0.215282 0.420074 0.123614 0.00750983
 0.796117 0.104755 0.0508955 0.0450114 0.00322123
 0.162477 0.292055 0.404252 0.121198 0.0200186
 0 0 0 0 0
pf_pred 
 0.33836 0.115527 0.519033 0.0270785 9.66393e-07
 0.283437 0.355649 0.0630183 0.283124 0.0147714
 0.490798 0.223234 0.141933 0.0251495 0.118885
 0.645721 0.232067 0.0535779 0.0340651 0.0345694
 0.53581 0.365409 0.0647055 0.0149387 0.0191369
 0.61824 0.262909 0.0935598 0.0165673 0.00872476
 0.366957 0.48218 0.103895 0.0369726 0.0099948
 0.341102 0.359823 0.227801 0.0490842 0.0221893
 0.405025 0.294983 0.163825 0.103716 0.0324503
 0.567389 0.248783 0.0911404 0.0506168 0.0420712
 0.712475 0.20869 0.0453361 0.0166086 0.0168907
 0.581567 0.345405 0.0530048 0.0115148 0.00850844
 0.403901 0.441465 0.127645 0.0195881 0.00739966
 0.405623 0.347178 0.183074 0.0529341 0.0111917
 0.839894 0.100439 0.0348516 0.018378 0.0064373
 0.858051 0.130208 0.00736552 0.00255579 0.00181979
 0.297743 0.650775 0.0472235 0.00267132 0.00158693
 0.783889 0.0985652 0.108929 0.00790443 0.00071276
 0.561503 0.386135 0.0238813 0.0263924 0.00208786
 0.587604 0.300393 0.0986286 0.00609989 0.00727455
 0.621611 0.281239 0.0707651 0.0232344 0.00315068
 0.620263 0.290437 0.0663726 0.0167006 0.00622692
 0.225191 0.593825 0.138424 0.0316335 0.0109274
 0.615092 0.138853 0.18858 0.043959 0.013516
 0.542252 0.346356 0.040184 0.0545749 0.0166332
 0.312967 0.478637 0.157683 0.0182943 0.0324185
 0.623507 0.175779 0.139832 0.0460668 0.0148156
 0.597264 0.307284 0.044565 0.0354516 0.0154355
 0.316434 0.506779 0.134887 0.0195625 0.0223376
 0.402688 0.280799 0.234656 0.0624569 0.0194011
 0.536693 0.261851 0.0947049 0.0791422 0.0276082
 0.385443 0.42704 0.10598 0.0383304 0.0432057
 0.674865 0.177569 0.10254 0.0254478 0.0195782
pobs_RECLAS
 0 0 0 0 0
 0 0 0 0 0
 0 0 0 0 0
 0 0 0 0 0
 0 0 0 0 0
 0 0 0 0 0
 0 0 0 0 0
 0 0 0 0 0
 0 0 0 0 0
 0 0 0 0 0
 0.991045 0.00858322 0.000360255 1.14367e-05 0
 0.934742 0.0480273 0.0164251 0.00080598 0
 0.827803 0.169806 0.00239088 0 0
 0.941827 0.0461693 0.0120037 0 0
 0.791401 0.0380133 0.147996 0.0225897 0
 0.846168 0.0940531 0.0597789 0 0
 0.134021 0.677848 0.182769 0.00536245 0
 0.80878 0.0450904 0.141981 0.00414843 0
 0.846168 0.0940531 0.0597789 0 0
 0.905697 0.0802665 0.012482 0.00150086 5.37128e-05
 0.989698 0.0102097 9.19794e-05 0 0
 0.975433 0.0193895 0.00387452 0.00125025 5.28907e-05
 0.303575 0.632131 0.0575291 0.00676475 0
 0.966965 0.00978017 0.0227588 0.000495775 0
 0.843318 0.132988 0.00938335 0.0141283 0.000182051
 0.564624 0.303363 0.111486 0.0197234 0.00080311
 0.826376 0.0876187 0.0782897 0.00655872 0.00115652
 0.89761 0.0855135 0.0140674 0.00269457 0.000114338
 0.34875 0.467042 0.161289 0.0227151 0.000203297
 0.318654 0.224769 0.449479 0.00709798 0
 0.937255 0.0296025 0.0250945 0.00804832 0
 0.456809 0.399803 0.12412 0.0192676 0
 0.883104 0.0372192 0.0704036 0.00927362 0
ppred_RECLAS
 0.490008 0.0890484 0.400071 0.0208721 7.44895e-07
 0.427307 0.284243 0.0503656 0.226279 0.0118056
 0.645088 0.155593 0.0989272 0.0175291 0.0828626
 0.775565 0.147014 0.0339415 0.0215802 0.0218997
 0.684225 0.248577 0.0440173 0.0101624 0.0130183
 0.75338 0.169841 0.0604403 0.0107026 0.00563626
 0.524682 0.362044 0.0780094 0.0277608 0.00750457
 0.492505 0.277142 0.175456 0.0378055 0.0170906
 0.562509 0.216904 0.120462 0.0762637 0.0238611
 0.712977 0.165059 0.0604687 0.0335826 0.0279128
 0.822968 0.128492 0.0279139 0.0102261 0.0103998
 0.725368 0.226701 0.0347888 0.00755758 0.00558438
 0.563307 0.323411 0.0935112 0.0143499 0.00542088
 0.575269 0.248087 0.130821 0.0378257 0.00799739
 0.909317 0.056888 0.0197398 0.0104092 0.00364605
 0.920182 0.0732157 0.00414163 0.00143712 0.00102327
 0.444464 0.51481 0.0373573 0.00211321 0.00125538
 0.873086 0.0578837 0.0639699 0.00464198 0.000418578
 0.709553 0.255765 0.0158183 0.0174815 0.00138294
 0.729876 0.196761 0.0646029 0.0039955 0.00476492
 0.75613 0.181257 0.0456079 0.0149745 0.0020306
 0.755554 0.186961 0.0427256 0.0107506 0.00400841
 0.353476 0.495505 0.115505 0.026396 0.00911814
 0.750445 0.0900251 0.122266 0.0285008 0.00876308
 0.690198 0.234412 0.0271963 0.036936 0.0112573
 0.461076 0.375453 0.12369 0.0143505 0.0254298
 0.75704 0.113434 0.0902369 0.0297279 0.00956085
 0.735988 0.201439 0.0292144 0.0232401 0.0101187
 0.46495 0.396673 0.10558 0.0153122 0.0174844
 0.558839 0.207392 0.173311 0.0461293 0.0143292
 0.685896 0.177525 0.0642063 0.0536554 0.0187173
 0.540771 0.319107 0.0791942 0.0286425 0.0322856
 0.796488 0.111146 0.0641827 0.0159285 0.0122546
pobs_PELACES
 0 0 0 0 0
 0 0 0 0 0
 0 0 0 0 0
 0 0 0 0 0
 0 0 0 0 0
 0 0 0 0 0
 0 0 0 0 0
 0 0 0 0 0
 0 0 0 0 0
 0 0 0 0 0
 0 0 0 0 0
 0 0 0 0 0
 0 0 0 0 0
 0 0 0 0 0
 0 0 0 0 0
 0 0 0 0 0
 0.505614 0.472636 0.0217494 0 0
 0 0 0 0 0
 0.443492 0.261883 0.143347 0.151278 0
 0.227955 0.32914 0.350689 0.0885471 0.00366901
 0.970185 0.0296113 0.000203453 0 0
 0.997202 0.00247181 0.000326279 0 0
 0.445219 0.490057 0.0546422 0.010081 0
 0.90214 0.0892962 0.00764917 0.000914606 0
 0 0 0 0 0
 0.581667 0.319106 0.0959925 0.00289975 0.000334073
 0.762889 0.0836404 0.116647 0.0363945 0.000428098
 0.88444 0.0763242 0.0277011 0.0115352 0
 0.521256 0.241999 0.230069 0.00667565 0
 0.616807 0.101726 0.260614 0.0208532 0
 0.833518 0.0704572 0.0857862 0.0102388 0
 0.697417 0.212968 0.0787535 0.0105354 0.000325836
 0 0 0 0 0
ppred_PELACES
 0.494178 0.0883203 0.3968 0.0207015 7.38805e-07
 0.434621 0.280613 0.0497224 0.22339 0.0116549
 0.65167 0.152708 0.0970923 0.017204 0.0813257
 0.783292 0.141952 0.0327729 0.0208372 0.0211457
 0.687165 0.246262 0.0436074 0.0100678 0.012897
 0.758884 0.16605 0.0590914 0.0104637 0.00551047
 0.538832 0.351265 0.075687 0.0269343 0.00728116
 0.494674 0.275958 0.174707 0.037644 0.0170175
 0.570811 0.212788 0.118176 0.0748164 0.0234083
 0.721489 0.160164 0.0586752 0.0325865 0.027085
 0.824624 0.12729 0.0276527 0.0101304 0.0103025
 0.735477 0.218356 0.0335082 0.00727938 0.00537881
 0.577062 0.313224 0.0905657 0.0138979 0.00525013
 0.609892 0.227863 0.120157 0.0347423 0.00734546
 0.914651 0.0535419 0.0185787 0.00979693 0.0034316
 0.924535 0.0692233 0.00391579 0.00135875 0.000967469
 0.452128 0.507708 0.0368419 0.00208405 0.00123806
 0.878082 0.0556052 0.0614518 0.00445926 0.000402101
 0.722085 0.244729 0.0151358 0.0167272 0.00132327
 0.738754 0.190294 0.0624796 0.00386418 0.00460831
 0.761901 0.176968 0.0445286 0.0146201 0.00198255
 0.76276 0.18145 0.0414662 0.0104337 0.00389025
 0.358265 0.491835 0.114649 0.0262004 0.0090506
 0.754554 0.0885432 0.120253 0.0280316 0.00861882
 0.69448 0.231173 0.0268205 0.0364256 0.0111017
 0.464908 0.372784 0.122811 0.0142484 0.025249
 0.760979 0.111595 0.0887741 0.029246 0.00940586
 0.739552 0.198719 0.0288201 0.0229264 0.00998207
 0.468351 0.394152 0.104909 0.0152149 0.0173733
 0.563026 0.205423 0.171666 0.0456915 0.0141932
 0.691839 0.174166 0.0629916 0.0526403 0.0183632
 0.544315 0.316644 0.0785828 0.0284214 0.0320363
 0.801074 0.108641 0.0627366 0.0155696 0.0119785
pobs_pel_tallas
 0 0 0 0 0 0 0 0 0 0 0 0 0 0 0 0 0 0 0 0 0 0 0 0 0 0
 0 0 0 0 0 0 0 0 0 0 0 0 0 0 0 0 0 0 0 0 0 0 0 0 0 0
 0 0 0 0 0 0 0 0 0 0 0 0 0 0 0 0 0 0 0 0 0 0 0 0 0 0
 0 0 0 0 0 0 0 0 0 0 0 0 0 0 0 0 0 0 0 0 0 0 0 0 0 0
 0 0 0 0 0 0 0 0 0 0 0 0 0 0 0 0 0 0 0 0 0 0 0 0 0 0
 0 0 0 0 0 0 0 0 0 0 0 0 0 0 0 0 0 0 0 0 0 0 0 0 0 0
 0 0 0 0 0 0 0 0 0 0 0 0 0 0 0 0 0 0 0 0 0 0 0 0 0 0
 0 0 0 0 0 0 0 0 0 0 0 0 0 0 0 0 0 0 0 0 0 0 0 0 0 0
 0 0 0 0 0 0 0 0 0 0 0 0 0 0 0 0 0 0 0 0 0 0 0 0 0 0
 0 0 0 0 0 0 0 0 0 0 0 0 0 0 0 0 0 0 0 0 0 0 0 0 0 0
 0 0 0 0 0 0 0 0 0 0 0 0 0 0 0 0 0 0 0 0 0 0 0 0 0 0
 0 0 0 0 0 0 0 0 0 0 0 0 0 0 0 0 0 0 0 0 0 0 0 0 0 0
 0.00862536 0 0 0.000197151 0.00414017 0.0128641 0.00837892 0.0270097 0.101434 0.158115 0.152841 0.127902 0.109271 0.109419 0.0830992 0.0579132 0.0238553 0.00714673 0.00463305 0.00128148 0.00103504 0.000492878 0.000147863 0.000147863 4.92878e-05 0
 0 0 0 0 0 0 0 0 0 0 0 0 0 0 0 0 0 0 0 0 0 0 0 0 0 0
 0 0 0 0 0 0 0 0.0054083 0.00873648 0.0413646 0.0450493 0.0745869 0.0622846 0.0627006 0.0613931 0.0827291 0.12552 0.122667 0.0946155 0.0697135 0.0546179 0.0294188 0.0215738 0.0213955 0.0102223 0.00600262
 0 0 0 0 0.00359764 0.0251062 0.0480494 0.140153 0.205849 0.193036 0.1447 0.116669 0.0760912 0.0342217 0.00950174 0.001854 0.000860785 0 0 0 0.000165536 0 0.000143464 0 0 0
 0 0 0 0 0 0 0 0.000145254 0.000435761 0.0275982 0.070085 0.0708112 0.156366 0.174668 0.174014 0.160142 0.0824315 0.0480064 0.0283245 0.00493863 0.00203355 0 0 0 0 0
 0 0 0 0 0 0 0 0 0 0 0 0 0 0 0 0 0 0 0 0 0 0 0 0 0 0
 0 0 1.00437e-05 0.000401748 0.00122533 0.00171747 0.00176769 0.0269171 0.070346 0.194647 0.189555 0.159765 0.064822 0.0314167 0.0384472 0.0292271 0.0345202 0.0313363 0.0194345 0.0106764 0.0143323 0.0359363 0.0279516 0.0138201 0.00172751 0
 0 0.0021121 0.0136068 0.0755702 0.200478 0.177729 0.0527432 0.0373336 0.0318909 0.0142505 0.0149659 0.0166563 0.0217959 0.0798694 0.0677717 0.0528807 0.04013 0.0224614 0.0357745 0.0225083 0.00881397 0.00855152 0.00135912 0.000746735 0 0
 0 0 0 0 5.4009e-05 0.00500934 0.000945158 0.0243581 0.138947 0.33067 0.221406 0.137944 0.0707744 0.0437923 0.0131692 0.00525238 0.0047753 0.00276346 9.45158e-05 9.00151e-06 2.25038e-05 9.00151e-06 4.50075e-06 0 0 0
 0.000866109 0.00284123 0.00948549 0.0512746 0.133035 0.25785 0.225252 0.132002 0.0553304 0.0519788 0.0540692 0.017754 0.00435017 0.00159236 0.00146478 0.000404838 0.000125132 0.000115318 0.000107957 0.000100596 0 0 0 0 0 0
 0 0 0 0 0.00144013 0.00171154 0.00461396 0.0210425 0.0478622 0.0707936 0.0888783 0.103762 0.0637923 0.0337046 0.0602308 0.124433 0.169614 0.0934646 0.0462172 0.0250306 0.0313229 0.00938855 0.002487 0.000210481 0 0
 0 0.00764035 0.051015 0.0998891 0.058973 0.0496711 0.0374665 0.0718981 0.12319 0.153886 0.159021 0.0857701 0.0377988 0.023471 0.0147837 0.00900784 0.00315554 0.000888139 0.00291439 0.00214683 0.00393193 0.00274676 0.000635225 9.99891e-05 0 0
 0 0 0 0 0 0 0 0 0 0 0 0 0 0 0 0 0 0 0 0 0 0 0 0 0 0
 0 0 0 0 0 0 0 0 0 0 0 0 0 0 0 0 0 0 0 0 0 0 0 0 0 0
 0 0 0 0 0 0 0 0 0 0 0 0 0 0 0 0 0 0 0 0 0 0 0 0 0 0
 0 0 0 0 0 0 0 0 0 0 0 0 0 0 0 0 0 0 0 0 0 0 0 0 0 0
 0 0 0 0 0 0 0 0 0 0 0 0 0 0 0 0 0 0 0 0 0 0 0 0 0 0
 0 0 0 0 0 0 0 0 0 0 0 0 0 0 0 0 0 0 0 0 0 0 0 0 0 0
 0 0 0 0 0 0 0 0 0 0 0 0 0 0 0 0 0 0 0 0 0 0 0 0 0 0
 0 0 0 0 0 0 0 0 0 0 0 0 0 0 0 0 0 0 0 0 0 0 0 0 0 0
 0 0 0 0 0 0 0 0 0 0 0 0 0 0 0 0 0 0 0 0 0 0 0 0 0 0
ppred_pel_tallas
 1.1355e-16 4.07048e-05 0.000395665 0.00262933 0.0119526 0.0371889 0.0792353 0.115648 0.115657 0.0792801 0.0373411 0.0123997 0.00378042 0.00300338 0.0052706 0.00937046 0.0151699 0.0225548 0.0313025 0.0410989 0.0513508 0.0608721 0.067843 0.0703452 0.0672716 0.0589973
 1.25882e-16 3.57992e-05 0.000347981 0.00231246 0.0105121 0.0327072 0.0696872 0.101716 0.101743 0.0698198 0.033153 0.011801 0.00555361 0.0074437 0.0135754 0.0225658 0.0329614 0.0425076 0.0490382 0.0518262 0.0521209 0.0522784 0.0541064 0.0576833 0.0614165 0.0630865
 1.18329e-16 5.36773e-05 0.000521762 0.00346729 0.0157618 0.049041 0.104487 0.152506 0.152521 0.10456 0.0492853 0.0164694 0.00525043 0.00443778 0.0075609 0.012602 0.0185985 0.0243642 0.0287525 0.0313226 0.0326052 0.033661 0.0352748 0.0374249 0.0393619 0.0401093
 1.06651e-16 6.45188e-05 0.000627145 0.0041676 0.0189453 0.058946 0.125591 0.183307 0.183321 0.125658 0.0591711 0.0195959 0.00580216 0.0042008 0.00686798 0.0112969 0.0163777 0.0208409 0.0234533 0.0236871 0.0220431 0.0196969 0.0177472 0.0166506 0.0161774 0.0157636
 1.04514e-16 5.6601e-05 0.000550181 0.00365615 0.0166203 0.0517122 0.110179 0.160815 0.160838 0.110295 0.0521019 0.0177463 0.00648339 0.00672488 0.0117919 0.0194275 0.028035 0.0353729 0.039197 0.0384818 0.0340255 0.0278882 0.0221313 0.0178412 0.015005 0.0130233
 1.0373e-16 6.25083e-05 0.000607603 0.00403774 0.018355 0.0571092 0.121678 0.177596 0.177612 0.121756 0.057373 0.0191176 0.00595484 0.0048019 0.00805544 0.0132895 0.0193043 0.0246242 0.0277794 0.0280812 0.025996 0.022758 0.019552 0.0169266 0.0147876 0.0127846
 1.06208e-16 4.4383e-05 0.000431418 0.00286693 0.0130327 0.0405496 0.0863965 0.126105 0.126139 0.0865622 0.0411061 0.0146404 0.00690503 0.00925438 0.0168238 0.0278038 0.0401926 0.0508512 0.0566053 0.0559944 0.0501183 0.0418282 0.0339437 0.0279006 0.0236219 0.020282
 1.11768e-16 4.07457e-05 0.000396062 0.00263198 0.0119646 0.0372264 0.0793159 0.115769 0.115796 0.079447 0.0376675 0.0132413 0.00584756 0.00745174 0.0135468 0.0226092 0.0332176 0.0431431 0.0501104 0.0530412 0.0525837 0.0504199 0.0479619 0.0455381 0.0425875 0.0384441
 1.1493e-16 4.7017e-05 0.000457022 0.00303707 0.0138061 0.042956 0.0915231 0.133585 0.133606 0.0916242 0.043296 0.0147901 0.00551549 0.00589544 0.0104591 0.017439 0.025649 0.0333994 0.0390129 0.041777 0.0423313 0.0420778 0.0420971 0.0424551 0.042351 0.0408132
 1.09586e-16 5.94282e-05 0.000577663 0.00383877 0.0174505 0.0542951 0.115682 0.168845 0.16886 0.115758 0.0545499 0.0181873 0.00569179 0.00463508 0.00780202 0.0129031 0.0188203 0.0241865 0.0276652 0.0286891 0.0277953 0.0262074 0.0249986 0.0244972 0.0242979 0.023707
 1.03591e-16 6.79232e-05 0.000660238 0.00438751 0.019945 0.0620564 0.132218 0.192979 0.192991 0.132278 0.0622581 0.0205278 0.00585136 0.0038591 0.00615302 0.0100912 0.0145942 0.0184921 0.0206453 0.0205426 0.0186019 0.0158691 0.0133634 0.0115781 0.0104324 0.00955696
 1.02664e-16 6.05803e-05 0.000588862 0.0039132 0.0177888 0.0553478 0.117925 0.17212 0.172141 0.118028 0.0556932 0.0187865 0.00641774 0.00605709 0.0104481 0.0171834 0.0247626 0.031172 0.0344005 0.0335209 0.0292353 0.0233851 0.0178367 0.0136112 0.0107622 0.00881486
 1.04976e-16 4.75319e-05 0.000462027 0.00307033 0.0139573 0.0434265 0.0925259 0.135051 0.135081 0.0926738 0.0439234 0.0153933 0.00667833 0.00834995 0.0150622 0.0249146 0.0360925 0.0458177 0.0512721 0.0511307 0.0463004 0.0392046 0.032231 0.0265847 0.0222205 0.018529
 1.08253e-16 5.0236e-05 0.000488312 0.00324501 0.0147513 0.045897 0.0977893 0.142731 0.142753 0.0978974 0.0462604 0.0158028 0.00589156 0.0062896 0.0111382 0.0185187 0.0271056 0.0349993 0.0402803 0.0420489 0.0408861 0.0382902 0.035577 0.0331592 0.0306525 0.0274969
 1.02114e-16 7.53386e-05 0.000732318 0.00486651 0.0221225 0.0688312 0.146652 0.214044 0.21405 0.146678 0.0689163 0.0223685 0.00548519 0.00208636 0.00265728 0.00430134 0.00625479 0.00800704 0.00909493 0.00931346 0.00882883 0.00804486 0.00733022 0.00682407 0.00643821 0.00599678
 1.00431e-16 7.61527e-05 0.000740232 0.0049191 0.0223615 0.069575 0.148237 0.216358 0.216365 0.14827 0.0696843 0.022677 0.00571057 0.00246653 0.00335033 0.00540682 0.00775466 0.00969582 0.0105764 0.0100981 0.0084959 0.00638589 0.00440645 0.00292801 0.00199714 0.00146496
 1.01612e-16 3.72413e-05 0.000361999 0.00240561 0.0109356 0.0340249 0.0724955 0.10582 0.105868 0.0727343 0.0348265 0.0132501 0.00821237 0.0130283 0.0240636 0.0396457 0.0569245 0.0711949 0.0776799 0.0741644 0.0623247 0.0466275 0.0317215 0.0203377 0.0128936 0.00842149
 1.02303e-16 7.23264e-05 0.000703039 0.00467194 0.021238 0.0660792 0.140789 0.205487 0.205492 0.140816 0.0661689 0.021498 0.00532877 0.00215014 0.00285934 0.00471327 0.00701634 0.00930828 0.0111544 0.0123256 0.0128781 0.0130131 0.0128499 0.0123279 0.0113079 0.0097523
 1.02401e-16 5.94772e-05 0.00057814 0.00384194 0.0174649 0.05434 0.115778 0.168986 0.16901 0.115893 0.0547264 0.0185807 0.00664153 0.00668556 0.0116468 0.0191301 0.0274829 0.034421 0.0376658 0.0361841 0.0308178 0.0237354 0.0171549 0.0123192 0.00931305 0.00754306
 1.0302e-16 6.08502e-05 0.000591486 0.00393063 0.0178681 0.0555944 0.11845 0.172886 0.172904 0.11854 0.0558964 0.0187412 0.00612492 0.00539022 0.00919959 0.0151776 0.0220086 0.0279882 0.0314072 0.0314545 0.0286596 0.0244595 0.0202673 0.0167925 0.0140133 0.0115939
 1.03133e-16 6.27568e-05 0.000610018 0.00405379 0.0184279 0.0573363 0.122162 0.178302 0.178319 0.122245 0.0576168 0.0192387 0.00609047 0.00506158 0.00853321 0.0140502 0.0203337 0.025781 0.028799 0.0286508 0.0258727 0.0218661 0.0180067 0.0149798 0.0127327 0.0108681
 1.02948e-16 6.28275e-05 0.000610706 0.00405836 0.0184487 0.0574009 0.122299 0.178503 0.178521 0.122385 0.0576884 0.0192794 0.00614481 0.00516976 0.00873399 0.014373 0.020777 0.0262927 0.0292749 0.0289624 0.0259122 0.0215852 0.0174312 0.0141969 0.0118615 0.0100273
 1.07594e-16 2.95099e-05 0.000286847 0.0019062 0.00866534 0.0269613 0.0574458 0.0838537 0.0839012 0.0576778 0.0277406 0.0109172 0.00756222 0.012646 0.023537 0.0389569 0.0563323 0.0712932 0.0793863 0.0785406 0.0702538 0.0584716 0.0471141 0.0382082 0.031717 0.0265954
 1.07763e-16 6.21516e-05 0.000604136 0.00401469 0.0182502 0.0567833 0.120983 0.17658 0.176589 0.121026 0.056927 0.0186676 0.00507096 0.00293861 0.00457999 0.00769415 0.0115956 0.0156703 0.0193145 0.0222276 0.0245008 0.0263577 0.0277867 0.0284204 0.027769 0.0255869
 1.06365e-16 5.72034e-05 0.000556038 0.00369507 0.0167972 0.0522626 0.111352 0.162526 0.162548 0.111461 0.0526282 0.0178534 0.00634649 0.00634547 0.011057 0.0182035 0.0262575 0.0331209 0.0367145 0.0361293 0.0321894 0.0268999 0.0222201 0.0191066 0.0173876 0.0162854
 1.09342e-16 3.82939e-05 0.000372231 0.00247361 0.0112447 0.0349866 0.0745439 0.108807 0.108843 0.0747201 0.0355784 0.0129556 0.00677383 0.00977795 0.0179553 0.0297642 0.0432037 0.0550259 0.0619274 0.0623712 0.0574446 0.0499909 0.0427581 0.0370465 0.0326573 0.0287406
 1.07116e-16 6.26809e-05 0.00060928 0.00404888 0.0184056 0.0572668 0.122013 0.178084 0.178095 0.122067 0.0574459 0.0189244 0.00535713 0.00348545 0.00558483 0.00929103 0.0137489 0.0180742 0.0214008 0.0233294 0.0241086 0.0243332 0.0244186 0.0243066 0.0236005 0.0219374
 1.04872e-16 6.0916e-05 0.000592125 0.00393488 0.0178874 0.0556545 0.118578 0.173073 0.173092 0.118672 0.0559689 0.0187957 0.00621538 0.00557238 0.00952534 0.015668 0.0226085 0.0285335 0.0316486 0.031156 0.027738 0.0230893 0.0188777 0.0159366 0.0141635 0.012958
 1.07595e-16 3.85775e-05 0.000374987 0.00249192 0.0113279 0.0352456 0.075096 0.109613 0.109651 0.075282 0.0358706 0.013134 0.00702926 0.0102929 0.0189121 0.0313032 0.045321 0.0574783 0.0642307 0.06393 0.0577618 0.0488406 0.0402364 0.033498 0.0285399 0.0245006
 1.11991e-16 4.63757e-05 0.000450789 0.00299565 0.0136178 0.0423701 0.0902748 0.131763 0.131783 0.0903728 0.0426999 0.0145734 0.00540588 0.0057508 0.0102253 0.0171286 0.0253686 0.0333735 0.0395449 0.0431242 0.0445287 0.0448053 0.0446851 0.0440674 0.0422818 0.0387625
 1.1025e-16 5.69859e-05 0.000553923 0.00368101 0.0167334 0.0520638 0.110928 0.161906 0.161923 0.11101 0.0523409 0.0175347 0.00569674 0.00496824 0.00848261 0.0140465 0.0205029 0.0263809 0.0302398 0.031474 0.0306698 0.0291428 0.028022 0.0276083 0.0274051 0.0266278
 1.10621e-16 4.48346e-05 0.000435808 0.0028961 0.0131653 0.0409622 0.0872755 0.127387 0.127418 0.0874249 0.0414643 0.0146163 0.00654166 0.00840524 0.0152136 0.0251698 0.0364694 0.0463301 0.0519558 0.0520975 0.0477923 0.0416055 0.0359987 0.0321046 0.0296304 0.0275947
 1.05427e-16 6.59834e-05 0.000641382 0.00426221 0.0193754 0.0602841 0.128442 0.187467 0.187478 0.128494 0.0604576 0.0198775 0.00552635 0.00341406 0.00537033 0.00887525 0.0130179 0.0168766 0.0195539 0.0206383 0.0204135 0.0195819 0.0187371 0.0180235 0.0171962 0.0159302
pSPR Fmed_Fpbrs
1   0.982835 0.6 0.325 0.982835 0.982835 0.982835
Fs Fmed_Fpbrs
0   0.01 0.333083 0.849199 0.01 0.01 0.01
SSBpbr Bo_Bmed_Bpbrs
1.66915e+06  1.5857e+06  1.55705e+06 918035 459017 1.55705e+06 1.55705e+06 1.55705e+06
Ro
224656
SPR SPRFo_SPRFmed_SPRFpbrs
1.6185e+06 1.6185e+06 1.59071e+06
Fref
0
Nvult_r0
 219296 33275.3 19215.3 4768.74 3668.83
CTP_r0
 19814 5213.41 3010.56 747.143 574.815
YTP_r0
356498
Np
 328827 120969 44501.8 16371.3 8238.28
Nvult_p0
 207858 76466.7 28130.5 10348.6 5207.59
CTP_p0
 0 0 0 0 0
 0 0 0 0 0
 0 0 0 0 0
 0 0 0 0 0
 0 0 0 0 0
 0 0 0 0 0
YTP_p0
 0 0 0 0 0 0
CBA_c0
0
log_Ro
12.1423
likeval ReclasPelacesDesembMPH_pf_preclas_ppelaces_ptallas_desvR_qrecl_qpela
 21.9301 17.2913 0.114683 68.8467 238.733 139.479 111.275 0 23.2097 8.41958e-06 3.27301e-06 0.526428 2069.84 0 0
q_reclas_q_pelaces
0.663414 0.774257
M
1
N
 233713 43559.5 195701 10209.9 0.364378
 116571 81126.7 14375 64583.2 3369.49
 153401 38654.6 24576.8 4354.82 20585.8
 251512 51036 11782.8 7491.58 7602.49
 213334 79122.7 14010.8 3234.71 4143.74
 317298 74840.7 26633.1 4716.12 2483.63
 139887 105206 22668.7 8066.97 2180.74
 74054 42223 26731 5759.72 2603.77
 65125.4 26432.4 14679.8 9293.67 2907.76
 86327.3 21297.8 7802.34 4333.2 3601.63
 172736 27440.1 5961.13 2183.83 2220.91
 180781 61071 9371.76 2035.94 1504.37
 88977.4 55619.1 16081.7 2467.85 932.263
 50231.3 26922.7 14196.9 4104.9 867.888
 162070 11213.6 3891.05 2051.83 718.7
 542220 47305.2 2675.94 928.533 661.14
 132973 161423 11713.7 662.613 393.634
 617925 43915.2 48532.7 3521.78 317.567
 489661 193774 11984.3 13244.4 1047.75
 503277 145360 47726.2 2951.72 3520.14
 628408 158017 39760.1 13054.5 1770.24
 788537 207129 47334.4 11910.3 4440.8
 174784 252895 58951.2 13471.9 4653.7
 482013 59788.5 81200.4 18928.2 5819.83
 469010 164215 19052.1 25875.2 7886.18
 193007 160879 53000.4 6149.07 10896.5
 434694 67294 53532.5 17635.9 5671.92
 527156 148365 21517.3 17117 7452.69
 208820 181883 48410.6 7020.94 8016.94
 192366 73251.9 61214.6 16293.1 5061.17
 247106 66700.4 24123.8 20159.6 7032.55
 136881 82540.3 20484.4 7408.67 8350.98
 328827 47913.1 27668.1 6866.51 5282.75
pred_Ctot
 8375.74 2859.75 12848.1 670.299 0.023922
 7329.17 9196.45 1629.54 7321.09 381.963
 9350.32 4252.89 2704.01 479.13 2264.91
 23326.9 8383.52 1935.53 1230.62 1248.84
 6280 4282.81 758.386 175.091 224.295
 19966.3 8490.74 3021.55 535.047 281.77
 16132.4 21197.9 4567.5 1625.41 439.397
 1396.12 1472.74 932.379 200.899 90.8196
 4615.66 3361.63 1866.95 1181.95 369.804
 7508.51 3292.26 1206.1 669.835 556.747
 4266.54 1249.7 271.488 99.4582 101.147
 18980.9 11273.1 1729.94 375.815 277.694
 10144 11087.4 3205.81 491.953 185.842
 12997.4 11124.7 5866.26 1696.17 358.617
 21566.7 2579.05 894.915 471.907 165.296
 66515.9 10093.7 570.973 198.124 141.07
 8672.37 18955.1 1375.48 77.8075 46.2225
 58401.5 7343.33 8115.45 588.899 53.1023
 60810 41817.9 2586.32 2858.25 226.112
 47221.1 24140.2 7926 490.2 584.598
 41696.9 18865.1 4746.83 1558.54 211.344
 64625.8 30261 6915.43 1740.06 648.789
 7797.64 20562.2 4793.17 1095.37 378.38
 22664.3 5116.31 6948.6 1619.75 498.023
 20150.7 12870.9 1493.28 2028.06 618.108
 6401.97 9790.87 3225.53 374.224 663.145
 19967.7 5629.27 4478.1 1475.28 474.467
 20809.4 10706.1 1552.7 1235.18 537.79
 6156.16 9859.29 2624.19 380.584 434.573
 7022.11 4896.59 4091.95 1089.13 338.318
 14486.9 7068.14 2556.37 2136.28 745.228
 4214.39 4669.21 1158.78 419.1 472.405
 19814 5213.41 3010.56 747.143 574.815
F
 0.0580801 0.108634 0.108634 0.108634 0.108634
 0.103832 0.194209 0.194209 0.194209 0.194209
 0.100525 0.188024 0.188024 0.188024 0.188024
 0.156491 0.292703 0.292703 0.292703 0.292703
 0.0474989 0.0888426 0.0888426 0.0888426 0.0888426
 0.103923 0.194379 0.194379 0.194379 0.194379
 0.197868 0.370095 0.370095 0.370095 0.370095
 0.0302023 0.0564909 0.0564909 0.0564909 0.0564909
 0.117711 0.220168 0.220168 0.220168 0.220168
 0.14614 0.273343 0.273343 0.273343 0.273343
 0.0397264 0.0743048 0.0743048 0.0743048 0.0743048
 0.17876 0.334354 0.334354 0.334354 0.334354
 0.195412 0.365501 0.365501 0.365501 0.365501
 0.499511 0.934293 0.934293 0.934293 0.934293
 0.231408 0.432828 0.432828 0.432828 0.432828
 0.211645 0.395863 0.395863 0.395863 0.395863
 0.107885 0.20179 0.20179 0.20179 0.20179
 0.159676 0.298661 0.298661 0.298661 0.298661
 0.214503 0.40121 0.40121 0.40121 0.40121
 0.158439 0.296347 0.296347 0.296347 0.296347
 0.109849 0.205464 0.205464 0.205464 0.205464
 0.137205 0.25663 0.25663 0.25663 0.25663
 0.0727403 0.136054 0.136054 0.136054 0.136054
 0.0767934 0.143635 0.143635 0.143635 0.143635
 0.0699723 0.130877 0.130877 0.130877 0.130877
 0.0536577 0.100362 0.100362 0.100362 0.100362
 0.0749646 0.140215 0.140215 0.140215 0.140215
 0.0641347 0.119958 0.119958 0.119958 0.119958
 0.0475701 0.0889758 0.0889758 0.0889758 0.0889758
 0.0591868 0.110704 0.110704 0.110704 0.110704
 0.0965292 0.18055 0.18055 0.18055 0.18055
 0.0497251 0.0930065 0.0930065 0.0930065 0.0930065
 0.099327 0.185783 0.185783 0.185783 0.185783
YTP_r0W_actual
 149397 90974.1 72464.2 23400.5 20262.2
YTP_p0W_proyectada
 0 0 0 0 0
 0 0 0 0 0
 0 0 0 0 0
 0 0 0 0 0
 0 0 0 0 0
 0 0 0 0 0
CTP_r0_actual
 19814 5213.41 3010.56 747.143 574.815
CTP_p0_proyectada
 0 0 0 0 0
 0 0 0 0 0
 0 0 0 0 0
 0 0 0 0 0
 0 0 0 0 0
 0 0 0 0 0
Wmedp
 7.54 17.45 24.07 31.32 35.25
Frms_r0
 0.099327 0.185783 0.185783 0.185783 0.185783
Zrms_r0
 1.09933 1.18578 1.18578 1.18578 1.18578
nmprior
 7.29 8.9 8.7 0
nm_flota  nm_reclas  nm_pelaces    nm_pelaL
inf 10.5356 15.9916 48.4674
cv_recla  cv_pelaces  cv_mph
0.405556 0.455517 0.665271
 ------------------------------------------------
Talla a la edad & desviaci?n 
 8 13.2811 15.8009 17.003 17.5766
 0.8 1.32811 1.58009 1.7003 1.75766
