years
 1991 1992 1993 1994 1995 1996 1997 1998 1999 2000 2001 2002 2003 2004 2005 2006 2007 2008 2009 2010 2011 2012 2013 2014 2015 2016 2017 2018 2019 2020 2021 2022 2023
reclasobs
 0 0 0 0 0 0 0 0 0 252601 567819 844713 477998 351125 339783 2.1784e+06 2.13404e+06 4.81314e+06 1.55562e+06 2.62356e+06 3.21686e+06 3.843e+06 1.13348e+06 3.07943e+06 1.97215e+06 2.03268e+06 2.025e+06 2.42433e+06 2.27542e+06 1.05018e+06 2.36338e+06 3.18982e+06 1.53035e+06
reclaspred
 3.05744e+06 1.66065e+06 871754 920238 968659 1.56669e+06 871743 799515 572809 408242 609228 875670 678539 236539 632364 1.3846e+06 1.24069e+06 2.36123e+06 1.954e+06 1.89589e+06 3.43111e+06 2.74104e+06 2.10738e+06 3.07473e+06 2.39733e+06 2.15051e+06 2.52647e+06 2.85145e+06 2.45799e+06 1.89307e+06 1.69406e+06 1.61469e+06 1.54374e+06
pelacesobs
 0 0 0 0 0 0 0 0 0 0 0 0 0 0 0 552880 188675 0 991730 2.46772e+06 1.41603e+06 1.21717e+06 2.29649e+06 1.80582e+06 0 1.4828e+06 1.56532e+06 1.57751e+06 1.42118e+06 867257 1.10002e+06 1.06204e+06 0
pelacespred
 1.62171e+06 964430 489393 434568 495733 837098 402283 497204 327410 218041 347283 427149 350815 102421 360196 655032 584849 1.27131e+06 1.05434e+06 907750 1.77331e+06 1.48236e+06 1.16246e+06 1.878e+06 1.37591e+06 1.24097e+06 1.69255e+06 1.70467e+06 1.32784e+06 1.17021e+06 921023 892283 849993
mphobs
 0 0 0 0 0 0 0 0 0 0 0 0 498337 0 5186 125008 0 168611 109162 213762 579715 649985 157893 87575 83554 210694 70296 0 107559 103333 445601 22526 28222
mphpred
 584346 399901 190966 111371 126461 154593 196249 106838 100903 65824.2 43549.9 96485.6 119724 59477.9 14731.2 73593 199417 172589 265451 312673 462567 556908 109177 89687.6 126388 106134 91118.1 99698.2 145989 113755 73418.8 74890.9 49299.9
desembarqueobs
 494567 514787 250237 358949 120608 361735 552515 73892 212993 205616 52469 317467 293654 387597 252695 516296 358380 742168 942051 627588 828172 859565 418607 520667 417249 300574 415391 372974 316634 284311 391294 218835 356480
desembarquepred
 494569 513797 250719 359007 120616 361764 552587 73898.7 213068 205684 52471.4 317485 293838 388045 252639 516208 358421 742038 941620 627315 828288 859583 418638 520732 417224 300589 415407 372948 316600 284259 391302 218862 356514
Reclutas
 181131 85836.2 102793 144997 124933 201895 80985.4 39333 36429.5 49858.4 108569 153032 72431.2 36153.6 106537 359047 74932.5 433410 333660 357728 391414 507677 101645 279023 283724 109615 251998 308846 124676 118940 142823 75132.2 179987
log_desv_Rt
 0.250014 -0.496764 -0.316487 0.0275069 -0.121432 0.358544 -0.554937 -1.27714 -1.35383 -1.04002 -0.261821 0.0814416 -0.666568 -1.36143 -0.280712 0.934247 -0.632618 1.12248 0.860917 0.930567 1.02056 1.28064 -0.327715 0.682087 0.698795 -0.252236 0.580214 0.783638 -0.123484 -0.170583 0.0124026 -0.629956 0.243677
SSB
 1.95021e+06 1.33464e+06 637336 371692 422056 515944 654969 356565 336758 219684 145345 322014 380540 192389 47337.9 237114 665541 576004 917960 705262 1.06919e+06 1.35238e+06 1.26445e+06 1.0015e+06 1.32143e+06 1.17606e+06 953197 1.00349e+06 1.52209e+06 1.11738e+06 824589 859581 524869
BT
 2.80669e+06 1.91919e+06 961089 931707 823213 1.53308e+06 1.08973e+06 793835 695107 515786 555235 890450 776143 545144 777881 1.3914e+06 1.14109e+06 2.51921e+06 2.45421e+06 1.87354e+06 3.25552e+06 2.9898e+06 2.06917e+06 3.2416e+06 2.41299e+06 2.08309e+06 2.90973e+06 2.86035e+06 2.21065e+06 1.98856e+06 1.71227e+06 1.4913e+06 1.56594e+06
Ftot
 0.223637 0.402011 0.394251 0.62705 0.193747 0.392761 0.839894 0.141857 0.568416 0.766171 0.169163 0.601316 0.626619 2.12854 0.892859 0.760505 0.409188 0.584648 0.776132 0.577006 0.399806 0.505056 0.275765 0.297872 0.26766 0.201775 0.285922 0.238774 0.174023 0.219754 0.370212 0.193866 0.403456
BD_Bspro_t
 0.964851 0.7753 0.569682 0.483956 0.490663 0.588541 0.568349 0.381038 0.451574 0.394045 0.364315 0.637857 0.536794 0.316908 0.114365 0.378126 0.513872 0.458293 0.509485 0.417193 0.46522 0.517531 0.534108 0.518253 0.620136 0.647734 0.64891 0.68464 0.752596 0.697375 0.653613 0.642229 0.630308
BD_Bspro
 1.919 1.31328 0.627136 0.365743 0.415301 0.507687 0.644487 0.350858 0.331368 0.216168 0.143019 0.316861 0.37445 0.18931 0.0465802 0.233319 0.654889 0.566785 0.903269 0.693975 1.05208 1.33074 1.24421 0.985467 1.30028 1.15724 0.937941 0.987425 1.49773 1.09949 0.811392 0.845824 0.516468
BD_Bo
 2.44757 1.67501 0.799873 0.466483 0.529692 0.647524 0.822003 0.447498 0.42264 0.275709 0.182412 0.404136 0.477587 0.241454 0.0594103 0.297584 0.835271 0.7229 1.15206 0.885122 1.34186 1.69728 1.58691 1.2569 1.65843 1.47599 1.19629 1.2594 1.91026 1.40234 1.03488 1.0788 0.658724
BD_Brms
 2.62266 1.79484 0.857094 0.499854 0.567584 0.693845 0.880807 0.47951 0.452874 0.295432 0.195461 0.433047 0.511753 0.258726 0.0636603 0.318873 0.895024 0.774614 1.23448 0.948441 1.43785 1.8187 1.70044 1.34682 1.77707 1.58158 1.28187 1.34949 2.04691 1.50266 1.10891 1.15597 0.705847
Sel_flota
 0.493546 1 1 1 1
 0.493546 1 1 1 1
 0.493546 1 1 1 1
 0.493546 1 1 1 1
 0.493546 1 1 1 1
 0.493546 1 1 1 1
 0.493546 1 1 1 1
 0.493546 1 1 1 1
 0.493546 1 1 1 1
 0.493546 1 1 1 1
 0.493546 1 1 1 1
 0.493546 1 1 1 1
 0.493546 1 1 1 1
 0.493546 1 1 1 1
 0.493546 1 1 1 1
 0.493546 1 1 1 1
 0.493546 1 1 1 1
 0.493546 1 1 1 1
 0.493546 1 1 1 1
 0.493546 1 1 1 1
 0.493546 1 1 1 1
 0.493546 1 1 1 1
 0.493546 1 1 1 1
 0.493546 1 1 1 1
 0.493546 1 1 1 1
 0.493546 1 1 1 1
 0.493546 1 1 1 1
 0.493546 1 1 1 1
 0.493546 1 1 1 1
 0.493546 1 1 1 1
 0.493546 1 1 1 1
 0.493546 1 1 1 1
 0.493546 1 1 1 1
Sel_reclas
 1 1 1 1 1
 1 1 1 1 1
 1 1 1 1 1
 1 1 1 1 1
 1 1 1 1 1
 1 1 1 1 1
 1 1 1 1 1
 1 1 1 1 1
 1 1 1 1 1
 1 1 1 1 1
 1 1 1 1 1
 1 1 1 1 1
 1 1 1 1 1
 1 1 1 1 1
 1 1 1 1 1
 1 1 1 1 1
 1 1 1 1 1
 1 1 1 1 1
 1 1 1 1 1
 1 1 1 1 1
 1 1 1 1 1
 1 1 1 1 1
 1 1 1 1 1
 1 1 1 1 1
 1 1 1 1 1
 1 1 1 1 1
 1 1 1 1 1
 1 1 1 1 1
 1 1 1 1 1
 1 1 1 1 1
 1 1 1 1 1
 1 1 1 1 1
 1 1 1 1 1
Sel_pelaces
 0.999999 1 1 1 1
 0.999999 1 1 1 1
 0.999999 1 1 1 1
 0.999999 1 1 1 1
 0.999999 1 1 1 1
 0.999999 1 1 1 1
 0.999999 1 1 1 1
 0.999999 1 1 1 1
 0.999999 1 1 1 1
 0.999999 1 1 1 1
 0.999999 1 1 1 1
 0.999999 1 1 1 1
 0.999999 1 1 1 1
 0.999999 1 1 1 1
 0.999999 1 1 1 1
 0.999999 1 1 1 1
 0.999999 1 1 1 1
 0.999999 1 1 1 1
 0.999999 1 1 1 1
 0.999999 1 1 1 1
 0.999999 1 1 1 1
 0.999999 1 1 1 1
 0.999999 1 1 1 1
 0.999999 1 1 1 1
 0.999999 1 1 1 1
 0.999999 1 1 1 1
 0.999999 1 1 1 1
 0.999999 1 1 1 1
 0.999999 1 1 1 1
 0.999999 1 1 1 1
 0.999999 1 1 1 1
 0.999999 1 1 1 1
 0.999999 1 1 1 1
pf_obs 
 0.8446 0.082 0.0669 0.0065 0
 0.8095 0.147 0.0364 0.0071 0
 0.9664 0.0169 0.016 0.0007 0
 0.9276 0.0648 0.0075 0.0001 0
 0.7033 0.2144 0.0806 0.0017 0
 0.9318 0.0425 0.0243 0.0014 0
 0.5671 0.3108 0.0964 0.0239 0.0018
 0.0768 0.2599 0.5324 0.112 0.0189
 0.490249 0.384438 0.106611 0.0170017 0.00170017
 0.7925 0.1577 0.0466 0.003 0.0002
 0.840416 0.127587 0.0312969 0.00059994 9.999e-05
 0.8084 0.0986 0.0794 0.0134 0.0002
 0.7335 0.1905 0.0724 0.0035 0.0001
 0.4001 0.4547 0.1325 0.0127 0
 0.49795 0.308269 0.164784 0.0264974 0.00249975
 0.9179 0.0499 0.0305 0.0017 0
 0.2467 0.6533 0.0926 0.0074 0
 0.9418 0.0223 0.034 0.0019 0
 0.707729 0.231977 0.0356964 0.0245975 0
 0.517169 0.277429 0.184464 0.0207286 0.00020938
 0.811772 0.124168 0.05621 0.00726502 0.000585176
 0.764997 0.148141 0.077277 0.00933861 0.000247198
 0.163321 0.427699 0.378323 0.0303852 0.000271297
 0.753843 0.0900009 0.118128 0.0371064 0.000921714
 0.721811 0.176058 0.0630433 0.0369309 0.00215725
 0.143369 0.312575 0.442814 0.0836902 0.0175525
 0.692698 0.0596174 0.167031 0.0765114 0.00414204
 0.394062 0.376323 0.152708 0.0712218 0.00568511
 0.125707 0.32114 0.495352 0.0537591 0.00404204
 0.23352 0.215282 0.420074 0.123614 0.00750983
 0.796117 0.104755 0.0508955 0.0450114 0.00322123
 0.162477 0.292055 0.404252 0.121198 0.0200186
 0 0 0 0 0
pf_pred 
 0.427162 0.141776 0.404354 0.026706 1.04258e-06
 0.322166 0.418747 0.0641236 0.182884 0.0120792
 0.525016 0.247646 0.140443 0.0215063 0.0653885
 0.650288 0.250563 0.0516944 0.0293166 0.0181387
 0.573708 0.349961 0.0546897 0.0112832 0.0103579
 0.65722 0.254668 0.0723344 0.011304 0.00447307
 0.383689 0.501786 0.0850858 0.0241672 0.00527117
 0.387364 0.381363 0.188297 0.0319287 0.0110469
 0.459963 0.308919 0.14387 0.0710356 0.0162127
 0.654225 0.232772 0.0646413 0.0301049 0.0182567
 0.785667 0.177927 0.0245079 0.0068059 0.00509186
 0.671927 0.290849 0.0309011 0.00425636 0.00206632
 0.44565 0.462068 0.0818117 0.00869205 0.00177848
 0.457418 0.360621 0.15167 0.026854 0.00343687
 0.912671 0.0683887 0.0125887 0.00529453 0.0010574
 0.886839 0.109284 0.00303591 0.000558834 0.000281975
 0.296446 0.670375 0.0320421 0.000890129 0.000246526
 0.83958 0.0789029 0.0776727 0.00371254 0.000131698
 0.596777 0.373844 0.01445 0.0142247 0.000704019
 0.651881 0.276133 0.0667409 0.00257969 0.00266516
 0.634032 0.299928 0.0523843 0.0126612 0.000994985
 0.651568 0.278296 0.0574796 0.0100392 0.00261714
 0.229235 0.628823 0.11337 0.0234156 0.00515584
 0.639541 0.142673 0.177679 0.0320337 0.0080731
 0.570939 0.34212 0.0344118 0.042855 0.00967349
 0.314805 0.510564 0.139245 0.0140058 0.0213795
 0.642304 0.177871 0.133994 0.036544 0.00928665
 0.613605 0.308615 0.0386773 0.0291365 0.0099657
 0.32883 0.520618 0.120247 0.01507 0.0152355
 0.427212 0.292816 0.217171 0.05016 0.0126417
 0.544288 0.281419 0.0891002 0.0660824 0.0191098
 0.391754 0.444296 0.101246 0.0320554 0.0306494
 0.689924 0.179971 0.0950357 0.0216566 0.0134127
pobs_RECLAS
 0 0 0 0 0
 0 0 0 0 0
 0 0 0 0 0
 0 0 0 0 0
 0 0 0 0 0
 0 0 0 0 0
 0 0 0 0 0
 0 0 0 0 0
 0 0 0 0 0
 0 0 0 0 0
 0.991045 0.00858322 0.000360255 1.14367e-05 0
 0.934742 0.0480273 0.0164251 0.00080598 0
 0.827803 0.169806 0.00239088 0 0
 0.941827 0.0461693 0.0120037 0 0
 0.791401 0.0380133 0.147996 0.0225897 0
 0.846168 0.0940531 0.0597789 0 0
 0.134021 0.677848 0.182769 0.00536245 0
 0.80878 0.0450904 0.141981 0.00414843 0
 0.846168 0.0940531 0.0597789 0 0
 0.905697 0.0802665 0.012482 0.00150086 5.37128e-05
 0.989698 0.0102097 9.19794e-05 0 0
 0.975433 0.0193895 0.00387452 0.00125025 5.28907e-05
 0.303575 0.632131 0.0575291 0.00676475 0
 0.966965 0.00978017 0.0227588 0.000495775 0
 0.843318 0.132988 0.00938335 0.0141283 0.000182051
 0.564624 0.303363 0.111486 0.0197234 0.00080311
 0.826376 0.0876187 0.0782897 0.00655872 0.00115652
 0.89761 0.0855135 0.0140674 0.00269457 0.000114338
 0.34875 0.467042 0.161289 0.0227151 0.000203297
 0.318654 0.224769 0.449479 0.00709798 0
 0.937255 0.0296025 0.0250945 0.00804832 0
 0.456809 0.399803 0.12412 0.0192676 0
 0.883104 0.0372192 0.0704036 0.00927362 0
ppred_RECLAS
 0.604314 0.0979316 0.279306 0.0184471 7.20159e-07
 0.495941 0.311394 0.0476844 0.135998 0.0089825
 0.695772 0.158618 0.0899542 0.0137749 0.0418815
 0.796402 0.145874 0.0300958 0.0170677 0.0105601
 0.73347 0.218806 0.0341936 0.0070546 0.0064761
 0.798658 0.149587 0.0424877 0.0066397 0.00262739
 0.571377 0.348975 0.0591743 0.0168075 0.00366592
 0.563216 0.271896 0.134248 0.0227639 0.00787595
 0.64077 0.205491 0.0957019 0.0472526 0.0107846
 0.801013 0.133956 0.0371999 0.0173249 0.0105064
 0.882157 0.0978265 0.0134747 0.00374196 0.00279957
 0.811317 0.167275 0.017772 0.00244794 0.00118839
 0.6284 0.30974 0.0548412 0.00582659 0.00119218
 0.678066 0.21397 0.0899915 0.0159335 0.00203922
 0.95742 0.0333447 0.00613793 0.00258149 0.000515564
 0.943393 0.0546679 0.00151867 0.00027955 0.000141054
 0.466 0.508817 0.0243201 0.000675612 0.000187114
 0.916485 0.041077 0.0404365 0.00193276 6.85622e-05
 0.759123 0.223327 0.00863211 0.00849753 0.000420567
 0.796921 0.161085 0.0389341 0.0015049 0.00155475
 0.78194 0.17871 0.0312129 0.00754411 0.000592856
 0.795847 0.163059 0.0336783 0.00588214 0.00153343
 0.379237 0.506445 0.0913068 0.0188586 0.00415244
 0.78491 0.0851347 0.106023 0.0191149 0.00481732
 0.732053 0.213653 0.02149 0.0267628 0.00604107
 0.4845 0.384118 0.10476 0.0105372 0.0160847
 0.786812 0.106012 0.0798611 0.0217804 0.00553488
 0.764991 0.187703 0.0235239 0.0177211 0.00606124
 0.500196 0.387691 0.089545 0.0112223 0.0113455
 0.604312 0.20228 0.150024 0.034651 0.00873301
 0.711602 0.178097 0.0563872 0.0418204 0.0120936
 0.568408 0.315258 0.0718406 0.0227455 0.0217478
 0.821634 0.103525 0.0546677 0.0124576 0.00771542
pobs_PELACES
 0 0 0 0 0
 0 0 0 0 0
 0 0 0 0 0
 0 0 0 0 0
 0 0 0 0 0
 0 0 0 0 0
 0 0 0 0 0
 0 0 0 0 0
 0 0 0 0 0
 0 0 0 0 0
 0 0 0 0 0
 0 0 0 0 0
 0 0 0 0 0
 0 0 0 0 0
 0 0 0 0 0
 0 0 0 0 0
 0.505614 0.472636 0.0217494 0 0
 0 0 0 0 0
 0.443492 0.261883 0.143347 0.151278 0
 0.227955 0.32914 0.350689 0.0885471 0.00366901
 0.970185 0.0296113 0.000203453 0 0
 0.997202 0.00247181 0.000326279 0 0
 0.445219 0.490057 0.0546422 0.010081 0
 0.90214 0.0892962 0.00764917 0.000914606 0
 0 0 0 0 0
 0.581667 0.319106 0.0959925 0.00289975 0.000334073
 0.762889 0.0836404 0.116647 0.0363945 0.000428098
 0.88444 0.0763242 0.0277011 0.0115352 0
 0.521256 0.241999 0.230069 0.00667565 0
 0.616807 0.101726 0.260614 0.0208532 0
 0.833518 0.0704572 0.0857862 0.0102388 0
 0.697417 0.212968 0.0787535 0.0105354 0.000325836
 0 0 0 0 0
ppred_PELACES
 0.613216 0.0957286 0.273023 0.0180321 7.03958e-07
 0.512734 0.301019 0.0460957 0.131467 0.00868323
 0.709536 0.151441 0.0858843 0.0131516 0.0399866
 0.812868 0.134077 0.0276618 0.0156874 0.00970606
 0.739752 0.213649 0.0333877 0.00688833 0.00632346
 0.809007 0.141898 0.0403039 0.00629843 0.00249234
 0.605358 0.321309 0.0544829 0.015475 0.00337529
 0.569039 0.268271 0.132458 0.0224604 0.00777095
 0.662332 0.193157 0.0899575 0.0444163 0.0101373
 0.820639 0.120744 0.0335308 0.0156161 0.00947015
 0.885065 0.095413 0.0131423 0.00364965 0.0027305
 0.826222 0.154061 0.0163681 0.00225456 0.00109451
 0.652509 0.289645 0.0512833 0.00544857 0.00111483
 0.75038 0.165907 0.0697773 0.0123545 0.00158117
 0.963105 0.0288929 0.00531847 0.00223684 0.000446733
 0.94981 0.0484704 0.00134651 0.000247859 0.000125064
 0.48305 0.492571 0.0235435 0.00065404 0.000181139
 0.923666 0.037545 0.0369597 0.00176657 6.2667e-05
 0.782039 0.20208 0.00781088 0.0076891 0.000380555
 0.812082 0.14906 0.0360275 0.00139255 0.00143868
 0.793118 0.169549 0.0296128 0.00715737 0.000562464
 0.80922 0.152378 0.0314723 0.00549685 0.00143299
 0.390145 0.497546 0.0897023 0.0185272 0.00407948
 0.793195 0.0818553 0.101939 0.0183786 0.00463176
 0.740736 0.20673 0.0207937 0.0258956 0.00584531
 0.492926 0.37784 0.103048 0.0103649 0.0158218
 0.794717 0.102081 0.0768996 0.0209727 0.00532963
 0.772089 0.182034 0.0228134 0.0171859 0.00587817
 0.507466 0.382052 0.0882425 0.011059 0.0111805
 0.613059 0.197808 0.146707 0.033885 0.00853995
 0.724132 0.170359 0.0539374 0.0400034 0.0115682
 0.576338 0.309465 0.0705206 0.0223275 0.0213482
 0.831302 0.0979136 0.0517044 0.0117824 0.00729721
pobs_pel_tallas
 0 0 0 0 0 0 0 0 0 0 0 0 0 0 0 0 0 0 0 0 0 0 0 0 0 0
 0 0 0 0 0 0 0 0 0 0 0 0 0 0 0 0 0 0 0 0 0 0 0 0 0 0
 0 0 0 0 0 0 0 0 0 0 0 0 0 0 0 0 0 0 0 0 0 0 0 0 0 0
 0 0 0 0 0 0 0 0 0 0 0 0 0 0 0 0 0 0 0 0 0 0 0 0 0 0
 0 0 0 0 0 0 0 0 0 0 0 0 0 0 0 0 0 0 0 0 0 0 0 0 0 0
 0 0 0 0 0 0 0 0 0 0 0 0 0 0 0 0 0 0 0 0 0 0 0 0 0 0
 0 0 0 0 0 0 0 0 0 0 0 0 0 0 0 0 0 0 0 0 0 0 0 0 0 0
 0 0 0 0 0 0 0 0 0 0 0 0 0 0 0 0 0 0 0 0 0 0 0 0 0 0
 0 0 0 0 0 0 0 0 0 0 0 0 0 0 0 0 0 0 0 0 0 0 0 0 0 0
 0 0 0 0 0 0 0 0 0 0 0 0 0 0 0 0 0 0 0 0 0 0 0 0 0 0
 0 0 0 0 0 0 0 0 0 0 0 0 0 0 0 0 0 0 0 0 0 0 0 0 0 0
 0 0 0 0 0 0 0 0 0 0 0 0 0 0 0 0 0 0 0 0 0 0 0 0 0 0
 0.00862536 0 0 0.000197151 0.00414017 0.0128641 0.00837892 0.0270097 0.101434 0.158115 0.152841 0.127902 0.109271 0.109419 0.0830992 0.0579132 0.0238553 0.00714673 0.00463305 0.00128148 0.00103504 0.000492878 0.000147863 0.000147863 4.92878e-05 0
 0 0 0 0 0 0 0 0 0 0 0 0 0 0 0 0 0 0 0 0 0 0 0 0 0 0
 0 0 0 0 0 0 0 0.0054083 0.00873648 0.0413646 0.0450493 0.0745869 0.0622846 0.0627006 0.0613931 0.0827291 0.12552 0.122667 0.0946155 0.0697135 0.0546179 0.0294188 0.0215738 0.0213955 0.0102223 0.00600262
 0 0 0 0 0.00359764 0.0251062 0.0480494 0.140153 0.205849 0.193036 0.1447 0.116669 0.0760912 0.0342217 0.00950174 0.001854 0.000860785 0 0 0 0.000165536 0 0.000143464 0 0 0
 0 0 0 0 0 0 0 0.000145254 0.000435761 0.0275982 0.070085 0.0708112 0.156366 0.174668 0.174014 0.160142 0.0824315 0.0480064 0.0283245 0.00493863 0.00203355 0 0 0 0 0
 0 0 0 0 0 0 0 0 0 0 0 0 0 0 0 0 0 0 0 0 0 0 0 0 0 0
 0 0 1.00437e-05 0.000401748 0.00122533 0.00171747 0.00176769 0.0269171 0.070346 0.194647 0.189555 0.159765 0.064822 0.0314167 0.0384472 0.0292271 0.0345202 0.0313363 0.0194345 0.0106764 0.0143323 0.0359363 0.0279516 0.0138201 0.00172751 0
 0 0.0021121 0.0136068 0.0755702 0.200478 0.177729 0.0527432 0.0373336 0.0318909 0.0142505 0.0149659 0.0166563 0.0217959 0.0798694 0.0677717 0.0528807 0.04013 0.0224614 0.0357745 0.0225083 0.00881397 0.00855152 0.00135912 0.000746735 0 0
 0 0 0 0 5.4009e-05 0.00500934 0.000945158 0.0243581 0.138947 0.33067 0.221406 0.137944 0.0707744 0.0437923 0.0131692 0.00525238 0.0047753 0.00276346 9.45158e-05 9.00151e-06 2.25038e-05 9.00151e-06 4.50075e-06 0 0 0
 0.000866109 0.00284123 0.00948549 0.0512746 0.133035 0.25785 0.225252 0.132002 0.0553304 0.0519788 0.0540692 0.017754 0.00435017 0.00159236 0.00146478 0.000404838 0.000125132 0.000115318 0.000107957 0.000100596 0 0 0 0 0 0
 0 0 0 0 0.00144013 0.00171154 0.00461396 0.0210425 0.0478622 0.0707936 0.0888783 0.103762 0.0637923 0.0337046 0.0602308 0.124433 0.169614 0.0934646 0.0462172 0.0250306 0.0313229 0.00938855 0.002487 0.000210481 0 0
 0 0.00764035 0.051015 0.0998891 0.058973 0.0496711 0.0374665 0.0718981 0.12319 0.153886 0.159021 0.0857701 0.0377988 0.023471 0.0147837 0.00900784 0.00315554 0.000888139 0.00291439 0.00214683 0.00393193 0.00274676 0.000635225 9.99891e-05 0 0
 0 0 0 0 0 0 0 0 0 0 0 0 0 0 0 0 0 0 0 0 0 0 0 0 0 0
 0 0 0 0 0 0 0 0 0 0 0 0 0 0 0 0 0 0 0 0 0 0 0 0 0 0
 0 0 0 0 0 0 0 0 0 0 0 0 0 0 0 0 0 0 0 0 0 0 0 0 0 0
 0 0 0 0 0 0 0 0 0 0 0 0 0 0 0 0 0 0 0 0 0 0 0 0 0 0
 0 0 0 0 0 0 0 0 0 0 0 0 0 0 0 0 0 0 0 0 0 0 0 0 0 0
 0 0 0 0 0 0 0 0 0 0 0 0 0 0 0 0 0 0 0 0 0 0 0 0 0 0
 0 0 0 0 0 0 0 0 0 0 0 0 0 0 0 0 0 0 0 0 0 0 0 0 0 0
 0 0 0 0 0 0 0 0 0 0 0 0 0 0 0 0 0 0 0 0 0 0 0 0 0 0
 0 0 0 0 0 0 0 0 0 0 0 0 0 0 0 0 0 0 0 0 0 0 0 0 0 0
ppred_pel_tallas
 1.09712e-16 5.05098e-05 0.000490973 0.00326269 0.0148317 0.046147 0.0983215 0.143505 0.143515 0.0983687 0.0463069 0.0152986 0.00445397 0.00315582 0.0052995 0.00917027 0.0143413 0.0203942 0.0268487 0.0333433 0.0395969 0.0451141 0.0489701 0.0500281 0.0475347 0.0416509
 1.16061e-16 4.22333e-05 0.000410523 0.00272807 0.0124014 0.0385856 0.0822118 0.119997 0.120026 0.0823538 0.0390627 0.0137802 0.00619208 0.00798348 0.0144593 0.0239354 0.0347271 0.0442525 0.0499697 0.0508605 0.0480953 0.0442236 0.0415087 0.0406855 0.0409044 0.0406037
 1.10604e-16 5.84436e-05 0.000568092 0.00377517 0.0171614 0.0533956 0.113765 0.166047 0.166062 0.113837 0.0536374 0.0178612 0.00553724 0.004433 0.00745287 0.0123723 0.0181583 0.0235632 0.027359 0.029007 0.0289502 0.028218 0.0276689 0.0274889 0.0272546 0.0263675
 1.04049e-16 6.69549e-05 0.000650826 0.00432497 0.0196607 0.0611717 0.130333 0.190228 0.190241 0.130397 0.0613841 0.0202745 0.00586673 0.00401997 0.00647603 0.0106285 0.0153735 0.0194849 0.0217681 0.0216926 0.0197071 0.0169193 0.0143992 0.0126511 0.0115632 0.0107171
 1.0278e-16 6.09324e-05 0.000592285 0.00393594 0.0178922 0.0556695 0.11861 0.17312 0.17314 0.118711 0.0560074 0.0188685 0.00638673 0.00594336 0.0102265 0.0168177 0.0242389 0.0305206 0.0336967 0.0328623 0.0287051 0.0230257 0.0176469 0.0135622 0.0108175 0.00894151
 1.02253e-16 6.66369e-05 0.000647734 0.00430442 0.0195673 0.0608812 0.129714 0.189325 0.189338 0.129781 0.0611062 0.0202177 0.00593868 0.00422044 0.0068668 0.0112857 0.0163417 0.0207389 0.023197 0.023116 0.0209084 0.0176762 0.0145057 0.0119469 0.0099803 0.00832755
 1.03778e-16 4.98626e-05 0.000484682 0.00322089 0.0146417 0.0455559 0.0970629 0.141673 0.141704 0.0972143 0.0460644 0.0161104 0.00690832 0.00853698 0.0153503 0.0253184 0.0365148 0.0460186 0.0508813 0.0497392 0.0436095 0.0351681 0.0271148 0.0209099 0.016612 0.0135366
 1.07459e-16 4.6871e-05 0.000455603 0.00302765 0.0137633 0.0428227 0.0912393 0.133172 0.133198 0.0913665 0.0432501 0.0149997 0.00613855 0.00727108 0.0130621 0.0217069 0.031701 0.0407765 0.046625 0.0481457 0.0460115 0.0420287 0.037853 0.0341274 0.0305679 0.026643
 1.08816e-16 5.45555e-05 0.000530299 0.00352402 0.0160197 0.0498433 0.106197 0.155002 0.155021 0.106289 0.0501511 0.0169102 0.00576483 0.00544075 0.009436 0.0156606 0.0229044 0.02955 0.0339865 0.0354908 0.0346178 0.0327055 0.0309094 0.0295544 0.0282081 0.0262295
 1.04168e-16 6.7595e-05 0.000657047 0.00436631 0.0198486 0.0617565 0.131579 0.192046 0.192058 0.131636 0.0619481 0.0204024 0.00575801 0.00370051 0.00586372 0.00962978 0.0139684 0.017788 0.020029 0.0202189 0.0187458 0.0165654 0.0145807 0.0131848 0.0122384 0.0113627
 1.01232e-16 7.29016e-05 0.00070863 0.00470909 0.0214069 0.0666047 0.141909 0.207122 0.207131 0.141954 0.0667556 0.0218427 0.00580301 0.0030967 0.00460844 0.00750383 0.010804 0.0135903 0.0149804 0.0145708 0.0126734 0.0101012 0.00767846 0.00585629 0.00465609 0.00386092
 1.00924e-16 6.80549e-05 0.000661517 0.00439602 0.0199837 0.0621767 0.132475 0.193354 0.193368 0.132547 0.0624201 0.0206866 0.00616008 0.00451091 0.00737408 0.0120708 0.0173524 0.0217582 0.0238469 0.0229518 0.0195737 0.0150433 0.0107328 0.00742951 0.00522952 0.00383004
 1.0229e-16 5.37463e-05 0.000522434 0.00347176 0.0157821 0.0491042 0.104623 0.152706 0.152734 0.104759 0.0495625 0.0171061 0.00679568 0.00778068 0.0138444 0.0228176 0.0328979 0.0414359 0.0457574 0.0446108 0.0388892 0.0309896 0.0233535 0.0173372 0.0130645 0.0100019
 1.03563e-16 6.18078e-05 0.000600794 0.00399249 0.0181493 0.0564692 0.120314 0.175606 0.175622 0.120393 0.0567331 0.0189125 0.00591172 0.00480232 0.0080759 0.0133436 0.0194266 0.0248685 0.0282139 0.0287702 0.0269717 0.0239905 0.0209346 0.0182911 0.0159488 0.0135971
 1.00461e-16 7.93297e-05 0.000771113 0.00512432 0.0232944 0.0724775 0.154421 0.225383 0.225386 0.154435 0.0725233 0.0234265 0.00545614 0.00149589 0.00145704 0.00228649 0.00329386 0.00415871 0.00461381 0.00453844 0.00402483 0.00331179 0.0026372 0.00212479 0.00177144 0.00150884
 1.00098e-16 7.82346e-05 0.000760468 0.00505358 0.0229728 0.0714771 0.15229 0.222272 0.222277 0.152312 0.0715535 0.0231936 0.00560718 0.00196751 0.0023663 0.00377679 0.0054063 0.00674212 0.00732058 0.00692995 0.00573545 0.00417445 0.00270496 0.00160012 0.000905061 0.000523144
 1.00902e-16 3.97883e-05 0.000386757 0.00257014 0.0116835 0.036352 0.0774534 0.113055 0.113103 0.077685 0.0371292 0.0139276 0.00819924 0.0126624 0.0233159 0.0383839 0.0550559 0.0687394 0.0747773 0.0710145 0.0591012 0.0434302 0.0285959 0.0173298 0.0100859 0.0059228
 1.01265e-16 7.60812e-05 0.000739536 0.00491448 0.0223405 0.0695096 0.148098 0.216154 0.216157 0.148116 0.06957 0.0225156 0.00535623 0.00171161 0.00194479 0.00315331 0.00467087 0.00615485 0.00730076 0.00795042 0.0081499 0.00805734 0.00778643 0.00733023 0.00661749 0.00562567
 1.01113e-16 6.44156e-05 0.000626142 0.00416094 0.018915 0.0588518 0.125391 0.183015 0.183035 0.125486 0.0591707 0.0198357 0.00647036 0.00566258 0.00961475 0.0157547 0.0225996 0.0282336 0.0307549 0.0292954 0.0245495 0.0183296 0.0125138 0.00819178 0.00549663 0.00398146
 1.01461e-16 6.68901e-05 0.000650196 0.00432078 0.0196416 0.0611125 0.130207 0.190044 0.190059 0.130278 0.0613487 0.020324 0.00603472 0.00439508 0.0071888 0.0118036 0.0170539 0.0215614 0.0239604 0.0236064 0.0209362 0.0171364 0.0134034 0.0103841 0.0081217 0.00636162
 1.01711e-16 6.53282e-05 0.000635013 0.00421988 0.019183 0.0596855 0.127167 0.185607 0.185624 0.127247 0.0599538 0.0199581 0.00616583 0.00488446 0.00813999 0.0133646 0.019271 0.0242859 0.0268482 0.0262335 0.0229718 0.0184684 0.0141449 0.0107762 0.00840635 0.00669392
 1.01742e-16 6.66544e-05 0.000647904 0.00430555 0.0195724 0.0608972 0.129748 0.189375 0.189389 0.12982 0.0611385 0.0202695 0.00605612 0.00447184 0.00733614 0.0120412 0.0173822 0.0219471 0.0243398 0.0239093 0.0211216 0.0172166 0.0134425 0.0104694 0.00832526 0.00671051
 1.05265e-16 3.21358e-05 0.000312372 0.00207582 0.00943642 0.0293605 0.0625574 0.0913143 0.0913623 0.0627918 0.0301479 0.0117111 0.00778714 0.0127851 0.0237341 0.039223 0.0565837 0.0713305 0.0788964 0.0771559 0.0676601 0.0545228 0.0419039 0.0320667 0.0251363 0.0201124
 1.0559e-16 6.53344e-05 0.000635074 0.00422029 0.0191848 0.0596912 0.127179 0.185623 0.185631 0.127218 0.0598237 0.0195694 0.0051926 0.00278109 0.00420984 0.00703632 0.0105505 0.0141482 0.0172377 0.0195169 0.0210711 0.0221468 0.0228137 0.0228377 0.0218688 0.0197488
 1.0424e-16 6.10135e-05 0.000593073 0.00394118 0.017916 0.0557435 0.118768 0.17335 0.17337 0.118866 0.0560703 0.0188599 0.00631027 0.00576451 0.00988202 0.0162406 0.0233937 0.0294381 0.03249 0.0317128 0.0278299 0.0226424 0.0179407 0.0146485 0.0126972 0.0114709
 1.06788e-16 4.06017e-05 0.000394663 0.00262268 0.0119223 0.037095 0.0790362 0.115363 0.1154 0.0792145 0.0376941 0.0136538 0.00697268 0.00990327 0.0181358 0.0300137 0.0434552 0.0551126 0.0615823 0.0612739 0.0553088 0.0466585 0.0382604 0.0316105 0.0266574 0.0226182
 1.05251e-16 6.54598e-05 0.000636293 0.00422839 0.0192217 0.0598058 0.127423 0.185979 0.185989 0.127472 0.0599694 0.0196955 0.00542285 0.00326065 0.00509919 0.00845656 0.0124814 0.0163392 0.019215 0.0207232 0.021084 0.0208565 0.020464 0.0199205 0.0189392 0.0172521
 1.03424e-16 6.3596e-05 0.000618176 0.00410799 0.0186744 0.058103 0.123795 0.180686 0.180704 0.123881 0.0583908 0.0195058 0.0061952 0.00517496 0.0087192 0.0143186 0.0206339 0.0259827 0.028703 0.0280483 0.0246376 0.0200351 0.015802 0.0127539 0.0108562 0.00960961
 1.05646e-16 4.17994e-05 0.000406305 0.00270004 0.012274 0.0381892 0.0813676 0.118766 0.118803 0.0815478 0.0387945 0.0140229 0.00709265 0.010004 0.0182946 0.0302439 0.0437158 0.0552913 0.0614987 0.0607186 0.0541116 0.0447537 0.035719 0.0286251 0.0234889 0.0195288
 1.09128e-16 5.04969e-05 0.000490848 0.00326186 0.0148279 0.0461354 0.098297 0.143471 0.143491 0.0983912 0.0464522 0.0157457 0.0055749 0.00557166 0.00979232 0.016351 0.0241168 0.0315191 0.0369639 0.039686 0.0401018 0.0393028 0.0381416 0.0367018 0.0344958 0.0310661
 1.0757e-16 5.96458e-05 0.000579778 0.00385283 0.0175144 0.054494 0.116106 0.169463 0.16948 0.116186 0.0547646 0.018297 0.00582034 0.00488541 0.00826848 0.0136601 0.0198771 0.025442 0.0289018 0.0296246 0.0281676 0.0258433 0.0238365 0.0225695 0.0217044 0.0206017
 1.07967e-16 4.74723e-05 0.000461448 0.00306648 0.0139398 0.0433721 0.0924099 0.134881 0.134911 0.0925559 0.0438625 0.0153569 0.0066261 0.00824054 0.0148465 0.0245362 0.0355013 0.0449907 0.0502352 0.0499796 0.0452184 0.0384718 0.0322013 0.0276113 0.0245377 0.0221385
 1.03934e-16 6.84733e-05 0.000665585 0.00442305 0.0201065 0.0625589 0.133289 0.194541 0.19455 0.133335 0.0627151 0.0205583 0.00556023 0.0031583 0.00483272 0.00796023 0.0116464 0.015038 0.0173084 0.0180737 0.0175886 0.0165038 0.0153922 0.0144352 0.0134647 0.0122265
pSPR Fmed_Fpbrs
1   0.983239 0.6 0.325 0.983239 0.983239 0.983239
Fs Fmed_Fpbrs
0   0.01 0.343476 0.884012 0.01 0.01 0.01
SSBpbr Bo_Bmed_Bpbrs
796796  756957  743601 438238 219119 743601 743601 743601
Ro
141063
SPR SPRFo_SPRFmed_SPRFpbrs
1.01626e+06 1.01626e+06 999231
Fref
0
Nvult_r0
 125728 18945 10004.1 2279.74 1411.92
CTP_r0
 20878.1 5446.19 2875.92 655.363 405.888
YTP_r0
356514
Np
 179987 66213.4 24358.5 8961 4509.31
Nvult_p0
 113773 41854.8 15397.5 5664.44 2850.43
CTP_p0
 0 0 0 0 0
 0 0 0 0 0
 0 0 0 0 0
 0 0 0 0 0
 0 0 0 0 0
 0 0 0 0 0
YTP_p0
 0 0 0 0 0 0
CBA_c0
0
log_Ro
11.677
likeval ReclasPelacesDesembMPH_pf_preclas_ppelaces_ptallas_desvR_qrecl_qpela
 20.0704 17.0399 0.0503843 57.6009 238.084 137.301 114.134 0 23.9674 3.16608e-06 1.02128e-05 0.199848 2068.17 0 0
q_reclas_q_pelaces
1.28613 1.57137
M
1
N
 181131 31063.3 88594.2 5851.29 0.22843
 85836.2 59670.9 9137.52 26060.7 1721.27
 102793 25894.5 14685.1 2248.76 6837.19
 144997 31128.9 6422.32 3642.18 2253.49
 124933 39143.5 6117.1 1262.04 1158.55
 201895 41768.8 11863.8 1853.99 733.64
 80985.4 61185.1 10374.9 2946.82 642.738
 39333 19682.7 9718.3 1647.89 570.145
 36429.5 13491.4 6283.23 3102.33 708.053
 49858.4 10123.3 2811.26 1309.27 793.988
 108569 12566.7 1730.94 480.688 359.628
 153032 36741.1 3903.54 537.678 261.025
 72431.2 41840.7 7408.14 787.075 161.043
 36153.6 19557.8 8225.6 1456.39 186.394
 106537 4651.76 856.274 360.131 71.924
 359047 25224.8 700.744 128.99 65.0851
 74932.5 90750 4337.6 120.499 33.3727
 433410 22525.2 22174 1059.86 37.5972
 333660 119478 4618.12 4546.12 225
 357728 83685.6 20226.7 781.809 807.71
 391414 98987.5 17288.8 4178.68 328.383
 507677 118208 24414.8 4264.2 1111.64
 101645 145559 26242.7 5420.19 1193.46
 279023 32635.1 40642.4 7327.41 1846.65
 283724 88613.1 8913.05 11100 2505.55
 109615 91459.7 24943.7 2508.93 3829.81
 251998 36502.6 27498.3 7499.56 1905.8
 308846 80503.8 10089.2 7600.4 2599.6
 124676 100988 23325.1 2923.23 2955.34
 118940 42091 31217.4 7210.28 1817.19
 142823 39258.3 12429.6 9218.57 2665.84
 75132.2 43767.5 9973.7 3157.77 3019.27
 179987 25117.6 13263.6 3022.51 1871.94
pred_Ctot
 12073.6 4007.25 11428.9 754.832 0.0294681
 9924.05 12899.2 1975.28 5633.59 372.091
 11673.1 5506.13 3122.59 478.169 1453.84
 25017.1 9639.34 1988.73 1127.83 697.81
 7258.29 4427.54 691.908 142.75 131.044
 22847.2 8853.15 2514.59 392.964 155.499
 17964.7 23494.1 3983.8 1131.53 246.801
 1690.87 1664.67 821.928 139.371 48.2202
 5763.13 3870.62 1802.63 890.046 203.138
 10232.3 3640.63 1011.01 470.851 285.541
 5534.78 1253.44 172.65 47.9454 35.8706
 25446.9 11014.9 1170.28 161.195 78.2548
 12489.4 12949.5 2292.78 243.596 49.8421
 16139.1 12723.8 5351.36 947.49 121.263
 24871.6 1863.69 343.059 144.284 28.8157
 73220.7 9022.87 250.655 46.1394 23.2808
 8805.51 19912.5 951.764 26.44 7.32269
 70300.1 6606.73 6503.72 310.86 11.0274
 69234 43370.8 1676.39 1650.25 81.6755
 57351.4 24293.7 5871.75 226.957 234.476
 45025.3 21299.1 3720.03 899.126 70.6581
 72254.1 30860.9 6374.06 1113.27 290.221
 8267.3 22678.3 4088.66 844.477 185.944
 24404.9 5444.4 6780.24 1222.41 308.07
 22434.8 13443.5 1352.2 1683.97 380.116
 6621.48 10739 2928.83 294.593 449.687
 21207.7 5872.98 4424.25 1206.62 306.629
 21912.9 11021.2 1381.24 1040.52 355.893
 6532.1 10341.9 2388.67 299.361 302.649
 7796.6 5343.87 3963.36 915.417 230.71
 15303 7912.29 2505.11 1857.95 537.284
 4367.59 4953.37 1128.77 357.38 341.705
 20878.1 5446.19 2875.92 655.363 405.888
F
 0.110375 0.223637 0.223637 0.223637 0.223637
 0.198411 0.402011 0.402011 0.402011 0.402011
 0.194581 0.394251 0.394251 0.394251 0.394251
 0.309478 0.62705 0.62705 0.62705 0.62705
 0.0956229 0.193747 0.193747 0.193747 0.193747
 0.193846 0.392761 0.392761 0.392761 0.392761
 0.414526 0.839894 0.839894 0.839894 0.839894
 0.0700132 0.141857 0.141857 0.141857 0.141857
 0.280539 0.568416 0.568416 0.568416 0.568416
 0.378141 0.766171 0.766171 0.766171 0.766171
 0.0834896 0.169163 0.169163 0.169163 0.169163
 0.296777 0.601316 0.601316 0.601316 0.601316
 0.309265 0.626619 0.626619 0.626619 0.626619
 1.05053 2.12854 2.12854 2.12854 2.12854
 0.440667 0.892859 0.892859 0.892859 0.892859
 0.375344 0.760505 0.760505 0.760505 0.760505
 0.201953 0.409188 0.409188 0.409188 0.409188
 0.28855 0.584648 0.584648 0.584648 0.584648
 0.383057 0.776132 0.776132 0.776132 0.776132
 0.284779 0.577006 0.577006 0.577006 0.577006
 0.197323 0.399806 0.399806 0.399806 0.399806
 0.249268 0.505056 0.505056 0.505056 0.505056
 0.136103 0.275765 0.275765 0.275765 0.275765
 0.147014 0.297872 0.297872 0.297872 0.297872
 0.132102 0.26766 0.26766 0.26766 0.26766
 0.0995854 0.201775 0.201775 0.201775 0.201775
 0.141116 0.285922 0.285922 0.285922 0.285922
 0.117846 0.238774 0.238774 0.238774 0.238774
 0.0858884 0.174023 0.174023 0.174023 0.174023
 0.108459 0.219754 0.219754 0.219754 0.219754
 0.182717 0.370212 0.370212 0.370212 0.370212
 0.0956817 0.193866 0.193866 0.193866 0.193866
 0.199124 0.403456 0.403456 0.403456 0.403456
YTP_r0W_actual
 157421 95035.9 69223.4 20526 14307.5
YTP_p0W_proyectada
 0 0 0 0 0
 0 0 0 0 0
 0 0 0 0 0
 0 0 0 0 0
 0 0 0 0 0
 0 0 0 0 0
CTP_r0_actual
 20878.1 5446.19 2875.92 655.363 405.888
CTP_p0_proyectada
 0 0 0 0 0
 0 0 0 0 0
 0 0 0 0 0
 0 0 0 0 0
 0 0 0 0 0
 0 0 0 0 0
Wmedp
 7.54 17.45 24.07 31.32 35.25
Frms_r0
 0.199124 0.403456 0.403456 0.403456 0.403456
Zrms_r0
 1.19912 1.40346 1.40346 1.40346 1.40346
nmprior
 7.29 8.9 8.7 0
nm_flota  nm_reclas  nm_pelaces    nm_pelaL
inf 11.1952 19.2057 62.6328
cv_recla  cv_pelaces  cv_mph
0.387979 0.452193 0.608516
 ------------------------------------------------
Talla a la edad & desviaci?n 
 8 13.2811 15.8009 17.003 17.5766
 0.8 1.32811 1.58009 1.7003 1.75766
